[name]
unknown

[dist]
# distance from previous block
# <min> <max>
1	711

[block]
# block no. 0 follows, 65 sequences, length 10
# corresponding to MSA columns:
# 791-800
name=unknown_A
#
# <colnr> <probs for GDERKNQSTAVLIFYWHMCP>
#	G	D	E	R	K	N	Q	S	T	A	V	L	I	F	Y	W	H	M	C	P
0	0.08913	0.21375	0.26703	0.05421	0.01347	0.02206	0.03953	0.04172	0.00902	0.04873	0.05484	0.01053	0.02593	0.00468	0.00426	0.02744	0.03259	0.00332	0.00230	0.03545
1	0.05612	0.09991	0.29374	0.03418	0.08065	0.04520	0.02101	0.04081	0.00946	0.09521	0.04458	0.06465	0.04426	0.00508	0.00408	0.00125	0.02150	0.00408	0.00260	0.03165
2	0.00700	0.07134	0.12481	0.00691	0.00913	0.00635	0.04153	0.03912	0.03836	0.01398	0.29956	0.05619	0.22045	0.00773	0.00454	0.00133	0.00319	0.04047	0.00355	0.00444
3	0.00976	0.28054	0.07006	0.07874	0.03716	0.01062	0.04523	0.09566	0.05165	0.01316	0.01000	0.06698	0.03821	0.00466	0.00356	0.00107	0.00419	0.00377	0.01447	0.16051
4	0.00986	0.09404	0.14881	0.03916	0.02962	0.03501	0.06270	0.07622	0.06117	0.06927	0.04826	0.08878	0.02637	0.00531	0.00446	0.00121	0.05006	0.00437	0.00282	0.14250
5	0.06707	0.05028	0.24691	0.07216	0.04100	0.04760	0.00950	0.13776	0.02321	0.16942	0.02124	0.02800	0.02046	0.00533	0.02321	0.00140	0.02290	0.00369	0.00298	0.00588
6	0.00586	0.03647	0.00581	0.00515	0.00634	0.00450	0.00389	0.00790	0.05440	0.01397	0.42759	0.11413	0.28068	0.00913	0.00477	0.00135	0.00219	0.00789	0.00411	0.00389
7	0.02883	0.00905	0.06458	0.15231	0.11904	0.00844	0.25161	0.02556	0.05347	0.04779	0.03592	0.09163	0.06396	0.00548	0.00449	0.00138	0.00495	0.02362	0.00268	0.00521
8	0.00977	0.11999	0.39112	0.04634	0.04226	0.02644	0.06841	0.01291	0.00895	0.11041	0.00948	0.06954	0.00770	0.00577	0.03885	0.00150	0.01865	0.00391	0.00235	0.00564
9	0.00963	0.35705	0.47371	0.00978	0.01465	0.04703	0.01160	0.01286	0.00866	0.01153	0.00666	0.00778	0.00523	0.00376	0.00338	0.00112	0.00545	0.00268	0.00176	0.00569

[dist]
# distance from previous block
# <min> <max>
10	17

[block]
# block no. 1 follows, 65 sequences, length 27
# corresponding to MSA columns:
# 819-845
name=unknown_B
#
# <colnr> <probs for GDERKNQSTAVLIFYWHMCP>
#	G	D	E	R	K	N	Q	S	T	A	V	L	I	F	Y	W	H	M	C	P
0	0.05221	0.07596	0.07361	0.13938	0.11158	0.02705	0.05761	0.19553	0.06067	0.06837	0.01008	0.03052	0.02467	0.00483	0.00440	0.00129	0.04043	0.01315	0.00287	0.00577
1	0.07964	0.15787	0.14773	0.03055	0.09504	0.11254	0.07701	0.05888	0.06053	0.03763	0.00963	0.03389	0.03381	0.00568	0.04128	0.00145	0.00530	0.00366	0.00244	0.00544
2	0.00994	0.18835	0.04729	0.25443	0.12767	0.05867	0.05046	0.04304	0.00896	0.02885	0.00719	0.00949	0.00586	0.00482	0.02355	0.00135	0.09086	0.00331	0.00205	0.03382
3	0.00588	0.00435	0.00633	0.00633	0.00698	0.00499	0.00480	0.00716	0.00652	0.00933	0.01124	0.01746	0.01084	0.13320	0.73785	0.00627	0.01012	0.00459	0.00223	0.00352
4	0.00832	0.02533	0.12091	0.47951	0.16953	0.00940	0.02975	0.01113	0.00843	0.01143	0.02006	0.01080	0.00629	0.00497	0.02938	0.00150	0.04262	0.00365	0.00191	0.00510
5	0.00502	0.00373	0.00468	0.00536	0.00588	0.00339	0.00367	0.00587	0.00839	0.01096	0.07462	0.63770	0.19156	0.01209	0.00514	0.00159	0.00229	0.01080	0.00385	0.00339
6	0.00524	0.00419	0.00467	0.00476	0.00587	0.00372	0.00351	0.00662	0.02805	0.01198	0.16927	0.15924	0.50996	0.03554	0.00539	0.00150	0.00223	0.03080	0.00390	0.00356
7	0.01185	0.48934	0.03350	0.02283	0.13781	0.18560	0.00832	0.04745	0.00965	0.01108	0.00638	0.00755	0.00554	0.00376	0.00318	0.00100	0.00514	0.00261	0.00197	0.00543
8	0.00885	0.00841	0.01429	0.47216	0.39341	0.00941	0.01195	0.01145	0.00873	0.01182	0.00749	0.01059	0.00594	0.00390	0.00409	0.00130	0.00520	0.00365	0.00192	0.00544
9	0.00507	0.00416	0.00449	0.00466	0.00580	0.00364	0.00340	0.00637	0.03175	0.01134	0.06800	0.22042	0.59507	0.01073	0.00492	0.00145	0.00217	0.00917	0.00385	0.00354
10	0.88473	0.00794	0.00603	0.00540	0.00794	0.00921	0.00445	0.01207	0.00699	0.01842	0.00572	0.00667	0.00445	0.00381	0.00254	0.00127	0.00318	0.00222	0.00254	0.00445
11	0.00835	0.02047	0.78366	0.01149	0.01733	0.00957	0.01463	0.01354	0.05880	0.01326	0.00794	0.00908	0.00565	0.00400	0.00392	0.00131	0.00589	0.00313	0.00188	0.00609
12	0.88473	0.00794	0.00603	0.00540	0.00794	0.00921	0.00445	0.01207	0.00699	0.01842	0.00572	0.00667	0.00445	0.00381	0.00254	0.00127	0.00318	0.00222	0.00254	0.00445
13	0.01021	0.00882	0.00928	0.00835	0.01067	0.01021	0.00650	0.02181	0.82272	0.01717	0.01671	0.01532	0.01253	0.00557	0.00418	0.00139	0.00325	0.00464	0.00418	0.00650
14	0.00597	0.00398	0.00448	0.00448	0.00448	0.00398	0.00249	0.00597	0.00597	0.00796	0.01293	0.02686	0.01492	0.85574	0.02089	0.00398	0.00398	0.00597	0.00249	0.00249
15	0.01560	0.01150	0.01232	0.00944	0.01273	0.01273	0.00780	0.81645	0.01930	0.02587	0.00986	0.00986	0.00698	0.00493	0.00411	0.00123	0.00452	0.00370	0.00411	0.00698
16	0.01317	0.01029	0.01095	0.00895	0.01180	0.01159	0.00721	0.45776	0.38195	0.02194	0.01295	0.01232	0.00949	0.00522	0.00414	0.00130	0.00394	0.00412	0.00414	0.00676
17	0.00581	0.00420	0.00549	0.00516	0.00613	0.00387	0.00387	0.00775	0.01162	0.01646	0.82797	0.03066	0.03873	0.00839	0.00484	0.00129	0.00194	0.00742	0.00452	0.00387
18	0.00587	0.00438	0.00651	0.00651	0.00722	0.00509	0.00503	0.00728	0.00657	0.00947	0.01107	0.01655	0.01045	0.06325	0.80726	0.00649	0.01072	0.00446	0.00221	0.00362
19	0.00966	0.00913	0.01546	0.02319	0.74317	0.00911	0.01175	0.01195	0.00923	0.01315	0.00927	0.07729	0.00859	0.00459	0.00420	0.00127	0.00465	0.02595	0.00222	0.00618
20	0.01842	0.00699	0.00953	0.00730	0.01048	0.00603	0.00603	0.02000	0.01175	0.83298	0.01619	0.01397	0.01016	0.00508	0.00413	0.00127	0.00349	0.00413	0.00508	0.00699
21	0.00769	0.01450	0.45987	0.03732	0.08130	0.00819	0.03686	0.01131	0.03129	0.01240	0.01419	0.03439	0.15049	0.00695	0.05430	0.00165	0.02517	0.00448	0.00228	0.00535
22	0.01154	0.75658	0.02056	0.00739	0.01089	0.01534	0.02892	0.03706	0.00892	0.06159	0.00656	0.00727	0.00565	0.00365	0.00283	0.00093	0.00441	0.00243	0.00204	0.00543
23	0.00605	0.00456	0.00553	0.00604	0.02206	0.00441	0.00418	0.05527	0.04785	0.01227	0.05694	0.52419	0.18961	0.01096	0.00494	0.00153	0.00251	0.00971	0.02757	0.00382
24	0.00925	0.03337	0.04759	0.04605	0.11804	0.10457	0.13628	0.02540	0.06757	0.01223	0.02067	0.16020	0.01091	0.00685	0.02913	0.00153	0.10624	0.01421	0.02116	0.02875
25	0.20679	0.04687	0.00873	0.00739	0.00880	0.06343	0.02768	0.00996	0.00725	0.03099	0.00854	0.01184	0.00762	0.01713	0.39724	0.02238	0.10735	0.00358	0.00226	0.00418
26	0.02650	0.27352	0.08334	0.08325	0.10806	0.07241	0.00868	0.02348	0.03122	0.02322	0.03567	0.00998	0.00727	0.02447	0.03015	0.00142	0.12303	0.00325	0.00213	0.02894

[dist]
# distance from previous block
# <min> <max>
12	53

[block]
# block no. 2 follows, 65 sequences, length 30
# corresponding to MSA columns:
# 991-1004,1006-1021
name=unknown_C
#
# <colnr> <probs for GDERKNQSTAVLIFYWHMCP>
#	G	D	E	R	K	N	Q	S	T	A	V	L	I	F	Y	W	H	M	C	P
0	0.05494	0.00916	0.02187	0.04966	0.12078	0.07744	0.02056	0.10164	0.05210	0.13906	0.03715	0.01165	0.02644	0.00437	0.00373	0.00108	0.00403	0.00356	0.02925	0.23152
1	0.00859	0.00760	0.01126	0.18554	0.23175	0.02724	0.03282	0.03464	0.00988	0.02581	0.19985	0.01597	0.04144	0.00514	0.00427	0.00120	0.01521	0.00457	0.02072	0.11650
2	0.00612	0.00476	0.00673	0.03661	0.03988	0.00528	0.00509	0.00734	0.00709	0.00980	0.02714	0.04975	0.09256	0.16822	0.46356	0.00471	0.03920	0.02007	0.00250	0.00361
3	0.00581	0.00420	0.00549	0.00516	0.00613	0.00387	0.00387	0.00775	0.01162	0.01646	0.82797	0.03066	0.03873	0.00839	0.00484	0.00129	0.00194	0.00742	0.00452	0.00387
4	0.01842	0.00699	0.00953	0.00730	0.01048	0.00603	0.00603	0.02000	0.01175	0.83298	0.01619	0.01397	0.01016	0.00508	0.00413	0.00127	0.00349	0.00413	0.00508	0.00699
5	0.00496	0.00388	0.00449	0.00493	0.00576	0.00342	0.00347	0.00587	0.00873	0.01098	0.05958	0.42436	0.42201	0.01149	0.00503	0.00152	0.00222	0.01004	0.00384	0.00342
6	0.01016	0.00975	0.01666	0.02520	0.83013	0.00975	0.01260	0.01260	0.00935	0.01341	0.00772	0.01016	0.00650	0.00366	0.00406	0.00122	0.00488	0.00366	0.00203	0.00650
7	0.00950	0.00928	0.01639	0.23095	0.54003	0.00966	0.09986	0.01213	0.00910	0.01265	0.00768	0.01046	0.00621	0.00375	0.00416	0.00127	0.00525	0.00378	0.00198	0.00591
8	0.00485	0.00416	0.00416	0.00416	0.00554	0.00347	0.00312	0.00589	0.00936	0.01109	0.04158	0.03950	0.82847	0.01040	0.00485	0.00139	0.00208	0.00866	0.00381	0.00347
9	0.00577	0.00431	0.00641	0.00650	0.00719	0.00494	0.00499	0.00716	0.00673	0.00963	0.01221	0.10354	0.01203	0.02891	0.75234	0.00608	0.01010	0.00516	0.00237	0.00363
10	0.00643	0.00433	0.00569	0.00527	0.00635	0.00398	0.00398	0.00835	0.01163	0.05678	0.78789	0.02984	0.03732	0.00823	0.00481	0.00129	0.00201	0.00726	0.00455	0.00403
11	0.01021	0.00882	0.00928	0.00835	0.01067	0.01021	0.00650	0.02181	0.82272	0.01717	0.01671	0.01532	0.01253	0.00557	0.00418	0.00139	0.00325	0.00464	0.00418	0.00650
12	0.01560	0.01150	0.01232	0.00944	0.01273	0.01273	0.00780	0.81645	0.01930	0.02587	0.00986	0.00986	0.00698	0.00493	0.00411	0.00123	0.00452	0.00370	0.00411	0.00698
13	0.01560	0.01150	0.01232	0.00944	0.01273	0.01273	0.00780	0.81645	0.01930	0.02587	0.00986	0.00986	0.00698	0.00493	0.00411	0.00123	0.00452	0.00370	0.00411	0.00698
14	0.00891	0.00733	0.00857	0.00618	0.00978	0.00562	0.00495	0.01099	0.03043	0.04255	0.00786	0.00889	0.00640	0.00318	0.00311	0.00065	0.00306	0.00255	0.00257	0.82643
15	0.01135	0.00983	0.05764	0.03480	0.03080	0.09023	0.15764	0.10726	0.06012	0.16036	0.04280	0.07583	0.08875	0.01921	0.00484	0.00138	0.02022	0.01814	0.00336	0.00546
16	0.00775	0.00730	0.01231	0.84587	0.02827	0.00912	0.01140	0.01049	0.00821	0.01049	0.00730	0.01094	0.00547	0.00410	0.00410	0.00137	0.00547	0.00365	0.00182	0.00456
17	0.00489	0.00416	0.00421	0.00420	0.00557	0.00348	0.00315	0.00596	0.00945	0.01130	0.07255	0.03916	0.79737	0.01032	0.00485	0.00138	0.00207	0.00861	0.00384	0.00348
18	0.00656	0.00678	0.08410	0.00867	0.05441	0.00597	0.07376	0.00805	0.00758	0.01054	0.01466	0.30523	0.02962	0.12258	0.17908	0.00290	0.06579	0.00700	0.00273	0.00399
19	0.01533	0.01956	0.01163	0.01058	0.01269	0.83926	0.00793	0.01639	0.01163	0.01005	0.00635	0.00740	0.00529	0.00423	0.00370	0.00106	0.00740	0.00264	0.00212	0.00476
20	0.00823	0.02123	0.83447	0.01170	0.01777	0.00953	0.01517	0.01300	0.00867	0.01300	0.00737	0.00867	0.00520	0.00390	0.00390	0.00130	0.00607	0.00303	0.00173	0.00607
21	0.00504	0.00367	0.00476	0.00561	0.00600	0.00339	0.00383	0.00583	0.00807	0.01060	0.02462	0.73884	0.11285	0.01255	0.00521	0.00164	0.00240	0.03791	0.00381	0.00336
22	0.01139	0.06864	0.34700	0.01177	0.08484	0.19427	0.02293	0.11716	0.01080	0.04279	0.00814	0.03377	0.00641	0.00441	0.00403	0.00122	0.01893	0.00336	0.00234	0.00580
23	0.00494	0.00379	0.00454	0.00513	0.00580	0.00338	0.00355	0.00578	0.00842	0.01071	0.02975	0.54742	0.32820	0.01193	0.00509	0.00156	0.00227	0.01054	0.00381	0.00338
24	0.00523	0.00374	0.00502	0.00598	0.00631	0.00353	0.00421	0.00611	0.00808	0.01073	0.02250	0.73904	0.02665	0.01265	0.00530	0.00170	0.00258	0.12344	0.00381	0.00340
25	0.00835	0.04900	0.14891	0.00917	0.03483	0.05085	0.00811	0.01028	0.01852	0.03810	0.00983	0.02617	0.03334	0.05015	0.26810	0.00317	0.22227	0.00406	0.00220	0.00458
26	0.00981	0.36615	0.04894	0.00736	0.00995	0.05254	0.00676	0.05431	0.05387	0.04080	0.04747	0.04946	0.07848	0.00635	0.00388	0.00124	0.00405	0.15076	0.00287	0.00495
27	0.00526	0.00362	0.00473	0.00560	0.00592	0.00341	0.00380	0.00611	0.00796	0.01093	0.02182	0.76263	0.02565	0.01214	0.00505	0.00161	0.00238	0.02986	0.07814	0.00339
28	0.00952	0.00846	0.02505	0.49016	0.05534	0.02123	0.00978	0.12792	0.13357	0.02489	0.00977	0.03745	0.00760	0.00472	0.00412	0.00134	0.00484	0.00404	0.01489	0.00529
29	0.56653	0.05629	0.03048	0.03362	0.03780	0.04659	0.03110	0.08899	0.00872	0.02741	0.00650	0.00761	0.00505	0.00405	0.00337	0.00126	0.03450	0.00265	0.00256	0.00493

[dist]
# distance from previous block
# <min> <max>
0	1

[block]
# block no. 3 follows, 65 sequences, length 91
# corresponding to MSA columns:
# 1023-1028,1031-1058,1063-1119
name=unknown_D
#
# <colnr> <probs for GDERKNQSTAVLIFYWHMCP>
#	G	D	E	R	K	N	Q	S	T	A	V	L	I	F	Y	W	H	M	C	P
0	0.01152	0.00905	0.03217	0.00776	0.02889	0.10914	0.00615	0.22259	0.01173	0.07183	0.01075	0.01213	0.00829	0.01492	0.02656	0.00133	0.07517	0.00366	0.33123	0.00514
1	0.01025	0.17464	0.02106	0.17214	0.03659	0.04287	0.00768	0.10852	0.07240	0.03035	0.00882	0.02121	0.01523	0.00438	0.00403	0.00109	0.04282	0.01404	0.00256	0.20931
2	0.03821	0.01162	0.01144	0.10797	0.04378	0.21349	0.00810	0.26594	0.01242	0.04309	0.03208	0.01040	0.00738	0.00688	0.06711	0.00167	0.10657	0.00355	0.00285	0.00543
3	0.00575	0.00432	0.00534	0.00506	0.00615	0.00397	0.00380	0.00778	0.03344	0.01547	0.65716	0.03191	0.18721	0.00869	0.00483	0.00131	0.00200	0.00758	0.00438	0.00387
4	0.01334	0.00641	0.00774	0.00631	0.00859	0.00617	0.00509	0.14020	0.01190	0.36710	0.08678	0.01525	0.01233	0.00526	0.00378	0.00116	0.00300	0.00426	0.28967	0.00568
5	0.00856	0.00742	0.01000	0.00741	0.01064	0.00618	0.08806	0.02179	0.00853	0.02368	0.00800	0.01008	0.00677	0.02919	0.08134	0.00138	0.02432	0.00303	0.00242	0.64120
6	0.00501	0.00367	0.00471	0.00553	0.00594	0.00338	0.00376	0.00579	0.00810	0.01060	0.02529	0.72417	0.14038	0.01249	0.00519	0.00163	0.00236	0.02484	0.00381	0.00336
7	0.00544	0.00416	0.00452	0.00485	0.02510	0.00366	0.00342	0.00661	0.00907	0.01178	0.04735	0.15147	0.55803	0.00971	0.00459	0.00136	0.00216	0.00823	0.13493	0.00358
8	0.01066	0.24950	0.02496	0.00846	0.03234	0.01183	0.00694	0.02902	0.52921	0.03439	0.01312	0.01251	0.01008	0.00489	0.00373	0.00124	0.00368	0.00387	0.00342	0.00616
9	0.01681	0.00663	0.00900	0.00702	0.00992	0.00575	0.00575	0.01843	0.01170	0.72986	0.10675	0.01621	0.02570	0.00553	0.00422	0.00127	0.00330	0.00456	0.00500	0.00659
10	0.00624	0.00452	0.00551	0.00589	0.02630	0.00458	0.00384	0.00762	0.06715	0.01007	0.04432	0.16170	0.04790	0.45358	0.05725	0.00310	0.00390	0.08021	0.00304	0.00328
11	0.00775	0.00730	0.01231	0.84587	0.02827	0.00912	0.01140	0.01049	0.00821	0.01049	0.00730	0.01094	0.00547	0.00410	0.00410	0.00137	0.00547	0.00365	0.00182	0.00456
12	0.00901	0.03669	0.06131	0.04226	0.01108	0.06439	0.03455	0.07990	0.00868	0.01206	0.05872	0.04332	0.00984	0.05222	0.10977	0.01108	0.30642	0.01365	0.03048	0.00455
13	0.00953	0.05201	0.18323	0.08481	0.07034	0.02211	0.21258	0.02390	0.13674	0.04502	0.01042	0.06109	0.00843	0.00474	0.00445	0.00133	0.02674	0.00440	0.03253	0.00561
14	0.01097	0.85821	0.02151	0.00702	0.01054	0.01624	0.00702	0.01229	0.00834	0.00966	0.00571	0.00658	0.00527	0.00351	0.00263	0.00088	0.00439	0.00219	0.00176	0.00527
15	0.00969	0.01107	0.02422	0.01730	0.02145	0.01038	0.81522	0.01315	0.00969	0.01315	0.00830	0.01107	0.00623	0.00346	0.00484	0.00138	0.00692	0.00484	0.00208	0.00554
16	0.00562	0.00419	0.00523	0.00497	0.00602	0.00379	0.00373	0.00738	0.01118	0.01541	0.67465	0.03239	0.19270	0.00878	0.00484	0.00131	0.00196	0.00767	0.00438	0.00379
17	0.00545	0.00410	0.00505	0.00506	0.00602	0.00370	0.00374	0.00695	0.01035	0.01396	0.46768	0.16925	0.24155	0.00973	0.00493	0.00139	0.00210	0.03109	0.00420	0.00368
18	0.01537	0.00633	0.00846	0.00671	0.00941	0.00549	0.00546	0.01696	0.01152	0.64075	0.13858	0.01866	0.08542	0.00603	0.00430	0.00128	0.00314	0.00501	0.00489	0.00622
19	0.00550	0.00418	0.00506	0.00484	0.00594	0.00374	0.00363	0.00715	0.01089	0.01473	0.57514	0.03351	0.29264	0.00904	0.00484	0.00132	0.00198	0.00782	0.00429	0.00374
20	0.00540	0.00386	0.00523	0.00618	0.00659	0.00368	0.00451	0.00641	0.00826	0.01093	0.02240	0.65169	0.02627	0.01248	0.00535	0.00172	0.00273	0.20907	0.00380	0.00345
21	0.00849	0.00730	0.00864	0.03482	0.01036	0.00560	0.00509	0.01034	0.00850	0.01328	0.00730	0.00860	0.00606	0.00308	0.00308	0.00063	0.00312	0.00247	0.00241	0.85084
22	0.00593	0.00432	0.00637	0.00637	0.00700	0.00496	0.00484	0.00713	0.00649	0.00929	0.01097	0.01684	0.01050	0.09768	0.73404	0.04702	0.01007	0.00449	0.00220	0.00348
23	0.00716	0.00616	0.03041	0.00703	0.00799	0.02448	0.07036	0.04180	0.03048	0.01010	0.01137	0.01984	0.01162	0.41705	0.24692	0.00408	0.04206	0.00505	0.00243	0.00360
24	0.00923	0.00897	0.05885	0.34527	0.10826	0.01931	0.11101	0.01182	0.00885	0.06287	0.00799	0.01032	0.00609	0.00382	0.00405	0.00117	0.01509	0.00351	0.00221	0.20129
25	0.00962	0.00946	0.01233	0.01054	0.01085	0.04679	0.00874	0.05915	0.00735	0.01097	0.00587	0.00910	0.00559	0.00687	0.01227	0.00171	0.74400	0.00356	0.02058	0.00464
26	0.04208	0.09411	0.16918	0.05152	0.03702	0.00931	0.10649	0.08255	0.10577	0.09854	0.10227	0.02633	0.02512	0.00530	0.01408	0.00134	0.00453	0.00429	0.01455	0.00564
27	0.01049	0.70888	0.16656	0.00786	0.01183	0.01505	0.00848	0.01242	0.00840	0.01025	0.00600	0.00696	0.00526	0.00358	0.00286	0.00095	0.00469	0.00234	0.00175	0.00541
28	0.00590	0.00399	0.00446	0.00446	0.00454	0.00395	0.00253	0.00596	0.00618	0.00816	0.01476	0.02767	0.06666	0.80199	0.01987	0.00381	0.00386	0.00614	0.00257	0.00255
29	0.00793	0.00748	0.01263	0.78523	0.08753	0.00917	0.01149	0.01064	0.00829	0.01070	0.00733	0.01089	0.00555	0.00407	0.00410	0.00136	0.00543	0.00365	0.00184	0.00470
30	0.01037	0.22312	0.22158	0.00945	0.02285	0.10436	0.03254	0.06183	0.07481	0.03468	0.03640	0.04338	0.02582	0.00547	0.02196	0.00133	0.05846	0.00371	0.00246	0.00544
31	0.00596	0.00443	0.00638	0.00626	0.00685	0.00480	0.02963	0.00701	0.00668	0.00932	0.01266	0.08635	0.01316	0.27040	0.48676	0.00516	0.00795	0.02442	0.00245	0.00335
32	0.00593	0.00426	0.00584	0.00588	0.00636	0.00470	0.00424	0.00689	0.00649	0.00908	0.01211	0.02116	0.01246	0.32503	0.51366	0.00547	0.00820	0.03662	0.00236	0.00325
33	0.00848	0.00771	0.01234	0.66726	0.08804	0.00926	0.01084	0.06623	0.02670	0.01192	0.00784	0.01105	0.00598	0.00506	0.03268	0.00152	0.00547	0.00368	0.00207	0.01586
34	0.01084	0.32200	0.08233	0.00937	0.05695	0.07290	0.03444	0.01515	0.21595	0.05739	0.01083	0.02865	0.03139	0.00472	0.00389	0.00117	0.03004	0.00362	0.00271	0.00566
35	0.02978	0.00436	0.00566	0.00618	0.00690	0.00421	0.00465	0.00783	0.00838	0.07145	0.02047	0.38643	0.03990	0.13093	0.00743	0.00202	0.00313	0.25296	0.00367	0.00365
36	0.01049	0.04499	0.02104	0.01728	0.03440	0.04175	0.00649	0.16945	0.22928	0.01628	0.01149	0.06405	0.00960	0.00498	0.00381	0.00110	0.00371	0.02104	0.00327	0.28551
37	0.00577	0.00461	0.00573	0.03446	0.02879	0.00423	0.00439	0.00731	0.01747	0.01267	0.23659	0.13726	0.33432	0.01004	0.02912	0.00154	0.00272	0.07057	0.00376	0.04864
38	0.04418	0.04427	0.06907	0.05675	0.27734	0.02173	0.00902	0.08935	0.04590	0.04143	0.00901	0.02843	0.01863	0.00424	0.00407	0.00113	0.03219	0.00352	0.00255	0.19720
39	0.24891	0.36966	0.08127	0.00752	0.02733	0.01191	0.00692	0.01198	0.03024	0.02906	0.00783	0.08008	0.00725	0.00476	0.00375	0.00118	0.05976	0.00331	0.00229	0.00499
40	0.00556	0.00433	0.00510	0.00542	0.00654	0.00394	0.00433	0.00689	0.00933	0.01166	0.08060	0.05880	0.45286	0.04978	0.00588	0.00168	0.00274	0.27722	0.00378	0.00355
41	0.00999	0.00864	0.01441	0.34338	0.27342	0.00924	0.09331	0.06684	0.00982	0.07305	0.02809	0.01127	0.00713	0.00410	0.00416	0.00128	0.00507	0.00387	0.00239	0.03055
42	0.00905	0.01980	0.05983	0.02240	0.15591	0.03634	0.00745	0.15579	0.01960	0.01445	0.04595	0.06093	0.19180	0.03033	0.02035	0.00152	0.06337	0.05208	0.02804	0.00500
43	0.00590	0.00439	0.00654	0.00654	0.00728	0.00510	0.00508	0.00738	0.00664	0.00965	0.01104	0.01611	0.01027	0.03025	0.82214	0.00648	0.01081	0.00439	0.02035	0.00367
44	0.00601	0.00427	0.00520	0.00557	0.00603	0.00422	0.00391	0.00714	0.04001	0.01018	0.03570	0.20641	0.06902	0.38754	0.01224	0.00271	0.00341	0.18399	0.00324	0.00320
45	0.00848	0.00658	0.01034	0.37767	0.09788	0.00748	0.01679	0.03679	0.02947	0.04759	0.00882	0.03543	0.00760	0.04994	0.03160	0.19916	0.01786	0.00405	0.00222	0.00422
46	0.01145	0.03010	0.22519	0.00899	0.02606	0.03308	0.02974	0.29493	0.01264	0.05303	0.01010	0.01099	0.00743	0.00452	0.00372	0.00117	0.00437	0.00354	0.22315	0.00580
47	0.00514	0.00367	0.00493	0.00588	0.00618	0.00346	0.00406	0.00596	0.00800	0.01064	0.02255	0.78176	0.02684	0.01273	0.00528	0.00169	0.00251	0.08156	0.00381	0.00337
48	0.00575	0.00386	0.00454	0.00480	0.00489	0.00380	0.00286	0.00599	0.00656	0.00885	0.01561	0.25378	0.01817	0.60152	0.01611	0.00326	0.00349	0.00748	0.02592	0.00276
49	0.01014	0.01010	0.05317	0.20796	0.04406	0.05086	0.19742	0.08434	0.16834	0.04075	0.03101	0.01271	0.01943	0.00471	0.00467	0.00136	0.03777	0.01288	0.00278	0.00556
50	0.06515	0.00733	0.00952	0.00734	0.01049	0.00665	0.00606	0.07209	0.01199	0.73564	0.01521	0.01330	0.00964	0.00500	0.00404	0.00127	0.00354	0.00400	0.00488	0.00685
51	0.00507	0.00362	0.00484	0.00575	0.00603	0.00339	0.00389	0.00586	0.00801	0.01070	0.04574	0.80593	0.02738	0.01269	0.00524	0.00166	0.00241	0.03458	0.00383	0.00336
52	0.01217	0.07072	0.08777	0.08960	0.21265	0.06804	0.04723	0.05999	0.03718	0.20070	0.01975	0.01107	0.00761	0.00497	0.01863	0.01477	0.02462	0.00368	0.00288	0.00597
53	0.03138	0.13523	0.01046	0.00717	0.00890	0.00848	0.02904	0.10593	0.01840	0.14762	0.01076	0.01554	0.00970	0.24915	0.10154	0.01773	0.08115	0.00426	0.00290	0.00466
54	0.00620	0.00469	0.00567	0.00540	0.00657	0.00452	0.00409	0.00904	0.09991	0.01546	0.55907	0.04501	0.15535	0.00845	0.00475	0.00133	0.00216	0.02993	0.02831	0.00408
55	0.00900	0.00904	0.01291	0.01097	0.01109	0.01251	0.03246	0.00997	0.00639	0.00997	0.00547	0.00904	0.00541	0.00708	0.01322	0.00178	0.82372	0.00363	0.00180	0.00452
56	0.02409	0.09637	0.10643	0.07015	0.11887	0.02986	0.08302	0.18209	0.03544	0.17796	0.02945	0.01099	0.00785	0.00442	0.00399	0.00124	0.00476	0.00373	0.00313	0.00617
57	0.01043	0.00960	0.03870	0.14099	0.26857	0.06908	0.05995	0.01244	0.00896	0.10552	0.01893	0.05413	0.00799	0.01755	0.00611	0.00142	0.15757	0.00417	0.00243	0.00545
58	0.51985	0.05154	0.03120	0.02690	0.11973	0.06905	0.02473	0.01267	0.02724	0.02540	0.00653	0.00785	0.00522	0.00406	0.00364	0.00127	0.05311	0.00271	0.00238	0.00493
59	0.00496	0.00414	0.00433	0.00432	0.00562	0.00351	0.00323	0.00609	0.00956	0.01167	0.12869	0.06636	0.71291	0.01026	0.00486	0.00139	0.00207	0.00863	0.00389	0.00351
60	0.00499	0.00404	0.00445	0.00471	0.00578	0.00350	0.00346	0.00601	0.00905	0.01114	0.05848	0.24042	0.57493	0.01099	0.00498	0.00147	0.00222	0.04210	0.00383	0.00346
61	0.00898	0.00898	0.01257	0.01078	0.01078	0.01257	0.00898	0.00988	0.00629	0.00988	0.00539	0.00898	0.00539	0.00718	0.01347	0.00180	0.84823	0.00359	0.00180	0.00449
62	0.00775	0.00730	0.01231	0.84587	0.02827	0.00912	0.01140	0.01049	0.00821	0.01049	0.00730	0.01094	0.00547	0.00410	0.00410	0.00137	0.00547	0.00365	0.00182	0.00456
63	0.01097	0.85821	0.02151	0.00702	0.01054	0.01624	0.00702	0.01229	0.00834	0.00966	0.00571	0.00658	0.00527	0.00351	0.00263	0.00088	0.00439	0.00219	0.00176	0.00527
64	0.00508	0.00408	0.00453	0.00460	0.00573	0.00353	0.00338	0.00626	0.00961	0.01213	0.20431	0.15837	0.54331	0.01034	0.00491	0.00141	0.00209	0.00885	0.00396	0.00353
65	0.01016	0.00975	0.01666	0.02520	0.83013	0.00975	0.01260	0.01260	0.00935	0.01341	0.00772	0.01016	0.00650	0.00366	0.00406	0.00122	0.00488	0.00366	0.00203	0.00650
66	0.00851	0.00730	0.00851	0.00608	0.00973	0.00547	0.00486	0.01034	0.00851	0.01338	0.00730	0.00851	0.00608	0.00304	0.00304	0.00061	0.00304	0.00243	0.00243	0.88083
67	0.01264	0.00859	0.00959	0.00819	0.01079	0.00940	0.00649	0.08525	0.56065	0.21653	0.01603	0.01455	0.01151	0.00540	0.00416	0.00135	0.00341	0.00444	0.00439	0.00666
68	0.01533	0.01956	0.01163	0.01058	0.01269	0.83926	0.00793	0.01639	0.01163	0.01005	0.00635	0.00740	0.00529	0.00423	0.00370	0.00106	0.00740	0.00264	0.00212	0.00476
69	0.00597	0.00398	0.00448	0.00448	0.00448	0.00398	0.00249	0.00597	0.00597	0.00796	0.01293	0.02686	0.01492	0.85574	0.02089	0.00398	0.00398	0.00597	0.00249	0.00249
70	0.00500	0.00357	0.00476	0.00572	0.00595	0.00333	0.00381	0.00572	0.00786	0.01048	0.02262	0.85306	0.02715	0.01286	0.00524	0.00167	0.00238	0.01167	0.00381	0.00333
71	0.00589	0.00430	0.00608	0.00608	0.00663	0.00485	0.00448	0.00700	0.00644	0.00914	0.01147	0.01876	0.01140	0.23286	0.63896	0.00596	0.00928	0.00478	0.00227	0.00338
72	0.01243	0.54208	0.03763	0.00837	0.01154	0.24532	0.01672	0.05384	0.00987	0.02043	0.00629	0.00717	0.00543	0.00381	0.00308	0.00097	0.00530	0.00247	0.00202	0.00525
73	0.00784	0.00659	0.00810	0.05692	0.01007	0.00560	0.00519	0.00985	0.02561	0.01314	0.09564	0.02344	0.03286	0.00656	0.07648	0.00132	0.01663	0.00358	0.01512	0.57948
74	0.01782	0.05016	0.14776	0.13073	0.08342	0.00892	0.04383	0.08370	0.06319	0.06792	0.02926	0.04708	0.03815	0.09199	0.02080	0.00170	0.06121	0.00444	0.00270	0.00522
75	0.00914	0.00783	0.01075	0.07148	0.17403	0.00854	0.03892	0.05560	0.28009	0.03149	0.01477	0.15672	0.04079	0.00756	0.04217	0.00164	0.03408	0.00561	0.00327	0.00552
76	0.42383	0.00886	0.05074	0.18031	0.06953	0.00918	0.10247	0.02831	0.00828	0.03912	0.00758	0.01024	0.00602	0.00418	0.00350	0.00133	0.00440	0.03479	0.00242	0.00491
77	0.00844	0.00823	0.03367	0.38750	0.10731	0.00934	0.04185	0.01249	0.15434	0.01209	0.01051	0.01286	0.04137	0.00632	0.05089	0.00169	0.08953	0.00410	0.00238	0.00509
78	0.88473	0.00794	0.00603	0.00540	0.00794	0.00921	0.00445	0.01207	0.00699	0.01842	0.00572	0.00667	0.00445	0.00381	0.00254	0.00127	0.00318	0.00222	0.00254	0.00445
79	0.00659	0.00504	0.00642	0.00595	0.00718	0.00499	0.01696	0.01004	0.13721	0.01633	0.65338	0.02868	0.03349	0.00801	0.00478	0.00134	0.00230	0.04261	0.00439	0.00430
80	0.00507	0.00362	0.00484	0.00579	0.00605	0.00339	0.00392	0.00583	0.00792	0.01055	0.02259	0.82106	0.02701	0.01280	0.00526	0.00168	0.00244	0.04304	0.00381	0.00335
81	0.00611	0.00410	0.00512	0.00492	0.00582	0.00385	0.00363	0.00790	0.01069	0.01564	0.61714	0.06043	0.03228	0.04594	0.00523	0.00137	0.00204	0.00690	0.15711	0.00378
82	0.01086	0.82004	0.02093	0.00698	0.01050	0.01576	0.00693	0.01220	0.00835	0.00982	0.00578	0.00667	0.00530	0.00349	0.00265	0.00087	0.00433	0.00221	0.00179	0.04454
83	0.00652	0.00413	0.00480	0.00470	0.00488	0.00412	0.00277	0.00666	0.00626	0.04503	0.01299	0.02579	0.01449	0.77948	0.05795	0.00398	0.00428	0.00581	0.00259	0.00274
84	0.84588	0.00790	0.00619	0.00548	0.00805	0.00907	0.00452	0.01242	0.00720	0.05495	0.00619	0.00700	0.00470	0.00387	0.00261	0.00127	0.00319	0.00231	0.00265	0.00456
85	0.00504	0.00359	0.00475	0.00566	0.00589	0.00336	0.00375	0.00573	0.00777	0.01037	0.02219	0.81600	0.02660	0.05066	0.00594	0.00177	0.00245	0.01141	0.00375	0.00330
86	0.01805	0.00707	0.00952	0.00735	0.01049	0.00622	0.00605	0.02009	0.04812	0.79639	0.01622	0.01403	0.01027	0.00510	0.00413	0.00128	0.00348	0.00415	0.00504	0.00696
87	0.00833	0.01908	0.69768	0.01160	0.01713	0.00927	0.07855	0.02859	0.00899	0.01323	0.00916	0.01041	0.04236	0.00420	0.00400	0.00130	0.00584	0.00346	0.02095	0.00588
88	0.00778	0.00762	0.05160	0.44489	0.10754	0.00796	0.04108	0.01051	0.02956	0.02226	0.09428	0.08754	0.01188	0.00615	0.02421	0.00151	0.00485	0.03156	0.00248	0.00474
89	0.00768	0.01288	0.35863	0.01047	0.01406	0.01984	0.15841	0.01075	0.00849	0.01190	0.02205	0.05068	0.04750	0.08979	0.10311	0.00224	0.00607	0.05823	0.00228	0.00491
90	0.30612	0.11542	0.07499	0.00729	0.01012	0.05395	0.03230	0.09557	0.01978	0.02554	0.06169	0.02199	0.01821	0.01776	0.03121	0.00139	0.00418	0.01344	0.02133	0.06771

[dist]
# distance from previous block
# <min> <max>
2	49

[block]
# block no. 4 follows, 65 sequences, length 7
# corresponding to MSA columns:
# 1169-1175
name=unknown_E
#
# <colnr> <probs for GDERKNQSTAVLIFYWHMCP>
#	G	D	E	R	K	N	Q	S	T	A	V	L	I	F	Y	W	H	M	C	P
0	0.05678	0.02899	0.00858	0.02257	0.00923	0.02274	0.06190	0.00944	0.02301	0.04188	0.04958	0.25446	0.03393	0.06177	0.02803	0.00155	0.04429	0.00607	0.00299	0.23221
1	0.00782	0.00499	0.00595	0.00614	0.05196	0.00551	0.00439	0.00955	0.00833	0.01407	0.01361	0.01556	0.06158	0.00546	0.00473	0.00113	0.13559	0.00409	0.63548	0.00406
2	0.02698	0.00871	0.04786	0.02152	0.03232	0.03071	0.06407	0.15208	0.12562	0.05382	0.04475	0.11893	0.08113	0.00743	0.03081	0.00156	0.11047	0.00540	0.03058	0.00523
3	0.09246	0.04873	0.14782	0.02173	0.01177	0.06763	0.08056	0.09792	0.02984	0.03188	0.04951	0.11916	0.03589	0.00685	0.03037	0.02311	0.00459	0.02762	0.02079	0.05178
4	0.03352	0.10168	0.07998	0.10713	0.05898	0.09507	0.02930	0.06742	0.03625	0.07531	0.04155	0.01113	0.00802	0.00462	0.00434	0.01811	0.03803	0.02065	0.00262	0.16629
5	0.08852	0.07729	0.09706	0.09909	0.03735	0.05269	0.04383	0.13447	0.10535	0.04167	0.01111	0.01206	0.05924	0.00583	0.03888	0.00146	0.02737	0.00376	0.00281	0.06017
6	0.13312	0.04081	0.12439	0.04709	0.06519	0.04163	0.05740	0.06346	0.06551	0.15688	0.02615	0.04773	0.00864	0.02557	0.00441	0.00131	0.01900	0.00390	0.00301	0.06481

[dist]
# distance from previous block
# <min> <max>
2	115

[block]
# block no. 5 follows, 65 sequences, length 8
# corresponding to MSA columns:
# 1320-1327
name=unknown_F
#
# <colnr> <probs for GDERKNQSTAVLIFYWHMCP>
#	G	D	E	R	K	N	Q	S	T	A	V	L	I	F	Y	W	H	M	C	P
0	0.07589	0.00967	0.04050	0.09060	0.04378	0.09717	0.07252	0.09947	0.08194	0.13182	0.05097	0.05873	0.03406	0.00521	0.00419	0.00125	0.01773	0.00434	0.00320	0.07696
1	0.05824	0.03913	0.03014	0.00864	0.06702	0.06215	0.04051	0.07104	0.04454	0.09707	0.08338	0.11924	0.07718	0.00658	0.00421	0.00127	0.00373	0.06733	0.00335	0.11525
2	0.10364	0.08818	0.06762	0.03966	0.06205	0.14364	0.00720	0.01294	0.06543	0.07996	0.04170	0.09787	0.00995	0.00587	0.02278	0.00132	0.04192	0.00413	0.00276	0.10138
3	0.05993	0.04334	0.07704	0.03873	0.01105	0.03238	0.06117	0.03106	0.04428	0.05196	0.08001	0.13653	0.04852	0.00627	0.00484	0.00126	0.07256	0.02447	0.00296	0.17164
4	0.01145	0.03819	0.01403	0.11994	0.18006	0.08465	0.10572	0.11439	0.07947	0.08654	0.03073	0.01113	0.00784	0.00449	0.00463	0.00126	0.05407	0.00383	0.00279	0.04481
5	0.09321	0.05319	0.00974	0.00873	0.09330	0.06274	0.02147	0.05234	0.04244	0.10679	0.14467	0.04601	0.05312	0.00560	0.00393	0.00116	0.00359	0.03376	0.00329	0.16092
6	0.62205	0.00820	0.00743	0.00624	0.00898	0.00907	0.00514	0.11196	0.00935	0.16628	0.00811	0.00838	0.00579	0.00418	0.00302	0.00127	0.00340	0.00275	0.00319	0.00521
7	0.00599	0.00426	0.00618	0.00618	0.00674	0.00482	0.00461	0.00695	0.00639	0.00909	0.01093	0.01735	0.01065	0.14861	0.64684	0.08502	0.00931	0.00455	0.00220	0.00332

[dist]
# distance from previous block
# <min> <max>
2	4

[block]
# block no. 6 follows, 65 sequences, length 87
# corresponding to MSA columns:
# 1332-1418
name=unknown_G
#
# <colnr> <probs for GDERKNQSTAVLIFYWHMCP>
#	G	D	E	R	K	N	Q	S	T	A	V	L	I	F	Y	W	H	M	C	P
0	0.01197	0.07768	0.10023	0.02889	0.05753	0.29345	0.07754	0.11648	0.05070	0.01337	0.02179	0.00969	0.00688	0.00580	0.05181	0.00147	0.02534	0.00334	0.00244	0.04359
1	0.01060	0.71284	0.15131	0.00782	0.01172	0.02655	0.00834	0.01246	0.00844	0.01020	0.00598	0.00693	0.00526	0.00358	0.00285	0.00095	0.00470	0.00234	0.00176	0.00539
2	0.01108	0.00950	0.01141	0.05119	0.04331	0.06830	0.08338	0.12204	0.30257	0.06598	0.07511	0.01353	0.01122	0.00503	0.00434	0.00126	0.02345	0.00426	0.00349	0.08956
3	0.00775	0.00730	0.01231	0.84587	0.02827	0.00912	0.01140	0.01049	0.00821	0.01049	0.00730	0.01094	0.00547	0.00410	0.00410	0.00137	0.00547	0.00365	0.00182	0.00456
4	0.00894	0.00779	0.00968	0.14080	0.01312	0.01970	0.02159	0.06315	0.00923	0.01364	0.00764	0.01841	0.00627	0.00347	0.00335	0.00080	0.00366	0.00286	0.00245	0.64344
5	0.10863	0.00921	0.01013	0.00800	0.01087	0.02083	0.02481	0.39502	0.01398	0.09769	0.03266	0.01384	0.08231	0.00536	0.00418	0.00121	0.02461	0.02463	0.00368	0.10835
6	0.00832	0.00732	0.01150	0.45121	0.17690	0.00822	0.00968	0.05368	0.00938	0.02982	0.05161	0.05294	0.10167	0.00540	0.00427	0.00134	0.00457	0.00477	0.00250	0.00490
7	0.00811	0.00766	0.01295	0.72488	0.14649	0.00921	0.01158	0.01080	0.00838	0.01092	0.00736	0.01083	0.00562	0.00404	0.00410	0.00135	0.00538	0.00365	0.00185	0.00485
8	0.01791	0.00722	0.00960	0.00743	0.01056	0.00646	0.00611	0.04588	0.05319	0.76541	0.01602	0.01391	0.01018	0.00510	0.00413	0.00128	0.00351	0.00414	0.00500	0.00696
9	0.01535	0.01921	0.01166	0.01053	0.01269	0.80321	0.00793	0.05129	0.01197	0.01074	0.00650	0.00751	0.00536	0.00426	0.00372	0.00107	0.00728	0.00269	0.00220	0.00486
10	0.00775	0.00730	0.01231	0.84587	0.02827	0.00912	0.01140	0.01049	0.00821	0.01049	0.00730	0.01094	0.00547	0.00410	0.00410	0.00137	0.00547	0.00365	0.00182	0.00456
11	0.01842	0.00699	0.00953	0.00730	0.01048	0.00603	0.00603	0.02000	0.01175	0.83298	0.01619	0.01397	0.01016	0.00508	0.00413	0.00127	0.00349	0.00413	0.00508	0.00699
12	0.88473	0.00794	0.00603	0.00540	0.00794	0.00921	0.00445	0.01207	0.00699	0.01842	0.00572	0.00667	0.00445	0.00381	0.00254	0.00127	0.00318	0.00222	0.00254	0.00445
13	0.01021	0.00882	0.00928	0.00835	0.01067	0.01021	0.00650	0.02181	0.82272	0.01717	0.01671	0.01532	0.01253	0.00557	0.00418	0.00139	0.00325	0.00464	0.00418	0.00650
14	0.00775	0.00730	0.01231	0.84587	0.02827	0.00912	0.01140	0.01049	0.00821	0.01049	0.00730	0.01094	0.00547	0.00410	0.00410	0.00137	0.00547	0.00365	0.00182	0.00456
15	0.88473	0.00794	0.00603	0.00540	0.00794	0.00921	0.00445	0.01207	0.00699	0.01842	0.00572	0.00667	0.00445	0.00381	0.00254	0.00127	0.00318	0.00222	0.00254	0.00445
16	0.00597	0.00398	0.00448	0.00448	0.00448	0.00398	0.00249	0.00597	0.00597	0.00796	0.01293	0.02686	0.01492	0.85574	0.02089	0.00398	0.00398	0.00597	0.00249	0.00249
17	0.00775	0.00730	0.01231	0.84587	0.02827	0.00912	0.01140	0.01049	0.00821	0.01049	0.00730	0.01094	0.00547	0.00410	0.00410	0.00137	0.00547	0.00365	0.00182	0.00456
18	0.01819	0.00699	0.00950	0.00728	0.01046	0.00602	0.00601	0.01978	0.01167	0.81423	0.01599	0.01385	0.01007	0.00503	0.00410	0.00125	0.00348	0.00409	0.00502	0.02698
19	0.00851	0.00730	0.00851	0.00608	0.00973	0.00547	0.00486	0.01034	0.00851	0.01338	0.00730	0.00851	0.00608	0.00304	0.00304	0.00061	0.00304	0.00243	0.00243	0.88083
20	0.00823	0.02123	0.83447	0.01170	0.01777	0.00953	0.01517	0.01300	0.00867	0.01300	0.00737	0.00867	0.00520	0.00390	0.00390	0.00130	0.00607	0.00303	0.00173	0.00607
21	0.00581	0.00420	0.00549	0.00516	0.00613	0.00387	0.00387	0.00775	0.01162	0.01646	0.82797	0.03066	0.03873	0.00839	0.00484	0.00129	0.00194	0.00742	0.00452	0.00387
22	0.00500	0.00357	0.00476	0.00572	0.00595	0.00333	0.00381	0.00572	0.00786	0.01048	0.02262	0.85306	0.02715	0.01286	0.00524	0.00167	0.00238	0.01167	0.00381	0.00333
23	0.00577	0.00397	0.00491	0.00536	0.00558	0.00390	0.00356	0.00630	0.00712	0.00944	0.01737	0.28797	0.02013	0.45757	0.01357	0.00292	0.00345	0.13506	0.00311	0.00296
24	0.01016	0.00975	0.01666	0.02520	0.83013	0.00975	0.01260	0.01260	0.00935	0.01341	0.00772	0.01016	0.00650	0.00366	0.00406	0.00122	0.00488	0.00366	0.00203	0.00650
25	0.00757	0.00384	0.00390	0.00388	0.00484	0.00383	0.00291	0.00949	0.00874	0.01535	0.04892	0.01597	0.01175	0.00494	0.00296	0.00097	0.00191	0.00398	0.84041	0.00383
26	0.10798	0.00944	0.00935	0.00800	0.01056	0.08150	0.02158	0.08705	0.40655	0.01670	0.04791	0.01332	0.01078	0.00501	0.00385	0.00122	0.00370	0.01780	0.00352	0.13417
27	0.01312	0.15202	0.15889	0.01994	0.01289	0.18522	0.03952	0.12634	0.01124	0.16858	0.00923	0.00998	0.00686	0.02375	0.00425	0.00123	0.01672	0.00329	0.03120	0.00575
28	0.00969	0.01107	0.02422	0.01730	0.02145	0.01038	0.81522	0.01315	0.00969	0.01315	0.00830	0.01107	0.00623	0.00346	0.00484	0.00138	0.00692	0.00484	0.00208	0.00554
29	0.01116	0.00944	0.00980	0.00857	0.01104	0.02620	0.00673	0.14680	0.68099	0.01841	0.01543	0.01431	0.01152	0.00544	0.00416	0.00136	0.00353	0.00445	0.00413	0.00654
30	0.05633	0.00771	0.00875	0.05508	0.01076	0.00849	0.02441	0.01690	0.48992	0.01623	0.12140	0.01593	0.01433	0.00545	0.00401	0.00128	0.00319	0.00459	0.05221	0.08304
31	0.01280	0.00886	0.01411	0.01754	0.45306	0.00861	0.05012	0.06976	0.01071	0.26191	0.01105	0.04476	0.00845	0.00453	0.00417	0.00126	0.00444	0.00418	0.00317	0.00651
32	0.00490	0.00412	0.00425	0.00431	0.00560	0.00347	0.00320	0.00595	0.00933	0.01125	0.07013	0.10082	0.73763	0.01051	0.00488	0.00140	0.00210	0.00884	0.00384	0.00347
33	0.01097	0.85821	0.02151	0.00702	0.01054	0.01624	0.00702	0.01229	0.00834	0.00966	0.00571	0.00658	0.00527	0.00351	0.00263	0.00088	0.00439	0.00219	0.00176	0.00527
34	0.00519	0.00422	0.00463	0.00468	0.00595	0.00366	0.00360	0.00647	0.00975	0.01211	0.17130	0.03872	0.61348	0.01016	0.00493	0.00142	0.00223	0.08999	0.00393	0.00357
35	0.00713	0.00357	0.00535	0.00535	0.00535	0.00357	0.00357	0.00535	0.00535	0.00713	0.00713	0.01248	0.00713	0.01426	0.01604	0.88057	0.00357	0.00357	0.00178	0.00178
36	0.01574	0.01129	0.01219	0.00934	0.01262	0.01242	0.00772	0.77921	0.01895	0.06361	0.01015	0.01005	0.00713	0.00493	0.00411	0.00123	0.00447	0.00372	0.00415	0.00698
37	0.01316	0.00579	0.00775	0.00635	0.00859	0.00512	0.00508	0.01489	0.01157	0.48757	0.32725	0.02042	0.02113	0.00634	0.00435	0.00127	0.00283	0.00538	0.03950	0.00567
38	0.88473	0.00794	0.00603	0.00540	0.00794	0.00921	0.00445	0.01207	0.00699	0.01842	0.00572	0.00667	0.00445	0.00381	0.00254	0.00127	0.00318	0.00222	0.00254	0.00445
39	0.00584	0.00441	0.00542	0.00517	0.00628	0.00410	0.00391	0.00803	0.04768	0.01532	0.61518	0.03211	0.19426	0.00874	0.00483	0.00133	0.00207	0.02707	0.00434	0.00391
40	0.00489	0.00416	0.00421	0.00420	0.00557	0.00348	0.00315	0.00596	0.00944	0.01129	0.07035	0.03918	0.79958	0.01032	0.00485	0.00138	0.00207	0.00862	0.00384	0.00348
41	0.09330	0.00407	0.00497	0.00571	0.00623	0.00397	0.00391	0.00659	0.00784	0.02517	0.02082	0.75415	0.02459	0.01182	0.00495	0.00162	0.00248	0.01060	0.00370	0.00351
42	0.00515	0.00365	0.00479	0.00564	0.00588	0.00344	0.00376	0.00582	0.00771	0.01027	0.02160	0.74462	0.02579	0.09929	0.00686	0.00191	0.00259	0.03430	0.00367	0.00326
43	0.01194	0.00914	0.00972	0.00811	0.01052	0.01022	0.00640	0.36269	0.33575	0.01988	0.01313	0.01410	0.01022	0.08940	0.00571	0.00155	0.00377	0.00430	0.06733	0.00612
44	0.00534	0.00391	0.00452	0.00484	0.00533	0.00363	0.00317	0.00590	0.00760	0.00974	0.02436	0.30357	0.24863	0.32562	0.01096	0.00245	0.00291	0.02113	0.00332	0.00306
45	0.00560	0.00377	0.00495	0.00570	0.00616	0.00348	0.00390	0.00638	0.00815	0.04642	0.02360	0.75220	0.07992	0.01234	0.00517	0.00163	0.00243	0.02084	0.00387	0.00351
46	0.07307	0.00919	0.00988	0.00810	0.01079	0.01006	0.00652	0.37206	0.22844	0.11366	0.01338	0.04411	0.02525	0.00543	0.00401	0.00129	0.00371	0.00429	0.05047	0.00631
47	0.07240	0.00816	0.01353	0.52613	0.18008	0.00951	0.06632	0.01116	0.00834	0.01178	0.00723	0.01039	0.00564	0.00411	0.00452	0.00136	0.04879	0.00363	0.00193	0.00499
48	0.00876	0.00849	0.01327	0.57776	0.22690	0.04552	0.01139	0.01164	0.03501	0.01141	0.00767	0.01074	0.00595	0.00405	0.00408	0.00132	0.00534	0.00364	0.00196	0.00512
49	0.00601	0.00396	0.00446	0.00449	0.00454	0.00395	0.00255	0.00612	0.00615	0.00837	0.01327	0.05309	0.01512	0.79009	0.01957	0.00377	0.00383	0.00606	0.04202	0.00258
50	0.00851	0.00730	0.00851	0.00608	0.00973	0.00547	0.00486	0.01034	0.00851	0.01338	0.00730	0.00851	0.00608	0.00304	0.00304	0.00061	0.00304	0.00243	0.00243	0.88083
51	0.00608	0.00412	0.00494	0.00513	0.00556	0.00397	0.00344	0.00669	0.00751	0.02929	0.06690	0.15457	0.09996	0.46698	0.01366	0.00288	0.00339	0.10871	0.00316	0.00307
52	0.00597	0.00398	0.00448	0.00448	0.00448	0.00398	0.00249	0.00597	0.00597	0.00796	0.01293	0.02686	0.01492	0.85574	0.02089	0.00398	0.00398	0.00597	0.00249	0.00249
53	0.01322	0.01533	0.01441	0.01188	0.01429	0.47681	0.19200	0.05090	0.01092	0.03568	0.00764	0.00996	0.00633	0.00464	0.00506	0.00125	0.09311	0.02923	0.00230	0.00504
54	0.01578	0.01121	0.01214	0.00931	0.01259	0.01230	0.00769	0.76550	0.01882	0.07750	0.01026	0.01012	0.00718	0.00494	0.00411	0.00123	0.00445	0.00372	0.00417	0.00698
55	0.01277	0.00915	0.00933	0.00799	0.02200	0.14947	0.00621	0.07810	0.03285	0.26143	0.02182	0.11862	0.01125	0.00591	0.00437	0.00121	0.03138	0.04245	0.00359	0.17011
56	0.01117	0.80414	0.02087	0.00716	0.01064	0.01597	0.00705	0.04872	0.02408	0.01053	0.00610	0.00690	0.00548	0.00361	0.00273	0.00090	0.00437	0.00231	0.00191	0.00537
57	0.01097	0.85821	0.02151	0.00702	0.01054	0.01624	0.00702	0.01229	0.00834	0.00966	0.00571	0.00658	0.00527	0.00351	0.00263	0.00088	0.00439	0.00219	0.00176	0.00527
58	0.00766	0.00585	0.00726	0.00652	0.00819	0.00584	0.04001	0.01190	0.21617	0.06329	0.33204	0.02757	0.19975	0.00784	0.00467	0.00137	0.00269	0.04253	0.00417	0.00470
59	0.00985	0.50544	0.32657	0.00895	0.01326	0.01356	0.01017	0.01245	0.00837	0.01092	0.00632	0.00747	0.00525	0.00382	0.00360	0.00108	0.04306	0.00257	0.00175	0.00553
60	0.01803	0.00760	0.00991	0.00760	0.01079	0.00695	0.00628	0.12914	0.01278	0.72238	0.01533	0.01341	0.00973	0.00506	0.00413	0.00126	0.00363	0.00407	0.00495	0.00699
