[name]
unknown

[dist]
# distance from previous block
# <min> <max>
0	192

[block]
# block no. 0 follows, 71 sequences, length 30
# corresponding to MSA columns:
# 192-221
name=unknown_A
#
# <colnr> <probs for GDERKNQSTAVLIFYWHMCP>
#	G	D	E	R	K	N	Q	S	T	A	V	L	I	F	Y	W	H	M	C	P
0	0.03228	0.00582	0.01924	0.00691	0.00841	0.00580	0.05786	0.08251	0.03962	0.12508	0.03379	0.14647	0.03261	0.10818	0.18365	0.00263	0.01382	0.07752	0.00312	0.01468
1	0.01069	0.09305	0.08529	0.09678	0.33315	0.02724	0.04083	0.20691	0.02208	0.03625	0.00775	0.00919	0.00601	0.00381	0.00369	0.00114	0.00465	0.00329	0.00240	0.00580
2	0.05922	0.35100	0.12544	0.01126	0.19274	0.05122	0.00872	0.13572	0.00966	0.01296	0.00656	0.00764	0.00537	0.00361	0.00316	0.00102	0.00449	0.00269	0.00208	0.00545
3	0.00724	0.00681	0.01150	0.85604	0.02641	0.00852	0.01065	0.00980	0.00767	0.00980	0.00681	0.01022	0.00511	0.00383	0.00383	0.00128	0.00511	0.00341	0.00170	0.00426
4	0.01046	0.01094	0.06853	0.01083	0.05703	0.11174	0.16977	0.12102	0.35033	0.01507	0.02712	0.01157	0.00877	0.00443	0.00395	0.00123	0.00457	0.00393	0.00302	0.00568
5	0.00569	0.00433	0.00605	0.00773	0.13188	0.00421	0.00442	0.00639	0.00700	0.00946	0.01618	0.46995	0.01884	0.27900	0.00932	0.00217	0.00305	0.00809	0.00292	0.00331
6	0.00464	0.00368	0.00417	0.00448	0.00536	0.00322	0.00320	0.00555	0.00835	0.01047	0.08323	0.34292	0.48632	0.01045	0.00467	0.00139	0.00204	0.00906	0.00360	0.00322
7	0.05439	0.00676	0.00888	0.00684	0.00978	0.00605	0.00565	0.05568	0.01111	0.77097	0.01444	0.01258	0.00913	0.00469	0.00379	0.00118	0.00329	0.00376	0.00460	0.00642
8	0.00670	0.00455	0.00556	0.00519	0.00624	0.00442	0.00381	0.00915	0.10530	0.07485	0.46855	0.06880	0.07430	0.13767	0.00669	0.00162	0.00238	0.00647	0.00386	0.00387
9	0.00455	0.00380	0.00397	0.00410	0.00524	0.00322	0.00301	0.00548	0.00853	0.01027	0.03616	0.16215	0.71626	0.01006	0.00459	0.00133	0.00198	0.00852	0.00356	0.00322
10	0.58020	0.00710	0.00680	0.00568	0.00826	0.00754	0.00468	0.01392	0.00811	0.31209	0.00883	0.00866	0.00606	0.00398	0.00290	0.00119	0.00307	0.00271	0.00322	0.00500
11	0.01025	0.86756	0.02009	0.00656	0.00984	0.01517	0.00656	0.01148	0.00779	0.00902	0.00533	0.00615	0.00492	0.00328	0.00246	0.00082	0.00410	0.00205	0.00164	0.00492
12	0.00781	0.05888	0.80737	0.01073	0.01628	0.00919	0.01382	0.01211	0.00808	0.01200	0.00681	0.00801	0.00486	0.00363	0.00359	0.00120	0.00559	0.00280	0.00162	0.00563
13	0.01131	0.73697	0.01839	0.00660	0.00983	0.01373	0.00642	0.01257	0.00827	0.13565	0.00682	0.00720	0.00561	0.00350	0.00267	0.00088	0.00397	0.00232	0.00211	0.00516
14	0.01210	0.00951	0.01011	0.00832	0.01095	0.01074	0.00669	0.43203	0.41857	0.02018	0.01235	0.01171	0.00906	0.00490	0.00387	0.00122	0.00364	0.00389	0.00387	0.00630
15	0.00615	0.00476	0.00532	0.00500	0.00626	0.01882	0.00379	0.00881	0.11472	0.03424	0.41562	0.02833	0.29261	0.00787	0.00436	0.00123	0.00213	0.00673	0.02936	0.00389
16	0.01030	0.00862	0.00910	0.00796	0.01026	0.00989	0.00625	0.14294	0.71059	0.01727	0.01464	0.01353	0.01092	0.00511	0.00389	0.00128	0.00321	0.00420	0.00389	0.00614
17	0.89233	0.00741	0.00564	0.00504	0.00741	0.00860	0.00415	0.01127	0.00653	0.01720	0.00534	0.00623	0.00415	0.00356	0.00237	0.00119	0.00297	0.00208	0.00237	0.00415
18	0.00503	0.00355	0.00457	0.00520	0.00549	0.00338	0.00353	0.00571	0.00727	0.00968	0.05127	0.55903	0.04220	0.19140	0.00799	0.00201	0.00264	0.08373	0.00332	0.00301
19	0.00617	0.00448	0.00550	0.00581	0.00651	0.00445	0.00410	0.13019	0.00901	0.01199	0.01996	0.70363	0.05176	0.01081	0.00472	0.00149	0.00252	0.00967	0.00360	0.00364
20	0.00467	0.00334	0.00445	0.00534	0.00556	0.00311	0.00356	0.00534	0.00734	0.00979	0.02113	0.86275	0.02536	0.01201	0.00489	0.00156	0.00222	0.01090	0.00356	0.00311
21	0.01604	0.00678	0.00886	0.00697	0.00982	0.00623	0.00570	0.01894	0.13586	0.71842	0.01520	0.01324	0.00983	0.00481	0.00386	0.00120	0.00323	0.00393	0.00462	0.00646
22	0.89233	0.00741	0.00564	0.00504	0.00741	0.00860	0.00415	0.01127	0.00653	0.01720	0.00534	0.00623	0.00415	0.00356	0.00237	0.00119	0.00297	0.00208	0.00237	0.00415
23	0.00533	0.00441	0.00473	0.00456	0.00587	0.00408	0.00345	0.00767	0.10832	0.01214	0.21189	0.03237	0.56384	0.00876	0.00445	0.00128	0.00204	0.00739	0.00375	0.00366
24	0.75917	0.00906	0.00643	0.00578	0.00809	0.13619	0.00465	0.01188	0.00718	0.01602	0.00543	0.00633	0.00427	0.00362	0.00254	0.00116	0.00356	0.00214	0.00231	0.00420
25	0.14298	0.04014	0.01461	0.01115	0.01297	0.04531	0.27338	0.01086	0.00728	0.01143	0.00601	0.00855	0.00515	0.00487	0.00768	0.00142	0.38635	0.00346	0.00188	0.00454
26	0.00656	0.00494	0.00574	0.00516	0.00651	0.00476	0.00397	0.13130	0.01133	0.01527	0.48360	0.02806	0.26239	0.00789	0.00442	0.00122	0.00221	0.00674	0.00397	0.00395
27	0.01101	0.09789	0.14650	0.00873	0.01166	0.17480	0.00787	0.15250	0.30305	0.01462	0.01009	0.01020	0.00768	0.00489	0.02075	0.00125	0.00467	0.00335	0.00288	0.00559
28	0.03114	0.10722	0.12639	0.00895	0.05985	0.11870	0.06038	0.04331	0.04283	0.06100	0.00752	0.00901	0.00604	0.00509	0.00513	0.13558	0.00441	0.00295	0.00221	0.16228
29	0.07906	0.02327	0.19829	0.04439	0.07023	0.08829	0.03410	0.06799	0.00949	0.19168	0.00856	0.00920	0.00616	0.00393	0.00380	0.00110	0.03188	0.00305	0.00265	0.12289

[dist]
# distance from previous block
# <min> <max>
0	6

[block]
# block no. 1 follows, 71 sequences, length 9
# corresponding to MSA columns:
# 228-236
name=unknown_B
#
# <colnr> <probs for GDERKNQSTAVLIFYWHMCP>
#	G	D	E	R	K	N	Q	S	T	A	V	L	I	F	Y	W	H	M	C	P
0	0.00904	0.11308	0.26621	0.01293	0.14680	0.00957	0.20727	0.05683	0.03324	0.02829	0.07284	0.01058	0.00812	0.00391	0.00383	0.00117	0.00499	0.00366	0.00219	0.00544
1	0.00918	0.00845	0.01353	0.10677	0.55069	0.00873	0.02784	0.05560	0.06827	0.01271	0.00827	0.01111	0.00701	0.07129	0.00504	0.00136	0.00443	0.00365	0.00217	0.02390
2	0.01432	0.01827	0.01087	0.00988	0.01185	0.84986	0.00741	0.01531	0.01087	0.00938	0.00593	0.00691	0.00494	0.00395	0.00346	0.00099	0.00691	0.00247	0.00198	0.00444
3	0.00556	0.00377	0.00444	0.00444	0.00453	0.00386	0.00264	0.00574	0.00565	0.00762	0.01185	0.02379	0.01337	0.75659	0.12740	0.00403	0.00457	0.00539	0.00229	0.00247
4	0.00507	0.00358	0.00456	0.00505	0.00533	0.00347	0.00336	0.00569	0.00702	0.00939	0.05558	0.46932	0.05135	0.25712	0.06592	0.00247	0.00321	0.03645	0.00313	0.00295
5	0.00606	0.00482	0.00593	0.00554	0.00659	0.00497	0.00427	0.00880	0.11363	0.01408	0.52067	0.02699	0.15381	0.00780	0.00510	0.00129	0.06927	0.03262	0.00386	0.00391
6	0.00558	0.00414	0.00553	0.00525	0.00609	0.00419	0.00401	0.00722	0.00951	0.01354	0.57777	0.02493	0.06174	0.01207	0.17833	0.00224	0.04066	0.00616	0.02746	0.00359
7	0.02768	0.44485	0.04520	0.00751	0.01021	0.04128	0.08413	0.01118	0.05917	0.01101	0.12027	0.01241	0.06834	0.00463	0.00363	0.00104	0.03686	0.00360	0.00232	0.00469
8	0.04485	0.04545	0.14912	0.00872	0.01223	0.04326	0.07235	0.25935	0.04900	0.10500	0.00876	0.00920	0.00637	0.00394	0.00356	0.00106	0.00428	0.00315	0.00292	0.16743

[dist]
# distance from previous block
# <min> <max>
0	1

[block]
# block no. 2 follows, 71 sequences, length 15
# corresponding to MSA columns:
# 241-249,255-259,277
name=unknown_C
#
# <colnr> <probs for GDERKNQSTAVLIFYWHMCP>
#	G	D	E	R	K	N	Q	S	T	A	V	L	I	F	Y	W	H	M	C	P
0	0.00971	0.01019	0.04634	0.03725	0.68838	0.08342	0.02516	0.01196	0.00893	0.01224	0.02572	0.00967	0.00658	0.00358	0.00379	0.00114	0.00479	0.00341	0.00194	0.00581
1	0.00974	0.00797	0.00847	0.00754	0.00972	0.00904	0.00589	0.05050	0.71151	0.05276	0.01688	0.01555	0.06637	0.00546	0.00394	0.00129	0.00302	0.00453	0.00391	0.00592
2	0.00928	0.09927	0.29654	0.00954	0.01337	0.00975	0.09370	0.10014	0.20116	0.01401	0.00905	0.00968	0.00681	0.00400	0.00377	0.00114	0.01890	0.00330	0.00249	0.09411
3	0.00838	0.03644	0.00928	0.12799	0.10553	0.07937	0.00660	0.02288	0.18267	0.02348	0.16740	0.05557	0.05683	0.00543	0.00388	0.00115	0.00354	0.00463	0.00299	0.09595
4	0.03023	0.04988	0.27775	0.00878	0.01256	0.00909	0.02265	0.26388	0.02191	0.18799	0.00984	0.04051	0.00719	0.00444	0.00370	0.00116	0.00435	0.00351	0.00309	0.03751
5	0.00995	0.08593	0.20345	0.01100	0.11283	0.00856	0.12444	0.01383	0.12930	0.15285	0.09916	0.01236	0.01029	0.00439	0.00385	0.00119	0.00430	0.00391	0.00284	0.00556
6	0.00473	0.00385	0.00419	0.00420	0.00533	0.00331	0.00311	0.00585	0.00907	0.01137	0.20593	0.10302	0.60366	0.00951	0.00456	0.00130	0.00194	0.00808	0.00370	0.00331
7	0.02181	0.02657	0.55585	0.02549	0.01416	0.00825	0.02701	0.06627	0.03786	0.02806	0.01129	0.07044	0.08066	0.00489	0.00382	0.00124	0.00481	0.00399	0.00223	0.00529
8	0.02946	0.08040	0.22865	0.01192	0.16914	0.03686	0.04224	0.18989	0.04205	0.11987	0.00867	0.00932	0.00632	0.00397	0.00366	0.00115	0.00463	0.00324	0.00267	0.00590
9	0.01394	0.00719	0.00970	0.00948	0.13515	0.02633	0.00659	0.01620	0.07644	0.52242	0.01386	0.01406	0.02816	0.03747	0.00487	0.00132	0.04151	0.02548	0.00390	0.00596
10	0.00557	0.00375	0.00436	0.00436	0.00442	0.00381	0.00254	0.00569	0.00563	0.00756	0.01192	0.02420	0.01355	0.79118	0.09306	0.00393	0.00430	0.00545	0.00230	0.00242
11	0.00949	0.24784	0.22558	0.04700	0.03176	0.05938	0.09131	0.08391	0.02222	0.02778	0.03777	0.01067	0.05250	0.01605	0.00390	0.00114	0.02101	0.00338	0.00219	0.00511
12	0.00889	0.06477	0.31461	0.11672	0.09982	0.09927	0.02182	0.04681	0.02175	0.02424	0.00992	0.01137	0.07938	0.01916	0.00439	0.00124	0.04522	0.00351	0.00207	0.00506
13	0.00551	0.00375	0.00448	0.00458	0.00470	0.00381	0.00282	0.00577	0.00588	0.00791	0.01286	0.09074	0.01463	0.67871	0.10873	0.00375	0.00431	0.03205	0.00243	0.00255
14	0.00906	0.00776	0.00819	0.00738	0.00944	0.00883	0.00573	0.03631	0.71540	0.01569	0.04554	0.01668	0.08575	0.00568	0.00398	0.00129	0.00292	0.00474	0.00388	0.00574

[dist]
# distance from previous block
# <min> <max>
0	1

[block]
# block no. 3 follows, 71 sequences, length 59
# corresponding to MSA columns:
# 279-291,301-313,318-350
name=unknown_D
#
# <colnr> <probs for GDERKNQSTAVLIFYWHMCP>
#	G	D	E	R	K	N	Q	S	T	A	V	L	I	F	Y	W	H	M	C	P
0	0.02451	0.07541	0.48915	0.02180	0.10146	0.01615	0.04849	0.06240	0.04443	0.02108	0.01906	0.04433	0.00673	0.00412	0.00368	0.00119	0.00501	0.00341	0.00206	0.00553
1	0.00747	0.00719	0.01148	0.82832	0.02593	0.03608	0.01054	0.00998	0.00777	0.00978	0.00679	0.01011	0.00511	0.00384	0.00382	0.00127	0.00517	0.00338	0.00171	0.00427
2	0.00995	0.14472	0.03771	0.01846	0.56966	0.04684	0.01831	0.04385	0.04329	0.01242	0.00728	0.00900	0.00605	0.00354	0.00357	0.00109	0.00454	0.00318	0.00202	0.01450
3	0.00971	0.68944	0.19350	0.00748	0.01126	0.01385	0.00816	0.01162	0.00785	0.00968	0.00566	0.00656	0.00491	0.00336	0.00271	0.00090	0.00443	0.00221	0.00164	0.00508
4	0.00460	0.00390	0.00398	0.00398	0.00525	0.00327	0.00300	0.00562	0.00882	0.01057	0.06922	0.03670	0.79344	0.00966	0.00455	0.00130	0.00197	0.02334	0.00359	0.00326
5	0.26151	0.00677	0.00799	0.00632	0.00913	0.00646	0.00522	0.01662	0.00973	0.61318	0.01239	0.01115	0.00800	0.00441	0.00344	0.00119	0.00318	0.00336	0.00408	0.00586
6	0.00457	0.00389	0.00394	0.00393	0.00521	0.00326	0.00295	0.00559	0.00884	0.01060	0.07753	0.03650	0.80094	0.00962	0.00453	0.00129	0.00194	0.00804	0.00359	0.00326
7	0.00479	0.00363	0.00442	0.00479	0.00548	0.00326	0.00338	0.00580	0.00852	0.01117	0.20290	0.43260	0.27455	0.01041	0.00470	0.00140	0.00205	0.00919	0.00370	0.00326
8	0.00483	0.00340	0.00440	0.00513	0.00532	0.00322	0.00334	0.00538	0.00703	0.00937	0.01953	0.71418	0.02333	0.16334	0.00749	0.00194	0.00249	0.00996	0.00334	0.00297
9	0.00456	0.00379	0.00398	0.00414	0.00525	0.00322	0.00303	0.00547	0.00849	0.01026	0.03570	0.18337	0.69533	0.01012	0.00460	0.00134	0.00199	0.00859	0.00356	0.00322
10	0.17005	0.01635	0.00994	0.00902	0.01107	0.70065	0.00683	0.01459	0.01010	0.01077	0.00582	0.00679	0.00480	0.00388	0.00326	0.00102	0.00621	0.00240	0.00205	0.00439
11	0.00873	0.00972	0.02065	0.16512	0.02117	0.00949	0.68255	0.01184	0.00880	0.01184	0.00759	0.01032	0.00569	0.00334	0.00440	0.00129	0.00622	0.00433	0.00190	0.00501
12	0.00848	0.00834	0.01216	0.01226	0.15731	0.01099	0.00879	0.00956	0.00638	0.00976	0.00566	0.00909	0.00550	0.02829	0.02159	0.00169	0.67452	0.00343	0.00174	0.00447
13	0.00726	0.00439	0.00515	0.00473	0.00623	0.00378	0.00363	0.00846	0.00946	0.18027	0.16795	0.08462	0.48254	0.00854	0.00442	0.00127	0.00221	0.00722	0.00391	0.00396
14	0.01720	0.00653	0.00890	0.00682	0.00979	0.00564	0.00564	0.01869	0.01097	0.84399	0.01513	0.01305	0.00949	0.00475	0.00386	0.00119	0.00326	0.00386	0.00475	0.00653
15	0.00923	0.45671	0.39269	0.00864	0.01296	0.03968	0.01002	0.01191	0.00803	0.01044	0.00605	0.00705	0.00489	0.00347	0.00303	0.00100	0.00490	0.00242	0.00164	0.00524
16	0.00747	0.05952	0.02255	0.26415	0.20070	0.01494	0.05705	0.00955	0.00860	0.01159	0.15677	0.09890	0.02233	0.00554	0.00415	0.00125	0.01180	0.03614	0.00248	0.00451
17	0.00456	0.00379	0.00398	0.00414	0.00525	0.00322	0.00303	0.00547	0.00849	0.01026	0.03570	0.18337	0.69533	0.01012	0.00460	0.00134	0.00199	0.00859	0.00356	0.00322
18	0.00767	0.00729	0.01243	0.69258	0.17082	0.00865	0.02621	0.01019	0.00788	0.01033	0.00690	0.01009	0.00530	0.00375	0.00384	0.00125	0.00504	0.00343	0.00174	0.00460
19	0.03795	0.04105	0.16599	0.00820	0.01091	0.04011	0.03432	0.04709	0.00811	0.05621	0.00776	0.02812	0.00662	0.02696	0.06519	0.00153	0.16393	0.01174	0.00223	0.23599
20	0.00825	0.04150	0.15948	0.22040	0.11450	0.00854	0.06149	0.07764	0.09591	0.01251	0.01085	0.11733	0.03678	0.00514	0.00403	0.00127	0.01244	0.00452	0.00242	0.00500
21	0.00500	0.00387	0.00455	0.00448	0.00551	0.00343	0.00335	0.00636	0.00966	0.01273	0.41896	0.08808	0.38860	0.00899	0.00456	0.00128	0.00192	0.02138	0.00387	0.00342
22	0.01065	0.59443	0.13653	0.00759	0.01117	0.01369	0.00778	0.15649	0.00965	0.01215	0.00624	0.00697	0.00520	0.00357	0.00287	0.00094	0.00435	0.00241	0.00203	0.00531
23	0.09385	0.03754	0.01153	0.05819	0.26510	0.09059	0.00811	0.11500	0.16756	0.08169	0.00961	0.02070	0.00749	0.00427	0.00365	0.00117	0.00417	0.01135	0.00282	0.00563
24	0.00619	0.00508	0.00750	0.15707	0.01028	0.00618	0.00588	0.00746	0.00629	0.00885	0.00928	0.01505	0.00894	0.16474	0.44806	0.00429	0.11924	0.00414	0.00199	0.00348
25	0.00972	0.03709	0.04815	0.02050	0.16859	0.00938	0.06769	0.08556	0.38583	0.03339	0.05700	0.01310	0.01047	0.00475	0.00408	0.00124	0.01999	0.01453	0.00316	0.00578
26	0.01177	0.07221	0.20930	0.02129	0.02460	0.11536	0.22025	0.02646	0.00961	0.23802	0.00916	0.00980	0.00642	0.00386	0.00383	0.00117	0.00523	0.00347	0.00264	0.00557
27	0.01401	0.00609	0.00819	0.00672	0.00925	0.00537	0.00558	0.01573	0.02431	0.59211	0.04971	0.01873	0.01261	0.00579	0.00407	0.00125	0.00322	0.14784	0.00433	0.06510
28	0.00554	0.00370	0.00419	0.00423	0.00424	0.00369	0.00237	0.00557	0.00565	0.00753	0.01246	0.05986	0.01441	0.82983	0.01891	0.00363	0.00366	0.00580	0.00237	0.00236
29	0.00795	0.00681	0.00795	0.00568	0.00909	0.00511	0.00454	0.00965	0.00795	0.01249	0.00681	0.00795	0.00568	0.00284	0.00284	0.00057	0.00284	0.00227	0.00227	0.88869
30	0.01333	0.00660	0.00826	0.00689	0.00923	0.00639	0.00547	0.07652	0.16701	0.47840	0.01584	0.16371	0.01251	0.00611	0.00405	0.00127	0.00311	0.00517	0.00431	0.00583
31	0.00490	0.00376	0.00448	0.00459	0.00548	0.00335	0.00333	0.00610	0.00918	0.01207	0.33053	0.23647	0.34277	0.00958	0.00462	0.00133	0.00196	0.00835	0.00380	0.00335
32	0.00494	0.00353	0.00476	0.00564	0.00598	0.00334	0.00402	0.00580	0.00760	0.01009	0.02099	0.71740	0.02478	0.01176	0.00497	0.00159	0.00246	0.15361	0.00355	0.00319
33	0.00769	0.01983	0.84538	0.01093	0.01659	0.00890	0.01417	0.01214	0.00810	0.01214	0.00688	0.00810	0.00486	0.00364	0.00364	0.00121	0.00567	0.00283	0.00162	0.00567
34	0.00453	0.00388	0.00388	0.00388	0.00518	0.00324	0.00291	0.00550	0.00874	0.01036	0.03884	0.03690	0.83978	0.00971	0.00453	0.00129	0.00194	0.00809	0.00356	0.00324
35	0.00795	0.00681	0.00795	0.00568	0.00909	0.00511	0.00454	0.00965	0.00795	0.01249	0.00681	0.00795	0.00568	0.00284	0.00284	0.00057	0.00284	0.00227	0.00227	0.88869
36	0.01469	0.01055	0.01139	0.00873	0.01180	0.01161	0.00721	0.79197	0.01771	0.06119	0.00947	0.00938	0.00665	0.00461	0.00384	0.00115	0.00418	0.00347	0.00388	0.00652
37	0.00949	0.00911	0.01556	0.02353	0.84133	0.00911	0.01177	0.01177	0.00873	0.01253	0.00721	0.00949	0.00607	0.00342	0.00380	0.00114	0.00456	0.00342	0.00190	0.00607
38	0.01087	0.66731	0.04418	0.00732	0.01041	0.16286	0.00694	0.01242	0.03035	0.00937	0.00576	0.00656	0.00510	0.00346	0.00271	0.00088	0.00462	0.00221	0.00176	0.00489
39	0.00864	0.03027	0.01141	0.00958	0.01004	0.01144	0.00793	0.01126	0.15287	0.01043	0.00692	0.00938	0.00621	0.00636	0.01079	0.00159	0.68478	0.00350	0.00207	0.00455
40	0.00984	0.00676	0.00814	0.00591	0.00923	0.00522	0.00477	0.01150	0.00857	0.18210	0.00851	0.00899	0.00646	0.00323	0.00305	0.00069	0.00293	0.00259	0.00278	0.70874
41	0.00592	0.00458	0.00643	0.00602	0.00717	0.00482	0.00468	0.00731	0.00646	0.00950	0.00971	0.01407	0.00901	0.04643	0.67768	0.00510	0.00878	0.00382	0.00210	0.16041
42	0.01095	0.70374	0.01836	0.00694	0.01015	0.01443	0.00665	0.15634	0.00965	0.01179	0.01746	0.00700	0.00563	0.00358	0.00273	0.00088	0.00409	0.00237	0.00206	0.00519
43	0.00721	0.00615	0.00708	0.00535	0.00825	0.00470	0.00421	0.00874	0.00807	0.01200	0.01309	0.04857	0.15443	0.00444	0.00322	0.00074	0.00265	0.00366	0.00255	0.69488
44	0.00964	0.03301	0.50075	0.00978	0.01420	0.01878	0.01104	0.15337	0.15647	0.04241	0.00906	0.00950	0.00651	0.00412	0.00370	0.00121	0.00485	0.00322	0.00251	0.00588
45	0.00917	0.01101	0.16274	0.02130	0.69506	0.00907	0.01219	0.01183	0.00862	0.01246	0.00715	0.00924	0.00586	0.00346	0.00377	0.00115	0.00475	0.00331	0.00185	0.00600
46	0.00924	0.71438	0.01722	0.00609	0.00901	0.01305	0.00591	0.01042	0.00796	0.00926	0.01127	0.01160	0.15299	0.00442	0.00283	0.00090	0.00372	0.00312	0.00198	0.00462
47	0.01322	0.01005	0.01182	0.01119	0.15861	0.01092	0.00783	0.62035	0.03467	0.03180	0.00920	0.01008	0.00691	0.04013	0.00448	0.00126	0.00422	0.00356	0.00344	0.00626
48	0.00513	0.00381	0.00477	0.00474	0.00560	0.00346	0.00348	0.00658	0.00984	0.01345	0.54524	0.17812	0.18380	0.00893	0.00459	0.00128	0.00191	0.00785	0.00398	0.00346
49	0.00498	0.00355	0.00480	0.00569	0.00604	0.00338	0.00409	0.00586	0.00764	0.01013	0.02097	0.69765	0.02470	0.01173	0.00497	0.00160	0.00249	0.17300	0.00355	0.00320
50	0.00884	0.00844	0.01438	0.26519	0.60478	0.00894	0.01144	0.01120	0.00842	0.01173	0.00710	0.00970	0.00579	0.00354	0.00381	0.00118	0.00472	0.00341	0.00184	0.00555
51	0.00773	0.00704	0.01184	0.75084	0.10704	0.00850	0.01063	0.01023	0.00786	0.03205	0.00707	0.01022	0.00532	0.00382	0.00383	0.00126	0.00501	0.00342	0.00180	0.00450
52	0.00563	0.00407	0.00524	0.00506	0.00592	0.00383	0.00374	0.03696	0.01049	0.01471	0.66381	0.17587	0.03317	0.00846	0.00456	0.00127	0.00197	0.00751	0.00409	0.00363
53	0.00809	0.00796	0.01442	0.45565	0.23184	0.00875	0.16384	0.01066	0.00814	0.01092	0.00722	0.01024	0.00565	0.00453	0.03493	0.00142	0.00541	0.00364	0.00181	0.00486
54	0.00799	0.00978	0.16053	0.39107	0.30185	0.00859	0.01139	0.01072	0.00809	0.01114	0.00749	0.04080	0.00614	0.00396	0.00383	0.00123	0.00491	0.00358	0.00182	0.00509
55	0.00487	0.00410	0.03539	0.00559	0.00606	0.00356	0.00404	0.00570	0.00740	0.00989	0.02111	0.76591	0.06652	0.01145	0.00503	0.00153	0.02489	0.01026	0.00344	0.00324
56	0.03962	0.00518	0.00578	0.01748	0.00629	0.00543	0.00367	0.15196	0.00826	0.01133	0.03470	0.04444	0.03436	0.55339	0.02651	0.00290	0.00375	0.03888	0.00275	0.00331
57	0.66626	0.00704	0.00641	0.00557	0.00776	0.00789	0.03432	0.04452	0.00786	0.01699	0.15350	0.01048	0.00999	0.00435	0.00289	0.00119	0.00294	0.00308	0.00275	0.00419
58	0.00980	0.13477	0.55207	0.01006	0.04464	0.00920	0.01151	0.01320	0.00859	0.15926	0.00814	0.00876	0.00573	0.00378	0.00352	0.00115	0.00498	0.00293	0.00219	0.00573

[dist]
# distance from previous block
# <min> <max>
0	10

# created by:
# /home/cegg/simao/soft/augustus-3.2.1/scripts/msa2prfl.pl ./align_prep/EOG092C5L7Q.fa
