[name]
unknown

[dist]
# distance from previous block
# <min> <max>
0	240

[block]
# block no. 0 follows, 74 sequences, length 20
# corresponding to MSA columns:
# 312-331
name=unknown_A
#
# <colnr> <probs for GDERKNQSTAVLIFYWHMCP>
#	G	D	E	R	K	N	Q	S	T	A	V	L	I	F	Y	W	H	M	C	P
0	0.07996	0.09664	0.01813	0.01646	0.01833	0.09614	0.09059	0.13946	0.03612	0.09670	0.03635	0.04080	0.03931	0.00531	0.00386	0.00118	0.01703	0.11910	0.00289	0.04562
1	0.17161	0.10307	0.04472	0.00729	0.00953	0.03604	0.07296	0.06556	0.06957	0.05980	0.00928	0.05360	0.01923	0.06187	0.04284	0.00151	0.06553	0.02511	0.00250	0.07838
2	0.14444	0.06465	0.10861	0.01759	0.10033	0.05401	0.02091	0.14689	0.03909	0.02818	0.02590	0.02529	0.03999	0.00432	0.00352	0.00108	0.02495	0.01562	0.06021	0.07443
3	0.09567	0.00921	0.01078	0.02393	0.11197	0.16144	0.12474	0.08426	0.04264	0.05689	0.07203	0.04008	0.00981	0.00474	0.00379	0.00115	0.01388	0.05668	0.04271	0.03360
4	0.12453	0.04633	0.00892	0.09026	0.04209	0.04889	0.01594	0.08985	0.04988	0.06279	0.07964	0.04181	0.07473	0.00510	0.00425	0.00113	0.07800	0.01925	0.00273	0.11389
5	0.04270	0.05958	0.04799	0.02445	0.01058	0.03892	0.04460	0.18913	0.07833	0.24922	0.04242	0.05748	0.00917	0.00470	0.00374	0.00111	0.01648	0.00381	0.00336	0.07223
6	0.01808	0.14172	0.17018	0.05854	0.01151	0.06140	0.06675	0.08268	0.02506	0.02587	0.01046	0.22194	0.01033	0.01911	0.02272	0.00132	0.01868	0.00485	0.00242	0.02638
7	0.02043	0.34682	0.29360	0.00827	0.01192	0.06268	0.04586	0.01104	0.00790	0.01038	0.00729	0.04702	0.00652	0.00403	0.00318	0.00102	0.00454	0.04314	0.00184	0.06252
8	0.06300	0.28763	0.11173	0.04619	0.01125	0.23350	0.00729	0.02255	0.00864	0.05165	0.00711	0.00937	0.00609	0.00395	0.00311	0.00099	0.00469	0.05562	0.00205	0.06359
9	0.03338	0.09383	0.19462	0.16854	0.08324	0.00822	0.05921	0.03421	0.02227	0.07951	0.00860	0.00982	0.03851	0.00373	0.00341	0.00105	0.00427	0.00313	0.00216	0.14827
10	0.00887	0.00924	0.04994	0.22822	0.31334	0.09800	0.07153	0.01158	0.05767	0.02776	0.00853	0.03036	0.00726	0.00422	0.00382	0.00119	0.00475	0.05666	0.00210	0.00497
11	0.00594	0.00463	0.00536	0.00521	0.00641	0.00451	0.00405	0.05670	0.09646	0.01289	0.26149	0.09437	0.30542	0.00841	0.00440	0.00130	0.00231	0.11273	0.00368	0.00374
12	0.00713	0.04798	0.00766	0.00700	0.04484	0.00614	0.00523	0.09892	0.04138	0.02480	0.01135	0.12684	0.01105	0.04008	0.39577	0.00346	0.01938	0.04187	0.00254	0.05659
13	0.08693	0.09123	0.13424	0.00862	0.01137	0.03677	0.10893	0.08962	0.06751	0.12865	0.03080	0.01069	0.03294	0.00570	0.05055	0.00144	0.09289	0.00347	0.00261	0.00502
14	0.00628	0.05574	0.00594	0.00535	0.00589	0.05932	0.00382	0.00624	0.00659	0.00842	0.04982	0.27314	0.05470	0.02990	0.07979	0.33449	0.00361	0.00581	0.00243	0.00271
15	0.00573	0.00385	0.00432	0.00420	0.00535	0.00340	0.00315	0.00696	0.00884	0.06606	0.20001	0.08955	0.44597	0.00817	0.00412	0.00119	0.00194	0.00692	0.12683	0.00345
16	0.00963	0.05717	0.00770	0.00603	0.00771	0.01915	0.00483	0.10625	0.04672	0.19868	0.11371	0.04811	0.11628	0.04945	0.03929	0.00148	0.05903	0.01795	0.08629	0.00454
17	0.01006	0.20103	0.25975	0.05188	0.01443	0.04794	0.16263	0.13097	0.00961	0.06699	0.00729	0.00835	0.00543	0.00360	0.00348	0.00109	0.00497	0.00304	0.00216	0.00529
18	0.00464	0.00331	0.00442	0.00520	0.00549	0.00310	0.00355	0.00541	0.00742	0.00995	0.08271	0.77048	0.02521	0.01127	0.00473	0.00149	0.00217	0.04288	0.00349	0.00307
19	0.00609	0.00481	0.00600	0.00588	0.00704	0.01359	0.01671	0.01877	0.10078	0.01180	0.15502	0.31772	0.04087	0.00921	0.03853	0.00149	0.00287	0.12544	0.00334	0.11405

[dist]
# distance from previous block
# <min> <max>
0	1

[block]
# block no. 1 follows, 74 sequences, length 71
# corresponding to MSA columns:
# 333-363,376-415
name=unknown_B
#
# <colnr> <probs for GDERKNQSTAVLIFYWHMCP>
#	G	D	E	R	K	N	Q	S	T	A	V	L	I	F	Y	W	H	M	C	P
0	0.02685	0.20271	0.02583	0.02131	0.12410	0.12810	0.03290	0.17040	0.04944	0.02988	0.00766	0.00905	0.00627	0.00721	0.12353	0.00173	0.02266	0.00304	0.00232	0.00501
1	0.23956	0.12200	0.08363	0.01406	0.00995	0.11553	0.00620	0.13539	0.00922	0.03318	0.00707	0.00780	0.02169	0.00366	0.00301	0.00097	0.01069	0.00253	0.00235	0.17152
2	0.01958	0.05919	0.06386	0.00658	0.00884	0.13270	0.01125	0.06254	0.04365	0.04713	0.13822	0.02191	0.01914	0.11566	0.00547	0.00128	0.01164	0.00374	0.00266	0.22497
3	0.03938	0.01204	0.11938	0.05313	0.12851	0.21236	0.07499	0.05802	0.21929	0.01278	0.01502	0.00970	0.00694	0.00405	0.00376	0.00115	0.01856	0.00331	0.00243	0.00521
4	0.00767	0.01014	0.21030	0.44464	0.23422	0.00848	0.01139	0.01051	0.00778	0.01070	0.00671	0.00923	0.00513	0.00356	0.00366	0.00119	0.00494	0.00317	0.00168	0.00490
5	0.00787	0.03289	0.52514	0.11907	0.01563	0.00885	0.01126	0.01334	0.20515	0.01229	0.00863	0.00949	0.00631	0.00390	0.00359	0.00120	0.00478	0.00314	0.00210	0.00539
6	0.03438	0.00921	0.01190	0.04737	0.02292	0.11699	0.20179	0.15201	0.07535	0.11626	0.01293	0.02875	0.11563	0.00489	0.00417	0.00119	0.03211	0.00425	0.00290	0.00500
7	0.01316	0.00646	0.00913	0.00858	0.09901	0.00633	0.00620	0.02209	0.00936	0.53440	0.01325	0.12151	0.01022	0.00561	0.00495	0.00125	0.11467	0.00450	0.00376	0.00555
8	0.00457	0.00335	0.00432	0.00507	0.00545	0.00309	0.00349	0.00531	0.00735	0.00962	0.02262	0.72086	0.12988	0.01128	0.00471	0.00148	0.00218	0.04889	0.00344	0.00305
9	0.00601	0.09939	0.11666	0.00664	0.00786	0.00613	0.00579	0.00728	0.00719	0.00980	0.03277	0.50429	0.01743	0.00887	0.00529	0.00140	0.11347	0.03726	0.00278	0.00368
10	0.00771	0.03278	0.72743	0.01209	0.12366	0.00875	0.01328	0.01170	0.00791	0.01175	0.00668	0.00798	0.00486	0.00349	0.00353	0.00116	0.00532	0.00280	0.00160	0.00552
11	0.00452	0.00323	0.00431	0.00517	0.00538	0.00301	0.00345	0.00517	0.00711	0.00948	0.02046	0.86713	0.02455	0.01163	0.00474	0.00151	0.00215	0.01055	0.00345	0.00301
12	0.19800	0.00713	0.00740	0.00641	0.00821	0.00779	0.00496	0.35595	0.01112	0.01662	0.01140	0.23163	0.01131	0.09913	0.00531	0.00149	0.00328	0.00514	0.00319	0.00454
13	0.00996	0.01100	0.10330	0.12456	0.43698	0.11783	0.01040	0.11834	0.00969	0.01282	0.00699	0.00878	0.00555	0.00360	0.00363	0.00111	0.00485	0.00313	0.00204	0.00547
14	0.00778	0.00720	0.01172	0.13245	0.50729	0.00734	0.01826	0.00958	0.00792	0.01085	0.01148	0.01466	0.11462	0.11651	0.00575	0.00147	0.00407	0.00417	0.00207	0.00481
15	0.00608	0.00543	0.00857	0.54749	0.01813	0.00635	0.00772	0.00793	0.00748	0.00955	0.01387	0.21661	0.11760	0.00632	0.00404	0.00130	0.00389	0.00560	0.00231	0.00373
16	0.00850	0.01694	0.65164	0.01163	0.10478	0.00902	0.01260	0.11838	0.00915	0.01330	0.00699	0.00812	0.00504	0.00362	0.00357	0.00116	0.00519	0.00288	0.00187	0.00564
17	0.00884	0.00946	0.01937	0.01679	0.21493	0.00904	0.58791	0.01182	0.02580	0.01988	0.00799	0.02374	0.00637	0.00346	0.00421	0.00123	0.00562	0.01638	0.00198	0.00519
18	0.00741	0.00634	0.00665	0.00619	0.00721	0.11525	0.00468	0.09657	0.00856	0.01125	0.16535	0.01639	0.01358	0.11271	0.36625	0.03149	0.00637	0.00435	0.00977	0.00363
19	0.00855	0.30098	0.13433	0.00783	0.01146	0.00934	0.11386	0.01062	0.00780	0.01088	0.00624	0.00743	0.00515	0.00305	0.00295	0.00081	0.00401	0.00249	0.00186	0.35035
20	0.10363	0.38939	0.14106	0.00670	0.00950	0.02681	0.00678	0.01003	0.00772	0.01053	0.01147	0.01479	0.11579	0.00506	0.00338	0.00109	0.02149	0.10826	0.00214	0.00439
21	0.00489	0.00349	0.00467	0.00531	0.00562	0.00344	0.00372	0.00566	0.00689	0.00925	0.01788	0.55941	0.02080	0.12389	0.11687	0.00238	0.00349	0.09624	0.00310	0.00300
22	0.01619	0.00685	0.00893	0.00684	0.00973	0.00623	0.00565	0.12380	0.01147	0.72933	0.01378	0.01208	0.00876	0.00455	0.00372	0.00114	0.00327	0.00366	0.00444	0.01960
23	0.00509	0.00547	0.11324	0.00580	0.00688	0.00387	0.00480	0.00633	0.00750	0.01024	0.07767	0.61080	0.05029	0.02577	0.00475	0.00144	0.00261	0.02354	0.00319	0.03071
24	0.00541	0.00572	0.09627	0.11520	0.00907	0.00451	0.00528	0.00714	0.00874	0.01176	0.31847	0.14417	0.22084	0.02542	0.00455	0.00130	0.00269	0.00663	0.00322	0.00361
25	0.00458	0.00346	0.00423	0.00469	0.00530	0.00311	0.00327	0.00545	0.00795	0.01034	0.13238	0.51383	0.26707	0.01045	0.00459	0.00139	0.00202	0.00925	0.00353	0.00311
26	0.00645	0.00322	0.00484	0.00484	0.00484	0.00322	0.00322	0.00484	0.00484	0.00645	0.00645	0.01128	0.00645	0.01289	0.01451	0.89201	0.00322	0.00322	0.00161	0.00161
27	0.03578	0.00995	0.11904	0.10048	0.01210	0.09281	0.00820	0.10058	0.02134	0.01126	0.00673	0.00919	0.00573	0.00833	0.13101	0.00202	0.31583	0.00320	0.00199	0.00444
28	0.03888	0.00878	0.00974	0.00782	0.01023	0.00979	0.00639	0.61358	0.01440	0.01970	0.00904	0.01016	0.00694	0.00995	0.20465	0.00226	0.00543	0.00345	0.00326	0.00553
29	0.00812	0.09968	0.00751	0.00564	0.00665	0.11623	0.00403	0.11387	0.00794	0.00989	0.01738	0.01767	0.01052	0.50889	0.03786	0.00265	0.00425	0.00432	0.01352	0.00337
30	0.68666	0.00705	0.00581	0.00509	0.00728	0.00804	0.00416	0.09914	0.00770	0.01702	0.00646	0.00734	0.00497	0.00367	0.00249	0.00111	0.00286	0.00234	0.11661	0.00419
31	0.00532	0.00398	0.00502	0.00505	0.00602	0.00372	0.00399	0.00706	0.02604	0.01298	0.46232	0.03249	0.20290	0.00855	0.00454	0.00132	0.00220	0.19927	0.00379	0.00345
32	0.00664	0.00552	0.00829	0.00744	0.00926	0.00501	0.11170	0.00847	0.00839	0.01145	0.03286	0.03847	0.05559	0.00748	0.00441	0.00134	0.00350	0.45677	0.00295	0.21449
33	0.00827	0.00647	0.00693	0.00605	0.00807	0.00668	0.00474	0.09517	0.34131	0.06287	0.02204	0.02082	0.31521	0.00637	0.00391	0.00118	0.00266	0.00526	0.00358	0.07239
34	0.01011	0.00641	0.00738	0.00624	0.00789	0.00661	0.00475	0.29371	0.02320	0.14734	0.08499	0.12674	0.03003	0.21006	0.00749	0.00176	0.00329	0.00522	0.01219	0.00459
35	0.00463	0.00328	0.00427	0.00502	0.00521	0.00309	0.00329	0.00520	0.00689	0.00918	0.01933	0.75876	0.02313	0.12194	0.00656	0.00178	0.00234	0.00989	0.00329	0.00292
36	0.00453	0.00332	0.00426	0.00499	0.00536	0.00305	0.00339	0.00524	0.00735	0.00963	0.03273	0.73499	0.13613	0.01126	0.00469	0.00147	0.00213	0.01898	0.00345	0.00304
37	0.00915	0.04062	0.06700	0.01400	0.02670	0.08125	0.62613	0.01213	0.02525	0.02208	0.00786	0.03567	0.00621	0.00353	0.00416	0.00121	0.00592	0.00420	0.00197	0.00495
38	0.00744	0.01920	0.85032	0.01058	0.01607	0.00862	0.01371	0.01176	0.00784	0.01176	0.00666	0.00784	0.00470	0.00353	0.00353	0.00118	0.00549	0.00274	0.00157	0.00549
39	0.00461	0.00370	0.00412	0.00416	0.00519	0.00321	0.00306	0.00570	0.00877	0.01111	0.22683	0.14073	0.54726	0.00926	0.00443	0.00127	0.00188	0.00792	0.00360	0.00321
40	0.00608	0.00467	0.00531	0.00486	0.00617	0.00445	0.00374	0.11278	0.01906	0.01388	0.37750	0.03912	0.36069	0.00799	0.00431	0.00121	0.00215	0.01855	0.00376	0.00373
41	0.02777	0.02771	0.01119	0.01012	0.11841	0.14435	0.00731	0.43158	0.02818	0.14320	0.00899	0.00914	0.00647	0.00420	0.00360	0.00109	0.00436	0.00321	0.00325	0.00586
42	0.00695	0.00531	0.00638	0.00534	0.00707	0.00487	0.00416	0.11386	0.01069	0.01521	0.52100	0.02073	0.04161	0.00608	0.00391	0.00102	0.00229	0.00523	0.00358	0.21472
43	0.00530	0.00398	0.00597	0.00597	0.00663	0.00464	0.00464	0.00663	0.00597	0.00862	0.00994	0.01458	0.00928	0.02784	0.85484	0.00597	0.00994	0.00398	0.00199	0.00331
44	0.00838	0.00676	0.00765	0.00610	0.00857	0.01526	0.00483	0.13805	0.06234	0.01330	0.00956	0.01410	0.00873	0.11642	0.00532	0.00121	0.00319	0.09103	0.00267	0.47651
45	0.00542	0.00573	0.11431	0.00578	0.00708	0.00413	0.00499	0.01893	0.00781	0.02326	0.02182	0.39099	0.21408	0.03971	0.02404	0.00159	0.00293	0.10075	0.00315	0.00349
46	0.00452	0.00323	0.00431	0.00517	0.00538	0.00301	0.00345	0.00517	0.00711	0.00948	0.02046	0.86713	0.02455	0.01163	0.00474	0.00151	0.00215	0.01055	0.00345	0.00301
47	0.12706	0.02276	0.02020	0.00876	0.01119	0.30121	0.07504	0.24962	0.06177	0.02612	0.01567	0.02495	0.00668	0.00447	0.00990	0.00114	0.00491	0.02087	0.00270	0.00499
48	0.00838	0.00717	0.00802	0.00631	0.00916	0.00664	0.00499	0.02838	0.31226	0.01356	0.00975	0.00997	0.00765	0.00362	0.00314	0.00082	0.00284	0.00295	0.00280	0.55161
49	0.01032	0.11984	0.01267	0.00833	0.01154	0.03194	0.14310	0.25314	0.01868	0.02340	0.00738	0.00830	0.00574	0.00344	0.00329	0.00089	0.00399	0.00291	0.00254	0.32855
50	0.01027	0.01030	0.01260	0.01277	0.20897	0.20973	0.15672	0.08639	0.05192	0.04412	0.05412	0.06406	0.01586	0.00501	0.01751	0.00123	0.00490	0.02604	0.00251	0.00497
51	0.00473	0.00332	0.00425	0.00490	0.00507	0.00315	0.00316	0.00522	0.00670	0.00893	0.01838	0.66715	0.02193	0.21518	0.00810	0.00200	0.00250	0.00933	0.00316	0.00283
52	0.01081	0.10266	0.01036	0.00788	0.01022	0.12846	0.00631	0.16082	0.49013	0.01527	0.01164	0.01113	0.00883	0.00456	0.00356	0.00114	0.00377	0.00356	0.00327	0.00561
53	0.06554	0.12230	0.20985	0.00786	0.01123	0.11482	0.00772	0.04218	0.02152	0.34709	0.00966	0.00939	0.00663	0.00399	0.00338	0.00109	0.00427	0.00299	0.00297	0.00552
54	0.02612	0.12173	0.13016	0.10066	0.01349	0.03181	0.10891	0.08581	0.00911	0.18247	0.02537	0.00954	0.00656	0.00422	0.00467	0.00118	0.11620	0.00328	0.00251	0.01620
55	0.01047	0.00710	0.09848	0.00845	0.11716	0.00559	0.00626	0.01227	0.02957	0.33922	0.06925	0.12244	0.03299	0.11674	0.00584	0.00151	0.00337	0.00496	0.00338	0.00495
56	0.01367	0.00912	0.00999	0.00774	0.01047	0.00986	0.00637	0.63942	0.01553	0.12945	0.01000	0.00992	0.00703	0.00446	0.00360	0.00109	0.00371	0.00341	0.09916	0.00601
57	0.01176	0.01397	0.01129	0.12071	0.12140	0.53276	0.00822	0.02534	0.00944	0.00973	0.00596	0.00762	0.00498	0.00404	0.00439	0.00109	0.09820	0.00273	0.00186	0.00449
58	0.00768	0.00770	0.01039	0.64034	0.02130	0.11757	0.00917	0.00981	0.00764	0.00932	0.00692	0.01008	0.00548	0.00683	0.11310	0.00181	0.00582	0.00327	0.00173	0.00404
59	0.00509	0.00368	0.00494	0.00495	0.00565	0.00353	0.00364	0.00652	0.00912	0.01280	0.54164	0.22520	0.02923	0.01115	0.11382	0.00187	0.00290	0.00727	0.00366	0.00336
60	0.00642	0.00355	0.00377	0.00377	0.00466	0.00354	0.00284	0.00800	0.00768	0.01278	0.01518	0.01676	0.11785	0.00751	0.09448	0.00146	0.00263	0.00408	0.67962	0.00340
61	0.01251	0.01331	0.00924	0.00840	0.01023	0.54407	0.00633	0.01452	0.09927	0.11782	0.00980	0.11984	0.00862	0.00507	0.00362	0.00109	0.00525	0.00382	0.00266	0.00456
62	0.01239	0.00532	0.00719	0.00596	0.00802	0.00468	0.00473	0.01380	0.01014	0.54313	0.21227	0.12609	0.01729	0.00621	0.00402	0.00120	0.00270	0.00532	0.00433	0.00522
63	0.00452	0.00323	0.00431	0.00517	0.00538	0.00301	0.00345	0.00517	0.00711	0.00948	0.02046	0.86713	0.02455	0.01163	0.00474	0.00151	0.00215	0.01055	0.00345	0.00301
64	0.01359	0.00901	0.00944	0.00916	0.11801	0.20616	0.00638	0.01505	0.01030	0.43700	0.11610	0.01269	0.01097	0.00462	0.00372	0.00110	0.00398	0.00374	0.00354	0.00543
65	0.00510	0.00397	0.00470	0.00514	0.00584	0.00384	0.00361	0.00708	0.11448	0.01038	0.02384	0.56015	0.21749	0.01025	0.00453	0.00142	0.00219	0.00909	0.00349	0.00341
66	0.00452	0.00323	0.00431	0.00517	0.00538	0.00301	0.00345	0.00517	0.00711	0.00948	0.02046	0.86713	0.02455	0.01163	0.00474	0.00151	0.00215	0.01055	0.00345	0.00301
67	0.00859	0.01120	0.12936	0.01499	0.01897	0.00929	0.72665	0.01187	0.00864	0.01187	0.00740	0.00973	0.00551	0.00318	0.00427	0.00124	0.00616	0.00417	0.00184	0.00507
68	0.00724	0.00442	0.00452	0.00418	0.00541	0.00442	0.00322	0.11399	0.00919	0.01416	0.01775	0.01840	0.20731	0.00555	0.00316	0.00099	0.00207	0.00448	0.56580	0.00375
69	0.00494	0.00359	0.00466	0.00481	0.00546	0.00330	0.00345	0.00625	0.00916	0.01266	0.50141	0.33523	0.07293	0.00916	0.00451	0.00130	0.00190	0.00818	0.00382	0.00330
70	0.01228	0.00532	0.00704	0.00584	0.00795	0.00463	0.00465	0.01358	0.00988	0.54250	0.10759	0.12807	0.12141	0.00645	0.00402	0.00121	0.00271	0.00547	0.00424	0.00518

[dist]
# distance from previous block
# <min> <max>
0	1

[block]
# block no. 2 follows, 74 sequences, length 48
# corresponding to MSA columns:
# 417-464
name=unknown_C
#
# <colnr> <probs for GDERKNQSTAVLIFYWHMCP>
#	G	D	E	R	K	N	Q	S	T	A	V	L	I	F	Y	W	H	M	C	P
0	0.01185	0.01096	0.14315	0.00859	0.01164	0.01812	0.02370	0.57308	0.01440	0.02936	0.00992	0.10962	0.00821	0.00512	0.00381	0.00117	0.00414	0.00411	0.00330	0.00575
1	0.00944	0.14800	0.12626	0.00929	0.01091	0.17625	0.00841	0.01081	0.00721	0.00931	0.00533	0.00746	0.00481	0.00505	0.00773	0.00130	0.44353	0.00281	0.00167	0.00441
2	0.01748	0.01097	0.10872	0.01006	0.14273	0.18788	0.01723	0.08159	0.02557	0.02525	0.07219	0.00960	0.00784	0.00376	0.00337	0.00093	0.00426	0.00301	0.00235	0.26519
3	0.00945	0.15467	0.30513	0.01305	0.22470	0.01018	0.07464	0.14153	0.00954	0.01320	0.00692	0.00821	0.00534	0.00353	0.00347	0.00109	0.00480	0.00298	0.00200	0.00556
4	0.00727	0.00618	0.00656	0.00604	0.00773	0.00667	0.00465	0.01377	0.48496	0.01375	0.11951	0.02225	0.27214	0.00669	0.00404	0.00125	0.00247	0.00562	0.00371	0.00475
5	0.00816	0.00777	0.01321	0.41833	0.45888	0.00855	0.01088	0.01049	0.00797	0.01088	0.00680	0.00952	0.00544	0.00350	0.00369	0.00117	0.00466	0.00330	0.00175	0.00505
6	0.11058	0.00880	0.01265	0.01319	0.25677	0.04173	0.14326	0.06674	0.12142	0.05924	0.00893	0.01011	0.02452	0.00408	0.00435	0.00118	0.07725	0.00351	0.00246	0.02922
7	0.02245	0.00454	0.00618	0.00598	0.00664	0.00478	0.02474	0.01772	0.00817	0.02575	0.26490	0.41316	0.02319	0.00893	0.00554	0.00138	0.12187	0.00767	0.00332	0.02310
8	0.00540	0.00360	0.00405	0.00405	0.00405	0.00360	0.00225	0.00540	0.00540	0.00720	0.01170	0.02429	0.01349	0.86955	0.01889	0.00360	0.00360	0.00540	0.00225	0.00225
9	0.00475	0.00340	0.00449	0.00500	0.00541	0.00317	0.00344	0.00571	0.00808	0.01103	0.26229	0.60627	0.02744	0.02504	0.00487	0.00144	0.00206	0.00934	0.00361	0.00315
10	0.02862	0.26465	0.01550	0.01104	0.11989	0.22100	0.14705	0.09287	0.00964	0.02722	0.01907	0.00800	0.00573	0.00360	0.00339	0.00101	0.01177	0.00291	0.00207	0.00498
11	0.11954	0.00706	0.00864	0.00671	0.00953	0.00675	0.00554	0.14621	0.01120	0.62069	0.01262	0.01127	0.00813	0.00444	0.00356	0.00114	0.00327	0.00347	0.00419	0.00605
12	0.00841	0.00832	0.01124	0.12482	0.01234	0.09092	0.10436	0.00988	0.00708	0.01015	0.00664	0.00935	0.00570	0.00512	0.00775	0.00134	0.42701	0.00334	0.14213	0.00411
13	0.00483	0.00364	0.00393	0.00401	0.00464	0.00332	0.00264	0.00534	0.00704	0.00878	0.02508	0.10779	0.41810	0.37266	0.01054	0.00227	0.00263	0.00706	0.00294	0.00275
14	0.00855	0.00731	0.00870	0.00657	0.00928	0.00683	0.00533	0.10640	0.02646	0.01300	0.00678	0.00804	0.00562	0.00359	0.00438	0.00080	0.13884	0.00254	0.00232	0.62866
15	0.00485	0.00349	0.00476	0.00527	0.00559	0.00356	0.00366	0.00562	0.00657	0.00896	0.01634	0.51773	0.01877	0.11719	0.25606	0.00306	0.00461	0.00802	0.00288	0.00301
16	0.00532	0.00378	0.00506	0.00509	0.00544	0.00412	0.00354	0.00603	0.00575	0.00801	0.01107	0.04736	0.01166	0.40122	0.45509	0.00477	0.00686	0.00483	0.00215	0.00283
17	0.00450	0.00330	0.00423	0.00498	0.00533	0.00303	0.00336	0.00519	0.00729	0.00955	0.02278	0.75437	0.13580	0.01133	0.00469	0.00147	0.00212	0.01018	0.00345	0.00303
18	0.00532	0.00393	0.00571	0.00571	0.00629	0.00450	0.00432	0.00647	0.00589	0.00843	0.01017	0.01587	0.00984	0.13945	0.74400	0.00565	0.00910	0.00417	0.00202	0.00317
19	0.00784	0.00695	0.00933	0.12420	0.14346	0.00601	0.00631	0.00969	0.00778	0.01175	0.00666	0.00823	0.00548	0.00297	0.00303	0.00073	0.00331	0.00252	0.00207	0.63170
20	0.00537	0.00371	0.00461	0.00461	0.00481	0.00390	0.00295	0.00576	0.00556	0.00761	0.01118	0.02144	0.01226	0.62236	0.26439	0.00429	0.00546	0.00498	0.00217	0.00256
21	0.00452	0.00333	0.00424	0.00497	0.00536	0.00305	0.00338	0.00523	0.00734	0.00958	0.02316	0.72506	0.15417	0.01126	0.00469	0.00147	0.00213	0.02059	0.00345	0.00304
22	0.01199	0.01349	0.00950	0.00847	0.01039	0.51568	0.00646	0.10189	0.14231	0.01242	0.12130	0.01091	0.01008	0.00459	0.00359	0.00105	0.00515	0.00336	0.00269	0.00466
23	0.00746	0.00631	0.00679	0.00641	0.00811	0.00688	0.00505	0.01412	0.49792	0.01341	0.02192	0.02368	0.24238	0.00695	0.00413	0.00132	0.00271	0.11603	0.00364	0.00479
24	0.01011	0.00868	0.00876	0.00765	0.00967	0.08476	0.00601	0.22287	0.39956	0.01567	0.01221	0.03067	0.01734	0.00857	0.13827	0.00194	0.00465	0.00395	0.00330	0.00535
25	0.01252	0.12832	0.14464	0.00839	0.01174	0.02033	0.00785	0.51632	0.01395	0.07455	0.02093	0.00885	0.00645	0.00418	0.00351	0.00108	0.00422	0.00313	0.00313	0.00591
26	0.00939	0.00907	0.01558	0.18171	0.33232	0.02265	0.23690	0.12278	0.00959	0.01303	0.00729	0.00948	0.00567	0.00350	0.00388	0.00117	0.00502	0.00359	0.00207	0.00533
27	0.01262	0.01032	0.01267	0.00982	0.01268	0.12412	0.19027	0.29989	0.12587	0.14831	0.00992	0.01012	0.00709	0.00418	0.00382	0.00115	0.00462	0.00362	0.00321	0.00569
28	0.00833	0.00756	0.01194	0.49257	0.03797	0.00831	0.10561	0.12161	0.00901	0.01212	0.00703	0.00941	0.00532	0.00358	0.00364	0.00111	0.00463	0.00326	0.00205	0.14494
29	0.00951	0.00693	0.00879	0.00838	0.12232	0.00641	0.00576	0.08820	0.10372	0.12855	0.14136	0.01255	0.01146	0.00426	0.00347	0.00094	0.00302	0.00360	0.00310	0.32769
30	0.00675	0.00593	0.00610	0.00577	0.00610	0.10481	0.00400	0.00718	0.00613	0.00788	0.00979	0.01850	0.01064	0.51775	0.14829	0.00339	0.12148	0.00453	0.00208	0.00290
31	0.00744	0.01920	0.85032	0.01058	0.01607	0.00862	0.01371	0.01176	0.00784	0.01176	0.00666	0.00784	0.00470	0.00353	0.00353	0.00118	0.00549	0.00274	0.00157	0.00549
32	0.00820	0.00830	0.00755	0.00717	0.00837	0.23948	0.00551	0.01066	0.12029	0.00968	0.00948	0.01231	0.00832	0.01813	0.50479	0.00395	0.00810	0.00357	0.00221	0.00393
33	0.00452	0.00323	0.00431	0.00517	0.00538	0.00301	0.00345	0.00517	0.00711	0.00948	0.02046	0.86713	0.02455	0.01163	0.00474	0.00151	0.00215	0.01055	0.00345	0.00301
34	0.00727	0.00686	0.01160	0.76219	0.12201	0.00831	0.01044	0.00971	0.00754	0.00979	0.00664	0.00981	0.00506	0.00366	0.00371	0.00122	0.00488	0.00330	0.00167	0.00433
35	0.00523	0.00425	0.00587	0.00760	0.13822	0.00396	0.00454	0.00619	0.00766	0.01003	0.02267	0.52108	0.22924	0.00975	0.00448	0.00138	0.00244	0.00872	0.00319	0.00350
36	0.01002	0.00736	0.00815	0.00720	0.00921	0.00811	0.00560	0.12767	0.49917	0.11356	0.01506	0.14791	0.01249	0.00595	0.00391	0.00127	0.00300	0.00503	0.00381	0.00553
37	0.01368	0.00946	0.01036	0.00812	0.01094	0.01033	0.00665	0.59466	0.14649	0.13411	0.01067	0.01020	0.00750	0.00457	0.00373	0.00114	0.00378	0.00353	0.00384	0.00624
38	0.00452	0.00323	0.00431	0.00517	0.00538	0.00301	0.00345	0.00517	0.00711	0.00948	0.02046	0.86713	0.02455	0.01163	0.00474	0.00151	0.00215	0.01055	0.00345	0.00301
39	0.75638	0.00884	0.00626	0.00562	0.00786	0.14210	0.00452	0.01153	0.00698	0.01546	0.00526	0.00613	0.00414	0.00351	0.00246	0.00112	0.00348	0.00207	0.00224	0.00406
40	0.00515	0.00379	0.00482	0.00456	0.00548	0.00346	0.00342	0.00681	0.01027	0.01431	0.74964	0.02867	0.13018	0.00780	0.00438	0.00118	0.00177	0.00684	0.00401	0.00346
41	0.00443	0.00368	0.00387	0.00400	0.00508	0.00312	0.00293	0.00533	0.00829	0.01003	0.05055	0.16698	0.69951	0.00972	0.00444	0.00129	0.00192	0.00824	0.00346	0.00312
42	0.63580	0.00656	0.00596	0.00529	0.00740	0.00735	0.00431	0.01121	0.00685	0.12826	0.00721	0.00828	0.00555	0.00746	0.13724	0.00191	0.00403	0.00255	0.00256	0.00422
43	0.01544	0.00706	0.00893	0.00698	0.00977	0.00672	0.00572	0.12894	0.10896	0.63908	0.01392	0.01227	0.00905	0.00463	0.00374	0.00116	0.00326	0.00373	0.00438	0.00626
44	0.00452	0.00323	0.00431	0.00517	0.00538	0.00301	0.00345	0.00517	0.00711	0.00948	0.02046	0.86713	0.02455	0.01163	0.00474	0.00151	0.00215	0.01055	0.00345	0.00301
45	0.00495	0.00356	0.00469	0.00487	0.00548	0.00330	0.00348	0.00625	0.00911	0.01266	0.50564	0.37286	0.03072	0.00925	0.00453	0.00131	0.00192	0.00829	0.00382	0.00330
46	0.00870	0.00861	0.01495	0.11820	0.50556	0.00923	0.12216	0.01085	0.00794	0.01128	0.00667	0.00921	0.00558	0.00383	0.00512	0.00122	0.14039	0.00344	0.00179	0.00527
47	0.11670	0.01516	0.01097	0.00947	0.01165	0.62941	0.09277	0.02284	0.00984	0.01049	0.00637	0.00743	0.01712	0.00378	0.00334	0.00101	0.00603	0.00264	0.00200	0.02099

[dist]
# distance from previous block
# <min> <max>
1	22

[block]
# block no. 3 follows, 74 sequences, length 74
# corresponding to MSA columns:
# 487-560
name=unknown_D
#
# <colnr> <probs for GDERKNQSTAVLIFYWHMCP>
#	G	D	E	R	K	N	Q	S	T	A	V	L	I	F	Y	W	H	M	C	P
0	0.01184	0.20134	0.11147	0.00851	0.01967	0.14616	0.00763	0.33704	0.09447	0.01563	0.00791	0.00827	0.00603	0.00401	0.00335	0.00104	0.00453	0.00291	0.00269	0.00551
1	0.01070	0.00953	0.01146	0.00900	0.01158	0.13772	0.16531	0.21493	0.03617	0.07010	0.02343	0.10345	0.00861	0.00473	0.00393	0.00109	0.02167	0.00411	0.00283	0.14965
2	0.00819	0.27237	0.34072	0.00859	0.01202	0.01030	0.02837	0.01770	0.03692	0.01043	0.00671	0.00831	0.00553	0.00645	0.09753	0.00163	0.09944	0.00279	0.00174	0.02429
3	0.00567	0.00433	0.00526	0.00494	0.00602	0.00420	0.00373	0.00846	0.11813	0.01439	0.64032	0.02688	0.12854	0.00747	0.00430	0.00119	0.00192	0.00652	0.00397	0.00377
4	0.00531	0.00472	0.00557	0.00518	0.00611	0.00498	0.00406	0.00632	0.00809	0.01036	0.12546	0.02872	0.56519	0.00855	0.00610	0.00132	0.19075	0.00670	0.00312	0.00338
5	0.02310	0.01346	0.01156	0.01242	0.21067	0.44529	0.00810	0.11767	0.04176	0.02524	0.00688	0.00800	0.00555	0.00398	0.00395	0.00106	0.05121	0.00286	0.00222	0.00501
6	0.00612	0.00505	0.00819	0.00682	0.00772	0.00499	0.18479	0.00697	0.00620	0.00839	0.01057	0.02001	0.01127	0.58030	0.11417	0.00336	0.00493	0.00501	0.00214	0.00298
7	0.00479	0.00339	0.00446	0.00522	0.00548	0.00322	0.00358	0.00547	0.00706	0.00939	0.01934	0.67730	0.02290	0.11253	0.00645	0.00178	0.00246	0.09892	0.00330	0.00297
8	0.00610	0.00502	0.00715	0.00931	0.19042	0.00502	0.00548	0.00825	0.10547	0.01077	0.01687	0.57838	0.01890	0.00903	0.00439	0.00139	0.00274	0.00821	0.00313	0.00398
9	0.01101	0.01050	0.00993	0.14775	0.01308	0.20192	0.00716	0.19774	0.33236	0.01482	0.01021	0.01048	0.00768	0.00441	0.00365	0.00115	0.00438	0.00345	0.00299	0.00533
10	0.00923	0.00797	0.00839	0.00755	0.00965	0.00923	0.00588	0.01972	0.83969	0.01553	0.01511	0.01385	0.01133	0.00504	0.00378	0.00126	0.00294	0.00420	0.00378	0.00588
11	0.00785	0.15864	0.71443	0.00989	0.01500	0.00961	0.01251	0.01165	0.00779	0.01126	0.00642	0.00753	0.00471	0.00347	0.00334	0.00111	0.00524	0.00262	0.00157	0.00537
12	0.00450	0.00370	0.00396	0.00403	0.00512	0.00316	0.00297	0.00549	0.00853	0.01050	0.12409	0.13277	0.65943	0.00946	0.00443	0.00127	0.00190	0.00803	0.00352	0.00316
13	0.00470	0.00371	0.00424	0.00424	0.00524	0.00325	0.00313	0.00589	0.00901	0.01164	0.31414	0.13089	0.46866	0.00904	0.00443	0.00125	0.00187	0.00777	0.00367	0.00325
14	0.00770	0.00660	0.00770	0.00550	0.00880	0.00495	0.00440	0.00935	0.00770	0.01210	0.00660	0.00770	0.00550	0.00275	0.00275	0.00055	0.00275	0.00220	0.00220	0.89224
15	0.00451	0.00329	0.00425	0.00501	0.00534	0.00303	0.00338	0.00519	0.00726	0.00954	0.02234	0.77590	0.11456	0.01138	0.00470	0.00148	0.00212	0.01025	0.00345	0.00303
16	0.00610	0.00344	0.00369	0.00388	0.00464	0.00332	0.00281	0.00749	0.00770	0.01243	0.01681	0.21034	0.10460	0.00654	0.00328	0.00105	0.00184	0.00555	0.59116	0.00332
17	0.00452	0.00323	0.00431	0.00517	0.00538	0.00301	0.00345	0.00517	0.00711	0.00948	0.02046	0.86713	0.02455	0.01163	0.00474	0.00151	0.00215	0.01055	0.00345	0.00301
18	0.00833	0.00829	0.01245	0.49848	0.31054	0.07814	0.01043	0.01059	0.00804	0.01037	0.00666	0.00939	0.00526	0.00358	0.00367	0.00117	0.00490	0.00323	0.00174	0.00475
19	0.00545	0.00449	0.00457	0.00428	0.00573	0.00405	0.00328	0.09626	0.00945	0.01149	0.03445	0.03278	0.75288	0.00886	0.00431	0.00124	0.00212	0.00734	0.00348	0.00348
20	0.00573	0.00416	0.00563	0.00626	0.00716	0.00406	0.00536	0.00736	0.00875	0.01140	0.11209	0.03964	0.11322	0.00987	0.00496	0.00160	0.00307	0.64278	0.00349	0.00340
21	0.00836	0.30619	0.52636	0.00952	0.02537	0.01070	0.04319	0.01154	0.00778	0.01075	0.00619	0.00731	0.00478	0.00339	0.00318	0.00105	0.00499	0.00256	0.00159	0.00523
22	0.00931	0.00857	0.00797	0.00725	0.00893	0.14621	0.00554	0.14397	0.30248	0.01379	0.01538	0.20078	0.08085	0.00659	0.00415	0.00125	0.02344	0.00544	0.00331	0.00479
23	0.56062	0.00792	0.00732	0.00605	0.00859	0.00883	0.00499	0.22798	0.00975	0.11646	0.00727	0.00756	0.00523	0.00385	0.00284	0.00114	0.00322	0.00256	0.00294	0.00489
24	0.01339	0.01004	0.01073	0.00839	0.01123	0.01117	0.00688	0.71314	0.13951	0.02223	0.00983	0.00964	0.00706	0.00454	0.00372	0.00114	0.00391	0.00347	0.00372	0.00625
25	0.00774	0.11962	0.75245	0.01008	0.01530	0.00933	0.01285	0.01168	0.00780	0.01140	0.00648	0.00761	0.00471	0.00349	0.00339	0.00113	0.00531	0.00265	0.00157	0.00540
26	0.00831	0.00475	0.00606	0.00588	0.00700	0.00455	0.00431	0.10563	0.00910	0.19531	0.01782	0.57855	0.01903	0.00924	0.00440	0.00138	0.00260	0.00821	0.00373	0.00413
27	0.01314	0.00967	0.01046	0.00812	0.01086	0.01063	0.00667	0.74328	0.01669	0.02246	0.10059	0.01098	0.00946	0.00480	0.00379	0.00112	0.00383	0.00371	0.00375	0.00600
28	0.00914	0.00894	0.01571	0.02175	0.74176	0.00889	0.10141	0.01158	0.02231	0.01216	0.00717	0.00935	0.00594	0.00332	0.00375	0.00112	0.00459	0.00344	0.00187	0.00578
29	0.00767	0.00644	0.00702	0.00669	0.00832	0.00713	0.00520	0.01473	0.53618	0.01359	0.01932	0.11375	0.12857	0.00697	0.00413	0.00134	0.00276	0.10165	0.00365	0.00490
30	0.00547	0.00435	0.00667	0.00599	0.00703	0.00404	0.09450	0.00712	0.00954	0.01333	0.56517	0.21673	0.02942	0.00802	0.00446	0.00125	0.00234	0.00733	0.00370	0.00356
31	0.01610	0.00721	0.00917	0.00703	0.00992	0.00678	0.00581	0.19712	0.01212	0.66782	0.01339	0.01182	0.00856	0.00456	0.00373	0.00114	0.00336	0.00365	0.00440	0.00632
32	0.00630	0.00454	0.00484	0.00452	0.00605	0.00411	0.00347	0.00842	0.10661	0.10270	0.03243	0.03061	0.65504	0.00836	0.00424	0.00124	0.00214	0.00696	0.00361	0.00381
33	0.00714	0.10094	0.00731	0.00558	0.00614	0.09908	0.00393	0.00748	0.00623	0.00778	0.00952	0.01844	0.01057	0.57787	0.01459	0.00277	0.10518	0.00444	0.00207	0.00296
34	0.00441	0.00370	0.00384	0.00393	0.00506	0.00313	0.00290	0.00533	0.00834	0.01004	0.04714	0.12683	0.74341	0.00962	0.00443	0.00128	0.00191	0.00812	0.00346	0.00313
35	0.00512	0.00359	0.00449	0.00458	0.00500	0.00341	0.00307	0.00601	0.00795	0.01096	0.36103	0.23297	0.02519	0.29924	0.00936	0.00207	0.00247	0.00721	0.00331	0.00296
36	0.10519	0.00820	0.01607	0.01196	0.01472	0.00788	0.55315	0.01028	0.00793	0.01161	0.00924	0.11210	0.00855	0.09923	0.00579	0.00153	0.00511	0.00496	0.00215	0.00436
37	0.00868	0.00821	0.01389	0.02085	0.75415	0.00818	0.01052	0.01071	0.00830	0.01184	0.00846	0.10329	0.00793	0.00422	0.00379	0.00115	0.00416	0.00410	0.00201	0.00557
38	0.00441	0.00376	0.00377	0.00377	0.00500	0.00314	0.00281	0.00533	0.00840	0.00998	0.03713	0.03551	0.82977	0.02505	0.00465	0.00130	0.00191	0.00779	0.00343	0.00312
39	0.00459	0.00335	0.00432	0.00496	0.00536	0.00308	0.00338	0.00539	0.00763	0.01013	0.11275	0.68383	0.11568	0.01094	0.00466	0.00144	0.00208	0.00983	0.00352	0.00308
40	0.10413	0.00522	0.00656	0.00761	0.10542	0.00535	0.00491	0.09791	0.01869	0.01989	0.02948	0.51687	0.01765	0.00860	0.00417	0.00136	0.00273	0.02021	0.01932	0.00391
41	0.01073	0.58184	0.01626	0.00709	0.00997	0.10583	0.00646	0.10283	0.10697	0.01118	0.00681	0.00729	0.00571	0.00361	0.00280	0.00090	0.00416	0.00244	0.00211	0.00501
42	0.00937	0.65621	0.22049	0.00741	0.01113	0.02225	0.00814	0.01131	0.00765	0.00947	0.00553	0.00642	0.00475	0.00327	0.00267	0.00089	0.00437	0.00217	0.00159	0.00493
43	0.00856	0.19869	0.11026	0.00777	0.01021	0.10047	0.07458	0.01664	0.08591	0.03840	0.08163	0.06846	0.08300	0.00563	0.00388	0.00116	0.02020	0.07744	0.00261	0.00450
44	0.89577	0.00718	0.00546	0.00488	0.00718	0.00833	0.00402	0.01091	0.00632	0.01665	0.00517	0.00603	0.00402	0.00345	0.00230	0.00115	0.00287	0.00201	0.00230	0.00402
45	0.00452	0.00323	0.00431	0.00517	0.00538	0.00301	0.00345	0.00517	0.00711	0.00948	0.02046	0.86713	0.02455	0.01163	0.00474	0.00151	0.00215	0.01055	0.00345	0.00301
46	0.03581	0.01777	0.01183	0.00954	0.01191	0.31356	0.18606	0.05598	0.08339	0.10808	0.10696	0.01141	0.00973	0.00467	0.01581	0.00118	0.00507	0.00370	0.00273	0.00482
47	0.00531	0.00397	0.00591	0.00591	0.00656	0.00461	0.00457	0.00659	0.00595	0.00858	0.00999	0.01485	0.00940	0.05121	0.83163	0.00590	0.00977	0.00402	0.00200	0.00328
48	0.00831	0.00511	0.00581	0.00504	0.00681	0.00467	0.00396	0.10590	0.01019	0.19615	0.10782	0.02672	0.48382	0.00759	0.00416	0.00121	0.00241	0.00630	0.00379	0.00424
49	0.00664	0.00343	0.00356	0.00366	0.00445	0.00341	0.00269	0.00824	0.00770	0.01332	0.01309	0.11434	0.01128	0.00518	0.00285	0.00094	0.00178	0.00430	0.78571	0.00341
50	0.01096	0.00974	0.12039	0.01116	0.01445	0.00824	0.34915	0.01416	0.07739	0.26414	0.00998	0.01070	0.00700	0.00404	0.00462	0.00124	0.07050	0.00388	0.00279	0.00546
51	0.00923	0.00797	0.00839	0.00755	0.00965	0.00923	0.00588	0.01972	0.83969	0.01553	0.01511	0.01385	0.01133	0.00504	0.00378	0.00126	0.00294	0.00420	0.00378	0.00588
52	0.00546	0.00400	0.00543	0.00532	0.00586	0.00419	0.01742	0.00627	0.00602	0.00840	0.01150	0.08296	0.01219	0.35298	0.38962	0.00427	0.00632	0.02786	0.00225	0.04165
53	0.00834	0.31624	0.54746	0.00930	0.02693	0.01074	0.01111	0.01153	0.00774	0.01071	0.00614	0.00720	0.00474	0.00340	0.00313	0.00104	0.00494	0.00249	0.00158	0.00524
54	0.00701	0.00660	0.01113	0.86063	0.02556	0.00825	0.01031	0.00948	0.00742	0.00948	0.00660	0.00990	0.00495	0.00371	0.00371	0.00124	0.00495	0.00330	0.00165	0.00412
55	0.00540	0.00360	0.00405	0.00405	0.00405	0.00360	0.00225	0.00540	0.00540	0.00720	0.01170	0.02429	0.01349	0.86955	0.01889	0.00360	0.00360	0.00540	0.00225	0.00225
56	0.00777	0.00589	0.00761	0.00680	0.00798	0.00678	0.00542	0.18883	0.02201	0.02687	0.10780	0.02765	0.01147	0.01707	0.43803	0.00365	0.09737	0.00419	0.00267	0.00416
57	0.01601	0.00650	0.00863	0.00671	0.00952	0.00584	0.00551	0.02828	0.07898	0.77017	0.01461	0.01269	0.00933	0.00463	0.00374	0.00116	0.00315	0.00377	0.00452	0.00628
58	0.00496	0.00378	0.00456	0.00436	0.00537	0.00338	0.00327	0.00644	0.00982	0.01325	0.57237	0.03042	0.30811	0.00820	0.00438	0.00120	0.00179	0.00709	0.00387	0.00338
59	0.30279	0.00927	0.00779	0.00682	0.00892	0.19346	0.00539	0.08358	0.08651	0.12392	0.02784	0.00953	0.00708	0.00688	0.10344	0.00168	0.00466	0.00298	0.00278	0.00466
60	0.00983	0.00958	0.01265	0.01011	0.01260	0.11583	0.25670	0.11551	0.28238	0.02168	0.01144	0.10476	0.00959	0.00495	0.00400	0.00123	0.00448	0.00461	0.00293	0.00516
61	0.00523	0.00384	0.00493	0.00480	0.00572	0.00354	0.00369	0.00688	0.01005	0.01390	0.65893	0.03022	0.12892	0.00809	0.00446	0.00124	0.00195	0.09621	0.00394	0.00345
62	0.00462	0.00327	0.00428	0.00505	0.00524	0.00308	0.00331	0.00519	0.00692	0.00923	0.01950	0.77468	0.02334	0.10573	0.00629	0.00174	0.00231	0.00999	0.00331	0.00293
63	0.03379	0.01233	0.01096	0.02187	0.10022	0.31030	0.00741	0.33544	0.03972	0.06829	0.00796	0.00848	0.00597	0.00413	0.00367	0.00107	0.01709	0.00302	0.00284	0.00542
64	0.02282	0.06679	0.01122	0.00991	0.07975	0.45913	0.00723	0.19379	0.03447	0.02682	0.00730	0.02775	0.00598	0.00451	0.01699	0.00111	0.01415	0.00294	0.00242	0.00493
65	0.00574	0.00411	0.00569	0.00642	0.00720	0.00405	0.00543	0.00734	0.00860	0.01134	0.11024	0.13084	0.02321	0.01011	0.00500	0.00163	0.00310	0.64308	0.00349	0.00338
66	0.00658	0.00417	0.00544	0.00526	0.00637	0.00386	0.00417	0.00816	0.00972	0.10480	0.45887	0.03002	0.11257	0.03199	0.00488	0.00137	0.00235	0.19182	0.00387	0.00372
67	0.01600	0.15596	0.07340	0.00813	0.03333	0.12580	0.03063	0.14300	0.05570	0.07452	0.00913	0.01085	0.01745	0.00953	0.19710	0.00217	0.00574	0.01812	0.00863	0.00483
68	0.01978	0.02960	0.01953	0.01408	0.01714	0.00978	0.64225	0.01840	0.00829	0.02676	0.00712	0.00959	0.00553	0.00374	0.00561	0.00130	0.15065	0.00408	0.00190	0.00486
69	0.00835	0.00479	0.00609	0.00590	0.00706	0.00459	0.00437	0.10570	0.00916	0.19537	0.01810	0.54095	0.03343	0.00916	0.00440	0.00138	0.00263	0.03068	0.00373	0.00414
70	0.01710	0.00510	0.00617	0.01660	0.00720	0.00522	0.00453	0.06994	0.14243	0.02522	0.49042	0.03943	0.04554	0.00724	0.00429	0.00125	0.00239	0.10198	0.00386	0.00411
71	0.00895	0.04993	0.27824	0.01107	0.11119	0.00856	0.12256	0.13184	0.02362	0.04961	0.06000	0.05755	0.04098	0.00462	0.00400	0.00118	0.02441	0.00403	0.00245	0.00522
72	0.00844	0.00947	0.11056	0.00956	0.01213	0.05729	0.22545	0.08583	0.13024	0.02398	0.02462	0.10764	0.12103	0.00564	0.00452	0.00126	0.04985	0.00505	0.00272	0.00475
73	0.10616	0.00866	0.02850	0.01203	0.10518	0.00826	0.35895	0.01250	0.12321	0.04128	0.01975	0.01026	0.00690	0.01928	0.00400	0.00117	0.00453	0.00369	0.00235	0.12336

[dist]
# distance from previous block
# <min> <max>
0	25

[block]
# block no. 4 follows, 74 sequences, length 60
# corresponding to MSA columns:
# 586-599,616-661
name=unknown_E
#
# <colnr> <probs for GDERKNQSTAVLIFYWHMCP>
#	G	D	E	R	K	N	Q	S	T	A	V	L	I	F	Y	W	H	M	C	P
0	0.03334	0.00953	0.00935	0.00755	0.01020	0.13721	0.00604	0.25374	0.14765	0.19710	0.02259	0.01023	0.00778	0.00427	0.00352	0.00104	0.00385	0.00328	0.00340	0.12833
1	0.19241	0.00844	0.13545	0.00669	0.00911	0.00724	0.00614	0.11546	0.10508	0.08558	0.22696	0.01497	0.02435	0.01543	0.00391	0.00121	0.01585	0.01774	0.00322	0.00476
2	0.00734	0.00694	0.01173	0.73296	0.15065	0.00833	0.01047	0.00977	0.00758	0.00989	0.00666	0.00979	0.00509	0.00365	0.00371	0.00122	0.00487	0.00330	0.00168	0.00439
3	0.00449	0.00336	0.00417	0.00482	0.00529	0.00304	0.00329	0.00521	0.00744	0.00961	0.02471	0.66105	0.22788	0.01108	0.00465	0.00144	0.00209	0.00988	0.00345	0.00304
4	0.00463	0.00340	0.00415	0.00470	0.00510	0.00313	0.00313	0.00524	0.00713	0.00924	0.02273	0.56391	0.19533	0.14189	0.00682	0.00177	0.00232	0.00920	0.00326	0.00292
5	0.00892	0.01040	0.14234	0.02092	0.71987	0.00879	0.01175	0.01145	0.00836	0.01207	0.00693	0.00898	0.00570	0.00334	0.00365	0.00111	0.00457	0.00322	0.00180	0.00582
6	0.00795	0.00715	0.00950	0.00818	0.00856	0.00930	0.00659	0.08695	0.00732	0.01073	0.10264	0.01291	0.00978	0.13794	0.01150	0.00182	0.55105	0.00398	0.00220	0.00394
7	0.00639	0.00408	0.00514	0.00471	0.00589	0.00365	0.00359	0.00794	0.01011	0.10962	0.58611	0.02761	0.19578	0.00761	0.00431	0.00118	0.00194	0.00660	0.00402	0.00375
8	0.00482	0.00372	0.00440	0.00436	0.00531	0.00330	0.00322	0.00611	0.00929	0.01229	0.42256	0.12729	0.36238	0.00879	0.00442	0.00124	0.00185	0.00761	0.00375	0.00330
9	0.00745	0.13844	0.01240	0.73045	0.02312	0.00923	0.00971	0.00973	0.00744	0.00937	0.00638	0.00930	0.00492	0.00363	0.00351	0.00117	0.00480	0.00310	0.00164	0.00422
10	0.00647	0.00353	0.00364	0.00361	0.00452	0.00343	0.00271	0.00811	0.00812	0.01350	0.09451	0.01768	0.10781	0.00522	0.00297	0.00094	0.00175	0.00427	0.70380	0.00343
11	0.00533	0.00386	0.00536	0.00536	0.00581	0.00431	0.00388	0.00624	0.00579	0.00817	0.01050	0.01765	0.01061	0.29373	0.59077	0.00522	0.00794	0.00443	0.00207	0.00298
12	0.00543	0.13571	0.00667	0.00530	0.00613	0.00489	0.00399	0.00627	0.00743	0.00954	0.02004	0.58385	0.11545	0.00999	0.00437	0.00138	0.00249	0.06459	0.00316	0.00332
13	0.00701	0.00660	0.01113	0.86063	0.02556	0.00825	0.01031	0.00948	0.00742	0.00948	0.00660	0.00990	0.00495	0.00371	0.00371	0.00124	0.00495	0.00330	0.00165	0.00412
14	0.00454	0.00334	0.00427	0.00500	0.00539	0.00307	0.00342	0.00527	0.00735	0.00961	0.02305	0.71667	0.14946	0.01125	0.00470	0.00147	0.00215	0.03349	0.00344	0.00304
15	0.01260	0.00894	0.00952	0.00747	0.01000	0.00982	0.00612	0.66050	0.01542	0.02138	0.00958	0.00995	0.00699	0.00443	0.00348	0.00106	0.00359	0.00337	0.19007	0.00571
16	0.01065	0.75822	0.03210	0.00645	0.00963	0.01353	0.00637	0.01193	0.00790	0.10520	0.00627	0.00675	0.00527	0.00334	0.00256	0.00084	0.00390	0.00220	0.00193	0.00495
17	0.01262	0.05510	0.01197	0.01240	0.20079	0.61461	0.00809	0.02292	0.00999	0.00992	0.00603	0.00725	0.00505	0.00368	0.00338	0.00098	0.00602	0.00259	0.00190	0.00470
18	0.00813	0.00818	0.13670	0.00739	0.01011	0.02689	0.08487	0.02000	0.00829	0.10880	0.03618	0.22628	0.01866	0.00561	0.00373	0.00106	0.00348	0.00498	0.00274	0.27792
19	0.14297	0.03002	0.18528	0.32655	0.04701	0.00897	0.08829	0.01044	0.00731	0.01129	0.00626	0.00857	0.00484	0.00387	0.00446	0.00124	0.10326	0.00305	0.00176	0.00454
20	0.01221	0.00539	0.00685	0.00557	0.00786	0.00461	0.00450	0.01346	0.00984	0.54475	0.02297	0.02101	0.31223	0.00634	0.00397	0.00119	0.00269	0.00522	0.00418	0.00516
21	0.00734	0.00694	0.01173	0.73296	0.15065	0.00833	0.01047	0.00977	0.00758	0.00989	0.00666	0.00979	0.00509	0.00365	0.00371	0.00122	0.00487	0.00330	0.00168	0.00439
22	0.00917	0.01221	0.34525	0.11355	0.07167	0.00845	0.01672	0.02801	0.23387	0.10879	0.00993	0.01040	0.00716	0.00408	0.00366	0.00120	0.00437	0.00338	0.00258	0.00556
23	0.01293	0.00724	0.00809	0.00682	0.00894	0.08684	0.00535	0.13884	0.01076	0.43057	0.01439	0.22770	0.01222	0.00628	0.00395	0.00122	0.00338	0.00527	0.00391	0.00529
