[name]
unknown

[dist]
# distance from previous block
# <min> <max>
5	58

[block]
# block no. 0 follows, 68 sequences, length 18
# corresponding to MSA columns:
# 58-75
name=unknown_A
#
# <colnr> <probs for GDERKNQSTAVLIFYWHMCP>
#	G	D	E	R	K	N	Q	S	T	A	V	L	I	F	Y	W	H	M	C	P
0	0.00714	0.00446	0.00542	0.00521	0.00627	0.00430	0.00386	0.00926	0.07444	0.08194	0.30780	0.14223	0.08285	0.04844	0.00550	0.03747	0.00235	0.01952	0.14759	0.00393
1	0.01064	0.19484	0.27960	0.01076	0.01487	0.08162	0.16989	0.12227	0.01028	0.04285	0.02187	0.00901	0.00621	0.00388	0.00372	0.00116	0.00543	0.00327	0.00225	0.00560
2	0.04951	0.00900	0.07214	0.02664	0.08224	0.00742	0.04646	0.11740	0.02373	0.05129	0.00792	0.00897	0.00616	0.00349	0.00337	0.00089	0.00375	0.00289	0.00259	0.47413
3	0.08315	0.07932	0.06189	0.00972	0.06513	0.08985	0.04798	0.12958	0.31822	0.05853	0.01100	0.01098	0.00826	0.00453	0.00374	0.00122	0.00423	0.00362	0.00318	0.00588
4	0.02584	0.41239	0.12265	0.00790	0.01130	0.01200	0.02538	0.09123	0.09806	0.10873	0.00915	0.04354	0.00742	0.00433	0.00332	0.00108	0.00420	0.00327	0.00264	0.00558
5	0.01042	0.28703	0.03377	0.00834	0.02646	0.04891	0.04075	0.09782	0.23693	0.03161	0.01089	0.09096	0.00941	0.00509	0.00381	0.00116	0.02258	0.00405	0.00289	0.02711
6	0.03235	0.00430	0.00500	0.03924	0.00609	0.00428	0.00333	0.00700	0.02509	0.03661	0.05597	0.09012	0.13222	0.51142	0.01374	0.00283	0.00337	0.02109	0.00289	0.00305
7	0.27470	0.03445	0.05401	0.00784	0.01873	0.02244	0.05041	0.22575	0.04306	0.07157	0.02157	0.06404	0.00807	0.00476	0.00352	0.00120	0.00382	0.01471	0.00309	0.07225
8	0.01009	0.14126	0.13918	0.00981	0.09091	0.03863	0.03142	0.14091	0.10521	0.05578	0.07307	0.09528	0.02676	0.00550	0.00393	0.00122	0.00414	0.01844	0.00300	0.00545
9	0.00552	0.00381	0.00498	0.00535	0.00593	0.00356	0.00376	0.00658	0.00864	0.03607	0.24212	0.48401	0.06610	0.05156	0.03993	0.00179	0.00263	0.02042	0.00378	0.00345
10	0.14782	0.00569	0.02372	0.02155	0.00776	0.00542	0.01614	0.04059	0.02679	0.08346	0.10346	0.23818	0.13162	0.04512	0.01583	0.00152	0.00295	0.02912	0.01319	0.04007
11	0.03083	0.11400	0.29830	0.05032	0.04799	0.02065	0.07252	0.07237	0.02441	0.09298	0.00850	0.03507	0.00660	0.00421	0.00400	0.00118	0.03370	0.00340	0.00238	0.07658
12	0.00977	0.01028	0.05829	0.07100	0.43978	0.04070	0.22248	0.01258	0.02646	0.03713	0.00828	0.03013	0.00674	0.00383	0.00413	0.00124	0.00528	0.00398	0.00212	0.00578
13	0.00504	0.00373	0.00448	0.00484	0.00553	0.00336	0.00337	0.00575	0.00823	0.01056	0.10520	0.37993	0.32570	0.04146	0.00622	0.06857	0.00229	0.00901	0.00355	0.00317
14	0.00794	0.00494	0.00632	0.02473	0.00770	0.00481	0.00471	0.07595	0.03377	0.13371	0.08681	0.46935	0.05242	0.00975	0.00474	0.00148	0.00276	0.05998	0.00391	0.00422
15	0.06004	0.06281	0.30321	0.01046	0.09718	0.06530	0.00968	0.09200	0.02847	0.06356	0.00860	0.00947	0.02549	0.00403	0.00373	0.00112	0.01944	0.00309	0.00239	0.12995
16	0.00978	0.08086	0.03009	0.02872	0.19430	0.10322	0.09541	0.03789	0.16703	0.01304	0.07015	0.04835	0.02299	0.00507	0.00474	0.00126	0.07483	0.00427	0.00266	0.00534
17	0.00682	0.00483	0.00590	0.00599	0.00689	0.00486	0.00440	0.08899	0.04718	0.03848	0.08570	0.46938	0.08530	0.02765	0.00523	0.00153	0.02061	0.05110	0.03524	0.00392

[dist]
# distance from previous block
# <min> <max>
1	5

[block]
# block no. 1 follows, 68 sequences, length 16
# corresponding to MSA columns:
# 81-96
name=unknown_B
#
# <colnr> <probs for GDERKNQSTAVLIFYWHMCP>
#	G	D	E	R	K	N	Q	S	T	A	V	L	I	F	Y	W	H	M	C	P
0	0.03329	0.15762	0.02806	0.07804	0.02439	0.21724	0.02296	0.04941	0.17557	0.05952	0.01119	0.03348	0.05313	0.00476	0.00364	0.00114	0.00462	0.00367	0.00275	0.03550
1	0.00949	0.00604	0.02752	0.00635	0.00829	0.01816	0.02993	0.01195	0.07826	0.23904	0.28245	0.04925	0.14708	0.00799	0.04157	0.00149	0.00316	0.00592	0.00405	0.02202
2	0.01086	0.64043	0.03656	0.00754	0.02202	0.06266	0.02148	0.04812	0.02107	0.02741	0.00685	0.00761	0.01920	0.00365	0.00286	0.00091	0.00436	0.00248	0.00199	0.05193
3	0.00758	0.00618	0.00768	0.09053	0.02618	0.00542	0.00517	0.04019	0.00880	0.03005	0.06349	0.08274	0.12680	0.03110	0.02623	0.00118	0.00325	0.00458	0.00281	0.43004
4	0.02463	0.09007	0.12276	0.03423	0.08854	0.09327	0.13048	0.21803	0.03650	0.07797	0.00851	0.00945	0.00633	0.00411	0.00400	0.00118	0.02009	0.00343	0.00271	0.02371
5	0.01256	0.03159	0.01051	0.00852	0.01116	0.06797	0.00682	0.31576	0.41010	0.06270	0.01272	0.01204	0.00935	0.00499	0.00394	0.00125	0.00390	0.00393	0.00386	0.00633
6	0.00513	0.00387	0.00464	0.00492	0.00569	0.00351	0.00353	0.00617	0.00874	0.01137	0.18973	0.28761	0.29794	0.08737	0.00625	0.00166	0.00235	0.06248	0.00370	0.00332
7	0.03352	0.00840	0.05291	0.02109	0.03746	0.01651	0.00652	0.12672	0.33439	0.10863	0.09401	0.03893	0.02743	0.00651	0.03749	0.00148	0.00369	0.00458	0.03405	0.00569
8	0.00521	0.00387	0.00484	0.00511	0.00586	0.00354	0.00372	0.00644	0.00921	0.01229	0.30524	0.31256	0.20146	0.03677	0.00535	0.00151	0.00224	0.06748	0.00387	0.00343
9	0.23814	0.03475	0.01000	0.00765	0.01049	0.01081	0.00633	0.51977	0.01444	0.03897	0.00873	0.00907	0.00636	0.00444	0.00346	0.00117	0.00384	0.00318	0.06255	0.00586
10	0.01152	0.17819	0.03203	0.05743	0.03768	0.35544	0.04346	0.03590	0.05370	0.01144	0.07820	0.00995	0.00843	0.00431	0.00373	0.00106	0.02107	0.00319	0.00232	0.05095
11	0.01131	0.06255	0.04341	0.05631	0.27783	0.08360	0.13099	0.08366	0.05876	0.10488	0.00909	0.01082	0.00705	0.00416	0.00415	0.00122	0.02246	0.01936	0.00259	0.00581
12	0.00886	0.00880	0.11271	0.00689	0.01069	0.00593	0.02565	0.01100	0.00848	0.06862	0.00766	0.00866	0.00604	0.00318	0.00315	0.00073	0.00342	0.00259	0.00243	0.69451
13	0.16069	0.00964	0.01074	0.15992	0.02703	0.11324	0.06660	0.15395	0.10451	0.05688	0.03661	0.01139	0.03586	0.00466	0.00405	0.00125	0.03122	0.00368	0.00289	0.00519
14	0.35141	0.10208	0.07262	0.00812	0.01111	0.07096	0.10078	0.10096	0.03198	0.03990	0.01956	0.03339	0.00652	0.00415	0.00328	0.00118	0.00423	0.00315	0.00257	0.03206
15	0.16965	0.02432	0.01066	0.05469	0.11961	0.09094	0.05789	0.10042	0.07879	0.11613	0.04656	0.01330	0.05255	0.00486	0.00378	0.00123	0.00414	0.03041	0.00305	0.01701

[dist]
# distance from previous block
# <min> <max>
10	17

[block]
# block no. 2 follows, 68 sequences, length 22
# corresponding to MSA columns:
# 114,115,117-136
name=unknown_C
#
# <colnr> <probs for GDERKNQSTAVLIFYWHMCP>
#	G	D	E	R	K	N	Q	S	T	A	V	L	I	F	Y	W	H	M	C	P
0	0.00529	0.00394	0.00473	0.00480	0.00562	0.00356	0.00340	0.00644	0.00905	0.01215	0.30384	0.23631	0.23795	0.10024	0.00635	0.00162	0.00225	0.00817	0.01930	0.02499
1	0.15525	0.02361	0.12648	0.05702	0.08757	0.07205	0.17132	0.12146	0.02989	0.07170	0.00865	0.02449	0.00672	0.00423	0.00383	0.00125	0.00496	0.02147	0.00259	0.00545
2	0.01026	0.23294	0.13788	0.11612	0.03675	0.04224	0.24472	0.07211	0.00953	0.05014	0.00749	0.00911	0.00574	0.00370	0.00376	0.00116	0.00540	0.00340	0.00212	0.00540
3	0.00589	0.00402	0.00507	0.00543	0.00622	0.00371	0.00392	0.00717	0.02972	0.06016	0.12620	0.48114	0.17794	0.01072	0.00488	0.00150	0.00236	0.05649	0.00385	0.00362
4	0.78864	0.02889	0.02636	0.00573	0.00826	0.06493	0.00482	0.01196	0.00712	0.01693	0.00560	0.00653	0.00438	0.00370	0.00256	0.00120	0.00343	0.00219	0.00239	0.00437
5	0.00488	0.00356	0.00450	0.00522	0.00559	0.00329	0.00349	0.00556	0.00765	0.01001	0.02362	0.68274	0.13510	0.07728	0.00617	0.00175	0.00238	0.01045	0.00358	0.00317
6	0.07833	0.01059	0.01326	0.03363	0.37387	0.11022	0.03537	0.17883	0.06398	0.05127	0.00849	0.00970	0.00658	0.00404	0.00381	0.00119	0.00472	0.00344	0.00268	0.00597
7	0.00960	0.01024	0.01237	0.01058	0.01101	0.13469	0.03461	0.01057	0.00694	0.00967	0.00543	0.00851	0.00522	0.00640	0.01135	0.00162	0.70161	0.00337	0.00179	0.00441
8	0.88866	0.00767	0.00583	0.00521	0.00767	0.00889	0.00429	0.01166	0.00675	0.01779	0.00552	0.00644	0.00429	0.00368	0.00245	0.00123	0.00307	0.00215	0.00245	0.00429
9	0.01084	0.66514	0.04947	0.00764	0.01100	0.01443	0.03971	0.06362	0.04479	0.03143	0.00663	0.00741	0.00565	0.00370	0.00312	0.00096	0.02460	0.00253	0.00203	0.00531
10	0.00589	0.00480	0.00725	0.00787	0.06147	0.00453	0.07257	0.00723	0.00843	0.01104	0.02246	0.40459	0.15050	0.01036	0.00500	0.00157	0.00310	0.20420	0.00342	0.00372
11	0.00515	0.00377	0.00475	0.00511	0.00577	0.00346	0.00363	0.00631	0.00895	0.01209	0.26887	0.42152	0.16417	0.01083	0.02051	0.00153	0.00229	0.02185	0.02603	0.00342
12	0.00608	0.00430	0.00519	0.00510	0.00547	0.00455	0.00334	0.02168	0.04450	0.00887	0.01275	0.02277	0.03126	0.57557	0.22804	0.00427	0.00550	0.00534	0.00246	0.00297
13	0.00632	0.00412	0.00514	0.00511	0.00613	0.00368	0.00374	0.00757	0.00956	0.09265	0.30325	0.28513	0.23346	0.00961	0.00473	0.00138	0.00218	0.00843	0.00403	0.00377
14	0.07887	0.07521	0.13670	0.04308	0.03671	0.15089	0.00837	0.24056	0.11682	0.03578	0.00892	0.02070	0.00683	0.00447	0.00383	0.00119	0.01923	0.00331	0.00286	0.00569
15	0.00567	0.00415	0.00604	0.00607	0.00666	0.00472	0.00457	0.00682	0.00632	0.00901	0.01121	0.05041	0.01102	0.12576	0.69675	0.02521	0.00934	0.00469	0.00221	0.00335
16	0.06519	0.01189	0.19186	0.02691	0.31242	0.00955	0.19874	0.05927	0.04391	0.01398	0.02362	0.01008	0.00668	0.00379	0.00399	0.00125	0.00517	0.00369	0.00219	0.00580
17	0.03028	0.09386	0.19632	0.00915	0.03940	0.00983	0.00848	0.11893	0.14670	0.04322	0.05872	0.03835	0.00938	0.00537	0.01477	0.00131	0.11564	0.00381	0.00279	0.05367
18	0.01033	0.03680	0.03915	0.05206	0.17979	0.01931	0.14134	0.05630	0.05992	0.14101	0.04242	0.08672	0.01029	0.00545	0.01984	0.00132	0.00443	0.01822	0.00294	0.07235
19	0.14602	0.14871	0.08026	0.00860	0.02974	0.06282	0.07500	0.11639	0.09468	0.08232	0.01054	0.03044	0.04783	0.00453	0.00354	0.00115	0.00421	0.00358	0.00283	0.04680
20	0.09969	0.09097	0.13408	0.00784	0.01109	0.03807	0.00726	0.13712	0.10475	0.20147	0.02763	0.03485	0.00846	0.00460	0.00361	0.00116	0.00395	0.00356	0.00328	0.07656
21	0.08448	0.12210	0.08019	0.04406	0.01229	0.06077	0.09945	0.09736	0.08671	0.05784	0.02864	0.06460	0.00883	0.00473	0.00370	0.00115	0.00429	0.02348	0.00276	0.11255

[dist]
# distance from previous block
# <min> <max>
2	58

[block]
# block no. 3 follows, 68 sequences, length 29
# corresponding to MSA columns:
# 196-224
name=unknown_D
#
# <colnr> <probs for GDERKNQSTAVLIFYWHMCP>
#	G	D	E	R	K	N	Q	S	T	A	V	L	I	F	Y	W	H	M	C	P
0	0.04245	0.00761	0.03085	0.00863	0.10814	0.03435	0.00610	0.07850	0.15127	0.09191	0.10626	0.01985	0.21858	0.00625	0.00424	0.00123	0.01724	0.00517	0.00348	0.05788
1	0.08183	0.03106	0.01126	0.07655	0.27325	0.03620	0.01677	0.06145	0.05686	0.11224	0.03559	0.05754	0.05278	0.00529	0.00410	0.00126	0.01662	0.04573	0.00291	0.02071
2	0.01144	0.01159	0.04643	0.14120	0.15810	0.22128	0.03578	0.12360	0.02069	0.06208	0.00901	0.02570	0.02873	0.00494	0.01821	0.00129	0.04841	0.00359	0.00249	0.02543
3	0.16524	0.04593	0.00889	0.00675	0.02925	0.02938	0.02745	0.03421	0.03010	0.07306	0.03769	0.01099	0.05618	0.00400	0.00322	0.00091	0.00326	0.00313	0.00273	0.42765
4	0.03098	0.00555	0.00704	0.03829	0.02786	0.02110	0.00463	0.04465	0.00718	0.02776	0.00762	0.03393	0.00702	0.00907	0.00968	0.46202	0.00347	0.00333	0.00215	0.24666
5	0.02601	0.04075	0.42558	0.03092	0.05513	0.00825	0.02675	0.05345	0.04589	0.02813	0.01088	0.14782	0.01000	0.00565	0.00404	0.00132	0.00469	0.04830	0.00244	0.02400
6	0.00962	0.03844	0.02557	0.06268	0.13141	0.08439	0.03728	0.08485	0.07104	0.07348	0.17487	0.08700	0.04859	0.00585	0.00412	0.00121	0.00384	0.00505	0.00320	0.04751
7	0.00726	0.00484	0.00603	0.00543	0.00675	0.00459	0.00416	0.05145	0.04568	0.08713	0.61820	0.02728	0.10024	0.00771	0.00455	0.00125	0.00220	0.00670	0.00432	0.00423
8	0.00952	0.02941	0.05120	0.11026	0.38864	0.04419	0.14528	0.04812	0.02973	0.01304	0.04068	0.01139	0.02971	0.00402	0.00403	0.00121	0.00496	0.00389	0.00222	0.02850
9	0.00852	0.01529	0.42850	0.01342	0.01825	0.00932	0.37723	0.01241	0.00889	0.01273	0.03156	0.01003	0.00643	0.00368	0.00418	0.00128	0.00605	0.00383	0.00192	0.02647
10	0.00994	0.23826	0.02684	0.00736	0.00954	0.01006	0.00621	0.26340	0.01113	0.01465	0.01204	0.27932	0.01238	0.00688	0.00438	0.00125	0.04843	0.00559	0.00306	0.02929
11	0.01080	0.02986	0.06726	0.00766	0.02840	0.01695	0.04533	0.05522	0.00955	0.19173	0.00930	0.02433	0.00705	0.00374	0.00342	0.00088	0.00360	0.00310	0.00292	0.47890
12	0.00522	0.00385	0.00488	0.00502	0.00578	0.00351	0.00362	0.00657	0.00969	0.01322	0.44754	0.30746	0.14934	0.00983	0.00481	0.00138	0.00203	0.00871	0.00404	0.00351
13	0.01060	0.86304	0.02078	0.00678	0.01018	0.01569	0.00678	0.01187	0.00806	0.00933	0.00551	0.00636	0.00509	0.00339	0.00254	0.00085	0.00424	0.00212	0.00170	0.00509
14	0.02959	0.29355	0.17687	0.06248	0.02728	0.06852	0.07312	0.03343	0.04533	0.02298	0.06600	0.03563	0.04032	0.00454	0.00356	0.00113	0.00464	0.00365	0.00229	0.00509
15	0.00768	0.00879	0.15679	0.18300	0.05246	0.02993	0.02033	0.04780	0.01707	0.03530	0.03156	0.10745	0.03003	0.05032	0.19261	0.00257	0.00593	0.01343	0.00244	0.00450
16	0.00529	0.00345	0.00473	0.00544	0.00562	0.00327	0.00363	0.00544	0.00705	0.00940	0.01849	0.66812	0.02188	0.01273	0.00740	0.19987	0.00256	0.00951	0.00324	0.00288
17	0.00951	0.34822	0.36137	0.10695	0.01528	0.01153	0.02600	0.01238	0.00838	0.05664	0.00697	0.00817	0.00536	0.00370	0.00334	0.00110	0.00504	0.00277	0.00188	0.00543
18	0.03907	0.00910	0.01480	0.09605	0.55260	0.00931	0.05587	0.06399	0.03385	0.07454	0.00838	0.01022	0.00657	0.00380	0.00393	0.00121	0.00465	0.00361	0.00237	0.00606
19	0.00862	0.04863	0.25411	0.10836	0.17725	0.00937	0.25679	0.01182	0.00870	0.01214	0.00829	0.05379	0.00689	0.00412	0.00413	0.00128	0.00555	0.01278	0.00197	0.00543
20	0.01024	0.60535	0.14716	0.03039	0.01179	0.02833	0.00810	0.04569	0.04786	0.01086	0.00673	0.01970	0.00579	0.00376	0.00296	0.00098	0.00450	0.00260	0.00193	0.00528
21	0.88866	0.00767	0.00583	0.00521	0.00767	0.00889	0.00429	0.01166	0.00675	0.01779	0.00552	0.00644	0.00429	0.00368	0.00245	0.00123	0.00307	0.00215	0.00245	0.00429
22	0.00771	0.00686	0.01113	0.02752	0.46564	0.00680	0.00855	0.00938	0.00840	0.01169	0.01339	0.32126	0.01444	0.03059	0.00485	0.00144	0.00377	0.03898	0.00267	0.00493
23	0.00469	0.00402	0.00402	0.00402	0.00536	0.00335	0.00301	0.00569	0.00904	0.01071	0.04017	0.03816	0.83432	0.01004	0.00469	0.00134	0.00201	0.00837	0.00368	0.00335
24	0.00941	0.03166	0.07670	0.05996	0.07769	0.02007	0.02127	0.04406	0.03751	0.07718	0.00911	0.01069	0.02328	0.00417	0.01272	0.00099	0.02402	0.02148	0.00256	0.43546
25	0.00749	0.00705	0.01189	0.85113	0.02731	0.00881	0.01101	0.01013	0.00793	0.01013	0.00705	0.01057	0.00529	0.00396	0.00396	0.00132	0.00529	0.00352	0.00176	0.00440
26	0.13640	0.02560	0.02698	0.01324	0.26899	0.00909	0.08058	0.12520	0.06876	0.01548	0.00801	0.00930	0.00632	0.00372	0.00356	0.00109	0.00413	0.00323	0.00253	0.18778
27	0.00765	0.00706	0.01163	0.50063	0.20277	0.00814	0.01001	0.00989	0.00813	0.01078	0.00995	0.08764	0.03161	0.01963	0.00464	0.00139	0.02690	0.03481	0.00211	0.00462
28	0.07655	0.47026	0.01609	0.00752	0.01071	0.01375	0.00683	0.28435	0.05392	0.01558	0.00741	0.00786	0.00595	0.00397	0.00309	0.00102	0.00414	0.00273	0.00263	0.00565

[dist]
# distance from previous block
# <min> <max>
3	5

[block]
# block no. 4 follows, 68 sequences, length 44
# corresponding to MSA columns:
# 231-274
name=unknown_E
#
# <colnr> <probs for GDERKNQSTAVLIFYWHMCP>
#	G	D	E	R	K	N	Q	S	T	A	V	L	I	F	Y	W	H	M	C	P
0	0.00843	0.00806	0.01324	0.54456	0.29896	0.02205	0.01126	0.01110	0.02312	0.01119	0.00733	0.01034	0.00574	0.00385	0.00395	0.00127	0.00508	0.00353	0.00187	0.00507
1	0.00844	0.00811	0.01121	0.00968	0.00973	0.01119	0.00798	0.00931	0.00618	0.00974	0.00606	0.01001	0.00601	0.05538	0.01283	0.00181	0.75622	0.00361	0.05230	0.00419
2	0.84580	0.00801	0.00611	0.00543	0.00789	0.02795	0.00446	0.03313	0.00716	0.01780	0.00564	0.00654	0.00438	0.00372	0.00252	0.00122	0.00319	0.00219	0.00248	0.00437
3	0.01051	0.22461	0.08644	0.00703	0.01055	0.00893	0.00649	0.08678	0.00952	0.11390	0.00832	0.03013	0.00668	0.00378	0.00319	0.00087	0.00370	0.00288	0.00262	0.37308
4	0.01000	0.00978	0.01489	0.15484	0.62342	0.07866	0.01149	0.01228	0.00908	0.02721	0.00743	0.00978	0.00609	0.00367	0.00390	0.00119	0.00498	0.00346	0.00199	0.00585
5	0.74817	0.00791	0.00661	0.00570	0.00826	0.00898	0.00469	0.08478	0.00814	0.07718	0.00660	0.00722	0.00491	0.00386	0.00270	0.00122	0.00321	0.00241	0.00276	0.00469
6	0.00669	0.00462	0.00646	0.00730	0.00826	0.00460	0.00637	0.00851	0.00919	0.03365	0.02085	0.04390	0.02248	0.01079	0.00544	0.00181	0.00364	0.78802	0.00368	0.00373
7	0.05753	0.00392	0.00382	0.00378	0.00479	0.00399	0.00286	0.00938	0.00823	0.01495	0.01251	0.01431	0.00983	0.00457	0.00275	0.00094	0.00192	0.00361	0.83259	0.00373
8	0.00980	0.54129	0.30770	0.00847	0.01269	0.03934	0.00957	0.01224	0.00827	0.01047	0.00609	0.00709	0.00507	0.00355	0.00301	0.00100	0.00490	0.00242	0.00170	0.00534
9	0.00610	0.05333	0.00745	0.00656	0.00737	0.00591	0.00520	0.00745	0.00644	0.00920	0.01009	0.01490	0.00948	0.04302	0.73887	0.00577	0.05300	0.00412	0.00209	0.00365
10	0.00753	0.00397	0.00400	0.00394	0.00494	0.00405	0.00297	0.00991	0.05499	0.01488	0.01312	0.01478	0.01027	0.00466	0.00284	0.00095	0.00192	0.00374	0.83268	0.00384
11	0.00924	0.00703	0.00965	0.00868	0.01056	0.00728	0.09178	0.22537	0.03323	0.03240	0.01640	0.07666	0.01644	0.00833	0.00490	0.00157	0.00406	0.42805	0.00360	0.00476
12	0.00822	0.00705	0.00822	0.00587	0.00940	0.00529	0.00470	0.00998	0.00822	0.01292	0.00705	0.00822	0.00587	0.00294	0.00294	0.00059	0.00294	0.00235	0.00235	0.88490
13	0.00494	0.00353	0.00472	0.00553	0.00584	0.00331	0.00376	0.00575	0.00788	0.01058	0.08260	0.76596	0.02676	0.01230	0.01659	0.00165	0.00241	0.02889	0.00371	0.00327
14	0.00878	0.20279	0.43023	0.00889	0.01355	0.00973	0.01024	0.03186	0.00852	0.01224	0.00680	0.00792	0.00529	0.00350	0.00329	0.00100	0.00473	0.00262	0.00191	0.22609
15	0.00822	0.00705	0.00822	0.00587	0.00940	0.00529	0.00470	0.00998	0.00822	0.01292	0.00705	0.00822	0.00587	0.00294	0.00294	0.00059	0.00294	0.00235	0.00235	0.88490
16	0.00607	0.00390	0.00548	0.00548	0.00579	0.00421	0.00384	0.00615	0.00584	0.00810	0.00994	0.01711	0.01012	0.23539	0.37901	0.27775	0.00668	0.00438	0.00207	0.00269
17	0.01174	0.66228	0.01843	0.00743	0.01057	0.15778	0.00690	0.02749	0.00895	0.04864	0.00617	0.00689	0.00534	0.00361	0.00281	0.00090	0.00470	0.00231	0.00195	0.00511
18	0.01222	0.00927	0.11862	0.06898	0.13789	0.00721	0.02961	0.03928	0.00987	0.32355	0.01045	0.01073	0.00730	0.00401	0.00374	0.00109	0.00406	0.00340	0.00316	0.19556
19	0.16826	0.06884	0.21710	0.01169	0.15519	0.08403	0.04865	0.06511	0.06337	0.07004	0.00806	0.00899	0.00607	0.00394	0.00355	0.00119	0.00477	0.00311	0.00243	0.00561
20	0.00583	0.00446	0.00654	0.00645	0.00707	0.00527	0.00498	0.00712	0.00631	0.00912	0.01046	0.01592	0.00997	0.08595	0.74312	0.00595	0.05555	0.00431	0.00212	0.00350
21	0.00689	0.00633	0.00987	0.12095	0.01165	0.00749	0.08801	0.00819	0.00737	0.01024	0.01322	0.37300	0.01470	0.00862	0.00740	0.00159	0.27176	0.02613	0.00264	0.00395
22	0.02245	0.06420	0.16306	0.01247	0.20994	0.02071	0.03441	0.06663	0.07384	0.26808	0.01880	0.01098	0.00781	0.00426	0.00385	0.00120	0.00438	0.00359	0.00312	0.00620
23	0.00864	0.12470	0.64673	0.01151	0.06022	0.01015	0.03383	0.03779	0.00871	0.01257	0.00703	0.00829	0.00518	0.00373	0.00365	0.00120	0.00557	0.00293	0.00177	0.00580
24	0.01052	0.01126	0.01459	0.04882	0.33219	0.18280	0.09048	0.02658	0.00890	0.01151	0.00669	0.00909	0.00571	0.00452	0.00621	0.00131	0.21816	0.00343	0.00195	0.00529
25	0.13478	0.01087	0.01343	0.01596	0.38171	0.14520	0.06207	0.11836	0.01046	0.05912	0.00772	0.00913	0.00604	0.00386	0.00372	0.00117	0.00489	0.00328	0.00247	0.00575
26	0.00472	0.00399	0.00404	0.00407	0.00534	0.00336	0.00302	0.00569	0.00889	0.01060	0.03873	0.06419	0.78308	0.03628	0.00517	0.00142	0.00207	0.00838	0.00364	0.00331
27	0.00981	0.00942	0.01609	0.02434	0.83592	0.00942	0.01217	0.01217	0.00903	0.01295	0.00746	0.00981	0.00628	0.00353	0.00393	0.00118	0.00471	0.00353	0.00196	0.00628
28	0.00850	0.00849	0.01113	0.00973	0.00995	0.05576	0.00800	0.00947	0.00640	0.00949	0.00616	0.00974	0.00598	0.01059	0.15130	0.00247	0.66724	0.00355	0.00182	0.00422
29	0.00559	0.00409	0.00528	0.00568	0.00653	0.00371	0.01307	0.00665	0.00833	0.02958	0.03511	0.47420	0.18744	0.01090	0.00492	0.00152	0.00257	0.14422	0.00363	0.04698
30	0.01507	0.01111	0.01190	0.00912	0.01230	0.01230	0.00754	0.82270	0.01864	0.02499	0.00952	0.00952	0.00674	0.00476	0.00397	0.00119	0.00436	0.00357	0.00397	0.00674
31	0.00573	0.00399	0.00503	0.00504	0.00533	0.00420	0.00333	0.00627	0.00621	0.00850	0.03153	0.02349	0.02683	0.54946	0.27417	0.00448	0.00586	0.02532	0.00241	0.00283
32	0.00883	0.00899	0.01291	0.01084	0.01115	0.02603	0.06492	0.00987	0.00639	0.00976	0.00542	0.00879	0.00526	0.00664	0.01228	0.00170	0.78053	0.00354	0.00176	0.00441
33	0.01658	0.00869	0.01040	0.00798	0.01109	0.00871	0.00659	0.37747	0.01460	0.47593	0.01291	0.01172	0.00845	0.00484	0.00398	0.00121	0.00381	0.00380	0.00449	0.00675
34	0.00638	0.00527	0.00764	0.00723	0.00774	0.00660	0.00571	0.00760	0.00627	0.00921	0.00943	0.01443	0.00901	0.06309	0.61011	0.00516	0.20925	0.00414	0.00205	0.00368
35	0.00493	0.00354	0.00469	0.00550	0.00583	0.00330	0.00375	0.00575	0.00794	0.01063	0.08501	0.75445	0.04290	0.01200	0.00504	0.00158	0.00230	0.03384	0.00373	0.00328
36	0.00863	0.00840	0.01336	0.52088	0.31409	0.04516	0.01128	0.01110	0.00846	0.01112	0.00715	0.01015	0.00563	0.00382	0.00393	0.00126	0.00516	0.00348	0.00185	0.00508
37	0.00987	0.01060	0.08355	0.02132	0.60180	0.00965	0.13656	0.05426	0.00952	0.01351	0.00762	0.00982	0.00616	0.00359	0.00403	0.00121	0.00509	0.00366	0.00205	0.00613
38	0.00549	0.00466	0.00612	0.00591	0.00699	0.01743	0.06640	0.00690	0.03011	0.01128	0.10802	0.36906	0.32658	0.01009	0.00480	0.00144	0.00258	0.00896	0.00360	0.00358
39	0.01325	0.07106	0.02265	0.00995	0.03319	0.56815	0.01906	0.02502	0.07036	0.04124	0.00816	0.03811	0.00702	0.00469	0.00398	0.00112	0.03262	0.02313	0.00237	0.00485
40	0.01207	0.01150	0.19936	0.00947	0.04523	0.00900	0.03069	0.27077	0.05023	0.16183	0.03185	0.01102	0.01964	0.00447	0.00395	0.00116	0.01279	0.00359	0.00328	0.10811
41	0.04412	0.01734	0.02660	0.01088	0.13320	0.03519	0.06347	0.18004	0.05884	0.30013	0.02146	0.02785	0.00863	0.01916	0.00455	0.00129	0.03360	0.00395	0.00358	0.00611
42	0.01066	0.00834	0.01046	0.02449	0.11539	0.03065	0.04938	0.04597	0.38946	0.12804	0.04144	0.02910	0.03686	0.02647	0.00466	0.00135	0.02108	0.00451	0.00357	0.01811
43	0.02624	0.01593	0.01133	0.01059	0.06474	0.59893	0.01922	0.06706	0.04202	0.03263	0.00714	0.00804	0.00573	0.00406	0.00360	0.00103	0.00619	0.00280	0.00234	0.07039

[dist]
# distance from previous block
# <min> <max>
1	6

[block]
# block no. 5 follows, 68 sequences, length 23
# corresponding to MSA columns:
# 281-288,316-329,331
name=unknown_F
#
# <colnr> <probs for GDERKNQSTAVLIFYWHMCP>
#	G	D	E	R	K	N	Q	S	T	A	V	L	I	F	Y	W	H	M	C	P
0	0.02688	0.04583	0.00984	0.00802	0.01013	0.11794	0.02962	0.28312	0.09050	0.04289	0.01309	0.25341	0.01258	0.00676	0.00414	0.00128	0.00398	0.00566	0.00344	0.03087
1	0.46944	0.00887	0.00867	0.00793	0.06443	0.02940	0.00599	0.21487	0.03436	0.09388	0.00789	0.00838	0.00581	0.00417	0.00335	0.00122	0.02010	0.00287	0.00304	0.00533
2	0.13705	0.00944	0.01072	0.00841	0.01139	0.01015	0.04648	0.41377	0.11620	0.17991	0.01090	0.01057	0.00763	0.00464	0.00380	0.00123	0.00395	0.00362	0.00385	0.00627
3	0.04868	0.01081	0.01140	0.00920	0.03139	0.03874	0.00736	0.65129	0.08095	0.05514	0.00996	0.00990	0.00712	0.00472	0.00390	0.00120	0.00428	0.00357	0.00384	0.00653
4	0.00651	0.03768	0.00679	0.00614	0.00690	0.02534	0.00460	0.03395	0.02456	0.00969	0.02425	0.06616	0.01176	0.20075	0.48160	0.02181	0.02076	0.00486	0.00238	0.00351
5	0.00506	0.00398	0.00456	0.00483	0.00583	0.00354	0.00364	0.00615	0.00885	0.01107	0.09634	0.18930	0.48353	0.03837	0.00537	0.00153	0.00234	0.11864	0.00369	0.00337
6	0.01064	0.00708	0.00854	0.00623	0.00964	0.00559	0.00503	0.03260	0.00922	0.20684	0.00912	0.00949	0.00682	0.00344	0.00321	0.00075	0.00307	0.00276	0.00299	0.65692
7	0.00822	0.00705	0.00822	0.00587	0.00940	0.00529	0.00470	0.00998	0.00822	0.01292	0.00705	0.00822	0.00587	0.00294	0.00294	0.00059	0.00294	0.00235	0.00235	0.88490
8	0.00483	0.00345	0.00460	0.00552	0.00575	0.00322	0.00368	0.00552	0.00759	0.01012	0.02185	0.85807	0.02622	0.01242	0.00506	0.00161	0.00230	0.01127	0.00368	0.00322
9	0.01194	0.07803	0.15908	0.00938	0.01270	0.09538	0.05758	0.31091	0.09003	0.05062	0.07675	0.01121	0.00924	0.00466	0.00389	0.00119	0.00468	0.00371	0.00315	0.00587
10	0.00849	0.01534	0.45940	0.01053	0.01520	0.05288	0.12562	0.01197	0.00874	0.01264	0.03939	0.00943	0.00662	0.00370	0.00373	0.00110	0.00523	0.00319	0.00200	0.20478
11	0.00828	0.00732	0.04093	0.00661	0.00957	0.00581	0.03171	0.05811	0.04036	0.03108	0.03495	0.12418	0.03706	0.00488	0.00354	0.00090	0.00313	0.00417	0.00281	0.54462
12	0.01118	0.29091	0.01319	0.00779	0.01016	0.17981	0.00654	0.17864	0.03114	0.01270	0.00804	0.01012	0.00699	0.05332	0.16084	0.00215	0.00599	0.00315	0.00241	0.00493
13	0.00573	0.00415	0.00566	0.00567	0.00608	0.00462	0.00404	0.00659	0.00619	0.00869	0.01163	0.05146	0.01209	0.33229	0.49579	0.00518	0.02366	0.00506	0.00228	0.00313
14	0.04415	0.00891	0.02529	0.33246	0.26608	0.02294	0.02493	0.12754	0.04275	0.03415	0.00800	0.01014	0.00614	0.00408	0.00412	0.00126	0.02571	0.00352	0.00234	0.00547
15	0.00532	0.00403	0.00490	0.00471	0.00575	0.00361	0.00352	0.00691	0.01050	0.01424	0.58104	0.04992	0.27350	0.00877	0.00469	0.00128	0.00192	0.00761	0.00415	0.00361
16	0.01076	0.14642	0.01440	0.11335	0.31418	0.14074	0.03258	0.05087	0.00968	0.05582	0.02104	0.02638	0.03849	0.00426	0.00374	0.00114	0.00486	0.00359	0.00229	0.00542
17	0.00757	0.00693	0.02635	0.08487	0.27574	0.00672	0.00759	0.01007	0.05985	0.01298	0.18665	0.12231	0.06829	0.00620	0.00438	0.00124	0.02110	0.00552	0.00293	0.08270
18	0.02538	0.15295	0.02269	0.05900	0.03942	0.14737	0.02339	0.06351	0.03612	0.01230	0.00695	0.00829	0.00576	0.00385	0.00406	0.00096	0.07639	0.00275	0.00223	0.30664
19	0.00739	0.00370	0.00370	0.00370	0.00462	0.00370	0.00277	0.00924	0.00831	0.01478	0.01293	0.01478	0.01016	0.00462	0.00277	0.00092	0.00185	0.00370	0.88267	0.00370
20	0.00994	0.00851	0.00949	0.02196	0.02550	0.05883	0.02069	0.12182	0.07619	0.04159	0.00943	0.01019	0.03478	0.00395	0.00376	0.00089	0.03660	0.00309	0.00277	0.50004
21	0.12778	0.01147	0.04696	0.00897	0.01193	0.12156	0.04875	0.37695	0.12372	0.06876	0.00963	0.00976	0.00700	0.00451	0.00376	0.00121	0.00452	0.00343	0.00338	0.00597
22	0.68215	0.00775	0.00729	0.00610	0.00875	0.00852	0.04005	0.03608	0.00788	0.13224	0.00719	0.00774	0.00525	0.00385	0.00282	0.00121	0.00330	0.00256	0.00282	0.02644

[dist]
# distance from previous block
# <min> <max>
0	1

[block]
# block no. 6 follows, 68 sequences, length 48
# corresponding to MSA columns:
# 333-380
name=unknown_G
#
# <colnr> <probs for GDERKNQSTAVLIFYWHMCP>
#	G	D	E	R	K	N	Q	S	T	A	V	L	I	F	Y	W	H	M	C	P
0	0.00867	0.00867	0.01214	0.01041	0.01041	0.01214	0.00867	0.00954	0.00607	0.00954	0.00520	0.00867	0.00520	0.00694	0.01301	0.00173	0.85340	0.00347	0.00173	0.00434
1	0.01042	0.02102	0.13566	0.02572	0.04987	0.00684	0.06890	0.02365	0.00914	0.18275	0.00893	0.00963	0.00657	0.00358	0.00348	0.00093	0.00392	0.00304	0.00273	0.42320
2	0.00984	0.00846	0.01150	0.00840	0.01187	0.02647	0.15165	0.12001	0.01001	0.04802	0.00807	0.01991	0.00642	0.00348	0.00347	0.00085	0.00391	0.00312	0.00262	0.54193
3	0.00660	0.00358	0.00517	0.00517	0.00524	0.00366	0.00345	0.00545	0.00537	0.00724	0.00807	0.01441	0.00828	0.13707	0.10072	0.66857	0.00423	0.00386	0.00186	0.00200
4	0.00822	0.00705	0.00822	0.00587	0.00940	0.00529	0.00470	0.00998	0.00822	0.01292	0.00705	0.00822	0.00587	0.00294	0.00294	0.00059	0.00294	0.00235	0.00235	0.88490
5	0.01090	0.01321	0.34947	0.11649	0.11505	0.03758	0.02912	0.01392	0.00924	0.22596	0.00954	0.02337	0.00681	0.00424	0.00404	0.00125	0.01784	0.00351	0.00261	0.00584
6	0.83939	0.00805	0.02289	0.00548	0.00803	0.00902	0.00462	0.04091	0.00721	0.01794	0.00570	0.00659	0.00440	0.00372	0.00253	0.00123	0.00317	0.00221	0.00249	0.00441
7	0.00471	0.00401	0.00406	0.00406	0.00538	0.00335	0.00304	0.00573	0.00907	0.01083	0.05942	0.05123	0.80159	0.01003	0.00469	0.00134	0.00201	0.00839	0.00370	0.00335
8	0.00739	0.00370	0.00370	0.00370	0.00462	0.00370	0.00277	0.00924	0.00831	0.01478	0.01293	0.01478	0.01016	0.00462	0.00277	0.00092	0.00185	0.00370	0.88267	0.00370
9	0.01200	0.00958	0.01017	0.00850	0.01112	0.01086	0.00679	0.35002	0.49633	0.02003	0.01342	0.01263	0.00990	0.00512	0.00401	0.00128	0.00364	0.00411	0.00401	0.00647
10	0.04283	0.00910	0.01482	0.03641	0.69476	0.00919	0.01114	0.01304	0.05347	0.06461	0.00836	0.01020	0.00672	0.00373	0.00388	0.00119	0.00449	0.00356	0.00227	0.00620
11	0.00739	0.00370	0.00370	0.00370	0.00462	0.00370	0.00277	0.00924	0.00831	0.01478	0.01293	0.01478	0.01016	0.00462	0.00277	0.00092	0.00185	0.00370	0.88267	0.00370
12	0.00928	0.01054	0.02295	0.01647	0.02040	0.00988	0.80035	0.01258	0.00935	0.01268	0.00836	0.01158	0.00645	0.00354	0.00470	0.00135	0.00661	0.02558	0.00205	0.00530
13	0.00822	0.00705	0.00822	0.00587	0.00940	0.00529	0.00470	0.00998	0.00822	0.01292	0.00705	0.00822	0.00587	0.00294	0.00294	0.00059	0.00294	0.00235	0.00235	0.88490
14	0.03410	0.01066	0.01145	0.00877	0.01195	0.01160	0.00723	0.73165	0.01751	0.04217	0.00940	0.00945	0.00670	0.00462	0.00386	0.00115	0.00422	0.00346	0.00384	0.06621
15	0.01628	0.00682	0.00902	0.00697	0.00998	0.00598	0.00572	0.01842	0.06005	0.70533	0.03337	0.01352	0.01026	0.00485	0.00392	0.00118	0.00329	0.00396	0.00464	0.07645
16	0.00478	0.00402	0.00414	0.00411	0.00541	0.00339	0.00308	0.00587	0.00925	0.01123	0.11917	0.03731	0.75499	0.00985	0.00469	0.00133	0.00199	0.00825	0.00375	0.00339
17	0.01042	0.00870	0.00923	0.00813	0.01045	0.00995	0.00641	0.13411	0.67702	0.01755	0.01573	0.01529	0.02490	0.00553	0.00408	0.00134	0.00331	0.02767	0.00401	0.00622
18	0.00486	0.00347	0.00464	0.00556	0.00580	0.00325	0.00374	0.00557	0.00762	0.01016	0.02184	0.84171	0.02616	0.01239	0.00507	0.00161	0.00233	0.02732	0.00368	0.00323
19	0.01009	0.01118	0.03365	0.01608	0.06766	0.06307	0.65348	0.03874	0.02217	0.03134	0.00819	0.01047	0.00616	0.00352	0.00450	0.00130	0.00638	0.00440	0.00216	0.00545
20	0.00889	0.00769	0.01133	0.08988	0.01305	0.00719	0.15903	0.12105	0.02037	0.02667	0.01035	0.15456	0.00958	0.00504	0.00390	0.00108	0.00396	0.00465	0.00274	0.33900
21	0.00932	0.01056	0.02284	0.01632	0.02031	0.00985	0.79171	0.01260	0.00932	0.01271	0.00799	0.01060	0.00601	0.00333	0.00462	0.00131	0.00655	0.00459	0.00202	0.03745
22	0.00960	0.04478	0.22292	0.01056	0.07863	0.03197	0.09407	0.08325	0.10896	0.03324	0.03476	0.01025	0.00757	0.00395	0.00371	0.00108	0.00451	0.00339	0.00254	0.21024
23	0.00578	0.00390	0.00468	0.00468	0.00480	0.00401	0.00285	0.00596	0.00585	0.00791	0.01201	0.02382	0.01344	0.69845	0.15447	0.03209	0.00494	0.00545	0.00234	0.00257
24	0.00749	0.00705	0.01189	0.85113	0.02731	0.00881	0.01101	0.01013	0.00793	0.01013	0.00705	0.01057	0.00529	0.00396	0.00396	0.00132	0.00529	0.00352	0.00176	0.00440
25	0.00663	0.00485	0.00651	0.00728	0.00825	0.01588	0.00631	0.02445	0.00938	0.01219	0.04406	0.05487	0.02273	0.01068	0.00539	0.00178	0.00364	0.74772	0.00366	0.00372
26	0.00567	0.00419	0.00531	0.00500	0.00601	0.00390	0.00376	0.00776	0.03688	0.01548	0.74056	0.02987	0.10431	0.00818	0.00466	0.00126	0.00192	0.00719	0.00430	0.00379
27	0.01060	0.86304	0.02078	0.00678	0.01018	0.01569	0.00678	0.01187	0.00806	0.00933	0.00551	0.00636	0.00509	0.00339	0.00254	0.00085	0.00424	0.00212	0.00170	0.00509
28	0.00867	0.00867	0.01214	0.01041	0.01041	0.01214	0.00867	0.00954	0.00607	0.00954	0.00520	0.00867	0.00520	0.00694	0.01301	0.00173	0.85340	0.00347	0.00173	0.00434
29	0.00543	0.00396	0.00511	0.00502	0.00586	0.00364	0.00369	0.00707	0.01052	0.01468	0.65854	0.16133	0.08253	0.00890	0.00474	0.00131	0.00195	0.00789	0.00422	0.00364
30	0.00790	0.02017	0.82279	0.01117	0.01693	0.00909	0.01442	0.01245	0.00843	0.01263	0.02427	0.00881	0.00569	0.00386	0.00379	0.00126	0.00578	0.00302	0.00173	0.00582
31	0.00562	0.00388	0.00438	0.00438	0.00458	0.00383	0.00260	0.00582	0.00621	0.00814	0.01590	0.02700	0.11769	0.71448	0.05676	0.00365	0.00393	0.00602	0.00255	0.00257
32	0.01586	0.00817	0.01214	0.00909	0.01234	0.00765	0.14861	0.15350	0.01223	0.55731	0.01328	0.01234	0.00863	0.00461	0.00410	0.00124	0.00412	0.00404	0.00424	0.00650
33	0.01288	0.13413	0.03726	0.01042	0.08825	0.09117	0.02681	0.42286	0.06338	0.01838	0.02693	0.00960	0.00720	0.00450	0.00401	0.00115	0.02851	0.00340	0.00311	0.00604
34	0.01051	0.00790	0.00919	0.00743	0.02833	0.00753	0.00584	0.23986	0.03868	0.06807	0.02461	0.01335	0.03004	0.03788	0.00450	0.00110	0.02408	0.05487	0.00315	0.38307
35	0.06222	0.22240	0.14130	0.00868	0.01220	0.01087	0.06854	0.19778	0.04843	0.13632	0.01767	0.00981	0.00703	0.02115	0.00387	0.00118	0.00440	0.00328	0.00291	0.01996
36	0.00487	0.00382	0.00442	0.00477	0.00564	0.00337	0.00343	0.00586	0.00868	0.01097	0.10118	0.34817	0.43466	0.01080	0.00485	0.00145	0.00216	0.03381	0.00374	0.00334
37	0.00505	0.00399	0.00455	0.00454	0.00564	0.00350	0.00339	0.00634	0.00967	0.01246	0.30989	0.10169	0.47915	0.00959	0.00473	0.00134	0.00202	0.02506	0.00391	0.00348
38	0.01212	0.32590	0.15472	0.00915	0.01233	0.40235	0.00852	0.01384	0.00960	0.01005	0.00607	0.00707	0.00509	0.00378	0.00323	0.00100	0.00587	0.00246	0.00185	0.00499
39	0.05612	0.08376	0.11071	0.17595	0.07441	0.11457	0.03811	0.16550	0.10685	0.01459	0.00839	0.00961	0.00639	0.00416	0.00371	0.00120	0.00493	0.00331	0.01227	0.00547
40	0.00556	0.00379	0.00446	0.00466	0.00478	0.00373	0.00281	0.00582	0.00641	0.00856	0.03791	0.19873	0.03108	0.62256	0.02782	0.00327	0.00353	0.01910	0.00276	0.00266
41	0.00475	0.00375	0.00429	0.00473	0.00554	0.00329	0.00333	0.00561	0.00835	0.01043	0.03152	0.42531	0.45275	0.01117	0.00486	0.00147	0.00215	0.00974	0.00368	0.00329
42	0.02478	0.31757	0.12006	0.00936	0.01254	0.25145	0.07962	0.05252	0.02324	0.02394	0.02844	0.00828	0.00628	0.00396	0.00357	0.00106	0.02323	0.00287	0.00210	0.00513
43	0.04332	0.00621	0.00758	0.00666	0.03182	0.00612	0.00484	0.11797	0.02700	0.26838	0.06604	0.01763	0.01232	0.27981	0.04908	0.00228	0.00389	0.00460	0.01459	0.02983
44	0.00689	0.00344	0.00517	0.00517	0.00517	0.00344	0.00344	0.00517	0.00517	0.00689	0.00689	0.01205	0.00689	0.01377	0.01550	0.88464	0.00344	0.00344	0.00172	0.00172
45	0.00749	0.00705	0.01189	0.85113	0.02731	0.00881	0.01101	0.01013	0.00793	0.01013	0.00705	0.01057	0.00529	0.00396	0.00396	0.00132	0.00529	0.00352	0.00176	0.00440
46	0.00946	0.02629	0.01384	0.09946	0.29812	0.02072	0.12989	0.07767	0.06989	0.03344	0.04344	0.04232	0.02570	0.01495	0.03600	0.00150	0.02271	0.02659	0.00257	0.00543
47	0.02928	0.00947	0.01000	0.00841	0.01100	0.01075	0.00671	0.32014	0.50998	0.01975	0.01346	0.01266	0.00995	0.00511	0.00398	0.00128	0.00359	0.00410	0.00398	0.00641

[dist]
# distance from previous block
# <min> <max>
0	1

[block]
# block no. 7 follows, 68 sequences, length 44
# corresponding to MSA columns:
# 382-425
name=unknown_H
#
# <colnr> <probs for GDERKNQSTAVLIFYWHMCP>
#	G	D	E	R	K	N	Q	S	T	A	V	L	I	F	Y	W	H	M	C	P
0	0.84597	0.00768	0.00598	0.00533	0.00779	0.00887	0.00438	0.01208	0.03130	0.03334	0.00603	0.00682	0.00463	0.00375	0.00253	0.00123	0.00308	0.00225	0.00255	0.00440
1	0.06736	0.00695	0.00751	0.00685	0.00856	0.03160	0.00542	0.15490	0.16871	0.05773	0.11611	0.09448	0.01626	0.04253	0.00486	0.00145	0.00325	0.12630	0.07432	0.00485
2	0.00936	0.01070	0.02340	0.01671	0.02072	0.01003	0.82152	0.01270	0.00936	0.01270	0.00802	0.01070	0.00602	0.00334	0.00468	0.00134	0.00668	0.00468	0.00201	0.00535
3	0.00749	0.00705	0.01189	0.85113	0.02731	0.00881	0.01101	0.01013	0.00793	0.01013	0.00705	0.01057	0.00529	0.00396	0.00396	0.00132	0.00529	0.00352	0.00176	0.00440
4	0.00537	0.00381	0.00443	0.00461	0.00496	0.00363	0.00292	0.00584	0.00711	0.00933	0.07623	0.20803	0.15923	0.45910	0.02609	0.00279	0.00316	0.00748	0.00303	0.00285
5	0.82708	0.00760	0.00607	0.00534	0.00784	0.00868	0.00440	0.01220	0.00707	0.07584	0.00624	0.00694	0.00468	0.00377	0.00256	0.00123	0.00309	0.00228	0.00263	0.00447
6	0.00573	0.00405	0.00558	0.00558	0.00610	0.00441	0.00405	0.00649	0.00640	0.00885	0.02539	0.01961	0.07604	0.21755	0.49492	0.09143	0.00755	0.00489	0.00231	0.00309
7	0.00535	0.00392	0.00512	0.00592	0.00643	0.00378	0.00432	0.00673	0.04225	0.01078	0.02230	0.61695	0.06280	0.01171	0.00509	0.00163	0.00260	0.17519	0.00369	0.00344
8	0.00545	0.00413	0.00577	0.00585	0.00658	0.00450	0.00444	0.00669	0.00692	0.00954	0.02732	0.09206	0.13580	0.05750	0.60264	0.00504	0.00823	0.00557	0.00253	0.00344
9	0.88866	0.00767	0.00583	0.00521	0.00767	0.00889	0.00429	0.01166	0.00675	0.01779	0.00552	0.00644	0.00429	0.00368	0.00245	0.00123	0.00307	0.00215	0.00245	0.00429
10	0.00879	0.00803	0.01198	0.44322	0.10772	0.00979	0.00983	0.07710	0.10018	0.01224	0.00804	0.01062	0.00633	0.00503	0.01800	0.00144	0.15081	0.00364	0.00222	0.00498
11	0.00573	0.00482	0.03782	0.00645	0.00731	0.00502	0.00518	0.00719	0.00646	0.00930	0.01090	0.04086	0.01040	0.06292	0.75361	0.00593	0.00991	0.00447	0.00217	0.00357
12	0.01054	0.07518	0.46474	0.01043	0.04240	0.00906	0.04355	0.04756	0.04794	0.17795	0.00959	0.02785	0.00692	0.00424	0.00381	0.00123	0.00498	0.00345	0.00259	0.00598
13	0.00894	0.01153	0.25225	0.11610	0.13301	0.00786	0.06171	0.01195	0.02051	0.06149	0.00783	0.00935	0.00594	0.00357	0.00364	0.00105	0.00460	0.00311	0.00218	0.27338
14	0.00593	0.00441	0.00640	0.00632	0.00705	0.00509	0.00487	0.02912	0.00667	0.00954	0.01070	0.01604	0.01010	0.07960	0.77198	0.00608	0.01004	0.00432	0.00219	0.00356
15	0.01017	0.42944	0.17273	0.00795	0.01151	0.04695	0.00803	0.02490	0.13727	0.03462	0.00824	0.02382	0.00676	0.00400	0.00318	0.00102	0.00436	0.00291	0.00227	0.05985
16	0.01030	0.05246	0.25515	0.01300	0.20929	0.07709	0.04555	0.07764	0.01018	0.08904	0.09768	0.02625	0.00982	0.00450	0.00393	0.00120	0.00481	0.00383	0.00259	0.00568
17	0.00657	0.00506	0.00613	0.00569	0.00692	0.00513	0.00432	0.01056	0.19651	0.01606	0.64851	0.02626	0.03168	0.00749	0.00453	0.00127	0.00216	0.00656	0.00429	0.00432
18	0.00822	0.00705	0.00822	0.00587	0.00940	0.00529	0.00470	0.00998	0.00822	0.01292	0.00705	0.00822	0.00587	0.00294	0.00294	0.00059	0.00294	0.00235	0.00235	0.88490
19	0.00520	0.00371	0.00502	0.00594	0.00633	0.00354	0.00432	0.00615	0.00795	0.01053	0.02165	0.66685	0.02542	0.01208	0.00516	0.00166	0.00262	0.19888	0.00367	0.00332
20	0.88866	0.00767	0.00583	0.00521	0.00767	0.00889	0.00429	0.01166	0.00675	0.01779	0.00552	0.00644	0.00429	0.00368	0.00245	0.00123	0.00307	0.00215	0.00245	0.00429
21	0.00548	0.00447	0.00490	0.00475	0.00605	0.00411	0.00360	0.00773	0.08823	0.01278	0.26456	0.03360	0.51204	0.00906	0.00464	0.00132	0.00211	0.02293	0.00391	0.00375
22	0.00957	0.00917	0.01553	0.02338	0.79700	0.00914	0.01174	0.01186	0.00903	0.01285	0.00899	0.01114	0.04508	0.00384	0.00396	0.00119	0.00458	0.00376	0.00204	0.00614
23	0.05367	0.00668	0.00891	0.00690	0.00986	0.00588	0.00568	0.01855	0.01115	0.77323	0.04622	0.01381	0.01063	0.00498	0.00395	0.00123	0.00330	0.00403	0.00478	0.00653
24	0.00576	0.00443	0.00600	0.00600	0.04504	0.00408	0.02044	0.00758	0.01080	0.01503	0.67626	0.02941	0.13803	0.00805	0.00464	0.00126	0.00212	0.00710	0.00412	0.00384
25	0.00613	0.00418	0.00541	0.00503	0.00609	0.00382	0.00380	0.00793	0.01110	0.05414	0.74776	0.02938	0.08404	0.00807	0.00464	0.00125	0.00195	0.00709	0.00435	0.00386
26	0.00806	0.01960	0.76753	0.01167	0.01729	0.00932	0.07183	0.01251	0.00840	0.01251	0.00715	0.00854	0.00510	0.00379	0.00399	0.00127	0.02086	0.00306	0.00170	0.00580
27	0.01728	0.00680	0.00917	0.00712	0.01011	0.00598	0.00588	0.03343	0.02676	0.78626	0.01569	0.01430	0.01016	0.00508	0.00403	0.00124	0.00339	0.02582	0.00484	0.00665
28	0.00476	0.00402	0.00413	0.00410	0.00540	0.00338	0.00307	0.00584	0.00922	0.01115	0.10761	0.03743	0.76660	0.00988	0.00469	0.00133	0.00200	0.00827	0.00374	0.00338
29	0.00620	0.00485	0.00705	0.00678	0.00736	0.00586	0.00532	0.00732	0.00642	0.00933	0.02389	0.01513	0.03181	0.02399	0.61573	0.06389	0.13710	0.00423	0.01421	0.00354
30	0.00795	0.02051	0.84011	0.01130	0.01716	0.00921	0.01465	0.01256	0.00837	0.01256	0.00712	0.00837	0.00502	0.00377	0.00377	0.00126	0.00586	0.00293	0.00167	0.00586
31	0.00806	0.00687	0.00804	0.00582	0.00918	0.00519	0.00464	0.00983	0.00840	0.01310	0.05735	0.00952	0.00779	0.00325	0.00304	0.00063	0.00287	0.00264	0.00247	0.83128
32	0.00876	0.00730	0.02010	0.00677	0.04082	0.00563	0.00521	0.02082	0.02045	0.05198	0.00798	0.02853	0.00664	0.00334	0.00311	0.00069	0.00307	0.00273	0.00252	0.75354
