[name]
unknown

[dist]
# distance from previous block
# <min> <max>
0	54

[block]
# block no. 0 follows, 69 sequences, length 20
# corresponding to MSA columns:
# 54-73
name=unknown_A
#
# <colnr> <probs for GDERKNQSTAVLIFYWHMCP>
#	G	D	E	R	K	N	Q	S	T	A	V	L	I	F	Y	W	H	M	C	P
0	0.00820	0.00709	0.00853	0.00814	0.00943	0.07579	0.03492	0.08037	0.04532	0.01237	0.01472	0.04655	0.01503	0.01053	0.09305	0.00207	0.10088	0.39572	0.00306	0.02824
1	0.03258	0.10836	0.03623	0.00964	0.01261	0.13923	0.18215	0.07743	0.03655	0.20078	0.04344	0.01257	0.00890	0.00456	0.00390	0.00118	0.00479	0.04814	0.00302	0.03397
2	0.00665	0.00408	0.00490	0.00480	0.00585	0.00375	0.00354	0.00796	0.00901	0.09049	0.20308	0.18082	0.21809	0.03741	0.04127	0.00157	0.00254	0.00704	0.16344	0.00373
3	0.00622	0.00493	0.00715	0.05689	0.00832	0.00600	0.00547	0.00751	0.00638	0.00932	0.00978	0.01497	0.00925	0.09457	0.56862	0.00489	0.13025	0.00415	0.04174	0.00358
4	0.00913	0.14303	0.03005	0.15321	0.06291	0.02864	0.17792	0.02174	0.19928	0.01252	0.05467	0.01163	0.00879	0.00478	0.01683	0.00132	0.05199	0.00390	0.00249	0.00519
5	0.00884	0.15856	0.48015	0.01018	0.01482	0.02490	0.08405	0.04787	0.03285	0.01264	0.03659	0.00910	0.00653	0.00383	0.00360	0.00114	0.00518	0.00310	0.00199	0.05409
6	0.00599	0.00430	0.00563	0.00552	0.00622	0.00420	0.02315	0.00689	0.00819	0.04712	0.17755	0.30398	0.15310	0.15459	0.00801	0.01826	0.05256	0.00792	0.00342	0.00341
7	0.00613	0.00445	0.00536	0.00557	0.00637	0.00440	0.00398	0.02089	0.10674	0.03339	0.10341	0.39030	0.12078	0.11719	0.00666	0.00177	0.00262	0.05269	0.00363	0.00368
8	0.00907	0.18134	0.10353	0.03498	0.01131	0.02255	0.03523	0.01107	0.00832	0.04753	0.00724	0.01894	0.00595	0.00336	0.00309	0.00080	0.00377	0.00265	0.00221	0.48709
9	0.01047	0.00748	0.00878	0.00643	0.00980	0.00627	0.00520	0.12457	0.01002	0.13711	0.00857	0.00908	0.00650	0.00344	0.00320	0.00076	0.00316	0.00273	0.00292	0.63350
10	0.01184	0.00945	0.01067	0.00879	0.01143	0.01054	0.04428	0.37822	0.38550	0.01967	0.01293	0.01375	0.00991	0.00526	0.00407	0.00129	0.00383	0.04851	0.00385	0.00623
11	0.32104	0.00684	0.00777	0.06969	0.02382	0.00726	0.02335	0.05823	0.04722	0.17917	0.19189	0.02480	0.01347	0.00510	0.00358	0.00123	0.00317	0.00406	0.00343	0.00488
12	0.00614	0.00417	0.00527	0.00490	0.00602	0.00376	0.00371	0.00783	0.01075	0.06561	0.65583	0.02968	0.16527	0.00813	0.00458	0.00125	0.00196	0.00709	0.00424	0.00382
13	0.02980	0.06282	0.23885	0.01011	0.03936	0.07892	0.04262	0.24495	0.15957	0.01625	0.00911	0.00964	0.00679	0.00436	0.00402	0.00121	0.02957	0.00337	0.00279	0.00589
14	0.00852	0.02546	0.01037	0.00894	0.02479	0.10814	0.05753	0.02091	0.00727	0.00981	0.00915	0.02526	0.04398	0.16051	0.06147	0.00217	0.37538	0.00415	0.03218	0.00400
15	0.01389	0.00765	0.00900	0.00711	0.00970	0.00769	0.00580	0.32219	0.01357	0.33716	0.09653	0.01438	0.03812	0.00525	0.00390	0.00117	0.00336	0.00421	0.09335	0.00596
16	0.00695	0.00524	0.04399	0.00579	0.00706	0.00454	0.00454	0.00934	0.09100	0.09386	0.26712	0.31104	0.09403	0.00878	0.00454	0.00136	0.00246	0.00773	0.02651	0.00412
17	0.10231	0.00843	0.01029	0.02171	0.02390	0.01668	0.07992	0.24300	0.16096	0.10148	0.03033	0.03087	0.00925	0.04999	0.01494	0.00144	0.03966	0.00405	0.04528	0.00550
18	0.16074	0.00498	0.00546	0.00535	0.00662	0.00503	0.00399	0.04643	0.01989	0.09871	0.04817	0.35382	0.06201	0.00798	0.00397	0.00132	0.00251	0.00682	0.15216	0.00404
19	0.01050	0.01000	0.01219	0.08463	0.09853	0.14063	0.08839	0.07448	0.04536	0.05675	0.00774	0.00939	0.00617	0.00459	0.01517	0.00121	0.14681	0.00328	0.00238	0.18178

[dist]
# distance from previous block
# <min> <max>
4	25

[block]
# block no. 1 follows, 69 sequences, length 18
# corresponding to MSA columns:
# 100-117
name=unknown_B
#
# <colnr> <probs for GDERKNQSTAVLIFYWHMCP>
#	G	D	E	R	K	N	Q	S	T	A	V	L	I	F	Y	W	H	M	C	P
0	0.04931	0.02552	0.05054	0.10642	0.04494	0.00747	0.00671	0.14129	0.04579	0.13400	0.08659	0.08003	0.08427	0.00823	0.08430	0.00175	0.02976	0.00487	0.00325	0.00498
1	0.08289	0.03651	0.18144	0.05624	0.14297	0.14826	0.00878	0.03702	0.09103	0.01303	0.03960	0.03349	0.00818	0.02113	0.00414	0.00123	0.02365	0.00354	0.06176	0.00510
2	0.01204	0.05158	0.21160	0.01035	0.01316	0.47936	0.02586	0.03153	0.00983	0.01063	0.00627	0.00763	0.00509	0.00426	0.00466	0.00115	0.10542	0.00277	0.00192	0.00490
3	0.00490	0.00351	0.00469	0.00542	0.00575	0.00330	0.00368	0.00574	0.00791	0.01068	0.12100	0.73314	0.02681	0.01226	0.02969	0.00169	0.00246	0.01044	0.00368	0.00326
4	0.00551	0.00398	0.00486	0.00479	0.00578	0.00356	0.00353	0.00690	0.00987	0.03811	0.43899	0.16531	0.27601	0.00919	0.00467	0.00132	0.00200	0.00801	0.00402	0.00359
5	0.00647	0.00472	0.00575	0.00533	0.00656	0.00459	0.00405	0.00953	0.12712	0.04462	0.60287	0.02756	0.12017	0.00773	0.00451	0.00126	0.00210	0.00673	0.00421	0.00412
6	0.08276	0.00656	0.00818	0.00657	0.00911	0.00616	0.00533	0.06806	0.04714	0.52007	0.15918	0.01606	0.03636	0.00546	0.00396	0.00122	0.00307	0.00447	0.00444	0.00585
7	0.04333	0.00800	0.01331	0.46299	0.37476	0.00897	0.01112	0.01094	0.00826	0.01152	0.00708	0.00997	0.00561	0.00373	0.00384	0.00124	0.00489	0.00343	0.00185	0.00515
8	0.09663	0.00955	0.00922	0.00788	0.01030	0.10074	0.00624	0.17512	0.37561	0.10496	0.05348	0.01259	0.01045	0.00498	0.00380	0.00124	0.00373	0.00391	0.00372	0.00585
9	0.01377	0.04509	0.04440	0.00947	0.01205	0.40426	0.00768	0.29712	0.08261	0.01552	0.00806	0.00858	0.00620	0.00441	0.00389	0.00111	0.02444	0.00306	0.00281	0.00548
10	0.00571	0.00434	0.00543	0.03241	0.00682	0.00429	0.00410	0.04733	0.02405	0.01193	0.17693	0.41132	0.16211	0.03871	0.02788	0.00164	0.01920	0.00863	0.00361	0.00357
11	0.00481	0.00344	0.00458	0.00544	0.00569	0.00321	0.00364	0.00554	0.00766	0.01026	0.05711	0.82345	0.02641	0.01210	0.00499	0.00158	0.00226	0.01097	0.00367	0.00321
12	0.01048	0.00998	0.01749	0.15517	0.01875	0.01044	0.41795	0.23868	0.01141	0.01536	0.00804	0.01013	0.00599	0.00398	0.00472	0.00130	0.04811	0.00407	0.00247	0.00547
13	0.00507	0.00395	0.00461	0.00453	0.00559	0.00348	0.00337	0.00644	0.00983	0.01294	0.40929	0.09680	0.40162	0.00922	0.00466	0.00130	0.00194	0.00794	0.00396	0.00348
14	0.00563	0.00391	0.00490	0.00494	0.00516	0.00411	0.00320	0.00609	0.00596	0.00816	0.01220	0.05907	0.01341	0.57214	0.27031	0.00446	0.00577	0.00548	0.00235	0.00275
15	0.00901	0.03949	0.37115	0.13508	0.07105	0.02529	0.03778	0.05952	0.08733	0.03146	0.00809	0.00968	0.00611	0.01353	0.00476	0.00130	0.07837	0.00333	0.00214	0.00549
16	0.00635	0.00501	0.00618	0.00645	0.05557	0.00493	0.00443	0.00935	0.14157	0.01370	0.35710	0.13584	0.13981	0.04778	0.00516	0.00140	0.00241	0.00689	0.02254	0.02754
17	0.00841	0.11920	0.09214	0.16777	0.14628	0.00861	0.00819	0.07538	0.06376	0.01308	0.10838	0.05337	0.07549	0.00527	0.00386	0.00120	0.00393	0.00447	0.03625	0.00495

[dist]
# distance from previous block
# <min> <max>
0	64

[block]
# block no. 2 follows, 69 sequences, length 24
# corresponding to MSA columns:
# 184-207
name=unknown_C
#
# <colnr> <probs for GDERKNQSTAVLIFYWHMCP>
#	G	D	E	R	K	N	Q	S	T	A	V	L	I	F	Y	W	H	M	C	P
0	0.16394	0.02116	0.00864	0.02088	0.00951	0.02362	0.02902	0.05488	0.25794	0.12793	0.01139	0.01281	0.00899	0.06977	0.09628	0.02455	0.04663	0.00383	0.00317	0.00507
1	0.02636	0.00842	0.01379	0.18799	0.52642	0.00891	0.02231	0.03219	0.03122	0.01274	0.03347	0.02876	0.00757	0.00407	0.00407	0.00122	0.02104	0.00378	0.02011	0.00556
2	0.00487	0.00347	0.00453	0.00532	0.00556	0.00325	0.00352	0.00553	0.00746	0.00995	0.04159	0.75394	0.03787	0.08547	0.00628	0.00177	0.00239	0.01053	0.00355	0.00313
3	0.00707	0.01974	0.05715	0.05110	0.07007	0.00631	0.04215	0.05129	0.00890	0.01243	0.24722	0.05344	0.04639	0.11674	0.08995	0.02563	0.06944	0.00534	0.01559	0.00406
4	0.00522	0.00399	0.00531	0.00588	0.00610	0.00415	0.00409	0.00589	0.00730	0.00985	0.01988	0.71148	0.04291	0.05061	0.00651	0.00170	0.09247	0.01001	0.00338	0.00327
5	0.00704	0.00556	0.01943	0.00598	0.00733	0.03369	0.02616	0.00962	0.09806	0.06740	0.39959	0.13775	0.13975	0.00802	0.00462	0.00130	0.01366	0.00698	0.00391	0.00415
6	0.08599	0.05511	0.03014	0.11468	0.01175	0.05916	0.00677	0.03837	0.03062	0.27561	0.03307	0.04944	0.00897	0.00704	0.07079	0.00166	0.09626	0.00389	0.01558	0.00513
7	0.00849	0.03987	0.58503	0.01200	0.01710	0.00955	0.18704	0.03298	0.04725	0.01285	0.00766	0.00904	0.00555	0.00372	0.00390	0.00125	0.00576	0.00333	0.00189	0.00571
8	0.00643	0.00508	0.00675	0.04577	0.00741	0.00597	0.00475	0.00745	0.03313	0.00919	0.05702	0.01916	0.03471	0.34774	0.20083	0.03401	0.16412	0.00487	0.00233	0.00328
9	0.00906	0.02613	0.05563	0.10265	0.36845	0.02014	0.03000	0.02243	0.06530	0.02353	0.02516	0.02332	0.01437	0.00421	0.00423	0.00116	0.04581	0.01893	0.01235	0.12717
10	0.00499	0.00353	0.00459	0.00529	0.00560	0.00331	0.00356	0.00576	0.00772	0.01041	0.08601	0.67504	0.04380	0.08001	0.00613	0.00173	0.00237	0.02581	0.02117	0.00318
11	0.01083	0.02787	0.03269	0.00923	0.01115	0.10258	0.08342	0.14156	0.00969	0.10007	0.00872	0.01106	0.01749	0.05890	0.06969	0.00182	0.23722	0.00366	0.00259	0.05976
12	0.85441	0.00754	0.00590	0.00523	0.00768	0.00867	0.00431	0.01183	0.00686	0.05108	0.00587	0.00665	0.00447	0.00369	0.00249	0.00121	0.00304	0.00220	0.00252	0.00434
13	0.00867	0.00854	0.06205	0.11560	0.09304	0.04145	0.01737	0.03251	0.34183	0.02506	0.03996	0.06353	0.11342	0.00586	0.00411	0.00130	0.00371	0.01352	0.00321	0.00526
14	0.00518	0.00400	0.00473	0.00458	0.00568	0.00355	0.00346	0.00667	0.01013	0.01346	0.47926	0.03322	0.37403	0.00889	0.00465	0.00129	0.00195	0.02772	0.00401	0.00353
15	0.00952	0.00781	0.00863	0.00765	0.00976	0.00879	0.02039	0.03316	0.63473	0.05480	0.04756	0.02790	0.08399	0.00587	0.00426	0.00133	0.01922	0.00489	0.00393	0.00580
16	0.36988	0.26920	0.03739	0.00667	0.00964	0.01129	0.00601	0.15790	0.02496	0.06528	0.00701	0.00752	0.00541	0.00385	0.00288	0.00110	0.00372	0.00254	0.00262	0.00515
17	0.00493	0.00369	0.00462	0.00530	0.00589	0.00338	0.00381	0.00584	0.00806	0.01038	0.02614	0.54584	0.23322	0.01150	0.00496	0.00155	0.00237	0.11160	0.00364	0.00327
18	0.09136	0.00922	0.10568	0.00980	0.08177	0.00785	0.08586	0.09496	0.03152	0.34204	0.05717	0.01201	0.00920	0.00457	0.00408	0.00123	0.02473	0.00382	0.01725	0.00590
19	0.05893	0.00646	0.00904	0.27263	0.06462	0.00676	0.00707	0.04919	0.02458	0.11160	0.06973	0.17011	0.01215	0.00578	0.00396	0.00123	0.00368	0.00502	0.00292	0.11453
20	0.00528	0.00404	0.00484	0.00484	0.00580	0.00369	0.00357	0.00690	0.03365	0.01294	0.39218	0.16308	0.28884	0.02646	0.00500	0.00139	0.00208	0.02796	0.00393	0.00354
21	0.04475	0.00814	0.01231	0.26104	0.33900	0.00851	0.00954	0.03772	0.06193	0.01279	0.00773	0.00982	0.00616	0.00368	0.00367	0.00112	0.00433	0.00329	0.00217	0.16232
22	0.03566	0.00728	0.00950	0.02630	0.03107	0.00763	0.10200	0.04660	0.31493	0.03658	0.03258	0.08120	0.16272	0.00635	0.00436	0.00131	0.01954	0.02187	0.00341	0.04911
23	0.02336	0.00649	0.00860	0.04229	0.10956	0.03511	0.04689	0.05007	0.03623	0.03134	0.17608	0.17106	0.08477	0.00703	0.00427	0.00125	0.00327	0.05280	0.00323	0.10629

[dist]
# distance from previous block
# <min> <max>
0	14

[block]
# block no. 3 follows, 69 sequences, length 22
# corresponding to MSA columns:
# 222-243
name=unknown_D
#
# <colnr> <probs for GDERKNQSTAVLIFYWHMCP>
#	G	D	E	R	K	N	Q	S	T	A	V	L	I	F	Y	W	H	M	C	P
0	0.08751	0.13398	0.02311	0.00804	0.01098	0.05273	0.00680	0.39768	0.07418	0.03611	0.00852	0.00888	0.00644	0.00431	0.00379	0.00109	0.03423	0.00309	0.00313	0.09541
1	0.45240	0.06672	0.02901	0.02082	0.07047	0.05362	0.05058	0.05279	0.02439	0.03316	0.01912	0.00798	0.00564	0.00381	0.00321	0.00114	0.02214	0.00269	0.00243	0.07789
2	0.28154	0.00516	0.00552	0.03651	0.00733	0.00544	0.00422	0.00869	0.00747	0.05524	0.01419	0.38120	0.01514	0.02341	0.03009	0.00156	0.00295	0.01906	0.07072	0.02457
3	0.04205	0.53033	0.20771	0.00846	0.03717	0.04176	0.00864	0.02703	0.00834	0.02795	0.00617	0.00714	0.00515	0.00362	0.00317	0.00100	0.02480	0.00244	0.00183	0.00524
4	0.00975	0.00580	0.00840	0.17963	0.01209	0.00609	0.03132	0.05117	0.00910	0.21954	0.04081	0.05633	0.01078	0.01802	0.17687	0.00230	0.00504	0.02921	0.12306	0.00469
5	0.00482	0.00350	0.00456	0.00530	0.00567	0.00323	0.00359	0.00562	0.00789	0.01049	0.08484	0.73275	0.08971	0.01178	0.00495	0.00154	0.00222	0.01061	0.00369	0.00323
6	0.00610	0.00385	0.00502	0.00546	0.00613	0.00351	0.00384	0.00699	0.00828	0.09175	0.07713	0.62614	0.10394	0.01101	0.00485	0.00151	0.00235	0.02479	0.00380	0.00358
7	0.00546	0.00388	0.00486	0.00501	0.00584	0.00353	0.00365	0.00676	0.00941	0.03168	0.35747	0.29368	0.18922	0.00969	0.00472	0.00138	0.00210	0.03588	0.02224	0.00352
8	0.08621	0.00771	0.00876	0.00717	0.00952	0.00806	0.00577	0.33284	0.01282	0.23239	0.03184	0.13770	0.01105	0.00589	0.00405	0.00124	0.01826	0.00474	0.06837	0.00562
9	0.00785	0.00612	0.00674	0.00622	0.00742	0.00672	0.00448	0.07286	0.32173	0.01271	0.03203	0.05458	0.04168	0.33593	0.06367	0.00259	0.00383	0.00530	0.00323	0.00432
10	0.11227	0.04558	0.02557	0.17829	0.35006	0.00955	0.03926	0.11595	0.00970	0.04609	0.00757	0.00939	0.00590	0.00378	0.00367	0.00118	0.00451	0.00330	0.00232	0.02605
11	0.03292	0.34228	0.03132	0.03844	0.04622	0.08637	0.00666	0.03348	0.07486	0.06608	0.05298	0.03736	0.03647	0.00698	0.08294	0.00156	0.01208	0.00357	0.00250	0.00492
12	0.04871	0.00684	0.00894	0.00691	0.00985	0.00615	0.00570	0.06228	0.01135	0.73799	0.01468	0.01292	0.00935	0.00479	0.00385	0.00120	0.00333	0.00384	0.03487	0.00648
13	0.00945	0.00905	0.01545	0.11657	0.74727	0.00925	0.01190	0.01181	0.00881	0.01250	0.00733	0.00979	0.00610	0.00354	0.00389	0.00118	0.00472	0.00349	0.00192	0.00600
14	0.00530	0.00386	0.00487	0.00533	0.00601	0.00360	0.00396	0.00643	0.00856	0.01135	0.15840	0.34208	0.17212	0.06417	0.00584	0.00165	0.00250	0.16675	0.02388	0.00334
15	0.01443	0.01001	0.01088	0.00845	0.01139	0.01093	0.00694	0.66321	0.05420	0.09763	0.01047	0.01034	0.00740	0.00474	0.00385	0.00117	0.00401	0.00362	0.05987	0.00646
16	0.00504	0.00378	0.00461	0.00514	0.00578	0.00351	0.00360	0.00627	0.03619	0.01085	0.07638	0.54285	0.22703	0.01102	0.00482	0.00148	0.00222	0.02511	0.02097	0.00337
17	0.00568	0.00412	0.00514	0.00526	0.00617	0.00385	0.00392	0.00741	0.04271	0.03187	0.34445	0.25847	0.17881	0.00959	0.00476	0.00140	0.00223	0.07657	0.00394	0.00365
18	0.00901	0.01495	0.44059	0.13117	0.17713	0.03545	0.05574	0.03739	0.00890	0.04239	0.00749	0.00916	0.00552	0.00377	0.00384	0.00123	0.00544	0.00323	0.00194	0.00567
19	0.00647	0.00354	0.00494	0.00494	0.00497	0.00357	0.00320	0.00534	0.00531	0.00712	0.00843	0.01569	0.00890	0.23788	0.05200	0.61600	0.00381	0.00404	0.00190	0.00196
20	0.01196	0.52533	0.01690	0.00781	0.01081	0.14404	0.00703	0.17643	0.02475	0.01253	0.00652	0.00724	0.00549	0.00385	0.00323	0.00096	0.02506	0.00252	0.00222	0.00529
21	0.00946	0.06937	0.05950	0.01729	0.02790	0.03860	0.02429	0.06171	0.04103	0.06537	0.03296	0.04224	0.00835	0.00477	0.00496	0.00107	0.13682	0.03091	0.00259	0.32080

[dist]
# distance from previous block
# <min> <max>
0	3

[block]
# block no. 4 follows, 69 sequences, length 18
# corresponding to MSA columns:
# 247-264
name=unknown_E
#
# <colnr> <probs for GDERKNQSTAVLIFYWHMCP>
#	G	D	E	R	K	N	Q	S	T	A	V	L	I	F	Y	W	H	M	C	P
0	0.02890	0.01115	0.03200	0.03086	0.01218	0.22921	0.11139	0.02883	0.00848	0.03572	0.00719	0.01024	0.00632	0.02674	0.05531	0.00168	0.29061	0.02335	0.00210	0.04773
1	0.16212	0.20471	0.02166	0.03133	0.03961	0.01127	0.01965	0.26293	0.12347	0.05233	0.00888	0.00923	0.00673	0.00420	0.00333	0.00113	0.00389	0.00311	0.02478	0.00563
2	0.00479	0.00368	0.00433	0.00478	0.00546	0.00328	0.00331	0.00561	0.00813	0.01034	0.05881	0.45417	0.35473	0.05282	0.00557	0.00158	0.00222	0.00956	0.00360	0.00321
3	0.01013	0.03194	0.26942	0.00906	0.03303	0.00856	0.02670	0.20614	0.04693	0.09376	0.13328	0.04230	0.04315	0.00533	0.00420	0.00124	0.02175	0.00436	0.00315	0.00556
4	0.00960	0.05377	0.00940	0.00765	0.01008	0.00952	0.00605	0.01904	0.68911	0.01559	0.01433	0.01341	0.01087	0.00493	0.00378	0.00121	0.00314	0.00406	0.00367	0.11080
5	0.00621	0.00565	0.04124	0.00536	0.00672	0.04889	0.00426	0.00797	0.03905	0.03585	0.28601	0.12168	0.33390	0.02076	0.00476	0.00134	0.00254	0.02030	0.00371	0.00378
6	0.01466	0.01086	0.01163	0.00897	0.01207	0.01204	0.00739	0.78700	0.05652	0.02432	0.00972	0.00966	0.00692	0.00473	0.00392	0.00118	0.00426	0.00357	0.00392	0.00665
7	0.00481	0.00371	0.00441	0.00492	0.00565	0.00331	0.00350	0.00571	0.00827	0.01048	0.04981	0.45749	0.36196	0.01113	0.00486	0.00148	0.00221	0.04936	0.00366	0.00327
8	0.00858	0.00858	0.01201	0.01029	0.01029	0.01201	0.00858	0.00943	0.00600	0.00943	0.00515	0.00858	0.00515	0.00686	0.01287	0.00172	0.85505	0.00343	0.00172	0.00429
9	0.00672	0.00519	0.00682	0.00655	0.00756	0.00596	0.00504	0.04429	0.14894	0.01091	0.01154	0.01580	0.01038	0.08864	0.60130	0.00503	0.00844	0.00433	0.00253	0.00402
10	0.00561	0.00415	0.00604	0.00604	0.00665	0.00476	0.00457	0.00683	0.00622	0.00891	0.01074	0.01673	0.01038	0.13726	0.73962	0.00598	0.00963	0.00439	0.00214	0.00335
11	0.00807	0.04348	0.73889	0.01119	0.01660	0.00941	0.05185	0.01255	0.02915	0.01236	0.00721	0.00850	0.00520	0.00381	0.00396	0.00125	0.02607	0.00301	0.00173	0.00572
12	0.07624	0.15133	0.03900	0.20519	0.19427	0.05070	0.10023	0.02991	0.00866	0.05606	0.00717	0.00912	0.00566	0.00386	0.00406	0.00119	0.04686	0.00324	0.00208	0.00519
13	0.00974	0.15083	0.23951	0.01081	0.15128	0.02990	0.00909	0.05217	0.00919	0.10026	0.03545	0.10153	0.00926	0.00492	0.00381	0.00117	0.01507	0.00405	0.03839	0.02359
14	0.00775	0.10484	0.24643	0.00766	0.03592	0.03033	0.00734	0.02678	0.00792	0.01093	0.01094	0.02892	0.07084	0.22022	0.00762	0.00172	0.00422	0.00398	0.00221	0.16343
15	0.00754	0.00756	0.05683	0.03620	0.09991	0.00686	0.22623	0.04388	0.02902	0.01199	0.07185	0.19683	0.03474	0.06885	0.04928	0.03471	0.00462	0.00601	0.00268	0.00442
16	0.02825	0.08968	0.03659	0.04998	0.06413	0.07856	0.17153	0.04455	0.04799	0.03345	0.05082	0.11003	0.05502	0.00583	0.00469	0.01530	0.04596	0.03297	0.01173	0.02295
17	0.19736	0.02551	0.00853	0.03215	0.08256	0.08173	0.00600	0.13700	0.06957	0.04328	0.03350	0.14829	0.08226	0.00623	0.00384	0.00128	0.00361	0.02938	0.00312	0.00478

[dist]
# distance from previous block
# <min> <max>
4	18

[block]
# block no. 5 follows, 69 sequences, length 7
# corresponding to MSA columns:
# 287-293
name=unknown_F
#
# <colnr> <probs for GDERKNQSTAVLIFYWHMCP>
#	G	D	E	R	K	N	Q	S	T	A	V	L	I	F	Y	W	H	M	C	P
0	0.00872	0.04886	0.12119	0.03926	0.06097	0.04252	0.15220	0.11213	0.03677	0.01292	0.03728	0.07957	0.05853	0.04800	0.09446	0.00192	0.03257	0.00472	0.00255	0.00485
1	0.00641	0.00535	0.00548	0.00598	0.00659	0.09965	0.00419	0.00720	0.00813	0.03773	0.02042	0.62632	0.07196	0.03681	0.00525	0.00157	0.00294	0.04110	0.00346	0.00346
2	0.00956	0.00818	0.07246	0.25559	0.05018	0.00804	0.02342	0.11913	0.07224	0.11570	0.07065	0.05227	0.07986	0.00549	0.00445	0.00129	0.03877	0.00459	0.00302	0.00510
3	0.00875	0.00585	0.00737	0.00639	0.00813	0.00569	0.03285	0.11711	0.06849	0.12973	0.30052	0.10444	0.12758	0.00744	0.00442	0.00128	0.00277	0.03342	0.00402	0.02375
4	0.01026	0.60942	0.13043	0.00758	0.01112	0.01382	0.00774	0.05345	0.10248	0.01125	0.00706	0.00767	0.00590	0.00370	0.00292	0.00097	0.00429	0.00254	0.00205	0.00535
5	0.00924	0.00813	0.00953	0.00697	0.01038	0.04181	0.05226	0.10332	0.00950	0.01399	0.00726	0.00837	0.00588	0.00318	0.00315	0.00071	0.00345	0.00260	0.00247	0.69778
6	0.12667	0.02459	0.02462	0.02037	0.03509	0.04701	0.09303	0.13909	0.04311	0.15026	0.01232	0.15109	0.02775	0.00632	0.02542	0.00138	0.00405	0.01546	0.00323	0.04913

[dist]
# distance from previous block
# <min> <max>
0	1

[block]
# block no. 6 follows, 69 sequences, length 6
# corresponding to MSA columns:
# 295-300
name=unknown_G
#
# <colnr> <probs for GDERKNQSTAVLIFYWHMCP>
#	G	D	E	R	K	N	Q	S	T	A	V	L	I	F	Y	W	H	M	C	P
0	0.08778	0.01091	0.01057	0.02751	0.10870	0.21872	0.02299	0.23286	0.03241	0.04082	0.00889	0.01152	0.00739	0.03331	0.06508	0.02650	0.00531	0.04081	0.00278	0.00514
1	0.00990	0.05003	0.01257	0.46344	0.04481	0.08787	0.06178	0.10640	0.00967	0.06707	0.00788	0.01020	0.00594	0.00509	0.03986	0.00144	0.00541	0.00347	0.00226	0.00491
2	0.00815	0.00459	0.00495	0.00466	0.00585	0.00468	0.00355	0.06419	0.06218	0.05347	0.06886	0.07568	0.01288	0.00542	0.00324	0.00104	0.00218	0.00448	0.60582	0.00413
3	0.01204	0.00623	0.00770	0.00643	0.00843	0.00603	0.00502	0.14027	0.04030	0.34820	0.14149	0.10163	0.01564	0.09315	0.00572	0.00150	0.00312	0.00527	0.04658	0.00526
4	0.00876	0.00457	0.00568	0.00537	0.00668	0.00423	0.00402	0.01042	0.03928	0.21892	0.10500	0.28283	0.08745	0.00790	0.00415	0.00128	0.00241	0.00685	0.18987	0.00433
5	0.00507	0.00364	0.00474	0.00535	0.00577	0.00341	0.00372	0.00598	0.00813	0.01091	0.15346	0.57364	0.06265	0.07079	0.00600	0.00169	0.00239	0.06576	0.00366	0.00325

[dist]
# distance from previous block
# <min> <max>
4	10

[block]
# block no. 7 follows, 69 sequences, length 10
# corresponding to MSA columns:
# 311-320
name=unknown_H
#
# <colnr> <probs for GDERKNQSTAVLIFYWHMCP>
#	G	D	E	R	K	N	Q	S	T	A	V	L	I	F	Y	W	H	M	C	P
0	0.01005	0.00891	0.00877	0.01897	0.03462	0.20031	0.03600	0.07588	0.05932	0.08590	0.09583	0.15139	0.02991	0.00723	0.01691	0.00138	0.01657	0.09821	0.03925	0.00459
1	0.00494	0.00367	0.00455	0.00514	0.00569	0.00337	0.00360	0.00577	0.00796	0.01031	0.05175	0.52322	0.21902	0.06493	0.00587	0.00167	0.00239	0.06935	0.00358	0.00321
2	0.05103	0.00647	0.00842	0.00663	0.00937	0.00583	0.00543	0.01770	0.04646	0.68061	0.05003	0.01389	0.01078	0.00494	0.00383	0.00120	0.00315	0.00401	0.06401	0.00622
3	0.00496	0.00388	0.00425	0.00432	0.00522	0.00343	0.00303	0.00583	0.00840	0.01055	0.12499	0.13446	0.48995	0.17037	0.00756	0.00181	0.00235	0.00800	0.00348	0.00316
4	0.00476	0.00349	0.00447	0.00524	0.00563	0.00320	0.00354	0.00548	0.00771	0.01009	0.02421	0.74133	0.14258	0.01194	0.00495	0.00155	0.00223	0.01073	0.00364	0.00320
5	0.00813	0.00697	0.00813	0.00581	0.00929	0.00523	0.00465	0.00987	0.00813	0.01277	0.00697	0.00813	0.00581	0.00290	0.00290	0.00058	0.00290	0.00232	0.00232	0.88619
6	0.00567	0.00389	0.00461	0.00468	0.00493	0.00381	0.00289	0.00592	0.00622	0.00836	0.01415	0.14233	0.03692	0.60705	0.05612	0.02537	0.00381	0.02574	0.00258	0.03492
7	0.00868	0.00835	0.07063	0.22131	0.10285	0.03499	0.02528	0.06420	0.02465	0.04629	0.04352	0.02949	0.02273	0.06416	0.05377	0.00171	0.09166	0.00399	0.03463	0.04710
8	0.05495	0.02603	0.01677	0.04044	0.03205	0.00909	0.45345	0.05520	0.07483	0.06462	0.05468	0.02716	0.02778	0.00447	0.00450	0.00131	0.02253	0.02227	0.00265	0.00522
9	0.03078	0.09292	0.07842	0.02937	0.05091	0.11864	0.03859	0.06691	0.08220	0.11336	0.07324	0.04380	0.03526	0.02241	0.00425	0.00119	0.02230	0.00397	0.00291	0.08855

[dist]
# distance from previous block
# <min> <max>
1	76

[block]
# block no. 8 follows, 69 sequences, length 15
# corresponding to MSA columns:
# 408-422
name=unknown_I
#
# <colnr> <probs for GDERKNQSTAVLIFYWHMCP>
#	G	D	E	R	K	N	Q	S	T	A	V	L	I	F	Y	W	H	M	C	P
0	0.02745	0.08384	0.08015	0.03548	0.07271	0.08827	0.04408	0.07947	0.01761	0.13467	0.05617	0.07892	0.08921	0.03892	0.00480	0.00132	0.02811	0.01335	0.01167	0.01381
1	0.03032	0.07425	0.06158	0.04334	0.07713	0.15041	0.06289	0.15639	0.03348	0.10169	0.05843	0.03281	0.00885	0.01693	0.01970	0.00129	0.03135	0.00374	0.00284	0.03257
2	0.10167	0.18677	0.07768	0.04041	0.08756	0.07579	0.10136	0.11836	0.04582	0.02324	0.02193	0.01043	0.05038	0.00428	0.00377	0.00114	0.02619	0.00341	0.00243	0.01737
3	0.03658	0.00834	0.06687	0.11250	0.07666	0.02532	0.03960	0.11437	0.15570	0.03107	0.05962	0.08251	0.04631	0.04136	0.03772	0.01860	0.00418	0.00472	0.00297	0.03500
4	0.00705	0.00558	0.00696	0.01920	0.00806	0.00462	0.02659	0.00838	0.00809	0.03566	0.06603	0.16165	0.08771	0.11521	0.00580	0.00133	0.00291	0.00525	0.00286	0.42106
5	0.00704	0.00582	0.03992	0.00659	0.00775	0.00604	0.00522	0.01026	0.17030	0.04038	0.03416	0.01677	0.01138	0.15843	0.43403	0.00426	0.03044	0.00449	0.00265	0.00408
6	0.13046	0.06549	0.04709	0.02840	0.09162	0.03491	0.00698	0.13881	0.05682	0.17091	0.01079	0.07104	0.00895	0.02230	0.03576	0.00149	0.04055	0.02916	0.00312	0.00536
7	0.01074	0.03551	0.01068	0.00817	0.04369	0.02674	0.04911	0.21650	0.03890	0.05967	0.00834	0.00906	0.00642	0.00363	0.00338	0.00087	0.00369	0.00295	0.00286	0.45910
8	0.01490	0.01098	0.01177	0.00902	0.01216	0.01216	0.00745	0.82470	0.01843	0.02471	0.00941	0.00941	0.00667	0.00471	0.00392	0.00118	0.00431	0.00353	0.00392	0.00667
9	0.00673	0.00495	0.00598	0.00621	0.05581	0.00507	0.00393	0.05024	0.04538	0.02692	0.03396	0.04484	0.14317	0.46532	0.06005	0.00292	0.02653	0.00579	0.00279	0.00340
10	0.00552	0.00413	0.00495	0.00484	0.00593	0.00375	0.00366	0.00720	0.03042	0.02800	0.42052	0.08966	0.32171	0.00900	0.00466	0.00132	0.00207	0.04503	0.00399	0.00363
11	0.00519	0.00382	0.00468	0.00521	0.00576	0.00361	0.00363	0.00637	0.03704	0.01052	0.05380	0.50264	0.17053	0.09403	0.00632	0.00173	0.00245	0.05639	0.02300	0.00329
12	0.01024	0.22980	0.02744	0.10935	0.02985	0.09908	0.00701	0.08847	0.02761	0.03707	0.04177	0.00918	0.00706	0.00393	0.00361	0.00096	0.03465	0.00291	0.00236	0.22764
13	0.06871	0.00524	0.00638	0.00592	0.00739	0.00500	0.00446	0.07094	0.00959	0.22878	0.08252	0.33944	0.08802	0.04065	0.00498	0.00147	0.00278	0.01938	0.00390	0.00445
14	0.02596	0.00988	0.02735	0.04315	0.09682	0.08084	0.05841	0.24386	0.11383	0.07604	0.01015	0.02986	0.01824	0.00441	0.00378	0.00112	0.00425	0.00366	0.00309	0.14530

[dist]
# distance from previous block
# <min> <max>
5	43

[block]
# block no. 9 follows, 69 sequences, length 31
# corresponding to MSA columns:
# 468-498
name=unknown_J
#
# <colnr> <probs for GDERKNQSTAVLIFYWHMCP>
#	G	D	E	R	K	N	Q	S	T	A	V	L	I	F	Y	W	H	M	C	P
0	0.00510	0.00389	0.00447	0.00471	0.00569	0.00341	0.00345	0.00613	0.00876	0.02750	0.10633	0.28121	0.46692	0.01039	0.00477	0.00142	0.00216	0.04657	0.00373	0.00339
1	0.05038	0.04292	0.05884	0.13285	0.20028	0.02664	0.04335	0.09339	0.06323	0.01327	0.02033	0.15118	0.04717	0.00567	0.00415	0.00128	0.01881	0.00494	0.01630	0.00502
2	0.01153	0.03317	0.01149	0.03864	0.01162	0.35301	0.00787	0.07546	0.04744	0.01099	0.00659	0.00862	0.00572	0.01574	0.02041	0.00143	0.33037	0.00312	0.00213	0.00465
3	0.00616	0.00499	0.00583	0.00499	0.00682	0.00419	0.00384	0.00795	0.02910	0.01340	0.34213	0.02503	0.25492	0.00697	0.00410	0.00107	0.00223	0.00594	0.00352	0.26683
4	0.00585	0.00456	0.00577	0.00590	0.04908	0.00412	0.02285	0.01829	0.00961	0.03836	0.26814	0.08851	0.42527	0.00930	0.02549	0.00143	0.00250	0.00749	0.00372	0.00377
5	0.02089	0.54392	0.01711	0.00778	0.01019	0.01395	0.00717	0.06903	0.00821	0.02362	0.00590	0.00737	0.00532	0.00483	0.01984	0.00119	0.22422	0.00261	0.00191	0.00495
6	0.00535	0.00382	0.00471	0.00520	0.00580	0.00360	0.00377	0.00632	0.00801	0.01062	0.06336	0.34217	0.17694	0.13695	0.00708	0.00185	0.00265	0.15689	0.05169	0.00322
7	0.03448	0.04227	0.05792	0.05399	0.07259	0.01800	0.18381	0.03245	0.08368	0.24835	0.08578	0.03255	0.01075	0.00470	0.00404	0.00124	0.00426	0.00432	0.01924	0.00557
8	0.00573	0.00380	0.00435	0.00435	0.00437	0.00382	0.00247	0.00572	0.00570	0.00762	0.01217	0.02504	0.01395	0.81923	0.04161	0.02577	0.00397	0.00560	0.00235	0.00239
9	0.00482	0.00344	0.00460	0.00551	0.00575	0.00322	0.00371	0.00553	0.00755	0.01005	0.02158	0.83790	0.02584	0.01224	0.00501	0.00160	0.00231	0.03250	0.00364	0.00320
10	0.00852	0.00815	0.01028	0.07944	0.03751	0.07061	0.01748	0.03826	0.00752	0.01065	0.00707	0.01033	0.00644	0.03701	0.14886	0.00222	0.33399	0.00340	0.00202	0.16022
11	0.25932	0.04947	0.30240	0.00918	0.02421	0.19208	0.01825	0.04492	0.00876	0.01350	0.00634	0.00750	0.00489	0.00392	0.00367	0.00118	0.04070	0.00264	0.00205	0.00502
12	0.00563	0.00401	0.00547	0.00551	0.00596	0.00441	0.00393	0.00653	0.00620	0.00876	0.01175	0.06242	0.01214	0.30926	0.50509	0.00509	0.00762	0.00505	0.02204	0.00311
13	0.01017	0.00966	0.01172	0.44466	0.01975	0.13860	0.03334	0.14801	0.05529	0.02794	0.00788	0.01003	0.00597	0.00464	0.01630	0.00133	0.04399	0.00345	0.00234	0.00493
14	0.00891	0.06000	0.48085	0.04025	0.17866	0.06009	0.04574	0.03103	0.00891	0.01247	0.03265	0.00922	0.00630	0.00382	0.00376	0.00120	0.00542	0.00318	0.00189	0.00565
15	0.00853	0.00722	0.00834	0.00604	0.00947	0.00572	0.00484	0.05225	0.03304	0.01350	0.00736	0.00839	0.00603	0.00307	0.00299	0.00063	0.00298	0.00245	0.00245	0.81472
16	0.01016	0.00833	0.00888	0.00793	0.01018	0.00955	0.00618	0.02074	0.78839	0.05893	0.01593	0.01456	0.01185	0.00529	0.00399	0.00132	0.00311	0.00441	0.00403	0.00623
17	0.00516	0.00378	0.00443	0.00466	0.00520	0.00350	0.00312	0.00588	0.00780	0.01017	0.12881	0.26266	0.23280	0.27927	0.00958	0.00218	0.00265	0.02198	0.00333	0.00304
18	0.44333	0.00721	0.00753	0.00613	0.00887	0.00738	0.00506	0.03224	0.00915	0.42178	0.01046	0.00986	0.00698	0.00426	0.00320	0.00121	0.00321	0.00305	0.00365	0.00549
19	0.00489	0.00395	0.00435	0.00432	0.00547	0.00341	0.00321	0.00609	0.00943	0.01193	0.25234	0.08476	0.57301	0.00956	0.00465	0.00132	0.00197	0.00813	0.00382	0.00341
20	0.00485	0.00353	0.00458	0.00535	0.00574	0.00327	0.00367	0.00565	0.00785	0.01035	0.05500	0.71263	0.11021	0.01182	0.00497	0.00156	0.00228	0.03980	0.00366	0.00323
21	0.00911	0.00655	0.00796	0.00695	0.00837	0.00731	0.00540	0.27646	0.01032	0.03766	0.01048	0.01510	0.00947	0.17622	0.36626	0.00387	0.03101	0.00423	0.00282	0.00444
22	0.02721	0.01144	0.08676	0.01166	0.01526	0.03426	0.29707	0.35853	0.02765	0.07704	0.00907	0.00998	0.00649	0.00411	0.00412	0.00123	0.00522	0.00386	0.00303	0.00599
23	0.01027	0.00903	0.02116	0.02903	0.10719	0.06435	0.04129	0.11600	0.13345	0.05308	0.00920	0.01023	0.00720	0.00440	0.01855	0.00109	0.02128	0.01026	0.00279	0.33017
24	0.00897	0.00950	0.09889	0.08157	0.12610	0.03957	0.20386	0.05731	0.04786	0.05028	0.05664	0.04850	0.04647	0.02863	0.03872	0.00156	0.00503	0.04288	0.00262	0.00506
25	0.00963	0.02410	0.03167	0.06216	0.01313	0.05493	0.21752	0.07041	0.04288	0.10585	0.01191	0.19463	0.01105	0.00649	0.01820	0.01316	0.04909	0.01340	0.00288	0.04694
26	0.02836	0.00766	0.00879	0.06348	0.01083	0.00810	0.00604	0.09260	0.37601	0.11940	0.08809	0.01425	0.02347	0.00504	0.00385	0.00118	0.00323	0.00417	0.00370	0.13175
27	0.00984	0.00581	0.00728	0.00637	0.00749	0.00607	0.00474	0.24101	0.00942	0.07110	0.00854	0.03259	0.00745	0.01041	0.01099	0.54745	0.00363	0.00367	0.00261	0.00351
28	0.01245	0.00785	0.00884	0.00781	0.04430	0.05721	0.00595	0.12395	0.15760	0.28659	0.04000	0.02320	0.06160	0.00538	0.00400	0.00120	0.01236	0.02691	0.07120	0.04159
29	0.54095	0.00789	0.00724	0.00616	0.00864	0.02052	0.00505	0.13966	0.02357	0.12534	0.03596	0.00981	0.00716	0.00461	0.01209	0.00127	0.00337	0.02315	0.01263	0.00493
30	0.00883	0.03391	0.02994	0.18490	0.03132	0.25297	0.00703	0.01054	0.03803	0.01024	0.01260	0.28848	0.02158	0.00714	0.00433	0.01307	0.00458	0.03377	0.00261	0.00412

[dist]
# distance from previous block
# <min> <max>
4	8

[block]
# block no. 10 follows, 69 sequences, length 13
# corresponding to MSA columns:
# 507-515,521-524
name=unknown_K
#
# <colnr> <probs for GDERKNQSTAVLIFYWHMCP>
#	G	D	E	R	K	N	Q	S	T	A	V	L	I	F	Y	W	H	M	C	P
0	0.00996	0.00981	0.00977	0.00924	0.07778	0.17233	0.01669	0.04378	0.24589	0.01346	0.06379	0.02337	0.03747	0.00498	0.00451	0.00114	0.07543	0.00387	0.01632	0.16041
1	0.07133	0.00513	0.00582	0.00561	0.00678	0.00532	0.00418	0.01020	0.17002	0.03864	0.22024	0.12913	0.07920	0.11633	0.03929	0.00183	0.00295	0.03985	0.04410	0.00405
2	0.01057	0.02502	0.01077	0.04701	0.09485	0.05243	0.05655	0.25406	0.14014	0.03257	0.02156	0.08731	0.05106	0.02873	0.00461	0.00131	0.02067	0.00467	0.05073	0.00539
3	0.00550	0.00396	0.00530	0.00552	0.00603	0.00409	0.00400	0.00653	0.00731	0.01004	0.11834	0.17940	0.04229	0.21584	0.28951	0.00365	0.00544	0.08113	0.00291	0.00321
4	0.00869	0.00708	0.04575	0.06974	0.05364	0.00680	0.03134	0.12879	0.06650	0.07757	0.08809	0.07001	0.16019	0.02255	0.00487	0.00140	0.02373	0.11327	0.01525	0.00473
5	0.00575	0.00412	0.00506	0.00501	0.00596	0.00381	0.00369	0.00738	0.03418	0.03764	0.40805	0.16420	0.20598	0.05500	0.00550	0.00147	0.00220	0.03743	0.00394	0.00362
6	0.00552	0.00404	0.00510	0.04293	0.00650	0.00396	0.00384	0.00648	0.00791	0.01051	0.16630	0.16311	0.13355	0.28429	0.04281	0.00240	0.00326	0.10113	0.00321	0.00315
7	0.01150	0.00872	0.00943	0.00807	0.01054	0.00979	0.00639	0.16968	0.59699	0.10153	0.01469	0.01353	0.01076	0.00516	0.00397	0.00129	0.00335	0.00422	0.00406	0.00634
8	0.00482	0.00350	0.00450	0.00525	0.00559	0.00324	0.00352	0.00554	0.00766	0.01011	0.04414	0.72114	0.10416	0.04997	0.00563	0.00166	0.00230	0.01052	0.00360	0.00317
9	0.01093	0.64700	0.06440	0.00732	0.01064	0.05468	0.00714	0.04430	0.06878	0.04316	0.00688	0.00744	0.00578	0.00366	0.00285	0.00093	0.00431	0.00246	0.00207	0.00526
10	0.00559	0.00434	0.00515	0.00527	0.00633	0.00395	0.00380	0.00728	0.06421	0.01132	0.06152	0.42846	0.22066	0.00976	0.00454	0.00137	0.00233	0.02585	0.02621	0.10206
11	0.09305	0.03919	0.09809	0.00925	0.02753	0.04938	0.11777	0.09560	0.06870	0.10778	0.07224	0.07986	0.02621	0.00570	0.01442	0.00135	0.08131	0.00446	0.00296	0.00514
12	0.01020	0.03826	0.12022	0.01114	0.03866	0.03636	0.23717	0.16343	0.15080	0.02984	0.02830	0.04394	0.00863	0.02329	0.00441	0.00129	0.00482	0.00421	0.00282	0.04221

[dist]
# distance from previous block
# <min> <max>
2	45

[block]
# block no. 11 follows, 69 sequences, length 7
# corresponding to MSA columns:
# 570-576
name=unknown_L
#
# <colnr> <probs for GDERKNQSTAVLIFYWHMCP>
#	G	D	E	R	K	N	Q	S	T	A	V	L	I	F	Y	W	H	M	C	P
0	0.01057	0.64902	0.06366	0.00742	0.01064	0.05138	0.00723	0.04507	0.07266	0.01060	0.00653	0.00729	0.00564	0.00374	0.00317	0.00095	0.03484	0.00245	0.00196	0.00518
1	0.00796	0.00477	0.00569	0.00546	0.00663	0.00459	0.00403	0.08049	0.02583	0.12092	0.06817	0.31471	0.12519	0.03864	0.00510	0.02356	0.00256	0.00720	0.14445	0.00406
2	0.00739	0.06015	0.02252	0.00721	0.02080	0.04065	0.00549	0.02138	0.07125	0.00994	0.01237	0.18887	0.03856	0.14281	0.07693	0.07570	0.18617	0.00554	0.00253	0.00375
3	0.03429	0.00856	0.02472	0.14595	0.20381	0.00907	0.03701	0.19620	0.07765	0.08313	0.01004	0.01288	0.00806	0.02689	0.04143	0.00155	0.02247	0.04783	0.00288	0.00557
4	0.00586	0.00418	0.00514	0.00520	0.00610	0.00389	0.00382	0.03845	0.00952	0.03553	0.28964	0.28388	0.20012	0.04186	0.00531	0.00149	0.00231	0.05025	0.00386	0.00360
5	0.00645	0.00507	0.00622	0.00627	0.04189	0.00501	0.00456	0.07302	0.03118	0.01377	0.31825	0.07803	0.26653	0.02532	0.00523	0.00139	0.03562	0.06850	0.00374	0.00395
6	0.01178	0.00731	0.00879	0.00657	0.00974	0.00630	0.00533	0.12952	0.01068	0.26001	0.05176	0.01093	0.00866	0.00400	0.00344	0.00089	0.00318	0.00322	0.00340	0.45448

[dist]
# distance from previous block
# <min> <max>
2	9

[block]
# block no. 12 follows, 69 sequences, length 18
# corresponding to MSA columns:
# 588-605
name=unknown_M
#
# <colnr> <probs for GDERKNQSTAVLIFYWHMCP>
#	G	D	E	R	K	N	Q	S	T	A	V	L	I	F	Y	W	H	M	C	P
0	0.48177	0.01116	0.00799	0.03994	0.01002	0.28841	0.00579	0.01323	0.03302	0.03832	0.00684	0.00849	0.00556	0.00411	0.00305	0.00117	0.00450	0.02976	0.00242	0.00446
1	0.84602	0.00775	0.00606	0.00535	0.00781	0.00896	0.00441	0.05232	0.00726	0.01795	0.00566	0.00652	0.00437	0.00369	0.00250	0.00121	0.00310	0.00219	0.00250	0.00437
2	0.01003	0.00590	0.00690	0.00598	0.00771	0.02025	0.00468	0.11507	0.05790	0.19805	0.22864	0.06552	0.05525	0.00722	0.03672	0.00139	0.00302	0.00527	0.15966	0.00483
3	0.00516	0.00385	0.00483	0.00519	0.00588	0.00357	0.00372	0.00654	0.02916	0.01199	0.25934	0.42374	0.16741	0.01041	0.00482	0.00145	0.00218	0.04346	0.00384	0.00345
4	0.00543	0.00383	0.00471	0.00499	0.00579	0.00343	0.00355	0.00647	0.00879	0.04637	0.18848	0.42163	0.26123	0.01044	0.00478	0.00143	0.00215	0.00921	0.00383	0.00347
5	0.00541	0.00401	0.00486	0.00497	0.00590	0.00365	0.00366	0.00689	0.02816	0.02778	0.30998	0.25109	0.27805	0.00972	0.00473	0.00138	0.00213	0.04016	0.00390	0.00355
6	0.54067	0.00768	0.00694	0.00601	0.00842	0.00864	0.00488	0.08188	0.14053	0.09344	0.00885	0.00910	0.00655	0.00417	0.00296	0.00121	0.00311	0.00287	0.05715	0.00495
7	0.08250	0.00815	0.04108	0.00729	0.00972	0.02749	0.01347	0.16399	0.10591	0.24055	0.10062	0.01366	0.02490	0.00517	0.00428	0.00121	0.05083	0.00403	0.06943	0.02572
8	0.01403	0.08806	0.01184	0.00976	0.01185	0.73520	0.00748	0.01535	0.03471	0.00976	0.00628	0.00726	0.00525	0.00408	0.00367	0.00102	0.02515	0.00257	0.00204	0.00463
9	0.07352	0.01465	0.44692	0.00975	0.01408	0.00901	0.03892	0.12913	0.06798	0.10285	0.00949	0.01112	0.00705	0.00442	0.00381	0.00126	0.00485	0.04272	0.00265	0.00580
10	0.00479	0.00377	0.00430	0.00466	0.00551	0.00332	0.00332	0.00569	0.00839	0.01049	0.05814	0.34660	0.46167	0.03284	0.00519	0.00150	0.00218	0.03074	0.00363	0.00326
11	0.00664	0.00456	0.00527	0.00507	0.00637	0.00414	0.00384	0.05564	0.00971	0.08630	0.14076	0.17172	0.41950	0.02196	0.00485	0.00140	0.00237	0.04223	0.00384	0.00384
12	0.00749	0.00656	0.00899	0.00804	0.00843	0.00848	0.00641	0.04899	0.00668	0.00983	0.00817	0.01333	0.00807	0.13650	0.29118	0.00351	0.40940	0.00402	0.00205	0.00387
13	0.00578	0.00435	0.00508	0.00487	0.00606	0.00401	0.00366	0.00789	0.06954	0.03581	0.39951	0.08137	0.34009	0.00873	0.00459	0.00130	0.00206	0.00751	0.00401	0.00378
14	0.01067	0.76983	0.05506	0.00706	0.01050	0.01501	0.00709	0.06762	0.00870	0.01042	0.00579	0.00659	0.00514	0.00346	0.00266	0.00088	0.00427	0.00223	0.00183	0.00518
15	0.01125	0.04148	0.01790	0.01325	0.01643	0.25751	0.45752	0.02454	0.02084	0.04387	0.00762	0.00942	0.00586	0.00371	0.00434	0.00120	0.02729	0.00378	0.00215	0.03005
16	0.16696	0.00854	0.00907	0.00741	0.01009	0.00924	0.00601	0.28900	0.20313	0.18361	0.01314	0.01245	0.05430	0.00498	0.00372	0.00123	0.00348	0.00384	0.00385	0.00595
17	0.56481	0.00822	0.00755	0.00635	0.00877	0.00941	0.00523	0.20032	0.00962	0.05233	0.00708	0.00783	0.00533	0.00416	0.00343	0.00122	0.05076	0.00266	0.04005	0.00488

[dist]
# distance from previous block
# <min> <max>
3	4

[block]
# block no. 13 follows, 69 sequences, length 14
# corresponding to MSA columns:
# 610-623
name=unknown_N
#
# <colnr> <probs for GDERKNQSTAVLIFYWHMCP>
#	G	D	E	R	K	N	Q	S	T	A	V	L	I	F	Y	W	H	M	C	P
0	0.29710	0.00684	0.00738	0.06578	0.00963	0.00729	0.00527	0.05204	0.10893	0.21216	0.06571	0.04141	0.06173	0.00520	0.00353	0.00124	0.00312	0.00406	0.03655	0.00503
1	0.00552	0.00402	0.00473	0.00474	0.00577	0.00361	0.00348	0.00694	0.02406	0.03747	0.29165	0.19968	0.35105	0.00940	0.00462	0.00133	0.00206	0.00815	0.02815	0.00357
2	0.06362	0.00642	0.00853	0.03889	0.03859	0.00588	0.03631	0.03914	0.00968	0.34948	0.03969	0.08600	0.06080	0.04151	0.00452	0.00127	0.00328	0.00462	0.03030	0.13148
3	0.00630	0.00423	0.00544	0.00540	0.00636	0.00396	0.00403	0.00812	0.04237	0.06856	0.42978	0.24982	0.08445	0.00913	0.00470	0.00137	0.00223	0.05586	0.00407	0.00383
4	0.01466	0.01823	0.01115	0.01004	0.01212	0.79677	0.00757	0.06387	0.01155	0.01050	0.00626	0.00721	0.00515	0.00408	0.00356	0.00102	0.00691	0.00258	0.00213	0.00467
5	0.21967	0.02459	0.08673	0.00893	0.04392	0.00903	0.08541	0.16692	0.04979	0.11731	0.01700	0.00996	0.00685	0.00423	0.00384	0.00118	0.03374	0.01547	0.00294	0.09249
6	0.00603	0.00376	0.00499	0.00505	0.00522	0.00388	0.00334	0.00584	0.00581	0.00786	0.01092	0.04595	0.01184	0.38782	0.16256	0.28136	0.00480	0.03834	0.00221	0.00244
7	0.01313	0.00693	0.00886	0.00713	0.00957	0.00672	0.03246	0.10820	0.12241	0.40790	0.04645	0.01542	0.05124	0.05683	0.02724	0.02828	0.00359	0.00437	0.01653	0.02675
8	0.01142	0.17396	0.03613	0.07270	0.20658	0.04991	0.03231	0.13103	0.05495	0.11850	0.03490	0.01021	0.00759	0.00409	0.00363	0.00111	0.00435	0.00338	0.00273	0.04052
9	0.00950	0.04573	0.03658	0.24156	0.19980	0.02933	0.11626	0.11373	0.02456	0.03227	0.01837	0.07715	0.00792	0.00464	0.00424	0.00126	0.02527	0.00421	0.00238	0.00524
10	0.02813	0.06573	0.08749	0.00726	0.02889	0.09206	0.00614	0.09173	0.07713	0.06669	0.09752	0.03365	0.14029	0.02458	0.01537	0.00132	0.00370	0.04082	0.08678	0.00472
11	0.01019	0.00795	0.00866	0.00757	0.00958	0.00884	0.00590	0.25612	0.37533	0.01699	0.01486	0.09790	0.04270	0.03316	0.00538	0.06030	0.00339	0.02603	0.00371	0.00545
12	0.04281	0.18472	0.05288	0.04914	0.10559	0.10949	0.02125	0.14516	0.03245	0.09820	0.00851	0.03697	0.00684	0.00429	0.00374	0.00110	0.02682	0.00329	0.00264	0.06414
13	0.00863	0.00632	0.00840	0.00927	0.14940	0.00644	0.02195	0.08514	0.10628	0.08230	0.01486	0.12009	0.06237	0.24900	0.02147	0.00210	0.00373	0.03464	0.00310	0.00452

[dist]
# distance from previous block
# <min> <max>
4	48

[block]
# block no. 14 follows, 69 sequences, length 12
# corresponding to MSA columns:
