[name]
unknown

[dist]
# distance from previous block
# <min> <max>
0	25

[block]
# block no. 0 follows, 70 sequences, length 15
# corresponding to MSA columns:
# 25-39
name=unknown_A
#
# <colnr> <probs for GDERKNQSTAVLIFYWHMCP>
#	G	D	E	R	K	N	Q	S	T	A	V	L	I	F	Y	W	H	M	C	P
0	0.01317	0.00913	0.03362	0.00825	0.01097	0.00942	0.00698	0.45624	0.09501	0.16331	0.01267	0.01584	0.01004	0.00566	0.00411	0.00128	0.00391	0.13040	0.00393	0.00605
1	0.06989	0.01078	0.01118	0.00867	0.01169	0.03728	0.00714	0.73236	0.01711	0.04195	0.00910	0.00914	0.00646	0.00457	0.00377	0.00116	0.00425	0.00338	0.00375	0.00638
2	0.01161	0.00867	0.00960	0.00786	0.01018	0.00961	0.00632	0.41600	0.20084	0.05315	0.11910	0.01430	0.03193	0.02599	0.01825	0.00138	0.04129	0.00434	0.00381	0.00578
3	0.00513	0.00395	0.00468	0.00450	0.00557	0.00351	0.00338	0.00662	0.01013	0.01353	0.52058	0.03227	0.35478	0.00868	0.00458	0.00125	0.00188	0.00748	0.00400	0.00351
4	0.00575	0.00413	0.00528	0.00519	0.00542	0.00453	0.00349	0.00625	0.00585	0.00810	0.01125	0.02115	0.01218	0.54374	0.29378	0.00447	0.04936	0.00503	0.00223	0.00281
5	0.00557	0.00403	0.00560	0.00560	0.00608	0.00451	0.00406	0.00652	0.00604	0.00854	0.01096	0.01841	0.01107	0.29064	0.58871	0.00546	0.00831	0.00462	0.00216	0.00311
6	0.00903	0.00863	0.01471	0.23155	0.63626	0.00906	0.01161	0.01140	0.00856	0.01198	0.00719	0.00978	0.00590	0.00356	0.00385	0.00119	0.00475	0.00345	0.00187	0.00568
7	0.00570	0.00371	0.00431	0.00435	0.00435	0.00370	0.00249	0.00558	0.00566	0.00754	0.01211	0.05736	0.01392	0.75695	0.01875	0.07954	0.00367	0.00566	0.00234	0.00232
8	0.05950	0.00850	0.01299	0.16488	0.50550	0.04004	0.01006	0.02606	0.00865	0.03622	0.00833	0.06180	0.00734	0.02869	0.00427	0.00127	0.00449	0.00388	0.00215	0.00538
9	0.01445	0.01073	0.01148	0.00893	0.01177	0.04203	0.00735	0.69519	0.01672	0.06943	0.00924	0.00939	0.00660	0.00478	0.00447	0.00120	0.06269	0.00347	0.00371	0.00636
10	0.06042	0.01005	0.01883	0.06532	0.01814	0.03338	0.56869	0.08277	0.00982	0.06630	0.00815	0.01016	0.00600	0.00362	0.00442	0.00128	0.02092	0.00415	0.00231	0.00528
11	0.00934	0.00909	0.01483	0.17592	0.66318	0.03655	0.01155	0.01165	0.00870	0.01205	0.00718	0.00965	0.00592	0.00355	0.00383	0.00117	0.00479	0.00342	0.00189	0.00575
12	0.05907	0.33056	0.34565	0.00880	0.01283	0.11049	0.00966	0.03189	0.03780	0.01150	0.00655	0.00746	0.00519	0.00366	0.00316	0.00105	0.00501	0.00256	0.00186	0.00525
13	0.00926	0.00985	0.15428	0.03242	0.04460	0.00756	0.02433	0.13729	0.08578	0.03323	0.00913	0.01061	0.01969	0.05384	0.00440	0.00112	0.00386	0.00322	0.00262	0.35290
14	0.03930	0.08771	0.04281	0.00907	0.01209	0.01120	0.08274	0.47796	0.12252	0.01950	0.00988	0.02328	0.00760	0.01822	0.00406	0.00123	0.00427	0.01721	0.00335	0.00599

[dist]
# distance from previous block
# <min> <max>
0	2

[block]
# block no. 1 follows, 70 sequences, length 7
# corresponding to MSA columns:
# 42-48
name=unknown_B
#
# <colnr> <probs for GDERKNQSTAVLIFYWHMCP>
#	G	D	E	R	K	N	Q	S	T	A	V	L	I	F	Y	W	H	M	C	P
0	0.00759	0.00706	0.01150	0.58772	0.05295	0.00831	0.06072	0.01106	0.10007	0.01146	0.09444	0.01271	0.00926	0.00440	0.00400	0.00128	0.00465	0.00399	0.00226	0.00457
1	0.00516	0.00388	0.00436	0.00430	0.00532	0.00345	0.00316	0.00642	0.00925	0.01228	0.30112	0.06897	0.42168	0.05839	0.00533	0.00140	0.00202	0.00741	0.07272	0.00337
2	0.02427	0.00896	0.09891	0.00790	0.03184	0.05398	0.00659	0.05578	0.27385	0.03795	0.07656	0.08404	0.10371	0.00611	0.00455	0.00126	0.05793	0.00495	0.00324	0.05761
3	0.00552	0.00378	0.00419	0.00419	0.00434	0.00370	0.00242	0.00563	0.00601	0.00786	0.01533	0.02675	0.10898	0.76541	0.01799	0.00348	0.00355	0.00593	0.00249	0.00246
4	0.01039	0.74457	0.08968	0.00721	0.01065	0.06361	0.00734	0.01189	0.00809	0.00941	0.00556	0.00643	0.00497	0.00339	0.00265	0.00087	0.00445	0.00217	0.00168	0.00501
5	0.89114	0.00750	0.00570	0.00510	0.00750	0.00870	0.00420	0.01140	0.00660	0.01739	0.00540	0.00630	0.00420	0.00360	0.00240	0.00120	0.00300	0.00210	0.00240	0.00420
6	0.00968	0.00769	0.00833	0.00727	0.00959	0.00836	0.00569	0.01815	0.61712	0.08000	0.01667	0.01550	0.07639	0.00534	0.00388	0.00123	0.00298	0.00443	0.00381	0.09789

[dist]
# distance from previous block
# <min> <max>
0	1

[block]
# block no. 2 follows, 70 sequences, length 18
# corresponding to MSA columns:
# 50-67
name=unknown_C
#
# <colnr> <probs for GDERKNQSTAVLIFYWHMCP>
#	G	D	E	R	K	N	Q	S	T	A	V	L	I	F	Y	W	H	M	C	P
0	0.62880	0.02605	0.00748	0.00614	0.00850	0.00928	0.00510	0.11206	0.00833	0.07841	0.00659	0.00735	0.00498	0.00407	0.00353	0.00123	0.07221	0.00251	0.00269	0.00469
1	0.00539	0.00421	0.00457	0.00463	0.00584	0.00377	0.00345	0.00700	0.06213	0.03716	0.03320	0.18685	0.58736	0.00981	0.00461	0.00137	0.00217	0.02927	0.00366	0.00355
2	0.01351	0.06591	0.01167	0.00858	0.01153	0.01180	0.00709	0.62394	0.16889	0.02191	0.01026	0.01007	0.00746	0.00468	0.00380	0.00117	0.00404	0.00356	0.00375	0.00640
3	0.00549	0.00396	0.00518	0.00488	0.00579	0.00366	0.00366	0.00732	0.01097	0.01555	0.83752	0.02896	0.03658	0.00793	0.00457	0.00122	0.00183	0.00701	0.00427	0.00366
4	0.00580	0.00370	0.00435	0.00435	0.00435	0.00370	0.00250	0.00555	0.00555	0.00740	0.01143	0.02342	0.01304	0.74146	0.01907	0.13083	0.00370	0.00531	0.00225	0.00225
5	0.00970	0.50552	0.31705	0.00845	0.01255	0.06712	0.00947	0.01210	0.00819	0.01028	0.00599	0.00698	0.00495	0.00349	0.00298	0.00098	0.00490	0.00239	0.00167	0.00522
6	0.00515	0.00353	0.00467	0.00537	0.00575	0.00326	0.00365	0.00594	0.00782	0.03507	0.07925	0.75627	0.04662	0.01157	0.00488	0.00153	0.00224	0.01045	0.00368	0.00329
7	0.00960	0.00921	0.01574	0.02380	0.83957	0.00921	0.01190	0.01190	0.00883	0.01267	0.00729	0.00960	0.00614	0.00345	0.00384	0.00115	0.00461	0.00345	0.00192	0.00614
8	0.00767	0.00726	0.01221	0.71499	0.14002	0.00879	0.01086	0.01017	0.00785	0.01028	0.00690	0.01018	0.00530	0.00390	0.00411	0.00128	0.02847	0.00345	0.00175	0.00456
9	0.00836	0.19046	0.64288	0.01038	0.01555	0.01032	0.04692	0.01215	0.00816	0.01165	0.00668	0.00788	0.00496	0.00359	0.00348	0.00115	0.00544	0.00278	0.00165	0.00556
10	0.00458	0.00393	0.00393	0.00393	0.00524	0.00327	0.00295	0.00556	0.00884	0.01047	0.03927	0.03731	0.83800	0.00982	0.00458	0.00131	0.00196	0.00818	0.00360	0.00327
11	0.00464	0.00392	0.00402	0.00408	0.00533	0.00330	0.00307	0.00563	0.00879	0.01049	0.03807	0.06702	0.78434	0.00993	0.00462	0.00133	0.00202	0.03253	0.00360	0.00328
12	0.00897	0.00775	0.00926	0.03507	0.02363	0.11885	0.10570	0.06962	0.06857	0.08096	0.03653	0.26518	0.06916	0.04207	0.00500	0.00144	0.00392	0.04069	0.00321	0.00442
13	0.01064	0.04488	0.12193	0.03127	0.12142	0.03009	0.13873	0.05872	0.03164	0.20471	0.01441	0.03579	0.12824	0.00504	0.00403	0.00122	0.00431	0.00448	0.00299	0.00544
14	0.01386	0.01446	0.01156	0.01078	0.08455	0.44868	0.00782	0.26476	0.02658	0.03288	0.00746	0.00826	0.00581	0.00431	0.00405	0.00110	0.04210	0.00299	0.00265	0.00535
15	0.19692	0.00911	0.01247	0.20727	0.33669	0.07980	0.05246	0.01172	0.00829	0.02482	0.00679	0.00892	0.00543	0.00370	0.00372	0.00120	0.02043	0.00315	0.00202	0.00509
16	0.00506	0.00359	0.00479	0.00562	0.00594	0.00342	0.00397	0.00588	0.00756	0.01002	0.02055	0.65621	0.02421	0.07437	0.00610	0.00177	0.00259	0.15167	0.00350	0.00316
17	0.77642	0.02533	0.02465	0.00542	0.00792	0.00865	0.00459	0.02689	0.00719	0.05844	0.02223	0.00718	0.00518	0.00376	0.00257	0.00119	0.00310	0.00233	0.00255	0.00440

[dist]
# distance from previous block
# <min> <max>
3	5

[block]
# block no. 3 follows, 70 sequences, length 8
# corresponding to MSA columns:
# 74-81
name=unknown_D
#
# <colnr> <probs for GDERKNQSTAVLIFYWHMCP>
#	G	D	E	R	K	N	Q	S	T	A	V	L	I	F	Y	W	H	M	C	P
0	0.04493	0.71356	0.09107	0.00747	0.01099	0.01424	0.05064	0.01170	0.00792	0.00990	0.00566	0.00662	0.00499	0.00336	0.00270	0.00090	0.00436	0.00228	0.00170	0.00502
1	0.00554	0.00377	0.00420	0.00420	0.00432	0.00371	0.00240	0.00563	0.00593	0.00779	0.01470	0.02647	0.08979	0.78529	0.01834	0.00353	0.00359	0.00587	0.00246	0.00243
2	0.01036	0.60779	0.06607	0.00876	0.01220	0.08272	0.14214	0.01210	0.00836	0.00987	0.00593	0.00709	0.00512	0.00339	0.00298	0.00094	0.00486	0.00256	0.00173	0.00502
3	0.00478	0.00345	0.00443	0.00519	0.00549	0.00320	0.00345	0.00543	0.00741	0.00977	0.02217	0.73145	0.09197	0.07476	0.00601	0.00171	0.00234	0.01039	0.00351	0.00310
4	0.02471	0.02329	0.02970	0.17404	0.05388	0.00762	0.08236	0.07515	0.02387	0.23165	0.08210	0.03060	0.04689	0.02457	0.02349	0.00143	0.05201	0.00435	0.00313	0.00515
5	0.00482	0.00380	0.00436	0.00451	0.00546	0.00333	0.00327	0.00592	0.00897	0.01149	0.21689	0.24161	0.45187	0.00997	0.00467	0.00136	0.00200	0.00863	0.00375	0.00333
6	0.00599	0.00419	0.00585	0.00578	0.00639	0.00466	0.00431	0.00713	0.00664	0.03335	0.05520	0.05666	0.01254	0.17371	0.53949	0.00485	0.02827	0.00484	0.03677	0.00337
7	0.01211	0.11403	0.08838	0.03356	0.02742	0.36452	0.00796	0.05059	0.08827	0.06460	0.00768	0.00853	0.00606	0.00430	0.00431	0.00111	0.08232	0.00292	0.00235	0.02898

[dist]
# distance from previous block
# <min> <max>
10	19

[block]
# block no. 4 follows, 70 sequences, length 16
# corresponding to MSA columns:
# 103-118
name=unknown_E
#
# <colnr> <probs for GDERKNQSTAVLIFYWHMCP>
#	G	D	E	R	K	N	Q	S	T	A	V	L	I	F	Y	W	H	M	C	P
0	0.00908	0.05622	0.09904	0.00900	0.02587	0.00873	0.10193	0.01459	0.32394	0.06864	0.04400	0.02431	0.01045	0.05738	0.07296	0.00183	0.05952	0.00425	0.00299	0.00526
1	0.00536	0.00445	0.00575	0.00535	0.00663	0.00402	0.05411	0.00703	0.03293	0.01220	0.25844	0.09147	0.43764	0.00897	0.00463	0.00133	0.00234	0.05007	0.00369	0.00359
2	0.00474	0.00393	0.00415	0.00409	0.00533	0.00334	0.00307	0.00587	0.00921	0.01136	0.17830	0.03586	0.69842	0.00949	0.00458	0.00129	0.00194	0.00798	0.00372	0.00334
3	0.03684	0.00712	0.00821	0.00595	0.00933	0.00569	0.00479	0.05662	0.00871	0.05006	0.00735	0.00828	0.00591	0.00308	0.00296	0.00066	0.00297	0.00243	0.00250	0.77053
4	0.00744	0.00701	0.01184	0.81174	0.06848	0.00864	0.01082	0.01001	0.00781	0.01005	0.00691	0.01030	0.00522	0.00385	0.00387	0.00128	0.00514	0.00345	0.00173	0.00440
5	0.04885	0.05488	0.01169	0.00861	0.01164	0.05524	0.00714	0.67322	0.01653	0.06058	0.00906	0.00909	0.00647	0.00452	0.00373	0.00114	0.00431	0.00333	0.00365	0.00631
6	0.01251	0.00975	0.01038	0.00847	0.01117	0.01098	0.00683	0.47358	0.37492	0.02083	0.01214	0.01157	0.00889	0.00492	0.00391	0.00123	0.00374	0.00388	0.00391	0.00639
7	0.01205	0.00937	0.01042	0.00851	0.01103	0.04015	0.04267	0.41637	0.21267	0.05119	0.01215	0.01388	0.02125	0.03939	0.03338	0.00151	0.00425	0.05027	0.00364	0.00585
8	0.00537	0.00394	0.00503	0.00480	0.00573	0.00360	0.00358	0.00708	0.01064	0.01485	0.73072	0.05613	0.11754	0.00825	0.00459	0.00124	0.00186	0.00726	0.00418	0.00360
9	0.00502	0.00435	0.02518	0.00476	0.00588	0.00368	0.00361	0.00650	0.03928	0.01134	0.15162	0.24197	0.46328	0.00980	0.00463	0.00136	0.00215	0.00845	0.00366	0.00347
10	0.01259	0.00553	0.00746	0.00608	0.00824	0.00488	0.00488	0.01422	0.01105	0.50879	0.34696	0.01955	0.02048	0.00606	0.00417	0.00121	0.00271	0.00515	0.00458	0.00541
11	0.00852	0.00790	0.01283	0.52323	0.25754	0.02286	0.02743	0.03984	0.00860	0.02649	0.00788	0.01061	0.02183	0.00391	0.00389	0.00124	0.00494	0.00356	0.00196	0.00496
12	0.00732	0.00689	0.01163	0.85444	0.02670	0.00861	0.01077	0.00991	0.00775	0.00991	0.00689	0.01034	0.00517	0.00388	0.00388	0.00129	0.00517	0.00345	0.00172	0.00431
13	0.00790	0.00605	0.00726	0.04062	0.00864	0.03579	0.03088	0.16379	0.03473	0.03479	0.08288	0.40147	0.04071	0.02457	0.00476	0.00143	0.00312	0.03491	0.03151	0.00420
14	0.00791	0.00672	0.00784	0.00566	0.00892	0.00509	0.00447	0.00954	0.00791	0.01236	0.00718	0.00897	0.00619	0.04888	0.00377	0.00074	0.00292	0.00248	0.00230	0.84015
15	0.01333	0.00694	0.00865	0.00664	0.00955	0.00614	0.00540	0.11903	0.01105	0.43314	0.05688	0.03525	0.02696	0.00473	0.00370	0.00104	0.00318	0.00386	0.00393	0.24058

[dist]
# distance from previous block
# <min> <max>
2	21

[block]
# block no. 5 follows, 70 sequences, length 18
# corresponding to MSA columns:
# 140-157
name=unknown_F
#
# <colnr> <probs for GDERKNQSTAVLIFYWHMCP>
#	G	D	E	R	K	N	Q	S	T	A	V	L	I	F	Y	W	H	M	C	P
0	0.60151	0.00763	0.00693	0.00651	0.04710	0.02682	0.00492	0.04076	0.05006	0.10273	0.04021	0.00919	0.00692	0.03051	0.00340	0.00128	0.00322	0.00283	0.00282	0.00465
1	0.01859	0.00745	0.01184	0.23724	0.25361	0.00802	0.04391	0.03636	0.00878	0.12363	0.02680	0.03928	0.03888	0.03111	0.01938	0.00144	0.06542	0.02069	0.00252	0.00507
2	0.73811	0.00836	0.00661	0.00578	0.00823	0.04853	0.00472	0.09062	0.03337	0.01767	0.00612	0.00687	0.00470	0.00377	0.00264	0.00119	0.00331	0.00232	0.00257	0.00450
3	0.04396	0.01217	0.02529	0.18251	0.14410	0.31944	0.00858	0.03800	0.16459	0.01211	0.00831	0.00954	0.00651	0.00412	0.00368	0.00116	0.00526	0.00321	0.00236	0.00509
4	0.03290	0.00625	0.00832	0.00652	0.00919	0.00548	0.00530	0.01705	0.01060	0.71587	0.04545	0.01528	0.04393	0.05361	0.00482	0.00135	0.00321	0.00425	0.00455	0.00607
5	0.06249	0.00844	0.01266	0.00961	0.01266	0.00829	0.22070	0.14745	0.10029	0.29296	0.01174	0.04134	0.00848	0.00454	0.00399	0.00122	0.00421	0.00415	0.00353	0.04125
6	0.03924	0.03197	0.01160	0.50440	0.09016	0.02997	0.05880	0.00997	0.00806	0.01068	0.00920	0.05416	0.00834	0.01953	0.00430	0.00137	0.00480	0.09698	0.00209	0.00437
7	0.00554	0.00415	0.00623	0.00623	0.00692	0.00485	0.00485	0.00692	0.00623	0.00900	0.01038	0.01523	0.00969	0.02908	0.84839	0.00623	0.01038	0.00415	0.00208	0.00346
8	0.00533	0.00397	0.00500	0.00500	0.00594	0.00364	0.00382	0.00688	0.00999	0.01355	0.50469	0.10035	0.20057	0.00901	0.00470	0.00134	0.00211	0.10662	0.00399	0.00353
9	0.09587	0.00854	0.00920	0.00756	0.01012	0.05090	0.01755	0.22531	0.18793	0.24227	0.03587	0.02969	0.03938	0.00518	0.00384	0.00123	0.00360	0.01626	0.00387	0.00583
10	0.59191	0.09709	0.00824	0.00596	0.00850	0.03963	0.00500	0.10788	0.00863	0.05681	0.03548	0.00780	0.00598	0.00392	0.00277	0.00115	0.00338	0.00253	0.00266	0.00467
11	0.01117	0.00859	0.03437	0.05086	0.32115	0.04878	0.02031	0.01439	0.12189	0.21569	0.04877	0.03465	0.00995	0.00475	0.00406	0.00123	0.01375	0.02677	0.00308	0.00578
12	0.05917	0.00821	0.06776	0.00734	0.00999	0.04173	0.02918	0.10054	0.04746	0.07926	0.01205	0.06278	0.02041	0.00565	0.00385	0.00115	0.00365	0.16676	0.00302	0.27004
13	0.04582	0.00763	0.03846	0.18559	0.03047	0.02281	0.00674	0.04541	0.06005	0.07675	0.00930	0.05135	0.00778	0.00427	0.00350	0.00100	0.00368	0.03232	0.00261	0.36445
14	0.07131	0.00621	0.00703	0.05388	0.00881	0.03601	0.00498	0.06174	0.08218	0.14056	0.24086	0.08563	0.11996	0.00669	0.00410	0.00123	0.00289	0.01508	0.00370	0.04716
15	0.07471	0.02588	0.03312	0.02092	0.02183	0.13563	0.00627	0.12561	0.10380	0.12512	0.06024	0.04367	0.03114	0.04262	0.03047	0.00147	0.04739	0.03037	0.00316	0.03659
16	0.07937	0.03042	0.01150	0.07639	0.04451	0.03714	0.12256	0.06658	0.03305	0.27396	0.03933	0.01140	0.00825	0.00428	0.00396	0.00115	0.02589	0.01184	0.00317	0.11523
17	0.04140	0.00821	0.01082	0.07266	0.26769	0.04503	0.00789	0.07095	0.14394	0.11193	0.03966	0.05440	0.02238	0.00549	0.02968	0.00134	0.00409	0.00410	0.00295	0.05538

[dist]
# distance from previous block
# <min> <max>
10	68

[block]
# block no. 6 follows, 70 sequences, length 30
# corresponding to MSA columns:
# 233-262
name=unknown_G
#
# <colnr> <probs for GDERKNQSTAVLIFYWHMCP>
#	G	D	E	R	K	N	Q	S	T	A	V	L	I	F	Y	W	H	M	C	P
0	0.06943	0.12639	0.01046	0.00751	0.00987	0.22051	0.00607	0.08530	0.10815	0.12438	0.10368	0.01210	0.03131	0.00477	0.00370	0.00109	0.01820	0.00357	0.00306	0.05045
1	0.07123	0.05270	0.07292	0.00954	0.08420	0.16257	0.00743	0.19122	0.10734	0.12748	0.02379	0.01076	0.03304	0.00448	0.00364	0.00114	0.00440	0.00343	0.00308	0.02560
2	0.21497	0.06042	0.04997	0.03018	0.07687	0.13286	0.04497	0.04886	0.02906	0.19525	0.02220	0.01007	0.02745	0.00421	0.00352	0.00115	0.01310	0.00321	0.00286	0.02884
3	0.06790	0.10605	0.06404	0.00861	0.03280	0.00758	0.11121	0.03021	0.04566	0.14334	0.05439	0.04698	0.03320	0.00637	0.00419	0.00135	0.00393	0.22420	0.00315	0.00483
4	0.01154	0.18271	0.01177	0.00779	0.01047	0.01102	0.00648	0.19856	0.41892	0.08159	0.01219	0.01154	0.00910	0.00469	0.00363	0.00117	0.00357	0.00368	0.00353	0.00604
5	0.00787	0.01893	0.76879	0.01066	0.01614	0.00884	0.01352	0.01250	0.04231	0.01246	0.00732	0.00844	0.00524	0.00371	0.00365	0.00120	0.00548	0.00290	0.00176	0.04827
6	0.00980	0.18219	0.46857	0.00972	0.01436	0.00965	0.06712	0.01303	0.00861	0.13397	0.00794	0.00869	0.00572	0.00371	0.00351	0.00112	0.00500	0.00296	0.00216	0.04218
7	0.01027	0.22745	0.43771	0.00934	0.01381	0.02214	0.03160	0.05066	0.01925	0.13126	0.00799	0.00859	0.00579	0.00381	0.00345	0.00112	0.00493	0.00290	0.00224	0.00568
8	0.01060	0.00758	0.01221	0.32469	0.27389	0.00801	0.02298	0.03309	0.00919	0.21189	0.00966	0.03086	0.00732	0.00427	0.00393	0.00124	0.00445	0.01603	0.00265	0.00546
9	0.00519	0.00473	0.04514	0.00538	0.00659	0.00383	0.00447	0.00649	0.00855	0.01073	0.02936	0.20112	0.42781	0.01021	0.00481	0.00148	0.00261	0.21456	0.00350	0.00344
10	0.01454	0.02035	0.02287	0.01072	0.11569	0.09560	0.10903	0.07827	0.01100	0.45442	0.01175	0.01163	0.00801	0.00437	0.00393	0.00119	0.00437	0.01255	0.00362	0.00608
11	0.01523	0.00740	0.00954	0.02131	0.01050	0.06170	0.04959	0.04177	0.01078	0.61969	0.01457	0.09827	0.01055	0.00539	0.00401	0.00123	0.00367	0.00454	0.00426	0.00600
12	0.00595	0.00427	0.00581	0.00650	0.00732	0.00419	0.00545	0.00753	0.00884	0.01161	0.10066	0.10631	0.05864	0.05166	0.00591	0.00179	0.00323	0.59729	0.00358	0.00347
13	0.00555	0.00375	0.00442	0.00461	0.00471	0.00372	0.00282	0.00578	0.00614	0.00816	0.01416	0.14870	0.01638	0.67689	0.01652	0.00329	0.00352	0.06569	0.00262	0.00256
14	0.01293	0.01019	0.06987	0.03236	0.05837	0.10349	0.24426	0.04100	0.01028	0.33459	0.01085	0.01191	0.00768	0.00427	0.00407	0.00123	0.00498	0.02880	0.00315	0.00573
15	0.01390	0.00903	0.05054	0.00839	0.01113	0.12211	0.09592	0.02895	0.02629	0.46461	0.03172	0.07917	0.01030	0.02428	0.00436	0.00127	0.00418	0.00440	0.00376	0.00567
16	0.05683	0.01093	0.05175	0.01286	0.01639	0.03810	0.45765	0.22333	0.06450	0.01592	0.00851	0.00999	0.00629	0.00381	0.00417	0.00125	0.00552	0.00401	0.00259	0.00558
17	0.06307	0.05468	0.19551	0.00879	0.01213	0.10935	0.02209	0.16009	0.17906	0.14168	0.01018	0.01012	0.00733	0.00436	0.00366	0.00118	0.00448	0.00335	0.00308	0.00582
18	0.01071	0.12573	0.26481	0.00980	0.01342	0.13510	0.09809	0.05843	0.08375	0.09853	0.01849	0.01109	0.00743	0.00433	0.00374	0.00118	0.00508	0.04231	0.00251	0.00544
19	0.01042	0.01058	0.01872	0.01379	0.01715	0.10213	0.57392	0.02127	0.03169	0.09266	0.04751	0.01127	0.00774	0.00384	0.00450	0.00126	0.01956	0.00436	0.00242	0.00523
20	0.00661	0.00338	0.00499	0.00503	0.00504	0.00337	0.00334	0.00509	0.00517	0.00690	0.00757	0.04843	0.00783	0.04702	0.01490	0.81464	0.00333	0.00378	0.00179	0.00177
21	0.02625	0.06383	0.24117	0.05769	0.19355	0.08480	0.11648	0.05945	0.06403	0.04438	0.00797	0.00931	0.00605	0.00380	0.00377	0.00118	0.00518	0.00333	0.00219	0.00560
22	0.01079	0.04409	0.30568	0.01192	0.04718	0.00882	0.25518	0.03193	0.00936	0.20853	0.00917	0.01006	0.00640	0.00387	0.00412	0.00123	0.01971	0.00364	0.00254	0.00577
23	0.00940	0.07367	0.01406	0.04411	0.03221	0.00979	0.25413	0.01624	0.42245	0.02468	0.01226	0.01366	0.00957	0.00466	0.00408	0.00129	0.00434	0.04076	0.00303	0.00559
24	0.00887	0.01053	0.07855	0.01543	0.06926	0.00926	0.63701	0.03054	0.00914	0.01251	0.00881	0.07481	0.00735	0.00401	0.00448	0.00131	0.00598	0.00485	0.00210	0.00519
25	0.00932	0.13990	0.44410	0.01155	0.03489	0.02310	0.18976	0.03134	0.00881	0.06081	0.00746	0.00873	0.00548	0.00363	0.00372	0.00118	0.00549	0.00321	0.00196	0.00557
26	0.00932	0.08874	0.30303	0.08059	0.11780	0.00917	0.10420	0.04689	0.02966	0.08050	0.01936	0.03892	0.00746	0.00436	0.00399	0.00123	0.01842	0.02861	0.00229	0.00546
27	0.00659	0.00499	0.00629	0.00697	0.00787	0.03253	0.00582	0.04257	0.00910	0.01175	0.01973	0.19930	0.02171	0.01051	0.00515	0.00169	0.00346	0.59679	0.00354	0.00365
28	0.03395	0.00853	0.01008	0.00777	0.01078	0.00863	0.00641	0.37324	0.03460	0.44588	0.01248	0.01138	0.00822	0.00472	0.00386	0.00119	0.00371	0.00369	0.00432	0.00653
29	0.04881	0.02842	0.04109	0.00988	0.03909	0.14202	0.08300	0.09497	0.12827	0.06690	0.04310	0.01113	0.00823	0.00565	0.02529	0.00142	0.19847	0.01645	0.00269	0.00511

[dist]
# distance from previous block
# <min> <max>
10	56

[block]
# block no. 7 follows, 70 sequences, length 35
# corresponding to MSA columns:
# 319-330,338-360
name=unknown_H
#
# <colnr> <probs for GDERKNQSTAVLIFYWHMCP>
#	G	D	E	R	K	N	Q	S	T	A	V	L	I	F	Y	W	H	M	C	P
0	0.09149	0.02598	0.00972	0.00829	0.02835	0.21482	0.05455	0.03714	0.05134	0.12210	0.03604	0.06542	0.00941	0.05631	0.01641	0.00138	0.05390	0.02308	0.00280	0.09151
1	0.08866	0.02714	0.05886	0.00800	0.02114	0.04570	0.12712	0.01089	0.05796	0.07774	0.28346	0.01964	0.07080	0.02225	0.00466	0.00131	0.02577	0.04115	0.00325	0.00450
2	0.00939	0.06048	0.08261	0.00823	0.03318	0.05232	0.08142	0.06994	0.00909	0.04738	0.00756	0.00883	0.00604	0.00465	0.04727	0.00111	0.00431	0.00283	0.00235	0.46101
3	0.06481	0.34487	0.20516	0.06319	0.01335	0.01151	0.07966	0.06756	0.02898	0.02226	0.02929	0.00850	0.00621	0.00378	0.00342	0.00107	0.01953	0.00290	0.00206	0.02189
4	0.18937	0.11548	0.02265	0.21747	0.10196	0.02096	0.00825	0.02613	0.00754	0.02321	0.00650	0.00925	0.00553	0.00458	0.00551	0.00130	0.20486	0.02282	0.00200	0.00463
5	0.00804	0.10096	0.13919	0.00675	0.01016	0.00701	0.00637	0.01057	0.05111	0.01234	0.04452	0.02173	0.03756	0.00392	0.00334	0.00084	0.01496	0.01397	0.00237	0.50430
6	0.00770	0.00653	0.00766	0.00576	0.00881	0.00505	0.00452	0.00953	0.02817	0.01241	0.00874	0.10451	0.00814	0.00398	0.00313	0.00071	0.00281	0.00333	0.00248	0.76603
7	0.00804	0.00689	0.00804	0.00574	0.00919	0.00517	0.00459	0.00976	0.00804	0.01263	0.00689	0.00804	0.00574	0.00287	0.00287	0.00057	0.00287	0.00230	0.00230	0.88745
8	0.04348	0.02558	0.05291	0.00724	0.01037	0.06790	0.06675	0.01143	0.02489	0.09328	0.04189	0.02300	0.02941	0.00387	0.00345	0.00087	0.01434	0.00318	0.00261	0.47357
9	0.75336	0.04097	0.00683	0.00556	0.00804	0.00923	0.00461	0.06978	0.04630	0.01752	0.00616	0.00689	0.00476	0.00374	0.00258	0.00119	0.00314	0.00230	0.00255	0.00449
10	0.00554	0.00414	0.00618	0.00618	0.00685	0.00482	0.00478	0.00689	0.00622	0.00896	0.01043	0.01549	0.00981	0.05057	0.82705	0.00617	0.01021	0.00419	0.00208	0.00343
11	0.00541	0.00425	0.00498	0.00510	0.00622	0.00394	0.00400	0.00726	0.05202	0.01215	0.21665	0.07640	0.39936	0.00945	0.00473	0.00140	0.00234	0.17702	0.00376	0.00357
12	0.00723	0.00361	0.00361	0.00361	0.00452	0.00361	0.00271	0.00903	0.00813	0.01445	0.01265	0.01445	0.00994	0.00452	0.00271	0.00090	0.00181	0.00361	0.88528	0.00361
13	0.00596	0.00477	0.00705	0.03355	0.00788	0.00581	0.00542	0.00728	0.00623	0.00903	0.00967	0.01451	0.00909	0.04740	0.69640	0.00545	0.11486	0.00408	0.00203	0.00356
14	0.00744	0.00701	0.01184	0.81119	0.06903	0.00864	0.01083	0.01001	0.00781	0.01005	0.00691	0.01030	0.00522	0.00385	0.00387	0.00128	0.00514	0.00345	0.00173	0.00440
15	0.00723	0.00361	0.00361	0.00361	0.00452	0.00361	0.00271	0.00903	0.00813	0.01445	0.01265	0.01445	0.00994	0.00452	0.00271	0.00090	0.00181	0.00361	0.88528	0.00361
16	0.77744	0.00789	0.00662	0.04835	0.00888	0.03542	0.01701	0.01140	0.00681	0.01643	0.00552	0.00666	0.00433	0.00372	0.00287	0.00122	0.03062	0.00226	0.00232	0.00423
17	0.08142	0.01195	0.22937	0.01320	0.13340	0.03563	0.27050	0.02515	0.00893	0.06276	0.02575	0.04227	0.03346	0.00420	0.00399	0.00125	0.00515	0.00405	0.00227	0.00531
18	0.02520	0.00868	0.01458	0.17967	0.64929	0.00898	0.01135	0.01146	0.00856	0.01223	0.00717	0.00963	0.00591	0.00352	0.00379	0.00116	0.00464	0.00340	0.00190	0.02886
19	0.64513	0.21161	0.04442	0.00571	0.00847	0.01029	0.00520	0.01148	0.00697	0.01522	0.00546	0.00636	0.00441	0.00354	0.00247	0.00111	0.00339	0.00213	0.00219	0.00445
20	0.00848	0.00848	0.01187	0.01018	0.01018	0.01187	0.00848	0.00933	0.00594	0.00933	0.00509	0.00848	0.00509	0.00679	0.01272	0.00170	0.85666	0.00339	0.00170	0.00424
21	0.00659	0.00344	0.00509	0.00509	0.00514	0.00349	0.00342	0.00521	0.00516	0.00693	0.00727	0.01273	0.00732	0.05882	0.07304	0.78025	0.00387	0.00354	0.00175	0.00184
22	0.00458	0.00393	0.00393	0.00393	0.00524	0.00327	0.00295	0.00556	0.00884	0.01047	0.03927	0.03731	0.83800	0.00982	0.00458	0.00131	0.00196	0.00818	0.00360	0.00327
23	0.00946	0.01031	0.01939	0.03119	0.19638	0.06733	0.53609	0.01209	0.00897	0.01193	0.00752	0.01010	0.00591	0.00390	0.00488	0.04738	0.00596	0.00411	0.00194	0.00518
24	0.01193	0.17093	0.05881	0.00843	0.01093	0.27316	0.05331	0.03044	0.00981	0.16592	0.02574	0.11019	0.00966	0.00528	0.00373	0.00114	0.00482	0.03804	0.00277	0.00492
25	0.00723	0.00361	0.00361	0.00361	0.00452	0.00361	0.00271	0.00903	0.00813	0.01445	0.01265	0.01445	0.00994	0.00452	0.00271	0.00090	0.00181	0.00361	0.88528	0.00361
26	0.00840	0.00688	0.00808	0.00579	0.00921	0.00519	0.00464	0.01011	0.00816	0.04471	0.00722	0.00824	0.00589	0.00295	0.00291	0.00060	0.00289	0.00236	0.00239	0.85339
27	0.00957	0.00879	0.04198	0.00802	0.01035	0.00962	0.00646	0.02027	0.79977	0.01606	0.01543	0.01421	0.01156	0.00520	0.00393	0.00131	0.00317	0.00432	0.00385	0.00612
28	0.01387	0.01756	0.01056	0.00964	0.01157	0.79543	0.00722	0.01486	0.01082	0.00954	0.00771	0.02567	0.04046	0.00441	0.00357	0.00102	0.00668	0.00291	0.00210	0.00442
29	0.11025	0.35043	0.01397	0.00777	0.01051	0.25557	0.00663	0.10515	0.05194	0.04513	0.00693	0.00750	0.00561	0.00385	0.00306	0.00100	0.00477	0.00255	0.00233	0.00505
30	0.01086	0.76396	0.01919	0.00704	0.01020	0.11569	0.00674	0.01208	0.00825	0.00917	0.00546	0.00631	0.00498	0.00340	0.00261	0.00085	0.00449	0.00212	0.00170	0.00492
31	0.00843	0.00713	0.00912	0.06789	0.08969	0.00593	0.00583	0.01024	0.00815	0.03736	0.00715	0.00851	0.00584	0.00312	0.00323	0.00072	0.01741	0.00256	0.00229	0.69941
32	0.01212	0.15911	0.18124	0.02691	0.02958	0.37565	0.00868	0.03107	0.05771	0.07232	0.00746	0.00817	0.00577	0.00395	0.00344	0.00106	0.00561	0.00277	0.00222	0.00515
33	0.00616	0.00393	0.00491	0.00483	0.00510	0.00405	0.00310	0.00641	0.00595	0.04099	0.01156	0.02173	0.01245	0.58837	0.20082	0.06432	0.00517	0.00509	0.00234	0.00272
34	0.00958	0.46632	0.34907	0.00895	0.03898	0.01223	0.00984	0.01218	0.00816	0.04364	0.00647	0.00739	0.00517	0.00353	0.00306	0.00101	0.00476	0.00251	0.00178	0.00538

[dist]
# distance from previous block
# <min> <max>
1	2

[block]
# block no. 8 follows, 70 sequences, length 21
# corresponding to MSA columns:
# 363-383
name=unknown_I
#
# <colnr> <probs for GDERKNQSTAVLIFYWHMCP>
#	G	D	E	R	K	N	Q	S	T	A	V	L	I	F	Y	W	H	M	C	P
0	0.00826	0.00725	0.01006	0.02532	0.26653	0.02077	0.00696	0.01002	0.00807	0.02218	0.00833	0.02621	0.00748	0.04958	0.09034	0.00157	0.00434	0.02354	0.00223	0.40096
1	0.00783	0.00750	0.01295	0.65894	0.17631	0.00878	0.05209	0.01040	0.00802	0.01054	0.00701	0.01021	0.00538	0.00377	0.00390	0.00127	0.00513	0.00350	0.00177	0.00469
2	0.00576	0.00411	0.00481	0.00461	0.00574	0.00364	0.00342	0.00698	0.00928	0.05391	0.29910	0.07041	0.37476	0.08838	0.00595	0.00151	0.00223	0.02752	0.00373	0.02413
3	0.00881	0.00829	0.01399	0.15512	0.62092	0.00855	0.01095	0.01108	0.00871	0.01222	0.03985	0.03325	0.00833	0.00422	0.00396	0.00121	0.00449	0.03840	0.00209	0.00557
4	0.00732	0.00689	0.01163	0.85444	0.02670	0.00861	0.01077	0.00991	0.00775	0.00991	0.00689	0.01034	0.00517	0.00388	0.00388	0.00129	0.00517	0.00345	0.00172	0.00431
5	0.01008	0.00846	0.00896	0.00789	0.01014	0.00969	0.00619	0.11410	0.70622	0.01715	0.04641	0.01442	0.01217	0.00529	0.00396	0.00129	0.00316	0.00438	0.00395	0.00609
6	0.00964	0.00833	0.00877	0.00789	0.01008	0.00964	0.00614	0.02060	0.83257	0.01622	0.01578	0.01446	0.01183	0.00526	0.00394	0.00131	0.00307	0.00438	0.00394	0.00614
7	0.89114	0.00750	0.00570	0.00510	0.00750	0.00870	0.00420	0.01140	0.00660	0.01739	0.00540	0.00630	0.00420	0.00360	0.00240	0.00120	0.00300	0.00210	0.00240	0.00420
8	0.00458	0.00393	0.00393	0.00393	0.00524	0.00327	0.00295	0.00556	0.00884	0.01047	0.03927	0.03731	0.83800	0.00982	0.00458	0.00131	0.00196	0.00818	0.00360	0.00327
9	0.00804	0.00689	0.00804	0.00574	0.00919	0.00517	0.00459	0.00976	0.00804	0.01263	0.00689	0.00804	0.00574	0.00287	0.00287	0.00057	0.00287	0.00230	0.00230	0.88745
10	0.00850	0.00818	0.01415	0.41605	0.41399	0.00896	0.05242	0.01098	0.00834	0.01135	0.00713	0.00999	0.00567	0.00364	0.00389	0.00123	0.00497	0.00351	0.00183	0.00523
11	0.01369	0.01039	0.01193	0.01076	0.11886	0.01137	0.00789	0.67741	0.03526	0.02232	0.00954	0.01054	0.00714	0.00470	0.00392	0.00118	0.00426	0.02877	0.00362	0.00643
12	0.00566	0.00388	0.00477	0.00497	0.00520	0.00394	0.00331	0.00613	0.00633	0.00847	0.01393	0.08350	0.01569	0.58476	0.10445	0.00357	0.00433	0.13179	0.00259	0.00271
13	0.00517	0.00410	0.00637	0.00651	0.00711	0.00383	0.08737	0.00611	0.00760	0.01015	0.01999	0.77451	0.02363	0.01124	0.00491	0.00155	0.00269	0.01036	0.00343	0.00336
14	0.00937	0.00972	0.05877	0.05664	0.62354	0.00926	0.08658	0.01254	0.07135	0.01277	0.00795	0.01000	0.00644	0.00360	0.00391	0.00119	0.00475	0.00360	0.00205	0.00596
15	0.01074	0.00906	0.03578	0.01163	0.17983	0.02228	0.05298	0.09292	0.40046	0.09681	0.03741	0.01278	0.01007	0.00469	0.00395	0.00125	0.00381	0.00408	0.00341	0.00606
16	0.00523	0.00395	0.00483	0.00461	0.00564	0.00355	0.00346	0.00683	0.01038	0.01413	0.61426	0.03129	0.26073	0.00846	0.00458	0.00124	0.00187	0.00734	0.00408	0.00355
17	0.00941	0.21372	0.51246	0.01006	0.02880	0.01061	0.03548	0.08028	0.00911	0.04558	0.00715	0.00811	0.00530	0.00371	0.00346	0.00113	0.00515	0.00284	0.00197	0.00565
18	0.04890	0.00909	0.04448	0.04826	0.44192	0.05028	0.04530	0.04193	0.04066	0.03642	0.01290	0.01405	0.13974	0.00468	0.00391	0.00119	0.00427	0.00418	0.00243	0.00541
19	0.02523	0.11955	0.07992	0.00733	0.03614	0.00785	0.00630	0.07968	0.05399	0.08371	0.00809	0.00873	0.00629	0.00347	0.00314	0.00083	0.00349	0.00270	0.00258	0.46098
20	0.00914	0.11175	0.11879	0.00798	0.03713	0.06304	0.03085	0.02347	0.15056	0.07414	0.17055	0.02377	0.04383	0.00550	0.01871	0.00120	0.00381	0.00421	0.00302	0.09854

[dist]
# distance from previous block
# <min> <max>
0	26

[block]
# block no. 9 follows, 70 sequences, length 29
# corresponding to MSA columns:
# 412-440
name=unknown_J
#
# <colnr> <probs for GDERKNQSTAVLIFYWHMCP>
#	G	D	E	R	K	N	Q	S	T	A	V	L	I	F	Y	W	H	M	C	P
0	0.06427	0.05795	0.04800	0.05023	0.05792	0.08092	0.10999	0.05019	0.02560	0.15875	0.02907	0.13208	0.02795	0.00539	0.00418	0.00121	0.03250	0.00461	0.00290	0.05626
1	0.14305	0.00826	0.03403	0.06033	0.03540	0.02227	0.09118	0.09390	0.04786	0.10736	0.02546	0.02881	0.00759	0.00409	0.00349	0.00105	0.00379	0.01715	0.00281	0.26212
2	0.08605	0.00977	0.01251	0.09771	0.08714	0.08295	0.12859	0.24539	0.03447	0.15146	0.02056	0.01020	0.00701	0.00420	0.00384	0.00120	0.00463	0.00358	0.00307	0.00568
3	0.51815	0.00833	0.00827	0.00849	0.11868	0.03722	0.00592	0.08390	0.05789	0.06570	0.02609	0.00850	0.00623	0.00404	0.00328	0.00120	0.02767	0.00281	0.00271	0.00492
4	0.00554	0.00402	0.00482	0.00465	0.00573	0.00361	0.00348	0.00691	0.00966	0.04341	0.40394	0.07699	0.34350	0.02646	0.03857	0.00152	0.00234	0.00743	0.00387	0.00356
5	0.00604	0.00430	0.00595	0.00681	0.00758	0.00427	0.00576	0.00761	0.00860	0.01122	0.02028	0.14260	0.02237	0.04661	0.00591	0.00184	0.00342	0.68184	0.00352	0.00347
6	0.00533	0.00396	0.00503	0.00502	0.00593	0.00365	0.00382	0.00688	0.00991	0.01351	0.50917	0.11068	0.17887	0.00954	0.02792	0.00146	0.00231	0.08954	0.00395	0.00353
7	0.01133	0.04603	0.00999	0.00856	0.01073	0.29810	0.00662	0.01848	0.51727	0.01362	0.01200	0.01157	0.00921	0.00475	0.00373	0.00119	0.00446	0.00364	0.00318	0.00553
8	0.01314	0.15331	0.08363	0.04150	0.01171	0.04341	0.04269	0.05204	0.01000	0.37883	0.01047	0.01023	0.00724	0.00405	0.00352	0.00106	0.00401	0.00322	0.00326	0.12268
9	0.00934	0.43781	0.28998	0.00858	0.03430	0.01195	0.00908	0.01253	0.08327	0.02380	0.00733	0.00858	0.00605	0.03797	0.00376	0.00114	0.00455	0.00275	0.00194	0.00528
10	0.89114	0.00750	0.00570	0.00510	0.00750	0.00870	0.00420	0.01140	0.00660	0.01739	0.00540	0.00630	0.00420	0.00360	0.00240	0.00120	0.00300	0.00210	0.00240	0.00420
11	0.14536	0.21402	0.27214	0.01037	0.11230	0.04422	0.02263	0.07568	0.04657	0.01339	0.00695	0.00797	0.00543	0.00371	0.00326	0.00111	0.00463	0.00276	0.00209	0.00539
12	0.00571	0.00411	0.00541	0.00534	0.00568	0.00452	0.00371	0.00632	0.00598	0.00829	0.01172	0.02027	0.03379	0.42317	0.37687	0.02900	0.04006	0.00491	0.00222	0.00291
13	0.00629	0.00414	0.00544	0.00501	0.00607	0.00380	0.00380	0.00810	0.01098	0.07152	0.78185	0.02789	0.03475	0.00771	0.00453	0.00122	0.00193	0.00680	0.00430	0.00386
14	0.00546	0.00442	0.00577	0.04105	0.03759	0.00408	0.02434	0.00699	0.00973	0.01293	0.41762	0.03015	0.34439	0.03249	0.00495	0.00133	0.00230	0.00709	0.00370	0.00363
15	0.01503	0.00699	0.01078	0.00819	0.01109	0.00626	0.12637	0.01680	0.01070	0.63585	0.08160	0.01400	0.01118	0.00487	0.00423	0.00123	0.02023	0.00424	0.00428	0.00611
16	0.00753	0.00954	0.17258	0.09966	0.08503	0.00742	0.19945	0.01061	0.03919	0.01256	0.14440	0.04451	0.03279	0.00566	0.00436	0.00133	0.00456	0.11144	0.00262	0.00476
17	0.01131	0.00705	0.02082	0.00655	0.00972	0.00575	0.02212	0.01365	0.06421	0.29959	0.03802	0.01100	0.00850	0.00388	0.00340	0.00089	0.00311	0.00320	0.00332	0.46391
18	0.01055	0.82899	0.01991	0.00678	0.01004	0.05179	0.00667	0.01178	0.00801	0.00914	0.00542	0.00625	0.00498	0.00335	0.00253	0.00084	0.00427	0.00209	0.00167	0.00495
19	0.00998	0.06119	0.16182	0.03156	0.18457	0.05805	0.17579	0.13079	0.03069	0.03141	0.02950	0.03692	0.03142	0.00430	0.00395	0.00120	0.00499	0.00394	0.00242	0.00552
20	0.01277	0.00887	0.09262	0.07627	0.17314	0.00777	0.03457	0.06036	0.03455	0.37650	0.03387	0.01173	0.00843	0.00450	0.00433	0.00123	0.04539	0.00375	0.00336	0.00600
21	0.02370	0.00953	0.01093	0.00856	0.01147	0.01027	0.03701	0.50029	0.15275	0.15936	0.02838	0.01124	0.00854	0.00478	0.00392	0.00120	0.00392	0.00381	0.00396	0.00638
22	0.00673	0.00337	0.00505	0.00505	0.00505	0.00337	0.00337	0.00505	0.00505	0.00673	0.00673	0.01178	0.00673	0.01347	0.01515	0.88721	0.00337	0.00337	0.00168	0.00168
23	0.00823	0.06457	0.40936	0.03991	0.08256	0.02175	0.15635	0.01148	0.00848	0.02936	0.00993	0.06900	0.04358	0.00462	0.00396	0.00125	0.00518	0.02314	0.00206	0.00525
24	0.01008	0.10268	0.02538	0.06705	0.33594	0.09229	0.15177	0.04505	0.03971	0.03439	0.00838	0.05457	0.00714	0.00410	0.00385	0.00117	0.00494	0.00385	0.00221	0.00545
25	0.00713	0.00634	0.00955	0.02605	0.00959	0.03452	0.13945	0.03815	0.00722	0.00990	0.00998	0.05082	0.00984	0.20912	0.31383	0.00368	0.10422	0.00467	0.00220	0.00374
26	0.00910	0.00939	0.01783	0.10404	0.10653	0.04544	0.49129	0.01183	0.00923	0.04293	0.07998	0.03604	0.00915	0.00410	0.00436	0.00127	0.00556	0.00461	0.00228	0.00505
27	0.01199	0.01065	0.21546	0.12147	0.04756	0.00801	0.03652	0.10190	0.05604	0.30563	0.03828	0.01152	0.00829	0.00441	0.00389	0.00122	0.00435	0.00368	0.00324	0.00589
28	0.03975	0.00826	0.01423	0.17413	0.46511	0.00850	0.10930	0.01095	0.00867	0.01231	0.05442	0.03417	0.03471	0.00420	0.00398	0.00122	0.00459	0.00409	0.00213	0.00531

[dist]
# distance from previous block
# <min> <max>
6	19

[block]
# block no. 10 follows, 70 sequences, length 15
# corresponding to MSA columns:
# 461-475
name=unknown_K
#
# <colnr> <probs for GDERKNQSTAVLIFYWHMCP>
#	G	D	E	R	K	N	Q	S	T	A	V	L	I	F	Y	W	H	M	C	P
0	0.00995	0.23253	0.06427	0.04643	0.02580	0.04254	0.05875	0.03032	0.00925	0.15724	0.07256	0.06694	0.09994	0.00541	0.00372	0.00113	0.00383	0.02312	0.00289	0.04339
1	0.00834	0.00894	0.18087	0.02046	0.15190	0.00635	0.03837	0.02472	0.00937	0.11151	0.16716	0.04387	0.14541	0.00608	0.00439	0.02292	0.00366	0.01288	0.00301	0.02979
2	0.21967	0.07144	0.09462	0.11425	0.11040	0.11208	0.04222	0.01148	0.00799	0.03772	0.00720	0.00919	0.00584	0.00753	0.13107	0.00192	0.00558	0.00302	0.00209	0.00469
3	0.02868	0.29010	0.14020	0.04840	0.04209	0.08461	0.05128	0.09062	0.00901	0.02348	0.00694	0.00868	0.00578	0.01860	0.07024	0.00154	0.06974	0.00295	0.00203	0.00502
4	0.00900	0.00850	0.02637	0.08221	0.26702	0.09163	0.05691	0.06882	0.00902	0.02557	0.01031	0.05159	0.00991	0.14418	0.03654	0.00184	0.00484	0.08861	0.00241	0.00470
5	0.00935	0.01182	0.26987	0.08001	0.18566	0.04356	0.04626	0.01256	0.05042	0.10754	0.04783	0.01247	0.06343	0.00442	0.00387	0.00119	0.00459	0.00381	0.00249	0.03885
6	0.00800	0.15344	0.00912	0.00608	0.00828	0.05856	0.00485	0.00954	0.03245	0.03562	0.02990	0.25278	0.04569	0.00627	0.00363	0.00103	0.00314	0.01553	0.00277	0.31331
7	0.00796	0.02530	0.10919	0.08144	0.01373	0.00767	0.22789	0.07517	0.07640	0.01304	0.07223	0.17076	0.05853	0.00597	0.00427	0.00129	0.00430	0.00562	0.00278	0.03643
8	0.03412	0.31125	0.15444	0.00705	0.01019	0.03982	0.00689	0.04790	0.00827	0.02705	0.00771	0.03596	0.00707	0.11521	0.00520	0.00129	0.00413	0.00310	0.00212	0.17123
9	0.02706	0.07349	0.03311	0.16772	0.08294	0.00740	0.04643	0.02851	0.03746	0.06341	0.01183	0.17039	0.03997	0.00583	0.00425	0.01133	0.02792	0.02253	0.00262	0.13581
10	0.30991	0.21225	0.11526	0.00725	0.01035	0.04346	0.00686	0.13335	0.04321	0.03027	0.00684	0.00756	0.00534	0.00386	0.00320	0.00110	0.02486	0.00258	0.00242	0.03007
11	0.00561	0.00387	0.00501	0.00544	0.00611	0.00349	0.00377	0.00643	0.00766	0.04565	0.02020	0.67662	0.05246	0.03708	0.00517	0.00153	0.00241	0.02782	0.00350	0.08015
12	0.00883	0.01034	0.23366	0.01140	0.16095	0.00725	0.07096	0.03440	0.05151	0.10914	0.06331	0.15399	0.04321	0.00585	0.00415	0.00129	0.00414	0.01755	0.00285	0.00523
13	0.00855	0.03669	0.00505	0.00424	0.00551	0.00460	0.00332	0.04489	0.00881	0.08664	0.01246	0.01381	0.00958	0.00450	0.00285	0.00094	0.00213	0.00357	0.73781	0.00405
14	0.02885	0.02308	0.00873	0.00662	0.00956	0.03057	0.00531	0.15818	0.09059	0.02666	0.00927	0.04840	0.00778	0.00411	0.00331	0.00087	0.00325	0.01794	0.02330	0.49363

[dist]
# distance from previous block
# <min> <max>
0	1

[block]
# block no. 11 follows, 70 sequences, length 11
# corresponding to MSA columns:
# 477-487
name=unknown_L
#
# <colnr> <probs for GDERKNQSTAVLIFYWHMCP>
#	G	D	E	R	K	N	Q	S	T	A	V	L	I	F	Y	W	H	M	C	P
0	0.00951	0.28393	0.01099	0.00614	0.00832	0.04084	0.00524	0.07789	0.17849	0.01356	0.01144	0.01197	0.03963	0.00447	0.00309	0.00100	0.00322	0.00340	0.28204	0.00483
1	0.15927	0.01000	0.03178	0.03249	0.33685	0.10252	0.02814	0.10457	0.00962	0.04089	0.00843	0.01021	0.03352	0.00426	0.00419	0.00120	0.05856	0.01573	0.00238	0.00537
2	0.14280	0.00854	0.01338	0.16889	0.49717	0.00907	0.03918	0.01192	0.04935	0.01306	0.00738	0.00950	0.00595	0.00364	0.00366	0.00120	0.00446	0.00333	0.00206	0.00548
3	0.00534	0.00384	0.00513	0.03567	0.00677	0.00362	0.00413	0.00635	0.00805	0.02564	0.09405	0.59573	0.06942	0.01081	0.00482	0.00150	0.00246	0.08419	0.00357	0.02889
4	0.00564	0.00376	0.00469	0.00503	0.00542	0.00357	0.00336	0.00627	0.00735	0.04071	0.07712	0.39646	0.06207	0.30530	0.00999	0.00229	0.00284	0.05180	0.00326	0.00307
5	0.00861	0.03370	0.02821	0.24041	0.19212	0.02885	0.03532	0.08524	0.00959	0.04404	0.09943	0.06496	0.08655	0.00549	0.00424	0.01700	0.00411	0.00469	0.00264	0.00480
6	0.03216	0.31083	0.13233	0.03637	0.01208	0.20280	0.02016	0.04951	0.00924	0.06478	0.00675	0.00766	0.00540	0.00378	0.00345	0.00100	0.03085	0.00260	0.00211	0.06613
7	0.01086	0.00697	0.00845	0.00619	0.00950	0.00559	0.00501	0.04531	0.00929	0.23958	0.00928	0.00950	0.00683	0.00347	0.00319	0.00077	0.00304	0.00278	0.00304	0.61136
8	0.00629	0.00468	0.00565	0.00542	0.00660	0.00455	0.00425	0.05423	0.06181	0.01453	0.44067	0.03015	0.17468	0.00821	0.00455	0.00131	0.00233	0.12925	0.03693	0.00389
9	0.00823	0.00753	0.01186	0.11162	0.41186	0.00776	0.03245	0.03026	0.07551	0.01279	0.10004	0.03485	0.09570	0.00596	0.03560	0.00141	0.00419	0.00463	0.00257	0.00519
10	0.00858	0.00718	0.00782	0.00732	0.00915	0.00809	0.00574	0.01698	0.61087	0.01503	0.04411	0.06165	0.04843	0.00654	0.00419	0.00137	0.00298	0.10608	0.02246	0.00542

[dist]
# distance from previous block
# <min> <max>
5	16

[block]
# block no. 12 follows, 70 sequences, length 14
# corresponding to MSA columns:
# 504-517
name=unknown_M
#
# <colnr> <probs for GDERKNQSTAVLIFYWHMCP>
#	G	D	E	R	K	N	Q	S	T	A	V	L	I	F	Y	W	H	M	C	P
0	0.01066	0.04678	0.02799	0.00793	0.02113	0.13096	0.00625	0.16744	0.23976	0.06486	0.07146	0.09974	0.01229	0.02207	0.05160	0.00155	0.00426	0.00464	0.00338	0.00525
1	0.00569	0.00415	0.00553	0.00544	0.00583	0.00457	0.00385	0.00652	0.00637	0.00895	0.08046	0.02034	0.01360	0.37438	0.39859	0.00460	0.04075	0.00498	0.00236	0.00305
