[name]
unknown

[dist]
# distance from previous block
# <min> <max>
0	496

[block]
# block no. 0 follows, 69 sequences, length 30
# corresponding to MSA columns:
# 554-583
name=unknown_A
#
# <colnr> <probs for GDERKNQSTAVLIFYWHMCP>
#	G	D	E	R	K	N	Q	S	T	A	V	L	I	F	Y	W	H	M	C	P
0	0.00847	0.04928	0.06546	0.04166	0.03609	0.04569	0.06101	0.04072	0.01667	0.07982	0.09458	0.06970	0.11653	0.00723	0.03290	0.00142	0.01952	0.09714	0.03062	0.08549
1	0.02932	0.00969	0.07527	0.01061	0.13740	0.04459	0.04690	0.23626	0.09931	0.07432	0.03768	0.03914	0.10499	0.00530	0.00400	0.00122	0.00402	0.00445	0.01987	0.01569
2	0.06380	0.03733	0.27866	0.01069	0.10629	0.03315	0.07481	0.01975	0.03285	0.04699	0.01791	0.05880	0.00733	0.00414	0.00362	0.00110	0.00449	0.00352	0.00228	0.19247
3	0.02378	0.04496	0.05245	0.01858	0.00781	0.00579	0.00511	0.02157	0.02920	0.02229	0.02268	0.04082	0.00995	0.14255	0.32945	0.09113	0.02463	0.00417	0.01382	0.08923
4	0.04093	0.00899	0.05465	0.00790	0.01036	0.02029	0.02201	0.14299	0.42580	0.04999	0.02516	0.01344	0.01022	0.06138	0.00503	0.00140	0.01702	0.00406	0.02372	0.05466
5	0.03697	0.04631	0.08733	0.06304	0.10439	0.02569	0.09432	0.04409	0.00995	0.28331	0.06142	0.01433	0.04443	0.01837	0.00422	0.00126	0.00418	0.03139	0.00322	0.02178
6	0.02697	0.04809	0.11499	0.06141	0.12974	0.03583	0.18670	0.10627	0.02809	0.06652	0.04044	0.02335	0.00788	0.00425	0.00419	0.00120	0.02902	0.01568	0.00252	0.06683
7	0.02296	0.02440	0.46263	0.10032	0.03956	0.02494	0.07000	0.06998	0.02133	0.01279	0.02009	0.03239	0.00676	0.01663	0.00462	0.03132	0.01838	0.01356	0.00204	0.00529
8	0.00802	0.02003	0.05567	0.03713	0.03982	0.05551	0.11808	0.04200	0.04561	0.04289	0.07554	0.03261	0.25912	0.03223	0.02442	0.00146	0.06434	0.00543	0.00292	0.03717
9	0.03244	0.09175	0.17652	0.06979	0.04684	0.00840	0.03647	0.06750	0.02257	0.32566	0.01151	0.03994	0.02525	0.00468	0.00399	0.00122	0.02267	0.00379	0.00321	0.00580
10	0.04353	0.17665	0.08596	0.09839	0.09596	0.01065	0.05675	0.05760	0.21821	0.04504	0.02122	0.01051	0.00768	0.00435	0.00412	0.00121	0.05054	0.00349	0.00263	0.00552
11	0.00504	0.00395	0.00460	0.00498	0.00585	0.00359	0.00363	0.00636	0.03639	0.01092	0.07288	0.35524	0.39133	0.01065	0.00481	0.00146	0.00225	0.06899	0.00369	0.00340
12	0.01053	0.01060	0.03862	0.01466	0.03582	0.01007	0.59327	0.14638	0.03653	0.05008	0.00872	0.01056	0.00640	0.00368	0.00443	0.00129	0.00592	0.00435	0.00248	0.00563
13	0.01250	0.04216	0.07849	0.03867	0.09306	0.03082	0.02815	0.20830	0.18714	0.19943	0.01957	0.01152	0.00847	0.00498	0.01783	0.00130	0.00422	0.00375	0.00348	0.00614
14	0.00852	0.00805	0.03714	0.22251	0.31832	0.00812	0.06861	0.04801	0.02376	0.02658	0.01092	0.11335	0.02739	0.00535	0.00419	0.00131	0.00450	0.05584	0.00241	0.00512
15	0.00478	0.00341	0.00455	0.00546	0.00569	0.00318	0.00364	0.00546	0.00751	0.01001	0.02161	0.85966	0.02593	0.01228	0.00500	0.00159	0.00227	0.01114	0.00364	0.00318
16	0.01190	0.35502	0.12389	0.00951	0.05800	0.22088	0.02306	0.08886	0.01001	0.05549	0.00686	0.00768	0.00551	0.00379	0.00325	0.00101	0.00516	0.00266	0.00216	0.00532
17	0.04297	0.00903	0.01553	0.08151	0.60531	0.00926	0.09557	0.01170	0.00869	0.01260	0.00766	0.01076	0.00651	0.00387	0.00429	0.00123	0.03691	0.02885	0.00199	0.00575
18	0.00974	0.00942	0.01586	0.07793	0.28818	0.04070	0.26461	0.08445	0.03791	0.02683	0.04993	0.01293	0.02374	0.00430	0.00422	0.00126	0.00507	0.03498	0.00245	0.00549
19	0.00478	0.00341	0.00455	0.00546	0.00569	0.00318	0.00364	0.00546	0.00751	0.01001	0.02161	0.85966	0.02593	0.01228	0.00500	0.00159	0.00227	0.01114	0.00364	0.00318
20	0.88991	0.00758	0.00576	0.00516	0.00758	0.00879	0.00425	0.01152	0.00667	0.01759	0.00546	0.00637	0.00425	0.00364	0.00243	0.00121	0.00303	0.00212	0.00243	0.00425
21	0.00813	0.00697	0.00813	0.00581	0.00929	0.00523	0.00465	0.00987	0.00813	0.01277	0.00697	0.00813	0.00581	0.00290	0.00290	0.00058	0.00290	0.00232	0.00232	0.88619
22	0.00786	0.02028	0.84191	0.01117	0.01697	0.00910	0.01448	0.01242	0.00828	0.01242	0.00704	0.00828	0.00497	0.00372	0.00372	0.00124	0.00579	0.00290	0.00166	0.00579
23	0.00579	0.00435	0.00615	0.00605	0.00655	0.00503	0.00452	0.00683	0.00615	0.00877	0.01063	0.01738	0.01057	0.21924	0.61166	0.00548	0.05490	0.00450	0.00214	0.00329
24	0.00481	0.00386	0.00429	0.00442	0.00546	0.00335	0.00322	0.00587	0.00898	0.01128	0.16062	0.20263	0.54725	0.01011	0.00471	0.00136	0.00202	0.00867	0.00375	0.00335
25	0.01463	0.01114	0.01159	0.00901	0.01206	0.04391	0.00739	0.75263	0.05973	0.02370	0.00962	0.00959	0.00688	0.00471	0.00391	0.00118	0.00436	0.00354	0.00385	0.00656
26	0.01046	0.00857	0.01171	0.03832	0.18794	0.05624	0.08487	0.15423	0.06692	0.08809	0.02547	0.01282	0.00865	0.08386	0.12271	0.00215	0.02490	0.00402	0.00279	0.00528
27	0.00740	0.00697	0.01176	0.85280	0.02700	0.00871	0.01089	0.01002	0.00784	0.01002	0.00697	0.01045	0.00523	0.00392	0.00392	0.00131	0.00523	0.00348	0.00174	0.00436
28	0.01015	0.00745	0.02803	0.00740	0.03457	0.00637	0.04448	0.11181	0.01902	0.15198	0.12072	0.01347	0.04618	0.00451	0.00365	0.00095	0.00327	0.00381	0.00324	0.37897
29	0.77902	0.00772	0.00634	0.00551	0.00802	0.00879	0.00454	0.06020	0.00768	0.07373	0.00637	0.00702	0.00476	0.00378	0.00262	0.00121	0.00313	0.00233	0.00268	0.00455

[dist]
# distance from previous block
# <min> <max>
2	4

[block]
# block no. 1 follows, 69 sequences, length 39
# corresponding to MSA columns:
# 588-622,630-633
name=unknown_B
#
# <colnr> <probs for GDERKNQSTAVLIFYWHMCP>
#	G	D	E	R	K	N	Q	S	T	A	V	L	I	F	Y	W	H	M	C	P
0	0.08918	0.00936	0.01319	0.09746	0.05895	0.02015	0.19039	0.23411	0.14272	0.02455	0.00993	0.01887	0.02162	0.00439	0.00410	0.00125	0.01952	0.00390	0.00292	0.03345
1	0.00946	0.00888	0.01424	0.27530	0.44353	0.02229	0.03849	0.07895	0.02412	0.01286	0.00751	0.00996	0.00599	0.00385	0.00416	0.00123	0.02800	0.00353	0.00208	0.00557
2	0.00535	0.00401	0.00544	0.00534	0.00617	0.00369	0.02690	0.00682	0.00980	0.01351	0.50404	0.27573	0.09981	0.00931	0.00474	0.00135	0.00212	0.00832	0.00399	0.00356
3	0.01197	0.00822	0.01050	0.00863	0.01041	0.00954	0.01950	0.15122	0.12592	0.22445	0.02421	0.01140	0.00826	0.00602	0.02219	0.00147	0.30009	0.00380	0.02113	0.02106
4	0.00560	0.00420	0.00630	0.00630	0.00700	0.00490	0.00490	0.00700	0.00630	0.00910	0.01050	0.01540	0.00980	0.02940	0.84669	0.00630	0.01050	0.00420	0.00210	0.00350
5	0.00522	0.00387	0.00450	0.00471	0.00566	0.00339	0.00339	0.00622	0.00876	0.03863	0.12558	0.32877	0.42647	0.01037	0.00474	0.00141	0.00212	0.00901	0.00376	0.00342
6	0.01003	0.01595	0.52793	0.03719	0.01528	0.03252	0.02834	0.06351	0.06113	0.13300	0.00895	0.00956	0.00625	0.00403	0.00378	0.00122	0.00513	0.00321	0.00244	0.03054
7	0.60855	0.00736	0.00688	0.00578	0.00840	0.00792	0.00476	0.02696	0.00826	0.26981	0.00859	0.00855	0.00596	0.00403	0.00291	0.00121	0.00315	0.00270	0.00319	0.00503
8	0.03312	0.13891	0.17268	0.00685	0.00869	0.05731	0.00637	0.00837	0.00657	0.00876	0.00656	0.00989	0.00600	0.00925	0.01001	0.49845	0.00421	0.00302	0.00173	0.00326
9	0.00881	0.00823	0.01355	0.16734	0.55073	0.00858	0.01061	0.01159	0.05394	0.01258	0.05869	0.03294	0.00924	0.00440	0.00402	0.00123	0.00441	0.03128	0.00226	0.00557
10	0.01149	0.00527	0.00670	0.00564	0.00759	0.00474	0.00447	0.02746	0.01039	0.39609	0.17993	0.05543	0.09086	0.00620	0.00396	0.00119	0.00261	0.00521	0.16972	0.00506
11	0.00471	0.00392	0.00409	0.00416	0.00534	0.00333	0.00306	0.00569	0.00882	0.01069	0.07223	0.11626	0.70517	0.02870	0.00500	0.00140	0.00205	0.00844	0.00364	0.00329
12	0.08522	0.05525	0.04013	0.00971	0.01232	0.45338	0.08224	0.08222	0.05113	0.08120	0.00773	0.00842	0.00592	0.00408	0.00359	0.00110	0.00578	0.00297	0.00251	0.00509
13	0.00476	0.00347	0.00448	0.00529	0.00564	0.00320	0.00356	0.00548	0.00767	0.01007	0.02365	0.76675	0.11752	0.01202	0.00496	0.00156	0.00224	0.01082	0.00364	0.00320
14	0.01759	0.00667	0.00910	0.00698	0.01001	0.00576	0.00576	0.01911	0.01122	0.84048	0.01547	0.01334	0.00970	0.00485	0.00394	0.00121	0.00334	0.00394	0.00485	0.00667
15	0.01464	0.01868	0.01111	0.01010	0.01212	0.84648	0.00757	0.01565	0.01111	0.00959	0.00606	0.00707	0.00505	0.00404	0.00353	0.00101	0.00707	0.00252	0.00202	0.00454
16	0.00838	0.05400	0.51948	0.05906	0.06540	0.00961	0.18942	0.01221	0.00845	0.01214	0.00714	0.00890	0.00527	0.00367	0.00405	0.00125	0.02094	0.00331	0.00175	0.00557
17	0.00513	0.00399	0.00466	0.00449	0.00560	0.00352	0.00337	0.00658	0.01010	0.01336	0.46922	0.03317	0.40495	0.00890	0.00463	0.00127	0.00191	0.00764	0.00400	0.00352
18	0.00575	0.00378	0.00431	0.00431	0.00431	0.00378	0.00242	0.00567	0.00567	0.00757	0.01210	0.02504	0.01392	0.82399	0.01975	0.04354	0.00378	0.00560	0.00235	0.00235
19	0.88991	0.00758	0.00576	0.00516	0.00758	0.00879	0.00425	0.01152	0.00667	0.01759	0.00546	0.00637	0.00425	0.00364	0.00243	0.00121	0.00303	0.00212	0.00243	0.00425
20	0.00568	0.00389	0.00474	0.00474	0.00490	0.00405	0.00295	0.00600	0.00584	0.00794	0.01193	0.02331	0.01323	0.67162	0.20917	0.00437	0.00533	0.00536	0.00231	0.00263
21	0.01408	0.13410	0.01241	0.00962	0.01184	0.71722	0.00745	0.03039	0.01082	0.00983	0.00604	0.00701	0.00508	0.00396	0.00340	0.00099	0.00662	0.00249	0.00201	0.00465
22	0.88991	0.00758	0.00576	0.00516	0.00758	0.00879	0.00425	0.01152	0.00667	0.01759	0.00546	0.00637	0.00425	0.00364	0.00243	0.00121	0.00303	0.00212	0.00243	0.00425
23	0.00681	0.00340	0.00511	0.00511	0.00511	0.00340	0.00340	0.00511	0.00511	0.00681	0.00681	0.01192	0.00681	0.01362	0.01532	0.88594	0.00340	0.00340	0.00170	0.00170
24	0.01391	0.01061	0.01115	0.04192	0.01217	0.05005	0.00725	0.68962	0.01675	0.02233	0.00938	0.01006	0.00691	0.02733	0.02081	0.00133	0.00450	0.00355	0.03416	0.00620
25	0.01342	0.01025	0.01093	0.00872	0.01159	0.01147	0.00709	0.59396	0.25157	0.02232	0.01129	0.01091	0.00819	0.00488	0.00394	0.00122	0.00397	0.00379	0.00394	0.00653
26	0.01906	0.03704	0.39593	0.01093	0.03731	0.02395	0.09598	0.23310	0.04725	0.03159	0.00838	0.00928	0.00606	0.00404	0.00382	0.00121	0.00515	0.00333	0.02065	0.00592
27	0.00490	0.00400	0.00435	0.00437	0.00553	0.00349	0.00323	0.00620	0.02465	0.01153	0.17580	0.12276	0.59594	0.00976	0.00466	0.00134	0.00201	0.00830	0.00376	0.00342
28	0.02164	0.00799	0.01400	0.06369	0.33580	0.00790	0.19879	0.01089	0.03818	0.01263	0.07723	0.05429	0.08768	0.00527	0.00430	0.00129	0.00443	0.04635	0.00253	0.00512
29	0.02864	0.15644	0.06005	0.02946	0.03054	0.28704	0.04237	0.24674	0.03469	0.01456	0.00748	0.00838	0.00587	0.00474	0.02537	0.00122	0.00552	0.00298	0.00254	0.00538
30	0.00588	0.00464	0.00593	0.00568	0.00686	0.00441	0.04083	0.02129	0.06617	0.01269	0.22101	0.17078	0.28163	0.00936	0.01989	0.00146	0.00261	0.07364	0.04149	0.00377
31	0.00909	0.03032	0.09992	0.01143	0.01457	0.00947	0.32477	0.03719	0.28407	0.01412	0.05911	0.01359	0.02732	0.00468	0.00452	0.00131	0.03121	0.01497	0.00285	0.00549
32	0.00604	0.00501	0.03371	0.00527	0.00661	0.00436	0.01331	0.00835	0.07370	0.03505	0.43419	0.04360	0.26050	0.04663	0.00523	0.00139	0.00231	0.00698	0.00390	0.00388
33	0.01033	0.81567	0.06812	0.00697	0.01046	0.01514	0.00716	0.01178	0.00798	0.00941	0.00554	0.00640	0.00503	0.00338	0.00259	0.00086	0.00429	0.00214	0.00168	0.00508
34	0.00573	0.00448	0.03193	0.00525	0.00570	0.00438	0.00370	0.00640	0.00601	0.00831	0.01149	0.02129	0.01230	0.52536	0.32647	0.00465	0.00635	0.00505	0.00225	0.00290
35	0.00631	0.00462	0.02837	0.00534	0.00632	0.00416	0.00411	0.00766	0.00895	0.06006	0.24690	0.25107	0.15371	0.03437	0.00530	0.00142	0.04071	0.02470	0.10222	0.00371
36	0.00986	0.69630	0.15684	0.00741	0.01107	0.01405	0.00790	0.01165	0.00800	0.00978	0.00623	0.03402	0.00569	0.00370	0.00280	0.00093	0.00440	0.00252	0.00174	0.00510
37	0.00814	0.01365	0.43833	0.00963	0.01356	0.00798	0.07154	0.02485	0.10305	0.03597	0.06036	0.01330	0.00947	0.02303	0.05893	0.00163	0.00516	0.04008	0.03790	0.02343
38	0.01108	0.08266	0.03471	0.12616	0.02394	0.25593	0.00799	0.12988	0.03673	0.01227	0.00804	0.02694	0.02252	0.01312	0.00554	0.00126	0.16676	0.00338	0.02627	0.00483

[dist]
# distance from previous block
# <min> <max>
0	2

[block]
# block no. 2 follows, 69 sequences, length 15
# corresponding to MSA columns:
# 636-650
name=unknown_C
#
# <colnr> <probs for GDERKNQSTAVLIFYWHMCP>
#	G	D	E	R	K	N	Q	S	T	A	V	L	I	F	Y	W	H	M	C	P
0	0.05078	0.10035	0.03723	0.04446	0.01221	0.08029	0.09366	0.06310	0.34663	0.03474	0.03479	0.01164	0.00909	0.00474	0.00436	0.00125	0.05835	0.00380	0.00301	0.00551
1	0.44818	0.00834	0.05058	0.00960	0.14448	0.01896	0.06574	0.01158	0.04537	0.03152	0.00845	0.07366	0.00754	0.04707	0.00410	0.00138	0.00374	0.01252	0.00249	0.00468
2	0.00871	0.00815	0.01355	0.46021	0.37580	0.00912	0.01124	0.04509	0.00875	0.01184	0.00725	0.01009	0.00571	0.00377	0.00390	0.00124	0.00494	0.00349	0.00192	0.00525
3	0.00614	0.00417	0.00522	0.00508	0.00579	0.00417	0.00361	0.00729	0.05055	0.02852	0.17716	0.03432	0.14715	0.20184	0.15080	0.13689	0.00409	0.00571	0.01831	0.00320
4	0.04449	0.04894	0.01135	0.00898	0.01160	0.31464	0.00717	0.42424	0.03243	0.01781	0.00815	0.00861	0.00616	0.00438	0.00363	0.00110	0.00516	0.00308	0.03243	0.00563
5	0.00572	0.00413	0.00513	0.00521	0.00613	0.00386	0.00385	0.00749	0.04758	0.03553	0.35211	0.26566	0.18387	0.00952	0.00472	0.00138	0.00218	0.04830	0.00396	0.00367
6	0.69717	0.00788	0.00635	0.00561	0.00797	0.02946	0.00457	0.06572	0.06010	0.01759	0.00688	0.00765	0.00529	0.00389	0.00267	0.00119	0.00314	0.00247	0.05989	0.00450
7	0.00695	0.00435	0.00541	0.00527	0.00632	0.00416	0.00391	0.00898	0.06166	0.09304	0.30539	0.23254	0.08378	0.00907	0.03485	0.00148	0.00250	0.00716	0.11921	0.00397
8	0.01338	0.01005	0.01089	0.00868	0.01146	0.01124	0.00708	0.59467	0.18540	0.03690	0.01084	0.01080	0.00792	0.00591	0.03924	0.00143	0.02014	0.00375	0.00384	0.00640
9	0.01043	0.00510	0.00663	0.00569	0.00746	0.00462	0.00450	0.01231	0.02741	0.33231	0.37487	0.02212	0.04754	0.00655	0.00419	0.00122	0.00250	0.02891	0.09078	0.00487
10	0.00574	0.00480	0.00542	0.00515	0.00637	0.00475	0.00393	0.00817	0.11024	0.01247	0.22905	0.05936	0.45812	0.00878	0.00509	0.00134	0.05639	0.00730	0.00373	0.00382
11	0.00557	0.00399	0.00515	0.00503	0.00593	0.00370	0.00380	0.00730	0.01052	0.01480	0.66051	0.08302	0.07270	0.00844	0.00463	0.00129	0.00200	0.06193	0.03603	0.00364
12	0.00806	0.00786	0.01227	0.70310	0.13152	0.05065	0.01087	0.01056	0.00814	0.01036	0.00698	0.01019	0.00534	0.00387	0.00390	0.00127	0.00524	0.00344	0.00178	0.00461
13	0.00535	0.00396	0.00499	0.00482	0.00576	0.00360	0.00358	0.00698	0.01051	0.01451	0.65343	0.08763	0.16312	0.00861	0.00465	0.00127	0.00190	0.00756	0.00416	0.00360
14	0.00955	0.00812	0.00900	0.06711	0.01110	0.00941	0.00646	0.07977	0.60593	0.01587	0.01551	0.02972	0.04924	0.00556	0.00437	0.00133	0.03877	0.00454	0.02286	0.00579

[dist]
# distance from previous block
# <min> <max>
1	8

[block]
# block no. 3 follows, 69 sequences, length 16
# corresponding to MSA columns:
# 659-674
name=unknown_D
#
# <colnr> <probs for GDERKNQSTAVLIFYWHMCP>
#	G	D	E	R	K	N	Q	S	T	A	V	L	I	F	Y	W	H	M	C	P
0	0.12442	0.01977	0.02365	0.26555	0.31288	0.00890	0.02600	0.05204	0.02511	0.05851	0.00802	0.02941	0.00640	0.00400	0.00371	0.00122	0.00446	0.00351	0.00228	0.02014
1	0.01068	0.58602	0.01687	0.00725	0.01007	0.12703	0.00663	0.06035	0.00880	0.01019	0.00643	0.00777	0.00575	0.00693	0.11291	0.00159	0.00541	0.00252	0.00191	0.00486
2	0.77498	0.00797	0.00803	0.00664	0.00927	0.00894	0.11117	0.01166	0.00701	0.01693	0.00578	0.00692	0.00447	0.00360	0.00271	0.00123	0.00350	0.00245	0.00237	0.00438
3	0.03148	0.00799	0.00868	0.00751	0.00985	0.03597	0.00594	0.04184	0.48220	0.22325	0.05948	0.01545	0.02815	0.00543	0.00400	0.00129	0.00325	0.01816	0.00411	0.00600
4	0.00669	0.00470	0.00634	0.00609	0.00684	0.00523	0.00456	0.05981	0.00716	0.03734	0.01121	0.01806	0.01093	0.23134	0.52720	0.00500	0.02160	0.02395	0.00241	0.00355
5	0.00822	0.00806	0.01208	0.29627	0.04914	0.01078	0.00950	0.00974	0.00674	0.00977	0.00585	0.00926	0.00522	0.00573	0.00947	0.00155	0.53305	0.00345	0.00173	0.00439
6	0.00811	0.01873	0.73319	0.01076	0.01608	0.00919	0.01340	0.01351	0.11561	0.01294	0.00820	0.00911	0.00588	0.00393	0.00376	0.00125	0.00544	0.00310	0.00196	0.00585
7	0.01048	0.86458	0.02054	0.00671	0.01006	0.01551	0.00671	0.01174	0.00797	0.00922	0.00545	0.00629	0.00503	0.00335	0.00252	0.00084	0.00419	0.00210	0.00168	0.00503
8	0.00529	0.00417	0.00475	0.00464	0.00575	0.00378	0.00346	0.00703	0.04636	0.01271	0.34470	0.06296	0.41347	0.04407	0.00526	0.00141	0.00209	0.02068	0.00386	0.00355
9	0.88991	0.00758	0.00576	0.00516	0.00758	0.00879	0.00425	0.01152	0.00667	0.01759	0.00546	0.00637	0.00425	0.00364	0.00243	0.00121	0.00303	0.00212	0.00243	0.00425
10	0.00663	0.00497	0.00646	0.00624	0.00719	0.00566	0.00476	0.03218	0.13459	0.01088	0.01167	0.01617	0.01054	0.11307	0.54734	0.00476	0.00788	0.00434	0.06077	0.00390
11	0.84864	0.00754	0.00592	0.00524	0.00770	0.00865	0.00432	0.01188	0.00689	0.05653	0.00593	0.00670	0.00450	0.00370	0.00250	0.00121	0.00305	0.00221	0.00254	0.00436
12	0.01005	0.12102	0.04718	0.00961	0.04637	0.03414	0.06642	0.17145	0.11677	0.01393	0.00964	0.02484	0.01917	0.03823	0.03059	0.00154	0.18384	0.03050	0.01953	0.00517
13	0.02962	0.00617	0.00704	0.00611	0.00794	0.00615	0.00484	0.21045	0.02493	0.11237	0.20910	0.07245	0.22430	0.00750	0.00435	0.00128	0.00282	0.04265	0.01524	0.00470
14	0.00864	0.14537	0.51709	0.01014	0.01470	0.02469	0.05000	0.01325	0.11562	0.01230	0.00865	0.00954	0.02398	0.00407	0.00386	0.00121	0.02609	0.00318	0.00203	0.00560
15	0.12871	0.01695	0.01044	0.00946	0.01148	0.71336	0.00717	0.01494	0.01038	0.01063	0.00596	0.00702	0.00495	0.00407	0.00366	0.00106	0.03072	0.00250	0.00206	0.00450

[dist]
# distance from previous block
# <min> <max>
2	3

[block]
# block no. 4 follows, 69 sequences, length 28
# corresponding to MSA columns:
# 678-705
name=unknown_E
#
# <colnr> <probs for GDERKNQSTAVLIFYWHMCP>
#	G	D	E	R	K	N	Q	S	T	A	V	L	I	F	Y	W	H	M	C	P
0	0.00928	0.00888	0.01515	0.17721	0.68794	0.00920	0.01182	0.01166	0.00873	0.01229	0.00730	0.00984	0.00603	0.00357	0.00389	0.00119	0.00476	0.00349	0.00190	0.00587
1	0.13699	0.05653	0.00975	0.00708	0.00998	0.00786	0.00592	0.13337	0.01120	0.51411	0.01209	0.01113	0.00800	0.00460	0.00392	0.00119	0.03154	0.00347	0.00404	0.02725
2	0.02437	0.03429	0.02536	0.00837	0.01111	0.00670	0.12477	0.04189	0.02624	0.41845	0.01506	0.04195	0.03445	0.00583	0.00423	0.00131	0.00387	0.13700	0.00385	0.03090
3	0.06128	0.00690	0.00896	0.00698	0.00993	0.00626	0.00574	0.03340	0.05878	0.73611	0.01488	0.01299	0.00950	0.00482	0.00387	0.00122	0.00332	0.00387	0.00466	0.00652
4	0.00533	0.00376	0.00441	0.00460	0.00490	0.00365	0.00289	0.00573	0.00670	0.00879	0.03296	0.21095	0.13790	0.49252	0.05551	0.00303	0.00350	0.00723	0.00286	0.00277
5	0.00928	0.15214	0.54885	0.00973	0.01446	0.05759	0.01156	0.03684	0.00890	0.06018	0.00893	0.00970	0.04707	0.00409	0.00359	0.00116	0.00523	0.00310	0.00203	0.00555
6	0.00952	0.00854	0.01437	0.12935	0.64289	0.00870	0.01108	0.01174	0.00882	0.05387	0.00856	0.05941	0.00740	0.00413	0.00395	0.00121	0.00453	0.00396	0.00216	0.00582
7	0.04410	0.00659	0.00825	0.00651	0.00913	0.00615	0.00532	0.10349	0.01128	0.56964	0.01398	0.01293	0.00926	0.00474	0.00366	0.00115	0.00315	0.00378	0.17085	0.00602
8	0.00931	0.00897	0.01546	0.16016	0.67787	0.00923	0.03817	0.01172	0.00876	0.01234	0.00733	0.00985	0.00604	0.00356	0.00391	0.00119	0.00481	0.00353	0.00191	0.00587
9	0.00970	0.00931	0.01591	0.02406	0.83777	0.00931	0.01203	0.01203	0.00893	0.01281	0.00737	0.00970	0.00621	0.00349	0.00388	0.00116	0.00466	0.00349	0.00194	0.00621
10	0.00989	0.01714	0.59674	0.01074	0.01578	0.00934	0.05326	0.14239	0.01020	0.08577	0.00819	0.00901	0.00569	0.00396	0.00382	0.00123	0.00539	0.00317	0.00231	0.00598
11	0.22720	0.00689	0.00830	0.00654	0.00942	0.00649	0.00540	0.01728	0.01013	0.64275	0.01306	0.01167	0.00839	0.00456	0.00358	0.00121	0.00326	0.00351	0.00427	0.00609
12	0.00816	0.00568	0.00678	0.00617	0.00766	0.00588	0.00472	0.01279	0.27131	0.10180	0.40029	0.03894	0.02403	0.04898	0.02089	0.00150	0.00271	0.02288	0.00410	0.00473
13	0.00975	0.00842	0.00886	0.00798	0.01019	0.00975	0.00621	0.02083	0.83069	0.01640	0.01596	0.01463	0.01197	0.00532	0.00399	0.00133	0.00310	0.00443	0.00399	0.00621
14	0.01048	0.86458	0.02054	0.00671	0.01006	0.01551	0.00671	0.01174	0.00797	0.00922	0.00545	0.00629	0.00503	0.00335	0.00252	0.00084	0.00419	0.00210	0.00168	0.00503
15	0.18526	0.00694	0.00851	0.00667	0.00959	0.00648	0.00551	0.03522	0.01050	0.66447	0.01341	0.01192	0.00859	0.00462	0.00365	0.00121	0.00330	0.00358	0.00437	0.00621
16	0.00559	0.00419	0.00520	0.00567	0.00627	0.00415	0.00398	0.00771	0.10961	0.01139	0.11154	0.55291	0.05123	0.05939	0.00570	0.00165	0.00247	0.04409	0.00368	0.00359
17	0.00970	0.00931	0.01591	0.02406	0.83777	0.00931	0.01203	0.01203	0.00893	0.01281	0.00737	0.00970	0.00621	0.00349	0.00388	0.00116	0.00466	0.00349	0.00194	0.00621
18	0.00740	0.00697	0.01176	0.85280	0.02700	0.00871	0.01089	0.01002	0.00784	0.01002	0.00697	0.01045	0.00523	0.00392	0.00392	0.00131	0.00523	0.00348	0.00174	0.00436
19	0.01491	0.00717	0.00885	0.00706	0.00976	0.00696	0.00574	0.11903	0.14004	0.52241	0.02991	0.01346	0.01022	0.00494	0.00386	0.00120	0.00326	0.00400	0.08094	0.00628
20	0.00491	0.00349	0.00464	0.00550	0.00575	0.00329	0.00373	0.00562	0.00750	0.00999	0.02109	0.77115	0.02515	0.05490	0.00578	0.00172	0.00243	0.05661	0.00357	0.00317
21	0.00758	0.00714	0.01207	0.79074	0.08772	0.00876	0.01097	0.01017	0.00792	0.01023	0.00700	0.01040	0.00530	0.00389	0.00392	0.00130	0.00518	0.00348	0.00176	0.00449
22	0.10452	0.01088	0.01092	0.00903	0.01131	0.23330	0.13224	0.10446	0.11985	0.03381	0.00928	0.01026	0.00715	0.00434	0.00391	0.00116	0.03605	0.00343	0.14912	0.00498
23	0.00570	0.00380	0.00428	0.00428	0.00428	0.00380	0.00238	0.00570	0.00570	0.00760	0.01235	0.02566	0.01425	0.86222	0.01995	0.00380	0.00380	0.00570	0.00238	0.00238
24	0.88991	0.00758	0.00576	0.00516	0.00758	0.00879	0.00425	0.01152	0.00667	0.01759	0.00546	0.00637	0.00425	0.00364	0.00243	0.00121	0.00303	0.00212	0.00243	0.00425
25	0.01336	0.01728	0.08444	0.01082	0.06632	0.64148	0.00830	0.04243	0.01080	0.01075	0.00640	0.00749	0.00522	0.00393	0.00355	0.00102	0.00647	0.00264	0.00206	0.05523
26	0.00952	0.00527	0.00673	0.00600	0.00758	0.00495	0.00465	0.08526	0.01092	0.23983	0.31246	0.19118	0.05758	0.00788	0.00448	0.00132	0.00263	0.03286	0.00424	0.00466
27	0.00522	0.00381	0.00494	0.00572	0.00611	0.00370	0.00398	0.00658	0.05545	0.01045	0.02093	0.71697	0.02448	0.03718	0.00543	0.00166	0.00248	0.07791	0.00362	0.00337

[dist]
# distance from previous block
# <min> <max>
0	1

[block]
# block no. 5 follows, 69 sequences, length 19
# corresponding to MSA columns:
# 707-725
name=unknown_F
#
# <colnr> <probs for GDERKNQSTAVLIFYWHMCP>
#	G	D	E	R	K	N	Q	S	T	A	V	L	I	F	Y	W	H	M	C	P
0	0.01466	0.01818	0.01115	0.01003	0.01212	0.79208	0.00757	0.06841	0.01159	0.01058	0.00628	0.00722	0.00516	0.00408	0.00356	0.00102	0.00689	0.00259	0.00214	0.00468
1	0.00731	0.00365	0.00365	0.00365	0.00457	0.00365	0.00274	0.00913	0.00822	0.01462	0.01279	0.01462	0.01005	0.00457	0.00274	0.00091	0.00183	0.00365	0.88399	0.00365
2	0.00543	0.00397	0.00463	0.00500	0.00577	0.00376	0.00354	0.00712	0.06474	0.01151	0.07664	0.43359	0.23647	0.01001	0.00455	0.00140	0.00218	0.00879	0.10741	0.00351
3	0.00621	0.00464	0.00666	0.00648	0.00734	0.00537	0.00507	0.06032	0.00709	0.01012	0.01043	0.01501	0.00960	0.02779	0.79173	0.00597	0.01010	0.00416	0.00222	0.00371
4	0.01048	0.86458	0.02054	0.00671	0.01006	0.01551	0.00671	0.01174	0.00797	0.00922	0.00545	0.00629	0.00503	0.00335	0.00252	0.00084	0.00419	0.00210	0.00168	0.00503
5	0.01038	0.00967	0.03817	0.05952	0.60865	0.03749	0.03215	0.03295	0.00923	0.07537	0.00788	0.00985	0.00631	0.00381	0.00428	0.00120	0.04139	0.00350	0.00219	0.00600
6	0.02344	0.23936	0.19442	0.02414	0.02583	0.04934	0.07751	0.09345	0.14488	0.05246	0.00867	0.00932	0.00663	0.00411	0.00380	0.00115	0.03020	0.00320	0.00248	0.00560
7	0.00562	0.00422	0.00584	0.00581	0.00638	0.00473	0.00431	0.00666	0.00641	0.00895	0.01336	0.04754	0.07572	0.19734	0.55473	0.00508	0.03667	0.00504	0.00232	0.00327
8	0.00588	0.00472	0.01941	0.00570	0.00661	0.00446	0.00418	0.04282	0.09672	0.01224	0.13580	0.48907	0.13712	0.01015	0.00472	0.00145	0.00241	0.00900	0.00375	0.00379
9	0.02194	0.00917	0.03509	0.07696	0.26646	0.03659	0.09822	0.11648	0.01061	0.23142	0.00986	0.01106	0.00722	0.02979	0.00442	0.00127	0.00456	0.00372	0.00297	0.02222
10	0.08939	0.03316	0.10387	0.07654	0.36033	0.09737	0.11146	0.01247	0.03031	0.01253	0.00718	0.00914	0.00576	0.00374	0.00403	0.00120	0.03071	0.00333	0.00199	0.00548
11	0.00642	0.00436	0.00546	0.00525	0.00642	0.00403	0.00405	0.00831	0.03789	0.07424	0.45307	0.07518	0.19910	0.00861	0.00466	0.00133	0.00224	0.09140	0.00409	0.00388
12	0.02329	0.07811	0.04433	0.08955	0.07871	0.00875	0.09059	0.10684	0.18339	0.03590	0.06663	0.12978	0.03574	0.00577	0.00407	0.00128	0.00390	0.00509	0.00308	0.00520
13	0.01005	0.00941	0.01498	0.09054	0.62772	0.03139	0.03440	0.05775	0.04772	0.02639	0.00796	0.00999	0.00644	0.00371	0.00390	0.00119	0.00471	0.00355	0.00218	0.00602
14	0.00565	0.00430	0.00582	0.00586	0.00688	0.00402	0.02966	0.00725	0.00964	0.01287	0.32932	0.11806	0.18053	0.00952	0.00491	0.00146	0.00260	0.25423	0.00383	0.00360
15	0.03515	0.00950	0.05237	0.07104	0.53240	0.00942	0.02815	0.04764	0.05911	0.05088	0.00813	0.00999	0.00649	0.00397	0.00443	0.00123	0.05839	0.00353	0.00226	0.00592
16	0.03686	0.00703	0.03630	0.03355	0.09563	0.04206	0.00590	0.05481	0.01004	0.17587	0.23840	0.06588	0.01702	0.07574	0.00532	0.00138	0.00333	0.00500	0.01270	0.07718
17	0.03839	0.07188	0.06486	0.00808	0.04035	0.00716	0.09080	0.01215	0.07774	0.12894	0.08029	0.01355	0.03390	0.07164	0.00490	0.00124	0.00367	0.00386	0.00289	0.24372
18	0.01014	0.03427	0.01209	0.01086	0.15623	0.03178	0.10081	0.08154	0.03127	0.07956	0.01966	0.00960	0.00682	0.00359	0.00362	0.00093	0.01388	0.00316	0.00259	0.38759

[dist]
# distance from previous block
# <min> <max>
1	5

[block]
# block no. 6 follows, 69 sequences, length 21
# corresponding to MSA columns:
# 731-734,737-753
name=unknown_G
#
# <colnr> <probs for GDERKNQSTAVLIFYWHMCP>
#	G	D	E	R	K	N	Q	S	T	A	V	L	I	F	Y	W	H	M	C	P
0	0.00599	0.00423	0.00480	0.00482	0.00511	0.02799	0.00303	0.00611	0.00652	0.00863	0.06323	0.14093	0.03805	0.49833	0.03010	0.11480	0.00356	0.00613	0.00260	0.02503
1	0.02960	0.48534	0.06911	0.00871	0.03526	0.12267	0.05785	0.04374	0.02986	0.03990	0.00695	0.00837	0.00591	0.00386	0.00329	0.00101	0.02009	0.02124	0.00206	0.00515
2	0.00803	0.02553	0.31415	0.03221	0.03013	0.00705	0.05297	0.02768	0.00875	0.05590	0.11954	0.01394	0.02885	0.07396	0.05116	0.00162	0.00467	0.00396	0.00248	0.13741
3	0.09985	0.30718	0.05767	0.01894	0.09721	0.07228	0.03576	0.12225	0.04622	0.02942	0.00752	0.01611	0.00611	0.00388	0.00320	0.00104	0.00432	0.00290	0.03201	0.03611
4	0.04930	0.10630	0.08807	0.02772	0.07652	0.40640	0.04659	0.08075	0.01054	0.03501	0.02126	0.00828	0.00596	0.00403	0.00368	0.00109	0.01831	0.00290	0.00222	0.00507
5	0.00489	0.00354	0.00456	0.00525	0.00558	0.00334	0.00352	0.00557	0.00742	0.00980	0.02192	0.66447	0.10031	0.09070	0.04773	0.00200	0.00279	0.01004	0.00345	0.00314
6	0.00693	0.00650	0.03165	0.00789	0.00829	0.00787	0.00639	0.00792	0.00642	0.00937	0.01036	0.11410	0.02689	0.11331	0.21004	0.00302	0.39130	0.02582	0.00220	0.00375
7	0.00764	0.00721	0.01219	0.76710	0.11084	0.00877	0.01101	0.01022	0.00795	0.01031	0.00701	0.01037	0.00533	0.00388	0.00392	0.00129	0.00517	0.00348	0.00176	0.00455
8	0.03448	0.08668	0.03259	0.11854	0.05123	0.02714	0.00771	0.01093	0.03329	0.05111	0.00698	0.00933	0.00597	0.02700	0.00707	0.00130	0.30139	0.00314	0.00211	0.18199
9	0.04041	0.04539	0.04082	0.04741	0.02871	0.08730	0.01488	0.11712	0.11927	0.11316	0.02713	0.01137	0.00821	0.00431	0.00357	0.00104	0.00391	0.03040	0.00302	0.25259
10	0.00980	0.41973	0.13294	0.03962	0.03307	0.02223	0.02355	0.09712	0.05139	0.01195	0.00885	0.04780	0.03575	0.00507	0.02512	0.00120	0.02410	0.00333	0.00222	0.00518
11	0.00734	0.06066	0.08292	0.02807	0.00803	0.05185	0.00524	0.02478	0.00782	0.04553	0.07465	0.10234	0.07829	0.28405	0.08705	0.00255	0.03695	0.00549	0.00268	0.00372
12	0.03893	0.00687	0.02530	0.06137	0.00940	0.06726	0.00542	0.03303	0.07545	0.16470	0.18390	0.09585	0.09587	0.03692	0.00475	0.00135	0.00326	0.04265	0.00360	0.04411
13	0.03931	0.05301	0.13525	0.03504	0.13105	0.05382	0.05862	0.13589	0.02102	0.02532	0.04690	0.01102	0.03119	0.00571	0.05670	0.00141	0.00480	0.00349	0.00250	0.14794
14	0.02815	0.05561	0.08722	0.15983	0.18262	0.03444	0.04704	0.01181	0.05122	0.08209	0.06062	0.02364	0.04474	0.02796	0.00449	0.00128	0.02047	0.02467	0.00254	0.04956
15	0.03354	0.07047	0.19373	0.04935	0.14492	0.04286	0.00878	0.09039	0.00939	0.02085	0.03275	0.03449	0.06536	0.02340	0.00439	0.00120	0.03586	0.01867	0.00240	0.11721
16	0.00943	0.04744	0.08834	0.08413	0.09998	0.00768	0.01544	0.11192	0.03489	0.08715	0.07983	0.05041	0.01992	0.05901	0.00508	0.00133	0.02590	0.02943	0.03254	0.11015
17	0.02662	0.07864	0.10791	0.08773	0.16655	0.06513	0.03313	0.04243	0.02363	0.09345	0.03647	0.03148	0.03146	0.00449	0.00372	0.00112	0.00433	0.03076	0.00255	0.12841
18	0.05302	0.02041	0.06939	0.08470	0.11732	0.02599	0.05700	0.09562	0.04410	0.12321	0.03106	0.04098	0.04213	0.03154	0.00430	0.00123	0.00404	0.01320	0.00288	0.13789
19	0.05548	0.07012	0.11022	0.06387	0.12171	0.09135	0.08481	0.08876	0.04059	0.07845	0.03186	0.03595	0.01992	0.00451	0.00379	0.00117	0.00461	0.02613	0.00261	0.06409
20	0.02831	0.06348	0.07516	0.03987	0.05295	0.00739	0.03357	0.07261	0.10263	0.11386	0.09708	0.08413	0.07398	0.00601	0.01597	0.00125	0.00359	0.01278	0.00321	0.11217

[dist]
# distance from previous block
# <min> <max>
12	428

# created by:
# /home/cegg/simao/soft/augustus-3.2.1/scripts/msa2prfl.pl ./align_prep/EOG092C4C2A.fa
