[name]
unknown

[dist]
# distance from previous block
# <min> <max>
0	49

[block]
# block no. 0 follows, 63 sequences, length 11
# corresponding to MSA columns:
# 62-72
name=unknown_A
#
# <colnr> <probs for GDERKNQSTAVLIFYWHMCP>
#	G	D	E	R	K	N	Q	S	T	A	V	L	I	F	Y	W	H	M	C	P
0	0.00788	0.00637	0.00797	0.02753	0.00999	0.05940	0.02766	0.04558	0.01025	0.01304	0.01999	0.04139	0.02132	0.01047	0.00554	0.00182	0.00427	0.67170	0.00368	0.00415
1	0.60452	0.00814	0.00743	0.00620	0.00905	0.00879	0.00510	0.06562	0.00897	0.16498	0.00818	0.00853	0.00590	0.00415	0.00304	0.00125	0.00339	0.00274	0.00317	0.07084
2	0.06605	0.00874	0.01406	0.03447	0.56240	0.00879	0.03150	0.01200	0.02662	0.01447	0.13359	0.01474	0.04485	0.00482	0.00424	0.00128	0.00434	0.00450	0.00262	0.00592
3	0.01441	0.00727	0.01110	0.00968	0.06588	0.00663	0.09313	0.01658	0.02747	0.48955	0.08590	0.01971	0.01417	0.00610	0.00458	0.00140	0.00395	0.11186	0.00441	0.00623
4	0.01045	0.00981	0.01696	0.07954	0.66895	0.00989	0.07245	0.01324	0.02824	0.03748	0.00839	0.01077	0.00682	0.00385	0.00423	0.00128	0.00511	0.00387	0.00221	0.00646
5	0.00988	0.00945	0.01609	0.11343	0.62465	0.00965	0.05286	0.01278	0.03918	0.01370	0.05086	0.01183	0.00848	0.00411	0.00425	0.00128	0.00495	0.00405	0.00227	0.00625
6	0.00942	0.00791	0.00852	0.00774	0.00972	0.00895	0.00592	0.01884	0.62973	0.01676	0.14451	0.01906	0.01726	0.06979	0.00567	0.00161	0.00317	0.00531	0.00420	0.00592
7	0.00815	0.00769	0.01299	0.77138	0.09806	0.00940	0.01178	0.01093	0.00851	0.01100	0.00751	0.01114	0.00570	0.00416	0.00420	0.00139	0.00555	0.00374	0.00189	0.00484
8	0.00999	0.00960	0.01549	0.02270	0.68692	0.03823	0.01170	0.01231	0.00927	0.01308	0.00831	0.01113	0.00714	0.00752	0.11656	0.00199	0.00593	0.00381	0.00211	0.00620
9	0.00596	0.00410	0.00454	0.00454	0.00473	0.00400	0.00263	0.00610	0.00658	0.00858	0.01721	0.02926	0.12467	0.73848	0.01918	0.00372	0.00381	0.00649	0.00273	0.00268
10	0.23308	0.00802	0.00925	0.00729	0.01040	0.00791	0.00602	0.12548	0.01186	0.51903	0.01304	0.01188	0.00851	0.00486	0.00382	0.00130	0.00364	0.00368	0.00442	0.00651

[dist]
# distance from previous block
# <min> <max>
0	24

[block]
# block no. 1 follows, 63 sequences, length 8
# corresponding to MSA columns:
# 97-104
name=unknown_B
#
# <colnr> <probs for GDERKNQSTAVLIFYWHMCP>
#	G	D	E	R	K	N	Q	S	T	A	V	L	I	F	Y	W	H	M	C	P
0	0.00653	0.00494	0.00612	0.00577	0.00696	0.00484	0.00440	0.00978	0.11774	0.01656	0.65353	0.03035	0.06794	0.00842	0.00490	0.00136	0.00224	0.03879	0.00452	0.00430
1	0.01040	0.00999	0.01706	0.02580	0.82604	0.00999	0.01290	0.01290	0.00957	0.01373	0.00791	0.01040	0.00666	0.00375	0.00416	0.00125	0.00499	0.00375	0.00208	0.00666
2	0.00814	0.00768	0.01297	0.77599	0.09356	0.00939	0.01177	0.01092	0.00850	0.01098	0.00751	0.01114	0.00569	0.00417	0.00420	0.00139	0.00555	0.00374	0.00189	0.00483
3	0.00773	0.00555	0.00676	0.00680	0.00815	0.00562	0.00537	0.01149	0.18613	0.06645	0.13098	0.17942	0.12252	0.00967	0.00507	0.00160	0.00301	0.22896	0.00416	0.00458
4	0.00516	0.00412	0.00464	0.00495	0.00599	0.00360	0.00363	0.00622	0.00926	0.01150	0.07231	0.27115	0.51634	0.01132	0.00513	0.00153	0.00231	0.05336	0.00394	0.00355
5	0.25106	0.03333	0.01096	0.00981	0.06107	0.27428	0.00734	0.17637	0.03849	0.04202	0.00774	0.00861	0.00602	0.00455	0.00413	0.00124	0.05164	0.00303	0.00283	0.00548
6	0.01078	0.00874	0.01323	0.04405	0.08229	0.00823	0.17522	0.07490	0.10118	0.10810	0.01098	0.06053	0.00883	0.00457	0.00411	0.00115	0.00436	0.00427	0.00308	0.27141
7	0.01133	0.01151	0.01376	0.24109	0.30369	0.19917	0.01066	0.03985	0.05864	0.03442	0.00825	0.01035	0.00654	0.00430	0.00437	0.00128	0.02919	0.00358	0.00232	0.00568

[dist]
# distance from previous block
# <min> <max>
1	2

[block]
# block no. 2 follows, 63 sequences, length 8
# corresponding to MSA columns:
# 107-114
name=unknown_C
#
# <colnr> <probs for GDERKNQSTAVLIFYWHMCP>
#	G	D	E	R	K	N	Q	S	T	A	V	L	I	F	Y	W	H	M	C	P
0	0.01125	0.02298	0.09632	0.12425	0.01599	0.06877	0.17058	0.06448	0.04726	0.13839	0.02220	0.01274	0.02948	0.00457	0.00416	0.00124	0.00501	0.01445	0.04510	0.10079
1	0.00815	0.00733	0.01164	0.67686	0.02500	0.00886	0.01053	0.05923	0.00927	0.01187	0.01105	0.01562	0.06329	0.00520	0.00436	0.00143	0.00519	0.05813	0.00229	0.00469
2	0.00662	0.00574	0.00709	0.09446	0.06487	0.06183	0.00572	0.00785	0.00882	0.01132	0.05692	0.51434	0.07473	0.01053	0.00503	0.00158	0.00333	0.05180	0.00348	0.00392
3	0.01087	0.01104	0.01597	0.02143	0.58418	0.11155	0.06381	0.01393	0.06942	0.01369	0.03740	0.01125	0.00811	0.00412	0.00421	0.00125	0.00522	0.00391	0.00235	0.00628
4	0.01200	0.06507	0.10947	0.01444	0.23414	0.12272	0.08414	0.05540	0.03545	0.11496	0.00956	0.01067	0.02038	0.00428	0.00422	0.00121	0.02290	0.00363	0.00266	0.07270
5	0.01303	0.01638	0.11594	0.01264	0.11950	0.42598	0.04808	0.09132	0.01167	0.01317	0.02741	0.00993	0.02596	0.00443	0.00398	0.00116	0.00629	0.00336	0.00241	0.04735
6	0.01218	0.03853	0.06840	0.04614	0.10861	0.05585	0.20859	0.06339	0.03358	0.20772	0.04960	0.05183	0.02587	0.00504	0.00441	0.00133	0.00503	0.00470	0.00323	0.00597
7	0.03825	0.05047	0.15665	0.01238	0.17147	0.05361	0.06559	0.05969	0.03222	0.07017	0.09231	0.05667	0.02120	0.00514	0.00414	0.00124	0.00459	0.01402	0.00287	0.08733

[dist]
# distance from previous block
# <min> <max>
4	22

[block]
# block no. 3 follows, 63 sequences, length 97
# corresponding to MSA columns:
# 137-222,224-234
name=unknown_D
#
# <colnr> <probs for GDERKNQSTAVLIFYWHMCP>
#	G	D	E	R	K	N	Q	S	T	A	V	L	I	F	Y	W	H	M	C	P
0	0.10638	0.24278	0.09851	0.01258	0.20400	0.06592	0.03071	0.06374	0.02447	0.07328	0.00793	0.00900	0.00626	0.00398	0.00355	0.00115	0.00480	0.00309	0.00245	0.03542
1	0.14530	0.12702	0.22333	0.00933	0.03753	0.07140	0.03914	0.04803	0.00953	0.06538	0.01731	0.00894	0.00628	0.00393	0.00350	0.00111	0.00474	0.00296	0.00245	0.17280
2	0.02824	0.07089	0.46741	0.01340	0.15279	0.05279	0.02733	0.01428	0.02758	0.09421	0.00854	0.00962	0.00624	0.00409	0.00395	0.00128	0.00560	0.00330	0.00227	0.00623
3	0.00864	0.02502	0.08395	0.00777	0.04831	0.00560	0.01613	0.02477	0.02065	0.14404	0.17847	0.32199	0.03327	0.03104	0.00518	0.00150	0.00322	0.00762	0.00384	0.02900
4	0.00728	0.00594	0.00739	0.02328	0.07189	0.00605	0.00535	0.01158	0.20660	0.01586	0.43427	0.02691	0.14545	0.00773	0.00472	0.00136	0.00263	0.00672	0.00419	0.00478
5	0.00872	0.00849	0.01336	0.61575	0.16128	0.04662	0.02279	0.01134	0.00880	0.01138	0.02496	0.01129	0.00651	0.00430	0.00446	0.00137	0.02779	0.00379	0.00198	0.00501
6	0.01029	0.01524	0.32623	0.11192	0.01667	0.11069	0.04318	0.08949	0.00988	0.02864	0.01910	0.00985	0.00631	0.00542	0.02284	0.00151	0.16146	0.00349	0.00221	0.00557
7	0.00610	0.00465	0.00557	0.00563	0.03387	0.00418	0.00403	0.00787	0.02820	0.03663	0.39277	0.03410	0.40255	0.00923	0.00490	0.00137	0.00223	0.00791	0.00421	0.00401
8	0.01000	0.00846	0.04571	0.00719	0.01092	0.00657	0.02848	0.04723	0.05397	0.08288	0.00891	0.00971	0.00694	0.00357	0.00341	0.00081	0.00348	0.00291	0.00285	0.65601
9	0.01004	0.01030	0.02116	0.04732	0.01983	0.00968	0.62470	0.01345	0.02808	0.05555	0.03659	0.01282	0.00817	0.00401	0.00478	0.00137	0.00627	0.02096	0.00247	0.06244
10	0.00759	0.00493	0.00644	0.00606	0.00743	0.00454	0.00480	0.02105	0.01131	0.09398	0.50494	0.04893	0.05166	0.00865	0.00495	0.00141	0.00260	0.15512	0.00439	0.04922
11	0.01437	0.00942	0.01078	0.00812	0.01158	0.00922	0.00666	0.38943	0.01464	0.19958	0.01071	0.01060	0.00758	0.00448	0.00387	0.00107	0.00393	0.00348	0.00389	0.27656
12	0.01527	0.01147	0.01251	0.01007	0.03542	0.01276	0.00805	0.71403	0.07830	0.02513	0.01045	0.01050	0.00752	0.00511	0.00442	0.00129	0.02272	0.00385	0.00410	0.00704
13	0.05942	0.01075	0.01119	0.00879	0.01195	0.09345	0.00718	0.40421	0.01554	0.31675	0.01189	0.01121	0.00803	0.00498	0.00409	0.00126	0.00448	0.00376	0.00428	0.00679
14	0.00551	0.00393	0.00529	0.00624	0.00663	0.00375	0.00450	0.00649	0.00835	0.01107	0.02269	0.64909	0.02665	0.03641	0.00591	0.00182	0.00280	0.18551	0.00386	0.00349
15	0.00611	0.00408	0.00463	0.00463	0.00465	0.00410	0.00260	0.00614	0.00613	0.00819	0.01320	0.02728	0.01518	0.83486	0.03866	0.00413	0.00423	0.00608	0.00254	0.00257
16	0.00597	0.00402	0.00463	0.00476	0.00480	0.00398	0.00274	0.00608	0.00639	0.00851	0.01464	0.14307	0.01704	0.73430	0.01914	0.00374	0.00385	0.00693	0.00274	0.00267
17	0.01167	0.01094	0.03850	0.03048	0.06741	0.01035	0.51469	0.11645	0.03479	0.10666	0.00979	0.01153	0.00709	0.00402	0.00468	0.00137	0.00610	0.00459	0.00278	0.00611
18	0.00835	0.00664	0.00933	0.00838	0.00893	0.00841	0.00670	0.00946	0.00696	0.07291	0.00946	0.01445	0.00891	0.10799	0.33703	0.00397	0.36122	0.00431	0.00234	0.00424
19	0.01570	0.02004	0.01191	0.01083	0.01300	0.83539	0.00812	0.01679	0.01191	0.01029	0.00650	0.00758	0.00541	0.00433	0.00379	0.00108	0.00758	0.00271	0.00217	0.00487
20	0.01006	0.04421	0.32696	0.01109	0.04713	0.02116	0.05607	0.04714	0.34929	0.02604	0.01177	0.01196	0.00873	0.00472	0.00414	0.00135	0.00487	0.00393	0.00300	0.00639
21	0.01784	0.02474	0.02272	0.00822	0.01149	0.05963	0.02470	0.10810	0.01273	0.64224	0.01471	0.01313	0.00947	0.00505	0.00418	0.00128	0.00408	0.00405	0.00472	0.00693
22	0.00508	0.00381	0.00472	0.00546	0.00599	0.00345	0.00373	0.00590	0.00843	0.01089	0.02799	0.64859	0.22562	0.01254	0.00527	0.00164	0.00236	0.01119	0.00390	0.00345
23	0.18976	0.00719	0.00977	0.05156	0.20575	0.00739	0.02968	0.01170	0.04267	0.06908	0.29476	0.01814	0.03428	0.00580	0.00417	0.00131	0.00345	0.00500	0.00340	0.00513
24	0.00872	0.00747	0.00872	0.00623	0.00996	0.00560	0.00498	0.01058	0.00872	0.01370	0.00747	0.00872	0.00623	0.00311	0.00311	0.00062	0.00311	0.00249	0.00249	0.87796
25	0.00872	0.00747	0.00872	0.00623	0.00996	0.00560	0.00498	0.01058	0.00872	0.01370	0.00747	0.00872	0.00623	0.00311	0.00311	0.00062	0.00311	0.00249	0.00249	0.87796
26	0.00601	0.00450	0.00676	0.00676	0.00751	0.00525	0.00525	0.00751	0.00676	0.00976	0.01126	0.01651	0.01051	0.03153	0.83560	0.00676	0.01126	0.00450	0.00225	0.00375
27	0.01142	0.01109	0.01547	0.22178	0.01897	0.10201	0.21018	0.19960	0.05076	0.01532	0.00849	0.01059	0.00648	0.00465	0.00536	0.00138	0.09423	0.00398	0.00262	0.00561
28	0.00577	0.00429	0.00537	0.00510	0.00617	0.00389	0.00382	0.00758	0.01147	0.01584	0.67883	0.03308	0.18529	0.00897	0.00496	0.00134	0.00201	0.00784	0.00449	0.00389
29	0.00514	0.00374	0.00485	0.00573	0.00610	0.00345	0.00389	0.00592	0.00822	0.01082	0.02502	0.75740	0.10421	0.01290	0.00534	0.00168	0.00243	0.02581	0.00390	0.00344
30	0.00563	0.00427	0.00518	0.00497	0.00609	0.00382	0.00372	0.00730	0.01110	0.01501	0.56338	0.04918	0.28636	0.00932	0.00497	0.00136	0.00204	0.00808	0.00439	0.00382
31	0.01124	0.85479	0.02203	0.00719	0.01079	0.01663	0.00719	0.01259	0.00854	0.00989	0.00584	0.00674	0.00539	0.00360	0.00270	0.00090	0.00450	0.00225	0.00180	0.00539
32	0.01046	0.00903	0.00951	0.00855	0.01093	0.01046	0.00665	0.02234	0.81845	0.01759	0.01711	0.01568	0.01283	0.00570	0.00428	0.00143	0.00333	0.00475	0.00428	0.00665
33	0.01572	0.01944	0.01196	0.01075	0.01300	0.77658	0.00811	0.07365	0.01247	0.01145	0.00675	0.00776	0.00554	0.00438	0.00382	0.00110	0.00737	0.00278	0.00231	0.00504
34	0.00611	0.00408	0.00458	0.00458	0.00458	0.00408	0.00255	0.00611	0.00611	0.00815	0.01325	0.02751	0.01528	0.85226	0.02140	0.00408	0.00408	0.00611	0.00255	0.00255
35	0.00512	0.00403	0.00455	0.00488	0.00584	0.00352	0.00348	0.00602	0.00901	0.01121	0.06099	0.32151	0.49733	0.01157	0.00543	0.02614	0.00228	0.00976	0.00387	0.00347
36	0.01557	0.01682	0.01204	0.01035	0.01292	0.52675	0.00801	0.28086	0.04952	0.01598	0.00815	0.00877	0.00631	0.00463	0.00395	0.00116	0.00642	0.00315	0.00293	0.00571
37	0.00727	0.00610	0.00811	0.06307	0.00864	0.00753	0.00564	0.00784	0.00653	0.00922	0.01083	0.08070	0.01207	0.43112	0.01634	0.00292	0.30474	0.00552	0.00235	0.00349
38	0.01350	0.01021	0.01091	0.00890	0.01176	0.01142	0.00718	0.44971	0.32607	0.04051	0.01312	0.01262	0.00959	0.00529	0.00417	0.00131	0.00397	0.00417	0.04877	0.00679
39	0.00532	0.00410	0.00486	0.00503	0.00599	0.00364	0.00364	0.00658	0.00987	0.01290	0.28182	0.26741	0.35228	0.01072	0.00508	0.00147	0.00217	0.00935	0.00413	0.00364
40	0.08152	0.01122	0.05795	0.04372	0.04143	0.01053	0.60229	0.01337	0.03288	0.01379	0.00831	0.01086	0.00631	0.00385	0.00504	0.00142	0.04322	0.00452	0.00219	0.00558
41	0.01272	0.01246	0.01324	0.14979	0.21403	0.29002	0.02936	0.01457	0.01030	0.11881	0.00875	0.01107	0.00696	0.00467	0.00478	0.00129	0.06333	0.02579	0.00252	0.00555
42	0.01022	0.00980	0.01673	0.08622	0.76705	0.00994	0.01281	0.01274	0.00949	0.01351	0.00788	0.01046	0.00658	0.00378	0.00416	0.00126	0.00504	0.00374	0.00207	0.00651
43	0.00511	0.00393	0.00468	0.00520	0.00595	0.00350	0.00363	0.00605	0.00888	0.01135	0.08022	0.48377	0.33884	0.01190	0.00519	0.00157	0.00229	0.01048	0.00395	0.00350
44	0.01011	0.39318	0.29994	0.00883	0.01334	0.01237	0.00978	0.05255	0.00925	0.01249	0.00690	0.00795	0.00559	0.00373	0.00329	0.00102	0.00488	0.00266	0.00202	0.14011
45	0.00537	0.00408	0.00502	0.00552	0.00631	0.00365	0.00391	0.00635	0.00871	0.01137	0.05960	0.52783	0.23426	0.01176	0.00515	0.00157	0.00244	0.04643	0.00386	0.04681
46	0.00568	0.01740	0.00550	0.00546	0.00630	0.00411	0.00397	0.00713	0.02078	0.01323	0.33093	0.30995	0.18530	0.03119	0.00558	0.00155	0.01236	0.02574	0.00409	0.00373
47	0.00977	0.02529	0.22401	0.17290	0.17708	0.00963	0.08737	0.07974	0.02731	0.02596	0.00821	0.01013	0.00624	0.00397	0.00405	0.00124	0.00529	0.00355	0.00228	0.11600
48	0.44807	0.00868	0.00837	0.00703	0.00982	0.00960	0.00573	0.13945	0.14948	0.16040	0.01031	0.01016	0.00739	0.00462	0.00342	0.00132	0.00353	0.00327	0.00359	0.00577
49	0.00685	0.00464	0.00640	0.00722	0.00809	0.00454	0.00599	0.00845	0.00931	0.04378	0.02206	0.23220	0.02431	0.02974	0.00598	0.00190	0.00353	0.56724	0.00390	0.00386
50	0.00669	0.00478	0.00668	0.00765	0.00858	0.00477	0.00663	0.00857	0.00960	0.01249	0.02230	0.08787	0.02438	0.01169	0.00578	0.00192	0.00380	0.75811	0.00387	0.00385
51	0.01122	0.83402	0.02172	0.00723	0.01079	0.01648	0.00718	0.01283	0.02843	0.01008	0.00612	0.00696	0.00558	0.00365	0.00274	0.00091	0.00447	0.00231	0.00186	0.00543
52	0.00827	0.00488	0.00506	0.00488	0.00609	0.00510	0.00369	0.03367	0.12682	0.01604	0.03377	0.05676	0.01249	0.00551	0.00334	0.00110	0.00226	0.00452	0.66140	0.00438
53	0.00518	0.00370	0.00493	0.00588	0.00614	0.00347	0.00396	0.00594	0.00806	0.01074	0.02298	0.81332	0.02749	0.02733	0.00565	0.00175	0.00251	0.03368	0.00388	0.00341
54	0.00595	0.00437	0.00631	0.00652	0.00715	0.00486	0.00495	0.00725	0.00712	0.00999	0.01401	0.13994	0.01448	0.09585	0.58266	0.00543	0.00881	0.06811	0.00264	0.00361
55	0.01886	0.00715	0.00976	0.00748	0.01073	0.00618	0.00618	0.02049	0.01203	0.82895	0.01658	0.01431	0.01041	0.00520	0.00423	0.00130	0.00358	0.00423	0.00520	0.00715
56	0.01081	0.01019	0.01609	0.02320	0.69830	0.02525	0.01202	0.05730	0.07826	0.01469	0.00878	0.01078	0.00718	0.00399	0.00417	0.00126	0.00488	0.00381	0.00238	0.00665
57	0.00978	0.00496	0.00540	0.00490	0.00636	0.00495	0.00380	0.04950	0.04622	0.12541	0.03113	0.01556	0.01126	0.00506	0.00327	0.00106	0.00236	0.00407	0.66033	0.00463
58	0.00822	0.00858	0.00749	0.04295	0.00933	0.18817	0.02774	0.01060	0.09450	0.01204	0.06326	0.02814	0.46669	0.00817	0.00460	0.00134	0.00374	0.00670	0.00345	0.00429
59	0.00853	0.00731	0.00849	0.00613	0.00975	0.00550	0.00489	0.01036	0.00876	0.01358	0.00923	0.01030	0.04712	0.00349	0.00321	0.00066	0.00306	0.00281	0.00256	0.83425
60	0.00643	0.00450	0.00488	0.00491	0.00609	0.00431	0.00368	0.00870	0.07522	0.01344	0.08217	0.12169	0.33030	0.00925	0.02641	0.00147	0.00249	0.02669	0.26344	0.00394
61	0.00520	0.00426	0.00454	0.00448	0.00576	0.00365	0.00333	0.00642	0.00993	0.01235	0.19772	0.03821	0.64044	0.03842	0.00552	0.00149	0.00217	0.00853	0.00400	0.00360
62	0.01112	0.00936	0.00988	0.00869	0.01118	0.01077	0.00681	0.11726	0.72244	0.01866	0.01627	0.01501	0.01215	0.00562	0.00427	0.00141	0.00348	0.00464	0.00427	0.00671
63	0.01229	0.61130	0.01913	0.00784	0.01132	0.01544	0.00735	0.19728	0.05837	0.01416	0.00748	0.00804	0.00623	0.00405	0.00314	0.00101	0.00446	0.00275	0.00250	0.00587
64	0.00784	0.00392	0.00392	0.00392	0.00490	0.00392	0.00294	0.00980	0.00882	0.01567	0.01371	0.01567	0.01077	0.00490	0.00294	0.00098	0.00196	0.00392	0.87560	0.00392
65	0.00610	0.00446	0.00575	0.00540	0.00644	0.00418	0.00406	0.00842	0.03891	0.01688	0.79681	0.03087	0.03877	0.00850	0.00494	0.00133	0.00203	0.00751	0.00462	0.00406
66	0.00626	0.00456	0.00612	0.00695	0.00786	0.00443	0.00580	0.00788	0.00942	0.01217	0.03551	0.17979	0.12671	0.01171	0.00562	0.00182	0.00339	0.55634	0.00389	0.00376
67	0.07139	0.00760	0.00977	0.00754	0.01076	0.00695	0.00623	0.08579	0.01238	0.71272	0.01539	0.01350	0.00978	0.00511	0.00413	0.00130	0.00364	0.00407	0.00496	0.00699
68	0.00843	0.02174	0.83048	0.01198	0.01819	0.00976	0.01553	0.01331	0.00888	0.01331	0.00754	0.00888	0.00533	0.00399	0.00399	0.00133	0.00621	0.00311	0.00178	0.00621
69	0.00512	0.00366	0.00488	0.00585	0.00610	0.00341	0.00390	0.00585	0.00805	0.01073	0.02317	0.84952	0.02780	0.01317	0.00537	0.00171	0.00244	0.01195	0.00390	0.00341
70	0.00843	0.02174	0.83048	0.01198	0.01819	0.00976	0.01553	0.01331	0.00888	0.01331	0.00754	0.00888	0.00533	0.00399	0.00399	0.00133	0.00621	0.00311	0.00178	0.00621
71	0.01040	0.00999	0.01706	0.02580	0.82604	0.00999	0.01290	0.01290	0.00957	0.01373	0.00791	0.01040	0.00666	0.00375	0.00416	0.00125	0.00499	0.00375	0.00208	0.00666
72	0.00515	0.00368	0.00492	0.00589	0.00615	0.00344	0.00396	0.00591	0.00808	0.01077	0.02315	0.83376	0.02773	0.01314	0.00537	0.00171	0.00247	0.02739	0.00390	0.00342
73	0.88196	0.00813	0.00618	0.00553	0.00813	0.00943	0.00455	0.01236	0.00715	0.01886	0.00585	0.00683	0.00455	0.00390	0.00260	0.00130	0.00325	0.00228	0.00260	0.00455
74	0.00960	0.00810	0.01002	0.00758	0.01077	0.00732	0.04299	0.07907	0.06778	0.03211	0.00964	0.02691	0.02733	0.00425	0.00435	0.00092	0.07127	0.00335	0.00281	0.57380
75	0.01005	0.00971	0.01680	0.13671	0.68121	0.00993	0.04864	0.01263	0.00943	0.01331	0.00787	0.01056	0.00650	0.00380	0.00420	0.00128	0.00517	0.00380	0.00205	0.00634
76	0.00602	0.00446	0.00651	0.00651	0.00718	0.00512	0.00495	0.00735	0.00668	0.00958	0.01148	0.01774	0.01104	0.12317	0.74469	0.00646	0.01046	0.00468	0.00228	0.00362
77	0.00798	0.00752	0.01269	0.82774	0.04304	0.00935	0.01170	0.01078	0.00843	0.01079	0.00748	0.01119	0.00562	0.00419	0.00420	0.00140	0.00559	0.00374	0.00187	0.00470
78	0.00515	0.00410	0.00462	0.00489	0.00592	0.00358	0.00355	0.00622	0.00937	0.01173	0.11145	0.27052	0.50463	0.01119	0.00510	0.00150	0.00224	0.02670	0.00397	0.00356
79	0.01886	0.00715	0.00976	0.00748	0.01073	0.00618	0.00618	0.02049	0.01203	0.82895	0.01658	0.01431	0.01041	0.00520	0.00423	0.00130	0.00358	0.00423	0.00520	0.00715
80	0.00512	0.00366	0.00488	0.00585	0.00610	0.00341	0.00390	0.00585	0.00805	0.01073	0.02317	0.84952	0.02780	0.01317	0.00537	0.00171	0.00244	0.01195	0.00390	0.00341
81	0.00885	0.00853	0.01393	0.53868	0.24585	0.03334	0.03433	0.01151	0.00892	0.01170	0.00817	0.01229	0.00663	0.00435	0.00426	0.00137	0.00547	0.03460	0.00202	0.00522
82	0.00529	0.00409	0.00483	0.00502	0.00597	0.00363	0.00362	0.00651	0.00977	0.01271	0.25624	0.27991	0.36566	0.01082	0.00508	0.00148	0.00218	0.00944	0.00411	0.00363
83	0.01886	0.00715	0.00976	0.00748	0.01073	0.00618	0.00618	0.02049	0.01203	0.82895	0.01658	0.01431	0.01041	0.00520	0.00423	0.00130	0.00358	0.00423	0.00520	0.00715
84	0.00852	0.00806	0.01365	0.65069	0.21591	0.00949	0.01196	0.01125	0.00868	0.01144	0.00757	0.01102	0.00585	0.00410	0.00419	0.00137	0.00546	0.00374	0.00192	0.00514
85	0.01124	0.85479	0.02203	0.00719	0.01079	0.01663	0.00719	0.01259	0.00854	0.00989	0.00584	0.00674	0.00539	0.00360	0.00270	0.00090	0.00450	0.00225	0.00180	0.00539
86	0.00862	0.01265	0.30522	0.00838	0.01295	0.00723	0.00886	0.01156	0.00874	0.01350	0.00746	0.00878	0.00589	0.00350	0.00361	0.00090	0.01861	0.00273	0.00222	0.54857
87	0.00794	0.00738	0.01238	0.81992	0.02831	0.00920	0.01144	0.01072	0.00842	0.01087	0.00764	0.01133	0.00574	0.00422	0.00417	0.00139	0.00551	0.00374	0.02505	0.00465
88	0.00629	0.00397	0.00487	0.00486	0.00520	0.00380	0.00313	0.00592	0.00681	0.00880	0.04107	0.02513	0.19155	0.33804	0.01549	0.32058	0.00343	0.00587	0.00264	0.00255
89	0.00922	0.01733	0.49899	0.01435	0.11923	0.03749	0.15230	0.01373	0.05302	0.01347	0.00858	0.02801	0.00657	0.00419	0.00422	0.00134	0.00602	0.00378	0.00207	0.00609
90	0.00798	0.00752	0.01262	0.81776	0.02843	0.00944	0.01160	0.01072	0.00835	0.01072	0.00741	0.01115	0.00560	0.00430	0.00448	0.00141	0.03023	0.00373	0.00187	0.00467
91	0.00534	0.00398	0.00544	0.00613	0.00650	0.00382	0.01769	0.00617	0.00820	0.01096	0.04672	0.75945	0.05486	0.01262	0.00557	0.00168	0.02616	0.01136	0.00384	0.00351
92	0.01077	0.01099	0.08458	0.02553	0.17975	0.03064	0.10546	0.14045	0.12511	0.01590	0.00934	0.01063	0.00727	0.00431	0.00455	0.00121	0.04868	0.00371	0.00277	0.17835
93	0.00784	0.00392	0.00392	0.00392	0.00490	0.00392	0.00294	0.00980	0.00882	0.01567	0.01371	0.01567	0.01077	0.00490	0.00294	0.00098	0.00196	0.00392	0.87560	0.00392
94	0.02361	0.36107	0.01587	0.00841	0.01165	0.02615	0.00740	0.32754	0.13277	0.01770	0.00948	0.01013	0.00751	0.00464	0.00359	0.00115	0.00439	0.01755	0.00316	0.00622
95	0.00920	0.00920	0.01288	0.01104	0.01104	0.01288	0.00920	0.01012	0.00644	0.01012	0.00552	0.00920	0.00552	0.00736	0.01380	0.00184	0.84457	0.00368	0.00184	0.00460
96	0.03509	0.00969	0.01512	0.06707	0.58538	0.02525	0.02310	0.03409	0.07389	0.04143	0.00902	0.01128	0.00736	0.02652	0.00458	0.00134	0.00482	0.00384	0.00244	0.01868

[dist]
# distance from previous block
# <min> <max>
0	1

[block]
# block no. 4 follows, 63 sequences, length 15
# corresponding to MSA columns:
# 236-250
name=unknown_E
#
# <colnr> <probs for GDERKNQSTAVLIFYWHMCP>
#	G	D	E	R	K	N	Q	S	T	A	V	L	I	F	Y	W	H	M	C	P
0	0.00877	0.00740	0.00798	0.00729	0.00925	0.00817	0.00562	0.01712	0.54133	0.01655	0.18266	0.02237	0.13382	0.00699	0.00451	0.00140	0.00289	0.00591	0.00429	0.00567
1	0.00601	0.00450	0.00676	0.00676	0.00751	0.00525	0.00525	0.00751	0.00676	0.00976	0.01126	0.01651	0.01051	0.03153	0.83560	0.00676	0.01126	0.00450	0.00225	0.00375
2	0.01886	0.00715	0.00976	0.00748	0.01073	0.00618	0.00618	0.02049	0.01203	0.82895	0.01658	0.01431	0.01041	0.00520	0.00423	0.00130	0.00358	0.00423	0.00520	0.00715
3	0.01124	0.85479	0.02203	0.00719	0.01079	0.01663	0.00719	0.01259	0.00854	0.00989	0.00584	0.00674	0.00539	0.00360	0.00270	0.00090	0.00450	0.00225	0.00180	0.00539
4	0.01162	0.78382	0.02117	0.00750	0.01098	0.08624	0.00727	0.01294	0.00883	0.00992	0.00590	0.00681	0.00540	0.00366	0.00279	0.00091	0.00476	0.00229	0.00183	0.00535
5	0.00784	0.00392	0.00392	0.00392	0.00490	0.00392	0.00294	0.00980	0.00882	0.01567	0.01371	0.01567	0.01077	0.00490	0.00294	0.00098	0.00196	0.00392	0.87560	0.00392
6	0.00506	0.00404	0.00454	0.00488	0.00586	0.00352	0.00348	0.00604	0.00911	0.01135	0.06694	0.33566	0.50175	0.01149	0.00511	0.00152	0.00224	0.00995	0.00393	0.00352
7	0.00578	0.00429	0.00539	0.00511	0.00618	0.00390	0.00384	0.00761	0.01151	0.01592	0.69100	0.03294	0.17307	0.00894	0.00496	0.00134	0.00201	0.00782	0.00450	0.00390
8	0.01236	0.31464	0.06973	0.04153	0.01419	0.19663	0.11057	0.12645	0.03053	0.01322	0.00736	0.00857	0.00596	0.00416	0.00391	0.00114	0.02800	0.00312	0.00232	0.00560
9	0.00808	0.00761	0.01286	0.79651	0.07353	0.00938	0.01174	0.01086	0.00847	0.01091	0.00750	0.01116	0.00566	0.00418	0.00420	0.00139	0.00557	0.00374	0.00188	0.00478
10	0.00630	0.00436	0.00538	0.00508	0.00622	0.00395	0.00383	0.00809	0.01126	0.04237	0.59518	0.03163	0.18955	0.00865	0.00481	0.00132	0.00206	0.00751	0.05846	0.00399
11	0.00831	0.00664	0.00926	0.00877	0.03290	0.00674	0.08743	0.06668	0.14516	0.03522	0.07973	0.12969	0.09788	0.00885	0.00507	0.00159	0.00370	0.25773	0.00383	0.00482
12	0.01095	0.01081	0.04954	0.04002	0.32768	0.01019	0.32290	0.08918	0.01079	0.05632	0.02445	0.01130	0.00734	0.00398	0.00449	0.00133	0.00571	0.00430	0.00249	0.00623
13	0.01131	0.08306	0.01395	0.01077	0.01203	0.14446	0.04114	0.11496	0.00935	0.01237	0.00641	0.00893	0.00574	0.00610	0.00966	0.00155	0.49744	0.00347	0.00220	0.00508
14	0.00999	0.00996	0.01506	0.31093	0.47727	0.07994	0.01206	0.01247	0.00936	0.01239	0.00763	0.01045	0.00618	0.00396	0.00414	0.00129	0.00543	0.00365	0.00201	0.00581

[dist]
# distance from previous block
# <min> <max>
0	26

[block]
# block no. 5 follows, 63 sequences, length 40
# corresponding to MSA columns:
# 277-316
name=unknown_F
#
# <colnr> <probs for GDERKNQSTAVLIFYWHMCP>
#	G	D	E	R	K	N	Q	S	T	A	V	L	I	F	Y	W	H	M	C	P
0	0.00669	0.00407	0.00418	0.00415	0.00529	0.00380	0.00312	0.00835	0.00935	0.01430	0.09438	0.02552	0.29148	0.00719	0.00381	0.00116	0.00202	0.00593	0.50142	0.00380
1	0.00601	0.00448	0.00664	0.00664	0.00736	0.00519	0.00512	0.00743	0.00672	0.00968	0.01136	0.01708	0.01075	0.07375	0.79372	0.00662	0.01089	0.00459	0.00227	0.00369
2	0.00513	0.00430	0.00448	0.00457	0.00586	0.00370	0.00338	0.00642	0.02829	0.01152	0.05363	0.13973	0.69286	0.01081	0.00500	0.00145	0.00219	0.00913	0.00393	0.00361
3	0.00595	0.00430	0.00562	0.00529	0.00628	0.00397	0.00397	0.00793	0.01190	0.01686	0.82382	0.03140	0.03966	0.00859	0.00496	0.00132	0.00198	0.00760	0.00463	0.00397
4	0.06276	0.00720	0.00957	0.00738	0.01060	0.00634	0.00610	0.02007	0.01178	0.78774	0.01604	0.01393	0.01011	0.00514	0.00414	0.00130	0.00356	0.00413	0.00507	0.00702
5	0.01046	0.00903	0.00951	0.00855	0.01093	0.01046	0.00665	0.02234	0.81845	0.01759	0.01711	0.01568	0.01283	0.00570	0.00428	0.00143	0.00333	0.00475	0.00428	0.00665
6	0.01362	0.01577	0.00980	0.00900	0.01085	0.61543	0.00675	0.01494	0.01109	0.01171	0.00841	0.00972	0.00683	0.00448	0.00357	0.00106	0.00609	0.00303	0.23322	0.00462
7	0.01124	0.85479	0.02203	0.00719	0.01079	0.01663	0.00719	0.01259	0.00854	0.00989	0.00584	0.00674	0.00539	0.00360	0.00270	0.00090	0.00450	0.00225	0.00180	0.00539
8	0.01073	0.00790	0.01301	0.43292	0.18682	0.00860	0.03748	0.01319	0.00957	0.18563	0.03396	0.02441	0.00820	0.00456	0.00426	0.00135	0.00495	0.00412	0.00274	0.00560
9	0.17079	0.44839	0.11907	0.00796	0.01159	0.07791	0.02163	0.01346	0.00885	0.06496	0.00687	0.00769	0.00559	0.00386	0.00307	0.00107	0.00469	0.00258	0.00221	0.01776
10	0.00512	0.00366	0.00488	0.00585	0.00610	0.00341	0.00390	0.00585	0.00805	0.01073	0.02317	0.84952	0.02780	0.01317	0.00537	0.00171	0.00244	0.01195	0.00390	0.00341
11	0.00959	0.00902	0.01523	0.19434	0.59757	0.00939	0.01194	0.01211	0.00944	0.01332	0.05280	0.01184	0.00834	0.00413	0.00419	0.00128	0.00489	0.00396	0.02056	0.00604
12	0.00854	0.00831	0.01497	0.59307	0.02581	0.00948	0.18775	0.03659	0.00927	0.01214	0.04734	0.01218	0.00747	0.00430	0.00441	0.00140	0.00573	0.00420	0.00213	0.00494
13	0.00780	0.00729	0.01223	0.80163	0.02785	0.00905	0.01130	0.01050	0.00839	0.01074	0.00823	0.05183	0.00668	0.00464	0.00426	0.00142	0.00545	0.00413	0.00197	0.00461
14	0.00524	0.00417	0.00470	0.00477	0.00590	0.00363	0.00350	0.00648	0.00992	0.01264	0.23551	0.16816	0.49947	0.01054	0.00503	0.00144	0.00214	0.00905	0.00409	0.00363
15	0.00794	0.00747	0.01261	0.84216	0.02895	0.00934	0.01167	0.01074	0.00841	0.01074	0.00747	0.01121	0.00560	0.00420	0.00420	0.00140	0.00560	0.00374	0.00187	0.00467
16	0.01029	0.01001	0.01749	0.05106	0.74135	0.01002	0.07185	0.01287	0.00956	0.01362	0.00794	0.01050	0.00660	0.00375	0.00422	0.00127	0.00517	0.00384	0.00208	0.00652
17	0.00535	0.00427	0.00478	0.00466	0.00591	0.00371	0.00349	0.00677	0.01048	0.01348	0.34380	0.03697	0.52180	0.00986	0.00496	0.00138	0.00207	0.00838	0.00418	0.00371
18	0.00872	0.00747	0.00872	0.00623	0.00996	0.00560	0.00498	0.01058	0.00872	0.01370	0.00747	0.00872	0.00623	0.00311	0.00311	0.00062	0.00311	0.00249	0.00249	0.87796
19	0.88196	0.00813	0.00618	0.00553	0.00813	0.00943	0.00455	0.01236	0.00715	0.01886	0.00585	0.00683	0.00455	0.00390	0.00260	0.00130	0.00325	0.00228	0.00260	0.00455
20	0.00564	0.00428	0.00518	0.00496	0.00609	0.00383	0.00372	0.00732	0.01116	0.01510	0.57372	0.03430	0.29087	0.00925	0.00496	0.00135	0.00203	0.00801	0.00440	0.00383
21	0.00872	0.00747	0.00872	0.00623	0.00996	0.00560	0.00498	0.01058	0.00872	0.01370	0.00747	0.00872	0.00623	0.00311	0.00311	0.00062	0.00311	0.00249	0.00249	0.87796
22	0.00507	0.00399	0.00458	0.00501	0.00589	0.00350	0.00354	0.00601	0.00896	0.01124	0.05741	0.40618	0.44029	0.01173	0.00515	0.00155	0.00226	0.01023	0.00392	0.00350
23	0.00651	0.00469	0.00643	0.00720	0.00816	0.00461	0.00614	0.00836	0.00985	0.01294	0.11818	0.08631	0.06068	0.01129	0.00565	0.00183	0.00350	0.62986	0.00396	0.00384
24	0.03049	0.00945	0.01065	0.00948	0.05572	0.03772	0.00720	0.43181	0.05604	0.01935	0.01054	0.01254	0.00848	0.03402	0.24378	0.00292	0.00654	0.00403	0.00339	0.00587
25	0.00592	0.00425	0.00509	0.00488	0.00598	0.00386	0.00366	0.00767	0.01098	0.01537	0.54015	0.03188	0.23028	0.00869	0.00473	0.00131	0.00202	0.00750	0.10193	0.00386
26	0.29838	0.00731	0.00834	0.00709	0.03003	0.00723	0.00559	0.03420	0.01054	0.42816	0.10991	0.01373	0.01185	0.00515	0.00378	0.00130	0.00334	0.00398	0.00418	0.00591
27	0.19053	0.00980	0.01185	0.34463	0.15571	0.10340	0.00954	0.07220	0.02345	0.03017	0.00764	0.00981	0.00588	0.00419	0.00382	0.00131	0.00509	0.00335	0.00237	0.00527
28	0.30103	0.00860	0.01101	0.13371	0.11800	0.01054	0.00836	0.01177	0.00762	0.04922	0.00671	0.00908	0.00557	0.00518	0.00698	0.00149	0.29465	0.00325	0.00228	0.00497
29	0.02970	0.00954	0.01522	0.16403	0.46729	0.00993	0.04542	0.10907	0.01077	0.08533	0.00883	0.01081	0.00680	0.00410	0.00418	0.00129	0.00499	0.00381	0.00258	0.00633
30	0.00594	0.00444	0.00649	0.00653	0.00724	0.00506	0.00500	0.00732	0.00687	0.00978	0.01288	0.05813	0.03614	0.06947	0.73114	0.00622	0.01021	0.00507	0.00240	0.00367
31	0.00902	0.00554	0.00783	0.05887	0.04868	0.00527	0.01949	0.01119	0.02977	0.17945	0.49700	0.06744	0.02826	0.00749	0.00473	0.00134	0.00282	0.00661	0.00436	0.00484
32	0.00513	0.00426	0.00448	0.00443	0.00578	0.00362	0.00332	0.00634	0.00996	0.01226	0.17032	0.03898	0.69604	0.01031	0.00497	0.00140	0.00211	0.00866	0.00402	0.00362
33	0.00843	0.02174	0.83048	0.01198	0.01819	0.00976	0.01553	0.01331	0.00888	0.01331	0.00754	0.00888	0.00533	0.00399	0.00399	0.00133	0.00621	0.00311	0.00178	0.00621
34	0.05364	0.00786	0.01290	0.68453	0.13939	0.00944	0.01148	0.01113	0.00850	0.01158	0.00745	0.01087	0.00570	0.00412	0.00411	0.00137	0.00540	0.00366	0.00194	0.00494
35	0.00515	0.00369	0.00495	0.00589	0.00615	0.00348	0.00395	0.00591	0.00800	0.01070	0.02273	0.81869	0.02716	0.01385	0.03609	0.00189	0.00277	0.01168	0.00384	0.00343
36	0.00870	0.00709	0.00839	0.00616	0.00956	0.00543	0.00490	0.01058	0.00919	0.03878	0.10216	0.01151	0.01022	0.00381	0.00336	0.00072	0.00300	0.00313	0.00282	0.75048
37	0.15476	0.58695	0.07820	0.00752	0.01100	0.01465	0.00748	0.04625	0.00873	0.01233	0.00614	0.00715	0.00533	0.00388	0.00325	0.00105	0.03551	0.00243	0.00203	0.00536
38	0.03968	0.00679	0.01034	0.00826	0.01072	0.00625	0.12732	0.03269	0.01129	0.34534	0.22822	0.07124	0.01885	0.00653	0.00458	0.00136	0.00360	0.03500	0.02638	0.00557
39	0.17544	0.04787	0.00776	0.00592	0.00818	0.02283	0.00451	0.01053	0.03793	0.03838	0.03417	0.02954	0.01000	0.21744	0.02677	0.00187	0.00370	0.00386	0.00272	0.31061

[dist]
# distance from previous block
# <min> <max>
0	43

# created by:
# /home/cegg/simao/soft/augustus-3.2.1/scripts/msa2prfl.pl ./align_prep/EOG092C51LH.fa
