[name]
unknown

[dist]
# distance from previous block
# <min> <max>
0	186

[block]
# block no. 0 follows, 80 sequences, length 25
# corresponding to MSA columns:
# 186-210
name=unknown_A
#
# <colnr> <probs for GDERKNQSTAVLIFYWHMCP>
#	G	D	E	R	K	N	Q	S	T	A	V	L	I	F	Y	W	H	M	C	P
0	0.00790	0.03420	0.05376	0.01944	0.08416	0.04810	0.02451	0.02475	0.10757	0.13147	0.10206	0.21518	0.10090	0.01688	0.00398	0.00120	0.00299	0.01366	0.00307	0.00424
1	0.00672	0.00586	0.02835	0.07454	0.18760	0.00557	0.07214	0.01662	0.03355	0.04031	0.29352	0.04935	0.06275	0.02662	0.00424	0.00120	0.00311	0.06860	0.00284	0.01653
2	0.06260	0.07373	0.01251	0.02873	0.54784	0.00860	0.00877	0.06260	0.09432	0.01224	0.00784	0.05091	0.00673	0.00373	0.00335	0.00105	0.00377	0.00336	0.00210	0.00521
3	0.01095	0.01071	0.00963	0.05096	0.07564	0.29827	0.00673	0.14556	0.17753	0.06460	0.00941	0.00983	0.04032	0.00432	0.00401	0.00107	0.06989	0.00318	0.00259	0.00480
4	0.01149	0.07818	0.01170	0.07135	0.20370	0.06611	0.00762	0.41023	0.02605	0.06819	0.00776	0.00844	0.00579	0.00378	0.00336	0.00102	0.00405	0.00301	0.00274	0.00545
5	0.05722	0.00812	0.00900	0.00712	0.00969	0.11172	0.03903	0.14295	0.06245	0.47589	0.01103	0.01020	0.00738	0.00408	0.00340	0.00105	0.00359	0.00323	0.00357	0.02928
6	0.00604	0.00534	0.00739	0.00743	0.05967	0.05879	0.03872	0.00735	0.00610	0.00848	0.00848	0.01230	0.00781	0.02089	0.65805	0.00455	0.07379	0.00357	0.00183	0.00344
7	0.00631	0.00534	0.00794	0.06057	0.04236	0.00612	0.06591	0.03620	0.00649	0.00901	0.00983	0.05867	0.01015	0.22813	0.17431	0.00270	0.16950	0.09501	0.00210	0.00335
8	0.01190	0.00910	0.01067	0.03896	0.11909	0.01008	0.00714	0.63461	0.01410	0.01917	0.00801	0.00859	0.00589	0.00411	0.00383	0.00106	0.04609	0.00314	0.03886	0.00560
9	0.00698	0.00683	0.01043	0.81714	0.02323	0.05934	0.00951	0.00922	0.00715	0.00889	0.00615	0.00912	0.00464	0.00349	0.00347	0.00115	0.00475	0.00305	0.00157	0.00389
10	0.00531	0.00385	0.00515	0.00566	0.05790	0.00404	0.00361	0.00595	0.00564	0.00775	0.01077	0.02035	0.01156	0.49211	0.27944	0.00380	0.00528	0.06701	0.00210	0.00272
11	0.00811	0.00917	0.01982	0.07924	0.01867	0.00874	0.78000	0.01101	0.00814	0.01101	0.00699	0.00940	0.00525	0.00298	0.00407	0.00118	0.00579	0.00404	0.00175	0.00464
12	0.00687	0.00562	0.00633	0.00592	0.00729	0.00615	0.00449	0.01283	0.46471	0.01362	0.28338	0.13604	0.01949	0.00636	0.00386	0.00119	0.00230	0.00552	0.00360	0.00444
13	0.00824	0.00770	0.01219	0.01680	0.61490	0.00726	0.00884	0.01016	0.00774	0.01139	0.00646	0.00824	0.00542	0.00296	0.00321	0.00089	0.00370	0.00281	0.00182	0.25926
14	0.00553	0.00439	0.00651	0.16526	0.06271	0.00488	0.00508	0.00667	0.00599	0.00825	0.00969	0.07982	0.00978	0.23563	0.35081	0.00350	0.00593	0.00435	0.00197	0.02325
15	0.00703	0.00665	0.01126	0.68565	0.20391	0.00787	0.00991	0.00930	0.00719	0.00945	0.00628	0.00916	0.00484	0.00341	0.00348	0.00114	0.00454	0.00310	0.00159	0.00423
16	0.00659	0.00620	0.01047	0.86899	0.02403	0.00775	0.00969	0.00891	0.00698	0.00891	0.00620	0.00930	0.00465	0.00349	0.00349	0.00116	0.00465	0.00310	0.00155	0.00388
17	0.00659	0.00620	0.01047	0.86899	0.02403	0.00775	0.00969	0.00891	0.00698	0.00891	0.00620	0.00930	0.00465	0.00349	0.00349	0.00116	0.00465	0.00310	0.00155	0.00388
18	0.00699	0.00657	0.01160	0.74902	0.02300	0.00782	0.10719	0.00937	0.00719	0.02877	0.00648	0.00937	0.00482	0.00344	0.00356	0.00116	0.00476	0.00323	0.00164	0.00402
19	0.00765	0.01597	0.67860	0.01009	0.01477	0.00811	0.10066	0.05442	0.00805	0.03680	0.01797	0.00834	0.01577	0.00347	0.00344	0.00111	0.00501	0.00291	0.00175	0.00512
20	0.74815	0.00696	0.00543	0.00482	0.00691	0.04908	0.00392	0.01072	0.00647	0.06764	0.00584	0.00654	0.00444	0.00337	0.00231	0.00105	0.00282	0.00209	0.05752	0.00389
21	0.00858	0.00823	0.01406	0.04432	0.83314	0.00828	0.01068	0.01066	0.00792	0.01133	0.00655	0.00865	0.00550	0.00312	0.00346	0.00104	0.00416	0.00311	0.00172	0.00548
22	0.00868	0.00750	0.00789	0.00710	0.00907	0.00868	0.00552	0.01854	0.84931	0.01460	0.01420	0.01302	0.01065	0.00473	0.00355	0.00118	0.00276	0.00394	0.00355	0.00552
23	0.00979	0.77243	0.01724	0.00634	0.00918	0.11921	0.00607	0.01088	0.00744	0.00825	0.00492	0.00568	0.00448	0.00306	0.00235	0.00077	0.00405	0.00191	0.00153	0.00442
24	0.00499	0.00373	0.00555	0.00555	0.00615	0.00433	0.00428	0.00619	0.00559	0.00805	0.00940	0.01402	0.00886	0.05565	0.83426	0.00553	0.00914	0.00378	0.00188	0.00308

[dist]
# distance from previous block
# <min> <max>
0	3

[block]
# block no. 1 follows, 80 sequences, length 91
# corresponding to MSA columns:
# 214-304
name=unknown_B
#
# <colnr> <probs for GDERKNQSTAVLIFYWHMCP>
#	G	D	E	R	K	N	Q	S	T	A	V	L	I	F	Y	W	H	M	C	P
0	0.00612	0.00531	0.00878	0.04722	0.12766	0.00578	0.09746	0.00817	0.05050	0.00928	0.00882	0.01229	0.00782	0.01826	0.56543	0.00405	0.00768	0.00367	0.00191	0.00379
1	0.01221	0.00712	0.01160	0.00884	0.01117	0.00717	0.20383	0.01381	0.00859	0.47877	0.01024	0.01040	0.00699	0.00437	0.00533	0.00120	0.18647	0.00356	0.00313	0.00520
2	0.00659	0.00620	0.01047	0.86899	0.02403	0.00775	0.00969	0.00891	0.00698	0.00891	0.00620	0.00930	0.00465	0.00349	0.00349	0.00116	0.00465	0.00310	0.00155	0.00388
3	0.00798	0.00755	0.01218	0.14683	0.56351	0.00797	0.00942	0.01066	0.08295	0.01106	0.00910	0.01081	0.06417	0.00382	0.00382	0.00110	0.03663	0.00347	0.00196	0.00503
4	0.02080	0.00894	0.01046	0.57097	0.07653	0.22022	0.00887	0.01044	0.00780	0.02404	0.00614	0.00851	0.00473	0.00350	0.00338	0.00109	0.00497	0.00288	0.00168	0.00406
5	0.00439	0.00314	0.00421	0.00502	0.00528	0.00295	0.00348	0.00510	0.00682	0.00906	0.01915	0.79041	0.02277	0.01080	0.00449	0.00144	0.00214	0.09324	0.00324	0.00287
6	0.00456	0.00358	0.00413	0.00414	0.00507	0.00322	0.00305	0.00593	0.03276	0.01109	0.31722	0.15779	0.41804	0.00844	0.00415	0.00119	0.00179	0.00728	0.00346	0.00312
7	0.00905	0.00720	0.00870	0.19060	0.04254	0.02155	0.00653	0.06199	0.46382	0.09147	0.04368	0.01209	0.00948	0.00441	0.00353	0.00115	0.00330	0.00371	0.01009	0.00511
8	0.00816	0.00918	0.01951	0.01400	0.01737	0.00868	0.76747	0.01095	0.00807	0.01108	0.00692	0.00923	0.00526	0.00304	0.00431	0.00116	0.03834	0.00397	0.00177	0.05153
9	0.01278	0.19650	0.01090	0.00689	0.00915	0.08529	0.00586	0.02462	0.00872	0.45559	0.00959	0.00931	0.00670	0.00424	0.00442	0.00106	0.13725	0.00296	0.00304	0.00512
10	0.00860	0.00804	0.01209	0.01727	0.62732	0.05763	0.00905	0.05100	0.00828	0.01162	0.00770	0.05440	0.00677	0.00450	0.03426	0.00120	0.00415	0.00345	0.06761	0.00507
11	0.01288	0.01315	0.00958	0.00891	0.05454	0.55830	0.00652	0.02549	0.09299	0.17245	0.00797	0.00818	0.00597	0.00383	0.00328	0.00097	0.00516	0.00271	0.00247	0.00466
12	0.00912	0.00904	0.01364	0.06894	0.65558	0.08547	0.04381	0.05168	0.00849	0.01150	0.00655	0.00848	0.00539	0.00322	0.00346	0.00104	0.00442	0.00307	0.00181	0.00528
13	0.00539	0.00426	0.00670	0.00623	0.00703	0.00485	0.06202	0.00673	0.00585	0.00854	0.00912	0.01329	0.00840	0.03767	0.71291	0.00486	0.04354	0.00374	0.04563	0.00324
14	0.22072	0.01315	0.00870	0.00771	0.00972	0.54928	0.00594	0.06947	0.00941	0.06722	0.00602	0.00666	0.00470	0.00360	0.00296	0.00096	0.00507	0.00231	0.00216	0.00424
15	0.01327	0.00779	0.04063	0.00689	0.00948	0.04167	0.00579	0.21659	0.10168	0.44904	0.06101	0.01158	0.00929	0.00443	0.00352	0.00108	0.00330	0.00354	0.00380	0.00563
16	0.00646	0.00536	0.00649	0.01653	0.00759	0.00430	0.00401	0.00794	0.00751	0.01135	0.14319	0.08727	0.01139	0.00544	0.05336	0.00100	0.00281	0.00355	0.00244	0.61203
17	0.00864	0.00829	0.01416	0.02142	0.85561	0.00829	0.01071	0.01071	0.00794	0.01140	0.00656	0.00864	0.00553	0.00311	0.00345	0.00104	0.00415	0.00311	0.00173	0.00553
18	0.00676	0.00516	0.00679	0.00621	0.00716	0.00600	0.00489	0.16476	0.00759	0.01066	0.00891	0.01286	0.00815	0.07900	0.57715	0.00428	0.07421	0.00366	0.00217	0.00363
19	0.00659	0.00620	0.01047	0.86899	0.02403	0.00775	0.00969	0.00891	0.00698	0.00891	0.00620	0.00930	0.00465	0.00349	0.00349	0.00116	0.00465	0.00310	0.00155	0.00388
20	0.00431	0.00307	0.00408	0.00486	0.00507	0.00288	0.00325	0.00492	0.00665	0.00886	0.01890	0.82288	0.02261	0.04358	0.00496	0.00150	0.00210	0.02948	0.00320	0.00282
21	0.00494	0.00357	0.00466	0.00439	0.00521	0.00329	0.00329	0.00658	0.00988	0.01399	0.85377	0.02606	0.03292	0.00713	0.00412	0.00110	0.00165	0.00631	0.00384	0.00329
22	0.00493	0.00357	0.00465	0.00438	0.00520	0.00329	0.00328	0.00656	0.00985	0.01392	0.84051	0.02618	0.04623	0.00716	0.00412	0.00110	0.00165	0.00633	0.00383	0.00329
23	0.00659	0.00620	0.01047	0.86899	0.02403	0.00775	0.00969	0.00891	0.00698	0.00891	0.00620	0.00930	0.00465	0.00349	0.00349	0.00116	0.00465	0.00310	0.00155	0.00388
24	0.00505	0.00375	0.00456	0.10860	0.00646	0.00382	0.00316	0.00552	0.00591	0.00760	0.01550	0.03417	0.18390	0.58295	0.01307	0.00264	0.00319	0.00536	0.00229	0.00251
25	0.00905	0.00768	0.00810	0.00718	0.00921	0.00885	0.00561	0.08483	0.78242	0.01519	0.01373	0.01265	0.01027	0.00469	0.00355	0.00117	0.00285	0.00388	0.00355	0.00556
26	0.06963	0.01600	0.00958	0.00871	0.01053	0.80890	0.00655	0.01370	0.00964	0.00899	0.00536	0.00625	0.00445	0.00357	0.00308	0.00091	0.00606	0.00222	0.00182	0.00403
27	0.00818	0.00751	0.01156	0.30586	0.37453	0.00830	0.00920	0.05232	0.16449	0.01167	0.00795	0.00966	0.00620	0.00359	0.00349	0.00111	0.00404	0.00326	0.00209	0.00499
28	0.00876	0.51574	0.02437	0.05271	0.22853	0.01134	0.06004	0.01031	0.00731	0.00925	0.00571	0.00731	0.00505	0.02065	0.01902	0.00101	0.00413	0.00249	0.00159	0.00467
29	0.00444	0.00355	0.00397	0.00386	0.00490	0.00308	0.00290	0.00561	0.00869	0.01117	0.34827	0.03071	0.54019	0.00819	0.00412	0.00115	0.00172	0.00696	0.00347	0.00308
30	0.00441	0.00369	0.00385	0.00378	0.00495	0.00321	0.00285	0.00573	0.04034	0.01023	0.14324	0.03180	0.71291	0.00845	0.00410	0.00117	0.00179	0.00709	0.00333	0.00309
31	0.00717	0.00388	0.00437	0.00423	0.00528	0.00387	0.00331	0.00934	0.06767	0.08352	0.07991	0.03012	0.01238	0.00509	0.00303	0.00098	0.00200	0.09382	0.57639	0.00363
32	0.00897	0.00907	0.01935	0.01386	0.01731	0.00846	0.76000	0.01175	0.00841	0.09502	0.00772	0.00966	0.00563	0.00308	0.00406	0.00117	0.00559	0.00406	0.00202	0.00483
33	0.00423	0.00353	0.00368	0.00367	0.00478	0.00299	0.00274	0.00520	0.00816	0.00998	0.13544	0.04908	0.73722	0.00867	0.00413	0.00117	0.00176	0.00728	0.00331	0.00299
34	0.00524	0.00395	0.00489	0.00458	0.00555	0.00380	0.00346	0.00763	0.09302	0.01366	0.69962	0.02542	0.10178	0.00704	0.00406	0.00111	0.00177	0.00617	0.00376	0.00348
35	0.00919	0.00733	0.00983	0.11872	0.10689	0.00822	0.03840	0.22920	0.15371	0.05503	0.00907	0.01047	0.00708	0.00819	0.16257	0.00196	0.05321	0.00343	0.00262	0.00487
36	0.01403	0.00776	0.00917	0.00701	0.00977	0.00779	0.00578	0.40665	0.01285	0.41411	0.01078	0.00995	0.00716	0.00416	0.00345	0.00103	0.00336	0.00325	0.00380	0.05815
37	0.00703	0.00967	0.25140	0.09539	0.13646	0.00728	0.06472	0.01061	0.12876	0.01060	0.00832	0.01065	0.00680	0.04367	0.18287	0.00215	0.01376	0.00336	0.00195	0.00455
38	0.00509	0.00374	0.00433	0.00440	0.00541	0.00341	0.00330	0.00638	0.03949	0.05420	0.07058	0.21260	0.46470	0.00986	0.05444	0.00150	0.00243	0.04767	0.00326	0.00322
39	0.02128	0.17498	0.04029	0.00834	0.01811	0.03448	0.16140	0.12160	0.26122	0.02068	0.05582	0.01143	0.04674	0.00419	0.00341	0.00106	0.00376	0.00362	0.00267	0.00491
40	0.90202	0.00675	0.00513	0.00459	0.00675	0.00783	0.00378	0.01026	0.00594	0.01565	0.00486	0.00567	0.00378	0.00324	0.00216	0.00108	0.00270	0.00189	0.00216	0.00378
41	0.00933	0.87948	0.01828	0.00597	0.00896	0.01381	0.00597	0.01045	0.00709	0.00821	0.00485	0.00560	0.00448	0.00299	0.00224	0.00075	0.00373	0.00187	0.00149	0.00448
42	0.00688	0.00636	0.00901	0.20018	0.27523	0.05614	0.00701	0.00844	0.00765	0.01012	0.13465	0.02326	0.08144	0.13529	0.02264	0.00152	0.00378	0.00425	0.00220	0.00395
43	0.00486	0.00356	0.00455	0.00430	0.00516	0.00326	0.00323	0.00642	0.00968	0.01353	0.77068	0.02683	0.11630	0.00731	0.00412	0.00111	0.00166	0.00642	0.00378	0.00326
44	0.00470	0.00330	0.00409	0.00445	0.00473	0.00316	0.00295	0.00526	0.00655	0.00872	0.09467	0.38130	0.06909	0.32755	0.00930	0.00210	0.00255	0.06001	0.00288	0.00264
45	0.01044	0.00535	0.00655	0.00553	0.00737	0.00520	0.00440	0.03884	0.15477	0.35540	0.18199	0.01555	0.02069	0.00502	0.00348	0.00106	0.00246	0.01547	0.15560	0.00482
46	0.01152	0.00678	0.05301	0.00692	0.00914	0.00626	0.04641	0.12888	0.00939	0.40339	0.01088	0.01159	0.00785	0.03952	0.15989	0.00199	0.04539	0.00351	0.03267	0.00500
47	0.01565	0.00594	0.00810	0.00621	0.00891	0.00513	0.00513	0.01700	0.00999	0.85803	0.01377	0.01188	0.00864	0.00432	0.00351	0.00108	0.00297	0.00351	0.00432	0.00594
48	0.00703	0.22743	0.00969	0.04140	0.00825	0.00786	0.00534	0.05829	0.06944	0.00948	0.00819	0.01085	0.00729	0.01563	0.45982	0.00342	0.04156	0.00319	0.00197	0.00387
49	0.03721	0.00880	0.00978	0.00752	0.01027	0.00942	0.00621	0.63019	0.01464	0.21577	0.00953	0.00912	0.00650	0.00419	0.00346	0.00106	0.00361	0.00319	0.00365	0.00588
50	0.00829	0.05335	0.01089	0.08133	0.09408	0.00997	0.00758	0.05451	0.15211	0.01888	0.00688	0.00877	0.00583	0.00507	0.00765	0.00132	0.46382	0.00316	0.00203	0.00445
51	0.00700	0.01805	0.85930	0.00994	0.01510	0.00810	0.01289	0.01105	0.00737	0.01105	0.00626	0.00737	0.00442	0.00331	0.00331	0.00110	0.00516	0.00258	0.00147	0.00516
52	0.00425	0.00304	0.00405	0.00486	0.00506	0.00283	0.00324	0.00486	0.00668	0.00891	0.01923	0.87510	0.02308	0.01093	0.00445	0.00142	0.00202	0.00992	0.00324	0.00283
53	0.00762	0.00791	0.07984	0.13043	0.31012	0.00665	0.00794	0.00967	0.00746	0.01102	0.00633	0.00803	0.00516	0.00295	0.00308	0.00084	0.00363	0.00262	0.00183	0.38689
54	0.00902	0.00752	0.01127	0.45978	0.17677	0.07284	0.05259	0.01106	0.00793	0.14651	0.00747	0.00937	0.00548	0.00353	0.00349	0.00111	0.00447	0.00316	0.00206	0.00458
55	0.00499	0.00373	0.00558	0.00558	0.00619	0.00435	0.00433	0.00621	0.00560	0.00808	0.00937	0.01385	0.00878	0.03916	0.85064	0.00557	0.00925	0.00376	0.00187	0.00310
56	0.90202	0.00675	0.00513	0.00459	0.00675	0.00783	0.00378	0.01026	0.00594	0.01565	0.00486	0.00567	0.00378	0.00324	0.00216	0.00108	0.00270	0.00189	0.00216	0.00378
57	0.00426	0.00351	0.00375	0.00376	0.00482	0.00299	0.00279	0.00526	0.00819	0.01014	0.16789	0.08600	0.66717	0.00869	0.00414	0.00118	0.00176	0.00735	0.00334	0.00299
58	0.00966	0.04246	0.10505	0.01215	0.26905	0.23444	0.01631	0.03615	0.17090	0.01148	0.00794	0.00884	0.00627	0.00365	0.00329	0.00102	0.00442	0.00296	0.04902	0.00494
59	0.02069	0.00634	0.00823	0.00724	0.00745	0.02868	0.01227	0.00766	0.02132	0.00848	0.05148	0.01309	0.01972	0.23443	0.02028	0.01961	0.50403	0.00380	0.00188	0.00332
60	0.90202	0.00675	0.00513	0.00459	0.00675	0.00783	0.00378	0.01026	0.00594	0.01565	0.00486	0.00567	0.00378	0.00324	0.00216	0.00108	0.00270	0.00189	0.00216	0.00378
61	0.00481	0.00318	0.00425	0.00492	0.00525	0.00295	0.00333	0.00545	0.00684	0.05045	0.01896	0.83287	0.02237	0.01061	0.00441	0.00140	0.00207	0.00961	0.00329	0.00299
62	0.00894	0.00752	0.00857	0.00859	0.09921	0.00850	0.00606	0.01765	0.72767	0.04646	0.01337	0.01251	0.01003	0.00454	0.00354	0.00116	0.00292	0.00384	0.00339	0.00554
63	0.01304	0.01653	0.00990	0.00898	0.01079	0.85165	0.00674	0.02534	0.00998	0.00872	0.00543	0.00632	0.00451	0.00360	0.00315	0.00090	0.00626	0.00226	0.00182	0.00407
64	0.00650	0.00403	0.00571	0.00540	0.00565	0.00451	0.00393	0.05430	0.00547	0.00753	0.00649	0.01058	0.00626	0.01295	0.13099	0.62382	0.09881	0.00314	0.00168	0.00225
65	0.01277	0.00738	0.00857	0.00678	0.00914	0.00763	0.00545	0.35080	0.10357	0.33443	0.01133	0.01178	0.00820	0.09972	0.00506	0.00133	0.00334	0.00358	0.00366	0.00547
66	0.01562	0.00600	0.00813	0.00624	0.00894	0.00522	0.00515	0.02978	0.01009	0.84512	0.01368	0.01182	0.00860	0.00432	0.00351	0.00108	0.00298	0.00350	0.00431	0.00594
67	0.01462	0.00572	0.00769	0.00599	0.00845	0.00501	0.00486	0.01600	0.02081	0.76875	0.01353	0.01267	0.00895	0.06435	0.00446	0.00123	0.00296	0.00362	0.02471	0.00561
68	0.00498	0.00374	0.00561	0.00561	0.00623	0.00436	0.00436	0.00623	0.00561	0.00810	0.00935	0.01371	0.00872	0.02617	0.86355	0.00561	0.00935	0.00374	0.00187	0.00312
69	0.01433	0.00557	0.00751	0.00592	0.00833	0.00486	0.00482	0.01565	0.00960	0.74739	0.01391	0.06245	0.00950	0.00469	0.00349	0.00108	0.00282	0.00387	0.06865	0.00556
70	0.00831	0.00711	0.00758	0.00684	0.00870	0.00815	0.00531	0.01738	0.76757	0.01454	0.09595	0.01429	0.01282	0.00497	0.00361	0.00118	0.00265	0.00418	0.00358	0.00531
71	0.90202	0.00675	0.00513	0.00459	0.00675	0.00783	0.00378	0.01026	0.00594	0.01565	0.00486	0.00567	0.00378	0.00324	0.00216	0.00108	0.00270	0.00189	0.00216	0.00378
72	0.00446	0.00312	0.00399	0.00459	0.00474	0.00297	0.00295	0.00491	0.00627	0.00836	0.01714	0.65828	0.02043	0.23136	0.00784	0.00192	0.00237	0.00869	0.00295	0.00265
73	0.00425	0.00304	0.00405	0.00486	0.00506	0.00283	0.00324	0.00486	0.00668	0.00891	0.01923	0.87510	0.02308	0.01093	0.00445	0.00142	0.00202	0.00992	0.00324	0.00283
74	0.00554	0.00358	0.00431	0.00424	0.00517	0.00323	0.00313	0.00675	0.00841	0.07217	0.30186	0.19338	0.24987	0.00777	0.00393	0.00115	0.00185	0.00673	0.11363	0.00329
75	0.18635	0.00609	0.00753	0.00590	0.00849	0.00565	0.00487	0.01570	0.00921	0.69580	0.01205	0.01068	0.00770	0.00411	0.00325	0.00108	0.00292	0.00320	0.00390	0.00552
76	0.00669	0.00639	0.01106	0.81903	0.02369	0.00781	0.05842	0.00905	0.00705	0.00905	0.00625	0.00931	0.00469	0.00346	0.00353	0.00116	0.00472	0.00316	0.00156	0.00392
77	0.00677	0.00639	0.01080	0.79260	0.09898	0.00780	0.00978	0.00908	0.00706	0.00914	0.00623	0.00924	0.00473	0.00345	0.00349	0.00115	0.00461	0.00310	0.00157	0.00402
78	0.01196	0.00556	0.00722	0.00595	0.00806	0.00517	0.00480	0.01455	0.12591	0.52494	0.18645	0.02746	0.01452	0.00524	0.00370	0.00112	0.00267	0.03548	0.00406	0.00519
79	0.00425	0.00304	0.00405	0.00486	0.00506	0.00283	0.00324	0.00486	0.00668	0.00891	0.01923	0.87510	0.02308	0.01093	0.00445	0.00142	0.00202	0.00992	0.00324	0.00283
80	0.00903	0.00889	0.08947	0.01187	0.20321	0.02190	0.16429	0.05042	0.25689	0.07912	0.06066	0.01121	0.00879	0.00397	0.00364	0.00112	0.00393	0.00371	0.00266	0.00523
81	0.00898	0.00804	0.01333	0.06422	0.72060	0.00811	0.01007	0.04458	0.00834	0.05308	0.00750	0.00928	0.02139	0.00334	0.00347	0.00105	0.00406	0.00321	0.00194	0.00543
82	0.00483	0.00373	0.00446	0.00510	0.00545	0.03787	0.00356	0.00556	0.00701	0.00917	0.05798	0.66481	0.02188	0.06100	0.00520	0.00151	0.00238	0.09247	0.00314	0.00290
83	0.60414	0.02338	0.11426	0.00662	0.05049	0.02098	0.00571	0.11614	0.00762	0.01544	0.00557	0.00638	0.00424	0.00336	0.00255	0.00107	0.00330	0.00220	0.00220	0.00433
84	0.00447	0.00320	0.00430	0.00509	0.00541	0.00303	0.00362	0.00525	0.00692	0.00916	0.01933	0.72787	0.03397	0.01069	0.00451	0.00144	0.00221	0.14339	0.00323	0.00290
85	0.08695	0.53322	0.02338	0.00686	0.05834	0.01081	0.00593	0.01204	0.00775	0.21502	0.00713	0.00732	0.00549	0.00334	0.00262	0.00088	0.00350	0.00235	0.00225	0.00484
86	0.09541	0.26509	0.42520	0.04355	0.05484	0.00973	0.00951	0.02312	0.01535	0.02041	0.00592	0.00695	0.00457	0.00325	0.00291	0.00100	0.00437	0.00238	0.00164	0.00482
87	0.00763	0.14082	0.06348	0.00987	0.20831	0.00779	0.02891	0.02050	0.18926	0.01178	0.10413	0.07201	0.05162	0.00480	0.00348	0.00106	0.01097	0.00413	0.05484	0.00462
88	0.05747	0.00382	0.00508	0.00505	0.00559	0.00430	0.00371	0.00615	0.00548	0.00817	0.00954	0.01574	0.00952	0.25875	0.58073	0.00473	0.00732	0.00400	0.00195	0.00288
89	0.05452	0.00950	0.21366	0.05264	0.17257	0.00730	0.07819	0.01136	0.14644	0.03751	0.07283	0.03156	0.00895	0.05508	0.00431	0.00123	0.00389	0.00364	0.00229	0.03251
90	0.71432	0.00661	0.00565	0.00480	0.00712	0.00720	0.00394	0.01067	0.00645	0.08949	0.00581	0.00641	0.00438	0.00325	0.00233	0.00101	0.00271	0.00205	0.00234	0.11345

[dist]
# distance from previous block
# <min> <max>
0	1

[block]
# block no. 2 follows, 80 sequences, length 14
# corresponding to MSA columns:
# 306-319
name=unknown_C
#
# <colnr> <probs for GDERKNQSTAVLIFYWHMCP>
#	G	D	E	R	K	N	Q	S	T	A	V	L	I	F	Y	W	H	M	C	P
0	0.00895	0.01223	0.33210	0.01046	0.14763	0.09687	0.00913	0.01320	0.18499	0.09115	0.05213	0.01003	0.00777	0.00390	0.00343	0.00109	0.00422	0.00320	0.00237	0.00515
1	0.00753	0.03289	0.68330	0.01011	0.03947	0.00840	0.04600	0.04537	0.07278	0.01173	0.00697	0.00793	0.00503	0.00343	0.00336	0.00110	0.00489	0.00277	0.00174	0.00520
2	0.00774	0.00641	0.05531	0.00588	0.00844	0.00501	0.04471	0.01001	0.06729	0.11482	0.14692	0.01379	0.08913	0.00432	0.00327	0.00085	0.00272	0.00368	0.00279	0.40692
3	0.00880	0.51399	0.14109	0.00672	0.00965	0.05764	0.00674	0.05261	0.06042	0.00984	0.00812	0.05687	0.04663	0.00397	0.00281	0.00091	0.00384	0.00290	0.00192	0.00453
4	0.90202	0.00675	0.00513	0.00459	0.00675	0.00783	0.00378	0.01026	0.00594	0.01565	0.00486	0.00567	0.00378	0.00324	0.00216	0.00108	0.00270	0.00189	0.00216	0.00378
5	0.00791	0.08583	0.52678	0.00982	0.07845	0.00862	0.01043	0.01267	0.17811	0.03643	0.00800	0.00860	0.00590	0.00359	0.00329	0.00109	0.00441	0.00286	0.00200	0.00523
6	0.00495	0.00435	0.05249	0.00521	0.00598	0.00393	0.00412	0.00603	0.00640	0.00876	0.05852	0.16779	0.09111	0.16609	0.34027	0.00334	0.00531	0.05991	0.00244	0.00301
7	0.02578	0.00947	0.14424	0.00912	0.06757	0.04880	0.10256	0.15135	0.17924	0.05037	0.04205	0.01125	0.00822	0.05513	0.07770	0.00162	0.00450	0.00356	0.00260	0.00487
8	0.00509	0.00528	0.09638	0.00647	0.06586	0.00397	0.00490	0.00640	0.00740	0.01008	0.10752	0.47027	0.10340	0.00858	0.00414	0.00128	0.00252	0.05141	0.00296	0.03608
9	0.00787	0.00765	0.05608	0.00749	0.00965	0.00778	0.08716	0.01537	0.58853	0.01350	0.05957	0.01518	0.09861	0.00503	0.00368	0.00117	0.00304	0.00437	0.00324	0.00504
10	0.00746	0.01686	0.74516	0.01046	0.04597	0.00829	0.04766	0.05758	0.00793	0.01168	0.00642	0.00756	0.00458	0.00334	0.00336	0.00110	0.00508	0.00269	0.00161	0.00519
11	0.01113	0.25316	0.10728	0.00654	0.00947	0.00815	0.00620	0.03120	0.00849	0.33870	0.03788	0.00928	0.00718	0.00379	0.00338	0.00094	0.04017	0.00284	0.00278	0.11143
12	0.00830	0.00653	0.02245	0.00642	0.04769	0.13426	0.00471	0.02178	0.01823	0.17078	0.14343	0.18688	0.17640	0.00687	0.00388	0.00115	0.00297	0.03008	0.00322	0.00395
13	0.09430	0.30746	0.49311	0.00809	0.01222	0.01000	0.00968	0.01077	0.00714	0.01054	0.00565	0.00661	0.00438	0.00320	0.00284	0.00098	0.00444	0.00227	0.00155	0.00479

[dist]
# distance from previous block
# <min> <max>
1	5

[block]
# block no. 3 follows, 80 sequences, length 47
# corresponding to MSA columns:
# 325-371
name=unknown_D
#
# <colnr> <probs for GDERKNQSTAVLIFYWHMCP>
#	G	D	E	R	K	N	Q	S	T	A	V	L	I	F	Y	W	H	M	C	P
0	0.33774	0.01115	0.33328	0.00717	0.01057	0.00774	0.00769	0.04624	0.06626	0.12152	0.00734	0.00775	0.00523	0.00354	0.00293	0.00109	0.00373	0.00256	0.00232	0.01416
1	0.00695	0.00622	0.00879	0.33830	0.05065	0.00618	0.00665	0.00880	0.00722	0.01044	0.04727	0.00902	0.00631	0.00332	0.00340	0.00086	0.03802	0.00275	0.00192	0.43696
2	0.00713	0.00662	0.01095	0.72213	0.13272	0.00795	0.00970	0.04361	0.00749	0.00978	0.00634	0.00918	0.00482	0.00347	0.00348	0.00114	0.00455	0.00310	0.00165	0.00418
3	0.00924	0.00614	0.00744	0.00542	0.00842	0.00477	0.00437	0.01075	0.00789	0.21345	0.00801	0.00834	0.00600	0.00300	0.00280	0.00065	0.00268	0.00241	0.00260	0.68562
4	0.00510	0.00351	0.00411	0.00409	0.00428	0.00347	0.00246	0.00531	0.00533	0.00723	0.01129	0.08641	0.01284	0.70716	0.08223	0.00328	0.00371	0.00521	0.00218	0.04079
5	0.00828	0.00854	0.05494	0.12757	0.67779	0.00823	0.04259	0.01052	0.00781	0.01106	0.00652	0.00869	0.00535	0.00316	0.00348	0.00106	0.00432	0.00312	0.00169	0.00527
6	0.00852	0.00421	0.00539	0.00469	0.00607	0.00384	0.00366	0.01007	0.00934	0.26836	0.41349	0.01889	0.02028	0.00560	0.00356	0.00103	0.00204	0.00479	0.20211	0.00408
7	0.00522	0.00373	0.00430	0.00427	0.00445	0.02131	0.00267	0.00551	0.00538	0.00722	0.02911	0.02080	0.01219	0.67534	0.18097	0.00371	0.00456	0.00478	0.00210	0.00237
8	0.00425	0.00304	0.00405	0.00486	0.00506	0.00283	0.00324	0.00486	0.00668	0.00891	0.01923	0.87510	0.02308	0.01093	0.00445	0.00142	0.00202	0.00992	0.00324	0.00283
9	0.00933	0.87948	0.01828	0.00597	0.00896	0.01381	0.00597	0.01045	0.00709	0.00821	0.00485	0.00560	0.00448	0.00299	0.00224	0.00075	0.00373	0.00187	0.00149	0.00448
10	0.00471	0.00356	0.00420	0.00406	0.00504	0.00315	0.00304	0.00597	0.00891	0.02349	0.45325	0.06416	0.38787	0.00799	0.00412	0.00115	0.00173	0.00688	0.00356	0.00316
11	0.90202	0.00675	0.00513	0.00459	0.00675	0.00783	0.00378	0.01026	0.00594	0.01565	0.00486	0.00567	0.00378	0.00324	0.00216	0.00108	0.00270	0.00189	0.00216	0.00378
12	0.00429	0.00307	0.00409	0.00488	0.00511	0.00287	0.00329	0.00494	0.00676	0.00903	0.03396	0.84336	0.02319	0.01084	0.00445	0.00142	0.00204	0.02632	0.00325	0.00285
13	0.04456	0.00771	0.01202	0.08319	0.18625	0.01585	0.15772	0.08893	0.05068	0.20877	0.03143	0.01003	0.00701	0.00394	0.00422	0.00113	0.07539	0.00345	0.00263	0.00509
14	0.00664	0.00626	0.01056	0.84658	0.04602	0.00777	0.00972	0.00896	0.00700	0.00898	0.00621	0.00928	0.00467	0.00348	0.00349	0.00116	0.00464	0.00310	0.00156	0.00392
15	0.01028	0.00769	0.00835	0.00715	0.00935	0.00862	0.00566	0.15727	0.60935	0.11612	0.01317	0.01210	0.00962	0.00459	0.00354	0.00115	0.00297	0.00376	0.00363	0.00564
16	0.01118	0.00874	0.00930	0.00761	0.01003	0.00985	0.00613	0.46880	0.39498	0.01863	0.01102	0.01049	0.00808	0.00444	0.00352	0.00111	0.00335	0.00351	0.00352	0.00575
17	0.00863	0.00787	0.00904	0.11333	0.11043	0.04998	0.00670	0.01623	0.60766	0.01324	0.01191	0.01173	0.00902	0.00434	0.00351	0.00115	0.00332	0.00366	0.00301	0.00525
18	0.90202	0.00675	0.00513	0.00459	0.00675	0.00783	0.00378	0.01026	0.00594	0.01565	0.00486	0.00567	0.00378	0.00324	0.00216	0.00108	0.00270	0.00189	0.00216	0.00378
19	0.05562	0.00697	0.00847	0.00656	0.00923	0.02478	0.00540	0.18197	0.01108	0.63418	0.01210	0.01077	0.00779	0.00423	0.00344	0.00107	0.00320	0.00333	0.00400	0.00580
20	0.00762	0.00770	0.01090	0.65393	0.13555	0.10715	0.00949	0.00974	0.00745	0.00921	0.00616	0.00886	0.00475	0.00345	0.00344	0.00111	0.00477	0.00300	0.00160	0.00412
21	0.00509	0.00373	0.00464	0.00440	0.00531	0.00353	0.00331	0.00700	0.04770	0.01318	0.64029	0.02525	0.13027	0.00781	0.03696	0.00127	0.00201	0.00608	0.04883	0.00334
22	0.00507	0.00338	0.00381	0.00381	0.00381	0.00338	0.00211	0.00507	0.00507	0.00677	0.01099	0.02283	0.01268	0.87738	0.01776	0.00338	0.00338	0.00507	0.00211	0.00211
23	0.63263	0.00608	0.00530	0.00470	0.00673	0.00665	0.00381	0.01031	0.00676	0.13018	0.01032	0.05193	0.10410	0.00441	0.00268	0.00111	0.00260	0.00314	0.00263	0.00393
24	0.01454	0.00568	0.00771	0.00600	0.00850	0.00493	0.00492	0.01592	0.00994	0.76832	0.09065	0.01319	0.01087	0.00457	0.00355	0.00108	0.00283	0.00376	0.01739	0.00566
25	0.00507	0.00362	0.00499	0.00580	0.00636	0.00354	0.00467	0.00628	0.00749	0.00983	0.01878	0.37487	0.02128	0.01016	0.00467	0.00153	0.00274	0.50205	0.00322	0.00306
26	0.00864	0.00829	0.01416	0.02142	0.85561	0.00829	0.01071	0.01071	0.00794	0.01140	0.00656	0.00864	0.00553	0.00311	0.00345	0.00104	0.00415	0.00311	0.00173	0.00553
27	0.90202	0.00675	0.00513	0.00459	0.00675	0.00783	0.00378	0.01026	0.00594	0.01565	0.00486	0.00567	0.00378	0.00324	0.00216	0.00108	0.00270	0.00189	0.00216	0.00378
28	0.01511	0.00578	0.00781	0.00603	0.00862	0.00502	0.00497	0.01647	0.00983	0.80746	0.01362	0.01194	0.00866	0.00430	0.00344	0.00106	0.00289	0.00349	0.05772	0.00578
29	0.01267	0.00920	0.00990	0.00766	0.01028	0.01012	0.00630	0.76405	0.01568	0.03171	0.04403	0.00935	0.00722	0.00431	0.00347	0.00104	0.00365	0.00328	0.04037	0.00571
30	0.00933	0.87948	0.01828	0.00597	0.00896	0.01381	0.00597	0.01045	0.00709	0.00821	0.00485	0.00560	0.00448	0.00299	0.00224	0.00075	0.00373	0.00187	0.00149	0.00448
31	0.70906	0.00657	0.00577	0.00494	0.00722	0.00724	0.00407	0.01173	0.00682	0.19905	0.00680	0.00702	0.00484	0.00347	0.00245	0.00108	0.00276	0.00224	0.00263	0.00425
32	0.90202	0.00675	0.00513	0.00459	0.00675	0.00783	0.00378	0.01026	0.00594	0.01565	0.00486	0.00567	0.00378	0.00324	0.00216	0.00108	0.00270	0.00189	0.00216	0.00378
33	0.00429	0.00329	0.00394	0.00431	0.00495	0.00293	0.00303	0.00513	0.00755	0.00974	0.13035	0.45755	0.33103	0.00968	0.00429	0.00129	0.00188	0.00852	0.00332	0.00293
34	0.00617	0.00486	0.00650	0.04812	0.03966	0.04158	0.03772	0.00706	0.00620	0.04377	0.01063	0.12955	0.01103	0.28055	0.27206	0.00324	0.04113	0.00483	0.00219	0.00315
35	0.00447	0.00354	0.00401	0.00391	0.00493	0.00309	0.00293	0.00566	0.00873	0.01132	0.37599	0.04473	0.49799	0.00816	0.00413	0.00115	0.00172	0.00697	0.00349	0.00309
36	0.00724	0.00620	0.00724	0.00517	0.00827	0.00465	0.00413	0.00879	0.00724	0.01137	0.00620	0.00724	0.00517	0.00258	0.00258	0.00052	0.00258	0.00207	0.00207	0.89871
37	0.00752	0.00747	0.01047	0.00901	0.00904	0.01042	0.00750	0.00831	0.00535	0.00838	0.00478	0.00789	0.00475	0.00695	0.04719	0.00170	0.83485	0.00308	0.00154	0.00379
38	0.02789	0.01032	0.01033	0.00805	0.01075	0.08470	0.00659	0.75826	0.01567	0.02072	0.00806	0.00815	0.00577	0.00412	0.00344	0.00103	0.00403	0.00304	0.00332	0.00573
39	0.01875	0.03213	0.61287	0.00866	0.01318	0.00737	0.01048	0.01118	0.00756	0.08686	0.00688	0.00769	0.00492	0.00327	0.00317	0.00100	0.00447	0.00255	0.00184	0.15517
40	0.01160	0.01212	0.01140	0.01234	0.24917	0.38662	0.03669	0.14470	0.04378	0.04833	0.00696	0.00790	0.00546	0.00361	0.00335	0.00099	0.00500	0.00282	0.00222	0.00493
41	0.00694	0.00652	0.01098	0.66604	0.18991	0.00769	0.00965	0.00918	0.00728	0.00961	0.03877	0.00981	0.00591	0.00355	0.00351	0.00113	0.00443	0.00323	0.00167	0.00418
42	0.00507	0.00338	0.00381	0.00381	0.00381	0.00338	0.00211	0.00507	0.00507	0.00677	0.01099	0.02283	0.01268	0.87738	0.01776	0.00338	0.00338	0.00507	0.00211	0.00211
43	0.00716	0.00577	0.00692	0.00524	0.00780	0.00470	0.00415	0.00856	0.00709	0.04564	0.00827	0.00986	0.04471	0.04008	0.08235	0.00118	0.02973	0.00267	0.00218	0.67593
44	0.86484	0.00671	0.00525	0.00466	0.00684	0.00771	0.00384	0.01054	0.00611	0.05099	0.00523	0.00593	0.00398	0.00328	0.00222	0.00108	0.00271	0.00196	0.00225	0.00387
45	0.00586	0.00379	0.00536	0.00520	0.00564	0.00419	0.00380	0.00625	0.00548	0.04864	0.00899	0.01455	0.00878	0.19353	0.43374	0.19417	0.04353	0.00382	0.00195	0.00274
46	0.00959	0.62903	0.05482	0.00759	0.07818	0.01219	0.00663	0.04635	0.06699	0.05085	0.00629	0.00687	0.00526	0.00325	0.00259	0.00085	0.00373	0.00228	0.00188	0.00480

[dist]
# distance from previous block
# <min> <max>
1	3

[block]
# block no. 4 follows, 80 sequences, length 9
# corresponding to MSA columns:
# 375-383
name=unknown_E
#
# <colnr> <probs for GDERKNQSTAVLIFYWHMCP>
#	G	D	E	R	K	N	Q	S	T	A	V	L	I	F	Y	W	H	M	C	P
0	0.12581	0.01082	0.24939	0.01599	0.50872	0.00818	0.01041	0.01074	0.00752	0.01186	0.00625	0.00789	0.00499	0.00318	0.00324	0.00106	0.00424	0.00280	0.00171	0.00519
1	0.04851	0.05520	0.51100	0.00949	0.07065	0.00833	0.01014	0.08847	0.05961	0.01241	0.00683	0.00772	0.00506	0.00338	0.00318	0.00103	0.00440	0.00264	0.00189	0.09005
2	0.00489	0.00362	0.00417	0.00459	0.00491	0.03116	0.00304	0.00551	0.00674	0.00902	0.07519	0.52141	0.05083	0.20071	0.00719	0.00177	0.00241	0.00789	0.05218	0.00277
3	0.00926	0.79673	0.01789	0.00744	0.08937	0.01328	0.00642	0.01047	0.00717	0.00851	0.00501	0.00589	0.00458	0.00300	0.00235	0.00077	0.00377	0.00198	0.00151	0.00458
4	0.01314	0.06089	0.00857	0.00618	0.00874	0.00616	0.00511	0.06837	0.07861	0.55738	0.06921	0.01194	0.00974	0.00431	0.00340	0.00102	0.00294	0.00349	0.00381	0.07699
5	0.00788	0.17352	0.56233	0.01030	0.07925	0.04797	0.05057	0.01105	0.00752	0.01045	0.00603	0.00719	0.00456	0.00323	0.00316	0.00103	0.00490	0.00255	0.00153	0.00499
6	0.00633	0.00765	0.19203	0.00721	0.05407	0.00556	0.00628	0.00979	0.16506	0.02794	0.20845	0.21847	0.03756	0.00659	0.00389	0.00120	0.00292	0.03183	0.00299	0.00417
7	0.00425	0.00304	0.00405	0.00486	0.00506	0.00283	0.00324	0.00486	0.00668	0.00891	0.01923	0.87510	0.02308	0.01093	0.00445	0.00142	0.00202	0.00992	0.00324	0.00283
8	0.00752	0.00676	0.01153	0.54662	0.13191	0.00787	0.07952	0.00964	0.00724	0.05615	0.00696	0.03229	0.00553	0.00384	0.00418	0.00118	0.07184	0.00339	0.00179	0.00425

[dist]
# distance from previous block
# <min> <max>
0	4

[block]
# block no. 5 follows, 80 sequences, length 30
# corresponding to MSA columns:
# 388-417
name=unknown_F
#
# <colnr> <probs for GDERKNQSTAVLIFYWHMCP>
#	G	D	E	R	K	N	Q	S	T	A	V	L	I	F	Y	W	H	M	C	P
0	0.01016	0.14442	0.01290	0.07260	0.34443	0.21708	0.00834	0.10005	0.03753	0.01127	0.00644	0.00777	0.00527	0.00340	0.00320	0.00097	0.00456	0.00274	0.00194	0.00493
1	0.00566	0.00470	0.00748	0.22547	0.07430	0.00551	0.00619	0.00725	0.00613	0.00855	0.00834	0.01221	0.00745	0.01870	0.58135	0.00414	0.00777	0.00353	0.00178	0.00349
2	0.00412	0.00353	0.00353	0.00353	0.00471	0.00295	0.00265	0.00501	0.00795	0.00943	0.03535	0.03358	0.85420	0.00884	0.00412	0.00118	0.00177	0.00736	0.00324	0.00295
3	0.00505	0.00352	0.00441	0.00449	0.00473	0.00366	0.00297	0.00561	0.01531	0.00766	0.02824	0.09151	0.01326	0.53460	0.22193	0.00362	0.00468	0.03998	0.00224	0.00253
4	0.74849	0.00636	0.00518	0.00468	0.00669	0.00725	0.00385	0.02272	0.00643	0.04060	0.00637	0.00816	0.00518	0.00367	0.00238	0.00109	0.00267	0.04421	0.07020	0.00381
5	0.61955	0.00699	0.00758	0.00889	0.21451	0.00774	0.01785	0.01016	0.00652	0.01422	0.02053	0.00712	0.00494	0.00416	0.03603	0.00125	0.00334	0.00237	0.00207	0.00419
6	0.00835	0.07324	0.01162	0.00907	0.00966	0.04374	0.04978	0.00928	0.00600	0.04516	0.00515	0.00770	0.00478	0.00554	0.00972	0.00141	0.69113	0.00301	0.00167	0.00401
7	0.00524	0.00419	0.00480	0.00460	0.00545	0.04690	0.00342	0.00671	0.00950	0.01300	0.68883	0.08914	0.09037	0.00736	0.00409	0.00112	0.00192	0.00645	0.00365	0.00327
8	0.03475	0.00700	0.00886	0.07175	0.04679	0.00700	0.00596	0.23473	0.02788	0.45600	0.01235	0.01159	0.05034	0.00438	0.00350	0.00108	0.00330	0.00353	0.00366	0.00555
9	0.00822	0.22183	0.53190	0.00915	0.01344	0.04756	0.06868	0.01126	0.00757	0.04099	0.00622	0.00720	0.00465	0.00326	0.00311	0.00101	0.00484	0.00254	0.00162	0.00494
10	0.00500	0.00366	0.00523	0.00523	0.00572	0.00416	0.00389	0.00599	0.00550	0.00782	0.00969	0.01563	0.00956	0.20539	0.68547	0.00514	0.00809	0.00402	0.00192	0.00290
11	0.00641	0.00429	0.00614	0.00655	0.00758	0.00420	0.02705	0.00801	0.00818	0.07386	0.01822	0.03640	0.03836	0.00905	0.00469	0.00155	0.00323	0.72952	0.00326	0.00345
12	0.00673	0.01348	0.54842	0.07966	0.06947	0.00727	0.01045	0.01032	0.04851	0.01114	0.07281	0.01174	0.08673	0.00419	0.00349	0.00112	0.00435	0.00345	0.00194	0.00475
13	0.03703	0.07847	0.25082	0.00792	0.01093	0.00846	0.04017	0.18085	0.16347	0.03343	0.01042	0.03268	0.03896	0.00535	0.03583	0.00129	0.00408	0.05229	0.00259	0.00496
14	0.00425	0.00304	0.00405	0.00486	0.00506	0.00283	0.00324	0.00486	0.00668	0.00891	0.01923	0.87510	0.02308	0.01093	0.00445	0.00142	0.00202	0.00992	0.00324	0.00283
15	0.00964	0.00856	0.16897	0.18798	0.07817	0.00669	0.09780	0.01192	0.00829	0.27434	0.01066	0.02323	0.03759	0.00430	0.00365	0.00115	0.00409	0.05547	0.00262	0.00488
16	0.00838	0.52731	0.36211	0.00760	0.01147	0.01147	0.00880	0.01069	0.00720	0.00937	0.00543	0.00632	0.00445	0.00312	0.00268	0.00089	0.00431	0.00216	0.00148	0.00476
17	0.04450	0.36343	0.24193	0.00779	0.01106	0.19396	0.00796	0.07372	0.00842	0.01037	0.00561	0.00643	0.00455	0.00330	0.00281	0.00091	0.00463	0.00224	0.00173	0.00465
18	0.00922	0.83764	0.05913	0.00616	0.00925	0.01353	0.00631	0.01048	0.00710	0.00835	0.00492	0.00568	0.00447	0.00300	0.00229	0.00076	0.00380	0.00190	0.00149	0.00451
19	0.00800	0.16943	0.47422	0.00821	0.01234	0.04547	0.00946	0.04780	0.00780	0.01098	0.00605	0.00702	0.00464	0.00317	0.00299	0.00092	0.00441	0.00237	0.00169	0.17301
20	0.00708	0.04992	0.82818	0.00980	0.01487	0.00831	0.01264	0.01103	0.00736	0.01094	0.00621	0.00730	0.00442	0.00330	0.00328	0.00109	0.00510	0.00255	0.00147	0.00513
21	0.00780	0.00677	0.01129	0.47712	0.30889	0.00754	0.00942	0.00994	0.00765	0.06482	0.04985	0.01009	0.00665	0.00360	0.00351	0.00111	0.00422	0.00329	0.00191	0.00455
22	0.00502	0.00360	0.00490	0.00490	0.00528	0.00398	0.00348	0.00578	0.00540	0.00757	0.00999	0.01730	0.01028	0.36105	0.53080	0.00473	0.00700	0.00426	0.00197	0.00272
23	0.02941	0.00817	0.01360	0.11737	0.56987	0.01675	0.08660	0.05657	0.00839	0.04952	0.00694	0.00882	0.00551	0.00326	0.00349	0.00107	0.00428	0.00318	0.00193	0.00525
24	0.03196	0.00885	0.10479	0.10973	0.25739	0.00823	0.02925	0.17930	0.10433	0.05151	0.04950	0.03363	0.00786	0.00404	0.00351	0.00110	0.00387	0.00350	0.00251	0.00515
25	0.00735	0.00786	0.01616	0.01253	0.05231	0.00747	0.58455	0.00971	0.00793	0.01073	0.02269	0.13849	0.03867	0.00475	0.00435	0.00123	0.02605	0.04074	0.00212	0.00430
26	0.00507	0.00338	0.00381	0.00381	0.00381	0.00338	0.00211	0.00507	0.00507	0.00677	0.01099	0.02283	0.01268	0.87738	0.01776	0.00338	0.00338	0.00507	0.00211	0.00211
27	0.12428	0.00867	0.02338	0.01950	0.15788	0.01698	0.11846	0.34584	0.01136	0.10607	0.01903	0.00885	0.00613	0.00374	0.00339	0.00107	0.00392	0.00317	0.01297	0.00531
28	0.22547	0.07498	0.08499	0.08201	0.13250	0.02674	0.06090	0.13306	0.10119	0.01381	0.02089	0.00863	0.00601	0.00364	0.00311	0.00107	0.00381	0.01012	0.00229	0.00477
29	0.00520	0.00376	0.00553	0.00557	0.00620	0.00427	0.00433	0.00639	0.00585	0.02197	0.01035	0.02978	0.01002	0.07092	0.72544	0.00505	0.00834	0.06589	0.00204	0.00311

[dist]
# distance from previous block
# <min> <max>
0	1

[block]
# block no. 6 follows, 80 sequences, length 30
# corresponding to MSA columns:
# 419-448
name=unknown_G
#
# <colnr> <probs for GDERKNQSTAVLIFYWHMCP>
#	G	D	E	R	K	N	Q	S	T	A	V	L	I	F	Y	W	H	M	C	P
0	0.01050	0.18168	0.18984	0.01093	0.21907	0.01722	0.00848	0.10653	0.01764	0.19348	0.00798	0.00846	0.00584	0.00353	0.00320	0.00100	0.00399	0.00284	0.00240	0.00536
1	0.01008	0.46592	0.03150	0.00841	0.10136	0.14105	0.02878	0.02406	0.00803	0.08727	0.00695	0.05954	0.00615	0.00372	0.00285	0.00090	0.00408	0.00279	0.00197	0.00460
2	0.40909	0.22972	0.17739	0.00622	0.00906	0.05093	0.00625	0.01036	0.00674	0.01216	0.00592	0.05170	0.00513	0.00361	0.00258	0.00101	0.00359	0.00246	0.00189	0.00419
3	0.00433	0.00351	0.00384	0.00382	0.00485	0.00302	0.00284	0.00539	0.00835	0.01052	0.23532	0.07882	0.60612	0.00854	0.00414	0.00117	0.00175	0.00725	0.00339	0.00302
4	0.16696	0.23562	0.28816	0.00811	0.06197	0.00942	0.00804	0.02534	0.08375	0.07224	0.00696	0.00754	0.00528	0.00342	0.00288	0.00101	0.00390	0.00250	0.00204	0.00486
5	0.01225	0.00668	0.00812	0.00616	0.00891	0.00607	0.00504	0.18683	0.01047	0.40784	0.01171	0.01102	0.05156	0.00406	0.00328	0.00092	0.00298	0.00324	0.00347	0.24937
6	0.05107	0.44398	0.35201	0.00756	0.01136	0.01093	0.00862	0.03853	0.00753	0.03172	0.00576	0.00656	0.00458	0.00320	0.00274	0.00092	0.00423	0.00223	0.00165	0.00480
7	0.17507	0.32646	0.11689	0.00819	0.09514	0.05179	0.01603	0.07059	0.00799	0.04888	0.00659	0.00841	0.00554	0.00360	0.00282	0.00097	0.00385	0.04455	0.00201	0.00462
8	0.00429	0.00333	0.00391	0.00424	0.00495	0.00295	0.00302	0.00516	0.00764	0.00975	0.12385	0.38903	0.39484	0.00954	0.00427	0.00128	0.00188	0.01981	0.00331	0.00294
9	0.00756	0.01571	0.67158	0.00983	0.01455	0.00775	0.08975	0.01117	0.00757	0.05246	0.00670	0.00777	0.00477	0.00327	0.00334	0.00106	0.00491	0.00273	0.00169	0.07583
10	0.11585	0.25343	0.39255	0.03133	0.02713	0.00984	0.05163	0.06126	0.00771	0.01144	0.00588	0.00691	0.00452	0.00325	0.00294	0.00100	0.00439	0.00243	0.00170	0.00480
11	0.00495	0.00406	0.00524	0.00633	0.10018	0.00373	0.00422	0.00608	0.00782	0.00993	0.06259	0.18775	0.41968	0.00865	0.00423	0.00128	0.00233	0.15456	0.00309	0.00328
12	0.00495	0.00366	0.00545	0.00552	0.00609	0.00420	0.00424	0.00608	0.00567	0.00811	0.01005	0.08295	0.00981	0.02457	0.77179	0.02903	0.00859	0.00422	0.00197	0.00305
13	0.00886	0.01071	0.27262	0.05071	0.07923	0.00787	0.10953	0.04007	0.22019	0.11598	0.00998	0.02430	0.01403	0.00403	0.00357	0.00114	0.00412	0.01532	0.00254	0.00520
14	0.01021	0.07857	0.34180	0.01024	0.11577	0.15772	0.01769	0.08534	0.00903	0.13057	0.00729	0.00795	0.00531	0.00353	0.00327	0.00103	0.00471	0.00273	0.00214	0.00513
15	0.01417	0.00557	0.00749	0.00586	0.00829	0.00485	0.00480	0.01555	0.00979	0.73426	0.07402	0.01327	0.02248	0.00457	0.00350	0.00107	0.00278	0.00375	0.05841	0.00554
16	0.00631	0.00572	0.00777	0.00704	0.00718	0.00739	0.00553	0.00696	0.00564	0.00821	0.00978	0.13595	0.05361	0.16147	0.07630	0.00213	0.48308	0.00467	0.00199	0.00328
17	0.05652	0.07738	0.34403	0.02408	0.18168	0.02162	0.02691	0.02393	0.01526	0.18447	0.00778	0.00844	0.00557	0.00347	0.00326	0.00106	0.00426	0.00284	0.00220	0.00523
