[name]
unknown

[dist]
# distance from previous block
# <min> <max>
0	19

[block]
# block no. 0 follows, 65 sequences, length 13
# corresponding to MSA columns:
# 87-89,91-100
name=unknown_A
#
# <colnr> <probs for GDERKNQSTAVLIFYWHMCP>
#	G	D	E	R	K	N	Q	S	T	A	V	L	I	F	Y	W	H	M	C	P
0	0.09496	0.03758	0.04477	0.00721	0.02197	0.02137	0.00598	0.03883	0.03236	0.03308	0.01275	0.02255	0.01266	0.12676	0.02294	0.00179	0.02039	0.23930	0.00294	0.19984
1	0.13990	0.11817	0.01220	0.00889	0.02556	0.07905	0.04220	0.26416	0.21991	0.01826	0.02607	0.01063	0.00825	0.00467	0.00372	0.00123	0.00428	0.00357	0.00332	0.00596
2	0.00629	0.00364	0.00502	0.00530	0.00537	0.00357	0.00344	0.00557	0.00620	0.00827	0.01275	0.26316	0.01444	0.16536	0.01373	0.46334	0.00329	0.00639	0.00251	0.00237
3	0.26769	0.00860	0.01235	0.16325	0.41955	0.00928	0.00967	0.01185	0.00845	0.01430	0.00815	0.01022	0.03228	0.00400	0.00365	0.00127	0.00439	0.00339	0.00220	0.00545
4	0.00597	0.00398	0.00448	0.00448	0.00448	0.00398	0.00249	0.00597	0.00597	0.00796	0.01293	0.02686	0.01492	0.85574	0.02089	0.00398	0.00398	0.00597	0.00249	0.00249
5	0.01247	0.00765	0.00848	0.00708	0.00941	0.00811	0.00566	0.21695	0.21718	0.18372	0.01391	0.01367	0.01007	0.00508	0.00376	0.00120	0.00322	0.00406	0.26240	0.00593
6	0.01143	0.01120	0.02071	0.01498	0.01888	0.01107	0.57692	0.25024	0.01253	0.01690	0.00876	0.01071	0.00645	0.00389	0.00463	0.00134	0.00621	0.00451	0.00268	0.00596
7	0.00765	0.00383	0.00383	0.00383	0.00478	0.00383	0.00287	0.00956	0.00861	0.01530	0.01339	0.01530	0.01052	0.00478	0.00287	0.00096	0.00191	0.00383	0.87853	0.00383
8	0.00686	0.00546	0.00687	0.00634	0.00634	0.00652	0.00440	0.00712	0.00606	0.00853	0.01071	0.02158	0.01211	0.60529	0.01870	0.00334	0.25315	0.00527	0.00228	0.00308
9	0.62533	0.00683	0.00587	0.00533	0.00741	0.00763	0.00428	0.01079	0.00835	0.01784	0.24840	0.01375	0.01456	0.00516	0.00322	0.00128	0.00281	0.00376	0.00312	0.00428
10	0.00999	0.60604	0.01629	0.00608	0.00884	0.01258	0.00580	0.01149	0.00842	0.01132	0.00797	0.00916	0.00682	0.00389	0.00270	0.00090	0.00366	0.00268	0.26053	0.00484
11	0.00945	0.00903	0.01538	0.26741	0.59347	0.00957	0.01224	0.01198	0.00901	0.01255	0.00760	0.01039	0.00620	0.00379	0.00408	0.00126	0.00505	0.00365	0.00197	0.00593
12	0.46992	0.00758	0.00852	0.25380	0.01440	0.00861	0.00678	0.01303	0.00820	0.16274	0.00807	0.00925	0.00578	0.00413	0.00329	0.00130	0.00391	0.00299	0.00279	0.00494

[dist]
# distance from previous block
# <min> <max>
3	10

[block]
# block no. 1 follows, 65 sequences, length 32
# corresponding to MSA columns:
# 123-140,143-145,147-157
name=unknown_B
#
# <colnr> <probs for GDERKNQSTAVLIFYWHMCP>
#	G	D	E	R	K	N	Q	S	T	A	V	L	I	F	Y	W	H	M	C	P
0	0.01842	0.00699	0.00953	0.00730	0.01048	0.00603	0.00603	0.02000	0.01175	0.83298	0.01619	0.01397	0.01016	0.00508	0.00413	0.00127	0.00349	0.00413	0.00508	0.00699
1	0.01097	0.85821	0.02151	0.00702	0.01054	0.01624	0.00702	0.01229	0.00834	0.00966	0.00571	0.00658	0.00527	0.00351	0.00263	0.00088	0.00439	0.00219	0.00176	0.00527
2	0.00486	0.00414	0.00418	0.00421	0.00556	0.00346	0.00314	0.00588	0.00930	0.01107	0.04091	0.06843	0.79998	0.01048	0.00487	0.00140	0.00209	0.00877	0.00381	0.00346
3	0.00485	0.00416	0.00416	0.00416	0.00554	0.00347	0.00312	0.00589	0.00936	0.01109	0.04158	0.03950	0.82847	0.01040	0.00485	0.00139	0.00208	0.00866	0.00381	0.00347
4	0.01428	0.01084	0.01158	0.00918	0.01223	0.01211	0.00748	0.62192	0.21597	0.02374	0.01153	0.01119	0.00834	0.00508	0.00412	0.00127	0.00421	0.00393	0.00412	0.00686
5	0.01206	0.00860	0.00946	0.00816	0.01069	0.00953	0.00645	0.08181	0.59925	0.16593	0.01603	0.01465	0.01164	0.00542	0.00414	0.00135	0.00337	0.00446	0.02045	0.00657
6	0.00632	0.00462	0.00587	0.00543	0.00653	0.00441	0.00411	0.03909	0.03761	0.01684	0.77101	0.02938	0.03669	0.00817	0.00479	0.00129	0.00208	0.00719	0.00449	0.00408
7	0.00828	0.02090	0.80807	0.01188	0.01789	0.00956	0.04123	0.01300	0.00870	0.01300	0.00740	0.00874	0.00523	0.00389	0.00393	0.00130	0.00609	0.00309	0.00174	0.00605
8	0.00596	0.00400	0.00459	0.00459	0.00463	0.00404	0.00263	0.00604	0.00600	0.00804	0.01283	0.02628	0.01467	0.81124	0.06505	0.00412	0.00436	0.00588	0.00247	0.00255
9	0.01107	0.79767	0.02058	0.00708	0.01046	0.05114	0.00694	0.01239	0.00849	0.00984	0.00596	0.00687	0.00542	0.00358	0.00269	0.00089	0.00445	0.00226	0.02704	0.00520
10	0.00994	0.04557	0.02580	0.03080	0.01193	0.01159	0.05419	0.09893	0.00839	0.03718	0.00678	0.00951	0.00597	0.00696	0.03954	0.00173	0.52996	0.00358	0.00222	0.05944
11	0.01053	0.00910	0.01044	0.02986	0.03534	0.01037	0.04153	0.08025	0.68446	0.01738	0.01535	0.01447	0.01150	0.00534	0.00420	0.00137	0.00360	0.00453	0.00396	0.00644
12	0.88473	0.00794	0.00603	0.00540	0.00794	0.00921	0.00445	0.01207	0.00699	0.01842	0.00572	0.00667	0.00445	0.00381	0.00254	0.00127	0.00318	0.00222	0.00254	0.00445
13	0.01326	0.35941	0.05088	0.00918	0.01203	0.47028	0.00787	0.01458	0.01017	0.01002	0.00613	0.00713	0.00528	0.00392	0.00328	0.00100	0.00612	0.00248	0.00195	0.00502
14	0.00588	0.00432	0.00619	0.00619	0.00678	0.00491	0.00462	0.00707	0.00648	0.00922	0.01137	0.01821	0.01117	0.19095	0.68055	0.00609	0.00963	0.00470	0.00225	0.00344
15	0.00500	0.00357	0.00476	0.00572	0.00595	0.00333	0.00381	0.00572	0.00786	0.01048	0.02262	0.85306	0.02715	0.01286	0.00524	0.00167	0.00238	0.01167	0.00381	0.00333
16	0.04307	0.00701	0.00943	0.00725	0.01041	0.00612	0.00599	0.01978	0.01161	0.80979	0.01590	0.01376	0.01000	0.00504	0.00408	0.00127	0.00348	0.00407	0.00501	0.00691
17	0.01021	0.00882	0.00928	0.00835	0.01067	0.01021	0.00650	0.02181	0.82272	0.01717	0.01671	0.01532	0.01253	0.00557	0.00418	0.00139	0.00325	0.00464	0.00418	0.00650
18	0.88473	0.00794	0.00603	0.00540	0.00794	0.00921	0.00445	0.01207	0.00699	0.01842	0.00572	0.00667	0.00445	0.00381	0.00254	0.00127	0.00318	0.00222	0.00254	0.00445
19	0.01097	0.85821	0.02151	0.00702	0.01054	0.01624	0.00702	0.01229	0.00834	0.00966	0.00571	0.00658	0.00527	0.00351	0.00263	0.00088	0.00439	0.00219	0.00176	0.00527
20	0.00971	0.00929	0.01585	0.17827	0.68057	0.00964	0.01237	0.01220	0.00913	0.01287	0.00764	0.01031	0.00631	0.00374	0.00407	0.00125	0.00499	0.00366	0.00199	0.00614
21	0.88473	0.00794	0.00603	0.00540	0.00794	0.00921	0.00445	0.01207	0.00699	0.01842	0.00572	0.00667	0.00445	0.00381	0.00254	0.00127	0.00318	0.00222	0.00254	0.00445
22	0.88473	0.00794	0.00603	0.00540	0.00794	0.00921	0.00445	0.01207	0.00699	0.01842	0.00572	0.00667	0.00445	0.00381	0.00254	0.00127	0.00318	0.00222	0.00254	0.00445
23	0.00775	0.00730	0.01231	0.84587	0.02827	0.00912	0.01140	0.01049	0.00821	0.01049	0.00730	0.01094	0.00547	0.00410	0.00410	0.00137	0.00547	0.00365	0.00182	0.00456
24	0.00581	0.00420	0.00549	0.00516	0.00613	0.00387	0.00387	0.00775	0.01162	0.01646	0.82797	0.03066	0.03873	0.00839	0.00484	0.00129	0.00194	0.00742	0.00452	0.00387
25	0.00581	0.00420	0.00549	0.00516	0.00613	0.00387	0.00387	0.00775	0.01162	0.01646	0.82797	0.03066	0.03873	0.00839	0.00484	0.00129	0.00194	0.00742	0.00452	0.00387
26	0.00506	0.00361	0.00482	0.00578	0.00604	0.00338	0.00390	0.00581	0.00791	0.01054	0.02259	0.82613	0.02703	0.01281	0.00525	0.00167	0.00243	0.03807	0.00381	0.00335
27	0.00597	0.00398	0.00448	0.00448	0.00448	0.00398	0.00249	0.00597	0.00597	0.00796	0.01293	0.02686	0.01492	0.85574	0.02089	0.00398	0.00398	0.00597	0.00249	0.00249
28	0.00827	0.02097	0.81316	0.01185	0.01786	0.00956	0.03621	0.01300	0.00869	0.01300	0.00739	0.00873	0.00523	0.00389	0.00392	0.00130	0.00609	0.00308	0.00174	0.00605
29	0.00796	0.00751	0.01269	0.77513	0.09739	0.00917	0.01150	0.01067	0.00831	0.01074	0.00733	0.01088	0.00556	0.00407	0.00410	0.00136	0.00542	0.00365	0.00184	0.00473
30	0.01536	0.01868	0.01171	0.01045	0.01269	0.74915	0.00792	0.10361	0.01247	0.01177	0.00673	0.00767	0.00547	0.00431	0.00375	0.00108	0.00709	0.00276	0.00233	0.00500
31	0.01002	0.05676	0.43564	0.06514	0.01716	0.16848	0.10945	0.02682	0.00937	0.01220	0.00715	0.00880	0.00540	0.00408	0.00440	0.00127	0.04718	0.00322	0.00190	0.00556

[dist]
# distance from previous block
# <min> <max>
1	21

[block]
# block no. 2 follows, 65 sequences, length 39
# corresponding to MSA columns:
# 179-217
name=unknown_C
#
# <colnr> <probs for GDERKNQSTAVLIFYWHMCP>
#	G	D	E	R	K	N	Q	S	T	A	V	L	I	F	Y	W	H	M	C	P
0	0.03994	0.00994	0.01649	0.07348	0.62412	0.02729	0.08982	0.04507	0.00968	0.01381	0.00774	0.01011	0.00634	0.00373	0.00408	0.00124	0.00509	0.00370	0.00213	0.00620
1	0.25501	0.00983	0.00939	0.00820	0.01033	0.08296	0.00656	0.10399	0.31700	0.01678	0.01033	0.01069	0.00799	0.00513	0.00503	0.00137	0.12717	0.00354	0.00318	0.00553
2	0.00802	0.00393	0.00402	0.00394	0.00498	0.00390	0.00298	0.00992	0.00871	0.04302	0.01349	0.01526	0.01051	0.00479	0.00291	0.00097	0.00197	0.00384	0.84892	0.00393
3	0.00823	0.02123	0.83447	0.01170	0.01777	0.00953	0.01517	0.01300	0.00867	0.01300	0.00737	0.00867	0.00520	0.00390	0.00390	0.00130	0.00607	0.00303	0.00173	0.00607
4	0.00586	0.00440	0.00660	0.00660	0.00733	0.00513	0.00513	0.00733	0.00660	0.00953	0.01100	0.01613	0.01026	0.03079	0.83947	0.00660	0.01100	0.00440	0.00220	0.00367
5	0.00991	0.00950	0.01622	0.10920	0.74805	0.00969	0.01248	0.01238	0.00923	0.01311	0.00768	0.01024	0.00640	0.00370	0.00407	0.00123	0.00494	0.00366	0.00201	0.00630
6	0.00621	0.00417	0.00467	0.00460	0.00468	0.00420	0.00262	0.02607	0.00630	0.00840	0.01286	0.02644	0.01473	0.83463	0.02048	0.00391	0.00399	0.00591	0.00253	0.00260
7	0.00719	0.00637	0.00885	0.00818	0.00839	0.00819	0.00642	0.00808	0.00663	0.00971	0.01083	0.17881	0.01177	0.10418	0.19489	0.00306	0.40661	0.00562	0.00236	0.00387
8	0.01021	0.00882	0.00928	0.00835	0.01067	0.01021	0.00650	0.02181	0.82272	0.01717	0.01671	0.01532	0.01253	0.00557	0.00418	0.00139	0.00325	0.00464	0.00418	0.00650
9	0.00823	0.02123	0.83447	0.01170	0.01777	0.00953	0.01517	0.01300	0.00867	0.01300	0.00737	0.00867	0.00520	0.00390	0.00390	0.00130	0.00607	0.00303	0.00173	0.00607
10	0.00597	0.00398	0.00448	0.00448	0.00448	0.00398	0.00249	0.00597	0.00597	0.00796	0.01293	0.02686	0.01492	0.85574	0.02089	0.00398	0.00398	0.00597	0.00249	0.00249
11	0.00969	0.01107	0.02422	0.01730	0.02145	0.01038	0.81522	0.01315	0.00969	0.01315	0.00830	0.01107	0.00623	0.00346	0.00484	0.00138	0.00692	0.00484	0.00208	0.00554
12	0.01560	0.01150	0.01232	0.00944	0.01273	0.01273	0.00780	0.81645	0.01930	0.02587	0.00986	0.00986	0.00698	0.00493	0.00411	0.00123	0.00452	0.00370	0.00411	0.00698
13	0.00898	0.00898	0.01257	0.01078	0.01078	0.01257	0.00898	0.00988	0.00629	0.00988	0.00539	0.00898	0.00539	0.00718	0.01347	0.00180	0.84823	0.00359	0.00180	0.00449
14	0.00915	0.30002	0.56369	0.01014	0.01536	0.01177	0.01245	0.01276	0.00856	0.01189	0.00681	0.00797	0.00522	0.00377	0.00348	0.00116	0.00551	0.00275	0.00174	0.00580
15	0.01181	0.00719	0.00885	0.00649	0.00998	0.00566	0.00525	0.01356	0.00959	0.28637	0.01026	0.01033	0.00744	0.00372	0.00340	0.00083	0.00319	0.00300	0.00331	0.58977
16	0.00823	0.02123	0.83447	0.01170	0.01777	0.00953	0.01517	0.01300	0.00867	0.01300	0.00737	0.00867	0.00520	0.00390	0.00390	0.00130	0.00607	0.00303	0.00173	0.00607
17	0.00597	0.00398	0.00448	0.00448	0.00448	0.00398	0.00249	0.00597	0.00597	0.00796	0.01293	0.02686	0.01492	0.85574	0.02089	0.00398	0.00398	0.00597	0.00249	0.00249
18	0.01097	0.85821	0.02151	0.00702	0.01054	0.01624	0.00702	0.01229	0.00834	0.00966	0.00571	0.00658	0.00527	0.00351	0.00263	0.00088	0.00439	0.00219	0.00176	0.00527
19	0.00586	0.00440	0.00660	0.00660	0.00733	0.00513	0.00513	0.00733	0.00660	0.00953	0.01100	0.01613	0.01026	0.03079	0.83947	0.00660	0.01100	0.00440	0.00220	0.00367
20	0.00500	0.00357	0.00476	0.00572	0.00595	0.00333	0.00381	0.00572	0.00786	0.01048	0.02262	0.85306	0.02715	0.01286	0.00524	0.00167	0.00238	0.01167	0.00381	0.00333
21	0.01016	0.00975	0.01666	0.02520	0.83013	0.00975	0.01260	0.01260	0.00935	0.01341	0.00772	0.01016	0.00650	0.00366	0.00406	0.00122	0.00488	0.00366	0.00203	0.00650
22	0.01560	0.01150	0.01232	0.00944	0.01273	0.01273	0.00780	0.81645	0.01930	0.02587	0.00986	0.00986	0.00698	0.00493	0.00411	0.00123	0.00452	0.00370	0.00411	0.00698
23	0.00500	0.00357	0.00476	0.00572	0.00595	0.00333	0.00381	0.00572	0.00786	0.01048	0.02262	0.85306	0.02715	0.01286	0.00524	0.00167	0.00238	0.01167	0.00381	0.00333
24	0.00823	0.02123	0.83447	0.01170	0.01777	0.00953	0.01517	0.01300	0.00867	0.01300	0.00737	0.00867	0.00520	0.00390	0.00390	0.00130	0.00607	0.00303	0.00173	0.00607
25	0.00485	0.00416	0.00416	0.00416	0.00554	0.00347	0.00312	0.00589	0.00936	0.01109	0.04158	0.03950	0.82847	0.01040	0.00485	0.00139	0.00208	0.00866	0.00381	0.00347
26	0.00823	0.02123	0.83447	0.01170	0.01777	0.00953	0.01517	0.01300	0.00867	0.01300	0.00737	0.00867	0.00520	0.00390	0.00390	0.00130	0.00607	0.00303	0.00173	0.00607
27	0.00823	0.02123	0.83447	0.01170	0.01777	0.00953	0.01517	0.01300	0.00867	0.01300	0.00737	0.00867	0.00520	0.00390	0.00390	0.00130	0.00607	0.00303	0.00173	0.00607
28	0.01016	0.00972	0.01643	0.02466	0.80415	0.00977	0.01240	0.01289	0.03514	0.01353	0.00801	0.01032	0.00669	0.00372	0.00407	0.00122	0.00482	0.00369	0.00210	0.00650
29	0.00485	0.00416	0.00416	0.00416	0.00554	0.00347	0.00312	0.00589	0.00936	0.01109	0.04158	0.03950	0.82847	0.01040	0.00485	0.00139	0.00208	0.00866	0.00381	0.00347
30	0.01533	0.01956	0.01163	0.01058	0.01269	0.83926	0.00793	0.01639	0.01163	0.01005	0.00635	0.00740	0.00529	0.00423	0.00370	0.00106	0.00740	0.00264	0.00212	0.00476
31	0.00986	0.01011	0.03608	0.06848	0.59073	0.00990	0.16930	0.01253	0.00926	0.01311	0.00775	0.01032	0.00634	0.00373	0.00443	0.00127	0.02473	0.00387	0.00202	0.00615
32	0.00485	0.00416	0.00416	0.00416	0.00554	0.00347	0.00312	0.00589	0.00936	0.01109	0.04158	0.03950	0.82847	0.01040	0.00485	0.00139	0.00208	0.00866	0.00381	0.00347
33	0.00988	0.00972	0.03556	0.08325	0.73478	0.00957	0.01236	0.01239	0.00923	0.01323	0.00781	0.01030	0.00649	0.00372	0.00404	0.00123	0.00488	0.00365	0.02164	0.00629
34	0.00713	0.00357	0.00535	0.00535	0.00535	0.00357	0.00357	0.00535	0.00535	0.00713	0.00713	0.01248	0.00713	0.01426	0.01604	0.88057	0.00357	0.00357	0.00178	0.00178
35	0.00695	0.00376	0.00407	0.00433	0.00509	0.00370	0.00312	0.00854	0.00841	0.01402	0.01584	0.23764	0.01493	0.00693	0.00350	0.00115	0.00204	0.00591	0.64639	0.00370
36	0.00892	0.00847	0.01431	0.43487	0.41202	0.00935	0.01183	0.01150	0.00876	0.01195	0.00750	0.01052	0.00598	0.00387	0.00406	0.00128	0.00514	0.00363	0.00194	0.02411
37	0.00881	0.00778	0.01149	0.57075	0.02253	0.00882	0.00961	0.09760	0.02840	0.01287	0.00779	0.01045	0.00592	0.00402	0.00390	0.00120	0.00484	0.00344	0.00224	0.17755
38	0.06855	0.01023	0.01842	0.01364	0.01717	0.01022	0.50814	0.09369	0.15069	0.01537	0.01111	0.01257	0.04134	0.00428	0.00450	0.00136	0.00560	0.00468	0.00274	0.00569

[dist]
# distance from previous block
# <min> <max>
0	1

[block]
# block no. 3 follows, 65 sequences, length 36
# corresponding to MSA columns:
# 220-251,274-277
name=unknown_D
#
# <colnr> <probs for GDERKNQSTAVLIFYWHMCP>
#	G	D	E	R	K	N	Q	S	T	A	V	L	I	F	Y	W	H	M	C	P
0	0.01476	0.05421	0.01312	0.08501	0.07709	0.09401	0.10561	0.06493	0.01122	0.40913	0.01172	0.01167	0.00798	0.00448	0.00407	0.00124	0.00470	0.00383	0.00362	0.01760
1	0.01668	0.01005	0.01121	0.00866	0.01186	0.04122	0.00712	0.47779	0.01609	0.33798	0.01218	0.01136	0.00815	0.00496	0.00410	0.00124	0.00423	0.00382	0.00441	0.00690
2	0.00842	0.00822	0.01147	0.01006	0.01010	0.01127	0.00825	0.00929	0.00651	0.00996	0.00782	0.12782	0.00845	0.00798	0.01231	0.00178	0.72914	0.00473	0.00208	0.00433
3	0.00602	0.00416	0.00532	0.00540	0.00575	0.00440	0.00370	0.00673	0.00655	0.00911	0.01308	0.04034	0.01401	0.47210	0.29513	0.00456	0.00622	0.05894	0.03545	0.00304
4	0.00499	0.00360	0.00474	0.00565	0.00594	0.00334	0.00378	0.00572	0.00792	0.01050	0.02341	0.81933	0.06037	0.01276	0.00522	0.00166	0.00237	0.01154	0.00381	0.00334
5	0.00500	0.00357	0.00476	0.00572	0.00595	0.00333	0.00381	0.00572	0.00786	0.01048	0.02262	0.85306	0.02715	0.01286	0.00524	0.00167	0.00238	0.01167	0.00381	0.00333
6	0.01537	0.01138	0.01219	0.00940	0.01264	0.01262	0.00775	0.78244	0.05368	0.02550	0.01015	0.01009	0.00722	0.00496	0.00411	0.00124	0.00446	0.00374	0.00411	0.00696
7	0.01021	0.00882	0.00928	0.00835	0.01067	0.01021	0.00650	0.02181	0.82272	0.01717	0.01671	0.01532	0.01253	0.00557	0.00418	0.00139	0.00325	0.00464	0.00418	0.00650
8	0.01533	0.01956	0.01163	0.01058	0.01269	0.83926	0.00793	0.01639	0.01163	0.01005	0.00635	0.00740	0.00529	0.00423	0.00370	0.00106	0.00740	0.00264	0.00212	0.00476
9	0.01097	0.85821	0.02151	0.00702	0.01054	0.01624	0.00702	0.01229	0.00834	0.00966	0.00571	0.00658	0.00527	0.00351	0.00263	0.00088	0.00439	0.00219	0.00176	0.00527
10	0.01016	0.00975	0.01666	0.02520	0.83013	0.00975	0.01260	0.01260	0.00935	0.01341	0.00772	0.01016	0.00650	0.00366	0.00406	0.00122	0.00488	0.00366	0.00203	0.00650
11	0.01021	0.00882	0.00928	0.00835	0.01067	0.01021	0.00650	0.02181	0.82272	0.01717	0.01671	0.01532	0.01253	0.00557	0.00418	0.00139	0.00325	0.00464	0.00418	0.00650
12	0.00485	0.00416	0.00416	0.00416	0.00554	0.00347	0.00312	0.00589	0.00936	0.01109	0.04158	0.03950	0.82847	0.01040	0.00485	0.00139	0.00208	0.00866	0.00381	0.00347
13	0.01016	0.00975	0.01666	0.02520	0.83013	0.00975	0.01260	0.01260	0.00935	0.01341	0.00772	0.01016	0.00650	0.00366	0.00406	0.00122	0.00488	0.00366	0.00203	0.00650
14	0.00500	0.00357	0.00476	0.00572	0.00595	0.00333	0.00381	0.00572	0.00786	0.01048	0.02262	0.85306	0.02715	0.01286	0.00524	0.00167	0.00238	0.01167	0.00381	0.00333
15	0.00713	0.00357	0.00535	0.00535	0.00535	0.00357	0.00357	0.00535	0.00535	0.00713	0.00713	0.01248	0.00713	0.01426	0.01604	0.88057	0.00357	0.00357	0.00178	0.00178
16	0.01016	0.00975	0.01666	0.02520	0.83013	0.00975	0.01260	0.01260	0.00935	0.01341	0.00772	0.01016	0.00650	0.00366	0.00406	0.00122	0.00488	0.00366	0.00203	0.00650
17	0.00552	0.00417	0.00509	0.00489	0.00596	0.00374	0.00366	0.00717	0.01089	0.01480	0.58581	0.05139	0.26376	0.00906	0.00485	0.00133	0.00199	0.00787	0.00430	0.00374
18	0.00652	0.00476	0.00639	0.00593	0.00649	0.00493	0.04633	0.03725	0.00704	0.00959	0.03152	0.02350	0.01387	0.54404	0.20923	0.00423	0.00574	0.02693	0.00254	0.00316
19	0.00871	0.16551	0.69433	0.01089	0.01652	0.01069	0.01376	0.01288	0.00861	0.01242	0.00708	0.00831	0.00521	0.00383	0.00368	0.00123	0.00578	0.00289	0.00174	0.00593
20	0.00991	0.00950	0.01621	0.10988	0.74739	0.00969	0.01247	0.01238	0.00923	0.01311	0.00768	0.01024	0.00640	0.00370	0.00407	0.00123	0.00494	0.00366	0.00201	0.00630
21	0.01392	0.01280	0.01398	0.01083	0.01403	0.18681	0.15113	0.43489	0.03064	0.01925	0.00880	0.00957	0.00653	0.00440	0.00408	0.00118	0.00543	0.00361	0.00321	0.06490
22	0.00502	0.00379	0.00464	0.00522	0.00585	0.00341	0.00361	0.00592	0.00858	0.01111	0.08880	0.55350	0.26209	0.01180	0.00510	0.00156	0.00226	0.01047	0.00386	0.00341
23	0.01018	0.01007	0.01573	0.13702	0.66505	0.06534	0.01212	0.01256	0.00934	0.01278	0.00757	0.01008	0.00628	0.00376	0.00404	0.00123	0.00513	0.00359	0.00201	0.00612
24	0.00639	0.00419	0.00552	0.00552	0.00640	0.00385	0.00404	0.00788	0.01030	0.06910	0.47572	0.29909	0.05011	0.00974	0.00494	0.00143	0.00223	0.02537	0.00429	0.00389
25	0.00581	0.00420	0.00549	0.00516	0.00613	0.00387	0.00387	0.00775	0.01162	0.01646	0.82797	0.03066	0.03873	0.00839	0.00484	0.00129	0.00194	0.00742	0.00452	0.00387
26	0.01681	0.00942	0.01066	0.00832	0.01144	0.05320	0.00681	0.31584	0.05375	0.44971	0.01334	0.01216	0.00883	0.00500	0.00410	0.00125	0.00407	0.00391	0.00452	0.00684
27	0.00881	0.03641	0.75837	0.01152	0.01734	0.00966	0.02863	0.03446	0.00905	0.03764	0.00768	0.00886	0.00541	0.00395	0.00390	0.00129	0.00593	0.00310	0.00190	0.00609
28	0.07372	0.01785	0.01134	0.01010	0.01238	0.68756	0.00768	0.10901	0.01221	0.01245	0.00671	0.00764	0.00543	0.00428	0.00367	0.00109	0.00678	0.00274	0.00237	0.00500
29	0.01535	0.01902	0.01168	0.01050	0.01269	0.78378	0.00792	0.07009	0.01215	0.01111	0.00658	0.00757	0.00540	0.00428	0.00373	0.00107	0.00721	0.00271	0.00225	0.00491
30	0.03325	0.00476	0.00643	0.00673	0.00713	0.00516	0.02062	0.00700	0.02413	0.01083	0.01916	0.66888	0.02253	0.01141	0.00634	0.00166	0.12699	0.00991	0.00345	0.00365
31	0.01390	0.01185	0.03284	0.00916	0.01183	0.15873	0.00748	0.42379	0.08392	0.07400	0.01063	0.03036	0.00833	0.03302	0.02854	0.00150	0.03369	0.01682	0.00356	0.00606
32	0.13322	0.19127	0.14899	0.01918	0.01188	0.05439	0.03442	0.03369	0.06308	0.03720	0.00893	0.02650	0.03804	0.00508	0.00551	0.00131	0.17635	0.00345	0.00234	0.00517
33	0.28632	0.20017	0.07701	0.02939	0.01064	0.02212	0.00671	0.10958	0.03861	0.05702	0.00867	0.05157	0.00740	0.02259	0.00379	0.00126	0.01460	0.01860	0.00273	0.03120
34	0.03435	0.00899	0.06530	0.00879	0.01088	0.08882	0.10892	0.08457	0.05498	0.04168	0.06035	0.26202	0.01524	0.02654	0.01844	0.00153	0.03363	0.02455	0.00319	0.04723
35	0.07977	0.06583	0.01075	0.08599	0.02757	0.07089	0.02338	0.03093	0.24662	0.06049	0.02160	0.01298	0.02696	0.04267	0.04824	0.00172	0.11816	0.00398	0.00296	0.01851

[dist]
# distance from previous block
# <min> <max>
3	59

[block]
# block no. 4 follows, 65 sequences, length 227
# corresponding to MSA columns:
# 396-464,466-486,544-571,573-578,647-698,707-757
name=unknown_E
#
# <colnr> <probs for GDERKNQSTAVLIFYWHMCP>
#	G	D	E	R	K	N	Q	S	T	A	V	L	I	F	Y	W	H	M	C	P
0	0.02226	0.03575	0.00737	0.00645	0.04246	0.03261	0.00444	0.02529	0.00855	0.05909	0.11213	0.06560	0.05586	0.28662	0.01800	0.00207	0.00354	0.00522	0.00298	0.20371
1	0.04207	0.00830	0.01008	0.14226	0.12367	0.05885	0.00754	0.11439	0.13108	0.06878	0.01404	0.15653	0.05411	0.02138	0.00464	0.00140	0.01278	0.00537	0.00322	0.01951
2	0.08369	0.07069	0.01222	0.00932	0.02700	0.13241	0.04780	0.35315	0.06410	0.08705	0.03079	0.01110	0.03085	0.00486	0.00403	0.00122	0.01657	0.00370	0.00344	0.00601
3	0.02714	0.00662	0.00836	0.01856	0.02581	0.00624	0.01866	0.08685	0.06481	0.25069	0.07036	0.15551	0.08440	0.00699	0.00434	0.00130	0.00323	0.04179	0.00399	0.11437
4	0.02471	0.04463	0.02389	0.03787	0.03733	0.05884	0.17789	0.28496	0.05372	0.11047	0.00967	0.01044	0.00706	0.00441	0.00436	0.00123	0.03009	0.00379	0.00321	0.07143
5	0.02772	0.22217	0.03058	0.00912	0.03171	0.12164	0.06053	0.10576	0.05268	0.09201	0.02631	0.07792	0.00913	0.02118	0.02143	0.00137	0.06231	0.00405	0.00282	0.01957
6	0.00502	0.00358	0.00476	0.00569	0.00592	0.00335	0.00378	0.00572	0.00782	0.01043	0.02243	0.83655	0.02691	0.02970	0.00555	0.00171	0.00241	0.01156	0.00378	0.00332
7	0.00918	0.00877	0.01488	0.29234	0.50722	0.00942	0.02661	0.01163	0.00884	0.01222	0.00805	0.01111	0.01577	0.02278	0.00468	0.00135	0.02371	0.00378	0.00199	0.00568
8	0.00512	0.00364	0.00483	0.00574	0.00600	0.00343	0.00387	0.00585	0.00784	0.01044	0.02213	0.77873	0.02642	0.05271	0.00600	0.00179	0.00252	0.04592	0.00375	0.00331
9	0.00851	0.00730	0.00851	0.00608	0.00973	0.00547	0.00486	0.01034	0.00851	0.01338	0.00730	0.00851	0.00608	0.00304	0.00304	0.00061	0.00304	0.00243	0.00243	0.88083
10	0.00831	0.00813	0.01458	0.63179	0.11389	0.00938	0.13318	0.01112	0.00856	0.01121	0.00749	0.01088	0.00570	0.00396	0.00421	0.00135	0.00563	0.00383	0.00188	0.00492
11	0.00559	0.00399	0.00544	0.00639	0.00689	0.00384	0.00484	0.00674	0.00844	0.01114	0.02230	0.55760	0.02586	0.01230	0.00540	0.00175	0.00289	0.30130	0.00380	0.00350
12	0.01187	0.00987	0.02819	0.00922	0.01199	0.03364	0.07158	0.22046	0.42154	0.06838	0.04042	0.01418	0.02899	0.00533	0.00423	0.00133	0.00399	0.00448	0.00394	0.00636
13	0.00830	0.04231	0.01225	0.00983	0.01107	0.02634	0.13681	0.00990	0.02082	0.02212	0.02442	0.13953	0.01047	0.02742	0.11815	0.00226	0.32806	0.00514	0.00238	0.04240
14	0.00901	0.00916	0.01395	0.01152	0.01207	0.01213	0.11313	0.01026	0.00682	0.01042	0.02090	0.00965	0.00611	0.00673	0.01220	0.00173	0.72389	0.00382	0.00188	0.00461
15	0.01078	0.79765	0.08033	0.00736	0.01106	0.01576	0.00761	0.01234	0.00836	0.00990	0.00583	0.00674	0.00526	0.00354	0.00273	0.00091	0.00451	0.00226	0.00175	0.00533
16	0.01055	0.00997	0.01202	0.02832	0.24181	0.08185	0.02866	0.03065	0.43864	0.01515	0.01274	0.01367	0.01002	0.00502	0.00432	0.00133	0.01917	0.02667	0.00325	0.00619
17	0.00519	0.00412	0.00466	0.00463	0.00578	0.00359	0.00343	0.00651	0.01000	0.01286	0.30755	0.10601	0.49127	0.00992	0.00488	0.00138	0.00206	0.00850	0.00405	0.00359
18	0.00554	0.00437	0.00502	0.00482	0.00604	0.00394	0.00363	0.00745	0.04395	0.01397	0.42524	0.03418	0.40855	0.00922	0.00482	0.00134	0.00206	0.00789	0.00417	0.00379
19	0.01759	0.00736	0.00965	0.00748	0.01059	0.00670	0.00615	0.07387	0.05959	0.72066	0.02580	0.01398	0.01044	0.00514	0.00414	0.00127	0.00353	0.00417	0.00495	0.00692
20	0.01833	0.00712	0.00961	0.00737	0.01055	0.00623	0.00609	0.04369	0.01197	0.80898	0.01601	0.01385	0.01007	0.00508	0.00413	0.00127	0.00352	0.00412	0.00505	0.00699
21	0.00802	0.00572	0.00809	0.00692	0.00855	0.00556	0.07386	0.04503	0.07655	0.08661	0.54720	0.02537	0.02890	0.00801	0.02828	0.00147	0.00301	0.02402	0.00423	0.00462
22	0.00851	0.00730	0.00851	0.00608	0.00973	0.00547	0.00486	0.01034	0.00851	0.01338	0.00730	0.00851	0.00608	0.00304	0.00304	0.00061	0.00304	0.00243	0.00243	0.88083
23	0.00842	0.00798	0.01352	0.61877	0.25016	0.00930	0.01173	0.01107	0.00852	0.01130	0.00741	0.01073	0.00576	0.00398	0.00409	0.00133	0.00531	0.00365	0.00188	0.00510
24	0.00900	0.00857	0.01457	0.41999	0.44439	0.00945	0.01202	0.01158	0.00880	0.01200	0.00752	0.01054	0.00601	0.00387	0.00408	0.00129	0.00516	0.00365	0.00193	0.00557
25	0.00682	0.00558	0.00619	0.00579	0.00731	0.00565	0.00441	0.01137	0.25535	0.01489	0.32151	0.02898	0.29388	0.00821	0.00464	0.00135	0.00238	0.00700	0.00418	0.00453
26	0.00587	0.00439	0.00656	0.00656	0.00728	0.00511	0.00508	0.00730	0.00659	0.00950	0.01103	0.01633	0.01035	0.04614	0.82424	0.00655	0.01086	0.00443	0.00220	0.00364
27	0.01744	0.00856	0.01050	0.00805	0.01126	0.00836	0.00665	0.29719	0.01438	0.55208	0.01399	0.01254	0.00905	0.00503	0.00412	0.00126	0.00385	0.00398	0.00474	0.00698
28	0.01533	0.01956	0.01163	0.01058	0.01269	0.83926	0.00793	0.01639	0.01163	0.01005	0.00635	0.00740	0.00529	0.00423	0.00370	0.00106	0.00740	0.00264	0.00212	0.00476
29	0.01842	0.00699	0.00953	0.00730	0.01048	0.00603	0.00603	0.02000	0.01175	0.83298	0.01619	0.01397	0.01016	0.00508	0.00413	0.00127	0.00349	0.00413	0.00508	0.00699
30	0.00898	0.00898	0.01257	0.01078	0.01078	0.01257	0.00898	0.00988	0.00629	0.00988	0.00539	0.00898	0.00539	0.00718	0.01347	0.00180	0.84823	0.00359	0.00180	0.00449
31	0.03644	0.00736	0.00940	0.00746	0.01046	0.00690	0.00609	0.02017	0.16674	0.65853	0.01606	0.01406	0.01048	0.00515	0.00410	0.00129	0.00344	0.00418	0.00485	0.00683
32	0.00586	0.00440	0.00660	0.00660	0.00733	0.00513	0.00513	0.00733	0.00660	0.00953	0.01100	0.01613	0.01026	0.03079	0.83947	0.00660	0.01100	0.00440	0.00220	0.00367
33	0.00898	0.00898	0.01257	0.01078	0.01078	0.01257	0.00898	0.00988	0.00629	0.00988	0.00539	0.00898	0.00539	0.00718	0.01347	0.00180	0.84823	0.00359	0.00180	0.00449
34	0.00487	0.00416	0.00419	0.00418	0.00556	0.00347	0.00314	0.00593	0.00941	0.01121	0.05937	0.03930	0.81060	0.01035	0.00485	0.00138	0.00208	0.00864	0.00383	0.00347
35	0.01437	0.01795	0.01178	0.01061	0.01240	0.71342	0.00809	0.01540	0.01082	0.01002	0.00620	0.00764	0.00530	0.00468	0.00519	0.00117	0.13540	0.00279	0.00207	0.00472
36	0.01567	0.01140	0.01226	0.00940	0.01268	0.01258	0.00776	0.79883	0.01913	0.04372	0.01000	0.00995	0.00705	0.00493	0.00411	0.00123	0.00449	0.00371	0.00413	0.00698
37	0.00486	0.00414	0.00418	0.00421	0.00556	0.00346	0.00314	0.00589	0.00931	0.01107	0.04097	0.06567	0.80270	0.01048	0.00486	0.00140	0.00209	0.00876	0.00381	0.00346
38	0.01568	0.01137	0.01224	0.00938	0.01267	0.01254	0.00775	0.79404	0.01909	0.04858	0.01003	0.00997	0.00707	0.00493	0.00411	0.00123	0.00449	0.00371	0.00413	0.00698
39	0.00578	0.00437	0.00542	0.00509	0.00628	0.00389	0.00384	0.00750	0.01083	0.01496	0.58435	0.05835	0.18755	0.00864	0.00476	0.00129	0.00208	0.02195	0.00422	0.05886
40	0.01535	0.01917	0.01167	0.01052	0.01269	0.79930	0.00793	0.05507	0.01200	0.01081	0.00651	0.00752	0.00537	0.00426	0.00372	0.00107	0.00726	0.00269	0.00221	0.00487
41	0.01560	0.01150	0.01232	0.00944	0.01273	0.01273	0.00780	0.81645	0.01930	0.02587	0.00986	0.00986	0.00698	0.00493	0.00411	0.00123	0.00452	0.00370	0.00411	0.00698
42	0.01097	0.85821	0.02151	0.00702	0.01054	0.01624	0.00702	0.01229	0.00834	0.00966	0.00571	0.00658	0.00527	0.00351	0.00263	0.00088	0.00439	0.00219	0.00176	0.00527
43	0.49272	0.00914	0.01345	0.01023	0.01345	0.00952	0.32733	0.01290	0.00830	0.05733	0.00727	0.00879	0.00544	0.00373	0.00354	0.00132	0.00468	0.00336	0.00248	0.00501
44	0.00823	0.02123	0.83447	0.01170	0.01777	0.00953	0.01517	0.01300	0.00867	0.01300	0.00737	0.00867	0.00520	0.00390	0.00390	0.00130	0.00607	0.00303	0.00173	0.00607
45	0.01032	0.00887	0.00934	0.00838	0.01072	0.01026	0.00652	0.03785	0.80650	0.01735	0.01657	0.01520	0.01242	0.00556	0.00418	0.00139	0.00327	0.00462	0.00418	0.00651
46	0.00592	0.00417	0.00545	0.00545	0.00579	0.00451	0.00370	0.00659	0.00626	0.00868	0.01204	0.02194	0.01278	0.47718	0.39652	0.00518	0.00720	0.00525	0.00235	0.00303
47	0.00506	0.00410	0.00452	0.00480	0.00592	0.00357	0.00360	0.00612	0.00908	0.01109	0.03596	0.19548	0.59434	0.01096	0.00501	0.00149	0.00231	0.08930	0.00381	0.00347
48	0.01560	0.01150	0.01232	0.00944	0.01273	0.01273	0.00780	0.81645	0.01930	0.02587	0.00986	0.00986	0.00698	0.00493	0.00411	0.00123	0.00452	0.00370	0.00411	0.00698
49	0.01709	0.00886	0.01065	0.00820	0.01140	0.00884	0.00676	0.34332	0.03275	0.48732	0.01363	0.01233	0.00892	0.00503	0.00412	0.00126	0.00390	0.00396	0.00467	0.00697
50	0.01097	0.85821	0.02151	0.00702	0.01054	0.01624	0.00702	0.01229	0.00834	0.00966	0.00571	0.00658	0.00527	0.00351	0.00263	0.00088	0.00439	0.00219	0.00176	0.00527
51	0.01097	0.85821	0.02151	0.00702	0.01054	0.01624	0.00702	0.01229	0.00834	0.00966	0.00571	0.00658	0.00527	0.00351	0.00263	0.00088	0.00439	0.00219	0.00176	0.00527
52	0.00500	0.00357	0.00476	0.00572	0.00595	0.00333	0.00381	0.00572	0.00786	0.01048	0.02262	0.85306	0.02715	0.01286	0.00524	0.00167	0.00238	0.01167	0.00381	0.00333
53	0.00775	0.00730	0.01231	0.84587	0.02827	0.00912	0.01140	0.01049	0.00821	0.01049	0.00730	0.01094	0.00547	0.00410	0.00410	0.00137	0.00547	0.00365	0.00182	0.00456
54	0.00492	0.00416	0.00425	0.00423	0.00558	0.00349	0.00317	0.00602	0.00951	0.01145	0.09469	0.03891	0.77514	0.01026	0.00485	0.00138	0.00207	0.00858	0.00386	0.00349
55	0.01533	0.01956	0.01163	0.01058	0.01269	0.83926	0.00793	0.01639	0.01163	0.01005	0.00635	0.00740	0.00529	0.00423	0.00370	0.00106	0.00740	0.00264	0.00212	0.00476
56	0.00500	0.00357	0.00476	0.00572	0.00595	0.00333	0.00381	0.00572	0.00786	0.01048	0.02262	0.85306	0.02715	0.01286	0.00524	0.00167	0.00238	0.01167	0.00381	0.00333
57	0.00713	0.00357	0.00535	0.00535	0.00535	0.00357	0.00357	0.00535	0.00535	0.00713	0.00713	0.01248	0.00713	0.01426	0.01604	0.88057	0.00357	0.00357	0.00178	0.00178
58	0.01533	0.01956	0.01163	0.01058	0.01269	0.83926	0.00793	0.01639	0.01163	0.01005	0.00635	0.00740	0.00529	0.00423	0.00370	0.00106	0.00740	0.00264	0.00212	0.00476
59	0.00504	0.00360	0.00481	0.00571	0.00596	0.00340	0.00382	0.00576	0.00779	0.01040	0.02212	0.81387	0.02645	0.03051	0.02785	0.00185	0.00264	0.01136	0.00374	0.00333
60	0.12798	0.19149	0.03346	0.00908	0.01171	0.48747	0.00742	0.04869	0.01059	0.02857	0.00650	0.00741	0.00534	0.00406	0.00336	0.00107	0.00599	0.00258	0.00223	0.00500
61	0.00502	0.00430	0.00454	0.00478	0.02760	0.00364	0.00341	0.00611	0.00938	0.01127	0.05990	0.05535	0.77021	0.01022	0.00484	0.00139	0.00216	0.00856	0.00378	0.00355
62	0.01236	0.01001	0.01528	0.01119	0.01483	0.00971	0.28175	0.29155	0.01297	0.09949	0.00941	0.01039	0.00685	0.00404	0.00413	0.00115	0.00492	0.00386	0.00316	0.19294
63	0.01093	0.80743	0.05626	0.00729	0.01088	0.03050	0.00739	0.01239	0.00841	0.00981	0.00579	0.00669	0.00527	0.00354	0.00271	0.00090	0.00452	0.00224	0.00176	0.00529
64	0.00957	0.01128	0.05222	0.03758	0.02119	0.01038	0.74416	0.01298	0.00952	0.01298	0.00816	0.01093	0.00615	0.00360	0.00504	0.00139	0.03060	0.00472	0.00205	0.00550
65	0.01560	0.01150	0.01232	0.00944	0.01273	0.01273	0.00780	0.81645	0.01930	0.02587	0.00986	0.00986	0.00698	0.00493	0.00411	0.00123	0.00452	0.00370	0.00411	0.00698
66	0.00597	0.00398	0.00448	0.00448	0.00448	0.00398	0.00249	0.00597	0.00597	0.00796	0.01293	0.02686	0.01492	0.85574	0.02089	0.00398	0.00398	0.00597	0.00249	0.00249
67	0.01533	0.01956	0.01163	0.01058	0.01269	0.83926	0.00793	0.01639	0.01163	0.01005	0.00635	0.00740	0.00529	0.00423	0.00370	0.00106	0.00740	0.00264	0.00212	0.00476
68	0.00488	0.00416	0.00419	0.00419	0.00556	0.00348	0.00314	0.00594	0.00942	0.01123	0.06260	0.03927	0.80736	0.01034	0.00485	0.00138	0.00208	0.00863	0.00383	0.00348
69	0.00575	0.00415	0.00543	0.00521	0.00612	0.00383	0.00387	0.00759	0.01132	0.01599	0.76456	0.09541	0.03782	0.00874	0.00487	0.00132	0.00197	0.00776	0.00446	0.00383
70	0.01097	0.85821	0.02151	0.00702	0.01054	0.01624	0.00702	0.01229	0.00834	0.00966	0.00571	0.00658	0.00527	0.00351	0.00263	0.00088	0.00439	0.00219	0.00176	0.00527
71	0.00485	0.00416	0.00416	0.00416	0.00554	0.00347	0.00312	0.00589	0.00936	0.01109	0.04158	0.03950	0.82847	0.01040	0.00485	0.00139	0.00208	0.00866	0.00381	0.00347
72	0.01016	0.00975	0.01666	0.02520	0.83013	0.00975	0.01260	0.01260	0.00935	0.01341	0.00772	0.01016	0.00650	0.00366	0.00406	0.00122	0.00488	0.00366	0.00203	0.00650
73	0.00851	0.00730	0.00851	0.00608	0.00973	0.00547	0.00486	0.01034	0.00851	0.01338	0.00730	0.00851	0.00608	0.00304	0.00304	0.00061	0.00304	0.00243	0.00243	0.88083
74	0.01418	0.00734	0.03193	0.00717	0.00979	0.02961	0.00592	0.01717	0.11269	0.50085	0.19882	0.01757	0.01662	0.00583	0.00428	0.00128	0.00329	0.00486	0.00466	0.00613
75	0.01534	0.01934	0.01165	0.01054	0.01269	0.81601	0.00793	0.03890	0.01185	0.01049	0.00644	0.00747	0.00534	0.00425	0.00371	0.00106	0.00732	0.00267	0.00217	0.00482
76	0.00661	0.00472	0.00661	0.00756	0.00850	0.00472	0.00661	0.00850	0.00945	0.01228	0.02173	0.04630	0.02362	0.01134	0.00567	0.00189	0.00378	0.80250	0.00378	0.00378
77	0.00823	0.02123	0.83447	0.01170	0.01777	0.00953	0.01517	0.01300	0.00867	0.01300	0.00737	0.00867	0.00520	0.00390	0.00390	0.00130	0.00607	0.00303	0.00173	0.00607
78	0.00831	0.04478	0.81160	0.01157	0.01756	0.00972	0.01494	0.01298	0.00866	0.01291	0.00732	0.00861	0.00520	0.00389	0.00386	0.00129	0.00602	0.00301	0.00173	0.00604
79	0.00500	0.00357	0.00476	0.00572	0.00595	0.00333	0.00381	0.00572	0.00786	0.01048	0.02262	0.85306	0.02715	0.01286	0.00524	0.00167	0.00238	0.01167	0.00381	0.00333
80	0.01021	0.00882	0.00928	0.00835	0.01067	0.01021	0.00650	0.02181	0.82272	0.01717	0.01671	0.01532	0.01253	0.00557	0.00418	0.00139	0.00325	0.00464	0.00418	0.00650
81	0.00823	0.02123	0.83447	0.01170	0.01777	0.00953	0.01517	0.01300	0.00867	0.01300	0.00737	0.00867	0.00520	0.00390	0.00390	0.00130	0.00607	0.00303	0.00173	0.00607
82	0.00581	0.00420	0.00549	0.00516	0.00613	0.00387	0.00387	0.00775	0.01162	0.01646	0.82797	0.03066	0.03873	0.00839	0.00484	0.00129	0.00194	0.00742	0.00452	0.00387
83	0.00485	0.00416	0.00416	0.00416	0.00554	0.00347	0.00312	0.00589	0.00936	0.01109	0.04158	0.03950	0.82847	0.01040	0.00485	0.00139	0.00208	0.00866	0.00381	0.00347
84	0.01021	0.00882	0.00928	0.00835	0.01067	0.01021	0.00650	0.02181	0.82272	0.01717	0.01671	0.01532	0.01253	0.00557	0.00418	0.00139	0.00325	0.00464	0.00418	0.00650
85	0.01719	0.00854	0.01041	0.00800	0.01117	0.00839	0.00660	0.30546	0.01439	0.52654	0.01386	0.01252	0.00903	0.00502	0.00409	0.00125	0.00383	0.00397	0.02282	0.00692
86	0.01778	0.00718	0.00955	0.00741	0.01053	0.00643	0.00609	0.03158	0.07085	0.76203	0.01614	0.01401	0.01029	0.00511	0.00413	0.00128	0.00349	0.00416	0.00500	0.00695
87	0.00853	0.07752	0.69506	0.01175	0.03395	0.00989	0.05805	0.01286	0.00871	0.01285	0.00747	0.00886	0.00543	0.00387	0.00384	0.00126	0.00586	0.00311	0.02519	0.00593
88	0.00597	0.00398	0.00448	0.00448	0.00448	0.00398	0.00249	0.00597	0.00597	0.00796	0.01293	0.02686	0.01492	0.85574	0.02089	0.00398	0.00398	0.00597	0.00249	0.00249
89	0.00898	0.00898	0.01257	0.01078	0.01078	0.01257	0.00898	0.00988	0.00629	0.00988	0.00539	0.00898	0.00539	0.00718	0.01347	0.00180	0.84823	0.00359	0.00180	0.00449
90	0.00851	0.00730	0.00851	0.00608	0.00973	0.00547	0.00486	0.01034	0.00851	0.01338	0.00730	0.00851	0.00608	0.00304	0.00304	0.00061	0.00304	0.00243	0.00243	0.88083
91	0.00824	0.00785	0.03559	0.00930	0.01154	0.01971	0.20661	0.07950	0.10493	0.02353	0.07418	0.16679	0.18195	0.00753	0.00495	0.00143	0.02502	0.02318	0.00337	0.00481
92	0.01240	0.03381	0.02633	0.01072	0.01288	0.06240	0.08561	0.36650	0.01277	0.01730	0.00773	0.00940	0.00616	0.00551	0.00749	0.00143	0.30930	0.00365	0.00286	0.00575
93	0.00765	0.00383	0.00383	0.00383	0.00478	0.00383	0.00287	0.00956	0.00861	0.01530	0.01339	0.01530	0.01052	0.00478	0.00287	0.00096	0.00191	0.00383	0.87853	0.00383
94	0.01534	0.01936	0.01165	0.01055	0.01269	0.81865	0.00793	0.03634	0.01182	0.01044	0.00643	0.00746	0.00533	0.00425	0.00371	0.00106	0.00733	0.00267	0.00216	0.00481
95	0.00651	0.00491	0.03315	0.00665	0.00726	0.00460	0.04349	0.00678	0.00713	0.02410	0.02436	0.39809	0.01690	0.03904	0.04508	0.26844	0.04999	0.00749	0.00286	0.00318
96	0.00587	0.00394	0.00451	0.00460	0.00463	0.00391	0.00262	0.00594	0.00616	0.00821	0.01391	0.11026	0.01616	0.77066	0.01931	0.00375	0.00382	0.00654	0.00262	0.00257
97	0.02292	0.00476	0.00638	0.00704	0.00811	0.00471	0.00607	0.00886	0.00952	0.03910	0.05650	0.04171	0.05539	0.01044	0.00532	0.00176	0.00350	0.64722	0.05679	0.00389
98	0.00592	0.00449	0.00665	0.00663	0.00732	0.00525	0.00513	0.00732	0.00661	0.00953	0.01123	0.04106	0.01074	0.04828	0.77407	0.00626	0.03296	0.00463	0.00224	0.00365
99	0.01656	0.00996	0.01137	0.00872	0.01196	0.01045	0.00720	0.54543	0.01673	0.30051	0.01201	0.01126	0.00806	0.00498	0.00411	0.00124	0.00417	0.00384	0.00444	0.00698
100	0.01560	0.01150	0.01232	0.00944	0.01273	0.01273	0.00780	0.81645	0.01930	0.02587	0.00986	0.00986	0.00698	0.00493	0.00411	0.00123	0.00452	0.00370	0.00411	0.00698
101	0.01560	0.01150	0.01232	0.00944	0.01273	0.01273	0.00780	0.81645	0.01930	0.02587	0.00986	0.00986	0.00698	0.00493	0.00411	0.00123	0.00452	0.00370	0.00411	0.00698
102	0.01016	0.00975	0.01666	0.02520	0.83013	0.00975	0.01260	0.01260	0.00935	0.01341	0.00772	0.01016	0.00650	0.00366	0.00406	0.00122	0.00488	0.00366	0.00203	0.00650
103	0.78778	0.00825	0.00668	0.00581	0.00843	0.00948	0.00479	0.08715	0.00822	0.03414	0.00629	0.00710	0.00479	0.00394	0.00272	0.00127	0.00331	0.00240	0.00273	0.00473
104	0.01101	0.01018	0.00953	0.00857	0.01085	0.12591	0.00663	0.02070	0.67301	0.03421	0.03360	0.01453	0.01206	0.00543	0.00412	0.00134	0.00381	0.00441	0.00392	0.00621
105	0.00503	0.00418	0.00440	0.00438	0.00570	0.00355	0.00331	0.00621	0.00967	0.01186	0.14917	0.03846	0.69985	0.01014	0.00487	0.00139	0.00210	0.02829	0.00391	0.00353
106	0.01006	0.00965	0.01648	0.05853	0.79756	0.00973	0.01255	0.01251	0.00930	0.01329	0.00770	0.01019	0.00646	0.00368	0.00407	0.00123	0.00490	0.00366	0.00202	0.00642
107	0.00502	0.00359	0.00479	0.00574	0.00599	0.00335	0.00385	0.00576	0.00788	0.01050	0.02261	0.84147	0.02710	0.01284	0.00525	0.00167	0.00240	0.02303	0.00381	0.00334
108	0.01573	0.00670	0.00859	0.00681	0.00951	0.00611	0.00554	0.08562	0.01173	0.58963	0.01615	0.03827	0.03476	0.00540	0.00398	0.00123	0.00326	0.00439	0.14029	0.00629
109	0.01097	0.85821	0.02151	0.00702	0.01054	0.01624	0.00702	0.01229	0.00834	0.00966	0.00571	0.00658	0.00527	0.00351	0.00263	0.00088	0.00439	0.00219	0.00176	0.00527
110	0.00657	0.00469	0.00656	0.00751	0.00843	0.00469	0.00654	0.00843	0.00940	0.01223	0.02176	0.06908	0.02372	0.01138	0.00566	0.00188	0.00374	0.78018	0.00378	0.00377
111	0.00775	0.00730	0.01231	0.84587	0.02827	0.00912	0.01140	0.01049	0.00821	0.01049	0.00730	0.01094	0.00547	0.00410	0.00410	0.00137	0.00547	0.00365	0.00182	0.00456
112	0.00994	0.17633	0.31533	0.01246	0.01708	0.01140	0.28635	0.08383	0.02434	0.01362	0.00776	0.00931	0.00585	0.00380	0.00400	0.00124	0.00585	0.00358	0.00211	0.00582
113	0.01457	0.01351	0.01291	0.06746	0.02406	0.25918	0.06165	0.44837	0.01539	0.03050	0.00859	0.00934	0.00636	0.00455	0.00403	0.00120	0.00559	0.00346	0.00321	0.00605
114	0.01808	0.00753	0.00987	0.00756	0.01075	0.00685	0.00625	0.11674	0.01267	0.73495	0.01542	0.01347	0.00977	0.00506	0.00413	0.00127	0.00362	0.00408	0.00496	0.00699
115	0.00500	0.00360	0.00474	0.00565	0.00594	0.00334	0.00378	0.00572	0.00792	0.01050	0.02339	0.82002	0.05970	0.01276	0.00522	0.00166	0.00237	0.01155	0.00381	0.00334
116	0.00765	0.00383	0.00383	0.00383	0.00478	0.00383	0.00287	0.00956	0.00861	0.01530	0.01339	0.01530	0.01052	0.00478	0.00287	0.00096	0.00191	0.00383	0.87853	0.00383
