[name]
unknown

[dist]
# distance from previous block
# <min> <max>
49	284

[block]
# block no. 0 follows, 65 sequences, length 24
# corresponding to MSA columns:
# 454-477
name=unknown_A
#
# <colnr> <probs for GDERKNQSTAVLIFYWHMCP>
#	G	D	E	R	K	N	Q	S	T	A	V	L	I	F	Y	W	H	M	C	P
0	0.02093	0.13799	0.12242	0.03986	0.04667	0.06395	0.04733	0.04510	0.02234	0.05271	0.15583	0.03160	0.09267	0.00598	0.00446	0.00126	0.03560	0.04236	0.00295	0.02799
1	0.02808	0.05146	0.04032	0.02214	0.12940	0.01634	0.06331	0.03189	0.00974	0.10722	0.08573	0.11026	0.15638	0.00664	0.00429	0.00127	0.00363	0.03304	0.00324	0.09561
2	0.03796	0.05282	0.10063	0.02343	0.05742	0.03000	0.04574	0.03122	0.06402	0.07410	0.07261	0.05594	0.02173	0.00486	0.00379	0.00108	0.00386	0.02228	0.00290	0.29360
3	0.05242	0.05431	0.08510	0.06641	0.08217	0.02894	0.02132	0.01214	0.02329	0.15473	0.01325	0.08021	0.07127	0.00572	0.00427	0.02597	0.00391	0.03623	0.00298	0.17533
4	0.00996	0.02663	0.13063	0.10674	0.10675	0.03794	0.02759	0.03424	0.03257	0.11654	0.06216	0.04581	0.02227	0.00501	0.00415	0.00119	0.01689	0.03541	0.00286	0.17466
5	0.01106	0.00869	0.06782	0.05544	0.09240	0.03950	0.08570	0.01339	0.02873	0.23150	0.06977	0.05795	0.06485	0.00527	0.00413	0.00120	0.00406	0.00464	0.00332	0.15057
6	0.02438	0.08604	0.24861	0.05027	0.09038	0.05805	0.12603	0.01243	0.00935	0.06720	0.07991	0.03860	0.02197	0.00510	0.01732	0.00133	0.01765	0.00409	0.00245	0.03884
7	0.01052	0.06473	0.17579	0.07753	0.01434	0.09734	0.07544	0.08539	0.17822	0.04950	0.04421	0.01304	0.02191	0.01820	0.00447	0.00132	0.01772	0.02276	0.00289	0.02468
8	0.00934	0.12348	0.16987	0.08888	0.12374	0.04945	0.02228	0.03908	0.05461	0.02690	0.06351	0.03808	0.03466	0.01472	0.00433	0.00123	0.02663	0.01642	0.00250	0.09032
9	0.04586	0.05584	0.16174	0.07632	0.17973	0.00851	0.10208	0.01212	0.00916	0.07211	0.04194	0.02725	0.02563	0.00461	0.00401	0.00122	0.00466	0.04488	0.00250	0.11984
10	0.00949	0.17091	0.21956	0.08017	0.11818	0.00957	0.05225	0.03077	0.00915	0.07548	0.02939	0.05045	0.04537	0.01840	0.03659	0.00148	0.00500	0.01666	0.00244	0.01872
11	0.00806	0.06475	0.04196	0.02224	0.00896	0.06534	0.03080	0.04860	0.05140	0.04941	0.05906	0.38734	0.05541	0.00934	0.00518	0.04154	0.00350	0.03945	0.00341	0.00426
12	0.00614	0.00422	0.00527	0.00535	0.00613	0.00397	0.00381	0.00763	0.03228	0.04153	0.31629	0.27000	0.10142	0.12480	0.00708	0.00179	0.00251	0.03354	0.02258	0.00367
13	0.01061	0.00988	0.06790	0.10342	0.36613	0.02994	0.09393	0.03140	0.00938	0.10922	0.00873	0.01089	0.00682	0.00568	0.04498	0.02365	0.05543	0.00380	0.00239	0.00582
14	0.01002	0.04175	0.17607	0.03325	0.08334	0.02033	0.11233	0.10768	0.05329	0.07941	0.01144	0.05309	0.03467	0.00811	0.09857	0.00193	0.04175	0.02465	0.00276	0.00555
15	0.00728	0.00582	0.02162	0.04727	0.02493	0.02918	0.00563	0.00900	0.03957	0.06293	0.04525	0.18401	0.09006	0.05053	0.28716	0.00331	0.06574	0.01362	0.00298	0.00409
16	0.00619	0.00394	0.00487	0.00487	0.00495	0.00401	0.00298	0.00598	0.00591	0.00795	0.01155	0.02283	0.01286	0.59938	0.10441	0.18259	0.00462	0.00532	0.00231	0.00247
17	0.00853	0.00735	0.00865	0.00624	0.00976	0.00572	0.00501	0.01032	0.00844	0.01326	0.00723	0.00853	0.00606	0.00318	0.00340	0.00065	0.03220	0.00247	0.00241	0.85060
18	0.10198	0.20312	0.07703	0.03020	0.04943	0.07263	0.02051	0.15776	0.13857	0.08067	0.00966	0.02495	0.00748	0.00451	0.00361	0.00119	0.00444	0.00342	0.00298	0.00585
19	0.00589	0.00404	0.00500	0.00506	0.00526	0.00417	0.00321	0.00629	0.00641	0.00873	0.03897	0.08302	0.01541	0.57683	0.19566	0.01928	0.00531	0.00604	0.00257	0.00283
20	0.00968	0.13820	0.29556	0.04046	0.18132	0.01038	0.11198	0.03965	0.03912	0.03698	0.05187	0.01065	0.00787	0.00411	0.00395	0.00123	0.00522	0.00363	0.00226	0.00588
21	0.00978	0.00941	0.07801	0.17106	0.31385	0.00861	0.04083	0.03085	0.03342	0.07294	0.00895	0.03268	0.00721	0.00479	0.02384	0.00133	0.01708	0.00377	0.00241	0.12919
22	0.45786	0.13118	0.04562	0.00784	0.03993	0.09981	0.00649	0.06235	0.00854	0.01548	0.00630	0.00757	0.00514	0.00485	0.02636	0.00137	0.06345	0.00260	0.00237	0.00488
23	0.04652	0.02039	0.06228	0.11574	0.32658	0.00857	0.02858	0.04597	0.02018	0.11007	0.08643	0.01347	0.02393	0.02676	0.02738	0.00149	0.02308	0.00415	0.00275	0.00567

[dist]
# distance from previous block
# <min> <max>
0	1

[block]
# block no. 1 follows, 65 sequences, length 13
# corresponding to MSA columns:
# 479-487,489-492
name=unknown_B
#
# <colnr> <probs for GDERKNQSTAVLIFYWHMCP>
#	G	D	E	R	K	N	Q	S	T	A	V	L	I	F	Y	W	H	M	C	P
0	0.00568	0.00420	0.00540	0.00573	0.00648	0.00385	0.00403	0.00665	0.00806	0.01102	0.06760	0.51994	0.04513	0.08610	0.05196	0.00200	0.00311	0.05502	0.00349	0.10454
1	0.01105	0.13521	0.02885	0.19432	0.14359	0.20595	0.05020	0.06452	0.02867	0.01216	0.01702	0.00971	0.00642	0.01839	0.00428	0.00121	0.02415	0.00331	0.00219	0.03877
2	0.00677	0.00477	0.00557	0.00559	0.00581	0.03998	0.00375	0.00667	0.00647	0.00846	0.01199	0.05607	0.01323	0.43057	0.06254	0.22221	0.03166	0.07279	0.00242	0.00268
3	0.06033	0.01174	0.00992	0.00891	0.01067	0.27899	0.00695	0.09037	0.19174	0.01395	0.03319	0.05710	0.01029	0.02114	0.00559	0.00139	0.11799	0.04393	0.02071	0.00509
4	0.01022	0.08085	0.25255	0.08349	0.15324	0.02513	0.02219	0.12655	0.03753	0.04645	0.03565	0.04698	0.00822	0.00480	0.00448	0.00129	0.04816	0.00388	0.00254	0.00583
5	0.00584	0.00430	0.00561	0.00601	0.00663	0.00415	0.02286	0.02633	0.03546	0.01143	0.05019	0.54940	0.07497	0.08696	0.00649	0.00181	0.00276	0.06586	0.02938	0.00358
6	0.00629	0.00412	0.00492	0.00500	0.00554	0.00388	0.00329	0.00691	0.00780	0.05636	0.09337	0.21491	0.13930	0.39920	0.01229	0.00264	0.00312	0.02449	0.00334	0.00323
7	0.03228	0.00684	0.00923	0.04073	0.06480	0.00642	0.03759	0.05638	0.00911	0.09316	0.01140	0.09072	0.02614	0.00947	0.14628	0.00200	0.01696	0.01578	0.02171	0.30301
8	0.07826	0.00851	0.01073	0.12587	0.09213	0.04484	0.04611	0.05699	0.08360	0.04371	0.02056	0.01201	0.03957	0.00442	0.00402	0.00111	0.02956	0.01760	0.00272	0.27770
9	0.00959	0.01004	0.08655	0.18280	0.39687	0.02546	0.04338	0.03917	0.00938	0.03037	0.02240	0.01069	0.00692	0.00489	0.03505	0.00141	0.00522	0.00364	0.00218	0.07399
10	0.02993	0.00794	0.02452	0.08160	0.13902	0.02555	0.04783	0.04132	0.05185	0.04501	0.01203	0.07243	0.06506	0.02995	0.03382	0.00137	0.00416	0.00434	0.00273	0.27956
11	0.06347	0.00763	0.01093	0.09898	0.14919	0.00768	0.04526	0.07708	0.02280	0.28324	0.06443	0.03339	0.02312	0.03004	0.00472	0.00136	0.01812	0.00436	0.03780	0.01640
12	0.00864	0.00874	0.04787	0.10795	0.20357	0.06976	0.03430	0.01112	0.06235	0.01152	0.03250	0.01410	0.00923	0.13184	0.13274	0.00247	0.06262	0.00415	0.00231	0.04222

[dist]
# distance from previous block
# <min> <max>
9	18

[block]
# block no. 2 follows, 65 sequences, length 13
# corresponding to MSA columns:
# 516-528
name=unknown_C
#
# <colnr> <probs for GDERKNQSTAVLIFYWHMCP>
#	G	D	E	R	K	N	Q	S	T	A	V	L	I	F	Y	W	H	M	C	P
0	0.04020	0.00810	0.04643	0.03719	0.01114	0.00680	0.04920	0.01072	0.03580	0.01306	0.00940	0.01127	0.04585	0.01599	0.00447	0.00096	0.07330	0.01556	0.00246	0.56211
1	0.03933	0.07702	0.01059	0.00858	0.05300	0.03029	0.04479	0.13473	0.19593	0.02797	0.10894	0.07741	0.05609	0.00603	0.00430	0.01765	0.00361	0.00493	0.00343	0.09540
2	0.04204	0.06742	0.20623	0.04611	0.35965	0.05785	0.01123	0.01288	0.00908	0.06901	0.00830	0.03525	0.00680	0.00445	0.00440	0.01833	0.02934	0.00358	0.00221	0.00586
3	0.00673	0.05178	0.00797	0.00690	0.00814	0.00570	0.06106	0.03335	0.08101	0.01300	0.18132	0.35492	0.06693	0.01033	0.03515	0.00167	0.00325	0.06294	0.00370	0.00414
4	0.01077	0.01152	0.13865	0.05889	0.08674	0.09355	0.00857	0.18280	0.10140	0.03430	0.07552	0.01321	0.01020	0.07589	0.00583	0.00148	0.03891	0.00402	0.00297	0.04476
5	0.00567	0.00426	0.00532	0.00561	0.00630	0.00423	0.00396	0.00738	0.06422	0.01139	0.12565	0.36315	0.13795	0.10163	0.13126	0.00254	0.00379	0.00853	0.00355	0.00360
6	0.05755	0.15223	0.23088	0.04714	0.04738	0.01999	0.06381	0.06733	0.00940	0.03545	0.02661	0.03207	0.00708	0.00419	0.00389	0.00113	0.02814	0.00334	0.00232	0.16007
7	0.00662	0.00562	0.00891	0.12291	0.01143	0.00571	0.11166	0.00880	0.03694	0.01271	0.24814	0.15004	0.07503	0.05926	0.06318	0.00194	0.00406	0.05965	0.00333	0.00406
8	0.03167	0.06528	0.11290	0.05774	0.14061	0.00884	0.11212	0.08647	0.01050	0.21546	0.01154	0.08036	0.00935	0.00516	0.00419	0.00131	0.00463	0.03283	0.00313	0.00590
9	0.00888	0.00808	0.03332	0.20051	0.07923	0.00784	0.10313	0.01266	0.13605	0.04812	0.04525	0.08246	0.01029	0.00493	0.00408	0.00121	0.00422	0.00451	0.00279	0.20244
10	0.05901	0.51372	0.12941	0.04559	0.01255	0.05354	0.00833	0.11295	0.00983	0.01267	0.00655	0.00752	0.00544	0.00382	0.00310	0.00103	0.00476	0.00258	0.00211	0.00549
11	0.00950	0.09793	0.12536	0.01206	0.07056	0.00990	0.24474	0.07578	0.12700	0.01445	0.09735	0.01321	0.01076	0.00648	0.06512	0.00167	0.00545	0.00437	0.00273	0.00558
12	0.05691	0.01214	0.25430	0.21845	0.09751	0.00900	0.07344	0.04106	0.00899	0.03373	0.00762	0.00961	0.00575	0.00390	0.00406	0.00122	0.02332	0.00332	0.00213	0.13352

[dist]
# distance from previous block
# <min> <max>
34	71

[block]
# block no. 3 follows, 65 sequences, length 6
# corresponding to MSA columns:
# 624-629
name=unknown_D
#
# <colnr> <probs for GDERKNQSTAVLIFYWHMCP>
#	G	D	E	R	K	N	Q	S	T	A	V	L	I	F	Y	W	H	M	C	P
0	0.03441	0.06513	0.07457	0.04882	0.14155	0.04342	0.00749	0.05484	0.03191	0.01324	0.13937	0.09745	0.04917	0.03765	0.00573	0.03263	0.04998	0.02819	0.00287	0.04159
1	0.15571	0.14675	0.04866	0.03412	0.04168	0.08856	0.08505	0.10522	0.04834	0.02970	0.02121	0.01182	0.00782	0.09221	0.00589	0.00152	0.04755	0.02054	0.00257	0.00508
2	0.20932	0.11873	0.09586	0.00967	0.07176	0.09038	0.04609	0.12458	0.04742	0.01522	0.00868	0.00985	0.03042	0.00580	0.05016	0.00150	0.02886	0.00324	0.00255	0.02992
3	0.03259	0.02900	0.12887	0.08198	0.07393	0.07073	0.00795	0.04367	0.07054	0.06012	0.12630	0.03234	0.03060	0.07769	0.03130	0.00167	0.05723	0.00450	0.00287	0.03610
4	0.07253	0.00679	0.03000	0.00683	0.00861	0.00682	0.01937	0.07408	0.20354	0.05469	0.05146	0.13877	0.14807	0.06416	0.06094	0.00193	0.00371	0.03928	0.00364	0.00477
5	0.00928	0.07443	0.06253	0.00801	0.01022	0.04233	0.05962	0.15492	0.04227	0.01371	0.01222	0.13951	0.01208	0.09450	0.02914	0.06055	0.00436	0.07422	0.00295	0.09315

[dist]
# distance from previous block
# <min> <max>
0	2

[block]
# block no. 4 follows, 65 sequences, length 22
# corresponding to MSA columns:
# 632-653
name=unknown_E
#
# <colnr> <probs for GDERKNQSTAVLIFYWHMCP>
#	G	D	E	R	K	N	Q	S	T	A	V	L	I	F	Y	W	H	M	C	P
0	0.00672	0.09036	0.00778	0.03799	0.00805	0.00584	0.02435	0.00806	0.03508	0.04281	0.02171	0.43003	0.16535	0.05024	0.00591	0.00161	0.04229	0.00853	0.00339	0.00391
1	0.00892	0.03964	0.15434	0.04074	0.01254	0.03022	0.11933	0.03777	0.00937	0.09143	0.03718	0.19125	0.07043	0.00700	0.00501	0.00140	0.05412	0.04713	0.00299	0.03917
2	0.00620	0.00441	0.00540	0.00550	0.00637	0.00421	0.00403	0.00790	0.05619	0.03423	0.23228	0.19906	0.17496	0.12155	0.00741	0.02844	0.00268	0.09171	0.00381	0.00367
3	0.01022	0.07779	0.07159	0.00682	0.00919	0.02574	0.00593	0.07341	0.04908	0.20122	0.11409	0.09755	0.19738	0.00735	0.00438	0.00132	0.00333	0.03462	0.00385	0.00511
4	0.00794	0.00484	0.00535	0.00525	0.00646	0.00493	0.00395	0.01119	0.14477	0.05910	0.04245	0.16112	0.07019	0.00696	0.00382	0.00123	0.00236	0.02514	0.42861	0.00434
5	0.01205	0.23516	0.12432	0.00902	0.01242	0.04046	0.08412	0.10070	0.08213	0.16924	0.01043	0.03133	0.00808	0.02987	0.02002	0.00137	0.00473	0.00372	0.01500	0.00582
6	0.01117	0.59998	0.08103	0.00769	0.01111	0.06447	0.00754	0.05019	0.04110	0.03617	0.03803	0.00856	0.00712	0.00437	0.01541	0.00107	0.00464	0.00274	0.00219	0.00540
7	0.00692	0.00361	0.00524	0.00528	0.00533	0.00358	0.00350	0.00541	0.00559	0.00741	0.00901	0.04588	0.03129	0.06185	0.01560	0.77296	0.00350	0.00415	0.00196	0.00193
8	0.04549	0.34883	0.36089	0.00966	0.03793	0.04412	0.01049	0.03502	0.00890	0.02875	0.00697	0.00812	0.00554	0.00459	0.02776	0.00127	0.00535	0.00275	0.00195	0.00562
9	0.01022	0.24266	0.09283	0.03355	0.05367	0.01048	0.06354	0.15188	0.02457	0.04766	0.06218	0.01470	0.11852	0.00623	0.03762	0.00139	0.00454	0.00423	0.00285	0.01670
10	0.00978	0.15641	0.11667	0.08354	0.15212	0.05305	0.07760	0.04090	0.03366	0.02936	0.03703	0.01354	0.02851	0.00490	0.00448	0.00126	0.04976	0.06310	0.00240	0.04194
11	0.00808	0.02928	0.01934	0.04389	0.08295	0.01984	0.01707	0.08147	0.03989	0.06594	0.04971	0.07223	0.39748	0.00824	0.00489	0.02754	0.00319	0.02094	0.00351	0.00454
12	0.06320	0.16021	0.08178	0.01773	0.02144	0.05710	0.02843	0.00950	0.00913	0.01202	0.10729	0.02276	0.27446	0.05269	0.00496	0.00138	0.00363	0.03271	0.00293	0.03663
13	0.00860	0.05815	0.00809	0.03811	0.00868	0.00612	0.01733	0.05322	0.04102	0.10369	0.07732	0.09698	0.14902	0.02937	0.06418	0.13503	0.02097	0.01989	0.00323	0.06100
14	0.12706	0.17583	0.07859	0.00817	0.03065	0.12343	0.00705	0.10825	0.03663	0.10880	0.04572	0.02585	0.05257	0.00482	0.00358	0.00114	0.00433	0.00359	0.00295	0.05099
15	0.05076	0.13768	0.16817	0.04921	0.01231	0.02828	0.02480	0.03130	0.06632	0.13665	0.05161	0.02539	0.02553	0.00478	0.00373	0.00116	0.00416	0.02893	0.02083	0.12839
16	0.12541	0.08787	0.07276	0.02234	0.07975	0.08771	0.03919	0.14902	0.02289	0.07353	0.02153	0.03582	0.02824	0.05674	0.00477	0.00135	0.00446	0.01424	0.00287	0.06952
17	0.04355	0.23713	0.13146	0.02288	0.02224	0.02338	0.01790	0.09739	0.06664	0.04365	0.05003	0.04847	0.02975	0.00492	0.00408	0.00115	0.04613	0.00374	0.00269	0.10281
18	0.02091	0.08528	0.07886	0.02854	0.04960	0.02063	0.02230	0.10116	0.06797	0.07794	0.09118	0.06850	0.04451	0.09175	0.00567	0.00145	0.00383	0.00470	0.00313	0.13210
19	0.06444	0.08541	0.13271	0.03009	0.08496	0.04706	0.03710	0.09437	0.02985	0.06917	0.05682	0.01087	0.01891	0.00421	0.00365	0.00107	0.00428	0.00339	0.00273	0.21890
20	0.04213	0.12067	0.14158	0.00977	0.08120	0.05106	0.04807	0.04034	0.07687	0.08054	0.03354	0.04107	0.03698	0.01639	0.03308	0.00136	0.00457	0.00388	0.00274	0.13417
21	0.03688	0.10356	0.11937	0.08493	0.09457	0.05845	0.05676	0.06598	0.05221	0.06565	0.06814	0.06255	0.02205	0.00501	0.00407	0.00121	0.01681	0.00419	0.00275	0.07484

[dist]
# distance from previous block
# <min> <max>
28	74

[block]
# block no. 5 follows, 65 sequences, length 6
# corresponding to MSA columns:
# 819-824
name=unknown_F
#
# <colnr> <probs for GDERKNQSTAVLIFYWHMCP>
#	G	D	E	R	K	N	Q	S	T	A	V	L	I	F	Y	W	H	M	C	P
0	0.03573	0.07497	0.02922	0.00774	0.02865	0.00783	0.03132	0.11513	0.06791	0.30483	0.02905	0.04106	0.01099	0.16953	0.00725	0.00177	0.00389	0.00451	0.00371	0.02494
1	0.04989	0.05338	0.06051	0.06190	0.28280	0.04977	0.02613	0.04894	0.13520	0.02735	0.04377	0.05235	0.05462	0.00531	0.00411	0.00129	0.00434	0.02989	0.00282	0.00563
2	0.00982	0.00990	0.06368	0.16975	0.26294	0.05968	0.07574	0.02872	0.06323	0.05047	0.04698	0.03356	0.00876	0.00530	0.02490	0.00144	0.05447	0.00411	0.00247	0.02409
3	0.00722	0.00453	0.00574	0.00547	0.00664	0.00405	0.00399	0.00853	0.00975	0.11573	0.30956	0.25460	0.11711	0.07248	0.00596	0.00157	0.00248	0.00793	0.00405	0.05262
4	0.00917	0.02747	0.15907	0.04583	0.12795	0.03999	0.05175	0.03764	0.06267	0.04180	0.06661	0.02894	0.04996	0.02721	0.02065	0.00144	0.07741	0.01406	0.03019	0.08019
5	0.00510	0.00370	0.00472	0.00543	0.00582	0.00342	0.00365	0.00586	0.00809	0.01069	0.06772	0.66433	0.11149	0.07171	0.00628	0.00178	0.00244	0.01072	0.00376	0.00332

[dist]
# distance from previous block
# <min> <max>
0	2

[block]
# block no. 6 follows, 65 sequences, length 12
# corresponding to MSA columns:
# 827-838
name=unknown_G
#
# <colnr> <probs for GDERKNQSTAVLIFYWHMCP>
#	G	D	E	R	K	N	Q	S	T	A	V	L	I	F	Y	W	H	M	C	P
0	0.01454	0.05860	0.05870	0.01020	0.01267	0.57548	0.00825	0.10456	0.01186	0.05033	0.00717	0.00810	0.00570	0.00446	0.00427	0.00113	0.05349	0.00288	0.00242	0.00519
1	0.01034	0.70010	0.06518	0.00748	0.01073	0.01487	0.00747	0.01184	0.00811	0.00985	0.00615	0.00751	0.00562	0.00566	0.06163	0.00136	0.05668	0.00248	0.00179	0.00515
2	0.00894	0.01108	0.23226	0.02592	0.01216	0.02250	0.00800	0.02321	0.02353	0.05941	0.00913	0.06803	0.00773	0.00494	0.02404	0.00112	0.02055	0.00349	0.00251	0.43145
3	0.02082	0.08767	0.13645	0.16599	0.07459	0.11826	0.09163	0.02906	0.00880	0.01141	0.00792	0.01141	0.00680	0.05517	0.07272	0.00187	0.07483	0.01760	0.00204	0.00495
4	0.00650	0.11606	0.00748	0.00611	0.00710	0.00568	0.00462	0.05268	0.00883	0.01144	0.02128	0.56003	0.09313	0.01085	0.00483	0.00153	0.00285	0.07163	0.00356	0.00384
5	0.00657	0.00432	0.00553	0.00587	0.00662	0.00407	0.00418	0.04196	0.00916	0.06914	0.11665	0.55701	0.07424	0.03520	0.00551	0.00163	0.00258	0.04199	0.00396	0.00381
6	0.00644	0.00474	0.00572	0.00566	0.00662	0.00456	0.00406	0.07525	0.00899	0.01199	0.07903	0.31211	0.16250	0.12183	0.06551	0.03996	0.00340	0.02577	0.00344	0.05242
7	0.00927	0.25292	0.29263	0.00860	0.01240	0.05701	0.02103	0.03525	0.00937	0.02610	0.07330	0.04452	0.06676	0.00504	0.00372	0.00115	0.00464	0.01493	0.00240	0.05895
8	0.02077	0.18562	0.20474	0.02454	0.04158	0.09664	0.02362	0.02957	0.04997	0.04785	0.07033	0.02424	0.05317	0.02149	0.00407	0.00120	0.00461	0.01129	0.00256	0.08214
9	0.03099	0.11458	0.20583	0.08005	0.07187	0.04015	0.14997	0.02264	0.02448	0.07132	0.02157	0.04453	0.03735	0.00509	0.01359	0.00136	0.04422	0.01259	0.00240	0.00543
10	0.02437	0.06301	0.15527	0.06345	0.10599	0.04435	0.08242	0.03942	0.06339	0.09467	0.06671	0.04044	0.00991	0.00470	0.00398	0.00120	0.00457	0.01454	0.00278	0.11481
11	0.03826	0.04074	0.04729	0.01073	0.04529	0.02100	0.19480	0.18857	0.05314	0.06439	0.02546	0.03580	0.01923	0.00525	0.02677	0.00134	0.02428	0.00407	0.00297	0.15062

[dist]
# distance from previous block
# <min> <max>
9	36

[block]
# block no. 7 follows, 65 sequences, length 22
# corresponding to MSA columns:
# 875-896
name=unknown_H
#
# <colnr> <probs for GDERKNQSTAVLIFYWHMCP>
#	G	D	E	R	K	N	Q	S	T	A	V	L	I	F	Y	W	H	M	C	P
0	0.03058	0.04704	0.02985	0.07160	0.01111	0.15277	0.02089	0.06437	0.07849	0.04669	0.03817	0.16117	0.07033	0.03680	0.00512	0.00141	0.03216	0.03759	0.00308	0.06078
1	0.09248	0.12778	0.17896	0.07897	0.08831	0.05733	0.04027	0.05433	0.14690	0.04297	0.01949	0.01029	0.00734	0.00461	0.01502	0.00130	0.00483	0.00340	0.00259	0.02285
2	0.04368	0.03229	0.06093	0.17419	0.28998	0.05527	0.08561	0.08743	0.02337	0.03351	0.02566	0.02110	0.00719	0.00415	0.00402	0.00124	0.00505	0.00375	0.00239	0.03919
3	0.04100	0.15985	0.01347	0.08517	0.05132	0.04066	0.09945	0.11947	0.05982	0.08358	0.02904	0.09302	0.04242	0.00536	0.00409	0.00123	0.01559	0.00454	0.00297	0.04796
4	0.07426	0.02729	0.02589	0.00597	0.00726	0.00499	0.00455	0.03142	0.02290	0.04454	0.05648	0.47075	0.10656	0.00988	0.00464	0.00146	0.00274	0.03219	0.00361	0.06261
5	0.01826	0.00708	0.03746	0.07460	0.05627	0.01580	0.05703	0.10485	0.03451	0.10178	0.04467	0.27686	0.06873	0.06053	0.00562	0.00159	0.00373	0.02239	0.00347	0.00477
6	0.01114	0.28263	0.03661	0.04199	0.05381	0.05691	0.20038	0.11340	0.04304	0.04133	0.00870	0.02971	0.00725	0.00454	0.00418	0.01691	0.01535	0.02413	0.00247	0.00552
7	0.00874	0.00804	0.01316	0.38523	0.33268	0.00863	0.01066	0.01101	0.00853	0.01178	0.00745	0.01043	0.00603	0.00433	0.00458	0.04718	0.00485	0.00350	0.00198	0.11121
8	0.00581	0.00402	0.00484	0.00493	0.00512	0.00408	0.00307	0.00616	0.00639	0.00858	0.01470	0.10474	0.04803	0.60704	0.15173	0.00408	0.00489	0.00637	0.00262	0.00280
9	0.01479	0.01864	0.01159	0.01088	0.03852	0.77931	0.00797	0.01591	0.01136	0.01013	0.00658	0.00784	0.00553	0.00528	0.03730	0.00129	0.00747	0.00275	0.00212	0.00477
10	0.00543	0.00441	0.00511	0.00524	0.00615	0.00425	0.00383	0.00670	0.03442	0.01089	0.04221	0.24969	0.43668	0.06511	0.04404	0.00189	0.04697	0.01987	0.00357	0.00354
11	0.01560	0.01150	0.01232	0.00944	0.01273	0.01273	0.00780	0.81645	0.01930	0.02587	0.00986	0.00986	0.00698	0.00493	0.00411	0.00123	0.00452	0.00370	0.00411	0.00698
12	0.01507	0.01934	0.04303	0.01058	0.01288	0.77808	0.00820	0.04487	0.01179	0.01072	0.00651	0.00754	0.00534	0.00424	0.00372	0.00107	0.00725	0.00270	0.00217	0.00489
13	0.01097	0.85821	0.02151	0.00702	0.01054	0.01624	0.00702	0.01229	0.00834	0.00966	0.00571	0.00658	0.00527	0.00351	0.00263	0.00088	0.00439	0.00219	0.00176	0.00527
14	0.01020	0.10766	0.22790	0.07061	0.12707	0.04348	0.10085	0.05477	0.02431	0.06099	0.02382	0.01010	0.00679	0.00463	0.00501	0.03479	0.05996	0.00351	0.00227	0.02126
15	0.01161	0.02251	0.16386	0.00901	0.04352	0.00739	0.03963	0.04147	0.04847	0.29249	0.05589	0.07099	0.02594	0.07042	0.03515	0.00172	0.04600	0.00479	0.00349	0.00564
16	0.00586	0.00440	0.00660	0.00660	0.00733	0.00513	0.00513	0.00733	0.00660	0.00953	0.01100	0.01613	0.01026	0.03079	0.83947	0.00660	0.01100	0.00440	0.00220	0.00367
17	0.01037	0.28323	0.37658	0.03389	0.03206	0.02744	0.03229	0.05018	0.00945	0.07578	0.02800	0.00915	0.00658	0.00402	0.00358	0.00116	0.00517	0.00306	0.00220	0.00580
18	0.00853	0.00586	0.00812	0.00707	0.00883	0.00555	0.07900	0.07858	0.02511	0.12428	0.20814	0.13957	0.19441	0.00846	0.00480	0.00142	0.00311	0.08058	0.00401	0.00459
19	0.00755	0.00548	0.00667	0.00668	0.00771	0.00566	0.00486	0.08499	0.12242	0.05004	0.01934	0.56966	0.02119	0.01031	0.00515	0.00155	0.03077	0.00910	0.00384	0.02704
20	0.00935	0.00879	0.01473	0.09149	0.65459	0.00891	0.01127	0.01159	0.00909	0.01283	0.03283	0.04009	0.02223	0.04879	0.00502	0.00140	0.00466	0.00424	0.00220	0.00590
21	0.01973	0.05362	0.38392	0.11126	0.05916	0.02810	0.07806	0.03389	0.03286	0.08294	0.00863	0.02346	0.00646	0.00422	0.00416	0.00127	0.02328	0.00352	0.00229	0.03917

[dist]
# distance from previous block
# <min> <max>
1	3

[block]
# block no. 8 follows, 65 sequences, length 32
# corresponding to MSA columns:
# 900-931
name=unknown_I
#
# <colnr> <probs for GDERKNQSTAVLIFYWHMCP>
#	G	D	E	R	K	N	Q	S	T	A	V	L	I	F	Y	W	H	M	C	P
0	0.02357	0.02838	0.05188	0.04324	0.03562	0.09948	0.08032	0.15217	0.12805	0.06559	0.01043	0.01145	0.03632	0.00522	0.00591	0.00134	0.17193	0.00387	0.00291	0.04229
1	0.00921	0.00877	0.01481	0.26850	0.54581	0.00935	0.01182	0.01166	0.00894	0.01238	0.00859	0.02583	0.02510	0.00416	0.00426	0.00128	0.01782	0.00391	0.00204	0.00577
2	0.00570	0.00433	0.00561	0.00522	0.00634	0.00393	0.02099	0.00748	0.01112	0.01529	0.64955	0.03206	0.19969	0.00870	0.00484	0.00131	0.00207	0.00762	0.00432	0.00383
3	0.00775	0.00730	0.01231	0.84587	0.02827	0.00912	0.01140	0.01049	0.00821	0.01049	0.00730	0.01094	0.00547	0.00410	0.00410	0.00137	0.00547	0.00365	0.00182	0.00456
4	0.03608	0.01065	0.01466	0.01105	0.01442	0.08881	0.24020	0.23935	0.01313	0.27295	0.01095	0.01118	0.00753	0.00446	0.00425	0.00127	0.00513	0.00403	0.00360	0.00629
5	0.00999	0.00876	0.01085	0.00921	0.01171	0.00971	0.10798	0.01968	0.65113	0.03445	0.01692	0.02860	0.05097	0.00563	0.00431	0.00139	0.00365	0.00495	0.00391	0.00619
6	0.00574	0.00449	0.00544	0.00564	0.00621	0.00458	0.00396	0.00698	0.04688	0.01065	0.05222	0.37537	0.20956	0.16488	0.00860	0.00201	0.07107	0.00879	0.00345	0.00347
7	0.50932	0.00947	0.00844	0.00702	0.00979	0.04975	0.00574	0.24369	0.03111	0.07951	0.00797	0.00836	0.00583	0.00429	0.00320	0.00125	0.00379	0.00286	0.00319	0.00542
8	0.03101	0.01390	0.01269	0.01083	0.03146	0.39730	0.11501	0.07367	0.04204	0.06206	0.00864	0.04949	0.00722	0.00482	0.00467	0.00120	0.06823	0.00368	0.00260	0.05948
9	0.00593	0.00471	0.00531	0.00577	0.00649	0.04368	0.00408	0.00716	0.02849	0.02323	0.11666	0.52964	0.15736	0.01120	0.00503	0.00154	0.00260	0.03363	0.00384	0.00363
10	0.02464	0.03243	0.10111	0.00953	0.01262	0.19690	0.06135	0.20015	0.08799	0.11689	0.07680	0.01180	0.00975	0.00481	0.00402	0.00121	0.00497	0.00381	0.00329	0.03593
11	0.00531	0.00410	0.00485	0.00483	0.00587	0.00363	0.00356	0.00671	0.01018	0.01345	0.39729	0.14602	0.35977	0.00982	0.00490	0.00138	0.00206	0.00851	0.00413	0.00363
12	0.00848	0.03898	0.64041	0.03178	0.01820	0.00970	0.14954	0.01283	0.00889	0.01296	0.02601	0.00957	0.00614	0.00392	0.00405	0.00131	0.00606	0.00343	0.00186	0.00587
13	0.00898	0.00898	0.01257	0.01078	0.01078	0.01257	0.00898	0.00988	0.00629	0.00988	0.00539	0.00898	0.00539	0.00718	0.01347	0.00180	0.84823	0.00359	0.00180	0.00449
14	0.04557	0.01046	0.01150	0.00888	0.01209	0.01128	0.00732	0.61904	0.03715	0.17799	0.01108	0.01066	0.00763	0.00493	0.00406	0.00124	0.00425	0.00375	0.00424	0.00688
15	0.00667	0.00506	0.00789	0.00774	0.02492	0.00499	0.08650	0.00808	0.00854	0.04202	0.07834	0.32323	0.04848	0.02795	0.12273	0.02231	0.01843	0.14887	0.00337	0.00389
16	0.00843	0.00718	0.00837	0.00607	0.00955	0.00550	0.00482	0.01041	0.02502	0.01339	0.02545	0.00956	0.00713	0.02323	0.00352	0.00072	0.00304	0.00267	0.00251	0.82344
17	0.01842	0.00699	0.00953	0.00730	0.01048	0.00603	0.00603	0.02000	0.01175	0.83298	0.01619	0.01397	0.01016	0.00508	0.00413	0.00127	0.00349	0.00413	0.00508	0.00699
18	0.00678	0.02428	0.02766	0.00759	0.02849	0.00542	0.10180	0.02471	0.04271	0.03438	0.10165	0.33869	0.19050	0.02660	0.00518	0.00152	0.00317	0.02114	0.00356	0.00415
19	0.00954	0.00933	0.01488	0.31632	0.50735	0.04775	0.01196	0.01202	0.00905	0.01222	0.00751	0.01031	0.00608	0.00384	0.00406	0.00126	0.00520	0.00361	0.00196	0.00573
20	0.00510	0.00364	0.00488	0.00583	0.00611	0.00342	0.00398	0.00589	0.00796	0.01059	0.02257	0.80305	0.02693	0.01277	0.00527	0.00168	0.00247	0.06069	0.00381	0.00336
21	0.00977	0.01013	0.02008	0.01480	0.01814	0.01003	0.58634	0.04801	0.05241	0.03312	0.00983	0.07464	0.00819	0.00471	0.00554	0.00143	0.07977	0.00517	0.00245	0.00543
22	0.00885	0.00600	0.00729	0.00657	0.00786	0.00617	0.00487	0.16961	0.06104	0.03051	0.01204	0.14548	0.01186	0.09177	0.06121	0.25760	0.00401	0.02370	0.00298	0.08058
23	0.00861	0.00763	0.00989	0.00706	0.01075	0.00590	0.07573	0.01058	0.00861	0.01336	0.00738	0.00874	0.00609	0.00308	0.00320	0.00068	0.00338	0.00264	0.00240	0.80429
24	0.00590	0.00419	0.00571	0.00575	0.00618	0.00460	0.00407	0.00672	0.00639	0.00894	0.01210	0.05474	0.01261	0.33352	0.48464	0.02527	0.00788	0.00526	0.00236	0.00317
25	0.00581	0.00433	0.00641	0.00647	0.00714	0.00498	0.00495	0.00718	0.00665	0.00953	0.01179	0.06839	0.01148	0.05908	0.75858	0.00620	0.01021	0.00490	0.00231	0.00360
26	0.00996	0.00917	0.01572	0.12833	0.63358	0.00934	0.04384	0.01240	0.00927	0.04262	0.00856	0.02848	0.00724	0.00409	0.00416	0.00127	0.00491	0.01875	0.00219	0.00612
27	0.00734	0.00592	0.00682	0.00621	0.00785	0.00600	0.00474	0.01226	0.27312	0.01568	0.38912	0.06395	0.09535	0.00741	0.00449	0.00129	0.00249	0.00641	0.00414	0.07942
28	0.00947	0.00884	0.03300	0.24356	0.29134	0.05389	0.00978	0.02896	0.08480	0.04914	0.05559	0.07368	0.02996	0.00517	0.00421	0.00131	0.00458	0.00460	0.00266	0.00545
29	0.00532	0.00399	0.00553	0.03635	0.00719	0.00378	0.01927	0.00626	0.00811	0.01082	0.04364	0.71812	0.05119	0.01193	0.00514	0.00162	0.00261	0.03413	0.00370	0.02130
30	0.09050	0.09227	0.01164	0.00821	0.01117	0.00998	0.05642	0.26811	0.10913	0.06129	0.01009	0.02756	0.00795	0.01910	0.05572	0.00151	0.00444	0.00366	0.00325	0.14801
31	0.09157	0.03638	0.01210	0.10338	0.33202	0.02316	0.00881	0.02908	0.07832	0.07927	0.02346	0.08437	0.02896	0.00503	0.00397	0.00126	0.00414	0.00439	0.00277	0.04755

[dist]
# distance from previous block
# <min> <max>
0	1

[block]
# block no. 9 follows, 65 sequences, length 10
# corresponding to MSA columns:
# 933-942
name=unknown_J
#
# <colnr> <probs for GDERKNQSTAVLIFYWHMCP>
#	G	D	E	R	K	N	Q	S	T	A	V	L	I	F	Y	W	H	M	C	P
0	0.00980	0.09993	0.38359	0.05987	0.01664	0.04567	0.14208	0.03022	0.08180	0.05484	0.00874	0.01002	0.00647	0.00478	0.02678	0.00141	0.00578	0.00351	0.00226	0.00580
1	0.03613	0.00632	0.00791	0.03124	0.03372	0.00600	0.00547	0.05190	0.08194	0.22438	0.05062	0.22173	0.03731	0.00707	0.00424	0.00129	0.00311	0.02502	0.03764	0.12695
2	0.00803	0.08664	0.01268	0.62657	0.02329	0.00976	0.01018	0.01031	0.00789	0.01021	0.00733	0.01120	0.00600	0.04165	0.03189	0.00164	0.08474	0.00363	0.00186	0.00450
3	0.06301	0.04092	0.09029	0.00907	0.01158	0.08191	0.02114	0.29656	0.01215	0.07298	0.00926	0.03457	0.00768	0.07293	0.02447	0.00165	0.13739	0.00385	0.00303	0.00555
4	0.00592	0.00408	0.00521	0.00527	0.00552	0.00430	0.00346	0.00637	0.00626	0.00858	0.01265	0.07077	0.01383	0.50838	0.28474	0.03748	0.00614	0.00570	0.00244	0.00289
5	0.00898	0.00898	0.01257	0.01078	0.01078	0.01257	0.00898	0.00988	0.00629	0.00988	0.00539	0.00898	0.00539	0.00718	0.01347	0.00180	0.84823	0.00359	0.00180	0.00449
6	0.00775	0.00730	0.01231	0.84587	0.02827	0.00912	0.01140	0.01049	0.00821	0.01049	0.00730	0.01094	0.00547	0.00410	0.00410	0.00137	0.00547	0.00365	0.00182	0.00456
7	0.00898	0.00796	0.02994	0.00695	0.03730	0.02743	0.00545	0.01088	0.00871	0.03542	0.00769	0.00887	0.00628	0.00321	0.00314	0.00068	0.00328	0.00258	0.02531	0.75995
8	0.02355	0.01014	0.01235	0.09049	0.08810	0.12573	0.08345	0.12403	0.07131	0.09671	0.05329	0.02840	0.02038	0.00528	0.00548	0.00134	0.12583	0.00415	0.02451	0.00547
9	0.00557	0.00389	0.00476	0.00522	0.00548	0.00375	0.00341	0.00608	0.00723	0.00953	0.01926	0.36286	0.06751	0.39399	0.01234	0.00272	0.00321	0.07700	0.00321	0.00300

[dist]
# distance from previous block
# <min> <max>
2	10

[block]
# block no. 10 follows, 65 sequences, length 11
# corresponding to MSA columns:
# 955-965
name=unknown_K
#
# <colnr> <probs for GDERKNQSTAVLIFYWHMCP>
#	G	D	E	R	K	N	Q	S	T	A	V	L	I	F	Y	W	H	M	C	P
0	0.34473	0.02903	0.03275	0.03465	0.05461	0.34609	0.04201	0.01370	0.00918	0.01358	0.00644	0.00803	0.00530	0.02344	0.00391	0.00125	0.02156	0.00276	0.00225	0.00475
1	0.00897	0.00882	0.07176	0.00940	0.03411	0.03137	0.09757	0.08393	0.13545	0.03177	0.10766	0.05811	0.06326	0.06309	0.04743	0.00184	0.10842	0.02888	0.00314	0.00499
2	0.00972	0.05596	0.13875	0.05435	0.02118	0.04659	0.00752	0.10635	0.10417	0.04990	0.04900	0.07970	0.03296	0.04942	0.00493	0.00132	0.01506	0.00441	0.00298	0.16572
3	0.00647	0.00463	0.00554	0.00519	0.00648	0.00418	0.02095	0.03374	0.00998	0.05819	0.22372	0.11637	0.38705	0.05927	0.00570	0.00152	0.00244	0.00784	0.03687	0.00386
4	0.00959	0.00829	0.01156	0.19275	0.16057	0.02727	0.02402	0.12957	0.08098	0.01413	0.08431	0.01314	0.01004	0.02265	0.02618	0.06319	0.09848	0.00414	0.01402	0.00512
5	0.00587	0.00400	0.00458	0.00465	0.00480	0.00394	0.00277	0.00609	0.00655	0.00868	0.04157	0.07116	0.06151	0.71019	0.01818	0.00356	0.00372	0.03276	0.00274	0.00267
6	0.03727	0.10195	0.04258	0.01099	0.12729	0.03748	0.02388	0.35835	0.07928	0.04507	0.07474	0.01166	0.00965	0.00481	0.00394	0.00121	0.00433	0.00384	0.01548	0.00619
7	0.01023	0.00994	0.01499	0.14037	0.49205	0.06760	0.05270	0.05668	0.00991	0.01350	0.02792	0.01050	0.00705	0.00390	0.00404	0.00120	0.00503	0.00366	0.00221	0.06655
8	0.03132	0.00589	0.00692	0.00618	0.00804	0.00537	0.00467	0.08605	0.03383	0.01400	0.10405	0.31081	0.05714	0.00794	0.00429	0.00123	0.00282	0.02991	0.00346	0.27606
9	0.05433	0.00860	0.01315	0.15271	0.31512	0.00917	0.05546	0.08823	0.03497	0.06587	0.04146	0.03418	0.05054	0.00496	0.00469	0.00132	0.05259	0.00431	0.00270	0.00565
10	0.01021	0.00815	0.01041	0.03061	0.08719	0.02555	0.04074	0.17831	0.12586	0.05948	0.06047	0.07681	0.04162	0.06434	0.05230	0.00186	0.08822	0.02925	0.00333	0.00531

[dist]
# distance from previous block
# <min> <max>
0	1

[block]
# block no. 11 follows, 65 sequences, length 7
# corresponding to MSA columns:
# 967-973
name=unknown_L
#
# <colnr> <probs for GDERKNQSTAVLIFYWHMCP>
#	G	D	E	R	K	N	Q	S	T	A	V	L	I	F	Y	W	H	M	C	P
0	0.02343	0.00710	0.01021	0.24381	0.07583	0.00771	0.03218	0.10382	0.02581	0.09694	0.16703	0.06230	0.06542	0.02244	0.00503	0.00140	0.03607	0.00524	0.00325	0.00499
1	0.01048	0.00922	0.01530	0.07684	0.66157	0.00915	0.01151	0.01283	0.00939	0.07190	0.00827	0.01037	0.00667	0.00375	0.00400	0.00119	0.00469	0.00361	0.00226	0.06701
2	0.00963	0.00952	0.01476	0.32010	0.48681	0.06455	0.01186	0.01209	0.00909	0.01213	0.00748	0.01026	0.00605	0.00386	0.00405	0.00126	0.00526	0.00359	0.00196	0.00569
3	0.00989	0.00888	0.01472	0.15692	0.58527	0.00917	0.01140	0.03820	0.00947	0.04310	0.00906	0.06884	0.00791	0.00446	0.00416	0.00128	0.00474	0.00423	0.00230	0.00600
4	0.00971	0.10515	0.14461	0.07884	0.26464	0.02841	0.07842	0.01287	0.06176	0.02797	0.00840	0.01102	0.00693	0.00442	0.00484	0.00128	0.08365	0.02935	0.00219	0.03554
5	0.00871	0.27514	0.04524	0.06512	0.11395	0.00941	0.04024	0.01027	0.00861	0.02724	0.08036	0.09739	0.01275	0.03117	0.02112	0.06439	0.00427	0.07745	0.00253	0.00465
6	0.04365	0.03417	0.06055	0.14545	0.56157	0.00980	0.01179	0.01239	0.00899	0.03512	0.00766	0.01002	0.00622	0.00389	0.00426	0.00126	0.03157	0.00353	0.00207	0.00602

[dist]
# distance from previous block
# <min> <max>
2	10

[block]
# block no. 12 follows, 65 sequences, length 16
# corresponding to MSA columns:
# 1006-1021
name=unknown_M
#
# <colnr> <probs for GDERKNQSTAVLIFYWHMCP>
#	G	D	E	R	K	N	Q	S	T	A	V	L	I	F	Y	W	H	M	C	P
0	0.04166	0.00668	0.04179	0.00704	0.04287	0.00586	0.00545	0.03309	0.05443	0.15655	0.20220	0.05745	0.17337	0.01975	0.00480	0.00130	0.02734	0.00576	0.00377	0.10885
1	0.08050	0.00975	0.03200	0.09001	0.19790	0.02653	0.21009	0.07565	0.00993	0.09295	0.03206	0.01089	0.00733	0.00439	0.00508	0.00133	0.08909	0.00394	0.00257	0.01800
2	0.00947	0.15128	0.52719	0.01066	0.01560	0.04541	0.04877	0.03595	0.06131	0.02755	0.00863	0.00958	0.02272	0.00412	0.00378	0.00123	0.00555	0.00322	0.00209	0.00588
3	0.04964	0.03058	0.04149	0.00619	0.00788	0.00558	0.00500	0.07301	0.02085	0.12193	0.17281	0.25523	0.16019	0.00875	0.00460	0.00141	0.00285	0.02358	0.00393	0.00450
4	0.00567	0.00398	0.00489	0.00514	0.00545	0.00396	0.00336	0.00621	0.00701	0.00935	0.03875	0.22339	0.07548	0.43943	0.11881	0.00344	0.00429	0.03542	0.00296	0.00299
5	0.02233	0.06743	0.01333	0.16888	0.17754	0.03760	0.04326	0.11789	0.02988	0.14086	0.00957	0.03828	0.00750	0.00471	0.00468	0.00127	0.06616	0.00386	0.00284	0.04215
6	0.03254	0.02291	0.05641	0.04403	0.15308	0.04368	0.01715	0.16633	0.28918	0.01648	0.01214	0.03040	0.03168	0.00522	0.00470	0.00133	0.05929	0.00419	0.00322	0.00606
7	0.01171	0.00903	0.00983	0.00842	0.01098	0.01004	0.00674	0.21305	0.49621	0.06788	0.01502	0.01574	0.01156	0.00568	0.00422	0.00135	0.00360	0.05756	0.00413	0.03728
8	0.05377	0.02586	0.05952	0.05288	0.39293	0.00974	0.08537	0.10079	0.04948	0.05661	0.01008	0.01156	0.04125	0.00430	0.00418	0.00126	0.01592	0.00390	0.00259	0.01799
9	0.01147	0.72559	0.05416	0.00744	0.01103	0.01538	0.00740	0.08362	0.00942	0.03345	0.00643	0.00716	0.00555	0.00370	0.00286	0.00094	0.00445	0.00241	0.00205	0.00550
10	0.00497	0.00370	0.00464	0.00539	0.00587	0.00336	0.00366	0.00575	0.00817	0.01061	0.02662	0.68174	0.19589	0.01234	0.00516	0.00161	0.00232	0.01104	0.00381	0.00336
11	0.04107	0.01029	0.01059	0.00881	0.01155	0.03584	0.00705	0.37207	0.41767	0.02084	0.01302	0.01239	0.00960	0.00519	0.00408	0.00131	0.00393	0.00409	0.00403	0.00659
12	0.00596	0.00451	0.00539	0.00596	0.00665	0.02586	0.00429	0.00740	0.04386	0.02752	0.07148	0.55084	0.12088	0.01145	0.00511	0.00160	0.00265	0.09108	0.00385	0.00367
13	0.25231	0.00912	0.01024	0.08671	0.13723	0.06600	0.00744	0.11531	0.05425	0.17239	0.00988	0.01113	0.00738	0.00454	0.00368	0.00127	0.00417	0.02559	0.01570	0.00568
14	0.01085	0.81945	0.05916	0.00724	0.01087	0.01593	0.00740	0.01232	0.00836	0.00981	0.00578	0.00668	0.00526	0.00353	0.00269	0.00090	0.00447	0.00223	0.00175	0.00530
15	0.05894	0.01265	0.01015	0.00902	0.01122	0.30912	0.00697	0.10055	0.33442	0.01491	0.01109	0.01151	0.00868	0.01943	0.04306	0.00154	0.02432	0.00368	0.00317	0.00557

[dist]
# distance from previous block
# <min> <max>
0	1

[block]
# block no. 13 follows, 65 sequences, length 37
# corresponding to MSA columns:
# 1023-1038,1041-1061
name=unknown_N
#
# <colnr> <probs for GDERKNQSTAVLIFYWHMCP>
#	G	D	E	R	K	N	Q	S	T	A	V	L	I	F	Y	W	H	M	C	P
0	0.05380	0.00984	0.01090	0.00849	0.01157	0.01052	0.00698	0.52764	0.05065	0.20920	0.02332	0.01136	0.00840	0.00499	0.00402	0.00124	0.00405	0.00383	0.03250	0.00670
1	0.01181	0.03337	0.02871	0.00985	0.05542	0.17553	0.05118	0.07870	0.22302	0.07326	0.01038	0.01076	0.00794	0.00445	0.00412	0.00113	0.03156	0.00351	0.00305	0.18224
2	0.00964	0.00499	0.00647	0.00586	0.00726	0.00462	0.00438	0.01080	0.00932	0.26855	0.13695	0.11517	0.09976	0.18402	0.08748	0.00241	0.00382	0.03018	0.00389	0.00444
3	0.00602	0.00438	0.00544	0.00540	0.00634	0.00419	0.00398	0.00783	0.04539	0.03020	0.34836	0.15357	0.17057	0.08384	0.07414	0.00205	0.00310	0.03758	0.00389	0.00376
4	0.02527	0.00392	0.00515	0.00583	0.00634	0.00367	0.00399	0.00693	0.00813	0.07260	0.02177	0.77133	0.02537	0.01208	0.00510	0.00163	0.00248	0.01089	0.00388	0.00363
5	0.00639	0.00420	0.00547	0.00582	0.00639	0.00410	0.00431	0.00721	0.00803	0.03208	0.08209	0.17154	0.05268	0.22830	0.03563	0.08457	0.00354	0.23499	0.01941	0.00326
6	0.00823	0.02123	0.83447	0.01170	0.01777	0.00953	0.01517	0.01300	0.00867	0.01300	0.00737	0.00867	0.00520	0.00390	0.00390	0.00130	0.00607	0.00303	0.00173	0.00607
7	0.00592	0.00446	0.00661	0.00658	0.00727	0.00521	0.00509	0.00732	0.00656	0.00947	0.01098	0.01646	0.01037	0.06540	0.79012	0.00640	0.02549	0.00445	0.00220	0.00363
8	0.01354	0.00924	0.00991	0.00786	0.01051	0.01006	0.00641	0.55684	0.02939	0.05748	0.01117	0.01156	0.00814	0.00491	0.00378	0.00116	0.00377	0.00376	0.23438	0.00614
9	0.00823	0.02123	0.83447	0.01170	0.01777	0.00953	0.01517	0.01300	0.00867	0.01300	0.00737	0.00867	0.00520	0.00390	0.00390	0.00130	0.00607	0.00303	0.00173	0.00607
10	0.00855	0.01766	0.57819	0.03863	0.01833	0.00942	0.18589	0.01277	0.00886	0.01298	0.00756	0.00924	0.00549	0.00375	0.00405	0.00127	0.00602	0.00340	0.00186	0.06606
11	0.00855	0.01849	0.00976	0.09047	0.01126	0.00823	0.03672	0.04409	0.09969	0.06396	0.04586	0.01588	0.07311	0.03086	0.23820	0.00295	0.18990	0.00460	0.00277	0.00466
12	0.00851	0.00730	0.00851	0.00608	0.00973	0.00547	0.00486	0.01034	0.00851	0.01338	0.00730	0.00851	0.00608	0.00304	0.00304	0.00061	0.00304	0.00243	0.00243	0.88083
13	0.00835	0.00687	0.00883	0.07810	0.02077	0.00682	0.04568	0.05953	0.16912	0.03159	0.04411	0.12486	0.10575	0.01796	0.01412	0.00137	0.00352	0.05892	0.00335	0.19038
14	0.00756	0.00498	0.00612	0.00576	0.00717	0.00468	0.00449	0.02080	0.06988	0.10950	0.36341	0.06808	0.20830	0.00872	0.00481	0.00140	0.00250	0.09320	0.00428	0.00434
15	0.00526	0.00385	0.00500	0.00579	0.00631	0.00359	0.00416	0.00624	0.00842	0.01104	0.05226	0.59642	0.12804	0.01216	0.00524	0.00165	0.00255	0.13474	0.00383	0.00344
16	0.01507	0.01184	0.01245	0.00960	0.01285	0.06915	0.03206	0.69930	0.01798	0.02381	0.00945	0.00966	0.00680	0.00475	0.00405	0.00120	0.00472	0.00360	0.00383	0.04784
17	0.03312	0.01651	0.01268	0.01324	0.16778	0.57675	0.02499	0.05942	0.03597	0.01201	0.00714	0.00836	0.00583	0.00418	0.00380	0.00112	0.00654	0.00299	0.00228	0.00527
18	0.00638	0.00431	0.00499	0.00480	0.00520	0.00423	0.00296	0.00694	0.02320	0.02690	0.06910	0.02581	0.03895	0.67108	0.05215	0.00359	0.00402	0.00588	0.00274	0.03678
19	0.85081	0.00790	0.00617	0.00547	0.00804	0.00908	0.00451	0.01238	0.00717	0.05032	0.00613	0.00695	0.00467	0.00386	0.00260	0.00127	0.00319	0.00230	0.00264	0.00454
20	0.00661	0.00472	0.00661	0.00756	0.00850	0.00472	0.00661	0.00850	0.00945	0.01228	0.02173	0.04630	0.02362	0.01134	0.00567	0.00189	0.00378	0.80250	0.00378	0.00378
21	0.65274	0.00775	0.00694	0.00592	0.00859	0.00851	0.00487	0.02808	0.01971	0.20012	0.00838	0.00859	0.00596	0.00415	0.00295	0.00127	0.00325	0.00273	0.01444	0.00508
22	0.01475	0.01406	0.01216	0.00995	0.01275	0.30920	0.03783	0.43966	0.05454	0.01891	0.00969	0.01006	0.02807	0.00480	0.00401	0.00119	0.00552	0.00354	0.00331	0.00601
23	0.00871	0.00796	0.01301	0.28853	0.39752	0.00852	0.01050	0.02153	0.02403	0.02126	0.02812	0.07997	0.05282	0.00515	0.00425	0.00133	0.00460	0.01444	0.00237	0.00538
24	0.00517	0.00388	0.00476	0.00522	0.00591	0.00352	0.00368	0.00618	0.00885	0.01155	0.15155	0.44676	0.25183	0.03767	0.00557	0.00161	0.00233	0.03664	0.00388	0.00344
25	0.00517	0.00416	0.00464	0.00457	0.00578	0.00363	0.00342	0.00648	0.00990	0.01261	0.27162	0.05745	0.55038	0.01049	0.03007	0.00152	0.00231	0.00825	0.00397	0.00359
26	0.01497	0.01897	0.01139	0.01037	0.01244	0.80697	0.00777	0.01606	0.01163	0.01029	0.03810	0.00830	0.00658	0.00439	0.00375	0.00107	0.00719	0.00283	0.00221	0.00472
27	0.00596	0.00451	0.00669	0.00663	0.00732	0.00530	0.00514	0.00735	0.00656	0.00948	0.01091	0.01634	0.01030	0.06199	0.78419	0.00636	0.03469	0.00444	0.00220	0.00364
28	0.00623	0.00446	0.00663	0.00657	0.00736	0.00513	0.00510	0.00766	0.00673	0.03307	0.01119	0.01630	0.01036	0.04853	0.79722	0.00639	0.01062	0.00443	0.00229	0.00373
