[name]
unknown

[dist]
# distance from previous block
# <min> <max>
15	312

[block]
# block no. 0 follows, 72 sequences, length 38
# corresponding to MSA columns:
# 632-641,645-663,674-682
name=unknown_A
#
# <colnr> <probs for GDERKNQSTAVLIFYWHMCP>
#	G	D	E	R	K	N	Q	S	T	A	V	L	I	F	Y	W	H	M	C	P
0	0.05974	0.07343	0.16047	0.05558	0.19366	0.04148	0.05435	0.02897	0.04635	0.06778	0.03629	0.01292	0.03714	0.02464	0.04124	0.00145	0.00463	0.04388	0.00238	0.01364
1	0.00866	0.04759	0.13669	0.05198	0.15279	0.01954	0.07765	0.04458	0.01930	0.09878	0.02367	0.21997	0.01964	0.00608	0.00406	0.00126	0.00400	0.03580	0.00274	0.02525
2	0.01881	0.10583	0.26421	0.06510	0.09240	0.03636	0.08483	0.08141	0.06772	0.09959	0.03114	0.01024	0.00717	0.00403	0.00366	0.00116	0.00470	0.01370	0.00244	0.00548
3	0.00888	0.11229	0.38457	0.08052	0.01580	0.00941	0.15791	0.04493	0.00853	0.06464	0.00751	0.00907	0.00560	0.00493	0.04622	0.00143	0.02729	0.00323	0.00198	0.00526
4	0.00901	0.08712	0.15426	0.09245	0.30814	0.02904	0.07251	0.01960	0.03654	0.04489	0.00902	0.01079	0.04532	0.02311	0.00421	0.00120	0.02294	0.00351	0.00208	0.02425
5	0.02775	0.13234	0.27355	0.18050	0.09623	0.00925	0.07610	0.03369	0.00847	0.06478	0.02697	0.01983	0.01496	0.00421	0.01477	0.00122	0.00488	0.00332	0.00205	0.00514
6	0.00857	0.03641	0.08557	0.16514	0.11520	0.11840	0.11896	0.01061	0.00835	0.03618	0.01021	0.11766	0.03908	0.00618	0.04326	0.00145	0.03339	0.01432	0.00221	0.02885
7	0.00703	0.00592	0.02623	0.18390	0.06264	0.02235	0.03255	0.00921	0.07117	0.05602	0.01564	0.26679	0.07712	0.07111	0.03270	0.00169	0.00376	0.04728	0.00287	0.00403
8	0.07356	0.02964	0.03478	0.15721	0.20880	0.02572	0.06993	0.03267	0.00866	0.18180	0.00917	0.04764	0.00732	0.02614	0.01628	0.00135	0.05786	0.00377	0.00256	0.00515
9	0.02588	0.00503	0.02959	0.05115	0.03939	0.00464	0.03674	0.02506	0.00849	0.04079	0.12986	0.37514	0.08044	0.00928	0.01465	0.00148	0.00297	0.11233	0.00334	0.00374
10	0.00536	0.00400	0.02770	0.00530	0.00595	0.00341	0.00382	0.00624	0.00775	0.05131	0.06629	0.65027	0.10723	0.03004	0.00502	0.00152	0.00233	0.00961	0.00353	0.00334
11	0.00661	0.02869	0.02467	0.04450	0.00791	0.00525	0.00483	0.05416	0.09261	0.03375	0.22869	0.16059	0.18755	0.00818	0.00440	0.00133	0.00265	0.09605	0.00358	0.00400
12	0.08075	0.25015	0.11719	0.07920	0.04542	0.04661	0.03683	0.08906	0.08918	0.05076	0.03123	0.01967	0.00764	0.00427	0.00338	0.00111	0.00423	0.03577	0.00244	0.00510
13	0.02777	0.03004	0.05434	0.00877	0.01097	0.23917	0.07807	0.07249	0.04325	0.15192	0.03343	0.01172	0.03049	0.02360	0.00507	0.00124	0.10681	0.02036	0.04558	0.00489
14	0.00541	0.00377	0.00482	0.00537	0.00571	0.00370	0.00385	0.00616	0.00705	0.00931	0.01727	0.29620	0.01982	0.33412	0.01042	0.00241	0.00315	0.25549	0.00305	0.00291
15	0.01143	0.42099	0.01485	0.00759	0.01044	0.10578	0.00666	0.20041	0.16229	0.01366	0.00808	0.00834	0.00646	0.00397	0.00311	0.00099	0.00420	0.00280	0.00257	0.00538
16	0.00918	0.07629	0.31361	0.04110	0.02115	0.02485	0.03172	0.08695	0.05143	0.05069	0.00770	0.00859	0.00579	0.00357	0.00336	0.00099	0.00435	0.00283	0.00226	0.25360
17	0.00924	0.32397	0.34204	0.03169	0.01318	0.01064	0.05349	0.03412	0.01757	0.06262	0.00811	0.01785	0.03210	0.00383	0.00328	0.00105	0.00464	0.00296	0.00200	0.02561
18	0.00886	0.05353	0.10591	0.01487	0.01878	0.00982	0.68964	0.01204	0.00873	0.01192	0.00741	0.00976	0.00560	0.00331	0.00444	0.00126	0.02296	0.00416	0.00187	0.00513
19	0.02582	0.00559	0.02763	0.00649	0.00768	0.02246	0.00519	0.04941	0.09198	0.07868	0.01582	0.21905	0.01621	0.07349	0.11881	0.01464	0.00416	0.20966	0.00324	0.00399
20	0.01021	0.21448	0.14980	0.05374	0.05302	0.12883	0.09448	0.07002	0.02147	0.05292	0.02995	0.03244	0.00686	0.00421	0.00408	0.00112	0.06188	0.00328	0.00218	0.00504
21	0.00716	0.00674	0.01138	0.85760	0.02612	0.00843	0.01053	0.00969	0.00758	0.00969	0.00674	0.01011	0.00506	0.00379	0.00379	0.00126	0.00506	0.00337	0.00169	0.00421
22	0.00575	0.00445	0.00577	0.00569	0.00620	0.02756	0.00417	0.00668	0.00608	0.00842	0.01088	0.01775	0.02392	0.27280	0.54697	0.00504	0.03215	0.00449	0.00212	0.00311
23	0.02042	0.12126	0.55660	0.00940	0.01392	0.03017	0.01119	0.03427	0.02287	0.06825	0.04697	0.01013	0.00722	0.00408	0.00355	0.00116	0.00493	0.02612	0.00210	0.00540
24	0.02122	0.00726	0.02262	0.01876	0.04966	0.06703	0.02619	0.06843	0.12206	0.20427	0.17862	0.06147	0.07196	0.02639	0.01384	0.00132	0.00337	0.01624	0.01436	0.00494
25	0.00599	0.00389	0.00506	0.00498	0.00525	0.00411	0.00333	0.02914	0.00589	0.00804	0.01015	0.01863	0.01076	0.41863	0.24374	0.20782	0.00536	0.00455	0.00212	0.00256
26	0.00772	0.00726	0.01185	0.64951	0.11548	0.00893	0.01033	0.03025	0.00776	0.01028	0.00665	0.00980	0.00519	0.00408	0.00474	0.00129	0.09929	0.00337	0.00176	0.00446
27	0.05219	0.00732	0.01110	0.56640	0.02097	0.02276	0.04636	0.05088	0.03889	0.13425	0.00834	0.01038	0.00598	0.00397	0.00375	0.00124	0.00466	0.00344	0.00236	0.00475
28	0.04726	0.00753	0.00875	0.00723	0.00953	0.00795	0.00587	0.24189	0.14922	0.26057	0.06251	0.03586	0.02927	0.00551	0.00422	0.00123	0.03791	0.04409	0.02795	0.00564
29	0.18030	0.00924	0.01029	0.05684	0.20391	0.10835	0.00741	0.11280	0.09917	0.11670	0.02609	0.02064	0.00737	0.00425	0.00367	0.00117	0.02033	0.00333	0.00282	0.00534
30	0.00482	0.00346	0.00435	0.00490	0.00524	0.00323	0.00325	0.00548	0.00736	0.00974	0.08189	0.57165	0.10732	0.16013	0.00729	0.00186	0.00240	0.00929	0.00336	0.00299
31	0.03426	0.02421	0.01000	0.04300	0.04161	0.34371	0.01572	0.07450	0.03424	0.10319	0.00825	0.04379	0.00672	0.00416	0.00354	0.00099	0.01481	0.00311	0.00256	0.18761
32	0.00939	0.14782	0.02567	0.06820	0.60760	0.03092	0.01052	0.01147	0.00847	0.01156	0.00713	0.00972	0.00615	0.00359	0.00357	0.00110	0.00451	0.02515	0.00187	0.00561
33	0.09626	0.00970	0.05167	0.00786	0.01077	0.11153	0.05031	0.15805	0.08457	0.20826	0.02885	0.01013	0.00760	0.00414	0.00351	0.00106	0.00398	0.00326	0.00320	0.14529
34	0.14389	0.03098	0.00940	0.00744	0.00973	0.05565	0.09230	0.09489	0.12174	0.15667	0.17566	0.01532	0.04949	0.00521	0.00378	0.00119	0.00347	0.01475	0.00343	0.00499
35	0.00518	0.00395	0.00478	0.00464	0.00564	0.00360	0.00348	0.00689	0.03078	0.01339	0.52259	0.07294	0.27581	0.00850	0.00449	0.00125	0.00191	0.02275	0.00393	0.00350
36	0.00842	0.00803	0.01365	0.38525	0.48863	0.00876	0.01116	0.01079	0.00818	0.01122	0.00696	0.00970	0.00559	0.00356	0.00377	0.00119	0.00474	0.00338	0.00179	0.00523
37	0.00862	0.00823	0.01401	0.31018	0.56214	0.00881	0.01126	0.01097	0.00827	0.01146	0.00700	0.00964	0.00568	0.00352	0.00377	0.00117	0.00469	0.00338	0.00181	0.00539

[dist]
# distance from previous block
# <min> <max>
2	22

[block]
# block no. 1 follows, 72 sequences, length 36
# corresponding to MSA columns:
# 706-736,740-744
name=unknown_B
#
# <colnr> <probs for GDERKNQSTAVLIFYWHMCP>
#	G	D	E	R	K	N	Q	S	T	A	V	L	I	F	Y	W	H	M	C	P
0	0.08062	0.06173	0.02442	0.00904	0.01175	0.04513	0.18149	0.14744	0.08686	0.16376	0.03211	0.02491	0.03872	0.00479	0.00405	0.00121	0.02582	0.03571	0.01515	0.00529
1	0.00675	0.00531	0.00654	0.00594	0.00734	0.00539	0.03414	0.01086	0.23915	0.03517	0.38962	0.07594	0.13739	0.01777	0.00449	0.00129	0.00240	0.00637	0.00387	0.00428
2	0.00620	0.00438	0.00533	0.00538	0.00627	0.00432	0.00389	0.03779	0.09007	0.04248	0.20298	0.37308	0.09586	0.03593	0.03120	0.00157	0.00255	0.00784	0.03916	0.00374
3	0.21548	0.10563	0.01138	0.02287	0.01117	0.22418	0.04884	0.28946	0.01168	0.01612	0.00687	0.00760	0.00528	0.00393	0.00325	0.00108	0.00468	0.00276	0.00262	0.00511
4	0.03612	0.00985	0.02035	0.01478	0.01809	0.00975	0.69181	0.01184	0.00852	0.02389	0.00737	0.00991	0.00566	0.00365	0.00537	0.00132	0.11054	0.00425	0.00194	0.00499
5	0.01285	0.01006	0.01167	0.00914	0.01185	0.05465	0.08405	0.48886	0.10426	0.07833	0.01055	0.01070	0.03260	0.00475	0.00440	0.00120	0.05698	0.00372	0.00345	0.00593
6	0.00574	0.00392	0.00475	0.00455	0.00558	0.00357	0.00346	0.00734	0.00986	0.03693	0.50811	0.02841	0.20710	0.00775	0.00425	0.00119	0.00192	0.03601	0.11600	0.00357
7	0.03914	0.00919	0.00918	0.00724	0.01013	0.09927	0.00579	0.22684	0.13391	0.06530	0.00900	0.00926	0.00682	0.00387	0.00333	0.00092	0.00366	0.00296	0.00301	0.35118
8	0.01054	0.02045	0.12895	0.00930	0.01269	0.08419	0.17958	0.06669	0.00964	0.15926	0.03295	0.02714	0.00763	0.00397	0.00368	0.00104	0.00447	0.01381	0.00268	0.22133
9	0.05398	0.01380	0.01089	0.01781	0.01169	0.49252	0.07474	0.08168	0.03286	0.03009	0.02494	0.00922	0.01732	0.00415	0.00365	0.00104	0.01750	0.01734	0.00235	0.08242
10	0.00514	0.00390	0.00469	0.00462	0.00559	0.00351	0.00344	0.00646	0.00930	0.01243	0.40517	0.09440	0.28821	0.06273	0.00544	0.00142	0.00210	0.05493	0.00372	0.02279
11	0.05616	0.00664	0.00803	0.10826	0.01054	0.04678	0.02924	0.06688	0.06559	0.23190	0.13103	0.07237	0.12664	0.00603	0.00397	0.00122	0.00328	0.00507	0.01558	0.00479
12	0.00705	0.00580	0.00838	0.00714	0.00884	0.00567	0.13650	0.02182	0.15769	0.05025	0.18922	0.13028	0.20875	0.02009	0.00461	0.00134	0.00299	0.02584	0.00350	0.00426
13	0.02026	0.00504	0.00632	0.00558	0.00711	0.00472	0.00427	0.03422	0.04763	0.27080	0.24390	0.09342	0.09889	0.10992	0.00602	0.00154	0.00269	0.02929	0.00393	0.00443
14	0.00513	0.00379	0.00483	0.00498	0.00577	0.00349	0.00372	0.00653	0.00940	0.01275	0.44065	0.22450	0.15732	0.00928	0.00464	0.00134	0.00208	0.09254	0.00385	0.00340
15	0.08940	0.00822	0.01188	0.14990	0.09714	0.02694	0.12937	0.13776	0.02311	0.24585	0.00973	0.01045	0.00683	0.00405	0.00373	0.00118	0.00427	0.00355	0.03114	0.00549
16	0.56194	0.00739	0.00683	0.00578	0.00823	0.00813	0.00473	0.09721	0.05135	0.15936	0.03268	0.00934	0.02494	0.00417	0.00293	0.00118	0.00306	0.00288	0.00305	0.00481
17	0.00544	0.00386	0.00475	0.00473	0.00550	0.00365	0.00344	0.00661	0.00855	0.02467	0.31613	0.08961	0.19105	0.16833	0.06812	0.00207	0.00292	0.05673	0.03057	0.00325
18	0.25090	0.00763	0.00818	0.00665	0.00921	0.00806	0.00543	0.20168	0.10181	0.28226	0.04786	0.01108	0.00872	0.00452	0.00342	0.00117	0.00323	0.00343	0.02920	0.00556
19	0.00939	0.00901	0.01539	0.02328	0.84306	0.00901	0.01164	0.01164	0.00864	0.01239	0.00713	0.00939	0.00601	0.00338	0.00375	0.00113	0.00451	0.00338	0.00188	0.00601
20	0.00598	0.00451	0.00538	0.00518	0.00627	0.00436	0.00396	0.07746	0.02261	0.01322	0.33044	0.09996	0.24559	0.04140	0.04844	0.00163	0.00272	0.07356	0.00367	0.00365
21	0.00548	0.00374	0.00448	0.00450	0.00462	0.00385	0.00274	0.00573	0.00565	0.00765	0.01182	0.03954	0.01327	0.70528	0.16270	0.00405	0.00477	0.00537	0.00228	0.00250
22	0.00757	0.00448	0.00566	0.00523	0.00653	0.00408	0.00397	0.02197	0.02762	0.17275	0.37759	0.16014	0.16180	0.00806	0.00439	0.00127	0.00224	0.01654	0.00404	0.00408
23	0.74267	0.02710	0.00624	0.00522	0.00759	0.00834	0.00431	0.02890	0.02123	0.07749	0.00650	0.00715	0.00490	0.00368	0.00252	0.00116	0.00296	0.00230	0.03537	0.00436
24	0.00825	0.22164	0.63091	0.01007	0.03389	0.01029	0.01217	0.01185	0.00795	0.01128	0.00645	0.00758	0.00485	0.00351	0.00333	0.00111	0.00521	0.00263	0.00161	0.00544
25	0.00481	0.00383	0.00436	0.00457	0.00558	0.00337	0.00346	0.00592	0.00869	0.01089	0.12924	0.16569	0.51656	0.00985	0.00463	0.00137	0.00214	0.10819	0.00360	0.00326
26	0.00491	0.00388	0.00443	0.00434	0.00545	0.00340	0.00329	0.00624	0.00951	0.01233	0.36797	0.03337	0.48029	0.00887	0.00451	0.00126	0.00192	0.03690	0.00379	0.00337
27	0.02094	0.05172	0.63293	0.02462	0.01495	0.00896	0.01203	0.04991	0.06615	0.04298	0.00805	0.00936	0.00591	0.00393	0.00360	0.00119	0.00507	0.01900	0.01314	0.00556
28	0.02680	0.02078	0.09802	0.15633	0.31479	0.00753	0.00904	0.02948	0.03408	0.03031	0.01212	0.14083	0.06817	0.00552	0.00396	0.00125	0.00403	0.02964	0.00240	0.00491
29	0.01686	0.00670	0.00895	0.00686	0.00980	0.00594	0.00567	0.06647	0.01127	0.79711	0.01462	0.01268	0.00921	0.00469	0.00381	0.00117	0.00328	0.00379	0.00464	0.00645
30	0.00662	0.00585	0.00946	0.39256	0.11631	0.00652	0.03254	0.00839	0.00758	0.00998	0.01205	0.21753	0.03129	0.08096	0.00549	0.00155	0.00408	0.04493	0.00234	0.00396
31	0.00946	0.16041	0.28107	0.08679	0.08103	0.06022	0.06627	0.05611	0.06483	0.05219	0.01868	0.00979	0.02899	0.00395	0.00355	0.00113	0.00482	0.00323	0.00218	0.00530
32	0.00546	0.00394	0.00493	0.00476	0.00576	0.00359	0.00361	0.00700	0.00992	0.03371	0.55070	0.05560	0.21889	0.00898	0.03049	0.00140	0.00220	0.04160	0.00392	0.00354
33	0.00886	0.00942	0.01948	0.10864	0.08956	0.00914	0.60895	0.02261	0.00891	0.02461	0.00822	0.01165	0.00649	0.00365	0.00435	0.00128	0.00588	0.04120	0.00203	0.00506
34	0.04297	0.08566	0.19307	0.05132	0.09609	0.05173	0.07454	0.03642	0.04138	0.10262	0.02702	0.03638	0.00761	0.00511	0.03456	0.00132	0.02438	0.01339	0.01474	0.05969
35	0.00824	0.02368	0.33084	0.20937	0.15715	0.00909	0.07770	0.01141	0.01949	0.02952	0.00703	0.00910	0.00535	0.00389	0.00453	0.00125	0.08213	0.00325	0.00180	0.00519

[dist]
# distance from previous block
# <min> <max>
0	178

[block]
# block no. 2 follows, 72 sequences, length 20
# corresponding to MSA columns:
# 946-962,964-966
name=unknown_C
#
# <colnr> <probs for GDERKNQSTAVLIFYWHMCP>
#	G	D	E	R	K	N	Q	S	T	A	V	L	I	F	Y	W	H	M	C	P
0	0.04242	0.05400	0.08324	0.19384	0.07521	0.11463	0.02700	0.12679	0.13658	0.03179	0.00954	0.02011	0.03290	0.00434	0.00376	0.00117	0.01560	0.00348	0.00253	0.02108
1	0.65096	0.00767	0.00707	0.01853	0.03209	0.00866	0.01588	0.11322	0.00826	0.05799	0.00703	0.00797	0.01722	0.00390	0.00287	0.00118	0.01300	0.01052	0.01142	0.00456
2	0.02173	0.00713	0.02822	0.00600	0.00941	0.00532	0.02330	0.01000	0.00797	0.04127	0.00703	0.00807	0.00571	0.00291	0.00289	0.00062	0.00297	0.00236	0.00231	0.80479
3	0.00461	0.00335	0.00435	0.00514	0.00546	0.00309	0.00346	0.00530	0.00739	0.00974	0.02258	0.78478	0.10346	0.01166	0.00481	0.00152	0.00217	0.01051	0.00352	0.00309
4	0.00772	0.00659	0.01049	0.15203	0.01314	0.00689	0.17356	0.06420	0.12362	0.04081	0.01405	0.31304	0.01401	0.00703	0.00436	0.00137	0.00386	0.03576	0.00299	0.00444
5	0.00837	0.00681	0.00798	0.00573	0.00908	0.00522	0.00460	0.02773	0.00820	0.04593	0.00712	0.00809	0.00579	0.00292	0.00287	0.00060	0.00286	0.00233	0.00238	0.83539
6	0.01946	0.30834	0.20652	0.02337	0.02234	0.04964	0.00810	0.13844	0.00934	0.03549	0.00740	0.00896	0.00607	0.03203	0.09488	0.00164	0.00516	0.00288	0.01490	0.00505
7	0.00834	0.06861	0.01226	0.00974	0.01009	0.01152	0.02939	0.00929	0.00609	0.00923	0.00546	0.00899	0.00540	0.00682	0.02821	0.00168	0.74404	0.01892	0.00171	0.00420
8	0.00470	0.00358	0.00426	0.00468	0.00534	0.00321	0.00327	0.00553	0.00794	0.01018	0.08441	0.44062	0.32617	0.05742	0.00548	0.00154	0.00217	0.02288	0.00350	0.00312
9	0.00754	0.00727	0.01222	0.64666	0.06671	0.00898	0.05500	0.00985	0.00746	0.00989	0.00656	0.00982	0.00513	0.00414	0.00506	0.00131	0.12692	0.00342	0.00170	0.00435
10	0.00759	0.01744	0.72928	0.01008	0.01502	0.00809	0.01261	0.01150	0.00802	0.03877	0.00859	0.10026	0.00713	0.00453	0.00374	0.00124	0.00516	0.00369	0.00191	0.00536
11	0.05792	0.00650	0.00865	0.00667	0.00957	0.00571	0.00551	0.01814	0.01065	0.80701	0.01451	0.01259	0.00914	0.00464	0.00375	0.00117	0.00321	0.00373	0.00458	0.00634
12	0.00654	0.00459	0.00678	0.05188	0.05297	0.00513	0.00503	0.00692	0.00627	0.02878	0.02790	0.10086	0.01865	0.06913	0.24563	0.26707	0.08606	0.00456	0.00215	0.00310
13	0.00717	0.00674	0.01156	0.72078	0.04197	0.00811	0.05482	0.00963	0.00773	0.00997	0.00797	0.03950	0.00665	0.00437	0.00394	0.00130	0.00494	0.04676	0.00186	0.00423
14	0.00661	0.00546	0.00877	0.41269	0.01622	0.00612	0.04772	0.00843	0.00775	0.03501	0.01325	0.28406	0.03290	0.00686	0.00419	0.00135	0.00383	0.04551	0.04940	0.00387
15	0.00568	0.00433	0.00626	0.02627	0.00722	0.00497	0.00487	0.02049	0.00661	0.00929	0.01238	0.17512	0.02498	0.02163	0.53857	0.03468	0.06004	0.03084	0.00237	0.00339
16	0.00812	0.00887	0.07635	0.16867	0.21554	0.02602	0.21919	0.03000	0.00839	0.01149	0.00911	0.06576	0.02425	0.00658	0.08589	0.00170	0.00550	0.00424	0.01948	0.00485
17	0.02186	0.00789	0.13202	0.08908	0.11088	0.00633	0.05833	0.03422	0.01993	0.09647	0.03236	0.25971	0.05097	0.00755	0.03516	0.00149	0.00399	0.02435	0.00284	0.00457
18	0.02974	0.12510	0.28727	0.08777	0.07536	0.02392	0.14365	0.08193	0.03489	0.04247	0.00773	0.00940	0.00589	0.00378	0.00364	0.00116	0.00500	0.01591	0.01005	0.00534
19	0.16280	0.02669	0.00969	0.09385	0.07226	0.15066	0.02254	0.10253	0.06892	0.06486	0.03523	0.03471	0.03304	0.02473	0.00449	0.00126	0.05898	0.02531	0.00268	0.00475

[dist]
# distance from previous block
# <min> <max>
3	92

# created by:
# /home/cegg/simao/soft/augustus-3.2.1/scripts/msa2prfl.pl ./align_prep/EOG092C50DB.fa
