[name]
unknown

[dist]
# distance from previous block
# <min> <max>
8	909

[block]
# block no. 0 follows, 69 sequences, length 28
# corresponding to MSA columns:
# 1121-1148
name=unknown_A
#
# <colnr> <probs for GDERKNQSTAVLIFYWHMCP>
#	G	D	E	R	K	N	Q	S	T	A	V	L	I	F	Y	W	H	M	C	P
0	0.01040	0.77236	0.01928	0.00685	0.00999	0.03112	0.00665	0.02781	0.02316	0.00970	0.00631	0.03719	0.00594	0.00380	0.00283	0.00090	0.01637	0.00252	0.00184	0.00500
1	0.01139	0.05974	0.04697	0.00769	0.00998	0.00829	0.02230	0.10869	0.19284	0.23102	0.02273	0.02758	0.00993	0.06231	0.10806	0.00204	0.05536	0.00413	0.00345	0.00551
2	0.00513	0.00396	0.00478	0.00563	0.00592	0.03346	0.00378	0.00582	0.00764	0.00999	0.02105	0.82905	0.02518	0.01199	0.00495	0.00157	0.00245	0.01084	0.00358	0.00323
3	0.00584	0.00516	0.00694	0.05883	0.09921	0.00483	0.04155	0.00758	0.03329	0.01171	0.13393	0.04892	0.51111	0.00823	0.00450	0.00130	0.00271	0.00709	0.00336	0.00391
4	0.01393	0.10410	0.10318	0.03356	0.05911	0.03848	0.04262	0.08223	0.03561	0.41973	0.02125	0.01128	0.00815	0.00440	0.00378	0.00117	0.00416	0.00358	0.00356	0.00612
5	0.00584	0.04395	0.01779	0.00508	0.00619	0.01421	0.00382	0.02528	0.00853	0.03441	0.05533	0.30124	0.36744	0.06138	0.02988	0.00167	0.00274	0.00824	0.00345	0.00354
6	0.00786	0.02028	0.84191	0.01117	0.01697	0.00910	0.01448	0.01242	0.00828	0.01242	0.00704	0.00828	0.00497	0.00372	0.00372	0.00124	0.00579	0.00290	0.00166	0.00579
7	0.00928	0.04060	0.01556	0.08356	0.61312	0.00934	0.06993	0.01171	0.02150	0.01241	0.02681	0.03097	0.00733	0.00394	0.00417	0.00120	0.02694	0.00381	0.00204	0.00578
8	0.00960	0.05927	0.06093	0.08810	0.56804	0.00976	0.07252	0.03915	0.03152	0.01283	0.00756	0.00968	0.00615	0.00361	0.00386	0.00118	0.00483	0.00349	0.00202	0.00591
9	0.00812	0.00480	0.00672	0.00624	0.00745	0.00510	0.00488	0.02999	0.00769	0.16855	0.01293	0.01636	0.04870	0.06089	0.56923	0.00474	0.00809	0.00438	0.02102	0.00413
10	0.00918	0.01044	0.02271	0.04749	0.02073	0.00987	0.79344	0.01246	0.00920	0.01246	0.00790	0.01057	0.00592	0.00333	0.00460	0.00132	0.00656	0.00458	0.00197	0.00525
11	0.01028	0.09318	0.08667	0.05280	0.25249	0.00963	0.23495	0.06955	0.00964	0.09081	0.00883	0.04768	0.00711	0.00407	0.00400	0.00121	0.00502	0.00401	0.00238	0.00566
12	0.02855	0.00807	0.06954	0.14203	0.23004	0.00740	0.10242	0.03246	0.00883	0.05088	0.05450	0.09360	0.08609	0.06219	0.00521	0.00145	0.00427	0.00505	0.00256	0.00485
13	0.00681	0.00340	0.00511	0.00511	0.00511	0.00340	0.00340	0.00511	0.00511	0.00681	0.00681	0.01192	0.00681	0.01362	0.01532	0.88594	0.00340	0.00340	0.00170	0.00170
14	0.01236	0.05370	0.14225	0.05877	0.09636	0.00842	0.17466	0.02996	0.01937	0.33268	0.01054	0.01097	0.00726	0.00414	0.00413	0.00123	0.02044	0.00374	0.00306	0.00595
15	0.01031	0.21126	0.32101	0.02499	0.06260	0.05937	0.09245	0.06503	0.00932	0.07501	0.00746	0.00856	0.00564	0.00384	0.00381	0.00115	0.02745	0.00304	0.00212	0.00558
16	0.01083	0.16186	0.32832	0.01015	0.03380	0.10583	0.07062	0.05969	0.02933	0.11385	0.00854	0.00998	0.00649	0.00412	0.00366	0.00116	0.00518	0.02862	0.00237	0.00559
17	0.16461	0.00897	0.01264	0.14866	0.40688	0.05098	0.00973	0.01159	0.00814	0.02511	0.00675	0.00902	0.00557	0.00405	0.00474	0.00126	0.11083	0.00320	0.00201	0.00526
18	0.00682	0.00501	0.00718	0.00642	0.00768	0.00481	0.07464	0.00896	0.05913	0.07248	0.38972	0.20402	0.08789	0.02015	0.00503	0.00138	0.02343	0.00734	0.00385	0.00405
19	0.00570	0.00381	0.00433	0.00433	0.00435	0.00383	0.00244	0.00574	0.00572	0.00764	0.01230	0.02538	0.01413	0.83978	0.04223	0.00387	0.00398	0.00566	0.00237	0.00241
20	0.00844	0.07535	0.64275	0.01142	0.01654	0.03726	0.10465	0.01240	0.00839	0.01204	0.00694	0.00837	0.00509	0.00376	0.00401	0.00123	0.03102	0.00304	0.00171	0.00560
21	0.00731	0.00604	0.00861	0.00715	0.00902	0.00581	0.12775	0.02102	0.14334	0.04479	0.28078	0.04035	0.18594	0.03933	0.00498	0.00135	0.00303	0.00612	0.00359	0.05370
22	0.01171	0.56217	0.04965	0.00794	0.01099	0.26269	0.00729	0.02958	0.00913	0.00978	0.00577	0.00666	0.00507	0.00360	0.00290	0.00091	0.00511	0.00228	0.00182	0.00495
23	0.01674	0.00714	0.00932	0.00712	0.01019	0.00639	0.00587	0.10218	0.01178	0.70570	0.01432	0.01262	0.00915	0.00472	0.00388	0.00117	0.00341	0.00380	0.00460	0.05989
24	0.00813	0.00697	0.00813	0.00581	0.00929	0.00523	0.00465	0.00987	0.00813	0.01277	0.00697	0.00813	0.00581	0.00290	0.00290	0.00058	0.00290	0.00232	0.00232	0.88619
25	0.04116	0.00912	0.02335	0.00796	0.01032	0.03734	0.00642	0.31886	0.26041	0.01791	0.03146	0.05840	0.01013	0.02886	0.04339	0.00153	0.03094	0.00423	0.00350	0.05471
26	0.00727	0.02098	0.05134	0.00654	0.00842	0.02582	0.03746	0.02693	0.13899	0.03918	0.04606	0.24806	0.19313	0.02161	0.00453	0.00132	0.00301	0.00675	0.00334	0.10928
27	0.01041	0.16727	0.30700	0.00957	0.03020	0.03653	0.04747	0.09225	0.08423	0.09752	0.00912	0.03750	0.00706	0.00431	0.00378	0.00116	0.01892	0.00341	0.00253	0.02973

[dist]
# distance from previous block
# <min> <max>
2	24

[block]
# block no. 1 follows, 69 sequences, length 14
# corresponding to MSA columns:
# 1176-1189
name=unknown_B
#
# <colnr> <probs for GDERKNQSTAVLIFYWHMCP>
#	G	D	E	R	K	N	Q	S	T	A	V	L	I	F	Y	W	H	M	C	P
0	0.00914	0.02969	0.05828	0.05332	0.56822	0.00905	0.08079	0.01199	0.04992	0.01265	0.02505	0.05782	0.00806	0.00418	0.00399	0.00121	0.00463	0.00407	0.00216	0.00579
1	0.00734	0.04515	0.02875	0.02813	0.00963	0.02625	0.06819	0.00885	0.02017	0.00975	0.02035	0.01350	0.00855	0.11541	0.31314	0.00346	0.22568	0.00400	0.00206	0.04165
2	0.00824	0.04242	0.04469	0.00637	0.00996	0.00594	0.02814	0.01013	0.00816	0.01261	0.00694	0.00813	0.00574	0.00297	0.00297	0.00064	0.00318	0.00240	0.00226	0.78810
3	0.00970	0.00931	0.01591	0.02406	0.83777	0.00931	0.01203	0.01203	0.00893	0.01281	0.00737	0.00970	0.00621	0.00349	0.00388	0.00116	0.00466	0.00349	0.00194	0.00621
4	0.00603	0.00390	0.00514	0.00514	0.00528	0.00410	0.00340	0.00588	0.00590	0.00804	0.02932	0.08919	0.01263	0.38018	0.13354	0.25544	0.03688	0.00523	0.00227	0.00251
5	0.00573	0.00397	0.00501	0.00537	0.00570	0.00399	0.00379	0.00641	0.00686	0.00913	0.01566	0.14482	0.01765	0.45375	0.08339	0.00319	0.00410	0.21572	0.00285	0.00290
6	0.48940	0.00768	0.00721	0.00612	0.00856	0.00848	0.00498	0.13623	0.07801	0.11152	0.06716	0.01110	0.03983	0.00462	0.00319	0.00122	0.00315	0.00332	0.00324	0.00498
7	0.01115	0.00912	0.00897	0.00779	0.01004	0.08149	0.00612	0.16174	0.48246	0.05391	0.01355	0.01299	0.01010	0.00499	0.00379	0.00122	0.00352	0.00399	0.10719	0.00587
8	0.00610	0.00438	0.00563	0.00614	0.00691	0.00432	0.00496	0.02340	0.00839	0.01085	0.02086	0.06154	0.11658	0.20699	0.00863	0.00219	0.00344	0.49200	0.00334	0.00334
9	0.01486	0.00676	0.00882	0.00664	0.00980	0.00561	0.00544	0.01644	0.01033	0.60166	0.01301	0.01184	0.00858	0.00429	0.00364	0.00103	0.00321	0.00348	0.00412	0.26045
10	0.00561	0.00415	0.00606	0.00606	0.00668	0.00477	0.00461	0.00685	0.00623	0.00893	0.01072	0.01659	0.01032	0.12633	0.75047	0.00601	0.00972	0.00438	0.00213	0.00337
11	0.00898	0.00713	0.00835	0.00602	0.00946	0.00557	0.00484	0.04745	0.00878	0.06076	0.00757	0.00849	0.00607	0.00310	0.00301	0.00064	0.00299	0.00247	0.00254	0.79578
12	0.00560	0.00419	0.00623	0.00621	0.00692	0.00482	0.00482	0.00703	0.00663	0.00956	0.06717	0.01635	0.01167	0.02793	0.78886	0.00595	0.00991	0.00440	0.00225	0.00351
13	0.06694	0.00469	0.00620	0.00692	0.00793	0.00475	0.00599	0.00830	0.00901	0.01242	0.07707	0.04057	0.02232	0.01014	0.00515	0.00172	0.00345	0.69920	0.00358	0.00366

[dist]
# distance from previous block
# <min> <max>
0	9

[block]
# block no. 2 follows, 69 sequences, length 71
# corresponding to MSA columns:
# 1199-1269
name=unknown_C
#
# <colnr> <probs for GDERKNQSTAVLIFYWHMCP>
#	G	D	E	R	K	N	Q	S	T	A	V	L	I	F	Y	W	H	M	C	P
0	0.01448	0.05154	0.01148	0.00997	0.01204	0.81421	0.00754	0.01550	0.01099	0.00958	0.00604	0.00704	0.00505	0.00401	0.00350	0.00100	0.00696	0.00251	0.00201	0.00456
1	0.85556	0.00744	0.00574	0.00515	0.00751	0.00860	0.00422	0.01136	0.00684	0.01752	0.03771	0.00726	0.00552	0.00381	0.00251	0.00121	0.00299	0.00232	0.00250	0.00422
2	0.01021	0.00781	0.00913	0.06931	0.03093	0.00847	0.00632	0.25379	0.23386	0.04671	0.22874	0.01622	0.01604	0.00559	0.00408	0.00122	0.00332	0.00467	0.00381	0.03975
3	0.00506	0.00361	0.00480	0.00553	0.00592	0.00334	0.00378	0.00574	0.00750	0.01007	0.02035	0.75713	0.02416	0.01186	0.00533	0.03591	0.00240	0.04175	0.00350	0.04224
4	0.00858	0.00858	0.01201	0.01029	0.01029	0.01201	0.00858	0.00943	0.00600	0.00943	0.00515	0.00858	0.00515	0.00686	0.01287	0.00172	0.85505	0.00343	0.00172	0.00429
5	0.01225	0.00536	0.00723	0.00632	0.00824	0.00473	0.00491	0.01349	0.00986	0.49065	0.04892	0.30168	0.03623	0.00774	0.00438	0.00136	0.00289	0.02417	0.00437	0.00523
6	0.88991	0.00758	0.00576	0.00516	0.00758	0.00879	0.00425	0.01152	0.00667	0.01759	0.00546	0.00637	0.00425	0.00364	0.00243	0.00121	0.00303	0.00212	0.00243	0.00425
7	0.00858	0.00858	0.01201	0.01029	0.01029	0.01201	0.00858	0.00943	0.00600	0.00943	0.00515	0.00858	0.00515	0.00686	0.01287	0.00172	0.85505	0.00343	0.00172	0.00429
8	0.08707	0.00718	0.00832	0.00678	0.00920	0.00730	0.00552	0.22432	0.03260	0.32589	0.03261	0.02670	0.00980	0.00605	0.03933	0.00140	0.00358	0.02273	0.13796	0.00566
9	0.00568	0.00379	0.00428	0.00430	0.00430	0.00379	0.00240	0.00570	0.00574	0.00765	0.01253	0.04164	0.01448	0.84593	0.01967	0.00376	0.00377	0.00581	0.00240	0.00239
10	0.01090	0.00899	0.00951	0.00821	0.01063	0.01029	0.00648	0.20043	0.64922	0.01826	0.01449	0.01346	0.01078	0.00518	0.00397	0.00130	0.00337	0.00423	0.00397	0.00631
11	0.00721	0.00443	0.00576	0.00552	0.00670	0.00399	0.02380	0.00833	0.00893	0.14804	0.12594	0.27085	0.23613	0.07635	0.00587	0.00159	0.00262	0.05029	0.00378	0.00387
12	0.01471	0.01089	0.01166	0.00898	0.01208	0.01207	0.00741	0.79478	0.04866	0.02440	0.00966	0.00961	0.00686	0.00473	0.00392	0.00118	0.00427	0.00356	0.00392	0.00665
13	0.00970	0.00931	0.01591	0.02406	0.83777	0.00931	0.01203	0.01203	0.00893	0.01281	0.00737	0.00970	0.00621	0.00349	0.00388	0.00116	0.00466	0.00349	0.00194	0.00621
14	0.00547	0.00409	0.00494	0.00471	0.00580	0.00369	0.00354	0.00717	0.02331	0.02501	0.54693	0.04499	0.28874	0.00860	0.00461	0.00127	0.00194	0.00745	0.00409	0.00365
15	0.00786	0.02028	0.84191	0.01117	0.01697	0.00910	0.01448	0.01242	0.00828	0.01242	0.00704	0.00828	0.00497	0.00372	0.00372	0.00124	0.00579	0.00290	0.00166	0.00579
16	0.00570	0.00381	0.00434	0.00434	0.00436	0.00384	0.00245	0.00574	0.00572	0.00765	0.01229	0.02533	0.01411	0.83615	0.04584	0.00388	0.00401	0.00565	0.00237	0.00241
17	0.04880	0.00809	0.01000	0.00809	0.01075	0.02622	0.04930	0.18501	0.12190	0.36232	0.01366	0.02718	0.01020	0.00543	0.00422	0.00129	0.01910	0.07835	0.00404	0.00602
18	0.01161	0.00657	0.00787	0.00670	0.00893	0.00653	0.00533	0.03198	0.26792	0.33403	0.13353	0.01948	0.11070	0.00617	0.00417	0.00128	0.00292	0.02431	0.00432	0.00564
19	0.85951	0.00755	0.00588	0.00522	0.00767	0.00869	0.00430	0.01179	0.00683	0.04627	0.00581	0.00661	0.00444	0.00368	0.00248	0.00121	0.00304	0.00219	0.00251	0.00433
20	0.00594	0.00412	0.00506	0.00499	0.00533	0.00430	0.00327	0.00687	0.04895	0.00907	0.08776	0.02252	0.01489	0.51921	0.18646	0.05559	0.00493	0.00532	0.00254	0.00289
21	0.01208	0.01377	0.38401	0.00995	0.01420	0.03727	0.07880	0.05381	0.00995	0.31203	0.01019	0.01032	0.00685	0.00423	0.00410	0.00124	0.02476	0.00345	0.00296	0.00603
22	0.00740	0.00697	0.01176	0.85280	0.02700	0.00871	0.01089	0.01002	0.00784	0.01002	0.00697	0.01045	0.00523	0.00392	0.00392	0.00131	0.00523	0.00348	0.00174	0.00436
23	0.00610	0.00436	0.00607	0.00697	0.00778	0.00432	0.00594	0.00775	0.00881	0.01149	0.02088	0.15959	0.02304	0.01104	0.00536	0.00177	0.00342	0.69817	0.00361	0.00355
24	0.00942	0.01157	0.10718	0.13726	0.06191	0.17378	0.25757	0.03149	0.00927	0.01160	0.00932	0.11216	0.00841	0.00489	0.00418	0.00127	0.00558	0.02208	0.01624	0.00483
25	0.88991	0.00758	0.00576	0.00516	0.00758	0.00879	0.00425	0.01152	0.00667	0.01759	0.00546	0.00637	0.00425	0.00364	0.00243	0.00121	0.00303	0.00212	0.00243	0.00425
26	0.00977	0.00913	0.01554	0.06567	0.77737	0.00920	0.01183	0.01209	0.00893	0.03198	0.00754	0.00983	0.00624	0.00355	0.00388	0.00117	0.00466	0.00350	0.00200	0.00613
27	0.00747	0.00704	0.01188	0.82842	0.05085	0.00873	0.01092	0.01008	0.00787	0.01010	0.00698	0.01043	0.00525	0.00391	0.00392	0.00130	0.00521	0.00348	0.00175	0.00441
28	0.01515	0.00678	0.00876	0.00694	0.00964	0.00630	0.00565	0.07212	0.08701	0.60433	0.11990	0.01523	0.01319	0.00529	0.00403	0.00122	0.00319	0.00436	0.00464	0.00625
29	0.00481	0.00345	0.00451	0.00535	0.00561	0.00322	0.00356	0.00548	0.00749	0.00993	0.02192	0.79247	0.05691	0.04813	0.00562	0.00168	0.00233	0.01080	0.00359	0.00315
30	0.00575	0.00376	0.00442	0.00446	0.00449	0.00378	0.00260	0.00568	0.00575	0.00769	0.01225	0.06148	0.01402	0.72741	0.04521	0.07686	0.00391	0.00571	0.00237	0.00239
31	0.00813	0.00697	0.00813	0.00581	0.00929	0.00523	0.00465	0.00987	0.00813	0.01277	0.00697	0.00813	0.00581	0.00290	0.00290	0.00058	0.00290	0.00232	0.00232	0.88619
32	0.00619	0.00510	0.00816	0.00761	0.00857	0.00511	0.12489	0.00751	0.00814	0.01106	0.08182	0.37874	0.02909	0.03559	0.00624	0.02734	0.06168	0.16115	0.02237	0.00363
33	0.85046	0.00754	0.00591	0.00524	0.00769	0.00866	0.00431	0.01187	0.00688	0.05481	0.00591	0.00668	0.00449	0.00369	0.00249	0.00121	0.00305	0.00221	0.00254	0.00436
34	0.00577	0.00381	0.00462	0.00464	0.00473	0.00389	0.00282	0.00581	0.00577	0.00778	0.01183	0.04256	0.01328	0.65909	0.12492	0.08390	0.00459	0.00543	0.00231	0.00248
35	0.00858	0.00858	0.01201	0.01029	0.01029	0.01201	0.00858	0.00943	0.00600	0.00943	0.00515	0.00858	0.00515	0.00686	0.01287	0.00172	0.85505	0.00343	0.00172	0.00429
36	0.00820	0.00401	0.00440	0.00414	0.00528	0.00388	0.00316	0.00999	0.00885	0.10160	0.10285	0.01608	0.01295	0.00497	0.00307	0.00098	0.00199	0.00406	0.69554	0.00398
37	0.00984	0.00846	0.00891	0.00800	0.01023	0.00979	0.00623	0.03403	0.81735	0.01654	0.01585	0.01454	0.01188	0.00531	0.00399	0.00133	0.00312	0.00442	0.00399	0.00621
38	0.88991	0.00758	0.00576	0.00516	0.00758	0.00879	0.00425	0.01152	0.00667	0.01759	0.00546	0.00637	0.00425	0.00364	0.00243	0.00121	0.00303	0.00212	0.00243	0.00425
39	0.00620	0.00443	0.00618	0.00709	0.00794	0.00441	0.00611	0.00792	0.00891	0.01160	0.02082	0.10630	0.02282	0.01094	0.00538	0.00179	0.00351	0.75046	0.00361	0.00358
40	0.00813	0.00697	0.00813	0.00581	0.00929	0.00523	0.00465	0.00987	0.00813	0.01277	0.00697	0.00813	0.00581	0.00290	0.00290	0.00058	0.00290	0.00232	0.00232	0.88619
41	0.00463	0.00397	0.00397	0.00397	0.00530	0.00331	0.00298	0.00563	0.00894	0.01059	0.03971	0.03773	0.83618	0.00993	0.00463	0.00132	0.00199	0.00827	0.00364	0.00331
42	0.00893	0.00814	0.01351	0.05555	0.63194	0.00813	0.01028	0.01101	0.00868	0.02324	0.00954	0.12351	0.00897	0.00473	0.00397	0.00121	0.00420	0.00450	0.03295	0.02703
43	0.01683	0.00703	0.00923	0.00714	0.01011	0.00639	0.00587	0.08353	0.04363	0.72689	0.03109	0.01339	0.01008	0.00492	0.00396	0.00122	0.00338	0.00399	0.00473	0.00660
44	0.01137	0.00589	0.00671	0.00562	0.00751	0.00587	0.00448	0.17247	0.01112	0.22851	0.04597	0.01385	0.01038	0.00481	0.00336	0.00106	0.00271	0.00384	0.44944	0.00502
45	0.01726	0.00719	0.00942	0.00722	0.01027	0.00654	0.00597	0.11675	0.01209	0.74161	0.01473	0.01287	0.00934	0.00483	0.00394	0.00121	0.00345	0.00389	0.00474	0.00667
46	0.01048	0.86458	0.02054	0.00671	0.01006	0.01551	0.00671	0.01174	0.00797	0.00922	0.00545	0.00629	0.00503	0.00335	0.00252	0.00084	0.00419	0.00210	0.00168	0.00503
47	0.00962	0.00923	0.01577	0.05294	0.80951	0.00929	0.01199	0.01196	0.00889	0.01271	0.00736	0.00973	0.00618	0.00351	0.00388	0.00117	0.00468	0.00349	0.00193	0.00615
48	0.00475	0.00356	0.00441	0.00508	0.00559	0.00322	0.00347	0.00553	0.00792	0.01025	0.03913	0.63938	0.23023	0.01162	0.00490	0.00152	0.00219	0.01036	0.00365	0.00322
49	0.00826	0.00634	0.00884	0.01064	0.23938	0.00617	0.00639	0.05756	0.05366	0.08170	0.27460	0.02239	0.19487	0.00657	0.00429	0.00123	0.00300	0.00573	0.00351	0.00487
50	0.00845	0.09929	0.04603	0.60144	0.05311	0.08557	0.01019	0.01081	0.00817	0.01007	0.00683	0.00971	0.00533	0.00447	0.02421	0.00134	0.00541	0.00324	0.00177	0.00455
51	0.00801	0.06920	0.79432	0.01092	0.01657	0.00948	0.01403	0.01238	0.00826	0.01223	0.00694	0.00816	0.00497	0.00370	0.00365	0.00122	0.00570	0.00285	0.00166	0.00575
52	0.00671	0.00437	0.00530	0.00516	0.00648	0.00389	0.00406	0.00808	0.00965	0.11394	0.21766	0.07879	0.37480	0.00913	0.00469	0.00138	0.00239	0.13571	0.00394	0.00385
53	0.03567	0.03549	0.59388	0.01296	0.14441	0.00915	0.05066	0.01262	0.00850	0.05023	0.00743	0.00873	0.00540	0.00371	0.00373	0.00122	0.00542	0.00308	0.00188	0.00581
54	0.00659	0.00581	0.02972	0.03298	0.14764	0.00543	0.05920	0.00829	0.00850	0.01136	0.01804	0.28612	0.05331	0.00916	0.00486	0.00155	0.00360	0.30061	0.00314	0.00408
55	0.00570	0.00380	0.00428	0.00428	0.00428	0.00380	0.00238	0.00570	0.00570	0.00760	0.01235	0.02566	0.01425	0.86222	0.01995	0.00380	0.00380	0.00570	0.00238	0.00238
56	0.88991	0.00758	0.00576	0.00516	0.00758	0.00879	0.00425	0.01152	0.00667	0.01759	0.00546	0.00637	0.00425	0.00364	0.00243	0.00121	0.00303	0.00212	0.00243	0.00425
57	0.00960	0.05268	0.16417	0.07379	0.17585	0.05299	0.15449	0.06195	0.02818	0.03139	0.00789	0.02272	0.00624	0.00375	0.00378	0.00112	0.00497	0.00345	0.00219	0.13880
58	0.01089	0.46701	0.09965	0.00863	0.04321	0.18137	0.00778	0.04091	0.03246	0.01048	0.00652	0.00777	0.00564	0.01808	0.03218	0.00120	0.01667	0.00258	0.00192	0.00504
59	0.00564	0.00381	0.00444	0.00449	0.00455	0.00385	0.00263	0.00578	0.00584	0.00784	0.01272	0.07037	0.01456	0.75413	0.08044	0.00387	0.00421	0.00589	0.00242	0.00250
60	0.01071	0.08640	0.42800	0.01002	0.03335	0.01016	0.01079	0.25532	0.01145	0.06556	0.00861	0.03701	0.00649	0.00433	0.00374	0.00120	0.00493	0.00337	0.00260	0.00597
61	0.36697	0.01054	0.00940	0.12373	0.10673	0.23653	0.01870	0.01223	0.00851	0.01352	0.03539	0.02830	0.00650	0.00412	0.00327	0.00118	0.00461	0.00299	0.00225	0.00454
62	0.00752	0.00478	0.00629	0.00584	0.00697	0.01679	0.00445	0.00886	0.00770	0.11594	0.10629	0.01739	0.01318	0.12169	0.42650	0.00401	0.00673	0.00451	0.05936	0.05521
63	0.05646	0.06179	0.15862	0.01167	0.18545	0.07956	0.03942	0.04252	0.05251	0.01308	0.02158	0.02129	0.00672	0.00383	0.00364	0.00104	0.01831	0.00313	0.00224	0.21713
64	0.02411	0.07137	0.29360	0.00926	0.02394	0.02213	0.08861	0.03043	0.01685	0.18468	0.07083	0.02496	0.02835	0.00444	0.00379	0.00115	0.00445	0.00375	0.00278	0.09053
65	0.00869	0.14083	0.42379	0.00974	0.04224	0.02210	0.04095	0.01208	0.03344	0.04501	0.08073	0.02351	0.00868	0.00418	0.00362	0.00112	0.00471	0.00339	0.00221	0.08898
66	0.03717	0.23173	0.31729	0.02261	0.02663	0.02712	0.05264	0.10745	0.02266	0.07420	0.01888	0.01803	0.00642	0.00435	0.01569	0.00121	0.00492	0.00311	0.00232	0.00557
67	0.07596	0.11668	0.40532	0.00873	0.01276	0.02664	0.02258	0.01247	0.02754	0.10333	0.10039	0.02441	0.01791	0.00449	0.00363	0.00118	0.00450	0.00354	0.00249	0.02544
68	0.02286	0.06905	0.43460	0.00943	0.04838	0.00801	0.01011	0.01214	0.04009	0.09233	0.14929	0.03796	0.01199	0.00490	0.00385	0.00121	0.00440	0.01250	0.00262	0.02427
69	0.00906	0.14621	0.23583	0.00879	0.04422	0.00823	0.05042	0.03335	0.02121	0.09986	0.11669	0.04797	0.04382	0.00523	0.00384	0.00117	0.00408	0.04498	0.00276	0.07228
70	0.07316	0.09616	0.30292	0.00923	0.05026	0.02190	0.04878	0.03100	0.01877	0.08965	0.07841	0.02303	0.04004	0.00443	0.00363	0.00113	0.00433	0.00360	0.00252	0.09708

[dist]
# distance from previous block
# <min> <max>
0	29

[block]
# block no. 3 follows, 69 sequences, length 18
# corresponding to MSA columns:
# 1299-1307,1309-1317
name=unknown_D
#
# <colnr> <probs for GDERKNQSTAVLIFYWHMCP>
#	G	D	E	R	K	N	Q	S	T	A	V	L	I	F	Y	W	H	M	C	P
0	0.05020	0.00903	0.01153	0.09759	0.22610	0.07882	0.03368	0.14431	0.06155	0.08049	0.04090	0.07781	0.02535	0.00512	0.00433	0.00125	0.03934	0.00431	0.00288	0.00541
1	0.06269	0.06423	0.35504	0.00892	0.01272	0.08542	0.00946	0.04324	0.13975	0.09926	0.04938	0.01138	0.03271	0.00452	0.00370	0.00121	0.00462	0.00350	0.00270	0.00556
2	0.02547	0.47848	0.05805	0.00886	0.08561	0.01252	0.02082	0.10745	0.03115	0.04311	0.00701	0.00780	0.00576	0.00361	0.00303	0.00094	0.00416	0.00263	0.00222	0.09133
3	0.02327	0.00726	0.03461	0.00807	0.06644	0.03623	0.05209	0.09107	0.05454	0.05432	0.19620	0.09114	0.10862	0.01575	0.00432	0.00122	0.00329	0.02357	0.00335	0.12464
4	0.03568	0.17148	0.02742	0.05666	0.01163	0.06390	0.00694	0.14912	0.36072	0.05971	0.01127	0.01106	0.00850	0.00458	0.00362	0.00118	0.00394	0.00355	0.00325	0.00581
5	0.00897	0.00907	0.05826	0.01965	0.62947	0.00830	0.01058	0.01131	0.00911	0.01315	0.11147	0.01197	0.00998	0.00403	0.00390	0.00114	0.00424	0.00383	0.00225	0.06932
6	0.04956	0.06855	0.00721	0.00554	0.00678	0.00639	0.00405	0.13324	0.00899	0.07229	0.08487	0.02094	0.07597	0.41436	0.01164	0.00243	0.01527	0.00509	0.00300	0.00384
7	0.03485	0.00920	0.01339	0.04776	0.50205	0.02417	0.00995	0.11623	0.12452	0.03650	0.00940	0.01149	0.00760	0.00421	0.00391	0.00122	0.00435	0.03056	0.00262	0.00604
8	0.07811	0.00816	0.01015	0.00886	0.07342	0.05218	0.03369	0.08156	0.06297	0.52998	0.01293	0.01191	0.00858	0.00458	0.00383	0.00121	0.00379	0.00372	0.00408	0.00627
9	0.00993	0.00965	0.01419	0.01906	0.56207	0.06777	0.04418	0.03161	0.12924	0.01352	0.05297	0.01132	0.00862	0.00406	0.00394	0.00119	0.00452	0.00380	0.00242	0.00593
10	0.00962	0.00926	0.01562	0.02302	0.77485	0.00952	0.01177	0.01183	0.00870	0.01255	0.00720	0.00962	0.00613	0.00375	0.00456	0.00121	0.06932	0.00349	0.00192	0.00606
11	0.48693	0.00882	0.00833	0.00678	0.00953	0.00986	0.00559	0.32496	0.01154	0.08290	0.00774	0.00807	0.00559	0.00414	0.00312	0.00120	0.00355	0.00280	0.00319	0.00536
12	0.00970	0.00931	0.01591	0.02406	0.83777	0.00931	0.01203	0.01203	0.00893	0.01281	0.00737	0.00970	0.00621	0.00349	0.00388	0.00116	0.00466	0.00349	0.00194	0.00621
13	0.01098	0.00578	0.00836	0.00699	0.00902	0.00523	0.07689	0.01286	0.04306	0.36933	0.12518	0.20430	0.09040	0.00724	0.00439	0.00132	0.00307	0.00641	0.00412	0.00507
14	0.01454	0.00778	0.01060	0.00851	0.02975	0.06342	0.10258	0.01667	0.04381	0.54014	0.10723	0.01437	0.01206	0.00496	0.00407	0.00122	0.00383	0.00430	0.00416	0.00600
15	0.07195	0.00685	0.00884	0.00690	0.00977	0.00625	0.00567	0.07125	0.01130	0.69034	0.03403	0.03806	0.01028	0.00506	0.00389	0.00122	0.00331	0.00409	0.00459	0.00634
16	0.00970	0.00931	0.01591	0.02406	0.83777	0.00931	0.01203	0.01203	0.00893	0.01281	0.00737	0.00970	0.00621	0.00349	0.00388	0.00116	0.00466	0.00349	0.00194	0.00621
17	0.01220	0.04161	0.01167	0.00985	0.06548	0.08318	0.06088	0.28978	0.24302	0.07467	0.03862	0.03171	0.00954	0.00490	0.00395	0.00122	0.00419	0.00404	0.00351	0.00599

[dist]
# distance from previous block
# <min> <max>
0	6

[block]
# block no. 4 follows, 69 sequences, length 77
# corresponding to MSA columns:
# 1324-1400
name=unknown_E
#
# <colnr> <probs for GDERKNQSTAVLIFYWHMCP>
#	G	D	E	R	K	N	Q	S	T	A	V	L	I	F	Y	W	H	M	C	P
0	0.32551	0.00657	0.00654	0.00591	0.00781	0.00722	0.00465	0.01286	0.22193	0.05475	0.24267	0.01636	0.03844	0.00621	0.02571	0.00139	0.00290	0.00442	0.00350	0.00467
1	0.25304	0.00857	0.01141	0.22636	0.31320	0.04947	0.00900	0.01202	0.02488	0.04690	0.00718	0.00909	0.00562	0.00376	0.00348	0.00121	0.00438	0.00310	0.00219	0.00514
2	0.19409	0.00604	0.00722	0.00712	0.04324	0.00623	0.01934	0.05131	0.05587	0.14316	0.06079	0.28219	0.01593	0.00756	0.00426	0.00139	0.01597	0.07022	0.00351	0.00454
3	0.00971	0.00964	0.02925	0.03593	0.63770	0.02701	0.06941	0.01314	0.10426	0.01308	0.00837	0.01027	0.00680	0.00371	0.00394	0.00120	0.00470	0.00365	0.00217	0.00607
4	0.00563	0.00416	0.00613	0.00613	0.00676	0.00479	0.00469	0.00687	0.00623	0.00895	0.01057	0.01610	0.01008	0.09108	0.77035	0.02181	0.00988	0.00430	0.00211	0.00338
5	0.00925	0.01058	0.02313	0.01652	0.02049	0.00991	0.82353	0.01256	0.00925	0.01256	0.00793	0.01058	0.00595	0.00330	0.00463	0.00132	0.00661	0.00463	0.00198	0.00529
6	0.00577	0.00390	0.00450	0.00446	0.00448	0.00399	0.00258	0.00581	0.00572	0.00767	0.01209	0.02487	0.01386	0.81204	0.04238	0.01428	0.02123	0.00559	0.00235	0.00244
7	0.00884	0.01347	0.26872	0.01505	0.03361	0.00966	0.56667	0.01251	0.00895	0.01252	0.00765	0.00987	0.00566	0.00343	0.00434	0.00130	0.00633	0.00409	0.00188	0.00546
8	0.00474	0.00407	0.00407	0.00406	0.00540	0.00345	0.00305	0.00595	0.02623	0.01071	0.03921	0.03724	0.81884	0.00983	0.00462	0.00132	0.00201	0.00819	0.00365	0.00337
9	0.00626	0.00447	0.00625	0.00716	0.00803	0.00446	0.00622	0.00802	0.00897	0.01167	0.02079	0.07417	0.02269	0.01088	0.00540	0.00180	0.00356	0.78199	0.00361	0.00359
10	0.00655	0.00887	0.21951	0.06340	0.06893	0.00602	0.04751	0.00879	0.00824	0.01137	0.03746	0.33715	0.01671	0.00818	0.00457	0.00147	0.00393	0.13420	0.00283	0.00432
11	0.01367	0.00945	0.01370	0.01028	0.01344	0.03240	0.22930	0.30332	0.01301	0.26025	0.01102	0.02801	0.00792	0.02989	0.00461	0.00131	0.00467	0.00414	0.00356	0.00604
12	0.00569	0.00432	0.00552	0.00568	0.00662	0.00401	0.02972	0.04320	0.00872	0.02499	0.02628	0.43885	0.28503	0.01064	0.00484	0.00149	0.00255	0.08470	0.00362	0.00355
13	0.85207	0.04447	0.00640	0.00522	0.00769	0.00908	0.00435	0.01153	0.00673	0.01723	0.00546	0.00637	0.00428	0.00363	0.00243	0.00120	0.00308	0.00212	0.00239	0.00428
14	0.00489	0.00395	0.00429	0.00426	0.00538	0.00341	0.00313	0.00601	0.00918	0.01152	0.20949	0.07014	0.58773	0.05263	0.00542	0.00144	0.00206	0.00801	0.00372	0.00334
15	0.00938	0.03102	0.00969	0.00724	0.04021	0.00652	0.03468	0.08876	0.00933	0.05220	0.00760	0.00859	0.00607	0.00322	0.00314	0.00072	0.00329	0.00263	0.00255	0.67317
16	0.00763	0.02184	0.01018	0.38323	0.12248	0.04314	0.00837	0.00998	0.04714	0.02081	0.02644	0.17193	0.05938	0.00602	0.00424	0.00131	0.01480	0.01383	0.00247	0.02480
17	0.01929	0.07865	0.49383	0.01180	0.09545	0.02041	0.05610	0.07047	0.06039	0.04552	0.00802	0.00903	0.00588	0.00387	0.00372	0.00121	0.00523	0.00316	0.00215	0.00584
18	0.00838	0.17416	0.66693	0.01052	0.01581	0.01030	0.03776	0.01230	0.00825	0.01184	0.00677	0.00798	0.00501	0.00364	0.00353	0.00117	0.00553	0.00280	0.00167	0.00564
19	0.00487	0.00395	0.00432	0.00428	0.00546	0.00340	0.00319	0.00607	0.00942	0.01186	0.24034	0.07319	0.59685	0.00955	0.00465	0.00131	0.00196	0.00811	0.00381	0.00340
20	0.00888	0.00794	0.01174	0.01200	0.17589	0.00941	0.04111	0.02457	0.00779	0.05970	0.03970	0.01280	0.08270	0.00684	0.03792	0.00161	0.41375	0.00408	0.00230	0.03927
21	0.00943	0.00939	0.04707	0.05621	0.63741	0.02588	0.01979	0.02332	0.00888	0.02457	0.00843	0.07064	0.00753	0.00430	0.00423	0.00122	0.02978	0.00402	0.00211	0.00581
22	0.00570	0.00380	0.00428	0.00428	0.00428	0.00380	0.00238	0.00570	0.00570	0.00760	0.01235	0.02566	0.01425	0.86222	0.01995	0.00380	0.00380	0.00570	0.00238	0.00238
23	0.03157	0.00696	0.00904	0.00704	0.00994	0.00637	0.00578	0.07564	0.05301	0.68856	0.05289	0.01375	0.01077	0.00499	0.00395	0.00122	0.00332	0.00405	0.00468	0.00647
24	0.01050	0.81444	0.04759	0.00694	0.01035	0.03699	0.00699	0.01186	0.00806	0.00934	0.00552	0.00638	0.00503	0.00338	0.00258	0.00086	0.00432	0.00213	0.00169	0.00504
25	0.01105	0.00744	0.01827	0.00652	0.00983	0.00618	0.00533	0.07746	0.05204	0.21550	0.00970	0.00984	0.00713	0.00366	0.00330	0.00083	0.00316	0.00293	0.00314	0.54668
26	0.00998	0.07963	0.08118	0.01198	0.07152	0.08765	0.26263	0.06529	0.02159	0.06019	0.00874	0.04194	0.00725	0.00740	0.10790	0.00187	0.06181	0.00401	0.00231	0.00512
27	0.00682	0.00595	0.00859	0.00817	0.02989	0.00762	0.00635	0.00798	0.00623	0.00926	0.00850	0.01314	0.00816	0.05535	0.47920	0.00435	0.32468	0.00396	0.00196	0.00382
28	0.00681	0.00340	0.00511	0.00511	0.00511	0.00340	0.00340	0.00511	0.00511	0.00681	0.00681	0.01192	0.00681	0.01362	0.01532	0.88594	0.00340	0.00340	0.00170	0.00170
29	0.00502	0.00365	0.00476	0.00556	0.00591	0.00347	0.00380	0.00614	0.03653	0.01047	0.04705	0.76491	0.04063	0.01182	0.00496	0.00157	0.00232	0.03442	0.00367	0.00332
30	0.02525	0.08395	0.19823	0.03622	0.11009	0.02034	0.14306	0.07287	0.18865	0.01377	0.00914	0.01027	0.00702	0.00462	0.01892	0.00133	0.04454	0.00361	0.00245	0.00565
31	0.00593	0.00456	0.00643	0.00623	0.00673	0.00535	0.00471	0.00701	0.00639	0.00917	0.05197	0.01748	0.01159	0.19506	0.54996	0.00506	0.09620	0.00457	0.00223	0.00336
32	0.00570	0.00380	0.00428	0.00428	0.00428	0.00380	0.00238	0.00570	0.00570	0.00760	0.01235	0.02566	0.01425	0.86222	0.01995	0.00380	0.00380	0.00570	0.00238	0.00238
33	0.00813	0.00697	0.00813	0.00581	0.00929	0.00523	0.00465	0.00987	0.00813	0.01277	0.00697	0.00813	0.00581	0.00290	0.00290	0.00058	0.00290	0.00232	0.00232	0.88619
34	0.00821	0.00753	0.03163	0.00692	0.03904	0.00570	0.02417	0.01007	0.00815	0.01270	0.00697	0.00825	0.00579	0.00303	0.00317	0.00066	0.01801	0.00245	0.00227	0.79526
35	0.00506	0.00419	0.01953	0.05780	0.00739	0.00379	0.02025	0.00604	0.00786	0.01020	0.02398	0.58836	0.19872	0.02122	0.00501	0.00153	0.00256	0.00972	0.00344	0.00336
36	0.02608	0.00499	0.00588	0.00512	0.00679	0.00479	0.00402	0.01287	0.05987	0.27978	0.04894	0.01459	0.01099	0.00518	0.00375	0.03438	0.00247	0.00391	0.46087	0.00472
37	0.00810	0.01009	0.14038	0.03353	0.20898	0.00816	0.28296	0.01082	0.00891	0.01216	0.02614	0.01668	0.14708	0.00508	0.00448	0.00130	0.01894	0.04882	0.00232	0.00509
38	0.01005	0.04037	0.10548	0.28766	0.12265	0.03643	0.08783	0.07890	0.08869	0.09039	0.00890	0.01046	0.00656	0.00405	0.00391	0.00124	0.00492	0.00359	0.00247	0.00545
39	0.01040	0.82775	0.02018	0.00686	0.01007	0.01536	0.00679	0.01164	0.00788	0.00923	0.00544	0.00639	0.00504	0.00350	0.00296	0.00088	0.04080	0.00215	0.00168	0.00500
40	0.00628	0.00461	0.00491	0.00525	0.00589	0.05574	0.00375	0.00747	0.00837	0.01197	0.10889	0.42623	0.03874	0.00893	0.00434	0.00132	0.01538	0.02359	0.25485	0.00349
41	0.01108	0.10796	0.01152	0.06202	0.07667	0.19585	0.00732	0.09391	0.33196	0.01398	0.01157	0.01170	0.03827	0.00469	0.00373	0.00117	0.00444	0.00366	0.00297	0.00553
42	0.03168	0.07972	0.02674	0.08878	0.01266	0.12261	0.00722	0.26203	0.02315	0.29100	0.01038	0.01023	0.00718	0.00445	0.00373	0.00115	0.00442	0.00338	0.00351	0.00596
43	0.00553	0.00391	0.00467	0.00500	0.00532	0.00384	0.00329	0.00633	0.03283	0.00921	0.01808	0.27479	0.08115	0.43887	0.01249	0.00269	0.00317	0.08291	0.00301	0.00292
44	0.88991	0.00758	0.00576	0.00516	0.00758	0.00879	0.00425	0.01152	0.00667	0.01759	0.00546	0.00637	0.00425	0.00364	0.00243	0.00121	0.00303	0.00212	0.00243	0.00425
45	0.08362	0.00715	0.00855	0.00684	0.00942	0.00702	0.00556	0.18335	0.02286	0.45400	0.01340	0.04375	0.00963	0.03243	0.00429	0.00129	0.00336	0.01610	0.08150	0.00590
46	0.02391	0.00714	0.01186	0.77191	0.06551	0.00884	0.01075	0.01013	0.00782	0.01028	0.00691	0.01028	0.00525	0.00398	0.00415	0.00131	0.03032	0.00346	0.00176	0.00444
47	0.00500	0.00399	0.00448	0.00436	0.00552	0.00347	0.00327	0.00634	0.00981	0.01266	0.36030	0.03433	0.51430	0.00916	0.00463	0.00129	0.00193	0.00780	0.00391	0.00347
48	0.01046	0.84214	0.02024	0.00674	0.01007	0.01536	0.00669	0.01198	0.02953	0.00941	0.00573	0.00651	0.00521	0.00341	0.00255	0.00085	0.00416	0.00216	0.00174	0.00506
49	0.00681	0.00340	0.00511	0.00511	0.00511	0.00340	0.00340	0.00511	0.00511	0.00681	0.00681	0.01192	0.00681	0.01362	0.01532	0.88594	0.00340	0.00340	0.00170	0.00170
50	0.00746	0.00703	0.01187	0.83107	0.04826	0.00873	0.01092	0.01007	0.00787	0.01009	0.00698	0.01043	0.00525	0.00391	0.00392	0.00130	0.00521	0.00348	0.00175	0.00440
51	0.00740	0.00697	0.01176	0.85280	0.02700	0.00871	0.01089	0.01002	0.00784	0.01002	0.00697	0.01045	0.00523	0.00392	0.00392	0.00131	0.00523	0.00348	0.00174	0.00436
52	0.01378	0.01060	0.01355	0.01066	0.04328	0.01135	0.13926	0.60664	0.03858	0.05797	0.00955	0.00993	0.00681	0.00446	0.00404	0.00121	0.00462	0.00375	0.00358	0.00642
53	0.00579	0.00393	0.00468	0.00484	0.00501	0.00394	0.00312	0.00614	0.00629	0.00836	0.01380	0.03907	0.01564	0.68576	0.04229	0.00352	0.00395	0.13868	0.00259	0.00262
54	0.00510	0.00394	0.00466	0.00458	0.00561	0.00349	0.00339	0.00650	0.00990	0.01312	0.43775	0.10124	0.36825	0.00916	0.00466	0.00130	0.00194	0.00792	0.00398	0.00349
55	0.00975	0.00842	0.00886	0.00798	0.01019	0.00975	0.00621	0.02083	0.83069	0.01640	0.01596	0.01463	0.01197	0.00532	0.00399	0.00133	0.00310	0.00443	0.00399	0.00621
56	0.00975	0.00842	0.00886	0.00798	0.01019	0.00975	0.00621	0.02083	0.83069	0.01640	0.01596	0.01463	0.01197	0.00532	0.00399	0.00133	0.00310	0.00443	0.00399	0.00621
57	0.01014	0.72807	0.04771	0.00723	0.03181	0.01411	0.00691	0.01159	0.00802	0.00978	0.00571	0.00663	0.00514	0.00333	0.00263	0.00084	0.00413	0.00218	0.00175	0.09231
58	0.01395	0.00616	0.00818	0.01855	0.02386	0.00550	0.00544	0.02966	0.02745	0.57392	0.08604	0.03220	0.11629	0.00601	0.00414	0.00125	0.00310	0.02800	0.00447	0.00581
59	0.01464	0.01868	0.01111	0.01010	0.01212	0.84648	0.00757	0.01565	0.01111	0.00959	0.00606	0.00707	0.00505	0.00404	0.00353	0.00101	0.00707	0.00252	0.00202	0.00454
60	0.00830	0.00680	0.00819	0.00600	0.00928	0.00520	0.01791	0.01000	0.00823	0.04383	0.00818	0.05949	0.00716	0.00355	0.00310	0.00068	0.00294	0.00295	0.00249	0.78571
61	0.00561	0.00418	0.00619	0.00619	0.00685	0.00484	0.00476	0.00693	0.00627	0.00902	0.01060	0.01597	0.01005	0.07560	0.80083	0.00616	0.01013	0.00428	0.00212	0.00344
62	0.00561	0.00418	0.00618	0.00618	0.00684	0.00484	0.00475	0.00692	0.00627	0.00901	0.01061	0.01600	0.01006	0.07839	0.79805	0.00615	0.01011	0.00429	0.00212	0.00343
63	0.01048	0.86458	0.02054	0.00671	0.01006	0.01551	0.00671	0.01174	0.00797	0.00922	0.00545	0.00629	0.00503	0.00335	0.00252	0.00084	0.00419	0.00210	0.00168	0.00503
64	0.01636	0.00832	0.01037	0.00796	0.01102	0.02336	0.03231	0.25777	0.02536	0.54476	0.01327	0.01199	0.00863	0.00475	0.00395	0.00120	0.00380	0.00382	0.00442	0.00658
65	0.00570	0.00380	0.00428	0.00428	0.00428	0.00380	0.00238	0.00570	0.00570	0.00760	0.01235	0.02566	0.01425	0.86222	0.01995	0.00380	0.00380	0.00570	0.00238	0.00238
66	0.00542	0.00407	0.00502	0.00477	0.00580	0.00371	0.00358	0.00722	0.02300	0.01463	0.65283	0.03087	0.20780	0.00838	0.00462	0.00125	0.00190	0.00730	0.00417	0.00365
67	0.00768	0.00706	0.01185	0.79775	0.05222	0.00873	0.01079	0.01024	0.00791	0.02541	0.00711	0.01045	0.00534	0.00397	0.00406	0.00131	0.01837	0.00349	0.00181	0.00446
68	0.00681	0.00340	0.00511	0.00511	0.00511	0.00340	0.00340	0.00511	0.00511	0.00681	0.00681	0.01192	0.00681	0.01362	0.01532	0.88594	0.00340	0.00340	0.00170	0.00170
69	0.00924	0.01068	0.03737	0.01616	0.02010	0.00989	0.78322	0.01282	0.03516	0.01268	0.00817	0.01066	0.00612	0.00338	0.00459	0.00132	0.00648	0.00459	0.00204	0.00533
70	0.00603	0.00440	0.00585	0.00645	0.00739	0.00430	0.00544	0.00780	0.02099	0.01198	0.11866	0.05322	0.12425	0.03554	0.00563	0.00173	0.00318	0.56994	0.00367	0.00358
71	0.01327	0.01642	0.01066	0.05904	0.02585	0.69153	0.00748	0.01484	0.04595	0.01009	0.01740	0.00960	0.05248	0.00445	0.00366	0.00106	0.00641	0.00305	0.00220	0.00455
72	0.00844	0.00784	0.01299	0.52433	0.28813	0.00901	0.01098	0.02085	0.03268	0.02070	0.00746	0.01032	0.00581	0.00390	0.00408	0.00127	0.02070	0.00352	0.00193	0.00506
73	0.00480	0.00343	0.00458	0.00549	0.00573	0.00321	0.00369	0.00551	0.00753	0.01004	0.02159	0.84525	0.02587	0.01226	0.00501	0.00160	0.00230	0.02529	0.00364	0.00319
74	0.00849	0.00807	0.01320	0.26532	0.38604	0.00923	0.01050	0.01055	0.00790	0.01111	0.00730	0.02459	0.00629	0.00597	0.05769	0.00163	0.15549	0.00365	0.00188	0.00510
75	0.02870	0.17315	0.39901	0.03617	0.08997	0.01002	0.04539	0.04669	0.00898	0.10292	0.00787	0.00900	0.00584	0.01543	0.00378	0.00119	0.00499	0.00306	0.00217	0.00568
76	0.00724	0.00474	0.00655	0.00674	0.02506	0.00459	0.03308	0.04735	0.00885	0.09512	0.04050	0.47751	0.03352	0.00981	0.00483	0.00150	0.01471	0.12149	0.05285	0.00396

[dist]
# distance from previous block
# <min> <max>
0	2

[block]
# block no. 5 follows, 69 sequences, length 52
# corresponding to MSA columns:
# 1403-1454
name=unknown_F
#
# <colnr> <probs for GDERKNQSTAVLIFYWHMCP>
#	G	D	E	R	K	N	Q	S	T	A	V	L	I	F	Y	W	H	M	C	P
0	0.53682	0.04376	0.02266	0.00830	0.06930	0.16204	0.05358	0.01266	0.00803	0.04302	0.00622	0.00725	0.00486	0.00371	0.00294	0.00116	0.00420	0.00251	0.00233	0.00464
1	0.00926	0.00880	0.01490	0.05227	0.72202	0.00900	0.01133	0.01149	0.00861	0.01233	0.00756	0.01016	0.00644	0.00568	0.07210	0.00160	0.02508	0.00355	0.00194	0.00588
2	0.00478	0.00398	0.00418	0.00413	0.00539	0.00337	0.00310	0.00592	0.00929	0.01143	0.16959	0.03635	0.70578	0.00962	0.00463	0.00131	0.00196	0.00808	0.00375	0.00337
3	0.00892	0.00838	0.01408	0.05278	0.68082	0.00841	0.01079	0.01105	0.00876	0.01235	0.00997	0.08890	0.03076	0.00473	0.00406	0.00123	0.00436	0.03175	0.00219	0.00570
4	0.00569	0.00385	0.00454	0.00454	0.00463	0.00394	0.00270	0.00587	0.00578	0.00780	0.01211	0.02432	0.01367	0.75380	0.12759	0.00413	0.00467	0.00551	0.00234	0.00252
5	0.86654	0.00756	0.00585	0.00520	0.00765	0.00871	0.00429	0.01173	0.00679	0.03964	0.00573	0.00656	0.00439	0.00367	0.00247	0.00121	0.00304	0.00217	0.00249	0.00431
6	0.00902	0.01552	0.45799	0.01564	0.31460	0.04413	0.01286	0.04056	0.00900	0.01285	0.00753	0.00966	0.00591	0.00386	0.00382	0.00122	0.00533	0.02273	0.00190	0.00587
7	0.00740	0.00697	0.01176	0.85280	0.02700	0.00871	0.01089	0.01002	0.00784	0.01002	0.00697	0.01045	0.00523	0.00392	0.00392	0.00131	0.00523	0.00348	0.00174	0.00436
8	0.00587	0.00460	0.00653	0.00646	0.00714	0.01993	0.00501	0.00720	0.00636	0.00908	0.01028	0.01528	0.00967	0.04929	0.78183	0.00598	0.03969	0.00418	0.00209	0.00352
9	0.00975	0.00842	0.00886	0.00798	0.01019	0.00975	0.00621	0.02083	0.83069	0.01640	0.01596	0.01463	0.01197	0.00532	0.00399	0.00133	0.00310	0.00443	0.00399	0.00621
10	0.00483	0.00398	0.00424	0.00418	0.00541	0.00339	0.00313	0.00600	0.00939	0.01168	0.20865	0.03594	0.66656	0.00952	0.00463	0.00130	0.00196	0.00802	0.00378	0.00339
11	0.00560	0.00419	0.00623	0.00623	0.00690	0.00486	0.00481	0.00695	0.00628	0.00905	0.01057	0.01578	0.00997	0.06036	0.81596	0.00621	0.01025	0.00426	0.00211	0.00346
12	0.01490	0.01098	0.01177	0.00902	0.01216	0.01216	0.00745	0.82470	0.01843	0.02471	0.00941	0.00941	0.00667	0.00471	0.00392	0.00118	0.00431	0.00353	0.00392	0.00667
13	0.00780	0.00938	0.19508	0.00674	0.01030	0.00577	0.00661	0.01005	0.00850	0.04505	0.03490	0.01376	0.14207	0.00445	0.00346	0.00089	0.00339	0.00361	0.00254	0.48565
14	0.00925	0.00875	0.01470	0.05245	0.72296	0.00881	0.01115	0.01165	0.02219	0.01281	0.05524	0.02223	0.00842	0.01764	0.00420	0.00122	0.00445	0.00385	0.00213	0.00590
15	0.01048	0.86458	0.02054	0.00671	0.01006	0.01551	0.00671	0.01174	0.00797	0.00922	0.00545	0.00629	0.00503	0.00335	0.00252	0.00084	0.00419	0.00210	0.00168	0.00503
16	0.75789	0.00811	0.00699	0.03027	0.03777	0.04173	0.02408	0.01187	0.00713	0.03674	0.00589	0.00690	0.00455	0.00368	0.00265	0.00121	0.00340	0.00233	0.00242	0.00441
17	0.00925	0.01058	0.02313	0.01652	0.02049	0.00991	0.82353	0.01256	0.00925	0.01256	0.00793	0.01058	0.00595	0.00330	0.00463	0.00132	0.00661	0.00463	0.00198	0.00529
18	0.01082	0.00688	0.00841	0.00614	0.00949	0.00538	0.00496	0.01250	0.00901	0.24833	0.00939	0.00961	0.00692	0.00346	0.00320	0.00076	0.00303	0.00278	0.00304	0.63589
19	0.00731	0.00365	0.00365	0.00365	0.00457	0.00365	0.00274	0.00913	0.00822	0.01462	0.01279	0.01462	0.01005	0.00457	0.00274	0.00091	0.00183	0.00365	0.88399	0.00365
20	0.00614	0.00439	0.00612	0.00702	0.00785	0.00436	0.00601	0.00782	0.00885	0.01154	0.02085	0.13651	0.02294	0.01099	0.00537	0.00178	0.00346	0.72081	0.00361	0.00356
21	0.01048	0.86458	0.02054	0.00671	0.01006	0.01551	0.00671	0.01174	0.00797	0.00922	0.00545	0.00629	0.00503	0.00335	0.00252	0.00084	0.00419	0.00210	0.00168	0.00503
22	0.00858	0.00858	0.01201	0.01029	0.01029	0.01201	0.00858	0.00943	0.00600	0.00943	0.00515	0.00858	0.00515	0.00686	0.01287	0.00172	0.85505	0.00343	0.00172	0.00429
23	0.01048	0.86458	0.02054	0.00671	0.01006	0.01551	0.00671	0.01174	0.00797	0.00922	0.00545	0.00629	0.00503	0.00335	0.00252	0.00084	0.00419	0.00210	0.00168	0.00503
24	0.00740	0.00697	0.01176	0.85280	0.02700	0.00871	0.01089	0.01002	0.00784	0.01002	0.00697	0.01045	0.00523	0.00392	0.00392	0.00131	0.00523	0.00348	0.00174	0.00436
25	0.03499	0.00982	0.01470	0.01116	0.02451	0.02180	0.27952	0.30856	0.06338	0.16211	0.01039	0.02354	0.00749	0.00436	0.00414	0.00125	0.00482	0.00409	0.00335	0.00603
26	0.01198	0.10517	0.24964	0.00976	0.03700	0.01143	0.00944	0.43641	0.06023	0.01872	0.00862	0.00906	0.00629	0.00428	0.00372	0.00117	0.00466	0.00325	0.00298	0.00620
27	0.88991	0.00758	0.00576	0.00516	0.00758	0.00879	0.00425	0.01152	0.00667	0.01759	0.00546	0.00637	0.00425	0.00364	0.00243	0.00121	0.00303	0.00212	0.00243	0.00425
