[name]
unknown

[dist]
# distance from previous block
# <min> <max>
0	420

[block]
# block no. 0 follows, 61 sequences, length 6
# corresponding to MSA columns:
# 420-425
name=unknown_A
#
# <colnr> <probs for GDERKNQSTAVLIFYWHMCP>
#	G	D	E	R	K	N	Q	S	T	A	V	L	I	F	Y	W	H	M	C	P
0	0.00712	0.00520	0.00712	0.00779	0.00904	0.00503	0.00677	0.00910	0.00983	0.01300	0.02142	0.04497	0.02311	0.01110	0.00570	0.00186	0.00390	0.72061	0.00384	0.08348
1	0.01115	0.00759	0.00916	0.00665	0.01038	0.00587	0.00537	0.01301	0.00966	0.18710	0.00965	0.01016	0.00729	0.00365	0.00343	0.00079	0.00329	0.00293	0.00315	0.68973
2	0.00930	0.06702	0.01079	0.00856	0.09572	0.00701	0.00612	0.01124	0.00901	0.01377	0.00759	0.00897	0.00637	0.00329	0.00327	0.00073	0.00349	0.00267	0.00246	0.72264
3	0.01066	0.01023	0.01748	0.02644	0.82174	0.01023	0.01322	0.01322	0.00981	0.01407	0.00810	0.01066	0.00682	0.00384	0.00426	0.00128	0.00512	0.00384	0.00213	0.00682
4	0.11349	0.01099	0.10056	0.05345	0.47035	0.00984	0.04245	0.03878	0.00999	0.09682	0.00879	0.01053	0.00677	0.00409	0.00410	0.00131	0.00499	0.00369	0.00255	0.00646
5	0.07673	0.03366	0.03692	0.01749	0.33002	0.15756	0.15564	0.01471	0.04980	0.05176	0.02934	0.01091	0.00767	0.00422	0.00421	0.00129	0.00564	0.00388	0.00251	0.00606

[dist]
# distance from previous block
# <min> <max>
2	12

[block]
# block no. 1 follows, 61 sequences, length 15
# corresponding to MSA columns:
# 439-453
name=unknown_B
#
# <colnr> <probs for GDERKNQSTAVLIFYWHMCP>
#	G	D	E	R	K	N	Q	S	T	A	V	L	I	F	Y	W	H	M	C	P
0	0.08017	0.04821	0.01289	0.01250	0.19626	0.01059	0.00838	0.30001	0.04690	0.14885	0.02287	0.01116	0.00814	0.00467	0.00404	0.00124	0.00433	0.00375	0.00362	0.07141
1	0.01201	0.00837	0.01205	0.01425	0.30595	0.00819	0.00851	0.10210	0.04573	0.18576	0.18935	0.01634	0.01538	0.00544	0.00441	0.00128	0.00392	0.00479	0.00373	0.05244
2	0.03175	0.02770	0.02624	0.03474	0.19443	0.03206	0.16564	0.12797	0.08323	0.19604	0.01120	0.01190	0.00809	0.00451	0.00436	0.00132	0.00502	0.00416	0.00337	0.02628
3	0.01074	0.00987	0.01677	0.02379	0.69363	0.00971	0.04674	0.01327	0.00997	0.04589	0.03802	0.01158	0.00818	0.00404	0.00429	0.00127	0.00497	0.00400	0.00237	0.04090
4	0.01043	0.08776	0.02138	0.00769	0.03363	0.00760	0.01774	0.08250	0.09745	0.14827	0.30335	0.04568	0.05906	0.00697	0.00454	0.00133	0.00326	0.02617	0.00419	0.03099
5	0.00969	0.00757	0.00887	0.00940	0.11928	0.09640	0.00625	0.01155	0.01148	0.12353	0.42650	0.04066	0.05447	0.00722	0.00502	0.00133	0.03134	0.00616	0.00401	0.01927
6	0.02768	0.10659	0.30575	0.01085	0.01504	0.00934	0.17064	0.01280	0.01007	0.06583	0.17485	0.01440	0.01325	0.00496	0.00430	0.00130	0.00510	0.00444	0.00276	0.04004
7	0.01152	0.85121	0.02257	0.00737	0.01106	0.01704	0.00737	0.01290	0.00875	0.01013	0.00599	0.00691	0.00553	0.00369	0.00276	0.00092	0.00461	0.00230	0.00184	0.00553
8	0.01039	0.01005	0.01644	0.09638	0.69631	0.03403	0.01260	0.01286	0.00971	0.01358	0.00864	0.04366	0.00755	0.00428	0.00431	0.00131	0.00515	0.00414	0.00219	0.00646
9	0.04152	0.00897	0.00979	0.00850	0.01115	0.00996	0.00671	0.05136	0.60865	0.16821	0.01678	0.01529	0.01219	0.00566	0.00431	0.00143	0.00350	0.00465	0.00450	0.00686
10	0.00814	0.00564	0.00623	0.00567	0.00631	0.00588	0.00365	0.15504	0.00886	0.01184	0.01297	0.02487	0.01411	0.69198	0.01865	0.00364	0.00428	0.00582	0.00293	0.00349
11	0.71746	0.00821	0.00681	0.00580	0.00868	0.00894	0.00475	0.01233	0.00763	0.01834	0.00631	0.00736	0.00498	0.00385	0.00276	0.00120	0.00331	0.00237	0.00264	0.16628
12	0.00736	0.00607	0.01017	0.00963	0.01117	0.00591	0.15505	0.00953	0.00979	0.01286	0.02029	0.12432	0.02178	0.01053	0.00574	0.00186	0.00443	0.56561	0.00364	0.00426
13	0.01057	0.01049	0.01896	0.02490	0.67332	0.01036	0.16046	0.01333	0.00987	0.01402	0.00822	0.01084	0.00677	0.00380	0.00442	0.00131	0.00552	0.00407	0.00214	0.00663
14	0.01508	0.01862	0.01319	0.01395	0.16345	0.67884	0.00923	0.01646	0.01176	0.01120	0.00693	0.00831	0.00579	0.00433	0.00395	0.00114	0.00728	0.00297	0.00220	0.00533

[dist]
# distance from previous block
# <min> <max>
0	11

[block]
# block no. 2 follows, 61 sequences, length 15
# corresponding to MSA columns:
# 465-479
name=unknown_C
#
# <colnr> <probs for GDERKNQSTAVLIFYWHMCP>
#	G	D	E	R	K	N	Q	S	T	A	V	L	I	F	Y	W	H	M	C	P
0	0.01026	0.00982	0.01675	0.15670	0.69465	0.01013	0.01302	0.01286	0.00962	0.01358	0.00803	0.01079	0.00665	0.00391	0.00427	0.00130	0.00522	0.00384	0.00210	0.00650
1	0.45480	0.01017	0.00958	0.00775	0.01080	0.01148	0.00640	0.40349	0.01369	0.02317	0.00813	0.00864	0.00597	0.00458	0.00347	0.00131	0.00402	0.00309	0.00347	0.00597
2	0.25685	0.00860	0.01003	0.00975	0.10998	0.00896	0.00691	0.06691	0.15458	0.30614	0.01251	0.01201	0.00875	0.00486	0.00387	0.00135	0.00377	0.00378	0.00396	0.00643
3	0.01192	0.00970	0.01613	0.06292	0.46253	0.00969	0.10474	0.05948	0.04123	0.13437	0.03742	0.01232	0.00871	0.00438	0.00441	0.00133	0.00500	0.00423	0.00289	0.00661
4	0.08428	0.00607	0.00759	0.00647	0.00854	0.00571	0.00514	0.03061	0.02987	0.30692	0.41072	0.02333	0.02520	0.00708	0.00460	0.00136	0.00286	0.02348	0.00474	0.00541
5	0.01038	0.01134	0.02363	0.05379	0.09762	0.01087	0.66503	0.04587	0.01048	0.01425	0.00868	0.01147	0.00656	0.00374	0.00494	0.00143	0.00689	0.00486	0.00225	0.00592
6	0.03329	0.00965	0.01678	0.19749	0.49713	0.00996	0.10589	0.01318	0.00965	0.05325	0.00846	0.01105	0.00669	0.00399	0.00433	0.00134	0.00539	0.00397	0.00226	0.00624
7	0.00910	0.03530	0.07608	0.01436	0.04370	0.00947	0.47026	0.01231	0.03180	0.01270	0.00967	0.01357	0.00807	0.06880	0.16225	0.00265	0.00753	0.00482	0.00226	0.00531
8	0.00531	0.00437	0.00467	0.00459	0.00595	0.00373	0.00345	0.00661	0.01034	0.01287	0.21272	0.03943	0.65015	0.01045	0.00509	0.00143	0.00215	0.00881	0.00416	0.00373
9	0.01475	0.03303	0.03299	0.01449	0.20251	0.07084	0.16134	0.04873	0.01147	0.34802	0.01180	0.01213	0.00821	0.00451	0.00438	0.00131	0.00513	0.00415	0.00354	0.00668
10	0.01014	0.01078	0.05367	0.11601	0.02107	0.01007	0.54515	0.01364	0.03257	0.06228	0.01048	0.03974	0.02536	0.00447	0.00510	0.00146	0.02477	0.00510	0.00248	0.00568
11	0.00576	0.00431	0.00541	0.00578	0.00669	0.00396	0.00438	0.00719	0.01007	0.01330	0.25641	0.26837	0.22668	0.01122	0.00536	0.00161	0.00256	0.15297	0.00421	0.00378
12	0.01089	0.01271	0.12447	0.01560	0.10624	0.05808	0.37561	0.01581	0.15297	0.05320	0.01031	0.01186	0.00773	0.00430	0.00479	0.00141	0.02071	0.00447	0.00267	0.00618
13	0.01459	0.01044	0.01567	0.01278	0.07677	0.03134	0.23194	0.21598	0.07695	0.24997	0.01210	0.01235	0.00844	0.00472	0.00452	0.00136	0.00514	0.00439	0.00379	0.00676
14	0.11847	0.02806	0.05824	0.01375	0.01764	0.04905	0.42705	0.16104	0.03422	0.03729	0.00894	0.01063	0.00662	0.00413	0.00446	0.00138	0.00604	0.00425	0.00275	0.00600

[dist]
# distance from previous block
# <min> <max>
3	13

[block]
# block no. 3 follows, 61 sequences, length 13
# corresponding to MSA columns:
# 493-505
name=unknown_D
#
# <colnr> <probs for GDERKNQSTAVLIFYWHMCP>
#	G	D	E	R	K	N	Q	S	T	A	V	L	I	F	Y	W	H	M	C	P
0	0.04998	0.08936	0.56009	0.02746	0.01677	0.01008	0.03904	0.01455	0.00948	0.13112	0.00888	0.00975	0.00622	0.00422	0.00399	0.00132	0.00570	0.00331	0.00238	0.00631
1	0.01309	0.06561	0.11840	0.14349	0.11705	0.00888	0.06043	0.01589	0.03199	0.31256	0.01163	0.01254	0.00822	0.00462	0.00421	0.00131	0.00479	0.01614	0.00333	0.04583
2	0.00910	0.01448	0.40229	0.06399	0.01639	0.00860	0.10313	0.04839	0.00983	0.06129	0.01223	0.13968	0.01114	0.00627	0.00462	0.00149	0.00541	0.07334	0.00270	0.00566
3	0.01085	0.00959	0.01635	0.17077	0.59147	0.00984	0.03821	0.01343	0.00980	0.07535	0.00872	0.01115	0.00691	0.00403	0.00430	0.00132	0.00519	0.00391	0.00234	0.00646
4	0.01212	0.04996	0.15473	0.12765	0.14251	0.00889	0.10344	0.01486	0.01019	0.25011	0.01171	0.04633	0.00899	0.00503	0.00440	0.00138	0.00508	0.03331	0.00312	0.00619
5	0.00962	0.00992	0.11911	0.15568	0.15367	0.00833	0.16628	0.01231	0.00965	0.10029	0.01388	0.12576	0.06397	0.00604	0.00468	0.00145	0.00508	0.02595	0.00283	0.00554
6	0.00963	0.01009	0.10517	0.35832	0.25455	0.00938	0.06272	0.01254	0.00942	0.06319	0.00993	0.01316	0.03019	0.00459	0.00439	0.00139	0.00544	0.02785	0.00232	0.00572
7	0.01195	0.06566	0.26178	0.00919	0.01283	0.02605	0.02621	0.01522	0.06329	0.27114	0.01413	0.13540	0.01177	0.00681	0.02208	0.00152	0.00471	0.03066	0.00352	0.00605
8	0.01084	0.06749	0.29260	0.11216	0.20521	0.01006	0.10114	0.01419	0.00974	0.12247	0.00905	0.01063	0.00663	0.00415	0.00422	0.00133	0.00563	0.00372	0.00242	0.00630
9	0.01001	0.04683	0.48465	0.07597	0.09291	0.00990	0.09730	0.01398	0.00954	0.08881	0.00896	0.01091	0.00659	0.00429	0.00424	0.00136	0.00594	0.01930	0.00226	0.00624
10	0.01022	0.00975	0.01659	0.10580	0.71478	0.00993	0.01277	0.01275	0.00964	0.01366	0.00861	0.04027	0.00748	0.00423	0.00431	0.00131	0.00509	0.00413	0.00218	0.00650
11	0.01167	0.00825	0.01324	0.11206	0.40802	0.00819	0.00998	0.01380	0.01013	0.21118	0.02916	0.12266	0.01121	0.00564	0.00447	0.00137	0.00442	0.00515	0.00319	0.00622
12	0.01460	0.04121	0.11328	0.08684	0.01378	0.00743	0.04427	0.01682	0.01092	0.48107	0.01493	0.07950	0.01115	0.00585	0.00443	0.00140	0.00432	0.03768	0.00413	0.00639

[dist]
# distance from previous block
# <min> <max>
0	1

[block]
# block no. 4 follows, 61 sequences, length 9
# corresponding to MSA columns:
# 507-515
name=unknown_E
#
# <colnr> <probs for GDERKNQSTAVLIFYWHMCP>
#	G	D	E	R	K	N	Q	S	T	A	V	L	I	F	Y	W	H	M	C	P
0	0.00908	0.06424	0.70737	0.01150	0.01729	0.00989	0.01445	0.01353	0.00917	0.04833	0.00885	0.05147	0.00685	0.00460	0.00410	0.00136	0.00596	0.00364	0.00208	0.00622
1	0.01333	0.10151	0.21247	0.03523	0.06304	0.00935	0.13247	0.01618	0.01051	0.32388	0.01166	0.01257	0.00822	0.00465	0.00426	0.00133	0.00513	0.02442	0.00330	0.00648
2	0.01550	0.00908	0.05087	0.01320	0.18919	0.00784	0.10201	0.01776	0.01131	0.49142	0.01384	0.01420	0.00953	0.00495	0.00444	0.00136	0.00454	0.02802	0.00406	0.00690
3	0.00978	0.01190	0.17386	0.24459	0.36730	0.00995	0.07224	0.01295	0.00944	0.03530	0.00820	0.01076	0.00635	0.00404	0.00431	0.00135	0.00565	0.00381	0.00210	0.00612
4	0.01243	0.00863	0.01416	0.20209	0.34230	0.00873	0.04464	0.01478	0.01024	0.25187	0.01120	0.04143	0.00846	0.00471	0.00437	0.00135	0.00483	0.00433	0.00309	0.00635
5	0.01018	0.08301	0.58061	0.03815	0.08698	0.01015	0.01386	0.01427	0.00947	0.10150	0.00863	0.00974	0.00616	0.00418	0.00404	0.00132	0.00581	0.00332	0.00223	0.00640
6	0.01157	0.01216	0.26888	0.15201	0.03478	0.00848	0.01036	0.01582	0.11151	0.23816	0.05105	0.04498	0.01051	0.00527	0.00434	0.00139	0.00476	0.00441	0.00336	0.00621
7	0.01142	0.05225	0.18616	0.15418	0.03127	0.00795	0.02848	0.01395	0.00989	0.25446	0.01343	0.08721	0.01130	0.03925	0.00516	0.00155	0.00472	0.07833	0.00332	0.00571
8	0.01475	0.02910	0.21450	0.02998	0.02902	0.00758	0.00898	0.03296	0.01116	0.47694	0.01448	0.05340	0.01046	0.00561	0.00436	0.00138	0.00442	0.04019	0.00408	0.00664

[dist]
# distance from previous block
# <min> <max>
5	9

[block]
# block no. 5 follows, 61 sequences, length 36
# corresponding to MSA columns:
# 525-545,547-561
name=unknown_F
#
# <colnr> <probs for GDERKNQSTAVLIFYWHMCP>
#	G	D	E	R	K	N	Q	S	T	A	V	L	I	F	Y	W	H	M	C	P
0	0.00926	0.18305	0.06353	0.00880	0.01176	0.02230	0.13938	0.03025	0.05657	0.03838	0.22549	0.01864	0.08959	0.00588	0.00428	0.00123	0.00409	0.00515	0.00323	0.07915
1	0.01005	0.01124	0.02385	0.01703	0.02134	0.01040	0.72973	0.01352	0.01005	0.01382	0.00861	0.01136	0.00652	0.00359	0.00490	0.00137	0.00687	0.00484	0.00221	0.08868
2	0.01032	0.00977	0.01643	0.19002	0.63770	0.01019	0.01282	0.03632	0.00988	0.01384	0.00808	0.01082	0.00662	0.00397	0.00427	0.00131	0.00523	0.00384	0.00215	0.00643
3	0.00599	0.00440	0.00560	0.00530	0.00637	0.00402	0.00398	0.00791	0.01193	0.01665	0.73372	0.03320	0.12679	0.00904	0.00508	0.00137	0.00205	0.00793	0.00466	0.00402
4	0.03146	0.00787	0.01021	0.12891	0.05052	0.00673	0.02377	0.01124	0.00896	0.02601	0.00780	0.00948	0.00633	0.00345	0.00345	0.00083	0.00375	0.00287	0.00248	0.65388
5	0.00898	0.00541	0.00618	0.00564	0.00633	0.02288	0.00368	0.03275	0.00780	0.14136	0.01368	0.02454	0.01413	0.64704	0.01796	0.00350	0.02571	0.00574	0.00307	0.00362
6	0.87904	0.00833	0.00633	0.00566	0.00833	0.00966	0.00467	0.01266	0.00733	0.01933	0.00600	0.00700	0.00467	0.00400	0.00267	0.00133	0.00333	0.00233	0.00267	0.00467
7	0.00629	0.00461	0.00592	0.00556	0.00664	0.00434	0.00418	0.00875	0.04583	0.01731	0.78583	0.03150	0.03949	0.00868	0.00505	0.00136	0.00209	0.00767	0.00473	0.00418
8	0.01152	0.85121	0.02257	0.00737	0.01106	0.01704	0.00737	0.01290	0.00875	0.01013	0.00599	0.00691	0.00553	0.00369	0.00276	0.00092	0.00461	0.00230	0.00184	0.00553
9	0.00893	0.00766	0.00893	0.00638	0.01021	0.00574	0.00510	0.01085	0.00893	0.01404	0.00766	0.00893	0.00638	0.00319	0.00319	0.00064	0.00319	0.00255	0.00255	0.87495
10	0.01066	0.01023	0.01748	0.02644	0.82174	0.01023	0.01322	0.01322	0.00981	0.01407	0.00810	0.01066	0.00682	0.00384	0.00426	0.00128	0.00512	0.00384	0.00213	0.00682
11	0.01193	0.00986	0.01042	0.00901	0.01166	0.01128	0.00711	0.19127	0.64360	0.01998	0.01599	0.01484	0.01190	0.00570	0.00437	0.00142	0.00369	0.00466	0.00437	0.00693
12	0.00594	0.00441	0.00554	0.00530	0.00639	0.00401	0.00400	0.00781	0.01173	0.01620	0.66670	0.03417	0.17492	0.00924	0.00510	0.00139	0.00210	0.02646	0.00460	0.00399
13	0.00556	0.00398	0.00528	0.00585	0.00636	0.00371	0.00408	0.00674	0.00955	0.01306	0.28055	0.56755	0.03234	0.01195	0.00537	0.00163	0.00238	0.02613	0.00424	0.00369
14	0.00803	0.00401	0.00401	0.00401	0.00502	0.00401	0.00301	0.01004	0.00903	0.01606	0.01405	0.01606	0.01104	0.00502	0.00301	0.00100	0.00201	0.00401	0.87253	0.00401
15	0.01167	0.00898	0.10531	0.00928	0.01249	0.00691	0.16044	0.02784	0.01113	0.29165	0.11543	0.02116	0.18553	0.00646	0.00470	0.00139	0.00418	0.00576	0.00395	0.00575
16	0.00651	0.00477	0.00558	0.00578	0.00612	0.02850	0.00391	0.00711	0.00723	0.00954	0.01537	0.11803	0.01721	0.50049	0.14016	0.00395	0.00519	0.10851	0.00288	0.00314
17	0.00640	0.00445	0.00542	0.00535	0.00548	0.00472	0.00337	0.00665	0.00637	0.00868	0.01278	0.02523	0.01426	0.66068	0.15548	0.02491	0.03854	0.00583	0.00251	0.00288
18	0.01057	0.01014	0.01732	0.05515	0.79373	0.01021	0.01318	0.01314	0.00977	0.01396	0.00809	0.01069	0.00678	0.00385	0.00427	0.00128	0.00514	0.00384	0.00212	0.00675
19	0.01121	0.00870	0.01344	0.01582	0.32890	0.04391	0.09422	0.01330	0.01034	0.17152	0.03380	0.10603	0.07583	0.00627	0.00465	0.00140	0.00454	0.04694	0.00327	0.00591
20	0.87904	0.00833	0.00633	0.00566	0.00833	0.00966	0.00467	0.01266	0.00733	0.01933	0.00600	0.00700	0.00467	0.00400	0.00267	0.00133	0.00333	0.00233	0.00267	0.00467
21	0.01241	0.04541	0.01195	0.04288	0.01254	0.40578	0.03790	0.02530	0.05120	0.02239	0.08871	0.02627	0.01069	0.04333	0.00646	0.00145	0.13110	0.01666	0.00264	0.00491
22	0.00803	0.00401	0.00401	0.00401	0.00502	0.00401	0.00301	0.01004	0.00903	0.01606	0.01405	0.01606	0.01104	0.00502	0.00301	0.00100	0.00201	0.00401	0.87253	0.00401
23	0.01138	0.09058	0.40132	0.01131	0.01585	0.21892	0.05500	0.01527	0.06237	0.04154	0.00833	0.00935	0.00626	0.00425	0.00398	0.00125	0.00624	0.00324	0.00225	0.03130
24	0.01052	0.01009	0.01724	0.07049	0.77877	0.01020	0.01315	0.01310	0.00974	0.01391	0.00808	0.01071	0.00676	0.00386	0.00427	0.00129	0.00515	0.00384	0.00212	0.00671
25	0.87904	0.00833	0.00633	0.00566	0.00833	0.00966	0.00467	0.01266	0.00733	0.01933	0.00600	0.00700	0.00467	0.00400	0.00267	0.00133	0.00333	0.00233	0.00267	0.00467
26	0.01341	0.02440	0.01357	0.08416	0.30631	0.14565	0.00969	0.06388	0.04874	0.18649	0.02478	0.01160	0.00823	0.00453	0.00418	0.00126	0.00507	0.00382	0.00310	0.03712
27	0.01047	0.01017	0.01673	0.13441	0.69425	0.03223	0.01292	0.01303	0.00971	0.01357	0.00800	0.01069	0.00664	0.00392	0.00426	0.00130	0.00527	0.00381	0.00211	0.00650
28	0.00803	0.00401	0.00401	0.00401	0.00502	0.00401	0.00301	0.01004	0.00903	0.01606	0.01405	0.01606	0.01104	0.00502	0.00301	0.00100	0.00201	0.00401	0.87253	0.00401
29	0.01066	0.01023	0.01748	0.02644	0.82174	0.01023	0.01322	0.01322	0.00981	0.01407	0.00810	0.01066	0.00682	0.00384	0.00426	0.00128	0.00512	0.00384	0.00213	0.00682
30	0.00626	0.00418	0.00470	0.00470	0.00470	0.00418	0.00261	0.00626	0.00626	0.00835	0.01357	0.02819	0.01566	0.84862	0.02192	0.00418	0.00418	0.00626	0.00261	0.00261
31	0.01606	0.01140	0.01239	0.00960	0.01289	0.01248	0.00788	0.72239	0.01922	0.07633	0.01136	0.04792	0.00848	0.00555	0.00436	0.00132	0.00457	0.00428	0.00436	0.00715
32	0.00942	0.00942	0.01319	0.01131	0.01131	0.01319	0.00942	0.01037	0.00660	0.01037	0.00565	0.00942	0.00565	0.00754	0.01414	0.00188	0.84073	0.00377	0.00188	0.00471
33	0.01197	0.77052	0.02160	0.00768	0.01128	0.05924	0.00746	0.04860	0.00945	0.01092	0.00622	0.00711	0.00561	0.00379	0.00289	0.00095	0.00478	0.00240	0.00197	0.00558
34	0.00638	0.04248	0.00681	0.00657	0.02215	0.00472	0.00469	0.00751	0.00866	0.01182	0.03877	0.55652	0.04480	0.01086	0.00498	0.00152	0.00284	0.06409	0.00364	0.15019
35	0.05355	0.10248	0.10570	0.01006	0.01323	0.39649	0.00870	0.14318	0.02722	0.08815	0.00841	0.00899	0.00639	0.00453	0.00386	0.00119	0.00615	0.00311	0.00281	0.00581

[dist]
# distance from previous block
# <min> <max>
0	1

[block]
# block no. 6 follows, 61 sequences, length 15
# corresponding to MSA columns:
# 563-577
name=unknown_G
#
# <colnr> <probs for GDERKNQSTAVLIFYWHMCP>
#	G	D	E	R	K	N	Q	S	T	A	V	L	I	F	Y	W	H	M	C	P
0	0.32938	0.07573	0.40727	0.01035	0.05546	0.01042	0.02898	0.01321	0.00848	0.01551	0.00701	0.00830	0.00526	0.00401	0.00350	0.00132	0.00508	0.00288	0.00216	0.00569
1	0.00831	0.00779	0.01295	0.75390	0.06948	0.00941	0.01168	0.01111	0.00869	0.01132	0.00768	0.01131	0.00583	0.00423	0.00425	0.00139	0.00558	0.00376	0.00196	0.04939
2	0.01029	0.00985	0.01681	0.14656	0.70455	0.01014	0.01303	0.01289	0.00963	0.01362	0.00804	0.01078	0.00666	0.00391	0.00427	0.00130	0.00521	0.00384	0.00210	0.00652
3	0.04593	0.06087	0.01033	0.00800	0.01030	0.00839	0.06037	0.08377	0.22215	0.10180	0.29043	0.02072	0.02091	0.00658	0.00454	0.00137	0.00343	0.03025	0.00420	0.00564
4	0.00961	0.01645	0.49229	0.01143	0.01628	0.00915	0.10183	0.01448	0.08713	0.08381	0.08177	0.03584	0.01051	0.00499	0.00438	0.00139	0.00546	0.00432	0.00273	0.00615
5	0.01066	0.01023	0.01748	0.02644	0.82174	0.01023	0.01322	0.01322	0.00981	0.01407	0.00810	0.01066	0.00682	0.00384	0.00426	0.00128	0.00512	0.00384	0.00213	0.00682
6	0.01027	0.00895	0.01482	0.16352	0.54158	0.00915	0.01150	0.01266	0.00972	0.07140	0.01158	0.04555	0.06067	0.00486	0.00438	0.00134	0.00483	0.00454	0.00252	0.00617
7	0.01354	0.49239	0.01825	0.00876	0.01204	0.21847	0.00776	0.15849	0.01170	0.01333	0.00695	0.00775	0.00586	0.00414	0.00332	0.00104	0.00542	0.00271	0.00238	0.00572
8	0.00528	0.00386	0.00497	0.00578	0.00621	0.00355	0.00392	0.00614	0.00865	0.01143	0.07215	0.70852	0.11782	0.01293	0.00543	0.00169	0.00244	0.01163	0.00404	0.00355
9	0.00701	0.00479	0.00712	0.00697	0.00791	0.00545	0.00545	0.00856	0.00727	0.06302	0.01189	0.01678	0.01076	0.03055	0.77771	0.00656	0.01103	0.00460	0.00250	0.00407
10	0.01150	0.01249	0.14066	0.01257	0.01642	0.02764	0.27628	0.11051	0.26402	0.06432	0.01197	0.01258	0.00876	0.00470	0.00455	0.00141	0.00542	0.00449	0.00325	0.00646
11	0.01152	0.85121	0.02257	0.00737	0.01106	0.01704	0.00737	0.01290	0.00875	0.01013	0.00599	0.00691	0.00553	0.00369	0.00276	0.00092	0.00461	0.00230	0.00184	0.00553
12	0.07444	0.03563	0.02479	0.00873	0.01173	0.02216	0.04206	0.15109	0.27634	0.18685	0.04384	0.01350	0.01078	0.00524	0.00429	0.00132	0.01583	0.00423	0.00405	0.06310
13	0.04801	0.00769	0.01262	0.80014	0.02869	0.00957	0.01163	0.01108	0.00855	0.01139	0.00758	0.01128	0.00569	0.00429	0.00423	0.00143	0.00563	0.00376	0.00195	0.00478
14	0.07140	0.23306	0.26359	0.01046	0.05742	0.04419	0.03179	0.06369	0.03265	0.13992	0.00903	0.00962	0.00667	0.00427	0.00374	0.00123	0.00511	0.00323	0.00270	0.00621

[dist]
# distance from previous block
# <min> <max>
0	14

[block]
# block no. 7 follows, 61 sequences, length 16
# corresponding to MSA columns:
# 592-607
name=unknown_H
#
# <colnr> <probs for GDERKNQSTAVLIFYWHMCP>
#	G	D	E	R	K	N	Q	S	T	A	V	L	I	F	Y	W	H	M	C	P
0	0.03609	0.08277	0.18321	0.01409	0.14880	0.08789	0.17036	0.01529	0.07535	0.10641	0.03205	0.01134	0.00808	0.00437	0.00423	0.00131	0.00557	0.00393	0.00270	0.00617
1	0.01055	0.57416	0.29120	0.00901	0.01359	0.01469	0.01023	0.01315	0.00887	0.01131	0.00657	0.00764	0.00550	0.00382	0.00321	0.00107	0.00519	0.00260	0.00183	0.00581
2	0.07484	0.10297	0.01105	0.00873	0.02622	0.03580	0.00683	0.02036	0.61086	0.01681	0.01501	0.02952	0.01162	0.00553	0.00408	0.00138	0.00368	0.00445	0.00386	0.00640
3	0.00926	0.00673	0.00837	0.00832	0.00994	0.00703	0.00714	0.20977	0.01251	0.01644	0.02034	0.03874	0.04585	0.01017	0.00551	0.00179	0.00410	0.56914	0.00405	0.00480
4	0.01315	0.51220	0.11472	0.00823	0.01214	0.01375	0.00825	0.08267	0.01049	0.17479	0.00877	0.00901	0.00670	0.00419	0.00337	0.00109	0.00464	0.00295	0.00275	0.00614
5	0.06136	0.27101	0.01699	0.01218	0.12106	0.21632	0.09672	0.04506	0.09599	0.01317	0.00813	0.00926	0.00665	0.00419	0.00372	0.00117	0.00556	0.00327	0.00242	0.00576
6	0.00748	0.00374	0.00561	0.00561	0.00561	0.00374	0.00374	0.00561	0.00561	0.00748	0.00748	0.01309	0.00748	0.01496	0.01684	0.87467	0.00374	0.00374	0.00187	0.00187
7	0.01166	0.71184	0.02057	0.00772	0.01119	0.05814	0.00736	0.01427	0.10141	0.01106	0.00735	0.00801	0.00640	0.00397	0.00301	0.00099	0.00463	0.00262	0.00215	0.00565
8	0.00904	0.09333	0.67942	0.01242	0.01836	0.01070	0.09113	0.01359	0.00917	0.01335	0.00767	0.00915	0.00557	0.00401	0.00407	0.00133	0.00630	0.00329	0.00186	0.00624
9	0.01006	0.11805	0.58999	0.01188	0.04891	0.01057	0.02885	0.01444	0.03351	0.08210	0.00864	0.00963	0.00621	0.00418	0.00399	0.00131	0.00581	0.00329	0.00222	0.00637
10	0.01060	0.01039	0.01840	0.02549	0.72995	0.01031	0.10429	0.01329	0.00985	0.01404	0.00817	0.01077	0.00679	0.00381	0.00436	0.00130	0.00536	0.00398	0.00214	0.00671
11	0.00525	0.00375	0.00500	0.00600	0.00625	0.00350	0.00400	0.00600	0.00825	0.01100	0.02374	0.84580	0.02849	0.01350	0.00550	0.00175	0.00250	0.01225	0.00400	0.00350
12	0.00829	0.00919	0.09157	0.65820	0.04533	0.00947	0.05292	0.01135	0.00883	0.01156	0.00846	0.01303	0.00670	0.00461	0.00440	0.00145	0.00578	0.04184	0.00202	0.00500
13	0.01239	0.20655	0.09754	0.02883	0.16394	0.04244	0.11152	0.24207	0.02588	0.01673	0.00840	0.00967	0.00654	0.00425	0.00401	0.00123	0.00537	0.00357	0.00270	0.00639
14	0.00772	0.00476	0.00628	0.00570	0.00700	0.00434	0.00434	0.00971	0.01221	0.11661	0.72075	0.03002	0.03696	0.00838	0.00499	0.00135	0.00223	0.00736	0.00481	0.00447
15	0.00589	0.00440	0.00547	0.00520	0.00631	0.00398	0.00390	0.00773	0.01171	0.01613	0.66188	0.03406	0.19895	0.00923	0.00508	0.00138	0.00206	0.00805	0.00459	0.00398

[dist]
# distance from previous block
# <min> <max>
4	7

[block]
# block no. 8 follows, 61 sequences, length 31
# corresponding to MSA columns:
# 615-645
name=unknown_I
#
# <colnr> <probs for GDERKNQSTAVLIFYWHMCP>
#	G	D	E	R	K	N	Q	S	T	A	V	L	I	F	Y	W	H	M	C	P
0	0.01580	0.02009	0.01286	0.01145	0.01377	0.79060	0.04792	0.01703	0.01211	0.01070	0.00676	0.00796	0.00560	0.00440	0.00394	0.00113	0.00774	0.00289	0.00222	0.00503
1	0.00911	0.00852	0.01318	0.01081	0.08376	0.00716	0.18923	0.01139	0.00924	0.01377	0.00906	0.06825	0.00800	0.00407	0.00388	0.00096	0.00424	0.00392	0.00253	0.53891
2	0.00982	0.00967	0.01604	0.25288	0.44898	0.04083	0.08481	0.01243	0.00957	0.01298	0.02196	0.04414	0.00785	0.00444	0.00440	0.00135	0.00544	0.00431	0.00219	0.00591
3	0.01165	0.00922	0.01020	0.00929	0.04195	0.01024	0.00701	0.06654	0.63299	0.08387	0.01623	0.01507	0.01204	0.00556	0.00431	0.00139	0.00356	0.00462	0.00428	0.04998
4	0.01083	0.00925	0.00982	0.00861	0.01122	0.01041	0.00673	0.05987	0.70504	0.01811	0.01632	0.01517	0.01227	0.00558	0.00428	0.00138	0.00345	0.00462	0.00422	0.08281
5	0.01071	0.00925	0.00974	0.00877	0.01120	0.01071	0.00682	0.02289	0.81396	0.01802	0.01753	0.01607	0.01315	0.00584	0.00438	0.00146	0.00341	0.00487	0.00438	0.00682
6	0.01135	0.80231	0.06998	0.00766	0.01150	0.01663	0.00787	0.01294	0.00877	0.01034	0.00609	0.00704	0.00552	0.00371	0.00284	0.00095	0.00471	0.00236	0.00184	0.00558
7	0.00835	0.00780	0.01203	0.01727	0.48275	0.00749	0.00909	0.01030	0.00981	0.01306	0.02287	0.02346	0.34468	0.00678	0.00461	0.00135	0.00390	0.00602	0.00291	0.00550
8	0.00607	0.00440	0.00572	0.00539	0.00642	0.00405	0.00404	0.00807	0.01212	0.01710	0.79594	0.03246	0.06429	0.00887	0.00508	0.00136	0.00204	0.00783	0.00472	0.00405
9	0.00803	0.00401	0.00401	0.00401	0.00502	0.00401	0.00301	0.01004	0.00903	0.01606	0.01405	0.01606	0.01104	0.00502	0.00301	0.00100	0.00201	0.00401	0.87253	0.00401
10	0.01066	0.01023	0.01748	0.02644	0.82174	0.01023	0.01322	0.01322	0.00981	0.01407	0.00810	0.01066	0.00682	0.00384	0.00426	0.00128	0.00512	0.00384	0.00213	0.00682
11	0.00669	0.00519	0.00710	0.00682	0.00720	0.00615	0.00503	0.00760	0.00664	0.00948	0.01135	0.01970	0.01169	0.31232	0.42572	0.00520	0.13514	0.00506	0.00235	0.00355
12	0.00626	0.00418	0.00470	0.00470	0.00470	0.00418	0.00261	0.00626	0.00626	0.00835	0.01357	0.02819	0.01566	0.84862	0.02192	0.00418	0.00418	0.00626	0.00261	0.00261
13	0.00517	0.00430	0.00451	0.00460	0.00590	0.00365	0.00340	0.00627	0.00978	0.01189	0.08546	0.12827	0.68986	0.01107	0.00513	0.00148	0.00221	0.00936	0.00404	0.00365
14	0.00974	0.22553	0.50706	0.01174	0.01711	0.01194	0.11201	0.03386	0.00943	0.01314	0.00749	0.00890	0.00566	0.00396	0.00389	0.00126	0.00600	0.00322	0.00193	0.00611
15	0.01933	0.00733	0.01000	0.00766	0.01100	0.00633	0.00633	0.02099	0.01233	0.82473	0.01699	0.01466	0.01066	0.00533	0.00433	0.00133	0.00367	0.00433	0.00533	0.00733
16	0.00555	0.00438	0.00501	0.00485	0.00610	0.00383	0.00364	0.00708	0.01091	0.01423	0.40096	0.03718	0.46106	0.00994	0.00509	0.00141	0.00211	0.00849	0.00434	0.00383
17	0.00864	0.02228	0.82630	0.01228	0.01864	0.01000	0.01592	0.01364	0.00909	0.01364	0.00773	0.00909	0.00546	0.00409	0.00409	0.00136	0.00637	0.00318	0.00182	0.00637
18	0.01328	0.20737	0.11196	0.01062	0.04713	0.32653	0.00902	0.09651	0.11282	0.01360	0.00844	0.00916	0.00672	0.00445	0.00378	0.00117	0.00591	0.00314	0.00257	0.00582
19	0.48440	0.03514	0.02769	0.04063	0.02776	0.01035	0.15312	0.10107	0.00973	0.06283	0.00772	0.00891	0.00576	0.00414	0.00351	0.00134	0.00445	0.00322	0.00283	0.00542
20	0.01033	0.00989	0.01675	0.05751	0.75626	0.00993	0.01275	0.01284	0.00976	0.01385	0.00958	0.01199	0.04094	0.00415	0.00430	0.00129	0.00502	0.00406	0.00220	0.00661
21	0.00616	0.00457	0.00670	0.00670	0.00739	0.00526	0.00511	0.00755	0.00686	0.00983	0.01174	0.01806	0.01126	0.11451	0.75001	0.00665	0.01080	0.00478	0.00234	0.00372
22	0.87904	0.00833	0.00633	0.00566	0.00833	0.00966	0.00467	0.01266	0.00733	0.01933	0.00600	0.00700	0.00467	0.00400	0.00267	0.00133	0.00333	0.00233	0.00267	0.00467
23	0.00743	0.00376	0.00557	0.00557	0.00557	0.00376	0.00369	0.00564	0.00564	0.00752	0.00774	0.01374	0.00783	0.05053	0.01705	0.83754	0.00376	0.00385	0.00190	0.00190
24	0.00626	0.00418	0.00470	0.00470	0.00470	0.00418	0.00261	0.00626	0.00626	0.00835	0.01357	0.02819	0.01566	0.84862	0.02192	0.00418	0.00418	0.00626	0.00261	0.00261
25	0.00748	0.00374	0.00561	0.00561	0.00561	0.00374	0.00374	0.00561	0.00561	0.00748	0.00748	0.01309	0.00748	0.01496	0.01684	0.87467	0.00374	0.00374	0.00187	0.00187
26	0.00848	0.01168	0.24057	0.00892	0.01214	0.03619	0.05384	0.03811	0.17737	0.01520	0.17485	0.02137	0.16988	0.00670	0.00459	0.00139	0.00416	0.00568	0.00345	0.00544
27	0.00803	0.00401	0.00401	0.00401	0.00502	0.00401	0.00301	0.01004	0.00903	0.01606	0.01405	0.01606	0.01104	0.00502	0.00301	0.00100	0.00201	0.00401	0.87253	0.00401
28	0.00893	0.00766	0.00893	0.00638	0.01021	0.00574	0.00510	0.01085	0.00893	0.01404	0.00766	0.00893	0.00638	0.00319	0.00319	0.00064	0.00319	0.00255	0.00255	0.87495
29	0.03394	0.05210	0.01243	0.01064	0.01303	0.71266	0.00812	0.05080	0.01232	0.04561	0.00721	0.00812	0.00582	0.00447	0.00385	0.00112	0.00725	0.00286	0.00243	0.00521
30	0.77189	0.00990	0.03261	0.00637	0.00912	0.08568	0.00536	0.01311	0.00784	0.01834	0.00611	0.00713	0.00477	0.00404	0.00282	0.00131	0.00384	0.00240	0.00260	0.00475

[dist]
# distance from previous block
# <min> <max>
0	5

[block]
# block no. 9 follows, 61 sequences, length 22
# corresponding to MSA columns:
# 651-664,685-692
name=unknown_J
#
# <colnr> <probs for GDERKNQSTAVLIFYWHMCP>
#	G	D	E	R	K	N	Q	S	T	A	V	L	I	F	Y	W	H	M	C	P
0	0.01218	0.49956	0.09434	0.00937	0.04028	0.10966	0.02822	0.03332	0.07069	0.05464	0.00793	0.00864	0.00648	0.00410	0.00337	0.00108	0.00509	0.00290	0.00234	0.00583
1	0.01145	0.11386	0.09902	0.01935	0.45173	0.08051	0.06294	0.05249	0.02562	0.03101	0.00820	0.01004	0.00663	0.00402	0.00409	0.00125	0.00546	0.00361	0.00229	0.00644
2	0.00803	0.00401	0.00401	0.00401	0.00502	0.00401	0.00301	0.01004	0.00903	0.01606	0.01405	0.01606	0.01104	0.00502	0.00301	0.00100	0.00201	0.00401	0.87253	0.00401
3	0.00861	0.00763	0.01268	0.01543	0.29378	0.00766	0.09381	0.01086	0.00971	0.01318	0.01589	0.02947	0.03491	0.02643	0.00588	0.00171	0.03348	0.37069	0.00304	0.00515
4	0.00615	0.00462	0.00692	0.00692	0.00769	0.00538	0.00538	0.00769	0.00692	0.01000	0.01154	0.01692	0.01077	0.03231	0.83154	0.00692	0.01154	0.00462	0.00231	0.00385
5	0.00911	0.00884	0.01558	0.50780	0.26968	0.00991	0.09341	0.01196	0.00914	0.01222	0.00790	0.01125	0.00615	0.00410	0.00437	0.00139	0.00571	0.00396	0.00201	0.00551
6	0.00942	0.00942	0.01319	0.01131	0.01131	0.01319	0.00942	0.01037	0.00660	0.01037	0.00565	0.00942	0.00565	0.00754	0.01414	0.00188	0.84073	0.00377	0.00188	0.00471
7	0.01678	0.00902	0.01149	0.01020	0.09429	0.00890	0.00752	0.27604	0.01465	0.43927	0.05619	0.01377	0.01076	0.00531	0.00436	0.00132	0.00408	0.00432	0.00464	0.00711
8	0.00525	0.00375	0.00500	0.00600	0.00625	0.00350	0.00400	0.00600	0.00825	0.01100	0.02374	0.84580	0.02849	0.01350	0.00550	0.00175	0.00250	0.01225	0.00400	0.00350
9	0.00893	0.00766	0.00893	0.00638	0.01021	0.00574	0.00510	0.01085	0.00893	0.01404	0.00766	0.00893	0.00638	0.00319	0.00319	0.00064	0.00319	0.00255	0.00255	0.87495
10	0.00917	0.01026	0.14329	0.00803	0.01230	0.00674	0.05204	0.01168	0.00910	0.03108	0.00793	0.00923	0.00633	0.00341	0.00347	0.00082	0.00395	0.00284	0.00247	0.66587
11	0.84624	0.04020	0.00695	0.00573	0.00843	0.00994	0.00477	0.01267	0.00738	0.01898	0.00600	0.00699	0.00470	0.00399	0.00267	0.00132	0.00338	0.00233	0.00263	0.00470
12	0.00626	0.00418	0.00470	0.00470	0.00470	0.00418	0.00261	0.00626	0.00626	0.00835	0.01357	0.02819	0.01566	0.84862	0.02192	0.00418	0.00418	0.00626	0.00261	0.00261
13	0.00632	0.00448	0.00575	0.00544	0.00655	0.00410	0.00412	0.00825	0.01190	0.03427	0.70383	0.03317	0.11413	0.00902	0.00509	0.00138	0.00214	0.03129	0.00466	0.00409
14	0.00531	0.00381	0.00501	0.00588	0.00621	0.00355	0.00395	0.00612	0.00847	0.01130	0.06618	0.75716	0.05772	0.02998	0.00579	0.00177	0.00250	0.01178	0.00401	0.00352
15	0.01066	0.01023	0.01748	0.02644	0.82174	0.01023	0.01322	0.01322	0.00981	0.01407	0.00810	0.01066	0.00682	0.00384	0.00426	0.00128	0.00512	0.00384	0.00213	0.00682
16	0.01226	0.01007	0.01096	0.00988	0.04844	0.01142	0.00748	0.23761	0.55991	0.02034	0.01513	0.01426	0.01127	0.00557	0.00436	0.00141	0.00385	0.00455	0.00426	0.00696
17	0.01107	0.01137	0.05408	0.02255	0.54805	0.03281	0.17128	0.05543	0.01051	0.02870	0.00844	0.01076	0.00676	0.00392	0.00441	0.00131	0.00563	0.00404	0.00230	0.00659
18	0.00975	0.03264	0.54698	0.08663	0.14418	0.03498	0.01426	0.01383	0.00942	0.05605	0.00821	0.00976	0.00597	0.00414	0.00412	0.00134	0.00599	0.00337	0.00207	0.00629
19	0.01049	0.03006	0.03709	0.01919	0.21622	0.03587	0.52024	0.01415	0.04644	0.01387	0.00882	0.01132	0.00683	0.00382	0.00475	0.00139	0.00651	0.00460	0.00225	0.00608
20	0.01061	0.00918	0.05110	0.41002	0.25707	0.00936	0.04326	0.01334	0.00959	0.13127	0.00920	0.01161	0.00680	0.00428	0.00432	0.00137	0.00534	0.00393	0.00248	0.00586
21	0.01404	0.04406	0.09320	0.19654	0.03893	0.00777	0.00863	0.01626	0.01062	0.43785	0.01376	0.07789	0.01009	0.00550	0.00433	0.00137	0.00440	0.00462	0.00386	0.00627

[dist]
# distance from previous block
# <min> <max>
4	12

[block]
# block no. 10 follows, 61 sequences, length 13
# corresponding to MSA columns:
# 705-717
name=unknown_K
#
# <colnr> <probs for GDERKNQSTAVLIFYWHMCP>
#	G	D	E	R	K	N	Q	S	T	A	V	L	I	F	Y	W	H	M	C	P
0	0.01060	0.01082	0.08351	0.03544	0.24747	0.01057	0.04806	0.04166	0.42947	0.01639	0.01307	0.01340	0.00998	0.00495	0.00435	0.00139	0.00444	0.00438	0.00334	0.00670
1	0.00516	0.00408	0.00466	0.00512	0.00602	0.00357	0.00361	0.00610	0.00910	0.01134	0.03449	0.41140	0.45596	0.01210	0.00528	0.00159	0.00233	0.01054	0.00400	0.00357
2	0.01172	0.00975	0.01031	0.00897	0.01158	0.01118	0.00706	0.16202	0.67320	0.01964	0.01626	0.01506	0.01212	0.00572	0.00437	0.00143	0.00365	0.00469	0.00437	0.00691
3	0.00529	0.00387	0.00499	0.00586	0.00629	0.00357	0.00401	0.00612	0.00850	0.01114	0.02616	0.71903	0.12569	0.01312	0.00546	0.00172	0.00251	0.03914	0.00400	0.00353
4	0.00864	0.02228	0.82630	0.01228	0.01864	0.01000	0.01592	0.01364	0.00909	0.01364	0.00773	0.00909	0.00546	0.00409	0.00409	0.00136	0.00637	0.00318	0.00182	0.00637
5	0.01031	0.37440	0.45008	0.01000	0.01509	0.01285	0.01188	0.01363	0.00908	0.04613	0.00738	0.00840	0.00571	0.00397	0.00354	0.00117	0.00550	0.00286	0.00198	0.00605
6	0.00632	0.00416	0.00474	0.00474	0.00474	0.00416	0.00266	0.00623	0.00623	0.00831	0.01328	0.02747	0.01527	0.80912	0.02168	0.04542	0.00416	0.00614	0.00258	0.00258
7	0.00521	0.00389	0.00485	0.00562	0.00615	0.00353	0.00383	0.00604	0.00861	0.01114	0.02832	0.66069	0.21065	0.01290	0.00540	0.00168	0.00243	0.01152	0.00400	0.00353
8	0.00880	0.06961	0.78040	0.01200	0.01821	0.01041	0.01543	0.01360	0.00907	0.01344	0.00763	0.00897	0.00546	0.00407	0.00402	0.00134	0.00627	0.00313	0.00182	0.00632
9	0.01190	0.00898	0.00972	0.00831	0.01069	0.03033	0.00658	0.26907	0.27450	0.06997	0.13675	0.07719	0.03166	0.00682	0.00459	0.00141	0.00368	0.02729	0.00437	0.00617
10	0.00868	0.02090	0.74043	0.06383	0.01950	0.01002	0.05055	0.01348	0.00911	0.01348	0.00777	0.00935	0.00552	0.00409	0.00415	0.00137	0.00637	0.00331	0.00184	0.00624
11	0.00813	0.00766	0.01292	0.83826	0.02967	0.00957	0.01196	0.01101	0.00861	0.01101	0.00766	0.01148	0.00574	0.00431	0.00431	0.00144	0.00574	0.00383	0.00191	0.00479
12	0.11522	0.04578	0.06717	0.01009	0.01140	0.05876	0.00874	0.04548	0.00812	0.04152	0.00731	0.04605	0.00677	0.00662	0.00986	0.00165	0.49826	0.00384	0.00231	0.00502

[dist]
# distance from previous block
# <min> <max>
3	8

[block]
# block no. 11 follows, 61 sequences, length 27
# corresponding to MSA columns:
# 726-752
name=unknown_L
#
# <colnr> <probs for GDERKNQSTAVLIFYWHMCP>
#	G	D	E	R	K	N	Q	S	T	A	V	L	I	F	Y	W	H	M	C	P
0	0.25556	0.00979	0.01049	0.02992	0.02519	0.01085	0.03790	0.24952	0.23751	0.02041	0.01080	0.01100	0.00807	0.00480	0.00383	0.00132	0.00400	0.00368	0.00358	0.06178
1	0.11500	0.01162	0.03350	0.03455	0.34731	0.13932	0.00977	0.04538	0.14367	0.03345	0.00944	0.01066	0.00745	0.00436	0.00399	0.00127	0.00497	0.00361	0.00274	0.03795
2	0.03287	0.00438	0.00575	0.00621	0.00668	0.00425	0.02609	0.02599	0.00824	0.01129	0.02078	0.64230	0.02453	0.14970	0.00806	0.00212	0.00299	0.01056	0.00369	0.00355
3	0.01039	0.00897	0.00943	0.00852	0.01089	0.01031	0.00662	0.02194	0.76814	0.01766	0.01902	0.01752	0.05912	0.00613	0.00442	0.00146	0.00334	0.00511	0.00436	0.00664
4	0.00893	0.00766	0.00893	0.00638	0.01021	0.00574	0.00510	0.01085	0.00893	0.01404	0.00766	0.00893	0.00638	0.00319	0.00319	0.00064	0.00319	0.00255	0.00255	0.87495
5	0.00557	0.00438	0.00502	0.00486	0.00611	0.00384	0.00365	0.00710	0.01094	0.01430	0.41020	0.03707	0.45177	0.00992	0.00509	0.00141	0.00211	0.00848	0.00435	0.00384
6	0.01093	0.00963	0.00978	0.00877	0.01116	0.04588	0.00681	0.04605	0.72256	0.01795	0.04942	0.01619	0.01376	0.00588	0.00439	0.00144	0.00358	0.00487	0.00430	0.00664
7	0.00990	0.00708	0.05056	0.00738	0.03273	0.00553	0.00595	0.01179	0.01021	0.18198	0.13385	0.11074	0.06159	0.00690	0.00440	0.00124	0.00328	0.07919	0.00377	0.27193
8	0.00957	0.07837	0.68812	0.01223	0.05027	0.01028	0.01463	0.01402	0.00930	0.06268	0.00819	0.00934	0.00583	0.00413	0.00402	0.00133	0.00603	0.00322	0.00205	0.00639
9	0.01435	0.01357	0.01162	0.00986	0.01261	0.25108	0.00776	0.30763	0.29030	0.01917	0.01173	0.01156	0.00881	0.00519	0.00421	0.00130	0.00517	0.00390	0.00372	0.00647
10	0.00626	0.00418	0.00470	0.00470	0.00470	0.00418	0.00261	0.00626	0.00626	0.00835	0.01357	0.02819	0.01566	0.84862	0.02192	0.00418	0.00418	0.00626	0.00261	0.00261
11	0.01770	0.00779	0.01125	0.03241	0.08474	0.00704	0.03334	0.01984	0.03411	0.68076	0.01568	0.01415	0.01012	0.00513	0.00435	0.00134	0.00396	0.00431	0.00482	0.00715
12	0.00964	0.01388	0.28020	0.01970	0.44130	0.00986	0.07040	0.01299	0.00963	0.01388	0.03390	0.01180	0.03208	0.00433	0.00447	0.00134	0.01807	0.00399	0.00217	0.00639
13	0.00748	0.00374	0.00561	0.00561	0.00561	0.00374	0.00374	0.00561	0.00561	0.00748	0.00748	0.01309	0.00748	0.01496	0.01684	0.87467	0.00374	0.00374	0.00187	0.00187
14	0.01066	0.01023	0.01748	0.02644	0.82174	0.01023	0.01322	0.01322	0.00981	0.01407	0.00810	0.01066	0.00682	0.00384	0.00426	0.00128	0.00512	0.00384	0.00213	0.00682
15	0.01029	0.00993	0.05101	0.09819	0.43867	0.00947	0.11671	0.04560	0.01019	0.04732	0.01100	0.04650	0.03088	0.00501	0.00454	0.00139	0.00519	0.04942	0.00255	0.00614
16	0.04859	0.12945	0.29362	0.03112	0.13001	0.18328	0.01127	0.01509	0.09359	0.01322	0.00827	0.00944	0.00645	0.00426	0.00387	0.00125	0.00579	0.00323	0.00226	0.00597
17	0.00897	0.00906	0.01422	0.44473	0.02221	0.04590	0.11110	0.01127	0.00847	0.01119	0.00856	0.01192	0.03651	0.00535	0.00707	0.00155	0.23091	0.00412	0.00203	0.00486
18	0.00716	0.00615	0.00883	0.07922	0.12874	0.02398	0.03689	0.00897	0.00982	0.01288	0.12529	0.18351	0.15916	0.00934	0.00514	0.00158	0.00366	0.18174	0.00353	0.00441
19	0.01103	0.29184	0.05992	0.00803	0.03704	0.04160	0.00697	0.12580	0.04155	0.08027	0.01849	0.01815	0.23038	0.00616	0.00398	0.00122	0.00407	0.00477	0.00319	0.00553
20	0.01063	0.01204	0.13962	0.05848	0.56249	0.01025	0.06573	0.04435	0.01014	0.03296	0.00836	0.01060	0.00666	0.00397	0.00430	0.00131	0.00543	0.00383	0.00224	0.00663
21	0.00997	0.01033	0.06253	0.21067	0.59545	0.01007	0.01309	0.01274	0.00950	0.01335	0.00798	0.01076	0.00650	0.00396	0.00426	0.00132	0.00533	0.00380	0.00206	0.00633
22	0.01081	0.08048	0.19138	0.00968	0.05810	0.02334	0.04980	0.01352	0.04132	0.20487	0.01752	0.14899	0.11831	0.00679	0.00446	0.00139	0.00430	0.00581	0.00343	0.00569
23	0.02560	0.08250	0.03227	0.05607	0.01269	0.26586	0.00749	0.03463	0.01156	0.34815	0.02700	0.03898	0.00923	0.00572	0.02204	0.00137	0.00534	0.00391	0.00361	0.00598
24	0.01056	0.08441	0.48215	0.01119	0.01616	0.00979	0.07767	0.04632	0.01005	0.12511	0.01034	0.04853	0.00812	0.00496	0.00424	0.00137	0.00560	0.03463	0.00261	0.00620
25	0.04699	0.05833	0.45947	0.13621	0.07630	0.01012	0.05307	0.01352	0.01841	0.05626	0.00861	0.01023	0.01501	0.00426	0.00421	0.00136	0.01596	0.00349	0.00215	0.00602
26	0.01069	0.03579	0.25334	0.01679	0.26675	0.10065	0.12797	0.05046	0.01035	0.02275	0.00898	0.04227	0.00748	0.00456	0.00434	0.00134	0.00592	0.02112	0.00230	0.00615

[dist]
# distance from previous block
# <min> <max>
6	23

[block]
# block no. 12 follows, 61 sequences, length 9
# corresponding to MSA columns:
# 776-784
name=unknown_M
#
# <colnr> <probs for GDERKNQSTAVLIFYWHMCP>
#	G	D	E	R	K	N	Q	S	T	A	V	L	I	F	Y	W	H	M	C	P
0	0.01308	0.01054	0.01078	0.00903	0.01177	0.04587	0.00720	0.34216	0.40435	0.02131	0.01392	0.01338	0.01032	0.00546	0.00424	0.00135	0.00405	0.00432	0.06012	0.00677
1	0.87904	0.00833	0.00633	0.00566	0.00833	0.00966	0.00467	0.01266	0.00733	0.01933	0.00600	0.00700	0.00467	0.00400	0.00267	0.00133	0.00333	0.00233	0.00267	0.00467
2	0.00831	0.00784	0.01324	0.78061	0.08592	0.00962	0.01205	0.01116	0.00870	0.01122	0.00769	0.01143	0.00582	0.00427	0.00430	0.00142	0.00570	0.00383	0.00193	0.00493
3	0.01180	0.20962	0.40568	0.01023	0.01512	0.01087	0.04091	0.01538	0.03313	0.19335	0.00971	0.01012	0.00689	0.00431	0.00388	0.00126	0.00531	0.00335	0.00269	0.00638
4	0.00559	0.00414	0.00526	0.00573	0.00647	0.00381	0.00416	0.00685	0.00970	0.01289	0.22969	0.41504	0.17740	0.01167	0.00536	0.00162	0.00246	0.08426	0.00418	0.00371
5	0.00592	0.00425	0.00481	0.00487	0.00538	0.00402	0.00314	0.00650	0.00796	0.01034	0.09926	0.08050	0.22095	0.48086	0.01459	0.00301	0.00336	0.03390	0.00329	0.00310
6	0.00833	0.11236	0.25316	0.01006	0.01334	0.00879	0.12620	0.03472	0.05060	0.01292	0.01396	0.30825	0.01430	0.00745	0.00460	0.00146	0.00471	0.00670	0.00286	0.00521
