[name]
unknown

[dist]
# distance from previous block
# <min> <max>
5	51

[block]
# block no. 0 follows, 68 sequences, length 8
# corresponding to MSA columns:
# 60-67
name=unknown_A
#
# <colnr> <probs for GDERKNQSTAVLIFYWHMCP>
#	G	D	E	R	K	N	Q	S	T	A	V	L	I	F	Y	W	H	M	C	P
0	0.00930	0.00884	0.01460	0.06980	0.57938	0.00900	0.04932	0.01214	0.05842	0.01303	0.05296	0.01115	0.00820	0.00400	0.00428	0.00120	0.03481	0.00378	0.00222	0.05358
1	0.01313	0.06705	0.01347	0.01228	0.11840	0.53799	0.08485	0.03770	0.05745	0.01120	0.00711	0.00828	0.00579	0.00400	0.00370	0.00108	0.00631	0.00299	0.00218	0.00507
2	0.01167	0.00926	0.01092	0.02597	0.14428	0.08109	0.02935	0.17017	0.15525	0.12404	0.03228	0.04579	0.00978	0.00496	0.00395	0.00118	0.00407	0.02941	0.00333	0.10324
3	0.00870	0.00739	0.03870	0.00647	0.00838	0.05677	0.00524	0.18361	0.04166	0.04481	0.26873	0.07961	0.19173	0.00731	0.00435	0.00125	0.00307	0.00613	0.00379	0.03231
4	0.77739	0.00824	0.04271	0.00564	0.00822	0.00886	0.00487	0.04718	0.00752	0.01780	0.03785	0.00756	0.00572	0.00390	0.00266	0.00123	0.00320	0.00244	0.00256	0.00445
5	0.00483	0.00345	0.00460	0.00552	0.00575	0.00322	0.00368	0.00552	0.00759	0.01012	0.02185	0.85807	0.02622	0.01242	0.00506	0.00161	0.00230	0.01127	0.00368	0.00322
6	0.88866	0.00767	0.00583	0.00521	0.00767	0.00889	0.00429	0.01166	0.00675	0.01779	0.00552	0.00644	0.00429	0.00368	0.00245	0.00123	0.00307	0.00215	0.00245	0.00429
7	0.01014	0.01111	0.01237	0.45550	0.15448	0.26818	0.01016	0.01223	0.00913	0.01046	0.00683	0.00939	0.00539	0.00393	0.00384	0.00120	0.00577	0.00322	0.00188	0.00477

[dist]
# distance from previous block
# <min> <max>
0	15

[block]
# block no. 1 follows, 68 sequences, length 10
# corresponding to MSA columns:
# 83-92
name=unknown_B
#
# <colnr> <probs for GDERKNQSTAVLIFYWHMCP>
#	G	D	E	R	K	N	Q	S	T	A	V	L	I	F	Y	W	H	M	C	P
0	0.01599	0.00796	0.01016	0.00790	0.01091	0.00775	0.03201	0.17862	0.11516	0.54822	0.01425	0.01278	0.00937	0.00489	0.00401	0.00124	0.00365	0.00399	0.00452	0.00664
1	0.00480	0.00379	0.00434	0.00470	0.00555	0.00332	0.00333	0.00573	0.00858	0.01079	0.08209	0.37516	0.45198	0.01090	0.00484	0.00144	0.00212	0.00949	0.00372	0.00332
2	0.00812	0.00583	0.00890	0.05884	0.05390	0.00550	0.10358	0.00987	0.00934	0.13514	0.02306	0.05458	0.26882	0.00809	0.00473	0.00146	0.00358	0.22883	0.00345	0.00439
3	0.01312	0.01505	0.01189	0.01222	0.14709	0.51600	0.00830	0.09239	0.03983	0.01192	0.00714	0.00850	0.00589	0.00525	0.03621	0.00132	0.05752	0.00300	0.00227	0.00508
4	0.01225	0.26303	0.01511	0.12115	0.05943	0.07800	0.08373	0.11123	0.01047	0.17831	0.02530	0.00986	0.00707	0.00409	0.00360	0.00111	0.00466	0.00331	0.00275	0.00555
5	0.00793	0.00751	0.01287	0.61088	0.17667	0.00873	0.05180	0.01042	0.00809	0.01066	0.00745	0.01123	0.00598	0.04811	0.00483	0.00143	0.00517	0.00370	0.00184	0.00470
6	0.04043	0.00716	0.03522	0.13784	0.04557	0.00706	0.12232	0.04770	0.06137	0.10548	0.05309	0.01684	0.02454	0.25026	0.02657	0.00212	0.00448	0.00466	0.00278	0.00450
7	0.24247	0.00875	0.01319	0.05008	0.39380	0.00911	0.10357	0.02655	0.03638	0.03401	0.00806	0.01070	0.00663	0.00398	0.00369	0.00125	0.00440	0.03555	0.00233	0.00548
8	0.12355	0.08863	0.38326	0.02616	0.16850	0.06143	0.03550	0.03057	0.00864	0.01304	0.00682	0.00828	0.00525	0.00377	0.00372	0.00120	0.02128	0.00293	0.00192	0.00554
9	0.20452	0.01163	0.01024	0.07718	0.01238	0.30656	0.05737	0.01483	0.03904	0.17347	0.00845	0.00906	0.00621	0.00409	0.00350	0.00114	0.00499	0.00301	0.00275	0.04959

[dist]
# distance from previous block
# <min> <max>
5	36

[block]
# block no. 2 follows, 68 sequences, length 32
# corresponding to MSA columns:
# 209-240
name=unknown_C
#
# <colnr> <probs for GDERKNQSTAVLIFYWHMCP>
#	G	D	E	R	K	N	Q	S	T	A	V	L	I	F	Y	W	H	M	C	P
0	0.02293	0.03142	0.00721	0.04636	0.00793	0.03861	0.00474	0.05901	0.09597	0.02883	0.03321	0.01213	0.00816	0.01034	0.01102	0.54760	0.00366	0.00357	0.00230	0.02500
1	0.00882	0.00666	0.00708	0.00630	0.00782	0.09020	0.00487	0.08263	0.04375	0.10138	0.49876	0.02310	0.04020	0.00793	0.03889	0.00144	0.00322	0.01844	0.00402	0.00449
2	0.05194	0.00900	0.01390	0.10035	0.56405	0.03403	0.01047	0.01244	0.00900	0.07708	0.00789	0.00981	0.00630	0.00366	0.00378	0.00115	0.00452	0.00338	0.00223	0.07506
3	0.00542	0.00389	0.00527	0.00616	0.00668	0.00374	0.00470	0.00655	0.00821	0.01080	0.02196	0.52883	0.04394	0.01181	0.00521	0.00169	0.00281	0.31529	0.00367	0.00339
4	0.00898	0.00774	0.01300	0.57530	0.13031	0.00892	0.06420	0.03578	0.00871	0.07623	0.00787	0.01063	0.00586	0.00404	0.00423	0.00130	0.02617	0.00364	0.00212	0.00497
5	0.01507	0.01111	0.01190	0.00912	0.01230	0.01230	0.00754	0.82270	0.01864	0.02499	0.00952	0.00952	0.00674	0.00476	0.00397	0.00119	0.00436	0.00357	0.00397	0.00674
6	0.00541	0.00405	0.00503	0.00478	0.00580	0.00366	0.00359	0.00710	0.01076	0.01479	0.66390	0.03145	0.20804	0.00852	0.00468	0.00127	0.00190	0.00743	0.00422	0.00366
7	0.00986	0.00852	0.00897	0.00807	0.01031	0.00986	0.00628	0.02107	0.82876	0.01659	0.01614	0.01479	0.01210	0.00538	0.00403	0.00134	0.00314	0.00448	0.00403	0.00628
8	0.00878	0.01368	0.29665	0.01390	0.01791	0.01008	0.42256	0.01216	0.00851	0.01216	0.00728	0.00960	0.00555	0.00405	0.00568	0.00137	0.13898	0.00390	0.00185	0.00536
9	0.00846	0.01698	0.54640	0.01325	0.01844	0.00950	0.30482	0.01261	0.00873	0.01261	0.00744	0.00921	0.00538	0.00361	0.00409	0.00128	0.00616	0.00356	0.00179	0.00568
10	0.24596	0.01022	0.01008	0.14252	0.07313	0.16094	0.01694	0.11860	0.08634	0.07645	0.00832	0.00924	0.00624	0.00416	0.00349	0.00120	0.00452	0.00311	0.00275	0.01579
11	0.01448	0.36437	0.01432	0.00720	0.01039	0.02955	0.00642	0.08877	0.01063	0.40059	0.01065	0.01002	0.00746	0.00424	0.00337	0.00106	0.00391	0.00314	0.00342	0.00601
12	0.00491	0.00355	0.00467	0.00554	0.00587	0.00331	0.00380	0.00569	0.00776	0.01025	0.02278	0.76705	0.06895	0.01221	0.00507	0.00161	0.00236	0.05769	0.00368	0.00325
13	0.01029	0.70882	0.15002	0.00758	0.01133	0.03537	0.00805	0.01208	0.00819	0.00985	0.00578	0.00670	0.00508	0.00347	0.00276	0.00092	0.00457	0.00226	0.00170	0.00520
14	0.00874	0.05532	0.74790	0.01082	0.01638	0.00925	0.01371	0.01300	0.00856	0.06953	0.00764	0.00864	0.00536	0.00383	0.00373	0.00124	0.00562	0.00297	0.00190	0.00589
15	0.00577	0.00384	0.00432	0.00432	0.00432	0.00384	0.00240	0.00577	0.00577	0.00769	0.01249	0.02595	0.01441	0.86066	0.02018	0.00384	0.00384	0.00577	0.00240	0.00240
16	0.00486	0.00346	0.00459	0.00548	0.00570	0.00324	0.00364	0.00553	0.00753	0.01004	0.02154	0.82991	0.02582	0.04112	0.00557	0.00169	0.00235	0.01109	0.00364	0.00319
17	0.01533	0.01318	0.01097	0.00909	0.01176	0.33879	0.00718	0.30857	0.04529	0.18632	0.00970	0.00961	0.00694	0.00455	0.00382	0.00114	0.00521	0.00329	0.00341	0.00588
18	0.01025	0.00933	0.00914	0.00824	0.01046	0.07549	0.00638	0.02066	0.76450	0.01604	0.01535	0.01419	0.01155	0.00528	0.00400	0.00132	0.00345	0.00433	0.00388	0.00614
19	0.01779	0.00675	0.00920	0.00705	0.01012	0.00583	0.00583	0.01932	0.01135	0.83867	0.01564	0.01350	0.00981	0.00491	0.00399	0.00123	0.00337	0.00399	0.00491	0.00675
20	0.01070	0.01544	0.49302	0.01095	0.01576	0.00864	0.12534	0.03883	0.02264	0.20612	0.00945	0.01003	0.00645	0.00403	0.00396	0.00126	0.00531	0.00347	0.00258	0.00603
21	0.00498	0.00357	0.00481	0.00568	0.00598	0.00340	0.00392	0.00578	0.00763	0.01019	0.02120	0.76061	0.02514	0.01325	0.04970	0.00188	0.00283	0.06261	0.00360	0.00327
22	0.05931	0.00679	0.00904	0.00697	0.01000	0.00597	0.00575	0.01896	0.01113	0.79953	0.01516	0.01316	0.00955	0.00485	0.00391	0.00123	0.00336	0.00390	0.00479	0.00663
23	0.36613	0.37650	0.13450	0.00688	0.01022	0.02823	0.00694	0.01196	0.00763	0.01324	0.00576	0.00670	0.00476	0.00358	0.00271	0.00106	0.00406	0.00226	0.00201	0.00487
24	0.01012	0.00836	0.01056	0.01067	0.13121	0.00914	0.05006	0.01833	0.55532	0.07291	0.05348	0.01500	0.01217	0.00520	0.00411	0.00132	0.00352	0.01875	0.00369	0.00609
25	0.01050	0.70476	0.11174	0.00770	0.01131	0.05887	0.02630	0.01218	0.00829	0.00979	0.00578	0.00673	0.00510	0.00347	0.00278	0.00091	0.00463	0.00229	0.00172	0.00515
26	0.00577	0.00384	0.00432	0.00432	0.00432	0.00384	0.00240	0.00577	0.00577	0.00769	0.01249	0.02595	0.01441	0.86066	0.02018	0.00384	0.00384	0.00577	0.00240	0.00240
27	0.01055	0.00817	0.00905	0.05260	0.01105	0.00921	0.00639	0.05875	0.62371	0.09963	0.01643	0.01529	0.05045	0.00545	0.00405	0.00132	0.00328	0.00452	0.00398	0.00611
28	0.01717	0.00689	0.00918	0.00713	0.01014	0.00614	0.00586	0.01946	0.07560	0.77405	0.01568	0.01360	0.00999	0.00494	0.00399	0.00124	0.00336	0.00403	0.00484	0.00671
29	0.00829	0.15722	0.64701	0.01033	0.01549	0.00999	0.02740	0.01218	0.00849	0.01221	0.05078	0.00921	0.00677	0.00393	0.00363	0.00119	0.00540	0.00305	0.00183	0.00561
30	0.00874	0.00833	0.01416	0.40421	0.46440	0.00914	0.01164	0.01123	0.00852	0.01166	0.00727	0.01016	0.00582	0.00373	0.00394	0.00124	0.00497	0.00353	0.00187	0.00542
31	0.03320	0.03333	0.03139	0.17301	0.01380	0.02967	0.08637	0.04217	0.05520	0.01203	0.02410	0.05461	0.05185	0.00720	0.01695	0.00156	0.11672	0.20969	0.00271	0.00443

[dist]
# distance from previous block
# <min> <max>
0	1

[block]
# block no. 3 follows, 68 sequences, length 8
# corresponding to MSA columns:
# 242-249
name=unknown_D
#
# <colnr> <probs for GDERKNQSTAVLIFYWHMCP>
#	G	D	E	R	K	N	Q	S	T	A	V	L	I	F	Y	W	H	M	C	P
0	0.01257	0.01488	0.01293	0.01194	0.07919	0.49099	0.08034	0.04011	0.00998	0.01069	0.00631	0.00810	0.00536	0.00463	0.00581	0.00123	0.19505	0.00306	0.00203	0.00481
1	0.12279	0.00496	0.00555	0.00528	0.00658	0.00495	0.00406	0.03250	0.05442	0.01506	0.43761	0.07519	0.16447	0.00798	0.00439	0.00131	0.00230	0.04277	0.00389	0.00394
2	0.00889	0.00835	0.01370	0.13865	0.43471	0.00869	0.07511	0.01247	0.11734	0.01339	0.11792	0.01327	0.01100	0.00443	0.00411	0.00124	0.00437	0.00423	0.00253	0.00560
3	0.00559	0.00462	0.00497	0.00478	0.00614	0.00430	0.00362	0.00815	0.11801	0.01271	0.22421	0.03305	0.53755	0.00897	0.00460	0.00132	0.00213	0.00757	0.00389	0.00383
4	0.00490	0.00402	0.00431	0.00424	0.00549	0.00344	0.00318	0.00610	0.00954	0.01191	0.22285	0.03619	0.65088	0.00960	0.00468	0.00132	0.00198	0.00809	0.00384	0.00344
5	0.01010	0.00927	0.01265	0.09487	0.11305	0.08928	0.11438	0.07639	0.00937	0.07922	0.01194	0.01348	0.11564	0.00556	0.00646	0.00137	0.22522	0.00425	0.00252	0.00499
6	0.04472	0.04325	0.01043	0.00920	0.06685	0.03587	0.07918	0.03639	0.28458	0.08178	0.10557	0.05929	0.03961	0.00593	0.00436	0.00131	0.02405	0.04763	0.00347	0.01654
7	0.11912	0.30591	0.03132	0.00691	0.01000	0.01046	0.00620	0.06445	0.03036	0.13478	0.00789	0.00841	0.00615	0.00389	0.00355	0.00099	0.04966	0.00269	0.00261	0.19463

[dist]
# distance from previous block
# <min> <max>
4	11

[block]
# block no. 4 follows, 68 sequences, length 60
# corresponding to MSA columns:
# 283-290,305-311,319-336,338-364
name=unknown_E
#
# <colnr> <probs for GDERKNQSTAVLIFYWHMCP>
#	G	D	E	R	K	N	Q	S	T	A	V	L	I	F	Y	W	H	M	C	P
0	0.11100	0.00458	0.00569	0.00557	0.00636	0.00503	0.00408	0.00752	0.00658	0.03173	0.03478	0.03910	0.02440	0.26030	0.43112	0.00457	0.00702	0.00474	0.00244	0.00339
1	0.02002	0.00456	0.00562	0.00607	0.00675	0.00458	0.00431	0.08444	0.05245	0.01208	0.02008	0.68508	0.02313	0.01112	0.00488	0.00156	0.00261	0.04320	0.00371	0.00375
2	0.00489	0.00353	0.00464	0.00551	0.00583	0.00328	0.00376	0.00564	0.00774	0.01023	0.02285	0.77818	0.07143	0.01223	0.00506	0.00160	0.00234	0.04434	0.00368	0.00325
3	0.01312	0.01014	0.01080	0.00873	0.01155	0.01138	0.00706	0.52248	0.32204	0.02184	0.01200	0.01149	0.00875	0.00499	0.00399	0.00125	0.00390	0.00391	0.00399	0.00657
4	0.04056	0.04058	0.15896	0.02101	0.05935	0.20776	0.03468	0.01563	0.03858	0.28460	0.00995	0.01005	0.00700	0.00419	0.00372	0.00114	0.00492	0.00326	0.00300	0.05105
5	0.01169	0.12070	0.29878	0.01028	0.02334	0.01912	0.13443	0.02375	0.03724	0.25895	0.00990	0.01024	0.00689	0.00409	0.00392	0.00121	0.01324	0.00348	0.00281	0.00595
6	0.00835	0.05328	0.59844	0.04851	0.03835	0.00962	0.16340	0.01244	0.00854	0.01235	0.00722	0.00885	0.00525	0.00368	0.00390	0.00125	0.00589	0.00326	0.00175	0.00568
7	0.00826	0.01561	0.54082	0.13955	0.07576	0.00864	0.01272	0.01216	0.02202	0.04217	0.02247	0.01193	0.00720	0.00441	0.00395	0.00130	0.00534	0.05812	0.00204	0.00552
8	0.09445	0.00878	0.10681	0.29300	0.12701	0.00807	0.06542	0.03610	0.00871	0.05104	0.02774	0.08443	0.06177	0.00508	0.00399	0.00130	0.00450	0.00447	0.00242	0.00488
9	0.05693	0.02673	0.17139	0.06770	0.17454	0.05983	0.02177	0.03179	0.08068	0.17887	0.01929	0.01267	0.04902	0.01487	0.00407	0.00127	0.00446	0.01556	0.00287	0.00568
10	0.00827	0.00505	0.00671	0.04920	0.02996	0.00484	0.00497	0.02454	0.04616	0.17223	0.23090	0.25564	0.08786	0.00848	0.00459	0.00139	0.00273	0.04810	0.00397	0.00441
11	0.00850	0.03320	0.00885	0.15471	0.06695	0.15462	0.00654	0.03705	0.02113	0.03585	0.17123	0.22829	0.04294	0.00713	0.00429	0.00130	0.00392	0.00615	0.00306	0.00430
12	0.13690	0.01024	0.12097	0.11504	0.13437	0.00904	0.15070	0.08949	0.03134	0.15064	0.00896	0.01010	0.00644	0.00399	0.00385	0.00125	0.00474	0.00356	0.00271	0.00567
13	0.00933	0.00886	0.01504	0.06894	0.73178	0.00894	0.01150	0.01158	0.00886	0.01259	0.00846	0.07035	0.00765	0.00419	0.00401	0.00122	0.00457	0.00408	0.00207	0.00596
14	0.00908	0.00982	0.01850	0.01418	0.03091	0.01091	0.46272	0.01135	0.00796	0.01137	0.00682	0.00982	0.00568	0.00487	0.00820	0.00150	0.36535	0.00415	0.00189	0.00494
15	0.00915	0.06864	0.08947	0.28024	0.15338	0.04647	0.11327	0.02734	0.00898	0.05142	0.03315	0.02805	0.00814	0.01858	0.00430	0.00131	0.00506	0.04575	0.00224	0.00507
16	0.01101	0.06094	0.20073	0.03554	0.05416	0.00777	0.08953	0.03575	0.03060	0.25658	0.04911	0.06400	0.03852	0.00535	0.00410	0.00128	0.00431	0.04194	0.00320	0.00560
17	0.01053	0.01178	0.01087	0.03227	0.06298	0.33656	0.03435	0.01154	0.00846	0.00968	0.00770	0.04833	0.00760	0.13650	0.00897	0.00171	0.24997	0.00385	0.00207	0.00425
18	0.01027	0.00941	0.12386	0.22628	0.24624	0.00815	0.03339	0.03277	0.00946	0.17206	0.06670	0.01218	0.00885	0.01814	0.00426	0.00129	0.00459	0.00386	0.00267	0.00558
19	0.12814	0.12456	0.05911	0.05757	0.17543	0.16368	0.07264	0.07185	0.00975	0.07504	0.00755	0.00899	0.00594	0.01893	0.00383	0.00119	0.00499	0.00311	0.00236	0.00535
20	0.02334	0.08508	0.09875	0.40993	0.19140	0.04652	0.04396	0.02414	0.00854	0.01134	0.00699	0.00956	0.00548	0.00383	0.00391	0.00123	0.01573	0.00332	0.00186	0.00509
21	0.00483	0.00345	0.00460	0.00552	0.00575	0.00322	0.00368	0.00552	0.00759	0.01012	0.02185	0.85807	0.02622	0.01242	0.00506	0.00161	0.00230	0.01127	0.00368	0.00322
22	0.00864	0.00759	0.00926	0.13403	0.03891	0.00846	0.03633	0.04863	0.44776	0.01450	0.01888	0.01845	0.17971	0.00597	0.00418	0.00133	0.00346	0.00508	0.00348	0.00538
23	0.00545	0.00403	0.00509	0.00486	0.00583	0.00367	0.00363	0.00716	0.01079	0.01496	0.69199	0.05506	0.15572	0.00852	0.00469	0.00127	0.00190	0.00747	0.00424	0.00367
24	0.00822	0.00705	0.00822	0.00587	0.00940	0.00529	0.00470	0.00998	0.00822	0.01292	0.00705	0.00822	0.00587	0.00294	0.00294	0.00059	0.00294	0.00235	0.00235	0.88490
25	0.00762	0.00724	0.01238	0.79773	0.05553	0.00887	0.03470	0.01028	0.00801	0.01030	0.00709	0.01055	0.00534	0.00393	0.00398	0.00132	0.00531	0.00356	0.00178	0.00450
26	0.00749	0.00705	0.01189	0.85113	0.02731	0.00881	0.01101	0.01013	0.00793	0.01013	0.00705	0.01057	0.00529	0.00396	0.00396	0.00132	0.00529	0.00352	0.00176	0.00440
27	0.00822	0.00705	0.00822	0.00587	0.00940	0.00529	0.00470	0.00998	0.00822	0.01292	0.00705	0.00822	0.00587	0.00294	0.00294	0.00059	0.00294	0.00235	0.00235	0.88490
28	0.03921	0.01774	0.06034	0.03576	0.26366	0.00848	0.03918	0.01186	0.00843	0.11483	0.02323	0.01033	0.00705	0.00575	0.05203	0.00149	0.14996	0.00344	0.00240	0.14483
29	0.00689	0.00344	0.00517	0.00517	0.00517	0.00344	0.00344	0.00517	0.00517	0.00689	0.00689	0.01205	0.00689	0.01377	0.01550	0.88464	0.00344	0.00344	0.00172	0.00172
30	0.01135	0.44928	0.04162	0.00825	0.03083	0.15771	0.00717	0.05545	0.15258	0.02399	0.00805	0.00872	0.00666	0.01872	0.00345	0.00106	0.00460	0.00283	0.00235	0.00533
31	0.01134	0.01191	0.19877	0.05412	0.26792	0.02263	0.02498	0.17210	0.06892	0.11434	0.00935	0.01024	0.00685	0.00415	0.00392	0.00122	0.00473	0.00353	0.00278	0.00620
32	0.02560	0.16225	0.04981	0.03447	0.05577	0.08951	0.06986	0.24486	0.11824	0.05436	0.00914	0.01002	0.00705	0.02512	0.00433	0.00123	0.02629	0.00344	0.00290	0.00575
33	0.00849	0.00728	0.00970	0.00881	0.01075	0.00787	0.10328	0.01520	0.42051	0.01433	0.01701	0.02566	0.01544	0.00725	0.00466	0.00153	0.00375	0.30966	0.00365	0.00517
34	0.01074	0.02669	0.00984	0.00855	0.02744	0.01038	0.00662	0.15352	0.66083	0.01775	0.01464	0.01364	0.01095	0.00520	0.00399	0.00131	0.00340	0.00426	0.00393	0.00633
35	0.01016	0.00784	0.01142	0.16571	0.24578	0.00774	0.00838	0.02758	0.06379	0.13359	0.00922	0.01083	0.00710	0.00396	0.00389	0.00108	0.02129	0.01406	0.00265	0.24394
36	0.01812	0.04302	0.14306	0.03483	0.01120	0.00669	0.11673	0.01112	0.02349	0.16104	0.05149	0.11572	0.02614	0.15516	0.06267	0.00208	0.00465	0.00523	0.00292	0.00466
37	0.00863	0.03305	0.42295	0.01364	0.01849	0.00963	0.39440	0.01252	0.00888	0.01262	0.02278	0.00982	0.00609	0.00364	0.00419	0.00129	0.00614	0.00382	0.00188	0.00556
38	0.00485	0.00354	0.00456	0.00532	0.00571	0.00326	0.00360	0.00563	0.00793	0.01045	0.06031	0.72353	0.12284	0.01195	0.00500	0.00156	0.00225	0.01074	0.00371	0.00326
39	0.00985	0.52431	0.28949	0.00875	0.01297	0.01304	0.04845	0.01232	0.00830	0.03120	0.00641	0.00741	0.00523	0.00355	0.00308	0.00101	0.00487	0.00256	0.00178	0.00540
40	0.00832	0.00801	0.05743	0.53769	0.12177	0.00846	0.03008	0.03025	0.02492	0.04655	0.03463	0.02979	0.02456	0.00450	0.00405	0.00131	0.00488	0.01574	0.00221	0.00485
41	0.00936	0.00886	0.04332	0.14049	0.04410	0.05101	0.29503	0.03529	0.00944	0.08811	0.01183	0.09721	0.01077	0.00574	0.00453	0.00140	0.00513	0.13077	0.00270	0.00491
42	0.00795	0.02051	0.84011	0.01130	0.01716	0.00921	0.01465	0.01256	0.00837	0.01256	0.00712	0.00837	0.00502	0.00377	0.00377	0.00126	0.00586	0.00293	0.00167	0.00586
43	0.00971	0.00999	0.01309	0.42208	0.27664	0.15717	0.01069	0.03304	0.00914	0.01132	0.00708	0.00970	0.00560	0.00387	0.00388	0.00122	0.00541	0.00336	0.00193	0.00509
44	0.00899	0.20415	0.44938	0.00938	0.01365	0.01849	0.03114	0.02356	0.02850	0.05981	0.00927	0.10950	0.00806	0.00482	0.00369	0.00121	0.00488	0.00389	0.00221	0.00542
45	0.03689	0.00914	0.01048	0.00808	0.01117	0.02634	0.00666	0.40972	0.01478	0.40661	0.01223	0.01127	0.00809	0.00479	0.00393	0.00120	0.00393	0.00371	0.00433	0.00664
46	0.00562	0.00378	0.00437	0.00451	0.00454	0.00375	0.00260	0.00573	0.00605	0.00806	0.01394	0.15432	0.01624	0.72980	0.01785	0.00350	0.00361	0.00662	0.00260	0.00253
47	0.00484	0.00347	0.00460	0.00548	0.00575	0.00323	0.00367	0.00555	0.00767	0.01022	0.03409	0.82906	0.04305	0.01231	0.00505	0.00160	0.00229	0.01115	0.00369	0.00323
48	0.01035	0.13702	0.38146	0.03559	0.01509	0.14173	0.09116	0.03582	0.00944	0.06928	0.03216	0.00921	0.00650	0.00396	0.00371	0.00117	0.00556	0.00316	0.00214	0.00548
49	0.00689	0.00344	0.00517	0.00517	0.00517	0.00344	0.00344	0.00517	0.00517	0.00689	0.00689	0.01205	0.00689	0.01377	0.01550	0.88464	0.00344	0.00344	0.00172	0.00172
50	0.00749	0.00705	0.01189	0.85113	0.02731	0.00881	0.01101	0.01013	0.00793	0.01013	0.00705	0.01057	0.00529	0.00396	0.00396	0.00132	0.00529	0.00352	0.00176	0.00440
51	0.00752	0.00708	0.01196	0.83825	0.03990	0.00882	0.01103	0.01016	0.00795	0.01017	0.00705	0.01056	0.00530	0.00396	0.00396	0.00132	0.00528	0.00352	0.00176	0.00443
52	0.44354	0.11873	0.09556	0.02469	0.14925	0.04196	0.02369	0.03896	0.00810	0.01506	0.00624	0.00748	0.00497	0.00368	0.00301	0.00117	0.00409	0.00259	0.00221	0.00501
53	0.00490	0.00350	0.00467	0.00556	0.00583	0.00328	0.00377	0.00565	0.00773	0.01032	0.04154	0.81256	0.02639	0.01227	0.00506	0.00161	0.00233	0.03609	0.00370	0.00325
54	0.01779	0.00675	0.00920	0.00705	0.01012	0.00583	0.00583	0.01932	0.01135	0.83867	0.01564	0.01350	0.00981	0.00491	0.00399	0.00123	0.00337	0.00399	0.00491	0.00675
55	0.00900	0.04854	0.39193	0.02420	0.02955	0.00949	0.11124	0.05425	0.08362	0.04129	0.02141	0.03319	0.00771	0.00506	0.01624	0.00139	0.07679	0.02721	0.00233	0.00554
56	0.00485	0.00346	0.00460	0.00550	0.00572	0.00323	0.00365	0.00553	0.00755	0.01007	0.02167	0.84143	0.02599	0.02939	0.00536	0.00165	0.00233	0.01116	0.00365	0.00320
57	0.00992	0.01058	0.07193	0.01411	0.01783	0.00950	0.56937	0.04293	0.09289	0.06717	0.03362	0.01215	0.00800	0.00398	0.00450	0.00132	0.00579	0.01633	0.00254	0.00554
58	0.00827	0.11132	0.73570	0.01092	0.01648	0.00992	0.02953	0.01249	0.00836	0.01221	0.00696	0.00820	0.00505	0.00372	0.00365	0.00121	0.00570	0.00288	0.00168	0.00577
59	0.03705	0.03964	0.08871	0.03015	0.03074	0.32936	0.01884	0.17898	0.10964	0.01455	0.05110	0.01002	0.00797	0.00459	0.00405	0.00117	0.03201	0.00334	0.00274	0.00535

[dist]
# distance from previous block
# <min> <max>
0	1

[block]
# block no. 5 follows, 68 sequences, length 54
# corresponding to MSA columns:
# 366-419
name=unknown_F
#
# <colnr> <probs for GDERKNQSTAVLIFYWHMCP>
#	G	D	E	R	K	N	Q	S	T	A	V	L	I	F	Y	W	H	M	C	P
0	0.01138	0.16101	0.23693	0.01081	0.04311	0.30141	0.08042	0.04964	0.00994	0.02175	0.02235	0.00838	0.00594	0.00395	0.00374	0.00111	0.01788	0.00296	0.00204	0.00525
1	0.10429	0.55779	0.03014	0.02078	0.03025	0.04799	0.04906	0.07895	0.00909	0.03110	0.00633	0.00723	0.00533	0.00361	0.00291	0.00098	0.00440	0.00250	0.00207	0.00520
2	0.00499	0.00353	0.00460	0.00539	0.00560	0.00333	0.00355	0.00561	0.00737	0.00981	0.02052	0.72565	0.02450	0.13128	0.00719	0.00193	0.00254	0.02599	0.00350	0.00311
3	0.00486	0.00350	0.00461	0.00543	0.00574	0.00325	0.00366	0.00562	0.00782	0.01042	0.06044	0.78546	0.06027	0.01212	0.00503	0.00158	0.00227	0.01096	0.00371	0.00325
4	0.00535	0.00383	0.00519	0.00606	0.00653	0.00366	0.00453	0.00645	0.00822	0.01091	0.05527	0.56809	0.02562	0.01178	0.00518	0.00166	0.00271	0.26188	0.00370	0.00338
5	0.00986	0.00852	0.00897	0.00807	0.01031	0.00986	0.00628	0.02107	0.82876	0.01659	0.01614	0.01479	0.01210	0.00538	0.00403	0.00134	0.00314	0.00448	0.00403	0.00628
6	0.00822	0.00705	0.00822	0.00587	0.00940	0.00529	0.00470	0.00998	0.00822	0.01292	0.00705	0.00822	0.00587	0.00294	0.00294	0.00059	0.00294	0.00235	0.00235	0.88490
7	0.00576	0.00387	0.00445	0.00445	0.00450	0.00391	0.00256	0.00585	0.00580	0.00778	0.01237	0.02529	0.01413	0.80792	0.07253	0.00400	0.00427	0.00567	0.00238	0.00247
8	0.00795	0.02051	0.84011	0.01130	0.01716	0.00921	0.01465	0.01256	0.00837	0.01256	0.00712	0.00837	0.00502	0.00377	0.00377	0.00126	0.00586	0.00293	0.00167	0.00586
9	0.00755	0.00711	0.01201	0.82862	0.04932	0.00883	0.01104	0.01019	0.00796	0.01021	0.00706	0.01055	0.00531	0.00395	0.00396	0.00132	0.00527	0.00352	0.00177	0.00446
10	0.01481	0.01890	0.01124	0.01021	0.01226	0.84474	0.00766	0.01583	0.01124	0.00970	0.00613	0.00715	0.00511	0.00409	0.00358	0.00102	0.00715	0.00255	0.00204	0.00460
11	0.00481	0.00366	0.00443	0.00500	0.00563	0.00328	0.00346	0.00565	0.00821	0.01054	0.05899	0.55428	0.29483	0.01147	0.00492	0.00151	0.00219	0.01015	0.00371	0.00328
12	0.00863	0.01973	0.72999	0.01142	0.01688	0.06235	0.04999	0.03342	0.00886	0.01270	0.00715	0.00843	0.00512	0.00379	0.00380	0.00124	0.00594	0.00300	0.00177	0.00578
13	0.00554	0.00402	0.00522	0.00497	0.00589	0.00370	0.00371	0.00732	0.01097	0.01543	0.76471	0.06690	0.06997	0.00838	0.00469	0.00127	0.00190	0.00740	0.00431	0.00370
14	0.00689	0.00344	0.00517	0.00517	0.00517	0.00344	0.00344	0.00517	0.00517	0.00689	0.00689	0.01205	0.00689	0.01377	0.01550	0.88464	0.00344	0.00344	0.00172	0.00172
15	0.00785	0.00741	0.01254	0.72301	0.15261	0.00890	0.01119	0.01045	0.00810	0.01057	0.00711	0.01045	0.00544	0.00390	0.00396	0.00130	0.00520	0.00353	0.00179	0.00470
16	0.00936	0.01070	0.02340	0.01671	0.02072	0.01003	0.82152	0.01270	0.00936	0.01270	0.00802	0.01070	0.00602	0.00334	0.00468	0.00134	0.00668	0.00468	0.00201	0.00535
17	0.00483	0.00345	0.00460	0.00552	0.00575	0.00322	0.00368	0.00552	0.00759	0.01012	0.02185	0.85807	0.02622	0.01242	0.00506	0.00161	0.00230	0.01127	0.00368	0.00322
18	0.00689	0.00344	0.00517	0.00517	0.00517	0.00344	0.00344	0.00517	0.00517	0.00689	0.00689	0.01205	0.00689	0.01377	0.01550	0.88464	0.00344	0.00344	0.00172	0.00172
19	0.00749	0.00705	0.01189	0.85113	0.02731	0.00881	0.01101	0.01013	0.00793	0.01013	0.00705	0.01057	0.00529	0.00396	0.00396	0.00132	0.00529	0.00352	0.00176	0.00440
20	0.00582	0.00427	0.00548	0.00514	0.00614	0.00404	0.00386	0.00814	0.05104	0.01593	0.79401	0.02890	0.03618	0.00797	0.00465	0.00125	0.00193	0.00704	0.00435	0.00386
21	0.00507	0.00397	0.00441	0.00440	0.00552	0.00346	0.00326	0.00632	0.00951	0.01229	0.26219	0.10197	0.50996	0.00947	0.00464	0.00132	0.00199	0.00808	0.03870	0.00346
22	0.00795	0.02051	0.84011	0.01130	0.01716	0.00921	0.01465	0.01256	0.00837	0.01256	0.00712	0.00837	0.00502	0.00377	0.00377	0.00126	0.00586	0.00293	0.00167	0.00586
23	0.00749	0.00705	0.01189	0.85113	0.02731	0.00881	0.01101	0.01013	0.00793	0.01013	0.00705	0.01057	0.00529	0.00396	0.00396	0.00132	0.00529	0.00352	0.00176	0.00440
24	0.01397	0.01004	0.01072	0.00834	0.01120	0.01106	0.00685	0.70610	0.01716	0.02353	0.01001	0.01027	0.00723	0.00474	0.00380	0.00115	0.00400	0.00359	0.12993	0.00631
25	0.01012	0.61481	0.01958	0.00857	0.01144	0.01441	0.10198	0.01156	0.00786	0.00976	0.00575	0.00727	0.00522	0.00400	0.00462	0.00106	0.15260	0.00265	0.00174	0.00499
26	0.00489	0.00350	0.00466	0.00548	0.00576	0.00326	0.00369	0.00568	0.00788	0.01058	0.08681	0.79179	0.02712	0.01208	0.00503	0.00158	0.00227	0.01094	0.00374	0.00326
27	0.00526	0.00404	0.00481	0.00462	0.00571	0.00359	0.00346	0.00680	0.01039	0.01393	0.53297	0.03285	0.33950	0.00884	0.00468	0.00128	0.00192	0.00762	0.00411	0.00359
28	0.00559	0.00405	0.00527	0.00497	0.00591	0.00373	0.00372	0.00744	0.01117	0.01578	0.81541	0.02982	0.05591	0.00815	0.00468	0.00125	0.00187	0.00720	0.00435	0.00373
29	0.00936	0.01070	0.02340	0.01671	0.02072	0.01003	0.82152	0.01270	0.00936	0.01270	0.00802	0.01070	0.00602	0.00334	0.00468	0.00134	0.00668	0.00468	0.00201	0.00535
30	0.00469	0.00402	0.00402	0.00402	0.00536	0.00335	0.00301	0.00569	0.00904	0.01071	0.04017	0.03816	0.83432	0.01004	0.00469	0.00134	0.00201	0.00837	0.00368	0.00335
31	0.00595	0.00413	0.00541	0.00505	0.00604	0.00380	0.00380	0.00781	0.01123	0.03873	0.81113	0.02917	0.03665	0.00802	0.00466	0.00125	0.00191	0.00708	0.00438	0.00382
32	0.01060	0.86304	0.02078	0.00678	0.01018	0.01569	0.00678	0.01187	0.00806	0.00933	0.00551	0.00636	0.00509	0.00339	0.00254	0.00085	0.00424	0.00212	0.00170	0.00509
33	0.10426	0.00684	0.00887	0.00687	0.00988	0.00613	0.00568	0.01856	0.01089	0.75717	0.01464	0.01279	0.00927	0.00479	0.00383	0.00123	0.00334	0.00380	0.00466	0.00650
34	0.00749	0.00705	0.01189	0.85113	0.02731	0.00881	0.01101	0.01013	0.00793	0.01013	0.00705	0.01057	0.00529	0.00396	0.00396	0.00132	0.00529	0.00352	0.00176	0.00440
35	0.01434	0.10937	0.01228	0.00972	0.01197	0.67878	0.00754	0.06315	0.01126	0.02607	0.00643	0.00734	0.00529	0.00410	0.00362	0.00103	0.01811	0.00261	0.00217	0.00481
36	0.00822	0.00705	0.00822	0.00587	0.00940	0.00529	0.00470	0.00998	0.00822	0.01292	0.00705	0.00822	0.00587	0.00294	0.00294	0.00059	0.00294	0.00235	0.00235	0.88490
37	0.00516	0.00394	0.00584	0.00628	0.00677	0.00369	0.05566	0.00605	0.00775	0.01033	0.02095	0.78215	0.02485	0.01181	0.00505	0.00160	0.00262	0.03257	0.00357	0.00337
38	0.04541	0.00502	0.00647	0.11594	0.00934	0.02629	0.01847	0.00761	0.02682	0.01068	0.03553	0.39375	0.03351	0.12419	0.00689	0.00185	0.01250	0.11306	0.00313	0.00354
39	0.00576	0.00385	0.00436	0.00436	0.00438	0.00387	0.00245	0.00579	0.00578	0.00772	0.01246	0.02575	0.01433	0.84470	0.03602	0.00389	0.00397	0.00574	0.00240	0.00242
40	0.00745	0.00682	0.01147	0.79743	0.02590	0.00847	0.01053	0.00982	0.00775	0.00992	0.00704	0.01066	0.00539	0.00459	0.00470	0.05739	0.00517	0.00352	0.00176	0.00423
41	0.01330	0.00895	0.00965	0.00762	0.01021	0.00971	0.00622	0.56567	0.01556	0.07405	0.01077	0.01110	0.00780	0.00473	0.00367	0.00112	0.00366	0.00363	0.22659	0.00597
42	0.00839	0.05403	0.39144	0.06254	0.02642	0.00780	0.03079	0.01180	0.03970	0.08499	0.12718	0.03802	0.07430	0.00522	0.00399	0.00125	0.00442	0.00437	0.00266	0.02070
43	0.01052	0.82760	0.02042	0.00693	0.01019	0.01554	0.00686	0.01178	0.00797	0.00934	0.00550	0.00646	0.00509	0.00354	0.00298	0.00088	0.03947	0.00218	0.00170	0.00506
44	0.00483	0.00345	0.00460	0.00552	0.00575	0.00322	0.00368	0.00552	0.00759	0.01012	0.02185	0.85807	0.02622	0.01242	0.00506	0.00161	0.00230	0.01127	0.00368	0.00322
45	0.00841	0.12052	0.71623	0.01060	0.01605	0.00985	0.01341	0.01252	0.00843	0.02673	0.01853	0.00852	0.00556	0.00380	0.00364	0.00121	0.00557	0.00291	0.00177	0.00575
46	0.01013	0.10410	0.02298	0.12795	0.24976	0.09757	0.05094	0.05953	0.03033	0.04317	0.01925	0.04163	0.01589	0.00506	0.02849	0.00131	0.02471	0.00370	0.00233	0.06117
47	0.00566	0.00425	0.00637	0.00637	0.00708	0.00496	0.00496	0.00708	0.00637	0.00920	0.01062	0.01558	0.00991	0.02974	0.84494	0.00637	0.01062	0.00425	0.00212	0.00354
48	0.00598	0.00446	0.00561	0.00525	0.00631	0.00429	0.00396	0.00869	0.08576	0.01587	0.74452	0.02842	0.04988	0.00789	0.00462	0.00126	0.00199	0.00695	0.00432	0.00397
49	0.00989	0.02501	0.01470	0.11156	0.54145	0.02497	0.04266	0.03879	0.04420	0.03930	0.00842	0.02986	0.00698	0.00406	0.00420	0.00122	0.02880	0.00377	0.01429	0.00585
50	0.02618	0.21128	0.46019	0.06301	0.01517	0.01076	0.01126	0.08743	0.00936	0.05975	0.00742	0.00841	0.00547	0.00385	0.00350	0.00116	0.00512	0.00289	0.00209	0.00569
51	0.00561	0.00419	0.00520	0.00522	0.00614	0.00394	0.00388	0.01750	0.03750	0.01359	0.43228	0.19772	0.16666	0.02526	0.00506	0.00142	0.00220	0.05894	0.00401	0.00366
52	0.15887	0.48561	0.10790	0.00746	0.01088	0.05729	0.00737	0.10259	0.00922	0.01288	0.00617	0.00699	0.00513	0.00367	0.00288	0.00100	0.00439	0.00240	0.00209	0.00520
53	0.14120	0.11421	0.19555	0.02004	0.05386	0.00904	0.00787	0.08846	0.04532	0.02446	0.00809	0.00911	0.02147	0.01312	0.00345	0.00105	0.00403	0.00288	0.00239	0.23439

[dist]
# distance from previous block
# <min> <max>
0	28

[block]
# block no. 6 follows, 68 sequences, length 55
# corresponding to MSA columns:
# 448-471,497-527
name=unknown_G
#
# <colnr> <probs for GDERKNQSTAVLIFYWHMCP>
#	G	D	E	R	K	N	Q	S	T	A	V	L	I	F	Y	W	H	M	C	P
0	0.06299	0.02129	0.04768	0.25009	0.35347	0.00909	0.02130	0.05556	0.04068	0.03448	0.00846	0.01047	0.02215	0.00394	0.00381	0.00121	0.00460	0.00351	0.00223	0.04299
1	0.00926	0.00886	0.01510	0.22007	0.64450	0.00928	0.01189	0.01169	0.00877	0.01229	0.00736	0.00999	0.00604	0.00363	0.00393	0.00121	0.00485	0.00353	0.00192	0.00584
2	0.02385	0.01161	0.18704	0.23567	0.22221	0.04688	0.14829	0.01218	0.00876	0.04161	0.00754	0.00980	0.00574	0.00379	0.00413	0.00126	0.01869	0.00355	0.00197	0.00542
3	0.01487	0.01720	0.01138	0.00998	0.01227	0.66305	0.00763	0.19194	0.01285	0.01304	0.00687	0.00767	0.00546	0.00423	0.00366	0.00106	0.00654	0.00278	0.00246	0.00506
4	0.00490	0.00349	0.00464	0.00553	0.00577	0.00327	0.00371	0.00560	0.00758	0.01009	0.02156	0.81261	0.02579	0.03733	0.00552	0.00168	0.00238	0.03171	0.00364	0.00321
5	0.00485	0.00348	0.00461	0.00547	0.00575	0.00324	0.00367	0.00559	0.00774	0.01032	0.04802	0.81149	0.04663	0.01223	0.00504	0.00159	0.00228	0.01107	0.00370	0.00324
6	0.00483	0.00345	0.00460	0.00552	0.00575	0.00322	0.00368	0.00552	0.00759	0.01012	0.02185	0.85807	0.02622	0.01242	0.00506	0.00161	0.00230	0.01127	0.00368	0.00322
7	0.00521	0.00404	0.00475	0.00457	0.00568	0.00357	0.00343	0.00671	0.01029	0.01367	0.49330	0.03328	0.37934	0.00894	0.00468	0.00129	0.00193	0.00768	0.00407	0.00357
8	0.01481	0.01890	0.01124	0.01021	0.01226	0.84474	0.00766	0.01583	0.01124	0.00970	0.00613	0.00715	0.00511	0.00409	0.00358	0.00102	0.00715	0.00255	0.00204	0.00460
9	0.00981	0.00942	0.01609	0.02434	0.83592	0.00942	0.01217	0.01217	0.00903	0.01295	0.00746	0.00981	0.00628	0.00353	0.00393	0.00118	0.00471	0.00353	0.00196	0.00628
10	0.01754	0.00715	0.00945	0.00724	0.01032	0.00642	0.00598	0.09260	0.01201	0.76445	0.01508	0.01313	0.00953	0.00489	0.00399	0.00122	0.00346	0.00395	0.00482	0.00675
11	0.01060	0.86304	0.02078	0.00678	0.01018	0.01569	0.00678	0.01187	0.00806	0.00933	0.00551	0.00636	0.00509	0.00339	0.00254	0.00085	0.00424	0.00212	0.00170	0.00509
12	0.00559	0.00399	0.00544	0.00634	0.00689	0.00387	0.00493	0.00681	0.00828	0.01089	0.02122	0.45174	0.02432	0.03248	0.00563	0.00177	0.00298	0.38981	0.00364	0.00340
13	0.00535	0.00382	0.00520	0.00612	0.00658	0.00367	0.00459	0.00642	0.00811	0.01071	0.02156	0.58522	0.02508	0.01193	0.00520	0.00168	0.00275	0.27896	0.00367	0.00336
14	0.01021	0.05698	0.00981	0.00806	0.01042	0.01033	0.00638	0.06777	0.73464	0.01667	0.01515	0.01401	0.01139	0.00523	0.00395	0.00131	0.00327	0.00430	0.00390	0.00624
15	0.00868	0.04182	0.11098	0.16753	0.03405	0.00728	0.04939	0.02669	0.03767	0.11090	0.05369	0.10918	0.03704	0.02830	0.07661	0.00176	0.02573	0.00480	0.00276	0.06513
16	0.03226	0.07938	0.20080	0.02842	0.37394	0.04559	0.04462	0.01329	0.05644	0.06380	0.00812	0.00956	0.00632	0.00384	0.00390	0.00119	0.01711	0.00334	0.00219	0.00590
17	0.00936	0.01070	0.02340	0.01671	0.02072	0.01003	0.82152	0.01270	0.00936	0.01270	0.00802	0.01070	0.00602	0.00334	0.00468	0.00134	0.00668	0.00468	0.00201	0.00535
18	0.00749	0.00705	0.01189	0.85113	0.02731	0.00881	0.01101	0.01013	0.00793	0.01013	0.00705	0.01057	0.00529	0.00396	0.00396	0.00132	0.00529	0.00352	0.00176	0.00440
19	0.00781	0.01980	0.06676	0.17105	0.15882	0.03200	0.09593	0.03541	0.02524	0.01213	0.05929	0.08985	0.17164	0.00604	0.00435	0.00130	0.01400	0.00540	0.01849	0.00470
20	0.07150	0.00834	0.11883	0.03454	0.01117	0.00666	0.05496	0.02461	0.01930	0.35092	0.01522	0.06300	0.08195	0.00712	0.04998	0.00159	0.02748	0.04384	0.00354	0.00541
21	0.00689	0.00344	0.00517	0.00517	0.00517	0.00344	0.00344	0.00517	0.00517	0.00689	0.00689	0.01205	0.00689	0.01377	0.01550	0.88464	0.00344	0.00344	0.00172	0.00172
22	0.04456	0.00699	0.00921	0.00710	0.01014	0.00626	0.00586	0.05355	0.02374	0.76605	0.01507	0.01313	0.00955	0.00487	0.00394	0.00123	0.00340	0.00392	0.00478	0.00666
23	0.01064	0.40223	0.09458	0.02340	0.21703	0.07114	0.00898	0.07261	0.03093	0.01194	0.00702	0.02023	0.00599	0.00380	0.00328	0.00104	0.00468	0.00290	0.00204	0.00554
24	0.00598	0.00463	0.00674	0.00658	0.00715	0.00554	0.00508	0.00718	0.00628	0.00908	0.01020	0.01571	0.00979	0.09538	0.68573	0.01794	0.09113	0.00429	0.00210	0.00350
25	0.00558	0.00377	0.00438	0.00456	0.00460	0.00372	0.00265	0.00572	0.00612	0.00816	0.01432	0.18804	0.01672	0.69543	0.01724	0.00341	0.00354	0.00684	0.00265	0.00256
26	0.02611	0.19057	0.18859	0.04570	0.19537	0.06175	0.01824	0.01213	0.07071	0.01193	0.03154	0.03076	0.08156	0.00468	0.00378	0.00117	0.01405	0.00380	0.00226	0.00530
27	0.07324	0.03807	0.18563	0.05642	0.15277	0.00939	0.03912	0.19707	0.02108	0.14017	0.00957	0.04356	0.00728	0.00447	0.00384	0.00123	0.00453	0.00370	0.00291	0.00593
28	0.01132	0.01097	0.09814	0.08055	0.14261	0.11111	0.19420	0.01380	0.01960	0.18078	0.02401	0.03175	0.00765	0.00440	0.00459	0.00127	0.05110	0.00397	0.00264	0.00554
29	0.57832	0.01038	0.00848	0.00861	0.09885	0.18909	0.01945	0.02387	0.00817	0.01554	0.00596	0.00707	0.00475	0.00376	0.00291	0.00118	0.00420	0.00245	0.00233	0.00463
30	0.00491	0.00414	0.00427	0.00422	0.00554	0.00355	0.00317	0.00627	0.03041	0.01139	0.11948	0.03669	0.73284	0.00973	0.00467	0.00133	0.00202	0.00815	0.00376	0.00346
31	0.01364	0.04728	0.04054	0.06157	0.06396	0.18372	0.09553	0.19292	0.01204	0.21002	0.00950	0.00997	0.00678	0.00423	0.00387	0.00116	0.00504	0.00345	0.00310	0.03170
32	0.00575	0.00421	0.00588	0.00585	0.00634	0.00476	0.00428	0.00674	0.00619	0.00877	0.01107	0.01847	0.01114	0.27105	0.59072	0.00556	0.02315	0.00468	0.00220	0.00322
33	0.01096	0.00742	0.01072	0.15791	0.20625	0.00772	0.00804	0.01483	0.17479	0.23044	0.09252	0.03880	0.01184	0.00505	0.00408	0.00127	0.00379	0.00443	0.00340	0.00574
34	0.00577	0.00384	0.00432	0.00432	0.00432	0.00384	0.00240	0.00577	0.00577	0.00769	0.01249	0.02595	0.01441	0.86066	0.02018	0.00384	0.00384	0.00577	0.00240	0.00240
35	0.00575	0.00390	0.00463	0.00463	0.00474	0.00401	0.00279	0.00596	0.00586	0.00792	0.01221	0.02438	0.01374	0.73529	0.14462	0.00423	0.00487	0.00554	0.00236	0.00257
36	0.01507	0.01111	0.01190	0.00912	0.01230	0.01230	0.00754	0.82270	0.01864	0.02499	0.00952	0.00952	0.00674	0.00476	0.00397	0.00119	0.00436	0.00357	0.00397	0.00674
37	0.01779	0.00675	0.00920	0.00705	0.01012	0.00583	0.00583	0.01932	0.01135	0.83867	0.01564	0.01350	0.00981	0.00491	0.00399	0.00123	0.00337	0.00399	0.00491	0.00675
38	0.01246	0.00806	0.06737	0.04133	0.02739	0.00739	0.03766	0.12787	0.01070	0.34635	0.02773	0.13518	0.01120	0.01725	0.03025	0.00152	0.07604	0.00496	0.00369	0.00561
39	0.00846	0.02995	0.02342	0.10694	0.09849	0.19290	0.00702	0.01011	0.02993	0.01067	0.01410	0.29600	0.03444	0.00799	0.01593	0.00145	0.02585	0.07936	0.00276	0.00423
40	0.03949	0.00670	0.00902	0.00696	0.00996	0.00585	0.00574	0.01883	0.01123	0.79746	0.03574	0.01372	0.01036	0.00496	0.00397	0.00123	0.00333	0.00402	0.00483	0.00661
41	0.01278	0.01102	0.01229	0.06104	0.31204	0.23093	0.00887	0.04021	0.02306	0.19839	0.02361	0.01109	0.02825	0.00432	0.00388	0.00116	0.00494	0.00357	0.00281	0.00573
42	0.01058	0.03143	0.45064	0.01112	0.03550	0.00847	0.13305	0.01400	0.00922	0.21300	0.00963	0.01088	0.00683	0.01953	0.00426	0.00131	0.00525	0.01685	0.00256	0.00589
43	0.00700	0.00513	0.02449	0.02431	0.00820	0.00469	0.04293	0.03120	0.02896	0.08608	0.04255	0.40447	0.12214	0.00992	0.00485	0.00152	0.00299	0.14089	0.00366	0.00399
44	0.00916	0.01053	0.03200	0.00935	0.01118	0.28157	0.16636	0.01079	0.02381	0.01071	0.01481	0.31479	0.07341	0.00737	0.00442	0.00133	0.00484	0.00656	0.00277	0.00422
45	0.03074	0.06182	0.70589	0.01111	0.01650	0.00943	0.06360	0.01233	0.00835	0.01248	0.00742	0.02950	0.00560	0.00393	0.00376	0.00125	0.00567	0.00318	0.00177	0.00568
46	0.02250	0.00913	0.13741	0.05285	0.08492	0.00705	0.08917	0.02502	0.02085	0.36601	0.01336	0.11231	0.02125	0.00542	0.00415	0.00130	0.00416	0.01388	0.00348	0.00578
47	0.06016	0.00940	0.14470	0.37893	0.04228	0.00836	0.12774	0.01061	0.00819	0.02368	0.00945	0.07901	0.02387	0.00527	0.01821	0.00143	0.01793	0.02398	0.00212	0.00470
48	0.06405	0.10770	0.21747	0.13468	0.06930	0.05044	0.03186	0.03272	0.00883	0.09815	0.02095	0.09729	0.00858	0.02212	0.01809	0.00137	0.00475	0.00407	0.00245	0.00512
49	0.05853	0.07778	0.34357	0.04029	0.03677	0.04160	0.02355	0.03270	0.00890	0.11538	0.03593	0.10056	0.00930	0.02777	0.01748	0.00140	0.01655	0.00415	0.00254	0.00525
50	0.01002	0.08886	0.28774	0.03917	0.01265	0.01920	0.03228	0.05376	0.00947	0.17531	0.03758	0.11833	0.01083	0.01614	0.01629	0.00138	0.00448	0.04311	0.00291	0.02050
51	0.10615	0.11654	0.22835	0.07971	0.02425	0.01980	0.00831	0.04492	0.01767	0.10937	0.01074	0.14128	0.00974	0.02781	0.01686	0.00141	0.00434	0.02508	0.00266	0.00501
52	0.04347	0.11428	0.34504	0.03174	0.03676	0.00944	0.05561	0.07646	0.03378	0.16433	0.02092	0.01002	0.00693	0.00485	0.02827	0.00135	0.00499	0.00332	0.00262	0.00580
53	0.03080	0.10881	0.21115	0.09686	0.04152	0.02787	0.02909	0.08344	0.05840	0.12764	0.03570	0.04206	0.00840	0.00564	0.04068	0.00142	0.00476	0.00371	0.00272	0.03934
54	0.01925	0.07038	0.18727	0.03585	0.02724	0.01977	0.09096	0.09412	0.01893	0.09727	0.06458	0.10374	0.02251	0.00749	0.06924	0.00167	0.01767	0.02891	0.00284	0.02029

[dist]
# distance from previous block
# <min> <max>
0	95

[block]
# block no. 7 follows, 68 sequences, length 32
# corresponding to MSA columns:
# 642-663,673-682
name=unknown_H
#
# <colnr> <probs for GDERKNQSTAVLIFYWHMCP>
#	G	D	E	R	K	N	Q	S	T	A	V	L	I	F	Y	W	H	M	C	P
0	0.11132	0.12716	0.24679	0.02424	0.06157	0.01818	0.03110	0.03767	0.07290	0.09633	0.05494	0.05930	0.02052	0.00477	0.00366	0.00121	0.00425	0.00384	0.00268	0.01758
1	0.15908	0.02796	0.23820	0.00865	0.02265	0.03845	0.05928	0.08088	0.03601	0.07072	0.05700	0.03908	0.03285	0.03910	0.00443	0.00131	0.01305	0.00382	0.00269	0.06477
2	0.02349	0.04903	0.33302	0.03637	0.06811	0.04596	0.02132	0.06294	0.02351	0.05611	0.09107	0.07996	0.02151	0.01543	0.00410	0.00124	0.00453	0.00423	0.00259	0.05547
3	0.09551	0.15184	0.12372	0.00929	0.04095	0.04286	0.12176	0.04910	0.05309	0.04853	0.06043	0.05322	0.03137	0.00519	0.01443	0.00125	0.00441	0.03146	0.00262	0.05897
4	0.03846	0.10679	0.12130	0.00811	0.02538	0.01937	0.04028	0.11057	0.05148	0.13910	0.07044	0.08719	0.03892	0.01870	0.00429	0.00122	0.02336	0.00443	0.00313	0.08748
