[name]
unknown

[dist]
# distance from previous block
# <min> <max>
0	504

[block]
# block no. 0 follows, 69 sequences, length 18
# corresponding to MSA columns:
# 506-523
name=unknown_A
#
# <colnr> <probs for GDERKNQSTAVLIFYWHMCP>
#	G	D	E	R	K	N	Q	S	T	A	V	L	I	F	Y	W	H	M	C	P
0	0.00556	0.03010	0.00539	0.00567	0.00614	0.02532	0.00392	0.02980	0.00795	0.01052	0.02013	0.76506	0.02378	0.01138	0.00480	0.00152	0.00250	0.01023	0.02682	0.00339
1	0.03217	0.00404	0.00516	0.03022	0.00669	0.00398	0.00405	0.04831	0.00808	0.01101	0.02041	0.74934	0.03913	0.01134	0.00483	0.00155	0.00248	0.01020	0.00356	0.00343
2	0.01368	0.00832	0.01193	0.00910	0.01206	0.00821	0.15378	0.23539	0.04239	0.34513	0.04537	0.01321	0.03184	0.00596	0.04361	0.00147	0.00442	0.00423	0.00387	0.00605
3	0.00601	0.00406	0.00523	0.00554	0.00621	0.00383	0.00391	0.04375	0.00902	0.05142	0.20319	0.57491	0.04677	0.01057	0.00481	0.00147	0.00232	0.00948	0.00386	0.00363
4	0.76771	0.00745	0.00623	0.00541	0.00792	0.00837	0.00446	0.01259	0.00731	0.13287	0.00686	0.00735	0.00501	0.00381	0.00264	0.00121	0.00308	0.00238	0.00277	0.00459
5	0.01085	0.00818	0.00890	0.00784	0.01017	0.00919	0.00614	0.02059	0.71588	0.13185	0.01589	0.01445	0.01165	0.00525	0.00398	0.00131	0.00314	0.00436	0.00411	0.00627
6	0.00945	0.00703	0.00886	0.12470	0.01194	0.00596	0.00574	0.03167	0.00876	0.12202	0.00815	0.00918	0.00626	0.00335	0.00321	0.00078	0.00332	0.00273	0.00262	0.62428
7	0.00558	0.00419	0.00525	0.00586	0.00639	0.00422	0.00409	0.00776	0.12279	0.01086	0.02019	0.66250	0.02305	0.03949	0.02743	0.00176	0.00270	0.03867	0.00361	0.00360
8	0.00940	0.23173	0.17767	0.00781	0.01105	0.00965	0.03050	0.08967	0.07269	0.04460	0.14750	0.01227	0.01147	0.00459	0.00369	0.00107	0.01802	0.00363	0.02086	0.09214
9	0.00663	0.00347	0.00497	0.00497	0.00497	0.00347	0.00323	0.00521	0.00521	0.00694	0.00773	0.01420	0.00805	0.15451	0.01609	0.73948	0.00347	0.00379	0.00181	0.00181
10	0.00839	0.08914	0.15000	0.00806	0.05245	0.01877	0.00699	0.03053	0.02600	0.05095	0.01065	0.19175	0.01037	0.01866	0.00430	0.00113	0.03966	0.00461	0.00258	0.27503
11	0.00856	0.21955	0.50887	0.00949	0.01433	0.01011	0.03133	0.01190	0.00821	0.01171	0.00667	0.00784	0.00512	0.00351	0.00334	0.00105	0.00503	0.00267	0.00176	0.12894
12	0.01452	0.00719	0.00894	0.00724	0.00980	0.00697	0.00582	0.18906	0.06356	0.48468	0.01517	0.14504	0.01174	0.00601	0.00411	0.00127	0.00336	0.00501	0.00441	0.00610
13	0.00939	0.00912	0.03260	0.16133	0.46153	0.02219	0.04745	0.02095	0.00848	0.03360	0.00726	0.00977	0.00596	0.00416	0.00531	0.00128	0.13792	0.00352	0.01268	0.00550
14	0.02419	0.03143	0.03562	0.03398	0.41497	0.01709	0.10390	0.01329	0.13652	0.03185	0.00894	0.01959	0.00719	0.00388	0.00393	0.00116	0.01335	0.00366	0.00237	0.09311
15	0.00724	0.00628	0.00838	0.07228	0.00984	0.07140	0.06217	0.00863	0.00774	0.04112	0.07132	0.19385	0.01389	0.03836	0.28917	0.00312	0.08303	0.00569	0.00262	0.00388
16	0.01498	0.00910	0.00980	0.12605	0.01271	0.16330	0.00681	0.06555	0.01106	0.48656	0.01265	0.01210	0.02652	0.00467	0.00386	0.00118	0.00430	0.00368	0.01931	0.00582
17	0.04684	0.31053	0.19855	0.00893	0.02143	0.07069	0.03722	0.15117	0.01845	0.05598	0.00726	0.00804	0.00563	0.00392	0.00358	0.00108	0.03029	0.00281	0.00232	0.01527

[dist]
# distance from previous block
# <min> <max>
0	3

[block]
# block no. 1 follows, 69 sequences, length 15
# corresponding to MSA columns:
# 527-541
name=unknown_B
#
# <colnr> <probs for GDERKNQSTAVLIFYWHMCP>
#	G	D	E	R	K	N	Q	S	T	A	V	L	I	F	Y	W	H	M	C	P
0	0.00920	0.07511	0.21724	0.05621	0.11090	0.05354	0.05537	0.08302	0.09538	0.02129	0.08370	0.01282	0.04515	0.01861	0.01583	0.00133	0.03351	0.00393	0.00255	0.00531
1	0.01028	0.01176	0.04882	0.01037	0.06441	0.31374	0.06001	0.01123	0.00837	0.00972	0.00760	0.08481	0.00732	0.00670	0.00759	0.12923	0.19801	0.00384	0.00203	0.00417
2	0.83776	0.00763	0.00595	0.00532	0.00774	0.00885	0.00436	0.01208	0.05550	0.01752	0.00608	0.00686	0.00470	0.00374	0.00252	0.00122	0.00304	0.00226	0.00252	0.00436
3	0.00510	0.00422	0.00450	0.00442	0.00569	0.00375	0.00331	0.00683	0.05795	0.01180	0.17503	0.06096	0.62381	0.00940	0.00461	0.00132	0.00204	0.00793	0.00378	0.00354
4	0.00872	0.01333	0.35298	0.02744	0.14539	0.00892	0.11054	0.02794	0.15466	0.02568	0.01068	0.02483	0.03374	0.00453	0.00402	0.00128	0.00491	0.03232	0.00241	0.00568
5	0.00899	0.01008	0.02156	0.01559	0.01917	0.00968	0.73521	0.01206	0.00892	0.01220	0.00798	0.01080	0.00616	0.00515	0.05958	0.00166	0.04356	0.00455	0.00198	0.00513
6	0.00505	0.00357	0.00443	0.00499	0.00522	0.00338	0.00320	0.00555	0.00704	0.00930	0.01990	0.54683	0.07483	0.27664	0.00963	0.00226	0.00273	0.00926	0.00325	0.00294
7	0.00478	0.00350	0.00450	0.00526	0.00564	0.00322	0.00356	0.00554	0.00780	0.01027	0.05024	0.73029	0.12730	0.01185	0.00495	0.00155	0.00222	0.01066	0.00366	0.00322
8	0.01167	0.01335	0.11775	0.03026	0.03568	0.30865	0.02120	0.09073	0.02693	0.07158	0.01811	0.00945	0.00650	0.00654	0.06366	0.01706	0.14031	0.00323	0.00237	0.00498
9	0.00560	0.00448	0.00500	0.00489	0.00615	0.00414	0.00374	0.03182	0.06006	0.01269	0.23241	0.06928	0.47333	0.00918	0.00464	0.00134	0.00221	0.06151	0.00384	0.00370
10	0.00617	0.00365	0.00488	0.00491	0.00499	0.00372	0.00315	0.00556	0.00555	0.00747	0.00989	0.04274	0.01072	0.36097	0.10521	0.40720	0.00429	0.00465	0.00208	0.00221
11	0.01067	0.11165	0.04590	0.17068	0.15588	0.26758	0.04914	0.01248	0.00902	0.02509	0.00701	0.02570	0.00592	0.00467	0.02075	0.00127	0.06647	0.00323	0.00196	0.00491
12	0.01138	0.01046	0.03813	0.17468	0.20673	0.14728	0.10145	0.06560	0.03897	0.13457	0.00883	0.01028	0.00659	0.00456	0.02230	0.00131	0.00528	0.00356	0.00254	0.00550
13	0.01182	0.00612	0.00840	0.00710	0.00889	0.00620	0.02332	0.02815	0.03409	0.39126	0.03958	0.12075	0.02768	0.00892	0.09123	0.02387	0.11066	0.00499	0.04183	0.00516
14	0.13070	0.00937	0.03779	0.06187	0.37184	0.02599	0.05341	0.15195	0.01017	0.02898	0.00885	0.01049	0.03538	0.00513	0.04034	0.00142	0.00473	0.00354	0.00245	0.00561

[dist]
# distance from previous block
# <min> <max>
0	1

[block]
# block no. 2 follows, 69 sequences, length 23
# corresponding to MSA columns:
# 543-565
name=unknown_C
#
# <colnr> <probs for GDERKNQSTAVLIFYWHMCP>
#	G	D	E	R	K	N	Q	S	T	A	V	L	I	F	Y	W	H	M	C	P
0	0.24037	0.21243	0.05951	0.00936	0.11051	0.06801	0.00728	0.15228	0.01907	0.03336	0.01824	0.00819	0.00594	0.00435	0.01670	0.00119	0.02270	0.00279	0.00245	0.00525
1	0.00839	0.00809	0.01305	0.48855	0.33172	0.03273	0.01097	0.01080	0.00838	0.01108	0.00816	0.01096	0.03253	0.00396	0.00392	0.00124	0.00496	0.00362	0.00189	0.00503
2	0.00989	0.15409	0.25569	0.03521	0.09856	0.06354	0.06958	0.09797	0.05595	0.03109	0.05484	0.01025	0.00785	0.00441	0.01355	0.00121	0.00492	0.00339	0.02252	0.00549
3	0.25980	0.05166	0.01134	0.22311	0.05990	0.19543	0.07131	0.01250	0.04047	0.01262	0.00667	0.00843	0.00527	0.00389	0.00359	0.00119	0.02312	0.00294	0.00211	0.00464
4	0.01035	0.73887	0.03558	0.00762	0.03973	0.01440	0.02285	0.01195	0.02414	0.02660	0.00617	0.00714	0.00548	0.00428	0.03005	0.00106	0.00445	0.00236	0.00182	0.00510
5	0.05903	0.00826	0.09320	0.02961	0.03819	0.00665	0.06051	0.03242	0.00928	0.21110	0.06975	0.03786	0.03043	0.00464	0.00403	0.00109	0.03744	0.00385	0.02869	0.23397
6	0.00510	0.00365	0.00477	0.00546	0.00581	0.00344	0.00371	0.00582	0.00738	0.00989	0.01976	0.66492	0.02336	0.11377	0.02544	0.00194	0.00274	0.05974	0.00341	0.02987
7	0.00525	0.00363	0.00490	0.00559	0.00595	0.00351	0.00386	0.00604	0.00741	0.02791	0.01972	0.67463	0.02304	0.05661	0.10149	0.00224	0.00336	0.03817	0.00343	0.00327
8	0.00681	0.00340	0.00511	0.00511	0.00511	0.00340	0.00340	0.00511	0.00511	0.00681	0.00681	0.01192	0.00681	0.01362	0.01532	0.88594	0.00340	0.00340	0.00170	0.00170
9	0.88991	0.00758	0.00576	0.00516	0.00758	0.00879	0.00425	0.01152	0.00667	0.01759	0.00546	0.00637	0.00425	0.00364	0.00243	0.00121	0.00303	0.00212	0.00243	0.00425
10	0.01037	0.82818	0.05596	0.00690	0.01036	0.01524	0.00704	0.01177	0.00798	0.00936	0.00552	0.00637	0.00503	0.00337	0.00257	0.00086	0.00426	0.00213	0.00168	0.00506
11	0.00786	0.02028	0.84191	0.01117	0.01697	0.00910	0.01448	0.01242	0.00828	0.01242	0.00704	0.00828	0.00497	0.00372	0.00372	0.00124	0.00579	0.00290	0.00166	0.00579
12	0.00506	0.00392	0.00461	0.00457	0.00559	0.00347	0.00338	0.00640	0.00974	0.01283	0.39541	0.12849	0.38374	0.00934	0.00467	0.00131	0.00196	0.00807	0.00394	0.00347
13	0.00786	0.02028	0.84191	0.01117	0.01697	0.00910	0.01448	0.01242	0.00828	0.01242	0.00704	0.00828	0.00497	0.00372	0.00372	0.00124	0.00579	0.00290	0.00166	0.00579
14	0.00566	0.00418	0.00621	0.00621	0.00692	0.00486	0.00482	0.00708	0.00637	0.00929	0.01058	0.01537	0.00981	0.02854	0.81722	0.00611	0.01020	0.00418	0.03289	0.00351
15	0.00560	0.00408	0.00537	0.00607	0.00680	0.00391	0.00485	0.00690	0.00850	0.01103	0.04855	0.27382	0.13499	0.04829	0.00580	0.00175	0.00296	0.41374	0.00359	0.00340
16	0.00535	0.00387	0.00508	0.00524	0.00597	0.00360	0.00387	0.00683	0.00980	0.01353	0.50068	0.27248	0.06332	0.00956	0.00480	0.00139	0.00212	0.07495	0.00403	0.00353
17	0.00567	0.00401	0.00507	0.00489	0.00585	0.00369	0.00365	0.00728	0.01024	0.03188	0.58273	0.09686	0.14676	0.00921	0.03430	0.00144	0.00224	0.00730	0.03328	0.00366
18	0.01174	0.14698	0.09172	0.03944	0.07316	0.05416	0.04892	0.20680	0.06708	0.12568	0.05392	0.02748	0.00887	0.00456	0.00373	0.00115	0.00432	0.00370	0.02089	0.00571
19	0.00556	0.00405	0.00519	0.00550	0.02260	0.00408	0.00374	0.00639	0.00711	0.00956	0.07866	0.12048	0.10932	0.33636	0.20576	0.00347	0.00483	0.06143	0.00282	0.00310
20	0.01119	0.61523	0.01779	0.03753	0.02882	0.12888	0.00706	0.05954	0.02148	0.02085	0.00659	0.00742	0.01604	0.00368	0.00288	0.00092	0.00459	0.00246	0.00196	0.00508
21	0.01014	0.27427	0.24279	0.01119	0.12676	0.07430	0.03979	0.04854	0.00895	0.04730	0.00729	0.02418	0.00598	0.00449	0.02074	0.00122	0.04158	0.00305	0.00203	0.00542
22	0.03668	0.13157	0.22153	0.04779	0.12961	0.04867	0.06908	0.07828	0.04746	0.10681	0.00861	0.02284	0.00658	0.00426	0.00393	0.02008	0.00480	0.00336	0.00245	0.00560

[dist]
# distance from previous block
# <min> <max>
1	3

[block]
# block no. 3 follows, 69 sequences, length 19
# corresponding to MSA columns:
# 569-587
name=unknown_D
#
# <colnr> <probs for GDERKNQSTAVLIFYWHMCP>
#	G	D	E	R	K	N	Q	S	T	A	V	L	I	F	Y	W	H	M	C	P
0	0.03678	0.02289	0.05395	0.13530	0.34391	0.07634	0.07286	0.03370	0.00876	0.01220	0.00695	0.00919	0.00569	0.00391	0.00465	0.00119	0.08896	0.00331	0.00198	0.07747
1	0.02024	0.06087	0.01240	0.07943	0.14368	0.28846	0.05915	0.04231	0.16945	0.03604	0.01011	0.01092	0.04111	0.00439	0.00378	0.00116	0.00512	0.00354	0.00256	0.00527
2	0.01397	0.00612	0.00804	0.00645	0.00888	0.00553	0.00522	0.04597	0.03371	0.55619	0.21106	0.01709	0.01619	0.00560	0.00406	0.00121	0.00295	0.00468	0.04126	0.00582
3	0.00803	0.00708	0.01061	0.22575	0.22922	0.02242	0.01868	0.04390	0.05135	0.01270	0.11231	0.07778	0.01355	0.00616	0.01284	0.00138	0.01573	0.10307	0.02268	0.00476
4	0.00481	0.00346	0.00456	0.00537	0.00568	0.00321	0.00362	0.00556	0.00774	0.01032	0.06308	0.78630	0.05781	0.01198	0.00497	0.00156	0.00224	0.01083	0.00367	0.00321
5	0.01392	0.21064	0.01338	0.00822	0.01130	0.04436	0.00703	0.50256	0.01480	0.10317	0.02776	0.00944	0.00722	0.00445	0.00360	0.00110	0.00424	0.00328	0.00343	0.00613
6	0.00490	0.00364	0.00457	0.00505	0.00564	0.00331	0.00351	0.00587	0.00850	0.01125	0.18481	0.52713	0.19556	0.01096	0.00485	0.00147	0.00213	0.00976	0.00377	0.00331
7	0.00875	0.16807	0.04457	0.35543	0.05007	0.05638	0.04212	0.03081	0.02295	0.02899	0.04829	0.06726	0.00863	0.00462	0.00371	0.00119	0.00457	0.00392	0.04502	0.00465
8	0.00969	0.02931	0.01778	0.03127	0.10331	0.03059	0.41305	0.01200	0.00849	0.06314	0.00780	0.02697	0.00635	0.00451	0.00647	0.00138	0.21646	0.00417	0.00211	0.00514
9	0.02734	0.42453	0.07682	0.00729	0.01048	0.01159	0.00691	0.07582	0.08627	0.18194	0.00920	0.00961	0.00709	0.02796	0.02052	0.00121	0.00414	0.00300	0.00275	0.00554
10	0.04278	0.16230	0.30281	0.00899	0.03264	0.11671	0.01779	0.03764	0.00870	0.01167	0.05743	0.03085	0.00840	0.03901	0.10433	0.00184	0.00567	0.00344	0.00211	0.00489
11	0.00525	0.00404	0.00440	0.00433	0.00558	0.00345	0.00324	0.00638	0.00929	0.04045	0.16995	0.08698	0.62373	0.00958	0.00463	0.00132	0.00203	0.00811	0.00379	0.00348
12	0.00476	0.00346	0.00450	0.00534	0.00565	0.00319	0.00359	0.00547	0.00762	0.01006	0.02309	0.79228	0.09236	0.01209	0.00497	0.00157	0.00225	0.01091	0.00364	0.00319
13	0.01045	0.13407	0.20050	0.01068	0.11042	0.10853	0.01975	0.02572	0.18140	0.07350	0.02577	0.01035	0.00775	0.00434	0.00401	0.00118	0.03982	0.00336	0.02283	0.00559
14	0.01154	0.13763	0.16792	0.04548	0.11121	0.02015	0.03359	0.14102	0.05367	0.17657	0.03550	0.03133	0.00824	0.00444	0.00374	0.00117	0.00437	0.00364	0.00295	0.00584
15	0.00484	0.00346	0.00450	0.00531	0.00557	0.00324	0.00352	0.00548	0.00743	0.00985	0.02167	0.76401	0.05849	0.07511	0.00610	0.00174	0.00238	0.01062	0.00355	0.00313
16	0.03400	0.04158	0.10045	0.00976	0.02923	0.35159	0.05470	0.08652	0.03743	0.20384	0.00905	0.00931	0.00654	0.00421	0.00371	0.00113	0.00544	0.00316	0.00286	0.00549
17	0.01131	0.12178	0.08542	0.03590	0.12804	0.09704	0.06921	0.04749	0.16409	0.13413	0.01013	0.01122	0.00776	0.00444	0.00410	0.00120	0.03453	0.02373	0.00281	0.00568
18	0.00870	0.23227	0.16674	0.00818	0.04247	0.05180	0.02692	0.03896	0.00881	0.01176	0.05014	0.01306	0.07544	0.00615	0.05757	0.00136	0.00456	0.03169	0.01788	0.14553

[dist]
# distance from previous block
# <min> <max>
5	62

[block]
# block no. 4 follows, 69 sequences, length 27
# corresponding to MSA columns:
# 764-790
name=unknown_E
#
# <colnr> <probs for GDERKNQSTAVLIFYWHMCP>
#	G	D	E	R	K	N	Q	S	T	A	V	L	I	F	Y	W	H	M	C	P
0	0.09560	0.04818	0.08448	0.02884	0.11198	0.07973	0.05948	0.12090	0.03304	0.09477	0.03243	0.04386	0.04348	0.00647	0.06287	0.00154	0.00474	0.00393	0.02370	0.01999
1	0.04015	0.19115	0.17152	0.05746	0.03881	0.02695	0.02480	0.04189	0.00928	0.14198	0.07610	0.01342	0.03587	0.00490	0.00389	0.01214	0.01291	0.04714	0.00271	0.04694
2	0.00974	0.03312	0.04422	0.03432	0.01949	0.13054	0.02588	0.06114	0.10535	0.05678	0.07924	0.02666	0.06788	0.00504	0.00427	0.00109	0.05806	0.00396	0.04204	0.19120
3	0.00952	0.11176	0.00932	0.04542	0.04230	0.20052	0.00571	0.01071	0.00920	0.08989	0.09670	0.17272	0.07473	0.06664	0.00511	0.00138	0.00402	0.01680	0.00294	0.02460
4	0.00800	0.00632	0.00741	0.00579	0.00844	0.00531	0.00457	0.03378	0.06883	0.04521	0.20314	0.01546	0.06118	0.00480	0.00355	0.00087	0.00268	0.00402	0.00313	0.50752
5	0.00995	0.00878	0.03622	0.01953	0.04862	0.04948	0.00672	0.23352	0.19182	0.01652	0.15029	0.07855	0.04025	0.00620	0.00497	0.00130	0.08354	0.00497	0.00348	0.00529
6	0.00582	0.00377	0.00443	0.00443	0.00445	0.00379	0.00256	0.00568	0.00566	0.00756	0.01171	0.02388	0.01333	0.74670	0.04429	0.09796	0.00396	0.00541	0.00230	0.00234
7	0.00861	0.00857	0.01227	0.04307	0.06792	0.01170	0.00890	0.00964	0.00627	0.00969	0.00537	0.00873	0.00522	0.00652	0.01191	0.00166	0.76437	0.00344	0.00173	0.00442
8	0.00864	0.00735	0.00881	0.00633	0.00981	0.00584	0.02790	0.06710	0.00888	0.01361	0.00717	0.00829	0.00587	0.00304	0.00302	0.00064	0.00311	0.00247	0.00243	0.79969
9	0.00786	0.02028	0.84191	0.01117	0.01697	0.00910	0.01448	0.01242	0.00828	0.01242	0.00704	0.00828	0.00497	0.00372	0.00372	0.00124	0.00579	0.00290	0.00166	0.00579
10	0.00563	0.00408	0.00569	0.00569	0.00618	0.00457	0.00414	0.00661	0.00612	0.00865	0.01106	0.01848	0.01114	0.27934	0.59857	0.00555	0.00849	0.00465	0.00218	0.00316
11	0.88991	0.00758	0.00576	0.00516	0.00758	0.00879	0.00425	0.01152	0.00667	0.01759	0.00546	0.00637	0.00425	0.00364	0.00243	0.00121	0.00303	0.00212	0.00243	0.00425
12	0.00832	0.00778	0.01161	0.75991	0.02528	0.06736	0.01045	0.01077	0.00820	0.04315	0.00724	0.01033	0.00539	0.00397	0.00389	0.00128	0.00528	0.00344	0.00189	0.00446
13	0.00565	0.00400	0.00527	0.00527	0.00561	0.00434	0.00361	0.00634	0.00600	0.00834	0.01144	0.02062	0.01207	0.45346	0.42573	0.00503	0.00709	0.00496	0.00224	0.00293
14	0.00632	0.00451	0.00632	0.00722	0.00812	0.00451	0.00632	0.00812	0.00902	0.01173	0.02076	0.04422	0.02256	0.01083	0.00541	0.00180	0.00361	0.81138	0.00361	0.00361
15	0.00478	0.00359	0.00443	0.00503	0.00559	0.00325	0.00347	0.00561	0.00808	0.01047	0.07041	0.59433	0.24390	0.01142	0.00488	0.00150	0.00217	0.01016	0.00368	0.00325
16	0.00786	0.02028	0.84191	0.01117	0.01697	0.00910	0.01448	0.01242	0.00828	0.01242	0.00704	0.00828	0.00497	0.00372	0.00372	0.00124	0.00579	0.00290	0.00166	0.00579
17	0.17101	0.00794	0.00917	0.00718	0.01012	0.00797	0.00592	0.21932	0.02669	0.47637	0.01219	0.01115	0.00802	0.00461	0.00367	0.00121	0.00352	0.00353	0.00418	0.00623
18	0.00939	0.00811	0.00852	0.00770	0.00985	0.00930	0.00598	0.01977	0.77304	0.01599	0.01762	0.01625	0.06978	0.00564	0.00403	0.00133	0.00302	0.00470	0.00396	0.00600
19	0.00813	0.00697	0.00813	0.00581	0.00929	0.00523	0.00465	0.00987	0.00813	0.01277	0.00697	0.00813	0.00581	0.00290	0.00290	0.00058	0.00290	0.00232	0.00232	0.88619
20	0.65529	0.00733	0.00647	0.02614	0.02316	0.02280	0.00475	0.01163	0.00733	0.09104	0.00837	0.07538	0.02230	0.00462	0.00308	0.00125	0.01872	0.00321	0.00272	0.00441
21	0.01029	0.00781	0.01124	0.11230	0.27038	0.02369	0.02668	0.13077	0.01073	0.13097	0.10595	0.06184	0.06944	0.00537	0.00411	0.00123	0.00394	0.00474	0.00311	0.00541
22	0.00813	0.00697	0.00813	0.00581	0.00929	0.00523	0.00465	0.00987	0.00813	0.01277	0.00697	0.00813	0.00581	0.00290	0.00290	0.00058	0.00290	0.00232	0.00232	0.88619
23	0.00591	0.00397	0.00585	0.00585	0.00633	0.00445	0.00434	0.00643	0.00596	0.00842	0.00971	0.01528	0.00938	0.08615	0.57821	0.22643	0.00824	0.00411	0.00202	0.00297
24	0.45121	0.05346	0.00833	0.02747	0.04832	0.06890	0.00561	0.05421	0.11374	0.01539	0.00886	0.03654	0.02999	0.01901	0.01907	0.00136	0.02801	0.00321	0.00264	0.00468
25	0.35605	0.03361	0.06534	0.00600	0.00842	0.04780	0.00521	0.06673	0.00891	0.09436	0.01640	0.03764	0.22792	0.00575	0.00348	0.00123	0.00327	0.00434	0.00302	0.00452
26	0.17706	0.06941	0.10010	0.01760	0.01010	0.05285	0.00659	0.10625	0.19797	0.02714	0.01045	0.05961	0.00883	0.04458	0.09323	0.00187	0.00460	0.00385	0.00286	0.00503

[dist]
# distance from previous block
# <min> <max>
1	4

[block]
# block no. 5 follows, 69 sequences, length 19
# corresponding to MSA columns:
# 815-833
name=unknown_F
#
# <colnr> <probs for GDERKNQSTAVLIFYWHMCP>
#	G	D	E	R	K	N	Q	S	T	A	V	L	I	F	Y	W	H	M	C	P
0	0.10752	0.04335	0.02275	0.00613	0.02545	0.00522	0.00450	0.03245	0.00778	0.01151	0.04433	0.44843	0.04420	0.03040	0.13145	0.00221	0.00387	0.00762	0.01716	0.00368
1	0.00730	0.02616	0.07722	0.01804	0.00817	0.06475	0.00537	0.05241	0.02630	0.05541	0.09472	0.49963	0.03049	0.00928	0.00454	0.00142	0.00314	0.00818	0.00344	0.00405
2	0.07309	0.12816	0.06206	0.06269	0.05701	0.01915	0.02054	0.10265	0.05249	0.02151	0.00951	0.02375	0.01797	0.04992	0.27949	0.00295	0.00631	0.00371	0.00239	0.00465
3	0.00542	0.00400	0.00506	0.00479	0.00578	0.00364	0.00360	0.00715	0.01079	0.01499	0.72199	0.03049	0.15116	0.00829	0.00463	0.00125	0.00187	0.00726	0.00422	0.00364
4	0.00786	0.02028	0.84191	0.01117	0.01697	0.00910	0.01448	0.01242	0.00828	0.01242	0.00704	0.00828	0.00497	0.00372	0.00372	0.00124	0.00579	0.00290	0.00166	0.00579
5	0.06468	0.05329	0.13526	0.06475	0.08456	0.02688	0.02221	0.07700	0.03295	0.03912	0.03643	0.01255	0.00850	0.13039	0.05537	0.00178	0.00454	0.00361	0.02148	0.12467
6	0.01402	0.14512	0.01252	0.00959	0.01181	0.72228	0.00745	0.01507	0.01064	0.00954	0.00597	0.00695	0.00505	0.00394	0.00338	0.00098	0.00664	0.00246	0.00197	0.00462
7	0.00632	0.00451	0.00632	0.00722	0.00812	0.00451	0.00632	0.00812	0.00902	0.01173	0.02076	0.04422	0.02256	0.01083	0.00541	0.00180	0.00361	0.81138	0.00361	0.00361
8	0.03589	0.00737	0.01192	0.25217	0.28408	0.00773	0.06450	0.01099	0.02721	0.06966	0.01265	0.06226	0.10189	0.00501	0.00402	0.00126	0.00425	0.00456	0.02756	0.00502
9	0.00766	0.02456	0.03517	0.04832	0.10292	0.03988	0.09129	0.00896	0.00799	0.05531	0.03905	0.20922	0.03650	0.05643	0.09360	0.09279	0.00462	0.03904	0.00268	0.00404
10	0.00740	0.00697	0.01176	0.85280	0.02700	0.00871	0.01089	0.01002	0.00784	0.01002	0.00697	0.01045	0.00523	0.00392	0.00392	0.00131	0.00523	0.00348	0.00174	0.00436
11	0.00740	0.00697	0.01176	0.85280	0.02700	0.00871	0.01089	0.01002	0.00784	0.01002	0.00697	0.01045	0.00523	0.00392	0.00392	0.00131	0.00523	0.00348	0.00174	0.00436
12	0.00933	0.02259	0.07116	0.04476	0.19158	0.04133	0.11382	0.02195	0.06090	0.10068	0.10724	0.06099	0.04882	0.00611	0.03287	0.00143	0.03338	0.00472	0.02119	0.00516
13	0.00494	0.00389	0.00448	0.00474	0.00566	0.00347	0.00343	0.00615	0.02395	0.01121	0.13773	0.30368	0.43156	0.01038	0.00476	0.00141	0.00212	0.02932	0.00373	0.00338
14	0.03596	0.00646	0.00822	0.00658	0.00918	0.00590	0.00534	0.06573	0.03885	0.58154	0.04285	0.04480	0.09476	0.00569	0.00400	0.00123	0.00312	0.00466	0.02915	0.00596
15	0.06911	0.07289	0.12096	0.14915	0.29369	0.02997	0.07500	0.04510	0.02334	0.02661	0.00773	0.03348	0.00634	0.00403	0.00398	0.00122	0.02637	0.00353	0.00210	0.00542
16	0.01088	0.13857	0.11088	0.02110	0.12719	0.08542	0.06077	0.18222	0.01076	0.05686	0.00923	0.04018	0.00791	0.02490	0.03439	0.00143	0.01999	0.04931	0.00260	0.00541
17	0.00960	0.00889	0.06216	0.03217	0.16336	0.03284	0.00864	0.02738	0.00800	0.10694	0.02649	0.03195	0.04059	0.00695	0.04702	0.00167	0.37410	0.00394	0.00237	0.00495
18	0.00534	0.00387	0.00522	0.00601	0.00657	0.00375	0.00458	0.00647	0.00805	0.01058	0.02190	0.47168	0.08074	0.01269	0.05750	0.00194	0.00322	0.28299	0.00353	0.00336

[dist]
# distance from previous block
# <min> <max>
2	16

[block]
# block no. 6 follows, 69 sequences, length 16
# corresponding to MSA columns:
# 850-865
name=unknown_G
#
# <colnr> <probs for GDERKNQSTAVLIFYWHMCP>
#	G	D	E	R	K	N	Q	S	T	A	V	L	I	F	Y	W	H	M	C	P
0	0.03131	0.12418	0.08379	0.06937	0.06150	0.31477	0.00843	0.03609	0.04436	0.02934	0.00717	0.02950	0.00608	0.00460	0.00492	0.00119	0.13328	0.00311	0.00212	0.00490
1	0.00729	0.01456	0.52075	0.00956	0.01354	0.00780	0.03971	0.02359	0.00852	0.01232	0.08749	0.07975	0.06711	0.00641	0.03806	0.00150	0.05026	0.00446	0.00226	0.00505
2	0.02829	0.00587	0.04052	0.01866	0.07374	0.00560	0.00547	0.03780	0.04736	0.05244	0.21674	0.09800	0.09475	0.06022	0.17332	0.00244	0.02561	0.00581	0.00319	0.00419
3	0.00781	0.00622	0.00739	0.00571	0.00853	0.00482	0.00445	0.00936	0.00827	0.04738	0.03261	0.14228	0.03985	0.00483	0.00338	0.00081	0.00276	0.00410	0.00273	0.65669
4	0.00493	0.00378	0.00451	0.00490	0.00566	0.00341	0.00352	0.00589	0.00840	0.01076	0.10271	0.36967	0.34392	0.04128	0.01881	0.00162	0.00239	0.05691	0.00363	0.00328
5	0.01112	0.00888	0.00947	0.00815	0.01059	0.01009	0.00644	0.18556	0.63158	0.05088	0.01460	0.01351	0.01079	0.00517	0.00397	0.00129	0.00336	0.00423	0.00401	0.00632
6	0.00509	0.00374	0.00471	0.00536	0.00581	0.00354	0.00369	0.00618	0.03580	0.01028	0.03546	0.62421	0.11472	0.07625	0.00608	0.00173	0.00244	0.04811	0.00356	0.00327
7	0.01060	0.00792	0.00871	0.00760	0.00994	0.00872	0.00596	0.01950	0.64168	0.13187	0.05016	0.01476	0.01241	0.00525	0.00396	0.00127	0.00307	0.00438	0.00404	0.04819
8	0.01215	0.00963	0.00962	0.00801	0.01040	0.10099	0.00637	0.32487	0.22693	0.08301	0.15216	0.01421	0.01328	0.00537	0.00402	0.00121	0.00380	0.00429	0.00387	0.00581
9	0.00573	0.00386	0.00472	0.00472	0.00486	0.00400	0.00293	0.00593	0.00579	0.00787	0.01173	0.02299	0.01303	0.65763	0.18512	0.04380	0.00512	0.00530	0.00229	0.00257
10	0.00863	0.00685	0.00807	0.00583	0.00918	0.00521	0.00464	0.01030	0.00824	0.06326	0.00766	0.00901	0.00631	0.03032	0.00351	0.00072	0.00296	0.00253	0.00248	0.80430
11	0.02786	0.00686	0.01141	0.70355	0.02404	0.00831	0.04360	0.01002	0.02415	0.01047	0.00848	0.06779	0.00719	0.00465	0.00403	0.00134	0.00495	0.02498	0.00199	0.00433
12	0.00518	0.00376	0.00498	0.00582	0.00632	0.00356	0.00431	0.00620	0.00804	0.01052	0.02285	0.57095	0.09077	0.01170	0.00509	0.00163	0.00261	0.22878	0.00363	0.00331
13	0.88991	0.00758	0.00576	0.00516	0.00758	0.00879	0.00425	0.01152	0.00667	0.01759	0.00546	0.00637	0.00425	0.00364	0.00243	0.00121	0.00303	0.00212	0.00243	0.00425
14	0.01822	0.02908	0.00680	0.04517	0.00804	0.00600	0.00463	0.06968	0.13163	0.10287	0.17722	0.03584	0.03106	0.01507	0.00383	0.00116	0.00263	0.00468	0.30175	0.00462
15	0.07923	0.09227	0.06578	0.04018	0.11028	0.05236	0.02610	0.03186	0.06637	0.01296	0.00800	0.04245	0.00680	0.00383	0.00330	0.00094	0.00386	0.00310	0.00234	0.34800

[dist]
# distance from previous block
# <min> <max>
11	23

[block]
# block no. 7 follows, 69 sequences, length 49
# corresponding to MSA columns:
# 922-970
name=unknown_H
#
# <colnr> <probs for GDERKNQSTAVLIFYWHMCP>
#	G	D	E	R	K	N	Q	S	T	A	V	L	I	F	Y	W	H	M	C	P
0	0.07377	0.03808	0.05033	0.03870	0.02251	0.06596	0.03268	0.22140	0.03636	0.07880	0.08222	0.01087	0.00905	0.00429	0.00357	0.00104	0.00392	0.00340	0.00305	0.22000
1	0.01312	0.00743	0.01038	0.04528	0.14438	0.00721	0.02834	0.14071	0.01154	0.37973	0.08991	0.01514	0.05650	0.00554	0.01677	0.00130	0.00377	0.01318	0.00386	0.00592
2	0.01238	0.00883	0.00975	0.00798	0.01035	0.00957	0.00637	0.57908	0.01530	0.05134	0.01270	0.21885	0.01158	0.00657	0.00417	0.00128	0.00373	0.00542	0.01900	0.00576
3	0.00786	0.00752	0.01301	0.53087	0.05263	0.00889	0.12912	0.01030	0.00793	0.01073	0.00762	0.01139	0.00611	0.00438	0.00503	0.00134	0.10373	0.02586	0.05119	0.00449
4	0.01490	0.01098	0.01177	0.00902	0.01216	0.01216	0.00745	0.82470	0.01843	0.02471	0.00941	0.00941	0.00667	0.00471	0.00392	0.00118	0.00431	0.00353	0.00392	0.00667
5	0.00650	0.00640	0.03812	0.00972	0.04455	0.00571	0.24973	0.00817	0.00808	0.01091	0.01603	0.48284	0.01786	0.04517	0.00545	0.00158	0.00389	0.03232	0.00295	0.00400
6	0.00569	0.00386	0.00456	0.00456	0.00465	0.00395	0.00273	0.00588	0.00578	0.00781	0.01210	0.02423	0.01364	0.74682	0.13452	0.00415	0.00473	0.00549	0.00234	0.00253
7	0.00503	0.00365	0.00474	0.00518	0.00572	0.00337	0.00361	0.00612	0.00882	0.01197	0.29729	0.52282	0.08578	0.01068	0.00485	0.00145	0.00211	0.00958	0.00387	0.00337
8	0.03748	0.00698	0.00809	0.00583	0.00926	0.00537	0.00468	0.01030	0.00821	0.04680	0.00727	0.00828	0.00591	0.00301	0.00293	0.00063	0.00293	0.00238	0.00243	0.82123
9	0.01011	0.70914	0.10558	0.00795	0.01161	0.01440	0.07278	0.01187	0.00810	0.00982	0.00581	0.00684	0.00510	0.00339	0.00281	0.00092	0.00455	0.00238	0.00170	0.00513
10	0.00784	0.05457	0.69079	0.01091	0.01607	0.00900	0.06687	0.01188	0.00827	0.01211	0.00810	0.07115	0.00658	0.00431	0.00383	0.00126	0.00552	0.00359	0.00182	0.00554
11	0.00560	0.00410	0.00458	0.00447	0.00573	0.00354	0.00338	0.00680	0.00940	0.05623	0.19536	0.08045	0.55624	0.00934	0.00460	0.00132	0.00208	0.02564	0.01754	0.00357
12	0.00867	0.00537	0.00604	0.00537	0.00727	0.00498	0.00420	0.01146	0.14560	0.21575	0.02981	0.02790	0.49632	0.00792	0.00436	0.00130	0.00250	0.00657	0.00400	0.00462
13	0.01452	0.01812	0.01107	0.01000	0.01207	0.79309	0.00753	0.04528	0.03390	0.01033	0.00645	0.00736	0.00530	0.00410	0.00356	0.00102	0.00686	0.00261	0.00214	0.00467
14	0.00810	0.00735	0.01054	0.24923	0.03308	0.00683	0.07112	0.01052	0.03470	0.01209	0.00734	0.00923	0.00586	0.00332	0.00339	0.00088	0.00390	0.00293	0.00218	0.51742
15	0.00858	0.00858	0.01201	0.01029	0.01029	0.01201	0.00858	0.00943	0.00600	0.00943	0.00515	0.00858	0.00515	0.00686	0.01287	0.00172	0.85505	0.00343	0.00172	0.00429
16	0.00916	0.00494	0.00603	0.00525	0.00705	0.00432	0.00411	0.01071	0.02527	0.28245	0.21573	0.02740	0.36650	0.00775	0.00439	0.00127	0.00241	0.00652	0.00420	0.00455
17	0.00740	0.00697	0.01176	0.85280	0.02700	0.00871	0.01089	0.01002	0.00784	0.01002	0.00697	0.01045	0.00523	0.00392	0.00392	0.00131	0.00523	0.00348	0.00174	0.00436
18	0.00570	0.00380	0.00428	0.00428	0.00428	0.00380	0.00238	0.00570	0.00570	0.00760	0.01235	0.02566	0.01425	0.86222	0.01995	0.00380	0.00380	0.00570	0.00238	0.00238
19	0.00801	0.00684	0.00800	0.00579	0.00916	0.00515	0.00461	0.00971	0.00811	0.01267	0.00750	0.03916	0.00654	0.00325	0.00298	0.00062	0.00288	0.00264	0.00237	0.85401
20	0.00992	0.00877	0.00894	0.00805	0.01026	0.03801	0.00625	0.02066	0.80301	0.01617	0.01562	0.01437	0.01173	0.00528	0.00397	0.00132	0.00324	0.00437	0.00392	0.00615
21	0.00478	0.00341	0.00455	0.00546	0.00569	0.00318	0.00364	0.00546	0.00751	0.01001	0.02161	0.85966	0.02593	0.01228	0.00500	0.00159	0.00227	0.01114	0.00364	0.00318
22	0.01230	0.00793	0.00900	0.00769	0.01018	0.00856	0.00610	0.03806	0.55799	0.27276	0.01566	0.01411	0.01115	0.00516	0.00397	0.00129	0.00320	0.00426	0.00426	0.00636
23	0.03113	0.00696	0.00953	0.02851	0.05674	0.00629	0.00625	0.03258	0.03013	0.72683	0.01455	0.01291	0.00931	0.00474	0.00391	0.00121	0.00346	0.00388	0.00454	0.00654
24	0.01465	0.01842	0.01113	0.01006	0.01212	0.81831	0.00757	0.04297	0.01136	0.01011	0.00617	0.00715	0.00510	0.00406	0.00355	0.00102	0.00698	0.00256	0.00208	0.00462
25	0.00463	0.00397	0.00397	0.00397	0.00530	0.00331	0.00298	0.00563	0.00894	0.01059	0.03971	0.03773	0.83618	0.00993	0.00463	0.00132	0.00199	0.00827	0.00364	0.00331
26	0.00752	0.00706	0.01178	0.81137	0.04543	0.00875	0.01079	0.01035	0.02943	0.01025	0.00721	0.01054	0.00543	0.00395	0.00392	0.00130	0.00516	0.00351	0.00181	0.00445
27	0.01030	0.00869	0.02692	0.10760	0.19333	0.00900	0.09140	0.19582	0.12489	0.05210	0.01099	0.07605	0.02239	0.00537	0.00463	0.04334	0.00430	0.00441	0.00293	0.00553
28	0.00740	0.00697	0.01176	0.85280	0.02700	0.00871	0.01089	0.01002	0.00784	0.01002	0.00697	0.01045	0.00523	0.00392	0.00392	0.00131	0.00523	0.00348	0.00174	0.00436
29	0.00748	0.00705	0.01190	0.82469	0.05450	0.00873	0.01093	0.01008	0.00788	0.01011	0.00698	0.01043	0.00526	0.00391	0.00392	0.00130	0.00521	0.00348	0.00175	0.00442
30	0.87361	0.00760	0.00582	0.00521	0.00763	0.00881	0.00428	0.01170	0.02194	0.01757	0.00565	0.00652	0.00439	0.00367	0.00246	0.00122	0.00303	0.00217	0.00246	0.00428
31	0.01053	0.01150	0.20938	0.23320	0.04692	0.00982	0.01009	0.27877	0.01156	0.05163	0.00852	0.01054	0.00638	0.00449	0.00434	0.00127	0.04670	0.02456	0.01420	0.00559
32	0.00950	0.00907	0.01545	0.02330	0.80372	0.00906	0.01169	0.01176	0.00887	0.01269	0.00796	0.04448	0.00702	0.00385	0.00393	0.00118	0.00456	0.00381	0.00201	0.00609
33	0.00553	0.00401	0.00521	0.00491	0.00585	0.00369	0.00368	0.00736	0.01105	0.01562	0.81950	0.02946	0.05326	0.00805	0.00462	0.00123	0.00185	0.00711	0.00430	0.00369
34	0.01238	0.07135	0.08757	0.02911	0.01199	0.00722	0.15593	0.01456	0.00980	0.37413	0.04185	0.01256	0.00918	0.00440	0.00378	0.00116	0.00398	0.00390	0.13956	0.00559
35	0.00501	0.00401	0.00452	0.00465	0.00579	0.00352	0.00358	0.00623	0.00919	0.01150	0.15809	0.08924	0.55224	0.00991	0.00476	0.00139	0.00220	0.11703	0.00374	0.00340
36	0.01366	0.01708	0.01125	0.07225	0.01315	0.72995	0.02363	0.01480	0.01059	0.00963	0.00630	0.00787	0.00531	0.02492	0.00418	0.00112	0.02508	0.00273	0.00200	0.00449
37	0.00538	0.00394	0.00509	0.00525	0.00606	0.00365	0.00396	0.00687	0.00978	0.01333	0.45411	0.21470	0.12470	0.00956	0.00482	0.00140	0.00220	0.11768	0.00399	0.00353
38	0.00813	0.00697	0.00813	0.00581	0.00929	0.00523	0.00465	0.00987	0.00813	0.01277	0.00697	0.00813	0.00581	0.00290	0.00290	0.00058	0.00290	0.00232	0.00232	0.88619
39	0.00534	0.00406	0.00497	0.00516	0.00615	0.00371	0.00403	0.00675	0.00947	0.01239	0.28606	0.10814	0.31114	0.02278	0.00508	0.00147	0.00237	0.19365	0.00383	0.00348
40	0.00566	0.00397	0.00513	0.00513	0.00542	0.00426	0.00344	0.00625	0.00595	0.00823	0.01157	0.02134	0.01238	0.51140	0.36821	0.00485	0.00662	0.00507	0.00226	0.00285
41	0.00767	0.00692	0.01033	0.15140	0.19505	0.00743	0.03274	0.01985	0.00810	0.01131	0.04748	0.01590	0.12072	0.08724	0.01986	0.00156	0.12773	0.00442	0.02544	0.09886
42	0.01048	0.86458	0.02054	0.00671	0.01006	0.01551	0.00671	0.01174	0.00797	0.00922	0.00545	0.00629	0.00503	0.00335	0.00252	0.00084	0.00419	0.00210	0.00168	0.00503
43	0.00866	0.02149	0.25534	0.05287	0.19550	0.00828	0.00972	0.08646	0.08967	0.02552	0.09286	0.04760	0.06454	0.00523	0.00403	0.00125	0.00425	0.01859	0.00271	0.00543
44	0.01262	0.01439	0.01197	0.08347	0.16629	0.50158	0.02026	0.02844	0.02322	0.03864	0.00709	0.00884	0.00585	0.02810	0.00444	0.00118	0.03353	0.00303	0.00214	0.00492
45	0.00975	0.00842	0.00886	0.00798	0.01019	0.00975	0.00621	0.02083	0.83069	0.01640	0.01596	0.01463	0.01197	0.00532	0.00399	0.00133	0.00310	0.00443	0.00399	0.00621
46	0.00847	0.00711	0.00895	0.00814	0.11164	0.00578	0.00560	0.01943	0.02030	0.03403	0.00867	0.03758	0.02235	0.00363	0.00321	0.00075	0.00312	0.01406	0.00247	0.67472
47	0.00823	0.04312	0.09190	0.12498	0.14372	0.04695	0.02570	0.04249	0.02755	0.02667	0.05311	0.11439	0.04599	0.00699	0.00576	0.13494	0.00408	0.02348	0.02558	0.00437
48	0.00776	0.00663	0.00797	0.00642	0.02489	0.00568	0.00491	0.00969	0.04404	0.01226	0.02867	0.06158	0.02824	0.05060	0.00482	0.00099	0.06161	0.01567	0.00252	0.61503

[dist]
# distance from previous block
# <min> <max>
8	30

[block]
# block no. 8 follows, 69 sequences, length 8
# corresponding to MSA columns:
# 1100-1107
name=unknown_I
#
# <colnr> <probs for GDERKNQSTAVLIFYWHMCP>
#	G	D	E	R	K	N	Q	S	T	A	V	L	I	F	Y	W	H	M	C	P
0	0.00881	0.00822	0.04501	0.00767	0.05345	0.04656	0.02562	0.06128	0.07049	0.02922	0.06301	0.02979	0.05999	0.00432	0.00349	0.00089	0.00338	0.00359	0.00276	0.47244
1	0.07190	0.01286	0.27929	0.03525	0.03141	0.07766	0.03446	0.13605	0.01009	0.07243	0.00924	0.01016	0.03999	0.00497	0.02986	0.00130	0.02163	0.00327	0.00251	0.11569
2	0.06128	0.37230	0.26859	0.00841	0.01227	0.01214	0.00904	0.11428	0.00922	0.01280	0.00648	0.00748	0.00521	0.00380	0.00357	0.00106	0.04536	0.00260	0.00203	0.04209
3	0.01002	0.32421	0.04566	0.03393	0.12888	0.01050	0.01875	0.05887	0.05702	0.07319	0.05499	0.06972	0.00937	0.00462	0.00359	0.00107	0.01752	0.00371	0.00255	0.07184
4	0.08797	0.10545	0.33551	0.03754	0.13132	0.04039	0.03736	0.01199	0.00841	0.04498	0.00793	0.04050	0.00654	0.00411	0.00356	0.00116	0.00479	0.02105	0.00208	0.06736
5	0.01025	0.07101	0.23893	0.00905	0.05995	0.00770	0.03348	0.05782	0.00970	0.17466	0.09121	0.02837	0.00985	0.00438	0.00368	0.00108	0.00405	0.00364	0.00287	0.17832
6	0.04688	0.00712	0.00984	0.12318	0.12629	0.00747	0.01914	0.12160	0.03733	0.19735	0.01293	0.06058	0.06968	0.00752	0.06414	0.05126	0.02502	0.00441	0.00313	0.00516
7	0.00987	0.04826	0.07211	0.03368	0.13446	0.09542	0.00739	0.04600	0.07829	0.11286	0.03277	0.16889	0.04737	0.00612	0.00451	0.00126	0.05141	0.00508	0.00297	0.04128

[dist]
# distance from previous block
# <min> <max>
0	1

[block]
# block no. 9 follows, 69 sequences, length 85
# corresponding to MSA columns:
# 1109-1193
name=unknown_J
#
# <colnr> <probs for GDERKNQSTAVLIFYWHMCP>
#	G	D	E	R	K	N	Q	S	T	A	V	L	I	F	Y	W	H	M	C	P
0	0.58934	0.00768	0.04168	0.00649	0.05006	0.00783	0.00504	0.01092	0.02381	0.01569	0.01950	0.06885	0.00705	0.03176	0.00342	0.00126	0.00317	0.00312	0.00250	0.10082
1	0.01626	0.02156	0.00891	0.00680	0.00961	0.00579	0.00559	0.02578	0.01096	0.73824	0.02965	0.03036	0.03166	0.02317	0.00432	0.00128	0.00330	0.01579	0.00466	0.00631
2	0.01521	0.00752	0.00928	0.00721	0.01008	0.00717	0.00591	0.22745	0.01279	0.50908	0.04456	0.02989	0.05044	0.00524	0.00397	0.00119	0.00343	0.00423	0.00441	0.04094
3	0.04260	0.00737	0.02945	0.05397	0.37630	0.00692	0.00824	0.00981	0.00826	0.01209	0.01102	0.20913	0.01119	0.00622	0.02035	0.00130	0.00388	0.03090	0.00246	0.14852
4	0.00897	0.18231	0.13579	0.00823	0.06541	0.01799	0.01722	0.01132	0.03457	0.04452	0.03859	0.02560	0.00761	0.02167	0.00358	0.00094	0.00380	0.00302	0.00231	0.36654
5	0.29776	0.29338	0.01253	0.02658	0.03662	0.22052	0.00631	0.01255	0.00837	0.01231	0.00576	0.00679	0.00485	0.00362	0.00283	0.00101	0.00452	0.00230	0.00204	0.03935
6	0.00781	0.00708	0.00957	0.00839	0.00853	0.00937	0.00668	0.02746	0.00630	0.00946	0.00752	0.01329	0.00779	0.21354	0.06802	0.00248	0.55456	0.00403	0.02431	0.00382
7	0.00482	0.00398	0.00423	0.00417	0.00541	0.00339	0.00313	0.00599	0.00938	0.01165	0.20424	0.03598	0.67099	0.00953	0.00463	0.00131	0.00196	0.00803	0.00378	0.00339
8	0.00616	0.00502	0.00737	0.00705	0.00762	0.00624	0.00559	0.00746	0.00624	0.00916	0.00949	0.01412	0.00893	0.02516	0.68983	0.00544	0.16937	0.00406	0.00203	0.00365
9	0.00621	0.00444	0.00620	0.00710	0.00795	0.00442	0.00613	0.00794	0.00892	0.01161	0.02082	0.10054	0.02279	0.01093	0.00539	0.00179	0.00352	0.75611	0.00361	0.00358
10	0.01048	0.86458	0.02054	0.00671	0.01006	0.01551	0.00671	0.01174	0.00797	0.00922	0.00545	0.00629	0.00503	0.00335	0.00252	0.00084	0.00419	0.00210	0.00168	0.00503
11	0.01672	0.00806	0.00996	0.00763	0.01070	0.00782	0.00631	0.27865	0.01354	0.57766	0.01352	0.01208	0.00873	0.00481	0.00394	0.00120	0.00365	0.00381	0.00455	0.00667
12	0.00632	0.00451	0.00632	0.00722	0.00812	0.00451	0.00632	0.00812	0.00902	0.01173	0.02076	0.04422	0.02256	0.01083	0.00541	0.00180	0.00361	0.81138	0.00361	0.00361
13	0.58241	0.00709	0.00665	0.00562	0.00814	0.00761	0.00462	0.01359	0.00814	0.25972	0.02060	0.00911	0.00657	0.00410	0.00292	0.00120	0.00305	0.00280	0.04114	0.00493
14	0.00570	0.00380	0.00428	0.00428	0.00428	0.00380	0.00238	0.00570	0.00570	0.00760	0.01235	0.02566	0.01425	0.86222	0.01995	0.00380	0.00380	0.00570	0.00238	0.00238
15	0.88991	0.00758	0.00576	0.00516	0.00758	0.00879	0.00425	0.01152	0.00667	0.01759	0.00546	0.00637	0.00425	0.00364	0.00243	0.00121	0.00303	0.00212	0.00243	0.00425
16	0.00632	0.00451	0.00632	0.00722	0.00812	0.00451	0.00632	0.00812	0.00902	0.01173	0.02076	0.04422	0.02256	0.01083	0.00541	0.00180	0.00361	0.81138	0.00361	0.00361
17	0.88991	0.00758	0.00576	0.00516	0.00758	0.00879	0.00425	0.01152	0.00667	0.01759	0.00546	0.00637	0.00425	0.00364	0.00243	0.00121	0.00303	0.00212	0.00243	0.00425
18	0.01046	0.00670	0.00702	0.00588	0.00772	0.00719	0.00470	0.34789	0.01246	0.01881	0.01139	0.01245	0.00864	0.00463	0.00323	0.00102	0.00286	0.00360	0.51843	0.00491
19	0.01055	0.00678	0.00711	0.00594	0.00780	0.00728	0.00475	0.35684	0.01257	0.01892	0.01135	0.01240	0.00861	0.00463	0.00324	0.00103	0.00289	0.00360	0.50878	0.00494
20	0.00731	0.00365	0.00365	0.00365	0.00457	0.00365	0.00274	0.00913	0.00822	0.01462	0.01279	0.01462	0.01005	0.00457	0.00274	0.00091	0.00183	0.00365	0.88399	0.00365
21	0.00478	0.00341	0.00455	0.00546	0.00569	0.00318	0.00364	0.00546	0.00751	0.01001	0.02161	0.85966	0.02593	0.01228	0.00500	0.00159	0.00227	0.01114	0.00364	0.00318
22	0.00925	0.01058	0.02313	0.01652	0.02049	0.00991	0.82353	0.01256	0.00925	0.01256	0.00793	0.01058	0.00595	0.00330	0.00463	0.00132	0.00661	0.00463	0.00198	0.00529
23	0.00572	0.00453	0.00498	0.00498	0.00613	0.01727	0.00369	0.00764	0.07604	0.03049	0.17196	0.19934	0.42047	0.00950	0.00463	0.00136	0.00225	0.02153	0.00379	0.00369
24	0.00975	0.00842	0.00886	0.00798	0.01019	0.00975	0.00621	0.02083	0.83069	0.01640	0.01596	0.01463	0.01197	0.00532	0.00399	0.00133	0.00310	0.00443	0.00399	0.00621
25	0.00574	0.00389	0.00463	0.00469	0.00485	0.00394	0.00293	0.00605	0.00621	0.00835	0.04416	0.02648	0.01544	0.69967	0.08072	0.00373	0.00422	0.06917	0.00253	0.00261
26	0.00942	0.01059	0.02280	0.01631	0.02025	0.00998	0.79982	0.03615	0.00952	0.01291	0.00797	0.01054	0.00597	0.00335	0.00461	0.00132	0.00654	0.00459	0.00204	0.00533
27	0.01657	0.00676	0.00889	0.00692	0.00980	0.00608	0.00568	0.05222	0.04609	0.72516	0.01508	0.01331	0.00969	0.00485	0.00388	0.00120	0.00328	0.00393	0.05412	0.00648
28	0.00864	0.00731	0.02543	0.02843	0.27610	0.00671	0.04913	0.01103	0.04602	0.02613	0.00914	0.01120	0.00744	0.00417	0.00389	0.03581	0.00356	0.01288	0.19708	0.22991
29	0.01400	0.09557	0.02423	0.00946	0.01183	0.58282	0.00746	0.15739	0.02275	0.01245	0.00687	0.00767	0.00552	0.00412	0.00350	0.00103	0.00615	0.00271	0.01948	0.00499
30	0.00500	0.00392	0.00445	0.00447	0.00554	0.00344	0.00332	0.00624	0.00941	0.01215	0.27570	0.12616	0.47908	0.00954	0.00465	0.00133	0.00200	0.02086	0.01933	0.00342
31	0.03268	0.17757	0.12029	0.01867	0.02187	0.12266	0.01708	0.10057	0.19328	0.06994	0.02749	0.01040	0.01668	0.00442	0.00373	0.00113	0.02165	0.00333	0.00281	0.03375
32	0.00851	0.06966	0.49661	0.01281	0.12428	0.00918	0.10873	0.01212	0.00858	0.02953	0.00841	0.01172	0.00682	0.00424	0.00392	0.00126	0.00541	0.07068	0.00196	0.00558
33	0.25609	0.00706	0.00827	0.00654	0.00941	0.00680	0.00540	0.04282	0.01021	0.58930	0.01254	0.01131	0.00811	0.00452	0.00353	0.00121	0.00328	0.00343	0.00416	0.00601
34	0.00744	0.00698	0.01175	0.81826	0.04728	0.00865	0.01078	0.01000	0.00783	0.01005	0.00706	0.01067	0.00539	0.01751	0.00417	0.00134	0.00519	0.00352	0.00176	0.00437
35	0.00726	0.00665	0.01943	0.24175	0.12540	0.02036	0.04623	0.00988	0.06972	0.01068	0.01120	0.02983	0.04833	0.05472	0.26073	0.00294	0.00638	0.02187	0.00226	0.00436
