[name]
unknown

[dist]
# distance from previous block
# <min> <max>
0	26

[block]
# block no. 0 follows, 69 sequences, length 21
# corresponding to MSA columns:
# 29-49
name=unknown_A
#
# <colnr> <probs for GDERKNQSTAVLIFYWHMCP>
#	G	D	E	R	K	N	Q	S	T	A	V	L	I	F	Y	W	H	M	C	P
0	0.00804	0.07887	0.78491	0.01086	0.01649	0.00955	0.01395	0.01237	0.00826	0.01219	0.00693	0.00814	0.00497	0.00370	0.00364	0.00121	0.00568	0.00284	0.00166	0.00574
1	0.00740	0.00697	0.01176	0.85280	0.02700	0.00871	0.01089	0.01002	0.00784	0.01002	0.00697	0.01045	0.00523	0.00392	0.00392	0.00131	0.00523	0.00348	0.00174	0.00436
2	0.00970	0.00931	0.01591	0.02406	0.83777	0.00931	0.01203	0.01203	0.00893	0.01281	0.00737	0.00970	0.00621	0.00349	0.00388	0.00116	0.00466	0.00349	0.00194	0.00621
3	0.05064	0.00533	0.00669	0.00574	0.00742	0.00504	0.00450	0.06748	0.01143	0.22338	0.53343	0.02283	0.02650	0.00679	0.00430	0.00122	0.00245	0.00582	0.00433	0.00468
4	0.00492	0.00376	0.00453	0.00511	0.00573	0.00346	0.00354	0.00607	0.03802	0.01042	0.02680	0.58382	0.26689	0.01133	0.00486	0.00150	0.00222	0.01004	0.00365	0.00333
5	0.01298	0.01501	0.01226	0.01043	0.01282	0.50929	0.11297	0.07515	0.17610	0.01245	0.00853	0.00921	0.00667	0.00425	0.00380	0.00113	0.00601	0.00325	0.00255	0.00513
6	0.00965	0.00928	0.01574	0.02347	0.80204	0.00943	0.01188	0.01192	0.00880	0.01266	0.00728	0.00965	0.00616	0.00364	0.00427	0.00119	0.04138	0.00349	0.00193	0.00613
7	0.00564	0.00417	0.00626	0.00626	0.00694	0.00485	0.00485	0.00694	0.00626	0.00903	0.01038	0.01529	0.00970	0.02889	0.81961	0.03495	0.01027	0.00417	0.00209	0.00344
8	0.00557	0.00413	0.00591	0.00591	0.00654	0.00467	0.00446	0.00675	0.00634	0.00896	0.01215	0.01790	0.04968	0.14524	0.69077	0.00571	0.00916	0.00460	0.00221	0.00333
9	0.00813	0.00697	0.00813	0.00581	0.00929	0.00523	0.00465	0.00987	0.00813	0.01277	0.00697	0.00813	0.00581	0.00290	0.00290	0.00058	0.00290	0.00232	0.00232	0.88619
10	0.00905	0.00694	0.00822	0.00592	0.00936	0.00528	0.00475	0.01077	0.00843	0.09364	0.00780	0.00864	0.00619	0.00309	0.00300	0.00064	0.00295	0.00248	0.00257	0.80027
11	0.01066	0.79644	0.03961	0.00701	0.01034	0.06250	0.00694	0.01198	0.00815	0.00932	0.00552	0.00638	0.00503	0.00340	0.00260	0.00086	0.00439	0.00214	0.00170	0.00502
12	0.00574	0.00388	0.00481	0.00481	0.00498	0.00405	0.00305	0.00598	0.00581	0.00792	0.01160	0.02241	0.01276	0.61340	0.22086	0.05242	0.00541	0.00521	0.00227	0.00261
13	0.01100	0.75824	0.01936	0.00713	0.01032	0.11998	0.00682	0.01223	0.00836	0.00927	0.00553	0.00639	0.00503	0.00344	0.00264	0.00086	0.00455	0.00215	0.00172	0.00497
14	0.00813	0.00697	0.00813	0.00581	0.00929	0.00523	0.00465	0.00987	0.00813	0.01277	0.00697	0.00813	0.00581	0.00290	0.00290	0.00058	0.00290	0.00232	0.00232	0.88619
15	0.01236	0.03595	0.02535	0.04244	0.01133	0.03736	0.00682	0.50893	0.01479	0.06236	0.04268	0.09817	0.05532	0.00590	0.00407	0.00123	0.00398	0.02156	0.00367	0.00573
16	0.01019	0.02474	0.12905	0.01496	0.36510	0.02673	0.03867	0.02374	0.00935	0.15689	0.03204	0.08235	0.05878	0.00500	0.00402	0.00123	0.00427	0.00449	0.00274	0.00566
17	0.00788	0.00467	0.00574	0.04528	0.00753	0.00416	0.00416	0.00913	0.00948	0.20277	0.12086	0.13341	0.41277	0.00855	0.00449	0.00132	0.00247	0.00727	0.00391	0.00416
18	0.05546	0.01097	0.23357	0.00910	0.06448	0.00776	0.02666	0.03884	0.15654	0.04794	0.07230	0.01127	0.00920	0.00417	0.00360	0.00108	0.00390	0.00344	0.00272	0.23698
19	0.00796	0.00794	0.04085	0.60260	0.20310	0.00869	0.01096	0.01053	0.00811	0.01084	0.00706	0.01010	0.00546	0.00377	0.00386	0.00124	0.00501	0.00341	0.00181	0.04670
20	0.01980	0.01987	0.04286	0.28911	0.16842	0.02083	0.06325	0.09984	0.07444	0.10073	0.02242	0.03404	0.00765	0.00441	0.00407	0.00126	0.01507	0.00389	0.00263	0.00542

[dist]
# distance from previous block
# <min> <max>
3	11

[block]
# block no. 1 follows, 69 sequences, length 20
# corresponding to MSA columns:
# 61-80
name=unknown_B
#
# <colnr> <probs for GDERKNQSTAVLIFYWHMCP>
#	G	D	E	R	K	N	Q	S	T	A	V	L	I	F	Y	W	H	M	C	P
0	0.38187	0.02577	0.01057	0.02158	0.21943	0.14276	0.03318	0.04681	0.00867	0.02829	0.00650	0.00784	0.00520	0.00376	0.00337	0.00116	0.02110	0.00275	0.00229	0.02711
1	0.03667	0.10080	0.02970	0.06099	0.12426	0.15252	0.01643	0.02349	0.00906	0.04704	0.02524	0.00969	0.03231	0.00377	0.00334	0.00092	0.00424	0.00297	0.00231	0.31427
2	0.05558	0.11319	0.03225	0.10285	0.24147	0.05977	0.06656	0.12460	0.03307	0.08781	0.00855	0.03081	0.00677	0.00411	0.00370	0.00116	0.00460	0.00351	0.00255	0.01709
3	0.00820	0.00718	0.01158	0.02242	0.04101	0.00722	0.22325	0.05955	0.12368	0.03765	0.23481	0.08174	0.05314	0.01930	0.00494	0.00136	0.02668	0.02821	0.00332	0.00477
4	0.00771	0.00776	0.03682	0.01044	0.02340	0.00712	0.33756	0.01027	0.03781	0.03475	0.13656	0.07283	0.15488	0.00611	0.00494	0.00131	0.04845	0.01648	0.00288	0.04191
5	0.02676	0.02099	0.01056	0.01121	0.18815	0.00880	0.03655	0.03784	0.43076	0.03248	0.11992	0.01506	0.02291	0.00514	0.00401	0.00126	0.00344	0.00449	0.00344	0.01623
6	0.00531	0.00400	0.00492	0.00469	0.00571	0.00360	0.00352	0.00695	0.01055	0.01441	0.63234	0.03144	0.24116	0.00850	0.00463	0.00126	0.00188	0.00739	0.00414	0.00360
7	0.00753	0.00705	0.01160	0.80625	0.02608	0.00877	0.01063	0.01061	0.05318	0.01037	0.00746	0.01068	0.00560	0.00400	0.00392	0.00131	0.00511	0.00354	0.00187	0.00446
8	0.00484	0.00349	0.00459	0.00545	0.00577	0.00325	0.00372	0.00559	0.00766	0.01012	0.02265	0.77410	0.07404	0.01208	0.00500	0.00159	0.00232	0.04690	0.00364	0.00321
9	0.00655	0.00527	0.03294	0.00827	0.05411	0.00492	0.00689	0.00847	0.00900	0.01181	0.01959	0.04120	0.02111	0.01020	0.00528	0.00175	0.00374	0.74161	0.00346	0.00382
10	0.01400	0.00696	0.00863	0.00713	0.00967	0.00683	0.00574	0.03851	0.24270	0.49428	0.03854	0.03896	0.01186	0.00544	0.00401	0.00127	0.00319	0.02738	0.02869	0.00619
11	0.00813	0.00697	0.00813	0.00581	0.00929	0.00523	0.00465	0.00987	0.00813	0.01277	0.00697	0.00813	0.00581	0.00290	0.00290	0.00058	0.00290	0.00232	0.00232	0.88619
12	0.00570	0.00390	0.00473	0.00476	0.00492	0.00404	0.00299	0.00603	0.00592	0.00802	0.01226	0.02426	0.01365	0.67489	0.17894	0.00422	0.00509	0.03069	0.00236	0.00263
13	0.04273	0.01040	0.01113	0.00864	0.01169	0.01143	0.00710	0.68141	0.08459	0.04526	0.00990	0.00980	0.00708	0.00466	0.00384	0.00117	0.00410	0.00353	0.00385	0.03768
14	0.00649	0.00449	0.00621	0.00700	0.00794	0.00443	0.00603	0.00819	0.00900	0.03523	0.02132	0.09047	0.05101	0.01071	0.00532	0.00176	0.00347	0.71363	0.00365	0.00366
15	0.00820	0.00781	0.01327	0.56024	0.25983	0.00896	0.03983	0.01100	0.03183	0.01109	0.00738	0.01036	0.00573	0.00382	0.00394	0.00127	0.00505	0.00355	0.00187	0.00498
16	0.00731	0.00365	0.00365	0.00365	0.00457	0.00365	0.00274	0.00913	0.00822	0.01462	0.01279	0.01462	0.01005	0.00457	0.00274	0.00091	0.00183	0.00365	0.88399	0.00365
17	0.00883	0.03130	0.02906	0.00747	0.00912	0.10737	0.00581	0.06274	0.32935	0.01348	0.02659	0.28588	0.02467	0.00748	0.00440	0.00136	0.01823	0.01852	0.00347	0.00488
18	0.01111	0.00962	0.03430	0.12051	0.20177	0.05693	0.03178	0.16695	0.18530	0.08237	0.03385	0.01146	0.00843	0.00451	0.00414	0.00124	0.02308	0.00380	0.00302	0.00585
19	0.00731	0.00365	0.00365	0.00365	0.00457	0.00365	0.00274	0.00913	0.00822	0.01462	0.01279	0.01462	0.01005	0.00457	0.00274	0.00091	0.00183	0.00365	0.88399	0.00365

[dist]
# distance from previous block
# <min> <max>
0	1

[block]
# block no. 2 follows, 69 sequences, length 15
# corresponding to MSA columns:
# 82-96
name=unknown_C
#
# <colnr> <probs for GDERKNQSTAVLIFYWHMCP>
#	G	D	E	R	K	N	Q	S	T	A	V	L	I	F	Y	W	H	M	C	P
0	0.00910	0.05726	0.70874	0.01049	0.01585	0.00901	0.01313	0.01315	0.00860	0.10740	0.00793	0.00877	0.00551	0.00384	0.00369	0.00122	0.00544	0.00298	0.00202	0.00586
1	0.00563	0.00407	0.00564	0.00564	0.00612	0.00454	0.00408	0.00658	0.00611	0.00861	0.01110	0.01873	0.01124	0.29949	0.57857	0.00549	0.00833	0.00469	0.00219	0.00314
2	0.00589	0.00479	0.00498	0.00468	0.00619	0.00437	0.00362	0.09985	0.01010	0.01241	0.06164	0.03439	0.69052	0.00929	0.00457	0.00132	0.00230	0.03166	0.00369	0.00372
3	0.00933	0.00724	0.00799	0.00697	0.00880	0.10238	0.00549	0.08215	0.00883	0.11005	0.00987	0.01241	0.00827	0.01678	0.42844	0.00364	0.00739	0.00359	0.00262	0.15777
4	0.00906	0.01016	0.11225	0.20707	0.49112	0.00930	0.04556	0.03176	0.00881	0.01236	0.00728	0.00971	0.00583	0.00370	0.00406	0.00122	0.01970	0.00347	0.00191	0.00569
5	0.56892	0.00807	0.00788	0.09555	0.04149	0.00920	0.00579	0.15362	0.00903	0.03952	0.00680	0.00806	0.00521	0.02256	0.00332	0.00127	0.00357	0.00269	0.00266	0.00478
6	0.00755	0.00702	0.01174	0.59391	0.18260	0.00819	0.01028	0.00989	0.00801	0.01056	0.00873	0.10786	0.00780	0.00480	0.00404	0.00131	0.00478	0.00437	0.00200	0.00458
7	0.01003	0.00942	0.01565	0.02311	0.78543	0.00950	0.01174	0.06355	0.00953	0.01356	0.00750	0.00968	0.00624	0.00357	0.00388	0.00117	0.00464	0.00350	0.00207	0.00624
8	0.00616	0.00443	0.00561	0.00655	0.10003	0.00443	0.00348	0.00643	0.00607	0.00820	0.01178	0.02382	0.01333	0.76357	0.01811	0.00350	0.00390	0.00545	0.00233	0.00282
9	0.01464	0.01868	0.01111	0.01010	0.01212	0.84648	0.00757	0.01565	0.01111	0.00959	0.00606	0.00707	0.00505	0.00404	0.00353	0.00101	0.00707	0.00252	0.00202	0.00454
10	0.17268	0.00716	0.00871	0.00681	0.00974	0.00678	0.00562	0.07855	0.01096	0.63243	0.01323	0.01181	0.00850	0.00463	0.00367	0.00121	0.00336	0.00359	0.00435	0.00624
11	0.00812	0.03972	0.01336	0.60059	0.22336	0.00914	0.02951	0.01063	0.00814	0.01072	0.00703	0.01012	0.00547	0.00378	0.00387	0.00125	0.00508	0.00346	0.00179	0.00485
12	0.00970	0.00931	0.01591	0.02406	0.83777	0.00931	0.01203	0.01203	0.00893	0.01281	0.00737	0.00970	0.00621	0.00349	0.00388	0.00116	0.00466	0.00349	0.00194	0.00621
13	0.00817	0.01884	0.74625	0.01116	0.01662	0.00889	0.05888	0.01248	0.00850	0.03797	0.03166	0.00918	0.00611	0.00386	0.00381	0.00124	0.00565	0.00315	0.00185	0.00573
14	0.00844	0.01844	0.00804	0.02758	0.02011	0.03338	0.00570	0.01518	0.47091	0.02620	0.06994	0.15688	0.06150	0.00747	0.02686	0.00149	0.02731	0.00577	0.00366	0.00515

[dist]
# distance from previous block
# <min> <max>
0	1

[block]
# block no. 3 follows, 69 sequences, length 7
# corresponding to MSA columns:
# 98-104
name=unknown_D
#
# <colnr> <probs for GDERKNQSTAVLIFYWHMCP>
#	G	D	E	R	K	N	Q	S	T	A	V	L	I	F	Y	W	H	M	C	P
0	0.00909	0.00899	0.09188	0.00817	0.01057	0.05003	0.06394	0.07066	0.28977	0.05125	0.04542	0.15684	0.05590	0.00638	0.00418	0.00130	0.00367	0.02058	0.00340	0.04796
1	0.25595	0.20990	0.10985	0.00838	0.06691	0.05413	0.02678	0.03694	0.00840	0.04561	0.00693	0.00842	0.00565	0.00374	0.00305	0.00105	0.00409	0.02134	0.00225	0.12066
2	0.00822	0.05743	0.67721	0.01100	0.01607	0.03856	0.05503	0.01218	0.00831	0.01200	0.00735	0.03433	0.00567	0.00407	0.00408	0.00125	0.03673	0.00321	0.00175	0.00555
3	0.00923	0.09677	0.05356	0.13663	0.42849	0.00972	0.01034	0.04025	0.05005	0.01248	0.02724	0.01183	0.00771	0.00432	0.00425	0.00122	0.04266	0.04555	0.00218	0.00554
4	0.00560	0.00420	0.00630	0.00630	0.00700	0.00490	0.00490	0.00700	0.00630	0.00910	0.01050	0.01540	0.00980	0.02940	0.84669	0.00630	0.01050	0.00420	0.00210	0.00350
5	0.00519	0.00374	0.00515	0.00570	0.00609	0.00383	0.00405	0.00608	0.00706	0.00961	0.01739	0.48894	0.01985	0.09174	0.26125	0.00322	0.00497	0.04985	0.00306	0.00323
6	0.31166	0.09306	0.08178	0.00836	0.04120	0.20298	0.00700	0.13811	0.01011	0.06263	0.00699	0.00768	0.00533	0.00394	0.00317	0.00113	0.00459	0.00265	0.00255	0.00511

[dist]
# distance from previous block
# <min> <max>
0	1

[block]
# block no. 4 follows, 69 sequences, length 44
# corresponding to MSA columns:
# 106-149
name=unknown_E
#
# <colnr> <probs for GDERKNQSTAVLIFYWHMCP>
#	G	D	E	R	K	N	Q	S	T	A	V	L	I	F	Y	W	H	M	C	P
0	0.00498	0.00411	0.00432	0.00430	0.00552	0.00361	0.00320	0.00632	0.03467	0.01106	0.10573	0.04629	0.65915	0.06142	0.00557	0.00148	0.00217	0.02908	0.00363	0.00338
1	0.00977	0.02542	0.01608	0.04990	0.47707	0.00934	0.17504	0.03782	0.06758	0.03009	0.00825	0.01017	0.00657	0.00363	0.00396	0.00117	0.00481	0.00370	0.00223	0.05739
2	0.00497	0.00415	0.00474	0.00468	0.00595	0.00359	0.02236	0.00614	0.00908	0.01114	0.10364	0.06985	0.64865	0.00978	0.00471	0.00137	0.00223	0.07591	0.00366	0.00341
3	0.00558	0.00417	0.00564	0.00561	0.00619	0.00454	0.00413	0.00663	0.00685	0.00950	0.08155	0.05805	0.08962	0.20504	0.45999	0.00455	0.03114	0.00542	0.00254	0.00326
4	0.00760	0.00717	0.01219	0.73368	0.09890	0.00865	0.03029	0.01013	0.00791	0.01026	0.00718	0.01083	0.00559	0.02882	0.00440	0.00137	0.00517	0.00358	0.00178	0.00449
5	0.00552	0.00373	0.00438	0.00460	0.00467	0.00368	0.00274	0.00571	0.00617	0.00821	0.01454	0.20531	0.01696	0.65977	0.01640	0.00328	0.00347	0.02561	0.00268	0.00258
6	0.00850	0.00743	0.03295	0.00784	0.00918	0.03064	0.00642	0.15499	0.09349	0.01278	0.00978	0.01285	0.00849	0.03125	0.40852	0.00377	0.15012	0.00392	0.00254	0.00455
7	0.00471	0.00396	0.00399	0.00399	0.00523	0.00334	0.00294	0.00563	0.00872	0.01039	0.03787	0.03692	0.78088	0.06727	0.00566	0.00149	0.00211	0.00810	0.00356	0.00325
8	0.00865	0.00805	0.01291	0.45064	0.30985	0.00912	0.01071	0.03168	0.09646	0.01204	0.00813	0.01061	0.00633	0.00394	0.00391	0.00126	0.00478	0.00359	0.00211	0.00526
9	0.00731	0.00365	0.00365	0.00365	0.00457	0.00365	0.00274	0.00913	0.00822	0.01462	0.01279	0.01462	0.01005	0.00457	0.00274	0.00091	0.00183	0.00365	0.88399	0.00365
10	0.00916	0.00780	0.00862	0.00692	0.00982	0.00755	0.00547	0.05150	0.37494	0.01493	0.01108	0.01108	0.00859	0.00406	0.00343	0.00094	0.00306	0.00332	0.00314	0.45460
11	0.06546	0.00724	0.01140	0.59866	0.05816	0.00855	0.03896	0.06059	0.00859	0.02829	0.00832	0.05716	0.00689	0.00453	0.00394	0.00131	0.00482	0.02040	0.00214	0.00457
12	0.00731	0.00365	0.00365	0.00365	0.00457	0.00365	0.00274	0.00913	0.00822	0.01462	0.01279	0.01462	0.01005	0.00457	0.00274	0.00091	0.00183	0.00365	0.88399	0.00365
13	0.01484	0.04205	0.01156	0.00900	0.01181	0.23507	0.00726	0.48037	0.03358	0.10246	0.00914	0.00919	0.00660	0.00451	0.00377	0.00113	0.00492	0.00327	0.00343	0.00603
14	0.10899	0.01202	0.01042	0.00863	0.01121	0.30034	0.02757	0.18565	0.02397	0.23961	0.00943	0.00943	0.00669	0.00442	0.00386	0.00115	0.02460	0.00318	0.00325	0.00557
15	0.02839	0.01509	0.47212	0.03906	0.01452	0.06299	0.04880	0.05019	0.06183	0.01321	0.05235	0.04620	0.00899	0.00479	0.00391	0.00126	0.00504	0.03994	0.02602	0.00530
16	0.00463	0.00397	0.00397	0.00397	0.00530	0.00331	0.00298	0.00563	0.00894	0.01059	0.03971	0.03773	0.83618	0.00993	0.00463	0.00132	0.00199	0.00827	0.00364	0.00331
17	0.01055	0.00800	0.00881	0.03270	0.01026	0.00880	0.00605	0.20390	0.40382	0.07859	0.05750	0.03873	0.10313	0.00593	0.00410	0.00129	0.00326	0.00489	0.00394	0.00577
18	0.00566	0.00382	0.00433	0.00433	0.00440	0.00382	0.00248	0.00574	0.00583	0.00775	0.01319	0.02570	0.04100	0.80618	0.04740	0.00380	0.00397	0.00573	0.00241	0.00244
19	0.00864	0.00821	0.01390	0.34062	0.49745	0.00887	0.01128	0.01103	0.00849	0.01165	0.00807	0.02505	0.02183	0.00393	0.00393	0.00123	0.00478	0.00371	0.00193	0.00539
20	0.00987	0.00848	0.00893	0.00800	0.01024	0.00981	0.00623	0.03920	0.81213	0.01659	0.01581	0.01451	0.01185	0.00530	0.00399	0.00133	0.00313	0.00441	0.00399	0.00622
21	0.01106	0.74898	0.01930	0.00710	0.01034	0.07422	0.00682	0.06498	0.00887	0.01026	0.00575	0.00655	0.00514	0.00349	0.00268	0.00087	0.00440	0.00222	0.00185	0.00510
22	0.00813	0.00697	0.00813	0.00581	0.00929	0.00523	0.00465	0.00987	0.00813	0.01277	0.00697	0.00813	0.00581	0.00290	0.00290	0.00058	0.00290	0.00232	0.00232	0.88619
23	0.03144	0.00941	0.01603	0.06088	0.60413	0.02791	0.12505	0.01244	0.00903	0.05452	0.00777	0.00990	0.00623	0.00357	0.00395	0.00119	0.00491	0.00362	0.00210	0.00593
24	0.01315	0.01425	0.02988	0.02855	0.02897	0.43205	0.00757	0.18445	0.12392	0.02805	0.00921	0.00974	0.02876	0.00462	0.00412	0.00114	0.04032	0.00326	0.00275	0.00527
25	0.09769	0.00838	0.01061	0.00862	0.01125	0.06763	0.11583	0.10083	0.07179	0.31139	0.01306	0.02414	0.01026	0.00545	0.00409	0.00131	0.00413	0.12429	0.00367	0.00557
26	0.12436	0.75360	0.01863	0.00651	0.00974	0.01464	0.00639	0.01171	0.00780	0.01031	0.00545	0.00630	0.00493	0.00339	0.00250	0.00089	0.00404	0.00210	0.00177	0.00493
27	0.00561	0.00417	0.00614	0.00614	0.00678	0.00481	0.00470	0.00690	0.00625	0.00898	0.01065	0.01622	0.01015	0.09560	0.78097	0.00610	0.00997	0.00432	0.00212	0.00341
28	0.00921	0.00702	0.06153	0.00721	0.02321	0.00628	0.03775	0.03278	0.19094	0.16508	0.35104	0.02065	0.05795	0.00632	0.00427	0.00126	0.00295	0.00547	0.00400	0.00508
29	0.00835	0.00501	0.00622	0.00576	0.00744	0.00454	0.00470	0.01017	0.02297	0.13979	0.08982	0.03900	0.08513	0.00704	0.00410	0.00124	0.00278	0.23602	0.17894	0.14096
30	0.00789	0.07075	0.62640	0.00985	0.01457	0.03757	0.01201	0.01167	0.00881	0.01265	0.14070	0.01150	0.01014	0.00440	0.00379	0.00121	0.00510	0.00351	0.00210	0.00536
31	0.02918	0.02830	0.09162	0.14720	0.09519	0.01609	0.01874	0.11261	0.04798	0.03180	0.09047	0.04039	0.04608	0.05162	0.02618	0.00156	0.11311	0.00436	0.00265	0.00486
32	0.87384	0.00779	0.00586	0.00525	0.00766	0.02418	0.00431	0.01160	0.00675	0.01744	0.00547	0.00638	0.00426	0.00365	0.00245	0.00121	0.00311	0.00213	0.00242	0.00425
33	0.23218	0.00690	0.00828	0.00653	0.00941	0.00651	0.00539	0.01724	0.01010	0.63805	0.01300	0.01163	0.00836	0.00455	0.00357	0.00121	0.00326	0.00349	0.00426	0.00608
34	0.00822	0.00864	0.11314	0.03376	0.16819	0.00743	0.05272	0.09115	0.08774	0.01495	0.27892	0.02993	0.04281	0.00585	0.00436	0.00126	0.01482	0.02785	0.00318	0.00506
35	0.00763	0.00720	0.01218	0.76962	0.10837	0.00877	0.01100	0.01022	0.00795	0.01030	0.00701	0.01038	0.00532	0.00388	0.00392	0.00129	0.00517	0.00348	0.00176	0.00454
36	0.01453	0.01797	0.01109	0.00998	0.01207	0.77590	0.00753	0.06348	0.03250	0.01066	0.00651	0.00740	0.00532	0.00411	0.00357	0.00103	0.00681	0.00263	0.00218	0.00471
37	0.02691	0.00513	0.00603	0.00587	0.00648	0.03271	0.00423	0.00819	0.07547	0.00972	0.04413	0.02078	0.01304	0.36384	0.28030	0.00395	0.04141	0.04591	0.00252	0.00336
38	0.02818	0.09161	0.49108	0.00904	0.01320	0.00824	0.03590	0.01110	0.00876	0.03483	0.14080	0.01404	0.06972	0.02201	0.00415	0.00126	0.00461	0.00399	0.00235	0.00512
39	0.03318	0.00839	0.02862	0.07302	0.04902	0.03936	0.00621	0.11879	0.02880	0.02783	0.01541	0.00890	0.00631	0.00347	0.00325	0.00083	0.00358	0.00276	0.00255	0.53972
40	0.03114	0.02570	0.05571	0.07904	0.08451	0.02561	0.02590	0.02737	0.07453	0.00976	0.00798	0.03027	0.00720	0.00944	0.01008	0.48279	0.00395	0.00360	0.00204	0.00338
41	0.00897	0.04491	0.04058	0.40275	0.15511	0.03075	0.00950	0.05938	0.02555	0.05484	0.05366	0.03430	0.01895	0.00450	0.00406	0.00124	0.02064	0.00386	0.00234	0.02411
42	0.01780	0.15059	0.21287	0.04999	0.08925	0.11616	0.06505	0.01256	0.03055	0.06085	0.04057	0.01040	0.00745	0.00462	0.02107	0.00123	0.01899	0.02082	0.00222	0.06697
43	0.06013	0.03688	0.24102	0.09201	0.08720	0.08699	0.06102	0.02409	0.04388	0.16114	0.03538	0.01089	0.02300	0.00428	0.00390	0.00122	0.01535	0.00351	0.00261	0.00549

[dist]
# distance from previous block
# <min> <max>
9	48

[block]
# block no. 5 follows, 69 sequences, length 44
# corresponding to MSA columns:
# 204-209,211-248
name=unknown_F
#
# <colnr> <probs for GDERKNQSTAVLIFYWHMCP>
#	G	D	E	R	K	N	Q	S	T	A	V	L	I	F	Y	W	H	M	C	P
0	0.04635	0.09512	0.24820	0.03478	0.04118	0.08837	0.06338	0.05637	0.09900	0.08708	0.00974	0.02229	0.02625	0.00430	0.00368	0.00116	0.00474	0.01093	0.00255	0.05454
1	0.22627	0.07943	0.33033	0.01009	0.09263	0.01822	0.02429	0.03915	0.03149	0.04682	0.03222	0.00888	0.00635	0.00397	0.00361	0.00120	0.02560	0.00297	0.00224	0.01425
2	0.16685	0.06397	0.16741	0.18931	0.07649	0.07252	0.10301	0.02180	0.03884	0.03598	0.01697	0.01667	0.00607	0.00391	0.00360	0.00122	0.00493	0.00326	0.00215	0.00505
3	0.01161	0.60213	0.01757	0.00765	0.01064	0.21426	0.00693	0.04239	0.03691	0.01012	0.00609	0.00687	0.00533	0.00363	0.00286	0.00091	0.00485	0.00233	0.00192	0.00501
4	0.01065	0.00760	0.02441	0.10592	0.27740	0.00725	0.00813	0.05464	0.01682	0.20306	0.10304	0.04956	0.01123	0.00476	0.00393	0.00116	0.00380	0.00421	0.00308	0.09936
5	0.00624	0.00454	0.00633	0.00710	0.00792	0.00463	0.00609	0.00793	0.00888	0.01167	0.05040	0.10596	0.02278	0.01071	0.00560	0.00176	0.03149	0.69279	0.00358	0.00360
6	0.01003	0.05009	0.39385	0.04437	0.10891	0.00866	0.10091	0.01338	0.01954	0.16311	0.01873	0.01780	0.00711	0.00414	0.00390	0.00124	0.00506	0.02098	0.00243	0.00577
7	0.00951	0.05990	0.30826	0.01693	0.08862	0.06505	0.04383	0.05045	0.00947	0.10624	0.06188	0.11399	0.03825	0.00537	0.00397	0.00124	0.00457	0.00454	0.00266	0.00529
8	0.00479	0.00348	0.00449	0.00528	0.00560	0.00322	0.00354	0.00548	0.00758	0.00999	0.02304	0.75490	0.10267	0.03910	0.00544	0.00164	0.00230	0.01070	0.00360	0.00317
9	0.00794	0.01979	0.80725	0.01104	0.01669	0.00913	0.01414	0.01277	0.04249	0.01258	0.00741	0.00854	0.00526	0.00379	0.00374	0.00125	0.00568	0.00296	0.00175	0.00581
10	0.01194	0.05315	0.11805	0.04369	0.18943	0.10709	0.09260	0.07157	0.05199	0.18901	0.00968	0.01040	0.01420	0.00414	0.00397	0.00119	0.01576	0.00354	0.00277	0.00582
11	0.00906	0.00867	0.01431	0.34889	0.44356	0.02434	0.04129	0.04111	0.00890	0.01208	0.00729	0.00997	0.00581	0.00371	0.00392	0.00122	0.00498	0.00352	0.00194	0.00543
12	0.00731	0.00623	0.00789	0.00747	0.00875	0.04475	0.07965	0.01108	0.22480	0.02949	0.02597	0.44958	0.01904	0.00897	0.00463	0.00147	0.00320	0.05184	0.00354	0.00434
13	0.01031	0.03935	0.07349	0.02656	0.04069	0.03487	0.06326	0.03663	0.05384	0.23792	0.09580	0.14371	0.07001	0.00661	0.00426	0.00131	0.00364	0.04911	0.00356	0.00508
14	0.01009	0.36668	0.14163	0.03590	0.21242	0.01171	0.07539	0.01259	0.03158	0.05719	0.00725	0.00850	0.00584	0.00359	0.00336	0.00106	0.00469	0.00297	0.00201	0.00556
15	0.01080	0.00758	0.00982	0.00815	0.01029	0.03795	0.10288	0.21230	0.05170	0.16935	0.01596	0.27287	0.05858	0.00718	0.00437	0.00134	0.00369	0.00634	0.00370	0.00515
16	0.00905	0.00950	0.01865	0.10707	0.31294	0.00933	0.41736	0.01185	0.00898	0.01231	0.00880	0.01125	0.03643	0.00368	0.00429	0.00126	0.00560	0.00423	0.00200	0.00545
17	0.00819	0.03907	0.01300	0.54466	0.11289	0.00916	0.07245	0.01133	0.07173	0.02071	0.00845	0.01109	0.02334	0.00415	0.00424	0.00129	0.03370	0.00370	0.00203	0.00480
18	0.00826	0.01754	0.61572	0.01239	0.01762	0.00932	0.21243	0.01271	0.03380	0.01257	0.00753	0.00904	0.00542	0.00367	0.00395	0.00126	0.00591	0.00337	0.00181	0.00568
19	0.00795	0.00780	0.01527	0.01265	0.04893	0.00746	0.42219	0.01054	0.00914	0.01220	0.01368	0.02567	0.01343	0.00670	0.00495	0.00153	0.00518	0.36745	0.00271	0.00457
20	0.01020	0.09181	0.42507	0.01106	0.01559	0.00931	0.17594	0.01353	0.00893	0.16483	0.00858	0.00951	0.00605	0.00390	0.00409	0.00123	0.02894	0.00338	0.00232	0.00574
21	0.06626	0.20976	0.00994	0.00617	0.00813	0.03828	0.05073	0.00920	0.00896	0.05003	0.14034	0.09519	0.24671	0.00708	0.00397	0.00121	0.00316	0.03761	0.00309	0.00415
22	0.01144	0.21729	0.06431	0.00726	0.00986	0.02949	0.00648	0.08173	0.05383	0.24068	0.01335	0.11046	0.04086	0.00644	0.02488	0.00134	0.02026	0.05144	0.00329	0.00531
23	0.00973	0.43541	0.33180	0.00866	0.01285	0.01190	0.03378	0.01234	0.00843	0.06276	0.03472	0.00839	0.00640	0.00374	0.00320	0.00104	0.00474	0.00276	0.00197	0.00539
24	0.01182	0.01155	0.27282	0.04127	0.05922	0.00784	0.08845	0.03716	0.00973	0.32441	0.01179	0.01218	0.04173	0.00458	0.00434	0.00126	0.03939	0.01148	0.00308	0.00588
25	0.00476	0.00346	0.00450	0.00532	0.00565	0.00320	0.00358	0.00547	0.00764	0.01006	0.02328	0.78380	0.10072	0.01206	0.00497	0.00157	0.00225	0.01088	0.00364	0.00320
26	0.00953	0.32924	0.34622	0.00954	0.01379	0.01124	0.09581	0.01276	0.04273	0.05779	0.03201	0.00896	0.00660	0.00380	0.00342	0.00110	0.00492	0.00303	0.00205	0.00546
27	0.01021	0.14191	0.32377	0.08738	0.07701	0.09580	0.04048	0.02999	0.00902	0.10107	0.00785	0.00911	0.00588	0.00488	0.03810	0.00136	0.00547	0.00308	0.00215	0.00545
28	0.00477	0.00372	0.00434	0.00480	0.00558	0.00329	0.00341	0.00565	0.00828	0.01042	0.04159	0.43517	0.40863	0.01107	0.00484	0.00147	0.00217	0.03391	0.00365	0.00326
29	0.00830	0.00767	0.01326	0.46000	0.15994	0.00871	0.10711	0.01069	0.00822	0.03880	0.00842	0.03981	0.00709	0.00460	0.00472	0.00134	0.06401	0.04047	0.00205	0.00478
30	0.01082	0.01021	0.11159	0.06797	0.16050	0.05315	0.06066	0.06594	0.19722	0.14023	0.03146	0.03962	0.00918	0.00472	0.00413	0.00126	0.01842	0.00407	0.00305	0.00579
31	0.00905	0.00888	0.05636	0.46324	0.12516	0.03440	0.06298	0.08798	0.00922	0.03755	0.00789	0.03387	0.00623	0.00427	0.00430	0.00129	0.03648	0.00373	0.00214	0.00499
32	0.01304	0.01525	0.03903	0.06313	0.05386	0.53039	0.00795	0.12662	0.04170	0.01242	0.03382	0.02979	0.00712	0.00446	0.00372	0.00110	0.00598	0.00321	0.00243	0.00495
33	0.01340	0.05516	0.01910	0.00809	0.05497	0.00665	0.03354	0.05979	0.01027	0.47709	0.01437	0.08955	0.03087	0.00817	0.09865	0.00180	0.00432	0.00459	0.00388	0.00574
34	0.00875	0.03013	0.10477	0.45253	0.02023	0.03512	0.06932	0.04881	0.00889	0.07154	0.01032	0.03219	0.05946	0.00466	0.00411	0.00129	0.01553	0.01532	0.00228	0.00478
35	0.00768	0.00673	0.00849	0.18928	0.06309	0.07185	0.03063	0.06576	0.00940	0.03127	0.10037	0.20907	0.13408	0.03199	0.00482	0.00141	0.00371	0.02314	0.00303	0.00417
36	0.03334	0.02839	0.27837	0.05822	0.06966	0.07460	0.09570	0.04144	0.00899	0.04211	0.01076	0.03877	0.03653	0.04088	0.00495	0.00142	0.02566	0.10288	0.00236	0.00499
37	0.00911	0.03771	0.05929	0.43578	0.16797	0.01843	0.06797	0.06411	0.02450	0.05037	0.00803	0.02534	0.00623	0.00404	0.00392	0.00125	0.00500	0.00366	0.00215	0.00513
38	0.04837	0.00806	0.01087	0.12933	0.20741	0.04716	0.03248	0.12179	0.03339	0.11009	0.08720	0.06650	0.04153	0.01435	0.00422	0.00128	0.00406	0.02365	0.00303	0.00525
39	0.20422	0.11393	0.09930	0.01902	0.04856	0.02260	0.04745	0.07306	0.03424	0.20040	0.03393	0.03853	0.00799	0.00454	0.00382	0.00120	0.03537	0.00349	0.00297	0.00539
40	0.15783	0.04224	0.12678	0.09265	0.15198	0.03995	0.02589	0.06403	0.07123	0.05529	0.04427	0.01819	0.02105	0.01082	0.00386	0.00121	0.01816	0.00347	0.00255	0.04857
41	0.09083	0.28374	0.18262	0.04016	0.02137	0.01078	0.00807	0.08565	0.05753	0.05981	0.03458	0.03070	0.02704	0.00457	0.00367	0.00115	0.02989	0.02012	0.00248	0.00523
42	0.13559	0.13489	0.07578	0.02216	0.00951	0.03640	0.03101	0.05006	0.02476	0.08252	0.06831	0.10975	0.10771	0.00712	0.03223	0.00143	0.00381	0.05942	0.00299	0.00456
43	0.12590	0.10466	0.05374	0.02695	0.03832	0.07804	0.08365	0.10942	0.03704	0.08072	0.11948	0.04566	0.03952	0.00514	0.00407	0.00121	0.03437	0.00416	0.00294	0.00501

[dist]
# distance from previous block
# <min> <max>
3	31

[block]
# block no. 6 follows, 69 sequences, length 21
# corresponding to MSA columns:
# 281-301
name=unknown_G
#
# <colnr> <probs for GDERKNQSTAVLIFYWHMCP>
#	G	D	E	R	K	N	Q	S	T	A	V	L	I	F	Y	W	H	M	C	P
0	0.00970	0.05752	0.23307	0.11040	0.12808	0.03024	0.04634	0.11104	0.00993	0.08388	0.01138	0.05989	0.06499	0.00496	0.00395	0.00124	0.00466	0.02076	0.00257	0.00540
1	0.00865	0.06338	0.09790	0.26971	0.09362	0.02988	0.07296	0.01182	0.08692	0.06398	0.03665	0.06432	0.05595	0.02229	0.00431	0.00131	0.00450	0.00441	0.00250	0.00493
2	0.00965	0.11505	0.21180	0.07497	0.01513	0.03064	0.20297	0.03073	0.03419	0.09953	0.02020	0.04829	0.01779	0.00477	0.00443	0.01869	0.02687	0.02669	0.00241	0.00521
3	0.04869	0.21804	0.35069	0.03335	0.01359	0.05701	0.02012	0.07401	0.07939	0.04413	0.00804	0.02242	0.00622	0.00404	0.00345	0.00114	0.00486	0.00304	0.00224	0.00552
4	0.00965	0.10606	0.22513	0.07312	0.14907	0.04885	0.10075	0.06928	0.07530	0.03609	0.00900	0.04114	0.00738	0.00437	0.00386	0.00122	0.00496	0.02690	0.00233	0.00552
5	0.02731	0.11336	0.55812	0.02769	0.08409	0.00964	0.02735	0.03061	0.00860	0.04489	0.00762	0.03012	0.00584	0.00394	0.00364	0.00120	0.00524	0.00315	0.00193	0.00566
6	0.00926	0.51946	0.03052	0.00658	0.00916	0.01161	0.00604	0.09029	0.00895	0.01105	0.01153	0.16361	0.07191	0.00634	0.02706	0.00121	0.00390	0.00442	0.00241	0.00470
7	0.00995	0.20928	0.40324	0.00908	0.01337	0.03386	0.02612	0.03270	0.00888	0.11644	0.00848	0.04902	0.00669	0.00417	0.00351	0.00112	0.00481	0.00325	0.00227	0.05377
8	0.00979	0.02343	0.37166	0.09887	0.10073	0.03427	0.04620	0.03668	0.05417	0.12467	0.01007	0.01154	0.03128	0.00434	0.00390	0.00125	0.00498	0.02407	0.00245	0.00566
9	0.00938	0.00802	0.11106	0.02697	0.06646	0.04268	0.06264	0.01115	0.00912	0.21043	0.01815	0.23922	0.13790	0.00730	0.00435	0.00134	0.00368	0.02198	0.00334	0.00481
10	0.01304	0.04368	0.00827	0.00628	0.00860	0.00578	0.00511	0.03878	0.03097	0.48261	0.23118	0.01765	0.03131	0.00570	0.00401	0.00119	0.00290	0.00475	0.05262	0.00558
11	0.00867	0.05668	0.23169	0.33844	0.14951	0.00931	0.04716	0.01179	0.02663	0.04785	0.00753	0.00971	0.00568	0.00390	0.00408	0.00125	0.02958	0.00335	0.00194	0.00524
12	0.05833	0.03076	0.12753	0.16834	0.13612	0.03330	0.11248	0.05240	0.02463	0.13182	0.02524	0.04009	0.01529	0.00449	0.00394	0.00125	0.00472	0.02130	0.00260	0.00536
13	0.05067	0.00608	0.00855	0.00747	0.04756	0.00558	0.05001	0.01356	0.01006	0.42086	0.13439	0.03522	0.11379	0.00775	0.06875	0.00163	0.00371	0.00502	0.00399	0.00532
14	0.00559	0.00375	0.00431	0.00442	0.00445	0.00372	0.00253	0.00567	0.00593	0.00790	0.01350	0.12934	0.01570	0.75656	0.01810	0.00353	0.00361	0.00638	0.00253	0.00248
15	0.11806	0.03583	0.07874	0.10494	0.09073	0.04442	0.08069	0.11855	0.04274	0.12471	0.00980	0.02785	0.00787	0.00479	0.00419	0.00128	0.03706	0.05959	0.00282	0.00535
16	0.08157	0.03771	0.05428	0.09993	0.20653	0.11028	0.02810	0.09313	0.09249	0.07051	0.00892	0.02797	0.00715	0.02533	0.00451	0.00978	0.03028	0.00356	0.00259	0.00539
17	0.03802	0.02458	0.10262	0.06909	0.02000	0.03103	0.04431	0.04775	0.03482	0.19141	0.05801	0.03242	0.07349	0.09327	0.01671	0.00162	0.09551	0.01739	0.00303	0.00488
18	0.01932	0.14621	0.05808	0.10761	0.07569	0.06810	0.09362	0.10324	0.06773	0.11201	0.02998	0.02141	0.00762	0.00456	0.01288	0.00122	0.02957	0.00356	0.00268	0.03492
19	0.17745	0.06565	0.06201	0.05120	0.06394	0.05484	0.05538	0.08212	0.07262	0.12221	0.06709	0.03770	0.01898	0.00474	0.00364	0.00119	0.00397	0.01647	0.00297	0.03583
20	0.07362	0.05550	0.13213	0.07001	0.06907	0.09221	0.06361	0.08063	0.01940	0.08988	0.01915	0.04348	0.02867	0.02910	0.00434	0.00122	0.02299	0.00367	0.00256	0.09875

[dist]
# distance from previous block
# <min> <max>
1	253

# created by:
# /home/cegg/simao/soft/augustus-3.2.1/scripts/msa2prfl.pl ./align_prep/EOG092C5AR8.fa
