[name]
unknown

[dist]
# distance from previous block
# <min> <max>
0	115

[block]
# block no. 0 follows, 69 sequences, length 76
# corresponding to MSA columns:
# 139-199,204-218
name=unknown_A
#
# <colnr> <probs for GDERKNQSTAVLIFYWHMCP>
#	G	D	E	R	K	N	Q	S	T	A	V	L	I	F	Y	W	H	M	C	P
0	0.09308	0.02965	0.00995	0.00759	0.01051	0.02072	0.00626	0.27110	0.07313	0.40092	0.01213	0.01122	0.00816	0.00468	0.00384	0.00120	0.01238	0.00360	0.00410	0.01578
1	0.10795	0.01232	0.22741	0.05394	0.06414	0.04668	0.04894	0.17873	0.08621	0.07747	0.00875	0.00953	0.00639	0.00423	0.00402	0.00123	0.03462	0.00330	0.00272	0.02138
2	0.00952	0.00898	0.01201	0.01010	0.01065	0.02162	0.02426	0.12777	0.00792	0.01167	0.00599	0.00909	0.00558	0.02518	0.01145	0.00167	0.68635	0.00351	0.00206	0.00461
3	0.00962	0.00832	0.00933	0.11555	0.01240	0.00970	0.00684	0.04626	0.69885	0.01586	0.01459	0.01392	0.01093	0.00512	0.00398	0.00132	0.00341	0.00428	0.00370	0.00599
4	0.01410	0.01506	0.01102	0.00951	0.01189	0.48920	0.00736	0.25948	0.11764	0.01500	0.00833	0.00874	0.00642	0.00440	0.00371	0.00110	0.00574	0.00307	0.00284	0.00539
5	0.01464	0.01868	0.01111	0.01010	0.01212	0.84648	0.00757	0.01565	0.01111	0.00959	0.00606	0.00707	0.00505	0.00404	0.00353	0.00101	0.00707	0.00252	0.00202	0.00454
6	0.00712	0.00432	0.00740	0.00656	0.00707	0.00423	0.10780	0.00606	0.00564	0.00754	0.00695	0.01175	0.00670	0.01231	0.01396	0.77333	0.00381	0.00356	0.00174	0.00216
7	0.01606	0.00633	0.00861	0.00672	0.00948	0.00550	0.00550	0.01762	0.01121	0.73549	0.11988	0.01537	0.01318	0.00525	0.00403	0.00122	0.00315	0.00434	0.00478	0.00629
8	0.00545	0.00393	0.00515	0.00500	0.00584	0.00363	0.00369	0.00715	0.01064	0.01499	0.73207	0.13499	0.03558	0.00856	0.00467	0.00128	0.00190	0.00761	0.00423	0.00363
9	0.00487	0.00350	0.00462	0.00536	0.00570	0.00325	0.00363	0.00571	0.00799	0.01075	0.12564	0.73569	0.04535	0.01169	0.00495	0.00154	0.00221	0.01056	0.00373	0.00325
10	0.00540	0.00400	0.00504	0.00478	0.00577	0.00364	0.00359	0.00712	0.01076	0.01491	0.71022	0.03062	0.16298	0.00832	0.00463	0.00125	0.00187	0.00728	0.00421	0.00364
11	0.06065	0.00817	0.01003	0.00788	0.01030	0.00870	0.10950	0.38965	0.01302	0.01922	0.01019	0.01121	0.00763	0.00442	0.00351	0.00110	0.00366	0.00363	0.31222	0.00530
12	0.01061	0.00855	0.00913	0.00802	0.01036	0.00975	0.00629	0.09121	0.71638	0.06047	0.01536	0.01410	0.01138	0.00524	0.00398	0.00131	0.00322	0.00433	0.00403	0.00627
13	0.01360	0.01009	0.01077	0.00838	0.01128	0.01103	0.00688	0.72043	0.01722	0.02291	0.01327	0.01302	0.11226	0.00537	0.00401	0.00120	0.00402	0.00413	0.00389	0.00624
14	0.11989	0.00718	0.01116	0.69164	0.06451	0.00877	0.01003	0.01046	0.01957	0.01121	0.00693	0.00996	0.00525	0.00388	0.00373	0.00129	0.00489	0.00332	0.00187	0.00446
15	0.00600	0.00425	0.00501	0.00472	0.00525	0.00412	0.00297	0.00639	0.00608	0.00844	0.01144	0.02217	0.01263	0.65084	0.11903	0.00370	0.00451	0.00509	0.00234	0.11502
16	0.00667	0.00346	0.00500	0.00500	0.00500	0.00346	0.00327	0.00518	0.00518	0.00691	0.00752	0.01367	0.00776	0.12164	0.01591	0.77365	0.00346	0.00370	0.00179	0.00179
17	0.00558	0.00375	0.00431	0.00443	0.00446	0.00372	0.00254	0.00567	0.00593	0.00791	0.01353	0.13182	0.01574	0.75403	0.01805	0.00352	0.00361	0.00639	0.00254	0.00248
18	0.01349	0.01684	0.01050	0.00962	0.01147	0.73935	0.00723	0.01455	0.01050	0.00953	0.00663	0.00813	0.00565	0.00727	0.11086	0.00168	0.00751	0.00274	0.00203	0.00441
19	0.00713	0.00451	0.00666	0.00639	0.00738	0.00501	0.00501	0.00854	0.00693	0.11493	0.01113	0.01514	0.00979	0.02628	0.73941	0.00565	0.00959	0.00417	0.00245	0.00390
20	0.00755	0.00717	0.01179	0.74555	0.02487	0.00913	0.01059	0.00994	0.00761	0.00994	0.00674	0.01021	0.00522	0.00429	0.00506	0.00136	0.11340	0.00348	0.00174	0.00435
21	0.00858	0.00858	0.01201	0.01029	0.01029	0.01201	0.00858	0.00943	0.00600	0.00943	0.00515	0.00858	0.00515	0.00686	0.01287	0.00172	0.85505	0.00343	0.00172	0.00429
22	0.00573	0.00418	0.00555	0.00615	0.00691	0.00406	0.00488	0.00743	0.03382	0.01193	0.15602	0.29591	0.06639	0.01061	0.00507	0.00161	0.00281	0.36365	0.00375	0.00356
23	0.01653	0.00699	0.00913	0.00715	0.01008	0.00641	0.00586	0.03750	0.11570	0.71718	0.01539	0.01342	0.00992	0.00491	0.00395	0.00123	0.00333	0.00400	0.00472	0.00661
24	0.12606	0.01727	0.01043	0.00947	0.01154	0.73985	0.00715	0.01513	0.01054	0.01061	0.00598	0.00698	0.00495	0.00399	0.00339	0.00104	0.00656	0.00247	0.00207	0.00451
25	0.00925	0.00634	0.00746	0.00647	0.00826	0.00656	0.00506	0.11626	0.22070	0.11598	0.42343	0.02111	0.02349	0.00653	0.00429	0.00125	0.00266	0.00558	0.00425	0.00507
26	0.00476	0.00348	0.00448	0.00527	0.00564	0.00320	0.00356	0.00548	0.00769	0.01008	0.02391	0.75504	0.12907	0.01198	0.00496	0.00156	0.00224	0.01078	0.00364	0.00320
27	0.20018	0.00966	0.00995	0.00794	0.01080	0.01073	0.00650	0.49783	0.11887	0.07469	0.00980	0.00968	0.00702	0.00457	0.00361	0.00121	0.00382	0.00337	0.00367	0.00609
28	0.11827	0.00460	0.00558	0.00616	0.00715	0.00463	0.00504	0.00769	0.00840	0.01202	0.03606	0.20581	0.11031	0.02092	0.00504	0.00165	0.00305	0.43060	0.00347	0.00356
29	0.00560	0.00420	0.00630	0.00630	0.00700	0.00490	0.00490	0.00700	0.00630	0.00910	0.01050	0.01540	0.00980	0.02940	0.84669	0.00630	0.01050	0.00420	0.00210	0.00350
30	0.00740	0.00697	0.01176	0.85280	0.02700	0.00871	0.01089	0.01002	0.00784	0.01002	0.00697	0.01045	0.00523	0.00392	0.00392	0.00131	0.00523	0.00348	0.00174	0.00436
31	0.01001	0.00855	0.00901	0.00803	0.01029	0.00987	0.00627	0.06101	0.79009	0.01681	0.01563	0.01437	0.01170	0.00529	0.00399	0.00132	0.00316	0.00439	0.00399	0.00623
32	0.00553	0.00399	0.00520	0.00493	0.00582	0.00369	0.00367	0.00731	0.01089	0.01540	0.79726	0.04974	0.03621	0.02711	0.00497	0.00130	0.00190	0.00716	0.00426	0.00366
33	0.00965	0.00926	0.01581	0.04493	0.81736	0.00930	0.01200	0.01198	0.00890	0.01274	0.00736	0.00972	0.00619	0.00350	0.00388	0.00117	0.00467	0.00349	0.00194	0.00616
34	0.00740	0.00697	0.01176	0.85280	0.02700	0.00871	0.01089	0.01002	0.00784	0.01002	0.00697	0.01045	0.00523	0.00392	0.00392	0.00131	0.00523	0.00348	0.00174	0.00436
35	0.00482	0.00344	0.00460	0.00550	0.00575	0.00322	0.00371	0.00553	0.00755	0.01005	0.02159	0.83827	0.02584	0.01224	0.00501	0.00160	0.00231	0.03214	0.00364	0.00320
36	0.88991	0.00758	0.00576	0.00516	0.00758	0.00879	0.00425	0.01152	0.00667	0.01759	0.00546	0.00637	0.00425	0.00364	0.00243	0.00121	0.00303	0.00212	0.00243	0.00425
37	0.00470	0.00397	0.00407	0.00411	0.00539	0.00335	0.00310	0.00573	0.00895	0.01072	0.05648	0.05804	0.77744	0.00997	0.00466	0.00134	0.00203	0.02898	0.00365	0.00332
38	0.00813	0.00697	0.00813	0.00581	0.00929	0.00523	0.00465	0.00987	0.00813	0.01277	0.00697	0.00813	0.00581	0.00290	0.00290	0.00058	0.00290	0.00232	0.00232	0.88619
39	0.01048	0.86458	0.02054	0.00671	0.01006	0.01551	0.00671	0.01174	0.00797	0.00922	0.00545	0.00629	0.00503	0.00335	0.00252	0.00084	0.00419	0.00210	0.00168	0.00503
40	0.01490	0.01098	0.01177	0.00902	0.01216	0.01216	0.00745	0.82470	0.01843	0.02471	0.00941	0.00941	0.00667	0.00471	0.00392	0.00118	0.00431	0.00353	0.00392	0.00667
41	0.01098	0.01314	0.01876	0.01418	0.01735	0.28269	0.52439	0.01344	0.00973	0.01146	0.00721	0.00935	0.00562	0.00369	0.00461	0.00124	0.04130	0.00389	0.00198	0.00500
42	0.00463	0.00397	0.00397	0.00397	0.00530	0.00331	0.00298	0.00563	0.00894	0.01059	0.03971	0.03773	0.83618	0.00993	0.00463	0.00132	0.00199	0.00827	0.00364	0.00331
43	0.00466	0.00396	0.00401	0.00403	0.00532	0.00332	0.00301	0.00566	0.00895	0.01069	0.05672	0.05699	0.79950	0.00994	0.00464	0.00133	0.00199	0.00832	0.00366	0.00332
44	0.00478	0.00341	0.00455	0.00546	0.00569	0.00318	0.00364	0.00546	0.00751	0.01001	0.02161	0.85966	0.02593	0.01228	0.00500	0.00159	0.00227	0.01114	0.00364	0.00318
45	0.00628	0.00449	0.00628	0.00718	0.00806	0.00448	0.00625	0.00806	0.00899	0.01169	0.02078	0.06351	0.02264	0.01086	0.00541	0.00180	0.00358	0.79245	0.00361	0.00360
46	0.00477	0.00343	0.00453	0.00541	0.00567	0.00319	0.00362	0.00546	0.00755	0.01003	0.02216	0.83472	0.05052	0.01221	0.00499	0.00158	0.00227	0.01106	0.00364	0.00319
47	0.03181	0.00802	0.00952	0.00719	0.01037	0.00751	0.00589	0.24796	0.01231	0.34902	0.01106	0.01056	0.00759	0.00422	0.00360	0.00102	0.00349	0.00332	0.00380	0.26176
48	0.01048	0.86458	0.02054	0.00671	0.01006	0.01551	0.00671	0.01174	0.00797	0.00922	0.00545	0.00629	0.00503	0.00335	0.00252	0.00084	0.00419	0.00210	0.00168	0.00503
49	0.01048	0.86458	0.02054	0.00671	0.01006	0.01551	0.00671	0.01174	0.00797	0.00922	0.00545	0.00629	0.00503	0.00335	0.00252	0.00084	0.00419	0.00210	0.00168	0.00503
50	0.00702	0.00446	0.00592	0.00582	0.00700	0.00418	0.00471	0.00874	0.01014	0.10379	0.40241	0.03246	0.09540	0.00935	0.03035	0.00157	0.00283	0.25587	0.00403	0.00396
51	0.01708	0.00749	0.00960	0.00736	0.01042	0.00698	0.00608	0.17224	0.01259	0.68542	0.01432	0.01260	0.00913	0.00482	0.00394	0.00121	0.00352	0.00386	0.00468	0.00667
52	0.00731	0.00365	0.00365	0.00365	0.00457	0.00365	0.00274	0.00913	0.00822	0.01462	0.01279	0.01462	0.01005	0.00457	0.00274	0.00091	0.00183	0.00365	0.88399	0.00365
53	0.01464	0.01868	0.01111	0.01010	0.01212	0.84648	0.00757	0.01565	0.01111	0.00959	0.00606	0.00707	0.00505	0.00404	0.00353	0.00101	0.00707	0.00252	0.00202	0.00454
54	0.01141	0.00778	0.00910	0.00680	0.01005	0.00692	0.00553	0.19202	0.02385	0.17161	0.00948	0.01010	0.00711	0.00384	0.00338	0.00086	0.00331	0.01640	0.00320	0.49724
55	0.00740	0.00697	0.01176	0.85280	0.02700	0.00871	0.01089	0.01002	0.00784	0.01002	0.00697	0.01045	0.00523	0.00392	0.00392	0.00131	0.00523	0.00348	0.00174	0.00436
56	0.01464	0.01868	0.01111	0.01010	0.01212	0.84648	0.00757	0.01565	0.01111	0.00959	0.00606	0.00707	0.00505	0.00404	0.00353	0.00101	0.00707	0.00252	0.00202	0.00454
57	0.01144	0.00686	0.01009	0.03328	0.24263	0.00653	0.00726	0.02735	0.04157	0.31243	0.02318	0.17293	0.01230	0.00603	0.00414	0.00127	0.00354	0.03309	0.00352	0.04058
58	0.00570	0.00382	0.00436	0.00436	0.00439	0.00385	0.00249	0.00576	0.00573	0.00767	0.01227	0.02521	0.01406	0.82602	0.05589	0.00391	0.00409	0.00564	0.00236	0.00242
59	0.00893	0.00712	0.00834	0.00601	0.00945	0.00555	0.00483	0.04487	0.00873	0.05853	0.00754	0.00847	0.00606	0.00309	0.00300	0.00064	0.00299	0.00246	0.00253	0.80087
60	0.67512	0.00736	0.00658	0.00560	0.00818	0.00805	0.00462	0.01339	0.00779	0.22021	0.00792	0.00809	0.00559	0.00394	0.00280	0.00121	0.00311	0.00257	0.00302	0.00484
61	0.01154	0.00931	0.00970	0.00825	0.01073	0.03025	0.00654	0.25677	0.53974	0.03940	0.01374	0.01288	0.01016	0.00509	0.00394	0.00127	0.00354	0.00410	0.01678	0.00628
62	0.00553	0.00401	0.00521	0.00491	0.00584	0.00369	0.00368	0.00735	0.01104	0.01559	0.81566	0.02950	0.05711	0.00806	0.00462	0.00124	0.00185	0.00712	0.00430	0.00369
63	0.00569	0.00404	0.00563	0.00563	0.00609	0.00450	0.00407	0.00652	0.00606	0.00854	0.01088	0.01831	0.01099	0.27926	0.55664	0.04918	0.00813	0.00461	0.00216	0.00307
64	0.01513	0.03917	0.01132	0.00902	0.01171	0.33870	0.00719	0.34379	0.01400	0.15868	0.00902	0.00907	0.00651	0.00443	0.00373	0.00111	0.00522	0.00316	0.00327	0.00579
65	0.01428	0.04854	0.02858	0.01006	0.01229	0.74388	0.02170	0.05553	0.01127	0.01044	0.00626	0.00724	0.00514	0.00403	0.00354	0.00102	0.00680	0.00260	0.00209	0.00471
66	0.01411	0.00964	0.01145	0.01053	0.11620	0.12712	0.06065	0.15924	0.01180	0.33559	0.01141	0.01249	0.00831	0.00466	0.00395	0.00118	0.00442	0.04614	0.00354	0.04758
67	0.11823	0.55013	0.02487	0.12707	0.01235	0.02790	0.00708	0.04099	0.00835	0.04326	0.00623	0.00731	0.00520	0.00359	0.00284	0.00098	0.00424	0.00244	0.00199	0.00496
68	0.00782	0.00773	0.02378	0.68409	0.04475	0.02889	0.06001	0.01034	0.00794	0.01032	0.00703	0.01031	0.00538	0.00405	0.00444	0.00131	0.05412	0.00352	0.01970	0.00446
69	0.03405	0.00779	0.02558	0.08043	0.05845	0.02068	0.02105	0.11773	0.01073	0.38869	0.02197	0.02886	0.02935	0.02435	0.00514	0.00135	0.07835	0.03608	0.00366	0.00571
70	0.00506	0.00379	0.00472	0.00516	0.00580	0.00352	0.00364	0.00627	0.02646	0.01129	0.17113	0.48143	0.19059	0.02167	0.02001	0.00158	0.00235	0.02843	0.00372	0.00337
71	0.01048	0.86458	0.02054	0.00671	0.01006	0.01551	0.00671	0.01174	0.00797	0.00922	0.00545	0.00629	0.00503	0.00335	0.00252	0.00084	0.00419	0.00210	0.00168	0.00503
72	0.00478	0.00341	0.00455	0.00546	0.00569	0.00318	0.00364	0.00546	0.00751	0.01001	0.02161	0.85966	0.02593	0.01228	0.00500	0.00159	0.00227	0.01114	0.00364	0.00318
73	0.00560	0.00420	0.00630	0.00630	0.00700	0.00490	0.00490	0.00700	0.00630	0.00910	0.01050	0.01540	0.00980	0.02940	0.84669	0.00630	0.01050	0.00420	0.00210	0.00350
74	0.85837	0.03832	0.00629	0.00521	0.00767	0.00904	0.00433	0.01153	0.00672	0.01729	0.00546	0.00637	0.00427	0.00363	0.00243	0.00120	0.00307	0.00212	0.00240	0.00427
75	0.00960	0.41187	0.33330	0.00914	0.01328	0.04769	0.04558	0.02455	0.03126	0.01104	0.00653	0.00760	0.00527	0.00368	0.00342	0.00106	0.02532	0.00265	0.00180	0.00535

[dist]
# distance from previous block
# <min> <max>
0	30

[block]
# block no. 1 follows, 69 sequences, length 144
# corresponding to MSA columns:
# 249-350,354-395
name=unknown_B
#
# <colnr> <probs for GDERKNQSTAVLIFYWHMCP>
#	G	D	E	R	K	N	Q	S	T	A	V	L	I	F	Y	W	H	M	C	P
0	0.09565	0.04578	0.04188	0.03008	0.01225	0.45686	0.01751	0.21731	0.01221	0.02519	0.00703	0.00782	0.00545	0.00413	0.00353	0.00109	0.00575	0.00281	0.00254	0.00514
1	0.00488	0.00398	0.00432	0.00423	0.00545	0.00342	0.00317	0.00611	0.00952	0.01199	0.25618	0.03543	0.61884	0.00941	0.00463	0.00130	0.00195	0.00795	0.00382	0.00342
2	0.00786	0.02028	0.84191	0.01117	0.01697	0.00910	0.01448	0.01242	0.00828	0.01242	0.00704	0.00828	0.00497	0.00372	0.00372	0.00124	0.00579	0.00290	0.00166	0.00579
3	0.00551	0.00401	0.00519	0.00490	0.00584	0.00368	0.00367	0.00733	0.01102	0.01553	0.80635	0.02960	0.06645	0.00809	0.00462	0.00124	0.00185	0.00713	0.00429	0.00368
4	0.01048	0.86458	0.02054	0.00671	0.01006	0.01551	0.00671	0.01174	0.00797	0.00922	0.00545	0.00629	0.00503	0.00335	0.00252	0.00084	0.00419	0.00210	0.00168	0.00503
5	0.00560	0.00420	0.00630	0.00630	0.00700	0.00490	0.00490	0.00700	0.00630	0.00910	0.01050	0.01540	0.00980	0.02940	0.84669	0.00630	0.01050	0.00420	0.00210	0.00350
6	0.00773	0.00730	0.01235	0.73451	0.14273	0.00880	0.01105	0.01030	0.00799	0.01041	0.00703	0.01035	0.00537	0.00386	0.00391	0.00129	0.00514	0.00349	0.00177	0.00462
7	0.88991	0.00758	0.00576	0.00516	0.00758	0.00879	0.00425	0.01152	0.00667	0.01759	0.00546	0.00637	0.00425	0.00364	0.00243	0.00121	0.00303	0.00212	0.00243	0.00425
8	0.00635	0.02792	0.07119	0.00688	0.00810	0.04773	0.00582	0.00797	0.00674	0.00938	0.00988	0.01420	0.00907	0.02550	0.71817	0.00551	0.00981	0.00396	0.00205	0.00377
9	0.00793	0.04080	0.82195	0.01107	0.01680	0.00926	0.01430	0.01240	0.00827	0.01234	0.00700	0.00823	0.00497	0.00372	0.00370	0.00123	0.00575	0.00288	0.00166	0.00578
10	0.00555	0.00401	0.00524	0.00493	0.00586	0.00370	0.00370	0.00740	0.01110	0.01572	0.83570	0.02928	0.03699	0.00801	0.00462	0.00123	0.00185	0.00709	0.00432	0.00370
11	0.01040	0.00894	0.00922	0.00814	0.01044	0.03061	0.00637	0.10366	0.72667	0.01709	0.01504	0.01390	0.01125	0.00522	0.00397	0.00131	0.00333	0.00429	0.00393	0.00621
12	0.00555	0.00401	0.00524	0.00493	0.00586	0.00370	0.00370	0.00740	0.01110	0.01572	0.83570	0.02928	0.03699	0.00801	0.00462	0.00123	0.00185	0.00709	0.00432	0.00370
13	0.00796	0.01964	0.79402	0.01117	0.01680	0.00915	0.03178	0.01272	0.03799	0.01256	0.00738	0.00856	0.00524	0.00377	0.00375	0.00125	0.00571	0.00299	0.00175	0.00580
14	0.01457	0.01704	0.01095	0.00976	0.01192	0.70410	0.00741	0.07431	0.05212	0.05154	0.00725	0.00792	0.00573	0.00419	0.00361	0.00105	0.00649	0.00276	0.00239	0.00488
15	0.00564	0.00378	0.00429	0.00435	0.00436	0.00376	0.00245	0.00569	0.00581	0.00775	0.01292	0.07712	0.01497	0.80977	0.01903	0.00366	0.00371	0.00604	0.00245	0.00243
16	0.00475	0.00389	0.00421	0.00437	0.00546	0.00334	0.00321	0.00577	0.00883	0.01085	0.08815	0.18293	0.62297	0.01024	0.00472	0.00138	0.00206	0.02589	0.00368	0.00332
17	0.00740	0.00697	0.01176	0.85280	0.02700	0.00871	0.01089	0.01002	0.00784	0.01002	0.00697	0.01045	0.00523	0.00392	0.00392	0.00131	0.00523	0.00348	0.00174	0.00436
18	0.00486	0.00347	0.00463	0.00547	0.00575	0.00325	0.00371	0.00564	0.00776	0.01039	0.07063	0.79057	0.02652	0.01199	0.00499	0.00158	0.00228	0.02961	0.00368	0.00323
19	0.00482	0.00344	0.00460	0.00551	0.00576	0.00322	0.00372	0.00554	0.00755	0.01006	0.02158	0.83527	0.02583	0.01224	0.00502	0.00160	0.00231	0.03509	0.00364	0.00320
20	0.01001	0.00855	0.00901	0.00803	0.01029	0.00987	0.00627	0.06053	0.79057	0.01681	0.01563	0.01437	0.01171	0.00529	0.00399	0.00132	0.00316	0.00439	0.00399	0.00623
21	0.32008	0.53166	0.04562	0.00633	0.00944	0.01291	0.00613	0.01169	0.00752	0.01229	0.00551	0.00639	0.00475	0.00347	0.00253	0.00099	0.00384	0.00214	0.00194	0.00478
22	0.00745	0.00702	0.01185	0.83507	0.04435	0.00872	0.01091	0.01006	0.00786	0.01008	0.00698	0.01044	0.00525	0.00391	0.00392	0.00130	0.00521	0.00348	0.00175	0.00439
23	0.00598	0.00390	0.00535	0.00531	0.00580	0.00384	0.00383	0.00648	0.00836	0.01160	0.38697	0.13295	0.02386	0.03157	0.00872	0.27973	0.02993	0.03962	0.00324	0.00299
24	0.24733	0.22695	0.08086	0.00669	0.00991	0.00995	0.00620	0.09875	0.02894	0.01458	0.02762	0.00803	0.00615	0.00367	0.00292	0.00097	0.00364	0.00256	0.00239	0.21188
25	0.00997	0.18764	0.39055	0.00875	0.01319	0.00953	0.00983	0.05794	0.00910	0.10910	0.00782	0.00850	0.00577	0.00370	0.00338	0.00104	0.00461	0.00279	0.00227	0.15452
26	0.08353	0.26960	0.20551	0.00854	0.01194	0.06291	0.00855	0.16546	0.05750	0.01410	0.01765	0.00831	0.00607	0.00416	0.00391	0.00113	0.06049	0.00287	0.00235	0.00542
27	0.00782	0.00698	0.01037	0.00883	0.01058	0.00749	0.15483	0.01235	0.23574	0.01386	0.21018	0.02260	0.03359	0.00684	0.00544	0.00143	0.09072	0.15223	0.00339	0.00472
28	0.00813	0.00697	0.00813	0.00581	0.00929	0.00523	0.00465	0.00987	0.00813	0.01277	0.00697	0.00813	0.00581	0.00290	0.00290	0.00058	0.00290	0.00232	0.00232	0.88619
29	0.00885	0.00767	0.01204	0.55542	0.15589	0.03154	0.02020	0.01157	0.03789	0.07665	0.02853	0.01105	0.00678	0.00406	0.00392	0.00126	0.00486	0.00362	0.00218	0.01601
30	0.01490	0.01117	0.01175	0.00905	0.01216	0.03281	0.00745	0.80467	0.01825	0.02433	0.00933	0.00935	0.00663	0.00469	0.00391	0.00117	0.00438	0.00350	0.00387	0.00661
31	0.00970	0.00931	0.01591	0.02406	0.83777	0.00931	0.01203	0.01203	0.00893	0.01281	0.00737	0.00970	0.00621	0.00349	0.00388	0.00116	0.00466	0.00349	0.00194	0.00621
32	0.00740	0.00697	0.01176	0.85280	0.02700	0.00871	0.01089	0.01002	0.00784	0.01002	0.00697	0.01045	0.00523	0.00392	0.00392	0.00131	0.00523	0.00348	0.00174	0.00436
33	0.00478	0.00341	0.00455	0.00546	0.00569	0.00318	0.00364	0.00546	0.00751	0.01001	0.02161	0.85966	0.02593	0.01228	0.00500	0.00159	0.00227	0.01114	0.00364	0.00318
34	0.06103	0.05752	0.00636	0.00608	0.00685	0.02782	0.01884	0.00699	0.00782	0.01070	0.01882	0.60418	0.02190	0.01061	0.00470	0.00153	0.00283	0.11858	0.00336	0.00350
35	0.01077	0.00893	0.00944	0.00818	0.01058	0.01023	0.00645	0.18020	0.66965	0.01805	0.01466	0.01359	0.01092	0.00520	0.00398	0.00130	0.00334	0.00425	0.00398	0.00630
36	0.01073	0.81489	0.01999	0.00691	0.01018	0.06433	0.00676	0.01197	0.00815	0.00925	0.00549	0.00633	0.00503	0.00339	0.00258	0.00085	0.00436	0.00212	0.00170	0.00500
37	0.01026	0.27713	0.43536	0.00940	0.02919	0.01068	0.01064	0.03316	0.00886	0.12944	0.00781	0.00844	0.00572	0.00379	0.00339	0.00111	0.00490	0.00283	0.00218	0.00571
38	0.09033	0.01074	0.01110	0.43738	0.03253	0.25634	0.00908	0.03799	0.00895	0.01107	0.00654	0.00893	0.00514	0.00412	0.00419	0.00123	0.05481	0.00308	0.00196	0.00450
39	0.01490	0.01098	0.01177	0.00902	0.01216	0.01216	0.00745	0.82470	0.01843	0.02471	0.00941	0.00941	0.00667	0.00471	0.00392	0.00118	0.00431	0.00353	0.00392	0.00667
40	0.01464	0.01868	0.01111	0.01010	0.01212	0.84648	0.00757	0.01565	0.01111	0.00959	0.00606	0.00707	0.00505	0.00404	0.00353	0.00101	0.00707	0.00252	0.00202	0.00454
41	0.00485	0.00398	0.00427	0.00420	0.00543	0.00340	0.00315	0.00605	0.00945	0.01181	0.22824	0.03573	0.64690	0.00948	0.00463	0.00130	0.00195	0.00799	0.00380	0.00340
42	0.00534	0.00365	0.00438	0.00473	0.00482	0.00356	0.00287	0.00561	0.00640	0.00854	0.01594	0.34932	0.01878	0.53238	0.01415	0.00294	0.00321	0.00781	0.00287	0.00269
43	0.00508	0.00395	0.00461	0.00452	0.00559	0.00349	0.00336	0.00646	0.00987	0.01299	0.41626	0.08445	0.40699	0.00917	0.00465	0.00130	0.00194	0.00789	0.00396	0.00349
44	0.00560	0.00419	0.00624	0.00624	0.00692	0.00487	0.00483	0.00696	0.00628	0.00906	0.01056	0.01570	0.00993	0.05407	0.82220	0.00623	0.01030	0.00424	0.00211	0.00347
45	0.00608	0.00434	0.00604	0.00695	0.00775	0.00431	0.00590	0.00771	0.00879	0.01147	0.02089	0.17016	0.02308	0.01105	0.00535	0.00177	0.00340	0.68779	0.00361	0.00354
46	0.00975	0.00842	0.00886	0.00798	0.01019	0.00975	0.00621	0.02083	0.83069	0.01640	0.01596	0.01463	0.01197	0.00532	0.00399	0.00133	0.00310	0.00443	0.00399	0.00621
47	0.88991	0.00758	0.00576	0.00516	0.00758	0.00879	0.00425	0.01152	0.00667	0.01759	0.00546	0.00637	0.00425	0.00364	0.00243	0.00121	0.00303	0.00212	0.00243	0.00425
48	0.00858	0.00858	0.01201	0.01029	0.01029	0.01201	0.00858	0.00943	0.00600	0.00943	0.00515	0.00858	0.00515	0.00686	0.01287	0.00172	0.85505	0.00343	0.00172	0.00429
49	0.88991	0.00758	0.00576	0.00516	0.00758	0.00879	0.00425	0.01152	0.00667	0.01759	0.00546	0.00637	0.00425	0.00364	0.00243	0.00121	0.00303	0.00212	0.00243	0.00425
50	0.88991	0.00758	0.00576	0.00516	0.00758	0.00879	0.00425	0.01152	0.00667	0.01759	0.00546	0.00637	0.00425	0.00364	0.00243	0.00121	0.00303	0.00212	0.00243	0.00425
51	0.01245	0.34824	0.09519	0.00876	0.01173	0.38953	0.00786	0.04344	0.00988	0.03128	0.00628	0.00713	0.00521	0.00379	0.00318	0.00098	0.00563	0.00247	0.00199	0.00499
52	0.04107	0.17051	0.59417	0.02027	0.01557	0.01035	0.05358	0.03001	0.00843	0.01228	0.00679	0.00802	0.00504	0.00366	0.00351	0.00117	0.00541	0.00283	0.00175	0.00558
53	0.00570	0.00380	0.00428	0.00428	0.00428	0.00380	0.00238	0.00570	0.00570	0.00760	0.01235	0.02566	0.01425	0.86222	0.01995	0.00380	0.00380	0.00570	0.00238	0.00238
54	0.00477	0.00343	0.00453	0.00540	0.00567	0.00319	0.00361	0.00546	0.00756	0.01003	0.02228	0.82936	0.05580	0.01220	0.00499	0.00158	0.00226	0.01104	0.00364	0.00319
55	0.00970	0.00931	0.01591	0.02406	0.83777	0.00931	0.01203	0.01203	0.00893	0.01281	0.00737	0.00970	0.00621	0.00349	0.00388	0.00116	0.00466	0.00349	0.00194	0.00621
56	0.00570	0.00380	0.00428	0.00428	0.00428	0.00380	0.00238	0.00570	0.00570	0.00760	0.01235	0.02566	0.01425	0.86222	0.01995	0.00380	0.00380	0.00570	0.00238	0.00238
57	0.00925	0.01058	0.02313	0.01652	0.02049	0.00991	0.82353	0.01256	0.00925	0.01256	0.00793	0.01058	0.00595	0.00330	0.00463	0.00132	0.00661	0.00463	0.00198	0.00529
58	0.01048	0.86458	0.02054	0.00671	0.01006	0.01551	0.00671	0.01174	0.00797	0.00922	0.00545	0.00629	0.00503	0.00335	0.00252	0.00084	0.00419	0.00210	0.00168	0.00503
59	0.01618	0.00927	0.00987	0.00785	0.01069	0.12851	0.00636	0.18570	0.02526	0.51699	0.01273	0.01169	0.00844	0.00534	0.02546	0.00131	0.00426	0.00367	0.00417	0.00628
60	0.00790	0.03226	0.83025	0.01111	0.01687	0.00920	0.01437	0.01241	0.00827	0.01237	0.00701	0.00825	0.00497	0.00372	0.00371	0.00124	0.00577	0.00289	0.00166	0.00578
61	0.00786	0.02028	0.84191	0.01117	0.01697	0.00910	0.01448	0.01242	0.00828	0.01242	0.00704	0.00828	0.00497	0.00372	0.00372	0.00124	0.00579	0.00290	0.00166	0.00579
62	0.00473	0.00395	0.00414	0.00422	0.00544	0.00336	0.00317	0.00576	0.00891	0.01076	0.06340	0.09234	0.72725	0.01006	0.00469	0.00136	0.00206	0.03742	0.00366	0.00332
63	0.27859	0.00942	0.00962	0.00760	0.01051	0.01034	0.00627	0.47876	0.01399	0.12505	0.00898	0.00899	0.00632	0.00440	0.00347	0.00119	0.00381	0.00316	0.00359	0.00594
64	0.01685	0.00785	0.00983	0.00754	0.01060	0.00752	0.00623	0.23996	0.01320	0.61684	0.01381	0.01227	0.00887	0.00481	0.00394	0.00120	0.00360	0.00383	0.00460	0.00667
65	0.00637	0.00676	0.12838	0.00650	0.00762	0.00543	0.02946	0.00734	0.00644	0.00902	0.03161	0.02771	0.02029	0.39034	0.15890	0.08702	0.06060	0.00476	0.00218	0.00327
66	0.01048	0.86458	0.02054	0.00671	0.01006	0.01551	0.00671	0.01174	0.00797	0.00922	0.00545	0.00629	0.00503	0.00335	0.00252	0.00084	0.00419	0.00210	0.00168	0.00503
67	0.00474	0.00367	0.00432	0.00480	0.00552	0.00326	0.00335	0.00559	0.00824	0.01044	0.05561	0.47677	0.37743	0.01113	0.00483	0.00146	0.00214	0.00977	0.00366	0.00326
68	0.01759	0.00667	0.00910	0.00698	0.01001	0.00576	0.00576	0.01911	0.01122	0.84048	0.01547	0.01334	0.00970	0.00485	0.00394	0.00121	0.00334	0.00394	0.00485	0.00667
69	0.01054	0.82535	0.02013	0.00687	0.01012	0.03541	0.00677	0.01178	0.00800	0.00924	0.00546	0.00636	0.00503	0.00345	0.00277	0.00086	0.02304	0.00214	0.00169	0.00500
70	0.01753	0.00677	0.00916	0.00702	0.01006	0.00591	0.00580	0.03794	0.01139	0.82141	0.01532	0.01325	0.00963	0.00485	0.00394	0.00121	0.00336	0.00393	0.00483	0.00667
71	0.00552	0.00381	0.00425	0.00428	0.00447	0.00371	0.00251	0.00568	0.00620	0.00809	0.01631	0.06134	0.12217	0.71606	0.01734	0.00339	0.00350	0.00626	0.00259	0.00253
72	0.11736	0.01520	0.49727	0.01023	0.03382	0.00866	0.05746	0.04521	0.00906	0.15716	0.00846	0.00913	0.00585	0.00392	0.00367	0.00123	0.00499	0.00312	0.00242	0.00577
73	0.03115	0.01046	0.03136	0.01573	0.01961	0.00977	0.75318	0.01290	0.03000	0.03328	0.00825	0.01062	0.00614	0.00341	0.00453	0.00132	0.00634	0.00452	0.00211	0.00533
74	0.00626	0.00449	0.00623	0.00710	0.00802	0.00447	0.00619	0.00803	0.00902	0.01169	0.02146	0.04398	0.05256	0.01080	0.00539	0.00179	0.00355	0.78177	0.00361	0.00360
75	0.00745	0.00518	0.00734	0.02167	0.00733	0.00617	0.00516	0.04823	0.00623	0.00873	0.00716	0.01165	0.00691	0.02287	0.13641	0.48036	0.20284	0.00356	0.00188	0.00288
76	0.00883	0.03556	0.61061	0.01184	0.01704	0.00918	0.17057	0.01287	0.00865	0.06708	0.00773	0.00901	0.00547	0.00371	0.00389	0.00125	0.00576	0.00328	0.00193	0.00574
77	0.02618	0.00956	0.03662	0.02271	0.75338	0.00941	0.02918	0.01195	0.00877	0.01276	0.00726	0.00958	0.00610	0.00362	0.00420	0.00119	0.03605	0.00347	0.00194	0.00607
78	0.02602	0.00910	0.01498	0.13439	0.67709	0.02286	0.01156	0.01174	0.00869	0.01238	0.00720	0.00967	0.00599	0.00365	0.00410	0.00120	0.02817	0.00345	0.00192	0.00584
79	0.00740	0.00697	0.01176	0.85280	0.02700	0.00871	0.01089	0.01002	0.00784	0.01002	0.00697	0.01045	0.00523	0.00392	0.00392	0.00131	0.00523	0.00348	0.00174	0.00436
80	0.00560	0.00419	0.00624	0.00624	0.00693	0.00487	0.00483	0.00696	0.00628	0.00906	0.01055	0.01568	0.00992	0.05234	0.82391	0.00623	0.01032	0.00424	0.00211	0.00347
81	0.01242	0.01487	0.01144	0.02199	0.01169	0.53041	0.00797	0.02426	0.00937	0.00975	0.00580	0.00768	0.00511	0.00504	0.00682	0.00126	0.30484	0.00287	0.00193	0.00448
82	0.00794	0.01981	0.80597	0.01165	0.04338	0.00912	0.02369	0.01240	0.00831	0.01243	0.00706	0.00835	0.00502	0.00371	0.00374	0.00124	0.00577	0.00294	0.00167	0.00580
83	0.00480	0.00384	0.00432	0.00465	0.00562	0.00336	0.00342	0.00576	0.00851	0.01050	0.03290	0.28432	0.53394	0.01070	0.00480	0.00144	0.00219	0.06798	0.00364	0.00329
84	0.00523	0.00361	0.00446	0.00495	0.00509	0.00350	0.00312	0.00563	0.00671	0.00894	0.01734	0.45919	0.02050	0.40219	0.01187	0.00261	0.00300	0.02615	0.00306	0.00282
85	0.00570	0.00381	0.00434	0.00434	0.00436	0.00384	0.00246	0.00574	0.00572	0.00765	0.01229	0.02533	0.01411	0.83546	0.04652	0.00388	0.00402	0.00565	0.00237	0.00241
86	0.00629	0.00450	0.00628	0.00715	0.00805	0.00449	0.00623	0.00810	0.00909	0.01186	0.04694	0.04374	0.02303	0.01074	0.00539	0.00179	0.00355	0.78554	0.00363	0.00361
87	0.00515	0.00405	0.00434	0.00423	0.00553	0.00345	0.00318	0.00631	0.00938	0.03437	0.18126	0.03555	0.67063	0.00945	0.00461	0.00130	0.00200	0.00794	0.00379	0.00347
88	0.01048	0.86458	0.02054	0.00671	0.01006	0.01551	0.00671	0.01174	0.00797	0.00922	0.00545	0.00629	0.00503	0.00335	0.00252	0.00084	0.00419	0.00210	0.00168	0.00503
89	0.00975	0.00842	0.00886	0.00798	0.01019	0.00975	0.00621	0.02083	0.83069	0.01640	0.01596	0.01463	0.01197	0.00532	0.00399	0.00133	0.00310	0.00443	0.00399	0.00621
90	0.00731	0.00365	0.00365	0.00365	0.00457	0.00365	0.00274	0.00913	0.00822	0.01462	0.01279	0.01462	0.01005	0.00457	0.00274	0.00091	0.00183	0.00365	0.88399	0.00365
91	0.00925	0.01058	0.02313	0.01652	0.02049	0.00991	0.82353	0.01256	0.00925	0.01256	0.00793	0.01058	0.00595	0.00330	0.00463	0.00132	0.00661	0.00463	0.00198	0.00529
92	0.01759	0.00667	0.00910	0.00698	0.01001	0.00576	0.00576	0.01911	0.01122	0.84048	0.01547	0.01334	0.00970	0.00485	0.00394	0.00121	0.00334	0.00394	0.00485	0.00667
93	0.01466	0.01818	0.01115	0.01003	0.01212	0.79165	0.00757	0.06883	0.01159	0.01059	0.00628	0.00722	0.00516	0.00408	0.00356	0.00102	0.00689	0.00259	0.00214	0.00468
94	0.01022	0.00865	0.00913	0.00807	0.01037	0.00997	0.00632	0.09376	0.75700	0.01715	0.01536	0.01415	0.01149	0.00526	0.00398	0.00132	0.00321	0.00435	0.00398	0.00625
95	0.00605	0.00432	0.00602	0.00692	0.00771	0.00429	0.00586	0.00767	0.00877	0.01144	0.02090	0.18337	0.02314	0.01108	0.00534	0.00177	0.00338	0.67482	0.00361	0.00354
96	0.00601	0.00423	0.00617	0.00613	0.00684	0.00478	0.00468	0.00728	0.00647	0.03903	0.01122	0.04565	0.01073	0.09695	0.71835	0.00575	0.00940	0.00456	0.00228	0.00351
97	0.01303	0.01113	0.08136	0.02389	0.01239	0.01130	0.00783	0.56231	0.19850	0.02156	0.01063	0.01050	0.00768	0.00475	0.00392	0.00122	0.00419	0.00368	0.00371	0.00645
98	0.00918	0.00900	0.03291	0.20018	0.54466	0.00936	0.03642	0.01152	0.00849	0.02341	0.00724	0.00982	0.00593	0.00387	0.00461	0.00125	0.07110	0.00351	0.00192	0.00563
99	0.00532	0.00374	0.00429	0.00450	0.00476	0.00358	0.00276	0.00563	0.00663	0.00863	0.01887	0.21865	0.14895	0.53061	0.01407	0.00290	0.00316	0.00736	0.00287	0.00271
100	0.00588	0.00463	0.00654	0.00647	0.00719	0.02473	0.00504	0.00726	0.00641	0.00912	0.01028	0.01506	0.00959	0.02833	0.80913	0.00608	0.02849	0.00414	0.00209	0.00354
101	0.01469	0.01088	0.01165	0.00898	0.01208	0.01206	0.00740	0.79140	0.05207	0.02436	0.00968	0.00963	0.00689	0.00473	0.00392	0.00118	0.00426	0.00357	0.00392	0.00665
102	0.00819	0.00703	0.00824	0.00607	0.01881	0.00538	0.00477	0.01015	0.02737	0.01286	0.00718	0.00830	0.00596	0.00297	0.00294	0.00060	0.00293	0.00239	0.00236	0.85552
103	0.04905	0.01820	0.03760	0.00993	0.01210	0.77651	0.00766	0.02502	0.01093	0.01018	0.00611	0.00711	0.00503	0.00402	0.00350	0.00103	0.00684	0.00253	0.00205	0.00460
104	0.00481	0.00398	0.00422	0.00416	0.00541	0.00339	0.00312	0.00597	0.00936	0.01160	0.19588	0.03607	0.67939	0.00955	0.00463	0.00131	0.00196	0.00804	0.00377	0.00339
105	0.00477	0.00363	0.00435	0.00489	0.00551	0.00326	0.00337	0.00557	0.00805	0.01028	0.04565	0.52668	0.31542	0.03284	0.00524	0.00154	0.00220	0.00989	0.00362	0.00322
106	0.01743	0.00663	0.00901	0.00692	0.00992	0.00573	0.00572	0.01895	0.01117	0.82777	0.01543	0.01336	0.00971	0.00485	0.00392	0.00121	0.00331	0.00394	0.01839	0.00663
107	0.00863	0.00675	0.00748	0.00680	0.00862	0.00736	0.00528	0.01583	0.49293	0.05933	0.21816	0.02061	0.08026	0.00643	0.00421	0.00131	0.00272	0.02521	0.01679	0.00530
108	0.86408	0.00755	0.00586	0.00521	0.00765	0.00870	0.00429	0.01175	0.00681	0.04196	0.00576	0.00658	0.00441	0.00368	0.00247	0.00121	0.00304	0.00218	0.00250	0.00432
109	0.01469	0.01078	0.01154	0.00887	0.01195	0.01192	0.00732	0.80223	0.01815	0.02443	0.00951	0.00956	0.00676	0.00470	0.00389	0.00117	0.00425	0.00353	0.02816	0.00658
110	0.01490	0.01098	0.01177	0.00902	0.01216	0.01216	0.00745	0.82470	0.01843	0.02471	0.00941	0.00941	0.00667	0.00471	0.00392	0.00118	0.00431	0.00353	0.00392	0.00667
111	0.00947	0.01440	0.47498	0.03109	0.11294	0.00807	0.01130	0.03871	0.00913	0.13860	0.03931	0.06048	0.00846	0.02073	0.00420	0.00130	0.00484	0.00385	0.00248	0.00568
112	0.00619	0.00561	0.03769	0.00948	0.18366	0.00502	0.00586	0.00781	0.03264	0.01130	0.07002	0.39191	0.14571	0.03058	0.01531	0.00154	0.00304	0.02939	0.00321	0.00406
113	0.25990	0.57365	0.03877	0.00646	0.00961	0.01333	0.00625	0.03516	0.00791	0.01213	0.00561	0.00646	0.00485	0.00348	0.00256	0.00097	0.00391	0.00217	0.00195	0.00488
114	0.00839	0.01665	0.54158	0.01282	0.01788	0.00940	0.28059	0.01277	0.03892	0.01261	0.00766	0.00927	0.00555	0.00365	0.00403	0.00127	0.00596	0.00352	0.00185	0.00564
115	0.01485	0.01265	0.01162	0.00925	0.01215	0.19345	0.00748	0.64890	0.01684	0.02142	0.00868	0.00890	0.00632	0.00456	0.00384	0.00114	0.00491	0.00331	0.00351	0.00621
116	0.01490	0.01098	0.01177	0.00902	0.01216	0.01216	0.00745	0.82470	0.01843	0.02471	0.00941	0.00941	0.00667	0.00471	0.00392	0.00118	0.00431	0.00353	0.00392	0.00667
117	0.00560	0.00419	0.00627	0.00627	0.00696	0.00488	0.00486	0.00698	0.00629	0.00908	0.01053	0.01557	0.00987	0.04290	0.83329	0.00626	0.01039	0.00422	0.00210	0.00348
118	0.01490	0.01098	0.01177	0.00902	0.01216	0.01216	0.00745	0.82470	0.01843	0.02471	0.00941	0.00941	0.00667	0.00471	0.00392	0.00118	0.00431	0.00353	0.00392	0.00667
119	0.00835	0.00824	0.01157	0.00999	0.01004	0.01146	0.00830	0.00925	0.00603	0.00941	0.00556	0.00910	0.00550	0.00859	0.07667	0.00207	0.79042	0.00349	0.00174	0.00423
120	0.03149	0.00959	0.06327	0.01007	0.01066	0.04168	0.00868	0.02105	0.00666	0.02154	0.01683	0.00881	0.00563	0.00644	0.01134	0.00163	0.71496	0.00339	0.00185	0.00445
121	0.01570	0.00929	0.00991	0.00789	0.01072	0.10990	0.00639	0.22991	0.06185	0.45181	0.03705	0.01210	0.00928	0.00484	0.00391	0.00119	0.00399	0.00378	0.00420	0.00630
122	0.01048	0.86458	0.02054	0.00671	0.01006	0.01551	0.00671	0.01174	0.00797	0.00922	0.00545	0.00629	0.00503	0.00335	0.00252	0.00084	0.00419	0.00210	0.00168	0.00503
123	0.01016	0.03247	0.01021	0.00862	0.01044	0.30032	0.08667	0.05273	0.01029	0.03317	0.15646	0.03766	0.04418	0.02004	0.05476	0.00156	0.03038	0.07904	0.00283	0.01802
124	0.01005	0.72453	0.15679	0.00745	0.01121	0.01445	0.00800	0.01185	0.00802	0.00975	0.00571	0.00662	0.00502	0.00342	0.00272	0.00091	0.00446	0.00223	0.00167	0.00516
125	0.00500	0.00391	0.00453	0.00454	0.00556	0.00344	0.00334	0.00628	0.00956	0.01246	0.34038	0.14748	0.42044	0.00952	0.00468	0.00133	0.00197	0.00822	0.00390	0.00344
126	0.88991	0.00758	0.00576	0.00516	0.00758	0.00879	0.00425	0.01152	0.00667	0.01759	0.00546	0.00637	0.00425	0.00364	0.00243	0.00121	0.00303	0.00212	0.00243	0.00425
127	0.00551	0.00399	0.00520	0.00494	0.00584	0.00367	0.00369	0.00730	0.01093	0.01544	0.79399	0.05940	0.04896	0.00820	0.00464	0.00125	0.00187	0.00725	0.00428	0.00367
128	0.01717	0.00681	0.00914	0.00699	0.01005	0.00593	0.00577	0.04263	0.01132	0.78644	0.01498	0.01304	0.00947	0.00478	0.00390	0.00119	0.00335	0.00387	0.00473	0.03843
129	0.00554	0.00400	0.00524	0.00501	0.00591	0.00370	0.00376	0.00735	0.01091	0.01541	0.78544	0.05965	0.03622	0.00824	0.00466	0.00126	0.00191	0.02783	0.00427	0.00368
130	0.00492	0.00419	0.00427	0.00421	0.00556	0.00364	0.00317	0.00645	0.04961	0.01109	0.07152	0.03624	0.76236	0.00962	0.00460	0.00132	0.00204	0.00804	0.00369	0.00347
131	0.01048	0.86458	0.02054	0.00671	0.01006	0.01551	0.00671	0.01174	0.00797	0.00922	0.00545	0.00629	0.00503	0.00335	0.00252	0.00084	0.00419	0.00210	0.00168	0.00503
132	0.00849	0.00741	0.01175	0.73065	0.03702	0.00899	0.01041	0.09409	0.00904	0.03424	0.00746	0.01041	0.00551	0.00402	0.00392	0.00129	0.00507	0.00350	0.00205	0.00468
133	0.00579	0.00391	0.00515	0.00515	0.00542	0.00418	0.00346	0.00613	0.00586	0.00809	0.01100	0.02012	0.01168	0.44403	0.33688	0.10704	0.00633	0.00486	0.00219	0.00273
134	0.00988	0.00849	0.00894	0.00800	0.01024	0.00981	0.00624	0.04116	0.81014	0.01661	0.01579	0.01449	0.01183	0.00530	0.00399	0.00133	0.00313	0.00441	0.00399	0.00622
135	0.00661	0.00569	0.00788	0.03781	0.00850	0.02822	0.00593	0.00784	0.00638	0.00915	0.00908	0.01390	0.00863	0.06367	0.55580	0.00477	0.21042	0.00402	0.00201	0.00369
136	0.00705	0.00529	0.00690	0.00657	0.00743	0.03257	0.00505	0.03828	0.02512	0.05021	0.01076	0.02704	0.01003	0.11172	0.58993	0.00503	0.05055	0.00433	0.00237	0.00378
137	0.01031	0.01075	0.00832	0.00753	0.00927	0.33051	0.00573	0.05401	0.13972	0.02610	0.24426	0.01782	0.09725	0.00599	0.00404	0.00116	0.00422	0.00476	0.01368	0.00458
138	0.00478	0.00341	0.00455	0.00546	0.00569	0.00318	0.00364	0.00546	0.00751	0.01001	0.02161	0.85966	0.02593	0.01228	0.00500	0.00159	0.00227	0.01114	0.00364	0.00318
139	0.02352	0.17395	0.49392	0.01047	0.01517	0.05425	0.08681	0.04437	0.02912	0.02325	0.00717	0.00830	0.00536	0.00372	0.00357	0.00116	0.00544	0.00295	0.00191	0.00557
140	0.00584	0.00398	0.00472	0.00469	0.00486	0.00412	0.00287	0.00632	0.03020	0.00805	0.01206	0.02353	0.01337	0.69771	0.13591	0.02667	0.00471	0.00539	0.00237	0.00263
141	0.00523	0.00374	0.00501	0.00586	0.00627	0.00358	0.00423	0.01782	0.00797	0.01057	0.02126	0.68412	0.02498	0.01188	0.00507	0.00163	0.00257	0.17125	0.00364	0.00332
142	0.00786	0.02028	0.84191	0.01117	0.01697	0.00910	0.01448	0.01242	0.00828	0.01242	0.00704	0.00828	0.00497	0.00372	0.00372	0.00124	0.00579	0.00290	0.00166	0.00579
143	0.20139	0.01064	0.02474	0.01050	0.09110	0.14991	0.10835	0.06535	0.23110	0.02979	0.00932	0.00997	0.00715	0.00429	0.00390	0.00123	0.02969	0.00343	0.00278	0.00536

[dist]
# distance from previous block
# <min> <max>
1	3

[block]
# block no. 2 follows, 69 sequences, length 11
# corresponding to MSA columns:
# 399-409
name=unknown_C
#
# <colnr> <probs for GDERKNQSTAVLIFYWHMCP>
#	G	D	E	R	K	N	Q	S	T	A	V	L	I	F	Y	W	H	M	C	P
0	0.02863	0.28175	0.08625	0.00930	0.01247	0.24843	0.08211	0.14788	0.02588	0.01285	0.00687	0.00779	0.00552	0.00383	0.00337	0.00103	0.00531	0.00280	0.00224	0.02568
1	0.00916	0.00790	0.01233	0.13943	0.35348	0.00806	0.04572	0.03752	0.08335	0.05577	0.01100	0.07848	0.03245	0.00486	0.00401	0.00122	0.00417	0.02830	0.00258	0.08022
2	0.06535	0.08182	0.07256	0.00899	0.02981	0.18207	0.00746	0.21617	0.26605	0.01617	0.00997	0.01003	0.00756	0.00448	0.00364	0.00117	0.00453	0.00335	0.00307	0.00573
3	0.01481	0.05679	0.01210	0.00879	0.01193	0.01200	0.00732	0.73868	0.01749	0.06658	0.00952	0.00945	0.00674	0.00464	0.00385	0.00116	0.00426	0.00347	0.00385	0.00658
4	0.01000	0.09947	0.01598	0.04247	0.32644	0.07258	0.16818	0.02738	0.11173	0.01255	0.00816	0.00986	0.00658	0.00389	0.00428	0.00119	0.04556	0.00358	0.00221	0.02791
5	0.00939	0.00749	0.03983	0.05026	0.17280	0.05460	0.01976	0.01165	0.05436	0.15346	0.16871	0.16203	0.01656	0.00655	0.00457	0.00131	0.03318	0.02523	0.00331	0.00495
6	0.01054	0.00920	0.00960	0.07147	0.01182	0.05332	0.00680	0.13113	0.61414	0.01672	0.01386	0.01320	0.01037	0.00506	0.00395	0.00129	0.00363	0.00414	0.00371	0.00604
7	0.00535	0.00386	0.00517	0.00591	0.00648	0.00368	0.00449	0.00653	0.00842	0.01116	0.10230	0.47311	0.06359	0.01128	0.00508	0.00161	0.00266	0.27225	0.00370	0.00338
8	0.29702	0.07843	0.02697	0.02352	0.04733	0.03594	0.28609	0.01279	0.00841	0.10480	0.00754	0.00891	0.00566	0.00377	0.00389	0.00123	0.03691	0.00333	0.00240	0.00505
9	0.01001	0.41675	0.25207	0.01102	0.14977	0.03654	0.00982	0.03157	0.00863	0.03160	0.00658	0.00769	0.00536	0.00357	0.00318	0.00103	0.00479	0.00265	0.00186	0.00551
10	0.00487	0.00345	0.00452	0.00534	0.00555	0.00325	0.00351	0.00548	0.00733	0.00977	0.02069	0.77666	0.02477	0.09687	0.00649	0.00181	0.00243	0.01060	0.00351	0.00310

[dist]
# distance from previous block
# <min> <max>
0	2

[block]
# block no. 3 follows, 69 sequences, length 24
# corresponding to MSA columns:
# 412-416,418-426,428-437
name=unknown_D
#
# <colnr> <probs for GDERKNQSTAVLIFYWHMCP>
#	G	D	E	R	K	N	Q	S	T	A	V	L	I	F	Y	W	H	M	C	P
0	0.00557	0.00384	0.00433	0.00430	0.00453	0.00374	0.00256	0.00584	0.00654	0.00866	0.08873	0.02731	0.10711	0.69194	0.01690	0.00330	0.00343	0.00611	0.00269	0.00260
1	0.01168	0.51116	0.06446	0.00840	0.03572	0.14223	0.02002	0.08706	0.02425	0.05274	0.00678	0.00748	0.00559	0.00372	0.00304	0.00096	0.00473	0.00255	0.00215	0.00529
2	0.01288	0.00993	0.05389	0.02470	0.01160	0.01025	0.00722	0.47875	0.14622	0.09649	0.01160	0.01181	0.02699	0.02291	0.04345	0.00151	0.01608	0.00386	0.00371	0.00616
3	0.00563	0.00410	0.00591	0.00591	0.00651	0.00461	0.00444	0.00677	0.00650	0.00926	0.05944	0.03675	0.01223	0.13046	0.65069	0.03173	0.00876	0.00469	0.00229	0.00331
4	0.01130	0.40649	0.02830	0.00785	0.01072	0.12938	0.00690	0.10223	0.23507	0.01296	0.00887	0.00905	0.00711	0.00414	0.00323	0.00104	0.00433	0.00296	0.00260	0.00547
5	0.00679	0.00672	0.08640	0.02540	0.00856	0.00531	0.05293	0.00840	0.02935	0.01051	0.06646	0.03150	0.01214	0.36767	0.06204	0.00249	0.00421	0.00460	0.00244	0.20608
6	0.01802	0.15144	0.30894	0.02399	0.03594	0.02585	0.00926	0.11226	0.00995	0.09778	0.08978	0.01129	0.00925	0.00640	0.07176	0.00157	0.00505	0.00348	0.00259	0.00542
