[name]
unknown

[dist]
# distance from previous block
# <min> <max>
0	88

[block]
# block no. 0 follows, 76 sequences, length 42
# corresponding to MSA columns:
# 121-162
name=unknown_A
#
# <colnr> <probs for GDERKNQSTAVLIFYWHMCP>
#	G	D	E	R	K	N	Q	S	T	A	V	L	I	F	Y	W	H	M	C	P
0	0.59054	0.00649	0.00597	0.00527	0.00744	0.00706	0.00436	0.02515	0.00745	0.17440	0.00907	0.01120	0.02594	0.00436	0.00284	0.00117	0.00288	0.07603	0.02808	0.00431
1	0.00620	0.00411	0.00607	0.00592	0.00676	0.00461	0.00464	0.00752	0.00631	0.08387	0.01036	0.01472	0.00935	0.02483	0.76201	0.00532	0.00900	0.02268	0.00221	0.00351
2	0.00807	0.00458	0.00529	0.00471	0.00611	0.00435	0.00364	0.08291	0.00948	0.15466	0.17225	0.05693	0.18408	0.02608	0.00396	0.00114	0.00223	0.00522	0.26030	0.00401
3	0.01387	0.01486	0.01026	0.00890	0.01107	0.60716	0.00685	0.18434	0.01171	0.08712	0.00704	0.00752	0.00538	0.00394	0.00338	0.00098	0.00572	0.00265	0.00247	0.00479
4	0.00560	0.00426	0.00575	0.00546	0.00610	0.00467	0.00402	0.00650	0.00581	0.00834	0.00966	0.01617	0.00974	0.28055	0.47383	0.00440	0.06039	0.00412	0.00202	0.08260
5	0.02954	0.00473	0.00534	0.03265	0.00680	0.05354	0.00402	0.03522	0.00755	0.01015	0.01676	0.66221	0.01948	0.00946	0.00425	0.00133	0.00259	0.00844	0.00310	0.08285
6	0.00628	0.00505	0.00689	0.00737	0.11945	0.00478	0.02349	0.00866	0.07320	0.01353	0.46983	0.03139	0.07591	0.00614	0.00392	0.00108	0.00235	0.00543	0.05172	0.08353
7	0.00864	0.07644	0.59169	0.00960	0.04025	0.00842	0.01111	0.02823	0.04069	0.09897	0.00775	0.00849	0.00553	0.00361	0.00337	0.00110	0.00472	0.00283	0.02726	0.02131
8	0.00835	0.04164	0.01330	0.23313	0.53296	0.00838	0.01008	0.01049	0.00792	0.01109	0.00664	0.00892	0.00545	0.00328	0.00348	0.00105	0.00429	0.00309	0.00177	0.08468
9	0.01033	0.37881	0.05031	0.03057	0.05323	0.03632	0.00686	0.20906	0.08949	0.01323	0.00719	0.00777	0.00576	0.00360	0.00298	0.00092	0.00390	0.00263	0.00233	0.08469
10	0.00726	0.00680	0.01121	0.65378	0.15402	0.00788	0.00974	0.00957	0.00745	0.00992	0.00652	0.00939	0.00504	0.00349	0.00354	0.00113	0.00457	0.00314	0.00169	0.08387
11	0.20979	0.03845	0.04508	0.11447	0.27914	0.03310	0.05296	0.03761	0.00821	0.10250	0.00834	0.00956	0.03830	0.00373	0.00331	0.00111	0.00400	0.00313	0.00227	0.00495
12	0.00706	0.07482	0.27230	0.00755	0.01013	0.00698	0.05568	0.02128	0.05850	0.02171	0.01851	0.01229	0.00797	0.10921	0.21139	0.00251	0.01278	0.00353	0.08156	0.00425
13	0.00472	0.00394	0.00421	0.00397	0.00532	0.00328	0.00300	0.00583	0.00853	0.01075	0.16192	0.03129	0.64455	0.00834	0.00415	0.00115	0.00190	0.00700	0.00336	0.08277
14	0.00674	0.00421	0.00508	0.00498	0.00605	0.00392	0.00369	0.06105	0.00877	0.11579	0.10807	0.34730	0.21720	0.00862	0.00419	0.00127	0.00224	0.02078	0.06638	0.00368
15	0.01014	0.46436	0.17336	0.00886	0.08335	0.08293	0.02532	0.01201	0.00808	0.09174	0.00648	0.00723	0.00519	0.00337	0.00290	0.00093	0.00440	0.00244	0.00189	0.00501
16	0.00787	0.00734	0.00677	0.00628	0.00787	0.12453	0.00483	0.01294	0.36347	0.01283	0.13712	0.02028	0.19720	0.00623	0.00386	0.00118	0.00297	0.03697	0.03498	0.00444
17	0.00472	0.00351	0.00490	0.08184	0.00715	0.00347	0.00410	0.00556	0.00706	0.00936	0.01878	0.75077	0.02216	0.01063	0.00457	0.00146	0.00242	0.05125	0.00322	0.00307
18	0.00622	0.00400	0.00481	0.00465	0.00570	0.00372	0.00346	0.00798	0.05338	0.08727	0.29523	0.18797	0.20123	0.00780	0.00406	0.00119	0.00200	0.00677	0.10891	0.00362
19	0.02285	0.05100	0.16754	0.00963	0.04617	0.44628	0.04223	0.03434	0.01981	0.03918	0.00644	0.00739	0.00506	0.00357	0.00329	0.00097	0.00549	0.00257	0.00198	0.08421
20	0.86694	0.00700	0.00545	0.00484	0.00711	0.00805	0.00399	0.01093	0.00633	0.04570	0.00539	0.00613	0.00411	0.00341	0.00230	0.00112	0.00282	0.00203	0.00233	0.00402
21	0.00443	0.00316	0.00422	0.00506	0.00527	0.00295	0.00337	0.00506	0.00696	0.00928	0.02003	0.86990	0.02404	0.01139	0.00464	0.00148	0.00211	0.01033	0.00337	0.00295
22	0.03046	0.00902	0.03642	0.05832	0.11474	0.00896	0.19327	0.31004	0.01170	0.14863	0.00917	0.03683	0.00683	0.00409	0.00378	0.00115	0.00437	0.00373	0.00294	0.00555
23	0.00697	0.00657	0.01109	0.82234	0.06541	0.00810	0.01015	0.00938	0.00732	0.00941	0.00648	0.00966	0.00489	0.00361	0.00363	0.00120	0.00482	0.00323	0.00162	0.00412
24	0.00496	0.00400	0.00623	0.00622	0.00692	0.00373	0.09848	0.00594	0.00729	0.00966	0.01962	0.67941	0.07461	0.01023	0.00459	0.00144	0.00261	0.04765	0.00320	0.00320
25	0.00729	0.01880	0.85344	0.01036	0.01573	0.00844	0.01343	0.01151	0.00767	0.01151	0.00652	0.00767	0.00460	0.00345	0.00345	0.00115	0.00537	0.00269	0.00153	0.00537
26	0.00519	0.00389	0.00584	0.00584	0.00649	0.00454	0.00454	0.00649	0.00584	0.00844	0.00974	0.01428	0.00909	0.02726	0.85787	0.00584	0.00974	0.00389	0.00195	0.00325
27	0.00686	0.00646	0.01090	0.86353	0.02503	0.00807	0.01009	0.00929	0.00727	0.00929	0.00646	0.00969	0.00484	0.00363	0.00363	0.00121	0.00484	0.00323	0.00161	0.00404
28	0.89794	0.00703	0.00534	0.00478	0.00703	0.00815	0.00394	0.01068	0.00619	0.01631	0.00506	0.00590	0.00394	0.00337	0.00225	0.00112	0.00281	0.00197	0.00225	0.00394
29	0.00519	0.00389	0.00584	0.00584	0.00649	0.00454	0.00454	0.00649	0.00584	0.00844	0.00974	0.01428	0.00909	0.02726	0.85787	0.00584	0.00974	0.00389	0.00195	0.00325
30	0.00972	0.87446	0.01905	0.00622	0.00933	0.01438	0.00622	0.01088	0.00738	0.00855	0.00505	0.00583	0.00466	0.00311	0.00233	0.00078	0.00389	0.00194	0.00155	0.00466
31	0.01382	0.01018	0.01091	0.00836	0.01127	0.01127	0.00691	0.83748	0.01709	0.02291	0.00873	0.00873	0.00618	0.00436	0.00364	0.00109	0.00400	0.00327	0.00364	0.00618
32	0.01538	0.00668	0.00862	0.00672	0.00946	0.00620	0.00551	0.08604	0.09303	0.70066	0.01392	0.01218	0.00897	0.00453	0.00366	0.00113	0.00315	0.00367	0.00435	0.00614
33	0.89794	0.00703	0.00534	0.00478	0.00703	0.00815	0.00394	0.01068	0.00619	0.01631	0.00506	0.00590	0.00394	0.00337	0.00225	0.00112	0.00281	0.00197	0.00225	0.00394
34	0.00454	0.00340	0.00404	0.00445	0.00503	0.00308	0.00306	0.00530	0.00745	0.00964	0.07302	0.45754	0.29259	0.08662	0.00570	0.00155	0.00212	0.00867	0.01925	0.00296
35	0.09868	0.00646	0.04882	0.00603	0.00856	0.00552	0.00516	0.01514	0.03004	0.56657	0.03749	0.01215	0.00914	0.00440	0.00337	0.00109	0.00293	0.00351	0.12949	0.00544
36	0.00458	0.00367	0.00409	0.00403	0.00509	0.00318	0.00300	0.00574	0.00888	0.01134	0.30018	0.06721	0.54876	0.00872	0.00431	0.00121	0.00181	0.00742	0.00358	0.00318
37	0.00946	0.70688	0.06211	0.03106	0.01031	0.03176	0.03096	0.01120	0.03657	0.00919	0.00577	0.00665	0.00504	0.00325	0.00256	0.00084	0.00402	0.00221	0.02547	0.00468
38	0.76749	0.06171	0.00650	0.00536	0.02969	0.00833	0.00428	0.01069	0.00655	0.03059	0.03812	0.00693	0.00530	0.00353	0.00240	0.00110	0.00288	0.00221	0.00230	0.00405
39	0.00998	0.73270	0.05788	0.00700	0.02340	0.09957	0.00672	0.01129	0.00771	0.00878	0.00521	0.00604	0.00468	0.00319	0.00250	0.00082	0.00424	0.00204	0.00159	0.00467
40	0.01823	0.10016	0.08994	0.03599	0.41107	0.11082	0.01962	0.03491	0.05466	0.05352	0.00771	0.03368	0.00637	0.00374	0.00345	0.00107	0.00444	0.00322	0.00209	0.00530
41	0.02477	0.08064	0.13372	0.09737	0.21893	0.05568	0.02188	0.03318	0.04543	0.04413	0.01826	0.02603	0.00635	0.00359	0.00331	0.00099	0.00410	0.00303	0.00210	0.17651

[dist]
# distance from previous block
# <min> <max>
1	11

[block]
# block no. 1 follows, 76 sequences, length 15
# corresponding to MSA columns:
# 175-189
name=unknown_B
#
# <colnr> <probs for GDERKNQSTAVLIFYWHMCP>
#	G	D	E	R	K	N	Q	S	T	A	V	L	I	F	Y	W	H	M	C	P
0	0.00620	0.03690	0.05657	0.00587	0.03803	0.00471	0.00444	0.00784	0.05583	0.05545	0.08951	0.18314	0.16290	0.17421	0.06214	0.00198	0.00327	0.03457	0.01289	0.00356
1	0.00801	0.00476	0.00595	0.05143	0.00764	0.00451	0.00433	0.02468	0.04969	0.21526	0.09585	0.07580	0.30001	0.04597	0.04302	0.00154	0.00291	0.05106	0.00351	0.00408
2	0.00515	0.00363	0.00433	0.00431	0.00466	0.00362	0.00280	0.00566	0.00631	0.00845	0.10302	0.02447	0.11528	0.54028	0.13426	0.00329	0.00401	0.02135	0.00252	0.00261
3	0.00867	0.00830	0.01416	0.15213	0.72235	0.00855	0.01099	0.01087	0.00812	0.01147	0.00678	0.00910	0.00562	0.00330	0.00360	0.00110	0.00440	0.00324	0.00177	0.00549
4	0.02487	0.01274	0.36975	0.01100	0.04587	0.00830	0.21915	0.05285	0.04156	0.10959	0.00822	0.00930	0.00590	0.00367	0.00387	0.00116	0.02626	0.00334	0.03733	0.00528
5	0.00539	0.00417	0.00501	0.00464	0.00580	0.00384	0.00351	0.00755	0.07028	0.01345	0.56571	0.02666	0.20312	0.00734	0.00415	0.00113	0.00188	0.00636	0.00374	0.05625
6	0.89794	0.00703	0.00534	0.00478	0.00703	0.00815	0.00394	0.01068	0.00619	0.01631	0.00506	0.00590	0.00394	0.00337	0.00225	0.00112	0.00281	0.00197	0.00225	0.00394
7	0.00925	0.00911	0.01451	0.02159	0.80338	0.05545	0.01093	0.01134	0.00839	0.01171	0.00677	0.00886	0.00570	0.00327	0.00358	0.00107	0.00444	0.00319	0.00180	0.00567
8	0.00514	0.00372	0.00486	0.00457	0.00543	0.00343	0.00343	0.00686	0.01029	0.01457	0.84768	0.02715	0.03429	0.00743	0.00429	0.00114	0.00171	0.00657	0.00400	0.00343
9	0.02433	0.03452	0.03495	0.01015	0.11150	0.05373	0.12705	0.16840	0.01080	0.31055	0.04230	0.01110	0.02324	0.00421	0.00380	0.00112	0.01585	0.00363	0.00321	0.00555
10	0.08966	0.00769	0.04170	0.01088	0.24919	0.04141	0.00700	0.06661	0.00950	0.26431	0.09091	0.03142	0.01006	0.00446	0.00354	0.00111	0.00349	0.01514	0.04670	0.00524
11	0.00443	0.00316	0.00422	0.00506	0.00527	0.00295	0.00337	0.00506	0.00696	0.00928	0.02003	0.86990	0.02404	0.01139	0.00464	0.00148	0.00211	0.01033	0.00337	0.00295
12	0.00797	0.00825	0.09732	0.29641	0.31954	0.00783	0.00978	0.01025	0.00782	0.05192	0.03936	0.01078	0.02615	0.00517	0.05005	0.00142	0.03976	0.00346	0.00196	0.00481
13	0.00936	0.08613	0.23143	0.02930	0.27308	0.00889	0.16889	0.02697	0.02007	0.09997	0.00763	0.00896	0.00573	0.00343	0.00359	0.00111	0.00475	0.00324	0.00206	0.00542
14	0.00698	0.00835	0.15959	0.02268	0.12838	0.00690	0.06530	0.05407	0.00778	0.01085	0.01245	0.25843	0.05667	0.04196	0.00576	0.00141	0.12483	0.02097	0.00241	0.00424

[dist]
# distance from previous block
# <min> <max>
2	15

[block]
# block no. 2 follows, 76 sequences, length 38
# corresponding to MSA columns:
# 205-226,230-245
name=unknown_C
#
# <colnr> <probs for GDERKNQSTAVLIFYWHMCP>
#	G	D	E	R	K	N	Q	S	T	A	V	L	I	F	Y	W	H	M	C	P
0	0.04974	0.07344	0.24268	0.04959	0.09353	0.03602	0.11943	0.11751	0.03789	0.09535	0.00822	0.02234	0.00622	0.00384	0.00351	0.00112	0.00454	0.01099	0.01880	0.00524
1	0.04307	0.03936	0.10312	0.02231	0.04995	0.00924	0.07766	0.31566	0.09284	0.14903	0.02032	0.01014	0.01839	0.00425	0.00383	0.00114	0.02752	0.00344	0.00311	0.00562
2	0.01888	0.08653	0.03850	0.01190	0.23621	0.17532	0.04170	0.07393	0.06746	0.05496	0.00855	0.03964	0.02556	0.00412	0.00380	0.00105	0.04144	0.00332	0.00230	0.06483
3	0.00633	0.00490	0.00589	0.00510	0.00667	0.00439	0.00391	0.04548	0.00880	0.03006	0.27123	0.11297	0.15179	0.03751	0.00464	0.00113	0.03289	0.01692	0.00316	0.24623
4	0.01042	0.59720	0.03937	0.00705	0.02194	0.17063	0.00644	0.01164	0.00813	0.04835	0.00712	0.00771	0.04368	0.00359	0.00271	0.00086	0.00430	0.00240	0.00184	0.00461
5	0.00617	0.00513	0.00779	0.16949	0.05497	0.00534	0.05990	0.01655	0.04830	0.01060	0.09808	0.24151	0.01641	0.09628	0.00571	0.00155	0.00336	0.12311	0.00278	0.02697
6	0.01987	0.19919	0.22812	0.00847	0.02543	0.07152	0.00823	0.15453	0.20640	0.01350	0.00842	0.00877	0.00644	0.00396	0.00345	0.00107	0.02190	0.00295	0.00245	0.00533
7	0.00869	0.00826	0.05988	0.06107	0.53232	0.00773	0.02481	0.01136	0.05813	0.06159	0.10700	0.02505	0.00980	0.00406	0.00371	0.00112	0.00394	0.00381	0.00233	0.00534
8	0.00758	0.00652	0.01918	0.02043	0.04107	0.00681	0.03681	0.06251	0.34168	0.01414	0.22477	0.05550	0.07673	0.00621	0.01237	0.00124	0.01380	0.02026	0.00344	0.02894
9	0.00576	0.00380	0.00445	0.00436	0.00468	0.00388	0.00278	0.02321	0.01896	0.02095	0.05304	0.04055	0.01349	0.60223	0.10983	0.00329	0.00395	0.00507	0.07304	0.00269
10	0.00762	0.27549	0.04327	0.00624	0.03406	0.04663	0.00516	0.02738	0.00858	0.04482	0.21844	0.14962	0.08687	0.02575	0.00392	0.00113	0.00306	0.00514	0.00280	0.00404
11	0.01260	0.01053	0.01029	0.03516	0.01119	0.15022	0.02044	0.54765	0.04275	0.03229	0.02685	0.01046	0.02025	0.03523	0.00416	0.00117	0.00432	0.01577	0.00322	0.00546
12	0.00838	0.00890	0.01396	0.01114	0.01225	0.04953	0.23842	0.00982	0.00662	0.00956	0.00553	0.00840	0.00497	0.00532	0.00940	0.00146	0.58696	0.00345	0.00167	0.00424
13	0.00973	0.00513	0.00628	0.00540	0.00706	0.00495	0.00427	0.05740	0.08443	0.26957	0.27523	0.01776	0.01728	0.00551	0.00364	0.00109	0.00239	0.02138	0.19689	0.00462
14	0.62215	0.00786	0.00699	0.00583	0.00828	0.00890	0.00480	0.23786	0.00934	0.04955	0.00642	0.00692	0.00474	0.00369	0.00268	0.00112	0.00315	0.00239	0.00271	0.00464
15	0.00457	0.00377	0.00406	0.00420	0.00536	0.00326	0.00330	0.00562	0.00830	0.01000	0.03378	0.03602	0.70510	0.00935	0.00442	0.00130	0.00210	0.14901	0.00337	0.00312
16	0.03589	0.00650	0.00855	0.00657	0.00937	0.00584	0.00542	0.07744	0.01080	0.77280	0.01372	0.01196	0.00868	0.00446	0.00362	0.00112	0.00315	0.00359	0.00438	0.00613
17	0.00795	0.00795	0.01113	0.00954	0.00954	0.01113	0.00795	0.00875	0.00557	0.00875	0.00477	0.00795	0.00477	0.00636	0.01193	0.00159	0.86562	0.00318	0.00159	0.00398
18	0.00904	0.00781	0.00822	0.00740	0.00945	0.00904	0.00575	0.01931	0.84303	0.01520	0.01479	0.01356	0.01109	0.00493	0.00370	0.00123	0.00288	0.00411	0.00370	0.00575
19	0.00686	0.00646	0.01090	0.86353	0.02503	0.00807	0.01009	0.00929	0.00727	0.00929	0.00646	0.00969	0.00484	0.00363	0.00363	0.00121	0.00484	0.00323	0.00161	0.00404
20	0.00631	0.00316	0.00473	0.00473	0.00473	0.00316	0.00316	0.00473	0.00473	0.00631	0.00631	0.01105	0.00631	0.01263	0.01420	0.89426	0.00316	0.00316	0.00158	0.00158
21	0.01631	0.00619	0.00843	0.00647	0.00928	0.00534	0.00534	0.01771	0.01040	0.85211	0.01434	0.01237	0.00900	0.00450	0.00365	0.00112	0.00309	0.00365	0.00450	0.00619
22	0.00904	0.00781	0.00822	0.00740	0.00945	0.00904	0.00575	0.01931	0.84303	0.01520	0.01479	0.01356	0.01109	0.00493	0.00370	0.00123	0.00288	0.00411	0.00370	0.00575
23	0.00795	0.00795	0.01113	0.00954	0.00954	0.01113	0.00795	0.00875	0.00557	0.00875	0.00477	0.00795	0.00477	0.00636	0.01193	0.00159	0.86562	0.00318	0.00159	0.00398
24	0.89794	0.00703	0.00534	0.00478	0.00703	0.00815	0.00394	0.01068	0.00619	0.01631	0.00506	0.00590	0.00394	0.00337	0.00225	0.00112	0.00281	0.00197	0.00225	0.00394
25	0.00774	0.01024	0.21492	0.03692	0.05340	0.00723	0.21540	0.03525	0.03118	0.01220	0.07029	0.01072	0.03182	0.00367	0.00357	0.00101	0.00429	0.00348	0.00215	0.24453
26	0.00776	0.00659	0.00766	0.00549	0.00871	0.00507	0.00440	0.03852	0.00788	0.01224	0.00654	0.00758	0.00541	0.00275	0.00273	0.00056	0.00274	0.00219	0.00221	0.86300
27	0.01218	0.00967	0.01108	0.04616	0.11424	0.05098	0.02490	0.56921	0.02996	0.01914	0.00886	0.01026	0.00677	0.00437	0.00365	0.00111	0.00412	0.03646	0.03116	0.00571
28	0.00745	0.00900	0.16133	0.25502	0.01577	0.00748	0.12280	0.03602	0.10019	0.01170	0.06514	0.01190	0.04643	0.00452	0.01540	0.01220	0.00432	0.00369	0.00223	0.10744
29	0.01960	0.02233	0.06577	0.06046	0.02642	0.00560	0.02632	0.03043	0.11548	0.03090	0.18133	0.23194	0.13191	0.00731	0.00429	0.00126	0.02515	0.00634	0.00316	0.00400
30	0.01358	0.01732	0.01030	0.00936	0.01124	0.85768	0.00702	0.01451	0.01030	0.00890	0.00562	0.00655	0.00468	0.00375	0.00328	0.00094	0.00655	0.00234	0.00187	0.00421
31	0.00755	0.00413	0.00421	0.00393	0.00501	0.00425	0.00302	0.09962	0.00866	0.01458	0.01151	0.01302	0.00897	0.00425	0.00266	0.00087	0.00195	0.00337	0.79472	0.00369
32	0.00795	0.00795	0.01113	0.00954	0.00954	0.01113	0.00795	0.00875	0.00557	0.00875	0.00477	0.00795	0.00477	0.00636	0.01193	0.00159	0.86562	0.00318	0.00159	0.00398
33	0.00754	0.00646	0.00754	0.00538	0.00861	0.00484	0.00431	0.00915	0.00754	0.01184	0.00646	0.00754	0.00538	0.00269	0.00269	0.00054	0.00269	0.00215	0.00215	0.89449
34	0.00719	0.00714	0.01106	0.00919	0.00999	0.00880	0.14271	0.00840	0.00671	0.00967	0.05055	0.09370	0.09921	0.00665	0.00879	0.00146	0.50807	0.00469	0.00211	0.00391
35	0.00742	0.00680	0.01103	0.63631	0.11203	0.00795	0.02116	0.05053	0.00801	0.01060	0.03506	0.01054	0.00628	0.00380	0.00364	0.00117	0.00454	0.01600	0.00187	0.04526
36	0.01382	0.01018	0.01091	0.00836	0.01127	0.01127	0.00691	0.83748	0.01709	0.02291	0.00873	0.00873	0.00618	0.00436	0.00364	0.00109	0.00400	0.00327	0.00364	0.00618
37	0.00968	0.83464	0.01885	0.00696	0.04797	0.01412	0.00645	0.01090	0.00743	0.00870	0.00513	0.00598	0.00471	0.00312	0.00239	0.00079	0.00391	0.00200	0.00157	0.00471

[dist]
# distance from previous block
# <min> <max>
0	2

[block]
# block no. 3 follows, 76 sequences, length 50
# corresponding to MSA columns:
# 248-297
name=unknown_D
#
# <colnr> <probs for GDERKNQSTAVLIFYWHMCP>
#	G	D	E	R	K	N	Q	S	T	A	V	L	I	F	Y	W	H	M	C	P
0	0.01042	0.09208	0.04107	0.05330	0.15615	0.21059	0.03162	0.07769	0.20187	0.03640	0.00890	0.03360	0.00716	0.00417	0.00362	0.00109	0.01937	0.00333	0.00248	0.00510
1	0.13914	0.06419	0.00868	0.03711	0.03142	0.21788	0.00556	0.11222	0.03648	0.05678	0.00706	0.00888	0.00585	0.01873	0.02635	0.21026	0.00434	0.00283	0.00225	0.00397
2	0.00767	0.05927	0.65720	0.02117	0.05844	0.00870	0.04795	0.03023	0.03015	0.01166	0.00714	0.03157	0.00545	0.00369	0.00349	0.00114	0.00508	0.00301	0.00172	0.00528
3	0.00529	0.00352	0.00396	0.00396	0.00396	0.00352	0.00220	0.00529	0.00529	0.00705	0.01145	0.02378	0.01321	0.87227	0.01850	0.00352	0.00352	0.00529	0.00220	0.00220
4	0.00851	0.00608	0.00686	0.00607	0.00769	0.00640	0.00472	0.16536	0.21830	0.07579	0.17287	0.07224	0.10124	0.06154	0.00487	0.00135	0.00275	0.03946	0.03333	0.00457
5	0.00519	0.00375	0.00465	0.00443	0.00540	0.00338	0.00332	0.00668	0.00972	0.03331	0.61542	0.05777	0.21769	0.00790	0.00429	0.00117	0.00179	0.00688	0.00385	0.00340
6	0.00512	0.00371	0.00483	0.00455	0.00542	0.00342	0.00341	0.00681	0.01023	0.01444	0.82547	0.02736	0.05659	0.00748	0.00429	0.00115	0.00172	0.00660	0.00398	0.00342
7	0.00795	0.00795	0.01113	0.00954	0.00954	0.01113	0.00795	0.00875	0.00557	0.00875	0.00477	0.00795	0.00477	0.00636	0.01193	0.00159	0.86562	0.00318	0.00159	0.00398
8	0.01358	0.01732	0.01030	0.00936	0.01124	0.85768	0.00702	0.01451	0.01030	0.00890	0.00562	0.00655	0.00468	0.00375	0.00328	0.00094	0.00655	0.00234	0.00187	0.00421
9	0.89794	0.00703	0.00534	0.00478	0.00703	0.00815	0.00394	0.01068	0.00619	0.01631	0.00506	0.00590	0.00394	0.00337	0.00225	0.00112	0.00281	0.00197	0.00225	0.00394
10	0.00430	0.00368	0.00368	0.00368	0.00491	0.00307	0.00276	0.00522	0.00828	0.00982	0.03682	0.03498	0.84812	0.00920	0.00430	0.00123	0.00184	0.00767	0.00338	0.00307
11	0.00460	0.00372	0.00390	0.00385	0.00505	0.00315	0.00289	0.00561	0.00852	0.02538	0.12372	0.04818	0.73095	0.00897	0.00429	0.00122	0.00185	0.00753	0.00346	0.00316
12	0.00950	0.00850	0.00844	0.00756	0.00963	0.06318	0.00587	0.04761	0.76111	0.01507	0.01400	0.01294	0.01051	0.00484	0.00367	0.00121	0.00315	0.00397	0.00358	0.00567
13	0.01358	0.01732	0.01030	0.00936	0.01124	0.85768	0.00702	0.01451	0.01030	0.00890	0.00562	0.00655	0.00468	0.00375	0.00328	0.00094	0.00655	0.00234	0.00187	0.00421
14	0.00651	0.00482	0.00608	0.00579	0.00659	0.03467	0.00436	0.06704	0.00686	0.03811	0.01002	0.01543	0.00954	0.19233	0.56974	0.00470	0.00774	0.00406	0.00220	0.00338
15	0.03793	0.00810	0.01271	0.23471	0.50188	0.03846	0.00995	0.01141	0.00823	0.09124	0.00735	0.00931	0.00574	0.00348	0.00356	0.00111	0.00437	0.00320	0.00203	0.00524
16	0.00843	0.09144	0.62907	0.00939	0.01403	0.00875	0.01139	0.01272	0.08643	0.08323	0.00784	0.00847	0.00559	0.00365	0.00340	0.00112	0.00481	0.00284	0.00199	0.00541
17	0.00442	0.00318	0.00420	0.00501	0.00526	0.00296	0.00335	0.00507	0.00701	0.00930	0.02063	0.84021	0.05334	0.01131	0.00463	0.00147	0.00210	0.01024	0.00337	0.00296
18	0.00815	0.00777	0.01322	0.35607	0.52245	0.00841	0.01073	0.01041	0.00788	0.01085	0.00669	0.00927	0.00540	0.00340	0.00361	0.00113	0.00453	0.00324	0.00173	0.00507
19	0.00873	0.00779	0.09210	0.00836	0.05882	0.00710	0.05212	0.02566	0.34726	0.11621	0.03301	0.17937	0.01281	0.00597	0.00393	0.00126	0.00327	0.02786	0.00330	0.00507
20	0.00475	0.00344	0.00446	0.00478	0.00528	0.00323	0.00334	0.00575	0.00798	0.01088	0.29445	0.43925	0.07848	0.06693	0.04809	0.00170	0.00243	0.00826	0.00343	0.00308
21	0.00443	0.00316	0.00422	0.00506	0.00527	0.00295	0.00337	0.00506	0.00696	0.00928	0.02003	0.86990	0.02404	0.01139	0.00464	0.00148	0.00211	0.01033	0.00337	0.00295
22	0.00846	0.01209	0.36428	0.02032	0.06984	0.00773	0.12259	0.06403	0.06768	0.08120	0.05443	0.07651	0.02527	0.00457	0.00378	0.00118	0.00443	0.00406	0.00243	0.00513
23	0.08210	0.00990	0.01163	0.01330	0.31858	0.12437	0.02401	0.24362	0.05934	0.04553	0.00810	0.00951	0.00637	0.00394	0.00351	0.00109	0.00430	0.02274	0.00261	0.00546
24	0.00833	0.00808	0.01343	0.27925	0.51055	0.02150	0.03027	0.01049	0.00783	0.01083	0.00658	0.00912	0.00539	0.00356	0.00415	0.00115	0.05942	0.00324	0.00173	0.00507
25	0.81440	0.06234	0.00650	0.00540	0.03272	0.00856	0.00430	0.01071	0.00633	0.01568	0.00511	0.00599	0.00404	0.00335	0.00230	0.00110	0.00293	0.00201	0.00219	0.00404
26	0.00561	0.01496	0.00651	0.00594	0.00657	0.00481	0.05689	0.00655	0.00597	0.00829	0.01073	0.03031	0.01995	0.31682	0.41435	0.00424	0.04045	0.03591	0.00210	0.00303
27	0.02762	0.00783	0.03170	0.06019	0.42015	0.00768	0.05004	0.02913	0.10680	0.02535	0.12240	0.01224	0.01032	0.00410	0.00367	0.00110	0.00377	0.01162	0.00243	0.06186
28	0.00529	0.00352	0.00396	0.00396	0.00396	0.00352	0.00220	0.00529	0.00529	0.00705	0.01145	0.02378	0.01321	0.87227	0.01850	0.00352	0.00352	0.00529	0.00220	0.00220
29	0.00746	0.01682	0.69995	0.03577	0.10651	0.00844	0.02378	0.01129	0.00774	0.01148	0.01828	0.00818	0.00517	0.00354	0.00365	0.00115	0.02103	0.00285	0.00161	0.00532
30	0.01153	0.00905	0.00962	0.00790	0.01040	0.01021	0.00636	0.44669	0.41159	0.01923	0.01162	0.01103	0.00853	0.00463	0.00367	0.00116	0.00346	0.00367	0.00367	0.00598
31	0.00849	0.44289	0.43989	0.00831	0.01256	0.01139	0.00986	0.01120	0.00753	0.01004	0.00579	0.00676	0.00463	0.00328	0.00290	0.00097	0.00464	0.00232	0.00154	0.00502
32	0.00904	0.00781	0.00822	0.00740	0.00945	0.00904	0.00575	0.01931	0.84303	0.01520	0.01479	0.01356	0.01109	0.00493	0.00370	0.00123	0.00288	0.00411	0.00370	0.00575
33	0.00972	0.87446	0.01905	0.00622	0.00933	0.01438	0.00622	0.01088	0.00738	0.00855	0.00505	0.00583	0.00466	0.00311	0.00233	0.00078	0.00389	0.00194	0.00155	0.00466
34	0.00914	0.00786	0.00827	0.00742	0.00949	0.00909	0.00578	0.03647	0.82571	0.01537	0.01467	0.01346	0.01099	0.00492	0.00370	0.00123	0.00290	0.00409	0.00370	0.00576
35	0.00729	0.01880	0.85344	0.01036	0.01573	0.00844	0.01343	0.01151	0.00767	0.01151	0.00652	0.00767	0.00460	0.00345	0.00345	0.00115	0.00537	0.00269	0.00153	0.00537
36	0.00890	0.00458	0.00525	0.00460	0.00600	0.00449	0.00360	0.08733	0.00945	0.16676	0.14839	0.01510	0.01304	0.00482	0.00313	0.00097	0.00217	0.00395	0.50331	0.00416
37	0.00686	0.00418	0.00490	0.00444	0.00589	0.00360	0.00343	0.00807	0.00918	0.17678	0.22488	0.02867	0.48972	0.00786	0.00417	0.00119	0.00206	0.00662	0.00374	0.00377
38	0.01510	0.00606	0.00815	0.00632	0.00897	0.00529	0.00519	0.03432	0.01049	0.74460	0.08837	0.01352	0.01113	0.00472	0.00369	0.00112	0.00298	0.00388	0.00439	0.02169
39	0.00800	0.00761	0.01283	0.01780	0.60894	0.00747	0.06192	0.01002	0.00848	0.01184	0.08792	0.01411	0.11836	0.00439	0.00380	0.00111	0.00387	0.00419	0.00221	0.00514
40	0.00449	0.00320	0.00425	0.00501	0.00526	0.00299	0.00336	0.00518	0.00715	0.00958	0.07263	0.80414	0.02454	0.02342	0.00481	0.00148	0.00210	0.01002	0.00340	0.00297
41	0.01085	0.00556	0.00678	0.00575	0.00754	0.00541	0.00442	0.02855	0.15835	0.37133	0.02710	0.02854	0.06417	0.16927	0.02854	0.00171	0.00312	0.00442	0.06379	0.00481
42	0.00808	0.00754	0.01264	0.01885	0.68013	0.00749	0.00959	0.00993	0.00801	0.01135	0.00948	0.18179	0.00943	0.00487	0.00381	0.00116	0.00387	0.00466	0.00212	0.00519
43	0.00576	0.00464	0.00658	0.00626	0.00667	0.00568	0.00483	0.00674	0.00569	0.00826	0.00904	0.01463	0.00892	0.16610	0.54719	0.00460	0.17929	0.00399	0.00192	0.00321
44	0.00460	0.00350	0.00405	0.00427	0.00495	0.00315	0.00296	0.00540	0.00769	0.00988	0.13805	0.29074	0.35584	0.14035	0.00655	0.00164	0.00216	0.00798	0.00328	0.00295
45	0.00532	0.00386	0.00567	0.00566	0.00619	0.00444	0.00430	0.00629	0.00571	0.00816	0.00953	0.01467	0.00913	0.09045	0.71563	0.07672	0.01938	0.00393	0.00193	0.00304
46	0.00953	0.67837	0.03239	0.11078	0.01173	0.06441	0.02961	0.01094	0.00758	0.00880	0.00535	0.00648	0.00471	0.00322	0.00262	0.00086	0.00425	0.00220	0.00159	0.00458
47	0.00992	0.00996	0.09727	0.01076	0.10831	0.03636	0.13149	0.24051	0.21835	0.01537	0.01043	0.05936	0.01811	0.00455	0.00385	0.00117	0.01191	0.00399	0.00287	0.00545
48	0.01042	0.01938	0.03758	0.00986	0.01177	0.29981	0.16747	0.04874	0.03285	0.04008	0.00727	0.00935	0.00599	0.00477	0.01777	0.00124	0.19060	0.02182	0.05878	0.00445
49	0.02060	0.00688	0.02818	0.03888	0.10270	0.02913	0.07681	0.02273	0.01598	0.02326	0.03022	0.09021	0.07413	0.00495	0.00356	0.00098	0.00336	0.07350	0.00246	0.35148

[dist]
# distance from previous block
# <min> <max>
0	4

[block]
# block no. 4 follows, 76 sequences, length 63
# corresponding to MSA columns:
# 302-364
name=unknown_E
#
# <colnr> <probs for GDERKNQSTAVLIFYWHMCP>
#	G	D	E	R	K	N	Q	S	T	A	V	L	I	F	Y	W	H	M	C	P
0	0.03183	0.11226	0.15262	0.12992	0.08673	0.09236	0.08959	0.09102	0.03499	0.02166	0.00912	0.01049	0.06666	0.01760	0.00391	0.00114	0.02500	0.00335	0.00211	0.01764
1	0.00582	0.00462	0.00528	0.00503	0.00637	0.01407	0.00378	0.03127	0.04591	0.02209	0.09757	0.26039	0.26684	0.00813	0.00409	0.00119	0.00232	0.05590	0.00324	0.15609
2	0.11249	0.43460	0.02439	0.00765	0.05385	0.07919	0.00644	0.14957	0.07125	0.02045	0.00663	0.00720	0.00541	0.00356	0.00281	0.00094	0.00395	0.00245	0.00221	0.00496
3	0.00526	0.00352	0.00401	0.00406	0.00408	0.00351	0.00232	0.00532	0.00541	0.00721	0.01195	0.05833	0.01380	0.82112	0.01768	0.00341	0.00346	0.02102	0.00227	0.00225
4	0.00858	0.00747	0.00804	0.00704	0.00866	0.07331	0.01572	0.03141	0.34608	0.05485	0.14834	0.01584	0.08695	0.00565	0.00490	0.00120	0.12110	0.00443	0.00323	0.04720
5	0.02184	0.17797	0.25612	0.00862	0.01207	0.02898	0.07622	0.11737	0.14633	0.06739	0.04612	0.00972	0.00756	0.00396	0.00340	0.00108	0.00425	0.00320	0.00250	0.00528
6	0.00442	0.00328	0.00414	0.00479	0.00521	0.00299	0.00326	0.00514	0.00730	0.00953	0.04607	0.69080	0.17808	0.01087	0.00457	0.00142	0.00205	0.00973	0.00339	0.00299
7	0.00881	0.00532	0.00641	0.00559	0.00728	0.00518	0.00439	0.04620	0.15831	0.21992	0.31371	0.02184	0.15609	0.00647	0.00401	0.00117	0.00240	0.01840	0.00394	0.00457
8	0.00938	0.00901	0.01403	0.04384	0.72047	0.05093	0.01057	0.05906	0.00886	0.01227	0.00711	0.00949	0.00599	0.00347	0.00361	0.00109	0.00441	0.01886	0.00193	0.00561
9	0.02942	0.00801	0.05214	0.05871	0.08108	0.04536	0.09638	0.10291	0.06401	0.25361	0.01168	0.10189	0.00951	0.00504	0.00379	0.00119	0.00384	0.03854	0.02777	0.00515
10	0.00596	0.00388	0.00509	0.00472	0.00571	0.00355	0.00356	0.00759	0.01012	0.07911	0.73277	0.06138	0.04776	0.00740	0.00425	0.00116	0.00184	0.00653	0.00400	0.00362
11	0.00464	0.00354	0.00413	0.00429	0.00511	0.00315	0.00309	0.00569	0.00837	0.01097	0.24092	0.26378	0.37156	0.02252	0.00456	0.00130	0.00190	0.00796	0.02940	0.00313
12	0.00849	0.00794	0.01251	0.02986	0.51943	0.03097	0.03927	0.03286	0.02343	0.01833	0.01762	0.07113	0.00810	0.00567	0.04770	0.00142	0.07616	0.03363	0.01041	0.00507
13	0.00775	0.01680	0.65519	0.05539	0.01565	0.05785	0.05341	0.01136	0.00769	0.01104	0.00638	0.00784	0.00468	0.00368	0.00413	0.00118	0.07049	0.00281	0.00158	0.00511
14	0.00486	0.00321	0.00405	0.00473	0.00507	0.00303	0.00321	0.00570	0.00710	0.01008	0.01878	0.69729	0.03432	0.01002	0.00424	0.00135	0.00203	0.00900	0.16888	0.00303
15	0.00812	0.15234	0.51264	0.01037	0.01486	0.00952	0.15918	0.01196	0.05620	0.02145	0.00701	0.00816	0.00521	0.00343	0.00344	0.00111	0.00510	0.00295	0.00175	0.00521
16	0.89794	0.00703	0.00534	0.00478	0.00703	0.00815	0.00394	0.01068	0.00619	0.01631	0.00506	0.00590	0.00394	0.00337	0.00225	0.00112	0.00281	0.00197	0.00225	0.00394
17	0.01557	0.00737	0.00917	0.00703	0.00987	0.00710	0.00581	0.26085	0.01239	0.60618	0.01267	0.01129	0.00816	0.00446	0.00365	0.00111	0.00336	0.00354	0.00424	0.00618
18	0.00525	0.00367	0.00469	0.00469	0.00494	0.00392	0.00311	0.00575	0.00550	0.00758	0.01079	0.02012	0.01162	0.54629	0.34230	0.00442	0.00592	0.00475	0.00210	0.00260
19	0.40150	0.00691	0.00731	0.00590	0.00847	0.00710	0.00487	0.08845	0.00916	0.41207	0.00978	0.00922	0.00653	0.00399	0.00304	0.00112	0.00305	0.00288	0.00344	0.00520
20	0.00487	0.00336	0.00408	0.00447	0.00459	0.00325	0.00275	0.00518	0.00612	0.00813	0.01590	0.41517	0.03403	0.45792	0.01182	0.00253	0.00284	0.00766	0.00277	0.00257
21	0.00467	0.00341	0.00440	0.00475	0.00529	0.00313	0.00333	0.00572	0.00828	0.01123	0.31891	0.48648	0.10741	0.00975	0.00448	0.00133	0.00194	0.00872	0.00360	0.00313
22	0.00522	0.00359	0.00410	0.00414	0.00467	0.00342	0.00280	0.00597	0.00715	0.00975	0.14044	0.06196	0.18890	0.38563	0.01037	0.00221	0.00264	0.05415	0.10011	0.00279
23	0.00842	0.00746	0.01230	0.06632	0.60340	0.00744	0.00932	0.01044	0.00859	0.04987	0.12493	0.01306	0.05413	0.00421	0.00373	0.00111	0.00380	0.00395	0.00230	0.00521
24	0.01382	0.01018	0.01091	0.00836	0.01127	0.01127	0.00691	0.83748	0.01709	0.02291	0.00873	0.00873	0.00618	0.00436	0.00364	0.00109	0.00400	0.00327	0.00364	0.00618
25	0.00838	0.00645	0.00769	0.02698	0.05750	0.00670	0.00526	0.22159	0.12361	0.02732	0.31318	0.01814	0.07237	0.02333	0.01751	0.00123	0.00292	0.00485	0.00348	0.05148
26	0.00731	0.00713	0.00998	0.06321	0.00984	0.00964	0.00732	0.00823	0.00597	0.00888	0.00842	0.04941	0.07594	0.00746	0.04303	0.00169	0.66695	0.00391	0.00183	0.00383
27	0.00524	0.00370	0.00485	0.00485	0.00516	0.00401	0.00331	0.00585	0.00555	0.00770	0.01064	0.01929	0.01126	0.47320	0.41490	0.00462	0.00646	0.00463	0.00208	0.00269
28	0.00754	0.00646	0.00754	0.00538	0.00861	0.00484	0.00431	0.00915	0.00754	0.01184	0.00646	0.00754	0.00538	0.00269	0.00269	0.00054	0.00269	0.00215	0.00215	0.89449
29	0.20423	0.11958	0.02589	0.00797	0.00961	0.30486	0.00657	0.01149	0.00764	0.01053	0.00528	0.00681	0.00459	0.00432	0.00535	0.00114	0.24534	0.00246	0.01219	0.00415
30	0.00733	0.01854	0.82922	0.01050	0.01583	0.00846	0.03739	0.01151	0.00770	0.01151	0.00655	0.00774	0.00463	0.00344	0.00348	0.00115	0.00539	0.00273	0.00154	0.00536
31	0.00521	0.00379	0.00463	0.00454	0.00545	0.00347	0.00339	0.00666	0.02118	0.02988	0.45795	0.09170	0.23831	0.05830	0.00516	0.00136	0.00201	0.05004	0.00366	0.00332
32	0.00494	0.00369	0.00435	0.00420	0.00519	0.00330	0.00316	0.00637	0.00937	0.01273	0.49082	0.02932	0.32966	0.00791	0.00419	0.00116	0.00178	0.01601	0.05856	0.00329
33	0.06830	0.00611	0.00773	0.00621	0.00865	0.00571	0.00504	0.01603	0.11283	0.58735	0.11047	0.01418	0.02500	0.00489	0.00366	0.00114	0.00287	0.00401	0.00419	0.00563
34	0.01171	0.00602	0.00743	0.00620	0.00833	0.00589	0.00494	0.01562	0.23895	0.42022	0.16946	0.01551	0.01430	0.00515	0.00372	0.00114	0.00270	0.00431	0.05298	0.00540
35	0.00695	0.00655	0.01106	0.82837	0.05949	0.00810	0.01014	0.00936	0.00731	0.00939	0.00648	0.00966	0.00488	0.00362	0.00363	0.00121	0.00482	0.00323	0.00162	0.00411
36	0.00793	0.00750	0.01268	0.36042	0.47283	0.00814	0.01032	0.01018	0.00798	0.01097	0.05094	0.01023	0.00689	0.00362	0.00365	0.00114	0.00439	0.00341	0.00184	0.00494
37	0.73336	0.00762	0.00638	0.00545	0.00782	0.00873	0.00449	0.16459	0.00821	0.01754	0.00574	0.00643	0.00435	0.00356	0.00251	0.00112	0.00303	0.00221	0.00251	0.00435
38	0.01382	0.01018	0.01091	0.00836	0.01127	0.01127	0.00691	0.83748	0.01709	0.02291	0.00873	0.00873	0.00618	0.00436	0.00364	0.00109	0.00400	0.00327	0.00364	0.00618
39	0.00754	0.00646	0.00754	0.00538	0.00861	0.00484	0.00431	0.00915	0.00754	0.01184	0.00646	0.00754	0.00538	0.00269	0.00269	0.00054	0.00269	0.00215	0.00215	0.89449
40	0.00453	0.00324	0.00431	0.00499	0.00529	0.00302	0.00338	0.00531	0.00742	0.01001	0.13497	0.75286	0.02546	0.01084	0.00459	0.00143	0.00205	0.00981	0.00346	0.00302
41	0.00459	0.00332	0.00434	0.00486	0.00529	0.00307	0.00335	0.00550	0.00783	0.01058	0.21924	0.62025	0.07365	0.01031	0.00453	0.00138	0.00200	0.00928	0.00352	0.00307
42	0.00452	0.00369	0.00399	0.00392	0.00505	0.00316	0.00294	0.00565	0.00881	0.01107	0.24953	0.03292	0.63463	0.00874	0.00429	0.00121	0.00181	0.00738	0.00354	0.00316
43	0.89794	0.00703	0.00534	0.00478	0.00703	0.00815	0.00394	0.01068	0.00619	0.01631	0.00506	0.00590	0.00394	0.00337	0.00225	0.00112	0.00281	0.00197	0.00225	0.00394
44	0.00507	0.00366	0.00480	0.00462	0.00541	0.00338	0.00342	0.00668	0.00996	0.01406	0.76681	0.10950	0.03329	0.00782	0.00432	0.00118	0.00175	0.00694	0.00394	0.00338
45	0.00866	0.00829	0.01415	0.15491	0.71962	0.00855	0.01099	0.01086	0.00812	0.01147	0.00678	0.00910	0.00561	0.00330	0.00360	0.00110	0.00440	0.00324	0.00177	0.00549
46	0.10116	0.00818	0.00850	0.00724	0.00957	0.00921	0.00576	0.20246	0.52241	0.02798	0.01205	0.01140	0.00897	0.00454	0.00349	0.00116	0.00312	0.00361	0.00348	0.04573
47	0.00940	0.15651	0.35570	0.00912	0.01297	0.01982	0.09476	0.11097	0.05082	0.08302	0.05640	0.00951	0.00731	0.00386	0.00345	0.00109	0.00453	0.00317	0.00232	0.00526
48	0.04911	0.05466	0.06241	0.14323	0.47204	0.01828	0.04684	0.07736	0.01974	0.01238	0.00686	0.00876	0.00550	0.00342	0.00350	0.00110	0.00443	0.00313	0.00194	0.00532
49	0.00868	0.00847	0.01347	0.12034	0.66440	0.04373	0.01035	0.01075	0.00823	0.01134	0.00823	0.01025	0.04751	0.00360	0.00361	0.00109	0.00433	0.00341	0.00186	0.01634
50	0.00501	0.00362	0.00491	0.00561	0.00614	0.00351	0.00431	0.00612	0.00762	0.01009	0.06103	0.44716	0.05701	0.01154	0.05416	0.00177	0.00296	0.30098	0.00331	0.00314
51	0.00960	0.05927	0.01462	0.05208	0.61035	0.04472	0.05130	0.09197	0.00915	0.01252	0.00688	0.00875	0.00564	0.00337	0.00355	0.00107	0.00447	0.00318	0.00196	0.00556
52	0.00594	0.00459	0.00611	0.00552	0.00662	0.00449	0.04516	0.04263	0.08238	0.01387	0.55963	0.09463	0.05224	0.04626	0.00489	0.00130	0.00226	0.01406	0.00369	0.00371
53	0.00979	0.79815	0.01853	0.00725	0.05805	0.03979	0.00653	0.01101	0.00753	0.00875	0.00517	0.00604	0.00473	0.00314	0.00243	0.00080	0.00399	0.00203	0.00158	0.00471
54	0.00603	0.00405	0.00455	0.00435	0.00465	0.00416	0.00268	0.06995	0.00636	0.00871	0.01119	0.02163	0.01227	0.71948	0.05150	0.00328	0.00371	0.00496	0.05386	0.00262
55	0.00505	0.00365	0.00466	0.00451	0.00525	0.00338	0.00327	0.00646	0.00941	0.01313	0.65243	0.10174	0.07182	0.09237	0.00571	0.00141	0.00193	0.00683	0.00374	0.00325
56	0.04982	0.74068	0.06629	0.00656	0.00970	0.05814	0.00658	0.01110	0.00750	0.00909	0.00517	0.00598	0.00463	0.00317	0.00244	0.00082	0.00406	0.00201	0.00160	0.00465
57	0.00513	0.00371	0.00484	0.00456	0.00542	0.00342	0.00342	0.00683	0.01025	0.01449	0.83285	0.02729	0.04918	0.00746	0.00429	0.00114	0.00172	0.00659	0.00399	0.00342
58	0.00821	0.06681	0.63183	0.00989	0.01447	0.07295	0.03458	0.05498	0.00841	0.01171	0.00714	0.00925	0.00553	0.00382	0.00349	0.00114	0.00522	0.04361	0.00177	0.00517
59	0.00538	0.00389	0.00492	0.00493	0.00536	0.00415	0.00338	0.00658	0.05633	0.00853	0.04025	0.08899	0.03753	0.40203	0.30790	0.00388	0.00542	0.00525	0.00239	0.00291
60	0.21425	0.00761	0.03044	0.00625	0.00893	0.01523	0.00522	0.17910	0.04234	0.18335	0.00879	0.00895	0.00635	0.00380	0.00314	0.00098	0.01332	0.00281	0.05454	0.20461
61	0.14689	0.30194	0.15228	0.00813	0.05223	0.10743	0.01759	0.03644	0.09757	0.02484	0.00680	0.00748	0.00542	0.00353	0.00291	0.00099	0.00418	0.00251	0.00206	0.01879
62	0.01849	0.24133	0.17276	0.00770	0.01095	0.03703	0.07327	0.07749	0.03032	0.07839	0.01029	0.01965	0.08545	0.00414	0.00326	0.00099	0.00399	0.01219	0.00233	0.10998

[dist]
# distance from previous block
# <min> <max>
23	72

[block]
# block no. 5 follows, 76 sequences, length 50
# corresponding to MSA columns:
# 455-504
name=unknown_F
#
# <colnr> <probs for GDERKNQSTAVLIFYWHMCP>
#	G	D	E	R	K	N	Q	S	T	A	V	L	I	F	Y	W	H	M	C	P
0	0.01105	0.04710	0.15848	0.00816	0.01111	0.03488	0.00750	0.41525	0.12971	0.04533	0.01015	0.08696	0.00819	0.00485	0.00364	0.00114	0.00395	0.00385	0.00314	0.00556
1	0.04268	0.31526	0.30446	0.00888	0.04701	0.03080	0.00908	0.10348	0.00847	0.01164	0.00603	0.00713	0.00484	0.00369	0.00380	0.00104	0.08230	0.00252	0.00183	0.00502
2	0.03093	0.52053	0.17667	0.00753	0.03557	0.02131	0.00757	0.01210	0.00794	0.13972	0.00683	0.00730	0.00534	0.00341	0.00280	0.00092	0.00407	0.00239	0.00203	0.00505
3	0.52832	0.03056	0.06777	0.00622	0.00852	0.12911	0.00538	0.03053	0.00761	0.05611	0.05983	0.00796	0.00639	0.00389	0.00311	0.00111	0.03847	0.00253	0.00236	0.00423
4	0.00837	0.05027	0.00742	0.00645	0.00784	0.13553	0.00506	0.10970	0.05434	0.04921	0.12171	0.16525	0.06471	0.04918	0.00477	0.00136	0.00341	0.14823	0.00317	0.00401
5	0.06644	0.00736	0.00817	0.00656	0.04297	0.04823	0.00500	0.07004	0.00862	0.10680	0.00739	0.00807	0.00573	0.00313	0.00290	0.00072	0.00310	0.00244	0.00250	0.59382
6	0.04205	0.05249	0.07753	0.01071	0.01350	0.06545	0.35527	0.05322	0.05105	0.02204	0.01812	0.03168	0.02023	0.00497	0.00406	0.00126	0.00484	0.16456	0.00240	0.00459
7	0.00800	0.06300	0.05113	0.00620	0.00954	0.00602	0.03991	0.03429	0.00790	0.02211	0.00657	0.00762	0.00537	0.00284	0.00281	0.00064	0.00309	0.00231	0.00214	0.71850
8	0.00683	0.00458	0.00531	0.00510	0.00634	0.00444	0.00383	0.02558	0.13619	0.10349	0.11594	0.23044	0.25524	0.00797	0.00410	0.00125	0.00224	0.01658	0.06065	0.00392
9	0.00729	0.01880	0.85344	0.01036	0.01573	0.00844	0.01343	0.01151	0.00767	0.01151	0.00652	0.00767	0.00460	0.00345	0.00345	0.00115	0.00537	0.00269	0.00153	0.00537
10	0.00512	0.00359	0.00424	0.00425	0.00454	0.00356	0.00269	0.00555	0.00621	0.00829	0.09000	0.05979	0.10853	0.56604	0.10978	0.00323	0.00381	0.00572	0.00252	0.00256
11	0.00528	0.00353	0.00400	0.00400	0.00401	0.00354	0.00225	0.00531	0.00530	0.00707	0.01142	0.02361	0.01314	0.85670	0.03396	0.00357	0.00364	0.00526	0.00220	0.00222
12	0.00467	0.00342	0.00414	0.00452	0.00498	0.00316	0.00305	0.00536	0.00727	0.00953	0.10984	0.42055	0.19748	0.18480	0.00734	0.00181	0.00231	0.01968	0.00320	0.00288
13	0.01472	0.00874	0.01001	0.00768	0.01055	0.00913	0.00634	0.54137	0.01467	0.32242	0.01075	0.01004	0.00720	0.00441	0.00364	0.00110	0.00367	0.00341	0.00395	0.00618
14	0.01382	0.01018	0.01091	0.00836	0.01127	0.01127	0.00691	0.83748	0.01709	0.02291	0.00873	0.00873	0.00618	0.00436	0.00364	0.00109	0.00400	0.00327	0.00364	0.00618
15	0.00972	0.87446	0.01905	0.00622	0.00933	0.01438	0.00622	0.01088	0.00738	0.00855	0.00505	0.00583	0.00466	0.00311	0.00233	0.00078	0.00389	0.00194	0.00155	0.00466
16	0.01198	0.00682	0.00832	0.00626	0.00922	0.00595	0.00509	0.10585	0.04489	0.36580	0.01037	0.00995	0.00723	0.00373	0.00324	0.00088	0.00301	0.00299	0.00337	0.38505
17	0.01460	0.00854	0.00985	0.00759	0.01043	0.00889	0.00626	0.48927	0.04560	0.34367	0.01113	0.01032	0.00746	0.00444	0.00365	0.00111	0.00361	0.00345	0.00397	0.00617
18	0.01545	0.00704	0.00892	0.00683	0.00967	0.00657	0.00563	0.19041	0.01171	0.64547	0.01286	0.01142	0.00827	0.00440	0.00361	0.00110	0.00327	0.00352	0.00423	0.03963
19	0.00453	0.00364	0.00404	0.00405	0.00508	0.00315	0.00299	0.00562	0.00867	0.01098	0.24296	0.11559	0.55801	0.00897	0.00433	0.00123	0.00184	0.00765	0.00354	0.00315
20	0.00474	0.00370	0.00429	0.00414	0.00518	0.00326	0.00311	0.00607	0.00932	0.01228	0.45729	0.03092	0.42612	0.00828	0.00429	0.00118	0.00178	0.00710	0.00370	0.00326
21	0.00756	0.01710	0.70784	0.01199	0.10778	0.00851	0.06583	0.01148	0.00780	0.01156	0.00661	0.00796	0.00479	0.00340	0.00352	0.00115	0.00530	0.00285	0.00158	0.00538
22	0.00773	0.00763	0.01071	0.00924	0.00930	0.01060	0.00768	0.00857	0.00559	0.00872	0.00517	0.00846	0.00512	0.00804	0.08001	0.00193	0.79673	0.00324	0.00162	0.00392
23	0.00904	0.00781	0.00822	0.00740	0.00945	0.00904	0.00575	0.01931	0.84303	0.01520	0.01479	0.01356	0.01109	0.00493	0.00370	0.00123	0.00288	0.00411	0.00370	0.00575
24	0.00900	0.00884	0.01413	0.10969	0.72153	0.05089	0.01084	0.01113	0.00827	0.01145	0.00674	0.00895	0.00561	0.00330	0.00359	0.00109	0.00448	0.00319	0.00178	0.00550
25	0.00842	0.00795	0.01297	0.25136	0.52944	0.00853	0.01026	0.01155	0.10140	0.01154	0.00762	0.00970	0.00610	0.00354	0.00362	0.00113	0.00430	0.00333	0.00196	0.00528
26	0.00506	0.00365	0.00479	0.00463	0.00541	0.00338	0.00342	0.00666	0.00992	0.01398	0.75507	0.12145	0.03315	0.00787	0.00433	0.00118	0.00176	0.00699	0.00393	0.00338
27	0.00461	0.00343	0.00434	0.00499	0.00553	0.00316	0.00361	0.00546	0.00747	0.00964	0.02371	0.55716	0.21005	0.01069	0.00462	0.00145	0.00223	0.13143	0.00337	0.00304
