[name]
unknown

[dist]
# distance from previous block
# <min> <max>
4	729

[block]
# block no. 0 follows, 66 sequences, length 60
# corresponding to MSA columns:
# 892-951
name=unknown_A
#
# <colnr> <probs for GDERKNQSTAVLIFYWHMCP>
#	G	D	E	R	K	N	Q	S	T	A	V	L	I	F	Y	W	H	M	C	P
0	0.00835	0.09180	0.72030	0.03470	0.01716	0.00992	0.02505	0.01266	0.00855	0.01249	0.00736	0.00903	0.00544	0.00393	0.00379	0.00126	0.00582	0.01480	0.00175	0.00585
1	0.00888	0.00888	0.01243	0.01065	0.01065	0.01243	0.00888	0.00976	0.00621	0.00976	0.00533	0.00888	0.00533	0.00710	0.01331	0.00178	0.84999	0.00355	0.00178	0.00444
2	0.88607	0.00785	0.00596	0.00534	0.00785	0.00910	0.00439	0.01193	0.00690	0.01820	0.00565	0.00659	0.00439	0.00377	0.00251	0.00126	0.00314	0.00220	0.00251	0.00439
3	0.00819	0.02067	0.81389	0.01193	0.03991	0.00943	0.01492	0.01284	0.00858	0.01286	0.00729	0.00861	0.00517	0.00385	0.00386	0.00128	0.00596	0.00301	0.00172	0.00601
4	0.00665	0.00397	0.00461	0.00445	0.00540	0.00380	0.00334	0.00855	0.01001	0.01570	0.42401	0.02276	0.02442	0.00652	0.00382	0.00111	0.00190	0.00557	0.43962	0.00380
5	0.00587	0.00406	0.00506	0.00506	0.00527	0.00428	0.00325	0.00630	0.00609	0.00833	0.01221	0.02336	0.01336	0.60842	0.26775	0.00471	0.00602	0.00543	0.00237	0.00281
6	0.00574	0.00415	0.00542	0.00510	0.00606	0.00383	0.00383	0.00766	0.01148	0.01627	0.82997	0.03031	0.03828	0.00829	0.00479	0.00128	0.00191	0.00734	0.00447	0.00383
7	0.00530	0.00389	0.00502	0.00583	0.00621	0.00377	0.00395	0.00675	0.06430	0.01081	0.02196	0.79668	0.02583	0.01221	0.00511	0.00163	0.00241	0.01105	0.00379	0.00351
8	0.01284	0.39884	0.01596	0.00864	0.01142	0.33241	0.02817	0.04534	0.01007	0.04817	0.00681	0.00771	0.00569	0.00398	0.00342	0.00100	0.02271	0.00263	0.02909	0.00510
9	0.01099	0.83380	0.02098	0.00702	0.01048	0.01595	0.00697	0.03691	0.00858	0.01004	0.00577	0.00661	0.00526	0.00351	0.00265	0.00088	0.00434	0.00221	0.00181	0.00526
10	0.88607	0.00785	0.00596	0.00534	0.00785	0.00910	0.00439	0.01193	0.00690	0.01820	0.00565	0.00659	0.00439	0.00377	0.00251	0.00126	0.00314	0.00220	0.00251	0.00439
11	0.86330	0.00776	0.00598	0.00539	0.00786	0.00899	0.00445	0.01183	0.00697	0.01805	0.00606	0.00761	0.00488	0.00396	0.00259	0.00127	0.00315	0.02298	0.00254	0.00438
12	0.00814	0.02099	0.83640	0.01156	0.01756	0.00942	0.01499	0.01285	0.00857	0.01285	0.00728	0.00857	0.00514	0.00385	0.00385	0.00128	0.00600	0.00300	0.00171	0.00600
13	0.00836	0.00576	0.00691	0.00633	0.00789	0.00590	0.00493	0.01299	0.24512	0.09765	0.42538	0.02474	0.02584	0.00722	0.00450	0.00133	0.00257	0.06125	0.04046	0.00487
14	0.01085	0.85986	0.02126	0.00694	0.01041	0.01605	0.00694	0.01215	0.00824	0.00955	0.00564	0.00651	0.00521	0.00347	0.00260	0.00087	0.00434	0.00217	0.00174	0.00521
15	0.00494	0.00353	0.00471	0.00565	0.00588	0.00330	0.00377	0.00565	0.00777	0.01036	0.02236	0.85477	0.02683	0.01271	0.00518	0.00165	0.00235	0.01153	0.00377	0.00330
16	0.01085	0.85986	0.02126	0.00694	0.01041	0.01605	0.00694	0.01215	0.00824	0.00955	0.00564	0.00651	0.00521	0.00347	0.00260	0.00087	0.00434	0.00217	0.00174	0.00521
17	0.00494	0.00356	0.00468	0.00558	0.00587	0.00330	0.00373	0.00566	0.00784	0.01039	0.02325	0.81594	0.06509	0.01259	0.00516	0.00163	0.00234	0.01139	0.00377	0.00330
18	0.88607	0.00785	0.00596	0.00534	0.00785	0.00910	0.00439	0.01193	0.00690	0.01820	0.00565	0.00659	0.00439	0.00377	0.00251	0.00126	0.00314	0.00220	0.00251	0.00439
19	0.01460	0.01841	0.01158	0.01047	0.01237	0.76752	0.00793	0.01563	0.01103	0.00991	0.00619	0.00745	0.00523	0.00444	0.00452	0.00111	0.08217	0.00270	0.00206	0.00468
20	0.00580	0.00435	0.00652	0.00652	0.00724	0.00507	0.00507	0.00724	0.00652	0.00942	0.01087	0.01594	0.01014	0.03043	0.84134	0.00652	0.01087	0.00435	0.00217	0.00362
21	0.00820	0.02057	0.80290	0.01179	0.01771	0.00946	0.04807	0.01285	0.00861	0.01285	0.00732	0.00866	0.00518	0.00384	0.00389	0.00129	0.00603	0.00307	0.00173	0.00597
22	0.00766	0.00721	0.01217	0.84767	0.02794	0.00901	0.01127	0.01037	0.00811	0.01037	0.00721	0.01082	0.00541	0.00406	0.00406	0.00135	0.00541	0.00361	0.00180	0.00451
23	0.00580	0.00432	0.00640	0.00640	0.00708	0.00500	0.00492	0.00716	0.00648	0.00933	0.01098	0.01657	0.01042	0.07975	0.79240	0.00637	0.01045	0.00444	0.00219	0.00355
24	0.00497	0.00356	0.00473	0.00565	0.00592	0.00332	0.00380	0.00570	0.00782	0.01040	0.02265	0.82823	0.03993	0.01265	0.00518	0.00165	0.00237	0.02441	0.00377	0.00330
25	0.19186	0.15515	0.01153	0.00849	0.02147	0.38924	0.00668	0.05205	0.01009	0.04781	0.00775	0.06610	0.00685	0.00463	0.00339	0.00112	0.00529	0.00320	0.00245	0.00485
26	0.00564	0.00449	0.00510	0.00490	0.00615	0.00413	0.00369	0.00789	0.07567	0.01376	0.38400	0.04723	0.40442	0.00907	0.00474	0.00133	0.00209	0.00776	0.00410	0.00384
27	0.01027	0.04143	0.03341	0.07113	0.02624	0.04448	0.04024	0.05459	0.58160	0.01593	0.01390	0.01350	0.01048	0.00506	0.00404	0.00132	0.00387	0.00424	0.01819	0.00609
28	0.00494	0.00353	0.00471	0.00565	0.00588	0.00330	0.00377	0.00565	0.00777	0.01036	0.02236	0.85477	0.02683	0.01271	0.00518	0.00165	0.00235	0.01153	0.00377	0.00330
29	0.06280	0.00957	0.00997	0.00865	0.02323	0.02630	0.00676	0.23896	0.51246	0.03592	0.01369	0.01291	0.01015	0.00517	0.00400	0.00131	0.00366	0.00413	0.00396	0.00641
30	0.03142	0.00828	0.01295	0.57158	0.20483	0.03276	0.01108	0.03584	0.00871	0.01165	0.00727	0.01035	0.00565	0.00406	0.00424	0.00132	0.02753	0.00354	0.00194	0.00501
31	0.01030	0.56280	0.23377	0.00825	0.01225	0.05256	0.00897	0.01248	0.00856	0.02424	0.00725	0.00810	0.02792	0.00382	0.00307	0.00101	0.00484	0.00261	0.00186	0.00537
32	0.01197	0.01342	0.01202	0.01047	0.01158	0.35771	0.00836	0.07142	0.00935	0.01099	0.00604	0.00829	0.00540	0.00572	0.00862	0.00143	0.43725	0.00317	0.00207	0.00473
33	0.01516	0.01909	0.01152	0.01042	0.01254	0.81565	0.00784	0.04088	0.01173	0.01041	0.00638	0.00739	0.00528	0.00420	0.00367	0.00105	0.00723	0.00264	0.00215	0.00477
34	0.00490	0.00410	0.00428	0.00437	0.00565	0.00348	0.00330	0.00596	0.00920	0.01108	0.05396	0.08831	0.73038	0.01043	0.00485	0.00141	0.00215	0.04498	0.00378	0.00344
35	0.01009	0.00872	0.00917	0.00826	0.01055	0.01009	0.00642	0.02156	0.82478	0.01697	0.01651	0.01514	0.01238	0.00550	0.00413	0.00138	0.00321	0.00459	0.00413	0.00642
36	0.00993	0.00855	0.00903	0.00817	0.01040	0.00987	0.00634	0.02105	0.79866	0.01676	0.01670	0.04198	0.01285	0.00573	0.00416	0.00138	0.00318	0.00481	0.00412	0.00632
37	0.88607	0.00785	0.00596	0.00534	0.00785	0.00910	0.00439	0.01193	0.00690	0.01820	0.00565	0.00659	0.00439	0.00377	0.00251	0.00126	0.00314	0.00220	0.00251	0.00439
38	0.01004	0.00964	0.01647	0.02490	0.83211	0.00964	0.01245	0.01245	0.00924	0.01325	0.00763	0.01004	0.00643	0.00361	0.00402	0.00120	0.00482	0.00361	0.00201	0.00643
39	0.00518	0.00428	0.00458	0.00454	0.00585	0.00375	0.00345	0.00671	0.03466	0.01205	0.16673	0.03718	0.64442	0.00985	0.00481	0.00138	0.00214	0.04098	0.00389	0.00359
40	0.00619	0.00495	0.00666	0.00662	0.00737	0.03950	0.00510	0.00757	0.00671	0.00939	0.01074	0.01592	0.01009	0.05579	0.78057	0.00621	0.01050	0.00433	0.00218	0.00363
41	0.01088	0.00973	0.03062	0.11246	0.10007	0.00988	0.24884	0.26619	0.01226	0.03077	0.01041	0.06132	0.00882	0.00511	0.00444	0.00135	0.00516	0.06307	0.00292	0.00569
42	0.00925	0.02257	0.15274	0.02750	0.02444	0.04759	0.14858	0.03470	0.00794	0.01138	0.00687	0.03295	0.00610	0.00574	0.00891	0.00154	0.44046	0.00384	0.00195	0.00497
43	0.00574	0.00415	0.00542	0.00510	0.00606	0.00383	0.00383	0.00766	0.01148	0.01627	0.82997	0.03031	0.03828	0.00829	0.00479	0.00128	0.00191	0.00734	0.00447	0.00383
44	0.04116	0.00426	0.00424	0.00425	0.00563	0.00367	0.00321	0.00611	0.00911	0.01126	0.03881	0.06075	0.76159	0.01009	0.00472	0.00138	0.00213	0.02044	0.00372	0.00347
45	0.00962	0.12099	0.50573	0.01066	0.01544	0.02279	0.07901	0.05518	0.00932	0.06919	0.00848	0.04387	0.00659	0.00447	0.00408	0.01770	0.00543	0.00351	0.00219	0.00575
46	0.00940	0.00902	0.01471	0.35011	0.44462	0.03873	0.03745	0.01190	0.00892	0.02569	0.00757	0.01034	0.00603	0.00383	0.00405	0.00126	0.00518	0.00362	0.00198	0.00558
47	0.00814	0.02099	0.83640	0.01156	0.01756	0.00942	0.01499	0.01285	0.00857	0.01285	0.00728	0.00857	0.00514	0.00385	0.00385	0.00128	0.00600	0.00300	0.00171	0.00600
48	0.00766	0.00721	0.01217	0.84767	0.02794	0.00901	0.01127	0.01037	0.00811	0.01037	0.00721	0.01082	0.00541	0.00406	0.00406	0.00135	0.00541	0.00361	0.00180	0.00451
49	0.00882	0.00853	0.01386	0.46597	0.34595	0.03502	0.02221	0.01135	0.00876	0.01166	0.02512	0.01082	0.00653	0.00397	0.00405	0.00128	0.00518	0.00367	0.00195	0.00527
50	0.88607	0.00785	0.00596	0.00534	0.00785	0.00910	0.00439	0.01193	0.00690	0.01820	0.00565	0.00659	0.00439	0.00377	0.00251	0.00126	0.00314	0.00220	0.00251	0.00439
51	0.01040	0.67879	0.09483	0.03529	0.05471	0.01471	0.00814	0.01228	0.02190	0.01020	0.00612	0.00721	0.00539	0.00364	0.00309	0.00097	0.02278	0.00244	0.00179	0.00532
52	0.00580	0.00435	0.00652	0.00652	0.00724	0.00507	0.00507	0.00724	0.00652	0.00942	0.01087	0.01594	0.01014	0.03043	0.84134	0.00652	0.01087	0.00435	0.00217	0.00362
53	0.00494	0.00353	0.00471	0.00565	0.00588	0.00330	0.00377	0.00565	0.00777	0.01036	0.02236	0.85477	0.02683	0.01271	0.00518	0.00165	0.00235	0.01153	0.00377	0.00330
54	0.88607	0.00785	0.00596	0.00534	0.00785	0.00910	0.00439	0.01193	0.00690	0.01820	0.00565	0.00659	0.00439	0.00377	0.00251	0.00126	0.00314	0.00220	0.00251	0.00439
55	0.00977	0.00937	0.01598	0.11792	0.74120	0.00957	0.01232	0.01222	0.00911	0.01293	0.00758	0.01013	0.00631	0.00366	0.00402	0.00122	0.00489	0.00361	0.00199	0.00621
56	0.01009	0.00872	0.00917	0.00826	0.01055	0.01009	0.00642	0.02156	0.82478	0.01697	0.01651	0.01514	0.01238	0.00550	0.00413	0.00138	0.00321	0.00459	0.00413	0.00642
57	0.00574	0.00415	0.00542	0.00510	0.00606	0.00383	0.00383	0.00766	0.01148	0.01627	0.82997	0.03031	0.03828	0.00829	0.00479	0.00128	0.00191	0.00734	0.00447	0.00383
58	0.00958	0.01094	0.02394	0.01710	0.02120	0.01026	0.81737	0.01300	0.00958	0.01300	0.00821	0.01094	0.00616	0.00342	0.00479	0.00137	0.00684	0.00479	0.00205	0.00547
59	0.00542	0.00413	0.00498	0.00477	0.00587	0.00369	0.00358	0.00704	0.01073	0.01448	0.56450	0.03325	0.30486	0.00896	0.00479	0.00131	0.00196	0.00775	0.00423	0.00369

[dist]
# distance from previous block
# <min> <max>
0	1

[block]
# block no. 1 follows, 66 sequences, length 73
# corresponding to MSA columns:
# 953-974,1096-1146
name=unknown_B
#
# <colnr> <probs for GDERKNQSTAVLIFYWHMCP>
#	G	D	E	R	K	N	Q	S	T	A	V	L	I	F	Y	W	H	M	C	P
0	0.00568	0.00414	0.00534	0.00504	0.00602	0.00380	0.00378	0.00754	0.01134	0.01593	0.77911	0.03087	0.08935	0.00842	0.00479	0.00128	0.00192	0.00742	0.00442	0.00380
1	0.00841	0.00721	0.00841	0.00601	0.00961	0.00541	0.00481	0.01022	0.00841	0.01322	0.00721	0.00841	0.00601	0.00300	0.00300	0.00060	0.00300	0.00240	0.00240	0.88222
2	0.00899	0.05796	0.01294	0.01044	0.01064	0.01264	0.00876	0.00990	0.00633	0.00975	0.00534	0.00874	0.00532	0.00689	0.01270	0.00172	0.80121	0.00347	0.00177	0.00448
3	0.00518	0.00391	0.00478	0.00502	0.00583	0.00352	0.00359	0.00639	0.00947	0.01256	0.30544	0.33814	0.26042	0.01050	0.00493	0.00144	0.00212	0.00924	0.00401	0.00352
4	0.00971	0.00834	0.00883	0.00797	0.01016	0.00956	0.00619	0.02036	0.75749	0.01678	0.06405	0.01661	0.03432	0.00578	0.00418	0.00137	0.00311	0.00484	0.00414	0.00620
5	0.12126	0.41221	0.01539	0.00817	0.01096	0.35078	0.00699	0.01377	0.00940	0.01078	0.00590	0.00685	0.00511	0.00380	0.00302	0.00099	0.00540	0.00235	0.00198	0.00490
6	0.03700	0.00757	0.04937	0.00729	0.01041	0.00629	0.00626	0.04650	0.01141	0.69744	0.01514	0.03083	0.00993	0.00508	0.00400	0.00125	0.00352	0.00411	0.03999	0.00660
7	0.00488	0.00412	0.00423	0.00430	0.00562	0.00348	0.00325	0.00593	0.00922	0.01100	0.03978	0.05883	0.77517	0.01037	0.00484	0.00140	0.00214	0.04424	0.00377	0.00344
8	0.00989	0.01110	0.07222	0.01620	0.05475	0.00976	0.66638	0.01318	0.00961	0.06036	0.00940	0.01163	0.02692	0.00372	0.00466	0.00135	0.00639	0.00468	0.00224	0.00558
9	0.01072	0.62175	0.16447	0.00843	0.03088	0.05883	0.00856	0.03635	0.00882	0.01071	0.00613	0.00709	0.00527	0.00362	0.00296	0.00097	0.00481	0.00242	0.00183	0.00540
10	0.02922	0.00377	0.00537	0.00534	0.00549	0.00383	0.00361	0.00587	0.02588	0.00766	0.00797	0.01282	0.02447	0.01354	0.01499	0.81920	0.00348	0.00362	0.00188	0.00198
11	0.00492	0.00411	0.00429	0.00426	0.00556	0.00348	0.00319	0.00606	0.00952	0.01164	0.14334	0.04875	0.71686	0.01005	0.00480	0.00136	0.00204	0.00844	0.00386	0.00348
12	0.00865	0.03750	0.72025	0.03008	0.01755	0.03030	0.05651	0.01302	0.00874	0.03006	0.00745	0.00878	0.00531	0.00386	0.00388	0.00128	0.00597	0.00310	0.00181	0.00591
13	0.00777	0.03726	0.01249	0.81804	0.02733	0.00926	0.01111	0.01043	0.00812	0.01034	0.00716	0.01066	0.00540	0.00404	0.00401	0.00134	0.00537	0.00355	0.00180	0.00453
14	0.00572	0.00415	0.00539	0.00508	0.00605	0.00382	0.00381	0.00762	0.01144	0.01615	0.81258	0.03050	0.05574	0.00834	0.00479	0.00128	0.00192	0.00736	0.00445	0.00382
15	0.01744	0.00813	0.01018	0.00780	0.01097	0.00779	0.00644	0.23989	0.01367	0.61189	0.01428	0.01269	0.00918	0.00498	0.00407	0.00124	0.00373	0.00396	0.00476	0.00690
16	0.00920	0.02172	0.01455	0.24733	0.41733	0.03016	0.06529	0.02799	0.00906	0.01237	0.01905	0.05922	0.00771	0.00444	0.00433	0.00128	0.02473	0.00415	0.01461	0.00548
17	0.00551	0.00457	0.00523	0.01459	0.00656	0.00416	0.01708	0.00747	0.06121	0.01249	0.19831	0.04763	0.54814	0.00946	0.00478	0.00138	0.00229	0.04151	0.00388	0.00375
18	0.00863	0.00734	0.00853	0.00611	0.00971	0.00563	0.00490	0.03534	0.00874	0.01360	0.00729	0.00845	0.00604	0.00306	0.00304	0.00062	0.00305	0.00244	0.00246	0.85501
19	0.00655	0.00453	0.00576	0.00530	0.00646	0.00423	0.00402	0.02734	0.02750	0.05246	0.71295	0.02930	0.08178	0.00813	0.00472	0.00128	0.00208	0.00712	0.00443	0.00406
20	0.01085	0.85986	0.02126	0.00694	0.01041	0.01605	0.00694	0.01215	0.00824	0.00955	0.00564	0.00651	0.00521	0.00347	0.00260	0.00087	0.00434	0.00217	0.00174	0.00521
21	0.06034	0.37268	0.36784	0.00954	0.03407	0.04353	0.02095	0.01275	0.00853	0.02693	0.00664	0.00770	0.00526	0.00371	0.00326	0.00110	0.00512	0.00265	0.00186	0.00554
22	0.01283	0.01007	0.01071	0.00881	0.01159	0.01137	0.00708	0.43056	0.41132	0.02138	0.01304	0.01237	0.00957	0.00518	0.00409	0.00129	0.00385	0.00411	0.00409	0.00667
23	0.68391	0.04023	0.05521	0.00654	0.02012	0.07300	0.00558	0.03031	0.00782	0.03815	0.00618	0.00706	0.00476	0.00385	0.00277	0.00123	0.00373	0.00237	0.00250	0.00469
24	0.00842	0.03332	0.47553	0.02248	0.02794	0.00815	0.06238	0.02213	0.00892	0.06670	0.04379	0.15509	0.01086	0.00575	0.00436	0.00136	0.01944	0.01549	0.00248	0.00540
25	0.00888	0.01679	0.58173	0.01118	0.05851	0.00882	0.02368	0.03733	0.05563	0.05577	0.08209	0.01139	0.00898	0.00443	0.00398	0.00128	0.00519	0.00362	0.01485	0.00588
26	0.00864	0.00720	0.00844	0.00604	0.00963	0.00542	0.00483	0.01044	0.00849	0.03245	0.00742	0.00854	0.00610	0.00305	0.00303	0.00062	0.00302	0.00244	0.00246	0.86173
27	0.01067	0.75432	0.10468	0.00750	0.01120	0.03447	0.00779	0.01231	0.00835	0.00989	0.00582	0.00674	0.00520	0.00353	0.00276	0.00091	0.00458	0.00226	0.00174	0.00528
28	0.00566	0.00414	0.00531	0.00502	0.00601	0.00379	0.00376	0.00750	0.01129	0.01581	0.76203	0.03106	0.10651	0.00846	0.00479	0.00128	0.00193	0.00744	0.00441	0.00379
29	0.00756	0.00378	0.00378	0.00378	0.00473	0.00378	0.00284	0.00945	0.00851	0.01513	0.01324	0.01513	0.01040	0.00473	0.00284	0.00095	0.00189	0.00378	0.87994	0.00378
30	0.00493	0.00412	0.00430	0.00427	0.00559	0.00349	0.00322	0.00607	0.00951	0.01160	0.13423	0.03810	0.72592	0.01005	0.00480	0.00137	0.00206	0.01903	0.00385	0.00348
31	0.00500	0.00412	0.00440	0.00433	0.00561	0.00351	0.00325	0.00622	0.00974	0.01212	0.21302	0.03714	0.65782	0.00984	0.00479	0.00135	0.00202	0.00830	0.00392	0.00351
32	0.00814	0.02099	0.83640	0.01156	0.01756	0.00942	0.01499	0.01285	0.00857	0.01285	0.00728	0.00857	0.00514	0.00385	0.00385	0.00128	0.00600	0.00300	0.00171	0.00600
33	0.00494	0.00353	0.00471	0.00565	0.00588	0.00330	0.00377	0.00565	0.00777	0.01036	0.02236	0.85477	0.02683	0.01271	0.00518	0.00165	0.00235	0.01153	0.00377	0.00330
34	0.88607	0.00785	0.00596	0.00534	0.00785	0.00910	0.00439	0.01193	0.00690	0.01820	0.00565	0.00659	0.00439	0.00377	0.00251	0.00126	0.00314	0.00220	0.00251	0.00439
35	0.88607	0.00785	0.00596	0.00534	0.00785	0.00910	0.00439	0.01193	0.00690	0.01820	0.00565	0.00659	0.00439	0.00377	0.00251	0.00126	0.00314	0.00220	0.00251	0.00439
36	0.01009	0.00872	0.00917	0.00826	0.01055	0.01009	0.00642	0.02156	0.82478	0.01697	0.01651	0.01514	0.01238	0.00550	0.00413	0.00138	0.00321	0.00459	0.00413	0.00642
37	0.00634	0.00429	0.00550	0.00512	0.00624	0.00390	0.00387	0.00812	0.01119	0.06281	0.68308	0.04235	0.12501	0.00839	0.00475	0.00129	0.00202	0.00735	0.00441	0.00395
38	0.88607	0.00785	0.00596	0.00534	0.00785	0.00910	0.00439	0.01193	0.00690	0.01820	0.00565	0.00659	0.00439	0.00377	0.00251	0.00126	0.00314	0.00220	0.00251	0.00439
39	0.01085	0.85986	0.02126	0.00694	0.01041	0.01605	0.00694	0.01215	0.00824	0.00955	0.00564	0.00651	0.00521	0.00347	0.00260	0.00087	0.00434	0.00217	0.00174	0.00521
40	0.00496	0.00413	0.00436	0.00447	0.00575	0.00353	0.00341	0.00606	0.00923	0.01114	0.05434	0.07512	0.71348	0.01042	0.00488	0.00142	0.00220	0.07387	0.00378	0.00345
41	0.00814	0.02099	0.83640	0.01156	0.01756	0.00942	0.01499	0.01285	0.00857	0.01285	0.00728	0.00857	0.00514	0.00385	0.00385	0.00128	0.00600	0.00300	0.00171	0.00600
42	0.05048	0.01185	0.01187	0.00926	0.01239	0.07751	0.00759	0.72307	0.01799	0.02404	0.00930	0.00942	0.00667	0.00477	0.00396	0.00121	0.00464	0.00351	0.00384	0.00663
43	0.07825	0.00649	0.00855	0.02725	0.01014	0.00604	0.00615	0.02819	0.01073	0.53769	0.01632	0.02114	0.01280	0.00645	0.00435	0.00141	0.00356	0.20420	0.00443	0.00587
44	0.00939	0.00721	0.00853	0.00617	0.00968	0.00558	0.00496	0.02884	0.00900	0.08717	0.02439	0.00936	0.00703	0.00333	0.00316	0.00069	0.00306	0.00268	0.00272	0.76707
45	0.00590	0.00394	0.00447	0.00447	0.00448	0.00396	0.00251	0.00593	0.00591	0.00790	0.01275	0.02634	0.01466	0.84119	0.03676	0.00398	0.00407	0.00587	0.00245	0.00248
46	0.00557	0.00420	0.00514	0.00499	0.00599	0.00385	0.00369	0.00738	0.03104	0.01441	0.54502	0.09937	0.21909	0.02590	0.00512	0.00138	0.00206	0.00787	0.00420	0.00373
47	0.00818	0.02034	0.79267	0.01152	0.01719	0.00958	0.01467	0.01268	0.00844	0.01268	0.00718	0.00858	0.00515	0.00403	0.00436	0.00131	0.05078	0.00303	0.00172	0.00591
48	0.01820	0.00690	0.00942	0.00722	0.01036	0.00596	0.00596	0.01977	0.01161	0.83492	0.01601	0.01381	0.01004	0.00502	0.00408	0.00126	0.00345	0.00408	0.00502	0.00690
49	0.00564	0.00403	0.00551	0.00642	0.00697	0.00389	0.00495	0.00687	0.00852	0.01125	0.03978	0.49096	0.02560	0.01197	0.00535	0.00173	0.00293	0.35036	0.00377	0.00350
50	0.00898	0.00748	0.01103	0.55369	0.02160	0.00888	0.00941	0.08984	0.10709	0.04637	0.06873	0.01285	0.00906	0.00467	0.00409	0.00132	0.00465	0.00402	0.02121	0.00500
51	0.00933	0.01126	0.07291	0.08477	0.02153	0.01011	0.70206	0.01277	0.00939	0.01277	0.00807	0.01079	0.00603	0.00350	0.00467	0.00136	0.00667	0.00458	0.00201	0.00543
52	0.00543	0.00374	0.00456	0.00503	0.00514	0.00362	0.00310	0.00578	0.00682	0.00909	0.01750	0.43411	0.02070	0.44174	0.01304	0.00281	0.00316	0.00867	0.00310	0.00287
53	0.00883	0.00940	0.01891	0.33852	0.04606	0.00968	0.46924	0.01192	0.00898	0.01199	0.00779	0.01083	0.00587	0.00366	0.00445	0.00134	0.00616	0.00426	0.00196	0.02014
54	0.05766	0.00591	0.00803	0.22970	0.01203	0.00710	0.00610	0.00815	0.00662	0.00950	0.00954	0.01786	0.00990	0.41215	0.03377	0.00278	0.15294	0.00463	0.00216	0.00349
55	0.00827	0.00853	0.03872	0.72351	0.07159	0.06020	0.01124	0.01092	0.00840	0.01058	0.00718	0.01049	0.00545	0.00403	0.00402	0.00132	0.00551	0.00353	0.00183	0.00467
56	0.00948	0.00490	0.00645	0.00568	0.00724	0.00442	0.00439	0.01121	0.01109	0.25757	0.48476	0.08054	0.02746	0.00741	0.00448	0.00127	0.00240	0.00644	0.05811	0.00470
57	0.80007	0.00858	0.05396	0.00572	0.00848	0.00897	0.00502	0.01191	0.00706	0.01769	0.00581	0.00678	0.00450	0.00374	0.00261	0.00123	0.00330	0.00225	0.00246	0.03985
58	0.00954	0.00862	0.01320	0.20011	0.34049	0.01726	0.01017	0.07122	0.01692	0.03106	0.04624	0.01164	0.02129	0.00544	0.02664	0.00147	0.14742	0.00387	0.00231	0.01509
59	0.20213	0.30949	0.27089	0.00840	0.01231	0.08546	0.00898	0.02977	0.00861	0.02238	0.00642	0.00739	0.00510	0.00377	0.00311	0.00111	0.00485	0.00253	0.00202	0.00529
60	0.01498	0.05320	0.01189	0.01031	0.01246	0.80789	0.00780	0.01604	0.01137	0.00991	0.00625	0.00728	0.00523	0.00415	0.00362	0.00104	0.00720	0.00260	0.00208	0.00472
61	0.00596	0.00392	0.00452	0.00452	0.00454	0.00393	0.00258	0.00589	0.00588	0.00785	0.01241	0.02550	0.01420	0.79055	0.03845	0.05464	0.00406	0.00573	0.00241	0.00244
62	0.01129	0.00546	0.00702	0.00623	0.00812	0.00491	0.00496	0.02773	0.01023	0.37015	0.05899	0.11262	0.15304	0.04980	0.00532	0.00152	0.00305	0.11419	0.04037	0.00502
63	0.00832	0.00847	0.02350	0.00980	0.01154	0.11137	0.21706	0.05467	0.00940	0.01206	0.04475	0.38964	0.01649	0.00817	0.00526	0.00146	0.05319	0.00748	0.00301	0.00437
64	0.02302	0.00429	0.00429	0.00427	0.00566	0.00370	0.00321	0.00634	0.02830	0.01131	0.05031	0.04994	0.77147	0.01004	0.00474	0.00137	0.00211	0.00837	0.00376	0.00352
65	0.00907	0.00852	0.01194	0.01022	0.01056	0.01146	0.02519	0.04515	0.00708	0.03051	0.00701	0.05811	0.00693	0.00799	0.03998	0.00188	0.69771	0.00408	0.00209	0.00453
66	0.00574	0.00415	0.00542	0.00510	0.00606	0.00383	0.00383	0.00766	0.01148	0.01627	0.82997	0.03031	0.03828	0.00829	0.00479	0.00128	0.00191	0.00734	0.00447	0.00383
67	0.01517	0.01112	0.01195	0.00923	0.01242	0.01230	0.00760	0.75621	0.06540	0.04168	0.01026	0.01014	0.00728	0.00491	0.00406	0.00123	0.00437	0.00372	0.00408	0.00687
68	0.00526	0.00383	0.00538	0.00597	0.00639	0.00395	0.00425	0.00624	0.00731	0.01001	0.01811	0.54460	0.02066	0.01926	0.31436	0.00345	0.00550	0.00888	0.00318	0.00342
69	0.00563	0.00414	0.00527	0.00499	0.00599	0.00378	0.00374	0.00744	0.01122	0.01564	0.73636	0.03134	0.13228	0.00853	0.00479	0.00129	0.00193	0.00748	0.00438	0.00378
70	0.00828	0.00708	0.00826	0.00596	0.00946	0.00533	0.00475	0.01005	0.00842	0.01313	0.00824	0.02134	0.02600	0.00332	0.00308	0.00063	0.00297	0.00268	0.00246	0.84857
71	0.00651	0.06796	0.00684	0.00553	0.00678	0.00530	0.00426	0.03389	0.05694	0.01483	0.52210	0.10164	0.10868	0.01804	0.02156	0.00143	0.00250	0.00710	0.00403	0.00407
72	0.00522	0.00425	0.00465	0.00465	0.00591	0.00374	0.00354	0.00671	0.02913	0.01219	0.19064	0.05360	0.59018	0.00989	0.00484	0.00139	0.00217	0.05979	0.00391	0.00359

[dist]
# distance from previous block
# <min> <max>
1	5

[block]
# block no. 2 follows, 66 sequences, length 28
# corresponding to MSA columns:
# 1152-1165,1174-1187
name=unknown_C
#
# <colnr> <probs for GDERKNQSTAVLIFYWHMCP>
#	G	D	E	R	K	N	Q	S	T	A	V	L	I	F	Y	W	H	M	C	P
0	0.79275	0.00821	0.00692	0.00595	0.00856	0.00942	0.02452	0.07859	0.00798	0.01868	0.00605	0.00696	0.00464	0.00385	0.00269	0.00126	0.00334	0.00238	0.00263	0.00463
1	0.00814	0.02099	0.83640	0.01156	0.01756	0.00942	0.01499	0.01285	0.00857	0.01285	0.00728	0.00857	0.00514	0.00385	0.00385	0.00128	0.00600	0.00300	0.00171	0.00600
2	0.00925	0.01142	0.08917	0.01613	0.02021	0.00987	0.71507	0.01265	0.00941	0.01286	0.00878	0.04914	0.00701	0.00388	0.00473	0.00137	0.00657	0.00495	0.00210	0.00542
3	0.01004	0.00964	0.01647	0.02490	0.83211	0.00964	0.01245	0.01245	0.00924	0.01325	0.00763	0.01004	0.00643	0.00361	0.00402	0.00120	0.00482	0.00361	0.00201	0.00643
4	0.01009	0.00872	0.00917	0.00826	0.01055	0.01009	0.00642	0.02156	0.82478	0.01697	0.01651	0.01514	0.01238	0.00550	0.00413	0.00138	0.00321	0.00459	0.00413	0.00642
5	0.01004	0.00964	0.01647	0.02490	0.83211	0.00964	0.01245	0.01245	0.00924	0.01325	0.00763	0.01004	0.00643	0.00361	0.00402	0.00120	0.00482	0.00361	0.00201	0.00643
6	0.00841	0.00721	0.00841	0.00601	0.00961	0.00541	0.00481	0.01022	0.00841	0.01322	0.00721	0.00841	0.00601	0.00300	0.00300	0.00060	0.00300	0.00240	0.00240	0.88222
7	0.01009	0.00872	0.00917	0.00826	0.01055	0.01009	0.00642	0.02156	0.82478	0.01697	0.01651	0.01514	0.01238	0.00550	0.00413	0.00138	0.00321	0.00459	0.00413	0.00642
8	0.00958	0.01094	0.02394	0.01710	0.02120	0.01026	0.81737	0.01300	0.00958	0.01300	0.00821	0.01094	0.00616	0.00342	0.00479	0.00137	0.00684	0.00479	0.00205	0.00547
9	0.01372	0.00817	0.01182	0.07192	0.01305	0.03271	0.10561	0.01625	0.07297	0.42279	0.01262	0.01349	0.00897	0.00532	0.00571	0.00139	0.14134	0.03254	0.00369	0.00594
10	0.07975	0.00759	0.00938	0.00740	0.01039	0.00728	0.00606	0.08915	0.11244	0.60408	0.01477	0.01310	0.00965	0.00498	0.00397	0.00127	0.00349	0.00397	0.00465	0.00666
11	0.00519	0.00415	0.00466	0.00460	0.00581	0.00362	0.00349	0.00656	0.01001	0.01282	0.30837	0.03637	0.52554	0.00964	0.00483	0.00136	0.00208	0.04333	0.00400	0.00358
12	0.03638	0.00845	0.01360	0.41275	0.32588	0.00967	0.01116	0.04629	0.00883	0.01230	0.00728	0.01020	0.00582	0.00415	0.00471	0.00132	0.07033	0.00356	0.00200	0.00532
13	0.01176	0.54797	0.08377	0.00812	0.01172	0.01386	0.03981	0.12805	0.03576	0.07404	0.00757	0.00812	0.00607	0.00388	0.00316	0.00102	0.00449	0.00277	0.00240	0.00569
14	0.00615	0.00405	0.00535	0.00563	0.00638	0.00374	0.00409	0.00741	0.00942	0.06472	0.29389	0.44139	0.05772	0.01055	0.00499	0.00150	0.00236	0.06283	0.00408	0.00374
15	0.05364	0.00708	0.01151	0.76626	0.02591	0.00877	0.01058	0.01024	0.00803	0.01078	0.00780	0.04788	0.00630	0.00442	0.00402	0.00136	0.00515	0.00388	0.00193	0.00445
16	0.25495	0.01004	0.01054	0.05265	0.03626	0.01123	0.00709	0.51515	0.01472	0.03736	0.00853	0.00901	0.00617	0.00449	0.00363	0.00124	0.00414	0.00326	0.00347	0.00607
17	0.01054	0.00545	0.00699	0.00651	0.00804	0.01773	0.00489	0.02626	0.04560	0.32078	0.03429	0.42867	0.01884	0.00977	0.03389	0.00163	0.00321	0.00782	0.00419	0.00490
18	0.88607	0.00785	0.00596	0.00534	0.00785	0.00910	0.00439	0.01193	0.00690	0.01820	0.00565	0.00659	0.00439	0.00377	0.00251	0.00126	0.00314	0.00220	0.00251	0.00439
19	0.00493	0.00356	0.00467	0.00556	0.00586	0.00330	0.00373	0.00566	0.00785	0.01039	0.02339	0.81013	0.07082	0.01258	0.00516	0.00163	0.00234	0.01137	0.00377	0.00330
20	0.00853	0.00665	0.00758	0.03440	0.04515	0.03145	0.00548	0.09107	0.16743	0.06544	0.12104	0.11308	0.23262	0.00820	0.01833	0.00145	0.00320	0.03026	0.00381	0.00482
21	0.00841	0.00721	0.00841	0.00601	0.00961	0.00541	0.00481	0.01022	0.00841	0.01322	0.00721	0.00841	0.00601	0.00300	0.00300	0.00060	0.00300	0.00240	0.00240	0.88222
22	0.01100	0.82902	0.02090	0.00707	0.01049	0.04632	0.00697	0.01230	0.00836	0.00956	0.00566	0.00654	0.00521	0.00350	0.00264	0.00087	0.00445	0.00219	0.00175	0.00519
23	0.00546	0.00393	0.00514	0.00589	0.00640	0.00374	0.00433	0.00648	0.00825	0.01084	0.04779	0.47738	0.08827	0.08704	0.00662	0.00188	0.00282	0.22071	0.00366	0.00336
24	0.00496	0.00412	0.00434	0.00429	0.00558	0.00350	0.00321	0.00615	0.00964	0.01190	0.18046	0.03750	0.69051	0.00993	0.00479	0.00135	0.00203	0.00835	0.00389	0.00350
25	0.01724	0.00683	0.00923	0.00708	0.01017	0.00586	0.00583	0.01883	0.01143	0.76152	0.04247	0.01405	0.01075	0.00502	0.00404	0.00122	0.00338	0.00409	0.00486	0.05611
26	0.00756	0.00383	0.00398	0.00398	0.00493	0.00380	0.00297	0.00938	0.00860	0.02999	0.03531	0.06280	0.01205	0.00528	0.00304	0.00100	0.00195	0.00432	0.79140	0.00381
27	0.00751	0.00700	0.01175	0.80023	0.02670	0.00869	0.01084	0.01010	0.00809	0.01037	0.00806	0.05836	0.00662	0.00454	0.00412	0.00137	0.00524	0.00405	0.00191	0.00444

[dist]
# distance from previous block
# <min> <max>
0	8

[block]
# block no. 3 follows, 66 sequences, length 34
# corresponding to MSA columns:
# 1196,1199-1231
name=unknown_D
#
# <colnr> <probs for GDERKNQSTAVLIFYWHMCP>
#	G	D	E	R	K	N	Q	S	T	A	V	L	I	F	Y	W	H	M	C	P
0	0.00981	0.11963	0.10718	0.06431	0.12543	0.00846	0.06133	0.02464	0.02273	0.10871	0.06978	0.04536	0.03070	0.00464	0.00390	0.00112	0.01237	0.00398	0.00271	0.17321
1	0.07026	0.06974	0.06109	0.00829	0.01164	0.00971	0.03354	0.32185	0.01316	0.21148	0.01017	0.01017	0.00717	0.00442	0.00382	0.00114	0.01316	0.00340	0.02057	0.11525
2	0.00964	0.00764	0.00839	0.00752	0.00958	0.00852	0.00584	0.01849	0.60437	0.06431	0.18971	0.01829	0.01776	0.00607	0.00427	0.00135	0.00295	0.00514	0.00425	0.00590
3	0.00628	0.00519	0.00668	0.02227	0.11187	0.00477	0.01838	0.00800	0.03522	0.03532	0.12187	0.06916	0.50919	0.00881	0.00467	0.00136	0.00265	0.02061	0.00361	0.00410
4	0.02138	0.22816	0.18021	0.04473	0.08749	0.18379	0.07411	0.04615	0.02459	0.04243	0.02641	0.00904	0.00653	0.00399	0.00362	0.00113	0.00546	0.00312	0.00219	0.00547
5	0.01004	0.00964	0.01647	0.02490	0.83211	0.00964	0.01245	0.01245	0.00924	0.01325	0.00763	0.01004	0.00643	0.00361	0.00402	0.00120	0.00482	0.00361	0.00201	0.00643
6	0.00493	0.00406	0.00433	0.00438	0.00559	0.00346	0.00324	0.00604	0.00940	0.01159	0.14063	0.11296	0.65486	0.01024	0.00483	0.00138	0.00206	0.00868	0.00386	0.00346
7	0.09144	0.00834	0.00996	0.00770	0.01082	0.00825	0.00636	0.26267	0.01349	0.51843	0.01321	0.01195	0.00860	0.00487	0.00394	0.00124	0.00373	0.00379	0.00451	0.00669
8	0.02831	0.00666	0.00785	0.06761	0.01027	0.07062	0.00685	0.06888	0.00985	0.01281	0.03591	0.09820	0.01872	0.00936	0.00550	0.00167	0.04693	0.48649	0.00339	0.00412
9	0.00774	0.00528	0.00612	0.00565	0.00623	0.00558	0.00381	0.11083	0.00801	0.04111	0.01272	0.04106	0.01373	0.61607	0.01652	0.00323	0.04793	0.04221	0.00281	0.00337
10	0.00756	0.00378	0.00378	0.00378	0.00473	0.00378	0.00284	0.00945	0.00851	0.01513	0.01324	0.01513	0.01040	0.00473	0.00284	0.00095	0.00189	0.00378	0.87994	0.00378
11	0.00947	0.07132	0.01754	0.01290	0.01481	0.03486	0.32486	0.01138	0.00782	0.01102	0.00650	0.00947	0.00564	0.00532	0.00894	0.00153	0.43592	0.00391	0.00189	0.00491
12	0.00571	0.00414	0.00539	0.00514	0.00609	0.00382	0.00386	0.00757	0.01129	0.01590	0.77396	0.05370	0.05591	0.00852	0.00481	0.00130	0.00196	0.02270	0.00442	0.00380
13	0.25793	0.08879	0.27372	0.02061	0.01256	0.02250	0.02624	0.08866	0.00930	0.07161	0.00772	0.02071	0.00585	0.00403	0.00337	0.00118	0.00446	0.00295	0.00249	0.07532
14	0.00940	0.02349	0.00917	0.05430	0.02540	0.07450	0.01595	0.05653	0.05402	0.04716	0.05355	0.02821	0.04164	0.01793	0.03589	0.00117	0.00390	0.00361	0.01134	0.43284
15	0.00931	0.14954	0.48313	0.03399	0.08681	0.04512	0.04254	0.01323	0.04591	0.02500	0.00760	0.00884	0.00573	0.00385	0.00370	0.00120	0.00548	0.00307	0.00195	0.02400
16	0.00984	0.04438	0.02251	0.01649	0.05687	0.02862	0.68111	0.02760	0.00958	0.01289	0.00794	0.01054	0.00609	0.00363	0.00500	0.00135	0.04351	0.00451	0.00206	0.00547
17	0.00603	0.00422	0.00547	0.00511	0.00615	0.00387	0.00385	0.00789	0.01139	0.03768	0.77255	0.03027	0.07358	0.00830	0.00477	0.00128	0.00196	0.00731	0.00445	0.00389
18	0.00524	0.00396	0.00478	0.00505	0.00585	0.00358	0.00364	0.00636	0.00912	0.01193	0.22388	0.29541	0.28622	0.06379	0.00596	0.00162	0.00233	0.05400	0.00385	0.00344
19	0.23316	0.03239	0.00937	0.00741	0.01008	0.10657	0.03760	0.02924	0.05103	0.34908	0.08466	0.01239	0.01037	0.00482	0.00369	0.00123	0.00386	0.00372	0.00373	0.00561
20	0.00569	0.00415	0.00536	0.00505	0.00603	0.00381	0.00379	0.00756	0.01137	0.01600	0.79055	0.03074	0.07786	0.00839	0.00479	0.00128	0.00192	0.00740	0.00443	0.00381
21	0.00827	0.00801	0.01174	0.21451	0.01449	0.01082	0.00904	0.00968	0.00690	0.01015	0.03855	0.01061	0.00693	0.00779	0.05992	0.00193	0.56060	0.00376	0.00191	0.00438
22	0.01162	0.70930	0.01951	0.00757	0.01079	0.16384	0.00710	0.01287	0.00883	0.00961	0.00575	0.00665	0.00521	0.00360	0.00279	0.00090	0.00487	0.00225	0.00180	0.00512
23	0.00597	0.00422	0.00558	0.00561	0.00653	0.00400	0.00440	0.00782	0.01071	0.01504	0.57758	0.06693	0.03320	0.00898	0.00490	0.00141	0.00234	0.18840	0.04258	0.00378
24	0.01346	0.04081	0.05732	0.00981	0.06112	0.19236	0.00775	0.30391	0.03121	0.08779	0.00886	0.00931	0.00660	0.00426	0.00374	0.00108	0.00484	0.00319	0.00311	0.14949
25	0.01376	0.01043	0.01118	0.00894	0.01184	0.01163	0.00725	0.59917	0.20810	0.02295	0.01183	0.04425	0.00897	0.00533	0.00412	0.00127	0.00409	0.00418	0.00406	0.00665
26	0.00811	0.00679	0.00739	0.00685	0.00860	0.00742	0.00524	0.01543	0.48946	0.01548	0.17817	0.07948	0.14025	0.00725	0.00443	0.00137	0.00273	0.00619	0.00412	0.00526
27	0.00580	0.00433	0.00643	0.00643	0.00712	0.00502	0.00496	0.00719	0.00649	0.00935	0.01095	0.01640	0.01034	0.06662	0.80542	0.00641	0.01056	0.00441	0.00219	0.00357
28	0.00891	0.00916	0.01501	0.01254	0.04529	0.01138	0.20353	0.01046	0.00721	0.01071	0.00689	0.04791	0.00655	0.00633	0.01052	0.00165	0.57508	0.00421	0.00194	0.00471
29	0.00569	0.00415	0.00535	0.00505	0.00603	0.00381	0.00379	0.00756	0.01136	0.01598	0.78668	0.03079	0.08175	0.00840	0.00479	0.00128	0.00192	0.00740	0.00443	0.00381
30	0.00841	0.00721	0.00841	0.00601	0.00961	0.00541	0.00481	0.01022	0.00841	0.01322	0.00721	0.00841	0.00601	0.00300	0.00300	0.00060	0.00300	0.00240	0.00240	0.88222
31	0.00568	0.00391	0.00520	0.00575	0.00634	0.00359	0.01448	0.00658	0.00833	0.04827	0.05481	0.65565	0.11403	0.01175	0.00508	0.00159	0.00246	0.03914	0.00383	0.00354
32	0.00494	0.00353	0.00471	0.00565	0.00588	0.00330	0.00377	0.00565	0.00777	0.01036	0.02236	0.85477	0.02683	0.01271	0.00518	0.00165	0.00235	0.01153	0.00377	0.00330
33	0.00499	0.00356	0.00476	0.00570	0.00596	0.00333	0.00384	0.00573	0.00781	0.01041	0.02234	0.83192	0.02674	0.01267	0.00519	0.00165	0.00239	0.03394	0.00377	0.00331

[dist]
# distance from previous block
# <min> <max>
0	1

[block]
# block no. 4 follows, 66 sequences, length 16
# corresponding to MSA columns:
# 1233-1248
name=unknown_E
#
# <colnr> <probs for GDERKNQSTAVLIFYWHMCP>
#	G	D	E	R	K	N	Q	S	T	A	V	L	I	F	Y	W	H	M	C	P
0	0.00985	0.05847	0.42372	0.02538	0.08386	0.06724	0.15335	0.06370	0.03693	0.02799	0.00794	0.00933	0.00587	0.00390	0.00398	0.00125	0.00581	0.00342	0.00211	0.00588
1	0.00965	0.03779	0.06395	0.01616	0.02021	0.01051	0.71265	0.03015	0.00960	0.01306	0.00804	0.01060	0.00607	0.00357	0.00489	0.00136	0.02963	0.00456	0.00206	0.00549
2	0.45826	0.02442	0.01081	0.07618	0.25042	0.05084	0.03717	0.01218	0.00802	0.01527	0.00646	0.00815	0.00520	0.00380	0.00339	0.00124	0.01804	0.00285	0.00225	0.00506
3	0.00547	0.00398	0.00516	0.00583	0.00643	0.00376	0.00434	0.00658	0.00854	0.01122	0.08821	0.42484	0.12296	0.06413	0.00617	0.00178	0.00275	0.22070	0.00373	0.00342
4	0.02267	0.00445	0.00550	0.05270	0.00757	0.00429	0.00446	0.00739	0.03834	0.01226	0.17510	0.24462	0.28002	0.01001	0.00489	0.00149	0.00258	0.11419	0.00377	0.00369
5	0.02721	0.13620	0.13777	0.05375	0.20787	0.04776	0.04906	0.08229	0.05707	0.04819	0.00816	0.00944	0.00638	0.00395	0.00386	0.00114	0.01977	0.00325	0.00239	0.09449
6	0.00763	0.00616	0.02032	0.00745	0.00878	0.00640	0.06950	0.09609	0.09676	0.01241	0.03635	0.11374	0.01366	0.15208	0.25962	0.03371	0.00600	0.04624	0.00293	0.00418
7	0.00506	0.00370	0.00470	0.00541	0.00586	0.00342	0.00371	0.00587	0.00811	0.01064	0.05823	0.63155	0.14617	0.05102	0.00583	0.00170	0.00241	0.03955	0.00373	0.00331
8	0.02128	0.02634	0.06439	0.24876	0.07691	0.03164	0.09157	0.14051	0.14146	0.02917	0.01771	0.01146	0.01802	0.00470	0.00469	0.01064	0.04865	0.00389	0.00269	0.00553
9	0.03237	0.04760	0.10328	0.09368	0.32727	0.05628	0.04723	0.11743	0.03654	0.04482	0.00924	0.01075	0.03200	0.00425	0.00412	0.00124	0.01990	0.00365	0.00246	0.00591
10	0.04158	0.00651	0.00972	0.36624	0.10420	0.00729	0.00812	0.01043	0.05793	0.05245	0.03497	0.12477	0.08591	0.03599	0.03529	0.00164	0.00438	0.00533	0.00269	0.00457
11	0.00502	0.00359	0.00470	0.00552	0.00580	0.00335	0.00368	0.00574	0.00785	0.01045	0.05031	0.75612	0.05342	0.05635	0.00596	0.00174	0.00241	0.01100	0.00372	0.00327
12	0.06111	0.01153	0.05924	0.11117	0.14245	0.18490	0.07888	0.05122	0.04088	0.11995	0.02141	0.01078	0.00722	0.00454	0.00463	0.00128	0.06539	0.01532	0.00263	0.00548
13	0.00503	0.00366	0.00471	0.00552	0.00591	0.00339	0.00377	0.00580	0.00795	0.01043	0.02419	0.69764	0.11914	0.03847	0.00563	0.00170	0.00243	0.04759	0.00372	0.00330
14	0.07897	0.54284	0.09005	0.00816	0.02374	0.03559	0.03193	0.09207	0.02563	0.02867	0.00673	0.00754	0.00559	0.00376	0.00302	0.00101	0.00452	0.00259	0.00216	0.00545
15	0.06159	0.11799	0.13097	0.02158	0.12599	0.02369	0.07304	0.14311	0.04633	0.13328	0.02510	0.03638	0.00799	0.00448	0.00383	0.00120	0.00453	0.00373	0.00293	0.03226

[dist]
# distance from previous block
# <min> <max>
3	11

[block]
# block no. 5 follows, 66 sequences, length 14
# corresponding to MSA columns:
# 1260-1273
name=unknown_F
#
# <colnr> <probs for GDERKNQSTAVLIFYWHMCP>
#	G	D	E	R	K	N	Q	S	T	A	V	L	I	F	Y	W	H	M	C	P
0	0.01072	0.10442	0.17196	0.01072	0.05738	0.03338	0.14711	0.04936	0.06393	0.13808	0.02420	0.06169	0.02141	0.00477	0.00417	0.00122	0.02066	0.00417	0.00282	0.06781
1	0.00936	0.01001	0.09188	0.27193	0.27990	0.03652	0.10808	0.01202	0.00898	0.05124	0.00919	0.01192	0.03370	0.00429	0.00441	0.00131	0.02905	0.01858	0.00215	0.00544
2	0.82460	0.00778	0.00621	0.00547	0.00802	0.00888	0.00450	0.01248	0.00724	0.07605	0.00638	0.00710	0.00479	0.00386	0.00262	0.00126	0.00316	0.00233	0.00269	0.00457
3	0.03690	0.02835	0.18502	0.02619	0.06891	0.07317	0.14984	0.05804	0.04377	0.18729	0.03256	0.04670	0.02391	0.00480	0.00424	0.00128	0.01607	0.00420	0.00297	0.00577
4	0.02883	0.09126	0.11697	0.06467	0.09377	0.09419	0.09403	0.15532	0.03162	0.09270	0.03260	0.02490	0.02322	0.00463	0.00427	0.00124	0.03351	0.00380	0.00278	0.00570
5	0.00557	0.00422	0.00523	0.00581	0.00650	0.00407	0.00419	0.00743	0.07924	0.01145	0.05617	0.53733	0.14939	0.01138	0.00506	0.00159	0.00251	0.09538	0.00382	0.00365
6	0.03874	0.00445	0.01816	0.01888	0.00654	0.00440	0.00425	0.01713	0.00664	0.03281	0.01188	0.20275	0.01281	0.08471	0.02303	0.43662	0.02810	0.04281	0.00252	0.00277
7	0.02840	0.07115	0.05570	0.06268	0.18964	0.11700	0.14505	0.07035	0.12215	0.06058	0.01008	0.01117	0.02921	0.00429	0.00401	0.00123	0.00511	0.00382	0.00264	0.00576
8	0.00951	0.03752	0.09470	0.21504	0.26771	0.03839	0.06200	0.04385	0.09037	0.02846	0.00986	0.03525	0.02221	0.00455	0.00410	0.00129	0.00494	0.02227	0.00239	0.00559
9	0.00705	0.00352	0.00529	0.00529	0.00529	0.00352	0.00352	0.00529	0.00529	0.00705	0.00705	0.01233	0.00705	0.01409	0.01586	0.88196	0.00352	0.00352	0.00176	0.00176
10	0.03487	0.00946	0.04666	0.21815	0.31553	0.03657	0.13004	0.01244	0.05059	0.03194	0.06672	0.01190	0.00865	0.00419	0.00414	0.00128	0.00502	0.00401	0.00232	0.00551
11	0.04679	0.15072	0.07870	0.03456	0.09183	0.08972	0.08145	0.12720	0.08784	0.04733	0.02753	0.03084	0.02554	0.00483	0.00427	0.00123	0.04270	0.01862	0.00273	0.00556
12	0.00577	0.00436	0.00563	0.03379	0.00738	0.00434	0.00461	0.00777	0.08210	0.01162	0.07347	0.53680	0.07067	0.01114	0.00506	0.00161	0.00268	0.12371	0.00377	0.00372
13	0.00978	0.00739	0.00810	0.00726	0.00930	0.00816	0.00564	0.01800	0.55260	0.08465	0.14161	0.01800	0.03809	0.00597	0.00415	0.00132	0.00291	0.00502	0.06628	0.00580

[dist]
# distance from previous block
# <min> <max>
6	10

[block]
# block no. 6 follows, 66 sequences, length 34
# corresponding to MSA columns:
# 1287-1298,1301-1322
name=unknown_G
#
# <colnr> <probs for GDERKNQSTAVLIFYWHMCP>
#	G	D	E	R	K	N	Q	S	T	A	V	L	I	F	Y	W	H	M	C	P
0	0.01014	0.05132	0.09924	0.00970	0.07843	0.02166	0.00773	0.09599	0.43615	0.01619	0.03650	0.02925	0.01071	0.00504	0.00395	0.00125	0.00379	0.00416	0.01375	0.06504
1	0.00571	0.00424	0.00533	0.00504	0.00608	0.00391	0.00379	0.00771	0.02808	0.01560	0.71158	0.03112	0.13967	0.00849	0.00477	0.00129	0.00196	0.00744	0.00437	0.00383
2	0.01137	0.06135	0.07443	0.03572	0.16448	0.12482	0.01886	0.15266	0.24867	0.01573	0.03261	0.01134	0.00874	0.00460	0.00393	0.00122	0.00463	0.00373	0.00302	0.01808
3	0.00486	0.00411	0.00420	0.00418	0.00552	0.00345	0.00313	0.00595	0.00940	0.01131	0.09383	0.03846	0.77751	0.01014	0.00479	0.00136	0.00205	0.00848	0.00381	0.00345
4	0.01333	0.00598	0.00791	0.00644	0.00874	0.00537	0.00517	0.03064	0.02886	0.49313	0.29790	0.01952	0.01983	0.00615	0.00429	0.00125	0.00289	0.00520	0.03166	0.00573
5	0.00497	0.00357	0.00473	0.00564	0.00592	0.00333	0.00380	0.00571	0.00784	0.01041	0.02288	0.81633	0.04953	0.01261	0.00518	0.00164	0.00237	0.02648	0.00377	0.00331
6	0.00572	0.00415	0.00539	0.00508	0.00605	0.00382	0.00381	0.00761	0.01143	0.01613	0.80979	0.03053	0.05855	0.00834	0.00479	0.00128	0.00192	0.00737	0.00445	0.00382
7	0.88607	0.00785	0.00596	0.00534	0.00785	0.00910	0.00439	0.01193	0.00690	0.01820	0.00565	0.00659	0.00439	0.00377	0.00251	0.00126	0.00314	0.00220	0.00251	0.00439
8	0.01004	0.00964	0.01647	0.02490	0.83211	0.00964	0.01245	0.01245	0.00924	0.01325	0.00763	0.01004	0.00643	0.00361	0.00402	0.00120	0.00482	0.00361	0.00201	0.00643
