[name]
unknown

[dist]
# distance from previous block
# <min> <max>
0	139

[block]
# block no. 0 follows, 77 sequences, length 28
# corresponding to MSA columns:
# 146-173
name=unknown_A
#
# <colnr> <probs for GDERKNQSTAVLIFYWHMCP>
#	G	D	E	R	K	N	Q	S	T	A	V	L	I	F	Y	W	H	M	C	P
0	0.00781	0.03054	0.09538	0.05688	0.34205	0.00734	0.00867	0.05065	0.06474	0.01202	0.04539	0.05710	0.01126	0.00547	0.00392	0.00124	0.00386	0.18841	0.00246	0.00480
1	0.00697	0.00657	0.00703	0.00656	0.00760	0.15846	0.03874	0.02605	0.00708	0.00905	0.01030	0.01392	0.05081	0.06007	0.53870	0.00411	0.00783	0.00382	0.03288	0.00346
2	0.01310	0.02722	0.01059	0.00830	0.01094	0.14638	0.00673	0.61292	0.09542	0.01945	0.00866	0.00870	0.00632	0.00425	0.00352	0.00106	0.00425	0.00315	0.00329	0.00574
3	0.00488	0.00367	0.00451	0.00430	0.00524	0.00330	0.00323	0.00638	0.00968	0.01323	0.64319	0.02883	0.24075	0.00780	0.00424	0.00115	0.00173	0.00678	0.00380	0.00330
4	0.00434	0.00360	0.00380	0.00385	0.00494	0.00306	0.00285	0.00531	0.00828	0.01013	0.11394	0.10672	0.69853	0.00913	0.00428	0.00123	0.00183	0.00772	0.00340	0.00306
5	0.00461	0.00338	0.00433	0.00468	0.00523	0.00310	0.00329	0.00564	0.00818	0.01106	0.30933	0.48008	0.12448	0.00966	0.00443	0.00132	0.00192	0.00863	0.00355	0.00310
6	0.00777	0.00658	0.00763	0.00548	0.00866	0.00512	0.00439	0.05113	0.00794	0.01228	0.00651	0.00752	0.00537	0.00275	0.00271	0.00056	0.00273	0.00219	0.00221	0.85049
7	0.01087	0.00730	0.00819	0.00707	0.00931	0.00797	0.00558	0.01869	0.62168	0.23915	0.01452	0.01311	0.01043	0.00477	0.00365	0.00119	0.00290	0.00395	0.00387	0.00581
8	0.00515	0.00382	0.00560	0.00560	0.00618	0.00440	0.00427	0.00631	0.00573	0.00821	0.00980	0.01506	0.00939	0.11034	0.77652	0.00556	0.00903	0.00399	0.00195	0.00311
9	0.01176	0.04549	0.01090	0.03971	0.07721	0.58927	0.00743	0.01283	0.00907	0.00908	0.00562	0.00707	0.00480	0.00405	0.00455	0.00104	0.13862	0.00255	0.01470	0.00425
10	0.00721	0.01861	0.85495	0.01025	0.01557	0.00835	0.01329	0.01139	0.00759	0.01139	0.00646	0.00759	0.00456	0.00342	0.00342	0.00114	0.00532	0.00266	0.00152	0.00532
11	0.03857	0.00712	0.01075	0.45386	0.21530	0.03706	0.00893	0.02809	0.00807	0.07541	0.03892	0.01019	0.00660	0.00375	0.00351	0.00113	0.00426	0.00329	0.04066	0.00456
12	0.07746	0.08333	0.10398	0.13735	0.16331	0.02267	0.08009	0.07322	0.00819	0.01171	0.00844	0.13682	0.00786	0.00460	0.00366	0.00112	0.02019	0.00400	0.00213	0.04986
13	0.01344	0.01714	0.01019	0.00927	0.01112	0.85915	0.00695	0.01436	0.01019	0.00880	0.00556	0.00649	0.00463	0.00371	0.00324	0.00093	0.00649	0.00232	0.00185	0.00417
14	0.00436	0.00337	0.00398	0.00442	0.00507	0.00299	0.00309	0.00515	0.00758	0.00963	0.06269	0.48521	0.36921	0.01020	0.00443	0.00134	0.00196	0.00896	0.00337	0.00299
15	0.00840	0.00753	0.04636	0.06193	0.20889	0.00645	0.02453	0.04149	0.03962	0.06044	0.00887	0.00990	0.04860	0.00346	0.00321	0.00085	0.00340	0.00299	0.00229	0.41078
16	0.00574	0.00482	0.00535	0.00457	0.00643	0.00408	0.00353	0.00766	0.06984	0.01141	0.13978	0.02333	0.40458	0.00650	0.00370	0.00099	0.00215	0.00544	0.00307	0.28704
17	0.00450	0.00341	0.00417	0.00467	0.00530	0.00309	0.00335	0.00536	0.00760	0.00975	0.06546	0.48114	0.29752	0.01025	0.00449	0.00138	0.00209	0.08008	0.00337	0.00302
18	0.00696	0.00515	0.00587	0.00550	0.00682	0.00538	0.00417	0.01148	0.30838	0.05241	0.27247	0.12405	0.09075	0.00670	0.00391	0.00119	0.00223	0.00579	0.07655	0.00425
19	0.05270	0.00602	0.00745	0.07135	0.07173	0.04307	0.01717	0.01036	0.22628	0.01018	0.00885	0.01137	0.00752	0.02538	0.08416	0.31348	0.01542	0.00341	0.01049	0.00362
20	0.00603	0.00470	0.00635	0.20027	0.01037	0.03535	0.00545	0.00726	0.00740	0.04373	0.01553	0.42137	0.01716	0.04609	0.00494	0.00149	0.00318	0.15706	0.00288	0.00338
21	0.00445	0.00325	0.00419	0.00481	0.00520	0.00299	0.00328	0.00522	0.00739	0.00983	0.11456	0.68913	0.11125	0.01060	0.00452	0.00140	0.00202	0.00953	0.00341	0.00299
22	0.00927	0.01748	0.08801	0.02523	0.04480	0.14588	0.00547	0.05008	0.00828	0.15619	0.02530	0.01604	0.08318	0.26839	0.00820	0.01687	0.00395	0.00412	0.01926	0.00400
23	0.01005	0.06847	0.06121	0.18494	0.26977	0.01727	0.02340	0.07286	0.00891	0.17076	0.00826	0.00946	0.00611	0.00362	0.00342	0.00106	0.00406	0.00314	0.03582	0.03740
24	0.02740	0.00738	0.03968	0.00696	0.00918	0.00751	0.00572	0.06763	0.44574	0.20873	0.07385	0.02899	0.01207	0.00515	0.00372	0.00120	0.00298	0.03692	0.00373	0.00546
25	0.00504	0.00346	0.00420	0.00449	0.00466	0.00339	0.00288	0.00543	0.00617	0.00823	0.04848	0.25957	0.01758	0.52170	0.01274	0.00267	0.00301	0.08111	0.00268	0.00254
26	0.14027	0.05716	0.08013	0.04208	0.09093	0.05645	0.06810	0.06995	0.23239	0.07299	0.01043	0.01071	0.04482	0.00414	0.00338	0.00112	0.00379	0.00339	0.00270	0.00507
27	0.05380	0.02399	0.30122	0.03233	0.09832	0.09927	0.05457	0.04609	0.04965	0.04070	0.00952	0.01080	0.06900	0.00418	0.00382	0.00112	0.03962	0.01863	0.00213	0.04124

[dist]
# distance from previous block
# <min> <max>
2	9

[block]
# block no. 1 follows, 77 sequences, length 23
# corresponding to MSA columns:
# 183-205
name=unknown_B
#
# <colnr> <probs for GDERKNQSTAVLIFYWHMCP>
#	G	D	E	R	K	N	Q	S	T	A	V	L	I	F	Y	W	H	M	C	P
0	0.00971	0.35384	0.04651	0.00732	0.04301	0.07377	0.02276	0.04513	0.06842	0.07769	0.00813	0.04242	0.01987	0.00378	0.00295	0.00088	0.00372	0.00288	0.00225	0.16495
1	0.00645	0.00431	0.00552	0.00534	0.00592	0.00468	0.00380	0.00825	0.18591	0.00892	0.04109	0.01433	0.00971	0.12876	0.16218	0.39156	0.00422	0.00387	0.00225	0.00290
2	0.00754	0.01649	0.66997	0.01130	0.11282	0.04683	0.01218	0.01113	0.00774	0.01119	0.00720	0.05632	0.00578	0.00385	0.00349	0.00114	0.00507	0.00313	0.00167	0.00517
3	0.00443	0.00344	0.00404	0.00434	0.00508	0.00304	0.00308	0.00534	0.00795	0.01019	0.15023	0.38167	0.38481	0.00975	0.00439	0.00130	0.00191	0.00853	0.00343	0.00304
4	0.00437	0.00365	0.00381	0.00377	0.00493	0.00309	0.00283	0.00539	0.00848	0.01038	0.15050	0.03353	0.73522	0.00886	0.00425	0.00120	0.00180	0.00744	0.00343	0.00309
5	0.00467	0.00361	0.00396	0.00390	0.00474	0.00322	0.00274	0.00553	0.00790	0.01006	0.20467	0.03027	0.47192	0.21831	0.00766	0.00175	0.00220	0.00679	0.00319	0.00291
6	0.00496	0.00367	0.00462	0.00438	0.00529	0.00334	0.00329	0.00653	0.00986	0.01366	0.71808	0.02812	0.16558	0.00764	0.00424	0.00114	0.00172	0.00668	0.00386	0.00334
7	0.00962	0.87575	0.01885	0.00615	0.00923	0.01423	0.00615	0.01077	0.00731	0.00846	0.00500	0.00577	0.00462	0.00308	0.00231	0.00077	0.00385	0.00192	0.00154	0.00462
8	0.05984	0.79273	0.01774	0.00620	0.00918	0.04745	0.00606	0.01090	0.00736	0.00891	0.00502	0.00580	0.00458	0.00312	0.00234	0.00079	0.00389	0.00194	0.00159	0.00456
9	0.29045	0.01127	0.00829	0.00719	0.00940	0.37155	0.00563	0.04942	0.00923	0.19512	0.00739	0.00763	0.00539	0.00378	0.00302	0.00103	0.00448	0.00252	0.00261	0.00459
10	0.01367	0.01008	0.01080	0.00828	0.01115	0.01115	0.00684	0.83915	0.01691	0.02267	0.00864	0.00864	0.00612	0.00432	0.00360	0.00108	0.00396	0.00324	0.00360	0.00612
11	0.00868	0.00795	0.00973	0.06723	0.02674	0.06405	0.08639	0.09494	0.06607	0.01267	0.00722	0.00832	0.00573	0.00317	0.00310	0.00078	0.00357	0.00269	0.00229	0.51867
12	0.00962	0.87575	0.01885	0.00615	0.00923	0.01423	0.00615	0.01077	0.00731	0.00846	0.00500	0.00577	0.00462	0.00308	0.00231	0.00077	0.00385	0.00192	0.00154	0.00462
13	0.85003	0.00730	0.00567	0.00531	0.02878	0.03315	0.00417	0.01070	0.00629	0.01581	0.00507	0.00594	0.00396	0.00335	0.00229	0.00111	0.00293	0.00199	0.00220	0.00395
14	0.01006	0.00828	0.00876	0.00754	0.00978	0.00946	0.00596	0.21145	0.65051	0.01683	0.01323	0.01230	0.00984	0.00475	0.00365	0.00119	0.00311	0.00387	0.00365	0.00579
15	0.00651	0.00646	0.02122	0.04285	0.01177	0.00599	0.33434	0.00857	0.00832	0.01138	0.19106	0.09282	0.10317	0.00746	0.07997	0.00158	0.00440	0.00540	0.00259	0.05415
16	0.00756	0.08345	0.52637	0.05931	0.10453	0.00863	0.07517	0.01106	0.02393	0.01119	0.02975	0.00917	0.02691	0.00362	0.00347	0.00111	0.00488	0.00306	0.00173	0.00509
17	0.00589	0.00710	0.15528	0.01996	0.06211	0.00513	0.03887	0.00842	0.05962	0.01234	0.34258	0.06068	0.19461	0.00657	0.00403	0.00117	0.00283	0.00573	0.00310	0.00399
18	0.01054	0.00489	0.00649	0.00539	0.00724	0.00431	0.00429	0.01203	0.01009	0.43274	0.37199	0.02015	0.08234	0.00604	0.00393	0.00113	0.00239	0.00515	0.00416	0.00473
19	0.00893	0.03923	0.20882	0.07771	0.28039	0.10099	0.04554	0.04379	0.00851	0.03941	0.00831	0.01782	0.03515	0.00386	0.00361	0.00109	0.01679	0.01248	0.04258	0.00500
20	0.00998	0.01025	0.08609	0.02878	0.09727	0.05666	0.42048	0.09152	0.02310	0.10241	0.00796	0.00944	0.00585	0.00353	0.00412	0.00116	0.03029	0.00369	0.00226	0.00516
21	0.00453	0.00322	0.00429	0.00509	0.00534	0.00304	0.00348	0.00521	0.00693	0.00922	0.01943	0.77311	0.02313	0.04519	0.00516	0.00156	0.00224	0.07363	0.00329	0.00292
22	0.05671	0.00852	0.07230	0.11275	0.08082	0.08240	0.19806	0.01079	0.00864	0.11104	0.10796	0.01426	0.11074	0.00462	0.00378	0.00114	0.00420	0.00421	0.00253	0.00450

[dist]
# distance from previous block
# <min> <max>
1	21

[block]
# block no. 2 follows, 77 sequences, length 24
# corresponding to MSA columns:
# 227-250
name=unknown_C
#
# <colnr> <probs for GDERKNQSTAVLIFYWHMCP>
#	G	D	E	R	K	N	Q	S	T	A	V	L	I	F	Y	W	H	M	C	P
0	0.00475	0.00366	0.00434	0.00417	0.00517	0.00325	0.00313	0.00613	0.00938	0.01252	0.52106	0.03000	0.36331	0.00806	0.00425	0.00116	0.00175	0.00694	0.00371	0.00325
1	0.00631	0.03365	0.00877	0.19144	0.10053	0.01514	0.06803	0.00799	0.00805	0.01071	0.13678	0.11811	0.15356	0.00641	0.00419	0.00122	0.02557	0.06555	0.03417	0.00382
2	0.00499	0.00364	0.00448	0.00473	0.00537	0.00342	0.00336	0.00582	0.00760	0.03843	0.11103	0.43992	0.26204	0.04839	0.00531	0.00144	0.03525	0.00835	0.00332	0.00312
3	0.00601	0.00547	0.00821	0.11933	0.21523	0.00546	0.03752	0.00747	0.00786	0.01021	0.03861	0.14115	0.34579	0.00692	0.00425	0.00122	0.02671	0.00605	0.00264	0.00390
4	0.00760	0.00719	0.10197	0.03547	0.00940	0.00559	0.04268	0.03940	0.07432	0.07074	0.22016	0.01494	0.05672	0.00471	0.00350	0.00096	0.00295	0.00403	0.03388	0.26378
5	0.00682	0.00729	0.07258	0.80238	0.02410	0.00802	0.01023	0.00935	0.00722	0.00935	0.00640	0.00944	0.00478	0.00358	0.00358	0.00119	0.00483	0.00316	0.00159	0.00409
6	0.01104	0.00750	0.02473	0.11520	0.07891	0.00769	0.00670	0.09057	0.29381	0.25450	0.01166	0.01135	0.00829	0.00425	0.00356	0.00112	0.00340	0.00354	0.00334	0.05882
7	0.41932	0.09864	0.06412	0.00804	0.12168	0.02324	0.03405	0.01118	0.05369	0.02998	0.00687	0.00787	0.00539	0.00349	0.00272	0.00105	0.00333	0.00255	0.09839	0.00443
8	0.00871	0.01150	0.22447	0.01846	0.59898	0.05231	0.01139	0.01130	0.00814	0.01151	0.00663	0.00845	0.00536	0.00328	0.00351	0.00108	0.00465	0.00302	0.00172	0.00552
9	0.00596	0.00480	0.00684	0.19325	0.03757	0.00527	0.00561	0.06744	0.00771	0.01028	0.01486	0.51930	0.01669	0.00853	0.00465	0.00138	0.04747	0.03600	0.00284	0.00354
10	0.89899	0.00696	0.00529	0.00473	0.00696	0.00807	0.00390	0.01057	0.00612	0.01614	0.00501	0.00584	0.00390	0.00334	0.00223	0.00111	0.00278	0.00195	0.00223	0.00390
11	0.00438	0.00313	0.00417	0.00501	0.00522	0.00292	0.00334	0.00501	0.00689	0.00918	0.01983	0.87124	0.02379	0.01127	0.00459	0.00146	0.00209	0.01023	0.00334	0.00292
12	0.63206	0.00790	0.00695	0.00580	0.00822	0.00900	0.00478	0.26040	0.00938	0.01811	0.00610	0.00669	0.00457	0.00363	0.00264	0.00110	0.00314	0.00234	0.00264	0.00457
13	0.01107	0.00884	0.00981	0.00883	0.07178	0.00991	0.00660	0.38784	0.41064	0.01824	0.01136	0.01093	0.00840	0.00450	0.00363	0.00115	0.00345	0.00363	0.00349	0.00588
14	0.01583	0.00661	0.00865	0.00663	0.00943	0.00602	0.00548	0.11999	0.01112	0.75002	0.01350	0.01179	0.00856	0.00444	0.00361	0.00111	0.00317	0.00357	0.00435	0.00612
15	0.00512	0.00380	0.00549	0.00540	0.00611	0.00416	0.00416	0.00653	0.00711	0.01018	0.26279	0.01797	0.01651	0.02106	0.60151	0.00438	0.00724	0.00465	0.00254	0.00327
16	0.00556	0.00444	0.00642	0.00803	0.16376	0.00423	0.00491	0.00695	0.00851	0.01170	0.32012	0.29384	0.08097	0.00810	0.00427	0.00126	0.00241	0.05758	0.00327	0.00365
17	0.00762	0.00780	0.04868	0.17698	0.16455	0.00914	0.00855	0.00940	0.03610	0.00954	0.00640	0.00982	0.00580	0.06879	0.02148	0.00158	0.39844	0.00334	0.00174	0.00425
18	0.73371	0.00680	0.00586	0.00504	0.00737	0.00755	0.00416	0.01188	0.00690	0.17294	0.00673	0.00704	0.00483	0.00355	0.00249	0.00111	0.00283	0.00226	0.00264	0.00431
19	0.00469	0.00329	0.00414	0.00465	0.00486	0.00314	0.00302	0.00519	0.00658	0.00876	0.04962	0.54043	0.04796	0.27102	0.00871	0.00205	0.00251	0.02363	0.00301	0.00273
20	0.00854	0.04335	0.12394	0.03861	0.17370	0.05645	0.27251	0.03143	0.00812	0.02449	0.00719	0.00961	0.00584	0.00544	0.07215	0.00151	0.06261	0.01685	0.00187	0.03581
21	0.02360	0.05585	0.13017	0.03434	0.00877	0.04485	0.00592	0.08090	0.01880	0.06302	0.00899	0.01401	0.00844	0.28411	0.13723	0.00258	0.06856	0.00377	0.00222	0.00387
22	0.02845	0.00483	0.00595	0.00501	0.00677	0.00446	0.00399	0.02601	0.01876	0.37230	0.14882	0.01580	0.05053	0.00503	0.00337	0.00103	0.00235	0.00414	0.28778	0.00461
23	0.00899	0.03833	0.05963	0.07542	0.21722	0.00911	0.11774	0.07533	0.33226	0.01348	0.00991	0.01061	0.00757	0.00395	0.00364	0.00115	0.00402	0.00360	0.00261	0.00543

[dist]
# distance from previous block
# <min> <max>
0	2

[block]
# block no. 3 follows, 77 sequences, length 26
# corresponding to MSA columns:
# 253-278
name=unknown_D
#
# <colnr> <probs for GDERKNQSTAVLIFYWHMCP>
#	G	D	E	R	K	N	Q	S	T	A	V	L	I	F	Y	W	H	M	C	P
0	0.67343	0.00689	0.00605	0.00534	0.00731	0.00803	0.00435	0.07956	0.00694	0.01535	0.00589	0.00742	0.00484	0.02973	0.08052	0.00162	0.04809	0.00238	0.00228	0.00398
1	0.00977	0.17837	0.26711	0.00863	0.01202	0.26552	0.04000	0.02402	0.03145	0.01037	0.00619	0.00715	0.00492	0.00338	0.00310	0.00093	0.00499	0.00246	0.00180	0.11783
2	0.00566	0.00442	0.00546	0.03364	0.03679	0.03265	0.00380	0.00632	0.00588	0.00789	0.01122	0.01907	0.04662	0.45126	0.29721	0.00388	0.01870	0.00460	0.00209	0.00284
3	0.00569	0.00441	0.00532	0.00529	0.00628	0.00443	0.00401	0.00875	0.17272	0.01265	0.35250	0.19431	0.10950	0.00809	0.00427	0.00128	0.00218	0.09097	0.00365	0.00371
4	0.00455	0.00361	0.00400	0.00399	0.00495	0.00315	0.00291	0.00558	0.00841	0.01070	0.24301	0.09050	0.52202	0.07026	0.00527	0.00137	0.00193	0.00733	0.00342	0.00306
5	0.00501	0.00357	0.00367	0.00364	0.00472	0.00316	0.00273	0.00620	0.00819	0.01116	0.10123	0.02805	0.54463	0.00759	0.00377	0.00110	0.00177	0.00632	0.25035	0.00316
6	0.00567	0.00405	0.00565	0.00648	0.00725	0.00403	0.00557	0.00723	0.00815	0.01062	0.01912	0.11543	0.02098	0.01006	0.00493	0.00164	0.00320	0.75334	0.00331	0.00328
7	0.00962	0.87575	0.01885	0.00615	0.00923	0.01423	0.00615	0.01077	0.00731	0.00846	0.00500	0.00577	0.00462	0.00308	0.00231	0.00077	0.00385	0.00192	0.00154	0.00462
8	0.06167	0.00616	0.00819	0.00631	0.00907	0.00543	0.00522	0.01717	0.01008	0.81045	0.01372	0.01191	0.00865	0.00439	0.00355	0.00111	0.00305	0.00353	0.00434	0.00601
9	0.00978	0.83895	0.01848	0.00629	0.00931	0.05044	0.00619	0.01092	0.00743	0.00848	0.00502	0.00580	0.00462	0.00310	0.00235	0.00078	0.00396	0.00194	0.00155	0.00460
10	0.00476	0.00330	0.00411	0.00460	0.00474	0.00318	0.00292	0.00516	0.00624	0.00832	0.01633	0.50484	0.01933	0.36422	0.01021	0.00229	0.00269	0.02726	0.00286	0.00263
11	0.01183	0.00994	0.01451	0.01073	0.01388	0.01042	0.30307	0.54421	0.01391	0.01870	0.00815	0.00902	0.00588	0.00386	0.00383	0.00113	0.00471	0.00360	0.00296	0.00567
12	0.00790	0.00797	0.01156	0.00975	0.00994	0.01092	0.05184	0.00881	0.00567	0.00881	0.00486	0.00797	0.00476	0.00612	0.01140	0.00155	0.82140	0.00321	0.00159	0.00398
13	0.00845	0.18183	0.01145	0.00757	0.00924	0.05481	0.00641	0.00994	0.04261	0.00973	0.00570	0.00750	0.00513	0.00447	0.00662	0.00108	0.37711	0.00262	0.00182	0.24591
14	0.00746	0.00639	0.00746	0.00533	0.00852	0.00480	0.00426	0.00906	0.00746	0.01172	0.00639	0.00746	0.00533	0.00266	0.00266	0.00053	0.00266	0.00213	0.00213	0.89558
15	0.00778	0.01053	0.27757	0.01392	0.36835	0.00724	0.00983	0.01020	0.00774	0.04174	0.00945	0.05351	0.03110	0.08721	0.00506	0.00138	0.00426	0.04618	0.00203	0.00493
16	0.00855	0.05140	0.00696	0.00556	0.00678	0.00599	0.00412	0.14955	0.04316	0.12783	0.01081	0.01660	0.01014	0.38995	0.14447	0.00287	0.00447	0.00423	0.00272	0.00383
17	0.00460	0.00365	0.00414	0.00414	0.00517	0.00319	0.00312	0.00577	0.00875	0.01121	0.28983	0.08229	0.50481	0.00873	0.00430	0.00122	0.00187	0.04651	0.00353	0.00316
18	0.00820	0.00712	0.00977	0.00844	0.10247	0.00624	0.07999	0.03271	0.04340	0.03790	0.01568	0.00847	0.00601	0.00317	0.00345	0.00077	0.04444	0.00269	0.00223	0.57683
19	0.00880	0.10679	0.19623	0.04025	0.06340	0.05404	0.30887	0.03868	0.03816	0.03418	0.00752	0.03380	0.00596	0.00355	0.00362	0.00109	0.00500	0.00348	0.00197	0.04462
20	0.00523	0.00367	0.00483	0.00544	0.00587	0.00361	0.00413	0.00615	0.00707	0.00931	0.01727	0.28271	0.01964	0.23467	0.00832	0.00207	0.00299	0.37108	0.00303	0.00290
21	0.00481	0.00361	0.00397	0.00404	0.00495	0.00316	0.00287	0.00559	0.00770	0.03563	0.06062	0.17864	0.53180	0.12888	0.00624	0.00157	0.00213	0.00756	0.00324	0.00301
22	0.00985	0.11549	0.12990	0.15571	0.17672	0.00802	0.04225	0.01206	0.01961	0.21700	0.00972	0.03838	0.03289	0.00408	0.00357	0.00110	0.01259	0.00349	0.00246	0.00510
23	0.00855	0.00641	0.00804	0.03847	0.13135	0.03756	0.01356	0.17123	0.01798	0.09465	0.08507	0.24939	0.10906	0.00681	0.00399	0.00121	0.00311	0.00593	0.00319	0.00444
24	0.00744	0.00735	0.01482	0.01125	0.01376	0.00685	0.51481	0.00962	0.00814	0.04650	0.01293	0.22614	0.06450	0.00575	0.00433	0.00128	0.00459	0.03322	0.00245	0.00426
25	0.00879	0.00887	0.05485	0.21016	0.34922	0.04452	0.10168	0.03895	0.06630	0.03857	0.00765	0.02104	0.00607	0.00368	0.00384	0.00114	0.02414	0.00342	0.00203	0.00508

[dist]
# distance from previous block
# <min> <max>
0	6

[block]
# block no. 4 follows, 77 sequences, length 12
# corresponding to MSA columns:
# 286-297
name=unknown_E
#
# <colnr> <probs for GDERKNQSTAVLIFYWHMCP>
#	G	D	E	R	K	N	Q	S	T	A	V	L	I	F	Y	W	H	M	C	P
0	0.13729	0.14293	0.08398	0.03215	0.07187	0.25909	0.00695	0.09899	0.03932	0.01224	0.04803	0.00908	0.03584	0.00396	0.00314	0.00101	0.00446	0.00287	0.00222	0.00459
1	0.00831	0.00595	0.00787	0.03099	0.04089	0.02513	0.00568	0.05085	0.04784	0.13847	0.01055	0.11488	0.00963	0.04089	0.24103	0.00260	0.18344	0.00437	0.02648	0.00414
2	0.00923	0.57746	0.01486	0.00592	0.00890	0.01095	0.00553	0.01049	0.00749	0.05531	0.00642	0.04007	0.00577	0.00337	0.00256	0.00076	0.00344	0.00239	0.00192	0.22718
3	0.00468	0.00356	0.00394	0.00397	0.00469	0.00321	0.00272	0.00541	0.00751	0.00957	0.14913	0.10028	0.41204	0.26379	0.00842	0.00189	0.00232	0.00695	0.00309	0.00283
4	0.00655	0.00434	0.00551	0.00498	0.00613	0.00415	0.00381	0.03685	0.05997	0.08605	0.70004	0.02421	0.02950	0.00686	0.00413	0.00113	0.00196	0.00600	0.00397	0.00386
5	0.00742	0.00585	0.00675	0.00626	0.00772	0.00627	0.01941	0.07945	0.34227	0.03681	0.07186	0.24194	0.10732	0.00788	0.03440	0.00142	0.00285	0.00615	0.00348	0.00447
6	0.79758	0.00706	0.00576	0.00502	0.00731	0.00804	0.00413	0.05221	0.00693	0.07092	0.00579	0.00640	0.00433	0.00346	0.00238	0.00111	0.00286	0.00212	0.00244	0.00415
7	0.00940	0.00795	0.00839	0.00741	0.00953	0.00916	0.00580	0.09741	0.76562	0.01577	0.01407	0.01296	0.01052	0.00483	0.00365	0.00121	0.00295	0.00399	0.00365	0.00573
8	0.00679	0.00639	0.01079	0.86494	0.02477	0.00799	0.00999	0.00919	0.00719	0.00919	0.00639	0.00959	0.00480	0.00360	0.00360	0.00120	0.00480	0.00320	0.00160	0.00400
9	0.00514	0.00385	0.00578	0.00578	0.00642	0.00450	0.00450	0.00642	0.00578	0.00835	0.00963	0.01413	0.00899	0.02698	0.85933	0.00578	0.00963	0.00385	0.00193	0.00321
10	0.11390	0.00689	0.00837	0.07847	0.06393	0.03682	0.00585	0.07654	0.06399	0.38374	0.05731	0.01262	0.05107	0.00495	0.01860	0.00120	0.00341	0.00368	0.00345	0.00521
11	0.23772	0.00848	0.04876	0.03160	0.02446	0.08834	0.01659	0.10678	0.05720	0.08693	0.00870	0.06457	0.01976	0.00422	0.00328	0.00103	0.01989	0.00320	0.00262	0.16586

[dist]
# distance from previous block
# <min> <max>
1	18

[block]
# block no. 5 follows, 77 sequences, length 24
# corresponding to MSA columns:
# 317-340
name=unknown_F
#
# <colnr> <probs for GDERKNQSTAVLIFYWHMCP>
#	G	D	E	R	K	N	Q	S	T	A	V	L	I	F	Y	W	H	M	C	P
0	0.51360	0.00613	0.00526	0.00496	0.00677	0.03428	0.00405	0.00930	0.00717	0.04347	0.01434	0.01738	0.19528	0.00560	0.00315	0.00121	0.00277	0.11887	0.00269	0.00371
1	0.00638	0.18756	0.04757	0.00522	0.00682	0.00613	0.00452	0.03343	0.00960	0.01314	0.58148	0.02122	0.05105	0.00623	0.00378	0.00106	0.00239	0.00530	0.00331	0.00381
2	0.00715	0.00662	0.04835	0.00994	0.17194	0.00679	0.04538	0.07143	0.00759	0.01092	0.06218	0.01277	0.00910	0.06147	0.31579	0.00298	0.10790	0.00379	0.03379	0.00413
3	0.58774	0.21655	0.00913	0.07066	0.00900	0.03753	0.00500	0.01064	0.00662	0.01352	0.00513	0.00613	0.00416	0.00331	0.00238	0.00103	0.00331	0.00205	0.00200	0.00409
4	0.00625	0.00312	0.00469	0.00469	0.00469	0.00312	0.00312	0.00469	0.00469	0.00625	0.00625	0.01093	0.00625	0.01250	0.01406	0.89535	0.00312	0.00312	0.00156	0.00156
5	0.00982	0.40403	0.01335	0.00644	0.00943	0.07419	0.00571	0.13385	0.00900	0.01165	0.00603	0.00679	0.00507	0.00318	0.00268	0.00075	0.00368	0.00222	0.00206	0.29007
6	0.00494	0.00335	0.00432	0.00486	0.00513	0.00319	0.00325	0.00553	0.00677	0.02780	0.04622	0.58321	0.02117	0.21005	0.00775	0.00192	0.00248	0.05210	0.00312	0.00286
7	0.00729	0.00659	0.01047	0.03776	0.41165	0.00706	0.00791	0.00904	0.01718	0.01077	0.08104	0.06038	0.03104	0.02003	0.15528	0.00202	0.10091	0.00414	0.01491	0.00452
8	0.00679	0.00639	0.01079	0.86494	0.02477	0.00799	0.00999	0.00919	0.00719	0.00919	0.00639	0.00959	0.00480	0.00360	0.00360	0.00120	0.00480	0.00320	0.00160	0.00400
9	0.00809	0.00776	0.01337	0.34286	0.50875	0.00835	0.03813	0.01035	0.00782	0.01077	0.00664	0.00919	0.00535	0.00335	0.00360	0.00112	0.00453	0.00324	0.00171	0.00502
10	0.00476	0.00345	0.00431	0.00462	0.00512	0.00322	0.00322	0.00563	0.00765	0.01023	0.22004	0.36629	0.13281	0.15659	0.00682	0.00170	0.00227	0.05504	0.00329	0.00295
11	0.00529	0.00432	0.00477	0.00461	0.00580	0.00414	0.00346	0.00798	0.15251	0.01184	0.24723	0.09256	0.42600	0.00808	0.00417	0.00121	0.00199	0.00690	0.00356	0.00358
12	0.01367	0.01008	0.01080	0.00828	0.01115	0.01115	0.00684	0.83915	0.01691	0.02267	0.00864	0.00864	0.00612	0.00432	0.00360	0.00108	0.00396	0.00324	0.00360	0.00612
13	0.00820	0.00678	0.01019	0.49356	0.10333	0.00784	0.00850	0.12968	0.03536	0.03966	0.00833	0.06996	0.00688	0.00455	0.00396	0.02872	0.00419	0.00374	0.02211	0.00444
14	0.67503	0.00671	0.00557	0.00501	0.00700	0.00770	0.00399	0.02724	0.10418	0.01535	0.02041	0.00864	0.00607	0.06983	0.00368	0.00130	0.00282	0.00258	0.02291	0.00400
15	0.01584	0.00661	0.00865	0.00663	0.00942	0.00601	0.00548	0.11837	0.01111	0.75165	0.01351	0.01180	0.00856	0.00444	0.00361	0.00111	0.00317	0.00357	0.00435	0.00612
16	0.01185	0.01423	0.01036	0.21513	0.01441	0.61476	0.00768	0.05160	0.00978	0.00954	0.00590	0.00733	0.00474	0.00371	0.00334	0.00100	0.00596	0.00257	0.00187	0.00422
17	0.00729	0.00653	0.00587	0.00593	0.00681	0.18574	0.00434	0.00816	0.00798	0.05825	0.05149	0.30959	0.09087	0.11258	0.02625	0.00166	0.00353	0.10081	0.00294	0.00337
18	0.00473	0.00338	0.00434	0.00497	0.00532	0.00321	0.00348	0.00544	0.00698	0.00919	0.03082	0.53792	0.08674	0.14538	0.00676	0.00178	0.00246	0.13105	0.00316	0.00288
19	0.01582	0.00631	0.00842	0.00649	0.00926	0.00561	0.00535	0.04583	0.03806	0.79739	0.01401	0.01216	0.00888	0.00446	0.00362	0.00112	0.00308	0.00362	0.00440	0.00611
20	0.00880	0.23950	0.01365	0.27813	0.14184	0.00969	0.06132	0.06362	0.04177	0.04735	0.00752	0.03253	0.00621	0.00421	0.01910	0.00115	0.00434	0.01254	0.00203	0.00472
21	0.00662	0.00552	0.00626	0.00544	0.00727	0.00528	0.00418	0.01028	0.23243	0.01196	0.09773	0.05745	0.17160	0.03646	0.06917	0.00145	0.00299	0.00473	0.00299	0.26019
22	0.00508	0.00359	0.00470	0.00501	0.00561	0.00338	0.00367	0.00635	0.01868	0.02401	0.32219	0.37696	0.05214	0.04006	0.00496	0.00142	0.00217	0.11327	0.00354	0.00320
23	0.00583	0.00463	0.00539	0.00564	0.00651	0.00485	0.00404	0.00951	0.27385	0.01109	0.01944	0.53434	0.08254	0.00907	0.00427	0.00137	0.00231	0.00806	0.00344	0.00381

[dist]
# distance from previous block
# <min> <max>
0	1

[block]
# block no. 6 follows, 77 sequences, length 19
# corresponding to MSA columns:
# 342-360
name=unknown_G
#
# <colnr> <probs for GDERKNQSTAVLIFYWHMCP>
#	G	D	E	R	K	N	Q	S	T	A	V	L	I	F	Y	W	H	M	C	P
0	0.00816	0.00658	0.00748	0.00606	0.00834	0.00633	0.00478	0.15784	0.15186	0.01433	0.12937	0.07852	0.03552	0.00489	0.00354	0.00094	0.01448	0.00406	0.00303	0.35389
1	0.28999	0.06800	0.05213	0.02613	0.03238	0.06600	0.00581	0.03583	0.04644	0.31562	0.00903	0.00889	0.00629	0.00390	0.00320	0.00109	0.01844	0.00282	0.00298	0.00503
2	0.00923	0.00677	0.00763	0.00633	0.00820	0.00715	0.00504	0.36374	0.07677	0.03476	0.36180	0.01820	0.06719	0.00591	0.00391	0.00112	0.00279	0.00493	0.00376	0.00477
3	0.01146	0.36022	0.01374	0.00730	0.01016	0.01214	0.00642	0.40535	0.11242	0.01600	0.00789	0.00805	0.00609	0.00388	0.00308	0.00097	0.00378	0.00281	0.00277	0.00546
4	0.00874	0.52384	0.01424	0.00582	0.00895	0.01041	0.00539	0.01008	0.00737	0.00978	0.00556	0.00645	0.00490	0.00291	0.00245	0.00067	0.00337	0.00201	0.00178	0.36527
5	0.00505	0.00362	0.00496	0.00566	0.00619	0.00353	0.00439	0.00622	0.00769	0.01024	0.09100	0.42218	0.02274	0.01112	0.04416	0.00171	0.00290	0.34021	0.00332	0.00313
6	0.01017	0.00825	0.00874	0.00744	0.00970	0.00935	0.00591	0.26743	0.55543	0.01712	0.01381	0.01293	0.04754	0.00490	0.00367	0.00118	0.00314	0.00398	0.00363	0.00570
7	0.81256	0.00795	0.00577	0.00517	0.00736	0.09114	0.00419	0.01094	0.00652	0.01542	0.00506	0.00591	0.00397	0.00337	0.00233	0.00109	0.00314	0.00198	0.00219	0.00392
8	0.01026	0.00741	0.00801	0.00651	0.00823	0.00805	0.00495	0.50158	0.01218	0.01632	0.00973	0.01467	0.00893	0.35620	0.00955	0.00205	0.00377	0.00405	0.00302	0.00452
9	0.00522	0.00352	0.00411	0.00411	0.00418	0.00359	0.00241	0.00535	0.00529	0.00711	0.01116	0.02259	0.01267	0.78817	0.10317	0.00372	0.00411	0.00509	0.00215	0.00228
10	0.31863	0.00657	0.00873	0.51682	0.01769	0.00787	0.00760	0.01014	0.00699	0.05879	0.00635	0.00843	0.00471	0.00355	0.00312	0.00116	0.00400	0.00278	0.00198	0.00408
11	0.00452	0.00328	0.00418	0.00484	0.00526	0.00303	0.00336	0.00530	0.00726	0.00962	0.04748	0.66005	0.14101	0.01058	0.00449	0.00141	0.00209	0.05157	0.02769	0.00298
12	0.00670	0.00587	0.00978	0.03564	0.01022	0.00623	0.18593	0.05360	0.05396	0.01037	0.00910	0.01238	0.00788	0.01746	0.51303	0.00389	0.00770	0.00382	0.00209	0.04436
13	0.00832	0.00797	0.01345	0.23339	0.59767	0.00854	0.01060	0.01045	0.00779	0.01094	0.00656	0.00902	0.00542	0.00347	0.00402	0.00113	0.05118	0.00320	0.00172	0.00517
14	0.00798	0.00848	0.08601	0.20365	0.36598	0.00812	0.02975	0.01173	0.15869	0.01158	0.00922	0.05438	0.02039	0.00411	0.00365	0.00116	0.00412	0.00376	0.00216	0.00508
15	0.00999	0.04736	0.06217	0.00800	0.02217	0.05733	0.07746	0.18123	0.03774	0.13527	0.00906	0.01044	0.00705	0.00995	0.22833	0.00229	0.02052	0.00334	0.00265	0.06766
16	0.00535	0.00359	0.00461	0.00464	0.00527	0.00333	0.00327	0.00644	0.00841	0.04845	0.41276	0.28667	0.05142	0.13169	0.00632	0.00157	0.00214	0.00738	0.00352	0.00318
17	0.00557	0.00433	0.02903	0.05374	0.03301	0.00393	0.00437	0.00694	0.04053	0.05562	0.05557	0.57484	0.09995	0.00937	0.00433	0.00136	0.00244	0.00839	0.00324	0.00345
18	0.00868	0.07073	0.17528	0.09938	0.19322	0.06167	0.11330	0.03028	0.05909	0.03242	0.01685	0.00972	0.00626	0.00435	0.02154	0.00124	0.06827	0.02081	0.00197	0.00494

[dist]
# distance from previous block
# <min> <max>
2	4

[block]
# block no. 7 follows, 77 sequences, length 20
# corresponding to MSA columns:
# 365-384
name=unknown_H
#
# <colnr> <probs for GDERKNQSTAVLIFYWHMCP>
#	G	D	E	R	K	N	Q	S	T	A	V	L	I	F	Y	W	H	M	C	P
0	0.02732	0.09234	0.16037	0.06439	0.04015	0.09448	0.06475	0.15954	0.03930	0.08450	0.03726	0.03538	0.00750	0.00418	0.00353	0.00107	0.01267	0.01614	0.01883	0.03630
1	0.00762	0.00593	0.00636	0.00574	0.00742	0.00625	0.00445	0.08718	0.34171	0.04864	0.08156	0.04813	0.29051	0.00657	0.00388	0.00119	0.00247	0.00549	0.03437	0.00453
2	0.01019	0.12191	0.11063	0.01923	0.08215	0.32081	0.04999	0.06577	0.04761	0.01116	0.07965	0.01890	0.03849	0.00419	0.00341	0.00102	0.00484	0.00326	0.00221	0.00460
3	0.01144	0.00816	0.00928	0.00775	0.04938	0.00850	0.00598	0.46595	0.05367	0.08850	0.08240	0.01133	0.02718	0.00445	0.00351	0.00102	0.00336	0.00355	0.03448	0.12012
4	0.00894	0.04606	0.06043	0.14390	0.31937	0.06715	0.15484	0.06917	0.03622	0.01195	0.04213	0.00965	0.00672	0.00358	0.00364	0.00110	0.00468	0.00341	0.00202	0.00505
5	0.85126	0.00676	0.00518	0.00466	0.00681	0.00782	0.00382	0.01046	0.00620	0.01599	0.00537	0.00625	0.00418	0.00338	0.00224	0.00110	0.00272	0.00202	0.04991	0.00387
6	0.00519	0.00365	0.00474	0.00474	0.00503	0.00393	0.00320	0.00576	0.00547	0.00758	0.01058	0.01939	0.01127	0.49997	0.38945	0.00450	0.00620	0.00462	0.00207	0.00264
7	0.02942	0.00755	0.01013	0.01173	0.28831	0.00788	0.00718	0.19988	0.12920	0.07044	0.18690	0.01343	0.01268	0.00466	0.00370	0.00111	0.00334	0.00403	0.00311	0.00529
8	0.00488	0.00364	0.00404	0.00414	0.00477	0.00338	0.00288	0.00548	0.00690	0.00864	0.02315	0.03047	0.37525	0.39122	0.01055	0.00227	0.00275	0.11008	0.00282	0.00269
9	0.01090	0.00873	0.01708	0.01235	0.01571	0.00815	0.56170	0.05747	0.00944	0.24663	0.00928	0.01035	0.00645	0.00350	0.00404	0.00118	0.00512	0.00402	0.00265	0.00527
10	0.00533	0.00381	0.00526	0.00609	0.00671	0.00374	0.00498	0.00664	0.00782	0.01024	0.01930	0.31633	0.02173	0.01038	0.00484	0.00159	0.00291	0.55581	0.00332	0.00318
11	0.00860	0.10928	0.65799	0.00932	0.01408	0.00860	0.01151	0.01210	0.00790	0.11750	0.00728	0.00799	0.00511	0.00351	0.00332	0.00110	0.00487	0.00270	0.00189	0.00534
12	0.00544	0.00362	0.00480	0.00536	0.00598	0.00339	0.00402	0.00643	0.00768	0.05894	0.05572	0.50835	0.09177	0.01019	0.00459	0.00145	0.00241	0.21319	0.00342	0.00323
13	0.00631	0.00399	0.00511	0.00538	0.00638	0.00366	0.00426	0.00746	0.00813	0.11656	0.02319	0.26205	0.23648	0.00939	0.00451	0.00142	0.00256	0.28619	0.00347	0.00349
14	0.00701	0.00422	0.00549	0.00498	0.00612	0.00400	0.00382	0.03733	0.00980	0.13138	0.55666	0.05204	0.02563	0.00845	0.07579	0.00151	0.00265	0.00572	0.05357	0.00384
15	0.00765	0.00710	0.01135	0.40054	0.30780	0.00799	0.00936	0.01083	0.11329	0.01078	0.00814	0.03821	0.00669	0.00485	0.03929	0.00136	0.00448	0.00357	0.00199	0.00473
16	0.01323	0.00569	0.00754	0.00620	0.00839	0.00513	0.00494	0.06945	0.00994	0.60097	0.01514	0.21259	0.01219	0.00604	0.00384	0.00119	0.00289	0.00514	0.00414	0.00537
17	0.03630	0.00838	0.09551	0.20246	0.29490	0.00737	0.03517	0.01041	0.00773	0.04674	0.00691	0.00881	0.00545	0.00380	0.02324	0.00111	0.00423	0.00294	0.00192	0.19663
18	0.02331	0.00628	0.02287	0.07257	0.10606	0.00597	0.03378	0.08255	0.02245	0.30498	0.06633	0.19511	0.03012	0.00589	0.00387	0.00119	0.00322	0.00516	0.00339	0.00490
19	0.00750	0.00695	0.03784	0.03624	0.07389	0.04146	0.05904	0.05872	0.00825	0.01895	0.02706	0.12173	0.01129	0.02661	0.01698	0.00125	0.04551	0.15778	0.00252	0.24043

[dist]
# distance from previous block
# <min> <max>
0	4

[block]
# block no. 8 follows, 77 sequences, length 38
# corresponding to MSA columns:
# 389-426
name=unknown_I
#
# <colnr> <probs for GDERKNQSTAVLIFYWHMCP>
#	G	D	E	R	K	N	Q	S	T	A	V	L	I	F	Y	W	H	M	C	P
0	0.00611	0.00517	0.04904	0.01660	0.00656	0.03383	0.01419	0.03194	0.02481	0.00994	0.02102	0.14241	0.01182	0.18832	0.26301	0.00300	0.00503	0.00489	0.15902	0.00330
1	0.01013	0.00803	0.01064	0.03932	0.28629	0.01544	0.00757	0.14756	0.24483	0.09520	0.04259	0.01107	0.00859	0.00412	0.00358	0.00109	0.00355	0.00355	0.00296	0.05388
2	0.00464	0.00364	0.00420	0.00414	0.00514	0.00320	0.00310	0.00588	0.00897	0.01168	0.37572	0.07259	0.45054	0.00850	0.00428	0.00120	0.00181	0.02396	0.00360	0.00319
3	0.44741	0.00712	0.04617	0.00579	0.00823	0.00702	0.00498	0.04443	0.02929	0.24323	0.00875	0.00967	0.00646	0.00528	0.05213	0.00138	0.00343	0.03037	0.00290	0.03596
4	0.00721	0.01861	0.85495	0.01025	0.01557	0.00835	0.01329	0.01139	0.00759	0.01139	0.00646	0.00759	0.00456	0.00342	0.00342	0.00114	0.00532	0.00266	0.00152	0.00532
5	0.00536	0.00399	0.00547	0.00494	0.00599	0.00373	0.05124	0.00700	0.00927	0.01317	0.54584	0.02471	0.14134	0.00801	0.04883	0.00136	0.00238	0.00602	0.10794	0.00341
6	0.01983	0.00620	0.00723	0.00530	0.00830	0.00473	0.00420	0.00883	0.00741	0.01163	0.00718	0.05941	0.00642	0.00319	0.00277	0.00060	0.00263	0.00262	0.00221	0.82931
7	0.00456	0.00364	0.00399	0.00397	0.00490	0.00329	0.00287	0.00540	0.00753	0.00934	0.07175	0.03005	0.57084	0.15890	0.10124	0.00210	0.00296	0.00672	0.00302	0.00293
8	0.00970	0.00744	0.00811	0.00679	0.00888	0.01576	0.01625	0.30370	0.26391	0.05053	0.09633	0.01666	0.15505	0.01934	0.00403	0.00119	0.00305	0.00460	0.00358	0.00510
9	0.00518	0.00347	0.00394	0.00399	0.00400	0.00345	0.00225	0.00522	0.00533	0.00711	0.01184	0.07455	0.01372	0.82170	0.01748	0.00337	0.00340	0.00553	0.00225	0.00222
10	0.25725	0.00514	0.00580	0.00533	0.00645	0.00581	0.00422	0.00800	0.00773	0.01316	0.35089	0.01686	0.04419	0.00892	0.12680	0.00185	0.11106	0.00442	0.01256	0.00356
11	0.00785	0.49684	0.14469	0.00632	0.00908	0.01020	0.00644	0.00948	0.00774	0.00983	0.11767	0.09032	0.06102	0.00480	0.00306	0.00096	0.00351	0.00374	0.00212	0.00432
12	0.00692	0.00647	0.01063	0.81334	0.02385	0.00805	0.00973	0.00979	0.05758	0.00954	0.00689	0.00982	0.00517	0.00367	0.00360	0.00120	0.00468	0.00325	0.00172	0.00410
13	0.00735	0.05603	0.02936	0.03991	0.03667	0.00653	0.02299	0.10943	0.17651	0.01325	0.15278	0.20349	0.07141	0.00658	0.00385	0.00119	0.00281	0.00570	0.04986	0.00430
14	0.00811	0.00850	0.19743	0.04126	0.05846	0.00656	0.00728	0.10987	0.00818	0.10224	0.00911	0.01189	0.00753	0.06514	0.33865	0.00308	0.00640	0.00351	0.00230	0.00446
15	0.89899	0.00696	0.00529	0.00473	0.00696	0.00807	0.00390	0.01057	0.00612	0.01614	0.00501	0.00584	0.00390	0.00334	0.00223	0.00111	0.00278	0.00195	0.00223	0.00390
16	0.00829	0.11990	0.45561	0.01137	0.09086	0.02391	0.14243	0.04083	0.05197	0.01163	0.00693	0.00815	0.00520	0.00341	0.00344	0.00110	0.00500	0.00296	0.00178	0.00522
17	0.01367	0.01008	0.01080	0.00828	0.01115	0.01115	0.00684	0.83915	0.01691	0.02267	0.00864	0.00864	0.00612	0.00432	0.00360	0.00108	0.00396	0.00324	0.00360	0.00612
18	0.00890	0.00855	0.01460	0.02208	0.85115	0.00855	0.01104	0.01104	0.00819	0.01175	0.00677	0.00890	0.00570	0.00320	0.00356	0.00107	0.00427	0.00320	0.00178	0.00570
19	0.00461	0.00332	0.00435	0.00508	0.00542	0.00313	0.00356	0.00536	0.00705	0.00929	0.02017	0.66137	0.07021	0.06258	0.00544	0.00159	0.00232	0.11895	0.00327	0.00294
20	0.47622	0.04629	0.00827	0.00687	0.05271	0.00916	0.00533	0.27567	0.00982	0.01739	0.00634	0.00699	0.00482	0.00359	0.00277	0.00105	0.00328	0.00244	0.00261	0.05839
21	0.42730	0.00645	0.00649	0.01614	0.04625	0.00689	0.00459	0.09677	0.00798	0.07431	0.02392	0.09540	0.03650	0.05028	0.00383	0.00125	0.00294	0.02573	0.00270	0.06429
22	0.02480	0.23890	0.07287	0.01167	0.26825	0.08158	0.00798	0.06489	0.00857	0.05516	0.00828	0.01026	0.03452	0.00522	0.05251	0.00129	0.01138	0.03485	0.00209	0.00493
23	0.00666	0.04151	0.58898	0.00848	0.01248	0.00713	0.01025	0.01002	0.00824	0.01199	0.21528	0.01324	0.04148	0.00458	0.00362	0.00113	0.00425	0.00376	0.00219	0.00474
24	0.00455	0.00368	0.00393	0.00401	0.00503	0.00321	0.00301	0.00545	0.00791	0.00963	0.05270	0.03374	0.64353	0.11059	0.00598	0.00153	0.00217	0.09316	0.00322	0.00297
25	0.00571	0.00381	0.00482	0.02404	0.00592	0.00355	0.00357	0.00704	0.00880	0.06254	0.38807	0.12783	0.16712	0.05345	0.01614	0.00138	0.00221	0.05376	0.05684	0.00338
26	0.13888	0.01045	0.18226	0.03910	0.06046	0.07840	0.22808	0.04297	0.00803	0.01182	0.00807	0.08067	0.00714	0.00473	0.00418	0.04802	0.00465	0.03560	0.00205	0.00443
27	0.00516	0.00376	0.00529	0.00529	0.00577	0.00423	0.00389	0.00611	0.00564	0.00799	0.01008	0.01660	0.01006	0.24912	0.63865	0.00518	0.00802	0.00422	0.00199	0.00294
28	0.01754	0.00435	0.00570	0.00530	0.00663	0.00392	0.00406	0.00961	0.00893	0.27908	0.21178	0.26623	0.09946	0.00783	0.00417	0.00126	0.00236	0.05388	0.00382	0.00409
29	0.04835	0.02165	0.07110	0.02572	0.47327	0.00779	0.09263	0.01033	0.02652	0.01181	0.06973	0.08572	0.00938	0.00437	0.00383	0.00114	0.01769	0.01184	0.00213	0.00501
30	0.41000	0.00751	0.01028	0.00808	0.01056	0.00790	0.23915	0.06003	0.05179	0.04710	0.05614	0.06075	0.00795	0.00414	0.00326	0.00117	0.00369	0.00360	0.00252	0.00439
31	0.00484	0.00343	0.00439	0.00461	0.00521	0.00317	0.00328	0.00605	0.00853	0.01190	0.40601	0.37994	0.07430	0.00890	0.00429	0.00126	0.00187	0.00794	0.05691	0.00317
32	0.05669	0.00505	0.00700	0.03272	0.14333	0.00510	0.01484	0.05697	0.00747	0.03443	0.05326	0.16721	0.06196	0.10030	0.00756	0.18460	0.00314	0.05237	0.00255	0.00346
33	0.03691	0.08518	0.16836	0.02446	0.09493	0.14156	0.02734	0.17355	0.09464	0.02793	0.06865	0.00999	0.00799	0.00416	0.00353	0.00896	0.00435	0.00995	0.00249	0.00506
34	0.00443	0.00315	0.00416	0.00494	0.00514	0.00296	0.00327	0.00502	0.00679	0.00905	0.01932	0.82050	0.02315	0.06288	0.00541	0.00158	0.00217	0.00993	0.00327	0.00288
35	0.00535	0.00353	0.00470	0.00470	0.00502	0.00367	0.00322	0.00555	0.00574	0.00783	0.05519	0.03381	0.06162	0.30459	0.27394	0.20719	0.00507	0.00463	0.00214	0.00248
36	0.00636	0.00460	0.00643	0.03553	0.00735	0.00463	0.06124	0.03300	0.08379	0.03801	0.12040	0.23234	0.05429	0.11370	0.02704	0.12245	0.00306	0.02554	0.01688	0.00336
37	0.03726	0.01523	0.00923	0.02630	0.15528	0.01289	0.05578	0.14070	0.05576	0.02353	0.08576	0.01369	0.02507	0.09325	0.17883	0.03370	0.02696	0.00397	0.00250	0.00431

[dist]
# distance from previous block
# <min> <max>
0	93

# created by:
# /home/cegg/simao/soft/augustus-3.2.1/scripts/msa2prfl.pl ./align_prep/EOG092C4DAK.fa
