[name]
unknown

[dist]
# distance from previous block
# <min> <max>
2	51

[block]
# block no. 0 follows, 72 sequences, length 46
# corresponding to MSA columns:
# 73-76,93-134
name=unknown_A
#
# <colnr> <probs for GDERKNQSTAVLIFYWHMCP>
#	G	D	E	R	K	N	Q	S	T	A	V	L	I	F	Y	W	H	M	C	P
0	0.48714	0.05119	0.03840	0.00601	0.00863	0.00802	0.00521	0.05984	0.00849	0.23211	0.00880	0.00981	0.00651	0.00418	0.00299	0.00117	0.00324	0.03709	0.01624	0.00491
1	0.00507	0.03528	0.00501	0.00510	0.00564	0.00364	0.00360	0.00600	0.00791	0.01070	0.13273	0.60232	0.08141	0.01044	0.00457	0.00142	0.00220	0.02537	0.04831	0.00325
2	0.04121	0.00473	0.00555	0.00534	0.00593	0.00509	0.00369	0.07854	0.03616	0.01036	0.02158	0.15351	0.01364	0.40787	0.11797	0.01570	0.03564	0.00565	0.02860	0.00323
3	0.00559	0.00382	0.00441	0.00442	0.00454	0.00390	0.00262	0.00602	0.02998	0.00779	0.01226	0.05467	0.01384	0.75108	0.07684	0.00370	0.00406	0.00557	0.00237	0.00251
4	0.01354	0.01645	0.01009	0.00920	0.01107	0.75255	0.00690	0.01456	0.01048	0.03407	0.00701	0.03891	0.00600	0.00425	0.00344	0.00100	0.00631	0.00284	0.04695	0.00436
5	0.00708	0.03093	0.03642	0.00600	0.00767	0.00530	0.04624	0.05249	0.06660	0.06523	0.42678	0.02494	0.17959	0.00711	0.00428	0.00122	0.00258	0.02162	0.00375	0.00419
6	0.01149	0.30613	0.02713	0.03996	0.02173	0.31837	0.01603	0.05517	0.02558	0.02113	0.00610	0.00732	0.00519	0.00409	0.00436	0.00105	0.11988	0.00260	0.00195	0.00473
7	0.09575	0.07783	0.01026	0.03929	0.01075	0.33427	0.00655	0.17015	0.02522	0.02812	0.02166	0.01001	0.04852	0.00630	0.06872	0.00147	0.03476	0.00316	0.00250	0.00470
8	0.79088	0.00810	0.00622	0.00548	0.00785	0.05141	0.00448	0.06550	0.00742	0.01708	0.00556	0.00639	0.00430	0.00361	0.00250	0.00116	0.00321	0.00216	0.00242	0.00428
9	0.00545	0.00393	0.00543	0.00543	0.00588	0.00438	0.00391	0.00635	0.00590	0.00831	0.01076	0.01825	0.01094	0.31189	0.57023	0.00528	0.00797	0.00455	0.00212	0.00302
10	0.00471	0.00367	0.00428	0.00451	0.00536	0.00324	0.00324	0.00575	0.00863	0.01111	0.20211	0.30699	0.40292	0.00996	0.00460	0.00135	0.00199	0.00868	0.00366	0.00324
11	0.00782	0.09233	0.77625	0.01044	0.01584	0.00934	0.01337	0.01195	0.00798	0.01175	0.00667	0.00784	0.00481	0.00357	0.00350	0.00117	0.00547	0.00274	0.00160	0.00554
12	0.83409	0.00727	0.00579	0.00511	0.00749	0.00831	0.00421	0.01165	0.00675	0.07319	0.00594	0.00662	0.00447	0.00360	0.00245	0.00117	0.00295	0.00217	0.00251	0.00427
13	0.00481	0.00385	0.00431	0.00433	0.00539	0.00339	0.00320	0.00611	0.02203	0.01159	0.24986	0.13631	0.51274	0.00932	0.00451	0.00129	0.00194	0.00798	0.00370	0.00333
14	0.00518	0.00382	0.00484	0.00469	0.00558	0.00348	0.00348	0.00676	0.01015	0.01405	0.66032	0.10136	0.14547	0.00836	0.00451	0.00123	0.00184	0.00735	0.00403	0.00348
15	0.00716	0.00674	0.01138	0.85760	0.02612	0.00843	0.01053	0.00969	0.00758	0.00969	0.00674	0.01011	0.00506	0.00379	0.00379	0.00126	0.00506	0.00337	0.00169	0.00421
16	0.89350	0.00733	0.00557	0.00499	0.00733	0.00851	0.00411	0.01115	0.00645	0.01702	0.00528	0.00616	0.00411	0.00352	0.00235	0.00117	0.00293	0.00205	0.00235	0.00411
17	0.00543	0.00403	0.00593	0.00593	0.00655	0.00465	0.00454	0.00667	0.00605	0.00868	0.01031	0.01573	0.00984	0.09890	0.78173	0.00589	0.00961	0.00419	0.00205	0.00329
18	0.00790	0.00788	0.03893	0.50455	0.29731	0.00853	0.02896	0.01036	0.00793	0.01069	0.00701	0.00997	0.00554	0.00450	0.03344	0.00139	0.00510	0.00340	0.00176	0.00485
19	0.03155	0.03023	0.01040	0.00862	0.01105	0.44124	0.00676	0.15666	0.03070	0.22316	0.00891	0.00890	0.00643	0.00423	0.00355	0.00106	0.00525	0.00298	0.00301	0.00531
20	0.54515	0.00875	0.00783	0.00654	0.00908	0.07334	0.02807	0.15762	0.02575	0.09598	0.00719	0.00765	0.00528	0.00387	0.00291	0.00116	0.00358	0.00260	0.00281	0.00483
21	0.00471	0.00343	0.00437	0.00506	0.00542	0.00317	0.00342	0.00542	0.00744	0.00978	0.04385	0.66956	0.12327	0.06751	0.00574	0.00164	0.00228	0.02739	0.00346	0.00307
22	0.00462	0.00330	0.00440	0.00528	0.00550	0.00308	0.00352	0.00528	0.00726	0.00968	0.02090	0.86424	0.02508	0.01188	0.00484	0.00154	0.00220	0.01078	0.00352	0.00308
23	0.03800	0.00956	0.03516	0.00830	0.02869	0.09415	0.00648	0.03814	0.66317	0.01523	0.01355	0.01274	0.01021	0.00487	0.00376	0.00124	0.00353	0.00394	0.00350	0.00578
24	0.17697	0.01039	0.01222	0.00952	0.01235	0.11706	0.18296	0.27743	0.05707	0.06005	0.00819	0.00894	0.00605	0.00403	0.00377	0.00116	0.02122	0.00331	0.00286	0.02444
25	0.01225	0.01172	0.01271	0.01016	0.01281	0.23872	0.17320	0.20564	0.16098	0.07163	0.00932	0.00985	0.00695	0.00426	0.00410	0.00116	0.03183	0.00353	0.00290	0.01627
26	0.01139	0.01201	0.01435	0.01133	0.01380	0.29331	0.28800	0.03729	0.05148	0.08509	0.00878	0.01008	0.03216	0.00433	0.00498	0.00121	0.10953	0.00366	0.00235	0.00490
27	0.00542	0.00406	0.00610	0.00610	0.00677	0.00474	0.00474	0.00677	0.00610	0.00880	0.01016	0.01490	0.00948	0.02844	0.85169	0.00610	0.01016	0.00406	0.00203	0.00339
28	0.05022	0.00879	0.01010	0.00827	0.01052	0.11026	0.10576	0.20211	0.07532	0.12508	0.07416	0.10229	0.06401	0.00575	0.00416	0.00122	0.02032	0.01325	0.00334	0.00506
29	0.01371	0.01652	0.01047	0.00942	0.01140	0.72808	0.00713	0.06061	0.02580	0.02823	0.00663	0.00764	0.00542	0.00523	0.04641	0.00126	0.00671	0.00264	0.00215	0.00453
30	0.00478	0.00341	0.00454	0.00539	0.00566	0.00321	0.00371	0.00552	0.00733	0.00975	0.02052	0.76276	0.02440	0.04166	0.00538	0.00163	0.00237	0.08143	0.00348	0.00309
31	0.00942	0.00801	0.00867	0.00765	0.00980	0.00911	0.02182	0.07262	0.70114	0.01601	0.02548	0.01500	0.05218	0.00530	0.00388	0.00127	0.00306	0.00443	0.01933	0.00581
32	0.00895	0.01023	0.02238	0.01598	0.01982	0.00959	0.82928	0.01215	0.00895	0.01215	0.00767	0.01023	0.00575	0.00320	0.00448	0.00128	0.00639	0.00448	0.00192	0.00512
33	0.00707	0.00353	0.00353	0.00353	0.00442	0.00353	0.00265	0.00884	0.00795	0.01414	0.01237	0.01414	0.00972	0.00442	0.00265	0.00088	0.00177	0.00353	0.88777	0.00353
34	0.00838	0.27836	0.59509	0.00949	0.01438	0.01070	0.01172	0.01181	0.00792	0.01107	0.00634	0.00742	0.00482	0.00349	0.00325	0.00108	0.00513	0.00257	0.00161	0.00538
35	0.01120	0.01036	0.00949	0.00827	0.01055	0.15758	0.00646	0.17232	0.53684	0.01623	0.01256	0.01191	0.00943	0.00482	0.00377	0.00120	0.00390	0.00380	0.00351	0.00581
36	0.00461	0.00350	0.00425	0.00479	0.00539	0.00314	0.00332	0.00541	0.00786	0.01010	0.06159	0.56124	0.28918	0.01097	0.00471	0.00144	0.00209	0.00972	0.00355	0.00314
37	0.00881	0.42334	0.45389	0.00876	0.01324	0.01175	0.01044	0.01170	0.00786	0.01054	0.00608	0.00709	0.00483	0.00343	0.00305	0.00102	0.00487	0.00243	0.00161	0.00525
38	0.01014	0.86900	0.01987	0.00649	0.00973	0.01501	0.00649	0.01136	0.00771	0.00892	0.00527	0.00608	0.00487	0.00324	0.00243	0.00081	0.00406	0.00203	0.00162	0.00487
39	0.00506	0.00354	0.00441	0.00476	0.00504	0.00338	0.00309	0.00568	0.00725	0.00980	0.15590	0.41048	0.03901	0.31354	0.00989	0.00223	0.00265	0.00820	0.00320	0.00289
40	0.00873	0.00834	0.01421	0.26851	0.60294	0.00884	0.01131	0.01107	0.00833	0.01160	0.00702	0.00960	0.00573	0.00350	0.00377	0.00117	0.00467	0.00338	0.00182	0.00548
41	0.00546	0.00407	0.00521	0.00587	0.00644	0.00406	0.00429	0.00750	0.10338	0.01079	0.03199	0.60165	0.02307	0.01078	0.00480	0.00154	0.00253	0.15950	0.00356	0.00350
42	0.00895	0.01023	0.02238	0.01598	0.01982	0.00959	0.82928	0.01215	0.00895	0.01215	0.00767	0.01023	0.00575	0.00320	0.00448	0.00128	0.00639	0.00448	0.00192	0.00512
43	0.00462	0.00330	0.00440	0.00528	0.00550	0.00308	0.00352	0.00528	0.00726	0.00968	0.02090	0.86424	0.02508	0.01188	0.00484	0.00154	0.00220	0.01078	0.00352	0.00308
44	0.31789	0.00913	0.00940	0.00744	0.01024	0.01009	0.02477	0.45711	0.02336	0.08362	0.00828	0.00847	0.00591	0.00418	0.00331	0.00116	0.00371	0.00301	0.00332	0.00561
45	0.03043	0.00771	0.00908	0.00682	0.00994	0.00711	0.00558	0.23502	0.01153	0.29226	0.01008	0.00984	0.00706	0.00392	0.00340	0.00093	0.00332	0.00308	0.00348	0.33939

[dist]
# distance from previous block
# <min> <max>
0	1

[block]
# block no. 1 follows, 72 sequences, length 10
# corresponding to MSA columns:
# 136-145
name=unknown_B
#
# <colnr> <probs for GDERKNQSTAVLIFYWHMCP>
#	G	D	E	R	K	N	Q	S	T	A	V	L	I	F	Y	W	H	M	C	P
0	0.01209	0.50658	0.04273	0.00694	0.01010	0.01189	0.00654	0.11970	0.00985	0.20580	0.02954	0.00870	0.00692	0.00388	0.00302	0.00096	0.00387	0.00277	0.00268	0.00543
1	0.00542	0.00406	0.00610	0.00610	0.00677	0.00474	0.00474	0.00677	0.00610	0.00880	0.01016	0.01490	0.00948	0.02844	0.85169	0.00610	0.01016	0.00406	0.00203	0.00339
2	0.84102	0.00753	0.00592	0.00521	0.00760	0.00870	0.00429	0.06006	0.00713	0.01743	0.00551	0.00634	0.00425	0.00358	0.00243	0.00117	0.00301	0.00213	0.00243	0.00425
3	0.04530	0.27191	0.07630	0.00857	0.01127	0.43240	0.00742	0.06204	0.03316	0.01072	0.00620	0.00702	0.00513	0.00374	0.00313	0.00097	0.00550	0.00244	0.00201	0.00478
4	0.00597	0.00420	0.00518	0.00489	0.00522	0.00421	0.03263	0.03819	0.00646	0.00865	0.04124	0.05292	0.01461	0.71597	0.01671	0.00327	0.00367	0.03083	0.00249	0.00267
5	0.00471	0.00336	0.00450	0.00538	0.00564	0.00316	0.00367	0.00543	0.00735	0.00978	0.02085	0.81534	0.02489	0.01180	0.00486	0.00155	0.00228	0.05881	0.00352	0.00310
6	0.05080	0.00854	0.01033	0.00796	0.01090	0.05095	0.05476	0.25705	0.01262	0.47815	0.01195	0.01105	0.00787	0.00448	0.00377	0.00116	0.00387	0.00359	0.00403	0.00617
7	0.01388	0.04153	0.01134	0.00919	0.01167	0.41944	0.02974	0.29086	0.05939	0.06493	0.00807	0.00845	0.00608	0.00420	0.00359	0.00106	0.00540	0.00300	0.00284	0.00534
8	0.00588	0.00772	0.19571	0.00711	0.00901	0.00521	0.05327	0.00789	0.00835	0.01170	0.22722	0.27531	0.05756	0.00974	0.08106	0.00176	0.02183	0.00673	0.00299	0.00395
9	0.01114	0.00779	0.00897	0.00674	0.00987	0.00716	0.00547	0.22425	0.06409	0.15023	0.00924	0.00940	0.00682	0.00371	0.00329	0.00086	0.00324	0.00293	0.00315	0.46163

[dist]
# distance from previous block
# <min> <max>
0	2

[block]
# block no. 2 follows, 72 sequences, length 29
# corresponding to MSA columns:
# 148-166,168-177
name=unknown_C
#
# <colnr> <probs for GDERKNQSTAVLIFYWHMCP>
#	G	D	E	R	K	N	Q	S	T	A	V	L	I	F	Y	W	H	M	C	P
0	0.04498	0.00986	0.00930	0.00817	0.06595	0.20100	0.00597	0.07017	0.06005	0.07354	0.00780	0.00850	0.00611	0.00353	0.00320	0.00085	0.00399	0.00268	0.00254	0.41178
1	0.00533	0.00417	0.00505	0.00505	0.00616	0.00355	0.00358	0.00625	0.00761	0.01031	0.02089	0.49790	0.17516	0.03221	0.00471	0.00133	0.00232	0.00825	0.00321	0.19697
2	0.01246	0.00927	0.01025	0.00870	0.04252	0.01020	0.00676	0.42968	0.30879	0.07953	0.01165	0.01116	0.00845	0.00468	0.00379	0.00118	0.00366	0.00372	0.00377	0.02978
3	0.00971	0.00828	0.00873	0.00777	0.00997	0.00956	0.00607	0.06455	0.79136	0.01631	0.01509	0.01387	0.01130	0.00511	0.00386	0.00128	0.00307	0.00424	0.00386	0.00603
4	0.01420	0.01029	0.01109	0.00858	0.01155	0.01135	0.00706	0.74325	0.07130	0.05772	0.00977	0.00960	0.00691	0.00460	0.00380	0.00115	0.00406	0.00349	0.00384	0.00642
5	0.00905	0.00624	0.00737	0.00697	0.04602	0.00636	0.00517	0.07393	0.24736	0.14553	0.15719	0.04970	0.18270	0.00669	0.00415	0.00126	0.00276	0.03273	0.00386	0.00496
6	0.00459	0.00373	0.00406	0.00426	0.00526	0.00321	0.00310	0.00551	0.00835	0.01026	0.06055	0.22643	0.60022	0.02274	0.00480	0.00138	0.00203	0.02282	0.00352	0.00318
7	0.01366	0.00825	0.01359	0.01009	0.01326	0.00782	0.27675	0.10519	0.04054	0.43727	0.01177	0.01158	0.00787	0.00424	0.00418	0.00122	0.01920	0.00400	0.00360	0.00596
8	0.03938	0.16540	0.37802	0.03012	0.01314	0.01747	0.02300	0.04506	0.06013	0.16215	0.00868	0.00933	0.00631	0.02132	0.00375	0.00118	0.00457	0.00303	0.00244	0.00551
9	0.02178	0.00894	0.01258	0.09915	0.48638	0.09243	0.00950	0.03160	0.02510	0.06968	0.00873	0.06300	0.00757	0.02531	0.02087	0.00132	0.00459	0.00384	0.00227	0.00537
10	0.01340	0.00624	0.00803	0.00673	0.00903	0.00589	0.00538	0.03856	0.13599	0.53195	0.01601	0.14976	0.01261	0.00612	0.00404	0.00127	0.00307	0.03588	0.00431	0.00574
11	0.01125	0.00894	0.00941	0.02879	0.01075	0.03919	0.00641	0.23778	0.50128	0.06749	0.01325	0.02815	0.00992	0.00501	0.00384	0.00123	0.00350	0.00406	0.00377	0.00600
12	0.00962	0.20265	0.25314	0.02212	0.10821	0.04715	0.15088	0.05933	0.00905	0.04915	0.03703	0.00911	0.00654	0.00374	0.00368	0.00111	0.01687	0.00321	0.00207	0.00533
13	0.00897	0.00845	0.01397	0.05275	0.69694	0.00852	0.01059	0.02480	0.03161	0.01262	0.05043	0.01167	0.04391	0.00395	0.00383	0.00115	0.00423	0.00378	0.00214	0.00570
14	0.00471	0.00339	0.00449	0.00534	0.00564	0.00317	0.00366	0.00545	0.00740	0.00981	0.02146	0.78320	0.05348	0.01171	0.00485	0.00154	0.00227	0.06179	0.00352	0.00311
15	0.00550	0.00415	0.00549	0.00532	0.00607	0.00431	0.00399	0.00709	0.02930	0.01193	0.38782	0.06963	0.08517	0.08095	0.24073	0.00279	0.03699	0.00608	0.00325	0.00345
16	0.01177	0.19866	0.07841	0.01002	0.01335	0.06101	0.21604	0.19049	0.01976	0.13482	0.00837	0.00910	0.00616	0.00388	0.00381	0.00111	0.02169	0.00334	0.00266	0.00553
17	0.00804	0.05717	0.61401	0.01183	0.01690	0.00928	0.20577	0.01201	0.00822	0.01190	0.00694	0.00844	0.00503	0.00349	0.00375	0.00120	0.00572	0.00316	0.00168	0.00545
18	0.00551	0.00370	0.00425	0.00425	0.00430	0.00374	0.00245	0.00559	0.00555	0.00744	0.01184	0.02422	0.01353	0.81599	0.06967	0.00382	0.00407	0.00543	0.00228	0.00236
19	0.01013	0.08094	0.03794	0.22124	0.07029	0.28673	0.16045	0.01209	0.00891	0.01018	0.00703	0.04110	0.00593	0.00403	0.00394	0.00115	0.02802	0.00343	0.00189	0.00460
20	0.00538	0.00401	0.00593	0.00598	0.00661	0.00461	0.00459	0.00665	0.00614	0.00880	0.01081	0.06178	0.01049	0.05665	0.77638	0.00576	0.00950	0.00448	0.00212	0.00333
21	0.00470	0.00366	0.00427	0.00451	0.00536	0.00323	0.00323	0.00571	0.00856	0.01098	0.18255	0.32205	0.40758	0.01005	0.00460	0.00135	0.00199	0.00875	0.00364	0.00323
22	0.00778	0.00737	0.01245	0.59578	0.09784	0.00863	0.08621	0.03293	0.03782	0.01080	0.00771	0.02170	0.00615	0.00411	0.00412	0.00128	0.02673	0.02411	0.00193	0.00455
23	0.03124	0.12070	0.01120	0.05437	0.01139	0.13695	0.00666	0.21659	0.12048	0.23722	0.01031	0.01005	0.00734	0.00434	0.00355	0.00111	0.00418	0.00328	0.00334	0.00571
24	0.01095	0.01321	0.01695	0.01301	0.01596	0.35470	0.46068	0.01319	0.00976	0.01109	0.03867	0.00953	0.00654	0.00366	0.00404	0.00115	0.00640	0.00373	0.00202	0.00476
25	0.01493	0.00755	0.00923	0.00728	0.01000	0.00743	0.00593	0.25243	0.06437	0.49804	0.01371	0.07095	0.00976	0.00518	0.00388	0.00120	0.00342	0.00421	0.00430	0.00619
26	0.01010	0.05505	0.00921	0.02750	0.00966	0.02932	0.00584	0.29378	0.20730	0.02807	0.26418	0.01601	0.01649	0.00556	0.00393	0.00117	0.00324	0.00458	0.00372	0.00528
27	0.50787	0.04077	0.17038	0.04829	0.01097	0.00876	0.04728	0.04478	0.00762	0.05109	0.00646	0.00754	0.00486	0.00424	0.02428	0.00130	0.00401	0.00256	0.00228	0.00466
28	0.01038	0.00832	0.01010	0.03811	0.14348	0.03689	0.01561	0.19845	0.09903	0.07278	0.02277	0.01127	0.03893	0.02478	0.00392	0.00106	0.00366	0.00345	0.00293	0.25407

[dist]
# distance from previous block
# <min> <max>
0	1

[block]
# block no. 3 follows, 72 sequences, length 76
# corresponding to MSA columns:
# 179-254
name=unknown_D
#
# <colnr> <probs for GDERKNQSTAVLIFYWHMCP>
#	G	D	E	R	K	N	Q	S	T	A	V	L	I	F	Y	W	H	M	C	P
0	0.00596	0.03387	0.00586	0.00587	0.00660	0.02185	0.00420	0.02224	0.13525	0.01088	0.01907	0.63178	0.02887	0.01853	0.00471	0.00148	0.00257	0.03324	0.00347	0.00368
1	0.01263	0.01680	0.01032	0.09115	0.11056	0.00836	0.00713	0.23884	0.11244	0.27558	0.01229	0.05365	0.02302	0.00489	0.00385	0.00120	0.00372	0.00406	0.00361	0.00589
2	0.00917	0.00866	0.01407	0.10135	0.56930	0.00901	0.05024	0.02470	0.13896	0.01280	0.00863	0.02123	0.00703	0.00382	0.00382	0.00118	0.00438	0.00367	0.00222	0.00576
3	0.00548	0.00366	0.00415	0.00418	0.00418	0.00366	0.00234	0.00551	0.00557	0.00743	0.01225	0.05328	0.01417	0.83773	0.01881	0.00360	0.00363	0.00569	0.00234	0.00232
4	0.00554	0.00395	0.00542	0.00624	0.00686	0.00386	0.00501	0.00686	0.00820	0.01079	0.04804	0.33746	0.02330	0.02936	0.00537	0.00169	0.00297	0.48227	0.00350	0.00332
5	0.00977	0.64085	0.19295	0.00767	0.01136	0.05115	0.01948	0.01167	0.00792	0.00963	0.00565	0.00658	0.00487	0.00335	0.00275	0.00091	0.00454	0.00224	0.00164	0.00500
6	0.00543	0.00402	0.00587	0.00587	0.00647	0.00462	0.00446	0.00663	0.00603	0.00864	0.01036	0.01603	0.00997	0.12401	0.75679	0.00582	0.00942	0.00423	0.00206	0.00326
7	0.00471	0.00370	0.00428	0.00464	0.00550	0.00327	0.00339	0.00567	0.00829	0.01041	0.07453	0.32267	0.45115	0.01036	0.00467	0.00140	0.00213	0.07248	0.00355	0.00320
8	0.01000	0.00895	0.01002	0.00896	0.03900	0.04738	0.06009	0.08252	0.65308	0.01584	0.01372	0.01301	0.01031	0.00486	0.00387	0.00125	0.00354	0.00412	0.00357	0.00591
9	0.00561	0.00424	0.00623	0.00616	0.00680	0.00500	0.00479	0.00693	0.00613	0.00898	0.01002	0.01473	0.00935	0.04102	0.76930	0.00567	0.04953	0.00404	0.03205	0.00341
10	0.52692	0.00772	0.00760	0.00622	0.00884	0.00837	0.02013	0.14758	0.00940	0.21263	0.00823	0.00830	0.00576	0.00396	0.00297	0.00117	0.00327	0.00274	0.00313	0.00506
11	0.00542	0.00406	0.00610	0.00610	0.00677	0.00474	0.00474	0.00677	0.00610	0.00880	0.01016	0.01490	0.00948	0.02844	0.85169	0.00610	0.01016	0.00406	0.00203	0.00339
12	0.00611	0.00437	0.00611	0.00698	0.00786	0.00437	0.00611	0.00786	0.00873	0.01135	0.02008	0.04278	0.02183	0.01048	0.00524	0.00175	0.00349	0.81753	0.00349	0.00349
13	0.00448	0.00384	0.00384	0.00384	0.00512	0.00320	0.00288	0.00544	0.00864	0.01025	0.03842	0.03650	0.84152	0.00960	0.00448	0.00128	0.00192	0.00800	0.00352	0.00320
14	0.01014	0.86900	0.01987	0.00649	0.00973	0.01501	0.00649	0.01136	0.00771	0.00892	0.00527	0.00608	0.00487	0.00324	0.00243	0.00081	0.00406	0.00203	0.00162	0.00487
15	0.01417	0.01808	0.01075	0.00977	0.01172	0.85149	0.00733	0.01514	0.01075	0.00928	0.00586	0.00684	0.00489	0.00391	0.00342	0.00098	0.00684	0.00244	0.00195	0.00440
16	0.00529	0.00387	0.00496	0.00470	0.00562	0.00354	0.00352	0.00700	0.01052	0.01474	0.76633	0.03901	0.10080	0.00795	0.00448	0.00120	0.00180	0.00700	0.00411	0.00354
17	0.01171	0.00564	0.00703	0.00582	0.00804	0.00504	0.00470	0.05260	0.02713	0.44829	0.06658	0.02214	0.28146	0.00663	0.00411	0.00123	0.00278	0.02975	0.00419	0.00515
18	0.00462	0.00330	0.00440	0.00528	0.00550	0.00308	0.00352	0.00528	0.00726	0.00968	0.02090	0.86424	0.02508	0.01188	0.00484	0.00154	0.00220	0.01078	0.00352	0.00308
19	0.00507	0.00363	0.00491	0.00577	0.00621	0.00347	0.00429	0.00606	0.00773	0.01020	0.02098	0.60093	0.03910	0.01142	0.00495	0.00160	0.00259	0.25438	0.00351	0.00321
20	0.00458	0.00390	0.00395	0.00396	0.00522	0.00331	0.00296	0.00571	0.02268	0.01038	0.04703	0.06087	0.79336	0.00958	0.00448	0.00129	0.00195	0.00801	0.00354	0.00325
21	0.00962	0.00842	0.00864	0.00776	0.00989	0.03457	0.00603	0.03962	0.77737	0.01576	0.01509	0.02824	0.01148	0.00521	0.00386	0.00128	0.00313	0.00432	0.00379	0.00592
22	0.89350	0.00733	0.00557	0.00499	0.00733	0.00851	0.00411	0.01115	0.00645	0.01702	0.00528	0.00616	0.00411	0.00352	0.00235	0.00117	0.00293	0.00205	0.00235	0.00411
23	0.00966	0.00810	0.00858	0.00769	0.00986	0.00932	0.00599	0.02010	0.81152	0.04068	0.01542	0.01411	0.01151	0.00513	0.00386	0.00128	0.00301	0.00427	0.00388	0.00602
24	0.00464	0.00342	0.00435	0.00502	0.00545	0.00313	0.00342	0.00542	0.00769	0.01010	0.07267	0.68135	0.15690	0.01127	0.00476	0.00148	0.00213	0.01010	0.00356	0.00313
25	0.00847	0.00859	0.01159	0.00995	0.01001	0.03682	0.00827	0.00931	0.00596	0.00913	0.00500	0.00825	0.00498	0.00656	0.01218	0.00164	0.83417	0.00329	0.00167	0.00416
26	0.06199	0.08930	0.69882	0.01006	0.01515	0.03788	0.01256	0.01201	0.00798	0.01197	0.00655	0.00770	0.00477	0.00358	0.00342	0.00116	0.00536	0.00268	0.00166	0.00541
27	0.00710	0.00668	0.01138	0.79245	0.02497	0.00821	0.03478	0.00956	0.00761	0.00976	0.00743	0.05009	0.00601	0.00415	0.00386	0.00128	0.00496	0.00375	0.00178	0.00419
28	0.01030	0.83536	0.01951	0.00662	0.00981	0.04807	0.00652	0.01151	0.00783	0.00894	0.00530	0.00611	0.00487	0.00327	0.00247	0.00082	0.00417	0.00204	0.00164	0.00485
29	0.00949	0.00863	0.01057	0.03995	0.23465	0.03447	0.00771	0.01737	0.56155	0.01453	0.01263	0.01252	0.00966	0.00459	0.00382	0.00123	0.00359	0.00396	0.00320	0.00590
30	0.02116	0.00811	0.01114	0.21083	0.04662	0.00965	0.02582	0.19347	0.03455	0.10848	0.00849	0.04060	0.00680	0.00518	0.00632	0.00134	0.25004	0.00372	0.00264	0.00505
31	0.00792	0.09749	0.73182	0.01099	0.05449	0.00939	0.01321	0.01193	0.00801	0.01174	0.00668	0.00789	0.00487	0.00356	0.00350	0.00116	0.00541	0.00276	0.00162	0.00556
32	0.00462	0.00350	0.00428	0.00490	0.00546	0.00316	0.00340	0.00541	0.00772	0.00990	0.02617	0.58968	0.27156	0.01115	0.00474	0.00147	0.00215	0.03407	0.00352	0.00313
33	0.00463	0.00335	0.00439	0.00522	0.00551	0.00310	0.00352	0.00532	0.00736	0.00974	0.02192	0.80476	0.07294	0.01173	0.00482	0.00153	0.00220	0.02134	0.00352	0.00309
34	0.02292	0.08679	0.48780	0.02635	0.03037	0.04903	0.08234	0.10410	0.00935	0.03484	0.00716	0.00827	0.00524	0.00367	0.00357	0.00114	0.00524	0.00296	0.00201	0.02685
35	0.00748	0.00707	0.01196	0.73707	0.14414	0.00851	0.01069	0.00997	0.00774	0.01008	0.00680	0.01001	0.00519	0.00373	0.00379	0.00124	0.00498	0.00337	0.00171	0.00447
36	0.00713	0.00366	0.00367	0.00364	0.00456	0.00369	0.00274	0.00913	0.02963	0.01418	0.01245	0.01414	0.00977	0.00444	0.00268	0.00089	0.00180	0.00355	0.86464	0.00360
37	0.00867	0.00892	0.01156	0.00995	0.01007	0.06481	0.00824	0.00951	0.00612	0.00914	0.00503	0.00821	0.00497	0.00647	0.01187	0.00162	0.80576	0.00326	0.00168	0.00416
38	0.00786	0.00674	0.00786	0.00562	0.00899	0.00506	0.00449	0.00955	0.00786	0.01236	0.00674	0.00786	0.00562	0.00281	0.00281	0.00056	0.00281	0.00225	0.00225	0.88990
39	0.00462	0.00330	0.00440	0.00528	0.00550	0.00308	0.00352	0.00528	0.00726	0.00968	0.02090	0.86424	0.02508	0.01188	0.00484	0.00154	0.00220	0.01078	0.00352	0.00308
40	0.89350	0.00733	0.00557	0.00499	0.00733	0.00851	0.00411	0.01115	0.00645	0.01702	0.00528	0.00616	0.00411	0.00352	0.00235	0.00117	0.00293	0.00205	0.00235	0.00411
41	0.00632	0.00368	0.00516	0.00529	0.01874	0.00364	0.00361	0.00609	0.02613	0.00909	0.15761	0.05642	0.02463	0.03584	0.01959	0.54744	0.00300	0.03387	0.03141	0.00242
42	0.00552	0.00368	0.00414	0.00414	0.00414	0.00368	0.00230	0.00552	0.00552	0.00735	0.01195	0.02482	0.01379	0.86672	0.01930	0.00368	0.00368	0.00552	0.00230	0.00230
43	0.00900	0.48566	0.39319	0.00844	0.01275	0.01221	0.00988	0.01165	0.00784	0.01032	0.00596	0.00695	0.00484	0.00341	0.00296	0.00099	0.00475	0.00238	0.00161	0.00520
44	0.06838	0.00828	0.00862	0.00761	0.00986	0.00951	0.00598	0.08970	0.69729	0.02995	0.01421	0.01317	0.01060	0.00498	0.00375	0.00126	0.00310	0.00406	0.00377	0.00592
45	0.00530	0.00381	0.00516	0.00601	0.00656	0.00367	0.00468	0.00646	0.00798	0.01046	0.02116	0.45874	0.05310	0.01116	0.00501	0.00162	0.00278	0.37954	0.00351	0.00327
46	0.04028	0.00701	0.00800	0.00579	0.00910	0.00560	0.00465	0.06120	0.00844	0.01325	0.00684	0.00788	0.00562	0.00294	0.00285	0.00062	0.00290	0.00231	0.00235	0.80237
47	0.01071	0.00629	0.00759	0.00650	0.00853	0.00638	0.00512	0.01565	0.31184	0.29073	0.26612	0.01805	0.01821	0.00579	0.00403	0.00122	0.00271	0.00491	0.00423	0.00542
48	0.00462	0.00330	0.00440	0.00528	0.00550	0.00308	0.00352	0.00528	0.00726	0.00968	0.02090	0.86424	0.02508	0.01188	0.00484	0.00154	0.00220	0.01078	0.00352	0.00308
49	0.00910	0.00569	0.00591	0.00518	0.00670	0.00608	0.00407	0.21551	0.07792	0.01672	0.01180	0.01288	0.00905	0.00451	0.00304	0.00098	0.00247	0.00357	0.59436	0.00447
50	0.00526	0.00387	0.00492	0.00466	0.00560	0.00353	0.00349	0.00695	0.01048	0.01461	0.74349	0.02932	0.13373	0.00798	0.00447	0.00120	0.00181	0.00700	0.00410	0.00353
51	0.01693	0.00659	0.00889	0.00681	0.00975	0.00578	0.00563	0.04511	0.01108	0.81874	0.01477	0.01278	0.00929	0.00469	0.00381	0.00117	0.00326	0.00380	0.00466	0.00645
52	0.00973	0.00826	0.00892	0.00826	0.03726	0.00947	0.00623	0.05446	0.76472	0.02554	0.01489	0.01376	0.01115	0.00506	0.00385	0.00127	0.00310	0.00422	0.00380	0.00603
53	0.01251	0.32764	0.01401	0.00844	0.01092	0.47106	0.00696	0.05188	0.04556	0.01011	0.00621	0.00698	0.00524	0.00375	0.00310	0.00094	0.00553	0.00242	0.00200	0.00473
54	0.00490	0.00377	0.00449	0.00456	0.00548	0.00336	0.00336	0.00615	0.00921	0.01212	0.35031	0.19099	0.34920	0.00933	0.00457	0.00131	0.00196	0.02786	0.00378	0.00333
55	0.00840	0.06935	0.72803	0.01038	0.01564	0.00898	0.02766	0.01240	0.00819	0.06631	0.00726	0.00825	0.00512	0.00365	0.00356	0.00118	0.00537	0.00285	0.00181	0.00561
56	0.00987	0.01663	0.56968	0.01012	0.01487	0.00979	0.01175	0.28366	0.01127	0.01596	0.00757	0.00837	0.00535	0.00392	0.00367	0.00118	0.00513	0.00301	0.00233	0.00589
57	0.00465	0.00331	0.00439	0.00524	0.00546	0.00310	0.00348	0.00529	0.00720	0.00961	0.02061	0.83671	0.02471	0.03991	0.00531	0.00161	0.00225	0.01061	0.00348	0.00305
58	0.00542	0.00406	0.00610	0.00610	0.00677	0.00474	0.00474	0.00677	0.00610	0.00880	0.01016	0.01490	0.00948	0.02844	0.85169	0.00610	0.01016	0.00406	0.00203	0.00339
59	0.01221	0.10905	0.09313	0.04079	0.01318	0.41218	0.08418	0.14137	0.01082	0.01207	0.00657	0.00770	0.00521	0.00392	0.00378	0.00107	0.03284	0.00283	0.00215	0.00494
60	0.02013	0.00909	0.00943	0.00796	0.01035	0.03747	0.00637	0.33336	0.41429	0.01850	0.03794	0.01370	0.02634	0.00520	0.00388	0.00123	0.00354	0.03159	0.00375	0.00589
61	0.00558	0.00393	0.00509	0.00477	0.00573	0.00360	0.00359	0.00732	0.01064	0.03289	0.78567	0.02838	0.07293	0.00777	0.00446	0.00120	0.00183	0.00685	0.00416	0.00362
62	0.00468	0.00337	0.00445	0.00529	0.00559	0.00314	0.00360	0.00540	0.00739	0.00978	0.02170	0.78888	0.06365	0.01171	0.00484	0.00154	0.00224	0.04612	0.00352	0.00310
63	0.00499	0.00386	0.00455	0.00437	0.00543	0.00342	0.00328	0.00642	0.00984	0.01309	0.49820	0.03182	0.37996	0.00854	0.00448	0.00123	0.00185	0.00735	0.00390	0.00342
64	0.00862	0.36009	0.51549	0.00908	0.01374	0.01129	0.01100	0.01175	0.00789	0.01077	0.00619	0.00724	0.00483	0.00346	0.00313	0.00104	0.00498	0.00249	0.00161	0.00531
65	0.00961	0.00824	0.00868	0.00775	0.00993	0.00952	0.00605	0.04943	0.80663	0.01616	0.01521	0.01397	0.01139	0.00512	0.00386	0.00128	0.00304	0.00426	0.00386	0.00602
66	0.00786	0.00674	0.00786	0.00562	0.00899	0.00506	0.00449	0.00955	0.00786	0.01236	0.00674	0.00786	0.00562	0.00281	0.00281	0.00056	0.00281	0.00225	0.00225	0.88990
67	0.00461	0.00333	0.00437	0.00520	0.00548	0.00309	0.00348	0.00529	0.00734	0.00971	0.02189	0.81755	0.07113	0.01175	0.00482	0.00153	0.00218	0.01062	0.00352	0.00309
68	0.01662	0.00664	0.00915	0.00755	0.04872	0.00583	0.00588	0.03021	0.01085	0.79449	0.01451	0.01269	0.00919	0.00463	0.00381	0.00117	0.00330	0.00379	0.00455	0.00643
69	0.00828	0.01867	0.00804	0.00580	0.00899	0.00545	0.00464	0.02288	0.04687	0.04152	0.00791	0.03641	0.00667	0.00331	0.00297	0.00066	0.00285	0.00269	0.00246	0.76291
70	0.00543	0.00401	0.00582	0.00582	0.00641	0.00459	0.00440	0.00660	0.00601	0.00860	0.01041	0.01628	0.01008	0.14517	0.73578	0.00576	0.00926	0.00427	0.00207	0.00323
71	0.00552	0.00368	0.00414	0.00414	0.00414	0.00368	0.00230	0.00552	0.00552	0.00735	0.01195	0.02482	0.01379	0.86672	0.01930	0.00368	0.00368	0.00552	0.00230	0.00230
72	0.00891	0.00852	0.04374	0.24083	0.50135	0.00855	0.02469	0.02774	0.00857	0.04144	0.00793	0.03651	0.00662	0.00391	0.00383	0.00119	0.00459	0.01364	0.00203	0.00541
73	0.28429	0.35978	0.05065	0.00748	0.03981	0.17379	0.00645	0.02072	0.00806	0.01192	0.00557	0.00649	0.00469	0.00349	0.00271	0.00099	0.00433	0.00221	0.00194	0.00463
74	0.00898	0.00563	0.00573	0.00507	0.00650	0.02195	0.00395	0.21994	0.01051	0.01635	0.01181	0.05250	0.00951	0.00479	0.00306	0.00098	0.00250	0.00382	0.60214	0.00428
75	0.00513	0.00368	0.00456	0.00502	0.00536	0.00357	0.00331	0.00618	0.04591	0.00980	0.07965	0.52466	0.04439	0.23060	0.00847	0.00204	0.00258	0.00876	0.00327	0.00306

[dist]
# distance from previous block
# <min> <max>
0	3

[block]
# block no. 4 follows, 72 sequences, length 30
# corresponding to MSA columns:
# 258-287
name=unknown_E
#
# <colnr> <probs for GDERKNQSTAVLIFYWHMCP>
#	G	D	E	R	K	N	Q	S	T	A	V	L	I	F	Y	W	H	M	C	P
0	0.01422	0.00719	0.00943	0.00757	0.00967	0.02879	0.00623	0.03966	0.00979	0.55974	0.03919	0.02344	0.00919	0.00533	0.00592	0.00129	0.20995	0.00384	0.00383	0.00571
1	0.01057	0.25154	0.04297	0.01052	0.03447	0.07337	0.24811	0.08303	0.04119	0.07348	0.03217	0.00938	0.00680	0.00395	0.00418	0.00112	0.06226	0.00340	0.00232	0.00517
2	0.00958	0.68293	0.20108	0.00744	0.01120	0.01365	0.00814	0.01150	0.00777	0.00960	0.00561	0.00651	0.00485	0.00332	0.00269	0.00090	0.00440	0.00220	0.00162	0.00503
3	0.00467	0.00333	0.00445	0.00533	0.00557	0.00312	0.00360	0.00536	0.00731	0.00973	0.02088	0.83945	0.02499	0.01184	0.00485	0.00155	0.00224	0.03513	0.00352	0.00309
4	0.01026	0.84391	0.01960	0.00659	0.00979	0.03967	0.00651	0.01147	0.00780	0.00893	0.00529	0.00611	0.00487	0.00326	0.00246	0.00082	0.00414	0.00204	0.00163	0.00485
5	0.00891	0.45651	0.42159	0.00859	0.01298	0.01200	0.01014	0.01167	0.00785	0.01042	0.00602	0.00702	0.00484	0.00342	0.00300	0.00100	0.00481	0.00240	0.00161	0.00523
6	0.00486	0.00360	0.00512	0.00572	0.00611	0.00338	0.03222	0.00568	0.00747	0.00998	0.04034	0.77704	0.02453	0.01142	0.00484	0.00153	0.00239	0.04713	0.00348	0.00318
7	0.01396	0.01774	0.01078	0.00978	0.01166	0.82242	0.00736	0.01494	0.01058	0.00928	0.00583	0.00689	0.00489	0.00400	0.00373	0.00100	0.03636	0.00247	0.00194	0.00439
8	0.00448	0.00384	0.00384	0.00384	0.00512	0.00320	0.00288	0.00544	0.00864	0.01025	0.03842	0.03650	0.84152	0.00960	0.00448	0.00128	0.00192	0.00800	0.00352	0.00320
9	0.00761	0.01962	0.84707	0.01081	0.01641	0.00881	0.01401	0.01201	0.00801	0.01201	0.00681	0.00801	0.00480	0.00360	0.00360	0.00120	0.00560	0.00280	0.00160	0.00560
10	0.00449	0.00383	0.00386	0.00388	0.00513	0.00320	0.00290	0.00544	0.00861	0.01023	0.03794	0.05927	0.81906	0.00967	0.00449	0.00129	0.00193	0.00808	0.00352	0.00320
11	0.00474	0.00385	0.00420	0.00411	0.00528	0.00331	0.00308	0.00594	0.00925	0.01168	0.26977	0.03414	0.60927	0.00907	0.00448	0.00126	0.00188	0.00767	0.00371	0.00331
12	0.00723	0.00681	0.01149	0.83308	0.05013	0.00844	0.01057	0.00975	0.00761	0.00977	0.00675	0.01009	0.00508	0.00378	0.00379	0.00126	0.00504	0.00337	0.00169	0.00427
13	0.01417	0.01808	0.01075	0.00977	0.01172	0.85149	0.00733	0.01514	0.01075	0.00928	0.00586	0.00684	0.00489	0.00391	0.00342	0.00098	0.00684	0.00244	0.00195	0.00440
14	0.00959	0.00818	0.01062	0.06864	0.23698	0.00903	0.00784	0.03074	0.49209	0.04755	0.01257	0.01305	0.00967	0.00466	0.00385	0.00124	0.00359	0.02104	0.00320	0.00586
15	0.00472	0.00338	0.00449	0.00521	0.00552	0.00315	0.00353	0.00553	0.00772	0.01041	0.12954	0.75351	0.02650	0.01133	0.00479	0.00149	0.00215	0.01026	0.00361	0.00315
16	0.00542	0.00406	0.00610	0.00610	0.00677	0.00474	0.00474	0.00677	0.00610	0.00880	0.01016	0.01490	0.00948	0.02844	0.85169	0.00610	0.01016	0.00406	0.00203	0.00339
17	0.00922	0.00884	0.01509	0.08560	0.78204	0.00897	0.01156	0.01149	0.00856	0.01219	0.00710	0.00944	0.00594	0.00341	0.00376	0.00114	0.00455	0.00338	0.00186	0.00587
18	0.01583	0.01099	0.00965	0.00797	0.01055	0.32093	0.00631	0.05742	0.01116	0.49351	0.01128	0.01046	0.00757	0.00439	0.00367	0.00110	0.00462	0.00328	0.00363	0.00569
19	0.00542	0.00406	0.00610	0.00610	0.00677	0.00474	0.00474	0.00677	0.00610	0.00880	0.01016	0.01490	0.00948	0.02844	0.85169	0.00610	0.01016	0.00406	0.00203	0.00339
20	0.00462	0.00332	0.00438	0.00523	0.00549	0.00308	0.00350	0.00529	0.00731	0.00970	0.02146	0.83787	0.05109	0.01181	0.00483	0.00153	0.00219	0.01069	0.00352	0.00308
21	0.00800	0.01850	0.73857	0.01108	0.01633	0.02402	0.07007	0.03191	0.00832	0.01220	0.00687	0.00817	0.00491	0.00366	0.00384	0.00121	0.02217	0.00294	0.00168	0.00554
22	0.01061	0.75363	0.03545	0.00672	0.00990	0.01406	0.00663	0.02472	0.00805	0.06999	0.00606	0.00672	0.00522	0.00346	0.00284	0.00087	0.02595	0.00223	0.00188	0.00500
23	0.00551	0.00369	0.00421	0.00421	0.00424	0.00372	0.00240	0.00557	0.00554	0.00741	0.01188	0.02442	0.01362	0.83338	0.05240	0.00377	0.00393	0.00546	0.00229	0.00234
24	0.00753	0.02614	0.00852	0.00748	0.00820	0.04075	0.00603	0.00885	0.01821	0.05539	0.07233	0.01365	0.00998	0.02754	0.37114	0.00348	0.29206	0.01655	0.00226	0.00392
25	0.02422	0.07927	0.10595	0.11912	0.08414	0.26727	0.05911	0.07086	0.02029	0.08023	0.00730	0.00857	0.00561	0.00398	0.00401	0.00113	0.04868	0.00302	0.00222	0.00504
26	0.00556	0.00368	0.00430	0.00430	0.00434	0.00372	0.00250	0.00556	0.00552	0.00740	0.01156	0.02352	0.01315	0.77092	0.07052	0.04948	0.00406	0.00531	0.00225	0.00233
27	0.00660	0.00407	0.00472	0.00442	0.00551	0.00385	0.00336	0.03377	0.00973	0.04750	0.39102	0.02320	0.12720	0.00660	0.00379	0.00109	0.00193	0.00562	0.31229	0.00372
28	0.03616	0.01205	0.05422	0.05743	0.06843	0.25689	0.11448	0.15148	0.12040	0.03888	0.00900	0.02056	0.00715	0.00436	0.00379	0.00117	0.00512	0.03058	0.00264	0.00521
29	0.01043	0.03355	0.10921	0.04979	0.07774	0.03175	0.00791	0.19110	0.40265	0.02830	0.01146	0.01135	0.00854	0.00454	0.00375	0.00121	0.00391	0.00369	0.00322	0.00590

[dist]
# distance from previous block
# <min> <max>
1	5

[block]
# block no. 5 follows, 72 sequences, length 31
# corresponding to MSA columns:
# 293-298,303-327
name=unknown_F
#
# <colnr> <probs for GDERKNQSTAVLIFYWHMCP>
#	G	D	E	R	K	N	Q	S	T	A	V	L	I	F	Y	W	H	M	C	P
0	0.46902	0.16309	0.05634	0.00611	0.00892	0.02397	0.00548	0.06694	0.04590	0.01500	0.00643	0.01685	0.00519	0.00365	0.00269	0.00105	0.00342	0.00241	0.00234	0.09521
1	0.18097	0.05935	0.19891	0.00816	0.01146	0.02730	0.03125	0.14913	0.19272	0.07716	0.00932	0.00948	0.00682	0.00413	0.00341	0.00117	0.00402	0.00315	0.00286	0.01922
2	0.00808	0.00668	0.00776	0.00565	0.00888	0.00519	0.00451	0.01012	0.04110	0.02878	0.00744	0.00843	0.00607	0.00299	0.00286	0.00061	0.00279	0.00240	0.03282	0.80681
3	0.01134	0.11688	0.01014	0.00736	0.00984	0.00940	0.00600	0.06756	0.49964	0.18508	0.01362	0.01257	0.00994	0.00476	0.00365	0.00119	0.00323	0.00384	0.01803	0.00594
4	0.05410	0.04509	0.01197	0.11002	0.16495	0.02041	0.07554	0.14831	0.02173	0.24753	0.00982	0.01076	0.00712	0.02698	0.01451	0.00128	0.00424	0.00354	0.01650	0.00559
5	0.00849	0.17765	0.61868	0.01007	0.01504	0.01015	0.04110	0.05547	0.00851	0.01207	0.00667	0.00778	0.00494	0.00357	0.00343	0.00113	0.00527	0.00275	0.00173	0.00549
6	0.00636	0.00442	0.00523	0.00490	0.00616	0.00412	0.00374	0.02080	0.06595	0.07250	0.38790	0.05960	0.28779	0.00802	0.00436	0.00124	0.00210	0.02262	0.02836	0.00385
7	0.00606	0.00433	0.00606	0.00693	0.00778	0.00433	0.00603	0.00778	0.00868	0.01130	0.02011	0.06847	0.02193	0.01052	0.00523	0.00174	0.00345	0.79230	0.00349	0.00348
8	0.04440	0.02374	0.04262	0.02419	0.03983	0.03181	0.15835	0.28098	0.08560	0.05001	0.01047	0.07499	0.02513	0.00499	0.00446	0.00123	0.06034	0.00423	0.02726	0.00536
9	0.03233	0.09543	0.30182	0.15107	0.03608	0.05236	0.04086	0.04695	0.05587	0.04539	0.00818	0.03334	0.00651	0.00409	0.00357	0.00115	0.00475	0.01993	0.00215	0.05819
10	0.00508	0.00374	0.00432	0.00460	0.00545	0.00331	0.00328	0.00593	0.00809	0.03734	0.05060	0.33545	0.42316	0.06085	0.00549	0.00152	0.00221	0.03284	0.00350	0.00323
11	0.00464	0.00332	0.00442	0.00527	0.00551	0.00310	0.00352	0.00534	0.00737	0.00985	0.04560	0.83907	0.02541	0.01176	0.00483	0.00153	0.00219	0.01066	0.00354	0.00310
12	0.10737	0.03141	0.28861	0.01846	0.03432	0.07291	0.03773	0.14134	0.06258	0.10603	0.03373	0.01018	0.00726	0.01817	0.00383	0.00121	0.00454	0.01223	0.00267	0.00542
13	0.00546	0.00366	0.00419	0.00425	0.00427	0.00366	0.00242	0.00552	0.00564	0.00753	0.01248	0.07793	0.01442	0.79597	0.03472	0.00359	0.00371	0.00582	0.00237	0.00237
14	0.00761	0.01962	0.84707	0.01081	0.01641	0.00881	0.01401	0.01201	0.00801	0.01201	0.00681	0.00801	0.00480	0.00360	0.00360	0.00120	0.00560	0.00280	0.00160	0.00560
15	0.04014	0.00659	0.00879	0.00675	0.00968	0.00582	0.00558	0.04035	0.01093	0.80142	0.01455	0.01263	0.00917	0.00466	0.00377	0.00117	0.00325	0.00376	0.00461	0.00639
16	0.01014	0.86900	0.01987	0.00649	0.00973	0.01501	0.00649	0.01136	0.00771	0.00892	0.00527	0.00608	0.00487	0.00324	0.00243	0.00081	0.00406	0.00203	0.00162	0.00487
17	0.00744	0.00703	0.01188	0.75195	0.12957	0.00850	0.01067	0.00994	0.00772	0.01003	0.00679	0.01002	0.00518	0.00374	0.00379	0.00125	0.00499	0.00337	0.00171	0.00444
18	0.00716	0.00674	0.01138	0.85760	0.02612	0.00843	0.01053	0.00969	0.00758	0.00969	0.00674	0.01011	0.00506	0.00379	0.00379	0.00126	0.00506	0.00337	0.00169	0.00421
19	0.01280	0.00734	0.00867	0.00707	0.00952	0.00749	0.00569	0.18527	0.21474	0.34399	0.11911	0.01502	0.03527	0.00530	0.00392	0.00120	0.00315	0.00435	0.00421	0.00589
20	0.00454	0.00381	0.00394	0.00398	0.00518	0.00321	0.00296	0.00552	0.00866	0.01046	0.07857	0.08965	0.74723	0.00966	0.00451	0.00129	0.00193	0.00812	0.00356	0.00321
21	0.01400	0.01773	0.01067	0.00970	0.01166	0.82252	0.00728	0.01532	0.03915	0.00951	0.00619	0.00709	0.00512	0.00395	0.00343	0.00099	0.00671	0.00251	0.00202	0.00445
22	0.00448	0.00384	0.00384	0.00384	0.00512	0.00320	0.00288	0.00544	0.00864	0.01025	0.03842	0.03650	0.84152	0.00960	0.00448	0.00128	0.00192	0.00800	0.00352	0.00320
23	0.01181	0.00820	0.00908	0.00768	0.01014	0.00902	0.00611	0.15230	0.53197	0.18851	0.01430	0.01307	0.01029	0.00496	0.00384	0.00124	0.00324	0.00405	0.00402	0.00617
24	0.00460	0.00349	0.00424	0.00482	0.00539	0.00313	0.00332	0.00538	0.00779	0.01001	0.04923	0.58232	0.28047	0.01106	0.00472	0.00145	0.00210	0.00980	0.00354	0.00313
25	0.01417	0.01808	0.01075	0.00977	0.01172	0.85149	0.00733	0.01514	0.01075	0.00928	0.00586	0.00684	0.00489	0.00391	0.00342	0.00098	0.00684	0.00244	0.00195	0.00440
26	0.01442	0.01062	0.01138	0.00873	0.01176	0.01176	0.00721	0.83041	0.01783	0.02390	0.00911	0.00911	0.00645	0.00455	0.00379	0.00114	0.00417	0.00341	0.00379	0.00645
27	0.00520	0.00358	0.00425	0.00455	0.00470	0.00348	0.00280	0.00549	0.00630	0.00832	0.01628	0.28795	0.05947	0.53601	0.01370	0.00284	0.00312	0.02656	0.00277	0.00262
28	0.46876	0.02450	0.02786	0.00855	0.01123	0.18335	0.17975	0.03370	0.00822	0.01433	0.00604	0.00728	0.00470	0.00356	0.00308	0.00115	0.00458	0.00270	0.00219	0.00448
29	0.01115	0.01002	0.00987	0.00844	0.01080	0.11659	0.02930	0.20258	0.52360	0.01675	0.01258	0.01197	0.00941	0.00480	0.00381	0.00121	0.00385	0.00386	0.00355	0.00588
30	0.08046	0.05630	0.42144	0.00902	0.01315	0.03117	0.03259	0.11817	0.02316	0.01372	0.00806	0.02179	0.02746	0.00396	0.00359	0.00111	0.01892	0.00305	0.00216	0.11071

[dist]
# distance from previous block
# <min> <max>
0	6

[block]
# block no. 6 follows, 72 sequences, length 25
# corresponding to MSA columns:
# 334-346,369-380
name=unknown_G
#
# <colnr> <probs for GDERKNQSTAVLIFYWHMCP>
#	G	D	E	R	K	N	Q	S	T	A	V	L	I	F	Y	W	H	M	C	P
0	0.00462	0.00345	0.00430	0.00492	0.00542	0.00313	0.00338	0.00541	0.00774	0.01007	0.06358	0.63353	0.21432	0.01116	0.00474	0.00146	0.00212	0.00995	0.00355	0.00313
1	0.01260	0.18533	0.01248	0.00804	0.01092	0.04207	0.00677	0.45823	0.16260	0.03661	0.00944	0.00938	0.00705	0.00435	0.00350	0.00108	0.00399	0.00325	0.00329	0.01902
2	0.01020	0.00855	0.01275	0.03156	0.48871	0.00839	0.00915	0.13515	0.01001	0.06564	0.00858	0.00995	0.02579	0.00369	0.00362	0.00104	0.00403	0.00333	0.00244	0.15743
3	0.02718	0.15770	0.40531	0.00968	0.03211	0.06307	0.05459	0.04179	0.02055	0.12296	0.02577	0.00894	0.00631	0.00382	0.00348	0.00112	0.00491	0.00300	0.00224	0.00546
4	0.00824	0.34067	0.11280	0.01971	0.01105	0.02734	0.12244	0.01016	0.02166	0.02192	0.01064	0.23263	0.01094	0.00582	0.00365	0.00116	0.00411	0.02825	0.00230	0.00450
5	0.00801	0.00761	0.01291	0.53867	0.33841	0.00865	0.01096	0.01044	0.00799	0.01072	0.00689	0.00983	0.00542	0.00363	0.00378	0.00121	0.00485	0.00337	0.00176	0.00490
6	0.02107	0.00747	0.01128	0.21136	0.18527	0.02697	0.06504	0.07513	0.00938	0.18714	0.02467	0.10697	0.00928	0.02504	0.00442	0.00129	0.01584	0.00445	0.00281	0.00511
7	0.00969	0.07098	0.12435	0.06944	0.45489	0.00977	0.07398	0.11756	0.00964	0.01340	0.00723	0.00905	0.00575	0.00356	0.00370	0.00114	0.00475	0.00330	0.00206	0.00575
8	0.00468	0.00334	0.00447	0.00535	0.00559	0.00313	0.00362	0.00538	0.00732	0.00975	0.02087	0.83173	0.02495	0.01183	0.00486	0.00155	0.00225	0.04271	0.00352	0.00310
9	0.00524	0.00373	0.00497	0.00525	0.00558	0.00391	0.00363	0.00596	0.00631	0.00866	0.01411	0.26556	0.01571	0.29295	0.31625	0.00388	0.00559	0.02717	0.00259	0.00295
10	0.00786	0.00674	0.00786	0.00562	0.00899	0.00506	0.00449	0.00955	0.00786	0.01236	0.00674	0.00786	0.00562	0.00281	0.00281	0.00056	0.00281	0.00225	0.00225	0.88990
11	0.01152	0.07712	0.12336	0.02919	0.04370	0.16115	0.04800	0.20574	0.14324	0.06440	0.00924	0.00968	0.00689	0.00418	0.00359	0.00112	0.00462	0.00327	0.04449	0.00551
