[name]
unknown

[dist]
# distance from previous block
# <min> <max>
0	12

[block]
# block no. 0 follows, 72 sequences, length 16
# corresponding to MSA columns:
# 12-27
name=unknown_A
#
# <colnr> <probs for GDERKNQSTAVLIFYWHMCP>
#	G	D	E	R	K	N	Q	S	T	A	V	L	I	F	Y	W	H	M	C	P
0	0.01491	0.00634	0.00836	0.00672	0.00932	0.00574	0.00550	0.04298	0.05945	0.65860	0.01614	0.05214	0.03868	0.00552	0.00396	0.00123	0.00317	0.05076	0.00446	0.00600
1	0.01263	0.04437	0.01058	0.00845	0.01098	0.17288	0.00675	0.34820	0.28762	0.04231	0.01061	0.01034	0.00788	0.00458	0.00369	0.00114	0.00427	0.00348	0.00340	0.00584
2	0.00974	0.21067	0.35373	0.00999	0.06671	0.03280	0.02813	0.09001	0.10535	0.04632	0.00802	0.00869	0.00605	0.00382	0.00342	0.00111	0.00470	0.00296	0.00223	0.00558
3	0.00546	0.00417	0.00543	0.00628	0.03417	0.02091	0.00429	0.03062	0.00762	0.01017	0.01830	0.63207	0.02121	0.01336	0.11831	0.00213	0.00357	0.05533	0.00324	0.00337
4	0.02725	0.04574	0.03944	0.00722	0.03115	0.09799	0.02392	0.06896	0.00901	0.04536	0.00708	0.00802	0.00567	0.00321	0.00305	0.00075	0.00364	0.00250	0.00236	0.56770
5	0.01524	0.00756	0.03531	0.00712	0.01003	0.00685	0.00601	0.17690	0.03332	0.58408	0.03114	0.01337	0.04521	0.00492	0.00385	0.00118	0.00340	0.00396	0.00434	0.00622
6	0.00653	0.00333	0.00500	0.00500	0.00503	0.00336	0.00336	0.00503	0.00500	0.00669	0.00676	0.01169	0.00672	0.01390	0.05428	0.84800	0.00362	0.00333	0.00167	0.00173
7	0.01161	0.00967	0.02565	0.02836	0.40050	0.06856	0.09781	0.12566	0.02553	0.15576	0.00885	0.00994	0.00661	0.00382	0.00382	0.00115	0.00461	0.00352	0.00266	0.00590
8	0.01044	0.07712	0.17418	0.01268	0.26441	0.00812	0.03316	0.03321	0.03668	0.20180	0.02179	0.05997	0.04049	0.00458	0.00376	0.00117	0.00412	0.00397	0.00275	0.00562
9	0.00465	0.00332	0.00443	0.00526	0.00551	0.00310	0.00352	0.00536	0.00740	0.00990	0.05378	0.83074	0.02551	0.01172	0.00483	0.00153	0.00218	0.01062	0.00355	0.00310
10	0.00886	0.01152	0.16247	0.01471	0.06527	0.02263	0.57058	0.01206	0.00888	0.03106	0.02904	0.01101	0.00681	0.00361	0.00427	0.00126	0.00590	0.02286	0.00202	0.00519
11	0.01101	0.05680	0.19364	0.01208	0.12454	0.03761	0.16449	0.14447	0.05764	0.13378	0.00891	0.00971	0.00646	0.00393	0.00393	0.00118	0.01795	0.00348	0.00264	0.00574
12	0.00675	0.00617	0.00861	0.00784	0.00835	0.00762	0.03781	0.00829	0.05787	0.00989	0.01372	0.25954	0.08546	0.01000	0.07829	0.00192	0.37941	0.00606	0.00254	0.00384
13	0.00685	0.00585	0.00837	0.09398	0.00973	0.00739	0.00633	0.04328	0.00663	0.00955	0.00834	0.01285	0.00784	0.07396	0.42378	0.00391	0.26176	0.00384	0.00198	0.00376
14	0.01095	0.40102	0.10368	0.00963	0.08884	0.15430	0.03651	0.06625	0.02990	0.04385	0.00667	0.00757	0.00545	0.00365	0.00325	0.00099	0.01767	0.00263	0.00203	0.00516
15	0.02798	0.05586	0.05963	0.02076	0.12318	0.06281	0.03306	0.31616	0.14161	0.09307	0.00963	0.00990	0.00708	0.00430	0.00382	0.00115	0.01753	0.00342	0.00313	0.00592

[dist]
# distance from previous block
# <min> <max>
2	5

[block]
# block no. 1 follows, 72 sequences, length 23
# corresponding to MSA columns:
# 33-55
name=unknown_B
#
# <colnr> <probs for GDERKNQSTAVLIFYWHMCP>
#	G	D	E	R	K	N	Q	S	T	A	V	L	I	F	Y	W	H	M	C	P
0	0.00486	0.00353	0.00427	0.00476	0.00514	0.00329	0.00315	0.00544	0.00712	0.00924	0.02199	0.46702	0.18030	0.22996	0.00848	0.00204	0.00256	0.03072	0.00321	0.00292
1	0.00857	0.02671	0.00890	0.00789	0.05490	0.10786	0.05127	0.14074	0.02518	0.01499	0.41036	0.01921	0.05291	0.00610	0.00438	0.00116	0.03160	0.00516	0.00339	0.01872
2	0.00485	0.00352	0.00459	0.00511	0.00559	0.00326	0.00357	0.00585	0.00829	0.01119	0.23255	0.56779	0.08307	0.01062	0.00473	0.00144	0.00212	0.03494	0.00369	0.00323
3	0.03393	0.00891	0.01367	0.12813	0.58003	0.03377	0.01043	0.07566	0.03252	0.01302	0.00818	0.01012	0.02730	0.00375	0.00374	0.00115	0.00447	0.00346	0.00212	0.00564
4	0.00947	0.33800	0.33900	0.00995	0.04636	0.01138	0.09295	0.07152	0.00879	0.03019	0.00668	0.00775	0.00519	0.00351	0.00327	0.00105	0.00490	0.00277	0.00188	0.00537
5	0.00906	0.00904	0.24788	0.00750	0.01012	0.00561	0.02598	0.01112	0.00848	0.24052	0.01445	0.32395	0.01376	0.00763	0.02749	0.00145	0.00377	0.00610	0.02129	0.00480
6	0.00552	0.00368	0.00414	0.00414	0.00414	0.00368	0.00230	0.00552	0.00552	0.00735	0.01195	0.02482	0.01379	0.86672	0.01930	0.00368	0.00368	0.00552	0.00230	0.00230
7	0.02831	0.05082	0.10903	0.01101	0.16105	0.00795	0.06797	0.09222	0.01042	0.40622	0.01089	0.01071	0.00740	0.00412	0.00373	0.00116	0.00409	0.00351	0.00335	0.00606
8	0.03394	0.00970	0.04092	0.01543	0.33952	0.03006	0.15320	0.17284	0.02580	0.12790	0.00874	0.00986	0.00650	0.00381	0.00385	0.00116	0.00462	0.00358	0.00268	0.00590
9	0.01042	0.80899	0.01923	0.00672	0.00987	0.07400	0.00655	0.01162	0.00792	0.00895	0.00531	0.00614	0.00487	0.00329	0.00250	0.00082	0.00425	0.00206	0.00165	0.00483
10	0.00947	0.00771	0.02408	0.00751	0.06973	0.02478	0.00561	0.08145	0.04040	0.08381	0.01983	0.00901	0.00666	0.00336	0.00314	0.00076	0.00322	0.00272	0.00263	0.59413
11	0.01004	0.10188	0.13657	0.01529	0.28701	0.07316	0.20274	0.07105	0.01955	0.03601	0.00739	0.00898	0.00577	0.00354	0.00374	0.00113	0.00516	0.00337	0.00207	0.00554
12	0.00716	0.00674	0.01138	0.85760	0.02612	0.00843	0.01053	0.00969	0.00758	0.00969	0.00674	0.01011	0.00506	0.00379	0.00379	0.00126	0.00506	0.00337	0.00169	0.00421
13	0.00589	0.00379	0.00439	0.00432	0.00446	0.00379	0.00253	0.00601	0.00572	0.03511	0.01196	0.02391	0.01342	0.79512	0.06163	0.00372	0.00400	0.00538	0.00236	0.00249
14	0.01053	0.14408	0.32163	0.01058	0.04505	0.10927	0.10808	0.13731	0.01007	0.05791	0.00737	0.00833	0.00548	0.00373	0.00356	0.00111	0.00522	0.00301	0.00219	0.00548
15	0.00934	0.00978	0.06962	0.05144	0.67430	0.02075	0.03336	0.02703	0.04441	0.01258	0.00749	0.00951	0.00612	0.00351	0.00377	0.00115	0.00461	0.00340	0.00197	0.00588
16	0.00531	0.00364	0.00451	0.00472	0.00488	0.00369	0.00298	0.00564	0.00601	0.00811	0.01369	0.22094	0.01566	0.52195	0.14306	0.01923	0.00431	0.00650	0.00253	0.00264
17	0.01373	0.01028	0.01118	0.00896	0.02846	0.02479	0.00722	0.67506	0.07563	0.04879	0.00945	0.00952	0.00681	0.00467	0.00422	0.00117	0.04667	0.00347	0.00365	0.00626
18	0.00796	0.00767	0.03999	0.40827	0.20410	0.00834	0.03017	0.01100	0.08763	0.02159	0.02271	0.01134	0.00701	0.04347	0.02307	0.01512	0.04015	0.00364	0.00206	0.00473
19	0.00903	0.00941	0.13052	0.02376	0.05075	0.00859	0.03314	0.04300	0.46293	0.04671	0.07948	0.01447	0.04269	0.00512	0.00409	0.00126	0.02185	0.00430	0.00333	0.00558
20	0.00550	0.00371	0.00447	0.00450	0.00461	0.00381	0.00274	0.00569	0.00565	0.00763	0.01182	0.05022	0.01329	0.68535	0.14777	0.02846	0.00462	0.00540	0.00228	0.00247
21	0.00998	0.07470	0.09261	0.01150	0.20275	0.07231	0.01777	0.08152	0.22884	0.04839	0.03675	0.03916	0.00905	0.00453	0.00377	0.00115	0.01364	0.00377	0.03112	0.01668
22	0.08366	0.01306	0.00949	0.00835	0.01042	0.45203	0.00640	0.15091	0.03731	0.08357	0.00876	0.07054	0.00739	0.01986	0.00381	0.00113	0.00516	0.00343	0.01991	0.00479

[dist]
# distance from previous block
# <min> <max>
1	10

[block]
# block no. 2 follows, 72 sequences, length 60
# corresponding to MSA columns:
# 66-125
name=unknown_C
#
# <colnr> <probs for GDERKNQSTAVLIFYWHMCP>
#	G	D	E	R	K	N	Q	S	T	A	V	L	I	F	Y	W	H	M	C	P
0	0.28290	0.23590	0.10623	0.00821	0.05566	0.10319	0.03142	0.07497	0.00860	0.02264	0.00614	0.00708	0.00491	0.00355	0.00291	0.00104	0.00424	0.00245	0.00213	0.03583
1	0.02398	0.03211	0.00934	0.00755	0.01905	0.05318	0.00599	0.29912	0.19850	0.09960	0.17084	0.01404	0.01335	0.00517	0.00383	0.00115	0.00344	0.00417	0.00373	0.03188
2	0.03593	0.08787	0.24114	0.01224	0.19126	0.04571	0.04269	0.10260	0.10441	0.02318	0.00806	0.00920	0.00625	0.00458	0.02711	0.00129	0.03287	0.00318	0.00227	0.01817
3	0.00467	0.00387	0.00404	0.00414	0.00523	0.00336	0.00301	0.00577	0.02793	0.01016	0.03425	0.14249	0.67379	0.05369	0.00527	0.00144	0.00207	0.00815	0.00347	0.00321
4	0.00470	0.00334	0.00441	0.00522	0.00543	0.00315	0.00346	0.00532	0.00712	0.00950	0.02008	0.79026	0.02401	0.07128	0.02176	0.00177	0.00245	0.01029	0.00341	0.00303
5	0.00521	0.00355	0.00425	0.00454	0.00463	0.00347	0.00274	0.00547	0.00622	0.00831	0.03344	0.30743	0.01808	0.55986	0.01410	0.00290	0.00314	0.00732	0.00275	0.00259
6	0.01014	0.86900	0.01987	0.00649	0.00973	0.01501	0.00649	0.01136	0.00771	0.00892	0.00527	0.00608	0.00487	0.00324	0.00243	0.00081	0.00406	0.00203	0.00162	0.00487
7	0.00549	0.00378	0.00468	0.00468	0.00487	0.00397	0.00298	0.00587	0.00568	0.00776	0.01145	0.02205	0.01259	0.63316	0.25122	0.00435	0.00548	0.00511	0.00222	0.00260
8	0.01442	0.01062	0.01138	0.00873	0.01176	0.01176	0.00721	0.83041	0.01783	0.02390	0.00911	0.00911	0.00645	0.00455	0.00379	0.00114	0.00417	0.00341	0.00379	0.00645
9	0.00939	0.00901	0.01539	0.02328	0.84306	0.00901	0.01164	0.01164	0.00864	0.01239	0.00713	0.00939	0.00601	0.00338	0.00375	0.00113	0.00451	0.00338	0.00188	0.00601
10	0.01401	0.01781	0.01077	0.00978	0.01168	0.82872	0.00735	0.01498	0.01061	0.00928	0.00584	0.00688	0.00489	0.00398	0.00366	0.00100	0.02996	0.00247	0.00195	0.00439
11	0.00489	0.00355	0.00439	0.02225	0.00551	0.00337	0.00324	0.00546	0.00702	0.00916	0.02095	0.49852	0.14732	0.23626	0.00857	0.00206	0.00260	0.00882	0.00316	0.00292
12	0.00482	0.00373	0.00438	0.00448	0.00537	0.00331	0.00325	0.00597	0.00898	0.01171	0.29903	0.21915	0.37958	0.02293	0.00479	0.00135	0.00197	0.00821	0.00372	0.00328
13	0.01070	0.23666	0.01199	0.00779	0.01020	0.18093	0.00639	0.01680	0.43816	0.02607	0.01082	0.01053	0.00842	0.00439	0.00339	0.00110	0.00406	0.00331	0.00290	0.00539
14	0.02220	0.46213	0.24574	0.00870	0.02849	0.06081	0.04848	0.04483	0.00844	0.01081	0.00607	0.00708	0.00499	0.00343	0.00300	0.00097	0.00473	0.00247	0.00177	0.02485
15	0.00808	0.11829	0.62185	0.00991	0.01481	0.02247	0.03081	0.01170	0.00797	0.01157	0.00658	0.00781	0.00491	0.00355	0.00360	0.00110	0.02406	0.00270	0.00168	0.08655
16	0.00692	0.00576	0.00620	0.00572	0.00732	0.00601	0.00439	0.03432	0.34135	0.01388	0.19124	0.02512	0.32216	0.00730	0.00421	0.00126	0.00239	0.00615	0.00380	0.00449
17	0.00502	0.00356	0.00469	0.00548	0.02626	0.00337	0.00354	0.00559	0.00716	0.00957	0.06025	0.59536	0.05124	0.14241	0.00745	0.04190	0.00252	0.01836	0.00324	0.00300
18	0.07969	0.19427	0.07039	0.01030	0.13561	0.03492	0.06894	0.11386	0.00995	0.21158	0.00867	0.00909	0.00633	0.00382	0.00339	0.00107	0.00419	0.00308	0.00276	0.02808
19	0.00905	0.00644	0.00921	0.00976	0.14254	0.02521	0.07075	0.03862	0.09738	0.16448	0.01524	0.36505	0.01510	0.00737	0.00428	0.00133	0.00335	0.00669	0.00336	0.00478
20	0.00462	0.00330	0.00440	0.00528	0.00550	0.00308	0.00352	0.00528	0.00726	0.00968	0.02090	0.86424	0.02508	0.01188	0.00484	0.00154	0.00220	0.01078	0.00352	0.00308
21	0.00537	0.00388	0.00467	0.00469	0.00549	0.00358	0.00333	0.00669	0.03034	0.03030	0.31046	0.21562	0.23023	0.12037	0.00645	0.00162	0.00222	0.00771	0.00363	0.00334
22	0.02260	0.05528	0.21313	0.02327	0.19700	0.09521	0.19323	0.07626	0.01822	0.05864	0.00760	0.00901	0.00574	0.00363	0.00377	0.00115	0.00528	0.00334	0.00215	0.00550
23	0.00465	0.00333	0.00441	0.00523	0.00550	0.00310	0.00351	0.00536	0.00742	0.00990	0.05221	0.81397	0.04400	0.01167	0.00482	0.00152	0.00218	0.01057	0.00355	0.00310
24	0.01550	0.00611	0.00830	0.00651	0.00916	0.00530	0.00532	0.01697	0.01075	0.73856	0.09914	0.03756	0.01250	0.00520	0.00391	0.00119	0.00305	0.00431	0.00461	0.00607
25	0.00859	0.03409	0.11994	0.25729	0.42124	0.00906	0.05120	0.02088	0.02004	0.01165	0.00709	0.00943	0.00562	0.00355	0.00375	0.00118	0.00486	0.00333	0.00183	0.00538
26	0.00823	0.05063	0.62881	0.01155	0.01664	0.00912	0.17464	0.01219	0.00826	0.03468	0.00714	0.00851	0.00512	0.00354	0.00374	0.00120	0.00564	0.00313	0.00175	0.00550
27	0.03195	0.00664	0.00885	0.00680	0.00973	0.00588	0.00562	0.05188	0.01107	0.79753	0.01455	0.01264	0.00918	0.00467	0.00379	0.00117	0.00326	0.00377	0.00462	0.00641
28	0.31305	0.08527	0.04576	0.02856	0.23721	0.18571	0.03091	0.01217	0.00821	0.01295	0.00607	0.00744	0.00495	0.00354	0.00310	0.00109	0.00453	0.00262	0.00202	0.00484
29	0.00530	0.00383	0.00501	0.00482	0.00565	0.00353	0.00357	0.00699	0.01042	0.01471	0.76767	0.10313	0.03483	0.00812	0.00451	0.00122	0.00183	0.00721	0.00412	0.00353
30	0.00819	0.01670	0.63778	0.01084	0.05040	0.00867	0.03667	0.01297	0.09994	0.03833	0.00811	0.00908	0.00587	0.00418	0.01753	0.00128	0.00524	0.00308	0.00199	0.02317
31	0.16819	0.05407	0.17045	0.03433	0.24103	0.00921	0.11706	0.06092	0.04581	0.02722	0.03212	0.00933	0.00654	0.00373	0.00353	0.00117	0.00448	0.00326	0.00221	0.00533
32	0.00718	0.00502	0.00740	0.00868	0.13901	0.00486	0.02851	0.02634	0.02393	0.09082	0.01637	0.46307	0.03088	0.03818	0.03049	0.04467	0.00320	0.02425	0.00316	0.00398
33	0.00709	0.00666	0.01116	0.83346	0.02553	0.00828	0.01032	0.00957	0.00761	0.00971	0.00764	0.01086	0.02871	0.00396	0.00381	0.00126	0.00497	0.00350	0.00174	0.00418
34	0.00997	0.76743	0.10159	0.00698	0.01044	0.03156	0.00725	0.01150	0.00780	0.00924	0.00544	0.00629	0.00486	0.00329	0.00257	0.00085	0.00427	0.00211	0.00163	0.00493
35	0.01241	0.07846	0.15912	0.08479	0.12062	0.01822	0.05391	0.03588	0.00960	0.37361	0.01036	0.01048	0.00707	0.00404	0.00369	0.00115	0.00428	0.00341	0.00307	0.00582
36	0.00601	0.00429	0.00599	0.00684	0.00767	0.00427	0.00591	0.00769	0.00868	0.01132	0.03595	0.09224	0.02229	0.01051	0.00520	0.00172	0.00338	0.75307	0.00351	0.00347
37	0.00551	0.00369	0.00418	0.00418	0.00420	0.00370	0.00236	0.00554	0.00553	0.00739	0.01191	0.02459	0.01369	0.84710	0.03878	0.00373	0.00383	0.00548	0.00229	0.00232
38	0.01346	0.02515	0.02520	0.06155	0.26121	0.06950	0.00809	0.07763	0.01042	0.39306	0.01070	0.01074	0.00740	0.00413	0.00373	0.00114	0.00411	0.00348	0.00329	0.00599
39	0.89350	0.00733	0.00557	0.00499	0.00733	0.00851	0.00411	0.01115	0.00645	0.01702	0.00528	0.00616	0.00411	0.00352	0.00235	0.00117	0.00293	0.00205	0.00235	0.00411
40	0.00822	0.15630	0.64164	0.01085	0.05832	0.00987	0.03059	0.02172	0.00813	0.01168	0.00662	0.00783	0.00492	0.00354	0.00344	0.00113	0.00530	0.00275	0.00165	0.00551
41	0.00887	0.00837	0.01273	0.03322	0.27918	0.01002	0.02800	0.01033	0.00713	0.03537	0.00619	0.00884	0.00551	0.00512	0.00834	0.00138	0.45996	0.00331	0.00187	0.06627
42	0.00457	0.00385	0.00396	0.00393	0.00518	0.00324	0.00295	0.00561	0.00885	0.01074	0.11833	0.03569	0.76130	0.00942	0.00448	0.00127	0.00191	0.00789	0.00359	0.00324
43	0.01417	0.01808	0.01075	0.00977	0.01172	0.85149	0.00733	0.01514	0.01075	0.00928	0.00586	0.00684	0.00489	0.00391	0.00342	0.00098	0.00684	0.00244	0.00195	0.00440
44	0.00805	0.00675	0.02533	0.00622	0.00747	0.03363	0.00455	0.08122	0.31765	0.01212	0.01268	0.01843	0.01181	0.41469	0.02138	0.00246	0.00369	0.00470	0.00298	0.00419
45	0.01070	0.00877	0.00929	0.00797	0.01034	0.01002	0.00631	0.22571	0.62859	0.01790	0.01383	0.01287	0.01028	0.00500	0.00384	0.00125	0.00330	0.00407	0.00384	0.00612
46	0.00761	0.01962	0.84707	0.01081	0.01641	0.00881	0.01401	0.01201	0.00801	0.01201	0.00681	0.00801	0.00480	0.00360	0.00360	0.00120	0.00560	0.00280	0.00160	0.00560
47	0.15615	0.46757	0.05047	0.00859	0.07949	0.13768	0.03144	0.01196	0.00808	0.01082	0.00565	0.00669	0.00486	0.00341	0.00279	0.00095	0.00446	0.00231	0.00182	0.00480
48	0.00716	0.00674	0.01138	0.85760	0.02612	0.00843	0.01053	0.00969	0.00758	0.00969	0.00674	0.01011	0.00506	0.00379	0.00379	0.00126	0.00506	0.00337	0.00169	0.00421
49	0.01694	0.00657	0.00887	0.00680	0.00974	0.00574	0.00562	0.04075	0.01105	0.82315	0.01480	0.01280	0.00931	0.00469	0.00381	0.00117	0.00325	0.00380	0.00467	0.00645
50	0.00537	0.00388	0.00507	0.00477	0.00567	0.00358	0.00358	0.00716	0.01074	0.01521	0.84106	0.02833	0.03578	0.00775	0.00447	0.00119	0.00179	0.00686	0.00417	0.00358
51	0.00508	0.00371	0.00523	0.00561	0.00604	0.00396	0.00405	0.00605	0.00655	0.00907	0.01487	0.37799	0.01645	0.08122	0.43095	0.00398	0.00630	0.00703	0.00269	0.00318
52	0.00830	0.00830	0.01162	0.00996	0.00996	0.01162	0.00830	0.00913	0.00581	0.00913	0.00498	0.00830	0.00498	0.00664	0.01245	0.00166	0.85977	0.00332	0.00166	0.00415
53	0.00676	0.00466	0.00578	0.00525	0.00659	0.00437	0.00404	0.00930	0.08968	0.07971	0.55063	0.02583	0.10191	0.00724	0.00430	0.00119	0.00214	0.03322	0.00400	0.05339
54	0.01702	0.00645	0.00880	0.00675	0.00968	0.00557	0.00557	0.01848	0.01085	0.84568	0.01496	0.01291	0.00939	0.00469	0.00381	0.00117	0.00323	0.00381	0.00469	0.00645
55	0.00462	0.00330	0.00440	0.00528	0.00550	0.00308	0.00352	0.00528	0.00726	0.00968	0.02090	0.86424	0.02508	0.01188	0.00484	0.00154	0.00220	0.01078	0.00352	0.00308
56	0.00716	0.00674	0.01138	0.85760	0.02612	0.00843	0.01053	0.00969	0.00758	0.00969	0.00674	0.01011	0.00506	0.00379	0.00379	0.00126	0.00506	0.00337	0.00169	0.00421
57	0.01376	0.11614	0.01177	0.00933	0.01146	0.73903	0.00720	0.01477	0.01040	0.02490	0.00596	0.00687	0.00497	0.00385	0.00331	0.00096	0.00645	0.00242	0.00197	0.00449
58	0.00627	0.00503	0.00671	0.17677	0.01024	0.00533	0.00518	0.00915	0.11773	0.01308	0.42177	0.05600	0.04135	0.08550	0.00560	0.00145	0.00282	0.00579	0.00338	0.02086
59	0.19010	0.02045	0.01961	0.02719	0.03910	0.07056	0.00634	0.29114	0.07416	0.15192	0.00945	0.02622	0.00697	0.00434	0.00344	0.00113	0.00382	0.00326	0.00327	0.04754

[dist]
# distance from previous block
# <min> <max>
3	9

[block]
# block no. 3 follows, 72 sequences, length 6
# corresponding to MSA columns:
# 145-150
name=unknown_D
#
# <colnr> <probs for GDERKNQSTAVLIFYWHMCP>
#	G	D	E	R	K	N	Q	S	T	A	V	L	I	F	Y	W	H	M	C	P
0	0.04514	0.06148	0.00713	0.00557	0.00711	0.00538	0.04410	0.03979	0.04596	0.03865	0.43810	0.02504	0.20784	0.00714	0.00418	0.00119	0.00243	0.00614	0.00366	0.00398
1	0.02925	0.35291	0.04038	0.00906	0.05698	0.20554	0.05561	0.05969	0.04522	0.04733	0.00684	0.00769	0.00558	0.00369	0.00331	0.00098	0.02219	0.00266	0.00213	0.04297
2	0.42203	0.05289	0.37220	0.00784	0.01162	0.05286	0.00869	0.01174	0.00741	0.01407	0.00597	0.00699	0.00449	0.00356	0.00295	0.00116	0.00435	0.00240	0.00197	0.00481
3	0.00960	0.05192	0.20290	0.01174	0.21512	0.00757	0.04283	0.01233	0.03352	0.15598	0.12588	0.01221	0.01057	0.00426	0.00371	0.00110	0.00401	0.00371	0.00270	0.08832
4	0.39519	0.20558	0.01088	0.00748	0.04986	0.15500	0.00593	0.10840	0.00892	0.01443	0.00592	0.00676	0.00478	0.00364	0.00279	0.00105	0.00408	0.00234	0.00226	0.00470
5	0.00719	0.00476	0.00597	0.00540	0.00669	0.00462	0.00414	0.01021	0.12771	0.10434	0.63550	0.02467	0.02952	0.00706	0.00432	0.00120	0.00212	0.00617	0.00419	0.00423

[dist]
# distance from previous block
# <min> <max>
1	5

[block]
# block no. 4 follows, 72 sequences, length 56
# corresponding to MSA columns:
# 156-211
name=unknown_E
#
# <colnr> <probs for GDERKNQSTAVLIFYWHMCP>
#	G	D	E	R	K	N	Q	S	T	A	V	L	I	F	Y	W	H	M	C	P
0	0.23242	0.17024	0.45766	0.00855	0.01281	0.00980	0.02403	0.01161	0.00761	0.01277	0.01805	0.00752	0.00510	0.00357	0.00310	0.00112	0.00461	0.00256	0.00184	0.00505
1	0.00544	0.00399	0.00512	0.00482	0.00576	0.00372	0.00362	0.00743	0.03209	0.01505	0.79159	0.02825	0.06330	0.00775	0.00446	0.00120	0.00183	0.00683	0.00414	0.00363
2	0.02646	0.18121	0.01352	0.07673	0.07952	0.29867	0.07403	0.04532	0.03265	0.04066	0.00687	0.00828	0.00561	0.00460	0.02547	0.01278	0.04407	0.00290	0.00208	0.01858
3	0.07193	0.14895	0.10713	0.00985	0.11740	0.00989	0.02680	0.22533	0.03517	0.15377	0.00872	0.00907	0.00637	0.00393	0.00342	0.00108	0.00406	0.00308	0.00288	0.05116
4	0.00558	0.00537	0.08522	0.00535	0.00669	0.00408	0.00457	0.00762	0.01048	0.01490	0.76165	0.02640	0.03284	0.00736	0.00439	0.00119	0.00215	0.00647	0.00393	0.00377
5	0.00461	0.00334	0.00436	0.00518	0.00547	0.00309	0.00348	0.00529	0.00736	0.00972	0.02214	0.80581	0.08271	0.01172	0.00482	0.00152	0.00218	0.01059	0.00352	0.00309
6	0.01040	0.13105	0.27990	0.02292	0.09231	0.05984	0.17907	0.01318	0.00887	0.15469	0.00815	0.00913	0.00592	0.00366	0.00366	0.00114	0.00511	0.00325	0.00225	0.00549
7	0.00830	0.00836	0.01216	0.03178	0.01087	0.01143	0.05061	0.00930	0.00602	0.00930	0.00516	0.00844	0.00502	0.00639	0.01182	0.00163	0.79416	0.00338	0.00167	0.00420
8	0.00596	0.00430	0.00590	0.00664	0.00755	0.00424	0.00575	0.00765	0.00883	0.01147	0.06438	0.04158	0.08099	0.01027	0.00514	0.00168	0.00329	0.71737	0.00353	0.00348
9	0.00906	0.00911	0.04084	0.11478	0.64996	0.00899	0.05298	0.01181	0.04284	0.01221	0.00745	0.00966	0.00608	0.00350	0.00380	0.00116	0.00463	0.00345	0.00193	0.00575
10	0.00803	0.03473	0.63130	0.01119	0.06281	0.00880	0.05770	0.04840	0.02246	0.01278	0.06045	0.00962	0.00709	0.00389	0.00370	0.00119	0.00520	0.00322	0.00194	0.00550
11	0.00557	0.00378	0.00423	0.00421	0.00429	0.00379	0.00240	0.00584	0.02417	0.00763	0.01280	0.02492	0.03785	0.82250	0.01853	0.00355	0.00361	0.00556	0.00237	0.00241
12	0.01414	0.01037	0.01114	0.00862	0.01159	0.01148	0.00709	0.75958	0.07200	0.04063	0.00965	0.00952	0.00685	0.00460	0.00380	0.00115	0.00408	0.00348	0.00382	0.00642
13	0.00897	0.22235	0.55257	0.00966	0.01428	0.10791	0.01144	0.01222	0.00825	0.01096	0.00633	0.00741	0.00483	0.00355	0.00330	0.00108	0.00538	0.00258	0.00165	0.00529
14	0.01146	0.01028	0.09720	0.01296	0.08491	0.00893	0.37564	0.13964	0.01062	0.19545	0.00935	0.01035	0.00658	0.00379	0.00408	0.00121	0.00513	0.00391	0.00278	0.00573
15	0.00518	0.00387	0.00481	0.00458	0.00555	0.00350	0.00343	0.00680	0.01030	0.01418	0.67439	0.03003	0.20310	0.00814	0.00447	0.00121	0.00182	0.00710	0.00404	0.00350
16	0.00720	0.00679	0.01138	0.83291	0.02565	0.00852	0.01047	0.00967	0.00753	0.00967	0.00669	0.01006	0.00505	0.00387	0.00404	0.00128	0.02995	0.00337	0.00168	0.00421
17	0.01403	0.08777	0.01214	0.00852	0.01158	0.01205	0.00714	0.75680	0.01692	0.02256	0.00876	0.00883	0.00631	0.00444	0.00367	0.00111	0.00416	0.00329	0.00360	0.00631
18	0.86848	0.00768	0.02935	0.00515	0.00759	0.00852	0.00439	0.01117	0.00650	0.01687	0.00532	0.00621	0.00413	0.00352	0.00238	0.00117	0.00301	0.00207	0.00233	0.00415
19	0.01049	0.04964	0.46435	0.01019	0.04095	0.00928	0.03765	0.18190	0.02216	0.12484	0.00846	0.00901	0.00592	0.00393	0.00366	0.00117	0.00489	0.00313	0.00252	0.00586
20	0.00671	0.00364	0.00540	0.00529	0.00529	0.00387	0.00364	0.00523	0.00500	0.00676	0.00648	0.01131	0.00648	0.01273	0.01466	0.82862	0.06217	0.00330	0.00165	0.00182
21	0.00933	0.00880	0.01421	0.02066	0.70530	0.00898	0.01067	0.01283	0.13153	0.01295	0.02237	0.01041	0.00733	0.00371	0.00378	0.00115	0.00424	0.00357	0.00221	0.00597
22	0.89350	0.00733	0.00557	0.00499	0.00733	0.00851	0.00411	0.01115	0.00645	0.01702	0.00528	0.00616	0.00411	0.00352	0.00235	0.00117	0.00293	0.00205	0.00235	0.00411
23	0.00557	0.00422	0.00611	0.00603	0.00659	0.00493	0.00460	0.00672	0.00601	0.00863	0.01014	0.01586	0.00982	0.13487	0.70503	0.00557	0.04977	0.00421	0.00205	0.00328
24	0.00953	0.00819	0.00863	0.00774	0.00990	0.00948	0.00603	0.03527	0.82094	0.01601	0.01532	0.01406	0.01148	0.00513	0.00386	0.00128	0.00302	0.00427	0.00386	0.00601
25	0.85468	0.00781	0.00580	0.00520	0.00753	0.04572	0.00425	0.01132	0.00664	0.01667	0.00531	0.00619	0.00414	0.00354	0.00239	0.00116	0.00311	0.00207	0.00233	0.00412
26	0.00937	0.00905	0.01564	0.02302	0.81371	0.00903	0.04079	0.01166	0.00865	0.01238	0.00715	0.00942	0.00600	0.00337	0.00378	0.00113	0.00457	0.00342	0.00188	0.00598
27	0.01066	0.00834	0.02107	0.05193	0.30211	0.00804	0.01807	0.13021	0.06886	0.12636	0.00896	0.00983	0.00677	0.00374	0.00357	0.00102	0.00385	0.00325	0.00275	0.21062
28	0.00451	0.00373	0.00396	0.00414	0.00520	0.00318	0.00301	0.00541	0.00836	0.01013	0.03476	0.20927	0.67111	0.01008	0.00456	0.00133	0.00198	0.00858	0.00352	0.00318
29	0.01004	0.13552	0.01216	0.04098	0.19928	0.09051	0.00767	0.03854	0.39701	0.01344	0.01067	0.01091	0.00832	0.00429	0.00358	0.00115	0.00397	0.00352	0.00282	0.00563
30	0.01109	0.25367	0.01252	0.00782	0.01039	0.13355	0.00652	0.14246	0.35511	0.01419	0.01019	0.01002	0.00791	0.00434	0.00338	0.00108	0.00404	0.00325	0.00294	0.00552
31	0.00476	0.00385	0.00423	0.00413	0.00529	0.00332	0.00310	0.00598	0.00930	0.01181	0.29128	0.03393	0.58769	0.00902	0.00448	0.00125	0.00188	0.00764	0.00373	0.00332
32	0.00520	0.00387	0.00484	0.00459	0.00556	0.00351	0.00345	0.00683	0.01034	0.01426	0.68846	0.02988	0.18897	0.00811	0.00447	0.00121	0.00181	0.00708	0.00405	0.00351
33	0.01417	0.01808	0.01075	0.00977	0.01172	0.85149	0.00733	0.01514	0.01075	0.00928	0.00586	0.00684	0.00489	0.00391	0.00342	0.00098	0.00684	0.00244	0.00195	0.00440
34	0.00460	0.00385	0.00401	0.00397	0.00520	0.00325	0.00298	0.00568	0.00893	0.01092	0.14805	0.03538	0.73146	0.00935	0.00448	0.00127	0.00190	0.00785	0.00361	0.00325
35	0.89350	0.00733	0.00557	0.00499	0.00733	0.00851	0.00411	0.01115	0.00645	0.01702	0.00528	0.00616	0.00411	0.00352	0.00235	0.00117	0.00293	0.00205	0.00235	0.00411
36	0.00448	0.00384	0.00384	0.00384	0.00512	0.00320	0.00288	0.00544	0.00864	0.01025	0.03842	0.03650	0.84152	0.00960	0.00448	0.00128	0.00192	0.00800	0.00352	0.00320
37	0.89350	0.00733	0.00557	0.00499	0.00733	0.00851	0.00411	0.01115	0.00645	0.01702	0.00528	0.00616	0.00411	0.00352	0.00235	0.00117	0.00293	0.00205	0.00235	0.00411
38	0.89350	0.00733	0.00557	0.00499	0.00733	0.00851	0.00411	0.01115	0.00645	0.01702	0.00528	0.00616	0.00411	0.00352	0.00235	0.00117	0.00293	0.00205	0.00235	0.00411
39	0.01442	0.01062	0.01138	0.00873	0.01176	0.01176	0.00721	0.83041	0.01783	0.02390	0.00911	0.00911	0.00645	0.00455	0.00379	0.00114	0.00417	0.00341	0.00379	0.00645
40	0.01014	0.86900	0.01987	0.00649	0.00973	0.01501	0.00649	0.01136	0.00771	0.00892	0.00527	0.00608	0.00487	0.00324	0.00243	0.00081	0.00406	0.00203	0.00162	0.00487
41	0.00462	0.00330	0.00440	0.00528	0.00550	0.00308	0.00352	0.00528	0.00726	0.00968	0.02090	0.86424	0.02508	0.01188	0.00484	0.00154	0.00220	0.01078	0.00352	0.00308
42	0.89350	0.00733	0.00557	0.00499	0.00733	0.00851	0.00411	0.01115	0.00645	0.01702	0.00528	0.00616	0.00411	0.00352	0.00235	0.00117	0.00293	0.00205	0.00235	0.00411
43	0.00786	0.00674	0.00786	0.00562	0.00899	0.00506	0.00449	0.00955	0.00786	0.01236	0.00674	0.00786	0.00562	0.00281	0.00281	0.00056	0.00281	0.00225	0.00225	0.88990
44	0.00561	0.00406	0.00525	0.00492	0.00587	0.00380	0.00372	0.02807	0.01087	0.01535	0.80313	0.02814	0.03475	0.00773	0.00447	0.00120	0.00188	0.02337	0.00415	0.00365
45	0.00611	0.00437	0.00611	0.00698	0.00786	0.00437	0.00611	0.00786	0.00873	0.01135	0.02008	0.04278	0.02183	0.01048	0.00524	0.00175	0.00349	0.81753	0.00349	0.00349
46	0.00537	0.00388	0.00507	0.00477	0.00567	0.00358	0.00358	0.00716	0.01074	0.01521	0.84106	0.02833	0.03578	0.00775	0.00447	0.00119	0.00179	0.00686	0.00417	0.00358
47	0.00967	0.00792	0.00836	0.00744	0.00955	0.00907	0.00581	0.07119	0.70717	0.02779	0.01478	0.01381	0.01107	0.00504	0.00376	0.00124	0.00298	0.00417	0.07333	0.00584
48	0.00761	0.01962	0.84707	0.01081	0.01641	0.00881	0.01401	0.01201	0.00801	0.01201	0.00681	0.00801	0.00480	0.00360	0.00360	0.00120	0.00560	0.00280	0.00160	0.00560
49	0.01675	0.00651	0.00879	0.00678	0.00969	0.00571	0.00559	0.01854	0.04028	0.81610	0.01498	0.01295	0.00947	0.00471	0.00382	0.00118	0.00322	0.00383	0.00466	0.00644
50	0.00462	0.00330	0.00440	0.00528	0.00550	0.00308	0.00352	0.00528	0.00726	0.00968	0.02090	0.86424	0.02508	0.01188	0.00484	0.00154	0.00220	0.01078	0.00352	0.00308
51	0.00960	0.00889	0.01493	0.06325	0.75954	0.00898	0.01132	0.03563	0.00890	0.03189	0.00735	0.00950	0.00605	0.00346	0.00376	0.00113	0.00449	0.00339	0.00199	0.00594
52	0.00951	0.00700	0.00889	0.00711	0.00907	0.00725	0.00574	0.05396	0.01968	0.14302	0.00833	0.01047	0.00693	0.06651	0.04829	0.00149	0.24002	0.00320	0.00257	0.34097
53	0.00542	0.00404	0.00600	0.00600	0.00664	0.00469	0.00462	0.00671	0.00607	0.00873	0.01025	0.01540	0.00970	0.07070	0.80973	0.00597	0.00983	0.00414	0.00205	0.00333
54	0.34650	0.00781	0.00812	0.00652	0.00921	0.00824	0.00537	0.22824	0.01096	0.29412	0.01044	0.01003	0.03013	0.00435	0.00327	0.00117	0.00333	0.00316	0.00354	0.00548
55	0.09523	0.10620	0.01302	0.03830	0.32620	0.00913	0.04571	0.05578	0.03526	0.15003	0.00915	0.03155	0.01987	0.00418	0.00396	0.00116	0.04368	0.00351	0.00257	0.00550

[dist]
# distance from previous block
# <min> <max>
0	3

[block]
# block no. 5 follows, 72 sequences, length 17
# corresponding to MSA columns:
# 215-231
name=unknown_F
#
# <colnr> <probs for GDERKNQSTAVLIFYWHMCP>
#	G	D	E	R	K	N	Q	S	T	A	V	L	I	F	Y	W	H	M	C	P
0	0.22449	0.35895	0.01304	0.00754	0.05927	0.10795	0.00611	0.04919	0.02922	0.03128	0.04761	0.00804	0.00665	0.00374	0.00285	0.00098	0.00394	0.00257	0.00222	0.03435
1	0.00522	0.00404	0.00552	0.00583	0.00653	0.00383	0.04197	0.00651	0.03604	0.01024	0.02241	0.50930	0.15337	0.04697	0.00540	0.00160	0.00263	0.12588	0.00340	0.00332
2	0.01021	0.09285	0.03191	0.05700	0.20795	0.12943	0.03777	0.03096	0.29768	0.03066	0.00982	0.01045	0.00765	0.00421	0.00385	0.00116	0.02484	0.00347	0.00263	0.00550
3	0.00752	0.00452	0.00578	0.00543	0.00672	0.00407	0.00409	0.00904	0.02914	0.15689	0.24343	0.26828	0.06476	0.03092	0.00471	0.00133	0.00242	0.04915	0.02141	0.08040
4	0.00790	0.00768	0.01090	0.03123	0.03098	0.01050	0.00789	0.00885	0.00595	0.00915	0.00583	0.00950	0.00572	0.02835	0.10874	0.00219	0.69936	0.00346	0.00172	0.00407
5	0.00551	0.00371	0.00432	0.00432	0.00439	0.00378	0.00253	0.00563	0.00557	0.00749	0.01178	0.02388	0.01338	0.78743	0.09803	0.00391	0.00429	0.00538	0.00227	0.00240
6	0.00545	0.00385	0.00492	0.00465	0.00556	0.00356	0.00349	0.00721	0.01046	0.01495	0.75241	0.02763	0.06412	0.00759	0.00434	0.00117	0.00179	0.00667	0.06662	0.00356
7	0.01442	0.01062	0.01138	0.00873	0.01176	0.01176	0.00721	0.83041	0.01783	0.02390	0.00911	0.00911	0.00645	0.00455	0.00379	0.00114	0.00417	0.00341	0.00379	0.00645
8	0.01417	0.01808	0.01075	0.00977	0.01172	0.85149	0.00733	0.01514	0.01075	0.00928	0.00586	0.00684	0.00489	0.00391	0.00342	0.00098	0.00684	0.00244	0.00195	0.00440
9	0.00458	0.00385	0.00398	0.00395	0.00518	0.00324	0.00296	0.00564	0.00888	0.01081	0.12901	0.03558	0.75057	0.00940	0.00448	0.00127	0.00191	0.00787	0.00360	0.00324
10	0.01014	0.86900	0.01987	0.00649	0.00973	0.01501	0.00649	0.01136	0.00771	0.00892	0.00527	0.00608	0.00487	0.00324	0.00243	0.00081	0.00406	0.00203	0.00162	0.00487
11	0.89350	0.00733	0.00557	0.00499	0.00733	0.00851	0.00411	0.01115	0.00645	0.01702	0.00528	0.00616	0.00411	0.00352	0.00235	0.00117	0.00293	0.00205	0.00235	0.00411
12	0.00943	0.00815	0.00858	0.00772	0.00986	0.00943	0.00600	0.02015	0.83621	0.01586	0.01544	0.01415	0.01158	0.00515	0.00386	0.00129	0.00300	0.00429	0.00386	0.00600
13	0.00856	0.04503	0.01196	0.00977	0.01000	0.01177	0.00819	0.03424	0.00626	0.00957	0.00512	0.00823	0.00502	0.00643	0.01176	0.00161	0.79726	0.00327	0.00172	0.00425
14	0.00527	0.00406	0.00467	0.00491	0.00598	0.00369	0.00379	0.00672	0.03950	0.02750	0.04901	0.18296	0.47711	0.00986	0.00465	0.00141	0.00233	0.15960	0.00357	0.00341
15	0.01594	0.00649	0.00865	0.00672	0.00950	0.00579	0.00552	0.04711	0.03630	0.73751	0.06768	0.01380	0.01104	0.00490	0.00386	0.00118	0.00316	0.00401	0.00460	0.00626
16	0.00761	0.01962	0.84707	0.01081	0.01641	0.00881	0.01401	0.01201	0.00801	0.01201	0.00681	0.00801	0.00480	0.00360	0.00360	0.00120	0.00560	0.00280	0.00160	0.00560

[dist]
# distance from previous block
# <min> <max>
0	1

[block]
# block no. 6 follows, 72 sequences, length 39
# corresponding to MSA columns:
# 233-271
name=unknown_G
#
# <colnr> <probs for GDERKNQSTAVLIFYWHMCP>
#	G	D	E	R	K	N	Q	S	T	A	V	L	I	F	Y	W	H	M	C	P
0	0.01186	0.00663	0.00795	0.00670	0.00897	0.00668	0.00533	0.01692	0.33084	0.36882	0.12421	0.01672	0.06017	0.00554	0.00395	0.00123	0.00288	0.00463	0.00424	0.00572
1	0.00488	0.00357	0.00462	0.00537	0.00572	0.00342	0.00364	0.00609	0.04960	0.01015	0.04292	0.78388	0.03914	0.01139	0.00477	0.00151	0.00223	0.01030	0.00356	0.00324
2	0.02628	0.00837	0.01324	0.23004	0.48524	0.02627	0.01031	0.03820	0.00892	0.10505	0.00791	0.00984	0.00610	0.00368	0.00374	0.00116	0.00451	0.00338	0.00221	0.00555
3	0.02626	0.10294	0.14200	0.01982	0.10195	0.10894	0.03957	0.04197	0.03885	0.14504	0.09533	0.06245	0.01045	0.00480	0.00386	0.00114	0.02196	0.00393	0.00275	0.02599
4	0.00881	0.00583	0.00641	0.00567	0.00713	0.00612	0.00439	0.27326	0.01137	0.01665	0.11539	0.16122	0.01455	0.00616	0.00362	0.00112	0.00262	0.00516	0.34013	0.00440
5	0.01162	0.55805	0.01656	0.00766	0.01046	0.30047	0.00679	0.03219	0.00899	0.00940	0.00557	0.00641	0.00491	0.00350	0.00280	0.00088	0.00501	0.00220	0.00179	0.00474
6	0.00869	0.00685	0.00857	0.02993	0.00988	0.00546	0.03042	0.01041	0.00811	0.08530	0.00746	0.00845	0.00592	0.00309	0.00316	0.00068	0.01904	0.00250	0.00242	0.74366
7	0.00761	0.01962	0.84707	0.01081	0.01641	0.00881	0.01401	0.01201	0.00801	0.01201	0.00681	0.00801	0.00480	0.00360	0.00360	0.00120	0.00560	0.00280	0.00160	0.00560
8	0.00953	0.00833	0.00881	0.04598	0.01067	0.02536	0.00626	0.03813	0.76462	0.01565	0.01472	0.01371	0.01104	0.00505	0.00385	0.00128	0.00319	0.00419	0.00372	0.00590
9	0.00956	0.00821	0.00864	0.00774	0.00991	0.00949	0.00603	0.04004	0.81612	0.01606	0.01528	0.01403	0.01145	0.00513	0.00386	0.00128	0.00303	0.00427	0.00386	0.00601
10	0.00461	0.00333	0.00437	0.00520	0.00548	0.00309	0.00348	0.00529	0.00734	0.00971	0.02189	0.81744	0.07125	0.01175	0.00482	0.00153	0.00218	0.01062	0.00352	0.00309
11	0.00552	0.00368	0.00414	0.00414	0.00414	0.00368	0.00230	0.00552	0.00552	0.00735	0.01195	0.02482	0.01379	0.86672	0.01930	0.00368	0.00368	0.00552	0.00230	0.00230
12	0.00461	0.00347	0.00427	0.00485	0.00540	0.00313	0.00334	0.00539	0.00778	0.01004	0.05501	0.59947	0.25734	0.01109	0.00473	0.00145	0.00211	0.00985	0.00354	0.00313
13	0.00478	0.00385	0.00426	0.00416	0.00531	0.00333	0.00312	0.00603	0.00936	0.01193	0.31124	0.03372	0.56764	0.00898	0.00448	0.00125	0.00188	0.00761	0.00374	0.00333
14	0.01702	0.00645	0.00880	0.00675	0.00968	0.00557	0.00557	0.01848	0.01085	0.84568	0.01496	0.01291	0.00939	0.00469	0.00381	0.00117	0.00323	0.00381	0.00469	0.00645
15	0.01442	0.01062	0.01138	0.00873	0.01176	0.01176	0.00721	0.83041	0.01783	0.02390	0.00911	0.00911	0.00645	0.00455	0.00379	0.00114	0.00417	0.00341	0.00379	0.00645
16	0.00939	0.00901	0.01539	0.02328	0.84306	0.00901	0.01164	0.01164	0.00864	0.01239	0.00713	0.00939	0.00601	0.00338	0.00375	0.00113	0.00451	0.00338	0.00188	0.00601
17	0.00943	0.00815	0.00858	0.00772	0.00986	0.00943	0.00600	0.02015	0.83621	0.01586	0.01544	0.01415	0.01158	0.00515	0.00386	0.00129	0.00300	0.00429	0.00386	0.00600
18	0.00552	0.00368	0.00414	0.00414	0.00414	0.00368	0.00230	0.00552	0.00552	0.00735	0.01195	0.02482	0.01379	0.86672	0.01930	0.00368	0.00368	0.00552	0.00230	0.00230
19	0.00943	0.00815	0.00858	0.00772	0.00986	0.00943	0.00600	0.02015	0.83621	0.01586	0.01544	0.01415	0.01158	0.00515	0.00386	0.00129	0.00300	0.00429	0.00386	0.00600
20	0.00943	0.00815	0.00858	0.00772	0.00986	0.00943	0.00600	0.02015	0.83621	0.01586	0.01544	0.01415	0.01158	0.00515	0.00386	0.00129	0.00300	0.00429	0.00386	0.00600
21	0.01384	0.00720	0.01192	0.00894	0.01194	0.00641	0.21964	0.01571	0.01013	0.55678	0.01462	0.03648	0.05827	0.00479	0.00405	0.00122	0.00395	0.00442	0.00387	0.00582
22	0.00761	0.01962	0.84707	0.01081	0.01641	0.00881	0.01401	0.01201	0.00801	0.01201	0.00681	0.00801	0.00480	0.00360	0.00360	0.00120	0.00560	0.00280	0.00160	0.00560
23	0.00943	0.00815	0.00858	0.00772	0.00986	0.00943	0.00600	0.02015	0.83621	0.01586	0.01544	0.01415	0.01158	0.00515	0.00386	0.00129	0.00300	0.00429	0.00386	0.00600
24	0.00596	0.00487	0.00505	0.00486	0.00627	0.00478	0.00368	0.00942	0.21325	0.01214	0.06232	0.05435	0.50987	0.00807	0.00419	0.00125	0.00218	0.00676	0.07680	0.00393
25	0.00960	0.00808	0.00863	0.02319	0.01015	0.00931	0.00607	0.01992	0.79892	0.03804	0.01526	0.01404	0.01140	0.00511	0.00386	0.00128	0.00304	0.00426	0.00384	0.00598
26	0.01417	0.01808	0.01075	0.00977	0.01172	0.85149	0.00733	0.01514	0.01075	0.00928	0.00586	0.00684	0.00489	0.00391	0.00342	0.00098	0.00684	0.00244	0.00195	0.00440
27	0.01702	0.00645	0.00880	0.00675	0.00968	0.00557	0.00557	0.01848	0.01085	0.84568	0.01496	0.01291	0.00939	0.00469	0.00381	0.00117	0.00323	0.00381	0.00469	0.00645
28	0.01152	0.01527	0.15261	0.00956	0.02391	0.45299	0.01925	0.02624	0.20077	0.01157	0.00932	0.00975	0.03214	0.00431	0.00361	0.00110	0.00552	0.00315	0.00240	0.00500
29	0.01178	0.00932	0.00990	0.00819	0.01076	0.01053	0.00657	0.40247	0.45006	0.01966	0.01245	0.01177	0.00916	0.00487	0.00383	0.00122	0.00355	0.00388	0.00383	0.00621
30	0.01702	0.00645	0.00880	0.00675	0.00968	0.00557	0.00557	0.01848	0.01085	0.84568	0.01496	0.01291	0.00939	0.00469	0.00381	0.00117	0.00323	0.00381	0.00469	0.00645
31	0.00891	0.00853	0.01453	0.20160	0.66845	0.00889	0.01140	0.01122	0.00841	0.01181	0.00705	0.00954	0.00580	0.00347	0.00376	0.00116	0.00462	0.00338	0.00184	0.00562
32	0.01092	0.15534	0.15339	0.02310	0.14812	0.14087	0.01870	0.10688	0.11576	0.06141	0.00827	0.00899	0.00636	0.00398	0.00366	0.00110	0.02213	0.00307	0.00243	0.00550
33	0.00659	0.00329	0.00494	0.00494	0.00494	0.00329	0.00329	0.00494	0.00494	0.00659	0.00659	0.01153	0.00659	0.01318	0.01482	0.88966	0.00329	0.00329	0.00165	0.00165
34	0.00552	0.00368	0.00414	0.00414	0.00414	0.00368	0.00230	0.00552	0.00552	0.00735	0.01195	0.02482	0.01379	0.86672	0.01930	0.00368	0.00368	0.00552	0.00230	0.00230
35	0.00476	0.00350	0.00481	0.00552	0.00586	0.00326	0.02042	0.00552	0.00739	0.00981	0.02114	0.79247	0.04943	0.01159	0.00484	0.00153	0.00232	0.03922	0.00349	0.00314
36	0.02641	0.05919	0.32692	0.02458	0.16099	0.07034	0.03476	0.10126	0.02245	0.12530	0.00819	0.00900	0.00594	0.00383	0.00361	0.00114	0.00487	0.00311	0.00239	0.00570
37	0.01041	0.00966	0.06696	0.01368	0.28472	0.02058	0.04794	0.16928	0.16392	0.05406	0.00938	0.01073	0.00735	0.03338	0.00509	0.00130	0.07943	0.00364	0.00272	0.00573
38	0.02604	0.00732	0.00886	0.00746	0.02877	0.02281	0.00585	0.05133	0.25159	0.49634	0.04222	0.01335	0.01056	0.00486	0.00382	0.00120	0.00324	0.00398	0.00425	0.00614

[dist]
# distance from previous block
# <min> <max>
1	5

[block]
# block no. 7 follows, 72 sequences, length 133
# corresponding to MSA columns:
# 280-412
name=unknown_H
#
# <colnr> <probs for GDERKNQSTAVLIFYWHMCP>
#	G	D	E	R	K	N	Q	S	T	A	V	L	I	F	Y	W	H	M	C	P
0	0.00961	0.03141	0.12128	0.02902	0.38090	0.03643	0.09546	0.02716	0.07966	0.05722	0.00818	0.00959	0.00638	0.00360	0.00369	0.00110	0.00456	0.00335	0.00223	0.08917
1	0.18502	0.02280	0.05528	0.00922	0.11884	0.00831	0.00691	0.18642	0.03007	0.32482	0.01024	0.00999	0.00703	0.00419	0.00348	0.00116	0.00367	0.00326	0.00344	0.00586
2	0.00963	0.14695	0.04008	0.00905	0.01015	0.04945	0.00783	0.01991	0.00700	0.08354	0.00615	0.00840	0.00544	0.00607	0.02440	0.00151	0.55481	0.00311	0.00196	0.00454
3	0.00484	0.00386	0.00434	0.00422	0.00534	0.00335	0.00316	0.00613	0.00949	0.01225	0.36226	0.03320	0.51643	0.00886	0.00448	0.00125	0.00187	0.00754	0.00379	0.00335
4	0.03403	0.00698	0.02199	0.00691	0.00983	0.00620	0.00577	0.07420	0.03585	0.72152	0.02694	0.01271	0.00948	0.00470	0.00379	0.00118	0.00329	0.00380	0.00450	0.00634
5	0.00938	0.00903	0.01552	0.02315	0.82822	0.00902	0.02637	0.01165	0.00864	0.01239	0.00714	0.00940	0.00600	0.00338	0.00377	0.00113	0.00454	0.00340	0.00188	0.00599
6	0.00830	0.00830	0.01162	0.00996	0.00996	0.01162	0.00830	0.00913	0.00581	0.00913	0.00498	0.00830	0.00498	0.00664	0.01245	0.00166	0.85977	0.00332	0.00166	0.00415
7	0.00552	0.00368	0.00414	0.00414	0.00414	0.00368	0.00230	0.00552	0.00552	0.00735	0.01195	0.02482	0.01379	0.86672	0.01930	0.00368	0.00368	0.00552	0.00230	0.00230
8	0.00776	0.00441	0.00584	0.00518	0.00649	0.00399	0.00399	0.00948	0.01076	0.18558	0.67158	0.02517	0.03037	0.00713	0.00434	0.00119	0.00208	0.00623	0.00428	0.00417
9	0.01702	0.00645	0.00880	0.00675	0.00968	0.00557	0.00557	0.01848	0.01085	0.84568	0.01496	0.01291	0.00939	0.00469	0.00381	0.00117	0.00323	0.00381	0.00469	0.00645
10	0.00462	0.00330	0.00440	0.00528	0.00550	0.00308	0.00352	0.00528	0.00726	0.00968	0.02090	0.86424	0.02508	0.01188	0.00484	0.00154	0.00220	0.01078	0.00352	0.00308
11	0.01442	0.01062	0.01138	0.00873	0.01176	0.01176	0.00721	0.83041	0.01783	0.02390	0.00911	0.00911	0.00645	0.00455	0.00379	0.00114	0.00417	0.00341	0.00379	0.00645
12	0.00943	0.00815	0.00858	0.00772	0.00986	0.00943	0.00600	0.02015	0.83621	0.01586	0.01544	0.01415	0.01158	0.00515	0.00386	0.00129	0.00300	0.00429	0.00386	0.00600
13	0.01417	0.01808	0.01075	0.00977	0.01172	0.85149	0.00733	0.01514	0.01075	0.00928	0.00586	0.00684	0.00489	0.00391	0.00342	0.00098	0.00684	0.00244	0.00195	0.00440
14	0.00964	0.01293	0.39022	0.00955	0.05085	0.00823	0.00972	0.01519	0.24985	0.14817	0.04914	0.01159	0.00900	0.00441	0.00376	0.00122	0.00424	0.00361	0.00289	0.00578
15	0.02040	0.02355	0.23016	0.01328	0.27320	0.02303	0.01798	0.07473	0.08399	0.14438	0.02713	0.01023	0.00733	0.00398	0.00369	0.00115	0.00436	0.00338	0.00263	0.03142
