[name]
unknown

[dist]
# distance from previous block
# <min> <max>
0	32

[block]
# block no. 0 follows, 74 sequences, length 12
# corresponding to MSA columns:
# 40-51
name=unknown_A
#
# <colnr> <probs for GDERKNQSTAVLIFYWHMCP>
#	G	D	E	R	K	N	Q	S	T	A	V	L	I	F	Y	W	H	M	C	P
0	0.07557	0.00653	0.00791	0.00660	0.00901	0.00634	0.00541	0.05198	0.15671	0.38770	0.03941	0.01606	0.01112	0.00525	0.00375	0.00118	0.00309	0.11158	0.00384	0.09097
1	0.00705	0.00660	0.01093	0.81068	0.02459	0.00805	0.00996	0.00948	0.00744	0.00964	0.00660	0.00977	0.00498	0.00365	0.00365	0.00120	0.00482	0.00323	0.00168	0.05601
2	0.00929	0.00929	0.01461	0.10033	0.33132	0.06031	0.20528	0.03468	0.17187	0.01258	0.00864	0.01021	0.00674	0.00371	0.00385	0.00117	0.00474	0.00368	0.00226	0.00541
3	0.00526	0.00354	0.00409	0.00423	0.00426	0.00350	0.00244	0.00536	0.00567	0.00756	0.01311	0.16005	0.01528	0.73136	0.01661	0.00326	0.00337	0.00623	0.00244	0.00237
4	0.00522	0.00360	0.00402	0.00407	0.00424	0.00351	0.00239	0.00538	0.00589	0.00769	0.01556	0.06841	0.12383	0.71261	0.01626	0.00318	0.00330	0.00598	0.00247	0.00240
5	0.00503	0.00379	0.00465	0.00443	0.00541	0.00341	0.00332	0.00656	0.00997	0.01361	0.63272	0.02982	0.24753	0.00806	0.00438	0.00119	0.00178	0.00701	0.00392	0.00341
6	0.89577	0.00718	0.00546	0.00488	0.00718	0.00833	0.00402	0.01091	0.00632	0.01665	0.00517	0.00603	0.00402	0.00345	0.00230	0.00115	0.00287	0.00201	0.00230	0.00402
7	0.77970	0.00706	0.00587	0.00511	0.00748	0.00795	0.00421	0.01186	0.00689	0.12655	0.00642	0.00690	0.00470	0.00360	0.00249	0.00115	0.00291	0.00224	0.00260	0.00432
8	0.01387	0.01769	0.01052	0.00956	0.01148	0.85465	0.00717	0.01482	0.01052	0.00908	0.00574	0.00669	0.00478	0.00383	0.00335	0.00096	0.00669	0.00239	0.00191	0.00430
9	0.00574	0.00363	0.00438	0.00438	0.00444	0.00366	0.00263	0.00568	0.03006	0.00733	0.01076	0.04447	0.01202	0.61115	0.01698	0.21988	0.00345	0.00498	0.00217	0.00222
10	0.00919	0.00882	0.01507	0.02278	0.84640	0.00882	0.01139	0.01139	0.00845	0.01213	0.00698	0.00919	0.00588	0.00331	0.00367	0.00110	0.00441	0.00331	0.00184	0.00588
11	0.00654	0.00426	0.00564	0.00616	0.00706	0.00423	0.00513	0.03269	0.00856	0.04472	0.01827	0.16987	0.01938	0.00930	0.00463	0.00152	0.00300	0.52493	0.12056	0.00356

[dist]
# distance from previous block
# <min> <max>
1	13

[block]
# block no. 1 follows, 74 sequences, length 18
# corresponding to MSA columns:
# 88-105
name=unknown_B
#
# <colnr> <probs for GDERKNQSTAVLIFYWHMCP>
#	G	D	E	R	K	N	Q	S	T	A	V	L	I	F	Y	W	H	M	C	P
0	0.64716	0.00644	0.00543	0.00494	0.00687	0.00724	0.00391	0.01044	0.03909	0.04529	0.04234	0.04738	0.03888	0.07657	0.00406	0.00138	0.00283	0.00322	0.00260	0.00393
1	0.01134	0.15438	0.01129	0.00777	0.01031	0.07951	0.00640	0.30850	0.31163	0.01665	0.03765	0.01063	0.00868	0.00450	0.00350	0.00110	0.00379	0.00346	0.00325	0.00564
2	0.00709	0.00605	0.00908	0.16245	0.19360	0.01556	0.03904	0.02770	0.04103	0.03722	0.10298	0.20518	0.12458	0.00662	0.00412	0.00126	0.00338	0.00595	0.00282	0.00429
3	0.01014	0.13604	0.25456	0.01151	0.14862	0.03650	0.08866	0.06278	0.08556	0.11767	0.00847	0.00918	0.00627	0.00374	0.00352	0.00111	0.00459	0.00317	0.00237	0.00555
4	0.01182	0.01949	0.01065	0.00847	0.02196	0.04366	0.07469	0.43241	0.12490	0.08061	0.01262	0.03555	0.07768	0.02304	0.00415	0.00121	0.00390	0.00413	0.00345	0.00560
5	0.00546	0.00443	0.02637	0.00582	0.05695	0.00378	0.00408	0.00658	0.00820	0.04814	0.07927	0.27858	0.39801	0.00975	0.02863	0.00145	0.00252	0.02510	0.00335	0.00350
6	0.01010	0.05054	0.02729	0.03358	0.47370	0.11396	0.05640	0.02968	0.11253	0.04416	0.00810	0.00947	0.00645	0.00365	0.00363	0.00110	0.00457	0.00331	0.00221	0.00557
7	0.01894	0.04909	0.26983	0.08237	0.14754	0.02679	0.03162	0.15917	0.06758	0.09882	0.00843	0.00925	0.00613	0.00387	0.00359	0.00114	0.00456	0.00318	0.00248	0.00561
8	0.00448	0.00353	0.00404	0.00440	0.00519	0.00310	0.00312	0.00533	0.00796	0.00999	0.06292	0.39359	0.45864	0.01029	0.00454	0.00136	0.00199	0.00896	0.00347	0.00310
9	0.00614	0.00510	0.00520	0.00493	0.00606	0.07461	0.00370	0.00779	0.03279	0.03408	0.44709	0.05400	0.26536	0.00769	0.00422	0.00118	0.00228	0.00657	0.02762	0.00358
10	0.04125	0.15492	0.21288	0.09522	0.11964	0.03222	0.03840	0.05277	0.08112	0.03785	0.00739	0.00862	0.00574	0.00380	0.00386	0.00111	0.05456	0.00296	0.00208	0.04360
11	0.11505	0.00993	0.00971	0.10865	0.01192	0.21515	0.04968	0.12413	0.09669	0.02937	0.08717	0.01159	0.00916	0.01346	0.01366	0.00125	0.06144	0.02472	0.00265	0.00462
12	0.00481	0.00464	0.07483	0.00541	0.00615	0.00353	0.00416	0.00575	0.00718	0.00956	0.02038	0.65735	0.10194	0.06897	0.00556	0.00160	0.00250	0.00929	0.00321	0.00318
13	0.01383	0.01538	0.01006	0.00898	0.01100	0.67775	0.00681	0.03599	0.03367	0.11610	0.00763	0.03220	0.00612	0.00419	0.00346	0.00101	0.00595	0.00287	0.00239	0.00462
14	0.05951	0.11434	0.15017	0.02156	0.22309	0.07288	0.05106	0.08630	0.07859	0.02170	0.01003	0.01088	0.07588	0.00414	0.00350	0.00111	0.00434	0.00343	0.00229	0.00521
15	0.01479	0.00711	0.00964	0.00840	0.07957	0.00681	0.01782	0.11492	0.02844	0.59212	0.01272	0.01200	0.00849	0.02704	0.00450	0.00123	0.04065	0.00369	0.00401	0.00605
16	0.00963	0.15394	0.10189	0.01256	0.23381	0.05723	0.10424	0.11012	0.07144	0.02363	0.01013	0.01104	0.07599	0.00411	0.00358	0.00109	0.00442	0.00355	0.00232	0.00529
17	0.00501	0.00372	0.00483	0.02210	0.02114	0.00362	0.00371	0.00616	0.04323	0.00982	0.05752	0.60521	0.06282	0.10568	0.01697	0.00175	0.00252	0.01775	0.00327	0.00316

[dist]
# distance from previous block
# <min> <max>
0	4

[block]
# block no. 2 follows, 74 sequences, length 19
# corresponding to MSA columns:
# 110-128
name=unknown_C
#
# <colnr> <probs for GDERKNQSTAVLIFYWHMCP>
#	G	D	E	R	K	N	Q	S	T	A	V	L	I	F	Y	W	H	M	C	P
0	0.01190	0.11855	0.02230	0.00901	0.05189	0.46864	0.00674	0.08026	0.04901	0.02524	0.00724	0.00933	0.00631	0.09925	0.00515	0.00128	0.01831	0.00292	0.00218	0.00450
1	0.00828	0.00572	0.00663	0.00601	0.00750	0.02442	0.00460	0.02961	0.24598	0.13161	0.36519	0.11327	0.02223	0.00674	0.00412	0.00122	0.00249	0.00584	0.00394	0.00460
2	0.00787	0.06229	0.65189	0.01208	0.10744	0.00902	0.07500	0.01169	0.00796	0.01165	0.00668	0.00805	0.00491	0.00345	0.00355	0.00115	0.00535	0.00289	0.00162	0.00545
3	0.00568	0.00439	0.00567	0.00584	0.05507	0.00419	0.00406	0.00800	0.07057	0.01423	0.64606	0.02651	0.12081	0.00735	0.00429	0.00118	0.00201	0.00645	0.00386	0.00377
4	0.00525	0.00377	0.00483	0.00458	0.00537	0.00350	0.00335	0.00679	0.00989	0.01392	0.73332	0.02754	0.05210	0.10259	0.00598	0.00144	0.00196	0.00659	0.00387	0.00336
5	0.00455	0.00372	0.00402	0.00406	0.00514	0.00319	0.00300	0.00561	0.00869	0.01083	0.17779	0.11445	0.62345	0.00930	0.00442	0.00126	0.00188	0.00790	0.00356	0.00319
6	0.01386	0.00624	0.00779	0.00617	0.00852	0.00587	0.00498	0.13518	0.01080	0.52751	0.01317	0.01302	0.00909	0.05770	0.00446	0.00124	0.00307	0.00373	0.16205	0.00556
7	0.00755	0.00643	0.00754	0.00545	0.00861	0.00486	0.00435	0.00921	0.00786	0.01226	0.05570	0.00887	0.00723	0.00303	0.00284	0.00059	0.00269	0.00246	0.00231	0.84016
8	0.00818	0.00705	0.00879	0.00632	0.00963	0.00565	0.05550	0.06325	0.00840	0.01282	0.00680	0.00792	0.00556	0.00288	0.00291	0.00063	0.00305	0.00241	0.00228	0.77996
9	0.01401	0.00759	0.02542	0.00689	0.00945	0.05852	0.00569	0.12528	0.03100	0.51998	0.01537	0.01428	0.10049	0.01762	0.00425	0.00120	0.02924	0.00405	0.00398	0.00569
10	0.00584	0.00423	0.00510	0.00509	0.00625	0.00376	0.00376	0.00722	0.04119	0.05656	0.04321	0.38390	0.24229	0.00910	0.00432	0.00129	0.00231	0.05791	0.00338	0.11330
11	0.00639	0.00569	0.00673	0.00655	0.00732	0.09861	0.00509	0.00764	0.00645	0.00868	0.00923	0.01339	0.00857	0.02414	0.71944	0.00520	0.05169	0.00377	0.00196	0.00346
12	0.00454	0.00333	0.00426	0.00495	0.00534	0.00305	0.00336	0.00527	0.00745	0.00980	0.06073	0.71346	0.13856	0.01113	0.00467	0.00146	0.00210	0.01000	0.00348	0.00305
13	0.04567	0.15750	0.03077	0.00621	0.00828	0.00698	0.04063	0.08158	0.02610	0.04840	0.04383	0.22979	0.12707	0.00657	0.00372	0.00113	0.00303	0.01453	0.00290	0.11530
14	0.00686	0.00784	0.16412	0.03298	0.02816	0.00596	0.02025	0.04900	0.05891	0.02705	0.01252	0.29730	0.01278	0.02198	0.11628	0.00190	0.02907	0.00571	0.00264	0.09868
15	0.00980	0.00554	0.00675	0.00587	0.00754	0.00546	0.00451	0.03656	0.17746	0.26960	0.21852	0.07285	0.03335	0.10124	0.00562	0.00146	0.00272	0.00524	0.02517	0.00475
16	0.00864	0.00757	0.01161	0.34112	0.14564	0.03329	0.08810	0.10988	0.00967	0.04444	0.15167	0.01276	0.01066	0.00439	0.00388	0.00118	0.00432	0.00399	0.00249	0.00473
17	0.02811	0.09371	0.23968	0.01001	0.03702	0.07098	0.14610	0.16222	0.00997	0.05696	0.00892	0.10305	0.00760	0.00456	0.00370	0.00116	0.00473	0.00394	0.00243	0.00515
18	0.03466	0.00825	0.08070	0.06068	0.14203	0.01989	0.09964	0.07550	0.03945	0.02956	0.01170	0.18571	0.05518	0.01411	0.00529	0.00133	0.12414	0.00511	0.00249	0.00459

[dist]
# distance from previous block
# <min> <max>
3	6

[block]
# block no. 3 follows, 74 sequences, length 79
# corresponding to MSA columns:
# 135-142,144-185,207-235
name=unknown_D
#
# <colnr> <probs for GDERKNQSTAVLIFYWHMCP>
#	G	D	E	R	K	N	Q	S	T	A	V	L	I	F	Y	W	H	M	C	P
0	0.12416	0.14949	0.15370	0.01025	0.09399	0.03712	0.13698	0.05383	0.08135	0.02365	0.00750	0.00879	0.00591	0.00505	0.05462	0.00139	0.01481	0.00306	0.00214	0.03222
1	0.00479	0.00382	0.00430	0.00425	0.00532	0.00338	0.00316	0.00619	0.02687	0.01173	0.30572	0.09293	0.49661	0.00886	0.00440	0.00124	0.00188	0.00758	0.00367	0.00331
2	0.09584	0.01185	0.29809	0.01007	0.09862	0.00848	0.03616	0.14952	0.05400	0.13454	0.00892	0.02350	0.00653	0.00407	0.00364	0.00116	0.01616	0.00326	0.03007	0.00552
3	0.00513	0.00376	0.00481	0.00462	0.00549	0.00344	0.00344	0.00674	0.01012	0.01413	0.72276	0.07754	0.10818	0.00799	0.00440	0.00120	0.00179	0.00704	0.00399	0.00344
4	0.26200	0.00736	0.00823	0.00650	0.00923	0.00745	0.00537	0.17630	0.01076	0.45410	0.01087	0.01006	0.00718	0.00425	0.00333	0.00114	0.00326	0.00317	0.00378	0.00567
5	0.05120	0.00656	0.00862	0.00664	0.00949	0.00589	0.00548	0.06048	0.01081	0.77295	0.01397	0.01218	0.00883	0.00454	0.00368	0.00115	0.00320	0.00364	0.00446	0.00623
6	0.00876	0.01001	0.02190	0.01564	0.01940	0.00939	0.83292	0.01189	0.00876	0.01189	0.00751	0.01001	0.00563	0.00313	0.00438	0.00125	0.00626	0.00438	0.00188	0.00501
7	0.01351	0.09573	0.01133	0.00927	0.01130	0.77790	0.00710	0.01448	0.01025	0.00905	0.00568	0.00663	0.00478	0.00377	0.00326	0.00094	0.00644	0.00235	0.00188	0.00435
8	0.03700	0.00488	0.00594	0.00523	0.00675	0.00467	0.00407	0.02640	0.07386	0.20696	0.39410	0.03113	0.05475	0.00620	0.00387	0.00114	0.00225	0.00528	0.12114	0.00438
9	0.00647	0.00470	0.00596	0.00561	0.00624	0.00522	0.00406	0.10193	0.00704	0.00974	0.01031	0.01754	0.01044	0.35980	0.38487	0.01540	0.03470	0.00444	0.00228	0.00324
10	0.06089	0.31241	0.01333	0.00766	0.00998	0.10586	0.10333	0.03248	0.08692	0.01100	0.05396	0.06164	0.02049	0.04463	0.02702	0.00129	0.02559	0.00365	0.00228	0.01559
11	0.00889	0.00915	0.07951	0.02829	0.65782	0.00839	0.01068	0.03641	0.00851	0.02302	0.00773	0.03767	0.00665	0.00513	0.05487	0.00142	0.00473	0.00355	0.00197	0.00560
12	0.06007	0.05799	0.03826	0.00778	0.07224	0.05523	0.00599	0.06623	0.05914	0.20019	0.00888	0.00912	0.00656	0.00360	0.00318	0.00090	0.00346	0.00283	0.00283	0.33553
13	0.01254	0.06283	0.03453	0.00855	0.01111	0.26596	0.03263	0.34290	0.04473	0.04589	0.00863	0.03527	0.00688	0.00443	0.00355	0.00106	0.00473	0.01923	0.02188	0.03268
14	0.89577	0.00718	0.00546	0.00488	0.00718	0.00833	0.00402	0.01091	0.00632	0.01665	0.00517	0.00603	0.00402	0.00345	0.00230	0.00115	0.00287	0.00201	0.00230	0.00402
15	0.01584	0.00634	0.00853	0.00650	0.00941	0.00541	0.00536	0.01729	0.01036	0.77280	0.01391	0.01218	0.00885	0.00443	0.00364	0.00109	0.00312	0.00359	0.00438	0.08694
16	0.00536	0.00374	0.00478	0.00478	0.00504	0.00400	0.00316	0.00587	0.00562	0.00774	0.01102	0.02057	0.01188	0.54717	0.33906	0.00451	0.00603	0.00485	0.00215	0.00266
17	0.00923	0.00797	0.00839	0.00755	0.00965	0.00923	0.00588	0.01972	0.83969	0.01553	0.01511	0.01385	0.01133	0.00504	0.00378	0.00126	0.00294	0.00420	0.00378	0.00588
18	0.89577	0.00718	0.00546	0.00488	0.00718	0.00833	0.00402	0.01091	0.00632	0.01665	0.00517	0.00603	0.00402	0.00345	0.00230	0.00115	0.00287	0.00201	0.00230	0.00402
19	0.00744	0.01920	0.85032	0.01058	0.01607	0.00862	0.01371	0.01176	0.00784	0.01176	0.00666	0.00784	0.00470	0.00353	0.00353	0.00118	0.00549	0.00274	0.00157	0.00549
20	0.00608	0.00589	0.00513	0.00497	0.00621	0.12702	0.00371	0.00745	0.03552	0.01088	0.17227	0.07943	0.50543	0.00827	0.00424	0.00121	0.00261	0.00690	0.00335	0.00345
21	0.01409	0.00986	0.01072	0.00827	0.01117	0.01078	0.00681	0.72385	0.04210	0.09777	0.00967	0.00947	0.00677	0.00448	0.00370	0.00112	0.00393	0.00341	0.01576	0.00626
22	0.00810	0.00496	0.00626	0.00521	0.00704	0.00422	0.00404	0.00965	0.00956	0.18245	0.40318	0.03323	0.05624	0.03352	0.00433	0.00110	0.00234	0.00510	0.00364	0.21580
23	0.00984	0.13800	0.24254	0.01062	0.10757	0.00949	0.08314	0.09952	0.08640	0.09349	0.02293	0.00951	0.00674	0.00421	0.00415	0.02897	0.03187	0.00324	0.00240	0.00538
24	0.00852	0.00930	0.01956	0.01432	0.01762	0.00890	0.69795	0.02594	0.00880	0.01191	0.00885	0.01360	0.00743	0.00407	0.00469	0.00131	0.03200	0.09833	0.00208	0.00482
25	0.00457	0.00336	0.00429	0.00492	0.00534	0.00308	0.00336	0.00536	0.00762	0.01006	0.09975	0.66745	0.14537	0.01093	0.00465	0.00144	0.00208	0.00980	0.00351	0.00308
26	0.00845	0.00748	0.01201	0.03048	0.52011	0.00754	0.02498	0.05452	0.00887	0.03340	0.06752	0.12790	0.04852	0.00518	0.00413	0.00119	0.02536	0.00476	0.00244	0.00515
27	0.00989	0.84486	0.01953	0.00664	0.00984	0.01452	0.03218	0.01114	0.00758	0.00883	0.00523	0.00608	0.00479	0.00317	0.00244	0.00081	0.00404	0.00206	0.00160	0.00477
28	0.02071	0.00683	0.05803	0.00648	0.00860	0.00607	0.00543	0.17777	0.01884	0.27761	0.13433	0.15391	0.04350	0.03039	0.00440	0.00128	0.00306	0.01663	0.02115	0.00498
29	0.44584	0.06673	0.00995	0.00964	0.16319	0.13705	0.04144	0.05167	0.00814	0.02756	0.00602	0.00712	0.00479	0.00351	0.00290	0.00109	0.00401	0.00250	0.00219	0.00464
30	0.00717	0.00429	0.00503	0.00458	0.00608	0.00369	0.00353	0.00835	0.00925	0.18998	0.18014	0.05667	0.49097	0.00812	0.00426	0.00122	0.00214	0.00684	0.00381	0.00388
31	0.02797	0.07743	0.10990	0.01129	0.20558	0.07077	0.02799	0.02871	0.16582	0.01237	0.00854	0.03562	0.00705	0.00396	0.00366	0.00104	0.03005	0.00326	0.00232	0.16668
32	0.00626	0.00333	0.00491	0.00491	0.00499	0.00340	0.00332	0.00507	0.00500	0.00673	0.00715	0.01243	0.00719	0.06606	0.10823	0.74005	0.00399	0.00344	0.00169	0.00184
33	0.00752	0.00568	0.00650	0.00592	0.00740	0.00606	0.00455	0.01305	0.36932	0.04787	0.40276	0.02029	0.02222	0.00617	0.00399	0.00119	0.00232	0.00531	0.05724	0.00464
34	0.00446	0.00361	0.00397	0.00420	0.00514	0.00311	0.00303	0.00535	0.00816	0.01007	0.06617	0.27295	0.57690	0.00996	0.00449	0.00132	0.00195	0.00856	0.00347	0.00311
35	0.00522	0.00398	0.00488	0.00535	0.00596	0.00393	0.00374	0.00735	0.12410	0.01075	0.07960	0.61977	0.09077	0.01024	0.00455	0.00143	0.00221	0.00917	0.00354	0.00346
36	0.89577	0.00718	0.00546	0.00488	0.00718	0.00833	0.00402	0.01091	0.00632	0.01665	0.00517	0.00603	0.00402	0.00345	0.00230	0.00115	0.00287	0.00201	0.00230	0.00402
37	0.00812	0.00812	0.01137	0.00975	0.00975	0.01137	0.00812	0.00893	0.00568	0.00893	0.00487	0.00812	0.00487	0.00650	0.01218	0.00162	0.86276	0.00325	0.00162	0.00406
38	0.01411	0.01040	0.01114	0.00854	0.01151	0.01151	0.00706	0.83402	0.01745	0.02339	0.00891	0.00891	0.00631	0.00446	0.00371	0.00111	0.00408	0.00334	0.00371	0.00631
39	0.00744	0.01920	0.85032	0.01058	0.01607	0.00862	0.01371	0.01176	0.00784	0.01176	0.00666	0.00784	0.00470	0.00353	0.00353	0.00118	0.00549	0.00274	0.00157	0.00549
40	0.00701	0.00660	0.01113	0.86063	0.02556	0.00825	0.01031	0.00948	0.00742	0.00948	0.00660	0.00990	0.00495	0.00371	0.00371	0.00124	0.00495	0.00330	0.00165	0.00412
41	0.00701	0.00660	0.01113	0.86063	0.02556	0.00825	0.01031	0.00948	0.00742	0.00948	0.00660	0.00990	0.00495	0.00371	0.00371	0.00124	0.00495	0.00330	0.00165	0.00412
42	0.00924	0.00866	0.07583	0.00755	0.00985	0.02297	0.02324	0.17220	0.37903	0.02446	0.11200	0.01566	0.08805	0.00548	0.00411	0.00122	0.02721	0.00448	0.00347	0.00531
43	0.00520	0.00476	0.01921	0.00491	0.00592	0.05461	0.00370	0.00620	0.00795	0.00981	0.05016	0.23623	0.43676	0.01204	0.12326	0.00195	0.00342	0.00752	0.00314	0.00325
44	0.00529	0.00376	0.00431	0.00459	0.00486	0.01948	0.00294	0.00576	0.00643	0.00865	0.01603	0.31051	0.06600	0.41114	0.05841	0.00266	0.00330	0.00705	0.05609	0.00273
45	0.10998	0.00849	0.01160	0.07813	0.22886	0.07718	0.07407	0.01839	0.00777	0.05616	0.00759	0.06040	0.00667	0.00474	0.00558	0.00126	0.20566	0.00362	0.02917	0.00469
46	0.00750	0.03748	0.83250	0.01049	0.01592	0.00875	0.01356	0.01174	0.00783	0.01169	0.00663	0.00780	0.00470	0.00352	0.00350	0.00117	0.00545	0.00273	0.00157	0.00547
47	0.06544	0.20629	0.01227	0.00772	0.01053	0.04337	0.00654	0.44783	0.13398	0.01797	0.00862	0.00870	0.00649	0.00416	0.00332	0.00106	0.00392	0.00304	0.00309	0.00568
48	0.01088	0.67284	0.01751	0.00689	0.00998	0.04000	0.00652	0.17608	0.00962	0.01168	0.00593	0.00657	0.00507	0.00345	0.00268	0.00086	0.00408	0.00227	0.00202	0.00506
49	0.00916	0.17747	0.42965	0.01108	0.10151	0.01797	0.07316	0.06919	0.01691	0.05017	0.00707	0.00813	0.00529	0.00354	0.00341	0.00109	0.00493	0.00288	0.00194	0.00544
50	0.00591	0.02837	0.01391	0.00494	0.00556	0.01762	0.01267	0.00678	0.02469	0.03584	0.15693	0.21077	0.05736	0.36263	0.01051	0.01905	0.00295	0.01748	0.00296	0.00305
51	0.00522	0.00383	0.00468	0.00444	0.00547	0.00343	0.00334	0.00673	0.00991	0.02980	0.59364	0.02976	0.26996	0.00806	0.00437	0.00119	0.00182	0.00698	0.00391	0.00345
52	0.07825	0.00657	0.00863	0.05791	0.01036	0.00610	0.00571	0.04730	0.02049	0.69872	0.01328	0.01188	0.00849	0.00446	0.00363	0.00115	0.00328	0.00358	0.00421	0.00602
53	0.00986	0.08742	0.27383	0.08166	0.01383	0.00919	0.07394	0.19872	0.01921	0.08725	0.02264	0.06551	0.00744	0.00448	0.00391	0.00117	0.02841	0.00368	0.00254	0.00530
54	0.00913	0.00876	0.01496	0.04612	0.82354	0.00880	0.01136	0.01134	0.00842	0.01205	0.00697	0.00921	0.00585	0.00332	0.00368	0.00111	0.00442	0.00331	0.00183	0.00583
55	0.00886	0.00754	0.00805	0.00725	0.00922	0.00863	0.00563	0.02990	0.73613	0.01557	0.10690	0.01532	0.01388	0.00531	0.00384	0.00125	0.00282	0.00446	0.00381	0.00562
56	0.03806	0.00803	0.01325	0.08436	0.55470	0.00806	0.04406	0.02274	0.00872	0.11511	0.03383	0.03697	0.00762	0.00390	0.00373	0.00114	0.00417	0.00369	0.00232	0.00554
57	0.03485	0.03187	0.00745	0.08354	0.00895	0.01543	0.00490	0.03658	0.01776	0.30589	0.01151	0.01552	0.00968	0.25957	0.13788	0.00259	0.00457	0.00409	0.00302	0.00434
58	0.01653	0.00651	0.00873	0.00670	0.00957	0.00574	0.00553	0.05705	0.01095	0.80955	0.01437	0.01246	0.00905	0.00459	0.00373	0.00115	0.00320	0.00371	0.00455	0.00632
59	0.00507	0.00383	0.00468	0.00507	0.00572	0.00365	0.00357	0.02007	0.06254	0.01093	0.13442	0.54184	0.16444	0.01015	0.00455	0.00140	0.00214	0.00903	0.00356	0.00334
60	0.02802	0.40839	0.24237	0.00896	0.05038	0.03495	0.05448	0.05528	0.00852	0.06759	0.00664	0.00747	0.00521	0.00346	0.00305	0.00099	0.00453	0.00259	0.00195	0.00518
61	0.15204	0.01204	0.05618	0.01926	0.04874	0.30136	0.10135	0.06736	0.04444	0.11038	0.00757	0.00838	0.00570	0.00395	0.00384	0.00112	0.04599	0.00296	0.00244	0.00489
62	0.74964	0.05996	0.00685	0.01903	0.00800	0.06949	0.00454	0.02557	0.00690	0.01564	0.00530	0.00618	0.00417	0.00348	0.00242	0.00111	0.00327	0.00208	0.00224	0.00413
63	0.00509	0.00371	0.00497	0.00520	0.00588	0.00340	0.02433	0.00615	0.00825	0.02953	0.21386	0.48972	0.14091	0.00997	0.00459	0.00138	0.00219	0.03402	0.00358	0.00328
64	0.19496	0.02577	0.01035	0.02975	0.17567	0.08168	0.00708	0.33212	0.02644	0.01701	0.00919	0.00985	0.05606	0.00423	0.00340	0.00111	0.00398	0.00324	0.00279	0.00530
65	0.05890	0.00403	0.00501	0.00469	0.00568	0.00381	0.00354	0.00734	0.01022	0.02439	0.77045	0.02639	0.04702	0.00734	0.00425	0.00117	0.00184	0.00642	0.00397	0.00356
66	0.00457	0.00374	0.00378	0.00377	0.00499	0.00317	0.00283	0.00559	0.00849	0.01043	0.06436	0.03413	0.76627	0.00903	0.00428	0.00123	0.00187	0.00753	0.05678	0.00317
67	0.00644	0.00367	0.00488	0.00512	0.00560	0.00344	0.00348	0.00677	0.00698	0.11216	0.02560	0.49711	0.01841	0.14161	0.00821	0.13382	0.00265	0.00780	0.00314	0.00310
68	0.00692	0.00346	0.00346	0.00346	0.00432	0.00346	0.00259	0.00865	0.00778	0.01384	0.01211	0.01384	0.00951	0.00432	0.00259	0.00086	0.00173	0.00346	0.89016	0.00346
69	0.00527	0.00368	0.00385	0.00380	0.00489	0.00329	0.00285	0.00657	0.00856	0.01188	0.14854	0.02800	0.47612	0.00762	0.00385	0.00112	0.00182	0.00636	0.26866	0.00329
70	0.89577	0.00718	0.00546	0.00488	0.00718	0.00833	0.00402	0.01091	0.00632	0.01665	0.00517	0.00603	0.00402	0.00345	0.00230	0.00115	0.00287	0.00201	0.00230	0.00402
71	0.00744	0.01920	0.85032	0.01058	0.01607	0.00862	0.01371	0.01176	0.00784	0.01176	0.00666	0.00784	0.00470	0.00353	0.00353	0.00118	0.00549	0.00274	0.00157	0.00549
72	0.01143	0.00936	0.01015	0.00925	0.07730	0.03628	0.00685	0.36231	0.40096	0.01837	0.01156	0.01117	0.00858	0.00462	0.00373	0.00118	0.00365	0.00371	0.00354	0.00601
73	0.00470	0.00383	0.03027	0.00560	0.02016	0.00329	0.00387	0.00548	0.00716	0.00957	0.02002	0.80034	0.03897	0.02152	0.00485	0.00151	0.00231	0.01008	0.00335	0.00313
74	0.00825	0.09806	0.60452	0.01079	0.03474	0.00939	0.09164	0.03801	0.00820	0.02667	0.00677	0.00803	0.00496	0.00359	0.00378	0.00116	0.03144	0.00289	0.00173	0.00538
75	0.00786	0.01617	0.58595	0.01182	0.01661	0.00891	0.23050	0.01194	0.03146	0.01183	0.00708	0.00859	0.00514	0.00354	0.00398	0.00121	0.02715	0.00323	0.00171	0.00533
76	0.00733	0.00692	0.01171	0.73807	0.14564	0.00833	0.01047	0.00976	0.00757	0.00987	0.00665	0.00979	0.00508	0.00365	0.00371	0.00122	0.00487	0.00330	0.00168	0.00438
77	0.00820	0.01568	0.56857	0.01304	0.19437	0.00871	0.03778	0.06092	0.00850	0.01240	0.00705	0.00876	0.00535	0.02992	0.00406	0.00123	0.00514	0.00303	0.00178	0.00551
78	0.04019	0.00747	0.02071	0.05921	0.05171	0.00717	0.01771	0.18625	0.01155	0.51379	0.03741	0.01170	0.00870	0.00447	0.00371	0.00115	0.00354	0.00364	0.00394	0.00598

[dist]
# distance from previous block
# <min> <max>
0	1

[block]
# block no. 4 follows, 74 sequences, length 18
# corresponding to MSA columns:
# 237-254
name=unknown_E
#
# <colnr> <probs for GDERKNQSTAVLIFYWHMCP>
#	G	D	E	R	K	N	Q	S	T	A	V	L	I	F	Y	W	H	M	C	P
0	0.52562	0.07445	0.03471	0.00662	0.00898	0.25646	0.00548	0.02970	0.00792	0.01385	0.00546	0.00634	0.00437	0.00356	0.00268	0.00107	0.00418	0.00217	0.00214	0.00425
1	0.00777	0.03090	0.14726	0.05567	0.28402	0.01721	0.09763	0.02711	0.04393	0.01198	0.07904	0.07012	0.10129	0.00500	0.00390	0.00118	0.00411	0.00457	0.00237	0.00492
2	0.00940	0.00809	0.00869	0.00772	0.00974	0.00946	0.00606	0.05694	0.75494	0.01552	0.01425	0.01330	0.01074	0.00509	0.00424	0.00127	0.05100	0.00410	0.00365	0.00579
3	0.02223	0.02649	0.05070	0.00605	0.03553	0.04140	0.00459	0.00805	0.02720	0.07104	0.13681	0.26404	0.19153	0.06396	0.00519	0.00144	0.00277	0.03402	0.00326	0.00372
4	0.02059	0.22682	0.27774	0.00992	0.08295	0.06525	0.04416	0.10929	0.02811	0.07622	0.00785	0.00857	0.01931	0.00374	0.00332	0.00106	0.00464	0.00290	0.00220	0.00536
5	0.00531	0.00392	0.00508	0.00477	0.00560	0.00373	0.00357	0.00695	0.01012	0.01427	0.76259	0.02731	0.06217	0.03678	0.00510	0.00127	0.02747	0.00660	0.00393	0.00346
6	0.00595	0.00461	0.00506	0.00478	0.00573	0.05589	0.00358	0.00760	0.01007	0.01416	0.64971	0.02512	0.07063	0.00705	0.00410	0.00112	0.00206	0.00610	0.11316	0.00353
7	0.00896	0.00978	0.20195	0.09166	0.02893	0.00769	0.07190	0.06235	0.20071	0.10817	0.02998	0.06167	0.03869	0.05522	0.00472	0.00136	0.00403	0.00428	0.00286	0.00510
8	0.08172	0.00872	0.07735	0.36517	0.11109	0.03501	0.02240	0.09738	0.02922	0.10945	0.00787	0.00952	0.00575	0.00389	0.00373	0.00119	0.02003	0.00322	0.00234	0.00496
9	0.00876	0.01001	0.02190	0.01564	0.01940	0.00939	0.83292	0.01189	0.00876	0.01189	0.00751	0.01001	0.00563	0.00313	0.00438	0.00125	0.00626	0.00438	0.00188	0.00501
10	0.00476	0.00346	0.00453	0.00532	0.00563	0.00332	0.00362	0.00586	0.04266	0.00978	0.02021	0.80737	0.02390	0.01131	0.00471	0.00150	0.00222	0.03323	0.00346	0.00315
11	0.09699	0.12441	0.15724	0.04142	0.17943	0.06905	0.08980	0.04767	0.03163	0.10250	0.00781	0.02257	0.00604	0.00375	0.00342	0.00110	0.00452	0.00314	0.00226	0.00524
12	0.04431	0.00681	0.00894	0.00753	0.05620	0.00622	0.00577	0.06305	0.04905	0.63048	0.01303	0.01172	0.00851	0.00437	0.00361	0.00111	0.00323	0.00354	0.00411	0.06841
13	0.00670	0.00401	0.00506	0.00484	0.00592	0.00361	0.00361	0.00802	0.00927	0.13447	0.35562	0.21184	0.16703	0.00818	0.00427	0.00124	0.00207	0.00714	0.05338	0.00374
14	0.01007	0.00633	0.00873	0.00984	0.20339	0.01552	0.00618	0.04943	0.04800	0.25451	0.08669	0.12907	0.09190	0.02393	0.00439	0.00125	0.01704	0.00520	0.02355	0.00500
15	0.03143	0.11317	0.08125	0.06853	0.25544	0.02920	0.04839	0.07882	0.00954	0.23527	0.00886	0.00954	0.00642	0.00378	0.00352	0.00110	0.00423	0.00322	0.00267	0.00563
16	0.08805	0.06394	0.08410	0.04483	0.16182	0.00781	0.08783	0.05857	0.03014	0.10887	0.07490	0.07740	0.04817	0.00541	0.02157	0.00128	0.02345	0.00427	0.00268	0.00490
17	0.00506	0.00382	0.00485	0.00521	0.03523	0.00349	0.00359	0.00637	0.00906	0.01232	0.40751	0.23905	0.21055	0.00877	0.00440	0.00126	0.00197	0.00772	0.02640	0.00338

[dist]
# distance from previous block
# <min> <max>
0	6

[block]
# block no. 5 follows, 74 sequences, length 39
# corresponding to MSA columns:
# 261-299
name=unknown_F
#
# <colnr> <probs for GDERKNQSTAVLIFYWHMCP>
#	G	D	E	R	K	N	Q	S	T	A	V	L	I	F	Y	W	H	M	C	P
0	0.02037	0.05537	0.09740	0.01175	0.19550	0.06483	0.09482	0.18166	0.03187	0.07146	0.01169	0.02111	0.10537	0.00451	0.00373	0.00112	0.00429	0.00387	0.00265	0.01663
1	0.03832	0.53911	0.04569	0.00748	0.02646	0.02658	0.03460	0.14058	0.00925	0.03187	0.01744	0.00743	0.00567	0.00363	0.00307	0.00093	0.02779	0.00252	0.02660	0.00500
2	0.00763	0.00360	0.00530	0.00507	0.00542	0.00352	0.00352	0.00644	0.00554	0.10605	0.00749	0.01151	0.00683	0.01222	0.03028	0.76876	0.00335	0.00330	0.00197	0.00220
3	0.01202	0.12302	0.03129	0.01000	0.12156	0.03401	0.01678	0.37233	0.15519	0.07261	0.00945	0.00958	0.00702	0.00419	0.00354	0.00110	0.00398	0.00330	0.00314	0.00589
4	0.01064	0.02547	0.01271	0.17027	0.30185	0.33536	0.03359	0.02524	0.00913	0.01050	0.00640	0.00830	0.00524	0.00367	0.00377	0.00108	0.02710	0.00296	0.00185	0.00487
5	0.00486	0.00378	0.00445	0.00454	0.00553	0.00337	0.00347	0.00612	0.00899	0.01164	0.28860	0.11130	0.41555	0.00914	0.00450	0.00130	0.00205	0.10387	0.00365	0.00327
6	0.00517	0.00373	0.00488	0.00473	0.00553	0.00344	0.00350	0.00679	0.01011	0.01425	0.74707	0.12692	0.03379	0.00807	0.00442	0.00121	0.00180	0.00717	0.00401	0.00344
7	0.00462	0.00377	0.00408	0.00400	0.00515	0.00323	0.00300	0.00577	0.00900	0.01131	0.25093	0.03361	0.63076	0.00892	0.00438	0.00123	0.00185	0.00754	0.00362	0.00323
8	0.01665	0.00632	0.00861	0.00660	0.00948	0.00546	0.00546	0.01809	0.01062	0.84897	0.01464	0.01263	0.00919	0.00459	0.00373	0.00115	0.00316	0.00373	0.00459	0.00632
9	0.00530	0.00398	0.00597	0.00597	0.00663	0.00464	0.00464	0.00663	0.00597	0.00862	0.00994	0.01458	0.00928	0.02784	0.85484	0.00597	0.00994	0.00398	0.00199	0.00331
10	0.00744	0.01920	0.85032	0.01058	0.01607	0.00862	0.01371	0.01176	0.00784	0.01176	0.00666	0.00784	0.00470	0.00353	0.00353	0.00118	0.00549	0.00274	0.00157	0.00549
11	0.00770	0.00660	0.00770	0.00550	0.00880	0.00495	0.00440	0.00935	0.00770	0.01210	0.00660	0.00770	0.00550	0.00275	0.00275	0.00055	0.00275	0.00220	0.00220	0.89224
12	0.00501	0.00378	0.00462	0.00441	0.00540	0.00340	0.00331	0.00653	0.00993	0.01352	0.61776	0.02997	0.26255	0.00810	0.00438	0.00119	0.00179	0.00703	0.00391	0.00340
13	0.00645	0.00322	0.00484	0.00484	0.00484	0.00322	0.00322	0.00484	0.00484	0.00645	0.00645	0.01128	0.00645	0.01289	0.01451	0.89201	0.00322	0.00322	0.00161	0.00161
14	0.01665	0.00632	0.00861	0.00660	0.00948	0.00546	0.00546	0.01809	0.01062	0.84897	0.01464	0.01263	0.00919	0.00459	0.00373	0.00115	0.00316	0.00373	0.00459	0.00632
15	0.00439	0.00376	0.00376	0.00376	0.00501	0.00313	0.00282	0.00533	0.00846	0.01003	0.03760	0.03572	0.84489	0.00940	0.00439	0.00125	0.00188	0.00783	0.00345	0.00313
16	0.89577	0.00718	0.00546	0.00488	0.00718	0.00833	0.00402	0.01091	0.00632	0.01665	0.00517	0.00603	0.00402	0.00345	0.00230	0.00115	0.00287	0.00201	0.00230	0.00402
17	0.00938	0.00805	0.00848	0.00758	0.00971	0.00930	0.00591	0.04423	0.81495	0.01576	0.01492	0.01370	0.01118	0.00502	0.00377	0.00125	0.00297	0.00417	0.00377	0.00589
18	0.89577	0.00718	0.00546	0.00488	0.00718	0.00833	0.00402	0.01091	0.00632	0.01665	0.00517	0.00603	0.00402	0.00345	0.00230	0.00115	0.00287	0.00201	0.00230	0.00402
19	0.00757	0.00681	0.01117	0.03591	0.51450	0.00679	0.00871	0.00933	0.00810	0.01127	0.01189	0.23107	0.01243	0.00625	0.00412	0.00128	0.00373	0.10182	0.00243	0.00482
20	0.00883	0.00520	0.00723	0.00742	0.10608	0.00485	0.00503	0.01087	0.04013	0.23194	0.49940	0.02110	0.02399	0.00621	0.00411	0.00116	0.00247	0.00544	0.00394	0.00460
21	0.01539	0.00608	0.00830	0.00663	0.00926	0.00532	0.00552	0.01686	0.01038	0.74996	0.01524	0.01609	0.01063	0.00526	0.00390	0.00121	0.00319	0.10035	0.00446	0.00597
22	0.00975	0.00833	0.00948	0.00946	0.10873	0.00943	0.00665	0.10580	0.65355	0.01597	0.01349	0.01277	0.01015	0.00477	0.00376	0.00122	0.00323	0.00400	0.00354	0.00592
23	0.01064	0.00871	0.00879	0.00735	0.02657	0.11538	0.00567	0.09643	0.23438	0.11957	0.03046	0.01050	0.00826	0.00404	0.00338	0.00095	0.00350	0.00320	0.00308	0.29915
24	0.00930	0.17147	0.42883	0.01022	0.02632	0.00961	0.13757	0.03410	0.02823	0.09905	0.00762	0.00852	0.00554	0.00357	0.00348	0.00111	0.00497	0.00302	0.00205	0.00540
25	0.00893	0.21096	0.04393	0.01316	0.01679	0.01051	0.60544	0.01161	0.00845	0.01112	0.00738	0.00939	0.01782	0.00324	0.00389	0.00114	0.00564	0.00383	0.00182	0.00494
26	0.01520	0.00601	0.00804	0.00627	0.00895	0.00518	0.00514	0.01658	0.01037	0.74983	0.01736	0.01536	0.10794	0.00516	0.00381	0.00116	0.00301	0.00422	0.00446	0.00594
27	0.00854	0.01157	0.16224	0.01479	0.01883	0.00926	0.69414	0.01187	0.00860	0.01187	0.00737	0.00964	0.00547	0.00320	0.00424	0.00124	0.00613	0.00410	0.00182	0.00509
28	0.00849	0.31186	0.52882	0.00918	0.01374	0.03407	0.02380	0.01162	0.00782	0.01065	0.00613	0.00719	0.00474	0.00341	0.00314	0.00104	0.00501	0.00250	0.00159	0.00520
29	0.00704	0.00478	0.00583	0.00545	0.00679	0.00466	0.00427	0.01002	0.14295	0.10124	0.40007	0.02685	0.15426	0.00746	0.00430	0.00126	0.00231	0.10244	0.00391	0.00411
30	0.00786	0.00771	0.01071	0.00914	0.00946	0.01035	0.02705	0.03140	0.00641	0.00953	0.00891	0.01145	0.10419	0.00670	0.01084	0.00156	0.71694	0.00382	0.00190	0.00404
31	0.01223	0.00913	0.15280	0.01062	0.16405	0.00711	0.03091	0.03702	0.02066	0.40533	0.04323	0.02801	0.00875	0.00449	0.00418	0.00118	0.04755	0.00372	0.00327	0.00577
32	0.07587	0.09061	0.11342	0.00708	0.00985	0.01701	0.01843	0.15438	0.01008	0.31034	0.02231	0.01193	0.00817	0.11554	0.01763	0.00150	0.00388	0.00351	0.00320	0.00525
33	0.00454	0.00382	0.00395	0.00398	0.00517	0.00328	0.00296	0.00571	0.02778	0.01030	0.06599	0.09056	0.74043	0.00938	0.00440	0.00127	0.00192	0.00789	0.00348	0.00320
34	0.00727	0.00686	0.01160	0.76163	0.12256	0.00831	0.01044	0.00971	0.00754	0.00980	0.00664	0.00981	0.00506	0.00366	0.00371	0.00122	0.00488	0.00330	0.00167	0.00433
35	0.04161	0.08647	0.09965	0.01327	0.22257	0.05966	0.18389	0.05649	0.04147	0.13408	0.00826	0.00933	0.00618	0.00368	0.00377	0.00113	0.01728	0.00336	0.00239	0.00546
36	0.00607	0.00387	0.00546	0.00531	0.00554	0.00419	0.00378	0.00583	0.00600	0.00835	0.12671	0.03435	0.01204	0.11351	0.14693	0.42914	0.07406	0.00426	0.00214	0.00246
37	0.00494	0.00339	0.00442	0.00511	0.00549	0.00313	0.00347	0.00564	0.00729	0.03654	0.02128	0.74822	0.08291	0.03214	0.00503	0.00153	0.00222	0.02068	0.00345	0.00312
38	0.04702	0.00790	0.02075	0.04943	0.21679	0.00797	0.00747	0.18342	0.04075	0.27994	0.04667	0.03323	0.00881	0.00453	0.00394	0.00116	0.02744	0.00376	0.00331	0.00572

[dist]
# distance from previous block
# <min> <max>
2	7

[block]
# block no. 6 follows, 74 sequences, length 39
# corresponding to MSA columns:
# 307-345
name=unknown_G
#
# <colnr> <probs for GDERKNQSTAVLIFYWHMCP>
#	G	D	E	R	K	N	Q	S	T	A	V	L	I	F	Y	W	H	M	C	P
0	0.03599	0.00747	0.00891	0.00694	0.00975	0.06207	0.00569	0.09418	0.01116	0.69752	0.01331	0.01175	0.00851	0.00450	0.00367	0.00113	0.00347	0.00357	0.00428	0.00613
1	0.00924	0.28696	0.37970	0.00871	0.02242	0.02399	0.02445	0.07021	0.00862	0.06381	0.00776	0.06430	0.00646	0.00408	0.00328	0.00107	0.00456	0.00315	0.00205	0.00518
2	0.02766	0.12036	0.27907	0.01070	0.12144	0.09262	0.02439	0.13080	0.06043	0.08623	0.00795	0.00861	0.00590	0.00379	0.00344	0.00109	0.00468	0.00296	0.00237	0.00551
3	0.00730	0.00611	0.00664	0.00624	0.00779	0.00666	0.00474	0.01378	0.48487	0.01374	0.12830	0.13158	0.15301	0.00696	0.00408	0.00128	0.00251	0.00596	0.00372	0.00474
4	0.00750	0.00740	0.01131	0.78728	0.02451	0.06407	0.02689	0.00988	0.00765	0.00951	0.00656	0.00969	0.00495	0.00371	0.00370	0.00122	0.00509	0.00326	0.00167	0.00415
5	0.00447	0.00376	0.00388	0.00385	0.00507	0.00317	0.00289	0.00549	0.00867	0.01051	0.11832	0.03492	0.76387	0.00922	0.00439	0.00124	0.00187	0.00772	0.00351	0.00317
6	0.00447	0.00351	0.00405	0.00446	0.00520	0.00309	0.00314	0.00529	0.00786	0.00987	0.04816	0.43577	0.43111	0.01043	0.00456	0.00137	0.00201	0.00912	0.00346	0.00309
7	0.00530	0.00398	0.00597	0.00597	0.00663	0.00464	0.00464	0.00663	0.00597	0.00862	0.00994	0.01458	0.00928	0.02784	0.85484	0.00597	0.00994	0.00398	0.00199	0.00331
8	0.89577	0.00718	0.00546	0.00488	0.00718	0.00833	0.00402	0.01091	0.00632	0.01665	0.00517	0.00603	0.00402	0.00345	0.00230	0.00115	0.00287	0.00201	0.00230	0.00402
9	0.89577	0.00718	0.00546	0.00488	0.00718	0.00833	0.00402	0.01091	0.00632	0.01665	0.00517	0.00603	0.00402	0.00345	0.00230	0.00115	0.00287	0.00201	0.00230	0.00402
10	0.01411	0.01040	0.01114	0.00854	0.01151	0.01151	0.00706	0.83402	0.01745	0.02339	0.00891	0.00891	0.00631	0.00446	0.00371	0.00111	0.00408	0.00334	0.00371	0.00631
11	0.00699	0.00418	0.00552	0.00496	0.00614	0.00380	0.00380	0.00869	0.01052	0.14157	0.71841	0.02543	0.03110	0.00713	0.00428	0.00116	0.00196	0.00626	0.00416	0.00393
12	0.01333	0.01443	0.01030	0.00898	0.01117	0.52977	0.00692	0.19300	0.12973	0.03513	0.00799	0.00835	0.00616	0.00415	0.00350	0.00104	0.00550	0.00289	0.00264	0.00501
13	0.41889	0.02156	0.23695	0.00704	0.01028	0.00812	0.00719	0.03540	0.00787	0.17664	0.00751	0.00795	0.00531	0.00381	0.00326	0.00117	0.03095	0.00262	0.00255	0.00494
14	0.07899	0.00886	0.01228	0.01570	0.46529	0.04451	0.00887	0.13723	0.03643	0.12893	0.02204	0.00972	0.00686	0.00381	0.00358	0.00111	0.00408	0.00332	0.00264	0.00576
15	0.01374	0.01729	0.01040	0.00943	0.01134	0.82319	0.00708	0.02956	0.01059	0.00943	0.00592	0.00687	0.00490	0.00385	0.00334	0.00096	0.00655	0.00243	0.01882	0.00432
16	0.01037	0.00513	0.00598	0.00508	0.00676	0.00499	0.00403	0.10938	0.01001	0.25199	0.09474	0.01428	0.01156	0.00474	0.00323	0.00100	0.00242	0.00384	0.44585	0.00461
17	0.12788	0.03841	0.02267	0.05113	0.41948	0.00829	0.00846	0.05488	0.03813	0.09410	0.05100	0.01003	0.00756	0.00378	0.00345	0.00109	0.00382	0.00327	0.00245	0.05013
18	0.00860	0.16761	0.52523	0.00961	0.03318	0.00997	0.01096	0.06931	0.10821	0.01248	0.00757	0.00833	0.00565	0.00370	0.00337	0.00111	0.00479	0.00284	0.00199	0.00547
19	0.00475	0.00333	0.00424	0.00487	0.00503	0.00317	0.00313	0.00523	0.00665	0.00887	0.01814	0.64370	0.02162	0.23905	0.00849	0.00206	0.00254	0.00919	0.00313	0.00281
20	0.04498	0.00727	0.01011	0.03836	0.17782	0.00715	0.02954	0.14729	0.01059	0.36636	0.01178	0.08380	0.00895	0.00479	0.00373	0.00116	0.00356	0.00410	0.03300	0.00566
21	0.01884	0.22055	0.02495	0.03390	0.34189	0.00998	0.03505	0.04674	0.12461	0.04142	0.00854	0.03354	0.00721	0.03266	0.00392	0.00115	0.00402	0.00341	0.00228	0.00534
22	0.00832	0.01005	0.13754	0.01514	0.24216	0.00821	0.35648	0.01109	0.00857	0.02283	0.06319	0.02282	0.00847	0.02061	0.00432	0.00125	0.00502	0.02683	0.02203	0.00507
23	0.01042	0.03175	0.03137	0.00890	0.11221	0.01770	0.04441	0.07524	0.00931	0.19598	0.04691	0.01004	0.00770	0.00380	0.00372	0.00093	0.04017	0.00312	0.00281	0.34352
24	0.00979	0.76545	0.01790	0.00637	0.00934	0.06223	0.00617	0.01095	0.00777	0.00884	0.00733	0.00796	0.06015	0.00362	0.00257	0.00083	0.00399	0.00239	0.00173	0.00463
25	0.00470	0.00374	0.00422	0.00417	0.00522	0.00325	0.00310	0.00590	0.00909	0.01169	0.31830	0.08774	0.50793	0.00891	0.00441	0.00124	0.00185	0.00762	0.00367	0.00325
26	0.01002	0.85178	0.01924	0.00643	0.00957	0.03436	0.00637	0.01120	0.00761	0.00874	0.00517	0.00597	0.00476	0.00319	0.00240	0.00080	0.00403	0.00199	0.00160	0.00475
27	0.89577	0.00718	0.00546	0.00488	0.00718	0.00833	0.00402	0.01091	0.00632	0.01665	0.00517	0.00603	0.00402	0.00345	0.00230	0.00115	0.00287	0.00201	0.00230	0.00402
28	0.00577	0.00369	0.00420	0.00413	0.00423	0.00366	0.00236	0.00582	0.00557	0.03520	0.01179	0.02390	0.01335	0.84078	0.01839	0.00352	0.00358	0.00534	0.00233	0.00238
29	0.00452	0.00323	0.00431	0.00517	0.00538	0.00301	0.00345	0.00517	0.00711	0.00948	0.02046	0.86713	0.02455	0.01163	0.00474	0.00151	0.00215	0.01055	0.00345	0.00301
30	0.00525	0.00379	0.00496	0.00467	0.00555	0.00350	0.00350	0.00700	0.01051	0.01488	0.84444	0.02773	0.03502	0.00759	0.00438	0.00117	0.00175	0.00671	0.00409	0.00350
31	0.89577	0.00718	0.00546	0.00488	0.00718	0.00833	0.00402	0.01091	0.00632	0.01665	0.00517	0.00603	0.00402	0.00345	0.00230	0.00115	0.00287	0.00201	0.00230	0.00402
32	0.87591	0.00725	0.00558	0.00496	0.00728	0.00840	0.00409	0.02945	0.00657	0.01681	0.00525	0.00609	0.00407	0.00347	0.00233	0.00115	0.00290	0.00204	0.00233	0.00407
33	0.01665	0.00632	0.00861	0.00660	0.00948	0.00546	0.00546	0.01809	0.01062	0.84897	0.01464	0.01263	0.00919	0.00459	0.00373	0.00115	0.00316	0.00373	0.00459	0.00632
34	0.01394	0.01023	0.01096	0.00842	0.01134	0.01132	0.00695	0.81471	0.01723	0.02317	0.00899	0.00903	0.00639	0.00445	0.00369	0.00111	0.00403	0.00334	0.02445	0.00625
35	0.00452	0.00325	0.00429	0.00512	0.00537	0.00302	0.00343	0.00517	0.00715	0.00949	0.02100	0.84077	0.05056	0.01156	0.00473	0.00150	0.00214	0.01047	0.00345	0.00302
36	0.00931	0.00877	0.01431	0.02093	0.74328	0.00893	0.01074	0.03205	0.09112	0.01274	0.00783	0.00964	0.00643	0.00351	0.00369	0.00112	0.00426	0.00340	0.00207	0.00589
37	0.00797	0.00734	0.06323	0.00589	0.00924	0.00520	0.00506	0.00977	0.00777	0.04498	0.00701	0.00809	0.00570	0.00357	0.02657	0.00077	0.00315	0.00234	0.00225	0.77410
38	0.02054	0.07124	0.50764	0.00946	0.01392	0.00828	0.05786	0.01348	0.02725	0.22205	0.00879	0.00916	0.00603	0.00378	0.00354	0.00115	0.00476	0.00306	0.00241	0.00561

[dist]
# distance from previous block
# <min> <max>
0	1

[block]
# block no. 7 follows, 74 sequences, length 8
# corresponding to MSA columns:
# 347-354
name=unknown_H
#
# <colnr> <probs for GDERKNQSTAVLIFYWHMCP>
#	G	D	E	R	K	N	Q	S	T	A	V	L	I	F	Y	W	H	M	C	P
0	0.00562	0.00358	0.00396	0.00396	0.00409	0.00358	0.00230	0.00586	0.00574	0.00815	0.01175	0.02279	0.01292	0.74540	0.01655	0.00321	0.00333	0.00512	0.12965	0.00242
1	0.04056	0.05698	0.00780	0.00810	0.15116	0.00557	0.00522	0.00832	0.00925	0.03991	0.43745	0.07114	0.09871	0.00669	0.00435	0.00118	0.03447	0.00577	0.00331	0.00406
2	0.01036	0.41442	0.13442	0.00831	0.01175	0.06921	0.07891	0.15815	0.00967	0.01227	0.00637	0.00725	0.00515	0.00347	0.00304	0.00094	0.00452	0.00258	0.00205	0.05718
3	0.00457	0.00379	0.00415	0.00413	0.00528	0.00337	0.00312	0.00562	0.00823	0.01012	0.08288	0.03220	0.67556	0.01194	0.12642	0.00192	0.00303	0.00721	0.00328	0.00318
4	0.00526	0.00383	0.00414	0.00404	0.00523	0.00331	0.00303	0.00642	0.00878	0.04487	0.16537	0.05553	0.57779	0.00850	0.00420	0.00121	0.00190	0.00716	0.08607	0.00335
5	0.01094	0.06315	0.01105	0.11243	0.06037	0.43841	0.03590	0.01269	0.04106	0.01008	0.00699	0.04056	0.00600	0.00391	0.00337	0.00097	0.00529	0.00295	0.00203	0.13184
6	0.01275	0.00763	0.00946	0.00740	0.00994	0.00775	0.05514	0.32747	0.04688	0.28145	0.07667	0.01306	0.03428	0.00482	0.00373	0.00112	0.00341	0.00397	0.08746	0.00564
7	0.04827	0.00770	0.01072	0.22384	0.18851	0.05293	0.02250	0.03574	0.02224	0.23200	0.00913	0.01030	0.00663	0.00409	0.00409	0.00117	0.05586	0.00335	0.05581	0.00513

[dist]
# distance from previous block
# <min> <max>
0	11

# created by:
# /home/cegg/simao/soft/augustus-3.2.1/scripts/msa2prfl.pl ./align_prep/EOG092C484E.fa
