[name]
unknown

[dist]
# distance from previous block
# <min> <max>
8	872

[block]
# block no. 0 follows, 67 sequences, length 6
# corresponding to MSA columns:
# 1056-1061
name=unknown_A
#
# <colnr> <probs for GDERKNQSTAVLIFYWHMCP>
#	G	D	E	R	K	N	Q	S	T	A	V	L	I	F	Y	W	H	M	C	P
0	0.03746	0.30836	0.20419	0.10891	0.01396	0.03002	0.05021	0.01121	0.00822	0.01107	0.00816	0.10020	0.00755	0.00466	0.00371	0.00114	0.02455	0.00370	0.00203	0.06069
1	0.01084	0.43826	0.21031	0.00815	0.01184	0.05577	0.00855	0.01297	0.00877	0.11545	0.00807	0.00963	0.00658	0.00537	0.04614	0.00133	0.00503	0.02933	0.00223	0.00539
2	0.10504	0.28898	0.30463	0.00835	0.01231	0.01122	0.00914	0.10821	0.00956	0.01371	0.03554	0.01034	0.05874	0.00434	0.00338	0.00113	0.00453	0.00318	0.00228	0.00538
3	0.03955	0.34662	0.20806	0.00862	0.01233	0.08056	0.00874	0.19669	0.01081	0.01406	0.00716	0.00836	0.00580	0.03205	0.00386	0.00116	0.00489	0.00283	0.00231	0.00555
4	0.00874	0.30787	0.39171	0.00862	0.01304	0.01064	0.00995	0.01161	0.00839	0.01147	0.00926	0.01011	0.07021	0.00408	0.00336	0.00105	0.00470	0.00304	0.00194	0.11021
5	0.01063	0.30633	0.27610	0.00890	0.01262	0.13922	0.00925	0.10023	0.00972	0.01212	0.00718	0.00910	0.00605	0.07103	0.00468	0.00129	0.00524	0.00292	0.00207	0.00529

[dist]
# distance from previous block
# <min> <max>
7	14

[block]
# block no. 1 follows, 67 sequences, length 20
# corresponding to MSA columns:
# 1076-1095
name=unknown_B
#
# <colnr> <probs for GDERKNQSTAVLIFYWHMCP>
#	G	D	E	R	K	N	Q	S	T	A	V	L	I	F	Y	W	H	M	C	P
0	0.00913	0.00823	0.01323	0.40258	0.26708	0.00922	0.03735	0.08225	0.02704	0.02384	0.05432	0.01154	0.00784	0.00428	0.00428	0.00129	0.02508	0.00384	0.00229	0.00530
1	0.00875	0.00820	0.01366	0.45140	0.36188	0.00924	0.01134	0.02926	0.00868	0.01184	0.00741	0.01038	0.00588	0.00393	0.00421	0.00128	0.02656	0.00357	0.01724	0.00528
2	0.03597	0.00778	0.01248	0.48447	0.15445	0.00900	0.03632	0.01112	0.02212	0.03974	0.01963	0.01060	0.00628	0.00424	0.00475	0.00130	0.08081	0.00358	0.00206	0.05330
3	0.00881	0.00854	0.01434	0.44330	0.22029	0.02081	0.11523	0.03080	0.04592	0.01197	0.00780	0.01057	0.00604	0.00393	0.00419	0.00129	0.01640	0.00372	0.00204	0.02402
4	0.00834	0.00800	0.01289	0.54822	0.24030	0.03022	0.01101	0.01076	0.00832	0.01097	0.00768	0.04025	0.00636	0.00431	0.00436	0.00132	0.03605	0.00382	0.00191	0.00492
5	0.09929	0.18473	0.05740	0.26592	0.01692	0.05061	0.09640	0.04010	0.00876	0.03455	0.02085	0.00927	0.00602	0.00394	0.00384	0.00117	0.03192	0.00317	0.00212	0.06300
6	0.20341	0.00912	0.09110	0.23801	0.10485	0.00872	0.02224	0.05576	0.03964	0.08990	0.00890	0.01033	0.02556	0.00419	0.00378	0.00124	0.01884	0.00334	0.00253	0.05854
7	0.04260	0.00640	0.00970	0.42852	0.03866	0.00724	0.00811	0.01085	0.00872	0.13943	0.09776	0.08290	0.02541	0.04428	0.00516	0.00146	0.03060	0.00479	0.00281	0.00459
8	0.03431	0.01587	0.01079	0.00959	0.01163	0.61445	0.00732	0.03399	0.01096	0.11775	0.00791	0.02745	0.00643	0.01756	0.00452	0.00117	0.05779	0.00309	0.00252	0.00489
9	0.01075	0.00863	0.01385	0.23092	0.05721	0.04790	0.21463	0.01346	0.03840	0.18020	0.02923	0.01202	0.00787	0.00418	0.00411	0.00123	0.00493	0.01667	0.00276	0.10106
10	0.00582	0.00392	0.00452	0.00452	0.00458	0.00397	0.00262	0.00593	0.00588	0.00789	0.01250	0.02548	0.01425	0.79878	0.08024	0.00407	0.00439	0.00572	0.00241	0.00251
11	0.00504	0.00380	0.00442	0.00479	0.00541	0.00344	0.00324	0.00578	0.00803	0.01026	0.06263	0.37089	0.31766	0.16661	0.00777	0.00193	0.00249	0.00913	0.00352	0.00318
12	0.01047	0.78228	0.09800	0.00729	0.01096	0.01525	0.00761	0.01207	0.00818	0.00974	0.00573	0.00662	0.00514	0.00347	0.00269	0.00090	0.00444	0.00222	0.00171	0.00522
13	0.00641	0.08371	0.12857	0.00600	0.00810	0.00598	0.00556	0.00886	0.06372	0.01252	0.22426	0.02643	0.33187	0.03745	0.03201	0.00153	0.00319	0.00631	0.00335	0.00419
14	0.00769	0.01826	0.71397	0.01070	0.01583	0.00851	0.01337	0.01185	0.00847	0.01247	0.00936	0.07294	0.00802	0.00500	0.00404	0.00134	0.00549	0.06514	0.00199	0.00556
15	0.01799	0.00683	0.00931	0.00714	0.01024	0.00589	0.00589	0.01954	0.01148	0.83682	0.01582	0.01365	0.00993	0.00496	0.00403	0.00124	0.00341	0.00403	0.00496	0.00683
16	0.05642	0.12575	0.62436	0.01004	0.01516	0.00975	0.01241	0.01247	0.00847	0.03914	0.00870	0.00964	0.04275	0.00408	0.00363	0.00122	0.00531	0.00310	0.00194	0.00566
17	0.00568	0.00410	0.00536	0.00505	0.00599	0.00378	0.00378	0.00757	0.01135	0.01608	0.83192	0.02996	0.03784	0.00820	0.00473	0.00126	0.00189	0.00725	0.00441	0.00378
18	0.01153	0.63994	0.06166	0.00759	0.01111	0.01481	0.00744	0.18114	0.01040	0.01292	0.00651	0.00721	0.00549	0.00374	0.00294	0.00095	0.00440	0.00249	0.00219	0.00554
19	0.00986	0.51194	0.33227	0.00868	0.01306	0.01325	0.00992	0.03987	0.00864	0.01122	0.00633	0.00732	0.00518	0.00362	0.00309	0.00103	0.00492	0.00251	0.00179	0.00550

[dist]
# distance from previous block
# <min> <max>
25	50

[block]
# block no. 2 follows, 67 sequences, length 14
# corresponding to MSA columns:
# 1150-1163
name=unknown_C
#
# <colnr> <probs for GDERKNQSTAVLIFYWHMCP>
#	G	D	E	R	K	N	Q	S	T	A	V	L	I	F	Y	W	H	M	C	P
0	0.06736	0.13091	0.05070	0.27742	0.03262	0.05834	0.05557	0.05448	0.08384	0.02306	0.01887	0.05244	0.00753	0.00474	0.00444	0.00128	0.06529	0.00379	0.00235	0.00497
1	0.08515	0.50040	0.02925	0.06538	0.01106	0.01241	0.00673	0.03942	0.05377	0.06281	0.01006	0.01123	0.06632	0.00446	0.00315	0.00106	0.00400	0.02587	0.00240	0.00510
2	0.01176	0.54630	0.06223	0.09639	0.01250	0.01269	0.00755	0.01344	0.00885	0.18279	0.00797	0.00851	0.00616	0.00383	0.00310	0.00101	0.00431	0.00273	0.00240	0.00547
3	0.05089	0.00755	0.01110	0.46136	0.03535	0.00873	0.00909	0.05717	0.04931	0.19605	0.00946	0.01116	0.00675	0.00453	0.00459	0.00133	0.06393	0.00365	0.00276	0.00523
4	0.09666	0.05985	0.01055	0.23708	0.02223	0.00824	0.06003	0.03897	0.00828	0.03509	0.04688	0.18501	0.01179	0.02891	0.02111	0.00156	0.10547	0.01532	0.00259	0.00436
5	0.00943	0.00987	0.01219	0.01051	0.01073	0.10054	0.00867	0.01033	0.00670	0.00967	0.00536	0.00861	0.00525	0.00671	0.01215	0.00168	0.76199	0.00341	0.00179	0.00441
6	0.00959	0.00727	0.01192	0.58462	0.02269	0.00834	0.06001	0.01244	0.04625	0.15831	0.00959	0.03555	0.00713	0.00445	0.00409	0.00133	0.00490	0.00399	0.00253	0.00499
7	0.05708	0.05950	0.21964	0.29910	0.01962	0.00917	0.16231	0.01179	0.00851	0.05685	0.00843	0.05521	0.00674	0.00430	0.00399	0.00130	0.00531	0.00392	0.00212	0.00510
8	0.00508	0.00361	0.00476	0.00552	0.00578	0.00344	0.00370	0.00579	0.00757	0.01013	0.04180	0.69092	0.02479	0.10539	0.03909	0.00206	0.00285	0.03096	0.00354	0.00320
9	0.01117	0.77372	0.02001	0.00722	0.01051	0.10203	0.00695	0.01243	0.00848	0.00948	0.00564	0.00652	0.00515	0.00350	0.00268	0.00088	0.00460	0.00219	0.00175	0.00509
10	0.00843	0.00814	0.01256	0.58507	0.02326	0.05023	0.09057	0.03208	0.07049	0.01147	0.00886	0.01309	0.00713	0.00454	0.00417	0.00135	0.00528	0.05636	0.00218	0.00471
11	0.00869	0.04604	0.01285	0.46774	0.05278	0.05461	0.09396	0.05507	0.03084	0.01173	0.05335	0.01236	0.00807	0.05741	0.00519	0.00145	0.01703	0.00394	0.00220	0.00469
12	0.00759	0.00808	0.06785	0.49748	0.03510	0.05511	0.00933	0.00980	0.00820	0.01060	0.05419	0.11611	0.01022	0.05260	0.00543	0.00150	0.03955	0.00475	0.00221	0.00431
13	0.05754	0.03937	0.23750	0.20098	0.01920	0.08453	0.24823	0.01226	0.00885	0.01210	0.00773	0.01071	0.00606	0.00400	0.00406	0.00129	0.00587	0.03263	0.00196	0.00514

[dist]
# distance from previous block
# <min> <max>
2	4

[block]
# block no. 3 follows, 67 sequences, length 19
# corresponding to MSA columns:
# 1168-1186
name=unknown_D
#
# <colnr> <probs for GDERKNQSTAVLIFYWHMCP>
#	G	D	E	R	K	N	Q	S	T	A	V	L	I	F	Y	W	H	M	C	P
0	0.01141	0.11260	0.27209	0.05225	0.01402	0.00963	0.06000	0.15535	0.02516	0.16825	0.02748	0.01119	0.00772	0.04970	0.00472	0.00135	0.00478	0.00360	0.00288	0.00583
1	0.04480	0.29802	0.22007	0.00916	0.01302	0.01199	0.05854	0.16966	0.02664	0.07670	0.00790	0.00861	0.00599	0.00406	0.00373	0.00114	0.02869	0.00302	0.00250	0.00578
2	0.00872	0.01073	0.25265	0.07216	0.05820	0.00734	0.10717	0.01175	0.03161	0.10351	0.03305	0.11819	0.01259	0.00638	0.00446	0.00143	0.00464	0.14745	0.00285	0.00512
3	0.01090	0.65118	0.08548	0.00761	0.01109	0.05333	0.00755	0.05635	0.06381	0.01106	0.00667	0.00738	0.00571	0.00370	0.00290	0.00095	0.00449	0.00247	0.00201	0.00536
4	0.01333	0.03861	0.00848	0.00661	0.00903	0.00558	0.00535	0.01481	0.01045	0.50371	0.09757	0.13800	0.01524	0.00646	0.00419	0.00126	0.00312	0.04185	0.00435	0.07200
5	0.03689	0.01628	0.52953	0.03664	0.01666	0.00934	0.12630	0.01300	0.00863	0.08788	0.00790	0.00930	0.00566	0.00412	0.00469	0.00132	0.07472	0.00335	0.00207	0.00572
6	0.00950	0.06033	0.17168	0.14217	0.26667	0.00957	0.19239	0.01246	0.00903	0.05658	0.02647	0.01042	0.00673	0.00381	0.00406	0.00125	0.00535	0.00374	0.00211	0.00567
7	0.00619	0.00647	0.06792	0.00767	0.00952	0.00526	0.15493	0.00819	0.02561	0.01216	0.14995	0.23440	0.25437	0.00868	0.00478	0.00142	0.00331	0.03176	0.00338	0.00404
8	0.01728	0.00667	0.00908	0.00702	0.00999	0.00577	0.00577	0.01886	0.01147	0.78958	0.06279	0.01459	0.01153	0.00515	0.00407	0.00124	0.00333	0.00422	0.00493	0.00665
9	0.01056	0.03013	0.34303	0.09448	0.14290	0.00884	0.11332	0.01381	0.00926	0.18150	0.00910	0.01023	0.00642	0.00397	0.00399	0.00126	0.00525	0.00354	0.00246	0.00595
10	0.06342	0.07910	0.17690	0.10209	0.02435	0.06864	0.02237	0.04479	0.05565	0.15464	0.01334	0.03410	0.10038	0.03771	0.00449	0.00134	0.00440	0.00416	0.00288	0.00524
11	0.00525	0.00377	0.00490	0.00544	0.00580	0.00371	0.00372	0.00598	0.00727	0.00971	0.01968	0.47958	0.07554	0.18201	0.13836	0.00281	0.00397	0.03611	0.00322	0.00317
12	0.00948	0.05263	0.06929	0.31303	0.29235	0.02832	0.03424	0.04932	0.00928	0.04386	0.03962	0.01077	0.00717	0.00410	0.00411	0.00125	0.01996	0.00363	0.00218	0.00543
13	0.00931	0.06985	0.45902	0.04531	0.05504	0.04933	0.19889	0.01299	0.00894	0.04311	0.00759	0.00917	0.00557	0.00374	0.00396	0.00125	0.00591	0.00339	0.00193	0.00569
14	0.00792	0.00748	0.01265	0.72953	0.14483	0.00900	0.01131	0.01055	0.00818	0.01066	0.00719	0.01058	0.00549	0.00395	0.00400	0.00132	0.00526	0.00357	0.00181	0.00473
15	0.00641	0.06229	0.00808	0.00694	0.00775	0.00656	0.00556	0.00777	0.00653	0.00936	0.00978	0.01434	0.00916	0.02568	0.69284	0.00554	0.10549	0.00406	0.00207	0.00378
16	0.57415	0.00762	0.00801	0.17500	0.05413	0.00868	0.00627	0.01234	0.00768	0.10362	0.00709	0.00828	0.00524	0.00390	0.00303	0.00126	0.00367	0.00272	0.00258	0.00473
17	0.14858	0.00978	0.06687	0.42736	0.11605	0.09954	0.00991	0.01163	0.00833	0.02300	0.00688	0.00938	0.00533	0.00404	0.00406	0.00128	0.03798	0.00320	0.00198	0.00481
18	0.01204	0.02978	0.01215	0.23981	0.04831	0.07975	0.06562	0.15535	0.10216	0.17077	0.01050	0.01178	0.00768	0.00495	0.01723	0.00134	0.00484	0.01713	0.00312	0.00568

[dist]
# distance from previous block
# <min> <max>
7	12

[block]
# block no. 4 follows, 67 sequences, length 40
# corresponding to MSA columns:
# 1207-1218,1224-1251
name=unknown_E
#
# <colnr> <probs for GDERKNQSTAVLIFYWHMCP>
#	G	D	E	R	K	N	Q	S	T	A	V	L	I	F	Y	W	H	M	C	P
0	0.00832	0.00742	0.09488	0.00723	0.00893	0.01645	0.02139	0.01099	0.09312	0.10577	0.25574	0.01923	0.03894	0.07643	0.09279	0.03246	0.09697	0.00513	0.00329	0.00451
1	0.05122	0.00446	0.00546	0.00521	0.00636	0.00420	0.00399	0.00816	0.02210	0.04340	0.57892	0.05087	0.13462	0.00836	0.00464	0.00132	0.00216	0.05649	0.00418	0.00388
2	0.00955	0.00755	0.00876	0.00635	0.00985	0.00613	0.00512	0.09658	0.00960	0.05655	0.00784	0.00873	0.00624	0.00327	0.00314	0.00069	0.00315	0.00259	0.00268	0.74565
3	0.00917	0.00975	0.01966	0.11162	0.21427	0.00953	0.49500	0.01216	0.00932	0.01278	0.05005	0.01157	0.00769	0.00374	0.00447	0.00131	0.00588	0.00445	0.00211	0.00544
4	0.00955	0.00924	0.01270	0.48771	0.09582	0.11168	0.05494	0.04409	0.00911	0.03980	0.00744	0.01007	0.00570	0.00407	0.00429	0.00126	0.03708	0.00346	0.00208	0.04990
5	0.00543	0.00393	0.00496	0.00558	0.00596	0.00383	0.00376	0.00675	0.05816	0.01054	0.05273	0.61820	0.02413	0.14416	0.00744	0.00196	0.00265	0.03291	0.00357	0.00335
6	0.00566	0.00374	0.00501	0.00579	0.00621	0.00348	0.00402	0.00648	0.00798	0.05268	0.02172	0.75858	0.02544	0.01208	0.00509	0.00162	0.00247	0.06468	0.00378	0.00347
7	0.00557	0.00401	0.00542	0.00631	0.00689	0.00386	0.00490	0.00678	0.00842	0.01103	0.02247	0.46823	0.05735	0.01182	0.00529	0.00171	0.00291	0.35986	0.00371	0.00345
8	0.00891	0.00711	0.00838	0.00601	0.00955	0.00538	0.00482	0.01068	0.00851	0.06393	0.00767	0.00865	0.00619	0.00309	0.00304	0.00063	0.00300	0.00248	0.00254	0.82944
9	0.07016	0.12986	0.01250	0.00843	0.01150	0.01232	0.00710	0.59054	0.05765	0.02185	0.00924	0.00941	0.00681	0.00458	0.00368	0.00116	0.00417	0.00336	0.02938	0.00631
10	0.00609	0.02999	0.03750	0.00528	0.00658	0.00435	0.00426	0.00796	0.01089	0.03390	0.66559	0.02908	0.12734	0.00805	0.00462	0.00126	0.00217	0.00701	0.00416	0.00393
11	0.01201	0.35059	0.07812	0.00969	0.04337	0.29144	0.03199	0.06320	0.00989	0.01106	0.00644	0.00782	0.00551	0.00406	0.00383	0.00106	0.05223	0.01052	0.00201	0.00514
12	0.04425	0.64746	0.03801	0.00722	0.01052	0.01449	0.00694	0.06314	0.11316	0.01175	0.00724	0.00777	0.00612	0.00379	0.00288	0.00097	0.00415	0.00256	0.00219	0.00539
13	0.02307	0.00718	0.00848	0.00625	0.00965	0.00577	0.00502	0.01226	0.05931	0.13889	0.00900	0.00951	0.00691	0.00344	0.00319	0.00075	0.00305	0.00276	0.00288	0.68263
14	0.02688	0.01110	0.01135	0.02927	0.07627	0.11734	0.00762	0.45128	0.10312	0.04591	0.01143	0.01158	0.05199	0.00500	0.00416	0.00122	0.02100	0.00383	0.00351	0.00613
15	0.00488	0.00394	0.00434	0.00451	0.00557	0.00340	0.00328	0.00592	0.00906	0.01128	0.12371	0.21955	0.56560	0.01048	0.00482	0.00141	0.00208	0.00898	0.00380	0.00340
16	0.00677	0.00358	0.00526	0.00526	0.00532	0.00364	0.00353	0.00543	0.00537	0.00722	0.00772	0.01359	0.00782	0.08145	0.08468	0.74172	0.00412	0.00373	0.00183	0.00195
17	0.30162	0.00734	0.00913	0.03992	0.04860	0.00737	0.04967	0.02789	0.00948	0.38190	0.01166	0.05647	0.00861	0.00488	0.00364	0.00128	0.00359	0.01776	0.00363	0.00558
18	0.00564	0.00410	0.00511	0.00496	0.00596	0.00376	0.00377	0.00736	0.01064	0.01479	0.59248	0.04425	0.17162	0.00860	0.00469	0.00130	0.00203	0.05610	0.04915	0.00370
19	0.03017	0.00750	0.01238	0.59991	0.19383	0.00873	0.01074	0.01059	0.00838	0.01137	0.04539	0.01127	0.00705	0.00408	0.00398	0.00129	0.00496	0.00368	0.00198	0.02273
20	0.00721	0.00379	0.00398	0.00393	0.00487	0.00374	0.00295	0.00908	0.00885	0.01512	0.13449	0.01718	0.01437	0.00520	0.00309	0.00098	0.00187	0.00426	0.75131	0.00374
21	0.00957	0.00914	0.01450	0.22649	0.53941	0.03047	0.01139	0.02732	0.06839	0.01280	0.00808	0.01041	0.00651	0.00385	0.00398	0.00124	0.00485	0.00362	0.00213	0.00585
22	0.00874	0.00923	0.13740	0.02817	0.01111	0.00628	0.00656	0.04818	0.00897	0.04563	0.00935	0.02111	0.04462	0.00375	0.00333	0.00082	0.00352	0.00302	0.00251	0.59768
23	0.88738	0.00776	0.00589	0.00527	0.00776	0.00900	0.00434	0.01179	0.00683	0.01799	0.00558	0.00651	0.00434	0.00372	0.00248	0.00124	0.00310	0.00217	0.00248	0.00434
24	0.00898	0.00856	0.01457	0.35583	0.51021	0.00928	0.01184	0.01148	0.00869	0.01196	0.00738	0.01023	0.00595	0.00375	0.00399	0.00125	0.00500	0.00357	0.00190	0.00559
25	0.00804	0.02074	0.83828	0.01143	0.01736	0.00931	0.01482	0.01270	0.00847	0.01270	0.00720	0.00847	0.00508	0.00381	0.00381	0.00127	0.00593	0.00296	0.00169	0.00593
26	0.00915	0.00853	0.01393	0.39197	0.38441	0.00956	0.01133	0.06118	0.00910	0.01242	0.00738	0.01020	0.00588	0.00400	0.00442	0.00128	0.04425	0.00357	0.00201	0.00544
27	0.00901	0.24975	0.49017	0.00943	0.01405	0.01043	0.01123	0.01228	0.00859	0.04987	0.00936	0.01163	0.03963	0.00446	0.00362	0.00119	0.00507	0.05266	0.00206	0.00551
28	0.00566	0.00406	0.00487	0.00503	0.00597	0.00363	0.00363	0.01649	0.00927	0.04544	0.19832	0.34149	0.32072	0.01037	0.00484	0.00143	0.00220	0.00907	0.00392	0.00360
29	0.00552	0.00407	0.00495	0.00473	0.00578	0.00368	0.00355	0.00719	0.01065	0.01469	0.59161	0.03147	0.23977	0.00854	0.00464	0.00127	0.00193	0.00740	0.04487	0.00368
30	0.00750	0.00536	0.00766	0.16810	0.06574	0.00569	0.00606	0.02064	0.00790	0.07270	0.01420	0.13232	0.02960	0.26133	0.03703	0.01194	0.01869	0.12085	0.00284	0.00385
31	0.02861	0.01987	0.01319	0.04185	0.20060	0.06102	0.06055	0.33841	0.05138	0.12970	0.00980	0.01037	0.00713	0.00438	0.00399	0.00121	0.00463	0.00367	0.00331	0.00633
32	0.00493	0.00385	0.00439	0.00479	0.00567	0.00339	0.00345	0.00588	0.00855	0.01074	0.03183	0.36321	0.46001	0.01102	0.00488	0.00147	0.00221	0.04155	0.02482	0.00336
33	0.00665	0.00533	0.00828	0.00780	0.00897	0.00527	0.11613	0.03596	0.01665	0.01159	0.03439	0.23490	0.03446	0.10369	0.06759	0.00223	0.00426	0.28879	0.00325	0.00380
34	0.00953	0.03687	0.06253	0.34163	0.36806	0.04185	0.01132	0.02716	0.00899	0.04335	0.00760	0.01006	0.00595	0.00385	0.00392	0.00124	0.00508	0.00347	0.00204	0.00551
35	0.00908	0.00866	0.01475	0.32183	0.54345	0.00931	0.01189	0.01157	0.00873	0.01207	0.00739	0.01020	0.00599	0.00373	0.00398	0.00124	0.00497	0.00357	0.00191	0.00567
36	0.00908	0.00620	0.00881	0.01049	0.22015	0.00592	0.01340	0.03361	0.01938	0.15049	0.09377	0.07206	0.17498	0.08152	0.02039	0.01023	0.00344	0.01908	0.04217	0.00483
37	0.00729	0.09731	0.21471	0.08375	0.01143	0.00701	0.02520	0.00933	0.00825	0.03935	0.05767	0.13670	0.11109	0.13987	0.00672	0.00172	0.00406	0.03153	0.00267	0.00432
38	0.01174	0.21887	0.22364	0.00881	0.01245	0.09553	0.02464	0.03462	0.11709	0.17453	0.03391	0.01043	0.00802	0.00434	0.00362	0.00115	0.00467	0.00332	0.00284	0.00579
39	0.00706	0.00650	0.02609	0.25554	0.05630	0.02237	0.04490	0.02315	0.05884	0.01133	0.02610	0.36610	0.01570	0.00799	0.00482	0.00147	0.02879	0.02980	0.00289	0.00425

[dist]
# distance from previous block
# <min> <max>
0	6

[block]
# block no. 5 follows, 67 sequences, length 12
# corresponding to MSA columns:
# 1338-1349
name=unknown_F
#
# <colnr> <probs for GDERKNQSTAVLIFYWHMCP>
#	G	D	E	R	K	N	Q	S	T	A	V	L	I	F	Y	W	H	M	C	P
0	0.05425	0.10471	0.15378	0.06434	0.12010	0.13408	0.08270	0.02320	0.03628	0.04953	0.00773	0.00962	0.00619	0.00421	0.00445	0.00120	0.07280	0.01707	0.00220	0.05156
1	0.02639	0.08794	0.16222	0.00911	0.08766	0.00765	0.02905	0.01163	0.00860	0.06298	0.00756	0.00868	0.00596	0.00337	0.00328	0.00087	0.00393	0.00273	0.00231	0.46809
2	0.00614	0.00417	0.00529	0.00573	0.00641	0.00397	0.00408	0.04939	0.00886	0.04369	0.07672	0.60298	0.07958	0.01110	0.00492	0.00154	0.00249	0.05018	0.02909	0.00366
3	0.03758	0.12426	0.12696	0.07350	0.11985	0.05440	0.14611	0.04554	0.02839	0.10031	0.00908	0.05416	0.00735	0.00430	0.00385	0.00119	0.00490	0.00382	0.00248	0.05197
4	0.00513	0.00430	0.00448	0.00440	0.00575	0.00377	0.00331	0.00678	0.05139	0.01180	0.13954	0.03629	0.68973	0.00967	0.00470	0.00134	0.00207	0.00811	0.00383	0.00359
5	0.00652	0.00529	0.00657	0.00627	0.00749	0.00536	0.04703	0.00983	0.18795	0.01190	0.02294	0.21748	0.22811	0.10419	0.04588	0.00194	0.00328	0.04169	0.03626	0.00404
6	0.01492	0.01023	0.01118	0.00869	0.01173	0.01114	0.00714	0.63943	0.07052	0.12221	0.01095	0.01067	0.00769	0.00487	0.00397	0.00121	0.00411	0.00373	0.03894	0.00667
7	0.01395	0.00606	0.00799	0.00645	0.00891	0.00535	0.00520	0.01582	0.03629	0.56386	0.18846	0.01940	0.09197	0.00613	0.00425	0.00126	0.00296	0.00513	0.00471	0.00586
8	0.00581	0.00390	0.00448	0.00457	0.00462	0.00389	0.00267	0.00593	0.00607	0.00808	0.01348	0.06764	0.01554	0.78025	0.01901	0.00369	0.00380	0.04149	0.00255	0.00253
9	0.00902	0.01414	0.37968	0.01219	0.01644	0.00903	0.27791	0.02874	0.00891	0.05502	0.00846	0.01057	0.00638	0.02437	0.04118	0.00158	0.04337	0.00380	0.04374	0.00547
10	0.00757	0.00713	0.01203	0.84942	0.02762	0.00891	0.01114	0.01025	0.00802	0.01025	0.00713	0.01069	0.00535	0.00401	0.00401	0.00134	0.00535	0.00356	0.00178	0.00446
11	0.28522	0.38102	0.13452	0.00717	0.01064	0.01204	0.00722	0.05446	0.00852	0.05836	0.00658	0.00731	0.00523	0.00373	0.00288	0.00108	0.00412	0.00245	0.00225	0.00519

[dist]
# distance from previous block
# <min> <max>
0	12

[block]
# block no. 6 follows, 67 sequences, length 29
# corresponding to MSA columns:
# 1362-1386,1388-1391
name=unknown_G
#
# <colnr> <probs for GDERKNQSTAVLIFYWHMCP>
#	G	D	E	R	K	N	Q	S	T	A	V	L	I	F	Y	W	H	M	C	P
0	0.05059	0.00939	0.00926	0.00765	0.01007	0.10613	0.00605	0.27441	0.12322	0.07442	0.16720	0.01445	0.01353	0.02991	0.00442	0.00124	0.00382	0.00423	0.00367	0.08633
1	0.00615	0.00483	0.00629	0.00655	0.00738	0.02852	0.03344	0.00744	0.00836	0.01085	0.04989	0.19878	0.09975	0.12542	0.08075	0.00237	0.00405	0.31237	0.00332	0.00349
2	0.01096	0.00920	0.01317	0.01501	0.33827	0.02559	0.06184	0.12770	0.10859	0.07613	0.04151	0.01132	0.00850	0.00422	0.00406	0.00116	0.01544	0.00377	0.00289	0.12068
3	0.85505	0.00788	0.00612	0.00542	0.00793	0.00912	0.00446	0.04178	0.00727	0.01826	0.00573	0.00663	0.00444	0.00376	0.00254	0.00124	0.00315	0.00223	0.00254	0.00444
4	0.00622	0.00481	0.00698	0.11225	0.02267	0.00542	0.00565	0.00791	0.03068	0.00984	0.01268	0.04643	0.02149	0.15150	0.43353	0.00440	0.00746	0.10400	0.00246	0.00364
5	0.00494	0.00403	0.00433	0.00433	0.00552	0.00346	0.00320	0.00607	0.00937	0.01166	0.17892	0.08368	0.62731	0.02899	0.00511	0.00141	0.00207	0.00836	0.00382	0.00343
6	0.00573	0.00427	0.00633	0.00633	0.00701	0.00495	0.00487	0.00709	0.00641	0.00923	0.01084	0.01632	0.01027	0.07453	0.79905	0.00631	0.01037	0.00438	0.00216	0.00352
7	0.00536	0.00411	0.00492	0.00477	0.00587	0.00367	0.00361	0.00692	0.01045	0.01397	0.50648	0.03375	0.33321	0.00904	0.00476	0.00132	0.00201	0.03803	0.00413	0.00363
8	0.00804	0.02074	0.83828	0.01143	0.01736	0.00931	0.01482	0.01270	0.00847	0.01270	0.00720	0.00847	0.00508	0.00381	0.00381	0.00127	0.00593	0.00296	0.00169	0.00593
9	0.01762	0.00701	0.00937	0.00723	0.01030	0.00622	0.00596	0.04044	0.04190	0.78531	0.01568	0.01359	0.00993	0.00498	0.00403	0.00124	0.00343	0.00404	0.00491	0.00681
10	0.00893	0.03838	0.01329	0.37868	0.10595	0.04950	0.10936	0.01127	0.00862	0.03556	0.00786	0.02345	0.00636	0.00401	0.00405	0.00118	0.01976	0.01578	0.00210	0.15591
11	0.00999	0.00889	0.01320	0.33892	0.25779	0.02785	0.03374	0.18638	0.01079	0.01440	0.00860	0.05565	0.00712	0.00450	0.00407	0.00127	0.00489	0.00401	0.00244	0.00549
12	0.01089	0.01094	0.10278	0.01384	0.08184	0.00936	0.39938	0.11999	0.01068	0.10537	0.00923	0.02740	0.00692	0.00396	0.00428	0.00125	0.00547	0.00419	0.00264	0.06959
13	0.05289	0.06948	0.06136	0.02460	0.04138	0.02370	0.08375	0.17118	0.17786	0.21369	0.03174	0.01184	0.00896	0.00465	0.00393	0.00124	0.00418	0.00387	0.00356	0.00614
14	0.01105	0.34692	0.04916	0.00799	0.01068	0.01105	0.05122	0.05301	0.00956	0.15813	0.11992	0.01237	0.01089	0.00502	0.00476	0.00117	0.11101	0.01798	0.00283	0.00527
15	0.00598	0.00424	0.00502	0.00474	0.00599	0.00373	0.00359	0.00747	0.01040	0.06103	0.44147	0.03277	0.38115	0.00886	0.00469	0.00130	0.00204	0.00759	0.00415	0.00379
16	0.00786	0.08601	0.15217	0.09503	0.01212	0.02910	0.03606	0.04819	0.04258	0.02669	0.05705	0.18481	0.06518	0.00741	0.00441	0.00140	0.00405	0.13231	0.00297	0.00458
17	0.01013	0.09559	0.13515	0.04362	0.19236	0.02806	0.04468	0.02724	0.04589	0.11421	0.09311	0.01940	0.01784	0.00486	0.00476	0.00125	0.08094	0.01121	0.00269	0.02700
18	0.03548	0.00652	0.00849	0.00676	0.00932	0.00591	0.00538	0.04625	0.02470	0.63322	0.01516	0.04470	0.01094	0.12084	0.00625	0.00161	0.00346	0.00449	0.00447	0.00604
19	0.00578	0.00383	0.00454	0.00489	0.00560	0.00362	0.00348	0.00721	0.02388	0.01253	0.13491	0.38456	0.12809	0.00939	0.00438	0.00135	0.00214	0.01828	0.23800	0.00354
20	0.01115	0.23004	0.10858	0.04183	0.10372	0.22720	0.06954	0.01374	0.06146	0.03417	0.02680	0.00921	0.00677	0.00441	0.01494	0.00119	0.02466	0.00314	0.00217	0.00529
21	0.73714	0.04427	0.00725	0.00598	0.00847	0.09941	0.00489	0.03070	0.00764	0.01692	0.00574	0.00666	0.00452	0.00378	0.00264	0.00120	0.00363	0.00225	0.00244	0.00447
22	0.00530	0.00401	0.00491	0.00530	0.00614	0.00367	0.00399	0.00648	0.00897	0.01161	0.15506	0.27074	0.29451	0.04032	0.00555	0.00160	0.00248	0.16217	0.00378	0.00344
23	0.00802	0.00636	0.00787	0.00680	0.00863	0.03678	0.05330	0.08598	0.02592	0.04761	0.23922	0.15427	0.08325	0.01597	0.00457	0.00128	0.00310	0.06046	0.00360	0.14702
24	0.23320	0.15034	0.03503	0.00820	0.01054	0.40860	0.00668	0.01348	0.00918	0.01178	0.00631	0.00807	0.00549	0.05208	0.00435	0.00124	0.02613	0.00263	0.00212	0.00456
25	0.00592	0.00416	0.00504	0.00479	0.00592	0.00373	0.00360	0.00752	0.01050	0.04430	0.51853	0.04991	0.26426	0.00858	0.00463	0.00128	0.00200	0.00742	0.04414	0.00377
26	0.00575	0.00423	0.00609	0.00609	0.00669	0.00482	0.00457	0.00693	0.00634	0.00905	0.01107	0.01755	0.01080	0.17173	0.70258	0.00601	0.00957	0.00456	0.00220	0.00338
27	0.02629	0.00654	0.00788	0.02163	0.02320	0.00571	0.00525	0.05354	0.03757	0.07707	0.07527	0.04278	0.07632	0.00559	0.00382	0.00103	0.00308	0.10229	0.00317	0.42195
28	0.05871	0.01034	0.01224	0.25961	0.07389	0.12601	0.04999	0.21522	0.05061	0.03043	0.00830	0.01027	0.00639	0.00451	0.00448	0.00128	0.05580	0.01392	0.00264	0.00537

[dist]
# distance from previous block
# <min> <max>
1	15

[block]
# block no. 7 follows, 67 sequences, length 19
# corresponding to MSA columns:
# 1407-1425
name=unknown_H
#
# <colnr> <probs for GDERKNQSTAVLIFYWHMCP>
#	G	D	E	R	K	N	Q	S	T	A	V	L	I	F	Y	W	H	M	C	P
0	0.00673	0.00566	0.00843	0.04923	0.15327	0.00543	0.04100	0.00833	0.00871	0.01166	0.05087	0.20118	0.14045	0.04293	0.00535	0.00154	0.00344	0.19081	0.00313	0.06184
1	0.00686	0.00605	0.00807	0.04160	0.03256	0.03239	0.07370	0.00905	0.08087	0.01145	0.07604	0.15929	0.17993	0.11891	0.00732	0.00178	0.05893	0.08805	0.00318	0.00397
2	0.00565	0.00415	0.00552	0.00652	0.03360	0.00400	0.00444	0.04094	0.00840	0.01117	0.02143	0.69017	0.04339	0.01173	0.00507	0.00161	0.00263	0.09235	0.00367	0.00356
3	0.00538	0.00409	0.00495	0.00474	0.00581	0.00366	0.00355	0.00700	0.01066	0.01443	0.58237	0.03268	0.28842	0.00882	0.00473	0.00129	0.00194	0.00763	0.00420	0.00366
4	0.00913	0.13068	0.09390	0.00678	0.01054	0.00753	0.00620	0.04184	0.00879	0.03279	0.00722	0.00824	0.00587	0.00324	0.00306	0.00074	0.00352	0.00249	0.00234	0.61510
5	0.00548	0.00443	0.00518	0.00492	0.00612	0.00405	0.00376	0.00687	0.00980	0.01291	0.34017	0.04433	0.42362	0.00901	0.00507	0.00132	0.04055	0.02734	0.00384	0.04122
6	0.03415	0.08670	0.18269	0.04305	0.36334	0.05439	0.10365	0.04957	0.00945	0.02511	0.00744	0.00926	0.00588	0.00371	0.00385	0.00120	0.00525	0.00337	0.00206	0.00588
7	0.00872	0.23157	0.63333	0.01029	0.01559	0.01096	0.01282	0.01253	0.00839	0.01188	0.00679	0.00796	0.00510	0.00372	0.00350	0.00117	0.00552	0.00276	0.00170	0.00573
8	0.00631	0.00469	0.00674	0.09063	0.00971	0.00490	0.00635	0.00801	0.00858	0.01125	0.01873	0.13117	0.02029	0.04011	0.07927	0.00224	0.00433	0.53970	0.00333	0.00367
9	0.00938	0.00705	0.00890	0.00661	0.00981	0.00573	0.04178	0.02814	0.03238	0.10884	0.09994	0.01166	0.01014	0.00391	0.00342	0.00081	0.00311	0.00330	0.00297	0.60214
10	0.01116	0.57130	0.05444	0.00717	0.01039	0.01294	0.00687	0.08071	0.00937	0.09486	0.00848	0.08029	0.00762	0.00449	0.00313	0.00100	0.00409	0.00329	0.00243	0.02598
11	0.00564	0.00400	0.00507	0.00572	0.00619	0.00389	0.00393	0.04315	0.03163	0.01136	0.02090	0.74937	0.02436	0.01159	0.00492	0.00156	0.00242	0.01045	0.05033	0.00353
12	0.00492	0.00353	0.00461	0.00546	0.00574	0.00329	0.00364	0.00560	0.00767	0.01016	0.02254	0.78392	0.06251	0.04863	0.00576	0.00171	0.00238	0.01103	0.00367	0.00323
13	0.00939	0.00865	0.01398	0.35563	0.30379	0.00952	0.06694	0.09145	0.05905	0.01324	0.00825	0.01089	0.00649	0.02057	0.00437	0.00133	0.00499	0.00376	0.00224	0.00549
14	0.00730	0.00575	0.00792	0.00731	0.04361	0.00536	0.06599	0.01003	0.09079	0.05131	0.30198	0.06723	0.14967	0.00735	0.00448	0.00127	0.00287	0.06137	0.00370	0.10471
15	0.01006	0.02108	0.01408	0.06555	0.30077	0.09041	0.12449	0.06011	0.13166	0.01387	0.07146	0.01305	0.02004	0.00463	0.00437	0.00126	0.02516	0.01969	0.00264	0.00562
16	0.05648	0.00951	0.01617	0.02313	0.74194	0.00954	0.05977	0.01231	0.00903	0.01335	0.00747	0.00980	0.00623	0.00357	0.00394	0.00120	0.00479	0.00357	0.00201	0.00619
17	0.01111	0.00979	0.03570	0.08268	0.18502	0.01019	0.08881	0.28071	0.16290	0.01773	0.06570	0.01222	0.00958	0.00466	0.00413	0.00126	0.00444	0.00411	0.00318	0.00607
18	0.01047	0.18721	0.16789	0.00989	0.09912	0.00973	0.02657	0.07398	0.07999	0.09645	0.02725	0.01048	0.02448	0.00411	0.00355	0.00106	0.00420	0.00329	0.00266	0.15761

[dist]
# distance from previous block
# <min> <max>
0	2

[block]
# block no. 8 follows, 67 sequences, length 11
# corresponding to MSA columns:
# 1429-1439
name=unknown_I
#
# <colnr> <probs for GDERKNQSTAVLIFYWHMCP>
#	G	D	E	R	K	N	Q	S	T	A	V	L	I	F	Y	W	H	M	C	P
0	0.00974	0.07993	0.30571	0.04073	0.02735	0.04981	0.05546	0.06041	0.16826	0.03309	0.00918	0.00992	0.00690	0.00406	0.00372	0.00115	0.00479	0.00330	0.00250	0.12398
1	0.00496	0.00369	0.00463	0.00520	0.00576	0.00336	0.00359	0.00589	0.00848	0.01116	0.13718	0.57459	0.19392	0.01147	0.00499	0.00152	0.00221	0.01023	0.00382	0.00336
2	0.00883	0.02758	0.28010	0.02615	0.09965	0.03439	0.17920	0.01296	0.10027	0.02931	0.10401	0.02490	0.02403	0.00462	0.00415	0.00126	0.00498	0.00426	0.00253	0.02684
3	0.00816	0.00791	0.08348	0.02817	0.00996	0.02291	0.00579	0.01069	0.05539	0.04353	0.15082	0.07299	0.01328	0.00489	0.00364	0.00094	0.00319	0.00413	0.00293	0.46722
4	0.79676	0.00845	0.00650	0.00581	0.00815	0.05644	0.00474	0.01193	0.00705	0.01714	0.00560	0.00666	0.00443	0.00390	0.00305	0.00125	0.04309	0.00226	0.00242	0.00436
5	0.12540	0.06861	0.00987	0.00808	0.04982	0.03854	0.00631	0.16409	0.05696	0.24933	0.01421	0.03539	0.06281	0.00574	0.00394	0.00128	0.00373	0.08657	0.00370	0.00563
6	0.00645	0.00402	0.00589	0.00583	0.00612	0.00443	0.00420	0.00620	0.00579	0.00806	0.00884	0.01455	0.00870	0.08344	0.34692	0.43641	0.03560	0.00399	0.00196	0.00262
7	0.00582	0.00407	0.00524	0.00494	0.00589	0.00378	0.00371	0.00771	0.01113	0.01600	0.76870	0.02880	0.03571	0.00793	0.00458	0.00124	0.00189	0.00698	0.07213	0.00378
8	0.00757	0.00713	0.01203	0.84942	0.02762	0.00891	0.01114	0.01025	0.00802	0.01025	0.00713	0.01069	0.00535	0.00401	0.00401	0.00134	0.00535	0.00356	0.00178	0.00446
9	0.00531	0.00413	0.00483	0.00500	0.00602	0.00367	0.00371	0.00642	0.00884	0.01135	0.12179	0.21248	0.38437	0.06389	0.00583	0.00159	0.00243	0.10183	0.00366	0.04284
10	0.00908	0.00849	0.01382	0.18909	0.52525	0.00897	0.01082	0.01229	0.08789	0.01283	0.03406	0.05229	0.00865	0.00442	0.00407	0.00126	0.00452	0.00416	0.00230	0.00574

[dist]
# distance from previous block
# <min> <max>
0	1

[block]
# block no. 9 follows, 67 sequences, length 17
# corresponding to MSA columns:
# 1441-1457
name=unknown_J
#
# <colnr> <probs for GDERKNQSTAVLIFYWHMCP>
#	G	D	E	R	K	N	Q	S	T	A	V	L	I	F	Y	W	H	M	C	P
0	0.00811	0.00759	0.01114	0.54545	0.05841	0.03235	0.00926	0.01047	0.00825	0.01117	0.00712	0.00987	0.00556	0.00370	0.00370	0.00111	0.00469	0.00319	0.00197	0.25689
1	0.63574	0.00739	0.00687	0.00586	0.00838	0.00801	0.03023	0.01196	0.00761	0.09338	0.01994	0.02718	0.02405	0.01712	0.00319	0.00126	0.00320	0.01630	0.00279	0.06955
2	0.00861	0.00803	0.01296	0.06623	0.54687	0.00816	0.00989	0.01099	0.03974	0.01256	0.03609	0.09843	0.09318	0.00545	0.00441	0.00128	0.02415	0.00499	0.00247	0.00551
3	0.00634	0.00520	0.00762	0.00727	0.00784	0.00648	0.00577	0.00766	0.00638	0.00938	0.00964	0.01435	0.00907	0.02544	0.67618	0.00550	0.17993	0.00414	0.00207	0.00374
4	0.03338	0.02681	0.01399	0.03513	0.17915	0.05154	0.16633	0.07417	0.02482	0.31896	0.01115	0.01202	0.00795	0.00437	0.00410	0.00125	0.00467	0.02077	0.00332	0.00611
5	0.83641	0.00842	0.00621	0.00557	0.00803	0.05772	0.00454	0.01204	0.00709	0.01752	0.00562	0.00656	0.00439	0.00375	0.00255	0.00123	0.00334	0.00220	0.00246	0.00436
6	0.01072	0.86147	0.02102	0.00686	0.01029	0.01587	0.00686	0.01201	0.00815	0.00944	0.00558	0.00643	0.00515	0.00343	0.00257	0.00086	0.00429	0.00214	0.00172	0.00515
7	0.00489	0.00349	0.00465	0.00558	0.00582	0.00326	0.00372	0.00558	0.00768	0.01024	0.02210	0.85644	0.02653	0.01256	0.00512	0.00163	0.00233	0.01140	0.00372	0.00326
8	0.07413	0.00689	0.00909	0.00702	0.01008	0.00609	0.00579	0.01904	0.01118	0.78395	0.01516	0.01319	0.00957	0.00488	0.00393	0.00124	0.00339	0.00391	0.00480	0.00666
9	0.00805	0.00843	0.01696	0.01303	0.03483	0.00788	0.51488	0.01070	0.00946	0.01269	0.09187	0.07648	0.10502	0.00581	0.00480	0.00140	0.00519	0.06509	0.00268	0.00477
10	0.00551	0.00407	0.00515	0.00492	0.00590	0.00371	0.00368	0.00723	0.01090	0.01511	0.68748	0.06243	0.15172	0.00865	0.00475	0.00129	0.00193	0.00758	0.00429	0.00371
11	0.00807	0.17358	0.16799	0.02089	0.01025	0.02324	0.01997	0.01054	0.04421	0.04929	0.12627	0.10264	0.11429	0.00679	0.00430	0.00129	0.02156	0.07215	0.01804	0.00466
12	0.01133	0.33827	0.19747	0.00984	0.01361	0.17290	0.10490	0.05184	0.00964	0.04564	0.00697	0.00800	0.00552	0.00377	0.00343	0.00107	0.00548	0.00286	0.00206	0.00540
13	0.00567	0.00426	0.00528	0.00517	0.00617	0.00394	0.00386	0.00757	0.03875	0.01414	0.50868	0.12846	0.16245	0.02756	0.00510	0.00139	0.00216	0.04385	0.00409	0.02144
14	0.01117	0.04509	0.18356	0.00885	0.01212	0.01009	0.00833	0.26598	0.26237	0.05287	0.04899	0.03701	0.01045	0.00524	0.00403	0.00128	0.00412	0.01883	0.00350	0.00613
15	0.00973	0.08158	0.50284	0.01061	0.01534	0.03903	0.06131	0.05701	0.11443	0.05722	0.00885	0.00958	0.00642	0.00409	0.00382	0.00124	0.00533	0.00329	0.00233	0.00594
16	0.01425	0.01703	0.01101	0.00980	0.01202	0.67117	0.00744	0.09122	0.05389	0.01176	0.00797	0.00871	0.02721	0.00438	0.00368	0.00106	0.00648	0.00293	0.00241	0.03559

[dist]
# distance from previous block
# <min> <max>
0	2

[block]
# block no. 10 follows, 67 sequences, length 20
# corresponding to MSA columns:
# 1460-1479
name=unknown_K
#
# <colnr> <probs for GDERKNQSTAVLIFYWHMCP>
#	G	D	E	R	K	N	Q	S	T	A	V	L	I	F	Y	W	H	M	C	P
0	0.02963	0.12109	0.15763	0.00732	0.00930	0.01855	0.03658	0.00871	0.02956	0.01105	0.01630	0.48598	0.03514	0.00885	0.00441	0.00142	0.00350	0.00780	0.00298	0.00420
1	0.00936	0.14077	0.48148	0.00970	0.01419	0.05312	0.01114	0.05967	0.07324	0.03089	0.04199	0.01077	0.03791	0.00439	0.00373	0.00120	0.00509	0.00338	0.00229	0.00567
2	0.00908	0.00481	0.00634	0.00564	0.00715	0.00433	0.00437	0.01075	0.01092	0.24388	0.47936	0.08657	0.05705	0.00765	0.00453	0.00129	0.00239	0.02176	0.02755	0.00457
3	0.16846	0.00751	0.00972	0.27050	0.03553	0.03903	0.05246	0.01215	0.13490	0.02991	0.06288	0.08388	0.01139	0.00561	0.00401	0.00136	0.00412	0.05908	0.00281	0.00469
4	0.00541	0.00386	0.00485	0.00502	0.00577	0.00355	0.00361	0.00678	0.00962	0.01335	0.40129	0.31492	0.12994	0.00971	0.00474	0.00138	0.00206	0.00860	0.06200	0.00355
5	0.00910	0.00842	0.01469	0.40900	0.35042	0.00915	0.08484	0.01168	0.00873	0.04431	0.00773	0.01051	0.00600	0.00381	0.00406	0.00128	0.00516	0.00369	0.00201	0.00540
6	0.00586	0.00401	0.00492	0.00508	0.00568	0.00380	0.00350	0.00668	0.00798	0.04111	0.13041	0.24285	0.15283	0.27290	0.05732	0.00250	0.00328	0.04265	0.00337	0.00326
7	0.00531	0.00406	0.00487	0.00472	0.00578	0.00362	0.00352	0.00684	0.01042	0.01397	0.51698	0.06572	0.32149	0.00907	0.00475	0.00131	0.00196	0.00785	0.00414	0.00362
8	0.00832	0.00713	0.00832	0.00594	0.00950	0.00535	0.00475	0.01010	0.00832	0.01307	0.00713	0.00832	0.00594	0.00297	0.00297	0.00059	0.00297	0.00238	0.00238	0.88357
9	0.00757	0.00713	0.01203	0.84942	0.02762	0.00891	0.01114	0.01025	0.00802	0.01025	0.00713	0.01069	0.00535	0.00401	0.00401	0.00134	0.00535	0.00356	0.00178	0.00446
10	0.00487	0.00367	0.00451	0.00513	0.00571	0.00331	0.00353	0.00570	0.00821	0.01059	0.05266	0.59647	0.25765	0.01174	0.00500	0.00154	0.00223	0.01043	0.00374	0.00331
11	0.01052	0.78041	0.07511	0.00720	0.01077	0.01526	0.00738	0.01233	0.03221	0.00987	0.00600	0.00682	0.00535	0.00352	0.00270	0.00090	0.00437	0.00227	0.00178	0.00523
12	0.00566	0.00423	0.00607	0.00623	0.00696	0.00456	0.00471	0.00693	0.00694	0.00981	0.01383	0.23469	0.01451	0.02364	0.55951	0.00477	0.00797	0.03018	0.00261	0.04618
13	0.52456	0.01004	0.04041	0.03267	0.03355	0.11640	0.00608	0.07744	0.05881	0.05658	0.00730	0.00802	0.00551	0.00403	0.00306	0.00122	0.00398	0.00269	0.00270	0.00494
14	0.03392	0.03247	0.01023	0.06103	0.12885	0.02749	0.05016	0.04225	0.02444	0.06132	0.05121	0.14303	0.01251	0.00590	0.00403	0.00118	0.00373	0.07804	0.00291	0.22529
15	0.10038	0.03516	0.01123	0.22102	0.12349	0.18211	0.00834	0.05508	0.02225	0.01228	0.00767	0.01086	0.00656	0.04567	0.01440	0.00139	0.05297	0.02615	0.00222	0.06076
16	0.01012	0.44565	0.26707	0.00842	0.01240	0.01252	0.00914	0.04463	0.07600	0.04247	0.00798	0.03326	0.00658	0.00409	0.00326	0.00107	0.00461	0.00299	0.00217	0.00555
17	0.00948	0.40445	0.23732	0.00940	0.07282	0.04421	0.00904	0.02701	0.02023	0.01131	0.03597	0.07418	0.02003	0.00459	0.00340	0.00109	0.00460	0.00352	0.00209	0.00526
18	0.13904	0.08128	0.03751	0.05386	0.01060	0.03381	0.03661	0.05871	0.05300	0.21501	0.07901	0.03182	0.06354	0.04971	0.00466	0.00137	0.00371	0.01807	0.00337	0.02532
19	0.04781	0.13633	0.06782	0.00929	0.05663	0.13506	0.07614	0.05117	0.06749	0.04518	0.04615	0.09999	0.01815	0.04662	0.03284	0.00149	0.00473	0.01560	0.00270	0.03883

[dist]
# distance from previous block
# <min> <max>
2	24

[block]
# block no. 11 follows, 67 sequences, length 19
# corresponding to MSA columns:
# 1509-1527
name=unknown_L
#
# <colnr> <probs for GDERKNQSTAVLIFYWHMCP>
#	G	D	E	R	K	N	Q	S	T	A	V	L	I	F	Y	W	H	M	C	P
0	0.20101	0.06126	0.01030	0.00937	0.12572	0.03230	0.00661	0.09620	0.05304	0.28805	0.05239	0.01195	0.02560	0.00466	0.00364	0.00121	0.00368	0.00365	0.00353	0.00581
1	0.01815	0.00747	0.02026	0.03338	0.00963	0.05636	0.04010	0.07302	0.09433	0.06606	0.16468	0.01895	0.05049	0.12682	0.00688	0.00159	0.04613	0.03762	0.00325	0.12481
2	0.00766	0.00721	0.01209	0.76290	0.08578	0.00878	0.01097	0.01026	0.00814	0.01047	0.00820	0.01151	0.03118	0.00417	0.00403	0.00133	0.00520	0.00372	0.00186	0.00456
3	0.00917	0.00735	0.00934	0.00679	0.01025	0.00582	0.05556	0.03377	0.00889	0.07130	0.00830	0.03310	0.00684	0.00346	0.00325	0.00073	0.00326	0.00293	0.00262	0.71727
4	0.00849	0.00719	0.00865	0.00639	0.00971	0.00573	0.02593	0.05413	0.00900	0.01364	0.02133	0.02876	0.02303	0.00375	0.00326	0.00073	0.00312	0.02747	0.00258	0.73711
5	0.01027	0.00928	0.01718	0.03446	0.01653	0.00840	0.45820	0.03941	0.00966	0.10725	0.00875	0.01042	0.00649	0.00351	0.00413	0.00113	0.00524	0.00395	0.00252	0.24321
6	0.00932	0.00833	0.01416	0.49728	0.16348	0.02898	0.12553	0.01190	0.00879	0.08176	0.00806	0.01075	0.00601	0.00393	0.00410	0.00130	0.00533	0.00375	0.00213	0.00512
7	0.00513	0.00368	0.00476	0.00546	0.00579	0.00341	0.00361	0.00579	0.00749	0.01006	0.02041	0.72633	0.02432	0.11096	0.00682	0.00185	0.00253	0.01040	0.00352	0.03767
8	0.00583	0.00391	0.00447	0.00447	0.00450	0.00394	0.00254	0.00589	0.00586	0.00784	0.01255	0.02578	0.01438	0.82223	0.05696	0.00400	0.00419	0.00576	0.00242	0.00248
9	0.01481	0.01546	0.01232	0.01026	0.01289	0.47141	0.05815	0.30550	0.01395	0.03616	0.00779	0.00848	0.00594	0.00435	0.00384	0.00112	0.00609	0.00312	0.00284	0.00553
10	0.00840	0.03005	0.37319	0.02686	0.01302	0.00759	0.00952	0.01136	0.00845	0.05562	0.05314	0.01065	0.00787	0.01869	0.06061	0.00148	0.04255	0.00324	0.00226	0.25546
11	0.01084	0.08830	0.15047	0.01026	0.05407	0.02960	0.12501	0.10068	0.13050	0.12774	0.10314	0.01349	0.02821	0.00484	0.00405	0.00124	0.00443	0.00421	0.00316	0.00576
12	0.00879	0.14816	0.48497	0.04759	0.03993	0.00944	0.01160	0.01217	0.00866	0.05724	0.00944	0.03065	0.00803	0.00488	0.00388	0.00128	0.00513	0.10052	0.00217	0.00548
13	0.01341	0.00579	0.00767	0.00628	0.00854	0.00508	0.00498	0.01484	0.01074	0.53685	0.16079	0.05687	0.08349	0.05942	0.00528	0.00144	0.00301	0.00540	0.00455	0.00558
14	0.00864	0.00752	0.01067	0.24319	0.16405	0.05917	0.03948	0.05275	0.00969	0.04940	0.15511	0.13424	0.01479	0.02803	0.00471	0.00137	0.00420	0.00539	0.00286	0.00474
15	0.00970	0.00948	0.03239	0.15284	0.48723	0.04623	0.05367	0.03378	0.03248	0.02420	0.00892	0.01287	0.00762	0.00435	0.00412	0.00127	0.00494	0.06593	0.00224	0.00573
16	0.00846	0.00693	0.03092	0.23845	0.06970	0.03359	0.00749	0.05404	0.00925	0.08854	0.09632	0.09551	0.06419	0.00995	0.13354	0.00213	0.02119	0.02235	0.00289	0.00458
17	0.01864	0.28723	0.06471	0.00807	0.01002	0.03896	0.00728	0.05342	0.00787	0.01057	0.00726	0.00990	0.00660	0.01172	0.23189	0.01707	0.19902	0.00320	0.00198	0.00461
18	0.26819	0.01840	0.01812	0.02613	0.03209	0.00761	0.12082	0.04981	0.00896	0.09198	0.01169	0.01298	0.09455	0.00456	0.00353	0.00114	0.00372	0.02472	0.00282	0.19820

[dist]
# distance from previous block
# <min> <max>
4	12

[block]
# block no. 12 follows, 67 sequences, length 10
