[name]
unknown

[dist]
# distance from previous block
# <min> <max>
80	390

[block]
# block no. 0 follows, 68 sequences, length 19
# corresponding to MSA columns:
# 595-613
name=unknown_A
#
# <colnr> <probs for GDERKNQSTAVLIFYWHMCP>
#	G	D	E	R	K	N	Q	S	T	A	V	L	I	F	Y	W	H	M	C	P
0	0.04453	0.13474	0.23533	0.02864	0.11705	0.01943	0.05848	0.07532	0.03145	0.13296	0.04136	0.01146	0.04341	0.00438	0.00375	0.00119	0.00456	0.00361	0.00267	0.00568
1	0.02507	0.09935	0.15894	0.01185	0.16863	0.04114	0.04381	0.14418	0.05019	0.15561	0.02556	0.03155	0.00790	0.00440	0.00381	0.00118	0.00452	0.00365	0.00292	0.01574
2	0.06291	0.08851	0.15019	0.03448	0.08581	0.00830	0.02982	0.08733	0.03223	0.08181	0.05368	0.04281	0.04773	0.00461	0.00364	0.00110	0.00394	0.00379	0.00275	0.17457
3	0.06272	0.05334	0.21143	0.02046	0.14059	0.03599	0.01641	0.06107	0.08670	0.08309	0.03099	0.10322	0.03225	0.00531	0.00390	0.00125	0.00423	0.01555	0.00280	0.02871
4	0.02553	0.18410	0.22077	0.01011	0.09621	0.00961	0.03502	0.06725	0.02899	0.17364	0.02900	0.02350	0.00758	0.00416	0.00359	0.00112	0.00438	0.00335	0.00271	0.06936
5	0.17860	0.13924	0.27726	0.00860	0.01228	0.02254	0.04905	0.05139	0.07109	0.07767	0.03296	0.04658	0.00781	0.00444	0.00351	0.00121	0.00440	0.00346	0.00255	0.00536
6	0.00999	0.10469	0.37876	0.01273	0.16671	0.03783	0.04605	0.06398	0.03205	0.06476	0.00795	0.00905	0.00594	0.00382	0.00370	0.00116	0.00512	0.00314	0.00219	0.04039
7	0.02525	0.17568	0.48913	0.01197	0.12160	0.01027	0.03876	0.01276	0.00857	0.06025	0.00736	0.00852	0.00550	0.00372	0.00358	0.00117	0.00524	0.00296	0.00193	0.00578
8	0.03539	0.22907	0.37944	0.09417	0.01553	0.03031	0.05536	0.03456	0.00881	0.06059	0.01804	0.00874	0.00585	0.00382	0.00352	0.00115	0.00515	0.00298	0.00203	0.00546
9	0.03157	0.22046	0.39774	0.01125	0.12058	0.01068	0.01101	0.06021	0.00913	0.06460	0.00741	0.00841	0.00560	0.00376	0.00347	0.00113	0.00495	0.00289	0.00209	0.02309
10	0.05763	0.21473	0.39905	0.09414	0.01554	0.04163	0.04646	0.01267	0.00851	0.06479	0.00720	0.00840	0.00538	0.00376	0.00348	0.00116	0.00519	0.00289	0.00197	0.00543
11	0.06110	0.11419	0.29643	0.00987	0.08266	0.02253	0.00934	0.10683	0.06865	0.01443	0.10296	0.01330	0.02987	0.02165	0.00410	0.00126	0.00440	0.02843	0.00262	0.00539
12	0.00692	0.02144	0.00737	0.00718	0.03091	0.08972	0.00530	0.00814	0.00695	0.00929	0.02167	0.01553	0.00997	0.12196	0.57939	0.00503	0.04321	0.00421	0.00215	0.00365
13	0.00909	0.00974	0.08703	0.32704	0.42628	0.03275	0.01171	0.01170	0.00867	0.02793	0.00740	0.00996	0.00584	0.00375	0.00392	0.00123	0.00507	0.00346	0.00192	0.00551
14	0.00718	0.00404	0.00626	0.00709	0.08856	0.00404	0.00432	0.00587	0.00555	0.00750	0.00694	0.01183	0.00683	0.01275	0.01433	0.79595	0.00357	0.00345	0.00175	0.00218
15	0.00771	0.00421	0.00584	0.00556	0.00588	0.00433	0.00385	0.08724	0.00652	0.00870	0.00715	0.01180	0.00687	0.01287	0.01434	0.79595	0.00354	0.00346	0.00195	0.00223
16	0.00936	0.12472	0.51628	0.01019	0.02644	0.06707	0.01158	0.09381	0.02687	0.01326	0.02439	0.04354	0.00689	0.00431	0.00370	0.00120	0.00529	0.00333	0.00212	0.00563
17	0.02463	0.13995	0.11337	0.02370	0.05937	0.10818	0.12813	0.11300	0.04564	0.19183	0.00940	0.00988	0.00680	0.00411	0.00377	0.00116	0.00494	0.00343	0.00287	0.00582
18	0.03320	0.03999	0.16907	0.01070	0.01456	0.08347	0.25798	0.02312	0.02278	0.01269	0.00763	0.02381	0.00609	0.00359	0.00373	0.00105	0.00507	0.00339	0.00214	0.27596

[dist]
# distance from previous block
# <min> <max>
0	7

[block]
# block no. 1 follows, 68 sequences, length 22
# corresponding to MSA columns:
# 621-642
name=unknown_B
#
# <colnr> <probs for GDERKNQSTAVLIFYWHMCP>
#	G	D	E	R	K	N	Q	S	T	A	V	L	I	F	Y	W	H	M	C	P
0	0.27852	0.09723	0.28369	0.00865	0.02493	0.08353	0.02918	0.03093	0.04604	0.01408	0.02785	0.01976	0.01764	0.00424	0.00335	0.00120	0.00457	0.01727	0.00227	0.00507
1	0.05961	0.73606	0.04984	0.00700	0.01034	0.04561	0.00696	0.01196	0.00813	0.00998	0.00589	0.00721	0.00538	0.00359	0.00268	0.00091	0.00433	0.01768	0.00179	0.00503
2	0.43240	0.38408	0.01285	0.00628	0.00914	0.05685	0.00566	0.03395	0.00789	0.01383	0.00566	0.00653	0.00475	0.00360	0.00259	0.00105	0.00384	0.00220	0.00214	0.00473
3	0.01171	0.02553	0.15305	0.00892	0.01222	0.02304	0.00816	0.36844	0.25637	0.01912	0.02251	0.01140	0.01920	0.00479	0.00390	0.00122	0.00418	0.00376	0.00347	0.03903
4	0.00689	0.03837	0.02874	0.01959	0.05121	0.01526	0.14329	0.04244	0.01809	0.01288	0.19264	0.02641	0.35851	0.00739	0.00450	0.00129	0.00332	0.02163	0.00330	0.00424
5	0.00953	0.00923	0.01602	0.11560	0.70251	0.00939	0.05548	0.01197	0.00892	0.01263	0.00744	0.00994	0.00616	0.00357	0.00397	0.00120	0.00488	0.00359	0.00194	0.00602
6	0.00689	0.00344	0.00517	0.00517	0.00517	0.00344	0.00344	0.00517	0.00517	0.00689	0.00689	0.01205	0.00689	0.01377	0.01550	0.88464	0.00344	0.00344	0.00172	0.00172
7	0.00964	0.04218	0.13405	0.01007	0.04641	0.03777	0.08602	0.02745	0.48312	0.01486	0.03328	0.01281	0.01012	0.00486	0.00426	0.00130	0.02858	0.00411	0.00319	0.00591
8	0.01025	0.00879	0.00926	0.00838	0.02591	0.02681	0.00642	0.09189	0.69013	0.01710	0.04930	0.01469	0.01243	0.00538	0.00404	0.00132	0.00331	0.00446	0.00396	0.00618
9	0.00488	0.00347	0.00459	0.00546	0.00567	0.00325	0.00361	0.00553	0.00749	0.00999	0.02134	0.81284	0.02558	0.05853	0.00588	0.00173	0.00238	0.01097	0.00361	0.00318
10	0.00815	0.01581	0.52681	0.07045	0.08510	0.00890	0.08574	0.03493	0.00880	0.01259	0.00997	0.01166	0.06883	0.00438	0.00414	0.00128	0.02044	0.01452	0.00198	0.00552
11	0.00867	0.00867	0.01214	0.01041	0.01041	0.01214	0.00867	0.00954	0.00607	0.00954	0.00520	0.00867	0.00520	0.00694	0.01301	0.00173	0.85340	0.00347	0.00173	0.00434
12	0.01443	0.01718	0.01157	0.01102	0.06835	0.69375	0.00793	0.06345	0.01141	0.03586	0.00669	0.00770	0.00543	0.00418	0.00385	0.00106	0.02627	0.00275	0.00223	0.00490
13	0.85232	0.00763	0.00597	0.00529	0.00777	0.00877	0.00436	0.01198	0.00694	0.05205	0.00594	0.00674	0.00452	0.00373	0.00252	0.00123	0.00308	0.00222	0.00256	0.00440
14	0.00574	0.00422	0.00543	0.00502	0.00610	0.00382	0.00378	0.00758	0.01101	0.01562	0.77009	0.02861	0.05329	0.00786	0.00458	0.00121	0.00193	0.00693	0.00424	0.05294
15	0.00547	0.00419	0.00554	0.00646	0.05245	0.00393	0.00446	0.00668	0.00867	0.01144	0.14164	0.35854	0.19169	0.02612	0.02739	0.00168	0.00277	0.13372	0.00362	0.00355
16	0.00578	0.00387	0.00444	0.00451	0.00456	0.00387	0.00264	0.00589	0.00598	0.00796	0.01314	0.04467	0.01511	0.79802	0.01909	0.00369	0.00380	0.04801	0.00250	0.00249
17	0.00878	0.05192	0.00892	0.00597	0.00947	0.00586	0.00486	0.01050	0.00835	0.04978	0.00735	0.00836	0.00601	0.00305	0.00296	0.00063	0.00302	0.00241	0.00243	0.79937
18	0.00821	0.00791	0.06522	0.00634	0.00987	0.00568	0.00545	0.02652	0.00835	0.01295	0.00729	0.00864	0.00604	0.00444	0.04716	0.00095	0.00357	0.00251	0.00232	0.76059
19	0.00919	0.08404	0.23449	0.00857	0.05492	0.00772	0.00811	0.02838	0.03342	0.06876	0.03495	0.00947	0.00710	0.00364	0.00336	0.00092	0.00396	0.00291	0.00241	0.39369
20	0.00593	0.00467	0.00651	0.00648	0.00723	0.02931	0.00503	0.00733	0.00651	0.00922	0.01049	0.01533	0.00977	0.02899	0.82054	0.00622	0.01052	0.00420	0.00212	0.00357
21	0.00807	0.01446	0.44933	0.01073	0.04496	0.02543	0.09576	0.01260	0.10253	0.01364	0.16964	0.01352	0.01231	0.00475	0.00407	0.00126	0.00484	0.00413	0.00252	0.00543

[dist]
# distance from previous block
# <min> <max>
1	3

[block]
# block no. 2 follows, 68 sequences, length 30
# corresponding to MSA columns:
# 646-675
name=unknown_C
#
# <colnr> <probs for GDERKNQSTAVLIFYWHMCP>
#	G	D	E	R	K	N	Q	S	T	A	V	L	I	F	Y	W	H	M	C	P
0	0.03665	0.00994	0.02613	0.01760	0.47372	0.01037	0.01017	0.26277	0.01180	0.03694	0.00810	0.00962	0.00637	0.00417	0.00446	0.00122	0.05756	0.00350	0.00265	0.00625
1	0.04744	0.10882	0.03049	0.00951	0.01086	0.25124	0.00790	0.03300	0.01910	0.01046	0.00604	0.00826	0.00545	0.00637	0.04229	0.00157	0.39164	0.00303	0.00195	0.00458
2	0.00552	0.00405	0.00517	0.00489	0.00587	0.00370	0.00367	0.00730	0.01100	0.01537	0.75267	0.03049	0.11890	0.00830	0.00468	0.00126	0.00188	0.00729	0.00429	0.00370
3	0.00936	0.00889	0.01508	0.09110	0.71646	0.00902	0.01163	0.01168	0.00890	0.01261	0.00831	0.03329	0.00735	0.00408	0.00402	0.00123	0.00465	0.03433	0.00205	0.00595
4	0.00554	0.00396	0.00542	0.00634	0.00688	0.00384	0.00492	0.00676	0.00830	0.01092	0.02146	0.48540	0.02466	0.01175	0.00525	0.00171	0.00292	0.37690	0.00367	0.00342
5	0.02216	0.00683	0.00998	0.02375	0.32420	0.04322	0.00758	0.00929	0.00818	0.01140	0.06154	0.12543	0.04293	0.01351	0.26886	0.00288	0.00607	0.00511	0.00246	0.00462
6	0.00566	0.00425	0.00637	0.00637	0.00708	0.00496	0.00496	0.00708	0.00637	0.00920	0.01062	0.01558	0.00991	0.02974	0.84494	0.00637	0.01062	0.00425	0.00212	0.00354
7	0.03899	0.68268	0.03656	0.00786	0.03856	0.11925	0.00717	0.01239	0.00845	0.00984	0.00569	0.00662	0.00510	0.00350	0.00274	0.00090	0.00462	0.00224	0.00177	0.00506
8	0.82748	0.00795	0.00624	0.02289	0.00830	0.02198	0.00459	0.03901	0.00724	0.01775	0.00570	0.00664	0.00441	0.00373	0.00255	0.00122	0.00322	0.00223	0.00248	0.00438
9	0.00866	0.00835	0.03134	0.01542	0.38498	0.03330	0.07504	0.01142	0.06130	0.02424	0.22118	0.01632	0.04828	0.00524	0.00455	0.00124	0.03625	0.00478	0.00281	0.00530
10	0.00926	0.02403	0.04563	0.00647	0.00998	0.02451	0.00546	0.06049	0.00913	0.05541	0.02037	0.00885	0.00654	0.00330	0.00312	0.00071	0.00328	0.00261	0.00256	0.69829
11	0.00542	0.00399	0.00508	0.00493	0.00584	0.00364	0.00365	0.00707	0.01059	0.01470	0.65823	0.11650	0.12804	0.00878	0.00472	0.00130	0.00193	0.00773	0.00422	0.00364
12	0.01064	0.24586	0.10456	0.00855	0.01996	0.11502	0.01893	0.08684	0.23322	0.01363	0.04727	0.01055	0.00869	0.00446	0.00371	0.00112	0.02197	0.00336	0.00273	0.03893
13	0.00494	0.00353	0.00472	0.00564	0.00592	0.00331	0.00387	0.00571	0.00770	0.01024	0.02179	0.80223	0.02599	0.01232	0.00509	0.00163	0.00239	0.06605	0.00368	0.00325
14	0.03989	0.02948	0.03647	0.00747	0.01019	0.00810	0.00631	0.09896	0.00901	0.06012	0.00731	0.00866	0.00594	0.00419	0.00534	0.00099	0.19128	0.00283	0.00250	0.46498
15	0.00731	0.00598	0.00735	0.00643	0.03897	0.00494	0.00469	0.00879	0.00838	0.02813	0.06797	0.19472	0.07381	0.00601	0.00396	0.00097	0.02488	0.00514	0.00289	0.49867
16	0.00934	0.11928	0.54925	0.01088	0.02576	0.00976	0.08641	0.02286	0.02166	0.07916	0.00787	0.00888	0.00567	0.00379	0.00371	0.00120	0.00540	0.00311	0.00205	0.02396
17	0.01675	0.00723	0.00938	0.00724	0.01021	0.00664	0.00596	0.13387	0.01239	0.67841	0.05813	0.01378	0.01084	0.00506	0.00402	0.00122	0.00344	0.00410	0.00474	0.00659
18	0.00795	0.02051	0.84011	0.01130	0.01716	0.00921	0.01465	0.01256	0.00837	0.01256	0.00712	0.00837	0.00502	0.00377	0.00377	0.00126	0.00586	0.00293	0.00167	0.00586
19	0.00795	0.02051	0.84011	0.01130	0.01716	0.00921	0.01465	0.01256	0.00837	0.01256	0.00712	0.00837	0.00502	0.00377	0.00377	0.00126	0.00586	0.00293	0.00167	0.00586
20	0.00619	0.00420	0.00537	0.00499	0.00609	0.00381	0.00378	0.00794	0.01098	0.06144	0.69866	0.02967	0.12553	0.00814	0.00464	0.00126	0.00197	0.00713	0.00432	0.00387
21	0.01779	0.00675	0.00920	0.00705	0.01012	0.00583	0.00583	0.01932	0.01135	0.83867	0.01564	0.01350	0.00981	0.00491	0.00399	0.00123	0.00337	0.00399	0.00491	0.00675
22	0.52613	0.00757	0.00688	0.00619	0.00837	0.00869	0.00497	0.06512	0.17938	0.01681	0.00901	0.01082	0.00734	0.02047	0.04823	0.02924	0.00361	0.03359	0.00289	0.00469
23	0.02837	0.00413	0.00468	0.00456	0.00471	0.00422	0.00269	0.00638	0.00595	0.03101	0.01224	0.02471	0.01382	0.79580	0.01912	0.00366	0.02331	0.00557	0.00246	0.00261
24	0.00583	0.00395	0.00504	0.00505	0.00528	0.00416	0.00332	0.00616	0.00597	0.00816	0.01169	0.02220	0.01269	0.53541	0.26659	0.06749	0.00584	0.02016	0.00229	0.00272
25	0.49683	0.00706	0.00706	0.00589	0.00847	0.00737	0.00483	0.01425	0.00880	0.32753	0.06852	0.01076	0.00874	0.00446	0.00319	0.00123	0.00310	0.00320	0.00352	0.00518
26	0.03397	0.00785	0.02468	0.00743	0.01038	0.00735	0.00618	0.19645	0.03143	0.55553	0.04492	0.01332	0.01015	0.02615	0.00438	0.00129	0.00358	0.00401	0.00449	0.00645
27	0.00633	0.00451	0.00631	0.00736	0.03896	0.00441	0.00579	0.00790	0.00892	0.02879	0.05567	0.22044	0.04670	0.01072	0.00524	0.00170	0.00327	0.52961	0.00365	0.00372
28	0.00513	0.00363	0.00475	0.00552	0.00591	0.00338	0.00382	0.00592	0.00783	0.02023	0.03326	0.69818	0.07953	0.03857	0.00552	0.00167	0.00243	0.06778	0.00366	0.00328
29	0.06615	0.04746	0.30543	0.01028	0.01364	0.25772	0.04433	0.03215	0.06774	0.01216	0.00719	0.00843	0.00561	0.00432	0.00468	0.00123	0.10120	0.00300	0.00208	0.00521

[dist]
# distance from previous block
# <min> <max>
2	5

[block]
# block no. 3 follows, 68 sequences, length 20
# corresponding to MSA columns:
# 681-700
name=unknown_D
#
# <colnr> <probs for GDERKNQSTAVLIFYWHMCP>
#	G	D	E	R	K	N	Q	S	T	A	V	L	I	F	Y	W	H	M	C	P
0	0.01013	0.01118	0.01210	0.01042	0.01119	0.23008	0.04742	0.01119	0.00760	0.00972	0.00591	0.00879	0.00551	0.00741	0.06090	0.00181	0.53903	0.00334	0.00185	0.00441
1	0.04459	0.00602	0.02457	0.00628	0.00839	0.00539	0.00508	0.01400	0.06865	0.38839	0.28295	0.07189	0.01974	0.00638	0.00419	0.00126	0.00280	0.00542	0.02870	0.00531
2	0.01000	0.06316	0.25781	0.01587	0.27327	0.01008	0.17503	0.10151	0.00996	0.03430	0.00779	0.00943	0.00593	0.00372	0.00396	0.00122	0.00535	0.00352	0.00216	0.00596
3	0.01345	0.17129	0.01293	0.01002	0.04964	0.62529	0.00754	0.01458	0.01048	0.00982	0.00730	0.00825	0.03499	0.00415	0.00344	0.00101	0.00632	0.00273	0.00204	0.00472
4	0.00939	0.02145	0.00934	0.02285	0.04998	0.00607	0.02557	0.01162	0.04441	0.10028	0.02196	0.00957	0.00708	0.00340	0.00323	0.00076	0.00322	0.00283	0.00268	0.64431
5	0.00781	0.00653	0.00782	0.00808	0.08549	0.00695	0.00559	0.01378	0.37228	0.01550	0.32891	0.02192	0.08965	0.00663	0.00432	0.00129	0.00271	0.00574	0.00394	0.00507
6	0.00577	0.00384	0.00432	0.00432	0.00432	0.00384	0.00240	0.00577	0.00577	0.00769	0.01249	0.02595	0.01441	0.86066	0.02018	0.00384	0.00384	0.00577	0.00240	0.00240
7	0.00950	0.01021	0.01601	0.15750	0.01774	0.14716	0.39719	0.01198	0.00938	0.02648	0.04051	0.05274	0.03182	0.00447	0.00428	0.00127	0.00569	0.00458	0.04671	0.00478
8	0.01000	0.07821	0.07665	0.07145	0.53754	0.02678	0.07286	0.03850	0.00926	0.03052	0.00751	0.00956	0.00608	0.00363	0.00386	0.00118	0.00495	0.00345	0.00204	0.00596
9	0.01481	0.01890	0.01124	0.01021	0.01226	0.84474	0.00766	0.01583	0.01124	0.00970	0.00613	0.00715	0.00511	0.00409	0.00358	0.00102	0.00715	0.00255	0.00204	0.00460
10	0.00577	0.00384	0.00432	0.00432	0.00432	0.00384	0.00240	0.00577	0.00577	0.00769	0.01249	0.02595	0.01441	0.86066	0.02018	0.00384	0.00384	0.00577	0.00240	0.00240
11	0.00576	0.00382	0.00436	0.00439	0.00440	0.00381	0.00247	0.00574	0.00582	0.00776	0.01269	0.05554	0.01465	0.80874	0.01952	0.02602	0.00378	0.00591	0.00243	0.00241
12	0.04298	0.08645	0.12288	0.07323	0.05498	0.18569	0.04009	0.03665	0.10684	0.09132	0.00864	0.00989	0.00670	0.00456	0.00478	0.00124	0.10370	0.01158	0.00250	0.00532
13	0.05998	0.81494	0.01994	0.00670	0.01004	0.01531	0.00664	0.01186	0.00798	0.00980	0.00551	0.00636	0.00504	0.00341	0.00254	0.00087	0.00417	0.00212	0.00174	0.00504
14	0.00595	0.00378	0.00446	0.00446	0.00446	0.00378	0.00258	0.00567	0.00567	0.00755	0.01156	0.02363	0.01316	0.71967	0.01940	0.15048	0.00378	0.00538	0.00229	0.00229
15	0.00843	0.00760	0.01231	0.04419	0.32051	0.00768	0.11374	0.05170	0.07953	0.01302	0.01306	0.23470	0.02941	0.00626	0.00431	0.00133	0.00403	0.00591	0.03716	0.00515
16	0.02855	0.15499	0.33203	0.01172	0.09794	0.01011	0.11494	0.02643	0.04858	0.11380	0.00846	0.00940	0.00623	0.00390	0.00384	0.00120	0.01647	0.00329	0.00231	0.00580
17	0.00597	0.00498	0.02644	0.00631	0.05308	0.00447	0.00460	0.02108	0.02623	0.01414	0.48709	0.02887	0.20625	0.00947	0.05589	0.00160	0.00282	0.03295	0.00384	0.00393
18	0.00511	0.00361	0.00460	0.00524	0.00571	0.00335	0.00363	0.00606	0.00821	0.01116	0.11151	0.61639	0.10142	0.01118	0.00484	0.00150	0.00223	0.02861	0.06230	0.00333
19	0.01018	0.08576	0.07963	0.06669	0.55198	0.04041	0.04148	0.01257	0.00904	0.05401	0.00762	0.00956	0.00615	0.00365	0.00381	0.00117	0.00489	0.00339	0.00206	0.00596

[dist]
# distance from previous block
# <min> <max>
0	12

[block]
# block no. 4 follows, 68 sequences, length 23
# corresponding to MSA columns:
# 713-727,730-737
name=unknown_E
#
# <colnr> <probs for GDERKNQSTAVLIFYWHMCP>
#	G	D	E	R	K	N	Q	S	T	A	V	L	I	F	Y	W	H	M	C	P
0	0.29303	0.04066	0.01120	0.02219	0.28394	0.13466	0.00785	0.03173	0.04205	0.01422	0.00689	0.00828	0.00561	0.00380	0.00348	0.00114	0.02166	0.00285	0.00227	0.06248
1	0.00621	0.00478	0.00572	0.00527	0.00656	0.00457	0.00402	0.00884	0.09657	0.02739	0.50011	0.02842	0.21544	0.00797	0.00470	0.00126	0.01960	0.00683	0.00404	0.04173
2	0.01103	0.17868	0.11657	0.01276	0.21295	0.11224	0.07326	0.03530	0.00959	0.10571	0.02852	0.01948	0.02599	0.00411	0.00367	0.00111	0.00483	0.00344	0.00241	0.03833
3	0.00487	0.00408	0.00427	0.00425	0.00557	0.00344	0.00320	0.00595	0.00909	0.01106	0.08309	0.06570	0.72165	0.00988	0.00468	0.00134	0.00207	0.02863	0.00369	0.02350
4	0.00931	0.01047	0.11573	0.05381	0.47655	0.02109	0.06380	0.02324	0.10683	0.01327	0.02764	0.02855	0.02338	0.00422	0.00402	0.00123	0.00468	0.00396	0.00232	0.00590
5	0.01085	0.22356	0.24465	0.01104	0.12370	0.03428	0.00977	0.20922	0.02560	0.02731	0.02044	0.02760	0.00678	0.00420	0.00358	0.00113	0.00475	0.00325	0.00246	0.00584
6	0.00566	0.00382	0.00447	0.00461	0.00468	0.00381	0.00273	0.00583	0.00609	0.00814	0.01383	0.13139	0.01598	0.70859	0.04218	0.00359	0.00384	0.02561	0.00259	0.00257
7	0.02319	0.17859	0.27770	0.01001	0.04515	0.03251	0.02632	0.18317	0.06324	0.05242	0.00813	0.00894	0.00614	0.00427	0.00424	0.00119	0.06335	0.00313	0.00250	0.00581
8	0.00953	0.00882	0.01480	0.05307	0.70401	0.00891	0.01124	0.02657	0.00902	0.02502	0.00844	0.05181	0.00743	0.00509	0.03796	0.00142	0.00483	0.00395	0.00213	0.00596
9	0.00702	0.00380	0.00416	0.00432	0.00520	0.00370	0.00323	0.00862	0.00835	0.03455	0.01638	0.16319	0.05503	0.00661	0.00345	0.00112	0.00208	0.05219	0.61333	0.00367
10	0.01106	0.77167	0.01974	0.00716	0.01040	0.10543	0.00688	0.01230	0.00840	0.00937	0.00558	0.00645	0.00509	0.00347	0.00266	0.00087	0.00456	0.00217	0.00173	0.00503
11	0.00582	0.00382	0.00437	0.00437	0.00437	0.00382	0.00245	0.00574	0.00574	0.00765	0.01221	0.02525	0.01404	0.81815	0.01995	0.04805	0.00382	0.00565	0.00237	0.00237
12	0.02500	0.03780	0.03413	0.16702	0.16542	0.02302	0.07904	0.22544	0.17294	0.01617	0.00956	0.01069	0.00722	0.00429	0.00395	0.00124	0.00461	0.00373	0.00285	0.00587
13	0.00897	0.04941	0.01292	0.03628	0.28602	0.00775	0.08066	0.01122	0.02129	0.01272	0.00734	0.00905	0.00606	0.00326	0.00345	0.00090	0.00399	0.00301	0.00217	0.43355
14	0.00559	0.00428	0.00529	0.00581	0.00688	0.00398	0.00482	0.00701	0.00903	0.01130	0.02937	0.07279	0.37596	0.01061	0.00512	0.00161	0.00289	0.43051	0.00367	0.00350
15	0.00742	0.00506	0.00687	0.00641	0.01803	0.00558	0.02055	0.00803	0.00671	0.08495	0.03372	0.03559	0.01210	0.40194	0.16581	0.04413	0.12617	0.00499	0.00252	0.00342
16	0.03085	0.21992	0.32021	0.00928	0.01337	0.05953	0.05172	0.01410	0.00913	0.20547	0.00864	0.00910	0.00621	0.00400	0.00372	0.00115	0.02236	0.00304	0.00250	0.00571
17	0.00662	0.00557	0.00813	0.00784	0.02728	0.00700	0.00607	0.00782	0.00632	0.00931	0.00903	0.01371	0.00858	0.04111	0.56349	0.01909	0.24321	0.00404	0.00201	0.00377
18	0.00659	0.00417	0.00543	0.00556	0.02439	0.00420	0.00362	0.00700	0.00666	0.06198	0.03049	0.10072	0.04175	0.41290	0.18092	0.08729	0.00490	0.00572	0.00264	0.00307
19	0.00888	0.12422	0.49852	0.01103	0.03725	0.00983	0.09737	0.05042	0.02329	0.02916	0.02226	0.03370	0.00708	0.00427	0.00383	0.00123	0.00532	0.02464	0.00209	0.00562
20	0.05934	0.02045	0.05651	0.04862	0.10161	0.00766	0.16415	0.05893	0.01005	0.26510	0.02412	0.07682	0.02465	0.00535	0.00420	0.00131	0.00432	0.05799	0.00328	0.00555
21	0.00856	0.03827	0.19848	0.02985	0.22965	0.00859	0.22910	0.01139	0.00881	0.02744	0.02396	0.12773	0.00963	0.00505	0.00426	0.00131	0.00506	0.02523	0.00227	0.00534
22	0.00977	0.00896	0.01325	0.26825	0.37526	0.03570	0.01038	0.10949	0.07551	0.01384	0.03539	0.01097	0.00749	0.00412	0.00396	0.00123	0.00470	0.00370	0.00239	0.00564

[dist]
# distance from previous block
# <min> <max>
4	8

[block]
# block no. 5 follows, 68 sequences, length 177
# corresponding to MSA columns:
# 748-802,807-833,835-851,853-864,872-883,885-929,931-939
name=unknown_F
#
# <colnr> <probs for GDERKNQSTAVLIFYWHMCP>
#	G	D	E	R	K	N	Q	S	T	A	V	L	I	F	Y	W	H	M	C	P
0	0.01468	0.00985	0.01185	0.02761	0.02261	0.14174	0.11910	0.14674	0.02274	0.38269	0.01209	0.05105	0.00870	0.00486	0.00406	0.00122	0.00460	0.00412	0.00372	0.00598
1	0.00598	0.00462	0.00674	0.13653	0.03399	0.00478	0.00609	0.00747	0.00830	0.01089	0.01913	0.37505	0.03416	0.01026	0.00501	0.00163	0.00335	0.31904	0.00332	0.00366
2	0.02521	0.00972	0.01056	0.00834	0.01131	0.01049	0.00678	0.48320	0.20479	0.07883	0.01117	0.01084	0.00808	0.00471	0.00385	0.00117	0.00384	0.00366	0.00386	0.09961
3	0.02089	0.00846	0.01225	0.05134	0.32011	0.00824	0.02028	0.12850	0.01916	0.22342	0.01002	0.02208	0.00745	0.00413	0.00382	0.00113	0.00407	0.00361	0.00309	0.12796
4	0.01218	0.09465	0.26175	0.00981	0.01377	0.00903	0.11943	0.08467	0.02602	0.28123	0.01922	0.02192	0.00763	0.00436	0.00402	0.00123	0.01630	0.00368	0.00307	0.00601
5	0.01990	0.01868	0.72580	0.01123	0.01660	0.00892	0.05778	0.01225	0.00846	0.01259	0.00812	0.01103	0.00632	0.00425	0.00392	0.00130	0.00571	0.05967	0.00184	0.00566
6	0.00951	0.00911	0.01554	0.13248	0.73016	0.00934	0.01202	0.01190	0.00888	0.01258	0.00740	0.00991	0.00615	0.00359	0.00393	0.00120	0.00479	0.00353	0.00194	0.00604
7	0.00967	0.00939	0.04172	0.03279	0.68058	0.00902	0.04555	0.01221	0.02347	0.03531	0.00864	0.03917	0.00747	0.00408	0.00403	0.00122	0.00467	0.02278	0.00217	0.00605
8	0.02203	0.00885	0.08328	0.10079	0.12100	0.00754	0.14462	0.01517	0.00996	0.39598	0.02250	0.03200	0.00853	0.00448	0.00409	0.00126	0.00447	0.00410	0.00337	0.00598
9	0.00751	0.03532	0.15299	0.00657	0.00857	0.00516	0.00601	0.00918	0.00875	0.13099	0.04576	0.33491	0.18020	0.00885	0.00453	0.00141	0.00313	0.04238	0.00346	0.00432
10	0.00914	0.00867	0.01470	0.13762	0.66551	0.00890	0.01141	0.01142	0.00877	0.01236	0.00841	0.06952	0.00754	0.00422	0.00401	0.00123	0.00462	0.00408	0.00206	0.00581
11	0.01211	0.02118	0.19706	0.00976	0.07025	0.00700	0.07132	0.01442	0.00975	0.37640	0.02204	0.10233	0.03373	0.00550	0.00426	0.00129	0.01638	0.01596	0.00347	0.00581
12	0.01019	0.04100	0.53969	0.01179	0.09075	0.00879	0.05038	0.01383	0.00905	0.17416	0.00881	0.00956	0.00612	0.00394	0.00383	0.00123	0.00526	0.00325	0.00235	0.00603
13	0.00915	0.00874	0.01489	0.26032	0.60513	0.00925	0.01184	0.01159	0.00871	0.01215	0.00734	0.01003	0.00600	0.00366	0.00394	0.00122	0.00487	0.00353	0.00191	0.00574
14	0.00962	0.44303	0.28939	0.06782	0.01382	0.01223	0.02716	0.01229	0.02172	0.04178	0.00709	0.02523	0.00582	0.00383	0.00322	0.00106	0.00481	0.00284	0.00190	0.00534
15	0.01124	0.02617	0.26464	0.04212	0.30535	0.00853	0.03922	0.01409	0.00939	0.22658	0.00945	0.01033	0.00675	0.00396	0.00390	0.00122	0.00479	0.00348	0.00263	0.00616
16	0.00792	0.00621	0.08411	0.03798	0.01800	0.00484	0.02654	0.00933	0.00861	0.16439	0.03390	0.30856	0.15312	0.08773	0.00602	0.00165	0.00321	0.03017	0.00348	0.00422
17	0.00818	0.09386	0.76878	0.01091	0.01655	0.00977	0.01396	0.01250	0.00834	0.01228	0.00698	0.00820	0.00503	0.00373	0.00366	0.00122	0.00572	0.00286	0.00168	0.00579
18	0.01248	0.01392	0.37540	0.01049	0.06992	0.06662	0.02362	0.01552	0.01884	0.33825	0.01055	0.01051	0.00710	0.00423	0.00387	0.00122	0.00487	0.00341	0.00303	0.00615
19	0.00865	0.01864	0.06853	0.00975	0.15501	0.00661	0.02117	0.02431	0.00857	0.01306	0.00716	0.00855	0.00589	0.00314	0.00321	0.00076	0.00356	0.00266	0.00225	0.62852
20	0.00569	0.00416	0.00593	0.00593	0.00648	0.00471	0.00440	0.00679	0.00624	0.00888	0.01103	0.01783	0.01089	0.21011	0.66591	0.00582	0.00915	0.00458	0.00218	0.00329
21	0.02679	0.00777	0.01216	0.03044	0.42408	0.00793	0.03897	0.01208	0.11526	0.03081	0.01252	0.10895	0.01193	0.00599	0.00432	0.00136	0.00409	0.13636	0.00277	0.00542
22	0.00664	0.00519	0.00661	0.00636	0.00706	0.00595	0.00470	0.00920	0.14818	0.01024	0.02366	0.07703	0.02571	0.22649	0.31353	0.03063	0.08128	0.00517	0.00264	0.00372
23	0.00797	0.00386	0.00400	0.00388	0.00492	0.00381	0.00294	0.00980	0.00848	0.06032	0.01308	0.01471	0.01014	0.00464	0.00284	0.00094	0.00193	0.00371	0.83415	0.00386
24	0.00619	0.00672	0.10848	0.00821	0.08671	0.02071	0.00624	0.00784	0.01652	0.01086	0.01897	0.37025	0.10623	0.03661	0.07661	0.00198	0.00394	0.09990	0.00307	0.00396
25	0.00563	0.00357	0.00483	0.00521	0.00550	0.00339	0.00352	0.00566	0.00724	0.00969	0.11466	0.40453	0.06425	0.04742	0.00902	0.28953	0.00267	0.00784	0.00307	0.00277
26	0.01138	0.70760	0.01902	0.00742	0.01056	0.16835	0.00695	0.01260	0.00864	0.00940	0.00563	0.00651	0.00509	0.00352	0.00273	0.00088	0.00478	0.00220	0.00176	0.00500
27	0.88866	0.00767	0.00583	0.00521	0.00767	0.00889	0.00429	0.01166	0.00675	0.01779	0.00552	0.00644	0.00429	0.00368	0.00245	0.00123	0.00307	0.00215	0.00245	0.00429
28	0.00736	0.00692	0.01139	0.75351	0.03406	0.00855	0.01038	0.00982	0.00795	0.01018	0.00932	0.01244	0.06354	0.00449	0.00433	0.00134	0.03433	0.00386	0.00190	0.00435
29	0.00931	0.00979	0.07323	0.07888	0.65723	0.00906	0.02603	0.01183	0.00898	0.01285	0.04069	0.01054	0.00736	0.00375	0.00394	0.00119	0.00471	0.00363	0.00203	0.02497
30	0.00830	0.01811	0.64077	0.01262	0.01803	0.00941	0.21159	0.01259	0.00861	0.01259	0.00734	0.00894	0.00527	0.00366	0.00399	0.00128	0.00606	0.00336	0.00176	0.00573
31	0.00947	0.01894	0.01724	0.03274	0.54075	0.02353	0.22249	0.01195	0.00904	0.01259	0.00839	0.05891	0.00731	0.00401	0.00417	0.00124	0.00513	0.00425	0.00207	0.00579
32	0.00657	0.00434	0.00567	0.00524	0.00635	0.00403	0.00399	0.00860	0.02769	0.07364	0.74326	0.02849	0.03466	0.00788	0.00463	0.00126	0.00204	0.02325	0.00438	0.00400
33	0.88866	0.00767	0.00583	0.00521	0.00767	0.00889	0.00429	0.01166	0.00675	0.01779	0.00552	0.00644	0.00429	0.00368	0.00245	0.00123	0.00307	0.00215	0.00245	0.00429
34	0.01481	0.01890	0.01124	0.01021	0.01226	0.84474	0.00766	0.01583	0.01124	0.00970	0.00613	0.00715	0.00511	0.00409	0.00358	0.00102	0.00715	0.00255	0.00204	0.00460
35	0.00580	0.00391	0.00446	0.00440	0.00452	0.00386	0.00254	0.00596	0.00619	0.00835	0.07011	0.02591	0.01589	0.78634	0.01880	0.00361	0.00369	0.00581	0.00254	0.01732
36	0.00785	0.00735	0.01203	0.72395	0.09256	0.00893	0.01077	0.01107	0.06569	0.01082	0.00772	0.01081	0.00585	0.00403	0.00397	0.00131	0.00509	0.00359	0.00194	0.00469
37	0.00584	0.00415	0.00511	0.00481	0.00594	0.00372	0.00363	0.00747	0.01065	0.04654	0.59037	0.03127	0.24882	0.00850	0.00465	0.00127	0.00197	0.00737	0.00420	0.00375
38	0.00795	0.02051	0.84011	0.01130	0.01716	0.00921	0.01465	0.01256	0.00837	0.01256	0.00712	0.00837	0.00502	0.00377	0.00377	0.00126	0.00586	0.00293	0.00167	0.00586
39	0.00816	0.00700	0.00815	0.00584	0.00933	0.00525	0.00467	0.00991	0.00824	0.01288	0.00760	0.00872	0.01979	0.00306	0.00297	0.00060	0.00292	0.00245	0.00237	0.87008
40	0.00822	0.00705	0.00822	0.00587	0.00940	0.00529	0.00470	0.00998	0.00822	0.01292	0.00705	0.00822	0.00587	0.00294	0.00294	0.00059	0.00294	0.00235	0.00235	0.88490
41	0.60408	0.08447	0.00845	0.00617	0.00887	0.00996	0.00519	0.16099	0.00929	0.06167	0.00679	0.00737	0.00511	0.00392	0.00282	0.00119	0.00343	0.00250	0.00279	0.00494
42	0.00483	0.00345	0.00460	0.00552	0.00575	0.00322	0.00368	0.00552	0.00759	0.01012	0.02185	0.85807	0.02622	0.01242	0.00506	0.00161	0.00230	0.01127	0.00368	0.00322
43	0.00576	0.00385	0.00436	0.00436	0.00437	0.00386	0.00245	0.00579	0.00578	0.00771	0.01246	0.02577	0.01434	0.84666	0.03408	0.00389	0.00396	0.00574	0.00240	0.00242
44	0.00734	0.00684	0.01146	0.77623	0.04094	0.00843	0.01052	0.00984	0.00793	0.01018	0.00810	0.07010	0.00678	0.00455	0.00404	0.00134	0.00506	0.00407	0.00190	0.00436
45	0.88866	0.00767	0.00583	0.00521	0.00767	0.00889	0.00429	0.01166	0.00675	0.01779	0.00552	0.00644	0.00429	0.00368	0.00245	0.00123	0.00307	0.00215	0.00245	0.00429
46	0.00749	0.00705	0.01189	0.85113	0.02731	0.00881	0.01101	0.01013	0.00793	0.01013	0.00705	0.01057	0.00529	0.00396	0.00396	0.00132	0.00529	0.00352	0.00176	0.00440
47	0.88866	0.00767	0.00583	0.00521	0.00767	0.00889	0.00429	0.01166	0.00675	0.01779	0.00552	0.00644	0.00429	0.00368	0.00245	0.00123	0.00307	0.00215	0.00245	0.00429
48	0.01255	0.09345	0.36239	0.00941	0.03024	0.00855	0.02364	0.04271	0.00994	0.35259	0.01058	0.01040	0.00710	0.00422	0.00377	0.00120	0.00462	0.00335	0.00310	0.00618
49	0.00867	0.00867	0.01214	0.01041	0.01041	0.01214	0.00867	0.00954	0.00607	0.00954	0.00520	0.00867	0.00520	0.00694	0.01301	0.00173	0.85340	0.00347	0.00173	0.00434
50	0.00822	0.00705	0.00822	0.00587	0.00940	0.00529	0.00470	0.00998	0.00822	0.01292	0.00705	0.00822	0.00587	0.00294	0.00294	0.00059	0.00294	0.00235	0.00235	0.88490
51	0.00957	0.00917	0.01565	0.11256	0.74964	0.00936	0.01204	0.01195	0.00891	0.01265	0.00741	0.00989	0.00617	0.00358	0.00393	0.00119	0.00477	0.00353	0.00194	0.00608
52	0.01045	0.00867	0.01008	0.02647	0.12696	0.02350	0.00719	0.01939	0.62642	0.07360	0.01454	0.01379	0.01087	0.00504	0.00401	0.00131	0.00348	0.00426	0.00373	0.00625
53	0.88866	0.00767	0.00583	0.00521	0.00767	0.00889	0.00429	0.01166	0.00675	0.01779	0.00552	0.00644	0.00429	0.00368	0.00245	0.00123	0.00307	0.00215	0.00245	0.00429
54	0.00962	0.00843	0.01329	0.18536	0.46487	0.00893	0.01037	0.05381	0.08095	0.03894	0.00932	0.01228	0.00763	0.00427	0.00397	0.00124	0.00447	0.04035	0.03619	0.00572
55	0.00517	0.00371	0.00487	0.00526	0.00581	0.00346	0.00369	0.00627	0.00892	0.01218	0.31985	0.48020	0.06922	0.01108	0.02120	0.02021	0.00231	0.00933	0.00386	0.00339
56	0.00981	0.00942	0.01609	0.02434	0.83592	0.00942	0.01217	0.01217	0.00903	0.01295	0.00746	0.00981	0.00628	0.00353	0.00393	0.00118	0.00471	0.00353	0.00196	0.00628
57	0.00899	0.00842	0.03034	0.26500	0.27602	0.02450	0.01940	0.02608	0.14720	0.03258	0.01842	0.06654	0.00864	0.00513	0.01533	0.00137	0.03398	0.00423	0.00248	0.00536
58	0.00753	0.00712	0.01213	0.83411	0.02717	0.00883	0.02754	0.01018	0.00796	0.01018	0.00707	0.01057	0.00530	0.00395	0.00398	0.00132	0.00531	0.00355	0.00177	0.00442
59	0.00546	0.00401	0.00510	0.00490	0.00584	0.00366	0.00365	0.00715	0.01075	0.01495	0.69200	0.07692	0.13367	0.00858	0.00470	0.00128	0.00191	0.00755	0.00424	0.00366
60	0.00780	0.00692	0.02334	0.13156	0.03984	0.01675	0.18471	0.01001	0.02555	0.04768	0.02409	0.04944	0.01088	0.06114	0.20439	0.01214	0.01597	0.10136	0.00249	0.02394
61	0.00889	0.00703	0.00829	0.00595	0.00945	0.00532	0.00478	0.01063	0.00844	0.07035	0.00764	0.00859	0.00615	0.00307	0.00301	0.00063	0.00297	0.00246	0.00253	0.82382
62	0.00807	0.02048	0.82634	0.01128	0.01708	0.02309	0.01453	0.01261	0.00842	0.01251	0.00710	0.00835	0.00502	0.00377	0.00376	0.00125	0.00588	0.00292	0.00168	0.00584
63	0.00989	0.34984	0.02185	0.01246	0.01615	0.01212	0.47130	0.01236	0.00886	0.02112	0.00737	0.00968	0.00603	0.00353	0.00384	0.00115	0.00561	0.01967	0.00195	0.00523
64	0.00500	0.00403	0.00446	0.00435	0.00555	0.00348	0.00326	0.00630	0.00979	0.01249	0.31165	0.03524	0.56172	0.00938	0.00468	0.00131	0.00196	0.00796	0.00392	0.00348
65	0.00850	0.00719	0.00786	0.00716	0.00899	0.00807	0.00555	0.01661	0.56519	0.01574	0.18447	0.01997	0.08427	0.00643	0.00445	0.00134	0.02277	0.01601	0.00401	0.00544
66	0.00474	0.00379	0.00425	0.00462	0.00551	0.00330	0.00328	0.00562	0.00846	0.01047	0.03279	0.36830	0.50893	0.01100	0.00484	0.00145	0.00213	0.00954	0.00368	0.00330
67	0.01481	0.01890	0.01124	0.01021	0.01226	0.84474	0.00766	0.01583	0.01124	0.00970	0.00613	0.00715	0.00511	0.00409	0.00358	0.00102	0.00715	0.00255	0.00204	0.00460
68	0.00512	0.00417	0.00474	0.00487	0.00579	0.00394	0.00359	0.00606	0.00840	0.01063	0.03151	0.26244	0.51814	0.01026	0.00530	0.00142	0.06190	0.00864	0.03969	0.00340
69	0.62337	0.10481	0.00867	0.00614	0.00883	0.01031	0.00519	0.16603	0.00916	0.01820	0.00628	0.00702	0.00485	0.00385	0.00275	0.00118	0.00345	0.00241	0.00266	0.00485
70	0.01044	0.01036	0.11667	0.04012	0.56937	0.02145	0.01127	0.01291	0.00925	0.11753	0.00952	0.01103	0.03420	0.00397	0.00393	0.00120	0.00464	0.00366	0.00235	0.00612
71	0.20701	0.40073	0.19741	0.00800	0.02852	0.04970	0.00812	0.01228	0.00804	0.02898	0.00614	0.00711	0.00502	0.00365	0.00304	0.00106	0.01573	0.00241	0.00195	0.00511
72	0.01563	0.00712	0.02705	0.00725	0.00995	0.00647	0.00607	0.05865	0.01120	0.63831	0.07403	0.01405	0.01125	0.00524	0.00463	0.00125	0.06305	0.00413	0.02841	0.00626
73	0.00926	0.00835	0.03386	0.01363	0.33873	0.00744	0.00814	0.01223	0.08675	0.04453	0.03071	0.01102	0.00795	0.00381	0.00360	0.00098	0.00374	0.02027	0.00251	0.35248
74	0.00559	0.00438	0.00512	0.00477	0.00605	0.00389	0.00359	0.00736	0.03395	0.01363	0.44344	0.03071	0.32424	0.02840	0.00490	0.00130	0.00208	0.00716	0.00392	0.06555
75	0.00822	0.00705	0.00822	0.00587	0.00940	0.00529	0.00470	0.00998	0.00822	0.01292	0.00705	0.00822	0.00587	0.00294	0.00294	0.00059	0.00294	0.00235	0.00235	0.88490
76	0.00866	0.02330	0.29864	0.01082	0.13023	0.00767	0.03583	0.03985	0.02549	0.04323	0.07146	0.01242	0.04762	0.00434	0.00376	0.00109	0.00430	0.01423	0.00245	0.21460
77	0.00935	0.00682	0.00817	0.00600	0.00930	0.00526	0.00480	0.01105	0.00871	0.12464	0.03058	0.03437	0.00784	0.00362	0.00319	0.00072	0.00295	0.00296	0.00279	0.71690
78	0.02783	0.00818	0.00841	0.00629	0.00958	0.08912	0.00497	0.01053	0.00848	0.01265	0.00718	0.02296	0.00612	0.00323	0.00303	0.00066	0.00335	0.00252	0.00234	0.76257
79	0.01041	0.03772	0.23985	0.01061	0.13878	0.00746	0.02080	0.02866	0.00952	0.19841	0.05644	0.01296	0.05161	0.00453	0.00381	0.00113	0.00414	0.01536	0.00288	0.14492
80	0.78177	0.00759	0.00612	0.00529	0.00788	0.00846	0.00434	0.01145	0.00693	0.01720	0.00571	0.00666	0.00449	0.00359	0.00251	0.00115	0.00305	0.00217	0.00244	0.11120
81	0.11546	0.00851	0.01161	0.02626	0.01065	0.01150	0.03191	0.00986	0.00629	0.01064	0.00545	0.00861	0.00520	0.00676	0.02513	0.00173	0.69488	0.00336	0.00184	0.00435
82	0.01066	0.01044	0.01579	0.06337	0.49648	0.08038	0.11567	0.11019	0.01028	0.01386	0.00758	0.00968	0.00612	0.00382	0.00425	0.00121	0.02850	0.00360	0.00220	0.00592
83	0.00689	0.00344	0.00517	0.00517	0.00517	0.00344	0.00344	0.00517	0.00517	0.00689	0.00689	0.01205	0.00689	0.01377	0.01550	0.88464	0.00344	0.00344	0.00172	0.00172
84	0.35456	0.00857	0.01102	0.01411	0.37574	0.02585	0.00812	0.01295	0.00845	0.12366	0.00772	0.00891	0.00593	0.00383	0.00347	0.00121	0.01482	0.00303	0.00254	0.00551
85	0.08017	0.06093	0.44671	0.01031	0.05538	0.02508	0.02105	0.06540	0.00957	0.17588	0.00874	0.00927	0.00610	0.00402	0.00367	0.00121	0.00495	0.00312	0.00254	0.00592
86	0.00525	0.00403	0.00480	0.00463	0.00571	0.00358	0.00347	0.00677	0.01034	0.01385	0.52075	0.04654	0.33810	0.00891	0.00469	0.00129	0.00193	0.00769	0.00410	0.00358
87	0.00816	0.00830	0.02838	0.26439	0.15696	0.02030	0.23520	0.01098	0.02843	0.01248	0.14544	0.01458	0.03934	0.00464	0.00429	0.00128	0.00489	0.00461	0.00242	0.00491
88	0.00875	0.00971	0.07030	0.01047	0.01092	0.02852	0.00907	0.00988	0.00634	0.00976	0.00536	0.00862	0.00519	0.00666	0.01217	0.00169	0.77700	0.00341	0.00174	0.00445
89	0.01047	0.75157	0.01948	0.06621	0.01139	0.03078	0.00706	0.03076	0.00835	0.00977	0.00601	0.02176	0.00551	0.00364	0.00274	0.00091	0.00434	0.00242	0.00180	0.00504
90	0.01298	0.04320	0.03374	0.01267	0.09479	0.53001	0.15648	0.03972	0.01069	0.01110	0.00670	0.00815	0.00544	0.00392	0.00389	0.00111	0.01529	0.00307	0.00207	0.00501
91	0.00994	0.07028	0.10930	0.01277	0.22928	0.01010	0.01783	0.04130	0.41409	0.02577	0.01175	0.01191	0.00898	0.00452	0.00387	0.00125	0.00403	0.00385	0.00303	0.00616
92	0.10689	0.00514	0.00636	0.00554	0.00719	0.00485	0.00434	0.01097	0.01076	0.22651	0.53252	0.02292	0.02667	0.00680	0.00425	0.00124	0.00239	0.00580	0.00429	0.00457
93	0.01047	0.00903	0.01157	0.00951	0.01214	0.00994	0.13900	0.10572	0.57313	0.03813	0.02804	0.01378	0.01091	0.00502	0.00414	0.00132	0.00383	0.00445	0.00373	0.00614
94	0.00689	0.00344	0.00517	0.00517	0.00517	0.00344	0.00344	0.00517	0.00517	0.00689	0.00689	0.01205	0.00689	0.01377	0.01550	0.88464	0.00344	0.00344	0.00172	0.00172
95	0.00483	0.00345	0.00460	0.00552	0.00575	0.00322	0.00368	0.00552	0.00759	0.01012	0.02185	0.85807	0.02622	0.01242	0.00506	0.00161	0.00230	0.01127	0.00368	0.00322
96	0.01726	0.00670	0.00906	0.00699	0.00997	0.00585	0.00576	0.03234	0.01143	0.79088	0.03827	0.01389	0.01054	0.00499	0.00399	0.00122	0.00333	0.00406	0.01686	0.00662
97	0.00731	0.00578	0.00725	0.00756	0.00866	0.01990	0.00633	0.02703	0.14997	0.01258	0.01854	0.09252	0.01923	0.01006	0.02532	0.00180	0.05512	0.51733	0.00355	0.00419
98	0.00689	0.00344	0.00517	0.00517	0.00517	0.00344	0.00344	0.00517	0.00517	0.00689	0.00689	0.01205	0.00689	0.01377	0.01550	0.88464	0.00344	0.00344	0.00172	0.00172
99	0.00909	0.00922	0.01642	0.24544	0.26096	0.02256	0.25958	0.01246	0.07439	0.01224	0.00812	0.01061	0.00634	0.00385	0.00445	0.00129	0.03155	0.00394	0.00208	0.00540
100	0.00795	0.02051	0.84011	0.01130	0.01716	0.00921	0.01465	0.01256	0.00837	0.01256	0.00712	0.00837	0.00502	0.00377	0.00377	0.00126	0.00586	0.00293	0.00167	0.00586
101	0.01481	0.01890	0.01124	0.01021	0.01226	0.84474	0.00766	0.01583	0.01124	0.00970	0.00613	0.00715	0.00511	0.00409	0.00358	0.00102	0.00715	0.00255	0.00204	0.00460
102	0.00486	0.00402	0.00426	0.00420	0.00546	0.00342	0.00315	0.00603	0.00946	0.01171	0.19249	0.03652	0.68137	0.00967	0.00468	0.00132	0.00198	0.00814	0.00381	0.00342
103	0.01442	0.01596	0.01076	0.00949	0.01163	0.61003	0.00720	0.14003	0.01206	0.06193	0.00780	0.02257	0.00645	0.04712	0.00451	0.00121	0.00625	0.00310	0.00256	0.00493
104	0.53530	0.11206	0.02648	0.00704	0.00962	0.18684	0.03778	0.01255	0.00800	0.01467	0.00598	0.01743	0.00492	0.00383	0.00285	0.00115	0.00426	0.00246	0.00226	0.00451
105	0.07668	0.01243	0.01073	0.00885	0.01148	0.30340	0.02333	0.25092	0.01294	0.21092	0.00944	0.00949	0.00673	0.00449	0.00388	0.00115	0.01930	0.00323	0.01492	0.00571
106	0.00628	0.00456	0.00586	0.00564	0.00619	0.00497	0.00406	0.02341	0.00716	0.02536	0.08055	0.05342	0.07833	0.31749	0.27103	0.00381	0.07139	0.00552	0.02166	0.00332
107	0.00981	0.00942	0.01609	0.02434	0.83592	0.00942	0.01217	0.01217	0.00903	0.01295	0.00746	0.00981	0.00628	0.00353	0.00393	0.00118	0.00471	0.00353	0.00196	0.00628
108	0.00566	0.00425	0.00637	0.00637	0.00708	0.00496	0.00496	0.00708	0.00637	0.00920	0.01062	0.01558	0.00991	0.02974	0.84494	0.00637	0.01062	0.00425	0.00212	0.00354
109	0.00561	0.00405	0.00530	0.00499	0.00592	0.00374	0.00374	0.00748	0.01122	0.01590	0.83383	0.02962	0.03741	0.00811	0.00468	0.00125	0.00187	0.00717	0.00436	0.00374
110	0.00654	0.00514	0.00758	0.22927	0.02623	0.00561	0.01986	0.00799	0.00762	0.00998	0.01385	0.03857	0.01463	0.29169	0.02626	0.00243	0.00433	0.27626	0.00265	0.00350
111	0.00510	0.00362	0.00464	0.00536	0.00559	0.00346	0.00351	0.00588	0.02402	0.00983	0.02010	0.69556	0.02387	0.16040	0.00768	0.00199	0.00259	0.01017	0.00346	0.00314
112	0.07926	0.06727	0.00995	0.00704	0.01010	0.00717	0.00590	0.07206	0.01128	0.66731	0.01380	0.01222	0.00888	0.00470	0.00377	0.00120	0.00348	0.00370	0.00444	0.00646
113	0.01711	0.00694	0.00917	0.00705	0.01008	0.01600	0.00580	0.03509	0.01138	0.76572	0.03075	0.01345	0.01008	0.00488	0.00396	0.00120	0.00339	0.00396	0.00475	0.03923
114	0.19179	0.03611	0.01037	0.00917	0.04219	0.41046	0.00690	0.11459	0.06887	0.06290	0.00773	0.00829	0.00596	0.00419	0.00344	0.00112	0.00530	0.00284	0.00266	0.00512
115	0.01507	0.01111	0.01190	0.00912	0.01230	0.01230	0.00754	0.82270	0.01864	0.02499	0.00952	0.00952	0.00674	0.00476	0.00397	0.00119	0.00436	0.00357	0.00397	0.00674
116	0.01378	0.14082	0.01243	0.00834	0.01137	0.01165	0.00700	0.46513	0.15928	0.11389	0.01077	0.01042	0.00779	0.00468	0.00376	0.00117	0.00401	0.00356	0.00374	0.00641
117	0.00514	0.00374	0.00460	0.00492	0.00553	0.00342	0.00341	0.00596	0.00839	0.01104	0.18736	0.37257	0.22601	0.08271	0.00675	0.05047	0.00234	0.00884	0.00360	0.00320
118	0.03061	0.00966	0.01571	0.02347	0.79236	0.03385	0.01185	0.01226	0.00904	0.01297	0.00737	0.00966	0.00620	0.00355	0.00388	0.00117	0.00474	0.00347	0.00198	0.00618
119	0.82692	0.00773	0.00605	0.00541	0.00785	0.00896	0.00443	0.01232	0.06450	0.01770	0.00627	0.00703	0.00484	0.00380	0.00256	0.00124	0.00307	0.00231	0.00256	0.00443
120	0.00869	0.01023	0.07741	0.01505	0.06613	0.00894	0.58235	0.01175	0.00921	0.01256	0.02661	0.04867	0.02301	0.00463	0.00466	0.00137	0.00589	0.07544	0.00227	0.00514
