[name]
unknown

[dist]
# distance from previous block
# <min> <max>
0	62

[block]
# block no. 0 follows, 73 sequences, length 11
# corresponding to MSA columns:
# 62-72
name=unknown_A
#
# <colnr> <probs for GDERKNQSTAVLIFYWHMCP>
#	G	D	E	R	K	N	Q	S	T	A	V	L	I	F	Y	W	H	M	C	P
0	0.03100	0.00385	0.00505	0.04361	0.00672	0.00384	0.00418	0.00619	0.00722	0.00975	0.01840	0.43188	0.05907	0.12441	0.02926	0.02747	0.00301	0.17892	0.00311	0.00308
1	0.00764	0.00737	0.01142	0.43096	0.17648	0.05390	0.06068	0.00990	0.00858	0.01131	0.17259	0.01327	0.01124	0.00442	0.00390	0.00120	0.00444	0.00404	0.00222	0.00445
2	0.01087	0.01261	0.01075	0.01115	0.13323	0.43544	0.00765	0.01195	0.00880	0.00965	0.00756	0.11014	0.00741	0.00535	0.00563	0.00121	0.20047	0.00374	0.00204	0.00437
3	0.01301	0.10843	0.01008	0.00740	0.00968	0.21130	0.00594	0.12149	0.01064	0.30120	0.01152	0.13351	0.00957	0.00582	0.02228	0.00123	0.00427	0.00419	0.00330	0.00516
4	0.10756	0.00518	0.04427	0.00521	0.00657	0.00460	0.00424	0.00811	0.02390	0.05288	0.38418	0.08685	0.16288	0.03177	0.00470	0.00132	0.01585	0.04265	0.00355	0.00374
5	0.00965	0.02812	0.01838	0.02957	0.01677	0.00930	0.56501	0.04906	0.03241	0.08038	0.00813	0.01004	0.00608	0.00366	0.00482	0.00124	0.07391	0.00405	0.00224	0.04719
6	0.00794	0.00755	0.01281	0.53261	0.34565	0.00856	0.01085	0.01034	0.00791	0.01063	0.00682	0.00972	0.00537	0.00359	0.00374	0.00120	0.00479	0.00334	0.00174	0.00486
7	0.00778	0.00729	0.01193	0.52359	0.25096	0.00809	0.01000	0.01010	0.00782	0.01065	0.00678	0.00953	0.00533	0.00352	0.00362	0.00113	0.00458	0.00320	0.00179	0.11230
8	0.01055	0.01132	0.01388	0.01085	0.01362	0.24495	0.30056	0.05183	0.14974	0.02960	0.04443	0.01041	0.00780	0.00394	0.00385	0.00111	0.00522	0.00369	0.00250	0.08016
9	0.00821	0.00821	0.01149	0.00985	0.00985	0.01149	0.00821	0.00903	0.00575	0.00903	0.00492	0.00821	0.00492	0.00657	0.01231	0.00164	0.86128	0.00328	0.00164	0.00410
10	0.00797	0.00757	0.01285	0.52352	0.35455	0.00857	0.01086	0.01036	0.00792	0.01066	0.00682	0.00971	0.00538	0.00359	0.00374	0.00120	0.00478	0.00334	0.00174	0.00488

[dist]
# distance from previous block
# <min> <max>
0	3

[block]
# block no. 1 follows, 73 sequences, length 53
# corresponding to MSA columns:
# 76-128
name=unknown_B
#
# <colnr> <probs for GDERKNQSTAVLIFYWHMCP>
#	G	D	E	R	K	N	Q	S	T	A	V	L	I	F	Y	W	H	M	C	P
0	0.00882	0.01005	0.02192	0.03269	0.01973	0.00946	0.81469	0.01197	0.00883	0.01197	0.00757	0.01012	0.00568	0.00317	0.00441	0.00126	0.00630	0.00441	0.00189	0.00504
1	0.00691	0.00576	0.00690	0.00597	0.02901	0.00485	0.00440	0.00909	0.07791	0.01199	0.06282	0.20781	0.04925	0.00564	0.00352	0.00092	0.00260	0.00489	0.00281	0.49694
2	0.01995	0.00766	0.08162	0.02139	0.01914	0.02385	0.07467	0.12790	0.03737	0.20236	0.05956	0.22961	0.01351	0.02766	0.03460	0.00149	0.00381	0.00561	0.00336	0.00486
3	0.08990	0.07641	0.31129	0.00933	0.01273	0.04659	0.04672	0.16918	0.00960	0.05412	0.00704	0.00815	0.00530	0.00421	0.00475	0.00121	0.13301	0.00295	0.00225	0.00527
4	0.00709	0.00667	0.01125	0.85913	0.02584	0.00834	0.01042	0.00959	0.00750	0.00959	0.00667	0.01000	0.00500	0.00375	0.00375	0.00125	0.00500	0.00333	0.00167	0.00417
5	0.02019	0.01023	0.14008	0.06562	0.16590	0.02283	0.11439	0.14544	0.03099	0.23229	0.00955	0.01014	0.00671	0.00396	0.00379	0.00117	0.00450	0.00351	0.00290	0.00580
6	0.00839	0.00809	0.01332	0.36291	0.44856	0.02119	0.01081	0.01063	0.00798	0.01093	0.00675	0.00948	0.00548	0.00371	0.00424	0.00120	0.05616	0.00332	0.00177	0.00509
7	0.00526	0.00341	0.00461	0.00503	0.00521	0.00338	0.00335	0.00535	0.00622	0.00837	0.01469	0.42668	0.01694	0.16639	0.10316	0.20576	0.00355	0.00731	0.00268	0.00262
8	0.89465	0.00726	0.00551	0.00493	0.00726	0.00842	0.00406	0.01103	0.00638	0.01683	0.00522	0.00609	0.00406	0.00348	0.00232	0.00116	0.00290	0.00203	0.00232	0.00406
9	0.00489	0.00362	0.00460	0.00510	0.00538	0.00356	0.00343	0.00549	0.00701	0.00931	0.03659	0.58782	0.09646	0.16038	0.00758	0.00187	0.04164	0.00909	0.00320	0.00298
10	0.00457	0.00326	0.00435	0.00522	0.00544	0.00305	0.00348	0.00522	0.00718	0.00958	0.02068	0.86570	0.02481	0.01175	0.00479	0.00152	0.00218	0.01067	0.00348	0.00305
11	0.00752	0.01941	0.84871	0.01069	0.01624	0.00871	0.01386	0.01188	0.00792	0.01188	0.00673	0.00792	0.00475	0.00356	0.00356	0.00119	0.00554	0.00277	0.00158	0.00554
12	0.00929	0.00891	0.01523	0.02303	0.84475	0.00891	0.01151	0.01151	0.00854	0.01226	0.00706	0.00929	0.00594	0.00334	0.00371	0.00111	0.00446	0.00334	0.00186	0.00594
13	0.00837	0.03528	0.01235	0.08059	0.16415	0.01076	0.00887	0.00961	0.00649	0.00971	0.00550	0.00847	0.00512	0.00558	0.00957	0.00147	0.59355	0.00324	0.00169	0.01962
14	0.00964	0.00886	0.01493	0.02218	0.79926	0.00886	0.01122	0.02876	0.00881	0.04071	0.00736	0.00940	0.00606	0.00341	0.00372	0.00112	0.00441	0.00336	0.00199	0.00597
15	0.01003	0.87041	0.01966	0.00642	0.00963	0.01485	0.00642	0.01123	0.00762	0.00883	0.00522	0.00602	0.00481	0.00321	0.00241	0.00080	0.00401	0.00201	0.00160	0.00481
16	0.00541	0.00410	0.00619	0.03284	0.00730	0.00480	0.00487	0.00679	0.00608	0.00874	0.00994	0.01459	0.00924	0.02737	0.82658	0.00588	0.00989	0.00400	0.00200	0.00338
17	0.00872	0.00682	0.00966	0.07771	0.07504	0.00704	0.08699	0.18846	0.05055	0.05151	0.35648	0.03438	0.01898	0.00572	0.00412	0.00119	0.00333	0.00509	0.00345	0.00477
18	0.00688	0.00621	0.03390	0.01163	0.24705	0.00576	0.08568	0.00836	0.00783	0.03684	0.01460	0.46897	0.01609	0.00796	0.00454	0.00136	0.02188	0.00737	0.00281	0.00427
19	0.00709	0.00667	0.01125	0.85913	0.02584	0.00834	0.01042	0.00959	0.00750	0.00959	0.00667	0.01000	0.00500	0.00375	0.00375	0.00125	0.00500	0.00333	0.00167	0.00417
20	0.01649	0.00665	0.00922	0.00703	0.00997	0.00586	0.03152	0.04698	0.01092	0.79185	0.01437	0.01255	0.00907	0.00459	0.00379	0.00116	0.00332	0.00378	0.00453	0.00634
21	0.00960	0.00817	0.03094	0.29805	0.28511	0.00830	0.13749	0.01213	0.02267	0.13827	0.00832	0.01024	0.00617	0.00368	0.00384	0.00119	0.00473	0.00358	0.00225	0.00527
22	0.01036	0.81673	0.01904	0.00654	0.00969	0.04275	0.00642	0.01156	0.00781	0.03312	0.00551	0.00624	0.00494	0.00327	0.00248	0.00082	0.00408	0.00207	0.00170	0.00484
23	0.00576	0.00439	0.00617	0.00598	0.00638	0.00518	0.00448	0.00661	0.00582	0.00832	0.00973	0.01616	0.00975	0.22341	0.52490	0.03941	0.10818	0.00424	0.00201	0.00312
24	0.01037	0.01160	0.01172	0.02476	0.08822	0.29620	0.02226	0.02521	0.00794	0.00969	0.00556	0.00789	0.00503	0.00522	0.00808	0.00134	0.44969	0.00302	0.00180	0.00441
25	0.02832	0.00880	0.04381	0.06689	0.29974	0.02095	0.01604	0.21264	0.04215	0.12456	0.02041	0.05744	0.03216	0.00459	0.00379	0.00117	0.00402	0.00396	0.00291	0.00564
26	0.00929	0.00891	0.01523	0.02303	0.84475	0.00891	0.01151	0.01151	0.00854	0.01226	0.00706	0.00929	0.00594	0.00334	0.00371	0.00111	0.00446	0.00334	0.00186	0.00594
27	0.00892	0.01069	0.12524	0.06400	0.32557	0.00918	0.35042	0.03746	0.00882	0.01232	0.00728	0.00949	0.00565	0.00336	0.00399	0.00119	0.00539	0.00372	0.00189	0.00544
28	0.01263	0.19860	0.06172	0.03633	0.07954	0.09318	0.01752	0.03444	0.03101	0.33746	0.01023	0.04013	0.00759	0.00433	0.00361	0.00109	0.01871	0.00339	0.00303	0.00549
29	0.00938	0.00798	0.02624	0.20840	0.27683	0.00832	0.06502	0.02349	0.17443	0.09977	0.02641	0.01173	0.00802	0.00460	0.02065	0.00130	0.00434	0.01512	0.00259	0.00539
30	0.00472	0.00353	0.00467	0.00567	0.03519	0.00327	0.00369	0.00547	0.00741	0.00974	0.02242	0.72899	0.12902	0.01117	0.00471	0.00148	0.00222	0.01005	0.00343	0.00317
31	0.00959	0.00894	0.01515	0.04704	0.57375	0.02056	0.13025	0.01262	0.07945	0.05337	0.00819	0.00997	0.00649	0.00355	0.00383	0.00115	0.00459	0.00359	0.00216	0.00576
32	0.00976	0.00679	0.00980	0.23972	0.07989	0.01502	0.04749	0.09441	0.03624	0.19243	0.08116	0.03284	0.11278	0.00561	0.01839	0.00129	0.00388	0.00452	0.00308	0.00490
33	0.00463	0.00330	0.00438	0.00522	0.00544	0.00309	0.00349	0.00528	0.00715	0.00953	0.02034	0.81907	0.02435	0.04272	0.00531	0.00160	0.00225	0.02638	0.00344	0.00303
34	0.00848	0.00768	0.01255	0.53457	0.22943	0.00877	0.03609	0.08368	0.00876	0.02396	0.00712	0.00978	0.00545	0.00371	0.00376	0.00120	0.00480	0.00338	0.00195	0.00487
35	0.04107	0.01339	0.36392	0.01202	0.04405	0.00882	0.28448	0.06154	0.02026	0.06430	0.01601	0.02706	0.00626	0.00381	0.00399	0.00122	0.01666	0.00364	0.00214	0.00536
36	0.00903	0.00863	0.01463	0.02203	0.80004	0.00861	0.01106	0.01118	0.00852	0.01213	0.00840	0.02544	0.03600	0.00371	0.00376	0.00113	0.00433	0.00364	0.00194	0.00579
37	0.01517	0.00612	0.00824	0.00646	0.00909	0.00538	0.00528	0.01693	0.03554	0.71835	0.11832	0.01471	0.01262	0.00504	0.00386	0.00117	0.00301	0.00416	0.00455	0.00602
38	0.01223	0.00746	0.02088	0.08386	0.19315	0.00728	0.02625	0.11364	0.03982	0.34799	0.01190	0.08532	0.00912	0.00523	0.01745	0.00127	0.00385	0.00422	0.00340	0.00570
39	0.00863	0.19873	0.36830	0.00874	0.01241	0.02116	0.05634	0.08100	0.00867	0.03413	0.01979	0.07504	0.00790	0.06649	0.00463	0.00131	0.00462	0.01503	0.00213	0.00496
40	0.00730	0.00685	0.01146	0.68345	0.12128	0.00833	0.01016	0.00964	0.00748	0.00984	0.00683	0.01010	0.00534	0.00509	0.04877	0.00150	0.03717	0.00337	0.00171	0.00433
41	0.01401	0.01788	0.01063	0.00967	0.01160	0.85309	0.00725	0.01498	0.01063	0.00918	0.00580	0.00677	0.00483	0.00387	0.00338	0.00097	0.00677	0.00242	0.00193	0.00435
42	0.00809	0.01007	0.19255	0.01083	0.18546	0.00685	0.04904	0.01053	0.00802	0.01215	0.00681	0.00824	0.00547	0.00309	0.00323	0.00084	0.00391	0.00269	0.00199	0.47015
43	0.01011	0.85415	0.01949	0.00648	0.00967	0.03083	0.00644	0.01131	0.00768	0.00883	0.00523	0.00603	0.00481	0.00322	0.00243	0.00081	0.00406	0.00201	0.00161	0.00481
44	0.00752	0.01941	0.84871	0.01069	0.01624	0.00871	0.01386	0.01188	0.00792	0.01188	0.00673	0.00792	0.00475	0.00356	0.00356	0.00119	0.00554	0.00277	0.00158	0.00554
45	0.00543	0.00372	0.00452	0.00452	0.00467	0.00387	0.00281	0.00573	0.00558	0.00759	0.01143	0.02237	0.01269	0.68168	0.20427	0.00417	0.00506	0.00514	0.00221	0.00251
46	0.00666	0.00450	0.00648	0.00620	0.00715	0.00507	0.00487	0.04572	0.00693	0.07437	0.01037	0.01432	0.00923	0.02523	0.74824	0.00543	0.00924	0.00397	0.00229	0.00372
47	0.00639	0.00511	0.00649	0.00598	0.00608	0.00614	0.00425	0.00697	0.02966	0.00808	0.00971	0.01872	0.01067	0.53260	0.05720	0.02224	0.25399	0.00467	0.00211	0.00295
48	0.52307	0.00803	0.03826	0.00798	0.11085	0.00826	0.00585	0.08371	0.00845	0.16305	0.00752	0.00798	0.00544	0.00376	0.00292	0.00115	0.00335	0.00264	0.00277	0.00496
49	0.00605	0.00432	0.00605	0.00691	0.00777	0.00432	0.00605	0.00777	0.00864	0.01123	0.01986	0.04232	0.02159	0.01036	0.00518	0.00173	0.00345	0.81949	0.00345	0.00345
50	0.00666	0.00592	0.00666	0.00680	0.03578	0.05941	0.00509	0.00915	0.12169	0.01155	0.13347	0.14552	0.20572	0.00823	0.00525	0.00138	0.09293	0.13164	0.00327	0.00389
51	0.04862	0.01080	0.01143	0.11393	0.12788	0.15493	0.00806	0.39185	0.02545	0.01676	0.00764	0.00870	0.00580	0.00421	0.00405	0.00114	0.04735	0.00316	0.00276	0.00549
52	0.02918	0.00934	0.11614	0.30112	0.14612	0.00867	0.03875	0.13816	0.03679	0.12663	0.00848	0.00990	0.00612	0.00392	0.00372	0.00119	0.00454	0.00337	0.00250	0.00534

[dist]
# distance from previous block
# <min> <max>
0	17

[block]
# block no. 2 follows, 73 sequences, length 8
# corresponding to MSA columns:
# 146-153
name=unknown_C
#
# <colnr> <probs for GDERKNQSTAVLIFYWHMCP>
#	G	D	E	R	K	N	Q	S	T	A	V	L	I	F	Y	W	H	M	C	P
0	0.05946	0.00850	0.01354	0.14717	0.50203	0.00906	0.04788	0.04508	0.07607	0.01272	0.00759	0.00959	0.00611	0.00371	0.00399	0.00118	0.03537	0.00339	0.00209	0.00547
1	0.02660	0.00829	0.00908	0.02909	0.08351	0.07162	0.02044	0.12328	0.35915	0.01484	0.07425	0.07161	0.06477	0.00561	0.00405	0.00123	0.01937	0.00468	0.00332	0.00521
2	0.04533	0.20732	0.04100	0.13915	0.09729	0.03799	0.05159	0.07249	0.00833	0.05512	0.02536	0.02224	0.00697	0.05157	0.00569	0.11849	0.00421	0.00329	0.00214	0.00442
3	0.11023	0.08575	0.06510	0.03760	0.16340	0.06433	0.09965	0.10114	0.16487	0.05872	0.00880	0.00954	0.00669	0.00391	0.00352	0.00114	0.00430	0.00330	0.00259	0.00542
4	0.48686	0.03390	0.00905	0.05401	0.11370	0.04591	0.05321	0.01084	0.00716	0.01407	0.00631	0.03728	0.00536	0.00388	0.00338	0.00115	0.04823	0.00280	0.00216	0.06073
5	0.33893	0.00701	0.00746	0.07546	0.02667	0.03289	0.03371	0.01214	0.17512	0.03977	0.18109	0.01365	0.03220	0.00486	0.00340	0.00119	0.00310	0.00387	0.00300	0.00447
6	0.00773	0.00666	0.00857	0.05998	0.09977	0.04324	0.00626	0.06116	0.02416	0.03944	0.19892	0.12536	0.08986	0.00682	0.00589	0.00131	0.18661	0.00542	0.00292	0.01993
7	0.02412	0.05505	0.06506	0.00789	0.05014	0.09192	0.02744	0.03509	0.02214	0.04096	0.08557	0.22510	0.07789	0.03731	0.02389	0.00148	0.11638	0.00572	0.00275	0.00410

[dist]
# distance from previous block
# <min> <max>
2	12

[block]
# block no. 3 follows, 73 sequences, length 40
# corresponding to MSA columns:
# 169-180,195-222
name=unknown_D
#
# <colnr> <probs for GDERKNQSTAVLIFYWHMCP>
#	G	D	E	R	K	N	Q	S	T	A	V	L	I	F	Y	W	H	M	C	P
0	0.06730	0.01145	0.27088	0.14078	0.12594	0.00861	0.03186	0.07382	0.12281	0.04576	0.02767	0.00992	0.00689	0.00394	0.00360	0.00117	0.00442	0.00329	0.00236	0.03753
1	0.03011	0.03254	0.06403	0.02357	0.01013	0.02911	0.02357	0.14188	0.10545	0.24986	0.15732	0.01364	0.01253	0.00483	0.00372	0.00111	0.00339	0.00397	0.00358	0.08567
2	0.00481	0.00346	0.00458	0.00538	0.00574	0.00326	0.00381	0.00562	0.00742	0.00979	0.02117	0.67948	0.06391	0.03338	0.00520	0.00160	0.00239	0.13245	0.00345	0.00309
3	0.07590	0.21879	0.04492	0.00732	0.01040	0.03082	0.00645	0.32497	0.06093	0.01622	0.00760	0.00805	0.00588	0.00379	0.00313	0.00095	0.00382	0.00274	0.00273	0.16460
4	0.02148	0.02973	0.03803	0.00792	0.00966	0.11335	0.07368	0.02197	0.11752	0.07044	0.18432	0.03050	0.02583	0.00640	0.00488	0.00131	0.07811	0.15730	0.00313	0.00444
5	0.00959	0.59500	0.21270	0.00795	0.01172	0.01291	0.05042	0.02858	0.00802	0.02464	0.00594	0.00685	0.00496	0.00334	0.00283	0.00093	0.00448	0.00237	0.00171	0.00506
6	0.00854	0.00697	0.03215	0.03067	0.02201	0.00663	0.19615	0.01226	0.17958	0.12699	0.10834	0.14295	0.06919	0.01412	0.00437	0.00131	0.00361	0.02611	0.00329	0.00476
7	0.00603	0.00424	0.00560	0.00571	0.05163	0.00388	0.00399	0.00768	0.01017	0.06029	0.62560	0.04091	0.14476	0.00759	0.00436	0.00119	0.00202	0.00665	0.00393	0.00377
8	0.00908	0.00834	0.01390	0.24165	0.47974	0.00882	0.05915	0.06181	0.02663	0.03007	0.02033	0.00997	0.00635	0.00364	0.00378	0.00117	0.00459	0.00349	0.00206	0.00542
9	0.02790	0.00354	0.00453	0.00509	0.00557	0.00331	0.00351	0.00590	0.00776	0.02839	0.12627	0.66631	0.07656	0.01073	0.00463	0.00145	0.00215	0.00963	0.00356	0.00322
10	0.00474	0.00338	0.00451	0.00536	0.00563	0.00319	0.00370	0.00548	0.00728	0.00967	0.02036	0.76297	0.02420	0.03515	0.00522	0.00160	0.00234	0.08873	0.00345	0.00307
11	0.00927	0.00895	0.01543	0.02282	0.82078	0.00893	0.03532	0.01153	0.00855	0.01225	0.00707	0.00931	0.00594	0.00334	0.00373	0.00112	0.00451	0.00337	0.00186	0.00592
12	0.00975	0.00821	0.00870	0.00772	0.00990	0.00944	0.00606	0.10267	0.73268	0.01639	0.01475	0.01422	0.01120	0.00517	0.00385	0.00127	0.00310	0.02520	0.00380	0.00592
13	0.00886	0.01012	0.02214	0.01581	0.01961	0.00949	0.83112	0.01202	0.00886	0.01202	0.00759	0.01012	0.00569	0.00316	0.00443	0.00127	0.00633	0.00443	0.00190	0.00506
14	0.01003	0.87041	0.01966	0.00642	0.00963	0.01485	0.00642	0.01123	0.00762	0.00883	0.00522	0.00602	0.00481	0.00321	0.00241	0.00080	0.00401	0.00201	0.00160	0.00481
15	0.00986	0.00719	0.08714	0.00754	0.05148	0.00594	0.02706	0.10233	0.03154	0.24086	0.09605	0.14520	0.11400	0.03081	0.00453	0.00132	0.00323	0.02546	0.00356	0.00489
16	0.41350	0.01140	0.02917	0.00749	0.02809	0.31173	0.00585	0.01360	0.06240	0.07543	0.00687	0.00746	0.00527	0.00381	0.00297	0.00110	0.00442	0.00249	0.00242	0.00454
17	0.00540	0.00399	0.00599	0.00599	0.00663	0.00464	0.00464	0.00663	0.00599	0.00863	0.00992	0.01462	0.00927	0.02758	0.82242	0.03859	0.00980	0.00399	0.00200	0.00329
18	0.00483	0.00372	0.00442	0.00449	0.00539	0.00331	0.00330	0.00605	0.00909	0.01196	0.34891	0.19579	0.35377	0.00924	0.00451	0.00129	0.00193	0.02096	0.00374	0.00329
19	0.00769	0.00778	0.03033	0.69949	0.10529	0.05196	0.01040	0.01010	0.00774	0.00987	0.00663	0.00969	0.00508	0.00376	0.00387	0.00123	0.01974	0.00327	0.00170	0.00438
20	0.00867	0.00731	0.00820	0.02664	0.02490	0.02054	0.00596	0.01636	0.57060	0.03203	0.08206	0.02583	0.01348	0.00685	0.04736	0.00154	0.03497	0.05784	0.00355	0.00530
21	0.00713	0.00578	0.00957	0.00837	0.00993	0.00571	0.18591	0.00940	0.04748	0.05046	0.12271	0.12908	0.02660	0.00778	0.00493	0.00145	0.03518	0.30037	0.02812	0.00404
22	0.09723	0.00648	0.00989	0.55948	0.03772	0.00768	0.01935	0.01870	0.00764	0.05471	0.00912	0.07409	0.03695	0.00478	0.00411	0.01532	0.02649	0.00395	0.00212	0.00419
23	0.02805	0.06641	0.07339	0.00878	0.01135	0.16479	0.12639	0.07676	0.07685	0.16299	0.01162	0.12876	0.02714	0.00527	0.00384	0.00118	0.00442	0.01407	0.00294	0.00500
24	0.02545	0.00702	0.02038	0.08084	0.09680	0.06657	0.00615	0.10013	0.04624	0.06213	0.20308	0.07252	0.11558	0.00649	0.00420	0.00124	0.01338	0.06413	0.00323	0.00445
25	0.04860	0.02621	0.40595	0.00852	0.01201	0.08956	0.00926	0.03220	0.02945	0.07898	0.12420	0.05150	0.03556	0.00493	0.00393	0.00119	0.02659	0.00391	0.00250	0.00495
26	0.00894	0.00725	0.04559	0.19570	0.09789	0.04594	0.04432	0.05103	0.01902	0.14370	0.04085	0.21931	0.01257	0.00627	0.00410	0.00129	0.00389	0.04481	0.00292	0.00461
27	0.04021	0.00914	0.01364	0.18363	0.50086	0.07624	0.04109	0.03772	0.00881	0.04273	0.00718	0.00927	0.00573	0.00355	0.00368	0.00114	0.00471	0.00328	0.00201	0.00540
28	0.00898	0.02489	0.21364	0.10946	0.41711	0.00868	0.05258	0.03283	0.00868	0.05108	0.03162	0.00973	0.00655	0.00365	0.00372	0.00115	0.00472	0.00336	0.00201	0.00555
29	0.00558	0.00419	0.00517	0.06949	0.00724	0.00393	0.00401	0.01791	0.00899	0.04418	0.22889	0.12370	0.39111	0.00899	0.02010	0.00138	0.00244	0.04566	0.00353	0.00351
30	0.02026	0.13203	0.37300	0.07963	0.10825	0.03919	0.04809	0.02150	0.04221	0.09014	0.00767	0.00873	0.00567	0.00367	0.00349	0.00113	0.00487	0.00299	0.00206	0.00540
31	0.04827	0.00890	0.04689	0.24714	0.35286	0.03009	0.07275	0.04955	0.01883	0.04654	0.00730	0.00944	0.00570	0.00372	0.00402	0.00119	0.03622	0.00335	0.00204	0.00522
32	0.01489	0.00477	0.03104	0.00710	0.05383	0.00427	0.06230	0.00687	0.02224	0.01069	0.08168	0.56113	0.05314	0.00995	0.01846	0.00150	0.00283	0.03225	0.01751	0.00355
33	0.00849	0.01266	0.33672	0.06684	0.22260	0.00861	0.12197	0.06008	0.02619	0.02168	0.06227	0.01062	0.00767	0.00391	0.00382	0.00119	0.00491	0.01228	0.00209	0.00541
34	0.01011	0.04598	0.29314	0.06179	0.11470	0.09762	0.13086	0.05835	0.00923	0.10811	0.00797	0.00947	0.00592	0.00382	0.00382	0.00116	0.01493	0.01541	0.00221	0.00538
35	0.04596	0.04849	0.21635	0.15730	0.06951	0.07278	0.21671	0.05559	0.02847	0.02942	0.00730	0.00908	0.00550	0.00397	0.01656	0.00125	0.00538	0.00334	0.00199	0.00507
36	0.00616	0.00421	0.00538	0.00588	0.03296	0.01762	0.00408	0.00734	0.01870	0.07954	0.18133	0.46452	0.08879	0.01846	0.00470	0.00141	0.00240	0.04931	0.00362	0.00359
37	0.05040	0.05224	0.04157	0.03692	0.02162	0.01913	0.01399	0.03682	0.05956	0.15149	0.16337	0.07912	0.03298	0.00691	0.01772	0.00138	0.09072	0.11629	0.00325	0.00451
38	0.05556	0.00552	0.02650	0.01667	0.00693	0.01731	0.00416	0.06393	0.06489	0.04471	0.06365	0.18898	0.05832	0.27042	0.00862	0.00198	0.00312	0.03114	0.00300	0.06461
39	0.04407	0.01580	0.05297	0.02482	0.10592	0.01928	0.08425	0.05042	0.06210	0.11223	0.10368	0.09801	0.11770	0.00616	0.00413	0.00124	0.01162	0.05488	0.00311	0.02762

[dist]
# distance from previous block
# <min> <max>
0	53

[block]
# block no. 4 follows, 73 sequences, length 26
# corresponding to MSA columns:
# 282-307
name=unknown_E
#
# <colnr> <probs for GDERKNQSTAVLIFYWHMCP>
#	G	D	E	R	K	N	Q	S	T	A	V	L	I	F	Y	W	H	M	C	P
0	0.15205	0.06933	0.02737	0.07715	0.11948	0.02460	0.01745	0.14914	0.04994	0.13961	0.03047	0.02020	0.00758	0.00429	0.00363	0.00113	0.02603	0.01538	0.03320	0.03195
1	0.08314	0.05176	0.02767	0.05968	0.21941	0.08518	0.03764	0.11064	0.06264	0.10401	0.01771	0.01000	0.00685	0.00430	0.00408	0.02596	0.02797	0.01558	0.00258	0.04320
2	0.39314	0.01860	0.02262	0.03801	0.06726	0.03907	0.00561	0.06235	0.03936	0.10603	0.00738	0.00803	0.00555	0.00361	0.00292	0.00104	0.00337	0.00259	0.00261	0.17085
3	0.05270	0.01040	0.07615	0.16224	0.33592	0.10034	0.05460	0.09894	0.03433	0.01290	0.00719	0.00902	0.00566	0.00372	0.00381	0.00115	0.02033	0.00322	0.00209	0.00531
4	0.00836	0.00810	0.01255	0.09972	0.32575	0.00981	0.00944	0.00992	0.00722	0.01060	0.04733	0.00977	0.00682	0.00512	0.00782	0.00138	0.41015	0.00348	0.00185	0.00478
5	0.00653	0.00558	0.00685	0.05871	0.08431	0.00578	0.00513	0.01043	0.23338	0.01247	0.14681	0.05997	0.30497	0.00786	0.03324	0.00141	0.00288	0.00604	0.00336	0.00429
6	0.00530	0.00394	0.00505	0.00518	0.03362	0.00362	0.00366	0.00686	0.00984	0.01367	0.58832	0.09406	0.16659	0.00804	0.00437	0.00121	0.00191	0.00705	0.03419	0.00352
7	0.00549	0.00363	0.00417	0.00415	0.00420	0.00362	0.00237	0.00551	0.00569	0.00763	0.05270	0.02422	0.01444	0.79311	0.01820	0.03723	0.00353	0.00544	0.00234	0.00231
8	0.07505	0.02828	0.00642	0.00550	0.00694	0.00508	0.00430	0.04408	0.03326	0.15962	0.41201	0.07208	0.02315	0.05267	0.00490	0.00135	0.00252	0.05477	0.00381	0.00419
9	0.04382	0.59581	0.21444	0.00745	0.01114	0.03138	0.00808	0.01164	0.00779	0.03077	0.00583	0.00666	0.00488	0.00335	0.00273	0.00092	0.00437	0.00224	0.00171	0.00499
10	0.07619	0.22789	0.09100	0.00788	0.01091	0.11066	0.00713	0.26371	0.09659	0.03764	0.00792	0.00826	0.00606	0.00396	0.00323	0.00103	0.00427	0.00283	0.00268	0.03015
11	0.05569	0.02458	0.15964	0.07100	0.05654	0.03974	0.02691	0.02640	0.09198	0.11900	0.09293	0.13115	0.03525	0.01287	0.00395	0.00122	0.00370	0.00473	0.00291	0.03982
12	0.02685	0.16295	0.30536	0.02284	0.05143	0.07118	0.02066	0.05328	0.01602	0.11423	0.04950	0.03186	0.01496	0.00423	0.00367	0.00111	0.02587	0.00328	0.00235	0.01836
13	0.00950	0.09698	0.42336	0.00999	0.04265	0.07187	0.06801	0.04016	0.00887	0.10353	0.03057	0.03833	0.00696	0.00404	0.00358	0.00113	0.00491	0.00330	0.00220	0.03007
14	0.07176	0.00778	0.07309	0.14607	0.04256	0.03035	0.15930	0.01075	0.00864	0.12335	0.09144	0.06061	0.05036	0.02764	0.00443	0.00133	0.00415	0.07914	0.00276	0.00451
15	0.00883	0.09643	0.16016	0.19052	0.17509	0.01714	0.05553	0.07059	0.04996	0.04058	0.05346	0.02180	0.02595	0.00417	0.00377	0.00116	0.01388	0.00360	0.00225	0.00512
16	0.05410	0.05196	0.12971	0.04826	0.04734	0.09595	0.12921	0.12010	0.09130	0.06213	0.03725	0.04418	0.00796	0.00431	0.00376	0.00114	0.01296	0.00367	0.00260	0.05212
17	0.07803	0.03063	0.06724	0.03562	0.02689	0.04002	0.00518	0.00981	0.02612	0.14680	0.03596	0.10446	0.01181	0.23861	0.11238	0.00246	0.00441	0.01684	0.00275	0.00397
18	0.04850	0.08311	0.07599	0.03449	0.13812	0.07709	0.03400	0.04503	0.04917	0.06272	0.09718	0.06736	0.05904	0.02458	0.00435	0.01558	0.00386	0.07247	0.00274	0.00463
19	0.07175	0.06973	0.09078	0.03133	0.05336	0.02227	0.11928	0.07300	0.01850	0.04470	0.07406	0.02994	0.03060	0.00405	0.00345	0.00099	0.00384	0.00351	0.00248	0.25240
20	0.04957	0.08847	0.29472	0.02277	0.06692	0.00802	0.03071	0.01173	0.04842	0.10342	0.07335	0.03269	0.01785	0.00522	0.03295	0.00130	0.03670	0.00356	0.02182	0.04980
21	0.04736	0.06052	0.15550	0.05828	0.11400	0.00823	0.09790	0.07931	0.06731	0.09565	0.07345	0.06427	0.02994	0.00476	0.00389	0.00119	0.01538	0.00414	0.00269	0.01623
22	0.02219	0.07385	0.11531	0.02415	0.11690	0.03954	0.10510	0.01018	0.04402	0.03383	0.04323	0.06909	0.02279	0.06962	0.10296	0.02359	0.03496	0.02877	0.00229	0.01764
23	0.03003	0.07268	0.20030	0.03577	0.06413	0.00746	0.04877	0.01825	0.03186	0.03625	0.00958	0.05238	0.02265	0.20890	0.00807	0.01525	0.06832	0.01604	0.00217	0.05114
24	0.04587	0.10300	0.12959	0.06556	0.11976	0.08527	0.06487	0.02255	0.05700	0.03239	0.11327	0.10996	0.01189	0.00520	0.00376	0.00117	0.00414	0.01753	0.00251	0.00471
25	0.02116	0.10415	0.13220	0.04208	0.09993	0.02229	0.00775	0.13267	0.20428	0.06096	0.03301	0.04522	0.02369	0.00457	0.00359	0.00113	0.00384	0.00373	0.00286	0.05090

[dist]
# distance from previous block
# <min> <max>
8	62

[block]
# block no. 5 follows, 73 sequences, length 42
# corresponding to MSA columns:
# 376-417
name=unknown_F
#
# <colnr> <probs for GDERKNQSTAVLIFYWHMCP>
#	G	D	E	R	K	N	Q	S	T	A	V	L	I	F	Y	W	H	M	C	P
0	0.02621	0.07971	0.07074	0.17579	0.17768	0.04499	0.03755	0.06675	0.03931	0.10294	0.02947	0.06329	0.00822	0.00445	0.00367	0.00114	0.00423	0.01781	0.00249	0.04353
1	0.01948	0.08153	0.14658	0.08907	0.21799	0.03088	0.08998	0.03819	0.01738	0.12979	0.02249	0.03354	0.00723	0.02604	0.00418	0.00121	0.01640	0.00357	0.00236	0.02212
2	0.02406	0.11610	0.07481	0.10781	0.13610	0.00834	0.04222	0.10912	0.01978	0.05485	0.09432	0.08295	0.02249	0.00545	0.01724	0.00123	0.01651	0.02720	0.00263	0.03679
3	0.07359	0.00706	0.00953	0.10846	0.15731	0.04168	0.05149	0.04438	0.06093	0.08539	0.01343	0.18415	0.07592	0.00600	0.00408	0.00124	0.01970	0.01703	0.00281	0.03582
4	0.01004	0.11407	0.13993	0.11725	0.07238	0.03724	0.08015	0.05304	0.06222	0.15191	0.04034	0.05129	0.00835	0.00443	0.00388	0.00116	0.02548	0.00375	0.00262	0.02048
5	0.00909	0.02037	0.11532	0.18781	0.33406	0.00878	0.02925	0.08537	0.04657	0.04449	0.00856	0.04331	0.01533	0.00417	0.00403	0.00119	0.03105	0.00367	0.00222	0.00535
6	0.02301	0.02146	0.10016	0.03291	0.22649	0.09281	0.05386	0.04390	0.03202	0.13000	0.05107	0.04640	0.00871	0.00535	0.02954	0.00135	0.08136	0.01189	0.00254	0.00518
7	0.00834	0.03522	0.01080	0.20829	0.25225	0.00700	0.03577	0.01025	0.01971	0.10405	0.02309	0.19671	0.01127	0.02020	0.01483	0.00136	0.00396	0.02962	0.00258	0.00469
8	0.03683	0.02362	0.26784	0.10830	0.03652	0.01639	0.02343	0.02115	0.05698	0.02903	0.05549	0.21469	0.01947	0.00606	0.00412	0.00127	0.02507	0.01719	0.00252	0.03403
9	0.01930	0.00816	0.04044	0.22523	0.36494	0.02007	0.04890	0.03482	0.02291	0.06341	0.05849	0.01217	0.02705	0.02183	0.00413	0.00123	0.00437	0.01515	0.00227	0.00513
10	0.01803	0.00654	0.02078	0.12395	0.15783	0.04370	0.03038	0.04375	0.03403	0.05216	0.02726	0.37300	0.02581	0.00735	0.00432	0.00132	0.01605	0.00658	0.00286	0.00429
11	0.01725	0.00616	0.05130	0.09916	0.05159	0.01626	0.06265	0.00863	0.03822	0.05088	0.02608	0.21749	0.07971	0.09324	0.11588	0.00217	0.03541	0.02135	0.00267	0.00390
12	0.03073	0.00858	0.01174	0.24251	0.28886	0.08233	0.02244	0.05445	0.06723	0.06267	0.00903	0.04212	0.02341	0.00424	0.00386	0.00117	0.01823	0.00368	0.00233	0.02039
13	0.00805	0.02570	0.31106	0.11554	0.14776	0.03828	0.09402	0.01088	0.00833	0.04178	0.03558	0.07478	0.04297	0.00470	0.00387	0.00122	0.00475	0.02362	0.00214	0.00497
14	0.00469	0.00336	0.00444	0.00517	0.00549	0.00314	0.00352	0.00547	0.00752	0.01007	0.09297	0.73444	0.04413	0.02757	0.00503	0.00153	0.00220	0.03265	0.00352	0.00309
15	0.01001	0.05740	0.19800	0.03337	0.19386	0.01838	0.13869	0.10105	0.06057	0.10026	0.02969	0.02606	0.00737	0.00401	0.00377	0.00116	0.00464	0.00363	0.00249	0.00557
16	0.02494	0.02064	0.02259	0.08539	0.02273	0.06943	0.09045	0.12706	0.06947	0.31615	0.01187	0.06401	0.01941	0.01873	0.00423	0.00123	0.01873	0.00411	0.00338	0.00544
17	0.00900	0.00673	0.02339	0.37125	0.04190	0.00763	0.00810	0.02475	0.00809	0.17236	0.02659	0.10825	0.02062	0.00546	0.00533	0.00132	0.14775	0.00437	0.00256	0.00455
18	0.00664	0.00636	0.04139	0.16823	0.16210	0.00617	0.07319	0.00862	0.02176	0.01065	0.01443	0.23484	0.06670	0.00817	0.04796	0.00160	0.00413	0.11032	0.00258	0.00416
19	0.01993	0.05743	0.19542	0.08388	0.25473	0.05013	0.07640	0.01196	0.03349	0.07914	0.05148	0.01092	0.00778	0.02810	0.00423	0.00123	0.01474	0.01157	0.00221	0.00524
20	0.00783	0.00772	0.01295	0.61556	0.15538	0.03465	0.09222	0.01030	0.00790	0.01024	0.00680	0.00980	0.00522	0.00363	0.00380	0.00122	0.00510	0.00342	0.00173	0.00455
21	0.00665	0.09986	0.32925	0.00813	0.01095	0.00711	0.05422	0.00899	0.00766	0.01063	0.03530	0.29227	0.04035	0.00760	0.03890	0.00148	0.02819	0.00573	0.00238	0.00435
22	0.02186	0.06171	0.15931	0.17791	0.24637	0.01621	0.07551	0.04611	0.03312	0.08225	0.02892	0.01956	0.00684	0.00386	0.00369	0.00116	0.00462	0.00345	0.00221	0.00531
23	0.02041	0.07692	0.17943	0.01186	0.13364	0.00860	0.19622	0.04932	0.03705	0.13235	0.07984	0.02491	0.00902	0.00419	0.00397	0.00117	0.01931	0.00386	0.00256	0.00535
24	0.00461	0.00334	0.00432	0.00508	0.00539	0.00309	0.00342	0.00528	0.00726	0.00957	0.02187	0.75672	0.09489	0.03956	0.00523	0.00157	0.00222	0.02010	0.00344	0.00304
25	0.02196	0.03315	0.01126	0.14778	0.15387	0.02206	0.05845	0.12414	0.12711	0.12382	0.03206	0.06802	0.00944	0.00492	0.00401	0.00122	0.01884	0.02965	0.00294	0.00527
26	0.03976	0.08808	0.14861	0.05932	0.08239	0.04556	0.09648	0.01201	0.06466	0.12622	0.01118	0.04345	0.06324	0.00671	0.08040	0.00161	0.01896	0.00391	0.00250	0.00494
27	0.01223	0.00550	0.00729	0.00602	0.00813	0.00493	0.00482	0.01412	0.04530	0.50474	0.25827	0.04675	0.04121	0.00601	0.00404	0.00119	0.00270	0.01710	0.00437	0.00529
28	0.00845	0.02743	0.52218	0.01050	0.01488	0.02024	0.13944	0.01217	0.03587	0.08221	0.00891	0.07517	0.00711	0.00455	0.01324	0.00127	0.00517	0.00377	0.00212	0.00531
29	0.01641	0.04888	0.13132	0.26030	0.03139	0.02535	0.19043	0.09948	0.03230	0.04124	0.00797	0.03677	0.00626	0.00434	0.01269	0.00127	0.04281	0.00369	0.00217	0.00494
30	0.04530	0.01222	0.36336	0.16929	0.08341	0.00795	0.06326	0.01156	0.00822	0.10495	0.01004	0.01122	0.07055	0.00418	0.00385	0.00121	0.01862	0.00352	0.00216	0.00511
31	0.00503	0.00360	0.00478	0.00550	0.00594	0.00343	0.00403	0.00597	0.00766	0.01014	0.06139	0.53844	0.05107	0.06392	0.00574	0.00168	0.00256	0.21257	0.00343	0.00313
32	0.00959	0.23018	0.43118	0.02357	0.03943	0.08906	0.02341	0.05063	0.00872	0.05169	0.00678	0.00773	0.00513	0.00359	0.00330	0.00107	0.00507	0.00268	0.00189	0.00531
33	0.00624	0.02211	0.02895	0.04388	0.00802	0.01863	0.03038	0.00782	0.04013	0.04687	0.07231	0.39746	0.08325	0.00933	0.00484	0.01663	0.01542	0.14081	0.00328	0.00364
34	0.00906	0.04080	0.02967	0.01430	0.05584	0.03487	0.61477	0.01256	0.07519	0.02416	0.04419	0.01093	0.00743	0.00357	0.00422	0.00123	0.00565	0.00429	0.00217	0.00510
35	0.00744	0.00705	0.01201	0.63385	0.18104	0.00824	0.03530	0.00983	0.00775	0.01018	0.00773	0.03550	0.02031	0.00399	0.00381	0.00123	0.00480	0.00366	0.00180	0.00448
36	0.04099	0.01021	0.21966	0.00793	0.02157	0.06179	0.01739	0.03799	0.02828	0.35427	0.02162	0.09463	0.04668	0.00546	0.01333	0.00125	0.00399	0.00426	0.00331	0.00540
37	0.04761	0.00558	0.00837	0.09839	0.24778	0.00570	0.00660	0.00820	0.02156	0.01122	0.07693	0.36077	0.03761	0.02031	0.00443	0.00136	0.00318	0.02745	0.00281	0.00412
38	0.00637	0.00468	0.00698	0.01962	0.00865	0.00465	0.04896	0.00817	0.00865	0.02557	0.01896	0.04963	0.02035	0.00981	0.00509	0.00168	0.00361	0.74159	0.00337	0.00359
39	0.27341	0.02341	0.03148	0.04013	0.20770	0.07236	0.01897	0.02348	0.05322	0.20856	0.00865	0.00916	0.00630	0.00385	0.00328	0.00114	0.00386	0.00301	0.00276	0.00527
40	0.05270	0.01004	0.01353	0.05590	0.57846	0.12912	0.01012	0.04678	0.02782	0.01242	0.00700	0.00888	0.00578	0.00360	0.00378	0.00112	0.02226	0.00317	0.00200	0.00553
41	0.50002	0.00810	0.00768	0.02659	0.06349	0.02572	0.00552	0.10118	0.20032	0.01668	0.00812	0.00855	0.00618	0.00397	0.00297	0.00118	0.00327	0.00281	0.00277	0.00488

[dist]
# distance from previous block
# <min> <max>
14	70

# created by:
# /home/cegg/simao/soft/augustus-3.2.1/scripts/msa2prfl.pl ./align_prep/EOG092C46VR.fa
