[name]
unknown

[dist]
# distance from previous block
# <min> <max>
0	43

[block]
# block no. 0 follows, 68 sequences, length 13
# corresponding to MSA columns:
# 43-55
name=unknown_A
#
# <colnr> <probs for GDERKNQSTAVLIFYWHMCP>
#	G	D	E	R	K	N	Q	S	T	A	V	L	I	F	Y	W	H	M	C	P
0	0.88866	0.00767	0.00583	0.00521	0.00767	0.00889	0.00429	0.01166	0.00675	0.01779	0.00552	0.00644	0.00429	0.00368	0.00245	0.00123	0.00307	0.00215	0.00245	0.00429
1	0.88866	0.00767	0.00583	0.00521	0.00767	0.00889	0.00429	0.01166	0.00675	0.01779	0.00552	0.00644	0.00429	0.00368	0.00245	0.00123	0.00307	0.00215	0.00245	0.00429
2	0.00981	0.00942	0.01609	0.02434	0.83592	0.00942	0.01217	0.01217	0.00903	0.01295	0.00746	0.00981	0.00628	0.00353	0.00393	0.00118	0.00471	0.00353	0.00196	0.00628
3	0.01389	0.01682	0.01217	0.01281	0.16616	0.65567	0.00850	0.04713	0.01112	0.01092	0.00651	0.00774	0.00539	0.00401	0.00366	0.00106	0.00658	0.00278	0.00210	0.00500
4	0.17255	0.00784	0.01072	0.64512	0.02278	0.05649	0.00957	0.01074	0.00790	0.01154	0.00671	0.00960	0.00509	0.00392	0.00366	0.00129	0.00498	0.00321	0.00191	0.00439
5	0.00749	0.00705	0.01189	0.85113	0.02731	0.00881	0.01101	0.01013	0.00793	0.01013	0.00705	0.01057	0.00529	0.00396	0.00396	0.00132	0.00529	0.00352	0.00176	0.00440
6	0.00763	0.00719	0.01214	0.80206	0.07530	0.00885	0.01108	0.01025	0.00799	0.01030	0.00707	0.01053	0.00534	0.00394	0.00396	0.00131	0.00525	0.00352	0.00177	0.00452
7	0.88866	0.00767	0.00583	0.00521	0.00767	0.00889	0.00429	0.01166	0.00675	0.01779	0.00552	0.00644	0.00429	0.00368	0.00245	0.00123	0.00307	0.00215	0.00245	0.00429
8	0.00982	0.00933	0.01537	0.02268	0.75169	0.00947	0.01157	0.01308	0.09267	0.01332	0.00834	0.01032	0.00687	0.00372	0.00394	0.00119	0.00455	0.00363	0.00217	0.00628
9	0.01402	0.01739	0.01201	0.01246	0.14327	0.71188	0.00838	0.01525	0.01088	0.01022	0.00634	0.00757	0.00529	0.00400	0.00363	0.00105	0.00676	0.00271	0.00203	0.00486
10	0.00824	0.19925	0.55842	0.00948	0.01411	0.00991	0.01147	0.01163	0.00822	0.01162	0.04512	0.01033	0.00728	0.07313	0.00487	0.00138	0.00517	0.00318	0.00186	0.00532
11	0.01392	0.06403	0.01143	0.00939	0.01172	0.53310	0.00729	0.15133	0.09487	0.03118	0.00877	0.00922	0.02775	0.00446	0.00367	0.00109	0.00589	0.00308	0.00265	0.00517
12	0.18165	0.52021	0.13203	0.00727	0.01081	0.01323	0.00745	0.06724	0.00857	0.01250	0.00601	0.00687	0.00504	0.00359	0.00279	0.00100	0.00425	0.00234	0.00200	0.00515

[dist]
# distance from previous block
# <min> <max>
0	1

[block]
# block no. 1 follows, 68 sequences, length 12
# corresponding to MSA columns:
# 57-64,66-69
name=unknown_B
#
# <colnr> <probs for GDERKNQSTAVLIFYWHMCP>
#	G	D	E	R	K	N	Q	S	T	A	V	L	I	F	Y	W	H	M	C	P
0	0.00822	0.10981	0.31462	0.00996	0.01376	0.02460	0.15404	0.02675	0.00860	0.01199	0.00989	0.16831	0.00933	0.00520	0.00394	0.00121	0.00481	0.00466	0.00224	0.10808
1	0.00963	0.00923	0.01576	0.08933	0.77236	0.00937	0.01208	0.01201	0.00894	0.01273	0.00743	0.00987	0.00620	0.00357	0.00393	0.00119	0.00476	0.00353	0.00195	0.00613
2	0.00749	0.00705	0.01189	0.85113	0.02731	0.00881	0.01101	0.01013	0.00793	0.01013	0.00705	0.01057	0.00529	0.00396	0.00396	0.00132	0.00529	0.00352	0.00176	0.00440
3	0.00795	0.02051	0.84011	0.01130	0.01716	0.00921	0.01465	0.01256	0.00837	0.01256	0.00712	0.00837	0.00502	0.00377	0.00377	0.00126	0.00586	0.00293	0.00167	0.00586
4	0.00512	0.00366	0.00494	0.00586	0.00621	0.00347	0.00419	0.00603	0.00788	0.01045	0.02169	0.70513	0.02558	0.01215	0.00514	0.00165	0.00255	0.16132	0.00367	0.00330
5	0.00770	0.11432	0.00854	0.00602	0.00818	0.00710	0.00486	0.02653	0.20123	0.01338	0.15188	0.02012	0.19930	0.00722	0.04061	0.00134	0.00313	0.00507	0.00331	0.17015
6	0.00654	0.00514	0.00689	0.16461	0.01012	0.00583	0.00521	0.00867	0.09988	0.00966	0.01189	0.06901	0.01200	0.35987	0.18646	0.00343	0.02361	0.00516	0.00247	0.00355
7	0.00831	0.00738	0.01188	0.10340	0.46585	0.00740	0.00911	0.01042	0.00943	0.03293	0.18249	0.01730	0.10675	0.00530	0.00417	0.00123	0.00384	0.00485	0.00271	0.00524
8	0.00884	0.18736	0.51938	0.00979	0.01447	0.01063	0.01150	0.01402	0.16257	0.01267	0.00849	0.00917	0.00637	0.00399	0.00357	0.00119	0.00502	0.00306	0.00212	0.00578
9	0.00802	0.24285	0.36744	0.00867	0.01230	0.00940	0.00973	0.01076	0.00834	0.01128	0.01097	0.11116	0.01079	0.00600	0.00391	0.00129	0.00460	0.15527	0.00228	0.00494
10	0.62260	0.00845	0.10048	0.00586	0.00842	0.00796	0.00537	0.01097	0.00777	0.01684	0.16145	0.01102	0.01060	0.00452	0.00302	0.00123	0.00316	0.00318	0.00272	0.00437
11	0.00973	0.26777	0.02261	0.01372	0.01754	0.01173	0.57580	0.01245	0.00897	0.01168	0.00726	0.00939	0.00574	0.00336	0.00404	0.00119	0.00595	0.00391	0.00191	0.00527

[dist]
# distance from previous block
# <min> <max>
0	28

[block]
# block no. 2 follows, 68 sequences, length 20
# corresponding to MSA columns:
# 98-117
name=unknown_C
#
# <colnr> <probs for GDERKNQSTAVLIFYWHMCP>
#	G	D	E	R	K	N	Q	S	T	A	V	L	I	F	Y	W	H	M	C	P
0	0.00842	0.01933	0.77243	0.01096	0.01653	0.00890	0.01395	0.01278	0.00855	0.05569	0.00796	0.00970	0.00579	0.00404	0.00383	0.00127	0.00567	0.02646	0.00190	0.00584
1	0.00566	0.00425	0.00637	0.00637	0.00708	0.00496	0.00496	0.00708	0.00637	0.00920	0.01062	0.01558	0.00991	0.02974	0.84494	0.00637	0.01062	0.00425	0.00212	0.00354
2	0.06329	0.00680	0.00903	0.00696	0.00999	0.00599	0.00575	0.01892	0.01111	0.79579	0.01511	0.01313	0.00953	0.00484	0.00391	0.00123	0.00336	0.00389	0.00478	0.00662
3	0.00944	0.01033	0.02095	0.01525	0.01896	0.01000	0.68328	0.01412	0.14831	0.01336	0.00940	0.01139	0.00705	0.00369	0.00457	0.00134	0.00608	0.00465	0.00235	0.00550
4	0.00508	0.00403	0.00456	0.00443	0.00560	0.00351	0.00332	0.00645	0.00997	0.01292	0.37770	0.03453	0.49540	0.00922	0.00468	0.00130	0.00195	0.00786	0.00397	0.00351
5	0.00692	0.00561	0.00629	0.00593	0.00737	0.00581	0.00449	0.02646	0.28456	0.01453	0.28106	0.11298	0.20630	0.00802	0.00449	0.00134	0.00242	0.00690	0.00402	0.00450
6	0.01071	0.00957	0.01429	0.01925	0.56927	0.00998	0.01048	0.15098	0.13674	0.01555	0.00914	0.01053	0.00725	0.00402	0.00395	0.00121	0.00441	0.00369	0.00262	0.00636
7	0.01008	0.00527	0.00730	0.00722	0.00883	0.00497	0.00621	0.01181	0.00985	0.27924	0.01926	0.03463	0.01861	0.00900	0.00499	0.00163	0.00356	0.54884	0.00406	0.00465
8	0.00580	0.00459	0.00682	0.00884	0.14673	0.00454	0.00532	0.00689	0.00765	0.01046	0.01768	0.58465	0.02033	0.01358	0.13405	0.00227	0.00399	0.00888	0.00315	0.00379
9	0.88866	0.00767	0.00583	0.00521	0.00767	0.00889	0.00429	0.01166	0.00675	0.01779	0.00552	0.00644	0.00429	0.00368	0.00245	0.00123	0.00307	0.00215	0.00245	0.00429
10	0.29740	0.01527	0.00949	0.00860	0.01077	0.57444	0.00657	0.01448	0.00978	0.01232	0.00593	0.00692	0.00484	0.00395	0.00321	0.00109	0.00583	0.00242	0.00218	0.00450
11	0.75312	0.00706	0.00550	0.00498	0.00720	0.00809	0.00406	0.01128	0.00699	0.01733	0.00666	0.00772	0.00520	0.00382	0.00250	0.00118	0.00288	0.00239	0.13784	0.00420
12	0.00913	0.00810	0.01254	0.58118	0.14913	0.00949	0.01060	0.14823	0.00991	0.01308	0.00753	0.01028	0.00569	0.00403	0.00396	0.00128	0.00504	0.00353	0.00217	0.00509
13	0.00523	0.00375	0.00453	0.00483	0.00526	0.00352	0.00318	0.00592	0.00775	0.01028	0.14293	0.34554	0.14189	0.28573	0.00984	0.00224	0.00269	0.00845	0.00337	0.00305
14	0.00871	0.14797	0.55718	0.01275	0.15478	0.01025	0.01285	0.01256	0.02540	0.01221	0.00711	0.00844	0.00539	0.00370	0.00361	0.00118	0.00536	0.00294	0.00178	0.00582
15	0.16403	0.00659	0.00817	0.00650	0.00921	0.00610	0.00532	0.01662	0.01055	0.60228	0.11058	0.01420	0.01214	0.00508	0.00381	0.00123	0.00314	0.00405	0.00443	0.00598
16	0.00840	0.00671	0.00936	0.04507	0.03361	0.00680	0.10072	0.15410	0.06206	0.03884	0.14423	0.10674	0.15576	0.00770	0.01453	0.00143	0.00359	0.09214	0.00355	0.00468
17	0.00785	0.00383	0.00394	0.00384	0.00486	0.00379	0.00291	0.00968	0.00845	0.05084	0.01305	0.01473	0.01015	0.00463	0.00282	0.00094	0.00191	0.00371	0.84426	0.00383
18	0.00583	0.00417	0.00552	0.00534	0.00568	0.00438	0.02627	0.00639	0.00606	0.00832	0.01176	0.02216	0.01272	0.56784	0.28646	0.00459	0.00612	0.00524	0.00230	0.00285
19	0.00912	0.58572	0.01657	0.13618	0.01199	0.01254	0.00679	0.01056	0.00820	0.00969	0.01162	0.01240	0.14573	0.00461	0.00313	0.00100	0.00402	0.00340	0.00204	0.00469

[dist]
# distance from previous block
# <min> <max>
0	22

[block]
# block no. 3 follows, 68 sequences, length 49
# corresponding to MSA columns:
# 140-188
name=unknown_D
#
# <colnr> <probs for GDERKNQSTAVLIFYWHMCP>
#	G	D	E	R	K	N	Q	S	T	A	V	L	I	F	Y	W	H	M	C	P
0	0.67415	0.02341	0.00660	0.00558	0.00792	0.00866	0.00457	0.08680	0.00847	0.01805	0.11533	0.00979	0.00891	0.00436	0.00289	0.00122	0.00305	0.00294	0.00283	0.00446
1	0.00863	0.01230	0.31478	0.00855	0.01189	0.04343	0.01838	0.07315	0.17392	0.03230	0.16167	0.01666	0.09619	0.00561	0.00410	0.00127	0.00411	0.00463	0.00309	0.00533
2	0.00952	0.01078	0.13386	0.03943	0.62702	0.00924	0.01197	0.04425	0.00935	0.01336	0.02758	0.01095	0.00725	0.00392	0.00396	0.00121	0.00478	0.02342	0.00210	0.00607
3	0.00749	0.00705	0.01189	0.85113	0.02731	0.00881	0.01101	0.01013	0.00793	0.01013	0.00705	0.01057	0.00529	0.00396	0.00396	0.00132	0.00529	0.00352	0.00176	0.00440
4	0.00575	0.00444	0.00605	0.00651	0.00692	0.00474	0.00494	0.00682	0.00806	0.01096	0.09524	0.49112	0.02375	0.01097	0.00617	0.00164	0.11500	0.18392	0.00348	0.00351
5	0.13163	0.00613	0.00771	0.00646	0.00881	0.00565	0.00514	0.01518	0.00988	0.54182	0.01569	0.20295	0.01277	0.00644	0.00402	0.00131	0.00309	0.00538	0.00430	0.00562
6	0.00928	0.00950	0.01363	0.01117	0.01215	0.06210	0.14807	0.04979	0.00764	0.01088	0.00680	0.05211	0.00648	0.00632	0.01016	0.00159	0.57173	0.00402	0.00201	0.00459
7	0.00477	0.00402	0.00414	0.00411	0.00541	0.00338	0.00308	0.00586	0.00924	0.01120	0.11423	0.03736	0.75995	0.00986	0.00469	0.00133	0.00200	0.00826	0.00375	0.00338
8	0.00749	0.00705	0.01189	0.85113	0.02731	0.00881	0.01101	0.01013	0.00793	0.01013	0.00705	0.01057	0.00529	0.00396	0.00396	0.00132	0.00529	0.00352	0.00176	0.00440
9	0.88866	0.00767	0.00583	0.00521	0.00767	0.00889	0.00429	0.01166	0.00675	0.01779	0.00552	0.00644	0.00429	0.00368	0.00245	0.00123	0.00307	0.00215	0.00245	0.00429
10	0.00980	0.00947	0.01638	0.02403	0.80346	0.00944	0.04440	0.01219	0.00904	0.01294	0.00748	0.00985	0.00627	0.00353	0.00396	0.00118	0.00479	0.00358	0.00196	0.00624
11	0.00519	0.00370	0.00501	0.00593	0.00631	0.00353	0.00430	0.00613	0.00794	0.01052	0.02166	0.67264	0.02545	0.01209	0.00516	0.00166	0.00261	0.19320	0.00367	0.00332
12	0.00749	0.00705	0.01189	0.85113	0.02731	0.00881	0.01101	0.01013	0.00793	0.01013	0.00705	0.01057	0.00529	0.00396	0.00396	0.00132	0.00529	0.00352	0.00176	0.00440
13	0.00981	0.00942	0.01609	0.02434	0.83592	0.00942	0.01217	0.01217	0.00903	0.01295	0.00746	0.00981	0.00628	0.00353	0.00393	0.00118	0.00471	0.00353	0.00196	0.00628
14	0.00956	0.00917	0.01564	0.11297	0.74924	0.00936	0.01204	0.01195	0.00891	0.01265	0.00741	0.00989	0.00617	0.00358	0.00393	0.00119	0.00477	0.00353	0.00194	0.00608
15	0.00643	0.00555	0.00934	0.00760	0.00924	0.00515	0.18808	0.00860	0.01073	0.01501	0.62165	0.02563	0.05646	0.00710	0.00468	0.00127	0.00296	0.00665	0.00381	0.00409
16	0.00689	0.00344	0.00517	0.00517	0.00517	0.00344	0.00344	0.00517	0.00517	0.00689	0.00689	0.01205	0.00689	0.01377	0.01550	0.88464	0.00344	0.00344	0.00172	0.00172
17	0.00528	0.00415	0.00485	0.00498	0.00613	0.00371	0.00395	0.00667	0.00955	0.01214	0.21472	0.03773	0.46981	0.00981	0.00486	0.00143	0.00235	0.19053	0.00383	0.00351
18	0.17656	0.01481	0.01163	0.00989	0.01227	0.51072	0.11440	0.04776	0.01046	0.01249	0.03937	0.00848	0.00643	0.00410	0.00357	0.00112	0.00600	0.00298	0.00229	0.00469
19	0.01018	0.00942	0.01779	0.01311	0.01641	0.03599	0.52607	0.01352	0.06232	0.12240	0.11944	0.01373	0.01106	0.00434	0.00451	0.00130	0.00539	0.00484	0.00283	0.00535
20	0.86439	0.00764	0.00592	0.00527	0.00774	0.00881	0.00434	0.01187	0.00688	0.04067	0.00580	0.00664	0.00445	0.00371	0.00250	0.00123	0.00308	0.00220	0.00252	0.00436
21	0.01060	0.86304	0.02078	0.00678	0.01018	0.01569	0.00678	0.01187	0.00806	0.00933	0.00551	0.00636	0.00509	0.00339	0.00254	0.00085	0.00424	0.00212	0.00170	0.00509
22	0.00475	0.00394	0.00416	0.00426	0.00544	0.00335	0.00314	0.00575	0.00895	0.01089	0.07632	0.14607	0.68882	0.01026	0.00474	0.00137	0.00204	0.00869	0.00371	0.00335
23	0.00495	0.00403	0.00438	0.00430	0.00552	0.00346	0.00322	0.00620	0.00966	0.01220	0.26799	0.03571	0.60556	0.00949	0.00468	0.00131	0.00197	0.00802	0.00388	0.00346
24	0.00482	0.00350	0.00455	0.00538	0.00571	0.00323	0.00362	0.00554	0.00773	0.01018	0.02356	0.78155	0.10164	0.01220	0.00503	0.00158	0.00227	0.01100	0.00368	0.00323
25	0.00547	0.00380	0.00491	0.00538	0.00600	0.00358	0.00394	0.00674	0.00887	0.01232	0.23327	0.42085	0.06188	0.01027	0.00479	0.00147	0.00231	0.11480	0.08588	0.00346
26	0.01432	0.01105	0.01342	0.01013	0.01341	0.01200	0.11508	0.71569	0.01742	0.02336	0.00932	0.00967	0.00665	0.00457	0.00406	0.00121	0.00467	0.00372	0.00371	0.00656
27	0.00540	0.00409	0.00577	0.00721	0.08325	0.00387	0.00448	0.00640	0.00821	0.01115	0.12779	0.66945	0.02584	0.01102	0.00490	0.00152	0.00247	0.01001	0.00361	0.00357
28	0.00741	0.00657	0.01100	0.73936	0.02438	0.00810	0.01001	0.00947	0.00756	0.00970	0.00703	0.01077	0.00550	0.00526	0.00549	0.11802	0.00504	0.00351	0.00176	0.00405
29	0.00960	0.53268	0.23041	0.00783	0.01187	0.01264	0.00854	0.01180	0.00816	0.01064	0.00613	0.00712	0.00517	0.00343	0.00291	0.00092	0.00449	0.00236	0.00178	0.12153
30	0.00694	0.00593	0.00573	0.00559	0.00603	0.11521	0.00371	0.00741	0.00663	0.00832	0.01120	0.02098	0.01211	0.54858	0.21542	0.00408	0.00590	0.00498	0.00229	0.00296
31	0.00900	0.01318	0.23028	0.01534	0.01982	0.00982	0.61713	0.01266	0.00911	0.01266	0.00779	0.01011	0.00576	0.00345	0.00445	0.00132	0.00648	0.00424	0.00192	0.00548
32	0.00997	0.67007	0.01843	0.11825	0.01237	0.01381	0.00715	0.01147	0.00805	0.00977	0.00586	0.00709	0.00519	0.00343	0.00277	0.00089	0.00426	0.00233	0.00177	0.08710
33	0.08890	0.34951	0.20348	0.00861	0.02433	0.05073	0.00864	0.01259	0.00822	0.08832	0.00684	0.00789	0.00548	0.00415	0.00440	0.00114	0.11676	0.00270	0.00208	0.00524
34	0.00955	0.00950	0.01730	0.05535	0.61780	0.00943	0.18376	0.01210	0.00903	0.01274	0.00779	0.02323	0.00650	0.00365	0.00410	0.00122	0.00511	0.00390	0.00199	0.00596
35	0.50517	0.00657	0.00605	0.00525	0.00749	0.00707	0.00427	0.01271	0.00807	0.18936	0.00933	0.00982	0.00679	0.00415	0.00285	0.00116	0.00285	0.00289	0.20347	0.00467
36	0.01119	0.75049	0.01960	0.00709	0.01046	0.01524	0.00688	0.11900	0.00945	0.01140	0.00604	0.00678	0.00531	0.00357	0.00273	0.00089	0.00426	0.00231	0.00200	0.00531
37	0.00540	0.00404	0.00501	0.00477	0.00580	0.00365	0.00358	0.00708	0.01073	0.01473	0.65491	0.03154	0.21707	0.00854	0.00468	0.00127	0.00190	0.00744	0.00421	0.00365
38	0.00499	0.00403	0.00444	0.00433	0.00554	0.00348	0.00325	0.00628	0.00975	0.01241	0.29954	0.03537	0.57389	0.00941	0.00468	0.00131	0.00196	0.00798	0.00391	0.00348
39	0.00717	0.00842	0.12038	0.00957	0.01124	0.00761	0.15061	0.00904	0.00796	0.01126	0.07087	0.27323	0.01508	0.00788	0.00685	0.00153	0.22138	0.05294	0.00267	0.00429
40	0.00937	0.00897	0.01530	0.18138	0.68233	0.00930	0.01195	0.01178	0.00882	0.01242	0.00738	0.00996	0.00609	0.00361	0.00393	0.00120	0.00482	0.00353	0.00192	0.00592
41	0.00566	0.00425	0.00637	0.00637	0.00708	0.00496	0.00496	0.00708	0.00637	0.00920	0.01062	0.01558	0.00991	0.02974	0.84494	0.00637	0.01062	0.00425	0.00212	0.00354
42	0.01213	0.01184	0.01023	0.00868	0.01117	0.24759	0.00680	0.18871	0.29188	0.01574	0.01037	0.01045	0.00795	0.00460	0.00399	0.00113	0.02822	0.00343	0.00317	0.12192
43	0.01418	0.00792	0.00948	0.00749	0.01028	0.00779	0.00606	0.28972	0.03805	0.36016	0.01348	0.11076	0.01039	0.00556	0.00401	0.00120	0.00353	0.00456	0.00417	0.09122
44	0.01047	0.82209	0.06060	0.00700	0.01052	0.01537	0.00717	0.01191	0.00807	0.00949	0.00559	0.00646	0.00509	0.00341	0.00260	0.00087	0.00432	0.00216	0.00170	0.00513
45	0.00808	0.01959	0.76390	0.01181	0.01749	0.00928	0.08995	0.01257	0.00846	0.01257	0.00720	0.00859	0.00512	0.00373	0.00385	0.00126	0.00594	0.00309	0.00171	0.00581
46	0.01779	0.00675	0.00920	0.00705	0.01012	0.00583	0.00583	0.01932	0.01135	0.83867	0.01564	0.01350	0.00981	0.00491	0.00399	0.00123	0.00337	0.00399	0.00491	0.00675
47	0.00749	0.00705	0.01189	0.85113	0.02731	0.00881	0.01101	0.01013	0.00793	0.01013	0.00705	0.01057	0.00529	0.00396	0.00396	0.00132	0.00529	0.00352	0.00176	0.00440
48	0.01244	0.02557	0.08917	0.01146	0.12954	0.18334	0.02314	0.20897	0.19483	0.06665	0.01006	0.01036	0.00752	0.00445	0.00387	0.00119	0.00484	0.00352	0.00307	0.00599

[dist]
# distance from previous block
# <min> <max>
0	17

[block]
# block no. 4 follows, 68 sequences, length 22
# corresponding to MSA columns:
# 206-227
name=unknown_E
#
# <colnr> <probs for GDERKNQSTAVLIFYWHMCP>
#	G	D	E	R	K	N	Q	S	T	A	V	L	I	F	Y	W	H	M	C	P
0	0.00535	0.00389	0.00494	0.00558	0.00605	0.00370	0.00382	0.04694	0.00832	0.01102	0.03614	0.73735	0.08850	0.01178	0.00497	0.00156	0.00237	0.01059	0.00371	0.00342
1	0.00982	0.00937	0.01573	0.02351	0.79412	0.00944	0.01187	0.01262	0.05053	0.01314	0.00790	0.01007	0.00658	0.00363	0.00393	0.00119	0.00463	0.00358	0.00207	0.00628
2	0.01452	0.01033	0.07536	0.00872	0.01180	0.11477	0.05406	0.09553	0.15353	0.39979	0.01282	0.01197	0.00872	0.00469	0.00396	0.00123	0.00430	0.00381	0.00388	0.00624
3	0.00661	0.00830	0.17149	0.00870	0.01089	0.00640	0.12083	0.00891	0.00742	0.01062	0.03465	0.03144	0.01995	0.01950	0.50000	0.00430	0.00852	0.01507	0.00216	0.00424
4	0.71666	0.00767	0.00703	0.10480	0.01018	0.00914	0.00542	0.01131	0.00683	0.01625	0.00568	0.00710	0.00448	0.00397	0.00345	0.00128	0.06971	0.00241	0.00232	0.00431
5	0.00804	0.01912	0.74304	0.01120	0.01637	0.00955	0.01395	0.01220	0.00810	0.01220	0.00689	0.00841	0.00504	0.00414	0.00485	0.00131	0.10523	0.00299	0.00168	0.00568
6	0.00481	0.00352	0.00453	0.00534	0.00570	0.00324	0.00360	0.00554	0.00776	0.01019	0.02400	0.76194	0.12097	0.01214	0.00502	0.00158	0.00227	0.01093	0.00368	0.00324
7	0.00843	0.00736	0.00927	0.00834	0.11991	0.00584	0.00570	0.01028	0.00833	0.01292	0.00710	0.00843	0.00593	0.00302	0.00307	0.00067	0.00317	0.00251	0.00230	0.76742
8	0.00906	0.18408	0.51661	0.00961	0.01450	0.01027	0.01138	0.07536	0.00909	0.01293	0.00698	0.00805	0.00527	0.00367	0.00344	0.00109	0.00508	0.00275	0.00194	0.10884
9	0.01108	0.01109	0.00923	0.00823	0.00990	0.29615	0.00627	0.15448	0.10986	0.01284	0.00964	0.01270	0.00843	0.12399	0.17053	0.00253	0.03196	0.00375	0.00268	0.00467
10	0.01410	0.00679	0.01033	0.00797	0.01072	0.00607	0.11450	0.01616	0.02968	0.54881	0.17443	0.01630	0.01475	0.00533	0.00422	0.00125	0.00352	0.00471	0.00439	0.00596
11	0.00888	0.00856	0.01503	0.09573	0.55619	0.00861	0.10582	0.01116	0.00878	0.01229	0.00941	0.12340	0.00883	0.00474	0.00417	0.00127	0.00467	0.00470	0.00218	0.00559
12	0.00481	0.00402	0.00419	0.00415	0.00543	0.00340	0.00311	0.00593	0.00933	0.01140	0.14629	0.03702	0.72776	0.00978	0.00468	0.00133	0.00199	0.00821	0.00377	0.00340
13	0.01389	0.01911	0.12206	0.01036	0.01291	0.73302	0.00860	0.01539	0.01085	0.01009	0.00626	0.00731	0.00510	0.00404	0.00360	0.00105	0.00698	0.00260	0.00199	0.00477
14	0.00929	0.08114	0.57130	0.01044	0.01519	0.12148	0.01215	0.01394	0.10492	0.01241	0.00792	0.00881	0.00587	0.00397	0.00368	0.00120	0.00559	0.00300	0.00200	0.00568
15	0.05871	0.00852	0.01081	0.00896	0.01153	0.00930	0.11515	0.01901	0.54693	0.13153	0.01424	0.01351	0.01044	0.00497	0.00417	0.00133	0.01675	0.00430	0.00376	0.00608
16	0.01045	0.67095	0.14245	0.00752	0.01122	0.01411	0.00790	0.01262	0.03985	0.04217	0.00655	0.00726	0.00553	0.00358	0.00284	0.00094	0.00441	0.00240	0.00191	0.00531
17	0.01150	0.00912	0.00913	0.00792	0.01013	0.12763	0.02495	0.02726	0.41571	0.16932	0.07858	0.01542	0.03126	0.03832	0.00466	0.00136	0.00376	0.00446	0.00382	0.00569
18	0.31737	0.07200	0.00673	0.00541	0.00673	0.02830	0.00408	0.00884	0.00656	0.01174	0.00894	0.01491	0.00895	0.29686	0.18464	0.00315	0.00510	0.00381	0.00230	0.00357
19	0.77184	0.00790	0.03808	0.00542	0.00792	0.00847	0.00463	0.01142	0.00697	0.03115	0.00729	0.00838	0.03668	0.02588	0.00308	0.00129	0.00316	0.00254	0.00251	0.01538
20	0.07596	0.15981	0.35615	0.02379	0.01342	0.01836	0.06875	0.01203	0.00816	0.07164	0.00779	0.01006	0.00629	0.08208	0.00544	0.00143	0.04405	0.00321	0.00209	0.02949
21	0.15117	0.14290	0.41631	0.00942	0.01361	0.08514	0.02884	0.01283	0.00840	0.05437	0.00691	0.00797	0.00520	0.00390	0.00375	0.00119	0.03796	0.00276	0.00201	0.00535

[dist]
# distance from previous block
# <min> <max>
1	5

[block]
# block no. 5 follows, 68 sequences, length 10
# corresponding to MSA columns:
# 233-242
name=unknown_F
#
# <colnr> <probs for GDERKNQSTAVLIFYWHMCP>
#	G	D	E	R	K	N	Q	S	T	A	V	L	I	F	Y	W	H	M	C	P
0	0.13909	0.14770	0.00786	0.00517	0.00695	0.00662	0.00425	0.00986	0.00911	0.06787	0.25566	0.04492	0.06551	0.00585	0.00352	0.00111	0.00259	0.00474	0.18401	0.02761
1	0.25518	0.11010	0.09369	0.00790	0.01046	0.28240	0.00687	0.01325	0.05283	0.02859	0.00784	0.03724	0.00679	0.02397	0.02811	0.00136	0.00505	0.02135	0.00234	0.00468
2	0.00557	0.00390	0.00442	0.00437	0.00472	0.00375	0.00269	0.00600	0.00708	0.00936	0.13524	0.02845	0.15045	0.60020	0.01544	0.00306	0.00326	0.00639	0.00289	0.00275
3	0.00813	0.11245	0.70968	0.01050	0.01585	0.00966	0.01326	0.01224	0.00847	0.01236	0.04680	0.00917	0.00659	0.00393	0.00368	0.00121	0.00549	0.00305	0.00181	0.00567
4	0.00595	0.00521	0.07290	0.00490	0.00538	0.00428	0.00341	0.00632	0.00598	0.00809	0.01205	0.02450	0.01364	0.79035	0.01883	0.00363	0.00401	0.00553	0.00234	0.00269
5	0.35805	0.33741	0.11593	0.00734	0.01069	0.01150	0.05641	0.01219	0.00778	0.04316	0.00623	0.00716	0.00499	0.00360	0.00284	0.00109	0.00409	0.00245	0.00213	0.00494
6	0.03054	0.20167	0.33517	0.00874	0.01251	0.11915	0.00940	0.01253	0.00908	0.08148	0.06298	0.01158	0.06444	0.00459	0.00375	0.00115	0.02026	0.00343	0.00233	0.00523
7	0.06397	0.32430	0.17424	0.00720	0.01053	0.00988	0.00735	0.01243	0.00907	0.16777	0.09780	0.01316	0.07736	0.00481	0.00345	0.00110	0.00389	0.00368	0.00279	0.00522
8	0.08336	0.41003	0.06081	0.13828	0.01325	0.01210	0.00764	0.10640	0.00958	0.11385	0.00755	0.00837	0.00582	0.00387	0.00317	0.00106	0.00430	0.00278	0.00242	0.00535
9	0.09885	0.36503	0.21367	0.00767	0.01126	0.01149	0.00806	0.10534	0.00944	0.01316	0.04248	0.01092	0.07887	0.00444	0.00327	0.00108	0.00424	0.00323	0.00231	0.00518

[dist]
# distance from previous block
# <min> <max>
0	26

# created by:
# /home/cegg/simao/soft/augustus-3.2.1/scripts/msa2prfl.pl ./align_prep/EOG092C5KXX.fa
