[name]
unknown

[dist]
# distance from previous block
# <min> <max>
0	196

[block]
# block no. 0 follows, 70 sequences, length 15
# corresponding to MSA columns:
# 347-361
name=unknown_A
#
# <colnr> <probs for GDERKNQSTAVLIFYWHMCP>
#	G	D	E	R	K	N	Q	S	T	A	V	L	I	F	Y	W	H	M	C	P
0	0.03806	0.00683	0.00833	0.00631	0.00941	0.00563	0.01727	0.03073	0.02346	0.18738	0.02170	0.01175	0.00810	0.00394	0.00332	0.00085	0.00308	0.05277	0.00299	0.55808
1	0.02999	0.00762	0.00929	0.13056	0.01245	0.00826	0.00667	0.04557	0.39879	0.28663	0.01390	0.01311	0.00980	0.00485	0.00389	0.00127	0.00349	0.00401	0.00387	0.00600
2	0.05621	0.00748	0.00932	0.00742	0.01023	0.02560	0.02986	0.04008	0.17926	0.57005	0.01435	0.01281	0.00951	0.00477	0.00385	0.00122	0.00344	0.00389	0.00434	0.00630
3	0.01093	0.01014	0.01779	0.01302	0.01648	0.03506	0.49316	0.15890	0.04286	0.08200	0.00885	0.01035	0.00649	0.00381	0.00445	0.00124	0.02659	0.00411	0.00262	0.05117
4	0.00582	0.00420	0.00565	0.00628	0.00709	0.00409	0.00519	0.00735	0.00887	0.01166	0.12816	0.13739	0.08368	0.04575	0.00574	0.00173	0.00308	0.52119	0.00362	0.00346
5	0.39653	0.00707	0.00755	0.00616	0.00886	0.00719	0.00507	0.01572	0.04796	0.44495	0.01102	0.01026	0.00736	0.00430	0.00325	0.00121	0.00316	0.00314	0.00372	0.00553
6	0.00890	0.00514	0.00652	0.00604	0.00726	0.00508	0.00463	0.07990	0.00901	0.18402	0.06620	0.05862	0.03025	0.25696	0.09876	0.00260	0.00416	0.15850	0.00339	0.00408
7	0.00940	0.01078	0.02177	0.01574	0.01939	0.05323	0.74699	0.01244	0.00910	0.01213	0.00763	0.01019	0.00580	0.00346	0.00488	0.00131	0.04425	0.00442	0.00195	0.00515
8	0.00530	0.00372	0.00464	0.00503	0.00537	0.00357	0.00340	0.00599	0.00742	0.00990	0.11430	0.33648	0.06078	0.31973	0.01028	0.00233	0.00287	0.09269	0.00322	0.00297
9	0.66486	0.00752	0.00671	0.00568	0.00824	0.00830	0.00469	0.06148	0.00819	0.18212	0.00760	0.00785	0.00542	0.00390	0.00279	0.00120	0.00313	0.00254	0.00297	0.00482
10	0.02322	0.00909	0.01678	0.17539	0.16684	0.00939	0.35870	0.04885	0.04145	0.04009	0.00829	0.01103	0.00647	0.00394	0.00460	0.00129	0.04574	0.02137	0.00220	0.00526
11	0.06848	0.01018	0.01056	0.00865	0.01113	0.08703	0.02708	0.34762	0.22902	0.07600	0.01050	0.01049	0.00774	0.00483	0.00449	0.00124	0.07198	0.00359	0.00347	0.00591
12	0.10069	0.00670	0.00859	0.00675	0.00957	0.00612	0.00557	0.04629	0.01085	0.68765	0.03743	0.01368	0.01008	0.00493	0.00381	0.00121	0.00327	0.02612	0.00449	0.00620
13	0.00624	0.00403	0.00497	0.00500	0.00553	0.00388	0.00346	0.00699	0.00761	0.05633	0.15846	0.10076	0.04925	0.43929	0.01231	0.00261	0.00318	0.12385	0.00315	0.00309
14	0.10986	0.03244	0.03956	0.09621	0.13495	0.05236	0.10828	0.11131	0.03971	0.16669	0.00987	0.01218	0.00762	0.00445	0.00383	0.00123	0.00446	0.05662	0.00289	0.00547

[dist]
# distance from previous block
# <min> <max>
1	5

[block]
# block no. 1 follows, 70 sequences, length 8
# corresponding to MSA columns:
# 367-374
name=unknown_B
#
# <colnr> <probs for GDERKNQSTAVLIFYWHMCP>
#	G	D	E	R	K	N	Q	S	T	A	V	L	I	F	Y	W	H	M	C	P
0	0.18378	0.00475	0.00526	0.00521	0.00640	0.00476	0.00404	0.00804	0.00883	0.03570	0.29039	0.10782	0.12720	0.06193	0.00523	0.00151	0.00255	0.12943	0.00353	0.00365
1	0.00882	0.10773	0.36691	0.04780	0.01766	0.01010	0.33358	0.03945	0.00885	0.01230	0.00721	0.00900	0.00537	0.00352	0.00392	0.00122	0.00580	0.00350	0.00185	0.00542
2	0.00914	0.05985	0.12756	0.13241	0.18875	0.03052	0.30041	0.01191	0.00857	0.02883	0.00727	0.00956	0.00566	0.00372	0.00456	0.00125	0.05916	0.00368	0.00190	0.00529
3	0.01448	0.01848	0.01099	0.00999	0.01199	0.84819	0.00749	0.01548	0.01099	0.00949	0.00599	0.00699	0.00499	0.00400	0.00350	0.00100	0.00699	0.00250	0.00200	0.00449
4	0.00611	0.00393	0.00463	0.00465	0.00512	0.00374	0.00300	0.00658	0.00705	0.06136	0.06167	0.15225	0.12700	0.49891	0.01329	0.00275	0.00316	0.02884	0.00299	0.00296
5	0.25654	0.01261	0.00935	0.04135	0.01107	0.36810	0.00649	0.11551	0.07771	0.05600	0.00754	0.00814	0.00577	0.00411	0.00331	0.00112	0.00497	0.00277	0.00263	0.00491
6	0.05425	0.00843	0.01343	0.42468	0.05209	0.03122	0.17336	0.08083	0.05384	0.05826	0.00815	0.01033	0.00602	0.00392	0.00394	0.00126	0.00507	0.00366	0.00229	0.00498
7	0.00568	0.00408	0.00549	0.00556	0.00595	0.00441	0.00399	0.00631	0.00651	0.00894	0.04042	0.14175	0.05320	0.24111	0.29086	0.08289	0.04847	0.03885	0.00252	0.00301

[dist]
# distance from previous block
# <min> <max>
1	14

[block]
# block no. 2 follows, 70 sequences, length 28
# corresponding to MSA columns:
# 391-418
name=unknown_C
#
# <colnr> <probs for GDERKNQSTAVLIFYWHMCP>
#	G	D	E	R	K	N	Q	S	T	A	V	L	I	F	Y	W	H	M	C	P
0	0.11127	0.02749	0.01046	0.03352	0.01136	0.04768	0.04523	0.30464	0.11162	0.10026	0.00960	0.01867	0.00713	0.00433	0.00368	0.00111	0.01430	0.00337	0.00327	0.13101
1	0.01159	0.13296	0.01147	0.02873	0.01069	0.00873	0.06274	0.15570	0.06226	0.22932	0.04598	0.04317	0.04087	0.00677	0.05191	0.00151	0.04281	0.04402	0.00339	0.00539
2	0.00478	0.00353	0.00447	0.00509	0.00557	0.00322	0.00349	0.00563	0.00804	0.01059	0.11034	0.63218	0.16626	0.01130	0.00485	0.00149	0.00216	0.01011	0.00367	0.00322
3	0.01118	0.00968	0.01386	0.06517	0.48314	0.03691	0.01013	0.22371	0.01122	0.04445	0.00793	0.00955	0.00624	0.00401	0.00427	0.00119	0.04538	0.00344	0.00251	0.00603
4	0.00825	0.00769	0.01051	0.00907	0.00957	0.01016	0.00747	0.05176	0.02796	0.01051	0.02483	0.01027	0.00685	0.01033	0.15529	0.00238	0.59065	0.00359	0.00201	0.04084
5	0.00636	0.00490	0.00689	0.00661	0.00736	0.00577	0.00515	0.06215	0.00703	0.01004	0.01038	0.04601	0.00990	0.05964	0.66088	0.00526	0.07541	0.00437	0.00224	0.00368
6	0.00564	0.00376	0.00423	0.00423	0.00423	0.00376	0.00235	0.00564	0.00564	0.00752	0.01222	0.02537	0.01409	0.86375	0.01973	0.00376	0.00376	0.00564	0.00235	0.00235
7	0.01193	0.02227	0.01564	0.02654	0.06805	0.37631	0.31282	0.03195	0.03053	0.04584	0.01683	0.00924	0.00615	0.00380	0.00396	0.00115	0.00624	0.00352	0.00220	0.00504
8	0.00549	0.00396	0.00518	0.00488	0.00579	0.00366	0.00366	0.00732	0.01097	0.01555	0.83752	0.02896	0.03658	0.00793	0.00457	0.00122	0.00183	0.00701	0.00427	0.00366
9	0.01369	0.01068	0.01102	0.00876	0.01162	0.04846	0.00712	0.62639	0.18404	0.02210	0.01048	0.01026	0.00759	0.00475	0.00387	0.00119	0.00414	0.00363	0.00381	0.00641
10	0.01329	0.01598	0.01044	0.00947	0.01152	0.64184	0.00716	0.01674	0.21316	0.01114	0.00840	0.00883	0.00668	0.00431	0.00361	0.00108	0.00603	0.00296	0.00248	0.00490
11	0.02990	0.00961	0.01065	0.03940	0.02004	0.01048	0.00695	0.63029	0.01595	0.08566	0.01130	0.04105	0.04194	0.01430	0.01322	0.00127	0.00410	0.00398	0.00377	0.00612
12	0.00554	0.00414	0.00615	0.00615	0.00681	0.00480	0.00474	0.00687	0.00621	0.00894	0.01046	0.01564	0.00987	0.06305	0.81466	0.00613	0.01011	0.00421	0.00209	0.00342
13	0.00549	0.00396	0.00518	0.00488	0.00579	0.00366	0.00366	0.00732	0.01097	0.01555	0.83752	0.02896	0.03658	0.00793	0.00457	0.00122	0.00183	0.00701	0.00427	0.00366
14	0.03822	0.00400	0.00479	0.00505	0.00573	0.00381	0.00359	0.00663	0.01826	0.02669	0.13485	0.30549	0.16491	0.16816	0.00761	0.01351	0.00261	0.07944	0.00342	0.00325
15	0.01145	0.01995	0.01235	0.15862	0.08048	0.23155	0.09027	0.07704	0.04178	0.10599	0.00863	0.04253	0.00693	0.00464	0.00476	0.00123	0.09057	0.00367	0.00251	0.00506
16	0.00960	0.00921	0.01574	0.02380	0.83957	0.00921	0.01190	0.01190	0.00883	0.01267	0.00729	0.00960	0.00614	0.00345	0.00384	0.00115	0.00461	0.00345	0.00192	0.00614
17	0.00478	0.00357	0.00441	0.00500	0.00554	0.00325	0.00345	0.00558	0.00789	0.01021	0.05664	0.57358	0.23091	0.04128	0.00537	0.00158	0.00224	0.02794	0.00358	0.00318
18	0.02607	0.00636	0.01016	0.26116	0.20356	0.00687	0.03790	0.00931	0.01581	0.03346	0.02597	0.14155	0.01079	0.12017	0.07244	0.00201	0.00469	0.00504	0.00234	0.00433
19	0.00510	0.00395	0.00561	0.00592	0.00651	0.00369	0.04994	0.00621	0.02455	0.01048	0.06047	0.68706	0.09359	0.01111	0.00486	0.00151	0.00246	0.01009	0.00355	0.00336
20	0.00499	0.00389	0.00454	0.00457	0.00558	0.00344	0.00340	0.00627	0.00945	0.01232	0.33352	0.14070	0.41006	0.00944	0.00465	0.00132	0.00200	0.03262	0.00385	0.00341
21	0.00502	0.00363	0.00462	0.00529	0.00572	0.00343	0.00361	0.00619	0.03673	0.01065	0.06813	0.69690	0.08070	0.01122	0.00478	0.00150	0.00222	0.01009	0.03625	0.00331
22	0.00588	0.00436	0.00470	0.00475	0.00501	0.03867	0.00297	0.00621	0.00666	0.00870	0.07764	0.11871	0.04843	0.58737	0.03294	0.01534	0.00364	0.02264	0.00268	0.00270
23	0.00804	0.00689	0.00804	0.00574	0.00919	0.00517	0.00459	0.00976	0.00804	0.01263	0.00689	0.00804	0.00574	0.00287	0.00287	0.00057	0.00287	0.00230	0.00230	0.88745
24	0.00626	0.00361	0.00498	0.00501	0.00512	0.00368	0.00333	0.00553	0.00548	0.00737	0.00918	0.01713	0.00970	0.26396	0.11164	0.50086	0.00429	0.02877	0.00198	0.00214
25	0.00691	0.00616	0.00931	0.47319	0.01798	0.02052	0.02529	0.00948	0.07263	0.01030	0.01188	0.18540	0.03077	0.04855	0.02609	0.01606	0.00440	0.01863	0.00240	0.00404
26	0.00987	0.01058	0.01251	0.03216	0.06605	0.17331	0.05038	0.03055	0.00761	0.01012	0.00570	0.00843	0.00522	0.00572	0.00950	0.00148	0.55116	0.00329	0.00184	0.00452
27	0.06800	0.00898	0.01398	0.17301	0.57119	0.02903	0.01083	0.05623	0.00905	0.01304	0.00717	0.00943	0.00583	0.00362	0.00374	0.00118	0.00464	0.00334	0.00202	0.00566

[dist]
# distance from previous block
# <min> <max>
0	2

[block]
# block no. 3 follows, 70 sequences, length 6
# corresponding to MSA columns:
# 421-426
name=unknown_D
#
# <colnr> <probs for GDERKNQSTAVLIFYWHMCP>
#	G	D	E	R	K	N	Q	S	T	A	V	L	I	F	Y	W	H	M	C	P
0	0.05908	0.06133	0.01026	0.05819	0.01138	0.17219	0.03003	0.09497	0.03370	0.01321	0.00708	0.00815	0.00570	0.00348	0.00319	0.00085	0.00415	0.00263	0.00237	0.41804
1	0.00673	0.00337	0.00505	0.00505	0.00505	0.00337	0.00337	0.00505	0.00505	0.00673	0.00673	0.01178	0.00673	0.01347	0.01515	0.88721	0.00337	0.00337	0.00168	0.00168
2	0.01165	0.00943	0.01190	0.01008	0.05777	0.05886	0.12665	0.32727	0.09955	0.07097	0.03942	0.04829	0.01001	0.02400	0.00444	0.00129	0.00433	0.05274	0.00335	0.02800
3	0.00732	0.00689	0.01163	0.85444	0.02670	0.00861	0.01077	0.00991	0.00775	0.00991	0.00689	0.01034	0.00517	0.00388	0.00388	0.00129	0.00517	0.00345	0.00172	0.00431
4	0.00819	0.02567	0.01124	0.12285	0.15220	0.00747	0.11768	0.06392	0.07112	0.03858	0.07030	0.10054	0.12570	0.02703	0.00478	0.00136	0.02005	0.02372	0.00286	0.00475
5	0.00812	0.00829	0.05744	0.05979	0.01253	0.03603	0.19026	0.05919	0.07081	0.01304	0.11094	0.06604	0.06035	0.00641	0.03915	0.00141	0.03105	0.03088	0.00276	0.13551

[dist]
# distance from previous block
# <min> <max>
3	46

[block]
# block no. 4 follows, 70 sequences, length 35
# corresponding to MSA columns:
# 474-508
name=unknown_E
#
# <colnr> <probs for GDERKNQSTAVLIFYWHMCP>
#	G	D	E	R	K	N	Q	S	T	A	V	L	I	F	Y	W	H	M	C	P
0	0.23052	0.00848	0.07968	0.01634	0.03712	0.03044	0.07568	0.13376	0.03740	0.02556	0.04031	0.05891	0.02921	0.01994	0.00560	0.13201	0.00388	0.02805	0.00267	0.00443
1	0.00572	0.00390	0.00528	0.00528	0.00561	0.00423	0.00366	0.00618	0.00585	0.00813	0.01069	0.01893	0.01113	0.36584	0.41327	0.10984	0.00686	0.00466	0.00214	0.00280
2	0.00824	0.00556	0.00909	0.02219	0.05544	0.00521	0.13825	0.00972	0.00857	0.15967	0.01659	0.41981	0.01718	0.00832	0.00454	0.00142	0.00337	0.05622	0.04627	0.00434
3	0.00875	0.00705	0.00838	0.00627	0.00939	0.00591	0.01685	0.06087	0.06410	0.04644	0.04055	0.00989	0.00772	0.00447	0.03685	0.00095	0.00330	0.00286	0.00267	0.65674
4	0.00832	0.00688	0.00807	0.00578	0.00921	0.00518	0.00463	0.01004	0.00813	0.03759	0.00714	0.00819	0.00586	0.00293	0.00290	0.00059	0.00288	0.00235	0.00237	0.86095
5	0.00840	0.00736	0.01103	0.59907	0.06875	0.03736	0.00958	0.06398	0.00886	0.04682	0.02685	0.04578	0.02544	0.00462	0.00396	0.00128	0.00477	0.01927	0.00222	0.00457
6	0.00902	0.37987	0.34240	0.02386	0.01310	0.02744	0.03725	0.02540	0.00826	0.01091	0.02301	0.02280	0.01707	0.00429	0.01533	0.00115	0.02892	0.00292	0.00182	0.00517
7	0.01036	0.86609	0.02032	0.00663	0.00995	0.01534	0.00663	0.01161	0.00788	0.00912	0.00539	0.00622	0.00498	0.00332	0.00249	0.00083	0.00415	0.00207	0.00166	0.00498
8	0.00572	0.00469	0.02351	0.00570	0.03934	0.00410	0.00410	0.02290	0.03062	0.03016	0.24177	0.20514	0.34968	0.00910	0.00456	0.00133	0.00228	0.00789	0.00371	0.00373
9	0.01448	0.01848	0.01099	0.00999	0.01199	0.84819	0.00749	0.01548	0.01099	0.00949	0.00599	0.00699	0.00499	0.00400	0.00350	0.00100	0.00699	0.00250	0.00200	0.00449
10	0.01478	0.00908	0.01022	0.00791	0.01079	0.00959	0.00651	0.53879	0.01543	0.24155	0.01120	0.01080	0.00769	0.00468	0.00378	0.00115	0.00379	0.00361	0.08232	0.00633
11	0.00794	0.00677	0.00793	0.00571	0.00905	0.00511	0.00456	0.00966	0.00816	0.01275	0.04001	0.00887	0.00697	0.00307	0.00294	0.00060	0.00283	0.00248	0.00238	0.85221
12	0.01036	0.86609	0.02032	0.00663	0.00995	0.01534	0.00663	0.01161	0.00788	0.00912	0.00539	0.00622	0.00498	0.00332	0.00249	0.00083	0.00415	0.00207	0.00166	0.00498
13	0.00581	0.00400	0.00549	0.00631	0.00694	0.00387	0.00498	0.00706	0.00827	0.03205	0.02079	0.42967	0.02356	0.01124	0.00513	0.00167	0.00294	0.41316	0.00361	0.00345
14	0.00554	0.00415	0.00623	0.00623	0.00692	0.00485	0.00485	0.00692	0.00623	0.00900	0.01038	0.01523	0.00969	0.02908	0.84839	0.00623	0.01038	0.00415	0.00208	0.00346
15	0.00467	0.00391	0.00406	0.00410	0.00533	0.00331	0.00307	0.00570	0.00889	0.01075	0.08196	0.07391	0.74288	0.00983	0.00461	0.00132	0.00200	0.02275	0.00364	0.00329
16	0.00804	0.00689	0.00804	0.00574	0.00919	0.00517	0.00459	0.00976	0.00804	0.01263	0.00689	0.00804	0.00574	0.00287	0.00287	0.00057	0.00287	0.00230	0.00230	0.88745
17	0.00608	0.00430	0.00528	0.00527	0.00622	0.00410	0.00384	0.00821	0.08594	0.05325	0.32197	0.29809	0.14655	0.02663	0.00491	0.00141	0.00221	0.00806	0.00391	0.00378
18	0.00625	0.00446	0.00625	0.00714	0.00803	0.00446	0.00625	0.00803	0.00892	0.01160	0.02053	0.04373	0.02231	0.01071	0.00535	0.00178	0.00357	0.81348	0.00357	0.00357
19	0.20678	0.00784	0.00893	0.00700	0.00990	0.00790	0.00578	0.21546	0.01187	0.46218	0.01167	0.01074	0.00769	0.00450	0.00357	0.00119	0.00347	0.00341	0.00405	0.00607
20	0.00525	0.00378	0.00465	0.00506	0.00542	0.00367	0.00334	0.00626	0.04010	0.00986	0.07562	0.45644	0.06941	0.25837	0.03266	0.00229	0.00290	0.00856	0.00325	0.00309
21	0.00580	0.00434	0.00538	0.00508	0.00615	0.00413	0.00385	0.02244	0.05915	0.01498	0.64986	0.04146	0.12594	0.00806	0.00455	0.00125	0.00201	0.02762	0.00414	0.00380
22	0.00977	0.00839	0.00884	0.00791	0.01013	0.00970	0.00617	0.04019	0.81278	0.01642	0.01562	0.01434	0.01171	0.00524	0.00394	0.00131	0.00310	0.00436	0.00394	0.00615
23	0.00562	0.00427	0.00636	0.00631	0.00697	0.00503	0.00491	0.00697	0.00621	0.00898	0.01026	0.01521	0.00963	0.04272	0.81011	0.00606	0.03467	0.00416	0.00207	0.00346
24	0.00479	0.00404	0.00417	0.00412	0.00541	0.00346	0.00309	0.00610	0.02879	0.01112	0.11862	0.03593	0.73796	0.00952	0.00457	0.00130	0.00198	0.00797	0.00368	0.00338
25	0.00473	0.00345	0.00443	0.00520	0.00554	0.00318	0.00349	0.00542	0.00754	0.00990	0.02319	0.74371	0.11923	0.03458	0.00530	0.00160	0.00226	0.01055	0.00357	0.00314
26	0.00564	0.00370	0.00480	0.00531	0.00589	0.00338	0.00368	0.00650	0.00809	0.06806	0.08464	0.65459	0.10897	0.01108	0.00481	0.00149	0.00226	0.00993	0.00373	0.00344
27	0.01017	0.00669	0.00812	0.00690	0.00852	0.00710	0.02697	0.27896	0.08113	0.06426	0.03356	0.07033	0.00968	0.00833	0.01756	0.27938	0.00356	0.00421	0.07017	0.00439
28	0.13004	0.00976	0.00896	0.00758	0.01006	0.17547	0.00601	0.08378	0.20578	0.28009	0.01168	0.01106	0.00826	0.00457	0.00359	0.00118	0.00398	0.00345	0.02903	0.00567
29	0.00711	0.00438	0.00550	0.00548	0.00649	0.00411	0.00401	0.00881	0.05995	0.13091	0.16957	0.35621	0.11696	0.05240	0.00535	0.00152	0.00246	0.03601	0.01887	0.00392
30	0.00680	0.00591	0.02278	0.01967	0.04484	0.00573	0.11908	0.03116	0.04146	0.03124	0.07882	0.23918	0.14328	0.10650	0.02395	0.00177	0.04836	0.02247	0.00306	0.00396
31	0.01332	0.00824	0.03049	0.03968	0.03419	0.00767	0.19484	0.12416	0.02216	0.39750	0.01270	0.02553	0.03138	0.00543	0.03309	0.00141	0.00451	0.00419	0.00362	0.00591
32	0.87118	0.00757	0.00583	0.00519	0.00760	0.00877	0.00427	0.02996	0.00686	0.01755	0.00549	0.00637	0.00425	0.00362	0.00243	0.00120	0.00303	0.00213	0.00243	0.00425
33	0.00545	0.00406	0.00519	0.00592	0.02988	0.00388	0.00397	0.04029	0.02040	0.01106	0.07715	0.60164	0.10689	0.04272	0.00535	0.00158	0.00244	0.02510	0.00357	0.00345
34	0.01003	0.02238	0.07334	0.25442	0.15185	0.12184	0.11694	0.04535	0.00905	0.06505	0.00741	0.00954	0.00571	0.00409	0.00472	0.00125	0.08639	0.00343	0.00210	0.00510

[dist]
# distance from previous block
# <min> <max>
1	8

[block]
# block no. 5 follows, 70 sequences, length 35
# corresponding to MSA columns:
# 517-551
name=unknown_F
#
# <colnr> <probs for GDERKNQSTAVLIFYWHMCP>
#	G	D	E	R	K	N	Q	S	T	A	V	L	I	F	Y	W	H	M	C	P
0	0.01117	0.08811	0.03828	0.11740	0.14077	0.05310	0.14549	0.14124	0.03739	0.12092	0.01831	0.01041	0.00695	0.02028	0.00444	0.00124	0.03269	0.00362	0.00265	0.00552
1	0.00564	0.00376	0.00423	0.00423	0.00423	0.00376	0.00235	0.00564	0.00564	0.00752	0.01222	0.02537	0.01409	0.86375	0.01973	0.00376	0.00376	0.00564	0.00235	0.00235
2	0.00942	0.11371	0.08477	0.04081	0.02315	0.10379	0.13719	0.01138	0.03016	0.01031	0.00620	0.00857	0.00537	0.00506	0.00777	0.00138	0.39110	0.00331	0.00183	0.00472
3	0.00804	0.00689	0.00804	0.00574	0.00919	0.00517	0.00459	0.00976	0.00804	0.01263	0.00689	0.00804	0.00574	0.00287	0.00287	0.00057	0.00287	0.00230	0.00230	0.88745
4	0.00835	0.01743	0.63322	0.05864	0.02925	0.02430	0.12687	0.01240	0.00844	0.03483	0.00729	0.00876	0.00521	0.00367	0.00382	0.00124	0.00575	0.00317	0.00178	0.00559
5	0.00631	0.04725	0.00613	0.00579	0.00666	0.10349	0.00424	0.00731	0.00866	0.01082	0.14488	0.44594	0.13441	0.00974	0.00457	0.00139	0.00285	0.04265	0.00342	0.00351
6	0.00488	0.00345	0.00447	0.00521	0.00541	0.00325	0.00341	0.00548	0.00723	0.00966	0.03780	0.71544	0.02412	0.14206	0.00720	0.00190	0.00247	0.01011	0.00342	0.00304
7	0.65404	0.00686	0.00615	0.02568	0.00802	0.00789	0.00461	0.02363	0.00694	0.04439	0.00699	0.00893	0.00574	0.00828	0.15149	0.00210	0.00439	0.01724	0.00245	0.00418
8	0.03033	0.00691	0.05035	0.02268	0.02663	0.03689	0.03762	0.10650	0.02645	0.05722	0.08036	0.05638	0.06634	0.05272	0.32124	0.00322	0.00626	0.00477	0.00281	0.00431
9	0.00942	0.00788	0.00969	0.08179	0.16104	0.03502	0.00712	0.10224	0.28613	0.05049	0.01536	0.11510	0.09006	0.00594	0.00408	0.00128	0.00359	0.00511	0.00328	0.00537
10	0.01323	0.00609	0.00792	0.00668	0.00889	0.00567	0.00529	0.03690	0.09654	0.51243	0.03934	0.16902	0.01396	0.02561	0.00452	0.00136	0.00309	0.03347	0.00435	0.00564
11	0.04600	0.00989	0.01048	0.00839	0.01115	0.01107	0.00680	0.56303	0.23322	0.02159	0.01094	0.01094	0.00807	0.02523	0.00422	0.00127	0.00389	0.00373	0.00380	0.00628
12	0.03420	0.00877	0.01147	0.08456	0.13959	0.05053	0.09059	0.17138	0.18497	0.02538	0.07527	0.01325	0.03644	0.01689	0.00463	0.03544	0.00416	0.00415	0.00300	0.00534
13	0.04882	0.00747	0.00900	0.00721	0.00998	0.00740	0.00587	0.11823	0.19360	0.50314	0.01496	0.01341	0.03285	0.00498	0.00387	0.00122	0.00332	0.00401	0.00437	0.00631
14	0.01388	0.00394	0.00482	0.00517	0.00575	0.00377	0.00357	0.02463	0.02350	0.02454	0.09168	0.46100	0.11930	0.14837	0.00716	0.00184	0.00254	0.03516	0.01609	0.00330
15	0.11493	0.00606	0.00732	0.00608	0.00822	0.00579	0.00481	0.05356	0.03875	0.40343	0.15298	0.04706	0.05334	0.07403	0.00517	0.00143	0.00299	0.00480	0.00406	0.00519
16	0.00576	0.00408	0.00484	0.00463	0.00555	0.00379	0.00334	0.02085	0.00923	0.03195	0.36992	0.04411	0.24257	0.16890	0.03342	0.00187	0.00257	0.00681	0.03242	0.00341
17	0.00669	0.00471	0.00583	0.00549	0.00666	0.00455	0.00422	0.06741	0.04112	0.04685	0.49810	0.09567	0.10441	0.01972	0.00477	0.00133	0.00232	0.07212	0.00405	0.00397
18	0.07349	0.00437	0.00500	0.00493	0.00596	0.00418	0.00358	0.00782	0.03186	0.07015	0.18802	0.21130	0.20785	0.12205	0.00640	0.00165	0.00246	0.01896	0.02635	0.00360
19	0.00564	0.00386	0.00483	0.00515	0.00568	0.00369	0.00352	0.00683	0.04261	0.03248	0.15213	0.45342	0.06858	0.13591	0.00719	0.02649	0.00247	0.00854	0.02767	0.00331
20	0.00861	0.29241	0.57861	0.00963	0.01458	0.01104	0.01185	0.01206	0.00809	0.01126	0.00645	0.00755	0.00493	0.00357	0.00330	0.00110	0.00522	0.00261	0.00164	0.00549
21	0.00496	0.00371	0.00422	0.00449	0.00518	0.00335	0.00308	0.00574	0.00790	0.01017	0.07077	0.29865	0.35712	0.16358	0.00735	0.00182	0.00236	0.00842	0.03403	0.00310
22	0.02367	0.00447	0.00555	0.00535	0.00653	0.00412	0.00397	0.01844	0.02181	0.17135	0.17036	0.29756	0.14206	0.04363	0.00506	0.00144	0.00245	0.02305	0.04509	0.00402
23	0.07510	0.00443	0.00485	0.00467	0.00580	0.00426	0.00341	0.00817	0.03076	0.07903	0.09633	0.10560	0.26402	0.14597	0.03010	0.00179	0.00270	0.00629	0.12313	0.00362
24	0.00502	0.00377	0.00456	0.00504	0.00561	0.00353	0.00345	0.00620	0.04261	0.01040	0.06988	0.52154	0.20776	0.08432	0.00607	0.00167	0.00233	0.00941	0.00354	0.00326
25	0.00905	0.00849	0.01442	0.13279	0.66925	0.00873	0.01115	0.01117	0.00843	0.01191	0.00729	0.00994	0.00613	0.00465	0.02560	0.04529	0.00476	0.00347	0.00189	0.00561
26	0.03224	0.00396	0.00493	0.00543	0.00605	0.00381	0.00380	0.00697	0.05207	0.03372	0.08608	0.61930	0.08168	0.02069	0.00491	0.00152	0.00233	0.02336	0.00365	0.00348
27	0.75656	0.00729	0.00608	0.00530	0.00775	0.00817	0.00436	0.01221	0.00723	0.12313	0.00752	0.00797	0.02595	0.00391	0.00265	0.00120	0.00301	0.00248	0.00274	0.00448
28	0.00679	0.00430	0.00502	0.04704	0.00675	0.00446	0.00397	0.01899	0.08137	0.01295	0.01539	0.22814	0.01485	0.03049	0.00413	0.00128	0.00242	0.07027	0.43764	0.00375
29	0.00554	0.00414	0.00617	0.00617	0.00685	0.00482	0.00478	0.00689	0.00621	0.00896	0.01044	0.01551	0.00981	0.05235	0.82529	0.00616	0.01020	0.00420	0.00208	0.00343
30	0.00503	0.00368	0.00456	0.00517	0.00557	0.00350	0.00347	0.00602	0.03601	0.00987	0.02200	0.60225	0.12064	0.13315	0.00699	0.00185	0.00248	0.02119	0.00343	0.00316
31	0.00478	0.00342	0.00455	0.00544	0.00571	0.00320	0.00369	0.00550	0.00750	0.00997	0.02167	0.81543	0.04048	0.01205	0.00496	0.00158	0.00229	0.04103	0.00360	0.00317
32	0.11825	0.02590	0.00970	0.00799	0.01035	0.26917	0.00633	0.28344	0.01279	0.07711	0.11793	0.01151	0.02345	0.00483	0.00366	0.00112	0.00453	0.00356	0.00320	0.00519
33	0.00639	0.01902	0.00537	0.00480	0.00623	0.03552	0.00370	0.05194	0.01856	0.02991	0.14919	0.02935	0.50823	0.00818	0.00437	0.00123	0.01439	0.00676	0.07942	0.01743
34	0.06772	0.02943	0.06135	0.02327	0.01223	0.12994	0.07354	0.34067	0.09854	0.02752	0.03197	0.01025	0.02024	0.00442	0.00373	0.00114	0.00455	0.00348	0.00308	0.05292

[dist]
# distance from previous block
# <min> <max>
1	14

[block]
# block no. 6 follows, 70 sequences, length 21
# corresponding to MSA columns:
# 566-586
name=unknown_G
#
# <colnr> <probs for GDERKNQSTAVLIFYWHMCP>
#	G	D	E	R	K	N	Q	S	T	A	V	L	I	F	Y	W	H	M	C	P
0	0.05063	0.01003	0.01551	0.01231	0.06573	0.01036	0.32228	0.32687	0.08318	0.03372	0.00966	0.01066	0.02180	0.00415	0.00410	0.00124	0.00494	0.00401	0.00297	0.00583
1	0.02955	0.00435	0.00508	0.00528	0.00609	0.01388	0.00381	0.04289	0.00869	0.02684	0.13009	0.37027	0.18760	0.08550	0.00601	0.00164	0.00254	0.06289	0.00356	0.00346
2	0.00589	0.00426	0.00545	0.00553	0.00625	0.00427	0.00397	0.00775	0.09398	0.01144	0.21462	0.28320	0.03759	0.06407	0.09995	0.09844	0.00338	0.02216	0.00331	0.02448
3	0.00967	0.63951	0.24082	0.00782	0.01178	0.01364	0.00869	0.01179	0.00796	0.00997	0.00581	0.00675	0.00496	0.00341	0.00281	0.00094	0.00457	0.00229	0.00165	0.00518
4	0.00481	0.00350	0.00448	0.00520	0.00556	0.00324	0.00352	0.00555	0.00763	0.01006	0.05028	0.68346	0.11244	0.05748	0.00570	0.00166	0.00231	0.02645	0.00355	0.00314
5	0.00625	0.00435	0.00525	0.00514	0.00624	0.00407	0.00384	0.00820	0.06768	0.06902	0.29805	0.17727	0.24660	0.03815	0.00510	0.00142	0.00227	0.04342	0.00388	0.00379
6	0.03810	0.00721	0.00858	0.00676	0.00936	0.00711	0.00553	0.23897	0.01235	0.43242	0.01286	0.01219	0.00869	0.00467	0.00362	0.00113	0.00326	0.00368	0.17756	0.00595
7	0.00556	0.00408	0.00586	0.00586	0.00642	0.00464	0.00438	0.00669	0.00612	0.00873	0.01072	0.01711	0.01051	0.18351	0.69507	0.00577	0.00916	0.00443	0.00213	0.00326
8	0.05797	0.01921	0.03603	0.00722	0.00961	0.00871	0.00602	0.42576	0.02909	0.05024	0.19273	0.01473	0.03055	0.00591	0.02197	0.00127	0.00355	0.00431	0.06973	0.00540
9	0.82481	0.00775	0.00615	0.00539	0.00784	0.00895	0.00444	0.07310	0.00748	0.01793	0.00569	0.00653	0.00438	0.00368	0.00251	0.00120	0.00309	0.00220	0.00251	0.00438
10	0.00554	0.00415	0.00623	0.00623	0.00692	0.00485	0.00485	0.00692	0.00623	0.00900	0.01038	0.01523	0.00969	0.02908	0.84839	0.00623	0.01038	0.00415	0.00208	0.00346
11	0.00960	0.00921	0.01574	0.02380	0.83957	0.00921	0.01190	0.01190	0.00883	0.01267	0.00729	0.00960	0.00614	0.00345	0.00384	0.00115	0.00461	0.00345	0.00192	0.00614
12	0.00559	0.00380	0.00455	0.00458	0.00469	0.00390	0.00278	0.00583	0.00579	0.00783	0.01227	0.05472	0.01385	0.70429	0.14623	0.00406	0.00472	0.00561	0.00235	0.00255
13	0.00540	0.00396	0.00506	0.00478	0.00574	0.00362	0.00359	0.00714	0.01076	0.01504	0.75712	0.02980	0.11730	0.00812	0.00457	0.00123	0.00184	0.00713	0.00420	0.00362
14	0.46661	0.00750	0.00715	0.00586	0.00846	0.00788	0.00475	0.10060	0.02667	0.06838	0.03007	0.00885	0.00650	0.02999	0.00351	0.00115	0.01430	0.00272	0.00276	0.19629
15	0.00556	0.00420	0.00495	0.00492	0.00595	0.00389	0.00362	0.02650	0.04416	0.02415	0.30884	0.22448	0.30580	0.00932	0.00461	0.00134	0.00210	0.00811	0.00387	0.00362
16	0.00581	0.00476	0.00504	0.00492	0.00626	0.00457	0.00369	0.02812	0.14763	0.01205	0.06585	0.12681	0.52563	0.00895	0.00444	0.00132	0.00223	0.00757	0.03050	0.00385
17	0.00625	0.00431	0.00535	0.00514	0.00623	0.00395	0.00381	0.00796	0.04038	0.06512	0.38472	0.18957	0.14718	0.04763	0.00522	0.00140	0.00225	0.02671	0.00387	0.04298
18	0.00878	0.00660	0.00745	0.00677	0.00854	0.00702	0.00518	0.06775	0.38300	0.07636	0.11125	0.19058	0.05120	0.00699	0.00419	0.00131	0.00280	0.00602	0.00388	0.04433
19	0.00518	0.02233	0.00528	0.00537	0.00609	0.00379	0.01806	0.01911	0.00833	0.01087	0.10139	0.53124	0.19915	0.01074	0.00477	0.00146	0.00234	0.03755	0.00360	0.00337
20	0.01686	0.00440	0.00539	0.00528	0.00627	0.00421	0.00382	0.02249	0.04768	0.12184	0.16319	0.31557	0.06436	0.08822	0.00574	0.00155	0.00247	0.00730	0.10949	0.00389

[dist]
# distance from previous block
# <min> <max>
7	14

[block]
# block no. 7 follows, 70 sequences, length 31
# corresponding to MSA columns:
# 606-636
name=unknown_H
#
# <colnr> <probs for GDERKNQSTAVLIFYWHMCP>
#	G	D	E	R	K	N	Q	S	T	A	V	L	I	F	Y	W	H	M	C	P
0	0.02968	0.00476	0.00581	0.04225	0.00734	0.00461	0.00422	0.04780	0.03367	0.08899	0.25955	0.18138	0.20045	0.05487	0.00528	0.00145	0.00253	0.01769	0.00375	0.00393
1	0.21393	0.00756	0.00734	0.01825	0.02766	0.09728	0.00518	0.07927	0.07140	0.01331	0.03775	0.01251	0.00879	0.08711	0.22119	0.01641	0.00549	0.00356	0.02460	0.04142
2	0.00614	0.00389	0.00538	0.03973	0.00652	0.00395	0.00397	0.00623	0.01933	0.02164	0.02955	0.11669	0.13870	0.04286	0.14526	0.38226	0.00420	0.01853	0.00245	0.00273
3	0.14164	0.00597	0.00639	0.00583	0.00747	0.00614	0.00444	0.11913	0.09118	0.07927	0.05717	0.20761	0.16971	0.05713	0.00497	0.00145	0.00282	0.00624	0.00352	0.02193
4	0.06441	0.00470	0.00547	0.00503	0.00630	0.00444	0.00376	0.02918	0.02729	0.06446	0.39593	0.07348	0.16619	0.08734	0.00572	0.00146	0.00236	0.00645	0.00374	0.04229
5	0.04501	0.00511	0.00686	0.00836	0.16617	0.00518	0.00471	0.00769	0.02304	0.01036	0.12402	0.04097	0.01516	0.45442	0.06478	0.00285	0.00399	0.00526	0.00257	0.00350
6	0.05574	0.00450	0.00537	0.00537	0.00632	0.00436	0.00388	0.03766	0.03170	0.07759	0.16131	0.35168	0.11258	0.09760	0.00609	0.00164	0.00255	0.02674	0.00363	0.00372
7	0.03030	0.00426	0.00614	0.00608	0.00687	0.00482	0.00471	0.00729	0.00678	0.02731	0.08181	0.03789	0.01226	0.02560	0.71291	0.00543	0.00909	0.00451	0.00237	0.00356
8	0.00702	0.00527	0.00614	0.00613	0.00716	0.00555	0.00446	0.04835	0.23743	0.02549	0.08857	0.38141	0.02006	0.07791	0.00570	0.00161	0.00270	0.03116	0.03368	0.00420
9	0.02965	0.00414	0.00477	0.00477	0.00526	0.00419	0.00313	0.00681	0.05422	0.00944	0.06289	0.10624	0.11662	0.45858	0.08608	0.02748	0.00379	0.00619	0.00278	0.00296
10	0.02865	0.00469	0.00569	0.00554	0.00675	0.00441	0.00411	0.05051	0.02281	0.15495	0.05554	0.36342	0.18551	0.03690	0.01406	0.00152	0.00265	0.02957	0.01867	0.00404
11	0.01625	0.00789	0.00922	0.00723	0.01005	0.06658	0.00590	0.13276	0.01194	0.62141	0.01364	0.01227	0.00886	0.00471	0.00380	0.00116	0.00362	0.00373	0.05271	0.00628
12	0.00937	0.01020	0.00788	0.00744	0.00858	0.35815	0.02452	0.01055	0.03711	0.00968	0.04759	0.18336	0.01303	0.19370	0.06001	0.00207	0.00518	0.00530	0.00256	0.00373
13	0.32813	0.00774	0.00820	0.00659	0.00927	0.00809	0.00539	0.19480	0.01084	0.33105	0.01030	0.01039	0.00720	0.04082	0.00403	0.00130	0.00343	0.00324	0.00363	0.00556
14	0.00537	0.00376	0.00454	0.00465	0.00503	0.00360	0.00303	0.00605	0.00756	0.01021	0.21581	0.18439	0.07897	0.41769	0.01190	0.00252	0.00288	0.02597	0.00316	0.00291
15	0.00564	0.00376	0.00423	0.00423	0.00423	0.00376	0.00235	0.00564	0.00564	0.00752	0.01222	0.02537	0.01409	0.86375	0.01973	0.00376	0.00376	0.00564	0.00235	0.00235
16	0.00534	0.00495	0.05775	0.00635	0.00717	0.00410	0.03933	0.00683	0.04352	0.01046	0.01964	0.72131	0.02285	0.01092	0.00482	0.00153	0.00271	0.02346	0.00342	0.00354
17	0.00511	0.00369	0.00491	0.00576	0.00622	0.00350	0.00424	0.00609	0.00790	0.01037	0.02227	0.59894	0.07537	0.01163	0.00503	0.00161	0.00257	0.21794	0.00359	0.00327
18	0.00732	0.00689	0.01163	0.85444	0.02670	0.00861	0.01077	0.00991	0.00775	0.00991	0.00689	0.01034	0.00517	0.00388	0.00388	0.00129	0.00517	0.00345	0.00172	0.00431
19	0.01475	0.01037	0.01128	0.00870	0.01175	0.01136	0.00717	0.72021	0.05308	0.09628	0.01012	0.00988	0.00709	0.00469	0.00388	0.00117	0.00413	0.00357	0.00396	0.00657
20	0.00486	0.00357	0.00457	0.00515	0.00566	0.00328	0.00358	0.00578	0.00821	0.01088	0.14773	0.59238	0.14601	0.01113	0.00485	0.00149	0.00218	0.03173	0.00370	0.00326
21	0.00867	0.00827	0.01407	0.36129	0.50930	0.00897	0.01144	0.01109	0.00839	0.01154	0.00713	0.00990	0.00575	0.00363	0.00385	0.00121	0.00483	0.00345	0.00184	0.00540
22	0.00656	0.00470	0.00609	0.00579	0.00638	0.00523	0.00418	0.06520	0.00691	0.02360	0.01091	0.01862	0.01107	0.36600	0.40079	0.00458	0.04307	0.00467	0.00235	0.00332
23	0.00801	0.00789	0.00669	0.00651	0.00762	0.23551	0.00483	0.00930	0.00996	0.02801	0.32741	0.21257	0.06312	0.00798	0.00439	0.00127	0.00347	0.04822	0.00343	0.00381
24	0.00498	0.00367	0.00468	0.00507	0.00569	0.00336	0.00360	0.00610	0.00878	0.01181	0.28214	0.46179	0.14217	0.01045	0.00479	0.00143	0.00211	0.03023	0.00381	0.00334
25	0.00495	0.00354	0.00451	0.00512	0.00540	0.00338	0.00339	0.00555	0.00709	0.00941	0.02007	0.58820	0.07668	0.18142	0.06037	0.00228	0.00304	0.00934	0.00326	0.00302
26	0.06396	0.00792	0.00817	0.00618	0.00928	0.07361	0.00491	0.05583	0.00893	0.03120	0.03369	0.00937	0.02617	0.00347	0.00306	0.00073	0.00324	0.00269	0.00251	0.64508
27	0.08573	0.37946	0.16074	0.02035	0.01161	0.08975	0.02885	0.07023	0.04150	0.01222	0.03793	0.00827	0.00652	0.00381	0.00310	0.00102	0.00451	0.00272	0.00212	0.02956
28	0.05284	0.05467	0.01043	0.00784	0.01058	0.10061	0.05673	0.15721	0.12147	0.12357	0.06173	0.01199	0.01689	0.00451	0.00363	0.00107	0.00390	0.02092	0.00320	0.17620
29	0.08147	0.01103	0.00991	0.00833	0.01067	0.21330	0.00662	0.24492	0.14443	0.11588	0.02622	0.01863	0.02087	0.00486	0.00426	0.00119	0.05749	0.00353	0.00328	0.01311
30	0.08051	0.07599	0.02339	0.00796	0.01046	0.20264	0.01718	0.14459	0.13673	0.15023	0.01991	0.02352	0.03931	0.00495	0.00369	0.00117	0.00432	0.03656	0.00322	0.01367

[dist]
# distance from previous block
# <min> <max>
1	25

[block]
# block no. 8 follows, 70 sequences, length 18
# corresponding to MSA columns:
# 662-679
name=unknown_I
#
# <colnr> <probs for GDERKNQSTAVLIFYWHMCP>
#	G	D	E	R	K	N	Q	S	T	A	V	L	I	F	Y	W	H	M	C	P
0	0.06740	0.00834	0.00873	0.04677	0.01050	0.04694	0.00617	0.13978	0.41760	0.04283	0.07725	0.02362	0.02073	0.00576	0.01654	0.00134	0.00354	0.03253	0.00362	0.02002
1	0.00669	0.08914	0.01985	0.00583	0.00742	0.00549	0.04236	0.00871	0.04427	0.04210	0.38646	0.04250	0.17633	0.03177	0.00474	0.00130	0.00265	0.04905	0.00359	0.02978
2	0.10233	0.01023	0.01036	0.01010	0.11687	0.15455	0.00717	0.18207	0.13355	0.11326	0.00994	0.01123	0.00771	0.00468	0.00410	0.00119	0.04378	0.03735	0.00310	0.03644
3	0.02559	0.04888	0.04380	0.27304	0.15217	0.05800	0.02755	0.11333	0.03992	0.02391	0.03989	0.01020	0.00704	0.00419	0.00427	0.00118	0.05666	0.00341	0.00231	0.06464
4	0.10464	0.05971	0.01105	0.01961	0.09414	0.04481	0.03534	0.21716	0.05256	0.19667	0.04770	0.01070	0.00831	0.00437	0.00373	0.00113	0.01466	0.00346	0.00331	0.06696
5	0.06222	0.01017	0.03124	0.01367	0.10813	0.06073	0.39504	0.08724	0.10557	0.01417	0.03664	0.01200	0.00809	0.00413	0.00417	0.00126	0.00525	0.03240	0.00252	0.00535
6	0.00780	0.00666	0.01092	0.60328	0.10021	0.00778	0.00954	0.01019	0.00851	0.05518	0.13151	0.01320	0.01019	0.00449	0.00398	0.00126	0.00452	0.00400	0.00228	0.00451
7	0.01128	0.01102	0.01328	0.17053	0.33457	0.19562	0.03207	0.12957	0.01055	0.04374	0.00753	0.00927	0.00589	0.00387	0.00380	0.00115	0.00519	0.00329	0.00229	0.00549
8	0.00847	0.00803	0.01264	0.42264	0.13872	0.05283	0.10992	0.04061	0.00872	0.03001	0.00967	0.02599	0.05078	0.00554	0.04315	0.00149	0.00527	0.01870	0.00212	0.00470
9	0.00792	0.00677	0.01048	0.65131	0.02210	0.00817	0.00928	0.08315	0.00883	0.01192	0.03144	0.01127	0.00677	0.00414	0.00375	0.00123	0.00459	0.00357	0.10889	0.00441
10	0.00802	0.00792	0.00685	0.00648	0.00796	0.17603	0.00486	0.01161	0.21601	0.01249	0.15746	0.12367	0.23041	0.00746	0.00424	0.00126	0.00327	0.00623	0.00347	0.00429
11	0.00789	0.00752	0.01398	0.01111	0.02349	0.00761	0.36674	0.03035	0.07494	0.01152	0.01033	0.06396	0.00925	0.01119	0.20077	0.07072	0.02967	0.04216	0.00234	0.00444
12	0.05819	0.00397	0.00433	0.00432	0.00448	0.00403	0.00251	0.00597	0.00576	0.00819	0.01216	0.05598	0.01395	0.78033	0.01814	0.00352	0.00366	0.00563	0.00240	0.00249
13	0.00472	0.00337	0.00450	0.00540	0.00562	0.00315	0.00360	0.00540	0.00742	0.00990	0.02137	0.86122	0.02564	0.01215	0.00495	0.00157	0.00225	0.01102	0.00360	0.00315
14	0.00617	0.00387	0.00451	0.00448	0.00466	0.00380	0.00265	0.00632	0.00610	0.05197	0.01325	0.10421	0.01495	0.73725	0.01749	0.00342	0.00359	0.00606	0.00260	0.00265
15	0.07310	0.00471	0.00547	0.00528	0.00629	0.00467	0.00381	0.04602	0.04350	0.06747	0.22528	0.23914	0.08467	0.15258	0.00693	0.00174	0.00262	0.00701	0.01596	0.00375
16	0.00545	0.00489	0.04834	0.00580	0.00691	0.00455	0.00476	0.00697	0.00758	0.01046	0.14068	0.02149	0.18432	0.02062	0.50423	0.00421	0.00712	0.00535	0.00270	0.00357
17	0.14652	0.00792	0.00903	0.00708	0.00990	0.00805	0.00583	0.27657	0.01254	0.40720	0.01174	0.01099	0.00785	0.00456	0.00360	0.00117	0.00348	0.00348	0.05643	0.00606

[dist]
# distance from previous block
# <min> <max>
0	1

[block]
# block no. 9 follows, 70 sequences, length 11
# corresponding to MSA columns:
# 681-691
name=unknown_J
#
# <colnr> <probs for GDERKNQSTAVLIFYWHMCP>
#	G	D	E	R	K	N	Q	S	T	A	V	L	I	F	Y	W	H	M	C	P
0	0.04520	0.00450	0.00543	0.00507	0.00636	0.00410	0.00382	0.00850	0.00937	0.12172	0.30738	0.12486	0.18498	0.06083	0.00528	0.00142	0.00237	0.03315	0.02514	0.04052
1	0.00689	0.00445	0.00549	0.00524	0.00615	0.00431	0.00381	0.06190	0.02466	0.05639	0.25631	0.13157	0.11832	0.10417	0.00777	0.13562	0.00265	0.02734	0.03343	0.00350
2	0.00915	0.01046	0.02288	0.01634	0.02026	0.00980	0.82549	0.01242	0.00915	0.01242	0.00784	0.01046	0.00588	0.00327	0.00458	0.00131	0.00654	0.00458	0.00196	0.00523
3	0.12260	0.00546	0.00566	0.00538	0.00650	0.02003	0.00390	0.11155	0.02377	0.01285	0.07189	0.19717	0.13772	0.21685	0.00792	0.00192	0.00301	0.01918	0.02299	0.00368
4	0.06462	0.00426	0.00514	0.00510	0.00606	0.00401	0.00371	0.00749	0.00876	0.06411	0.27856	0.26425	0.11387	0.09440	0.00599	0.00158	0.00241	0.03557	0.00365	0.02645
5	0.04396	0.00448	0.00518	0.00515	0.00582	0.00456	0.00355	0.06227	0.02415	0.01036	0.01716	0.19297	0.12892	0.32270	0.09135	0.04306	0.00381	0.02449	0.00288	0.00319
6	0.03985	0.00446	0.00588	0.00655	0.00750	0.00443	0.00559	0.00779	0.00881	0.01179	0.06464	0.06010	0.09008	0.03358	0.00552	0.00174	0.00330	0.63134	0.00353	0.00353
7	0.08466	0.00405	0.00524	0.00522	0.00579	0.00404	0.00370	0.00659	0.00634	0.03767	0.02742	0.13789	0.03989	0.03616	0.03341	0.47555	0.00326	0.04054	0.01775	0.02485
8	0.00649	0.00409	0.00516	0.00516	0.00596	0.00387	0.00367	0.00746	0.02349	0.09156	0.12862	0.25182	0.15568	0.15194	0.06879	0.05334	0.00319	0.02288	0.00338	0.00344
9	0.00511	0.00369	0.00491	0.00574	0.00622	0.00350	0.00423	0.00609	0.00791	0.01037	0.02239	0.59393	0.08107	0.01162	0.00503	0.00161	0.00257	0.21716	0.00359	0.00327
10	0.10882	0.00795	0.00842	0.00698	0.00927	0.00862	0.00561	0.34875	0.13997	0.04405	0.15771	0.01613	0.09304	0.00570	0.00389	0.00121	0.00321	0.00456	0.02073	0.00536

[dist]
# distance from previous block
# <min> <max>
0	246

# created by:
# /home/cegg/simao/soft/augustus-3.2.1/scripts/msa2prfl.pl ./align_prep/EOG092C4SQZ.fa
