[name]
unknown

[dist]
# distance from previous block
# <min> <max>
0	87

[block]
# block no. 0 follows, 56 sequences, length 24
# corresponding to MSA columns:
# 181-192,196-207
name=unknown_A
#
# <colnr> <probs for GDERKNQSTAVLIFYWHMCP>
#	G	D	E	R	K	N	Q	S	T	A	V	L	I	F	Y	W	H	M	C	P
0	0.13280	0.01028	0.05820	0.09967	0.18416	0.00996	0.03176	0.12930	0.05471	0.07828	0.01186	0.03215	0.02329	0.00546	0.00441	0.00143	0.00477	0.05271	0.00328	0.07150
1	0.01070	0.05114	0.04391	0.28331	0.08318	0.04926	0.02586	0.07307	0.11458	0.03471	0.01171	0.06845	0.02209	0.00545	0.00447	0.00139	0.00510	0.00466	0.00297	0.10401
2	0.13261	0.00826	0.00847	0.00747	0.00981	0.04805	0.00588	0.04071	0.21958	0.15209	0.16474	0.02178	0.11084	0.00706	0.00459	0.00146	0.00348	0.01778	0.02945	0.00588
3	0.00559	0.00400	0.00533	0.00639	0.00666	0.00373	0.00426	0.00639	0.00879	0.01172	0.02530	0.83566	0.03036	0.01438	0.00586	0.00186	0.00266	0.01305	0.00426	0.00373
4	0.00706	0.00451	0.00585	0.00627	0.00709	0.00411	0.00441	0.00819	0.00998	0.08537	0.13929	0.55744	0.11789	0.01257	0.00563	0.00173	0.00267	0.01123	0.00450	0.00420
5	0.00567	0.00426	0.00526	0.00586	0.00657	0.00385	0.00407	0.00675	0.00980	0.01281	0.13794	0.52229	0.23219	0.01299	0.00569	0.00173	0.00251	0.01154	0.00437	0.00385
6	0.16827	0.00689	0.00764	0.00677	0.00897	0.00681	0.00526	0.07266	0.03080	0.23373	0.02163	0.18140	0.15410	0.03962	0.00534	0.00163	0.00336	0.00683	0.03281	0.00548
7	0.01191	0.04191	0.01267	0.00972	0.01221	0.04616	0.00799	0.17917	0.05218	0.01654	0.00849	0.01027	0.00706	0.00560	0.00759	0.00135	0.27726	0.00358	0.00294	0.28540
8	0.00932	0.00828	0.00981	0.00762	0.01090	0.03704	0.03005	0.01120	0.00954	0.01421	0.01073	0.10968	0.01031	0.00533	0.00440	0.00098	0.03917	0.03431	0.00291	0.63421
9	0.05632	0.01158	0.05080	0.00986	0.01336	0.04576	0.03235	0.32375	0.13487	0.23151	0.03370	0.01344	0.01025	0.00557	0.00454	0.00142	0.00470	0.00440	0.00453	0.00730
10	0.00859	0.00587	0.00697	0.00654	0.00805	0.00573	0.00492	0.04176	0.11433	0.09007	0.27306	0.13883	0.17866	0.06597	0.00652	0.00175	0.00294	0.02995	0.00461	0.00490
11	0.01556	0.00816	0.01004	0.00820	0.01108	0.00805	0.00659	0.09698	0.18631	0.40862	0.16955	0.01909	0.01774	0.00650	0.00478	0.00145	0.00363	0.00540	0.00523	0.00702
12	0.01417	0.01169	0.06712	0.04429	0.04627	0.03395	0.10192	0.18896	0.26312	0.15829	0.01397	0.01381	0.01001	0.00538	0.00469	0.00147	0.00499	0.00462	0.00411	0.00718
13	0.01078	0.25950	0.02930	0.06370	0.06886	0.03897	0.03956	0.04333	0.05509	0.01296	0.02916	0.06589	0.00989	0.00707	0.02848	0.00164	0.20021	0.02740	0.00259	0.00562
14	0.19139	0.01210	0.19321	0.00870	0.01313	0.00842	0.03975	0.02667	0.00962	0.05250	0.00835	0.00954	0.00642	0.00396	0.00366	0.00109	0.00443	0.00304	0.00272	0.40129
15	0.05033	0.08252	0.40245	0.03023	0.07194	0.01138	0.04451	0.07670	0.02927	0.09666	0.00942	0.01059	0.00686	0.00477	0.00490	0.00144	0.05298	0.00368	0.00268	0.00670
16	0.00990	0.03075	0.01104	0.06763	0.14348	0.00775	0.03051	0.07746	0.02152	0.09208	0.03344	0.21935	0.02856	0.01373	0.17658	0.00278	0.00594	0.01857	0.00347	0.00544
17	0.00746	0.00691	0.04499	0.00924	0.01104	0.00592	0.17087	0.00949	0.01052	0.03420	0.22651	0.37283	0.05079	0.01013	0.00554	0.00165	0.00380	0.00948	0.00400	0.00464
18	0.01318	0.03829	0.20407	0.06468	0.06691	0.06884	0.04448	0.15482	0.09131	0.12467	0.04054	0.01260	0.00931	0.00519	0.00480	0.00142	0.02808	0.00417	0.00339	0.01922
19	0.02653	0.03817	0.05254	0.03143	0.10269	0.10051	0.05964	0.07161	0.05054	0.21554	0.04358	0.11337	0.06040	0.00664	0.00474	0.00145	0.00482	0.00568	0.00386	0.00627
20	0.00867	0.00580	0.00730	0.00685	0.02760	0.00539	0.01832	0.04293	0.03735	0.11268	0.33133	0.07805	0.24854	0.04120	0.00596	0.00161	0.00288	0.00803	0.00463	0.00487
21	0.00946	0.00896	0.07513	0.01337	0.22300	0.00800	0.02557	0.06739	0.06888	0.03642	0.04737	0.15756	0.07159	0.10497	0.03084	0.00205	0.00462	0.03580	0.00340	0.00558
22	0.06618	0.05417	0.18403	0.01132	0.05906	0.10461	0.03850	0.13990	0.03350	0.20689	0.01230	0.03228	0.02628	0.00530	0.00439	0.00139	0.00539	0.00419	0.00357	0.00675
23	0.05192	0.05713	0.06657	0.01163	0.08097	0.04046	0.11816	0.08557	0.07578	0.06642	0.02725	0.18966	0.03691	0.00837	0.03675	0.00176	0.01834	0.01709	0.00345	0.00581

[dist]
# distance from previous block
# <min> <max>
1	11

[block]
# block no. 1 follows, 56 sequences, length 14
# corresponding to MSA columns:
# 222-235
name=unknown_B
#
# <colnr> <probs for GDERKNQSTAVLIFYWHMCP>
#	G	D	E	R	K	N	Q	S	T	A	V	L	I	F	Y	W	H	M	C	P
0	0.05793	0.03272	0.07563	0.09080	0.08424	0.07625	0.07563	0.12892	0.06837	0.14454	0.03209	0.01391	0.02680	0.03560	0.01534	0.00161	0.02537	0.00443	0.00344	0.00638
1	0.06686	0.03404	0.03224	0.04835	0.08957	0.04621	0.05904	0.10213	0.05991	0.06808	0.08125	0.05579	0.13094	0.03811	0.00592	0.00161	0.04119	0.02952	0.00359	0.00565
2	0.03076	0.04719	0.02735	0.03625	0.00975	0.00722	0.00583	0.02466	0.18257	0.07544	0.22641	0.12024	0.16008	0.00861	0.00497	0.00151	0.00316	0.00734	0.01536	0.00530
3	0.01254	0.40246	0.18613	0.00971	0.01376	0.09980	0.00982	0.06589	0.04910	0.04642	0.03202	0.00989	0.00774	0.00469	0.00410	0.00122	0.03269	0.00326	0.00255	0.00621
4	0.00913	0.00924	0.01760	0.06445	0.05922	0.00922	0.37691	0.01213	0.03554	0.01379	0.03631	0.18811	0.04253	0.00731	0.00606	0.00166	0.05938	0.04300	0.00300	0.00540
5	0.00920	0.00928	0.01743	0.01345	0.01575	0.00975	0.37785	0.01145	0.00890	0.01239	0.01073	0.05721	0.01017	0.15236	0.10623	0.00284	0.16183	0.00570	0.00246	0.00502
6	0.00630	0.00461	0.00606	0.00691	0.00770	0.00437	0.00536	0.00771	0.00987	0.01284	0.05613	0.38998	0.14171	0.01315	0.00597	0.00190	0.00320	0.30799	0.00428	0.00396
7	0.00561	0.00438	0.00510	0.00551	0.00647	0.00386	0.00391	0.00673	0.01004	0.01278	0.12147	0.37692	0.39578	0.01254	0.00561	0.00167	0.00245	0.01095	0.00435	0.00386
8	0.01334	0.52986	0.07200	0.00926	0.01296	0.18868	0.00868	0.05568	0.04907	0.01248	0.00749	0.00837	0.00638	0.00432	0.00346	0.00110	0.00570	0.00284	0.00231	0.00599
9	0.00984	0.00961	0.01505	0.56883	0.24162	0.05228	0.01291	0.01271	0.00972	0.01259	0.00823	0.01180	0.00642	0.00446	0.00455	0.00147	0.00605	0.00402	0.00212	0.00570
10	0.00578	0.00438	0.00533	0.00569	0.00657	0.00393	0.00404	0.00704	0.01040	0.01367	0.23508	0.38215	0.27484	0.01223	0.00561	0.00166	0.00243	0.01078	0.00447	0.00393
11	0.07041	0.01081	0.01139	0.00944	0.01221	0.14891	0.06451	0.08487	0.13173	0.23089	0.14496	0.03189	0.01541	0.00614	0.00464	0.00142	0.00467	0.00506	0.00430	0.00634
12	0.01293	0.30341	0.04372	0.02666	0.05863	0.10185	0.02714	0.03481	0.06230	0.13409	0.02144	0.10775	0.01102	0.00599	0.00432	0.00132	0.01733	0.01606	0.00318	0.00605
13	0.56099	0.05712	0.04967	0.00917	0.04711	0.06303	0.07752	0.03369	0.00910	0.01830	0.00761	0.03499	0.00630	0.00459	0.00345	0.00140	0.00456	0.00328	0.00274	0.00538

[dist]
# distance from previous block
# <min> <max>
0	1

[block]
# block no. 2 follows, 56 sequences, length 20
# corresponding to MSA columns:
# 237-241,250-264
name=unknown_C
#
# <colnr> <probs for GDERKNQSTAVLIFYWHMCP>
#	G	D	E	R	K	N	Q	S	T	A	V	L	I	F	Y	W	H	M	C	P
0	0.00819	0.00598	0.00721	0.00664	0.00818	0.00599	0.00507	0.03924	0.14684	0.05129	0.47943	0.05156	0.10790	0.01010	0.04414	0.00176	0.00310	0.00757	0.00478	0.00503
1	0.06303	0.01284	0.10278	0.02815	0.09993	0.08280	0.06494	0.17407	0.17295	0.08059	0.03417	0.01353	0.02762	0.00533	0.00452	0.00142	0.00516	0.00441	0.00362	0.01814
2	0.00590	0.00434	0.00563	0.00633	0.00695	0.00393	0.00432	0.00687	0.00910	0.01229	0.06253	0.71196	0.05667	0.01328	0.00565	0.00175	0.00268	0.01199	0.00419	0.06364
3	0.01040	0.05722	0.11690	0.00924	0.04267	0.00859	0.02895	0.07571	0.07356	0.03437	0.03144	0.04260	0.03955	0.00490	0.00404	0.00109	0.00419	0.00405	0.00309	0.40743
4	0.01316	0.12472	0.03239	0.04842	0.02621	0.09694	0.06398	0.05188	0.05377	0.17117	0.01278	0.02872	0.04822	0.00506	0.00417	0.00120	0.00481	0.00412	0.00337	0.20491
5	0.04976	0.12279	0.05281	0.01003	0.01339	0.22774	0.00849	0.28229	0.01499	0.13604	0.01049	0.03270	0.00798	0.00526	0.00422	0.00130	0.00568	0.00381	0.00361	0.00663
6	0.01210	0.01052	0.03075	0.05498	0.13110	0.02468	0.04591	0.11506	0.32187	0.05962	0.01336	0.01413	0.01023	0.00748	0.05727	0.00190	0.07402	0.00463	0.00366	0.00677
7	0.00657	0.00486	0.00710	0.00710	0.00783	0.00559	0.00540	0.00802	0.00730	0.01045	0.01255	0.01943	0.01208	0.12776	0.72796	0.00704	0.01139	0.00512	0.00250	0.00395
8	0.01369	0.50628	0.05951	0.00935	0.03920	0.06769	0.00847	0.10454	0.01141	0.09109	0.00834	0.00899	0.00673	0.00434	0.00352	0.00111	0.00509	0.00300	0.00269	0.04497
9	0.01011	0.00904	0.08182	0.00953	0.05073	0.00809	0.03352	0.16504	0.06471	0.05554	0.15902	0.19847	0.06932	0.02623	0.00576	0.00162	0.02434	0.01737	0.00410	0.00562
10	0.00696	0.00488	0.00577	0.00543	0.00689	0.00429	0.00411	0.00865	0.01186	0.06942	0.40836	0.03753	0.38871	0.01015	0.00537	0.00149	0.00236	0.00868	0.00474	0.00436
11	0.00800	0.00680	0.00924	0.06141	0.01063	0.02573	0.03163	0.00940	0.00895	0.03862	0.05725	0.18022	0.14561	0.03609	0.13704	0.00271	0.19733	0.02562	0.00325	0.00447
12	0.00685	0.00483	0.00659	0.00660	0.00761	0.00490	0.00503	0.00848	0.00976	0.04340	0.22713	0.14232	0.11076	0.02041	0.33249	0.00393	0.00648	0.04442	0.00380	0.00423
13	0.00767	0.00490	0.00620	0.00648	0.00750	0.00455	0.00470	0.00927	0.03958	0.10077	0.09407	0.44396	0.14817	0.03841	0.00617	0.00182	0.00291	0.06402	0.00445	0.00439
14	0.01165	0.01046	0.00967	0.00888	0.01099	0.14939	0.00675	0.06687	0.35762	0.05489	0.05391	0.17712	0.04651	0.00784	0.00487	0.00153	0.00424	0.00656	0.00424	0.00604
15	0.05309	0.23989	0.01412	0.00825	0.03672	0.01069	0.00680	0.03477	0.04932	0.04434	0.00848	0.00955	0.00700	0.00410	0.00395	0.00097	0.04107	0.00297	0.00273	0.42121
16	0.03295	0.04570	0.21295	0.01025	0.03077	0.13257	0.00965	0.09323	0.03559	0.15432	0.04773	0.01278	0.02175	0.00638	0.04090	0.00157	0.00568	0.00394	0.00331	0.09797
17	0.06375	0.18526	0.11587	0.01230	0.14464	0.02926	0.02738	0.07859	0.04842	0.14209	0.02989	0.01137	0.00849	0.00465	0.00404	0.00126	0.00489	0.00370	0.00315	0.08100
18	0.24633	0.11635	0.12488	0.04584	0.01352	0.03774	0.04499	0.07934	0.01064	0.10714	0.02255	0.03851	0.00858	0.00527	0.00423	0.00140	0.02527	0.02960	0.00310	0.03474
19	0.02017	0.10098	0.13637	0.00936	0.01254	0.03021	0.02815	0.11341	0.12559	0.07694	0.07624	0.02602	0.01209	0.00939	0.09872	0.03464	0.02598	0.01283	0.00340	0.04700

[dist]
# distance from previous block
# <min> <max>
2	16

[block]
# block no. 3 follows, 56 sequences, length 13
# corresponding to MSA columns:
# 281-285,287-294
name=unknown_D
#
# <colnr> <probs for GDERKNQSTAVLIFYWHMCP>
#	G	D	E	R	K	N	Q	S	T	A	V	L	I	F	Y	W	H	M	C	P
0	0.02846	0.14257	0.02573	0.03816	0.12140	0.03058	0.06117	0.18424	0.09948	0.06501	0.01071	0.01220	0.00841	0.00582	0.02988	0.00149	0.01960	0.01783	0.00328	0.09398
1	0.00758	0.00507	0.00631	0.00639	0.00745	0.00483	0.00461	0.00978	0.07382	0.07896	0.21443	0.35813	0.11568	0.06149	0.00658	0.00183	0.00282	0.02528	0.00451	0.00446
2	0.00647	0.00479	0.00577	0.00611	0.00699	0.00454	0.00444	0.03704	0.00980	0.01264	0.06186	0.30163	0.25701	0.11143	0.03255	0.02460	0.00335	0.10110	0.00402	0.00387
3	0.09789	0.01187	0.06134	0.01167	0.06133	0.05478	0.10681	0.19988	0.09139	0.13118	0.01117	0.01171	0.00814	0.00493	0.00463	0.00136	0.02570	0.00405	0.00362	0.09657
4	0.01008	0.00821	0.01308	0.05768	0.09213	0.00810	0.16161	0.06052	0.04226	0.08629	0.12310	0.10565	0.11048	0.00780	0.01743	0.00161	0.02737	0.02593	0.00368	0.03698
5	0.00660	0.00453	0.00557	0.00589	0.00686	0.00405	0.00419	0.00777	0.01018	0.06223	0.14631	0.42983	0.26447	0.01229	0.00559	0.00168	0.00257	0.01082	0.00447	0.00411
6	0.04867	0.00665	0.01936	0.02338	0.00920	0.01772	0.02883	0.02537	0.04605	0.11355	0.20079	0.09116	0.04140	0.17755	0.07194	0.00254	0.02782	0.00656	0.00386	0.03760
7	0.10239	0.13764	0.07490	0.04138	0.08172	0.03633	0.05883	0.09750	0.04694	0.11946	0.01126	0.01202	0.03794	0.00490	0.00436	0.00130	0.02623	0.00386	0.00317	0.09788
8	0.08811	0.00983	0.01112	0.00893	0.01209	0.01029	0.00727	0.33347	0.08880	0.27842	0.01468	0.04438	0.01096	0.02862	0.00507	0.00154	0.00430	0.03027	0.00473	0.00712
9	0.00597	0.00427	0.00575	0.00672	0.00718	0.00404	0.00483	0.00709	0.00937	0.01249	0.07327	0.64586	0.03045	0.01377	0.00592	0.00188	0.00291	0.15005	0.00430	0.00386
10	0.01121	0.01034	0.02978	0.11370	0.38592	0.03704	0.03713	0.03604	0.08441	0.05663	0.03349	0.03970	0.04218	0.00550	0.00533	0.00147	0.05592	0.00483	0.00291	0.00649
11	0.02316	0.09182	0.03322	0.02984	0.04221	0.02926	0.00688	0.04393	0.05198	0.11069	0.04952	0.01268	0.02635	0.00518	0.02049	0.00116	0.00415	0.00368	0.00325	0.41055
12	0.39306	0.06638	0.09396	0.04445	0.05550	0.12221	0.00792	0.04734	0.00984	0.03749	0.00896	0.07771	0.00783	0.00526	0.00373	0.00140	0.00484	0.00381	0.00283	0.00549

[dist]
# distance from previous block
# <min> <max>
0	1

[block]
# block no. 4 follows, 56 sequences, length 8
# corresponding to MSA columns:
# 296-303
name=unknown_E
#
# <colnr> <probs for GDERKNQSTAVLIFYWHMCP>
#	G	D	E	R	K	N	Q	S	T	A	V	L	I	F	Y	W	H	M	C	P
0	0.65049	0.00905	0.00804	0.00680	0.00984	0.01004	0.00561	0.08391	0.00994	0.15675	0.00880	0.00917	0.00631	0.00461	0.00330	0.00142	0.00374	0.00300	0.00348	0.00571
1	0.01116	0.01005	0.04053	0.18760	0.19117	0.02332	0.05572	0.12699	0.10627	0.04473	0.08132	0.03339	0.02696	0.00659	0.03268	0.00166	0.00532	0.00498	0.00329	0.00629
2	0.00636	0.00446	0.00564	0.00621	0.00664	0.00432	0.00420	0.00744	0.04412	0.01158	0.05068	0.47531	0.06746	0.16316	0.01003	0.07854	0.00318	0.04322	0.00384	0.00361
3	0.00978	0.00958	0.05814	0.16234	0.12518	0.00982	0.08819	0.07381	0.07990	0.01445	0.01213	0.01551	0.04393	0.05661	0.12186	0.00252	0.07790	0.00479	0.02793	0.00565
4	0.28759	0.00839	0.00876	0.02850	0.01038	0.00913	0.00607	0.21463	0.01254	0.07776	0.11776	0.10646	0.01482	0.03653	0.03990	0.00182	0.00415	0.00531	0.00391	0.00558
5	0.00988	0.09837	0.16458	0.03871	0.01624	0.00996	0.23642	0.04500	0.04595	0.04214	0.01401	0.18888	0.03247	0.00752	0.02744	0.00169	0.00569	0.00633	0.00299	0.00576
6	0.05621	0.22403	0.03275	0.02913	0.01221	0.07530	0.00768	0.22741	0.02928	0.05334	0.07158	0.09790	0.01229	0.00678	0.01951	0.00146	0.02883	0.00481	0.00347	0.00604
7	0.22045	0.14923	0.10755	0.00970	0.08174	0.02482	0.00799	0.01410	0.06702	0.06308	0.04310	0.08292	0.01046	0.00544	0.00388	0.00131	0.00429	0.00425	0.00303	0.09563

[dist]
# distance from previous block
# <min> <max>
0	23

[block]
# block no. 5 follows, 56 sequences, length 11
# corresponding to MSA columns:
# 332-342
name=unknown_F
#
# <colnr> <probs for GDERKNQSTAVLIFYWHMCP>
#	G	D	E	R	K	N	Q	S	T	A	V	L	I	F	Y	W	H	M	C	P
0	0.02323	0.02595	0.06097	0.08814	0.19352	0.10382	0.03666	0.05768	0.06721	0.09335	0.04118	0.04177	0.01005	0.00639	0.03637	0.00160	0.02764	0.00444	0.00309	0.07693
1	0.09029	0.00768	0.00910	0.10948	0.05144	0.03982	0.00709	0.07618	0.09285	0.04526	0.06759	0.24625	0.04609	0.00887	0.00502	0.00163	0.00398	0.08232	0.00385	0.00520
2	0.01095	0.28591	0.37565	0.01205	0.06269	0.02809	0.04806	0.01503	0.05664	0.03201	0.00853	0.00970	0.00662	0.00431	0.00396	0.00128	0.00584	0.00333	0.00226	0.02709
3	0.03936	0.00674	0.00913	0.00846	0.05641	0.00611	0.00612	0.01607	0.01160	0.45062	0.11272	0.16486	0.01852	0.06413	0.00615	0.00171	0.00359	0.00661	0.00487	0.00621
4	0.00690	0.00558	0.00681	0.00763	0.05444	0.00547	0.00516	0.00994	0.13225	0.01385	0.09239	0.35133	0.24964	0.01129	0.00545	0.00167	0.00288	0.02848	0.00427	0.00459
5	0.00629	0.00462	0.00588	0.00656	0.00730	0.00437	0.00480	0.03178	0.01001	0.01314	0.08096	0.51343	0.14399	0.01309	0.00580	0.00181	0.00291	0.13495	0.00432	0.00400
6	0.01766	0.01174	0.01185	0.00957	0.01273	0.17284	0.02654	0.18001	0.06370	0.37392	0.04206	0.01390	0.01073	0.00557	0.00453	0.00137	0.00500	0.00436	0.02489	0.00703
7	0.82452	0.00968	0.05040	0.00642	0.00947	0.01032	0.00562	0.01355	0.00791	0.02027	0.00649	0.00758	0.00502	0.00427	0.00292	0.00142	0.00373	0.00253	0.00279	0.00507
8	0.00625	0.00421	0.00521	0.00571	0.00583	0.00409	0.00354	0.00650	0.00761	0.01015	0.01910	0.40231	0.02251	0.40814	0.01494	0.05422	0.00360	0.00947	0.00342	0.00317
9	0.00889	0.02581	0.15321	0.00946	0.06873	0.02231	0.00799	0.05637	0.05786	0.04628	0.21729	0.09834	0.15112	0.00835	0.00506	0.00152	0.00390	0.04820	0.00391	0.00540
10	0.04912	0.03801	0.04547	0.00711	0.02090	0.01651	0.03530	0.02870	0.02153	0.06198	0.17260	0.04224	0.29755	0.09589	0.00705	0.00177	0.01762	0.00714	0.00388	0.02963

[dist]
# distance from previous block
# <min> <max>
2	20

[block]
# block no. 6 follows, 56 sequences, length 8
# corresponding to MSA columns:
# 363-370
name=unknown_G
#
# <colnr> <probs for GDERKNQSTAVLIFYWHMCP>
#	G	D	E	R	K	N	Q	S	T	A	V	L	I	F	Y	W	H	M	C	P
0	0.15286	0.00917	0.07671	0.05366	0.04758	0.02345	0.02034	0.05493	0.01002	0.03914	0.08397	0.05291	0.12303	0.03082	0.03871	0.00185	0.12493	0.00541	0.04538	0.00512
1	0.00930	0.00522	0.00690	0.00667	0.00747	0.00520	0.00479	0.04593	0.02742	0.10164	0.01454	0.12065	0.01472	0.16847	0.04059	0.32969	0.00424	0.07961	0.00325	0.00369
2	0.00880	0.02394	0.11439	0.07989	0.03511	0.00788	0.09847	0.06575	0.04903	0.03107	0.18032	0.09609	0.15155	0.00788	0.00510	0.00153	0.00431	0.02985	0.00369	0.00535
3	0.01105	0.01059	0.01807	0.12030	0.72032	0.01083	0.01394	0.01382	0.01031	0.01462	0.00858	0.01146	0.00714	0.00415	0.00455	0.00138	0.00553	0.00409	0.00225	0.00702
4	0.00977	0.00926	0.04337	0.03172	0.15567	0.00747	0.02707	0.01242	0.03016	0.01503	0.02945	0.01185	0.00843	0.00406	0.00388	0.00095	0.00407	0.02218	0.00273	0.57048
5	0.03654	0.17004	0.18545	0.01133	0.07335	0.05435	0.04525	0.07519	0.04222	0.18582	0.01212	0.01240	0.03988	0.00496	0.00420	0.00132	0.00522	0.00393	0.00326	0.03318
6	0.02423	0.04452	0.09475	0.04248	0.03501	0.04983	0.06406	0.12334	0.03246	0.05213	0.05457	0.01541	0.03694	0.06188	0.11920	0.00241	0.06481	0.00460	0.00307	0.07429
7	0.06045	0.01192	0.16920	0.01032	0.04624	0.00973	0.03233	0.17367	0.12912	0.07775	0.11049	0.01733	0.05230	0.00721	0.03625	0.00168	0.00486	0.01998	0.00381	0.02536

[dist]
# distance from previous block
# <min> <max>
2	47

[block]
# block no. 7 follows, 56 sequences, length 7
# corresponding to MSA columns:
# 436-442
name=unknown_H
#
# <colnr> <probs for GDERKNQSTAVLIFYWHMCP>
#	G	D	E	R	K	N	Q	S	T	A	V	L	I	F	Y	W	H	M	C	P
0	0.07006	0.00827	0.01058	0.03513	0.12726	0.02657	0.03180	0.09131	0.04680	0.05699	0.23126	0.04157	0.05110	0.02286	0.00502	0.00142	0.00388	0.01839	0.00381	0.11591
1	0.11420	0.00954	0.01150	0.01180	0.17469	0.02784	0.00773	0.12237	0.05022	0.06469	0.05067	0.01207	0.00944	0.00461	0.00398	0.00115	0.00412	0.00374	0.03039	0.28523
2	0.00695	0.00452	0.00591	0.00639	0.00713	0.00418	0.00454	0.00810	0.00986	0.06931	0.14461	0.51795	0.07627	0.05160	0.00654	0.00189	0.00285	0.06288	0.00441	0.00411
3	0.06255	0.00858	0.01169	0.12457	0.17245	0.00804	0.00828	0.03828	0.01020	0.08264	0.01029	0.06897	0.00877	0.00479	0.00407	0.00115	0.00424	0.00410	0.00296	0.36337
4	0.00784	0.00584	0.00696	0.03434	0.00849	0.00600	0.00499	0.10686	0.06841	0.01419	0.05220	0.40199	0.07948	0.17004	0.00888	0.00223	0.00345	0.00941	0.00401	0.00440
5	0.15097	0.04732	0.00981	0.12949	0.05970	0.06548	0.00670	0.05733	0.00938	0.01387	0.01131	0.09945	0.01137	0.22283	0.00911	0.00216	0.00466	0.00514	0.00284	0.08108
6	0.03308	0.01005	0.01513	0.25029	0.34130	0.05805	0.04813	0.01396	0.05063	0.04925	0.01032	0.05208	0.00875	0.03328	0.00524	0.00155	0.00554	0.00464	0.00262	0.00613

[dist]
# distance from previous block
# <min> <max>
16	79

[block]
# block no. 8 follows, 56 sequences, length 13
# corresponding to MSA columns:
# 536-548
name=unknown_I
#
# <colnr> <probs for GDERKNQSTAVLIFYWHMCP>
#	G	D	E	R	K	N	Q	S	T	A	V	L	I	F	Y	W	H	M	C	P
0	0.03458	0.30493	0.28555	0.01013	0.01486	0.01276	0.04259	0.01561	0.08729	0.07647	0.00937	0.01011	0.00717	0.00440	0.00385	0.00124	0.00531	0.00335	0.00260	0.06783
1	0.00949	0.03369	0.03383	0.00944	0.05268	0.00837	0.02792	0.15951	0.05340	0.01595	0.03249	0.32611	0.07147	0.01002	0.02664	0.00175	0.06812	0.00792	0.00377	0.04742
2	0.00581	0.00471	0.00510	0.00517	0.00654	0.00410	0.00393	0.00710	0.01051	0.01293	0.11693	0.04319	0.60769	0.05850	0.00654	0.00176	0.00263	0.08872	0.00425	0.00389
3	0.01329	0.57484	0.09642	0.00897	0.01298	0.09280	0.00883	0.08108	0.01094	0.05196	0.00759	0.00839	0.00632	0.00427	0.00342	0.00110	0.00537	0.00284	0.00240	0.00618
4	0.01009	0.02047	0.63348	0.01235	0.01839	0.01026	0.04030	0.01557	0.07138	0.05978	0.00963	0.01068	0.00686	0.00451	0.00438	0.00142	0.00621	0.00363	0.00242	0.05818
5	0.01269	0.41410	0.20101	0.01108	0.05954	0.16571	0.01051	0.05353	0.01077	0.01287	0.00730	0.00847	0.00605	0.00426	0.00366	0.00117	0.00600	0.00294	0.00218	0.00616
6	0.01363	0.24646	0.19531	0.00997	0.01412	0.08042	0.00985	0.11439	0.13326	0.12341	0.01090	0.01103	0.00810	0.00488	0.00406	0.00130	0.00530	0.00363	0.00324	0.00675
7	0.00608	0.00455	0.00635	0.00804	0.06895	0.00431	0.00498	0.00700	0.00885	0.01189	0.02367	0.74634	0.02814	0.03953	0.00631	0.00191	0.00294	0.01216	0.00406	0.00397
8	0.00575	0.00438	0.00532	0.00585	0.00670	0.00395	0.00420	0.00692	0.00996	0.01284	0.12083	0.41994	0.30218	0.01275	0.00569	0.00172	0.00259	0.06020	0.00435	0.00388
9	0.02651	0.15499	0.10091	0.05408	0.07694	0.01175	0.08999	0.04895	0.25414	0.05136	0.05194	0.01457	0.03338	0.00535	0.00442	0.00141	0.00484	0.00457	0.00336	0.00652
10	0.06305	0.18289	0.36340	0.01113	0.04001	0.03057	0.02579	0.05206	0.02351	0.13542	0.00963	0.01040	0.00702	0.00513	0.01989	0.00146	0.00577	0.00348	0.00277	0.00663
11	0.05082	0.08364	0.16159	0.07081	0.03097	0.07656	0.01801	0.08158	0.04313	0.13995	0.04385	0.03380	0.02897	0.00584	0.00572	0.00147	0.10957	0.00433	0.00321	0.00618
12	0.04397	0.38949	0.09069	0.04316	0.06630	0.04151	0.00871	0.03002	0.03048	0.08249	0.05566	0.04204	0.03438	0.00528	0.00402	0.00125	0.01774	0.00399	0.00281	0.00598

[dist]
# distance from previous block
# <min> <max>
17	35

[block]
# block no. 9 follows, 56 sequences, length 15
# corresponding to MSA columns:
# 585-587,589-600
name=unknown_J
#
# <colnr> <probs for GDERKNQSTAVLIFYWHMCP>
#	G	D	E	R	K	N	Q	S	T	A	V	L	I	F	Y	W	H	M	C	P
0	0.01746	0.00722	0.00972	0.00779	0.01085	0.00622	0.00626	0.01910	0.01221	0.63254	0.01864	0.14789	0.01415	0.00694	0.00474	0.00145	0.00367	0.00586	0.00526	0.06203
1	0.00808	0.00423	0.00445	0.00462	0.00556	0.00419	0.00338	0.01000	0.00949	0.01624	0.01665	0.14953	0.01478	0.00681	0.00364	0.00120	0.00222	0.00570	0.72504	0.00419
2	0.01136	0.01091	0.01863	0.02818	0.81002	0.01091	0.01409	0.01409	0.01045	0.01500	0.00864	0.01136	0.00727	0.00409	0.00455	0.00136	0.00545	0.00409	0.00227	0.00727
3	0.05629	0.57376	0.01884	0.00764	0.01099	0.08365	0.00711	0.03114	0.01003	0.01203	0.01304	0.01349	0.13567	0.00530	0.00348	0.00112	0.00471	0.00371	0.00248	0.00551
4	0.00822	0.00435	0.00458	0.00452	0.00559	0.00429	0.00339	0.01037	0.01017	0.01733	0.14320	0.01989	0.01687	0.00600	0.00357	0.00113	0.00214	0.00493	0.72517	0.00429
5	0.01178	0.00956	0.01030	0.00913	0.01158	0.01078	0.00710	0.18748	0.50534	0.02009	0.01810	0.14823	0.01532	0.00739	0.00485	0.00157	0.00378	0.00623	0.00459	0.00681
6	0.00856	0.00428	0.00428	0.00428	0.00535	0.00428	0.00321	0.01070	0.00963	0.01712	0.01498	0.01712	0.01177	0.00535	0.00321	0.00107	0.00214	0.00428	0.86414	0.00428
7	0.87108	0.00888	0.00675	0.00604	0.00888	0.01030	0.00497	0.01350	0.00781	0.02060	0.00639	0.00746	0.00497	0.00426	0.00284	0.00142	0.00355	0.00249	0.00284	0.00497
8	0.00582	0.00431	0.00599	0.00678	0.00725	0.00402	0.02540	0.00678	0.00900	0.01193	0.02562	0.74446	0.05873	0.01391	0.00586	0.00186	0.00286	0.05140	0.00421	0.00383
9	0.01479	0.00943	0.01482	0.11614	0.38405	0.00931	0.01093	0.03957	0.01166	0.32425	0.01232	0.01311	0.00873	0.00481	0.00458	0.00141	0.00492	0.00429	0.00363	0.00724
10	0.01023	0.02131	0.66839	0.01341	0.01972	0.01048	0.10203	0.01514	0.01007	0.07354	0.00908	0.01043	0.00635	0.00440	0.00450	0.00146	0.00668	0.00371	0.00226	0.00680
11	0.00849	0.02655	0.10258	0.12768	0.17769	0.00784	0.05002	0.01102	0.01036	0.02738	0.14429	0.16011	0.07734	0.00776	0.00505	0.00155	0.00448	0.04117	0.00328	0.00537
12	0.14736	0.01284	0.30986	0.00908	0.01246	0.02453	0.02757	0.01110	0.00925	0.01437	0.03105	0.25746	0.07447	0.03210	0.00523	0.00166	0.00461	0.00680	0.00305	0.00516
13	0.14989	0.01777	0.50047	0.02772	0.01704	0.00990	0.05305	0.01490	0.00980	0.10861	0.00985	0.04420	0.00740	0.00489	0.00427	0.00147	0.00579	0.00390	0.00264	0.00642
14	0.04124	0.03435	0.22436	0.14435	0.06993	0.02719	0.08372	0.01588	0.01060	0.23547	0.01141	0.03178	0.00834	0.01804	0.00504	0.00151	0.02284	0.00431	0.00316	0.00649

[dist]
# distance from previous block
# <min> <max>
0	1

[block]
# block no. 10 follows, 56 sequences, length 7
# corresponding to MSA columns:
# 602-608
name=unknown_K
#
# <colnr> <probs for GDERKNQSTAVLIFYWHMCP>
#	G	D	E	R	K	N	Q	S	T	A	V	L	I	F	Y	W	H	M	C	P
0	0.01067	0.06176	0.61734	0.01327	0.05371	0.01116	0.03964	0.07344	0.01080	0.05348	0.00888	0.01012	0.00633	0.00446	0.00436	0.00142	0.00640	0.00355	0.00234	0.00687
1	0.00992	0.23466	0.11102	0.05979	0.11825	0.02504	0.00872	0.03710	0.03272	0.02886	0.04087	0.06835	0.13015	0.06885	0.00575	0.00158	0.00464	0.00531	0.00289	0.00554
2	0.01366	0.13852	0.08599	0.12354	0.15832	0.13344	0.05056	0.12352	0.01229	0.10367	0.00938	0.01075	0.00709	0.00461	0.00429	0.00133	0.00589	0.00374	0.00288	0.00652
3	0.10808	0.08242	0.04319	0.04700	0.06906	0.16344	0.05681	0.04510	0.02509	0.20590	0.02930	0.03715	0.00916	0.00511	0.00421	0.00132	0.00526	0.00406	0.00340	0.05496
4	0.06294	0.05763	0.07528	0.13804	0.10558	0.01042	0.14217	0.08433	0.07538	0.07597	0.06314	0.01546	0.06279	0.00540	0.00463	0.00145	0.00518	0.00484	0.00320	0.00618
5	0.01033	0.05806	0.07510	0.40849	0.10256	0.06665	0.05156	0.06004	0.01039	0.01345	0.00903	0.05041	0.00750	0.00504	0.00480	0.00145	0.02819	0.00432	0.00237	0.03029
6	0.01290	0.06079	0.09382	0.00950	0.04361	0.06673	0.00789	0.08631	0.11509	0.20236	0.14639	0.10373	0.01725	0.00690	0.00472	0.00144	0.00429	0.00576	0.00421	0.00631

[dist]
# distance from previous block
# <min> <max>
7	34

[block]
# block no. 11 follows, 56 sequences, length 6
# corresponding to MSA columns:
# 649-654
name=unknown_L
#
# <colnr> <probs for GDERKNQSTAVLIFYWHMCP>
#	G	D	E	R	K	N	Q	S	T	A	V	L	I	F	Y	W	H	M	C	P
0	0.04420	0.09842	0.17327	0.02949	0.11851	0.05869	0.02577	0.15815	0.15156	0.05212	0.01133	0.03912	0.00889	0.00523	0.00436	0.00140	0.00526	0.00421	0.00326	0.00677
1	0.01278	0.04751	0.16207	0.03631	0.09213	0.01048	0.00987	0.12872	0.15692	0.13893	0.02955	0.02925	0.01000	0.00538	0.00478	0.00139	0.03242	0.00432	0.00361	0.08358
2	0.04831	0.18103	0.28306	0.01240	0.08332	0.07385	0.03993	0.03971	0.01039	0.08952	0.00862	0.00989	0.00660	0.00469	0.00491	0.00135	0.07079	0.00344	0.00252	0.02568
3	0.06728	0.30812	0.21319	0.10705	0.01560	0.01286	0.01014	0.01474	0.11714	0.01421	0.07046	0.01193	0.00983	0.00487	0.00391	0.00131	0.00504	0.00370	0.00263	0.00602
4	0.06355	0.06916	0.00703	0.00636	0.00735	0.00559	0.00461	0.00823	0.03567	0.01308	0.08611	0.54838	0.10426	0.01197	0.00532	0.00169	0.00285	0.01057	0.00407	0.00416
5	0.01441	0.00871	0.01042	0.07379	0.05782	0.06282	0.00725	0.03903	0.13050	0.34253	0.04037	0.06679	0.04648	0.07058	0.00616	0.00170	0.00431	0.00549	0.00441	0.00642

[dist]
# distance from previous block
# <min> <max>
0	1

[block]
# block no. 12 follows, 56 sequences, length 8
# corresponding to MSA columns:
# 656-659,661-664
name=unknown_M
#
# <colnr> <probs for GDERKNQSTAVLIFYWHMCP>
#	G	D	E	R	K	N	Q	S	T	A	V	L	I	F	Y	W	H	M	C	P
0	0.01086	0.05712	0.33277	0.10757	0.11330	0.05379	0.01248	0.01588	0.12620	0.06687	0.01221	0.01320	0.04769	0.00508	0.00444	0.00143	0.00566	0.00414	0.00278	0.00652
1	0.01021	0.00823	0.12537	0.00721	0.00980	0.00574	0.00656	0.01237	0.01154	0.22011	0.23899	0.07557	0.21186	0.02886	0.00552	0.00156	0.00341	0.00721	0.00447	0.00540
2	0.01368	0.30909	0.01893	0.11097	0.13253	0.01245	0.10000	0.01588	0.01063	0.21827	0.01028	0.01124	0.00765	0.00448	0.00409	0.00128	0.00520	0.00379	0.00302	0.00653
3	0.00886	0.00651	0.00882	0.01049	0.16093	0.00654	0.00617	0.01144	0.10465	0.06563	0.10770	0.15782	0.01956	0.29150	0.01130	0.00254	0.00395	0.00711	0.00361	0.00485
4	0.01283	0.10641	0.01277	0.01140	0.12834	0.08451	0.00794	0.01862	0.29601	0.14749	0.01798	0.01735	0.10654	0.00607	0.00449	0.00140	0.00436	0.00495	0.00391	0.00661
5	0.01270	0.00821	0.01126	0.00901	0.01176	0.00805	0.10086	0.12967	0.10504	0.22324	0.21182	0.02261	0.11118	0.00710	0.00500	0.00147	0.00390	0.00620	0.00468	0.00625
6	0.01132	0.03763	0.09652	0.07462	0.21517	0.01015	0.11146	0.10751	0.01143	0.03189	0.00892	0.01080	0.00697	0.00413	0.00428	0.00121	0.00527	0.00378	0.00269	0.24426
7	0.49314	0.01145	0.01098	0.01275	0.21583	0.12928	0.00803	0.04345	0.00977	0.01810	0.00724	0.00871	0.00581	0.00433	0.00353	0.00137	0.00479	0.00303	0.00269	0.00572

[dist]
# distance from previous block
# <min> <max>
0	1

[block]
# block no. 13 follows, 56 sequences, length 39
# corresponding to MSA columns:
# 666-704
name=unknown_N
#
# <colnr> <probs for GDERKNQSTAVLIFYWHMCP>
#	G	D	E	R	K	N	Q	S	T	A	V	L	I	F	Y	W	H	M	C	P
0	0.01256	0.00999	0.01639	0.03952	0.60497	0.00987	0.01221	0.01529	0.02678	0.14666	0.03705	0.02858	0.00968	0.00478	0.00461	0.00139	0.00501	0.00451	0.00301	0.00715
1	0.00909	0.00725	0.00839	0.00794	0.02764	0.00775	0.00592	0.01616	0.37440	0.03435	0.36965	0.03943	0.05718	0.00791	0.00505	0.00150	0.00296	0.00684	0.00478	0.00579
2	0.66614	0.00983	0.00844	0.00712	0.01017	0.01124	0.00587	0.20106	0.01112	0.02260	0.00750	0.00831	0.00565	0.00456	0.00326	0.00141	0.00391	0.00288	0.00326	0.00565
3	0.33428	0.01138	0.01117	0.00888	0.01225	0.01278	0.00733	0.50476	0.01647	0.02584	0.00930	0.00970	0.00676	0.00505	0.00394	0.00139	0.00449	0.00352	0.00394	0.00676
4	0.00856	0.00428	0.00428	0.00428	0.00535	0.00428	0.00321	0.01070	0.00963	0.01712	0.01498	0.01712	0.01177	0.00535	0.00321	0.00107	0.00214	0.00428	0.86414	0.00428
5	0.74150	0.01047	0.00773	0.00686	0.00969	0.09952	0.00556	0.04669	0.00896	0.01992	0.00666	0.00770	0.00519	0.00437	0.00306	0.00139	0.00413	0.00261	0.00286	0.00513
6	0.01734	0.01615	0.01350	0.01102	0.01422	0.30832	0.00878	0.51143	0.01846	0.02248	0.00959	0.01002	0.00712	0.00523	0.00443	0.00131	0.00623	0.00370	0.00378	0.00690
7	0.00856	0.00428	0.00428	0.00428	0.00535	0.00428	0.00321	0.01070	0.00963	0.01712	0.01498	0.01712	0.01177	0.00535	0.00321	0.00107	0.00214	0.00428	0.86414	0.00428
8	0.01507	0.00916	0.01077	0.00875	0.01149	0.00965	0.00700	0.32105	0.07682	0.23851	0.01412	0.01580	0.01075	0.09638	0.13057	0.00263	0.00567	0.00473	0.00439	0.00668
9	0.00559	0.00400	0.00533	0.00639	0.00666	0.00373	0.00426	0.00639	0.00879	0.01172	0.02530	0.83566	0.03036	0.01438	0.00586	0.00186	0.00266	0.01305	0.00426	0.00373
10	0.87108	0.00888	0.00675	0.00604	0.00888	0.01030	0.00497	0.01350	0.00781	0.02060	0.00639	0.00746	0.00497	0.00426	0.00284	0.00142	0.00355	0.00249	0.00284	0.00497
11	0.01227	0.84142	0.02406	0.00786	0.01178	0.01817	0.00786	0.01375	0.00933	0.01080	0.00638	0.00736	0.00589	0.00393	0.00295	0.00098	0.00491	0.00245	0.00196	0.00589
12	0.02060	0.00781	0.01065	0.00817	0.01172	0.00675	0.00675	0.02237	0.01314	0.81320	0.01811	0.01563	0.01136	0.00568	0.00462	0.00142	0.00391	0.00462	0.00568	0.00781
13	0.00668	0.00445	0.00501	0.00501	0.00501	0.00445	0.00278	0.00668	0.00668	0.00890	0.01447	0.03004	0.01669	0.83866	0.02337	0.00445	0.00445	0.00668	0.00278	0.00278
14	0.00867	0.00816	0.01377	0.82762	0.03162	0.01020	0.01275	0.01173	0.00918	0.01173	0.00816	0.01224	0.00612	0.00459	0.00459	0.00153	0.00612	0.00408	0.00204	0.00510
15	0.00856	0.00428	0.00428	0.00428	0.00535	0.00428	0.00321	0.01070	0.00963	0.01712	0.01498	0.01712	0.01177	0.00535	0.00321	0.00107	0.00214	0.00428	0.86414	0.00428
16	0.01524	0.34960	0.06546	0.00919	0.01311	0.01433	0.00851	0.28692	0.03089	0.14961	0.01030	0.01034	0.00762	0.00484	0.00391	0.00123	0.00488	0.00351	0.00355	0.00696
17	0.71738	0.02550	0.03133	0.00680	0.00982	0.01081	0.00578	0.07090	0.05533	0.02076	0.00750	0.00835	0.00575	0.00446	0.00312	0.00142	0.00379	0.00279	0.00303	0.00538
18	0.00856	0.00428	0.00428	0.00428	0.00535	0.00428	0.00321	0.01070	0.00963	0.01712	0.01498	0.01712	0.01177	0.00535	0.00321	0.00107	0.00214	0.00428	0.86414	0.00428
19	0.00952	0.00816	0.00952	0.00680	0.01088	0.00612	0.00544	0.01156	0.00952	0.01496	0.00816	0.00952	0.00680	0.00340	0.00340	0.00068	0.00340	0.00272	0.00272	0.86672
20	0.00657	0.00488	0.00719	0.00719	0.00795	0.00564	0.00551	0.00808	0.00732	0.01052	0.01247	0.01897	0.01188	0.09702	0.75843	0.00715	0.01169	0.00506	0.00248	0.00400
21	0.00561	0.00440	0.00528	0.02954	0.00719	0.00398	0.00417	0.00663	0.00953	0.01202	0.03406	0.46612	0.36925	0.01289	0.00563	0.00172	0.00262	0.01132	0.00420	0.00383
22	0.87108	0.00888	0.00675	0.00604	0.00888	0.01030	0.00497	0.01350	0.00781	0.02060	0.00639	0.00746	0.00497	0.00426	0.00284	0.00142	0.00355	0.00249	0.00284	0.00497
23	0.00589	0.00421	0.00567	0.00673	0.00713	0.00399	0.00478	0.00691	0.00908	0.01205	0.02514	0.70631	0.02971	0.01410	0.00594	0.00191	0.00292	0.13946	0.00426	0.00381
24	0.00952	0.00816	0.00952	0.00680	0.01088	0.00612	0.00544	0.01156	0.00952	0.01496	0.00816	0.00952	0.00680	0.00340	0.00340	0.00068	0.00340	0.00272	0.00272	0.86672
25	0.01747	0.00791	0.01033	0.00778	0.01148	0.00657	0.00638	0.01932	0.01212	0.58770	0.01530	0.01390	0.01008	0.00504	0.00427	0.00121	0.00376	0.00408	0.00485	0.25045
26	0.00668	0.00445	0.00501	0.00501	0.00501	0.00445	0.00278	0.00668	0.00668	0.00890	0.01447	0.03004	0.01669	0.83866	0.02337	0.00445	0.00445	0.00668	0.00278	0.00278
27	0.01149	0.01246	0.07632	0.02547	0.66268	0.05380	0.04474	0.01459	0.02708	0.01484	0.00876	0.01124	0.00722	0.00418	0.00455	0.00137	0.00575	0.00406	0.00231	0.00709
28	0.00944	0.00807	0.00943	0.00677	0.01077	0.00607	0.00541	0.01148	0.00961	0.01505	0.02934	0.01018	0.00777	0.00356	0.00345	0.00070	0.00337	0.00287	0.00278	0.84388
29	0.87108	0.00888	0.00675	0.00604	0.00888	0.01030	0.00497	0.01350	0.00781	0.02060	0.00639	0.00746	0.00497	0.00426	0.00284	0.00142	0.00355	0.00249	0.00284	0.00497
30	0.00986	0.08045	0.54917	0.01436	0.02037	0.01146	0.22125	0.01453	0.00997	0.01431	0.00838	0.01023	0.00612	0.00420	0.00454	0.00144	0.00690	0.00386	0.00204	0.00656
31	0.01133	0.01482	0.32559	0.04200	0.14844	0.00950	0.07235	0.02835	0.03619	0.13123	0.05636	0.01342	0.02438	0.00492	0.00455	0.00140	0.00550	0.00429	0.00297	0.06239
32	0.00622	0.00468	0.00575	0.00548	0.00669	0.00421	0.00411	0.00812	0.01233	0.01683	0.60751	0.03689	0.24439	0.00997	0.00542	0.00147	0.00221	0.00867	0.00485	0.00421
33	0.01169	0.02955	0.11986	0.25182	0.10246	0.13818	0.01112	0.12309	0.08209	0.01543	0.01115	0.03953	0.03363	0.00534	0.00453	0.00143	0.00585	0.00436	0.00283	0.00609
34	0.00558	0.00429	0.00511	0.00569	0.00649	0.00382	0.00397	0.00659	0.00966	0.01235	0.07655	0.48762	0.32971	0.01305	0.00567	0.00172	0.00251	0.01150	0.00431	0.00382
35	0.05416	0.23201	0.01232	0.00768	0.00997	0.04938	0.00629	0.06742	0.05956	0.05380	0.01532	0.28463	0.01592	0.02301	0.00480	0.00148	0.00402	0.03800	0.00348	0.05676
36	0.09833	0.02883	0.03703	0.00954	0.01224	0.28549	0.00763	0.19856	0.04085	0.08800	0.05545	0.03128	0.01050	0.06963	0.00576	0.00157	0.00564	0.00423	0.00351	0.00593
37	0.15780	0.06448	0.02679	0.00803	0.01018	0.28449	0.00633	0.01277	0.01048	0.02734	0.01816	0.06216	0.19027	0.06796	0.00572	0.00161	0.00509	0.03250	0.00309	0.00474
38	0.12119	0.30618	0.02683	0.03427	0.01156	0.01208	0.00733	0.13711	0.01168	0.04190	0.08094	0.05988	0.01361	0.00652	0.00415	0.00138	0.00435	0.11008	0.00331	0.00565

[dist]
# distance from previous block
# <min> <max>
2	10

# created by:
# /home/cegg/simao/soft/augustus-3.2.1/scripts/msa2prfl.pl ./align_prep/EOG092C54XZ.fa
