[name]
unknown

[dist]
# distance from previous block
# <min> <max>
0	45

[block]
# block no. 0 follows, 61 sequences, length 17
# corresponding to MSA columns:
# 45-61
name=unknown_A
#
# <colnr> <probs for GDERKNQSTAVLIFYWHMCP>
#	G	D	E	R	K	N	Q	S	T	A	V	L	I	F	Y	W	H	M	C	P
0	0.04285	0.12217	0.25279	0.01026	0.01418	0.04287	0.09561	0.08069	0.07660	0.05992	0.02337	0.03969	0.03147	0.00536	0.00421	0.00134	0.00510	0.05810	0.00286	0.03056
1	0.00987	0.01137	0.13317	0.01393	0.06747	0.00927	0.36544	0.01412	0.10059	0.06047	0.05003	0.01596	0.07042	0.00505	0.00474	0.00141	0.00553	0.02609	0.00287	0.03220
2	0.04064	0.00623	0.05313	0.00665	0.00837	0.00528	0.00550	0.01070	0.06275	0.13572	0.10009	0.23289	0.18806	0.00967	0.00500	0.00156	0.00308	0.11592	0.00412	0.00465
3	0.02417	0.16676	0.18985	0.09147	0.03676	0.02551	0.08205	0.09343	0.03209	0.06900	0.03371	0.04556	0.00842	0.00507	0.00494	0.00134	0.07740	0.00402	0.00264	0.00581
4	0.01054	0.00967	0.01801	0.01445	0.07192	0.02278	0.43053	0.03430	0.03592	0.09888	0.03629	0.12058	0.03035	0.00570	0.00530	0.00147	0.03878	0.00589	0.00297	0.00565
5	0.00630	0.00426	0.00589	0.06320	0.00821	0.00412	0.00477	0.00729	0.00856	0.05744	0.02223	0.71675	0.02580	0.01235	0.00536	0.00171	0.00283	0.03520	0.00393	0.00382
6	0.10537	0.10926	0.06562	0.06580	0.14595	0.19285	0.04680	0.02517	0.02300	0.06341	0.03500	0.02633	0.04063	0.00524	0.01597	0.00135	0.02034	0.00382	0.00260	0.00551
7	0.01197	0.07289	0.11080	0.04063	0.04867	0.03498	0.28280	0.07974	0.07568	0.12579	0.01005	0.01136	0.00740	0.00455	0.00511	0.00139	0.06297	0.00420	0.00287	0.00617
8	0.01326	0.00629	0.00810	0.00694	0.00914	0.00582	0.00543	0.04062	0.06644	0.42063	0.11149	0.18936	0.04001	0.00759	0.00462	0.00142	0.00313	0.00651	0.04735	0.00586
9	0.00899	0.00845	0.05876	0.54417	0.10688	0.00898	0.01103	0.01202	0.03891	0.05804	0.04848	0.01281	0.00828	0.00560	0.02616	0.02541	0.00542	0.00407	0.00236	0.00517
10	0.01205	0.14930	0.15293	0.02740	0.13096	0.11567	0.10167	0.04027	0.12365	0.09036	0.00981	0.01068	0.00744	0.00438	0.00406	0.00127	0.00545	0.00368	0.00273	0.00621
11	0.00812	0.00556	0.00727	0.00718	0.00805	0.00590	0.00539	0.07096	0.00950	0.08816	0.04061	0.45591	0.03646	0.03214	0.04720	0.00200	0.10213	0.05932	0.00380	0.00434
12	0.03038	0.00578	0.00735	0.00649	0.00840	0.00535	0.00502	0.01344	0.06622	0.31283	0.24944	0.16297	0.09199	0.00820	0.00478	0.00143	0.00285	0.00707	0.00470	0.00534
13	0.00779	0.00867	0.14808	0.00932	0.06130	0.00670	0.02688	0.04838	0.00940	0.03412	0.01869	0.27246	0.09040	0.05531	0.00660	0.00176	0.06132	0.12485	0.00329	0.00466
14	0.14233	0.08023	0.08197	0.05213	0.05322	0.05461	0.07307	0.08133	0.13961	0.06102	0.04538	0.06842	0.02290	0.00547	0.00426	0.00136	0.01936	0.00448	0.00314	0.00571
15	0.06169	0.23570	0.04210	0.01044	0.01316	0.22304	0.11119	0.04390	0.01006	0.03166	0.03107	0.00985	0.00713	0.00486	0.00536	0.00128	0.13533	0.01451	0.00233	0.00532
16	0.04459	0.00964	0.02435	0.03047	0.03253	0.10836	0.00662	0.07441	0.06586	0.10281	0.05229	0.01427	0.05546	0.00515	0.00432	0.00113	0.03572	0.02773	0.00325	0.30105

[dist]
# distance from previous block
# <min> <max>
1	3

[block]
# block no. 1 follows, 61 sequences, length 12
# corresponding to MSA columns:
# 65-76
name=unknown_B
#
# <colnr> <probs for GDERKNQSTAVLIFYWHMCP>
#	G	D	E	R	K	N	Q	S	T	A	V	L	I	F	Y	W	H	M	C	P
0	0.00900	0.04126	0.00837	0.00731	0.00890	0.08873	0.00566	0.01131	0.08272	0.06176	0.05333	0.14005	0.01589	0.09834	0.11332	0.00239	0.02563	0.10774	0.00328	0.11500
1	0.00595	0.00443	0.00580	0.00598	0.00662	0.00459	0.00435	0.00695	0.00789	0.01059	0.05648	0.18770	0.15527	0.16008	0.28149	0.02380	0.02637	0.03901	0.00314	0.00352
2	0.01088	0.02213	0.03949	0.02768	0.02351	0.03342	0.00622	0.03889	0.02470	0.13756	0.03376	0.02622	0.00876	0.00422	0.00365	0.00092	0.00366	0.01399	0.00310	0.53725
3	0.05272	0.07831	0.01535	0.05062	0.13156	0.02799	0.23523	0.05619	0.03026	0.05324	0.01700	0.01828	0.19114	0.00573	0.00451	0.00136	0.00487	0.01723	0.00292	0.00547
4	0.00617	0.00510	0.00560	0.00562	0.00664	0.04731	0.00411	0.00759	0.01049	0.01375	0.36298	0.21536	0.24164	0.01105	0.03533	0.00166	0.00283	0.00876	0.00416	0.00386
5	0.00588	0.00409	0.00521	0.00547	0.00611	0.00385	0.00384	0.00705	0.00950	0.01318	0.29908	0.34139	0.08569	0.07614	0.03119	0.02998	0.00272	0.00901	0.05697	0.00363
6	0.04377	0.05986	0.15752	0.11427	0.09177	0.01978	0.09872	0.02781	0.04688	0.01349	0.00965	0.09165	0.00853	0.00504	0.00456	0.00128	0.04210	0.00434	0.00245	0.15651
7	0.21835	0.00908	0.01128	0.04136	0.08144	0.00979	0.08688	0.08089	0.24998	0.05783	0.01158	0.01306	0.00904	0.03181	0.00456	0.00145	0.00416	0.02252	0.00335	0.05158
8	0.02449	0.00619	0.00659	0.00629	0.00777	0.04267	0.00476	0.07256	0.07448	0.05155	0.17467	0.20531	0.26190	0.00957	0.00495	0.00148	0.00292	0.03320	0.00415	0.00449
9	0.02226	0.00480	0.00604	0.00664	0.03736	0.00451	0.00454	0.03372	0.00948	0.06481	0.07816	0.44390	0.18237	0.04838	0.00592	0.00171	0.00279	0.03455	0.00399	0.00406
10	0.04258	0.00951	0.04076	0.06697	0.05080	0.03797	0.04256	0.16542	0.04131	0.06461	0.04657	0.05507	0.00963	0.00483	0.00397	0.00112	0.00417	0.00403	0.00318	0.30494
11	0.00783	0.00599	0.00668	0.00658	0.02469	0.04113	0.00482	0.02302	0.04755	0.06937	0.08937	0.20754	0.24426	0.04959	0.00570	0.00157	0.00308	0.06808	0.00385	0.08931

[dist]
# distance from previous block
# <min> <max>
3	16

[block]
# block no. 2 follows, 61 sequences, length 17
# corresponding to MSA columns:
# 94-110
name=unknown_C
#
# <colnr> <probs for GDERKNQSTAVLIFYWHMCP>
#	G	D	E	R	K	N	Q	S	T	A	V	L	I	F	Y	W	H	M	C	P
0	0.04964	0.23219	0.05378	0.04332	0.09681	0.03942	0.01452	0.16512	0.03237	0.06910	0.01906	0.02550	0.00809	0.05163	0.02769	0.00151	0.01732	0.00366	0.00286	0.04640
1	0.00965	0.00694	0.00869	0.05477	0.03661	0.00728	0.00620	0.17459	0.03862	0.08221	0.11564	0.25047	0.08733	0.00905	0.02315	0.00160	0.04946	0.00719	0.00391	0.02666
2	0.04030	0.07065	0.26250	0.04367	0.01400	0.05707	0.03534	0.10711	0.02687	0.08688	0.05206	0.10745	0.01083	0.00561	0.00419	0.00131	0.00487	0.00462	0.00299	0.06169
3	0.00537	0.00397	0.00492	0.00551	0.00607	0.00363	0.00376	0.00627	0.00884	0.01159	0.10882	0.53834	0.19348	0.07037	0.00651	0.00182	0.00250	0.01072	0.00398	0.00352
4	0.03327	0.00954	0.05896	0.28699	0.12363	0.00933	0.13029	0.07346	0.01051	0.17342	0.01010	0.01232	0.00742	0.03601	0.00503	0.00148	0.00532	0.00414	0.00287	0.00590
5	0.00875	0.00901	0.03827	0.42010	0.05622	0.04006	0.12392	0.01209	0.06433	0.01257	0.07317	0.01481	0.05650	0.00518	0.00499	0.00144	0.04638	0.00463	0.00248	0.00509
6	0.00712	0.00435	0.00648	0.00609	0.00641	0.00428	0.05017	0.00640	0.00648	0.00870	0.04539	0.06077	0.01226	0.25009	0.01650	0.49459	0.00393	0.00515	0.00233	0.00249
7	0.15375	0.00542	0.00571	0.00538	0.00674	0.00557	0.00402	0.03683	0.02909	0.05312	0.12281	0.07984	0.10521	0.12368	0.04775	0.00198	0.00327	0.00575	0.19990	0.00419
8	0.01233	0.00732	0.00901	0.00751	0.00993	0.00722	0.02990	0.10579	0.15789	0.26494	0.07415	0.08810	0.09143	0.03650	0.00510	0.00146	0.00343	0.00574	0.04214	0.04009
9	0.03355	0.32482	0.10366	0.01245	0.09770	0.05774	0.18206	0.04577	0.00984	0.01287	0.02708	0.03748	0.00753	0.00439	0.00411	0.00122	0.02605	0.00375	0.00223	0.00571
10	0.00661	0.00439	0.00539	0.00558	0.00605	0.00427	0.00366	0.00773	0.04133	0.04638	0.12183	0.33779	0.02343	0.35196	0.01203	0.00266	0.00321	0.00859	0.00360	0.00351
11	0.00573	0.00416	0.00523	0.00575	0.00631	0.00396	0.00406	0.00666	0.00850	0.01115	0.07057	0.37272	0.15151	0.17259	0.04867	0.00242	0.00337	0.10950	0.00369	0.00346
12	0.01041	0.03644	0.05724	0.04013	0.05812	0.05268	0.00721	0.01260	0.05667	0.16415	0.08163	0.15984	0.01461	0.00938	0.06757	0.03271	0.10433	0.00570	0.02344	0.00514
13	0.00910	0.23006	0.27854	0.01027	0.06007	0.01064	0.04055	0.01258	0.07491	0.01219	0.00987	0.05692	0.00884	0.07511	0.09062	0.00208	0.00578	0.00409	0.00230	0.00548
14	0.03095	0.00647	0.00762	0.00663	0.00871	0.00631	0.00517	0.05297	0.15013	0.23903	0.17659	0.06400	0.18942	0.02995	0.00513	0.00148	0.00299	0.00646	0.00452	0.00546
15	0.00706	0.00475	0.00596	0.00657	0.05077	0.00460	0.00417	0.00820	0.02960	0.05269	0.06598	0.22269	0.09174	0.33008	0.01142	0.00254	0.00334	0.04004	0.05407	0.00372
16	0.02548	0.00920	0.00915	0.02417	0.01044	0.10800	0.00614	0.19387	0.07927	0.15049	0.05867	0.06258	0.07276	0.00610	0.00418	0.00126	0.00392	0.00490	0.11602	0.05340

[dist]
# distance from previous block
# <min> <max>
4	7

[block]
# block no. 3 follows, 61 sequences, length 20
# corresponding to MSA columns:
# 118-137
name=unknown_D
#
# <colnr> <probs for GDERKNQSTAVLIFYWHMCP>
#	G	D	E	R	K	N	Q	S	T	A	V	L	I	F	Y	W	H	M	C	P
0	0.02344	0.03395	0.03351	0.02196	0.02590	0.13479	0.15202	0.12702	0.05813	0.09650	0.04234	0.06490	0.05069	0.03120	0.00513	0.00142	0.01723	0.02914	0.00329	0.04744
1	0.06586	0.13349	0.14656	0.06942	0.01447	0.03726	0.08747	0.13163	0.03601	0.06921	0.02148	0.03367	0.04717	0.00593	0.02944	0.00149	0.04218	0.00410	0.00285	0.02032
2	0.01049	0.11427	0.29117	0.02418	0.03958	0.02819	0.17348	0.01468	0.08402	0.08493	0.05950	0.01195	0.00910	0.00449	0.00422	0.00131	0.00545	0.00401	0.00266	0.03232
3	0.01015	0.00978	0.01685	0.18495	0.64099	0.01013	0.03861	0.01281	0.00959	0.01346	0.00804	0.01085	0.00660	0.00392	0.00430	0.00132	0.00531	0.00388	0.00209	0.00639
4	0.02271	0.01089	0.18814	0.03369	0.01369	0.00784	0.12803	0.03431	0.07698	0.03664	0.05737	0.04567	0.09990	0.00645	0.03511	0.00146	0.00475	0.00482	0.00292	0.18862
5	0.00987	0.13512	0.07360	0.03358	0.06855	0.06548	0.13973	0.03630	0.12515	0.01281	0.01100	0.05804	0.01006	0.16137	0.00746	0.00182	0.00504	0.00469	0.00266	0.03765
6	0.00617	0.00434	0.00549	0.00598	0.00675	0.00404	0.00435	0.02163	0.00943	0.03675	0.11136	0.46168	0.16358	0.03491	0.00583	0.00173	0.00269	0.10540	0.00408	0.00380
7	0.03524	0.00814	0.01067	0.00829	0.01142	0.00774	0.04860	0.15413	0.04392	0.50697	0.05464	0.01616	0.06244	0.00572	0.00442	0.00135	0.00385	0.00473	0.00478	0.00678
8	0.03501	0.00676	0.00785	0.00708	0.00890	0.01914	0.02262	0.15717	0.04916	0.07609	0.04933	0.29531	0.14060	0.00900	0.00478	0.00146	0.00326	0.03134	0.02102	0.05412
9	0.04291	0.10535	0.05008	0.02411	0.06687	0.05752	0.19902	0.05061	0.04422	0.07551	0.02175	0.09419	0.04885	0.02520	0.03789	0.00166	0.02839	0.01756	0.00290	0.00544
10	0.01007	0.00719	0.00851	0.00740	0.00899	0.04999	0.02302	0.08995	0.04072	0.11833	0.26859	0.05729	0.04395	0.00861	0.05219	0.00169	0.09397	0.00575	0.09878	0.00500
11	0.00547	0.00402	0.00510	0.00570	0.00625	0.00367	0.00389	0.00639	0.00876	0.01168	0.10775	0.60615	0.11941	0.05294	0.00614	0.00176	0.00251	0.01086	0.00397	0.02760
12	0.07096	0.28302	0.19854	0.04853	0.03491	0.02884	0.03266	0.02758	0.05626	0.05770	0.00805	0.00920	0.00635	0.00432	0.00427	0.00121	0.06223	0.00311	0.00235	0.05991
13	0.01291	0.02732	0.04246	0.00864	0.02386	0.01714	0.01997	0.09257	0.29258	0.24009	0.03877	0.06152	0.01249	0.00646	0.02168	0.00149	0.01501	0.00488	0.04083	0.01934
14	0.00541	0.00396	0.00510	0.00581	0.00633	0.00365	0.00404	0.00642	0.00902	0.01196	0.12876	0.60894	0.12616	0.01251	0.00541	0.00167	0.00246	0.04467	0.00409	0.00361
15	0.00994	0.03291	0.04330	0.11032	0.15189	0.05421	0.03184	0.03600	0.05593	0.08696	0.08502	0.07581	0.05092	0.03060	0.00664	0.12018	0.00438	0.00512	0.00302	0.00502
16	0.05569	0.10795	0.10146	0.03908	0.04598	0.05116	0.08579	0.10700	0.06986	0.07933	0.06662	0.07473	0.06896	0.02201	0.00461	0.00139	0.00456	0.00499	0.00322	0.00562
17	0.00594	0.00438	0.00568	0.00635	0.00700	0.00430	0.00466	0.00754	0.04883	0.01168	0.03999	0.48246	0.10109	0.02720	0.07234	0.01599	0.00353	0.14347	0.00384	0.00376
18	0.00696	0.00473	0.00580	0.02674	0.00737	0.00457	0.00445	0.02385	0.04727	0.05161	0.10923	0.34435	0.15382	0.04157	0.00561	0.00164	0.00273	0.06046	0.09316	0.00408
19	0.02449	0.08906	0.21150	0.05966	0.06461	0.16517	0.09672	0.05009	0.04794	0.08691	0.00886	0.01016	0.00669	0.00492	0.01807	0.00140	0.04174	0.00356	0.00253	0.00592

[dist]
# distance from previous block
# <min> <max>
2	38

[block]
# block no. 4 follows, 61 sequences, length 10
# corresponding to MSA columns:
# 176-185
name=unknown_E
#
# <colnr> <probs for GDERKNQSTAVLIFYWHMCP>
#	G	D	E	R	K	N	Q	S	T	A	V	L	I	F	Y	W	H	M	C	P
0	0.00692	0.00498	0.00687	0.03105	0.00804	0.00490	0.03029	0.00832	0.01961	0.04494	0.12935	0.21021	0.04256	0.18241	0.16983	0.00308	0.00492	0.03082	0.00334	0.05756
1	0.06724	0.00982	0.03822	0.15002	0.53898	0.00982	0.05542	0.01273	0.00942	0.01401	0.00820	0.01082	0.00666	0.00397	0.00415	0.00131	0.00510	0.00380	0.04416	0.00616
2	0.04801	0.06900	0.01164	0.03499	0.09576	0.16118	0.00762	0.15913	0.04991	0.04979	0.07341	0.07253	0.04450	0.00737	0.04647	0.00161	0.05368	0.00470	0.00319	0.00551
3	0.06124	0.00597	0.00710	0.00617	0.00816	0.00567	0.00483	0.04004	0.05778	0.23304	0.22174	0.07708	0.10657	0.00720	0.00439	0.00132	0.00280	0.00605	0.10884	0.03400
4	0.00603	0.00484	0.00531	0.00515	0.00652	0.00441	0.00386	0.04012	0.04387	0.01376	0.21596	0.10273	0.51153	0.01020	0.00506	0.00145	0.00233	0.00867	0.00420	0.00401
5	0.00937	0.13711	0.04040	0.01112	0.01383	0.04889	0.28752	0.04373	0.00972	0.02733	0.01309	0.23842	0.01330	0.04215	0.02222	0.00166	0.00527	0.02705	0.00282	0.00499
6	0.05620	0.00687	0.00761	0.00671	0.00882	0.00707	0.00525	0.07277	0.21690	0.17576	0.04366	0.08086	0.14326	0.00694	0.00428	0.00136	0.00303	0.00573	0.14136	0.00556
7	0.01193	0.00668	0.00824	0.02282	0.00934	0.00664	0.00554	0.16076	0.02480	0.25207	0.04562	0.18619	0.01602	0.15051	0.02727	0.00204	0.00386	0.03302	0.02132	0.00532
8	0.07590	0.00889	0.00970	0.00793	0.01073	0.04817	0.00638	0.19595	0.11447	0.33028	0.03337	0.04565	0.04832	0.00585	0.00424	0.00134	0.00384	0.00466	0.03786	0.00645
9	0.02541	0.00954	0.01094	0.03116	0.06814	0.05675	0.02623	0.29410	0.06989	0.09474	0.08427	0.06792	0.09455	0.00653	0.00490	0.00138	0.03836	0.00531	0.00389	0.00598

[dist]
# distance from previous block
# <min> <max>
0	5

[block]
# block no. 5 follows, 61 sequences, length 9
# corresponding to MSA columns:
# 191-199
name=unknown_F
#
# <colnr> <probs for GDERKNQSTAVLIFYWHMCP>
#	G	D	E	R	K	N	Q	S	T	A	V	L	I	F	Y	W	H	M	C	P
0	0.00835	0.00521	0.00618	0.00575	0.00732	0.00482	0.00445	0.04470	0.02506	0.13371	0.17366	0.08503	0.31321	0.02653	0.02818	0.00164	0.00293	0.05629	0.06248	0.00450
1	0.00616	0.00456	0.00661	0.00658	0.00731	0.00515	0.00501	0.00761	0.00740	0.01060	0.09411	0.01945	0.01424	0.10032	0.67743	0.00612	0.00993	0.00508	0.00258	0.00376
2	0.01016	0.04904	0.04665	0.06242	0.07145	0.00789	0.00708	0.10201	0.01042	0.03600	0.02677	0.00997	0.00729	0.00378	0.00356	0.00089	0.00386	0.00306	0.00274	0.53493
3	0.11922	0.00530	0.02493	0.02485	0.00786	0.00508	0.02679	0.00768	0.00831	0.01232	0.04959	0.48297	0.06008	0.06155	0.00645	0.02401	0.01491	0.05079	0.00354	0.00378
4	0.00794	0.00548	0.00812	0.00723	0.00873	0.00512	0.08619	0.01000	0.03876	0.11104	0.30011	0.25277	0.09367	0.01002	0.03293	0.00167	0.00327	0.00823	0.00419	0.00453
5	0.00613	0.00420	0.00501	0.00518	0.00538	0.00418	0.00324	0.00652	0.00707	0.00945	0.04827	0.13385	0.03649	0.60039	0.06172	0.00372	0.00422	0.04907	0.00296	0.00294
6	0.00902	0.18092	0.03398	0.45710	0.07244	0.01069	0.04107	0.03384	0.00908	0.01165	0.00910	0.09550	0.00816	0.00508	0.00413	0.00135	0.00518	0.00441	0.00220	0.00508
7	0.00850	0.00621	0.00853	0.02045	0.00913	0.00678	0.04060	0.11660	0.02449	0.03572	0.01441	0.20162	0.04474	0.02999	0.17059	0.15699	0.07922	0.01820	0.00305	0.00419
8	0.00686	0.00499	0.00640	0.09038	0.00904	0.00484	0.00491	0.00898	0.04055	0.05358	0.36261	0.10060	0.23104	0.00897	0.00494	0.00143	0.00266	0.02481	0.02816	0.00424

[dist]
# distance from previous block
# <min> <max>
4	12

[block]
# block no. 6 follows, 61 sequences, length 21
# corresponding to MSA columns:
# 215,218-237
name=unknown_G
#
# <colnr> <probs for GDERKNQSTAVLIFYWHMCP>
#	G	D	E	R	K	N	Q	S	T	A	V	L	I	F	Y	W	H	M	C	P
0	0.01249	0.33285	0.05097	0.00957	0.02779	0.23666	0.04367	0.06890	0.01066	0.02929	0.00845	0.02682	0.00743	0.00479	0.00396	0.00115	0.03167	0.03766	0.04980	0.00540
1	0.05152	0.04933	0.06377	0.04185	0.05369	0.08574	0.11136	0.18838	0.12992	0.06953	0.01084	0.01157	0.02354	0.00485	0.00461	0.00131	0.04158	0.00395	0.00319	0.04947
2	0.04018	0.05452	0.13279	0.01247	0.09703	0.06916	0.14669	0.10464	0.06154	0.11321	0.03105	0.02261	0.01904	0.00483	0.00451	0.00132	0.02596	0.01294	0.00302	0.04247
3	0.00820	0.00673	0.02358	0.02876	0.00921	0.02979	0.00576	0.02812	0.17320	0.05388	0.06560	0.29568	0.09885	0.01002	0.03003	0.00171	0.04006	0.05289	0.00385	0.03407
4	0.00738	0.00379	0.00563	0.00563	0.00567	0.00383	0.00377	0.00572	0.00569	0.00762	0.00787	0.01379	0.00791	0.04544	0.05116	0.80725	0.00408	0.00387	0.00192	0.00198
5	0.02738	0.11717	0.22298	0.01167	0.04182	0.08356	0.13347	0.15466	0.03173	0.04174	0.01061	0.01244	0.04262	0.00488	0.00436	0.00132	0.01853	0.03032	0.00273	0.00603
6	0.03148	0.06812	0.01384	0.11430	0.21470	0.02148	0.08786	0.06191	0.16748	0.01483	0.04621	0.05943	0.06868	0.00558	0.00439	0.00137	0.00453	0.00499	0.00302	0.00581
7	0.00614	0.00442	0.00594	0.00672	0.00744	0.00425	0.00529	0.00759	0.00946	0.01249	0.10649	0.33303	0.06718	0.03278	0.00605	0.00186	0.00315	0.37194	0.00403	0.00376
8	0.01047	0.02149	0.01104	0.00905	0.01139	0.07221	0.11731	0.11073	0.22809	0.03938	0.10304	0.04935	0.07365	0.02172	0.00482	0.00142	0.00411	0.02679	0.07839	0.00554
9	0.06533	0.09377	0.10838	0.03124	0.04927	0.04411	0.10421	0.09678	0.02306	0.20900	0.02425	0.03777	0.03339	0.00535	0.00449	0.00135	0.02649	0.03237	0.00334	0.00605
10	0.00684	0.00449	0.00532	0.00548	0.00653	0.00412	0.00400	0.00822	0.02603	0.07380	0.06905	0.28889	0.27850	0.06498	0.00610	0.00170	0.00263	0.05573	0.08365	0.00395
11	0.01039	0.00996	0.01700	0.11231	0.73796	0.01016	0.01309	0.01299	0.00968	0.01375	0.00806	0.01075	0.00671	0.00389	0.00427	0.00130	0.00518	0.00384	0.00211	0.00661
12	0.01312	0.04799	0.06056	0.04785	0.09687	0.14758	0.07852	0.14638	0.11314	0.11671	0.01107	0.02420	0.00863	0.00515	0.00467	0.00135	0.03635	0.03046	0.00323	0.00618
13	0.00937	0.02112	0.05331	0.21832	0.11317	0.06061	0.06250	0.06292	0.03667	0.02106	0.01150	0.06646	0.03680	0.12334	0.00768	0.02803	0.04090	0.01873	0.00258	0.00494
14	0.00582	0.00456	0.00491	0.00486	0.00625	0.00398	0.00363	0.00736	0.03698	0.03675	0.11528	0.11245	0.62075	0.01060	0.00508	0.00147	0.00228	0.00897	0.00412	0.00388
15	0.00621	0.02959	0.00587	0.00585	0.00667	0.00438	0.00416	0.00766	0.04030	0.03852	0.13081	0.51689	0.14939	0.02582	0.00550	0.00164	0.00255	0.01023	0.00407	0.00389
16	0.10727	0.07892	0.09453	0.12955	0.06275	0.07561	0.10457	0.14824	0.04483	0.05183	0.00859	0.01009	0.00651	0.00455	0.00462	0.00134	0.05401	0.00362	0.00271	0.00587
17	0.00818	0.00769	0.01067	0.14678	0.18094	0.06375	0.04216	0.00991	0.00900	0.01161	0.01662	0.11597	0.13318	0.08587	0.06005	0.00207	0.03483	0.05335	0.00276	0.00463
18	0.00743	0.00471	0.00591	0.00592	0.00622	0.04014	0.00410	0.00676	0.00701	0.00920	0.08598	0.03607	0.01343	0.13144	0.04130	0.52399	0.00406	0.06128	0.00247	0.00256
19	0.01050	0.26177	0.06089	0.13758	0.05784	0.07862	0.07563	0.07241	0.03082	0.01261	0.03312	0.07394	0.00897	0.00567	0.00479	0.05795	0.00507	0.00414	0.00243	0.00524
20	0.04500	0.06385	0.02167	0.02553	0.01186	0.06222	0.00741	0.20117	0.30148	0.05142	0.03368	0.03382	0.02000	0.00577	0.00510	0.00139	0.08184	0.00436	0.00370	0.01875

[dist]
# distance from previous block
# <min> <max>
1	23

[block]
# block no. 7 follows, 61 sequences, length 23
# corresponding to MSA columns:
# 261-283
name=unknown_H
#
# <colnr> <probs for GDERKNQSTAVLIFYWHMCP>
#	G	D	E	R	K	N	Q	S	T	A	V	L	I	F	Y	W	H	M	C	P
0	0.06347	0.01342	0.03169	0.00924	0.01211	0.27536	0.00746	0.25257	0.04592	0.02618	0.03728	0.01137	0.02110	0.00497	0.00416	0.00118	0.02089	0.01988	0.00318	0.13857
1	0.00816	0.00825	0.07894	0.00771	0.02497	0.02907	0.02846	0.05155	0.06472	0.02588	0.06829	0.08083	0.25590	0.00792	0.01439	0.00140	0.04397	0.03977	0.00341	0.15642
2	0.53751	0.05784	0.02999	0.00666	0.00946	0.02338	0.00566	0.06093	0.04301	0.06357	0.02524	0.01003	0.03694	0.00462	0.00346	0.00129	0.02528	0.00308	0.00298	0.04907
3	0.00825	0.00639	0.03928	0.00632	0.00810	0.00580	0.00512	0.07592	0.09518	0.06948	0.37702	0.06008	0.17396	0.00821	0.00479	0.00138	0.00272	0.00702	0.04017	0.00482
4	0.00986	0.00987	0.03203	0.31367	0.48358	0.03169	0.03226	0.01256	0.00944	0.01288	0.00791	0.01087	0.00637	0.00402	0.00429	0.00134	0.00549	0.00382	0.00205	0.00602
5	0.00536	0.00410	0.00490	0.00536	0.00616	0.00367	0.00380	0.00639	0.00924	0.01186	0.10928	0.41479	0.32718	0.03230	0.00572	0.00167	0.00243	0.03816	0.00404	0.00360
6	0.02554	0.05823	0.09780	0.00769	0.01071	0.06200	0.00691	0.08767	0.02887	0.34031	0.01323	0.01304	0.00923	0.00495	0.00384	0.00122	0.00397	0.00386	0.21483	0.00612
7	0.01018	0.00579	0.00669	0.00611	0.00776	0.00578	0.00468	0.06656	0.11045	0.16066	0.05720	0.17244	0.05921	0.00727	0.00418	0.00132	0.00277	0.00616	0.29971	0.00507
8	0.00802	0.00490	0.00593	0.00565	0.00714	0.00436	0.00428	0.00958	0.02745	0.15791	0.17977	0.18638	0.34148	0.00993	0.00504	0.00148	0.00255	0.02935	0.00438	0.00443
9	0.01049	0.01006	0.01718	0.08001	0.76947	0.01019	0.01314	0.01307	0.00973	0.01387	0.00807	0.01072	0.00675	0.00387	0.00427	0.00129	0.00516	0.00384	0.00212	0.00669
10	0.00624	0.00419	0.00489	0.00493	0.00506	0.00421	0.00294	0.00653	0.00674	0.00919	0.04782	0.07077	0.01694	0.69160	0.07325	0.00402	0.00442	0.00648	0.02695	0.00284
11	0.00862	0.00501	0.00643	0.00618	0.00756	0.00460	0.00475	0.02073	0.01043	0.17407	0.19345	0.19791	0.16862	0.04381	0.02877	0.00179	0.00310	0.10536	0.00432	0.00449
12	0.01176	0.00991	0.01750	0.01311	0.01656	0.00964	0.40373	0.17085	0.01246	0.11200	0.04410	0.01770	0.04679	0.00552	0.00493	0.00146	0.00557	0.08714	0.00334	0.00593
13	0.00904	0.00948	0.06822	0.35664	0.17619	0.00952	0.09996	0.02361	0.09627	0.01312	0.01097	0.05103	0.02939	0.00506	0.00449	0.00143	0.00529	0.02228	0.00247	0.00554
14	0.00637	0.00449	0.00562	0.00540	0.00656	0.00406	0.00408	0.00811	0.01139	0.04631	0.55128	0.07948	0.20397	0.00949	0.00511	0.00142	0.00222	0.03603	0.00454	0.00406
15	0.00673	0.00476	0.00561	0.00528	0.00667	0.00429	0.00400	0.00873	0.04301	0.06817	0.40250	0.05097	0.35446	0.00941	0.00502	0.00141	0.00227	0.00807	0.00445	0.00420
16	0.00724	0.14593	0.01155	0.00798	0.00991	0.00729	0.14737	0.00878	0.00931	0.01188	0.06878	0.27187	0.24387	0.00902	0.00497	0.00146	0.01708	0.00804	0.00333	0.00434
17	0.00920	0.00583	0.00731	0.00667	0.00827	0.00584	0.00520	0.04169	0.12068	0.14233	0.32850	0.05535	0.05349	0.02875	0.09451	0.00208	0.00380	0.05828	0.01725	0.00497
18	0.01026	0.01157	0.03961	0.01685	0.02064	0.01126	0.65740	0.04208	0.01005	0.01383	0.00835	0.01124	0.00643	0.00421	0.00621	0.00150	0.11574	0.00483	0.00221	0.00573
19	0.01325	0.00995	0.01073	0.00896	0.01180	0.01109	0.00716	0.29738	0.44826	0.08707	0.01567	0.01463	0.03274	0.00570	0.00437	0.00139	0.00386	0.00459	0.00442	0.00695
20	0.00994	0.00836	0.01215	0.21052	0.14798	0.00864	0.04099	0.09217	0.02381	0.05059	0.06885	0.01381	0.04165	0.02070	0.00503	0.00129	0.04779	0.00420	0.00283	0.18871
21	0.37292	0.00847	0.00837	0.03236	0.01030	0.00917	0.00578	0.14073	0.11118	0.07942	0.01205	0.04489	0.05484	0.00523	0.00362	0.00130	0.00355	0.00390	0.00344	0.08847
22	0.02220	0.08435	0.01139	0.03835	0.01172	0.12268	0.03851	0.14740	0.07877	0.06859	0.08901	0.06653	0.05416	0.00575	0.00414	0.00120	0.00431	0.00468	0.00341	0.14284

[dist]
# distance from previous block
# <min> <max>
0	55

[block]
# block no. 8 follows, 61 sequences, length 14
# corresponding to MSA columns:
# 354-363,369-372
name=unknown_I
#
# <colnr> <probs for GDERKNQSTAVLIFYWHMCP>
#	G	D	E	R	K	N	Q	S	T	A	V	L	I	F	Y	W	H	M	C	P
0	0.06422	0.31146	0.26372	0.00932	0.01339	0.01224	0.04189	0.05579	0.03690	0.02734	0.02188	0.01045	0.02700	0.02966	0.00452	0.00129	0.03557	0.00333	0.00232	0.02773
1	0.00784	0.00572	0.00657	0.00573	0.00761	0.00517	0.00434	0.03273	0.06557	0.07060	0.15868	0.02706	0.28377	0.10511	0.03680	0.00179	0.00317	0.00643	0.00377	0.16154
2	0.01581	0.01353	0.01281	0.01025	0.01320	0.17392	0.00831	0.59335	0.01766	0.02265	0.00927	0.00977	0.00685	0.00520	0.00495	0.00130	0.06714	0.00365	0.00372	0.00667
3	0.00580	0.00430	0.00531	0.00589	0.00656	0.00403	0.00412	0.04333	0.00925	0.01208	0.04732	0.60916	0.18283	0.01244	0.00536	0.00167	0.00256	0.03021	0.00403	0.00373
4	0.07580	0.08323	0.01133	0.00844	0.01118	0.09362	0.00683	0.28933	0.08039	0.15347	0.02954	0.10319	0.01098	0.01781	0.00442	0.00136	0.00433	0.00471	0.00389	0.00615
5	0.00996	0.02161	0.00993	0.05467	0.11013	0.05930	0.01927	0.12929	0.04501	0.06053	0.06188	0.13528	0.07313	0.06494	0.00597	0.00167	0.00416	0.12459	0.00356	0.00511
6	0.00594	0.00433	0.00507	0.00493	0.00607	0.00390	0.00368	0.00761	0.01092	0.01503	0.44429	0.05969	0.30090	0.00926	0.00487	0.00136	0.00210	0.00797	0.09819	0.00390
7	0.01036	0.00913	0.00992	0.00781	0.03892	0.06170	0.00597	0.10642	0.01053	0.01537	0.00793	0.00908	0.00645	0.00353	0.00341	0.00077	0.00375	0.00277	0.00273	0.68346
8	0.05105	0.11001	0.05364	0.07172	0.03056	0.03758	0.03163	0.08336	0.04570	0.07141	0.04607	0.02257	0.00865	0.00433	0.00370	0.00105	0.00417	0.00347	0.00290	0.31644
9	0.06607	0.18303	0.01394	0.01021	0.02821	0.54648	0.00795	0.04415	0.04111	0.01191	0.00705	0.00801	0.00586	0.00433	0.00363	0.00111	0.00656	0.00279	0.00232	0.00527
10	0.00980	0.01005	0.01314	0.01130	0.01142	0.05901	0.00936	0.01075	0.00691	0.01038	0.00571	0.00933	0.00565	0.00737	0.01356	0.00184	0.79408	0.00371	0.00190	0.00473
11	0.01092	0.00831	0.01063	0.00814	0.02761	0.00712	0.06139	0.07271	0.06385	0.11482	0.01054	0.01115	0.02538	0.00399	0.00369	0.00091	0.00368	0.00337	0.00314	0.54865
12	0.00628	0.00457	0.00561	0.00570	0.00639	0.00448	0.00395	0.02826	0.04440	0.01292	0.25038	0.28104	0.07396	0.20302	0.04731	0.00239	0.00325	0.00852	0.00384	0.00373
13	0.00540	0.00416	0.00491	0.00544	0.00627	0.00374	0.00392	0.00639	0.00900	0.01134	0.03169	0.38243	0.36623	0.05089	0.00613	0.00176	0.00259	0.09023	0.00393	0.00356

[dist]
# distance from previous block
# <min> <max>
1	3

[block]
# block no. 9 follows, 61 sequences, length 11
# corresponding to MSA columns:
# 376-386
name=unknown_J
#
# <colnr> <probs for GDERKNQSTAVLIFYWHMCP>
#	G	D	E	R	K	N	Q	S	T	A	V	L	I	F	Y	W	H	M	C	P
0	0.01200	0.04787	0.03736	0.11775	0.02756	0.05392	0.12780	0.12070	0.01140	0.14740	0.03176	0.03225	0.02632	0.00477	0.00431	0.00122	0.01595	0.00414	0.00314	0.17237
1	0.01351	0.03034	0.01525	0.03530	0.09813	0.19112	0.19927	0.06344	0.04438	0.18269	0.01146	0.04147	0.02456	0.00497	0.00465	0.00133	0.02456	0.00442	0.00314	0.00600
2	0.00556	0.00403	0.00532	0.00623	0.00672	0.00379	0.00450	0.00657	0.00869	0.01141	0.02517	0.62936	0.09166	0.01298	0.00555	0.00177	0.00275	0.16034	0.00399	0.00360
3	0.00878	0.07254	0.71686	0.01193	0.01786	0.01025	0.04344	0.01339	0.00923	0.01357	0.03813	0.00992	0.00682	0.00423	0.00408	0.00134	0.00613	0.00337	0.00194	0.00621
4	0.01461	0.03086	0.03785	0.01066	0.06725	0.00872	0.10552	0.14069	0.04758	0.36297	0.01311	0.01331	0.00920	0.00829	0.10708	0.00203	0.00545	0.00429	0.00395	0.00658
5	0.04107	0.02136	0.76547	0.01225	0.01841	0.01002	0.04542	0.01361	0.00907	0.01386	0.00770	0.00911	0.00547	0.00407	0.00408	0.00137	0.00629	0.00322	0.00186	0.00628
6	0.23219	0.00848	0.00958	0.00760	0.01075	0.00855	0.00626	0.15549	0.04350	0.45485	0.01313	0.01206	0.00869	0.00499	0.00392	0.00133	0.00376	0.00378	0.00445	0.00665
7	0.01114	0.01012	0.05017	0.06838	0.22833	0.05574	0.07999	0.10405	0.06082	0.08515	0.08255	0.01549	0.05707	0.00616	0.02785	0.00152	0.03107	0.01531	0.00313	0.00597
8	0.28283	0.00986	0.03247	0.10736	0.20391	0.05280	0.04456	0.03462	0.07227	0.09472	0.00904	0.01035	0.00685	0.00471	0.01542	0.00141	0.00470	0.00349	0.00282	0.00578
9	0.00586	0.00426	0.00543	0.00606	0.00648	0.00419	0.00419	0.02381	0.00848	0.01136	0.02304	0.61206	0.08249	0.08684	0.00715	0.00193	0.03172	0.04265	0.02841	0.00359
10	0.00627	0.00426	0.00553	0.00616	0.00670	0.00408	0.00428	0.00760	0.04123	0.04475	0.06477	0.62502	0.02659	0.07591	0.00666	0.00190	0.00277	0.05774	0.00400	0.00378

[dist]
# distance from previous block
# <min> <max>
0	1

[block]
# block no. 10 follows, 61 sequences, length 8
# corresponding to MSA columns:
# 388-395
name=unknown_K
#
# <colnr> <probs for GDERKNQSTAVLIFYWHMCP>
#	G	D	E	R	K	N	Q	S	T	A	V	L	I	F	Y	W	H	M	C	P
0	0.03473	0.44567	0.19598	0.01009	0.05825	0.03406	0.03880	0.04116	0.03120	0.06267	0.00774	0.00864	0.00618	0.00402	0.00344	0.00113	0.00508	0.00294	0.00227	0.00596
1	0.09684	0.00822	0.05516	0.23901	0.08668	0.00817	0.08958	0.03055	0.03877	0.01355	0.06369	0.10284	0.02493	0.04902	0.00559	0.01488	0.00466	0.06021	0.00279	0.00487
2	0.00637	0.00443	0.00570	0.00601	0.00683	0.00418	0.00441	0.00801	0.03299	0.04175	0.26137	0.36407	0.09389	0.04129	0.00591	0.00170	0.00263	0.10031	0.00422	0.00393
3	0.00535	0.00395	0.00493	0.00556	0.00610	0.00361	0.00379	0.00624	0.00879	0.01154	0.09918	0.57400	0.17895	0.05899	0.00630	0.00179	0.00249	0.01091	0.00399	0.00353
4	0.11493	0.03180	0.03729	0.04963	0.10096	0.12857	0.03227	0.08680	0.24119	0.06913	0.02371	0.04511	0.00972	0.00521	0.00411	0.00134	0.00464	0.00421	0.00334	0.00603
5	0.03344	0.00632	0.00700	0.00675	0.00809	0.04472	0.00519	0.04228	0.13042	0.01460	0.23281	0.10652	0.10751	0.02982	0.13564	0.00240	0.00442	0.07372	0.00385	0.00449
6	0.00541	0.00393	0.00484	0.00550	0.00590	0.00364	0.00363	0.00608	0.00814	0.01062	0.02514	0.56687	0.15513	0.16412	0.00840	0.00214	0.00275	0.01065	0.00375	0.00336
7	0.00853	0.00824	0.03599	0.07218	0.01256	0.04798	0.14080	0.06540	0.03875	0.01256	0.04345	0.01855	0.09154	0.12953	0.19743	0.00308	0.06091	0.00520	0.00273	0.00460

[dist]
# distance from previous block
# <min> <max>
5	31

[block]
# block no. 11 follows, 61 sequences, length 12
# corresponding to MSA columns:
# 431-442
name=unknown_L
#
# <colnr> <probs for GDERKNQSTAVLIFYWHMCP>
#	G	D	E	R	K	N	Q	S	T	A	V	L	I	F	Y	W	H	M	C	P
0	0.00967	0.17226	0.01189	0.00758	0.01031	0.00868	0.05461	0.07774	0.06925	0.04756	0.03731	0.16883	0.05605	0.02172	0.00438	0.00122	0.00368	0.00540	0.00320	0.22865
1	0.00648	0.00475	0.00626	0.00717	0.05652	0.00452	0.00474	0.00795	0.04232	0.02798	0.11100	0.42017	0.11167	0.06534	0.00675	0.03626	0.00289	0.05275	0.00381	0.02068
2	0.00608	0.00447	0.00524	0.00517	0.00593	0.00426	0.00354	0.00759	0.04432	0.01270	0.29614	0.10483	0.18089	0.28776	0.01067	0.00235	0.00287	0.00781	0.00381	0.00357
3	0.01116	0.10176	0.01085	0.00815	0.01061	0.07093	0.00664	0.20194	0.25389	0.01740	0.06643	0.02020	0.12947	0.00671	0.00441	0.00137	0.00396	0.06444	0.00386	0.00582
4	0.17487	0.00780	0.00951	0.00744	0.01066	0.00736	0.00614	0.06760	0.01191	0.63004	0.01460	0.01301	0.00937	0.00508	0.00403	0.00133	0.00367	0.00394	0.00479	0.00685
5	0.00837	0.00657	0.00725	0.00679	0.00855	0.00687	0.00520	0.03583	0.32730	0.04736	0.12518	0.12599	0.23611	0.00861	0.00483	0.00148	0.00286	0.02536	0.00430	0.00518
6	0.00540	0.00398	0.00501	0.00558	0.00616	0.00364	0.00384	0.00640	0.00913	0.01210	0.16371	0.54308	0.16358	0.03995	0.00590	0.00171	0.00242	0.01075	0.00408	0.00359
7	0.01511	0.04615	0.01273	0.01092	0.01315	0.68199	0.03144	0.03813	0.03327	0.01121	0.00723	0.00875	0.00610	0.02708	0.00479	0.00124	0.04027	0.00304	0.00232	0.00507
8	0.06536	0.00879	0.00973	0.00802	0.01021	0.03086	0.02760	0.28839	0.06415	0.06315	0.03379	0.01287	0.00947	0.00539	0.00490	0.00129	0.09111	0.00401	0.25520	0.00571
9	0.02540	0.00396	0.00513	0.00581	0.00618	0.00383	0.00395	0.00644	0.00795	0.01099	0.03246	0.58946	0.03968	0.06579	0.04167	0.08379	0.00310	0.02100	0.04002	0.00337
10	0.09436	0.00860	0.00977	0.00785	0.01065	0.00891	0.00640	0.25063	0.07229	0.25382	0.05601	0.01611	0.09937	0.00599	0.00467	0.00134	0.04011	0.00464	0.00426	0.04421
11	0.04423	0.04302	0.00755	0.00622	0.00783	0.03449	0.02531	0.04461	0.06477	0.04780	0.13866	0.05284	0.21150	0.18755	0.00825	0.00195	0.00339	0.01585	0.01394	0.04026

[dist]
# distance from previous block
# <min> <max>
0	1

[block]
# block no. 12 follows, 61 sequences, length 25
# corresponding to MSA columns:
# 444-468
name=unknown_M
#
# <colnr> <probs for GDERKNQSTAVLIFYWHMCP>
#	G	D	E	R	K	N	Q	S	T	A	V	L	I	F	Y	W	H	M	C	P
0	0.00530	0.00401	0.00491	0.00550	0.00619	0.00362	0.00385	0.00628	0.00906	0.01172	0.09105	0.52273	0.26828	0.01232	0.00535	0.00164	0.00240	0.02814	0.00406	0.00359
1	0.00860	0.00540	0.00731	0.00661	0.00831	0.00491	0.04663	0.01047	0.02403	0.16025	0.22839	0.08933	0.23796	0.00909	0.00504	0.00149	0.00296	0.11451	0.02408	0.00462
2	0.00968	0.00910	0.01529	0.27811	0.47529	0.00981	0.02559	0.01221	0.00934	0.02514	0.00963	0.01236	0.04386	0.00449	0.00476	0.00137	0.04174	0.00410	0.00219	0.00594
3	0.03077	0.00890	0.01236	0.20709	0.05124	0.02445	0.08345	0.13662	0.13659	0.10548	0.01219	0.07443	0.01002	0.03958	0.00556	0.00155	0.03878	0.01188	0.00330	0.00577
4	0.00842	0.00790	0.01331	0.66946	0.15078	0.00945	0.01181	0.01117	0.00871	0.01143	0.00793	0.01164	0.00617	0.00570	0.04758	0.00170	0.00595	0.00387	0.00197	0.00505
5	0.01015	0.00831	0.01035	0.03631	0.04872	0.01881	0.02688	0.05729	0.03157	0.06502	0.00907	0.03481	0.00750	0.00414	0.00414	0.00092	0.04746	0.00333	0.00283	0.57239
6	0.04615	0.06040	0.04800	0.01150	0.01488	0.02288	0.27548	0.12193	0.04598	0.12829	0.02351	0.04679	0.05118	0.00521	0.00485	0.00136	0.03873	0.00479	0.00320	0.04489
7	0.00855	0.00619	0.00774	0.00711	0.00853	0.00650	0.02862	0.04897	0.16670	0.07804	0.06600	0.14410	0.10755	0.13242	0.12269	0.00265	0.02520	0.02401	0.00370	0.00471
8	0.09815	0.00836	0.00985	0.00818	0.01074	0.03277	0.04795	0.14749	0.13003	0.22468	0.11944	0.06671	0.03759	0.00645	0.00444	0.00140	0.00377	0.03176	0.00426	0.00598
9	0.05722	0.04016	0.02803	0.03238	0.01319	0.20118	0.11140	0.10608	0.09068	0.03741	0.02356	0.01464	0.06688	0.00586	0.01946	0.00138	0.02245	0.04159	0.00302	0.08341
10	0.00929	0.00808	0.01313	0.26168	0.31416	0.00867	0.03149	0.01203	0.04463	0.05029	0.07057	0.09368	0.01178	0.03062	0.00519	0.00149	0.01990	0.00511	0.00270	0.00553
11	0.00613	0.00455	0.00504	0.00496	0.00635	0.00395	0.00373	0.00751	0.01990	0.05718	0.15110	0.10765	0.57052	0.01048	0.00509	0.00147	0.00232	0.02393	0.00418	0.00393
12	0.00598	0.00431	0.00541	0.00576	0.00650	0.00405	0.00406	0.02459	0.01734	0.02552	0.19380	0.46674	0.14742	0.03567	0.03032	0.00182	0.00275	0.01006	0.00410	0.00380
13	0.08911	0.01342	0.02448	0.03284	0.09985	0.27061	0.03213	0.18117	0.08347	0.06748	0.00954	0.01069	0.00736	0.00475	0.00413	0.00126	0.01242	0.01691	0.00309	0.03530
14	0.10548	0.00764	0.00888	0.00736	0.01001	0.00770	0.00591	0.08221	0.17913	0.34679	0.12799	0.01779	0.06213	0.00609	0.00431	0.00137	0.00335	0.00495	0.00461	0.00627
15	0.00550	0.00413	0.00511	0.00548	0.00625	0.00378	0.00391	0.00668	0.00954	0.01259	0.21510	0.38106	0.23546	0.03288	0.03028	0.00180	0.00266	0.03003	0.00409	0.00367
16	0.00736	0.00765	0.13333	0.02788	0.06100	0.00567	0.00692	0.00960	0.05050	0.05961	0.02691	0.50578	0.02091	0.03151	0.00547	0.00168	0.00352	0.02657	0.00356	0.00457
17	0.03974	0.01456	0.07462	0.06329	0.09066	0.29660	0.06213	0.14680	0.03292	0.08201	0.00879	0.00988	0.00665	0.00457	0.00439	0.00126	0.02864	0.00350	0.00283	0.02616
18	0.00649	0.00412	0.00521	0.00523	0.00536	0.00419	0.00329	0.00633	0.00644	0.00871	0.03634	0.05111	0.01440	0.50955	0.11571	0.20175	0.00483	0.00574	0.00252	0.00266
19	0.01318	0.19439	0.01376	0.01022	0.05415	0.39939	0.00773	0.03918	0.12390	0.01225	0.03066	0.01074	0.00824	0.04389	0.01959	0.00139	0.00600	0.00339	0.00259	0.00537
20	0.00891	0.00748	0.00885	0.00750	0.04697	0.00646	0.00555	0.05495	0.09010	0.01510	0.07924	0.05767	0.06533	0.00511	0.00382	0.00096	0.00319	0.00429	0.00316	0.52533
21	0.01110	0.17848	0.01222	0.00820	0.01047	0.10519	0.06622	0.02834	0.06988	0.14132	0.03938	0.19945	0.05036	0.04680	0.00518	0.00148	0.00426	0.01307	0.00342	0.00517
22	0.03342	0.03574	0.05691	0.02749	0.18975	0.05512	0.11820	0.09549	0.06906	0.18494	0.01168	0.03735	0.00908	0.00500	0.00436	0.00134	0.00495	0.03097	0.00330	0.02585
23	0.00842	0.03269	0.01976	0.05245	0.29921	0.02600	0.05221	0.01023	0.00931	0.03037	0.03377	0.32820	0.03991	0.00809	0.00482	0.00149	0.00411	0.03079	0.00306	0.00511
24	0.05778	0.02001	0.06733	0.00772	0.03113	0.00643	0.02243	0.01277	0.05412	0.21772	0.07604	0.09000	0.03824	0.12251	0.09671	0.00235	0.00460	0.02336	0.00363	0.04512

[dist]
# distance from previous block
# <min> <max>
2	9

[block]
# block no. 13 follows, 61 sequences, length 22
# corresponding to MSA columns:
# 479-500
name=unknown_N
#
# <colnr> <probs for GDERKNQSTAVLIFYWHMCP>
#	G	D	E	R	K	N	Q	S	T	A	V	L	I	F	Y	W	H	M	C	P
0	0.01013	0.04684	0.04249	0.00815	0.01028	0.06647	0.02162	0.14739	0.16952	0.02385	0.01434	0.04474	0.04599	0.12202	0.12835	0.00255	0.00543	0.05200	0.00331	0.03454
1	0.01073	0.00888	0.01424	0.30326	0.29973	0.00954	0.03946	0.05208	0.02480	0.09800	0.00922	0.01179	0.00714	0.02453	0.00500	0.00141	0.03086	0.00395	0.00256	0.04284
2	0.02549	0.00513	0.00612	0.00614	0.00713	0.00512	0.00446	0.06013	0.07455	0.01439	0.24000	0.32316	0.08846	0.08240	0.00655	0.00177	0.00278	0.03794	0.00410	0.00414
3	0.05226	0.00870	0.01194	0.00995	0.03482	0.03487	0.13838	0.18089	0.01256	0.19055	0.05052	0.08699	0.07517	0.00680	0.00471	0.00145	0.00439	0.08533	0.00391	0.00579
4	0.00735	0.00594	0.00844	0.09441	0.15373	0.00585	0.00653	0.00937	0.02352	0.04113	0.24254	0.06034	0.24703	0.00931	0.04542	0.00168	0.00361	0.02555	0.00363	0.00463
5	0.00940	0.00902	0.01547	0.35222	0.43406	0.00973	0.04784	0.01207	0.00934	0.01273	0.00938	0.01227	0.03906	0.00430	0.00435	0.00136	0.00535	0.00410	0.00212	0.00583
6	0.01319	0.00987	0.01061	0.00863	0.01111	0.03581	0.00690	0.52689	0.01579	0.02123	0.01117	0.01431	0.00925	0.11118	0.12463	0.00244	0.00562	0.01952	0.03585	0.00600
7	0.00671	0.00479	0.00615	0.00627	0.00738	0.00459	0.00498	0.00899	0.04782	0.03224	0.37841	0.09947	0.11141	0.01002	0.00529	0.00158	0.00275	0.23825	0.01875	0.00414
8	0.00888	0.13756	0.54472	0.05127	0.01652	0.01051	0.01285	0.01336	0.05787	0.01315	0.02660	0.01126	0.03614	0.00554	0.03475	0.00152	0.00586	0.00355	0.00214	0.00596
9	0.00949	0.00903	0.01536	0.40436	0.45302	0.00993	0.01263	0.01219	0.00925	0.01265	0.00789	0.01104	0.00632	0.00406	0.00428	0.00135	0.00541	0.00383	0.00203	0.00587
10	0.02646	0.00918	0.00915	0.00807	0.01040	0.06989	0.00631	0.08803	0.44777	0.08399	0.03297	0.01685	0.07053	0.00642	0.01875	0.00146	0.00377	0.00482	0.07902	0.00616
11	0.00749	0.00568	0.00676	0.00660	0.00796	0.00589	0.00500	0.01163	0.21625	0.04462	0.15660	0.18569	0.15745	0.01252	0.11822	0.00226	0.00394	0.03674	0.00404	0.00468
12	0.00889	0.00842	0.01422	0.56115	0.22076	0.00971	0.04065	0.01202	0.03791	0.01215	0.00853	0.01236	0.00677	0.00441	0.00437	0.00141	0.00552	0.02328	0.00212	0.00537
13	0.00948	0.00793	0.00749	0.00692	0.00872	0.13883	0.01434	0.03869	0.04777	0.10408	0.11255	0.05433	0.32958	0.00868	0.00486	0.00144	0.00364	0.09207	0.00394	0.00464
14	0.00655	0.00450	0.00557	0.00585	0.00638	0.00441	0.00397	0.02768	0.03852	0.03111	0.11229	0.39801	0.02431	0.26697	0.01038	0.00242	0.00313	0.04060	0.00371	0.00362
15	0.00589	0.00405	0.00523	0.00578	0.00633	0.00377	0.00397	0.00683	0.00883	0.03784	0.12083	0.56822	0.09966	0.06787	0.03191	0.00198	0.00284	0.01054	0.00399	0.00366
16	0.02989	0.00859	0.01113	0.02554	0.04091	0.09381	0.15544	0.04249	0.10601	0.01403	0.09526	0.16214	0.14754	0.00778	0.00485	0.00147	0.00428	0.04047	0.00346	0.00490
17	0.01077	0.01108	0.01126	0.00990	0.01068	0.20451	0.00781	0.06013	0.00871	0.01107	0.00759	0.01200	0.00735	0.11300	0.06267	0.02986	0.41094	0.00390	0.00223	0.00453
18	0.11737	0.00483	0.00531	0.00540	0.00648	0.00476	0.00393	0.00843	0.02587	0.03015	0.16691	0.24768	0.15851	0.07750	0.00603	0.00168	0.00263	0.02685	0.09578	0.00391
19	0.04398	0.00726	0.00803	0.00790	0.04071	0.06877	0.01984	0.11520	0.02742	0.04912	0.10549	0.26328	0.08630	0.08053	0.00643	0.00173	0.01495	0.04471	0.00374	0.00461
20	0.00951	0.00897	0.01489	0.34298	0.44209	0.00977	0.01208	0.01264	0.04889	0.01318	0.03770	0.01203	0.00793	0.00430	0.00432	0.00135	0.00517	0.00403	0.00225	0.00592
21	0.02675	0.01037	0.01090	0.21167	0.05724	0.18660	0.00828	0.04684	0.08930	0.12203	0.03191	0.02938	0.05845	0.00655	0.03782	0.00157	0.03049	0.00435	0.02410	0.00541

[dist]
# distance from previous block
# <min> <max>
7	34

[block]
# block no. 14 follows, 61 sequences, length 8
# corresponding to MSA columns:
# 552-559
name=unknown_O
#
# <colnr> <probs for GDERKNQSTAVLIFYWHMCP>
#	G	D	E	R	K	N	Q	S	T	A	V	L	I	F	Y	W	H	M	C	P
0	0.01172	0.00976	0.01632	0.14366	0.04254	0.01024	0.27946	0.11098	0.10201	0.12512	0.03872	0.01289	0.00894	0.00486	0.00528	0.00144	0.06230	0.00458	0.00314	0.00605
