[name]
unknown

[dist]
# distance from previous block
# <min> <max>
0	9

[block]
# block no. 0 follows, 79 sequences, length 25
# corresponding to MSA columns:
# 9-33
name=unknown_A
#
# <colnr> <probs for GDERKNQSTAVLIFYWHMCP>
#	G	D	E	R	K	N	Q	S	T	A	V	L	I	F	Y	W	H	M	C	P
0	0.00596	0.00449	0.00662	0.00777	0.06969	0.00447	0.02333	0.00764	0.00811	0.01063	0.01754	0.03685	0.01890	0.00911	0.00475	0.00157	0.00337	0.75263	0.00310	0.00345
1	0.85028	0.05642	0.00594	0.00471	0.00694	0.00825	0.00394	0.01037	0.00606	0.01538	0.00491	0.00572	0.00386	0.00326	0.00219	0.00107	0.00279	0.00191	0.00214	0.00386
2	0.00811	0.00756	0.01101	0.56498	0.07759	0.09557	0.06995	0.01024	0.00770	0.05777	0.00697	0.00939	0.00524	0.00355	0.00348	0.00112	0.00467	0.00315	0.04777	0.00419
3	0.00480	0.00357	0.00447	0.00431	0.00517	0.00324	0.00321	0.00627	0.00945	0.01303	0.66081	0.07591	0.17726	0.00773	0.00418	0.00114	0.00171	0.00677	0.00374	0.00324
4	0.00715	0.00653	0.01045	0.69410	0.08310	0.00782	0.00923	0.06930	0.00787	0.01018	0.00813	0.01068	0.05313	0.00385	0.00356	0.00116	0.00444	0.00338	0.00182	0.00413
5	0.07100	0.00932	0.00806	0.00720	0.00917	0.18647	0.00558	0.07586	0.49326	0.01370	0.01298	0.01241	0.07043	0.00470	0.00344	0.00112	0.00353	0.00368	0.00309	0.00498
6	0.00851	0.00816	0.01392	0.10880	0.76865	0.00832	0.01071	0.01063	0.00792	0.01126	0.00659	0.00879	0.00549	0.00318	0.00349	0.00106	0.00424	0.00314	0.00173	0.00541
7	0.00827	0.00674	0.00732	0.00653	0.00828	0.00749	0.00507	0.13218	0.49380	0.01502	0.14673	0.07799	0.05783	0.00575	0.00376	0.00118	0.00266	0.00486	0.00358	0.00495
8	0.00507	0.00384	0.00471	0.00445	0.00541	0.00359	0.00335	0.00711	0.06056	0.01336	0.65806	0.02686	0.17570	0.00736	0.00412	0.00113	0.00175	0.00642	0.00376	0.00340
9	0.00872	0.00837	0.01431	0.02163	0.85415	0.00837	0.01082	0.01082	0.00802	0.01151	0.00663	0.00872	0.00558	0.00314	0.00349	0.00105	0.00419	0.00314	0.00174	0.00558
10	0.00784	0.00775	0.01182	0.51380	0.30939	0.06991	0.00993	0.01000	0.00760	0.00984	0.00633	0.00894	0.00499	0.00340	0.00349	0.00111	0.00464	0.00307	0.00165	0.00450
11	0.01531	0.00680	0.00868	0.00665	0.00940	0.00638	0.00550	0.18897	0.01144	0.68290	0.01277	0.01126	0.00816	0.00433	0.00354	0.00108	0.00318	0.00347	0.00419	0.00600
12	0.01454	0.00804	0.00944	0.00724	0.01002	0.00821	0.00598	0.45258	0.01351	0.41636	0.01103	0.01013	0.00728	0.00429	0.00353	0.00107	0.00346	0.00335	0.00392	0.00600
13	0.00780	0.00743	0.01264	0.39816	0.48481	0.00813	0.01036	0.01001	0.00759	0.01040	0.00647	0.00902	0.00519	0.00331	0.00350	0.00110	0.00441	0.00314	0.00167	0.00484
14	0.00768	0.00626	0.01046	0.00816	0.01018	0.00602	0.25783	0.07418	0.05300	0.08120	0.39368	0.03072	0.03404	0.00543	0.00404	0.00114	0.00330	0.00518	0.00322	0.00428
15	0.00437	0.00346	0.00386	0.00401	0.00486	0.00304	0.00288	0.00524	0.00777	0.00974	0.12096	0.21009	0.51415	0.07203	0.00524	0.00140	0.00196	0.01875	0.00326	0.00293
16	0.00501	0.00370	0.00415	0.00397	0.00513	0.00319	0.00300	0.00616	0.00873	0.05449	0.28208	0.03049	0.56095	0.00817	0.00413	0.00116	0.00181	0.00692	0.00351	0.00324
17	0.00741	0.01778	0.81196	0.00994	0.01502	0.00833	0.01268	0.05621	0.00794	0.01176	0.00644	0.00750	0.00455	0.00340	0.00336	0.00111	0.00514	0.00264	0.00160	0.00525
18	0.00760	0.00710	0.01194	0.29596	0.47895	0.00760	0.00972	0.00966	0.00764	0.01049	0.00803	0.05796	0.00726	0.00415	0.00365	0.00115	0.00417	0.06036	0.00187	0.00473
19	0.00570	0.00473	0.00685	0.00647	0.00692	0.00594	0.00512	0.00678	0.00558	0.00820	0.00832	0.01272	0.00795	0.05709	0.61733	0.00455	0.22099	0.00366	0.00181	0.00328
20	0.00505	0.00370	0.00526	0.00526	0.00575	0.00418	0.00390	0.00603	0.00554	0.00788	0.00981	0.01590	0.00970	0.21607	0.67375	0.00516	0.00810	0.00408	0.00194	0.00292
21	0.07220	0.00642	0.00833	0.00635	0.00896	0.00561	0.09264	0.07830	0.00823	0.01261	0.06989	0.09820	0.00912	0.00404	0.00313	0.00082	0.00295	0.00352	0.00244	0.50626
22	0.00871	0.00845	0.01132	0.33996	0.28192	0.11626	0.00902	0.09589	0.00861	0.01105	0.00674	0.00903	0.00539	0.00517	0.06649	0.00142	0.00501	0.00308	0.00188	0.00462
23	0.00434	0.00310	0.00413	0.00487	0.00512	0.00289	0.00328	0.00503	0.00697	0.00935	0.07666	0.81560	0.02399	0.01078	0.00447	0.00141	0.00202	0.00977	0.00331	0.00289
24	0.00958	0.19055	0.01045	0.00718	0.00935	0.13105	0.00583	0.03905	0.51299	0.01272	0.02813	0.01076	0.00890	0.00428	0.00326	0.00106	0.00351	0.00333	0.00291	0.00511

[dist]
# distance from previous block
# <min> <max>
0	1

[block]
# block no. 1 follows, 79 sequences, length 69
# corresponding to MSA columns:
# 35-103
name=unknown_B
#
# <colnr> <probs for GDERKNQSTAVLIFYWHMCP>
#	G	D	E	R	K	N	Q	S	T	A	V	L	I	F	Y	W	H	M	C	P
0	0.00626	0.00617	0.07670	0.02118	0.16483	0.01967	0.00590	0.05967	0.02410	0.01105	0.08464	0.41855	0.06010	0.00771	0.00406	0.00126	0.00292	0.01847	0.00286	0.00389
1	0.00919	0.71986	0.07463	0.00644	0.00948	0.01296	0.00646	0.01153	0.10337	0.00923	0.00608	0.00663	0.00523	0.00324	0.00249	0.00083	0.00376	0.00217	0.00174	0.00469
2	0.00513	0.00342	0.00384	0.00384	0.00384	0.00342	0.00214	0.00513	0.00513	0.00683	0.01110	0.02306	0.01281	0.87614	0.01794	0.00342	0.00342	0.00513	0.00214	0.00214
3	0.00707	0.06620	0.37504	0.00939	0.01241	0.00830	0.11957	0.00968	0.00683	0.00993	0.00670	0.00898	0.00551	0.00854	0.18300	0.00212	0.15158	0.00309	0.00162	0.00445
4	0.00863	0.05404	0.07227	0.00796	0.00969	0.07442	0.01416	0.02532	0.40735	0.01213	0.04785	0.01094	0.00884	0.00493	0.00553	0.00123	0.22370	0.00351	0.00266	0.00484
5	0.01317	0.01680	0.00999	0.00908	0.01090	0.86199	0.00681	0.01407	0.00999	0.00863	0.00545	0.00636	0.00454	0.00363	0.00318	0.00091	0.00636	0.00227	0.00182	0.00409
6	0.00747	0.00690	0.01149	0.08007	0.58150	0.00696	0.00886	0.00921	0.00763	0.01070	0.00979	0.22403	0.00993	0.00513	0.00374	0.00115	0.00369	0.00485	0.00211	0.00478
7	0.00717	0.07067	0.01028	0.41374	0.14661	0.00749	0.00797	0.07210	0.00787	0.01035	0.00934	0.20261	0.00909	0.00516	0.00364	0.00117	0.00389	0.00459	0.00212	0.00414
8	0.00463	0.00352	0.00426	0.00425	0.00510	0.00315	0.00314	0.00589	0.00885	0.01186	0.45888	0.15589	0.29245	0.00835	0.00422	0.00119	0.00178	0.01586	0.00359	0.00314
9	0.00581	0.00361	0.00424	0.00416	0.00502	0.00345	0.00309	0.00754	0.03543	0.03501	0.34645	0.12258	0.08416	0.00655	0.00357	0.00105	0.00178	0.00565	0.31747	0.00337
10	0.00921	0.43858	0.12258	0.07409	0.01284	0.01147	0.15135	0.11377	0.01601	0.01101	0.00609	0.00724	0.00491	0.00325	0.00299	0.00095	0.00440	0.00264	0.00183	0.00479
11	0.07392	0.25193	0.55667	0.00854	0.01289	0.01899	0.01037	0.01097	0.00729	0.01070	0.00582	0.00681	0.00443	0.00325	0.00296	0.00101	0.00464	0.00235	0.00155	0.00491
12	0.00473	0.00358	0.00427	0.00410	0.00498	0.00322	0.00302	0.00601	0.00895	0.01203	0.51711	0.02853	0.29875	0.07900	0.00529	0.00132	0.00185	0.00662	0.00354	0.00311
13	0.01445	0.00664	0.00839	0.00660	0.00922	0.00634	0.00540	0.10179	0.14336	0.63802	0.01342	0.01182	0.00877	0.00442	0.00355	0.00110	0.00306	0.00358	0.00415	0.00593
14	0.00533	0.01275	0.07484	0.00502	0.00653	0.00436	0.01489	0.01726	0.09709	0.01160	0.25334	0.07792	0.39082	0.00751	0.00403	0.00117	0.00225	0.00640	0.00329	0.00359
15	0.00474	0.00388	0.00421	0.00407	0.00523	0.00351	0.00307	0.00652	0.07265	0.01114	0.25094	0.03032	0.57083	0.00815	0.00412	0.00117	0.00183	0.00689	0.00346	0.00327
16	0.00993	0.00810	0.01504	0.01170	0.07632	0.00737	0.43729	0.02718	0.00867	0.19938	0.00848	0.00961	0.00611	0.00325	0.00370	0.00104	0.00456	0.00358	0.00244	0.15625
17	0.07868	0.00999	0.00992	0.00785	0.01048	0.07549	0.00640	0.65009	0.08342	0.02009	0.00845	0.00848	0.00611	0.00416	0.00340	0.00106	0.00389	0.00308	0.00330	0.00565
18	0.00872	0.00837	0.01431	0.02163	0.85415	0.00837	0.01082	0.01082	0.00802	0.01151	0.00663	0.00872	0.00558	0.00314	0.00349	0.00105	0.00419	0.00314	0.00174	0.00558
19	0.00709	0.00671	0.01136	0.68924	0.19930	0.00794	0.01000	0.00939	0.00725	0.00953	0.00634	0.00925	0.00488	0.00344	0.00352	0.00115	0.00459	0.00313	0.00160	0.00427
20	0.00478	0.00357	0.00448	0.00490	0.00545	0.00344	0.00343	0.00637	0.07638	0.01045	0.17334	0.58340	0.08742	0.00966	0.00434	0.00133	0.00202	0.00866	0.00341	0.00318
21	0.00647	0.00597	0.00994	0.69944	0.07372	0.00720	0.00898	0.00857	0.00707	0.00916	0.00804	0.12479	0.00724	0.00450	0.00365	0.00120	0.00431	0.00405	0.00180	0.00388
22	0.01317	0.01680	0.00999	0.00908	0.01090	0.86199	0.00681	0.01407	0.00999	0.00863	0.00545	0.00636	0.00454	0.00363	0.00318	0.00091	0.00636	0.00227	0.00182	0.00409
23	0.00844	0.00909	0.06818	0.06327	0.60323	0.00843	0.16550	0.01083	0.00799	0.01132	0.00668	0.00882	0.00542	0.00314	0.00361	0.00108	0.00460	0.00330	0.00173	0.00532
24	0.00428	0.00355	0.00375	0.00376	0.00485	0.00302	0.00280	0.00526	0.00822	0.01011	0.14380	0.08167	0.69515	0.00882	0.00418	0.00119	0.00178	0.00745	0.00335	0.00302
25	0.01512	0.00632	0.00828	0.00643	0.00911	0.00576	0.00529	0.05766	0.07907	0.74678	0.01367	0.01192	0.00876	0.00439	0.00355	0.00110	0.00302	0.00356	0.00426	0.00596
26	0.90103	0.00682	0.00518	0.00463	0.00682	0.00791	0.00382	0.01036	0.00600	0.01581	0.00491	0.00573	0.00382	0.00327	0.00218	0.00109	0.00273	0.00191	0.00218	0.00382
27	0.00505	0.00371	0.00531	0.00531	0.00581	0.00421	0.00396	0.00606	0.00556	0.00792	0.00977	0.01566	0.00960	0.19323	0.69645	0.00522	0.00826	0.00404	0.00194	0.00295
28	0.00786	0.00642	0.00707	0.00638	0.00801	0.00712	0.00492	0.08403	0.50040	0.01485	0.23884	0.07022	0.01718	0.00578	0.00379	0.00118	0.00253	0.00493	0.00364	0.00484
29	0.00877	0.00757	0.00797	0.00717	0.00916	0.00877	0.00558	0.01873	0.84779	0.01474	0.01434	0.01315	0.01076	0.00478	0.00359	0.00120	0.00279	0.00398	0.00359	0.00558
30	0.00777	0.00742	0.01043	0.13797	0.01141	0.00997	0.00773	0.06072	0.00658	0.00971	0.04882	0.00897	0.00620	0.00570	0.00947	0.00143	0.64065	0.00327	0.00179	0.00397
31	0.00429	0.00307	0.00409	0.00491	0.00511	0.00286	0.00327	0.00491	0.00675	0.00900	0.01943	0.87384	0.02331	0.01104	0.00450	0.00143	0.00204	0.01002	0.00327	0.00286
32	0.00545	0.00394	0.00557	0.00609	0.00686	0.00407	0.00514	0.00697	0.00766	0.01024	0.08488	0.03215	0.02733	0.01367	0.21811	0.00258	0.00464	0.54846	0.00296	0.00322
33	0.00900	0.00896	0.01387	0.04485	0.76607	0.07352	0.01048	0.01101	0.00815	0.01122	0.00653	0.00856	0.00548	0.00319	0.00347	0.00104	0.00437	0.00307	0.00174	0.00542
34	0.00658	0.00581	0.00947	0.64900	0.07249	0.00696	0.00851	0.00870	0.00712	0.00962	0.00794	0.08063	0.00676	0.00418	0.00348	0.00115	0.00411	0.00371	0.09991	0.00386
35	0.00428	0.00357	0.00373	0.00369	0.00483	0.00302	0.00277	0.00528	0.00831	0.01017	0.15005	0.03285	0.73797	0.00868	0.00416	0.00118	0.00177	0.00729	0.00336	0.00302
36	0.00726	0.00772	0.02355	0.07525	0.01529	0.00732	0.54289	0.02524	0.00797	0.01074	0.01021	0.22939	0.00987	0.00509	0.00418	0.00125	0.00481	0.00554	0.00218	0.00424
37	0.00773	0.00730	0.01237	0.31348	0.50399	0.00789	0.00999	0.00985	0.00751	0.01040	0.00671	0.00934	0.00552	0.00500	0.06703	0.00143	0.00475	0.00318	0.00169	0.00482
38	0.83489	0.00766	0.06827	0.00504	0.00744	0.00793	0.00450	0.01042	0.00610	0.01547	0.00501	0.00585	0.00386	0.00328	0.00227	0.00109	0.00291	0.00196	0.00213	0.00392
39	0.05369	0.00658	0.00769	0.00684	0.07082	0.00607	0.00494	0.01143	0.22136	0.01274	0.07286	0.01027	0.00872	0.00359	0.00302	0.00081	0.00271	0.00297	0.00259	0.49032
40	0.00687	0.00439	0.00563	0.00501	0.00620	0.00422	0.00387	0.07629	0.01026	0.10694	0.63824	0.02251	0.02679	0.00785	0.05781	0.00139	0.00248	0.00564	0.00378	0.00383
41	0.00780	0.00760	0.01154	0.46742	0.30623	0.06131	0.00956	0.00992	0.00758	0.01003	0.00641	0.00892	0.00508	0.00336	0.00343	0.00108	0.00448	0.00303	0.01464	0.05057
42	0.74713	0.00708	0.00675	0.00757	0.15297	0.00799	0.00502	0.01044	0.00635	0.01507	0.00520	0.00624	0.00412	0.00325	0.00241	0.00108	0.00298	0.00212	0.00211	0.00412
43	0.00430	0.00348	0.00383	0.00394	0.00490	0.00300	0.00288	0.00525	0.00805	0.01005	0.14417	0.19397	0.58167	0.00910	0.00423	0.00123	0.00182	0.00779	0.00336	0.00300
44	0.01034	0.00774	0.00896	0.00736	0.00931	0.00876	0.00599	0.52283	0.01239	0.01686	0.00859	0.01020	0.00686	0.01167	0.28797	0.00261	0.05036	0.00337	0.00288	0.00494
45	0.00469	0.00349	0.00375	0.00375	0.00430	0.00323	0.00242	0.00511	0.00646	0.00808	0.02230	0.02786	0.39603	0.46596	0.02600	0.00244	0.00277	0.00616	0.00265	0.00254
46	0.00852	0.00816	0.01393	0.10655	0.77086	0.00832	0.01071	0.01063	0.00793	0.01126	0.00659	0.00879	0.00549	0.00318	0.00349	0.00106	0.00424	0.00314	0.00173	0.00542
47	0.00773	0.00555	0.00722	0.00798	0.12012	0.00565	0.00521	0.16716	0.05787	0.07490	0.01492	0.47951	0.01583	0.00783	0.00405	0.00127	0.00279	0.00697	0.00322	0.00421
48	0.00809	0.00882	0.01697	0.01271	0.01491	0.00963	0.52261	0.01022	0.00720	0.01022	0.00617	0.00882	0.00507	0.00419	0.00699	0.00132	0.33619	0.00375	0.00169	0.00441
49	0.00707	0.01823	0.85788	0.01005	0.01525	0.00818	0.01302	0.01116	0.00744	0.01116	0.00632	0.00744	0.00446	0.00335	0.00335	0.00112	0.00521	0.00260	0.00149	0.00521
50	0.00799	0.11174	0.70084	0.00932	0.01409	0.00859	0.01166	0.01155	0.00761	0.07538	0.00675	0.00759	0.00480	0.00339	0.00324	0.00107	0.00488	0.00260	0.00171	0.00519
51	0.00726	0.08873	0.78907	0.00972	0.01474	0.00866	0.01245	0.01111	0.00742	0.01093	0.00621	0.00729	0.00447	0.00332	0.00326	0.00109	0.00509	0.00255	0.00149	0.00515
52	0.00681	0.00643	0.01086	0.80309	0.08762	0.00787	0.00987	0.00914	0.00712	0.00920	0.00629	0.00934	0.00477	0.00349	0.00352	0.00116	0.00466	0.00313	0.00158	0.00404
53	0.00690	0.01738	0.80828	0.00967	0.01464	0.00788	0.01242	0.01081	0.00748	0.01107	0.00803	0.00898	0.05371	0.00367	0.00340	0.00112	0.00501	0.00288	0.00159	0.00508
54	0.00686	0.00638	0.01070	0.68879	0.13396	0.00761	0.00961	0.00912	0.00726	0.00946	0.00726	0.01162	0.00601	0.00395	0.00362	0.00119	0.00452	0.06628	0.00172	0.00409
55	0.00901	0.00896	0.01392	0.03673	0.77604	0.07152	0.01050	0.01102	0.00815	0.01125	0.00653	0.00856	0.00549	0.00318	0.00347	0.00104	0.00436	0.00308	0.00175	0.00544
56	0.00852	0.54943	0.33941	0.00757	0.01142	0.01174	0.00870	0.01079	0.00727	0.00939	0.00544	0.00634	0.00450	0.00314	0.00268	0.00089	0.00432	0.00216	0.00150	0.00479
57	0.08352	0.01226	0.01395	0.07656	0.01459	0.38622	0.33995	0.01227	0.00877	0.01031	0.00614	0.00779	0.00482	0.00333	0.00351	0.00106	0.00577	0.00306	0.00181	0.00432
58	0.00504	0.00370	0.00524	0.00520	0.00577	0.00408	0.00390	0.00619	0.00633	0.00902	0.15505	0.01730	0.01359	0.14301	0.59506	0.00456	0.00725	0.00441	0.00227	0.00303
59	0.00484	0.00360	0.00454	0.00453	0.00538	0.00330	0.00345	0.00626	0.00912	0.01240	0.52988	0.09879	0.19418	0.00814	0.00426	0.00121	0.00189	0.09738	0.00364	0.00321
60	0.00731	0.00626	0.00731	0.00522	0.00835	0.00470	0.00418	0.00887	0.00731	0.01148	0.00626	0.00731	0.00522	0.00261	0.00261	0.00052	0.00261	0.00209	0.00209	0.89768
61	0.00867	0.06237	0.41062	0.01295	0.24323	0.00890	0.05919	0.11551	0.00883	0.02721	0.00677	0.00802	0.00509	0.00338	0.00340	0.00107	0.00469	0.00289	0.00188	0.00536
62	0.00587	0.10189	0.12317	0.00616	0.05074	0.00538	0.00525	0.00772	0.00893	0.01235	0.50207	0.02127	0.10667	0.02264	0.00407	0.00112	0.00255	0.00528	0.00309	0.00377
63	0.08080	0.00945	0.01016	0.05216	0.01130	0.01054	0.00664	0.73592	0.01527	0.02104	0.00808	0.00830	0.00576	0.00412	0.00342	0.00107	0.00383	0.00307	0.00332	0.00572
64	0.01067	0.00507	0.01703	0.00540	0.00729	0.00436	0.00436	0.01192	0.00913	0.45988	0.12511	0.02045	0.16800	0.07735	0.00500	0.00134	0.00268	0.05656	0.00381	0.00460
65	0.00436	0.00316	0.00413	0.00489	0.00520	0.00293	0.00335	0.00504	0.00691	0.00912	0.02059	0.76852	0.08452	0.01082	0.00449	0.00142	0.00209	0.05229	0.00327	0.00289
66	0.00961	0.81629	0.02841	0.00612	0.00913	0.01347	0.00608	0.02946	0.00748	0.03108	0.01355	0.00611	0.00495	0.00312	0.00236	0.00078	0.00375	0.00201	0.00165	0.00459
67	0.00670	0.04985	0.00631	0.00540	0.01696	0.01211	0.00400	0.08292	0.11000	0.02411	0.31059	0.13082	0.03100	0.11610	0.02430	0.00151	0.00264	0.00555	0.04945	0.00970
68	0.03102	0.18033	0.15687	0.00786	0.01078	0.09218	0.02542	0.24653	0.11858	0.03891	0.00848	0.05282	0.00683	0.00416	0.00326	0.00104	0.00408	0.00320	0.00257	0.00510

[dist]
# distance from previous block
# <min> <max>
0	6

[block]
# block no. 2 follows, 79 sequences, length 18
# corresponding to MSA columns:
# 110-127
name=unknown_C
#
# <colnr> <probs for GDERKNQSTAVLIFYWHMCP>
#	G	D	E	R	K	N	Q	S	T	A	V	L	I	F	Y	W	H	M	C	P
0	0.10050	0.00695	0.01071	0.05729	0.09192	0.00706	0.20147	0.03873	0.13289	0.06069	0.13332	0.03884	0.01118	0.00442	0.00360	0.00111	0.00358	0.01554	0.03521	0.04498
1	0.00443	0.00327	0.00415	0.00459	0.00509	0.00298	0.00319	0.00532	0.00767	0.01023	0.20769	0.55116	0.15760	0.00985	0.00437	0.00132	0.00192	0.00880	0.00341	0.00298
2	0.00829	0.17390	0.43216	0.00867	0.01232	0.13012	0.03182	0.02577	0.00814	0.01060	0.05694	0.01053	0.00740	0.00403	0.00331	0.00106	0.00475	0.06367	0.00185	0.00467
3	0.00491	0.00360	0.00460	0.00435	0.00521	0.00329	0.00326	0.00649	0.00978	0.01367	0.77068	0.02709	0.11516	0.00738	0.00416	0.00112	0.00167	0.00648	0.00382	0.00329
4	0.00942	0.87826	0.01847	0.00603	0.00905	0.01395	0.00603	0.01055	0.00716	0.00829	0.00490	0.00565	0.00452	0.00302	0.00226	0.00075	0.00377	0.00188	0.00151	0.00452
5	0.02994	0.04011	0.00949	0.00798	0.06856	0.14800	0.05243	0.07760	0.04949	0.15338	0.04287	0.03735	0.03054	0.00401	0.00327	0.00092	0.00367	0.00328	0.00269	0.23441
6	0.00760	0.28903	0.21770	0.00790	0.01093	0.00900	0.12178	0.01035	0.05778	0.01118	0.21012	0.01204	0.01191	0.00420	0.00332	0.00101	0.00385	0.00358	0.00223	0.00449
7	0.00877	0.00757	0.00797	0.00717	0.00916	0.00877	0.00558	0.01873	0.84779	0.01474	0.01434	0.01315	0.01076	0.00478	0.00359	0.00120	0.00279	0.00398	0.00359	0.00558
8	0.00913	0.00672	0.01054	0.01365	0.40808	0.00661	0.02474	0.04413	0.00853	0.15235	0.01098	0.01735	0.00998	0.06917	0.00489	0.00136	0.00374	0.19054	0.00262	0.00487
9	0.00969	0.53814	0.16874	0.00793	0.06033	0.03476	0.00760	0.07239	0.00819	0.05466	0.00601	0.00672	0.00490	0.00326	0.00272	0.00088	0.00409	0.00228	0.00183	0.00488
10	0.00487	0.00348	0.00476	0.00557	0.00603	0.00336	0.00428	0.00591	0.00732	0.00965	0.01910	0.52406	0.02204	0.01049	0.00465	0.00151	0.00255	0.35406	0.00326	0.00302
11	0.00441	0.00327	0.00412	0.00457	0.00508	0.00297	0.00317	0.00528	0.00762	0.01011	0.18670	0.55146	0.17856	0.00989	0.00437	0.00132	0.00192	0.00882	0.00339	0.00297
12	0.00916	0.03865	0.01347	0.10603	0.63143	0.10156	0.01000	0.01111	0.00815	0.02783	0.00655	0.00849	0.00541	0.00325	0.00342	0.00104	0.00444	0.00301	0.00178	0.00522
13	0.01163	0.00883	0.06051	0.04117	0.13626	0.02160	0.00748	0.28608	0.07957	0.20358	0.00922	0.00953	0.00663	0.00426	0.00437	0.00113	0.09632	0.00326	0.00302	0.00552
14	0.00496	0.00392	0.00478	0.00526	0.00572	0.04054	0.00378	0.00582	0.00686	0.00905	0.04513	0.51551	0.05564	0.02846	0.19587	0.00238	0.00395	0.05647	0.00290	0.00301
15	0.63434	0.00933	0.04416	0.00643	0.00878	0.16403	0.06645	0.01114	0.00696	0.01396	0.00523	0.00619	0.00409	0.00332	0.00256	0.00107	0.00373	0.00217	0.00205	0.00400
16	0.00491	0.00347	0.00432	0.00449	0.00477	0.00353	0.00298	0.00541	0.00583	0.00781	0.01421	0.16769	0.07583	0.45212	0.19799	0.00335	0.00437	0.03196	0.00239	0.00258
17	0.00861	0.41004	0.10781	0.07434	0.14047	0.01075	0.07878	0.03122	0.03597	0.01010	0.00683	0.00926	0.00594	0.00359	0.00305	0.00098	0.00418	0.05154	0.00179	0.00473

[dist]
# distance from previous block
# <min> <max>
0	2

[block]
# block no. 3 follows, 79 sequences, length 6
# corresponding to MSA columns:
# 130-135
name=unknown_D
#
# <colnr> <probs for GDERKNQSTAVLIFYWHMCP>
#	G	D	E	R	K	N	Q	S	T	A	V	L	I	F	Y	W	H	M	C	P
0	0.00533	0.00405	0.00471	0.00453	0.00545	0.00383	0.00323	0.05397	0.00741	0.00976	0.05664	0.16967	0.27087	0.20914	0.10176	0.00217	0.00323	0.00622	0.00281	0.07523
1	0.10086	0.00673	0.00844	0.03835	0.11909	0.03282	0.03163	0.02847	0.00796	0.12593	0.05604	0.01022	0.00768	0.06047	0.00402	0.00102	0.00320	0.00298	0.00246	0.35164
2	0.00555	0.00481	0.05380	0.00507	0.00622	0.00409	0.00411	0.05149	0.03418	0.01315	0.50192	0.15905	0.08684	0.00748	0.00409	0.00117	0.00213	0.02674	0.02458	0.00354
3	0.00891	0.02399	0.00904	0.00768	0.02486	0.22568	0.06875	0.09844	0.08535	0.01184	0.12030	0.01412	0.11700	0.00626	0.05375	0.00132	0.05350	0.00398	0.00261	0.06263
4	0.13830	0.05509	0.03840	0.00523	0.00676	0.00571	0.00430	0.06310	0.08111	0.01401	0.43463	0.06935	0.05845	0.00614	0.00366	0.00111	0.00234	0.00517	0.00329	0.00386
5	0.00866	0.00691	0.00732	0.00629	0.00806	0.08322	0.01949	0.16122	0.12391	0.07371	0.23387	0.03243	0.09756	0.00641	0.03108	0.00124	0.00319	0.03511	0.00332	0.05701

[dist]
# distance from previous block
# <min> <max>
0	36

# created by:
# /home/cegg/simao/soft/augustus-3.2.1/scripts/msa2prfl.pl ./align_prep/EOG092C5HRI.fa
