[name]
unknown

[dist]
# distance from previous block
# <min> <max>
0	2

[block]
# block no. 0 follows, 67 sequences, length 12
# corresponding to MSA columns:
# 62-73
name=unknown_A
#
# <colnr> <probs for GDERKNQSTAVLIFYWHMCP>
#	G	D	E	R	K	N	Q	S	T	A	V	L	I	F	Y	W	H	M	C	P
0	0.00567	0.00458	0.00516	0.00519	0.00634	0.01996	0.00399	0.00747	0.04414	0.01278	0.27697	0.09190	0.37968	0.00953	0.00482	0.00140	0.00237	0.11046	0.00391	0.00369
1	0.00550	0.00409	0.00512	0.00486	0.00589	0.00371	0.00365	0.00723	0.01094	0.01511	0.68545	0.03156	0.18492	0.00856	0.00473	0.00128	0.00192	0.00748	0.00429	0.00371
2	0.01428	0.01111	0.01125	0.00909	0.01172	0.11728	0.00737	0.43755	0.11655	0.12484	0.01040	0.01042	0.00753	0.00504	0.00485	0.00126	0.08588	0.00364	0.00368	0.00625
3	0.00483	0.00373	0.00441	0.00495	0.00565	0.00331	0.00344	0.00566	0.00829	0.01049	0.02979	0.51712	0.36088	0.01157	0.00496	0.00151	0.00220	0.01018	0.00372	0.00331
4	0.00666	0.00583	0.00948	0.16263	0.11765	0.00601	0.08463	0.00859	0.03947	0.01111	0.01595	0.48064	0.01758	0.00870	0.00469	0.00148	0.00365	0.00807	0.00300	0.00420
5	0.32876	0.08496	0.12626	0.00872	0.03717	0.25906	0.00757	0.08143	0.00961	0.01455	0.00640	0.00737	0.00503	0.00392	0.00319	0.00115	0.00499	0.00257	0.00230	0.00500
6	0.00581	0.00419	0.00502	0.00475	0.00594	0.00372	0.00358	0.00735	0.01051	0.04678	0.49525	0.03263	0.34212	0.00882	0.00471	0.00130	0.00201	0.00759	0.00417	0.00375
7	0.00996	0.04054	0.25996	0.03865	0.13846	0.16791	0.08482	0.03315	0.03864	0.02622	0.11340	0.01177	0.00997	0.00445	0.00399	0.00121	0.00532	0.00378	0.00239	0.00541
8	0.00550	0.00402	0.00489	0.00476	0.00555	0.00371	0.00337	0.00679	0.00965	0.01316	0.48377	0.07027	0.17423	0.18354	0.00797	0.00184	0.00235	0.00738	0.00385	0.00341
9	0.05615	0.00495	0.00613	0.06363	0.02100	0.00514	0.00486	0.00889	0.12507	0.01219	0.07553	0.45239	0.08920	0.00975	0.00469	0.00150	0.00275	0.04863	0.00359	0.00396
10	0.01463	0.06781	0.01215	0.01035	0.03350	0.66585	0.00780	0.11890	0.01208	0.01186	0.00664	0.00756	0.00541	0.00416	0.00361	0.00105	0.00663	0.00271	0.00229	0.00500
11	0.01391	0.01592	0.01073	0.00931	0.01176	0.60781	0.00710	0.05320	0.01116	0.05142	0.00700	0.00786	0.00562	0.00399	0.00354	0.00097	0.00612	0.00266	0.00236	0.16755

[dist]
# distance from previous block
# <min> <max>
0	1

[block]
# block no. 1 follows, 67 sequences, length 72
# corresponding to MSA columns:
# 78-103,107-111,115-155
name=unknown_B
#
# <colnr> <probs for GDERKNQSTAVLIFYWHMCP>
#	G	D	E	R	K	N	Q	S	T	A	V	L	I	F	Y	W	H	M	C	P
0	0.00819	0.00753	0.03659	0.04280	0.02610	0.00565	0.00546	0.01009	0.00835	0.01286	0.00826	0.00947	0.03348	0.00329	0.00312	0.00069	0.00318	0.00267	0.00236	0.76986
1	0.01745	0.00695	0.00929	0.00720	0.01025	0.00617	0.00593	0.01966	0.06668	0.78130	0.01586	0.01374	0.01008	0.00500	0.00404	0.00125	0.00340	0.00407	0.00490	0.00679
2	0.00931	0.00875	0.01334	0.23229	0.43294	0.04581	0.01035	0.01156	0.00883	0.02836	0.00798	0.03880	0.00674	0.00396	0.00387	0.00116	0.00467	0.00364	0.00211	0.12553
3	0.00587	0.00387	0.00440	0.00440	0.00440	0.00387	0.00247	0.00581	0.00581	0.00775	0.01245	0.02578	0.01433	0.83085	0.02025	0.03324	0.00387	0.00575	0.00241	0.00241
4	0.06369	0.09084	0.03898	0.00879	0.03847	0.07344	0.00702	0.21270	0.32805	0.02931	0.01199	0.05944	0.00959	0.00518	0.00384	0.00125	0.00399	0.00409	0.00343	0.00592
5	0.01170	0.60205	0.08447	0.02176	0.01135	0.05093	0.00754	0.05372	0.00923	0.10430	0.00713	0.00768	0.00577	0.00375	0.00298	0.00097	0.00448	0.00254	0.00221	0.00545
6	0.00982	0.06016	0.01078	0.00958	0.14859	0.04326	0.00650	0.04469	0.03191	0.05327	0.00784	0.00892	0.00633	0.00339	0.00327	0.00081	0.00362	0.00276	0.00250	0.54198
7	0.00571	0.00425	0.00628	0.00631	0.00698	0.00490	0.00484	0.00704	0.00646	0.00926	0.01122	0.04446	0.01081	0.07116	0.77372	0.00616	0.01012	0.00461	0.00222	0.00351
8	0.00859	0.01476	0.39986	0.06147	0.13316	0.04032	0.15229	0.01200	0.00876	0.01229	0.01761	0.02131	0.04981	0.00437	0.00452	0.00130	0.04625	0.00384	0.00197	0.00550
9	0.00580	0.00387	0.00438	0.00441	0.00442	0.00387	0.00247	0.00582	0.00589	0.00786	0.01295	0.05368	0.01498	0.83108	0.01991	0.00381	0.00384	0.00602	0.00247	0.00246
10	0.00827	0.01652	0.55622	0.15508	0.09744	0.00932	0.04843	0.01254	0.03581	0.01247	0.00756	0.00930	0.00553	0.00386	0.00391	0.00128	0.00566	0.00325	0.00183	0.00571
11	0.00489	0.00407	0.00427	0.00422	0.00551	0.00345	0.00316	0.00604	0.00949	0.01166	0.16581	0.03723	0.70671	0.00985	0.00474	0.00134	0.00201	0.00827	0.00383	0.00345
12	0.00997	0.00867	0.00953	0.00921	0.06310	0.00995	0.00673	0.02074	0.77450	0.01654	0.01576	0.01464	0.01187	0.00532	0.00407	0.00135	0.00328	0.00447	0.00395	0.00635
13	0.00583	0.00389	0.00437	0.00437	0.00437	0.00389	0.00243	0.00583	0.00583	0.00778	0.01264	0.02624	0.01458	0.85906	0.02041	0.00389	0.00389	0.00583	0.00243	0.00243
14	0.00812	0.04536	0.81435	0.01130	0.01715	0.00951	0.01458	0.01268	0.00846	0.01261	0.00715	0.00841	0.00508	0.00380	0.00377	0.00126	0.00588	0.00294	0.00169	0.00590
15	0.00806	0.00393	0.00412	0.00402	0.00507	0.00386	0.00303	0.00987	0.00858	0.06736	0.01356	0.04268	0.01079	0.00495	0.00296	0.00098	0.00198	0.00401	0.79627	0.00392
16	0.00550	0.00448	0.00522	0.00560	0.00637	0.03175	0.01683	0.01821	0.00859	0.01090	0.04926	0.50656	0.25924	0.01114	0.00494	0.00152	0.00255	0.04424	0.00366	0.00346
17	0.01124	0.01636	0.53461	0.01020	0.01511	0.00913	0.01183	0.14627	0.01078	0.18228	0.00935	0.00971	0.00635	0.00421	0.00389	0.00125	0.00517	0.00329	0.00274	0.00626
18	0.00922	0.00878	0.04084	0.00938	0.01270	0.00765	0.20136	0.07719	0.00933	0.02944	0.00825	0.04575	0.00693	0.00400	0.00438	0.00099	0.06760	0.00357	0.00246	0.45017
19	0.00489	0.00349	0.00465	0.00558	0.00582	0.00326	0.00372	0.00558	0.00768	0.01024	0.02210	0.85644	0.02653	0.01256	0.00512	0.00163	0.00233	0.01140	0.00372	0.00326
20	0.01028	0.02067	0.15601	0.02631	0.26343	0.03770	0.21303	0.03996	0.03560	0.07379	0.00848	0.01007	0.00644	0.00374	0.00404	0.00120	0.00524	0.00368	0.00233	0.07802
21	0.01038	0.24126	0.17139	0.01460	0.30172	0.08238	0.01050	0.04786	0.00917	0.01208	0.00678	0.00840	0.00564	0.00390	0.00411	0.00114	0.05808	0.00299	0.00194	0.00570
22	0.01072	0.86147	0.02102	0.00686	0.01029	0.01587	0.00686	0.01201	0.00815	0.00944	0.00558	0.00643	0.00515	0.00343	0.00257	0.00086	0.00429	0.00214	0.00172	0.00515
23	0.00492	0.00354	0.00466	0.00551	0.00581	0.00328	0.00370	0.00568	0.00789	0.01051	0.05766	0.79309	0.05431	0.01229	0.00509	0.00160	0.00230	0.01112	0.00375	0.00328
24	0.00814	0.05217	0.80773	0.01126	0.01709	0.00956	0.01452	0.01267	0.00846	0.01258	0.00714	0.00839	0.00508	0.00380	0.00376	0.00125	0.00587	0.00293	0.00169	0.00590
25	0.00697	0.00348	0.00522	0.00522	0.00522	0.00348	0.00348	0.00522	0.00522	0.00697	0.00697	0.01219	0.00697	0.01393	0.01567	0.88332	0.00348	0.00348	0.00174	0.00174
26	0.00944	0.00904	0.01541	0.19361	0.66881	0.00940	0.01207	0.01189	0.00890	0.01252	0.00746	0.01008	0.00615	0.00366	0.00398	0.00122	0.00488	0.00357	0.00194	0.00596
27	0.00493	0.00355	0.00469	0.00559	0.00589	0.00331	0.00379	0.00568	0.00778	0.01032	0.02271	0.80129	0.05396	0.01243	0.00512	0.00163	0.00236	0.03797	0.00372	0.00328
28	0.00800	0.00687	0.00719	0.00662	0.00852	0.00746	0.00511	0.01540	0.51310	0.01467	0.05245	0.02374	0.30007	0.00718	0.00433	0.00135	0.00273	0.00600	0.00397	0.00522
29	0.00573	0.00428	0.00636	0.00636	0.00704	0.00496	0.00490	0.00710	0.00642	0.00924	0.01082	0.01621	0.01022	0.06584	0.80767	0.00634	0.01045	0.00436	0.00216	0.00353
30	0.00568	0.00410	0.00536	0.00505	0.00599	0.00378	0.00378	0.00757	0.01135	0.01608	0.83192	0.02996	0.03784	0.00820	0.00473	0.00126	0.00189	0.00725	0.00441	0.00378
31	0.74667	0.00808	0.00677	0.01627	0.00861	0.00923	0.00484	0.09769	0.00831	0.05399	0.00647	0.00720	0.00486	0.00390	0.00273	0.00124	0.00328	0.00242	0.00274	0.00471
32	0.01495	0.01098	0.01176	0.00906	0.01219	0.01216	0.00747	0.78538	0.03143	0.02485	0.00983	0.00986	0.00700	0.00482	0.00398	0.00120	0.00432	0.00363	0.02840	0.00673
33	0.01576	0.00814	0.00995	0.00756	0.01076	0.00770	0.00622	0.24977	0.01314	0.47949	0.01274	0.01169	0.00844	0.00462	0.00387	0.00113	0.00364	0.00366	0.00430	0.13740
34	0.13239	0.06434	0.08262	0.16666	0.03618	0.02256	0.02608	0.07261	0.32585	0.01521	0.01058	0.01115	0.00799	0.00450	0.00372	0.00128	0.00415	0.00362	0.00293	0.00559
35	0.01481	0.05904	0.01279	0.00942	0.01255	0.09536	0.03016	0.67326	0.01726	0.02251	0.00902	0.00925	0.00654	0.00463	0.00391	0.00117	0.00475	0.00346	0.00364	0.00647
36	0.00945	0.16192	0.19573	0.00888	0.03941	0.03516	0.02539	0.15877	0.03452	0.02430	0.03894	0.21509	0.01216	0.01723	0.00422	0.00130	0.00423	0.00527	0.00285	0.00518
37	0.00930	0.20462	0.45716	0.01131	0.04329	0.04886	0.10634	0.02982	0.00885	0.01207	0.00716	0.02070	0.00561	0.00387	0.00377	0.00118	0.01548	0.00314	0.00184	0.00561
38	0.00670	0.00574	0.00807	0.00758	0.00791	0.00725	0.00593	0.00769	0.00646	0.00943	0.01065	0.13945	0.01121	0.09679	0.34429	0.00381	0.30984	0.00522	0.00227	0.00371
39	0.01072	0.86147	0.02102	0.00686	0.01029	0.01587	0.00686	0.01201	0.00815	0.00944	0.00558	0.00643	0.00515	0.00343	0.00257	0.00086	0.00429	0.00214	0.00172	0.00515
40	0.00947	0.01082	0.02366	0.01690	0.02096	0.01014	0.81947	0.01285	0.00947	0.01285	0.00811	0.01082	0.00609	0.00338	0.00473	0.00135	0.00676	0.00473	0.00203	0.00541
41	0.00786	0.01898	0.74514	0.01077	0.01618	0.00883	0.01363	0.01240	0.02736	0.01298	0.06396	0.01071	0.02513	0.00428	0.00390	0.00127	0.00551	0.00341	0.00198	0.00574
42	0.00489	0.00349	0.00465	0.00558	0.00582	0.00326	0.00372	0.00558	0.00768	0.01024	0.02210	0.85644	0.02653	0.01256	0.00512	0.00163	0.00233	0.01140	0.00372	0.00326
43	0.01072	0.86147	0.02102	0.00686	0.01029	0.01587	0.00686	0.01201	0.00815	0.00944	0.00558	0.00643	0.00515	0.00343	0.00257	0.00086	0.00429	0.00214	0.00172	0.00515
44	0.01423	0.14785	0.03222	0.00896	0.01216	0.07203	0.00765	0.59858	0.03363	0.02117	0.00882	0.00903	0.00651	0.00454	0.00375	0.00114	0.00460	0.00331	0.00345	0.00637
45	0.00564	0.00374	0.00423	0.00460	0.00537	0.00345	0.00326	0.00680	0.00838	0.01194	0.04191	0.36088	0.24468	0.00944	0.00431	0.00134	0.00210	0.00821	0.26628	0.00345
46	0.00584	0.01395	0.00554	0.00604	0.00659	0.00418	0.00435	0.05513	0.00852	0.01131	0.02072	0.64891	0.02419	0.03975	0.00559	0.00170	0.00273	0.12774	0.00367	0.00353
47	0.00568	0.00410	0.00536	0.00505	0.00599	0.00378	0.00378	0.00757	0.01135	0.01608	0.83192	0.02996	0.03784	0.00820	0.00473	0.00126	0.00189	0.00725	0.00441	0.00378
48	0.88738	0.00776	0.00589	0.00527	0.00776	0.00900	0.00434	0.01179	0.00683	0.01799	0.00558	0.00651	0.00434	0.00372	0.00248	0.00124	0.00310	0.00217	0.00248	0.00434
49	0.00832	0.00713	0.00832	0.00594	0.00950	0.00535	0.00475	0.01010	0.00832	0.01307	0.00713	0.00832	0.00594	0.00297	0.00297	0.00059	0.00297	0.00238	0.00238	0.88357
50	0.00522	0.00407	0.00474	0.00460	0.00572	0.00359	0.00344	0.00668	0.01024	0.01351	0.44616	0.05173	0.40750	0.00920	0.00474	0.00131	0.00197	0.00791	0.00408	0.00359
51	0.00832	0.00713	0.00832	0.00594	0.00950	0.00535	0.00475	0.01010	0.00832	0.01307	0.00713	0.00832	0.00594	0.00297	0.00297	0.00059	0.00297	0.00238	0.00238	0.88357
52	0.00664	0.00452	0.00589	0.00555	0.01860	0.00413	0.00415	0.00858	0.02030	0.06806	0.66806	0.02858	0.07236	0.00789	0.00463	0.00126	0.00214	0.03027	0.00429	0.03410
53	0.88738	0.00776	0.00589	0.00527	0.00776	0.00900	0.00434	0.01179	0.00683	0.01799	0.00558	0.00651	0.00434	0.00372	0.00248	0.00124	0.00310	0.00217	0.00248	0.00434
54	0.00549	0.00409	0.00510	0.00485	0.00588	0.00370	0.00363	0.00720	0.01090	0.01502	0.67144	0.03171	0.19899	0.00860	0.00473	0.00128	0.00192	0.00750	0.00427	0.00370
55	0.01498	0.01911	0.01137	0.01033	0.01240	0.84295	0.00775	0.01601	0.01137	0.00982	0.00620	0.00723	0.00517	0.00413	0.00362	0.00103	0.00723	0.00258	0.00207	0.00465
56	0.01159	0.00955	0.01476	0.01913	0.54287	0.00969	0.03815	0.18050	0.01142	0.08605	0.03119	0.01076	0.00760	0.00407	0.00403	0.00121	0.00457	0.00376	0.00273	0.00639
57	0.00583	0.00389	0.00437	0.00437	0.00437	0.00389	0.00243	0.00583	0.00583	0.00778	0.01264	0.02624	0.01458	0.85906	0.02041	0.00389	0.00389	0.00583	0.00243	0.00243
58	0.00651	0.08577	0.16645	0.00685	0.01843	0.00618	0.02368	0.00884	0.03657	0.01258	0.22781	0.14603	0.22337	0.00780	0.00439	0.00131	0.00316	0.00669	0.00328	0.00429
59	0.00583	0.00389	0.00437	0.00437	0.00437	0.00389	0.00243	0.00583	0.00583	0.00778	0.01264	0.02624	0.01458	0.85906	0.02041	0.00389	0.00389	0.00583	0.00243	0.00243
60	0.00948	0.05203	0.45303	0.02915	0.03665	0.00963	0.09469	0.07657	0.10244	0.05124	0.04030	0.01059	0.00764	0.00423	0.00395	0.00126	0.00520	0.00358	0.00244	0.00590
61	0.10998	0.00692	0.00895	0.00694	0.00998	0.00622	0.00573	0.01872	0.01099	0.75018	0.01474	0.01290	0.00934	0.00483	0.00387	0.00124	0.00338	0.00384	0.00470	0.00656
62	0.02088	0.53924	0.07186	0.00750	0.01100	0.04917	0.00724	0.10718	0.00971	0.04805	0.00678	0.00748	0.00562	0.00367	0.00297	0.00093	0.00436	0.00250	0.00221	0.09165
63	0.01215	0.00716	0.00881	0.00650	0.00988	0.00579	0.00528	0.04147	0.00985	0.31970	0.01045	0.01034	0.00745	0.00377	0.00340	0.00086	0.00318	0.00303	0.00339	0.52752
64	0.00832	0.00713	0.00832	0.00594	0.00950	0.00535	0.00475	0.01010	0.00832	0.01307	0.00713	0.00832	0.00594	0.00297	0.00297	0.00059	0.00297	0.00238	0.00238	0.88357
65	0.01315	0.28599	0.01506	0.01032	0.10983	0.15091	0.00780	0.25203	0.03465	0.07206	0.00811	0.00866	0.00631	0.00413	0.00348	0.00107	0.00478	0.00302	0.00277	0.00585
66	0.00871	0.00651	0.00778	0.00657	0.00872	0.00621	0.00513	0.02719	0.15380	0.09217	0.09861	0.13863	0.05923	0.00631	0.00456	0.00115	0.05711	0.01319	0.00341	0.29501
67	0.01141	0.13936	0.22476	0.01141	0.11954	0.05156	0.03183	0.12849	0.09217	0.10573	0.00912	0.00976	0.00679	0.00428	0.00409	0.00120	0.03646	0.00334	0.00269	0.00600
68	0.00727	0.00650	0.01058	0.32213	0.24254	0.00707	0.00883	0.00916	0.00821	0.01103	0.01256	0.31071	0.01314	0.00693	0.00439	0.00140	0.00411	0.00635	0.00253	0.00455
69	0.00479	0.00396	0.00420	0.00436	0.00550	0.00337	0.00319	0.00577	0.00894	0.01087	0.05889	0.18508	0.66616	0.01054	0.00481	0.00140	0.00208	0.00896	0.00374	0.00337
70	0.00820	0.00701	0.00820	0.00593	0.00938	0.00528	0.00472	0.00995	0.00830	0.01297	0.00762	0.03635	0.00662	0.00329	0.00304	0.00063	0.00295	0.00267	0.00242	0.85448
71	0.01256	0.13966	0.01269	0.01025	0.13747	0.05528	0.03259	0.08740	0.06179	0.23273	0.01085	0.01097	0.02710	0.00423	0.00364	0.00107	0.00404	0.00344	0.00316	0.14908

[dist]
# distance from previous block
# <min> <max>
0	3

[block]
# block no. 2 follows, 67 sequences, length 42
# corresponding to MSA columns:
# 159-171,173-196,202-205,222
name=unknown_C
#
# <colnr> <probs for GDERKNQSTAVLIFYWHMCP>
#	G	D	E	R	K	N	Q	S	T	A	V	L	I	F	Y	W	H	M	C	P
0	0.01361	0.05174	0.15330	0.01008	0.05696	0.04395	0.02796	0.34989	0.05930	0.17770	0.01031	0.01031	0.00724	0.00451	0.00392	0.00121	0.00459	0.00355	0.00346	0.00642
1	0.00921	0.38562	0.48359	0.00945	0.01429	0.01216	0.01137	0.01240	0.00833	0.01128	0.00649	0.00758	0.00511	0.00365	0.00327	0.00109	0.00522	0.00261	0.00170	0.00559
2	0.00498	0.00387	0.00453	0.00479	0.00567	0.00342	0.00343	0.00607	0.00909	0.01170	0.19520	0.31769	0.39407	0.01059	0.00487	0.00143	0.00210	0.00923	0.00386	0.00342
3	0.00503	0.00364	0.00476	0.00539	0.00583	0.00337	0.00370	0.00598	0.00848	0.01141	0.18113	0.64897	0.07429	0.01158	0.00502	0.00154	0.00223	0.01043	0.00386	0.00337
4	0.65715	0.03136	0.02920	0.00631	0.00906	0.00991	0.00537	0.18272	0.00944	0.01917	0.00648	0.00722	0.00491	0.00395	0.00284	0.00122	0.00348	0.00250	0.00276	0.00493
5	0.00568	0.00410	0.00536	0.00505	0.00599	0.00378	0.00378	0.00757	0.01135	0.01608	0.83192	0.02996	0.03784	0.00820	0.00473	0.00126	0.00189	0.00725	0.00441	0.00378
6	0.01102	0.00838	0.00910	0.00803	0.01040	0.00945	0.00629	0.02108	0.72107	0.12311	0.01626	0.01479	0.01194	0.00538	0.00407	0.00134	0.00320	0.00447	0.00420	0.00641
7	0.00727	0.00445	0.00587	0.00532	0.00654	0.00406	0.00406	0.00912	0.01137	0.12251	0.72609	0.02784	0.03422	0.00778	0.00464	0.00126	0.00209	0.00684	0.00449	0.00418
8	0.00485	0.00399	0.00427	0.00435	0.00553	0.00341	0.00321	0.00592	0.00918	0.01129	0.11783	0.14168	0.65009	0.01027	0.00479	0.00138	0.00205	0.00872	0.00379	0.00341
9	0.00485	0.00363	0.00451	0.00522	0.00572	0.00329	0.00356	0.00562	0.00803	0.01038	0.02650	0.66226	0.21786	0.01199	0.00503	0.00156	0.00226	0.01070	0.00372	0.00329
10	0.00488	0.00353	0.00461	0.00547	0.00579	0.00327	0.00367	0.00560	0.00779	0.01028	0.02350	0.79498	0.08709	0.01238	0.00509	0.00161	0.00230	0.01118	0.00372	0.00327
11	0.01184	0.00954	0.01012	0.00854	0.01114	0.01085	0.00680	0.30413	0.54093	0.01978	0.01395	0.01308	0.01032	0.00522	0.00406	0.00130	0.00361	0.00421	0.00406	0.00652
12	0.15617	0.00469	0.00460	0.00430	0.00569	0.00482	0.00334	0.01067	0.00842	0.08955	0.01207	0.01342	0.00925	0.00454	0.00286	0.00101	0.00222	0.00350	0.65475	0.00412
13	0.01562	0.00967	0.01105	0.02511	0.01193	0.01023	0.00709	0.55054	0.01621	0.26059	0.01170	0.03280	0.00821	0.00504	0.00405	0.00123	0.00409	0.00393	0.00424	0.00668
14	0.00573	0.00430	0.00645	0.00645	0.00716	0.00501	0.00501	0.00716	0.00645	0.00931	0.01074	0.01576	0.01003	0.03008	0.84316	0.00645	0.01074	0.00430	0.00215	0.00358
15	0.01087	0.47857	0.06034	0.12751	0.09752	0.09171	0.00848	0.02475	0.00887	0.04859	0.00667	0.00795	0.00554	0.00370	0.00317	0.00102	0.00481	0.00268	0.00197	0.00527
16	0.39082	0.35924	0.09795	0.00677	0.01003	0.01203	0.00663	0.05541	0.00818	0.01433	0.00596	0.00685	0.00488	0.00367	0.00274	0.00108	0.00395	0.00232	0.00217	0.00497
17	0.00882	0.00875	0.01472	0.52990	0.11712	0.05270	0.17060	0.01149	0.00868	0.02800	0.00750	0.01051	0.00569	0.00386	0.00413	0.00131	0.00562	0.00375	0.00193	0.00492
18	0.00804	0.02074	0.83828	0.01143	0.01736	0.00931	0.01482	0.01270	0.00847	0.01270	0.00720	0.00847	0.00508	0.00381	0.00381	0.00127	0.00593	0.00296	0.00169	0.00593
19	0.00583	0.00389	0.00437	0.00437	0.00437	0.00389	0.00243	0.00583	0.00583	0.00778	0.01264	0.02624	0.01458	0.85906	0.02041	0.00389	0.00389	0.00583	0.00243	0.00243
20	0.00560	0.00410	0.00525	0.00497	0.00594	0.00375	0.00372	0.00742	0.01117	0.01565	0.76713	0.03066	0.10290	0.00836	0.00473	0.00127	0.00190	0.00735	0.00436	0.00375
21	0.00757	0.00713	0.01203	0.84942	0.02762	0.00891	0.01114	0.01025	0.00802	0.01025	0.00713	0.01069	0.00535	0.00401	0.00401	0.00134	0.00535	0.00356	0.00178	0.00446
22	0.00568	0.00410	0.00536	0.00505	0.00599	0.00378	0.00378	0.00757	0.01135	0.01608	0.83192	0.02996	0.03784	0.00820	0.00473	0.00126	0.00189	0.00725	0.00441	0.00378
23	0.88738	0.00776	0.00589	0.00527	0.00776	0.00900	0.00434	0.01179	0.00683	0.01799	0.00558	0.00651	0.00434	0.00372	0.00248	0.00124	0.00310	0.00217	0.00248	0.00434
24	0.00573	0.00430	0.00645	0.00645	0.00716	0.00501	0.00501	0.00716	0.00645	0.00931	0.01074	0.01576	0.01003	0.03008	0.84316	0.00645	0.01074	0.00430	0.00215	0.00358
25	0.00573	0.00430	0.00645	0.00645	0.00716	0.00501	0.00501	0.00716	0.00645	0.00931	0.01074	0.01576	0.01003	0.03008	0.84316	0.00645	0.01074	0.00430	0.00215	0.00358
26	0.00617	0.00497	0.00773	0.00658	0.00793	0.00461	0.10956	0.00825	0.01111	0.01566	0.72510	0.02748	0.03372	0.00757	0.00473	0.00127	0.00252	0.00693	0.00411	0.00399
27	0.01486	0.01859	0.01141	0.01029	0.01236	0.79363	0.00777	0.04662	0.01154	0.01040	0.00631	0.00736	0.00523	0.00422	0.00383	0.00105	0.02502	0.00264	0.00213	0.00473
28	0.01382	0.01679	0.01100	0.00995	0.01197	0.65835	0.00754	0.01668	0.15664	0.01105	0.00797	0.00868	0.00643	0.00449	0.00411	0.00112	0.04308	0.00297	0.00241	0.00494
29	0.00830	0.05697	0.76457	0.01102	0.01665	0.00942	0.01404	0.01267	0.00846	0.02912	0.00739	0.00867	0.00531	0.00448	0.02502	0.00138	0.00593	0.00298	0.00177	0.00585
30	0.00572	0.00427	0.00635	0.00645	0.00715	0.00490	0.00502	0.00714	0.00666	0.00950	0.01190	0.06244	0.01159	0.02815	0.75444	0.00595	0.00992	0.04659	0.00231	0.00357
31	0.00987	0.52740	0.17815	0.00774	0.01144	0.02623	0.00812	0.01239	0.05182	0.02170	0.02072	0.00951	0.02833	0.00403	0.00310	0.00100	0.00441	0.01952	0.00206	0.05245
32	0.10588	0.16925	0.04265	0.00849	0.01143	0.15631	0.00724	0.34732	0.06325	0.01754	0.00849	0.02959	0.00672	0.00452	0.00354	0.00114	0.00467	0.00324	0.00300	0.00572
33	0.00820	0.09224	0.61566	0.01022	0.01518	0.00909	0.02921	0.01202	0.00862	0.02710	0.05229	0.05384	0.00810	0.00445	0.00381	0.00123	0.00524	0.00360	0.00204	0.03785
34	0.00896	0.01846	0.64678	0.01109	0.01619	0.06537	0.05297	0.02969	0.00901	0.04575	0.00837	0.05426	0.00652	0.00435	0.00393	0.00127	0.00573	0.00353	0.00202	0.00573
35	0.00515	0.00368	0.00496	0.00589	0.00624	0.00349	0.00418	0.00604	0.00794	0.01053	0.02196	0.71992	0.02595	0.01231	0.00519	0.00167	0.00256	0.14530	0.00372	0.00333
36	0.01086	0.01109	0.01258	0.33657	0.13947	0.25057	0.05180	0.02326	0.01908	0.06416	0.00885	0.01079	0.03507	0.00425	0.00396	0.00122	0.00560	0.00356	0.00224	0.00501
37	0.01084	0.06118	0.47078	0.00986	0.02385	0.06728	0.01099	0.01418	0.02203	0.20312	0.01009	0.06116	0.00764	0.00463	0.00387	0.00125	0.00507	0.00369	0.00264	0.00585
38	0.01206	0.24039	0.17043	0.00929	0.01245	0.35476	0.00869	0.03314	0.03237	0.03597	0.00766	0.00970	0.00646	0.00433	0.00351	0.00109	0.00573	0.04466	0.00218	0.00514
39	0.05549	0.05160	0.00868	0.00594	0.00928	0.00600	0.00479	0.01008	0.00820	0.01301	0.00765	0.04698	0.00676	0.00347	0.00302	0.00069	0.00302	0.00277	0.00241	0.75017
40	0.00853	0.05181	0.00902	0.00611	0.00960	0.00614	0.00495	0.01080	0.05226	0.01308	0.00754	0.00857	0.00624	0.00313	0.00301	0.00065	0.00305	0.00248	0.00243	0.79061
41	0.01334	0.03234	0.13117	0.00883	0.03850	0.02024	0.04514	0.08721	0.04832	0.36688	0.02488	0.01150	0.00839	0.00438	0.00383	0.00114	0.00404	0.00360	0.00359	0.14268

[dist]
# distance from previous block
# <min> <max>
0	5

[block]
# block no. 3 follows, 67 sequences, length 11
# corresponding to MSA columns:
# 228-238
name=unknown_D
#
# <colnr> <probs for GDERKNQSTAVLIFYWHMCP>
#	G	D	E	R	K	N	Q	S	T	A	V	L	I	F	Y	W	H	M	C	P
0	0.00989	0.00984	0.01607	0.02042	0.56313	0.04866	0.13431	0.01285	0.05815	0.01324	0.03841	0.01092	0.00775	0.00383	0.00407	0.00120	0.00492	0.00385	0.00222	0.03627
1	0.00668	0.00530	0.00635	0.00526	0.00730	0.00434	0.00404	0.00817	0.00939	0.01345	0.31256	0.02153	0.15765	0.00670	0.00462	0.05015	0.00245	0.00524	0.00331	0.36552
2	0.00831	0.10210	0.02567	0.08847	0.01344	0.00791	0.23794	0.01094	0.05478	0.05924	0.08398	0.07329	0.16582	0.00617	0.00436	0.00131	0.00422	0.03204	0.00293	0.01707
3	0.00550	0.00407	0.00491	0.00494	0.00574	0.00386	0.00353	0.00662	0.02566	0.01119	0.19992	0.12349	0.27798	0.14859	0.08665	0.05372	0.00329	0.02361	0.00341	0.00329
4	0.00972	0.41301	0.38103	0.00905	0.01352	0.01256	0.01039	0.05107	0.04413	0.01195	0.00695	0.00785	0.00550	0.00375	0.00325	0.00108	0.00497	0.00268	0.00192	0.00562
5	0.00883	0.05604	0.01478	0.33989	0.27768	0.01015	0.07102	0.01109	0.00817	0.01120	0.00693	0.00990	0.00569	0.00430	0.00550	0.00134	0.14691	0.00357	0.00186	0.00515
6	0.00521	0.00388	0.00485	0.00503	0.00581	0.00352	0.00361	0.00651	0.00962	0.01298	0.38866	0.31981	0.19553	0.01012	0.00487	0.00141	0.00207	0.00895	0.00403	0.00352
7	0.00734	0.00661	0.00970	0.19071	0.05140	0.04586	0.09015	0.00939	0.02098	0.01279	0.30897	0.01962	0.07008	0.00737	0.03448	0.04331	0.03521	0.00533	0.02652	0.00419
8	0.00772	0.00728	0.01230	0.79719	0.07868	0.00895	0.01121	0.01038	0.00809	0.01043	0.00715	0.01064	0.00541	0.00398	0.00401	0.00133	0.00531	0.00356	0.00179	0.00458
9	0.01359	0.09152	0.11982	0.01025	0.01310	0.56154	0.03085	0.09133	0.01137	0.01170	0.00665	0.00765	0.00534	0.00407	0.00362	0.00107	0.00653	0.00275	0.00217	0.00508
10	0.00508	0.00406	0.00456	0.00455	0.00571	0.00354	0.00342	0.00636	0.00970	0.01237	0.27047	0.08511	0.52407	0.00976	0.00479	0.00136	0.00207	0.03559	0.00393	0.00351

[dist]
# distance from previous block
# <min> <max>
0	1

[block]
# block no. 4 follows, 67 sequences, length 17
# corresponding to MSA columns:
# 240-256
name=unknown_E
#
# <colnr> <probs for GDERKNQSTAVLIFYWHMCP>
#	G	D	E	R	K	N	Q	S	T	A	V	L	I	F	Y	W	H	M	C	P
0	0.01518	0.00721	0.00881	0.00700	0.00971	0.03460	0.00568	0.09461	0.02656	0.56754	0.08716	0.01681	0.08927	0.00570	0.00414	0.00124	0.00337	0.00464	0.00459	0.00616
1	0.00945	0.14863	0.55408	0.01054	0.03003	0.02557	0.01223	0.09537	0.05333	0.01365	0.00767	0.00862	0.00568	0.00394	0.00365	0.00120	0.00538	0.00299	0.00207	0.00590
2	0.00993	0.00953	0.01628	0.02462	0.83404	0.00953	0.01231	0.01231	0.00913	0.01310	0.00754	0.00993	0.00635	0.00357	0.00397	0.00119	0.00476	0.00357	0.00199	0.00635
3	0.00832	0.00713	0.00832	0.00594	0.00950	0.00535	0.00475	0.01010	0.00832	0.01307	0.00713	0.00832	0.00594	0.00297	0.00297	0.00059	0.00297	0.00238	0.00238	0.88357
4	0.00795	0.00751	0.01271	0.71727	0.15682	0.00901	0.01133	0.01058	0.00820	0.01070	0.00719	0.01057	0.00551	0.00394	0.00400	0.00131	0.00525	0.00357	0.00181	0.00476
5	0.00568	0.00410	0.00536	0.00505	0.00599	0.00378	0.00378	0.00757	0.01135	0.01608	0.83192	0.02996	0.03784	0.00820	0.00473	0.00126	0.00189	0.00725	0.00441	0.00378
6	0.00998	0.00862	0.00907	0.00816	0.01043	0.00998	0.00635	0.02131	0.82679	0.01678	0.01632	0.01496	0.01224	0.00544	0.00408	0.00136	0.00317	0.00453	0.00408	0.00635
7	0.00757	0.00713	0.01203	0.84942	0.02762	0.00891	0.01114	0.01025	0.00802	0.01025	0.00713	0.01069	0.00535	0.00401	0.00401	0.00134	0.00535	0.00356	0.00178	0.00446
8	0.00584	0.00395	0.00463	0.00464	0.00477	0.00398	0.00280	0.00610	0.00629	0.00848	0.05950	0.02636	0.01587	0.72906	0.07346	0.00384	0.00422	0.03100	0.00256	0.00262
9	0.02788	0.01140	0.01282	0.01024	0.01303	0.26189	0.18000	0.02801	0.01070	0.28688	0.01086	0.01274	0.00817	0.00473	0.00428	0.00123	0.02208	0.05675	0.00317	0.03313
10	0.00570	0.00548	0.00475	0.00465	0.00607	0.08237	0.00349	0.00672	0.00935	0.01074	0.03739	0.03565	0.75459	0.00959	0.00463	0.00132	0.00252	0.00791	0.00357	0.00350
11	0.00926	0.11375	0.01386	0.05761	0.41944	0.06143	0.02396	0.01130	0.00944	0.01274	0.14900	0.01355	0.03517	0.00456	0.00389	0.00114	0.00427	0.00407	0.00243	0.04911
12	0.00697	0.00348	0.00522	0.00522	0.00522	0.00348	0.00348	0.00522	0.00522	0.00697	0.00697	0.01219	0.00697	0.01393	0.01567	0.88332	0.00348	0.00348	0.00174	0.00174
13	0.06066	0.75639	0.01936	0.00686	0.01016	0.01509	0.00668	0.01261	0.06222	0.01041	0.00629	0.00700	0.00557	0.00358	0.00267	0.00091	0.00415	0.00230	0.00192	0.00518
14	0.04793	0.03706	0.01094	0.00886	0.01142	0.26976	0.00704	0.36653	0.09725	0.01792	0.05037	0.01119	0.03626	0.00493	0.00385	0.00117	0.00490	0.00363	0.00330	0.00569
15	0.07480	0.11311	0.44709	0.00927	0.01388	0.00954	0.01059	0.06373	0.03259	0.08764	0.00807	0.00880	0.00587	0.00389	0.00352	0.00115	0.00483	0.00293	0.00233	0.09638
16	0.05665	0.12460	0.17359	0.00874	0.03577	0.06107	0.02103	0.09292	0.05676	0.14261	0.03023	0.03088	0.00832	0.00452	0.00364	0.00113	0.00431	0.02283	0.00290	0.11749

[dist]
# distance from previous block
# <min> <max>
3	5

[block]
# block no. 5 follows, 67 sequences, length 7
# corresponding to MSA columns:
# 262-268
name=unknown_F
#
# <colnr> <probs for GDERKNQSTAVLIFYWHMCP>
#	G	D	E	R	K	N	Q	S	T	A	V	L	I	F	Y	W	H	M	C	P
0	0.01137	0.00844	0.00993	0.00878	0.04914	0.14381	0.08241	0.01281	0.00917	0.23529	0.01139	0.01523	0.00955	0.14643	0.13385	0.00241	0.00559	0.03240	0.00300	0.06899
1	0.09205	0.06005	0.01043	0.00729	0.01060	0.00763	0.06391	0.07185	0.07421	0.12187	0.00900	0.00953	0.00684	0.00369	0.00333	0.00091	0.00351	0.00299	0.00291	0.43740
2	0.06545	0.00959	0.09641	0.00730	0.01065	0.06734	0.00647	0.08835	0.01032	0.22905	0.01150	0.01149	0.05681	0.00432	0.00356	0.00101	0.00379	0.00336	0.00320	0.31004
3	0.16070	0.04270	0.22201	0.00974	0.01357	0.00897	0.16060	0.09656	0.00995	0.11234	0.05498	0.01044	0.00781	0.00413	0.00375	0.00121	0.00464	0.00352	0.00272	0.06966
4	0.08037	0.13233	0.05583	0.01124	0.01462	0.00934	0.35833	0.01332	0.00926	0.18008	0.01037	0.08881	0.00844	0.00461	0.00409	0.00127	0.00498	0.00455	0.00276	0.00540
5	0.07445	0.09964	0.02781	0.00721	0.01063	0.02648	0.05496	0.04401	0.00931	0.15992	0.00853	0.00911	0.00646	0.00357	0.00326	0.00088	0.00364	0.00284	0.00279	0.44450
6	0.03938	0.08062	0.12507	0.00832	0.01134	0.07692	0.06586	0.10969	0.09134	0.06502	0.12665	0.01478	0.07649	0.00516	0.00390	0.00116	0.00411	0.00425	0.00309	0.08684

[dist]
# distance from previous block
# <min> <max>
6	151

# created by:
# /home/cegg/simao/soft/augustus-3.2.1/scripts/msa2prfl.pl ./align_prep/EOG092C4LUM.fa
