[name]
unknown

[dist]
# distance from previous block
# <min> <max>
0	6

[block]
# block no. 0 follows, 69 sequences, length 27
# corresponding to MSA columns:
# 62-88
name=unknown_A
#
# <colnr> <probs for GDERKNQSTAVLIFYWHMCP>
#	G	D	E	R	K	N	Q	S	T	A	V	L	I	F	Y	W	H	M	C	P
0	0.02839	0.02572	0.00808	0.00738	0.00916	0.00658	0.00630	0.16337	0.02996	0.14966	0.01676	0.02947	0.01610	0.00808	0.00466	0.00152	0.00364	0.45110	0.02928	0.00479
1	0.00738	0.00602	0.00719	0.00562	0.00816	0.00486	0.00439	0.03224	0.00928	0.01385	0.25494	0.05843	0.01617	0.00496	0.00355	0.00084	0.00260	0.00423	0.00303	0.55225
2	0.00944	0.00865	0.01397	0.10513	0.33534	0.02503	0.13878	0.04505	0.01864	0.04538	0.05182	0.01132	0.02238	0.00390	0.00389	0.00112	0.00451	0.00376	0.00236	0.14953
3	0.01455	0.00703	0.00893	0.00686	0.00986	0.00626	0.00560	0.07569	0.05662	0.53422	0.04706	0.01273	0.00994	0.00460	0.00376	0.00109	0.00325	0.00374	0.00420	0.18400
4	0.00549	0.00485	0.00599	0.00736	0.14378	0.00431	0.00451	0.00672	0.00894	0.01103	0.04746	0.04890	0.66886	0.00887	0.00452	0.00130	0.00243	0.00751	0.00337	0.00380
5	0.00475	0.00398	0.00414	0.00410	0.00537	0.00336	0.00307	0.00586	0.00922	0.01126	0.14283	0.03664	0.73265	0.00968	0.00463	0.00131	0.00197	0.00812	0.00373	0.00336
6	0.01705	0.00754	0.00963	0.00739	0.01044	0.00704	0.00610	0.18070	0.01267	0.67685	0.01425	0.01256	0.00910	0.00482	0.00394	0.00121	0.00353	0.00386	0.00467	0.00667
7	0.00813	0.00697	0.00813	0.00581	0.00929	0.00523	0.00465	0.00987	0.00813	0.01277	0.00697	0.00813	0.00581	0.00290	0.00290	0.00058	0.00290	0.00232	0.00232	0.88619
8	0.01490	0.01098	0.01177	0.00902	0.01216	0.01216	0.00745	0.82470	0.01843	0.02471	0.00941	0.00941	0.00667	0.00471	0.00392	0.00118	0.00431	0.00353	0.00392	0.00667
9	0.00535	0.00406	0.00462	0.00461	0.00579	0.00354	0.00350	0.00658	0.00940	0.03581	0.21850	0.09410	0.51476	0.00957	0.00469	0.00135	0.00213	0.06429	0.00383	0.00351
10	0.00478	0.00341	0.00455	0.00546	0.00569	0.00318	0.00364	0.00546	0.00751	0.01001	0.02161	0.85966	0.02593	0.01228	0.00500	0.00159	0.00227	0.01114	0.00364	0.00318
11	0.01657	0.00831	0.01011	0.00775	0.01083	0.00819	0.00640	0.32547	0.01396	0.53024	0.01316	0.01185	0.00855	0.00480	0.00393	0.00120	0.00371	0.00379	0.00450	0.00667
12	0.06512	0.00900	0.01016	0.00787	0.01083	0.00942	0.00649	0.46898	0.01486	0.30046	0.01139	0.01081	0.00771	0.00469	0.00379	0.00118	0.00380	0.00360	0.04346	0.00640
13	0.01070	0.82012	0.02005	0.00689	0.01017	0.05919	0.00675	0.01194	0.00813	0.00924	0.00548	0.00633	0.00503	0.00339	0.00257	0.00085	0.00434	0.00212	0.00170	0.00501
14	0.00561	0.00376	0.00430	0.00439	0.00441	0.00374	0.00250	0.00568	0.00587	0.00783	0.01323	0.10475	0.01536	0.78161	0.01854	0.00359	0.00366	0.00622	0.00250	0.00245
15	0.30122	0.00738	0.00825	0.00658	0.00941	0.00739	0.00543	0.08835	0.02498	0.48530	0.01168	0.01075	0.00770	0.00445	0.00345	0.00121	0.00332	0.00332	0.00396	0.00587
16	0.01211	0.10141	0.01396	0.03430	0.12115	0.33161	0.12552	0.05946	0.01028	0.06798	0.02383	0.00937	0.00662	0.00484	0.03160	0.00127	0.01680	0.00327	0.01949	0.00511
17	0.00481	0.00343	0.00454	0.00541	0.00563	0.00321	0.00359	0.00547	0.00744	0.00992	0.02125	0.82777	0.02548	0.04478	0.00558	0.00168	0.00233	0.01094	0.00359	0.00315
18	0.51243	0.00893	0.05780	0.00658	0.00935	0.02984	0.00569	0.10009	0.08533	0.13798	0.00843	0.00861	0.00608	0.00410	0.00306	0.00122	0.00349	0.00281	0.00303	0.00514
19	0.01104	0.03213	0.07064	0.00877	0.08042	0.06912	0.01594	0.10320	0.01000	0.17274	0.03743	0.01187	0.00866	0.00575	0.03917	0.00137	0.09378	0.00361	0.20775	0.01660
20	0.02147	0.09999	0.58879	0.01036	0.01523	0.06177	0.03166	0.02645	0.00876	0.07273	0.00744	0.00843	0.00537	0.00386	0.00380	0.00120	0.02213	0.00292	0.00197	0.00566
21	0.03150	0.00417	0.00435	0.00411	0.00529	0.00413	0.00315	0.02919	0.00876	0.07256	0.03891	0.01584	0.05403	0.00495	0.00300	0.00098	0.00203	0.00398	0.70515	0.00394
22	0.03772	0.00938	0.01276	0.10817	0.13826	0.05384	0.08623	0.18275	0.02918	0.09883	0.00913	0.01058	0.02841	0.00482	0.00569	0.00131	0.17109	0.00370	0.00270	0.00545
23	0.02686	0.04562	0.01248	0.51472	0.19390	0.04176	0.01021	0.02244	0.03520	0.01125	0.00769	0.01091	0.00615	0.00404	0.00382	0.00125	0.00490	0.02274	0.01923	0.00484
24	0.00689	0.00539	0.00667	0.00694	0.02412	0.00559	0.00549	0.01092	0.21322	0.01367	0.20327	0.05871	0.08111	0.00867	0.00478	0.00151	0.00295	0.33197	0.00383	0.00429
25	0.00542	0.00466	0.03259	0.00556	0.00675	0.00398	0.00464	0.00687	0.00895	0.01141	0.10348	0.09559	0.38091	0.01066	0.03279	0.00166	0.00294	0.27403	0.00358	0.00352
26	0.03800	0.19425	0.09772	0.04779	0.25398	0.14820	0.01861	0.05671	0.00963	0.08897	0.00751	0.00866	0.00589	0.00379	0.00349	0.00109	0.00492	0.00299	0.00225	0.00556

[dist]
# distance from previous block
# <min> <max>
2	3

[block]
# block no. 1 follows, 69 sequences, length 9
# corresponding to MSA columns:
# 92-100
name=unknown_B
#
# <colnr> <probs for GDERKNQSTAVLIFYWHMCP>
#	G	D	E	R	K	N	Q	S	T	A	V	L	I	F	Y	W	H	M	C	P
0	0.05417	0.00693	0.00884	0.00689	0.00972	0.00641	0.00566	0.10728	0.01172	0.63832	0.06315	0.01359	0.01077	0.00496	0.00388	0.00120	0.00329	0.00400	0.03291	0.00629
1	0.01013	0.62411	0.16489	0.00823	0.01205	0.01388	0.06127	0.04648	0.00855	0.01066	0.00606	0.00705	0.00515	0.00347	0.00293	0.00096	0.00464	0.00246	0.00179	0.00525
2	0.00673	0.00346	0.00518	0.00518	0.00523	0.00350	0.00350	0.00523	0.00518	0.00696	0.00705	0.01214	0.00700	0.01465	0.06942	0.82870	0.00387	0.00346	0.00173	0.00182
3	0.00482	0.00351	0.00454	0.00528	0.00566	0.00323	0.00358	0.00561	0.00790	0.01047	0.08175	0.72031	0.10539	0.01175	0.00494	0.00154	0.00222	0.01058	0.00369	0.00323
4	0.00858	0.00858	0.01201	0.01029	0.01029	0.01201	0.00858	0.00943	0.00600	0.00943	0.00515	0.00858	0.00515	0.00686	0.01287	0.00172	0.85505	0.00343	0.00172	0.00429
5	0.00547	0.00410	0.00517	0.00545	0.00641	0.00380	0.00433	0.00696	0.00951	0.01253	0.28593	0.11738	0.24492	0.00983	0.00491	0.00147	0.00248	0.26196	0.00385	0.00352
6	0.01048	0.86458	0.02054	0.00671	0.01006	0.01551	0.00671	0.01174	0.00797	0.00922	0.00545	0.00629	0.00503	0.00335	0.00252	0.00084	0.00419	0.00210	0.00168	0.00503
7	0.00513	0.00399	0.00466	0.00449	0.00560	0.00352	0.00337	0.00659	0.01011	0.01338	0.47248	0.03314	0.40167	0.00889	0.00463	0.00127	0.00191	0.00763	0.00401	0.00352
8	0.00632	0.00451	0.00632	0.00722	0.00812	0.00451	0.00632	0.00812	0.00902	0.01173	0.02076	0.04422	0.02256	0.01083	0.00541	0.00180	0.00361	0.81138	0.00361	0.00361

[dist]
# distance from previous block
# <min> <max>
0	3

[block]
# block no. 2 follows, 69 sequences, length 22
# corresponding to MSA columns:
# 104-125
name=unknown_C
#
# <colnr> <probs for GDERKNQSTAVLIFYWHMCP>
#	G	D	E	R	K	N	Q	S	T	A	V	L	I	F	Y	W	H	M	C	P
0	0.01048	0.86458	0.02054	0.00671	0.01006	0.01551	0.00671	0.01174	0.00797	0.00922	0.00545	0.00629	0.00503	0.00335	0.00252	0.00084	0.00419	0.00210	0.00168	0.00503
1	0.81051	0.00750	0.00607	0.00532	0.00780	0.00852	0.00438	0.01221	0.00709	0.09250	0.00637	0.00700	0.00474	0.00375	0.00256	0.00121	0.00306	0.00229	0.00265	0.00447
2	0.00864	0.00876	0.01302	0.01086	0.01122	0.01182	0.08276	0.00972	0.00630	0.00972	0.00540	0.00876	0.00522	0.00654	0.01212	0.00168	0.77781	0.00354	0.00174	0.00438
3	0.00570	0.00380	0.00428	0.00428	0.00428	0.00380	0.00238	0.00570	0.00570	0.00760	0.01235	0.02566	0.01425	0.86222	0.01995	0.00380	0.00380	0.00570	0.00238	0.00238
4	0.00555	0.00401	0.00524	0.00493	0.00586	0.00370	0.00370	0.00740	0.01110	0.01572	0.83570	0.02928	0.03699	0.00801	0.00462	0.00123	0.00185	0.00709	0.00432	0.00370
5	0.00865	0.00727	0.00841	0.00605	0.00951	0.00576	0.00486	0.07214	0.00892	0.01369	0.00715	0.00823	0.00587	0.00304	0.00298	0.00063	0.00301	0.00241	0.00244	0.81898
6	0.01466	0.01810	0.01116	0.01002	0.01212	0.78273	0.00757	0.07748	0.01167	0.01075	0.00632	0.00725	0.00517	0.00409	0.00356	0.00102	0.00686	0.00260	0.00217	0.00471
7	0.00477	0.00391	0.00423	0.00444	0.00555	0.00337	0.00331	0.00576	0.00870	0.01057	0.03534	0.17976	0.64281	0.01039	0.00475	0.00140	0.00214	0.06185	0.00364	0.00331
8	0.01024	0.00844	0.00902	0.00787	0.01012	0.00959	0.00618	0.15943	0.61079	0.01778	0.09339	0.01512	0.01344	0.00547	0.00404	0.00129	0.00319	0.00453	0.00401	0.00605
9	0.00554	0.00392	0.00486	0.00528	0.00582	0.00375	0.00384	0.00624	0.00752	0.00970	0.02132	0.19986	0.17449	0.25669	0.00994	0.05206	0.00308	0.21993	0.00316	0.00300
10	0.88991	0.00758	0.00576	0.00516	0.00758	0.00879	0.00425	0.01152	0.00667	0.01759	0.00546	0.00637	0.00425	0.00364	0.00243	0.00121	0.00303	0.00212	0.00243	0.00425
11	0.01232	0.00737	0.01030	0.00757	0.01091	0.00618	0.09573	0.03973	0.00984	0.35038	0.01061	0.01056	0.00744	0.00380	0.00355	0.00094	0.00353	0.00328	0.00337	0.40260
12	0.02847	0.00675	0.00772	0.00569	0.00892	0.00528	0.00453	0.00986	0.03369	0.01280	0.01019	0.01098	0.08155	0.00364	0.00308	0.00069	0.00283	0.00293	0.00250	0.75790
13	0.00615	0.00420	0.00509	0.00475	0.00598	0.00372	0.00360	0.00767	0.01034	0.07693	0.49155	0.03105	0.31751	0.00845	0.00458	0.00126	0.00201	0.00727	0.00412	0.00379
14	0.00520	0.00389	0.00480	0.00479	0.00566	0.00352	0.00349	0.00661	0.00984	0.01334	0.48815	0.17795	0.22033	0.02849	0.00504	0.00138	0.00200	0.00805	0.00400	0.00349
15	0.01202	0.02494	0.15444	0.01118	0.14997	0.00862	0.03116	0.07918	0.20393	0.25365	0.02309	0.01188	0.00879	0.00450	0.00391	0.00123	0.00409	0.00380	0.00340	0.00623
16	0.01216	0.00854	0.01095	0.01163	0.21906	0.00901	0.00757	0.34368	0.01280	0.10964	0.01017	0.01142	0.00769	0.00473	0.00419	0.01846	0.02552	0.01767	0.14928	0.00584
17	0.00512	0.00387	0.00476	0.00500	0.00584	0.00351	0.00370	0.00637	0.00921	0.01215	0.28544	0.27429	0.27314	0.01009	0.00481	0.00142	0.00217	0.08184	0.00385	0.00342
18	0.00817	0.00743	0.01169	0.67802	0.05086	0.02440	0.01030	0.03655	0.00820	0.03296	0.00723	0.01040	0.00553	0.00482	0.02601	0.00145	0.06603	0.00349	0.00192	0.00453
19	0.08876	0.00993	0.01283	0.04953	0.43281	0.09734	0.00935	0.10632	0.02911	0.05879	0.00789	0.00934	0.00622	0.00380	0.00366	0.00113	0.00453	0.00324	0.00244	0.06297
20	0.07503	0.02517	0.07248	0.02215	0.01105	0.03140	0.03013	0.06548	0.03832	0.13951	0.02201	0.01004	0.00684	0.01574	0.01930	0.00154	0.40275	0.00350	0.00255	0.00500
21	0.00562	0.00420	0.00527	0.00506	0.00600	0.00404	0.00376	0.00761	0.04863	0.01385	0.54837	0.05393	0.13118	0.06117	0.08217	0.00187	0.00284	0.00689	0.00388	0.00366

[dist]
# distance from previous block
# <min> <max>
0	13

[block]
# block no. 3 follows, 69 sequences, length 34
# corresponding to MSA columns:
# 139-172
name=unknown_D
#
# <colnr> <probs for GDERKNQSTAVLIFYWHMCP>
#	G	D	E	R	K	N	Q	S	T	A	V	L	I	F	Y	W	H	M	C	P
0	0.09238	0.10456	0.10403	0.15236	0.24346	0.06612	0.00940	0.04200	0.03393	0.04634	0.00743	0.00899	0.00582	0.00374	0.00350	0.00112	0.00460	0.00305	0.00218	0.06501
1	0.30000	0.00639	0.00680	0.00573	0.00805	0.00637	0.00463	0.03620	0.02245	0.30973	0.09164	0.01680	0.15864	0.00566	0.00363	0.00124	0.00288	0.00441	0.00375	0.00499
2	0.00694	0.00534	0.00605	0.00593	0.02337	0.00573	0.00397	0.01054	0.25349	0.01105	0.06585	0.02212	0.04522	0.45526	0.06027	0.00290	0.00380	0.00537	0.00300	0.00378
3	0.00580	0.00395	0.00476	0.00501	0.00523	0.00394	0.00335	0.00625	0.00655	0.00867	0.01473	0.06881	0.01672	0.62545	0.01589	0.00324	0.00369	0.19254	0.00272	0.00270
4	0.01048	0.86458	0.02054	0.00671	0.01006	0.01551	0.00671	0.01174	0.00797	0.00922	0.00545	0.00629	0.00503	0.00335	0.00252	0.00084	0.00419	0.00210	0.00168	0.00503
5	0.00731	0.00365	0.00365	0.00365	0.00457	0.00365	0.00274	0.00913	0.00822	0.01462	0.01279	0.01462	0.01005	0.00457	0.00274	0.00091	0.00183	0.00365	0.88399	0.00365
6	0.00858	0.00858	0.01201	0.01029	0.01029	0.01201	0.00858	0.00943	0.00600	0.00943	0.00515	0.00858	0.00515	0.00686	0.01287	0.00172	0.85505	0.00343	0.00172	0.00429
7	0.00618	0.00441	0.00616	0.00706	0.00790	0.00439	0.00607	0.00788	0.00889	0.01157	0.02083	0.11880	0.02287	0.01096	0.00538	0.00179	0.00349	0.73819	0.00361	0.00357
8	0.00632	0.00451	0.00632	0.00722	0.00812	0.00451	0.00632	0.00812	0.00902	0.01173	0.02076	0.04422	0.02256	0.01083	0.00541	0.00180	0.00361	0.81138	0.00361	0.00361
9	0.00531	0.00400	0.00491	0.00468	0.00571	0.00360	0.00351	0.00693	0.01053	0.01438	0.62758	0.03149	0.24594	0.00852	0.00463	0.00126	0.00189	0.00740	0.00414	0.00360
10	0.01457	0.00945	0.10456	0.00799	0.01122	0.00813	0.00717	0.26274	0.04760	0.41280	0.01386	0.01320	0.04562	0.00502	0.00397	0.00122	0.00385	0.01658	0.00409	0.00635
11	0.01009	0.14067	0.45510	0.01088	0.04544	0.21061	0.03614	0.02661	0.00913	0.01150	0.00665	0.00784	0.00510	0.00374	0.00354	0.00113	0.00583	0.00278	0.00180	0.00540
12	0.00813	0.00697	0.00813	0.00581	0.00929	0.00523	0.00465	0.00987	0.00813	0.01277	0.00697	0.00813	0.00581	0.00290	0.00290	0.00058	0.00290	0.00232	0.00232	0.88619
13	0.02397	0.03228	0.42055	0.01310	0.17976	0.00891	0.06183	0.03797	0.00866	0.02577	0.00905	0.07185	0.02007	0.00471	0.00438	0.00128	0.04809	0.02018	0.00209	0.00550
14	0.00912	0.00935	0.03339	0.22478	0.43656	0.02578	0.15374	0.01198	0.03417	0.01212	0.00760	0.01011	0.00605	0.00364	0.00401	0.00123	0.00516	0.00369	0.00196	0.00555
15	0.00676	0.00344	0.00516	0.00516	0.00519	0.00347	0.00347	0.00519	0.00516	0.00691	0.00698	0.01207	0.00694	0.01433	0.05262	0.84647	0.00372	0.00344	0.00172	0.00178
16	0.00568	0.00407	0.00511	0.00481	0.00586	0.00368	0.00362	0.00737	0.01070	0.03561	0.66902	0.03043	0.18285	0.00829	0.00461	0.00125	0.00191	0.00723	0.00421	0.00370
17	0.02168	0.20722	0.15487	0.04109	0.27573	0.03273	0.02472	0.04944	0.00897	0.03873	0.00708	0.00854	0.00571	0.00365	0.00364	0.00107	0.02366	0.00296	0.00205	0.08647
18	0.02370	0.42748	0.26521	0.00854	0.01256	0.03313	0.04550	0.04343	0.00866	0.01145	0.02315	0.00781	0.00581	0.00360	0.00312	0.00099	0.00470	0.00263	0.00189	0.06663
19	0.00543	0.00387	0.00443	0.00445	0.00492	0.00367	0.00288	0.00600	0.00738	0.00967	0.13858	0.06684	0.19725	0.48681	0.01325	0.00272	0.00305	0.03291	0.00303	0.00285
20	0.01382	0.00743	0.01124	0.04323	0.21424	0.00698	0.04223	0.04388	0.01069	0.47394	0.08050	0.01340	0.01067	0.00467	0.00401	0.00121	0.00378	0.00409	0.00382	0.00617
21	0.02841	0.19742	0.09011	0.03173	0.40436	0.07688	0.02467	0.03467	0.00915	0.05673	0.00728	0.00877	0.00589	0.00364	0.00353	0.00110	0.00478	0.00308	0.00208	0.00573
22	0.01604	0.00652	0.00845	0.00663	0.00936	0.02252	0.00542	0.01758	0.01090	0.71203	0.03679	0.01420	0.02587	0.00499	0.00386	0.00118	0.00321	0.00405	0.08417	0.00622
23	0.88991	0.00758	0.00576	0.00516	0.00758	0.00879	0.00425	0.01152	0.00667	0.01759	0.00546	0.00637	0.00425	0.00364	0.00243	0.00121	0.00303	0.00212	0.00243	0.00425
24	0.36368	0.00615	0.00617	0.00527	0.00744	0.00636	0.00427	0.01315	0.00852	0.26947	0.01068	0.01092	0.00762	0.00428	0.00298	0.00113	0.00277	0.00313	0.26117	0.00482
25	0.02410	0.53258	0.01713	0.00839	0.05923	0.05181	0.02274	0.12582	0.00989	0.08694	0.00720	0.00787	0.00586	0.00425	0.02026	0.00107	0.00445	0.00266	0.00233	0.00542
26	0.02392	0.00668	0.01067	0.00896	0.01074	0.00660	0.21767	0.14549	0.00987	0.01336	0.01608	0.43282	0.03511	0.00841	0.00468	0.00145	0.00380	0.03611	0.00323	0.00436
27	0.00563	0.00410	0.00580	0.00580	0.00632	0.00463	0.00427	0.00668	0.00615	0.00873	0.01096	0.01796	0.01091	0.23709	0.64051	0.00568	0.00883	0.00457	0.00217	0.00322
28	0.00857	0.00611	0.00634	0.00588	0.00746	0.00679	0.00452	0.01515	0.43149	0.01553	0.01442	0.01462	0.01104	0.00495	0.00338	0.00113	0.00248	0.00405	0.43111	0.00497
29	0.00570	0.00380	0.00428	0.00428	0.00428	0.00380	0.00238	0.00570	0.00570	0.00760	0.01235	0.02566	0.01425	0.86222	0.01995	0.00380	0.00380	0.00570	0.00238	0.00238
30	0.00858	0.00858	0.01201	0.01029	0.01029	0.01201	0.00858	0.00943	0.00600	0.00943	0.00515	0.00858	0.00515	0.00686	0.01287	0.00172	0.85505	0.00343	0.00172	0.00429
31	0.00541	0.00405	0.00568	0.00578	0.00645	0.00442	0.00435	0.00655	0.00672	0.00927	0.01551	0.11254	0.11745	0.07043	0.58521	0.02080	0.00800	0.00556	0.00248	0.00335
32	0.00786	0.02028	0.84191	0.01117	0.01697	0.00910	0.01448	0.01242	0.00828	0.01242	0.00704	0.00828	0.00497	0.00372	0.00372	0.00124	0.00579	0.00290	0.00166	0.00579
33	0.01729	0.00716	0.00940	0.00720	0.01025	0.00648	0.00595	0.10947	0.01203	0.74897	0.01479	0.01290	0.00936	0.00484	0.00394	0.00121	0.00345	0.00390	0.00475	0.00667

[dist]
# distance from previous block
# <min> <max>
2	19

[block]
# block no. 4 follows, 69 sequences, length 33
# corresponding to MSA columns:
# 192-224
name=unknown_E
#
# <colnr> <probs for GDERKNQSTAVLIFYWHMCP>
#	G	D	E	R	K	N	Q	S	T	A	V	L	I	F	Y	W	H	M	C	P
0	0.01155	0.36646	0.09097	0.03403	0.08010	0.14644	0.00821	0.16847	0.02038	0.01302	0.00681	0.00773	0.00554	0.00380	0.00324	0.00101	0.00485	0.00270	0.00222	0.02246
1	0.00947	0.00705	0.00855	0.00630	0.00946	0.00581	0.00509	0.01112	0.00840	0.12699	0.00801	0.00888	0.00630	0.00347	0.00379	0.00075	0.06642	0.00263	0.00263	0.69889
2	0.00818	0.00724	0.08613	0.10047	0.11243	0.00626	0.00713	0.05277	0.02073	0.09947	0.06897	0.23238	0.08935	0.00732	0.00452	0.00135	0.02089	0.04517	0.00316	0.02607
3	0.02010	0.08932	0.35456	0.04567	0.08190	0.02117	0.01775	0.06304	0.02205	0.20164	0.00908	0.00961	0.00640	0.00403	0.00377	0.00118	0.01401	0.00319	0.00262	0.02890
4	0.00514	0.00372	0.00468	0.00520	0.00574	0.00348	0.00361	0.00638	0.03049	0.01140	0.15796	0.57416	0.11142	0.01078	0.00477	0.00147	0.00218	0.00965	0.04439	0.00339
5	0.00504	0.00410	0.00448	0.00436	0.00559	0.00360	0.00328	0.00656	0.03183	0.01225	0.27243	0.03463	0.57954	0.00924	0.00461	0.00130	0.00198	0.00782	0.00385	0.00350
6	0.00955	0.09108	0.07066	0.25386	0.34169	0.04035	0.04594	0.04237	0.00895	0.03415	0.00729	0.00950	0.00578	0.00377	0.00392	0.00119	0.01918	0.00334	0.00199	0.00544
7	0.00765	0.00645	0.02891	0.08857	0.09926	0.00639	0.12442	0.00952	0.02144	0.07509	0.01292	0.21691	0.02485	0.04939	0.18511	0.00254	0.02770	0.00585	0.00266	0.00436
8	0.00520	0.00408	0.00427	0.00417	0.00552	0.00343	0.00314	0.00628	0.00921	0.04228	0.10632	0.03609	0.73726	0.00958	0.00461	0.00131	0.00203	0.00801	0.00374	0.00347
9	0.00894	0.00882	0.01379	0.06090	0.30268	0.01080	0.04058	0.01050	0.00725	0.01077	0.00613	0.00915	0.00555	0.00538	0.00891	0.00148	0.47804	0.00350	0.00181	0.00501
10	0.01224	0.13235	0.19210	0.01131	0.12820	0.01010	0.06100	0.20263	0.01136	0.18732	0.00922	0.00966	0.00659	0.00408	0.00372	0.00116	0.00460	0.00334	0.00291	0.00610
11	0.01018	0.00892	0.02679	0.09673	0.07692	0.05688	0.09329	0.06853	0.11625	0.09824	0.00979	0.05251	0.00804	0.00579	0.02256	0.00146	0.20899	0.00410	0.02884	0.00516
12	0.78074	0.03427	0.00684	0.00603	0.02947	0.06627	0.00475	0.01183	0.00707	0.01667	0.00555	0.00650	0.00438	0.00365	0.00254	0.00119	0.00339	0.00219	0.00236	0.00434
13	0.00594	0.00428	0.00577	0.00656	0.00741	0.00418	0.00552	0.00749	0.00878	0.01141	0.02265	0.16372	0.10514	0.01084	0.00523	0.00171	0.00321	0.59672	0.01993	0.00352
14	0.00797	0.00755	0.01311	0.27709	0.33983	0.00798	0.09147	0.01016	0.00834	0.01136	0.01011	0.17759	0.00977	0.00534	0.00419	0.00131	0.00456	0.00511	0.00222	0.00494
15	0.01588	0.00629	0.00855	0.00669	0.00942	0.00547	0.00547	0.01745	0.01120	0.72367	0.13164	0.01560	0.01357	0.00530	0.00404	0.00122	0.00313	0.00439	0.00478	0.00625
16	0.57487	0.00736	0.00703	0.00586	0.00851	0.00786	0.00484	0.03470	0.00850	0.29402	0.00892	0.00879	0.00614	0.00407	0.00297	0.00121	0.00317	0.00277	0.00328	0.00512
17	0.00557	0.00394	0.00450	0.00453	0.00557	0.00359	0.00346	0.00702	0.00936	0.01292	0.26069	0.07035	0.33765	0.00852	0.00435	0.00127	0.00207	0.07576	0.17537	0.00351
18	0.04082	0.00703	0.00921	0.00708	0.01011	0.00633	0.00585	0.08074	0.01165	0.75575	0.01473	0.01285	0.00932	0.00481	0.00390	0.00121	0.00340	0.00386	0.00472	0.00661
19	0.00477	0.00390	0.00421	0.00429	0.00542	0.00334	0.00316	0.00583	0.00903	0.01118	0.14093	0.14480	0.62553	0.00999	0.00468	0.00135	0.00201	0.00850	0.00373	0.00334
20	0.01133	0.01041	0.01455	0.01937	0.57600	0.07175	0.01059	0.21002	0.01140	0.01547	0.00777	0.00944	0.00624	0.00383	0.00387	0.00116	0.00475	0.00343	0.00243	0.00620
21	0.00813	0.00697	0.00813	0.00581	0.00929	0.00523	0.00465	0.00987	0.00813	0.01277	0.00697	0.00813	0.00581	0.00290	0.00290	0.00058	0.00290	0.00232	0.00232	0.88619
22	0.21541	0.21762	0.06316	0.01008	0.15008	0.08647	0.00752	0.03965	0.02077	0.12370	0.00754	0.00830	0.00583	0.00389	0.00340	0.00111	0.02492	0.00279	0.00246	0.00532
23	0.00975	0.00842	0.00886	0.00798	0.01019	0.00975	0.00621	0.02083	0.83069	0.01640	0.01596	0.01463	0.01197	0.00532	0.00399	0.00133	0.00310	0.00443	0.00399	0.00621
24	0.02563	0.02031	0.05638	0.00704	0.03262	0.00667	0.00579	0.12037	0.00951	0.01436	0.00756	0.02535	0.00625	0.00342	0.00314	0.00075	0.00331	0.00272	0.00251	0.64631
25	0.00912	0.00582	0.00703	0.00597	0.00772	0.00565	0.00470	0.16909	0.01232	0.13768	0.47375	0.02335	0.09125	0.00696	0.00436	0.00121	0.00258	0.00594	0.00422	0.02129
26	0.01076	0.37433	0.22541	0.00854	0.01231	0.05120	0.00881	0.16308	0.08664	0.01358	0.00759	0.00818	0.00596	0.00391	0.00327	0.00106	0.00465	0.00280	0.00232	0.00561
27	0.00833	0.00660	0.09084	0.00653	0.02302	0.00523	0.00552	0.02981	0.05815	0.15462	0.51361	0.04180	0.02620	0.00683	0.00436	0.00124	0.00269	0.00593	0.00405	0.00466
28	0.00482	0.00370	0.00442	0.00484	0.00556	0.00330	0.00340	0.00577	0.00849	0.01096	0.13259	0.44929	0.32703	0.01087	0.00482	0.00145	0.00211	0.00956	0.00373	0.00330
29	0.00772	0.00597	0.03086	0.00635	0.00750	0.00612	0.00485	0.12177	0.13120	0.01188	0.01253	0.06790	0.04191	0.17013	0.19682	0.15998	0.00509	0.00482	0.00275	0.00386
30	0.02995	0.36263	0.23443	0.00779	0.01174	0.03002	0.00824	0.02576	0.02831	0.01156	0.00657	0.00753	0.00538	0.00344	0.00301	0.00091	0.00433	0.00245	0.00194	0.21401
31	0.00652	0.00810	0.19574	0.03121	0.00930	0.00547	0.00647	0.05971	0.00870	0.02851	0.02936	0.29028	0.20643	0.04184	0.05258	0.00175	0.00376	0.00710	0.00305	0.00413
32	0.05235	0.00444	0.00551	0.00541	0.00658	0.00409	0.00402	0.00867	0.00911	0.15934	0.18261	0.34547	0.15783	0.00926	0.00456	0.00140	0.00241	0.02904	0.00393	0.00399

[dist]
# distance from previous block
# <min> <max>
2	9

[block]
# block no. 5 follows, 69 sequences, length 47
# corresponding to MSA columns:
# 234-266,268-281
name=unknown_F
#
# <colnr> <probs for GDERKNQSTAVLIFYWHMCP>
#	G	D	E	R	K	N	Q	S	T	A	V	L	I	F	Y	W	H	M	C	P
0	0.00748	0.00508	0.00630	0.00559	0.00737	0.00424	0.00418	0.00878	0.00858	0.10477	0.09953	0.33729	0.05204	0.00756	0.00407	0.00114	0.00254	0.00664	0.02309	0.30374
1	0.01048	0.86458	0.02054	0.00671	0.01006	0.01551	0.00671	0.01174	0.00797	0.00922	0.00545	0.00629	0.00503	0.00335	0.00252	0.00084	0.00419	0.00210	0.00168	0.00503
2	0.00629	0.00466	0.00683	0.00743	0.00840	0.00461	0.03926	0.00805	0.00889	0.01160	0.02032	0.11954	0.02220	0.01066	0.00534	0.00177	0.00361	0.70335	0.00355	0.00364
3	0.00787	0.00445	0.00574	0.00531	0.00660	0.00399	0.00401	0.00933	0.01016	0.18769	0.40142	0.17308	0.12956	0.00827	0.00451	0.00130	0.00225	0.00722	0.02306	0.00418
4	0.00478	0.00341	0.00455	0.00546	0.00569	0.00318	0.00364	0.00546	0.00751	0.01001	0.02161	0.85966	0.02593	0.01228	0.00500	0.00159	0.00227	0.01114	0.00364	0.00318
5	0.00540	0.00400	0.00504	0.00478	0.00577	0.00364	0.00358	0.00712	0.01075	0.01491	0.70933	0.03063	0.16387	0.00832	0.00463	0.00125	0.00187	0.00728	0.00421	0.00364
6	0.00632	0.00451	0.00632	0.00722	0.00812	0.00451	0.00632	0.00812	0.00902	0.01173	0.02076	0.04422	0.02256	0.01083	0.00541	0.00180	0.00361	0.81138	0.00361	0.00361
7	0.00975	0.00842	0.00886	0.00798	0.01019	0.00975	0.00621	0.02083	0.83069	0.01640	0.01596	0.01463	0.01197	0.00532	0.00399	0.00133	0.00310	0.00443	0.00399	0.00621
8	0.00555	0.00401	0.00524	0.00493	0.00586	0.00370	0.00370	0.00740	0.01110	0.01572	0.83570	0.02928	0.03699	0.00801	0.00462	0.00123	0.00185	0.00709	0.00432	0.00370
9	0.00779	0.01485	0.50284	0.04011	0.01417	0.03872	0.02107	0.01084	0.00777	0.01124	0.03266	0.01008	0.00667	0.00779	0.10011	0.06469	0.09859	0.00329	0.00182	0.00491
10	0.00813	0.00697	0.00813	0.00581	0.00929	0.00523	0.00465	0.00987	0.00813	0.01277	0.00697	0.00813	0.00581	0.00290	0.00290	0.00058	0.00290	0.00232	0.00232	0.88619
11	0.88991	0.00758	0.00576	0.00516	0.00758	0.00879	0.00425	0.01152	0.00667	0.01759	0.00546	0.00637	0.00425	0.00364	0.00243	0.00121	0.00303	0.00212	0.00243	0.00425
12	0.00684	0.00486	0.00659	0.11903	0.08520	0.00504	0.00461	0.00750	0.00661	0.04850	0.01162	0.04837	0.01246	0.59974	0.01508	0.00303	0.00400	0.00529	0.00241	0.00323
13	0.88991	0.00758	0.00576	0.00516	0.00758	0.00879	0.00425	0.01152	0.00667	0.01759	0.00546	0.00637	0.00425	0.00364	0.00243	0.00121	0.00303	0.00212	0.00243	0.00425
14	0.88991	0.00758	0.00576	0.00516	0.00758	0.00879	0.00425	0.01152	0.00667	0.01759	0.00546	0.00637	0.00425	0.00364	0.00243	0.00121	0.00303	0.00212	0.00243	0.00425
15	0.00925	0.01058	0.02313	0.01652	0.02049	0.00991	0.82353	0.01256	0.00925	0.01256	0.00793	0.01058	0.00595	0.00330	0.00463	0.00132	0.00661	0.00463	0.00198	0.00529
16	0.01026	0.00932	0.01510	0.04045	0.70575	0.00948	0.01130	0.08140	0.03578	0.03147	0.00798	0.00993	0.00648	0.00369	0.00389	0.00117	0.00456	0.00354	0.00223	0.00622
17	0.00573	0.00383	0.00436	0.00440	0.00443	0.00383	0.00254	0.00580	0.00584	0.00777	0.01269	0.02641	0.01459	0.82764	0.01936	0.00372	0.00379	0.03843	0.00243	0.00243
18	0.00633	0.00493	0.00654	0.00706	0.00812	0.02469	0.02881	0.00803	0.00904	0.01151	0.02272	0.05713	0.13586	0.01036	0.00523	0.00170	0.00352	0.64125	0.00353	0.00363
19	0.01186	0.04296	0.14437	0.02214	0.02522	0.00676	0.04551	0.01404	0.00948	0.33671	0.02507	0.01105	0.01830	0.00404	0.00359	0.00102	0.00380	0.00335	0.00320	0.26751
20	0.02739	0.21739	0.23639	0.08372	0.03411	0.03000	0.02772	0.24389	0.02117	0.03182	0.00758	0.00852	0.00571	0.00397	0.00351	0.00113	0.00482	0.00301	0.00244	0.00570
21	0.00736	0.00840	0.20098	0.00757	0.00991	0.00574	0.08460	0.00995	0.00855	0.01314	0.01310	0.02060	0.01179	0.00591	0.00386	0.00126	0.00368	0.21758	0.36172	0.00430
22	0.00556	0.00401	0.00540	0.00600	0.00669	0.00384	0.00471	0.00697	0.00897	0.01201	0.20584	0.31881	0.05273	0.01066	0.00507	0.00159	0.00271	0.33119	0.00378	0.00348
23	0.00862	0.00848	0.09426	0.00654	0.01014	0.00603	0.00582	0.06479	0.00898	0.03056	0.02480	0.00940	0.02414	0.00340	0.00315	0.00073	0.00326	0.00272	0.00248	0.68170
24	0.00970	0.00931	0.01591	0.02406	0.83777	0.00931	0.01203	0.01203	0.00893	0.01281	0.00737	0.00970	0.00621	0.00349	0.00388	0.00116	0.00466	0.00349	0.00194	0.00621
25	0.00552	0.00398	0.00521	0.00495	0.00585	0.00368	0.00370	0.00732	0.01095	0.01549	0.80334	0.06230	0.03655	0.00818	0.00464	0.00125	0.00187	0.00725	0.00429	0.00368
26	0.01108	0.01166	0.23986	0.09758	0.09843	0.00859	0.14605	0.05384	0.06296	0.21568	0.00997	0.01073	0.00698	0.00408	0.00399	0.00125	0.00491	0.00369	0.00279	0.00589
27	0.01268	0.05362	0.23107	0.00947	0.05329	0.04133	0.04155	0.04359	0.07038	0.35259	0.01193	0.01178	0.02483	0.01917	0.00411	0.00125	0.00437	0.00366	0.00331	0.00602
28	0.00478	0.00341	0.00455	0.00546	0.00569	0.00318	0.00364	0.00546	0.00751	0.01001	0.02161	0.85966	0.02593	0.01228	0.00500	0.00159	0.00227	0.01114	0.00364	0.00318
29	0.00740	0.00697	0.01176	0.85280	0.02700	0.00871	0.01089	0.01002	0.00784	0.01002	0.00697	0.01045	0.00523	0.00392	0.00392	0.00131	0.00523	0.00348	0.00174	0.00436
30	0.01143	0.03441	0.24463	0.03121	0.16311	0.04046	0.06959	0.05653	0.04119	0.21655	0.00974	0.02049	0.00705	0.00425	0.00416	0.00123	0.03170	0.00357	0.00277	0.00593
31	0.00834	0.00803	0.01324	0.50499	0.31400	0.02675	0.02512	0.01078	0.00831	0.01104	0.00747	0.03110	0.00610	0.00397	0.00394	0.00126	0.00501	0.00368	0.00187	0.00501
32	0.00565	0.00402	0.00539	0.00539	0.00577	0.00440	0.00376	0.00641	0.00603	0.00842	0.01134	0.02003	0.01181	0.40500	0.47383	0.00517	0.00748	0.00488	0.00222	0.00299
33	0.00851	0.00696	0.00817	0.00585	0.00932	0.00525	0.00469	0.01024	0.00825	0.04568	0.00731	0.00834	0.00596	0.00298	0.00294	0.00061	0.00292	0.00239	0.00242	0.85122
34	0.02603	0.22961	0.20861	0.01146	0.10545	0.17202	0.08691	0.03075	0.02312	0.01139	0.00687	0.02026	0.00568	0.00393	0.00389	0.00112	0.04269	0.00302	0.00193	0.00525
35	0.00588	0.00471	0.00696	0.00886	0.14278	0.00455	0.02057	0.00719	0.02615	0.01078	0.01916	0.61780	0.03643	0.01038	0.00481	0.00152	0.00285	0.06148	0.00334	0.00382
36	0.01242	0.44828	0.01592	0.00838	0.01104	0.40890	0.00715	0.01355	0.00942	0.00940	0.00573	0.00670	0.00504	0.00374	0.00319	0.00094	0.02125	0.00232	0.00184	0.00479
37	0.00471	0.00393	0.00411	0.00415	0.00536	0.00333	0.00308	0.00574	0.00899	0.01093	0.09681	0.09581	0.71969	0.00996	0.00466	0.00134	0.00200	0.00839	0.00369	0.00333
38	0.00841	0.01646	0.51939	0.01328	0.01835	0.00942	0.33317	0.01247	0.00866	0.01247	0.00739	0.00918	0.00535	0.00356	0.00408	0.00127	0.00612	0.00358	0.00178	0.00559
39	0.00555	0.00401	0.00524	0.00493	0.00586	0.00370	0.00370	0.00740	0.01110	0.01572	0.83570	0.02928	0.03699	0.00801	0.00462	0.00123	0.00185	0.00709	0.00432	0.00370
40	0.01048	0.86458	0.02054	0.00671	0.01006	0.01551	0.00671	0.01174	0.00797	0.00922	0.00545	0.00629	0.00503	0.00335	0.00252	0.00084	0.00419	0.00210	0.00168	0.00503
41	0.88991	0.00758	0.00576	0.00516	0.00758	0.00879	0.00425	0.01152	0.00667	0.01759	0.00546	0.00637	0.00425	0.00364	0.00243	0.00121	0.00303	0.00212	0.00243	0.00425
42	0.88991	0.00758	0.00576	0.00516	0.00758	0.00879	0.00425	0.01152	0.00667	0.01759	0.00546	0.00637	0.00425	0.00364	0.00243	0.00121	0.00303	0.00212	0.00243	0.00425
43	0.00498	0.00361	0.00470	0.00522	0.00571	0.00333	0.00361	0.00600	0.00859	0.01162	0.24749	0.57733	0.08136	0.01095	0.00488	0.00148	0.00214	0.00984	0.00383	0.00333
44	0.66958	0.04280	0.00750	0.00628	0.02831	0.00938	0.00501	0.09807	0.04674	0.04606	0.00676	0.00739	0.00513	0.00386	0.00275	0.00120	0.00327	0.00247	0.00270	0.00476
45	0.02169	0.00817	0.07452	0.01038	0.19468	0.00656	0.00705	0.04409	0.00879	0.02464	0.03002	0.09607	0.04240	0.00462	0.00369	0.00097	0.01457	0.00396	0.00252	0.40062
46	0.20704	0.14244	0.11244	0.01242	0.24425	0.02221	0.03100	0.05268	0.03474	0.06078	0.00735	0.00855	0.00578	0.00387	0.00372	0.00117	0.03885	0.00297	0.00230	0.00546

[dist]
# distance from previous block
# <min> <max>
0	1

[block]
# block no. 6 follows, 69 sequences, length 40
# corresponding to MSA columns:
# 283-322
name=unknown_G
#
# <colnr> <probs for GDERKNQSTAVLIFYWHMCP>
#	G	D	E	R	K	N	Q	S	T	A	V	L	I	F	Y	W	H	M	C	P
0	0.01030	0.00957	0.00912	0.00821	0.01041	0.10311	0.00636	0.02025	0.73924	0.01564	0.01485	0.01378	0.01120	0.00518	0.00394	0.00129	0.00355	0.00422	0.00377	0.00602
1	0.00528	0.00407	0.00446	0.00431	0.00559	0.00349	0.00325	0.00650	0.00956	0.03802	0.24309	0.03480	0.60520	0.00928	0.00461	0.00130	0.00199	0.00783	0.00385	0.00352
2	0.13064	0.37556	0.05099	0.00838	0.08804	0.01094	0.03093	0.01156	0.03100	0.01206	0.00673	0.00787	0.00566	0.00351	0.00299	0.00094	0.01370	0.00255	0.05057	0.15540
3	0.00917	0.04977	0.05687	0.03317	0.04229	0.00743	0.24025	0.01149	0.01838	0.12088	0.10106	0.09105	0.01204	0.00555	0.01766	0.00129	0.03276	0.01434	0.04139	0.09316
4	0.01438	0.00585	0.00750	0.00601	0.00840	0.00527	0.00488	0.03553	0.01048	0.56836	0.01450	0.01364	0.00974	0.00476	0.00357	0.00112	0.00290	0.00384	0.27352	0.00575
5	0.05978	0.00679	0.00892	0.00693	0.00990	0.00609	0.00571	0.01881	0.04748	0.76367	0.01500	0.01306	0.00954	0.00481	0.00387	0.00122	0.00331	0.00388	0.00470	0.00653
6	0.01008	0.30845	0.18564	0.04871	0.14948	0.05067	0.09161	0.01245	0.00860	0.06172	0.00713	0.00853	0.00568	0.00410	0.01831	0.00118	0.01726	0.00299	0.00197	0.00542
7	0.01739	0.00699	0.00929	0.00712	0.01016	0.00623	0.00588	0.07774	0.01175	0.78111	0.01503	0.01306	0.00948	0.00484	0.00394	0.00121	0.00341	0.00391	0.00478	0.00667
8	0.88991	0.00758	0.00576	0.00516	0.00758	0.00879	0.00425	0.01152	0.00667	0.01759	0.00546	0.00637	0.00425	0.00364	0.00243	0.00121	0.00303	0.00212	0.00243	0.00425
9	0.01710	0.00746	0.00958	0.00735	0.01040	0.00693	0.00607	0.16564	0.01253	0.69210	0.01437	0.01263	0.00915	0.00483	0.00394	0.00121	0.00351	0.00387	0.00468	0.00667
10	0.01464	0.01868	0.01111	0.01010	0.01212	0.84648	0.00757	0.01565	0.01111	0.00959	0.00606	0.00707	0.00505	0.00404	0.00353	0.00101	0.00707	0.00252	0.00202	0.00454
11	0.00551	0.00401	0.00519	0.00489	0.00583	0.00368	0.00367	0.00732	0.01101	0.01550	0.80215	0.02964	0.07068	0.00810	0.00462	0.00124	0.00186	0.00714	0.00429	0.00368
12	0.00523	0.00407	0.00425	0.00417	0.00553	0.00342	0.00314	0.00626	0.00904	0.04763	0.05554	0.06232	0.75633	0.00973	0.00461	0.00133	0.00205	0.00815	0.00371	0.00346
13	0.00555	0.00401	0.00524	0.00493	0.00586	0.00370	0.00370	0.00740	0.01110	0.01572	0.83570	0.02928	0.03699	0.00801	0.00462	0.00123	0.00185	0.00709	0.00432	0.00370
14	0.03389	0.00696	0.00920	0.00707	0.01010	0.00622	0.00584	0.06935	0.01159	0.77392	0.01490	0.01297	0.00941	0.00482	0.00391	0.00121	0.00339	0.00388	0.00475	0.00663
15	0.88991	0.00758	0.00576	0.00516	0.00758	0.00879	0.00425	0.01152	0.00667	0.01759	0.00546	0.00637	0.00425	0.00364	0.00243	0.00121	0.00303	0.00212	0.00243	0.00425
16	0.01095	0.00902	0.00954	0.00822	0.01065	0.01031	0.00649	0.20752	0.64204	0.01833	0.01444	0.01342	0.01074	0.00518	0.00397	0.00129	0.00338	0.00422	0.00397	0.00631
17	0.06768	0.00818	0.00980	0.00756	0.01059	0.00810	0.00624	0.29034	0.01339	0.51727	0.01284	0.01161	0.00836	0.00473	0.00385	0.00120	0.00365	0.00370	0.00440	0.00653
18	0.00540	0.00396	0.00486	0.00469	0.00567	0.00359	0.00350	0.00702	0.01034	0.01431	0.58946	0.06673	0.20716	0.00845	0.00455	0.00125	0.00190	0.00736	0.04623	0.00359
19	0.00570	0.00382	0.00437	0.00437	0.00441	0.00385	0.00250	0.00576	0.00573	0.00767	0.01226	0.02516	0.01404	0.82161	0.06027	0.00392	0.00413	0.00563	0.00236	0.00243
20	0.50689	0.00832	0.00886	0.04392	0.11883	0.03209	0.02916	0.01273	0.09992	0.03328	0.00723	0.00835	0.00567	0.00408	0.00374	0.00126	0.06554	0.00283	0.00249	0.00482
21	0.01623	0.02737	0.00971	0.00728	0.01016	0.00685	0.00604	0.07999	0.01124	0.66889	0.01374	0.01234	0.00890	0.00484	0.00441	0.00120	0.05593	0.00376	0.00440	0.04675
22	0.01028	0.09861	0.11564	0.01215	0.16328	0.01656	0.13605	0.08141	0.05110	0.08026	0.00835	0.00948	0.00640	0.00373	0.00382	0.00107	0.01966	0.00330	0.00246	0.17638
23	0.01097	0.52060	0.03532	0.00887	0.05905	0.07246	0.03745	0.11964	0.00967	0.01190	0.02970	0.00793	0.00626	0.00392	0.00359	0.00100	0.05162	0.00272	0.00210	0.00523
24	0.00836	0.00690	0.00836	0.00604	0.00940	0.00528	0.02227	0.01014	0.00839	0.04128	0.04417	0.00930	0.00733	0.00321	0.00305	0.00065	0.00295	0.00264	0.00249	0.79777
25	0.07306	0.05019	0.07753	0.03710	0.22720	0.00875	0.02118	0.14184	0.01057	0.18068	0.03502	0.01037	0.00757	0.00411	0.00376	0.00113	0.01358	0.00340	0.00294	0.09001
26	0.04761	0.19138	0.30571	0.05053	0.01398	0.00986	0.09791	0.03008	0.03171	0.05174	0.05464	0.03896	0.00808	0.00430	0.00379	0.00117	0.02131	0.00353	0.00224	0.03144
27	0.00722	0.00470	0.00599	0.00549	0.00674	0.00448	0.00420	0.00986	0.08610	0.10390	0.63954	0.04281	0.03125	0.00757	0.00452	0.00126	0.00217	0.02364	0.00431	0.00424
28	0.00483	0.00412	0.00417	0.00413	0.00548	0.00354	0.00311	0.00619	0.03657	0.01094	0.06258	0.03670	0.78477	0.00972	0.00461	0.00132	0.00202	0.00811	0.00367	0.00342
29	0.03873	0.06109	0.01447	0.01202	0.12287	0.00973	0.20033	0.21942	0.03906	0.16324	0.01015	0.04815	0.00780	0.00455	0.00427	0.00124	0.02984	0.00409	0.00311	0.00587
30	0.03716	0.06493	0.10667	0.01605	0.09363	0.00715	0.05431	0.02029	0.10540	0.01147	0.04371	0.09940	0.04011	0.21016	0.07083	0.00224	0.00444	0.00509	0.00261	0.00435
31	0.00543	0.00386	0.00518	0.00600	0.00645	0.00373	0.00451	0.00647	0.00789	0.01041	0.02041	0.47862	0.02357	0.09329	0.00659	0.00188	0.00291	0.30604	0.00351	0.00326
32	0.00831	0.00790	0.01336	0.51991	0.33946	0.00900	0.01129	0.01078	0.00823	0.01108	0.00710	0.01013	0.00560	0.00380	0.00405	0.00126	0.01836	0.00349	0.00182	0.00507
33	0.02924	0.16061	0.29544	0.04374	0.08941	0.06039	0.08182	0.04516	0.07862	0.04898	0.00796	0.00905	0.00605	0.00392	0.00382	0.00117	0.02374	0.00316	0.00218	0.00557
34	0.01271	0.00900	0.07328	0.03329	0.11346	0.02591	0.05459	0.10877	0.11383	0.32127	0.03330	0.01370	0.05896	0.00489	0.00401	0.00123	0.00397	0.00416	0.00364	0.00603
35	0.00551	0.00395	0.00496	0.00476	0.00570	0.00362	0.00355	0.00719	0.01048	0.01475	0.64888	0.06992	0.13257	0.00825	0.00453	0.00124	0.00189	0.00722	0.05741	0.00362
36	0.01044	0.19926	0.24109	0.05032	0.01336	0.17612	0.03196	0.05942	0.05624	0.03729	0.00913	0.01024	0.04643	0.00436	0.00381	0.00114	0.02896	0.01300	0.00223	0.00521
37	0.05633	0.13018	0.07891	0.02006	0.25596	0.06463	0.02801	0.06502	0.16928	0.06097	0.01859	0.01015	0.00744	0.00413	0.00373	0.00116	0.01365	0.00339	0.00262	0.00577
38	0.06658	0.00985	0.11482	0.15029	0.04031	0.08115	0.06328	0.07602	0.00988	0.21078	0.05162	0.01176	0.00847	0.01780	0.06877	0.00164	0.00509	0.00370	0.00290	0.00527
39	0.01708	0.00751	0.01150	0.13780	0.05528	0.06543	0.20660	0.03454	0.00898	0.02568	0.02542	0.22718	0.13377	0.00692	0.00446	0.00136	0.00430	0.01908	0.00277	0.00433

[dist]
# distance from previous block
# <min> <max>
0	88

# created by:
# /home/cegg/simao/soft/augustus-3.2.1/scripts/msa2prfl.pl ./align_prep/EOG092C4JF2.fa
