[name]
unknown

[dist]
# distance from previous block
# <min> <max>
0	107

[block]
# block no. 0 follows, 79 sequences, length 55
# corresponding to MSA columns:
# 136-190
name=unknown_A
#
# <colnr> <probs for GDERKNQSTAVLIFYWHMCP>
#	G	D	E	R	K	N	Q	S	T	A	V	L	I	F	Y	W	H	M	C	P
0	0.00884	0.06544	0.00863	0.02171	0.02511	0.10055	0.01624	0.08300	0.29035	0.04335	0.01328	0.05837	0.01212	0.00605	0.00385	0.00124	0.00353	0.23064	0.00308	0.00459
1	0.00707	0.01823	0.85788	0.01005	0.01525	0.00818	0.01302	0.01116	0.00744	0.01116	0.00632	0.00744	0.00446	0.00335	0.00335	0.00112	0.00521	0.00260	0.00149	0.00521
2	0.00781	0.00769	0.01473	0.42688	0.05527	0.00829	0.34260	0.01030	0.00766	0.04349	0.00687	0.00946	0.00515	0.00341	0.00406	0.00118	0.03543	0.00356	0.00177	0.00440
3	0.00952	0.00794	0.00839	0.00732	0.00945	0.00912	0.00576	0.15250	0.71279	0.01596	0.01339	0.01239	0.00998	0.00469	0.00358	0.00117	0.00297	0.00385	0.00358	0.00565
4	0.00506	0.00348	0.00426	0.00430	0.00445	0.00361	0.00270	0.00537	0.00532	0.00724	0.01115	0.06291	0.01244	0.64501	0.20459	0.00382	0.00469	0.00507	0.00214	0.00240
5	0.00433	0.00358	0.00380	0.00374	0.00486	0.00305	0.00281	0.00538	0.00842	0.01044	0.19928	0.03240	0.68858	0.00858	0.00416	0.00117	0.00176	0.00722	0.00339	0.00305
6	0.01057	0.00495	0.00675	0.00618	0.00793	0.00451	0.00519	0.01198	0.00902	0.42957	0.01705	0.06683	0.04921	0.00710	0.00416	0.00133	0.00300	0.34627	0.00380	0.00458
7	0.00445	0.00351	0.00400	0.00402	0.00497	0.00307	0.00296	0.00555	0.00848	0.01092	0.29439	0.14231	0.48155	0.00866	0.00421	0.00120	0.00178	0.00744	0.00347	0.00307
8	0.00872	0.00837	0.01431	0.02163	0.85415	0.00837	0.01082	0.01082	0.00802	0.01151	0.00663	0.00872	0.00558	0.00314	0.00349	0.00105	0.00419	0.00314	0.00174	0.00558
9	0.00725	0.00620	0.00725	0.00520	0.00828	0.00467	0.00416	0.00882	0.00737	0.01155	0.02579	0.00775	0.00587	0.00272	0.00265	0.00054	0.00259	0.00219	0.00213	0.87704
10	0.00932	0.84254	0.05333	0.00620	0.00930	0.01371	0.00632	0.01058	0.00717	0.00841	0.00496	0.00573	0.00452	0.00303	0.00231	0.00077	0.00383	0.00191	0.00151	0.00455
11	0.77570	0.00661	0.00543	0.00476	0.00695	0.00745	0.00391	0.01101	0.00648	0.10498	0.00609	0.00665	0.00452	0.00342	0.00234	0.00108	0.00272	0.00213	0.03373	0.00403
12	0.00507	0.00379	0.00473	0.00446	0.00539	0.00354	0.00336	0.00704	0.04966	0.01361	0.71530	0.02660	0.12960	0.00729	0.00413	0.00112	0.00173	0.00639	0.00379	0.00339
13	0.00932	0.00990	0.06500	0.01451	0.15458	0.05152	0.52279	0.03559	0.00869	0.08140	0.00752	0.00928	0.00559	0.00320	0.00388	0.00113	0.00533	0.00373	0.00202	0.00502
14	0.00674	0.00635	0.01073	0.83260	0.05867	0.00785	0.00983	0.00908	0.00709	0.00911	0.00628	0.00937	0.00473	0.00351	0.00352	0.00117	0.00468	0.00313	0.00157	0.00398
15	0.56317	0.00722	0.00796	0.21393	0.01214	0.03098	0.06926	0.02948	0.00682	0.02289	0.00560	0.00705	0.00427	0.00335	0.00273	0.00111	0.00357	0.00243	0.00205	0.00399
16	0.00429	0.00310	0.00406	0.00483	0.00509	0.00287	0.00324	0.00492	0.00682	0.00903	0.02036	0.82561	0.07093	0.01092	0.00448	0.00142	0.00203	0.00987	0.00327	0.00287
17	0.00496	0.00379	0.00449	0.00428	0.00528	0.00345	0.00322	0.03531	0.00938	0.01257	0.49872	0.06872	0.31715	0.00788	0.00415	0.00115	0.00180	0.00681	0.00363	0.00327
18	0.70110	0.00732	0.00619	0.00533	0.00759	0.01757	0.00439	0.13656	0.01819	0.04385	0.00611	0.00706	0.00470	0.00359	0.00251	0.00109	0.00296	0.01718	0.00249	0.00423
19	0.00839	0.02268	0.22166	0.04072	0.17838	0.04698	0.06797	0.04830	0.10034	0.02501	0.00753	0.00869	0.00583	0.00388	0.02250	0.00109	0.00430	0.00293	0.00207	0.18075
20	0.00422	0.00357	0.00365	0.00363	0.00479	0.00300	0.00272	0.00516	0.00816	0.00983	0.08979	0.03342	0.79844	0.00881	0.00416	0.00118	0.00178	0.00737	0.00331	0.00300
21	0.00425	0.00348	0.00376	0.00392	0.00490	0.00299	0.00288	0.00514	0.00786	0.00963	0.06667	0.19998	0.63884	0.00929	0.00424	0.00124	0.00186	0.02281	0.00330	0.00297
22	0.14012	0.00909	0.01030	0.00879	0.06766	0.06700	0.06662	0.38788	0.04566	0.14006	0.00851	0.00871	0.00608	0.00395	0.00345	0.00108	0.01348	0.00309	0.00307	0.00539
23	0.00680	0.00642	0.01084	0.80710	0.08368	0.00787	0.00986	0.00913	0.00712	0.00918	0.00629	0.00935	0.00476	0.00350	0.00352	0.00117	0.00466	0.00313	0.00158	0.00403
24	0.00511	0.00347	0.00401	0.00405	0.00417	0.00348	0.00244	0.00528	0.00541	0.00718	0.01235	0.02383	0.04615	0.75877	0.05835	0.00335	0.00364	0.04447	0.00222	0.00227
25	0.00707	0.01823	0.85788	0.01005	0.01525	0.00818	0.01302	0.01116	0.00744	0.01116	0.00632	0.00744	0.00446	0.00335	0.00335	0.00112	0.00521	0.00260	0.00149	0.00521
26	0.00931	0.05039	0.16092	0.08234	0.18061	0.13554	0.17614	0.06239	0.00872	0.05147	0.00740	0.04529	0.00600	0.00370	0.00355	0.00108	0.00490	0.00338	0.00199	0.00487
27	0.00731	0.00693	0.01175	0.59988	0.28695	0.00800	0.01011	0.00958	0.00736	0.00980	0.00638	0.00918	0.00498	0.00340	0.00351	0.00113	0.00454	0.00313	0.00162	0.00444
28	0.90103	0.00682	0.00518	0.00463	0.00682	0.00791	0.00382	0.01036	0.00600	0.01581	0.00491	0.00573	0.00382	0.00327	0.00218	0.00109	0.00273	0.00191	0.00218	0.00382
29	0.00494	0.00353	0.00477	0.00491	0.00525	0.00380	0.00343	0.00566	0.00566	0.00785	0.01168	0.16050	0.01262	0.31896	0.42592	0.00418	0.00611	0.00529	0.00220	0.00275
30	0.00837	0.00815	0.01311	0.01767	0.59552	0.04175	0.06360	0.01059	0.03715	0.01096	0.00715	0.00944	0.00607	0.00625	0.11143	0.00165	0.04094	0.00328	0.00182	0.00509
31	0.00427	0.00317	0.00399	0.00464	0.00504	0.00289	0.00315	0.00494	0.00701	0.00910	0.02268	0.70567	0.18937	0.01062	0.00443	0.00138	0.00199	0.00950	0.00327	0.00289
32	0.00748	0.00473	0.00607	0.02458	0.00695	0.00470	0.00424	0.04217	0.06224	0.15594	0.47655	0.07386	0.06006	0.00664	0.00436	0.00116	0.04489	0.00566	0.00370	0.00402
33	0.16230	0.00637	0.00839	0.00712	0.05054	0.00607	0.03987	0.01511	0.04385	0.57102	0.01160	0.01081	0.00770	0.00495	0.03726	0.00128	0.00338	0.00330	0.00363	0.00543
34	0.00527	0.00383	0.00452	0.00469	0.00566	0.00349	0.00357	0.03488	0.00815	0.04527	0.05957	0.26380	0.39972	0.00921	0.00432	0.00131	0.00220	0.13398	0.00335	0.00323
35	0.00864	0.00880	0.04505	0.02081	0.77395	0.00840	0.06060	0.01086	0.00802	0.01149	0.00665	0.00872	0.00553	0.00314	0.00352	0.00106	0.00433	0.00318	0.00174	0.00552
36	0.00545	0.00389	0.00481	0.00520	0.00581	0.00389	0.00378	0.04639	0.06478	0.01065	0.05225	0.50702	0.03505	0.05310	0.00494	0.00146	0.00236	0.11472	0.07120	0.00326
37	0.00556	0.03850	0.00541	0.00488	0.00578	0.01192	0.00368	0.00743	0.06474	0.02680	0.43040	0.20429	0.08267	0.02543	0.00443	0.00124	0.00909	0.03970	0.02463	0.00343
38	0.00815	0.00758	0.01011	0.01941	0.10191	0.05920	0.11781	0.07994	0.16535	0.02111	0.07113	0.04992	0.10343	0.03973	0.00547	0.00129	0.12692	0.00445	0.00264	0.00446
39	0.01011	0.00618	0.00760	0.00557	0.00856	0.00486	0.00451	0.01161	0.00822	0.28995	0.00878	0.00885	0.00637	0.00319	0.00292	0.00071	0.00274	0.00257	0.00284	0.60388
40	0.09457	0.02893	0.04439	0.00779	0.03899	0.00944	0.00627	0.33793	0.33115	0.01726	0.01016	0.00996	0.00754	0.00422	0.00335	0.00109	0.00335	0.00329	0.02007	0.02026
41	0.00770	0.02136	0.27484	0.18042	0.28891	0.00802	0.06739	0.01060	0.02164	0.01823	0.02826	0.00897	0.00584	0.00339	0.00347	0.00108	0.00456	0.00309	0.00175	0.04049
42	0.00861	0.10719	0.50397	0.00976	0.07261	0.06005	0.02038	0.04823	0.00823	0.07188	0.00801	0.00877	0.04018	0.00365	0.00329	0.00105	0.00467	0.00285	0.00191	0.01469
43	0.00586	0.00520	0.00722	0.00691	0.01731	0.00625	0.02037	0.00673	0.00666	0.00935	0.07790	0.34442	0.08319	0.00837	0.00723	0.00143	0.34427	0.03536	0.00259	0.00338
44	0.00524	0.00334	0.00446	0.00497	0.00542	0.00308	0.00342	0.00601	0.00731	0.07409	0.09785	0.72792	0.02314	0.01017	0.00439	0.00137	0.00208	0.00918	0.00341	0.00315
45	0.00777	0.03244	0.46000	0.19185	0.11855	0.01645	0.02812	0.05056	0.03084	0.02109	0.00673	0.00826	0.00496	0.00344	0.00341	0.00111	0.00482	0.00287	0.00173	0.00500
46	0.00856	0.05306	0.27198	0.01409	0.29276	0.02988	0.14937	0.01199	0.08035	0.04310	0.00745	0.00876	0.00569	0.00337	0.00350	0.00109	0.00466	0.00315	0.00192	0.00526
47	0.00771	0.00771	0.01079	0.00925	0.00925	0.01079	0.00771	0.00848	0.00540	0.00848	0.00463	0.00771	0.00463	0.00617	0.01157	0.00154	0.86969	0.00308	0.00154	0.00386
48	0.00503	0.00378	0.00566	0.00566	0.00629	0.00441	0.00441	0.00629	0.00566	0.00818	0.00944	0.01385	0.00881	0.02643	0.86217	0.00566	0.00944	0.00378	0.00189	0.00315
49	0.03721	0.03226	0.14178	0.02401	0.05470	0.04033	0.00683	0.07259	0.00966	0.48691	0.01157	0.01089	0.03134	0.00414	0.00342	0.00107	0.00359	0.00331	0.01889	0.00550
50	0.00898	0.53155	0.27534	0.00742	0.01099	0.01165	0.00821	0.02666	0.00749	0.04460	0.00577	0.00659	0.00471	0.00331	0.00299	0.00091	0.03412	0.00224	0.00166	0.00480
51	0.00521	0.00431	0.00588	0.00607	0.00622	0.00498	0.00446	0.00586	0.00639	0.00886	0.01547	0.64213	0.01831	0.00974	0.00639	0.00146	0.23416	0.00816	0.00281	0.00313
52	0.00951	0.00767	0.01139	0.02952	0.36024	0.01820	0.06086	0.18338	0.01039	0.08252	0.17787	0.01251	0.01145	0.00429	0.00368	0.00107	0.00367	0.00388	0.00276	0.00514
53	0.23742	0.19012	0.11188	0.00699	0.00974	0.08396	0.00648	0.16400	0.03504	0.07799	0.00674	0.00726	0.00512	0.00368	0.00321	0.00102	0.03972	0.00249	0.00236	0.00477
54	0.00846	0.00806	0.01372	0.08559	0.76162	0.00818	0.01056	0.01056	0.00795	0.01129	0.00702	0.00985	0.00602	0.00340	0.00354	0.00108	0.00419	0.03175	0.00178	0.00537

[dist]
# distance from previous block
# <min> <max>
0	1

[block]
# block no. 1 follows, 79 sequences, length 13
# corresponding to MSA columns:
# 192-204
name=unknown_B
#
# <colnr> <probs for GDERKNQSTAVLIFYWHMCP>
#	G	D	E	R	K	N	Q	S	T	A	V	L	I	F	Y	W	H	M	C	P
0	0.08481	0.00737	0.06600	0.00648	0.05146	0.00567	0.00522	0.04286	0.00771	0.04312	0.00654	0.00747	0.00522	0.00287	0.00274	0.00068	0.00294	0.00226	0.00218	0.64639
1	0.00517	0.00339	0.00391	0.00391	0.00399	0.00335	0.00227	0.00506	0.00527	0.00694	0.01225	0.02246	0.06971	0.72267	0.01654	0.10052	0.00327	0.00506	0.00215	0.00213
2	0.00511	0.00347	0.00413	0.00413	0.00423	0.00357	0.00249	0.00531	0.00521	0.00704	0.01085	0.02163	0.01219	0.74363	0.14959	0.00377	0.00436	0.00491	0.00210	0.00229
3	0.03468	0.02396	0.08544	0.00888	0.14310	0.07586	0.00652	0.04604	0.07343	0.05318	0.00729	0.00812	0.00574	0.00319	0.00300	0.00081	0.00351	0.00257	0.00224	0.41244
4	0.30338	0.10413	0.09682	0.02266	0.23337	0.06413	0.00743	0.09646	0.00819	0.01342	0.00595	0.00708	0.00473	0.00333	0.00288	0.00102	0.00386	0.00248	0.00203	0.01665
5	0.00474	0.00339	0.00450	0.00508	0.00546	0.00328	0.00366	0.00560	0.00703	0.00941	0.08271	0.49012	0.03562	0.10556	0.06138	0.00193	0.00286	0.16165	0.00310	0.00291
6	0.00529	0.00393	0.00454	0.00439	0.00544	0.00362	0.00328	0.03496	0.03889	0.03332	0.30918	0.14401	0.36178	0.00811	0.00412	0.00118	0.00191	0.00698	0.02171	0.00336
7	0.03242	0.08537	0.21561	0.01238	0.27172	0.04159	0.02207	0.11486	0.06099	0.09804	0.00776	0.00857	0.00582	0.00356	0.00333	0.00105	0.00423	0.00295	0.00228	0.00538
8	0.00542	0.03302	0.00599	0.00546	0.00594	0.00496	0.00409	0.00629	0.00554	0.00783	0.00937	0.01565	0.00945	0.26073	0.53003	0.00454	0.07676	0.00403	0.00192	0.00297
9	0.00533	0.00381	0.00512	0.00578	0.00644	0.00374	0.00474	0.00659	0.00763	0.00995	0.03812	0.15598	0.06292	0.10407	0.00618	0.00176	0.00298	0.56264	0.00314	0.00306
10	0.04930	0.00775	0.06329	0.04615	0.02085	0.06741	0.06969	0.13535	0.08538	0.10561	0.01229	0.19951	0.01152	0.00602	0.00380	0.00121	0.00359	0.08537	0.02143	0.00448
11	0.01302	0.00996	0.00991	0.00785	0.01044	0.10267	0.00638	0.60501	0.07209	0.08475	0.00906	0.00898	0.00647	0.00421	0.00346	0.00105	0.00393	0.00316	0.03193	0.00567
12	0.73501	0.00722	0.00659	0.00675	0.09931	0.00819	0.00480	0.07505	0.00704	0.01584	0.00537	0.00626	0.00418	0.00333	0.00243	0.00108	0.00297	0.00214	0.00224	0.00418

[dist]
# distance from previous block
# <min> <max>
0	1

[block]
# block no. 2 follows, 79 sequences, length 17
# corresponding to MSA columns:
# 206-222
name=unknown_C
#
# <colnr> <probs for GDERKNQSTAVLIFYWHMCP>
#	G	D	E	R	K	N	Q	S	T	A	V	L	I	F	Y	W	H	M	C	P
0	0.00774	0.00649	0.00886	0.06626	0.01045	0.00533	0.08786	0.00949	0.00756	0.05461	0.00722	0.00915	0.00595	0.00307	0.00296	0.00070	0.00313	0.03410	0.00218	0.66687
1	0.00467	0.00359	0.00428	0.00410	0.00507	0.00319	0.00308	0.00604	0.00923	0.01237	0.54042	0.02923	0.34623	0.00786	0.00416	0.00114	0.00171	0.00678	0.00365	0.00319
2	0.00540	0.00353	0.00426	0.00420	0.00505	0.00325	0.00310	0.00676	0.00865	0.03970	0.39502	0.15612	0.16312	0.00739	0.00386	0.00112	0.00178	0.00642	0.17799	0.00327
3	0.07067	0.00594	0.00782	0.00686	0.06859	0.00534	0.00512	0.01471	0.00919	0.59015	0.01201	0.01116	0.00797	0.00405	0.00327	0.00102	0.00289	0.00328	0.10241	0.06755
4	0.00586	0.00437	0.00567	0.00620	0.00711	0.00448	0.00519	0.00837	0.11583	0.01078	0.01885	0.11105	0.06273	0.03444	0.00501	0.00158	0.00301	0.58275	0.00326	0.00346
5	0.00494	0.00359	0.00455	0.00431	0.00518	0.00329	0.00323	0.00651	0.00969	0.01359	0.73981	0.02685	0.12445	0.00732	0.00412	0.00111	0.00168	0.00642	0.02609	0.00329
6	0.00575	0.00316	0.00450	0.00453	0.00468	0.00310	0.00305	0.00491	0.00553	0.00744	0.11197	0.07398	0.03569	0.05670	0.01189	0.65221	0.00280	0.00419	0.00202	0.00192
7	0.00833	0.01415	0.51997	0.00989	0.01409	0.00816	0.12815	0.07178	0.07917	0.06671	0.04008	0.00930	0.00660	0.00369	0.00354	0.00113	0.00474	0.00319	0.00213	0.00521
8	0.90103	0.00682	0.00518	0.00463	0.00682	0.00791	0.00382	0.01036	0.00600	0.01581	0.00491	0.00573	0.00382	0.00327	0.00218	0.00109	0.00273	0.00191	0.00218	0.00382
9	0.00802	0.07636	0.01212	0.19774	0.35456	0.06759	0.02941	0.00985	0.01722	0.01001	0.00777	0.10603	0.00726	0.00464	0.01399	0.00118	0.06603	0.00379	0.00187	0.00456
10	0.00963	0.60272	0.13043	0.00733	0.01048	0.14076	0.03576	0.01119	0.00766	0.00883	0.00525	0.00613	0.00455	0.00315	0.00261	0.00084	0.00443	0.00212	0.00156	0.00456
11	0.01109	0.00497	0.00662	0.00547	0.00740	0.00437	0.00440	0.01252	0.00985	0.49149	0.29375	0.01914	0.07787	0.00579	0.00383	0.00112	0.00248	0.02892	0.00409	0.00481
12	0.00496	0.00359	0.00454	0.00430	0.00517	0.00329	0.00323	0.00653	0.00968	0.01360	0.73471	0.02668	0.12057	0.00728	0.00410	0.00111	0.00168	0.00638	0.03535	0.00329
13	0.00896	0.00801	0.01287	0.07704	0.63321	0.02534	0.02138	0.04248	0.00823	0.05471	0.00734	0.00989	0.00618	0.06400	0.00450	0.00122	0.00416	0.00330	0.00196	0.00522
14	0.07121	0.00769	0.07067	0.00807	0.01037	0.00729	0.18318	0.01281	0.33607	0.01329	0.15632	0.01541	0.08234	0.00494	0.00374	0.00117	0.00335	0.00447	0.00298	0.00465
15	0.64117	0.00653	0.00578	0.00511	0.00718	0.00730	0.00421	0.07013	0.00751	0.07424	0.07353	0.01041	0.00781	0.00419	0.00272	0.00113	0.00278	0.06160	0.00264	0.00405
16	0.00666	0.00626	0.01057	0.86767	0.02427	0.00783	0.00979	0.00900	0.00705	0.00900	0.00626	0.00940	0.00470	0.00352	0.00352	0.00117	0.00470	0.00313	0.00157	0.00392

[dist]
# distance from previous block
# <min> <max>
0	17

[block]
# block no. 3 follows, 79 sequences, length 50
# corresponding to MSA columns:
# 240-289
name=unknown_D
#
# <colnr> <probs for GDERKNQSTAVLIFYWHMCP>
#	G	D	E	R	K	N	Q	S	T	A	V	L	I	F	Y	W	H	M	C	P
0	0.00959	0.05029	0.00983	0.08509	0.20519	0.02155	0.01691	0.04646	0.12320	0.19616	0.15561	0.03485	0.02056	0.00466	0.00361	0.00109	0.00330	0.00405	0.00303	0.00497
1	0.00466	0.00356	0.00436	0.00486	0.00563	0.00326	0.00376	0.00568	0.00765	0.00966	0.02551	0.29903	0.34398	0.00983	0.00448	0.00139	0.00230	0.25409	0.00326	0.00302
2	0.00476	0.00386	0.00435	0.00490	0.00536	0.04571	0.00337	0.00550	0.00730	0.00938	0.07484	0.65979	0.13758	0.01013	0.00436	0.00135	0.00220	0.00904	0.00324	0.00297
3	0.90103	0.00682	0.00518	0.00463	0.00682	0.00791	0.00382	0.01036	0.00600	0.01581	0.00491	0.00573	0.00382	0.00327	0.00218	0.00109	0.00273	0.00191	0.00218	0.00382
4	0.01380	0.00694	0.08710	0.00669	0.02278	0.00533	0.00582	0.01546	0.00980	0.68014	0.09679	0.01295	0.01073	0.00453	0.00359	0.00109	0.00309	0.00373	0.00400	0.00565
5	0.00888	0.00763	0.00803	0.00720	0.00921	0.00882	0.00561	0.03935	0.82698	0.01493	0.01420	0.01303	0.01064	0.00477	0.00358	0.00119	0.00282	0.00396	0.00358	0.00559
6	0.01296	0.06415	0.01045	0.00891	0.01079	0.81537	0.00677	0.01388	0.00983	0.00861	0.00542	0.00632	0.00454	0.00360	0.00313	0.00090	0.00621	0.00225	0.00180	0.00411
7	0.00731	0.00626	0.00731	0.00522	0.00835	0.00470	0.00418	0.00887	0.00731	0.01148	0.00626	0.00731	0.00522	0.00261	0.00261	0.00052	0.00261	0.00209	0.00209	0.89768
8	0.00520	0.00406	0.00626	0.03943	0.03382	0.00391	0.07537	0.00634	0.02067	0.02591	0.05878	0.66708	0.02052	0.00940	0.00435	0.00136	0.00256	0.00864	0.00309	0.00328
9	0.02318	0.13899	0.12749	0.00840	0.01154	0.07964	0.14428	0.03079	0.00907	0.36873	0.01799	0.00954	0.00674	0.00375	0.00339	0.00104	0.00418	0.00316	0.00286	0.00525
10	0.01403	0.00886	0.00995	0.00763	0.01042	0.00942	0.00630	0.62593	0.01487	0.24109	0.00989	0.00939	0.00671	0.00427	0.00353	0.00107	0.00365	0.00327	0.00375	0.00599
11	0.02294	0.04769	0.14107	0.00712	0.01007	0.02984	0.03062	0.06201	0.00945	0.48261	0.01154	0.07271	0.00835	0.00447	0.00347	0.00108	0.00352	0.00367	0.00339	0.04438
12	0.00689	0.00540	0.00645	0.00508	0.00746	0.00426	0.00401	0.00834	0.00778	0.05046	0.10157	0.07791	0.08030	0.00467	0.00319	0.00079	0.00245	0.04230	0.00263	0.57808
13	0.90103	0.00682	0.00518	0.00463	0.00682	0.00791	0.00382	0.01036	0.00600	0.01581	0.00491	0.00573	0.00382	0.00327	0.00218	0.00109	0.00273	0.00191	0.00218	0.00382
14	0.00938	0.00787	0.00831	0.00730	0.00940	0.00905	0.00573	0.12758	0.73793	0.01573	0.01357	0.01253	0.01013	0.00471	0.00358	0.00118	0.00293	0.00388	0.00358	0.00563
15	0.00417	0.00357	0.00357	0.00357	0.00476	0.00298	0.00268	0.00506	0.00803	0.00952	0.03570	0.03392	0.85272	0.00893	0.00417	0.00119	0.00179	0.00744	0.00327	0.00298
16	0.00666	0.00626	0.01057	0.86767	0.02427	0.00783	0.00979	0.00900	0.00705	0.00900	0.00626	0.00940	0.00470	0.00352	0.00352	0.00117	0.00470	0.00313	0.00157	0.00392
17	0.87369	0.00675	0.00520	0.00464	0.00679	0.00779	0.00381	0.01036	0.00604	0.02713	0.00514	0.00611	0.00404	0.01815	0.00247	0.00113	0.00274	0.00199	0.00221	0.00382
18	0.00936	0.82202	0.01825	0.00638	0.00939	0.01362	0.03609	0.01081	0.03131	0.00858	0.00525	0.00601	0.00473	0.00306	0.00237	0.00078	0.00382	0.00203	0.00158	0.00456
19	0.00505	0.00358	0.00473	0.00476	0.00508	0.00387	0.00327	0.00568	0.00545	0.00757	0.01062	0.05126	0.01128	0.43273	0.42499	0.00443	0.00627	0.00466	0.00206	0.00265
20	0.28150	0.00592	0.00668	0.00542	0.00775	0.00577	0.00444	0.01403	0.00853	0.50085	0.01090	0.01024	0.00728	0.00400	0.00300	0.00106	0.00275	0.00302	0.11185	0.00501
21	0.00471	0.00399	0.00417	0.00434	0.00526	0.03601	0.00320	0.00566	0.00803	0.00994	0.12239	0.22885	0.49177	0.00906	0.00424	0.00125	0.00208	0.04873	0.00328	0.00304
22	0.00964	0.52465	0.04213	0.00637	0.00906	0.01092	0.03194	0.08654	0.01676	0.08059	0.02367	0.00817	0.00627	0.00461	0.04565	0.00110	0.00388	0.00256	0.08089	0.00462
23	0.00535	0.00410	0.00520	0.00537	0.03141	0.00397	0.00393	0.00759	0.08761	0.01259	0.46689	0.12121	0.12883	0.00776	0.00420	0.00122	0.00207	0.09362	0.00358	0.00350
24	0.90103	0.00682	0.00518	0.00463	0.00682	0.00791	0.00382	0.01036	0.00600	0.01581	0.00491	0.00573	0.00382	0.00327	0.00218	0.00109	0.00273	0.00191	0.00218	0.00382
25	0.00706	0.00650	0.01095	0.72961	0.13276	0.00780	0.00979	0.00935	0.00724	0.02278	0.00662	0.00982	0.00512	0.00358	0.00354	0.00116	0.00458	0.01593	0.00166	0.00416
26	0.01317	0.01680	0.00999	0.00908	0.01090	0.86199	0.00681	0.01407	0.00999	0.00863	0.00545	0.00636	0.00454	0.00363	0.00318	0.00091	0.00636	0.00227	0.00182	0.00409
27	0.00471	0.00355	0.00435	0.00424	0.00512	0.00319	0.00315	0.00607	0.00918	0.01246	0.56158	0.09896	0.25456	0.00799	0.00419	0.00116	0.00173	0.00697	0.00366	0.00319
28	0.00621	0.00342	0.00356	0.00350	0.00443	0.00327	0.00263	0.00771	0.00778	0.03135	0.08328	0.01798	0.16561	0.00524	0.00294	0.00092	0.00170	0.00430	0.64089	0.00329
29	0.00771	0.00771	0.01079	0.00925	0.00925	0.01079	0.00771	0.00848	0.00540	0.00848	0.00463	0.00771	0.00463	0.00617	0.01157	0.00154	0.86969	0.00308	0.00154	0.00386
30	0.80981	0.00673	0.00549	0.00480	0.00704	0.00763	0.00396	0.01106	0.00642	0.10246	0.00583	0.00637	0.00432	0.00338	0.00232	0.00109	0.00275	0.00208	0.00241	0.00404
31	0.01324	0.00963	0.01037	0.00800	0.01078	0.01064	0.00659	0.77527	0.05794	0.04807	0.00893	0.00881	0.00632	0.00426	0.00353	0.00107	0.00380	0.00323	0.00355	0.00597
32	0.00931	0.83541	0.06029	0.00623	0.00935	0.01366	0.00638	0.01058	0.00718	0.00843	0.00497	0.00574	0.00452	0.00303	0.00232	0.00077	0.00384	0.00192	0.00151	0.00456
33	0.03109	0.00979	0.05249	0.00788	0.01075	0.01014	0.00674	0.70666	0.01522	0.07710	0.00873	0.00872	0.00614	0.00417	0.00346	0.00106	0.00380	0.00315	0.02706	0.00584
34	0.00497	0.00360	0.00463	0.00441	0.00520	0.00331	0.00324	0.00644	0.00938	0.01319	0.71378	0.07827	0.05143	0.06361	0.00505	0.00127	0.00182	0.00648	0.00369	0.01624
35	0.00754	0.04063	0.78957	0.00978	0.01480	0.00832	0.01245	0.03191	0.00774	0.03615	0.00656	0.00755	0.00463	0.00339	0.00333	0.00110	0.00507	0.00263	0.00162	0.00523
36	0.01343	0.01227	0.01024	0.00838	0.01082	0.32966	0.00666	0.49079	0.01378	0.05869	0.00760	0.00785	0.00558	0.00401	0.00340	0.00100	0.00476	0.00285	0.00293	0.00528
37	0.05182	0.00591	0.00788	0.00611	0.00872	0.00520	0.00503	0.01637	0.00991	0.77975	0.05546	0.01245	0.00975	0.00446	0.00352	0.00109	0.00292	0.00362	0.00425	0.00577
38	0.00863	0.03922	0.23493	0.05676	0.28341	0.10118	0.13691	0.01184	0.07224	0.01109	0.00701	0.00853	0.00546	0.00336	0.00349	0.00108	0.00486	0.00309	0.00182	0.00508
39	0.00814	0.00744	0.01246	0.34766	0.46009	0.00816	0.01005	0.01024	0.00760	0.04231	0.00667	0.00906	0.00531	0.00348	0.00390	0.00112	0.04653	0.00315	0.00176	0.00487
40	0.00707	0.01823	0.85788	0.01005	0.01525	0.00818	0.01302	0.01116	0.00744	0.01116	0.00632	0.00744	0.00446	0.00335	0.00335	0.00112	0.00521	0.00260	0.00149	0.00521
41	0.00421	0.00357	0.00363	0.00361	0.00479	0.00299	0.00271	0.00514	0.00813	0.00975	0.07655	0.03354	0.81174	0.00884	0.00416	0.00119	0.00178	0.00738	0.00330	0.00299
42	0.25312	0.05256	0.05180	0.00880	0.14222	0.04653	0.02695	0.03054	0.00846	0.33304	0.00881	0.00884	0.00614	0.00368	0.00309	0.00106	0.00351	0.00285	0.00287	0.00511
43	0.00435	0.00318	0.00411	0.00484	0.00519	0.00294	0.00333	0.00505	0.00697	0.00914	0.02124	0.73427	0.11776	0.01073	0.00448	0.00141	0.00208	0.05277	0.00327	0.00290
44	0.00612	0.00306	0.00459	0.00459	0.00459	0.00306	0.00306	0.00459	0.00459	0.00612	0.00612	0.01071	0.00612	0.01224	0.01377	0.89746	0.00306	0.00306	0.00153	0.00153
45	0.00506	0.00343	0.00383	0.00383	0.00390	0.00339	0.00217	0.00512	0.00531	0.00701	0.01270	0.02377	0.06728	0.81991	0.01705	0.00327	0.00331	0.00528	0.00221	0.00219
46	0.20223	0.03827	0.01105	0.01259	0.34743	0.07911	0.05287	0.02592	0.00776	0.01227	0.00609	0.00754	0.00500	0.00311	0.00301	0.00094	0.00382	0.00261	0.00194	0.17643
47	0.00805	0.09635	0.42808	0.03520	0.21536	0.00843	0.01053	0.03151	0.00781	0.02925	0.00647	0.00774	0.00495	0.00324	0.00322	0.00101	0.00447	0.00266	0.00173	0.09394
48	0.29796	0.13737	0.24620	0.00810	0.05568	0.05887	0.03153	0.04852	0.03406	0.04316	0.00627	0.00708	0.00477	0.00339	0.00286	0.00104	0.00401	0.00243	0.00202	0.00467
49	0.00686	0.10844	0.43830	0.00779	0.02175	0.01926	0.00871	0.00974	0.02585	0.02514	0.17084	0.06053	0.07257	0.00492	0.00351	0.00109	0.00387	0.00405	0.00227	0.00449

[dist]
# distance from previous block
# <min> <max>
5	7

[block]
# block no. 4 follows, 79 sequences, length 7
# corresponding to MSA columns:
# 298-304
name=unknown_E
#
# <colnr> <probs for GDERKNQSTAVLIFYWHMCP>
#	G	D	E	R	K	N	Q	S	T	A	V	L	I	F	Y	W	H	M	C	P
0	0.04618	0.04731	0.02171	0.00628	0.02864	0.06775	0.00481	0.07898	0.05423	0.24549	0.07416	0.01487	0.04420	0.19102	0.00676	0.00157	0.02994	0.00396	0.02775	0.00437
1	0.00899	0.14280	0.03578	0.08892	0.01222	0.10405	0.19197	0.05771	0.02319	0.08909	0.02911	0.09728	0.05826	0.00528	0.02451	0.00121	0.00438	0.01846	0.00240	0.00439
2	0.00945	0.11897	0.11572	0.04166	0.06215	0.09441	0.04846	0.03105	0.02567	0.15197	0.00878	0.03306	0.01949	0.07893	0.04448	0.02705	0.07855	0.00340	0.00229	0.00445
3	0.06691	0.16593	0.05623	0.04321	0.08218	0.05397	0.04872	0.11333	0.10305	0.12840	0.00950	0.00980	0.04395	0.00388	0.00320	0.00100	0.00374	0.00310	0.00258	0.05731
4	0.00595	0.00380	0.00524	0.00523	0.00552	0.03232	0.03086	0.00538	0.00572	0.00748	0.03626	0.21308	0.01149	0.01110	0.01026	0.56325	0.00299	0.03979	0.00210	0.00216
5	0.00569	0.00390	0.00453	0.00431	0.00543	0.00352	0.00322	0.00703	0.03403	0.08975	0.22057	0.07906	0.42145	0.06218	0.03816	0.00149	0.00231	0.00659	0.00340	0.00337
6	0.00535	0.00427	0.00688	0.00632	0.00716	0.00472	0.08245	0.00663	0.00585	0.00832	0.00941	0.01445	0.00893	0.11751	0.68923	0.00500	0.00845	0.00396	0.00191	0.00319

[dist]
# distance from previous block
# <min> <max>
0	1078

# created by:
# /home/cegg/simao/soft/augustus-3.2.1/scripts/msa2prfl.pl ./align_prep/EOG092C4PYA.fa
