[name]
unknown

[dist]
# distance from previous block
# <min> <max>
0	73

[block]
# block no. 0 follows, 60 sequences, length 6
# corresponding to MSA columns:
# 131-136
name=unknown_A
#
# <colnr> <probs for GDERKNQSTAVLIFYWHMCP>
#	G	D	E	R	K	N	Q	S	T	A	V	L	I	F	Y	W	H	M	C	P
0	0.06859	0.07007	0.03255	0.03151	0.08595	0.04445	0.09140	0.03507	0.07917	0.03910	0.02507	0.08764	0.04354	0.00593	0.00426	0.00129	0.00433	0.07024	0.00305	0.17680
1	0.00927	0.00741	0.00799	0.09467	0.01052	0.10254	0.00578	0.03503	0.04007	0.08740	0.04903	0.13225	0.06828	0.17836	0.12537	0.00276	0.00534	0.00610	0.00323	0.02862
2	0.03419	0.02417	0.11239	0.15281	0.13787	0.02454	0.14006	0.09650	0.02302	0.05008	0.01166	0.03428	0.05756	0.00501	0.00456	0.00137	0.02035	0.00449	0.03846	0.02664
3	0.01046	0.00856	0.01076	0.00805	0.01149	0.05714	0.08989	0.01251	0.01015	0.10418	0.10394	0.01267	0.01098	0.00426	0.00383	0.00093	0.00387	0.00369	0.00310	0.52955
4	0.01021	0.00973	0.10603	0.00811	0.01227	0.00674	0.06062	0.01260	0.00951	0.09969	0.00883	0.00986	0.00682	0.00360	0.00359	0.00086	0.00394	0.00302	0.00277	0.62120
5	0.00933	0.07704	0.00872	0.00680	0.00866	0.00619	0.02949	0.04338	0.01119	0.15410	0.23072	0.12208	0.16560	0.00885	0.00494	0.00147	0.00315	0.09921	0.00425	0.00485

[dist]
# distance from previous block
# <min> <max>
3	10

[block]
# block no. 1 follows, 60 sequences, length 21
# corresponding to MSA columns:
# 195-215
name=unknown_B
#
# <colnr> <probs for GDERKNQSTAVLIFYWHMCP>
#	G	D	E	R	K	N	Q	S	T	A	V	L	I	F	Y	W	H	M	C	P
0	0.02891	0.00597	0.00765	0.02847	0.02565	0.00603	0.00632	0.03584	0.09863	0.10610	0.02234	0.18330	0.08847	0.01008	0.00530	0.00172	0.00357	0.32673	0.00412	0.00481
1	0.03682	0.03755	0.03100	0.11450	0.15562	0.00934	0.04878	0.05964	0.20909	0.08907	0.02903	0.11584	0.03254	0.00613	0.00449	0.00143	0.00428	0.00539	0.00345	0.00601
2	0.02787	0.04677	0.19379	0.02397	0.02333	0.02770	0.12717	0.01520	0.15528	0.11391	0.11364	0.01694	0.05216	0.00565	0.00450	0.00139	0.00472	0.02425	0.00337	0.01838
3	0.00616	0.06268	0.04162	0.00710	0.00808	0.00516	0.04841	0.00730	0.00853	0.01134	0.02131	0.70653	0.02507	0.01204	0.00530	0.00168	0.00310	0.01093	0.00371	0.00393
4	0.01211	0.57011	0.03148	0.00832	0.03112	0.11930	0.00744	0.01353	0.00961	0.06598	0.00956	0.05489	0.04118	0.00480	0.00336	0.00107	0.00483	0.00342	0.00237	0.00551
5	0.00937	0.00890	0.01480	0.46078	0.33835	0.01013	0.01235	0.01237	0.03427	0.01256	0.00816	0.01137	0.00647	0.00435	0.00473	0.00141	0.03789	0.00391	0.00210	0.00572
6	0.01572	0.04758	0.09222	0.00954	0.01323	0.06407	0.00843	0.41815	0.02935	0.19439	0.01121	0.01099	0.00781	0.00495	0.00419	0.00126	0.00481	0.00376	0.00400	0.05433
7	0.00929	0.00581	0.00886	0.02801	0.02964	0.00548	0.09258	0.01051	0.00903	0.17855	0.03092	0.31748	0.01838	0.21220	0.02092	0.00229	0.00398	0.00788	0.00367	0.00451
8	0.00630	0.00419	0.00480	0.00487	0.00489	0.00417	0.00277	0.00631	0.00646	0.00862	0.01429	0.08377	0.01654	0.76940	0.02094	0.02549	0.00410	0.00669	0.00272	0.00269
9	0.01059	0.05923	0.04416	0.21047	0.05982	0.01031	0.04166	0.14181	0.15781	0.03988	0.08151	0.01501	0.04358	0.00554	0.00482	0.00140	0.04125	0.00459	0.02072	0.00584
10	0.01034	0.00944	0.01451	0.11923	0.39061	0.02100	0.05867	0.05225	0.13486	0.02879	0.03237	0.05439	0.04363	0.00525	0.00451	0.00139	0.00478	0.00486	0.00289	0.00623
11	0.01123	0.06999	0.12264	0.09644	0.16062	0.02165	0.05348	0.11970	0.23780	0.03263	0.01169	0.01247	0.02054	0.00484	0.00429	0.00136	0.00492	0.00413	0.00310	0.00650
12	0.00605	0.00472	0.00589	0.00589	0.00657	0.00477	0.00425	0.00714	0.00923	0.01240	0.22244	0.25041	0.20440	0.12922	0.02736	0.00208	0.08094	0.00873	0.00380	0.00371
13	0.01108	0.05988	0.04049	0.02825	0.01231	0.10622	0.02735	0.10383	0.08011	0.01533	0.00874	0.00971	0.00697	0.00394	0.00363	0.00093	0.00435	0.00307	0.00281	0.47099
14	0.00608	0.00442	0.00551	0.00595	0.00669	0.00416	0.00421	0.01901	0.03744	0.02476	0.15624	0.49420	0.14545	0.03204	0.00578	0.00171	0.00258	0.03573	0.00418	0.00388
15	0.01044	0.00650	0.00902	0.06414	0.02278	0.00631	0.05528	0.08196	0.02057	0.17836	0.12655	0.18838	0.05563	0.00777	0.00496	0.02358	0.00348	0.00660	0.08878	0.03892
16	0.10852	0.00722	0.00915	0.03321	0.01070	0.00680	0.00608	0.05772	0.01211	0.52104	0.14376	0.03721	0.01513	0.00598	0.00435	0.00136	0.00350	0.00489	0.00482	0.00643
17	0.01344	0.00606	0.00789	0.00661	0.00898	0.00527	0.00524	0.01498	0.01157	0.46947	0.13772	0.10054	0.17785	0.00780	0.00476	0.00142	0.00306	0.00660	0.00492	0.00584
18	0.05758	0.00861	0.01290	0.30951	0.20086	0.00963	0.02507	0.08850	0.04957	0.05676	0.05091	0.02728	0.00925	0.00628	0.04411	0.00167	0.02873	0.00429	0.00277	0.00570
19	0.00602	0.00430	0.00502	0.00499	0.00580	0.00398	0.00347	0.00721	0.00966	0.01315	0.29783	0.10516	0.22403	0.22060	0.00934	0.00213	0.00268	0.00797	0.06307	0.00358
20	0.01078	0.03522	0.03245	0.07859	0.10347	0.01954	0.01950	0.08493	0.01933	0.08595	0.00950	0.02497	0.00782	0.04511	0.02177	0.00134	0.04074	0.00363	0.00286	0.35251

[dist]
# distance from previous block
# <min> <max>
0	1

[block]
# block no. 2 follows, 60 sequences, length 10
# corresponding to MSA columns:
# 217-226
name=unknown_C
#
# <colnr> <probs for GDERKNQSTAVLIFYWHMCP>
#	G	D	E	R	K	N	Q	S	T	A	V	L	I	F	Y	W	H	M	C	P
0	0.04318	0.00917	0.01006	0.03361	0.02807	0.09913	0.00655	0.03038	0.02991	0.27823	0.02792	0.04318	0.00941	0.00498	0.00442	0.00114	0.04291	0.00388	0.00359	0.29027
1	0.03539	0.01074	0.05844	0.15638	0.34548	0.03640	0.04721	0.07619	0.04724	0.07499	0.00915	0.01114	0.00708	0.00455	0.00497	0.00138	0.06039	0.00391	0.00263	0.00631
2	0.01145	0.09686	0.05598	0.04607	0.11589	0.20493	0.05328	0.03737	0.01028	0.06571	0.01176	0.11184	0.03225	0.03549	0.03018	0.00162	0.04444	0.02654	0.00275	0.00531
3	0.00731	0.00555	0.00608	0.00582	0.00736	0.00536	0.00438	0.06198	0.11359	0.04091	0.08840	0.17039	0.41867	0.00992	0.00499	0.00149	0.00263	0.00843	0.03225	0.00449
4	0.28944	0.01032	0.01059	0.00850	0.01153	0.05347	0.04471	0.30014	0.04660	0.09586	0.03515	0.01097	0.00818	0.02146	0.00419	0.00137	0.00432	0.00364	0.00364	0.03592
5	0.01029	0.04352	0.02650	0.10299	0.19851	0.03485	0.05736	0.05793	0.02605	0.08465	0.04630	0.10150	0.07503	0.00613	0.00446	0.00134	0.00440	0.02258	0.02512	0.07049
6	0.00718	0.00478	0.00581	0.00565	0.00652	0.00466	0.00396	0.03465	0.00892	0.06515	0.11080	0.13187	0.16784	0.29012	0.12980	0.00320	0.00446	0.00736	0.00352	0.00377
7	0.00966	0.00778	0.01110	0.29584	0.07776	0.02788	0.03145	0.06367	0.07795	0.07597	0.07967	0.09570	0.03616	0.00676	0.00474	0.00150	0.00455	0.08329	0.00330	0.00528
8	0.04069	0.03781	0.06914	0.10848	0.41687	0.03021	0.03168	0.12491	0.04282	0.03048	0.00904	0.01129	0.00720	0.00438	0.00426	0.00133	0.00521	0.01510	0.00261	0.00651
9	0.07043	0.05719	0.16607	0.03359	0.09221	0.03964	0.06446	0.11332	0.08951	0.09666	0.04915	0.03818	0.00968	0.00525	0.00484	0.00139	0.05493	0.00424	0.00311	0.00616

[dist]
# distance from previous block
# <min> <max>
1	4

[block]
# block no. 3 follows, 60 sequences, length 12
# corresponding to MSA columns:
# 231-233,235-243
name=unknown_D
#
# <colnr> <probs for GDERKNQSTAVLIFYWHMCP>
#	G	D	E	R	K	N	Q	S	T	A	V	L	I	F	Y	W	H	M	C	P
0	0.09796	0.10414	0.01580	0.10718	0.26961	0.06423	0.08967	0.07997	0.01060	0.05877	0.00832	0.01009	0.00654	0.00411	0.00399	0.00125	0.00518	0.00357	0.00255	0.05645
1	0.01055	0.30925	0.21218	0.00910	0.01257	0.01206	0.02341	0.07758	0.00963	0.04699	0.00892	0.03635	0.00779	0.05839	0.05538	0.00178	0.07452	0.00368	0.02430	0.00558
2	0.00664	0.00463	0.00560	0.00570	0.00681	0.00421	0.00419	0.03105	0.01032	0.05935	0.18624	0.31957	0.28767	0.01109	0.00526	0.00157	0.00252	0.03923	0.00428	0.00405
3	0.00562	0.00396	0.00514	0.00592	0.00620	0.00377	0.00396	0.00636	0.00822	0.01098	0.05026	0.62377	0.02673	0.16415	0.00859	0.00221	0.00290	0.05401	0.00382	0.00343
4	0.02475	0.10679	0.01336	0.24247	0.05716	0.05044	0.07307	0.05822	0.02479	0.05575	0.04418	0.09000	0.01083	0.02439	0.06995	0.00189	0.02876	0.01529	0.00275	0.00517
5	0.02931	0.00531	0.00709	0.00679	0.00805	0.00507	0.03500	0.04036	0.03170	0.10101	0.21100	0.37470	0.06600	0.01033	0.00533	0.01391	0.00292	0.03739	0.00426	0.00445
6	0.01021	0.10836	0.12680	0.12860	0.05175	0.02707	0.04825	0.02496	0.00955	0.05938	0.00820	0.00974	0.00641	0.00381	0.00371	0.00103	0.00467	0.00314	0.00245	0.36191
7	0.13572	0.00901	0.01261	0.45153	0.15757	0.03915	0.01049	0.05118	0.02767	0.01398	0.00791	0.01062	0.00611	0.00427	0.00405	0.00136	0.00520	0.00359	0.00230	0.04569
8	0.00614	0.00470	0.00540	0.00544	0.00647	0.00439	0.00389	0.03823	0.03469	0.01319	0.18474	0.24079	0.32379	0.09963	0.00701	0.00182	0.00261	0.00912	0.00407	0.00387
9	0.05590	0.09502	0.04233	0.11741	0.19272	0.07028	0.04022	0.10289	0.01089	0.03903	0.02616	0.03655	0.02607	0.00482	0.00407	0.00124	0.00490	0.01979	0.00271	0.10699
10	0.03189	0.01002	0.01129	0.05682	0.01239	0.10637	0.02908	0.10914	0.06110	0.06786	0.04116	0.04100	0.00941	0.01935	0.02963	0.00159	0.21326	0.00417	0.01581	0.12865
11	0.00622	0.00467	0.00550	0.00530	0.00654	0.00432	0.00402	0.00845	0.04841	0.01548	0.45611	0.03433	0.28317	0.00931	0.00501	0.00141	0.00224	0.03532	0.06007	0.00410

[dist]
# distance from previous block
# <min> <max>
6	35

[block]
# block no. 4 follows, 60 sequences, length 6
# corresponding to MSA columns:
# 279-284
name=unknown_E
#
# <colnr> <probs for GDERKNQSTAVLIFYWHMCP>
#	G	D	E	R	K	N	Q	S	T	A	V	L	I	F	Y	W	H	M	C	P
0	0.00926	0.00868	0.01466	0.35102	0.41141	0.00955	0.01199	0.01186	0.00912	0.01254	0.00841	0.01183	0.00691	0.00726	0.09556	0.00199	0.00616	0.00397	0.00209	0.00574
1	0.12283	0.00523	0.00587	0.04798	0.00801	0.00523	0.00458	0.00984	0.00956	0.07298	0.09097	0.12178	0.17605	0.00805	0.00431	0.00140	0.00279	0.07227	0.22599	0.00430
2	0.00555	0.00418	0.00507	0.00536	0.00618	0.00377	0.00378	0.00673	0.00982	0.01294	0.24698	0.34481	0.26613	0.05070	0.00611	0.00169	0.00238	0.00993	0.00419	0.00370
3	0.00618	0.00495	0.00706	0.03929	0.00867	0.00453	0.05234	0.00744	0.00892	0.01210	0.07353	0.56237	0.07809	0.01106	0.00518	0.00157	0.00297	0.01004	0.00374	0.09994
4	0.00590	0.00435	0.00561	0.00645	0.00694	0.00426	0.00450	0.00773	0.07599	0.01187	0.02344	0.71674	0.02727	0.01290	0.00551	0.00176	0.00272	0.06811	0.00408	0.00386
5	0.06339	0.04887	0.01279	0.18839	0.08603	0.22759	0.04724	0.03024	0.05291	0.04080	0.01000	0.10230	0.00897	0.00564	0.00486	0.00138	0.05622	0.00451	0.00263	0.00526

[dist]
# distance from previous block
# <min> <max>
4	16

[block]
# block no. 5 follows, 60 sequences, length 13
# corresponding to MSA columns:
# 301-313
name=unknown_F
#
# <colnr> <probs for GDERKNQSTAVLIFYWHMCP>
#	G	D	E	R	K	N	Q	S	T	A	V	L	I	F	Y	W	H	M	C	P
0	0.04788	0.10963	0.15929	0.03012	0.05880	0.03430	0.05943	0.22182	0.08104	0.08256	0.01175	0.03477	0.03925	0.00513	0.00418	0.00132	0.00495	0.00415	0.00325	0.00638
1	0.03148	0.09992	0.08633	0.02605	0.09137	0.05480	0.07024	0.04929	0.25299	0.06584	0.02524	0.01358	0.04485	0.00503	0.00417	0.00130	0.00458	0.00422	0.00325	0.06548
2	0.00717	0.00464	0.00630	0.00691	0.03816	0.00443	0.00466	0.00788	0.03809	0.04551	0.04104	0.38261	0.07082	0.01237	0.00851	0.24295	0.00312	0.04089	0.00343	0.03053
3	0.06753	0.04276	0.01143	0.00841	0.01184	0.03295	0.00690	0.38973	0.04494	0.03528	0.00950	0.01008	0.00720	0.00519	0.02497	0.00124	0.00440	0.00338	0.00352	0.27875
4	0.01152	0.07956	0.16801	0.03207	0.03147	0.05306	0.02973	0.07619	0.03440	0.10990	0.00924	0.01004	0.00695	0.00406	0.00378	0.00105	0.00462	0.00322	0.00285	0.32827
5	0.01916	0.10431	0.20597	0.05476	0.05041	0.02559	0.00881	0.03709	0.07776	0.06455	0.11508	0.05214	0.08503	0.01756	0.00451	0.00134	0.00433	0.00493	0.00313	0.06356
6	0.03083	0.00592	0.00716	0.00667	0.00832	0.00578	0.00502	0.02600	0.13697	0.20172	0.11893	0.27982	0.09050	0.02279	0.00514	0.00155	0.00293	0.00780	0.03100	0.00515
7	0.00957	0.02611	0.01454	0.06903	0.15598	0.02061	0.21925	0.04566	0.01037	0.06566	0.08162	0.23246	0.01566	0.00702	0.00491	0.00148	0.00476	0.00679	0.00318	0.00537
8	0.01034	0.03316	0.46749	0.07623	0.03612	0.01016	0.07197	0.08891	0.01049	0.07496	0.00985	0.03361	0.02151	0.00480	0.00462	0.00140	0.03167	0.00395	0.00249	0.00626
9	0.08450	0.00598	0.00770	0.00834	0.09369	0.00606	0.00536	0.01067	0.03871	0.12446	0.10059	0.16485	0.01763	0.23799	0.05231	0.00252	0.02413	0.00649	0.00349	0.00453
10	0.00726	0.00510	0.00652	0.00628	0.00746	0.00482	0.02311	0.04901	0.02541	0.05864	0.26718	0.26284	0.15671	0.05604	0.00615	0.00169	0.00280	0.04450	0.00425	0.00424
11	0.03133	0.08643	0.13626	0.05332	0.37173	0.08027	0.07608	0.01402	0.02917	0.04363	0.00883	0.03376	0.00727	0.00435	0.00420	0.00130	0.00554	0.00391	0.00233	0.00627
12	0.03035	0.03460	0.28910	0.03897	0.19310	0.03449	0.07308	0.03664	0.07943	0.08102	0.01147	0.02410	0.04464	0.00479	0.00431	0.00137	0.00537	0.00415	0.00269	0.00633

[dist]
# distance from previous block
# <min> <max>
0	2

[block]
# block no. 6 follows, 60 sequences, length 19
# corresponding to MSA columns:
# 316-324,326-335
name=unknown_G
#
# <colnr> <probs for GDERKNQSTAVLIFYWHMCP>
#	G	D	E	R	K	N	Q	S	T	A	V	L	I	F	Y	W	H	M	C	P
0	0.22056	0.11458	0.10753	0.02721	0.05950	0.11022	0.05209	0.09290	0.02625	0.06096	0.00978	0.05941	0.01754	0.00508	0.00385	0.00132	0.00492	0.01783	0.00284	0.00563
1	0.09796	0.00706	0.04338	0.00756	0.04802	0.04368	0.00568	0.01087	0.00992	0.14018	0.13061	0.18686	0.13862	0.04409	0.03739	0.00180	0.00371	0.03406	0.00383	0.00473
2	0.13766	0.07575	0.30158	0.02202	0.08555	0.02324	0.02321	0.06803	0.04293	0.09132	0.01970	0.01058	0.01772	0.00463	0.00437	0.00134	0.04200	0.00350	0.00271	0.02215
3	0.00564	0.00417	0.00514	0.00547	0.00622	0.00380	0.00386	0.00674	0.00962	0.01272	0.23015	0.35873	0.22501	0.05904	0.00656	0.02080	0.00249	0.02608	0.00411	0.00365
4	0.02294	0.00642	0.00879	0.14166	0.06348	0.02239	0.03398	0.01017	0.06567	0.01442	0.28295	0.13362	0.10477	0.00797	0.00484	0.00143	0.00345	0.02429	0.00368	0.04309
5	0.01033	0.04808	0.04333	0.01047	0.13023	0.04426	0.02771	0.03506	0.02002	0.05002	0.00950	0.01173	0.01922	0.00411	0.00373	0.00095	0.00411	0.03517	0.00271	0.48924
6	0.00717	0.00641	0.03645	0.00866	0.05533	0.00705	0.00644	0.00850	0.00714	0.01028	0.01144	0.01786	0.02968	0.17788	0.43533	0.00491	0.15823	0.00484	0.00233	0.00407
7	0.03250	0.16272	0.24236	0.00984	0.03364	0.08580	0.03099	0.03010	0.11762	0.02303	0.05051	0.03153	0.04781	0.00506	0.00398	0.00124	0.00493	0.00400	0.00273	0.07961
8	0.05642	0.00465	0.00595	0.00672	0.03764	0.00456	0.00464	0.00738	0.00899	0.01258	0.12308	0.40924	0.14004	0.01410	0.10950	0.00231	0.00379	0.04073	0.00377	0.00389
9	0.00963	0.11989	0.09070	0.05098	0.07880	0.02488	0.05747	0.06107	0.15990	0.01500	0.13668	0.04558	0.07462	0.00621	0.00493	0.00138	0.04824	0.00518	0.00324	0.00562
10	0.00545	0.00395	0.00510	0.00595	0.00636	0.00367	0.00408	0.00630	0.00860	0.01132	0.04207	0.67282	0.10645	0.04714	0.00622	0.00185	0.00264	0.05248	0.00401	0.00356
11	0.15117	0.51094	0.05007	0.02634	0.03764	0.07514	0.00773	0.01389	0.05549	0.01255	0.00696	0.00797	0.00595	0.00407	0.00330	0.00110	0.01930	0.00267	0.00219	0.00554
12	0.00634	0.00460	0.00690	0.00690	0.00762	0.00532	0.00532	0.00762	0.00690	0.00992	0.01135	0.01682	0.01063	0.03127	0.76282	0.07803	0.01103	0.00460	0.00230	0.00373
13	0.01289	0.54246	0.07403	0.00910	0.04021	0.06974	0.00837	0.12512	0.01100	0.06023	0.00757	0.00828	0.00620	0.00412	0.00333	0.00107	0.00498	0.00282	0.00246	0.00603
14	0.00745	0.05479	0.00823	0.00707	0.00778	0.03516	0.00533	0.02246	0.00738	0.01007	0.01164	0.05740	0.01201	0.25900	0.37272	0.00471	0.10533	0.00520	0.00246	0.00382
15	0.00729	0.00388	0.00567	0.00571	0.00577	0.00392	0.00382	0.00589	0.00594	0.00797	0.00906	0.05154	0.00940	0.08244	0.07008	0.70867	0.00428	0.00443	0.00208	0.00216
16	0.07994	0.01121	0.01283	0.05140	0.16821	0.09757	0.04158	0.17289	0.25377	0.01782	0.01137	0.02284	0.00883	0.00508	0.00449	0.00138	0.02492	0.00414	0.00334	0.00641
17	0.01362	0.00748	0.00948	0.00786	0.01032	0.00758	0.00634	0.16489	0.06071	0.32553	0.07336	0.01593	0.01250	0.01312	0.23101	0.00289	0.00596	0.00464	0.00421	0.02256
18	0.01070	0.34976	0.20270	0.03178	0.03060	0.03348	0.00952	0.05223	0.00970	0.04384	0.03583	0.06188	0.00880	0.00519	0.00455	0.00125	0.07031	0.01274	0.00242	0.02273

[dist]
# distance from previous block
# <min> <max>
0	9

[block]
# block no. 7 follows, 60 sequences, length 9
# corresponding to MSA columns:
# 345-347,350-355
name=unknown_H
#
# <colnr> <probs for GDERKNQSTAVLIFYWHMCP>
#	G	D	E	R	K	N	Q	S	T	A	V	L	I	F	Y	W	H	M	C	P
0	0.01015	0.37260	0.39703	0.01097	0.01604	0.01325	0.09798	0.01351	0.00918	0.01232	0.00719	0.00855	0.00567	0.00392	0.00368	0.00120	0.00579	0.00305	0.00189	0.00602
1	0.00540	0.00443	0.00475	0.00467	0.00604	0.00378	0.00350	0.00673	0.01051	0.01314	0.22807	0.03974	0.63302	0.01054	0.00515	0.00145	0.00217	0.00889	0.00423	0.00378
2	0.00577	0.00419	0.00543	0.00621	0.00679	0.00394	0.00454	0.00685	0.00897	0.01177	0.06254	0.49710	0.11727	0.05925	0.00653	0.00191	0.00289	0.18043	0.00400	0.00364
3	0.07097	0.04480	0.08182	0.25584	0.07222	0.02971	0.07106	0.10512	0.10849	0.01519	0.03347	0.01228	0.00834	0.01936	0.03563	0.00165	0.02160	0.00405	0.00272	0.00568
4	0.05610	0.00980	0.01152	0.04412	0.01298	0.01015	0.00749	0.40015	0.01598	0.36672	0.01304	0.01224	0.00867	0.00521	0.00430	0.00133	0.00431	0.00405	0.00463	0.00719
5	0.00598	0.00451	0.00519	0.00516	0.00625	0.00410	0.00375	0.02745	0.01047	0.01384	0.27926	0.15955	0.35182	0.06191	0.00616	0.00163	0.00239	0.00877	0.03795	0.00384
6	0.00534	0.00386	0.00506	0.00596	0.00631	0.00358	0.00401	0.00618	0.00861	0.01145	0.06108	0.76665	0.06913	0.01332	0.00553	0.00174	0.00249	0.01203	0.00408	0.00358
7	0.00904	0.00775	0.00904	0.00646	0.01034	0.00581	0.00517	0.01098	0.00904	0.01421	0.00775	0.00904	0.00646	0.00323	0.00323	0.00065	0.00323	0.00258	0.00258	0.87339
8	0.00925	0.07325	0.57033	0.02777	0.03176	0.02754	0.01327	0.03648	0.04095	0.01414	0.03955	0.01126	0.03135	0.00456	0.00410	0.00131	0.00570	0.00359	0.00225	0.05161

[dist]
# distance from previous block
# <min> <max>
1	5

[block]
# block no. 8 follows, 60 sequences, length 38
# corresponding to MSA columns:
# 362-380,384-402
name=unknown_I
#
# <colnr> <probs for GDERKNQSTAVLIFYWHMCP>
#	G	D	E	R	K	N	Q	S	T	A	V	L	I	F	Y	W	H	M	C	P
0	0.09515	0.40936	0.23630	0.00911	0.01328	0.02310	0.02433	0.06204	0.00968	0.02357	0.01874	0.00937	0.00663	0.00433	0.00366	0.00118	0.02157	0.02055	0.00224	0.00580
1	0.12511	0.19772	0.47895	0.02767	0.01567	0.02541	0.01213	0.01383	0.00907	0.04679	0.00758	0.00871	0.00566	0.00410	0.00367	0.00128	0.00555	0.00297	0.00211	0.00602
2	0.00782	0.00583	0.00652	0.00598	0.00764	0.00568	0.00462	0.08901	0.06791	0.05861	0.12678	0.05073	0.43799	0.03122	0.03934	0.00176	0.01941	0.02449	0.00413	0.00455
3	0.00911	0.00797	0.00982	0.00709	0.01083	0.00631	0.03425	0.01107	0.00899	0.01405	0.00771	0.00916	0.00644	0.00342	0.00375	0.00073	0.03728	0.00273	0.00254	0.80674
4	0.04637	0.01001	0.03136	0.04329	0.04564	0.01071	0.02243	0.27754	0.30354	0.04850	0.10146	0.01507	0.01312	0.00570	0.00442	0.00139	0.00406	0.00468	0.00412	0.00659
5	0.62303	0.00899	0.00815	0.04063	0.01043	0.01018	0.00579	0.15315	0.01018	0.08338	0.00779	0.00847	0.00572	0.00438	0.00319	0.00135	0.00375	0.00286	0.00317	0.00541
6	0.00634	0.00425	0.00486	0.00486	0.00490	0.00429	0.00277	0.00641	0.00637	0.00853	0.01365	0.02801	0.01562	0.80861	0.05999	0.00436	0.00458	0.00626	0.00263	0.00270
7	0.01425	0.01195	0.02918	0.00940	0.01224	0.16453	0.00754	0.15054	0.37730	0.15450	0.01416	0.01333	0.01029	0.00541	0.00432	0.00136	0.00462	0.00424	0.00412	0.00672
8	0.00899	0.00764	0.01256	0.01016	0.01262	0.00740	0.24885	0.01278	0.13332	0.07055	0.06074	0.07867	0.17001	0.02506	0.00540	0.00158	0.00433	0.09416	0.03004	0.00515
9	0.01077	0.00676	0.00811	0.00710	0.00916	0.00686	0.00554	0.01612	0.27678	0.20262	0.34889	0.02335	0.04499	0.00717	0.00474	0.00140	0.00290	0.00614	0.00480	0.00579
10	0.87753	0.00843	0.00641	0.00574	0.00843	0.00978	0.00472	0.01282	0.00742	0.01957	0.00607	0.00709	0.00472	0.00405	0.00270	0.00135	0.00337	0.00236	0.00270	0.00472
11	0.00954	0.00954	0.01336	0.01145	0.01145	0.01336	0.00954	0.01050	0.00668	0.01050	0.00573	0.00954	0.00573	0.00763	0.01431	0.00191	0.83874	0.00382	0.00191	0.00477
12	0.00557	0.00438	0.00503	0.00499	0.00618	0.00384	0.00370	0.00702	0.01074	0.01397	0.34618	0.11168	0.44030	0.01045	0.00519	0.00146	0.00218	0.00898	0.00435	0.00384
13	0.03745	0.00714	0.00961	0.00757	0.01067	0.00624	0.00617	0.01979	0.01202	0.73625	0.01753	0.08459	0.01218	0.00607	0.00445	0.00139	0.00360	0.00502	0.00522	0.00704
14	0.00954	0.00954	0.01336	0.01145	0.01145	0.01336	0.00954	0.01050	0.00668	0.01050	0.00573	0.00954	0.00573	0.00763	0.01431	0.00191	0.83874	0.00382	0.00191	0.00477
15	0.00562	0.00403	0.00532	0.00610	0.00653	0.00381	0.00426	0.00660	0.00882	0.01181	0.10331	0.61330	0.05040	0.05375	0.02411	0.00198	0.00288	0.07976	0.00402	0.00361
16	0.01629	0.02079	0.01236	0.01124	0.01348	0.82921	0.00843	0.01742	0.01236	0.01067	0.00674	0.00787	0.00562	0.00449	0.00393	0.00112	0.00787	0.00281	0.00225	0.00506
17	0.00534	0.00387	0.00505	0.00598	0.00635	0.00358	0.00405	0.00615	0.00851	0.01123	0.02565	0.76266	0.09262	0.01342	0.00554	0.00175	0.00253	0.02812	0.00405	0.00356
18	0.00879	0.00862	0.01287	0.69450	0.04843	0.06481	0.01149	0.01141	0.00890	0.01117	0.00822	0.04238	0.00669	0.00484	0.00478	0.00146	0.03961	0.00412	0.00204	0.00486
19	0.05801	0.35522	0.22740	0.01151	0.10957	0.06007	0.02383	0.04996	0.03291	0.02386	0.00754	0.00868	0.00608	0.00407	0.00357	0.00117	0.00531	0.00300	0.00220	0.00604
20	0.00947	0.04269	0.48134	0.10022	0.01963	0.01036	0.15708	0.04577	0.00994	0.02687	0.03843	0.01088	0.00725	0.00436	0.00450	0.00139	0.01770	0.00384	0.00219	0.00609
21	0.00650	0.00464	0.00638	0.00632	0.00673	0.00520	0.00453	0.00721	0.00669	0.00939	0.01200	0.03537	0.01237	0.29818	0.44652	0.07873	0.04223	0.00525	0.00241	0.00334
22	0.00767	0.00722	0.03563	0.01340	0.24525	0.00671	0.07435	0.00985	0.04163	0.01265	0.01792	0.41870	0.05133	0.00974	0.02555	0.00170	0.00408	0.00840	0.00325	0.00496
23	0.00962	0.02313	0.00957	0.00700	0.02251	0.03951	0.00549	0.01152	0.00926	0.03037	0.00788	0.00910	0.00651	0.00334	0.00329	0.00069	0.00348	0.00264	0.00261	0.79247
24	0.00637	0.00470	0.00676	0.00671	0.00731	0.00541	0.00503	0.00756	0.00685	0.00978	0.01177	0.01879	0.01153	0.17177	0.64678	0.02955	0.03241	0.00491	0.00237	0.00365
25	0.12047	0.10020	0.01593	0.15711	0.48366	0.01085	0.01132	0.01304	0.00934	0.02768	0.00778	0.01012	0.00637	0.00399	0.00396	0.00129	0.00498	0.00353	0.00221	0.00615
26	0.01029	0.00990	0.05581	0.02695	0.12019	0.04387	0.05802	0.07597	0.03420	0.04940	0.00918	0.01269	0.00798	0.06059	0.14251	0.00260	0.25817	0.00418	0.00253	0.01497
27	0.00546	0.00408	0.00506	0.00563	0.00629	0.00371	0.00394	0.00650	0.00928	0.01216	0.13706	0.50513	0.21749	0.02885	0.00575	0.00170	0.00246	0.03170	0.00412	0.00365
28	0.00524	0.00440	0.00455	0.00456	0.00595	0.00371	0.00340	0.00640	0.01006	0.01218	0.10048	0.07294	0.72924	0.01099	0.00517	0.00148	0.00221	0.00923	0.00411	0.00371
29	0.59206	0.00810	0.00765	0.00641	0.00933	0.00866	0.00528	0.01563	0.00911	0.28674	0.00978	0.00967	0.00674	0.00450	0.00326	0.00135	0.00349	0.00304	0.00360	0.00562
30	0.00981	0.01494	0.26780	0.01648	0.03671	0.01083	0.51919	0.01378	0.00982	0.01380	0.00839	0.01089	0.00626	0.00397	0.00517	0.00146	0.03812	0.00449	0.00208	0.00603
31	0.00599	0.00443	0.00560	0.00536	0.00642	0.00403	0.00400	0.00786	0.01185	0.01642	0.67551	0.06532	0.15220	0.00941	0.00516	0.00140	0.00210	0.00825	0.00466	0.00403
32	0.00545	0.00439	0.00486	0.00511	0.00624	0.00388	0.00373	0.00676	0.02686	0.01197	0.06763	0.24181	0.52935	0.02557	0.00556	0.00161	0.00241	0.03901	0.00406	0.00373
33	0.03261	0.00472	0.00643	0.01957	0.07552	0.00457	0.00520	0.00740	0.00883	0.01213	0.04070	0.57578	0.07252	0.01182	0.00531	0.00169	0.00293	0.08637	0.02193	0.00396
34	0.01172	0.71365	0.09825	0.00811	0.01208	0.01633	0.00834	0.06725	0.00969	0.01178	0.00653	0.00744	0.00571	0.00387	0.00303	0.00100	0.00484	0.00253	0.00203	0.00580
35	0.01079	0.01036	0.01770	0.02677	0.81952	0.01036	0.01339	0.01339	0.00993	0.01425	0.00820	0.01079	0.00691	0.00389	0.00432	0.00130	0.00518	0.00389	0.00216	0.00691
36	0.01542	0.01860	0.01217	0.01089	0.01308	0.66589	0.00829	0.07777	0.04111	0.01226	0.00836	0.00938	0.02775	0.00497	0.00464	0.00121	0.05722	0.00320	0.00252	0.00525
37	0.02807	0.01002	0.01130	0.02559	0.11350	0.09192	0.01632	0.08692	0.06253	0.02343	0.00949	0.01073	0.02784	0.00437	0.00447	0.00104	0.06091	0.00337	0.00279	0.40539

[dist]
# distance from previous block
# <min> <max>
0	1

[block]
# block no. 9 follows, 60 sequences, length 13
# corresponding to MSA columns:
# 404-416
name=unknown_J
#
# <colnr> <probs for GDERKNQSTAVLIFYWHMCP>
#	G	D	E	R	K	N	Q	S	T	A	V	L	I	F	Y	W	H	M	C	P
0	0.10204	0.01051	0.01413	0.08296	0.21116	0.07437	0.10566	0.08791	0.09826	0.07049	0.03252	0.01172	0.00837	0.00469	0.00465	0.00135	0.03929	0.00402	0.00296	0.03296
1	0.00589	0.00443	0.00507	0.00506	0.00629	0.00386	0.00374	0.00722	0.01043	0.03785	0.24956	0.16121	0.46238	0.01070	0.00519	0.00149	0.00226	0.00919	0.00429	0.00389
2	0.00867	0.03847	0.24749	0.42579	0.12715	0.00983	0.01288	0.01201	0.00900	0.01229	0.00861	0.05301	0.00704	0.00469	0.00430	0.00141	0.00571	0.00407	0.00204	0.00553
3	0.01054	0.00876	0.00920	0.00833	0.01062	0.01007	0.00646	0.02169	0.71977	0.01802	0.01735	0.01627	0.01307	0.00582	0.00428	0.00143	0.00329	0.00483	0.10363	0.00658
4	0.00611	0.00446	0.00574	0.00542	0.00647	0.00409	0.00406	0.00810	0.01219	0.01711	0.76642	0.03320	0.09218	0.00906	0.00514	0.00138	0.00207	0.00797	0.00475	0.00409
5	0.00582	0.00444	0.00533	0.00511	0.00630	0.00396	0.00383	0.00754	0.01150	0.01549	0.54585	0.03588	0.31376	0.00966	0.00515	0.00141	0.00211	0.00835	0.00454	0.00396
6	0.01486	0.27856	0.01567	0.01000	0.01277	0.53272	0.00812	0.05800	0.01170	0.01144	0.00673	0.00773	0.00571	0.00430	0.00360	0.00107	0.00670	0.00272	0.00224	0.00535
7	0.01079	0.01036	0.01770	0.02677	0.81952	0.01036	0.01339	0.01339	0.00993	0.01425	0.00820	0.01079	0.00691	0.00389	0.00432	0.00130	0.00518	0.00389	0.00216	0.00691
8	0.00750	0.00558	0.00674	0.00679	0.02747	0.00556	0.00488	0.01121	0.17626	0.05180	0.28215	0.22932	0.14861	0.00951	0.00505	0.00151	0.00264	0.00833	0.00439	0.00470
9	0.01245	0.57075	0.06737	0.03015	0.03516	0.06429	0.00845	0.14163	0.01100	0.01342	0.00702	0.00797	0.00593	0.00407	0.00328	0.00105	0.00503	0.00275	0.00230	0.00593
10	0.03023	0.16665	0.01325	0.00933	0.02716	0.16177	0.00747	0.21639	0.20303	0.03235	0.05155	0.04093	0.01059	0.00542	0.00406	0.00127	0.00476	0.00414	0.00349	0.00616
11	0.00556	0.00443	0.00497	0.00484	0.00614	0.00385	0.00363	0.00703	0.01089	0.01403	0.34833	0.03828	0.51220	0.01021	0.00515	0.00143	0.00215	0.00869	0.00435	0.00385
12	0.36293	0.19419	0.01172	0.00723	0.01015	0.03607	0.00623	0.01522	0.00926	0.24110	0.00918	0.00942	0.00671	0.00461	0.00399	0.00129	0.05878	0.00303	0.00320	0.00568

[dist]
# distance from previous block
# <min> <max>
0	2

[block]
# block no. 10 follows, 60 sequences, length 15
# corresponding to MSA columns:
# 419-433
name=unknown_K
#
# <colnr> <probs for GDERKNQSTAVLIFYWHMCP>
#	G	D	E	R	K	N	Q	S	T	A	V	L	I	F	Y	W	H	M	C	P
0	0.01465	0.01229	0.01173	0.00975	0.01259	0.14527	0.00777	0.34615	0.27535	0.07401	0.01253	0.01219	0.00921	0.00542	0.00462	0.00135	0.03019	0.00410	0.00404	0.00678
1	0.00970	0.01452	0.32222	0.01614	0.22645	0.00975	0.14579	0.01409	0.07168	0.03248	0.08494	0.01291	0.01013	0.00461	0.00448	0.00138	0.00557	0.00431	0.00254	0.00631
2	0.00633	0.00429	0.00508	0.00508	0.00519	0.00440	0.00304	0.00655	0.00644	0.00870	0.01345	0.02691	0.01515	0.73027	0.13768	0.00463	0.00529	0.00610	0.00260	0.00282
3	0.00824	0.00775	0.01308	0.83624	0.03004	0.00969	0.01211	0.01114	0.00872	0.01114	0.00775	0.01163	0.00581	0.00436	0.00436	0.00145	0.00581	0.00388	0.00194	0.00484
4	0.00989	0.00852	0.00876	0.00801	0.00990	0.04132	0.00602	0.01873	0.57305	0.01581	0.04526	0.01886	0.01441	0.16410	0.03620	0.00217	0.00400	0.00521	0.00396	0.00583
5	0.00634	0.00423	0.00476	0.00476	0.00476	0.00423	0.00264	0.00634	0.00634	0.00846	0.01374	0.02854	0.01586	0.84672	0.02220	0.00423	0.00423	0.00634	0.00264	0.00264
6	0.02837	0.03934	0.05586	0.04496	0.15781	0.02896	0.15000	0.08091	0.01094	0.13366	0.00953	0.01078	0.00713	0.00407	0.00411	0.00117	0.00494	0.00372	0.00291	0.22082
7	0.00668	0.00483	0.00685	0.00749	0.00835	0.00507	0.00622	0.00841	0.00884	0.01184	0.01906	0.06670	0.02028	0.05662	0.26979	0.00370	0.00642	0.47555	0.00342	0.00390
8	0.00968	0.06570	0.59973	0.01416	0.12294	0.06005	0.04060	0.01394	0.00951	0.01349	0.00775	0.00930	0.00575	0.00409	0.00411	0.00133	0.00630	0.00330	0.00192	0.00636
9	0.00615	0.00468	0.00594	0.00581	0.00675	0.00453	0.00431	0.00809	0.03412	0.01527	0.50957	0.18918	0.13413	0.00996	0.00559	0.00149	0.03727	0.00867	0.00443	0.00406
10	0.00535	0.00399	0.00499	0.00577	0.00633	0.00363	0.00400	0.00623	0.00878	0.01136	0.02865	0.62722	0.21080	0.01300	0.00549	0.00171	0.00252	0.04254	0.00405	0.00359
11	0.03428	0.00712	0.00944	0.00740	0.01045	0.00629	0.00604	0.01957	0.02919	0.69531	0.05104	0.01652	0.03239	0.02593	0.00480	0.00142	0.00356	0.00467	0.02767	0.00692
12	0.87753	0.00843	0.00641	0.00574	0.00843	0.00978	0.00472	0.01282	0.00742	0.01957	0.00607	0.00709	0.00472	0.00405	0.00270	0.00135	0.00337	0.00236	0.00270	0.00472
13	0.00979	0.14327	0.19274	0.05733	0.14815	0.02844	0.00977	0.03238	0.02574	0.01361	0.02287	0.01137	0.04710	0.00430	0.00380	0.00110	0.00471	0.00347	0.00238	0.23767
14	0.02649	0.29699	0.04076	0.00899	0.04542	0.12678	0.00750	0.05630	0.04799	0.06105	0.02658	0.00953	0.00741	0.00425	0.00376	0.00104	0.02634	0.00304	0.00263	0.19712

[dist]
# distance from previous block
# <min> <max>
0	1

[block]
# block no. 11 follows, 60 sequences, length 35
# corresponding to MSA columns:
# 513-547
name=unknown_L
#
# <colnr> <probs for GDERKNQSTAVLIFYWHMCP>
#	G	D	E	R	K	N	Q	S	T	A	V	L	I	F	Y	W	H	M	C	P
0	0.01251	0.60920	0.04994	0.00918	0.04426	0.16296	0.00822	0.03927	0.00992	0.01118	0.00648	0.00750	0.00571	0.00394	0.00316	0.00101	0.00533	0.00256	0.00203	0.00564
1	0.00658	0.00485	0.00629	0.00678	0.00748	0.00504	0.00507	0.00880	0.08756	0.01173	0.01962	0.31230	0.02152	0.13972	0.14380	0.00303	0.00474	0.19758	0.00359	0.00391
2	0.01048	0.04278	0.06964	0.00985	0.01231	0.25988	0.11702	0.01337	0.08253	0.01335	0.15457	0.08703	0.09559	0.00665	0.00459	0.00135	0.00516	0.00566	0.00317	0.00503
3	0.00777	0.00482	0.00631	0.00573	0.00706	0.00438	0.00437	0.00975	0.01228	0.11538	0.69411	0.03073	0.06322	0.00856	0.00505	0.00137	0.00226	0.00750	0.00485	0.00450
4	0.00980	0.04978	0.44115	0.03240	0.04413	0.01032	0.02996	0.09450	0.13577	0.01578	0.04913	0.01309	0.04504	0.00503	0.00428	0.00138	0.00531	0.00409	0.00276	0.00631
5	0.00765	0.00681	0.01171	0.00955	0.01141	0.00663	0.22450	0.01005	0.02898	0.02920	0.33938	0.16766	0.06260	0.00820	0.00572	0.00151	0.05241	0.00762	0.00375	0.00464
6	0.01267	0.01087	0.01386	0.15898	0.16837	0.05033	0.01010	0.30786	0.03130	0.02996	0.00881	0.01064	0.00684	0.00524	0.00611	0.00143	0.15350	0.00387	0.00300	0.00627
7	0.00910	0.02160	0.75185	0.01269	0.01892	0.01029	0.06059	0.04009	0.00964	0.01428	0.00797	0.00940	0.00565	0.00415	0.00421	0.00138	0.00644	0.00336	0.00195	0.00645
8	0.07698	0.01280	0.06267	0.01065	0.01415	0.11012	0.09863	0.38618	0.01533	0.14124	0.01030	0.01063	0.00728	0.00488	0.00443	0.00133	0.01821	0.00384	0.00371	0.00667
9	0.42413	0.19665	0.01146	0.00735	0.01014	0.17941	0.00613	0.01415	0.00905	0.06782	0.00719	0.00845	0.00587	0.03214	0.00373	0.00131	0.00463	0.00271	0.00260	0.00509
10	0.00813	0.00407	0.00407	0.00407	0.00508	0.00407	0.00305	0.01016	0.00915	0.01626	0.01423	0.01626	0.01118	0.00508	0.00305	0.00102	0.00203	0.00407	0.87093	0.00407
11	0.00940	0.00967	0.08821	0.17951	0.05259	0.02876	0.00875	0.07162	0.22852	0.01505	0.06309	0.05081	0.08309	0.02359	0.00542	0.00153	0.04629	0.02522	0.00331	0.00558
12	0.00633	0.00428	0.00502	0.00502	0.00510	0.00437	0.00296	0.00651	0.00642	0.00865	0.01351	0.02723	0.01529	0.75337	0.11477	0.00455	0.00508	0.00615	0.00261	0.00279
13	0.02342	0.03890	0.09975	0.17359	0.23274	0.02584	0.07517	0.05460	0.13089	0.03640	0.02928	0.01264	0.00860	0.00473	0.00457	0.00139	0.02221	0.01639	0.00272	0.00615
14	0.00627	0.00420	0.00478	0.00485	0.00487	0.00418	0.00275	0.00632	0.00649	0.00865	0.01449	0.08816	0.01681	0.78581	0.02098	0.00405	0.00410	0.00679	0.00275	0.00271
15	0.01192	0.80206	0.02226	0.00768	0.01132	0.06360	0.00752	0.01331	0.00906	0.01028	0.00610	0.00705	0.00560	0.00377	0.00286	0.00094	0.00485	0.00236	0.00189	0.00557
16	0.00630	0.00439	0.00560	0.00560	0.00589	0.00469	0.00369	0.00688	0.00659	0.00908	0.01297	0.02428	0.01401	0.54271	0.32368	0.00527	0.00701	0.00572	0.00253	0.00311
17	0.01615	0.01130	0.02705	0.06378	0.01428	0.01207	0.00836	0.59690	0.04385	0.14432	0.01148	0.01136	0.00797	0.00520	0.00436	0.00133	0.00469	0.00401	0.00432	0.00722
18	0.01087	0.01102	0.03091	0.07379	0.61535	0.05095	0.07171	0.02440	0.01001	0.01389	0.00808	0.01069	0.00669	0.00410	0.00476	0.00134	0.03883	0.00391	0.00217	0.00653
19	0.00617	0.00446	0.00583	0.00549	0.00652	0.00412	0.00412	0.00823	0.01235	0.01749	0.81722	0.03258	0.04115	0.00892	0.00514	0.00137	0.00206	0.00789	0.00480	0.00412
20	0.00623	0.00467	0.00701	0.00701	0.00779	0.00545	0.00545	0.00779	0.00701	0.01012	0.01168	0.01713	0.01090	0.03271	0.82944	0.00701	0.01168	0.00467	0.00234	0.00389
21	0.00750	0.00384	0.00576	0.00576	0.00580	0.00388	0.00388	0.00580	0.00576	0.00772	0.00781	0.01348	0.00776	0.01615	0.06319	0.82391	0.00424	0.00384	0.00192	0.00201
22	0.01629	0.02079	0.01236	0.01124	0.01348	0.82921	0.00843	0.01742	0.01236	0.01067	0.00674	0.00787	0.00562	0.00449	0.00393	0.00112	0.00787	0.00281	0.00225	0.00506
23	0.01579	0.01178	0.01266	0.00976	0.01321	0.01292	0.00803	0.71093	0.06939	0.02615	0.01077	0.01075	0.00773	0.00516	0.00430	0.00128	0.00463	0.00391	0.00427	0.05657
24	0.00878	0.00831	0.01407	0.66342	0.19859	0.00983	0.01238	0.01162	0.00898	0.01181	0.00785	0.01145	0.00605	0.00426	0.00435	0.00142	0.00568	0.00388	0.00199	0.00529
25	0.00531	0.00380	0.00506	0.00607	0.00633	0.00354	0.00405	0.00607	0.00835	0.01113	0.02404	0.84388	0.02885	0.01366	0.00557	0.00177	0.00253	0.01240	0.00405	0.00354
26	0.05908	0.04797	0.17444	0.01178	0.01482	0.04837	0.12229	0.16479	0.01085	0.03409	0.00783	0.00978	0.00619	0.00538	0.00731	0.00151	0.26139	0.00374	0.00254	0.00587
27	0.04564	0.00964	0.01032	0.00890	0.01148	0.05901	0.02694	0.01988	0.50074	0.09293	0.01492	0.01488	0.01134	0.00561	0.00474	0.00139	0.04370	0.02239	0.00396	0.09158
28	0.00875	0.02256	0.82413	0.01243	0.01888	0.01013	0.01611	0.01381	0.00921	0.01381	0.00783	0.00921	0.00552	0.00414	0.00414	0.00138	0.00645	0.00322	0.00184	0.00645
29	0.00954	0.00954	0.01336	0.01145	0.01145	0.01336	0.00954	0.01050	0.00668	0.01050	0.00573	0.00954	0.00573	0.00763	0.01431	0.00191	0.83874	0.00382	0.00191	0.00477
30	0.04515	0.18302	0.20397	0.10105	0.07777	0.01155	0.04647	0.05942	0.12446	0.03607	0.01001	0.03059	0.00810	0.00487	0.00421	0.00134	0.01947	0.02382	0.00265	0.00603
31	0.00833	0.00782	0.01318	0.76802	0.07428	0.00961	0.01201	0.01118	0.00874	0.01129	0.00788	0.01173	0.00601	0.00509	0.02649	0.00159	0.00594	0.00390	0.00196	0.00494
32	0.00549	0.00403	0.00518	0.00592	0.00647	0.00372	0.00416	0.00650	0.00906	0.01194	0.09939	0.59776	0.14418	0.01274	0.00550	0.00171	0.00254	0.06595	0.00412	0.00365
33	0.00680	0.00459	0.00560	0.00531	0.00655	0.00412	0.00397	0.00845	0.01123	0.06867	0.46308	0.07569	0.25071	0.03054	0.00548	0.00148	0.00229	0.00809	0.03321	0.00415
34	0.06028	0.10373	0.07673	0.03067	0.10280	0.08597	0.06246	0.14986	0.12225	0.10181	0.01056	0.01133	0.00796	0.00612	0.04717	0.00160	0.00541	0.00381	0.00318	0.00631

[dist]
# distance from previous block
# <min> <max>
2	34

[block]
# block no. 12 follows, 60 sequences, length 22
# corresponding to MSA columns:
# 582-603
name=unknown_M
#
# <colnr> <probs for GDERKNQSTAVLIFYWHMCP>
#	G	D	E	R	K	N	Q	S	T	A	V	L	I	F	Y	W	H	M	C	P
0	0.05917	0.04280	0.06552	0.03246	0.37178	0.08555	0.14119	0.03440	0.03751	0.05646	0.00878	0.01061	0.00689	0.00410	0.00425	0.00130	0.00557	0.00385	0.00248	0.02531
1	0.00966	0.00932	0.06734	0.00990	0.10959	0.00710	0.03289	0.03188	0.02123	0.02946	0.00847	0.01021	0.00694	0.00365	0.00360	0.00086	0.00389	0.01493	0.00261	0.61647
2	0.57579	0.00968	0.04767	0.02857	0.02714	0.04933	0.00638	0.01326	0.03829	0.04446	0.00758	0.02735	0.00622	0.01783	0.00450	0.00145	0.08371	0.00309	0.00272	0.00499
3	0.01030	0.21096	0.39330	0.01191	0.01691	0.01190	0.16221	0.04429	0.03702	0.03063	0.00838	0.00974	0.00632	0.00411	0.00402	0.00129	0.00589	0.00351	0.02117	0.00616
4	0.00823	0.00489	0.00640	0.00593	0.00729	0.00446	0.00451	0.00999	0.01152	0.14906	0.49297	0.11302	0.10272	0.00989	0.03377	0.00163	0.00276	0.02176	0.00466	0.00456
5	0.00588	0.00437	0.00547	0.00536	0.00638	0.00396	0.00396	0.00760	0.01141	0.01565	0.57637	0.13328	0.18442	0.00989	0.00520	0.00144	0.00214	0.00868	0.00457	0.00396
6	0.11571	0.00543	0.00605	0.00541	0.00711	0.00529	0.00418	0.01239	0.00997	0.20186	0.11849	0.04599	0.03179	0.04657	0.00464	0.00137	0.00271	0.00492	0.36530	0.00483
7	0.01166	0.84935	0.02285	0.00746	0.01119	0.01726	0.00746	0.01306	0.00886	0.01026	0.00606	0.00700	0.00560	0.00373	0.00280	0.00093	0.00466	0.00233	0.00187	0.00560
8	0.03011	0.00500	0.00648	0.00585	0.00726	0.00460	0.00448	0.01029	0.01215	0.14030	0.65714	0.04719	0.03533	0.00836	0.00498	0.00138	0.00235	0.00731	0.00482	0.00462
9	0.00665	0.00458	0.00576	0.00621	0.00665	0.00458	0.00459	0.00754	0.00798	0.01049	0.01789	0.03770	0.01996	0.47658	0.01503	0.00324	0.00413	0.35393	0.00325	0.00325
10	0.08388	0.00750	0.00984	0.00761	0.01093	0.00666	0.00628	0.02062	0.01210	0.76235	0.01637	0.01426	0.01034	0.00530	0.00426	0.00135	0.00369	0.00423	0.00520	0.00722
11	0.87753	0.00843	0.00641	0.00574	0.00843	0.00978	0.00472	0.01282	0.00742	0.01957	0.00607	0.00709	0.00472	0.00405	0.00270	0.00135	0.00337	0.00236	0.00270	0.00472
12	0.00598	0.00445	0.00557	0.00529	0.00640	0.00403	0.00397	0.00786	0.01190	0.01643	0.67330	0.03433	0.18573	0.00931	0.00515	0.00139	0.00209	0.00813	0.00466	0.00403
13	0.87753	0.00843	0.00641	0.00574	0.00843	0.00978	0.00472	0.01282	0.00742	0.01957	0.00607	0.00709	0.00472	0.00405	0.00270	0.00135	0.00337	0.00236	0.00270	0.00472
14	0.00904	0.00775	0.00904	0.00646	0.01034	0.00581	0.00517	0.01098	0.00904	0.01421	0.00775	0.00904	0.00646	0.00323	0.00323	0.00065	0.00323	0.00258	0.00258	0.87339
15	0.00634	0.00423	0.00476	0.00476	0.00476	0.00423	0.00264	0.00634	0.00634	0.00846	0.01374	0.02854	0.01586	0.84672	0.02220	0.00423	0.00423	0.00634	0.00264	0.00264
16	0.01911	0.00776	0.01028	0.00793	0.01128	0.00696	0.00653	0.06548	0.03991	0.75059	0.01685	0.01465	0.01069	0.00541	0.00439	0.00135	0.00376	0.00438	0.00531	0.00740
17	0.00621	0.00447	0.00534	0.00520	0.00640	0.00397	0.00387	0.00776	0.01097	0.04329	0.39932	0.11918	0.33178	0.01002	0.00513	0.00144	0.00222	0.00866	0.02078	0.00401
18	0.00910	0.00795	0.00985	0.00704	0.01094	0.00607	0.04371	0.01113	0.00910	0.01420	0.00780	0.00918	0.00647	0.00325	0.00332	0.00069	0.00343	0.00271	0.00257	0.83151
19	0.01909	0.00777	0.01028	0.00793	0.01128	0.00697	0.00654	0.06646	0.04076	0.74875	0.01684	0.01464	0.01069	0.00541	0.00439	0.00135	0.00376	0.00438	0.00531	0.00740
20	0.55723	0.00821	0.00789	0.00657	0.00952	0.00876	0.00541	0.04175	0.00958	0.29309	0.01001	0.00984	0.00688	0.00455	0.00333	0.00135	0.00354	0.00310	0.00367	0.00573
21	0.01030	0.00986	0.01681	0.18340	0.66675	0.01023	0.01314	0.01295	0.00970	0.01365	0.00812	0.01096	0.00670	0.00398	0.00433	0.00133	0.00530	0.00388	0.00212	0.00651

[dist]
# distance from previous block
# <min> <max>
2	3

[block]
# block no. 13 follows, 60 sequences, length 23
# corresponding to MSA columns:
# 608,613-634
name=unknown_N
#
# <colnr> <probs for GDERKNQSTAVLIFYWHMCP>
#	G	D	E	R	K	N	Q	S	T	A	V	L	I	F	Y	W	H	M	C	P
0	0.00746	0.01629	0.00574	0.00524	0.00647	0.00459	0.00398	0.00980	0.04223	0.04832	0.43073	0.04245	0.08325	0.00767	0.00443	0.00128	0.00223	0.00658	0.26694	0.00432
1	0.06158	0.00479	0.00553	0.00535	0.00621	0.00464	0.00364	0.00822	0.00809	0.08808	0.04981	0.10756	0.16844	0.36116	0.04883	0.05046	0.00380	0.00689	0.00334	0.00358
2	0.00666	0.00486	0.00620	0.00579	0.00693	0.00462	0.00439	0.03518	0.03297	0.01774	0.75103	0.03182	0.03894	0.00879	0.00512	0.00139	0.00223	0.02630	0.00476	0.00429
3	0.00662	0.00421	0.00565	0.00601	0.00641	0.00414	0.00417	0.03059	0.00780	0.01033	0.01804	0.35567	0.07289	0.05412	0.05145	0.30993	0.00362	0.04214	0.00314	0.00308
