[name]
unknown

[dist]
# distance from previous block
# <min> <max>
0	326

[block]
# block no. 0 follows, 79 sequences, length 35
# corresponding to MSA columns:
# 374-408
name=unknown_A
#
# <colnr> <probs for GDERKNQSTAVLIFYWHMCP>
#	G	D	E	R	K	N	Q	S	T	A	V	L	I	F	Y	W	H	M	C	P
0	0.00996	0.03990	0.10579	0.10175	0.06765	0.32862	0.00747	0.03698	0.06243	0.04349	0.04162	0.01011	0.03194	0.00405	0.00343	0.00101	0.01334	0.02188	0.00217	0.06641
1	0.00817	0.00748	0.03766	0.02545	0.03084	0.01771	0.01657	0.02492	0.04620	0.07787	0.04573	0.04701	0.01677	0.00643	0.03264	0.00150	0.52984	0.00365	0.00213	0.02141
2	0.00819	0.11757	0.63302	0.00903	0.01361	0.02905	0.01103	0.01153	0.00767	0.07714	0.00673	0.00756	0.00484	0.00336	0.00320	0.00104	0.00477	0.00256	0.00175	0.04635
3	0.00707	0.01823	0.85788	0.01005	0.01525	0.00818	0.01302	0.01116	0.00744	0.01116	0.00632	0.00744	0.00446	0.00335	0.00335	0.00112	0.00521	0.00260	0.00149	0.00521
4	0.00713	0.05939	0.03727	0.04854	0.08139	0.04270	0.16709	0.02489	0.00703	0.00958	0.00836	0.05811	0.01722	0.01203	0.29994	0.00273	0.10686	0.00385	0.00189	0.00400
5	0.03087	0.00888	0.01833	0.02565	0.01678	0.00835	0.68067	0.01216	0.02045	0.12924	0.00811	0.00981	0.00585	0.00321	0.00401	0.00117	0.00539	0.00400	0.00217	0.00490
6	0.00503	0.00378	0.00566	0.00566	0.00629	0.00441	0.00441	0.00629	0.00566	0.00818	0.00944	0.01385	0.00881	0.02643	0.86217	0.00566	0.00944	0.00378	0.00189	0.00315
7	0.00429	0.00307	0.00409	0.00491	0.00511	0.00286	0.00327	0.00491	0.00675	0.00900	0.01943	0.87384	0.02331	0.01104	0.00450	0.00143	0.00204	0.01002	0.00327	0.00286
8	0.01057	0.42439	0.05881	0.02830	0.01992	0.28276	0.04786	0.06034	0.00866	0.00956	0.00551	0.00647	0.00467	0.00335	0.00294	0.00088	0.01645	0.00229	0.00174	0.00450
9	0.00429	0.00307	0.00409	0.00491	0.00511	0.00286	0.00327	0.00491	0.00675	0.00900	0.01943	0.87384	0.02331	0.01104	0.00450	0.00143	0.00204	0.01002	0.00327	0.00286
10	0.00493	0.00350	0.00385	0.00379	0.00477	0.00314	0.00283	0.00620	0.00842	0.01162	0.26353	0.04698	0.41289	0.00742	0.00380	0.00109	0.00172	0.00628	0.20009	0.00314
11	0.02449	0.00886	0.11417	0.37317	0.18957	0.01877	0.13357	0.04393	0.00793	0.03118	0.00677	0.00913	0.00518	0.01400	0.00374	0.00116	0.00473	0.00323	0.00179	0.00465
12	0.00771	0.05045	0.22931	0.34710	0.06121	0.04882	0.04081	0.03369	0.06020	0.01040	0.00677	0.00875	0.00518	0.00412	0.02070	0.00123	0.05426	0.00300	0.00176	0.00455
13	0.00463	0.00354	0.00384	0.00378	0.00483	0.00310	0.00283	0.00579	0.00844	0.01107	0.24168	0.04205	0.54234	0.00801	0.00399	0.00113	0.00174	0.00677	0.09734	0.00310
14	0.00432	0.00339	0.00393	0.00433	0.00508	0.00300	0.00313	0.00514	0.00750	0.00937	0.02771	0.38795	0.44778	0.00987	0.00435	0.00132	0.00199	0.06361	0.00327	0.00295
15	0.02276	0.26702	0.26146	0.03287	0.04357	0.09060	0.08017	0.03652	0.02752	0.08255	0.00675	0.00762	0.00516	0.00343	0.00323	0.00100	0.01828	0.00266	0.00193	0.00490
16	0.00881	0.02015	0.23245	0.02883	0.11996	0.10940	0.02949	0.04751	0.15308	0.03091	0.00797	0.00944	0.00631	0.00502	0.03659	0.00133	0.13045	0.01528	0.00213	0.00489
17	0.90103	0.00682	0.00518	0.00463	0.00682	0.00791	0.00382	0.01036	0.00600	0.01581	0.00491	0.00573	0.00382	0.00327	0.00218	0.00109	0.00273	0.00191	0.00218	0.00382
18	0.00766	0.08106	0.56645	0.00956	0.04109	0.02470	0.06006	0.01090	0.00785	0.05194	0.06061	0.01005	0.04509	0.00384	0.00341	0.00109	0.00465	0.00315	0.00189	0.00494
19	0.00712	0.02325	0.03250	0.15197	0.01069	0.00757	0.01844	0.07306	0.03686	0.02042	0.04900	0.06625	0.05206	0.10699	0.07095	0.00187	0.26079	0.00421	0.00221	0.00380
20	0.00699	0.00666	0.01141	0.72470	0.13679	0.00794	0.03729	0.00933	0.00722	0.00942	0.00634	0.00931	0.00484	0.00345	0.00354	0.00116	0.00467	0.00317	0.00160	0.00417
21	0.03410	0.06756	0.01856	0.00667	0.03034	0.03408	0.06417	0.01001	0.00769	0.07553	0.00736	0.00924	0.00611	0.00322	0.00291	0.00073	0.00318	0.04246	0.00223	0.57386
22	0.00966	0.82464	0.01794	0.00622	0.00916	0.06673	0.00608	0.01077	0.00734	0.00831	0.00493	0.00570	0.00452	0.00305	0.00232	0.00076	0.00393	0.00191	0.00153	0.00450
23	0.00666	0.00626	0.01057	0.86767	0.02427	0.00783	0.00979	0.00900	0.00705	0.00900	0.00626	0.00940	0.00470	0.00352	0.00352	0.00117	0.00470	0.00313	0.00157	0.00392
24	0.00877	0.00757	0.00797	0.00717	0.00916	0.00877	0.00558	0.01873	0.84779	0.01474	0.01434	0.01315	0.01076	0.00478	0.00359	0.00120	0.00279	0.00398	0.00359	0.00558
25	0.90103	0.00682	0.00518	0.00463	0.00682	0.00791	0.00382	0.01036	0.00600	0.01581	0.00491	0.00573	0.00382	0.00327	0.00218	0.00109	0.00273	0.00191	0.00218	0.00382
26	0.00848	0.00732	0.00770	0.00695	0.00889	0.00841	0.00540	0.01788	0.79552	0.01442	0.01567	0.01444	0.06316	0.00504	0.00362	0.00120	0.00273	0.00420	0.00357	0.00542
27	0.90103	0.00682	0.00518	0.00463	0.00682	0.00791	0.00382	0.01036	0.00600	0.01581	0.00491	0.00573	0.00382	0.00327	0.00218	0.00109	0.00273	0.00191	0.00218	0.00382
28	0.00877	0.00757	0.00797	0.00717	0.00916	0.00877	0.00558	0.01873	0.84779	0.01474	0.01434	0.01315	0.01076	0.00478	0.00359	0.00120	0.00279	0.00398	0.00359	0.00558
29	0.00509	0.00403	0.00568	0.07060	0.07281	0.00413	0.00449	0.00618	0.00681	0.00914	0.02599	0.29714	0.16261	0.05255	0.22540	0.00250	0.00433	0.01654	0.02073	0.00323
30	0.06896	0.00874	0.00960	0.00745	0.01017	0.00940	0.00614	0.57410	0.05227	0.20256	0.00969	0.00927	0.00667	0.00422	0.00345	0.00107	0.00357	0.00321	0.00363	0.00584
31	0.00457	0.00349	0.00432	0.00456	0.00522	0.00320	0.01669	0.00558	0.02301	0.00982	0.11984	0.42797	0.27102	0.06345	0.00514	0.00143	0.00208	0.00821	0.01739	0.00299
32	0.00537	0.00370	0.00415	0.00404	0.00424	0.00370	0.00236	0.00587	0.04348	0.00735	0.01109	0.02207	0.01246	0.80663	0.01676	0.00322	0.00336	0.00497	0.00220	0.03297
33	0.19154	0.00604	0.00738	0.00583	0.00833	0.00564	0.00478	0.01525	0.00910	0.64770	0.02434	0.01134	0.00825	0.03405	0.00377	0.00117	0.00294	0.00331	0.00384	0.00539
34	0.00752	0.03095	0.00856	0.08776	0.01036	0.00546	0.04282	0.00921	0.00738	0.02827	0.00642	0.00766	0.00523	0.00276	0.00278	0.00063	0.00300	0.00231	0.00205	0.72888

[dist]
# distance from previous block
# <min> <max>
0	2

[block]
# block no. 1 follows, 79 sequences, length 8
# corresponding to MSA columns:
# 411-418
name=unknown_B
#
# <colnr> <probs for GDERKNQSTAVLIFYWHMCP>
#	G	D	E	R	K	N	Q	S	T	A	V	L	I	F	Y	W	H	M	C	P
0	0.00878	0.00837	0.01267	0.00955	0.01240	0.05677	0.30913	0.13539	0.04032	0.01296	0.02950	0.01188	0.00762	0.00389	0.00362	0.00101	0.00427	0.07878	0.00238	0.25071
1	0.00527	0.00386	0.00499	0.00541	0.00582	0.00394	0.00390	0.05412	0.00727	0.00973	0.01709	0.57336	0.01986	0.10238	0.00626	0.00165	0.04391	0.12501	0.00308	0.00307
2	0.04982	0.00700	0.01156	0.54378	0.30095	0.00802	0.00985	0.00967	0.00732	0.01017	0.00632	0.00900	0.00495	0.00338	0.00345	0.00113	0.00443	0.00308	0.00165	0.00447
3	0.00511	0.00348	0.00414	0.00414	0.00425	0.00358	0.00251	0.00532	0.00521	0.00706	0.01083	0.02154	0.01215	0.73582	0.15735	0.00379	0.00441	0.00490	0.00209	0.00230
4	0.01182	0.10676	0.03092	0.00835	0.03188	0.05684	0.04579	0.48176	0.09207	0.05686	0.00891	0.03669	0.00681	0.00423	0.00343	0.00105	0.00393	0.00333	0.00307	0.00550
5	0.00429	0.00307	0.00409	0.00491	0.00511	0.00286	0.00327	0.00491	0.00675	0.00900	0.01943	0.87384	0.02331	0.01104	0.00450	0.00143	0.00204	0.01002	0.00327	0.00286
6	0.01084	0.01068	0.12616	0.10797	0.08500	0.11712	0.00805	0.29700	0.06129	0.07985	0.00828	0.02897	0.00627	0.00413	0.00374	0.00109	0.03249	0.00321	0.00265	0.00520
7	0.09324	0.31899	0.03245	0.06988	0.11066	0.17902	0.02955	0.06418	0.00841	0.03798	0.00601	0.00711	0.00493	0.00379	0.01936	0.00102	0.00448	0.00245	0.00190	0.00459

[dist]
# distance from previous block
# <min> <max>
1	23

[block]
# block no. 2 follows, 79 sequences, length 54
# corresponding to MSA columns:
# 442-495
name=unknown_C
#
# <colnr> <probs for GDERKNQSTAVLIFYWHMCP>
#	G	D	E	R	K	N	Q	S	T	A	V	L	I	F	Y	W	H	M	C	P
0	0.00738	0.00634	0.00750	0.08728	0.05404	0.00693	0.01437	0.05457	0.40425	0.01305	0.08321	0.03280	0.20202	0.00576	0.00377	0.00117	0.00280	0.00489	0.00322	0.00462
1	0.00458	0.00319	0.00402	0.00455	0.00470	0.00306	0.00290	0.00502	0.00628	0.00839	0.03462	0.57468	0.02006	0.29659	0.00893	0.00208	0.00249	0.00832	0.00291	0.00263
2	0.00731	0.00626	0.00731	0.00522	0.00835	0.00470	0.00418	0.00887	0.00731	0.01148	0.00626	0.00731	0.00522	0.00261	0.00261	0.00052	0.00261	0.00209	0.00209	0.89768
3	0.00429	0.00307	0.00409	0.00491	0.00511	0.00286	0.00327	0.00491	0.00675	0.00900	0.01943	0.87384	0.02331	0.01104	0.00450	0.00143	0.00204	0.01002	0.00327	0.00286
4	0.00429	0.00310	0.00406	0.00483	0.00509	0.00287	0.00324	0.00492	0.00682	0.00903	0.02038	0.82479	0.07175	0.01092	0.00448	0.00142	0.00203	0.00987	0.00327	0.00287
5	0.00877	0.00757	0.00797	0.00717	0.00916	0.00877	0.00558	0.01873	0.84779	0.01474	0.01434	0.01315	0.01076	0.00478	0.00359	0.00120	0.00279	0.00398	0.00359	0.00558
6	0.00877	0.00757	0.00797	0.00717	0.00916	0.00877	0.00558	0.01873	0.84779	0.01474	0.01434	0.01315	0.01076	0.00478	0.00359	0.00120	0.00279	0.00398	0.00359	0.00558
7	0.00864	0.00829	0.01416	0.05441	0.82200	0.00835	0.01078	0.01075	0.00799	0.01142	0.00662	0.00875	0.00555	0.00316	0.00349	0.00105	0.00421	0.00314	0.00174	0.00552
8	0.00744	0.00718	0.01126	0.61337	0.20582	0.04005	0.00973	0.01000	0.04240	0.00978	0.00665	0.00929	0.00514	0.00350	0.00351	0.00114	0.00457	0.00314	0.00170	0.00436
9	0.00577	0.00443	0.00539	0.00502	0.00608	0.00446	0.00380	0.00916	0.18616	0.01417	0.66201	0.03782	0.02835	0.00676	0.00404	0.00113	0.00191	0.00593	0.00381	0.00379
10	0.00633	0.00403	0.00478	0.00441	0.00487	0.00399	0.00281	0.00661	0.00573	0.08224	0.01072	0.02022	0.01153	0.69046	0.02662	0.00296	0.03993	0.00467	0.00230	0.06479
11	0.00644	0.00495	0.00585	0.00572	0.00658	0.00539	0.00417	0.07036	0.21513	0.01090	0.01459	0.30087	0.03375	0.13539	0.09248	0.03861	0.02636	0.01584	0.00295	0.00367
12	0.00724	0.04736	0.01176	0.64209	0.20545	0.00823	0.00984	0.00947	0.00727	0.00952	0.00628	0.00907	0.00488	0.00342	0.00346	0.00113	0.00454	0.00308	0.00160	0.00431
13	0.40047	0.00609	0.00623	0.00518	0.00743	0.00618	0.00423	0.03542	0.00815	0.30415	0.04702	0.01214	0.10539	0.00447	0.00301	0.00108	0.00270	0.00334	0.00316	0.03414
14	0.00460	0.00359	0.00417	0.00402	0.00503	0.00316	0.00302	0.00589	0.00905	0.01194	0.46447	0.02993	0.42244	0.00802	0.00416	0.00115	0.00172	0.00688	0.00359	0.00316
15	0.00558	0.00376	0.00437	0.00431	0.00536	0.00332	0.00317	0.00666	0.02019	0.09578	0.13378	0.21544	0.43886	0.03740	0.00462	0.00130	0.00202	0.00735	0.00343	0.00331
16	0.02915	0.01129	0.37640	0.00881	0.05054	0.00720	0.00889	0.01130	0.02938	0.17983	0.00963	0.12920	0.00816	0.00502	0.00462	0.00121	0.11817	0.00393	0.00240	0.00486
17	0.00707	0.01823	0.85788	0.01005	0.01525	0.00818	0.01302	0.01116	0.00744	0.01116	0.00632	0.00744	0.00446	0.00335	0.00335	0.00112	0.00521	0.00260	0.00149	0.00521
18	0.00429	0.00307	0.00409	0.00491	0.00511	0.00286	0.00327	0.00491	0.00675	0.00900	0.01943	0.87384	0.02331	0.01104	0.00450	0.00143	0.00204	0.01002	0.00327	0.00286
19	0.00434	0.00310	0.00414	0.00496	0.00518	0.00290	0.00335	0.00499	0.00679	0.00905	0.01940	0.84619	0.02321	0.01100	0.00451	0.00144	0.00208	0.03722	0.00327	0.00288
20	0.00593	0.00313	0.00444	0.00444	0.00444	0.00313	0.00288	0.00470	0.00470	0.00626	0.00710	0.01314	0.00744	0.18200	0.01459	0.72178	0.00313	0.00347	0.00165	0.00165
21	0.00513	0.00342	0.00384	0.00384	0.00384	0.00342	0.00214	0.00513	0.00513	0.00683	0.01110	0.02306	0.01281	0.87614	0.01794	0.00342	0.00342	0.00513	0.00214	0.00214
22	0.00455	0.00364	0.00408	0.00401	0.00504	0.00321	0.00299	0.00588	0.02671	0.01117	0.31057	0.07353	0.51537	0.00836	0.00417	0.00117	0.00178	0.00713	0.00348	0.00314
23	0.01044	0.00910	0.08261	0.22019	0.11764	0.04873	0.03730	0.21925	0.01011	0.14021	0.00789	0.00905	0.00573	0.00393	0.00405	0.00112	0.06189	0.00315	0.00251	0.00509
24	0.77383	0.00684	0.00570	0.00494	0.00720	0.00773	0.00407	0.04231	0.00683	0.10523	0.00599	0.00649	0.00442	0.00342	0.00238	0.00109	0.00280	0.00213	0.00246	0.00413
25	0.00979	0.06524	0.06479	0.00854	0.05325	0.09394	0.13065	0.23545	0.01033	0.03001	0.00863	0.02809	0.00675	0.00391	0.00324	0.00099	0.00389	0.00329	0.23455	0.00468
26	0.00877	0.00757	0.00797	0.00717	0.00916	0.00877	0.00558	0.01873	0.84779	0.01474	0.01434	0.01315	0.01076	0.00478	0.00359	0.00120	0.00279	0.00398	0.00359	0.00558
27	0.01073	0.54480	0.01534	0.00686	0.00969	0.04668	0.00627	0.26222	0.03358	0.01269	0.00626	0.00677	0.00514	0.00350	0.00285	0.00088	0.01621	0.00236	0.00219	0.00497
28	0.11933	0.01005	0.00932	0.00752	0.01004	0.16986	0.00607	0.41611	0.03643	0.16816	0.00861	0.00850	0.00608	0.00404	0.00331	0.00104	0.00402	0.00294	0.00319	0.00536
29	0.00814	0.00751	0.01154	0.02559	0.52673	0.04121	0.03204	0.01032	0.05455	0.03695	0.01062	0.15051	0.04749	0.00487	0.00381	0.00113	0.01533	0.00451	0.00224	0.00491
30	0.00696	0.04380	0.00775	0.02386	0.11717	0.00551	0.01695	0.01651	0.05499	0.06151	0.10795	0.12474	0.18728	0.00598	0.00394	0.00106	0.03589	0.00509	0.00281	0.17026
31	0.00429	0.00307	0.00409	0.00491	0.00511	0.00286	0.00327	0.00491	0.00675	0.00900	0.01943	0.87384	0.02331	0.01104	0.00450	0.00143	0.00204	0.01002	0.00327	0.00286
32	0.01204	0.00984	0.04421	0.01026	0.12252	0.03791	0.05919	0.52239	0.06853	0.06448	0.00864	0.00895	0.00625	0.00400	0.00355	0.00107	0.00406	0.00325	0.00310	0.00574
33	0.03939	0.11983	0.32914	0.02535	0.07396	0.02406	0.05209	0.05911	0.00853	0.18212	0.00804	0.00862	0.00574	0.00357	0.00324	0.00104	0.00423	0.00287	0.04392	0.00515
34	0.00982	0.00785	0.01344	0.05031	0.42492	0.01937	0.16260	0.01188	0.00855	0.18258	0.04910	0.01063	0.01657	0.00367	0.00374	0.00109	0.01262	0.00360	0.00239	0.00527
35	0.68004	0.02514	0.00680	0.00643	0.05874	0.14298	0.00479	0.02021	0.00689	0.01435	0.00514	0.00603	0.00408	0.00333	0.00243	0.00105	0.00342	0.00205	0.00210	0.00400
36	0.00473	0.00359	0.00435	0.00416	0.00511	0.00321	0.00312	0.00615	0.00936	0.01267	0.59380	0.02873	0.29266	0.00775	0.00416	0.00113	0.00170	0.00671	0.00369	0.00321
37	0.04049	0.00875	0.01255	0.09777	0.51550	0.08491	0.00950	0.01068	0.02335	0.01073	0.00624	0.00839	0.00528	0.00375	0.00475	0.00113	0.14651	0.00302	0.00175	0.00494
38	0.00417	0.00357	0.00357	0.00357	0.00476	0.00298	0.00268	0.00506	0.00803	0.00952	0.03570	0.03392	0.85272	0.00893	0.00417	0.00119	0.00179	0.00744	0.00327	0.00298
39	0.00612	0.00306	0.00459	0.00459	0.00459	0.00306	0.00306	0.00459	0.00459	0.00612	0.00612	0.01071	0.00612	0.01224	0.01377	0.89746	0.00306	0.00306	0.00153	0.00153
40	0.00913	0.58631	0.18721	0.00712	0.01043	0.06520	0.00746	0.01150	0.06927	0.00937	0.00592	0.00661	0.00497	0.00325	0.00264	0.00087	0.00415	0.00221	0.00168	0.00471
41	0.77293	0.00670	0.00569	0.00539	0.03973	0.00755	0.00414	0.01047	0.00632	0.05291	0.00588	0.03391	0.00477	0.00354	0.00238	0.00108	0.00277	0.00229	0.00229	0.02924
42	0.01317	0.01680	0.00999	0.00908	0.01090	0.86199	0.00681	0.01407	0.00999	0.00863	0.00545	0.00636	0.00454	0.00363	0.00318	0.00091	0.00636	0.00227	0.00182	0.00409
43	0.77387	0.00719	0.00591	0.00510	0.00737	0.00824	0.00420	0.11515	0.00740	0.03135	0.00551	0.00618	0.00418	0.00341	0.00237	0.00109	0.00288	0.00210	0.00239	0.00413
44	0.01276	0.00936	0.01007	0.00789	0.01058	0.01037	0.00646	0.68049	0.14744	0.05336	0.00960	0.00934	0.00685	0.00432	0.00354	0.00108	0.00367	0.00332	0.00357	0.00593
45	0.00755	0.00708	0.03831	0.57985	0.22283	0.00775	0.00980	0.00981	0.00743	0.04918	0.00696	0.02578	0.00545	0.00361	0.00353	0.00114	0.00446	0.00327	0.00177	0.00444
46	0.00870	0.01542	0.63656	0.00980	0.02738	0.00791	0.05086	0.04736	0.01795	0.13367	0.00764	0.00833	0.00528	0.00353	0.00343	0.00111	0.00482	0.00286	0.00203	0.00534
47	0.00556	0.00382	0.00473	0.00465	0.00499	0.01594	0.00312	0.00607	0.00555	0.03551	0.01052	0.01916	0.01113	0.53059	0.31964	0.00411	0.00560	0.00455	0.00212	0.00265
48	0.00439	0.00313	0.00413	0.00485	0.00505	0.00297	0.00322	0.00498	0.00657	0.00878	0.01831	0.76643	0.02182	0.08447	0.04136	0.00177	0.00247	0.00935	0.00312	0.00281
49	0.00879	0.57360	0.19562	0.03530	0.01176	0.02416	0.08729	0.01075	0.00737	0.00921	0.00546	0.00653	0.00460	0.00311	0.00273	0.00089	0.00435	0.00230	0.00154	0.00466
50	0.06018	0.00916	0.01176	0.10387	0.21589	0.05555	0.06697	0.37648	0.01173	0.03318	0.00756	0.00886	0.00573	0.00378	0.00348	0.00108	0.00423	0.01256	0.00261	0.00533
51	0.00591	0.00432	0.00597	0.15867	0.00912	0.00447	0.00479	0.03832	0.00817	0.05440	0.20632	0.24894	0.11524	0.00930	0.07983	0.00163	0.00321	0.03485	0.00305	0.00349
52	0.79806	0.00725	0.00543	0.00487	0.00697	0.05547	0.00396	0.02140	0.00642	0.01537	0.00529	0.00614	0.00413	0.00334	0.00227	0.00107	0.00289	0.00201	0.04382	0.00384
53	0.00433	0.00319	0.00397	0.00457	0.00496	0.00292	0.00308	0.00495	0.00689	0.00895	0.02206	0.65067	0.18557	0.06974	0.00535	0.00152	0.00209	0.00918	0.00319	0.00284

[dist]
# distance from previous block
# <min> <max>
0	1

[block]
# block no. 3 follows, 79 sequences, length 26
# corresponding to MSA columns:
# 497-522
name=unknown_D
#
# <colnr> <probs for GDERKNQSTAVLIFYWHMCP>
#	G	D	E	R	K	N	Q	S	T	A	V	L	I	F	Y	W	H	M	C	P
0	0.00885	0.20108	0.10754	0.00889	0.02461	0.11928	0.03069	0.03145	0.00701	0.00924	0.00525	0.00723	0.00471	0.00494	0.01919	0.00127	0.40015	0.00271	0.00163	0.00428
1	0.00655	0.00610	0.01019	0.78104	0.02253	0.00762	0.00932	0.00878	0.00690	0.00893	0.00648	0.00971	0.00502	0.00539	0.07136	0.00154	0.02392	0.00318	0.00159	0.00385
2	0.00834	0.02494	0.33142	0.26117	0.07876	0.00778	0.05031	0.03389	0.00795	0.10660	0.00726	0.00872	0.00522	0.00346	0.00342	0.00109	0.00458	0.00296	0.00196	0.05018
3	0.00707	0.04193	0.61346	0.00864	0.01277	0.00740	0.01046	0.01078	0.04383	0.03584	0.15056	0.01135	0.02247	0.00416	0.00348	0.00111	0.00434	0.00338	0.00209	0.00487
4	0.79018	0.11516	0.00683	0.00481	0.00709	0.00866	0.00409	0.01038	0.00614	0.01488	0.00491	0.00572	0.00390	0.00324	0.00219	0.00105	0.00286	0.00191	0.00210	0.00390
5	0.00931	0.81004	0.04832	0.00622	0.00927	0.01352	0.00626	0.01092	0.04307	0.00867	0.00535	0.00604	0.00479	0.00310	0.00236	0.00079	0.00378	0.00200	0.00160	0.00459
6	0.00429	0.00307	0.00409	0.00491	0.00511	0.00286	0.00327	0.00491	0.00675	0.00900	0.01943	0.87384	0.02331	0.01104	0.00450	0.00143	0.00204	0.01002	0.00327	0.00286
7	0.90103	0.00682	0.00518	0.00463	0.00682	0.00791	0.00382	0.01036	0.00600	0.01581	0.00491	0.00573	0.00382	0.00327	0.00218	0.00109	0.00273	0.00191	0.00218	0.00382
8	0.00731	0.00626	0.00731	0.00522	0.00835	0.00470	0.00418	0.00887	0.00731	0.01148	0.00626	0.00731	0.00522	0.00261	0.00261	0.00052	0.00261	0.00209	0.00209	0.89768
9	0.00485	0.00360	0.00452	0.00429	0.00518	0.00327	0.00322	0.00638	0.00965	0.01335	0.71341	0.02762	0.17263	0.00750	0.00416	0.00112	0.00168	0.00655	0.00378	0.00327
10	0.00503	0.00378	0.00566	0.00566	0.00629	0.00441	0.00441	0.00629	0.00566	0.00818	0.00944	0.01385	0.00881	0.02643	0.86217	0.00566	0.00944	0.00378	0.00189	0.00315
11	0.90103	0.00682	0.00518	0.00463	0.00682	0.00791	0.00382	0.01036	0.00600	0.01581	0.00491	0.00573	0.00382	0.00327	0.00218	0.00109	0.00273	0.00191	0.00218	0.00382
12	0.00513	0.00342	0.00384	0.00384	0.00384	0.00342	0.00214	0.00513	0.00513	0.00683	0.01110	0.02306	0.01281	0.87614	0.01794	0.00342	0.00342	0.00513	0.00214	0.00214
13	0.00832	0.00951	0.02080	0.01485	0.01842	0.00891	0.84135	0.01129	0.00832	0.01129	0.00713	0.00951	0.00535	0.00297	0.00416	0.00119	0.00594	0.00416	0.00178	0.00475
14	0.00612	0.00306	0.00459	0.00459	0.00459	0.00306	0.00306	0.00459	0.00459	0.00612	0.00612	0.01071	0.00612	0.01224	0.01377	0.89746	0.00306	0.00306	0.00153	0.00153
15	0.00705	0.00690	0.01054	0.81581	0.02347	0.05942	0.00961	0.00931	0.00722	0.00898	0.00621	0.00921	0.00469	0.00353	0.00350	0.00116	0.00480	0.00308	0.00158	0.00393
16	0.00771	0.00771	0.01079	0.00925	0.00925	0.01079	0.00771	0.00848	0.00540	0.00848	0.00463	0.00771	0.00463	0.00617	0.01157	0.00154	0.86969	0.00308	0.00154	0.00386
17	0.00512	0.00343	0.00391	0.00391	0.00394	0.00345	0.00222	0.00517	0.00515	0.00689	0.01104	0.02271	0.01266	0.84364	0.05023	0.00350	0.00365	0.00507	0.00213	0.00217
18	0.84741	0.00742	0.00547	0.00490	0.00706	0.05949	0.00400	0.01058	0.00624	0.01538	0.00494	0.00576	0.00386	0.00329	0.00224	0.00108	0.00295	0.00193	0.00216	0.00383
19	0.01581	0.00600	0.00818	0.00627	0.00900	0.00518	0.00518	0.01718	0.01009	0.85660	0.01390	0.01200	0.00872	0.00436	0.00354	0.00109	0.00300	0.00354	0.00436	0.00600
20	0.00808	0.05412	0.46060	0.05007	0.14859	0.00842	0.06735	0.06075	0.01876	0.02734	0.00672	0.00800	0.00501	0.00333	0.00336	0.00106	0.00470	0.00282	0.00179	0.05911
21	0.00503	0.00378	0.00566	0.00566	0.00629	0.00441	0.00441	0.00629	0.00566	0.00818	0.00944	0.01385	0.00881	0.02643	0.86217	0.00566	0.00944	0.00378	0.00189	0.00315
22	0.03944	0.00716	0.05550	0.06091	0.33107	0.00662	0.08565	0.00950	0.03998	0.01213	0.23025	0.01548	0.08184	0.00476	0.00373	0.00111	0.00347	0.00439	0.00249	0.00452
23	0.15987	0.40022	0.01248	0.00643	0.00892	0.08595	0.00563	0.03675	0.23032	0.01170	0.00755	0.00779	0.00610	0.00362	0.00272	0.00095	0.00356	0.00252	0.00226	0.00469
24	0.00956	0.00478	0.00568	0.00480	0.00639	0.00458	0.00380	0.04914	0.00847	0.25645	0.02422	0.01243	0.00882	0.02845	0.01583	0.00106	0.03371	0.00336	0.44546	0.07302
25	0.02101	0.31574	0.09288	0.01064	0.18839	0.06866	0.04869	0.06352	0.01800	0.05601	0.00687	0.00871	0.00577	0.00369	0.00349	0.00100	0.04578	0.03429	0.00197	0.00489

[dist]
# distance from previous block
# <min> <max>
0	4

[block]
# block no. 4 follows, 79 sequences, length 54
# corresponding to MSA columns:
# 527-580
name=unknown_E
#
# <colnr> <probs for GDERKNQSTAVLIFYWHMCP>
#	G	D	E	R	K	N	Q	S	T	A	V	L	I	F	Y	W	H	M	C	P
0	0.02304	0.26871	0.01150	0.00709	0.02835	0.00987	0.00587	0.06706	0.32876	0.14757	0.02285	0.01017	0.00811	0.00419	0.00351	0.00105	0.04097	0.00318	0.00294	0.00522
1	0.01013	0.72063	0.01698	0.00650	0.00939	0.09048	0.00616	0.08712	0.00828	0.00960	0.00528	0.00597	0.00466	0.00318	0.00246	0.00080	0.00401	0.00204	0.00172	0.00462
2	0.00503	0.00378	0.00566	0.00566	0.00629	0.00441	0.00441	0.00629	0.00566	0.00818	0.00944	0.01385	0.00881	0.02643	0.86217	0.00566	0.00944	0.00378	0.00189	0.00315
3	0.00983	0.06057	0.07445	0.01561	0.03308	0.00885	0.01782	0.12961	0.48039	0.09251	0.01243	0.01179	0.02829	0.00447	0.00349	0.00113	0.00328	0.00365	0.00326	0.00550
4	0.80970	0.03175	0.00593	0.00498	0.00718	0.04576	0.00410	0.03611	0.00653	0.01548	0.00504	0.00584	0.00394	0.00331	0.00227	0.00107	0.00295	0.00196	0.00219	0.00392
5	0.00832	0.00972	0.07242	0.02843	0.23430	0.00871	0.56198	0.01113	0.00817	0.01131	0.00694	0.00917	0.00534	0.00305	0.00393	0.00115	0.00542	0.00378	0.00175	0.00498
6	0.90103	0.00682	0.00518	0.00463	0.00682	0.00791	0.00382	0.01036	0.00600	0.01581	0.00491	0.00573	0.00382	0.00327	0.00218	0.00109	0.00273	0.00191	0.00218	0.00382
7	0.00488	0.00359	0.00450	0.00428	0.00510	0.00330	0.00316	0.00631	0.00929	0.01287	0.66382	0.02701	0.14777	0.07185	0.01581	0.00135	0.00191	0.00640	0.00364	0.00319
8	0.00956	0.84668	0.01816	0.00614	0.00911	0.04503	0.00606	0.01068	0.00726	0.00830	0.00492	0.00568	0.00452	0.00304	0.00230	0.00076	0.00386	0.00190	0.00152	0.00451
9	0.00832	0.00951	0.02080	0.01485	0.01842	0.00891	0.84135	0.01129	0.00832	0.01129	0.00713	0.00951	0.00535	0.00297	0.00416	0.00119	0.00594	0.00416	0.00178	0.00475
10	0.00429	0.00312	0.00406	0.00479	0.00508	0.00288	0.00322	0.00494	0.00690	0.00911	0.03261	0.79187	0.09250	0.01081	0.00447	0.00141	0.00202	0.00975	0.00328	0.00288
11	0.01169	0.00780	0.04656	0.05377	0.14533	0.00697	0.22869	0.01375	0.00896	0.40342	0.01025	0.01085	0.00708	0.00381	0.00379	0.00113	0.01292	0.01487	0.00297	0.00541
12	0.00883	0.17617	0.37427	0.04305	0.03662	0.11470	0.12672	0.06003	0.00836	0.01091	0.00619	0.00743	0.00474	0.00332	0.00326	0.00103	0.00506	0.00272	0.00170	0.00488
13	0.00573	0.00370	0.00459	0.00434	0.00532	0.00337	0.00326	0.00718	0.00923	0.07227	0.52867	0.07369	0.16398	0.00721	0.00397	0.00111	0.00180	0.00626	0.09090	0.00343
14	0.00431	0.00358	0.00377	0.00375	0.00488	0.00305	0.00283	0.00533	0.00831	0.01020	0.15155	0.03295	0.72040	0.00870	0.00418	0.00119	0.00180	0.02285	0.00336	0.00303
15	0.00847	0.28355	0.07578	0.13199	0.09329	0.01037	0.03119	0.02856	0.01547	0.03799	0.00601	0.00789	0.00509	0.00484	0.03373	0.01281	0.20405	0.00276	0.00173	0.00445
16	0.00879	0.00884	0.07708	0.02818	0.55314	0.00820	0.04659	0.04022	0.10862	0.04062	0.00892	0.01022	0.03727	0.00364	0.00355	0.00108	0.00404	0.00342	0.00215	0.00543
17	0.00424	0.00329	0.00386	0.00432	0.00496	0.00291	0.00301	0.00497	0.00732	0.00923	0.02663	0.50207	0.39043	0.01011	0.00435	0.00132	0.00193	0.00888	0.00327	0.00291
18	0.00806	0.00765	0.01293	0.18759	0.63401	0.00794	0.01015	0.01016	0.00789	0.01103	0.03009	0.01043	0.02383	0.00357	0.00355	0.00109	0.00415	0.01896	0.00183	0.00509
19	0.00993	0.03229	0.13639	0.05329	0.07841	0.23049	0.00785	0.06235	0.21823	0.04015	0.00850	0.02025	0.00665	0.00418	0.00406	0.00111	0.07552	0.00312	0.00237	0.00489
20	0.01206	0.13051	0.01125	0.03357	0.05250	0.59031	0.00690	0.05012	0.05460	0.01805	0.00615	0.00698	0.00503	0.00362	0.00312	0.00093	0.00552	0.00243	0.00196	0.00440
21	0.00738	0.00637	0.00767	0.00606	0.05151	0.00489	0.00451	0.00897	0.00734	0.01149	0.00628	0.00738	0.00524	0.00264	0.00265	0.00055	0.00269	0.00214	0.00207	0.85216
22	0.00757	0.00628	0.00693	0.00647	0.00774	0.07794	0.00501	0.01167	0.28996	0.05388	0.01093	0.01297	0.00911	0.03303	0.42021	0.01493	0.01489	0.00372	0.00258	0.00416
23	0.01023	0.70037	0.01684	0.00647	0.00943	0.02669	0.00617	0.16805	0.00899	0.01093	0.00558	0.00620	0.00480	0.00325	0.00252	0.00081	0.00383	0.00213	0.00189	0.00479
24	0.00666	0.00626	0.01057	0.86767	0.02427	0.00783	0.00979	0.00900	0.00705	0.00900	0.00626	0.00940	0.00470	0.00352	0.00352	0.00117	0.00470	0.00313	0.00157	0.00392
25	0.00666	0.00626	0.01057	0.86767	0.02427	0.00783	0.00979	0.00900	0.00705	0.00900	0.00626	0.00940	0.00470	0.00352	0.00352	0.00117	0.00470	0.00313	0.00157	0.00392
26	0.00446	0.00361	0.00401	0.00425	0.00526	0.00316	0.00329	0.00545	0.00791	0.00965	0.03086	0.12466	0.61230	0.00930	0.00433	0.00129	0.00208	0.15786	0.00327	0.00301
27	0.00428	0.00354	0.00375	0.00377	0.00485	0.00301	0.00280	0.00525	0.00820	0.01008	0.13947	0.08831	0.69284	0.00884	0.00419	0.00120	0.00179	0.00747	0.00335	0.00301
28	0.00465	0.00340	0.00443	0.00503	0.00554	0.00318	0.00371	0.00562	0.00751	0.00989	0.10575	0.49871	0.12394	0.01906	0.00464	0.00143	0.00225	0.18495	0.00332	0.00300
29	0.01239	0.00915	0.00986	0.00769	0.01028	0.01009	0.00630	0.72302	0.05440	0.02106	0.07601	0.01018	0.00844	0.00449	0.00356	0.00106	0.00361	0.00347	0.01922	0.00571
30	0.01577	0.00607	0.00822	0.00630	0.00903	0.00528	0.00521	0.03191	0.01020	0.84170	0.01381	0.01193	0.00868	0.00436	0.00354	0.00109	0.00301	0.00354	0.00435	0.00600
31	0.00612	0.00306	0.00459	0.00459	0.00459	0.00306	0.00306	0.00459	0.00459	0.00612	0.00612	0.01071	0.00612	0.01224	0.01377	0.89746	0.00306	0.00306	0.00153	0.00153
32	0.01317	0.01680	0.00999	0.00908	0.01090	0.86199	0.00681	0.01407	0.00999	0.00863	0.00545	0.00636	0.00454	0.00363	0.00318	0.00091	0.00636	0.00227	0.00182	0.00409
33	0.00730	0.00613	0.00719	0.00520	0.00821	0.00463	0.00415	0.00886	0.00743	0.02304	0.03472	0.02053	0.00646	0.00291	0.00270	0.00056	0.00258	0.00237	0.00220	0.84285
34	0.01019	0.00656	0.03960	0.04475	0.14598	0.00572	0.00610	0.03576	0.03696	0.30888	0.01234	0.12399	0.04548	0.00487	0.00352	0.00104	0.00312	0.00420	0.00309	0.15785
35	0.00965	0.68937	0.01702	0.00665	0.00954	0.01231	0.07234	0.01097	0.00747	0.07278	0.00609	0.00684	0.00514	0.00320	0.00262	0.00083	0.01295	0.00228	0.04738	0.00458
36	0.00450	0.00329	0.00401	0.00449	0.00489	0.00306	0.00304	0.00510	0.00677	0.00876	0.02121	0.48533	0.19790	0.18153	0.00710	0.00178	0.00232	0.04911	0.00305	0.00276
37	0.03911	0.05257	0.03191	0.04255	0.26944	0.04404	0.00716	0.05361	0.00819	0.06818	0.00680	0.00803	0.00544	0.00323	0.00334	0.00087	0.03316	0.00264	0.00212	0.31762
38	0.00791	0.03212	0.15012	0.02291	0.27803	0.00726	0.07388	0.09954	0.00860	0.03284	0.01104	0.20559	0.04415	0.00534	0.00375	0.00116	0.00384	0.00485	0.00236	0.00474
39	0.00568	0.00406	0.00568	0.00649	0.00730	0.00406	0.00568	0.00730	0.00811	0.01055	0.01866	0.03975	0.02028	0.00974	0.00487	0.00162	0.00325	0.83043	0.00325	0.00325
40	0.01484	0.00578	0.00787	0.00611	0.00866	0.00501	0.00501	0.01623	0.01008	0.78101	0.08912	0.01328	0.01093	0.00462	0.00360	0.00109	0.00288	0.00380	0.00432	0.00576
41	0.00429	0.00307	0.00409	0.00491	0.00511	0.00286	0.00327	0.00491	0.00675	0.00900	0.01943	0.87384	0.02331	0.01104	0.00450	0.00143	0.00204	0.01002	0.00327	0.00286
42	0.00731	0.00626	0.00731	0.00522	0.00835	0.00470	0.00418	0.00887	0.00731	0.01148	0.00626	0.00731	0.00522	0.00261	0.00261	0.00052	0.00261	0.00209	0.00209	0.89768
43	0.00731	0.00626	0.00731	0.00522	0.00835	0.00470	0.00418	0.00887	0.00731	0.01148	0.00626	0.00731	0.00522	0.00261	0.00261	0.00052	0.00261	0.00209	0.00209	0.89768
44	0.00657	0.00328	0.00328	0.00328	0.00411	0.00328	0.00246	0.00821	0.00739	0.01314	0.01150	0.01314	0.00903	0.00411	0.00246	0.00082	0.00164	0.00328	0.89571	0.00328
45	0.00771	0.00771	0.01079	0.00925	0.00925	0.01079	0.00771	0.00848	0.00540	0.00848	0.00463	0.00771	0.00463	0.00617	0.01157	0.00154	0.86969	0.00308	0.00154	0.00386
46	0.00567	0.00401	0.00516	0.00543	0.00634	0.00393	0.00446	0.00764	0.05140	0.02069	0.24924	0.05093	0.09002	0.00824	0.00434	0.00135	0.00251	0.40071	0.07455	0.00339
47	0.00502	0.00343	0.00416	0.00445	0.00461	0.00338	0.00289	0.00538	0.00591	0.00784	0.01402	0.21550	0.01621	0.56125	0.01310	0.00272	0.00309	0.12204	0.00255	0.00245
48	0.01055	0.00506	0.00605	0.00505	0.00666	0.00487	0.00390	0.10295	0.00900	0.33290	0.01200	0.01407	0.00930	0.16927	0.00592	0.00144	0.00274	0.00372	0.29015	0.00439
49	0.00829	0.00943	0.02037	0.01461	0.01803	0.00899	0.80550	0.01117	0.00819	0.01117	0.00702	0.00943	0.00532	0.00311	0.00448	0.00120	0.04309	0.00411	0.00177	0.00471
50	0.00505	0.00342	0.00384	0.00386	0.00392	0.00338	0.00219	0.00512	0.00532	0.00703	0.01258	0.04646	0.05595	0.80866	0.01687	0.00325	0.00330	0.00537	0.00222	0.00220
51	0.00528	0.00411	0.00549	0.00554	0.00613	0.03309	0.00419	0.00640	0.00592	0.00831	0.01040	0.09502	0.01029	0.07675	0.67844	0.00484	0.00807	0.00438	0.02425	0.00309
52	0.00541	0.00370	0.00480	0.00447	0.00540	0.00339	0.00337	0.00702	0.00988	0.05013	0.77457	0.02610	0.07402	0.00717	0.00413	0.00111	0.00173	0.00631	0.00387	0.00342
53	0.01179	0.00906	0.00972	0.00786	0.01007	0.06630	0.01594	0.47848	0.10503	0.08464	0.03050	0.05366	0.00806	0.00485	0.00435	0.00113	0.08624	0.00366	0.00327	0.00538

[dist]
# distance from previous block
# <min> <max>
0	49

[block]
# block no. 5 follows, 79 sequences, length 62
# corresponding to MSA columns:
# 630-691
name=unknown_F
#
# <colnr> <probs for GDERKNQSTAVLIFYWHMCP>
#	G	D	E	R	K	N	Q	S	T	A	V	L	I	F	Y	W	H	M	C	P
0	0.00808	0.08606	0.07043	0.20467	0.41628	0.02435	0.04061	0.01040	0.02408	0.01067	0.02652	0.01852	0.00629	0.00351	0.00342	0.00106	0.00428	0.01289	0.00180	0.02608
1	0.35833	0.00746	0.04659	0.02202	0.06132	0.03050	0.00505	0.00993	0.00695	0.02305	0.00582	0.00685	0.00467	0.00300	0.00257	0.00083	0.00302	0.00215	0.00209	0.39779
2	0.03067	0.01542	0.05732	0.23424	0.30281	0.00839	0.04345	0.01956	0.05049	0.02072	0.02931	0.02075	0.01532	0.00407	0.00471	0.00118	0.13163	0.00337	0.00190	0.00468
3	0.00433	0.00309	0.00412	0.00489	0.00512	0.00288	0.00327	0.00499	0.00690	0.00924	0.05814	0.83445	0.02377	0.01086	0.00448	0.00142	0.00203	0.00985	0.00330	0.00288
4	0.01171	0.02968	0.01068	0.00857	0.02846	0.05434	0.00691	0.53619	0.06985	0.01764	0.00780	0.00846	0.00592	0.00458	0.00513	0.00115	0.18146	0.00313	0.00295	0.00539
5	0.00699	0.00362	0.00377	0.00366	0.00459	0.00364	0.00276	0.03203	0.02256	0.04022	0.01191	0.05298	0.00963	0.00445	0.00264	0.00087	0.00179	0.00362	0.78480	0.00347
6	0.00588	0.00521	0.00919	0.00774	0.00923	0.00483	0.25312	0.00739	0.00774	0.02838	0.06183	0.36676	0.13777	0.00778	0.00429	0.00130	0.00323	0.05524	0.01951	0.00356
7	0.00468	0.00335	0.00453	0.00532	0.00570	0.00319	0.00392	0.00559	0.00719	0.00953	0.03849	0.63000	0.02273	0.01060	0.00459	0.00148	0.00236	0.23050	0.00328	0.00298
8	0.00504	0.00377	0.00563	0.00563	0.00625	0.00439	0.00436	0.00627	0.00565	0.00816	0.00947	0.01401	0.00888	0.04184	0.84687	0.00562	0.00933	0.00380	0.00189	0.00313
9	0.00832	0.00951	0.02080	0.01485	0.01842	0.00891	0.84135	0.01129	0.00832	0.01129	0.00713	0.00951	0.00535	0.00297	0.00416	0.00119	0.00594	0.00416	0.00178	0.00475
10	0.00666	0.00626	0.01057	0.86767	0.02427	0.00783	0.00979	0.00900	0.00705	0.00900	0.00626	0.00940	0.00470	0.00352	0.00352	0.00117	0.00470	0.00313	0.00157	0.00392
11	0.01340	0.00987	0.01058	0.00811	0.01093	0.01093	0.00670	0.84240	0.01657	0.02221	0.00846	0.00846	0.00599	0.00423	0.00353	0.00106	0.00388	0.00317	0.00353	0.00599
12	0.14928	0.00484	0.00497	0.00438	0.00591	0.01979	0.00346	0.02997	0.00804	0.20403	0.01083	0.01149	0.00800	0.00403	0.00270	0.00093	0.00225	0.00311	0.51792	0.00406
13	0.00942	0.87826	0.01847	0.00603	0.00905	0.01395	0.00603	0.01055	0.00716	0.00829	0.00490	0.00565	0.00452	0.00302	0.00226	0.00075	0.00377	0.00188	0.00151	0.00452
14	0.00516	0.00373	0.00504	0.00572	0.00640	0.00361	0.00466	0.00647	0.00789	0.01033	0.08051	0.25488	0.08305	0.00983	0.00467	0.00150	0.00271	0.49740	0.00330	0.00313
15	0.90103	0.00682	0.00518	0.00463	0.00682	0.00791	0.00382	0.01036	0.00600	0.01581	0.00491	0.00573	0.00382	0.00327	0.00218	0.00109	0.00273	0.00191	0.00218	0.00382
16	0.00429	0.00307	0.00409	0.00491	0.00511	0.00286	0.00327	0.00491	0.00675	0.00900	0.01943	0.87384	0.02331	0.01104	0.00450	0.00143	0.00204	0.01002	0.00327	0.00286
17	0.90103	0.00682	0.00518	0.00463	0.00682	0.00791	0.00382	0.01036	0.00600	0.01581	0.00491	0.00573	0.00382	0.00327	0.00218	0.00109	0.00273	0.00191	0.00218	0.00382
18	0.00488	0.00390	0.02424	0.00447	0.00541	0.00336	0.00345	0.00642	0.00944	0.01309	0.66481	0.07687	0.15133	0.00759	0.00416	0.00114	0.00179	0.00666	0.00370	0.00329
19	0.00731	0.00626	0.00731	0.00522	0.00835	0.00470	0.00418	0.00887	0.00731	0.01148	0.00626	0.00731	0.00522	0.00261	0.00261	0.00052	0.00261	0.00209	0.00209	0.89768
20	0.00513	0.00342	0.00384	0.00384	0.00384	0.00342	0.00214	0.00513	0.00513	0.00683	0.01110	0.02306	0.01281	0.87614	0.01794	0.00342	0.00342	0.00513	0.00214	0.00214
21	0.01317	0.01680	0.00999	0.00908	0.01090	0.86199	0.00681	0.01407	0.00999	0.00863	0.00545	0.00636	0.00454	0.00363	0.00318	0.00091	0.00636	0.00227	0.00182	0.00409
22	0.00417	0.00357	0.00357	0.00357	0.00476	0.00298	0.00268	0.00506	0.00803	0.00952	0.03570	0.03392	0.85272	0.00893	0.00417	0.00119	0.00179	0.00744	0.00327	0.00298
23	0.01559	0.00605	0.00817	0.00630	0.00900	0.00529	0.00519	0.01723	0.03689	0.82966	0.01392	0.01203	0.00879	0.00438	0.00355	0.00109	0.00299	0.00356	0.00434	0.00598
24	0.01340	0.00987	0.01058	0.00811	0.01093	0.01093	0.00670	0.84240	0.01657	0.02221	0.00846	0.00846	0.00599	0.00423	0.00353	0.00106	0.00388	0.00317	0.00353	0.00599
25	0.00503	0.00378	0.00566	0.00566	0.00629	0.00441	0.00441	0.00629	0.00566	0.00818	0.00944	0.01385	0.00881	0.02643	0.86217	0.00566	0.00944	0.00378	0.00189	0.00315
26	0.01533	0.00677	0.00866	0.00664	0.00938	0.00633	0.00548	0.18154	0.01138	0.69041	0.01282	0.01129	0.00818	0.00434	0.00354	0.00108	0.00317	0.00347	0.00420	0.00600
27	0.00429	0.00310	0.00406	0.00482	0.00509	0.00287	0.00323	0.00492	0.00683	0.00903	0.02050	0.81847	0.07798	0.01090	0.00448	0.00142	0.00203	0.00985	0.00327	0.00287
28	0.00429	0.00307	0.00409	0.00491	0.00511	0.00286	0.00327	0.00491	0.00675	0.00900	0.01943	0.87384	0.02331	0.01104	0.00450	0.00143	0.00204	0.01002	0.00327	0.00286
29	0.00899	0.00696	0.00760	0.00680	0.00871	0.00780	0.00529	0.01717	0.67409	0.09515	0.07461	0.04808	0.01267	0.00516	0.00366	0.00119	0.00270	0.00435	0.00367	0.00535
30	0.00772	0.00694	0.01007	0.03543	0.16380	0.00863	0.00737	0.00887	0.00656	0.04885	0.02669	0.03524	0.07357	0.00609	0.02207	0.00142	0.48939	0.00375	0.03339	0.00413
31	0.00552	0.00398	0.00545	0.00620	0.00699	0.00393	0.00533	0.00703	0.00799	0.01035	0.01958	0.06921	0.07155	0.02827	0.00509	0.00163	0.00312	0.73236	0.00322	0.00319
32	0.00441	0.00349	0.00397	0.00410	0.00499	0.00306	0.00301	0.00541	0.00812	0.01032	0.19166	0.20252	0.48880	0.02005	0.00443	0.00126	0.00188	0.03213	0.00338	0.00302
33	0.05680	0.00629	0.00820	0.00632	0.00902	0.00569	0.00522	0.07171	0.01033	0.76206	0.01312	0.01147	0.00831	0.00430	0.00348	0.00109	0.00304	0.00344	0.00421	0.00590
34	0.00748	0.00710	0.01088	0.09637	0.06570	0.00904	0.07312	0.00872	0.00618	0.02710	0.00657	0.03842	0.00622	0.01905	0.08244	0.00181	0.50962	0.01847	0.00176	0.00396
35	0.00636	0.00390	0.00512	0.00483	0.00587	0.00356	0.00371	0.00783	0.00941	0.12525	0.54348	0.10819	0.07950	0.00750	0.00416	0.00118	0.00201	0.07071	0.00380	0.00361
36	0.00812	0.00563	0.00606	0.00552	0.00705	0.00616	0.00427	0.01393	0.42994	0.06702	0.08189	0.01415	0.01186	0.00472	0.00323	0.00105	0.00231	0.00391	0.31857	0.00461
37	0.31260	0.41136	0.02747	0.00657	0.03579	0.07169	0.01792	0.04736	0.00748	0.02708	0.00537	0.00615	0.00447	0.00323	0.00246	0.00092	0.00366	0.00209	0.00191	0.00439
38	0.00572	0.00430	0.00523	0.00554	0.00634	0.00449	0.00417	0.00865	0.18933	0.01074	0.01751	0.38056	0.05082	0.02243	0.06026	0.00167	0.00288	0.14966	0.06617	0.00356
39	0.00783	0.11366	0.36183	0.00814	0.02694	0.01746	0.02636	0.02740	0.09990	0.05108	0.14073	0.01147	0.01913	0.00449	0.01350	0.00112	0.02302	0.00341	0.00233	0.04019
40	0.00886	0.00597	0.00714	0.00526	0.00813	0.00467	0.00423	0.01039	0.00784	0.17149	0.00814	0.00867	0.00620	0.00306	0.00277	0.00065	0.00260	0.00246	0.07598	0.65548
41	0.62622	0.02248	0.00657	0.04326	0.02168	0.00797	0.00472	0.01004	0.00615	0.04752	0.00570	0.00729	0.00467	0.03250	0.03740	0.00139	0.10607	0.00236	0.00213	0.00387
42	0.00822	0.03027	0.61202	0.00932	0.01374	0.00875	0.01103	0.12930	0.11963	0.01314	0.00766	0.00831	0.00551	0.00366	0.00339	0.00111	0.00468	0.00285	0.00205	0.00536
43	0.00479	0.00327	0.00394	0.00428	0.00436	0.00319	0.00260	0.00504	0.00578	0.00771	0.01448	0.36864	0.01708	0.52475	0.01248	0.00261	0.00286	0.00711	0.00260	0.00243
44	0.00553	0.00458	0.00496	0.00469	0.00599	0.00451	0.00357	0.00888	0.21811	0.01201	0.24109	0.02678	0.43114	0.00745	0.00402	0.00117	0.00200	0.00630	0.00351	0.00372
45	0.00686	0.00663	0.00905	0.00799	0.00821	0.00883	0.00656	0.00767	0.00598	0.00874	0.01087	0.07471	0.13629	0.00705	0.00972	0.00148	0.64844	0.02932	0.00198	0.00363
46	0.00752	0.00651	0.00966	0.00784	0.00975	0.00672	0.19706	0.03549	0.29580	0.02729	0.27023	0.01664	0.01630	0.04228	0.00447	0.00124	0.00319	0.00476	0.03276	0.00449
47	0.00500	0.00361	0.00487	0.00563	0.00621	0.00348	0.00447	0.00615	0.00753	0.00983	0.02014	0.38927	0.07794	0.01023	0.00467	0.00151	0.00264	0.43051	0.00326	0.00307
48	0.86587	0.00694	0.00539	0.00477	0.00698	0.00803	0.00393	0.04332	0.00642	0.01607	0.00505	0.00583	0.00390	0.00331	0.00223	0.00109	0.00277	0.00196	0.00223	0.00390
49	0.00942	0.87826	0.01847	0.00603	0.00905	0.01395	0.00603	0.01055	0.00716	0.00829	0.00490	0.00565	0.00452	0.00302	0.00226	0.00075	0.00377	0.00188	0.00151	0.00452
50	0.01455	0.00601	0.00792	0.00621	0.00876	0.00544	0.00508	0.02654	0.08183	0.72079	0.03735	0.01250	0.00957	0.00447	0.00353	0.00109	0.00291	0.00365	0.03605	0.00579
51	0.00771	0.00771	0.01079	0.00925	0.00925	0.01079	0.00771	0.00848	0.00540	0.00848	0.00463	0.00771	0.00463	0.00617	0.01157	0.00154	0.86969	0.00308	0.00154	0.00386
52	0.00486	0.00357	0.00455	0.00436	0.00520	0.00326	0.00325	0.00637	0.00958	0.01333	0.71350	0.07375	0.12607	0.00761	0.00418	0.00114	0.00170	0.00670	0.00378	0.00326
53	0.00503	0.00378	0.00566	0.00566	0.00629	0.00441	0.00441	0.00629	0.00566	0.00818	0.00944	0.01385	0.00881	0.02643	0.86217	0.00566	0.00944	0.00378	0.00189	0.00315
54	0.00747	0.00651	0.03188	0.10626	0.17706	0.06861	0.00631	0.05303	0.00826	0.06358	0.06240	0.32991	0.03020	0.00665	0.00387	0.00120	0.00330	0.00590	0.02351	0.00408
55	0.01020	0.69883	0.01670	0.00667	0.00943	0.19058	0.00619	0.01129	0.00775	0.00836	0.00501	0.00580	0.00453	0.00314	0.00245	0.00079	0.00431	0.00196	0.00157	0.00443
56	0.00771	0.00771	0.01079	0.00925	0.00925	0.01079	0.00771	0.00848	0.00540	0.00848	0.00463	0.00771	0.00463	0.00617	0.01157	0.00154	0.86969	0.00308	0.00154	0.00386
57	0.00504	0.00386	0.01383	0.00462	0.02031	0.00338	0.00341	0.00644	0.00917	0.03119	0.52407	0.07629	0.26986	0.00775	0.00414	0.00115	0.00183	0.00673	0.00362	0.00332
58	0.03288	0.43275	0.30939	0.00814	0.03835	0.02751	0.01757	0.01898	0.00751	0.05049	0.00595	0.00681	0.00474	0.00330	0.00299	0.00094	0.02282	0.00233	0.00169	0.00484
