[name]
unknown

[dist]
# distance from previous block
# <min> <max>
0	72

[block]
# block no. 0 follows, 74 sequences, length 83
# corresponding to MSA columns:
# 72-154
name=unknown_A
#
# <colnr> <probs for GDERKNQSTAVLIFYWHMCP>
#	G	D	E	R	K	N	Q	S	T	A	V	L	I	F	Y	W	H	M	C	P
0	0.03362	0.00752	0.01051	0.10400	0.21974	0.03030	0.04710	0.06111	0.09174	0.08354	0.01014	0.11713	0.00886	0.00470	0.00372	0.00111	0.00939	0.00417	0.01406	0.13754
1	0.04099	0.27883	0.02481	0.04685	0.08631	0.12922	0.05426	0.07626	0.09998	0.04452	0.05517	0.01734	0.00807	0.00412	0.00331	0.00104	0.00426	0.01730	0.00241	0.00496
2	0.00603	0.00463	0.00630	0.00725	0.12088	0.00438	0.00462	0.00788	0.04102	0.03607	0.43760	0.14468	0.14896	0.00767	0.00429	0.00122	0.00228	0.00678	0.00359	0.00387
3	0.01287	0.00923	0.01037	0.00827	0.01074	0.01037	0.00677	0.50074	0.16481	0.11673	0.01027	0.01016	0.00740	0.00480	0.00465	0.00120	0.09749	0.00353	0.00360	0.00599
4	0.01290	0.00929	0.01074	0.02599	0.01140	0.01000	0.04316	0.57717	0.05872	0.09500	0.01037	0.01047	0.03104	0.01219	0.00396	0.00114	0.01533	0.00356	0.01217	0.04539
5	0.01322	0.10411	0.01171	0.00821	0.01102	0.05611	0.00682	0.66439	0.01555	0.02042	0.00885	0.04658	0.00687	0.00460	0.00359	0.00109	0.00412	0.00346	0.00337	0.00589
6	0.00726	0.00680	0.01144	0.81269	0.02500	0.00837	0.03398	0.03232	0.00774	0.00994	0.00669	0.00987	0.00501	0.00371	0.00373	0.00123	0.00496	0.00333	0.00171	0.00421
7	0.00770	0.00710	0.01130	0.75214	0.06084	0.01861	0.01009	0.06879	0.00822	0.01059	0.00677	0.00976	0.00509	0.00375	0.00371	0.00122	0.00488	0.00329	0.00181	0.00436
8	0.00910	0.00867	0.01452	0.02165	0.78757	0.00872	0.01095	0.01170	0.04872	0.01235	0.02564	0.00982	0.00678	0.00348	0.00369	0.00111	0.00428	0.00342	0.00198	0.00583
9	0.01197	0.00902	0.01216	0.00943	0.01212	0.07248	0.20366	0.29080	0.01203	0.17585	0.01088	0.07462	0.00871	0.00490	0.00395	0.00119	0.00436	0.04034	0.03617	0.00537
10	0.00704	0.00664	0.01114	0.83605	0.02511	0.00834	0.01025	0.00947	0.00737	0.00947	0.00655	0.00984	0.00495	0.00379	0.00396	0.00125	0.02973	0.00330	0.00165	0.00412
11	0.00967	0.00865	0.01460	0.02156	0.78136	0.00863	0.01096	0.01180	0.00856	0.06724	0.00746	0.00940	0.00609	0.00343	0.00378	0.00111	0.01446	0.00333	0.00202	0.00589
12	0.01541	0.00661	0.00911	0.09270	0.01129	0.00612	0.01314	0.05973	0.01870	0.70618	0.01348	0.01215	0.00860	0.00449	0.00374	0.00116	0.00341	0.00368	0.00422	0.00608
13	0.00738	0.00700	0.00999	0.00876	0.00901	0.00938	0.02424	0.00834	0.00592	0.00895	0.00685	0.01161	0.00684	0.04887	0.17287	0.00254	0.60596	0.03984	0.00181	0.00383
14	0.00538	0.00360	0.00410	0.00412	0.00414	0.00361	0.00233	0.00542	0.00545	0.00728	0.01183	0.04157	0.01362	0.83113	0.03905	0.00361	0.00372	0.00547	0.00227	0.00229
15	0.10520	0.11146	0.01050	0.00788	0.02824	0.11223	0.01545	0.17528	0.26981	0.11167	0.01023	0.00998	0.00758	0.00428	0.00339	0.00111	0.00383	0.00325	0.00315	0.00548
16	0.01533	0.00636	0.00835	0.00654	0.00918	0.00575	0.00535	0.08643	0.01088	0.69405	0.01434	0.05760	0.00977	0.00494	0.00373	0.00115	0.00312	0.00405	0.04707	0.00600
17	0.00942	0.00893	0.00894	0.00700	0.00977	0.16082	0.04461	0.08225	0.05384	0.02880	0.04592	0.01033	0.04554	0.00379	0.00324	0.00082	0.00369	0.00303	0.00253	0.46674
18	0.09243	0.08322	0.01178	0.04607	0.01191	0.01114	0.05053	0.57347	0.05125	0.01996	0.00835	0.00872	0.00610	0.00418	0.00351	0.00111	0.00407	0.00320	0.00322	0.00579
19	0.11615	0.02335	0.01030	0.00962	0.12857	0.00962	0.00684	0.43990	0.05261	0.06043	0.04951	0.04915	0.00854	0.00469	0.00370	0.00115	0.01329	0.00371	0.00327	0.00562
20	0.00757	0.13638	0.29650	0.00882	0.05195	0.05261	0.06450	0.01022	0.01551	0.01211	0.25960	0.02470	0.03448	0.00493	0.00371	0.00111	0.00406	0.00418	0.00247	0.00462
21	0.00691	0.00644	0.01072	0.73160	0.07300	0.00781	0.00971	0.00921	0.00751	0.00967	0.00865	0.05185	0.04312	0.00432	0.00379	0.00124	0.00465	0.00385	0.00183	0.00413
22	0.00691	0.00629	0.01000	0.65968	0.02128	0.00768	0.00898	0.00991	0.08506	0.01000	0.00880	0.08669	0.00752	0.00582	0.04886	0.00151	0.00478	0.00406	0.00203	0.00415
23	0.00770	0.00733	0.04864	0.05653	0.27524	0.04089	0.00729	0.01049	0.09361	0.03597	0.21806	0.01872	0.11470	0.01343	0.00412	0.00120	0.00340	0.03510	0.00290	0.00468
24	0.00530	0.00455	0.00653	0.19131	0.01043	0.00458	0.04438	0.00664	0.00787	0.00994	0.03076	0.27649	0.32450	0.00856	0.00439	0.00135	0.00292	0.05310	0.00298	0.00342
25	0.00622	0.00446	0.00605	0.00674	0.00763	0.00449	0.00577	0.04718	0.00882	0.01153	0.01922	0.12703	0.02097	0.01012	0.00502	0.00166	0.00332	0.69682	0.00344	0.00351
26	0.01390	0.01037	0.01080	0.00843	0.01128	0.04963	0.00690	0.70177	0.07178	0.06301	0.00946	0.00932	0.00672	0.00447	0.00370	0.00112	0.00408	0.00337	0.00368	0.00619
27	0.01592	0.00749	0.00934	0.00716	0.01006	0.00720	0.00592	0.25360	0.01259	0.61067	0.01299	0.01156	0.00836	0.00455	0.00373	0.00114	0.00343	0.00362	0.00434	0.00632
28	0.05823	0.00718	0.00889	0.08606	0.05491	0.00681	0.00588	0.06729	0.03120	0.04066	0.00705	0.00834	0.00567	0.00348	0.00383	0.00085	0.07958	0.00263	0.00231	0.51915
29	0.00452	0.00323	0.00431	0.00517	0.00538	0.00301	0.00345	0.00517	0.00711	0.00948	0.02046	0.86713	0.02455	0.01163	0.00474	0.00151	0.00215	0.01055	0.00345	0.00301
30	0.01353	0.01012	0.01064	0.00828	0.01109	0.02942	0.00680	0.73636	0.06039	0.02224	0.00931	0.00934	0.00669	0.00447	0.00366	0.00111	0.00398	0.00337	0.04309	0.00612
31	0.00895	0.04804	0.09642	0.06118	0.68888	0.00903	0.01134	0.01132	0.00830	0.01181	0.00685	0.00895	0.00567	0.00334	0.00360	0.00110	0.00452	0.00319	0.00179	0.00571
32	0.00841	0.16615	0.62165	0.01030	0.05857	0.00953	0.01192	0.01193	0.00795	0.05115	0.00680	0.00781	0.00499	0.00350	0.00335	0.00110	0.00505	0.00269	0.00173	0.00542
33	0.00452	0.00323	0.00431	0.00517	0.00538	0.00301	0.00345	0.00517	0.00711	0.00948	0.02046	0.86713	0.02455	0.01163	0.00474	0.00151	0.00215	0.01055	0.00345	0.00301
34	0.00734	0.00693	0.01173	0.73396	0.14966	0.00833	0.01047	0.00977	0.00758	0.00988	0.00666	0.00979	0.00509	0.00365	0.00371	0.00122	0.00487	0.00330	0.00168	0.00439
35	0.05572	0.02101	0.37083	0.01094	0.12557	0.00873	0.02622	0.16069	0.02601	0.14635	0.00846	0.00902	0.00597	0.00385	0.00356	0.00115	0.00454	0.00310	0.00255	0.00574
36	0.00874	0.01259	0.29871	0.01601	0.33635	0.00900	0.16543	0.04839	0.04565	0.01261	0.00742	0.00908	0.00570	0.00348	0.00376	0.00116	0.00504	0.00336	0.00192	0.00560
37	0.00597	0.00497	0.00723	0.00687	0.00735	0.00624	0.00545	0.00713	0.00595	0.00874	0.00918	0.05361	0.00891	0.02174	0.60422	0.00467	0.22221	0.00411	0.00197	0.00349
38	0.40940	0.01158	0.00826	0.00785	0.05127	0.35111	0.00580	0.06044	0.00886	0.01351	0.00691	0.00773	0.03576	0.00387	0.00295	0.00107	0.00453	0.00252	0.00224	0.00433
39	0.00588	0.00410	0.00476	0.00450	0.00548	0.00382	0.00324	0.00744	0.05153	0.05871	0.31863	0.02772	0.27480	0.19602	0.00747	0.00173	0.00233	0.00644	0.01201	0.00340
40	0.00782	0.00748	0.01243	0.57213	0.29692	0.01970	0.01063	0.01019	0.00780	0.01035	0.00671	0.00962	0.00525	0.00358	0.00369	0.00119	0.00479	0.00329	0.00172	0.00471
41	0.01344	0.00910	0.01044	0.08771	0.01230	0.00993	0.00697	0.53867	0.09127	0.16616	0.01027	0.01011	0.00715	0.00446	0.00372	0.00114	0.00390	0.00349	0.00368	0.00607
42	0.00469	0.00359	0.00403	0.00427	0.00496	0.00323	0.00294	0.00538	0.00747	0.00938	0.04253	0.25433	0.41360	0.19779	0.00766	0.00184	0.00236	0.02382	0.00320	0.00292
43	0.00811	0.00658	0.00774	0.00555	0.00883	0.00497	0.00445	0.00975	0.00783	0.05038	0.00697	0.00792	0.00567	0.00283	0.00279	0.00058	0.00277	0.00227	0.00231	0.85171
44	0.00461	0.00374	0.00409	0.00406	0.00517	0.00322	0.00302	0.00575	0.00892	0.01124	0.24184	0.07369	0.59959	0.00905	0.00440	0.00124	0.00186	0.00768	0.00361	0.00322
45	0.00810	0.00730	0.01077	0.67035	0.02204	0.05303	0.00943	0.04669	0.00821	0.04753	0.03803	0.01039	0.00630	0.00406	0.00409	0.00123	0.04277	0.00340	0.00198	0.00430
46	0.00860	0.00789	0.01233	0.11054	0.43802	0.00804	0.04124	0.04780	0.09285	0.01288	0.08260	0.01157	0.01864	0.00397	0.00370	0.00110	0.00396	0.00369	0.00235	0.08822
47	0.20468	0.47527	0.05301	0.00776	0.04723	0.09516	0.05023	0.01152	0.00768	0.01096	0.00549	0.00649	0.00469	0.00332	0.00267	0.00094	0.00421	0.00225	0.00180	0.00465
48	0.00992	0.87178	0.01945	0.00635	0.00953	0.01469	0.00635	0.01111	0.00754	0.00873	0.00516	0.00595	0.00476	0.00318	0.00238	0.00079	0.00397	0.00198	0.00159	0.00476
49	0.00714	0.01413	0.53680	0.00903	0.01302	0.00753	0.03620	0.01133	0.09836	0.01195	0.05552	0.01437	0.08287	0.04306	0.00446	0.00133	0.00454	0.04119	0.00223	0.00496
50	0.00520	0.00379	0.00489	0.00462	0.00551	0.00348	0.00346	0.00691	0.01039	0.01460	0.79726	0.02819	0.08238	0.00769	0.00438	0.00117	0.00176	0.00678	0.00405	0.00348
51	0.00701	0.00610	0.01513	0.05158	0.19694	0.00625	0.02416	0.01048	0.18577	0.01202	0.07796	0.25457	0.04104	0.00721	0.00423	0.00133	0.00317	0.08753	0.00306	0.00447
52	0.00488	0.00378	0.00445	0.00428	0.00532	0.00334	0.00321	0.00629	0.00963	0.01281	0.50023	0.03114	0.38052	0.00836	0.00438	0.00120	0.00181	0.00719	0.00381	0.00334
53	0.00670	0.00522	0.00694	0.04749	0.06270	0.00549	0.00507	0.00936	0.10828	0.04710	0.45718	0.05335	0.07987	0.00687	0.00491	0.00124	0.07881	0.00582	0.00352	0.00409
54	0.05122	0.00737	0.01064	0.54011	0.06053	0.00871	0.00893	0.16462	0.04629	0.01309	0.04729	0.01052	0.00692	0.00406	0.00368	0.00120	0.00442	0.00345	0.00229	0.00466
55	0.89577	0.00718	0.00546	0.00488	0.00718	0.00833	0.00402	0.01091	0.00632	0.01665	0.00517	0.00603	0.00402	0.00345	0.00230	0.00115	0.00287	0.00201	0.00230	0.00402
56	0.01133	0.04134	0.05021	0.01229	0.26180	0.00933	0.00814	0.28939	0.09652	0.09084	0.00903	0.00956	0.00675	0.00394	0.00357	0.00107	0.00392	0.00327	0.00292	0.08477
57	0.00833	0.00856	0.00816	0.00894	0.12134	0.25033	0.00583	0.00937	0.00756	0.00900	0.00912	0.05807	0.00905	0.17936	0.27039	0.00308	0.02366	0.00403	0.00207	0.00374
58	0.00932	0.05026	0.02190	0.05865	0.73964	0.00898	0.01096	0.01148	0.00842	0.03495	0.00709	0.00915	0.00587	0.00336	0.00361	0.00110	0.00439	0.00325	0.00189	0.00576
59	0.73229	0.04843	0.00724	0.00683	0.08587	0.04613	0.00496	0.01114	0.00676	0.01552	0.00536	0.00635	0.00426	0.00344	0.00248	0.00112	0.00324	0.00215	0.00220	0.00424
60	0.00857	0.00807	0.01347	0.37503	0.31913	0.00884	0.09062	0.06929	0.04830	0.01194	0.00739	0.00977	0.00575	0.00362	0.00377	0.00118	0.00472	0.00345	0.00199	0.00508
61	0.00765	0.03457	0.75855	0.01023	0.01536	0.00879	0.01287	0.01246	0.08273	0.01204	0.00739	0.00834	0.00530	0.00366	0.00353	0.00118	0.00523	0.00286	0.00177	0.00551
62	0.89577	0.00718	0.00546	0.00488	0.00718	0.00833	0.00402	0.01091	0.00632	0.01665	0.00517	0.00603	0.00402	0.00345	0.00230	0.00115	0.00287	0.00201	0.00230	0.00402
63	0.00872	0.00839	0.01461	0.04466	0.67027	0.00835	0.08362	0.01097	0.00864	0.01229	0.08563	0.01102	0.00857	0.00370	0.00380	0.00113	0.00434	0.00372	0.00205	0.00553
64	0.00499	0.00378	0.00460	0.00440	0.00539	0.00339	0.00330	0.00650	0.00989	0.01343	0.60297	0.03012	0.27740	0.00813	0.00438	0.00119	0.00179	0.00705	0.00389	0.00339
65	0.00881	0.00720	0.00752	0.00685	0.00850	0.06331	0.00534	0.16504	0.25865	0.03221	0.13025	0.14832	0.05520	0.00687	0.00412	0.00128	0.00312	0.07907	0.00360	0.00475
66	0.01132	0.01039	0.08790	0.05295	0.16720	0.00995	0.13724	0.37697	0.04894	0.04733	0.00851	0.00944	0.00624	0.00395	0.00380	0.00115	0.00456	0.00349	0.00283	0.00583
67	0.00551	0.00397	0.00504	0.00470	0.00566	0.00371	0.00355	0.03086	0.01053	0.01487	0.75850	0.02718	0.07245	0.00749	0.00431	0.00116	0.00182	0.00658	0.02851	0.00356
68	0.00793	0.00756	0.00756	0.00698	0.00824	0.18168	0.02330	0.08875	0.00831	0.01035	0.01137	0.01417	0.08223	0.01841	0.50129	0.00393	0.00790	0.00394	0.00227	0.00383
69	0.00694	0.00650	0.01100	0.69878	0.02269	0.00775	0.05301	0.00928	0.00742	0.00969	0.00742	0.04809	0.00609	0.00515	0.04470	0.00145	0.00504	0.00366	0.00178	0.04357
70	0.00720	0.00614	0.00927	0.09788	0.29149	0.02457	0.00719	0.00865	0.00789	0.04175	0.05254	0.36145	0.01487	0.00716	0.00453	0.00131	0.04269	0.00643	0.00268	0.00431
71	0.00992	0.09082	0.05139	0.01761	0.55463	0.07844	0.00994	0.01266	0.07625	0.05171	0.00772	0.00916	0.00623	0.00355	0.00353	0.00108	0.00442	0.00318	0.00210	0.00565
72	0.00558	0.00402	0.00571	0.08380	0.00741	0.00447	0.00429	0.00630	0.00593	0.00814	0.01095	0.01726	0.04788	0.24252	0.42146	0.10828	0.00667	0.00437	0.00205	0.00290
73	0.01955	0.00608	0.00897	0.11009	0.19643	0.00604	0.01305	0.04595	0.00975	0.17430	0.28570	0.03734	0.04542	0.00549	0.00394	0.00116	0.00315	0.00483	0.01800	0.00476
74	0.00472	0.00377	0.00423	0.00413	0.00523	0.00327	0.00309	0.00598	0.00923	0.01190	0.35020	0.04521	0.51844	0.00873	0.00439	0.00122	0.00183	0.00744	0.00369	0.00327
75	0.00829	0.00794	0.04965	0.01640	0.01088	0.00880	0.14429	0.01107	0.11791	0.05529	0.03958	0.02436	0.00828	0.03192	0.06710	0.00177	0.34344	0.00393	0.04462	0.00447
76	0.00494	0.00375	0.00454	0.00441	0.00537	0.00336	0.00328	0.00636	0.00966	0.01303	0.54007	0.07936	0.29154	0.00840	0.00440	0.00121	0.00182	0.00729	0.00385	0.00336
77	0.00841	0.25716	0.58231	0.00936	0.01404	0.04664	0.01138	0.01171	0.00787	0.01080	0.00620	0.00726	0.00472	0.00344	0.00320	0.00106	0.00511	0.00252	0.00159	0.00523
78	0.35091	0.00713	0.00931	0.34929	0.15251	0.00822	0.00774	0.02080	0.00733	0.01289	0.00729	0.00923	0.03593	0.00376	0.00318	0.00118	0.00393	0.00297	0.00202	0.00436
79	0.00594	0.00390	0.00464	0.00445	0.00538	0.00373	0.00333	0.03790	0.00961	0.01417	0.46387	0.08868	0.07895	0.00699	0.00388	0.00111	0.00187	0.00605	0.25201	0.00353
80	0.00850	0.00774	0.05367	0.00783	0.00976	0.00783	0.08586	0.14749	0.23557	0.02114	0.10527	0.05333	0.04952	0.08754	0.03757	0.00165	0.06710	0.00475	0.00311	0.00476
81	0.00761	0.00837	0.08571	0.39306	0.23940	0.04515	0.00968	0.00995	0.00822	0.01091	0.08716	0.01260	0.05806	0.00430	0.00377	0.00118	0.00445	0.00380	0.00204	0.00460
82	0.00875	0.18629	0.44662	0.00921	0.01338	0.00985	0.04784	0.01345	0.16863	0.04895	0.00839	0.00893	0.00624	0.00378	0.00339	0.00112	0.00462	0.00299	0.00215	0.00543

[dist]
# distance from previous block
# <min> <max>
3	5

[block]
# block no. 1 follows, 74 sequences, length 24
# corresponding to MSA columns:
# 160-183
name=unknown_B
#
# <colnr> <probs for GDERKNQSTAVLIFYWHMCP>
#	G	D	E	R	K	N	Q	S	T	A	V	L	I	F	Y	W	H	M	C	P
0	0.06076	0.00940	0.11399	0.01081	0.05177	0.00773	0.28200	0.03033	0.04326	0.33611	0.01035	0.01064	0.00706	0.00387	0.00384	0.00119	0.00452	0.00373	0.00302	0.00562
1	0.01172	0.00973	0.01027	0.00976	0.11023	0.10152	0.00697	0.31980	0.25925	0.06016	0.05386	0.01134	0.00922	0.00459	0.00372	0.00114	0.00390	0.00368	0.00338	0.00577
2	0.00776	0.00485	0.00650	0.05041	0.05090	0.00458	0.00464	0.02704	0.02146	0.16643	0.47466	0.02351	0.12886	0.00675	0.00417	0.00118	0.00239	0.00585	0.00384	0.00422
3	0.00865	0.00834	0.00849	0.00673	0.00936	0.15062	0.03815	0.04688	0.00851	0.01165	0.00809	0.09051	0.00744	0.00518	0.04740	0.00105	0.00394	0.00326	0.00231	0.53342
4	0.00684	0.06825	0.00652	0.00577	0.04466	0.00480	0.00414	0.00817	0.02756	0.11099	0.13675	0.17701	0.28071	0.04779	0.05178	0.00160	0.00288	0.00664	0.00334	0.00382
5	0.45393	0.01807	0.00646	0.00567	0.00765	0.13457	0.00438	0.01019	0.00720	0.01323	0.00782	0.11557	0.00757	0.06336	0.00396	0.00124	0.00340	0.00340	0.00236	0.12999
6	0.00459	0.00371	0.00403	0.00406	0.00510	0.00321	0.00297	0.00561	0.00858	0.01072	0.17749	0.10724	0.59573	0.04420	0.00501	0.00136	0.00195	0.00778	0.00351	0.00315
7	0.00922	0.06752	0.01124	0.00898	0.00971	0.09712	0.00744	0.04615	0.00706	0.04537	0.00601	0.00861	0.00548	0.00765	0.08207	0.00183	0.56921	0.00316	0.00190	0.00426
8	0.00837	0.00661	0.00778	0.00562	0.00886	0.00507	0.00451	0.01019	0.02539	0.07235	0.00735	0.00818	0.00589	0.00293	0.00284	0.00061	0.00278	0.00235	0.00240	0.80990
9	0.01362	0.00992	0.01062	0.00819	0.01102	0.01096	0.00675	0.77786	0.01679	0.02274	0.00913	0.00925	0.00653	0.00445	0.00364	0.00110	0.00392	0.00335	0.06403	0.00612
10	0.01141	0.01263	0.01223	0.01516	0.38728	0.39168	0.00883	0.04975	0.00976	0.01134	0.00677	0.00829	0.00559	0.00365	0.00347	0.00102	0.00529	0.00290	0.04789	0.00506
11	0.00502	0.00357	0.00468	0.00483	0.00545	0.00332	0.00346	0.00635	0.00916	0.01282	0.51387	0.34358	0.03046	0.00903	0.00447	0.00129	0.00190	0.00808	0.02534	0.00332
12	0.00661	0.00638	0.08221	0.04511	0.00849	0.00557	0.01274	0.05249	0.14878	0.01439	0.46328	0.05619	0.06949	0.00668	0.00415	0.00120	0.00262	0.00580	0.00360	0.00422
13	0.00446	0.00373	0.00388	0.00392	0.00508	0.00315	0.00291	0.00543	0.00851	0.01032	0.09149	0.09175	0.73382	0.00943	0.00441	0.00126	0.00189	0.00794	0.00349	0.00315
14	0.00848	0.00729	0.00810	0.00790	0.06175	0.01923	0.00572	0.03243	0.57939	0.01502	0.15775	0.01674	0.05299	0.00554	0.00389	0.00123	0.00285	0.00470	0.00367	0.00533
15	0.01031	0.00942	0.01348	0.06192	0.54787	0.05141	0.00995	0.17982	0.05403	0.01432	0.00772	0.00929	0.00615	0.00368	0.00367	0.00111	0.00441	0.00332	0.00232	0.00580
16	0.00474	0.00340	0.00426	0.00483	0.00513	0.00317	0.00316	0.00529	0.00688	0.00909	0.01986	0.61339	0.08916	0.18755	0.00759	0.00190	0.00244	0.00915	0.00318	0.01583
17	0.01115	0.01002	0.01188	0.01377	0.32196	0.16313	0.00843	0.13490	0.00984	0.09634	0.00778	0.00962	0.00632	0.03993	0.02227	0.00135	0.12039	0.00328	0.00240	0.00526
18	0.00482	0.00346	0.00464	0.00546	0.00584	0.00328	0.00394	0.00571	0.00749	0.00991	0.03447	0.66701	0.04513	0.01123	0.00480	0.00154	0.00239	0.17235	0.00345	0.00311
19	0.00940	0.64605	0.17661	0.00724	0.01078	0.01313	0.00772	0.01187	0.06890	0.00981	0.00618	0.00689	0.00524	0.00338	0.00270	0.00090	0.00418	0.00229	0.00175	0.00498
20	0.00986	0.05483	0.06038	0.01820	0.57083	0.10119	0.01032	0.01186	0.00848	0.04534	0.00689	0.00874	0.00570	0.00366	0.00419	0.00111	0.06787	0.00312	0.00191	0.00551
21	0.16673	0.54693	0.01519	0.00737	0.07059	0.05016	0.00614	0.03190	0.00766	0.01069	0.00578	0.00733	0.00524	0.05112	0.00345	0.00105	0.00391	0.00233	0.00184	0.00459
22	0.07248	0.00664	0.01071	0.79759	0.02421	0.00825	0.00985	0.00959	0.00734	0.01001	0.00649	0.00961	0.00488	0.00369	0.00361	0.00123	0.00480	0.00320	0.00170	0.00412
23	0.00871	0.10865	0.23337	0.12780	0.23851	0.05268	0.02356	0.01140	0.02857	0.04930	0.00917	0.03202	0.05233	0.00408	0.00356	0.00112	0.00457	0.00345	0.00202	0.00511

[dist]
# distance from previous block
# <min> <max>
0	2

[block]
# block no. 2 follows, 74 sequences, length 9
# corresponding to MSA columns:
# 186-194
name=unknown_C
#
# <colnr> <probs for GDERKNQSTAVLIFYWHMCP>
#	G	D	E	R	K	N	Q	S	T	A	V	L	I	F	Y	W	H	M	C	P
0	0.01274	0.06761	0.09699	0.05690	0.14459	0.07207	0.02759	0.10239	0.02589	0.34096	0.01009	0.01011	0.00699	0.00404	0.00360	0.00111	0.00418	0.00330	0.00311	0.00575
1	0.00588	0.00486	0.00614	0.00669	0.07646	0.00463	0.02540	0.05902	0.04752	0.01129	0.02596	0.23427	0.40272	0.00882	0.00439	0.00133	0.00257	0.06502	0.00330	0.00373
2	0.00478	0.00377	0.00481	0.00583	0.05926	0.00343	0.00375	0.00562	0.00765	0.00983	0.02534	0.53354	0.29814	0.01035	0.00455	0.00140	0.00221	0.00918	0.00334	0.00324
3	0.00924	0.07089	0.44934	0.01047	0.05434	0.09596	0.07893	0.01269	0.04732	0.08494	0.02401	0.03088	0.00664	0.00394	0.00359	0.00114	0.00504	0.00325	0.00211	0.00529
4	0.00762	0.00697	0.01133	0.65946	0.12972	0.00829	0.00993	0.06149	0.00817	0.01070	0.00743	0.04913	0.00606	0.00407	0.00375	0.00122	0.00470	0.00364	0.00189	0.00444
5	0.00814	0.00748	0.01181	0.06092	0.54100	0.00749	0.00901	0.05119	0.00891	0.01216	0.03414	0.01621	0.17480	0.00497	0.00389	0.00116	0.00381	0.03544	0.00236	0.00511
6	0.22106	0.06838	0.06522	0.01269	0.32376	0.03128	0.00805	0.08629	0.00900	0.09566	0.03999	0.00910	0.00676	0.00376	0.00328	0.00110	0.00389	0.00302	0.00244	0.00528
7	0.21427	0.04914	0.09495	0.12420	0.10479	0.05205	0.00736	0.02492	0.03887	0.20018	0.04867	0.00997	0.00745	0.00401	0.00332	0.00114	0.00387	0.00313	0.00271	0.00503
8	0.28624	0.00850	0.00982	0.06390	0.18407	0.09282	0.03650	0.04656	0.00883	0.19549	0.02852	0.00922	0.00657	0.00385	0.00327	0.00113	0.00391	0.00303	0.00271	0.00506

[dist]
# distance from previous block
# <min> <max>
0	23

# created by:
# /home/cegg/simao/soft/augustus-3.2.1/scripts/msa2prfl.pl ./align_prep/EOG092C5U93.fa
