[name]
unknown

[dist]
# distance from previous block
# <min> <max>
11	168

[block]
# block no. 0 follows, 63 sequences, length 20
# corresponding to MSA columns:
# 406-425
name=unknown_A
#
# <colnr> <probs for GDERKNQSTAVLIFYWHMCP>
#	G	D	E	R	K	N	Q	S	T	A	V	L	I	F	Y	W	H	M	C	P
0	0.01004	0.00614	0.00728	0.00653	0.00834	0.00609	0.00504	0.06948	0.15413	0.18508	0.17555	0.14818	0.11628	0.00784	0.00456	0.00138	0.00284	0.01496	0.06505	0.00519
1	0.01003	0.00818	0.00910	0.00795	0.00944	0.06363	0.00622	0.24258	0.01846	0.02387	0.03184	0.04443	0.05537	0.11131	0.23748	0.00319	0.10421	0.00483	0.00306	0.00482
2	0.02314	0.00656	0.10210	0.00674	0.00807	0.00533	0.00569	0.02671	0.03767	0.03060	0.01375	0.18674	0.03211	0.04239	0.17852	0.20948	0.00515	0.02439	0.05110	0.00376
3	0.00687	0.00483	0.00583	0.00543	0.00664	0.00442	0.00391	0.00829	0.04747	0.04341	0.20714	0.10526	0.17794	0.13850	0.02232	0.09299	0.00296	0.00672	0.00352	0.10552
4	0.00627	0.00475	0.00578	0.00575	0.00678	0.00466	0.00428	0.00879	0.10406	0.01370	0.31508	0.15868	0.17823	0.03804	0.04555	0.03857	0.00292	0.05017	0.00400	0.00396
5	0.11063	0.00823	0.01280	0.54368	0.19376	0.00962	0.01097	0.03939	0.00890	0.01287	0.00747	0.01049	0.00576	0.00410	0.00401	0.00135	0.00517	0.00357	0.00208	0.00516
6	0.05497	0.03347	0.05128	0.00676	0.00802	0.02112	0.00548	0.03413	0.02307	0.02687	0.04505	0.05560	0.01165	0.08959	0.40797	0.10633	0.00747	0.00470	0.00254	0.00390
7	0.00828	0.00777	0.01322	0.51821	0.21808	0.00885	0.03992	0.01079	0.00870	0.01156	0.00944	0.10874	0.00847	0.00511	0.00436	0.00140	0.00514	0.00474	0.00217	0.00504
8	0.10863	0.00516	0.00642	0.00612	0.00711	0.00566	0.00465	0.00839	0.00808	0.03849	0.16592	0.04276	0.07744	0.12623	0.31643	0.00375	0.05638	0.00550	0.00302	0.00387
9	0.00536	0.00373	0.00491	0.00574	0.00596	0.00353	0.00380	0.00594	0.00777	0.01035	0.02141	0.70440	0.02551	0.11100	0.00765	0.03397	0.00271	0.02933	0.00367	0.00327
10	0.01295	0.01342	0.01057	0.00925	0.01152	0.34620	0.00718	0.18300	0.17837	0.01529	0.01373	0.01389	0.10290	0.00632	0.02629	0.00141	0.03481	0.00415	0.00322	0.00552
11	0.17044	0.05006	0.01213	0.13128	0.08186	0.05617	0.10590	0.04956	0.03740	0.05930	0.04319	0.01635	0.01914	0.00541	0.00413	0.00137	0.00462	0.11555	0.00287	0.03327
12	0.00616	0.00440	0.00661	0.00661	0.00727	0.00507	0.00507	0.00727	0.00661	0.00947	0.01080	0.01608	0.01014	0.02956	0.74011	0.10828	0.01037	0.00440	0.00220	0.00353
13	0.01263	0.01051	0.06086	0.01236	0.17922	0.04139	0.00865	0.30437	0.09225	0.09641	0.01246	0.10964	0.01053	0.00586	0.00435	0.00134	0.00441	0.02279	0.00360	0.00635
14	0.00865	0.00864	0.03111	0.34079	0.16309	0.03834	0.09102	0.01150	0.05412	0.01182	0.01017	0.10955	0.00931	0.04572	0.00569	0.00155	0.04663	0.00494	0.00234	0.00503
15	0.00634	0.04085	0.00629	0.00623	0.00689	0.02353	0.00438	0.04575	0.03097	0.01180	0.05026	0.68274	0.02509	0.03091	0.00548	0.00167	0.00279	0.01045	0.00379	0.00380
16	0.00955	0.00855	0.01128	0.10577	0.11568	0.02832	0.05108	0.05979	0.12782	0.01466	0.04727	0.03083	0.00926	0.00435	0.00386	0.00106	0.00401	0.00379	0.00283	0.36022
17	0.02735	0.06664	0.18437	0.00973	0.07337	0.00856	0.02764	0.06191	0.00959	0.05181	0.02424	0.00959	0.00687	0.00395	0.00408	0.00102	0.04680	0.00308	0.00250	0.37692
18	0.01040	0.18226	0.34085	0.01042	0.06062	0.01019	0.03017	0.03551	0.04382	0.10127	0.02837	0.04202	0.00809	0.00451	0.00382	0.00120	0.00488	0.00362	0.00255	0.07544
19	0.00933	0.08830	0.02682	0.02479	0.07765	0.02406	0.02548	0.03117	0.03130	0.02342	0.02467	0.01118	0.03370	0.03406	0.00408	0.00097	0.00372	0.00322	0.00256	0.51952

[dist]
# distance from previous block
# <min> <max>
15	51

[block]
# block no. 1 follows, 63 sequences, length 48
# corresponding to MSA columns:
# 482-510,515-533
name=unknown_B
#
# <colnr> <probs for GDERKNQSTAVLIFYWHMCP>
#	G	D	E	R	K	N	Q	S	T	A	V	L	I	F	Y	W	H	M	C	P
0	0.15483	0.24925	0.15007	0.04122	0.08500	0.03862	0.05320	0.07153	0.00957	0.03460	0.00724	0.00847	0.00574	0.00388	0.00342	0.00114	0.00479	0.00293	0.00230	0.07220
1	0.02872	0.09878	0.07293	0.05464	0.06318	0.08758	0.10299	0.18384	0.02658	0.07522	0.02002	0.01176	0.04224	0.00459	0.00399	0.00119	0.00493	0.01156	0.00293	0.10234
2	0.00962	0.07447	0.09932	0.10426	0.32184	0.00979	0.02046	0.06108	0.00963	0.01341	0.01046	0.01263	0.06884	0.00471	0.00469	0.00125	0.06232	0.01546	0.00233	0.09344
3	0.04676	0.03552	0.03340	0.08094	0.09148	0.09601	0.00770	0.18139	0.08308	0.04120	0.01089	0.01164	0.05125	0.00457	0.00384	0.00112	0.00441	0.00361	0.00301	0.20819
4	0.40031	0.00898	0.02068	0.05382	0.05497	0.02276	0.00643	0.17077	0.06011	0.05339	0.00888	0.02477	0.00716	0.05906	0.00474	0.00148	0.01689	0.00343	0.00305	0.01832
5	0.00694	0.00491	0.00569	0.00561	0.00634	0.00486	0.00377	0.07217	0.03596	0.02541	0.01885	0.27690	0.09592	0.36911	0.02298	0.00267	0.00347	0.00777	0.00332	0.02736
6	0.07446	0.01055	0.01214	0.00983	0.02376	0.04778	0.04051	0.37808	0.05890	0.14376	0.01016	0.01061	0.00739	0.00531	0.00573	0.00137	0.14589	0.00378	0.00365	0.00635
7	0.01581	0.01680	0.01219	0.01038	0.01301	0.51372	0.00807	0.32784	0.01498	0.01663	0.00790	0.00856	0.00609	0.00461	0.00395	0.00115	0.00643	0.00313	0.00296	0.00576
8	0.00601	0.00450	0.00676	0.00676	0.00751	0.00525	0.00525	0.00751	0.00676	0.00976	0.01126	0.01651	0.01051	0.03153	0.83560	0.00676	0.01126	0.00450	0.00225	0.00375
9	0.00519	0.00369	0.00486	0.00576	0.00599	0.00346	0.00381	0.00587	0.00791	0.01055	0.02247	0.79169	0.02692	0.07220	0.00649	0.00187	0.00255	0.01154	0.00381	0.00335
10	0.01102	0.79125	0.08369	0.00756	0.01135	0.01611	0.00783	0.01264	0.00857	0.01015	0.00597	0.00691	0.00539	0.00363	0.00280	0.00093	0.00463	0.00231	0.00180	0.00546
11	0.00904	0.10273	0.58968	0.01326	0.07953	0.01057	0.11129	0.01323	0.00902	0.01302	0.00752	0.00908	0.00556	0.00388	0.00399	0.00129	0.00605	0.00330	0.00184	0.00610
12	0.00611	0.00408	0.00458	0.00458	0.00458	0.00408	0.00255	0.00611	0.00611	0.00815	0.01325	0.02751	0.01528	0.85226	0.02140	0.00408	0.00408	0.00611	0.00255	0.00255
13	0.00512	0.00366	0.00488	0.00585	0.00610	0.00341	0.00390	0.00585	0.00805	0.01073	0.02317	0.84952	0.02780	0.01317	0.00537	0.00171	0.00244	0.01195	0.00390	0.00341
14	0.01402	0.01127	0.03737	0.07409	0.01525	0.01184	0.11216	0.56303	0.03518	0.04431	0.01031	0.03341	0.00766	0.00500	0.00433	0.00131	0.00495	0.00417	0.00371	0.00663
15	0.08469	0.00723	0.00948	0.00733	0.01053	0.00643	0.00605	0.01987	0.01166	0.76716	0.01577	0.01374	0.00996	0.00510	0.00410	0.00130	0.00355	0.00408	0.00500	0.00696
16	0.00510	0.00426	0.00445	0.00440	0.00576	0.00361	0.00330	0.00630	0.00990	0.01212	0.15132	0.03920	0.71512	0.01036	0.00497	0.00141	0.00211	0.00870	0.00400	0.00361
17	0.01007	0.00956	0.01618	0.20392	0.58979	0.00999	0.04038	0.04513	0.00975	0.01359	0.00792	0.01060	0.00644	0.00389	0.00420	0.00129	0.00519	0.00379	0.00212	0.00621
18	0.00542	0.00428	0.00489	0.00474	0.00596	0.00374	0.00355	0.00691	0.01065	0.01390	0.40428	0.03626	0.46105	0.00970	0.00496	0.00137	0.00206	0.00828	0.00424	0.00374
19	0.00611	0.00408	0.00458	0.00458	0.00458	0.00408	0.00255	0.00611	0.00611	0.00815	0.01325	0.02751	0.01528	0.85226	0.02140	0.00408	0.00408	0.00611	0.00255	0.00255
20	0.88196	0.00813	0.00618	0.00553	0.00813	0.00943	0.00455	0.01236	0.00715	0.01886	0.00585	0.00683	0.00455	0.00390	0.00260	0.00130	0.00325	0.00228	0.00260	0.00455
21	0.00603	0.00442	0.00632	0.00632	0.00692	0.00502	0.00471	0.00723	0.00663	0.00943	0.01166	0.01874	0.01147	0.19736	0.67109	0.00621	0.00981	0.00483	0.00231	0.00351
22	0.00512	0.00366	0.00488	0.00585	0.00610	0.00341	0.00390	0.00585	0.00805	0.01073	0.02317	0.84952	0.02780	0.01317	0.00537	0.00171	0.00244	0.01195	0.00390	0.00341
23	0.00865	0.08612	0.76800	0.01161	0.01762	0.01029	0.01489	0.01326	0.00885	0.01305	0.00741	0.00871	0.00533	0.00396	0.00389	0.00130	0.00608	0.00304	0.00178	0.00615
24	0.04004	0.00901	0.01506	0.32185	0.50763	0.00973	0.01216	0.01210	0.00906	0.01283	0.00768	0.01057	0.00620	0.00392	0.00412	0.00131	0.00515	0.00369	0.00202	0.00586
25	0.00970	0.00771	0.00917	0.00668	0.01029	0.00616	0.01638	0.06590	0.00965	0.05877	0.00852	0.02848	0.00701	0.00360	0.00333	0.00074	0.00328	0.00293	0.00278	0.73891
26	0.00593	0.00430	0.00559	0.00527	0.00627	0.00396	0.00395	0.00789	0.01185	0.01675	0.80814	0.03158	0.05541	0.00864	0.00496	0.00132	0.00199	0.00763	0.00461	0.00396
27	0.00611	0.00408	0.00458	0.00458	0.00458	0.00408	0.00255	0.00611	0.00611	0.00815	0.01325	0.02751	0.01528	0.85226	0.02140	0.00408	0.00408	0.00611	0.00255	0.00255
28	0.00982	0.01026	0.01247	0.01078	0.01107	0.10823	0.00886	0.01080	0.00730	0.01041	0.03910	0.00992	0.00690	0.00706	0.01227	0.00173	0.71271	0.00373	0.00199	0.00460
29	0.00943	0.08743	0.68813	0.01134	0.01707	0.01050	0.01412	0.07431	0.00974	0.02917	0.00777	0.00890	0.00556	0.00406	0.00391	0.00129	0.00591	0.00311	0.00203	0.00624
30	0.00512	0.00366	0.00488	0.00585	0.00610	0.00341	0.00390	0.00585	0.00805	0.01073	0.02317	0.84952	0.02780	0.01317	0.00537	0.00171	0.00244	0.01195	0.00390	0.00341
31	0.01204	0.00822	0.00916	0.00797	0.01048	0.00891	0.00628	0.02065	0.56422	0.21082	0.01893	0.01725	0.07415	0.00596	0.00432	0.00140	0.00330	0.00494	0.00447	0.00654
32	0.00878	0.00833	0.01412	0.56487	0.29970	0.00956	0.01209	0.01147	0.00880	0.01176	0.00762	0.01093	0.00596	0.00405	0.00419	0.00135	0.00540	0.00374	0.00194	0.00535
33	0.01308	0.01281	0.01198	0.01017	0.01207	0.23940	0.00814	0.25490	0.10213	0.01592	0.00862	0.00995	0.00694	0.00634	0.03074	0.00155	0.24310	0.00359	0.00293	0.00565
34	0.00619	0.00450	0.00605	0.00691	0.00776	0.00436	0.00570	0.00775	0.00930	0.01202	0.02485	0.22839	0.11876	0.01185	0.00561	0.00182	0.00334	0.52723	0.00388	0.00373
35	0.00985	0.01056	0.04268	0.08145	0.20887	0.01021	0.40802	0.01428	0.12462	0.01388	0.00977	0.01243	0.00765	0.00413	0.00461	0.00139	0.00585	0.02138	0.00243	0.00594
36	0.01045	0.00905	0.00970	0.00899	0.03140	0.01044	0.00681	0.02210	0.79813	0.01749	0.01688	0.01555	0.01268	0.00565	0.00427	0.00142	0.00337	0.00473	0.00422	0.00665
37	0.00882	0.00933	0.03366	0.44341	0.04325	0.00976	0.34493	0.01185	0.00900	0.01191	0.00791	0.01124	0.00599	0.00416	0.00481	0.02250	0.00617	0.00423	0.00198	0.00509
38	0.00955	0.00911	0.01551	0.30962	0.54892	0.00976	0.01247	0.01215	0.00917	0.01269	0.00776	0.01068	0.00629	0.00390	0.00418	0.00130	0.00521	0.00374	0.00201	0.00597
39	0.00523	0.00374	0.00499	0.00584	0.00617	0.00350	0.00397	0.00611	0.00845	0.01135	0.09900	0.75546	0.02885	0.01270	0.00534	0.00168	0.00243	0.02775	0.00397	0.00348
40	0.00893	0.08757	0.04135	0.00671	0.00892	0.02147	0.02123	0.17519	0.01164	0.04808	0.06508	0.10266	0.34908	0.01941	0.00477	0.00139	0.00335	0.01471	0.00369	0.00479
41	0.01480	0.07507	0.16672	0.02467	0.01313	0.00843	0.04864	0.05061	0.02967	0.45943	0.01269	0.01206	0.00845	0.00472	0.00425	0.00127	0.02056	0.00381	0.00386	0.03717
42	0.71712	0.08159	0.06467	0.00630	0.00922	0.03900	0.00566	0.01260	0.00756	0.01741	0.00599	0.00699	0.00471	0.00390	0.00275	0.00126	0.00371	0.00235	0.00246	0.00475
43	0.00937	0.21047	0.61379	0.01085	0.01630	0.04508	0.01334	0.01329	0.00892	0.01241	0.00712	0.00834	0.00534	0.00392	0.00369	0.00122	0.00588	0.00290	0.00180	0.00597
44	0.00871	0.00756	0.03140	0.00720	0.00922	0.00774	0.00575	0.09402	0.36240	0.01617	0.10477	0.08670	0.20650	0.00775	0.00461	0.00143	0.00307	0.02551	0.00411	0.00537
45	0.00526	0.00386	0.00490	0.00561	0.00611	0.00356	0.00388	0.00613	0.00846	0.01108	0.06079	0.60392	0.15636	0.05023	0.00603	0.00176	0.00252	0.05220	0.00387	0.00345
46	0.00932	0.02764	0.00826	0.00743	0.00889	0.13716	0.00568	0.14819	0.01066	0.01363	0.01614	0.25948	0.07616	0.01186	0.13091	0.00220	0.02924	0.02100	0.05062	0.02552
47	0.00514	0.00373	0.00486	0.00571	0.00607	0.00345	0.00385	0.00595	0.00832	0.01102	0.05643	0.75533	0.08903	0.01280	0.00532	0.00167	0.00240	0.01154	0.00393	0.00345

[dist]
# distance from previous block
# <min> <max>
0	3

[block]
# block no. 2 follows, 63 sequences, length 25
# corresponding to MSA columns:
# 537,540-563
name=unknown_C
#
# <colnr> <probs for GDERKNQSTAVLIFYWHMCP>
#	G	D	E	R	K	N	Q	S	T	A	V	L	I	F	Y	W	H	M	C	P
0	0.05806	0.49277	0.24305	0.00875	0.01288	0.04903	0.00946	0.04670	0.00914	0.01204	0.00651	0.00756	0.00541	0.00388	0.00336	0.00108	0.02014	0.00260	0.00195	0.00561
1	0.01053	0.18243	0.38728	0.03293	0.01639	0.05201	0.11430	0.09055	0.03238	0.03160	0.00798	0.00919	0.00598	0.00405	0.00389	0.00124	0.00575	0.00331	0.00222	0.00600
2	0.01156	0.21918	0.29279	0.03080	0.07209	0.01179	0.04154	0.15844	0.02940	0.08147	0.00861	0.00943	0.00640	0.00420	0.00380	0.00121	0.00516	0.00328	0.00259	0.00624
3	0.00894	0.00788	0.01201	0.05638	0.36155	0.00798	0.03440	0.07787	0.04475	0.01422	0.07501	0.12278	0.10297	0.02970	0.00501	0.00145	0.00408	0.02457	0.00302	0.00544
4	0.60138	0.00966	0.00823	0.00692	0.00972	0.04565	0.00567	0.23754	0.01091	0.02064	0.00707	0.00778	0.00532	0.00424	0.00310	0.00128	0.00382	0.00272	0.00303	0.00530
5	0.00608	0.00406	0.00460	0.00463	0.00464	0.00405	0.00260	0.00610	0.00619	0.00825	0.01362	0.05842	0.01575	0.82072	0.02079	0.00399	0.00401	0.00633	0.00260	0.00258
6	0.01028	0.00600	0.00723	0.00638	0.00812	0.00621	0.00505	0.12705	0.03881	0.15802	0.01553	0.01694	0.07835	0.01308	0.24126	0.00278	0.00535	0.00456	0.24403	0.00497
7	0.00547	0.00411	0.00445	0.00465	0.00575	0.00362	0.00342	0.00665	0.00926	0.01205	0.06189	0.19499	0.50827	0.01030	0.00479	0.00143	0.00221	0.02942	0.12367	0.00360
8	0.00591	0.00427	0.00559	0.00531	0.00627	0.00394	0.00396	0.00784	0.01173	0.01658	0.78759	0.06842	0.03913	0.00880	0.00498	0.00134	0.00200	0.00780	0.00459	0.00394
9	0.00574	0.00429	0.00533	0.00507	0.00615	0.00388	0.00380	0.00753	0.01140	0.01568	0.65701	0.03333	0.20721	0.00903	0.00496	0.00134	0.00201	0.00787	0.00447	0.00388
10	0.00990	0.45729	0.40780	0.00948	0.01432	0.01336	0.01117	0.01293	0.00870	0.01152	0.00666	0.00776	0.00536	0.00379	0.00332	0.00111	0.00531	0.00266	0.00179	0.00579
11	0.88196	0.00813	0.00618	0.00553	0.00813	0.00943	0.00455	0.01236	0.00715	0.01886	0.00585	0.00683	0.00455	0.00390	0.00260	0.00130	0.00325	0.00228	0.00260	0.00455
12	0.03085	0.00766	0.00882	0.02968	0.01008	0.02632	0.02062	0.10973	0.27279	0.02447	0.05729	0.22711	0.01625	0.00778	0.00532	0.00149	0.07310	0.02804	0.03737	0.00525
13	0.00650	0.00431	0.00566	0.00563	0.00653	0.00399	0.00414	0.00805	0.01056	0.06042	0.48985	0.23747	0.04896	0.04225	0.00570	0.00156	0.00237	0.04778	0.00434	0.00394
14	0.00965	0.02597	0.17810	0.01644	0.03484	0.01060	0.61319	0.01333	0.00961	0.01330	0.00820	0.01073	0.00615	0.00373	0.00495	0.00140	0.02750	0.00451	0.00205	0.00576
15	0.00562	0.00436	0.00513	0.00504	0.00618	0.00393	0.00377	0.00737	0.02953	0.01412	0.41356	0.09061	0.35853	0.00974	0.00499	0.00140	0.00215	0.02589	0.00426	0.00382
16	0.00603	0.00426	0.00561	0.00564	0.00600	0.00460	0.00386	0.00675	0.00648	0.00899	0.01267	0.05119	0.01349	0.43997	0.40067	0.00524	0.00737	0.00557	0.00246	0.00314
17	0.01170	0.00731	0.00949	0.00800	0.00970	0.00807	0.00646	0.04761	0.11113	0.26443	0.23613	0.01773	0.01741	0.00674	0.00685	0.00146	0.21512	0.00507	0.00404	0.00557
18	0.01015	0.01030	0.05768	0.12884	0.43586	0.04049	0.10045	0.01274	0.00938	0.04432	0.00825	0.01073	0.00664	0.00510	0.03983	0.00150	0.02285	0.00380	0.00219	0.04890
19	0.01063	0.00811	0.00923	0.00796	0.02410	0.02959	0.02282	0.23402	0.14021	0.06240	0.20153	0.04317	0.09461	0.00677	0.00449	0.00131	0.00348	0.03329	0.00408	0.05821
20	0.12845	0.11548	0.08343	0.01696	0.01186	0.09013	0.02625	0.18112	0.08443	0.06160	0.01084	0.02054	0.03063	0.00501	0.00380	0.00123	0.00449	0.04621	0.00311	0.07442
21	0.01081	0.07339	0.04494	0.18087	0.09831	0.07543	0.06884	0.12042	0.07989	0.02586	0.00873	0.02392	0.00701	0.00478	0.00522	0.00132	0.10660	0.00377	0.00256	0.05732
22	0.03786	0.08754	0.14503	0.08308	0.03485	0.06734	0.05452	0.12722	0.08751	0.07093	0.02583	0.02432	0.00812	0.02261	0.01247	0.00136	0.03031	0.00376	0.00285	0.07250
23	0.06572	0.05693	0.03888	0.05224	0.04587	0.10113	0.05466	0.16466	0.07624	0.09049	0.06099	0.01203	0.00931	0.00509	0.00497	0.00129	0.08720	0.01392	0.00313	0.05525
24	0.08121	0.09913	0.05998	0.09178	0.07502	0.06382	0.05634	0.16666	0.02883	0.12410	0.00976	0.04442	0.00769	0.00533	0.01887	0.00138	0.04047	0.00386	0.00301	0.01835

[dist]
# distance from previous block
# <min> <max>
0	73

[block]
# block no. 3 follows, 63 sequences, length 43
# corresponding to MSA columns:
# 648-690
name=unknown_D
#
# <colnr> <probs for GDERKNQSTAVLIFYWHMCP>
#	G	D	E	R	K	N	Q	S	T	A	V	L	I	F	Y	W	H	M	C	P
0	0.02688	0.14620	0.08394	0.04561	0.01039	0.03690	0.03968	0.04363	0.01562	0.02685	0.02334	0.23628	0.06272	0.09153	0.06909	0.00205	0.01468	0.01728	0.00288	0.00445
1	0.03463	0.11126	0.09061	0.05296	0.13037	0.03231	0.01743	0.04961	0.08953	0.09145	0.01364	0.05742	0.07600	0.00584	0.00468	0.00133	0.05480	0.04216	0.02467	0.01930
2	0.08293	0.08622	0.16884	0.04395	0.01157	0.11334	0.00763	0.02702	0.00924	0.07022	0.01377	0.08745	0.10725	0.06851	0.00545	0.00147	0.02337	0.00469	0.00274	0.06433
3	0.43225	0.15291	0.02976	0.02405	0.01036	0.15333	0.00633	0.02947	0.02499	0.03906	0.02744	0.00826	0.00620	0.00428	0.00349	0.00122	0.03642	0.00272	0.00252	0.00495
4	0.14421	0.10566	0.01248	0.03350	0.02172	0.15713	0.11436	0.02779	0.02984	0.02146	0.01133	0.12105	0.02936	0.00629	0.00496	0.00139	0.07809	0.07191	0.00268	0.00479
5	0.14948	0.03427	0.13514	0.02610	0.05580	0.13888	0.30475	0.02275	0.00960	0.01385	0.00746	0.00932	0.00576	0.00380	0.00402	0.00126	0.00593	0.00358	0.00219	0.06605
6	0.28440	0.01923	0.08020	0.18895	0.19912	0.03226	0.04071	0.04927	0.01914	0.01522	0.00748	0.00944	0.00582	0.00404	0.00364	0.00130	0.00470	0.00325	0.02647	0.00538
7	0.00606	0.00440	0.00629	0.00629	0.00687	0.00498	0.00467	0.00718	0.00660	0.00938	0.01157	0.01865	0.01140	0.19719	0.65173	0.02655	0.00963	0.00481	0.00230	0.00346
8	0.00985	0.01102	0.02321	0.04571	0.02128	0.01066	0.71485	0.01367	0.04818	0.01344	0.00877	0.01146	0.00663	0.00381	0.00523	0.00143	0.03810	0.00486	0.00221	0.00564
9	0.00512	0.00366	0.00488	0.00585	0.00610	0.00341	0.00390	0.00585	0.00805	0.01073	0.02317	0.84952	0.02780	0.01317	0.00537	0.00171	0.00244	0.01195	0.00390	0.00341
10	0.00518	0.00371	0.00493	0.00586	0.00616	0.00346	0.00396	0.00598	0.00821	0.01094	0.04381	0.79683	0.04094	0.01298	0.00536	0.00170	0.00246	0.03018	0.00392	0.00344
11	0.01386	0.01576	0.01110	0.00997	0.01227	0.50497	0.00760	0.05655	0.29712	0.01364	0.01042	0.01056	0.00812	0.00485	0.00398	0.00121	0.00594	0.00348	0.00301	0.00561
12	0.00883	0.06504	0.54446	0.01080	0.03242	0.01879	0.02549	0.03278	0.09520	0.01389	0.03286	0.01233	0.05924	0.00474	0.00404	0.00131	0.00530	0.00379	0.02273	0.00594
13	0.00590	0.00430	0.00555	0.00524	0.00625	0.00395	0.00393	0.00784	0.01179	0.01660	0.78668	0.03183	0.07697	0.00869	0.00496	0.00133	0.00199	0.00766	0.00459	0.00395
14	0.08412	0.01062	0.08251	0.12069	0.52039	0.01813	0.01182	0.04062	0.02841	0.01419	0.00788	0.01013	0.00637	0.00401	0.00422	0.00129	0.02267	0.00358	0.00219	0.00616
15	0.01493	0.01459	0.01199	0.00990	0.01276	0.36452	0.02694	0.30934	0.05065	0.05177	0.00886	0.00935	0.00670	0.00456	0.00395	0.00114	0.00571	0.00329	0.00317	0.08587
16	0.88196	0.00813	0.00618	0.00553	0.00813	0.00943	0.00455	0.01236	0.00715	0.01886	0.00585	0.00683	0.00455	0.00390	0.00260	0.00130	0.00325	0.00228	0.00260	0.00455
17	0.20492	0.01038	0.00958	0.00789	0.01077	0.18756	0.00633	0.05424	0.01130	0.43866	0.01177	0.01103	0.00790	0.00472	0.00378	0.00125	0.00443	0.00345	0.00393	0.00609
18	0.00949	0.00801	0.00909	0.00694	0.01033	0.00703	0.00554	0.06373	0.17144	0.01527	0.00981	0.01083	0.00790	0.00389	0.00346	0.00085	0.00326	0.01610	0.00298	0.63404
19	0.00578	0.00415	0.00559	0.00633	0.00695	0.00396	0.00481	0.00711	0.00924	0.01234	0.15506	0.44138	0.04648	0.01186	0.00543	0.00171	0.00281	0.26134	0.00401	0.00365
20	0.01557	0.01157	0.01238	0.00959	0.01288	0.01284	0.00789	0.75293	0.07953	0.02583	0.01062	0.01051	0.00757	0.00510	0.00421	0.00127	0.00453	0.00386	0.00421	0.00711
21	0.01598	0.01177	0.01262	0.00967	0.01304	0.01304	0.00799	0.81202	0.01976	0.02649	0.01009	0.01009	0.00715	0.00505	0.00421	0.00126	0.00463	0.00378	0.00421	0.00715
22	0.00519	0.00369	0.00490	0.00584	0.00609	0.00346	0.00391	0.00591	0.00801	0.01068	0.02281	0.80630	0.02730	0.04233	0.00593	0.00179	0.00252	0.02608	0.00385	0.00339
23	0.00605	0.00418	0.00495	0.00492	0.00529	0.00406	0.00317	0.00672	0.00796	0.01079	0.22510	0.03016	0.05919	0.55088	0.01556	0.00313	0.00343	0.04821	0.00322	0.00303
24	0.01448	0.01262	0.01167	0.00960	0.01248	0.16839	0.00766	0.45409	0.22767	0.02108	0.01125	0.01108	0.00831	0.00508	0.00415	0.00127	0.00485	0.00383	0.00384	0.00659
25	0.00571	0.00483	0.00500	0.00489	0.00637	0.00442	0.00369	0.00816	0.10971	0.01243	0.08435	0.05880	0.65674	0.00998	0.00489	0.00142	0.00228	0.00837	0.00399	0.00395
26	0.00537	0.00383	0.00516	0.00614	0.00649	0.00363	0.00433	0.00628	0.00829	0.01101	0.02303	0.72984	0.02726	0.01294	0.00543	0.00174	0.00265	0.12920	0.00390	0.00348
27	0.01430	0.12071	0.05812	0.04937	0.05004	0.13480	0.00864	0.44430	0.02548	0.04121	0.00892	0.00948	0.00663	0.00461	0.00394	0.00120	0.00515	0.00341	0.00329	0.00639
28	0.00512	0.00366	0.00488	0.00585	0.00610	0.00341	0.00390	0.00585	0.00805	0.01073	0.02317	0.84952	0.02780	0.01317	0.00537	0.00171	0.00244	0.01195	0.00390	0.00341
29	0.00607	0.00406	0.00460	0.00464	0.00465	0.00405	0.00260	0.00610	0.00619	0.00826	0.01365	0.06113	0.01580	0.81794	0.02074	0.00398	0.00401	0.00635	0.00260	0.00258
30	0.01048	0.00941	0.03190	0.03090	0.06901	0.01035	0.00745	0.05543	0.66659	0.01740	0.03362	0.01512	0.01236	0.00552	0.00427	0.00140	0.00361	0.00463	0.00400	0.00655
31	0.02842	0.12079	0.46589	0.01006	0.01481	0.02992	0.01153	0.09679	0.00994	0.01417	0.00875	0.02821	0.02778	0.00445	0.00406	0.00122	0.02819	0.00335	0.00224	0.08942
32	0.02642	0.42092	0.03392	0.08382	0.05021	0.08147	0.02568	0.04916	0.02241	0.04989	0.04949	0.03884	0.00845	0.00458	0.00373	0.00112	0.02602	0.00342	0.00240	0.01804
33	0.00802	0.08728	0.02903	0.00727	0.04006	0.08376	0.00559	0.04329	0.03236	0.01435	0.35748	0.06451	0.15602	0.00781	0.00476	0.00132	0.02090	0.02804	0.00370	0.00447
34	0.01038	0.03991	0.06084	0.07209	0.30587	0.02099	0.09599	0.08380	0.06688	0.02299	0.02891	0.01094	0.00767	0.00416	0.00430	0.00121	0.02542	0.00377	0.00254	0.13137
35	0.02478	0.03055	0.05527	0.00741	0.02454	0.04556	0.00578	0.05746	0.05442	0.03241	0.03983	0.40650	0.05952	0.02729	0.00533	0.00156	0.02333	0.05050	0.00352	0.04444
36	0.05345	0.02867	0.03240	0.32695	0.03479	0.02721	0.02471	0.12755	0.09363	0.06108	0.01001	0.05192	0.00803	0.00582	0.02738	0.00152	0.05373	0.00415	0.00281	0.02419
37	0.07485	0.03795	0.04075	0.00916	0.04879	0.05652	0.03608	0.09889	0.07018	0.01357	0.04917	0.04056	0.01033	0.05012	0.09676	0.09699	0.12479	0.02620	0.00272	0.01562
38	0.04216	0.08234	0.13396	0.00982	0.02592	0.11637	0.07275	0.13450	0.09912	0.04612	0.03970	0.05545	0.02723	0.00545	0.00423	0.00129	0.01397	0.03964	0.00304	0.04694
39	0.05981	0.24722	0.16849	0.03140	0.04090	0.07607	0.02328	0.09099	0.07206	0.03404	0.00858	0.01035	0.00703	0.04606	0.04454	0.02265	0.00527	0.00331	0.00245	0.00550
40	0.08162	0.27642	0.21125	0.03240	0.03340	0.07836	0.00925	0.10204	0.06118	0.03310	0.00834	0.03006	0.00676	0.00470	0.01342	0.00125	0.00505	0.00322	0.00246	0.00574
41	0.06423	0.20878	0.09570	0.00844	0.01138	0.08183	0.03620	0.13156	0.03101	0.04632	0.01862	0.03640	0.04442	0.04966	0.01323	0.00142	0.03320	0.03732	0.01149	0.03879
42	0.08555	0.06624	0.13727	0.00907	0.04821	0.07170	0.01535	0.07403	0.04922	0.13593	0.03688	0.04640	0.00926	0.02835	0.00458	0.00128	0.02730	0.01168	0.00304	0.13866

[dist]
# distance from previous block
# <min> <max>
9	214

[block]
# block no. 4 follows, 63 sequences, length 15
# corresponding to MSA columns:
# 944-958
name=unknown_E
#
# <colnr> <probs for GDERKNQSTAVLIFYWHMCP>
#	G	D	E	R	K	N	Q	S	T	A	V	L	I	F	Y	W	H	M	C	P
0	0.03052	0.05736	0.05947	0.12099	0.01249	0.03821	0.00710	0.09249	0.05367	0.07524	0.07366	0.08474	0.06474	0.04688	0.00549	0.00142	0.04868	0.01543	0.00314	0.10830
1	0.06591	0.08224	0.06598	0.04281	0.06342	0.11842	0.04403	0.15165	0.06231	0.06305	0.03614	0.05255	0.00904	0.02220	0.01304	0.00140	0.07367	0.00406	0.00294	0.02515
2	0.04739	0.09573	0.09068	0.03933	0.06627	0.01605	0.05835	0.05314	0.05021	0.08469	0.04242	0.05542	0.02492	0.02764	0.02075	0.00140	0.02322	0.04674	0.00293	0.15272
3	0.03224	0.05830	0.03594	0.12639	0.07001	0.06771	0.01599	0.09929	0.08690	0.04028	0.04923	0.12548	0.01173	0.04347	0.00487	0.00137	0.00424	0.00488	0.00302	0.11865
4	0.02355	0.09586	0.06702	0.03642	0.08662	0.04920	0.07311	0.10482	0.05408	0.11515	0.02543	0.03143	0.00846	0.01842	0.03144	0.00138	0.01347	0.00381	0.00296	0.15735
5	0.03051	0.04737	0.08782	0.05208	0.04111	0.02885	0.08817	0.22726	0.02589	0.05875	0.02991	0.01329	0.02828	0.05164	0.04657	0.00164	0.00502	0.01998	0.00304	0.11281
6	0.01122	0.03404	0.03856	0.00921	0.06527	0.04673	0.05923	0.07595	0.06272	0.18576	0.10972	0.12504	0.03670	0.00622	0.00431	0.00126	0.00384	0.00540	0.00367	0.11515
7	0.02845	0.00824	0.01104	0.04058	0.11922	0.05336	0.02534	0.01064	0.02769	0.02714	0.02455	0.07137	0.03187	0.01016	0.12301	0.00224	0.28162	0.04098	0.00247	0.06002
8	0.00927	0.00896	0.09084	0.05581	0.01211	0.00695	0.02422	0.03244	0.05261	0.05653	0.00924	0.04293	0.00766	0.00497	0.02948	0.00112	0.02919	0.00339	0.00269	0.51958
9	0.12706	0.23401	0.09088	0.05435	0.06167	0.15800	0.00819	0.09794	0.02671	0.04666	0.00786	0.00888	0.00619	0.00418	0.00344	0.00114	0.00495	0.00297	0.04944	0.00551
10	0.00700	0.00505	0.00564	0.00533	0.00688	0.00468	0.00405	0.00957	0.10844	0.08222	0.17749	0.08142	0.46780	0.00936	0.00484	0.00141	0.00239	0.00793	0.00419	0.00430
11	0.00573	0.00461	0.00547	0.04998	0.00739	0.00429	0.00412	0.00766	0.04213	0.01368	0.34291	0.07313	0.40478	0.00943	0.00492	0.00139	0.00232	0.00809	0.00409	0.00389
12	0.01704	0.00672	0.00907	0.00710	0.01001	0.00585	0.00581	0.01872	0.01188	0.70902	0.10022	0.01614	0.01346	0.00554	0.00425	0.00129	0.00334	0.00456	0.04332	0.00668
13	0.00799	0.00719	0.01197	0.68927	0.04973	0.00872	0.02887	0.01067	0.00846	0.01135	0.00825	0.01180	0.00632	0.00510	0.03006	0.00152	0.00543	0.00381	0.08885	0.00465
14	0.01726	0.00720	0.00959	0.00728	0.01061	0.00609	0.00599	0.01892	0.01151	0.70011	0.01514	0.01342	0.00975	0.00487	0.00405	0.00119	0.00350	0.00395	0.00477	0.14477

[dist]
# distance from previous block
# <min> <max>
1	18

[block]
# block no. 5 follows, 63 sequences, length 64
# corresponding to MSA columns:
# 977-1013,1016-1042
name=unknown_F
#
# <colnr> <probs for GDERKNQSTAVLIFYWHMCP>
#	G	D	E	R	K	N	Q	S	T	A	V	L	I	F	Y	W	H	M	C	P
0	0.05999	0.03232	0.04834	0.00784	0.03451	0.03820	0.00621	0.08584	0.24865	0.01719	0.32551	0.02039	0.04472	0.00654	0.00438	0.00133	0.00327	0.00548	0.00396	0.00533
1	0.03134	0.71388	0.02002	0.00744	0.01087	0.03623	0.00713	0.03831	0.08039	0.01130	0.00699	0.00766	0.00609	0.00385	0.00291	0.00097	0.00445	0.00253	0.00212	0.00553
2	0.01041	0.00753	0.00814	0.00735	0.00939	0.00834	0.00579	0.07181	0.45587	0.06556	0.01611	0.01747	0.01259	0.00585	0.00404	0.00133	0.00313	0.06068	0.22277	0.00583
3	0.01074	0.00903	0.00956	0.00855	0.01096	0.01039	0.00666	0.03423	0.78717	0.03704	0.01699	0.01557	0.01269	0.00568	0.00428	0.00142	0.00335	0.00473	0.00430	0.00667
4	0.00502	0.00412	0.00442	0.00464	0.00578	0.00353	0.00337	0.00603	0.00928	0.01131	0.05202	0.22281	0.63077	0.01118	0.00506	0.00148	0.00220	0.00954	0.00392	0.00353
5	0.04014	0.00718	0.00967	0.00743	0.01067	0.00626	0.00614	0.02029	0.01191	0.80898	0.01632	0.01412	0.01026	0.00517	0.00419	0.00130	0.00357	0.00418	0.00514	0.00709
6	0.00525	0.00427	0.00465	0.00455	0.00585	0.00367	0.00342	0.00658	0.01025	0.01293	0.26620	0.03786	0.59973	0.01006	0.00497	0.00139	0.00209	0.00851	0.00411	0.00367
7	0.00497	0.00426	0.00426	0.00426	0.00568	0.00355	0.00319	0.00603	0.00958	0.01136	0.04259	0.04046	0.82433	0.01065	0.00497	0.00142	0.00213	0.00887	0.00390	0.00355
8	0.00872	0.00747	0.00872	0.00623	0.00996	0.00560	0.00498	0.01058	0.00872	0.01370	0.00747	0.00872	0.00623	0.00311	0.00311	0.00062	0.00311	0.00249	0.00249	0.87796
9	0.01529	0.00744	0.00971	0.00761	0.01050	0.00697	0.00623	0.08978	0.01142	0.51080	0.01358	0.01313	0.00929	0.00790	0.09570	0.00183	0.04791	0.00395	0.00424	0.12673
10	0.01304	0.03941	0.16141	0.01113	0.03470	0.03549	0.09404	0.36001	0.08472	0.06803	0.00996	0.01053	0.00723	0.00478	0.00466	0.00132	0.04588	0.00381	0.00331	0.00652
11	0.01852	0.00769	0.01009	0.00774	0.01100	0.00698	0.00639	0.11311	0.01294	0.73505	0.01582	0.01381	0.01002	0.00518	0.00422	0.00130	0.00370	0.00418	0.00509	0.00715
12	0.00611	0.00408	0.00458	0.00458	0.00458	0.00408	0.00255	0.00611	0.00611	0.00815	0.01325	0.02751	0.01528	0.85226	0.02140	0.00408	0.00408	0.00611	0.00255	0.00255
13	0.00998	0.00938	0.05704	0.36345	0.15648	0.00962	0.13362	0.03274	0.02899	0.08498	0.00880	0.01129	0.00660	0.00434	0.00481	0.00138	0.05127	0.00396	0.01572	0.00555
14	0.00861	0.00830	0.01310	0.64770	0.12984	0.03412	0.01147	0.01145	0.02819	0.01125	0.00763	0.01100	0.00590	0.00435	0.00470	0.00140	0.05033	0.00373	0.00196	0.00498
15	0.00523	0.00378	0.00495	0.00569	0.00610	0.00350	0.00387	0.00616	0.00868	0.01164	0.13824	0.69119	0.07062	0.01239	0.00529	0.00164	0.00236	0.01117	0.00401	0.00350
16	0.00908	0.00815	0.01059	0.00927	0.02507	0.00887	0.11094	0.01673	0.47215	0.01549	0.06256	0.06188	0.11237	0.00672	0.00487	0.00145	0.02965	0.02463	0.00383	0.00571
17	0.01089	0.00951	0.05383	0.22289	0.24263	0.00958	0.04636	0.14876	0.01116	0.08148	0.05033	0.01295	0.00884	0.00496	0.00479	0.01651	0.02932	0.02654	0.00280	0.00586
18	0.00897	0.00835	0.01259	0.02905	0.46153	0.03243	0.02118	0.02612	0.03020	0.01367	0.08823	0.02932	0.15279	0.00612	0.00451	0.00134	0.00419	0.06099	0.00286	0.00556
19	0.00622	0.00468	0.00658	0.00647	0.00699	0.00542	0.00482	0.00732	0.00658	0.00938	0.01141	0.01882	0.01140	0.23494	0.58300	0.00579	0.05953	0.00486	0.00230	0.00350
20	0.00872	0.00747	0.00872	0.00623	0.00996	0.00560	0.00498	0.01058	0.00872	0.01370	0.00747	0.00872	0.00623	0.00311	0.00311	0.00062	0.00311	0.00249	0.00249	0.87796
21	0.01039	0.01047	0.01537	0.25280	0.47690	0.10176	0.03275	0.02642	0.00969	0.01272	0.00768	0.01033	0.00623	0.00396	0.00415	0.00128	0.00550	0.00366	0.00207	0.00588
22	0.01766	0.00847	0.01053	0.00812	0.01134	0.00821	0.00670	0.25686	0.01421	0.56765	0.01450	0.01311	0.00943	0.00584	0.02587	0.00143	0.00409	0.00410	0.00483	0.00706
23	0.01296	0.00880	0.00984	0.00834	0.01100	0.00959	0.00663	0.12601	0.49894	0.20493	0.04472	0.01519	0.01248	0.00560	0.00428	0.00137	0.00351	0.00461	0.00449	0.00674
24	0.07529	0.00935	0.01084	0.00836	0.01162	0.00956	0.00691	0.38492	0.01527	0.40473	0.01287	0.01186	0.00851	0.00504	0.00411	0.00128	0.00404	0.00389	0.00457	0.00698
25	0.00925	0.00934	0.01367	0.01148	0.01176	0.01273	0.06258	0.01034	0.00667	0.01034	0.00572	0.00934	0.00558	0.00710	0.01321	0.00181	0.78879	0.00376	0.00186	0.00467
26	0.00502	0.00427	0.00433	0.00435	0.00576	0.00358	0.00329	0.00610	0.00958	0.01139	0.04205	0.04064	0.80316	0.01067	0.00499	0.00143	0.00218	0.02975	0.00390	0.00356
27	0.00580	0.00439	0.00536	0.00512	0.00624	0.00401	0.00384	0.00778	0.03088	0.01540	0.59660	0.04817	0.23264	0.00911	0.00495	0.00136	0.00206	0.00793	0.00443	0.00392
28	0.00995	0.01066	0.02094	0.01545	0.01896	0.01069	0.59252	0.02909	0.11724	0.01392	0.00979	0.01272	0.00768	0.00444	0.00569	0.00147	0.08334	0.02730	0.00247	0.00568
29	0.00627	0.00451	0.00607	0.00624	0.00722	0.00431	0.00506	0.00823	0.01104	0.01520	0.51263	0.03762	0.03366	0.00977	0.00529	0.00156	0.00272	0.31436	0.00433	0.00393
30	0.00519	0.00427	0.00457	0.00449	0.00581	0.00364	0.00337	0.00646	0.01011	0.01260	0.21967	0.03840	0.64647	0.01018	0.00497	0.00140	0.00210	0.00858	0.00407	0.00364
31	0.00512	0.00368	0.00486	0.00580	0.00608	0.00342	0.00388	0.00586	0.00810	0.01075	0.02388	0.81996	0.05691	0.01308	0.00535	0.00170	0.00243	0.01184	0.00390	0.00342
32	0.01207	0.00949	0.01000	0.00866	0.01124	0.03041	0.00682	0.12721	0.62034	0.09122	0.01587	0.01462	0.01168	0.00554	0.00425	0.00138	0.00363	0.00453	0.00430	0.00672
33	0.00842	0.00796	0.01348	0.68257	0.18477	0.00947	0.01191	0.01116	0.00863	0.01133	0.00756	0.01105	0.00581	0.00411	0.00419	0.00137	0.00548	0.00374	0.00191	0.00506
34	0.00544	0.00379	0.00478	0.00544	0.00561	0.00363	0.00347	0.00594	0.00742	0.00990	0.01997	0.58457	0.02377	0.28363	0.01053	0.00247	0.00297	0.01007	0.00347	0.00313
35	0.00904	0.00825	0.01509	0.01171	0.01422	0.00840	0.34723	0.08764	0.00950	0.03629	0.01029	0.02934	0.00879	0.03984	0.32319	0.00353	0.02538	0.00479	0.00250	0.00496
36	0.00871	0.00841	0.01346	0.60344	0.17941	0.03158	0.01163	0.01127	0.00858	0.01125	0.00739	0.01081	0.00579	0.00435	0.00489	0.00140	0.06697	0.00371	0.00191	0.00505
37	0.00591	0.00430	0.00557	0.00525	0.00626	0.00395	0.00394	0.00786	0.01181	0.01666	0.79528	0.03173	0.06833	0.00867	0.00496	0.00133	0.00199	0.00765	0.00460	0.00395
38	0.01063	0.00912	0.00960	0.00859	0.01100	0.01054	0.00670	0.04680	0.79371	0.01786	0.01689	0.01551	0.01266	0.00568	0.00428	0.00142	0.00337	0.00472	0.00428	0.00667
39	0.00597	0.00408	0.00496	0.00533	0.00552	0.00402	0.00346	0.00641	0.00707	0.00938	0.01687	0.22701	0.01951	0.53506	0.01540	0.00321	0.00366	0.11710	0.00305	0.00294
40	0.01373	0.01124	0.01417	0.01147	0.03558	0.19032	0.21872	0.08854	0.01160	0.24093	0.01198	0.10109	0.00966	0.00540	0.00456	0.00133	0.01565	0.00485	0.00337	0.00582
41	0.01102	0.00883	0.00984	0.00862	0.01104	0.00999	0.02507	0.03165	0.68097	0.08381	0.01727	0.01599	0.03629	0.00579	0.00452	0.00142	0.02229	0.00480	0.00424	0.00654
42	0.13411	0.00720	0.00861	0.00689	0.00970	0.00682	0.00563	0.09267	0.01181	0.48987	0.07156	0.01713	0.10792	0.00588	0.00414	0.00131	0.00335	0.00470	0.00456	0.00616
43	0.00878	0.00864	0.01170	0.02567	0.01082	0.04519	0.02691	0.00986	0.00682	0.01006	0.00698	0.01128	0.00682	0.04952	0.15133	0.00272	0.59661	0.00392	0.00196	0.00440
44	0.01314	0.09517	0.05147	0.04650	0.10512	0.26068	0.06387	0.16763	0.04628	0.05003	0.00851	0.00971	0.00664	0.00524	0.02886	0.00138	0.02784	0.00343	0.00269	0.00580
45	0.00601	0.00450	0.00676	0.00676	0.00751	0.00525	0.00525	0.00751	0.00676	0.00976	0.01126	0.01651	0.01051	0.03153	0.83560	0.00676	0.01126	0.00450	0.00225	0.00375
46	0.00515	0.00367	0.00487	0.00582	0.00606	0.00343	0.00387	0.00586	0.00800	0.01066	0.02291	0.82808	0.02748	0.03506	0.00578	0.00177	0.00248	0.01180	0.00387	0.00339
47	0.86769	0.00819	0.00628	0.00560	0.00821	0.00949	0.00461	0.02553	0.00736	0.01899	0.00592	0.00688	0.00460	0.00392	0.00263	0.00130	0.00327	0.00230	0.00263	0.00460
48	0.00512	0.00366	0.00488	0.00585	0.00610	0.00341	0.00390	0.00585	0.00805	0.01073	0.02317	0.84952	0.02780	0.01317	0.00537	0.00171	0.00244	0.01195	0.00390	0.00341
49	0.01101	0.02764	0.01017	0.00886	0.02357	0.01078	0.00687	0.10885	0.69062	0.01827	0.01626	0.01509	0.02180	0.00562	0.00424	0.00139	0.00351	0.00463	0.00418	0.00664
50	0.11760	0.06015	0.02195	0.11724	0.14862	0.09391	0.00852	0.20143	0.07477	0.05003	0.00907	0.01021	0.00693	0.00487	0.01806	0.00133	0.00484	0.00346	0.01836	0.02866
51	0.00894	0.08169	0.74803	0.01150	0.01744	0.01016	0.01466	0.01347	0.00894	0.03678	0.00768	0.00888	0.00548	0.00400	0.00391	0.00130	0.00601	0.00308	0.00188	0.00618
52	0.00545	0.00424	0.00496	0.00487	0.00600	0.00374	0.00362	0.00694	0.01060	0.01398	0.41944	0.09107	0.39036	0.00982	0.00499	0.00139	0.00208	0.00847	0.00425	0.00374
53	0.00561	0.00406	0.00523	0.00594	0.00649	0.00384	0.00433	0.00663	0.00856	0.01122	0.05839	0.45710	0.12033	0.09672	0.00701	0.00195	0.00287	0.18647	0.00379	0.00347
54	0.02583	0.09060	0.05512	0.30368	0.08617	0.02378	0.17762	0.08834	0.02947	0.01331	0.00809	0.01086	0.00637	0.02673	0.00498	0.00141	0.03612	0.00387	0.00224	0.00541
55	0.00948	0.00739	0.00800	0.00721	0.00928	0.00796	0.00566	0.09679	0.38927	0.05079	0.06504	0.03810	0.20367	0.00734	0.00452	0.00142	0.00309	0.04820	0.03120	0.00557
56	0.00849	0.03982	0.81294	0.01188	0.01803	0.00991	0.01535	0.01330	0.00887	0.01324	0.00751	0.00883	0.00533	0.00399	0.00397	0.00132	0.00618	0.00309	0.00178	0.00619
57	0.00851	0.00788	0.02192	0.15968	0.36849	0.00796	0.02544	0.03424	0.00976	0.01335	0.11604	0.03974	0.11332	0.02883	0.02561	0.00153	0.00447	0.00519	0.00272	0.00531
58	0.01236	0.04468	0.01253	0.01070	0.07224	0.12574	0.11144	0.12553	0.03114	0.16941	0.04465	0.14644	0.01215	0.02320	0.00511	0.00140	0.03691	0.00533	0.00343	0.00560
59	0.00593	0.00436	0.00551	0.00614	0.00688	0.00416	0.00464	0.02817	0.00899	0.01164	0.02543	0.39139	0.16967	0.06624	0.00643	0.00186	0.00297	0.24216	0.00381	0.00362
60	0.01372	0.03829	0.01104	0.00977	0.01178	0.63586	0.00739	0.02729	0.03521	0.01093	0.02119	0.05463	0.07621	0.00547	0.00420	0.00117	0.02470	0.00385	0.00251	0.00477
61	0.01149	0.10490	0.14364	0.09747	0.30091	0.11898	0.01109	0.08118	0.02901	0.05049	0.00818	0.00974	0.00640	0.00411	0.00394	0.00122	0.00540	0.00339	0.00236	0.00608
62	0.00927	0.00867	0.05339	0.00841	0.03141	0.07719	0.02197	0.16470	0.04867	0.01406	0.01466	0.10461	0.08162	0.06972	0.21217	0.00290	0.03680	0.01699	0.01798	0.00479
63	0.01234	0.03130	0.03942	0.00791	0.01051	0.04080	0.00650	0.07851	0.33450	0.22011	0.06888	0.04001	0.05288	0.00597	0.00426	0.00134	0.00358	0.00491	0.03008	0.00620

[dist]
# distance from previous block
# <min> <max>
0	3

[block]
# block no. 6 follows, 63 sequences, length 8
# corresponding to MSA columns:
# 1046,1048-1054
name=unknown_G
#
# <colnr> <probs for GDERKNQSTAVLIFYWHMCP>
#	G	D	E	R	K	N	Q	S	T	A	V	L	I	F	Y	W	H	M	C	P
0	0.06243	0.00993	0.00985	0.08830	0.07891	0.16254	0.00719	0.11012	0.12514	0.06675	0.05108	0.01414	0.01039	0.00519	0.00394	0.00125	0.00437	0.03712	0.14597	0.00541
1	0.00773	0.02628	0.03074	0.02966	0.00895	0.02289	0.01857	0.04311	0.00840	0.03366	0.06394	0.06828	0.02619	0.05805	0.34093	0.00370	0.09740	0.02575	0.08157	0.00421
2	0.02891	0.13658	0.20725	0.03380	0.06300	0.05797	0.10984	0.05194	0.00948	0.01313	0.00824	0.03933	0.00692	0.00587	0.05684	0.00149	0.00556	0.00356	0.00224	0.15805
3	0.00511	0.00372	0.00482	0.00569	0.00606	0.00343	0.00383	0.00587	0.00820	0.01079	0.02510	0.76899	0.10709	0.01292	0.00533	0.00168	0.00241	0.01164	0.00390	0.00343
4	0.00872	0.00747	0.00872	0.00623	0.00996	0.00560	0.00498	0.01058	0.00872	0.01370	0.00747	0.00872	0.00623	0.00311	0.00311	0.00062	0.00311	0.00249	0.00249	0.87796
5	0.07603	0.12078	0.03387	0.06024	0.01268	0.29223	0.03279	0.09481	0.01073	0.05628	0.00814	0.01000	0.00669	0.03853	0.07632	0.00172	0.00611	0.00322	0.00253	0.05631
6	0.00860	0.03143	0.05100	0.02467	0.06146	0.04081	0.00676	0.08063	0.00884	0.04212	0.02572	0.01706	0.03926	0.12254	0.32711	0.00379	0.07558	0.02548	0.00262	0.00452
7	0.00558	0.00385	0.00479	0.00543	0.00576	0.00366	0.00361	0.00629	0.00781	0.01057	0.02139	0.53078	0.06932	0.20318	0.00885	0.00219	0.00282	0.04166	0.05919	0.00328

[dist]
# distance from previous block
# <min> <max>
3	4

[block]
# block no. 7 follows, 63 sequences, length 16
# corresponding to MSA columns:
# 1059-1074
name=unknown_H
#
# <colnr> <probs for GDERKNQSTAVLIFYWHMCP>
#	G	D	E	R	K	N	Q	S	T	A	V	L	I	F	Y	W	H	M	C	P
0	0.21547	0.00599	0.00670	0.00589	0.00793	0.00578	0.00462	0.01195	0.00999	0.23345	0.19768	0.11000	0.12577	0.00717	0.00419	0.00134	0.00281	0.00592	0.00406	0.03328
1	0.00545	0.00418	0.00534	0.00622	0.03658	0.00383	0.00422	0.00652	0.00897	0.01167	0.09966	0.47560	0.24680	0.01163	0.00520	0.00159	0.00249	0.05653	0.00390	0.00365
2	0.01744	0.19070	0.17942	0.14600	0.04247	0.05096	0.20279	0.04528	0.01821	0.01270	0.02413	0.01052	0.02190	0.00416	0.00415	0.00126	0.01652	0.00371	0.00214	0.00552
3	0.00929	0.03724	0.01492	0.28625	0.30280	0.02659	0.09678	0.02707	0.00911	0.01245	0.00827	0.01131	0.00671	0.00642	0.07645	0.00178	0.01926	0.00387	0.03799	0.00544
4	0.00642	0.00525	0.00561	0.00600	0.00661	0.06150	0.00413	0.03189	0.00852	0.01083	0.02168	0.47860	0.11551	0.15469	0.04204	0.00223	0.00350	0.02798	0.00349	0.00353
5	0.00984	0.00964	0.01382	0.22249	0.38714	0.08507	0.01083	0.01253	0.05471	0.01225	0.00826	0.01105	0.00684	0.00635	0.05904	0.02851	0.05016	0.00375	0.00215	0.00556
6	0.06768	0.05213	0.11542	0.03843	0.10893	0.07822	0.15218	0.04352	0.08486	0.06926	0.00876	0.01032	0.00678	0.00471	0.00564	0.00138	0.13976	0.00375	0.00253	0.00575
7	0.04416	0.03205	0.06032	0.25567	0.19894	0.04300	0.03107	0.05225	0.07960	0.04509	0.05118	0.01207	0.00864	0.00547	0.03495	0.00150	0.00512	0.00389	0.00258	0.03244
8	0.00880	0.02697	0.07642	0.02947	0.08164	0.08781	0.05670	0.04128	0.00840	0.03821	0.01142	0.01899	0.02546	0.39744	0.07106	0.00295	0.00539	0.00489	0.00250	0.00419
