[name]
unknown

[dist]
# distance from previous block
# <min> <max>
7	272

[block]
# block no. 0 follows, 70 sequences, length 62
# corresponding to MSA columns:
# 297-358
name=unknown_A
#
# <colnr> <probs for GDERKNQSTAVLIFYWHMCP>
#	G	D	E	R	K	N	Q	S	T	A	V	L	I	F	Y	W	H	M	C	P
0	0.05856	0.06840	0.16525	0.00985	0.06950	0.03303	0.11112	0.05034	0.04619	0.07824	0.03927	0.02881	0.00787	0.00542	0.04947	0.00137	0.01720	0.00351	0.00249	0.15410
1	0.05523	0.01795	0.13464	0.00958	0.05891	0.06984	0.09346	0.06003	0.11179	0.12886	0.03465	0.03829	0.04746	0.00473	0.00407	0.00118	0.02988	0.00395	0.00290	0.09259
2	0.19418	0.07246	0.07056	0.00845	0.06889	0.01994	0.04764	0.08802	0.08265	0.09200	0.06736	0.04460	0.00927	0.00448	0.00345	0.00112	0.00365	0.00361	0.00289	0.11479
3	0.03842	0.03208	0.04345	0.00893	0.07154	0.03596	0.09160	0.04719	0.06952	0.14903	0.11139	0.02385	0.04092	0.00483	0.00411	0.00112	0.03733	0.00409	0.03977	0.14489
4	0.03253	0.13535	0.07054	0.06174	0.08113	0.04334	0.06774	0.03118	0.09171	0.12159	0.09101	0.05807	0.01972	0.02496	0.01422	0.00127	0.00407	0.00418	0.00286	0.04280
5	0.03929	0.03510	0.07976	0.00863	0.02426	0.08297	0.03230	0.21714	0.05261	0.13602	0.06301	0.03677	0.00916	0.00494	0.00464	0.00118	0.08889	0.00375	0.00313	0.07641
6	0.02494	0.21403	0.33250	0.00924	0.04742	0.01989	0.02805	0.04818	0.03269	0.06881	0.03538	0.04245	0.02228	0.00427	0.00348	0.00110	0.00450	0.00338	0.00229	0.05512
7	0.04103	0.00782	0.02421	0.09151	0.16657	0.05705	0.03475	0.05819	0.00862	0.08399	0.00903	0.01217	0.00762	0.04030	0.20418	0.00244	0.03526	0.02205	0.00240	0.09082
8	0.00898	0.05614	0.44951	0.02995	0.10729	0.03029	0.04680	0.03120	0.05194	0.06323	0.02140	0.05451	0.00739	0.00431	0.00378	0.00121	0.00497	0.00361	0.00222	0.02128
9	0.01120	0.00923	0.01420	0.01888	0.57161	0.02369	0.02886	0.10579	0.05083	0.11409	0.00889	0.01021	0.00686	0.00385	0.00387	0.00117	0.00442	0.00357	0.00259	0.00620
10	0.00925	0.00879	0.01479	0.07497	0.72025	0.00891	0.01127	0.01168	0.02362	0.01240	0.00754	0.00993	0.00632	0.00457	0.03894	0.00136	0.00482	0.00347	0.00196	0.02518
11	0.00873	0.00789	0.01199	0.14269	0.44210	0.04963	0.00920	0.02793	0.00840	0.01134	0.04338	0.02407	0.03136	0.00580	0.00586	0.15463	0.00436	0.00379	0.00207	0.00479
12	0.00981	0.00880	0.03084	0.05536	0.15894	0.00856	0.34964	0.03473	0.02493	0.11772	0.00908	0.01124	0.00697	0.00722	0.11895	0.00194	0.03347	0.00408	0.00240	0.00531
13	0.01384	0.06109	0.01121	0.00985	0.06596	0.45315	0.00724	0.05184	0.11617	0.15892	0.00909	0.00928	0.00683	0.00425	0.00361	0.00108	0.00540	0.00307	0.00280	0.00531
14	0.00589	0.00401	0.00462	0.00461	0.00502	0.00393	0.00297	0.00655	0.03645	0.02295	0.05421	0.04214	0.13877	0.54567	0.01467	0.05082	0.00331	0.04782	0.00277	0.00280
15	0.03763	0.00449	0.00572	0.00565	0.02250	0.00421	0.03788	0.00707	0.02722	0.02342	0.14054	0.13291	0.33959	0.05656	0.02688	0.06942	0.00280	0.04876	0.00332	0.00344
16	0.00810	0.00877	0.11872	0.00730	0.00955	0.03774	0.00639	0.01468	0.41315	0.01492	0.24724	0.01879	0.06624	0.00602	0.00411	0.00126	0.00315	0.00508	0.00364	0.00516
17	0.00732	0.00689	0.01163	0.85444	0.02670	0.00861	0.01077	0.00991	0.00775	0.00991	0.00689	0.01034	0.00517	0.00388	0.00388	0.00129	0.00517	0.00345	0.00172	0.00431
18	0.02017	0.00782	0.00831	0.00743	0.00955	0.00885	0.00579	0.04658	0.67187	0.03747	0.06369	0.01649	0.06759	0.00566	0.00400	0.00130	0.00297	0.00471	0.00394	0.00581
19	0.00514	0.00398	0.00449	0.00454	0.00548	0.00358	0.00329	0.02021	0.00882	0.01126	0.18151	0.14284	0.43401	0.11653	0.00654	0.00165	0.00230	0.03698	0.00357	0.00328
20	0.00713	0.00399	0.00552	0.00536	0.00563	0.00413	0.00368	0.03574	0.05793	0.00806	0.00772	0.01251	0.00743	0.04837	0.03466	0.74087	0.00357	0.00355	0.00194	0.00221
21	0.08982	0.00859	0.00887	0.00777	0.01010	0.00987	0.00612	0.12552	0.65122	0.01740	0.01399	0.01305	0.01046	0.00503	0.00380	0.00128	0.00322	0.00406	0.00380	0.00602
22	0.00527	0.00363	0.00434	0.00465	0.00482	0.00351	0.00286	0.00558	0.00655	0.00869	0.03585	0.31953	0.06297	0.48718	0.01331	0.01492	0.00308	0.00767	0.00289	0.00270
23	0.00535	0.00394	0.00480	0.00470	0.00567	0.00356	0.00350	0.00679	0.00984	0.02200	0.48030	0.09036	0.26330	0.03633	0.00508	0.00137	0.00203	0.03256	0.01502	0.00350
24	0.00607	0.00433	0.00604	0.00693	0.00775	0.00431	0.00593	0.00772	0.00875	0.01140	0.02063	0.14073	0.02271	0.01088	0.00531	0.00176	0.00341	0.71826	0.00357	0.00352
25	0.02777	0.00406	0.00425	0.00420	0.00543	0.00353	0.00310	0.00620	0.00874	0.03453	0.08805	0.07728	0.65335	0.05582	0.00535	0.00144	0.00213	0.00784	0.00358	0.00336
26	0.34235	0.00708	0.00745	0.00616	0.00858	0.00736	0.00496	0.10172	0.03443	0.31386	0.03149	0.02580	0.00859	0.06456	0.00446	0.00138	0.00324	0.00351	0.01784	0.00521
27	0.63221	0.00666	0.00561	0.00512	0.00715	0.00743	0.00406	0.01073	0.03271	0.04998	0.02438	0.06055	0.08166	0.05316	0.00386	0.00138	0.00290	0.00359	0.00275	0.00410
28	0.00627	0.00391	0.00449	0.00437	0.00454	0.00386	0.00253	0.00636	0.00593	0.05271	0.01238	0.02471	0.01385	0.81725	0.01888	0.00362	0.00373	0.00554	0.00248	0.00258
29	0.00538	0.00381	0.00427	0.00434	0.00473	0.00364	0.00274	0.00577	0.00674	0.00872	0.03442	0.07051	0.20984	0.55985	0.01437	0.00291	0.00320	0.04010	0.01196	0.00269
30	0.28496	0.00624	0.00648	0.00573	0.00768	0.00650	0.00448	0.03647	0.10287	0.18741	0.05846	0.08677	0.11338	0.05205	0.00473	0.02009	0.00290	0.00475	0.00345	0.00461
31	0.01774	0.00513	0.00616	0.00566	0.00723	0.00487	0.00431	0.02691	0.10597	0.21916	0.09352	0.22534	0.20673	0.00803	0.00430	0.00132	0.00253	0.00690	0.04366	0.00453
32	0.00495	0.00356	0.00474	0.00554	0.00591	0.00334	0.00390	0.00585	0.00788	0.01050	0.07739	0.68745	0.04492	0.01163	0.00496	0.00157	0.00237	0.10665	0.00364	0.00324
33	0.06079	0.00507	0.00629	0.00573	0.00710	0.00481	0.00425	0.03597	0.00876	0.28375	0.05828	0.22405	0.01606	0.20364	0.00777	0.00190	0.00307	0.03902	0.01938	0.00432
34	0.01145	0.00693	0.00845	0.00747	0.00950	0.00707	0.00619	0.27795	0.01230	0.20926	0.01573	0.11735	0.01458	0.00751	0.00449	0.00142	0.00359	0.26957	0.00396	0.00522
35	0.89114	0.00750	0.00570	0.00510	0.00750	0.00870	0.00420	0.01140	0.00660	0.01739	0.00540	0.00630	0.00420	0.00360	0.00240	0.00120	0.00300	0.00210	0.00240	0.00420
36	0.00837	0.00828	0.01153	0.00987	0.01003	0.01137	0.00820	0.00927	0.00603	0.00946	0.00533	0.00868	0.00526	0.00734	0.03922	0.00180	0.79391	0.00337	0.00173	0.04094
37	0.00687	0.00453	0.00531	0.00501	0.00626	0.00409	0.00369	0.04158	0.00900	0.10417	0.10992	0.18010	0.32329	0.11799	0.00642	0.00162	0.00255	0.02290	0.00360	0.04111
38	0.00661	0.00411	0.00603	0.00586	0.00653	0.00443	0.00439	0.00704	0.00616	0.05290	0.00944	0.01399	0.00872	0.03330	0.51063	0.27953	0.00754	0.00387	0.00211	0.02682
39	0.00582	0.00394	0.00481	0.00510	0.00600	0.00373	0.00401	0.00734	0.00897	0.01263	0.19070	0.13363	0.16925	0.00878	0.00442	0.00136	0.00237	0.22514	0.19848	0.00349
40	0.00479	0.00393	0.00423	0.00421	0.00540	0.00337	0.00316	0.00595	0.00923	0.01149	0.19772	0.05704	0.64338	0.00952	0.00460	0.00131	0.00197	0.02162	0.00373	0.00335
41	0.01453	0.00457	0.00569	0.00558	0.00680	0.00427	0.00428	0.02153	0.03564	0.15491	0.11460	0.24997	0.17045	0.02844	0.00487	0.00145	0.00258	0.11655	0.04924	0.00404
42	0.00491	0.00362	0.00458	0.00520	0.00575	0.00333	0.00369	0.00585	0.00811	0.01066	0.09170	0.56078	0.17837	0.01116	0.00486	0.00151	0.00227	0.07698	0.01342	0.00325
43	0.00536	0.00410	0.00495	0.00475	0.00582	0.00375	0.00360	0.00721	0.03501	0.01393	0.54948	0.03146	0.27530	0.00849	0.00458	0.00127	0.00196	0.03133	0.00404	0.00361
44	0.01865	0.00552	0.00631	0.00625	0.00740	0.00590	0.00470	0.02126	0.29253	0.01271	0.08003	0.18893	0.06977	0.13536	0.00676	0.00179	0.00294	0.12543	0.00357	0.00422
45	0.07953	0.00492	0.00615	0.00563	0.00714	0.00459	0.00431	0.01056	0.01744	0.25518	0.24462	0.22770	0.07678	0.00819	0.01797	0.00139	0.00264	0.01684	0.00402	0.00443
46	0.00635	0.00416	0.00459	0.00443	0.00543	0.00399	0.00326	0.05203	0.00927	0.01353	0.21430	0.07174	0.20455	0.07740	0.00516	0.00136	0.00217	0.00603	0.30666	0.00358
47	0.00952	0.01089	0.05614	0.01555	0.01949	0.00994	0.72922	0.07466	0.00980	0.01333	0.00792	0.01028	0.00590	0.00339	0.00448	0.00129	0.00633	0.00442	0.00209	0.00535
48	0.00769	0.00568	0.00621	0.00565	0.00736	0.00568	0.00438	0.05501	0.22669	0.08342	0.11493	0.03714	0.38809	0.00768	0.00431	0.00129	0.00250	0.01618	0.01558	0.00453
49	0.02649	0.00433	0.00542	0.00533	0.00645	0.00395	0.00395	0.00849	0.01894	0.15248	0.18527	0.33664	0.17382	0.02102	0.00478	0.00142	0.00238	0.03104	0.00390	0.00392
50	0.00952	0.00696	0.00788	0.00675	0.00865	0.00744	0.00531	0.21440	0.23459	0.05737	0.34615	0.01898	0.02037	0.00614	0.00414	0.00122	0.00284	0.00518	0.03091	0.00519
51	0.00561	0.00387	0.00480	0.00480	0.00500	0.00407	0.00307	0.00601	0.00581	0.00794	0.01169	0.02245	0.01283	0.62363	0.25813	0.00447	0.00566	0.00521	0.00227	0.00267
52	0.00946	0.00899	0.01429	0.25189	0.51862	0.03531	0.02474	0.06738	0.00925	0.01261	0.00729	0.00971	0.00586	0.00367	0.00385	0.00119	0.00484	0.00344	0.00200	0.00560
53	0.00778	0.02005	0.84367	0.01105	0.01678	0.00900	0.01432	0.01228	0.00818	0.01228	0.00696	0.00818	0.00491	0.00368	0.00368	0.00123	0.00573	0.00286	0.00164	0.00573
54	0.00562	0.00384	0.00467	0.00456	0.00547	0.00356	0.00338	0.00723	0.00987	0.01419	0.51134	0.09755	0.13816	0.00791	0.00427	0.00120	0.00188	0.00689	0.16485	0.00356
55	0.00605	0.00516	0.00535	0.00512	0.00664	0.00509	0.00389	0.00988	0.24332	0.01221	0.05160	0.05620	0.55794	0.00855	0.00441	0.00132	0.00228	0.00716	0.00371	0.00409
56	0.05443	0.04772	0.01070	0.02233	0.01110	0.06937	0.06106	0.08004	0.01111	0.57255	0.01261	0.01158	0.00825	0.00449	0.00378	0.00117	0.00392	0.00364	0.00403	0.00613
57	0.00483	0.00371	0.00442	0.00472	0.00551	0.00330	0.00336	0.00587	0.00872	0.01132	0.20141	0.36731	0.34086	0.01035	0.00473	0.00140	0.00205	0.00908	0.00374	0.00330
58	0.03157	0.00639	0.00748	0.00637	0.00820	0.00652	0.00481	0.05966	0.22447	0.29218	0.02555	0.01714	0.01166	0.27049	0.00878	0.00202	0.00341	0.00454	0.00370	0.00507
59	0.11195	0.09921	0.01206	0.00886	0.01147	0.24454	0.06957	0.24794	0.02527	0.06771	0.02711	0.02246	0.00689	0.00437	0.00375	0.00112	0.02435	0.00323	0.00283	0.00528
60	0.07323	0.00737	0.13754	0.00706	0.02286	0.00544	0.04985	0.00961	0.00948	0.09639	0.35809	0.12250	0.04205	0.02200	0.00452	0.00132	0.00309	0.01979	0.00346	0.00435
61	0.05760	0.00774	0.00918	0.03230	0.07391	0.00711	0.00586	0.15772	0.03659	0.06092	0.00920	0.00991	0.03625	0.00374	0.00328	0.00086	0.00333	0.00299	0.00278	0.47873

[dist]
# distance from previous block
# <min> <max>
0	49

[block]
# block no. 1 follows, 70 sequences, length 32
# corresponding to MSA columns:
# 408-418,430-433,437-453
name=unknown_B
#
# <colnr> <probs for GDERKNQSTAVLIFYWHMCP>
#	G	D	E	R	K	N	Q	S	T	A	V	L	I	F	Y	W	H	M	C	P
0	0.02533	0.08881	0.04722	0.12746	0.27795	0.22867	0.04739	0.06348	0.00966	0.01980	0.00686	0.00863	0.00555	0.00380	0.00384	0.00113	0.02404	0.00309	0.00203	0.00526
1	0.00581	0.09245	0.07416	0.00602	0.00725	0.02123	0.01715	0.00694	0.00781	0.01009	0.02042	0.53345	0.13559	0.02709	0.00481	0.00147	0.00288	0.01860	0.00316	0.00361
2	0.00802	0.00708	0.00971	0.20229	0.04318	0.00653	0.03809	0.03659	0.00830	0.01217	0.00778	0.05574	0.00674	0.00379	0.00355	0.00089	0.02086	0.00323	0.00225	0.52321
3	0.00680	0.00431	0.00566	0.00563	0.00615	0.00442	0.00398	0.07873	0.00729	0.02053	0.01238	0.21451	0.01333	0.13674	0.11063	0.30698	0.00408	0.04391	0.00261	0.01136
4	0.01118	0.00990	0.00925	0.00800	0.01020	0.13779	0.00623	0.20442	0.40450	0.03087	0.04233	0.01391	0.03534	0.05273	0.00478	0.00136	0.00391	0.00416	0.00356	0.00562
5	0.00889	0.00847	0.01431	0.28057	0.56933	0.00904	0.01142	0.01148	0.02698	0.01189	0.00736	0.00993	0.00597	0.00363	0.00385	0.00120	0.00475	0.00347	0.00190	0.00557
6	0.01139	0.00866	0.00965	0.02423	0.01069	0.00955	0.02148	0.35905	0.30172	0.05422	0.01398	0.06797	0.04711	0.03652	0.00459	0.00135	0.00361	0.00461	0.00378	0.00584
7	0.00551	0.00373	0.00488	0.00555	0.00604	0.00350	0.00387	0.00653	0.02606	0.04954	0.02185	0.71183	0.06695	0.01144	0.00488	0.00155	0.00238	0.05684	0.00366	0.00341
8	0.01449	0.01705	0.01099	0.00977	0.01186	0.71659	0.00743	0.09206	0.01156	0.04481	0.00666	0.00750	0.00533	0.00415	0.00375	0.00104	0.02523	0.00267	0.00228	0.00477
9	0.00673	0.00337	0.00505	0.00505	0.00505	0.00337	0.00337	0.00505	0.00505	0.00673	0.00673	0.01178	0.00673	0.01347	0.01515	0.88721	0.00337	0.00337	0.00168	0.00168
10	0.00568	0.00436	0.00650	0.00642	0.00708	0.00518	0.00502	0.00704	0.00622	0.00902	0.01013	0.01491	0.00947	0.02802	0.80886	0.00602	0.05041	0.00412	0.00206	0.00350
11	0.00574	0.00370	0.00444	0.00454	0.00459	0.00368	0.00273	0.00563	0.00582	0.00774	0.01247	0.08835	0.01428	0.65089	0.01744	0.12423	0.00358	0.03540	0.00240	0.00236
12	0.00494	0.00347	0.00446	0.00513	0.00533	0.00330	0.00333	0.00551	0.00714	0.00955	0.04379	0.65571	0.02347	0.19605	0.00813	0.00204	0.00256	0.00974	0.00335	0.00299
13	0.08162	0.00515	0.00628	0.00550	0.00705	0.00482	0.00414	0.01126	0.00883	0.31780	0.11400	0.06003	0.08216	0.23558	0.00825	0.00193	0.00307	0.03445	0.00369	0.00438
14	0.00978	0.00738	0.00812	0.00711	0.00916	0.00810	0.00557	0.10203	0.48151	0.08070	0.16577	0.01726	0.04435	0.00578	0.00404	0.00126	0.00291	0.00484	0.02870	0.00560
15	0.00993	0.00792	0.00846	0.00756	0.00973	0.00899	0.00589	0.01966	0.72582	0.07032	0.01619	0.01493	0.03145	0.00531	0.00391	0.00129	0.00301	0.00441	0.03923	0.00600
16	0.00764	0.00752	0.00644	0.00646	0.00765	0.20484	0.00499	0.00882	0.02560	0.01042	0.04465	0.09326	0.27422	0.00920	0.01654	0.06653	0.00379	0.19478	0.00308	0.00358
17	0.00554	0.00414	0.00615	0.00615	0.00682	0.00480	0.00475	0.00687	0.00621	0.00894	0.01046	0.01564	0.00987	0.06245	0.81526	0.00613	0.01012	0.00421	0.00209	0.00342
18	0.00559	0.00395	0.00518	0.00518	0.00551	0.00428	0.00354	0.00625	0.00592	0.00822	0.01134	0.02053	0.01199	0.46563	0.41499	0.00494	0.00692	0.00493	0.00222	0.00288
19	0.00521	0.00350	0.00465	0.00542	0.00574	0.00326	0.00364	0.00589	0.00750	0.03984	0.02088	0.80614	0.02472	0.03685	0.00534	0.00162	0.00233	0.01061	0.00361	0.00325
20	0.00791	0.28173	0.05509	0.00695	0.00883	0.07104	0.00617	0.00937	0.00721	0.00925	0.00820	0.01126	0.00751	0.01729	0.45764	0.00378	0.02141	0.00329	0.00191	0.00415
21	0.75444	0.00750	0.00608	0.00535	0.00763	0.00861	0.00432	0.07760	0.00748	0.01724	0.00622	0.00795	0.00512	0.06690	0.00379	0.00138	0.00316	0.00247	0.00252	0.00426
22	0.00788	0.01591	0.56416	0.01210	0.11774	0.00837	0.06495	0.01155	0.00833	0.01221	0.00897	0.03275	0.04515	0.00409	0.00378	0.00119	0.00516	0.00348	0.00189	0.07036
23	0.01385	0.01093	0.04164	0.00881	0.01183	0.04088	0.00739	0.62057	0.13399	0.05470	0.01027	0.01008	0.00734	0.00469	0.00387	0.00118	0.00421	0.00358	0.00378	0.00642
24	0.00506	0.00373	0.00447	0.00468	0.00529	0.00342	0.00321	0.00596	0.00829	0.01096	0.22478	0.29063	0.22366	0.17899	0.00769	0.00185	0.00237	0.00828	0.00352	0.00315
25	0.00504	0.00390	0.00440	0.00441	0.00526	0.00360	0.00311	0.00591	0.00796	0.01011	0.11130	0.06098	0.43953	0.21314	0.10216	0.00244	0.00332	0.00712	0.00320	0.00311
26	0.00827	0.06987	0.02528	0.06667	0.06352	0.04501	0.05477	0.03165	0.00782	0.07951	0.01002	0.01301	0.02789	0.01663	0.42280	0.00369	0.04309	0.00386	0.00229	0.00437
27	0.00573	0.00410	0.00549	0.00547	0.00593	0.00450	0.00388	0.02258	0.00628	0.00876	0.01150	0.05173	0.01195	0.35171	0.47767	0.00499	0.00738	0.00498	0.00228	0.00308
28	0.00554	0.00374	0.00424	0.00430	0.00436	0.00370	0.00246	0.00562	0.00587	0.00779	0.01380	0.08347	0.04401	0.77480	0.01818	0.00352	0.00359	0.00610	0.00248	0.00244
29	0.04186	0.00975	0.01718	0.03540	0.45560	0.03631	0.27102	0.01197	0.00872	0.01241	0.00722	0.00961	0.00587	0.00363	0.00454	0.00123	0.05643	0.00373	0.00194	0.00558
30	0.00912	0.13913	0.07892	0.03223	0.01162	0.02482	0.05363	0.02463	0.02327	0.03247	0.00622	0.00857	0.00547	0.00563	0.01885	0.00145	0.46243	0.00318	0.00191	0.05646
31	0.00695	0.00598	0.02567	0.02836	0.00756	0.03505	0.00452	0.11547	0.04693	0.01304	0.16092	0.07237	0.31909	0.08407	0.05511	0.00178	0.00331	0.00644	0.00341	0.00396

[dist]
# distance from previous block
# <min> <max>
0	2

[block]
# block no. 2 follows, 70 sequences, length 7
# corresponding to MSA columns:
# 456-462
name=unknown_C
#
# <colnr> <probs for GDERKNQSTAVLIFYWHMCP>
#	G	D	E	R	K	N	Q	S	T	A	V	L	I	F	Y	W	H	M	C	P
0	0.00573	0.06162	0.00584	0.00498	0.00582	0.00453	0.00359	0.00715	0.04097	0.01167	0.30639	0.20983	0.12679	0.17904	0.00751	0.00179	0.00253	0.00733	0.00347	0.00342
1	0.00563	0.00415	0.00501	0.00522	0.00577	0.00418	0.00361	0.00718	0.07646	0.01001	0.05986	0.24979	0.10907	0.29556	0.08793	0.00268	0.00360	0.05796	0.00310	0.00323
2	0.00930	0.05084	0.16182	0.00847	0.05553	0.09383	0.00734	0.08974	0.04867	0.08258	0.18839	0.08783	0.04791	0.00614	0.00408	0.00123	0.00388	0.04434	0.00317	0.00490
3	0.00956	0.35444	0.04804	0.00815	0.01056	0.13142	0.07539	0.03316	0.00819	0.00991	0.00719	0.00972	0.00650	0.04918	0.17904	0.00221	0.04782	0.00308	0.00191	0.00453
4	0.01068	0.00807	0.01170	0.14395	0.29779	0.00833	0.00866	0.07784	0.13185	0.14994	0.03691	0.01151	0.00840	0.00420	0.00382	0.00116	0.00400	0.00369	0.00292	0.07458
5	0.04530	0.00515	0.00675	0.00603	0.00728	0.00510	0.05280	0.07660	0.00918	0.06786	0.20287	0.13866	0.11005	0.15797	0.08896	0.00220	0.00370	0.00632	0.00334	0.00386
6	0.00571	0.00459	0.00502	0.00557	0.00597	0.05993	0.00382	0.00638	0.00748	0.00955	0.01901	0.51633	0.05304	0.19241	0.00802	0.00201	0.00300	0.08583	0.00322	0.00311

[dist]
# distance from previous block
# <min> <max>
1	6

[block]
# block no. 3 follows, 70 sequences, length 130
# corresponding to MSA columns:
# 469-598
name=unknown_D
#
# <colnr> <probs for GDERKNQSTAVLIFYWHMCP>
#	G	D	E	R	K	N	Q	S	T	A	V	L	I	F	Y	W	H	M	C	P
0	0.00513	0.00365	0.00439	0.00476	0.00508	0.00345	0.00308	0.00566	0.00712	0.00936	0.06187	0.37192	0.12515	0.34404	0.01066	0.00238	0.00281	0.02345	0.00314	0.00289
1	0.01462	0.00614	0.00827	0.02647	0.00945	0.00547	0.00539	0.03171	0.01087	0.63568	0.12547	0.01632	0.04344	0.02337	0.01787	0.00134	0.00324	0.00449	0.00450	0.00589
2	0.01020	0.00831	0.00986	0.07459	0.05039	0.03556	0.04115	0.11234	0.42426	0.07365	0.01418	0.09140	0.02564	0.00556	0.00404	0.00129	0.00364	0.00475	0.00355	0.00566
3	0.01041	0.01171	0.01146	0.01003	0.01071	0.28984	0.00807	0.01132	0.00762	0.00938	0.00551	0.00813	0.00516	0.00635	0.02798	0.00156	0.55554	0.00311	0.00180	0.00431
4	0.00848	0.00848	0.01187	0.01018	0.01018	0.01187	0.00848	0.00933	0.00594	0.00933	0.00509	0.00848	0.00509	0.00679	0.01272	0.00170	0.85666	0.00339	0.00170	0.00424
5	0.02861	0.00736	0.01227	0.64664	0.19909	0.00868	0.01075	0.01031	0.00793	0.01064	0.00701	0.01028	0.00547	0.01477	0.00404	0.00129	0.00498	0.00344	0.00179	0.00467
6	0.00555	0.00379	0.00433	0.00442	0.00458	0.00373	0.00267	0.00576	0.00615	0.00808	0.01522	0.06256	0.08058	0.71236	0.01710	0.00336	0.00354	0.05113	0.00257	0.00252
7	0.00464	0.00388	0.00404	0.00410	0.00530	0.00328	0.00304	0.00564	0.00883	0.01069	0.08002	0.10506	0.72836	0.00991	0.00461	0.00133	0.00198	0.00836	0.00364	0.00328
8	0.01326	0.00943	0.01005	0.00787	0.01054	0.01036	0.00645	0.66542	0.01624	0.02247	0.00997	0.01032	0.00725	0.00463	0.00365	0.00111	0.00378	0.00351	0.17768	0.00601
9	0.00561	0.00389	0.00487	0.00487	0.00510	0.00411	0.00315	0.00605	0.00583	0.00800	0.01162	0.02210	0.01267	0.59448	0.28706	0.00456	0.00590	0.00516	0.00226	0.00271
10	0.04464	0.00540	0.00615	0.00602	0.00731	0.00564	0.00481	0.09206	0.10988	0.01387	0.06901	0.05353	0.09628	0.08216	0.00562	0.00159	0.00300	0.25055	0.13841	0.00408
11	0.00552	0.00381	0.00496	0.00562	0.00605	0.00364	0.00388	0.03833	0.00795	0.03010	0.02044	0.74544	0.02402	0.03630	0.00533	0.00162	0.00246	0.04757	0.00360	0.00336
12	0.00553	0.00414	0.00617	0.00618	0.00686	0.00480	0.00478	0.00688	0.00624	0.00899	0.01058	0.02786	0.01000	0.04354	0.82137	0.00612	0.01015	0.00428	0.00210	0.00344
13	0.00568	0.00428	0.00512	0.00513	0.00614	0.00410	0.00386	0.00796	0.08551	0.01318	0.34529	0.16477	0.21461	0.00884	0.00455	0.00133	0.00217	0.06740	0.04638	0.00371
14	0.00623	0.00426	0.00513	0.00502	0.00597	0.00393	0.01781	0.00731	0.02872	0.07526	0.05375	0.16984	0.30670	0.23571	0.00863	0.00202	0.00279	0.05415	0.00336	0.00341
15	0.89114	0.00750	0.00570	0.00510	0.00750	0.00870	0.00420	0.01140	0.00660	0.01739	0.00540	0.00630	0.00420	0.00360	0.00240	0.00120	0.00300	0.00210	0.00240	0.00420
16	0.00558	0.00375	0.00423	0.00426	0.00430	0.00373	0.00240	0.00563	0.00577	0.00766	0.01312	0.05227	0.03303	0.81738	0.01892	0.00363	0.00367	0.00587	0.00242	0.00240
17	0.00553	0.00404	0.00525	0.00516	0.00610	0.00375	0.00401	0.00728	0.01047	0.01449	0.63935	0.03203	0.10180	0.00853	0.00470	0.00132	0.00212	0.13636	0.00410	0.00361
18	0.14859	0.00524	0.00526	0.00502	0.00585	0.03182	0.00341	0.04205	0.00720	0.04388	0.02564	0.09142	0.06411	0.46805	0.02073	0.00267	0.00354	0.01956	0.00274	0.00324
19	0.00564	0.00376	0.00423	0.00423	0.00423	0.00376	0.00235	0.00564	0.00564	0.00752	0.01222	0.02537	0.01409	0.86375	0.01973	0.00376	0.00376	0.00564	0.00235	0.00235
20	0.00549	0.00396	0.00518	0.00488	0.00579	0.00366	0.00366	0.00732	0.01097	0.01555	0.83752	0.02896	0.03658	0.00793	0.00457	0.00122	0.00183	0.00701	0.00427	0.00366
21	0.08845	0.00599	0.00723	0.00625	0.00821	0.00592	0.00502	0.07871	0.05358	0.32502	0.01393	0.04333	0.02384	0.02228	0.02348	0.06947	0.00328	0.09034	0.12073	0.00496
22	0.01363	0.01159	0.01084	0.00885	0.01155	0.16067	0.00709	0.49109	0.19435	0.03515	0.01024	0.01009	0.00751	0.00467	0.00382	0.00117	0.00447	0.00352	0.00357	0.00612
23	0.00472	0.00337	0.00450	0.00540	0.00562	0.00315	0.00360	0.00540	0.00742	0.00990	0.02137	0.86122	0.02564	0.01215	0.00495	0.00157	0.00225	0.01102	0.00360	0.00315
24	0.00908	0.02907	0.03368	0.20541	0.36471	0.02556	0.23449	0.01924	0.00874	0.01190	0.00727	0.00982	0.00577	0.00356	0.00411	0.00122	0.01536	0.00370	0.00189	0.00540
25	0.02525	0.00823	0.01359	0.18897	0.50494	0.00845	0.02057	0.01256	0.00897	0.14634	0.01966	0.01054	0.00688	0.00382	0.00385	0.00119	0.00447	0.00356	0.00238	0.00576
26	0.71518	0.00831	0.00695	0.03988	0.00903	0.06254	0.02057	0.02759	0.02257	0.03537	0.00603	0.00699	0.00465	0.00376	0.00283	0.00120	0.01738	0.00236	0.00244	0.00438
27	0.00836	0.00812	0.01002	0.00870	0.00942	0.09986	0.05511	0.04272	0.00720	0.00980	0.00777	0.01255	0.00758	0.14565	0.18882	0.00286	0.36559	0.00388	0.00202	0.00396
28	0.00516	0.00378	0.00536	0.00579	0.00624	0.00402	0.00420	0.00617	0.00678	0.00939	0.01562	0.41499	0.01733	0.04134	0.42997	0.00397	0.00638	0.00743	0.00280	0.00329
29	0.00906	0.00871	0.01498	0.21326	0.63351	0.00909	0.03197	0.01146	0.00859	0.01203	0.00721	0.00979	0.00591	0.00355	0.00387	0.00119	0.00478	0.00348	0.00188	0.00570
30	0.00635	0.00505	0.00753	0.09449	0.00874	0.00531	0.09919	0.00704	0.00628	0.00843	0.01073	0.02093	0.01162	0.60671	0.03413	0.01865	0.03852	0.00512	0.00219	0.00298
31	0.00915	0.01046	0.02288	0.01634	0.02026	0.00980	0.82549	0.01242	0.00915	0.01242	0.00784	0.01046	0.00588	0.00327	0.00458	0.00131	0.00654	0.00458	0.00196	0.00523
32	0.00565	0.00378	0.00428	0.00430	0.00432	0.00378	0.00244	0.00569	0.00572	0.00761	0.01241	0.02580	0.01429	0.84365	0.01939	0.00371	0.00375	0.02468	0.00238	0.00238
33	0.23413	0.00791	0.00837	0.02220	0.00983	0.00863	0.00573	0.11213	0.30711	0.21004	0.02733	0.01170	0.00911	0.00469	0.00355	0.00124	0.00326	0.00362	0.00371	0.00573
34	0.00955	0.00939	0.01497	0.01156	0.01415	0.07541	0.37809	0.16710	0.01052	0.01378	0.01117	0.21618	0.01071	0.00586	0.00471	0.00133	0.03218	0.00573	0.00272	0.00490
35	0.00538	0.00365	0.00430	0.00456	0.00462	0.00359	0.00270	0.00557	0.00614	0.00818	0.01477	0.25905	0.01732	0.62567	0.01560	0.00315	0.00334	0.00714	0.00270	0.00257
36	0.08587	0.00498	0.00567	0.00489	0.00665	0.00477	0.00388	0.01261	0.00907	0.30026	0.02690	0.01357	0.00978	0.00459	0.00313	0.00104	0.00242	0.00364	0.49158	0.00469
37	0.00674	0.00367	0.00512	0.00502	0.00544	0.00351	0.00351	0.00605	0.00661	0.04434	0.11538	0.03494	0.10799	0.01190	0.01173	0.60141	0.00299	0.01884	0.00244	0.00239
38	0.00874	0.00721	0.00783	0.00709	0.00900	0.00805	0.00551	0.03153	0.58989	0.02979	0.16655	0.01890	0.06652	0.00610	0.00412	0.00130	0.00281	0.01957	0.00399	0.00548
39	0.00848	0.00848	0.01187	0.01018	0.01018	0.01187	0.00848	0.00933	0.00594	0.00933	0.00509	0.00848	0.00509	0.00679	0.01272	0.00170	0.85666	0.00339	0.00170	0.00424
40	0.00626	0.00451	0.00622	0.00704	0.00796	0.00451	0.00612	0.00819	0.02349	0.01175	0.03921	0.04276	0.03804	0.01053	0.00530	0.00175	0.00349	0.76565	0.00359	0.00361
41	0.01362	0.00741	0.00892	0.00721	0.00977	0.00745	0.00583	0.17145	0.18431	0.39930	0.12804	0.01490	0.01323	0.00530	0.00400	0.00122	0.00323	0.00435	0.00437	0.00609
42	0.00472	0.00337	0.00450	0.00540	0.00562	0.00315	0.00360	0.00540	0.00742	0.00990	0.02137	0.86122	0.02564	0.01215	0.00495	0.00157	0.00225	0.01102	0.00360	0.00315
43	0.00528	0.00374	0.00513	0.00563	0.00609	0.00377	0.00403	0.00623	0.00726	0.02223	0.04360	0.48817	0.03483	0.06177	0.24183	0.00298	0.00467	0.04634	0.00314	0.00328
44	0.00483	0.00346	0.00451	0.00527	0.00557	0.00323	0.00354	0.00554	0.00756	0.01005	0.05713	0.72921	0.06038	0.06107	0.00578	0.00168	0.00233	0.02217	0.00356	0.00314
45	0.02314	0.00402	0.00450	0.00436	0.00552	0.00355	0.00328	0.00644	0.00971	0.01279	0.38141	0.03309	0.47672	0.00888	0.00453	0.00127	0.00193	0.00755	0.00386	0.00346
46	0.00587	0.00405	0.00530	0.00494	0.00592	0.00372	0.00372	0.00768	0.01098	0.04189	0.81133	0.02846	0.03572	0.00783	0.00455	0.00122	0.00188	0.00691	0.00428	0.00375
47	0.06887	0.00418	0.00491	0.00475	0.00545	0.00412	0.00331	0.00718	0.01993	0.01267	0.42963	0.05917	0.02524	0.29731	0.00953	0.00210	0.00262	0.01792	0.01783	0.00327
48	0.01050	0.01055	0.02015	0.01454	0.01826	0.01034	0.62712	0.20984	0.01135	0.01533	0.00820	0.01018	0.00605	0.00360	0.00441	0.00127	0.00599	0.00431	0.00243	0.00556
49	0.04840	0.00836	0.00993	0.00765	0.01066	0.00838	0.00632	0.34179	0.02322	0.47523	0.01254	0.01140	0.00822	0.00470	0.00384	0.00119	0.00367	0.00367	0.00433	0.00650
50	0.00848	0.00848	0.01187	0.01018	0.01018	0.01187	0.00848	0.00933	0.00594	0.00933	0.00509	0.00848	0.00509	0.00679	0.01272	0.00170	0.85666	0.00339	0.00170	0.00424
51	0.00536	0.00364	0.00431	0.00458	0.00465	0.00357	0.00273	0.00557	0.00618	0.00824	0.01498	0.27789	0.01758	0.60648	0.01527	0.00310	0.00330	0.00726	0.00273	0.00259
52	0.02437	0.00415	0.00439	0.00435	0.00562	0.00368	0.00330	0.00649	0.03435	0.01157	0.15446	0.05260	0.63241	0.00934	0.00455	0.00131	0.00206	0.03387	0.00368	0.00344
53	0.00534	0.00409	0.00499	0.00518	0.00624	0.00374	0.00415	0.00680	0.00946	0.01226	0.26217	0.04802	0.35313	0.00957	0.00482	0.00143	0.00241	0.24896	0.00378	0.00347
54	0.02748	0.10744	0.02574	0.01099	0.09757	0.63324	0.00791	0.02667	0.01042	0.01017	0.00612	0.00722	0.00512	0.00387	0.00342	0.00101	0.00632	0.00257	0.00198	0.00476
55	0.01448	0.01848	0.01099	0.00999	0.01199	0.84819	0.00749	0.01548	0.01099	0.00949	0.00599	0.00699	0.00499	0.00400	0.00350	0.00100	0.00699	0.00250	0.00200	0.00449
56	0.00487	0.00391	0.00434	0.00429	0.00543	0.00338	0.00320	0.00609	0.00942	0.01200	0.28243	0.07512	0.55320	0.00935	0.00460	0.00129	0.00194	0.00796	0.00380	0.00338
57	0.00511	0.00359	0.00433	0.00475	0.00498	0.00343	0.00299	0.00552	0.00677	0.00891	0.01899	0.42199	0.09382	0.38379	0.01137	0.00250	0.00288	0.00841	0.00305	0.00281
58	0.00971	0.03326	0.56152	0.02340	0.01561	0.22102	0.03884	0.03139	0.00914	0.01176	0.00677	0.00798	0.00501	0.00377	0.00365	0.00117	0.00601	0.00284	0.00179	0.00539
59	0.89114	0.00750	0.00570	0.00510	0.00750	0.00870	0.00420	0.01140	0.00660	0.01739	0.00540	0.00630	0.00420	0.00360	0.00240	0.00120	0.00300	0.00210	0.00240	0.00420
60	0.00526	0.00384	0.00503	0.00578	0.00639	0.00364	0.00442	0.00636	0.00812	0.01054	0.02348	0.43945	0.14107	0.02664	0.00531	0.00165	0.00270	0.29347	0.00357	0.00330
61	0.00485	0.00389	0.00403	0.00403	0.00502	0.00340	0.00283	0.00563	0.00817	0.00995	0.05751	0.03432	0.62485	0.20526	0.00805	0.00187	0.00237	0.00756	0.00333	0.00307
62	0.00673	0.00337	0.00505	0.00505	0.00505	0.00337	0.00337	0.00505	0.00505	0.00673	0.00673	0.01178	0.00673	0.01347	0.01515	0.88721	0.00337	0.00337	0.00168	0.00168
63	0.00561	0.00375	0.00424	0.00427	0.00428	0.00374	0.00239	0.00563	0.00570	0.00760	0.01253	0.05428	0.01449	0.83430	0.01922	0.00368	0.00371	0.00582	0.00239	0.00238
64	0.00565	0.00360	0.00449	0.00467	0.00480	0.00353	0.00291	0.00559	0.00627	0.00843	0.05342	0.20984	0.03107	0.43456	0.01427	0.18015	0.00319	0.00647	0.01459	0.00249
65	0.00497	0.00361	0.00470	0.00520	0.00572	0.00334	0.00365	0.00602	0.00855	0.01154	0.24692	0.54684	0.08781	0.01077	0.00483	0.00146	0.00215	0.03482	0.00378	0.00331
66	0.00804	0.00689	0.00804	0.00574	0.00919	0.00517	0.00459	0.00976	0.00804	0.01263	0.00689	0.00804	0.00574	0.00287	0.00287	0.00057	0.00287	0.00230	0.00230	0.88745
67	0.01160	0.00547	0.00691	0.00577	0.00772	0.00508	0.00459	0.04399	0.04089	0.38002	0.24108	0.01770	0.01707	0.00561	0.00384	0.00115	0.00261	0.00470	0.18906	0.00515
68	0.23172	0.00891	0.00931	0.00741	0.01019	0.00968	0.00608	0.42426	0.04235	0.16385	0.00987	0.02297	0.00708	0.00455	0.00351	0.00118	0.00365	0.00337	0.02419	0.00586
69	0.00483	0.00347	0.00462	0.00546	0.00577	0.00326	0.00374	0.00560	0.00756	0.01007	0.03587	0.76805	0.04391	0.01234	0.02459	0.00168	0.00249	0.04992	0.00357	0.00319
70	0.00547	0.00396	0.00516	0.00486	0.00578	0.00365	0.00364	0.00728	0.01093	0.01545	0.82250	0.02912	0.05166	0.00796	0.00457	0.00122	0.00183	0.00703	0.00426	0.00365
71	0.00464	0.00393	0.00401	0.00399	0.00527	0.00330	0.00299	0.00568	0.00898	0.01080	0.09133	0.03677	0.78573	0.00969	0.00458	0.00130	0.00195	0.00811	0.00364	0.00330
72	0.00753	0.00544	0.00593	0.00554	0.00694	0.00578	0.00425	0.02886	0.28220	0.01497	0.20117	0.02018	0.09137	0.00624	0.00395	0.01311	0.00235	0.02006	0.26968	0.00446
73	0.01448	0.01848	0.01099	0.00999	0.01199	0.84819	0.00749	0.01548	0.01099	0.00949	0.00599	0.00699	0.00499	0.00400	0.00350	0.00100	0.00699	0.00250	0.00200	0.00449
74	0.01036	0.86609	0.02032	0.00663	0.00995	0.01534	0.00663	0.01161	0.00788	0.00912	0.00539	0.00622	0.00498	0.00332	0.00249	0.00083	0.00415	0.00207	0.00166	0.00498
75	0.00489	0.00398	0.00420	0.00414	0.00538	0.00344	0.00311	0.00617	0.02029	0.01156	0.17855	0.03488	0.66218	0.00927	0.00452	0.00128	0.00195	0.00779	0.02904	0.00339
76	0.00660	0.00407	0.00479	0.00466	0.00495	0.00404	0.00289	0.02090	0.00633	0.05863	0.01249	0.02458	0.01373	0.70876	0.01752	0.04955	0.00371	0.04655	0.00255	0.00271
77	0.01739	0.00660	0.00900	0.00690	0.00990	0.00570	0.00570	0.01889	0.01110	0.84226	0.01529	0.01320	0.00960	0.00480	0.00390	0.00120	0.00330	0.00390	0.00480	0.00660
78	0.00557	0.00413	0.00620	0.00620	0.00688	0.00481	0.00481	0.00688	0.00620	0.00894	0.01029	0.01514	0.00962	0.02869	0.82757	0.02824	0.01021	0.00413	0.00207	0.00342
79	0.00514	0.00378	0.00450	0.00472	0.00554	0.00337	0.00335	0.00613	0.00862	0.03012	0.17800	0.33702	0.33747	0.04739	0.00536	0.00149	0.00215	0.00880	0.00370	0.00333
80	0.00704	0.00361	0.00383	0.00382	0.00459	0.00360	0.00278	0.00842	0.00780	0.01339	0.03826	0.01528	0.01072	0.05380	0.00487	0.08281	0.00206	0.00381	0.72615	0.00337
81	0.89114	0.00750	0.00570	0.00510	0.00750	0.00870	0.00420	0.01140	0.00660	0.01739	0.00540	0.00630	0.00420	0.00360	0.00240	0.00120	0.00300	0.00210	0.00240	0.00420
82	0.00525	0.00436	0.00512	0.00580	0.06488	0.00389	0.00399	0.00639	0.00869	0.01071	0.05270	0.03518	0.59749	0.06589	0.00563	0.00152	0.00248	0.11315	0.00341	0.00346
83	0.00988	0.00760	0.00831	0.00747	0.00949	0.00852	0.00580	0.03362	0.62734	0.09044	0.01575	0.04065	0.01255	0.06240	0.00508	0.00149	0.00316	0.04081	0.00389	0.00574
84	0.00565	0.00374	0.00438	0.00446	0.00455	0.00371	0.00266	0.00570	0.00599	0.00798	0.03197	0.07783	0.02719	0.69398	0.01746	0.06187	0.00356	0.03240	0.00249	0.00244
85	0.89114	0.00750	0.00570	0.00510	0.00750	0.00870	0.00420	0.01140	0.00660	0.01739	0.00540	0.00630	0.00420	0.00360	0.00240	0.00120	0.00300	0.00210	0.00240	0.00420
86	0.00770	0.00728	0.01232	0.71504	0.16311	0.00871	0.01096	0.01024	0.00793	0.01037	0.00696	0.01021	0.00533	0.00381	0.00387	0.00127	0.00507	0.00345	0.00176	0.00461
87	0.00954	0.00834	0.00903	0.00809	0.01009	0.00983	0.00634	0.01963	0.76155	0.01563	0.01486	0.01395	0.01125	0.00539	0.00470	0.00135	0.07640	0.00430	0.00375	0.00597
88	0.00889	0.00922	0.01749	0.03369	0.15623	0.00845	0.45247	0.01157	0.00877	0.01246	0.00748	0.00967	0.00587	0.00321	0.00398	0.00109	0.00521	0.00376	0.00204	0.23845
89	0.00472	0.00337	0.00450	0.00540	0.00562	0.00315	0.00360	0.00540	0.00742	0.00990	0.02137	0.86122	0.02564	0.01215	0.00495	0.00157	0.00225	0.01102	0.00360	0.00315
90	0.00461	0.00392	0.00393	0.00393	0.00521	0.00328	0.00293	0.00557	0.00876	0.01040	0.03860	0.03701	0.81741	0.03115	0.00496	0.00137	0.00201	0.00812	0.00357	0.00325
91	0.01012	0.02757	0.22540	0.04352	0.40033	0.00892	0.06439	0.03048	0.02388	0.11566	0.00838	0.00978	0.00630	0.00374	0.00383	0.00119	0.00483	0.00342	0.00227	0.00596
92	0.00470	0.00361	0.00431	0.00482	0.00548	0.00322	0.00336	0.00554	0.00810	0.01035	0.06174	0.51689	0.33178	0.01110	0.00479	0.00146	0.00212	0.00979	0.00363	0.00322
93	0.01474	0.01086	0.01163	0.00892	0.01202	0.01202	0.00737	0.82664	0.01823	0.02443	0.00931	0.00931	0.00659	0.00465	0.00388	0.00116	0.00427	0.00349	0.00388	0.00659
94	0.00804	0.00689	0.00804	0.00574	0.00919	0.00517	0.00459	0.00976	0.00804	0.01263	0.00689	0.00804	0.00574	0.00287	0.00287	0.00057	0.00287	0.00230	0.00230	0.88745
95	0.00960	0.00921	0.01574	0.02380	0.83957	0.00921	0.01190	0.01190	0.00883	0.01267	0.00729	0.00960	0.00614	0.00345	0.00384	0.00115	0.00461	0.00345	0.00192	0.00614
96	0.00960	0.00921	0.01574	0.02380	0.83957	0.00921	0.01190	0.01190	0.00883	0.01267	0.00729	0.00960	0.00614	0.00345	0.00384	0.00115	0.00461	0.00345	0.00192	0.00614
97	0.00964	0.00833	0.00877	0.00789	0.01008	0.00964	0.00614	0.02060	0.83257	0.01622	0.01578	0.01446	0.01183	0.00526	0.00394	0.00131	0.00307	0.00438	0.00394	0.00614
98	0.00542	0.00381	0.00504	0.00499	0.00571	0.00354	0.00363	0.00680	0.00990	0.01388	0.62593	0.18752	0.03251	0.00910	0.00534	0.05993	0.00201	0.00754	0.00397	0.00343
99	0.00778	0.02005	0.84367	0.01105	0.01678	0.00900	0.01432	0.01228	0.00818	0.01228	0.00696	0.00818	0.00491	0.00368	0.00368	0.00123	0.00573	0.00286	0.00164	0.00573
100	0.89114	0.00750	0.00570	0.00510	0.00750	0.00870	0.00420	0.01140	0.00660	0.01739	0.00540	0.00630	0.00420	0.00360	0.00240	0.00120	0.00300	0.00210	0.00240	0.00420
101	0.00564	0.00376	0.00423	0.00423	0.00423	0.00376	0.00235	0.00564	0.00564	0.00752	0.01222	0.02537	0.01409	0.86375	0.01973	0.00376	0.00376	0.00564	0.00235	0.00235
102	0.00538	0.00388	0.00497	0.00496	0.00579	0.00355	0.00365	0.00687	0.00993	0.02350	0.54527	0.20669	0.12399	0.00906	0.00466	0.00132	0.00199	0.02696	0.00404	0.00354
103	0.89114	0.00750	0.00570	0.00510	0.00750	0.00870	0.00420	0.01140	0.00660	0.01739	0.00540	0.00630	0.00420	0.00360	0.00240	0.00120	0.00300	0.00210	0.00240	0.00420
104	0.09740	0.00668	0.00869	0.00673	0.00968	0.00597	0.00556	0.01821	0.01068	0.76673	0.01439	0.01256	0.00910	0.00469	0.00376	0.00120	0.00327	0.00373	0.00458	0.00638
105	0.02274	0.00353	0.00485	0.00489	0.00495	0.00354	0.00318	0.00531	0.00534	0.00728	0.00872	0.06249	0.00934	0.19670	0.01533	0.63026	0.00338	0.00426	0.00195	0.00196
106	0.00518	0.00384	0.00431	0.00428	0.00500	0.00351	0.00290	0.00589	0.00797	0.01026	0.17469	0.05842	0.35511	0.30710	0.01015	0.02552	0.00261	0.00705	0.00324	0.00298
107	0.00751	0.00458	0.00515	0.00491	0.00585	0.00458	0.00360	0.08336	0.00863	0.05169	0.03424	0.05042	0.07280	0.26427	0.00852	0.00195	0.00290	0.08780	0.29363	0.00361
108	0.00964	0.00833	0.00877	0.00789	0.01008	0.00964	0.00614	0.02060	0.83257	0.01622	0.01578	0.01446	0.01183	0.00526	0.00394	0.00131	0.00307	0.00438	0.00394	0.00614
109	0.08874	0.00520	0.02135	0.00550	0.00705	0.00475	0.00438	0.02242	0.02400	0.16005	0.22913	0.11018	0.19410	0.03512	0.00480	0.00140	0.00260	0.07125	0.00380	0.00417
110	0.00535	0.00387	0.00449	0.00464	0.00558	0.00341	0.00332	0.00630	0.00858	0.04764	0.12027	0.29389	0.41801	0.04993	0.00537	0.00149	0.00218	0.00864	0.00367	0.00338
111	0.02831	0.00455	0.00550	0.00500	0.00586	0.00436	0.00338	0.01668	0.00726	0.19541	0.02683	0.02928	0.05092	0.51682	0.02980	0.04746	0.00362	0.01249	0.00299	0.00345
112	0.43465	0.00811	0.00807	0.00655	0.00928	0.00876	0.00540	0.21622	0.02296	0.23191	0.00908	0.00895	0.00630	0.00420	0.00318	0.00119	0.00339	0.00294	0.00341	0.00544
113	0.00556	0.00405	0.00499	0.00498	0.00577	0.00389	0.00364	0.02547	0.00859	0.01151	0.24946	0.11476	0.20855	0.13998	0.09763	0.03764	0.00333	0.05435	0.01258	0.00328
114	0.10431	0.00455	0.00511	0.00490	0.00608	0.00430	0.00356	0.00819	0.00828	0.12477	0.10659	0.18977	0.24451	0.15963	0.00700	0.00176	0.00262	0.00691	0.00348	0.00368
115	0.02003	0.00372	0.00491	0.00526	0.00567	0.00357	0.00367	0.00613	0.00714	0.03098	0.06595	0.35600	0.06403	0.10111	0.00902	0.22655	0.00280	0.07755	0.00303	0.00287
116	0.14047	0.00834	0.00888	0.00746	0.00999	0.00920	0.00598	0.18453	0.38748	0.15941	0.02941	0.01229	0.00976	0.00487	0.00371	0.00125	0.00332	0.00384	0.00386	0.00598
117	0.02923	0.00982	0.01003	0.16760	0.05537	0.19304	0.00748	0.07170	0.17431	0.04884	0.02693	0.02523	0.01954	0.02170	0.06534	0.00164	0.06082	0.00376	0.00268	0.00492
118	0.00498	0.00373	0.00449	0.00475	0.00540	0.00346	0.00330	0.00586	0.00802	0.01046	0.14067	0.31122	0.27352	0.13893	0.06139	0.00207	0.00285	0.00834	0.00341	0.00316
119	0.00505	0.00351	0.00451	0.00514	0.00534	0.00335	0.00336	0.00557	0.00704	0.00939	0.03346	0.59529	0.02247	0.22626	0.00887	0.01905	0.00268	0.03346	0.00326	0.00294
120	0.00879	0.00675	0.02120	0.02197	0.02126	0.00688	0.05437	0.16079	0.09671	0.05084	0.05800	0.05398	0.02410	0.00829	0.02198	0.00159	0.00387	0.37037	0.00355	0.00469
121	0.00837	0.00792	0.01257	0.43825	0.10485	0.02159	0.09892	0.04725	0.00855	0.01164	0.00709	0.00968	0.00552	0.00367	0.00395	0.00114	0.02462	0.00333	0.00198	0.17910
122	0.03616	0.00584	0.00699	0.00627	0.00739	0.00647	0.00470	0.21239	0.00903	0.01263	0.01032	0.01628	0.00990	0.26899	0.32622	0.03469	0.01491	0.00433	0.00260	0.00389
123	0.01898	0.26689	0.01501	0.03854	0.27221	0.09755	0.01583	0.09622	0.06626	0.01261	0.00779	0.00970	0.00659	0.00424	0.01340	0.00113	0.00460	0.02788	0.00225	0.02232
124	0.00554	0.00414	0.00615	0.00615	0.00682	0.00480	0.00475	0.00687	0.00621	0.00894	0.01046	0.01563	0.00986	0.06163	0.81607	0.00613	0.01013	0.00421	0.00209	0.00342
125	0.00567	0.00394	0.00507	0.00561	0.00601	0.00389	0.00413	0.00650	0.00731	0.00963	0.01748	0.22135	0.01987	0.34314	0.01086	0.00251	0.00334	0.31761	0.00310	0.00300
126	0.00586	0.00501	0.00533	0.00532	0.02514	0.00483	0.00390	0.00911	0.19055	0.01205	0.07513	0.04111	0.58520	0.00860	0.00443	0.00131	0.00226	0.00721	0.00367	0.00399
127	0.00723	0.00361	0.00361	0.00361	0.00452	0.00361	0.00271	0.00903	0.00813	0.01445	0.01265	0.01445	0.00994	0.00452	0.00271	0.00090	0.00181	0.00361	0.88528	0.00361
128	0.00804	0.00689	0.00804	0.00574	0.00919	0.00517	0.00459	0.00976	0.00804	0.01263	0.00689	0.00804	0.00574	0.00287	0.00287	0.00057	0.00287	0.00230	0.00230	0.88745
129	0.00860	0.00482	0.00631	0.00558	0.00706	0.00446	0.00435	0.01077	0.04943	0.21613	0.57341	0.02492	0.02842	0.00713	0.00440	0.00124	0.00230	0.03183	0.00436	0.00448

[dist]
# distance from previous block
# <min> <max>
0	1

[block]
# block no. 4 follows, 70 sequences, length 8
# corresponding to MSA columns:
# 600-607
name=unknown_E
#
# <colnr> <probs for GDERKNQSTAVLIFYWHMCP>
#	G	D	E	R	K	N	Q	S	T	A	V	L	I	F	Y	W	H	M	C	P
0	0.00984	0.01137	0.07311	0.04103	0.13303	0.19229	0.13229	0.01315	0.12466	0.01199	0.05729	0.01245	0.00898	0.00488	0.00515	0.00128	0.11595	0.04384	0.00239	0.00503
1	0.01157	0.55990	0.05388	0.00780	0.01090	0.21074	0.00724	0.07859	0.00946	0.01059	0.00592	0.00674	0.00511	0.00360	0.00289	0.00091	0.00490	0.00232	0.00192	0.00503
2	0.00487	0.00354	0.00448	0.00514	0.00553	0.00329	0.00349	0.00560	0.00760	0.00999	0.05088	0.61662	0.12884	0.09520	0.00635	0.00175	0.00239	0.03783	0.00350	0.00312
3	0.42970	0.00891	0.00925	0.04495	0.03051	0.06847	0.06813	0.12612	0.06212	0.03227	0.00735	0.00849	0.00568	0.00514	0.04074	0.00144	0.04035	0.00293	0.00261	0.00482
4	0.01083	0.00792	0.03250	0.00757	0.00988	0.00820	0.00622	0.12821	0.40041	0.15488	0.07377	0.01781	0.03499	0.00589	0.00412	0.00131	0.00328	0.08246	0.00399	0.00577
5	0.01344	0.04553	0.01134	0.00956	0.01160	0.54437	0.00744	0.14335	0.07231	0.01232	0.00713	0.00803	0.00576	0.00444	0.00444	0.00111	0.08763	0.00286	0.00240	0.00494
