[name]
unknown

[dist]
# distance from previous block
# <min> <max>
5	366

[block]
# block no. 0 follows, 74 sequences, length 19
# corresponding to MSA columns:
# 379-397
name=unknown_A
#
# <colnr> <probs for GDERKNQSTAVLIFYWHMCP>
#	G	D	E	R	K	N	Q	S	T	A	V	L	I	F	Y	W	H	M	C	P
0	0.00961	0.00842	0.01420	0.09372	0.70721	0.00850	0.01081	0.01177	0.00854	0.08029	0.00757	0.00953	0.00607	0.00345	0.00368	0.00112	0.00435	0.00334	0.00205	0.00576
1	0.00831	0.00874	0.02764	0.17228	0.26003	0.07709	0.21985	0.01060	0.01931	0.01096	0.00912	0.14140	0.00848	0.00469	0.00400	0.00122	0.00482	0.00462	0.00209	0.00475
2	0.00773	0.00760	0.00996	0.05438	0.00989	0.04810	0.00728	0.02154	0.00645	0.00924	0.00843	0.01129	0.07414	0.00931	0.12419	0.00212	0.57886	0.00369	0.00187	0.00393
3	0.82317	0.00816	0.07450	0.00535	0.00790	0.00835	0.00481	0.01098	0.00644	0.01625	0.00529	0.00618	0.00408	0.00345	0.00240	0.00115	0.00308	0.00207	0.00224	0.00414
4	0.00718	0.00671	0.01135	0.64250	0.14043	0.00797	0.02406	0.00952	0.00752	0.00992	0.02108	0.01048	0.00595	0.00568	0.07329	0.00160	0.00525	0.00343	0.00175	0.00431
5	0.00775	0.00689	0.01074	0.66484	0.03620	0.00827	0.00938	0.10117	0.00847	0.01112	0.00708	0.01000	0.00542	0.00531	0.05869	0.00150	0.00508	0.00331	0.00192	0.03686
6	0.00469	0.00334	0.00444	0.00525	0.00551	0.00315	0.00360	0.00540	0.00714	0.00950	0.01993	0.75172	0.02369	0.05680	0.00552	0.00164	0.00234	0.07996	0.00338	0.00301
7	0.01018	0.81658	0.01887	0.00656	0.00965	0.06898	0.00640	0.01135	0.00773	0.00876	0.00520	0.00600	0.00476	0.00322	0.00244	0.00080	0.00415	0.00201	0.00161	0.00473
8	0.00730	0.00685	0.00957	0.00846	0.00866	0.00924	0.00689	0.00839	0.02302	0.00890	0.00671	0.01071	0.00656	0.05808	0.22165	0.00280	0.58703	0.00356	0.00179	0.00382
9	0.00799	0.19874	0.60219	0.00922	0.01381	0.00954	0.01129	0.01132	0.00767	0.02517	0.00678	0.00841	0.00529	0.04276	0.02380	0.00131	0.00514	0.00275	0.00166	0.00515
10	0.00710	0.01708	0.73582	0.00981	0.01463	0.00789	0.01233	0.01098	0.00796	0.01180	0.06313	0.06855	0.00808	0.00436	0.00367	0.00120	0.00501	0.00355	0.00186	0.00518
11	0.00740	0.00700	0.01184	0.70992	0.17322	0.00835	0.01050	0.00983	0.00761	0.00996	0.00667	0.00977	0.00512	0.00364	0.00370	0.00121	0.00485	0.00330	0.00168	0.00444
12	0.00914	0.00742	0.01122	0.01415	0.39104	0.00748	0.04043	0.01275	0.17637	0.10413	0.05397	0.06340	0.07201	0.00502	0.00390	0.00119	0.00359	0.01454	0.00287	0.00538
13	0.00815	0.00638	0.01045	0.68975	0.02215	0.00763	0.00928	0.01041	0.00774	0.11932	0.00788	0.01058	0.00580	0.00549	0.06255	0.00155	0.00506	0.00340	0.00206	0.00435
14	0.00919	0.00882	0.01507	0.02278	0.84640	0.00882	0.01139	0.01139	0.00845	0.01213	0.00698	0.00919	0.00588	0.00331	0.00367	0.00110	0.00441	0.00331	0.00184	0.00588
15	0.00794	0.00755	0.01281	0.50302	0.37592	0.00849	0.01077	0.01030	0.00786	0.01061	0.00676	0.00959	0.00535	0.00354	0.00370	0.00118	0.00472	0.00330	0.00173	0.00487
16	0.00954	0.01270	0.41835	0.00904	0.03888	0.01937	0.02913	0.01306	0.07202	0.20992	0.01292	0.02880	0.10042	0.00469	0.00374	0.00119	0.00428	0.00385	0.00272	0.00539
17	0.01599	0.00634	0.00879	0.06564	0.01059	0.00565	0.00579	0.01749	0.01040	0.79094	0.01409	0.01244	0.00890	0.00453	0.00373	0.00115	0.00328	0.00370	0.00439	0.00617
18	0.00707	0.00668	0.01115	0.81497	0.02472	0.00841	0.01019	0.00945	0.00733	0.00945	0.00650	0.00980	0.00494	0.00386	0.00417	0.00126	0.05098	0.00330	0.00165	0.00412

[dist]
# distance from previous block
# <min> <max>
0	1

[block]
# block no. 1 follows, 74 sequences, length 46
# corresponding to MSA columns:
# 399-444
name=unknown_B
#
# <colnr> <probs for GDERKNQSTAVLIFYWHMCP>
#	G	D	E	R	K	N	Q	S	T	A	V	L	I	F	Y	W	H	M	C	P
0	0.00858	0.01561	0.56644	0.01008	0.01447	0.04789	0.06989	0.05575	0.00874	0.06607	0.00867	0.04507	0.00698	0.00437	0.00375	0.00121	0.00511	0.05395	0.00211	0.00527
1	0.30040	0.00776	0.09855	0.00609	0.00868	0.00669	0.00548	0.05946	0.02044	0.17216	0.18298	0.01243	0.01192	0.00455	0.00328	0.00110	0.00304	0.00352	0.00312	0.08835
2	0.00859	0.00872	0.01198	0.01202	0.15665	0.05250	0.00865	0.00965	0.00641	0.00950	0.00529	0.00824	0.00504	0.00581	0.01025	0.00150	0.66992	0.00322	0.00168	0.00439
3	0.01854	0.02974	0.03044	0.18976	0.44876	0.02550	0.04867	0.01037	0.00812	0.01872	0.00951	0.05941	0.05860	0.00433	0.00395	0.00117	0.02341	0.00397	0.00201	0.00502
4	0.00951	0.00656	0.00923	0.03611	0.07670	0.03838	0.10550	0.03671	0.02333	0.22836	0.14225	0.01955	0.21383	0.01774	0.00439	0.00122	0.01740	0.00516	0.00337	0.00468
5	0.01420	0.00932	0.01066	0.00877	0.05215	0.00995	0.00687	0.57845	0.05244	0.20303	0.01035	0.00996	0.00715	0.00446	0.00372	0.00113	0.00385	0.00346	0.00382	0.00627
6	0.01016	0.02324	0.18017	0.02814	0.30696	0.00840	0.09053	0.03993	0.06469	0.16136	0.00907	0.02367	0.00683	0.00394	0.00395	0.00117	0.02612	0.00353	0.00248	0.00567
7	0.00806	0.24469	0.01217	0.05860	0.19882	0.02960	0.01926	0.01018	0.06295	0.01088	0.07488	0.12516	0.03011	0.00608	0.03568	0.00128	0.01559	0.01328	0.03816	0.00455
8	0.01576	0.00646	0.00857	0.00663	0.00938	0.00578	0.00545	0.07705	0.01112	0.73697	0.06561	0.01330	0.01058	0.00477	0.00377	0.00115	0.00314	0.00389	0.00450	0.00614
9	0.00832	0.00907	0.01890	0.13631	0.06963	0.00882	0.61397	0.01121	0.00866	0.01175	0.05917	0.01104	0.00737	0.00350	0.00424	0.00124	0.00568	0.00430	0.00198	0.00484
10	0.01047	0.01145	0.04113	0.05431	0.32235	0.25713	0.04063	0.05983	0.08937	0.01199	0.00828	0.01093	0.00697	0.00414	0.00370	0.00113	0.00499	0.05381	0.00223	0.00516
11	0.00581	0.00384	0.00495	0.00544	0.00602	0.00368	0.00380	0.00724	0.06537	0.07257	0.03665	0.68579	0.03220	0.02316	0.00480	0.00149	0.00232	0.02787	0.00355	0.00347
12	0.00751	0.00678	0.00944	0.26314	0.08096	0.00815	0.00738	0.01096	0.19067	0.01063	0.01076	0.01397	0.05800	0.12881	0.00760	0.00165	0.17290	0.00406	0.00232	0.00431
13	0.89577	0.00718	0.00546	0.00488	0.00718	0.00833	0.00402	0.01091	0.00632	0.01665	0.00517	0.00603	0.00402	0.00345	0.00230	0.00115	0.00287	0.00201	0.00230	0.00402
14	0.00529	0.00394	0.00514	0.00536	0.00571	0.00411	0.00382	0.00561	0.00676	0.00893	0.01923	0.42892	0.17833	0.03606	0.00767	0.15435	0.10727	0.00772	0.00287	0.00290
15	0.00829	0.00790	0.01344	0.36861	0.50759	0.00858	0.01094	0.01060	0.00803	0.01104	0.00682	0.00948	0.00550	0.00347	0.00369	0.00116	0.00463	0.00330	0.00176	0.00515
16	0.14703	0.00644	0.00815	0.00635	0.00913	0.00588	0.00524	0.01702	0.00999	0.72554	0.01324	0.01165	0.00842	0.00442	0.00352	0.00115	0.00312	0.00348	0.00425	0.00598
17	0.00895	0.00857	0.01451	0.02185	0.80491	0.00854	0.01097	0.01109	0.00845	0.01202	0.00849	0.01050	0.04725	0.00361	0.00371	0.00111	0.00428	0.00353	0.00192	0.00574
18	0.00559	0.00481	0.00800	0.02081	0.00871	0.00453	0.16318	0.00694	0.00780	0.01025	0.01949	0.46948	0.10930	0.00941	0.00468	0.00146	0.00315	0.13581	0.00311	0.00349
19	0.00568	0.00419	0.00578	0.01642	0.00623	0.00449	0.03039	0.00638	0.00619	0.01993	0.01261	0.17314	0.01385	0.37615	0.21816	0.00347	0.05442	0.03712	0.00242	0.00296
20	0.01236	0.00976	0.01244	0.01053	0.06359	0.17295	0.16034	0.01394	0.00907	0.29915	0.00903	0.00982	0.00655	0.00450	0.00558	0.00123	0.18778	0.00346	0.00276	0.00517
21	0.00987	0.01010	0.11245	0.01777	0.46849	0.02108	0.17808	0.01239	0.00874	0.11290	0.00796	0.00958	0.00608	0.00346	0.00380	0.00114	0.00479	0.00350	0.00215	0.00569
22	0.02030	0.02032	0.03255	0.05918	0.57450	0.04679	0.14072	0.01157	0.00856	0.02510	0.02076	0.00949	0.00621	0.00342	0.00375	0.00113	0.00476	0.00345	0.00192	0.00551
23	0.00719	0.00685	0.01195	0.69792	0.05542	0.00813	0.08568	0.00967	0.00765	0.00991	0.00750	0.01186	0.00606	0.00405	0.00386	0.00126	0.00495	0.05406	0.00179	0.00423
24	0.00714	0.00677	0.01063	0.25870	0.01422	0.00868	0.05898	0.00871	0.00645	0.00920	0.00679	0.01034	0.00602	0.01071	0.21593	0.00255	0.34896	0.00351	0.00174	0.00395
25	0.01392	0.00832	0.01077	0.02754	0.15384	0.07670	0.04032	0.11187	0.01072	0.45377	0.01130	0.02354	0.00780	0.00437	0.00396	0.00114	0.02711	0.00361	0.00353	0.00587
26	0.00806	0.01742	0.70954	0.01133	0.05330	0.00854	0.07623	0.01205	0.00807	0.05112	0.00712	0.00829	0.00504	0.00354	0.00361	0.00118	0.00539	0.00294	0.00175	0.00551
27	0.00938	0.00918	0.01488	0.02225	0.81272	0.04293	0.01122	0.01153	0.00854	0.01200	0.00693	0.00909	0.00584	0.00333	0.00366	0.00110	0.00450	0.00327	0.00184	0.00582
28	0.00478	0.00378	0.00431	0.00418	0.00526	0.00330	0.00313	0.00609	0.00940	0.01225	0.40621	0.03207	0.47490	0.00857	0.00438	0.00121	0.00182	0.00732	0.00374	0.00330
29	0.01031	0.00952	0.04967	0.03417	0.05072	0.00859	0.57419	0.02801	0.00920	0.17394	0.00884	0.01038	0.00629	0.00347	0.00417	0.00122	0.00548	0.00411	0.00242	0.00532
30	0.00563	0.00402	0.00558	0.00644	0.00714	0.00397	0.00537	0.00709	0.00820	0.01072	0.01985	0.23961	0.02213	0.01058	0.00503	0.00166	0.00311	0.62712	0.00342	0.00332
31	0.00872	0.00838	0.01438	0.19768	0.65819	0.00871	0.02777	0.01100	0.00824	0.01157	0.00691	0.00935	0.00568	0.00339	0.00370	0.00113	0.00456	0.00333	0.00180	0.00549
32	0.00918	0.00884	0.01521	0.02264	0.82949	0.00883	0.02819	0.01140	0.00846	0.01212	0.00699	0.00920	0.00587	0.00330	0.00369	0.00111	0.00445	0.00333	0.00184	0.00586
33	0.00986	0.04879	0.01151	0.08153	0.18578	0.06068	0.07862	0.01431	0.25957	0.11856	0.01141	0.08399	0.00932	0.00475	0.00379	0.00119	0.00394	0.00422	0.00289	0.00532
34	0.00448	0.00367	0.00396	0.00418	0.00519	0.00315	0.00307	0.00538	0.00818	0.00995	0.03330	0.21128	0.64026	0.00990	0.00449	0.00132	0.00200	0.03966	0.00345	0.00312
35	0.00883	0.00845	0.01441	0.16178	0.71022	0.00872	0.01121	0.01108	0.00828	0.01169	0.00692	0.00930	0.00573	0.00337	0.00368	0.00112	0.00450	0.00331	0.00181	0.00559
36	0.01267	0.00819	0.07494	0.00899	0.02551	0.03895	0.16727	0.01472	0.01902	0.46158	0.01286	0.06626	0.00968	0.00498	0.00398	0.00122	0.00405	0.05608	0.00353	0.00552
37	0.00840	0.00842	0.01301	0.01299	0.18796	0.01067	0.07611	0.00970	0.00652	0.00985	0.00554	0.00850	0.00515	0.00555	0.00974	0.00148	0.61084	0.00335	0.00169	0.00452
38	0.00855	0.15245	0.55665	0.00995	0.01454	0.04776	0.06190	0.04378	0.04935	0.01180	0.00694	0.00796	0.00516	0.00357	0.00341	0.00111	0.00517	0.00280	0.00180	0.00534
39	0.00890	0.01521	0.53168	0.01139	0.06773	0.00865	0.11672	0.05140	0.06018	0.08079	0.00807	0.00901	0.00575	0.00369	0.00369	0.00118	0.00510	0.00319	0.00211	0.00558
40	0.00902	0.00801	0.01240	0.43427	0.28662	0.00903	0.01006	0.16226	0.00960	0.01290	0.00715	0.00949	0.00550	0.00372	0.00370	0.00117	0.00462	0.00331	0.00209	0.00509
41	0.01150	0.16806	0.05118	0.01290	0.25634	0.40687	0.00856	0.02380	0.00935	0.01022	0.00608	0.00737	0.00512	0.00355	0.00328	0.00098	0.00545	0.00262	0.00184	0.00493
42	0.00684	0.00479	0.00620	0.00602	0.04590	0.01832	0.01793	0.00890	0.04741	0.09527	0.57823	0.03303	0.10239	0.00705	0.00424	0.00118	0.00224	0.00618	0.00388	0.00399
43	0.05089	0.00884	0.01385	0.01984	0.68157	0.02808	0.01039	0.01184	0.06260	0.01230	0.00727	0.00922	0.00606	0.00364	0.00414	0.00114	0.05744	0.00328	0.00197	0.00564
44	0.22238	0.00859	0.04458	0.00941	0.07255	0.00867	0.13654	0.16959	0.10363	0.07634	0.05031	0.01166	0.00843	0.00442	0.00372	0.00120	0.01806	0.04189	0.00290	0.00513
45	0.03970	0.05621	0.05862	0.02486	0.21479	0.03218	0.02133	0.12597	0.03125	0.22564	0.00929	0.00985	0.00680	0.00492	0.04172	0.00128	0.00420	0.00322	0.00287	0.08531

[dist]
# distance from previous block
# <min> <max>
1	8

[block]
# block no. 2 follows, 74 sequences, length 15
# corresponding to MSA columns:
# 453-467
name=unknown_C
#
# <colnr> <probs for GDERKNQSTAVLIFYWHMCP>
#	G	D	E	R	K	N	Q	S	T	A	V	L	I	F	Y	W	H	M	C	P
0	0.03979	0.14320	0.03719	0.00769	0.03388	0.06915	0.01911	0.20666	0.10546	0.03779	0.00804	0.00851	0.00623	0.00368	0.00317	0.00091	0.00376	0.00280	0.00266	0.26032
1	0.21830	0.09772	0.10472	0.03558	0.03454	0.03048	0.02705	0.23974	0.07698	0.04850	0.00802	0.00859	0.00599	0.00393	0.00319	0.00110	0.00386	0.00291	0.04360	0.00519
2	0.16528	0.05566	0.29205	0.00852	0.01197	0.09698	0.03708	0.05172	0.16864	0.06506	0.00848	0.00889	0.00625	0.00391	0.00333	0.00114	0.00441	0.00297	0.00245	0.00522
3	0.01341	0.00642	0.00828	0.00620	0.00923	0.00527	0.00507	0.01493	0.00957	0.54620	0.01173	0.01085	0.00785	0.00393	0.00338	0.00093	0.00301	0.00318	0.00373	0.32683
4	0.00472	0.00340	0.00450	0.00517	0.00555	0.00317	0.00361	0.00561	0.00774	0.01039	0.14177	0.66743	0.04725	0.01089	0.00470	0.00146	0.00217	0.06382	0.00354	0.00312
5	0.00770	0.00660	0.00770	0.00550	0.00880	0.00495	0.00440	0.00935	0.00770	0.01210	0.00660	0.00770	0.00550	0.00275	0.00275	0.00055	0.00275	0.00220	0.00220	0.89224
6	0.01127	0.00833	0.00981	0.00817	0.01041	0.05820	0.06693	0.08929	0.38067	0.20061	0.01294	0.05139	0.00980	0.00507	0.00436	0.00124	0.05818	0.00416	0.00355	0.00561
7	0.00532	0.00393	0.00571	0.00571	0.00628	0.00450	0.00432	0.00646	0.00589	0.00843	0.01018	0.01589	0.00985	0.14132	0.74214	0.00565	0.00909	0.00417	0.00202	0.00317
8	0.00452	0.00323	0.00431	0.00517	0.00538	0.00301	0.00345	0.00517	0.00711	0.00948	0.02046	0.86713	0.02455	0.01163	0.00474	0.00151	0.00215	0.01055	0.00345	0.00301
9	0.00459	0.00328	0.00439	0.00525	0.00550	0.00308	0.00357	0.00529	0.00718	0.00956	0.02042	0.82614	0.02439	0.01156	0.00476	0.00152	0.00222	0.05083	0.00344	0.00303
10	0.00982	0.83686	0.05348	0.00652	0.00979	0.01444	0.00665	0.01114	0.00755	0.00886	0.00522	0.00603	0.00476	0.00319	0.00243	0.00081	0.00403	0.00202	0.00159	0.00479
11	0.00701	0.00660	0.01113	0.86063	0.02556	0.00825	0.01031	0.00948	0.00742	0.00948	0.00660	0.00990	0.00495	0.00371	0.00371	0.00124	0.00495	0.00330	0.00165	0.00412
12	0.02730	0.03847	0.34192	0.01008	0.03703	0.10171	0.07287	0.19659	0.05318	0.07360	0.00807	0.00872	0.00582	0.00387	0.00359	0.00113	0.00495	0.00309	0.00246	0.00555
13	0.13416	0.04867	0.06448	0.00999	0.02693	0.26936	0.20682	0.03607	0.07769	0.01207	0.00891	0.01057	0.04471	0.00412	0.00358	0.00113	0.00512	0.02873	0.00224	0.00466
14	0.00981	0.03222	0.12369	0.00939	0.01282	0.07107	0.20830	0.04306	0.08039	0.10611	0.00845	0.00929	0.00630	0.00350	0.00352	0.00099	0.00441	0.00320	0.00246	0.26104

[dist]
# distance from previous block
# <min> <max>
0	2

[block]
# block no. 3 follows, 74 sequences, length 44
# corresponding to MSA columns:
# 470-513
name=unknown_D
#
# <colnr> <probs for GDERKNQSTAVLIFYWHMCP>
#	G	D	E	R	K	N	Q	S	T	A	V	L	I	F	Y	W	H	M	C	P
0	0.05923	0.00650	0.00855	0.00659	0.00943	0.00580	0.00544	0.04520	0.01064	0.78080	0.01399	0.01219	0.00884	0.00453	0.00366	0.00115	0.00318	0.00364	0.00445	0.00621
1	0.00886	0.00849	0.01448	0.14760	0.72411	0.00873	0.01123	0.01111	0.00830	0.01173	0.00692	0.00929	0.00574	0.00337	0.00368	0.00112	0.00449	0.00331	0.00181	0.00562
2	0.01356	0.07931	0.05128	0.00811	0.05522	0.00683	0.06048	0.04167	0.01008	0.53429	0.03914	0.01334	0.04855	0.00465	0.00372	0.00114	0.00354	0.01557	0.00375	0.00576
3	0.00449	0.00346	0.00412	0.00464	0.00528	0.00308	0.00324	0.00527	0.00766	0.00972	0.02719	0.52675	0.34729	0.01073	0.00461	0.00141	0.00207	0.02249	0.00345	0.00307
4	0.01409	0.01100	0.01109	0.00863	0.01151	0.08174	0.00706	0.76579	0.01687	0.02220	0.00865	0.00873	0.00618	0.00440	0.00368	0.00110	0.00430	0.00326	0.00356	0.00615
5	0.01305	0.13944	0.01207	0.00826	0.01105	0.11854	0.00687	0.53935	0.08413	0.01874	0.00847	0.00860	0.00631	0.00423	0.00347	0.00106	0.00430	0.00309	0.00317	0.00579
6	0.01305	0.00788	0.01125	0.01135	0.20553	0.00775	0.05446	0.20170	0.01141	0.35211	0.01153	0.01311	0.00851	0.00462	0.00386	0.00118	0.00386	0.06742	0.00350	0.00591
7	0.00457	0.00373	0.00404	0.00405	0.00515	0.00320	0.00300	0.00565	0.00876	0.01094	0.19585	0.09980	0.61991	0.00922	0.00441	0.00126	0.00188	0.00783	0.00357	0.00320
8	0.00919	0.00882	0.01507	0.02278	0.84640	0.00882	0.01139	0.01139	0.00845	0.01213	0.00698	0.00919	0.00588	0.00331	0.00367	0.00110	0.00441	0.00331	0.00184	0.00588
9	0.00968	0.05480	0.10904	0.01343	0.01700	0.16020	0.54195	0.02697	0.00907	0.01142	0.00701	0.00897	0.00535	0.00332	0.00399	0.00117	0.00610	0.00371	0.00187	0.00494
10	0.00932	0.00902	0.01591	0.06447	0.59675	0.02414	0.17331	0.01168	0.00857	0.04004	0.00730	0.00946	0.00587	0.00335	0.00381	0.00114	0.00480	0.00352	0.00193	0.00560
11	0.00701	0.00660	0.01113	0.86063	0.02556	0.00825	0.01031	0.00948	0.00742	0.00948	0.00660	0.00990	0.00495	0.00371	0.00371	0.00124	0.00495	0.00330	0.00165	0.00412
12	0.01038	0.00792	0.01266	0.01365	0.29067	0.04297	0.16007	0.03745	0.00917	0.20431	0.01123	0.14304	0.00981	0.00508	0.00400	0.00121	0.00418	0.02412	0.00283	0.00527
13	0.00786	0.16252	0.71065	0.00987	0.01497	0.00964	0.01248	0.01165	0.00779	0.01125	0.00641	0.00752	0.00471	0.00347	0.00333	0.00111	0.00523	0.00262	0.00157	0.00536
14	0.00914	0.00877	0.01498	0.04140	0.82815	0.00881	0.01137	0.01135	0.00843	0.01207	0.00697	0.00920	0.00586	0.00332	0.00368	0.00111	0.00442	0.00331	0.00183	0.00584
15	0.08954	0.00689	0.02543	0.00666	0.00954	0.00613	0.00560	0.06680	0.01062	0.71279	0.01335	0.01176	0.00849	0.00447	0.00361	0.00115	0.00324	0.00355	0.00429	0.00611
16	0.12575	0.16092	0.01033	0.00661	0.00938	0.00840	0.00561	0.08408	0.10479	0.43012	0.01133	0.01044	0.00775	0.00424	0.00331	0.00110	0.00332	0.00322	0.00360	0.00570
17	0.00877	0.00842	0.01444	0.18083	0.67765	0.00872	0.02489	0.01104	0.00826	0.01162	0.00692	0.00933	0.00570	0.00338	0.00369	0.00113	0.00454	0.00332	0.00180	0.00553
18	0.00542	0.00371	0.00479	0.00479	0.00503	0.00395	0.00317	0.00581	0.00557	0.00767	0.01076	0.02003	0.01156	0.51606	0.32039	0.05595	0.00587	0.00476	0.00212	0.00260
19	0.01438	0.00933	0.01081	0.00830	0.01123	0.01970	0.03963	0.55131	0.04460	0.23610	0.01052	0.01007	0.00719	0.00445	0.00374	0.00113	0.00392	0.00350	0.00385	0.00622
20	0.00525	0.00379	0.00496	0.00467	0.00555	0.00350	0.00350	0.00700	0.01051	0.01488	0.84444	0.02773	0.03502	0.00759	0.00438	0.00117	0.00175	0.00671	0.00409	0.00350
21	0.00770	0.00660	0.00770	0.00550	0.00880	0.00495	0.00440	0.00935	0.00770	0.01210	0.00660	0.00770	0.00550	0.00275	0.00275	0.00055	0.00275	0.00220	0.00220	0.89224
22	0.00449	0.00334	0.00419	0.00487	0.00531	0.00304	0.00331	0.00520	0.00739	0.00959	0.02408	0.69127	0.19807	0.01116	0.00466	0.00145	0.00210	0.00998	0.00345	0.00304
23	0.00861	0.00657	0.00779	0.00561	0.00887	0.00500	0.00451	0.01023	0.00799	0.09694	0.00741	0.00820	0.00587	0.00294	0.00285	0.00061	0.00279	0.00235	0.00244	0.80243
24	0.00913	0.00881	0.01513	0.03555	0.77366	0.00885	0.04779	0.01161	0.03100	0.01217	0.00722	0.00936	0.00600	0.00335	0.00371	0.00112	0.00446	0.00338	0.00189	0.00581
25	0.00518	0.00379	0.00486	0.00459	0.00550	0.00347	0.00345	0.00686	0.01034	0.01448	0.77724	0.02839	0.10248	0.00774	0.00438	0.00117	0.00176	0.00681	0.00403	0.00347
26	0.00776	0.00794	0.04277	0.50043	0.22286	0.00873	0.06455	0.01014	0.00763	0.01032	0.00661	0.00951	0.00520	0.00380	0.00445	0.00124	0.07637	0.00335	0.00170	0.00465
27	0.82180	0.00713	0.00564	0.00493	0.00731	0.00805	0.00405	0.01078	0.00643	0.01627	0.00529	0.00617	0.00414	0.00339	0.00233	0.00110	0.00286	0.00203	0.00229	0.07800
28	0.00461	0.00373	0.00411	0.00422	0.00528	0.00323	0.00317	0.00566	0.00857	0.01065	0.13826	0.13397	0.59542	0.00948	0.00447	0.00130	0.00199	0.05517	0.00353	0.00318
29	0.01374	0.03524	0.01017	0.00747	0.01047	0.00893	0.00619	0.45609	0.01377	0.25367	0.01006	0.00969	0.00695	0.00420	0.00353	0.00103	0.00362	0.00324	0.00367	0.13825
30	0.00744	0.01920	0.85032	0.01058	0.01607	0.00862	0.01371	0.01176	0.00784	0.01176	0.00666	0.00784	0.00470	0.00353	0.00353	0.00118	0.00549	0.00274	0.00157	0.00549
31	0.00880	0.16166	0.45694	0.01065	0.12303	0.01912	0.01061	0.01178	0.00819	0.08611	0.00918	0.00994	0.06046	0.00392	0.00342	0.00110	0.00465	0.00311	0.00201	0.00532
32	0.00761	0.07520	0.79574	0.01030	0.01564	0.00902	0.01323	0.01171	0.00782	0.01156	0.00656	0.00771	0.00471	0.00350	0.00345	0.00115	0.00539	0.00269	0.00157	0.00544
33	0.00673	0.00450	0.00595	0.00621	0.00729	0.00442	0.00517	0.00890	0.06356	0.07783	0.16653	0.08574	0.06590	0.00903	0.00473	0.00150	0.00291	0.46566	0.00366	0.00378
34	0.00540	0.00360	0.00405	0.00405	0.00405	0.00360	0.00225	0.00540	0.00540	0.00720	0.01170	0.02429	0.01349	0.86955	0.01889	0.00360	0.00360	0.00540	0.00225	0.00225
35	0.11518	0.00850	0.01332	0.04621	0.64426	0.00869	0.01001	0.04636	0.00865	0.05366	0.00721	0.00899	0.00581	0.00345	0.00352	0.00111	0.00417	0.00317	0.00210	0.00564
36	0.00595	0.00395	0.00518	0.00479	0.00578	0.00362	0.00362	0.00768	0.01051	0.06563	0.79395	0.02681	0.03345	0.00741	0.00434	0.00117	0.00184	0.00653	0.00412	0.00367
37	0.00506	0.00378	0.00472	0.00466	0.00557	0.00344	0.00353	0.00654	0.00964	0.01310	0.53879	0.09600	0.21462	0.00851	0.00446	0.00125	0.00193	0.06720	0.00384	0.00338
38	0.01062	0.00835	0.01262	0.10126	0.47747	0.03181	0.00943	0.03918	0.07633	0.16689	0.00900	0.01017	0.00680	0.00383	0.00384	0.00114	0.01954	0.00343	0.00254	0.00572
39	0.01026	0.00848	0.00897	0.00776	0.01004	0.00971	0.00612	0.19123	0.66651	0.01718	0.01380	0.01281	0.01027	0.00491	0.00376	0.00123	0.00318	0.00402	0.00376	0.00597
40	0.89577	0.00718	0.00546	0.00488	0.00718	0.00833	0.00402	0.01091	0.00632	0.01665	0.00517	0.00603	0.00402	0.00345	0.00230	0.00115	0.00287	0.00201	0.00230	0.00402
41	0.00936	0.00883	0.01504	0.02222	0.80782	0.00883	0.02542	0.02431	0.00863	0.02358	0.00712	0.00924	0.00593	0.00334	0.00369	0.00111	0.00442	0.00333	0.00190	0.00588
42	0.01000	0.00851	0.01235	0.29285	0.25719	0.00949	0.02266	0.25835	0.03393	0.02368	0.00770	0.00949	0.00586	0.00393	0.00394	0.00117	0.02775	0.00336	0.00242	0.00537
43	0.06688	0.00794	0.01192	0.11832	0.46932	0.00844	0.00916	0.01243	0.17285	0.01274	0.02458	0.01175	0.03680	0.00410	0.00367	0.00117	0.00393	0.01629	0.00235	0.00537

[dist]
# distance from previous block
# <min> <max>
0	1

[block]
# block no. 4 follows, 74 sequences, length 88
# corresponding to MSA columns:
# 534-621
name=unknown_E
#
# <colnr> <probs for GDERKNQSTAVLIFYWHMCP>
#	G	D	E	R	K	N	Q	S	T	A	V	L	I	F	Y	W	H	M	C	P
0	0.01071	0.00984	0.01317	0.06890	0.30236	0.09913	0.09685	0.18872	0.08339	0.04148	0.00860	0.00984	0.01736	0.00398	0.00399	0.00115	0.02901	0.00348	0.00251	0.00552
1	0.00929	0.00905	0.01483	0.04179	0.80067	0.03584	0.01123	0.01146	0.00849	0.01197	0.00693	0.00912	0.00582	0.00333	0.00367	0.00110	0.00450	0.00328	0.00184	0.00579
2	0.18510	0.00862	0.01007	0.00793	0.01042	0.00948	0.05669	0.38044	0.01223	0.14768	0.04216	0.00967	0.00728	0.00453	0.00436	0.00119	0.09011	0.00333	0.00327	0.00545
3	0.00645	0.00322	0.00484	0.00484	0.00484	0.00322	0.00322	0.00484	0.00484	0.00645	0.00645	0.01128	0.00645	0.01289	0.01451	0.89201	0.00322	0.00322	0.00161	0.00161
4	0.00919	0.00882	0.01507	0.02278	0.84640	0.00882	0.01139	0.01139	0.00845	0.01213	0.00698	0.00919	0.00588	0.00331	0.00367	0.00110	0.00441	0.00331	0.00184	0.00588
5	0.00701	0.00660	0.01113	0.86063	0.02556	0.00825	0.01031	0.00948	0.00742	0.00948	0.00660	0.00990	0.00495	0.00371	0.00371	0.00124	0.00495	0.00330	0.00165	0.00412
6	0.00571	0.00415	0.00562	0.00631	0.00718	0.00406	0.00539	0.00730	0.00860	0.01116	0.07070	0.06863	0.11425	0.01005	0.00499	0.00162	0.00310	0.65435	0.00346	0.00338
7	0.00483	0.00378	0.00437	0.00422	0.00528	0.00332	0.00317	0.00618	0.00950	0.01248	0.44549	0.03168	0.43547	0.00848	0.00438	0.00121	0.00181	0.00727	0.00377	0.00332
8	0.00937	0.00846	0.00838	0.00760	0.00961	0.06777	0.00587	0.01880	0.74858	0.01484	0.01467	0.04764	0.01141	0.00522	0.00379	0.00125	0.00317	0.00433	0.00363	0.00565
9	0.00906	0.00871	0.01493	0.06818	0.79198	0.00879	0.02113	0.01129	0.00840	0.01198	0.00697	0.00924	0.00583	0.00333	0.00369	0.00111	0.00446	0.00332	0.00183	0.00577
10	0.00974	0.00682	0.00857	0.00652	0.00912	0.00624	0.00532	0.01119	0.00797	0.19516	0.00805	0.00886	0.00619	0.00384	0.00470	0.00088	0.16110	0.00273	0.00262	0.53438
11	0.00883	0.00719	0.00754	0.00684	0.00873	0.00823	0.00531	0.01780	0.69546	0.01523	0.01459	0.01385	0.01102	0.00491	0.00357	0.00119	0.00273	0.00407	0.15745	0.00546
12	0.00540	0.00360	0.00405	0.00405	0.00405	0.00360	0.00225	0.00540	0.00540	0.00720	0.01170	0.02429	0.01349	0.86955	0.01889	0.00360	0.00360	0.00540	0.00225	0.00225
13	0.00525	0.00379	0.00496	0.00467	0.00555	0.00350	0.00350	0.00700	0.01051	0.01488	0.84444	0.02773	0.03502	0.00759	0.00438	0.00117	0.00175	0.00671	0.00409	0.00350
14	0.86666	0.00716	0.00553	0.00490	0.00723	0.00822	0.00403	0.01086	0.00636	0.01650	0.00522	0.00608	0.00407	0.00342	0.00231	0.00113	0.00287	0.00202	0.00229	0.03314
15	0.00884	0.08465	0.41055	0.00907	0.01330	0.06162	0.06030	0.05679	0.00862	0.03782	0.00689	0.00792	0.00518	0.00340	0.00331	0.00099	0.00470	0.00270	0.00197	0.21140
16	0.36747	0.35442	0.02097	0.00637	0.00902	0.13783	0.00564	0.04221	0.00787	0.01255	0.00541	0.00623	0.00452	0.00343	0.00255	0.00098	0.00396	0.00211	0.00200	0.00446
17	0.00539	0.00361	0.00413	0.00413	0.00415	0.00364	0.00235	0.00545	0.00542	0.00725	0.01162	0.02390	0.01333	0.83572	0.05249	0.00369	0.00385	0.00534	0.00224	0.00229
18	0.00914	0.00788	0.00831	0.00749	0.00956	0.00910	0.00582	0.01943	0.82052	0.01551	0.03428	0.01417	0.01188	0.00509	0.00379	0.00126	0.00291	0.00425	0.00378	0.00582
19	0.00701	0.00660	0.01113	0.86063	0.02556	0.00825	0.01031	0.00948	0.00742	0.00948	0.00660	0.00990	0.00495	0.00371	0.00371	0.00124	0.00495	0.00330	0.00165	0.00412
20	0.04574	0.00754	0.01252	0.47783	0.36413	0.00849	0.01049	0.01033	0.00780	0.01088	0.00670	0.00944	0.00529	0.00353	0.00364	0.00118	0.00464	0.00325	0.00175	0.00484
21	0.00886	0.04451	0.00851	0.00598	0.00912	0.08535	0.00480	0.01041	0.00811	0.05710	0.00689	0.00780	0.00560	0.00297	0.00284	0.00063	0.00319	0.00229	0.00228	0.72276
22	0.00636	0.00506	0.00620	0.00504	0.00701	0.00415	0.00391	0.00806	0.00924	0.01363	0.46664	0.01869	0.02171	0.00541	0.00364	0.00089	0.00220	0.00468	0.00324	0.40425
23	0.00919	0.00882	0.01507	0.02278	0.84640	0.00882	0.01139	0.01139	0.00845	0.01213	0.00698	0.00919	0.00588	0.00331	0.00367	0.00110	0.00441	0.00331	0.00184	0.00588
24	0.00558	0.00419	0.00587	0.00612	0.00670	0.00464	0.00479	0.00692	0.02250	0.00940	0.01402	0.15806	0.01489	0.08980	0.37728	0.00368	0.05078	0.20886	0.00261	0.00329
25	0.00744	0.01920	0.85032	0.01058	0.01607	0.00862	0.01371	0.01176	0.00784	0.01176	0.00666	0.00784	0.00470	0.00353	0.00353	0.00118	0.00549	0.00274	0.00157	0.00549
26	0.00713	0.00672	0.01135	0.81515	0.07013	0.00828	0.01037	0.00959	0.00748	0.00963	0.00662	0.00986	0.00500	0.00369	0.00371	0.00123	0.00492	0.00330	0.00166	0.00422
27	0.00521	0.00363	0.00401	0.00400	0.00424	0.00351	0.00237	0.00540	0.00601	0.00780	0.02626	0.02640	0.16415	0.70372	0.01610	0.00315	0.00327	0.00585	0.00249	0.00242
28	0.00443	0.00376	0.00382	0.00380	0.00504	0.00315	0.00285	0.00541	0.00856	0.01026	0.07687	0.03533	0.80547	0.00931	0.00439	0.00125	0.00187	0.00778	0.00348	0.00315
29	0.00701	0.00660	0.01113	0.86063	0.02556	0.00825	0.01031	0.00948	0.00742	0.00948	0.00660	0.00990	0.00495	0.00371	0.00371	0.00124	0.00495	0.00330	0.00165	0.00412
30	0.00770	0.00660	0.00770	0.00550	0.00880	0.00495	0.00440	0.00935	0.00770	0.01210	0.00660	0.00770	0.00550	0.00275	0.00275	0.00055	0.00275	0.00220	0.00220	0.89224
31	0.00794	0.00565	0.00713	0.00718	0.00855	0.00589	0.00616	0.16195	0.05132	0.03649	0.01730	0.03357	0.01774	0.00877	0.00476	0.00156	0.00351	0.60686	0.00352	0.00416
32	0.41263	0.00693	0.00733	0.00593	0.00855	0.00708	0.00490	0.05915	0.00905	0.42912	0.01006	0.00946	0.00670	0.00407	0.00308	0.00115	0.00308	0.00294	0.00351	0.00528
33	0.00472	0.00337	0.00453	0.00539	0.00569	0.00318	0.00378	0.00550	0.00730	0.00969	0.02035	0.75722	0.02413	0.01145	0.00479	0.00153	0.00232	0.11854	0.00344	0.00307
34	0.00701	0.00660	0.01113	0.86063	0.02556	0.00825	0.01031	0.00948	0.00742	0.00948	0.00660	0.00990	0.00495	0.00371	0.00371	0.00124	0.00495	0.00330	0.00165	0.00412
35	0.00629	0.00552	0.00975	0.00835	0.02568	0.00565	0.21257	0.00787	0.00691	0.00961	0.04548	0.01690	0.01071	0.17833	0.39380	0.00385	0.00708	0.03987	0.00216	0.00360
36	0.00958	0.00874	0.01432	0.06455	0.72862	0.02615	0.01084	0.01186	0.02123	0.05741	0.00748	0.00943	0.00607	0.00343	0.00367	0.00111	0.00439	0.00332	0.00201	0.00578
37	0.00912	0.00867	0.01424	0.04041	0.72981	0.00889	0.01076	0.01215	0.09199	0.01236	0.00776	0.00965	0.00639	0.00354	0.00382	0.00113	0.01808	0.00340	0.00202	0.00581
38	0.01635	0.00633	0.00855	0.00659	0.00942	0.00553	0.00543	0.01802	0.03184	0.81773	0.01463	0.01268	0.00925	0.00460	0.00372	0.00115	0.00314	0.00374	0.01504	0.00627
39	0.01205	0.01466	0.01079	0.00962	0.01093	0.58772	0.00747	0.01296	0.00899	0.00904	0.00546	0.00715	0.00481	0.00467	0.00614	0.00117	0.27767	0.00266	0.00182	0.00423
40	0.00527	0.00378	0.00489	0.00461	0.00550	0.00349	0.00346	0.00699	0.01037	0.01470	0.79761	0.02762	0.05996	0.00756	0.00433	0.00116	0.00175	0.00666	0.02678	0.00349
41	0.00972	0.00822	0.00867	0.00765	0.00984	0.00946	0.00599	0.10163	0.75699	0.01632	0.01448	0.01335	0.01083	0.00498	0.00377	0.00124	0.00305	0.00411	0.00377	0.00592
42	0.00814	0.00817	0.01164	0.00990	0.00999	0.01132	0.02926	0.00901	0.00576	0.00901	0.00494	0.00817	0.00489	0.00641	0.01198	0.00161	0.84081	0.00328	0.00163	0.00408
43	0.00793	0.00663	0.00793	0.02852	0.02322	0.00511	0.00470	0.00961	0.00778	0.03348	0.00681	0.00791	0.00558	0.00283	0.00282	0.00059	0.00285	0.00229	0.00224	0.83118
44	0.04556	0.09148	0.69699	0.01028	0.04087	0.00915	0.01241	0.01184	0.02734	0.01180	0.00668	0.00778	0.00487	0.00352	0.00339	0.00114	0.00515	0.00270	0.00166	0.00538
45	0.00452	0.00323	0.00431	0.00517	0.00538	0.00301	0.00345	0.00517	0.00711	0.00948	0.02046	0.86713	0.02455	0.01163	0.00474	0.00151	0.00215	0.01055	0.00345	0.00301
46	0.44360	0.00884	0.00960	0.01153	0.28285	0.09926	0.02038	0.01193	0.00777	0.06405	0.00643	0.00760	0.00505	0.00350	0.00298	0.00111	0.00386	0.00262	0.00224	0.00481
47	0.00870	0.00519	0.00649	0.00564	0.00721	0.00503	0.00440	0.04936	0.11555	0.20052	0.51684	0.02175	0.02497	0.00646	0.00413	0.00117	0.00232	0.00558	0.00414	0.00456
48	0.00933	0.00802	0.00845	0.00757	0.00969	0.00928	0.00590	0.03661	0.82264	0.01569	0.01498	0.01375	0.01123	0.00502	0.00378	0.00126	0.00296	0.00418	0.00378	0.00588
49	0.00564	0.00380	0.00473	0.00455	0.00514	0.00362	0.00315	0.00669	0.00842	0.03386	0.46454	0.02647	0.02536	0.34769	0.01011	0.00215	0.00258	0.03507	0.00335	0.00308
50	0.00810	0.00837	0.01434	0.05738	0.02732	0.07241	0.40790	0.01006	0.00783	0.01048	0.00874	0.05183	0.00801	0.16084	0.00740	0.00167	0.07237	0.00448	0.05631	0.00416
51	0.00454	0.00324	0.00429	0.00513	0.00535	0.00303	0.00341	0.00517	0.00709	0.00944	0.02053	0.83974	0.03567	0.02779	0.00500	0.00154	0.00218	0.01042	0.00342	0.00300
52	0.00819	0.00715	0.00923	0.00718	0.04847	0.00580	0.06350	0.05439	0.00834	0.01270	0.00681	0.00800	0.00557	0.00289	0.00296	0.00066	0.00315	0.00247	0.00224	0.74032
53	0.00439	0.00376	0.00376	0.00376	0.00501	0.00313	0.00282	0.00533	0.00846	0.01003	0.03760	0.03572	0.84489	0.00940	0.00439	0.00125	0.00188	0.00783	0.00345	0.00313
54	0.00449	0.00349	0.00409	0.00452	0.00523	0.00309	0.00317	0.00531	0.00783	0.00992	0.05874	0.46630	0.38961	0.01049	0.00457	0.00138	0.00202	0.00920	0.00347	0.00309
55	0.48443	0.00842	0.00795	0.00647	0.00907	0.00943	0.00534	0.34337	0.01108	0.07213	0.00728	0.00761	0.00527	0.00393	0.00296	0.00113	0.00338	0.00266	0.00301	0.00509
56	0.00519	0.00375	0.00491	0.00471	0.00553	0.00346	0.00350	0.00685	0.01021	0.01442	0.77317	0.10032	0.03412	0.00794	0.00441	0.00120	0.00179	0.00704	0.00403	0.00346
57	0.00919	0.00882	0.01507	0.02278	0.84640	0.00882	0.01139	0.01139	0.00845	0.01213	0.00698	0.00919	0.00588	0.00331	0.00367	0.00110	0.00441	0.00331	0.00184	0.00588
58	0.00905	0.00875	0.01513	0.06798	0.76860	0.00881	0.04435	0.01131	0.00841	0.01197	0.00698	0.00926	0.00582	0.00332	0.00371	0.00112	0.00451	0.00335	0.00183	0.00575
59	0.01387	0.01769	0.01052	0.00956	0.01148	0.85465	0.00717	0.01482	0.01052	0.00908	0.00574	0.00669	0.00478	0.00383	0.00335	0.00096	0.00669	0.00239	0.00191	0.00430
60	0.00770	0.00660	0.00770	0.00550	0.00880	0.00495	0.00440	0.00935	0.00770	0.01210	0.00660	0.00770	0.00550	0.00275	0.00275	0.00055	0.00275	0.00220	0.00220	0.89224
61	0.00912	0.00991	0.01909	0.01401	0.01702	0.03230	0.61581	0.06341	0.00882	0.01203	0.00709	0.00953	0.00552	0.00382	0.00566	0.00130	0.15463	0.00407	0.00195	0.00491
62	0.01381	0.04885	0.01146	0.00878	0.01151	0.21926	0.01622	0.58813	0.01523	0.01912	0.00795	0.00825	0.00586	0.00423	0.00357	0.00106	0.00475	0.00306	0.00316	0.00574
63	0.00804	0.00795	0.09266	0.00623	0.00969	0.00555	0.01398	0.01032	0.04126	0.03948	0.00722	0.00814	0.00577	0.00298	0.00292	0.00067	0.00308	0.00241	0.00227	0.72938
64	0.00553	0.00400	0.00541	0.00610	0.00682	0.00391	0.00497	0.00709	0.02222	0.01110	0.10333	0.25408	0.05024	0.01023	0.00490	0.00158	0.00286	0.48876	0.00350	0.00335
65	0.00560	0.00415	0.00595	0.00587	0.00654	0.00477	0.00449	0.03348	0.00629	0.00896	0.01007	0.01531	0.00958	0.10660	0.74812	0.00558	0.00915	0.00409	0.00207	0.00331
66	0.00931	0.00801	0.00844	0.00757	0.00968	0.00927	0.00589	0.03319	0.82609	0.01566	0.01501	0.01377	0.01125	0.00503	0.00378	0.00126	0.00296	0.00418	0.00378	0.00588
67	0.09849	0.01018	0.04553	0.04958	0.01741	0.04530	0.59542	0.05747	0.00901	0.02434	0.00731	0.00937	0.00546	0.00332	0.00402	0.00122	0.00569	0.00389	0.00204	0.00495
68	0.00452	0.00323	0.00431	0.00517	0.00538	0.00301	0.00345	0.00517	0.00711	0.00948	0.02046	0.86713	0.02455	0.01163	0.00474	0.00151	0.00215	0.01055	0.00345	0.00301
69	0.89577	0.00718	0.00546	0.00488	0.00718	0.00833	0.00402	0.01091	0.00632	0.01665	0.00517	0.00603	0.00402	0.00345	0.00230	0.00115	0.00287	0.00201	0.00230	0.00402
70	0.00519	0.00379	0.00487	0.00460	0.00550	0.00347	0.00345	0.00687	0.01035	0.01450	0.78078	0.02836	0.09892	0.00773	0.00438	0.00117	0.00176	0.00680	0.00404	0.00347
71	0.00459	0.00329	0.00437	0.00521	0.00548	0.00308	0.00355	0.00529	0.00721	0.00957	0.02088	0.80682	0.04652	0.01151	0.00475	0.00151	0.00220	0.04772	0.00344	0.00304
72	0.00990	0.00838	0.00922	0.00795	0.01023	0.00955	0.03300	0.13265	0.69832	0.01650	0.01400	0.01304	0.01045	0.00489	0.00379	0.00124	0.00321	0.00408	0.00371	0.00591
73	0.00914	0.00877	0.01498	0.04172	0.82784	0.00881	0.01137	0.01135	0.00843	0.01207	0.00697	0.00920	0.00586	0.00332	0.00368	0.00111	0.00442	0.00331	0.00183	0.00584
74	0.89577	0.00718	0.00546	0.00488	0.00718	0.00833	0.00402	0.01091	0.00632	0.01665	0.00517	0.00603	0.00402	0.00345	0.00230	0.00115	0.00287	0.00201	0.00230	0.00402
75	0.00923	0.00797	0.00839	0.00755	0.00965	0.00923	0.00588	0.01972	0.83969	0.01553	0.01511	0.01385	0.01133	0.00504	0.00378	0.00126	0.00294	0.00420	0.00378	0.00588
76	0.00469	0.00377	0.00417	0.00407	0.00520	0.00326	0.00306	0.00591	0.00917	0.01170	0.31604	0.03296	0.56540	0.00878	0.00438	0.00122	0.00184	0.00745	0.00367	0.00326
77	0.00444	0.00372	0.00386	0.00391	0.00507	0.00314	0.00290	0.00540	0.00847	0.01023	0.07668	0.09477	0.74578	0.00947	0.00441	0.00127	0.00189	0.00797	0.00348	0.00314
78	0.00744	0.01920	0.85032	0.01058	0.01607	0.00862	0.01371	0.01176	0.00784	0.01176	0.00666	0.00784	0.00470	0.00353	0.00353	0.00118	0.00549	0.00274	0.00157	0.00549
79	0.00523	0.00379	0.00493	0.00465	0.00553	0.00349	0.00348	0.00696	0.01045	0.01476	0.82302	0.02794	0.05652	0.00764	0.00438	0.00117	0.00175	0.00674	0.00407	0.00349
80	0.01361	0.07384	0.01111	0.00935	0.01135	0.79943	0.00712	0.01458	0.01032	0.00906	0.00570	0.00665	0.00478	0.00378	0.00328	0.00095	0.00651	0.00236	0.00189	0.00433
81	0.00525	0.00379	0.00496	0.00467	0.00555	0.00350	0.00350	0.00700	0.01051	0.01488	0.84444	0.02773	0.03502	0.00759	0.00438	0.00117	0.00175	0.00671	0.00409	0.00350
82	0.05493	0.01025	0.01088	0.00837	0.01131	0.01136	0.00691	0.79591	0.01694	0.02308	0.00874	0.00878	0.00621	0.00441	0.00365	0.00112	0.00403	0.00328	0.00365	0.00621
83	0.00768	0.09606	0.73584	0.00996	0.01513	0.00900	0.01261	0.01159	0.00780	0.01150	0.00652	0.00766	0.00474	0.00346	0.00339	0.00111	0.00522	0.00265	0.00160	0.04647
84	0.00457	0.00326	0.00436	0.00522	0.00546	0.00305	0.00353	0.00525	0.00715	0.00953	0.02043	0.84119	0.02445	0.01159	0.00475	0.00151	0.00219	0.03604	0.00344	0.00303
85	0.89577	0.00718	0.00546	0.00488	0.00718	0.00833	0.00402	0.01091	0.00632	0.01665	0.00517	0.00603	0.00402	0.00345	0.00230	0.00115	0.00287	0.00201	0.00230	0.00402
86	0.00511	0.00381	0.00506	0.00567	0.00637	0.00360	0.01451	0.00624	0.00793	0.01023	0.02317	0.38703	0.17511	0.01059	0.00482	0.00153	0.00264	0.31995	0.00342	0.00322
87	0.00571	0.00430	0.00535	0.00503	0.00607	0.00419	0.00382	0.00846	0.10862	0.01467	0.69189	0.02678	0.06440	0.00743	0.00433	0.00120	0.00194	0.02806	0.00401	0.00377

[dist]
# distance from previous block
# <min> <max>
1	2

[block]
# block no. 5 follows, 74 sequences, length 24
# corresponding to MSA columns:
# 624-647
name=unknown_F
#
# <colnr> <probs for GDERKNQSTAVLIFYWHMCP>
#	G	D	E	R	K	N	Q	S	T	A	V	L	I	F	Y	W	H	M	C	P
0	0.64866	0.00789	0.00683	0.00583	0.00824	0.00904	0.00478	0.17641	0.07490	0.01791	0.00671	0.00723	0.00506	0.00377	0.00270	0.00115	0.00312	0.00245	0.00270	0.00463
1	0.83408	0.00770	0.00583	0.00518	0.00748	0.04237	0.00424	0.03563	0.00682	0.01655	0.00530	0.00614	0.00412	0.00349	0.00238	0.00114	0.00306	0.00206	0.00232	0.00410
2	0.00917	0.00885	0.01527	0.02257	0.82187	0.00884	0.03575	0.01141	0.00846	0.01212	0.00700	0.00921	0.00587	0.00330	0.00370	0.00111	0.00446	0.00334	0.00184	0.00585
3	0.00519	0.00379	0.00487	0.00460	0.00551	0.00347	0.00345	0.00688	0.01035	0.01452	0.78418	0.02832	0.09551	0.00772	0.00438	0.00117	0.00176	0.00680	0.00404	0.00347
4	0.00630	0.00402	0.00526	0.00485	0.00590	0.00366	0.00367	0.00796	0.01035	0.09457	0.71643	0.05481	0.05290	0.00748	0.00433	0.00118	0.00190	0.00659	0.00410	0.00375
5	0.00637	0.00325	0.00478	0.00478	0.00478	0.00325	0.00315	0.00488	0.00488	0.00650	0.00684	0.01227	0.00698	0.07775	0.01484	0.82475	0.00325	0.00339	0.00166	0.00166
6	0.85166	0.00723	0.00567	0.00501	0.00734	0.00832	0.00413	0.03027	0.00669	0.03913	0.00551	0.00627	0.00421	0.00350	0.00237	0.00115	0.00291	0.00209	0.00239	0.00413
7	0.00844	0.00806	0.01372	0.30913	0.56586	0.00862	0.01102	0.01074	0.00810	0.01122	0.00685	0.00943	0.00556	0.00345	0.00369	0.00115	0.00459	0.00330	0.00177	0.00528
8	0.00543	0.00385	0.00576	0.00579	0.00635	0.00440	0.00441	0.00634	0.00585	0.00836	0.00983	0.04291	0.00942	0.02530	0.71433	0.12373	0.00879	0.00410	0.00199	0.00308
9	0.01632	0.00622	0.00844	0.00650	0.00930	0.00539	0.00536	0.01777	0.01053	0.82037	0.01456	0.01268	0.00920	0.00458	0.00369	0.00114	0.00311	0.00372	0.03492	0.00622
10	0.00876	0.01001	0.02190	0.01564	0.01940	0.00939	0.83292	0.01189	0.00876	0.01189	0.00751	0.01001	0.00563	0.00313	0.00438	0.00125	0.00626	0.00438	0.00188	0.00501
11	0.00473	0.00377	0.00423	0.00412	0.00522	0.00328	0.00309	0.00599	0.00927	0.01194	0.35554	0.03257	0.52576	0.00869	0.00438	0.00122	0.00183	0.00739	0.00370	0.00328
12	0.00929	0.00792	0.00840	0.00756	0.00965	0.00913	0.00592	0.04803	0.78052	0.01564	0.01505	0.01469	0.01152	0.00520	0.00382	0.00127	0.00300	0.03381	0.00376	0.00580
13	0.01387	0.01769	0.01052	0.00956	0.01148	0.85465	0.00717	0.01482	0.01052	0.00908	0.00574	0.00669	0.00478	0.00383	0.00335	0.00096	0.00669	0.00239	0.00191	0.00430
14	0.01202	0.04243	0.17041	0.00955	0.01212	0.55227	0.00839	0.04685	0.04346	0.01041	0.00635	0.00735	0.00510	0.00398	0.00389	0.00105	0.05514	0.00261	0.00197	0.00467
15	0.00781	0.00619	0.00717	0.00526	0.00824	0.00477	0.00419	0.00947	0.00778	0.03231	0.00750	0.00861	0.00610	0.00300	0.00275	0.00060	0.00263	0.00240	0.11674	0.75649
16	0.00819	0.20723	0.64159	0.00958	0.01448	0.01005	0.01189	0.03634	0.00806	0.01144	0.00640	0.00745	0.00476	0.00348	0.00328	0.00109	0.00511	0.00259	0.00164	0.00535
17	0.01134	0.01368	0.00989	0.18221	0.01360	0.57914	0.00736	0.01256	0.00947	0.00921	0.00770	0.11170	0.00721	0.00475	0.00359	0.00108	0.00579	0.00357	0.00204	0.00411
18	0.00980	0.82825	0.06188	0.00657	0.00986	0.01438	0.00673	0.01115	0.00756	0.00889	0.00524	0.00605	0.00476	0.00319	0.00244	0.00081	0.00405	0.00202	0.00159	0.00480
19	0.89577	0.00718	0.00546	0.00488	0.00718	0.00833	0.00402	0.01091	0.00632	0.01665	0.00517	0.00603	0.00402	0.00345	0.00230	0.00115	0.00287	0.00201	0.00230	0.00402
20	0.00705	0.00372	0.00374	0.00369	0.00463	0.00379	0.00278	0.00928	0.05553	0.01394	0.01228	0.01384	0.00962	0.00437	0.00266	0.00089	0.00180	0.00350	0.83928	0.00360
21	0.00509	0.00373	0.00469	0.00455	0.00542	0.00340	0.00337	0.00661	0.00983	0.01362	0.62839	0.10649	0.15699	0.00817	0.00438	0.00121	0.00181	0.00717	0.02168	0.00340
22	0.01387	0.01769	0.01052	0.00956	0.01148	0.85465	0.00717	0.01482	0.01052	0.00908	0.00574	0.00669	0.00478	0.00383	0.00335	0.00096	0.00669	0.00239	0.00191	0.00430
23	0.08040	0.00672	0.00852	0.00660	0.00940	0.00621	0.00545	0.09653	0.01091	0.69105	0.01334	0.01182	0.00854	0.00449	0.00360	0.00114	0.00320	0.00356	0.02242	0.00609

[dist]
