[name]
unknown

[dist]
# distance from previous block
# <min> <max>
0	169

[block]
# block no. 0 follows, 77 sequences, length 42
# corresponding to MSA columns:
# 169-210
name=unknown_A
#
# <colnr> <probs for GDERKNQSTAVLIFYWHMCP>
#	G	D	E	R	K	N	Q	S	T	A	V	L	I	F	Y	W	H	M	C	P
0	0.43135	0.02376	0.02059	0.00591	0.00791	0.00708	0.00506	0.07919	0.02844	0.09552	0.01046	0.01683	0.00956	0.00545	0.00331	0.00126	0.00312	0.23811	0.00287	0.00421
1	0.10813	0.05291	0.00966	0.00763	0.03373	0.05229	0.03272	0.16990	0.18325	0.29641	0.01090	0.01032	0.00763	0.00420	0.00340	0.00110	0.00350	0.00331	0.00344	0.00556
2	0.38920	0.08948	0.06590	0.00696	0.01839	0.10152	0.03718	0.11210	0.03140	0.09026	0.01623	0.00757	0.00542	0.00365	0.00287	0.00106	0.00375	0.00255	0.00248	0.01203
3	0.03635	0.10493	0.11231	0.00980	0.01291	0.16531	0.24942	0.01233	0.03076	0.09513	0.01937	0.00864	0.00593	0.00349	0.00359	0.00102	0.02196	0.00310	0.00214	0.10148
4	0.00695	0.00655	0.01107	0.80263	0.08587	0.00803	0.01007	0.00933	0.00727	0.00938	0.00642	0.00954	0.00486	0.00357	0.00359	0.00119	0.00476	0.00320	0.00161	0.00412
5	0.00624	0.01302	0.54571	0.00823	0.01170	0.00642	0.00957	0.00909	0.00725	0.01044	0.01117	0.23425	0.03499	0.06996	0.00485	0.00140	0.00424	0.00496	0.00209	0.00439
6	0.01253	0.00944	0.01081	0.00839	0.01111	0.19251	0.13299	0.07208	0.00987	0.31895	0.00931	0.00943	0.00654	0.00380	0.00367	0.00100	0.02524	0.00314	0.00296	0.15624
7	0.00503	0.00367	0.00473	0.00447	0.00534	0.00337	0.00335	0.00668	0.01005	0.01410	0.79382	0.02740	0.08957	0.00747	0.00424	0.00114	0.00171	0.00658	0.00392	0.00337
8	0.00516	0.00350	0.00390	0.00390	0.00399	0.00345	0.00222	0.00523	0.00545	0.00718	0.01320	0.02436	0.07513	0.80946	0.01727	0.00332	0.00336	0.00541	0.00227	0.00224
9	0.00877	0.00664	0.00779	0.00565	0.00878	0.00531	0.00455	0.07146	0.00844	0.09466	0.00732	0.00801	0.00574	0.00296	0.00283	0.00063	0.00280	0.00236	0.00247	0.74283
10	0.00895	0.00773	0.00813	0.00732	0.00935	0.00895	0.00569	0.01911	0.84465	0.01505	0.01464	0.01342	0.01098	0.00488	0.00366	0.00122	0.00285	0.00407	0.00366	0.00569
11	0.00679	0.00639	0.01079	0.86494	0.02477	0.00799	0.00999	0.00919	0.00719	0.00919	0.00639	0.00959	0.00480	0.00360	0.00360	0.00120	0.00480	0.00320	0.00160	0.00400
12	0.00656	0.00573	0.01019	0.00906	0.01069	0.00555	0.24296	0.00861	0.00834	0.01098	0.01569	0.03178	0.01636	0.00797	0.00476	0.00153	0.00410	0.59251	0.00289	0.00375
13	0.01264	0.01113	0.00941	0.00797	0.01023	0.29729	0.00626	0.23275	0.18125	0.14279	0.03550	0.01028	0.01746	0.00439	0.00352	0.00106	0.00436	0.00330	0.00316	0.00525
14	0.00464	0.00348	0.00468	0.00534	0.00553	0.00352	0.00368	0.00528	0.00678	0.00914	0.01871	0.80720	0.02238	0.01090	0.00513	0.00147	0.06624	0.00970	0.00321	0.00300
15	0.44740	0.00805	0.00785	0.09610	0.06737	0.07425	0.01745	0.02922	0.18381	0.02590	0.00758	0.00829	0.00580	0.00374	0.00291	0.00113	0.00347	0.00272	0.00246	0.00452
16	0.00673	0.00634	0.00725	0.00659	0.00795	0.10231	0.09162	0.02098	0.11759	0.01888	0.06957	0.26721	0.22650	0.00773	0.00416	0.00126	0.00308	0.02739	0.00310	0.00377
17	0.00633	0.00492	0.00603	0.00631	0.00740	0.00517	0.00512	0.01012	0.23564	0.01184	0.06251	0.14957	0.06521	0.00857	0.00448	0.00146	0.00284	0.39913	0.00345	0.00389
18	0.00901	0.13243	0.04023	0.01877	0.63544	0.02508	0.06590	0.01111	0.00810	0.01120	0.00652	0.00843	0.00547	0.00319	0.00342	0.00103	0.00440	0.00306	0.00174	0.00545
19	0.15285	0.00820	0.01003	0.00815	0.01046	0.07508	0.15390	0.11553	0.17658	0.12175	0.03108	0.10154	0.00940	0.00482	0.00360	0.00117	0.00376	0.00417	0.00303	0.00489
20	0.00788	0.00750	0.01275	0.43192	0.44933	0.00828	0.01053	0.01014	0.00771	0.01051	0.00658	0.00924	0.00526	0.00340	0.00358	0.00113	0.00453	0.00320	0.00169	0.00487
21	0.00474	0.00441	0.06262	0.00563	0.00633	0.00350	0.02852	0.00575	0.00720	0.00975	0.07428	0.73044	0.02263	0.01023	0.00448	0.00141	0.00240	0.00929	0.00321	0.00317
22	0.00868	0.00838	0.01459	0.02077	0.75164	0.00837	0.06627	0.01083	0.00809	0.01156	0.00695	0.00923	0.00585	0.00442	0.04776	0.00132	0.00467	0.00331	0.00179	0.00551
23	0.66626	0.00757	0.00661	0.00557	0.00796	0.00858	0.00459	0.18612	0.00862	0.06073	0.00625	0.00676	0.00462	0.00360	0.00259	0.00111	0.00305	0.00231	0.00263	0.00448
24	0.01532	0.00594	0.00809	0.00626	0.00890	0.00515	0.00515	0.01673	0.01029	0.79139	0.07613	0.01333	0.01076	0.00467	0.00366	0.00111	0.00296	0.00383	0.00442	0.00592
25	0.00839	0.01341	0.31987	0.01252	0.01653	0.08327	0.43778	0.01172	0.02225	0.01126	0.00753	0.00922	0.02189	0.00338	0.00385	0.00116	0.00569	0.00357	0.00177	0.00494
26	0.00882	0.00842	0.01230	0.01339	0.28875	0.03109	0.14217	0.01461	0.38130	0.01308	0.02003	0.01181	0.02931	0.00413	0.00373	0.00116	0.00390	0.00388	0.00269	0.00543
27	0.89899	0.00696	0.00529	0.00473	0.00696	0.00807	0.00390	0.01057	0.00612	0.01614	0.00501	0.00584	0.00390	0.00334	0.00223	0.00111	0.00278	0.00195	0.00223	0.00390
28	0.00721	0.00681	0.00983	0.04454	0.06576	0.00899	0.00723	0.00815	0.00588	0.00882	0.00678	0.07302	0.00685	0.00944	0.13021	0.02615	0.56499	0.00378	0.00177	0.00381
29	0.01237	0.08299	0.01084	0.00781	0.01050	0.02486	0.00650	0.63624	0.07820	0.01980	0.01016	0.01065	0.04145	0.00459	0.00355	0.00108	0.00380	0.02551	0.00338	0.00572
30	0.00438	0.00313	0.00417	0.00501	0.00522	0.00292	0.00334	0.00501	0.00689	0.00918	0.01983	0.87124	0.02379	0.01127	0.00459	0.00146	0.00209	0.01023	0.00334	0.00292
31	0.00437	0.00316	0.00414	0.00492	0.00519	0.00293	0.00330	0.00502	0.00697	0.00922	0.02094	0.81503	0.07928	0.01112	0.00457	0.00144	0.00207	0.01005	0.00334	0.00293
32	0.00949	0.00802	0.01332	0.01933	0.71118	0.00789	0.00995	0.01148	0.00843	0.10794	0.00915	0.01061	0.04961	0.00365	0.00360	0.00108	0.00401	0.00348	0.00217	0.00561
33	0.00720	0.00659	0.01098	0.63746	0.18362	0.00776	0.00964	0.00949	0.00741	0.01000	0.00686	0.00974	0.00530	0.00356	0.00351	0.00115	0.00446	0.00321	0.06780	0.00428
34	0.00876	0.00840	0.01434	0.07871	0.79562	0.00851	0.01097	0.01092	0.00812	0.01158	0.00674	0.00895	0.00564	0.00323	0.00356	0.00108	0.00431	0.00320	0.00177	0.00558
35	0.11784	0.00881	0.00977	0.10558	0.01187	0.00979	0.00663	0.56746	0.01389	0.06563	0.04184	0.00934	0.00697	0.00425	0.00346	0.00110	0.00377	0.00323	0.00327	0.00550
36	0.00850	0.47729	0.40752	0.00806	0.01218	0.01150	0.00947	0.01106	0.00744	0.00982	0.00568	0.00662	0.00459	0.00324	0.00282	0.00094	0.00453	0.00226	0.00153	0.00494
37	0.01604	0.00628	0.00845	0.00648	0.00926	0.00553	0.00535	0.05135	0.01057	0.81943	0.01396	0.01209	0.00879	0.00445	0.00362	0.00111	0.00310	0.00360	0.00442	0.00612
38	0.00438	0.00314	0.00416	0.00497	0.00521	0.00292	0.00332	0.00501	0.00692	0.00920	0.02026	0.84914	0.04561	0.01121	0.00458	0.00145	0.00208	0.01016	0.00334	0.00292
39	0.02135	0.00810	0.01121	0.01052	0.11379	0.01821	0.15723	0.05355	0.46411	0.01396	0.01218	0.01398	0.00972	0.00469	0.00383	0.00122	0.00373	0.07026	0.00303	0.00533
40	0.00814	0.00784	0.01252	0.03476	0.45528	0.03193	0.10789	0.01098	0.09018	0.01177	0.04891	0.01465	0.08499	0.00455	0.00383	0.00115	0.00402	0.05928	0.00231	0.00501
41	0.00741	0.00684	0.01153	0.61407	0.23028	0.00796	0.00999	0.00968	0.00746	0.02326	0.00684	0.02046	0.00540	0.00404	0.01939	0.00125	0.00469	0.00331	0.00172	0.00443

[dist]
# distance from previous block
# <min> <max>
0	34

[block]
# block no. 1 follows, 77 sequences, length 33
# corresponding to MSA columns:
# 245-277
name=unknown_B
#
# <colnr> <probs for GDERKNQSTAVLIFYWHMCP>
#	G	D	E	R	K	N	Q	S	T	A	V	L	I	F	Y	W	H	M	C	P
0	0.00573	0.00458	0.00580	0.00543	0.00565	0.00533	0.00388	0.00620	0.00574	0.00793	0.02321	0.01992	0.09991	0.46232	0.11868	0.00305	0.20684	0.00484	0.00215	0.00283
1	0.00715	0.00669	0.01112	0.74801	0.10842	0.00811	0.00996	0.02109	0.02619	0.00977	0.00665	0.00959	0.00504	0.00360	0.00359	0.00118	0.00469	0.00322	0.00169	0.00424
2	0.02535	0.16242	0.33045	0.00864	0.01232	0.04669	0.06892	0.02039	0.06983	0.17973	0.00878	0.00980	0.00651	0.00388	0.00337	0.00109	0.00441	0.02984	0.00239	0.00522
3	0.00481	0.00393	0.00431	0.00430	0.00546	0.00355	0.00332	0.00646	0.05673	0.01090	0.16565	0.03274	0.58512	0.00866	0.00429	0.00125	0.00201	0.08978	0.00346	0.00328
4	0.00890	0.00881	0.13601	0.00849	0.01113	0.00749	0.14199	0.06096	0.28557	0.11116	0.03111	0.11705	0.04442	0.00528	0.00386	0.00121	0.00367	0.00473	0.00308	0.00508
5	0.07931	0.05659	0.01148	0.17985	0.18266	0.00841	0.05504	0.09658	0.02083	0.16661	0.04052	0.00994	0.00703	0.00402	0.00406	0.00114	0.06506	0.00331	0.00254	0.00502
6	0.00772	0.04850	0.18655	0.21755	0.30123	0.02622	0.05215	0.01016	0.00772	0.01059	0.00781	0.09306	0.00694	0.00413	0.00361	0.00114	0.00452	0.00375	0.00183	0.00482
7	0.00446	0.00346	0.00405	0.00434	0.00506	0.00313	0.00307	0.00528	0.00753	0.00958	0.07914	0.34357	0.39495	0.06031	0.05356	0.00169	0.00245	0.00816	0.00323	0.00298
8	0.00955	0.35108	0.09728	0.01014	0.18353	0.04411	0.03462	0.01858	0.00796	0.10123	0.00789	0.06524	0.00698	0.04269	0.00379	0.00110	0.00404	0.00324	0.00209	0.00485
9	0.00825	0.17970	0.32078	0.06027	0.10850	0.02180	0.20698	0.01111	0.00778	0.01067	0.00634	0.00799	0.00493	0.00333	0.00364	0.00109	0.02724	0.00299	0.00163	0.00499
10	0.01135	0.00821	0.10448	0.09069	0.24851	0.00691	0.00817	0.03301	0.03067	0.35477	0.04412	0.02593	0.00839	0.00415	0.00362	0.00112	0.00376	0.00359	0.00303	0.00554
11	0.00848	0.01006	0.14049	0.06807	0.58074	0.00855	0.10885	0.01104	0.00808	0.01152	0.00676	0.00884	0.00545	0.00324	0.00362	0.00110	0.00467	0.00325	0.00174	0.00544
12	0.00768	0.00773	0.05486	0.31631	0.12976	0.00795	0.15082	0.05718	0.01989	0.01114	0.00819	0.08033	0.00703	0.00435	0.00426	0.00120	0.06227	0.00395	0.06065	0.00445
13	0.10514	0.05009	0.17200	0.02422	0.34057	0.13882	0.03643	0.01185	0.00823	0.05969	0.00685	0.01822	0.00546	0.00350	0.00332	0.00106	0.00460	0.00291	0.00195	0.00509
14	0.00519	0.00390	0.00496	0.00544	0.00632	0.00370	0.00444	0.00666	0.02215	0.01069	0.10056	0.14234	0.24332	0.00956	0.00464	0.00146	0.00260	0.41542	0.00339	0.00324
15	0.43117	0.00954	0.11240	0.00875	0.13799	0.09401	0.00661	0.01182	0.05542	0.05649	0.04052	0.00820	0.00620	0.00367	0.00291	0.00110	0.00367	0.00265	0.00230	0.00457
16	0.00805	0.05183	0.01259	0.32022	0.16281	0.05721	0.14018	0.01090	0.08592	0.02076	0.00859	0.08926	0.00742	0.00426	0.00371	0.00117	0.00450	0.00399	0.00207	0.00455
17	0.00696	0.00553	0.06198	0.00644	0.05471	0.00467	0.00498	0.05581	0.00955	0.09798	0.40230	0.10071	0.07868	0.00798	0.04749	0.00142	0.00287	0.04246	0.00347	0.00400
18	0.00533	0.00400	0.00499	0.00545	0.00626	0.00390	0.00434	0.00698	0.05595	0.01016	0.02227	0.17270	0.21376	0.08961	0.00590	0.00167	0.00275	0.37753	0.00324	0.00322
19	0.00887	0.01008	0.07199	0.11163	0.13200	0.05763	0.43077	0.05851	0.05955	0.01197	0.00748	0.00942	0.00568	0.00337	0.00389	0.00116	0.00533	0.00370	0.00198	0.00498
20	0.00836	0.19580	0.00994	0.00730	0.05093	0.19419	0.01389	0.01032	0.09113	0.01004	0.06185	0.15519	0.13686	0.00601	0.00382	0.00110	0.03184	0.00483	0.00254	0.00407
21	0.01614	0.00612	0.00835	0.00640	0.00918	0.00529	0.00529	0.01753	0.01030	0.85364	0.01419	0.01224	0.00890	0.00445	0.00362	0.00111	0.00306	0.00362	0.00445	0.00612
22	0.01048	0.00545	0.00686	0.00578	0.00734	0.00540	0.00440	0.12490	0.00884	0.32810	0.01174	0.01557	0.00982	0.27667	0.15980	0.00267	0.00448	0.00411	0.00319	0.00439
23	0.00555	0.00397	0.00503	0.00574	0.08253	0.00400	0.00317	0.00584	0.00558	0.00755	0.01100	0.04055	0.01239	0.72239	0.06767	0.00336	0.00390	0.00507	0.00215	0.00258
24	0.01095	0.00831	0.00987	0.05751	0.09631	0.00906	0.00683	0.52535	0.01330	0.01784	0.01014	0.06499	0.00888	0.06232	0.00475	0.00132	0.00383	0.08003	0.00316	0.00524
25	0.00452	0.00329	0.00431	0.00505	0.00542	0.00308	0.00354	0.00528	0.00712	0.00937	0.02110	0.69812	0.09967	0.01123	0.02015	0.00154	0.00232	0.08860	0.00331	0.00298
26	0.01395	0.00734	0.00883	0.00698	0.00960	0.00736	0.00570	0.23127	0.14962	0.47166	0.04009	0.01198	0.00934	0.00458	0.00364	0.00112	0.00321	0.00369	0.00408	0.00596
27	0.00745	0.01626	0.67061	0.06832	0.14422	0.00836	0.01273	0.01119	0.00766	0.01130	0.00650	0.00793	0.00475	0.00340	0.00345	0.00113	0.00512	0.00278	0.00156	0.00529
28	0.01001	0.00499	0.00655	0.00558	0.00732	0.00458	0.00444	0.01214	0.06508	0.36681	0.41013	0.02039	0.02138	0.00608	0.00397	0.00115	0.00241	0.03817	0.00412	0.00469
29	0.05681	0.01404	0.42055	0.00951	0.02832	0.08363	0.05389	0.05830	0.20873	0.01886	0.00848	0.00902	0.00625	0.00382	0.00345	0.00114	0.00462	0.00306	0.00225	0.00526
30	0.00510	0.00365	0.00494	0.00502	0.00539	0.00398	0.00353	0.00585	0.00568	0.00792	0.01121	0.09695	0.01187	0.33876	0.46905	0.00453	0.00666	0.00495	0.00215	0.00280
31	0.00957	0.00520	0.00686	0.00611	0.00755	0.00522	0.00476	0.07181	0.02775	0.30044	0.06192	0.24506	0.02850	0.01021	0.13993	0.00198	0.05359	0.00563	0.00346	0.00445
32	0.44115	0.00664	0.00628	0.00567	0.00763	0.00746	0.00456	0.03379	0.22846	0.05143	0.11027	0.01285	0.01068	0.00471	0.00311	0.00118	0.00274	0.05395	0.00301	0.00443

[dist]
# distance from previous block
# <min> <max>
1	4

[block]
# block no. 2 follows, 77 sequences, length 11
# corresponding to MSA columns:
# 282-292
name=unknown_C
#
# <colnr> <probs for GDERKNQSTAVLIFYWHMCP>
#	G	D	E	R	K	N	Q	S	T	A	V	L	I	F	Y	W	H	M	C	P
0	0.05320	0.42367	0.01445	0.00778	0.01029	0.38900	0.03503	0.01238	0.00857	0.00908	0.00533	0.00623	0.00462	0.00337	0.00279	0.00087	0.00505	0.00218	0.00172	0.00439
1	0.00474	0.00368	0.00427	0.00451	0.00541	0.00332	0.00345	0.00577	0.00801	0.01006	0.09867	0.12340	0.45236	0.07838	0.00556	0.00151	0.00228	0.17829	0.00329	0.00304
2	0.26123	0.00863	0.01004	0.07502	0.22435	0.10012	0.04084	0.10340	0.00885	0.08227	0.00746	0.03733	0.00596	0.00383	0.00321	0.00110	0.00396	0.00307	0.01451	0.00482
3	0.00566	0.00434	0.00613	0.00666	0.05930	0.00467	0.00479	0.04044	0.00698	0.00957	0.01398	0.08339	0.09270	0.05858	0.48243	0.00393	0.00670	0.10392	0.00241	0.00341
4	0.00780	0.00740	0.06170	0.00963	0.01197	0.00653	0.34951	0.02072	0.02508	0.08776	0.09143	0.06210	0.02070	0.11591	0.09004	0.00195	0.00495	0.01807	0.00249	0.00424
5	0.00675	0.00447	0.00614	0.00534	0.00679	0.00396	0.06598	0.00814	0.00913	0.14590	0.30197	0.08663	0.31973	0.00748	0.00417	0.00119	0.00231	0.00653	0.00361	0.00378
6	0.00848	0.00822	0.01589	0.03377	0.09590	0.00814	0.47185	0.01132	0.05591	0.06407	0.04788	0.01142	0.00776	0.03295	0.05873	0.00157	0.05510	0.00412	0.00219	0.00473
7	0.00710	0.01597	0.66142	0.01027	0.01496	0.00794	0.12226	0.01081	0.00777	0.01125	0.00947	0.01049	0.08643	0.00392	0.00361	0.00116	0.00508	0.00335	0.00174	0.00503
8	0.01144	0.00790	0.00865	0.00692	0.00910	0.06584	0.05121	0.37066	0.01218	0.11923	0.01002	0.01052	0.00731	0.00418	0.00326	0.00100	0.00341	0.00331	0.28884	0.00503
9	0.00898	0.00623	0.00921	0.06223	0.10041	0.00619	0.08774	0.04445	0.11723	0.18241	0.29853	0.01692	0.03315	0.00526	0.00390	0.00114	0.00311	0.00472	0.00340	0.00477
10	0.00933	0.00986	0.09442	0.14539	0.35603	0.06847	0.06883	0.11212	0.03911	0.02899	0.00748	0.01959	0.00592	0.00392	0.01408	0.00117	0.00466	0.00330	0.00210	0.00523

[dist]
# distance from previous block
# <min> <max>
0	2

[block]
# block no. 3 follows, 77 sequences, length 16
# corresponding to MSA columns:
# 295-310
name=unknown_D
#
# <colnr> <probs for GDERKNQSTAVLIFYWHMCP>
#	G	D	E	R	K	N	Q	S	T	A	V	L	I	F	Y	W	H	M	C	P
0	0.01374	0.00651	0.00930	0.00710	0.00975	0.00588	0.08734	0.07716	0.01013	0.59362	0.01372	0.01329	0.04733	0.05629	0.00455	0.00125	0.00338	0.00389	0.00387	0.03191
1	0.09752	0.00698	0.00860	0.23921	0.02789	0.04424	0.03679	0.05012	0.06437	0.01230	0.00758	0.00913	0.00592	0.00347	0.00307	0.00093	0.00353	0.00284	0.11171	0.26380
2	0.00543	0.00391	0.00457	0.00446	0.00507	0.00373	0.00294	0.00645	0.04524	0.00930	0.09601	0.17345	0.06592	0.41994	0.02722	0.00235	0.00292	0.00597	0.03235	0.08279
3	0.00863	0.00750	0.01117	0.35570	0.17946	0.00849	0.03440	0.17690	0.06984	0.01281	0.00786	0.00999	0.00612	0.00605	0.08815	0.00160	0.00490	0.00337	0.00222	0.00482
4	0.00484	0.00359	0.00452	0.00445	0.00526	0.00326	0.00328	0.00625	0.00935	0.01285	0.58842	0.15543	0.16872	0.00824	0.00430	0.00119	0.00178	0.00725	0.00376	0.00326
5	0.02166	0.04597	0.11463	0.31419	0.19056	0.05916	0.11999	0.03026	0.00801	0.01067	0.00714	0.04859	0.00592	0.00377	0.00360	0.00114	0.00480	0.00347	0.00181	0.00466
6	0.01074	0.00644	0.00742	0.00626	0.00834	0.00664	0.00498	0.11120	0.28162	0.26694	0.08901	0.01540	0.07915	0.00518	0.00364	0.00113	0.00275	0.00427	0.08366	0.00524
7	0.00979	0.08056	0.12718	0.14169	0.27947	0.10680	0.00946	0.14754	0.01852	0.02234	0.00684	0.00833	0.00535	0.00360	0.00354	0.00107	0.01775	0.00294	0.00205	0.00517
8	0.00726	0.00746	0.02630	0.01056	0.01295	0.00707	0.44796	0.01029	0.09378	0.01146	0.10828	0.08353	0.03768	0.08341	0.03392	0.00158	0.00465	0.00513	0.00246	0.00427
9	0.00788	0.05655	0.74209	0.00998	0.01489	0.08488	0.01240	0.01163	0.00781	0.01103	0.00631	0.00741	0.00457	0.00343	0.00335	0.00110	0.00536	0.00259	0.00155	0.00518
10	0.08279	0.01324	0.01160	0.01081	0.09603	0.50454	0.14108	0.01263	0.00925	0.01032	0.03340	0.04428	0.00656	0.00395	0.00344	0.00103	0.00556	0.00315	0.00200	0.00433
11	0.09476	0.00393	0.00466	0.00453	0.00546	0.00377	0.00338	0.00677	0.00913	0.01344	0.57467	0.14375	0.10328	0.00766	0.00409	0.00118	0.00187	0.00667	0.00364	0.00335
12	0.01224	0.00856	0.00955	0.00752	0.00999	0.00931	0.00616	0.61473	0.01471	0.08742	0.09366	0.01125	0.00940	0.00667	0.08037	0.00151	0.00417	0.00365	0.00355	0.00558
13	0.80953	0.00703	0.00557	0.00499	0.00720	0.00816	0.00408	0.01143	0.09040	0.01603	0.00598	0.00660	0.00461	0.00349	0.00237	0.00112	0.00279	0.00216	0.00237	0.00408
14	0.00624	0.00469	0.00563	0.00517	0.00632	0.00468	0.00393	0.09146	0.09537	0.01461	0.56464	0.09208	0.07663	0.00722	0.00415	0.00117	0.00208	0.00629	0.00381	0.00384
15	0.00655	0.00535	0.00699	0.10253	0.07140	0.00567	0.01445	0.06416	0.12228	0.01127	0.07990	0.08708	0.15893	0.13005	0.08338	0.00196	0.00368	0.03768	0.00283	0.00386

[dist]
# distance from previous block
# <min> <max>
4	30

[block]
# block no. 4 follows, 77 sequences, length 35
# corresponding to MSA columns:
# 341-375
name=unknown_E
#
# <colnr> <probs for GDERKNQSTAVLIFYWHMCP>
#	G	D	E	R	K	N	Q	S	T	A	V	L	I	F	Y	W	H	M	C	P
0	0.06105	0.31118	0.07306	0.00756	0.08932	0.05336	0.00615	0.03189	0.06769	0.02631	0.01427	0.01434	0.22068	0.00489	0.00320	0.00101	0.00347	0.00379	0.00234	0.00445
1	0.00728	0.00650	0.00736	0.00785	0.10643	0.11152	0.03645	0.04407	0.00720	0.00914	0.01068	0.06439	0.01146	0.43360	0.01823	0.00238	0.03415	0.07571	0.00228	0.00332
2	0.09900	0.11442	0.02000	0.04322	0.09321	0.11031	0.08664	0.03806	0.01957	0.05874	0.04023	0.00858	0.00647	0.00341	0.00309	0.00090	0.00391	0.00279	0.00221	0.24525
3	0.00569	0.00443	0.00588	0.00680	0.08705	0.00418	0.00454	0.03954	0.00794	0.01064	0.06194	0.37195	0.12593	0.04796	0.00493	0.00142	0.00261	0.13650	0.00309	0.06699
4	0.00718	0.00728	0.08875	0.00769	0.05252	0.00673	0.03885	0.01263	0.37974	0.01260	0.08693	0.18607	0.04376	0.04699	0.00460	0.00135	0.00303	0.00551	0.00317	0.00461
5	0.45864	0.00573	0.00520	0.00472	0.00620	0.00630	0.00356	0.06746	0.00681	0.02366	0.00992	0.01329	0.08747	0.19891	0.00720	0.08273	0.00297	0.00344	0.00239	0.00341
6	0.00471	0.00331	0.00449	0.00529	0.00560	0.00315	0.00378	0.00544	0.00705	0.00935	0.01914	0.68560	0.02253	0.01108	0.00504	0.03703	0.00235	0.15884	0.00326	0.00294
7	0.46211	0.26605	0.00968	0.00540	0.00772	0.00943	0.00470	0.04739	0.00704	0.05709	0.00577	0.00677	0.00470	0.00424	0.00352	0.08675	0.00320	0.00220	0.00214	0.00410
8	0.04301	0.00711	0.01136	0.53017	0.24475	0.00823	0.00966	0.01060	0.07980	0.01066	0.00715	0.00959	0.00554	0.00359	0.00354	0.00116	0.00441	0.00322	0.00185	0.00460
9	0.47326	0.00913	0.00788	0.00653	0.00897	0.09086	0.00532	0.32991	0.01067	0.01795	0.00646	0.00698	0.00482	0.00375	0.00285	0.00108	0.00359	0.00248	0.00272	0.00478
10	0.89899	0.00696	0.00529	0.00473	0.00696	0.00807	0.00390	0.01057	0.00612	0.01614	0.00501	0.00584	0.00390	0.00334	0.00223	0.00111	0.00278	0.00195	0.00223	0.00390
11	0.00810	0.00825	0.01587	0.01272	0.08701	0.00797	0.49043	0.04931	0.05212	0.01211	0.06810	0.02749	0.00850	0.00594	0.08604	0.00160	0.00544	0.00424	0.00220	0.04654
12	0.00764	0.00705	0.01317	0.01045	0.04826	0.00663	0.40139	0.04116	0.00890	0.05122	0.12994	0.08974	0.11120	0.00525	0.00410	0.00119	0.00408	0.00531	0.04899	0.00433
13	0.00470	0.00349	0.00444	0.00460	0.00528	0.00322	0.00331	0.00588	0.00850	0.01152	0.38432	0.32134	0.16706	0.00993	0.04414	0.00148	0.00222	0.00786	0.00354	0.00316
14	0.00892	0.00934	0.01463	0.09328	0.01512	0.11779	0.40085	0.09459	0.03576	0.01207	0.05252	0.07694	0.01943	0.00441	0.00414	0.00119	0.02123	0.01091	0.00230	0.00456
15	0.00823	0.08531	0.20279	0.23851	0.29442	0.00901	0.04350	0.04913	0.00811	0.01119	0.00654	0.00853	0.00511	0.00341	0.00353	0.00110	0.01179	0.00301	0.00174	0.00504
16	0.01080	0.00505	0.00597	0.00505	0.00682	0.00487	0.00402	0.04277	0.08130	0.33935	0.01283	0.01279	0.00914	0.00436	0.00308	0.00099	0.00240	0.00351	0.44020	0.00473
17	0.00747	0.00714	0.01227	0.58760	0.26742	0.00819	0.03918	0.00982	0.00753	0.01002	0.00653	0.00939	0.00508	0.00346	0.00361	0.00116	0.00469	0.00324	0.00166	0.00453
18	0.00930	0.07173	0.34427	0.00859	0.01188	0.15357	0.03581	0.05460	0.00875	0.09322	0.05218	0.02989	0.00771	0.00630	0.08552	0.00153	0.00528	0.01284	0.00221	0.00480
19	0.00840	0.00640	0.00849	0.00824	0.08453	0.04315	0.07737	0.01166	0.16502	0.13222	0.17122	0.02125	0.10889	0.00616	0.00405	0.00123	0.00319	0.13068	0.00333	0.00453
20	0.00519	0.00367	0.00484	0.00484	0.00516	0.00399	0.00332	0.00582	0.00550	0.00765	0.01049	0.01889	0.01106	0.45526	0.43388	0.00462	0.00652	0.00455	0.00205	0.00269
21	0.05022	0.09049	0.03022	0.04652	0.00940	0.06771	0.02711	0.07718	0.11836	0.18142	0.01435	0.16794	0.09244	0.00585	0.00365	0.00116	0.00333	0.00487	0.00313	0.00465
22	0.00855	0.05126	0.18580	0.20915	0.31989	0.04600	0.02244	0.05427	0.04726	0.01153	0.00695	0.00875	0.00542	0.00349	0.00348	0.00110	0.00463	0.00305	0.00186	0.00512
23	0.01073	0.00494	0.00649	0.00547	0.00725	0.00446	0.00432	0.03363	0.00987	0.41964	0.27186	0.09912	0.01801	0.00597	0.00381	0.00113	0.00245	0.00511	0.08102	0.00473
24	0.00477	0.00353	0.00447	0.00470	0.00534	0.00327	0.00335	0.00610	0.02805	0.01157	0.36800	0.40204	0.12296	0.00924	0.00438	0.00129	0.00191	0.00822	0.00361	0.00320
25	0.05966	0.08430	0.42990	0.08721	0.07013	0.00932	0.03212	0.08236	0.00812	0.01197	0.00631	0.00778	0.00479	0.00373	0.00412	0.00115	0.08746	0.00278	0.00178	0.00501
26	0.00777	0.00767	0.08863	0.10794	0.01065	0.04676	0.00633	0.02527	0.31589	0.04741	0.07097	0.17073	0.03529	0.00614	0.00388	0.00124	0.00328	0.03644	0.00310	0.00459
27	0.00450	0.00322	0.00431	0.00515	0.00541	0.00303	0.00355	0.00522	0.00701	0.00932	0.01976	0.79944	0.02352	0.01115	0.00462	0.00148	0.00219	0.08082	0.00334	0.00296
28	0.00486	0.00363	0.00451	0.00437	0.00525	0.00328	0.00325	0.00631	0.00952	0.01304	0.61520	0.08870	0.20880	0.00801	0.00427	0.00117	0.00175	0.00700	0.00378	0.00328
29	0.00745	0.14777	0.61256	0.03918	0.01429	0.00891	0.03578	0.01090	0.00775	0.01109	0.06631	0.00882	0.00669	0.00364	0.00334	0.00109	0.00484	0.00289	0.00171	0.00501
30	0.00450	0.00325	0.00428	0.00505	0.00538	0.00304	0.00351	0.00523	0.00710	0.00936	0.02094	0.73983	0.08237	0.01100	0.00460	0.00146	0.00217	0.08063	0.00334	0.00296
31	0.01424	0.00659	0.00825	0.00644	0.00898	0.00626	0.00528	0.18944	0.01145	0.56333	0.05624	0.01234	0.00965	0.00455	0.00355	0.00108	0.00306	0.00367	0.07985	0.00574
32	0.01354	0.00934	0.01022	0.00794	0.01073	0.01019	0.00653	0.65474	0.09542	0.12893	0.00993	0.00956	0.00694	0.00439	0.00361	0.00110	0.00374	0.00337	0.00371	0.00608
33	0.00453	0.00324	0.00436	0.00518	0.00546	0.00307	0.00360	0.00527	0.00700	0.00932	0.01955	0.77465	0.02320	0.01145	0.02153	0.00156	0.00235	0.08841	0.00331	0.00296
34	0.00872	0.01009	0.07867	0.01608	0.20754	0.00901	0.55487	0.04759	0.00873	0.01205	0.00716	0.00932	0.00548	0.00316	0.00400	0.00117	0.00551	0.00385	0.00187	0.00513

[dist]
# distance from previous block
# <min> <max>
0	5

[block]
# block no. 5 follows, 77 sequences, length 16
# corresponding to MSA columns:
# 381-396
name=unknown_F
#
# <colnr> <probs for GDERKNQSTAVLIFYWHMCP>
#	G	D	E	R	K	N	Q	S	T	A	V	L	I	F	Y	W	H	M	C	P
0	0.01043	0.01092	0.00867	0.00779	0.00967	0.32557	0.00597	0.05432	0.40563	0.01301	0.10011	0.01205	0.01084	0.00468	0.00356	0.00109	0.00413	0.00364	0.00302	0.00490
1	0.01496	0.00802	0.00952	0.00730	0.01013	0.00810	0.00603	0.41174	0.01347	0.45495	0.01153	0.01051	0.00757	0.00439	0.00361	0.00110	0.00349	0.00344	0.00404	0.00612
2	0.00510	0.00343	0.00396	0.00409	0.00412	0.00340	0.00235	0.00520	0.00548	0.00731	0.01261	0.15051	0.01468	0.74443	0.01625	0.00318	0.00328	0.00598	0.00235	0.00229
3	0.00619	0.09958	0.13432	0.05396	0.03900	0.00598	0.00590	0.00854	0.05571	0.01184	0.31025	0.07380	0.14644	0.00639	0.00386	0.00115	0.00288	0.02727	0.00296	0.00397
4	0.00639	0.00411	0.00484	0.00467	0.00596	0.00364	0.00363	0.00769	0.02635	0.13674	0.10621	0.11441	0.45743	0.00846	0.00425	0.00126	0.00220	0.09459	0.00357	0.00361
5	0.00451	0.00330	0.00425	0.00476	0.00521	0.00303	0.00329	0.00539	0.00770	0.01030	0.19007	0.61039	0.11406	0.01024	0.00448	0.00137	0.00198	0.00919	0.00347	0.00303
6	0.05090	0.53216	0.13958	0.00925	0.13626	0.05904	0.00787	0.01109	0.00759	0.00976	0.00551	0.00655	0.00474	0.00319	0.00271	0.00089	0.00422	0.00225	0.00162	0.00482
7	0.00774	0.10540	0.43949	0.01000	0.04636	0.00874	0.09866	0.05634	0.00785	0.01118	0.00694	0.00872	0.00546	0.00701	0.13190	0.00181	0.03677	0.00300	0.00174	0.00489
8	0.00555	0.00462	0.00720	0.00621	0.00753	0.00427	0.12857	0.00733	0.00943	0.01290	0.51404	0.02691	0.14913	0.00724	0.00432	0.00121	0.00254	0.09395	0.00348	0.00355
9	0.00447	0.00349	0.00408	0.00440	0.00518	0.00309	0.00319	0.00540	0.00793	0.01008	0.11623	0.34061	0.41578	0.00976	0.00441	0.00132	0.00199	0.05214	0.00340	0.00305
10	0.00829	0.00930	0.13962	0.10930	0.35720	0.00781	0.13725	0.01080	0.00815	0.05092	0.00871	0.01321	0.00750	0.00419	0.00384	0.00119	0.00458	0.11105	0.00205	0.00503
11	0.00987	0.00638	0.00745	0.00642	0.00825	0.02440	0.00523	0.25720	0.01172	0.16555	0.22843	0.03343	0.05969	0.00646	0.00405	0.00121	0.00302	0.15281	0.00374	0.00467
12	0.00821	0.00696	0.00750	0.00679	0.00860	0.00789	0.00526	0.01677	0.68601	0.01493	0.17330	0.01598	0.01535	0.00535	0.00377	0.00120	0.00263	0.00453	0.00372	0.00526
13	0.01345	0.01681	0.01022	0.00922	0.01112	0.81919	0.00694	0.05323	0.01051	0.00946	0.00570	0.00659	0.00470	0.00374	0.00326	0.00093	0.00637	0.00236	0.00194	0.00426
14	0.00711	0.00672	0.01136	0.73870	0.14855	0.00807	0.01015	0.00947	0.00734	0.00957	0.00645	0.00949	0.00493	0.00354	0.00359	0.00118	0.00472	0.00320	0.00163	0.00425
15	0.00679	0.00639	0.01079	0.86494	0.02477	0.00799	0.00999	0.00919	0.00719	0.00919	0.00639	0.00959	0.00480	0.00360	0.00360	0.00120	0.00480	0.00320	0.00160	0.00400

[dist]
# distance from previous block
# <min> <max>
2	22

[block]
# block no. 6 follows, 77 sequences, length 28
# corresponding to MSA columns:
# 419-446
name=unknown_G
#
# <colnr> <probs for GDERKNQSTAVLIFYWHMCP>
#	G	D	E	R	K	N	Q	S	T	A	V	L	I	F	Y	W	H	M	C	P
0	0.00759	0.05152	0.78444	0.01005	0.01512	0.04720	0.01273	0.01150	0.00770	0.01116	0.00636	0.00747	0.00456	0.00342	0.00337	0.00112	0.00531	0.00261	0.00153	0.00524
1	0.00729	0.00682	0.00937	0.00818	0.00825	0.00924	0.00663	0.00803	0.00558	0.00862	0.00625	0.01070	0.00635	0.13140	0.05854	0.00204	0.65744	0.00349	0.04217	0.00362
2	0.00593	0.00465	0.00560	0.00558	0.03839	0.03497	0.00399	0.04666	0.00997	0.01371	0.62324	0.04285	0.06475	0.04650	0.00482	0.00126	0.00223	0.03770	0.00364	0.00356
3	0.00452	0.00360	0.00406	0.00416	0.00514	0.00315	0.00310	0.00558	0.00842	0.01064	0.19592	0.14894	0.53040	0.00910	0.00433	0.00125	0.00191	0.04920	0.00346	0.00311
4	0.00429	0.00364	0.00370	0.00373	0.00492	0.00306	0.00281	0.00521	0.00817	0.00973	0.03575	0.05130	0.81620	0.00917	0.00427	0.00123	0.00186	0.02458	0.00334	0.00304
5	0.00746	0.00639	0.00746	0.00533	0.00852	0.00480	0.00426	0.00906	0.00746	0.01172	0.00639	0.00746	0.00533	0.00266	0.00266	0.00053	0.00266	0.00213	0.00213	0.89558
6	0.00737	0.00698	0.01182	0.63585	0.24938	0.00814	0.01027	0.00969	0.00746	0.00989	0.00649	0.00940	0.00504	0.00349	0.00359	0.00116	0.00465	0.00320	0.00165	0.00446
7	0.00629	0.00509	0.00582	0.00586	0.00692	0.00545	0.00429	0.01091	0.35149	0.01182	0.05114	0.41744	0.07246	0.00860	0.01770	0.00140	0.00249	0.00728	0.00347	0.00409
8	0.00803	0.05003	0.68913	0.01038	0.02760	0.07993	0.05157	0.01170	0.00789	0.02221	0.00647	0.00761	0.00468	0.00342	0.00341	0.00111	0.00535	0.00270	0.00160	0.00519
9	0.01332	0.01667	0.01023	0.02559	0.01138	0.81023	0.00700	0.04601	0.01039	0.00934	0.00569	0.00663	0.00469	0.00373	0.00326	0.00094	0.00636	0.00237	0.00192	0.00424
10	0.00895	0.00773	0.00813	0.00732	0.00935	0.00895	0.00569	0.01911	0.84465	0.01505	0.01464	0.01342	0.01098	0.00488	0.00366	0.00122	0.00285	0.00407	0.00366	0.00569
11	0.00464	0.00391	0.00407	0.00401	0.00515	0.01877	0.00303	0.00574	0.00866	0.01073	0.20935	0.03260	0.63847	0.00866	0.00425	0.00120	0.00192	0.02826	0.00344	0.00314
12	0.01075	0.05534	0.01258	0.02477	0.44245	0.06725	0.00869	0.14717	0.05555	0.11036	0.00843	0.02612	0.00664	0.00381	0.00351	0.00107	0.00410	0.00331	0.00251	0.00558
13	0.00514	0.00384	0.00570	0.00570	0.00631	0.00445	0.00439	0.00637	0.00576	0.00829	0.00971	0.01455	0.00917	0.06446	0.82209	0.00568	0.00936	0.00391	0.00194	0.00317
14	0.00425	0.00364	0.00364	0.00364	0.00486	0.00304	0.00273	0.00516	0.00820	0.00972	0.03644	0.03462	0.84969	0.00911	0.00425	0.00121	0.00182	0.00759	0.00334	0.00304
15	0.01107	0.01438	0.08711	0.00860	0.01063	0.58178	0.02326	0.01266	0.03189	0.00978	0.06312	0.02185	0.05826	0.00466	0.00352	0.00103	0.00547	0.04458	0.00219	0.00415
16	0.03093	0.00960	0.01043	0.00801	0.01087	0.01048	0.00662	0.73734	0.01601	0.10942	0.00915	0.00896	0.00637	0.00431	0.00357	0.00108	0.00384	0.00325	0.00366	0.00607
17	0.00721	0.01861	0.85495	0.01025	0.01557	0.00835	0.01329	0.01139	0.00759	0.01139	0.00646	0.00759	0.00456	0.00342	0.00342	0.00114	0.00532	0.00266	0.00152	0.00532
18	0.00438	0.00313	0.00417	0.00501	0.00522	0.00292	0.00334	0.00501	0.00689	0.00918	0.01983	0.87124	0.02379	0.01127	0.00459	0.00146	0.00209	0.01023	0.00334	0.00292
19	0.03022	0.79592	0.07662	0.00641	0.00962	0.01368	0.00660	0.01081	0.00730	0.00885	0.00510	0.00590	0.00460	0.00311	0.00238	0.00080	0.00392	0.00197	0.00155	0.00465
20	0.00721	0.01861	0.85495	0.01025	0.01557	0.00835	0.01329	0.01139	0.00759	0.01139	0.00646	0.00759	0.00456	0.00342	0.00342	0.00114	0.00532	0.00266	0.00152	0.00532
21	0.02280	0.00503	0.00841	0.00759	0.00889	0.00477	0.17539	0.00799	0.00786	0.06961	0.03280	0.38864	0.01803	0.00854	0.00450	0.00142	0.00329	0.21769	0.00309	0.00367
22	0.00936	0.78322	0.10911	0.00660	0.00992	0.01360	0.00693	0.01084	0.00734	0.00878	0.00516	0.00597	0.00461	0.00311	0.00243	0.00081	0.00401	0.00200	0.00154	0.00469
23	0.00679	0.00639	0.01079	0.86494	0.02477	0.00799	0.00999	0.00919	0.00719	0.00919	0.00639	0.00959	0.00480	0.00360	0.00360	0.00120	0.00480	0.00320	0.00160	0.00400
24	0.03952	0.01818	0.82417	0.01005	0.01526	0.00834	0.01295	0.01136	0.00754	0.01156	0.00640	0.00753	0.00453	0.00341	0.00337	0.00114	0.00522	0.00263	0.00154	0.00526
25	0.00771	0.19488	0.68300	0.00941	0.01427	0.00956	0.01182	0.01126	0.00754	0.01079	0.00616	0.00722	0.00457	0.00335	0.00319	0.00106	0.00501	0.00251	0.00152	0.00517
26	0.00523	0.00349	0.00392	0.00392	0.00392	0.00349	0.00218	0.00523	0.00523	0.00697	0.01133	0.02354	0.01308	0.87359	0.01831	0.00349	0.00349	0.00523	0.00218	0.00218
27	0.00545	0.00393	0.00498	0.00492	0.00533	0.00428	0.00337	0.00668	0.06377	0.00810	0.01087	0.01898	0.01126	0.46625	0.36198	0.00427	0.00596	0.00459	0.00218	0.00285

[dist]
# distance from previous block
# <min> <max>
10	114

# created by:
# /home/cegg/simao/soft/augustus-3.2.1/scripts/msa2prfl.pl ./align_prep/EOG092C4UH1.fa
