[name]
unknown

[dist]
# distance from previous block
# <min> <max>
0	85

[block]
# block no. 0 follows, 82 sequences, length 54
# corresponding to MSA columns:
# 86-139
name=unknown_A
#
# <colnr> <probs for GDERKNQSTAVLIFYWHMCP>
#	G	D	E	R	K	N	Q	S	T	A	V	L	I	F	Y	W	H	M	C	P
0	0.12943	0.00807	0.11803	0.03175	0.01024	0.01505	0.06725	0.08691	0.08529	0.29379	0.03527	0.01210	0.01329	0.01236	0.00359	0.00113	0.01162	0.05689	0.00304	0.00492
1	0.01034	0.00797	0.00938	0.00760	0.00979	0.11955	0.12308	0.11749	0.15804	0.20786	0.03012	0.04716	0.10503	0.01006	0.00877	0.00113	0.00919	0.00412	0.00310	0.01023
2	0.00636	0.20164	0.11782	0.00568	0.00775	0.00661	0.01996	0.06154	0.00801	0.01013	0.03156	0.08987	0.32537	0.00651	0.00358	0.00110	0.00295	0.08726	0.00257	0.00374
3	0.01179	0.00973	0.06589	0.00854	0.01139	0.04574	0.11120	0.50640	0.06415	0.10141	0.00913	0.00924	0.02101	0.00400	0.00349	0.00105	0.00402	0.00328	0.00309	0.00546
4	0.00709	0.09290	0.01024	0.01232	0.40482	0.00687	0.00692	0.02365	0.05780	0.01078	0.06580	0.06788	0.20869	0.00517	0.00353	0.00106	0.00311	0.00455	0.00237	0.00443
5	0.00693	0.09270	0.01054	0.21921	0.31357	0.00707	0.00763	0.02289	0.00745	0.01005	0.05929	0.20779	0.01063	0.00513	0.00354	0.00111	0.00352	0.00464	0.00212	0.00420
6	0.00775	0.00827	0.06186	0.44627	0.14180	0.11354	0.00866	0.06282	0.00792	0.01000	0.00744	0.09445	0.00652	0.00413	0.00346	0.00110	0.00441	0.00357	0.00186	0.00416
7	0.00849	0.00793	0.01320	0.19099	0.55234	0.00830	0.06321	0.09298	0.00844	0.01170	0.00657	0.00862	0.00527	0.00322	0.00344	0.00105	0.00424	0.00311	0.00183	0.00508
8	0.00537	0.00382	0.00452	0.00458	0.01968	0.00380	0.00296	0.05899	0.00666	0.01428	0.06587	0.14646	0.11989	0.45973	0.06653	0.00257	0.00324	0.00577	0.00255	0.00273
9	0.00464	0.00351	0.00429	0.00417	0.00508	0.00317	0.00318	0.00602	0.00900	0.01214	0.55553	0.02859	0.28251	0.00765	0.00408	0.00113	0.00174	0.05689	0.00355	0.00312
10	0.01315	0.00751	0.06500	0.00897	0.11190	0.00644	0.07501	0.09728	0.00987	0.55164	0.01111	0.01044	0.00731	0.00391	0.00347	0.00106	0.00351	0.00335	0.00346	0.00562
11	0.00972	0.47115	0.01499	0.06336	0.01108	0.22116	0.08941	0.01156	0.06166	0.00886	0.00577	0.00672	0.00487	0.00321	0.00276	0.00086	0.00448	0.00235	0.00170	0.00434
12	0.90395	0.00662	0.00503	0.00450	0.00662	0.00767	0.00370	0.01006	0.00582	0.01535	0.00476	0.00556	0.00370	0.00318	0.00212	0.00106	0.00265	0.00185	0.00212	0.00370
13	0.00481	0.00344	0.00437	0.00449	0.00523	0.00320	0.00341	0.00614	0.00845	0.01169	0.42674	0.18454	0.12980	0.00804	0.00409	0.00120	0.00191	0.12410	0.06125	0.00309
14	0.00545	0.00356	0.00428	0.00423	0.00477	0.00341	0.00288	0.00605	0.00652	0.06270	0.09948	0.07600	0.15522	0.43219	0.06619	0.00251	0.00315	0.05604	0.00268	0.00273
15	0.00605	0.06156	0.00732	0.05331	0.00788	0.06704	0.03470	0.00739	0.01648	0.01417	0.00854	0.01256	0.00791	0.07363	0.60085	0.00424	0.00773	0.00350	0.00184	0.00329
16	0.01467	0.00597	0.00792	0.00617	0.00875	0.00537	0.00507	0.01682	0.09318	0.77702	0.01354	0.01175	0.00866	0.00427	0.00344	0.00107	0.00289	0.00348	0.00416	0.00578
17	0.00686	0.01769	0.86206	0.00975	0.01481	0.00794	0.01264	0.01083	0.00722	0.01083	0.00614	0.00722	0.00433	0.00325	0.00325	0.00108	0.00506	0.00253	0.00144	0.00506
18	0.00415	0.00304	0.00391	0.00460	0.00492	0.00279	0.00310	0.00478	0.00671	0.00880	0.02083	0.77186	0.12704	0.01046	0.00433	0.00136	0.00195	0.00941	0.00318	0.00279
19	0.02865	0.01434	0.01020	0.01061	0.14934	0.66632	0.00712	0.04038	0.00949	0.00941	0.00607	0.00706	0.01927	0.00355	0.00314	0.00092	0.00560	0.00245	0.00184	0.00424
20	0.00692	0.04003	0.84024	0.00965	0.01465	0.00809	0.01246	0.01082	0.00722	0.01076	0.00610	0.00718	0.00433	0.00324	0.00322	0.00107	0.00502	0.00251	0.00144	0.00504
21	0.00493	0.00336	0.00404	0.00421	0.00435	0.00337	0.00267	0.00523	0.00548	0.00731	0.01235	0.12277	0.01411	0.64224	0.06480	0.00305	0.00349	0.08765	0.00229	0.00232
22	0.00500	0.00328	0.00372	0.00377	0.00384	0.00327	0.00217	0.00514	0.00522	0.00716	0.01139	0.08460	0.01296	0.76288	0.01554	0.00302	0.00311	0.00522	0.05650	0.00219
23	0.12375	0.00953	0.14943	0.00823	0.01103	0.00863	0.11817	0.15040	0.34845	0.01457	0.00965	0.00996	0.00721	0.00395	0.00334	0.00112	0.00367	0.01110	0.00273	0.00507
24	0.00749	0.00713	0.01213	0.43372	0.45332	0.00787	0.01001	0.00964	0.00733	0.00999	0.00626	0.00878	0.00500	0.00323	0.00340	0.00108	0.00430	0.00304	0.00161	0.00463
25	0.00745	0.01227	0.51698	0.00781	0.01127	0.00639	0.00902	0.01932	0.00725	0.11346	0.00874	0.06607	0.00729	0.09210	0.06035	0.00159	0.00453	0.00345	0.04014	0.00451
26	0.00440	0.00311	0.00409	0.00479	0.00502	0.00296	0.00327	0.00502	0.00649	0.00862	0.01778	0.68883	0.02107	0.11798	0.00601	0.00165	0.00226	0.09087	0.00304	0.00273
27	0.01006	0.00569	0.00829	0.00664	0.00875	0.00528	0.11302	0.07664	0.00928	0.35731	0.06778	0.01803	0.18150	0.00671	0.05474	0.00138	0.00341	0.05751	0.00339	0.00458
28	0.00953	0.01420	0.44169	0.00943	0.06702	0.18094	0.00953	0.02932	0.00831	0.13387	0.00709	0.00774	0.00509	0.00341	0.00321	0.00100	0.00473	0.00261	0.00201	0.05926
29	0.00782	0.16773	0.54394	0.00959	0.01390	0.00919	0.12546	0.06410	0.00786	0.01105	0.00614	0.00726	0.00456	0.00320	0.00318	0.00103	0.00483	0.00265	0.00161	0.00493
30	0.75713	0.00751	0.08976	0.00495	0.00730	0.00739	0.00452	0.00980	0.00609	0.01451	0.00683	0.00749	0.05879	0.00354	0.00235	0.00107	0.00283	0.00227	0.00212	0.00379
31	0.00491	0.00358	0.00506	0.00506	0.00552	0.00404	0.00373	0.00583	0.00537	0.00762	0.00956	0.01564	0.00951	0.23543	0.65775	0.00496	0.00773	0.00399	0.00189	0.00281
32	0.01378	0.00834	0.00950	0.00728	0.00999	0.00876	0.00601	0.57234	0.01400	0.29919	0.00996	0.00935	0.00669	0.00415	0.00343	0.00104	0.00348	0.00320	0.00369	0.00582
33	0.70083	0.00715	0.00607	0.00521	0.00742	0.00821	0.00428	0.15025	0.05897	0.01632	0.00590	0.00644	0.00447	0.00342	0.00242	0.00106	0.00284	0.00218	0.00242	0.00416
34	0.00582	0.00393	0.00484	0.00483	0.00571	0.00389	0.00380	0.06111	0.02160	0.01272	0.33373	0.11565	0.02143	0.00708	0.00383	0.00116	0.00215	0.19108	0.19229	0.00335
35	0.00790	0.19272	0.51442	0.00931	0.06662	0.00925	0.01013	0.06505	0.06225	0.01117	0.00667	0.01809	0.00513	0.00341	0.00308	0.00101	0.00443	0.00263	0.00174	0.00499
36	0.00459	0.00341	0.00431	0.00431	0.00501	0.00320	0.00313	0.00576	0.00810	0.01103	0.42682	0.16847	0.17894	0.06546	0.09029	0.00172	0.00255	0.00664	0.00326	0.00300
37	0.00655	0.00605	0.01007	0.62594	0.15767	0.00713	0.00882	0.00855	0.00687	0.00901	0.00723	0.06520	0.00632	0.05561	0.00430	0.00126	0.00424	0.00358	0.00169	0.00390
38	0.00626	0.00464	0.00629	0.00627	0.06008	0.00468	0.00447	0.00755	0.00801	0.06545	0.36032	0.11884	0.01985	0.05948	0.00559	0.00127	0.10992	0.05573	0.00300	0.09231
39	0.00854	0.06177	0.04582	0.00783	0.00965	0.12516	0.05714	0.01386	0.40681	0.01136	0.00976	0.01036	0.00773	0.00647	0.08977	0.00157	0.11591	0.00334	0.00251	0.00464
40	0.00813	0.01053	0.25877	0.01638	0.01138	0.01724	0.06177	0.14196	0.00840	0.01225	0.00627	0.00751	0.00489	0.00349	0.00415	0.00094	0.11957	0.00261	0.00198	0.30177
41	0.01000	0.00746	0.00803	0.06250	0.00970	0.05953	0.00557	0.17707	0.33346	0.14524	0.07711	0.01341	0.06025	0.00478	0.00352	0.00110	0.00314	0.00974	0.00336	0.00503
42	0.00685	0.00601	0.00831	0.18180	0.12640	0.00551	0.00592	0.00868	0.01487	0.01105	0.12443	0.01030	0.00884	0.00342	0.00304	0.00079	0.00302	0.00296	0.00213	0.46564
43	0.00615	0.00514	0.00556	0.00534	0.00669	0.00541	0.00409	0.01844	0.36591	0.01169	0.05775	0.12199	0.30906	0.00713	0.00388	0.00120	0.00227	0.05495	0.00333	0.00400
44	0.00760	0.13358	0.39162	0.11904	0.26152	0.00873	0.01068	0.01039	0.00730	0.01029	0.00603	0.00758	0.00469	0.00317	0.00316	0.00102	0.00451	0.00265	0.00153	0.00491
45	0.00422	0.00347	0.00371	0.00365	0.00473	0.00296	0.00274	0.00524	0.00821	0.01021	0.21317	0.03132	0.67794	0.00830	0.00404	0.00114	0.00171	0.00700	0.00330	0.00296
46	0.00523	0.00426	0.00460	0.00434	0.00559	0.00407	0.00332	0.06081	0.09206	0.01110	0.14683	0.02713	0.55039	0.00874	0.05490	0.00139	0.00238	0.00626	0.00323	0.00339
47	0.00414	0.00331	0.00371	0.00395	0.00477	0.00288	0.00283	0.00498	0.00754	0.00942	0.09262	0.30429	0.52514	0.00920	0.00415	0.00122	0.00180	0.00795	0.00322	0.00288
48	0.00736	0.00700	0.01189	0.48911	0.39896	0.00784	0.00995	0.00953	0.00727	0.00984	0.00624	0.00883	0.00495	0.00325	0.00340	0.00108	0.00434	0.00304	0.00160	0.00453
49	0.00983	0.00454	0.00611	0.00524	0.00684	0.00403	0.00409	0.01114	0.00922	0.42395	0.31052	0.15812	0.01915	0.00626	0.00380	0.00112	0.00230	0.00543	0.00390	0.00441
50	0.09711	0.00721	0.06221	0.00645	0.00843	0.00725	0.00538	0.11535	0.36505	0.06569	0.09869	0.06760	0.01160	0.00630	0.05906	0.00141	0.00325	0.00406	0.00316	0.00475
51	0.00855	0.00884	0.01213	0.07572	0.40196	0.11840	0.02571	0.01006	0.00715	0.00970	0.00565	0.00792	0.00493	0.00407	0.00588	0.00116	0.28302	0.00294	0.00163	0.00456
52	0.00792	0.00682	0.00745	0.00620	0.00855	0.00693	0.00487	0.01436	0.51667	0.01308	0.01989	0.01071	0.00860	0.00385	0.00312	0.00091	0.00263	0.00318	0.00292	0.35135
53	0.00893	0.06425	0.01592	0.01136	0.01407	0.02459	0.48802	0.01209	0.11222	0.09493	0.00797	0.00940	0.00601	0.00363	0.00465	0.00115	0.11030	0.00366	0.00215	0.00470

[dist]
# distance from previous block
# <min> <max>
0	1

[block]
# block no. 1 follows, 82 sequences, length 24
# corresponding to MSA columns:
# 141-164
name=unknown_B
#
# <colnr> <probs for GDERKNQSTAVLIFYWHMCP>
#	G	D	E	R	K	N	Q	S	T	A	V	L	I	F	Y	W	H	M	C	P
0	0.11988	0.15012	0.55722	0.00858	0.02891	0.03768	0.01003	0.01088	0.00716	0.03197	0.00591	0.00684	0.00439	0.00322	0.00295	0.00102	0.00450	0.00236	0.00162	0.00477
1	0.00605	0.00372	0.00494	0.00473	0.00566	0.00342	0.00359	0.00746	0.00904	0.11615	0.55468	0.17021	0.02688	0.00746	0.00406	0.00116	0.00194	0.06170	0.00368	0.00346
2	0.00439	0.00338	0.00405	0.00450	0.00509	0.00315	0.00314	0.00561	0.05566	0.00929	0.03857	0.56580	0.26543	0.00970	0.00421	0.00130	0.00195	0.00859	0.00320	0.00297
3	0.72138	0.00806	0.06308	0.00637	0.07205	0.06055	0.00499	0.01036	0.00630	0.01430	0.00501	0.00593	0.00392	0.00319	0.00235	0.00105	0.00313	0.00201	0.00202	0.00394
4	0.00776	0.16027	0.59090	0.00894	0.01314	0.06612	0.02312	0.01130	0.05484	0.01036	0.00628	0.00721	0.00471	0.00333	0.00321	0.00102	0.01854	0.00250	0.00159	0.00487
5	0.02511	0.01201	0.01324	0.01381	0.27951	0.39334	0.19180	0.01201	0.00867	0.00994	0.00600	0.00755	0.00489	0.00323	0.00337	0.00099	0.00536	0.00287	0.00174	0.00456
6	0.46386	0.00734	0.00888	0.06395	0.30974	0.00805	0.00668	0.07365	0.00736	0.01393	0.00570	0.00701	0.00452	0.00322	0.00275	0.00105	0.00335	0.00244	0.00203	0.00448
7	0.00579	0.00471	0.00724	0.44507	0.01419	0.00549	0.00621	0.00720	0.00651	0.00877	0.07280	0.07114	0.00984	0.16356	0.05959	0.04825	0.00398	0.00412	0.05237	0.00318
8	0.00664	0.00620	0.01041	0.65736	0.16782	0.00733	0.00919	0.00874	0.00698	0.00916	0.00711	0.07492	0.00608	0.00391	0.00349	0.00114	0.00428	0.00355	0.00168	0.00400
9	0.00408	0.00330	0.00363	0.00390	0.00473	0.00285	0.00279	0.00486	0.00738	0.00907	0.02935	0.31667	0.57673	0.00935	0.00415	0.00123	0.00182	0.00806	0.00318	0.00285
10	0.00758	0.00754	0.01060	0.33624	0.28413	0.09864	0.00856	0.00937	0.00744	0.00969	0.05081	0.06607	0.00748	0.00447	0.01622	0.00117	0.06438	0.00356	0.00183	0.00422
11	0.00746	0.01353	0.44811	0.01204	0.01632	0.00829	0.42242	0.01089	0.00764	0.01089	0.00652	0.00821	0.00475	0.00307	0.00364	0.00112	0.00541	0.00327	0.00158	0.00484
12	0.00423	0.00312	0.00389	0.00443	0.00484	0.00285	0.00301	0.00490	0.00687	0.00899	0.06849	0.62125	0.18036	0.05960	0.00503	0.00144	0.00199	0.00878	0.00315	0.00278
13	0.00793	0.00747	0.01105	0.05847	0.09725	0.00799	0.20051	0.01410	0.45146	0.01249	0.01257	0.01315	0.06497	0.00437	0.00366	0.00115	0.00360	0.02013	0.00276	0.00493
14	0.01105	0.00820	0.00901	0.00743	0.00929	0.06455	0.00600	0.36178	0.09137	0.14094	0.00986	0.10132	0.00812	0.00515	0.00481	0.00115	0.14803	0.00384	0.00309	0.00499
15	0.00425	0.00305	0.00406	0.00483	0.00509	0.00286	0.00331	0.00492	0.00667	0.00884	0.01919	0.80244	0.04254	0.01058	0.00438	0.00140	0.00205	0.06355	0.00317	0.00281
16	0.00505	0.00360	0.00417	0.00397	0.00500	0.00316	0.00296	0.00618	0.00846	0.05930	0.34993	0.04151	0.42783	0.05795	0.00478	0.00125	0.00185	0.00651	0.00340	0.00314
17	0.13593	0.00795	0.05001	0.02660	0.06491	0.00730	0.36188	0.01200	0.03385	0.20080	0.04667	0.01000	0.00711	0.00352	0.00351	0.00110	0.00420	0.00353	0.01438	0.00475
18	0.00869	0.00815	0.01375	0.01742	0.57381	0.00824	0.12743	0.10166	0.00869	0.01216	0.00744	0.01053	0.00636	0.00363	0.00373	0.00108	0.02145	0.05864	0.00198	0.00516
19	0.00646	0.00608	0.01026	0.87156	0.02356	0.00760	0.00950	0.00874	0.00684	0.00874	0.00608	0.00912	0.00456	0.00342	0.00342	0.00114	0.00456	0.00304	0.00152	0.00380
20	0.00468	0.00319	0.00382	0.00410	0.00417	0.00312	0.00247	0.00490	0.00554	0.00739	0.01368	0.33010	0.01610	0.56707	0.01272	0.00262	0.00284	0.00668	0.00247	0.00233
21	0.05907	0.06616	0.06142	0.12770	0.42085	0.07861	0.07269	0.05375	0.00807	0.01116	0.00620	0.00798	0.00500	0.00319	0.00326	0.00102	0.00436	0.00288	0.00176	0.00486
22	0.00511	0.00475	0.06993	0.00585	0.05810	0.00396	0.00423	0.00614	0.00661	0.00901	0.11068	0.18691	0.08192	0.27276	0.11010	0.00237	0.00360	0.05245	0.00253	0.00301
23	0.01641	0.12759	0.06643	0.00688	0.05988	0.00679	0.01936	0.06223	0.01685	0.09267	0.00685	0.00755	0.00536	0.00296	0.00276	0.00071	0.00312	0.00235	0.00220	0.49106

[dist]
# distance from previous block
# <min> <max>
0	3

[block]
# block no. 2 follows, 82 sequences, length 108
# corresponding to MSA columns:
# 168-275
name=unknown_C
#
# <colnr> <probs for GDERKNQSTAVLIFYWHMCP>
#	G	D	E	R	K	N	Q	S	T	A	V	L	I	F	Y	W	H	M	C	P
0	0.00450	0.00343	0.00414	0.00408	0.00493	0.00307	0.00301	0.00576	0.00872	0.01170	0.49405	0.12142	0.30285	0.00795	0.00407	0.00114	0.00169	0.00691	0.00351	0.00307
1	0.00913	0.18797	0.20838	0.00717	0.01004	0.04789	0.00709	0.20969	0.06278	0.04661	0.15942	0.01086	0.01025	0.00420	0.00323	0.00099	0.00367	0.00328	0.00259	0.00478
2	0.00414	0.00324	0.00375	0.00410	0.00480	0.00285	0.00289	0.00492	0.00732	0.00922	0.06627	0.41692	0.43841	0.00952	0.00419	0.00126	0.00184	0.00831	0.00320	0.00285
3	0.00469	0.00348	0.00478	0.00488	0.00545	0.00368	0.00362	0.00572	0.00640	0.00886	0.12648	0.16331	0.09312	0.08835	0.45690	0.00363	0.00578	0.00546	0.00246	0.00294
4	0.01034	0.00473	0.00607	0.00503	0.00683	0.00413	0.00396	0.01149	0.00892	0.46814	0.15081	0.01938	0.19607	0.08243	0.00489	0.00128	0.00249	0.00482	0.00374	0.00445
5	0.00853	0.09583	0.63752	0.00876	0.01321	0.00796	0.01071	0.01178	0.00764	0.15610	0.00727	0.00782	0.00505	0.00339	0.00318	0.00105	0.00456	0.00262	0.00192	0.00512
6	0.00755	0.00710	0.01219	0.18336	0.49656	0.00735	0.06520	0.00961	0.00764	0.01053	0.00837	0.01372	0.00764	0.00419	0.00366	0.00114	0.00412	0.14348	0.00191	0.00467
7	0.00470	0.00349	0.00438	0.00416	0.00502	0.00317	0.00312	0.00618	0.00935	0.01293	0.71138	0.02685	0.17803	0.00729	0.00404	0.00109	0.00163	0.00637	0.00366	0.00317
8	0.00855	0.00862	0.07700	0.01332	0.21260	0.01617	0.35408	0.01688	0.00818	0.09963	0.08624	0.01905	0.00816	0.00373	0.00414	0.00112	0.05179	0.00380	0.00216	0.00477
9	0.00964	0.20256	0.21884	0.00896	0.06111	0.33153	0.02122	0.02181	0.00811	0.00923	0.00577	0.00705	0.00478	0.01060	0.05528	0.00121	0.01386	0.00241	0.00164	0.00437
10	0.00721	0.00685	0.01162	0.55348	0.33577	0.00780	0.00987	0.00940	0.00719	0.00965	0.00621	0.00888	0.00488	0.00328	0.00341	0.00109	0.00437	0.00304	0.00158	0.00441
11	0.82396	0.00654	0.00529	0.00464	0.00681	0.00744	0.00382	0.01065	0.00618	0.09145	0.00555	0.00610	0.00413	0.00327	0.00224	0.00106	0.00267	0.00200	0.00231	0.00390
12	0.00417	0.00298	0.00397	0.00476	0.00496	0.00278	0.00318	0.00476	0.00655	0.00873	0.01885	0.87755	0.02262	0.01072	0.00437	0.00139	0.00198	0.00972	0.00318	0.00278
13	0.00979	0.01708	0.08238	0.00635	0.00844	0.06469	0.00553	0.37495	0.01119	0.01598	0.00881	0.00964	0.00665	0.00398	0.00318	0.00094	0.02459	0.00300	0.33825	0.00458
14	0.01247	0.00591	0.00764	0.00573	0.00851	0.00486	0.00469	0.01386	0.00885	0.56418	0.01091	0.01005	0.00728	0.00364	0.00312	0.00087	0.00278	0.00295	0.00346	0.31824
15	0.00771	0.00507	0.00648	0.00555	0.00695	0.04953	0.05992	0.00919	0.01834	0.19687	0.40038	0.05979	0.09532	0.05781	0.00466	0.00122	0.00255	0.00539	0.00344	0.00383
16	0.00982	0.00481	0.00622	0.00528	0.00701	0.00446	0.00418	0.01152	0.05843	0.40563	0.12287	0.01780	0.15546	0.04813	0.12067	0.00178	0.00340	0.00455	0.00353	0.00443
17	0.00802	0.00907	0.01933	0.01394	0.01710	0.00881	0.77247	0.01072	0.00783	0.01072	0.00671	0.00907	0.00513	0.00316	0.00467	0.00118	0.08188	0.00395	0.00171	0.00454
18	0.01230	0.00493	0.00633	0.00510	0.00712	0.00440	0.00413	0.01372	0.00890	0.57306	0.01270	0.01202	0.00857	0.00415	0.00308	0.00097	0.00246	0.00335	0.30776	0.00493
19	0.00796	0.01657	0.63637	0.00924	0.01336	0.18385	0.01084	0.01115	0.00787	0.01050	0.05623	0.00809	0.00600	0.00353	0.00326	0.00104	0.00508	0.00268	0.00165	0.00472
20	0.01922	0.00809	0.01006	0.00795	0.01010	0.05867	0.13515	0.39865	0.01138	0.06894	0.00944	0.09082	0.00817	0.09548	0.05054	0.00154	0.00422	0.00403	0.00286	0.00469
21	0.00425	0.00325	0.00392	0.00439	0.00501	0.00293	0.00315	0.00505	0.00720	0.00916	0.04431	0.47225	0.33465	0.00976	0.00427	0.00131	0.00198	0.07711	0.00319	0.00286
22	0.00747	0.00656	0.01099	0.61591	0.22341	0.00757	0.00948	0.00963	0.00724	0.05969	0.00660	0.00911	0.00500	0.00338	0.00341	0.00111	0.00434	0.00307	0.00172	0.00431
23	0.00686	0.00781	0.18292	0.00773	0.05377	0.01996	0.05599	0.07356	0.01565	0.04612	0.00939	0.08783	0.00872	0.10890	0.29613	0.00284	0.00577	0.00402	0.00212	0.00392
24	0.00895	0.00780	0.01315	0.06996	0.73456	0.00782	0.00996	0.01094	0.00791	0.08556	0.00703	0.00878	0.00564	0.00317	0.00339	0.00103	0.00399	0.00308	0.00191	0.00536
25	0.00447	0.00322	0.00410	0.00469	0.00505	0.00304	0.00329	0.00515	0.00666	0.00871	0.01936	0.53683	0.11464	0.13586	0.00627	0.00167	0.00232	0.12893	0.00301	0.00274
26	0.06481	0.00440	0.05308	0.00519	0.00593	0.00381	0.00392	0.04991	0.00704	0.00997	0.01663	0.72410	0.01944	0.00944	0.00410	0.00133	0.00230	0.00844	0.00302	0.00313
27	0.18133	0.01105	0.10249	0.00779	0.01027	0.29019	0.07986	0.04790	0.00883	0.16552	0.05735	0.00866	0.00678	0.00373	0.00314	0.00101	0.00438	0.00283	0.00243	0.00446
28	0.62101	0.00924	0.00655	0.00581	0.00787	0.22314	0.00462	0.06679	0.00748	0.01401	0.00512	0.00589	0.00402	0.00333	0.00245	0.00101	0.00360	0.00202	0.00212	0.00391
29	0.00525	0.00370	0.00508	0.00609	0.08003	0.00343	0.00387	0.00614	0.00727	0.05982	0.09567	0.58445	0.10792	0.00911	0.00416	0.00128	0.00216	0.00818	0.00316	0.00324
30	0.01167	0.00645	0.00890	0.00660	0.00946	0.00553	0.08164	0.06242	0.00907	0.43758	0.01000	0.00963	0.00683	0.00351	0.00318	0.00087	0.00309	0.00298	0.00319	0.31741
31	0.00486	0.00374	0.00496	0.00480	0.00556	0.00383	0.00370	0.00619	0.00788	0.01092	0.40769	0.03135	0.15523	0.01271	0.25327	0.00240	0.04502	0.02974	0.00298	0.00314
32	0.00682	0.00645	0.01091	0.71805	0.17424	0.00770	0.00968	0.00906	0.00701	0.00918	0.00614	0.00900	0.00471	0.00335	0.00341	0.00112	0.00447	0.00304	0.00155	0.00409
33	0.00646	0.00608	0.01026	0.87156	0.02356	0.00760	0.00950	0.00874	0.00684	0.00874	0.00608	0.00912	0.00456	0.00342	0.00342	0.00114	0.00456	0.00304	0.00152	0.00380
34	0.01429	0.00583	0.00778	0.00603	0.00852	0.00519	0.00495	0.06291	0.01014	0.73887	0.08715	0.01267	0.01041	0.00447	0.00349	0.00106	0.00285	0.00366	0.00415	0.00559
35	0.00863	0.00415	0.00513	0.00446	0.00589	0.00377	0.00349	0.01008	0.00878	0.28582	0.25171	0.01776	0.08969	0.00532	0.00334	0.00099	0.00204	0.00447	0.28047	0.00402
36	0.00763	0.00758	0.00693	0.00651	0.00760	0.24516	0.00502	0.06433	0.00761	0.00930	0.05612	0.01175	0.00856	0.01698	0.51882	0.00366	0.00754	0.00336	0.00203	0.00350
37	0.59791	0.00676	0.00602	0.00529	0.00730	0.00765	0.00431	0.17982	0.00807	0.01576	0.00738	0.08850	0.00662	0.00435	0.00271	0.00111	0.00284	0.04105	0.00253	0.00402
38	0.00759	0.00437	0.00556	0.00484	0.00620	0.00403	0.00377	0.05827	0.00992	0.20192	0.54714	0.02208	0.09777	0.00636	0.00387	0.00108	0.00204	0.00548	0.00380	0.00393
39	0.00422	0.00318	0.00390	0.00434	0.00488	0.00287	0.00302	0.00502	0.00730	0.00950	0.12896	0.53104	0.26005	0.00967	0.00423	0.00128	0.00187	0.00857	0.00325	0.00287
40	0.00694	0.00657	0.01112	0.66952	0.22187	0.00773	0.00974	0.00916	0.00707	0.00932	0.00616	0.00896	0.00476	0.00333	0.00341	0.00111	0.00444	0.00304	0.00156	0.00418
41	0.00803	0.00667	0.00636	0.00578	0.00684	0.13405	0.00418	0.08317	0.14709	0.06014	0.01019	0.01523	0.00954	0.35530	0.13038	0.00257	0.00448	0.00394	0.00247	0.00360
42	0.00737	0.00481	0.00552	0.00485	0.00639	0.00459	0.00379	0.08250	0.09769	0.15376	0.22306	0.02334	0.35535	0.00671	0.00383	0.00111	0.00218	0.00563	0.00355	0.00398
43	0.00641	0.00532	0.00833	0.12571	0.23184	0.00552	0.00735	0.00820	0.00771	0.01028	0.01345	0.02678	0.01394	0.00697	0.00420	0.00137	0.00358	0.50666	0.00255	0.00383
44	0.05337	0.02200	0.54895	0.00834	0.01213	0.00750	0.00971	0.05823	0.00764	0.10521	0.00734	0.00909	0.00560	0.08484	0.00489	0.00130	0.04426	0.00287	0.00196	0.00477
45	0.07307	0.00826	0.05927	0.00700	0.00979	0.00788	0.00605	0.38821	0.01220	0.37786	0.01011	0.00944	0.00672	0.00405	0.00333	0.00105	0.00340	0.00312	0.00356	0.00563
46	0.83298	0.01389	0.00566	0.00538	0.04579	0.02970	0.00411	0.01017	0.00602	0.01492	0.00485	0.00571	0.00381	0.00318	0.00220	0.00105	0.00281	0.00192	0.00208	0.00380
47	0.06578	0.00587	0.00777	0.00600	0.00861	0.00518	0.00495	0.01630	0.00957	0.81283	0.01300	0.01130	0.00820	0.00417	0.00336	0.00106	0.00290	0.00335	0.00411	0.00570
48	0.00881	0.00823	0.01482	0.01671	0.46893	0.00811	0.26216	0.01176	0.08635	0.06808	0.00775	0.00931	0.00602	0.00323	0.00360	0.00107	0.00438	0.00345	0.00204	0.00520
49	0.90395	0.00662	0.00503	0.00450	0.00662	0.00767	0.00370	0.01006	0.00582	0.01535	0.00476	0.00556	0.00370	0.00318	0.00212	0.00106	0.00265	0.00185	0.00212	0.00370
50	0.00586	0.00328	0.00354	0.00348	0.00430	0.00318	0.00261	0.00742	0.00783	0.01278	0.21991	0.01708	0.06467	0.00500	0.00289	0.00089	0.00161	0.00416	0.62633	0.00318
51	0.00629	0.01318	0.57474	0.00856	0.01227	0.00661	0.04828	0.00939	0.00743	0.01067	0.05818	0.09320	0.05400	0.00497	0.00361	0.00116	0.00427	0.07678	0.00199	0.00444
52	0.00461	0.00349	0.00425	0.00406	0.00497	0.00313	0.00305	0.00601	0.00914	0.01243	0.61937	0.02768	0.27035	0.00748	0.00404	0.00110	0.00165	0.00648	0.00360	0.00313
53	0.00530	0.00488	0.05384	0.08079	0.00755	0.00431	0.00441	0.00773	0.08713	0.01240	0.51448	0.02315	0.16781	0.00654	0.00389	0.00110	0.00219	0.00566	0.00331	0.00353
54	0.00457	0.00349	0.00420	0.00402	0.00495	0.00311	0.00302	0.00594	0.00905	0.01222	0.58184	0.02802	0.30801	0.00755	0.00404	0.00110	0.00165	0.00653	0.00357	0.00311
55	0.01321	0.00925	0.01006	0.00771	0.01044	0.01012	0.00637	0.77420	0.01553	0.09518	0.00868	0.00851	0.00605	0.00412	0.00342	0.00103	0.00369	0.00311	0.00349	0.00582
56	0.90395	0.00662	0.00503	0.00450	0.00662	0.00767	0.00370	0.01006	0.00582	0.01535	0.00476	0.00556	0.00370	0.00318	0.00212	0.00106	0.00265	0.00185	0.00212	0.00370
57	0.00847	0.00813	0.01388	0.02100	0.85844	0.00813	0.01050	0.01050	0.00779	0.01118	0.00643	0.00847	0.00542	0.00305	0.00339	0.00102	0.00406	0.00305	0.00169	0.00542
58	0.00444	0.00325	0.00421	0.00488	0.00520	0.00313	0.00331	0.00561	0.05663	0.00921	0.04373	0.80084	0.02219	0.01025	0.00430	0.00137	0.00202	0.00927	0.00321	0.00295
59	0.00739	0.00703	0.01193	0.47887	0.40901	0.00784	0.00996	0.00955	0.00728	0.00986	0.00624	0.00882	0.00496	0.00325	0.00340	0.00108	0.00433	0.00304	0.00160	0.00455
60	0.44017	0.00620	0.00655	0.00533	0.00772	0.00629	0.00440	0.01351	0.00789	0.45661	0.00932	0.00873	0.00619	0.00373	0.00281	0.00106	0.00278	0.00268	0.00322	0.00481
61	0.01163	0.00681	0.01209	0.00904	0.01176	0.00616	0.31511	0.01346	0.00886	0.46825	0.01157	0.09108	0.00857	0.00434	0.00375	0.00112	0.00388	0.00424	0.00321	0.00509
62	0.00646	0.00608	0.01026	0.87156	0.02356	0.00760	0.00950	0.00874	0.00684	0.00874	0.00608	0.00912	0.00456	0.00342	0.00342	0.00114	0.00456	0.00304	0.00152	0.00380
63	0.01535	0.00582	0.00794	0.00609	0.00873	0.00503	0.00503	0.01667	0.00979	0.86081	0.01350	0.01164	0.00847	0.00423	0.00344	0.00106	0.00291	0.00344	0.00423	0.00582
64	0.00780	0.00719	0.01204	0.21952	0.58269	0.00755	0.00951	0.00985	0.00751	0.01075	0.00679	0.00902	0.00553	0.00322	0.00330	0.00102	0.00395	0.00306	0.08487	0.00483
65	0.01297	0.00875	0.00965	0.00749	0.01014	0.00949	0.00616	0.63330	0.09262	0.15920	0.00961	0.00920	0.00668	0.00418	0.00343	0.00104	0.00353	0.00321	0.00356	0.00578
66	0.00605	0.00509	0.00800	0.00822	0.08705	0.00505	0.11154	0.00823	0.05782	0.01077	0.10226	0.02705	0.08999	0.00850	0.06178	0.00162	0.00366	0.39085	0.00283	0.00366
67	0.00847	0.00813	0.01388	0.02100	0.85844	0.00813	0.01050	0.01050	0.00779	0.01118	0.00643	0.00847	0.00542	0.00305	0.00339	0.00102	0.00406	0.00305	0.00169	0.00542
68	0.00518	0.00365	0.00442	0.00440	0.00471	0.00380	0.00290	0.00613	0.05362	0.00796	0.06749	0.02135	0.01335	0.57733	0.16276	0.00333	0.00418	0.04859	0.00228	0.00257
69	0.00815	0.00571	0.00698	0.00613	0.00771	0.01976	0.04929	0.04111	0.25858	0.15222	0.08684	0.09796	0.11129	0.08269	0.00498	0.00136	0.00280	0.04886	0.00330	0.00430
70	0.06841	0.67887	0.11228	0.00613	0.00909	0.01195	0.00633	0.00999	0.00677	0.00874	0.00498	0.00595	0.00442	0.00345	0.00290	0.04828	0.00371	0.00197	0.00151	0.00427
71	0.85667	0.00675	0.00583	0.00502	0.00721	0.00773	0.04816	0.01010	0.00594	0.01512	0.00488	0.00575	0.00378	0.00316	0.00222	0.00106	0.00281	0.00197	0.00210	0.00375
72	0.00522	0.00385	0.00480	0.00518	0.05307	0.00388	0.00320	0.00628	0.05083	0.00870	0.12986	0.07190	0.07125	0.46985	0.09537	0.00272	0.00348	0.00528	0.00248	0.00279
73	0.00549	0.00432	0.00512	0.00560	0.00631	0.04907	0.00451	0.00670	0.00768	0.00985	0.09579	0.16000	0.07566	0.08539	0.00559	0.00159	0.00291	0.46234	0.00304	0.00303
74	0.00435	0.00378	0.00417	0.00464	0.06159	0.00324	0.00313	0.00530	0.00782	0.00942	0.04187	0.03121	0.79111	0.00827	0.00400	0.00114	0.00189	0.00693	0.00308	0.00306
75	0.00749	0.00750	0.01138	0.01039	0.08841	0.00977	0.08115	0.00857	0.00574	0.00873	0.00513	0.00804	0.00485	0.00648	0.05499	0.00163	0.67113	0.00313	0.00155	0.00394
76	0.01302	0.00931	0.01007	0.00775	0.01046	0.01024	0.00639	0.77811	0.03771	0.06900	0.00866	0.00853	0.00609	0.00413	0.00342	0.00103	0.00369	0.00312	0.00347	0.00581
77	0.90395	0.00662	0.00503	0.00450	0.00662	0.00767	0.00370	0.01006	0.00582	0.01535	0.00476	0.00556	0.00370	0.00318	0.00212	0.00106	0.00265	0.00185	0.00212	0.00370
78	0.00829	0.10710	0.01798	0.01232	0.01542	0.02058	0.62198	0.05470	0.00837	0.01109	0.00770	0.01129	0.00639	0.00354	0.00384	0.00113	0.00520	0.07664	0.00191	0.00451
79	0.00859	0.00628	0.00742	0.00539	0.00836	0.00503	0.00435	0.06562	0.00805	0.12532	0.00721	0.00778	0.00557	0.00287	0.00271	0.00062	0.00267	0.00229	0.00241	0.72147
80	0.01079	0.00595	0.00783	0.00752	0.10771	0.00572	0.00530	0.10215	0.07197	0.37085	0.18051	0.01532	0.07565	0.00498	0.00359	0.00107	0.00277	0.00421	0.01112	0.00499
81	0.00831	0.00957	0.10963	0.18238	0.42986	0.11513	0.00957	0.01042	0.00785	0.02201	0.03714	0.01533	0.01454	0.00349	0.00343	0.00104	0.01068	0.00309	0.00177	0.00475
82	0.00873	0.72531	0.17083	0.00656	0.00987	0.01252	0.00708	0.01035	0.00700	0.00855	0.00501	0.00580	0.00438	0.00299	0.00239	0.00080	0.00391	0.00196	0.00146	0.00451
83	0.00494	0.00347	0.00449	0.00449	0.00476	0.00373	0.00302	0.00546	0.00520	0.00720	0.01008	0.01852	0.01076	0.51061	0.38429	0.00426	0.00584	0.00441	0.00197	0.00250
84	0.00455	0.00353	0.00417	0.00414	0.00510	0.00315	0.00319	0.00581	0.00862	0.01128	0.38723	0.03036	0.40974	0.00803	0.00411	0.00117	0.00184	0.09749	0.00343	0.00306
85	0.00858	0.45026	0.02209	0.18008	0.19750	0.05005	0.00764	0.01025	0.01877	0.00904	0.00561	0.00707	0.00478	0.00311	0.00277	0.00089	0.00402	0.00240	0.01060	0.00449
86	0.05559	0.00713	0.02401	0.00894	0.14398	0.00763	0.02406	0.18529	0.20532	0.01362	0.04773	0.02126	0.06637	0.02539	0.10864	0.00169	0.04219	0.00379	0.00271	0.00466
87	0.21393	0.00598	0.00729	0.00584	0.00815	0.00584	0.00481	0.01431	0.00849	0.59196	0.01091	0.01016	0.00721	0.00505	0.04282	0.00128	0.04424	0.00307	0.00352	0.00512
88	0.00674	0.00569	0.00702	0.00773	0.12652	0.00605	0.00515	0.01137	0.34131	0.01203	0.14073	0.01929	0.13605	0.05836	0.04409	0.00148	0.00296	0.06011	0.00305	0.00427
89	0.00865	0.00706	0.00963	0.47254	0.01714	0.00829	0.00782	0.18477	0.18527	0.05162	0.00850	0.00981	0.00623	0.00385	0.00343	0.00112	0.00393	0.00324	0.00245	0.00465
90	0.00888	0.00777	0.01063	0.00876	0.00993	0.00963	0.08038	0.11444	0.16920	0.06167	0.00750	0.00898	0.00609	0.00512	0.00769	0.00132	0.47190	0.00329	0.00230	0.00452
91	0.00571	0.00370	0.00479	0.00440	0.00540	0.00336	0.00334	0.00725	0.00957	0.08772	0.72785	0.02482	0.08521	0.00686	0.00398	0.00108	0.00174	0.00601	0.00377	0.00343
92	0.00591	0.01847	0.09601	0.00738	0.08172	0.08447	0.00547	0.00706	0.00700	0.00915	0.01420	0.54299	0.01620	0.00819	0.00439	0.00128	0.04893	0.03512	0.00262	0.00344
93	0.00526	0.00381	0.00476	0.00527	0.00589	0.00386	0.00393	0.00741	0.12412	0.01019	0.01733	0.49871	0.01908	0.00901	0.00415	0.00135	0.00230	0.18855	0.08177	0.00326
94	0.00737	0.00701	0.01191	0.48542	0.40258	0.00784	0.00995	0.00954	0.00727	0.00985	0.00624	0.00882	0.00495	0.00325	0.00340	0.00108	0.00433	0.00304	0.00160	0.00453
95	0.00807	0.00923	0.02018	0.01442	0.01788	0.00865	0.84602	0.01096	0.00807	0.01096	0.00692	0.00923	0.00519	0.00288	0.00404	0.00115	0.00577	0.00404	0.00173	0.00461
96	0.90395	0.00662	0.00503	0.00450	0.00662	0.00767	0.00370	0.01006	0.00582	0.01535	0.00476	0.00556	0.00370	0.00318	0.00212	0.00106	0.00265	0.00185	0.00212	0.00370
97	0.00506	0.00383	0.00471	0.00443	0.00538	0.00365	0.00334	0.00729	0.08336	0.01322	0.68123	0.02534	0.13220	0.00699	0.00399	0.00109	0.00172	0.00611	0.00367	0.00338
98	0.00412	0.00317	0.00377	0.00425	0.00483	0.00282	0.00295	0.00482	0.00704	0.00893	0.02509	0.54395	0.35220	0.00991	0.00424	0.00130	0.00189	0.00874	0.00318	0.00282
99	0.90395	0.00662	0.00503	0.00450	0.00662	0.00767	0.00370	0.01006	0.00582	0.01535	0.00476	0.00556	0.00370	0.00318	0.00212	0.00106	0.00265	0.00185	0.00212	0.00370
100	0.00419	0.00346	0.00367	0.00364	0.00471	0.00294	0.00272	0.00518	0.00810	0.01001	0.17791	0.05235	0.69246	0.00842	0.00405	0.00115	0.00172	0.00710	0.00328	0.00294
101	0.00807	0.00806	0.01463	0.04898	0.59330	0.00795	0.19915	0.01024	0.00782	0.01094	0.00802	0.00995	0.05028	0.00332	0.00357	0.00106	0.00434	0.00349	0.00177	0.00504
102	0.00483	0.00350	0.00456	0.00429	0.00510	0.00322	0.00322	0.00644	0.00966	0.01366	0.84613	0.02565	0.04282	0.00701	0.00403	0.00108	0.00162	0.00620	0.00376	0.00322
103	0.06048	0.00806	0.01217	0.05569	0.56211	0.00832	0.00898	0.16179	0.00926	0.06985	0.00712	0.00850	0.00556	0.00334	0.00333	0.00103	0.00388	0.00301	0.00219	0.00535
104	0.00411	0.00347	0.00356	0.00354	0.00466	0.00292	0.00265	0.00504	0.00796	0.00963	0.10676	0.03227	0.78471	0.00852	0.00404	0.00115	0.00172	0.00713	0.00323	0.00292
105	0.00571	0.00416	0.00566	0.00634	0.00721	0.00424	0.00551	0.00783	0.06420	0.01051	0.01783	0.03686	0.01907	0.00913	0.00464	0.00155	0.00312	0.77995	0.00317	0.00330
106	0.00573	0.00499	0.00798	0.27274	0.15628	0.00540	0.02167	0.00712	0.00686	0.00918	0.01238	0.43411	0.01356	0.00696	0.00402	0.00125	0.01749	0.00633	0.00236	0.00359
107	0.24419	0.18328	0.01772	0.00624	0.06468	0.01399	0.00488	0.00969	0.00686	0.03075	0.00565	0.00655	0.00466	0.00287	0.00244	0.00075	0.00295	0.00205	0.00196	0.38785

[dist]
# distance from previous block
# <min> <max>
3	12

[block]
# block no. 3 follows, 82 sequences, length 16
# corresponding to MSA columns:
# 289-304
name=unknown_D
#
# <colnr> <probs for GDERKNQSTAVLIFYWHMCP>
#	G	D	E	R	K	N	Q	S	T	A	V	L	I	F	Y	W	H	M	C	P
0	0.15769	0.00655	0.00730	0.01754	0.01999	0.00603	0.01882	0.05939	0.10636	0.01277	0.01617	0.00803	0.00589	0.01331	0.00287	0.00077	0.00275	0.00242	0.00230	0.53307
1	0.02386	0.00792	0.00982	0.12674	0.08434	0.11880	0.08278	0.06471	0.02246	0.17256	0.06144	0.00973	0.00743	0.00361	0.00327	0.00094	0.00381	0.00308	0.00251	0.19018
2	0.00756	0.00706	0.01077	0.09262	0.43242	0.03028	0.02343	0.01017	0.09577	0.01093	0.09582	0.01149	0.00906	0.02976	0.08241	0.00154	0.03861	0.00356	0.00210	0.00462
3	0.02807	0.06265	0.05225	0.00684	0.00950	0.02422	0.09252	0.13937	0.04011	0.11228	0.04261	0.04239	0.05764	0.00404	0.00320	0.00090	0.00326	0.00341	0.01908	0.25566
4	0.00471	0.00362	0.00485	0.00536	0.00568	0.00376	0.00394	0.00549	0.00669	0.00894	0.01818	0.60980	0.06947	0.00991	0.00511	0.00141	0.09273	0.13441	0.00300	0.00294
5	0.00750	0.00598	0.00703	0.00518	0.00794	0.00478	0.00414	0.05809	0.00802	0.04485	0.10297	0.00943	0.00833	0.00320	0.00279	0.00062	0.00252	0.00262	0.00239	0.71162
6	0.00955	0.79118	0.01713	0.00606	0.00897	0.01323	0.00592	0.09722	0.00790	0.00945	0.00511	0.00577	0.00454	0.00305	0.00232	0.00076	0.00367	0.00196	0.00167	0.00454
7	0.01070	0.02511	0.01015	0.08445	0.17091	0.01746	0.04000	0.22985	0.02978	0.21725	0.01843	0.02655	0.03776	0.00473	0.01737	0.00115	0.00370	0.04658	0.00295	0.00510
8	0.00465	0.00349	0.00431	0.00411	0.00499	0.00315	0.00308	0.00609	0.00924	0.01266	0.66214	0.02730	0.22744	0.00739	0.00404	0.00109	0.00164	0.00643	0.00363	0.00315
9	0.00786	0.00710	0.00947	0.06584	0.12260	0.01667	0.08361	0.02776	0.44265	0.01278	0.07861	0.02394	0.04339	0.00470	0.00375	0.00114	0.01902	0.02135	0.00290	0.00485
10	0.00426	0.00345	0.00378	0.00374	0.00476	0.00297	0.00279	0.00531	0.00825	0.01041	0.25222	0.06435	0.60514	0.00830	0.00405	0.00114	0.00171	0.00704	0.00333	0.00297
11	0.00548	0.00391	0.00461	0.00461	0.00536	0.00381	0.00328	0.04250	0.04835	0.04593	0.08139	0.29659	0.22741	0.16697	0.01829	0.00168	0.01639	0.01728	0.00304	0.00312
12	0.00789	0.15712	0.58180	0.00862	0.01296	0.00892	0.01035	0.09751	0.00809	0.01151	0.00612	0.00703	0.00454	0.00324	0.00305	0.00098	0.00453	0.00244	0.00169	0.06158
13	0.00778	0.00603	0.00816	0.00602	0.00878	0.00486	0.09155	0.00938	0.00764	0.10798	0.05165	0.01052	0.06071	0.00386	0.02093	0.00081	0.00295	0.00297	0.00240	0.58500
14	0.03352	0.00898	0.10121	0.01788	0.66348	0.00791	0.00996	0.03343	0.00785	0.01154	0.00638	0.00815	0.00524	0.00307	0.00328	0.00099	0.00401	0.00289	0.00175	0.06848
15	0.05282	0.12964	0.49499	0.00786	0.01171	0.02168	0.00918	0.01061	0.00749	0.07815	0.05446	0.02223	0.03049	0.00372	0.00311	0.00101	0.00413	0.00288	0.00194	0.05189

[dist]
# distance from previous block
# <min> <max>
0	141

# created by:
# /home/cegg/simao/soft/augustus-3.2.1/scripts/msa2prfl.pl ./align_prep/EOG092C4AZQ.fa
