[name]
unknown

[dist]
# distance from previous block
# <min> <max>
0	35

[block]
# block no. 0 follows, 63 sequences, length 16
# corresponding to MSA columns:
# 38-53
name=unknown_A
#
# <colnr> <probs for GDERKNQSTAVLIFYWHMCP>
#	G	D	E	R	K	N	Q	S	T	A	V	L	I	F	Y	W	H	M	C	P
0	0.03840	0.04835	0.10105	0.03189	0.02913	0.13548	0.04413	0.12155	0.03665	0.16670	0.02436	0.02712	0.02060	0.00607	0.02383	0.00143	0.01911	0.07549	0.00327	0.04538
1	0.02880	0.04082	0.03382	0.00869	0.01129	0.03905	0.09653	0.15575	0.10471	0.10485	0.06290	0.16941	0.04491	0.00662	0.00440	0.00133	0.00398	0.00577	0.00365	0.07273
2	0.06528	0.06311	0.00987	0.00761	0.02188	0.02782	0.04302	0.13064	0.08045	0.08724	0.04677	0.07769	0.04206	0.14193	0.00679	0.00166	0.00384	0.00488	0.00333	0.13413
3	0.02333	0.00954	0.01147	0.02290	0.21101	0.06932	0.00795	0.16349	0.11041	0.09355	0.03624	0.03599	0.04124	0.00534	0.00447	0.02723	0.00421	0.00421	0.00330	0.11483
4	0.02959	0.03139	0.03227	0.03099	0.02172	0.03207	0.03416	0.16080	0.03475	0.06703	0.01415	0.13115	0.07503	0.06368	0.01777	0.00169	0.15408	0.02427	0.00319	0.04023
5	0.05972	0.01011	0.01303	0.11562	0.03450	0.07644	0.13314	0.13560	0.17264	0.12522	0.01175	0.01241	0.02748	0.00496	0.00473	0.00136	0.04786	0.00416	0.00330	0.00595
6	0.02763	0.00520	0.00626	0.00598	0.00726	0.00495	0.00442	0.08646	0.01055	0.07572	0.21061	0.33417	0.12908	0.03229	0.00530	0.00152	0.00268	0.00841	0.00408	0.03743
7	0.02952	0.08790	0.00917	0.00739	0.00898	0.16973	0.00564	0.07631	0.04222	0.06449	0.01477	0.22712	0.04784	0.08559	0.07683	0.01757	0.00487	0.01638	0.00316	0.00452
8	0.06102	0.28241	0.27878	0.03273	0.01450	0.01147	0.09472	0.03635	0.00918	0.03225	0.00869	0.00982	0.03837	0.00408	0.00359	0.00115	0.00507	0.00323	0.00216	0.07042
9	0.00623	0.00470	0.00654	0.00643	0.00692	0.00539	0.00476	0.00730	0.00682	0.00970	0.04452	0.04913	0.01315	0.23652	0.50572	0.00532	0.06965	0.00524	0.00245	0.00351
10	0.00512	0.00366	0.00488	0.00585	0.00610	0.00341	0.00390	0.00585	0.00805	0.01073	0.02317	0.84952	0.02780	0.01317	0.00537	0.00171	0.00244	0.01195	0.00390	0.00341
11	0.00912	0.15197	0.49517	0.01210	0.01712	0.01103	0.16114	0.01293	0.00886	0.01256	0.00747	0.00921	0.00568	0.00473	0.02692	0.00145	0.04145	0.00338	0.00186	0.00585
12	0.17568	0.01138	0.10860	0.12153	0.13847	0.04333	0.06306	0.18888	0.05957	0.01721	0.02804	0.01036	0.00717	0.00439	0.00393	0.00131	0.00488	0.00359	0.00278	0.00585
13	0.00655	0.00592	0.01054	0.03129	0.01100	0.00559	0.22646	0.00810	0.00856	0.01141	0.01907	0.53125	0.05205	0.04400	0.00585	0.00170	0.00386	0.00945	0.00330	0.00404
14	0.01043	0.00882	0.00977	0.00732	0.01073	0.03236	0.00590	0.16649	0.04487	0.01609	0.00828	0.00926	0.00663	0.00380	0.00382	0.00084	0.03716	0.00289	0.00286	0.61169
15	0.29941	0.01001	0.07658	0.05150	0.06404	0.02326	0.18798	0.01296	0.02634	0.05436	0.00805	0.02129	0.00627	0.00395	0.00367	0.00123	0.00463	0.00343	0.00252	0.13851

[dist]
# distance from previous block
# <min> <max>
0	2

[block]
# block no. 1 follows, 63 sequences, length 16
# corresponding to MSA columns:
# 56-71
name=unknown_B
#
# <colnr> <probs for GDERKNQSTAVLIFYWHMCP>
#	G	D	E	R	K	N	Q	S	T	A	V	L	I	F	Y	W	H	M	C	P
0	0.00693	0.00591	0.00958	0.00823	0.00920	0.00601	0.17035	0.00798	0.00751	0.01018	0.01435	0.22361	0.01599	0.37673	0.01298	0.00270	0.07279	0.03260	0.00278	0.00361
1	0.03887	0.04086	0.10054	0.17084	0.09133	0.03082	0.04870	0.18293	0.08925	0.04418	0.01112	0.05148	0.02204	0.00560	0.01680	0.00143	0.00490	0.02781	0.01471	0.00578
2	0.00882	0.00962	0.08429	0.48720	0.27252	0.00963	0.04475	0.01173	0.00887	0.01199	0.00765	0.01077	0.00594	0.00402	0.00420	0.00135	0.00553	0.00373	0.00194	0.00545
3	0.00512	0.00366	0.00488	0.00585	0.00610	0.00341	0.00390	0.00585	0.00805	0.01073	0.02317	0.84952	0.02780	0.01317	0.00537	0.00171	0.00244	0.01195	0.00390	0.00341
4	0.00601	0.00448	0.00661	0.00661	0.00731	0.00518	0.00508	0.00742	0.00671	0.00965	0.01139	0.01724	0.01082	0.08540	0.78216	0.00658	0.01079	0.00461	0.00227	0.00367
5	0.00988	0.02739	0.22650	0.12380	0.03864	0.00952	0.29741	0.02811	0.04499	0.08122	0.01009	0.06532	0.00801	0.00464	0.00447	0.00139	0.00577	0.00461	0.00250	0.00574
6	0.01259	0.01114	0.03143	0.08589	0.07117	0.05798	0.27667	0.27104	0.01314	0.08221	0.00990	0.03964	0.00756	0.00462	0.00447	0.00133	0.00560	0.00441	0.00307	0.00613
7	0.00869	0.00869	0.07887	0.00672	0.01067	0.00596	0.00588	0.01082	0.00873	0.01367	0.00748	0.00873	0.00615	0.00319	0.00319	0.00068	0.00338	0.00254	0.00243	0.80354
8	0.01743	0.00945	0.01118	0.00857	0.01188	0.00959	0.00708	0.41446	0.01588	0.42954	0.01335	0.01221	0.00878	0.00513	0.00422	0.00128	0.00410	0.00401	0.00471	0.00715
9	0.01199	0.00891	0.00976	0.00836	0.01089	0.00990	0.00661	0.16332	0.51663	0.10860	0.08466	0.01587	0.01383	0.00578	0.00432	0.00137	0.00347	0.00476	0.00440	0.00657
10	0.01135	0.00535	0.00621	0.00539	0.00717	0.00515	0.00425	0.04089	0.04226	0.25275	0.04926	0.01576	0.01186	0.00518	0.00350	0.00111	0.00258	0.00419	0.52071	0.00508
11	0.00524	0.00371	0.00484	0.00570	0.00591	0.00350	0.00373	0.00589	0.00781	0.01041	0.02194	0.74804	0.02626	0.11676	0.00734	0.00200	0.00264	0.01123	0.00373	0.00331
12	0.01665	0.00754	0.00942	0.00736	0.01029	0.00714	0.00603	0.16912	0.01302	0.55406	0.01492	0.01371	0.00984	0.00513	0.00403	0.00124	0.00353	0.00410	0.13620	0.00667
13	0.00515	0.00427	0.00451	0.00445	0.00579	0.00362	0.00333	0.00638	0.01000	0.01236	0.18469	0.03881	0.68160	0.01027	0.00497	0.00140	0.00210	0.00864	0.00404	0.00362
14	0.00627	0.00436	0.00524	0.00526	0.00557	0.00447	0.00337	0.03302	0.00701	0.00944	0.01488	0.12517	0.03961	0.55982	0.15506	0.00407	0.00504	0.00656	0.00276	0.00304
15	0.00794	0.00747	0.01261	0.84216	0.02895	0.00934	0.01167	0.01074	0.00841	0.01074	0.00747	0.01121	0.00560	0.00420	0.00420	0.00140	0.00560	0.00374	0.00187	0.00467

[dist]
# distance from previous block
# <min> <max>
0	1

[block]
# block no. 2 follows, 63 sequences, length 11
# corresponding to MSA columns:
# 73-83
name=unknown_C
#
# <colnr> <probs for GDERKNQSTAVLIFYWHMCP>
#	G	D	E	R	K	N	Q	S	T	A	V	L	I	F	Y	W	H	M	C	P
0	0.00584	0.00425	0.00584	0.03468	0.00784	0.00416	0.00523	0.00710	0.00872	0.01145	0.02283	0.49643	0.04753	0.01221	0.00548	0.00178	0.00308	0.30813	0.00382	0.00363
1	0.00537	0.00393	0.00507	0.00592	0.00631	0.00375	0.00401	0.00664	0.04649	0.01108	0.02358	0.78111	0.05555	0.01273	0.00530	0.00168	0.00247	0.01150	0.00392	0.00357
2	0.06635	0.00806	0.00916	0.03004	0.01079	0.00711	0.00562	0.09431	0.07103	0.04947	0.00874	0.00956	0.00687	0.00368	0.00336	0.00084	0.00338	0.00289	0.00290	0.60583
3	0.02026	0.04110	0.04064	0.00893	0.02086	0.03252	0.05429	0.13913	0.01031	0.02649	0.03083	0.01140	0.02025	0.00596	0.03990	0.00138	0.15592	0.02025	0.00270	0.31687
4	0.00602	0.00460	0.00587	0.00642	0.00701	0.00469	0.00462	0.00812	0.09360	0.01196	0.07008	0.59046	0.05064	0.01167	0.00560	0.00167	0.03739	0.07182	0.00390	0.00388
5	0.10008	0.00950	0.12962	0.00793	0.01148	0.00728	0.00737	0.05744	0.01137	0.56292	0.01380	0.01263	0.00895	0.00488	0.00399	0.00129	0.00393	0.00384	0.03504	0.00665
6	0.00964	0.00920	0.01543	0.27205	0.48468	0.00986	0.04588	0.01302	0.07386	0.01312	0.00854	0.01111	0.00682	0.00403	0.00422	0.00132	0.00513	0.00387	0.00219	0.00601
7	0.00880	0.00768	0.01173	0.00948	0.01121	0.00823	0.19535	0.05516	0.12866	0.02430	0.04623	0.01887	0.04096	0.24830	0.01062	0.00221	0.11526	0.01676	0.03555	0.00464
8	0.00566	0.00422	0.00486	0.00503	0.00567	0.00402	0.00338	0.00663	0.02952	0.01035	0.05315	0.20140	0.26843	0.30851	0.06815	0.00278	0.00354	0.00808	0.00335	0.00328
9	0.00636	0.00488	0.00563	0.00523	0.00658	0.00452	0.00398	0.07142	0.01160	0.01542	0.44580	0.03333	0.35145	0.00913	0.00490	0.00136	0.00225	0.00781	0.00430	0.00405
10	0.00748	0.00564	0.00775	0.06316	0.01021	0.00585	0.02420	0.07313	0.04009	0.01372	0.06531	0.16903	0.02225	0.01028	0.00538	0.00174	0.00376	0.46297	0.00379	0.00426

[dist]
# distance from previous block
# <min> <max>
0	13

[block]
# block no. 3 follows, 63 sequences, length 16
# corresponding to MSA columns:
# 97-104,109-116
name=unknown_D
#
# <colnr> <probs for GDERKNQSTAVLIFYWHMCP>
#	G	D	E	R	K	N	Q	S	T	A	V	L	I	F	Y	W	H	M	C	P
0	0.05063	0.03189	0.01152	0.07563	0.01302	0.13988	0.00784	0.24008	0.04996	0.16326	0.01059	0.01252	0.00817	0.00551	0.00540	0.00137	0.11612	0.04730	0.00342	0.00590
1	0.00702	0.00480	0.00651	0.00698	0.00778	0.00485	0.00554	0.00835	0.00903	0.06767	0.04043	0.34940	0.06820	0.01135	0.00602	0.00176	0.06167	0.32482	0.00385	0.00396
2	0.00523	0.00384	0.00492	0.00556	0.00607	0.00352	0.00382	0.00621	0.00886	0.01179	0.15338	0.61448	0.13263	0.01211	0.00525	0.00161	0.00233	0.01086	0.00402	0.00352
3	0.00630	0.00411	0.00570	0.00577	0.00608	0.00439	0.00400	0.00649	0.00634	0.00876	0.01163	0.07658	0.01221	0.25282	0.34375	0.22786	0.00672	0.00525	0.00234	0.00290
4	0.01007	0.00907	0.00910	0.00853	0.01013	0.19222	0.04759	0.05851	0.05288	0.06946	0.03525	0.20369	0.01651	0.01039	0.07576	0.00195	0.00514	0.17569	0.00342	0.00465
5	0.01019	0.13942	0.29458	0.02876	0.03868	0.02062	0.02923	0.04477	0.02083	0.07004	0.00807	0.00919	0.00618	0.00399	0.00403	0.00110	0.03876	0.00305	0.00236	0.22613
6	0.07589	0.08992	0.06447	0.06285	0.11785	0.15166	0.02510	0.10982	0.07829	0.03368	0.02738	0.01200	0.00820	0.00506	0.00483	0.00132	0.08022	0.04314	0.00271	0.00560
7	0.01044	0.07036	0.07474	0.00725	0.01097	0.00763	0.00640	0.08801	0.04235	0.08532	0.03009	0.01007	0.00768	0.00383	0.00345	0.00087	0.00362	0.00302	0.00291	0.53101
8	0.00600	0.00443	0.00584	0.00575	0.00672	0.00407	0.02729	0.00741	0.00994	0.02739	0.33591	0.21270	0.18307	0.07365	0.00634	0.00168	0.00259	0.07140	0.00405	0.00375
9	0.01119	0.00848	0.03680	0.06385	0.04430	0.00789	0.00689	0.14222	0.12367	0.13192	0.01234	0.09617	0.01026	0.00534	0.00402	0.00116	0.00374	0.01564	0.00348	0.27061
10	0.00738	0.00500	0.00659	0.00648	0.00764	0.00477	0.02715	0.00961	0.08545	0.09433	0.13743	0.42587	0.08591	0.01076	0.02569	0.00166	0.00295	0.02870	0.00405	0.02258
11	0.02352	0.04702	0.04246	0.17703	0.05375	0.03909	0.05737	0.20559	0.07462	0.11653	0.04312	0.02228	0.00888	0.00476	0.00412	0.00126	0.00466	0.00399	0.00324	0.06671
12	0.01168	0.53333	0.06904	0.00867	0.03133	0.01447	0.02677	0.11603	0.11071	0.02996	0.00822	0.00876	0.00669	0.00410	0.00329	0.00107	0.00453	0.00295	0.00250	0.00590
13	0.00573	0.00442	0.00642	0.00658	0.00729	0.00414	0.06015	0.00684	0.00864	0.01149	0.09599	0.53340	0.08410	0.07159	0.00645	0.00182	0.00293	0.07466	0.00375	0.00361
14	0.02744	0.45296	0.14894	0.00918	0.04502	0.01320	0.02037	0.04706	0.03598	0.07093	0.02492	0.00984	0.00725	0.00440	0.00392	0.00114	0.04853	0.02085	0.00236	0.00570
15	0.01101	0.02324	0.01041	0.10695	0.07630	0.04474	0.03431	0.06314	0.17744	0.16863	0.04992	0.17493	0.02729	0.00671	0.00447	0.00140	0.00394	0.00584	0.00372	0.00562

[dist]
# distance from previous block
# <min> <max>
8	25

[block]
# block no. 4 follows, 63 sequences, length 18
# corresponding to MSA columns:
# 150-167
name=unknown_E
#
# <colnr> <probs for GDERKNQSTAVLIFYWHMCP>
#	G	D	E	R	K	N	Q	S	T	A	V	L	I	F	Y	W	H	M	C	P
0	0.00920	0.05705	0.23018	0.01161	0.05130	0.02952	0.18736	0.01192	0.00902	0.06410	0.01146	0.14059	0.02673	0.01975	0.03396	0.00161	0.05466	0.00515	0.00253	0.04230
1	0.00785	0.00720	0.03541	0.14757	0.19605	0.00712	0.09036	0.00980	0.00830	0.01170	0.01160	0.12537	0.01133	0.14152	0.09179	0.00234	0.00523	0.00540	0.07946	0.00461
2	0.02161	0.34980	0.16936	0.00916	0.01270	0.03562	0.08505	0.06676	0.00968	0.04376	0.05038	0.03166	0.00870	0.03982	0.03543	0.00148	0.01757	0.00364	0.00239	0.00542
3	0.01005	0.11728	0.29914	0.06594	0.05431	0.03710	0.09193	0.03675	0.02481	0.06315	0.00855	0.01085	0.00675	0.00592	0.04586	0.00161	0.09016	0.02188	0.00226	0.00569
4	0.01623	0.00777	0.00973	0.00769	0.01062	0.00746	0.00629	0.16679	0.06415	0.52595	0.08666	0.01563	0.01274	0.00559	0.00428	0.00131	0.00358	0.01608	0.02472	0.00672
5	0.00561	0.00429	0.00552	0.00588	0.00662	0.00401	0.02406	0.00686	0.02854	0.01131	0.06153	0.44024	0.20799	0.08935	0.00674	0.00185	0.00276	0.07951	0.00377	0.00357
6	0.04768	0.09044	0.03025	0.11023	0.20917	0.03906	0.00900	0.21664	0.04160	0.08680	0.01030	0.04062	0.01903	0.02567	0.00445	0.00133	0.00463	0.00400	0.00304	0.00606
7	0.02766	0.00841	0.01077	0.06267	0.14797	0.03321	0.04092	0.13329	0.10455	0.07336	0.03953	0.06451	0.13278	0.00600	0.00428	0.00128	0.00394	0.00514	0.01711	0.08263
8	0.00653	0.00413	0.00552	0.00618	0.00681	0.00383	0.00443	0.00749	0.00864	0.08318	0.02304	0.65655	0.04889	0.01221	0.00531	0.00169	0.00270	0.10507	0.00401	0.00380
9	0.05237	0.02960	0.04608	0.21451	0.15325	0.00910	0.03956	0.08884	0.05127	0.10492	0.04056	0.01444	0.08032	0.00571	0.02128	0.00145	0.03384	0.00436	0.00294	0.00559
10	0.02143	0.08392	0.01344	0.31197	0.08234	0.02470	0.02823	0.26991	0.01244	0.04498	0.02669	0.04411	0.00795	0.00485	0.00412	0.00130	0.00491	0.00404	0.00291	0.00574
11	0.00550	0.00409	0.00574	0.07980	0.00832	0.00409	0.00481	0.00651	0.00813	0.01081	0.02132	0.69868	0.02503	0.01292	0.03413	0.00187	0.00311	0.05791	0.00366	0.00356
12	0.00956	0.00952	0.01327	0.04302	0.08385	0.03706	0.02407	0.03020	0.00735	0.01092	0.00613	0.00956	0.00579	0.00728	0.03129	0.00184	0.65880	0.00370	0.00194	0.00485
13	0.00516	0.00415	0.00462	0.00482	0.00592	0.00360	0.00353	0.00629	0.00952	0.01190	0.12955	0.21678	0.53654	0.01098	0.00508	0.00148	0.00223	0.03028	0.00399	0.00358
14	0.00555	0.00414	0.00503	0.00536	0.00606	0.00385	0.00375	0.00685	0.02939	0.01206	0.19078	0.36394	0.20518	0.10743	0.00701	0.00183	0.00253	0.03179	0.00391	0.00355
15	0.00971	0.01016	0.09170	0.01149	0.06519	0.00941	0.17552	0.06855	0.17113	0.03338	0.02284	0.02569	0.08465	0.02141	0.00581	0.00142	0.10357	0.00471	0.00296	0.08071
16	0.00878	0.05620	0.18132	0.00901	0.04386	0.06054	0.04535	0.05374	0.04017	0.01321	0.02723	0.05329	0.14276	0.03584	0.02931	0.00147	0.00456	0.02571	0.00277	0.16489
17	0.07504	0.10410	0.01144	0.04024	0.06378	0.05004	0.00721	0.17811	0.17073	0.07005	0.05407	0.01584	0.02685	0.00604	0.01735	0.00139	0.00421	0.07401	0.00349	0.02600

[dist]
# distance from previous block
# <min> <max>
1	14

[block]
# block no. 5 follows, 63 sequences, length 16
# corresponding to MSA columns:
# 184-199
name=unknown_F
#
# <colnr> <probs for GDERKNQSTAVLIFYWHMCP>
#	G	D	E	R	K	N	Q	S	T	A	V	L	I	F	Y	W	H	M	C	P
0	0.05586	0.05441	0.04451	0.10815	0.06526	0.03465	0.19877	0.04388	0.08086	0.05966	0.03582	0.09232	0.01885	0.01446	0.00458	0.00140	0.00485	0.04785	0.00290	0.03097
1	0.01032	0.02262	0.13474	0.01022	0.05973	0.03344	0.05413	0.06237	0.04074	0.13002	0.03928	0.04454	0.06020	0.03163	0.03859	0.00176	0.12654	0.09064	0.00313	0.00536
2	0.00590	0.00424	0.00528	0.00542	0.00633	0.00397	0.00398	0.00700	0.00902	0.03387	0.16017	0.21383	0.28461	0.05055	0.11571	0.03529	0.00364	0.04387	0.00370	0.00362
3	0.01983	0.02205	0.02519	0.10761	0.03860	0.07282	0.11412	0.06728	0.07457	0.11128	0.03887	0.07548	0.06974	0.00767	0.04935	0.00170	0.04233	0.05308	0.00320	0.00525
4	0.00537	0.00389	0.00503	0.00577	0.00623	0.00363	0.00404	0.00630	0.00852	0.01126	0.08134	0.59606	0.10285	0.05730	0.00620	0.00180	0.00260	0.08447	0.00388	0.00346
5	0.04725	0.05725	0.01203	0.00994	0.01220	0.36351	0.03754	0.05958	0.24898	0.01375	0.00996	0.01083	0.00795	0.00504	0.00476	0.00128	0.07570	0.01404	0.00289	0.00553
6	0.01281	0.11963	0.02731	0.00861	0.02757	0.05804	0.02608	0.16829	0.04783	0.16585	0.01013	0.01111	0.00774	0.01545	0.00442	0.00114	0.04213	0.01859	0.00326	0.22401
7	0.07148	0.02524	0.04119	0.02449	0.01091	0.17428	0.00665	0.07457	0.24559	0.04247	0.11071	0.01587	0.07569	0.00568	0.00408	0.00126	0.00419	0.00448	0.00348	0.05769
8	0.00611	0.00408	0.00458	0.00458	0.00458	0.00408	0.00255	0.00611	0.00611	0.00815	0.01325	0.02751	0.01528	0.85226	0.02140	0.00408	0.00408	0.00611	0.00255	0.00255
9	0.01066	0.00901	0.01482	0.31765	0.31292	0.00968	0.07464	0.06968	0.03682	0.08961	0.00906	0.01129	0.00684	0.00419	0.00425	0.00133	0.00517	0.00392	0.00252	0.00594
10	0.01107	0.06140	0.05580	0.04591	0.34371	0.06011	0.04048	0.11118	0.07699	0.04567	0.04254	0.02335	0.04021	0.00487	0.00420	0.00128	0.00477	0.01753	0.00283	0.00611
11	0.10774	0.01294	0.05866	0.01024	0.01362	0.11555	0.08209	0.50818	0.01591	0.02170	0.00890	0.00947	0.00648	0.00464	0.00404	0.00126	0.00517	0.00356	0.00345	0.00640
12	0.00561	0.00393	0.00487	0.00539	0.00563	0.00379	0.00350	0.00614	0.00739	0.00980	0.01976	0.43009	0.05765	0.34594	0.03269	0.00277	0.00336	0.04527	0.00332	0.00311
13	0.00827	0.00801	0.01388	0.62487	0.08978	0.00945	0.09186	0.01098	0.00861	0.01125	0.00889	0.01220	0.03752	0.00449	0.00473	0.00141	0.04287	0.00406	0.00199	0.00488
14	0.01059	0.07273	0.03333	0.05237	0.04867	0.26708	0.11888	0.01269	0.04131	0.02448	0.01316	0.15470	0.05470	0.00653	0.00457	0.00135	0.01951	0.05577	0.00272	0.00484
15	0.04887	0.00661	0.00869	0.00693	0.00970	0.00587	0.00563	0.01796	0.01136	0.65137	0.05127	0.05952	0.01242	0.00570	0.00415	0.00130	0.00330	0.00469	0.07825	0.00645

[dist]
# distance from previous block
# <min> <max>
1	6

[block]
# block no. 6 follows, 63 sequences, length 11
# corresponding to MSA columns:
# 206-216
name=unknown_G
#
# <colnr> <probs for GDERKNQSTAVLIFYWHMCP>
#	G	D	E	R	K	N	Q	S	T	A	V	L	I	F	Y	W	H	M	C	P
0	0.01120	0.08596	0.07992	0.02400	0.10456	0.10049	0.07657	0.12608	0.09500	0.06783	0.10968	0.01532	0.07437	0.00540	0.00423	0.00127	0.00463	0.00455	0.00321	0.00574
1	0.02583	0.05733	0.01358	0.04605	0.04085	0.11177	0.10292	0.11929	0.03002	0.03476	0.03285	0.01060	0.00750	0.00639	0.04625	0.00160	0.21595	0.00371	0.00256	0.09020
2	0.15963	0.05379	0.01211	0.06857	0.03008	0.33652	0.05604	0.05979	0.06333	0.03844	0.00834	0.00951	0.02023	0.00463	0.00441	0.00125	0.06233	0.00326	0.00255	0.00519
3	0.01595	0.01100	0.01204	0.00932	0.01260	0.01199	0.00767	0.65719	0.07496	0.12654	0.01140	0.01101	0.00796	0.00511	0.00421	0.00128	0.00440	0.00391	0.00434	0.00711
4	0.00611	0.00408	0.00458	0.00458	0.00458	0.00408	0.00255	0.00611	0.00611	0.00815	0.01325	0.02751	0.01528	0.85226	0.02140	0.00408	0.00408	0.00611	0.00255	0.00255
5	0.88196	0.00813	0.00618	0.00553	0.00813	0.00943	0.00455	0.01236	0.00715	0.01886	0.00585	0.00683	0.00455	0.00390	0.00260	0.00130	0.00325	0.00228	0.00260	0.00455
6	0.00834	0.03825	0.00769	0.00651	0.00805	0.09725	0.02178	0.04153	0.03613	0.05257	0.39426	0.04842	0.15386	0.00821	0.00519	0.03947	0.00317	0.02106	0.00393	0.00434
7	0.00702	0.00571	0.00676	0.00572	0.00791	0.00463	0.00435	0.00852	0.00911	0.01305	0.13174	0.15168	0.13788	0.04384	0.00489	0.00121	0.00277	0.03126	0.00328	0.41868
8	0.01167	0.00710	0.00809	0.00673	0.00883	0.00729	0.00538	0.27534	0.01349	0.14154	0.17388	0.01833	0.03464	0.02819	0.00454	0.00130	0.00319	0.02243	0.22260	0.00543
9	0.03002	0.14918	0.18683	0.06237	0.01338	0.05857	0.00881	0.11166	0.15522	0.03163	0.02749	0.07485	0.00978	0.00530	0.00395	0.00127	0.00459	0.01763	0.00293	0.04453
10	0.04821	0.07275	0.09998	0.03161	0.08606	0.05936	0.00788	0.06680	0.17806	0.03680	0.01365	0.11157	0.04976	0.00606	0.00433	0.00132	0.02199	0.03017	0.00312	0.07052

[dist]
# distance from previous block
# <min> <max>
0	6

[block]
# block no. 7 follows, 63 sequences, length 28
# corresponding to MSA columns:
# 262-289
name=unknown_H
#
# <colnr> <probs for GDERKNQSTAVLIFYWHMCP>
#	G	D	E	R	K	N	Q	S	T	A	V	L	I	F	Y	W	H	M	C	P
0	0.06621	0.12397	0.06967	0.03426	0.07340	0.11459	0.05137	0.05464	0.02208	0.07634	0.00793	0.00937	0.00633	0.00496	0.02101	0.00130	0.11642	0.00321	0.00248	0.14047
1	0.05525	0.03121	0.12284	0.10914	0.09445	0.05172	0.04462	0.03261	0.06289	0.09611	0.06872	0.08640	0.01111	0.00527	0.00410	0.00126	0.00443	0.00451	0.00294	0.11042
2	0.00619	0.00492	0.00575	0.00541	0.00677	0.01811	0.00408	0.00793	0.02130	0.01437	0.42094	0.10815	0.22303	0.00891	0.00480	0.00132	0.00236	0.03228	0.00408	0.09931
3	0.01227	0.28902	0.03166	0.00879	0.02406	0.03693	0.00751	0.23344	0.24935	0.01691	0.01043	0.01049	0.00810	0.00469	0.00383	0.00118	0.01688	0.00348	0.00321	0.02777
4	0.02348	0.00602	0.04313	0.01588	0.00784	0.00532	0.00488	0.04107	0.09591	0.04190	0.20610	0.11781	0.33550	0.00905	0.00480	0.00143	0.00270	0.02879	0.00401	0.00438
5	0.03575	0.11498	0.14711	0.02465	0.04850	0.01919	0.05149	0.11083	0.04530	0.21944	0.01031	0.01056	0.00738	0.00429	0.00383	0.00116	0.00449	0.00346	0.00320	0.13407
6	0.01815	0.04644	0.04498	0.00705	0.01969	0.00637	0.04519	0.03927	0.05902	0.03126	0.02962	0.07431	0.02682	0.40461	0.05280	0.00294	0.01501	0.06965	0.00291	0.00392
7	0.00512	0.00368	0.00485	0.00579	0.00608	0.00342	0.00388	0.00586	0.00811	0.01075	0.02390	0.81914	0.05771	0.01308	0.00535	0.00170	0.00243	0.01184	0.00390	0.00342
8	0.01075	0.71768	0.08432	0.00753	0.01112	0.03186	0.00766	0.01239	0.00878	0.01050	0.04318	0.02425	0.00736	0.00405	0.00297	0.00097	0.00454	0.00275	0.00197	0.00535
9	0.04094	0.06755	0.25508	0.09715	0.11283	0.06150	0.07064	0.07085	0.03117	0.11950	0.00916	0.01920	0.00680	0.00436	0.00415	0.00129	0.01557	0.00361	0.00261	0.00603
10	0.00632	0.00486	0.00695	0.00679	0.00737	0.00573	0.00519	0.00746	0.00670	0.00959	0.01183	0.03401	0.03088	0.12672	0.59630	0.03154	0.09097	0.00485	0.00231	0.00362
11	0.07519	0.00785	0.00991	0.00765	0.01087	0.00733	0.00632	0.12800	0.01277	0.66618	0.01499	0.01324	0.00958	0.00510	0.00412	0.00130	0.00370	0.00404	0.00490	0.00698
12	0.01036	0.00894	0.09403	0.34905	0.06550	0.00848	0.00962	0.04951	0.08968	0.15621	0.04185	0.07756	0.01025	0.00538	0.00431	0.00138	0.00463	0.00464	0.00306	0.00556
13	0.01110	0.13468	0.14031	0.10362	0.12255	0.07819	0.10898	0.10219	0.07196	0.04406	0.03653	0.01084	0.00780	0.00435	0.00404	0.00125	0.00532	0.00373	0.00258	0.00590
14	0.00980	0.00987	0.01834	0.14420	0.35539	0.00999	0.29250	0.01324	0.05608	0.01346	0.00873	0.01129	0.00686	0.00389	0.00442	0.00133	0.00565	0.00423	0.02478	0.00594
15	0.00719	0.00369	0.00539	0.00539	0.00539	0.00369	0.00355	0.00554	0.00554	0.00738	0.00787	0.01418	0.00806	0.09430	0.01690	0.79457	0.00369	0.00389	0.00189	0.00189
16	0.00896	0.17712	0.67969	0.01109	0.01681	0.01104	0.01398	0.01318	0.00881	0.01267	0.00723	0.00848	0.00534	0.00392	0.00375	0.00125	0.00589	0.00295	0.00178	0.00606
17	0.10475	0.10683	0.02219	0.00809	0.01086	0.01035	0.02242	0.12483	0.33301	0.12621	0.01369	0.01401	0.02035	0.00529	0.00393	0.00132	0.00374	0.03160	0.03037	0.00617
18	0.00507	0.00424	0.00442	0.00442	0.00575	0.00358	0.00330	0.00621	0.00975	0.01187	0.11765	0.07171	0.71653	0.01055	0.00498	0.00142	0.00213	0.00887	0.00397	0.00358
19	0.00539	0.00409	0.00600	0.00652	0.00699	0.00382	0.04927	0.00628	0.00815	0.01088	0.02235	0.80240	0.02660	0.01263	0.00534	0.00169	0.00270	0.01156	0.00380	0.00354
20	0.07172	0.00896	0.01255	0.01124	0.04763	0.01204	0.02855	0.01035	0.00673	0.01097	0.00603	0.00952	0.00579	0.00814	0.05612	0.00203	0.68138	0.00366	0.00193	0.00467
21	0.00612	0.00430	0.00574	0.00574	0.00618	0.00471	0.00403	0.00702	0.00657	0.00932	0.01219	0.02108	0.01252	0.37351	0.46222	0.00541	0.00789	0.00515	0.03706	0.00326
22	0.00637	0.00460	0.00625	0.00691	0.00784	0.00447	0.00578	0.00817	0.00998	0.01322	0.18495	0.11349	0.06742	0.01109	0.00556	0.00177	0.00328	0.53098	0.00403	0.00383
23	0.00593	0.00428	0.00560	0.00530	0.00628	0.00395	0.00396	0.00787	0.01179	0.01668	0.80091	0.05482	0.03933	0.00873	0.00497	0.00133	0.00200	0.00773	0.00461	0.00395
24	0.48755	0.01129	0.03372	0.00758	0.01038	0.15261	0.00627	0.16823	0.03063	0.04627	0.00748	0.00813	0.00563	0.00429	0.00326	0.00126	0.00437	0.00280	0.00294	0.00530
25	0.03174	0.01043	0.01097	0.00900	0.01190	0.02271	0.00726	0.42251	0.34432	0.02182	0.01297	0.01295	0.00969	0.00535	0.00419	0.00132	0.00405	0.01940	0.00411	0.03332
26	0.17245	0.04575	0.10438	0.00749	0.01049	0.02264	0.00674	0.13383	0.05106	0.04972	0.16016	0.02517	0.01290	0.00515	0.00397	0.00118	0.02019	0.00400	0.00326	0.15945
27	0.17490	0.00838	0.04039	0.05790	0.01083	0.04871	0.01986	0.08616	0.12249	0.07921	0.01537	0.18382	0.06406	0.00705	0.00441	0.00143	0.01961	0.03593	0.00346	0.01603

[dist]
# distance from previous block
# <min> <max>
1	23

[block]
# block no. 8 follows, 63 sequences, length 19
# corresponding to MSA columns:
# 313-331
name=unknown_I
#
# <colnr> <probs for GDERKNQSTAVLIFYWHMCP>
#	G	D	E	R	K	N	Q	S	T	A	V	L	I	F	Y	W	H	M	C	P
0	0.14083	0.00949	0.07908	0.08216	0.14684	0.00905	0.09914	0.04132	0.12034	0.05558	0.02714	0.03974	0.05464	0.01523	0.02495	0.00154	0.03008	0.01443	0.00288	0.00553
1	0.00791	0.00673	0.00802	0.04385	0.00994	0.00533	0.00498	0.00966	0.00887	0.01322	0.04436	0.07641	0.09433	0.00492	0.00360	0.00085	0.00303	0.00413	0.00280	0.64708
2	0.13336	0.01102	0.01205	0.02944	0.07751	0.06939	0.04289	0.40313	0.07375	0.05331	0.00961	0.01009	0.00707	0.00462	0.00394	0.00125	0.00460	0.00358	0.00349	0.04591
3	0.05388	0.13694	0.11287	0.03815	0.19383	0.04651	0.05986	0.03980	0.05296	0.10638	0.00888	0.00998	0.00681	0.00409	0.00394	0.00117	0.01793	0.00338	0.00261	0.10003
4	0.34746	0.01054	0.03543	0.00841	0.03840	0.10283	0.00671	0.15460	0.06431	0.13419	0.00910	0.00944	0.00665	0.00454	0.00382	0.00128	0.03033	0.00316	0.00325	0.02556
5	0.00652	0.00497	0.00607	0.00568	0.00690	0.00487	0.00429	0.00985	0.12737	0.01654	0.64846	0.02984	0.09577	0.00834	0.00486	0.00134	0.00219	0.00729	0.00452	0.00432
6	0.00749	0.00657	0.01034	0.06644	0.30913	0.00654	0.02382	0.00939	0.02611	0.01246	0.06718	0.34744	0.07327	0.00833	0.00477	0.00146	0.00364	0.00764	0.00312	0.00484
7	0.01143	0.09861	0.10552	0.02579	0.08265	0.13357	0.11273	0.15909	0.07041	0.01468	0.00892	0.01078	0.00718	0.02396	0.08338	0.00184	0.03744	0.00372	0.00260	0.00571
8	0.00512	0.00368	0.00485	0.00579	0.00608	0.00342	0.00387	0.00586	0.00811	0.01076	0.02393	0.81791	0.05892	0.01307	0.00535	0.00170	0.00243	0.01183	0.00390	0.00342
9	0.00512	0.00366	0.00488	0.00585	0.00610	0.00341	0.00390	0.00585	0.00805	0.01073	0.02317	0.84952	0.02780	0.01317	0.00537	0.00171	0.00244	0.01195	0.00390	0.00341
10	0.00867	0.01068	0.15738	0.05112	0.17527	0.00883	0.17001	0.02615	0.02963	0.01350	0.10972	0.07337	0.02996	0.01764	0.00562	0.00146	0.07828	0.02471	0.00263	0.00537
11	0.01204	0.00834	0.02882	0.10802	0.10763	0.02146	0.03608	0.04323	0.05658	0.25843	0.04671	0.05333	0.01076	0.00668	0.03169	0.00160	0.13552	0.02393	0.00340	0.00577
12	0.45935	0.00932	0.00886	0.02782	0.01051	0.01050	0.00605	0.31400	0.02553	0.04840	0.00832	0.00888	0.00611	0.00445	0.00334	0.00128	0.00379	0.00305	0.03483	0.00563
13	0.32392	0.04355	0.03781	0.11746	0.11556	0.08628	0.09014	0.02886	0.02847	0.01475	0.00703	0.00889	0.00560	0.00425	0.00435	0.00133	0.07109	0.00319	0.00231	0.00517
14	0.00522	0.00370	0.00485	0.00572	0.00594	0.00348	0.00376	0.00588	0.00785	0.01046	0.02214	0.76392	0.02650	0.10054	0.00703	0.00195	0.00261	0.01134	0.00376	0.00332
15	0.00628	0.00455	0.00610	0.00650	0.00748	0.00437	0.00536	0.00814	0.01048	0.01411	0.33602	0.06746	0.08085	0.01043	0.00541	0.00166	0.00298	0.41377	0.00417	0.00387
16	0.02249	0.12073	0.35935	0.06904	0.02894	0.01099	0.05001	0.14100	0.07987	0.05217	0.00904	0.01002	0.00665	0.00470	0.01606	0.00136	0.00539	0.00345	0.00258	0.00615
17	0.10159	0.02415	0.10251	0.16634	0.06697	0.01915	0.04131	0.12940	0.04244	0.03575	0.07065	0.03145	0.04021	0.00527	0.00411	0.00130	0.00445	0.03804	0.00293	0.07199
18	0.07256	0.01896	0.02768	0.27783	0.05261	0.03679	0.03098	0.07873	0.03353	0.05520	0.04512	0.02536	0.07768	0.02266	0.01716	0.00145	0.03404	0.01597	0.00279	0.07288

[dist]
# distance from previous block
# <min> <max>
0	12

[block]
# block no. 9 follows, 63 sequences, length 30
# corresponding to MSA columns:
# 344-373
name=unknown_J
#
# <colnr> <probs for GDERKNQSTAVLIFYWHMCP>
#	G	D	E	R	K	N	Q	S	T	A	V	L	I	F	Y	W	H	M	C	P
0	0.04132	0.00513	0.00635	0.04815	0.00818	0.00501	0.00469	0.03150	0.04238	0.06264	0.15299	0.31617	0.08925	0.08190	0.00622	0.00169	0.00293	0.03716	0.00378	0.05256
1	0.12631	0.03710	0.07047	0.13306	0.20383	0.02940	0.09760	0.07902	0.07965	0.02443	0.02133	0.02181	0.03543	0.00461	0.00420	0.00133	0.01813	0.00399	0.00261	0.00570
2	0.00497	0.00426	0.00426	0.00426	0.00568	0.00355	0.00319	0.00603	0.00958	0.01136	0.04259	0.04046	0.82433	0.01065	0.00497	0.00142	0.00213	0.00887	0.00390	0.00355
3	0.01061	0.00911	0.00959	0.00859	0.01099	0.01053	0.00669	0.04451	0.79602	0.01784	0.01691	0.01553	0.01267	0.00568	0.00428	0.00142	0.00336	0.00473	0.00428	0.00667
4	0.01304	0.01323	0.01666	0.03109	0.16540	0.20969	0.23286	0.23555	0.01304	0.01631	0.00833	0.00991	0.00640	0.00420	0.00431	0.00126	0.00611	0.00385	0.00270	0.00605
5	0.02644	0.08054	0.15724	0.03508	0.08907	0.02651	0.02398	0.12200	0.09174	0.24792	0.01175	0.03662	0.00860	0.00486	0.00405	0.00128	0.00453	0.00396	0.00346	0.02038
6	0.88196	0.00813	0.00618	0.00553	0.00813	0.00943	0.00455	0.01236	0.00715	0.01886	0.00585	0.00683	0.00455	0.00390	0.00260	0.00130	0.00325	0.00228	0.00260	0.00455
7	0.00611	0.00408	0.00458	0.00458	0.00458	0.00408	0.00255	0.00611	0.00611	0.00815	0.01325	0.02751	0.01528	0.85226	0.02140	0.00408	0.00408	0.00611	0.00255	0.00255
8	0.01196	0.01047	0.01822	0.01352	0.01716	0.01046	0.43874	0.13703	0.17203	0.10836	0.01136	0.01235	0.00823	0.00439	0.00463	0.00138	0.00557	0.00466	0.00322	0.00626
9	0.00611	0.00408	0.00458	0.00458	0.00458	0.00408	0.00255	0.00611	0.00611	0.00815	0.01325	0.02751	0.01528	0.85226	0.02140	0.00408	0.00408	0.00611	0.00255	0.00255
10	0.00523	0.00376	0.00496	0.00573	0.00611	0.00349	0.00389	0.00613	0.00859	0.01155	0.12827	0.71977	0.05191	0.01250	0.00530	0.00165	0.00237	0.01130	0.00400	0.00349
11	0.00512	0.00366	0.00488	0.00585	0.00610	0.00341	0.00390	0.00585	0.00805	0.01073	0.02317	0.84952	0.02780	0.01317	0.00537	0.00171	0.00244	0.01195	0.00390	0.00341
12	0.00955	0.01210	0.11366	0.01615	0.02013	0.01052	0.62799	0.01294	0.00945	0.01308	0.00856	0.03496	0.00680	0.00421	0.00564	0.00145	0.08030	0.00484	0.00211	0.00557
13	0.01045	0.36403	0.33268	0.01018	0.05589	0.01263	0.01065	0.05404	0.04945	0.03329	0.00769	0.00860	0.00603	0.00397	0.00348	0.00113	0.00508	0.00291	0.00215	0.02566
14	0.05178	0.00634	0.01897	0.04937	0.00937	0.00583	0.00528	0.06712	0.02538	0.13416	0.29622	0.04786	0.12226	0.00695	0.00439	0.00125	0.00294	0.01498	0.00398	0.12557
15	0.01442	0.01795	0.01272	0.01122	0.01316	0.66875	0.04977	0.01561	0.01098	0.01043	0.00645	0.00802	0.00548	0.00475	0.00536	0.00121	0.13376	0.00297	0.00211	0.00487
16	0.01573	0.02558	0.01010	0.00787	0.01085	0.00807	0.00641	0.11641	0.19150	0.48330	0.03914	0.02521	0.01144	0.00542	0.00422	0.00131	0.00360	0.00441	0.00472	0.02473
17	0.00992	0.01134	0.02481	0.01772	0.02197	0.01063	0.81077	0.01347	0.00992	0.01347	0.00850	0.01134	0.00638	0.00354	0.00496	0.00142	0.00709	0.00496	0.00213	0.00567
18	0.00541	0.00410	0.00499	0.00519	0.00608	0.00368	0.00376	0.00672	0.00995	0.01318	0.31965	0.28638	0.27948	0.01070	0.00510	0.00148	0.00220	0.02412	0.00417	0.00367
19	0.00730	0.00365	0.00548	0.00548	0.00548	0.00365	0.00365	0.00548	0.00548	0.00730	0.00730	0.01278	0.00730	0.01460	0.01643	0.87769	0.00365	0.00365	0.00183	0.00183
20	0.01133	0.07999	0.12862	0.00929	0.01234	0.02917	0.03367	0.06963	0.39154	0.09754	0.03600	0.01324	0.01052	0.00527	0.00467	0.00136	0.05178	0.00418	0.00356	0.00631
21	0.00518	0.00378	0.00479	0.00554	0.00595	0.00348	0.00372	0.00593	0.00822	0.01078	0.04090	0.66995	0.13887	0.06402	0.00628	0.00180	0.00249	0.01108	0.00383	0.00339
22	0.00511	0.00370	0.00484	0.00575	0.00607	0.00342	0.00386	0.00587	0.00815	0.01077	0.02445	0.79602	0.08048	0.01300	0.00534	0.00169	0.00242	0.01175	0.00390	0.00342
23	0.00519	0.00388	0.00481	0.00552	0.00609	0.00354	0.00384	0.00605	0.00847	0.01092	0.02781	0.58259	0.22946	0.03301	0.00568	0.00170	0.00247	0.05164	0.00387	0.00345
24	0.00827	0.02454	0.02794	0.01206	0.01457	0.00814	0.39382	0.03789	0.00954	0.01302	0.07708	0.24210	0.01504	0.00825	0.04831	0.00177	0.04308	0.00688	0.00286	0.00482
25	0.00630	0.00430	0.00641	0.00641	0.00697	0.00486	0.00482	0.00702	0.00645	0.00917	0.01043	0.01599	0.00993	0.05078	0.63029	0.20068	0.00936	0.00436	0.00217	0.00329
26	0.00521	0.00374	0.00495	0.00575	0.00611	0.00348	0.00389	0.00609	0.00852	0.01144	0.11405	0.73816	0.04781	0.01259	0.00531	0.00166	0.00238	0.01139	0.00398	0.00348
27	0.01013	0.10479	0.31550	0.08378	0.15101	0.09065	0.01184	0.05423	0.01898	0.01287	0.00749	0.00936	0.00593	0.00510	0.02807	0.00145	0.07772	0.00328	0.00205	0.00579
28	0.01041	0.00790	0.03354	0.02095	0.00993	0.10522	0.00668	0.04771	0.01048	0.17028	0.04052	0.16970	0.02801	0.00889	0.00525	0.00159	0.03127	0.28305	0.00380	0.00480
29	0.01448	0.00820	0.01051	0.00910	0.05312	0.00818	0.02987	0.17696	0.12778	0.36604	0.06897	0.03649	0.02309	0.00590	0.00440	0.00135	0.00379	0.04079	0.00447	0.00652

[dist]
# distance from previous block
# <min> <max>
0	22

[block]
# block no. 10 follows, 63 sequences, length 19
# corresponding to MSA columns:
# 397-415
name=unknown_K
#
# <colnr> <probs for GDERKNQSTAVLIFYWHMCP>
#	G	D	E	R	K	N	Q	S	T	A	V	L	I	F	Y	W	H	M	C	P
0	0.00820	0.00700	0.06109	0.00811	0.00993	0.01828	0.03561	0.02700	0.07850	0.06211	0.04602	0.08420	0.05517	0.00937	0.00519	0.00167	0.00389	0.44057	0.00375	0.03433
1	0.01099	0.59402	0.09909	0.07506	0.04891	0.04374	0.00864	0.02674	0.00901	0.02722	0.00680	0.00835	0.00589	0.00390	0.00315	0.00103	0.00486	0.01513	0.00197	0.00550
2	0.01004	0.02047	0.02402	0.00849	0.04387	0.01503	0.02307	0.15324	0.02221	0.07566	0.02997	0.19866	0.01330	0.00687	0.00494	0.00128	0.06171	0.05355	0.00337	0.23023
3	0.00750	0.00586	0.00747	0.00767	0.07677	0.00586	0.00529	0.06208	0.11391	0.01705	0.56350	0.02669	0.06825	0.00769	0.00476	0.00133	0.00259	0.00673	0.00431	0.00472
4	0.00999	0.47076	0.36879	0.00958	0.01432	0.01350	0.03631	0.01293	0.00873	0.01147	0.00666	0.00780	0.00540	0.00377	0.00333	0.00110	0.00531	0.00270	0.00180	0.00575
5	0.00613	0.00454	0.00581	0.00579	0.00684	0.00430	0.00452	0.00832	0.03993	0.01526	0.52968	0.06621	0.11715	0.00946	0.00511	0.00147	0.00242	0.15870	0.00437	0.00398
6	0.00510	0.00373	0.00480	0.00566	0.00605	0.00343	0.00382	0.00588	0.00823	0.01081	0.02551	0.75200	0.12382	0.01287	0.00532	0.00167	0.00240	0.01158	0.00390	0.00343
7	0.09212	0.01228	0.01189	0.02692	0.01267	0.17305	0.02244	0.39920	0.01463	0.09596	0.00908	0.00966	0.00668	0.00501	0.00496	0.00130	0.08911	0.00349	0.00343	0.00614
8	0.00605	0.00408	0.00476	0.00493	0.00501	0.00405	0.00297	0.00625	0.00655	0.00872	0.01490	0.11738	0.01721	0.70749	0.01866	0.00368	0.00389	0.05793	0.00278	0.00273
9	0.00530	0.00391	0.00476	0.00527	0.00580	0.00358	0.00356	0.00611	0.00844	0.01102	0.09395	0.48357	0.20424	0.13125	0.00752	0.00195	0.00256	0.01007	0.00377	0.00337
10	0.00606	0.00405	0.00460	0.00466	0.00467	0.00404	0.00263	0.00610	0.00623	0.00830	0.01383	0.07569	0.01602	0.80308	0.02046	0.00394	0.00398	0.00646	0.00263	0.00260
11	0.00765	0.00614	0.00951	0.00888	0.01045	0.00608	0.12423	0.06115	0.01974	0.01374	0.07937	0.08965	0.03972	0.02885	0.00580	0.00179	0.00412	0.47516	0.00367	0.00432
12	0.00515	0.00375	0.00485	0.00565	0.00606	0.00346	0.00383	0.00597	0.00840	0.01109	0.06390	0.72285	0.11421	0.01268	0.00530	0.00166	0.00238	0.01141	0.00394	0.00346
13	0.56497	0.00896	0.00822	0.00681	0.00967	0.01000	0.00561	0.21855	0.01093	0.10967	0.00812	0.00849	0.00586	0.00434	0.00319	0.00129	0.00364	0.00288	0.00330	0.00550
14	0.01422	0.01052	0.01058	0.00866	0.01141	0.09520	0.00700	0.39884	0.12100	0.13016	0.01369	0.01439	0.04505	0.00559	0.00419	0.00129	0.00430	0.03712	0.06046	0.00635
15	0.00611	0.00483	0.00714	0.00730	0.00812	0.00469	0.07288	0.00800	0.06288	0.01168	0.02140	0.61314	0.02449	0.01164	0.00532	0.00169	0.00309	0.11796	0.00377	0.00389
16	0.00875	0.06168	0.69560	0.01242	0.01827	0.01020	0.10883	0.01330	0.00898	0.01316	0.00757	0.00906	0.00545	0.00392	0.00404	0.00132	0.00623	0.00328	0.00182	0.00611
17	0.00544	0.00389	0.00500	0.00567	0.00610	0.00359	0.00380	0.00623	0.00806	0.01093	0.04422	0.68774	0.03772	0.08571	0.00660	0.00184	0.00258	0.01069	0.02447	0.03974
18	0.82107	0.04547	0.00704	0.00571	0.00837	0.00984	0.00476	0.03322	0.00754	0.01867	0.00596	0.00691	0.00466	0.00392	0.00265	0.00128	0.00334	0.00231	0.00261	0.00466

[dist]
# distance from previous block
# <min> <max>
0	12

[block]
# block no. 11 follows, 63 sequences, length 29
# corresponding to MSA columns:
# 441-449,453-472
name=unknown_L
#
# <colnr> <probs for GDERKNQSTAVLIFYWHMCP>
#	G	D	E	R	K	N	Q	S	T	A	V	L	I	F	Y	W	H	M	C	P
0	0.00906	0.00953	0.04242	0.28448	0.23750	0.00955	0.25100	0.01207	0.02113	0.01255	0.00935	0.05394	0.01921	0.00445	0.00448	0.00138	0.00566	0.00459	0.00217	0.00550
1	0.08730	0.14474	0.09614	0.00791	0.01128	0.02062	0.00727	0.11747	0.01137	0.30436	0.06422	0.01190	0.00963	0.00481	0.00401	0.00120	0.02334	0.00365	0.00362	0.06516
2	0.00601	0.00449	0.00669	0.00669	0.00741	0.00522	0.00517	0.00746	0.00674	0.00971	0.01132	0.01687	0.01066	0.05788	0.80946	0.00667	0.01103	0.00456	0.00226	0.00371
3	0.01379	0.15184	0.05063	0.00962	0.04110	0.01249	0.00807	0.52376	0.02574	0.03609	0.01029	0.04862	0.00827	0.00561	0.01556	0.00132	0.00463	0.02248	0.00359	0.00650
4	0.01002	0.01925	0.00891	0.00841	0.05624	0.00811	0.00617	0.05466	0.38508	0.09177	0.16300	0.04722	0.06673	0.00670	0.00445	0.00138	0.00316	0.02814	0.02481	0.00579
5	0.02210	0.13082	0.23582	0.04966	0.06561	0.08658	0.01009	0.17910	0.05006	0.06756	0.01772	0.03053	0.00741	0.00469	0.00414	0.00126	0.02444	0.00358	0.00277	0.00606
6	0.11363	0.01103	0.04189	0.01000	0.06405	0.13654	0.02652	0.09889	0.16824	0.14227	0.02403	0.01154	0.00854	0.01650	0.00505	0.00135	0.07948	0.00375	0.00332	0.03338
7	0.00582	0.00418	0.00538	0.00610	0.00654	0.00404	0.00417	0.05787	0.00880	0.01175	0.02233	0.79536	0.02647	0.01265	0.00529	0.00168	0.00258	0.01142	0.00392	0.00366
8	0.01332	0.03730	0.01143	0.00917	0.02376	0.05118	0.00724	0.43488	0.25803	0.02094	0.01203	0.01266	0.00922	0.05977	0.00525	0.00146	0.00432	0.00411	0.00389	0.02004
9	0.01016	0.07927	0.27758	0.00995	0.02829	0.02876	0.06891	0.04428	0.10465	0.06068	0.00918	0.01000	0.00692	0.00400	0.00378	0.00111	0.00477	0.00330	0.00259	0.24182
10	0.00999	0.02497	0.04144	0.00874	0.01105	0.00985	0.02928	0.03854	0.54066	0.03305	0.01646	0.05628	0.04422	0.00630	0.00508	0.00145	0.06782	0.02714	0.00383	0.02388
11	0.01017	0.01080	0.04457	0.13608	0.02215	0.01013	0.62114	0.01352	0.00981	0.06568	0.00885	0.01144	0.00650	0.00376	0.00478	0.00141	0.00662	0.00468	0.00228	0.00564
12	0.02641	0.00790	0.01295	0.18022	0.24045	0.00829	0.10662	0.06133	0.00970	0.01338	0.05414	0.19232	0.03557	0.00645	0.00479	0.00142	0.02418	0.00596	0.00276	0.00516
13	0.03956	0.04438	0.08459	0.09527	0.03293	0.11792	0.05864	0.08872	0.05989	0.06067	0.06074	0.03702	0.08966	0.00594	0.00521	0.00137	0.08820	0.02108	0.00296	0.00526
14	0.00783	0.00514	0.00683	0.00725	0.00849	0.00507	0.00615	0.01022	0.05392	0.08123	0.08368	0.05670	0.06174	0.01030	0.00539	0.00175	0.00350	0.54901	0.03151	0.00428
15	0.00540	0.00388	0.00510	0.00596	0.00633	0.00366	0.00408	0.02104	0.00844	0.01125	0.04158	0.77179	0.03971	0.01281	0.00535	0.00169	0.00252	0.04196	0.00392	0.00352
16	0.02088	0.13275	0.14493	0.04245	0.12679	0.00980	0.07946	0.05757	0.04682	0.13592	0.00933	0.01022	0.00697	0.00403	0.00382	0.00114	0.00467	0.00342	0.00275	0.15628
17	0.01178	0.63924	0.01909	0.00758	0.01093	0.04024	0.00714	0.10142	0.04888	0.03041	0.00795	0.00863	0.02191	0.00474	0.02358	0.00113	0.00465	0.00278	0.00232	0.00560
18	0.00543	0.00386	0.00512	0.00602	0.00635	0.00367	0.00420	0.00627	0.00813	0.01079	0.02228	0.67369	0.02633	0.07775	0.00667	0.00192	0.00277	0.12157	0.00379	0.00341
19	0.06211	0.00751	0.01025	0.34297	0.05765	0.02742	0.00835	0.06227	0.05651	0.11117	0.09885	0.03294	0.01184	0.00541	0.00419	0.00135	0.00430	0.03426	0.05548	0.00515
20	0.05347	0.59598	0.03054	0.00835	0.01170	0.06430	0.05915	0.03839	0.02908	0.03029	0.00672	0.00773	0.00578	0.00395	0.00351	0.00104	0.03981	0.00268	0.00210	0.00545
21	0.00600	0.00431	0.00587	0.00595	0.00641	0.00471	0.00425	0.00694	0.00668	0.00932	0.01298	0.07481	0.01363	0.31944	0.47563	0.00537	0.00799	0.02390	0.00250	0.00331
22	0.88196	0.00813	0.00618	0.00553	0.00813	0.00943	0.00455	0.01236	0.00715	0.01886	0.00585	0.00683	0.00455	0.00390	0.00260	0.00130	0.00325	0.00228	0.00260	0.00455
23	0.00517	0.00382	0.00475	0.00545	0.00592	0.00349	0.00368	0.00595	0.00830	0.01081	0.04299	0.62127	0.18298	0.06672	0.00631	0.00180	0.00247	0.01088	0.00383	0.00340
24	0.00556	0.00426	0.00509	0.00494	0.00605	0.00379	0.00368	0.00715	0.01089	0.01460	0.50542	0.06878	0.32548	0.00953	0.00498	0.00137	0.00206	0.00825	0.00433	0.00379
25	0.00616	0.00435	0.00627	0.00627	0.00683	0.00490	0.00465	0.00707	0.00652	0.00925	0.01117	0.01790	0.01095	0.16227	0.61973	0.09611	0.00932	0.00468	0.00226	0.00336
26	0.00856	0.00881	0.01706	0.10911	0.06995	0.00855	0.42733	0.02647	0.00973	0.01295	0.05339	0.05730	0.12756	0.03740	0.00545	0.00151	0.00544	0.00579	0.00261	0.00503
