[name]
unknown

[dist]
# distance from previous block
# <min> <max>
3	100

[block]
# block no. 0 follows, 67 sequences, length 24
# corresponding to MSA columns:
# 105-128
name=unknown_A
#
# <colnr> <probs for GDERKNQSTAVLIFYWHMCP>
#	G	D	E	R	K	N	Q	S	T	A	V	L	I	F	Y	W	H	M	C	P
0	0.03976	0.00694	0.00933	0.00841	0.04597	0.02315	0.09670	0.07703	0.11668	0.06821	0.14796	0.13755	0.08660	0.03539	0.03000	0.00157	0.01951	0.02007	0.00348	0.02568
1	0.00722	0.00477	0.00581	0.00558	0.00678	0.00449	0.00408	0.02793	0.05427	0.09699	0.09433	0.27535	0.17058	0.08328	0.05805	0.01990	0.00315	0.00745	0.01432	0.05567
2	0.00707	0.00455	0.00547	0.00531	0.00643	0.00416	0.00383	0.04111	0.00912	0.10600	0.10924	0.29621	0.23350	0.11728	0.00669	0.00171	0.00263	0.00808	0.00375	0.02784
3	0.13167	0.00787	0.00876	0.00717	0.00975	0.00819	0.00576	0.19382	0.15948	0.28770	0.04326	0.01454	0.05540	0.04302	0.00462	0.00138	0.00344	0.00422	0.00406	0.00591
4	0.00811	0.00601	0.00747	0.00681	0.00836	0.00620	0.03835	0.04207	0.23877	0.07176	0.18051	0.15847	0.09042	0.04356	0.02515	0.00161	0.00311	0.04421	0.01436	0.00471
5	0.08886	0.00706	0.00806	0.00679	0.00903	0.00722	0.00537	0.13221	0.15307	0.25798	0.06609	0.05619	0.04313	0.06949	0.00521	0.00147	0.00327	0.02042	0.03512	0.02399
6	0.07006	0.00496	0.00582	0.00540	0.00698	0.00454	0.00414	0.02218	0.00969	0.19646	0.13609	0.17784	0.30547	0.00865	0.00450	0.00137	0.00252	0.02500	0.00401	0.00431
7	0.03895	0.00553	0.00621	0.00581	0.00721	0.03914	0.00436	0.03614	0.04127	0.14824	0.21810	0.23044	0.16466	0.02926	0.00492	0.00142	0.00272	0.00734	0.00397	0.00430
8	0.08692	0.00849	0.00944	0.00757	0.01024	0.00899	0.00617	0.37491	0.06654	0.20483	0.05864	0.01355	0.04843	0.00627	0.03844	0.00144	0.00392	0.00411	0.03507	0.00601
9	0.13429	0.00450	0.00495	0.00505	0.00584	0.00447	0.00344	0.00740	0.00745	0.05501	0.04695	0.30462	0.10500	0.28229	0.00953	0.00223	0.00295	0.00742	0.00322	0.00337
10	0.02808	0.00598	0.00681	0.00618	0.00786	0.04213	0.00476	0.02443	0.08708	0.22330	0.20087	0.16297	0.14461	0.00790	0.00447	0.00135	0.00285	0.02948	0.00413	0.00475
11	0.05208	0.00684	0.00763	0.00669	0.00876	0.00711	0.00524	0.09275	0.27128	0.16270	0.09799	0.08395	0.16637	0.00689	0.00425	0.00133	0.00293	0.00575	0.00409	0.00535
12	0.77197	0.00859	0.00668	0.00585	0.00837	0.04847	0.00478	0.08102	0.00807	0.01823	0.00596	0.00681	0.00459	0.00384	0.00267	0.00123	0.00341	0.00231	0.00259	0.00457
13	0.04195	0.00429	0.00570	0.00568	0.00632	0.00469	0.00416	0.00694	0.00681	0.00986	0.07004	0.04412	0.05184	0.21390	0.48806	0.01717	0.00750	0.00515	0.00250	0.00332
14	0.02901	0.00468	0.00653	0.00657	0.02710	0.00473	0.04036	0.02443	0.00791	0.02557	0.06588	0.19618	0.07078	0.11053	0.18053	0.06967	0.00471	0.07085	0.05046	0.00355
15	0.00668	0.00434	0.00530	0.00528	0.00626	0.00398	0.00380	0.02996	0.00923	0.09232	0.17345	0.30499	0.22014	0.09525	0.00636	0.00168	0.00252	0.02085	0.00385	0.00376
16	0.64517	0.00759	0.00686	0.00607	0.00808	0.00898	0.00495	0.05045	0.00728	0.01644	0.00621	0.00779	0.00508	0.00581	0.04156	0.04296	0.09893	0.00258	0.02290	0.00430
17	0.02715	0.00764	0.01299	0.09722	0.13104	0.00768	0.21735	0.04989	0.03341	0.05768	0.10321	0.10897	0.05819	0.00614	0.00494	0.02574	0.02081	0.02215	0.00289	0.00491
18	0.16365	0.00612	0.00739	0.03620	0.03114	0.00646	0.02404	0.06036	0.06015	0.08439	0.02401	0.10291	0.06933	0.09497	0.13601	0.03635	0.00454	0.02612	0.00303	0.02282
19	0.00964	0.00713	0.02198	0.04166	0.03587	0.02403	0.03529	0.14696	0.10720	0.11233	0.05963	0.19777	0.06024	0.02568	0.07760	0.00184	0.00414	0.00603	0.01997	0.00499
20	0.06690	0.00912	0.00975	0.02120	0.07794	0.05968	0.00660	0.29372	0.12596	0.06595	0.04266	0.01429	0.09702	0.00528	0.00390	0.00120	0.00379	0.00420	0.04236	0.04849
21	0.03095	0.00749	0.05096	0.19567	0.03247	0.03321	0.01927	0.07269	0.05408	0.09220	0.05078	0.18407	0.09150	0.00666	0.00422	0.00132	0.00377	0.00574	0.01551	0.04747
22	0.31822	0.00857	0.03786	0.04060	0.08658	0.03597	0.03059	0.08905	0.06731	0.07517	0.03324	0.07770	0.03538	0.00508	0.00367	0.00126	0.01270	0.00401	0.00297	0.03406
23	0.00854	0.03083	0.03543	0.12063	0.03362	0.02928	0.04167	0.09426	0.14209	0.02326	0.02718	0.11817	0.04021	0.03350	0.13040	0.04263	0.02477	0.00506	0.00288	0.01561

[dist]
# distance from previous block
# <min> <max>
2	92

[block]
# block no. 1 follows, 67 sequences, length 24
# corresponding to MSA columns:
# 233-256
name=unknown_B
#
# <colnr> <probs for GDERKNQSTAVLIFYWHMCP>
#	G	D	E	R	K	N	Q	S	T	A	V	L	I	F	Y	W	H	M	C	P
0	0.06319	0.03741	0.01066	0.03417	0.05549	0.05615	0.04386	0.19021	0.10434	0.16196	0.02054	0.06320	0.02996	0.02045	0.00418	0.00124	0.00397	0.00420	0.00344	0.09139
1	0.06027	0.04159	0.03378	0.01569	0.02371	0.02287	0.01556	0.13078	0.03028	0.20625	0.08475	0.07646	0.13260	0.00619	0.00425	0.00123	0.02405	0.00504	0.01222	0.07244
2	0.02298	0.04511	0.11299	0.07150	0.17951	0.02372	0.00787	0.04575	0.00867	0.04126	0.02460	0.23265	0.01291	0.07922	0.03944	0.00932	0.00432	0.01428	0.00269	0.02120
3	0.05162	0.03729	0.05270	0.02631	0.09202	0.16489	0.00716	0.11668	0.04368	0.12836	0.05518	0.04831	0.01008	0.06160	0.02883	0.00151	0.01310	0.01258	0.00303	0.04506
4	0.09515	0.24178	0.05291	0.01825	0.03272	0.11440	0.02198	0.19331	0.02025	0.03813	0.01707	0.06711	0.00758	0.00460	0.00345	0.00109	0.00444	0.00346	0.00269	0.05962
5	0.09668	0.02425	0.05310	0.02116	0.03136	0.05977	0.00630	0.20865	0.03601	0.04061	0.07802	0.05874	0.11876	0.00700	0.03575	0.01509	0.02082	0.01437	0.00322	0.07035
6	0.03017	0.05145	0.02315	0.02027	0.03326	0.07946	0.01485	0.18704	0.09070	0.05898	0.06008	0.02056	0.00962	0.04650	0.02665	0.00135	0.02833	0.01065	0.00307	0.20387
7	0.20956	0.10114	0.49020	0.00929	0.01377	0.04860	0.01086	0.01233	0.00810	0.01330	0.00678	0.00809	0.00514	0.00495	0.04108	0.00144	0.00539	0.00274	0.00191	0.00532
8	0.00855	0.08607	0.62896	0.01088	0.01619	0.03128	0.06186	0.01251	0.00856	0.01241	0.00709	0.00840	0.00522	0.00369	0.00369	0.00118	0.00562	0.00294	0.00179	0.08311
9	0.00657	0.00412	0.00476	0.00471	0.00562	0.00401	0.00349	0.02090	0.02999	0.01447	0.28987	0.11141	0.05289	0.04636	0.00471	0.00131	0.00215	0.02880	0.36013	0.00374
10	0.00920	0.10248	0.01504	0.16804	0.52353	0.00959	0.01072	0.01147	0.00903	0.01246	0.08276	0.01151	0.00892	0.00406	0.00389	0.00119	0.00455	0.00375	0.00214	0.00565
11	0.00581	0.00581	0.09718	0.00689	0.00801	0.00443	0.00595	0.00737	0.00834	0.01116	0.02014	0.46420	0.02289	0.01105	0.00513	0.00167	0.00323	0.30354	0.00349	0.00371
12	0.00766	0.00513	0.00691	0.00615	0.00758	0.00487	0.04091	0.02205	0.07708	0.11213	0.49490	0.11712	0.06557	0.00790	0.00463	0.00131	0.00249	0.00700	0.00423	0.00439
13	0.00490	0.00356	0.00459	0.00540	0.00573	0.00329	0.00362	0.00561	0.00775	0.01021	0.02349	0.75394	0.09994	0.04048	0.00559	0.00168	0.00235	0.01095	0.00368	0.00324
14	0.02796	0.09878	0.00716	0.00529	0.00667	0.00530	0.00417	0.00863	0.01051	0.06065	0.56321	0.06030	0.09532	0.00766	0.00438	0.00123	0.00230	0.00659	0.01981	0.00406
15	0.00583	0.00593	0.09700	0.00564	0.00718	0.00435	0.00492	0.00793	0.01079	0.01513	0.65342	0.02855	0.12222	0.00793	0.00463	0.00127	0.00235	0.00691	0.00404	0.00398
16	0.00862	0.00889	0.01324	0.66300	0.02517	0.10315	0.09983	0.01118	0.00856	0.01048	0.00713	0.01032	0.00541	0.00395	0.00404	0.00130	0.00571	0.00358	0.00184	0.00458
17	0.00992	0.06551	0.01447	0.01135	0.05183	0.00997	0.24907	0.08937	0.32340	0.01536	0.04913	0.01522	0.01107	0.00507	0.00429	0.00133	0.00448	0.06023	0.00320	0.00573
18	0.01052	0.71283	0.13391	0.00758	0.01135	0.01483	0.00799	0.04269	0.00860	0.01049	0.00595	0.00684	0.00520	0.00354	0.00280	0.00093	0.00452	0.00231	0.00180	0.00532
19	0.00488	0.00352	0.00463	0.00551	0.00580	0.00326	0.00369	0.00559	0.00775	0.01026	0.02295	0.81915	0.06327	0.01245	0.00510	0.00162	0.00231	0.01127	0.00372	0.00326
20	0.37205	0.00911	0.02378	0.10616	0.31806	0.03696	0.02781	0.03888	0.00845	0.01509	0.00672	0.00850	0.00536	0.00374	0.00337	0.00123	0.00428	0.00298	0.00223	0.00524
21	0.00687	0.09900	0.00800	0.00726	0.00843	0.00581	0.00640	0.00861	0.00905	0.01165	0.01954	0.07135	0.02123	0.01029	0.00520	0.00173	0.00371	0.68854	0.00348	0.00384
22	0.14667	0.02947	0.06499	0.00791	0.01045	0.00929	0.04578	0.08401	0.39513	0.01591	0.01206	0.01335	0.00962	0.09883	0.00556	0.00156	0.00372	0.00400	0.00326	0.03840
23	0.00997	0.00911	0.01513	0.04731	0.67431	0.00892	0.02415	0.01228	0.00910	0.04386	0.00780	0.00993	0.00641	0.00357	0.00388	0.00113	0.00457	0.00348	0.00213	0.10296

[dist]
# distance from previous block
# <min> <max>
0	1

[block]
# block no. 2 follows, 67 sequences, length 18
# corresponding to MSA columns:
# 258-275
name=unknown_C
#
# <colnr> <probs for GDERKNQSTAVLIFYWHMCP>
#	G	D	E	R	K	N	Q	S	T	A	V	L	I	F	Y	W	H	M	C	P
0	0.85731	0.00788	0.00611	0.00541	0.00792	0.00912	0.00446	0.03968	0.00724	0.01824	0.00572	0.00662	0.00443	0.00376	0.00253	0.00124	0.00315	0.00222	0.00253	0.00443
1	0.00993	0.00953	0.01628	0.02462	0.83404	0.00953	0.01231	0.01231	0.00913	0.01310	0.00754	0.00993	0.00635	0.00357	0.00397	0.00119	0.00476	0.00357	0.00199	0.00635
2	0.00597	0.00440	0.00484	0.00468	0.00610	0.00385	0.00360	0.00746	0.03194	0.06639	0.14124	0.03550	0.61012	0.00947	0.00471	0.00136	0.00222	0.04849	0.00391	0.00376
3	0.05404	0.00660	0.00865	0.00676	0.00967	0.00579	0.00555	0.01788	0.01105	0.72192	0.01778	0.01575	0.08909	0.00541	0.00403	0.00125	0.00327	0.00438	0.00474	0.00639
4	0.01706	0.00813	0.08704	0.00754	0.01091	0.00622	0.00673	0.01890	0.01120	0.75954	0.01501	0.01316	0.00947	0.00486	0.00401	0.00124	0.00365	0.00393	0.00466	0.00674
5	0.00929	0.01047	0.02257	0.09497	0.02158	0.01003	0.74368	0.01260	0.00933	0.01260	0.00802	0.01081	0.00602	0.00344	0.00467	0.00135	0.00663	0.00462	0.00201	0.00532
6	0.00794	0.00415	0.00451	0.00427	0.00538	0.00407	0.00325	0.02933	0.00931	0.06011	0.14679	0.01720	0.01467	0.00527	0.00321	0.00101	0.00202	0.00432	0.66918	0.00399
7	0.44197	0.00806	0.00757	0.00630	0.00881	0.00893	0.00516	0.23830	0.01080	0.08618	0.00866	0.00922	0.00637	0.00427	0.00308	0.00118	0.00331	0.00296	0.13372	0.00515
8	0.00896	0.08873	0.01310	0.01019	0.01051	0.01262	0.00859	0.00987	0.00633	0.00963	0.00529	0.00855	0.00525	0.00668	0.01217	0.00167	0.77226	0.00338	0.00175	0.00446
9	0.01673	0.00650	0.00886	0.00699	0.00981	0.00564	0.00568	0.01820	0.01111	0.75702	0.01643	0.09501	0.01153	0.00570	0.00414	0.00128	0.00331	0.00474	0.00484	0.00648
10	0.01084	0.00742	0.00833	0.00729	0.00954	0.00795	0.00572	0.01829	0.50469	0.19268	0.08622	0.01821	0.09305	0.00602	0.00419	0.00133	0.00301	0.00503	0.00426	0.00595
11	0.00660	0.00477	0.00588	0.00616	0.00690	0.00477	0.00436	0.13866	0.00960	0.01285	0.04150	0.69636	0.02361	0.01118	0.00493	0.00155	0.00266	0.01002	0.00379	0.00385
12	0.05307	0.00770	0.01075	0.01028	0.14494	0.00720	0.02338	0.08118	0.01140	0.57209	0.01349	0.01292	0.00902	0.00475	0.00400	0.00124	0.00377	0.01806	0.00422	0.00656
13	0.00804	0.00464	0.00505	0.00472	0.00590	0.00468	0.00360	0.09535	0.01001	0.03171	0.14701	0.07248	0.01548	0.00579	0.00342	0.00107	0.00220	0.00481	0.56994	0.00410
14	0.00615	0.00429	0.00596	0.00587	0.00657	0.00470	0.00437	0.00725	0.00668	0.04019	0.01333	0.01942	0.06581	0.20308	0.58177	0.00537	0.00844	0.00489	0.00242	0.00345
15	0.00909	0.06571	0.03648	0.26996	0.48469	0.00958	0.01144	0.01153	0.00872	0.01195	0.00779	0.01121	0.00657	0.00398	0.00394	0.00124	0.00490	0.03366	0.00196	0.00559
16	0.00955	0.00761	0.00967	0.01854	0.14351	0.03360	0.01988	0.06658	0.21479	0.07986	0.05550	0.10371	0.02958	0.06414	0.03684	0.00173	0.04875	0.04762	0.00334	0.00522
17	0.00740	0.00460	0.00575	0.00569	0.00675	0.00434	0.00420	0.03441	0.00892	0.13281	0.05138	0.34471	0.20367	0.07537	0.03265	0.00182	0.02013	0.04771	0.00375	0.00394

[dist]
# distance from previous block
# <min> <max>
0	14

[block]
# block no. 3 follows, 67 sequences, length 8
# corresponding to MSA columns:
# 290-297
name=unknown_D
#
# <colnr> <probs for GDERKNQSTAVLIFYWHMCP>
#	G	D	E	R	K	N	Q	S	T	A	V	L	I	F	Y	W	H	M	C	P
0	0.02343	0.12006	0.11885	0.05617	0.20179	0.03062	0.06318	0.03505	0.03000	0.02536	0.07178	0.03897	0.03662	0.00449	0.00377	0.00112	0.00434	0.00390	0.00243	0.12806
1	0.00611	0.00500	0.00566	0.00609	0.00692	0.04772	0.00459	0.00775	0.05137	0.01111	0.05210	0.33968	0.16042	0.04156	0.05961	0.00196	0.00345	0.18176	0.00353	0.00362
2	0.00604	0.00443	0.00548	0.00565	0.00642	0.00441	0.00405	0.00846	0.11893	0.01280	0.26521	0.35574	0.04766	0.04922	0.00598	0.04073	0.00245	0.02670	0.02590	0.00375
3	0.00981	0.07546	0.08858	0.32610	0.13800	0.10778	0.06590	0.04029	0.00917	0.03745	0.00768	0.01050	0.00611	0.00420	0.00426	0.00126	0.03697	0.02327	0.00207	0.00514
4	0.00935	0.00898	0.09195	0.45054	0.02087	0.00903	0.07276	0.04285	0.04882	0.10281	0.00937	0.01150	0.02621	0.00454	0.00480	0.00135	0.07297	0.00381	0.00239	0.00508
5	0.00697	0.00348	0.00522	0.00522	0.00522	0.00348	0.00348	0.00522	0.00522	0.00697	0.00697	0.01219	0.00697	0.01393	0.01567	0.88332	0.00348	0.00348	0.00174	0.00174
6	0.00785	0.03358	0.45969	0.01068	0.06728	0.00806	0.04833	0.05035	0.00917	0.01312	0.08425	0.16663	0.01219	0.00582	0.00417	0.00132	0.00475	0.00504	0.00246	0.00527
7	0.00938	0.05265	0.01196	0.36765	0.08790	0.08501	0.03708	0.03345	0.02665	0.06366	0.00955	0.01345	0.02118	0.00669	0.06310	0.01605	0.02990	0.05756	0.00233	0.00478

[dist]
# distance from previous block
# <min> <max>
0	1

[block]
# block no. 4 follows, 67 sequences, length 12
# corresponding to MSA columns:
# 299-310
name=unknown_E
#
# <colnr> <probs for GDERKNQSTAVLIFYWHMCP>
#	G	D	E	R	K	N	Q	S	T	A	V	L	I	F	Y	W	H	M	C	P
0	0.08323	0.00905	0.02194	0.05405	0.01125	0.14054	0.07405	0.06244	0.09603	0.08016	0.01168	0.14157	0.01065	0.02146	0.08512	0.01484	0.04694	0.01506	0.01518	0.00476
1	0.88738	0.00776	0.00589	0.00527	0.00776	0.00900	0.00434	0.01179	0.00683	0.01799	0.00558	0.00651	0.00434	0.00372	0.00248	0.00124	0.00310	0.00217	0.00248	0.00434
2	0.00928	0.01209	0.12788	0.01620	0.02050	0.01004	0.71653	0.01283	0.00934	0.01283	0.00800	0.01052	0.00596	0.00344	0.00461	0.00134	0.00665	0.00451	0.00199	0.00548
3	0.01521	0.00687	0.00897	0.00699	0.01002	0.00596	0.00574	0.01737	0.05651	0.60006	0.01455	0.01435	0.01000	0.00494	0.00392	0.00116	0.00333	0.04421	0.00438	0.16547
4	0.00993	0.00953	0.01628	0.02462	0.83404	0.00953	0.01231	0.01231	0.00913	0.01310	0.00754	0.00993	0.00635	0.00357	0.00397	0.00119	0.00476	0.00357	0.00199	0.00635
5	0.00497	0.00407	0.00438	0.00430	0.00556	0.00348	0.00323	0.00620	0.00968	0.01212	0.23510	0.03647	0.63713	0.00968	0.00474	0.00133	0.00200	0.00817	0.00389	0.00348
6	0.01406	0.00680	0.00848	0.00694	0.00951	0.00651	0.00558	0.01797	0.20743	0.50488	0.07699	0.01657	0.05751	0.00559	0.00409	0.00127	0.00311	0.00462	0.03589	0.00619
7	0.00505	0.00365	0.00477	0.00538	0.00583	0.00338	0.00370	0.00602	0.00855	0.01152	0.19643	0.63372	0.07414	0.01150	0.00501	0.00153	0.00222	0.01035	0.00387	0.00338
8	0.00945	0.00976	0.01875	0.12207	0.40612	0.00970	0.33935	0.01228	0.00913	0.01265	0.00772	0.01038	0.00612	0.00355	0.00428	0.00127	0.00564	0.00404	0.00198	0.00574
9	0.04941	0.00501	0.00599	0.00536	0.00693	0.00475	0.00415	0.01135	0.05168	0.20223	0.29129	0.06141	0.08101	0.00670	0.00404	0.00121	0.00239	0.00567	0.19485	0.00457
10	0.07488	0.06394	0.06195	0.01300	0.26718	0.03511	0.03406	0.08128	0.03349	0.06812	0.00810	0.00927	0.00635	0.00370	0.00354	0.00104	0.00421	0.00311	0.00252	0.22517
11	0.04937	0.22338	0.01341	0.00883	0.03733	0.13156	0.00717	0.32029	0.07807	0.01656	0.00851	0.00924	0.00672	0.00619	0.06502	0.00149	0.00511	0.00316	0.00290	0.00570

[dist]
# distance from previous block
# <min> <max>
0	9

[block]
# block no. 5 follows, 67 sequences, length 26
# corresponding to MSA columns:
# 320-345
name=unknown_F
#
# <colnr> <probs for GDERKNQSTAVLIFYWHMCP>
#	G	D	E	R	K	N	Q	S	T	A	V	L	I	F	Y	W	H	M	C	P
0	0.04145	0.22608	0.44236	0.01082	0.08909	0.01066	0.01127	0.02578	0.00875	0.07611	0.00755	0.00868	0.00571	0.01498	0.00371	0.00119	0.00507	0.00292	0.00205	0.00575
1	0.03290	0.08428	0.47649	0.01132	0.04587	0.00983	0.10593	0.02715	0.10572	0.01334	0.02597	0.01871	0.01646	0.00418	0.00387	0.00126	0.00525	0.00354	0.00219	0.00574
2	0.00551	0.00402	0.00531	0.00609	0.00676	0.00382	0.00472	0.00672	0.00855	0.01111	0.03793	0.41558	0.12890	0.01159	0.00523	0.00167	0.00282	0.32648	0.00372	0.00346
3	0.00849	0.23583	0.19011	0.00900	0.06634	0.05820	0.01577	0.02597	0.02914	0.01128	0.02380	0.24460	0.01252	0.02508	0.00429	0.00132	0.00424	0.02673	0.00252	0.00479
4	0.00904	0.03610	0.32204	0.00977	0.02805	0.09839	0.05070	0.04066	0.10742	0.03223	0.04216	0.11268	0.03589	0.00586	0.00417	0.00132	0.00479	0.05078	0.00271	0.00526
5	0.00500	0.00361	0.00475	0.00557	0.00593	0.00336	0.00383	0.00584	0.00804	0.01070	0.07063	0.72771	0.06671	0.01212	0.00510	0.00160	0.00235	0.05007	0.00376	0.00332
6	0.05164	0.00899	0.13545	0.06461	0.04827	0.00744	0.18137	0.01075	0.00823	0.07154	0.01081	0.06459	0.00981	0.09174	0.11058	0.00225	0.03503	0.05716	0.02508	0.00468
7	0.09984	0.02386	0.03090	0.19259	0.04245	0.00758	0.00739	0.06294	0.01031	0.44033	0.01161	0.01163	0.00778	0.00476	0.00415	0.02476	0.00399	0.00363	0.00363	0.00586
8	0.00947	0.00872	0.01478	0.10205	0.26440	0.00898	0.20327	0.04113	0.11409	0.04268	0.03367	0.02794	0.03246	0.00489	0.00454	0.00133	0.02456	0.05280	0.00266	0.00555
9	0.01799	0.00683	0.00931	0.00714	0.01024	0.00589	0.00589	0.01954	0.01148	0.83682	0.01582	0.01365	0.00993	0.00496	0.00403	0.00124	0.00341	0.00403	0.00496	0.00683
10	0.00731	0.00642	0.00998	0.17222	0.23337	0.00664	0.02700	0.00914	0.00879	0.02423	0.05274	0.13354	0.18477	0.00721	0.00473	0.00139	0.02654	0.07660	0.00284	0.00454
11	0.11602	0.03367	0.09877	0.07943	0.01359	0.01075	0.02739	0.44621	0.01414	0.10785	0.00921	0.00960	0.00649	0.00446	0.00379	0.00122	0.00444	0.00340	0.00339	0.00616
12	0.00632	0.00437	0.00601	0.06585	0.00809	0.00431	0.01955	0.03518	0.00847	0.04769	0.03312	0.61025	0.03283	0.01056	0.00481	0.00153	0.00276	0.03929	0.05527	0.00372
13	0.66899	0.03290	0.00752	0.00645	0.00886	0.19575	0.00517	0.01274	0.00788	0.01594	0.00572	0.00667	0.00455	0.00381	0.00274	0.00118	0.00406	0.00226	0.00237	0.00443
14	0.00519	0.00384	0.00484	0.00513	0.00585	0.00350	0.00367	0.00641	0.00936	0.01259	0.33184	0.37995	0.17855	0.01045	0.00491	0.00144	0.00213	0.02285	0.00398	0.00349
15	0.00961	0.00855	0.00760	0.00758	0.05669	0.19167	0.00536	0.01283	0.14707	0.03328	0.10117	0.05623	0.03075	0.00545	0.00367	0.00112	0.00356	0.00442	0.27498	0.03842
16	0.01633	0.00664	0.00882	0.00687	0.00974	0.00586	0.00564	0.04847	0.01156	0.70326	0.05719	0.01579	0.05959	0.00542	0.00409	0.00124	0.00327	0.00443	0.01938	0.00642
17	0.00866	0.01087	0.20227	0.26170	0.03999	0.04970	0.05604	0.03441	0.02556	0.03337	0.00831	0.01081	0.00649	0.00698	0.09092	0.00183	0.07625	0.00356	0.06735	0.00493
18	0.05138	0.02348	0.00735	0.00685	0.05601	0.00566	0.01398	0.05379	0.05443	0.10060	0.43668	0.02451	0.13514	0.00715	0.00439	0.00126	0.00261	0.00614	0.00402	0.00457
19	0.00496	0.00407	0.00437	0.00430	0.00555	0.00348	0.00322	0.00619	0.00967	0.01209	0.22935	0.03654	0.64291	0.00969	0.00474	0.00133	0.00200	0.00818	0.00389	0.00348
20	0.00925	0.00850	0.01492	0.06522	0.03574	0.00945	0.28911	0.01159	0.03194	0.07466	0.00922	0.01183	0.02647	0.00777	0.09767	0.00200	0.25777	0.00422	0.02774	0.00491
21	0.01072	0.86147	0.02102	0.00686	0.01029	0.01587	0.00686	0.01201	0.00815	0.00944	0.00558	0.00643	0.00515	0.00343	0.00257	0.00086	0.00429	0.00214	0.00172	0.00515
22	0.01733	0.08492	0.01038	0.00711	0.01024	0.00681	0.00598	0.01886	0.01117	0.76121	0.01489	0.01299	0.00949	0.00482	0.00390	0.00121	0.00349	0.00386	0.00467	0.00667
23	0.80721	0.00783	0.00618	0.00554	0.00800	0.00909	0.00453	0.01266	0.08176	0.01788	0.00657	0.00729	0.00507	0.00388	0.00263	0.00125	0.00311	0.00239	0.00263	0.00453
24	0.00857	0.00716	0.01179	0.74346	0.02544	0.00875	0.01058	0.01108	0.00827	0.08576	0.00786	0.01090	0.00576	0.00420	0.00433	0.00134	0.03441	0.00361	0.00207	0.00467
25	0.00997	0.00870	0.00973	0.00967	0.08569	0.00993	0.00689	0.02049	0.75207	0.01644	0.01552	0.01450	0.01170	0.00527	0.00407	0.00134	0.00332	0.00445	0.00389	0.00635

[dist]
# distance from previous block
# <min> <max>
0	2

[block]
# block no. 6 follows, 67 sequences, length 10
# corresponding to MSA columns:
# 348-357
name=unknown_G
#
# <colnr> <probs for GDERKNQSTAVLIFYWHMCP>
#	G	D	E	R	K	N	Q	S	T	A	V	L	I	F	Y	W	H	M	C	P
0	0.01382	0.22185	0.08993	0.00880	0.06759	0.00901	0.02566	0.01571	0.00994	0.42022	0.01110	0.01067	0.00767	0.00420	0.00358	0.00110	0.00400	0.00333	0.00340	0.06842
1	0.18169	0.00775	0.00885	0.00683	0.00993	0.00737	0.00560	0.13887	0.01100	0.36753	0.01093	0.01045	0.00747	0.00425	0.00349	0.00109	0.00341	0.00323	0.00375	0.20653
2	0.66856	0.00830	0.00668	0.00570	0.00836	0.05671	0.00462	0.01171	0.00737	0.01658	0.00592	0.00690	0.00470	0.00360	0.00264	0.00111	0.00332	0.00223	0.00244	0.17257
3	0.01531	0.01016	0.01125	0.00873	0.01184	0.01097	0.00718	0.59703	0.08857	0.17978	0.01140	0.01087	0.00789	0.00490	0.00402	0.00122	0.00411	0.00377	0.00420	0.00678
4	0.01144	0.00884	0.01033	0.14495	0.07489	0.11221	0.02104	0.01557	0.21183	0.19775	0.02616	0.06280	0.01072	0.00553	0.00441	0.00132	0.02956	0.04176	0.00336	0.00552
5	0.00915	0.00775	0.00836	0.00757	0.00958	0.00879	0.00586	0.01868	0.67079	0.01664	0.17236	0.01783	0.01714	0.00597	0.00421	0.00134	0.00293	0.00505	0.00414	0.00586
6	0.00538	0.00405	0.00498	0.00483	0.00583	0.00365	0.00359	0.00697	0.01053	0.01434	0.57409	0.09074	0.23828	0.00900	0.00476	0.00131	0.00196	0.00785	0.00419	0.00365
7	0.00491	0.00361	0.00461	0.00533	0.00577	0.00331	0.00363	0.00573	0.00812	0.01069	0.07495	0.68726	0.14347	0.01195	0.00504	0.00157	0.00226	0.01072	0.00377	0.00331
8	0.67413	0.00753	0.00673	0.00573	0.00836	0.00824	0.00472	0.01369	0.00797	0.21885	0.00810	0.00827	0.00571	0.00403	0.00286	0.00124	0.00318	0.00263	0.00309	0.00495
9	0.00497	0.00390	0.00450	0.00472	0.00565	0.00342	0.00340	0.00606	0.00913	0.01168	0.18965	0.28484	0.43283	0.01050	0.00485	0.00142	0.00209	0.00912	0.00386	0.00342

[dist]
# distance from previous block
# <min> <max>
0	1

[block]
# block no. 7 follows, 67 sequences, length 17
# corresponding to MSA columns:
# 359-363,375-386
name=unknown_H
#
# <colnr> <probs for GDERKNQSTAVLIFYWHMCP>
#	G	D	E	R	K	N	Q	S	T	A	V	L	I	F	Y	W	H	M	C	P
0	0.00800	0.00679	0.00797	0.00591	0.00916	0.00515	0.00466	0.00968	0.00826	0.01280	0.00852	0.08741	0.00786	0.00386	0.00317	0.00069	0.00291	0.00322	0.00250	0.80148
1	0.25078	0.00670	0.00793	0.00642	0.00900	0.00646	0.00520	0.01584	0.00952	0.52279	0.01207	0.01156	0.00809	0.00564	0.00493	0.10074	0.00334	0.00347	0.00393	0.00558
2	0.00911	0.00855	0.00889	0.00698	0.03384	0.09995	0.00531	0.01083	0.00868	0.01270	0.00704	0.00824	0.00586	0.00312	0.00307	0.00066	0.00350	0.00243	0.00233	0.75888
3	0.00892	0.00763	0.01238	0.09602	0.48096	0.00764	0.00942	0.01110	0.00966	0.05912	0.19759	0.01624	0.05593	0.00508	0.00419	0.00123	0.00395	0.00469	0.00277	0.00546
4	0.04729	0.10006	0.02727	0.04574	0.03953	0.01037	0.03610	0.36867	0.02769	0.20376	0.01082	0.04682	0.00806	0.00486	0.00387	0.00121	0.00418	0.00387	0.00364	0.00620
5	0.00617	0.00651	0.10980	0.00756	0.06516	0.00482	0.02090	0.00798	0.00935	0.02447	0.28850	0.29806	0.10671	0.00887	0.00469	0.00140	0.00289	0.01852	0.00356	0.00409
6	0.00531	0.00400	0.00491	0.00495	0.00589	0.00361	0.00367	0.00674	0.01001	0.01343	0.43625	0.17640	0.25959	0.00962	0.00483	0.00137	0.00208	0.03968	0.00407	0.00358
7	0.01242	0.53153	0.01734	0.00806	0.01112	0.22373	0.00719	0.12501	0.01044	0.01172	0.00629	0.00708	0.00538	0.00380	0.00304	0.00095	0.00505	0.00246	0.00212	0.00525
8	0.02820	0.00972	0.08020	0.07081	0.06615	0.00865	0.41550	0.03443	0.02773	0.02335	0.10240	0.04147	0.01145	0.00490	0.00454	0.00136	0.00533	0.05612	0.00256	0.00513
9	0.00537	0.00400	0.00484	0.00476	0.00564	0.00364	0.00343	0.00669	0.00978	0.01317	0.44939	0.11454	0.24402	0.10513	0.00654	0.00162	0.00220	0.00783	0.00394	0.00347
10	0.00998	0.00862	0.00907	0.00816	0.01043	0.00998	0.00635	0.02131	0.82679	0.01678	0.01632	0.01496	0.01224	0.00544	0.00408	0.00136	0.00317	0.00453	0.00408	0.00635
11	0.61448	0.00828	0.00861	0.07649	0.11557	0.00936	0.02470	0.07652	0.00824	0.01721	0.00634	0.00764	0.00492	0.00381	0.00297	0.00124	0.00368	0.00264	0.00247	0.00483
12	0.09166	0.21457	0.08763	0.01033	0.08350	0.06332	0.00856	0.07961	0.01987	0.01237	0.00632	0.00814	0.00545	0.00488	0.00652	0.00130	0.28581	0.00298	0.00207	0.00512
13	0.00511	0.00379	0.00537	0.00595	0.00632	0.00355	0.03483	0.00587	0.00765	0.01021	0.02108	0.78161	0.02513	0.05555	0.00589	0.00173	0.00258	0.01086	0.00359	0.00330
14	0.00983	0.00943	0.01610	0.05960	0.79983	0.00950	0.01226	0.01222	0.00908	0.01298	0.00753	0.00996	0.00631	0.00359	0.00397	0.00120	0.00479	0.00357	0.00198	0.00627
15	0.00506	0.00362	0.00486	0.00579	0.00610	0.00341	0.00403	0.00589	0.00785	0.01044	0.02201	0.76494	0.02614	0.01240	0.00517	0.00165	0.00248	0.10115	0.00372	0.00331
16	0.00518	0.00376	0.00520	0.00581	0.00619	0.00383	0.00408	0.00609	0.00723	0.00987	0.01824	0.56636	0.02097	0.04582	0.26763	0.00321	0.00501	0.00900	0.00319	0.00333

[dist]
# distance from previous block
# <min> <max>
0	0

# created by:
# /home/cegg/simao/soft/augustus-3.2.1/scripts/msa2prfl.pl ./align_prep/EOG092C5K7L.fa
