[name]
unknown

[dist]
# distance from previous block
# <min> <max>
0	255

[block]
# block no. 0 follows, 79 sequences, length 8
# corresponding to MSA columns:
# 305-312
name=unknown_A
#
# <colnr> <probs for GDERKNQSTAVLIFYWHMCP>
#	G	D	E	R	K	N	Q	S	T	A	V	L	I	F	Y	W	H	M	C	P
0	0.00708	0.00779	0.12787	0.06063	0.17462	0.00629	0.13391	0.03723	0.00797	0.04449	0.01344	0.23863	0.09170	0.00604	0.00394	0.00122	0.00375	0.02663	0.00245	0.00432
1	0.00495	0.03856	0.00484	0.00470	0.02872	0.00379	0.00326	0.00572	0.00717	0.00903	0.05716	0.11793	0.37031	0.24218	0.00788	0.00183	0.00253	0.08367	0.00288	0.00291
2	0.62766	0.00706	0.00641	0.00538	0.00774	0.00780	0.00443	0.11859	0.00809	0.16787	0.00698	0.00721	0.00498	0.00359	0.00260	0.00109	0.00292	0.00237	0.00275	0.00449
3	0.00430	0.00353	0.00381	0.00396	0.00498	0.00304	0.00296	0.00523	0.00793	0.00968	0.06339	0.15266	0.65601	0.00921	0.00425	0.00125	0.00190	0.05563	0.00329	0.00299
4	0.12517	0.06714	0.12953	0.03935	0.01076	0.00914	0.03567	0.09111	0.40395	0.01414	0.01000	0.01003	0.00753	0.00414	0.00351	0.00114	0.02654	0.00325	0.00277	0.00513
5	0.00746	0.00479	0.02591	0.00519	0.00644	0.00447	0.00412	0.00924	0.04273	0.17363	0.42336	0.02082	0.06970	0.06838	0.02031	0.00137	0.05486	0.00522	0.04811	0.00389
6	0.00925	0.11538	0.01282	0.11641	0.35915	0.03453	0.03298	0.07948	0.12539	0.03913	0.00779	0.00903	0.00615	0.00352	0.00334	0.00103	0.00400	0.00309	0.00219	0.03533
7	0.00846	0.00810	0.01383	0.13044	0.74743	0.00830	0.01068	0.01058	0.00790	0.01119	0.00658	0.00881	0.00547	0.00319	0.00349	0.00106	0.00425	0.00314	0.00172	0.00537

[dist]
# distance from previous block
# <min> <max>
1	2

[block]
# block no. 1 follows, 79 sequences, length 9
# corresponding to MSA columns:
# 315-323
name=unknown_B
#
# <colnr> <probs for GDERKNQSTAVLIFYWHMCP>
#	G	D	E	R	K	N	Q	S	T	A	V	L	I	F	Y	W	H	M	C	P
0	0.04020	0.17086	0.21926	0.00853	0.09001	0.00825	0.02189	0.10374	0.02552	0.05591	0.13328	0.08766	0.01103	0.00469	0.00339	0.00106	0.00365	0.00388	0.00248	0.00471
1	0.00976	0.60394	0.01541	0.00664	0.00917	0.16610	0.00605	0.01129	0.04757	0.00900	0.05413	0.00739	0.00648	0.00355	0.00289	0.00085	0.03123	0.00235	0.00180	0.00440
2	0.00504	0.00338	0.00387	0.00395	0.00397	0.00336	0.00225	0.00510	0.00529	0.00706	0.01196	0.11022	0.01389	0.78752	0.01656	0.00321	0.00328	0.00563	0.00225	0.00221
3	0.14342	0.00771	0.00848	0.00652	0.00923	0.00780	0.00535	0.32548	0.01100	0.15321	0.00808	0.00828	0.00585	0.00372	0.00333	0.00093	0.03093	0.00274	0.00300	0.25492
4	0.18563	0.10146	0.16062	0.00884	0.05297	0.07271	0.11188	0.08240	0.04686	0.11762	0.00765	0.00865	0.00574	0.00364	0.00318	0.00107	0.00416	0.01768	0.00236	0.00489
5	0.00612	0.00306	0.00459	0.00459	0.00459	0.00306	0.00306	0.00459	0.00459	0.00612	0.00612	0.01071	0.00612	0.01224	0.01377	0.89746	0.00306	0.00306	0.00153	0.00153
6	0.00503	0.00378	0.00566	0.00566	0.00629	0.00441	0.00441	0.00629	0.00566	0.00818	0.00944	0.01385	0.00881	0.02643	0.86217	0.00566	0.00944	0.00378	0.00189	0.00315
7	0.00887	0.00886	0.01591	0.01224	0.04644	0.00890	0.49648	0.09866	0.21345	0.01335	0.03343	0.01074	0.00755	0.00367	0.00393	0.00117	0.00477	0.00404	0.00246	0.00507
8	0.00856	0.08165	0.23802	0.01232	0.01610	0.09364	0.47600	0.01147	0.00816	0.01075	0.00658	0.00835	0.00497	0.00314	0.00370	0.00111	0.00562	0.00339	0.00169	0.00479

[dist]
# distance from previous block
# <min> <max>
0	17

[block]
# block no. 2 follows, 79 sequences, length 11
# corresponding to MSA columns:
# 341-351
name=unknown_C
#
# <colnr> <probs for GDERKNQSTAVLIFYWHMCP>
#	G	D	E	R	K	N	Q	S	T	A	V	L	I	F	Y	W	H	M	C	P
0	0.00521	0.00390	0.00487	0.00462	0.00554	0.00373	0.00346	0.00745	0.07910	0.01361	0.68492	0.06551	0.09004	0.00731	0.00413	0.00114	0.00178	0.00642	0.00378	0.00347
1	0.00452	0.00335	0.00422	0.00450	0.00511	0.00305	0.00319	0.00557	0.00815	0.01096	0.32482	0.41722	0.17385	0.00927	0.00432	0.00127	0.00186	0.00824	0.00349	0.00305
2	0.00640	0.00530	0.00627	0.02899	0.04449	0.00565	0.00463	0.01100	0.34079	0.01212	0.12793	0.26374	0.11388	0.00727	0.00398	0.00124	0.00242	0.00637	0.00336	0.00416
3	0.00855	0.00820	0.01399	0.09267	0.78448	0.00833	0.01073	0.01066	0.00794	0.01130	0.00660	0.00878	0.00551	0.00317	0.00349	0.00106	0.00423	0.00314	0.00173	0.00544
4	0.48959	0.00712	0.00699	0.00572	0.00817	0.00765	0.00472	0.15848	0.00904	0.25963	0.00813	0.00802	0.00562	0.00375	0.00281	0.00108	0.00301	0.00260	0.00305	0.00483
5	0.05234	0.19749	0.57582	0.00930	0.01377	0.00943	0.07370	0.01100	0.00738	0.01080	0.00602	0.00714	0.00451	0.00325	0.00312	0.00104	0.00484	0.00254	0.00155	0.00496
6	0.00533	0.00384	0.00522	0.00596	0.00667	0.00377	0.00498	0.00669	0.00779	0.01011	0.01967	0.17799	0.07434	0.03520	0.00514	0.00162	0.00296	0.61636	0.00322	0.00313
7	0.00439	0.00328	0.00409	0.00461	0.00514	0.00299	0.00324	0.00520	0.00740	0.00963	0.09253	0.55469	0.23042	0.01013	0.00440	0.00135	0.00201	0.04822	0.00332	0.00295
8	0.00893	0.44790	0.36210	0.00777	0.01166	0.01103	0.00888	0.04356	0.00779	0.05241	0.00607	0.00681	0.00477	0.00327	0.00282	0.00093	0.00433	0.00231	0.00172	0.00494
9	0.00505	0.00373	0.00543	0.00543	0.00598	0.00428	0.00412	0.00615	0.00560	0.00801	0.00965	0.01501	0.00932	0.13411	0.75519	0.00538	0.00868	0.00395	0.00192	0.00302
10	0.00591	0.00462	0.00642	0.00613	0.00694	0.00548	0.00482	0.04861	0.07139	0.00940	0.00946	0.01313	0.00855	0.02235	0.69843	0.00482	0.06421	0.00372	0.00208	0.00352

[dist]
# distance from previous block
# <min> <max>
1	2

[block]
# block no. 3 follows, 79 sequences, length 64
# corresponding to MSA columns:
# 354-396,404-424
name=unknown_D
#
# <colnr> <probs for GDERKNQSTAVLIFYWHMCP>
#	G	D	E	R	K	N	Q	S	T	A	V	L	I	F	Y	W	H	M	C	P
0	0.00456	0.00359	0.00412	0.00398	0.00500	0.00314	0.00299	0.00582	0.00896	0.01173	0.42691	0.03028	0.46013	0.00810	0.00416	0.00115	0.00173	0.00693	0.00356	0.00314
1	0.01249	0.00924	0.01073	0.04355	0.11961	0.02796	0.00714	0.58784	0.01409	0.08652	0.00843	0.00873	0.00605	0.00400	0.00348	0.00104	0.00389	0.00314	0.00320	0.03887
2	0.90103	0.00682	0.00518	0.00463	0.00682	0.00791	0.00382	0.01036	0.00600	0.01581	0.00491	0.00573	0.00382	0.00327	0.00218	0.00109	0.00273	0.00191	0.00218	0.00382
3	0.00624	0.00331	0.00341	0.00341	0.00405	0.00331	0.00239	0.00751	0.00688	0.01171	0.01141	0.01539	0.00989	0.20179	0.00597	0.00141	0.00204	0.00370	0.69314	0.00302
4	0.00506	0.00366	0.00510	0.00510	0.00554	0.00410	0.00370	0.00593	0.00550	0.00776	0.00996	0.01670	0.01005	0.28951	0.60079	0.00497	0.00758	0.00419	0.00196	0.00283
5	0.00427	0.00357	0.00372	0.00368	0.00483	0.00302	0.00276	0.00526	0.00829	0.01012	0.14164	0.03293	0.74641	0.00870	0.00416	0.00118	0.00177	0.00730	0.00335	0.00302
6	0.00456	0.00328	0.00441	0.00517	0.00553	0.00313	0.00371	0.00538	0.00699	0.00925	0.01944	0.66993	0.04863	0.01132	0.03634	0.00161	0.00252	0.15263	0.00322	0.00294
7	0.00724	0.00714	0.02874	0.57357	0.24878	0.00793	0.04084	0.00955	0.00736	0.00981	0.00664	0.02495	0.00530	0.00353	0.00355	0.00114	0.00457	0.00329	0.00165	0.00441
8	0.00731	0.00626	0.00731	0.00522	0.00835	0.00470	0.00418	0.00887	0.00731	0.01148	0.00626	0.00731	0.00522	0.00261	0.00261	0.00052	0.00261	0.00209	0.00209	0.89768
9	0.03993	0.00695	0.00740	0.02088	0.00818	0.12560	0.01453	0.06307	0.01610	0.21981	0.00975	0.09430	0.01784	0.00663	0.00616	0.20899	0.03806	0.00370	0.00269	0.08946
10	0.11349	0.00903	0.00962	0.00749	0.01020	0.00990	0.00617	0.63165	0.04361	0.11057	0.00885	0.00869	0.00621	0.00416	0.00338	0.00107	0.00362	0.00310	0.00347	0.00573
11	0.00536	0.00408	0.00623	0.00618	0.00695	0.00445	0.04182	0.00671	0.00640	0.00887	0.01190	0.02112	0.01196	0.07370	0.54341	0.00425	0.00726	0.22391	0.00226	0.00318
12	0.03973	0.00598	0.00681	0.04468	0.00779	0.04938	0.00463	0.12391	0.03832	0.11804	0.00986	0.01450	0.00894	0.27613	0.17748	0.00272	0.04566	0.00387	0.01773	0.00382
13	0.00437	0.00360	0.00386	0.00384	0.00495	0.00308	0.00291	0.00543	0.00838	0.01038	0.18031	0.03280	0.67406	0.00865	0.00419	0.00119	0.00182	0.03974	0.00338	0.00305
14	0.00612	0.00306	0.00459	0.00459	0.00459	0.00306	0.00306	0.00459	0.00459	0.00612	0.00612	0.01071	0.00612	0.01224	0.01377	0.89746	0.00306	0.00306	0.00153	0.00153
15	0.00952	0.02872	0.40103	0.01089	0.08864	0.21195	0.07169	0.10437	0.01954	0.01183	0.00652	0.00761	0.00490	0.00348	0.00339	0.00105	0.00524	0.00276	0.00186	0.00502
16	0.00848	0.00929	0.16451	0.02272	0.02839	0.05762	0.07760	0.08364	0.17480	0.06295	0.14416	0.01345	0.02644	0.03735	0.02006	0.00129	0.03006	0.00395	0.02856	0.00469
17	0.00421	0.00357	0.00363	0.00361	0.00479	0.00299	0.00271	0.00514	0.00813	0.00975	0.07681	0.03354	0.81147	0.00884	0.00416	0.00119	0.00178	0.00738	0.00330	0.00299
18	0.00786	0.00831	0.01642	0.27269	0.12094	0.00857	0.45193	0.01059	0.02180	0.01060	0.00686	0.00939	0.00525	0.00328	0.00409	0.00118	0.03024	0.00369	0.00174	0.00459
19	0.02037	0.07708	0.15044	0.09105	0.29790	0.12284	0.00921	0.08565	0.05567	0.04634	0.00713	0.00835	0.00553	0.00351	0.00333	0.00104	0.00449	0.00289	0.00205	0.00512
20	0.00616	0.00343	0.00480	0.00471	0.00487	0.00352	0.00318	0.03604	0.00521	0.00700	0.00720	0.01266	0.00730	0.13585	0.08770	0.65962	0.00370	0.00342	0.00172	0.00192
21	0.00513	0.00342	0.00384	0.00384	0.00384	0.00342	0.00214	0.00513	0.00513	0.00683	0.01110	0.02306	0.01281	0.87614	0.01794	0.00342	0.00342	0.00513	0.00214	0.00214
22	0.02625	0.30252	0.04764	0.00857	0.01129	0.20721	0.13975	0.05457	0.14871	0.01087	0.00719	0.00789	0.00576	0.00352	0.00310	0.00097	0.00459	0.00278	0.00208	0.00472
23	0.08443	0.10556	0.15148	0.04954	0.09881	0.05485	0.02284	0.07455	0.01695	0.22996	0.03774	0.01721	0.02145	0.01534	0.00347	0.00108	0.00387	0.00316	0.00265	0.00503
24	0.01657	0.04235	0.19443	0.27746	0.21962	0.01702	0.07986	0.01017	0.00734	0.01025	0.00621	0.00846	0.00489	0.00358	0.00423	0.00115	0.08708	0.00303	0.00161	0.00468
25	0.00417	0.00357	0.00357	0.00357	0.00476	0.00298	0.00268	0.00506	0.00803	0.00952	0.03570	0.03392	0.85272	0.00893	0.00417	0.00119	0.00179	0.00744	0.00327	0.00298
26	0.02053	0.08190	0.23515	0.07724	0.40549	0.00878	0.05278	0.01120	0.05300	0.01120	0.00680	0.00842	0.00538	0.00329	0.00338	0.00107	0.00445	0.00298	0.00175	0.00521
27	0.07895	0.05111	0.16065	0.04468	0.30296	0.03492	0.03587	0.05363	0.03483	0.09681	0.02656	0.03176	0.00669	0.00380	0.00353	0.00108	0.02163	0.00322	0.00221	0.00510
28	0.00494	0.00361	0.00490	0.02753	0.00650	0.00351	0.00441	0.00606	0.00747	0.00976	0.03042	0.42378	0.08515	0.01009	0.00460	0.00148	0.00260	0.35690	0.00322	0.00307
29	0.83107	0.04337	0.00600	0.00511	0.02387	0.02258	0.00410	0.01044	0.00615	0.01529	0.00495	0.00579	0.00389	0.00326	0.00223	0.00107	0.00286	0.00194	0.00214	0.00389
30	0.00498	0.00360	0.00464	0.00438	0.00523	0.00331	0.00329	0.00661	0.00986	0.01394	0.80759	0.02643	0.06525	0.00723	0.00413	0.00111	0.00167	0.00637	0.01708	0.00331
31	0.00806	0.06625	0.33411	0.06493	0.16748	0.01731	0.24820	0.03181	0.00801	0.01121	0.00656	0.00828	0.00497	0.00322	0.00355	0.00110	0.00509	0.00314	0.00168	0.00503
32	0.01037	0.07655	0.36337	0.00927	0.01258	0.44849	0.00934	0.01262	0.00873	0.00966	0.00578	0.00676	0.00451	0.00347	0.00319	0.00098	0.00570	0.00238	0.00166	0.00458
33	0.02120	0.00541	0.00623	0.00527	0.00707	0.00543	0.00420	0.08513	0.13445	0.28407	0.02664	0.01250	0.00928	0.00434	0.00309	0.00099	0.00246	0.00350	0.37400	0.00474
34	0.00776	0.00609	0.00715	0.00645	0.00773	0.04905	0.00509	0.23899	0.00898	0.01222	0.00937	0.04366	0.00835	0.01818	0.53439	0.00391	0.00734	0.00375	0.01758	0.00398
35	0.00513	0.00342	0.00384	0.00384	0.00384	0.00342	0.00214	0.00513	0.00513	0.00683	0.01110	0.02306	0.01281	0.87614	0.01794	0.00342	0.00342	0.00513	0.00214	0.00214
36	0.00731	0.00626	0.00731	0.00522	0.00835	0.00470	0.00418	0.00887	0.00731	0.01148	0.00626	0.00731	0.00522	0.00261	0.00261	0.00052	0.00261	0.00209	0.00209	0.89768
37	0.00525	0.00379	0.00516	0.00591	0.00661	0.00370	0.00490	0.00658	0.00779	0.01011	0.02005	0.23561	0.08023	0.00999	0.00473	0.00155	0.00286	0.57881	0.00325	0.00314
38	0.00497	0.00335	0.00389	0.00405	0.00408	0.00331	0.00235	0.00508	0.00543	0.00724	0.01268	0.18420	0.01480	0.71229	0.01539	0.00304	0.00316	0.00605	0.00235	0.00227
39	0.00472	0.00348	0.00441	0.00442	0.00516	0.00317	0.00322	0.00603	0.00897	0.01232	0.54871	0.21952	0.14618	0.00832	0.00424	0.00119	0.00177	0.00735	0.00366	0.00317
40	0.01251	0.00938	0.01009	0.00779	0.01057	0.01023	0.00639	0.70463	0.08431	0.02070	0.00876	0.00875	0.00632	0.00414	0.00345	0.00102	0.00368	0.00315	0.00341	0.08072
41	0.01085	0.01041	0.14109	0.01250	0.22288	0.02316	0.12078	0.29352	0.01113	0.10683	0.00804	0.00886	0.00584	0.00366	0.00357	0.00108	0.00438	0.00324	0.00260	0.00557
42	0.00935	0.13365	0.01229	0.26616	0.24164	0.04084	0.00842	0.08546	0.07961	0.07786	0.00761	0.00900	0.00585	0.00359	0.00333	0.00105	0.00412	0.00303	0.00218	0.00495
43	0.00895	0.02301	0.00759	0.02366	0.00821	0.11387	0.01638	0.20517	0.01117	0.07469	0.38808	0.01790	0.01886	0.03774	0.00432	0.00117	0.00314	0.02847	0.00337	0.00425
44	0.00429	0.00309	0.00407	0.00485	0.00510	0.00287	0.00325	0.00491	0.00680	0.00902	0.02012	0.83815	0.05855	0.01095	0.00448	0.00142	0.00203	0.00991	0.00327	0.00287
45	0.00764	0.05941	0.66971	0.01070	0.04853	0.04702	0.08639	0.01126	0.00764	0.01093	0.00630	0.00754	0.00459	0.00330	0.00337	0.00109	0.00521	0.00271	0.00154	0.00510
46	0.00796	0.00762	0.01312	0.29100	0.53179	0.00810	0.04313	0.01016	0.00773	0.01068	0.00688	0.00986	0.00572	0.00345	0.00357	0.00111	0.00439	0.02706	0.00173	0.00495
47	0.00707	0.01823	0.85788	0.01005	0.01525	0.00818	0.01302	0.01116	0.00744	0.01116	0.00632	0.00744	0.00446	0.00335	0.00335	0.00112	0.00521	0.00260	0.00149	0.00521
48	0.00893	0.00865	0.04517	0.02063	0.79174	0.00825	0.01069	0.01107	0.00808	0.04299	0.00689	0.00880	0.00566	0.00319	0.00349	0.00105	0.00418	0.00314	0.00183	0.00558
49	0.00963	0.70320	0.06942	0.00719	0.04552	0.05514	0.00674	0.05128	0.00781	0.00930	0.00526	0.00607	0.00464	0.00313	0.00249	0.00081	0.00401	0.00206	0.00163	0.00466
50	0.00771	0.00771	0.01079	0.00925	0.00925	0.01079	0.00771	0.00848	0.00540	0.00848	0.00463	0.00771	0.00463	0.00617	0.01157	0.00154	0.86969	0.00308	0.00154	0.00386
51	0.00448	0.00354	0.00403	0.00399	0.00497	0.00310	0.00296	0.00563	0.00865	0.01118	0.33544	0.09755	0.48504	0.00846	0.00419	0.00118	0.00176	0.00725	0.00350	0.00310
52	0.00736	0.04048	0.80463	0.00987	0.01493	0.00844	0.01261	0.04178	0.00777	0.01149	0.00637	0.00743	0.00452	0.00337	0.00333	0.00110	0.00512	0.00261	0.00156	0.00522
53	0.73273	0.04046	0.00640	0.00536	0.00752	0.13842	0.00435	0.01093	0.00665	0.01444	0.00499	0.00582	0.00395	0.00332	0.00234	0.00105	0.00332	0.00196	0.00210	0.00388
54	0.00513	0.00342	0.00384	0.00384	0.00384	0.00342	0.00214	0.00513	0.00513	0.00683	0.01110	0.02306	0.01281	0.87614	0.01794	0.00342	0.00342	0.00513	0.00214	0.00214
55	0.01535	0.00699	0.00860	0.00665	0.00936	0.03986	0.00547	0.13847	0.01104	0.70035	0.01277	0.01125	0.00816	0.00431	0.00353	0.00108	0.00326	0.00344	0.00414	0.00592
56	0.00883	0.00622	0.00746	0.00541	0.00847	0.00478	0.00436	0.01036	0.00780	0.16243	0.00763	0.00815	0.00585	0.00292	0.00278	0.00062	0.00268	0.00235	0.00249	0.73842
57	0.00707	0.01823	0.85788	0.01005	0.01525	0.00818	0.01302	0.01116	0.00744	0.01116	0.00632	0.00744	0.00446	0.00335	0.00335	0.00112	0.00521	0.00260	0.00149	0.00521
58	0.00476	0.00343	0.00451	0.00459	0.00521	0.00317	0.00331	0.00608	0.00891	0.01244	0.57827	0.30517	0.02998	0.00847	0.00427	0.00121	0.00179	0.00757	0.00368	0.00317
59	0.01581	0.00600	0.00818	0.00627	0.00900	0.00518	0.00518	0.01718	0.01009	0.85660	0.01390	0.01200	0.00872	0.00436	0.00354	0.00109	0.00300	0.00354	0.00436	0.00600
60	0.00612	0.00306	0.00459	0.00459	0.00459	0.00306	0.00306	0.00459	0.00459	0.00612	0.00612	0.01071	0.00612	0.01224	0.01377	0.89746	0.00306	0.00306	0.00153	0.00153
61	0.00483	0.00360	0.00449	0.00427	0.00517	0.00326	0.00320	0.00635	0.00961	0.01326	0.69763	0.02776	0.18846	0.00753	0.00416	0.00112	0.00169	0.00658	0.00376	0.00326
62	0.00872	0.00785	0.03026	0.00725	0.00932	0.00875	0.00577	0.01853	0.82575	0.01465	0.01413	0.01300	0.01059	0.00474	0.00358	0.00119	0.00285	0.00395	0.00353	0.00557
63	0.00802	0.00836	0.06233	0.22865	0.51875	0.00846	0.01039	0.01016	0.00750	0.01058	0.00633	0.00872	0.00521	0.00354	0.00427	0.00113	0.08785	0.00310	0.00167	0.00498

[dist]
# distance from previous block
# <min> <max>
0	4

[block]
# block no. 4 follows, 79 sequences, length 6
# corresponding to MSA columns:
# 429-434
name=unknown_E
#
# <colnr> <probs for GDERKNQSTAVLIFYWHMCP>
#	G	D	E	R	K	N	Q	S	T	A	V	L	I	F	Y	W	H	M	C	P
0	0.11192	0.00551	0.00659	0.00534	0.00747	0.00523	0.00434	0.05362	0.00919	0.48597	0.01196	0.01145	0.00813	0.00416	0.00309	0.00101	0.00263	0.00327	0.25413	0.00499
1	0.90103	0.00682	0.00518	0.00463	0.00682	0.00791	0.00382	0.01036	0.00600	0.01581	0.00491	0.00573	0.00382	0.00327	0.00218	0.00109	0.00273	0.00191	0.00218	0.00382
2	0.04615	0.19843	0.10760	0.01005	0.11284	0.17540	0.07260	0.18677	0.03612	0.01273	0.00659	0.00749	0.00519	0.00350	0.00316	0.00098	0.00460	0.00271	0.00213	0.00497
3	0.01107	0.01090	0.08746	0.01165	0.19807	0.11433	0.05071	0.36127	0.09193	0.01592	0.00799	0.00867	0.00601	0.00383	0.00350	0.00106	0.00437	0.00313	0.00266	0.00550
4	0.00877	0.40140	0.18349	0.00831	0.09106	0.05770	0.00753	0.01066	0.00782	0.03976	0.08058	0.00852	0.00735	0.00352	0.00289	0.00089	0.00394	0.00264	0.00190	0.07129
5	0.00434	0.00317	0.00408	0.00472	0.00509	0.00291	0.00321	0.00507	0.00715	0.00947	0.08893	0.71401	0.11387	0.01050	0.00443	0.00138	0.00199	0.00944	0.00332	0.00291

[dist]
# distance from previous block
# <min> <max>
0	1

[block]
# block no. 5 follows, 79 sequences, length 15
# corresponding to MSA columns:
# 436-441,449-457
name=unknown_F
#
# <colnr> <probs for GDERKNQSTAVLIFYWHMCP>
#	G	D	E	R	K	N	Q	S	T	A	V	L	I	F	Y	W	H	M	C	P
0	0.00792	0.04148	0.37757	0.04560	0.17970	0.04280	0.00964	0.01068	0.00828	0.06813	0.16307	0.01146	0.01030	0.00409	0.00350	0.00108	0.00418	0.00345	0.00219	0.00487
1	0.00741	0.00660	0.00854	0.07863	0.07473	0.00597	0.00558	0.00899	0.00711	0.01092	0.00610	0.00764	0.00513	0.00315	0.00383	0.00074	0.10699	0.00238	0.00195	0.64762
2	0.00458	0.00354	0.00417	0.00410	0.00504	0.00314	0.00304	0.00582	0.00888	0.01173	0.43372	0.10000	0.38302	0.00826	0.00419	0.00117	0.00175	0.00713	0.00357	0.00314
3	0.01581	0.00600	0.00818	0.00627	0.00900	0.00518	0.00518	0.01718	0.01009	0.85660	0.01390	0.01200	0.00872	0.00436	0.00354	0.00109	0.00300	0.00354	0.00436	0.00600
4	0.00449	0.00358	0.00402	0.00391	0.00496	0.00311	0.00294	0.00569	0.00881	0.01136	0.36101	0.03089	0.52628	0.00824	0.00416	0.00116	0.00174	0.00701	0.00351	0.00311
5	0.00666	0.00626	0.01057	0.86767	0.02427	0.00783	0.00979	0.00900	0.00705	0.00900	0.00626	0.00940	0.00470	0.00352	0.00352	0.00117	0.00470	0.00313	0.00157	0.00392
6	0.00731	0.00626	0.00731	0.00522	0.00835	0.00470	0.00418	0.00887	0.00731	0.01148	0.00626	0.00731	0.00522	0.00261	0.00261	0.00052	0.00261	0.00209	0.00209	0.89768
7	0.00877	0.00757	0.00797	0.00717	0.00916	0.00877	0.00558	0.01873	0.84779	0.01474	0.01434	0.01315	0.01076	0.00478	0.00359	0.00120	0.00279	0.00398	0.00359	0.00558
8	0.01340	0.00987	0.01058	0.00811	0.01093	0.01093	0.00670	0.84240	0.01657	0.02221	0.00846	0.00846	0.00599	0.00423	0.00353	0.00106	0.00388	0.00317	0.00353	0.00599
9	0.00707	0.01823	0.85788	0.01005	0.01525	0.00818	0.01302	0.01116	0.00744	0.01116	0.00632	0.00744	0.00446	0.00335	0.00335	0.00112	0.00521	0.00260	0.00149	0.00521
10	0.00992	0.00699	0.00779	0.00681	0.00887	0.00769	0.00535	0.01761	0.62495	0.18224	0.07040	0.01380	0.01186	0.00486	0.00362	0.00117	0.00276	0.00406	0.00376	0.00551
11	0.00708	0.00409	0.00525	0.00468	0.00595	0.00365	0.00361	0.00857	0.00972	0.18516	0.56454	0.02449	0.14557	0.00687	0.00403	0.00112	0.00195	0.00595	0.00389	0.00382
12	0.00550	0.00396	0.00546	0.00623	0.00702	0.00392	0.00536	0.00702	0.00802	0.01039	0.01963	0.09532	0.06528	0.00978	0.00481	0.00159	0.00309	0.73118	0.00325	0.00321
13	0.00503	0.00378	0.00566	0.00566	0.00629	0.00441	0.00441	0.00629	0.00566	0.00818	0.00944	0.01385	0.00881	0.02643	0.86217	0.00566	0.00944	0.00378	0.00189	0.00315
14	0.03757	0.00658	0.00751	0.00544	0.00852	0.00532	0.00437	0.07819	0.00803	0.01252	0.00640	0.00735	0.00524	0.00277	0.00267	0.00059	0.00272	0.00217	0.00221	0.79383

[dist]
# distance from previous block
# <min> <max>
0	8

[block]
# block no. 6 follows, 79 sequences, length 121
# corresponding to MSA columns:
# 466-586
name=unknown_G
#
# <colnr> <probs for GDERKNQSTAVLIFYWHMCP>
#	G	D	E	R	K	N	Q	S	T	A	V	L	I	F	Y	W	H	M	C	P
0	0.00625	0.01358	0.00622	0.00579	0.00668	0.00509	0.00450	0.08831	0.00685	0.03630	0.00956	0.01385	0.00878	0.08562	0.68019	0.00485	0.00819	0.00379	0.00214	0.00346
1	0.00506	0.00369	0.00522	0.00522	0.00570	0.00417	0.00386	0.00601	0.00553	0.00786	0.00984	0.01607	0.00978	0.23188	0.65805	0.00512	0.00798	0.00410	0.00195	0.00290
2	0.02463	0.00717	0.00900	0.00720	0.03270	0.00693	0.00575	0.25178	0.01183	0.58675	0.01206	0.01083	0.00781	0.00428	0.00352	0.00108	0.00328	0.00341	0.00403	0.00596
3	0.00861	0.00832	0.01378	0.09997	0.74767	0.02410	0.01056	0.01084	0.02150	0.01128	0.00670	0.00881	0.00556	0.00321	0.00349	0.00106	0.00425	0.00314	0.00176	0.00540
4	0.00632	0.00371	0.02102	0.00587	0.06330	0.00352	0.00378	0.00514	0.00488	0.00659	0.00616	0.01052	0.00605	0.01145	0.01287	0.81917	0.00318	0.00306	0.00154	0.00188
5	0.00423	0.00353	0.00368	0.00374	0.00482	0.00299	0.00277	0.00514	0.00804	0.00976	0.08454	0.10385	0.73283	0.00900	0.00419	0.00121	0.00180	0.00759	0.00331	0.00299
6	0.00773	0.00745	0.01290	0.51866	0.08083	0.01733	0.19255	0.07508	0.00812	0.01066	0.00678	0.00964	0.00523	0.02736	0.00405	0.00122	0.00485	0.00341	0.00180	0.00434
7	0.01332	0.00983	0.01053	0.00809	0.01090	0.01089	0.00668	0.82780	0.03131	0.02208	0.00857	0.00854	0.00608	0.00424	0.00353	0.00106	0.00386	0.00319	0.00353	0.00599
8	0.00719	0.00694	0.00979	0.00855	0.00868	0.00955	0.00707	0.00805	0.00545	0.00842	0.00557	0.00891	0.00544	0.01012	0.17761	0.00235	0.70176	0.00322	0.00161	0.00372
9	0.00666	0.00626	0.01057	0.86767	0.02427	0.00783	0.00979	0.00900	0.00705	0.00900	0.00626	0.00940	0.00470	0.00352	0.00352	0.00117	0.00470	0.00313	0.00157	0.00392
10	0.00935	0.85105	0.04502	0.00616	0.00924	0.01376	0.00625	0.01057	0.00717	0.00838	0.00494	0.00571	0.00452	0.00303	0.00230	0.00077	0.00381	0.00191	0.00151	0.00454
11	0.00430	0.00307	0.00409	0.00489	0.00510	0.00287	0.00326	0.00491	0.00673	0.00897	0.01932	0.86287	0.02317	0.02220	0.00467	0.00146	0.00206	0.00996	0.00326	0.00285
12	0.00731	0.00626	0.00731	0.00522	0.00835	0.00470	0.00418	0.00887	0.00731	0.01148	0.00626	0.00731	0.00522	0.00261	0.00261	0.00052	0.00261	0.00209	0.00209	0.89768
13	0.00435	0.00310	0.00407	0.00482	0.00503	0.00290	0.00319	0.00492	0.00666	0.00886	0.01907	0.80956	0.03174	0.06699	0.00536	0.00156	0.00213	0.00967	0.00320	0.00282
14	0.00807	0.00771	0.01313	0.28865	0.59223	0.00820	0.01049	0.01024	0.00772	0.01072	0.00651	0.00894	0.00530	0.00326	0.00350	0.00109	0.00435	0.00314	0.00169	0.00506
15	0.00439	0.00315	0.00420	0.00494	0.00522	0.00296	0.00338	0.00511	0.00696	0.00930	0.05858	0.77251	0.03589	0.01103	0.01874	0.00149	0.00220	0.04375	0.00328	0.00291
16	0.01317	0.01680	0.00999	0.00908	0.01090	0.86199	0.00681	0.01407	0.00999	0.00863	0.00545	0.00636	0.00454	0.00363	0.00318	0.00091	0.00636	0.00227	0.00182	0.00409
17	0.00832	0.00951	0.02080	0.01485	0.01842	0.00891	0.84135	0.01129	0.00832	0.01129	0.00713	0.00951	0.00535	0.00297	0.00416	0.00119	0.00594	0.00416	0.00178	0.00475
18	0.00612	0.00306	0.00459	0.00459	0.00459	0.00306	0.00306	0.00459	0.00459	0.00612	0.00612	0.01071	0.00612	0.01224	0.01377	0.89746	0.00306	0.00306	0.00153	0.00153
19	0.01147	0.01331	0.00830	0.00762	0.00919	0.63620	0.00572	0.01271	0.02327	0.00984	0.00709	0.00814	0.00575	0.00377	0.00301	0.00089	0.00513	0.00255	0.22213	0.00391
20	0.02386	0.01158	0.01032	0.00830	0.01084	0.22989	0.00668	0.60676	0.02739	0.01853	0.00773	0.00796	0.00567	0.00407	0.00342	0.00102	0.00449	0.00294	0.00307	0.00547
21	0.00495	0.00360	0.00466	0.00439	0.00524	0.00331	0.00330	0.00658	0.00989	0.01392	0.81395	0.02668	0.07173	0.00729	0.00416	0.00111	0.00167	0.00642	0.00385	0.00331
22	0.00486	0.00350	0.00460	0.00452	0.00524	0.00324	0.00332	0.00633	0.00938	0.01319	0.69895	0.18237	0.03142	0.00791	0.00422	0.00117	0.00173	0.00704	0.00377	0.00324
23	0.00666	0.00626	0.01057	0.86767	0.02427	0.00783	0.00979	0.00900	0.00705	0.00900	0.00626	0.00940	0.00470	0.00352	0.00352	0.00117	0.00470	0.00313	0.00157	0.00392
24	0.00612	0.00306	0.00459	0.00459	0.00459	0.00306	0.00306	0.00459	0.00459	0.00612	0.00612	0.01071	0.00612	0.01224	0.01377	0.89746	0.00306	0.00306	0.00153	0.00153
25	0.00707	0.01823	0.85788	0.01005	0.01525	0.00818	0.01302	0.01116	0.00744	0.01116	0.00632	0.00744	0.00446	0.00335	0.00335	0.00112	0.00521	0.00260	0.00149	0.00521
26	0.00702	0.00397	0.00481	0.00449	0.00510	0.00382	0.00295	0.00772	0.02955	0.15667	0.08279	0.08321	0.01452	0.56366	0.01289	0.00261	0.00308	0.00528	0.00279	0.00306
27	0.00860	0.00824	0.01387	0.06064	0.77011	0.00842	0.01054	0.01089	0.03086	0.01141	0.00677	0.00885	0.00566	0.00328	0.00370	0.00107	0.02670	0.00316	0.00178	0.00546
28	0.07466	0.01025	0.01214	0.00989	0.01141	0.20844	0.17592	0.05998	0.02716	0.01057	0.00580	0.00778	0.00492	0.00457	0.00677	0.00125	0.35931	0.00305	0.00187	0.00425
29	0.00818	0.00672	0.00758	0.00597	0.00867	0.00618	0.00472	0.01276	0.30940	0.04772	0.00948	0.00960	0.00736	0.00346	0.00300	0.00079	0.00269	0.00283	0.00272	0.54017
30	0.00766	0.00773	0.01436	0.01105	0.01358	0.00764	0.46778	0.01177	0.19463	0.01180	0.02929	0.10843	0.01051	0.00498	0.00414	0.00126	0.00447	0.08183	0.00253	0.00456
31	0.00731	0.00626	0.00731	0.00522	0.00835	0.00470	0.00418	0.00887	0.00731	0.01148	0.00626	0.00731	0.00522	0.00261	0.00261	0.00052	0.00261	0.00209	0.00209	0.89768
32	0.00509	0.00340	0.00386	0.00389	0.00390	0.00339	0.00219	0.00512	0.00520	0.00694	0.01150	0.06301	0.01331	0.83552	0.01731	0.00332	0.00335	0.00536	0.00219	0.00217
33	0.00428	0.00321	0.00398	0.00456	0.00503	0.00290	0.00312	0.00499	0.00716	0.00927	0.04626	0.64041	0.23122	0.01041	0.00441	0.00136	0.00197	0.00927	0.00329	0.00290
34	0.00666	0.00626	0.01057	0.86767	0.02427	0.00783	0.00979	0.00900	0.00705	0.00900	0.00626	0.00940	0.00470	0.00352	0.00352	0.00117	0.00470	0.00313	0.00157	0.00392
35	0.13270	0.00757	0.00796	0.00683	0.00906	0.00847	0.00544	0.12799	0.51136	0.12576	0.01220	0.01135	0.00890	0.00445	0.00338	0.00115	0.00295	0.00353	0.00349	0.00545
36	0.00681	0.00642	0.01084	0.80593	0.08484	0.00787	0.00986	0.00914	0.00712	0.00919	0.00629	0.00935	0.00476	0.00350	0.00352	0.00117	0.00466	0.00313	0.00158	0.00404
37	0.00707	0.01823	0.85788	0.01005	0.01525	0.00818	0.01302	0.01116	0.00744	0.01116	0.00632	0.00744	0.00446	0.00335	0.00335	0.00112	0.00521	0.00260	0.00149	0.00521
38	0.00508	0.00342	0.00383	0.00383	0.00389	0.00340	0.00216	0.00512	0.00526	0.00696	0.01226	0.02357	0.05225	0.83542	0.01729	0.00331	0.00334	0.00523	0.00219	0.00217
39	0.00439	0.00336	0.01717	0.00505	0.00534	0.00305	0.00350	0.00507	0.00676	0.00904	0.01905	0.84085	0.02277	0.01085	0.00457	0.00143	0.01207	0.01953	0.00322	0.00291
40	0.00612	0.00306	0.00459	0.00459	0.00459	0.00306	0.00306	0.00459	0.00459	0.00612	0.00612	0.01071	0.00612	0.01224	0.01377	0.89746	0.00306	0.00306	0.00153	0.00153
41	0.00832	0.00951	0.02080	0.01485	0.01842	0.00891	0.84135	0.01129	0.00832	0.01129	0.00713	0.00951	0.00535	0.00297	0.00416	0.00119	0.00594	0.00416	0.00178	0.00475
42	0.00707	0.01823	0.85788	0.01005	0.01525	0.00818	0.01302	0.01116	0.00744	0.01116	0.00632	0.00744	0.00446	0.00335	0.00335	0.00112	0.00521	0.00260	0.00149	0.00521
43	0.90103	0.00682	0.00518	0.00463	0.00682	0.00791	0.00382	0.01036	0.00600	0.01581	0.00491	0.00573	0.00382	0.00327	0.00218	0.00109	0.00273	0.00191	0.00218	0.00382
44	0.00771	0.00771	0.01079	0.00925	0.00925	0.01079	0.00771	0.00848	0.00540	0.00848	0.00463	0.00771	0.00463	0.00617	0.01157	0.00154	0.86969	0.00308	0.00154	0.00386
45	0.00888	0.00763	0.00803	0.00720	0.00921	0.00882	0.00561	0.03911	0.82721	0.01493	0.01420	0.01303	0.01064	0.00477	0.00358	0.00119	0.00282	0.00396	0.00358	0.00559
46	0.01530	0.00589	0.00802	0.00618	0.00882	0.00509	0.00509	0.01668	0.01008	0.81696	0.05335	0.01267	0.00988	0.00450	0.00357	0.00109	0.00294	0.00368	0.00434	0.00587
47	0.00707	0.00657	0.00898	0.00785	0.00794	0.00880	0.00630	0.02031	0.00553	0.00832	0.00638	0.01136	0.00665	0.18942	0.07278	0.00222	0.61476	0.00356	0.00172	0.00348
48	0.00465	0.00332	0.00444	0.00497	0.00537	0.00313	0.01252	0.00538	0.00688	0.02273	0.03975	0.65928	0.07993	0.05138	0.05573	0.00174	0.00261	0.03009	0.00315	0.00295
49	0.01864	0.06987	0.03254	0.00778	0.03623	0.02629	0.00614	0.09233	0.61589	0.01450	0.01215	0.01154	0.00919	0.00451	0.00366	0.00115	0.02531	0.00362	0.00322	0.00544
50	0.00794	0.02682	0.28059	0.08282	0.39700	0.00802	0.02669	0.01789	0.00775	0.02871	0.01575	0.03990	0.00622	0.01277	0.01390	0.00118	0.01587	0.00328	0.00180	0.00510
51	0.00847	0.08146	0.51919	0.01111	0.12498	0.00838	0.06655	0.02004	0.00790	0.09338	0.00707	0.00806	0.00512	0.00336	0.00334	0.00107	0.00474	0.00281	0.00185	0.02111
52	0.09499	0.06243	0.45675	0.00825	0.01187	0.00762	0.03494	0.06016	0.00792	0.06753	0.00886	0.14672	0.00783	0.00467	0.00341	0.00114	0.00417	0.00383	0.00216	0.00474
53	0.01575	0.00610	0.00824	0.00632	0.00905	0.00533	0.00522	0.03865	0.01026	0.83488	0.01376	0.01190	0.00865	0.00436	0.00354	0.00109	0.00302	0.00353	0.00434	0.00600
54	0.20602	0.30211	0.12486	0.03633	0.03010	0.01861	0.02992	0.06717	0.03824	0.06692	0.02771	0.00792	0.01465	0.00357	0.00290	0.00099	0.01262	0.00258	0.00215	0.00465
55	0.00797	0.04477	0.41350	0.01183	0.20175	0.00801	0.04779	0.01968	0.07860	0.04743	0.05711	0.02114	0.01714	0.00383	0.00348	0.00110	0.00436	0.00330	0.00206	0.00515
56	0.00709	0.01807	0.84262	0.01013	0.01531	0.00820	0.02812	0.01116	0.00746	0.01116	0.00634	0.00748	0.00448	0.00334	0.00336	0.00112	0.00522	0.00263	0.00149	0.00520
57	0.00511	0.00373	0.00481	0.00452	0.00539	0.00350	0.00340	0.00703	0.03648	0.01415	0.82579	0.02591	0.03254	0.00713	0.00414	0.00111	0.00170	0.00630	0.00387	0.00340
58	0.00516	0.02343	0.02339	0.10535	0.02075	0.00429	0.00475	0.00638	0.02433	0.00924	0.01615	0.53456	0.01845	0.05470	0.02031	0.00157	0.01225	0.10887	0.00288	0.00319
59	0.00847	0.10057	0.18439	0.01254	0.04596	0.01780	0.48070	0.01126	0.00796	0.04275	0.00690	0.00872	0.00523	0.00353	0.01477	0.00119	0.03716	0.00349	0.00179	0.00484
60	0.00419	0.00358	0.00360	0.00361	0.00479	0.00299	0.00272	0.00509	0.00803	0.00953	0.03547	0.03400	0.84151	0.00894	0.00417	0.00120	0.00180	0.01852	0.00327	0.00298
61	0.00429	0.00307	0.00409	0.00491	0.00511	0.00286	0.00327	0.00491	0.00675	0.00900	0.01943	0.87384	0.02331	0.01104	0.00450	0.00143	0.00204	0.01002	0.00327	0.00286
62	0.04533	0.60366	0.20094	0.00715	0.01056	0.03328	0.02507	0.01075	0.00725	0.00930	0.00527	0.00617	0.00450	0.00316	0.00268	0.00087	0.01578	0.00212	0.00154	0.00463
63	0.00505	0.00380	0.00494	0.00528	0.00545	0.01399	0.00366	0.00547	0.00620	0.00838	0.01505	0.54596	0.01767	0.13671	0.04705	0.06728	0.09487	0.00769	0.00272	0.00279
64	0.00503	0.00378	0.00566	0.00566	0.00629	0.00441	0.00441	0.00629	0.00566	0.00818	0.00944	0.01385	0.00881	0.02643	0.86217	0.00566	0.00944	0.00378	0.00189	0.00315
65	0.01156	0.00792	0.11940	0.20028	0.03428	0.00668	0.01989	0.06482	0.02445	0.41677	0.01039	0.01059	0.00701	0.00503	0.04384	0.00133	0.00409	0.00333	0.00308	0.00526
66	0.30425	0.04924	0.01116	0.17528	0.11428	0.01990	0.14554	0.03346	0.00746	0.06515	0.00640	0.00797	0.00489	0.00345	0.00343	0.00112	0.03766	0.00285	0.00205	0.00444
67	0.00479	0.00361	0.00443	0.00428	0.00522	0.00326	0.00325	0.00623	0.00934	0.01265	0.58095	0.02912	0.26567	0.00781	0.00419	0.00116	0.00177	0.04537	0.00368	0.00322
68	0.00503	0.00378	0.00566	0.00566	0.00629	0.00441	0.00441	0.00629	0.00566	0.00818	0.00944	0.01385	0.00881	0.02643	0.86217	0.00566	0.00944	0.00378	0.00189	0.00315
69	0.00752	0.01505	0.59734	0.07409	0.06613	0.00827	0.06679	0.04274	0.05268	0.01169	0.02096	0.00846	0.00548	0.00350	0.00346	0.00112	0.00492	0.00294	0.00176	0.00512
70	0.00796	0.20576	0.51618	0.01005	0.04010	0.03295	0.10795	0.01108	0.00755	0.01046	0.00607	0.00730	0.00462	0.00327	0.00330	0.00104	0.01521	0.00264	0.00154	0.00497
71	0.00437	0.00311	0.00413	0.00488	0.00514	0.00291	0.00330	0.00496	0.00676	0.00897	0.01965	0.79356	0.05723	0.01112	0.01383	0.02365	0.00216	0.02422	0.00321	0.00284
72	0.00429	0.00307	0.00409	0.00491	0.00511	0.00286	0.00327	0.00491	0.00675	0.00900	0.01943	0.87384	0.02331	0.01104	0.00450	0.00143	0.00204	0.01002	0.00327	0.00286
73	0.01581	0.00600	0.00818	0.00627	0.00900	0.00518	0.00518	0.01718	0.01009	0.85660	0.01390	0.01200	0.00872	0.00436	0.00354	0.00109	0.00300	0.00354	0.00436	0.00600
74	0.00498	0.00358	0.00464	0.00441	0.00523	0.00330	0.00329	0.00660	0.00980	0.01388	0.79707	0.04960	0.04933	0.00729	0.00414	0.00111	0.00168	0.00644	0.02032	0.00330
75	0.00731	0.00626	0.00731	0.00522	0.00835	0.00470	0.00418	0.00887	0.00731	0.01148	0.00626	0.00731	0.00522	0.00261	0.00261	0.00052	0.00261	0.00209	0.00209	0.89768
76	0.00504	0.00366	0.00476	0.00447	0.00532	0.00341	0.00336	0.00683	0.02246	0.01414	0.83981	0.02613	0.03292	0.00717	0.00415	0.00111	0.00168	0.00634	0.00388	0.00336
77	0.00467	0.00364	0.00425	0.00409	0.00509	0.00324	0.00307	0.00611	0.02005	0.01211	0.48134	0.02950	0.39426	0.00793	0.00415	0.00115	0.00173	0.00681	0.00361	0.00320
78	0.00795	0.00763	0.02192	0.19651	0.46022	0.00749	0.03697	0.01004	0.00767	0.01097	0.00649	0.00857	0.00530	0.00310	0.00333	0.00097	0.00403	0.00294	0.00178	0.19613
79	0.90103	0.00682	0.00518	0.00463	0.00682	0.00791	0.00382	0.01036	0.00600	0.01581	0.00491	0.00573	0.00382	0.00327	0.00218	0.00109	0.00273	0.00191	0.00218	0.00382
80	0.00677	0.00622	0.00993	0.24851	0.23071	0.00657	0.06224	0.00924	0.06645	0.01093	0.11330	0.05627	0.12530	0.00517	0.00381	0.00116	0.00359	0.02717	0.00240	0.00425
81	0.00872	0.00837	0.01431	0.02163	0.85415	0.00837	0.01082	0.01082	0.00802	0.01151	0.00663	0.00872	0.00558	0.00314	0.00349	0.00105	0.00419	0.00314	0.00174	0.00558
82	0.01039	0.00838	0.00888	0.00750	0.00978	0.00952	0.00597	0.30749	0.55638	0.01736	0.01228	0.01151	0.00909	0.00459	0.00356	0.00115	0.00317	0.00370	0.00356	0.00572
83	0.00739	0.07206	0.68892	0.01053	0.08194	0.00838	0.02042	0.01100	0.00759	0.02011	0.03561	0.00815	0.00561	0.00345	0.00333	0.00109	0.00490	0.00276	0.00163	0.00513
84	0.01063	0.01160	0.01217	0.01567	0.46372	0.34423	0.00887	0.01261	0.04827	0.02945	0.00669	0.00807	0.00549	0.00344	0.00337	0.00100	0.00495	0.00285	0.00192	0.00500
85	0.00707	0.01823	0.85788	0.01005	0.01525	0.00818	0.01302	0.01116	0.00744	0.01116	0.00632	0.00744	0.00446	0.00335	0.00335	0.00112	0.00521	0.00260	0.00149	0.00521
86	0.00863	0.00830	0.01406	0.05153	0.73921	0.00840	0.04493	0.01124	0.05752	0.01160	0.00709	0.00904	0.00585	0.00324	0.00352	0.00107	0.00420	0.00323	0.00185	0.00549
87	0.00513	0.00342	0.00384	0.00384	0.00384	0.00342	0.00214	0.00513	0.00513	0.00683	0.01110	0.02306	0.01281	0.87614	0.01794	0.00342	0.00342	0.00513	0.00214	0.00214
88	0.11230	0.00611	0.00777	0.00600	0.00870	0.00544	0.00494	0.01570	0.00940	0.69043	0.01225	0.01090	0.00788	0.00409	0.00331	0.00104	0.00294	0.00324	0.00392	0.08364
89	0.90103	0.00682	0.00518	0.00463	0.00682	0.00791	0.00382	0.01036	0.00600	0.01581	0.00491	0.00573	0.00382	0.00327	0.00218	0.00109	0.00273	0.00191	0.00218	0.00382
90	0.59417	0.00676	0.00636	0.00531	0.00769	0.00730	0.00438	0.06132	0.00780	0.25800	0.00770	0.00769	0.00536	0.00364	0.00265	0.00109	0.00287	0.00245	0.00289	0.00457
91	0.00666	0.25205	0.12057	0.00626	0.00807	0.02298	0.00578	0.01915	0.00689	0.00908	0.01794	0.24590	0.01122	0.02950	0.19400	0.00217	0.02211	0.01375	0.00216	0.00378
92	0.00507	0.00369	0.00524	0.00524	0.00572	0.00417	0.00388	0.00601	0.00553	0.00785	0.00976	0.01586	0.00966	0.21557	0.66196	0.01787	0.00801	0.00407	0.00194	0.00290
93	0.00898	0.00768	0.00809	0.00722	0.00925	0.00887	0.00563	0.05740	0.80876	0.01509	0.01407	0.01293	0.01053	0.00476	0.00358	0.00119	0.00284	0.00395	0.00358	0.00560
94	0.00883	0.00763	0.00823	0.00769	0.03842	0.00878	0.00578	0.03019	0.80689	0.01474	0.01399	0.01293	0.01051	0.00472	0.00358	0.00119	0.00285	0.00394	0.00352	0.00558
95	0.00917	0.00777	0.00820	0.00725	0.00932	0.00896	0.00568	0.09073	0.77513	0.01540	0.01383	0.01274	0.01034	0.00473	0.00358	0.00118	0.00288	0.00391	0.00358	0.00561
96	0.00501	0.00354	0.00436	0.00419	0.00505	0.00325	0.00313	0.00651	0.00927	0.01312	0.60333	0.05760	0.15595	0.00727	0.00398	0.00110	0.00169	0.00633	0.10205	0.00325
97	0.00707	0.01823	0.85788	0.01005	0.01525	0.00818	0.01302	0.01116	0.00744	0.01116	0.00632	0.00744	0.00446	0.00335	0.00335	0.00112	0.00521	0.00260	0.00149	0.00521
98	0.77932	0.00664	0.00550	0.00481	0.00701	0.00748	0.00395	0.01101	0.00656	0.10811	0.02905	0.00698	0.00516	0.00350	0.00238	0.00109	0.00273	0.00221	0.00247	0.00404
99	0.00508	0.00360	0.00475	0.00475	0.00506	0.00391	0.00327	0.00571	0.00539	0.00751	0.01028	0.01847	0.01082	0.45265	0.43870	0.00454	0.00642	0.00445	0.00201	0.00264
100	0.00422	0.00357	0.00365	0.00363	0.00480	0.00300	0.00272	0.00517	0.00817	0.00985	0.09383	0.03338	0.79440	0.00880	0.00416	0.00118	0.00178	0.00736	0.00332	0.00300
101	0.02414	0.00634	0.00738	0.00532	0.00841	0.00492	0.00427	0.02781	0.00762	0.05240	0.00666	0.00753	0.00538	0.00274	0.00267	0.00057	0.00266	0.00218	0.00223	0.81876
102	0.06248	0.00787	0.01938	0.00847	0.01105	0.00807	0.17091	0.14365	0.23720	0.22852	0.03398	0.01114	0.00842	0.00423	0.00383	0.00115	0.02732	0.00369	0.00327	0.00537
103	0.01041	0.00929	0.00859	0.00749	0.00956	0.15815	0.00585	0.14124	0.50190	0.05430	0.04665	0.01175	0.00979	0.00458	0.00353	0.00112	0.00354	0.00364	0.00332	0.00531
104	0.90103	0.00682	0.00518	0.00463	0.00682	0.00791	0.00382	0.01036	0.00600	0.01581	0.00491	0.00573	0.00382	0.00327	0.00218	0.00109	0.00273	0.00191	0.00218	0.00382
105	0.00693	0.00655	0.01107	0.75485	0.13493	0.00790	0.00992	0.00925	0.00718	0.00934	0.00631	0.00931	0.00482	0.00347	0.00352	0.00116	0.00463	0.00313	0.00159	0.00414
106	0.83983	0.00676	0.00539	0.00475	0.00697	0.00772	0.00391	0.01083	0.00628	0.07395	0.00553	0.00616	0.00416	0.00335	0.00228	0.00109	0.00275	0.00202	0.00233	0.00397
107	0.00427	0.00357	0.00372	0.00368	0.00483	0.00302	0.00276	0.00526	0.00828	0.01011	0.14063	0.03294	0.74743	0.00870	0.00416	0.00118	0.00177	0.00730	0.00335	0.00302
108	0.00832	0.00951	0.02080	0.01485	0.01842	0.00891	0.84135	0.01129	0.00832	0.01129	0.00713	0.00951	0.00535	0.00297	0.00416	0.00119	0.00594	0.00416	0.00178	0.00475
109	0.60132	0.00650	0.00612	0.00514	0.00748	0.00695	0.00423	0.01252	0.00734	0.28675	0.00791	0.00787	0.00548	0.00364	0.00262	0.00109	0.00280	0.00246	0.01728	0.00451
110	0.25315	0.00622	0.00737	0.00583	0.00841	0.00591	0.00481	0.01535	0.00899	0.63118	0.01149	0.01031	0.00741	0.00407	0.00318	0.00109	0.00293	0.00311	0.00378	0.00541
111	0.00877	0.00757	0.00797	0.00717	0.00916	0.00877	0.00558	0.01873	0.84779	0.01474	0.01434	0.01315	0.01076	0.00478	0.00359	0.00120	0.00279	0.00398	0.00359	0.00558
112	0.01340	0.00987	0.01058	0.00811	0.01093	0.01093	0.00670	0.84240	0.01657	0.02221	0.00846	0.00846	0.00599	0.00423	0.00353	0.00106	0.00388	0.00317	0.00353	0.00599
113	0.00771	0.00771	0.01079	0.00925	0.00925	0.01079	0.00771	0.00848	0.00540	0.00848	0.00463	0.00771	0.00463	0.00617	0.01157	0.00154	0.86969	0.00308	0.00154	0.00386
114	0.03844	0.00541	0.00632	0.00562	0.00638	0.01643	0.00447	0.06345	0.00732	0.03202	0.00896	0.01135	0.00746	0.05021	0.00611	0.00121	0.26379	0.00326	0.45814	0.00367
115	0.00429	0.00307	0.00409	0.00491	0.00511	0.00286	0.00327	0.00491	0.00675	0.00900	0.01943	0.87384	0.02331	0.01104	0.00450	0.00143	0.00204	0.01002	0.00327	0.00286
116	0.90103	0.00682	0.00518	0.00463	0.00682	0.00791	0.00382	0.01036	0.00600	0.01581	0.00491	0.00573	0.00382	0.00327	0.00218	0.00109	0.00273	0.00191	0.00218	0.00382
117	0.00837	0.00931	0.01953	0.01439	0.04055	0.00889	0.74762	0.01191	0.07958	0.01159	0.00773	0.00979	0.00581	0.00313	0.00409	0.00119	0.00563	0.00412	0.00193	0.00485
118	0.01269	0.01600	0.01006	0.00909	0.01075	0.78765	0.00689	0.01358	0.00959	0.00861	0.00538	0.00647	0.00455	0.00385	0.00391	0.00096	0.08176	0.00234	0.00179	0.00407
119	0.00513	0.00342	0.00384	0.00384	0.00384	0.00342	0.00214	0.00513	0.00513	0.00683	0.01110	0.02306	0.01281	0.87614	0.01794	0.00342	0.00342	0.00513	0.00214	0.00214
120	0.01350	0.00971	0.01048	0.00803	0.01085	0.01069	0.00664	0.80816	0.01630	0.05683	0.00869	0.00861	0.00611	0.00424	0.00353	0.00106	0.00384	0.00319	0.00356	0.00599

[dist]
# distance from previous block
# <min> <max>
0	2

[block]
