[name]
unknown

[dist]
# distance from previous block
# <min> <max>
0	144

[block]
# block no. 0 follows, 68 sequences, length 44
# corresponding to MSA columns:
# 188-231
name=unknown_A
#
# <colnr> <probs for GDERKNQSTAVLIFYWHMCP>
#	G	D	E	R	K	N	Q	S	T	A	V	L	I	F	Y	W	H	M	C	P
0	0.04521	0.05511	0.04849	0.03364	0.04669	0.06881	0.05364	0.18638	0.05399	0.10653	0.03036	0.07318	0.07656	0.04709	0.00506	0.00140	0.02605	0.03341	0.00321	0.00521
1	0.11847	0.23118	0.09842	0.01798	0.03299	0.02857	0.03425	0.23318	0.09105	0.05170	0.02139	0.00922	0.00689	0.00419	0.00343	0.00113	0.00428	0.00313	0.00283	0.00571
2	0.05487	0.10778	0.17286	0.01725	0.04246	0.06711	0.04525	0.04115	0.04917	0.08180	0.03908	0.08243	0.11529	0.02764	0.00428	0.00127	0.00415	0.00462	0.00279	0.03876
3	0.00981	0.26418	0.18705	0.00760	0.01066	0.07225	0.00754	0.02193	0.02553	0.10594	0.10993	0.09040	0.04262	0.00541	0.00367	0.00114	0.00410	0.00431	0.01277	0.01318
4	0.00565	0.00452	0.02683	0.00609	0.03328	0.00396	0.00412	0.00646	0.00731	0.00996	0.01741	0.49528	0.02026	0.22511	0.00865	0.00208	0.00297	0.04255	0.00314	0.07436
5	0.01128	0.16655	0.16373	0.01151	0.12989	0.03750	0.05592	0.19074	0.11518	0.05525	0.00895	0.00963	0.00678	0.00417	0.00382	0.00117	0.01588	0.00335	0.00271	0.00598
6	0.57964	0.05884	0.03428	0.00749	0.07610	0.03398	0.00570	0.06254	0.00824	0.03340	0.04099	0.03006	0.00676	0.00417	0.00294	0.00120	0.00350	0.00287	0.00259	0.00471
7	0.00721	0.00648	0.00942	0.00904	0.04861	0.00838	0.00697	0.00843	0.00637	0.00954	0.00805	0.01221	0.00763	0.01829	0.43263	0.00405	0.38687	0.00387	0.00194	0.00403
8	0.01078	0.82646	0.02036	0.00693	0.01027	0.05161	0.00682	0.01204	0.00819	0.00934	0.00554	0.00639	0.00509	0.00342	0.00259	0.00086	0.00437	0.00214	0.00171	0.00507
9	0.00966	0.02676	0.48937	0.01086	0.06027	0.00837	0.05718	0.02611	0.00901	0.12529	0.00835	0.00925	0.00595	0.00377	0.00372	0.00115	0.00503	0.00312	0.00228	0.13448
10	0.00802	0.04163	0.74072	0.01075	0.01615	0.00918	0.01355	0.01275	0.05011	0.01282	0.04261	0.00954	0.00676	0.00402	0.00379	0.00125	0.00551	0.00317	0.00191	0.00577
11	0.00936	0.01070	0.02340	0.01671	0.02072	0.01003	0.82152	0.01270	0.00936	0.01270	0.00802	0.01070	0.00602	0.00334	0.00468	0.00134	0.00668	0.00468	0.00201	0.00535
12	0.00620	0.00496	0.00557	0.04576	0.00733	0.00471	0.00408	0.09991	0.01046	0.01330	0.18723	0.05876	0.51951	0.00885	0.00458	0.00131	0.00242	0.00745	0.00375	0.00386
13	0.00921	0.00832	0.01323	0.50902	0.22733	0.04169	0.04442	0.02830	0.00882	0.06066	0.00772	0.01041	0.00586	0.00391	0.00397	0.00127	0.00514	0.00356	0.00207	0.00511
14	0.00490	0.00350	0.00468	0.00560	0.00586	0.00328	0.00380	0.00564	0.00766	0.01020	0.02182	0.82356	0.02608	0.01236	0.00508	0.00162	0.00236	0.04513	0.00368	0.00324
15	0.00639	0.00456	0.00639	0.00730	0.00821	0.00456	0.00639	0.00821	0.00913	0.01187	0.02099	0.04472	0.02282	0.01095	0.00548	0.00183	0.00365	0.80924	0.00365	0.00365
16	0.00976	0.38670	0.36331	0.00920	0.01342	0.08835	0.02673	0.01246	0.00848	0.01088	0.00642	0.00755	0.00517	0.00369	0.00336	0.00106	0.01851	0.00260	0.01702	0.00534
17	0.00795	0.02051	0.84011	0.01130	0.01716	0.00921	0.01465	0.01256	0.00837	0.01256	0.00712	0.00837	0.00502	0.00377	0.00377	0.00126	0.00586	0.00293	0.00167	0.00586
18	0.00761	0.00699	0.00801	0.24380	0.02400	0.11741	0.00650	0.01747	0.00960	0.02110	0.25160	0.10512	0.07816	0.00684	0.00430	0.00129	0.00375	0.04199	0.04041	0.00405
19	0.00697	0.00365	0.00385	0.00400	0.00481	0.00362	0.00292	0.00862	0.00819	0.01401	0.01442	0.15491	0.01283	0.00592	0.00315	0.00104	0.00192	0.00495	0.73661	0.00362
20	0.00471	0.00402	0.00405	0.00404	0.00537	0.00336	0.00303	0.00573	0.00909	0.01084	0.05964	0.03795	0.81476	0.00999	0.00469	0.00134	0.00200	0.00834	0.00370	0.00336
21	0.00533	0.00385	0.00504	0.00515	0.00586	0.00356	0.00371	0.00679	0.00996	0.01386	0.54628	0.30929	0.04727	0.00960	0.00481	0.00137	0.00202	0.00857	0.00412	0.00356
22	0.00540	0.00392	0.00508	0.00541	0.00602	0.00371	0.00381	0.01961	0.02677	0.01276	0.33877	0.49337	0.03956	0.01044	0.00487	0.00145	0.00218	0.00937	0.00396	0.00355
23	0.01078	0.79913	0.02000	0.00698	0.01028	0.05558	0.00681	0.01231	0.03042	0.00954	0.00583	0.00663	0.00528	0.00348	0.00263	0.00087	0.00435	0.00220	0.00178	0.00510
24	0.00868	0.06505	0.35471	0.02468	0.03483	0.08753	0.08672	0.01135	0.02987	0.01101	0.00742	0.00966	0.00599	0.00707	0.05849	0.14716	0.01610	0.00324	0.00187	0.02859
25	0.01202	0.34236	0.12803	0.00924	0.01237	0.36167	0.03416	0.02770	0.00963	0.01031	0.00613	0.00719	0.00515	0.00380	0.00337	0.00101	0.01645	0.00254	0.00189	0.00501
26	0.01060	0.86304	0.02078	0.00678	0.01018	0.01569	0.00678	0.01187	0.00806	0.00933	0.00551	0.00636	0.00509	0.00339	0.00254	0.00085	0.00424	0.00212	0.00170	0.00509
27	0.01024	0.01179	0.08642	0.07051	0.26047	0.21074	0.05214	0.01275	0.04929	0.02952	0.05015	0.05633	0.00904	0.00486	0.00452	0.00124	0.05370	0.01871	0.00234	0.00522
28	0.01091	0.00676	0.00832	0.02184	0.00968	0.00547	0.00508	0.01277	0.02557	0.26413	0.03382	0.01203	0.04806	0.00409	0.00343	0.00086	0.00304	0.00333	0.00327	0.51754
29	0.00484	0.00399	0.00430	0.00433	0.00552	0.00345	0.00323	0.00593	0.00904	0.01113	0.11898	0.09371	0.65717	0.01093	0.04413	0.00158	0.00242	0.00826	0.00368	0.00339
30	0.81863	0.00760	0.00619	0.03302	0.00843	0.00875	0.00459	0.01197	0.00700	0.05633	0.00605	0.00691	0.00459	0.00375	0.00258	0.00123	0.00315	0.00228	0.00255	0.00441
31	0.05250	0.01024	0.15130	0.00887	0.04999	0.04096	0.01515	0.14398	0.05847	0.30191	0.04635	0.01265	0.00940	0.04684	0.03223	0.00152	0.00437	0.00384	0.00353	0.00589
32	0.37330	0.04626	0.09757	0.00661	0.00944	0.00766	0.00604	0.01360	0.00864	0.27365	0.02718	0.03892	0.00864	0.02220	0.00372	0.00131	0.00351	0.04335	0.00324	0.00515
33	0.01282	0.10792	0.01194	0.00850	0.01139	0.01187	0.00703	0.46260	0.28740	0.02039	0.01127	0.01091	0.00834	0.00481	0.00383	0.00120	0.00394	0.00371	0.00373	0.00640
34	0.00981	0.00942	0.01609	0.02434	0.83592	0.00942	0.01217	0.01217	0.00903	0.01295	0.00746	0.00981	0.00628	0.00353	0.00393	0.00118	0.00471	0.00353	0.00196	0.00628
35	0.00981	0.00942	0.01609	0.02434	0.83592	0.00942	0.01217	0.01217	0.00903	0.01295	0.00746	0.00981	0.00628	0.00353	0.00393	0.00118	0.00471	0.00353	0.00196	0.00628
36	0.00794	0.08898	0.03571	0.02410	0.04858	0.00716	0.00569	0.01222	0.24719	0.04850	0.09741	0.21898	0.09634	0.00744	0.00423	0.00133	0.00300	0.01533	0.02509	0.00478
37	0.00739	0.00370	0.00370	0.00370	0.00462	0.00370	0.00277	0.00924	0.00831	0.01478	0.01293	0.01478	0.01016	0.00462	0.00277	0.00092	0.00185	0.00370	0.88267	0.00370
38	0.00867	0.00867	0.01214	0.01041	0.01041	0.01214	0.00867	0.00954	0.00607	0.00954	0.00520	0.00867	0.00520	0.00694	0.01301	0.00173	0.85340	0.00347	0.00173	0.00434
39	0.00482	0.00350	0.00455	0.00538	0.00571	0.00323	0.00362	0.00554	0.00772	0.01018	0.02353	0.78320	0.10001	0.01220	0.00503	0.00159	0.00227	0.01101	0.00368	0.00323
40	0.00618	0.00447	0.00611	0.00695	0.00786	0.00440	0.00599	0.00788	0.00905	0.01169	0.02258	0.08349	0.08848	0.01095	0.00539	0.00178	0.00345	0.70605	0.00365	0.00361
41	0.01009	0.10458	0.21536	0.01002	0.06926	0.00990	0.04022	0.07058	0.28598	0.05770	0.01065	0.01084	0.00798	0.00430	0.00373	0.00118	0.00425	0.00353	0.00288	0.07698
42	0.01428	0.01794	0.01099	0.00986	0.01203	0.77698	0.00742	0.01536	0.01099	0.00996	0.00620	0.00724	0.00517	0.00399	0.00352	0.00099	0.00681	0.00254	0.00207	0.07565
43	0.00532	0.00425	0.00455	0.03929	0.00645	0.00367	0.00345	0.00641	0.00908	0.04316	0.03783	0.03605	0.76758	0.00959	0.00463	0.00133	0.00220	0.00800	0.00365	0.00352

[dist]
# distance from previous block
# <min> <max>
1	5

[block]
# block no. 1 follows, 68 sequences, length 14
# corresponding to MSA columns:
# 237-250
name=unknown_B
#
# <colnr> <probs for GDERKNQSTAVLIFYWHMCP>
#	G	D	E	R	K	N	Q	S	T	A	V	L	I	F	Y	W	H	M	C	P
0	0.02485	0.06885	0.03761	0.24447	0.39713	0.00946	0.06586	0.01190	0.03177	0.03479	0.00807	0.03337	0.00665	0.00397	0.00390	0.00123	0.00482	0.00372	0.00208	0.00551
1	0.77276	0.00812	0.00663	0.00573	0.00828	0.00935	0.00472	0.11926	0.00833	0.01874	0.00605	0.00685	0.00462	0.00382	0.00265	0.00122	0.00324	0.00234	0.00265	0.00462
2	0.00512	0.00374	0.00492	0.00561	0.00609	0.00341	0.00384	0.00592	0.00769	0.01038	0.02078	0.77096	0.02468	0.01171	0.00493	0.00155	0.00239	0.03758	0.00359	0.06512
3	0.00487	0.00348	0.00464	0.00549	0.00576	0.00325	0.00368	0.00563	0.00779	0.01044	0.06720	0.81180	0.02685	0.01218	0.00504	0.00159	0.00228	0.01104	0.00372	0.00325
4	0.00867	0.00867	0.01214	0.01041	0.01041	0.01214	0.00867	0.00954	0.00607	0.00954	0.00520	0.00867	0.00520	0.00694	0.01301	0.00173	0.85340	0.00347	0.00173	0.00434
5	0.00749	0.00705	0.01189	0.85113	0.02731	0.00881	0.01101	0.01013	0.00793	0.01013	0.00705	0.01057	0.00529	0.00396	0.00396	0.00132	0.00529	0.00352	0.00176	0.00440
6	0.01779	0.00675	0.00920	0.00705	0.01012	0.00583	0.00583	0.01932	0.01135	0.83867	0.01564	0.01350	0.00981	0.00491	0.00399	0.00123	0.00337	0.00399	0.00491	0.00675
7	0.00577	0.00384	0.00432	0.00432	0.00432	0.00384	0.00240	0.00577	0.00577	0.00769	0.01249	0.02595	0.01441	0.86066	0.02018	0.00384	0.00384	0.00577	0.00240	0.00240
8	0.01507	0.01111	0.01190	0.00912	0.01230	0.01230	0.00754	0.82270	0.01864	0.02499	0.00952	0.00952	0.00674	0.00476	0.00397	0.00119	0.00436	0.00357	0.00397	0.00674
9	0.00693	0.00430	0.00555	0.00513	0.00628	0.00395	0.00393	0.00874	0.01089	0.09602	0.64538	0.02759	0.05499	0.00767	0.00449	0.00124	0.00207	0.02968	0.07114	0.00402
10	0.00577	0.00384	0.00432	0.00432	0.00432	0.00384	0.00240	0.00577	0.00577	0.00769	0.01249	0.02595	0.01441	0.86066	0.02018	0.00384	0.00384	0.00577	0.00240	0.00240
11	0.00505	0.00366	0.00477	0.00545	0.00589	0.00341	0.00381	0.00598	0.00821	0.01094	0.12290	0.61775	0.08513	0.03217	0.00538	0.00162	0.00236	0.06849	0.00373	0.00331
12	0.00577	0.00384	0.00432	0.00432	0.00432	0.00384	0.00240	0.00577	0.00577	0.00769	0.01249	0.02595	0.01441	0.86066	0.02018	0.00384	0.00384	0.00577	0.00240	0.00240
13	0.01180	0.24025	0.01399	0.17820	0.01460	0.37663	0.00817	0.03367	0.00955	0.01007	0.00617	0.00779	0.00519	0.00409	0.00405	0.00109	0.06533	0.00272	0.00192	0.00473

[dist]
# distance from previous block
# <min> <max>
1	2

[block]
# block no. 2 follows, 68 sequences, length 35
# corresponding to MSA columns:
# 257-291
name=unknown_C
#
# <colnr> <probs for GDERKNQSTAVLIFYWHMCP>
#	G	D	E	R	K	N	Q	S	T	A	V	L	I	F	Y	W	H	M	C	P
0	0.01001	0.32582	0.11908	0.03912	0.13206	0.06191	0.18019	0.01295	0.06144	0.01147	0.00728	0.00874	0.00590	0.00364	0.00354	0.00111	0.00516	0.00318	0.00197	0.00543
1	0.49155	0.02769	0.00875	0.00827	0.05933	0.32284	0.00608	0.01326	0.00859	0.01431	0.00587	0.00691	0.00473	0.00382	0.00296	0.00114	0.00472	0.00238	0.00226	0.00454
2	0.00848	0.01065	0.17912	0.29957	0.35687	0.00897	0.02601	0.01134	0.00848	0.01182	0.00776	0.03919	0.00638	0.00403	0.00396	0.00126	0.00508	0.00370	0.00190	0.00544
3	0.00483	0.00345	0.00460	0.00552	0.00575	0.00322	0.00368	0.00552	0.00759	0.01012	0.02185	0.85807	0.02622	0.01242	0.00506	0.00161	0.00230	0.01127	0.00368	0.00322
4	0.00483	0.00345	0.00460	0.00552	0.00575	0.00322	0.00368	0.00552	0.00759	0.01012	0.02185	0.85807	0.02622	0.01242	0.00506	0.00161	0.00230	0.01127	0.00368	0.00322
5	0.00483	0.00345	0.00460	0.00552	0.00575	0.00322	0.00368	0.00552	0.00759	0.01012	0.02185	0.85807	0.02622	0.01242	0.00506	0.00161	0.00230	0.01127	0.00368	0.00322
6	0.00936	0.01070	0.02340	0.01671	0.02072	0.01003	0.82152	0.01270	0.00936	0.01270	0.00802	0.01070	0.00602	0.00334	0.00468	0.00134	0.00668	0.00468	0.00201	0.00535
7	0.00932	0.01038	0.02204	0.05712	0.11179	0.00990	0.69299	0.01252	0.00925	0.01261	0.00791	0.01059	0.00601	0.00339	0.00456	0.00132	0.00640	0.00450	0.00199	0.00541
8	0.00749	0.00705	0.01189	0.85113	0.02731	0.00881	0.01101	0.01013	0.00793	0.01013	0.00705	0.01057	0.00529	0.00396	0.00396	0.00132	0.00529	0.00352	0.00176	0.00440
9	0.01779	0.00675	0.00920	0.00705	0.01012	0.00583	0.00583	0.01932	0.01135	0.83867	0.01564	0.01350	0.00981	0.00491	0.00399	0.00123	0.00337	0.00399	0.00491	0.00675
10	0.01236	0.16999	0.04004	0.00837	0.01131	0.04006	0.02490	0.23114	0.29510	0.10882	0.01151	0.01110	0.00850	0.00465	0.00372	0.00118	0.00400	0.00363	0.00348	0.00614
11	0.00795	0.02051	0.84011	0.01130	0.01716	0.00921	0.01465	0.01256	0.00837	0.01256	0.00712	0.00837	0.00502	0.00377	0.00377	0.00126	0.00586	0.00293	0.00167	0.00586
12	0.00981	0.00942	0.01609	0.02434	0.83592	0.00942	0.01217	0.01217	0.00903	0.01295	0.00746	0.00981	0.00628	0.00353	0.00393	0.00118	0.00471	0.00353	0.00196	0.00628
13	0.00469	0.00402	0.00402	0.00402	0.00536	0.00335	0.00301	0.00569	0.00904	0.01071	0.04017	0.03816	0.83432	0.01004	0.00469	0.00134	0.00201	0.00837	0.00368	0.00335
14	0.00986	0.00852	0.00897	0.00807	0.01031	0.00986	0.00628	0.02107	0.82876	0.01659	0.01614	0.01479	0.01210	0.00538	0.00403	0.00134	0.00314	0.00448	0.00403	0.00628
15	0.00577	0.00384	0.00432	0.00432	0.00432	0.00384	0.00240	0.00577	0.00577	0.00769	0.01249	0.02595	0.01441	0.86066	0.02018	0.00384	0.00384	0.00577	0.00240	0.00240
16	0.00885	0.00703	0.00829	0.00595	0.00944	0.00532	0.00477	0.01060	0.00843	0.06755	0.00762	0.00857	0.00613	0.00307	0.00301	0.00063	0.00297	0.00246	0.00252	0.82680
17	0.07909	0.56136	0.01692	0.00758	0.02956	0.08415	0.01847	0.05727	0.00905	0.06163	0.00696	0.02604	0.00599	0.00386	0.00291	0.00097	0.00432	0.00265	0.01608	0.00515
18	0.00595	0.00429	0.00598	0.02468	0.00789	0.00426	0.00568	0.00746	0.00865	0.01131	0.02095	0.28509	0.02346	0.01124	0.00532	0.00175	0.00329	0.55561	0.00362	0.00354
19	0.00689	0.00344	0.00517	0.00517	0.00517	0.00344	0.00344	0.00517	0.00517	0.00689	0.00689	0.01205	0.00689	0.01377	0.01550	0.88464	0.00344	0.00344	0.00172	0.00172
20	0.00986	0.00852	0.00897	0.00807	0.01031	0.00986	0.00628	0.02107	0.82876	0.01659	0.01614	0.01479	0.01210	0.00538	0.00403	0.00134	0.00314	0.00448	0.00403	0.00628
21	0.01481	0.01890	0.01124	0.01021	0.01226	0.84474	0.00766	0.01583	0.01124	0.00970	0.00613	0.00715	0.00511	0.00409	0.00358	0.00102	0.00715	0.00255	0.00204	0.00460
22	0.00986	0.00852	0.00897	0.00807	0.01031	0.00986	0.00628	0.02107	0.82876	0.01659	0.01614	0.01479	0.01210	0.00538	0.00403	0.00134	0.00314	0.00448	0.00403	0.00628
23	0.00739	0.00370	0.00370	0.00370	0.00462	0.00370	0.00277	0.00924	0.00831	0.01478	0.01293	0.01478	0.01016	0.00462	0.00277	0.00092	0.00185	0.00370	0.88267	0.00370
24	0.00739	0.00370	0.00370	0.00370	0.00462	0.00370	0.00277	0.00924	0.00831	0.01478	0.01293	0.01478	0.01016	0.00462	0.00277	0.00092	0.00185	0.00370	0.88267	0.00370
25	0.01507	0.01111	0.01190	0.00912	0.01230	0.01230	0.00754	0.82270	0.01864	0.02499	0.00952	0.00952	0.00674	0.00476	0.00397	0.00119	0.00436	0.00357	0.00397	0.00674
26	0.00867	0.00867	0.01214	0.01041	0.01041	0.01214	0.00867	0.00954	0.00607	0.00954	0.00520	0.00867	0.00520	0.00694	0.01301	0.00173	0.85340	0.00347	0.00173	0.00434
27	0.00822	0.00705	0.00822	0.00587	0.00940	0.00529	0.00470	0.00998	0.00822	0.01292	0.00705	0.00822	0.00587	0.00294	0.00294	0.00059	0.00294	0.00235	0.00235	0.88490
28	0.00483	0.00345	0.00460	0.00552	0.00575	0.00322	0.00368	0.00552	0.00759	0.01012	0.02185	0.85807	0.02622	0.01242	0.00506	0.00161	0.00230	0.01127	0.00368	0.00322
29	0.23496	0.13909	0.00896	0.00607	0.00829	0.04658	0.00506	0.05605	0.04777	0.13366	0.00972	0.01049	0.00742	0.00554	0.04514	0.00136	0.01621	0.00310	0.20969	0.00483
30	0.00655	0.10651	0.00737	0.00563	0.02416	0.00585	0.00434	0.04642	0.03455	0.01303	0.28329	0.04227	0.35080	0.02065	0.00475	0.00130	0.01684	0.01810	0.00360	0.00399
31	0.00947	0.12606	0.02787	0.00765	0.06633	0.02761	0.00579	0.04336	0.00856	0.07348	0.00829	0.01103	0.00727	0.12518	0.00590	0.00126	0.03309	0.00311	0.00245	0.40624
32	0.29465	0.14838	0.11898	0.00789	0.02293	0.03665	0.02495	0.14037	0.07597	0.05246	0.00833	0.03783	0.00663	0.00431	0.00327	0.00118	0.00405	0.00314	0.00272	0.00531
33	0.02881	0.01984	0.80235	0.01103	0.01669	0.00907	0.01417	0.01238	0.00832	0.01263	0.00739	0.02658	0.00546	0.00395	0.00376	0.00126	0.00572	0.00309	0.00174	0.00577
34	0.05219	0.00774	0.10564	0.02254	0.00955	0.00690	0.00643	0.01264	0.29466	0.01338	0.03003	0.20735	0.05986	0.00854	0.03353	0.00162	0.00356	0.11566	0.00342	0.00476

[dist]
# distance from previous block
# <min> <max>
1	15

[block]
# block no. 3 follows, 68 sequences, length 23
# corresponding to MSA columns:
# 307-329
name=unknown_D
#
# <colnr> <probs for GDERKNQSTAVLIFYWHMCP>
#	G	D	E	R	K	N	Q	S	T	A	V	L	I	F	Y	W	H	M	C	P
0	0.00974	0.16023	0.31666	0.00941	0.03876	0.02164	0.04549	0.05799	0.03315	0.08395	0.03184	0.02752	0.03187	0.00426	0.00361	0.00111	0.00457	0.00343	0.00244	0.11233
1	0.01138	0.20804	0.19949	0.01042	0.10329	0.03431	0.03386	0.08903	0.06677	0.14968	0.02693	0.00996	0.00737	0.00411	0.00360	0.00113	0.00452	0.00327	0.00272	0.03012
2	0.07277	0.16383	0.03132	0.02596	0.15901	0.02363	0.00768	0.16603	0.01126	0.28562	0.01001	0.01005	0.00711	0.00422	0.00360	0.00114	0.00409	0.00331	0.00328	0.00610
3	0.00618	0.00559	0.00864	0.00717	0.00875	0.00535	0.15337	0.00794	0.00972	0.01298	0.33656	0.02773	0.31702	0.00785	0.00528	0.00133	0.06422	0.00688	0.00350	0.00394
4	0.00998	0.02268	0.11792	0.02877	0.07864	0.02161	0.13635	0.04121	0.00980	0.19360	0.06043	0.11875	0.09685	0.00620	0.00433	0.00132	0.00414	0.03898	0.00323	0.00518
5	0.88866	0.00767	0.00583	0.00521	0.00767	0.00889	0.00429	0.01166	0.00675	0.01779	0.00552	0.00644	0.00429	0.00368	0.00245	0.00123	0.00307	0.00215	0.00245	0.00429
6	0.00994	0.00514	0.00675	0.00576	0.00749	0.00465	0.00452	0.03185	0.01139	0.29454	0.51262	0.02391	0.05096	0.00700	0.00443	0.00124	0.00245	0.00604	0.00452	0.00482
7	0.00863	0.00817	0.01384	0.30609	0.47096	0.00872	0.02859	0.01096	0.00863	0.01182	0.02489	0.01185	0.04542	0.00425	0.00421	0.01699	0.00475	0.00385	0.00202	0.00535
8	0.00849	0.00778	0.00944	0.33055	0.03845	0.09939	0.00761	0.01181	0.12966	0.04007	0.17074	0.01658	0.05550	0.03932	0.00488	0.00138	0.01629	0.00462	0.00287	0.00457
9	0.01779	0.00675	0.00920	0.00705	0.01012	0.00583	0.00583	0.01932	0.01135	0.83867	0.01564	0.01350	0.00981	0.00491	0.00399	0.00123	0.00337	0.00399	0.00491	0.00675
10	0.01733	0.00680	0.00917	0.00706	0.01006	0.00597	0.00582	0.04410	0.01157	0.78802	0.04049	0.01386	0.01056	0.00500	0.00401	0.00123	0.00336	0.00407	0.00486	0.00666
11	0.00906	0.00853	0.01522	0.07776	0.01556	0.00842	0.38793	0.11006	0.04878	0.03537	0.12827	0.01672	0.10936	0.00516	0.00449	0.00130	0.00481	0.00521	0.00292	0.00506
12	0.00749	0.00705	0.01189	0.85113	0.02731	0.00881	0.01101	0.01013	0.00793	0.01013	0.00705	0.01057	0.00529	0.00396	0.00396	0.00132	0.00529	0.00352	0.00176	0.00440
13	0.00981	0.00942	0.01609	0.02434	0.83592	0.00942	0.01217	0.01217	0.00903	0.01295	0.00746	0.00981	0.00628	0.00353	0.00393	0.00118	0.00471	0.00353	0.00196	0.00628
14	0.00483	0.00345	0.00460	0.00552	0.00575	0.00322	0.00368	0.00552	0.00759	0.01012	0.02185	0.85807	0.02622	0.01242	0.00506	0.00161	0.00230	0.01127	0.00368	0.00322
15	0.03339	0.27682	0.33402	0.00878	0.01264	0.12599	0.00948	0.01240	0.02940	0.01126	0.02975	0.00922	0.00664	0.05005	0.00422	0.00122	0.00508	0.00290	0.00195	0.03479
16	0.00879	0.00901	0.01399	0.01145	0.01210	0.01180	0.14227	0.01006	0.00661	0.01006	0.00567	0.00901	0.00534	0.00635	0.01164	0.00167	0.71424	0.00367	0.00178	0.00450
17	0.00795	0.02051	0.84011	0.01130	0.01716	0.00921	0.01465	0.01256	0.00837	0.01256	0.00712	0.00837	0.00502	0.00377	0.00377	0.00126	0.00586	0.00293	0.00167	0.00586
18	0.00483	0.00345	0.00460	0.00552	0.00575	0.00322	0.00368	0.00552	0.00759	0.01012	0.02185	0.85807	0.02622	0.01242	0.00506	0.00161	0.00230	0.01127	0.00368	0.00322
19	0.88866	0.00767	0.00583	0.00521	0.00767	0.00889	0.00429	0.01166	0.00675	0.01779	0.00552	0.00644	0.00429	0.00368	0.00245	0.00123	0.00307	0.00215	0.00245	0.00429
20	0.00469	0.00402	0.00402	0.00402	0.00536	0.00335	0.00301	0.00569	0.00904	0.01071	0.04017	0.03816	0.83432	0.01004	0.00469	0.00134	0.00201	0.00837	0.00368	0.00335
21	0.00913	0.04110	0.01189	0.01233	0.26813	0.01900	0.04249	0.01122	0.02126	0.03057	0.00771	0.02426	0.00650	0.00349	0.00355	0.00088	0.01715	0.00306	0.00228	0.46401
22	0.01152	0.03487	0.04949	0.03275	0.08214	0.00749	0.10718	0.04433	0.04869	0.27321	0.01219	0.03424	0.03144	0.01972	0.04338	0.00147	0.02594	0.02153	0.00323	0.11520

[dist]
# distance from previous block
# <min> <max>
2	4

[block]
# block no. 4 follows, 68 sequences, length 17
# corresponding to MSA columns:
# 334-350
name=unknown_E
#
# <colnr> <probs for GDERKNQSTAVLIFYWHMCP>
#	G	D	E	R	K	N	Q	S	T	A	V	L	I	F	Y	W	H	M	C	P
0	0.00917	0.00872	0.05010	0.02594	0.03313	0.05457	0.02006	0.03443	0.05966	0.03375	0.00787	0.00888	0.00630	0.00334	0.00322	0.00077	0.00355	0.00270	0.00248	0.63138
1	0.00633	0.00508	0.00624	0.04414	0.05882	0.03185	0.00467	0.00747	0.00854	0.03425	0.11689	0.29816	0.20073	0.08196	0.00610	0.00159	0.01882	0.02542	0.00335	0.03959
2	0.15407	0.30519	0.33746	0.00856	0.01273	0.01137	0.02286	0.03536	0.02879	0.04084	0.00690	0.00777	0.00533	0.00372	0.00317	0.00111	0.00467	0.00265	0.00205	0.00540
3	0.01023	0.19030	0.14746	0.02823	0.30184	0.13238	0.08355	0.01257	0.00901	0.01151	0.00733	0.00900	0.01872	0.00377	0.00378	0.00113	0.01860	0.00318	0.00190	0.00553
4	0.00571	0.00384	0.00442	0.00447	0.00451	0.00385	0.00257	0.00580	0.00589	0.00788	0.01296	0.07346	0.01493	0.78129	0.04962	0.00381	0.00400	0.00603	0.00247	0.00249
5	0.00953	0.03750	0.07016	0.07717	0.08254	0.02004	0.15904	0.08718	0.05209	0.03849	0.03173	0.05921	0.00820	0.00539	0.00664	0.00140	0.24187	0.00424	0.00242	0.00514
6	0.00573	0.00399	0.00506	0.00506	0.00532	0.00424	0.00332	0.00624	0.00598	0.00823	0.01182	0.02222	0.01280	0.56195	0.31667	0.00475	0.00628	0.00522	0.00230	0.00281
7	0.00485	0.00349	0.00456	0.00540	0.00569	0.00324	0.00361	0.00554	0.00762	0.01009	0.02265	0.78832	0.07242	0.03528	0.00545	0.00166	0.00233	0.01096	0.00365	0.00321
8	0.01085	0.01058	0.00942	0.00850	0.01070	0.17578	0.00655	0.02003	0.66629	0.01522	0.01415	0.01327	0.01071	0.00512	0.00394	0.00128	0.00394	0.00410	0.00364	0.00594
9	0.00770	0.00727	0.01228	0.77404	0.10270	0.00887	0.01112	0.01032	0.00803	0.01039	0.00709	0.01050	0.00538	0.00392	0.00396	0.00131	0.00523	0.00352	0.00178	0.00458
10	0.00469	0.00402	0.00402	0.00402	0.00536	0.00335	0.00301	0.00569	0.00904	0.01071	0.04017	0.03816	0.83432	0.01004	0.00469	0.00134	0.00201	0.00837	0.00368	0.00335
11	0.00874	0.00886	0.01319	0.01100	0.01137	0.01195	0.08446	0.00984	0.00638	0.00984	0.00547	0.00886	0.00528	0.00660	0.01223	0.00170	0.77446	0.00358	0.00176	0.00443
12	0.00566	0.00425	0.00637	0.00637	0.00708	0.00496	0.00496	0.00708	0.00637	0.00920	0.01062	0.01558	0.00991	0.02974	0.84494	0.00637	0.01062	0.00425	0.00212	0.00354
13	0.00826	0.00678	0.01021	0.01350	0.32994	0.00682	0.00787	0.08511	0.00959	0.02769	0.04435	0.24375	0.01570	0.00826	0.03070	0.00157	0.00391	0.13807	0.00303	0.00490
14	0.01751	0.00719	0.00948	0.00727	0.01034	0.00649	0.00600	0.10166	0.01210	0.75528	0.01501	0.01309	0.00950	0.00489	0.00399	0.00122	0.00348	0.00394	0.00481	0.00675
15	0.00913	0.00780	0.03691	0.00716	0.01077	0.00590	0.08128	0.01112	0.00860	0.08328	0.00787	0.00891	0.00619	0.00317	0.00322	0.00073	0.00342	0.00272	0.00251	0.69930
16	0.01473	0.01077	0.01153	0.00888	0.01195	0.01191	0.00732	0.78630	0.01818	0.02453	0.00967	0.00975	0.00690	0.00475	0.00391	0.00118	0.00425	0.00358	0.04329	0.00661

[dist]
# distance from previous block
# <min> <max>
2	5

[block]
# block no. 5 follows, 68 sequences, length 15
# corresponding to MSA columns:
# 394-408
name=unknown_F
#
# <colnr> <probs for GDERKNQSTAVLIFYWHMCP>
#	G	D	E	R	K	N	Q	S	T	A	V	L	I	F	Y	W	H	M	C	P
0	0.00819	0.00687	0.01036	0.02847	0.29907	0.00649	0.03130	0.01026	0.03261	0.04833	0.07486	0.13300	0.07108	0.02320	0.00448	0.00126	0.00357	0.05399	0.00286	0.14975
1	0.00689	0.00344	0.00517	0.00517	0.00517	0.00344	0.00344	0.00517	0.00517	0.00689	0.00689	0.01205	0.00689	0.01377	0.01550	0.88464	0.00344	0.00344	0.00172	0.00172
2	0.81306	0.00759	0.00612	0.00537	0.00788	0.00863	0.00443	0.01232	0.00715	0.08905	0.00640	0.00705	0.00477	0.00379	0.00259	0.00123	0.00309	0.00231	0.00267	0.00451
3	0.00795	0.02051	0.84011	0.01130	0.01716	0.00921	0.01465	0.01256	0.00837	0.01256	0.00712	0.00837	0.00502	0.00377	0.00377	0.00126	0.00586	0.00293	0.00167	0.00586
4	0.00895	0.00913	0.01210	0.01040	0.01049	0.04908	0.00863	0.00982	0.00630	0.00955	0.00525	0.00861	0.00520	0.00681	0.01259	0.00170	0.81586	0.00343	0.00175	0.00435
5	0.00795	0.02051	0.84011	0.01130	0.01716	0.00921	0.01465	0.01256	0.00837	0.01256	0.00712	0.00837	0.00502	0.00377	0.00377	0.00126	0.00586	0.00293	0.00167	0.00586
6	0.00481	0.00402	0.00419	0.00415	0.00543	0.00340	0.00311	0.00593	0.00933	0.01140	0.14522	0.03703	0.72883	0.00979	0.00468	0.00133	0.00199	0.00821	0.00377	0.00340
7	0.01060	0.86304	0.02078	0.00678	0.01018	0.01569	0.00678	0.01187	0.00806	0.00933	0.00551	0.00636	0.00509	0.00339	0.00254	0.00085	0.00424	0.00212	0.00170	0.00509
8	0.00566	0.00425	0.00637	0.00637	0.00708	0.00496	0.00496	0.00708	0.00637	0.00920	0.01062	0.01558	0.00991	0.02974	0.84494	0.00637	0.01062	0.00425	0.00212	0.00354
9	0.00475	0.00402	0.00410	0.00408	0.00539	0.00337	0.00306	0.00581	0.00918	0.01106	0.09319	0.03759	0.78108	0.00991	0.00469	0.00133	0.00200	0.00829	0.00373	0.00337
10	0.00497	0.00353	0.00462	0.00537	0.00562	0.00332	0.00356	0.00568	0.00765	0.01027	0.07518	0.72094	0.02581	0.09550	0.00652	0.00181	0.00242	0.01046	0.00360	0.00317
11	0.00562	0.00387	0.00428	0.00428	0.00447	0.00378	0.00249	0.00576	0.00621	0.00810	0.01628	0.02762	0.12671	0.74416	0.01806	0.00350	0.00359	0.00612	0.00258	0.00253
12	0.00651	0.00433	0.00523	0.00520	0.00634	0.00401	0.00389	0.02287	0.00875	0.09288	0.05184	0.21777	0.35899	0.03137	0.11482	0.00210	0.00346	0.03291	0.02295	0.00375
13	0.00976	0.00928	0.02951	0.08291	0.37742	0.00953	0.12732	0.01453	0.22010	0.03951	0.00993	0.01134	0.00772	0.00416	0.00432	0.00127	0.02891	0.00394	0.00257	0.00595
14	0.04841	0.00648	0.00819	0.00705	0.02559	0.00610	0.00546	0.04598	0.09678	0.46721	0.03222	0.14746	0.05723	0.00636	0.00413	0.00129	0.00312	0.00535	0.00431	0.02128

[dist]
# distance from previous block
# <min> <max>
0	7

[block]
# block no. 6 follows, 68 sequences, length 28
# corresponding to MSA columns:
# 416-418,422-446
name=unknown_G
#
# <colnr> <probs for GDERKNQSTAVLIFYWHMCP>
#	G	D	E	R	K	N	Q	S	T	A	V	L	I	F	Y	W	H	M	C	P
0	0.04016	0.38137	0.05039	0.00933	0.06434	0.26971	0.00766	0.06052	0.06187	0.01145	0.00680	0.00763	0.00568	0.00385	0.00318	0.00100	0.00513	0.00261	0.00212	0.00519
1	0.00609	0.00448	0.00561	0.00516	0.00642	0.00399	0.00387	0.01983	0.01038	0.02812	0.54990	0.12144	0.10100	0.00806	0.00450	0.00122	0.00212	0.00707	0.00399	0.10674
2	0.01002	0.44731	0.09032	0.02463	0.06579	0.01274	0.00777	0.01480	0.26493	0.01214	0.00914	0.00949	0.00736	0.00407	0.00324	0.00107	0.00409	0.00305	0.00244	0.00560
3	0.00520	0.00382	0.00490	0.00531	0.00592	0.00357	0.00375	0.00654	0.02657	0.01216	0.27773	0.48921	0.10180	0.01067	0.00489	0.00147	0.00219	0.02690	0.00390	0.00347
4	0.01141	0.27499	0.13828	0.01061	0.10993	0.19224	0.02312	0.01412	0.07682	0.07699	0.00829	0.00903	0.01700	0.00404	0.00357	0.00109	0.01775	0.00299	0.00228	0.00544
5	0.00826	0.00558	0.00678	0.00554	0.00782	0.00456	0.00431	0.00982	0.00944	0.13699	0.20035	0.08440	0.14254	0.00622	0.00392	0.00103	0.00257	0.00530	0.00349	0.35107
6	0.01449	0.01748	0.01128	0.01003	0.01218	0.72627	0.02239	0.07473	0.01175	0.02645	0.03278	0.00822	0.00635	0.00426	0.00367	0.00105	0.00670	0.00284	0.00231	0.00478
7	0.00855	0.00687	0.03636	0.00791	0.08416	0.00566	0.00577	0.01063	0.04003	0.09005	0.06167	0.09211	0.01112	0.00724	0.07951	0.01329	0.00383	0.02155	0.00285	0.41084
8	0.01481	0.01890	0.01124	0.01021	0.01226	0.84474	0.00766	0.01583	0.01124	0.00970	0.00613	0.00715	0.00511	0.00409	0.00358	0.00102	0.00715	0.00255	0.00204	0.00460
9	0.00795	0.02051	0.84011	0.01130	0.01716	0.00921	0.01465	0.01256	0.00837	0.01256	0.00712	0.00837	0.00502	0.00377	0.00377	0.00126	0.00586	0.00293	0.00167	0.00586
10	0.00582	0.00408	0.00511	0.00482	0.00585	0.00372	0.00363	0.00756	0.01077	0.03050	0.66613	0.02961	0.14152	0.00811	0.00456	0.00124	0.00192	0.00707	0.05425	0.00374
11	0.00935	0.00929	0.05124	0.39477	0.12393	0.00957	0.20411	0.11054	0.00979	0.02756	0.00779	0.01033	0.00583	0.00387	0.00412	0.00129	0.00543	0.00379	0.00217	0.00525
12	0.01194	0.61763	0.04418	0.00711	0.01044	0.03210	0.00685	0.01379	0.04456	0.16664	0.00796	0.00816	0.00629	0.00379	0.00294	0.00096	0.00415	0.00261	0.00241	0.00547
13	0.00877	0.00663	0.00780	0.00704	0.00864	0.00740	0.00547	0.04151	0.34930	0.07802	0.11265	0.01800	0.06076	0.05457	0.16726	0.00244	0.05026	0.00492	0.00354	0.00503
14	0.00951	0.00881	0.02614	0.18291	0.44480	0.00893	0.10756	0.02675	0.03182	0.04859	0.03438	0.01111	0.00746	0.00391	0.00402	0.00123	0.00479	0.00383	0.02779	0.00567
15	0.00607	0.00397	0.00591	0.00591	0.00636	0.00442	0.00437	0.00640	0.00595	0.00839	0.00945	0.01474	0.00906	0.05116	0.54424	0.29663	0.00803	0.00403	0.00200	0.00290
16	0.00573	0.00418	0.00540	0.00507	0.00605	0.00391	0.00381	0.00786	0.03415	0.01592	0.81090	0.02920	0.03670	0.00803	0.00466	0.00125	0.00191	0.00710	0.00436	0.00381
17	0.03330	0.05515	0.01135	0.04537	0.01209	0.03707	0.00721	0.47625	0.21650	0.02031	0.01079	0.02582	0.00813	0.00493	0.00402	0.00123	0.01684	0.00379	0.00363	0.00622
18	0.01226	0.00840	0.03694	0.01234	0.18667	0.00730	0.15209	0.01442	0.00979	0.31967	0.01090	0.01200	0.00791	0.00412	0.00394	0.00114	0.00424	0.02656	0.00317	0.16614
19	0.01092	0.24211	0.22560	0.00970	0.01344	0.05881	0.12150	0.05733	0.00950	0.12870	0.00945	0.01018	0.04214	0.00425	0.00402	0.00116	0.03989	0.00338	0.00242	0.00551
20	0.09558	0.10666	0.57141	0.02905	0.03473	0.02803	0.03136	0.01266	0.03304	0.01275	0.00707	0.00827	0.00523	0.00376	0.00354	0.00121	0.00534	0.00287	0.00185	0.00557
21	0.00483	0.00345	0.00460	0.00552	0.00575	0.00322	0.00368	0.00552	0.00759	0.01012	0.02185	0.85807	0.02622	0.01242	0.00506	0.00161	0.00230	0.01127	0.00368	0.00322
22	0.00927	0.01025	0.08695	0.12116	0.53397	0.02044	0.10568	0.01190	0.00886	0.01241	0.00799	0.01035	0.02129	0.00377	0.00416	0.00123	0.01888	0.00369	0.00195	0.00580
23	0.01214	0.17121	0.18411	0.01018	0.05468	0.02357	0.10481	0.09812	0.05236	0.22468	0.02027	0.01035	0.00739	0.00417	0.00375	0.00117	0.00464	0.00348	0.00296	0.00597
24	0.00636	0.00474	0.00700	0.00742	0.00837	0.00469	0.05084	0.00802	0.00873	0.01142	0.01968	0.11508	0.02153	0.07847	0.00657	0.00194	0.00371	0.62836	0.00346	0.00361
25	0.00567	0.00384	0.00441	0.00451	0.00460	0.00380	0.00266	0.00582	0.00612	0.00811	0.01434	0.09889	0.03836	0.73686	0.01798	0.00352	0.00365	0.03173	0.00259	0.00254
26	0.01105	0.06418	0.19676	0.02335	0.22593	0.08376	0.09026	0.02590	0.04531	0.14583	0.02229	0.01060	0.01755	0.00413	0.00400	0.00120	0.01594	0.00357	0.00254	0.00583
27	0.01097	0.72530	0.04380	0.00746	0.01086	0.05423	0.02660	0.06245	0.00890	0.01049	0.00590	0.00676	0.00521	0.00352	0.00277	0.00090	0.00449	0.00232	0.00186	0.00520

[dist]
# distance from previous block
# <min> <max>
0	8

[block]
# block no. 7 follows, 68 sequences, length 25
# corresponding to MSA columns:
# 455,459-473,475-483
name=unknown_H
#
# <colnr> <probs for GDERKNQSTAVLIFYWHMCP>
#	G	D	E	R	K	N	Q	S	T	A	V	L	I	F	Y	W	H	M	C	P
0	0.02513	0.05845	0.05091	0.00866	0.09879	0.02420	0.00651	0.10115	0.02827	0.01414	0.00744	0.00853	0.00603	0.00336	0.00320	0.00080	0.00359	0.00268	0.00245	0.54569
1	0.02518	0.06355	0.07317	0.01110	0.11052	0.09918	0.05733	0.30925	0.05572	0.14156	0.00962	0.00993	0.00695	0.00434	0.00385	0.00118	0.00471	0.00348	0.00322	0.00615
2	0.00758	0.00662	0.00684	0.00712	0.03082	0.13334	0.01810	0.03839	0.00876	0.04167	0.05488	0.48807	0.01955	0.05126	0.06597	0.00191	0.00395	0.00809	0.00327	0.00382
3	0.04036	0.00841	0.01192	0.01490	0.38124	0.00874	0.00861	0.13106	0.10611	0.03928	0.12654	0.03697	0.01200	0.00494	0.00423	0.00122	0.02531	0.00431	0.00299	0.03085
4	0.00578	0.00388	0.00445	0.00448	0.00453	0.00390	0.00260	0.00588	0.00588	0.00786	0.01267	0.02613	0.01450	0.80803	0.04795	0.00387	0.00407	0.02862	0.00243	0.00248
5	0.00986	0.00852	0.00897	0.00807	0.01031	0.00986	0.00628	0.02107	0.82876	0.01659	0.01614	0.01479	0.01210	0.00538	0.00403	0.00134	0.00314	0.00448	0.00403	0.00628
6	0.00822	0.00705	0.00822	0.00587	0.00940	0.00529	0.00470	0.00998	0.00822	0.01292	0.00705	0.00822	0.00587	0.00294	0.00294	0.00059	0.00294	0.00235	0.00235	0.88490
7	0.00689	0.00344	0.00517	0.00517	0.00517	0.00344	0.00344	0.00517	0.00517	0.00689	0.00689	0.01205	0.00689	0.01377	0.01550	0.88464	0.00344	0.00344	0.00172	0.00172
8	0.00577	0.00384	0.00432	0.00432	0.00432	0.00384	0.00240	0.00577	0.00577	0.00769	0.01249	0.02595	0.01441	0.86066	0.02018	0.00384	0.00384	0.00577	0.00240	0.00240
9	0.00973	0.00952	0.01581	0.09926	0.71122	0.03346	0.03878	0.01211	0.00900	0.01259	0.00740	0.00983	0.00615	0.00358	0.00394	0.00119	0.00490	0.00354	0.00195	0.00603
10	0.00482	0.00349	0.00456	0.00541	0.00572	0.00323	0.00363	0.00553	0.00770	0.01017	0.02324	0.79605	0.08735	0.01224	0.00503	0.00159	0.00228	0.01105	0.00368	0.00323
11	0.00469	0.00402	0.00402	0.00402	0.00536	0.00335	0.00301	0.00569	0.00904	0.01071	0.04017	0.03816	0.83432	0.01004	0.00469	0.00134	0.00201	0.00837	0.00368	0.00335
12	0.00927	0.00429	0.00483	0.00440	0.00574	0.00410	0.00340	0.01106	0.00905	0.17141	0.05778	0.01534	0.01157	0.00486	0.00311	0.00100	0.00214	0.00394	0.66843	0.00428
13	0.00974	0.11264	0.34961	0.15229	0.03371	0.16159	0.08424	0.03014	0.00910	0.01155	0.00688	0.00855	0.00524	0.00379	0.00372	0.00118	0.00583	0.00305	0.00184	0.00528
14	0.04262	0.13667	0.02551	0.05427	0.01253	0.06585	0.02487	0.40345	0.13406	0.01842	0.00919	0.00961	0.00692	0.00456	0.00401	0.00118	0.03375	0.00338	0.00319	0.00595
15	0.00632	0.00437	0.00575	0.00616	0.02108	0.00447	0.00447	0.02050	0.00742	0.02754	0.01547	0.10896	0.01683	0.33584	0.16045	0.00334	0.00486	0.23997	0.00291	0.00328
16	0.00496	0.00354	0.00475	0.00567	0.00596	0.00333	0.00391	0.00575	0.00772	0.01027	0.02178	0.78943	0.02594	0.01230	0.00510	0.00163	0.00241	0.07861	0.00368	0.00326
17	0.00576	0.00387	0.00447	0.00447	0.00452	0.00392	0.00258	0.00586	0.00581	0.00779	0.01236	0.02522	0.01410	0.80243	0.07798	0.00402	0.00432	0.00566	0.00238	0.00248
18	0.09812	0.07555	0.28007	0.01271	0.19755	0.04653	0.06751	0.01216	0.02612	0.01279	0.00730	0.00917	0.00587	0.03203	0.00410	0.00122	0.00487	0.00310	0.00201	0.10123
19	0.00689	0.00344	0.00517	0.00517	0.00517	0.00344	0.00344	0.00517	0.00517	0.00689	0.00689	0.01205	0.00689	0.01377	0.01550	0.88464	0.00344	0.00344	0.00172	0.00172
20	0.00689	0.00344	0.00517	0.00517	0.00517	0.00344	0.00344	0.00517	0.00517	0.00689	0.00689	0.01205	0.00689	0.01377	0.01550	0.88464	0.00344	0.00344	0.00172	0.00172
21	0.06028	0.29832	0.19531	0.01012	0.06274	0.08821	0.08153	0.06718	0.00950	0.08159	0.00738	0.00828	0.00569	0.00378	0.00339	0.00109	0.00498	0.00290	0.00223	0.00551
22	0.01151	0.06438	0.11014	0.01190	0.07266	0.25295	0.15091	0.05046	0.00982	0.06706	0.03107	0.00946	0.00667	0.00445	0.00520	0.00124	0.12923	0.00342	0.00227	0.00520
23	0.00497	0.00357	0.00467	0.00544	0.00576	0.00335	0.00369	0.00573	0.00770	0.01024	0.04988	0.70497	0.05877	0.06315	0.01963	0.00180	0.00255	0.03729	0.00360	0.00321
24	0.07357	0.40990	0.02760	0.00770	0.05365	0.07966	0.00633	0.03166	0.00855	0.01105	0.03794	0.15210	0.02592	0.00657	0.03973	0.00133	0.00427	0.01550	0.00236	0.00463

[dist]
# distance from previous block
# <min> <max>
5	27

[block]
# block no. 8 follows, 68 sequences, length 7
# corresponding to MSA columns:
# 511-517
name=unknown_I
#
# <colnr> <probs for GDERKNQSTAVLIFYWHMCP>
#	G	D	E	R	K	N	Q	S	T	A	V	L	I	F	Y	W	H	M	C	P
0	0.18273	0.32116	0.16120	0.00787	0.01124	0.01108	0.05488	0.06964	0.00883	0.01315	0.00953	0.01180	0.06133	0.00454	0.00330	0.00114	0.00426	0.05502	0.00228	0.00499
1	0.06791	0.10577	0.08241	0.05541	0.06455	0.10685	0.06890	0.18455	0.14315	0.01528	0.00869	0.00955	0.00669	0.00429	0.00404	0.00119	0.03763	0.00334	0.00270	0.02711
2	0.02903	0.06385	0.22313	0.03259	0.24237	0.03635	0.07138	0.03918	0.09164	0.04507	0.00970	0.05357	0.02127	0.00450	0.00405	0.00124	0.01909	0.00391	0.00239	0.00569
3	0.00490	0.00396	0.00436	0.00440	0.00552	0.00342	0.00325	0.00605	0.00932	0.01173	0.20539	0.13477	0.56921	0.00992	0.00473	0.00135	0.00201	0.00846	0.00383	0.00342
4	0.00704	0.04012	0.00923	0.18609	0.01195	0.00797	0.00685	0.00850	0.00798	0.01088	0.12018	0.01906	0.20777	0.00763	0.03064	0.00156	0.28121	0.00510	0.02621	0.00403
5	0.00841	0.00775	0.01269	0.64112	0.17972	0.00915	0.01101	0.06186	0.00881	0.01160	0.00728	0.01036	0.00557	0.00393	0.00396	0.00129	0.00512	0.00353	0.00194	0.00491
6	0.00622	0.00430	0.00593	0.00676	0.00753	0.00427	0.00567	0.00773	0.00869	0.01154	0.02013	0.16543	0.02203	0.01097	0.00569	0.03814	0.00335	0.61362	0.04847	0.00351

[dist]
# distance from previous block
# <min> <max>
0	106

# created by:
# /home/cegg/simao/soft/augustus-3.2.1/scripts/msa2prfl.pl ./align_prep/EOG092C48JI.fa
