[name]
unknown

[dist]
# distance from previous block
# <min> <max>
5	65

[block]
# block no. 0 follows, 68 sequences, length 8
# corresponding to MSA columns:
# 66-73
name=unknown_A
#
# <colnr> <probs for GDERKNQSTAVLIFYWHMCP>
#	G	D	E	R	K	N	Q	S	T	A	V	L	I	F	Y	W	H	M	C	P
0	0.04698	0.00919	0.06947	0.00986	0.01259	0.00869	0.21480	0.15694	0.11331	0.09214	0.02263	0.02783	0.02141	0.11026	0.04240	0.00183	0.02693	0.00445	0.00301	0.00528
1	0.03398	0.00935	0.03565	0.00818	0.01038	0.13617	0.04589	0.11711	0.15844	0.13853	0.06395	0.09222	0.01192	0.00872	0.10933	0.00190	0.00498	0.00467	0.00339	0.00525
2	0.00663	0.00344	0.00509	0.00521	0.00524	0.00342	0.00347	0.00521	0.00547	0.00729	0.00876	0.11795	0.00931	0.01360	0.01419	0.77411	0.00330	0.00442	0.00197	0.00191
3	0.55391	0.00791	0.00759	0.00753	0.08565	0.00886	0.00532	0.14266	0.00877	0.01724	0.00722	0.00970	0.00614	0.11111	0.00506	0.00154	0.00353	0.00296	0.00265	0.00464
4	0.00984	0.00947	0.01491	0.37916	0.12543	0.05685	0.18785	0.14321	0.01031	0.01344	0.00766	0.01014	0.00580	0.00391	0.00409	0.00127	0.00547	0.00373	0.00221	0.00524
5	0.00900	0.00812	0.00896	0.08203	0.01136	0.06713	0.00563	0.05326	0.00896	0.01307	0.00711	0.00842	0.00581	0.00321	0.00313	0.00072	0.00353	0.00253	0.00236	0.69565
6	0.00949	0.03217	0.01117	0.42425	0.01875	0.00816	0.03800	0.09418	0.00940	0.09998	0.00888	0.03764	0.00704	0.03669	0.00443	0.00127	0.00448	0.00372	0.00251	0.14780
7	0.01131	0.39998	0.01666	0.00954	0.06332	0.16058	0.08006	0.08013	0.04081	0.01184	0.00685	0.00786	0.00573	0.00367	0.00322	0.00097	0.00485	0.00275	0.00214	0.08776

[dist]
# distance from previous block
# <min> <max>
0	2

[block]
# block no. 1 follows, 68 sequences, length 10
# corresponding to MSA columns:
# 76-85
name=unknown_B
#
# <colnr> <probs for GDERKNQSTAVLIFYWHMCP>
#	G	D	E	R	K	N	Q	S	T	A	V	L	I	F	Y	W	H	M	C	P
0	0.01019	0.43494	0.16923	0.07032	0.01322	0.01206	0.06732	0.05399	0.00894	0.05563	0.00735	0.00847	0.00584	0.00373	0.00319	0.00104	0.00459	0.00284	0.06182	0.00528
1	0.01027	0.06968	0.00875	0.02692	0.00911	0.03591	0.00549	0.05217	0.15718	0.19803	0.20766	0.03411	0.11990	0.00643	0.00452	0.00126	0.03838	0.00526	0.00386	0.00512
2	0.00741	0.00625	0.00750	0.00784	0.07133	0.06739	0.00542	0.06373	0.03626	0.01099	0.04867	0.03395	0.03344	0.14372	0.43332	0.00422	0.00744	0.00464	0.00251	0.00397
3	0.36551	0.25457	0.01064	0.00618	0.00857	0.03589	0.00535	0.06600	0.00852	0.01441	0.06745	0.01241	0.00913	0.05425	0.00404	0.00131	0.00362	0.06508	0.00255	0.00450
4	0.01192	0.10080	0.01216	0.02771	0.02815	0.07500	0.10506	0.02933	0.03431	0.25104	0.07045	0.01165	0.00938	0.00432	0.00394	0.00107	0.02584	0.00362	0.00314	0.19111
5	0.00655	0.00486	0.00651	0.00643	0.00732	0.00544	0.00496	0.05526	0.06323	0.01094	0.01275	0.07923	0.01239	0.08428	0.52857	0.00469	0.00786	0.06692	0.02798	0.00382
6	0.17296	0.15531	0.01145	0.00807	0.01054	0.31167	0.00656	0.13457	0.01062	0.06519	0.00736	0.00829	0.00587	0.00603	0.06818	0.00148	0.00553	0.00278	0.00253	0.00500
7	0.08746	0.03195	0.03685	0.01948	0.02359	0.03090	0.03809	0.13044	0.29596	0.07160	0.06716	0.02121	0.01057	0.00552	0.01584	0.00136	0.08144	0.00405	0.00337	0.02318
8	0.07830	0.00901	0.05749	0.00839	0.04868	0.07632	0.04669	0.17064	0.01023	0.09173	0.03797	0.01397	0.00936	0.19646	0.04440	0.00198	0.02286	0.00398	0.00287	0.06863
9	0.00792	0.19314	0.00991	0.00603	0.00828	0.00765	0.00503	0.06771	0.00890	0.01197	0.06228	0.03529	0.17297	0.03117	0.11504	0.00178	0.02677	0.00443	0.00269	0.22105

[dist]
# distance from previous block
# <min> <max>
0	19

[block]
# block no. 2 follows, 68 sequences, length 71
# corresponding to MSA columns:
# 105-117,121-131,134-161,166,193-210
name=unknown_C
#
# <colnr> <probs for GDERKNQSTAVLIFYWHMCP>
#	G	D	E	R	K	N	Q	S	T	A	V	L	I	F	Y	W	H	M	C	P
0	0.06715	0.06260	0.02443	0.00867	0.01142	0.17756	0.02938	0.28118	0.02909	0.16926	0.00951	0.01009	0.00702	0.00521	0.02540	0.00130	0.03412	0.01427	0.00327	0.02909
1	0.36125	0.06338	0.07089	0.00710	0.00944	0.03678	0.06754	0.03209	0.00780	0.06090	0.01775	0.03135	0.00784	0.13239	0.04590	0.00187	0.02558	0.01325	0.00250	0.00440
2	0.13894	0.00712	0.00792	0.00584	0.00918	0.00585	0.00470	0.01075	0.00818	0.05943	0.00730	0.00825	0.00586	0.00316	0.00292	0.00072	0.00298	0.00241	0.00251	0.70599
3	0.00898	0.00844	0.01097	0.04718	0.29593	0.08503	0.02935	0.05700	0.09147	0.01387	0.17433	0.01830	0.09873	0.00571	0.00422	0.00125	0.00396	0.03714	0.00300	0.00514
4	0.00935	0.00862	0.01468	0.01186	0.03345	0.00871	0.34421	0.06971	0.19839	0.03303	0.02527	0.01957	0.01182	0.00574	0.00463	0.00143	0.00483	0.18633	0.00308	0.00530
5	0.01094	0.01062	0.01167	0.10766	0.02928	0.20053	0.00848	0.01215	0.00809	0.09892	0.00680	0.00909	0.00571	0.00566	0.00866	0.00146	0.45411	0.00332	0.00215	0.00470
6	0.01005	0.00861	0.00907	0.00811	0.01038	0.00995	0.00632	0.04947	0.80005	0.01688	0.01590	0.01461	0.01191	0.00536	0.00403	0.00134	0.00318	0.00445	0.00403	0.00629
7	0.00944	0.01047	0.02213	0.01633	0.04754	0.00993	0.73700	0.03075	0.03279	0.01315	0.02445	0.01113	0.00683	0.00353	0.00462	0.00133	0.00637	0.00466	0.00215	0.00540
8	0.01122	0.01067	0.01916	0.04554	0.01818	0.02601	0.53013	0.22662	0.01186	0.04720	0.00863	0.01042	0.00631	0.00381	0.00442	0.00129	0.00590	0.00428	0.00262	0.00572
9	0.00822	0.00705	0.00822	0.00587	0.00940	0.00529	0.00470	0.00998	0.00822	0.01292	0.00705	0.00822	0.00587	0.00294	0.00294	0.00059	0.00294	0.00235	0.00235	0.88490
10	0.00570	0.00427	0.00458	0.00445	0.00583	0.00368	0.00335	0.00702	0.02836	0.06266	0.09729	0.07647	0.66312	0.00959	0.00465	0.00134	0.00212	0.00806	0.00382	0.00365
11	0.00550	0.00406	0.00515	0.00491	0.00591	0.00371	0.00371	0.00725	0.01086	0.01506	0.70050	0.03122	0.14872	0.00845	0.00470	0.00128	0.00194	0.02913	0.00425	0.00368
12	0.00986	0.00852	0.00897	0.00807	0.01031	0.00986	0.00628	0.02107	0.82876	0.01659	0.01614	0.01479	0.01210	0.00538	0.00403	0.00134	0.00314	0.00448	0.00403	0.00628
13	0.88866	0.00767	0.00583	0.00521	0.00767	0.00889	0.00429	0.01166	0.00675	0.01779	0.00552	0.00644	0.00429	0.00368	0.00245	0.00123	0.00307	0.00215	0.00245	0.00429
14	0.01009	0.00863	0.00909	0.00811	0.01040	0.00997	0.00633	0.05545	0.79402	0.01695	0.01585	0.01457	0.01187	0.00535	0.00403	0.00134	0.00319	0.00444	0.00403	0.00630
15	0.01507	0.01111	0.01190	0.00912	0.01230	0.01230	0.00754	0.82270	0.01864	0.02499	0.00952	0.00952	0.00674	0.00476	0.00397	0.00119	0.00436	0.00357	0.00397	0.00674
16	0.00559	0.00405	0.00527	0.00496	0.00591	0.00373	0.00372	0.00744	0.01117	0.01577	0.81367	0.02983	0.05766	0.00815	0.00468	0.00125	0.00187	0.00720	0.00435	0.00373
17	0.00507	0.00413	0.00455	0.00484	0.00572	0.02129	0.00345	0.00607	0.00882	0.01112	0.13240	0.34444	0.41281	0.01057	0.00480	0.00142	0.00221	0.00918	0.00373	0.00338
18	0.31394	0.00779	0.00850	0.00677	0.00965	0.00796	0.00559	0.15147	0.01100	0.42261	0.01117	0.01043	0.00742	0.00446	0.00346	0.00122	0.00344	0.00329	0.00391	0.00591
19	0.00579	0.00426	0.00519	0.00541	0.00633	0.00399	0.00405	0.04266	0.00935	0.02258	0.17542	0.30156	0.24466	0.03190	0.00527	0.00153	0.00247	0.12017	0.00380	0.00359
20	0.00981	0.00942	0.01601	0.02376	0.79982	0.00944	0.02483	0.01243	0.03205	0.01305	0.00771	0.00997	0.00644	0.00358	0.00394	0.00118	0.00470	0.00358	0.00202	0.00627
21	0.00572	0.00403	0.00529	0.00529	0.00562	0.00437	0.00361	0.00638	0.00605	0.00840	0.01161	0.02106	0.01229	0.46929	0.40865	0.00503	0.00704	0.00505	0.00227	0.00294
22	0.01143	0.08532	0.01476	0.05913	0.46998	0.19622	0.01018	0.05503	0.00996	0.04064	0.00736	0.00907	0.00601	0.00378	0.00373	0.00112	0.00518	0.00321	0.00215	0.00575
23	0.16836	0.46152	0.03579	0.00817	0.04991	0.17550	0.00696	0.02324	0.01968	0.01147	0.00596	0.00690	0.00512	0.00364	0.00286	0.00099	0.00465	0.00235	0.00197	0.00496
24	0.88866	0.00767	0.00583	0.00521	0.00767	0.00889	0.00429	0.01166	0.00675	0.01779	0.00552	0.00644	0.00429	0.00368	0.00245	0.00123	0.00307	0.00215	0.00245	0.00429
25	0.00554	0.00417	0.00514	0.00488	0.00593	0.00384	0.00366	0.00750	0.03425	0.01485	0.64625	0.03096	0.20145	0.00843	0.00466	0.00127	0.00194	0.00734	0.00421	0.00373
26	0.00626	0.00435	0.00550	0.00556	0.00672	0.00401	0.00449	0.00785	0.00994	0.05792	0.30458	0.03599	0.25731	0.00939	0.00490	0.00146	0.00256	0.26348	0.00397	0.00376
27	0.00529	0.00409	0.00492	0.00531	0.00631	0.00372	0.00417	0.00656	0.00902	0.01141	0.10130	0.17402	0.39412	0.01053	0.00498	0.00152	0.00252	0.24304	0.00373	0.00345
28	0.01749	0.00681	0.00919	0.00709	0.01013	0.00598	0.00584	0.01939	0.04236	0.80748	0.01566	0.01354	0.00990	0.00493	0.00399	0.00123	0.00336	0.00401	0.00487	0.00673
29	0.01722	0.00694	0.00923	0.00716	0.01017	0.00621	0.00589	0.03357	0.06542	0.77010	0.01557	0.01351	0.00991	0.00494	0.00399	0.00123	0.00338	0.00401	0.00483	0.00672
30	0.01060	0.86304	0.02078	0.00678	0.01018	0.01569	0.00678	0.01187	0.00806	0.00933	0.00551	0.00636	0.00509	0.00339	0.00254	0.00085	0.00424	0.00212	0.00170	0.00509
31	0.01294	0.01547	0.01059	0.04524	0.01215	0.60077	0.00750	0.01523	0.10172	0.01074	0.00822	0.01048	0.00700	0.00477	0.00426	0.00115	0.05415	0.04669	0.02625	0.00469
32	0.00492	0.00353	0.00469	0.00553	0.00584	0.00330	0.00377	0.00571	0.00784	0.01045	0.05814	0.77488	0.04271	0.01213	0.00505	0.00160	0.00233	0.04062	0.00371	0.00326
33	0.29829	0.00704	0.00811	0.00646	0.00933	0.00682	0.00533	0.01685	0.00987	0.57427	0.01238	0.01122	0.00804	0.00451	0.00349	0.00123	0.00328	0.00339	0.00412	0.00596
34	0.01524	0.01084	0.01173	0.00899	0.01216	0.01189	0.00743	0.77282	0.01819	0.07552	0.00990	0.00977	0.00693	0.00477	0.00397	0.00119	0.00430	0.00360	0.00402	0.00674
35	0.00566	0.00425	0.00637	0.00637	0.00708	0.00496	0.00496	0.00708	0.00637	0.00920	0.01062	0.01558	0.00991	0.02974	0.84494	0.00637	0.01062	0.00425	0.00212	0.00354
36	0.88866	0.00767	0.00583	0.00521	0.00767	0.00889	0.00429	0.01166	0.00675	0.01779	0.00552	0.00644	0.00429	0.00368	0.00245	0.00123	0.00307	0.00215	0.00245	0.00429
37	0.01507	0.01111	0.01190	0.00912	0.01230	0.01230	0.00754	0.82270	0.01864	0.02499	0.00952	0.00952	0.00674	0.00476	0.00397	0.00119	0.00436	0.00357	0.00397	0.00674
38	0.00483	0.00345	0.00460	0.00552	0.00575	0.00322	0.00368	0.00552	0.00759	0.01012	0.02185	0.85807	0.02622	0.01242	0.00506	0.00161	0.00230	0.01127	0.00368	0.00322
39	0.01433	0.00587	0.00797	0.00664	0.00895	0.00513	0.00525	0.01563	0.01034	0.61719	0.01730	0.23926	0.01420	0.00692	0.00427	0.00133	0.00309	0.00593	0.00458	0.00580
40	0.00756	0.00719	0.01233	0.81947	0.02706	0.00886	0.04176	0.01023	0.00798	0.01023	0.00708	0.01058	0.00531	0.00394	0.00399	0.00132	0.00534	0.00357	0.00177	0.00444
41	0.00572	0.00386	0.00438	0.00438	0.00446	0.00386	0.00251	0.00581	0.00591	0.00785	0.01348	0.02606	0.04537	0.80034	0.04743	0.00383	0.00400	0.00581	0.00244	0.00248
42	0.01044	0.04696	0.01140	0.08522	0.14555	0.13926	0.01902	0.05954	0.33918	0.01402	0.01148	0.01316	0.00922	0.00533	0.02042	0.00135	0.00454	0.04418	0.00298	0.01676
43	0.03612	0.58667	0.01754	0.00772	0.01073	0.23138	0.00697	0.04412	0.00926	0.01026	0.00583	0.00669	0.00513	0.00363	0.00286	0.00092	0.00497	0.00229	0.00189	0.00500
44	0.00558	0.00461	0.02068	0.00511	0.00634	0.00407	0.00403	0.00762	0.05113	0.01349	0.39746	0.04754	0.32940	0.00893	0.00471	0.00134	0.00222	0.07801	0.00397	0.00374
45	0.00904	0.05723	0.26828	0.05112	0.29907	0.02290	0.12441	0.01240	0.03980	0.01238	0.00787	0.02947	0.00639	0.00401	0.00430	0.00125	0.03878	0.00363	0.00197	0.00571
46	0.00749	0.00705	0.01189	0.85113	0.02731	0.00881	0.01101	0.01013	0.00793	0.01013	0.00705	0.01057	0.00529	0.00396	0.00396	0.00132	0.00529	0.00352	0.00176	0.00440
47	0.00488	0.00353	0.00463	0.00550	0.00582	0.00328	0.00374	0.00563	0.00774	0.01022	0.02291	0.77864	0.07397	0.01223	0.00505	0.00160	0.00233	0.04137	0.00368	0.00324
48	0.00762	0.00649	0.00924	0.27552	0.05761	0.00746	0.01804	0.02787	0.07447	0.03442	0.02709	0.04537	0.15559	0.08426	0.02355	0.00169	0.10938	0.00502	0.02498	0.00432
49	0.02791	0.00842	0.01239	0.03640	0.20960	0.00799	0.10594	0.08976	0.06329	0.09206	0.03777	0.01073	0.00790	0.00387	0.00373	0.00104	0.00404	0.00352	0.00277	0.27087
50	0.00564	0.00395	0.00484	0.00470	0.00522	0.00377	0.00315	0.00667	0.00875	0.01214	0.44773	0.04858	0.03961	0.37545	0.01136	0.00238	0.00273	0.00669	0.00349	0.00315
51	0.59452	0.05934	0.00791	0.00614	0.00871	0.06027	0.01500	0.03489	0.00814	0.13181	0.00751	0.02708	0.00577	0.00408	0.00288	0.00119	0.00349	0.00271	0.00279	0.01578
52	0.01062	0.20914	0.18254	0.03451	0.13045	0.14044	0.06903	0.07094	0.06581	0.01255	0.00749	0.00867	0.00594	0.00383	0.00356	0.00110	0.00519	0.00305	0.00215	0.03298
53	0.01246	0.01324	0.11927	0.03376	0.04208	0.20911	0.00865	0.27879	0.08059	0.04219	0.00860	0.00948	0.00654	0.00530	0.02571	0.00136	0.09104	0.00334	0.00284	0.00567
54	0.01137	0.00865	0.00937	0.00804	0.01048	0.00969	0.00636	0.16693	0.57263	0.09332	0.04811	0.01431	0.01194	0.00533	0.00404	0.00130	0.00333	0.00438	0.00412	0.00630
55	0.00545	0.00402	0.00510	0.00495	0.00589	0.00367	0.00371	0.00712	0.01063	0.01469	0.64791	0.08462	0.14825	0.00873	0.00472	0.00130	0.00197	0.02939	0.00421	0.00365
56	0.00530	0.00401	0.00490	0.00475	0.00575	0.00360	0.00353	0.00686	0.01039	0.01409	0.56091	0.08248	0.26110	0.00891	0.00470	0.00130	0.00194	0.00776	0.00413	0.00360
57	0.88866	0.00767	0.00583	0.00521	0.00767	0.00889	0.00429	0.01166	0.00675	0.01779	0.00552	0.00644	0.00429	0.00368	0.00245	0.00123	0.00307	0.00215	0.00245	0.00429
58	0.00967	0.00489	0.00608	0.00531	0.00672	0.00442	0.00387	0.01062	0.00898	0.29369	0.12864	0.03683	0.15198	0.29945	0.00976	0.00215	0.00309	0.00586	0.00375	0.00424
59	0.36373	0.00954	0.00936	0.00747	0.01035	0.01065	0.00617	0.46324	0.01357	0.05845	0.00820	0.00847	0.00590	0.00434	0.00336	0.00121	0.00380	0.00302	0.00340	0.00577
60	0.88866	0.00767	0.00583	0.00521	0.00767	0.00889	0.00429	0.01166	0.00675	0.01779	0.00552	0.00644	0.00429	0.00368	0.00245	0.00123	0.00307	0.00215	0.00245	0.00429
61	0.01060	0.86304	0.02078	0.00678	0.01018	0.01569	0.00678	0.01187	0.00806	0.00933	0.00551	0.00636	0.00509	0.00339	0.00254	0.00085	0.00424	0.00212	0.00170	0.00509
62	0.00545	0.00415	0.00508	0.00522	0.00628	0.00379	0.00413	0.00696	0.00982	0.01287	0.32449	0.06034	0.32104	0.00963	0.00489	0.00143	0.00237	0.20460	0.00392	0.00356
63	0.01519	0.01091	0.01178	0.00903	0.01220	0.01201	0.00746	0.78668	0.01831	0.06148	0.00979	0.00970	0.00688	0.00477	0.00397	0.00119	0.00432	0.00359	0.00401	0.00674
64	0.01060	0.86304	0.02078	0.00678	0.01018	0.01569	0.00678	0.01187	0.00806	0.00933	0.00551	0.00636	0.00509	0.00339	0.00254	0.00085	0.00424	0.00212	0.00170	0.00509
65	0.00619	0.00426	0.00583	0.00642	0.00704	0.00431	0.00517	0.00729	0.00787	0.01037	0.01735	0.07001	0.01892	0.16568	0.08229	0.08040	0.00422	0.49000	0.00312	0.00323
66	0.00936	0.01070	0.02340	0.01671	0.02072	0.01003	0.82152	0.01270	0.00936	0.01270	0.00802	0.01070	0.00602	0.00334	0.00468	0.00134	0.00668	0.00468	0.00201	0.00535
67	0.00691	0.00618	0.00948	0.00834	0.00931	0.03029	0.10802	0.00830	0.00682	0.00963	0.00963	0.04581	0.00919	0.05372	0.48490	0.02614	0.15697	0.00443	0.00210	0.00383
68	0.00484	0.00382	0.00437	0.00466	0.00556	0.00335	0.00333	0.00583	0.00876	0.01107	0.12097	0.33063	0.45742	0.01068	0.00482	0.00143	0.00210	0.00928	0.00376	0.00335
69	0.00929	0.30392	0.17108	0.03546	0.06940	0.01150	0.25236	0.01188	0.00853	0.01130	0.01945	0.00965	0.02071	0.01702	0.00422	0.00119	0.03245	0.00345	0.00189	0.00525
70	0.00832	0.02133	0.03303	0.50885	0.10973	0.02090	0.01036	0.02132	0.01746	0.02034	0.00724	0.02693	0.00593	0.00468	0.00567	0.00137	0.16628	0.00364	0.00191	0.00470

[dist]
# distance from previous block
# <min> <max>
0	1

[block]
# block no. 3 follows, 68 sequences, length 9
# corresponding to MSA columns:
# 212-220
name=unknown_D
#
# <colnr> <probs for GDERKNQSTAVLIFYWHMCP>
#	G	D	E	R	K	N	Q	S	T	A	V	L	I	F	Y	W	H	M	C	P
0	0.00639	0.00593	0.05517	0.00714	0.00803	0.00569	0.02394	0.04085	0.00833	0.01140	0.06829	0.42697	0.04217	0.02741	0.00648	0.00163	0.13334	0.11379	0.00325	0.00381
1	0.00487	0.00352	0.00462	0.00542	0.00574	0.00326	0.00365	0.00566	0.00789	0.01052	0.07545	0.76673	0.06392	0.01203	0.00502	0.00157	0.00226	0.01087	0.00373	0.00326
2	0.03864	0.18086	0.23264	0.00997	0.03464	0.08640	0.09530	0.04156	0.13801	0.01274	0.00998	0.03111	0.03696	0.00454	0.00385	0.00120	0.01860	0.01522	0.00238	0.00538
3	0.06546	0.19690	0.19808	0.01005	0.06631	0.05749	0.06531	0.15543	0.03125	0.05921	0.00810	0.00957	0.00638	0.04875	0.00440	0.00128	0.00482	0.00320	0.00247	0.00555
4	0.00534	0.00416	0.00605	0.09546	0.00863	0.00411	0.03121	0.00640	0.00785	0.01034	0.02085	0.64887	0.06994	0.01101	0.00493	0.00157	0.00282	0.05359	0.00342	0.00345
5	0.00872	0.14061	0.15325	0.00762	0.01023	0.00761	0.04187	0.06089	0.00982	0.09229	0.14358	0.06434	0.08283	0.02493	0.00456	0.00136	0.00379	0.13380	0.00317	0.00476
6	0.00626	0.00587	0.04007	0.03649	0.00791	0.00539	0.00467	0.00999	0.20740	0.01258	0.09576	0.07104	0.46482	0.00839	0.00448	0.00134	0.00256	0.00708	0.00367	0.00422
7	0.02934	0.16082	0.33699	0.07114	0.08499	0.01047	0.05088	0.09503	0.04517	0.06709	0.00806	0.00910	0.00599	0.00392	0.00365	0.00118	0.00499	0.00315	0.00229	0.00576
8	0.00924	0.06431	0.65831	0.01088	0.01597	0.14961	0.01307	0.01307	0.00883	0.01191	0.00687	0.00806	0.00504	0.00380	0.00367	0.00120	0.00599	0.00282	0.00174	0.00561

[dist]
# distance from previous block
# <min> <max>
6	34

[block]
# block no. 4 follows, 68 sequences, length 36
# corresponding to MSA columns:
# 256-291
name=unknown_E
#
# <colnr> <probs for GDERKNQSTAVLIFYWHMCP>
#	G	D	E	R	K	N	Q	S	T	A	V	L	I	F	Y	W	H	M	C	P
0	0.03191	0.04593	0.12515	0.01009	0.03076	0.08303	0.03070	0.04543	0.04474	0.03718	0.00690	0.00896	0.00582	0.00570	0.02072	0.00147	0.39334	0.00326	0.00213	0.06678
1	0.07191	0.02117	0.02752	0.05847	0.03365	0.05255	0.08700	0.16601	0.12455	0.08043	0.07068	0.02874	0.03054	0.00610	0.03233	0.00146	0.07002	0.01830	0.01325	0.00532
2	0.00493	0.00352	0.00471	0.00563	0.00590	0.00330	0.00385	0.00569	0.00769	0.01023	0.02180	0.80743	0.02601	0.01233	0.00509	0.00162	0.00238	0.06095	0.00368	0.00325
3	0.12064	0.01168	0.02301	0.10450	0.10805	0.25541	0.04678	0.06899	0.10304	0.03513	0.00812	0.00948	0.00639	0.00508	0.03025	0.00137	0.05120	0.00326	0.00247	0.00513
4	0.01341	0.00729	0.00900	0.00683	0.01001	0.00637	0.00555	0.06973	0.07373	0.41108	0.01205	0.01135	0.00831	0.00419	0.00360	0.00099	0.00326	0.00338	0.00382	0.33606
5	0.01306	0.00966	0.05624	0.04293	0.12223	0.03096	0.03265	0.24586	0.04605	0.22590	0.01037	0.01056	0.00735	0.00427	0.00383	0.00113	0.00417	0.00351	0.00340	0.12585
6	0.01110	0.01397	0.07652	0.01116	0.01349	0.38433	0.18649	0.01291	0.00932	0.01046	0.00719	0.00959	0.00608	0.02354	0.10922	0.00190	0.10266	0.00342	0.00199	0.00466
7	0.00501	0.00386	0.00459	0.00483	0.00571	0.00344	0.00351	0.00615	0.00911	0.01180	0.22394	0.29621	0.36112	0.01036	0.00483	0.00142	0.00212	0.03473	0.00384	0.00341
8	0.00730	0.00652	0.00896	0.00803	0.00818	0.00854	0.00631	0.00807	0.00606	0.00901	0.00818	0.01446	0.00851	0.22510	0.19251	0.00325	0.46112	0.00421	0.00198	0.00368
9	0.00952	0.01438	0.39845	0.05936	0.12509	0.03182	0.01127	0.02821	0.20559	0.06254	0.00984	0.01052	0.00722	0.00423	0.00387	0.00126	0.00488	0.00348	0.00252	0.00597
10	0.00564	0.00421	0.00626	0.00629	0.00697	0.00487	0.00485	0.00700	0.00639	0.00919	0.01101	0.04159	0.01053	0.05082	0.79783	0.00616	0.01019	0.00450	0.00218	0.00350
11	0.00489	0.00351	0.00466	0.00555	0.00584	0.00328	0.00377	0.00564	0.00770	0.01021	0.02238	0.79879	0.05113	0.01229	0.00507	0.00161	0.00235	0.04441	0.00368	0.00324
12	0.04176	0.00942	0.01110	0.00858	0.01162	0.00991	0.03991	0.46865	0.06437	0.25985	0.01147	0.01099	0.00786	0.00491	0.00417	0.01707	0.00404	0.00375	0.00408	0.00649
13	0.01027	0.00963	0.01356	0.27234	0.34766	0.10227	0.03375	0.03734	0.04235	0.06224	0.00806	0.01016	0.00628	0.00399	0.00413	0.00123	0.02350	0.00352	0.00223	0.00549
14	0.00560	0.00414	0.00540	0.02723	0.00660	0.00395	0.00401	0.00748	0.03646	0.01421	0.56198	0.22678	0.05255	0.00903	0.00474	0.00135	0.00213	0.01856	0.00410	0.00370
15	0.00583	0.00414	0.00564	0.00644	0.00705	0.00409	0.00513	0.00712	0.00826	0.01086	0.02016	0.29243	0.02271	0.09345	0.02947	0.00208	0.00344	0.46479	0.00350	0.00340
16	0.00566	0.00425	0.00637	0.00637	0.00708	0.00496	0.00496	0.00708	0.00637	0.00920	0.01062	0.01558	0.00991	0.02974	0.84494	0.00637	0.01062	0.00425	0.00212	0.00354
17	0.07733	0.01163	0.03992	0.09026	0.14180	0.19818	0.12427	0.11107	0.01053	0.10097	0.00804	0.00941	0.00607	0.00416	0.00433	0.00122	0.04945	0.00340	0.00254	0.00544
18	0.00758	0.00714	0.01206	0.81814	0.05957	0.00883	0.01106	0.01021	0.00797	0.01024	0.00706	0.01054	0.00533	0.00395	0.00396	0.00132	0.00526	0.00352	0.00177	0.00448
19	0.00749	0.00705	0.01189	0.85113	0.02731	0.00881	0.01101	0.01013	0.00793	0.01013	0.00705	0.01057	0.00529	0.00396	0.00396	0.00132	0.00529	0.00352	0.00176	0.00440
20	0.01460	0.01192	0.01148	0.00911	0.01203	0.12933	0.00739	0.64878	0.06210	0.02217	0.00947	0.00958	0.00688	0.00470	0.00389	0.00117	0.00464	0.00348	0.02094	0.00635
21	0.00989	0.13456	0.08547	0.02009	0.60097	0.03287	0.03598	0.01227	0.00890	0.01230	0.00713	0.00915	0.00596	0.00354	0.00372	0.00114	0.00486	0.00329	0.00190	0.00600
22	0.02783	0.00452	0.00589	0.00592	0.00658	0.00450	0.03657	0.00735	0.02965	0.01029	0.05379	0.10843	0.05228	0.38750	0.01175	0.00261	0.00355	0.23474	0.00305	0.00320
23	0.01290	0.40251	0.01557	0.00866	0.01131	0.46799	0.00726	0.01403	0.00979	0.00953	0.00585	0.00679	0.00510	0.00377	0.00311	0.00094	0.00583	0.00236	0.00189	0.00482
24	0.00822	0.00705	0.00822	0.00587	0.00940	0.00529	0.00470	0.00998	0.00822	0.01292	0.00705	0.00822	0.00587	0.00294	0.00294	0.00059	0.00294	0.00235	0.00235	0.88490
25	0.00492	0.00354	0.00469	0.00548	0.00577	0.00337	0.00369	0.00564	0.00748	0.00998	0.02128	0.74314	0.04934	0.04735	0.06216	0.00201	0.00291	0.01049	0.00352	0.00321
26	0.00689	0.00344	0.00517	0.00517	0.00517	0.00344	0.00344	0.00517	0.00517	0.00689	0.00689	0.01205	0.00689	0.01377	0.01550	0.88464	0.00344	0.00344	0.00172	0.00172
27	0.01481	0.01890	0.01124	0.01021	0.01226	0.84474	0.00766	0.01583	0.01124	0.00970	0.00613	0.00715	0.00511	0.00409	0.00358	0.00102	0.00715	0.00255	0.00204	0.00460
28	0.01401	0.00835	0.01185	0.00919	0.01183	0.00862	0.11341	0.17793	0.03661	0.38248	0.03528	0.01279	0.00917	0.00520	0.00542	0.00132	0.12571	0.02096	0.00382	0.00605
29	0.00503	0.00376	0.00452	0.00486	0.00549	0.00342	0.00335	0.00593	0.00838	0.01096	0.16169	0.38694	0.25424	0.11463	0.00674	0.00175	0.00233	0.00910	0.00364	0.00324
30	0.00496	0.00372	0.00460	0.00503	0.00569	0.00336	0.00353	0.00598	0.00873	0.01150	0.19975	0.47730	0.22958	0.01091	0.00489	0.00147	0.00214	0.00967	0.00383	0.00336
31	0.00561	0.00415	0.00525	0.00502	0.00599	0.00386	0.00375	0.00761	0.03614	0.01507	0.68321	0.07910	0.11342	0.00847	0.00468	0.00128	0.00195	0.00745	0.00425	0.00375
32	0.34748	0.00717	0.00793	0.00638	0.00918	0.00713	0.00526	0.03802	0.00980	0.49109	0.02601	0.01100	0.00812	0.00449	0.00342	0.00123	0.00326	0.00333	0.00394	0.00576
33	0.88866	0.00767	0.00583	0.00521	0.00767	0.00889	0.00429	0.01166	0.00675	0.01779	0.00552	0.00644	0.00429	0.00368	0.00245	0.00123	0.00307	0.00215	0.00245	0.00429
34	0.00594	0.00398	0.00500	0.00513	0.00568	0.00381	0.00353	0.00686	0.02351	0.03650	0.20734	0.25599	0.07872	0.22920	0.02773	0.06098	0.00292	0.03058	0.00339	0.00323
35	0.01030	0.50802	0.16437	0.03220	0.06578	0.07216	0.04130	0.03376	0.00871	0.01073	0.00628	0.00749	0.00530	0.00391	0.01397	0.00107	0.00498	0.00259	0.00181	0.00528

[dist]
# distance from previous block
# <min> <max>
1	10

[block]
# block no. 5 follows, 68 sequences, length 40
# corresponding to MSA columns:
# 325-364
name=unknown_F
#
# <colnr> <probs for GDERKNQSTAVLIFYWHMCP>
#	G	D	E	R	K	N	Q	S	T	A	V	L	I	F	Y	W	H	M	C	P
0	0.42221	0.11947	0.02185	0.07148	0.08343	0.07373	0.03018	0.07774	0.00875	0.03823	0.00657	0.00771	0.00514	0.00379	0.00305	0.00116	0.00409	0.00265	0.00240	0.01636
1	0.00983	0.04160	0.19043	0.04687	0.36681	0.00930	0.04832	0.02955	0.11082	0.06688	0.03480	0.01092	0.00785	0.00407	0.00392	0.00122	0.00467	0.00367	0.00245	0.00600
2	0.02678	0.00741	0.00905	0.06514	0.02493	0.00629	0.01805	0.07510	0.00916	0.03186	0.02402	0.00906	0.00660	0.00333	0.00318	0.00075	0.00329	0.00271	0.00252	0.67076
3	0.00591	0.00403	0.00460	0.00457	0.00469	0.00412	0.00268	0.00639	0.03560	0.00809	0.01253	0.02499	0.01409	0.78563	0.06332	0.00389	0.00418	0.00564	0.00245	0.00260
4	0.00504	0.00362	0.00476	0.00556	0.00589	0.00341	0.00377	0.01891	0.00794	0.01059	0.04876	0.78795	0.04212	0.01208	0.00503	0.00159	0.00234	0.02361	0.00371	0.00330
5	0.10802	0.00793	0.01046	0.16974	0.08713	0.00822	0.00753	0.16149	0.01132	0.37179	0.01108	0.01113	0.00749	0.00445	0.00381	0.00123	0.00400	0.00359	0.00361	0.00600
6	0.00945	0.00636	0.00809	0.00710	0.00861	0.00707	0.00564	0.21063	0.00995	0.09962	0.01081	0.01406	0.00915	0.06118	0.44369	0.00404	0.04365	0.00408	0.03213	0.00465
7	0.00964	0.00511	0.00669	0.00576	0.00743	0.00468	0.00450	0.02243	0.03484	0.27233	0.53102	0.02404	0.04105	0.00702	0.00443	0.00124	0.00241	0.00607	0.00451	0.00478
8	0.01117	0.74881	0.01949	0.00725	0.01046	0.12788	0.00690	0.01241	0.00849	0.00938	0.00560	0.00647	0.00509	0.00349	0.00268	0.00087	0.00463	0.00218	0.00174	0.00502
9	0.00487	0.00348	0.00465	0.00557	0.00582	0.00326	0.00376	0.00560	0.00763	0.01017	0.02183	0.83544	0.02613	0.01238	0.00507	0.00162	0.00234	0.03348	0.00368	0.00323
10	0.00542	0.00423	0.00612	0.13538	0.03822	0.00430	0.00509	0.00649	0.00778	0.01032	0.03198	0.66931	0.03889	0.01070	0.00484	0.00154	0.00283	0.00969	0.00334	0.00352
11	0.88866	0.00767	0.00583	0.00521	0.00767	0.00889	0.00429	0.01166	0.00675	0.01779	0.00552	0.00644	0.00429	0.00368	0.00245	0.00123	0.00307	0.00215	0.00245	0.00429
12	0.00882	0.00745	0.00800	0.00722	0.00910	0.02269	0.00558	0.03625	0.55426	0.01647	0.25661	0.01890	0.01931	0.00614	0.00421	0.00131	0.00286	0.00522	0.00410	0.00551
13	0.01037	0.00839	0.00912	0.00832	0.02826	0.00953	0.00635	0.03658	0.72795	0.06721	0.03220	0.01480	0.01224	0.00535	0.00404	0.00133	0.00319	0.00447	0.00405	0.00626
14	0.00570	0.00412	0.00574	0.00574	0.00623	0.00461	0.00416	0.00667	0.00618	0.00873	0.01120	0.01879	0.01131	0.28731	0.58928	0.00559	0.00852	0.00472	0.00221	0.00319
15	0.08723	0.01017	0.01147	0.00901	0.01188	0.01133	0.04617	0.54013	0.12114	0.05256	0.00998	0.01011	0.00723	0.00480	0.00435	0.00125	0.04760	0.00363	0.00368	0.00629
16	0.04416	0.00870	0.01029	0.00791	0.01100	0.00878	0.00653	0.37424	0.01443	0.45297	0.01261	0.01151	0.00828	0.00480	0.00393	0.00121	0.00380	0.00374	0.00441	0.00667
17	0.00967	0.00803	0.00950	0.00742	0.04011	0.00701	0.01947	0.16764	0.03562	0.01536	0.00784	0.00878	0.00625	0.00339	0.00323	0.00076	0.00335	0.00273	0.00269	0.64113
18	0.01339	0.00917	0.01027	0.00837	0.01104	0.01009	0.00677	0.32793	0.31966	0.18327	0.01303	0.01225	0.00929	0.00511	0.00438	0.00128	0.04014	0.00399	0.00408	0.00647
19	0.00482	0.00363	0.00447	0.00513	0.00568	0.00328	0.00354	0.00561	0.00802	0.01031	0.02692	0.61689	0.25059	0.01174	0.00496	0.00154	0.00224	0.02368	0.00368	0.00326
20	0.04911	0.00681	0.00903	0.00697	0.00998	0.00602	0.00575	0.03312	0.01126	0.78071	0.01512	0.01319	0.00957	0.00486	0.00391	0.00122	0.00335	0.00391	0.01951	0.00661
21	0.01032	0.00874	0.00922	0.00816	0.01048	0.01008	0.00639	0.09130	0.75778	0.01732	0.01556	0.01433	0.01163	0.00532	0.00403	0.00133	0.00325	0.00440	0.00403	0.00632
22	0.88866	0.00767	0.00583	0.00521	0.00767	0.00889	0.00429	0.01166	0.00675	0.01779	0.00552	0.00644	0.00429	0.00368	0.00245	0.00123	0.00307	0.00215	0.00245	0.00429
23	0.00574	0.00394	0.00483	0.00483	0.00501	0.00412	0.00304	0.00609	0.00592	0.00806	0.01203	0.02337	0.01330	0.65409	0.22522	0.00447	0.00553	0.00539	0.00233	0.00269
24	0.82842	0.00760	0.00606	0.00534	0.00784	0.00868	0.00440	0.01219	0.00707	0.07457	0.00622	0.00693	0.00468	0.00377	0.00256	0.00123	0.00309	0.00227	0.00262	0.00446
25	0.01596	0.00777	0.00974	0.00767	0.01052	0.00758	0.00634	0.23564	0.01302	0.53826	0.01422	0.02960	0.00997	0.00540	0.00426	0.00127	0.01998	0.05185	0.00449	0.00645
26	0.00858	0.00726	0.01020	0.00910	0.00957	0.00946	0.00757	0.00973	0.00699	0.07265	0.00922	0.01562	0.00896	0.01066	0.12987	0.00237	0.53676	0.12879	0.00233	0.00430
27	0.00493	0.00364	0.00465	0.00541	0.00589	0.00335	0.00379	0.00577	0.00796	0.01037	0.02491	0.65121	0.16376	0.01189	0.00503	0.00158	0.00236	0.07654	0.00368	0.00328
28	0.01779	0.00675	0.00920	0.00705	0.01012	0.00583	0.00583	0.01932	0.01135	0.83867	0.01564	0.01350	0.00981	0.00491	0.00399	0.00123	0.00337	0.00399	0.00491	0.00675
29	0.00772	0.00814	0.01401	0.01078	0.01332	0.05734	0.39660	0.01007	0.02175	0.01217	0.10178	0.09225	0.22348	0.00640	0.00464	0.00133	0.00459	0.00631	0.00285	0.00446
30	0.00822	0.00705	0.00822	0.00587	0.00940	0.00529	0.00470	0.00998	0.00822	0.01292	0.00705	0.00822	0.00587	0.00294	0.00294	0.00059	0.00294	0.00235	0.00235	0.88490
31	0.00493	0.00374	0.00457	0.00511	0.00579	0.00338	0.00364	0.00587	0.00838	0.01078	0.07721	0.48905	0.28941	0.01129	0.00494	0.00151	0.00227	0.06110	0.00372	0.00332
32	0.00521	0.00372	0.00503	0.00595	0.00635	0.00354	0.00433	0.00617	0.00796	0.01054	0.02165	0.66187	0.02540	0.01207	0.00516	0.00166	0.00263	0.20376	0.00367	0.00332
33	0.00749	0.00705	0.01189	0.85113	0.02731	0.00881	0.01101	0.01013	0.00793	0.01013	0.00705	0.01057	0.00529	0.00396	0.00396	0.00132	0.00529	0.00352	0.00176	0.00440
34	0.00908	0.00954	0.04292	0.36167	0.34099	0.06348	0.08098	0.01175	0.01974	0.01160	0.00736	0.01004	0.00581	0.00376	0.00398	0.00125	0.00529	0.00356	0.00191	0.00531
35	0.00823	0.00525	0.01839	0.04249	0.00828	0.00509	0.00505	0.04111	0.00964	0.16349	0.24483	0.23718	0.05133	0.01029	0.08117	0.00184	0.04025	0.01801	0.00377	0.00432
36	0.00798	0.00465	0.00592	0.00540	0.00671	0.00430	0.00409	0.00981	0.03721	0.16995	0.42352	0.08059	0.10532	0.06157	0.01957	0.00153	0.00253	0.01741	0.02771	0.00423
37	0.00921	0.22745	0.22165	0.00752	0.01153	0.00892	0.00777	0.01154	0.00835	0.05396	0.00718	0.00827	0.00576	0.01391	0.00331	0.00089	0.00404	0.00256	0.00214	0.38402
38	0.11075	0.31772	0.10952	0.08266	0.04092	0.03346	0.00788	0.03254	0.10042	0.04413	0.00779	0.00884	0.00624	0.00488	0.03270	0.00129	0.03238	0.00290	0.00227	0.02072
39	0.01832	0.21546	0.40709	0.11316	0.02919	0.03577	0.01095	0.01160	0.00821	0.01124	0.00759	0.06326	0.00648	0.00434	0.00381	0.00119	0.02871	0.00335	0.00186	0.01843

[dist]
# distance from previous block
# <min> <max>
0	6

[block]
# block no. 6 follows, 68 sequences, length 38
# corresponding to MSA columns:
# 371-408
name=unknown_G
#
# <colnr> <probs for GDERKNQSTAVLIFYWHMCP>
#	G	D	E	R	K	N	Q	S	T	A	V	L	I	F	Y	W	H	M	C	P
0	0.02223	0.00771	0.14746	0.00680	0.00903	0.00570	0.00630	0.02045	0.02573	0.14877	0.23042	0.03609	0.08079	0.01044	0.14761	0.01558	0.02208	0.00508	0.01774	0.03399
1	0.01122	0.12062	0.15282	0.02527	0.12331	0.03581	0.04427	0.04098	0.02413	0.21888	0.10730	0.02995	0.01092	0.00469	0.00384	0.00117	0.00421	0.00395	0.00305	0.03361
2	0.02612	0.07310	0.07426	0.02303	0.32220	0.19611	0.02462	0.04924	0.04509	0.03325	0.02715	0.02286	0.00716	0.00412	0.00389	0.00113	0.01969	0.00338	0.00229	0.04132
3	0.00568	0.00438	0.00529	0.00552	0.00638	0.00423	0.00395	0.00802	0.11257	0.01232	0.19807	0.43807	0.14282	0.01007	0.00475	0.00144	0.00228	0.00893	0.00385	0.02137
4	0.01140	0.14560	0.05355	0.00872	0.02811	0.07733	0.00724	0.17236	0.40797	0.02893	0.01175	0.01140	0.00890	0.00472	0.00373	0.00120	0.00404	0.00368	0.00335	0.00603
5	0.00813	0.01281	0.36162	0.14501	0.13358	0.00817	0.07003	0.01131	0.00855	0.03837	0.02974	0.10489	0.00894	0.00494	0.00407	0.00129	0.00499	0.01783	0.00219	0.02352
6	0.00945	0.12938	0.51537	0.01102	0.02800	0.02429	0.10646	0.02690	0.00896	0.07614	0.02340	0.00919	0.00618	0.00386	0.00375	0.00120	0.00545	0.00320	0.00207	0.00573
7	0.00944	0.14181	0.21783	0.01084	0.01452	0.00992	0.23773	0.03572	0.10864	0.05506	0.05037	0.02947	0.02302	0.00454	0.00419	0.00125	0.02237	0.01532	0.00252	0.00545
8	0.01683	0.00654	0.00887	0.00687	0.00978	0.00566	0.00565	0.01837	0.01128	0.77539	0.05739	0.01496	0.03306	0.00520	0.00404	0.00123	0.00326	0.00426	0.00485	0.00651
9	0.00692	0.00732	0.09238	0.22926	0.06743	0.00651	0.02558	0.02844	0.04496	0.01294	0.24326	0.05552	0.15066	0.00648	0.00432	0.00130	0.00361	0.00566	0.00304	0.00442
10	0.01110	0.08631	0.19005	0.03948	0.33651	0.07038	0.02061	0.03872	0.02403	0.13277	0.00852	0.00966	0.00642	0.00389	0.00377	0.00117	0.00490	0.00331	0.00241	0.00598
11	0.01005	0.00575	0.00707	0.00633	0.01704	0.00550	0.00488	0.02558	0.14629	0.26837	0.19410	0.09478	0.16527	0.00735	0.00439	0.00132	0.00272	0.02395	0.00425	0.00505
12	0.00507	0.00393	0.00463	0.00478	0.00574	0.00349	0.00353	0.00630	0.00939	0.01218	0.27090	0.20870	0.38972	0.01001	0.00480	0.00139	0.00211	0.04599	0.00388	0.00345
13	0.00825	0.08287	0.25144	0.09646	0.22996	0.02365	0.05310	0.01098	0.00870	0.01204	0.06694	0.10321	0.02550	0.00504	0.00399	0.00125	0.00470	0.00447	0.00223	0.00523
14	0.00965	0.18983	0.46429	0.01081	0.03325	0.11660	0.06738	0.02622	0.02533	0.01184	0.00695	0.00815	0.00531	0.00375	0.00357	0.00115	0.00565	0.00289	0.00184	0.00554
15	0.01006	0.00566	0.00606	0.00523	0.00686	0.00585	0.00413	0.19659	0.01095	0.08899	0.01239	0.01346	0.00935	0.00468	0.00315	0.00101	0.00256	0.00369	0.60467	0.00466
16	0.00626	0.00447	0.00624	0.00715	0.00800	0.00445	0.00616	0.00798	0.00900	0.01172	0.02107	0.11443	0.02311	0.01108	0.00544	0.00181	0.00354	0.74085	0.00365	0.00361
17	0.00928	0.00888	0.01513	0.21373	0.65069	0.00928	0.01190	0.01170	0.00878	0.01231	0.00736	0.00999	0.00605	0.00363	0.00393	0.00121	0.00484	0.00353	0.00192	0.00585
18	0.00583	0.00411	0.00534	0.00500	0.00599	0.00377	0.00376	0.00767	0.01115	0.03272	0.79115	0.02956	0.06274	0.00810	0.00466	0.00125	0.00191	0.00714	0.00435	0.00379
19	0.00483	0.00345	0.00460	0.00552	0.00575	0.00322	0.00368	0.00552	0.00759	0.01012	0.02185	0.85807	0.02622	0.01242	0.00506	0.00161	0.00230	0.01127	0.00368	0.00322
20	0.00580	0.00392	0.00485	0.00485	0.00502	0.00409	0.00306	0.00605	0.00588	0.00801	0.01177	0.02280	0.01297	0.62185	0.21450	0.04896	0.00542	0.00529	0.00230	0.00264
21	0.00566	0.00425	0.00637	0.00637	0.00708	0.00496	0.00496	0.00708	0.00637	0.00920	0.01062	0.01558	0.00991	0.02974	0.84494	0.00637	0.01062	0.00425	0.00212	0.00354
22	0.00749	0.00705	0.01189	0.85113	0.02731	0.00881	0.01101	0.01013	0.00793	0.01013	0.00705	0.01057	0.00529	0.00396	0.00396	0.00132	0.00529	0.00352	0.00176	0.00440
23	0.01060	0.86304	0.02078	0.00678	0.01018	0.01569	0.00678	0.01187	0.00806	0.00933	0.00551	0.00636	0.00509	0.00339	0.00254	0.00085	0.00424	0.00212	0.00170	0.00509
24	0.01779	0.00675	0.00920	0.00705	0.01012	0.00583	0.00583	0.01932	0.01135	0.83867	0.01564	0.01350	0.00981	0.00491	0.00399	0.00123	0.00337	0.00399	0.00491	0.00675
25	0.00749	0.00705	0.01189	0.85113	0.02731	0.00881	0.01101	0.01013	0.00793	0.01013	0.00705	0.01057	0.00529	0.00396	0.00396	0.00132	0.00529	0.00352	0.00176	0.00440
26	0.01518	0.01093	0.01179	0.00904	0.01221	0.01203	0.00747	0.78944	0.01834	0.05868	0.00977	0.00968	0.00687	0.00477	0.00397	0.00119	0.00432	0.00359	0.00401	0.00674
27	0.09537	0.00616	0.00693	0.00658	0.00800	0.00649	0.00507	0.20962	0.02740	0.02809	0.01814	0.37395	0.08485	0.00897	0.00462	0.00146	0.01618	0.08412	0.00362	0.00439
28	0.01114	0.40061	0.05733	0.13064	0.03894	0.25022	0.00815	0.02246	0.00919	0.01016	0.02453	0.00796	0.00589	0.00382	0.00321	0.00101	0.00527	0.00266	0.00190	0.00491
29	0.01013	0.00997	0.03325	0.13319	0.50767	0.06218	0.03360	0.08732	0.03594	0.01366	0.02993	0.01040	0.00710	0.00392	0.00395	0.00120	0.00487	0.00362	0.00225	0.00586
30	0.00567	0.00410	0.00561	0.00561	0.00609	0.00453	0.00403	0.00660	0.00623	0.00873	0.01202	0.01970	0.03276	0.31307	0.54148	0.00538	0.00808	0.00487	0.00226	0.00315
31	0.01320	0.02964	0.01468	0.02466	0.01440	0.01164	0.20187	0.55405	0.06045	0.02100	0.00940	0.01004	0.00680	0.00441	0.00411	0.00123	0.00486	0.00385	0.00342	0.00631
32	0.00528	0.00415	0.00548	0.04242	0.00717	0.00389	0.02569	0.00641	0.00857	0.01106	0.11799	0.33355	0.29519	0.01092	0.02759	0.02125	0.00274	0.06366	0.00354	0.00343
33	0.01621	0.00650	0.00877	0.00684	0.00964	0.00570	0.00560	0.03465	0.01149	0.71876	0.11783	0.01543	0.01320	0.00530	0.00407	0.00123	0.00321	0.00438	0.00482	0.00637
34	0.00708	0.00612	0.00707	0.00757	0.09396	0.03674	0.00509	0.02575	0.16302	0.01407	0.30416	0.02618	0.27269	0.00750	0.00443	0.00128	0.00269	0.00642	0.00375	0.00445
35	0.00504	0.00400	0.00453	0.00447	0.00559	0.00349	0.00332	0.00636	0.00978	0.01263	0.33818	0.08103	0.48862	0.00945	0.00470	0.00132	0.00197	0.00808	0.00394	0.00349
36	0.01023	0.17852	0.02720	0.02212	0.13094	0.03259	0.00753	0.04364	0.47332	0.01455	0.01201	0.01186	0.00929	0.00461	0.00370	0.00121	0.00381	0.00376	0.00314	0.00598
37	0.05267	0.00988	0.06066	0.05507	0.33108	0.09438	0.03484	0.06571	0.00981	0.09162	0.03568	0.05661	0.02799	0.02435	0.00429	0.00126	0.00452	0.00409	0.01662	0.01889

[dist]
# distance from previous block
# <min> <max>
10	19

[block]
# block no. 7 follows, 68 sequences, length 16
# corresponding to MSA columns:
# 428-443
name=unknown_H
#
# <colnr> <probs for GDERKNQSTAVLIFYWHMCP>
#	G	D	E	R	K	N	Q	S	T	A	V	L	I	F	Y	W	H	M	C	P
0	0.00871	0.03201	0.51279	0.01041	0.05158	0.00796	0.03997	0.01217	0.00900	0.10173	0.09968	0.07591	0.01079	0.00499	0.00400	0.00127	0.00483	0.00421	0.00249	0.00551
1	0.02517	0.10606	0.03604	0.02111	0.07378	0.35209	0.06531	0.06918	0.02620	0.04488	0.00723	0.00832	0.00578	0.00392	0.00374	0.00104	0.02481	0.00290	0.00231	0.12014
2	0.00921	0.00933	0.03357	0.01248	0.01551	0.00913	0.42620	0.05673	0.20668	0.01410	0.01227	0.03350	0.01044	0.00525	0.00460	0.00141	0.00515	0.12622	0.00287	0.00536
3	0.01265	0.01171	0.10001	0.01055	0.09234	0.06230	0.00842	0.48799	0.05508	0.01999	0.05546	0.01119	0.02437	0.00486	0.00419	0.00121	0.02436	0.00377	0.00338	0.00616
4	0.00689	0.00344	0.00517	0.00517	0.00517	0.00344	0.00344	0.00517	0.00517	0.00689	0.00689	0.01205	0.00689	0.01377	0.01550	0.88464	0.00344	0.00344	0.00172	0.00172
5	0.16483	0.06651	0.04807	0.10324	0.12373	0.03675	0.02532	0.08296	0.01008	0.28641	0.00977	0.01014	0.00685	0.00418	0.00360	0.00120	0.00416	0.00331	0.00314	0.00575
6	0.00577	0.00384	0.00432	0.00432	0.00432	0.00384	0.00240	0.00577	0.00577	0.00769	0.01249	0.02595	0.01441	0.86066	0.02018	0.00384	0.00384	0.00577	0.00240	0.00240
7	0.01779	0.00675	0.00920	0.00705	0.01012	0.00583	0.00583	0.01932	0.01135	0.83867	0.01564	0.01350	0.00981	0.00491	0.00399	0.00123	0.00337	0.00399	0.00491	0.00675
8	0.02836	0.13491	0.46132	0.02933	0.17890	0.01026	0.05945	0.03079	0.00870	0.01254	0.00703	0.00854	0.00537	0.00367	0.00366	0.00119	0.00535	0.00305	0.00182	0.00576
9	0.24390	0.26392	0.01390	0.14614	0.10258	0.02615	0.06114	0.03367	0.02603	0.01299	0.00697	0.00920	0.00585	0.00390	0.00322	0.00115	0.00432	0.02790	0.00214	0.00493
10	0.00500	0.00429	0.00519	0.00495	0.00625	0.00370	0.04644	0.00612	0.00895	0.01097	0.07251	0.15511	0.63657	0.00994	0.00474	0.00137	0.00229	0.00854	0.00362	0.00345
11	0.00774	0.00722	0.01206	0.58703	0.19261	0.00843	0.01050	0.01019	0.00819	0.01084	0.03022	0.01202	0.03167	0.00553	0.04848	0.00156	0.00526	0.00381	0.00195	0.00470
12	0.88866	0.00767	0.00583	0.00521	0.00767	0.00889	0.00429	0.01166	0.00675	0.01779	0.00552	0.00644	0.00429	0.00368	0.00245	0.00123	0.00307	0.00215	0.00245	0.00429
13	0.00566	0.00425	0.00637	0.00637	0.00708	0.00496	0.00496	0.00708	0.00637	0.00920	0.01062	0.01558	0.00991	0.02974	0.84494	0.00637	0.01062	0.00425	0.00212	0.00354
14	0.84970	0.00763	0.00598	0.00530	0.00778	0.00876	0.00436	0.01200	0.00695	0.05451	0.00597	0.00676	0.00454	0.00374	0.00252	0.00123	0.00308	0.00223	0.00256	0.00440
15	0.01229	0.00887	0.00966	0.03486	0.01118	0.03829	0.00652	0.16105	0.42811	0.17407	0.01371	0.01284	0.00990	0.00495	0.00393	0.00124	0.00360	0.00401	0.00395	0.05698

[dist]
# distance from previous block
# <min> <max>
0	5

# created by:
# /home/cegg/simao/soft/augustus-3.2.1/scripts/msa2prfl.pl ./align_prep/EOG092C410Y.fa
