[name]
unknown

[dist]
# distance from previous block
# <min> <max>
0	897

[block]
# block no. 0 follows, 74 sequences, length 7
# corresponding to MSA columns:
# 940-946
name=unknown_A
#
# <colnr> <probs for GDERKNQSTAVLIFYWHMCP>
#	G	D	E	R	K	N	Q	S	T	A	V	L	I	F	Y	W	H	M	C	P
0	0.03949	0.00791	0.03006	0.05680	0.06754	0.03243	0.05342	0.11122	0.14020	0.20180	0.03201	0.03204	0.04908	0.00541	0.01999	0.00129	0.05610	0.02288	0.00319	0.03714
1	0.00695	0.03459	0.09918	0.00716	0.00876	0.03544	0.08588	0.06204	0.00839	0.04420	0.06053	0.44928	0.01738	0.05608	0.00511	0.00146	0.00336	0.00730	0.00301	0.00391
2	0.00529	0.00364	0.00453	0.00480	0.00555	0.00327	0.00341	0.00626	0.00827	0.05680	0.17894	0.45639	0.22923	0.00993	0.00453	0.00136	0.00207	0.00878	0.00363	0.00332
3	0.03789	0.11869	0.20162	0.00868	0.03199	0.04545	0.02835	0.22156	0.06522	0.06406	0.07190	0.01140	0.00881	0.00454	0.00384	0.00114	0.03115	0.03566	0.00276	0.00531
4	0.00836	0.00811	0.01402	0.32136	0.40062	0.00871	0.10662	0.01131	0.06262	0.01137	0.00744	0.00984	0.00587	0.00354	0.00378	0.00118	0.00472	0.00349	0.00190	0.00515
5	0.06538	0.00696	0.00842	0.00679	0.00937	0.00688	0.00551	0.07764	0.20611	0.50996	0.04722	0.01287	0.01022	0.00474	0.00368	0.00117	0.00310	0.00383	0.00418	0.00597
6	0.03385	0.00573	0.00719	0.00619	0.00785	0.00581	0.03794	0.06073	0.18729	0.11474	0.46118	0.02051	0.02311	0.00620	0.00407	0.00118	0.00252	0.00539	0.00392	0.00459

[dist]
# distance from previous block
# <min> <max>
0	1

[block]
# block no. 1 follows, 74 sequences, length 21
# corresponding to MSA columns:
# 948-968
name=unknown_B
#
# <colnr> <probs for GDERKNQSTAVLIFYWHMCP>
#	G	D	E	R	K	N	Q	S	T	A	V	L	I	F	Y	W	H	M	C	P
0	0.00919	0.00843	0.01928	0.00848	0.01029	0.07103	0.09373	0.15217	0.26961	0.01392	0.01251	0.19669	0.01148	0.00622	0.00492	0.00130	0.09753	0.00520	0.00309	0.00492
1	0.00594	0.00432	0.00531	0.04185	0.00651	0.00443	0.00381	0.06898	0.02823	0.01015	0.05209	0.26867	0.05554	0.32717	0.05392	0.00245	0.00341	0.05116	0.00291	0.00317
2	0.00905	0.57275	0.31087	0.00783	0.01182	0.01256	0.00893	0.01134	0.00765	0.00979	0.00569	0.00661	0.00474	0.00330	0.00278	0.00093	0.00450	0.00225	0.00158	0.00502
3	0.01077	0.00847	0.00999	0.00768	0.01058	0.08139	0.08764	0.14695	0.07456	0.14228	0.00939	0.04024	0.00729	0.00394	0.00342	0.00093	0.00372	0.00331	0.00292	0.34452
4	0.00685	0.00635	0.01064	0.77979	0.02377	0.00791	0.00977	0.00921	0.00728	0.00940	0.00691	0.01034	0.00536	0.00599	0.08422	0.00168	0.00542	0.00336	0.00168	0.00405
5	0.00527	0.00371	0.00474	0.00480	0.00508	0.00391	0.00320	0.00581	0.00581	0.00795	0.01242	0.08818	0.03359	0.48423	0.31108	0.00421	0.00567	0.00537	0.00228	0.00271
6	0.00775	0.00611	0.00672	0.00606	0.00775	0.00646	0.00474	0.09876	0.31762	0.03478	0.19325	0.02284	0.22254	0.00681	0.00410	0.00124	0.00258	0.04148	0.00376	0.00465
7	0.00798	0.00552	0.00676	0.00628	0.00722	0.02081	0.00470	0.13120	0.06767	0.06163	0.01235	0.23484	0.02285	0.03507	0.09176	0.20673	0.06468	0.00543	0.00282	0.00369
8	0.00763	0.00712	0.01187	0.63460	0.20690	0.00835	0.01032	0.03156	0.00791	0.01044	0.00703	0.02741	0.00560	0.00380	0.00372	0.00121	0.00475	0.00345	0.00178	0.00455
9	0.07703	0.00585	0.00705	0.00589	0.00779	0.00574	0.00469	0.12812	0.03444	0.26218	0.39494	0.01859	0.02034	0.00588	0.00392	0.00116	0.00261	0.00493	0.00404	0.00484
10	0.00460	0.00330	0.00429	0.00505	0.00531	0.00308	0.00337	0.00523	0.00706	0.00936	0.02056	0.75492	0.05978	0.07448	0.00577	0.00165	0.00227	0.02358	0.00336	0.00297
11	0.00734	0.00693	0.01173	0.73369	0.14993	0.00833	0.01047	0.00977	0.00758	0.00988	0.00666	0.00979	0.00509	0.00365	0.00371	0.00122	0.00487	0.00330	0.00168	0.00439
12	0.03815	0.16321	0.15345	0.00793	0.01103	0.03093	0.00748	0.29674	0.17590	0.01619	0.00908	0.00932	0.00683	0.00413	0.00334	0.00108	0.00397	0.00311	0.05259	0.00553
13	0.00502	0.00385	0.00461	0.00503	0.00568	0.00370	0.00351	0.00673	0.09016	0.01032	0.05474	0.53529	0.20570	0.04114	0.00506	0.00149	0.00221	0.00899	0.00346	0.00332
14	0.14453	0.00811	0.00855	0.00697	0.00945	0.01897	0.00564	0.31918	0.13226	0.08300	0.03345	0.01212	0.00866	0.03620	0.00403	0.00119	0.00341	0.04605	0.00331	0.11491
15	0.01165	0.00865	0.02058	0.02562	0.01017	0.06955	0.00607	0.29848	0.14449	0.14929	0.01116	0.04243	0.01623	0.03770	0.05545	0.00149	0.00411	0.00378	0.00336	0.07972
16	0.00505	0.00386	0.00468	0.00504	0.00574	0.00366	0.00361	0.02951	0.03104	0.01068	0.09145	0.48411	0.24462	0.01019	0.00468	0.00140	0.01424	0.03965	0.00349	0.00329
17	0.00713	0.00659	0.01102	0.77686	0.07066	0.00807	0.01004	0.00955	0.00750	0.00982	0.00686	0.01003	0.00520	0.00371	0.00366	0.00121	0.00478	0.00331	0.03982	0.00419
18	0.02499	0.00845	0.01324	0.10541	0.56742	0.02582	0.01006	0.02395	0.04490	0.03666	0.00764	0.02767	0.00640	0.00387	0.00421	0.00115	0.05964	0.00345	0.00205	0.02303
19	0.00870	0.04977	0.02641	0.30784	0.18939	0.02565	0.09909	0.05722	0.02399	0.02376	0.00682	0.00925	0.00545	0.00408	0.00510	0.00124	0.14617	0.00335	0.00191	0.00482
20	0.00567	0.01404	0.02261	0.00560	0.00631	0.02076	0.00414	0.00727	0.06775	0.01053	0.11791	0.43286	0.08503	0.07990	0.00617	0.00156	0.06723	0.00778	0.02004	0.01683

[dist]
# distance from previous block
# <min> <max>
19	28

[block]
# block no. 2 follows, 74 sequences, length 8
# corresponding to MSA columns:
# 1008-1015
name=unknown_C
#
# <colnr> <probs for GDERKNQSTAVLIFYWHMCP>
#	G	D	E	R	K	N	Q	S	T	A	V	L	I	F	Y	W	H	M	C	P
0	0.05002	0.04519	0.05424	0.10207	0.02453	0.04780	0.07260	0.08579	0.09044	0.04755	0.02617	0.03266	0.02709	0.03832	0.10928	0.00181	0.04624	0.00371	0.00248	0.09203
1	0.00467	0.00335	0.00435	0.00504	0.00535	0.00313	0.00341	0.00538	0.00730	0.00971	0.06892	0.68756	0.06822	0.07203	0.00571	0.00163	0.00226	0.03557	0.00340	0.00301
2	0.00528	0.00426	0.03052	0.00570	0.02721	0.00379	0.00400	0.02938	0.02453	0.01071	0.10348	0.58579	0.06116	0.05367	0.00523	0.00151	0.00239	0.00881	0.02923	0.00334
3	0.02360	0.04437	0.15053	0.03904	0.11390	0.02605	0.07286	0.11804	0.04134	0.13146	0.03266	0.05716	0.03679	0.00447	0.00365	0.00110	0.00404	0.00383	0.00273	0.09236
4	0.03148	0.00676	0.07952	0.00665	0.00855	0.00588	0.01769	0.05187	0.02823	0.27029	0.03824	0.08616	0.06825	0.06850	0.07688	0.05626	0.06405	0.01546	0.00317	0.01611
5	0.00544	0.00391	0.00464	0.00484	0.00573	0.00360	0.00353	0.00682	0.04638	0.04954	0.10025	0.32561	0.32184	0.04636	0.00511	0.00146	0.00224	0.05581	0.00352	0.00338
6	0.32571	0.06102	0.03512	0.00708	0.03667	0.12078	0.02592	0.05043	0.02194	0.03353	0.00846	0.08173	0.03213	0.00443	0.00327	0.00107	0.02395	0.00329	0.00241	0.12105
7	0.04224	0.10557	0.06745	0.10165	0.07316	0.05638	0.04692	0.10203	0.03185	0.05863	0.09869	0.01250	0.00975	0.00451	0.00382	0.00109	0.03047	0.04889	0.00257	0.10184

[dist]
# distance from previous block
# <min> <max>
9	84

[block]
# block no. 3 follows, 74 sequences, length 25
# corresponding to MSA columns:
# 1117-1129,1133-1144
name=unknown_D
#
# <colnr> <probs for GDERKNQSTAVLIFYWHMCP>
#	G	D	E	R	K	N	Q	S	T	A	V	L	I	F	Y	W	H	M	C	P
0	0.05627	0.07033	0.06792	0.05371	0.07259	0.03914	0.05804	0.09415	0.18411	0.10410	0.08668	0.01168	0.00976	0.00454	0.01101	0.00115	0.00381	0.00362	0.00294	0.06445
1	0.07997	0.02076	0.03430	0.01836	0.20332	0.04536	0.06420	0.05836	0.06626	0.06498	0.05845	0.04201	0.11764	0.00493	0.00388	0.00112	0.02455	0.00421	0.00269	0.08466
2	0.02573	0.23909	0.33589	0.00843	0.01225	0.00997	0.03230	0.08351	0.07050	0.09186	0.05039	0.00937	0.00733	0.00392	0.00333	0.00107	0.00434	0.00303	0.00236	0.00533
3	0.00711	0.02533	0.04659	0.00540	0.00730	0.01880	0.00444	0.04621	0.01705	0.07436	0.25517	0.08188	0.20044	0.02044	0.00414	0.00112	0.00256	0.00559	0.00332	0.17274
4	0.00694	0.00497	0.00655	0.00606	0.01669	0.00484	0.04736	0.07483	0.03607	0.07915	0.18448	0.25763	0.17931	0.05209	0.00526	0.00141	0.02188	0.00710	0.00350	0.00388
5	0.02241	0.00678	0.00798	0.00582	0.00898	0.00548	0.00470	0.04560	0.00834	0.09482	0.00743	0.00822	0.00586	0.00310	0.00310	0.00067	0.02246	0.00242	0.00249	0.73337
6	0.00735	0.01868	0.82289	0.01040	0.01572	0.00844	0.01338	0.01154	0.00781	0.01168	0.00711	0.03570	0.00535	0.00379	0.00357	0.00119	0.00538	0.00300	0.00163	0.00541
7	0.07668	0.00475	0.00548	0.00505	0.00632	0.00467	0.00388	0.04359	0.02815	0.07572	0.34043	0.08877	0.25328	0.00761	0.00446	0.00123	0.03609	0.00638	0.00364	0.00381
8	0.03191	0.39755	0.19794	0.00768	0.01081	0.17837	0.00773	0.01140	0.00822	0.00990	0.04683	0.00847	0.02579	0.00413	0.00344	0.03614	0.00463	0.00264	0.00183	0.00459
9	0.01798	0.00518	0.00599	0.00555	0.00699	0.00510	0.00438	0.13410	0.04056	0.07315	0.15832	0.09070	0.26099	0.03176	0.00469	0.00135	0.00263	0.12500	0.02156	0.00403
10	0.00531	0.00382	0.00524	0.00526	0.00567	0.00422	0.00375	0.00615	0.00579	0.00813	0.01086	0.04163	0.01120	0.32743	0.53334	0.00500	0.00747	0.00467	0.00212	0.00293
11	0.00473	0.00349	0.00437	0.00482	0.00536	0.00320	0.00337	0.00562	0.00790	0.01043	0.16245	0.48543	0.18106	0.06048	0.00545	0.00153	0.00217	0.04158	0.00348	0.00309
12	0.19187	0.00760	0.00979	0.19694	0.01294	0.00925	0.03418	0.12386	0.02499	0.04138	0.00694	0.00926	0.00565	0.03305	0.01994	0.00145	0.24452	0.00318	0.01878	0.00444
13	0.00455	0.00338	0.00428	0.00490	0.00536	0.00311	0.00337	0.00532	0.00747	0.00977	0.05627	0.64444	0.18336	0.01157	0.03277	0.00159	0.00234	0.00966	0.00342	0.00307
14	0.00489	0.00356	0.00447	0.00521	0.00554	0.01818	0.00352	0.00557	0.00729	0.02369	0.02085	0.80090	0.05996	0.01127	0.00468	0.00148	0.00224	0.01017	0.00344	0.00310
15	0.00547	0.00401	0.00484	0.00476	0.00571	0.00374	0.00351	0.00729	0.05806	0.03317	0.40314	0.15497	0.22952	0.04295	0.00498	0.00135	0.00205	0.02323	0.00374	0.00350
16	0.00767	0.00759	0.01461	0.01105	0.01364	0.00714	0.47041	0.03696	0.03038	0.03289	0.05975	0.14950	0.12951	0.00573	0.00438	0.00128	0.00451	0.00591	0.00264	0.00444
17	0.00600	0.00458	0.00588	0.01559	0.00657	0.00481	0.00430	0.03426	0.00872	0.03549	0.29765	0.19772	0.16636	0.03264	0.02065	0.00148	0.11673	0.03364	0.00338	0.00355
18	0.00681	0.00526	0.00747	0.03641	0.00810	0.00626	0.01972	0.02350	0.04576	0.04602	0.01006	0.08429	0.00967	0.07593	0.38452	0.04678	0.17313	0.00442	0.00226	0.00364
19	0.02312	0.00370	0.00450	0.00519	0.00550	0.02300	0.00349	0.00560	0.00713	0.00959	0.04036	0.73800	0.02295	0.06730	0.02040	0.00169	0.00249	0.00964	0.00330	0.00303
20	0.00510	0.00374	0.00495	0.00533	0.00570	0.00383	0.00375	0.00579	0.00682	0.01948	0.01838	0.51314	0.09243	0.09049	0.13464	0.02035	0.05183	0.00822	0.00299	0.00307
21	0.01029	0.65513	0.01715	0.00726	0.04051	0.01322	0.00653	0.07432	0.03546	0.04710	0.00640	0.00719	0.00548	0.00430	0.03087	0.00105	0.02840	0.00239	0.00198	0.00496
22	0.01183	0.01100	0.05252	0.04447	0.09038	0.15138	0.12375	0.25159	0.10332	0.09159	0.00893	0.00958	0.00658	0.00410	0.00391	0.00114	0.02211	0.00342	0.00284	0.00553
23	0.16991	0.06209	0.07008	0.03244	0.32631	0.10863	0.03222	0.04457	0.00845	0.01269	0.00639	0.00792	0.00520	0.00346	0.00339	0.00105	0.01903	0.00278	0.00200	0.08141
24	0.00907	0.07199	0.16265	0.10891	0.14216	0.03158	0.18555	0.08524	0.02781	0.04205	0.01606	0.05521	0.01325	0.00409	0.00383	0.00116	0.01168	0.00379	0.00219	0.02172

[dist]
# distance from previous block
# <min> <max>
2	5

[block]
# block no. 4 follows, 74 sequences, length 8
# corresponding to MSA columns:
# 1150-1157
name=unknown_E
#
# <colnr> <probs for GDERKNQSTAVLIFYWHMCP>
#	G	D	E	R	K	N	Q	S	T	A	V	L	I	F	Y	W	H	M	C	P
0	0.00912	0.03210	0.14263	0.12432	0.29461	0.02665	0.05452	0.04946	0.03420	0.07141	0.05710	0.02363	0.00789	0.00408	0.00402	0.00116	0.03613	0.00357	0.00226	0.02114
1	0.43329	0.00613	0.00614	0.00550	0.00745	0.00647	0.00434	0.04404	0.00797	0.21154	0.01133	0.22012	0.01040	0.00578	0.00329	0.00124	0.00281	0.00458	0.00318	0.00441
2	0.04683	0.04637	0.04200	0.02969	0.05719	0.07238	0.02177	0.07897	0.05742	0.23742	0.04190	0.08877	0.05813	0.07820	0.02515	0.00148	0.00378	0.00449	0.00319	0.00485
3	0.00992	0.12702	0.28153	0.02586	0.06528	0.08571	0.07554	0.08373	0.03913	0.09523	0.03102	0.02949	0.02606	0.00413	0.00356	0.00111	0.00468	0.00339	0.00236	0.00525
4	0.00514	0.00404	0.03546	0.00482	0.00518	0.00358	0.00329	0.00558	0.00625	0.00837	0.01545	0.34844	0.04301	0.41360	0.04898	0.03286	0.00332	0.00723	0.00269	0.00272
5	0.03615	0.01011	0.00959	0.00776	0.01029	0.16583	0.00624	0.38965	0.03791	0.18938	0.03053	0.01110	0.04431	0.00465	0.00363	0.00110	0.00410	0.00352	0.02858	0.00558
6	0.04325	0.06901	0.07541	0.08670	0.15515	0.03854	0.04857	0.11969	0.05153	0.05427	0.04996	0.10309	0.00967	0.00510	0.00426	0.00120	0.05715	0.01992	0.00259	0.00494
7	0.00918	0.04141	0.16385	0.04262	0.16926	0.06605	0.08372	0.04651	0.05044	0.06543	0.02807	0.01050	0.02025	0.01946	0.04276	0.03165	0.09822	0.00347	0.00220	0.00495

[dist]
# distance from previous block
# <min> <max>
0	2

[block]
# block no. 5 follows, 74 sequences, length 33
# corresponding to MSA columns:
# 1165-1197
name=unknown_F
#
# <colnr> <probs for GDERKNQSTAVLIFYWHMCP>
#	G	D	E	R	K	N	Q	S	T	A	V	L	I	F	Y	W	H	M	C	P
0	0.00653	0.00481	0.00551	0.00542	0.00653	0.00484	0.00399	0.05968	0.15878	0.04071	0.09274	0.33058	0.19301	0.02863	0.00461	0.00137	0.00237	0.00743	0.03853	0.00391
1	0.00755	0.00538	0.00634	0.00546	0.00724	0.00499	0.00422	0.06893	0.09070	0.08246	0.28339	0.09259	0.12610	0.00645	0.00390	0.00109	0.00240	0.00552	0.01695	0.17835
2	0.03661	0.17715	0.28164	0.01111	0.13309	0.07903	0.07038	0.05367	0.01866	0.07428	0.00725	0.00832	0.00554	0.00412	0.02278	0.00118	0.00495	0.00290	0.00205	0.00529
3	0.00675	0.00638	0.03788	0.21354	0.17249	0.00642	0.03773	0.00898	0.05098	0.01096	0.10463	0.15261	0.06224	0.05131	0.01983	0.00959	0.01846	0.02251	0.00254	0.00417
4	0.00482	0.00365	0.00445	0.00487	0.00560	0.00333	0.00360	0.00583	0.00808	0.01039	0.11096	0.33559	0.29951	0.04405	0.00520	0.00150	0.00228	0.13968	0.00346	0.00314
5	0.04353	0.00841	0.03661	0.12991	0.07024	0.03667	0.21383	0.03721	0.05595	0.03943	0.03645	0.02848	0.00746	0.00559	0.04777	0.00148	0.14122	0.00381	0.02485	0.03112
6	0.03174	0.00810	0.03157	0.02549	0.01093	0.00849	0.11513	0.23554	0.13524	0.09087	0.01111	0.06954	0.02103	0.07008	0.04820	0.00166	0.07284	0.00432	0.00305	0.00506
7	0.00579	0.00467	0.00672	0.00651	0.00722	0.02894	0.07102	0.00679	0.00702	0.02118	0.03388	0.41364	0.01683	0.05101	0.21429	0.03080	0.03850	0.02912	0.00277	0.00332
8	0.01376	0.04041	0.01076	0.00948	0.01142	0.83230	0.00715	0.01472	0.01044	0.00908	0.00572	0.00667	0.00478	0.00381	0.00332	0.00095	0.00662	0.00238	0.00190	0.00432
9	0.00763	0.00761	0.01176	0.65756	0.05899	0.07036	0.07217	0.00994	0.00778	0.00975	0.00727	0.04954	0.00594	0.00403	0.00378	0.00122	0.00502	0.00365	0.00178	0.00423
10	0.00701	0.00660	0.01113	0.86063	0.02556	0.00825	0.01031	0.00948	0.00742	0.00948	0.00660	0.00990	0.00495	0.00371	0.00371	0.00124	0.00495	0.00330	0.00165	0.00412
11	0.01114	0.00897	0.00938	0.00787	0.01024	0.02864	0.00626	0.35331	0.44526	0.01830	0.01245	0.03646	0.00954	0.01988	0.00403	0.00124	0.00348	0.00401	0.00367	0.00587
12	0.00488	0.00352	0.00466	0.00544	0.00582	0.00337	0.00388	0.00590	0.02420	0.00983	0.02038	0.67386	0.04075	0.03049	0.00509	0.00158	0.00241	0.14738	0.00342	0.00313
13	0.01011	0.83186	0.01903	0.00650	0.00962	0.05395	0.00639	0.01129	0.00768	0.00875	0.00519	0.00599	0.00476	0.00321	0.00243	0.00080	0.00410	0.00200	0.00160	0.00474
14	0.00874	0.00680	0.00956	0.02729	0.01010	0.00666	0.12928	0.17816	0.00970	0.06479	0.01211	0.18819	0.03909	0.06451	0.01844	0.00138	0.02883	0.00510	0.02621	0.16505
15	0.00445	0.00350	0.00403	0.00445	0.00520	0.00308	0.00313	0.00525	0.00779	0.00976	0.02916	0.44507	0.44099	0.01050	0.00456	0.00138	0.00201	0.00917	0.00345	0.00308
16	0.08253	0.00946	0.01001	0.00803	0.01061	0.16501	0.07044	0.17706	0.02837	0.33338	0.02670	0.04406	0.00827	0.00456	0.00365	0.00113	0.00415	0.00366	0.00346	0.00547
17	0.05174	0.00675	0.00874	0.00673	0.00958	0.00617	0.00556	0.09801	0.01112	0.73436	0.01370	0.01200	0.00870	0.00453	0.00367	0.00115	0.00324	0.00363	0.00442	0.00622
18	0.00888	0.00850	0.01450	0.14259	0.72902	0.00874	0.01124	0.01112	0.00830	0.01175	0.00693	0.00929	0.00575	0.00336	0.00368	0.00112	0.00449	0.00331	0.00181	0.00563
19	0.00565	0.00390	0.00479	0.00476	0.00567	0.00358	0.00346	0.00710	0.03328	0.06014	0.34336	0.24271	0.21556	0.04276	0.00499	0.00137	0.00207	0.00765	0.00372	0.00348
20	0.00584	0.00358	0.00523	0.00522	0.00556	0.00382	0.00375	0.00567	0.00561	0.00775	0.03751	0.01440	0.03342	0.05240	0.35348	0.44265	0.00586	0.00387	0.00193	0.00243
21	0.00543	0.00362	0.00417	0.00419	0.00423	0.00364	0.00243	0.00547	0.00547	0.00731	0.01169	0.02404	0.01336	0.80606	0.04714	0.02178	0.00380	0.02162	0.00225	0.00230
22	0.00681	0.00427	0.00622	0.00596	0.00688	0.00470	0.00463	0.00809	0.00655	0.11982	0.01065	0.01480	0.00947	0.06573	0.70145	0.00521	0.00874	0.00401	0.00235	0.00366
23	0.00532	0.00393	0.00519	0.00514	0.00579	0.00410	0.00382	0.00631	0.00737	0.01017	0.19068	0.10034	0.15463	0.07557	0.28060	0.06088	0.04280	0.00581	0.02841	0.00315
24	0.06799	0.04841	0.05543	0.00699	0.00945	0.02655	0.02443	0.27071	0.01170	0.17194	0.13890	0.01365	0.04429	0.00605	0.04447	0.00135	0.00374	0.00397	0.04485	0.00514
25	0.00587	0.00514	0.00795	0.46365	0.01621	0.00589	0.00710	0.00757	0.00745	0.00955	0.01506	0.26705	0.12322	0.00744	0.02375	0.00143	0.00381	0.01576	0.00245	0.00364
26	0.04276	0.00484	0.00568	0.00506	0.00625	0.00473	0.00364	0.04088	0.04753	0.21610	0.05925	0.06364	0.03168	0.33531	0.00943	0.00208	0.00301	0.00490	0.10931	0.00391
27	0.00832	0.06197	0.04725	0.00850	0.07366	0.06555	0.03017	0.02611	0.00729	0.06247	0.00838	0.01169	0.00742	0.07663	0.21449	0.02310	0.18062	0.00352	0.07876	0.00411
28	0.00751	0.04109	0.82898	0.01047	0.01590	0.00878	0.01353	0.01174	0.00783	0.01168	0.00662	0.00779	0.00470	0.00352	0.00350	0.00117	0.00545	0.00272	0.00157	0.00547
29	0.00714	0.00658	0.03312	0.04078	0.11969	0.04300	0.09470	0.03570	0.02955	0.03497	0.06434	0.36338	0.04329	0.00784	0.01396	0.00138	0.02797	0.02560	0.00290	0.00412
30	0.05456	0.00594	0.01891	0.05028	0.03313	0.03437	0.03991	0.07741	0.05602	0.05996	0.05033	0.33649	0.09871	0.00781	0.00416	0.00131	0.00303	0.03681	0.02682	0.00406
31	0.39000	0.06621	0.02354	0.02461	0.05454	0.06507	0.02967	0.03750	0.00818	0.17354	0.01690	0.01855	0.00604	0.00390	0.00324	0.00111	0.02901	0.00278	0.00265	0.04297
32	0.01962	0.17031	0.14729	0.11430	0.07249	0.04271	0.04754	0.02510	0.02649	0.02028	0.00708	0.03283	0.00588	0.00354	0.00320	0.00094	0.00415	0.00289	0.00199	0.25136

[dist]
# distance from previous block
# <min> <max>
1	15

[block]
# block no. 6 follows, 74 sequences, length 36
# corresponding to MSA columns:
# 1213-1248
name=unknown_G
#
# <colnr> <probs for GDERKNQSTAVLIFYWHMCP>
#	G	D	E	R	K	N	Q	S	T	A	V	L	I	F	Y	W	H	M	C	P
0	0.03900	0.00668	0.03329	0.00654	0.00860	0.02941	0.03289	0.05352	0.09079	0.24449	0.10655	0.07055	0.14710	0.00671	0.02956	0.00133	0.03683	0.00498	0.00351	0.04767
1	0.01150	0.09259	0.17466	0.00799	0.01120	0.04367	0.00760	0.31154	0.05637	0.13130	0.05063	0.01112	0.04314	0.00450	0.00358	0.00110	0.00403	0.00348	0.00311	0.02690
2	0.00657	0.00441	0.00500	0.00490	0.00611	0.01653	0.00363	0.00813	0.06032	0.12119	0.06594	0.26927	0.38369	0.00889	0.00432	0.00130	0.00226	0.00765	0.01616	0.00373
3	0.00718	0.00660	0.01101	0.75498	0.02364	0.00805	0.03597	0.03223	0.00774	0.01009	0.00730	0.03638	0.00576	0.00398	0.00373	0.00123	0.00477	0.00356	0.03162	0.00416
4	0.02704	0.03328	0.00939	0.01749	0.02666	0.01928	0.02813	0.20957	0.04283	0.10449	0.02573	0.01034	0.00740	0.02777	0.00372	0.00096	0.00339	0.01955	0.00290	0.38009
5	0.00870	0.03748	0.17909	0.00994	0.10190	0.01903	0.07325	0.07791	0.15482	0.05398	0.01282	0.07993	0.08087	0.00527	0.00412	0.00121	0.03280	0.02855	0.00272	0.03562
6	0.00505	0.00366	0.00502	0.00566	0.00610	0.00351	0.01843	0.00597	0.00739	0.00975	0.01958	0.54467	0.03857	0.08774	0.00609	0.00174	0.00268	0.22199	0.00330	0.00309
7	0.00493	0.00365	0.00462	0.00525	0.00578	0.00346	0.00375	0.01601	0.03071	0.01019	0.03955	0.60420	0.14181	0.01080	0.00468	0.00147	0.00229	0.10016	0.00347	0.00321
8	0.02589	0.01856	0.01076	0.02593	0.20483	0.00715	0.04140	0.10930	0.01041	0.40480	0.03939	0.03715	0.00906	0.00524	0.03183	0.00131	0.00387	0.00387	0.00347	0.00577
9	0.05674	0.00580	0.00725	0.00599	0.00793	0.00554	0.00468	0.09215	0.00971	0.42439	0.08107	0.05327	0.01221	0.15856	0.05617	0.00188	0.00355	0.00446	0.00374	0.00493
10	0.00608	0.00555	0.00955	0.06081	0.01030	0.00572	0.19578	0.00744	0.00740	0.01006	0.03688	0.48034	0.01688	0.03133	0.00575	0.00149	0.09457	0.00767	0.00277	0.00365
11	0.00754	0.00724	0.01257	0.64441	0.18594	0.00843	0.06127	0.01001	0.00771	0.01015	0.00673	0.00976	0.00517	0.00360	0.00375	0.00121	0.00492	0.00337	0.00170	0.00452
12	0.00928	0.00778	0.00822	0.00725	0.00935	0.00880	0.00568	0.11781	0.64139	0.01598	0.03868	0.01560	0.08687	0.00543	0.00384	0.00124	0.00295	0.00449	0.00375	0.00562
13	0.01628	0.00670	0.00882	0.00679	0.00965	0.00605	0.00560	0.08727	0.02856	0.76155	0.01417	0.01234	0.00899	0.00459	0.00373	0.00115	0.00323	0.00371	0.00450	0.00631
14	0.01063	0.00750	0.00878	0.04337	0.03485	0.00806	0.00598	0.27537	0.21682	0.11842	0.21310	0.01518	0.01477	0.00531	0.00389	0.00117	0.00317	0.00441	0.00378	0.00542
15	0.00452	0.00326	0.00428	0.00509	0.00536	0.00302	0.00341	0.00518	0.00718	0.00950	0.02136	0.82317	0.06792	0.01151	0.00472	0.00149	0.00214	0.01041	0.00345	0.00302
16	0.00752	0.00712	0.01205	0.66430	0.21791	0.00838	0.01056	0.00993	0.00766	0.01010	0.00669	0.00973	0.00517	0.00362	0.00370	0.00121	0.00482	0.00330	0.00169	0.00453
17	0.00834	0.00818	0.01271	0.08642	0.29323	0.01007	0.02697	0.00983	0.00684	0.01011	0.00589	0.00880	0.00532	0.00554	0.02547	0.00150	0.46507	0.00331	0.00171	0.00468
18	0.01003	0.84855	0.01921	0.00644	0.00958	0.03753	0.00637	0.01122	0.00762	0.00874	0.00518	0.00597	0.00476	0.00319	0.00241	0.00080	0.00404	0.00200	0.00160	0.00475
19	0.03977	0.14916	0.11579	0.00797	0.01061	0.21012	0.04483	0.10739	0.04379	0.02460	0.06259	0.01239	0.10999	0.00473	0.00368	0.00107	0.02479	0.00360	0.00248	0.02064
20	0.00876	0.33736	0.47076	0.00883	0.01319	0.03619	0.01038	0.02857	0.03452	0.01090	0.00639	0.00731	0.00497	0.00347	0.00310	0.00103	0.00485	0.00251	0.00170	0.00521
21	0.00912	0.00732	0.00786	0.00706	0.00900	0.00823	0.00548	0.08363	0.60104	0.04212	0.01605	0.09403	0.05147	0.00577	0.00385	0.00125	0.00287	0.00485	0.03353	0.00545
22	0.00892	0.01101	0.15146	0.08916	0.16185	0.03406	0.37162	0.02981	0.06571	0.02793	0.00783	0.00970	0.00591	0.00348	0.00396	0.00120	0.00538	0.00373	0.00202	0.00525
23	0.05813	0.00643	0.00834	0.00648	0.00922	0.00580	0.00533	0.06188	0.01072	0.71187	0.04101	0.01328	0.03453	0.00477	0.00370	0.00115	0.00311	0.00385	0.00438	0.00602
24	0.01007	0.00724	0.00829	0.00739	0.00939	0.00787	0.00605	0.21165	0.30829	0.09467	0.05050	0.02056	0.01360	0.00635	0.00414	0.00133	0.00331	0.22030	0.00376	0.00527
25	0.00496	0.00367	0.00459	0.00489	0.00554	0.00344	0.00346	0.00640	0.04189	0.01154	0.27800	0.44502	0.13870	0.00969	0.00450	0.00135	0.00202	0.00862	0.01842	0.00330
26	0.00486	0.00407	0.00474	0.00473	0.00585	0.00366	0.02780	0.00635	0.05524	0.01028	0.03088	0.23646	0.55574	0.00953	0.00445	0.00133	0.00217	0.02513	0.00342	0.00332
27	0.01064	0.01173	0.00875	0.00792	0.00976	0.40007	0.00602	0.01498	0.29292	0.01225	0.13761	0.01294	0.02821	0.00490	0.00366	0.00109	0.00447	0.00377	0.00292	0.02539
28	0.00519	0.00363	0.00472	0.03658	0.00620	0.00355	0.00371	0.03126	0.00764	0.01055	0.06064	0.66778	0.02214	0.02792	0.00474	0.00145	0.00228	0.00909	0.08773	0.00321
29	0.00450	0.00340	0.00416	0.00474	0.00528	0.00306	0.00326	0.00526	0.00758	0.00976	0.04345	0.60208	0.26830	0.01088	0.00463	0.00142	0.00206	0.00966	0.00346	0.00306
30	0.00459	0.00330	0.00436	0.00515	0.00544	0.00307	0.00350	0.00532	0.00733	0.00976	0.05560	0.78424	0.05023	0.01135	0.00472	0.00149	0.00216	0.03186	0.00347	0.00305
31	0.00701	0.00660	0.01113	0.86063	0.02556	0.00825	0.01031	0.00948	0.00742	0.00948	0.00660	0.00990	0.00495	0.00371	0.00371	0.00124	0.00495	0.00330	0.00165	0.00412
32	0.01301	0.05053	0.01105	0.00908	0.01126	0.51166	0.03235	0.21787	0.01181	0.01293	0.00717	0.00863	0.00584	0.00420	0.00365	0.00103	0.02395	0.02699	0.03222	0.00478
33	0.00532	0.00387	0.00553	0.00556	0.00610	0.00438	0.00415	0.00642	0.00596	0.00855	0.01072	0.05197	0.01061	0.16265	0.66376	0.00527	0.00839	0.00447	0.02316	0.00313
34	0.00471	0.00349	0.00433	0.00492	0.00539	0.00322	0.00336	0.02090	0.00756	0.00985	0.03489	0.65276	0.18253	0.03714	0.00508	0.00151	0.00218	0.00968	0.00342	0.00308
35	0.03020	0.00820	0.03789	0.03484	0.03406	0.02368	0.08344	0.25925	0.02802	0.15788	0.04801	0.13297	0.01054	0.02063	0.00484	0.00128	0.07123	0.00466	0.00323	0.00515

[dist]
# distance from previous block
# <min> <max>
0	1

[block]
# block no. 7 follows, 74 sequences, length 19
# corresponding to MSA columns:
# 1250-1268
name=unknown_H
#
# <colnr> <probs for GDERKNQSTAVLIFYWHMCP>
#	G	D	E	R	K	N	Q	S	T	A	V	L	I	F	Y	W	H	M	C	P
0	0.04967	0.00776	0.00822	0.02707	0.00932	0.06716	0.00574	0.10662	0.31392	0.08321	0.03809	0.03971	0.01015	0.03033	0.08905	0.00175	0.06522	0.00401	0.03801	0.00499
1	0.23184	0.01055	0.04251	0.00816	0.02923	0.16058	0.00662	0.26505	0.01078	0.06777	0.00720	0.00819	0.00553	0.02055	0.00461	0.00121	0.10907	0.00287	0.00268	0.00499
2	0.00766	0.17799	0.19590	0.00820	0.01032	0.01997	0.04030	0.00938	0.00720	0.02900	0.00983	0.23775	0.01021	0.00636	0.00576	0.00130	0.21148	0.00489	0.00217	0.00432
3	0.00496	0.00380	0.00468	0.00461	0.00552	0.00364	0.00345	0.00604	0.00799	0.01051	0.21383	0.02678	0.36602	0.05179	0.23205	0.03768	0.00413	0.00626	0.00308	0.00317
4	0.01894	0.21147	0.27867	0.00876	0.02036	0.09685	0.02204	0.13570	0.10235	0.04986	0.00818	0.00865	0.01469	0.00388	0.00332	0.00107	0.00460	0.00291	0.00234	0.00536
5	0.00950	0.00942	0.01876	0.01363	0.01700	0.00908	0.63373	0.07665	0.03736	0.06584	0.00920	0.02761	0.02532	0.00378	0.00446	0.00125	0.02556	0.00442	0.00232	0.00512
6	0.01665	0.00632	0.00861	0.00660	0.00948	0.00546	0.00546	0.01809	0.01062	0.84897	0.01464	0.01263	0.00919	0.00459	0.00373	0.00115	0.00316	0.00373	0.00459	0.00632
7	0.01146	0.52496	0.04880	0.00699	0.01012	0.01227	0.00663	0.16589	0.02434	0.12939	0.00769	0.00832	0.00609	0.00379	0.00294	0.00094	0.00391	0.01769	0.00248	0.00529
8	0.00837	0.22296	0.01216	0.08623	0.21204	0.10473	0.00724	0.00972	0.00792	0.00987	0.01011	0.25038	0.01064	0.00580	0.00383	0.00115	0.02531	0.00492	0.00222	0.00441
9	0.00480	0.00335	0.00423	0.00481	0.00496	0.00320	0.00307	0.00524	0.00657	0.00876	0.01769	0.60090	0.02106	0.28262	0.00921	0.00217	0.00261	0.00892	0.00307	0.00277
10	0.00502	0.00378	0.00465	0.00453	0.00547	0.00341	0.00341	0.00651	0.00975	0.01325	0.56902	0.06942	0.24416	0.00834	0.00442	0.00122	0.00186	0.03454	0.00387	0.00338
11	0.04817	0.01095	0.10365	0.00838	0.01149	0.07629	0.01743	0.45394	0.03449	0.18379	0.00954	0.00938	0.00661	0.00429	0.00362	0.00112	0.00421	0.00326	0.00343	0.00595
12	0.00893	0.00881	0.01434	0.06346	0.56762	0.02763	0.05290	0.01088	0.00788	0.01124	0.00652	0.00899	0.00558	0.00400	0.00548	0.00122	0.18407	0.00333	0.00179	0.00533
13	0.00870	0.00684	0.00736	0.00655	0.00834	0.02927	0.00508	0.08722	0.40057	0.06324	0.21583	0.04429	0.08869	0.00612	0.00398	0.00122	0.00275	0.00516	0.00381	0.00500
14	0.00873	0.05629	0.34618	0.02285	0.05166	0.04751	0.18601	0.04433	0.10368	0.02469	0.02839	0.02086	0.00687	0.00384	0.00370	0.00115	0.00498	0.00346	0.00215	0.03268
15	0.00537	0.00362	0.00421	0.00427	0.00434	0.00364	0.00253	0.00551	0.00559	0.00748	0.01224	0.06396	0.01402	0.76308	0.05973	0.00357	0.00384	0.02828	0.00232	0.00237
16	0.00767	0.00661	0.00777	0.00572	0.00877	0.00527	0.00456	0.00952	0.03161	0.01200	0.00714	0.03071	0.00615	0.00320	0.00320	0.00064	0.03675	0.00252	0.00226	0.80792
17	0.05955	0.05510	0.31644	0.03529	0.03900	0.03694	0.03554	0.06877	0.10652	0.03881	0.02910	0.00980	0.02091	0.00401	0.00369	0.00111	0.03036	0.00315	0.02227	0.08365
18	0.07456	0.04910	0.01026	0.00836	0.02167	0.25560	0.03252	0.21104	0.17371	0.06710	0.00920	0.00996	0.00714	0.04848	0.00426	0.00122	0.00452	0.00324	0.00290	0.00516

[dist]
# distance from previous block
# <min> <max>
0	12

[block]
# block no. 8 follows, 74 sequences, length 40
# corresponding to MSA columns:
# 1281-1320
name=unknown_I
#
# <colnr> <probs for GDERKNQSTAVLIFYWHMCP>
#	G	D	E	R	K	N	Q	S	T	A	V	L	I	F	Y	W	H	M	C	P
0	0.01345	0.00589	0.00779	0.00620	0.00854	0.00530	0.00503	0.06416	0.01100	0.57583	0.23667	0.01645	0.01594	0.00539	0.00390	0.00115	0.00284	0.00451	0.00441	0.00556
1	0.15149	0.00904	0.00930	0.00733	0.01007	0.07194	0.01874	0.35332	0.02507	0.16501	0.03329	0.00945	0.00715	0.00415	0.00338	0.00105	0.00372	0.00312	0.00332	0.11005
2	0.01340	0.01532	0.01089	0.00944	0.01163	0.60217	0.03647	0.17176	0.07171	0.01239	0.00708	0.00775	0.00558	0.00401	0.00348	0.00102	0.00591	0.00277	0.00239	0.00483
3	0.04224	0.01129	0.00928	0.00763	0.01022	0.34079	0.00599	0.09379	0.01040	0.20805	0.00832	0.00852	0.00611	0.00379	0.00329	0.00092	0.00453	0.00274	0.00280	0.21928
4	0.00716	0.00747	0.01522	0.01162	0.01407	0.00698	0.51829	0.00938	0.00824	0.01109	0.02781	0.29381	0.03881	0.00621	0.00450	0.00133	0.00469	0.00657	0.00248	0.00426
5	0.00680	0.00753	0.18499	0.00629	0.00829	0.00518	0.00592	0.00940	0.07083	0.07861	0.28116	0.08647	0.09311	0.07613	0.06121	0.00172	0.00347	0.00556	0.00318	0.00414
6	0.01526	0.00609	0.00815	0.00637	0.00901	0.00536	0.00522	0.01701	0.03657	0.73436	0.05969	0.01386	0.02262	0.00483	0.00374	0.00114	0.00300	0.00396	0.03777	0.00600
7	0.00701	0.00660	0.01113	0.86063	0.02556	0.00825	0.01031	0.00948	0.00742	0.00948	0.00660	0.00990	0.00495	0.00371	0.00371	0.00124	0.00495	0.00330	0.00165	0.00412
8	0.00569	0.00413	0.00562	0.00559	0.00609	0.02424	0.00413	0.00637	0.00582	0.00809	0.00958	0.01534	0.00937	0.15012	0.58376	0.13922	0.00791	0.00404	0.00197	0.00292
9	0.00652	0.02882	0.00698	0.00646	0.00723	0.03197	0.02703	0.02939	0.02580	0.03995	0.01369	0.33572	0.01473	0.05707	0.24672	0.00282	0.08606	0.02676	0.00272	0.00358
10	0.00533	0.00385	0.00534	0.00534	0.00579	0.00430	0.00387	0.00623	0.00578	0.00816	0.01051	0.01772	0.01064	0.30027	0.58428	0.00520	0.00789	0.00444	0.00207	0.00297
11	0.00530	0.00398	0.00597	0.00597	0.00663	0.00464	0.00464	0.00663	0.00597	0.00862	0.00994	0.01458	0.00928	0.02784	0.85484	0.00597	0.00994	0.00398	0.00199	0.00331
12	0.00496	0.00372	0.00484	0.00539	0.00586	0.00359	0.01325	0.00645	0.06967	0.01031	0.07055	0.71119	0.05477	0.01071	0.00463	0.00146	0.00223	0.00967	0.00349	0.00329
13	0.58429	0.00763	0.00704	0.00585	0.00837	0.00844	0.00482	0.16494	0.00911	0.15782	0.00746	0.00768	0.00531	0.00383	0.00280	0.00114	0.00314	0.00255	0.00295	0.00483
14	0.00760	0.00720	0.01219	0.63475	0.24686	0.00840	0.01060	0.01000	0.00770	0.01020	0.00670	0.00970	0.00520	0.00360	0.00370	0.00120	0.00480	0.00330	0.00170	0.00460
15	0.00452	0.00377	0.00395	0.00402	0.00517	0.00323	0.00300	0.00559	0.01800	0.01025	0.06707	0.10883	0.71528	0.00949	0.00442	0.00128	0.00194	0.02353	0.00348	0.00317
16	0.00873	0.00884	0.01127	0.50878	0.12425	0.15133	0.00945	0.04900	0.00848	0.01039	0.00694	0.00997	0.00557	0.00465	0.02989	0.00133	0.02503	0.01982	0.00186	0.00444
17	0.01596	0.00652	0.00864	0.00668	0.00948	0.00584	0.00550	0.06045	0.03841	0.75547	0.03705	0.01289	0.00982	0.00468	0.00375	0.00115	0.00316	0.00381	0.00451	0.00623
18	0.00458	0.00376	0.00404	0.00399	0.00514	0.00321	0.00298	0.00570	0.00889	0.01109	0.21621	0.04869	0.65076	0.00904	0.00439	0.00124	0.00186	0.00763	0.00359	0.00321
19	0.00873	0.01024	0.04260	0.01552	0.01932	0.00937	0.81245	0.01189	0.00874	0.01189	0.00749	0.00996	0.00561	0.00314	0.00436	0.00125	0.00624	0.00434	0.00187	0.00502
20	0.00452	0.00323	0.00431	0.00517	0.00538	0.00301	0.00345	0.00517	0.00711	0.00948	0.02046	0.86713	0.02455	0.01163	0.00474	0.00151	0.00215	0.01055	0.00345	0.00301
21	0.01125	0.32896	0.01418	0.14454	0.02843	0.29776	0.02386	0.05962	0.00926	0.04148	0.00624	0.00740	0.00509	0.00361	0.00311	0.00097	0.00508	0.00255	0.00195	0.00468
22	0.00530	0.00398	0.00597	0.00597	0.00663	0.00464	0.00464	0.00663	0.00597	0.00862	0.00994	0.01458	0.00928	0.02784	0.85484	0.00597	0.00994	0.00398	0.00199	0.00331
23	0.01165	0.00877	0.00946	0.00786	0.01035	0.00982	0.00629	0.33022	0.46402	0.08087	0.01271	0.01187	0.00926	0.00478	0.00375	0.00120	0.00339	0.00384	0.00381	0.00608
24	0.05528	0.09148	0.33979	0.00907	0.01284	0.00913	0.07254	0.10258	0.13135	0.09604	0.00925	0.02679	0.00698	0.00415	0.00355	0.00116	0.00442	0.01559	0.00255	0.00546
25	0.01646	0.00663	0.00881	0.00675	0.00963	0.00592	0.00558	0.08083	0.01115	0.78548	0.01420	0.01235	0.00897	0.00458	0.00373	0.00115	0.00323	0.00370	0.00453	0.00632
26	0.00949	0.00964	0.01124	0.03995	0.01074	0.14944	0.01818	0.02711	0.00701	0.04222	0.00557	0.00817	0.00507	0.00580	0.00983	0.00147	0.62985	0.00314	0.00183	0.00425
27	0.03034	0.09059	0.40969	0.04009	0.03106	0.04992	0.03341	0.05209	0.12399	0.06849	0.01996	0.00963	0.00667	0.00396	0.00351	0.00115	0.00467	0.01311	0.00229	0.00537
28	0.02465	0.00743	0.01977	0.00809	0.00882	0.07791	0.03586	0.03320	0.00681	0.00977	0.00780	0.04434	0.00744	0.03937	0.25133	0.00279	0.36331	0.00376	0.04369	0.00386
29	0.00483	0.00345	0.00438	0.00488	0.00539	0.00316	0.00336	0.00568	0.00783	0.02398	0.14338	0.58423	0.15019	0.03074	0.00495	0.00146	0.00210	0.00934	0.00353	0.00314
30	0.00709	0.00742	0.06572	0.00829	0.01053	0.00673	0.19993	0.01153	0.24496	0.01253	0.09248	0.08858	0.21560	0.00631	0.00418	0.00126	0.00346	0.00577	0.00310	0.00453
31	0.08950	0.00835	0.01212	0.00923	0.01218	0.02112	0.21705	0.14039	0.11939	0.31511	0.01105	0.01089	0.00761	0.00415	0.00377	0.00118	0.00409	0.00373	0.00342	0.00569
32	0.01665	0.00632	0.00861	0.00660	0.00948	0.00546	0.00546	0.01809	0.01062	0.84897	0.01464	0.01263	0.00919	0.00459	0.00373	0.00115	0.00316	0.00373	0.00459	0.00632
33	0.02110	0.00502	0.00515	0.00490	0.00639	0.00496	0.00374	0.02014	0.22972	0.01186	0.04511	0.04806	0.56392	0.00809	0.00419	0.00126	0.00221	0.00675	0.00353	0.00392
34	0.00709	0.00668	0.01128	0.82988	0.05569	0.00827	0.01035	0.00955	0.00746	0.00958	0.00661	0.00987	0.00498	0.00370	0.00371	0.00123	0.00493	0.00330	0.00166	0.00419
35	0.00853	0.00815	0.01387	0.27703	0.59731	0.00865	0.01106	0.01081	0.00814	0.01132	0.00687	0.00940	0.00560	0.00343	0.00369	0.00114	0.00457	0.00330	0.00178	0.00535
36	0.03587	0.00686	0.00884	0.00682	0.00967	0.00633	0.00563	0.11661	0.02782	0.71397	0.01375	0.01206	0.00877	0.00456	0.00370	0.00115	0.00326	0.00366	0.00442	0.00626
37	0.00770	0.00660	0.00770	0.00550	0.00880	0.00495	0.00440	0.00935	0.00770	0.01210	0.00660	0.00770	0.00550	0.00275	0.00275	0.00055	0.00275	0.00220	0.00220	0.89224
38	0.01055	0.02210	0.01360	0.01115	0.07530	0.09799	0.22591	0.17997	0.08618	0.04175	0.00812	0.00930	0.00624	0.00397	0.00448	0.00112	0.08235	0.00344	0.00253	0.11396
39	0.07629	0.05657	0.00973	0.00756	0.01006	0.10968	0.01731	0.19539	0.28067	0.11248	0.03056	0.01071	0.00847	0.00440	0.00349	0.00110	0.00372	0.00341	0.00330	0.05509

[dist]
# distance from previous block
# <min> <max>
0	49

[block]
# block no. 9 follows, 74 sequences, length 33
# corresponding to MSA columns:
# 1370-1402
name=unknown_J
#
# <colnr> <probs for GDERKNQSTAVLIFYWHMCP>
#	G	D	E	R	K	N	Q	S	T	A	V	L	I	F	Y	W	H	M	C	P
0	0.03430	0.02318	0.08931	0.03693	0.11368	0.06551	0.06468	0.08112	0.06487	0.10003	0.04110	0.01028	0.00751	0.00447	0.01424	0.00116	0.08980	0.01196	0.00254	0.14332
1	0.00871	0.00684	0.00776	0.00816	0.11518	0.07340	0.00549	0.11475	0.08227	0.05800	0.16157	0.09431	0.04556	0.00666	0.03718	0.00132	0.00336	0.01447	0.13267	0.02237
2	0.01574	0.00689	0.00884	0.00684	0.00965	0.00642	0.00563	0.13187	0.04780	0.67757	0.01380	0.01220	0.00889	0.00459	0.00371	0.00114	0.00324	0.00369	0.02525	0.00623
3	0.05620	0.00625	0.00701	0.01460	0.02979	0.05536	0.00467	0.01995	0.03006	0.16676	0.11716	0.16251	0.06773	0.00587	0.00367	0.00105	0.00287	0.00497	0.00321	0.24030
4	0.86094	0.00729	0.00610	0.00530	0.00766	0.00837	0.03657	0.01095	0.00641	0.01647	0.00526	0.00619	0.00408	0.00343	0.00238	0.00115	0.00300	0.00210	0.00228	0.00406
5	0.00540	0.00360	0.00405	0.00405	0.00405	0.00360	0.00225	0.00540	0.00540	0.00720	0.01170	0.02429	0.01349	0.86955	0.01889	0.00360	0.00360	0.00540	0.00225	0.00225
6	0.00676	0.00478	0.00628	0.00596	0.00698	0.00487	0.02671	0.11164	0.01925	0.04738	0.11659	0.31197	0.06519	0.04174	0.16870	0.02380	0.00409	0.02037	0.00320	0.00373
7	0.00884	0.01026	0.05386	0.01509	0.01885	0.00930	0.76533	0.01220	0.03246	0.02394	0.00779	0.01007	0.00581	0.00322	0.00432	0.00125	0.00609	0.00430	0.00196	0.00507
8	0.01167	0.00783	0.01094	0.00862	0.01121	0.01936	0.15723	0.11151	0.22041	0.27966	0.01397	0.04416	0.05683	0.00498	0.00412	0.00122	0.02275	0.00438	0.00358	0.00559
9	0.01319	0.00612	0.00788	0.00636	0.00869	0.00567	0.00514	0.10404	0.03105	0.52329	0.14035	0.06453	0.04418	0.00569	0.00393	0.00118	0.00294	0.01593	0.00428	0.00554
10	0.00914	0.00908	0.00958	0.00848	0.00981	0.16030	0.03492	0.04229	0.24532	0.01151	0.00969	0.01218	0.00825	0.00915	0.14815	0.00210	0.22296	0.04002	0.00251	0.00458
11	0.00919	0.00882	0.01507	0.02278	0.84640	0.00882	0.01139	0.01139	0.00845	0.01213	0.00698	0.00919	0.00588	0.00331	0.00367	0.00110	0.00441	0.00331	0.00184	0.00588
12	0.00470	0.00334	0.00435	0.00502	0.00525	0.00320	0.00332	0.00529	0.00681	0.00909	0.01883	0.67572	0.03655	0.14235	0.05585	0.00208	0.00282	0.00935	0.00318	0.00292
13	0.00755	0.00681	0.00779	0.03677	0.01849	0.09888	0.03099	0.08797	0.00803	0.01048	0.01206	0.28460	0.01307	0.13381	0.06722	0.00202	0.14308	0.01406	0.01265	0.00370
14	0.01924	0.00371	0.00417	0.00422	0.00518	0.00338	0.00313	0.00638	0.00858	0.01181	0.21910	0.14676	0.36550	0.00863	0.01517	0.00127	0.00201	0.02167	0.14681	0.00328
15	0.00537	0.00379	0.00468	0.00452	0.00546	0.00343	0.00336	0.00686	0.00970	0.03303	0.55724	0.09568	0.19514	0.00805	0.00431	0.00120	0.00184	0.00702	0.04588	0.00345
16	0.00522	0.00402	0.00480	0.00456	0.00562	0.00372	0.00343	0.00722	0.05720	0.01346	0.55376	0.02935	0.27794	0.00799	0.00435	0.00120	0.00186	0.00691	0.00388	0.00353
17	0.00775	0.06315	0.62090	0.01089	0.01573	0.00890	0.14629	0.01175	0.02649	0.01181	0.03730	0.00894	0.00610	0.00362	0.00364	0.00117	0.00534	0.00314	0.00176	0.00531
18	0.00461	0.00329	0.00440	0.00526	0.00552	0.00309	0.00359	0.00531	0.00719	0.00957	0.02041	0.82004	0.02437	0.01155	0.00476	0.00152	0.00223	0.05682	0.00344	0.00304
19	0.00452	0.00323	0.00431	0.00517	0.00538	0.00301	0.00345	0.00517	0.00711	0.00948	0.02046	0.86713	0.02455	0.01163	0.00474	0.00151	0.00215	0.01055	0.00345	0.00301
20	0.00638	0.00472	0.00628	0.00692	0.00793	0.00488	0.00597	0.00916	0.10984	0.01165	0.01910	0.03845	0.02014	0.00962	0.00496	0.00165	0.00336	0.72182	0.00346	0.00372
21	0.89577	0.00718	0.00546	0.00488	0.00718	0.00833	0.00402	0.01091	0.00632	0.01665	0.00517	0.00603	0.00402	0.00345	0.00230	0.00115	0.00287	0.00201	0.00230	0.00402
22	0.02235	0.67139	0.12231	0.05554	0.01108	0.01306	0.00736	0.01095	0.00766	0.00949	0.03588	0.00721	0.00585	0.00341	0.00267	0.00089	0.00412	0.00233	0.00169	0.00476
23	0.00439	0.00375	0.00377	0.00379	0.00502	0.00313	0.00283	0.00532	0.00843	0.01001	0.03720	0.05518	0.82569	0.00945	0.00440	0.00126	0.00189	0.00790	0.00345	0.00313
24	0.00770	0.00660	0.00770	0.00550	0.00880	0.00495	0.00440	0.00935	0.00770	0.01210	0.00660	0.00770	0.00550	0.00275	0.00275	0.00055	0.00275	0.00220	0.00220	0.89224
25	0.00862	0.34104	0.51442	0.00888	0.01342	0.01083	0.01072	0.01168	0.00780	0.03243	0.00630	0.00725	0.00484	0.00342	0.00310	0.00103	0.00485	0.00248	0.00165	0.00523
26	0.00629	0.00563	0.00916	0.61384	0.01974	0.00674	0.00833	0.00824	0.00733	0.00948	0.01060	0.25720	0.01060	0.00600	0.00401	0.00132	0.00414	0.00539	0.00217	0.00380
27	0.02541	0.02076	0.01086	0.04288	0.10118	0.00872	0.02718	0.34465	0.03280	0.33080	0.01078	0.01044	0.00734	0.00430	0.00370	0.00113	0.00381	0.00349	0.00367	0.00609
28	0.00565	0.00439	0.00501	0.00505	0.00595	0.00436	0.00367	0.00813	0.14652	0.01103	0.12817	0.16313	0.24218	0.17374	0.00718	0.00177	0.00254	0.07469	0.00335	0.00347
29	0.00540	0.00360	0.00405	0.00405	0.00405	0.00360	0.00225	0.00540	0.00540	0.00720	0.01170	0.02429	0.01349	0.86955	0.01889	0.00360	0.00360	0.00540	0.00225	0.00225
30	0.00802	0.00767	0.01188	0.56495	0.12079	0.03570	0.03336	0.04757	0.02100	0.01052	0.00669	0.00954	0.00523	0.00401	0.00463	0.00125	0.09759	0.00331	0.00181	0.00449
31	0.03003	0.02030	0.08956	0.06183	0.09258	0.03174	0.40758	0.03565	0.01709	0.01979	0.01754	0.04579	0.01444	0.00417	0.00481	0.00126	0.08454	0.01437	0.00204	0.00487
