[name]
unknown

[dist]
# distance from previous block
# <min> <max>
0	77

[block]
# block no. 0 follows, 61 sequences, length 39
# corresponding to MSA columns:
# 98-103,122-154
name=unknown_A
#
# <colnr> <probs for GDERKNQSTAVLIFYWHMCP>
#	G	D	E	R	K	N	Q	S	T	A	V	L	I	F	Y	W	H	M	C	P
0	0.00687	0.00492	0.00684	0.00775	0.00875	0.00489	0.00674	0.00883	0.01002	0.01306	0.05923	0.04770	0.04148	0.01174	0.00589	0.00194	0.00384	0.74154	0.00400	0.00396
1	0.00921	0.00536	0.00592	0.00571	0.02835	0.00558	0.00423	0.07838	0.04093	0.04343	0.05845	0.01608	0.01217	0.00533	0.00370	0.00111	0.02767	0.00424	0.63952	0.00461
2	0.01176	0.79215	0.02179	0.00750	0.01106	0.01650	0.00739	0.01314	0.00883	0.04259	0.00642	0.00729	0.00574	0.00387	0.00317	0.00097	0.02984	0.00243	0.00198	0.00558
3	0.00528	0.00395	0.00492	0.00568	0.00626	0.00360	0.00394	0.00617	0.00871	0.01124	0.02862	0.61300	0.22393	0.01279	0.00542	0.00169	0.00248	0.04478	0.00400	0.00355
4	0.01066	0.01023	0.01748	0.02644	0.82174	0.01023	0.01322	0.01322	0.00981	0.01407	0.00810	0.01066	0.00682	0.00384	0.00426	0.00128	0.00512	0.00384	0.00213	0.00682
5	0.00956	0.00913	0.01535	0.36224	0.41746	0.01010	0.03011	0.01252	0.03557	0.01278	0.00815	0.01115	0.00653	0.00423	0.00468	0.00138	0.03719	0.00389	0.00211	0.00587
6	0.01159	0.00926	0.00993	0.00871	0.01125	0.01051	0.00684	0.09022	0.67719	0.06652	0.03761	0.01591	0.01321	0.00583	0.00439	0.00144	0.00350	0.00483	0.00444	0.00682
7	0.00525	0.00375	0.00500	0.00600	0.00625	0.00350	0.00400	0.00600	0.00825	0.01100	0.02374	0.84580	0.02849	0.01350	0.00550	0.00175	0.00250	0.01225	0.00400	0.00350
8	0.01152	0.85121	0.02257	0.00737	0.01106	0.01704	0.00737	0.01290	0.00875	0.01013	0.00599	0.00691	0.00553	0.00369	0.00276	0.00092	0.00461	0.00230	0.00184	0.00553
9	0.01571	0.00684	0.00925	0.00732	0.01011	0.00609	0.01898	0.04685	0.01248	0.57870	0.19473	0.01913	0.04156	0.00623	0.00453	0.00134	0.00336	0.00524	0.00507	0.00647
10	0.64647	0.00964	0.04554	0.00776	0.03223	0.02566	0.05231	0.03901	0.07796	0.01857	0.00744	0.00837	0.00570	0.00418	0.00314	0.00135	0.00388	0.00285	0.00278	0.00514
11	0.87904	0.00833	0.00633	0.00566	0.00833	0.00966	0.00467	0.01266	0.00733	0.01933	0.00600	0.00700	0.00467	0.00400	0.00267	0.00133	0.00333	0.00233	0.00267	0.00467
12	0.01182	0.01350	0.01248	0.01096	0.01187	0.32742	0.00877	0.01284	0.00888	0.01048	0.00749	0.01001	0.03663	0.00648	0.00985	0.00157	0.48851	0.00359	0.00209	0.00478
13	0.03373	0.00579	0.00601	0.00532	0.00693	0.00604	0.00417	0.16268	0.01125	0.04906	0.01324	0.01467	0.01014	0.00503	0.00330	0.00108	0.00263	0.00396	0.65018	0.00479
14	0.00573	0.00435	0.00528	0.00513	0.00623	0.00390	0.00382	0.00739	0.01121	0.01514	0.53028	0.08785	0.27846	0.00975	0.00511	0.00141	0.00211	0.00848	0.00447	0.00390
15	0.00525	0.00375	0.00500	0.00600	0.00625	0.00350	0.00400	0.00600	0.00825	0.01100	0.02374	0.84580	0.02849	0.01350	0.00550	0.00175	0.00250	0.01225	0.00400	0.00350
16	0.00864	0.02228	0.82630	0.01228	0.01864	0.01000	0.01592	0.01364	0.00909	0.01364	0.00773	0.00909	0.00546	0.00409	0.00409	0.00136	0.00637	0.00318	0.00182	0.00637
17	0.00694	0.00496	0.00694	0.00793	0.00892	0.00496	0.00694	0.00892	0.00992	0.01289	0.02281	0.04859	0.02479	0.01190	0.00595	0.00198	0.00397	0.79275	0.00397	0.00397
18	0.00893	0.00766	0.00893	0.00638	0.01021	0.00574	0.00510	0.01085	0.00893	0.01404	0.00766	0.00893	0.00638	0.00319	0.00319	0.00064	0.00319	0.00255	0.00255	0.87495
19	0.01637	0.01207	0.01293	0.00991	0.01336	0.01336	0.00819	0.80738	0.02025	0.02715	0.01034	0.01034	0.00733	0.00517	0.00431	0.00129	0.00474	0.00388	0.00431	0.00733
20	0.87904	0.00833	0.00633	0.00566	0.00833	0.00966	0.00467	0.01266	0.00733	0.01933	0.00600	0.00700	0.00467	0.00400	0.00267	0.00133	0.00333	0.00233	0.00267	0.00467
21	0.01071	0.00925	0.00974	0.00877	0.01120	0.01071	0.00682	0.02289	0.81396	0.01802	0.01753	0.01607	0.01315	0.00584	0.00438	0.00146	0.00341	0.00487	0.00438	0.00682
22	0.87904	0.00833	0.00633	0.00566	0.00833	0.00966	0.00467	0.01266	0.00733	0.01933	0.00600	0.00700	0.00467	0.00400	0.00267	0.00133	0.00333	0.00233	0.00267	0.00467
23	0.01066	0.01023	0.01748	0.02644	0.82174	0.01023	0.01322	0.01322	0.00981	0.01407	0.00810	0.01066	0.00682	0.00384	0.00426	0.00128	0.00512	0.00384	0.00213	0.00682
24	0.01071	0.00925	0.00974	0.00877	0.01120	0.01071	0.00682	0.02289	0.81396	0.01802	0.01753	0.01607	0.01315	0.00584	0.00438	0.00146	0.00341	0.00487	0.00438	0.00682
25	0.00636	0.00450	0.00564	0.00530	0.00648	0.00406	0.00399	0.00820	0.01174	0.04422	0.64357	0.03334	0.18833	0.00909	0.00506	0.00137	0.00212	0.00792	0.00462	0.00410
26	0.01568	0.01172	0.01253	0.00977	0.01309	0.01303	0.00802	0.71041	0.11837	0.02602	0.01123	0.01105	0.00805	0.00525	0.00432	0.00131	0.00458	0.00400	0.00432	0.00726
27	0.00525	0.00375	0.00500	0.00600	0.00625	0.00350	0.00400	0.00600	0.00825	0.01100	0.02374	0.84580	0.02849	0.01350	0.00550	0.00175	0.00250	0.01225	0.00400	0.00350
28	0.00525	0.00375	0.00500	0.00600	0.00625	0.00350	0.00400	0.00600	0.00825	0.01100	0.02374	0.84580	0.02849	0.01350	0.00550	0.00175	0.00250	0.01225	0.00400	0.00350
29	0.01650	0.01186	0.01280	0.00981	0.01325	0.01305	0.00811	0.77270	0.01990	0.06233	0.01064	0.01053	0.00747	0.00518	0.00431	0.00129	0.00469	0.00390	0.00435	0.00733
30	0.00524	0.00376	0.00498	0.00596	0.00624	0.00350	0.00398	0.00600	0.00829	0.01101	0.02425	0.82532	0.04865	0.01343	0.00549	0.00174	0.00249	0.01217	0.00400	0.00350
31	0.00701	0.00580	0.00599	0.00564	0.00742	0.00565	0.00432	0.02522	0.21200	0.03108	0.03590	0.03394	0.58517	0.00941	0.00488	0.00145	0.00257	0.00783	0.00413	0.00458
32	0.00582	0.00439	0.00537	0.00512	0.00626	0.00394	0.00384	0.00758	0.01153	0.01570	0.60270	0.03477	0.25840	0.00939	0.00508	0.00138	0.00207	0.00815	0.00453	0.00394
33	0.01865	0.00842	0.01067	0.00818	0.01154	0.00795	0.00676	0.20179	0.01415	0.64136	0.01546	0.01367	0.00990	0.00529	0.00433	0.00132	0.00391	0.00423	0.00510	0.00733
34	0.00615	0.00462	0.00692	0.00692	0.00769	0.00538	0.00538	0.00769	0.00692	0.01000	0.01154	0.01692	0.01077	0.03231	0.83154	0.00692	0.01154	0.00462	0.00231	0.00385
35	0.01006	0.01140	0.02481	0.01782	0.02207	0.01070	0.77989	0.01364	0.01016	0.01377	0.00918	0.01283	0.00713	0.00390	0.00511	0.00147	0.00715	0.03091	0.00224	0.00575
36	0.00887	0.00895	0.01776	0.03669	0.04156	0.00864	0.45607	0.01196	0.02720	0.01331	0.01363	0.06533	0.01299	0.00737	0.03015	0.00177	0.00604	0.22373	0.00281	0.00514
37	0.00865	0.00804	0.01080	0.00942	0.00966	0.02469	0.02193	0.02452	0.00696	0.01022	0.00824	0.01471	0.00859	0.21951	0.07681	0.00280	0.52362	0.00447	0.00216	0.00420
38	0.00697	0.00629	0.03252	0.02013	0.00893	0.04075	0.01834	0.00854	0.00723	0.01015	0.01079	0.01614	0.01012	0.06616	0.65056	0.00586	0.06973	0.00451	0.00227	0.00402

[dist]
# distance from previous block
# <min> <max>
1	5

[block]
# block no. 1 follows, 61 sequences, length 32
# corresponding to MSA columns:
# 220-251
name=unknown_B
#
# <colnr> <probs for GDERKNQSTAVLIFYWHMCP>
#	G	D	E	R	K	N	Q	S	T	A	V	L	I	F	Y	W	H	M	C	P
0	0.03702	0.03741	0.54284	0.01178	0.04143	0.02744	0.03812	0.04088	0.12224	0.02846	0.00927	0.01019	0.00676	0.00435	0.00408	0.00134	0.00567	0.00347	0.00239	0.02487
1	0.00985	0.00988	0.03187	0.09291	0.18041	0.01196	0.04786	0.04324	0.00825	0.01215	0.00675	0.01000	0.00602	0.00605	0.00997	0.00164	0.48640	0.00382	0.00206	0.01890
2	0.00816	0.00766	0.01280	0.81257	0.02907	0.00945	0.01175	0.01100	0.00862	0.01110	0.00766	0.01141	0.00576	0.00427	0.00427	0.00141	0.00566	0.00379	0.00193	0.03166
3	0.01066	0.01023	0.01748	0.02644	0.82174	0.01023	0.01322	0.01322	0.00981	0.01407	0.00810	0.01066	0.00682	0.00384	0.00426	0.00128	0.00512	0.00384	0.00213	0.00682
4	0.00526	0.00394	0.00483	0.00550	0.00609	0.00357	0.00376	0.00610	0.00870	0.01122	0.04619	0.58274	0.24440	0.03902	0.00590	0.00174	0.00246	0.01110	0.00397	0.00352
5	0.00530	0.00437	0.00465	0.00458	0.00595	0.00373	0.00344	0.00659	0.01031	0.01281	0.20479	0.03953	0.65811	0.01047	0.00509	0.00143	0.00215	0.00882	0.00415	0.00373
6	0.00615	0.00462	0.00692	0.00692	0.00769	0.00538	0.00538	0.00769	0.00692	0.01000	0.01154	0.01692	0.01077	0.03231	0.83154	0.00692	0.01154	0.00462	0.00231	0.00385
7	0.00803	0.00401	0.00401	0.00401	0.00502	0.00401	0.00301	0.01004	0.00903	0.01606	0.01405	0.01606	0.01104	0.00502	0.00301	0.00100	0.00201	0.00401	0.87253	0.00401
8	0.01637	0.01207	0.01293	0.00991	0.01336	0.01336	0.00819	0.80738	0.02025	0.02715	0.01034	0.01034	0.00733	0.00517	0.00431	0.00129	0.00474	0.00388	0.00431	0.00733
9	0.00813	0.00766	0.01292	0.83826	0.02967	0.00957	0.01196	0.01101	0.00861	0.01101	0.00766	0.01148	0.00574	0.00431	0.00431	0.00144	0.00574	0.00383	0.00191	0.00479
10	0.01071	0.00925	0.00974	0.00877	0.01120	0.01071	0.00682	0.02289	0.81396	0.01802	0.01753	0.01607	0.01315	0.00584	0.00438	0.00146	0.00341	0.00487	0.00438	0.00682
11	0.00666	0.00477	0.00655	0.00710	0.00810	0.00466	0.00598	0.00866	0.01067	0.01435	0.28821	0.04312	0.03007	0.01087	0.00566	0.00177	0.00332	0.53125	0.00422	0.00400
12	0.01402	0.01067	0.01167	0.00880	0.01236	0.01095	0.00721	0.55571	0.01668	0.02300	0.00949	0.00990	0.00703	0.00455	0.00396	0.00109	0.00425	0.00346	0.00375	0.28146
13	0.00864	0.02228	0.82630	0.01228	0.01864	0.01000	0.01592	0.01364	0.00909	0.01364	0.00773	0.00909	0.00546	0.00409	0.00409	0.00136	0.00637	0.00318	0.00182	0.00637
14	0.00509	0.00436	0.00436	0.00436	0.00582	0.00364	0.00327	0.00618	0.00982	0.01164	0.04364	0.04146	0.82000	0.01091	0.00509	0.00145	0.00218	0.00909	0.00400	0.00364
15	0.00884	0.08108	0.76929	0.01193	0.01811	0.01050	0.01531	0.01359	0.00907	0.01339	0.00761	0.00894	0.00546	0.00406	0.00400	0.00133	0.00624	0.00312	0.00182	0.00631
16	0.01066	0.01023	0.01748	0.02644	0.82174	0.01023	0.01322	0.01322	0.00981	0.01407	0.00810	0.01066	0.00682	0.00384	0.00426	0.00128	0.00512	0.00384	0.00213	0.00682
17	0.01876	0.00729	0.00987	0.00763	0.01087	0.00637	0.00628	0.02067	0.03052	0.78378	0.03951	0.01518	0.01156	0.00544	0.00435	0.00134	0.00361	0.00444	0.00529	0.00723
18	0.00525	0.00375	0.00500	0.00600	0.00625	0.00350	0.00400	0.00600	0.00825	0.01100	0.02374	0.84580	0.02849	0.01350	0.00550	0.00175	0.00250	0.01225	0.00400	0.00350
19	0.01311	0.00700	0.02528	0.00703	0.00943	0.02148	0.00574	0.01546	0.06393	0.41275	0.18355	0.02207	0.13633	0.02049	0.00522	0.00143	0.03346	0.00573	0.00465	0.00585
20	0.00864	0.02228	0.82630	0.01228	0.01864	0.01000	0.01592	0.01364	0.00909	0.01364	0.00773	0.00909	0.00546	0.00409	0.00409	0.00136	0.00637	0.00318	0.00182	0.00637
21	0.00525	0.00375	0.00500	0.00600	0.00625	0.00350	0.00400	0.00600	0.00825	0.01100	0.02374	0.84580	0.02849	0.01350	0.00550	0.00175	0.00250	0.01225	0.00400	0.00350
22	0.01002	0.01206	0.15790	0.07214	0.49369	0.01043	0.03882	0.02666	0.00942	0.01357	0.00789	0.01046	0.00648	0.00487	0.02170	0.00148	0.09024	0.00377	0.00208	0.00632
23	0.01371	0.01126	0.03800	0.24726	0.08352	0.18940	0.00927	0.06822	0.01138	0.24164	0.01146	0.01232	0.03380	0.00485	0.00424	0.00131	0.00539	0.00389	0.00319	0.00590
24	0.00525	0.00375	0.00500	0.00600	0.00625	0.00350	0.00400	0.00600	0.00825	0.01100	0.02374	0.84580	0.02849	0.01350	0.00550	0.00175	0.00250	0.01225	0.00400	0.00350
25	0.00686	0.00492	0.00683	0.00775	0.00876	0.00489	0.00675	0.00882	0.00997	0.01296	0.04326	0.04795	0.05109	0.01179	0.00590	0.00195	0.00386	0.74773	0.00399	0.00396
26	0.01187	0.13549	0.18266	0.01649	0.35335	0.02301	0.01134	0.01473	0.02406	0.15439	0.02639	0.01098	0.00782	0.00428	0.00403	0.00126	0.00499	0.00365	0.00268	0.00654
27	0.00617	0.00453	0.00650	0.00650	0.00713	0.00516	0.00486	0.00742	0.00680	0.00969	0.01192	0.01904	0.01169	0.18607	0.67904	0.00641	0.01015	0.00493	0.00236	0.00361
28	0.00813	0.00766	0.01292	0.83826	0.02967	0.00957	0.01196	0.01101	0.00861	0.01101	0.00766	0.01148	0.00574	0.00431	0.00431	0.00144	0.00574	0.00383	0.00191	0.00479
29	0.01387	0.00920	0.06172	0.02750	0.07836	0.00839	0.03279	0.12172	0.14211	0.32758	0.01736	0.03350	0.09448	0.00587	0.00444	0.00137	0.00403	0.00492	0.00422	0.00658
30	0.02382	0.09205	0.20679	0.07781	0.14640	0.06391	0.08624	0.18109	0.03553	0.03322	0.00866	0.01004	0.00653	0.00431	0.00413	0.00129	0.00560	0.00362	0.00262	0.00631
31	0.00960	0.01359	0.30468	0.03728	0.03211	0.00914	0.24883	0.02628	0.02189	0.06056	0.03270	0.01342	0.00865	0.00605	0.04650	0.00168	0.02071	0.03338	0.06719	0.00575

[dist]
# distance from previous block
# <min> <max>
0	35

[block]
# block no. 2 follows, 61 sequences, length 50
# corresponding to MSA columns:
# 287-336
name=unknown_C
#
# <colnr> <probs for GDERKNQSTAVLIFYWHMCP>
#	G	D	E	R	K	N	Q	S	T	A	V	L	I	F	Y	W	H	M	C	P
0	0.65174	0.00950	0.09752	0.00655	0.00955	0.00903	0.01956	0.01258	0.00798	0.04746	0.00941	0.01018	0.06012	0.00455	0.00310	0.00134	0.00363	0.00305	0.02828	0.00488
1	0.00825	0.03380	0.07427	0.03413	0.13795	0.05003	0.04945	0.01018	0.00849	0.01173	0.07148	0.06452	0.01205	0.06312	0.26608	0.00331	0.08899	0.00493	0.00247	0.00475
2	0.00917	0.09412	0.27928	0.02843	0.05645	0.03235	0.03221	0.01252	0.04020	0.06029	0.23744	0.01817	0.01706	0.00596	0.00454	0.00135	0.01627	0.04562	0.00309	0.00550
3	0.02777	0.06787	0.62979	0.09458	0.03124	0.01020	0.02757	0.01314	0.00911	0.01342	0.03186	0.00992	0.00656	0.00422	0.00405	0.00134	0.00600	0.00336	0.00195	0.00605
4	0.03732	0.39312	0.20168	0.00965	0.03650	0.10402	0.00951	0.06789	0.02132	0.04231	0.00740	0.00833	0.00596	0.00412	0.00362	0.00112	0.01976	0.00285	0.00225	0.02126
5	0.00620	0.00420	0.00473	0.00473	0.00482	0.00417	0.00270	0.00629	0.00646	0.00856	0.01509	0.02864	0.05732	0.78769	0.03833	0.00409	0.00423	0.00638	0.00268	0.00269
6	0.00759	0.00667	0.01040	0.51873	0.02124	0.00791	0.00935	0.01054	0.06380	0.01158	0.01288	0.16879	0.01249	0.02797	0.01877	0.00170	0.00488	0.07750	0.00268	0.00454
7	0.75444	0.00819	0.00686	0.00595	0.00872	0.00918	0.00491	0.01387	0.00806	0.13606	0.00759	0.00811	0.00553	0.00419	0.00291	0.00133	0.00338	0.00262	0.00305	0.00505
8	0.00528	0.00386	0.00498	0.00586	0.00628	0.00356	0.00400	0.00611	0.00849	0.01113	0.02610	0.72464	0.12333	0.01314	0.00546	0.00172	0.00251	0.03602	0.00400	0.00353
9	0.87904	0.00833	0.00633	0.00566	0.00833	0.00966	0.00467	0.01266	0.00733	0.01933	0.00600	0.00700	0.00467	0.00400	0.00267	0.00133	0.00333	0.00233	0.00267	0.00467
10	0.00525	0.00375	0.00500	0.00600	0.00625	0.00350	0.00400	0.00600	0.00825	0.01100	0.02374	0.84580	0.02849	0.01350	0.00550	0.00175	0.00250	0.01225	0.00400	0.00350
11	0.01164	0.00971	0.01026	0.00895	0.01155	0.01115	0.00704	0.15133	0.68401	0.01951	0.01636	0.01513	0.01220	0.00573	0.00437	0.00143	0.00363	0.00471	0.00437	0.00690
12	0.01637	0.01207	0.01293	0.00991	0.01336	0.01336	0.00819	0.80738	0.02025	0.02715	0.01034	0.01034	0.00733	0.00517	0.00431	0.00129	0.00474	0.00388	0.00431	0.00733
13	0.00813	0.00766	0.01292	0.83826	0.02967	0.00957	0.01196	0.01101	0.00861	0.01101	0.00766	0.01148	0.00574	0.00431	0.00431	0.00144	0.00574	0.00383	0.00191	0.00479
14	0.01046	0.01003	0.01713	0.09011	0.75962	0.01018	0.01312	0.01305	0.00971	0.01383	0.00807	0.01073	0.00674	0.00387	0.00427	0.00129	0.00517	0.00384	0.00212	0.00666
15	0.01609	0.02053	0.01221	0.01110	0.01332	0.83132	0.00832	0.01720	0.01221	0.01054	0.00666	0.00777	0.00555	0.00444	0.00388	0.00111	0.00777	0.00277	0.00222	0.00499
16	0.00530	0.00379	0.00506	0.00606	0.00633	0.00355	0.00409	0.00609	0.00830	0.01106	0.02371	0.82001	0.02837	0.01344	0.00551	0.00176	0.00255	0.03750	0.00400	0.00351
17	0.00803	0.00401	0.00401	0.00401	0.00502	0.00401	0.00301	0.01004	0.00903	0.01606	0.01405	0.01606	0.01104	0.00502	0.00301	0.00100	0.00201	0.00401	0.87253	0.00401
18	0.00525	0.00395	0.00487	0.00553	0.00614	0.00356	0.00381	0.00615	0.00887	0.01148	0.06855	0.58911	0.24199	0.01257	0.00537	0.00165	0.00239	0.01118	0.00404	0.00356
19	0.01020	0.01072	0.01308	0.01128	0.01154	0.10843	0.00930	0.01116	0.00725	0.01039	0.00577	0.00923	0.00564	0.00718	0.01294	0.00179	0.74377	0.00365	0.00192	0.00474
20	0.00915	0.00778	0.00905	0.00648	0.01030	0.00596	0.00519	0.03384	0.00926	0.01441	0.00773	0.00897	0.00641	0.00325	0.00322	0.00066	0.00323	0.00259	0.00260	0.84990
21	0.01162	0.06022	0.12372	0.04920	0.03382	0.03179	0.06559	0.25777	0.16246	0.02861	0.06160	0.03316	0.05019	0.00555	0.00436	0.00135	0.00467	0.00462	0.00349	0.00623
22	0.00593	0.00440	0.00553	0.00525	0.00633	0.00399	0.00393	0.00781	0.01180	0.01635	0.69192	0.03370	0.16878	0.00915	0.00508	0.00137	0.00206	0.00800	0.00462	0.00399
23	0.01407	0.01122	0.01417	0.08596	0.24870	0.02817	0.00993	0.47602	0.01589	0.03920	0.00954	0.01058	0.00708	0.00470	0.00429	0.00130	0.00497	0.00385	0.00345	0.00692
24	0.00972	0.00935	0.01627	0.32504	0.35973	0.01005	0.11716	0.03627	0.02704	0.01327	0.00838	0.01136	0.00664	0.00480	0.02558	0.00151	0.00575	0.00404	0.00218	0.00587
25	0.00869	0.02193	0.79995	0.01247	0.01877	0.01003	0.04191	0.01365	0.00913	0.01365	0.00776	0.00918	0.00549	0.00408	0.00413	0.00137	0.00640	0.00325	0.00183	0.00635
26	0.00992	0.00947	0.01614	0.26584	0.58817	0.01004	0.01285	0.01257	0.00946	0.01317	0.00797	0.01090	0.00650	0.00398	0.00428	0.00133	0.00530	0.00384	0.00207	0.00622
27	0.01196	0.01081	0.01561	0.06040	0.53896	0.05152	0.01150	0.18756	0.01203	0.01641	0.00848	0.01057	0.00684	0.00455	0.00467	0.03002	0.00515	0.00379	0.00260	0.00658
28	0.87904	0.00833	0.00633	0.00566	0.00833	0.00966	0.00467	0.01266	0.00733	0.01933	0.00600	0.00700	0.00467	0.00400	0.00267	0.00133	0.00333	0.00233	0.00267	0.00467
29	0.01223	0.01040	0.02293	0.02906	0.23585	0.09524	0.00884	0.07450	0.23769	0.11677	0.04723	0.01397	0.02519	0.00591	0.02572	0.00149	0.02278	0.00436	0.00347	0.00639
30	0.00635	0.00447	0.00569	0.00537	0.00649	0.00407	0.00403	0.00822	0.01181	0.04055	0.67985	0.05085	0.13794	0.00907	0.00507	0.00138	0.00211	0.00795	0.00465	0.00410
31	0.00665	0.00466	0.00602	0.00560	0.00674	0.00436	0.00423	0.00902	0.04022	0.04100	0.76790	0.03110	0.03880	0.00860	0.00503	0.00136	0.00213	0.00759	0.00475	0.00426
32	0.01152	0.85121	0.02257	0.00737	0.01106	0.01704	0.00737	0.01290	0.00875	0.01013	0.00599	0.00691	0.00553	0.00369	0.00276	0.00092	0.00461	0.00230	0.00184	0.00553
33	0.01571	0.01243	0.27314	0.00928	0.01360	0.00793	0.00953	0.06512	0.01176	0.51628	0.01362	0.01261	0.00879	0.00492	0.00425	0.00134	0.00460	0.00393	0.00414	0.00702
34	0.00923	0.00874	0.01480	0.45993	0.37976	0.00976	0.01240	0.01194	0.00917	0.01241	0.00820	0.01197	0.00666	0.00427	0.00433	0.00138	0.00542	0.02191	0.00206	0.00567
35	0.00803	0.00401	0.00401	0.00401	0.00502	0.00401	0.00301	0.01004	0.00903	0.01606	0.01405	0.01606	0.01104	0.00502	0.00301	0.00100	0.00201	0.00401	0.87253	0.00401
36	0.00813	0.00766	0.01292	0.83826	0.02967	0.00957	0.01196	0.01101	0.00861	0.01101	0.00766	0.01148	0.00574	0.00431	0.00431	0.00144	0.00574	0.00383	0.00191	0.00479
37	0.02341	0.26011	0.01554	0.25483	0.01738	0.11227	0.00899	0.20999	0.01205	0.03564	0.00793	0.00942	0.00616	0.00438	0.00378	0.00120	0.00532	0.00326	0.00262	0.00572
38	0.00574	0.00414	0.00552	0.00641	0.00696	0.00393	0.00476	0.00690	0.00896	0.01181	0.05729	0.54662	0.07466	0.01271	0.00558	0.00178	0.00286	0.22567	0.00402	0.00366
39	0.01071	0.00925	0.00974	0.00877	0.01120	0.01071	0.00682	0.02289	0.81396	0.01802	0.01753	0.01607	0.01315	0.00584	0.00438	0.00146	0.00341	0.00487	0.00438	0.00682
40	0.01727	0.01413	0.01160	0.00965	0.01252	0.36887	0.00760	0.18889	0.01398	0.29646	0.01104	0.01071	0.00771	0.00491	0.00413	0.00123	0.00569	0.00355	0.00375	0.00631
41	0.51263	0.00887	0.00839	0.00693	0.00988	0.00970	0.00569	0.16217	0.04183	0.15354	0.00913	0.00930	0.00654	0.00448	0.00333	0.00131	0.00365	0.00306	0.00347	0.03610
42	0.00949	0.00642	0.01077	0.00864	0.01034	0.00603	0.19779	0.01042	0.00848	0.14239	0.04649	0.03138	0.04413	0.26966	0.01244	0.16802	0.00457	0.00545	0.00297	0.00412
43	0.01086	0.00602	0.00735	0.00645	0.00823	0.04049	0.00498	0.01258	0.01179	0.28746	0.41581	0.10683	0.04735	0.00797	0.00482	0.00138	0.00288	0.00689	0.00474	0.00513
44	0.00959	0.00798	0.01274	0.14338	0.44753	0.00824	0.00994	0.01201	0.00950	0.02820	0.02211	0.01298	0.01825	0.00441	0.00396	0.00123	0.00428	0.00401	0.23396	0.00569
45	0.00976	0.05502	0.51602	0.12046	0.04385	0.02253	0.06775	0.01377	0.00933	0.07107	0.00832	0.00991	0.00599	0.00423	0.00437	0.00136	0.02454	0.00347	0.00213	0.00611
46	0.01065	0.01022	0.01672	0.11025	0.65361	0.03869	0.03946	0.01318	0.00983	0.02963	0.00879	0.01127	0.02017	0.00405	0.00430	0.00130	0.00527	0.00394	0.00221	0.00647
47	0.20775	0.00795	0.01030	0.05887	0.22315	0.02601	0.02513	0.03789	0.00951	0.09035	0.01509	0.11379	0.11813	0.00652	0.00455	0.02748	0.00396	0.00525	0.00308	0.00525
48	0.03089	0.06412	0.37036	0.23291	0.09796	0.01924	0.03705	0.01315	0.00921	0.05825	0.00842	0.02489	0.00638	0.00432	0.00412	0.00135	0.00572	0.00362	0.00215	0.00587
49	0.01223	0.01049	0.07338	0.15629	0.18705	0.04756	0.11642	0.04583	0.03930	0.19404	0.01051	0.01229	0.00779	0.03232	0.00530	0.00146	0.03450	0.00413	0.00297	0.00614

[dist]
# distance from previous block
# <min> <max>
4	21

[block]
# block no. 3 follows, 61 sequences, length 40
# corresponding to MSA columns:
# 376-378,409-445
name=unknown_D
#
# <colnr> <probs for GDERKNQSTAVLIFYWHMCP>
#	G	D	E	R	K	N	Q	S	T	A	V	L	I	F	Y	W	H	M	C	P
0	0.00925	0.15872	0.67946	0.01145	0.01730	0.02580	0.01437	0.01358	0.00909	0.01301	0.00742	0.00871	0.00547	0.00403	0.00387	0.00129	0.00610	0.00303	0.00183	0.00620
1	0.04229	0.01748	0.05433	0.01211	0.09114	0.55134	0.00886	0.03412	0.12350	0.01272	0.00842	0.00930	0.00673	0.00456	0.00397	0.00120	0.00662	0.00320	0.00255	0.00553
2	0.00540	0.00386	0.00517	0.00617	0.00649	0.00363	0.00426	0.00626	0.00840	0.01117	0.02366	0.77430	0.02816	0.01335	0.00554	0.00177	0.00263	0.08225	0.00400	0.00354
3	0.22174	0.20221	0.17266	0.00832	0.01150	0.11800	0.00812	0.01250	0.00855	0.01309	0.00755	0.00950	0.00637	0.00974	0.17107	0.00235	0.00646	0.00301	0.00218	0.00507
4	0.01048	0.15625	0.08431	0.01302	0.19614	0.09218	0.06294	0.04596	0.02285	0.04818	0.01177	0.19139	0.01155	0.02829	0.00474	0.00140	0.00485	0.00542	0.00275	0.00552
5	0.00719	0.00480	0.00658	0.02176	0.00806	0.00485	0.00539	0.00842	0.00886	0.08129	0.02153	0.43752	0.05334	0.01326	0.06808	0.00215	0.04837	0.19068	0.00383	0.00406
6	0.00990	0.24094	0.54886	0.01098	0.01637	0.04668	0.02658	0.03015	0.00939	0.01287	0.00730	0.00853	0.00554	0.00401	0.00375	0.00124	0.00594	0.00298	0.00190	0.00610
7	0.00956	0.00794	0.01012	0.00757	0.01093	0.00678	0.06649	0.08054	0.04567	0.03355	0.11348	0.01317	0.02332	0.00439	0.00378	0.00091	0.00349	0.00377	0.00312	0.55142
8	0.23789	0.07238	0.11561	0.00922	0.01156	0.05521	0.00840	0.03620	0.04345	0.03248	0.00708	0.00889	0.00588	0.00535	0.00708	0.00146	0.29431	0.00317	0.00238	0.04201
9	0.01372	0.17129	0.08766	0.03442	0.01392	0.38160	0.03973	0.07214	0.04791	0.04795	0.00790	0.00893	0.00628	0.00453	0.00431	0.00120	0.04532	0.00313	0.00247	0.00558
10	0.00598	0.00457	0.00639	0.00670	0.00743	0.00453	0.02853	0.00753	0.04324	0.01130	0.01976	0.57379	0.02248	0.01641	0.18011	0.00278	0.00462	0.00968	0.00354	0.04063
11	0.00541	0.00423	0.00492	0.00511	0.00615	0.00374	0.00373	0.00667	0.01000	0.01286	0.22434	0.23850	0.41833	0.01107	0.00521	0.00152	0.00227	0.02807	0.00418	0.00371
12	0.00901	0.00794	0.02569	0.00670	0.01040	0.00604	0.00552	0.02749	0.02539	0.01432	0.00872	0.01122	0.00750	0.00377	0.00340	0.00075	0.00333	0.04479	0.00269	0.77534
13	0.01167	0.05596	0.01211	0.02818	0.06835	0.19808	0.05698	0.05749	0.01055	0.06194	0.02178	0.02791	0.00787	0.02940	0.02603	0.00126	0.00510	0.00349	0.00270	0.31316
14	0.85325	0.00830	0.00644	0.00572	0.00841	0.00956	0.00472	0.01291	0.00748	0.04349	0.00633	0.00723	0.00484	0.00404	0.00272	0.00133	0.00334	0.00239	0.00275	0.00475
15	0.00593	0.00440	0.00552	0.00524	0.00633	0.00399	0.00393	0.00780	0.01179	0.01632	0.68791	0.03375	0.17280	0.00916	0.00508	0.00137	0.00206	0.00801	0.00462	0.00399
16	0.00671	0.00441	0.00623	0.02344	0.00685	0.00483	0.00443	0.00679	0.00642	0.00887	0.01085	0.04471	0.01116	0.21317	0.31546	0.28457	0.03095	0.00492	0.00227	0.00296
17	0.01232	0.01005	0.01065	0.00909	0.01181	0.01147	0.00721	0.24595	0.58828	0.02061	0.01549	0.01444	0.01149	0.00565	0.00436	0.00141	0.00379	0.00459	0.00436	0.00696
18	0.00569	0.00395	0.00485	0.00539	0.00555	0.00380	0.00337	0.00612	0.00741	0.00984	0.01970	0.46563	0.04112	0.38275	0.01275	0.00282	0.00323	0.00953	0.00338	0.00311
19	0.02914	0.30752	0.39861	0.00975	0.01462	0.01203	0.01122	0.03518	0.00967	0.12266	0.00841	0.00908	0.00622	0.00415	0.00364	0.00120	0.00528	0.00303	0.00239	0.00620
20	0.19350	0.39429	0.07005	0.05180	0.11721	0.01302	0.00832	0.03457	0.00913	0.06291	0.00725	0.00835	0.00588	0.00397	0.00324	0.00114	0.00453	0.00281	0.00233	0.00569
21	0.00542	0.00398	0.00510	0.00571	0.00628	0.00366	0.00398	0.00649	0.00923	0.01230	0.17514	0.56792	0.13704	0.01224	0.00538	0.00164	0.00240	0.02833	0.00414	0.00363
22	0.00678	0.00571	0.00793	0.05394	0.15521	0.00561	0.00629	0.00882	0.05460	0.01229	0.02524	0.31109	0.24528	0.00997	0.00507	0.00157	0.00323	0.07339	0.00357	0.00443
23	0.01087	0.03177	0.15256	0.20727	0.23252	0.07138	0.06368	0.01372	0.01000	0.10575	0.05211	0.01195	0.00844	0.00445	0.00429	0.00133	0.00547	0.00396	0.00254	0.00595
24	0.00641	0.00495	0.00730	0.03383	0.00838	0.00587	0.00561	0.00784	0.00691	0.00993	0.01123	0.01718	0.01069	0.09196	0.69719	0.00625	0.05766	0.00467	0.00229	0.00383
25	0.51364	0.00736	0.00641	0.00565	0.00794	0.00819	0.00457	0.07993	0.00916	0.05846	0.00922	0.01026	0.00701	0.00446	0.00299	0.00123	0.00309	0.00304	0.25256	0.00484
26	0.00923	0.01537	0.38928	0.13788	0.21742	0.02157	0.04161	0.01332	0.04439	0.01338	0.00925	0.01115	0.02981	0.00440	0.00446	0.00137	0.02413	0.00376	0.00211	0.00611
27	0.00961	0.16781	0.37910	0.04060	0.10343	0.01132	0.17948	0.01327	0.00940	0.01310	0.02895	0.01008	0.00677	0.00403	0.00411	0.00130	0.00597	0.00363	0.00201	0.00603
28	0.01011	0.01070	0.04736	0.08595	0.29079	0.07534	0.10367	0.01309	0.06230	0.01301	0.02642	0.01342	0.00858	0.00604	0.03007	0.00162	0.14621	0.04724	0.00238	0.00571
29	0.20612	0.00892	0.01206	0.05222	0.27267	0.00960	0.05670	0.01496	0.20508	0.01632	0.04970	0.01258	0.00968	0.00468	0.00396	0.00134	0.00414	0.00403	0.04935	0.00590
30	0.00747	0.00681	0.01071	0.02608	0.01130	0.00674	0.19025	0.01088	0.13129	0.01299	0.05698	0.13455	0.20957	0.05513	0.07698	0.00213	0.00463	0.03750	0.00340	0.00462
31	0.00803	0.00401	0.00401	0.00401	0.00502	0.00401	0.00301	0.01004	0.00903	0.01606	0.01405	0.01606	0.01104	0.00502	0.00301	0.00100	0.00201	0.00401	0.87253	0.00401
32	0.00893	0.00766	0.00893	0.00638	0.01021	0.00574	0.00510	0.01085	0.00893	0.01404	0.00766	0.00893	0.00638	0.00319	0.00319	0.00064	0.00319	0.00255	0.00255	0.87495
33	0.00615	0.00462	0.00692	0.00692	0.00769	0.00538	0.00538	0.00769	0.00692	0.01000	0.01154	0.01692	0.01077	0.03231	0.83154	0.00692	0.01154	0.00462	0.00231	0.00385
34	0.00625	0.00422	0.00491	0.00491	0.00498	0.00429	0.00288	0.00640	0.00633	0.00851	0.01338	0.02711	0.01519	0.77056	0.09934	0.00444	0.00488	0.00611	0.00258	0.00273
35	0.01098	0.00754	0.00853	0.00765	0.00980	0.00800	0.00591	0.06447	0.38812	0.16016	0.03335	0.16135	0.10028	0.00761	0.00465	0.00148	0.00323	0.00648	0.00445	0.00599
36	0.01018	0.00563	0.00714	0.00615	0.00799	0.00515	0.00481	0.05550	0.01237	0.23932	0.45495	0.02734	0.13005	0.00792	0.00483	0.00136	0.00265	0.00679	0.00479	0.00509
37	0.00813	0.00766	0.01292	0.83826	0.02967	0.00957	0.01196	0.01101	0.00861	0.01101	0.00766	0.01148	0.00574	0.00431	0.00431	0.00144	0.00574	0.00383	0.00191	0.00479
38	0.00813	0.00766	0.01292	0.83826	0.02967	0.00957	0.01196	0.01101	0.00861	0.01101	0.00766	0.01148	0.00574	0.00431	0.00431	0.00144	0.00574	0.00383	0.00191	0.00479
39	0.00767	0.00504	0.00700	0.00770	0.00882	0.00494	0.00662	0.00958	0.01013	0.06866	0.06494	0.08020	0.02483	0.01135	0.00577	0.00189	0.00378	0.66278	0.00410	0.00418

[dist]
# distance from previous block
# <min> <max>
0	2

[block]
# block no. 4 follows, 61 sequences, length 74
# corresponding to MSA columns:
# 448-475,477-496,500-516,521-529
name=unknown_E
#
# <colnr> <probs for GDERKNQSTAVLIFYWHMCP>
#	G	D	E	R	K	N	Q	S	T	A	V	L	I	F	Y	W	H	M	C	P
0	0.00598	0.00452	0.00564	0.00627	0.00726	0.00422	0.00503	0.00738	0.00950	0.01201	0.03003	0.18764	0.30287	0.03166	0.00595	0.00181	0.00309	0.36146	0.00395	0.00374
1	0.02607	0.00871	0.01130	0.00834	0.01195	0.00774	0.09096	0.15029	0.02445	0.08489	0.04413	0.01103	0.00848	0.00406	0.00377	0.00095	0.00389	0.00346	0.00318	0.49234
2	0.00641	0.00465	0.00584	0.00590	0.00621	0.00495	0.00409	0.00703	0.00709	0.00957	0.01575	0.07939	0.05016	0.48505	0.14181	0.00393	0.05768	0.09848	0.00282	0.00319
3	0.01004	0.00471	0.00540	0.00493	0.00638	0.00447	0.00380	0.01195	0.00997	0.17808	0.09127	0.03767	0.01420	0.00565	0.00353	0.00112	0.00235	0.00464	0.59514	0.00467
4	0.01503	0.21492	0.01467	0.01017	0.01279	0.60517	0.00809	0.05024	0.01174	0.01116	0.00666	0.00768	0.00562	0.00429	0.00364	0.00107	0.00690	0.00271	0.00222	0.00522
5	0.00602	0.00445	0.00538	0.00512	0.00632	0.00397	0.00385	0.00773	0.01142	0.03062	0.55014	0.03489	0.29546	0.00943	0.00507	0.00139	0.00211	0.00815	0.00451	0.00399
6	0.00538	0.00439	0.00477	0.00472	0.00606	0.00378	0.00358	0.00672	0.01036	0.01296	0.21872	0.03959	0.61659	0.01047	0.00512	0.00145	0.00221	0.03523	0.00417	0.00374
7	0.00515	0.00437	0.00445	0.00443	0.00585	0.00366	0.00332	0.00630	0.00996	0.01197	0.08956	0.04091	0.77386	0.01078	0.00509	0.00145	0.00217	0.00901	0.00404	0.00366
8	0.00615	0.00462	0.00692	0.00692	0.00769	0.00538	0.00538	0.00769	0.00692	0.01000	0.01154	0.01692	0.01077	0.03231	0.83154	0.00692	0.01154	0.00462	0.00231	0.00385
9	0.01637	0.01207	0.01293	0.00991	0.01336	0.01336	0.00819	0.80738	0.02025	0.02715	0.01034	0.01034	0.00733	0.00517	0.00431	0.00129	0.00474	0.00388	0.00431	0.00733
10	0.00618	0.00451	0.00639	0.00639	0.00697	0.00509	0.00471	0.00735	0.00676	0.00960	0.01203	0.01965	0.01195	0.22962	0.63584	0.00626	0.00976	0.00501	0.00238	0.00355
11	0.00942	0.00942	0.01319	0.01131	0.01131	0.01319	0.00942	0.01037	0.00660	0.01037	0.00565	0.00942	0.00565	0.00754	0.01414	0.00188	0.84073	0.00377	0.00188	0.00471
12	0.00615	0.00462	0.00692	0.00692	0.00769	0.00538	0.00538	0.00769	0.00692	0.01000	0.01154	0.01692	0.01077	0.03231	0.83154	0.00692	0.01154	0.00462	0.00231	0.00385
13	0.00529	0.00378	0.00504	0.00604	0.00631	0.00353	0.00407	0.00607	0.00829	0.01104	0.02372	0.82666	0.02840	0.01346	0.00551	0.00176	0.00253	0.03099	0.00400	0.00351
14	0.00525	0.00375	0.00500	0.00600	0.00625	0.00350	0.00400	0.00600	0.00825	0.01100	0.02374	0.84580	0.02849	0.01350	0.00550	0.00175	0.00250	0.01225	0.00400	0.00350
15	0.01152	0.85121	0.02257	0.00737	0.01106	0.01704	0.00737	0.01290	0.00875	0.01013	0.00599	0.00691	0.00553	0.00369	0.00276	0.00092	0.00461	0.00230	0.00184	0.00553
16	0.00893	0.00766	0.00893	0.00638	0.01021	0.00574	0.00510	0.01085	0.00893	0.01404	0.00766	0.00893	0.00638	0.00319	0.00319	0.00064	0.00319	0.00255	0.00255	0.87495
17	0.01066	0.01023	0.01748	0.02644	0.82174	0.01023	0.01322	0.01322	0.00981	0.01407	0.00810	0.01066	0.00682	0.00384	0.00426	0.00128	0.00512	0.00384	0.00213	0.00682
18	0.00541	0.00438	0.00481	0.00470	0.00602	0.00377	0.00353	0.00680	0.01058	0.01343	0.29111	0.03850	0.57140	0.01024	0.00509	0.00142	0.00213	0.00868	0.00424	0.00377
19	0.01890	0.00798	0.02561	0.00792	0.01132	0.00694	0.00665	0.08147	0.01288	0.74796	0.01631	0.01422	0.01031	0.00530	0.00433	0.00133	0.00380	0.00428	0.00519	0.00731
20	0.00908	0.13036	0.69455	0.01152	0.01741	0.01095	0.01450	0.01384	0.03521	0.01332	0.00782	0.00904	0.00572	0.00410	0.00393	0.00131	0.00604	0.00312	0.00191	0.00627
21	0.00841	0.00829	0.01535	0.52544	0.02514	0.00931	0.21675	0.01129	0.00897	0.01175	0.00933	0.05021	0.00782	0.00598	0.03959	0.00170	0.00618	0.03141	0.00216	0.00493
22	0.00605	0.00440	0.00570	0.00537	0.00641	0.00405	0.00403	0.00805	0.01209	0.01704	0.78667	0.03257	0.07359	0.00890	0.00508	0.00136	0.00204	0.00785	0.00471	0.00405
23	0.01637	0.01207	0.01293	0.00991	0.01336	0.01336	0.00819	0.80738	0.02025	0.02715	0.01034	0.01034	0.00733	0.00517	0.00431	0.00129	0.00474	0.00388	0.00431	0.00733
24	0.01074	0.01042	0.01602	0.19853	0.55933	0.07330	0.02291	0.01325	0.00980	0.03303	0.00812	0.01073	0.00658	0.00402	0.00426	0.00130	0.00545	0.00378	0.00217	0.00624
25	0.00883	0.07729	0.77296	0.01195	0.01814	0.01047	0.01535	0.01359	0.00907	0.01341	0.00761	0.00895	0.00546	0.00407	0.00400	0.00133	0.00625	0.00312	0.00182	0.00631
26	0.00569	0.00412	0.00538	0.00604	0.00662	0.00386	0.00438	0.00685	0.00923	0.01230	0.15670	0.48786	0.09405	0.04101	0.00603	0.00178	0.00269	0.13770	0.00407	0.00365
27	0.01621	0.01197	0.01284	0.00983	0.01329	0.01319	0.00812	0.79005	0.02001	0.02686	0.01028	0.01031	0.00730	0.00513	0.00428	0.00128	0.00471	0.00385	0.00427	0.02620
28	0.01052	0.01024	0.01647	0.12019	0.67202	0.04116	0.01262	0.01303	0.00973	0.01358	0.00798	0.01059	0.00663	0.00389	0.00422	0.00127	0.00523	0.00375	0.00212	0.03474
29	0.01169	0.78677	0.04175	0.00769	0.01136	0.06010	0.00763	0.01315	0.00894	0.01024	0.00607	0.00701	0.00553	0.00374	0.00286	0.00094	0.00482	0.00235	0.00186	0.00552
30	0.03911	0.00781	0.00863	0.00700	0.00945	0.00811	0.00567	0.30642	0.01381	0.19031	0.01307	0.01339	0.00940	0.00511	0.00376	0.00119	0.00340	0.00398	0.34443	0.00595
31	0.00509	0.00436	0.00436	0.00436	0.00582	0.00364	0.00327	0.00618	0.00982	0.01164	0.04364	0.04146	0.82000	0.01091	0.00509	0.00145	0.00218	0.00909	0.00400	0.00364
32	0.00592	0.00440	0.00552	0.00524	0.00633	0.00399	0.00393	0.00779	0.01178	0.01629	0.68467	0.03379	0.17606	0.00917	0.00508	0.00137	0.00206	0.00802	0.00461	0.00399
33	0.00578	0.00439	0.00532	0.00508	0.00624	0.00393	0.00381	0.00751	0.01144	0.01548	0.57303	0.03512	0.28820	0.00947	0.00508	0.00139	0.00208	0.00820	0.00451	0.00393
34	0.00626	0.00418	0.00470	0.00470	0.00470	0.00418	0.00261	0.00626	0.00626	0.00835	0.01357	0.02819	0.01566	0.84862	0.02192	0.00418	0.00418	0.00626	0.00261	0.00261
35	0.01152	0.85121	0.02257	0.00737	0.01106	0.01704	0.00737	0.01290	0.00875	0.01013	0.00599	0.00691	0.00553	0.00369	0.00276	0.00092	0.00461	0.00230	0.00184	0.00553
36	0.00864	0.02228	0.82630	0.01228	0.01864	0.01000	0.01592	0.01364	0.00909	0.01364	0.00773	0.00909	0.00546	0.00409	0.00409	0.00136	0.00637	0.00318	0.00182	0.00637
37	0.01933	0.00733	0.01000	0.00766	0.01100	0.00633	0.00633	0.02099	0.01233	0.82473	0.01699	0.01466	0.01066	0.00533	0.00433	0.00133	0.00367	0.00433	0.00533	0.00733
38	0.00942	0.00942	0.01319	0.01131	0.01131	0.01319	0.00942	0.01037	0.00660	0.01037	0.00565	0.00942	0.00565	0.00754	0.01414	0.00188	0.84073	0.00377	0.00188	0.00471
39	0.01609	0.02053	0.01221	0.01110	0.01332	0.83132	0.00832	0.01720	0.01221	0.01054	0.00666	0.00777	0.00555	0.00444	0.00388	0.00111	0.00777	0.00277	0.00222	0.00499
40	0.00509	0.00436	0.00436	0.00436	0.00582	0.00364	0.00327	0.00618	0.00982	0.01164	0.04364	0.04146	0.82000	0.01091	0.00509	0.00145	0.00218	0.00909	0.00400	0.00364
41	0.01152	0.85121	0.02257	0.00737	0.01106	0.01704	0.00737	0.01290	0.00875	0.01013	0.00599	0.00691	0.00553	0.00369	0.00276	0.00092	0.00461	0.00230	0.00184	0.00553
42	0.01609	0.02053	0.01221	0.01110	0.01332	0.83132	0.00832	0.01720	0.01221	0.01054	0.00666	0.00777	0.00555	0.00444	0.00388	0.00111	0.00777	0.00277	0.00222	0.00499
43	0.00610	0.00440	0.00576	0.00542	0.00644	0.00406	0.00406	0.00813	0.01219	0.01727	0.81947	0.03218	0.04064	0.00881	0.00508	0.00135	0.00203	0.00779	0.00474	0.00406
44	0.00824	0.00408	0.00413	0.00408	0.00513	0.00406	0.00307	0.01024	0.00910	0.03124	0.01411	0.01603	0.01103	0.00502	0.00304	0.00101	0.00204	0.00402	0.85625	0.00408
45	0.00528	0.00453	0.00455	0.00451	0.00600	0.00388	0.00339	0.00675	0.03718	0.01185	0.04275	0.04059	0.79254	0.01074	0.00507	0.00145	0.00222	0.00895	0.00401	0.00374
46	0.00864	0.02228	0.82630	0.01228	0.01864	0.01000	0.01592	0.01364	0.00909	0.01364	0.00773	0.00909	0.00546	0.00409	0.00409	0.00136	0.00637	0.00318	0.00182	0.00637
47	0.01647	0.01191	0.01283	0.00984	0.01328	0.01312	0.00813	0.78123	0.01999	0.05367	0.01056	0.01049	0.00744	0.00518	0.00431	0.00129	0.00470	0.00389	0.00434	0.00733
48	0.00525	0.00375	0.00500	0.00600	0.00625	0.00350	0.00400	0.00600	0.00825	0.01100	0.02374	0.84580	0.02849	0.01350	0.00550	0.00175	0.00250	0.01225	0.00400	0.00350
49	0.01637	0.01207	0.01293	0.00991	0.01336	0.01336	0.00819	0.80738	0.02025	0.02715	0.01034	0.01034	0.00733	0.00517	0.00431	0.00129	0.00474	0.00388	0.00431	0.00733
50	0.00603	0.00492	0.00542	0.00553	0.00677	0.00467	0.00404	0.00872	0.12831	0.01275	0.08174	0.25774	0.43611	0.01074	0.00510	0.00153	0.00244	0.00925	0.00410	0.00409
51	0.01152	0.85121	0.02257	0.00737	0.01106	0.01704	0.00737	0.01290	0.00875	0.01013	0.00599	0.00691	0.00553	0.00369	0.00276	0.00092	0.00461	0.00230	0.00184	0.00553
52	0.00521	0.00392	0.00483	0.00555	0.00613	0.00354	0.00380	0.00605	0.00867	0.01117	0.02916	0.62683	0.24397	0.01279	0.00539	0.00167	0.00241	0.01139	0.00400	0.00354
53	0.01117	0.00990	0.00997	0.00892	0.01138	0.05073	0.00694	0.04931	0.74795	0.01797	0.01676	0.01547	0.01258	0.00575	0.00436	0.00144	0.00367	0.00473	0.00428	0.00675
54	0.01012	0.07426	0.32102	0.22033	0.11596	0.13144	0.02837	0.01356	0.02257	0.01241	0.00766	0.00970	0.00586	0.00416	0.00407	0.00131	0.00611	0.00337	0.00199	0.00576
55	0.01103	0.48254	0.05190	0.00756	0.01133	0.04754	0.00712	0.05112	0.00953	0.01232	0.00681	0.00782	0.00587	0.00366	0.00307	0.00088	0.00439	0.00251	0.00219	0.27079
56	0.01079	0.00810	0.00907	0.00805	0.01014	0.02523	0.00658	0.31022	0.06650	0.03218	0.13624	0.05342	0.08881	0.00822	0.00494	0.00151	0.00381	0.20650	0.00423	0.00546
57	0.00525	0.00375	0.00500	0.00600	0.00625	0.00350	0.00400	0.00600	0.00825	0.01100	0.02374	0.84580	0.02849	0.01350	0.00550	0.00175	0.00250	0.01225	0.00400	0.00350
58	0.00996	0.29302	0.01733	0.31549	0.24340	0.01219	0.01066	0.01222	0.00902	0.01160	0.00752	0.01045	0.00635	0.00412	0.00381	0.00123	0.00515	0.01892	0.00199	0.00559
59	0.01208	0.01037	0.01435	0.25387	0.32130	0.07102	0.01102	0.16036	0.01177	0.07908	0.00898	0.01094	0.00681	0.00438	0.00426	0.00132	0.00531	0.00380	0.00273	0.00624
60	0.01854	0.00758	0.01005	0.00775	0.01099	0.00679	0.00638	0.08227	0.01295	0.72789	0.05040	0.01506	0.01167	0.00547	0.00436	0.00133	0.00368	0.00444	0.00523	0.00719
61	0.07495	0.00881	0.00985	0.00826	0.01101	0.00951	0.00662	0.15019	0.35911	0.23022	0.04305	0.01471	0.01181	0.00653	0.03426	0.00159	0.00394	0.00448	0.00443	0.00668
62	0.00904	0.00876	0.01378	0.62095	0.19316	0.04447	0.01198	0.01192	0.02237	0.01174	0.00787	0.01123	0.00608	0.00424	0.00428	0.00139	0.00566	0.00380	0.00201	0.00525
63	0.52302	0.00931	0.00854	0.00706	0.00994	0.01046	0.00581	0.26882	0.01181	0.06125	0.00827	0.00883	0.00608	0.00448	0.00329	0.00131	0.00375	0.00300	0.03936	0.00563
64	0.01379	0.00613	0.00807	0.00660	0.00905	0.00534	0.00529	0.01547	0.01193	0.49463	0.23232	0.02314	0.13533	0.00705	0.00464	0.00136	0.00302	0.00593	0.00498	0.00594
65	0.07136	0.01450	0.05887	0.01131	0.02900	0.33816	0.12553	0.05099	0.10004	0.07122	0.02124	0.02454	0.00816	0.00533	0.01718	0.00139	0.02787	0.01485	0.00285	0.00560
66	0.01398	0.01416	0.04109	0.02631	0.20037	0.32831	0.03824	0.08348	0.03297	0.11334	0.04381	0.01104	0.00836	0.00471	0.00438	0.00125	0.02163	0.00371	0.00290	0.00598
67	0.00525	0.00375	0.00500	0.00600	0.00625	0.00350	0.00400	0.00600	0.00825	0.01100	0.02374	0.84580	0.02849	0.01350	0.00550	0.00175	0.00250	0.01225	0.00400	0.00350
68	0.18670	0.08403	0.36609	0.00963	0.01415	0.02588	0.01054	0.11841	0.02620	0.10729	0.00879	0.00939	0.00628	0.00436	0.00375	0.00131	0.00506	0.00318	0.00277	0.00617
69	0.02474	0.15250	0.21682	0.18284	0.12564	0.07840	0.02388	0.01317	0.03273	0.02873	0.05388	0.01135	0.01814	0.00452	0.00412	0.00128	0.01568	0.00365	0.00227	0.00566
70	0.01077	0.00966	0.02904	0.19040	0.56819	0.00984	0.01240	0.01333	0.00969	0.07693	0.00866	0.01109	0.00686	0.00412	0.00446	0.00133	0.02063	0.00386	0.00233	0.00640
71	0.00528	0.00437	0.00462	0.00456	0.00593	0.00372	0.00342	0.00654	0.01026	0.01268	0.18762	0.03973	0.67537	0.01052	0.00509	0.00144	0.00215	0.00885	0.00414	0.00372
72	0.01088	0.15710	0.30905	0.01159	0.07168	0.05637	0.06178	0.08237	0.09296	0.04414	0.01063	0.01141	0.04128	0.00461	0.00402	0.00128	0.00534	0.00371	0.01363	0.00616
73	0.00949	0.16780	0.62151	0.01143	0.01711	0.01140	0.03562	0.04067	0.02253	0.01356	0.00770	0.00893	0.00569	0.00407	0.00390	0.00129	0.00598	0.00313	0.00196	0.00624

[dist]
# distance from previous block
# <min> <max>
0	2

[block]
# block no. 5 follows, 61 sequences, length 22
# corresponding to MSA columns:
# 542-563
name=unknown_F
#
# <colnr> <probs for GDERKNQSTAVLIFYWHMCP>
#	G	D	E	R	K	N	Q	S	T	A	V	L	I	F	Y	W	H	M	C	P
