[name]
unknown

[dist]
# distance from previous block
# <min> <max>
0	580

[block]
# block no. 0 follows, 70 sequences, length 20
# corresponding to MSA columns:
# 580-599
name=unknown_A
#
# <colnr> <probs for GDERKNQSTAVLIFYWHMCP>
#	G	D	E	R	K	N	Q	S	T	A	V	L	I	F	Y	W	H	M	C	P
0	0.25226	0.14134	0.06147	0.00732	0.00983	0.03217	0.01510	0.03435	0.03087	0.13198	0.00785	0.00931	0.00623	0.00447	0.00463	0.00119	0.14170	0.02558	0.00256	0.07978
1	0.00996	0.01594	0.45284	0.01053	0.01471	0.13801	0.09055	0.01352	0.04219	0.10037	0.04517	0.00994	0.00721	0.00415	0.00406	0.00121	0.02855	0.00335	0.00227	0.00547
2	0.00814	0.14009	0.72685	0.01042	0.01581	0.00990	0.01323	0.01218	0.00814	0.01183	0.00673	0.00791	0.00492	0.00363	0.00351	0.00117	0.00550	0.00275	0.00164	0.00562
3	0.00974	0.66348	0.21749	0.00769	0.01159	0.01382	0.00848	0.01177	0.00795	0.00988	0.00577	0.00669	0.00496	0.00340	0.00277	0.00092	0.00453	0.00226	0.00165	0.00516
4	0.00476	0.00339	0.00449	0.00536	0.00557	0.00317	0.00356	0.00541	0.00736	0.00981	0.02105	0.83213	0.02524	0.04178	0.00546	0.00165	0.00230	0.01083	0.00356	0.00312
5	0.00467	0.00377	0.00415	0.00439	0.00537	0.00326	0.00317	0.00560	0.00853	0.01055	0.07230	0.27332	0.56659	0.01040	0.00469	0.00138	0.00204	0.00894	0.00363	0.00326
6	0.00995	0.72967	0.15308	0.00735	0.01105	0.01432	0.00787	0.01172	0.00793	0.00963	0.00564	0.00654	0.00496	0.00338	0.00268	0.00089	0.00440	0.00220	0.00165	0.00510
7	0.00554	0.00415	0.00623	0.00623	0.00692	0.00485	0.00485	0.00692	0.00623	0.00900	0.01038	0.01523	0.00969	0.02908	0.84839	0.00623	0.01038	0.00415	0.00208	0.00346
8	0.01227	0.08960	0.27440	0.00930	0.01324	0.01108	0.00942	0.46157	0.01383	0.05576	0.00849	0.00885	0.00605	0.00424	0.00369	0.00116	0.00467	0.00319	0.00302	0.00618
9	0.00953	0.59364	0.28545	0.00806	0.01215	0.01330	0.00911	0.01182	0.00798	0.01014	0.00589	0.00685	0.00495	0.00343	0.00287	0.00096	0.00466	0.00233	0.00165	0.00522
10	0.01027	0.19758	0.42735	0.00946	0.01377	0.12474	0.01054	0.07882	0.00945	0.05191	0.00708	0.00793	0.00532	0.00376	0.00341	0.00109	0.00526	0.00273	0.00204	0.02749
11	0.00871	0.13356	0.53757	0.00969	0.01409	0.03234	0.01141	0.01203	0.00833	0.05140	0.05225	0.00928	0.00691	0.00416	0.00428	0.00119	0.07297	0.00305	0.00196	0.02484
12	0.02973	0.10709	0.22412	0.00848	0.01143	0.00747	0.11892	0.02658	0.00862	0.07499	0.03503	0.21712	0.10139	0.00649	0.00408	0.00128	0.00404	0.00572	0.00274	0.00468
13	0.12258	0.06487	0.19141	0.00818	0.01112	0.08653	0.08647	0.03414	0.03131	0.05282	0.10411	0.06152	0.10467	0.00539	0.00379	0.00120	0.00414	0.00447	0.00271	0.01857
14	0.01879	0.02839	0.02404	0.00676	0.00901	0.06931	0.04911	0.01211	0.13345	0.14089	0.09129	0.03956	0.21286	0.00624	0.00401	0.00117	0.00325	0.02785	0.00342	0.11848
15	0.00953	0.02638	0.02816	0.00920	0.02150	0.09098	0.17115	0.04317	0.16427	0.06778	0.10241	0.07769	0.03160	0.00526	0.00425	0.00119	0.02708	0.00469	0.00303	0.11067
16	0.02531	0.07952	0.13363	0.00844	0.02682	0.07703	0.06692	0.05836	0.14825	0.03039	0.13631	0.01315	0.03099	0.00465	0.00370	0.00109	0.00398	0.00387	0.00284	0.14475
17	0.12008	0.12101	0.05685	0.00806	0.03100	0.02580	0.05621	0.09839	0.13395	0.17114	0.06225	0.01115	0.00909	0.00435	0.00351	0.00112	0.00375	0.00348	0.00316	0.07564
18	0.06490	0.00790	0.04882	0.00718	0.00985	0.04418	0.02607	0.04553	0.11146	0.38470	0.06930	0.05141	0.02639	0.01835	0.00408	0.00122	0.00346	0.00426	0.00385	0.06710
19	0.01225	0.02422	0.01019	0.00871	0.06821	0.04683	0.03574	0.07027	0.21870	0.26869	0.01187	0.01145	0.00851	0.00430	0.00368	0.00108	0.00361	0.00356	0.00352	0.18460

[dist]
# distance from previous block
# <min> <max>
4	26

[block]
# block no. 1 follows, 70 sequences, length 41
# corresponding to MSA columns:
# 626-666
name=unknown_B
#
# <colnr> <probs for GDERKNQSTAVLIFYWHMCP>
#	G	D	E	R	K	N	Q	S	T	A	V	L	I	F	Y	W	H	M	C	P
0	0.23538	0.13108	0.03937	0.00786	0.03592	0.11775	0.01810	0.06093	0.15179	0.13254	0.01887	0.01904	0.00736	0.00427	0.00329	0.00114	0.00398	0.00314	0.00292	0.00527
1	0.14913	0.11090	0.08725	0.00911	0.07471	0.12882	0.03007	0.02308	0.14853	0.15809	0.02302	0.00995	0.00748	0.00417	0.00344	0.00114	0.00423	0.00320	0.00286	0.02083
2	0.20584	0.18388	0.06234	0.03462	0.05298	0.10019	0.00684	0.05781	0.05092	0.18482	0.02046	0.00909	0.00671	0.00404	0.00323	0.00111	0.00410	0.00293	0.00279	0.00530
3	0.11575	0.08080	0.03731	0.00851	0.08981	0.02732	0.00646	0.08302	0.07243	0.31358	0.09813	0.01247	0.01066	0.00466	0.00363	0.00115	0.00353	0.00372	0.00356	0.02350
4	0.02547	0.56073	0.09140	0.00883	0.06100	0.02988	0.06497	0.01260	0.02916	0.07405	0.00685	0.00765	0.00562	0.00354	0.00298	0.00097	0.00443	0.00261	0.00201	0.00526
5	0.08229	0.08247	0.04117	0.02000	0.63107	0.00972	0.05445	0.01187	0.00856	0.01273	0.00699	0.00904	0.00583	0.00345	0.00364	0.00114	0.00457	0.00327	0.00193	0.00582
6	0.00958	0.00942	0.01502	0.11935	0.70284	0.05225	0.01154	0.01185	0.00881	0.01218	0.00718	0.00955	0.00597	0.00353	0.00382	0.00116	0.00479	0.00340	0.00190	0.00584
7	0.68623	0.02496	0.00666	0.00633	0.06105	0.00818	0.00469	0.01091	0.00732	0.01656	0.10200	0.00919	0.00814	0.00406	0.00276	0.00117	0.00299	0.00276	0.00257	0.03148
8	0.01362	0.03701	0.01149	0.00882	0.02873	0.04999	0.00710	0.63780	0.03096	0.02151	0.00883	0.00906	0.00646	0.00436	0.00370	0.00108	0.00421	0.00328	0.00350	0.10851
9	0.00603	0.00459	0.00629	0.00619	0.00698	0.00528	0.00471	0.00836	0.10192	0.00966	0.01122	0.01632	0.01045	0.12312	0.65442	0.00537	0.00877	0.00435	0.00232	0.00364
10	0.00647	0.00469	0.00585	0.00541	0.00649	0.00457	0.00408	0.10212	0.01140	0.01592	0.64688	0.12313	0.03183	0.00804	0.00454	0.00125	0.00216	0.00707	0.00414	0.00394
11	0.78850	0.00709	0.00564	0.00507	0.00730	0.00811	0.00414	0.01092	0.00710	0.01718	0.10183	0.00892	0.00795	0.00410	0.00265	0.00120	0.00286	0.00267	0.00262	0.00414
12	0.00579	0.00473	0.00487	0.00454	0.00604	0.00430	0.00348	0.10078	0.01000	0.01228	0.06530	0.03376	0.71203	0.00915	0.00450	0.00129	0.00223	0.00760	0.00366	0.00367
13	0.00788	0.00773	0.01066	0.00925	0.00944	0.01052	0.00765	0.00877	0.00629	0.00945	0.00932	0.01217	0.10185	0.00828	0.05472	0.00188	0.71413	0.00399	0.00194	0.00409
14	0.01423	0.00997	0.01095	0.00835	0.01148	0.01058	0.00688	0.64984	0.01632	0.10623	0.00964	0.00956	0.00680	0.00446	0.00376	0.00110	0.00401	0.00339	0.00379	0.10868
15	0.00907	0.00775	0.00827	0.00760	0.00956	0.00889	0.00584	0.01884	0.73694	0.01548	0.01643	0.11259	0.01343	0.00606	0.00406	0.00135	0.00297	0.00515	0.00390	0.00579
16	0.69442	0.10723	0.00788	0.00563	0.00817	0.00970	0.00476	0.05780	0.04984	0.01677	0.00615	0.00688	0.00482	0.00371	0.00257	0.00116	0.00321	0.00229	0.00248	0.00452
17	0.00669	0.00458	0.00509	0.00477	0.00513	0.00472	0.00293	0.10078	0.00710	0.00948	0.01188	0.02351	0.01323	0.76419	0.01789	0.00346	0.00382	0.00539	0.00253	0.00284
18	0.00792	0.00750	0.01271	0.63639	0.24009	0.00877	0.01106	0.01043	0.00803	0.01063	0.00700	0.01014	0.00542	0.00377	0.00387	0.00126	0.00502	0.00345	0.00177	0.00479
19	0.00971	0.73359	0.05042	0.00676	0.00986	0.01388	0.00672	0.01109	0.00770	0.00923	0.00603	0.00734	0.00552	0.00632	0.10056	0.00147	0.00493	0.00234	0.00171	0.00483
20	0.00559	0.00374	0.00424	0.00429	0.00431	0.00372	0.00242	0.00562	0.00574	0.00765	0.01273	0.07244	0.01474	0.81580	0.01890	0.00364	0.00367	0.00594	0.00242	0.00239
21	0.00474	0.00339	0.00454	0.00542	0.00565	0.00319	0.00363	0.00543	0.00740	0.00988	0.02113	0.84256	0.02529	0.01252	0.02356	0.00168	0.00243	0.01087	0.00357	0.00316
22	0.00472	0.00337	0.00450	0.00540	0.00562	0.00315	0.00360	0.00540	0.00742	0.00990	0.02137	0.86122	0.02564	0.01215	0.00495	0.00157	0.00225	0.01102	0.00360	0.00315
23	0.00955	0.00946	0.03481	0.02350	0.82062	0.00921	0.01195	0.01191	0.00881	0.01266	0.00728	0.00956	0.00611	0.00346	0.00383	0.00115	0.00463	0.00344	0.00191	0.00613
24	0.03748	0.02074	0.00843	0.00595	0.00935	0.00554	0.01810	0.01019	0.00811	0.04008	0.00711	0.00816	0.00581	0.00297	0.00291	0.00063	0.00297	0.00238	0.00237	0.80072
25	0.00778	0.02005	0.84367	0.01105	0.01678	0.00900	0.01432	0.01228	0.00818	0.01228	0.00696	0.00818	0.00491	0.00368	0.00368	0.00123	0.00573	0.00286	0.00164	0.00573
26	0.00472	0.00340	0.00447	0.00532	0.00560	0.00316	0.00356	0.00541	0.00750	0.00993	0.02238	0.81483	0.07139	0.01201	0.00493	0.00156	0.00223	0.01086	0.00360	0.00316
27	0.00731	0.00528	0.00626	0.00617	0.00724	0.00534	0.00457	0.19604	0.01020	0.02403	0.03293	0.50631	0.09186	0.02557	0.00494	0.00150	0.00280	0.05396	0.00367	0.00402
28	0.00745	0.00702	0.01186	0.80766	0.07248	0.00865	0.01083	0.01002	0.00781	0.01006	0.00691	0.01029	0.00522	0.00385	0.00387	0.00128	0.00514	0.00345	0.00173	0.00441
29	0.01727	0.00679	0.00912	0.00699	0.00999	0.00599	0.00577	0.05591	0.01142	0.80478	0.01502	0.01302	0.00946	0.00479	0.00390	0.00120	0.00334	0.00388	0.00476	0.00660
30	0.00493	0.00423	0.00426	0.00420	0.00557	0.00372	0.00317	0.00661	0.06625	0.01087	0.03764	0.03572	0.78041	0.00950	0.00454	0.00131	0.00204	0.00792	0.00362	0.00347
31	0.11822	0.00725	0.00765	0.00650	0.00871	0.00770	0.00519	0.20230	0.19859	0.10061	0.07831	0.01874	0.21198	0.00617	0.00394	0.00125	0.00300	0.00496	0.00377	0.00518
32	0.01027	0.84426	0.01993	0.00659	0.00983	0.01504	0.00655	0.01144	0.00781	0.00906	0.00542	0.00636	0.00502	0.00357	0.00281	0.02325	0.00413	0.00211	0.00166	0.00489
33	0.00683	0.00368	0.00393	0.00407	0.00487	0.00365	0.00297	0.02166	0.00815	0.01367	0.01440	0.19005	0.01314	0.00610	0.00319	0.00105	0.00194	0.00515	0.68793	0.00357
34	0.89114	0.00750	0.00570	0.00510	0.00750	0.00870	0.00420	0.01140	0.00660	0.01739	0.00540	0.00630	0.00420	0.00360	0.00240	0.00120	0.00300	0.00210	0.00240	0.00420
35	0.00564	0.00376	0.00423	0.00423	0.00423	0.00376	0.00235	0.00564	0.00564	0.00752	0.01222	0.02537	0.01409	0.86375	0.01973	0.00376	0.00376	0.00564	0.00235	0.00235
36	0.00778	0.02005	0.84367	0.01105	0.01678	0.00900	0.01432	0.01228	0.00818	0.01228	0.00696	0.00818	0.00491	0.00368	0.00368	0.00123	0.00573	0.00286	0.00164	0.00573
37	0.00848	0.00848	0.01187	0.01018	0.01018	0.01187	0.00848	0.00933	0.00594	0.00933	0.00509	0.00848	0.00509	0.00679	0.01272	0.00170	0.85666	0.00339	0.00170	0.00424
38	0.00804	0.00689	0.00804	0.00574	0.00919	0.00517	0.00459	0.00976	0.00804	0.01263	0.00689	0.00804	0.00574	0.00287	0.00287	0.00057	0.00287	0.00230	0.00230	0.88745
39	0.01474	0.01086	0.01163	0.00892	0.01202	0.01202	0.00737	0.82664	0.01823	0.02443	0.00931	0.00931	0.00659	0.00465	0.00388	0.00116	0.00427	0.00349	0.00388	0.00659
40	0.00791	0.06352	0.80136	0.01082	0.01643	0.00933	0.01393	0.01224	0.00817	0.01212	0.00688	0.00808	0.00491	0.00366	0.00362	0.00121	0.00565	0.00282	0.00164	0.00569

[dist]
# distance from previous block
# <min> <max>
2	80

[block]
# block no. 2 follows, 70 sequences, length 33
# corresponding to MSA columns:
# 747-779
name=unknown_C
#
# <colnr> <probs for GDERKNQSTAVLIFYWHMCP>
#	G	D	E	R	K	N	Q	S	T	A	V	L	I	F	Y	W	H	M	C	P
0	0.00472	0.00391	0.00391	0.00391	0.00520	0.00329	0.00293	0.00574	0.00880	0.01068	0.03790	0.03613	0.79528	0.00954	0.00449	0.00129	0.00196	0.00795	0.04908	0.00329
1	0.00816	0.05121	0.00867	0.00579	0.00923	0.00569	0.00470	0.00986	0.00803	0.01245	0.00681	0.00795	0.00570	0.00289	0.00285	0.00059	0.00294	0.00229	0.00226	0.84193
2	0.00897	0.00988	0.02053	0.01494	0.01850	0.00944	0.70207	0.01287	0.09048	0.01266	0.00933	0.05474	0.00749	0.00392	0.00453	0.00132	0.00597	0.00489	0.00224	0.00521
3	0.01653	0.00798	0.00985	0.00755	0.01059	0.00775	0.00624	0.28122	0.01341	0.57666	0.01335	0.01193	0.00862	0.00475	0.00389	0.00119	0.00361	0.00377	0.00450	0.00660
4	0.00477	0.00385	0.00426	0.00446	0.00550	0.00334	0.00330	0.00580	0.00874	0.01083	0.09929	0.19907	0.57189	0.01017	0.00469	0.00138	0.00209	0.04964	0.00365	0.00329
5	0.00526	0.00413	0.00551	0.00597	0.00624	0.00439	0.00424	0.00601	0.00739	0.00999	0.04069	0.67248	0.07103	0.01115	0.00600	0.00157	0.12159	0.00969	0.00335	0.00332
6	0.78548	0.00837	0.00649	0.00608	0.03324	0.06622	0.00473	0.02921	0.00722	0.01686	0.00558	0.00651	0.00436	0.00364	0.00255	0.00118	0.00335	0.00220	0.00239	0.00433
7	0.19733	0.00693	0.00716	0.00681	0.00859	0.02291	0.00550	0.02796	0.33018	0.01530	0.11331	0.02124	0.01547	0.00650	0.00402	0.00138	0.00312	0.19798	0.00353	0.00479
8	0.01036	0.86609	0.02032	0.00663	0.00995	0.01534	0.00663	0.01161	0.00788	0.00912	0.00539	0.00622	0.00498	0.00332	0.00249	0.00083	0.00415	0.00207	0.00166	0.00498
9	0.00551	0.00401	0.00493	0.00467	0.00573	0.00360	0.00351	0.00710	0.01041	0.03216	0.60835	0.03083	0.24815	0.00836	0.00456	0.00124	0.00190	0.00725	0.00410	0.00362
10	0.00473	0.00353	0.00440	0.00504	0.00554	0.00320	0.00345	0.00552	0.00790	0.01028	0.06259	0.63725	0.20959	0.01143	0.00485	0.00150	0.00217	0.01020	0.00363	0.00320
11	0.00723	0.00361	0.00361	0.00361	0.00452	0.00361	0.00271	0.00903	0.00813	0.01445	0.01265	0.01445	0.00994	0.00452	0.00271	0.00090	0.00181	0.00361	0.88528	0.00361
12	0.00915	0.01046	0.02288	0.01634	0.02026	0.00980	0.82549	0.01242	0.00915	0.01242	0.00784	0.01046	0.00588	0.00327	0.00458	0.00131	0.00654	0.00458	0.00196	0.00523
13	0.01739	0.00660	0.00900	0.00690	0.00990	0.00570	0.00570	0.01889	0.01110	0.84226	0.01529	0.01320	0.00960	0.00480	0.00390	0.00120	0.00330	0.00390	0.00480	0.00660
14	0.00960	0.00921	0.01574	0.02380	0.83957	0.00921	0.01190	0.01190	0.00883	0.01267	0.00729	0.00960	0.00614	0.00345	0.00384	0.00115	0.00461	0.00345	0.00192	0.00614
15	0.01482	0.01073	0.01155	0.00886	0.01196	0.01183	0.00732	0.80176	0.01801	0.04963	0.00949	0.00943	0.00669	0.00466	0.00388	0.00116	0.00424	0.00350	0.00391	0.00659
16	0.89114	0.00750	0.00570	0.00510	0.00750	0.00870	0.00420	0.01140	0.00660	0.01739	0.00540	0.00630	0.00420	0.00360	0.00240	0.00120	0.00300	0.00210	0.00240	0.00420
17	0.00561	0.00422	0.00564	0.00620	0.00663	0.00436	0.00460	0.02886	0.00799	0.01075	0.04471	0.58824	0.02316	0.01110	0.00561	0.00160	0.07157	0.16224	0.00347	0.00343
18	0.89114	0.00750	0.00570	0.00510	0.00750	0.00870	0.00420	0.01140	0.00660	0.01739	0.00540	0.00630	0.00420	0.00360	0.00240	0.00120	0.00300	0.00210	0.00240	0.00420
19	0.00960	0.00921	0.01574	0.02380	0.83957	0.00921	0.01190	0.01190	0.00883	0.01267	0.00729	0.00960	0.00614	0.00345	0.00384	0.00115	0.00461	0.00345	0.00192	0.00614
20	0.00964	0.00833	0.00877	0.00789	0.01008	0.00964	0.00614	0.02060	0.83257	0.01622	0.01578	0.01446	0.01183	0.00526	0.00394	0.00131	0.00307	0.00438	0.00394	0.00614
21	0.01739	0.00660	0.00900	0.00690	0.00990	0.00570	0.00570	0.01889	0.01110	0.84226	0.01529	0.01320	0.00960	0.00480	0.00390	0.00120	0.00330	0.00390	0.00480	0.00660
22	0.00544	0.00396	0.00512	0.00483	0.00577	0.00364	0.00362	0.00723	0.01087	0.01531	0.79970	0.02935	0.07455	0.00802	0.00457	0.00122	0.00184	0.00707	0.00424	0.00364
23	0.00564	0.00376	0.00423	0.00423	0.00423	0.00376	0.00235	0.00564	0.00564	0.00752	0.01222	0.02537	0.01409	0.86375	0.01973	0.00376	0.00376	0.00564	0.00235	0.00235
24	0.00588	0.00405	0.00531	0.00494	0.00593	0.00372	0.00372	0.00770	0.01098	0.04263	0.81059	0.02844	0.03570	0.00782	0.00455	0.00122	0.00188	0.00691	0.00429	0.00375
25	0.00516	0.00378	0.00484	0.00556	0.00596	0.00365	0.00378	0.02091	0.05101	0.01050	0.02131	0.78073	0.04502	0.01159	0.00487	0.00155	0.00232	0.01047	0.00362	0.00337
26	0.01398	0.00844	0.00970	0.00783	0.01059	0.00890	0.00634	0.25737	0.29178	0.32127	0.01370	0.01248	0.00947	0.00491	0.00391	0.00123	0.00351	0.00394	0.00424	0.00644
27	0.01013	0.00846	0.00896	0.00794	0.01020	0.00972	0.00621	0.07260	0.76333	0.03350	0.01535	0.01411	0.01145	0.00521	0.00394	0.00130	0.00315	0.00432	0.00396	0.00618
28	0.00472	0.00337	0.00450	0.00540	0.00562	0.00315	0.00360	0.00540	0.00742	0.00990	0.02137	0.86122	0.02564	0.01215	0.00495	0.00157	0.00225	0.01102	0.00360	0.00315
29	0.00925	0.01052	0.02152	0.01559	0.01910	0.03552	0.72712	0.01223	0.00892	0.01205	0.00754	0.01017	0.00578	0.00361	0.00527	0.00133	0.08298	0.00441	0.00194	0.00512
30	0.00915	0.01046	0.02288	0.01634	0.02026	0.00980	0.82549	0.01242	0.00915	0.01242	0.00784	0.01046	0.00588	0.00327	0.00458	0.00131	0.00654	0.00458	0.00196	0.00523
31	0.00493	0.00368	0.00460	0.00500	0.00566	0.00335	0.00356	0.00600	0.00867	0.01149	0.22928	0.44437	0.20675	0.01053	0.00479	0.00143	0.00213	0.03669	0.00377	0.00332
32	0.00862	0.29512	0.57597	0.00961	0.01456	0.01106	0.01182	0.01206	0.00808	0.01125	0.00645	0.00755	0.00493	0.00356	0.00329	0.00110	0.00521	0.00261	0.00164	0.00548

[dist]
# distance from previous block
# <min> <max>
2	7

[block]
# block no. 3 follows, 70 sequences, length 52
# corresponding to MSA columns:
# 789-819,821-841
name=unknown_D
#
# <colnr> <probs for GDERKNQSTAVLIFYWHMCP>
#	G	D	E	R	K	N	Q	S	T	A	V	L	I	F	Y	W	H	M	C	P
0	0.01104	0.20482	0.03673	0.00720	0.01043	0.11587	0.03109	0.02179	0.00904	0.14831	0.00788	0.00843	0.00610	0.00349	0.00312	0.00084	0.00397	0.00264	0.00251	0.36471
1	0.85965	0.00762	0.00591	0.00524	0.00766	0.00882	0.00431	0.04068	0.00702	0.01765	0.00554	0.00641	0.00428	0.00364	0.00245	0.00120	0.00304	0.00215	0.00245	0.00428
2	0.00788	0.04967	0.76346	0.01079	0.01622	0.00914	0.02842	0.01232	0.02526	0.01232	0.02538	0.00874	0.00577	0.00379	0.00368	0.00122	0.00555	0.00299	0.00175	0.00566
3	0.00707	0.00468	0.00560	0.00511	0.00642	0.00450	0.00390	0.00986	0.10434	0.06965	0.46496	0.02363	0.08142	0.00679	0.00408	0.00116	0.00211	0.00584	0.15304	0.03585
4	0.01478	0.01040	0.01130	0.00871	0.01177	0.01139	0.00718	0.72688	0.04750	0.09518	0.01007	0.00983	0.00705	0.00469	0.00388	0.00117	0.00414	0.00356	0.00396	0.00658
5	0.00574	0.00432	0.00537	0.00509	0.00614	0.00411	0.00386	0.00819	0.07492	0.01494	0.66375	0.02917	0.11785	0.00800	0.00455	0.00125	0.00200	0.03280	0.00415	0.00381
6	0.00485	0.00362	0.00451	0.00495	0.00557	0.00328	0.00346	0.00583	0.00848	0.01120	0.19446	0.50078	0.21337	0.01074	0.00479	0.00144	0.00210	0.00954	0.00374	0.00328
7	0.00543	0.00396	0.00510	0.00482	0.00576	0.00363	0.00361	0.00720	0.01084	0.01522	0.78586	0.02950	0.08845	0.00805	0.00457	0.00123	0.00184	0.00709	0.00422	0.00363
8	0.00532	0.00401	0.00532	0.00589	0.00666	0.00376	0.01871	0.00650	0.00830	0.01068	0.02473	0.37392	0.20119	0.01097	0.00501	0.00159	0.00273	0.29778	0.00356	0.00336
9	0.00723	0.00361	0.00361	0.00361	0.00452	0.00361	0.00271	0.00903	0.00813	0.01445	0.01265	0.01445	0.00994	0.00452	0.00271	0.00090	0.00181	0.00361	0.88528	0.00361
10	0.00928	0.00979	0.01168	0.01006	0.01040	0.12399	0.00827	0.01016	0.00666	0.00942	0.00525	0.00827	0.00509	0.00633	0.01128	0.00158	0.72501	0.00325	0.00175	0.02249
11	0.01068	0.00810	0.00880	0.00776	0.01006	0.00911	0.00608	0.02037	0.72231	0.12709	0.01571	0.01429	0.01153	0.00520	0.00394	0.00130	0.00310	0.00432	0.00406	0.00620
12	0.00732	0.00689	0.01163	0.85444	0.02670	0.00861	0.01077	0.00991	0.00775	0.00991	0.00689	0.01034	0.00517	0.00388	0.00388	0.00129	0.00517	0.00345	0.00172	0.00431
13	0.00778	0.02005	0.84367	0.01105	0.01678	0.00900	0.01432	0.01228	0.00818	0.01228	0.00696	0.00818	0.00491	0.00368	0.00368	0.00123	0.00573	0.00286	0.00164	0.00573
14	0.00472	0.00337	0.00450	0.00540	0.00562	0.00315	0.00360	0.00540	0.00742	0.00990	0.02137	0.86122	0.02564	0.01215	0.00495	0.00157	0.00225	0.01102	0.00360	0.00315
15	0.01739	0.00660	0.00900	0.00690	0.00990	0.00570	0.00570	0.01889	0.01110	0.84226	0.01529	0.01320	0.00960	0.00480	0.00390	0.00120	0.00330	0.00390	0.00480	0.00660
16	0.00557	0.00404	0.00564	0.00564	0.00613	0.00453	0.00411	0.00654	0.00606	0.00856	0.01092	0.01821	0.01099	0.27466	0.60458	0.00550	0.00843	0.00459	0.00216	0.00313
17	0.00915	0.01046	0.02288	0.01634	0.02026	0.00980	0.82549	0.01242	0.00915	0.01242	0.00784	0.01046	0.00588	0.00327	0.00458	0.00131	0.00654	0.00458	0.00196	0.00523
18	0.00458	0.00393	0.00393	0.00393	0.00524	0.00327	0.00295	0.00556	0.00884	0.01047	0.03927	0.03731	0.83800	0.00982	0.00458	0.00131	0.00196	0.00818	0.00360	0.00327
19	0.00834	0.00790	0.01338	0.45004	0.40072	0.00878	0.01117	0.01078	0.00828	0.01122	0.00742	0.01085	0.00606	0.00386	0.00390	0.00124	0.00487	0.02420	0.00186	0.00513
20	0.01421	0.07578	0.01164	0.00973	0.01185	0.76778	0.00743	0.03840	0.01098	0.00989	0.00605	0.00701	0.00504	0.00397	0.00344	0.00099	0.00672	0.00250	0.00203	0.00459
21	0.00778	0.02005	0.84367	0.01105	0.01678	0.00900	0.01432	0.01228	0.00818	0.01228	0.00696	0.00818	0.00491	0.00368	0.00368	0.00123	0.00573	0.00286	0.00164	0.00573
22	0.00554	0.00414	0.00615	0.00615	0.00681	0.00480	0.00474	0.00687	0.00621	0.00894	0.01046	0.01565	0.00987	0.06350	0.81422	0.00613	0.01011	0.00421	0.00209	0.00342
23	0.03630	0.00880	0.00904	0.00770	0.00998	0.16232	0.03239	0.01623	0.16254	0.36676	0.01403	0.13386	0.01120	0.00571	0.00397	0.00124	0.00389	0.00473	0.00379	0.00552
24	0.00732	0.00689	0.01163	0.85444	0.02670	0.00861	0.01077	0.00991	0.00775	0.00991	0.00689	0.01034	0.00517	0.00388	0.00388	0.00129	0.00517	0.00345	0.00172	0.00431
25	0.00564	0.00376	0.00423	0.00423	0.00423	0.00376	0.00235	0.00564	0.00564	0.00752	0.01222	0.02537	0.01409	0.86375	0.01973	0.00376	0.00376	0.00564	0.00235	0.00235
26	0.01450	0.01001	0.01092	0.00847	0.01144	0.01092	0.00696	0.66590	0.06261	0.11392	0.01044	0.01019	0.00733	0.00470	0.00385	0.00117	0.00401	0.00359	0.03261	0.00647
27	0.00956	0.00919	0.01561	0.02335	0.81264	0.00930	0.01179	0.01181	0.00873	0.01256	0.00722	0.00956	0.00611	0.00356	0.00413	0.00117	0.03227	0.00345	0.00191	0.00608
28	0.00555	0.00412	0.00604	0.00604	0.00666	0.00474	0.00461	0.00680	0.00617	0.00886	0.01056	0.01620	0.01011	0.10898	0.76907	0.00599	0.00975	0.00430	0.00210	0.00335
29	0.00598	0.00427	0.00593	0.00679	0.00758	0.00423	0.00574	0.00758	0.00873	0.01143	0.04214	0.17746	0.02323	0.01087	0.00527	0.00174	0.00331	0.66063	0.00359	0.00350
30	0.00811	0.00695	0.00807	0.00583	0.00922	0.00535	0.00466	0.01021	0.04204	0.01278	0.00726	0.00830	0.00599	0.00297	0.00292	0.00060	0.00288	0.00238	0.00236	0.85111
31	0.01029	0.68058	0.11964	0.00769	0.01123	0.07065	0.03216	0.01198	0.00816	0.00963	0.00569	0.00664	0.00500	0.00341	0.00276	0.00090	0.00460	0.00227	0.00169	0.00504
32	0.00528	0.00395	0.00490	0.00466	0.00566	0.00357	0.00350	0.00692	0.01049	0.01439	0.65495	0.03087	0.21988	0.00836	0.00457	0.00124	0.00186	0.00728	0.00411	0.00357
33	0.00882	0.00842	0.01433	0.30859	0.56087	0.00901	0.01151	0.01121	0.00846	0.01172	0.00715	0.00985	0.00581	0.00360	0.00385	0.00120	0.00480	0.00345	0.00185	0.00551
34	0.00897	0.00763	0.00811	0.00735	0.00936	0.00868	0.00569	0.01844	0.70252	0.01584	0.09266	0.01696	0.05596	0.00573	0.00402	0.00130	0.00288	0.00481	0.01739	0.00572
35	0.28649	0.04272	0.06692	0.00693	0.00993	0.00835	0.00612	0.16172	0.01061	0.33347	0.01013	0.00975	0.00688	0.00426	0.00334	0.00118	0.00356	0.00312	0.01887	0.00568
36	0.00585	0.00435	0.00550	0.00514	0.00617	0.00419	0.00388	0.00849	0.08358	0.01561	0.76491	0.02768	0.03439	0.00769	0.00452	0.00123	0.00194	0.00678	0.00424	0.00388
37	0.00558	0.00376	0.00428	0.00430	0.00437	0.00372	0.00247	0.00571	0.00602	0.00805	0.05270	0.05582	0.03278	0.77428	0.01816	0.00351	0.00357	0.00595	0.00251	0.00246
38	0.00554	0.00413	0.00612	0.00612	0.00678	0.00479	0.00471	0.00685	0.00620	0.00892	0.01048	0.01577	0.00993	0.07335	0.80443	0.00610	0.01003	0.00423	0.00209	0.00340
39	0.89114	0.00750	0.00570	0.00510	0.00750	0.00870	0.00420	0.01140	0.00660	0.01739	0.00540	0.00630	0.00420	0.00360	0.00240	0.00120	0.00300	0.00210	0.00240	0.00420
40	0.89114	0.00750	0.00570	0.00510	0.00750	0.00870	0.00420	0.01140	0.00660	0.01739	0.00540	0.00630	0.00420	0.00360	0.00240	0.00120	0.00300	0.00210	0.00240	0.00420
41	0.00904	0.00767	0.00818	0.00737	0.00939	0.00869	0.00572	0.03896	0.67545	0.01606	0.11145	0.01716	0.05630	0.00578	0.00405	0.00130	0.00290	0.00485	0.00396	0.00572
42	0.00883	0.05326	0.02439	0.00651	0.02233	0.03536	0.00527	0.06238	0.00880	0.01309	0.00694	0.00801	0.00572	0.00307	0.00297	0.00066	0.00325	0.00240	0.00234	0.72443
43	0.00513	0.00417	0.00464	0.00458	0.00585	0.00368	0.00354	0.00660	0.02831	0.01164	0.17622	0.03472	0.56227	0.00963	0.01999	0.00141	0.00230	0.08415	0.00366	0.02753
44	0.01058	0.00946	0.01522	0.09396	0.22513	0.03583	0.24186	0.12811	0.09108	0.07347	0.02147	0.01973	0.00746	0.00406	0.00408	0.00123	0.00493	0.00400	0.00265	0.00568
45	0.00989	0.03481	0.07383	0.06341	0.47344	0.06920	0.08188	0.01282	0.06070	0.04665	0.03070	0.01031	0.00719	0.00380	0.00386	0.00117	0.00482	0.00358	0.00220	0.00573
46	0.01068	0.80175	0.01961	0.00689	0.01010	0.07855	0.00670	0.01190	0.00811	0.00915	0.00544	0.00628	0.00498	0.00337	0.00256	0.00084	0.00436	0.00211	0.00168	0.00494
47	0.00999	0.00606	0.02436	0.00692	0.00915	0.00525	0.10037	0.02380	0.00994	0.30199	0.11470	0.03361	0.27103	0.00750	0.02846	0.00142	0.00335	0.03347	0.00382	0.00482
48	0.00865	0.10675	0.66335	0.01106	0.05499	0.00951	0.02454	0.01254	0.00835	0.05516	0.00726	0.00834	0.00523	0.00369	0.00359	0.00118	0.00540	0.00289	0.00182	0.00571
49	0.00628	0.00495	0.00633	0.00725	0.08753	0.00484	0.00482	0.00881	0.11839	0.02828	0.13911	0.27997	0.21502	0.00899	0.00457	0.00139	0.00257	0.06326	0.00360	0.00404
50	0.00476	0.00342	0.00446	0.00527	0.00554	0.00318	0.00351	0.00542	0.00741	0.00981	0.02181	0.78047	0.06510	0.05296	0.00564	0.00167	0.00231	0.01062	0.00354	0.00312
51	0.01064	0.00904	0.01437	0.11450	0.54460	0.00933	0.03150	0.13345	0.01027	0.07261	0.00813	0.00991	0.00633	0.00377	0.00387	0.00118	0.00458	0.00352	0.00239	0.00601

[dist]
# distance from previous block
# <min> <max>
0	2

[block]
# block no. 4 follows, 70 sequences, length 175
# corresponding to MSA columns:
# 844,886-967,973-999,1007-1018,1020-1072
name=unknown_E
#
# <colnr> <probs for GDERKNQSTAVLIFYWHMCP>
#	G	D	E	R	K	N	Q	S	T	A	V	L	I	F	Y	W	H	M	C	P
0	0.00979	0.31420	0.40783	0.00905	0.01335	0.06391	0.01027	0.02755	0.04740	0.05273	0.00722	0.00799	0.00553	0.00372	0.00328	0.00108	0.00498	0.00270	0.00197	0.00547
1	0.00975	0.02909	0.01117	0.02757	0.21877	0.00963	0.02434	0.02692	0.55463	0.02552	0.01300	0.01281	0.00991	0.00468	0.00389	0.00126	0.00361	0.00407	0.00331	0.00607
2	0.00938	0.00608	0.00774	0.00698	0.02753	0.00706	0.00545	0.05466	0.02287	0.12904	0.02005	0.01252	0.00860	0.01886	0.05206	0.00154	0.25022	0.00369	0.35120	0.00445
3	0.00804	0.00689	0.00804	0.00574	0.00919	0.00517	0.00459	0.00976	0.00804	0.01263	0.00689	0.00804	0.00574	0.00287	0.00287	0.00057	0.00287	0.00230	0.00230	0.88745
4	0.00900	0.00938	0.01220	0.01039	0.01070	0.08125	0.03837	0.00995	0.00647	0.00946	0.00527	0.00843	0.00511	0.00642	0.01166	0.00162	0.75491	0.00336	0.00173	0.00430
5	0.00463	0.00393	0.00400	0.00398	0.00527	0.00329	0.00299	0.00566	0.00896	0.01076	0.08493	0.03683	0.79216	0.00971	0.00458	0.00130	0.00196	0.00811	0.00364	0.00329
6	0.00503	0.00391	0.00457	0.00448	0.00553	0.00345	0.00333	0.00640	0.00977	0.01288	0.42244	0.08784	0.39833	0.00906	0.00460	0.00128	0.00192	0.00781	0.00392	0.00345
7	0.00549	0.00396	0.00518	0.00488	0.00579	0.00366	0.00366	0.00732	0.01097	0.01555	0.83752	0.02896	0.03658	0.00793	0.00457	0.00122	0.00183	0.00701	0.00427	0.00366
8	0.44336	0.00704	0.00739	0.00602	0.00873	0.00716	0.00497	0.01524	0.00890	0.44012	0.01047	0.00983	0.00696	0.00421	0.00317	0.00120	0.00315	0.00302	0.00363	0.00543
9	0.00964	0.00833	0.00877	0.00789	0.01008	0.00964	0.00614	0.02060	0.83257	0.01622	0.01578	0.01446	0.01183	0.00526	0.00394	0.00131	0.00307	0.00438	0.00394	0.00614
10	0.00816	0.00696	0.00811	0.00580	0.00924	0.00529	0.00464	0.02485	0.00823	0.01285	0.00694	0.00806	0.00576	0.00290	0.00289	0.00059	0.00290	0.00232	0.00233	0.87119
11	0.89114	0.00750	0.00570	0.00510	0.00750	0.00870	0.00420	0.01140	0.00660	0.01739	0.00540	0.00630	0.00420	0.00360	0.00240	0.00120	0.00300	0.00210	0.00240	0.00420
12	0.00732	0.00689	0.01163	0.85444	0.02670	0.00861	0.01077	0.00991	0.00775	0.00991	0.00689	0.01034	0.00517	0.00388	0.00388	0.00129	0.00517	0.00345	0.00172	0.00431
13	0.00487	0.00355	0.00461	0.00540	0.00576	0.00333	0.00369	0.00581	0.02325	0.01021	0.03738	0.75096	0.07798	0.01174	0.00491	0.00155	0.00228	0.03585	0.00362	0.00324
14	0.01226	0.01463	0.01149	0.01230	0.16890	0.54562	0.00816	0.01349	0.00986	0.01014	0.00735	0.05947	0.00679	0.00476	0.00452	0.00114	0.08369	0.01863	0.00208	0.00469
15	0.03335	0.00661	0.00894	0.00686	0.00985	0.00575	0.00567	0.01876	0.01101	0.82720	0.01511	0.01307	0.00950	0.00478	0.00387	0.00120	0.00329	0.00387	0.00475	0.00655
16	0.00472	0.00337	0.00450	0.00540	0.00562	0.00315	0.00360	0.00540	0.00742	0.00990	0.02137	0.86122	0.02564	0.01215	0.00495	0.00157	0.00225	0.01102	0.00360	0.00315
17	0.00607	0.00409	0.00530	0.00495	0.00598	0.00373	0.00373	0.00779	0.01075	0.06049	0.72215	0.05543	0.07878	0.00799	0.00455	0.00123	0.00193	0.00703	0.00424	0.00378
18	0.00764	0.00765	0.03082	0.77072	0.03764	0.03244	0.02840	0.01033	0.01787	0.01012	0.00700	0.01023	0.00527	0.00387	0.00388	0.00128	0.00523	0.00344	0.00176	0.00441
19	0.00996	0.73377	0.14909	0.00732	0.01102	0.01435	0.00784	0.01171	0.00793	0.00961	0.00563	0.00653	0.00497	0.00337	0.00267	0.00089	0.00439	0.00220	0.00166	0.00509
20	0.06767	0.00922	0.01501	0.02239	0.77405	0.02010	0.01133	0.01191	0.00871	0.01294	0.00715	0.00934	0.00600	0.00347	0.00374	0.00115	0.00453	0.00335	0.00195	0.00599
21	0.00917	0.00679	0.00918	0.00916	0.10093	0.02655	0.02078	0.08256	0.00916	0.12827	0.10882	0.11116	0.03928	0.03182	0.11568	0.00206	0.16613	0.01484	0.00303	0.00463
22	0.00469	0.00351	0.00435	0.00502	0.00552	0.00318	0.00343	0.00544	0.00778	0.01004	0.02593	0.65119	0.23272	0.01155	0.00485	0.00151	0.00218	0.01030	0.00360	0.00318
23	0.00921	0.20735	0.01435	0.42011	0.16627	0.04648	0.00966	0.06237	0.00877	0.01111	0.00673	0.00904	0.00538	0.00373	0.00353	0.00114	0.00485	0.00309	0.00189	0.00494
24	0.02162	0.00394	0.00513	0.00546	0.00619	0.00366	0.00385	0.00771	0.00819	0.12575	0.07267	0.62372	0.02281	0.01024	0.00460	0.00145	0.00235	0.00917	0.05778	0.00370
25	0.36872	0.01003	0.00922	0.06169	0.06689	0.14153	0.00650	0.20388	0.01057	0.07678	0.00735	0.00809	0.00547	0.00400	0.00322	0.00116	0.00419	0.00280	0.00278	0.00512
26	0.03427	0.02784	0.01140	0.00971	0.04237	0.24442	0.00752	0.34299	0.07479	0.03036	0.00812	0.00888	0.00627	0.00473	0.00500	0.00120	0.12848	0.00321	0.00291	0.00553
27	0.00545	0.00392	0.00498	0.00476	0.00568	0.00360	0.00355	0.00716	0.01054	0.01485	0.70377	0.05784	0.10712	0.00810	0.00451	0.00123	0.00185	0.00712	0.04035	0.00360
28	0.00901	0.00864	0.01478	0.23512	0.62240	0.00907	0.02181	0.01140	0.00856	0.01196	0.00720	0.00979	0.00589	0.00356	0.00386	0.00119	0.00477	0.00347	0.00187	0.00566
29	0.00959	0.00880	0.00921	0.00830	0.01972	0.14571	0.00658	0.07754	0.05485	0.06064	0.07787	0.01787	0.11192	0.02391	0.00715	0.00145	0.26730	0.08424	0.00286	0.00447
30	0.00564	0.00376	0.00423	0.00423	0.00423	0.00376	0.00235	0.00564	0.00564	0.00752	0.01222	0.02537	0.01409	0.86375	0.01973	0.00376	0.00376	0.00564	0.00235	0.00235
31	0.00546	0.00396	0.00514	0.00485	0.00577	0.00365	0.00363	0.00726	0.01090	0.01538	0.81108	0.02924	0.06313	0.00799	0.00457	0.00122	0.00183	0.00705	0.00425	0.00365
32	0.00468	0.00353	0.00433	0.00498	0.00551	0.00318	0.00341	0.00545	0.00783	0.01006	0.02650	0.62528	0.25827	0.01148	0.00484	0.00150	0.00217	0.01021	0.00360	0.00318
33	0.01036	0.86609	0.02032	0.00663	0.00995	0.01534	0.00663	0.01161	0.00788	0.00912	0.00539	0.00622	0.00498	0.00332	0.00249	0.00083	0.00415	0.00207	0.00166	0.00498
34	0.00778	0.02005	0.84367	0.01105	0.01678	0.00900	0.01432	0.01228	0.00818	0.01228	0.00696	0.00818	0.00491	0.00368	0.00368	0.00123	0.00573	0.00286	0.00164	0.00573
35	0.00723	0.00361	0.00361	0.00361	0.00452	0.00361	0.00271	0.00903	0.00813	0.01445	0.01265	0.01445	0.00994	0.00452	0.00271	0.00090	0.00181	0.00361	0.88528	0.00361
36	0.01036	0.86609	0.02032	0.00663	0.00995	0.01534	0.00663	0.01161	0.00788	0.00912	0.00539	0.00622	0.00498	0.00332	0.00249	0.00083	0.00415	0.00207	0.00166	0.00498
37	0.00960	0.00921	0.01574	0.02380	0.83957	0.00921	0.01190	0.01190	0.00883	0.01267	0.00729	0.00960	0.00614	0.00345	0.00384	0.00115	0.00461	0.00345	0.00192	0.00614
38	0.00593	0.00429	0.00582	0.00635	0.00726	0.00417	0.00536	0.00767	0.00942	0.01251	0.22987	0.05425	0.07115	0.00998	0.00511	0.00161	0.00301	0.54894	0.00375	0.00357
39	0.00472	0.00337	0.00450	0.00540	0.00562	0.00315	0.00360	0.00540	0.00742	0.00990	0.02137	0.86122	0.02564	0.01215	0.00495	0.00157	0.00225	0.01102	0.00360	0.00315
40	0.00885	0.36995	0.50315	0.00922	0.01395	0.01162	0.01114	0.01200	0.00806	0.01097	0.00631	0.00737	0.00494	0.00353	0.00319	0.00106	0.00507	0.00254	0.00165	0.00542
41	0.07051	0.01130	0.13825	0.01269	0.01652	0.02456	0.44647	0.08365	0.02025	0.12415	0.00873	0.01010	0.00624	0.00371	0.00412	0.00126	0.00552	0.00393	0.00251	0.00553
42	0.00515	0.00405	0.00486	0.00509	0.01785	0.00358	0.00359	0.00637	0.01903	0.01147	0.18183	0.33060	0.31916	0.00972	0.00459	0.00134	0.00215	0.00851	0.00363	0.05744
43	0.02216	0.79698	0.07601	0.00691	0.01038	0.01482	0.00712	0.01165	0.00788	0.00945	0.00550	0.00635	0.00496	0.00335	0.00257	0.00086	0.00424	0.00213	0.00167	0.00502
44	0.00625	0.00446	0.00625	0.00714	0.00803	0.00446	0.00625	0.00803	0.00892	0.01160	0.02053	0.04373	0.02231	0.01071	0.00535	0.00178	0.00357	0.81348	0.00357	0.00357
45	0.00732	0.00689	0.01163	0.85444	0.02670	0.00861	0.01077	0.00991	0.00775	0.00991	0.00689	0.01034	0.00517	0.00388	0.00388	0.00129	0.00517	0.00345	0.00172	0.00431
46	0.00777	0.00723	0.01161	0.75929	0.05596	0.02265	0.01048	0.01068	0.04456	0.02232	0.00741	0.01048	0.00556	0.00394	0.00387	0.00128	0.00506	0.00348	0.00188	0.00449
47	0.01036	0.86609	0.02032	0.00663	0.00995	0.01534	0.00663	0.01161	0.00788	0.00912	0.00539	0.00622	0.00498	0.00332	0.00249	0.00083	0.00415	0.00207	0.00166	0.00498
48	0.00544	0.00396	0.00512	0.00483	0.00576	0.00364	0.00362	0.00723	0.01087	0.01530	0.79832	0.02937	0.07594	0.00802	0.00457	0.00122	0.00184	0.00707	0.00423	0.00364
49	0.00915	0.01046	0.02288	0.01634	0.02026	0.00980	0.82549	0.01242	0.00915	0.01242	0.00784	0.01046	0.00588	0.00327	0.00458	0.00131	0.00654	0.00458	0.00196	0.00523
50	0.00895	0.29466	0.52144	0.00967	0.01447	0.01108	0.03698	0.02577	0.00833	0.02606	0.00666	0.00772	0.00507	0.00359	0.00333	0.00110	0.00517	0.00269	0.00175	0.00550
51	0.00468	0.00393	0.00407	0.00403	0.00530	0.00332	0.00302	0.00576	0.00907	0.01103	0.12700	0.03639	0.74992	0.00961	0.00458	0.00130	0.00195	0.00805	0.00367	0.00332
52	0.00564	0.00376	0.00423	0.00423	0.00423	0.00376	0.00235	0.00564	0.00564	0.00752	0.01222	0.02537	0.01409	0.86375	0.01973	0.00376	0.00376	0.00564	0.00235	0.00235
53	0.00734	0.00689	0.01159	0.79015	0.06291	0.00847	0.01059	0.00985	0.00779	0.01003	0.00736	0.03697	0.00585	0.00412	0.00391	0.00129	0.00505	0.00368	0.00179	0.00435
54	0.01601	0.00709	0.00909	0.00734	0.02447	0.02599	0.00588	0.05808	0.05620	0.67870	0.04828	0.01388	0.01066	0.00497	0.00393	0.00121	0.00339	0.01392	0.00455	0.00636
55	0.00964	0.00833	0.00877	0.00789	0.01008	0.00964	0.00614	0.02060	0.83257	0.01622	0.01578	0.01446	0.01183	0.00526	0.00394	0.00131	0.00307	0.00438	0.00394	0.00614
56	0.00804	0.00689	0.00804	0.00574	0.00919	0.00517	0.00459	0.00976	0.00804	0.01263	0.00689	0.00804	0.00574	0.00287	0.00287	0.00057	0.00287	0.00230	0.00230	0.88745
57	0.00879	0.00814	0.01222	0.21085	0.01513	0.00992	0.09757	0.02353	0.12255	0.03973	0.00801	0.01057	0.00656	0.00525	0.00748	0.00142	0.34680	0.01381	0.00224	0.04944
58	0.02409	0.16477	0.05661	0.01201	0.01481	0.04277	0.35639	0.03215	0.01739	0.02501	0.00683	0.00897	0.00557	0.00426	0.00601	0.00129	0.21055	0.00360	0.00195	0.00499
59	0.00960	0.00921	0.01574	0.02380	0.83957	0.00921	0.01190	0.01190	0.00883	0.01267	0.00729	0.00960	0.00614	0.00345	0.00384	0.00115	0.00461	0.00345	0.00192	0.00614
60	0.00915	0.01046	0.02288	0.01634	0.02026	0.00980	0.82549	0.01242	0.00915	0.01242	0.00784	0.01046	0.00588	0.00327	0.00458	0.00131	0.00654	0.00458	0.00196	0.00523
61	0.00549	0.00396	0.00518	0.00488	0.00579	0.00366	0.00366	0.00732	0.01097	0.01555	0.83752	0.02896	0.03658	0.00793	0.00457	0.00122	0.00183	0.00701	0.00427	0.00366
62	0.00625	0.00446	0.00625	0.00714	0.00803	0.00446	0.00625	0.00803	0.00892	0.01160	0.02053	0.04373	0.02231	0.01071	0.00535	0.00178	0.00357	0.81348	0.00357	0.00357
63	0.00624	0.00445	0.00621	0.00709	0.00796	0.00445	0.00618	0.00799	0.00887	0.01153	0.02038	0.04340	0.02217	0.02591	0.00561	0.00182	0.00357	0.79908	0.00355	0.00355
64	0.00564	0.00377	0.00428	0.00428	0.00429	0.00378	0.00241	0.00567	0.00565	0.00755	0.01217	0.02513	0.01399	0.84379	0.03955	0.00382	0.00392	0.00560	0.00234	0.00238
65	0.01474	0.01086	0.01163	0.00892	0.01202	0.01202	0.00737	0.82664	0.01823	0.02443	0.00931	0.00931	0.00659	0.00465	0.00388	0.00116	0.00427	0.00349	0.00388	0.00659
66	0.01739	0.00660	0.00900	0.00690	0.00990	0.00570	0.00570	0.01889	0.01110	0.84226	0.01529	0.01320	0.00960	0.00480	0.00390	0.00120	0.00330	0.00390	0.00480	0.00660
67	0.00964	0.00833	0.00877	0.00789	0.01008	0.00964	0.00614	0.02060	0.83257	0.01622	0.01578	0.01446	0.01183	0.00526	0.00394	0.00131	0.00307	0.00438	0.00394	0.00614
68	0.00472	0.00337	0.00450	0.00540	0.00562	0.00315	0.00360	0.00540	0.00742	0.00990	0.02137	0.86122	0.02564	0.01215	0.00495	0.00157	0.00225	0.01102	0.00360	0.00315
69	0.01514	0.01023	0.01105	0.00852	0.01157	0.03820	0.00701	0.63281	0.01647	0.18119	0.01032	0.00996	0.00711	0.00463	0.00386	0.00116	0.00415	0.00352	0.00397	0.01911
70	0.00959	0.09100	0.05861	0.01703	0.27823	0.04771	0.39362	0.01253	0.03089	0.01215	0.00752	0.00963	0.00595	0.00344	0.00404	0.00120	0.00559	0.00381	0.00196	0.00551
71	0.00841	0.12811	0.71190	0.01035	0.01569	0.00971	0.01307	0.01240	0.00824	0.03792	0.00702	0.00809	0.00507	0.00367	0.00354	0.00118	0.00545	0.00280	0.00174	0.00566
72	0.00500	0.00414	0.00442	0.00436	0.00563	0.00365	0.00331	0.00658	0.04501	0.01159	0.16842	0.03515	0.64472	0.00934	0.00458	0.00131	0.00204	0.03356	0.00372	0.00347
73	0.00743	0.00695	0.01166	0.69148	0.12833	0.00832	0.01042	0.00985	0.00787	0.01025	0.00792	0.06801	0.00668	0.00438	0.00394	0.00129	0.00490	0.00396	0.00187	0.00446
74	0.00848	0.00663	0.00785	0.00574	0.00895	0.00508	0.00458	0.01018	0.00846	0.07172	0.06259	0.01026	0.02166	0.00345	0.00308	0.00067	0.00282	0.00282	0.00263	0.75235
75	0.00567	0.00473	0.00505	0.00483	0.00622	0.00450	0.00366	0.00863	0.15860	0.01249	0.18795	0.03157	0.53466	0.00863	0.00446	0.00129	0.00214	0.00727	0.00379	0.00387
76	0.00723	0.00361	0.00361	0.00361	0.00452	0.00361	0.00271	0.00903	0.00813	0.01445	0.01265	0.01445	0.00994	0.00452	0.00271	0.00090	0.00181	0.00361	0.88528	0.00361
77	0.00886	0.00846	0.01441	0.29270	0.57642	0.00902	0.01153	0.01125	0.00848	0.01177	0.00716	0.00983	0.00583	0.00359	0.00385	0.00120	0.00479	0.00345	0.00186	0.00555
78	0.00926	0.00887	0.01514	0.14499	0.72097	0.00912	0.01173	0.01161	0.00867	0.01226	0.00723	0.00970	0.00600	0.00352	0.00384	0.00117	0.00469	0.00345	0.00189	0.00587
79	0.00564	0.00376	0.00423	0.00423	0.00423	0.00376	0.00235	0.00564	0.00564	0.00752	0.01222	0.02537	0.01409	0.86375	0.01973	0.00376	0.00376	0.00564	0.00235	0.00235
80	0.00589	0.00421	0.00584	0.00674	0.00747	0.00416	0.00563	0.00742	0.00858	0.01121	0.02072	0.23308	0.02308	0.01104	0.00526	0.00174	0.00326	0.62761	0.00358	0.00347
81	0.00962	0.00984	0.02024	0.10466	0.01989	0.00953	0.64860	0.04205	0.02464	0.05865	0.00835	0.01063	0.00615	0.00350	0.00443	0.00129	0.00606	0.00437	0.00220	0.00527
82	0.01444	0.01741	0.01103	0.00983	0.01196	0.73527	0.00746	0.11289	0.02419	0.01138	0.00654	0.00738	0.00529	0.00409	0.00355	0.00102	0.00661	0.00264	0.00225	0.00477
83	0.00804	0.00689	0.00804	0.00574	0.00919	0.00517	0.00459	0.00976	0.00804	0.01263	0.00689	0.00804	0.00574	0.00287	0.00287	0.00057	0.00287	0.00230	0.00230	0.88745
84	0.00570	0.00435	0.00535	0.00591	0.00652	0.00443	0.00413	0.00839	0.16808	0.01115	0.02027	0.68538	0.02291	0.01079	0.00476	0.00153	0.00243	0.02052	0.00367	0.00374
85	0.00778	0.02005	0.84367	0.01105	0.01678	0.00900	0.01432	0.01228	0.00818	0.01228	0.00696	0.00818	0.00491	0.00368	0.00368	0.00123	0.00573	0.00286	0.00164	0.00573
86	0.00540	0.00482	0.00555	0.00520	0.00623	0.00497	0.00407	0.00641	0.00841	0.01057	0.08293	0.03117	0.62533	0.00911	0.00617	0.00138	0.16835	0.00718	0.00327	0.00349
87	0.00549	0.00397	0.00551	0.00559	0.00605	0.00439	0.00403	0.00642	0.00617	0.00867	0.01191	0.09576	0.01239	0.26141	0.53874	0.00511	0.00778	0.00520	0.00229	0.00312
88	0.00547	0.00396	0.00516	0.00486	0.00578	0.00365	0.00364	0.00728	0.01093	0.01544	0.82050	0.02914	0.05368	0.00797	0.00457	0.00122	0.00183	0.00704	0.00425	0.00365
89	0.01019	0.80865	0.07621	0.00693	0.01041	0.01491	0.00716	0.01165	0.00790	0.00934	0.00550	0.00635	0.00497	0.00334	0.00257	0.00086	0.00425	0.00213	0.00166	0.00503
90	0.01012	0.74074	0.12451	0.00726	0.01086	0.03230	0.00763	0.01178	0.00798	0.00953	0.00560	0.00648	0.00497	0.00338	0.00266	0.00088	0.00441	0.00218	0.00166	0.00506
