[name]
unknown

[dist]
# distance from previous block
# <min> <max>
44	467

[block]
# block no. 0 follows, 75 sequences, length 27
# corresponding to MSA columns:
# 792-818
name=unknown_A
#
# <colnr> <probs for GDERKNQSTAVLIFYWHMCP>
#	G	D	E	R	K	N	Q	S	T	A	V	L	I	F	Y	W	H	M	C	P
0	0.04265	0.00807	0.05180	0.04629	0.02441	0.03091	0.05491	0.14070	0.11935	0.07621	0.05355	0.06512	0.01857	0.01434	0.00377	0.00106	0.01179	0.00381	0.00289	0.22982
1	0.01054	0.03890	0.05507	0.00835	0.01130	0.09501	0.12429	0.10896	0.07978	0.13407	0.02199	0.01022	0.00722	0.00390	0.00363	0.00099	0.01995	0.02150	0.00274	0.24159
2	0.06615	0.09976	0.12736	0.00805	0.02515	0.10862	0.05689	0.09551	0.06969	0.06467	0.01655	0.00971	0.01879	0.01775	0.01685	0.00110	0.00421	0.01456	0.00244	0.17620
3	0.07717	0.08986	0.07161	0.00714	0.00992	0.05747	0.03387	0.14401	0.12010	0.07518	0.03517	0.03813	0.04151	0.00434	0.00333	0.00101	0.00357	0.00344	0.00282	0.18036
4	0.06618	0.15843	0.18354	0.00805	0.02936	0.13997	0.02110	0.07924	0.02940	0.06652	0.03839	0.03480	0.03221	0.00426	0.00330	0.00103	0.00426	0.01965	0.00237	0.07794
5	0.07154	0.09249	0.20227	0.03795	0.07832	0.04542	0.00759	0.05746	0.02544	0.09741	0.03280	0.08637	0.00941	0.07196	0.03395	0.00150	0.00422	0.03675	0.00248	0.00466
6	0.05907	0.02226	0.08872	0.01793	0.02066	0.04613	0.04747	0.29190	0.09200	0.09538	0.03509	0.02318	0.00766	0.00433	0.00384	0.00110	0.03704	0.00340	0.01559	0.08726
7	0.37755	0.00759	0.02327	0.00926	0.16781	0.02764	0.03478	0.01195	0.05063	0.12887	0.06427	0.01045	0.03382	0.00418	0.00345	0.00115	0.03273	0.00321	0.00267	0.00474
8	0.00681	0.00517	0.00707	0.02729	0.13198	0.00520	0.00537	0.11970	0.00877	0.02863	0.01625	0.55037	0.01821	0.00894	0.00437	0.00137	0.00286	0.04449	0.00319	0.00396
9	0.01395	0.01054	0.01100	0.00849	0.01139	0.04050	0.00698	0.80747	0.01703	0.02266	0.00871	0.00874	0.00619	0.00439	0.00366	0.00110	0.00413	0.00327	0.00361	0.00618
10	0.01489	0.00704	0.00983	0.00946	0.15341	0.00653	0.00655	0.08572	0.02340	0.62422	0.01272	0.01162	0.00832	0.00432	0.00368	0.00113	0.00341	0.00360	0.00399	0.00617
11	0.00694	0.00653	0.01102	0.86210	0.02530	0.00816	0.01020	0.00938	0.00734	0.00938	0.00653	0.00979	0.00490	0.00367	0.00367	0.00122	0.00490	0.00326	0.00163	0.00408
12	0.00724	0.01002	0.21125	0.01119	0.01427	0.00726	0.37029	0.00998	0.00816	0.01123	0.01129	0.14907	0.01094	0.00571	0.00432	0.00134	0.00490	0.14477	0.00229	0.00449
13	0.00617	0.00521	0.00825	0.24106	0.13000	0.00549	0.03282	0.00768	0.00761	0.02391	0.03939	0.38969	0.05540	0.00758	0.00422	0.00133	0.00334	0.02434	0.00269	0.00383
14	0.01454	0.01315	0.00966	0.00835	0.01058	0.52255	0.00644	0.01599	0.03995	0.30948	0.00915	0.00897	0.00652	0.00410	0.00346	0.00102	0.00524	0.00290	0.00290	0.00502
15	0.00752	0.00544	0.00869	0.11150	0.04029	0.00541	0.09767	0.00944	0.00887	0.10765	0.14021	0.02743	0.03612	0.00728	0.00449	0.00141	0.00360	0.36974	0.00318	0.00406
16	0.00748	0.00481	0.00770	0.00697	0.00824	0.00443	0.12506	0.00868	0.00801	0.17301	0.01722	0.54008	0.01847	0.00887	0.00446	0.00139	0.00297	0.04482	0.00340	0.00392
17	0.00894	0.00858	0.01464	0.08026	0.79145	0.00869	0.01120	0.01114	0.00829	0.01182	0.00688	0.00914	0.00575	0.00330	0.00364	0.00110	0.00440	0.00327	0.00181	0.00570
18	0.00694	0.00653	0.01102	0.86210	0.02530	0.00816	0.01020	0.00938	0.00734	0.00938	0.00653	0.00979	0.00490	0.00367	0.00367	0.00122	0.00490	0.00326	0.00163	0.00408
19	0.00865	0.00827	0.01411	0.19518	0.67884	0.00861	0.01105	0.01088	0.00815	0.01146	0.00683	0.00923	0.00563	0.00335	0.00364	0.00112	0.00447	0.00327	0.00178	0.00546
20	0.01028	0.00801	0.01155	0.38379	0.14000	0.08836	0.06285	0.01233	0.00865	0.21164	0.00867	0.01054	0.00632	0.00390	0.00370	0.00117	0.00462	0.01625	0.00243	0.00492
21	0.06676	0.00847	0.01401	0.08084	0.73498	0.00865	0.01072	0.01111	0.00815	0.01211	0.00676	0.00894	0.00563	0.00331	0.00355	0.00110	0.00430	0.00319	0.00183	0.00557
22	0.00798	0.00699	0.03633	0.13785	0.03931	0.04374	0.11096	0.03221	0.04782	0.08103	0.08327	0.07704	0.07389	0.02535	0.00438	0.00128	0.00380	0.11954	0.00282	0.06440
23	0.09398	0.02958	0.26323	0.00995	0.03084	0.22737	0.12184	0.05971	0.01888	0.03598	0.01662	0.00931	0.01713	0.01677	0.00386	0.00116	0.01860	0.01827	0.00209	0.00483
24	0.03681	0.00743	0.03219	0.00738	0.03795	0.06343	0.01770	0.06994	0.03332	0.48820	0.01395	0.07826	0.03950	0.01644	0.00395	0.00120	0.00345	0.02845	0.00379	0.01666
25	0.04789	0.00843	0.01339	0.04845	0.48804	0.03485	0.10316	0.05602	0.00883	0.02601	0.00909	0.02380	0.03203	0.00418	0.00378	0.00116	0.00435	0.06630	0.00218	0.01805
26	0.07900	0.00997	0.07446	0.04618	0.10440	0.11841	0.01854	0.19665	0.09007	0.10528	0.02271	0.02872	0.00810	0.00467	0.00385	0.00117	0.02625	0.05347	0.00288	0.00521

[dist]
# distance from previous block
# <min> <max>
37	131

[block]
# block no. 1 follows, 75 sequences, length 43
# corresponding to MSA columns:
# 974-984,988-1016,1030-1032
name=unknown_B
#
# <colnr> <probs for GDERKNQSTAVLIFYWHMCP>
#	G	D	E	R	K	N	Q	S	T	A	V	L	I	F	Y	W	H	M	C	P
0	0.02877	0.03112	0.17407	0.04192	0.08484	0.03131	0.06908	0.09719	0.06833	0.17853	0.03466	0.01133	0.03932	0.01807	0.00394	0.00115	0.01473	0.00353	0.00279	0.06532
1	0.37795	0.06253	0.05961	0.02036	0.01009	0.02720	0.08071	0.10463	0.00848	0.07184	0.02716	0.00802	0.00576	0.00372	0.00330	0.00108	0.03614	0.00271	0.00245	0.08625
2	0.35097	0.04041	0.00672	0.03081	0.01908	0.03385	0.00463	0.03933	0.05124	0.06893	0.02298	0.25355	0.01140	0.01592	0.00365	0.00126	0.01363	0.01271	0.00284	0.01610
3	0.01521	0.06153	0.30978	0.02309	0.01153	0.02792	0.07798	0.01034	0.04213	0.02520	0.19536	0.01412	0.05135	0.00495	0.00431	0.00117	0.06802	0.00406	0.04737	0.00456
4	0.00707	0.00391	0.00543	0.00518	0.00549	0.00404	0.00361	0.08545	0.00604	0.00808	0.00674	0.01106	0.00647	0.01249	0.04420	0.77408	0.00352	0.00323	0.00181	0.00211
5	0.00760	0.00680	0.00974	0.00710	0.01018	0.00549	0.15270	0.00943	0.00799	0.02622	0.03443	0.02060	0.06906	0.00355	0.00322	0.00076	0.00325	0.00323	0.00232	0.61635
6	0.00562	0.00352	0.00451	0.00450	0.00464	0.00361	0.00287	0.00547	0.00546	0.00746	0.03310	0.01914	0.01142	0.48091	0.14285	0.23726	0.00433	0.00457	0.01649	0.00227
7	0.00881	0.11456	0.29488	0.07142	0.05151	0.00961	0.20902	0.06165	0.07884	0.03322	0.00762	0.00895	0.00571	0.00363	0.00382	0.00115	0.02506	0.00327	0.00203	0.00522
8	0.36554	0.00695	0.00791	0.20669	0.03815	0.00779	0.00615	0.05997	0.07346	0.07830	0.01851	0.03092	0.00680	0.00415	0.00314	0.00116	0.00345	0.02693	0.00256	0.05148
9	0.00520	0.00374	0.00463	0.00477	0.00556	0.00345	0.00348	0.00651	0.02492	0.03192	0.29720	0.28050	0.20568	0.05005	0.00514	0.00142	0.00212	0.05683	0.00360	0.00329
10	0.00710	0.00397	0.00507	0.00483	0.00583	0.00393	0.00369	0.00859	0.00822	0.11616	0.21162	0.06858	0.01663	0.03354	0.18712	0.00218	0.00375	0.02544	0.28005	0.00369
11	0.00842	0.18195	0.49481	0.02347	0.08739	0.00938	0.01071	0.03695	0.00800	0.04283	0.00699	0.00872	0.00550	0.05484	0.00420	0.00122	0.00479	0.00284	0.00180	0.00517
12	0.00570	0.00567	0.08759	0.04347	0.00766	0.00469	0.01808	0.04010	0.01715	0.01069	0.13429	0.30814	0.10961	0.14519	0.01871	0.00174	0.02811	0.00698	0.00297	0.00346
13	0.00457	0.00327	0.00436	0.00515	0.00542	0.00306	0.00350	0.00531	0.00728	0.00975	0.06912	0.78838	0.02479	0.01122	0.00468	0.00148	0.00215	0.04003	0.00345	0.00303
14	0.00789	0.00697	0.08037	0.00851	0.09991	0.00611	0.03658	0.10700	0.07031	0.06461	0.05085	0.21482	0.07370	0.00704	0.00412	0.00129	0.00325	0.10810	0.04409	0.00447
15	0.04865	0.09412	0.03855	0.00560	0.01898	0.05055	0.00452	0.00837	0.00904	0.04433	0.36418	0.09047	0.13197	0.00667	0.00386	0.00111	0.00263	0.01667	0.00323	0.05648
16	0.03258	0.60428	0.04104	0.00701	0.00995	0.16921	0.00655	0.02604	0.00833	0.05758	0.00586	0.00651	0.00497	0.00338	0.00266	0.00086	0.00440	0.00218	0.00185	0.00475
17	0.00453	0.00326	0.00431	0.00512	0.00540	0.00304	0.00348	0.00523	0.00715	0.00947	0.02102	0.79433	0.06333	0.01134	0.00469	0.00149	0.00217	0.04423	0.00341	0.00301
18	0.00598	0.00433	0.00510	0.00503	0.00542	0.00459	0.00340	0.00732	0.08990	0.02071	0.01394	0.09197	0.04759	0.54493	0.01375	0.00276	0.05426	0.07347	0.00261	0.00294
19	0.01161	0.45182	0.01509	0.00749	0.01025	0.12921	0.00665	0.24449	0.01063	0.03335	0.00645	0.00708	0.00526	0.00377	0.00333	0.00094	0.04272	0.00250	0.00228	0.00509
20	0.00928	0.14845	0.08806	0.00678	0.01000	0.00782	0.02469	0.08210	0.05800	0.07858	0.00769	0.00849	0.00605	0.01547	0.00335	0.00085	0.01661	0.00263	0.00241	0.42267
21	0.02672	0.00976	0.01102	0.01884	0.04139	0.16109	0.12199	0.18194	0.13779	0.14488	0.03814	0.01125	0.02766	0.00440	0.00381	0.00113	0.01678	0.00366	0.03248	0.00527
22	0.00638	0.00319	0.00478	0.00478	0.00478	0.00319	0.00319	0.00478	0.00478	0.00638	0.00638	0.01116	0.00638	0.01276	0.01435	0.89314	0.00319	0.00319	0.00159	0.00159
23	0.00749	0.02891	0.74345	0.01061	0.01573	0.00859	0.07582	0.01171	0.02730	0.01166	0.00735	0.00850	0.01926	0.00359	0.00356	0.00117	0.00535	0.00295	0.00166	0.00535
24	0.00676	0.00522	0.00577	0.00529	0.00675	0.00529	0.00405	0.04898	0.22681	0.04551	0.20045	0.02490	0.32963	0.04081	0.02608	0.00142	0.00252	0.00602	0.00361	0.00413
25	0.00694	0.00653	0.01102	0.86210	0.02530	0.00816	0.01020	0.00938	0.00734	0.00938	0.00653	0.00979	0.00490	0.00367	0.00367	0.00122	0.00490	0.00326	0.00163	0.00408
26	0.00804	0.00804	0.01125	0.00964	0.00964	0.01125	0.00804	0.00884	0.00562	0.00884	0.00482	0.00804	0.00482	0.00643	0.01205	0.00161	0.86420	0.00321	0.00161	0.00402
27	0.87904	0.00709	0.00546	0.00486	0.00715	0.00818	0.00401	0.01094	0.00634	0.03337	0.00530	0.00610	0.00408	0.00343	0.00230	0.00114	0.00285	0.00202	0.00232	0.00402
28	0.01596	0.00683	0.00885	0.00681	0.00965	0.00629	0.00562	0.12618	0.03232	0.72003	0.01375	0.01204	0.00877	0.00454	0.00369	0.00113	0.00324	0.00365	0.00441	0.00624
29	0.04129	0.00643	0.00833	0.00647	0.00918	0.00586	0.00532	0.07736	0.02148	0.70607	0.02225	0.01227	0.00904	0.00453	0.00360	0.00112	0.00310	0.00364	0.04666	0.00601
30	0.00538	0.00369	0.00493	0.00560	0.00621	0.00349	0.00427	0.00643	0.00774	0.04081	0.02111	0.49599	0.08797	0.01062	0.00475	0.00152	0.00256	0.28023	0.00344	0.00324
31	0.68096	0.00685	0.00601	0.00518	0.00748	0.00758	0.00425	0.03244	0.00745	0.15005	0.05651	0.00836	0.00667	0.00386	0.00266	0.00114	0.00285	0.00257	0.00278	0.00437
32	0.00446	0.00326	0.00420	0.00495	0.00528	0.00300	0.00334	0.00513	0.00719	0.00944	0.02226	0.76924	0.12227	0.01124	0.00465	0.00146	0.00210	0.01012	0.00341	0.00300
33	0.00689	0.00634	0.01018	0.68989	0.03820	0.00768	0.00925	0.00968	0.05846	0.00992	0.00946	0.02525	0.04642	0.00451	0.00380	0.00125	0.00449	0.05219	0.00198	0.00412
34	0.00770	0.06280	0.74384	0.00995	0.01509	0.00875	0.01256	0.03552	0.00801	0.01183	0.00658	0.00768	0.00474	0.00346	0.00340	0.00111	0.00518	0.00267	0.00164	0.04749
35	0.00460	0.00350	0.00424	0.00454	0.00524	0.00314	0.00322	0.00560	0.00827	0.01082	0.22141	0.39600	0.29647	0.00984	0.00449	0.00133	0.00195	0.00866	0.00356	0.00314
36	0.00465	0.00350	0.00427	0.00472	0.00533	0.00318	0.00336	0.00552	0.00774	0.01002	0.09844	0.44238	0.26681	0.05523	0.00531	0.00151	0.00218	0.06938	0.00340	0.00305
37	0.00807	0.00769	0.01306	0.42022	0.45831	0.00846	0.01076	0.01038	0.00788	0.01076	0.00673	0.00942	0.00538	0.00346	0.00365	0.00115	0.00462	0.00327	0.00173	0.00499
38	0.00743	0.00575	0.00805	0.03466	0.16533	0.00584	0.01559	0.07702	0.03686	0.05722	0.29594	0.10733	0.09000	0.02172	0.02123	0.00134	0.03550	0.00565	0.00323	0.00431
39	0.00825	0.00836	0.01429	0.01126	0.01269	0.00989	0.29454	0.01021	0.03843	0.02651	0.00721	0.05994	0.00656	0.00548	0.00846	0.00145	0.46606	0.00408	0.00194	0.00439
40	0.75533	0.00711	0.00597	0.00517	0.00753	0.00801	0.00426	0.03465	0.02132	0.11316	0.00647	0.00693	0.00476	0.00360	0.00250	0.00114	0.00291	0.00226	0.00260	0.00433
41	0.07822	0.03282	0.01009	0.07711	0.14189	0.01449	0.01614	0.18129	0.05230	0.19468	0.02735	0.02162	0.00810	0.05153	0.01263	0.00131	0.03182	0.01666	0.00301	0.02691
42	0.54008	0.00799	0.00690	0.00592	0.00806	0.05384	0.00481	0.18217	0.00883	0.01671	0.00657	0.00762	0.00513	0.01536	0.01800	0.00123	0.03593	0.00251	0.06794	0.00439

[dist]
# distance from previous block
# <min> <max>
1	12

[block]
# block no. 2 follows, 75 sequences, length 53
# corresponding to MSA columns:
# 1048-1056,1059-1102
name=unknown_C
#
# <colnr> <probs for GDERKNQSTAVLIFYWHMCP>
#	G	D	E	R	K	N	Q	S	T	A	V	L	I	F	Y	W	H	M	C	P
0	0.01040	0.35295	0.12051	0.05205	0.01138	0.10781	0.04126	0.01207	0.00821	0.14343	0.00776	0.03873	0.00641	0.02503	0.01454	0.00114	0.03632	0.00300	0.00218	0.00481
1	0.00952	0.02179	0.12807	0.05512	0.07152	0.06911	0.04588	0.06869	0.03599	0.16195	0.06726	0.08815	0.08502	0.00556	0.00432	0.00121	0.05221	0.02091	0.00290	0.00481
2	0.04227	0.01515	0.00881	0.20230	0.03712	0.09563	0.04165	0.01064	0.01750	0.16757	0.01196	0.23693	0.01135	0.01493	0.00434	0.00128	0.03568	0.02108	0.01953	0.00428
3	0.01121	0.01335	0.01056	0.00940	0.01052	0.49884	0.00736	0.01212	0.00840	0.00891	0.00550	0.00746	0.00493	0.00569	0.03859	0.00139	0.33710	0.00275	0.00179	0.00413
4	0.01869	0.00900	0.09235	0.19370	0.16553	0.03182	0.16083	0.04555	0.03896	0.06775	0.04933	0.02633	0.00770	0.01446	0.01494	0.00126	0.02856	0.00374	0.00225	0.02724
5	0.04234	0.00746	0.04198	0.25993	0.20581	0.00740	0.07560	0.03775	0.00869	0.14274	0.06049	0.03416	0.03334	0.00430	0.00373	0.00117	0.00410	0.00388	0.02025	0.00489
6	0.00756	0.00439	0.00570	0.00538	0.00592	0.01759	0.00381	0.06090	0.05917	0.05392	0.00827	0.03349	0.00771	0.05367	0.05009	0.61054	0.00357	0.00359	0.00212	0.00260
7	0.00539	0.00360	0.00447	0.00499	0.00549	0.00353	0.00353	0.02432	0.02681	0.01072	0.01790	0.55999	0.02786	0.02745	0.02592	0.00151	0.00241	0.05979	0.18110	0.00323
8	0.01895	0.32078	0.32415	0.00857	0.01226	0.13917	0.00918	0.08540	0.00883	0.01118	0.00606	0.00701	0.00483	0.00357	0.00328	0.00100	0.02650	0.00245	0.00181	0.00502
9	0.01024	0.72235	0.06128	0.00671	0.00984	0.04841	0.00667	0.01157	0.00775	0.06146	0.00579	0.00647	0.00499	0.00334	0.00273	0.00085	0.02081	0.00215	0.00177	0.00481
10	0.00489	0.00343	0.00446	0.00510	0.00557	0.00318	0.00360	0.00574	0.00753	0.02680	0.06168	0.64429	0.10565	0.01074	0.00462	0.00145	0.00221	0.08129	0.01462	0.00312
11	0.07083	0.00656	0.00824	0.00647	0.00913	0.00609	0.00530	0.10086	0.02554	0.63705	0.01462	0.03025	0.05230	0.00486	0.00366	0.00115	0.00311	0.00390	0.00422	0.00587
12	0.00837	0.00498	0.00586	0.05862	0.00764	0.00510	0.00427	0.01898	0.16194	0.14387	0.08625	0.06992	0.07162	0.00550	0.00345	0.00109	0.00241	0.00461	0.33117	0.00432
13	0.00752	0.00732	0.01181	0.61758	0.14117	0.04152	0.05484	0.00987	0.00784	0.01015	0.05018	0.01049	0.00660	0.00379	0.00372	0.00119	0.00479	0.00346	0.00181	0.00435
14	0.00458	0.00334	0.00424	0.00488	0.00526	0.00309	0.00332	0.00528	0.00723	0.00947	0.04172	0.64154	0.14033	0.07290	0.00565	0.00160	0.00223	0.03701	0.00334	0.00297
15	0.00575	0.00362	0.00428	0.00461	0.00529	0.00345	0.00326	0.01787	0.02557	0.03903	0.01953	0.46873	0.11909	0.00874	0.00398	0.00126	0.00206	0.00769	0.25284	0.00333
16	0.00777	0.00556	0.04897	0.00494	0.00643	0.00530	0.00408	0.06225	0.16889	0.02390	0.02151	0.01390	0.03216	0.01286	0.00314	0.00100	0.00232	0.00369	0.56714	0.00418
17	0.00495	0.00369	0.00461	0.00458	0.00544	0.00335	0.00341	0.00637	0.00946	0.01288	0.53826	0.14186	0.20033	0.00851	0.00441	0.00124	0.00187	0.03764	0.00380	0.00332
18	0.00499	0.00341	0.00411	0.00445	0.00454	0.00333	0.00270	0.00525	0.00602	0.00803	0.01508	0.36529	0.01777	0.52364	0.01303	0.00272	0.00298	0.00740	0.00270	0.00253
19	0.00971	0.00515	0.00669	0.00610	0.00773	0.00491	0.00498	0.04124	0.06214	0.29069	0.17080	0.07629	0.02628	0.00707	0.00419	0.00130	0.00281	0.22149	0.04584	0.00458
20	0.00463	0.00339	0.00464	0.04962	0.00640	0.00328	0.00380	0.00538	0.00709	0.00941	0.01973	0.79819	0.03344	0.01105	0.00464	0.00148	0.00229	0.02518	0.00332	0.00305
21	0.00982	0.87313	0.01925	0.00628	0.00943	0.01453	0.00628	0.01100	0.00746	0.00864	0.00511	0.00589	0.00471	0.00314	0.00236	0.00079	0.00393	0.00196	0.00157	0.00471
22	0.00693	0.00650	0.01096	0.83128	0.03705	0.00809	0.01010	0.00935	0.00733	0.00940	0.00660	0.00988	0.00500	0.00418	0.02200	0.00132	0.00499	0.00328	0.00164	0.00409
23	0.00531	0.00355	0.00402	0.00405	0.00406	0.00354	0.00227	0.00533	0.00541	0.00721	0.01190	0.05633	0.01377	0.83806	0.01816	0.00348	0.00351	0.00554	0.00227	0.00225
24	0.64733	0.00736	0.00642	0.00557	0.00791	0.00835	0.00454	0.06880	0.12029	0.08240	0.00743	0.00772	0.00551	0.00378	0.00268	0.00115	0.00295	0.00251	0.00275	0.00456
25	0.00982	0.87313	0.01925	0.00628	0.00943	0.01453	0.00628	0.01100	0.00746	0.00864	0.00511	0.00589	0.00471	0.00314	0.00236	0.00079	0.00393	0.00196	0.00157	0.00471
26	0.00528	0.00381	0.00526	0.00526	0.00569	0.00424	0.00379	0.00614	0.00571	0.00805	0.01043	0.01769	0.01060	0.31407	0.57179	0.00511	0.00771	0.00441	0.00206	0.00292
27	0.00671	0.00496	0.00576	0.00523	0.00645	0.02298	0.00399	0.10985	0.02426	0.03898	0.53462	0.08563	0.12143	0.00741	0.00423	0.00118	0.00223	0.00641	0.00384	0.00387
28	0.21309	0.00873	0.00878	0.00715	0.00950	0.04904	0.00580	0.43501	0.01229	0.06784	0.00833	0.00943	0.00639	0.03970	0.09140	0.00170	0.01449	0.00313	0.00307	0.00515
29	0.00976	0.85267	0.03920	0.00638	0.00958	0.01439	0.00646	0.01101	0.00747	0.00871	0.00514	0.00594	0.00471	0.00315	0.00238	0.00079	0.00396	0.00198	0.00157	0.00473
30	0.00972	0.00988	0.01303	0.01039	0.01290	0.12526	0.27071	0.05800	0.36432	0.01336	0.01087	0.01166	0.01805	0.00436	0.00423	0.00122	0.03938	0.01467	0.00279	0.00521
31	0.00703	0.00478	0.00594	0.00525	0.00651	0.00465	0.00405	0.11966	0.01133	0.06373	0.68522	0.02406	0.02935	0.00692	0.00421	0.00115	0.00212	0.00602	0.00402	0.00400
32	0.00540	0.00411	0.00539	0.00558	0.04932	0.00383	0.00393	0.00723	0.02615	0.01389	0.65945	0.02768	0.12852	0.00755	0.00431	0.00118	0.00197	0.03710	0.00382	0.00359
33	0.01580	0.00606	0.00821	0.00637	0.00907	0.00526	0.00523	0.01721	0.01031	0.79615	0.01452	0.03243	0.00946	0.00470	0.00367	0.00113	0.00304	0.00384	0.04147	0.00606
34	0.00762	0.00653	0.00762	0.00544	0.00870	0.00490	0.00435	0.00925	0.00762	0.01197	0.00653	0.00762	0.00544	0.00272	0.00272	0.00054	0.00272	0.00218	0.00218	0.89338
35	0.00491	0.00374	0.00451	0.00432	0.00531	0.00334	0.00324	0.00638	0.00972	0.01312	0.57627	0.03007	0.30546	0.00811	0.00433	0.00118	0.00178	0.00701	0.00383	0.00334
36	0.00694	0.00653	0.01102	0.86210	0.02530	0.00816	0.01020	0.00938	0.00734	0.00938	0.00653	0.00979	0.00490	0.00367	0.00367	0.00122	0.00490	0.00326	0.00163	0.00408
37	0.00737	0.01900	0.85189	0.01047	0.01590	0.00853	0.01357	0.01163	0.00775	0.01163	0.00659	0.00775	0.00465	0.00349	0.00349	0.00116	0.00543	0.00271	0.00155	0.00543
38	0.01110	0.00845	0.00913	0.00770	0.01008	0.00948	0.00616	0.27737	0.50455	0.07570	0.01308	0.01269	0.00971	0.00489	0.00374	0.00120	0.00329	0.02199	0.00377	0.00593
39	0.06126	0.00525	0.00655	0.00547	0.00739	0.00484	0.00436	0.03429	0.02111	0.38173	0.28053	0.01901	0.09567	0.00586	0.00382	0.00114	0.00250	0.00490	0.04955	0.00479
40	0.26942	0.00772	0.00836	0.00663	0.00932	0.00806	0.00546	0.25801	0.02676	0.34957	0.01012	0.00955	0.00681	0.00419	0.00328	0.00113	0.00331	0.00310	0.00362	0.00559
41	0.00858	0.00973	0.02112	0.05943	0.01951	0.00923	0.79187	0.01164	0.00860	0.01164	0.00738	0.00990	0.00554	0.00313	0.00430	0.00124	0.00612	0.00428	0.00185	0.00491
42	0.04309	0.00742	0.00808	0.00706	0.00922	0.00821	0.00555	0.04496	0.59836	0.14863	0.04942	0.01410	0.02938	0.00503	0.00371	0.00122	0.00291	0.00415	0.00382	0.00567
43	0.00460	0.00333	0.00438	0.00518	0.00552	0.00311	0.00360	0.00536	0.00725	0.00956	0.02124	0.73887	0.07594	0.01124	0.00470	0.00149	0.00223	0.08597	0.00341	0.00303
44	0.42343	0.00690	0.00724	0.00587	0.00845	0.00709	0.00484	0.06628	0.00897	0.41260	0.00980	0.00925	0.00655	0.00401	0.00304	0.00113	0.00305	0.00288	0.00344	0.00520
45	0.01278	0.00704	0.00862	0.00691	0.00932	0.00701	0.02107	0.23791	0.08524	0.37432	0.07480	0.06760	0.04260	0.00535	0.00382	0.00116	0.00317	0.00443	0.02125	0.00560
46	0.00508	0.00347	0.00458	0.00502	0.00553	0.00322	0.00352	0.00608	0.00810	0.03548	0.24174	0.57527	0.03919	0.01008	0.00454	0.00138	0.00207	0.02858	0.01384	0.00322
47	0.02834	0.00353	0.00451	0.00510	0.00557	0.00332	0.00355	0.00593	0.00733	0.04090	0.04017	0.65962	0.08058	0.04286	0.00510	0.00153	0.00228	0.05325	0.00339	0.00314
48	0.00723	0.00601	0.00906	0.07801	0.14791	0.00586	0.08717	0.04546	0.01606	0.05459	0.01717	0.17559	0.20599	0.04392	0.00481	0.00131	0.01906	0.00580	0.00276	0.06625
49	0.00747	0.02267	0.00990	0.00845	0.00873	0.00926	0.02068	0.00832	0.00581	0.01713	0.00633	0.01006	0.00614	0.04262	0.16374	0.03544	0.58905	0.00343	0.02099	0.00377
50	0.00547	0.00424	0.03645	0.00546	0.00628	0.00366	0.00434	0.00675	0.00801	0.03035	0.11651	0.37998	0.08415	0.01937	0.00466	0.00144	0.00251	0.21021	0.06683	0.00334
51	0.00941	0.23202	0.02009	0.00670	0.02476	0.04817	0.00560	0.08725	0.08393	0.03045	0.00727	0.00792	0.00589	0.00330	0.00288	0.00077	0.00342	0.00247	0.00232	0.41538
52	0.02452	0.17450	0.10556	0.10094	0.01230	0.05497	0.02931	0.16582	0.03926	0.07615	0.03544	0.01747	0.00688	0.00385	0.00327	0.00099	0.00404	0.00300	0.00250	0.13924

[dist]
# distance from previous block
# <min> <max>
3	4

[block]
# block no. 3 follows, 75 sequences, length 15
# corresponding to MSA columns:
# 1108-1122
name=unknown_D
#
# <colnr> <probs for GDERKNQSTAVLIFYWHMCP>
#	G	D	E	R	K	N	Q	S	T	A	V	L	I	F	Y	W	H	M	C	P
0	0.00671	0.00609	0.06642	0.05062	0.07385	0.00563	0.01583	0.02477	0.04390	0.05349	0.12783	0.17434	0.09824	0.02850	0.11939	0.00196	0.06440	0.03118	0.00286	0.00399
1	0.02389	0.04958	0.07676	0.05835	0.18135	0.02037	0.05128	0.10973	0.01849	0.10976	0.05943	0.05898	0.00880	0.00528	0.02111	0.01344	0.10437	0.00384	0.00255	0.02262
2	0.00587	0.00451	0.00525	0.00499	0.00621	0.00438	0.00384	0.00879	0.14750	0.03034	0.40280	0.02801	0.27077	0.00771	0.00427	0.00123	0.00209	0.05386	0.00378	0.00380
3	0.00664	0.00597	0.00727	0.00671	0.00717	0.07324	0.02928	0.00741	0.00619	0.00838	0.00959	0.08115	0.01013	0.27189	0.24978	0.00333	0.20599	0.00458	0.00206	0.00324
4	0.02755	0.08367	0.05940	0.21985	0.17576	0.07918	0.05363	0.11893	0.04888	0.02689	0.00715	0.00886	0.00559	0.00388	0.00411	0.00114	0.06526	0.00313	0.00212	0.00500
5	0.06110	0.00536	0.00571	0.00560	0.03755	0.04075	0.00407	0.04675	0.05338	0.07464	0.17863	0.06235	0.29243	0.02134	0.00413	0.00121	0.00248	0.01442	0.08419	0.00391
6	0.00456	0.00323	0.00424	0.00501	0.00520	0.00304	0.00329	0.00514	0.00687	0.00916	0.01940	0.78647	0.02323	0.09502	0.00605	0.00169	0.00227	0.00995	0.00329	0.00291
7	0.00688	0.02391	0.07622	0.02259	0.02621	0.07205	0.03659	0.02625	0.00765	0.01032	0.10959	0.14461	0.04522	0.02849	0.19420	0.00237	0.13939	0.02120	0.00244	0.00382
8	0.07031	0.07435	0.03382	0.28687	0.04111	0.00877	0.19119	0.05229	0.04185	0.05691	0.00801	0.00979	0.02306	0.00374	0.00381	0.00114	0.02883	0.00339	0.00214	0.05863
9	0.00522	0.00376	0.00509	0.00588	0.00649	0.00364	0.00467	0.00642	0.00785	0.01025	0.02089	0.38772	0.07388	0.01066	0.00487	0.00158	0.00276	0.43179	0.00340	0.00320
10	0.00531	0.00391	0.00468	0.00443	0.00551	0.00353	0.00334	0.00697	0.03033	0.03635	0.52148	0.02942	0.31520	0.00799	0.00430	0.00119	0.00184	0.00688	0.00383	0.00347
11	0.06025	0.03153	0.05625	0.11373	0.03774	0.03242	0.00615	0.00792	0.00756	0.01035	0.01477	0.22527	0.04217	0.04516	0.03341	0.00165	0.02008	0.24723	0.00271	0.00363
12	0.00855	0.01037	0.07102	0.01459	0.01818	0.02771	0.72351	0.01154	0.00854	0.01156	0.00772	0.03834	0.00611	0.00348	0.00442	0.00124	0.02197	0.00438	0.00189	0.00488
13	0.00960	0.28436	0.17106	0.05437	0.09141	0.07743	0.04349	0.10209	0.04560	0.01178	0.00730	0.00832	0.02178	0.00366	0.00330	0.00100	0.01511	0.00281	0.00202	0.04353
14	0.07735	0.34039	0.07060	0.00651	0.00888	0.07677	0.00588	0.05084	0.00768	0.02636	0.00695	0.02051	0.00647	0.12536	0.02266	0.03091	0.03949	0.00288	0.00198	0.07153

[dist]
# distance from previous block
# <min> <max>
1	25

[block]
# block no. 4 follows, 75 sequences, length 23
# corresponding to MSA columns:
# 1148-1170
name=unknown_E
#
# <colnr> <probs for GDERKNQSTAVLIFYWHMCP>
#	G	D	E	R	K	N	Q	S	T	A	V	L	I	F	Y	W	H	M	C	P
0	0.08658	0.00967	0.01008	0.14830	0.11964	0.21361	0.02975	0.05427	0.05981	0.02794	0.00825	0.05327	0.00718	0.00442	0.00378	0.00111	0.03277	0.03877	0.00229	0.08853
1	0.07379	0.00725	0.00959	0.04949	0.20719	0.03086	0.00687	0.05522	0.04269	0.04834	0.00807	0.02580	0.00697	0.04548	0.12465	0.00186	0.09724	0.00333	0.00225	0.15304
2	0.03703	0.00493	0.01876	0.00548	0.00710	0.00432	0.07968	0.00811	0.00903	0.07581	0.28720	0.02414	0.29103	0.00676	0.00397	0.00113	0.00242	0.00586	0.08467	0.04254
3	0.00638	0.00319	0.00478	0.00478	0.00478	0.00319	0.00319	0.00478	0.00478	0.00638	0.00638	0.01116	0.00638	0.01276	0.01435	0.89314	0.00319	0.00319	0.00159	0.00159
4	0.00950	0.01470	0.52333	0.01038	0.01485	0.00820	0.13229	0.03650	0.00863	0.17181	0.00824	0.00901	0.00568	0.00374	0.00388	0.00118	0.02719	0.00317	0.00223	0.00550
5	0.00870	0.00451	0.00595	0.00521	0.00669	0.00403	0.00404	0.01021	0.01008	0.28148	0.47221	0.07994	0.07802	0.00695	0.00415	0.00118	0.00221	0.00603	0.00412	0.00430
6	0.00781	0.00591	0.00827	0.33911	0.07747	0.00673	0.00685	0.02404	0.13608	0.03814	0.00996	0.01172	0.00760	0.00409	0.00331	0.00109	0.00341	0.00347	0.30058	0.00436
7	0.00806	0.00812	0.01170	0.00990	0.01006	0.01116	0.04408	0.00897	0.00576	0.00897	0.00493	0.00812	0.00485	0.00628	0.01172	0.00159	0.82679	0.00326	0.00162	0.00406
8	0.56216	0.00733	0.00693	0.00574	0.00824	0.00798	0.00473	0.12496	0.00879	0.22049	0.00790	0.00795	0.00553	0.00382	0.00281	0.00113	0.00307	0.00258	0.00302	0.00484
9	0.83218	0.00704	0.00563	0.00496	0.00727	0.00803	0.00408	0.01132	0.00656	0.07776	0.00580	0.00645	0.00435	0.00349	0.00238	0.00114	0.00286	0.00211	0.00244	0.00414
10	0.00513	0.00368	0.00501	0.00584	0.00636	0.00355	0.00454	0.00626	0.00771	0.01013	0.02028	0.47079	0.04227	0.01083	0.00486	0.00158	0.00270	0.38193	0.00340	0.00317
11	0.00455	0.00344	0.00420	0.00468	0.00530	0.00310	0.00330	0.00541	0.00781	0.01010	0.10311	0.50404	0.28170	0.01040	0.00456	0.00139	0.00205	0.03432	0.00347	0.00308
12	0.89687	0.00710	0.00540	0.00483	0.00710	0.00824	0.00398	0.01080	0.00625	0.01648	0.00511	0.00597	0.00398	0.00341	0.00227	0.00114	0.00284	0.00199	0.00227	0.00398
13	0.00464	0.00345	0.00434	0.00490	0.00545	0.00316	0.00349	0.00553	0.00776	0.01014	0.10243	0.53808	0.20394	0.01053	0.00461	0.00142	0.00214	0.07744	0.00347	0.00309
14	0.00779	0.00737	0.01247	0.46738	0.38222	0.00823	0.01043	0.01006	0.00778	0.01052	0.00717	0.03933	0.00597	0.00377	0.00369	0.00118	0.00457	0.00352	0.00177	0.00480
15	0.00525	0.00391	0.00576	0.00576	0.00637	0.00452	0.00442	0.00647	0.00586	0.00842	0.00997	0.01513	0.00949	0.08951	0.79482	0.00573	0.00938	0.00404	0.00199	0.00320
16	0.00561	0.00589	0.13396	0.00562	0.00671	0.00418	0.00472	0.00677	0.01878	0.02178	0.12531	0.32650	0.01823	0.22408	0.00863	0.06742	0.00304	0.00676	0.00280	0.00322
17	0.00577	0.00398	0.00518	0.00489	0.00586	0.00371	0.00375	0.02107	0.01032	0.04351	0.72183	0.02784	0.05311	0.00759	0.00435	0.00120	0.00194	0.06652	0.00399	0.00359
18	0.02777	0.00742	0.03091	0.00701	0.00977	0.00691	0.00590	0.21227	0.02867	0.53892	0.05177	0.01294	0.00980	0.00477	0.00373	0.00115	0.00334	0.02683	0.00415	0.00597
19	0.00532	0.00393	0.00492	0.00464	0.00562	0.00364	0.00352	0.02839	0.01021	0.01410	0.67641	0.02856	0.15840	0.00778	0.00434	0.00118	0.00186	0.02978	0.00392	0.00348
20	0.00749	0.00710	0.01202	0.64553	0.23752	0.00831	0.01048	0.00987	0.00761	0.01006	0.00663	0.00961	0.00513	0.00357	0.00366	0.00119	0.00476	0.00327	0.00168	0.00453
21	0.03737	0.04025	0.02140	0.01226	0.25027	0.11434	0.05799	0.07182	0.21647	0.03903	0.03353	0.01111	0.02945	0.00469	0.02179	0.00122	0.01362	0.00357	0.00263	0.01718
22	0.00969	0.70781	0.06285	0.00697	0.01008	0.04532	0.02742	0.01129	0.02750	0.00913	0.00552	0.00641	0.00491	0.00332	0.00284	0.00085	0.03065	0.00217	0.00165	0.02360

[dist]
# distance from previous block
# <min> <max>
2	89

[block]
# block no. 5 follows, 75 sequences, length 17
# corresponding to MSA columns:
# 1260-1276
name=unknown_F
#
# <colnr> <probs for GDERKNQSTAVLIFYWHMCP>
#	G	D	E	R	K	N	Q	S	T	A	V	L	I	F	Y	W	H	M	C	P
0	0.00552	0.00463	0.05140	0.00576	0.00668	0.00392	0.00466	0.02149	0.00796	0.03230	0.08100	0.41592	0.09191	0.01091	0.05447	0.00171	0.00305	0.18998	0.00330	0.00341
1	0.00463	0.00343	0.00430	0.00489	0.00539	0.00316	0.00344	0.00543	0.00747	0.00969	0.04758	0.55529	0.20046	0.04916	0.00526	0.00154	0.00223	0.08025	0.00337	0.00302
2	0.01018	0.49352	0.05733	0.08018	0.06796	0.06041	0.04154	0.12908	0.00915	0.01130	0.00608	0.00715	0.00506	0.00343	0.00293	0.00093	0.00437	0.00251	0.00192	0.00497
3	0.35365	0.19679	0.02324	0.04347	0.03888	0.07126	0.01539	0.04602	0.04386	0.03489	0.00744	0.00820	0.03685	0.00375	0.00290	0.00103	0.01436	0.00259	0.00224	0.05319
4	0.00520	0.00391	0.00484	0.00462	0.00557	0.00363	0.00346	0.00713	0.04636	0.01374	0.64168	0.06583	0.16456	0.00787	0.00432	0.00119	0.00182	0.00688	0.00390	0.00349
5	0.00552	0.00413	0.00503	0.00488	0.00589	0.00398	0.00365	0.00770	0.08601	0.02972	0.40755	0.12477	0.21319	0.00964	0.07013	0.00159	0.00257	0.00684	0.00365	0.00359
6	0.04977	0.20513	0.09364	0.08586	0.09164	0.13849	0.02918	0.10842	0.02398	0.10134	0.00764	0.02087	0.00595	0.00381	0.00326	0.00104	0.00447	0.00293	0.01754	0.00505
7	0.01193	0.00563	0.00715	0.00599	0.00811	0.00517	0.00487	0.06312	0.03820	0.46206	0.05705	0.04485	0.12852	0.00606	0.00390	0.00120	0.00284	0.07994	0.05827	0.00513
8	0.00840	0.00465	0.00601	0.00521	0.00669	0.00425	0.00406	0.04105	0.01058	0.23124	0.55470	0.02330	0.07144	0.00672	0.00414	0.00115	0.00219	0.00581	0.00412	0.00427
9	0.00505	0.00386	0.00509	0.00549	0.00621	0.00364	0.02469	0.00631	0.02679	0.01019	0.04969	0.40354	0.19659	0.03201	0.00502	0.00152	0.00252	0.20524	0.00336	0.00321
10	0.00734	0.00704	0.03052	0.05315	0.17849	0.07231	0.00667	0.04178	0.04180	0.01068	0.03375	0.22653	0.04361	0.02092	0.13441	0.00201	0.07695	0.00540	0.00249	0.00416
11	0.84579	0.00718	0.00566	0.00499	0.00730	0.00827	0.00411	0.03764	0.00672	0.03805	0.00547	0.00623	0.00418	0.00347	0.00235	0.00114	0.00289	0.00208	0.00238	0.00411
12	0.00447	0.00320	0.00426	0.00511	0.00533	0.00298	0.00341	0.00511	0.00703	0.00938	0.02024	0.86853	0.02429	0.01151	0.00469	0.00149	0.00213	0.01044	0.00341	0.00298
13	0.25146	0.02091	0.02303	0.19375	0.18181	0.07028	0.04086	0.04111	0.01986	0.09202	0.00708	0.00853	0.00537	0.00369	0.00347	0.00114	0.02565	0.00292	0.00225	0.00478
14	0.00959	0.51407	0.16714	0.00854	0.01197	0.09537	0.10921	0.01152	0.00792	0.00960	0.00571	0.00683	0.00481	0.00333	0.00308	0.00094	0.02150	0.00245	0.00163	0.00481
15	0.02352	0.05877	0.01105	0.03516	0.07121	0.03678	0.07055	0.14871	0.03655	0.08827	0.00887	0.02354	0.01597	0.05381	0.04175	0.01536	0.18478	0.03080	0.00252	0.04202
16	0.01013	0.80429	0.01853	0.00654	0.00958	0.08225	0.00635	0.01129	0.00770	0.00867	0.00515	0.00595	0.00471	0.00319	0.00243	0.00080	0.00414	0.00200	0.00160	0.00468

[dist]
# distance from previous block
# <min> <max>
0	1

[block]
# block no. 6 follows, 75 sequences, length 23
# corresponding to MSA columns:
# 1278-1300
name=unknown_G
#
# <colnr> <probs for GDERKNQSTAVLIFYWHMCP>
#	G	D	E	R	K	N	Q	S	T	A	V	L	I	F	Y	W	H	M	C	P
0	0.00982	0.87313	0.01925	0.00628	0.00943	0.01453	0.00628	0.01100	0.00746	0.00864	0.00511	0.00589	0.00471	0.00314	0.00236	0.00079	0.00393	0.00196	0.00157	0.00471
1	0.00972	0.83685	0.05461	0.00646	0.00970	0.01428	0.00659	0.01102	0.00748	0.00877	0.00517	0.00597	0.00471	0.00316	0.00240	0.00080	0.00399	0.00200	0.00157	0.00474
2	0.00515	0.00375	0.00484	0.00457	0.00546	0.00345	0.00343	0.00684	0.01029	0.01447	0.80209	0.02787	0.07880	0.00761	0.00433	0.00116	0.00174	0.00670	0.00401	0.00345
3	0.00747	0.00741	0.01357	0.61796	0.08843	0.00844	0.18402	0.01003	0.00770	0.01009	0.00675	0.00976	0.00511	0.00352	0.00381	0.00122	0.00513	0.00349	0.00169	0.00440
4	0.04088	0.00854	0.00977	0.00757	0.01041	0.00892	0.00623	0.46066	0.05615	0.33541	0.01116	0.01037	0.00751	0.00446	0.00364	0.00112	0.00360	0.00346	0.00397	0.00616
5	0.00682	0.00468	0.03792	0.00509	0.00641	0.00392	0.00411	0.00859	0.01027	0.12970	0.68369	0.02477	0.04558	0.00698	0.00421	0.00115	0.00207	0.00611	0.00400	0.00392
6	0.04768	0.00771	0.00930	0.00715	0.01001	0.00763	0.00591	0.30774	0.01275	0.52666	0.01214	0.01096	0.00790	0.00446	0.00363	0.00112	0.00344	0.00349	0.00415	0.00617
7	0.01587	0.00667	0.00871	0.00674	0.00955	0.00609	0.00555	0.08454	0.05624	0.73781	0.01405	0.01227	0.00898	0.00456	0.00369	0.00114	0.00319	0.00369	0.00443	0.00623
8	0.06808	0.00739	0.00881	0.00695	0.00958	0.00737	0.00568	0.27734	0.02761	0.45759	0.01255	0.07503	0.00905	0.00496	0.00368	0.00115	0.00332	0.00398	0.00403	0.00586
9	0.00911	0.00623	0.00689	0.00615	0.00802	0.00660	0.00482	0.01501	0.42947	0.15415	0.03829	0.01830	0.15994	0.00578	0.00376	0.00119	0.00262	0.02332	0.09528	0.00505
10	0.00453	0.00324	0.00433	0.00518	0.00541	0.00303	0.00351	0.00521	0.00709	0.00944	0.02021	0.83676	0.02417	0.01145	0.00470	0.00150	0.00218	0.04166	0.00341	0.00300
11	0.00593	0.00477	0.00560	0.00535	0.00655	0.00469	0.02287	0.06176	0.13185	0.01216	0.14076	0.25014	0.31643	0.00854	0.00430	0.00129	0.00231	0.00741	0.00353	0.00377
12	0.00787	0.00668	0.00775	0.00556	0.00881	0.00516	0.00446	0.04284	0.00801	0.01242	0.00662	0.00766	0.00547	0.00279	0.00276	0.00057	0.00277	0.00222	0.00224	0.85732
13	0.00507	0.00382	0.00442	0.00437	0.00547	0.00336	0.00335	0.00631	0.00901	0.03465	0.28171	0.06317	0.47741	0.00877	0.00439	0.00126	0.00199	0.07450	0.00363	0.00332
14	0.01267	0.00642	0.00792	0.00651	0.00884	0.00628	0.00522	0.05124	0.22364	0.46603	0.09429	0.03483	0.02957	0.00519	0.00378	0.00117	0.00289	0.00431	0.02353	0.00567
15	0.14346	0.26318	0.06059	0.03167	0.13348	0.07369	0.03372	0.10017	0.00893	0.06711	0.01727	0.01913	0.00588	0.00375	0.00327	0.00103	0.02368	0.00280	0.00222	0.00497
16	0.00858	0.08015	0.39051	0.00907	0.02501	0.03730	0.03417	0.04539	0.05231	0.07632	0.03790	0.09890	0.00856	0.00487	0.00431	0.00120	0.07430	0.00386	0.00230	0.00500
17	0.00502	0.00354	0.00416	0.00433	0.00464	0.00340	0.00276	0.00546	0.00656	0.00866	0.08081	0.20634	0.13125	0.47303	0.02969	0.00264	0.00301	0.01929	0.00279	0.00264
18	0.03192	0.00399	0.00494	0.00465	0.00566	0.00374	0.00351	0.00737	0.02985	0.03345	0.67336	0.04683	0.12187	0.00755	0.00425	0.00117	0.00185	0.00659	0.00391	0.00355
19	0.01871	0.04705	0.13366	0.05299	0.18032	0.10608	0.04073	0.15508	0.15322	0.04791	0.00890	0.00963	0.01404	0.00399	0.00364	0.00112	0.01165	0.00328	0.00255	0.00545
20	0.02583	0.00583	0.02825	0.06993	0.02894	0.02408	0.04049	0.05580	0.07699	0.04189	0.02717	0.35029	0.03581	0.00915	0.05141	0.00163	0.02390	0.09562	0.00304	0.00396
21	0.00715	0.04058	0.04309	0.29193	0.06314	0.08136	0.03496	0.02527	0.00776	0.00990	0.01110	0.28473	0.01154	0.04136	0.00451	0.00133	0.00403	0.00550	0.00232	0.02845
22	0.01684	0.00798	0.04228	0.01511	0.03651	0.06082	0.03323	0.08907	0.03325	0.01262	0.00823	0.07972	0.00735	0.02376	0.00353	0.00087	0.00337	0.00325	0.00240	0.51979

[dist]
# distance from previous block
# <min> <max>
1	5

[block]
# block no. 7 follows, 75 sequences, length 14
# corresponding to MSA columns:
# 1318-1331
name=unknown_H
#
# <colnr> <probs for GDERKNQSTAVLIFYWHMCP>
#	G	D	E	R	K	N	Q	S	T	A	V	L	I	F	Y	W	H	M	C	P
0	0.10303	0.30439	0.08780	0.02116	0.06299	0.06052	0.03533	0.04586	0.00816	0.06071	0.00639	0.00737	0.00517	0.00348	0.00330	0.00094	0.04293	0.00249	0.00204	0.13595
1	0.10957	0.15974	0.07512	0.11039	0.05429	0.03320	0.04175	0.04671	0.11693	0.06065	0.03361	0.06804	0.05106	0.00471	0.00356	0.00113	0.01851	0.00381	0.00252	0.00471
2	0.00462	0.00337	0.00435	0.00487	0.00532	0.00310	0.00336	0.00552	0.00788	0.01057	0.19806	0.60635	0.10820	0.01043	0.00458	0.00139	0.00202	0.00936	0.00354	0.00310
3	0.00479	0.00365	0.00444	0.00476	0.00548	0.00336	0.00341	0.00611	0.03640	0.01090	0.19804	0.40591	0.25358	0.00979	0.00450	0.00135	0.00204	0.03470	0.00355	0.00323
4	0.03186	0.14365	0.09509	0.00872	0.05490	0.13718	0.02986	0.13119	0.16038	0.04789	0.05972	0.02198	0.00888	0.00484	0.01757	0.00117	0.01413	0.02318	0.00270	0.00508
5	0.00712	0.00559	0.00722	0.00628	0.00791	0.00559	0.07106	0.05295	0.18825	0.05342	0.27434	0.04326	0.21433	0.00693	0.00418	0.00123	0.00264	0.03983	0.00362	0.00426
6	0.00479	0.00360	0.00446	0.00480	0.00546	0.00333	0.00341	0.00605	0.03138	0.01102	0.22796	0.44053	0.20160	0.00984	0.00451	0.00135	0.00202	0.02710	0.00357	0.00322
7	0.00631	0.00322	0.00473	0.00473	0.00473	0.00322	0.00312	0.00482	0.00482	0.00643	0.00674	0.01206	0.00686	0.07230	0.01466	0.83143	0.00322	0.00334	0.00164	0.00164
8	0.04618	0.28989	0.14716	0.03557	0.01133	0.07122	0.00756	0.20219	0.01020	0.08296	0.00812	0.00903	0.02609	0.00402	0.00332	0.00103	0.01790	0.01865	0.00243	0.00515
9	0.00917	0.00550	0.00585	0.00507	0.00658	0.00577	0.00399	0.24596	0.01053	0.05082	0.01157	0.05242	0.00919	0.00467	0.00303	0.00097	0.00246	0.00373	0.55839	0.00433
10	0.00452	0.00328	0.00418	0.00488	0.00519	0.00304	0.00326	0.00515	0.00706	0.00928	0.02151	0.71670	0.11467	0.07178	0.00564	0.00161	0.00220	0.00978	0.00333	0.00294
11	0.16472	0.03334	0.02946	0.01831	0.02339	0.00916	0.04835	0.30441	0.13842	0.07423	0.02506	0.02366	0.02997	0.00463	0.00369	0.00116	0.02436	0.01937	0.01903	0.00528
12	0.01047	0.33191	0.07383	0.04841	0.01235	0.16545	0.10150	0.11784	0.00925	0.01119	0.00610	0.00736	0.00503	0.00376	0.00392	0.00103	0.08115	0.00270	0.00194	0.00481
13	0.04678	0.00450	0.00591	0.00679	0.06474	0.00444	0.00463	0.06025	0.00818	0.04603	0.04130	0.54374	0.02017	0.00952	0.00444	0.00142	0.00264	0.11756	0.00333	0.00364

[dist]
# distance from previous block
# <min> <max>
0	1

[block]
# block no. 8 follows, 75 sequences, length 17
# corresponding to MSA columns:
# 1333-1349
name=unknown_I
#
# <colnr> <probs for GDERKNQSTAVLIFYWHMCP>
#	G	D	E	R	K	N	Q	S	T	A	V	L	I	F	Y	W	H	M	C	P
0	0.00982	0.87313	0.01925	0.00628	0.00943	0.01453	0.00628	0.01100	0.00746	0.00864	0.00511	0.00589	0.00471	0.00314	0.00236	0.00079	0.00393	0.00196	0.00157	0.00471
1	0.00967	0.82216	0.06894	0.00653	0.00981	0.01417	0.00672	0.01104	0.00748	0.00882	0.00519	0.00600	0.00471	0.00316	0.00242	0.00081	0.00402	0.00201	0.00157	0.00476
2	0.00447	0.00321	0.00424	0.00506	0.00531	0.00299	0.00339	0.00512	0.00708	0.00939	0.02084	0.83907	0.05336	0.01143	0.00468	0.00148	0.00212	0.01035	0.00341	0.00299
3	0.06571	0.00923	0.00980	0.00775	0.01042	0.01022	0.00634	0.59358	0.13249	0.05575	0.00987	0.00975	0.00710	0.00443	0.00354	0.00111	0.00365	0.00337	0.05001	0.00590
4	0.01450	0.00856	0.00983	0.00759	0.01042	0.00890	0.00625	0.48881	0.03796	0.32783	0.01184	0.01102	0.02972	0.00461	0.00370	0.00112	0.00361	0.00359	0.00399	0.00615
5	0.01408	0.01009	0.01090	0.00836	0.01129	0.01110	0.00691	0.79669	0.01695	0.06268	0.00909	0.00899	0.00638	0.00442	0.00368	0.00110	0.00400	0.00333	0.00372	0.00625
6	0.00760	0.00594	0.00665	0.00605	0.00765	0.00636	0.00466	0.01356	0.42640	0.05252	0.31024	0.02068	0.10385	0.00629	0.00401	0.00121	0.00240	0.00537	0.00385	0.00473
7	0.61845	0.00721	0.00662	0.00555	0.00801	0.00790	0.00457	0.08869	0.00822	0.20350	0.00755	0.00769	0.00533	0.00376	0.00272	0.00113	0.00302	0.00249	0.00291	0.00470
8	0.06028	0.06974	0.01074	0.03464	0.06984	0.05389	0.03482	0.27416	0.01120	0.20094	0.00921	0.01032	0.00693	0.06234	0.00499	0.00128	0.05443	0.00334	0.02161	0.00531
9	0.00544	0.00386	0.00470	0.00443	0.00550	0.00344	0.00334	0.00691	0.00977	0.05119	0.55499	0.02923	0.28775	0.00794	0.00431	0.00118	0.00184	0.00686	0.00387	0.00348
10	0.00581	0.00419	0.00576	0.00655	0.00742	0.00415	0.00570	0.00744	0.00845	0.01092	0.02070	0.04100	0.07958	0.01009	0.00502	0.00166	0.00327	0.76554	0.00338	0.00336
11	0.00997	0.70123	0.05535	0.00734	0.01057	0.04138	0.06533	0.05429	0.00817	0.00976	0.00555	0.00643	0.00485	0.00324	0.00265	0.00086	0.00425	0.00225	0.00171	0.00483
12	0.00451	0.00321	0.00425	0.00507	0.00527	0.00301	0.00336	0.00512	0.00696	0.00928	0.01989	0.83441	0.02385	0.04623	0.00525	0.00158	0.00219	0.01024	0.00336	0.00295
13	0.00449	0.00323	0.00423	0.00503	0.00528	0.00300	0.00335	0.00513	0.00705	0.00934	0.02074	0.81173	0.05892	0.03322	0.00503	0.00153	0.00216	0.01020	0.00338	0.00297
14	0.15893	0.00718	0.00841	0.00664	0.00935	0.00712	0.00546	0.15269	0.06978	0.51815	0.01205	0.01091	0.00794	0.00437	0.00346	0.00114	0.00322	0.00338	0.00397	0.00585
15	0.01082	0.00876	0.01234	0.03171	0.41056	0.07738	0.05174	0.05594	0.07493	0.17101	0.01049	0.01123	0.04819	0.00404	0.00370	0.00112	0.00417	0.00362	0.00266	0.00558
