[name]
unknown

[dist]
# distance from previous block
# <min> <max>
0	4

[block]
# block no. 0 follows, 56 sequences, length 26
# corresponding to MSA columns:
# 42-67
name=unknown_A
#
# <colnr> <probs for GDERKNQSTAVLIFYWHMCP>
#	G	D	E	R	K	N	Q	S	T	A	V	L	I	F	Y	W	H	M	C	P
0	0.01375	0.00858	0.01039	0.00916	0.01169	0.00888	0.00774	0.29192	0.02964	0.18286	0.01821	0.02923	0.01648	0.00858	0.00533	0.00170	0.00444	0.33044	0.00466	0.00629
1	0.01191	0.25482	0.42457	0.01097	0.01630	0.01321	0.01259	0.14059	0.01166	0.05068	0.00859	0.00950	0.00640	0.00448	0.00401	0.00131	0.00584	0.00330	0.00254	0.00674
2	0.01152	0.01116	0.01679	0.21366	0.49242	0.06741	0.02633	0.06529	0.02400	0.01495	0.00875	0.01144	0.00705	0.00438	0.00455	0.00140	0.00579	0.00405	0.00242	0.00664
3	0.01243	0.00642	0.00828	0.00701	0.00922	0.00596	0.00553	0.02710	0.07568	0.32316	0.40616	0.02573	0.05233	0.00773	0.00504	0.00145	0.00300	0.00662	0.00523	0.00594
4	0.03206	0.01039	0.04966	0.43342	0.02645	0.01088	0.28184	0.01345	0.04429	0.01340	0.00890	0.01221	0.00671	0.00450	0.00516	0.00155	0.03271	0.00452	0.00227	0.00563
5	0.00655	0.00466	0.00611	0.00622	0.00668	0.00496	0.00434	0.00742	0.00741	0.01015	0.01582	0.07620	0.04451	0.38558	0.35403	0.00531	0.00753	0.04019	0.00286	0.00349
6	0.00971	0.00746	0.01214	0.03969	0.01274	0.00793	0.15309	0.08242	0.00984	0.08294	0.01199	0.01643	0.01028	0.06465	0.43804	0.00477	0.02288	0.00496	0.00290	0.00513
7	0.00634	0.00500	0.00772	0.03383	0.00927	0.00479	0.07385	0.00762	0.00917	0.01219	0.02325	0.65479	0.02713	0.01297	0.00583	0.00185	0.00338	0.09295	0.00402	0.00404
8	0.00921	0.02375	0.81487	0.01309	0.01987	0.01066	0.01696	0.01454	0.00969	0.01454	0.00824	0.00969	0.00582	0.00436	0.00436	0.00145	0.00678	0.00339	0.00194	0.00678
9	0.02759	0.01118	0.02243	0.22923	0.05478	0.01129	0.51751	0.04178	0.01072	0.01457	0.00897	0.01216	0.00675	0.00413	0.00509	0.00153	0.00705	0.00492	0.00234	0.00598
10	0.02249	0.00810	0.00935	0.00831	0.01054	0.00855	0.00679	0.25515	0.08262	0.10490	0.01757	0.07108	0.02639	0.02359	0.01799	0.00172	0.00412	0.19473	0.12006	0.00594
11	0.00627	0.00452	0.00558	0.00579	0.00672	0.00409	0.00416	0.00763	0.01063	0.03232	0.28654	0.31155	0.22507	0.04436	0.00628	0.00175	0.00255	0.02568	0.00450	0.00403
12	0.00958	0.04991	0.01047	0.00712	0.01106	0.00688	0.02188	0.01185	0.02764	0.01474	0.00936	0.02416	0.02283	0.00384	0.00353	0.00077	0.00354	0.00313	0.00277	0.75493
13	0.00947	0.02195	0.69023	0.01408	0.02052	0.01081	0.13979	0.01457	0.00987	0.01457	0.00840	0.01012	0.00600	0.00428	0.00453	0.00147	0.00694	0.00371	0.00200	0.00669
14	0.00577	0.00415	0.00540	0.00625	0.00665	0.00387	0.00425	0.00668	0.00910	0.01211	0.07874	0.66737	0.07040	0.06140	0.00683	0.00198	0.00277	0.03831	0.00423	0.00374
15	0.01072	0.12334	0.13013	0.17207	0.27671	0.04687	0.08956	0.02656	0.01024	0.01364	0.00968	0.01200	0.03817	0.00458	0.00456	0.00138	0.01719	0.00407	0.00226	0.00626
16	0.03613	0.52610	0.23484	0.00909	0.01344	0.01470	0.00992	0.01333	0.00934	0.01217	0.00848	0.07796	0.00791	0.00494	0.00357	0.00120	0.00518	0.00360	0.00218	0.00592
17	0.00587	0.00418	0.00556	0.00634	0.00664	0.00410	0.00426	0.00668	0.00831	0.01119	0.02207	0.61514	0.02594	0.12964	0.11836	0.00296	0.00421	0.01108	0.00382	0.00365
18	0.00929	0.08483	0.33899	0.01335	0.13374	0.01003	0.05898	0.01312	0.03555	0.01491	0.15438	0.01645	0.05653	0.00574	0.00496	0.00143	0.03399	0.00484	0.00279	0.00610
19	0.01033	0.10703	0.29240	0.16587	0.14145	0.03047	0.10835	0.03941	0.01034	0.01411	0.01957	0.01140	0.02025	0.00449	0.00444	0.00141	0.00621	0.00395	0.00224	0.00629
20	0.01148	0.01140	0.01760	0.09230	0.64855	0.06752	0.01340	0.01403	0.01035	0.01426	0.00835	0.01115	0.00702	0.00438	0.00507	0.00140	0.04865	0.00401	0.00225	0.00684
21	0.31894	0.01236	0.04937	0.01537	0.28774	0.11731	0.00968	0.08582	0.01073	0.01764	0.00776	0.00942	0.00622	0.00449	0.00419	0.00138	0.02942	0.00334	0.00268	0.00616
22	0.00575	0.00457	0.00518	0.00557	0.00662	0.00410	0.00397	0.00722	0.03858	0.01256	0.06144	0.36828	0.43478	0.01249	0.00558	0.00168	0.00251	0.01086	0.00430	0.00395
23	0.00662	0.00443	0.00502	0.00508	0.00509	0.00441	0.00286	0.00666	0.00679	0.00905	0.01503	0.07199	0.01740	0.79574	0.02246	0.00432	0.00436	0.00701	0.00286	0.00283
24	0.01340	0.06429	0.02622	0.00976	0.01282	0.04070	0.00795	0.24859	0.48218	0.02116	0.01508	0.01429	0.01126	0.00579	0.00451	0.00145	0.00434	0.00460	0.00435	0.00726
25	0.02526	0.01108	0.06800	0.10594	0.52246	0.01022	0.05567	0.01372	0.01026	0.02886	0.02335	0.01167	0.00770	0.00421	0.00447	0.00134	0.00543	0.00405	0.00239	0.08391

[dist]
# distance from previous block
# <min> <max>
0	22

[block]
# block no. 1 follows, 56 sequences, length 18
# corresponding to MSA columns:
# 90-107
name=unknown_B
#
# <colnr> <probs for GDERKNQSTAVLIFYWHMCP>
#	G	D	E	R	K	N	Q	S	T	A	V	L	I	F	Y	W	H	M	C	P
0	0.01166	0.24472	0.20378	0.03738	0.13042	0.13379	0.01097	0.02792	0.05858	0.01344	0.02236	0.03905	0.00812	0.00487	0.00421	0.00129	0.01867	0.00373	0.00242	0.02261
1	0.00930	0.02310	0.76974	0.01344	0.02011	0.01072	0.06144	0.01455	0.00976	0.01455	0.00830	0.00985	0.00588	0.00433	0.00442	0.00146	0.00684	0.00351	0.00196	0.00675
2	0.00589	0.00478	0.00525	0.00527	0.00664	0.00422	0.00394	0.00761	0.03567	0.01376	0.19230	0.11485	0.54179	0.01130	0.00546	0.00157	0.00241	0.02878	0.00443	0.00407
3	0.01270	0.01099	0.01462	0.18143	0.17009	0.06517	0.05672	0.17304	0.10045	0.06672	0.01134	0.02445	0.02156	0.00540	0.00539	0.00148	0.06425	0.00447	0.00322	0.00651
4	0.01384	0.06529	0.10517	0.01244	0.07494	0.03221	0.09455	0.28611	0.04834	0.10071	0.01235	0.03815	0.00996	0.00587	0.00489	0.00147	0.01894	0.06426	0.00368	0.00683
5	0.00551	0.00460	0.00481	0.00486	0.00628	0.00390	0.00361	0.00672	0.01051	0.01277	0.09767	0.10511	0.69453	0.01169	0.00546	0.00157	0.00234	0.00985	0.00432	0.00390
6	0.00917	0.00627	0.00765	0.00733	0.00899	0.00627	0.00582	0.04400	0.14530	0.09542	0.23915	0.10363	0.11301	0.00974	0.00542	0.00165	0.00322	0.17808	0.00469	0.00519
7	0.01226	0.01060	0.01713	0.15344	0.43175	0.01103	0.07977	0.11552	0.04077	0.06797	0.00990	0.01204	0.00764	0.00452	0.00464	0.00142	0.00554	0.00428	0.00285	0.00693
8	0.01073	0.01063	0.01908	0.18146	0.46286	0.01094	0.17416	0.01419	0.04336	0.01448	0.00910	0.01199	0.00727	0.00423	0.00474	0.00144	0.00598	0.00441	0.00234	0.00663
9	0.00867	0.00816	0.01377	0.82762	0.03162	0.01020	0.01275	0.01173	0.00918	0.01173	0.00816	0.01224	0.00612	0.00459	0.00459	0.00153	0.00612	0.00408	0.00204	0.00510
10	0.01294	0.01155	0.01333	0.05476	0.04279	0.06908	0.08100	0.19076	0.43213	0.01981	0.01441	0.01427	0.01077	0.00559	0.00468	0.00148	0.00485	0.00472	0.00405	0.00703
11	0.07677	0.29535	0.09031	0.02880	0.01343	0.09096	0.05877	0.01541	0.08023	0.08880	0.02720	0.01124	0.00839	0.00701	0.06672	0.00175	0.02649	0.00362	0.00279	0.00596
12	0.00680	0.00474	0.00569	0.00561	0.00572	0.00501	0.00347	0.00705	0.00678	0.00922	0.01384	0.02764	0.01557	0.69799	0.12939	0.00474	0.03866	0.00634	0.00271	0.00305
13	0.00921	0.02375	0.81487	0.01309	0.01987	0.01066	0.01696	0.01454	0.00969	0.01454	0.00824	0.00969	0.00582	0.00436	0.00436	0.00145	0.00678	0.00339	0.00194	0.00678
14	0.06057	0.00962	0.01185	0.03486	0.01215	0.03699	0.00852	0.06408	0.13503	0.07176	0.01110	0.04188	0.00972	0.00866	0.04789	0.00203	0.38570	0.03881	0.00312	0.00564
15	0.03646	0.00822	0.01232	0.37096	0.08344	0.00910	0.02946	0.05850	0.05392	0.13457	0.02504	0.07043	0.02938	0.00607	0.00473	0.00153	0.00498	0.03741	0.01771	0.00580
16	0.00564	0.00422	0.00524	0.00591	0.00657	0.00382	0.00408	0.00666	0.00960	0.01253	0.10536	0.56473	0.22250	0.01323	0.00571	0.00175	0.00253	0.01177	0.00434	0.00382
17	0.04225	0.01076	0.01022	0.00914	0.02360	0.22139	0.05810	0.03267	0.04635	0.12930	0.10795	0.12799	0.14573	0.00779	0.00487	0.00145	0.00472	0.00652	0.00387	0.00534

[dist]
# distance from previous block
# <min> <max>
3	5

[block]
# block no. 2 follows, 56 sequences, length 28
# corresponding to MSA columns:
# 114-141
name=unknown_C
#
# <colnr> <probs for GDERKNQSTAVLIFYWHMCP>
#	G	D	E	R	K	N	Q	S	T	A	V	L	I	F	Y	W	H	M	C	P
0	0.01236	0.05598	0.05411	0.13955	0.23824	0.03199	0.09303	0.20189	0.04632	0.01757	0.00938	0.01130	0.00726	0.00466	0.00475	0.00139	0.02438	0.00408	0.00288	0.03886
1	0.00972	0.00877	0.02623	0.01343	0.25086	0.00756	0.02701	0.01226	0.03509	0.03447	0.02675	0.03561	0.12025	0.00528	0.00425	0.00113	0.00402	0.00464	0.00298	0.36970
2	0.03735	0.04186	0.07628	0.08845	0.05972	0.11949	0.04420	0.11896	0.05115	0.12760	0.05626	0.01562	0.06024	0.04442	0.00537	0.00151	0.00518	0.00462	0.00346	0.03826
3	0.01211	0.77962	0.02282	0.00778	0.01155	0.01740	0.00766	0.01403	0.03893	0.01135	0.00716	0.00809	0.00641	0.00407	0.00302	0.00101	0.00476	0.00262	0.03373	0.00588
4	0.00667	0.00463	0.00606	0.00606	0.00641	0.00499	0.00409	0.00730	0.00695	0.00962	0.01330	0.02430	0.01414	0.46355	0.36511	0.03725	0.00780	0.00582	0.00261	0.00332
5	0.00846	0.00563	0.02032	0.00715	0.00849	0.00506	0.03385	0.01028	0.04080	0.12860	0.11289	0.39808	0.10220	0.04836	0.00631	0.00182	0.00320	0.04945	0.00440	0.00466
6	0.01021	0.03416	0.03010	0.46598	0.29072	0.04029	0.02546	0.01308	0.00985	0.02503	0.00840	0.01167	0.00658	0.00441	0.00452	0.00144	0.00594	0.00401	0.00219	0.00595
7	0.00695	0.00500	0.00747	0.00740	0.00830	0.00577	0.00577	0.00860	0.00754	0.03316	0.01246	0.01797	0.01147	0.03363	0.79759	0.00721	0.01206	0.00491	0.00255	0.00420
8	0.01123	0.00604	0.00730	0.00629	0.00851	0.00533	0.00495	0.04354	0.01215	0.28646	0.14887	0.05126	0.37147	0.00909	0.00513	0.00149	0.00296	0.00762	0.00488	0.00544
9	0.01152	0.06652	0.43613	0.03407	0.04662	0.03305	0.06133	0.04604	0.07464	0.10546	0.01073	0.01161	0.01834	0.00482	0.00460	0.00144	0.01963	0.00390	0.00277	0.00675
10	0.00675	0.00470	0.00665	0.00665	0.00717	0.00523	0.00483	0.00757	0.00705	0.00992	0.01231	0.02043	0.01231	0.22463	0.53567	0.10744	0.00945	0.00523	0.00248	0.00354
11	0.00921	0.02375	0.81487	0.01309	0.01987	0.01066	0.01696	0.01454	0.00969	0.01454	0.00824	0.00969	0.00582	0.00436	0.00436	0.00145	0.00678	0.00339	0.00194	0.00678
12	0.03111	0.04662	0.01034	0.06828	0.09755	0.03164	0.00772	0.06811	0.07742	0.06814	0.03377	0.03022	0.17430	0.00856	0.00514	0.00163	0.00420	0.22598	0.00385	0.00542
13	0.07517	0.09336	0.01365	0.05605	0.05101	0.48228	0.00874	0.07685	0.03157	0.04088	0.00844	0.02620	0.00695	0.00491	0.00408	0.00125	0.00677	0.00340	0.00272	0.00572
14	0.00579	0.00414	0.00550	0.00626	0.00670	0.00386	0.00428	0.00688	0.00969	0.01315	0.19258	0.66430	0.03313	0.01331	0.00576	0.00177	0.00256	0.01204	0.00443	0.00386
15	0.01098	0.25708	0.47341	0.01122	0.01648	0.03678	0.01315	0.01463	0.00971	0.05562	0.00806	0.00932	0.00615	0.00454	0.00460	0.00134	0.05512	0.00321	0.00216	0.00643
16	0.01397	0.07788	0.02769	0.07897	0.27430	0.05360	0.06336	0.02479	0.02388	0.24441	0.01177	0.03963	0.00898	0.00511	0.00485	0.00141	0.03084	0.00444	0.00334	0.00678
17	0.00559	0.00400	0.00533	0.00639	0.00666	0.00373	0.00426	0.00639	0.00879	0.01172	0.02530	0.83566	0.03036	0.01438	0.00586	0.00186	0.00266	0.01305	0.00426	0.00373
18	0.00841	0.00785	0.01291	0.69250	0.06090	0.00949	0.01171	0.01123	0.00932	0.01191	0.01211	0.01553	0.08635	0.00599	0.02428	0.00167	0.00586	0.00466	0.00228	0.00504
19	0.01125	0.00914	0.01390	0.22303	0.24706	0.05188	0.05549	0.01367	0.01066	0.12864	0.07003	0.08171	0.01260	0.00655	0.02161	0.00161	0.00532	0.02673	0.00313	0.00598
20	0.01068	0.00959	0.01564	0.02261	0.59696	0.00956	0.01183	0.04205	0.01092	0.02965	0.05443	0.08419	0.03056	0.00592	0.00482	0.00145	0.00487	0.04476	0.00288	0.00662
21	0.00881	0.00831	0.01403	0.78511	0.07301	0.01024	0.01282	0.01186	0.00925	0.01190	0.00819	0.01219	0.00618	0.00456	0.00459	0.00152	0.00608	0.00408	0.00205	0.00522
22	0.00958	0.00570	0.00709	0.00665	0.02187	0.00553	0.00500	0.04734	0.03752	0.13057	0.25242	0.03857	0.11457	0.02332	0.06741	0.04075	0.00361	0.02506	0.15252	0.00492
23	0.04417	0.02349	0.03902	0.14866	0.34576	0.09547	0.06294	0.06874	0.03614	0.07767	0.00954	0.01149	0.00735	0.00452	0.00449	0.00139	0.00576	0.00403	0.00276	0.00661
24	0.00928	0.00915	0.05154	0.68921	0.10728	0.01020	0.01292	0.01237	0.00943	0.03332	0.00847	0.01212	0.00636	0.00456	0.00458	0.00151	0.00603	0.00406	0.00215	0.00546
25	0.00634	0.00483	0.00613	0.04466	0.00828	0.00471	0.00494	0.03023	0.02315	0.01257	0.02793	0.47908	0.19967	0.02818	0.03591	0.00203	0.00334	0.06990	0.00408	0.00404
26	0.28214	0.03519	0.03289	0.06000	0.12822	0.08575	0.06175	0.05538	0.02813	0.01621	0.01076	0.13273	0.01020	0.03606	0.00486	0.00157	0.00482	0.00495	0.00293	0.00545
27	0.03313	0.03189	0.04268	0.04838	0.07231	0.02099	0.11636	0.01075	0.05200	0.01390	0.09856	0.13759	0.23682	0.00906	0.02338	0.00168	0.03460	0.00742	0.00348	0.00499

[dist]
# distance from previous block
# <min> <max>
2	26

[block]
# block no. 3 follows, 56 sequences, length 37
# corresponding to MSA columns:
# 176-212
name=unknown_D
#
# <colnr> <probs for GDERKNQSTAVLIFYWHMCP>
#	G	D	E	R	K	N	Q	S	T	A	V	L	I	F	Y	W	H	M	C	P
0	0.03799	0.45117	0.01811	0.00888	0.03217	0.03201	0.02014	0.06725	0.07022	0.13884	0.01055	0.03102	0.00867	0.00498	0.00372	0.00120	0.00465	0.02409	0.00311	0.03122
1	0.03121	0.00680	0.00974	0.00868	0.00947	0.00813	0.02929	0.02665	0.00776	0.06955	0.00978	0.01462	0.00898	0.05418	0.24843	0.20871	0.23684	0.00444	0.00253	0.00423
2	0.06764	0.01107	0.01209	0.00958	0.01284	0.03428	0.00783	0.43959	0.06856	0.21210	0.01302	0.03077	0.00935	0.00626	0.01860	0.00153	0.02862	0.00440	0.00457	0.00730
3	0.36351	0.00697	0.00648	0.00601	0.00807	0.00739	0.00475	0.04285	0.00963	0.03952	0.02396	0.07843	0.31292	0.02110	0.00494	0.00158	0.02927	0.02435	0.00364	0.00462
4	0.03587	0.01021	0.03625	0.03297	0.06830	0.00966	0.28523	0.08083	0.09284	0.05485	0.11172	0.01615	0.02963	0.02296	0.00524	0.00147	0.00526	0.00520	0.00335	0.09201
5	0.05912	0.00897	0.01512	0.42966	0.07365	0.00982	0.14003	0.03005	0.01029	0.13298	0.01044	0.04182	0.00795	0.00495	0.00468	0.00151	0.00573	0.00461	0.00282	0.00582
6	0.00910	0.00872	0.01424	0.62593	0.02727	0.01095	0.04453	0.01224	0.04028	0.01204	0.00827	0.01207	0.00645	0.00520	0.00637	0.00161	0.14321	0.00417	0.00215	0.00522
7	0.00652	0.00553	0.00726	0.00640	0.00817	0.00493	0.08357	0.00846	0.02898	0.01411	0.16273	0.03674	0.52639	0.00989	0.00524	0.00150	0.00286	0.00853	0.06789	0.00429
8	0.01743	0.00618	0.01825	0.00711	0.00812	0.03301	0.03036	0.00980	0.07865	0.02591	0.08557	0.21183	0.05439	0.24912	0.07345	0.00292	0.00453	0.07557	0.00365	0.00416
9	0.03100	0.00749	0.00967	0.00917	0.06222	0.03303	0.04987	0.07907	0.00955	0.09765	0.01310	0.05390	0.01291	0.36708	0.08313	0.00329	0.06433	0.00570	0.00315	0.00469
10	0.00555	0.00452	0.00492	0.00510	0.00635	0.00389	0.00372	0.00673	0.01035	0.01279	0.10882	0.20174	0.58559	0.01198	0.00551	0.00160	0.00238	0.01024	0.00433	0.00389
11	0.00663	0.00482	0.00619	0.00630	0.00654	0.00520	0.00424	0.00723	0.00733	0.01006	0.01589	0.20887	0.01796	0.42275	0.19094	0.00433	0.06071	0.00757	0.00300	0.00343
12	0.02351	0.30960	0.19855	0.07999	0.05909	0.05133	0.14700	0.04221	0.02358	0.01355	0.00797	0.00970	0.00634	0.00421	0.00405	0.00129	0.00607	0.00353	0.00221	0.00620
13	0.00934	0.00793	0.01311	0.69783	0.04734	0.00955	0.01181	0.01216	0.00945	0.06646	0.00999	0.06726	0.00812	0.00530	0.00468	0.00154	0.00572	0.00471	0.00244	0.00525
14	0.25125	0.00821	0.00949	0.00770	0.01086	0.00806	0.00634	0.07032	0.01201	0.48631	0.01493	0.04053	0.01061	0.00585	0.00424	0.00146	0.00386	0.03647	0.00473	0.00676
15	0.01003	0.00773	0.00849	0.00780	0.00980	0.00850	0.00599	0.01839	0.47321	0.04654	0.16141	0.07671	0.03344	0.00733	0.00473	0.00150	0.00312	0.00624	0.10293	0.00612
16	0.01133	0.01117	0.01486	0.34555	0.21955	0.13704	0.04986	0.05029	0.01091	0.03683	0.01039	0.03854	0.03370	0.00507	0.00462	0.00144	0.00602	0.00446	0.00253	0.00585
17	0.01068	0.01021	0.01739	0.23196	0.61160	0.01073	0.01375	0.01349	0.01013	0.01417	0.00851	0.01159	0.00698	0.00422	0.00456	0.00141	0.00562	0.00409	0.00221	0.00672
18	0.00701	0.00503	0.00611	0.00593	0.00599	0.00548	0.00377	0.00720	0.00680	0.00929	0.01366	0.05025	0.01551	0.66472	0.07099	0.02068	0.08933	0.00643	0.00271	0.00310
19	0.01038	0.00877	0.01166	0.06449	0.13123	0.00802	0.00775	0.03216	0.00983	0.04734	0.00861	0.01049	0.00707	0.00480	0.02230	0.00115	0.07657	0.00329	0.00271	0.53140
20	0.42694	0.02664	0.06740	0.00955	0.05376	0.03114	0.05266	0.14114	0.01088	0.06450	0.00850	0.00977	0.00646	0.00597	0.03009	0.03755	0.00483	0.00334	0.00309	0.00579
21	0.01295	0.66746	0.05110	0.00885	0.02743	0.01715	0.00844	0.13506	0.01127	0.01383	0.00721	0.00809	0.00621	0.00419	0.00328	0.00107	0.00501	0.00278	0.00238	0.00625
22	0.00654	0.00482	0.00652	0.00668	0.00760	0.00450	0.03218	0.00821	0.03410	0.03298	0.20261	0.47008	0.12536	0.01207	0.00564	0.00171	0.00278	0.02703	0.00442	0.00418
23	0.16732	0.11264	0.08658	0.04075	0.13520	0.02808	0.06229	0.07972	0.03876	0.14553	0.02714	0.01135	0.00817	0.00468	0.00408	0.00135	0.00492	0.00378	0.00320	0.03445
24	0.00698	0.00449	0.00579	0.00632	0.00690	0.00421	0.00428	0.00803	0.02247	0.07049	0.06440	0.59423	0.04393	0.12496	0.00809	0.00215	0.00298	0.01112	0.00421	0.00399
25	0.00797	0.00399	0.00598	0.00598	0.00598	0.00399	0.00399	0.00598	0.00598	0.00797	0.00797	0.01396	0.00797	0.01595	0.01794	0.86643	0.00399	0.00399	0.00199	0.00199
26	0.01106	0.09776	0.01179	0.03631	0.06770	0.00878	0.03962	0.11604	0.05262	0.11245	0.08219	0.12145	0.08367	0.01798	0.00522	0.00158	0.00412	0.11996	0.00400	0.00570
27	0.01212	0.01127	0.06349	0.04863	0.06754	0.02735	0.32754	0.08042	0.05872	0.11808	0.01282	0.05738	0.01055	0.00573	0.00527	0.00156	0.01862	0.06328	0.00328	0.00635
28	0.00694	0.00514	0.00751	0.00739	0.00816	0.00599	0.00569	0.00842	0.00740	0.02359	0.01231	0.01864	0.01167	0.09762	0.71014	0.00683	0.04493	0.00502	0.00252	0.00409
29	0.00586	0.00449	0.00507	0.00539	0.00651	0.00390	0.00387	0.00693	0.00999	0.03025	0.06042	0.32938	0.48683	0.01242	0.00556	0.00166	0.00248	0.01075	0.00432	0.00392
30	0.06114	0.10280	0.22936	0.04730	0.04157	0.12730	0.10988	0.01625	0.02158	0.15733	0.00976	0.01080	0.00711	0.00469	0.00466	0.00139	0.03412	0.00375	0.00283	0.00638
31	0.00727	0.00553	0.00726	0.00696	0.00745	0.00631	0.00504	0.00864	0.04437	0.01096	0.07027	0.03547	0.02610	0.31547	0.28352	0.04053	0.10636	0.00585	0.00284	0.00380
32	0.04059	0.00694	0.00900	0.00761	0.01018	0.00638	0.00609	0.04509	0.02843	0.48787	0.03575	0.16354	0.01606	0.00765	0.00481	0.00152	0.00358	0.05100	0.06143	0.00648
33	0.01024	0.00943	0.02689	0.23565	0.43117	0.00972	0.02333	0.03058	0.01027	0.03731	0.01178	0.09706	0.03546	0.00560	0.00473	0.00147	0.00524	0.00521	0.00263	0.00623
34	0.01296	0.04321	0.08066	0.17125	0.17344	0.03627	0.02814	0.17886	0.09007	0.09188	0.01066	0.01201	0.00794	0.00502	0.00492	0.00144	0.03716	0.00413	0.00322	0.00675
35	0.01104	0.03526	0.19723	0.15953	0.05167	0.09972	0.18416	0.03921	0.01072	0.04691	0.02916	0.01267	0.02698	0.00556	0.02463	0.00159	0.03334	0.00434	0.02031	0.00596
36	0.36083	0.02786	0.01333	0.02490	0.33580	0.02783	0.03477	0.04169	0.00998	0.07135	0.00838	0.00995	0.00655	0.00433	0.00385	0.00139	0.00469	0.00346	0.00281	0.00627

[dist]
# distance from previous block
# <min> <max>
2	7

[block]
# block no. 4 follows, 56 sequences, length 30
# corresponding to MSA columns:
# 221-250
name=unknown_E
#
# <colnr> <probs for GDERKNQSTAVLIFYWHMCP>
#	G	D	E	R	K	N	Q	S	T	A	V	L	I	F	Y	W	H	M	C	P
0	0.03641	0.01120	0.01575	0.04907	0.49931	0.07778	0.01167	0.06013	0.04657	0.06980	0.04847	0.01263	0.00938	0.00481	0.00480	0.00139	0.02685	0.00424	0.00289	0.00684
1	0.00822	0.00721	0.01137	0.08318	0.30675	0.00717	0.01969	0.01022	0.01026	0.01406	0.13406	0.24818	0.08829	0.00860	0.00517	0.00156	0.00399	0.02330	0.00343	0.00530
2	0.00649	0.00461	0.00575	0.00595	0.00681	0.00431	0.00421	0.00802	0.02792	0.03492	0.26641	0.33036	0.15807	0.08082	0.03204	0.00205	0.00295	0.00988	0.00437	0.00406
3	0.17282	0.01058	0.01222	0.07497	0.08325	0.07137	0.02974	0.16568	0.04280	0.12830	0.01023	0.01158	0.00774	0.00732	0.06232	0.00189	0.09370	0.00392	0.00337	0.00622
4	0.02775	0.04761	0.06396	0.23627	0.22086	0.06341	0.06792	0.06904	0.07524	0.03074	0.03327	0.01285	0.02136	0.00484	0.00454	0.00142	0.00565	0.00428	0.00273	0.00625
5	0.05666	0.00540	0.00613	0.00579	0.00731	0.00513	0.00442	0.00979	0.07091	0.03782	0.40676	0.03466	0.29945	0.00958	0.00521	0.00150	0.00249	0.02184	0.00463	0.00452
6	0.00669	0.00496	0.00635	0.00661	0.00718	0.00524	0.00470	0.00828	0.05118	0.01157	0.03318	0.28842	0.06194	0.21194	0.17992	0.00359	0.03723	0.04714	0.01998	0.00388
7	0.04952	0.03465	0.01152	0.00942	0.01233	0.13029	0.00755	0.17852	0.26225	0.17733	0.03657	0.01546	0.01174	0.00595	0.00453	0.00144	0.00468	0.03505	0.00436	0.00687
8	0.01378	0.03664	0.05240	0.20734	0.08256	0.09610	0.07553	0.22129	0.05303	0.10080	0.01045	0.01178	0.00763	0.00491	0.00456	0.00141	0.00579	0.00412	0.00329	0.00659
9	0.01387	0.00625	0.00846	0.00735	0.00958	0.00556	0.00581	0.01555	0.01207	0.43903	0.17983	0.18551	0.02263	0.00864	0.00514	0.00156	0.00333	0.05861	0.00517	0.00605
10	0.00600	0.00424	0.00535	0.00609	0.00672	0.00385	0.00418	0.00690	0.00925	0.03544	0.02936	0.65241	0.18618	0.01357	0.00574	0.00179	0.00263	0.01213	0.00430	0.00388
11	0.01179	0.01030	0.01778	0.31612	0.15526	0.02971	0.22201	0.05753	0.01108	0.10856	0.00985	0.01237	0.00725	0.00450	0.00480	0.00148	0.00618	0.00448	0.00273	0.00623
12	0.00639	0.00450	0.00605	0.00686	0.00731	0.00443	0.00491	0.00739	0.00894	0.02877	0.02350	0.61674	0.02742	0.05540	0.02966	0.00218	0.02937	0.12218	0.00409	0.00389
13	0.00997	0.00999	0.01462	0.01229	0.01261	0.01352	0.06443	0.01113	0.00728	0.01122	0.00658	0.01098	0.00650	0.03990	0.01471	0.00207	0.74088	0.00422	0.00206	0.00502
14	0.00981	0.00804	0.00940	0.00677	0.01074	0.00608	0.00541	0.01185	0.00963	0.03797	0.00864	0.00992	0.00708	0.00352	0.00343	0.00071	0.00338	0.00282	0.02782	0.81698
15	0.01331	0.01200	0.01138	0.07778	0.03187	0.18684	0.00814	0.07953	0.35721	0.08670	0.01490	0.05546	0.01187	0.00619	0.00464	0.00147	0.00499	0.02526	0.00395	0.00650
16	0.01298	0.01468	0.07512	0.04736	0.22515	0.25057	0.03136	0.10020	0.04516	0.01525	0.05346	0.02823	0.00942	0.00534	0.00528	0.00140	0.06584	0.00420	0.00280	0.00621
17	0.01125	0.00764	0.00910	0.00711	0.01021	0.00667	0.00567	0.09130	0.03182	0.14390	0.15219	0.01775	0.06706	0.00636	0.02263	0.00124	0.00354	0.00473	0.01937	0.38046
18	0.05651	0.29693	0.16098	0.01007	0.03277	0.02388	0.04893	0.07976	0.07161	0.06995	0.01020	0.01141	0.02043	0.00472	0.00390	0.00125	0.00506	0.01908	0.00285	0.06969
19	0.00687	0.00448	0.00579	0.00621	0.00690	0.00419	0.00429	0.00786	0.00935	0.06800	0.09898	0.50574	0.09762	0.09995	0.04927	0.00232	0.00335	0.01063	0.00419	0.00400
20	0.00769	0.00417	0.00626	0.00626	0.00643	0.00434	0.00434	0.00643	0.00626	0.00851	0.00884	0.01477	0.00868	0.01966	0.17886	0.69418	0.00565	0.00417	0.00209	0.00242
21	0.00577	0.00462	0.00517	0.00531	0.00653	0.00407	0.00388	0.00726	0.02523	0.01350	0.18255	0.20800	0.48847	0.01169	0.00550	0.00160	0.00239	0.01005	0.00442	0.00399
22	0.02067	0.00647	0.00791	0.00761	0.00900	0.00679	0.00590	0.17518	0.01155	0.03337	0.01952	0.23748	0.06699	0.05712	0.15554	0.02376	0.00531	0.13027	0.01478	0.00478
23	0.03838	0.00750	0.01047	0.00814	0.01131	0.00669	0.05140	0.01961	0.01240	0.60954	0.04746	0.01617	0.01225	0.00564	0.00446	0.00138	0.00381	0.00471	0.12164	0.00704
24	0.06664	0.00839	0.01076	0.00830	0.01182	0.00771	0.00685	0.10138	0.01372	0.68927	0.01674	0.01471	0.01065	0.00559	0.00452	0.00142	0.00401	0.00445	0.00542	0.00766
25	0.01134	0.03218	0.01659	0.17453	0.28583	0.03449	0.11921	0.08308	0.03306	0.04562	0.01008	0.01342	0.00818	0.00718	0.07122	0.00193	0.01714	0.02591	0.00270	0.00631
26	0.00801	0.00629	0.00885	0.03325	0.00928	0.00776	0.00649	0.00916	0.02653	0.01104	0.03242	0.01624	0.01061	0.07282	0.31463	0.13962	0.22765	0.00469	0.05059	0.00405
27	0.01218	0.01767	0.47768	0.01140	0.01643	0.02240	0.01292	0.07638	0.02655	0.17304	0.01074	0.01190	0.00769	0.03019	0.02399	0.00169	0.05349	0.00389	0.00298	0.00677
28	0.00817	0.00556	0.00681	0.00691	0.00781	0.02766	0.00502	0.04892	0.00968	0.07200	0.05537	0.34747	0.04312	0.12008	0.11943	0.03704	0.00471	0.06615	0.00384	0.00422
29	0.01119	0.23550	0.41418	0.01157	0.01649	0.07184	0.03553	0.06069	0.01036	0.01390	0.00769	0.00917	0.00601	0.00463	0.00489	0.00135	0.07324	0.00327	0.00215	0.00635

[dist]
# distance from previous block
# <min> <max>
0	33

[block]
# block no. 5 follows, 56 sequences, length 20
# corresponding to MSA columns:
# 284-303
name=unknown_F
#
# <colnr> <probs for GDERKNQSTAVLIFYWHMCP>
#	G	D	E	R	K	N	Q	S	T	A	V	L	I	F	Y	W	H	M	C	P
0	0.08886	0.02576	0.07739	0.04259	0.01416	0.30646	0.05599	0.01450	0.03425	0.01282	0.00986	0.04481	0.04244	0.00613	0.00688	0.00151	0.20360	0.00416	0.00250	0.00532
1	0.21388	0.02683	0.07785	0.00815	0.01128	0.00848	0.00718	0.05982	0.02823	0.34827	0.02938	0.08974	0.01185	0.00637	0.00461	0.00149	0.02624	0.02970	0.00426	0.00638
2	0.08780	0.27344	0.01563	0.00963	0.01263	0.34975	0.00796	0.10769	0.01228	0.03956	0.00833	0.04026	0.00716	0.00493	0.00379	0.00120	0.00609	0.00334	0.00272	0.00578
3	0.00973	0.02938	0.00797	0.00697	0.00889	0.00605	0.00555	0.01217	0.07402	0.14289	0.07449	0.03165	0.14974	0.13067	0.00780	0.00197	0.00364	0.19247	0.00412	0.09982
4	0.06782	0.05262	0.06786	0.01486	0.23230	0.06184	0.02305	0.14266	0.14453	0.05642	0.01136	0.02677	0.00905	0.00523	0.00459	0.00140	0.02061	0.02073	0.00331	0.03300
5	0.15088	0.01190	0.11555	0.00959	0.01339	0.03043	0.04261	0.19386	0.08362	0.19419	0.01205	0.01262	0.00868	0.00516	0.00426	0.00138	0.00470	0.02138	0.00389	0.07985
6	0.04592	0.00749	0.00966	0.00761	0.01075	0.00677	0.00623	0.03786	0.02914	0.63648	0.01713	0.01551	0.01119	0.00560	0.00435	0.00137	0.00366	0.00450	0.13162	0.00719
7	0.00867	0.00816	0.01377	0.82762	0.03162	0.01020	0.01275	0.01173	0.00918	0.01173	0.00816	0.01224	0.00612	0.00459	0.00459	0.00153	0.00612	0.00408	0.00204	0.00510
8	0.06436	0.01118	0.04882	0.05141	0.06552	0.06860	0.00830	0.24086	0.17586	0.05105	0.08123	0.03362	0.05816	0.00628	0.00462	0.00145	0.00456	0.01365	0.00399	0.00649
9	0.00723	0.00498	0.00652	0.00667	0.00752	0.00505	0.00486	0.00891	0.04158	0.05826	0.11003	0.31528	0.08334	0.09393	0.18315	0.00320	0.02187	0.02953	0.00388	0.00422
10	0.00653	0.00449	0.00575	0.00640	0.00683	0.00442	0.00456	0.00750	0.00855	0.01157	0.02072	0.33527	0.02357	0.26000	0.04911	0.00291	0.00398	0.18742	0.04682	0.00361
11	0.01008	0.01072	0.02203	0.01642	0.02005	0.01032	0.58330	0.03216	0.01072	0.01451	0.01237	0.10004	0.01133	0.00604	0.00591	0.00165	0.03839	0.08547	0.00276	0.00573
12	0.00946	0.00940	0.01285	0.63804	0.02686	0.10056	0.01140	0.01246	0.03706	0.01193	0.00986	0.08184	0.00843	0.00549	0.00465	0.00152	0.00598	0.00475	0.00236	0.00508
13	0.69082	0.00879	0.00766	0.00655	0.00955	0.00975	0.00540	0.03639	0.00917	0.16718	0.00868	0.00906	0.00623	0.00456	0.00322	0.00142	0.00366	0.00292	0.00341	0.00557
14	0.00650	0.00449	0.00567	0.00629	0.00701	0.00417	0.00436	0.00784	0.03548	0.05029	0.05177	0.62575	0.14692	0.01313	0.00568	0.00177	0.00269	0.01174	0.00437	0.00408
15	0.00880	0.00829	0.01400	0.79027	0.06799	0.01023	0.01281	0.01184	0.00924	0.01188	0.00818	0.01220	0.00617	0.00457	0.00459	0.00152	0.00609	0.00408	0.00205	0.00520
16	0.00643	0.00446	0.00537	0.00576	0.00598	0.00440	0.00364	0.00716	0.02675	0.01054	0.03494	0.31538	0.02241	0.47609	0.01566	0.00331	0.00374	0.04122	0.00346	0.00332
17	0.01290	0.01329	0.00925	0.00862	0.01036	0.40552	0.00645	0.03932	0.01177	0.03067	0.04698	0.08866	0.01219	0.02452	0.00457	0.00132	0.00542	0.01762	0.24567	0.00490
18	0.01128	0.04176	0.01323	0.05311	0.20364	0.04439	0.02219	0.03301	0.09476	0.05377	0.01008	0.01188	0.00814	0.00443	0.00430	0.00113	0.02217	0.01688	0.00293	0.34689
19	0.08991	0.16974	0.20300	0.09126	0.03210	0.03739	0.02845	0.11591	0.06083	0.04158	0.00972	0.04298	0.00787	0.00562	0.01843	0.00149	0.03076	0.00392	0.00280	0.00621

[dist]
# distance from previous block
# <min> <max>
1	65

[block]
# block no. 6 follows, 56 sequences, length 22
# corresponding to MSA columns:
# 369-390
name=unknown_G
#
# <colnr> <probs for GDERKNQSTAVLIFYWHMCP>
#	G	D	E	R	K	N	Q	S	T	A	V	L	I	F	Y	W	H	M	C	P
0	0.00940	0.00884	0.05688	0.11571	0.12439	0.00829	0.03734	0.05567	0.03650	0.03307	0.10224	0.13799	0.03956	0.02042	0.00574	0.00148	0.05968	0.00596	0.00324	0.13760
1	0.01129	0.11206	0.22065	0.03537	0.15776	0.03082	0.07646	0.04967	0.07179	0.06751	0.04135	0.05128	0.00993	0.00515	0.00444	0.00138	0.00541	0.00446	0.00288	0.04035
2	0.00588	0.00431	0.00556	0.00630	0.00693	0.00399	0.00451	0.00704	0.00974	0.01287	0.12567	0.54085	0.13853	0.01319	0.00580	0.00180	0.00273	0.09605	0.00436	0.00388
3	0.00797	0.00399	0.00598	0.00598	0.00598	0.00399	0.00399	0.00598	0.00598	0.00797	0.00797	0.01396	0.00797	0.01595	0.01794	0.86643	0.00399	0.00399	0.00199	0.00199
4	0.00771	0.00640	0.00818	0.11649	0.03180	0.03268	0.00641	0.04402	0.02537	0.01364	0.11843	0.27943	0.10447	0.02295	0.07729	0.00218	0.04762	0.02152	0.02891	0.00451
5	0.01063	0.02083	0.61323	0.01326	0.01925	0.02549	0.09208	0.07119	0.01082	0.05089	0.00892	0.01030	0.00632	0.00454	0.00471	0.00146	0.02325	0.00370	0.00234	0.00678
6	0.00679	0.00477	0.00715	0.00715	0.00783	0.00545	0.00545	0.00783	0.00715	0.01022	0.01159	0.01737	0.01090	0.03140	0.68890	0.14821	0.01093	0.00477	0.00238	0.00375
7	0.03348	0.00626	0.00770	0.00660	0.00878	0.00576	0.00516	0.01468	0.06137	0.32191	0.19571	0.03912	0.15858	0.04751	0.00571	0.00158	0.00310	0.00651	0.06477	0.00570
8	0.01056	0.01044	0.01751	0.30613	0.44135	0.03704	0.08371	0.01346	0.01013	0.01371	0.00848	0.01166	0.00680	0.00427	0.00463	0.00143	0.00598	0.00417	0.00220	0.00635
9	0.00638	0.00445	0.00556	0.00612	0.00666	0.00427	0.00433	0.00739	0.00901	0.01210	0.07357	0.33284	0.09130	0.22437	0.01024	0.00248	0.00332	0.14691	0.04504	0.00365
10	0.00921	0.02375	0.81487	0.01309	0.01987	0.01066	0.01696	0.01454	0.00969	0.01454	0.00824	0.00969	0.00582	0.00436	0.00436	0.00145	0.00678	0.00339	0.00194	0.00678
11	0.00657	0.00455	0.00594	0.00679	0.00744	0.00443	0.00509	0.00822	0.02938	0.01324	0.04840	0.48894	0.02734	0.01261	0.00567	0.00183	0.00305	0.22236	0.09412	0.00403
12	0.13427	0.01008	0.04702	0.00789	0.01033	0.12520	0.00649	0.07079	0.08297	0.10366	0.07934	0.06417	0.18782	0.00767	0.00467	0.00148	0.00416	0.04259	0.00395	0.00545
13	0.00678	0.00459	0.00611	0.00611	0.00645	0.00494	0.00416	0.00723	0.00689	0.00953	0.01280	0.02315	0.01350	0.40666	0.35602	0.10597	0.00768	0.00563	0.00256	0.00324
14	0.00735	0.00489	0.00571	0.00550	0.00696	0.00428	0.00412	0.00881	0.01114	0.09510	0.23375	0.13896	0.41014	0.01062	0.00533	0.00154	0.00248	0.00909	0.02983	0.00438
15	0.11653	0.01443	0.29178	0.01040	0.01486	0.01013	0.04123	0.09934	0.12713	0.18912	0.01296	0.01290	0.02850	0.00519	0.00437	0.00146	0.00506	0.00412	0.00360	0.00687
16	0.03701	0.01065	0.01667	0.13736	0.46998	0.02536	0.04711	0.06898	0.04208	0.04686	0.00931	0.01167	0.00741	0.00460	0.00505	0.00144	0.04492	0.00414	0.00264	0.00676
17	0.00591	0.00441	0.00555	0.00621	0.00699	0.00405	0.00454	0.00713	0.00989	0.01288	0.11233	0.44831	0.21667	0.01295	0.00578	0.00178	0.00276	0.12360	0.00434	0.00390
18	0.02314	0.00839	0.08020	0.26664	0.04422	0.00771	0.00889	0.01270	0.02723	0.16079	0.03308	0.12292	0.09933	0.04464	0.02629	0.00182	0.01707	0.00610	0.00341	0.00541
19	0.07468	0.01008	0.02258	0.17911	0.04767	0.11166	0.04351	0.01702	0.03523	0.31461	0.01398	0.03152	0.02561	0.00575	0.00459	0.00147	0.00512	0.04575	0.00381	0.00626
20	0.00880	0.00829	0.01400	0.78969	0.06855	0.01023	0.01281	0.01184	0.00924	0.01188	0.00818	0.01220	0.00617	0.00457	0.00459	0.00152	0.00609	0.00408	0.00205	0.00520
21	0.00904	0.00751	0.01224	0.38897	0.05818	0.00866	0.05947	0.02787	0.04619	0.01169	0.00909	0.03292	0.00777	0.00830	0.00898	0.25288	0.03905	0.00441	0.00229	0.00450

[dist]
# distance from previous block
# <min> <max>
0	1

[block]
# block no. 7 follows, 56 sequences, length 6
# corresponding to MSA columns:
# 392,397-399,404,405
name=unknown_H
#
# <colnr> <probs for GDERKNQSTAVLIFYWHMCP>
#	G	D	E	R	K	N	Q	S	T	A	V	L	I	F	Y	W	H	M	C	P
0	0.01148	0.05676	0.23161	0.09805	0.26501	0.10663	0.03985	0.03283	0.02851	0.03753	0.00909	0.02898	0.00730	0.00471	0.00465	0.00140	0.02274	0.00397	0.00240	0.00649
1	0.00817	0.00588	0.00770	0.00855	0.10201	0.00561	0.00546	0.01044	0.06021	0.07397	0.28353	0.09781	0.17711	0.12397	0.00773	0.00191	0.00316	0.00778	0.00421	0.00477
2	0.10911	0.12077	0.00841	0.00682	0.00801	0.00680	0.00528	0.00878	0.00893	0.01282	0.01971	0.45132	0.02260	0.05564	0.00612	0.00187	0.00343	0.13570	0.00369	0.00421
3	0.61921	0.01043	0.01142	0.00990	0.05073	0.06141	0.14923	0.01405	0.00882	0.01867	0.00707	0.00860	0.00551	0.00421	0.00347	0.00143	0.00470	0.00313	0.00269	0.00533
4	0.00696	0.00603	0.00875	0.00806	0.00956	0.00577	0.11367	0.00972	0.10320	0.01320	0.02812	0.40803	0.23838	0.01121	0.00554	0.00170	0.00339	0.01014	0.00404	0.00453
5	0.05618	0.14886	0.17707	0.05674	0.03949	0.00914	0.00823	0.03993	0.00970	0.03234	0.01787	0.09145	0.16348	0.12216	0.00704	0.00184	0.00454	0.00582	0.00296	0.00514

[dist]
# distance from previous block
# <min> <max>
16	106

[block]
# block no. 8 follows, 56 sequences, length 29
# corresponding to MSA columns:
# 523-537,539-552
name=unknown_I
#
# <colnr> <probs for GDERKNQSTAVLIFYWHMCP>
#	G	D	E	R	K	N	Q	S	T	A	V	L	I	F	Y	W	H	M	C	P
0	0.02556	0.03582	0.16747	0.01083	0.06267	0.05413	0.04589	0.06318	0.02841	0.10374	0.05997	0.05218	0.03716	0.05427	0.00610	0.00171	0.01609	0.14525	0.00347	0.02608
1	0.10752	0.11621	0.05990	0.02629	0.03644	0.16253	0.05293	0.04944	0.06366	0.08126	0.07706	0.03402	0.04523	0.03304	0.00495	0.00148	0.00512	0.03393	0.00328	0.00569
2	0.01162	0.07848	0.05960	0.04387	0.05809	0.00823	0.03137	0.05338	0.04146	0.18042	0.06559	0.06526	0.04492	0.00744	0.00487	0.00151	0.00427	0.16055	0.02440	0.05469
3	0.00927	0.01025	0.16364	0.04053	0.03774	0.00760	0.10621	0.03558	0.05909	0.07934	0.01797	0.31806	0.05293	0.00857	0.00513	0.00160	0.00453	0.00776	0.00354	0.03065
4	0.32363	0.01073	0.10770	0.03638	0.05928	0.03291	0.05980	0.01449	0.05205	0.11369	0.01413	0.03361	0.09913	0.00568	0.00427	0.00147	0.01762	0.00445	0.00325	0.00574
5	0.01266	0.10802	0.18198	0.04679	0.03635	0.16861	0.00970	0.05332	0.06119	0.09951	0.01095	0.07315	0.00908	0.00535	0.00424	0.00129	0.00551	0.00419	0.00301	0.10512
6	0.01092	0.09127	0.12920	0.00925	0.04019	0.00856	0.02723	0.06912	0.03549	0.11378	0.03199	0.11993	0.03958	0.04321	0.00529	0.00146	0.00434	0.03763	0.00343	0.17813
7	0.17915	0.08975	0.13613	0.01003	0.03162	0.05686	0.06256	0.05231	0.04115	0.21940	0.01233	0.01394	0.02327	0.00532	0.00421	0.00142	0.00496	0.04568	0.00352	0.00637
8	0.01246	0.09677	0.01648	0.17513	0.03683	0.12415	0.15364	0.07156	0.16470	0.05349	0.01069	0.01214	0.00815	0.00497	0.00495	0.00143	0.03903	0.00425	0.00300	0.00620
9	0.01253	0.01519	0.14026	0.07952	0.11350	0.23687	0.02773	0.04484	0.14311	0.04049	0.01189	0.03094	0.03871	0.00548	0.00494	0.00142	0.03915	0.00430	0.00293	0.00619
10	0.01191	0.02995	0.05432	0.00985	0.04243	0.00777	0.10802	0.03873	0.01080	0.16595	0.01200	0.03636	0.03445	0.00464	0.00415	0.00109	0.00434	0.00408	0.00331	0.41586
11	0.01162	0.00582	0.00738	0.00646	0.00855	0.00508	0.00503	0.01317	0.01180	0.32841	0.17963	0.12776	0.25215	0.00919	0.00516	0.00152	0.00296	0.00784	0.00497	0.00549
12	0.00600	0.00430	0.00573	0.00667	0.00716	0.00407	0.00481	0.00710	0.00931	0.01235	0.05828	0.60799	0.05548	0.03210	0.00631	0.00194	0.00297	0.15934	0.00426	0.00383
13	0.01216	0.12166	0.07569	0.21535	0.11571	0.10835	0.08777	0.09046	0.06643	0.03993	0.00927	0.01115	0.00714	0.00465	0.00451	0.00138	0.01559	0.00391	0.00266	0.00622
14	0.87108	0.00888	0.00675	0.00604	0.00888	0.01030	0.00497	0.01350	0.00781	0.02060	0.00639	0.00746	0.00497	0.00426	0.00284	0.00142	0.00355	0.00249	0.00284	0.00497
15	0.05381	0.14331	0.11834	0.00938	0.01321	0.04052	0.05275	0.04902	0.01194	0.38312	0.05015	0.03260	0.01082	0.00540	0.00433	0.00136	0.00475	0.00435	0.00405	0.00680
16	0.00559	0.00453	0.00497	0.00512	0.00637	0.00391	0.00374	0.00682	0.01048	0.01304	0.14011	0.19048	0.56511	0.01185	0.00551	0.00160	0.00237	0.01014	0.00436	0.00391
17	0.01066	0.00651	0.00817	0.00663	0.00922	0.00543	0.00519	0.01257	0.01152	0.20025	0.29122	0.05573	0.05120	0.02106	0.00490	0.00126	0.00303	0.00586	0.00434	0.28523
18	0.00819	0.00746	0.03956	0.09543	0.16077	0.00705	0.02582	0.07050	0.01056	0.01409	0.03385	0.34020	0.13352	0.00964	0.00526	0.00163	0.00397	0.02387	0.00357	0.00506
19	0.01337	0.00809	0.03593	0.00825	0.01084	0.00754	0.03001	0.06998	0.12075	0.31408	0.12636	0.07729	0.08395	0.03896	0.00594	0.00162	0.02982	0.00622	0.00472	0.00629
20	0.00670	0.00479	0.00561	0.00541	0.00680	0.00420	0.00405	0.00825	0.01144	0.06001	0.33062	0.10069	0.41341	0.01066	0.00541	0.00153	0.00238	0.00914	0.00464	0.00426
21	0.00621	0.00448	0.00525	0.00549	0.00600	0.00431	0.00362	0.00683	0.00815	0.01055	0.02410	0.18116	0.20230	0.40409	0.07377	0.00343	0.00420	0.03926	0.00343	0.00336
22	0.04544	0.46432	0.07149	0.03452	0.04267	0.05125	0.04028	0.13237	0.05235	0.01494	0.00812	0.00911	0.00666	0.00439	0.00363	0.00118	0.00525	0.00316	0.00258	0.00629
23	0.01352	0.05269	0.08922	0.01098	0.03258	0.19962	0.07599	0.17263	0.05273	0.08419	0.03687	0.05435	0.08222	0.00620	0.00464	0.00140	0.00559	0.01491	0.00351	0.00617
24	0.01797	0.00749	0.00983	0.00778	0.01088	0.00675	0.00634	0.06386	0.01292	0.62431	0.01860	0.03918	0.04373	0.00707	0.03146	0.00160	0.00401	0.00501	0.07406	0.00714
25	0.04306	0.00622	0.00753	0.06736	0.02446	0.03513	0.00606	0.01051	0.03600	0.07381	0.09995	0.19318	0.10608	0.06448	0.00653	0.00188	0.00371	0.18514	0.02432	0.00456
26	0.01147	0.03158	0.15318	0.06881	0.33931	0.02230	0.09327	0.06876	0.04443	0.04898	0.00987	0.02974	0.00785	0.00460	0.00455	0.00139	0.00566	0.00426	0.00267	0.04730
27	0.01533	0.01146	0.07195	0.01182	0.03496	0.02886	0.14180	0.19709	0.07557	0.26949	0.01300	0.01324	0.00911	0.00638	0.03480	0.00168	0.04781	0.00453	0.00405	0.00707
28	0.00674	0.00511	0.00639	0.00655	0.02097	0.00477	0.01870	0.01742	0.02807	0.02610	0.07247	0.27843	0.24399	0.13791	0.04351	0.00231	0.00352	0.03714	0.00392	0.03598

[dist]
# distance from previous block
# <min> <max>
20	52

[block]
# block no. 9 follows, 56 sequences, length 16
# corresponding to MSA columns:
# 634-649
name=unknown_J
#
# <colnr> <probs for GDERKNQSTAVLIFYWHMCP>
#	G	D	E	R	K	N	Q	S	T	A	V	L	I	F	Y	W	H	M	C	P
0	0.02236	0.17898	0.08537	0.13763	0.06051	0.05074	0.04661	0.04718	0.01065	0.10371	0.02490	0.04355	0.02421	0.00526	0.00445	0.00131	0.02312	0.02251	0.00289	0.10408
1	0.02748	0.00894	0.01291	0.16932	0.21534	0.00990	0.00985	0.11504	0.06939	0.03898	0.01078	0.03008	0.00894	0.01106	0.16932	0.00264	0.04523	0.00446	0.00290	0.03745
2	0.00634	0.02425	0.00585	0.00608	0.00685	0.00427	0.00430	0.00740	0.00954	0.03493	0.07611	0.55821	0.16848	0.01273	0.00556	0.00172	0.00267	0.02453	0.03619	0.00399
3	0.00640	0.00469	0.00634	0.00671	0.00753	0.00447	0.02724	0.00777	0.02226	0.02977	0.04731	0.50395	0.14615	0.01502	0.09039	0.00235	0.00384	0.04075	0.02302	0.00406
4	0.04113	0.18325	0.12297	0.01135	0.03381	0.16867	0.11156	0.05536	0.02348	0.06205	0.01074	0.06932	0.02858	0.00542	0.00458	0.00134	0.03010	0.00435	0.00277	0.02916
5	0.02808	0.00963	0.05619	0.01048	0.01137	0.01147	0.00893	0.01141	0.00790	0.05544	0.03769	0.01293	0.00876	0.05584	0.06054	0.00230	0.54654	0.00430	0.02371	0.03650
6	0.02784	0.00500	0.00594	0.00593	0.00708	0.00475	0.00436	0.00893	0.06760	0.01567	0.38579	0.21823	0.20452	0.01067	0.00540	0.00157	0.00245	0.00933	0.00462	0.00432
7	0.00742	0.03828	0.00745	0.00677	0.00776	0.00573	0.00511	0.00877	0.00945	0.05925	0.16185	0.24303	0.10502	0.05409	0.20783	0.00318	0.05283	0.00812	0.00375	0.00430
8	0.06550	0.18481	0.14613	0.01188	0.03554	0.04863	0.15056	0.11400	0.08814	0.05809	0.02945	0.01135	0.00829	0.00479	0.00449	0.00137	0.02359	0.00397	0.00297	0.00646
9	0.00967	0.06151	0.03993	0.00904	0.05064	0.00858	0.00691	0.07760	0.09227	0.05288	0.06649	0.10453	0.02702	0.09009	0.15787	0.02408	0.08276	0.00581	0.02713	0.00519
10	0.00719	0.00493	0.00657	0.00676	0.00772	0.00462	0.02079	0.02655	0.00963	0.03485	0.06723	0.37685	0.11690	0.01244	0.00712	0.10902	0.00318	0.11565	0.02658	0.03541
11	0.02465	0.01016	0.03579	0.14586	0.11038	0.04513	0.15733	0.09258	0.05409	0.06662	0.01368	0.07997	0.02580	0.00652	0.00519	0.00158	0.01995	0.09553	0.00324	0.00595
12	0.02778	0.14798	0.15546	0.07068	0.10366	0.05684	0.06050	0.06654	0.14189	0.02884	0.01080	0.04635	0.00885	0.00598	0.02600	0.00156	0.02680	0.00429	0.00286	0.00634
