[name]
unknown

[dist]
# distance from previous block
# <min> <max>
0	65

[block]
# block no. 0 follows, 70 sequences, length 42
# corresponding to MSA columns:
# 67-91,94-110
name=unknown_A
#
# <colnr> <probs for GDERKNQSTAVLIFYWHMCP>
#	G	D	E	R	K	N	Q	S	T	A	V	L	I	F	Y	W	H	M	C	P
0	0.00621	0.00512	0.04458	0.00650	0.03004	0.00434	0.02668	0.00765	0.03387	0.04873	0.07089	0.49143	0.03810	0.08176	0.02042	0.00169	0.00295	0.01955	0.00332	0.05617
1	0.00679	0.23121	0.02748	0.00582	0.00744	0.01529	0.02309	0.01387	0.00819	0.01048	0.09739	0.27098	0.14834	0.07238	0.00520	0.00141	0.00305	0.01632	0.00292	0.03237
2	0.04465	0.31581	0.04399	0.00711	0.01009	0.02193	0.02875	0.10629	0.06213	0.03233	0.03417	0.01595	0.00743	0.04053	0.00399	0.00106	0.01996	0.00299	0.00245	0.19842
3	0.01246	0.01188	0.01074	0.00852	0.01143	0.25480	0.03386	0.31615	0.01274	0.01610	0.00756	0.00829	0.00584	0.00388	0.00349	0.00094	0.00472	0.00288	0.00279	0.27092
4	0.02711	0.00880	0.03988	0.02068	0.02474	0.04661	0.00636	0.11180	0.36174	0.14032	0.04348	0.01332	0.03473	0.00490	0.00380	0.00117	0.00348	0.00398	0.00362	0.09948
5	0.00667	0.00544	0.00804	0.00760	0.03416	0.00641	0.04308	0.00755	0.00647	0.00933	0.03736	0.01530	0.03624	0.12248	0.31438	0.10205	0.20320	0.00428	0.02646	0.00348
6	0.00501	0.00355	0.00445	0.00498	0.00526	0.00335	0.00325	0.00562	0.00732	0.00976	0.08396	0.53931	0.06645	0.22887	0.00867	0.00209	0.00259	0.00918	0.00333	0.00299
7	0.02606	0.19668	0.08480	0.03971	0.01183	0.11984	0.06028	0.11810	0.04716	0.11273	0.04408	0.02582	0.02271	0.01706	0.01059	0.00122	0.01926	0.03413	0.00276	0.00518
8	0.01054	0.29357	0.28682	0.03180	0.01307	0.01167	0.00936	0.23451	0.01083	0.02460	0.00765	0.03519	0.00612	0.00412	0.00339	0.00109	0.00465	0.00307	0.00236	0.00561
9	0.01707	0.00524	0.00669	0.03008	0.00787	0.02148	0.05479	0.07544	0.01688	0.01197	0.08149	0.31969	0.24436	0.01033	0.05558	0.00167	0.01370	0.00777	0.01415	0.00377
10	0.00913	0.04829	0.01408	0.18251	0.10739	0.00916	0.21599	0.11338	0.06924	0.02328	0.01123	0.03207	0.07225	0.01772	0.00464	0.00130	0.03690	0.01062	0.01576	0.00507
11	0.01186	0.02020	0.03843	0.01116	0.10832	0.28144	0.07033	0.18066	0.07315	0.03065	0.00897	0.05519	0.00747	0.00515	0.02018	0.00126	0.03960	0.00371	0.02702	0.00526
12	0.03248	0.01066	0.01020	0.12207	0.10797	0.27178	0.00740	0.07192	0.02307	0.17294	0.01227	0.04072	0.08990	0.00498	0.00383	0.00117	0.00475	0.00395	0.00288	0.00507
13	0.00496	0.00414	0.00435	0.00433	0.00558	0.00365	0.00323	0.00655	0.05442	0.01124	0.11376	0.08820	0.66294	0.00953	0.00457	0.00132	0.00203	0.00804	0.00368	0.00346
14	0.02596	0.00771	0.01156	0.66814	0.07796	0.04425	0.01015	0.06390	0.00862	0.01118	0.00740	0.03296	0.00585	0.00412	0.00386	0.00127	0.00503	0.00359	0.00195	0.00455
15	0.02597	0.02505	0.06001	0.00855	0.01138	0.04690	0.08173	0.29465	0.04712	0.20309	0.01235	0.06053	0.03181	0.00519	0.00394	0.00121	0.00409	0.02650	0.04421	0.00573
16	0.00766	0.00711	0.01194	0.63139	0.18218	0.00836	0.01045	0.01004	0.00803	0.01061	0.04523	0.01109	0.00685	0.00425	0.00421	0.02570	0.00486	0.00361	0.00188	0.00456
17	0.03821	0.00852	0.04784	0.00714	0.01015	0.04891	0.03602	0.11882	0.05471	0.10352	0.03393	0.01194	0.07165	0.00431	0.00362	0.00095	0.01664	0.00346	0.00295	0.37669
18	0.00501	0.00411	0.00445	0.00436	0.00561	0.00362	0.00330	0.00658	0.03980	0.01188	0.22155	0.03469	0.60476	0.00923	0.00457	0.00130	0.00201	0.02592	0.00377	0.00347
19	0.05123	0.00727	0.00888	0.00660	0.00980	0.00619	0.03602	0.08917	0.00949	0.15657	0.00900	0.03664	0.00706	0.00372	0.00325	0.00083	0.00320	0.00304	0.00291	0.54911
20	0.00671	0.00338	0.00503	0.00503	0.00503	0.00338	0.00334	0.00506	0.00506	0.00675	0.00686	0.01209	0.00690	0.03228	0.01525	0.86766	0.00338	0.00342	0.00170	0.00170
21	0.00902	0.41833	0.40332	0.00911	0.01353	0.01194	0.04789	0.01188	0.00813	0.01085	0.02036	0.00772	0.00552	0.00356	0.00318	0.00104	0.00495	0.00264	0.00171	0.00532
22	0.58042	0.00799	0.00754	0.00627	0.00888	0.03996	0.03139	0.05853	0.00852	0.20656	0.00799	0.00821	0.00565	0.00394	0.00294	0.00119	0.00340	0.00268	0.00300	0.00493
23	0.00821	0.00465	0.00646	0.00613	0.00721	0.00477	0.00468	0.00939	0.00779	0.20212	0.03121	0.22863	0.02508	0.04801	0.33169	0.00335	0.03788	0.00595	0.02269	0.00410
24	0.01007	0.00689	0.01163	0.00925	0.03045	0.00651	0.22837	0.02688	0.01025	0.23886	0.27467	0.01835	0.06032	0.00569	0.00473	0.00126	0.04197	0.00525	0.00357	0.00500
25	0.00733	0.00683	0.01136	0.80280	0.02561	0.00848	0.01049	0.01008	0.02691	0.01012	0.00761	0.01169	0.00597	0.00417	0.00393	0.00131	0.00506	0.03408	0.00184	0.00432
26	0.03924	0.00783	0.00993	0.00767	0.01058	0.00765	0.03697	0.22148	0.05108	0.51606	0.01316	0.01239	0.00881	0.03335	0.00441	0.00129	0.00366	0.00385	0.00427	0.00632
27	0.35404	0.12308	0.04701	0.05088	0.05900	0.02748	0.03402	0.16584	0.00960	0.05839	0.00698	0.00791	0.00532	0.00393	0.00341	0.00116	0.03152	0.00276	0.00256	0.00510
28	0.00752	0.04079	0.13334	0.00704	0.00893	0.05808	0.00615	0.06371	0.13883	0.01262	0.09184	0.31260	0.05950	0.03512	0.00477	0.00141	0.00339	0.00670	0.00323	0.00441
29	0.00484	0.00380	0.00437	0.00451	0.00546	0.00334	0.00328	0.00595	0.00901	0.01156	0.22786	0.23534	0.44705	0.00993	0.00467	0.00135	0.00200	0.00859	0.00376	0.00334
30	0.01168	0.05077	0.04914	0.00896	0.04176	0.03771	0.00721	0.35620	0.32459	0.01854	0.01176	0.04494	0.00911	0.00501	0.00386	0.00122	0.00389	0.00400	0.00355	0.00608
31	0.03820	0.13800	0.36447	0.01005	0.05517	0.03616	0.05545	0.06169	0.00941	0.13176	0.04576	0.00973	0.00724	0.00400	0.00359	0.00114	0.00479	0.00320	0.00242	0.01775
32	0.00978	0.30733	0.18746	0.00846	0.01170	0.10803	0.06315	0.03255	0.05552	0.03013	0.00857	0.01891	0.03060	0.04113	0.00451	0.03648	0.00472	0.01224	0.00212	0.02661
33	0.00936	0.44598	0.25417	0.00978	0.01381	0.01243	0.16075	0.01189	0.00815	0.01063	0.00628	0.00762	0.00513	0.00350	0.00347	0.00105	0.02629	0.00279	0.00171	0.00522
34	0.04882	0.00451	0.00580	0.00571	0.00679	0.00428	0.00419	0.00923	0.02736	0.18496	0.16557	0.45780	0.02257	0.00947	0.01524	0.00147	0.01016	0.00810	0.00388	0.00409
35	0.06823	0.05793	0.03469	0.03628	0.16839	0.05745	0.04538	0.17394	0.08811	0.16769	0.02555	0.01044	0.00764	0.00421	0.00369	0.00115	0.00418	0.00347	0.00309	0.03847
36	0.00715	0.00733	0.07007	0.05588	0.20444	0.02683	0.02364	0.00941	0.05647	0.01153	0.06045	0.26331	0.07293	0.00785	0.02015	0.00146	0.04366	0.05015	0.00283	0.00447
37	0.00667	0.00439	0.00500	0.00482	0.00621	0.00386	0.00364	0.00807	0.03815	0.12956	0.05425	0.16453	0.52172	0.00928	0.00454	0.00134	0.00227	0.02406	0.00380	0.00385
38	0.00913	0.00936	0.05339	0.20404	0.49040	0.00923	0.09474	0.03777	0.03113	0.01249	0.00754	0.00990	0.00601	0.00363	0.00392	0.00121	0.00493	0.00357	0.00198	0.00564
39	0.01296	0.00849	0.03342	0.07650	0.17940	0.04634	0.02417	0.10657	0.04788	0.34461	0.01257	0.02441	0.04374	0.00479	0.00406	0.01274	0.00404	0.00395	0.00346	0.00590
40	0.00572	0.00397	0.00501	0.00511	0.00595	0.00367	0.00369	0.00722	0.03199	0.05032	0.34853	0.34766	0.14737	0.00960	0.00467	0.00137	0.00211	0.00850	0.00393	0.00361
41	0.02781	0.40253	0.31261	0.00840	0.01248	0.01192	0.00931	0.06636	0.04682	0.05826	0.00724	0.00790	0.00562	0.00371	0.00315	0.00104	0.00460	0.00266	0.00209	0.00548

[dist]
# distance from previous block
# <min> <max>
11	23

[block]
# block no. 1 follows, 70 sequences, length 14
# corresponding to MSA columns:
# 134-147
name=unknown_B
#
# <colnr> <probs for GDERKNQSTAVLIFYWHMCP>
#	G	D	E	R	K	N	Q	S	T	A	V	L	I	F	Y	W	H	M	C	P
0	0.00930	0.38373	0.08980	0.00839	0.03755	0.06323	0.08379	0.04097	0.00895	0.01125	0.07592	0.01206	0.08918	0.00448	0.00351	0.00102	0.01852	0.00353	0.00223	0.05259
1	0.13371	0.09077	0.02174	0.00605	0.00763	0.05887	0.00475	0.02085	0.06096	0.05665	0.10540	0.32366	0.03838	0.01663	0.00413	0.00130	0.00302	0.00640	0.00321	0.03589
2	0.06113	0.35730	0.13180	0.00931	0.07822	0.02853	0.05022	0.06609	0.04022	0.05291	0.00715	0.00804	0.00572	0.00365	0.00327	0.00101	0.01592	0.00274	0.00218	0.07458
3	0.23886	0.04122	0.11403	0.00872	0.04775	0.03713	0.06267	0.09436	0.12966	0.07889	0.00996	0.08552	0.00825	0.00485	0.00374	0.00124	0.02122	0.00387	0.00286	0.00520
4	0.03550	0.00450	0.00605	0.00595	0.00687	0.00502	0.00462	0.00812	0.05234	0.02770	0.04132	0.01762	0.06266	0.04167	0.58854	0.00475	0.00798	0.02537	0.04976	0.00368
5	0.02643	0.00633	0.00833	0.13310	0.03169	0.00657	0.02090	0.08058	0.11581	0.16921	0.16947	0.06566	0.08955	0.00634	0.00418	0.00128	0.00326	0.04301	0.01340	0.00490
6	0.03955	0.03616	0.06580	0.04257	0.10290	0.06534	0.04767	0.05625	0.14340	0.07766	0.04571	0.12089	0.07104	0.00586	0.00409	0.00125	0.01365	0.01959	0.00303	0.03758
7	0.00735	0.00528	0.00634	0.00609	0.00734	0.00514	0.00446	0.13108	0.04781	0.04060	0.03443	0.52683	0.01910	0.00909	0.00440	0.00135	0.00268	0.00805	0.02329	0.10931
8	0.00564	0.00382	0.00493	0.00522	0.00568	0.00377	0.00359	0.00638	0.00713	0.04008	0.04830	0.35113	0.07237	0.24172	0.15868	0.00295	0.00414	0.02826	0.00306	0.00316
9	0.00635	0.00442	0.00519	0.00522	0.00620	0.02401	0.00380	0.02217	0.00923	0.08121	0.22724	0.35157	0.21956	0.00960	0.00463	0.00137	0.00232	0.00841	0.00383	0.00369
10	0.34134	0.02609	0.00979	0.10901	0.02637	0.12616	0.02316	0.04487	0.02053	0.01329	0.00598	0.00782	0.00495	0.00455	0.00549	0.00130	0.21988	0.00281	0.00214	0.00446
11	0.12686	0.05999	0.04855	0.00597	0.00737	0.06128	0.00471	0.03431	0.00816	0.02670	0.05173	0.38218	0.07095	0.06928	0.00521	0.00150	0.00312	0.00698	0.00305	0.02211
12	0.05084	0.02354	0.02668	0.00634	0.00764	0.05341	0.01366	0.07116	0.02851	0.05265	0.01631	0.51936	0.01804	0.02285	0.00459	0.00140	0.00302	0.00783	0.00332	0.06886
13	0.27901	0.03827	0.10693	0.05189	0.11422	0.05976	0.05729	0.16260	0.00997	0.05740	0.00732	0.00835	0.00549	0.00384	0.00336	0.00116	0.00436	0.00294	0.00254	0.02331

[dist]
# distance from previous block
# <min> <max>
4	13

[block]
# block no. 2 follows, 70 sequences, length 19
# corresponding to MSA columns:
# 163-181
name=unknown_C
#
# <colnr> <probs for GDERKNQSTAVLIFYWHMCP>
#	G	D	E	R	K	N	Q	S	T	A	V	L	I	F	Y	W	H	M	C	P
0	0.01776	0.06012	0.08636	0.00796	0.05100	0.06435	0.02784	0.02576	0.09692	0.11681	0.17244	0.08292	0.03088	0.02091	0.01552	0.00127	0.00364	0.01983	0.00320	0.09451
1	0.01017	0.65322	0.12231	0.02347	0.02451	0.05444	0.00776	0.02389	0.00824	0.00993	0.00577	0.00673	0.00504	0.00342	0.00276	0.00090	0.00448	0.00227	0.00173	0.02898
2	0.00813	0.00565	0.00649	0.00580	0.00735	0.00572	0.00446	0.09256	0.16567	0.08473	0.30556	0.05170	0.14656	0.03832	0.00479	0.00133	0.00253	0.00598	0.05213	0.00454
3	0.00675	0.00563	0.00720	0.02566	0.06732	0.05415	0.05092	0.00824	0.00939	0.04629	0.25329	0.18137	0.20610	0.00820	0.00450	0.00132	0.00292	0.04444	0.01239	0.00392
4	0.02989	0.01007	0.01876	0.04576	0.30062	0.04309	0.43943	0.01228	0.00897	0.02345	0.00753	0.00992	0.00591	0.00348	0.00437	0.00125	0.02382	0.00398	0.00198	0.00546
5	0.00865	0.00624	0.00737	0.00666	0.00797	0.06845	0.01842	0.09107	0.00861	0.09836	0.02836	0.01437	0.00972	0.06263	0.43411	0.00385	0.02085	0.00401	0.09612	0.00418
6	0.00606	0.00425	0.00516	0.00506	0.00619	0.00389	0.00385	0.00781	0.04097	0.06386	0.34074	0.13376	0.28242	0.00896	0.00462	0.00134	0.00220	0.07118	0.00394	0.00374
7	0.00580	0.00493	0.00678	0.00673	0.00750	0.03681	0.08101	0.00718	0.03885	0.01057	0.04639	0.64510	0.04351	0.01044	0.00492	0.00150	0.01613	0.01891	0.00339	0.00355
8	0.00909	0.00795	0.00724	0.00653	0.00800	0.19471	0.00497	0.04444	0.05359	0.08379	0.48174	0.04462	0.02438	0.00662	0.00422	0.00118	0.00329	0.00557	0.00375	0.00433
9	0.00536	0.00390	0.00526	0.00622	0.03916	0.00383	0.00406	0.02210	0.00752	0.01020	0.01907	0.70126	0.02244	0.04673	0.02223	0.02307	0.02089	0.00970	0.02370	0.00331
10	0.00654	0.00434	0.00543	0.00530	0.00631	0.00403	0.01899	0.01833	0.03750	0.09007	0.14381	0.30586	0.20998	0.10086	0.00619	0.00163	0.00251	0.00793	0.02069	0.00369
11	0.17169	0.04700	0.00960	0.00755	0.02299	0.07403	0.00605	0.19711	0.09389	0.28376	0.04095	0.01094	0.00855	0.00456	0.00356	0.00117	0.00373	0.00345	0.00365	0.00577
12	0.04391	0.57601	0.20787	0.00800	0.01184	0.01331	0.03531	0.04528	0.00837	0.01090	0.00599	0.00694	0.00503	0.00346	0.00288	0.00096	0.00455	0.00240	0.00178	0.00519
13	0.00600	0.00403	0.00517	0.00566	0.00626	0.00387	0.00403	0.01788	0.04091	0.05642	0.03052	0.56897	0.05240	0.08293	0.00611	0.00173	0.00262	0.09743	0.00358	0.00349
14	0.00494	0.00354	0.00447	0.00510	0.00553	0.00329	0.00349	0.00575	0.00776	0.01037	0.07151	0.60787	0.12180	0.06352	0.00572	0.00164	0.00230	0.03249	0.03574	0.00317
15	0.01053	0.15092	0.13632	0.04155	0.01256	0.07419	0.07957	0.15661	0.10096	0.06667	0.01031	0.10014	0.00881	0.00501	0.00378	0.00118	0.00447	0.01416	0.00279	0.01948
16	0.05198	0.31972	0.10613	0.00750	0.01056	0.05350	0.00710	0.18413	0.01044	0.08556	0.01724	0.03692	0.00712	0.00521	0.03585	0.00124	0.00440	0.00315	0.04697	0.00528
17	0.00828	0.10424	0.08710	0.03237	0.01940	0.03124	0.04524	0.05796	0.00943	0.06315	0.20688	0.07157	0.12117	0.00649	0.00522	0.00127	0.11629	0.00522	0.00300	0.00449
18	0.00861	0.09501	0.15242	0.02660	0.03948	0.04120	0.06440	0.02688	0.00845	0.01215	0.00735	0.01784	0.00616	0.00392	0.01793	0.00096	0.00418	0.02033	0.00213	0.44400

[dist]
# distance from previous block
# <min> <max>
5	26

[block]
# block no. 3 follows, 70 sequences, length 6
# corresponding to MSA columns:
# 220-225
name=unknown_D
#
# <colnr> <probs for GDERKNQSTAVLIFYWHMCP>
#	G	D	E	R	K	N	Q	S	T	A	V	L	I	F	Y	W	H	M	C	P
0	0.00797	0.00668	0.00835	0.04118	0.07668	0.00583	0.00547	0.06379	0.03524	0.01288	0.01029	0.18049	0.01001	0.00502	0.00351	0.00091	0.00308	0.00434	0.00266	0.51562
1	0.00626	0.07414	0.00700	0.00584	0.00665	0.00568	0.00441	0.00779	0.05877	0.00902	0.01061	0.01675	0.01038	0.22523	0.49340	0.04055	0.00754	0.00432	0.00221	0.00342
2	0.06478	0.07057	0.14920	0.11893	0.11376	0.05575	0.03032	0.03862	0.03552	0.09345	0.04564	0.04538	0.02557	0.00508	0.02480	0.00128	0.00447	0.00372	0.00251	0.07065
3	0.01022	0.00753	0.00927	0.00776	0.03307	0.02619	0.02237	0.14170	0.02492	0.13061	0.09741	0.04241	0.02715	0.02100	0.00545	0.00118	0.14067	0.00403	0.02657	0.22049
4	0.00682	0.00503	0.00592	0.00573	0.00660	0.00527	0.00408	0.12258	0.06328	0.01163	0.01673	0.25427	0.08899	0.24789	0.13470	0.00277	0.00419	0.00675	0.00309	0.00367
5	0.00644	0.00434	0.00535	0.00551	0.00632	0.00417	0.00394	0.05448	0.03119	0.06431	0.09254	0.45839	0.11805	0.08725	0.00607	0.00166	0.00257	0.04012	0.00365	0.00365

[dist]
# distance from previous block
# <min> <max>
6	15

[block]
# block no. 4 follows, 70 sequences, length 8
# corresponding to MSA columns:
# 241-248
name=unknown_E
#
# <colnr> <probs for GDERKNQSTAVLIFYWHMCP>
#	G	D	E	R	K	N	Q	S	T	A	V	L	I	F	Y	W	H	M	C	P
0	0.00877	0.00808	0.01216	0.09074	0.19542	0.04362	0.13760	0.04063	0.00938	0.02846	0.13787	0.01251	0.01081	0.00414	0.00380	0.00105	0.00410	0.00387	0.02286	0.22412
1	0.00622	0.00427	0.00536	0.00576	0.00647	0.00414	0.00409	0.05842	0.04059	0.05226	0.02126	0.64779	0.07741	0.01084	0.00478	0.00151	0.00249	0.03897	0.00369	0.00368
2	0.03490	0.00501	0.00710	0.00943	0.20025	0.00482	0.00548	0.00722	0.00796	0.01087	0.02044	0.43891	0.16453	0.03565	0.00501	0.00149	0.00286	0.03106	0.00313	0.00389
3	0.07084	0.00830	0.00914	0.00743	0.00996	0.00891	0.00597	0.30723	0.21332	0.20569	0.01231	0.01240	0.00898	0.05279	0.00463	0.00134	0.00352	0.00384	0.04745	0.00594
4	0.05601	0.00691	0.00803	0.00679	0.00889	0.00704	0.00536	0.24740	0.05072	0.24072	0.06499	0.19794	0.03859	0.00665	0.00407	0.00127	0.00314	0.00557	0.03459	0.00532
5	0.00848	0.00687	0.01036	0.08434	0.08108	0.00734	0.12079	0.06686	0.10803	0.05819	0.01100	0.01536	0.02191	0.19850	0.13519	0.00257	0.03658	0.00441	0.01765	0.00451
6	0.00919	0.00914	0.00717	0.00662	0.00809	0.28076	0.00493	0.03809	0.03294	0.05207	0.16908	0.07001	0.21552	0.07294	0.00534	0.00138	0.00391	0.00560	0.00318	0.00402
7	0.00491	0.00361	0.00455	0.00511	0.00561	0.00332	0.00355	0.00578	0.00804	0.01058	0.11647	0.54174	0.16385	0.05882	0.00569	0.00162	0.00230	0.04765	0.00360	0.00320

[dist]
# distance from previous block
# <min> <max>
0	1

[block]
# block no. 5 follows, 70 sequences, length 6
# corresponding to MSA columns:
# 250-255
name=unknown_F
#
# <colnr> <probs for GDERKNQSTAVLIFYWHMCP>
#	G	D	E	R	K	N	Q	S	T	A	V	L	I	F	Y	W	H	M	C	P
0	0.03605	0.00817	0.00859	0.00726	0.00953	0.03134	0.00578	0.26882	0.27112	0.07258	0.07671	0.01687	0.13649	0.00644	0.02536	0.00136	0.00349	0.00472	0.00381	0.00553
1	0.02568	0.00696	0.00771	0.03243	0.02812	0.06950	0.02118	0.09557	0.17294	0.05568	0.06384	0.33142	0.03834	0.00790	0.00434	0.00137	0.00327	0.02565	0.00353	0.00458
2	0.00562	0.00367	0.00473	0.00529	0.00585	0.00339	0.00370	0.00651	0.00796	0.05509	0.05113	0.63697	0.09440	0.01091	0.00473	0.00149	0.00229	0.03841	0.05448	0.00340
3	0.03745	0.00486	0.00579	0.00621	0.05107	0.00465	0.00438	0.04800	0.03880	0.04024	0.08444	0.20985	0.33732	0.02872	0.00488	0.00144	0.00258	0.08193	0.00355	0.00385
4	0.14742	0.00892	0.03969	0.00989	0.08548	0.00873	0.12069	0.22747	0.02844	0.17405	0.03036	0.01054	0.00759	0.00421	0.00367	0.00117	0.00403	0.00355	0.04643	0.03768
5	0.13911	0.03341	0.02103	0.02723	0.04438	0.07528	0.02823	0.14714	0.03500	0.14202	0.03947	0.04690	0.02939	0.04751	0.03561	0.00150	0.05803	0.00390	0.00303	0.04182

[dist]
# distance from previous block
# <min> <max>
2	13

[block]
# block no. 6 follows, 70 sequences, length 13
# corresponding to MSA columns:
# 284-287,294-302
name=unknown_G
#
# <colnr> <probs for GDERKNQSTAVLIFYWHMCP>
#	G	D	E	R	K	N	Q	S	T	A	V	L	I	F	Y	W	H	M	C	P
0	0.00947	0.11668	0.09044	0.02938	0.06170	0.07149	0.06246	0.06507	0.02379	0.08716	0.19560	0.04392	0.03932	0.00527	0.00406	0.00114	0.02404	0.00442	0.00294	0.06166
1	0.01008	0.12959	0.19267	0.03708	0.13755	0.04435	0.13367	0.08206	0.00953	0.08418	0.01850	0.02035	0.03444	0.03102	0.00440	0.00125	0.01786	0.00366	0.00235	0.00540
2	0.03609	0.06405	0.01088	0.00952	0.11556	0.00697	0.09273	0.03173	0.00973	0.28012	0.13196	0.05760	0.06224	0.00677	0.04897	0.00148	0.02018	0.00479	0.00342	0.00521
3	0.00598	0.00413	0.00520	0.00551	0.00620	0.00395	0.00390	0.05771	0.00867	0.04302	0.10468	0.55563	0.09380	0.04074	0.02316	0.00165	0.00260	0.02627	0.00365	0.00355
4	0.00833	0.03370	0.03462	0.04091	0.00995	0.00634	0.05672	0.08027	0.06643	0.06289	0.05795	0.17538	0.06810	0.02654	0.00426	0.00117	0.00327	0.00523	0.00306	0.25488
5	0.01927	0.01003	0.08854	0.08579	0.18424	0.07385	0.11360	0.08433	0.08328	0.04205	0.04959	0.05673	0.01753	0.00463	0.00395	0.00120	0.00456	0.01350	0.00261	0.06074
6	0.00736	0.00680	0.00632	0.00619	0.00709	0.14308	0.00445	0.05084	0.03866	0.01076	0.06170	0.28784	0.13092	0.15046	0.03932	0.00193	0.03262	0.00697	0.00307	0.00362
7	0.02854	0.03522	0.09779	0.00667	0.04135	0.02034	0.00518	0.00744	0.00730	0.01015	0.04013	0.30434	0.04506	0.19630	0.09246	0.00235	0.00405	0.00663	0.00272	0.04597
8	0.01089	0.03142	0.05070	0.09403	0.07256	0.13147	0.10472	0.15138	0.09960	0.06004	0.03838	0.02543	0.00800	0.00441	0.00412	0.00116	0.03269	0.00369	0.00274	0.07257
9	0.03125	0.00499	0.00629	0.00595	0.00683	0.00545	0.00443	0.02618	0.08723	0.06797	0.03910	0.05205	0.03594	0.21836	0.26950	0.04600	0.04579	0.02534	0.01766	0.00370
10	0.00522	0.00424	0.00513	0.00547	0.00613	0.03204	0.02569	0.00610	0.00809	0.01039	0.07851	0.55535	0.20054	0.03160	0.00514	0.00152	0.00247	0.00955	0.00351	0.00329
11	0.07326	0.07557	0.01170	0.05906	0.05755	0.05910	0.03748	0.31883	0.05344	0.18801	0.00984	0.00998	0.00700	0.00433	0.00366	0.00115	0.00419	0.00339	0.01654	0.00591
12	0.08616	0.03790	0.01762	0.05551	0.04777	0.02736	0.04377	0.14655	0.13393	0.04372	0.06440	0.11775	0.13701	0.00663	0.01561	0.00133	0.00354	0.00532	0.00327	0.00485

[dist]
# distance from previous block
# <min> <max>
4	34

[block]
# block no. 7 follows, 70 sequences, length 27
# corresponding to MSA columns:
# 339-365
name=unknown_H
#
# <colnr> <probs for GDERKNQSTAVLIFYWHMCP>
#	G	D	E	R	K	N	Q	S	T	A	V	L	I	F	Y	W	H	M	C	P
0	0.01068	0.40625	0.05698	0.06647	0.02800	0.13452	0.06836	0.08721	0.02508	0.01127	0.00687	0.03165	0.00594	0.00403	0.00364	0.00105	0.04199	0.00296	0.00204	0.00503
1	0.09908	0.00695	0.00848	0.00766	0.04142	0.01865	0.03264	0.12580	0.06177	0.18284	0.05200	0.09835	0.01298	0.04387	0.00472	0.00138	0.00345	0.12046	0.00351	0.07398
2	0.20720	0.17536	0.09521	0.00867	0.03726	0.26550	0.02628	0.02075	0.00862	0.01189	0.00643	0.03443	0.00557	0.00409	0.00364	0.00109	0.05040	0.00277	0.00205	0.03279
3	0.04746	0.00606	0.03807	0.01734	0.06801	0.00583	0.01669	0.02983	0.15656	0.04352	0.12548	0.31744	0.04130	0.03429	0.03262	0.00160	0.00316	0.00695	0.00342	0.00436
4	0.00925	0.00848	0.01614	0.10192	0.04282	0.00837	0.43971	0.06048	0.00922	0.05779	0.00902	0.03146	0.00707	0.00489	0.02661	0.02958	0.01735	0.00427	0.09519	0.02037
5	0.00861	0.42343	0.08607	0.00708	0.00975	0.01059	0.03256	0.04305	0.00793	0.01023	0.00853	0.05061	0.02271	0.04984	0.17354	0.00215	0.00541	0.00341	0.00203	0.04247
6	0.00496	0.00386	0.00441	0.00443	0.00538	0.00341	0.00320	0.00609	0.00907	0.01173	0.28006	0.13769	0.42710	0.07424	0.00577	0.00150	0.00209	0.00799	0.00371	0.00331
7	0.28780	0.00638	0.00684	0.00574	0.00802	0.00648	0.00464	0.04667	0.02971	0.33577	0.01172	0.04758	0.00860	0.00469	0.00325	0.00116	0.00291	0.00358	0.17334	0.00511
8	0.00575	0.00421	0.00507	0.00492	0.00602	0.00388	0.00370	0.00766	0.05155	0.03970	0.42426	0.11473	0.27454	0.00876	0.00458	0.00130	0.00207	0.02961	0.00398	0.00371
9	0.00821	0.00918	0.05920	0.20294	0.03002	0.00861	0.47473	0.01113	0.00874	0.01195	0.04237	0.04655	0.00818	0.00416	0.00431	0.00130	0.00554	0.01805	0.04002	0.00481
10	0.03769	0.00704	0.12318	0.00678	0.00854	0.00549	0.04850	0.06121	0.00876	0.04573	0.04146	0.31131	0.03696	0.00755	0.00423	0.00132	0.01769	0.04111	0.18130	0.00416
11	0.00563	0.00386	0.00517	0.00557	0.00613	0.00381	0.00396	0.01630	0.00761	0.04383	0.05407	0.49948	0.06210	0.05383	0.19286	0.00266	0.00418	0.02226	0.00328	0.00340
12	0.12954	0.02687	0.13019	0.01039	0.01382	0.03644	0.23820	0.23632	0.01137	0.05721	0.04292	0.01070	0.02993	0.00422	0.00386	0.00121	0.00481	0.00376	0.00278	0.00546
13	0.03957	0.02870	0.32013	0.00896	0.01269	0.00857	0.02967	0.15558	0.03038	0.21572	0.02935	0.03732	0.00800	0.00464	0.00411	0.00123	0.03603	0.00365	0.01991	0.00580
14	0.00524	0.00373	0.00480	0.00532	0.00587	0.00349	0.00371	0.00643	0.02971	0.02708	0.15569	0.60519	0.09165	0.01092	0.00482	0.00149	0.00223	0.02552	0.00374	0.00339
15	0.00630	0.00406	0.00524	0.00561	0.00627	0.00388	0.00400	0.02767	0.02814	0.07237	0.09022	0.57286	0.02340	0.04509	0.00534	0.00158	0.00249	0.05873	0.03314	0.00361
16	0.04976	0.00692	0.00936	0.30537	0.03777	0.01515	0.01437	0.10467	0.06250	0.10370	0.04468	0.01464	0.08450	0.03807	0.07003	0.00171	0.00451	0.00418	0.00283	0.02527
17	0.10576	0.00812	0.00878	0.08794	0.05188	0.09792	0.03645	0.09264	0.15297	0.02243	0.13719	0.07117	0.09916	0.00590	0.00396	0.00124	0.00365	0.00493	0.00317	0.00473
18	0.01006	0.00909	0.03957	0.10563	0.28168	0.02945	0.05225	0.10443	0.03930	0.06240	0.00807	0.00960	0.00629	0.00380	0.00402	0.00108	0.03690	0.00329	0.00243	0.19067
19	0.01024	0.01006	0.14108	0.07694	0.11415	0.00875	0.09611	0.15219	0.02593	0.10818	0.04182	0.02724	0.00826	0.03809	0.01879	0.00142	0.07580	0.00389	0.00271	0.03835
20	0.00880	0.00611	0.00725	0.00642	0.00785	0.02923	0.00499	0.14572	0.03009	0.10169	0.08406	0.01744	0.07646	0.10492	0.28115	0.00311	0.03293	0.00463	0.03232	0.01484
21	0.00773	0.00731	0.01237	0.70526	0.17268	0.00872	0.01097	0.01026	0.00795	0.01040	0.00696	0.01020	0.00534	0.00380	0.00387	0.00127	0.00507	0.00345	0.00176	0.00464
22	0.00886	0.05139	0.17601	0.05475	0.13629	0.02256	0.20173	0.04716	0.09924	0.01273	0.00916	0.05012	0.00763	0.00514	0.03119	0.00139	0.02505	0.01835	0.00228	0.03896
23	0.00834	0.00604	0.00895	0.01805	0.03729	0.00584	0.11902	0.03657	0.08333	0.13350	0.10039	0.18717	0.16111	0.00761	0.00459	0.00136	0.01343	0.05932	0.00355	0.00455
24	0.00660	0.00421	0.00514	0.00490	0.00570	0.00402	0.00342	0.02036	0.00818	0.08726	0.20335	0.08955	0.13577	0.32384	0.07857	0.00259	0.00346	0.00640	0.00328	0.00339
25	0.00685	0.00394	0.00647	0.00598	0.00631	0.00388	0.07009	0.00566	0.00548	0.00732	0.00742	0.04614	0.00743	0.01259	0.01388	0.77938	0.00358	0.00378	0.00178	0.00203
26	0.02191	0.08120	0.13660	0.02688	0.14764	0.11647	0.08348	0.06487	0.08546	0.13394	0.00914	0.02275	0.00696	0.00425	0.00413	0.00119	0.04142	0.00348	0.00262	0.00560

[dist]
# distance from previous block
# <min> <max>
13	101

[block]
# block no. 8 follows, 70 sequences, length 22
# corresponding to MSA columns:
# 481-502
name=unknown_I
#
# <colnr> <probs for GDERKNQSTAVLIFYWHMCP>
#	G	D	E	R	K	N	Q	S	T	A	V	L	I	F	Y	W	H	M	C	P
0	0.24987	0.05542	0.01024	0.03862	0.01119	0.31470	0.02703	0.12794	0.07557	0.02999	0.00728	0.00803	0.00566	0.00409	0.00345	0.00113	0.01956	0.00279	0.00254	0.00491
1	0.23149	0.03550	0.01002	0.05862	0.08519	0.24735	0.00695	0.07275	0.08923	0.05494	0.00833	0.00916	0.02409	0.00430	0.00382	0.00117	0.04659	0.00302	0.00255	0.00495
2	0.10320	0.02339	0.00658	0.00571	0.00743	0.03265	0.00439	0.03003	0.05001	0.04015	0.21639	0.19747	0.06091	0.00700	0.00396	0.00117	0.00269	0.02700	0.00335	0.17653
3	0.53919	0.03715	0.00791	0.00646	0.00889	0.11406	0.02201	0.07786	0.04507	0.02700	0.04582	0.00830	0.00655	0.00398	0.00291	0.00114	0.00366	0.00268	0.00262	0.03674
4	0.00667	0.00481	0.00574	0.00539	0.00691	0.00418	0.00397	0.00827	0.05272	0.07438	0.02141	0.37020	0.20441	0.00859	0.00426	0.00125	0.00245	0.00750	0.00341	0.20348
5	0.00912	0.01036	0.02232	0.01603	0.01975	0.00991	0.78425	0.01226	0.00899	0.01226	0.00770	0.01036	0.00584	0.00345	0.00499	0.00133	0.04945	0.00452	0.00195	0.00518
6	0.00560	0.00379	0.00498	0.00564	0.00620	0.00355	0.00411	0.00653	0.00794	0.04685	0.02212	0.56921	0.09101	0.03902	0.00543	0.00165	0.00258	0.16682	0.00361	0.00337
7	0.00873	0.00820	0.01436	0.01113	0.01360	0.00819	0.37299	0.15108	0.03364	0.01374	0.01304	0.24044	0.03846	0.00639	0.00484	0.00137	0.03557	0.01657	0.00285	0.00481
8	0.00554	0.00415	0.00623	0.00623	0.00692	0.00485	0.00485	0.00692	0.00623	0.00900	0.01038	0.01523	0.00969	0.02908	0.84839	0.00623	0.01038	0.00415	0.00208	0.00346
9	0.00854	0.00888	0.01313	0.02558	0.03929	0.10577	0.22583	0.01016	0.00760	0.01016	0.00782	0.04143	0.00712	0.01059	0.18987	0.02966	0.24825	0.00405	0.00196	0.00431
10	0.00828	0.00548	0.00651	0.00578	0.00730	0.00541	0.00444	0.12562	0.06952	0.10871	0.35584	0.09862	0.13324	0.02932	0.00475	0.00132	0.00253	0.00641	0.01647	0.00445
11	0.08515	0.00433	0.00522	0.00554	0.00637	0.00422	0.00393	0.02216	0.03158	0.07906	0.04622	0.60949	0.06171	0.01021	0.00456	0.00147	0.00243	0.00905	0.00363	0.00369
12	0.00520	0.00370	0.00464	0.00521	0.00550	0.00358	0.00346	0.00608	0.03243	0.00963	0.03133	0.55080	0.03506	0.23765	0.00885	0.00215	0.00272	0.04568	0.00329	0.00306
13	0.00795	0.00472	0.00559	0.00515	0.00641	0.00462	0.00391	0.04706	0.06799	0.10703	0.30066	0.10126	0.03782	0.02100	0.00417	0.00121	0.00226	0.00571	0.26128	0.00420
14	0.00536	0.00408	0.00471	0.00493	0.00566	0.00390	0.00344	0.00689	0.06986	0.01051	0.08231	0.28117	0.26407	0.19234	0.00791	0.00193	0.00257	0.04165	0.00340	0.00329
15	0.00673	0.00337	0.00505	0.00505	0.00505	0.00337	0.00337	0.00505	0.00505	0.00673	0.00673	0.01178	0.00673	0.01347	0.01515	0.88721	0.00337	0.00337	0.00168	0.00168
16	0.00619	0.00647	0.06107	0.00872	0.01044	0.00543	0.23758	0.00790	0.00821	0.01103	0.05094	0.47184	0.08033	0.00876	0.00472	0.00144	0.00364	0.00832	0.00304	0.00393
17	0.00498	0.00431	0.04696	0.00575	0.00634	0.00354	0.00430	0.00593	0.00761	0.01015	0.02116	0.73598	0.05057	0.01155	0.00490	0.00156	0.00251	0.06510	0.00350	0.00331
18	0.01276	0.00975	0.01042	0.00846	0.01120	0.01092	0.00684	0.48503	0.34390	0.04047	0.01204	0.01146	0.00876	0.00490	0.00391	0.00122	0.00376	0.00386	0.00393	0.00641
19	0.00563	0.00379	0.00437	0.00437	0.00441	0.00383	0.00252	0.00573	0.00568	0.00762	0.01209	0.02468	0.01379	0.80664	0.07643	0.00393	0.00421	0.00554	0.00233	0.00243
20	0.00967	0.21511	0.42550	0.00942	0.01358	0.12349	0.01047	0.06180	0.04235	0.01197	0.00748	0.03886	0.00607	0.00407	0.00345	0.00112	0.00521	0.00303	0.00199	0.00536
21	0.11260	0.02344	0.06821	0.06411	0.11200	0.07212	0.06674	0.04310	0.06584	0.17833	0.03090	0.01040	0.00753	0.00409	0.00371	0.00113	0.01611	0.00337	0.01521	0.10105

[dist]
# distance from previous block
# <min> <max>
0	1

[block]
# block no. 9 follows, 70 sequences, length 10
# corresponding to MSA columns:
# 504-513
name=unknown_J
#
# <colnr> <probs for GDERKNQSTAVLIFYWHMCP>
#	G	D	E	R	K	N	Q	S	T	A	V	L	I	F	Y	W	H	M	C	P
0	0.00883	0.07565	0.19054	0.07044	0.10005	0.07123	0.06875	0.03363	0.05420	0.03246	0.04080	0.11682	0.00957	0.00497	0.00396	0.00117	0.01849	0.00427	0.00240	0.09177
1	0.00567	0.00404	0.00459	0.00440	0.00550	0.00356	0.00322	0.00669	0.00901	0.05413	0.24033	0.03166	0.46447	0.10771	0.00665	0.03192	0.00225	0.00720	0.00362	0.00338
2	0.22007	0.00799	0.00801	0.00665	0.00913	0.09306	0.00535	0.05861	0.04011	0.40073	0.01176	0.04193	0.00839	0.00469	0.00346	0.00117	0.00351	0.00357	0.06635	0.00546
3	0.00922	0.09363	0.27935	0.10400	0.12022	0.02881	0.06881	0.06115	0.00885	0.05526	0.00801	0.02743	0.00642	0.02478	0.03067	0.00142	0.04412	0.00345	0.01913	0.00528
4	0.11902	0.12544	0.29879	0.01003	0.04059	0.11309	0.09672	0.05646	0.00920	0.04335	0.04733	0.00909	0.00679	0.00391	0.00351	0.00115	0.00503	0.00310	0.00219	0.00523
5	0.00572	0.00378	0.00465	0.00501	0.00564	0.00344	0.00342	0.00643	0.00774	0.06878	0.02353	0.50004	0.20065	0.13401	0.00693	0.00180	0.00248	0.00912	0.00350	0.00331
6	0.01028	0.06961	0.11501	0.00869	0.01112	0.25839	0.04144	0.06483	0.09305	0.02387	0.08108	0.03757	0.07698	0.00528	0.00443	0.00117	0.06525	0.00403	0.00264	0.02526
7	0.01081	0.11689	0.06555	0.02866	0.19698	0.05026	0.05779	0.10838	0.04584	0.10929	0.04507	0.03321	0.00828	0.00460	0.00464	0.00120	0.08894	0.00370	0.00265	0.01726
8	0.00910	0.05285	0.21122	0.10356	0.18228	0.05024	0.07659	0.06974	0.02543	0.01223	0.00843	0.01054	0.03633	0.02905	0.00532	0.00132	0.10496	0.00354	0.00205	0.00523
9	0.00612	0.00510	0.02356	0.03445	0.00779	0.00571	0.02099	0.00730	0.00630	0.00908	0.01019	0.03523	0.01006	0.19040	0.47662	0.00457	0.11114	0.00446	0.02750	0.00344

[dist]
# distance from previous block
# <min> <max>
0	1

[block]
# block no. 10 follows, 70 sequences, length 12
# corresponding to MSA columns:
# 515-526
name=unknown_K
#
# <colnr> <probs for GDERKNQSTAVLIFYWHMCP>
#	G	D	E	R	K	N	Q	S	T	A	V	L	I	F	Y	W	H	M	C	P
0	0.09570	0.35188	0.12750	0.00893	0.03563	0.09410	0.08116	0.06955	0.00916	0.06083	0.00683	0.00772	0.00541	0.00363	0.00316	0.00103	0.00468	0.00270	0.00215	0.02827
1	0.04070	0.08390	0.05934	0.00554	0.00701	0.00560	0.00464	0.02866	0.00874	0.01176	0.17169	0.18905	0.28471	0.03904	0.00519	0.00139	0.03905	0.00698	0.00326	0.00376
2	0.00605	0.00408	0.00482	0.00468	0.00569	0.00369	0.00338	0.00709	0.00871	0.07905	0.20270	0.11737	0.34469	0.14606	0.04296	0.00191	0.00272	0.00730	0.00358	0.00348
3	0.09147	0.00615	0.01760	0.00649	0.02356	0.00554	0.02355	0.06288	0.03175	0.04684	0.01347	0.33395	0.02445	0.00686	0.00385	0.00115	0.00290	0.00596	0.00305	0.28855
4	0.03352	0.02273	0.00817	0.00779	0.04979	0.12960	0.04018	0.08140	0.05138	0.01248	0.05221	0.34474	0.05030	0.00759	0.00416	0.00127	0.00352	0.00660	0.02936	0.06320
5	0.00521	0.00364	0.00494	0.00552	0.00594	0.00358	0.00385	0.00607	0.00737	0.02841	0.04467	0.60900	0.04253	0.03412	0.17293	0.00252	0.00390	0.00918	0.00332	0.00329
6	0.00729	0.00529	0.00636	0.00649	0.03200	0.00541	0.00458	0.01104	0.23543	0.07437	0.11523	0.32218	0.09831	0.05114	0.00522	0.00150	0.00262	0.00743	0.00375	0.00435
7	0.00941	0.11250	0.07863	0.10104	0.15940	0.03955	0.18441	0.04527	0.06765	0.02864	0.03387	0.03003	0.00751	0.00432	0.00466	0.00123	0.08058	0.00381	0.00223	0.00524
8	0.00544	0.00376	0.00467	0.00503	0.00576	0.00338	0.00355	0.00639	0.00844	0.05337	0.13410	0.49603	0.23454	0.01061	0.00475	0.00144	0.00217	0.00940	0.00375	0.00342
9	0.00940	0.00494	0.00634	0.00578	0.00730	0.00451	0.00439	0.03313	0.03105	0.28423	0.17569	0.28216	0.11858	0.00828	0.00443	0.00133	0.00256	0.00721	0.00414	0.00456
10	0.00877	0.00876	0.01478	0.37181	0.35543	0.04190	0.12013	0.01127	0.00850	0.01135	0.00715	0.00992	0.00565	0.00363	0.00394	0.00123	0.00519	0.00356	0.00185	0.00518
11	0.03869	0.08899	0.03887	0.00724	0.03250	0.07664	0.02292	0.10731	0.04135	0.05721	0.18219	0.18455	0.08280	0.00700	0.00410	0.00124	0.00337	0.01519	0.00333	0.00452

[dist]
# distance from previous block
# <min> <max>
0	1

[block]
# block no. 11 follows, 70 sequences, length 18
# corresponding to MSA columns:
# 528-545
name=unknown_L
#
# <colnr> <probs for GDERKNQSTAVLIFYWHMCP>
#	G	D	E	R	K	N	Q	S	T	A	V	L	I	F	Y	W	H	M	C	P
0	0.00653	0.00522	0.00609	0.00523	0.00716	0.00443	0.01546	0.02455	0.03907	0.03499	0.11984	0.10803	0.33428	0.00728	0.00406	0.00110	0.00243	0.00619	0.00332	0.26474
1	0.00943	0.00898	0.01527	0.02297	0.79856	0.00898	0.01162	0.01171	0.00883	0.01261	0.00794	0.01128	0.00694	0.00381	0.00391	0.00118	0.00455	0.04340	0.00200	0.00601
2	0.00772	0.01738	0.67095	0.01012	0.01488	0.03916	0.01235	0.01188	0.03849	0.01228	0.04941	0.08077	0.00846	0.00467	0.00384	0.00125	0.00520	0.00379	0.00203	0.00538
3	0.00960	0.00921	0.01574	0.02380	0.83957	0.00921	0.01190	0.01190	0.00883	0.01267	0.00729	0.00960	0.00614	0.00345	0.00384	0.00115	0.00461	0.00345	0.00192	0.00614
4	0.00635	0.00525	0.00573	0.00541	0.00685	0.00529	0.00411	0.01055	0.25668	0.01356	0.24747	0.04678	0.35514	0.00799	0.00440	0.00129	0.00227	0.00679	0.00388	0.00423
5	0.00904	0.00683	0.00759	0.00668	0.00858	0.00731	0.00522	0.13612	0.32751	0.06574	0.17340	0.04081	0.14366	0.00739	0.03503	0.00145	0.00310	0.00546	0.00392	0.00515
6	0.00732	0.00689	0.01163	0.85444	0.02670	0.00861	0.01077	0.00991	0.00775	0.00991	0.00689	0.01034	0.00517	0.00388	0.00388	0.00129	0.00517	0.00345	0.00172	0.00431
7	0.00497	0.00364	0.00468	0.00512	0.00569	0.00335	0.00361	0.00605	0.00867	0.01168	0.26452	0.49929	0.12154	0.01059	0.00481	0.00144	0.00213	0.03108	0.00380	0.00332
8	0.00795	0.00541	0.00616	0.00568	0.00705	0.00543	0.00433	0.18156	0.02327	0.04925	0.13850	0.22893	0.15679	0.00794	0.00421	0.00127	0.00258	0.01968	0.13979	0.00424
9	0.00509	0.00379	0.00469	0.00478	0.00557	0.00344	0.00344	0.00635	0.00935	0.01261	0.41128	0.25424	0.21053	0.04060	0.00523	0.00143	0.00204	0.00830	0.00387	0.00339
10	0.12200	0.00816	0.00947	0.00738	0.01029	0.00828	0.00609	0.30391	0.01297	0.43409	0.01187	0.01103	0.00788	0.00514	0.02247	0.00130	0.00376	0.00354	0.00412	0.00624
11	0.00784	0.00655	0.00670	0.00612	0.00792	0.02682	0.00471	0.03855	0.37902	0.03885	0.04321	0.02429	0.36150	0.02478	0.00454	0.00134	0.00273	0.00599	0.00375	0.00478
12	0.00494	0.00355	0.00438	0.00491	0.00530	0.00329	0.00326	0.00550	0.00738	0.00963	0.04183	0.52020	0.17324	0.15236	0.00769	0.03448	0.00248	0.00923	0.00334	0.00300
13	0.00765	0.00660	0.00925	0.22147	0.13060	0.05677	0.01898	0.00954	0.02850	0.04776	0.06857	0.20248	0.01318	0.02585	0.11830	0.00203	0.02005	0.00552	0.00262	0.00428
14	0.01357	0.01689	0.01240	0.01065	0.01292	0.69599	0.11445	0.03750	0.01090	0.01031	0.00708	0.00820	0.02401	0.00405	0.00367	0.00105	0.00674	0.00293	0.00208	0.00462
15	0.02205	0.00362	0.00443	0.00501	0.00546	0.00347	0.00345	0.00631	0.00757	0.01080	0.03915	0.53444	0.05458	0.09058	0.00592	0.00165	0.00238	0.04882	0.14711	0.00321
16	0.00604	0.00397	0.00487	0.00498	0.00584	0.00369	0.00359	0.00752	0.03203	0.05937	0.24116	0.33816	0.15016	0.02170	0.00468	0.00137	0.00215	0.00806	0.09701	0.00362
17	0.01229	0.10026	0.08826	0.00878	0.03138	0.07272	0.00752	0.35212	0.15013	0.07246	0.05758	0.01096	0.00894	0.00465	0.00374	0.00115	0.00419	0.00359	0.00335	0.00593

[dist]
# distance from previous block
# <min> <max>
3	9

[block]
# block no. 12 follows, 70 sequences, length 10
# corresponding to MSA columns:
# 555-557,600-606
name=unknown_M
#
# <colnr> <probs for GDERKNQSTAVLIFYWHMCP>
#	G	D	E	R	K	N	Q	S	T	A	V	L	I	F	Y	W	H	M	C	P
0	0.01115	0.06852	0.12221	0.01122	0.12358	0.05892	0.08726	0.12644	0.14536	0.12473	0.03724	0.02711	0.00860	0.00452	0.00407	0.00120	0.02532	0.00381	0.00296	0.00576
1	0.00910	0.00935	0.00757	0.00726	0.00858	0.27208	0.00533	0.03736	0.15497	0.01182	0.09566	0.27510	0.04133	0.04070	0.00480	0.00138	0.00397	0.00622	0.00318	0.00423
2	0.00576	0.00391	0.00476	0.00502	0.00592	0.00348	0.00364	0.00674	0.00853	0.07448	0.08388	0.40420	0.32031	0.01038	0.00473	0.00143	0.00225	0.04332	0.00374	0.00351
3	0.03263	0.00779	0.01072	0.04529	0.26031	0.00717	0.00741	0.07616	0.00931	0.07751	0.00841	0.01062	0.00689	0.00374	0.00346	0.00094	0.00366	0.03862	0.00254	0.38679
4	0.01059	0.03406	0.02772	0.04498	0.02277	0.06611	0.04354	0.09291	0.15182	0.17104	0.10736	0.08094	0.03794	0.02245	0.00428	0.00124	0.00363	0.00473	0.00348	0.06841
5	0.00835	0.00451	0.00614	0.00624	0.00738	0.00418	0.00487	0.00959	0.00891	0.21875	0.05225	0.38606	0.02113	0.00974	0.00479	0.00153	0.00287	0.23466	0.00392	0.00415
6	0.00545	0.00394	0.00492	0.00536	0.00598	0.00374	0.00375	0.02124	0.04431	0.02566	0.11407	0.56493	0.12623	0.03139	0.00514	0.00153	0.00232	0.02287	0.00368	0.00346
7	0.07380	0.00430	0.00511	0.00522	0.00599	0.00418	0.00363	0.00741	0.03789	0.03637	0.17286	0.39608	0.02219	0.16121	0.00715	0.00180	0.00258	0.00779	0.00340	0.04103
8	0.02490	0.00710	0.03851	0.00704	0.00884	0.03247	0.00573	0.08190	0.07715	0.24560	0.08742	0.18981	0.05540	0.00699	0.00511	0.00133	0.09594	0.00569	0.01807	0.00498
9	0.23962	0.08839	0.03807	0.20263	0.18154	0.04791	0.09544	0.01143	0.00792	0.01264	0.00644	0.00848	0.00515	0.00371	0.00373	0.00120	0.03585	0.00303	0.00197	0.00486

[dist]
# distance from previous block
# <min> <max>
0	1

[block]
# block no. 13 follows, 70 sequences, length 11
# corresponding to MSA columns:
# 608-618
name=unknown_N
#
# <colnr> <probs for GDERKNQSTAVLIFYWHMCP>
#	G	D	E	R	K	N	Q	S	T	A	V	L	I	F	Y	W	H	M	C	P
0	0.14734	0.00476	0.00547	0.00547	0.00660	0.00472	0.00402	0.02388	0.03167	0.09713	0.13973	0.42600	0.07078	0.00894	0.00431	0.00139	0.00246	0.00778	0.00364	0.00390
1	0.00634	0.05669	0.00786	0.00633	0.00802	0.00499	0.06916	0.00757	0.00786	0.01086	0.01650	0.44399	0.07394	0.00813	0.00416	0.00121	0.00286	0.00731	0.00298	0.25323
2	0.03815	0.00853	0.00979	0.00821	0.06002	0.07001	0.03362	0.10491	0.06808	0.17521	0.00936	0.00968	0.00694	0.00377	0.00341	0.00092	0.00367	0.00304	0.00302	0.37964
3	0.00699	0.00511	0.00642	0.00615	0.00706	0.00538	0.01697	0.02618	0.11903	0.06116	0.09372	0.27989	0.09475	0.12779	0.02528	0.01502	0.07205	0.02377	0.00337	0.00389
4	0.00601	0.00402	0.00494	0.00521	0.00599	0.00377	0.00368	0.00747	0.05186	0.06572	0.10166	0.47081	0.16253	0.04394	0.00522	0.00151	0.00231	0.00880	0.04095	0.00359
5	0.02805	0.05275	0.10639	0.05070	0.13992	0.06589	0.30797	0.05462	0.06407	0.03263	0.01991	0.00999	0.00660	0.00372	0.00396	0.00119	0.00530	0.00372	0.00225	0.04038
6	0.01179	0.01273	0.01122	0.00962	0.01177	0.36764	0.09125	0.11548	0.19278	0.01316	0.01018	0.09019	0.00875	0.00514	0.00417	0.00120	0.03100	0.00409	0.00280	0.00506
7	0.00484	0.00353	0.00450	0.00516	0.00557	0.00327	0.00352	0.00562	0.00777	0.01023	0.07236	0.63451	0.13307	0.05712	0.00568	0.00164	0.00230	0.03256	0.00357	0.00316
8	0.05971	0.00950	0.01260	0.03257	0.09693	0.04587	0.15150	0.30663	0.06829	0.07556	0.01063	0.03574	0.02548	0.00470	0.00396	0.00122	0.00444	0.02366	0.02533	0.00568
9	0.15644	0.09997	0.19715	0.00983	0.06211	0.04331	0.07246	0.17569	0.05794	0.07752	0.00819	0.00885	0.00604	0.00397	0.00349	0.00116	0.00453	0.00310	0.00264	0.00560
10	0.00780	0.00720	0.01185	0.76986	0.06900	0.00881	0.01066	0.04925	0.00831	0.01075	0.00703	0.01025	0.00529	0.00389	0.00387	0.00128	0.00509	0.00345	0.00184	0.00451

[dist]
# distance from previous block
# <min> <max>
2	6

[block]
# block no. 14 follows, 70 sequences, length 20
# corresponding to MSA columns:
# 626-645
name=unknown_O
#
# <colnr> <probs for GDERKNQSTAVLIFYWHMCP>
#	G	D	E	R	K	N	Q	S	T	A	V	L	I	F	Y	W	H	M	C	P
0	0.05645	0.00919	0.00962	0.00791	0.01048	0.03896	0.00634	0.36810	0.24913	0.08623	0.03582	0.05139	0.00990	0.00514	0.00384	0.00120	0.00366	0.00409	0.00377	0.03879
1	0.01036	0.86609	0.02032	0.00663	0.00995	0.01534	0.00663	0.01161	0.00788	0.00912	0.00539	0.00622	0.00498	0.00332	0.00249	0.00083	0.00415	0.00207	0.00166	0.00498
2	0.04140	0.10810	0.37904	0.00937	0.05391	0.00870	0.02111	0.02271	0.04935	0.02221	0.00730	0.00835	0.00561	0.00351	0.00332	0.00101	0.00445	0.00274	0.00205	0.24577
3	0.00919	0.48065	0.39542	0.00865	0.01306	0.01245	0.01014	0.01191	0.00802	0.01056	0.00610	0.00711	0.00495	0.00348	0.00303	0.00101	0.00487	0.00243	0.00165	0.00532
