[name]
unknown

[dist]
# distance from previous block
# <min> <max>
18	169

[block]
# block no. 0 follows, 65 sequences, length 20
# corresponding to MSA columns:
# 232-251
name=unknown_A
#
# <colnr> <probs for GDERKNQSTAVLIFYWHMCP>
#	G	D	E	R	K	N	Q	S	T	A	V	L	I	F	Y	W	H	M	C	P
0	0.04379	0.09110	0.22463	0.00970	0.05026	0.04115	0.04371	0.07400	0.03370	0.20359	0.02851	0.02557	0.00802	0.00441	0.00380	0.00117	0.00456	0.00355	0.00301	0.10178
1	0.02253	0.10510	0.11887	0.00880	0.05539	0.02712	0.02543	0.04785	0.07913	0.21961	0.13677	0.01383	0.01250	0.00491	0.00390	0.00116	0.00390	0.00404	0.00343	0.10574
2	0.04628	0.31456	0.14947	0.00827	0.01183	0.06448	0.03035	0.04036	0.04860	0.13910	0.05698	0.01029	0.00843	0.00428	0.00347	0.00110	0.00448	0.00322	0.00272	0.05172
3	0.08742	0.25525	0.29443	0.00888	0.01298	0.08116	0.00948	0.05844	0.00963	0.09657	0.02201	0.00878	0.00637	0.00404	0.00343	0.00113	0.00495	0.00290	0.00238	0.02976
4	0.11135	0.15329	0.08857	0.00699	0.00947	0.00866	0.00631	0.10949	0.04839	0.03801	0.19944	0.04755	0.02549	0.05568	0.00492	0.00140	0.00359	0.04980	0.00325	0.02835
5	0.08547	0.31973	0.04358	0.00881	0.07608	0.01131	0.00714	0.01556	0.19267	0.15378	0.01082	0.04088	0.00857	0.00463	0.00348	0.00117	0.00390	0.00357	0.00303	0.00583
6	0.13468	0.33604	0.09621	0.00738	0.01039	0.08543	0.00691	0.01299	0.00882	0.13512	0.00924	0.07542	0.00813	0.05201	0.00429	0.00129	0.00434	0.00357	0.00260	0.00514
7	0.00648	0.11851	0.00773	0.00656	0.00752	0.00564	0.00529	0.00774	0.00855	0.01110	0.03535	0.37781	0.02262	0.04148	0.00562	0.00173	0.00325	0.31979	0.00349	0.00375
8	0.00688	0.15555	0.00776	0.00517	0.00602	0.00616	0.00358	0.00730	0.00676	0.00886	0.01249	0.12079	0.01418	0.55672	0.01480	0.00297	0.00381	0.00578	0.00251	0.05191
9	0.11824	0.00841	0.02298	0.01103	0.17890	0.00831	0.00737	0.19084	0.01163	0.22963	0.01224	0.12945	0.01019	0.00561	0.00403	0.00128	0.00383	0.00469	0.00361	0.03773
10	0.44977	0.13939	0.01025	0.00691	0.00976	0.03969	0.00584	0.17803	0.05173	0.06353	0.00773	0.00818	0.00585	0.00417	0.00309	0.00120	0.00380	0.00276	0.00295	0.00535
11	0.00553	0.00407	0.00555	0.00666	0.03607	0.00386	0.00462	0.00660	0.00848	0.01128	0.06749	0.59264	0.05983	0.01189	0.00524	0.00166	0.00269	0.15848	0.00378	0.00357
12	0.01035	0.00927	0.01492	0.04259	0.64595	0.02091	0.01126	0.03945	0.02162	0.04979	0.00941	0.04811	0.00823	0.00448	0.00416	0.00126	0.00466	0.03286	0.00241	0.01831
13	0.01003	0.00962	0.01643	0.06874	0.78759	0.00972	0.01253	0.01249	0.00929	0.01326	0.00770	0.01020	0.00645	0.00368	0.00407	0.00123	0.00491	0.00366	0.00202	0.00640
14	0.01016	0.00975	0.01666	0.02520	0.83013	0.00975	0.01260	0.01260	0.00935	0.01341	0.00772	0.01016	0.00650	0.00366	0.00406	0.00122	0.00488	0.00366	0.00203	0.00650
15	0.01045	0.00985	0.01643	0.02435	0.78601	0.00991	0.01234	0.05599	0.00988	0.01408	0.00784	0.01014	0.00653	0.00373	0.00407	0.00122	0.00486	0.00366	0.00214	0.00653
16	0.01048	0.00964	0.01605	0.02357	0.75500	0.00958	0.01200	0.03497	0.00966	0.03675	0.00800	0.01020	0.00660	0.00371	0.00403	0.00120	0.00476	0.00363	0.00219	0.03798
17	0.01049	0.02858	0.01555	0.02093	0.61891	0.00983	0.03073	0.09056	0.03750	0.01473	0.02907	0.01068	0.00751	0.00392	0.00402	0.00119	0.00465	0.00372	0.00239	0.05504
18	0.01173	0.00998	0.01469	0.01914	0.52821	0.01027	0.01060	0.23408	0.03200	0.03646	0.02396	0.01063	0.00746	0.00416	0.00407	0.00121	0.00460	0.00374	0.00278	0.03025
19	0.01068	0.03663	0.04494	0.01665	0.43300	0.00907	0.00969	0.09109	0.06689	0.07759	0.10408	0.01289	0.01086	0.00454	0.00406	0.00120	0.00421	0.00406	0.00290	0.05496

[dist]
# distance from previous block
# <min> <max>
8	69

[block]
# block no. 1 follows, 65 sequences, length 14
# corresponding to MSA columns:
# 327-340
name=unknown_B
#
# <colnr> <probs for GDERKNQSTAVLIFYWHMCP>
#	G	D	E	R	K	N	Q	S	T	A	V	L	I	F	Y	W	H	M	C	P
0	0.06651	0.28080	0.14159	0.00800	0.01168	0.02895	0.00782	0.08177	0.02560	0.25710	0.00972	0.00965	0.00698	0.00421	0.00346	0.00112	0.00431	0.00309	0.00307	0.04460
1	0.04937	0.43032	0.09897	0.00733	0.01058	0.01169	0.00709	0.02727	0.05157	0.15726	0.03915	0.01104	0.00846	0.06845	0.00459	0.00129	0.00417	0.00325	0.00270	0.00545
2	0.25294	0.08395	0.06583	0.00659	0.00899	0.00778	0.00569	0.01281	0.09616	0.15193	0.05152	0.16538	0.06195	0.00644	0.00382	0.00133	0.00328	0.00520	0.00341	0.00499
3	0.15677	0.15569	0.14450	0.00793	0.01109	0.07239	0.00748	0.09876	0.05959	0.11128	0.06857	0.05790	0.00997	0.00501	0.00364	0.00121	0.00422	0.00381	0.00302	0.01718
4	0.04211	0.22683	0.16300	0.00728	0.00986	0.00892	0.00695	0.04830	0.04457	0.03418	0.03422	0.21096	0.03380	0.10457	0.00588	0.00159	0.00394	0.00555	0.00278	0.00471
5	0.05848	0.43574	0.12277	0.00785	0.01148	0.02611	0.00778	0.08207	0.02493	0.15989	0.02266	0.00905	0.00695	0.00411	0.00327	0.00107	0.00438	0.00292	0.00269	0.00577
6	0.00587	0.00421	0.00511	0.00519	0.00576	0.00389	0.00336	0.00647	0.00732	0.01005	0.06062	0.35358	0.02007	0.37591	0.01173	0.00252	0.00312	0.00791	0.00312	0.10418
7	0.22320	0.23427	0.01258	0.00744	0.01051	0.01187	0.00641	0.24443	0.10300	0.04994	0.00864	0.00892	0.00662	0.00426	0.00329	0.00113	0.00390	0.00300	0.00306	0.05356
8	0.02970	0.25280	0.11278	0.00751	0.01059	0.00976	0.00714	0.09874	0.03196	0.10477	0.05535	0.04168	0.05533	0.02185	0.00411	0.00123	0.00396	0.07018	0.00302	0.07754
9	0.00722	0.00633	0.00751	0.00880	0.10940	0.06804	0.00571	0.00931	0.07595	0.01202	0.06287	0.42332	0.05228	0.00947	0.00477	0.00148	0.00326	0.07825	0.00346	0.05054
10	0.02869	0.01004	0.07622	0.01969	0.56008	0.00936	0.01113	0.04282	0.09021	0.01440	0.04551	0.01328	0.00930	0.00453	0.00415	0.00128	0.00457	0.04605	0.00251	0.00618
11	0.07447	0.00763	0.01205	0.04789	0.48568	0.00772	0.00924	0.01037	0.00867	0.01278	0.01213	0.26861	0.01265	0.00651	0.00431	0.00137	0.00400	0.00601	0.00261	0.00530
12	0.00970	0.00912	0.01521	0.04767	0.69280	0.00922	0.01167	0.01242	0.04050	0.01331	0.00946	0.03310	0.00848	0.00454	0.00422	0.00129	0.00469	0.06416	0.00228	0.00616
13	0.01016	0.00975	0.01666	0.02520	0.83013	0.00975	0.01260	0.01260	0.00935	0.01341	0.00772	0.01016	0.00650	0.00366	0.00406	0.00122	0.00488	0.00366	0.00203	0.00650

[dist]
# distance from previous block
# <min> <max>
1	11

[block]
# block no. 2 follows, 65 sequences, length 16
# corresponding to MSA columns:
# 352-367
name=unknown_C
#
# <colnr> <probs for GDERKNQSTAVLIFYWHMCP>
#	G	D	E	R	K	N	Q	S	T	A	V	L	I	F	Y	W	H	M	C	P
0	0.08503	0.02437	0.04963	0.00893	0.10543	0.00701	0.00641	0.07346	0.04578	0.20698	0.04571	0.11275	0.03029	0.12330	0.00647	0.00169	0.00369	0.03741	0.00351	0.02215
1	0.07527	0.31199	0.12803	0.00883	0.04387	0.07246	0.00805	0.07713	0.09308	0.08813	0.00855	0.00900	0.00661	0.00409	0.00337	0.00109	0.00452	0.00296	0.00262	0.05035
2	0.06135	0.12643	0.14182	0.00730	0.00953	0.00726	0.00680	0.01054	0.04804	0.07278	0.05836	0.26948	0.01709	0.02449	0.00471	0.00149	0.00364	0.12106	0.00323	0.00461
3	0.06576	0.42594	0.23890	0.00846	0.01250	0.03357	0.00904	0.05529	0.03197	0.07348	0.00748	0.00814	0.00585	0.00390	0.00323	0.00108	0.00475	0.00273	0.00225	0.00567
4	0.01135	0.38194	0.23705	0.00868	0.01269	0.01164	0.03916	0.03386	0.00954	0.15812	0.05299	0.01002	0.00802	0.00419	0.00348	0.00111	0.00465	0.00319	0.00256	0.00577
5	0.00597	0.00398	0.00448	0.00448	0.00448	0.00398	0.00249	0.00597	0.00597	0.00796	0.01293	0.02686	0.01492	0.85574	0.02089	0.00398	0.00398	0.00597	0.00249	0.00249
6	0.01150	0.14661	0.43587	0.00984	0.01456	0.00990	0.02754	0.04837	0.03292	0.21017	0.00962	0.00991	0.00671	0.00420	0.00379	0.00123	0.00506	0.00328	0.00272	0.00620
7	0.01220	0.00919	0.04581	0.05399	0.41979	0.00848	0.08187	0.01457	0.01001	0.25229	0.01078	0.01279	0.00814	0.00439	0.00421	0.00129	0.00468	0.03619	0.00298	0.00635
8	0.00977	0.04558	0.31383	0.07730	0.24235	0.00974	0.16167	0.01316	0.00920	0.06661	0.00815	0.00996	0.00610	0.00383	0.00410	0.00128	0.00562	0.00363	0.00211	0.00601
9	0.00502	0.00363	0.00475	0.00560	0.00594	0.00336	0.00377	0.00579	0.00807	0.01071	0.05046	0.77689	0.07571	0.01256	0.00520	0.00164	0.00235	0.01135	0.00383	0.00336
10	0.07591	0.06656	0.21858	0.01064	0.10818	0.08141	0.00922	0.01600	0.01012	0.34781	0.01070	0.01062	0.00734	0.00435	0.00382	0.00123	0.00468	0.00341	0.00323	0.00621
11	0.01197	0.11236	0.25937	0.02524	0.14228	0.03798	0.07760	0.03457	0.00991	0.21940	0.00952	0.01022	0.00680	0.00418	0.00409	0.00124	0.02089	0.00348	0.00273	0.00615
12	0.03480	0.00758	0.06724	0.00736	0.00971	0.00656	0.00618	0.12888	0.03934	0.31477	0.05752	0.25449	0.01588	0.00748	0.00446	0.00140	0.00342	0.02319	0.00418	0.00557
13	0.33326	0.09315	0.18305	0.04347	0.08162	0.11081	0.00851	0.03155	0.02774	0.04262	0.00708	0.00816	0.00544	0.00396	0.00330	0.00121	0.00469	0.00278	0.00233	0.00527
14	0.02678	0.03700	0.00727	0.00639	0.02163	0.00535	0.00480	0.04017	0.02877	0.18797	0.22688	0.24578	0.09264	0.00842	0.00458	0.00137	0.00275	0.01990	0.00411	0.02744
15	0.12731	0.15808	0.19913	0.02887	0.13799	0.05675	0.00923	0.04994	0.03256	0.07707	0.05043	0.01003	0.00776	0.00420	0.00357	0.00117	0.00461	0.00324	0.00252	0.03553

[dist]
# distance from previous block
# <min> <max>
8	66

[block]
# block no. 3 follows, 65 sequences, length 6
# corresponding to MSA columns:
# 442-447
name=unknown_D
#
# <colnr> <probs for GDERKNQSTAVLIFYWHMCP>
#	G	D	E	R	K	N	Q	S	T	A	V	L	I	F	Y	W	H	M	C	P
0	0.23201	0.07647	0.20053	0.00900	0.03919	0.02876	0.05526	0.04899	0.06368	0.06757	0.08623	0.01212	0.03725	0.00476	0.00387	0.00127	0.02118	0.00370	0.00280	0.00535
1	0.04428	0.04486	0.08973	0.00901	0.06828	0.04168	0.02772	0.16414	0.06478	0.10072	0.08704	0.04744	0.12038	0.00583	0.00410	0.00123	0.00389	0.00481	0.00342	0.06668
2	0.04564	0.00635	0.02887	0.00641	0.00765	0.03843	0.00490	0.09206	0.05503	0.07647	0.03892	0.04052	0.03590	0.05086	0.05937	0.36408	0.00410	0.00430	0.03642	0.00373
3	0.04506	0.04066	0.02421	0.00775	0.02307	0.05956	0.06235	0.02985	0.07513	0.12410	0.10133	0.24158	0.10818	0.00787	0.00475	0.00139	0.02804	0.00678	0.00360	0.00474
4	0.04513	0.06660	0.04551	0.01321	0.10184	0.04761	0.26404	0.04632	0.02573	0.04535	0.05410	0.04178	0.00877	0.00506	0.00606	0.00139	0.16939	0.00434	0.00245	0.00532
5	0.03094	0.19069	0.10863	0.01044	0.04989	0.04973	0.10040	0.20955	0.11191	0.08438	0.00955	0.01002	0.00713	0.00432	0.00381	0.00120	0.00482	0.00351	0.00298	0.00611

[dist]
# distance from previous block
# <min> <max>
1	3

[block]
# block no. 4 follows, 65 sequences, length 25
# corresponding to MSA columns:
# 451-475
name=unknown_E
#
# <colnr> <probs for GDERKNQSTAVLIFYWHMCP>
#	G	D	E	R	K	N	Q	S	T	A	V	L	I	F	Y	W	H	M	C	P
0	0.04002	0.00803	0.02786	0.30301	0.13019	0.00844	0.09734	0.01242	0.10746	0.04441	0.09527	0.02580	0.02627	0.00517	0.01504	0.00138	0.00463	0.00442	0.00269	0.04016
1	0.18195	0.26208	0.03176	0.00723	0.02981	0.01016	0.01624	0.03950	0.05412	0.06053	0.02192	0.00924	0.01955	0.00390	0.00311	0.00099	0.00369	0.00284	0.00258	0.23881
2	0.00538	0.00422	0.00516	0.00526	0.00624	0.00401	0.00387	0.00647	0.00814	0.01059	0.04358	0.19719	0.35172	0.05748	0.23491	0.00297	0.00472	0.00771	0.00327	0.03715
3	0.07016	0.00949	0.00997	0.00836	0.03309	0.06035	0.01712	0.18079	0.24806	0.02704	0.01058	0.01082	0.00810	0.00469	0.01433	0.00115	0.00389	0.00345	0.00329	0.27527
4	0.00587	0.00438	0.00651	0.00651	0.00722	0.00509	0.00503	0.00728	0.00657	0.00947	0.01107	0.01655	0.01045	0.06373	0.80678	0.00649	0.01071	0.00446	0.00221	0.00362
5	0.01133	0.12366	0.15925	0.01072	0.05196	0.07768	0.11744	0.11590	0.06261	0.08079	0.00908	0.02553	0.00703	0.00426	0.00401	0.00116	0.02010	0.00354	0.00268	0.11125
6	0.02743	0.07964	0.30173	0.00933	0.02777	0.00782	0.05714	0.03819	0.00887	0.02304	0.01312	0.23741	0.01335	0.01963	0.02194	0.00156	0.00462	0.08609	0.00269	0.01862
7	0.00500	0.00357	0.00476	0.00572	0.00595	0.00333	0.00381	0.00572	0.00786	0.01048	0.02262	0.85306	0.02715	0.01286	0.00524	0.00167	0.00238	0.01167	0.00381	0.00333
8	0.00508	0.00363	0.00483	0.00566	0.00597	0.00339	0.00382	0.00591	0.00822	0.01105	0.09996	0.77409	0.02826	0.01243	0.00520	0.00163	0.00234	0.01126	0.00388	0.00339
9	0.11967	0.04914	0.02420	0.01055	0.09341	0.04922	0.02512	0.39071	0.13236	0.01995	0.00956	0.01001	0.00718	0.00470	0.00420	0.00126	0.03563	0.00355	0.00336	0.00624
10	0.00782	0.00742	0.01270	0.81872	0.02805	0.00916	0.03774	0.01058	0.00826	0.01058	0.00733	0.01095	0.00550	0.00408	0.00413	0.00137	0.00552	0.00369	0.00183	0.00459
11	0.00603	0.00413	0.00463	0.00459	0.00476	0.00412	0.00267	0.00646	0.02915	0.00864	0.03930	0.02731	0.05778	0.76236	0.01911	0.00369	0.00380	0.00612	0.00266	0.00269
12	0.00595	0.00407	0.00495	0.00495	0.00511	0.00424	0.00307	0.00627	0.00611	0.00831	0.01250	0.02448	0.01389	0.67273	0.20249	0.00456	0.00554	0.00562	0.00242	0.00275
13	0.03834	0.05381	0.02237	0.04178	0.11675	0.08020	0.08003	0.13999	0.15863	0.06719	0.03555	0.01251	0.04078	0.00509	0.00500	0.00131	0.08777	0.00407	0.00306	0.00578
14	0.00667	0.00561	0.00706	0.00675	0.00794	0.04297	0.06919	0.02944	0.04600	0.02824	0.06833	0.42165	0.21120	0.01017	0.00493	0.00150	0.00302	0.02168	0.00368	0.00396
15	0.00501	0.00365	0.00473	0.00555	0.00592	0.00336	0.00375	0.00580	0.00813	0.01073	0.05079	0.74803	0.10448	0.01248	0.00519	0.00163	0.00234	0.01124	0.00383	0.00336
16	0.01021	0.00975	0.07227	0.16383	0.10545	0.04486	0.06030	0.05951	0.03131	0.09266	0.00851	0.01088	0.00677	0.00743	0.08352	0.00191	0.21935	0.00377	0.00241	0.00529
17	0.01182	0.02622	0.13176	0.01188	0.06577	0.00949	0.20662	0.16310	0.09535	0.15424	0.02316	0.06194	0.00925	0.00493	0.00432	0.00132	0.00488	0.00455	0.00326	0.00612
18	0.01247	0.03536	0.01416	0.03707	0.20928	0.23528	0.06827	0.11099	0.01076	0.06662	0.00773	0.00941	0.00619	0.00467	0.00564	0.00129	0.15328	0.00345	0.00245	0.00561
19	0.01364	0.01674	0.01188	0.01063	0.01218	0.61852	0.00821	0.01465	0.01021	0.01000	0.00609	0.00782	0.00531	0.00502	0.00631	0.00125	0.23191	0.00290	0.00203	0.00469
20	0.00851	0.00730	0.00851	0.00608	0.00973	0.00547	0.00486	0.01034	0.00851	0.01338	0.00730	0.00851	0.00608	0.00304	0.00304	0.00061	0.00304	0.00243	0.00243	0.88083
21	0.01149	0.41606	0.27111	0.00873	0.01295	0.02666	0.00948	0.06593	0.00966	0.12134	0.00790	0.00844	0.00601	0.00395	0.00334	0.00109	0.00485	0.00282	0.00235	0.00585
22	0.00606	0.00505	0.00682	0.00698	0.00722	0.00581	0.00515	0.00684	0.00752	0.01035	0.01907	0.58250	0.06563	0.01121	0.00742	0.00169	0.22843	0.00934	0.00327	0.00365
23	0.01440	0.00684	0.00875	0.00725	0.00969	0.00645	0.00578	0.12991	0.03420	0.48449	0.03946	0.19108	0.01440	0.00692	0.00441	0.00136	0.00336	0.02060	0.00461	0.00606
24	0.36332	0.00900	0.00867	0.00731	0.00992	0.02756	0.00592	0.26115	0.10840	0.07859	0.01037	0.05777	0.00831	0.00514	0.00358	0.00130	0.00368	0.02093	0.00349	0.00558

[dist]
# distance from previous block
# <min> <max>
1	3

[block]
# block no. 5 follows, 65 sequences, length 15
# corresponding to MSA columns:
# 479-493
name=unknown_F
#
# <colnr> <probs for GDERKNQSTAVLIFYWHMCP>
#	G	D	E	R	K	N	Q	S	T	A	V	L	I	F	Y	W	H	M	C	P
0	0.28433	0.00914	0.01107	0.04208	0.21288	0.00997	0.02713	0.18734	0.09769	0.03897	0.00922	0.03693	0.00733	0.00453	0.00367	0.00128	0.00405	0.00362	0.00300	0.00578
1	0.00954	0.00883	0.01386	0.15990	0.47456	0.00881	0.01044	0.03360	0.02831	0.01333	0.00782	0.01005	0.00639	0.00368	0.00385	0.00112	0.00453	0.00341	0.00219	0.19576
2	0.01100	0.00975	0.01390	0.26844	0.33286	0.03713	0.01072	0.21852	0.03021	0.01570	0.00830	0.01035	0.00641	0.00418	0.00408	0.00127	0.00501	0.00365	0.00255	0.00598
3	0.00589	0.00428	0.00598	0.00598	0.00650	0.00480	0.00436	0.00693	0.00641	0.00907	0.01156	0.01925	0.01162	0.27100	0.60112	0.00583	0.00895	0.00486	0.00228	0.00332
4	0.00972	0.00889	0.01273	0.17371	0.33300	0.00983	0.00980	0.01608	0.35165	0.01444	0.01142	0.01248	0.00885	0.00455	0.00412	0.00132	0.00430	0.00407	0.00290	0.00613
5	0.00496	0.00414	0.00434	0.00447	0.00574	0.00352	0.00336	0.00602	0.00924	0.01111	0.03899	0.10484	0.72060	0.01064	0.00493	0.00144	0.00220	0.05218	0.00381	0.00347
6	0.01036	0.00673	0.00826	0.00622	0.00933	0.00535	0.00498	0.01215	0.00975	0.20261	0.14013	0.01330	0.01222	0.00436	0.00358	0.00087	0.00297	0.00362	0.00337	0.53985
7	0.00851	0.00730	0.00851	0.00608	0.00973	0.00547	0.00486	0.01034	0.00851	0.01338	0.00730	0.00851	0.00608	0.00304	0.00304	0.00061	0.00304	0.00243	0.00243	0.88083
8	0.00851	0.00730	0.00851	0.00608	0.00973	0.00547	0.00486	0.01034	0.00851	0.01338	0.00730	0.00851	0.00608	0.00304	0.00304	0.00061	0.00304	0.00243	0.00243	0.88083
9	0.00980	0.00951	0.01623	0.01216	0.01522	0.03632	0.40935	0.14748	0.03859	0.01590	0.18220	0.01662	0.06056	0.00523	0.00466	0.00133	0.00509	0.00533	0.00310	0.00532
10	0.00648	0.00396	0.00438	0.00437	0.00535	0.00373	0.00324	0.00815	0.00944	0.01446	0.22482	0.09059	0.16360	0.00733	0.00391	0.00117	0.00199	0.00622	0.43307	0.00373
11	0.00816	0.00657	0.01069	0.00917	0.01055	0.00692	0.16540	0.00992	0.02701	0.08384	0.04625	0.27272	0.01643	0.05432	0.03481	0.00188	0.14654	0.08128	0.00315	0.00439
12	0.00787	0.00742	0.01252	0.80569	0.06753	0.00915	0.01146	0.01059	0.00826	0.01063	0.00732	0.01091	0.00552	0.00408	0.00410	0.00136	0.00544	0.00365	0.00183	0.00466
13	0.00907	0.27796	0.58511	0.01027	0.01555	0.01159	0.01267	0.01278	0.00857	0.01197	0.00686	0.00803	0.00522	0.00378	0.00351	0.00117	0.00555	0.00278	0.00174	0.00582
14	0.88473	0.00794	0.00603	0.00540	0.00794	0.00921	0.00445	0.01207	0.00699	0.01842	0.00572	0.00667	0.00445	0.00381	0.00254	0.00127	0.00318	0.00222	0.00254	0.00445

[dist]
# distance from previous block
# <min> <max>
1	2

[block]
# block no. 6 follows, 65 sequences, length 16
# corresponding to MSA columns:
# 496-511
name=unknown_G
#
# <colnr> <probs for GDERKNQSTAVLIFYWHMCP>
#	G	D	E	R	K	N	Q	S	T	A	V	L	I	F	Y	W	H	M	C	P
0	0.00981	0.00940	0.01603	0.14410	0.71395	0.00966	0.01242	0.01229	0.00918	0.01299	0.00766	0.01027	0.00635	0.00372	0.00407	0.00124	0.00496	0.00366	0.00200	0.00622
1	0.01111	0.00926	0.00979	0.00854	0.01102	0.01063	0.00671	0.15416	0.68890	0.01862	0.01557	0.01441	0.01161	0.00546	0.00417	0.00137	0.00346	0.00448	0.00417	0.00658
2	0.00583	0.00448	0.00488	0.00483	0.00617	0.00395	0.00365	0.03669	0.00978	0.03778	0.09010	0.13204	0.59445	0.01021	0.00488	0.00142	0.00230	0.03892	0.00391	0.00373
3	0.00605	0.00395	0.00454	0.00454	0.00454	0.00395	0.00256	0.00593	0.00593	0.00790	0.01255	0.02590	0.01440	0.79971	0.02057	0.06234	0.00395	0.00581	0.00244	0.00244
4	0.01755	0.00719	0.00946	0.00730	0.01038	0.00645	0.00602	0.08402	0.01222	0.72420	0.01626	0.01433	0.03092	0.00520	0.00411	0.00126	0.00350	0.00420	0.02864	0.00681
5	0.01533	0.01956	0.01163	0.01058	0.01269	0.83926	0.00793	0.01639	0.01163	0.01005	0.00635	0.00740	0.00529	0.00423	0.00370	0.00106	0.00740	0.00264	0.00212	0.00476
6	0.00526	0.00413	0.00472	0.00474	0.00583	0.00364	0.00352	0.00654	0.00978	0.01259	0.27673	0.11122	0.45557	0.04149	0.00551	0.00150	0.00220	0.03751	0.00398	0.00355
7	0.02927	0.00910	0.03966	0.01037	0.01365	0.02178	0.24446	0.05082	0.12144	0.28200	0.05472	0.01403	0.03431	0.00481	0.00430	0.00129	0.00451	0.00451	0.00362	0.05135
8	0.00959	0.43679	0.43083	0.00938	0.01418	0.01286	0.01112	0.01265	0.00850	0.01134	0.00654	0.00763	0.00523	0.00371	0.00327	0.00109	0.00523	0.00262	0.00174	0.00567
9	0.00489	0.00416	0.00421	0.00420	0.00557	0.00348	0.00315	0.00597	0.00945	0.01131	0.07388	0.03914	0.79603	0.01031	0.00485	0.00138	0.00207	0.00861	0.00384	0.00348
10	0.01226	0.00659	0.00740	0.00612	0.00821	0.00670	0.00491	0.22573	0.01217	0.20827	0.01311	0.01355	0.00950	0.00489	0.00349	0.00110	0.00297	0.00386	0.44376	0.00540
11	0.00997	0.01161	0.16789	0.09077	0.48605	0.00974	0.01210	0.04475	0.08436	0.03028	0.00870	0.01049	0.00682	0.00399	0.00405	0.00126	0.00496	0.00364	0.00230	0.00628
12	0.00826	0.00769	0.01286	0.50264	0.26857	0.00872	0.01091	0.01082	0.00894	0.01205	0.09991	0.01293	0.00953	0.00445	0.00417	0.00131	0.00489	0.00408	0.00219	0.00507
13	0.00605	0.00432	0.00597	0.00692	0.00762	0.00424	0.00564	0.00753	0.00890	0.01166	0.02204	0.32679	0.02485	0.01187	0.00552	0.00181	0.00329	0.52755	0.00379	0.00362
14	0.00980	0.01014	0.01714	0.03875	0.32068	0.03930	0.22353	0.01200	0.00856	0.01209	0.00711	0.00997	0.00603	0.00470	0.00710	0.00144	0.26024	0.00392	0.00197	0.00553
15	0.00775	0.00730	0.01231	0.84587	0.02827	0.00912	0.01140	0.01049	0.00821	0.01049	0.00730	0.01094	0.00547	0.00410	0.00410	0.00137	0.00547	0.00365	0.00182	0.00456

[dist]
# distance from previous block
# <min> <max>
0	5

[block]
# block no. 7 follows, 65 sequences, length 62
# corresponding to MSA columns:
# 517-572,574-579
name=unknown_H
#
# <colnr> <probs for GDERKNQSTAVLIFYWHMCP>
#	G	D	E	R	K	N	Q	S	T	A	V	L	I	F	Y	W	H	M	C	P
0	0.01272	0.01205	0.03976	0.01116	0.01435	0.13723	0.20458	0.26565	0.15977	0.05127	0.01035	0.01111	0.00771	0.01688	0.00445	0.00130	0.00528	0.00399	0.00322	0.02716
1	0.00928	0.14981	0.17465	0.00754	0.01153	0.00838	0.00741	0.03105	0.03900	0.03284	0.00788	0.02001	0.00641	0.00361	0.00327	0.00086	0.00391	0.00279	0.00237	0.47740
2	0.00867	0.13984	0.69381	0.01121	0.01685	0.01051	0.03884	0.01290	0.00865	0.01253	0.00716	0.00845	0.00524	0.00383	0.00375	0.00124	0.00585	0.00297	0.00175	0.00594
3	0.00898	0.00898	0.01257	0.01078	0.01078	0.01257	0.00898	0.00988	0.00629	0.00988	0.00539	0.00898	0.00539	0.00718	0.01347	0.00180	0.84823	0.00359	0.00180	0.00449
4	0.00555	0.00403	0.00523	0.00526	0.00606	0.00371	0.00382	0.00711	0.01051	0.01460	0.57450	0.24887	0.07607	0.00968	0.00495	0.00140	0.00206	0.00861	0.00429	0.00371
5	0.00721	0.00573	0.00611	0.00580	0.00750	0.00571	0.00448	0.01154	0.25844	0.05143	0.03123	0.05733	0.47652	0.00879	0.00466	0.00142	0.00259	0.04496	0.00398	0.00457
6	0.01092	0.01031	0.01949	0.01437	0.01795	0.03529	0.55560	0.08665	0.01077	0.09485	0.01053	0.03204	0.00848	0.00460	0.00474	0.00139	0.00603	0.06764	0.00273	0.00560
7	0.00592	0.00417	0.00544	0.00544	0.00577	0.00450	0.00369	0.00659	0.00625	0.00867	0.01205	0.02199	0.01281	0.48112	0.39261	0.00517	0.00717	0.00526	0.00236	0.00302
8	0.00502	0.00364	0.00475	0.00563	0.00597	0.00337	0.00381	0.00578	0.00800	0.01056	0.02406	0.77517	0.08830	0.01264	0.00522	0.00165	0.00239	0.02687	0.00381	0.00335
9	0.00588	0.00397	0.00463	0.00470	0.00477	0.00400	0.00275	0.00603	0.00616	0.00826	0.01360	0.09331	0.01564	0.73781	0.06871	0.00395	0.00427	0.00634	0.00258	0.00263
10	0.01790	0.00731	0.00966	0.00746	0.01061	0.00657	0.00615	0.06235	0.04821	0.75387	0.01588	0.01381	0.01010	0.00509	0.00413	0.00127	0.00354	0.00413	0.00499	0.00696
11	0.00823	0.02123	0.83447	0.01170	0.01777	0.00953	0.01517	0.01300	0.00867	0.01300	0.00737	0.00867	0.00520	0.00390	0.00390	0.00130	0.00607	0.00303	0.00173	0.00607
12	0.00517	0.00370	0.00496	0.00591	0.00623	0.00348	0.00411	0.00601	0.00803	0.01067	0.02253	0.76663	0.02677	0.01270	0.00529	0.00169	0.00253	0.09640	0.00381	0.00338
13	0.86906	0.00787	0.00602	0.00539	0.00791	0.00911	0.00444	0.01199	0.00707	0.01838	0.02038	0.00710	0.00506	0.00389	0.00258	0.00127	0.00315	0.00232	0.00258	0.00444
14	0.01021	0.00882	0.00928	0.00835	0.01067	0.01021	0.00650	0.02181	0.82272	0.01717	0.01671	0.01532	0.01253	0.00557	0.00418	0.00139	0.00325	0.00464	0.00418	0.00650
15	0.01355	0.01110	0.01154	0.00927	0.01213	0.07672	0.03319	0.50385	0.18437	0.02132	0.01275	0.01256	0.05608	0.00531	0.00429	0.00127	0.01630	0.00414	0.00385	0.00642
16	0.88473	0.00794	0.00603	0.00540	0.00794	0.00921	0.00445	0.01207	0.00699	0.01842	0.00572	0.00667	0.00445	0.00381	0.00254	0.00127	0.00318	0.00222	0.00254	0.00445
17	0.01560	0.01150	0.01232	0.00944	0.01273	0.01273	0.00780	0.81645	0.01930	0.02587	0.00986	0.00986	0.00698	0.00493	0.00411	0.00123	0.00452	0.00370	0.00411	0.00698
18	0.00609	0.00459	0.00569	0.00539	0.00652	0.00438	0.00409	0.00873	0.07882	0.01578	0.64597	0.03088	0.12503	0.00848	0.00481	0.00133	0.00212	0.03284	0.00439	0.00404
19	0.01096	0.83657	0.02120	0.00706	0.01054	0.01609	0.00701	0.01253	0.02909	0.00985	0.00599	0.00681	0.00545	0.00356	0.00267	0.00089	0.00436	0.00226	0.00182	0.00530
20	0.85992	0.00791	0.00613	0.00545	0.00801	0.00912	0.00449	0.01229	0.00712	0.04175	0.00602	0.00688	0.00461	0.00385	0.00259	0.00127	0.00318	0.00228	0.00261	0.00452
21	0.05765	0.01223	0.07677	0.01037	0.01381	0.10598	0.12689	0.37947	0.01439	0.14716	0.00982	0.01015	0.00691	0.00452	0.00408	0.00125	0.00510	0.00369	0.00347	0.00632
22	0.16397	0.04846	0.01437	0.29061	0.22745	0.00982	0.12379	0.03156	0.00885	0.03300	0.00747	0.00985	0.00580	0.00386	0.00385	0.00129	0.00500	0.00351	0.00217	0.00533
23	0.00814	0.00748	0.01223	0.81178	0.02758	0.02169	0.01121	0.01082	0.00835	0.03143	0.00751	0.01097	0.00559	0.00413	0.00410	0.00136	0.00545	0.00364	0.00191	0.00462
24	0.00500	0.00357	0.00476	0.00572	0.00595	0.00333	0.00381	0.00572	0.00786	0.01048	0.02262	0.85306	0.02715	0.01286	0.00524	0.00167	0.00238	0.01167	0.00381	0.00333
25	0.00607	0.00427	0.00546	0.00512	0.00620	0.00389	0.00386	0.00790	0.01139	0.03929	0.72220	0.03111	0.12078	0.00851	0.00482	0.00130	0.00200	0.00746	0.00446	0.00392
26	0.00495	0.00412	0.00434	0.00448	0.00572	0.00351	0.00335	0.00599	0.00920	0.01108	0.03861	0.12877	0.70433	0.01071	0.00493	0.00144	0.00219	0.04501	0.00381	0.00347
27	0.00977	0.00936	0.01597	0.15652	0.70182	0.00965	0.01241	0.01226	0.00916	0.01294	0.00765	0.01029	0.00634	0.00373	0.00407	0.00124	0.00497	0.00366	0.00200	0.00619
28	0.88473	0.00794	0.00603	0.00540	0.00794	0.00921	0.00445	0.01207	0.00699	0.01842	0.00572	0.00667	0.00445	0.00381	0.00254	0.00127	0.00318	0.00222	0.00254	0.00445
29	0.00843	0.00799	0.01354	0.61461	0.25424	0.00930	0.01174	0.01108	0.00853	0.01131	0.00742	0.01072	0.00576	0.00398	0.00409	0.00133	0.00530	0.00365	0.00188	0.00511
30	0.00600	0.00398	0.00456	0.00456	0.00458	0.00400	0.00259	0.00599	0.00597	0.00798	0.01272	0.02616	0.01457	0.80891	0.04358	0.02887	0.00416	0.00586	0.00246	0.00250
31	0.00962	0.01074	0.02171	0.01584	0.01958	0.03652	0.68989	0.01329	0.05535	0.01313	0.00965	0.05316	0.00788	0.00420	0.00480	0.00140	0.00645	0.01904	0.00231	0.00543
32	0.01003	0.01027	0.01987	0.01425	0.01822	0.00949	0.57511	0.07442	0.01022	0.02613	0.00833	0.01050	0.00631	0.00351	0.00441	0.00121	0.00589	0.00425	0.00235	0.18524
33	0.01039	0.00967	0.01646	0.02469	0.80692	0.00965	0.01241	0.01281	0.00941	0.03662	0.00796	0.01027	0.00661	0.00370	0.00407	0.00122	0.00484	0.00367	0.00212	0.00652
34	0.05061	0.01093	0.02337	0.01674	0.02082	0.01033	0.77731	0.01310	0.00956	0.01340	0.00818	0.01087	0.00614	0.00348	0.00474	0.00138	0.00675	0.00472	0.00210	0.00549
35	0.00539	0.00422	0.00496	0.00533	0.00641	0.00380	0.00417	0.00665	0.00929	0.01162	0.07915	0.16189	0.45489	0.01089	0.00512	0.00155	0.00256	0.21472	0.00384	0.00355
36	0.00823	0.02123	0.83447	0.01170	0.01777	0.00953	0.01517	0.01300	0.00867	0.01300	0.00737	0.00867	0.00520	0.00390	0.00390	0.00130	0.00607	0.00303	0.00173	0.00607
37	0.01480	0.01749	0.01175	0.01038	0.01269	0.65213	0.02354	0.11133	0.08423	0.01261	0.00771	0.00846	0.00615	0.00442	0.00381	0.00111	0.00668	0.00299	0.00253	0.00519
38	0.00577	0.00418	0.00543	0.00514	0.00611	0.00385	0.00385	0.00766	0.01149	0.01620	0.79038	0.04440	0.06305	0.00853	0.00485	0.00130	0.00195	0.00753	0.00449	0.00385
39	0.00502	0.00359	0.00478	0.00570	0.00596	0.00335	0.00381	0.00577	0.00797	0.01065	0.04538	0.82982	0.02748	0.01273	0.00523	0.00166	0.00237	0.01155	0.00383	0.00335
40	0.00781	0.00735	0.01242	0.82626	0.04743	0.00914	0.01143	0.01054	0.00824	0.01056	0.00731	0.01093	0.00550	0.00409	0.00410	0.00136	0.00546	0.00365	0.00183	0.00461
41	0.00840	0.00792	0.01317	0.62486	0.20957	0.00931	0.01147	0.01144	0.04223	0.01143	0.00778	0.01095	0.00600	0.00406	0.00410	0.00134	0.00524	0.00369	0.00197	0.00508
42	0.00586	0.00440	0.00660	0.00660	0.00733	0.00513	0.00513	0.00733	0.00660	0.00953	0.01100	0.01613	0.01026	0.03079	0.83947	0.00660	0.01100	0.00440	0.00220	0.00367
43	0.00485	0.00415	0.00417	0.00419	0.00555	0.00346	0.00313	0.00589	0.00933	0.01108	0.04122	0.05518	0.81303	0.01044	0.00486	0.00139	0.00209	0.00872	0.00381	0.00346
44	0.00562	0.00429	0.00521	0.00523	0.00626	0.00394	0.00394	0.00742	0.03485	0.01379	0.40234	0.13957	0.26892	0.00971	0.00494	0.00142	0.00222	0.07241	0.00415	0.00376
45	0.00836	0.06038	0.79645	0.01148	0.01743	0.00985	0.01479	0.01297	0.00865	0.01284	0.00729	0.00857	0.00520	0.00388	0.00384	0.00128	0.00599	0.00299	0.00173	0.00603
46	0.00586	0.00440	0.00660	0.00660	0.00733	0.00513	0.00513	0.00733	0.00660	0.00953	0.01100	0.01613	0.01026	0.03079	0.83947	0.00660	0.01100	0.00440	0.00220	0.00367
47	0.00579	0.00418	0.00547	0.00518	0.00613	0.00386	0.00387	0.00769	0.01151	0.01628	0.80411	0.05503	0.03839	0.00852	0.00485	0.00130	0.00195	0.00755	0.00450	0.00386
48	0.01028	0.00874	0.00923	0.00822	0.01055	0.01002	0.00642	0.06938	0.73174	0.01750	0.03451	0.01605	0.03746	0.00574	0.00421	0.00138	0.00326	0.00477	0.00417	0.00638
49	0.00765	0.00383	0.00383	0.00383	0.00478	0.00383	0.00287	0.00956	0.00861	0.01530	0.01339	0.01530	0.01052	0.00478	0.00287	0.00096	0.00191	0.00383	0.87853	0.00383
50	0.03639	0.00950	0.01589	0.04712	0.74463	0.00955	0.01202	0.01287	0.00936	0.05180	0.00805	0.01026	0.00658	0.00374	0.00402	0.00123	0.00478	0.00364	0.00218	0.00641
51	0.00976	0.00843	0.00885	0.00800	0.01024	0.00964	0.00621	0.02048	0.75450	0.01666	0.01879	0.01734	0.08096	0.00597	0.00423	0.00139	0.00315	0.00498	0.00415	0.00624
52	0.00765	0.00383	0.00383	0.00383	0.00478	0.00383	0.00287	0.00956	0.00861	0.01530	0.01339	0.01530	0.01052	0.00478	0.00287	0.00096	0.00191	0.00383	0.87853	0.00383
53	0.00943	0.00900	0.01534	0.27546	0.58560	0.00956	0.01223	0.01195	0.00900	0.01252	0.00759	0.01040	0.00619	0.00379	0.00408	0.00126	0.00506	0.00365	0.00197	0.00591
54	0.01537	0.01137	0.01232	0.03477	0.01320	0.01262	0.00791	0.79205	0.01896	0.02540	0.00978	0.00989	0.00694	0.00490	0.00411	0.00124	0.00455	0.00369	0.00404	0.00691
55	0.00779	0.00643	0.00754	0.00588	0.00880	0.00502	0.00470	0.00949	0.00889	0.02481	0.05220	0.02993	0.13049	0.00519	0.00364	0.00088	0.00290	0.06556	0.00290	0.61695
56	0.01264	0.47689	0.05321	0.00869	0.01174	0.35403	0.00775	0.01401	0.00971	0.00996	0.00604	0.00701	0.00527	0.00382	0.00313	0.00097	0.00570	0.00242	0.00190	0.00509
57	0.01021	0.00882	0.00928	0.00835	0.01067	0.01021	0.00650	0.02181	0.82272	0.01717	0.01671	0.01532	0.01253	0.00557	0.00418	0.00139	0.00325	0.00464	0.00418	0.00650
58	0.00784	0.07396	0.40032	0.04875	0.03838	0.01954	0.02012	0.01121	0.04162	0.02318	0.03505	0.18547	0.06492	0.00635	0.00421	0.00135	0.00463	0.00538	0.00254	0.00517
59	0.00504	0.00360	0.00481	0.00576	0.00602	0.00337	0.00388	0.00578	0.00790	0.01052	0.02260	0.83362	0.02706	0.01282	0.00525	0.00167	0.00242	0.03072	0.00381	0.00334
60	0.04007	0.03577	0.03654	0.02746	0.19358	0.19659	0.01993	0.14366	0.20989	0.01552	0.01023	0.01159	0.00812	0.00470	0.00398	0.00125	0.00496	0.02726	0.00295	0.00594
61	0.00991	0.00950	0.01622	0.10898	0.74827	0.00969	0.01248	0.01238	0.00923	0.01311	0.00768	0.01024	0.00640	0.00370	0.00407	0.00123	0.00494	0.00366	0.00201	0.00630

[dist]
# distance from previous block
# <min> <max>
0	2

[block]
# block no. 8 follows, 65 sequences, length 34
# corresponding to MSA columns:
# 582-615
name=unknown_I
#
# <colnr> <probs for GDERKNQSTAVLIFYWHMCP>
#	G	D	E	R	K	N	Q	S	T	A	V	L	I	F	Y	W	H	M	C	P
0	0.01023	0.10368	0.49359	0.05862	0.01609	0.01055	0.01217	0.12348	0.01016	0.06966	0.00803	0.00912	0.00581	0.00426	0.00430	0.00127	0.04749	0.00318	0.00230	0.00601
1	0.01448	0.06103	0.05942	0.01037	0.01279	0.71401	0.00824	0.01623	0.04689	0.01051	0.00683	0.00778	0.00560	0.00423	0.00368	0.00108	0.00699	0.00273	0.00217	0.00494
2	0.00775	0.00730	0.01231	0.84587	0.02827	0.00912	0.01140	0.01049	0.00821	0.01049	0.00730	0.01094	0.00547	0.00410	0.00410	0.00137	0.00547	0.00365	0.00182	0.00456
3	0.00497	0.00369	0.00464	0.00540	0.00587	0.00336	0.00367	0.00575	0.00816	0.01060	0.02641	0.69075	0.18702	0.01237	0.00516	0.00161	0.00232	0.01107	0.00381	0.00336
4	0.00679	0.00506	0.00654	0.00623	0.00680	0.00573	0.00451	0.05555	0.02475	0.01006	0.01146	0.01961	0.01168	0.36238	0.38290	0.00478	0.06430	0.00495	0.00245	0.00350
5	0.00597	0.00398	0.00448	0.00448	0.00448	0.00398	0.00249	0.00597	0.00597	0.00796	0.01293	0.02686	0.01492	0.85574	0.02089	0.00398	0.00398	0.00597	0.00249	0.00249
6	0.00554	0.00413	0.00522	0.00553	0.00641	0.00381	0.00421	0.00696	0.00975	0.01294	0.29377	0.24174	0.21245	0.01053	0.00510	0.00152	0.00243	0.16029	0.00404	0.00363
7	0.01119	0.02747	0.01016	0.00915	0.05774	0.05856	0.01687	0.11280	0.43106	0.07981	0.12583	0.01566	0.01428	0.00558	0.00420	0.00131	0.00365	0.00465	0.00396	0.00609
8	0.00765	0.00383	0.00383	0.00383	0.00478	0.00383	0.00287	0.00956	0.00861	0.01530	0.01339	0.01530	0.01052	0.00478	0.00287	0.00096	0.00191	0.00383	0.87853	0.00383
9	0.01159	0.01754	0.30529	0.01395	0.16581	0.31078	0.05163	0.05256	0.01043	0.01263	0.00723	0.00866	0.00561	0.00400	0.00392	0.00120	0.00630	0.00313	0.00206	0.00569
10	0.01494	0.01096	0.01167	0.00939	0.02712	0.05584	0.00754	0.58124	0.05233	0.10914	0.01150	0.01137	0.03508	0.00518	0.00447	0.00126	0.03650	0.00389	0.00397	0.00662
11	0.00765	0.00383	0.00383	0.00383	0.00478	0.00383	0.00287	0.00956	0.00861	0.01530	0.01339	0.01530	0.01052	0.00478	0.00287	0.00096	0.00191	0.00383	0.87853	0.00383
12	0.83465	0.00861	0.00636	0.00570	0.00821	0.05703	0.00465	0.01232	0.00725	0.01793	0.00575	0.00671	0.00449	0.00383	0.00261	0.00126	0.00342	0.00225	0.00252	0.00446
13	0.01560	0.01150	0.01232	0.00944	0.01273	0.01273	0.00780	0.81645	0.01930	0.02587	0.00986	0.00986	0.00698	0.00493	0.00411	0.00123	0.00452	0.00370	0.00411	0.00698
14	0.00860	0.00868	0.05918	0.47535	0.05236	0.00940	0.03634	0.01403	0.24536	0.01292	0.03003	0.01254	0.00838	0.00458	0.00415	0.00136	0.00480	0.00403	0.00258	0.00530
15	0.00792	0.00754	0.01298	0.78186	0.05499	0.00920	0.04672	0.01068	0.00831	0.01070	0.00735	0.01092	0.00554	0.00406	0.00414	0.00136	0.00552	0.00370	0.00184	0.00467
16	0.01547	0.01143	0.01224	0.00942	0.01268	0.01267	0.00777	0.79612	0.03985	0.02565	0.01003	0.00999	0.00712	0.00494	0.00411	0.00124	0.00448	0.00372	0.00411	0.00697
17	0.00581	0.00420	0.00549	0.00516	0.00613	0.00387	0.00387	0.00775	0.01162	0.01646	0.82797	0.03066	0.03873	0.00839	0.00484	0.00129	0.00194	0.00742	0.00452	0.00387
18	0.01372	0.01066	0.01249	0.00987	0.01290	0.06044	0.10112	0.36002	0.24183	0.11485	0.01212	0.01186	0.00872	0.00491	0.00419	0.00129	0.00449	0.00408	0.00388	0.00655
19	0.05869	0.00835	0.01013	0.00782	0.01099	0.00815	0.00645	0.24596	0.02802	0.53464	0.01373	0.01237	0.00895	0.00495	0.00403	0.00125	0.00376	0.00389	0.00462	0.02327
20	0.00485	0.00416	0.00416	0.00416	0.00554	0.00347	0.00312	0.00589	0.00936	0.01109	0.04158	0.03950	0.82847	0.01040	0.00485	0.00139	0.00208	0.00866	0.00381	0.00347
21	0.05380	0.00966	0.01613	0.02421	0.78911	0.00973	0.01219	0.01257	0.00923	0.01366	0.00762	0.00999	0.00640	0.00367	0.00399	0.00122	0.00479	0.00359	0.00206	0.00640
22	0.01112	0.00903	0.01002	0.00927	0.05173	0.01024	0.00694	0.11552	0.62492	0.05369	0.02805	0.01449	0.01176	0.00545	0.00432	0.00136	0.01703	0.00448	0.00407	0.00650
23	0.88473	0.00794	0.00603	0.00540	0.00794	0.00921	0.00445	0.01207	0.00699	0.01842	0.00572	0.00667	0.00445	0.00381	0.00254	0.00127	0.00318	0.00222	0.00254	0.00445
24	0.00595	0.00404	0.00477	0.00477	0.00488	0.00414	0.00286	0.00616	0.00606	0.00818	0.01266	0.02536	0.01427	0.74046	0.13528	0.00435	0.00496	0.00575	0.00245	0.00265
25	0.01083	0.01029	0.01803	0.08146	0.04904	0.01046	0.42314	0.21342	0.06079	0.01655	0.05631	0.01211	0.00862	0.00430	0.00453	0.00133	0.00562	0.00455	0.00283	0.00582
26	0.07034	0.00704	0.00932	0.00719	0.01033	0.00622	0.00594	0.01953	0.01146	0.78415	0.01557	0.01353	0.00982	0.00500	0.00403	0.00127	0.00347	0.00401	0.00493	0.00683
27	0.01037	0.01036	0.02094	0.01523	0.01900	0.00994	0.63788	0.01447	0.09683	0.08030	0.01031	0.01216	0.01966	0.00398	0.00485	0.00138	0.01926	0.00480	0.00257	0.00571
28	0.00636	0.00507	0.00580	0.00550	0.00684	0.00498	0.00416	0.00988	0.17067	0.01476	0.40075	0.05804	0.27439	0.00860	0.00473	0.00135	0.00225	0.00740	0.00421	0.00425
29	0.77501	0.00829	0.02432	0.04682	0.05557	0.00924	0.00546	0.01204	0.00721	0.01764	0.00594	0.00711	0.00463	0.00382	0.00273	0.00127	0.00344	0.00239	0.00246	0.00460
30	0.00999	0.00956	0.04653	0.18976	0.59795	0.00944	0.01214	0.01254	0.00921	0.05197	0.00803	0.01044	0.00642	0.00382	0.00407	0.00125	0.00498	0.00365	0.00212	0.00612
31	0.00850	0.03984	0.01321	0.72618	0.02635	0.00932	0.05728	0.01116	0.00847	0.04992	0.00772	0.01093	0.00573	0.00409	0.00409	0.00135	0.00542	0.00368	0.00199	0.00476
32	0.00980	0.00900	0.01452	0.28957	0.46632	0.00967	0.01149	0.08899	0.00992	0.01362	0.00827	0.01078	0.01803	0.00401	0.00408	0.00126	0.00497	0.00371	0.00220	0.01980
33	0.00941	0.00861	0.01435	0.34853	0.44171	0.00942	0.01159	0.02555	0.00899	0.03414	0.00786	0.01085	0.00633	0.01974	0.00462	0.00134	0.02555	0.00371	0.00207	0.00563

[dist]
# distance from previous block
# <min> <max>
0	7

# created by:
# /home/cegg/simao/soft/augustus-3.2.1/scripts/msa2prfl.pl ./align_prep/EOG092C4JA1.fa
