[name]
unknown

[dist]
# distance from previous block
# <min> <max>
2	102

[block]
# block no. 0 follows, 77 sequences, length 11
# corresponding to MSA columns:
# 179-189
name=unknown_A
#
# <colnr> <probs for GDERKNQSTAVLIFYWHMCP>
#	G	D	E	R	K	N	Q	S	T	A	V	L	I	F	Y	W	H	M	C	P
0	0.27092	0.06005	0.00932	0.21751	0.14329	0.00806	0.00671	0.07488	0.00767	0.03728	0.00694	0.00973	0.00586	0.10469	0.00480	0.00137	0.00375	0.00298	0.00213	0.02205
1	0.34710	0.00776	0.00959	0.10940	0.22523	0.05959	0.05389	0.01068	0.00741	0.04756	0.00723	0.06847	0.00623	0.00393	0.00313	0.00112	0.00377	0.00322	0.00216	0.02253
2	0.39749	0.00663	0.00780	0.08042	0.16213	0.00704	0.00585	0.01091	0.00746	0.13980	0.00988	0.04416	0.06562	0.00431	0.00308	0.00113	0.00318	0.01699	0.00256	0.02356
3	0.18501	0.00704	0.00896	0.16161	0.09620	0.00740	0.02282	0.06788	0.10483	0.15066	0.00897	0.03642	0.00686	0.00395	0.00326	0.00107	0.00345	0.00323	0.00270	0.11766
4	0.24614	0.00689	0.00730	0.03181	0.08452	0.06619	0.00517	0.05471	0.00819	0.09351	0.07209	0.08884	0.01029	0.05782	0.00419	0.00123	0.00324	0.04225	0.00269	0.11295
5	0.38478	0.00896	0.06797	0.06170	0.16833	0.09431	0.00671	0.03695	0.00766	0.03643	0.00663	0.04264	0.00551	0.00372	0.00295	0.00107	0.00375	0.00278	0.00216	0.05498
6	0.10899	0.00668	0.00900	0.09074	0.11551	0.01551	0.03696	0.09461	0.00915	0.26725	0.02115	0.07312	0.00930	0.05667	0.00448	0.00130	0.00353	0.05052	0.00306	0.02245
7	0.12167	0.00798	0.00999	0.18520	0.24647	0.09055	0.00756	0.05997	0.00844	0.05598	0.05738	0.01046	0.00749	0.05697	0.00426	0.00121	0.00402	0.00324	0.00223	0.05893
8	0.45491	0.00654	0.00718	0.05990	0.12128	0.00719	0.00550	0.01075	0.05850	0.06199	0.06746	0.04657	0.00908	0.00459	0.00310	0.00117	0.00306	0.06438	0.00259	0.00426
9	0.38553	0.08305	0.00878	0.00617	0.00886	0.00780	0.05443	0.06867	0.00820	0.19503	0.00757	0.00787	0.00549	0.00350	0.00281	0.00100	0.00319	0.00256	0.00270	0.13678
10	0.06558	0.00825	0.01060	0.06891	0.18896	0.04782	0.04250	0.15159	0.11087	0.19220	0.00941	0.00979	0.00683	0.00387	0.00346	0.00107	0.00380	0.00325	0.00292	0.06831

[dist]
# distance from previous block
# <min> <max>
8	33

[block]
# block no. 1 follows, 77 sequences, length 9
# corresponding to MSA columns:
# 224-232
name=unknown_B
#
# <colnr> <probs for GDERKNQSTAVLIFYWHMCP>
#	G	D	E	R	K	N	Q	S	T	A	V	L	I	F	Y	W	H	M	C	P
0	0.00930	0.00680	0.00932	0.00790	0.00852	0.00857	0.00641	0.01009	0.00653	0.19619	0.00786	0.01129	0.00696	0.14135	0.01100	0.00177	0.54011	0.00358	0.00231	0.00415
1	0.03520	0.07484	0.12857	0.00972	0.12905	0.00819	0.02278	0.01137	0.00764	0.16732	0.00740	0.00853	0.00571	0.00404	0.00509	0.00108	0.19559	0.00288	0.00226	0.17276
2	0.65601	0.05048	0.00719	0.19599	0.01103	0.00836	0.00536	0.01028	0.00642	0.01421	0.00532	0.00667	0.00413	0.00338	0.00253	0.00111	0.00328	0.00222	0.00205	0.00395
3	0.00489	0.00367	0.00453	0.00431	0.00525	0.00331	0.00323	0.00640	0.00970	0.01329	0.65300	0.02874	0.23090	0.00778	0.00424	0.00115	0.00173	0.00677	0.00381	0.00331
4	0.00566	0.00690	0.19331	0.00558	0.00684	0.00470	0.00496	0.00676	0.00583	0.00814	0.01002	0.01874	0.01064	0.56763	0.12681	0.00327	0.00471	0.00448	0.00200	0.00301
5	0.00526	0.00696	0.19335	0.00554	0.00747	0.00436	0.00538	0.00721	0.00883	0.01201	0.36461	0.06129	0.28968	0.00721	0.00408	0.00117	0.00256	0.00616	0.00319	0.00369
6	0.03915	0.00890	0.19599	0.00699	0.01005	0.00631	0.00681	0.08895	0.00990	0.44523	0.05138	0.01150	0.00876	0.00429	0.00345	0.00109	0.00344	0.00343	0.08891	0.00548
7	0.00688	0.00657	0.03867	0.51778	0.12084	0.00714	0.00868	0.03196	0.00826	0.01112	0.19383	0.01325	0.01141	0.00440	0.00373	0.00116	0.00404	0.00392	0.00220	0.00417
8	0.64257	0.00962	0.19441	0.00613	0.00908	0.00814	0.00613	0.03798	0.00694	0.04316	0.00575	0.00654	0.00428	0.00343	0.00258	0.00112	0.00339	0.00220	0.00219	0.00436

[dist]
# distance from previous block
# <min> <max>
0	1

[block]
# block no. 2 follows, 77 sequences, length 26
# corresponding to MSA columns:
# 234-259
name=unknown_C
#
# <colnr> <probs for GDERKNQSTAVLIFYWHMCP>
#	G	D	E	R	K	N	Q	S	T	A	V	L	I	F	Y	W	H	M	C	P
0	0.00875	0.00837	0.01425	0.02151	0.82297	0.00836	0.01078	0.01084	0.00815	0.01167	0.00720	0.03762	0.00630	0.00347	0.00360	0.00108	0.00420	0.00344	0.00183	0.00561
1	0.00743	0.09705	0.77843	0.00988	0.01499	0.00889	0.01264	0.01133	0.00757	0.01112	0.00632	0.00743	0.00456	0.00339	0.00332	0.00111	0.00518	0.00259	0.00152	0.00525
2	0.00922	0.69633	0.05594	0.00705	0.00988	0.01327	0.03821	0.01055	0.00719	0.00877	0.00534	0.00676	0.00490	0.00355	0.00350	0.00090	0.09776	0.01475	0.00158	0.00456
3	0.04446	0.00437	0.00546	0.00573	0.00645	0.00452	0.00429	0.04887	0.04576	0.04007	0.01770	0.51699	0.04348	0.01948	0.00493	0.00146	0.04608	0.13319	0.00325	0.00347
4	0.00437	0.00316	0.00414	0.00492	0.00519	0.00293	0.00330	0.00502	0.00697	0.00922	0.02088	0.81827	0.07608	0.01113	0.00457	0.00145	0.00207	0.01006	0.00334	0.00293
5	0.00727	0.00407	0.00536	0.00493	0.00606	0.00370	0.00373	0.00873	0.00957	0.18233	0.51397	0.15738	0.02624	0.00726	0.00410	0.00117	0.00203	0.00638	0.04187	0.00387
6	0.00895	0.00773	0.00813	0.00732	0.00935	0.00895	0.00569	0.01911	0.84465	0.01505	0.01464	0.01342	0.01098	0.00488	0.00366	0.00122	0.00285	0.00407	0.00366	0.00569
7	0.02621	0.00757	0.01278	0.26080	0.50590	0.00800	0.03654	0.01023	0.00788	0.02153	0.01831	0.03613	0.02489	0.00376	0.00362	0.00113	0.00428	0.00357	0.00188	0.00498
8	0.01345	0.01679	0.01022	0.00922	0.01112	0.81640	0.00694	0.05594	0.01053	0.00950	0.00572	0.00660	0.00471	0.00374	0.00326	0.00093	0.00636	0.00236	0.00194	0.00427
9	0.01652	0.00358	0.00460	0.00520	0.00575	0.00343	0.00385	0.00600	0.01980	0.01006	0.07792	0.48095	0.10616	0.04179	0.00508	0.00152	0.00239	0.19897	0.00332	0.00308
10	0.00941	0.00565	0.00684	0.00593	0.00768	0.00570	0.00464	0.03639	0.25009	0.23999	0.32398	0.04299	0.01915	0.00584	0.00387	0.00116	0.00247	0.00500	0.01838	0.00485
11	0.00762	0.00649	0.00755	0.00541	0.00859	0.00496	0.00433	0.03086	0.00771	0.01201	0.00645	0.00749	0.00535	0.00271	0.00269	0.00055	0.00270	0.00216	0.00217	0.87221
12	0.89899	0.00696	0.00529	0.00473	0.00696	0.00807	0.00390	0.01057	0.00612	0.01614	0.00501	0.00584	0.00390	0.00334	0.00223	0.00111	0.00278	0.00195	0.00223	0.00390
13	0.00707	0.06846	0.57868	0.00876	0.01278	0.00774	0.01044	0.02982	0.03477	0.01151	0.06085	0.09327	0.02616	0.00477	0.00359	0.00116	0.00445	0.02881	0.00205	0.00485
14	0.01359	0.01011	0.05310	0.00819	0.01118	0.01043	0.00701	0.71551	0.01578	0.10495	0.00908	0.00894	0.00632	0.00429	0.00359	0.00109	0.00394	0.00325	0.00358	0.00608
15	0.00509	0.00368	0.00481	0.00453	0.00537	0.00339	0.00339	0.00679	0.01018	0.01442	0.84925	0.02687	0.03394	0.00735	0.00424	0.00113	0.00170	0.00651	0.00396	0.00339
16	0.00514	0.00385	0.00578	0.00578	0.00642	0.00450	0.00450	0.00642	0.00578	0.00835	0.00963	0.01413	0.00899	0.02698	0.85933	0.00578	0.00963	0.00385	0.00193	0.00321
17	0.83151	0.00773	0.00566	0.00508	0.00727	0.07293	0.00413	0.01086	0.00643	0.01558	0.00505	0.00589	0.00395	0.00337	0.00230	0.00110	0.00306	0.00198	0.00220	0.00392
18	0.00721	0.01861	0.85495	0.01025	0.01557	0.00835	0.01329	0.01139	0.00759	0.01139	0.00646	0.00759	0.00456	0.00342	0.00342	0.00114	0.00532	0.00266	0.00152	0.00532
19	0.00890	0.00855	0.01460	0.02208	0.85115	0.00855	0.01104	0.01104	0.00819	0.01175	0.00677	0.00890	0.00570	0.00320	0.00356	0.00107	0.00427	0.00320	0.00178	0.00570
20	0.00679	0.00639	0.01079	0.86494	0.02477	0.00799	0.00999	0.00919	0.00719	0.00919	0.00639	0.00959	0.00480	0.00360	0.00360	0.00120	0.00480	0.00320	0.00160	0.00400
21	0.00442	0.00365	0.00388	0.00383	0.00496	0.00311	0.00287	0.00550	0.00861	0.01069	0.20374	0.03302	0.68178	0.00875	0.00425	0.00120	0.00180	0.00737	0.00347	0.00311
22	0.01233	0.00899	0.01013	0.00802	0.01060	0.02650	0.04325	0.52341	0.14625	0.09590	0.01056	0.04909	0.00796	0.00466	0.00365	0.00112	0.00371	0.00375	0.02438	0.00575
23	0.00544	0.00378	0.00475	0.00444	0.00545	0.00341	0.00336	0.00697	0.00981	0.05173	0.65809	0.02766	0.18652	0.00755	0.00422	0.00115	0.00178	0.00658	0.00387	0.00345
24	0.05814	0.29976	0.42539	0.00849	0.01261	0.01034	0.03721	0.05716	0.00802	0.02993	0.00621	0.00712	0.00476	0.00335	0.00302	0.00100	0.00455	0.00247	0.00176	0.01870
25	0.10368	0.02766	0.19322	0.00806	0.02733	0.13300	0.01678	0.12453	0.11336	0.06807	0.01885	0.09254	0.00806	0.00458	0.00341	0.00110	0.00407	0.00362	0.00262	0.04545

[dist]
# distance from previous block
# <min> <max>
1	15

[block]
# block no. 3 follows, 77 sequences, length 34
# corresponding to MSA columns:
# 277-300,312-321
name=unknown_D
#
# <colnr> <probs for GDERKNQSTAVLIFYWHMCP>
#	G	D	E	R	K	N	Q	S	T	A	V	L	I	F	Y	W	H	M	C	P
0	0.14455	0.05771	0.02683	0.00750	0.06015	0.08191	0.00579	0.09063	0.11336	0.19552	0.03002	0.00992	0.00747	0.00395	0.00318	0.00100	0.00345	0.01350	0.00294	0.14060
1	0.01955	0.03743	0.10584	0.00822	0.04862	0.01912	0.03767	0.02976	0.48310	0.04457	0.04463	0.01430	0.06116	0.00492	0.00367	0.00118	0.00333	0.02450	0.00316	0.00526
2	0.00890	0.00850	0.01440	0.05274	0.78061	0.00859	0.02355	0.02552	0.02074	0.01189	0.00691	0.00900	0.00575	0.00326	0.00357	0.00108	0.00429	0.00323	0.00183	0.00563
3	0.00597	0.00534	0.03373	0.00573	0.03636	0.00500	0.00434	0.00961	0.21743	0.01277	0.30451	0.02490	0.30625	0.00706	0.00405	0.00118	0.00224	0.00603	0.00351	0.00399
4	0.00736	0.07053	0.80429	0.01000	0.01518	0.00871	0.01286	0.01135	0.00758	0.01121	0.00637	0.00748	0.00456	0.00340	0.00335	0.00112	0.00523	0.00261	0.00152	0.00527
5	0.00530	0.00410	0.00610	0.00600	0.00661	0.00489	0.00470	0.00656	0.00576	0.00837	0.00934	0.01375	0.00873	0.02572	0.80799	0.00553	0.06158	0.00381	0.00191	0.00326
6	0.00679	0.00639	0.01079	0.86494	0.02477	0.00799	0.00999	0.00919	0.00719	0.00919	0.00639	0.00959	0.00480	0.00360	0.00360	0.00120	0.00480	0.00320	0.00160	0.00400
7	0.00552	0.00393	0.00501	0.00471	0.00568	0.00366	0.00361	0.03009	0.01011	0.03083	0.70075	0.02742	0.09566	0.00749	0.00425	0.00116	0.00188	0.05086	0.00388	0.00349
8	0.00625	0.00312	0.00469	0.00469	0.00469	0.00312	0.00312	0.00469	0.00469	0.00625	0.00625	0.01093	0.00625	0.01250	0.01406	0.89535	0.00312	0.00312	0.00156	0.00156
9	0.01344	0.01714	0.01019	0.00927	0.01112	0.85915	0.00695	0.01436	0.01019	0.00880	0.00556	0.00649	0.00463	0.00371	0.00324	0.00093	0.00649	0.00232	0.00185	0.00417
10	0.00791	0.00619	0.00729	0.00530	0.00832	0.00473	0.00424	0.00950	0.00771	0.06428	0.03054	0.00852	0.00649	0.00296	0.00276	0.00060	0.00263	0.00239	0.03535	0.78230
11	0.00521	0.00356	0.00429	0.00429	0.00441	0.00368	0.00263	0.00546	0.00534	0.00724	0.01100	0.02170	0.01228	0.70804	0.18276	0.00394	0.00469	0.00496	0.00213	0.00238
12	0.00679	0.00639	0.01079	0.86494	0.02477	0.00799	0.00999	0.00919	0.00719	0.00919	0.00639	0.00959	0.00480	0.00360	0.00360	0.00120	0.00480	0.00320	0.00160	0.00400
13	0.01367	0.01008	0.01080	0.00828	0.01115	0.01115	0.00684	0.83915	0.01691	0.02267	0.00864	0.00864	0.00612	0.00432	0.00360	0.00108	0.00396	0.00324	0.00360	0.00612
14	0.00890	0.00855	0.01460	0.02208	0.85115	0.00855	0.01104	0.01104	0.00819	0.01175	0.00677	0.00890	0.00570	0.00320	0.00356	0.00107	0.00427	0.00320	0.00178	0.00570
15	0.00438	0.00315	0.00415	0.00496	0.00520	0.00293	0.00332	0.00501	0.00694	0.00920	0.02045	0.83972	0.05490	0.01119	0.00458	0.00145	0.00208	0.01013	0.00334	0.00293
16	0.06911	0.00602	0.00789	0.00613	0.00878	0.00535	0.00505	0.01661	0.00989	0.75741	0.01350	0.01192	0.00862	0.00437	0.00347	0.00110	0.00297	0.00350	0.05245	0.00584
17	0.01614	0.00612	0.00835	0.00640	0.00918	0.00529	0.00529	0.01753	0.01030	0.85364	0.01419	0.01224	0.00890	0.00445	0.00362	0.00111	0.00306	0.00362	0.00445	0.00612
18	0.77129	0.00708	0.00588	0.00509	0.00740	0.00802	0.00419	0.06136	0.00713	0.08680	0.00600	0.00655	0.00445	0.00349	0.00243	0.00111	0.00288	0.00217	0.00250	0.00422
19	0.00446	0.00367	0.00394	0.00391	0.00505	0.00314	0.00297	0.00555	0.00857	0.01064	0.18833	0.03337	0.66739	0.00881	0.00427	0.00121	0.00185	0.03629	0.00346	0.00311
20	0.00575	0.00368	0.00484	0.00520	0.00592	0.00340	0.00385	0.00677	0.00795	0.08712	0.12130	0.47509	0.10580	0.00975	0.00449	0.00140	0.00230	0.13855	0.00351	0.00334
21	0.70764	0.00691	0.00551	0.00489	0.00697	0.02436	0.00398	0.06703	0.00712	0.01609	0.00612	0.00701	0.00474	0.00352	0.00238	0.00107	0.00279	0.00222	0.11564	0.00398
22	0.89899	0.00696	0.00529	0.00473	0.00696	0.00807	0.00390	0.01057	0.00612	0.01614	0.00501	0.00584	0.00390	0.00334	0.00223	0.00111	0.00278	0.00195	0.00223	0.00390
23	0.00558	0.00352	0.00454	0.00496	0.00558	0.00325	0.00354	0.00649	0.00758	0.07663	0.06581	0.57596	0.09256	0.00977	0.00435	0.00136	0.00217	0.05877	0.06434	0.00326
24	0.00891	0.62502	0.26343	0.00735	0.01109	0.01251	0.00824	0.01095	0.00739	0.00932	0.00543	0.00630	0.00460	0.00318	0.00263	0.00088	0.00428	0.00214	0.00153	0.00482
25	0.01023	0.16582	0.24158	0.03184	0.03619	0.33051	0.00874	0.01244	0.03449	0.02012	0.00609	0.00721	0.00490	0.00375	0.00383	0.00103	0.07229	0.00252	0.00177	0.00465
26	0.00432	0.00354	0.00382	0.00403	0.00501	0.00304	0.00295	0.00519	0.00790	0.00962	0.03218	0.22601	0.63904	0.00963	0.00435	0.00128	0.00192	0.02980	0.00334	0.00302
27	0.06340	0.00544	0.00670	0.00622	0.00664	0.03443	0.00471	0.00717	0.00571	0.00852	0.00843	0.01459	0.00865	0.27885	0.29560	0.00351	0.23241	0.00392	0.00193	0.00316
28	0.00474	0.00377	0.00428	0.00449	0.00553	0.00337	0.00356	0.00584	0.00816	0.01004	0.05857	0.03547	0.56237	0.04680	0.00505	0.00143	0.00229	0.22787	0.00330	0.00309
29	0.15477	0.00753	0.03179	0.07796	0.28105	0.00725	0.05571	0.01296	0.00853	0.29637	0.02579	0.00996	0.00694	0.00376	0.00342	0.00111	0.00374	0.00325	0.00278	0.00531
30	0.00751	0.00647	0.00773	0.00595	0.04002	0.00494	0.00452	0.00913	0.00749	0.01172	0.00641	0.00751	0.00534	0.00268	0.00270	0.00055	0.00272	0.00217	0.00212	0.86231
31	0.87647	0.02896	0.00563	0.00477	0.00701	0.00823	0.00395	0.01058	0.00615	0.01594	0.00501	0.00584	0.00391	0.00333	0.00223	0.00110	0.00281	0.00195	0.00221	0.00391
32	0.02221	0.00880	0.01162	0.01265	0.29276	0.01950	0.02417	0.33369	0.07416	0.15006	0.00923	0.00962	0.00672	0.00396	0.00359	0.00109	0.00390	0.00334	0.00306	0.00587
33	0.00907	0.00830	0.01400	0.09004	0.73991	0.00842	0.01068	0.02360	0.00832	0.04290	0.00704	0.00908	0.00575	0.00330	0.00357	0.00108	0.00427	0.00322	0.00189	0.00558

[dist]
# distance from previous block
# <min> <max>
0	6

[block]
# block no. 4 follows, 77 sequences, length 154
# corresponding to MSA columns:
# 328-481
name=unknown_E
#
# <colnr> <probs for GDERKNQSTAVLIFYWHMCP>
#	G	D	E	R	K	N	Q	S	T	A	V	L	I	F	Y	W	H	M	C	P
0	0.00509	0.00368	0.00481	0.00453	0.00537	0.00339	0.00339	0.00679	0.01018	0.01442	0.84925	0.02687	0.03394	0.00735	0.00424	0.00113	0.00170	0.00651	0.00396	0.00339
1	0.00438	0.00313	0.00417	0.00501	0.00522	0.00292	0.00334	0.00501	0.00689	0.00918	0.01983	0.87124	0.02379	0.01127	0.00459	0.00146	0.00209	0.01023	0.00334	0.00292
2	0.00514	0.00385	0.00578	0.00578	0.00642	0.00450	0.00450	0.00642	0.00578	0.00835	0.00963	0.01413	0.00899	0.02698	0.85933	0.00578	0.00963	0.00385	0.00193	0.00321
3	0.00438	0.00315	0.00416	0.00497	0.00521	0.00293	0.00332	0.00501	0.00693	0.00920	0.02036	0.84454	0.05015	0.01120	0.00458	0.00145	0.00208	0.01014	0.00334	0.00293
4	0.89899	0.00696	0.00529	0.00473	0.00696	0.00807	0.00390	0.01057	0.00612	0.01614	0.00501	0.00584	0.00390	0.00334	0.00223	0.00111	0.00278	0.00195	0.00223	0.00390
5	0.07810	0.00635	0.00823	0.00636	0.00911	0.00573	0.00525	0.05147	0.01028	0.75994	0.01331	0.01164	0.00844	0.00437	0.00352	0.00111	0.00308	0.00348	0.00426	0.00596
6	0.01596	0.00640	0.00852	0.00653	0.00932	0.00571	0.00540	0.07631	0.01077	0.79419	0.01379	0.01199	0.00870	0.00444	0.00362	0.00111	0.00312	0.00359	0.00439	0.00612
7	0.01370	0.01042	0.01072	0.00830	0.01112	0.06016	0.00682	0.77810	0.01642	0.03531	0.00855	0.00857	0.00608	0.00428	0.00358	0.00107	0.00409	0.00319	0.00351	0.00600
8	0.89899	0.00696	0.00529	0.00473	0.00696	0.00807	0.00390	0.01057	0.00612	0.01614	0.00501	0.00584	0.00390	0.00334	0.00223	0.00111	0.00278	0.00195	0.00223	0.00390
9	0.00906	0.00778	0.00820	0.00734	0.00940	0.00900	0.00572	0.03914	0.82444	0.01523	0.01449	0.01330	0.01086	0.00487	0.00366	0.00122	0.00287	0.00405	0.00366	0.00570
10	0.01284	0.00966	0.01033	0.00811	0.01084	0.01077	0.00664	0.69464	0.16278	0.02133	0.00969	0.00948	0.00697	0.00442	0.00361	0.00110	0.00376	0.00338	0.00361	0.00604
11	0.00506	0.00365	0.00478	0.00455	0.00537	0.00337	0.00339	0.00671	0.01004	0.01420	0.81439	0.06236	0.03351	0.00752	0.00426	0.00115	0.00171	0.00666	0.00393	0.00337
12	0.01367	0.01008	0.01080	0.00828	0.01115	0.01115	0.00684	0.83915	0.01691	0.02267	0.00864	0.00864	0.00612	0.00432	0.00360	0.00108	0.00396	0.00324	0.00360	0.00612
13	0.00787	0.00787	0.01102	0.00944	0.00944	0.01102	0.00787	0.00866	0.00551	0.00866	0.00472	0.00787	0.00472	0.00630	0.01180	0.00157	0.86700	0.00315	0.00157	0.00393
14	0.00509	0.00368	0.00481	0.00453	0.00537	0.00339	0.00339	0.00679	0.01018	0.01442	0.84925	0.02687	0.03394	0.00735	0.00424	0.00113	0.00170	0.00651	0.00396	0.00339
15	0.01533	0.00742	0.00915	0.00702	0.00983	0.00721	0.00580	0.28702	0.01247	0.58108	0.01237	0.01106	0.00799	0.00441	0.00361	0.00110	0.00336	0.00349	0.00417	0.00612
16	0.00952	0.83972	0.05399	0.00633	0.00950	0.01399	0.00645	0.01080	0.00732	0.00859	0.00506	0.00585	0.00461	0.00309	0.00235	0.00078	0.00391	0.00195	0.00154	0.00465
17	0.00455	0.00357	0.00412	0.00417	0.00509	0.00313	0.00306	0.00567	0.00863	0.01118	0.30205	0.17542	0.43874	0.00890	0.00431	0.00123	0.00183	0.00768	0.00354	0.00313
18	0.00507	0.00366	0.00479	0.00454	0.00537	0.00338	0.00339	0.00675	0.01010	0.01430	0.82981	0.04666	0.03370	0.00745	0.00425	0.00114	0.00171	0.00659	0.00395	0.00338
19	0.89899	0.00696	0.00529	0.00473	0.00696	0.00807	0.00390	0.01057	0.00612	0.01614	0.00501	0.00584	0.00390	0.00334	0.00223	0.00111	0.00278	0.00195	0.00223	0.00390
20	0.00750	0.00723	0.06036	0.00615	0.03369	0.00517	0.00504	0.00937	0.01685	0.01174	0.00650	0.00758	0.00535	0.00275	0.00275	0.00059	0.00288	0.00222	0.00210	0.80418
21	0.00833	0.09673	0.38456	0.00914	0.04731	0.00922	0.00935	0.02993	0.34228	0.01280	0.00964	0.00982	0.00721	0.00398	0.00342	0.00113	0.00412	0.00318	0.00243	0.00543
22	0.86158	0.00699	0.00541	0.00484	0.00706	0.00811	0.00397	0.01093	0.04137	0.01609	0.00541	0.00616	0.00419	0.00340	0.00229	0.00112	0.00279	0.00204	0.00229	0.00397
23	0.00684	0.00542	0.00591	0.01437	0.00700	0.04489	0.00433	0.03180	0.19666	0.03806	0.18606	0.15240	0.12378	0.03308	0.03992	0.00149	0.00288	0.06059	0.04060	0.00394
24	0.00509	0.00368	0.00481	0.00453	0.00537	0.00339	0.00339	0.00679	0.01018	0.01442	0.84925	0.02687	0.03394	0.00735	0.00424	0.00113	0.00170	0.00651	0.00396	0.00339
25	0.00515	0.00383	0.00564	0.00564	0.00624	0.00442	0.00433	0.00634	0.00574	0.00825	0.00976	0.01482	0.00929	0.08928	0.79744	0.00561	0.00918	0.00396	0.00195	0.00314
26	0.01614	0.00612	0.00835	0.00640	0.00918	0.00529	0.00529	0.01753	0.01030	0.85364	0.01419	0.01224	0.00890	0.00445	0.00362	0.00111	0.00306	0.00362	0.00445	0.00612
27	0.00509	0.00368	0.00481	0.00453	0.00537	0.00339	0.00339	0.00679	0.01018	0.01442	0.84925	0.02687	0.03394	0.00735	0.00424	0.00113	0.00170	0.00651	0.00396	0.00339
28	0.00721	0.01861	0.85495	0.01025	0.01557	0.00835	0.01329	0.01139	0.00759	0.01139	0.00646	0.00759	0.00456	0.00342	0.00342	0.00114	0.00532	0.00266	0.00152	0.00532
29	0.00523	0.00349	0.00392	0.00392	0.00392	0.00349	0.00218	0.00523	0.00523	0.00697	0.01133	0.02354	0.01308	0.87359	0.01831	0.00349	0.00349	0.00523	0.00218	0.00218
30	0.01367	0.01008	0.01080	0.00828	0.01115	0.01115	0.00684	0.83915	0.01691	0.02267	0.00864	0.00864	0.00612	0.00432	0.00360	0.00108	0.00396	0.00324	0.00360	0.00612
31	0.00806	0.00827	0.03656	0.00963	0.01071	0.00991	0.11250	0.04351	0.00665	0.01001	0.00570	0.02343	0.00527	0.00542	0.00918	0.00138	0.59107	0.00330	0.00178	0.09766
32	0.00679	0.00639	0.01079	0.86494	0.02477	0.00799	0.00999	0.00919	0.00719	0.00919	0.00639	0.00959	0.00480	0.00360	0.00360	0.00120	0.00480	0.00320	0.00160	0.00400
33	0.01226	0.00924	0.01004	0.00761	0.01056	0.00971	0.00625	0.65021	0.01476	0.02018	0.00813	0.00837	0.00594	0.00394	0.00339	0.00096	0.00366	0.00299	0.00326	0.20857
34	0.89899	0.00696	0.00529	0.00473	0.00696	0.00807	0.00390	0.01057	0.00612	0.01614	0.00501	0.00584	0.00390	0.00334	0.00223	0.00111	0.00278	0.00195	0.00223	0.00390
35	0.00679	0.00639	0.01079	0.86494	0.02477	0.00799	0.00999	0.00919	0.00719	0.00919	0.00639	0.00959	0.00480	0.00360	0.00360	0.00120	0.00480	0.00320	0.00160	0.00400
36	0.00912	0.69915	0.19111	0.00700	0.01054	0.01302	0.00762	0.01090	0.00737	0.00907	0.00530	0.00615	0.00460	0.00315	0.00254	0.00085	0.00415	0.00207	0.00153	0.00476
37	0.00438	0.00313	0.00417	0.00501	0.00522	0.00292	0.00334	0.00501	0.00689	0.00918	0.01983	0.87124	0.02379	0.01127	0.00459	0.00146	0.00209	0.01023	0.00334	0.00292
38	0.00438	0.00361	0.00385	0.00386	0.00496	0.00308	0.00287	0.00538	0.00839	0.01035	0.15057	0.09191	0.67635	0.00901	0.00427	0.00122	0.00182	0.00762	0.00343	0.00308
39	0.17155	0.01332	0.00923	0.00811	0.01019	0.50363	0.00627	0.12531	0.04918	0.05020	0.00668	0.00726	0.00519	0.00385	0.00326	0.00101	0.01635	0.00253	0.00235	0.00454
40	0.00558	0.00399	0.00554	0.00635	0.00709	0.00395	0.00539	0.00709	0.00812	0.01061	0.03613	0.15984	0.02142	0.01008	0.00490	0.00162	0.00310	0.69262	0.00333	0.00326
41	0.01582	0.00636	0.00845	0.00649	0.00925	0.00568	0.00536	0.07604	0.01073	0.78197	0.01376	0.01200	0.00871	0.00444	0.00360	0.00111	0.00310	0.00359	0.01747	0.00608
42	0.00901	0.00797	0.01197	0.01566	0.47531	0.00829	0.02962	0.07280	0.19237	0.02648	0.01015	0.01354	0.00864	0.00443	0.00376	0.00117	0.00385	0.09699	0.00254	0.00544
43	0.00873	0.00847	0.01388	0.05235	0.68662	0.01916	0.01049	0.01066	0.00779	0.01117	0.00644	0.00875	0.00551	0.00368	0.00476	0.00115	0.13013	0.00319	0.00174	0.00536
44	0.00679	0.00639	0.01079	0.86494	0.02477	0.00799	0.00999	0.00919	0.00719	0.00919	0.00639	0.00959	0.00480	0.00360	0.00360	0.00120	0.00480	0.00320	0.00160	0.00400
45	0.00869	0.00772	0.00802	0.00681	0.00918	0.04344	0.00532	0.01590	0.55897	0.01379	0.01179	0.01134	0.00902	0.00417	0.00334	0.00100	0.00295	0.00341	0.00313	0.27200
46	0.01344	0.01714	0.01019	0.00927	0.01112	0.85915	0.00695	0.01436	0.01019	0.00880	0.00556	0.00649	0.00463	0.00371	0.00324	0.00093	0.00649	0.00232	0.00185	0.00417
47	0.00492	0.00367	0.00457	0.00435	0.00527	0.00332	0.00326	0.00646	0.00978	0.01348	0.68626	0.02842	0.19752	0.00771	0.00424	0.00115	0.00172	0.00672	0.00384	0.00332
48	0.00457	0.00373	0.00406	0.00396	0.00509	0.00324	0.00297	0.00588	0.02380	0.01115	0.26714	0.03203	0.60268	0.00853	0.00424	0.00119	0.00180	0.00722	0.00352	0.00319
49	0.00746	0.00639	0.00746	0.00533	0.00852	0.00480	0.00426	0.00906	0.00746	0.01172	0.00639	0.00746	0.00533	0.00266	0.00266	0.00053	0.00266	0.00213	0.00213	0.89558
50	0.00425	0.00364	0.00364	0.00364	0.00486	0.00304	0.00273	0.00516	0.00820	0.00972	0.03644	0.03462	0.84969	0.00911	0.00425	0.00121	0.00182	0.00759	0.00334	0.00304
51	0.00465	0.00366	0.00419	0.00406	0.00510	0.00320	0.00304	0.00593	0.00913	0.01193	0.41792	0.03098	0.46683	0.00829	0.00425	0.00118	0.00176	0.00708	0.00363	0.00320
52	0.00795	0.13780	0.68714	0.00961	0.01447	0.00906	0.02707	0.01157	0.00768	0.04639	0.00659	0.00757	0.00476	0.00341	0.00329	0.00109	0.00503	0.00262	0.00165	0.00524
53	0.00962	0.87575	0.01885	0.00615	0.00923	0.01423	0.00615	0.01077	0.00731	0.00846	0.00500	0.00577	0.00462	0.00308	0.00231	0.00077	0.00385	0.00192	0.00154	0.00462
54	0.01614	0.00612	0.00835	0.00640	0.00918	0.00529	0.00529	0.01753	0.01030	0.85364	0.01419	0.01224	0.00890	0.00445	0.00362	0.00111	0.00306	0.00362	0.00445	0.00612
55	0.00679	0.00639	0.01079	0.86494	0.02477	0.00799	0.00999	0.00919	0.00719	0.00919	0.00639	0.00959	0.00480	0.00360	0.00360	0.00120	0.00480	0.00320	0.00160	0.00400
56	0.00771	0.00744	0.01079	0.00947	0.03185	0.00965	0.06563	0.02861	0.05658	0.00972	0.00727	0.07265	0.00713	0.00729	0.05048	0.00170	0.58972	0.02028	0.00195	0.00408
57	0.00742	0.00635	0.00742	0.00532	0.00847	0.00477	0.00425	0.00902	0.00750	0.01176	0.01977	0.00777	0.00578	0.00274	0.00269	0.00054	0.00265	0.00220	0.00216	0.88141
58	0.00826	0.00770	0.01242	0.00992	0.01196	0.07856	0.32952	0.04363	0.00842	0.06964	0.01152	0.21018	0.01126	0.00732	0.05792	0.00157	0.04298	0.07045	0.00254	0.00423
59	0.00885	0.00840	0.01347	0.19415	0.62384	0.04424	0.01050	0.01097	0.00813	0.03331	0.00683	0.00903	0.00555	0.00334	0.00356	0.00109	0.00444	0.00318	0.00182	0.00530
60	0.00514	0.00385	0.00578	0.00578	0.00642	0.00450	0.00450	0.00642	0.00578	0.00835	0.00963	0.01413	0.00899	0.02698	0.85933	0.00578	0.00963	0.00385	0.00193	0.00321
61	0.00679	0.00639	0.01079	0.86494	0.02477	0.00799	0.00999	0.00919	0.00719	0.00919	0.00639	0.00959	0.00480	0.00360	0.00360	0.00120	0.00480	0.00320	0.00160	0.00400
62	0.00567	0.00406	0.00558	0.00629	0.00710	0.00402	0.00540	0.00722	0.00822	0.01071	0.05438	0.04826	0.05533	0.04287	0.00541	0.00168	0.00318	0.71806	0.00330	0.00326
63	0.00439	0.00319	0.00414	0.00486	0.00519	0.00294	0.00328	0.00507	0.00710	0.00936	0.04155	0.76890	0.10487	0.01096	0.00455	0.00143	0.00205	0.00988	0.00335	0.00294
64	0.00492	0.00360	0.00463	0.00461	0.00539	0.00331	0.00342	0.00637	0.00937	0.01295	0.59907	0.16569	0.11162	0.00827	0.00433	0.00122	0.00184	0.04233	0.00377	0.00328
65	0.41366	0.02294	0.00754	0.00578	0.00849	0.00756	0.02489	0.14095	0.00837	0.01539	0.00611	0.00694	0.00479	0.00325	0.00264	0.00090	0.00303	0.00227	0.00239	0.31210
66	0.00622	0.00460	0.00622	0.00664	0.00767	0.00464	0.02037	0.05363	0.03143	0.01144	0.01931	0.06266	0.07381	0.00935	0.00479	0.00157	0.00325	0.66556	0.00331	0.00353
67	0.00509	0.00368	0.00481	0.00453	0.00537	0.00339	0.00339	0.00679	0.01018	0.01442	0.84925	0.02687	0.03394	0.00735	0.00424	0.00113	0.00170	0.00651	0.00396	0.00339
68	0.00962	0.87575	0.01885	0.00615	0.00923	0.01423	0.00615	0.01077	0.00731	0.00846	0.00500	0.00577	0.00462	0.00308	0.00231	0.00077	0.00385	0.00192	0.00154	0.00462
69	0.00701	0.00416	0.00503	0.00461	0.00575	0.00401	0.00353	0.00933	0.07441	0.10289	0.46067	0.02049	0.02256	0.00597	0.00365	0.00105	0.00192	0.00512	0.25397	0.00385
70	0.00450	0.00364	0.00400	0.00393	0.00502	0.00314	0.00294	0.00564	0.00875	0.01109	0.27453	0.05061	0.59233	0.00864	0.00426	0.00120	0.00179	0.00733	0.00352	0.00314
71	0.00523	0.00349	0.00392	0.00392	0.00392	0.00349	0.00218	0.00523	0.00523	0.00697	0.01133	0.02354	0.01308	0.87359	0.01831	0.00349	0.00349	0.00523	0.00218	0.00218
72	0.01578	0.00670	0.00871	0.00668	0.00947	0.00615	0.00551	0.13844	0.01127	0.73135	0.01337	0.01171	0.00849	0.00443	0.00361	0.00111	0.00319	0.00356	0.00433	0.00612
73	0.00962	0.87575	0.01885	0.00615	0.00923	0.01423	0.00615	0.01077	0.00731	0.00846	0.00500	0.00577	0.00462	0.00308	0.00231	0.00077	0.00385	0.00192	0.00154	0.00462
74	0.00509	0.00368	0.00481	0.00453	0.00537	0.00339	0.00339	0.00679	0.01018	0.01442	0.84925	0.02687	0.03394	0.00735	0.00424	0.00113	0.00170	0.00651	0.00396	0.00339
75	0.01586	0.00657	0.00863	0.00661	0.00941	0.00595	0.00546	0.11085	0.01105	0.75926	0.01356	0.01183	0.00859	0.00444	0.00362	0.00111	0.00316	0.00357	0.00436	0.00612
76	0.00849	0.00970	0.02122	0.01516	0.01880	0.00910	0.83808	0.01152	0.00849	0.01152	0.00728	0.00970	0.00546	0.00303	0.00424	0.00121	0.00606	0.00424	0.00182	0.00485
77	0.00746	0.00639	0.00746	0.00533	0.00852	0.00480	0.00426	0.00906	0.00746	0.01172	0.00639	0.00746	0.00533	0.00266	0.00266	0.00053	0.00266	0.00213	0.00213	0.89558
78	0.00962	0.87575	0.01885	0.00615	0.00923	0.01423	0.00615	0.01077	0.00731	0.00846	0.00500	0.00577	0.00462	0.00308	0.00231	0.00077	0.00385	0.00192	0.00154	0.00462
79	0.00849	0.00970	0.02122	0.01516	0.01880	0.00910	0.83808	0.01152	0.00849	0.01152	0.00728	0.00970	0.00546	0.00303	0.00424	0.00121	0.00606	0.00424	0.00182	0.00485
80	0.01563	0.00664	0.00863	0.00665	0.00942	0.00609	0.00548	0.11527	0.03556	0.73023	0.01354	0.01185	0.00863	0.00445	0.00362	0.00111	0.00316	0.00359	0.00433	0.00611
81	0.00679	0.00639	0.01079	0.86494	0.02477	0.00799	0.00999	0.00919	0.00719	0.00919	0.00639	0.00959	0.00480	0.00360	0.00360	0.00120	0.00480	0.00320	0.00160	0.00400
82	0.00425	0.00364	0.00364	0.00364	0.00486	0.00304	0.00273	0.00516	0.00820	0.00972	0.03644	0.03462	0.84969	0.00911	0.00425	0.00121	0.00182	0.00759	0.00334	0.00304
83	0.00488	0.00366	0.00444	0.00425	0.00520	0.00329	0.00319	0.00635	0.00956	0.01305	0.59811	0.02884	0.26872	0.00780	0.00421	0.00115	0.00173	0.00676	0.02153	0.00329
84	0.23207	0.00603	0.00701	0.00577	0.00812	0.00583	0.00473	0.01435	0.03543	0.50156	0.01291	0.03212	0.03653	0.00472	0.00333	0.00114	0.00287	0.03810	0.04224	0.00515
85	0.00482	0.00445	0.05958	0.02094	0.00649	0.00371	0.00437	0.00581	0.00710	0.00945	0.01943	0.63047	0.08634	0.02151	0.00488	0.00146	0.02659	0.07629	0.00312	0.00316
86	0.01344	0.01714	0.01019	0.00927	0.01112	0.85915	0.00695	0.01436	0.01019	0.00880	0.00556	0.00649	0.00463	0.00371	0.00324	0.00093	0.00649	0.00232	0.00185	0.00417
87	0.01528	0.00685	0.00868	0.00668	0.00941	0.00644	0.00551	0.18923	0.01158	0.64894	0.01294	0.01153	0.00833	0.00441	0.00357	0.00110	0.00320	0.00353	0.03677	0.00602
88	0.01895	0.02304	0.09408	0.01108	0.10234	0.06398	0.06777	0.05517	0.00724	0.02373	0.00572	0.00805	0.00499	0.00506	0.00818	0.00136	0.48986	0.00311	0.00179	0.00450
89	0.00613	0.00482	0.00692	0.00670	0.00732	0.00543	0.03699	0.03025	0.01783	0.02297	0.01332	0.27143	0.01439	0.02837	0.18698	0.03950	0.15068	0.14396	0.00261	0.00340
90	0.00523	0.00349	0.00396	0.00396	0.00397	0.00351	0.00223	0.00526	0.00524	0.00700	0.01130	0.02335	0.01299	0.85627	0.03551	0.00353	0.00361	0.00520	0.00217	0.00220
91	0.00438	0.00313	0.00417	0.00501	0.00522	0.00292	0.00334	0.00501	0.00689	0.00918	0.01983	0.87124	0.02379	0.01127	0.00459	0.00146	0.00209	0.01023	0.00334	0.00292
92	0.00886	0.00851	0.01453	0.03752	0.83601	0.00854	0.01102	0.01101	0.00817	0.01170	0.00676	0.00892	0.00568	0.00321	0.00356	0.00107	0.00428	0.00320	0.00178	0.00567
93	0.00968	0.31718	0.05272	0.02847	0.03080	0.21447	0.06199	0.03060	0.01823	0.02727	0.13789	0.01037	0.01797	0.00414	0.00339	0.00097	0.02412	0.00316	0.00217	0.00442
94	0.48789	0.04580	0.08479	0.02435	0.02582	0.06148	0.18931	0.02186	0.00727	0.01380	0.00577	0.00705	0.00445	0.00331	0.00291	0.00111	0.00408	0.00260	0.00202	0.00434
95	0.89899	0.00696	0.00529	0.00473	0.00696	0.00807	0.00390	0.01057	0.00612	0.01614	0.00501	0.00584	0.00390	0.00334	0.00223	0.00111	0.00278	0.00195	0.00223	0.00390
96	0.56692	0.00723	0.00708	0.00615	0.00791	0.02781	0.02439	0.01059	0.02932	0.05275	0.01438	0.01575	0.02023	0.00471	0.02188	0.00131	0.17265	0.00264	0.00226	0.00404
97	0.00557	0.00394	0.00477	0.00454	0.00561	0.00361	0.00343	0.00731	0.04459	0.05838	0.46726	0.08253	0.26945	0.00789	0.00422	0.00119	0.00190	0.01657	0.00374	0.00350
98	0.00500	0.02909	0.00493	0.00464	0.00538	0.00355	0.00340	0.00631	0.00892	0.01236	0.50557	0.28319	0.07590	0.00844	0.00425	0.00122	0.00189	0.00749	0.02522	0.00326
99	0.00451	0.00367	0.00401	0.00402	0.00512	0.00317	0.00306	0.00562	0.00857	0.01070	0.19529	0.04878	0.62321	0.00885	0.00430	0.00123	0.00189	0.05738	0.00346	0.00312
100	0.01367	0.01008	0.01080	0.00828	0.01115	0.01115	0.00684	0.83915	0.01691	0.02267	0.00864	0.00864	0.00612	0.00432	0.00360	0.00108	0.00396	0.00324	0.00360	0.00612
101	0.00435	0.00365	0.00378	0.00374	0.00492	0.00308	0.00281	0.00535	0.00843	0.01026	0.12945	0.03373	0.75634	0.00891	0.00425	0.00121	0.00181	0.00747	0.00341	0.00308
102	0.00890	0.00855	0.01460	0.02208	0.85115	0.00855	0.01104	0.01104	0.00819	0.01175	0.00677	0.00890	0.00570	0.00320	0.00356	0.00107	0.00427	0.00320	0.00178	0.00570
103	0.01614	0.00612	0.00835	0.00640	0.00918	0.00529	0.00529	0.01753	0.01030	0.85364	0.01419	0.01224	0.00890	0.00445	0.00362	0.00111	0.00306	0.00362	0.00445	0.00612
104	0.01344	0.01498	0.01034	0.00895	0.01111	0.60325	0.00690	0.25178	0.02378	0.01288	0.00657	0.00720	0.00515	0.00390	0.00335	0.00097	0.00571	0.00261	0.00238	0.00475
105	0.00671	0.00335	0.00335	0.00335	0.00419	0.00335	0.00251	0.00838	0.00754	0.01341	0.01173	0.01341	0.00922	0.00419	0.00251	0.00084	0.00168	0.00335	0.89355	0.00335
106	0.00431	0.00365	0.00373	0.00371	0.00490	0.00306	0.00278	0.00528	0.00834	0.01005	0.09445	0.03406	0.79147	0.00898	0.00425	0.00121	0.00181	0.00751	0.00338	0.00306
107	0.00989	0.81432	0.01823	0.00638	0.00937	0.07468	0.00621	0.01103	0.00752	0.00849	0.00504	0.00582	0.00462	0.00312	0.00237	0.00078	0.00404	0.00195	0.00156	0.00458
108	0.01367	0.01008	0.01080	0.00828	0.01115	0.01115	0.00684	0.83915	0.01691	0.02267	0.00864	0.00864	0.00612	0.00432	0.00360	0.00108	0.00396	0.00324	0.00360	0.00612
109	0.00959	0.00764	0.00820	0.00725	0.00935	0.00868	0.00567	0.05325	0.73558	0.07535	0.02894	0.01337	0.01103	0.00487	0.00366	0.00120	0.00289	0.00404	0.00372	0.00570
110	0.01200	0.00539	0.00736	0.00639	0.03842	0.00480	0.00489	0.02176	0.01007	0.52383	0.25409	0.05435	0.01678	0.00562	0.00386	0.00114	0.00268	0.01729	0.00414	0.00514
111	0.00934	0.19308	0.02978	0.00760	0.09501	0.00738	0.01663	0.01095	0.00799	0.13774	0.02247	0.00835	0.00625	0.00318	0.00289	0.00076	0.00323	0.00254	0.00233	0.43250
112	0.01275	0.00647	0.02491	0.00608	0.00907	0.00517	0.00507	0.01427	0.00919	0.52535	0.01115	0.01038	0.00749	0.00377	0.00326	0.00090	0.00296	0.00305	0.00353	0.33517
113	0.00868	0.07133	0.66448	0.00941	0.01413	0.00832	0.01158	0.01221	0.00794	0.13426	0.00747	0.00816	0.00520	0.00359	0.00351	0.00112	0.01853	0.00276	0.00195	0.00537
114	0.00964	0.00814	0.09509	0.00880	0.06990	0.00726	0.08803	0.04669	0.27513	0.17897	0.15950	0.01410	0.01287	0.00476	0.00378	0.00116	0.00340	0.00419	0.00334	0.00527
115	0.00508	0.00367	0.00480	0.00453	0.00537	0.00339	0.00339	0.00676	0.01013	0.01434	0.83642	0.03993	0.03378	0.00741	0.00425	0.00114	0.00170	0.00656	0.00395	0.00339
116	0.00523	0.00349	0.00392	0.00392	0.00392	0.00349	0.00218	0.00523	0.00523	0.00697	0.01133	0.02354	0.01308	0.87359	0.01831	0.00349	0.00349	0.00523	0.00218	0.00218
117	0.01582	0.00619	0.00835	0.00642	0.00917	0.00544	0.00530	0.03663	0.02040	0.81059	0.02758	0.01241	0.00927	0.00450	0.00363	0.00111	0.00306	0.00366	0.00441	0.00607
118	0.00990	0.08880	0.07697	0.31446	0.03476	0.06599	0.05094	0.19064	0.00985	0.07886	0.00753	0.00932	0.00566	0.00389	0.00369	0.00112	0.02434	0.01611	0.00230	0.00486
119	0.00724	0.01840	0.83609	0.01036	0.01564	0.00837	0.03195	0.01139	0.00761	0.01139	0.00647	0.00764	0.00458	0.00341	0.00344	0.00114	0.00533	0.00269	0.00153	0.00531
120	0.00511	0.00374	0.00492	0.02397	0.00580	0.00349	0.00353	0.00681	0.01007	0.01420	0.81156	0.02666	0.05196	0.00731	0.00423	0.00113	0.00177	0.00646	0.00389	0.00340
121	0.00970	0.01169	0.08025	0.02686	0.16509	0.19863	0.39507	0.02897	0.00894	0.02077	0.01541	0.00886	0.00558	0.00334	0.00381	0.00111	0.00564	0.00349	0.00188	0.00490
122	0.00833	0.00821	0.03199	0.03722	0.65482	0.02850	0.02465	0.01021	0.00804	0.01116	0.00955	0.02439	0.08105	0.00427	0.00408	0.03868	0.00409	0.00368	0.00193	0.00515
123	0.00470	0.00336	0.00454	0.00537	0.00572	0.00319	0.00389	0.00555	0.00720	0.00954	0.01965	0.68603	0.02310	0.01097	0.00468	0.00150	0.00236	0.19233	0.00333	0.00301
124	0.00741	0.00753	0.03210	0.57630	0.16180	0.00826	0.13537	0.00990	0.00756	0.01002	0.00659	0.00945	0.00504	0.00344	0.00368	0.00118	0.00491	0.00334	0.00166	0.00444
125	0.02045	0.05473	0.39252	0.01182	0.18983	0.04286	0.03409	0.03211	0.03129	0.12650	0.00802	0.02626	0.00602	0.00372	0.00346	0.00110	0.00459	0.00310	0.00215	0.00538
126	0.02866	0.05333	0.57251	0.00953	0.01379	0.10513	0.02792	0.06521	0.00852	0.02306	0.00725	0.02390	0.00570	0.00389	0.00344	0.00112	0.00509	0.03504	0.00186	0.00506
127	0.05094	0.02894	0.11293	0.35072	0.21315	0.00825	0.00957	0.07900	0.00841	0.04397	0.00759	0.01070	0.00610	0.00391	0.00355	0.00116	0.00440	0.04988	0.00203	0.00478
128	0.00464	0.00361	0.00383	0.00386	0.00470	0.00321	0.00271	0.00538	0.00746	0.00927	0.05548	0.04286	0.54640	0.23514	0.00792	0.00182	0.00230	0.03339	0.02320	0.00284
129	0.00848	0.00799	0.01333	0.06900	0.71053	0.00812	0.01011	0.01070	0.03201	0.01131	0.00734	0.01026	0.00639	0.07363	0.00476	0.00128	0.00420	0.00339	0.00186	0.00531
130	0.00746	0.00639	0.00746	0.00533	0.00852	0.00480	0.00426	0.00906	0.00746	0.01172	0.00639	0.00746	0.00533	0.00266	0.00266	0.00053	0.00266	0.00213	0.00213	0.89558
131	0.00688	0.00623	0.01015	0.07359	0.34004	0.00633	0.05870	0.02175	0.00773	0.01059	0.01325	0.30720	0.06477	0.00660	0.00433	0.00126	0.03531	0.01853	0.00245	0.00431
132	0.00713	0.01798	0.81966	0.00999	0.01509	0.00815	0.01283	0.01114	0.00750	0.01121	0.00666	0.00826	0.00491	0.03950	0.00403	0.00124	0.00524	0.00276	0.00155	0.00519
133	0.00849	0.00970	0.02122	0.01516	0.01880	0.00910	0.83808	0.01152	0.00849	0.01152	0.00728	0.00970	0.00546	0.00303	0.00424	0.00121	0.00606	0.00424	0.00182	0.00485
134	0.00473	0.00331	0.00437	0.00490	0.00531	0.00306	0.00337	0.00560	0.00766	0.02503	0.19176	0.66434	0.04252	0.01030	0.00450	0.00138	0.00202	0.00929	0.00349	0.00308
135	0.00939	0.00794	0.00839	0.00738	0.00952	0.00909	0.00578	0.10021	0.74772	0.01574	0.01390	0.01284	0.01040	0.00479	0.00364	0.00119	0.00295	0.00395	0.00363	0.02156
136	0.00438	0.00313	0.00417	0.00501	0.00522	0.00292	0.00334	0.00501	0.00689	0.00918	0.01983	0.87124	0.02379	0.01127	0.00459	0.00146	0.00209	0.01023	0.00334	0.00292
137	0.00721	0.01861	0.85495	0.01025	0.01557	0.00835	0.01329	0.01139	0.00759	0.01139	0.00646	0.00759	0.00456	0.00342	0.00342	0.00114	0.00532	0.00266	0.00152	0.00532
138	0.00746	0.00639	0.00746	0.00533	0.00852	0.00480	0.00426	0.00906	0.00746	0.01172	0.00639	0.00746	0.00533	0.00266	0.00266	0.00053	0.00266	0.00213	0.00213	0.89558
139	0.00517	0.00373	0.00514	0.00514	0.00556	0.00415	0.00370	0.00601	0.00559	0.00788	0.01022	0.01737	0.01040	0.31867	0.56956	0.00499	0.00752	0.00433	0.00201	0.00286
140	0.00721	0.01861	0.85495	0.01025	0.01557	0.00835	0.01329	0.01139	0.00759	0.01139	0.00646	0.00759	0.00456	0.00342	0.00342	0.00114	0.00532	0.00266	0.00152	0.00532
141	0.00712	0.00673	0.01138	0.73364	0.15351	0.00808	0.01015	0.00948	0.00735	0.00959	0.00645	0.00948	0.00494	0.00354	0.00359	0.00118	0.00471	0.00320	0.00163	0.00426
142	0.00991	0.82230	0.01828	0.00629	0.00931	0.04957	0.00617	0.01106	0.00749	0.02534	0.00521	0.00593	0.00470	0.00313	0.00237	0.00078	0.00394	0.00197	0.00161	0.00463
143	0.00787	0.00787	0.01102	0.00944	0.00944	0.01102	0.00787	0.00866	0.00551	0.00866	0.00472	0.00787	0.00472	0.00630	0.01180	0.00157	0.86700	0.00315	0.00157	0.00393
144	0.01210	0.00494	0.00621	0.00510	0.00705	0.00446	0.00410	0.01362	0.00912	0.49416	0.01314	0.01274	0.00904	0.00434	0.00315	0.00100	0.00247	0.00350	0.38484	0.00494
145	0.00504	0.00379	0.00465	0.00501	0.00595	0.00349	0.00402	0.00626	0.00826	0.01965	0.09803	0.13726	0.36421	0.00947	0.00455	0.00140	0.00241	0.30996	0.00340	0.00319
146	0.00493	0.00364	0.00460	0.00442	0.00529	0.00331	0.00329	0.00645	0.00971	0.01343	0.68181	0.07266	0.15746	0.00783	0.00426	0.00116	0.00174	0.00687	0.00383	0.00331
147	0.00831	0.00532	0.00627	0.00542	0.00702	0.00523	0.00425	0.13700	0.07479	0.14454	0.34331	0.03745	0.16167	0.00651	0.00395	0.00114	0.00237	0.00551	0.03559	0.00434
148	0.64315	0.00664	0.00604	0.00513	0.00747	0.00721	0.00423	0.01235	0.00726	0.23644	0.00760	0.00773	0.00535	0.00365	0.00260	0.00111	0.00283	0.00242	0.02633	0.00447
149	0.00651	0.00672	0.06841	0.21594	0.13722	0.00622	0.05690	0.02038	0.04426	0.01141	0.17246	0.02867	0.19909	0.00558	0.00390	0.00117	0.00346	0.00495	0.00260	0.00416
150	0.00519	0.00391	0.00582	0.00579	0.00640	0.00458	0.00449	0.00643	0.00576	0.00832	0.00960	0.01430	0.00904	0.05145	0.81959	0.00564	0.02470	0.00388	0.00193	0.00319
151	0.00704	0.00697	0.04634	0.06237	0.16099	0.01739	0.18479	0.02218	0.02146	0.01993	0.07032	0.15410	0.07331	0.00628	0.00418	0.00128	0.00388	0.13035	0.00259	0.00424
152	0.00752	0.02187	0.01140	0.56654	0.02022	0.00769	0.10141	0.01899	0.00754	0.04800	0.00726	0.03477	0.00575	0.00418	0.01898	0.00122	0.02369	0.00343	0.00188	0.08765
153	0.01049	0.01887	0.01036	0.03495	0.10364	0.03057	0.00705	0.38355	0.02975	0.03203	0.02159	0.04582	0.00738	0.02198	0.06314	0.00154	0.15574	0.00361	0.00277	0.01518

[dist]
# distance from previous block
# <min> <max>
0	23

# created by:
# /home/cegg/simao/soft/augustus-3.2.1/scripts/msa2prfl.pl ./align_prep/EOG092C4CCH.fa
