[name]
unknown

[dist]
# distance from previous block
# <min> <max>
113	718

[block]
# block no. 0 follows, 57 sequences, length 8
# corresponding to MSA columns:
# 1349-1356
name=unknown_A
#
# <colnr> <probs for GDERKNQSTAVLIFYWHMCP>
#	G	D	E	R	K	N	Q	S	T	A	V	L	I	F	Y	W	H	M	C	P
0	0.00650	0.00464	0.00583	0.00620	0.00713	0.00433	0.00455	0.00820	0.03669	0.03804	0.20119	0.38664	0.17564	0.01192	0.00558	0.00169	0.00268	0.08400	0.00443	0.00412
1	0.01092	0.35570	0.16290	0.01225	0.04201	0.03245	0.19630	0.01402	0.03621	0.01265	0.00811	0.00998	0.00667	0.00581	0.04919	0.00160	0.03148	0.00361	0.00215	0.00600
2	0.08235	0.00922	0.00985	0.00832	0.01086	0.02998	0.00662	0.27040	0.12823	0.11924	0.04237	0.10506	0.11846	0.00737	0.00497	0.00148	0.02876	0.00591	0.00434	0.00621
3	0.00975	0.00600	0.00768	0.00693	0.00869	0.00568	0.02788	0.05133	0.04782	0.17686	0.11768	0.17422	0.21491	0.05082	0.05088	0.00201	0.00369	0.02775	0.00439	0.00503
4	0.00635	0.00474	0.00570	0.05076	0.00774	0.00460	0.00433	0.00801	0.04645	0.01260	0.08023	0.31764	0.23311	0.11905	0.00756	0.00197	0.00293	0.00932	0.07300	0.00392
5	0.00935	0.00688	0.00981	0.05655	0.10793	0.00691	0.03972	0.06126	0.05478	0.08581	0.19736	0.13667	0.06579	0.05829	0.03903	0.00193	0.00412	0.04865	0.00395	0.00522
6	0.03793	0.00567	0.00700	0.03070	0.02288	0.01924	0.00528	0.03008	0.05104	0.06656	0.13853	0.37478	0.04283	0.03996	0.05914	0.00210	0.00373	0.03627	0.02177	0.00451
7	0.08405	0.00838	0.03700	0.03896	0.10772	0.02555	0.00727	0.08043	0.02922	0.23157	0.12271	0.09868	0.05593	0.00682	0.00459	0.00143	0.00386	0.00574	0.04409	0.00600

[dist]
# distance from previous block
# <min> <max>
22	67

[block]
# block no. 1 follows, 57 sequences, length 14
# corresponding to MSA columns:
# 1427-1438,1442,1443
name=unknown_B
#
# <colnr> <probs for GDERKNQSTAVLIFYWHMCP>
#	G	D	E	R	K	N	Q	S	T	A	V	L	I	F	Y	W	H	M	C	P
0	0.08242	0.02471	0.01038	0.01911	0.01124	0.06501	0.03543	0.17689	0.03291	0.13327	0.07577	0.04071	0.13632	0.00735	0.02376	0.00152	0.02876	0.01617	0.00393	0.07435
1	0.03501	0.05581	0.05990	0.02332	0.05380	0.16268	0.06292	0.15185	0.07892	0.03429	0.02637	0.01186	0.00840	0.00661	0.03585	0.01897	0.10763	0.01358	0.00299	0.04924
2	0.02824	0.00688	0.00860	0.02501	0.00968	0.02693	0.02168	0.05781	0.07630	0.06788	0.05160	0.09081	0.07993	0.04521	0.22374	0.04874	0.05772	0.02222	0.01652	0.03450
3	0.00774	0.00656	0.00888	0.05338	0.01043	0.04121	0.06600	0.00956	0.03164	0.02957	0.07283	0.24145	0.08731	0.07421	0.13007	0.00270	0.05039	0.05107	0.00343	0.02158
4	0.00797	0.00771	0.06839	0.20662	0.05866	0.00734	0.00824	0.01051	0.02578	0.03511	0.27817	0.07136	0.10027	0.00780	0.00575	0.00154	0.06589	0.02445	0.00354	0.00491
5	0.01035	0.00848	0.01337	0.08644	0.38838	0.00873	0.02652	0.03770	0.05729	0.04373	0.01137	0.07716	0.00999	0.00719	0.02694	0.09113	0.00483	0.00487	0.07967	0.00586
6	0.00620	0.00502	0.00692	0.00727	0.03766	0.00459	0.04816	0.00755	0.00992	0.01292	0.12954	0.35142	0.27263	0.03381	0.00601	0.00174	0.00296	0.04755	0.00409	0.00407
7	0.01497	0.01003	0.01124	0.00901	0.01197	0.01066	0.00728	0.48207	0.04848	0.14023	0.07635	0.09208	0.05123	0.00689	0.00476	0.00143	0.00420	0.00558	0.00468	0.00686
8	0.12833	0.01057	0.00966	0.00858	0.01060	0.15932	0.00664	0.17642	0.03814	0.06853	0.03649	0.19333	0.04283	0.02797	0.00570	0.00157	0.06021	0.00600	0.00368	0.00544
9	0.01263	0.04051	0.00998	0.00837	0.01029	0.11993	0.00643	0.08317	0.10697	0.18475	0.04300	0.17755	0.01531	0.09933	0.00739	0.00182	0.05678	0.00623	0.00397	0.00560
10	0.00761	0.00527	0.00692	0.00669	0.00744	0.00570	0.00486	0.04816	0.00843	0.04100	0.05796	0.07569	0.01596	0.29447	0.35043	0.00489	0.02887	0.02267	0.00304	0.00395
11	0.00858	0.00673	0.00870	0.00784	0.00878	0.05140	0.05543	0.06687	0.00837	0.01117	0.01092	0.01807	0.01075	0.21758	0.26680	0.19002	0.04076	0.00491	0.00253	0.00379
12	0.01363	0.01307	0.01218	0.01039	0.01283	0.26777	0.06512	0.19040	0.06957	0.06017	0.03164	0.09225	0.04820	0.00726	0.02142	0.00155	0.03793	0.03524	0.00355	0.00582
13	0.00826	0.00679	0.00952	0.06468	0.03745	0.01611	0.06089	0.01926	0.04128	0.04229	0.13455	0.13126	0.13372	0.05054	0.05127	0.01981	0.07242	0.02685	0.00351	0.06954

[dist]
# distance from previous block
# <min> <max>
3	15

[block]
# block no. 2 follows, 57 sequences, length 17
# corresponding to MSA columns:
# 1459-1475
name=unknown_C
#
# <colnr> <probs for GDERKNQSTAVLIFYWHMCP>
#	G	D	E	R	K	N	Q	S	T	A	V	L	I	F	Y	W	H	M	C	P
0	0.05870	0.05472	0.11622	0.03543	0.15664	0.00854	0.00882	0.06561	0.01106	0.14924	0.08201	0.12789	0.04365	0.00709	0.01984	0.00152	0.00444	0.00560	0.00352	0.03947
1	0.06768	0.07542	0.16052	0.02767	0.03427	0.06846	0.10362	0.05100	0.01762	0.05642	0.01020	0.02975	0.00913	0.14660	0.00847	0.00194	0.08368	0.02284	0.00267	0.02202
2	0.14645	0.00779	0.00955	0.00797	0.01057	0.01904	0.04953	0.07431	0.04269	0.28141	0.05579	0.12530	0.03180	0.00736	0.01980	0.00156	0.00393	0.02557	0.04347	0.03611
3	0.00667	0.00502	0.00620	0.04864	0.00836	0.00480	0.00484	0.02723	0.03815	0.03213	0.14248	0.32530	0.27127	0.01137	0.00545	0.00165	0.00283	0.04915	0.00426	0.00422
4	0.01038	0.02980	0.01456	0.19557	0.20403	0.05320	0.08315	0.01310	0.03763	0.03897	0.02601	0.02880	0.02700	0.02502	0.00552	0.00141	0.05785	0.00434	0.00259	0.14108
5	0.00990	0.00576	0.00702	0.00632	0.00778	0.00536	0.00455	0.02902	0.02697	0.17571	0.03350	0.10177	0.06070	0.33693	0.02948	0.00272	0.00397	0.04821	0.01654	0.08777
6	0.00618	0.00427	0.00556	0.00614	0.00677	0.00394	0.00427	0.00728	0.00963	0.03956	0.15892	0.58212	0.10123	0.01334	0.02655	0.00187	0.00280	0.01131	0.00434	0.00394
7	0.01137	0.03173	0.09923	0.21140	0.11342	0.04694	0.26440	0.09858	0.01135	0.03880	0.00894	0.01142	0.00673	0.00441	0.00490	0.00145	0.02191	0.00432	0.00251	0.00619
8	0.05008	0.05570	0.04734	0.31205	0.03816	0.02602	0.06847	0.03439	0.00922	0.01273	0.01057	0.10515	0.00970	0.01058	0.14327	0.00247	0.03109	0.00501	0.00248	0.02554
9	0.07700	0.00922	0.01033	0.00836	0.01119	0.00969	0.00677	0.37547	0.01564	0.17972	0.07202	0.06281	0.06235	0.00789	0.04364	0.00169	0.00441	0.00523	0.03004	0.00651
10	0.00830	0.00635	0.00722	0.00796	0.08866	0.03441	0.00528	0.04067	0.05605	0.03192	0.11881	0.10179	0.26570	0.00842	0.00468	0.00140	0.00300	0.00715	0.19747	0.00477
11	0.03199	0.16891	0.16844	0.05581	0.07799	0.02783	0.11841	0.17292	0.03148	0.03799	0.03886	0.03115	0.00871	0.00488	0.00431	0.00135	0.00554	0.00414	0.00289	0.00641
12	0.03540	0.00520	0.00605	0.00587	0.00703	0.00513	0.00429	0.04792	0.02760	0.05490	0.11780	0.17108	0.15585	0.10711	0.06721	0.03116	0.00360	0.00745	0.13510	0.00424
13	0.10101	0.08837	0.02599	0.01956	0.03230	0.04772	0.00589	0.03479	0.04400	0.06499	0.13094	0.21845	0.07493	0.05114	0.00560	0.00162	0.00365	0.01994	0.00372	0.02539
14	0.07061	0.05621	0.17956	0.06136	0.14685	0.00954	0.07223	0.06424	0.03584	0.04195	0.05583	0.15014	0.02371	0.00640	0.00460	0.00147	0.00490	0.00563	0.00303	0.00590
15	0.04190	0.20925	0.08248	0.04703	0.12024	0.05613	0.03918	0.09847	0.02477	0.09145	0.01139	0.03019	0.04912	0.00523	0.00463	0.00132	0.04702	0.00406	0.01782	0.01833
16	0.04764	0.02655	0.00889	0.21642	0.01378	0.00716	0.00674	0.06293	0.01017	0.08717	0.07184	0.12429	0.06971	0.12148	0.02128	0.00198	0.00420	0.02217	0.07085	0.00475

[dist]
# distance from previous block
# <min> <max>
89	246

[block]
# block no. 3 follows, 57 sequences, length 9
# corresponding to MSA columns:
# 1865-1868,1878-1882
name=unknown_D
#
# <colnr> <probs for GDERKNQSTAVLIFYWHMCP>
#	G	D	E	R	K	N	Q	S	T	A	V	L	I	F	Y	W	H	M	C	P
0	0.01213	0.09077	0.13761	0.05274	0.10884	0.08465	0.04349	0.14928	0.07728	0.04497	0.01117	0.03772	0.02339	0.02098	0.00468	0.00138	0.00531	0.01544	0.00304	0.07514
1	0.01053	0.05757	0.10686	0.01020	0.06931	0.02164	0.04047	0.08205	0.01095	0.08520	0.07231	0.10068	0.04227	0.02356	0.00589	0.02438	0.05088	0.05195	0.00333	0.12998
2	0.04308	0.06268	0.09976	0.02500	0.04374	0.02620	0.02376	0.07144	0.05096	0.30055	0.05979	0.05818	0.01212	0.00694	0.03885	0.00161	0.00468	0.00474	0.02027	0.04565
3	0.01088	0.01120	0.21318	0.00931	0.01277	0.00768	0.06777	0.02890	0.06940	0.19297	0.06520	0.06513	0.17671	0.02609	0.00545	0.00156	0.02002	0.00606	0.00380	0.00592
4	0.00983	0.03950	0.04246	0.31479	0.19134	0.03451	0.05581	0.02999	0.01026	0.03998	0.05085	0.03669	0.05640	0.00578	0.00487	0.00148	0.01872	0.04844	0.00270	0.00561
5	0.33825	0.00672	0.00702	0.00653	0.00847	0.00715	0.00513	0.02635	0.00932	0.13412	0.05840	0.14632	0.01444	0.03534	0.09160	0.00220	0.00427	0.04458	0.04886	0.00491
6	0.01169	0.01197	0.22099	0.03035	0.01304	0.05340	0.00909	0.05010	0.04739	0.19656	0.07046	0.08152	0.03811	0.04639	0.00565	0.00163	0.00473	0.07913	0.00374	0.02405
7	0.04430	0.00476	0.00582	0.00601	0.00708	0.00448	0.00443	0.00841	0.01006	0.06112	0.18122	0.32821	0.18237	0.01247	0.05123	0.00194	0.00316	0.04414	0.03460	0.00418
8	0.02606	0.00694	0.05865	0.09166	0.01071	0.02744	0.00627	0.04675	0.00968	0.04570	0.05107	0.35672	0.07690	0.09013	0.05667	0.00225	0.00430	0.02406	0.00361	0.00442

[dist]
# distance from previous block
# <min> <max>
2	8

[block]
# block no. 4 follows, 57 sequences, length 8
# corresponding to MSA columns:
# 1891-1896,1900,1901
name=unknown_E
#
# <colnr> <probs for GDERKNQSTAVLIFYWHMCP>
#	G	D	E	R	K	N	Q	S	T	A	V	L	I	F	Y	W	H	M	C	P
0	0.01057	0.07716	0.08133	0.06446	0.01721	0.06319	0.30228	0.07053	0.03652	0.03004	0.01360	0.11704	0.06251	0.00628	0.00519	0.02198	0.00581	0.00579	0.00288	0.00564
1	0.00768	0.00616	0.00791	0.00797	0.03462	0.03018	0.04390	0.03910	0.04060	0.03229	0.08070	0.36098	0.12987	0.03550	0.04065	0.00196	0.00378	0.05818	0.00394	0.03403
2	0.03026	0.09034	0.17962	0.03548	0.11218	0.07385	0.11295	0.06491	0.01059	0.03232	0.03067	0.03269	0.02229	0.00588	0.01874	0.00154	0.09459	0.02250	0.02265	0.00596
3	0.01056	0.02553	0.02732	0.00845	0.01052	0.04598	0.06369	0.13223	0.04538	0.09460	0.05701	0.19009	0.09042	0.08346	0.03859	0.00198	0.02596	0.00693	0.01674	0.02457
4	0.03169	0.05284	0.03130	0.03315	0.00890	0.00653	0.00543	0.08632	0.02969	0.03295	0.05932	0.25995	0.16209	0.06113	0.01933	0.04519	0.00354	0.02594	0.04021	0.00449
5	0.08454	0.07614	0.09398	0.05998	0.03938	0.00919	0.00788	0.10426	0.05427	0.04706	0.03216	0.16443	0.05089	0.00885	0.04116	0.02379	0.04783	0.03079	0.01801	0.00538
6	0.07423	0.07134	0.12830	0.04979	0.04836	0.05097	0.03819	0.11360	0.04346	0.07970	0.01335	0.10367	0.03514	0.00722	0.03095	0.00161	0.00506	0.04623	0.00327	0.05558
7	0.09945	0.02706	0.01064	0.04496	0.02689	0.05686	0.06080	0.12217	0.08290	0.05929	0.06002	0.08514	0.06675	0.04797	0.02923	0.00181	0.02929	0.05627	0.02709	0.00542

[dist]
# distance from previous block
# <min> <max>
59	162

[block]
# block no. 5 follows, 57 sequences, length 16
# corresponding to MSA columns:
# 2123-2138
name=unknown_F
#
# <colnr> <probs for GDERKNQSTAVLIFYWHMCP>
#	G	D	E	R	K	N	Q	S	T	A	V	L	I	F	Y	W	H	M	C	P
0	0.00716	0.00568	0.00818	0.00887	0.07123	0.00600	0.03114	0.00898	0.04845	0.01181	0.03619	0.23141	0.04873	0.12946	0.22770	0.02355	0.03788	0.05012	0.00322	0.00424
1	0.02688	0.06580	0.04044	0.15731	0.11737	0.05947	0.09350	0.04429	0.05395	0.01410	0.07129	0.10709	0.04439	0.00737	0.03271	0.00166	0.02533	0.01883	0.00295	0.01525
2	0.01566	0.03660	0.04689	0.00862	0.01157	0.08013	0.01855	0.09332	0.05527	0.39772	0.01636	0.07614	0.03794	0.04899	0.00565	0.00157	0.01629	0.00515	0.02103	0.00655
3	0.04002	0.03400	0.00891	0.00809	0.02874	0.00797	0.00611	0.16122	0.09328	0.04204	0.01703	0.22328	0.03661	0.02824	0.10066	0.01866	0.02012	0.04793	0.07187	0.00522
4	0.01220	0.00765	0.00926	0.00794	0.00984	0.00815	0.00621	0.20230	0.04612	0.16867	0.05654	0.11053	0.02553	0.08454	0.08479	0.02442	0.06538	0.00580	0.05848	0.00564
5	0.05030	0.03175	0.14356	0.03855	0.10488	0.05020	0.00966	0.06023	0.07172	0.05996	0.01241	0.07705	0.03104	0.00779	0.04382	0.00181	0.13681	0.03364	0.02901	0.00580
6	0.01002	0.00737	0.00849	0.00761	0.00936	0.00774	0.00589	0.26035	0.02888	0.01848	0.11905	0.24762	0.07440	0.02420	0.00566	0.00158	0.03007	0.04280	0.06128	0.02916
7	0.02901	0.00600	0.00789	0.03384	0.00941	0.00614	0.03825	0.06757	0.06784	0.01403	0.06962	0.16692	0.11093	0.04134	0.02036	0.12505	0.00383	0.15807	0.01962	0.00429
8	0.00909	0.00624	0.00822	0.04084	0.00988	0.00619	0.04056	0.09009	0.05422	0.09828	0.05562	0.36452	0.10966	0.03187	0.00574	0.00171	0.00344	0.03558	0.02336	0.00491
9	0.11468	0.00914	0.08940	0.00824	0.01146	0.00760	0.03238	0.05222	0.03646	0.39128	0.08014	0.03483	0.01281	0.00649	0.02571	0.00155	0.00417	0.00469	0.07026	0.00648
10	0.00616	0.00430	0.00543	0.00595	0.00647	0.00407	0.00404	0.00701	0.00876	0.02889	0.06877	0.46669	0.11877	0.17119	0.05338	0.00256	0.00347	0.02650	0.00391	0.00367
11	0.02149	0.04958	0.01073	0.05694	0.07029	0.02495	0.03870	0.05836	0.01021	0.07292	0.07849	0.22809	0.04651	0.01083	0.07871	0.00209	0.09290	0.02120	0.02195	0.00506
12	0.02984	0.13646	0.07989	0.02517	0.08455	0.00927	0.02144	0.06188	0.03109	0.15360	0.02606	0.07527	0.03046	0.01172	0.17382	0.00258	0.00605	0.00487	0.03016	0.00582
13	0.15204	0.04318	0.01144	0.04233	0.01201	0.00995	0.06079	0.12077	0.07587	0.08002	0.05004	0.01362	0.01004	0.02601	0.12212	0.04107	0.09977	0.00427	0.00323	0.02144
14	0.03557	0.10377	0.07726	0.09356	0.04657	0.15333	0.10450	0.04808	0.01056	0.06381	0.01099	0.04411	0.04113	0.01951	0.05893	0.00180	0.05053	0.00438	0.00269	0.02893
15	0.03255	0.00990	0.07458	0.08462	0.01339	0.04916	0.03811	0.13277	0.05510	0.04981	0.05908	0.08655	0.06895	0.03476	0.01404	0.00151	0.00452	0.02950	0.00345	0.15765

[dist]
# distance from previous block
# <min> <max>
27	195

[block]
# block no. 6 follows, 57 sequences, length 14
# corresponding to MSA columns:
# 2365-2378
name=unknown_G
#
# <colnr> <probs for GDERKNQSTAVLIFYWHMCP>
#	G	D	E	R	K	N	Q	S	T	A	V	L	I	F	Y	W	H	M	C	P
0	0.07344	0.04547	0.08119	0.09336	0.12403	0.02689	0.05213	0.06175	0.05458	0.07535	0.11340	0.03063	0.03009	0.00569	0.00461	0.00139	0.02215	0.01253	0.06703	0.02429
1	0.00766	0.03244	0.07948	0.00759	0.03850	0.03195	0.00598	0.03182	0.04533	0.01332	0.13408	0.10370	0.22981	0.16421	0.00873	0.00206	0.03062	0.02468	0.00359	0.00446
2	0.03078	0.42294	0.11032	0.05598	0.05150	0.03111	0.02116	0.03885	0.04640	0.05455	0.03831	0.01037	0.00812	0.00453	0.00384	0.00119	0.02058	0.00333	0.02183	0.02432
3	0.03355	0.36223	0.03718	0.02935	0.01133	0.11809	0.00713	0.04963	0.01065	0.06473	0.04892	0.04479	0.12491	0.00629	0.00437	0.02940	0.00468	0.00448	0.00292	0.00538
4	0.03479	0.00786	0.00852	0.02470	0.00993	0.03763	0.00569	0.14932	0.06260	0.06616	0.10757	0.08704	0.15544	0.06047	0.02500	0.00167	0.00382	0.00617	0.00393	0.14172
5	0.04984	0.24787	0.14152	0.00990	0.03037	0.02811	0.05275	0.10922	0.05561	0.05500	0.01058	0.09128	0.00925	0.00543	0.00422	0.00129	0.01976	0.00431	0.00293	0.07078
6	0.09099	0.01980	0.02284	0.07047	0.06860	0.03968	0.03785	0.09085	0.01920	0.06320	0.04673	0.09883	0.03994	0.12837	0.07337	0.02625	0.04925	0.00558	0.00318	0.00502
7	0.00743	0.00971	0.22818	0.00804	0.01030	0.00608	0.00773	0.00974	0.02734	0.02987	0.05117	0.29376	0.04068	0.11711	0.02428	0.03422	0.00431	0.05492	0.03056	0.00457
8	0.00745	0.00595	0.00850	0.00811	0.02690	0.00588	0.07562	0.04867	0.02730	0.01393	0.12525	0.21609	0.15291	0.04961	0.05874	0.02600	0.02178	0.09057	0.02636	0.00438
9	0.07895	0.14953	0.14028	0.06246	0.07915	0.09587	0.04690	0.07402	0.02907	0.06563	0.00989	0.03650	0.00830	0.02465	0.00511	0.02076	0.02368	0.02719	0.01617	0.00588
10	0.00893	0.00775	0.01131	0.02381	0.03404	0.00842	0.10884	0.06158	0.05323	0.02755	0.03130	0.16749	0.09573	0.10833	0.01882	0.00204	0.16915	0.02030	0.00325	0.03812
11	0.00624	0.00439	0.00554	0.00611	0.00670	0.00414	0.00419	0.00750	0.03167	0.03107	0.09722	0.54476	0.10435	0.09964	0.00746	0.00203	0.00282	0.02614	0.00417	0.00385
12	0.03688	0.05194	0.11206	0.15624	0.16473	0.04388	0.15511	0.01327	0.04717	0.01368	0.01168	0.06254	0.03898	0.00560	0.00502	0.00149	0.03333	0.03802	0.00255	0.00580
13	0.03044	0.00792	0.00962	0.03118	0.01126	0.02261	0.03152	0.14931	0.12755	0.12940	0.03452	0.17004	0.05505	0.00877	0.00515	0.00164	0.00400	0.15994	0.00434	0.00573

[dist]
# distance from previous block
# <min> <max>
0	1

[block]
# block no. 7 follows, 57 sequences, length 23
# corresponding to MSA columns:
# 2380-2389,2408-2419,2448
name=unknown_H
#
# <colnr> <probs for GDERKNQSTAVLIFYWHMCP>
#	G	D	E	R	K	N	Q	S	T	A	V	L	I	F	Y	W	H	M	C	P
0	0.00768	0.00511	0.00637	0.00655	0.00758	0.00492	0.00482	0.03408	0.04965	0.07264	0.13254	0.37250	0.10245	0.06470	0.00660	0.00186	0.00301	0.09069	0.02189	0.00438
1	0.04836	0.00741	0.02186	0.02234	0.01004	0.01848	0.01962	0.08147	0.06758	0.19650	0.09089	0.12778	0.10234	0.04071	0.00633	0.02544	0.03877	0.03417	0.03446	0.00546
2	0.03319	0.23693	0.14590	0.02950	0.03698	0.06765	0.11511	0.06954	0.01051	0.04238	0.00883	0.01037	0.02208	0.00473	0.00504	0.00130	0.08702	0.00361	0.01705	0.05227
3	0.00704	0.00464	0.00610	0.00616	0.00676	0.00474	0.00431	0.00784	0.00791	0.04921	0.04378	0.15615	0.06303	0.28482	0.26455	0.04723	0.00626	0.02265	0.00317	0.00364
4	0.02611	0.00518	0.00653	0.00669	0.00766	0.00501	0.00478	0.04707	0.02428	0.11877	0.02115	0.49990	0.02321	0.10259	0.00755	0.01695	0.00322	0.04802	0.02092	0.00440
5	0.22392	0.07863	0.08846	0.09363	0.09872	0.08881	0.05960	0.06363	0.02482	0.03576	0.02718	0.05490	0.00894	0.00527	0.00410	0.00141	0.00513	0.02858	0.00281	0.00570
6	0.00821	0.00548	0.00739	0.00710	0.00831	0.00537	0.03322	0.01035	0.06251	0.09407	0.13435	0.19239	0.06922	0.14532	0.08774	0.00266	0.00432	0.11354	0.00401	0.00445
7	0.01064	0.01061	0.01094	0.14447	0.09531	0.20979	0.00846	0.02693	0.02624	0.03012	0.01396	0.15933	0.03494	0.03433	0.02109	0.00173	0.06045	0.07308	0.02258	0.00500
8	0.58357	0.01063	0.00906	0.00876	0.07050	0.10422	0.00644	0.07531	0.00992	0.07454	0.00771	0.00858	0.00584	0.00444	0.00333	0.00137	0.00433	0.00290	0.00304	0.00553
9	0.00756	0.02176	0.11024	0.04680	0.01080	0.00724	0.03968	0.02187	0.00854	0.01184	0.01628	0.27803	0.04495	0.16007	0.04440	0.00243	0.11983	0.02238	0.02093	0.00438
10	0.05320	0.21609	0.02610	0.02467	0.01112	0.05663	0.00706	0.01458	0.14913	0.06955	0.07466	0.01376	0.02290	0.00782	0.05523	0.05125	0.07292	0.00407	0.00309	0.06619
11	0.05950	0.02690	0.08373	0.04783	0.21310	0.03820	0.00893	0.04701	0.05920	0.06661	0.03824	0.14542	0.02926	0.06215	0.00582	0.00164	0.00452	0.01971	0.00322	0.03901
12	0.00853	0.01985	0.00864	0.03929	0.05565	0.01991	0.01979	0.02799	0.03347	0.06953	0.09014	0.33917	0.05150	0.03571	0.00632	0.00170	0.05317	0.05395	0.02639	0.03929
13	0.00974	0.00844	0.01379	0.19856	0.15840	0.00882	0.12807	0.04623	0.05345	0.05740	0.07959	0.10852	0.08085	0.00663	0.00512	0.00151	0.01992	0.00611	0.00321	0.00563
14	0.00703	0.00490	0.00607	0.00631	0.02160	0.00448	0.00451	0.00878	0.03700	0.06822	0.22517	0.29534	0.25552	0.01112	0.00542	0.00160	0.00261	0.02551	0.00447	0.00433
15	0.03821	0.07819	0.12454	0.08449	0.06284	0.00991	0.09905	0.07841	0.05151	0.10470	0.06394	0.02764	0.01089	0.00612	0.02713	0.00155	0.02573	0.01884	0.05289	0.03343
16	0.00850	0.00523	0.00649	0.00622	0.00764	0.00484	0.00463	0.01051	0.05409	0.14645	0.21076	0.24472	0.20805	0.02779	0.03114	0.00180	0.00302	0.00885	0.00456	0.00470
17	0.00784	0.00525	0.00642	0.00660	0.00762	0.00511	0.00473	0.08915	0.02340	0.05999	0.05987	0.54741	0.09223	0.01177	0.00538	0.00168	0.00288	0.01045	0.04779	0.00445
18	0.04324	0.09345	0.26820	0.10339	0.10871	0.03146	0.05681	0.09181	0.04852	0.04200	0.01995	0.03990	0.00807	0.00496	0.00452	0.00141	0.02051	0.00409	0.00266	0.00634
19	0.00870	0.00600	0.00752	0.00728	0.00861	0.02395	0.03327	0.02832	0.08708	0.10325	0.07373	0.39008	0.08675	0.03892	0.00592	0.00175	0.00328	0.05090	0.02995	0.00474
20	0.00894	0.00628	0.00736	0.02068	0.00874	0.01931	0.00528	0.10941	0.05848	0.08031	0.08416	0.33806	0.13594	0.04744	0.03571	0.00194	0.00359	0.01930	0.00425	0.00482
21	0.02635	0.00884	0.02511	0.22201	0.15172	0.00926	0.07234	0.10214	0.05515	0.07131	0.03951	0.09826	0.03556	0.00695	0.03054	0.00166	0.00511	0.00544	0.02690	0.00586
22	0.01162	0.11338	0.08152	0.19254	0.13103	0.03332	0.03222	0.14381	0.03240	0.04930	0.01058	0.03119	0.02461	0.00527	0.00486	0.00140	0.04493	0.01999	0.01836	0.01767

[dist]
# distance from previous block
# <min> <max>
4	33

[block]
# block no. 8 follows, 57 sequences, length 29
# corresponding to MSA columns:
# 2489-2517
name=unknown_I
#
# <colnr> <probs for GDERKNQSTAVLIFYWHMCP>
#	G	D	E	R	K	N	Q	S	T	A	V	L	I	F	Y	W	H	M	C	P
0	0.00754	0.03993	0.03474	0.00683	0.00853	0.02858	0.02471	0.01000	0.07174	0.02760	0.19285	0.21592	0.19038	0.03069	0.00554	0.00157	0.00317	0.02870	0.01762	0.05336
1	0.02344	0.07715	0.01178	0.07084	0.01251	0.07011	0.08533	0.10846	0.01133	0.05509	0.07193	0.18562	0.08422	0.03277	0.04305	0.00185	0.02535	0.02057	0.00349	0.00513
2	0.01173	0.02034	0.00917	0.03458	0.01049	0.04961	0.00625	0.12985	0.09310	0.16274	0.06737	0.13877	0.14426	0.00802	0.00525	0.00149	0.04096	0.00659	0.05376	0.00567
3	0.01125	0.04184	0.16013	0.03947	0.02930	0.06797	0.02246	0.17474	0.03733	0.04686	0.01212	0.11390	0.01101	0.02859	0.09240	0.00219	0.07511	0.02439	0.00315	0.00582
4	0.01131	0.00904	0.03699	0.03021	0.05364	0.02668	0.00722	0.24498	0.09251	0.05842	0.11214	0.09907	0.07657	0.03185	0.06496	0.00197	0.00464	0.01520	0.01674	0.00588
5	0.01051	0.05828	0.12139	0.09185	0.01464	0.01865	0.08914	0.07712	0.04418	0.08664	0.01154	0.05996	0.00985	0.02331	0.13739	0.06715	0.04285	0.01579	0.01430	0.00545
6	0.00593	0.00444	0.00604	0.05202	0.00814	0.00444	0.00488	0.00694	0.00885	0.01186	0.04482	0.68981	0.05345	0.01306	0.00597	0.00180	0.03152	0.02549	0.01670	0.00384
7	0.14076	0.00681	0.00815	0.00701	0.00937	0.00654	0.00552	0.05324	0.01132	0.37148	0.05406	0.19688	0.01577	0.00743	0.00448	0.00147	0.00335	0.00620	0.08424	0.00592
8	0.01094	0.07049	0.18641	0.04017	0.06043	0.03290	0.00950	0.15964	0.02440	0.06062	0.02561	0.17466	0.02666	0.02191	0.02987	0.00171	0.04915	0.00576	0.00326	0.00590
9	0.04150	0.01153	0.12677	0.01201	0.01564	0.00977	0.22774	0.09919	0.04396	0.18629	0.04074	0.06513	0.03096	0.00585	0.00550	0.00151	0.06077	0.00524	0.00354	0.00636
10	0.00676	0.00490	0.00689	0.00687	0.00754	0.00555	0.00520	0.00805	0.00767	0.01114	0.03422	0.09531	0.03010	0.08121	0.51308	0.04313	0.05139	0.00577	0.07134	0.00390
11	0.00884	0.00626	0.00698	0.00667	0.00816	0.02648	0.00498	0.08049	0.08353	0.07967	0.10763	0.26771	0.19270	0.03733	0.00573	0.00166	0.00310	0.02083	0.04644	0.00482
12	0.07401	0.06822	0.04080	0.18293	0.10595	0.17490	0.07441	0.07149	0.01107	0.05690	0.00925	0.02380	0.00760	0.00545	0.01636	0.00148	0.03619	0.03075	0.00266	0.00577
13	0.00594	0.00434	0.00546	0.00625	0.00678	0.00414	0.00429	0.00740	0.04847	0.01211	0.02611	0.66027	0.10328	0.03422	0.00607	0.00185	0.00271	0.03084	0.02558	0.00387
14	0.52684	0.01035	0.05236	0.03072	0.07969	0.01053	0.14701	0.04811	0.00918	0.01847	0.00746	0.00916	0.00578	0.00484	0.02159	0.00155	0.00487	0.00331	0.00267	0.00551
15	0.00848	0.06142	0.04152	0.05263	0.12315	0.01896	0.01886	0.01028	0.00916	0.03993	0.01604	0.17895	0.03212	0.05715	0.14138	0.00273	0.03864	0.14067	0.00311	0.00484
16	0.02786	0.00815	0.02009	0.03540	0.01047	0.02974	0.00638	0.19066	0.07651	0.04207	0.11900	0.08067	0.04220	0.08084	0.11203	0.00243	0.03686	0.00576	0.03768	0.03520
17	0.14145	0.15879	0.09895	0.04404	0.05572	0.08608	0.03070	0.11039	0.07005	0.05851	0.01015	0.03794	0.01901	0.00501	0.00410	0.00131	0.01692	0.00380	0.00298	0.04411
18	0.01141	0.08468	0.04655	0.17695	0.27327	0.04685	0.09431	0.03375	0.01044	0.07569	0.00987	0.02790	0.00806	0.00485	0.00472	0.00140	0.02664	0.02496	0.03153	0.00617
19	0.01590	0.00723	0.00928	0.00749	0.01032	0.00657	0.00604	0.07238	0.03506	0.51696	0.09982	0.04268	0.11493	0.00719	0.00508	0.02205	0.00353	0.00574	0.00514	0.00662
20	0.16560	0.03464	0.12493	0.03282	0.14261	0.02036	0.02378	0.09705	0.04847	0.08363	0.01244	0.08068	0.03650	0.00628	0.00497	0.03144	0.01945	0.02519	0.00319	0.00597
21	0.02665	0.08906	0.04953	0.01061	0.07851	0.03921	0.05014	0.09793	0.14657	0.08815	0.01662	0.14836	0.05928	0.01815	0.00514	0.00154	0.01920	0.04569	0.00369	0.00596
22	0.01047	0.00709	0.02287	0.00767	0.00965	0.00684	0.02792	0.07225	0.11950	0.16246	0.06907	0.13673	0.16005	0.07112	0.00668	0.00180	0.01981	0.07829	0.00434	0.00538
23	0.00721	0.00653	0.04900	0.00798	0.06278	0.02523	0.00548	0.03471	0.03007	0.01209	0.02147	0.34537	0.11472	0.21850	0.02440	0.00245	0.00386	0.02048	0.00353	0.00414
24	0.05398	0.15449	0.11821	0.02280	0.03435	0.10663	0.04097	0.04905	0.07777	0.13779	0.01358	0.02420	0.05912	0.00566	0.00439	0.00136	0.01813	0.03839	0.03310	0.00605
25	0.03309	0.06304	0.16857	0.12132	0.10355	0.03214	0.11929	0.07421	0.03155	0.06139	0.02457	0.01245	0.03044	0.00490	0.00492	0.00140	0.04701	0.00416	0.02600	0.03599
26	0.03952	0.00663	0.00816	0.00703	0.00924	0.00633	0.00548	0.04451	0.08169	0.33499	0.10720	0.11197	0.08821	0.05359	0.02754	0.00178	0.00356	0.00640	0.05033	0.00585
27	0.02745	0.05689	0.13709	0.04758	0.12826	0.06590	0.13206	0.06524	0.04453	0.03464	0.04910	0.13357	0.01233	0.00668	0.01793	0.00156	0.01626	0.01410	0.00296	0.00589
28	0.02675	0.04481	0.08260	0.08722	0.11550	0.04998	0.11417	0.15124	0.05649	0.09079	0.02016	0.04609	0.02938	0.00529	0.00451	0.00138	0.00523	0.00463	0.03296	0.03082

[dist]
# distance from previous block
# <min> <max>
0	21

[block]
# block no. 9 follows, 57 sequences, length 16
# corresponding to MSA columns:
# 2544-2559
name=unknown_J
#
# <colnr> <probs for GDERKNQSTAVLIFYWHMCP>
#	G	D	E	R	K	N	Q	S	T	A	V	L	I	F	Y	W	H	M	C	P
0	0.01223	0.04627	0.05882	0.01000	0.04903	0.03533	0.08050	0.06625	0.10382	0.19572	0.14053	0.06433	0.05162	0.00658	0.00474	0.00141	0.00425	0.02030	0.00408	0.04418
1	0.00988	0.00820	0.03814	0.04921	0.04507	0.04866	0.05081	0.08548	0.02730	0.08821	0.08807	0.22087	0.09446	0.03974	0.00637	0.01504	0.03670	0.03891	0.00379	0.00511
2	0.00940	0.00577	0.00727	0.00683	0.00827	0.00560	0.00519	0.05629	0.02528	0.15897	0.15785	0.26047	0.14541	0.03515	0.02660	0.00184	0.03465	0.03985	0.00445	0.00488
3	0.02437	0.07095	0.10386	0.10203	0.03592	0.10535	0.08393	0.11977	0.08763	0.04205	0.02786	0.09157	0.03544	0.02183	0.00488	0.00146	0.00531	0.00505	0.00315	0.02757
4	0.00751	0.00576	0.03166	0.00694	0.00762	0.00587	0.00520	0.00871	0.03782	0.03297	0.03384	0.16000	0.01590	0.23249	0.18526	0.09262	0.08051	0.01722	0.02827	0.00383
5	0.00981	0.00842	0.02474	0.02454	0.03129	0.06442	0.06750	0.05932	0.00999	0.07890	0.01602	0.34369	0.01694	0.01034	0.03474	0.00190	0.15996	0.02902	0.00346	0.00499
6	0.00719	0.00657	0.04851	0.03875	0.05581	0.02284	0.00630	0.03137	0.00971	0.01311	0.07060	0.42549	0.09179	0.01154	0.02617	0.00182	0.03962	0.05203	0.03640	0.00440
7	0.02715	0.00832	0.00978	0.10983	0.01287	0.04434	0.00711	0.16875	0.04044	0.17607	0.09010	0.10142	0.11154	0.00770	0.00506	0.00151	0.01825	0.04977	0.00422	0.00578
8	0.00868	0.01783	0.01266	0.07350	0.06587	0.00834	0.15149	0.05567	0.02385	0.01304	0.03780	0.09801	0.03877	0.07725	0.20443	0.02643	0.07285	0.00585	0.00281	0.00488
9	0.01304	0.00700	0.00862	0.00751	0.00969	0.00679	0.00581	0.11336	0.07974	0.30822	0.05913	0.24267	0.05503	0.02938	0.00539	0.00160	0.00344	0.00728	0.03031	0.00598
10	0.02251	0.06405	0.38631	0.03729	0.03573	0.03343	0.08700	0.03284	0.03994	0.01410	0.01152	0.11763	0.01040	0.00712	0.03756	0.00172	0.00600	0.03371	0.01524	0.00590
11	0.00748	0.00572	0.00830	0.00820	0.03833	0.00612	0.03558	0.03467	0.00901	0.03668	0.07566	0.11743	0.09792	0.05011	0.41163	0.00451	0.03858	0.00651	0.00316	0.00441
12	0.00746	0.00581	0.00762	0.00766	0.03009	0.02158	0.04048	0.04172	0.00965	0.01337	0.08980	0.32702	0.06763	0.09604	0.05114	0.00221	0.04950	0.03216	0.09485	0.00422
13	0.01159	0.00680	0.00876	0.03277	0.01024	0.00665	0.02589	0.10050	0.06410	0.23368	0.05590	0.26268	0.08034	0.05573	0.00611	0.00173	0.00360	0.02287	0.00449	0.00556
14	0.08044	0.01862	0.06149	0.02919	0.01088	0.01902	0.05828	0.06623	0.07024	0.09973	0.02345	0.05172	0.04905	0.03385	0.00866	0.21686	0.03169	0.01964	0.04611	0.00483
15	0.00962	0.04957	0.07053	0.03459	0.11044	0.03726	0.03061	0.02751	0.09760	0.07797	0.09712	0.10869	0.16031	0.03401	0.03248	0.00175	0.00434	0.00652	0.00363	0.00546

[dist]
# distance from previous block
# <min> <max>
0	2

[block]
# block no. 10 follows, 57 sequences, length 8
# corresponding to MSA columns:
# 2562-2569
name=unknown_K
#
# <colnr> <probs for GDERKNQSTAVLIFYWHMCP>
#	G	D	E	R	K	N	Q	S	T	A	V	L	I	F	Y	W	H	M	C	P
0	0.48781	0.04629	0.08988	0.05640	0.04067	0.09837	0.02921	0.05755	0.00950	0.01772	0.00707	0.00846	0.00551	0.00441	0.00371	0.00138	0.02506	0.00294	0.00263	0.00543
1	0.01333	0.30396	0.08842	0.03862	0.01420	0.27210	0.03925	0.07061	0.03635	0.01306	0.00785	0.00911	0.00646	0.00456	0.00415	0.00120	0.03509	0.00315	0.03273	0.00579
2	0.00886	0.00682	0.00884	0.00840	0.03397	0.02900	0.03830	0.05205	0.03083	0.07171	0.10105	0.23073	0.10635	0.04900	0.06676	0.00214	0.07568	0.03650	0.00377	0.03923
3	0.01141	0.24630	0.19046	0.02721	0.04908	0.05948	0.00955	0.09719	0.07040	0.03385	0.05396	0.04031	0.01014	0.03946	0.00481	0.00139	0.00508	0.00405	0.00284	0.04303
4	0.07112	0.07286	0.13429	0.05832	0.16775	0.04654	0.06921	0.07940	0.06252	0.10258	0.03450	0.03339	0.00910	0.00509	0.00471	0.00141	0.03350	0.00424	0.00304	0.00642
5	0.06598	0.00771	0.00894	0.00728	0.00967	0.00765	0.00564	0.18505	0.01248	0.28606	0.03343	0.01783	0.01201	0.21403	0.00894	0.00209	0.00402	0.00483	0.06841	0.03794
6	0.02465	0.03112	0.21484	0.02708	0.06532	0.07588	0.11296	0.07490	0.04153	0.07123	0.01231	0.06611	0.03526	0.00623	0.00555	0.03195	0.04261	0.03111	0.02342	0.00595
7	0.02431	0.03017	0.21803	0.02988	0.12022	0.08041	0.04826	0.13868	0.03590	0.06488	0.02201	0.02890	0.03380	0.01885	0.01658	0.00155	0.04298	0.01948	0.00299	0.02212

[dist]
# distance from previous block
# <min> <max>
12	41

[block]
# block no. 11 follows, 57 sequences, length 41
# corresponding to MSA columns:
# 2616-2631,2633-2639,2643-2660
name=unknown_L
#
# <colnr> <probs for GDERKNQSTAVLIFYWHMCP>
#	G	D	E	R	K	N	Q	S	T	A	V	L	I	F	Y	W	H	M	C	P
0	0.00830	0.03083	0.16897	0.15146	0.01543	0.00788	0.07014	0.03148	0.04034	0.02738	0.01695	0.21784	0.07119	0.03885	0.01977	0.00179	0.00488	0.05506	0.01635	0.00508
1	0.00668	0.00522	0.00731	0.15978	0.02444	0.00545	0.00604	0.02071	0.02211	0.01213	0.04957	0.46328	0.05900	0.08767	0.00707	0.00198	0.00357	0.05023	0.00367	0.00408
2	0.03620	0.00880	0.00889	0.00790	0.00983	0.15419	0.04880	0.02293	0.02370	0.13744	0.18126	0.15428	0.17044	0.00853	0.00497	0.00147	0.00401	0.00726	0.00410	0.00501
3	0.03876	0.00782	0.00944	0.00758	0.01052	0.00743	0.00615	0.14337	0.04278	0.43544	0.04814	0.02028	0.15554	0.00673	0.00462	0.00141	0.00361	0.00546	0.03826	0.00667
4	0.00984	0.13772	0.04949	0.09779	0.11164	0.07506	0.03721	0.04496	0.02782	0.01318	0.03041	0.12974	0.05100	0.00839	0.03978	0.02924	0.01832	0.05641	0.02675	0.00523
5	0.05169	0.00709	0.00889	0.00731	0.00993	0.00656	0.00579	0.06610	0.02872	0.46876	0.06616	0.08766	0.09008	0.06678	0.00603	0.00167	0.00360	0.00597	0.00491	0.00632
6	0.02886	0.00872	0.02403	0.03508	0.01223	0.00885	0.06327	0.21284	0.05192	0.20815	0.02577	0.06058	0.01158	0.06557	0.09199	0.00224	0.01960	0.00510	0.05747	0.00616
7	0.02266	0.02077	0.03156	0.06139	0.02389	0.05884	0.00684	0.10623	0.07552	0.03319	0.02794	0.15307	0.05712	0.09205	0.13569	0.00272	0.05348	0.01682	0.01522	0.00500
8	0.00899	0.02691	0.02595	0.00698	0.00864	0.00623	0.00544	0.02606	0.14840	0.10832	0.23778	0.24493	0.08013	0.00944	0.00512	0.00155	0.00298	0.01971	0.02129	0.00513
9	0.01148	0.02132	0.01163	0.02190	0.01187	0.00832	0.11999	0.12281	0.05590	0.14347	0.02674	0.06802	0.01217	0.07170	0.14351	0.00264	0.03638	0.01331	0.09124	0.00560
10	0.04449	0.01098	0.01212	0.00939	0.01279	0.01175	0.00773	0.56048	0.01837	0.19005	0.01244	0.01210	0.00860	0.00542	0.00439	0.00135	0.00452	0.00414	0.06149	0.00739
11	0.00887	0.01896	0.01111	0.14225	0.17581	0.00767	0.02974	0.02419	0.05417	0.05066	0.06230	0.19806	0.08123	0.00887	0.02322	0.00172	0.01834	0.07412	0.00343	0.00527
12	0.00624	0.00456	0.00554	0.00588	0.00682	0.00416	0.00422	0.02536	0.01028	0.03008	0.16028	0.41167	0.26478	0.01215	0.00554	0.00166	0.00257	0.02983	0.00437	0.00401
13	0.01401	0.01099	0.01439	0.01215	0.05429	0.12593	0.16559	0.07941	0.05022	0.22302	0.01280	0.05266	0.01020	0.02629	0.04192	0.00180	0.06945	0.02508	0.00358	0.00622
14	0.00811	0.01995	0.02212	0.00782	0.00909	0.00627	0.05605	0.04320	0.03156	0.05582	0.03737	0.28878	0.09290	0.11848	0.04445	0.01423	0.04974	0.08594	0.00370	0.00443
15	0.04570	0.03312	0.14265	0.05021	0.07927	0.05545	0.09137	0.12098	0.01177	0.15210	0.01228	0.03172	0.03681	0.02690	0.03423	0.00169	0.03118	0.00448	0.03185	0.00624
16	0.01130	0.06091	0.01653	0.20026	0.15971	0.05102	0.16235	0.08764	0.05255	0.04964	0.01088	0.08424	0.00927	0.00539	0.00483	0.00145	0.01817	0.00499	0.00284	0.00604
17	0.50255	0.08483	0.06881	0.02184	0.03274	0.11393	0.00718	0.04383	0.00931	0.03315	0.00711	0.00834	0.00562	0.00495	0.01831	0.00146	0.02518	0.00283	0.00267	0.00537
18	0.02653	0.25089	0.09114	0.05424	0.02569	0.24841	0.04867	0.06122	0.01120	0.06421	0.00888	0.03842	0.00749	0.02022	0.02315	0.00143	0.00621	0.00364	0.00258	0.00578
19	0.00924	0.00612	0.00753	0.00684	0.00860	0.00582	0.00525	0.05688	0.05899	0.11907	0.19903	0.19047	0.11243	0.02741	0.02904	0.00171	0.01649	0.04292	0.00434	0.09182
20	0.03257	0.03989	0.06177	0.02329	0.02455	0.05754	0.07035	0.11534	0.10025	0.07070	0.05437	0.07173	0.06547	0.04282	0.03949	0.00182	0.08075	0.00536	0.00345	0.03850
21	0.03936	0.12073	0.21652	0.04850	0.01468	0.02310	0.03375	0.09390	0.06893	0.12455	0.03377	0.04817	0.01884	0.00578	0.00522	0.00145	0.07386	0.01944	0.00319	0.00626
22	0.04209	0.00874	0.01085	0.00844	0.01184	0.00840	0.00694	0.17456	0.05621	0.57688	0.01614	0.01442	0.01050	0.00556	0.00447	0.00139	0.00401	0.00443	0.02662	0.00752
23	0.00666	0.00482	0.00596	0.00637	0.00721	0.00464	0.00453	0.02929	0.05465	0.03164	0.10118	0.49698	0.14038	0.03438	0.02530	0.00192	0.00299	0.03268	0.00426	0.00415
24	0.01040	0.06975	0.06974	0.00970	0.05787	0.07410	0.04618	0.05241	0.03736	0.08304	0.08567	0.03406	0.17898	0.04558	0.03858	0.00179	0.07138	0.00569	0.00339	0.02434
25	0.03552	0.03055	0.15130	0.00942	0.01190	0.08041	0.01738	0.08876	0.01000	0.04694	0.00997	0.02255	0.00859	0.06740	0.14201	0.01818	0.14012	0.00412	0.05919	0.04570
26	0.08849	0.00725	0.00857	0.00737	0.00974	0.02670	0.00583	0.06367	0.03337	0.35964	0.08479	0.15532	0.04193	0.00812	0.02079	0.00160	0.00369	0.02613	0.04100	0.00600
27	0.01005	0.00942	0.03479	0.19062	0.36875	0.02492	0.01105	0.03787	0.06258	0.03104	0.01278	0.14553	0.02874	0.00618	0.00472	0.00148	0.00494	0.00563	0.00285	0.00607
28	0.01103	0.02012	0.05041	0.16826	0.12808	0.07834	0.21287	0.03740	0.05026	0.05701	0.01121	0.07852	0.00956	0.00550	0.00508	0.00149	0.02876	0.02338	0.01682	0.00589
29	0.05554	0.00938	0.01068	0.00844	0.01159	0.02182	0.00690	0.29469	0.04847	0.35310	0.02729	0.01387	0.01028	0.00552	0.00432	0.00135	0.00407	0.00431	0.10133	0.00708
30	0.00647	0.00469	0.00636	0.00647	0.00731	0.00444	0.02243	0.00790	0.01032	0.03182	0.29633	0.36986	0.08785	0.03849	0.02753	0.00189	0.01532	0.04612	0.00434	0.00406
31	0.00989	0.00975	0.01597	0.48489	0.28202	0.04318	0.06431	0.01278	0.00973	0.01279	0.00824	0.01165	0.00645	0.00433	0.00455	0.00144	0.00602	0.00407	0.00212	0.00580
32	0.00602	0.00458	0.00599	0.00643	0.00721	0.00427	0.02578	0.00742	0.03015	0.01245	0.06734	0.51604	0.17895	0.03303	0.00605	0.00181	0.00283	0.06067	0.01905	0.00391
33	0.01018	0.00694	0.00768	0.02990	0.00909	0.07278	0.00544	0.08044	0.01048	0.12708	0.02761	0.31005	0.05151	0.05009	0.04569	0.09182	0.00418	0.00762	0.04681	0.00462
34	0.03024	0.01054	0.01120	0.06985	0.04775	0.16533	0.06017	0.08929	0.11509	0.02587	0.03788	0.07238	0.04882	0.07811	0.08864	0.00226	0.01986	0.00531	0.01605	0.00534
35	0.02778	0.00969	0.01382	0.38989	0.05332	0.02809	0.05584	0.18691	0.02341	0.03589	0.02720	0.02818	0.00808	0.00530	0.00541	0.00150	0.07360	0.00435	0.01593	0.00581
36	0.03262	0.13275	0.02101	0.00693	0.00913	0.00734	0.00564	0.02489	0.03253	0.23611	0.04900	0.25767	0.13009	0.00875	0.00473	0.00148	0.00337	0.00742	0.02311	0.00541
37	0.00815	0.00499	0.00633	0.00614	0.00705	0.00481	0.00442	0.06708	0.00928	0.05097	0.05698	0.15376	0.19960	0.01288	0.01054	0.36668	0.00334	0.02006	0.00339	0.00353
38	0.03636	0.08574	0.05402	0.04375	0.22907	0.02798	0.02673	0.07650	0.08548	0.17833	0.02703	0.04726	0.02933	0.00560	0.00447	0.00140	0.00470	0.02610	0.00352	0.00662
39	0.05254	0.01094	0.01433	0.09420	0.38077	0.10666	0.01073	0.04367	0.04646	0.07638	0.01096	0.03577	0.02607	0.02021	0.00521	0.00147	0.03857	0.01593	0.00283	0.00632
40	0.00781	0.00617	0.02345	0.02928	0.04263	0.00578	0.03249	0.06371	0.03223	0.04119	0.09001	0.31876	0.17150	0.03947	0.00595	0.00173	0.00335	0.05554	0.02439	0.00460

[dist]
# distance from previous block
# <min> <max>
5	83

[block]
# block no. 12 follows, 57 sequences, length 45
# corresponding to MSA columns:
# 2749-2793
name=unknown_M
#
# <colnr> <probs for GDERKNQSTAVLIFYWHMCP>
#	G	D	E	R	K	N	Q	S	T	A	V	L	I	F	Y	W	H	M	C	P
0	0.12678	0.01149	0.10031	0.05381	0.03525	0.05935	0.02622	0.18251	0.02277	0.07346	0.03965	0.01301	0.04258	0.02645	0.00459	0.00134	0.00467	0.00396	0.00331	0.16848
1	0.02429	0.04403	0.05781	0.06159	0.01151	0.00805	0.02707	0.14971	0.02519	0.05496	0.06652	0.18859	0.08878	0.04333	0.02818	0.00179	0.02546	0.03336	0.03825	0.02151
2	0.02571	0.00873	0.05794	0.18482	0.07188	0.03940	0.06635	0.03406	0.03036	0.02420	0.03532	0.08841	0.01231	0.18833	0.07620	0.00262	0.04025	0.00556	0.00274	0.00483
3	0.00735	0.00399	0.00582	0.00601	0.00610	0.00398	0.00403	0.00609	0.00649	0.00868	0.01133	0.16348	0.01226	0.03880	0.05177	0.64926	0.00408	0.00567	0.00241	0.00239
4	0.02120	0.04842	0.13469	0.16507	0.11528	0.00987	0.04159	0.08109	0.04350	0.09150	0.02303	0.01231	0.00820	0.00471	0.00446	0.00131	0.02051	0.01517	0.02021	0.13787
5	0.00687	0.00543	0.00708	0.00700	0.00803	0.00544	0.03305	0.03098	0.07111	0.01379	0.14724	0.37173	0.15022	0.03620	0.02525	0.00189	0.03308	0.03717	0.00413	0.00431
6	0.02572	0.00619	0.00741	0.00649	0.00847	0.00579	0.00499	0.06950	0.03195	0.24464	0.14202	0.10436	0.20896	0.06865	0.00623	0.00168	0.00314	0.00717	0.04133	0.00532
7	0.05310	0.04639	0.07725	0.05158	0.06689	0.08816	0.06513	0.14817	0.05608	0.08022	0.01973	0.03344	0.00877	0.01376	0.02221	0.00154	0.07813	0.00421	0.05045	0.03479
8	0.13876	0.00865	0.00938	0.00834	0.02939	0.02761	0.00635	0.22724	0.02233	0.05277	0.01390	0.21755	0.01352	0.02318	0.00505	0.00148	0.02492	0.02663	0.01509	0.12787
9	0.00602	0.00470	0.00632	0.00675	0.00729	0.00471	0.01999	0.00699	0.00884	0.01175	0.04409	0.57628	0.13253	0.03299	0.03596	0.00205	0.06268	0.02229	0.00393	0.00385
10	0.03059	0.02942	0.00824	0.00722	0.00856	0.02089	0.02542	0.11684	0.02401	0.02510	0.03629	0.23430	0.07537	0.17839	0.06255	0.00250	0.03495	0.01747	0.03437	0.02753
11	0.01261	0.20328	0.04948	0.16203	0.03125	0.03269	0.03541	0.19389	0.05002	0.08554	0.02521	0.02794	0.03788	0.02795	0.00474	0.00141	0.00503	0.00426	0.00322	0.00617
12	0.12257	0.00906	0.00923	0.00784	0.01034	0.05264	0.00622	0.20803	0.11325	0.13647	0.09005	0.06300	0.04711	0.00645	0.00434	0.00139	0.00380	0.00515	0.09699	0.00606
13	0.00633	0.00476	0.00654	0.00679	0.00748	0.00484	0.02473	0.00781	0.03319	0.01155	0.04132	0.35968	0.06868	0.12688	0.22208	0.00357	0.00556	0.05080	0.00353	0.00388
14	0.03090	0.00758	0.04595	0.03428	0.04657	0.01595	0.02792	0.12567	0.01101	0.03554	0.06505	0.25663	0.07928	0.11816	0.00770	0.00197	0.02370	0.04631	0.01502	0.00482
15	0.01201	0.05456	0.01450	0.16758	0.03075	0.14195	0.10459	0.03949	0.09132	0.08239	0.02646	0.04652	0.00920	0.00577	0.00622	0.00150	0.14072	0.00453	0.01422	0.00571
16	0.00585	0.00437	0.00547	0.00606	0.00676	0.00407	0.00426	0.00732	0.03420	0.01298	0.14946	0.53008	0.16723	0.01267	0.00562	0.00172	0.00256	0.03107	0.00434	0.00392
17	0.01395	0.00856	0.00980	0.00797	0.01076	0.00862	0.00644	0.30076	0.04260	0.23024	0.07471	0.03647	0.20111	0.00746	0.00484	0.00144	0.00376	0.01933	0.00476	0.00642
18	0.06003	0.07317	0.04643	0.11922	0.06664	0.07535	0.09778	0.19944	0.06135	0.05433	0.04184	0.01243	0.00896	0.02069	0.02045	0.00156	0.02677	0.00419	0.00318	0.00622
19	0.00800	0.00520	0.00675	0.00650	0.00779	0.00484	0.02343	0.00957	0.02381	0.11558	0.16027	0.29315	0.21280	0.02640	0.00593	0.00167	0.02391	0.03343	0.02649	0.00449
20	0.00794	0.00651	0.00863	0.00809	0.00908	0.03601	0.02626	0.06527	0.00862	0.01194	0.01261	0.09285	0.01241	0.08558	0.51138	0.00533	0.07888	0.00554	0.00272	0.00435
