[name]
unknown

[dist]
# distance from previous block
# <min> <max>
0	92

[block]
# block no. 0 follows, 74 sequences, length 19
# corresponding to MSA columns:
# 121-139
name=unknown_A
#
# <colnr> <probs for GDERKNQSTAVLIFYWHMCP>
#	G	D	E	R	K	N	Q	S	T	A	V	L	I	F	Y	W	H	M	C	P
0	0.03176	0.09834	0.04215	0.05544	0.03432	0.10998	0.12646	0.18458	0.07091	0.05634	0.01748	0.04233	0.00811	0.00465	0.00384	0.00115	0.01811	0.05960	0.00269	0.03178
1	0.17405	0.05825	0.06809	0.00888	0.07764	0.05059	0.06946	0.12072	0.08346	0.10726	0.02781	0.02283	0.00714	0.00402	0.00345	0.00108	0.01536	0.00320	0.00273	0.09397
2	0.02102	0.02373	0.16470	0.02338	0.07298	0.02751	0.11303	0.15357	0.07460	0.12285	0.05544	0.04025	0.00873	0.00462	0.01252	0.00119	0.01461	0.00379	0.00282	0.05866
3	0.03916	0.11117	0.10390	0.00882	0.07250	0.13074	0.01642	0.14601	0.04124	0.15316	0.00947	0.02065	0.03120	0.00436	0.01253	0.00108	0.00426	0.00317	0.00274	0.08741
4	0.00876	0.06721	0.03013	0.08354	0.12725	0.08071	0.03474	0.07125	0.06337	0.03899	0.07168	0.09773	0.05257	0.00498	0.00363	0.00106	0.00373	0.00426	0.00263	0.15181
5	0.03407	0.00567	0.00817	0.22552	0.06634	0.00593	0.02460	0.01027	0.06688	0.13470	0.17175	0.12185	0.09676	0.00615	0.00401	0.00124	0.00323	0.00540	0.00313	0.00435
6	0.00770	0.00660	0.00770	0.00550	0.00880	0.00495	0.00440	0.00935	0.00770	0.01210	0.00660	0.00770	0.00550	0.00275	0.00275	0.00055	0.00275	0.00220	0.00220	0.89224
7	0.00734	0.00678	0.01100	0.74849	0.04813	0.00812	0.00982	0.03434	0.00777	0.01017	0.00668	0.00969	0.00506	0.00365	0.00364	0.00118	0.00475	0.00322	0.00176	0.06842
8	0.00988	0.72676	0.04908	0.00670	0.00984	0.01381	0.00660	0.03596	0.09276	0.00997	0.00634	0.00692	0.00548	0.00342	0.00261	0.00086	0.00392	0.00228	0.00187	0.00495
9	0.03785	0.00607	0.00800	0.00639	0.00871	0.00562	0.01807	0.06298	0.02840	0.52643	0.22170	0.01594	0.01528	0.00531	0.00397	0.00116	0.01395	0.00442	0.00425	0.00549
10	0.00736	0.00697	0.01172	0.71309	0.14566	0.00842	0.01040	0.00975	0.00752	0.00986	0.00660	0.00974	0.00508	0.00373	0.00395	0.00123	0.02956	0.00330	0.00168	0.00438
11	0.00627	0.00445	0.00539	0.00547	0.00640	0.00437	0.00398	0.05099	0.10006	0.05386	0.13749	0.44836	0.12337	0.00930	0.00444	0.00137	0.00233	0.02468	0.00364	0.00376
12	0.00459	0.00367	0.00413	0.00435	0.00531	0.00321	0.00322	0.00558	0.00833	0.01037	0.09926	0.22557	0.53747	0.00982	0.00451	0.00133	0.00203	0.06058	0.00350	0.00316
13	0.01098	0.00987	0.12494	0.00921	0.01128	0.00987	0.03619	0.19854	0.00966	0.16745	0.00792	0.00916	0.00600	0.00517	0.00726	0.00135	0.36396	0.00333	0.00265	0.00521
14	0.00489	0.00341	0.00448	0.00519	0.00558	0.00316	0.00359	0.00566	0.00744	0.02927	0.04034	0.72601	0.07993	0.01115	0.00470	0.00149	0.00222	0.05487	0.00349	0.00313
15	0.00452	0.00354	0.00410	0.00450	0.00527	0.00313	0.00321	0.00538	0.00794	0.00998	0.05610	0.39936	0.43499	0.01034	0.00456	0.00138	0.00204	0.03308	0.00347	0.00310
16	0.00460	0.00328	0.00427	0.00502	0.00525	0.00307	0.00332	0.00519	0.00700	0.00929	0.02022	0.76440	0.04982	0.08903	0.00600	0.00169	0.00228	0.01000	0.00334	0.00295
17	0.01313	0.00754	0.01018	0.14446	0.01300	0.00775	0.05312	0.16139	0.13211	0.39932	0.01200	0.01156	0.00811	0.00441	0.00377	0.00118	0.00375	0.00370	0.00369	0.00583
18	0.01411	0.00972	0.01043	0.00815	0.01098	0.04011	0.00667	0.58825	0.09026	0.16709	0.01036	0.00993	0.00722	0.00451	0.00371	0.00113	0.00391	0.00345	0.00381	0.00620

[dist]
# distance from previous block
# <min> <max>
0	1

[block]
# block no. 1 follows, 74 sequences, length 37
# corresponding to MSA columns:
# 141-168,170-178
name=unknown_B
#
# <colnr> <probs for GDERKNQSTAVLIFYWHMCP>
#	G	D	E	R	K	N	Q	S	T	A	V	L	I	F	Y	W	H	M	C	P
0	0.00718	0.00642	0.01070	0.00967	0.07241	0.02373	0.22312	0.01748	0.00832	0.03874	0.05872	0.27976	0.04180	0.00716	0.00459	0.00132	0.02744	0.09895	0.00282	0.05966
1	0.71381	0.00779	0.00666	0.00569	0.00810	0.02097	0.01705	0.11741	0.02825	0.03683	0.00616	0.00682	0.00465	0.00364	0.00260	0.00115	0.00314	0.00232	0.00256	0.00443
2	0.00533	0.00387	0.00450	0.00429	0.00542	0.00340	0.00324	0.00668	0.00948	0.04626	0.40776	0.03066	0.42125	0.00827	0.00432	0.00120	0.00187	0.00706	0.02168	0.00344
3	0.00899	0.05559	0.23780	0.00998	0.01315	0.04038	0.14858	0.07179	0.21550	0.01295	0.00894	0.02170	0.00695	0.00433	0.00467	0.00122	0.10300	0.00353	0.00239	0.02859
4	0.01167	0.18890	0.16883	0.01796	0.01189	0.05937	0.06389	0.14982	0.01030	0.21302	0.03926	0.00961	0.00724	0.00409	0.00369	0.00109	0.02797	0.00318	0.00279	0.00544
5	0.00776	0.00427	0.00578	0.00540	0.00650	0.00445	0.00420	0.00916	0.00735	0.16465	0.03583	0.01481	0.01023	0.04973	0.44658	0.00368	0.00633	0.00395	0.20547	0.00387
6	0.00854	0.07028	0.42977	0.01159	0.01605	0.00938	0.27569	0.06810	0.02969	0.01250	0.00720	0.00864	0.00530	0.00346	0.00373	0.00116	0.00540	0.00328	0.00189	0.02836
7	0.00836	0.15114	0.26313	0.00819	0.01213	0.00820	0.08397	0.02473	0.01738	0.02607	0.00674	0.00784	0.00530	0.00317	0.00312	0.00087	0.00412	0.00260	0.00197	0.36097
8	0.10481	0.00787	0.01241	0.34201	0.20176	0.02078	0.10420	0.02489	0.02987	0.06155	0.00727	0.00945	0.00557	0.00377	0.00406	0.00121	0.04831	0.00332	0.00206	0.00482
9	0.00586	0.00401	0.00516	0.00480	0.00577	0.00374	0.00360	0.00775	0.03181	0.05202	0.74394	0.02667	0.04372	0.03898	0.00486	0.00126	0.00191	0.00648	0.00402	0.00364
10	0.00622	0.00522	0.00599	0.00487	0.00709	0.00412	0.00376	0.00759	0.00814	0.01153	0.09450	0.08273	0.26512	0.00589	0.00355	0.00089	0.00235	0.00496	0.00285	0.47263
11	0.00582	0.00471	0.00668	0.06157	0.00806	0.00516	0.03266	0.00715	0.03779	0.02578	0.07199	0.52105	0.04602	0.00933	0.00571	0.00145	0.13442	0.00805	0.00307	0.00352
12	0.00810	0.00846	0.01764	0.01310	0.01610	0.00793	0.61994	0.01074	0.00866	0.03100	0.03092	0.09987	0.02545	0.00489	0.00447	0.00131	0.00533	0.07917	0.00232	0.00462
13	0.00455	0.00329	0.00425	0.00501	0.00530	0.00305	0.00335	0.00519	0.00714	0.00942	0.02139	0.76639	0.08718	0.04889	0.00533	0.00158	0.00220	0.01012	0.00339	0.00299
14	0.00512	0.00376	0.00512	0.00582	0.00623	0.00376	0.00436	0.00611	0.00758	0.01012	0.05285	0.56513	0.02320	0.01085	0.00517	0.00155	0.04115	0.23555	0.00338	0.00319
15	0.00891	0.49751	0.34949	0.00808	0.01213	0.01205	0.00926	0.01172	0.04152	0.01021	0.00616	0.00702	0.00501	0.00339	0.00289	0.00096	0.00453	0.00238	0.00167	0.00510
16	0.00534	0.00360	0.00409	0.00411	0.00418	0.00356	0.00236	0.00546	0.00575	0.00768	0.04895	0.05557	0.03410	0.78060	0.01740	0.00336	0.00343	0.00570	0.00240	0.00235
17	0.01543	0.00656	0.00854	0.00664	0.00937	0.00594	0.00545	0.10755	0.01117	0.69289	0.01523	0.04062	0.04690	0.00502	0.00379	0.00116	0.00317	0.00409	0.00441	0.00607
18	0.00669	0.00606	0.00808	0.03086	0.00837	0.04732	0.00603	0.00784	0.00612	0.00875	0.00800	0.01209	0.00755	0.03098	0.50108	0.00413	0.29091	0.00366	0.00186	0.00361
19	0.00743	0.00703	0.01190	0.69753	0.18535	0.00836	0.01052	0.00986	0.00762	0.01000	0.00667	0.00976	0.00513	0.00363	0.00370	0.00121	0.00484	0.00330	0.00169	0.00447
20	0.00573	0.00461	0.00679	0.00654	0.00710	0.00566	0.00517	0.00698	0.00592	0.00866	0.00917	0.01360	0.00861	0.02460	0.72682	0.00531	0.13951	0.00387	0.00193	0.00343
21	0.01021	0.00782	0.00846	0.00739	0.00955	0.00880	0.00577	0.08755	0.65162	0.09865	0.01439	0.01377	0.01079	0.04266	0.00443	0.00134	0.00309	0.00413	0.00379	0.00580
22	0.02923	0.00822	0.01036	0.05841	0.05526	0.02820	0.07329	0.25217	0.15364	0.11299	0.06962	0.01286	0.04590	0.00513	0.01491	0.00124	0.03848	0.00400	0.02070	0.00537
23	0.12825	0.27196	0.10890	0.00815	0.01137	0.01129	0.07462	0.26221	0.01063	0.05100	0.00707	0.00774	0.00539	0.00377	0.00334	0.00105	0.02270	0.00279	0.00248	0.00529
24	0.00563	0.00399	0.00491	0.00464	0.00570	0.00364	0.00349	0.00737	0.03230	0.04996	0.56687	0.05991	0.22177	0.00796	0.00435	0.00120	0.00189	0.00692	0.00393	0.00358
25	0.00469	0.00337	0.00445	0.00519	0.00553	0.00316	0.00360	0.00549	0.00746	0.00994	0.07422	0.70231	0.05747	0.02535	0.00496	0.00153	0.00224	0.07250	0.00347	0.00307
26	0.01023	0.01068	0.12060	0.01997	0.17930	0.03011	0.18225	0.24670	0.07446	0.02292	0.00944	0.01048	0.03698	0.00405	0.00389	0.00116	0.01153	0.00369	0.01599	0.00557
27	0.01001	0.83020	0.01927	0.00660	0.00979	0.01449	0.02353	0.03376	0.00784	0.00920	0.00531	0.00612	0.00482	0.00321	0.00246	0.00081	0.00402	0.00207	0.00165	0.00481
28	0.01638	0.00676	0.00889	0.00681	0.00970	0.00611	0.00563	0.10654	0.01136	0.75947	0.01402	0.01223	0.00888	0.00458	0.00373	0.00114	0.00326	0.00369	0.00450	0.00632
29	0.00605	0.00484	0.00696	0.05611	0.00848	0.00479	0.07618	0.08333	0.00864	0.01143	0.06138	0.47847	0.10272	0.00924	0.00453	0.00140	0.00289	0.06568	0.00326	0.00362
30	0.00694	0.00535	0.00757	0.05516	0.00858	0.00586	0.04227	0.02917	0.03148	0.06766	0.28317	0.17555	0.05897	0.00821	0.03638	0.00150	0.15531	0.01375	0.00320	0.00391
31	0.00508	0.00376	0.00540	0.00563	0.00616	0.00413	0.00419	0.00618	0.00634	0.00888	0.02240	0.24086	0.02832	0.05558	0.57363	0.00456	0.00741	0.00587	0.00243	0.00319
32	0.02645	0.00937	0.03095	0.01973	0.01079	0.11637	0.02079	0.26932	0.01238	0.40790	0.01098	0.01040	0.00737	0.00457	0.00391	0.02175	0.00403	0.00339	0.00371	0.00584
33	0.04542	0.27232	0.34505	0.00876	0.04065	0.02499	0.00926	0.06377	0.03682	0.07893	0.00734	0.00822	0.00561	0.00366	0.00317	0.00104	0.00446	0.01084	0.00210	0.02762
34	0.00814	0.13935	0.08883	0.00827	0.00962	0.00970	0.00745	0.00950	0.00665	0.04915	0.00731	0.02731	0.00684	0.00897	0.13368	0.00205	0.40865	0.04001	0.00194	0.02659
35	0.06981	0.00655	0.00787	0.00651	0.02669	0.03281	0.00511	0.05035	0.02195	0.47471	0.06812	0.03443	0.03058	0.00476	0.00355	0.00108	0.00305	0.00386	0.05374	0.09447
36	0.18043	0.05951	0.09514	0.08325	0.04724	0.06812	0.02460	0.01065	0.00748	0.09002	0.00821	0.01040	0.01581	0.00955	0.20245	0.00226	0.04148	0.01446	0.00221	0.02672

[dist]
# distance from previous block
# <min> <max>
2	60

[block]
# block no. 2 follows, 74 sequences, length 18
# corresponding to MSA columns:
# 240-257
name=unknown_C
#
# <colnr> <probs for GDERKNQSTAVLIFYWHMCP>
#	G	D	E	R	K	N	Q	S	T	A	V	L	I	F	Y	W	H	M	C	P
0	0.12216	0.06032	0.01828	0.05301	0.09102	0.07112	0.06294	0.09864	0.17202	0.04460	0.07153	0.01184	0.04244	0.00448	0.00370	0.00113	0.02233	0.00364	0.00279	0.04201
1	0.00508	0.00400	0.00470	0.00449	0.00567	0.00345	0.00333	0.00634	0.00891	0.01192	0.32289	0.15429	0.33899	0.00836	0.00426	0.00118	0.00197	0.00723	0.00354	0.09940
2	0.04756	0.10297	0.10776	0.00810	0.01096	0.10338	0.00720	0.28789	0.20519	0.04027	0.03598	0.00997	0.00787	0.00434	0.00349	0.00111	0.00410	0.00329	0.00303	0.00555
3	0.04778	0.00573	0.02595	0.00699	0.06292	0.00542	0.00512	0.07110	0.07026	0.12846	0.16809	0.20387	0.09137	0.00735	0.00415	0.00127	0.00276	0.06857	0.00354	0.01929
4	0.06860	0.14954	0.25580	0.00971	0.05544	0.17312	0.06658	0.06961	0.00921	0.06385	0.02771	0.00829	0.00596	0.00370	0.00333	0.00106	0.00493	0.00284	0.00213	0.01858
5	0.03218	0.57358	0.01573	0.00647	0.00953	0.01178	0.00606	0.04154	0.00874	0.25091	0.00802	0.00798	0.00607	0.00363	0.00281	0.00091	0.00372	0.00253	0.00254	0.00525
6	0.00482	0.00365	0.00444	0.00452	0.00535	0.00327	0.00328	0.00606	0.00907	0.01212	0.40339	0.23240	0.27590	0.00911	0.00447	0.00128	0.00189	0.00797	0.00374	0.00327
7	0.00775	0.00867	0.08872	0.42679	0.21272	0.02125	0.10876	0.01033	0.00804	0.01080	0.03961	0.01068	0.02209	0.00379	0.00380	0.00120	0.00487	0.00358	0.00184	0.00472
8	0.02640	0.00383	0.00526	0.00574	0.00627	0.00370	0.03246	0.00626	0.02752	0.01019	0.04410	0.64816	0.02273	0.03203	0.00503	0.00155	0.00251	0.10967	0.00336	0.00322
9	0.01635	0.00681	0.00892	0.00684	0.00972	0.00618	0.00565	0.11589	0.01144	0.75001	0.01396	0.01219	0.00884	0.00458	0.00373	0.00114	0.00327	0.00369	0.00449	0.00632
10	0.00461	0.00372	0.00412	0.00420	0.00524	0.00322	0.00312	0.00569	0.00867	0.01087	0.18108	0.13655	0.57123	0.00937	0.00445	0.00128	0.00194	0.03389	0.00356	0.00319
11	0.08736	0.00827	0.01429	0.01117	0.06003	0.00783	0.34464	0.05962	0.00975	0.34346	0.01018	0.01060	0.00695	0.00382	0.00387	0.00119	0.00452	0.00381	0.00308	0.00556
12	0.04114	0.00786	0.00913	0.00732	0.00991	0.00814	0.00598	0.32672	0.11314	0.33332	0.03260	0.03850	0.00972	0.00505	0.00378	0.00118	0.00342	0.03317	0.00400	0.00592
13	0.00765	0.00731	0.01257	0.60735	0.24277	0.00844	0.04111	0.01008	0.00774	0.01027	0.00673	0.00971	0.00522	0.00358	0.00373	0.00120	0.00485	0.00334	0.00171	0.00462
14	0.01614	0.00534	0.00730	0.03280	0.03816	0.00544	0.05525	0.02308	0.14125	0.05305	0.23729	0.22710	0.08661	0.00757	0.00447	0.00130	0.02334	0.02690	0.00346	0.00413
15	0.29821	0.01086	0.08751	0.03438	0.01151	0.19231	0.11877	0.02628	0.02381	0.06958	0.00721	0.03863	0.00581	0.00410	0.00379	0.00117	0.05614	0.00308	0.00228	0.00455
16	0.02714	0.00649	0.00877	0.04667	0.09786	0.04316	0.00649	0.03021	0.00669	0.02041	0.00779	0.01171	0.00723	0.05864	0.32511	0.05413	0.23213	0.00358	0.00194	0.00384
17	0.00925	0.01045	0.11888	0.01182	0.01498	0.03147	0.39353	0.11648	0.07816	0.03169	0.00843	0.01026	0.00646	0.00621	0.08992	0.00171	0.04905	0.00387	0.00229	0.00510

[dist]
# distance from previous block
# <min> <max>
0	41

[block]
# block no. 3 follows, 74 sequences, length 21
# corresponding to MSA columns:
# 299-319
name=unknown_D
#
# <colnr> <probs for GDERKNQSTAVLIFYWHMCP>
#	G	D	E	R	K	N	Q	S	T	A	V	L	I	F	Y	W	H	M	C	P
0	0.21751	0.00721	0.00829	0.06600	0.01025	0.00719	0.03211	0.06760	0.10984	0.10737	0.02200	0.00925	0.00677	0.00372	0.00320	0.00098	0.01364	0.00288	0.00276	0.30144
1	0.00754	0.00531	0.00650	0.00550	0.00754	0.00444	0.00424	0.00916	0.03645	0.10136	0.09893	0.19205	0.05259	0.00626	0.00393	0.02201	0.00257	0.04269	0.00306	0.38786
2	0.02539	0.00779	0.03300	0.03265	0.01008	0.00667	0.00543	0.18254	0.02336	0.01451	0.00720	0.00809	0.00570	0.00321	0.00301	0.00073	0.00318	0.00252	0.00251	0.62244
3	0.00883	0.00824	0.01413	0.23050	0.59474	0.00861	0.03628	0.01111	0.00826	0.03351	0.00710	0.00948	0.00573	0.00344	0.00371	0.00114	0.00457	0.00335	0.00186	0.00543
4	0.00896	0.15777	0.52974	0.01003	0.01466	0.00953	0.09895	0.03710	0.00841	0.08079	0.00723	0.00819	0.00523	0.00354	0.00345	0.00112	0.00508	0.00289	0.00192	0.00541
5	0.00540	0.00378	0.00497	0.00507	0.00532	0.00403	0.00347	0.00586	0.00588	0.00807	0.01218	0.14591	0.01343	0.39032	0.26184	0.06051	0.02963	0.02928	0.00233	0.00272
6	0.00491	0.00356	0.00472	0.00547	0.00596	0.00337	0.00406	0.00589	0.00768	0.01008	0.04030	0.55775	0.09565	0.01098	0.00480	0.00153	0.00245	0.22423	0.00345	0.00314
7	0.00767	0.00695	0.03375	0.00788	0.02658	0.10244	0.10185	0.04475	0.00869	0.06349	0.02987	0.39199	0.02662	0.00828	0.00441	0.00138	0.00362	0.12275	0.00309	0.00395
8	0.00957	0.22996	0.34846	0.00967	0.02472	0.04905	0.09997	0.10223	0.02562	0.03660	0.00698	0.00794	0.00530	0.00355	0.00334	0.00106	0.00489	0.00283	0.00201	0.02624
9	0.00505	0.00395	0.00492	0.00519	0.00596	0.00374	0.01878	0.00674	0.07474	0.01070	0.10286	0.47410	0.22992	0.00996	0.00454	0.00139	0.00222	0.02838	0.00350	0.00337
10	0.07249	0.00673	0.00863	0.00666	0.00951	0.00617	0.00550	0.08864	0.01094	0.72405	0.01354	0.01189	0.00861	0.00451	0.00364	0.00115	0.00322	0.00359	0.00437	0.00617
11	0.01010	0.07943	0.03693	0.09475	0.07856	0.04284	0.12051	0.08612	0.19704	0.10659	0.01023	0.04664	0.00809	0.00457	0.00423	0.00120	0.05314	0.01100	0.00278	0.00526
12	0.00804	0.03512	0.46577	0.03485	0.02787	0.02092	0.10765	0.01191	0.06714	0.04840	0.02935	0.03666	0.00828	0.00456	0.00383	0.00123	0.00487	0.07624	0.00218	0.00512
13	0.00643	0.00563	0.00861	0.43571	0.04678	0.00646	0.00739	0.00888	0.05315	0.01125	0.21539	0.10148	0.05127	0.00581	0.00416	0.00125	0.01864	0.00511	0.00263	0.00397
14	0.01387	0.01769	0.01052	0.00956	0.01148	0.85465	0.00717	0.01482	0.01052	0.00908	0.00574	0.00669	0.00478	0.00383	0.00335	0.00096	0.00669	0.00239	0.00191	0.00430
15	0.01120	0.00814	0.01160	0.27813	0.20668	0.00883	0.00879	0.24731	0.01108	0.15846	0.00873	0.00992	0.00628	0.00398	0.00371	0.00116	0.00427	0.00339	0.00279	0.00553
16	0.00723	0.00679	0.03521	0.09509	0.24046	0.01880	0.03147	0.02918	0.05083	0.02336	0.16665	0.03944	0.20053	0.00598	0.00420	0.00120	0.02039	0.01589	0.00282	0.00448
17	0.01088	0.00675	0.00868	0.02399	0.00983	0.00565	0.03364	0.05441	0.00920	0.28264	0.00975	0.01054	0.00722	0.00370	0.00327	0.00085	0.00314	0.02844	0.00307	0.48437
18	0.00451	0.00326	0.00427	0.00508	0.00536	0.00302	0.00341	0.00518	0.00719	0.00951	0.02155	0.81412	0.07686	0.01149	0.00472	0.00149	0.00214	0.01038	0.00345	0.00302
19	0.00793	0.00681	0.00796	0.06034	0.00990	0.02333	0.00505	0.04494	0.02927	0.01246	0.03192	0.01061	0.00742	0.00354	0.00308	0.00073	0.00304	0.05060	0.00239	0.67868
20	0.05407	0.00726	0.01023	0.15619	0.07571	0.01529	0.09159	0.08196	0.04803	0.12385	0.03124	0.02297	0.07805	0.00433	0.00360	0.00106	0.00373	0.00377	0.00273	0.18432

[dist]
# distance from previous block
# <min> <max>
5	25

[block]
# block no. 4 follows, 74 sequences, length 18
# corresponding to MSA columns:
# 347-364
name=unknown_E
#
# <colnr> <probs for GDERKNQSTAVLIFYWHMCP>
#	G	D	E	R	K	N	Q	S	T	A	V	L	I	F	Y	W	H	M	C	P
0	0.00581	0.00475	0.00508	0.00496	0.00603	0.05199	0.00369	0.00731	0.03301	0.02782	0.32221	0.15073	0.27031	0.02923	0.00468	0.00129	0.00232	0.03641	0.00356	0.02881
1	0.00786	0.00781	0.01189	0.66432	0.13280	0.07166	0.03159	0.01020	0.00782	0.00987	0.00661	0.00957	0.00508	0.00365	0.00370	0.00120	0.00504	0.00326	0.00170	0.00439
2	0.00530	0.00353	0.00460	0.00512	0.00566	0.00324	0.00358	0.00613	0.00775	0.05758	0.08698	0.64818	0.10389	0.01066	0.00463	0.00144	0.00219	0.03273	0.00356	0.00326
3	0.00770	0.00660	0.00770	0.00550	0.00880	0.00495	0.00440	0.00935	0.00770	0.01210	0.00660	0.00770	0.00550	0.00275	0.00275	0.00055	0.00275	0.00220	0.00220	0.89224
4	0.09980	0.00858	0.03209	0.00654	0.00950	0.08650	0.00538	0.10681	0.05639	0.05481	0.00750	0.00818	0.00586	0.00341	0.00312	0.00082	0.01469	0.00255	0.00254	0.48496
5	0.08439	0.03402	0.45976	0.05124	0.03247	0.00813	0.07131	0.03632	0.00817	0.06306	0.00789	0.05695	0.00625	0.00399	0.00351	0.00115	0.00469	0.00331	0.00206	0.06136
6	0.00938	0.00893	0.01345	0.21616	0.43513	0.06200	0.04798	0.06927	0.03646	0.02578	0.00730	0.00939	0.00581	0.00369	0.00399	0.00116	0.03345	0.00333	0.00203	0.00530
7	0.00746	0.04698	0.03873	0.00745	0.03256	0.05489	0.06148	0.08017	0.03678	0.01045	0.01150	0.01582	0.07721	0.19000	0.25305	0.00306	0.06198	0.00427	0.00230	0.00387
8	0.05816	0.00507	0.00597	0.11035	0.00847	0.00540	0.00447	0.06588	0.06760	0.06336	0.13613	0.03381	0.01288	0.04720	0.00405	0.00118	0.00263	0.00416	0.35919	0.00404
9	0.00513	0.00417	0.00514	0.00566	0.00608	0.04484	0.02940	0.00586	0.00731	0.00948	0.01941	0.76371	0.03660	0.03196	0.00500	0.00152	0.00253	0.00979	0.00329	0.00312
10	0.00855	0.00687	0.00743	0.00685	0.00846	0.01834	0.00518	0.09566	0.47215	0.03273	0.03156	0.21282	0.01437	0.05554	0.00486	0.00143	0.00294	0.00568	0.00361	0.00499
11	0.27331	0.01017	0.07207	0.00734	0.01008	0.17489	0.02617	0.07363	0.00958	0.29539	0.00891	0.00883	0.00617	0.00398	0.00323	0.00111	0.00409	0.00287	0.00303	0.00515
12	0.00678	0.00555	0.00767	0.06062	0.09738	0.01600	0.03273	0.01921	0.05391	0.02564	0.24777	0.09948	0.04304	0.05651	0.04647	0.00154	0.00334	0.06229	0.00302	0.11105
13	0.11195	0.21448	0.20522	0.00802	0.01121	0.20074	0.00784	0.06865	0.02425	0.04150	0.00664	0.00752	0.00524	0.00445	0.03277	0.00117	0.00493	0.00253	0.00207	0.03883
14	0.00637	0.00388	0.00522	0.00507	0.00537	0.00408	0.00347	0.05250	0.00593	0.00805	0.00868	0.01524	0.00887	0.24036	0.18633	0.42751	0.00474	0.00395	0.00198	0.00239
15	0.18937	0.19950	0.14396	0.06926	0.01950	0.05163	0.03471	0.09986	0.02393	0.05330	0.00929	0.00995	0.07314	0.00410	0.00316	0.00108	0.00406	0.00306	0.00232	0.00481
16	0.00549	0.02005	0.00520	0.00516	0.00606	0.02122	0.00371	0.02198	0.05187	0.01067	0.08326	0.45411	0.19515	0.02836	0.00470	0.00138	0.00236	0.02219	0.00335	0.05373
17	0.00724	0.10365	0.07466	0.06382	0.14415	0.01493	0.01488	0.03911	0.02979	0.02707	0.12003	0.09689	0.19004	0.00643	0.00395	0.00120	0.00332	0.05171	0.00280	0.00433

[dist]
# distance from previous block
# <min> <max>
0	154

# created by:
# /home/cegg/simao/soft/augustus-3.2.1/scripts/msa2prfl.pl ./align_prep/EOG092C55QK.fa
