[name]
unknown

[dist]
# distance from previous block
# <min> <max>
0	186

[block]
# block no. 0 follows, 68 sequences, length 12
# corresponding to MSA columns:
# 282-293
name=unknown_A
#
# <colnr> <probs for GDERKNQSTAVLIFYWHMCP>
#	G	D	E	R	K	N	Q	S	T	A	V	L	I	F	Y	W	H	M	C	P
0	0.00778	0.00563	0.00717	0.09077	0.00961	0.00569	0.00539	0.13737	0.00969	0.04462	0.02967	0.36449	0.03202	0.04764	0.00548	0.02029	0.00324	0.08505	0.00337	0.08504
1	0.00867	0.00763	0.02121	0.04130	0.37895	0.02453	0.03211	0.02796	0.04497	0.03970	0.05333	0.08436	0.02190	0.14168	0.00676	0.00170	0.00416	0.05147	0.00264	0.00500
2	0.00539	0.00381	0.00448	0.00470	0.00502	0.00368	0.00299	0.00583	0.00689	0.00902	0.03493	0.21756	0.14735	0.46815	0.04533	0.00295	0.00342	0.02274	0.00295	0.00283
3	0.00909	0.00460	0.00521	0.00485	0.00614	0.00449	0.00369	0.06116	0.00932	0.14314	0.01456	0.14856	0.01245	0.00592	0.00340	0.00110	0.00232	0.00494	0.55078	0.00429
4	0.00720	0.00573	0.00667	0.00614	0.00757	0.00603	0.00469	0.01257	0.31748	0.01616	0.52752	0.02406	0.02793	0.00708	0.00444	0.00128	0.00235	0.00616	0.00424	0.00469
5	0.00567	0.00425	0.00507	0.00483	0.00593	0.00394	0.00363	0.00777	0.05096	0.01453	0.54781	0.03040	0.24225	0.00831	0.00456	0.00126	0.00197	0.00718	0.04593	0.00376
6	0.00760	0.00449	0.00504	0.00476	0.00554	0.00504	0.00371	0.00929	0.00796	0.01395	0.01170	0.01381	0.00937	0.00499	0.00440	0.00105	0.13747	0.00366	0.74236	0.00380
7	0.01602	0.00644	0.00843	0.00660	0.00933	0.00575	0.00541	0.04973	0.01116	0.67502	0.01497	0.01354	0.00975	0.00486	0.00379	0.00118	0.00317	0.00392	0.14467	0.00626
8	0.01433	0.01051	0.01125	0.00890	0.01182	0.03292	0.00736	0.69245	0.01725	0.05399	0.01078	0.01302	0.00838	0.00535	0.00410	0.00125	0.00433	0.08172	0.00392	0.00639
9	0.01322	0.01644	0.01018	0.00947	0.01122	0.71071	0.00703	0.01419	0.01066	0.00977	0.00863	0.14268	0.00847	0.00541	0.00381	0.00112	0.00638	0.00394	0.00230	0.00438
10	0.01073	0.01269	0.01940	0.01456	0.01791	0.23791	0.56690	0.01338	0.00986	0.01185	0.00802	0.01107	0.00643	0.00385	0.00441	0.00127	0.00669	0.03590	0.00208	0.00508
11	0.01450	0.01838	0.01128	0.01022	0.01216	0.80228	0.00771	0.01551	0.01097	0.00970	0.00608	0.00723	0.00511	0.00423	0.00406	0.00106	0.05031	0.00260	0.00203	0.00458

[dist]
# distance from previous block
# <min> <max>
9	30

[block]
# block no. 1 follows, 68 sequences, length 29
# corresponding to MSA columns:
# 327-338,348-364
name=unknown_B
#
# <colnr> <probs for GDERKNQSTAVLIFYWHMCP>
#	G	D	E	R	K	N	Q	S	T	A	V	L	I	F	Y	W	H	M	C	P
0	0.49367	0.02174	0.01888	0.00771	0.03671	0.14540	0.02310	0.08142	0.00880	0.03812	0.00641	0.00743	0.00502	0.00402	0.00356	0.00119	0.05441	0.00258	0.00249	0.03736
1	0.00561	0.00408	0.00553	0.00556	0.00606	0.00445	0.00399	0.00653	0.00637	0.00884	0.01330	0.04739	0.05984	0.29254	0.50639	0.00512	0.00769	0.00520	0.00235	0.00316
2	0.01014	0.13009	0.01214	0.09028	0.10579	0.16610	0.01897	0.03719	0.00917	0.01192	0.00680	0.00824	0.00564	0.00345	0.00327	0.00087	0.00444	0.00267	0.00215	0.37070
3	0.00581	0.00434	0.00543	0.00510	0.00616	0.00411	0.00384	0.00821	0.06440	0.01549	0.71027	0.02940	0.10622	0.00810	0.00464	0.00126	0.00197	0.00710	0.00428	0.00387
4	0.00791	0.09510	0.03106	0.03721	0.10024	0.02442	0.00601	0.09029	0.08234	0.01296	0.05295	0.04042	0.35829	0.00704	0.00437	0.00125	0.02396	0.00578	0.01380	0.00462
5	0.01507	0.01111	0.01190	0.00912	0.01230	0.01230	0.00754	0.82270	0.01864	0.02499	0.00952	0.00952	0.00674	0.00476	0.00397	0.00119	0.00436	0.00357	0.00397	0.00674
6	0.00769	0.00457	0.00577	0.00539	0.00609	0.00466	0.00370	0.03150	0.00708	0.12476	0.01235	0.02099	0.01236	0.49685	0.23539	0.00407	0.00558	0.00505	0.00272	0.00344
7	0.88866	0.00767	0.00583	0.00521	0.00767	0.00889	0.00429	0.01166	0.00675	0.01779	0.00552	0.00644	0.00429	0.00368	0.00245	0.00123	0.00307	0.00215	0.00245	0.00429
8	0.00986	0.00852	0.00897	0.00807	0.01031	0.00986	0.00628	0.02107	0.82876	0.01659	0.01614	0.01479	0.01210	0.00538	0.00403	0.00134	0.00314	0.00448	0.00403	0.00628
9	0.76056	0.00931	0.00662	0.00595	0.00834	0.13143	0.00479	0.01227	0.00741	0.01660	0.00561	0.00654	0.00441	0.00374	0.00262	0.00120	0.00367	0.00221	0.00239	0.00434
10	0.01384	0.01067	0.01252	0.00954	0.01275	0.01154	0.07926	0.65404	0.06751	0.02268	0.00965	0.00988	0.00696	0.00457	0.00397	0.00118	0.00441	0.00365	0.00370	0.05768
11	0.01086	0.00555	0.00750	0.00675	0.00828	0.00543	0.00528	0.02867	0.00948	0.35117	0.06441	0.29866	0.01716	0.00892	0.03228	0.00160	0.07835	0.05074	0.00401	0.00490
12	0.00548	0.00405	0.00511	0.00485	0.00584	0.00368	0.00363	0.00722	0.01090	0.01514	0.71748	0.03087	0.15423	0.00839	0.00468	0.00126	0.00189	0.00735	0.00426	0.00368
13	0.00788	0.00744	0.01259	0.71292	0.16248	0.00891	0.01120	0.01047	0.00811	0.01060	0.00712	0.01044	0.00545	0.00389	0.00396	0.00130	0.00519	0.00353	0.00180	0.00472
14	0.00482	0.00350	0.00455	0.00539	0.00572	0.00323	0.00362	0.00554	0.00772	0.01017	0.02347	0.78558	0.09767	0.01221	0.00503	0.00159	0.00227	0.01101	0.00368	0.00323
15	0.00822	0.00705	0.00822	0.00587	0.00940	0.00529	0.00470	0.00998	0.00822	0.01292	0.00705	0.00822	0.00587	0.00294	0.00294	0.00059	0.00294	0.00235	0.00235	0.88490
16	0.88866	0.00767	0.00583	0.00521	0.00767	0.00889	0.00429	0.01166	0.00675	0.01779	0.00552	0.00644	0.00429	0.00368	0.00245	0.00123	0.00307	0.00215	0.00245	0.00429
17	0.00803	0.00863	0.12985	0.02227	0.01047	0.00584	0.00623	0.01040	0.03517	0.03080	0.00932	0.11048	0.00847	0.00434	0.00339	0.00086	0.00335	0.00363	0.00251	0.58597
18	0.01436	0.00998	0.01111	0.00908	0.03521	0.01087	0.00720	0.54231	0.16327	0.13736	0.01151	0.01104	0.00813	0.00486	0.00398	0.00122	0.00401	0.00379	0.00405	0.00665
19	0.00502	0.00433	0.01637	0.00483	0.00608	0.00366	0.01536	0.00620	0.00896	0.01106	0.08054	0.13124	0.59389	0.01041	0.01838	0.00148	0.00243	0.07268	0.00364	0.00345
20	0.01087	0.46685	0.08917	0.00788	0.01114	0.05546	0.00749	0.09637	0.19429	0.01286	0.00849	0.00880	0.00683	0.00405	0.00318	0.00104	0.00429	0.00289	0.00247	0.00557
21	0.00926	0.00928	0.01675	0.11341	0.34730	0.00943	0.27547	0.01307	0.11459	0.01294	0.00913	0.03511	0.00740	0.00401	0.00422	0.00128	0.00515	0.00425	0.00227	0.00567
22	0.00822	0.00705	0.00822	0.00587	0.00940	0.00529	0.00470	0.00998	0.00822	0.01292	0.00705	0.00822	0.00587	0.00294	0.00294	0.00059	0.00294	0.00235	0.00235	0.88490
23	0.01464	0.01863	0.01163	0.01042	0.01253	0.81792	0.03381	0.01573	0.01118	0.00980	0.00619	0.00726	0.00514	0.00406	0.00361	0.00103	0.00714	0.00262	0.00204	0.00462
24	0.00548	0.00419	0.00505	0.00481	0.00590	0.00383	0.00361	0.00741	0.03742	0.01442	0.57688	0.03161	0.26763	0.00858	0.00466	0.00128	0.00195	0.00743	0.00416	0.00371
25	0.00567	0.00424	0.00631	0.00631	0.00699	0.00492	0.00488	0.00704	0.00635	0.00916	0.01068	0.01590	0.01005	0.05586	0.81901	0.00629	0.01041	0.00430	0.00213	0.00350
26	0.01138	0.03251	0.07240	0.03474	0.04905	0.13565	0.18324	0.10163	0.03207	0.09973	0.00836	0.00960	0.00633	0.00412	0.00462	0.00116	0.07566	0.00346	0.00257	0.13172
27	0.00577	0.00384	0.00432	0.00432	0.00432	0.00384	0.00240	0.00577	0.00577	0.00769	0.01249	0.02595	0.01441	0.86066	0.02018	0.00384	0.00384	0.00577	0.00240	0.00240
28	0.56691	0.05612	0.00832	0.00687	0.00925	0.27291	0.00549	0.01298	0.00823	0.01479	0.00571	0.00666	0.00459	0.00379	0.00281	0.00114	0.00442	0.00227	0.00228	0.00443

[dist]
# distance from previous block
# <min> <max>
0	1

[block]
# block no. 2 follows, 68 sequences, length 15
# corresponding to MSA columns:
# 366-380
name=unknown_C
#
# <colnr> <probs for GDERKNQSTAVLIFYWHMCP>
#	G	D	E	R	K	N	Q	S	T	A	V	L	I	F	Y	W	H	M	C	P
0	0.00927	0.00790	0.00849	0.00768	0.00973	0.00904	0.00596	0.01916	0.71438	0.01628	0.10495	0.01643	0.01479	0.00643	0.03009	0.00149	0.00323	0.00477	0.00401	0.00592
1	0.01114	0.00861	0.00961	0.00730	0.01053	0.00828	0.00591	0.29116	0.11240	0.04906	0.00934	0.00967	0.00709	0.00394	0.00347	0.00091	0.00347	0.00309	0.00321	0.44181
2	0.00566	0.00425	0.00637	0.00637	0.00708	0.00496	0.00496	0.00708	0.00637	0.00920	0.01062	0.01558	0.00991	0.02974	0.84494	0.00637	0.01062	0.00425	0.00212	0.00354
3	0.01122	0.37589	0.11113	0.03726	0.03327	0.15476	0.08897	0.03730	0.05344	0.05165	0.00733	0.00827	0.00587	0.00379	0.00335	0.00105	0.00511	0.00288	0.00214	0.00532
4	0.01102	0.23673	0.11337	0.01025	0.06047	0.03837	0.10815	0.11299	0.03995	0.09677	0.04245	0.01010	0.00764	0.00484	0.02027	0.00127	0.07380	0.00344	0.00257	0.00553
5	0.00542	0.00424	0.00504	0.00540	0.00655	0.00386	0.00443	0.00679	0.00915	0.01137	0.05984	0.04056	0.47283	0.01035	0.00501	0.00154	0.00268	0.33776	0.00369	0.00349
6	0.00577	0.00433	0.00626	0.00625	0.00688	0.00497	0.00480	0.00696	0.00648	0.00919	0.01207	0.03433	0.04211	0.08389	0.66772	0.03081	0.03704	0.02448	0.00225	0.00343
7	0.01072	0.18883	0.09294	0.10237	0.18689	0.18168	0.11211	0.01318	0.03321	0.03167	0.00724	0.00885	0.00580	0.00375	0.00366	0.00113	0.00545	0.00317	0.00201	0.00534
8	0.00947	0.42783	0.41564	0.00904	0.01362	0.01245	0.01060	0.03967	0.00857	0.01142	0.00642	0.00744	0.00511	0.00362	0.00318	0.00106	0.00503	0.00256	0.00176	0.00552
9	0.00483	0.00345	0.00460	0.00552	0.00575	0.00322	0.00368	0.00552	0.00759	0.01012	0.02185	0.85807	0.02622	0.01242	0.00506	0.00161	0.00230	0.01127	0.00368	0.00322
10	0.00863	0.03698	0.21437	0.02273	0.15589	0.05276	0.03812	0.02796	0.02350	0.05010	0.01297	0.13937	0.06514	0.00649	0.01775	0.00140	0.04483	0.04770	0.02829	0.00502
11	0.03827	0.01084	0.10729	0.03373	0.05071	0.05126	0.03337	0.34305	0.01330	0.20364	0.01053	0.01156	0.00765	0.01724	0.02481	0.00139	0.00466	0.02712	0.00348	0.00610
12	0.00951	0.00982	0.01886	0.06433	0.46096	0.00964	0.34252	0.01228	0.00911	0.01270	0.00767	0.01021	0.00612	0.00348	0.00424	0.00125	0.00555	0.00400	0.00197	0.00580
13	0.01142	0.59713	0.05743	0.00838	0.04520	0.10902	0.00756	0.10233	0.00965	0.01141	0.00618	0.00704	0.00532	0.00365	0.00293	0.00094	0.00468	0.00243	0.00200	0.00530
14	0.02079	0.01947	0.11435	0.03577	0.02591	0.00708	0.06594	0.07638	0.00982	0.17911	0.04613	0.01226	0.04171	0.00524	0.03274	0.00124	0.02210	0.00366	0.03346	0.24685

[dist]
# distance from previous block
# <min> <max>
0	1

[block]
# block no. 3 follows, 68 sequences, length 29
# corresponding to MSA columns:
# 382-392,412-429
name=unknown_D
#
# <colnr> <probs for GDERKNQSTAVLIFYWHMCP>
#	G	D	E	R	K	N	Q	S	T	A	V	L	I	F	Y	W	H	M	C	P
0	0.00968	0.12494	0.05865	0.37261	0.19254	0.01002	0.02637	0.07234	0.02403	0.06052	0.00780	0.00989	0.00597	0.00391	0.00377	0.00121	0.00486	0.00337	0.00218	0.00534
1	0.00588	0.00459	0.00642	0.12191	0.00929	0.00496	0.00528	0.02152	0.00775	0.01034	0.01764	0.52298	0.02029	0.07388	0.00662	0.00176	0.06320	0.08898	0.00319	0.00351
2	0.00566	0.00425	0.00637	0.00637	0.00708	0.00496	0.00496	0.00708	0.00637	0.00920	0.01062	0.01558	0.00991	0.02974	0.84494	0.00637	0.01062	0.00425	0.00212	0.00354
3	0.00870	0.01072	0.18747	0.24339	0.15480	0.01946	0.01027	0.02462	0.21075	0.01292	0.02431	0.01161	0.01695	0.00466	0.00440	0.02395	0.01941	0.00374	0.00244	0.00543
4	0.01449	0.01070	0.07086	0.02730	0.07441	0.11259	0.09691	0.16867	0.01204	0.35474	0.01108	0.01095	0.00754	0.00440	0.00399	0.00121	0.00471	0.00369	0.00354	0.00618
5	0.01374	0.01666	0.01058	0.00953	0.01158	0.68487	0.00721	0.07204	0.02854	0.01099	0.00923	0.01000	0.06736	0.00524	0.02452	0.00120	0.00657	0.00314	0.00234	0.00466
6	0.88866	0.00767	0.00583	0.00521	0.00767	0.00889	0.00429	0.01166	0.00675	0.01779	0.00552	0.00644	0.00429	0.00368	0.00245	0.00123	0.00307	0.00215	0.00245	0.00429
7	0.00487	0.00370	0.00449	0.00498	0.00564	0.00332	0.00347	0.00579	0.00846	0.01095	0.11784	0.50265	0.28716	0.01118	0.00490	0.00148	0.00216	0.00988	0.00376	0.00332
8	0.00489	0.00356	0.00463	0.00546	0.00583	0.00330	0.00375	0.00567	0.00782	0.01027	0.02369	0.73274	0.10917	0.01210	0.00504	0.00159	0.00234	0.05120	0.00368	0.00326
9	0.03596	0.03444	0.03980	0.02734	0.09239	0.23317	0.11071	0.07384	0.05158	0.04530	0.00796	0.00955	0.00639	0.00603	0.06408	0.00154	0.08207	0.00334	0.00238	0.07213
10	0.00628	0.00448	0.00626	0.00718	0.00804	0.00447	0.00620	0.00802	0.00902	0.01174	0.02105	0.10225	0.02306	0.01106	0.00545	0.00181	0.00356	0.75280	0.00365	0.00362
11	0.00485	0.00349	0.00460	0.00544	0.00574	0.00324	0.00365	0.00559	0.00777	0.01033	0.04816	0.79665	0.06145	0.01218	0.00503	0.00159	0.00227	0.01102	0.00370	0.00324
12	0.09733	0.45547	0.23161	0.00857	0.03313	0.08207	0.00881	0.02312	0.00844	0.01134	0.00608	0.00709	0.00505	0.00360	0.00299	0.00102	0.00480	0.00243	0.00183	0.00522
13	0.00749	0.00705	0.01189	0.85113	0.02731	0.00881	0.01101	0.01013	0.00793	0.01013	0.00705	0.01057	0.00529	0.00396	0.00396	0.00132	0.00529	0.00352	0.00176	0.00440
14	0.01481	0.01890	0.01124	0.01021	0.01226	0.84474	0.00766	0.01583	0.01124	0.00970	0.00613	0.00715	0.00511	0.00409	0.00358	0.00102	0.00715	0.00255	0.00204	0.00460
15	0.00752	0.00686	0.01138	0.61932	0.11158	0.00813	0.01029	0.00997	0.00821	0.01069	0.00946	0.03515	0.00843	0.00513	0.00421	0.00139	0.00492	0.12081	0.00210	0.00447
16	0.15779	0.03949	0.01228	0.09398	0.21978	0.13904	0.05001	0.04844	0.01952	0.07481	0.02808	0.01802	0.00686	0.00432	0.00437	0.00123	0.07099	0.00337	0.00242	0.00523
17	0.00528	0.00409	0.00483	0.00480	0.00582	0.00371	0.00354	0.00694	0.03577	0.01310	0.38708	0.15752	0.33429	0.00940	0.00472	0.00134	0.00203	0.00815	0.00399	0.00359
18	0.00981	0.00942	0.01609	0.02434	0.83592	0.00942	0.01217	0.01217	0.00903	0.01295	0.00746	0.00981	0.00628	0.00353	0.00393	0.00118	0.00471	0.00353	0.00196	0.00628
19	0.04394	0.07193	0.09894	0.14632	0.15468	0.01762	0.00802	0.01052	0.08738	0.01106	0.00914	0.08761	0.00832	0.00693	0.00647	0.20164	0.00416	0.00405	0.00221	0.01906
20	0.21979	0.00736	0.00858	0.07696	0.01083	0.01730	0.00590	0.10357	0.01035	0.40397	0.01143	0.01163	0.00792	0.03597	0.03491	0.00150	0.00387	0.00352	0.01902	0.00563
21	0.00894	0.00702	0.00829	0.00596	0.00945	0.00533	0.00478	0.01068	0.00846	0.07453	0.00769	0.00862	0.00617	0.00308	0.00301	0.00063	0.00297	0.00247	0.00254	0.81937
22	0.00801	0.01961	0.77801	0.01142	0.01707	0.00913	0.05741	0.01249	0.00842	0.01261	0.00729	0.00864	0.00519	0.00376	0.00379	0.00125	0.00581	0.00304	0.02124	0.00578
23	0.00855	0.00841	0.01287	0.48382	0.24229	0.06784	0.03218	0.01092	0.00838	0.01086	0.00739	0.01050	0.00591	0.00576	0.06669	0.00164	0.00570	0.00354	0.00187	0.00488
24	0.00664	0.00353	0.00498	0.00498	0.00498	0.00353	0.00321	0.00530	0.00530	0.00707	0.00815	0.01517	0.00858	0.20384	0.01655	0.68696	0.00353	0.00396	0.00187	0.00187
25	0.00882	0.00892	0.01732	0.01296	0.01547	0.00915	0.48998	0.01108	0.00824	0.03764	0.02237	0.01307	0.00784	0.12945	0.03079	0.00190	0.16352	0.00462	0.00215	0.00470
26	0.01057	0.38361	0.23068	0.02416	0.01338	0.11834	0.06663	0.04349	0.04023	0.02512	0.00693	0.00792	0.00555	0.00374	0.00330	0.00106	0.00517	0.00277	0.00198	0.00537
27	0.04643	0.00976	0.04664	0.06882	0.07250	0.18250	0.03257	0.10285	0.05093	0.01171	0.00781	0.02696	0.00675	0.00750	0.00777	0.28963	0.01902	0.00346	0.00226	0.00414
28	0.02171	0.09115	0.01348	0.11021	0.10006	0.02061	0.13545	0.12587	0.03591	0.14215	0.06138	0.01269	0.02860	0.03298	0.00475	0.00130	0.02822	0.00404	0.00294	0.02653

[dist]
# distance from previous block
# <min> <max>
0	36

[block]
# block no. 4 follows, 68 sequences, length 24
# corresponding to MSA columns:
# 466-485,494-497
name=unknown_E
#
# <colnr> <probs for GDERKNQSTAVLIFYWHMCP>
#	G	D	E	R	K	N	Q	S	T	A	V	L	I	F	Y	W	H	M	C	P
0	0.36841	0.02468	0.12434	0.02203	0.10328	0.02959	0.00732	0.05445	0.12841	0.02930	0.01970	0.00979	0.02325	0.00461	0.01725	0.00131	0.00396	0.00312	0.00265	0.02255
1	0.00694	0.08829	0.00814	0.00740	0.08252	0.00613	0.00518	0.00947	0.09197	0.02674	0.30721	0.10214	0.11560	0.01010	0.10240	0.00186	0.00361	0.01657	0.00345	0.00429
2	0.00813	0.00512	0.00656	0.00585	0.00673	0.00533	0.00429	0.02500	0.00846	0.13885	0.23433	0.02192	0.01837	0.32784	0.05411	0.00253	0.10269	0.00544	0.00326	0.01519
3	0.01081	0.82005	0.02029	0.00696	0.01028	0.05791	0.00683	0.01207	0.00822	0.00935	0.00554	0.00640	0.00509	0.00343	0.00260	0.00086	0.00439	0.00214	0.00171	0.00506
4	0.00538	0.00389	0.00478	0.00491	0.00569	0.00354	0.00349	0.00654	0.00919	0.02656	0.32529	0.28344	0.21617	0.07552	0.00598	0.00158	0.00221	0.00853	0.00386	0.00344
5	0.00538	0.00404	0.00498	0.00475	0.00578	0.00364	0.00356	0.00704	0.01069	0.01462	0.63860	0.03172	0.23344	0.00858	0.00468	0.00127	0.00190	0.00747	0.00420	0.00364
6	0.00493	0.00398	0.00413	0.00411	0.00517	0.00346	0.00292	0.00577	0.00847	0.01031	0.06481	0.03542	0.64223	0.17789	0.00774	0.00183	0.00237	0.00781	0.00346	0.00318
7	0.00986	0.00852	0.00897	0.00807	0.01031	0.00986	0.00628	0.02107	0.82876	0.01659	0.01614	0.01479	0.01210	0.00538	0.00403	0.00134	0.00314	0.00448	0.00403	0.00628
8	0.00829	0.00456	0.00465	0.00433	0.00551	0.00470	0.00333	0.10414	0.00952	0.01597	0.01254	0.01417	0.00976	0.00464	0.00291	0.00095	0.00214	0.00368	0.78016	0.00405
9	0.00795	0.02051	0.84011	0.01130	0.01716	0.00921	0.01465	0.01256	0.00837	0.01256	0.00712	0.00837	0.00502	0.00377	0.00377	0.00126	0.00586	0.00293	0.00167	0.00586
10	0.00795	0.02051	0.84011	0.01130	0.01716	0.00921	0.01465	0.01256	0.00837	0.01256	0.00712	0.00837	0.00502	0.00377	0.00377	0.00126	0.00586	0.00293	0.00167	0.00586
11	0.00776	0.00732	0.01238	0.75467	0.12164	0.00888	0.01115	0.01037	0.00806	0.01046	0.00710	0.01048	0.00540	0.00391	0.00396	0.00130	0.00522	0.00352	0.00179	0.00462
12	0.00722	0.00373	0.00385	0.00382	0.00475	0.00370	0.00287	0.00907	0.00860	0.01489	0.09252	0.01622	0.01280	0.00496	0.00296	0.00096	0.00185	0.00403	0.79752	0.00370
13	0.00608	0.00378	0.00482	0.00482	0.00491	0.00386	0.00302	0.00575	0.00566	0.00764	0.01062	0.02059	0.01165	0.50982	0.12000	0.26301	0.00456	0.00490	0.00217	0.00234
14	0.00982	0.63858	0.05809	0.00692	0.01004	0.01341	0.00677	0.01229	0.08801	0.01096	0.10325	0.00999	0.00954	0.00415	0.00300	0.00096	0.00394	0.00298	0.00223	0.00508
15	0.01546	0.00795	0.00963	0.00761	0.01049	0.00788	0.00621	0.22155	0.12243	0.48631	0.01488	0.03108	0.02927	0.00521	0.00403	0.00124	0.00354	0.00421	0.00450	0.00653
16	0.00535	0.00404	0.00494	0.00471	0.00576	0.00363	0.00354	0.00698	0.01061	0.01444	0.61008	0.03202	0.26208	0.00865	0.00468	0.00127	0.00191	0.00751	0.00417	0.00363
17	0.00612	0.00390	0.00456	0.00455	0.00538	0.00381	0.00334	0.00757	0.00857	0.01285	0.19851	0.06116	0.13519	0.09255	0.10355	0.00202	0.00314	0.01967	0.32006	0.00349
18	0.00921	0.41935	0.45226	0.00916	0.01385	0.01228	0.01093	0.01223	0.00822	0.01103	0.00636	0.00742	0.00505	0.00359	0.00319	0.00106	0.00509	0.00255	0.00168	0.00549
19	0.01069	0.66682	0.01810	0.00720	0.01015	0.12559	0.00672	0.01194	0.00832	0.00937	0.00609	0.00736	0.00556	0.00604	0.08435	0.00141	0.00525	0.00238	0.00178	0.00487
20	0.00512	0.00368	0.00502	0.00585	0.00622	0.00357	0.00417	0.00604	0.00768	0.01027	0.02065	0.66517	0.02418	0.01390	0.08655	0.00210	0.00329	0.11970	0.00353	0.00331
21	0.00721	0.00476	0.00633	0.01939	0.00765	0.00480	0.00509	0.02044	0.04261	0.09195	0.11414	0.26735	0.04364	0.04249	0.04854	0.00189	0.03039	0.23368	0.00367	0.00396
22	0.03135	0.13520	0.01251	0.05331	0.10797	0.28674	0.01786	0.08908	0.06643	0.05850	0.02583	0.02773	0.00759	0.02006	0.03188	0.00134	0.01555	0.00338	0.00254	0.00517
23	0.00859	0.00674	0.01088	0.62982	0.06271	0.00795	0.00960	0.01102	0.00836	0.09114	0.00859	0.01131	0.00634	0.00411	0.00383	0.00126	0.00467	0.00359	0.10484	0.00464

[dist]
# distance from previous block
# <min> <max>
1	12

[block]
# block no. 5 follows, 68 sequences, length 36
# corresponding to MSA columns:
# 510-545
name=unknown_F
#
# <colnr> <probs for GDERKNQSTAVLIFYWHMCP>
#	G	D	E	R	K	N	Q	S	T	A	V	L	I	F	Y	W	H	M	C	P
0	0.07393	0.00484	0.02599	0.00647	0.03791	0.00455	0.01612	0.02115	0.00809	0.01184	0.06523	0.45810	0.04616	0.03520	0.05362	0.00182	0.00317	0.05454	0.06759	0.00366
1	0.03500	0.01589	0.01177	0.02756	0.08024	0.57651	0.03215	0.09035	0.07124	0.01218	0.00734	0.00830	0.00588	0.00416	0.00369	0.00109	0.00625	0.00294	0.00236	0.00507
2	0.00834	0.00794	0.01389	0.43672	0.19781	0.00882	0.12878	0.04027	0.00864	0.01158	0.00797	0.02957	0.00648	0.00599	0.06898	0.00168	0.00568	0.00392	0.00199	0.00494
3	0.00787	0.00620	0.00752	0.00694	0.07182	0.00526	0.00490	0.04853	0.00912	0.03840	0.04578	0.07947	0.16503	0.00558	0.00366	0.00096	0.00282	0.01403	0.06724	0.40887
4	0.00666	0.00471	0.00584	0.00532	0.00645	0.00454	0.00400	0.07070	0.02485	0.03409	0.65324	0.02747	0.05774	0.07009	0.00573	0.00144	0.00227	0.00671	0.00418	0.00397
5	0.00817	0.00785	0.01085	0.00941	0.00942	0.01074	0.00765	0.00892	0.00603	0.00926	0.00642	0.01142	0.00669	0.13569	0.03182	0.00215	0.70781	0.00383	0.00184	0.00403
6	0.00537	0.00404	0.00499	0.00492	0.00592	0.00366	0.00373	0.00693	0.01026	0.01384	0.50860	0.08178	0.25468	0.00910	0.00476	0.00134	0.00206	0.06634	0.00408	0.00360
7	0.00497	0.00400	0.00428	0.00423	0.00534	0.00347	0.00308	0.00603	0.00907	0.01132	0.18186	0.03525	0.59825	0.10380	0.00640	0.00160	0.00219	0.00786	0.00366	0.00331
8	0.01481	0.01890	0.01124	0.01021	0.01226	0.84474	0.00766	0.01583	0.01124	0.00970	0.00613	0.00715	0.00511	0.00409	0.00358	0.00102	0.00715	0.00255	0.00204	0.00460
9	0.00535	0.00401	0.00477	0.00468	0.00558	0.00364	0.00340	0.00662	0.00953	0.01273	0.40989	0.06214	0.27878	0.13704	0.00705	0.00170	0.00228	0.03361	0.00381	0.00340
10	0.00997	0.61620	0.24381	0.00809	0.01212	0.03091	0.00894	0.01214	0.00821	0.01022	0.00596	0.00692	0.00507	0.00351	0.00290	0.00096	0.00474	0.00235	0.00170	0.00529
11	0.00469	0.00402	0.00402	0.00402	0.00536	0.00335	0.00301	0.00569	0.00904	0.01071	0.04017	0.03816	0.83432	0.01004	0.00469	0.00134	0.00201	0.00837	0.00368	0.00335
12	0.00925	0.00882	0.01487	0.22515	0.61622	0.00928	0.01172	0.01192	0.03146	0.01237	0.00760	0.01014	0.00620	0.00369	0.00394	0.00122	0.00481	0.00356	0.00197	0.00582
13	0.01060	0.86304	0.02078	0.00678	0.01018	0.01569	0.00678	0.01187	0.00806	0.00933	0.00551	0.00636	0.00509	0.00339	0.00254	0.00085	0.00424	0.00212	0.00170	0.00509
14	0.01284	0.26396	0.01368	0.00889	0.01136	0.47709	0.00720	0.01546	0.13313	0.01063	0.00745	0.00807	0.00615	0.00408	0.00334	0.00102	0.00570	0.00272	0.00224	0.00499
15	0.00992	0.02156	0.01105	0.00937	0.01049	0.22947	0.01952	0.01098	0.00796	0.01007	0.00848	0.01062	0.06932	0.00629	0.02248	0.00146	0.43868	0.00350	0.00204	0.09675
16	0.00825	0.01834	0.70163	0.01079	0.01598	0.00899	0.02661	0.07121	0.00908	0.01328	0.00844	0.07407	0.00680	0.00450	0.00390	0.00128	0.00549	0.00365	0.00200	0.00571
17	0.01060	0.22585	0.39781	0.00988	0.01402	0.25490	0.01069	0.01335	0.00913	0.01093	0.00644	0.00752	0.00506	0.00377	0.00341	0.00109	0.00584	0.00262	0.00179	0.00530
18	0.01771	0.00688	0.00928	0.00712	0.01019	0.00602	0.00588	0.04326	0.01157	0.81443	0.01546	0.01338	0.00972	0.00490	0.00399	0.00123	0.00340	0.00397	0.00488	0.00675
19	0.00911	0.00679	0.00921	0.01035	0.18184	0.00703	0.00660	0.14047	0.01029	0.08834	0.07874	0.19845	0.10543	0.04122	0.00571	0.00146	0.07059	0.02017	0.00332	0.00487
20	0.00750	0.00487	0.00586	0.00573	0.02965	0.00444	0.00420	0.00947	0.06634	0.14464	0.18207	0.11468	0.37616	0.00861	0.00456	0.00133	0.00241	0.01924	0.00398	0.00424
21	0.70923	0.00748	0.00652	0.00559	0.00817	0.00826	0.00461	0.01323	0.00770	0.18693	0.00761	0.00789	0.00543	0.00393	0.00277	0.00123	0.00313	0.00253	0.00296	0.00480
22	0.61486	0.00776	0.00712	0.00597	0.00863	0.00849	0.00492	0.08370	0.00883	0.20513	0.00817	0.00831	0.00576	0.00405	0.00293	0.00122	0.00325	0.00269	0.00314	0.00506
23	0.04373	0.00879	0.01571	0.14605	0.40342	0.00895	0.20184	0.02266	0.00886	0.01257	0.00874	0.08419	0.00774	0.00435	0.00415	0.00128	0.00498	0.00442	0.00214	0.00543
24	0.23007	0.00922	0.13320	0.00728	0.01056	0.00742	0.00679	0.05800	0.02294	0.43416	0.01224	0.01148	0.03045	0.00458	0.00360	0.00123	0.00368	0.00348	0.00372	0.00591
25	0.00488	0.00405	0.00431	0.00446	0.00570	0.00348	0.00343	0.00596	0.00897	0.01081	0.03708	0.08093	0.70194	0.01027	0.00479	0.00141	0.00221	0.09827	0.00368	0.00337
26	0.00539	0.00410	0.00582	0.03688	0.07060	0.00395	0.00460	0.00640	0.00809	0.01094	0.10398	0.67712	0.02510	0.01099	0.00489	0.00153	0.00255	0.00998	0.00355	0.00355
27	0.00957	0.37508	0.22381	0.04770	0.20999	0.01203	0.04711	0.01208	0.00842	0.01118	0.00655	0.00806	0.00541	0.00354	0.00333	0.00107	0.00491	0.00283	0.00177	0.00555
28	0.00500	0.00353	0.00459	0.00538	0.00558	0.00334	0.00354	0.00561	0.00735	0.00979	0.02043	0.71721	0.02438	0.13983	0.00734	0.00195	0.00256	0.02599	0.00349	0.00311
29	0.01289	0.00567	0.00746	0.00611	0.00831	0.00506	0.00489	0.01474	0.02759	0.49190	0.25071	0.01877	0.03447	0.00591	0.00409	0.00121	0.00277	0.00497	0.08697	0.00552
30	0.03100	0.31044	0.09293	0.04751	0.04688	0.18048	0.06027	0.04437	0.05875	0.06134	0.00787	0.02752	0.00643	0.00407	0.00341	0.00108	0.00502	0.00309	0.00228	0.00527
31	0.01180	0.06989	0.00995	0.03804	0.02816	0.02041	0.00678	0.21421	0.03208	0.20889	0.01466	0.05067	0.01309	0.00685	0.00437	0.00139	0.00388	0.25572	0.00376	0.00540
32	0.00505	0.00373	0.00436	0.00477	0.00550	0.00335	0.00335	0.00602	0.00840	0.01107	0.08693	0.41889	0.31805	0.02777	0.00503	0.00148	0.00216	0.00923	0.07154	0.00332
33	0.01119	0.05662	0.16147	0.02792	0.01219	0.27042	0.00845	0.07504	0.06261	0.06158	0.00999	0.07366	0.00887	0.00555	0.00468	0.00127	0.07495	0.06587	0.00262	0.00505
34	0.02058	0.13353	0.18981	0.02409	0.08911	0.03815	0.04551	0.05082	0.07935	0.27451	0.01048	0.01051	0.00739	0.00423	0.00373	0.00118	0.00448	0.00343	0.00306	0.00604
35	0.01170	0.00785	0.04133	0.02709	0.14465	0.00748	0.01624	0.14770	0.03570	0.24840	0.03367	0.01538	0.07992	0.06618	0.04394	0.00165	0.02474	0.00438	0.03644	0.00557

[dist]
# distance from previous block
# <min> <max>
0	27

[block]
# block no. 6 follows, 68 sequences, length 21
# corresponding to MSA columns:
# 573-593
name=unknown_G
#
# <colnr> <probs for GDERKNQSTAVLIFYWHMCP>
#	G	D	E	R	K	N	Q	S	T	A	V	L	I	F	Y	W	H	M	C	P
0	0.05489	0.12228	0.10646	0.03940	0.10679	0.06976	0.03127	0.07194	0.08573	0.08103	0.10620	0.02906	0.06854	0.00511	0.00383	0.00119	0.00411	0.00419	0.00293	0.00528
1	0.08498	0.28850	0.01305	0.05857	0.03812	0.05289	0.02608	0.10039	0.02761	0.02016	0.01019	0.06144	0.06540	0.00465	0.00333	0.00104	0.00394	0.00359	0.00248	0.13360
2	0.00550	0.00379	0.00472	0.00511	0.00549	0.00363	0.00340	0.00613	0.00732	0.02768	0.04606	0.40971	0.09585	0.28199	0.05262	0.00252	0.00323	0.02892	0.00324	0.00309
3	0.00962	0.48715	0.36268	0.00874	0.01315	0.01289	0.01009	0.03505	0.00849	0.01112	0.00629	0.00729	0.00511	0.00359	0.00309	0.00103	0.00492	0.00250	0.00175	0.00546
4	0.06254	0.30495	0.26579	0.00830	0.01202	0.01072	0.02793	0.05571	0.00880	0.09809	0.00800	0.00955	0.00639	0.04906	0.05501	0.00155	0.00500	0.00302	0.00226	0.00531
5	0.03465	0.14569	0.08766	0.17872	0.04461	0.07469	0.10566	0.02583	0.02341	0.08177	0.00936	0.04603	0.01938	0.02517	0.00427	0.00125	0.02036	0.00379	0.06274	0.00495
6	0.00543	0.00414	0.00502	0.00523	0.00625	0.00379	0.00412	0.00683	0.00946	0.01225	0.24074	0.07438	0.34491	0.03795	0.00542	0.00154	0.00249	0.22274	0.00381	0.00349
7	0.00810	0.19176	0.08248	0.00699	0.00962	0.02321	0.00648	0.00990	0.00846	0.01967	0.01294	0.03421	0.06880	0.00663	0.02545	0.00128	0.02708	0.20643	0.00259	0.24792
8	0.11540	0.22335	0.11165	0.02509	0.11615	0.04186	0.00819	0.17140	0.04084	0.07461	0.00836	0.03185	0.00664	0.00422	0.00342	0.00113	0.00435	0.00320	0.00265	0.00564
9	0.00628	0.00430	0.00479	0.00454	0.00598	0.00367	0.00345	0.00745	0.00954	0.10366	0.14431	0.06549	0.60363	0.00930	0.00462	0.00132	0.00215	0.00783	0.00391	0.00377
10	0.00496	0.00363	0.00465	0.00534	0.00580	0.00335	0.00370	0.00582	0.00806	0.01062	0.07953	0.63227	0.13421	0.03227	0.00537	0.00161	0.00234	0.04949	0.00370	0.00327
11	0.06263	0.06310	0.17199	0.05992	0.01340	0.02886	0.08103	0.03643	0.15194	0.25905	0.02516	0.01147	0.00834	0.00444	0.00384	0.00124	0.00435	0.00369	0.00324	0.00588
12	0.00959	0.06187	0.26467	0.15932	0.11081	0.04409	0.04166	0.03539	0.05974	0.09101	0.02174	0.05383	0.01987	0.00458	0.00391	0.00125	0.00488	0.00389	0.00244	0.00547
13	0.00736	0.00518	0.00834	0.00729	0.00792	0.00560	0.10124	0.02593	0.00625	0.00861	0.00769	0.01278	0.00743	0.06991	0.10641	0.50394	0.09957	0.00384	0.00190	0.00281
14	0.03022	0.00979	0.01857	0.05344	0.01774	0.05159	0.57090	0.01210	0.03675	0.01225	0.00957	0.03669	0.00823	0.05605	0.00551	0.00151	0.00595	0.05596	0.00225	0.00493
15	0.00913	0.05085	0.43486	0.10306	0.07237	0.00918	0.08517	0.06445	0.00924	0.06178	0.00865	0.05806	0.00684	0.00435	0.00393	0.00126	0.00528	0.00374	0.00219	0.00561
16	0.00991	0.05658	0.06268	0.26944	0.27232	0.07286	0.04803	0.04524	0.04448	0.05020	0.00826	0.01073	0.00653	0.00406	0.00390	0.00123	0.00504	0.02088	0.00222	0.00543
17	0.00812	0.00743	0.00993	0.00947	0.05876	0.04890	0.00712	0.00873	0.00639	0.00920	0.00686	0.01106	0.00670	0.04497	0.15382	0.14483	0.44837	0.00365	0.00185	0.00383
18	0.06235	0.00759	0.00865	0.00675	0.02981	0.00655	0.00524	0.07741	0.07517	0.02976	0.00806	0.00889	0.00643	0.00338	0.00312	0.00076	0.00313	0.00267	0.00266	0.65163
19	0.05925	0.01064	0.01233	0.01239	0.15617	0.18900	0.06860	0.01208	0.05126	0.01162	0.05699	0.01909	0.00802	0.00588	0.02746	0.00149	0.28700	0.00368	0.00221	0.00484
20	0.00765	0.00661	0.03728	0.00725	0.00849	0.07648	0.05705	0.03123	0.04637	0.06984	0.01769	0.49588	0.01940	0.03833	0.00525	0.00157	0.00344	0.06273	0.00343	0.00406

[dist]
# distance from previous block
# <min> <max>
0	1

[block]
# block no. 7 follows, 68 sequences, length 8
# corresponding to MSA columns:
# 595-602
name=unknown_H
#
# <colnr> <probs for GDERKNQSTAVLIFYWHMCP>
#	G	D	E	R	K	N	Q	S	T	A	V	L	I	F	Y	W	H	M	C	P
0	0.00953	0.00636	0.00683	0.00635	0.00780	0.07150	0.00474	0.05478	0.09191	0.17722	0.08821	0.28550	0.05862	0.04541	0.00502	0.00144	0.00308	0.00678	0.06435	0.00457
1	0.00553	0.00426	0.00515	0.00563	0.00637	0.00415	0.00401	0.00769	0.11023	0.01135	0.05762	0.53812	0.16637	0.01088	0.00487	0.00152	0.00240	0.04642	0.00375	0.00366
2	0.00695	0.00536	0.00755	0.00701	0.00720	0.00664	0.00534	0.00715	0.00587	0.00847	0.00822	0.01405	0.00832	0.14377	0.24128	0.23584	0.27188	0.00402	0.00194	0.00314
3	0.06050	0.00855	0.00913	0.00780	0.01022	0.00957	0.00619	0.19024	0.48700	0.08359	0.04995	0.01375	0.01140	0.00521	0.00392	0.00128	0.00332	0.00421	0.02803	0.00612
4	0.00628	0.00441	0.00560	0.00527	0.00649	0.00388	0.00390	0.00777	0.00978	0.05392	0.42942	0.23532	0.08347	0.00851	0.00452	0.00126	0.00220	0.00751	0.00391	0.11658
5	0.09297	0.00712	0.00871	0.00702	0.00946	0.00711	0.00573	0.13370	0.01133	0.43863	0.07395	0.03568	0.07606	0.00575	0.00465	0.00128	0.06646	0.00447	0.00415	0.00578
6	0.00683	0.00634	0.07211	0.00654	0.00751	0.06516	0.00530	0.00753	0.00651	0.00877	0.00922	0.01442	0.00880	0.09629	0.42894	0.23303	0.00753	0.00395	0.00200	0.00323
7	0.00579	0.00430	0.00616	0.00594	0.00647	0.00457	0.04183	0.00665	0.00640	0.00885	0.01242	0.10711	0.01323	0.35964	0.38801	0.00463	0.00686	0.00561	0.00239	0.00314

[dist]
# distance from previous block
# <min> <max>
0	0

# created by:
# /home/cegg/simao/soft/augustus-3.2.1/scripts/msa2prfl.pl ./align_prep/EOG092C4UKX.fa
