[name]
unknown

[dist]
# distance from previous block
# <min> <max>
0	60

[block]
# block no. 0 follows, 71 sequences, length 19
# corresponding to MSA columns:
# 60-78
name=unknown_A
#
# <colnr> <probs for GDERKNQSTAVLIFYWHMCP>
#	G	D	E	R	K	N	Q	S	T	A	V	L	I	F	Y	W	H	M	C	P
0	0.00962	0.09934	0.01077	0.19230	0.03740	0.03345	0.04126	0.04556	0.07737	0.14494	0.01316	0.04795	0.05050	0.00607	0.01225	0.00135	0.02816	0.14082	0.00294	0.00481
1	0.02875	0.03055	0.01287	0.01014	0.01211	0.14477	0.13868	0.17635	0.05685	0.03596	0.03047	0.00955	0.00679	0.00497	0.00650	0.00130	0.26606	0.00351	0.00250	0.02133
2	0.00932	0.00773	0.00975	0.00800	0.01022	0.00823	0.10120	0.20989	0.28283	0.01688	0.19708	0.01788	0.09237	0.00583	0.00415	0.00124	0.00335	0.00507	0.00370	0.00527
3	0.00717	0.00436	0.00545	0.00506	0.00629	0.00413	0.00387	0.00899	0.03624	0.12417	0.34030	0.05996	0.15455	0.00984	0.10270	0.00177	0.00307	0.00605	0.11205	0.00397
4	0.00909	0.17851	0.18477	0.02076	0.04855	0.05179	0.16215	0.05458	0.05532	0.01174	0.00792	0.01054	0.00671	0.10394	0.00539	0.00138	0.00484	0.00340	0.00209	0.07652
5	0.00908	0.00783	0.01085	0.47143	0.01928	0.05336	0.03791	0.08688	0.00911	0.05987	0.00765	0.00979	0.00574	0.00377	0.00362	0.00110	0.00456	0.00322	0.02468	0.17027
6	0.00518	0.00415	0.00657	0.00660	0.00725	0.00388	0.09952	0.00615	0.00754	0.01008	0.01957	0.76346	0.02308	0.01099	0.00485	0.00153	0.00272	0.01016	0.00337	0.00335
7	0.01059	0.67202	0.01759	0.00661	0.00987	0.01332	0.00632	0.06125	0.00859	0.05228	0.00623	0.00689	0.00534	0.00338	0.00266	0.00083	0.00392	0.00225	0.00200	0.10804
8	0.04251	0.00825	0.01159	0.16738	0.17604	0.01984	0.06154	0.18655	0.06654	0.08154	0.06846	0.02370	0.00907	0.00453	0.00407	0.00121	0.02584	0.00389	0.03208	0.00537
9	0.00793	0.00677	0.00858	0.00782	0.10570	0.00562	0.00539	0.00990	0.03765	0.01229	0.02976	0.00947	0.00703	0.00506	0.05529	0.03036	0.00349	0.00275	0.00231	0.64683
10	0.01398	0.01055	0.01198	0.01054	0.10851	0.01157	0.00781	0.73341	0.01694	0.02281	0.00897	0.00924	0.00647	0.00446	0.00383	0.00115	0.00426	0.00345	0.00361	0.00647
11	0.04540	0.02005	0.01058	0.02524	0.01926	0.08497	0.04706	0.25446	0.11040	0.27339	0.01116	0.01927	0.00788	0.00454	0.00385	0.00116	0.01365	0.00361	0.00363	0.04043
12	0.00548	0.00411	0.00616	0.00616	0.00685	0.00479	0.00479	0.00685	0.00616	0.00890	0.01027	0.01506	0.00959	0.02876	0.85006	0.00616	0.01027	0.00411	0.00205	0.00342
13	0.00688	0.00545	0.00845	0.26646	0.11967	0.00596	0.00688	0.00842	0.00754	0.04737	0.04349	0.20768	0.01291	0.11478	0.11898	0.00227	0.00469	0.00563	0.00251	0.00396
14	0.00894	0.42655	0.04358	0.01752	0.01929	0.04397	0.04509	0.02865	0.02536	0.03234	0.01218	0.12907	0.09000	0.01396	0.00373	0.00112	0.01622	0.03549	0.00238	0.00455
15	0.03235	0.00914	0.01234	0.29997	0.14233	0.04779	0.05015	0.26668	0.03062	0.04730	0.00809	0.00973	0.00602	0.00409	0.00394	0.00121	0.01679	0.00344	0.00261	0.00542
16	0.00844	0.00804	0.01353	0.29311	0.28462	0.00869	0.12316	0.02627	0.10463	0.01198	0.00895	0.05340	0.00744	0.00483	0.02529	0.00137	0.00485	0.00407	0.00219	0.00514
17	0.02802	0.02631	0.02197	0.01784	0.04862	0.10075	0.01503	0.21331	0.02366	0.23044	0.02446	0.01291	0.00879	0.12953	0.06242	0.00185	0.02179	0.00381	0.00326	0.00523
18	0.00915	0.00840	0.03320	0.32230	0.19179	0.02545	0.05027	0.13534	0.00981	0.03015	0.02576	0.02184	0.04450	0.00422	0.00383	0.00117	0.00452	0.00374	0.00235	0.07220

[dist]
# distance from previous block
# <min> <max>
1	32

[block]
# block no. 1 follows, 71 sequences, length 34
# corresponding to MSA columns:
# 111-144
name=unknown_B
#
# <colnr> <probs for GDERKNQSTAVLIFYWHMCP>
#	G	D	E	R	K	N	Q	S	T	A	V	L	I	F	Y	W	H	M	C	P
0	0.00780	0.02414	0.29344	0.00857	0.01153	0.02264	0.07122	0.04918	0.02325	0.04220	0.02538	0.16918	0.01861	0.06763	0.04788	0.00167	0.02997	0.01557	0.00248	0.06768
1	0.02164	0.20878	0.12957	0.05258	0.08475	0.02848	0.14970	0.02635	0.04987	0.04518	0.01981	0.02978	0.01457	0.00390	0.00365	0.00107	0.01806	0.00338	0.00218	0.10670
2	0.00918	0.07664	0.17069	0.01087	0.04671	0.05647	0.25211	0.01162	0.00850	0.08798	0.00929	0.05189	0.01684	0.03897	0.08135	0.00171	0.00556	0.00401	0.00226	0.05737
3	0.00770	0.07780	0.20980	0.06073	0.01203	0.07055	0.08519	0.00999	0.02356	0.03004	0.04472	0.25201	0.04544	0.00651	0.00431	0.00128	0.02943	0.00565	0.00254	0.02072
4	0.00989	0.26443	0.16971	0.17029	0.10087	0.02422	0.02116	0.02702	0.03018	0.10846	0.00811	0.02458	0.00642	0.00398	0.00343	0.00111	0.00455	0.01413	0.00221	0.00525
5	0.00867	0.03516	0.04418	0.10058	0.14019	0.03158	0.06453	0.01930	0.01854	0.08998	0.01119	0.18676	0.01065	0.00552	0.00387	0.00115	0.00383	0.03149	0.00265	0.19018
6	0.00760	0.00495	0.00613	0.00607	0.00707	0.00491	0.00441	0.15098	0.00968	0.09015	0.04905	0.60287	0.02098	0.00988	0.00460	0.00144	0.00266	0.00879	0.00374	0.00405
7	0.02375	0.02220	0.03403	0.05427	0.17176	0.01902	0.00748	0.16061	0.03143	0.20647	0.02344	0.08229	0.02405	0.00607	0.01557	0.00134	0.00391	0.10354	0.00333	0.00543
8	0.00965	0.12689	0.03158	0.11155	0.13831	0.10424	0.11881	0.04669	0.15083	0.01240	0.05568	0.02134	0.00850	0.00435	0.00414	0.00118	0.04260	0.00371	0.00241	0.00515
9	0.01451	0.00919	0.01035	0.00811	0.01101	0.00981	0.00664	0.48012	0.14329	0.24813	0.01183	0.01106	0.00814	0.00474	0.00385	0.00118	0.00377	0.00370	0.00410	0.00645
10	0.03385	0.00837	0.00947	0.02637	0.09352	0.04004	0.00654	0.18113	0.29593	0.14681	0.01224	0.01203	0.00895	0.00463	0.00368	0.00118	0.00351	0.00376	0.10218	0.00581
11	0.00945	0.00806	0.00848	0.00764	0.00976	0.00931	0.00594	0.01995	0.80353	0.01597	0.01549	0.01430	0.01163	0.00517	0.00386	0.00129	0.00299	0.00431	0.03688	0.00598
12	0.00485	0.00355	0.00456	0.00504	0.00556	0.00326	0.00350	0.00584	0.00840	0.01128	0.23237	0.55413	0.12215	0.01068	0.00476	0.00144	0.00209	0.00956	0.00373	0.00326
13	0.00548	0.00411	0.00616	0.00616	0.00685	0.00479	0.00479	0.00685	0.00616	0.00890	0.01027	0.01506	0.00959	0.02876	0.85006	0.00616	0.01027	0.00411	0.00205	0.00342
14	0.00527	0.00389	0.00484	0.00464	0.00559	0.00353	0.00346	0.00688	0.01029	0.01423	0.64635	0.05470	0.18825	0.00825	0.00450	0.00123	0.00185	0.00721	0.02151	0.00353
15	0.89233	0.00741	0.00564	0.00504	0.00741	0.00860	0.00415	0.01127	0.00653	0.01720	0.00534	0.00623	0.00415	0.00356	0.00237	0.00119	0.00297	0.00208	0.00237	0.00415
16	0.01432	0.01827	0.01087	0.00988	0.01185	0.84986	0.00741	0.01531	0.01087	0.00938	0.00593	0.00691	0.00494	0.00395	0.00346	0.00099	0.00691	0.00247	0.00198	0.00444
17	0.00472	0.00337	0.00450	0.00539	0.00563	0.00315	0.00364	0.00541	0.00738	0.00984	0.02111	0.83899	0.02526	0.01197	0.00491	0.00156	0.00226	0.03423	0.00356	0.00313
18	0.01384	0.01032	0.01111	0.00851	0.01159	0.01121	0.00701	0.73301	0.03847	0.02289	0.00916	0.00922	0.00658	0.00446	0.00375	0.00110	0.00406	0.00337	0.00370	0.08665
19	0.00583	0.00425	0.00512	0.00500	0.00502	0.00463	0.00317	0.00600	0.00577	0.00786	0.01205	0.09917	0.01390	0.68394	0.01735	0.00327	0.10689	0.00579	0.00236	0.00262
20	0.00633	0.00460	0.00610	0.00586	0.00657	0.00514	0.00434	0.08115	0.00708	0.00988	0.01067	0.01730	0.01051	0.25731	0.54407	0.00503	0.00791	0.00445	0.00229	0.00340
21	0.00954	0.00824	0.00867	0.00780	0.00997	0.00954	0.00607	0.02037	0.83441	0.01604	0.01561	0.01431	0.01170	0.00520	0.00390	0.00130	0.00303	0.00433	0.00390	0.00607
22	0.01030	0.00861	0.00910	0.00796	0.01026	0.00989	0.00625	0.14201	0.71154	0.01726	0.01464	0.01354	0.01092	0.00511	0.00389	0.00128	0.00321	0.00420	0.00389	0.00614
23	0.00769	0.01983	0.84538	0.01093	0.01659	0.00890	0.01417	0.01214	0.00810	0.01214	0.00688	0.00810	0.00486	0.00364	0.00364	0.00121	0.00567	0.00283	0.00162	0.00567
24	0.00777	0.01935	0.81034	0.01080	0.01632	0.00893	0.01383	0.01249	0.04271	0.01231	0.00725	0.00836	0.00514	0.00371	0.00365	0.00122	0.00556	0.00290	0.00171	0.00568
25	0.00889	0.01002	0.02161	0.09246	0.02062	0.00959	0.75320	0.01206	0.00892	0.01206	0.00767	0.01033	0.00575	0.00329	0.00446	0.00129	0.00634	0.00442	0.00192	0.00509
26	0.00472	0.00385	0.00419	0.00429	0.00540	0.00332	0.00321	0.00578	0.00882	0.01091	0.12754	0.13167	0.61952	0.00980	0.00460	0.00133	0.00203	0.04210	0.00363	0.00328
27	0.00649	0.00535	0.00769	0.00717	0.00754	0.00677	0.00565	0.00735	0.00594	0.00873	0.00841	0.01318	0.00812	0.06245	0.47239	0.08480	0.27272	0.00388	0.00192	0.00345
28	0.00851	0.01756	0.67884	0.01062	0.01572	0.00889	0.04695	0.02748	0.08352	0.05399	0.00816	0.00902	0.00578	0.00384	0.00372	0.00122	0.00532	0.00310	0.00203	0.00574
29	0.00476	0.00342	0.00452	0.00525	0.00557	0.00318	0.00355	0.00557	0.00779	0.01047	0.12010	0.74632	0.04232	0.01146	0.00484	0.00151	0.00217	0.01037	0.00364	0.00318
30	0.00558	0.00372	0.00418	0.00418	0.00418	0.00372	0.00232	0.00558	0.00558	0.00743	0.01208	0.02509	0.01394	0.86525	0.01952	0.00372	0.00372	0.00558	0.00232	0.00232
31	0.05694	0.00942	0.01040	0.00811	0.01102	0.01013	0.00669	0.56773	0.04909	0.18697	0.02056	0.01097	0.00788	0.00477	0.00381	0.00118	0.00388	0.02020	0.00395	0.00629
32	0.00929	0.08677	0.01508	0.12127	0.61836	0.00961	0.01082	0.01201	0.05752	0.01209	0.00749	0.00956	0.00619	0.00356	0.00369	0.00114	0.00449	0.00335	0.00197	0.00575
33	0.00703	0.00388	0.00416	0.00412	0.00507	0.00385	0.00307	0.02037	0.03241	0.02886	0.09085	0.09340	0.04252	0.00568	0.00319	0.00102	0.00193	0.00473	0.64018	0.00369

[dist]
# distance from previous block
# <min> <max>
0	7

[block]
# block no. 2 follows, 71 sequences, length 52
# corresponding to MSA columns:
# 172-223
name=unknown_C
#
# <colnr> <probs for GDERKNQSTAVLIFYWHMCP>
#	G	D	E	R	K	N	Q	S	T	A	V	L	I	F	Y	W	H	M	C	P
0	0.10893	0.01160	0.29144	0.02836	0.02819	0.00802	0.00842	0.07149	0.13260	0.05722	0.03339	0.01992	0.00774	0.02857	0.00393	0.00119	0.00404	0.00329	0.00260	0.14906
1	0.00458	0.00389	0.00395	0.00394	0.00521	0.00326	0.00295	0.00560	0.00885	0.01063	0.08224	0.03645	0.79621	0.00961	0.00453	0.00129	0.00193	0.00803	0.00360	0.00326
2	0.00924	0.12881	0.03288	0.13516	0.58138	0.00988	0.02579	0.01147	0.00845	0.01165	0.00690	0.00911	0.00575	0.00346	0.00362	0.00112	0.00463	0.00323	0.00183	0.00564
3	0.00749	0.00713	0.01223	0.75849	0.09179	0.00861	0.04041	0.01005	0.00780	0.01011	0.00688	0.01017	0.00521	0.00378	0.00386	0.00127	0.00512	0.00345	0.00173	0.00444
4	0.00458	0.00375	0.00405	0.00426	0.00528	0.00321	0.00308	0.00550	0.00844	0.01031	0.04959	0.23905	0.62512	0.01024	0.00462	0.00136	0.00201	0.00876	0.00357	0.00321
5	0.00475	0.00389	0.00418	0.00411	0.00531	0.00333	0.00308	0.00592	0.00925	0.01156	0.23079	0.03492	0.64708	0.00926	0.00453	0.00127	0.00191	0.00781	0.00372	0.00333
6	0.00618	0.00441	0.00618	0.00706	0.00794	0.00441	0.00618	0.00794	0.00883	0.01147	0.02030	0.04325	0.02207	0.01059	0.00530	0.00177	0.00353	0.81553	0.00353	0.00353
7	0.89233	0.00741	0.00564	0.00504	0.00741	0.00860	0.00415	0.01127	0.00653	0.01720	0.00534	0.00623	0.00415	0.00356	0.00237	0.00119	0.00297	0.00208	0.00237	0.00415
8	0.00469	0.00335	0.00447	0.00533	0.00557	0.00313	0.00356	0.00539	0.00743	0.00993	0.04176	0.84172	0.02563	0.01191	0.00488	0.00155	0.00221	0.01080	0.00358	0.00313
9	0.01071	0.77228	0.01906	0.00693	0.01007	0.10882	0.00666	0.01191	0.00814	0.00906	0.00540	0.00624	0.00492	0.00336	0.00257	0.00084	0.00442	0.00210	0.00168	0.00487
10	0.00729	0.00687	0.01159	0.83769	0.04436	0.00853	0.01067	0.00984	0.00769	0.00986	0.00682	0.01021	0.00513	0.00382	0.00383	0.00127	0.00510	0.00341	0.00171	0.00430
11	0.00917	0.00972	0.00726	0.00682	0.00765	0.34031	0.00476	0.00968	0.00778	0.00842	0.00949	0.02556	0.01007	0.43464	0.04274	0.00258	0.04125	0.01661	0.00218	0.00331
12	0.01133	0.01176	0.01321	0.03436	0.27498	0.25950	0.09624	0.05473	0.15421	0.03898	0.00869	0.00977	0.00680	0.00398	0.00380	0.00114	0.00515	0.00343	0.00246	0.00548
13	0.00719	0.00624	0.00989	0.07131	0.37733	0.00634	0.00751	0.00861	0.00759	0.01052	0.01175	0.22750	0.01250	0.16735	0.04972	0.00199	0.00414	0.00574	0.00239	0.00437
14	0.00897	0.00769	0.00826	0.00757	0.00948	0.00886	0.00584	0.01845	0.72426	0.01520	0.01600	0.10937	0.01310	0.00600	0.00419	0.00134	0.02086	0.00505	0.00382	0.00570
15	0.00768	0.00647	0.00753	0.00551	0.00854	0.00495	0.00429	0.00920	0.00768	0.01193	0.00741	0.00987	0.00661	0.09959	0.00471	0.00092	0.00294	0.00264	0.00228	0.78925
16	0.00715	0.00357	0.00357	0.00357	0.00447	0.00357	0.00268	0.00893	0.00804	0.01429	0.01251	0.01429	0.00983	0.00447	0.00268	0.00089	0.00179	0.00357	0.88654	0.00357
17	0.89233	0.00741	0.00564	0.00504	0.00741	0.00860	0.00415	0.01127	0.00653	0.01720	0.00534	0.00623	0.00415	0.00356	0.00237	0.00119	0.00297	0.00208	0.00237	0.00415
18	0.00558	0.00372	0.00418	0.00418	0.00418	0.00372	0.00232	0.00558	0.00558	0.00743	0.01208	0.02509	0.01394	0.86525	0.01952	0.00372	0.00372	0.00558	0.00232	0.00232
19	0.00886	0.00417	0.00456	0.00418	0.00544	0.00405	0.00323	0.02569	0.00869	0.14477	0.01286	0.01400	0.00971	0.00451	0.00289	0.00094	0.00206	0.00362	0.73167	0.00409
20	0.00558	0.00372	0.00418	0.00418	0.00418	0.00372	0.00232	0.00558	0.00558	0.00743	0.01208	0.02509	0.01394	0.86525	0.01952	0.00372	0.00372	0.00558	0.00232	0.00232
21	0.00533	0.00392	0.00499	0.00472	0.00567	0.00358	0.00354	0.00705	0.01062	0.01483	0.75208	0.02954	0.12375	0.00804	0.00452	0.00122	0.00182	0.00706	0.00415	0.00358
22	0.00655	0.01384	0.52890	0.00833	0.01233	0.00679	0.00997	0.00975	0.00846	0.01176	0.06553	0.01845	0.27214	0.00582	0.00398	0.00124	0.00426	0.00474	0.00239	0.00477
23	0.00549	0.00404	0.00581	0.00581	0.00637	0.00460	0.00435	0.00662	0.00606	0.00864	0.01059	0.01686	0.01036	0.17833	0.70155	0.00572	0.00910	0.00437	0.00210	0.00323
24	0.00757	0.02705	0.00884	0.05291	0.11224	0.08000	0.02315	0.05024	0.02271	0.01030	0.00935	0.01358	0.00855	0.08525	0.46626	0.00407	0.00782	0.00389	0.00214	0.00407
25	0.00999	0.02913	0.09161	0.03711	0.10353	0.11126	0.00787	0.07552	0.37719	0.01414	0.01130	0.03969	0.00896	0.00486	0.00421	0.00124	0.04623	0.00388	0.01674	0.00555
26	0.00851	0.00989	0.12700	0.02144	0.01102	0.04348	0.00824	0.01011	0.00703	0.02447	0.00628	0.00912	0.00563	0.00533	0.00836	0.00133	0.46823	0.02224	0.00191	0.20039
27	0.00963	0.06778	0.18044	0.02493	0.03759	0.02268	0.30241	0.09555	0.01003	0.07923	0.10195	0.02000	0.02127	0.00429	0.00404	0.00121	0.00497	0.00416	0.00256	0.00528
28	0.13244	0.44393	0.26843	0.00786	0.01157	0.01217	0.00863	0.01153	0.00760	0.01112	0.00579	0.00687	0.00480	0.00361	0.00335	0.00104	0.05015	0.00236	0.00174	0.00500
29	0.01566	0.00673	0.00862	0.00672	0.00945	0.00622	0.00551	0.11708	0.02188	0.63979	0.01411	0.01273	0.00919	0.00470	0.00372	0.00115	0.00321	0.00378	0.10355	0.00619
30	0.00506	0.00385	0.00538	0.11366	0.00821	0.00385	0.00444	0.00607	0.00774	0.01028	0.08794	0.64730	0.06080	0.01052	0.00471	0.00148	0.00255	0.00949	0.00338	0.00331
31	0.02513	0.30476	0.03161	0.00971	0.10391	0.29818	0.00740	0.01406	0.00948	0.15137	0.00744	0.00800	0.00582	0.00379	0.00321	0.00099	0.00499	0.00267	0.00232	0.00516
32	0.01336	0.00604	0.00737	0.00594	0.00820	0.00572	0.00482	0.11912	0.01085	0.44934	0.01345	0.01299	0.00923	0.00463	0.00344	0.00108	0.00287	0.00371	0.31234	0.00549
33	0.00577	0.00397	0.00526	0.00586	0.00659	0.00386	0.00471	0.00726	0.00866	0.01191	0.13623	0.23729	0.04285	0.00984	0.00478	0.00153	0.00274	0.39474	0.10270	0.00344
34	0.00861	0.00810	0.01363	0.17832	0.59401	0.00838	0.01064	0.01089	0.00877	0.01233	0.10049	0.01178	0.00927	0.00399	0.00388	0.00117	0.00435	0.00381	0.00212	0.00546
35	0.00681	0.00433	0.00622	0.00599	0.00684	0.00475	0.00458	0.00801	0.00663	0.10241	0.01104	0.01610	0.01012	0.13165	0.65028	0.00530	0.00866	0.00427	0.00239	0.00363
36	0.00615	0.00456	0.00526	0.00523	0.00631	0.00434	0.00383	0.09845	0.02155	0.03061	0.10420	0.35894	0.31677	0.00969	0.00457	0.00137	0.00234	0.00842	0.00369	0.00371
37	0.30818	0.00934	0.01026	0.00890	0.06525	0.05530	0.06684	0.27666	0.02448	0.11094	0.00818	0.00868	0.00595	0.00411	0.00355	0.00118	0.02068	0.00307	0.00304	0.00543
38	0.49473	0.11034	0.05298	0.02898	0.06124	0.12994	0.00619	0.03974	0.00801	0.02946	0.00596	0.00694	0.00471	0.00364	0.00281	0.00111	0.00401	0.00236	0.00224	0.00461
39	0.00916	0.00781	0.00839	0.00772	0.00974	0.00896	0.00608	0.01898	0.74178	0.01553	0.01613	0.01755	0.01287	0.00581	0.00406	0.00135	0.00309	0.09534	0.00386	0.00578
40	0.00901	0.00836	0.01315	0.01886	0.61059	0.02548	0.01003	0.05074	0.00918	0.01267	0.01115	0.01535	0.06942	0.00530	0.02227	0.00133	0.00440	0.09487	0.00230	0.00551
41	0.00466	0.00340	0.00439	0.00518	0.00552	0.00313	0.00349	0.00536	0.00750	0.00985	0.02312	0.77010	0.11673	0.01175	0.00485	0.00153	0.00219	0.01058	0.00356	0.00313
42	0.01016	0.83676	0.05007	0.00672	0.01009	0.01494	0.00684	0.01151	0.00780	0.00913	0.00539	0.00622	0.00492	0.00329	0.00250	0.00083	0.00416	0.00208	0.00164	0.00495
43	0.14673	0.23336	0.42397	0.00870	0.01299	0.01074	0.01001	0.09024	0.00873	0.01329	0.00647	0.00741	0.00492	0.00363	0.00316	0.00110	0.00471	0.00257	0.00195	0.00532
44	0.00764	0.00746	0.01332	0.68442	0.07880	0.00872	0.12468	0.01027	0.00793	0.01032	0.00697	0.01019	0.00527	0.00372	0.00393	0.00127	0.00526	0.00356	0.00175	0.00451
45	0.00810	0.00727	0.02434	0.00650	0.02027	0.08041	0.00507	0.17832	0.03563	0.01429	0.18320	0.06742	0.30481	0.00742	0.00458	0.00125	0.03727	0.00607	0.00348	0.00431
46	0.00470	0.00384	0.00415	0.00418	0.00531	0.00329	0.00309	0.00579	0.00899	0.01118	0.17685	0.10788	0.62825	0.00959	0.00456	0.00130	0.00194	0.00814	0.00368	0.00329
47	0.00857	0.00805	0.06503	0.42523	0.01817	0.00858	0.00870	0.11099	0.18108	0.01264	0.00893	0.01097	0.00681	0.00526	0.00509	0.10080	0.00441	0.00356	0.00241	0.00471
48	0.00754	0.00522	0.00572	0.00527	0.00684	0.00518	0.00405	0.01129	0.22056	0.09672	0.11651	0.03586	0.33067	0.00717	0.00406	0.00122	0.00232	0.00600	0.12342	0.00438
49	0.01025	0.86756	0.02009	0.00656	0.00984	0.01517	0.00656	0.01148	0.00779	0.00902	0.00533	0.00615	0.00492	0.00328	0.00246	0.00082	0.00410	0.00205	0.00164	0.00492
50	0.00483	0.00349	0.00461	0.00545	0.00581	0.00327	0.00382	0.00564	0.00758	0.01001	0.02199	0.72630	0.06888	0.01173	0.00492	0.00157	0.00236	0.10102	0.00356	0.00317
51	0.01025	0.86756	0.02009	0.00656	0.00984	0.01517	0.00656	0.01148	0.00779	0.00902	0.00533	0.00615	0.00492	0.00328	0.00246	0.00082	0.00410	0.00205	0.00164	0.00492

[dist]
# distance from previous block
# <min> <max>
0	1

[block]
# block no. 3 follows, 71 sequences, length 29
# corresponding to MSA columns:
# 225-253
name=unknown_D
#
# <colnr> <probs for GDERKNQSTAVLIFYWHMCP>
#	G	D	E	R	K	N	Q	S	T	A	V	L	I	F	Y	W	H	M	C	P
0	0.00752	0.00709	0.05066	0.00622	0.00923	0.00534	0.01837	0.00928	0.00773	0.01190	0.00800	0.06021	0.00719	0.00603	0.08559	0.00124	0.01824	0.00305	0.00228	0.67482
1	0.89233	0.00741	0.00564	0.00504	0.00741	0.00860	0.00415	0.01127	0.00653	0.01720	0.00534	0.00623	0.00415	0.00356	0.00237	0.00119	0.00297	0.00208	0.00237	0.00415
2	0.00556	0.00379	0.00453	0.00453	0.00465	0.00391	0.00276	0.00580	0.00568	0.00769	0.01176	0.02332	0.01317	0.71752	0.16620	0.00415	0.00487	0.00532	0.00228	0.00252
3	0.00852	0.01069	0.20967	0.21036	0.15185	0.00865	0.08069	0.02302	0.15825	0.03626	0.01010	0.03793	0.02827	0.00436	0.00391	0.00125	0.00466	0.00390	0.00235	0.00533
4	0.00836	0.16238	0.68522	0.01009	0.01529	0.00988	0.01267	0.01220	0.00812	0.03257	0.00683	0.00789	0.00498	0.00361	0.00345	0.00115	0.00534	0.00273	0.00170	0.00556
5	0.85503	0.00788	0.00586	0.00525	0.00760	0.04435	0.00429	0.01144	0.00671	0.01687	0.00536	0.00626	0.00419	0.00358	0.00242	0.00118	0.00313	0.00209	0.00236	0.00416
6	0.00724	0.00681	0.01150	0.85604	0.02641	0.00852	0.01065	0.00980	0.00767	0.00980	0.00681	0.01022	0.00511	0.00383	0.00383	0.00128	0.00511	0.00341	0.00170	0.00426
7	0.00905	0.01034	0.02262	0.01616	0.02004	0.00970	0.82741	0.01228	0.00905	0.01228	0.00776	0.01034	0.00582	0.00323	0.00452	0.00129	0.00646	0.00452	0.00194	0.00517
8	0.00564	0.00383	0.00504	0.00504	0.00531	0.00410	0.00339	0.00602	0.00575	0.00794	0.01084	0.01984	0.01152	0.45301	0.34612	0.09072	0.00626	0.00478	0.00215	0.00269
9	0.89233	0.00741	0.00564	0.00504	0.00741	0.00860	0.00415	0.01127	0.00653	0.01720	0.00534	0.00623	0.00415	0.00356	0.00237	0.00119	0.00297	0.00208	0.00237	0.00415
10	0.00724	0.00681	0.01150	0.85604	0.02641	0.00852	0.01065	0.00980	0.00767	0.00980	0.00681	0.01022	0.00511	0.00383	0.00383	0.00128	0.00511	0.00341	0.00170	0.00426
11	0.89233	0.00741	0.00564	0.00504	0.00741	0.00860	0.00415	0.01127	0.00653	0.01720	0.00534	0.00623	0.00415	0.00356	0.00237	0.00119	0.00297	0.00208	0.00237	0.00415
12	0.00847	0.00746	0.01194	0.16454	0.45469	0.00762	0.00917	0.02166	0.00848	0.03957	0.03811	0.01393	0.07158	0.08797	0.00538	0.00141	0.00417	0.00407	0.00225	0.03752
13	0.01274	0.00917	0.01022	0.00823	0.01051	0.04142	0.00669	0.47055	0.03016	0.11985	0.00974	0.01095	0.00744	0.04522	0.09845	0.00187	0.09408	0.00364	0.00339	0.00567
14	0.89233	0.00741	0.00564	0.00504	0.00741	0.00860	0.00415	0.01127	0.00653	0.01720	0.00534	0.00623	0.00415	0.00356	0.00237	0.00119	0.00297	0.00208	0.00237	0.00415
15	0.89233	0.00741	0.00564	0.00504	0.00741	0.00860	0.00415	0.01127	0.00653	0.01720	0.00534	0.00623	0.00415	0.00356	0.00237	0.00119	0.00297	0.00208	0.00237	0.00415
16	0.00959	0.01038	0.02154	0.01545	0.01925	0.00991	0.74765	0.09166	0.00992	0.01344	0.00790	0.01023	0.00589	0.00337	0.00446	0.00128	0.00625	0.00442	0.00212	0.00530
17	0.00800	0.00448	0.00589	0.00529	0.00655	0.00409	0.00404	0.00956	0.01028	0.19212	0.54621	0.02559	0.02767	0.09068	0.00587	0.00147	0.00238	0.04160	0.00412	0.00411
18	0.04341	0.00818	0.01182	0.44498	0.14991	0.00936	0.00953	0.21830	0.01055	0.04602	0.00775	0.00981	0.00575	0.00399	0.00377	0.00122	0.00465	0.00339	0.00242	0.00520
19	0.01062	0.56241	0.01966	0.00907	0.01247	0.01283	0.21849	0.01239	0.00843	0.09106	0.00691	0.00790	0.00560	0.00341	0.00313	0.00098	0.00463	0.00286	0.00202	0.00514
20	0.00797	0.13887	0.69812	0.01014	0.01528	0.00964	0.01275	0.01185	0.00798	0.01158	0.00679	0.00808	0.00504	0.00451	0.03455	0.00134	0.00561	0.00277	0.00164	0.00548
21	0.03665	0.00489	0.00697	0.00658	0.00766	0.00517	0.03895	0.00849	0.00747	0.10269	0.01499	0.10888	0.07263	0.06214	0.33637	0.00343	0.04942	0.11998	0.00283	0.00381
22	0.00909	0.00698	0.01119	0.60527	0.08126	0.00808	0.00968	0.03990	0.00865	0.13433	0.00872	0.01192	0.00658	0.00425	0.00389	0.00127	0.00470	0.03714	0.00232	0.00478
23	0.00894	0.13761	0.21870	0.01051	0.09299	0.00869	0.14225	0.03991	0.02449	0.07489	0.01024	0.04967	0.03968	0.11808	0.00584	0.00151	0.00462	0.00410	0.00231	0.00497
24	0.01019	0.30073	0.32891	0.09100	0.01408	0.04534	0.00973	0.01279	0.00849	0.13417	0.00754	0.00834	0.00559	0.00372	0.00329	0.00107	0.00478	0.00276	0.00211	0.00536
25	0.19364	0.00577	0.00604	0.00575	0.00683	0.06321	0.00433	0.00855	0.00679	0.04251	0.04082	0.01490	0.00988	0.17768	0.37335	0.02364	0.00652	0.00392	0.00234	0.00353
26	0.11040	0.58487	0.01610	0.08892	0.01094	0.01258	0.00644	0.01160	0.00779	0.07353	0.00650	0.00787	0.00557	0.03921	0.00340	0.00105	0.00399	0.00247	0.00199	0.00478
27	0.01011	0.00877	0.12843	0.04444	0.01095	0.03836	0.03527	0.04532	0.00945	0.20537	0.11586	0.01306	0.01085	0.05749	0.00460	0.00118	0.00370	0.00371	0.00302	0.25006
28	0.54943	0.03217	0.00843	0.15384	0.01181	0.00908	0.03326	0.10572	0.00834	0.04768	0.00649	0.00766	0.00487	0.00375	0.00293	0.00119	0.00364	0.00261	0.00248	0.00459

[dist]
# distance from previous block
# <min> <max>
0	7

[block]
# block no. 4 follows, 71 sequences, length 9
# corresponding to MSA columns:
# 261-269
name=unknown_E
#
# <colnr> <probs for GDERKNQSTAVLIFYWHMCP>
#	G	D	E	R	K	N	Q	S	T	A	V	L	I	F	Y	W	H	M	C	P
0	0.83422	0.00738	0.00602	0.06092	0.00866	0.00860	0.00458	0.01117	0.00660	0.01672	0.00544	0.00649	0.00422	0.00358	0.00247	0.00119	0.00311	0.00216	0.00233	0.00416
1	0.79389	0.00789	0.00626	0.06025	0.00885	0.04812	0.00473	0.01137	0.00680	0.01636	0.00546	0.00652	0.00425	0.00360	0.00252	0.00118	0.00329	0.00218	0.00231	0.00417
2	0.00575	0.00387	0.00504	0.00502	0.00535	0.00400	0.00339	0.00593	0.00609	0.00832	0.03684	0.09216	0.04754	0.34982	0.19597	0.17252	0.02200	0.00531	0.00234	0.02274
3	0.47207	0.00732	0.00790	0.16078	0.01168	0.02688	0.03137	0.02999	0.03246	0.08484	0.00743	0.00890	0.00569	0.00638	0.09042	0.00172	0.00436	0.00286	0.00248	0.00445
4	0.19793	0.06230	0.00948	0.22512	0.06061	0.00819	0.00692	0.01057	0.02735	0.07623	0.09922	0.02988	0.05127	0.00546	0.01909	0.00134	0.09820	0.00387	0.00255	0.00443
5	0.10427	0.00784	0.00977	0.14889	0.03186	0.05929	0.05915	0.07965	0.00945	0.17709	0.01018	0.05749	0.02255	0.00452	0.00361	0.00110	0.00392	0.02259	0.00288	0.18392
6	0.08416	0.00559	0.03365	0.05840	0.06819	0.01976	0.00508	0.00803	0.00773	0.04887	0.09130	0.20657	0.08689	0.17072	0.01853	0.01815	0.01855	0.04324	0.00292	0.00367
7	0.06453	0.05255	0.08174	0.16537	0.08869	0.03623	0.23036	0.02824	0.00902	0.14277	0.03375	0.03372	0.00750	0.00408	0.00388	0.00122	0.00486	0.00387	0.00247	0.00516
8	0.18570	0.10169	0.12312	0.16820	0.04258	0.05073	0.04486	0.02827	0.00821	0.07113	0.00802	0.04601	0.00670	0.02083	0.00370	0.00120	0.00430	0.02054	0.00228	0.06195

[dist]
# distance from previous block
# <min> <max>
2	116

# created by:
# /home/cegg/simao/soft/augustus-3.2.1/scripts/msa2prfl.pl ./align_prep/EOG092C4JSY.fa
