[name]
unknown

[dist]
# distance from previous block
# <min> <max>
0	70

[block]
# block no. 0 follows, 65 sequences, length 12
# corresponding to MSA columns:
# 71-82
name=unknown_A
#
# <colnr> <probs for GDERKNQSTAVLIFYWHMCP>
#	G	D	E	R	K	N	Q	S	T	A	V	L	I	F	Y	W	H	M	C	P
0	0.00967	0.06044	0.20443	0.03649	0.06928	0.01715	0.05094	0.03562	0.10225	0.08703	0.02485	0.05477	0.03466	0.00510	0.00400	0.00121	0.00434	0.04255	0.00285	0.15235
1	0.03970	0.02137	0.03045	0.00815	0.01053	0.05296	0.08031	0.08414	0.10062	0.14840	0.02525	0.04085	0.01022	0.15098	0.02400	0.00179	0.04039	0.00438	0.00319	0.12229
2	0.00893	0.00836	0.08660	0.00845	0.01026	0.00795	0.03337	0.07794	0.02509	0.07639	0.03763	0.19797	0.05747	0.00755	0.00679	0.00146	0.22219	0.03104	0.00305	0.09151
3	0.00938	0.04002	0.01294	0.16650	0.03205	0.03657	0.17247	0.05198	0.06324	0.05835	0.12912	0.03325	0.02096	0.00581	0.03090	0.00141	0.02139	0.00457	0.00287	0.10622
4	0.01218	0.11421	0.07632	0.02068	0.10271	0.07457	0.07414	0.15200	0.04641	0.14208	0.01095	0.04904	0.02949	0.00484	0.00414	0.00121	0.02189	0.00399	0.00305	0.05610
5	0.00619	0.00421	0.00543	0.00570	0.00647	0.00399	0.00406	0.00779	0.04402	0.05748	0.23550	0.47415	0.08000	0.01136	0.03208	0.00168	0.00262	0.00940	0.00403	0.00383
6	0.02282	0.00572	0.00758	0.00681	0.00827	0.00580	0.02006	0.02874	0.03141	0.20572	0.06019	0.19755	0.13484	0.01107	0.09970	0.02957	0.08642	0.01523	0.00365	0.01887
7	0.01099	0.22097	0.39684	0.01021	0.03357	0.03693	0.02911	0.03600	0.00941	0.13821	0.00832	0.00907	0.00609	0.00412	0.00397	0.00120	0.03361	0.00308	0.00235	0.00594
8	0.00872	0.03177	0.11297	0.09115	0.06327	0.00855	0.26803	0.02980	0.05258	0.03566	0.05045	0.13411	0.01139	0.00653	0.03587	0.00157	0.01898	0.01326	0.00263	0.02272
9	0.01005	0.00851	0.00809	0.01860	0.00916	0.17419	0.00571	0.12119	0.01058	0.08754	0.04955	0.35015	0.01687	0.03413	0.03657	0.00169	0.03166	0.01777	0.00346	0.00453
10	0.01164	0.33814	0.10185	0.00881	0.01212	0.07887	0.04680	0.19920	0.03349	0.03265	0.00867	0.05119	0.00736	0.00585	0.04511	0.00139	0.00514	0.00349	0.00261	0.00562
11	0.00682	0.00522	0.00594	0.00567	0.00703	0.01994	0.00435	0.04720	0.05626	0.04738	0.09347	0.06386	0.37783	0.03368	0.18091	0.00255	0.00439	0.02988	0.00356	0.00404

[dist]
# distance from previous block
# <min> <max>
0	2

[block]
# block no. 1 follows, 65 sequences, length 11
# corresponding to MSA columns:
# 85-95
name=unknown_B
#
# <colnr> <probs for GDERKNQSTAVLIFYWHMCP>
#	G	D	E	R	K	N	Q	S	T	A	V	L	I	F	Y	W	H	M	C	P
0	0.05005	0.06088	0.02047	0.00883	0.10792	0.00715	0.02913	0.04257	0.07829	0.08043	0.16527	0.06897	0.17188	0.03638	0.00523	0.00143	0.03189	0.02488	0.00349	0.00484
1	0.08735	0.02573	0.03420	0.05931	0.01131	0.00745	0.02109	0.02913	0.00867	0.06476	0.03556	0.00969	0.00716	0.00406	0.00450	0.00097	0.10358	0.00299	0.00256	0.47991
2	0.01015	0.00889	0.01309	0.14530	0.32599	0.00990	0.00983	0.17604	0.01055	0.01460	0.00927	0.08570	0.00839	0.03225	0.00600	0.00145	0.11998	0.00444	0.00257	0.00561
3	0.03302	0.02864	0.01066	0.04944	0.06168	0.05280	0.00681	0.17881	0.06849	0.01577	0.00829	0.00937	0.00658	0.00402	0.00404	0.00098	0.05040	0.00305	0.00278	0.40436
4	0.00597	0.00397	0.00474	0.00480	0.00488	0.00403	0.00287	0.00605	0.00610	0.00820	0.01296	0.07054	0.01472	0.68394	0.09795	0.05263	0.00454	0.00600	0.00249	0.00261
5	0.00945	0.00902	0.01537	0.26856	0.59234	0.00957	0.01224	0.01197	0.00901	0.01254	0.00760	0.01039	0.00620	0.00379	0.00408	0.00126	0.00505	0.00365	0.00197	0.00593
6	0.01286	0.05133	0.01408	0.13274	0.07993	0.36283	0.10372	0.14227	0.03728	0.01347	0.00768	0.00917	0.00602	0.00420	0.00395	0.00118	0.00615	0.00334	0.00243	0.00539
7	0.01170	0.04624	0.01015	0.00741	0.01052	0.09242	0.01922	0.05072	0.03579	0.18237	0.03386	0.01044	0.00800	0.00411	0.00391	0.00094	0.03871	0.00316	0.00308	0.42723
8	0.06364	0.03330	0.04085	0.01078	0.06348	0.15719	0.07605	0.13719	0.09689	0.03577	0.00841	0.00963	0.00664	0.00472	0.00544	0.00126	0.14729	0.00342	0.00269	0.09539
9	0.00743	0.00568	0.00706	0.03523	0.00784	0.07454	0.02895	0.00738	0.00678	0.00871	0.01064	0.04582	0.04526	0.07669	0.18717	0.38792	0.03227	0.01951	0.00216	0.00294
10	0.00958	0.00875	0.01407	0.19336	0.42589	0.00925	0.03965	0.04451	0.05410	0.02853	0.04116	0.01230	0.03321	0.00442	0.00445	0.00127	0.03339	0.00402	0.00240	0.03569

[dist]
# distance from previous block
# <min> <max>
1	13

[block]
# block no. 2 follows, 65 sequences, length 21
# corresponding to MSA columns:
# 109-129
name=unknown_C
#
# <colnr> <probs for GDERKNQSTAVLIFYWHMCP>
#	G	D	E	R	K	N	Q	S	T	A	V	L	I	F	Y	W	H	M	C	P
0	0.04022	0.01000	0.01282	0.01044	0.03251	0.10325	0.17083	0.10109	0.13477	0.12744	0.02012	0.03817	0.00885	0.01719	0.02856	0.00146	0.05603	0.00420	0.00315	0.07892
1	0.05932	0.00798	0.01219	0.68771	0.07422	0.02936	0.01081	0.04929	0.00882	0.01185	0.00733	0.01051	0.00554	0.00410	0.00400	0.00134	0.00530	0.00354	0.00199	0.00479
2	0.00756	0.00696	0.01153	0.75698	0.02584	0.00857	0.01052	0.01010	0.00824	0.01063	0.04677	0.01281	0.00761	0.05370	0.00511	0.00152	0.00522	0.00396	0.00199	0.00441
3	0.01223	0.01373	0.01108	0.05039	0.05950	0.44295	0.00786	0.01403	0.05325	0.03668	0.03333	0.01061	0.00766	0.03214	0.07544	0.00177	0.12680	0.00343	0.00235	0.00479
4	0.00995	0.00954	0.01629	0.09602	0.76094	0.00970	0.01249	0.01242	0.00925	0.01316	0.00768	0.01023	0.00641	0.00370	0.00407	0.00123	0.00493	0.00366	0.00201	0.00633
5	0.01372	0.01469	0.01067	0.00923	0.01171	0.47314	0.00710	0.11451	0.10042	0.05403	0.01002	0.01041	0.04214	0.00463	0.00380	0.00109	0.00567	0.00330	0.00284	0.10687
6	0.00929	0.00570	0.00692	0.00640	0.00796	0.00559	0.00487	0.10380	0.06906	0.16918	0.08017	0.29734	0.13691	0.00987	0.04070	0.00166	0.00321	0.01741	0.01921	0.00476
7	0.00961	0.00919	0.01567	0.21244	0.64718	0.00961	0.01232	0.01212	0.00909	0.01274	0.00762	0.01034	0.00627	0.00376	0.00407	0.00125	0.00501	0.00366	0.00198	0.00606
8	0.01068	0.01068	0.02040	0.01494	0.01867	0.03706	0.60289	0.01510	0.12889	0.08215	0.01013	0.01182	0.00745	0.00393	0.00465	0.00137	0.00611	0.00468	0.00264	0.00577
9	0.00524	0.00400	0.00483	0.00517	0.00603	0.00360	0.00378	0.00641	0.00932	0.01211	0.20122	0.32632	0.31767	0.01091	0.00505	0.00150	0.00228	0.06708	0.00396	0.00353
10	0.00542	0.00409	0.00497	0.00545	0.00617	0.00380	0.00386	0.02331	0.02326	0.01157	0.08785	0.49652	0.23654	0.02612	0.00536	0.00160	0.00242	0.04430	0.00385	0.00355
11	0.17591	0.00851	0.00965	0.00784	0.01064	0.00896	0.02973	0.23010	0.12843	0.25044	0.02329	0.01416	0.03875	0.00533	0.00396	0.00131	0.00372	0.03914	0.00402	0.00610
12	0.00954	0.38859	0.17517	0.00847	0.01188	0.01128	0.06848	0.03489	0.00887	0.04529	0.01072	0.11785	0.04412	0.00638	0.04046	0.00140	0.00481	0.00427	0.00235	0.00517
13	0.01048	0.01686	0.56719	0.01034	0.01531	0.01915	0.01221	0.04528	0.03695	0.17033	0.03229	0.02822	0.00784	0.00454	0.00401	0.00130	0.00525	0.00362	0.00267	0.00616
14	0.01006	0.00820	0.01146	0.25558	0.03443	0.04334	0.09074	0.15753	0.04059	0.07280	0.04470	0.08403	0.06315	0.00619	0.00493	0.04287	0.00456	0.01675	0.00303	0.00505
15	0.00901	0.04056	0.22821	0.28176	0.25841	0.00950	0.04769	0.01209	0.00882	0.03465	0.00802	0.02884	0.00634	0.00409	0.00405	0.00129	0.00536	0.00369	0.00200	0.00563
16	0.00892	0.00729	0.01186	0.45540	0.18139	0.00828	0.00999	0.01146	0.02666	0.08657	0.00950	0.04887	0.00776	0.00756	0.09936	0.00194	0.00562	0.00415	0.00235	0.00505
17	0.00782	0.01102	0.30269	0.00847	0.01147	0.00682	0.03690	0.03224	0.00901	0.07262	0.03562	0.17911	0.15918	0.00894	0.06065	0.00176	0.04179	0.00609	0.00293	0.00487
18	0.06350	0.02837	0.01214	0.06347	0.11424	0.11321	0.09137	0.04015	0.08604	0.24996	0.02336	0.05279	0.00967	0.00510	0.00413	0.00129	0.00458	0.02746	0.00337	0.00580
19	0.10515	0.03053	0.01131	0.03359	0.03512	0.08391	0.05234	0.28792	0.08647	0.09871	0.02412	0.07030	0.00913	0.00526	0.00419	0.00127	0.02317	0.00419	0.00346	0.02987
20	0.12212	0.00912	0.08219	0.01016	0.12375	0.03519	0.04210	0.09161	0.08301	0.10027	0.17814	0.05703	0.03659	0.00575	0.00413	0.00130	0.00381	0.00487	0.00343	0.00542

[dist]
# distance from previous block
# <min> <max>
1	100

[block]
# block no. 3 follows, 65 sequences, length 19
# corresponding to MSA columns:
# 254-272
name=unknown_D
#
# <colnr> <probs for GDERKNQSTAVLIFYWHMCP>
#	G	D	E	R	K	N	Q	S	T	A	V	L	I	F	Y	W	H	M	C	P
0	0.10077	0.03455	0.02128	0.05321	0.04090	0.03783	0.03851	0.09095	0.03812	0.11371	0.04445	0.14592	0.05813	0.02562	0.00439	0.00129	0.00368	0.00512	0.00326	0.13832
1	0.09574	0.09827	0.03597	0.03597	0.10439	0.08103	0.00721	0.12370	0.05202	0.07690	0.02672	0.07012	0.00925	0.01506	0.00394	0.00119	0.00416	0.02509	0.00296	0.13032
2	0.20935	0.05778	0.09021	0.09018	0.04812	0.00797	0.01939	0.02762	0.01718	0.11173	0.08465	0.01470	0.05374	0.04424	0.02645	0.00151	0.01409	0.02346	0.00292	0.05472
3	0.00997	0.18040	0.10484	0.00789	0.01116	0.08395	0.00722	0.05916	0.07475	0.01326	0.03931	0.01114	0.00827	0.00436	0.00383	0.00100	0.03518	0.03714	0.00254	0.30462
4	0.05324	0.02095	0.01048	0.07609	0.09060	0.04552	0.05786	0.08528	0.13757	0.11394	0.09862	0.06480	0.06126	0.00720	0.04656	0.00159	0.00430	0.01533	0.00343	0.00537
5	0.00909	0.02719	0.00764	0.00620	0.00840	0.03266	0.00484	0.01169	0.09201	0.13606	0.21878	0.08872	0.10344	0.00657	0.00415	0.00115	0.00287	0.00557	0.00375	0.22920
6	0.01129	0.01016	0.00984	0.00869	0.01109	0.09191	0.00678	0.10660	0.65679	0.01741	0.01495	0.01395	0.01122	0.00537	0.00412	0.00134	0.00379	0.00434	0.00397	0.00638
7	0.00610	0.00463	0.00680	0.00669	0.00732	0.00547	0.00516	0.00735	0.00651	0.00939	0.01065	0.01621	0.01015	0.07682	0.71771	0.03172	0.06114	0.00442	0.00218	0.00359
8	0.02235	0.00668	0.00738	0.00685	0.00816	0.02610	0.00512	0.05930	0.24881	0.06078	0.02834	0.05277	0.02647	0.28459	0.02172	0.00236	0.03040	0.09382	0.00344	0.00457
9	0.01420	0.01507	0.01118	0.00969	0.01213	0.44922	0.00750	0.23213	0.15112	0.01554	0.01019	0.01045	0.03378	0.00485	0.00393	0.00117	0.00575	0.00346	0.00306	0.00561
10	0.00531	0.00434	0.00475	0.00453	0.00593	0.00368	0.00342	0.00663	0.00991	0.01264	0.24884	0.03544	0.57304	0.00946	0.00475	0.00132	0.00209	0.00799	0.00392	0.05199
11	0.01012	0.09970	0.47129	0.01098	0.01571	0.06708	0.08424	0.03602	0.06478	0.06934	0.00886	0.01031	0.00662	0.00424	0.00393	0.00127	0.00561	0.02170	0.00230	0.00592
12	0.01688	0.00826	0.01010	0.00779	0.01088	0.00807	0.00642	0.27717	0.01401	0.52422	0.01398	0.01272	0.00915	0.00501	0.00405	0.00124	0.00373	0.00397	0.05554	0.00680
13	0.01212	0.00718	0.00890	0.00662	0.00998	0.00585	0.00537	0.03457	0.00987	0.30555	0.01068	0.01080	0.00773	0.00493	0.03710	0.00110	0.00356	0.00315	0.00341	0.51155
14	0.00851	0.00730	0.00851	0.00608	0.00973	0.00547	0.00486	0.01034	0.00851	0.01338	0.00730	0.00851	0.00608	0.00304	0.00304	0.00061	0.00304	0.00243	0.00243	0.88083
15	0.01541	0.01140	0.01221	0.00941	0.01266	0.01264	0.00776	0.78789	0.04817	0.02556	0.01010	0.01005	0.00718	0.00495	0.00411	0.00124	0.00447	0.00373	0.00411	0.00696
16	0.00556	0.00420	0.00560	0.00619	0.01926	0.00399	0.01993	0.00697	0.04122	0.01154	0.11412	0.57357	0.08807	0.04321	0.00570	0.00167	0.00258	0.03920	0.00379	0.00361
17	0.00934	0.00660	0.00990	0.08397	0.20463	0.00687	0.00742	0.02013	0.00889	0.14965	0.03826	0.20915	0.05232	0.03043	0.04134	0.02797	0.07908	0.00603	0.00311	0.00492
18	0.00869	0.00745	0.00910	0.02981	0.01032	0.00646	0.00557	0.01041	0.00833	0.02795	0.02153	0.00913	0.00662	0.00373	0.00446	0.00080	0.11122	0.00273	0.00242	0.71326

[dist]
# distance from previous block
# <min> <max>
1	3

[block]
# block no. 4 follows, 65 sequences, length 29
# corresponding to MSA columns:
# 276-304
name=unknown_E
#
# <colnr> <probs for GDERKNQSTAVLIFYWHMCP>
#	G	D	E	R	K	N	Q	S	T	A	V	L	I	F	Y	W	H	M	C	P
0	0.02715	0.00959	0.01535	0.06602	0.66269	0.02851	0.01165	0.02991	0.01919	0.04135	0.00842	0.01123	0.00704	0.00406	0.00423	0.00126	0.01826	0.02560	0.00225	0.00624
1	0.00958	0.00891	0.01441	0.20604	0.41362	0.01021	0.01119	0.01166	0.00838	0.03784	0.00730	0.01016	0.00610	0.00471	0.00648	0.00140	0.22077	0.00365	0.00202	0.00556
2	0.00599	0.00432	0.00647	0.00647	0.00714	0.00498	0.00498	0.00714	0.00647	0.00929	0.01062	0.01577	0.00995	0.02916	0.75860	0.09243	0.01027	0.00432	0.00216	0.00348
3	0.00765	0.00383	0.00383	0.00383	0.00478	0.00383	0.00287	0.00956	0.00861	0.01530	0.01339	0.01530	0.01052	0.00478	0.00287	0.00096	0.00191	0.00383	0.87853	0.00383
4	0.01097	0.85821	0.02151	0.00702	0.01054	0.01624	0.00702	0.01229	0.00834	0.00966	0.00571	0.00658	0.00527	0.00351	0.00263	0.00088	0.00439	0.00219	0.00176	0.00527
5	0.00506	0.00413	0.00447	0.00445	0.00569	0.00354	0.00331	0.00627	0.00975	0.01218	0.20483	0.08106	0.62076	0.01011	0.00487	0.00138	0.00207	0.00856	0.00396	0.00354
6	0.01021	0.00882	0.00928	0.00835	0.01067	0.01021	0.00650	0.02181	0.82272	0.01717	0.01671	0.01532	0.01253	0.00557	0.00418	0.00139	0.00325	0.00464	0.00418	0.00650
7	0.88473	0.00794	0.00603	0.00540	0.00794	0.00921	0.00445	0.01207	0.00699	0.01842	0.00572	0.00667	0.00445	0.00381	0.00254	0.00127	0.00318	0.00222	0.00254	0.00445
8	0.00500	0.00357	0.00476	0.00572	0.00595	0.00333	0.00381	0.00572	0.00786	0.01048	0.02262	0.85306	0.02715	0.01286	0.00524	0.00167	0.00238	0.01167	0.00381	0.00333
9	0.00896	0.01019	0.15759	0.05196	0.12321	0.00768	0.02565	0.04766	0.00931	0.03195	0.06082	0.01148	0.03253	0.00428	0.00430	0.00105	0.05556	0.00349	0.00249	0.34985
10	0.26833	0.00740	0.00850	0.00683	0.00976	0.00726	0.00561	0.01784	0.06968	0.53777	0.01320	0.01196	0.00868	0.00475	0.00367	0.00128	0.00338	0.00361	0.00428	0.00622
11	0.01025	0.00952	0.01082	0.03393	0.17289	0.11349	0.00729	0.08210	0.03337	0.02405	0.00864	0.04618	0.00747	0.01811	0.01820	0.00112	0.02201	0.00344	0.00257	0.37453
12	0.00586	0.00440	0.00660	0.00660	0.00733	0.00513	0.00513	0.00733	0.00660	0.00953	0.01100	0.01613	0.01026	0.03079	0.83947	0.00660	0.01100	0.00440	0.00220	0.00367
13	0.00918	0.00822	0.01092	0.08448	0.24917	0.01868	0.00817	0.01537	0.36035	0.01467	0.07847	0.05106	0.04722	0.02032	0.00455	0.00138	0.00378	0.00495	0.00329	0.00577
14	0.01248	0.56207	0.01792	0.00768	0.01099	0.05113	0.00709	0.20368	0.01123	0.04696	0.00736	0.00794	0.00602	0.00398	0.00310	0.00099	0.00445	0.00269	0.02657	0.00568
15	0.00872	0.00742	0.00862	0.00618	0.00981	0.00568	0.00495	0.03358	0.00882	0.01374	0.00737	0.00855	0.00611	0.00309	0.00307	0.00063	0.00308	0.00247	0.00248	0.85564
16	0.02849	0.00909	0.01302	0.11686	0.36749	0.02669	0.00969	0.09575	0.11720	0.12529	0.04203	0.01208	0.00890	0.00448	0.00409	0.00127	0.00442	0.00395	0.00302	0.00620
17	0.01239	0.01211	0.01036	0.00911	0.01152	0.23438	0.00708	0.13736	0.48546	0.01653	0.01290	0.01238	0.00976	0.00511	0.00404	0.00128	0.00456	0.00396	0.00361	0.00610
18	0.20612	0.01011	0.01179	0.27291	0.12369	0.13711	0.05249	0.05013	0.05070	0.03665	0.00775	0.00960	0.00595	0.00410	0.00373	0.00127	0.00504	0.00331	0.00239	0.00515
19	0.00506	0.00368	0.00479	0.00566	0.00603	0.00341	0.00387	0.00585	0.00806	0.01061	0.02430	0.74382	0.09954	0.01257	0.00522	0.00165	0.00242	0.04628	0.00381	0.00337
20	0.00797	0.00764	0.01220	0.78590	0.02701	0.03306	0.01113	0.01059	0.00823	0.01044	0.00729	0.01089	0.00555	0.00467	0.01948	0.00146	0.02649	0.00363	0.00184	0.00455
21	0.00589	0.00430	0.00610	0.00610	0.00667	0.00486	0.00452	0.00701	0.00645	0.00916	0.01145	0.01862	0.01134	0.22235	0.64939	0.00599	0.00937	0.00476	0.00227	0.00339
22	0.00869	0.00790	0.01083	0.02929	0.06012	0.03793	0.00791	0.00994	0.00703	0.04000	0.00773	0.01134	0.00709	0.01320	0.24027	0.00302	0.46809	0.00381	0.02135	0.00447
23	0.06750	0.18793	0.01332	0.00949	0.01197	0.58120	0.00753	0.05509	0.01107	0.01127	0.00635	0.00731	0.00532	0.00409	0.00343	0.00104	0.00639	0.00258	0.00217	0.00495
24	0.05286	0.00804	0.01157	0.05755	0.26519	0.00810	0.03368	0.13435	0.01123	0.13516	0.11667	0.06474	0.04045	0.00555	0.00422	0.00128	0.00395	0.01468	0.00332	0.02739
25	0.00879	0.04706	0.72202	0.01162	0.01727	0.02468	0.04159	0.04420	0.00912	0.01330	0.00739	0.00871	0.00531	0.00397	0.00404	0.00129	0.01868	0.00310	0.00185	0.00601
26	0.00556	0.00420	0.00504	0.00491	0.00603	0.00378	0.00374	0.00718	0.01061	0.01428	0.48020	0.03431	0.31822	0.00918	0.00484	0.00135	0.00209	0.05376	0.02701	0.00372
27	0.00638	0.00429	0.00589	0.00582	0.00633	0.00467	0.00416	0.00714	0.00647	0.03496	0.01159	0.01952	0.01167	0.31229	0.48161	0.05884	0.00789	0.00488	0.00236	0.00325
28	0.13034	0.05096	0.09875	0.02990	0.05677	0.03381	0.21773	0.09316	0.02437	0.18333	0.00945	0.01035	0.00677	0.00423	0.00429	0.00129	0.03198	0.00372	0.00293	0.00586

[dist]
# distance from previous block
# <min> <max>
0	1

[block]
# block no. 5 follows, 65 sequences, length 24
# corresponding to MSA columns:
# 306-308,311-331
name=unknown_F
#
# <colnr> <probs for GDERKNQSTAVLIFYWHMCP>
#	G	D	E	R	K	N	Q	S	T	A	V	L	I	F	Y	W	H	M	C	P
0	0.00642	0.00472	0.00559	0.00543	0.00656	0.01801	0.00410	0.02676	0.01981	0.04330	0.41978	0.13010	0.21969	0.01913	0.00506	0.00142	0.00237	0.05368	0.00417	0.00392
1	0.00510	0.00414	0.00453	0.00450	0.00572	0.00356	0.00335	0.00636	0.00986	0.01243	0.24135	0.07950	0.58525	0.01001	0.00487	0.00138	0.00206	0.00850	0.00399	0.00356
2	0.00893	0.00858	0.01482	0.43798	0.38911	0.00946	0.04906	0.01156	0.00879	0.01193	0.00753	0.01060	0.00597	0.00387	0.00412	0.00130	0.00527	0.00371	0.00193	0.00548
3	0.12087	0.02506	0.01075	0.00870	0.01146	0.13013	0.05024	0.18665	0.21979	0.03747	0.01058	0.01153	0.00822	0.00474	0.00391	0.00120	0.01395	0.02745	0.00327	0.11404
4	0.00560	0.00399	0.00519	0.00593	0.00639	0.00383	0.00433	0.00654	0.00808	0.01060	0.02195	0.44664	0.07263	0.14970	0.00789	0.00209	0.00301	0.22871	0.00359	0.00333
5	0.19717	0.00882	0.01036	0.00801	0.01116	0.02574	0.07931	0.14527	0.07337	0.12779	0.00936	0.00982	0.00692	0.00411	0.00368	0.00110	0.01642	0.00324	0.00317	0.25519
6	0.01026	0.00899	0.01448	0.01054	0.01422	0.00804	0.29401	0.06375	0.06463	0.07740	0.00913	0.01039	0.00694	0.00364	0.00391	0.00103	0.00456	0.00365	0.00273	0.38770
7	0.59587	0.00906	0.00787	0.00666	0.00936	0.02943	0.00545	0.19731	0.05773	0.03690	0.00754	0.00807	0.00564	0.00421	0.00306	0.00126	0.00359	0.00275	0.00304	0.00521
8	0.04122	0.00663	0.00786	0.00684	0.00857	0.04445	0.03830	0.07594	0.08945	0.10187	0.43831	0.05893	0.03699	0.00720	0.00454	0.00131	0.00299	0.01960	0.00417	0.00480
9	0.02359	0.30852	0.04603	0.00758	0.01077	0.01018	0.04291	0.04673	0.04895	0.25892	0.06668	0.01303	0.05196	0.00482	0.00364	0.00112	0.00389	0.00380	0.00331	0.04358
10	0.00953	0.03977	0.28669	0.01598	0.12842	0.04099	0.39244	0.01312	0.00934	0.01292	0.00777	0.00990	0.00587	0.00366	0.00432	0.00131	0.00631	0.00393	0.00195	0.00580
11	0.04993	0.12051	0.16914	0.01197	0.02663	0.02620	0.28379	0.12168	0.01068	0.09069	0.00916	0.02797	0.00709	0.00429	0.00411	0.00128	0.00545	0.02101	0.00262	0.00580
12	0.00588	0.00432	0.00621	0.00621	0.00681	0.00492	0.00465	0.00708	0.00648	0.00924	0.01135	0.01807	0.01111	0.18044	0.69098	0.00612	0.00972	0.00468	0.00225	0.00345
13	0.00500	0.00357	0.00476	0.00572	0.00595	0.00333	0.00381	0.00572	0.00786	0.01048	0.02262	0.85306	0.02715	0.01286	0.00524	0.00167	0.00238	0.01167	0.00381	0.00333
14	0.03166	0.01300	0.26610	0.02552	0.10817	0.00949	0.04271	0.21318	0.01214	0.22224	0.01024	0.01056	0.00707	0.00441	0.00404	0.00127	0.00486	0.00361	0.00323	0.00649
15	0.01101	0.00568	0.00708	0.00646	0.00813	0.03075	0.00489	0.01249	0.03035	0.34746	0.09549	0.34918	0.05632	0.00870	0.00466	0.00143	0.00296	0.00760	0.00435	0.00501
16	0.00775	0.00730	0.01231	0.84587	0.02827	0.00912	0.01140	0.01049	0.00821	0.01049	0.00730	0.01094	0.00547	0.00410	0.00410	0.00137	0.00547	0.00365	0.00182	0.00456
17	0.81323	0.00845	0.00672	0.00648	0.04514	0.03990	0.00494	0.01225	0.00726	0.01788	0.00583	0.00685	0.00457	0.00382	0.00265	0.00126	0.00341	0.00230	0.00250	0.00455
18	0.01516	0.11792	0.01128	0.00757	0.01049	0.03973	0.03132	0.07419	0.01176	0.50116	0.12299	0.01462	0.01283	0.00523	0.00403	0.00121	0.00373	0.00425	0.00430	0.00621
19	0.07171	0.05012	0.04960	0.01042	0.01215	0.34145	0.04034	0.04402	0.00929	0.01140	0.00618	0.00819	0.00536	0.00524	0.00724	0.00137	0.31593	0.00309	0.00207	0.00484
20	0.00906	0.00719	0.00791	0.00691	0.00882	0.00767	0.00531	0.14142	0.31021	0.01675	0.20838	0.02095	0.08732	0.09206	0.00601	0.00156	0.00310	0.00551	0.00396	0.04990
21	0.00605	0.00476	0.00608	0.00556	0.00687	0.00440	0.03402	0.03090	0.02778	0.01485	0.49289	0.03217	0.27949	0.00875	0.00483	0.00134	0.00232	0.02883	0.00417	0.00395
22	0.00506	0.00367	0.00478	0.00555	0.00594	0.00339	0.00376	0.00591	0.00830	0.01105	0.09523	0.71887	0.08876	0.01228	0.00517	0.00161	0.00232	0.01107	0.00387	0.00339
23	0.00963	0.00917	0.01558	0.12420	0.69445	0.00938	0.01205	0.01202	0.00914	0.01292	0.00836	0.04918	0.00733	0.00414	0.00412	0.00126	0.00483	0.00403	0.00209	0.00612

[dist]
# distance from previous block
# <min> <max>
0	128

# created by:
# /home/cegg/simao/soft/augustus-3.2.1/scripts/msa2prfl.pl ./align_prep/EOG092C4LX2.fa
