[name]
unknown

[dist]
# distance from previous block
# <min> <max>
0	243

[block]
# block no. 0 follows, 78 sequences, length 26
# corresponding to MSA columns:
# 362-387
name=unknown_A
#
# <colnr> <probs for GDERKNQSTAVLIFYWHMCP>
#	G	D	E	R	K	N	Q	S	T	A	V	L	I	F	Y	W	H	M	C	P
0	0.05531	0.15681	0.04043	0.08114	0.11714	0.01512	0.03652	0.00991	0.01555	0.07070	0.04843	0.01331	0.05926	0.00533	0.02426	0.00124	0.12114	0.07241	0.00224	0.05372
1	0.12166	0.01979	0.04618	0.00643	0.00852	0.08813	0.01931	0.12278	0.04129	0.10934	0.01014	0.13699	0.00927	0.07818	0.02958	0.00138	0.00362	0.01092	0.00276	0.13373
2	0.04686	0.00693	0.07102	0.27081	0.03293	0.02930	0.03269	0.03417	0.04402	0.02008	0.03395	0.09345	0.10758	0.06751	0.00477	0.00132	0.01246	0.02048	0.00233	0.06734
3	0.00451	0.00377	0.00396	0.00391	0.00509	0.00328	0.00296	0.00586	0.03855	0.01042	0.13893	0.03265	0.69971	0.00866	0.00420	0.00120	0.00185	0.02395	0.00340	0.00315
4	0.00686	0.00640	0.01066	0.56152	0.15453	0.00739	0.03935	0.00899	0.00738	0.00976	0.00938	0.03841	0.07398	0.00422	0.00375	0.00117	0.01783	0.00378	0.03053	0.00413
5	0.00862	0.29921	0.46349	0.00888	0.01300	0.10074	0.03848	0.01139	0.00773	0.01006	0.00585	0.00688	0.00457	0.00329	0.00303	0.00099	0.00493	0.00241	0.00156	0.00490
6	0.00501	0.00364	0.00473	0.00445	0.00530	0.00335	0.00334	0.00667	0.01002	0.01414	0.82703	0.02682	0.05744	0.00733	0.00420	0.00112	0.00168	0.00647	0.00390	0.00335
7	0.00618	0.00309	0.00464	0.00464	0.00464	0.00309	0.00309	0.00464	0.00464	0.00618	0.00618	0.01082	0.00618	0.01237	0.01391	0.89641	0.00309	0.00309	0.00155	0.00155
8	0.06553	0.00825	0.03675	0.06431	0.26953	0.02940	0.03395	0.15369	0.01008	0.26617	0.02172	0.00981	0.00685	0.00384	0.00349	0.00109	0.00386	0.00327	0.00290	0.00551
9	0.07270	0.18506	0.05023	0.00793	0.01008	0.13050	0.06058	0.11015	0.04401	0.02552	0.01867	0.00851	0.00595	0.04472	0.00533	0.00118	0.16329	0.00287	0.00211	0.05061
10	0.01314	0.05380	0.01046	0.00904	0.01093	0.82433	0.00685	0.01406	0.00997	0.00870	0.00548	0.00639	0.00459	0.00364	0.00317	0.00091	0.00631	0.00228	0.00182	0.00415
11	0.00437	0.00313	0.00413	0.00490	0.00514	0.00292	0.00327	0.00500	0.00688	0.00917	0.03832	0.82201	0.03804	0.02830	0.00480	0.00147	0.00208	0.00989	0.00330	0.00289
12	0.00832	0.08612	0.40453	0.00969	0.03958	0.03658	0.05719	0.03617	0.01663	0.05424	0.00677	0.00843	0.00531	0.02049	0.04256	0.00141	0.15640	0.00293	0.00182	0.00484
13	0.02671	0.04238	0.23248	0.02116	0.04276	0.04136	0.12091	0.18276	0.02284	0.08001	0.02011	0.01045	0.02856	0.02386	0.01374	0.00124	0.06143	0.01981	0.00241	0.00503
14	0.00763	0.01774	0.80313	0.00996	0.01506	0.00823	0.01270	0.03382	0.00786	0.04196	0.00672	0.00771	0.00471	0.00344	0.00339	0.00113	0.00515	0.00268	0.00166	0.00531
15	0.00541	0.00382	0.00493	0.00541	0.00596	0.00378	0.00426	0.00642	0.00712	0.00927	0.01736	0.05582	0.07091	0.30521	0.00937	0.00223	0.00321	0.47374	0.00290	0.00287
16	0.02059	0.02313	0.08162	0.11763	0.03074	0.06128	0.04273	0.08282	0.02919	0.36406	0.03329	0.03718	0.00825	0.00446	0.00389	0.00113	0.03584	0.01383	0.00314	0.00519
17	0.00822	0.03838	0.03052	0.08260	0.04230	0.11403	0.00564	0.04666	0.06110	0.09796	0.12832	0.13831	0.10771	0.00681	0.02441	0.00128	0.01450	0.04415	0.00297	0.00412
18	0.00431	0.00333	0.00393	0.00438	0.00502	0.00296	0.00306	0.00508	0.00747	0.00949	0.05502	0.49249	0.37049	0.01013	0.00439	0.00133	0.00194	0.00890	0.00333	0.00296
19	0.00719	0.00654	0.01057	0.78556	0.02317	0.00805	0.00957	0.06866	0.00783	0.01009	0.00677	0.01011	0.00519	0.00375	0.00359	0.00119	0.00465	0.02167	0.00176	0.00409
20	0.02173	0.17305	0.07803	0.10647	0.11893	0.02921	0.15590	0.13187	0.05254	0.06647	0.00751	0.00869	0.00572	0.00357	0.00350	0.00106	0.01638	0.00311	0.01121	0.00505
21	0.00558	0.00373	0.00486	0.00534	0.02419	0.00354	0.00364	0.01704	0.01886	0.06313	0.10263	0.50623	0.06283	0.10415	0.02063	0.00166	0.00249	0.04299	0.00326	0.00322
22	0.00558	0.00411	0.00477	0.00442	0.00560	0.00377	0.00337	0.05011	0.02320	0.04213	0.42899	0.02809	0.36724	0.00770	0.00414	0.00115	0.00191	0.00657	0.00366	0.00349
23	0.04240	0.22940	0.34851	0.00917	0.04572	0.10142	0.05691	0.03009	0.04078	0.02596	0.02620	0.01577	0.00582	0.00355	0.00315	0.00102	0.00465	0.00274	0.00185	0.00488
24	0.02937	0.13002	0.03226	0.16553	0.21449	0.01796	0.15042	0.01829	0.07594	0.05267	0.00777	0.02359	0.00624	0.00436	0.03112	0.00124	0.01571	0.00335	0.01484	0.00482
25	0.00599	0.00454	0.00663	0.00711	0.07577	0.01677	0.00504	0.00730	0.00615	0.03769	0.00936	0.01340	0.00855	0.03957	0.69031	0.00485	0.03102	0.00373	0.02274	0.00349

[dist]
# distance from previous block
# <min> <max>
5	17

[block]
# block no. 1 follows, 78 sequences, length 16
# corresponding to MSA columns:
# 409-424
name=unknown_B
#
# <colnr> <probs for GDERKNQSTAVLIFYWHMCP>
#	G	D	E	R	K	N	Q	S	T	A	V	L	I	F	Y	W	H	M	C	P
0	0.01003	0.50821	0.04105	0.00722	0.00977	0.04567	0.00669	0.15738	0.03772	0.01121	0.00594	0.00686	0.00506	0.00382	0.00399	0.00096	0.12925	0.00242	0.00197	0.00477
1	0.00882	0.00752	0.02686	0.00775	0.00991	0.00798	0.10883	0.03102	0.55628	0.05786	0.01353	0.01342	0.03158	0.03244	0.00408	0.00124	0.00320	0.00406	0.06839	0.00521
2	0.00728	0.01757	0.78683	0.01062	0.05622	0.00830	0.01279	0.01151	0.03558	0.01141	0.00668	0.00777	0.00478	0.00342	0.00340	0.00113	0.00513	0.00270	0.00159	0.00529
3	0.00531	0.00371	0.00411	0.00406	0.00428	0.00373	0.00241	0.00598	0.05516	0.00761	0.01354	0.02365	0.08476	0.74912	0.01607	0.00313	0.00327	0.00531	0.00234	0.00244
4	0.00739	0.00600	0.00708	0.00526	0.00806	0.00471	0.00418	0.00925	0.03468	0.03918	0.12114	0.01032	0.00940	0.00339	0.00291	0.00065	0.00253	0.00280	0.00248	0.71859
5	0.86252	0.00685	0.00536	0.00475	0.00698	0.00787	0.00391	0.01076	0.00623	0.05158	0.00534	0.00605	0.00407	0.00335	0.00226	0.00110	0.00277	0.00200	0.00230	0.00395
6	0.00551	0.00441	0.00503	0.00477	0.00594	0.00433	0.00361	0.00859	0.17617	0.01276	0.39912	0.05498	0.28633	0.00747	0.00410	0.00117	0.00196	0.00642	0.00365	0.00369
7	0.00487	0.00359	0.00456	0.00446	0.00528	0.00328	0.00332	0.00634	0.00945	0.01305	0.63858	0.11166	0.14314	0.00796	0.00425	0.00118	0.00177	0.02623	0.00376	0.00326
8	0.01497	0.00604	0.00801	0.00621	0.00880	0.00538	0.00510	0.06040	0.01039	0.73656	0.04249	0.01249	0.00954	0.00448	0.00354	0.00109	0.00296	0.00364	0.05209	0.00582
9	0.00695	0.00656	0.01109	0.77439	0.11468	0.00797	0.01000	0.00930	0.00723	0.00937	0.00637	0.00942	0.00484	0.00352	0.00356	0.00117	0.00469	0.00316	0.00160	0.00414
10	0.00789	0.00631	0.00743	0.00534	0.00848	0.00477	0.00428	0.00946	0.00755	0.06148	0.00678	0.00766	0.00548	0.00274	0.00269	0.00056	0.00266	0.00220	0.00225	0.84398
11	0.00466	0.00368	0.00427	0.00454	0.00553	0.00330	0.00358	0.00577	0.00814	0.01013	0.08233	0.11684	0.50698	0.00932	0.00442	0.00133	0.00220	0.21656	0.00334	0.00309
12	0.85372	0.00670	0.00513	0.00461	0.00674	0.00775	0.00378	0.01035	0.00613	0.01583	0.00530	0.00617	0.00413	0.00335	0.00222	0.00109	0.00270	0.00200	0.04846	0.00383
13	0.06070	0.07412	0.02137	0.00910	0.05887	0.20132	0.07489	0.20809	0.19589	0.02828	0.02721	0.00930	0.00712	0.00401	0.00339	0.00106	0.00431	0.00317	0.00271	0.00510
14	0.00521	0.00344	0.00391	0.00391	0.00391	0.00344	0.00219	0.00516	0.00516	0.00688	0.01103	0.02284	0.01269	0.84289	0.01797	0.03656	0.00344	0.00510	0.00213	0.00213
15	0.00855	0.00799	0.01139	0.33853	0.30620	0.06959	0.00910	0.05398	0.07203	0.02878	0.01922	0.03190	0.00655	0.00382	0.00355	0.00111	0.00432	0.00339	0.00206	0.01793

[dist]
# distance from previous block
# <min> <max>
0	1

[block]
# block no. 2 follows, 78 sequences, length 32
# corresponding to MSA columns:
# 426-457
name=unknown_C
#
# <colnr> <probs for GDERKNQSTAVLIFYWHMCP>
#	G	D	E	R	K	N	Q	S	T	A	V	L	I	F	Y	W	H	M	C	P
0	0.16955	0.00888	0.00910	0.00731	0.00987	0.02040	0.00596	0.48781	0.17185	0.06000	0.00927	0.00910	0.00669	0.00421	0.00333	0.00110	0.00349	0.00314	0.00335	0.00556
1	0.04341	0.00885	0.01299	0.05320	0.32179	0.00935	0.11302	0.28871	0.05029	0.02454	0.00770	0.00895	0.00590	0.00369	0.00374	0.00110	0.02246	0.00330	0.00249	0.01453
2	0.02264	0.02417	0.02563	0.01642	0.01058	0.06463	0.00647	0.49565	0.14365	0.12892	0.01902	0.00972	0.00728	0.00432	0.00352	0.00108	0.00379	0.00331	0.00347	0.00575
3	0.00987	0.62370	0.06618	0.00657	0.00959	0.01246	0.00644	0.12374	0.02647	0.03400	0.04691	0.00755	0.00642	0.00351	0.00268	0.00086	0.00376	0.00243	0.00204	0.00482
4	0.00510	0.00378	0.00554	0.00554	0.00611	0.00435	0.00422	0.00624	0.00567	0.00813	0.00970	0.01491	0.00930	0.11064	0.77738	0.00550	0.00893	0.00395	0.00193	0.00308
5	0.00870	0.00787	0.01033	0.00885	0.00931	0.03971	0.00731	0.01025	0.06968	0.08121	0.00635	0.00866	0.00558	0.00631	0.02800	0.00156	0.68094	0.00321	0.00197	0.00420
6	0.00510	0.00375	0.00540	0.00540	0.00593	0.00428	0.00405	0.00615	0.00563	0.00803	0.00983	0.01560	0.00960	0.17318	0.71524	0.00533	0.00849	0.00405	0.00195	0.00300
7	0.00837	0.00952	0.02052	0.01473	0.01816	0.00910	0.79947	0.01127	0.00826	0.01127	0.00708	0.00952	0.00537	0.00316	0.00456	0.00122	0.04774	0.00415	0.00179	0.00476
8	0.00834	0.00726	0.00978	0.00812	0.01023	0.00789	0.16842	0.01549	0.52942	0.01386	0.01269	0.01313	0.00972	0.00447	0.00358	0.00115	0.00326	0.02134	0.14679	0.00505
9	0.00469	0.00338	0.00451	0.00526	0.00568	0.00321	0.00386	0.00561	0.00734	0.00968	0.05104	0.59820	0.06528	0.01058	0.00460	0.00147	0.00233	0.20693	0.00332	0.00301
10	0.00678	0.00639	0.01079	0.84200	0.04837	0.00793	0.00992	0.00915	0.00715	0.00917	0.00634	0.00947	0.00477	0.00355	0.00356	0.00118	0.00473	0.00316	0.00159	0.00400
11	0.00921	0.00541	0.00584	0.00505	0.00660	0.00566	0.00397	0.17535	0.10127	0.10524	0.01157	0.01243	0.00876	0.02278	0.00327	0.00100	0.00242	0.00344	0.50634	0.00438
12	0.01330	0.01697	0.01009	0.00917	0.01101	0.86058	0.00688	0.01422	0.01009	0.00871	0.00550	0.00642	0.00459	0.00367	0.00321	0.00092	0.00642	0.00229	0.00183	0.00413
13	0.00658	0.00456	0.00561	0.00500	0.00621	0.00441	0.00385	0.10285	0.02624	0.05627	0.65776	0.02395	0.06901	0.00683	0.00409	0.00112	0.00203	0.00594	0.00387	0.00383
14	0.00964	0.79670	0.03264	0.00651	0.00960	0.01370	0.02901	0.05087	0.00773	0.00919	0.00521	0.00599	0.00466	0.00311	0.00242	0.00079	0.00390	0.00204	0.00163	0.00466
15	0.00472	0.00341	0.00440	0.00505	0.00546	0.00323	0.00358	0.01938	0.00719	0.00944	0.02023	0.62782	0.09150	0.05957	0.00532	0.00156	0.00232	0.11961	0.00324	0.00297
16	0.00433	0.00312	0.00411	0.00491	0.00515	0.00290	0.00328	0.00496	0.00686	0.00911	0.02019	0.84347	0.05227	0.01108	0.00453	0.00144	0.00206	0.01003	0.00331	0.00290
17	0.01068	0.01132	0.01227	0.06773	0.41945	0.29372	0.00899	0.09864	0.02263	0.01168	0.00659	0.00810	0.00536	0.00350	0.00343	0.00102	0.00494	0.00289	0.00199	0.00507
18	0.00495	0.00390	0.00464	0.00460	0.00572	0.00337	0.00344	0.00604	0.00792	0.01049	0.13899	0.26623	0.31138	0.00852	0.00413	0.00120	0.00211	0.07655	0.00322	0.13259
19	0.00426	0.00360	0.00372	0.00373	0.00488	0.00306	0.00280	0.00519	0.00805	0.00968	0.05557	0.05288	0.78185	0.00964	0.03394	0.00136	0.00207	0.00742	0.00327	0.00302
20	0.00842	0.00957	0.02080	0.01522	0.04490	0.00899	0.81361	0.01139	0.00839	0.01141	0.00719	0.00958	0.00541	0.00301	0.00418	0.00120	0.00595	0.00417	0.00180	0.00483
21	0.00443	0.00331	0.00407	0.00450	0.00504	0.00300	0.00311	0.00523	0.00750	0.00980	0.12985	0.51109	0.23914	0.04645	0.00498	0.00143	0.00201	0.00877	0.00334	0.00295
22	0.75505	0.00739	0.00612	0.00526	0.00756	0.00849	0.00433	0.14626	0.00781	0.01703	0.00554	0.00624	0.00422	0.00346	0.00243	0.00110	0.00294	0.00214	0.00243	0.00422
23	0.00435	0.00346	0.00389	0.00416	0.00500	0.00303	0.00300	0.00519	0.00770	0.00956	0.05396	0.29433	0.51986	0.03141	0.00469	0.00135	0.00197	0.03682	0.00329	0.00297
24	0.01047	0.00767	0.00820	0.00689	0.00903	0.00853	0.00549	0.30241	0.37949	0.05908	0.01194	0.01158	0.00881	0.00450	0.00341	0.00109	0.00302	0.00360	0.14936	0.00542
25	0.00484	0.00331	0.00425	0.00473	0.00508	0.00309	0.00317	0.00551	0.00706	0.03231	0.10471	0.60232	0.05706	0.13728	0.00646	0.00169	0.00224	0.00873	0.00323	0.00292
26	0.00986	0.00667	0.00740	0.00614	0.00782	0.00711	0.00472	0.35358	0.07263	0.08214	0.06283	0.01494	0.02880	0.22068	0.01578	0.02294	0.00335	0.00409	0.06402	0.00450
27	0.01037	0.39105	0.02655	0.01026	0.18422	0.18341	0.00737	0.07642	0.05994	0.01065	0.00631	0.00720	0.00529	0.00341	0.00292	0.00091	0.00439	0.00249	0.00192	0.00489
28	0.06876	0.02949	0.40231	0.00772	0.01124	0.00700	0.02016	0.06546	0.00866	0.11520	0.09904	0.02557	0.07123	0.00449	0.00345	0.00110	0.00388	0.00362	0.02133	0.03030
29	0.03129	0.20432	0.10817	0.03287	0.07362	0.21627	0.08000	0.11913	0.01987	0.02219	0.00653	0.00772	0.00524	0.00463	0.04476	0.00122	0.01269	0.00273	0.00200	0.00476
30	0.75426	0.03773	0.00646	0.00593	0.05465	0.05272	0.00448	0.01062	0.00651	0.01505	0.02242	0.00641	0.00463	0.00339	0.00237	0.00108	0.00304	0.00211	0.00217	0.00398
31	0.02282	0.08573	0.24768	0.02806	0.07061	0.35949	0.03355	0.01250	0.02187	0.03493	0.00633	0.01491	0.00505	0.00368	0.00359	0.00103	0.03905	0.00265	0.00182	0.00466

[dist]
# distance from previous block
# <min> <max>
1	36

[block]
# block no. 3 follows, 78 sequences, length 25
# corresponding to MSA columns:
# 494-518
name=unknown_D
#
# <colnr> <probs for GDERKNQSTAVLIFYWHMCP>
#	G	D	E	R	K	N	Q	S	T	A	V	L	I	F	Y	W	H	M	C	P
0	0.02155	0.00666	0.00707	0.00606	0.00772	0.03791	0.00481	0.28125	0.08143	0.03126	0.07939	0.01398	0.05927	0.01677	0.09111	0.00155	0.02265	0.01193	0.21319	0.00447
1	0.00878	0.00707	0.00754	0.00671	0.00867	0.00792	0.00524	0.05652	0.64031	0.05490	0.03177	0.01567	0.10808	0.00530	0.00368	0.00119	0.00272	0.00440	0.01825	0.00529
2	0.00612	0.00313	0.00464	0.00464	0.00466	0.00314	0.00310	0.00471	0.00469	0.00627	0.00645	0.01134	0.00649	0.04250	0.03820	0.84025	0.00329	0.00318	0.00158	0.00161
3	0.00842	0.00940	0.02004	0.01440	0.01787	0.00889	0.77999	0.02634	0.03204	0.01177	0.02911	0.01012	0.00629	0.00319	0.00417	0.00120	0.00576	0.00424	0.00194	0.00481
4	0.00518	0.00345	0.00388	0.00388	0.00388	0.00345	0.00216	0.00518	0.00518	0.00690	0.01122	0.02330	0.01294	0.87488	0.01812	0.00345	0.00345	0.00518	0.00216	0.00216
5	0.01307	0.01658	0.01012	0.00918	0.01094	0.82455	0.00692	0.01398	0.00989	0.00871	0.00547	0.00648	0.00459	0.00378	0.00357	0.00094	0.04297	0.00233	0.00182	0.00412
6	0.00523	0.00345	0.00386	0.00386	0.00389	0.00345	0.00217	0.00529	0.00526	0.00713	0.01123	0.02295	0.01281	0.84423	0.01757	0.00336	0.00339	0.00511	0.03357	0.00220
7	0.00856	0.00871	0.06011	0.13901	0.21311	0.06955	0.14306	0.02255	0.01645	0.05985	0.00780	0.05391	0.00670	0.03112	0.03415	0.00141	0.11364	0.00371	0.00200	0.00461
8	0.00517	0.00349	0.00407	0.00407	0.00413	0.00355	0.00239	0.00530	0.00523	0.00704	0.01105	0.02237	0.01254	0.79009	0.10235	0.00368	0.00406	0.00504	0.00213	0.00226
9	0.01182	0.37540	0.01396	0.00744	0.01024	0.12230	0.00650	0.38478	0.01188	0.01475	0.00664	0.00708	0.00524	0.00368	0.00298	0.00092	0.00420	0.00254	0.00248	0.00518
10	0.00511	0.00459	0.04588	0.00599	0.04622	0.00393	0.00428	0.00676	0.06528	0.01018	0.07018	0.53206	0.13417	0.00924	0.00428	0.00133	0.00235	0.02261	0.00318	0.02238
11	0.03823	0.11573	0.13101	0.01157	0.21421	0.10707	0.03702	0.13301	0.09772	0.05510	0.00769	0.00850	0.00592	0.00369	0.00345	0.00105	0.01851	0.00295	0.00231	0.00525
12	0.05912	0.28482	0.10738	0.02466	0.19115	0.06454	0.03894	0.05122	0.07396	0.01149	0.05535	0.00877	0.00703	0.00361	0.00310	0.00099	0.00407	0.00288	0.00204	0.00489
13	0.00893	0.55577	0.29159	0.00751	0.01127	0.01204	0.00843	0.05025	0.00778	0.00999	0.00559	0.00643	0.00462	0.00321	0.00270	0.00090	0.00429	0.00220	0.00161	0.00487
14	0.00582	0.00425	0.00575	0.00645	0.00735	0.00428	0.00559	0.00785	0.05010	0.01082	0.01946	0.03853	0.05968	0.00955	0.00482	0.00160	0.00318	0.74824	0.00330	0.00338
15	0.00564	0.00406	0.00556	0.00548	0.00623	0.00445	0.00421	0.04603	0.00688	0.01906	0.07278	0.04773	0.04028	0.09038	0.54534	0.00424	0.00701	0.05082	0.03056	0.00327
16	0.01418	0.01039	0.03827	0.00779	0.01045	0.20348	0.00643	0.31402	0.01244	0.33163	0.00984	0.00937	0.00670	0.00415	0.00348	0.00105	0.00420	0.00312	0.00341	0.00559
17	0.02167	0.01142	0.28619	0.06081	0.05375	0.03610	0.17108	0.03354	0.02611	0.09361	0.01698	0.00883	0.00580	0.00339	0.00345	0.00103	0.00454	0.00306	0.00211	0.15653
18	0.00841	0.16945	0.47016	0.00949	0.07167	0.00909	0.01009	0.06259	0.04279	0.05058	0.00844	0.00948	0.04133	0.00382	0.00329	0.00107	0.00446	0.01670	0.00198	0.00514
19	0.03728	0.00942	0.01051	0.00817	0.01069	0.01059	0.02069	0.68200	0.01482	0.03959	0.00881	0.00910	0.02576	0.00454	0.00436	0.00112	0.09026	0.00329	0.00331	0.00569
20	0.00471	0.00381	0.00441	0.00479	0.02520	0.00350	0.00340	0.00608	0.04958	0.00990	0.05085	0.25599	0.47479	0.02191	0.02423	0.00142	0.00225	0.04675	0.00325	0.00318
21	0.00883	0.29967	0.34943	0.00872	0.03609	0.01008	0.04718	0.05967	0.04175	0.05453	0.00695	0.00789	0.00538	0.00452	0.04377	0.00122	0.00470	0.00267	0.00190	0.00503
22	0.00701	0.00521	0.02953	0.00604	0.00717	0.00499	0.00476	0.16121	0.02330	0.05145	0.06848	0.44209	0.01900	0.00878	0.00431	0.00136	0.00273	0.14535	0.00339	0.00383
23	0.00486	0.00357	0.00472	0.02905	0.00603	0.00353	0.00372	0.04058	0.00722	0.00964	0.01850	0.79544	0.02192	0.01056	0.00461	0.00142	0.01881	0.00950	0.00323	0.00307
24	0.00885	0.00788	0.05193	0.14713	0.15892	0.00758	0.16333	0.09418	0.07110	0.09665	0.08218	0.02719	0.05813	0.00439	0.00378	0.00114	0.00404	0.00409	0.00261	0.00489

[dist]
# distance from previous block
# <min> <max>
0	1

[block]
# block no. 4 follows, 78 sequences, length 30
# corresponding to MSA columns:
# 520-549
name=unknown_E
#
# <colnr> <probs for GDERKNQSTAVLIFYWHMCP>
#	G	D	E	R	K	N	Q	S	T	A	V	L	I	F	Y	W	H	M	C	P
0	0.02681	0.00901	0.02977	0.04644	0.43376	0.03343	0.24000	0.03635	0.05641	0.04180	0.00751	0.00927	0.00588	0.00333	0.00368	0.00111	0.00466	0.00346	0.00203	0.00529
1	0.01452	0.00834	0.00955	0.00737	0.01014	0.02621	0.00607	0.44210	0.02983	0.39151	0.01104	0.01018	0.00734	0.00433	0.00356	0.00108	0.00355	0.00337	0.00390	0.00601
2	0.68737	0.00770	0.03546	0.02298	0.06444	0.00822	0.07909	0.03759	0.00682	0.01521	0.00546	0.00654	0.00422	0.00331	0.00258	0.00111	0.00330	0.00230	0.00215	0.00418
3	0.00491	0.00387	0.00418	0.00407	0.00525	0.00342	0.00306	0.02399	0.02990	0.02852	0.16018	0.08035	0.61852	0.00857	0.00418	0.00120	0.00190	0.00723	0.00344	0.00325
4	0.01089	0.52244	0.01491	0.00714	0.00969	0.31899	0.00626	0.01195	0.00836	0.02819	0.00622	0.00690	0.02799	0.00347	0.00270	0.00084	0.00468	0.00224	0.00175	0.00440
5	0.00513	0.00344	0.00392	0.00396	0.00399	0.00342	0.00225	0.00520	0.00539	0.00721	0.03220	0.07207	0.01406	0.80418	0.01700	0.00328	0.00333	0.00549	0.00227	0.00223
6	0.00955	0.14578	0.17336	0.01173	0.18181	0.07572	0.13523	0.05073	0.04195	0.07841	0.02572	0.00878	0.00622	0.00349	0.00338	0.00103	0.00452	0.00306	0.00212	0.03741
7	0.00802	0.03333	0.03627	0.30563	0.20121	0.05770	0.04116	0.04029	0.01797	0.04397	0.02689	0.09404	0.01936	0.00476	0.00371	0.00117	0.00420	0.05369	0.00219	0.00444
8	0.00731	0.00713	0.00952	0.00850	0.00864	0.03663	0.00695	0.00813	0.00599	0.00879	0.00790	0.13883	0.00856	0.00713	0.00988	0.00153	0.65234	0.06057	0.00194	0.00371
9	0.00824	0.03858	0.32383	0.05377	0.11452	0.00791	0.14997	0.03886	0.00819	0.07237	0.00863	0.02854	0.00718	0.00475	0.02325	0.00129	0.02072	0.08241	0.00208	0.00492
10	0.00885	0.05041	0.19855	0.14731	0.10915	0.07918	0.05589	0.10485	0.07493	0.04109	0.00956	0.04591	0.05033	0.00424	0.00355	0.00111	0.00440	0.00358	0.00226	0.00487
11	0.00897	0.16529	0.06020	0.04634	0.01122	0.21770	0.11386	0.02831	0.00811	0.00963	0.02028	0.02822	0.03966	0.02397	0.05617	0.00143	0.09587	0.05865	0.00198	0.00413
12	0.90002	0.00689	0.00523	0.00468	0.00689	0.00799	0.00386	0.01047	0.00606	0.01597	0.00496	0.00578	0.00386	0.00330	0.00220	0.00110	0.00275	0.00193	0.00220	0.00386
13	0.00431	0.00361	0.00375	0.00371	0.00487	0.00305	0.00279	0.00531	0.00836	0.01019	0.13643	0.03332	0.75050	0.00880	0.00421	0.00119	0.00179	0.00738	0.00338	0.00305
14	0.00928	0.48312	0.10213	0.00814	0.07280	0.06534	0.03019	0.06152	0.00812	0.01018	0.00631	0.04502	0.00566	0.00353	0.00281	0.00087	0.00405	0.00262	0.00182	0.07650
15	0.00726	0.00578	0.00749	0.00636	0.03551	0.00535	0.03290	0.03381	0.02373	0.05806	0.19276	0.03105	0.08772	0.02902	0.00463	0.00102	0.08324	0.01418	0.00277	0.33737
16	0.03461	0.03324	0.19117	0.00771	0.04102	0.10810	0.03049	0.00895	0.00706	0.02809	0.02991	0.08232	0.01722	0.21813	0.06196	0.00202	0.07300	0.01911	0.00209	0.00379
17	0.00848	0.22405	0.37771	0.00855	0.02106	0.02941	0.04682	0.04567	0.02429	0.05594	0.02670	0.00906	0.02661	0.00518	0.05806	0.00134	0.02135	0.00291	0.00194	0.00488
18	0.00518	0.00345	0.00388	0.00388	0.00388	0.00345	0.00216	0.00518	0.00518	0.00690	0.01122	0.02330	0.01294	0.87488	0.01812	0.00345	0.00345	0.00518	0.00216	0.00216
19	0.39820	0.00645	0.00683	0.00556	0.00802	0.00653	0.00458	0.04212	0.00854	0.42664	0.01087	0.01021	0.04296	0.00412	0.00301	0.00110	0.00289	0.00302	0.00338	0.00497
20	0.00994	0.01343	0.39744	0.01020	0.01425	0.03268	0.17187	0.17029	0.00987	0.12374	0.00794	0.00869	0.00554	0.00362	0.00360	0.00112	0.00489	0.00316	0.00234	0.00540
21	0.00437	0.00314	0.00415	0.00489	0.00516	0.00292	0.00329	0.00506	0.00703	0.00938	0.06416	0.80026	0.05125	0.01088	0.00452	0.00142	0.00204	0.00984	0.00334	0.00292
22	0.00467	0.00337	0.00449	0.00527	0.00568	0.00319	0.00386	0.00555	0.00722	0.00949	0.02034	0.62671	0.06824	0.01072	0.00462	0.00148	0.00234	0.20649	0.00330	0.00299
23	0.00529	0.00433	0.00480	0.00485	0.00606	0.00415	0.00383	0.00779	0.13830	0.01086	0.06672	0.04995	0.49422	0.00850	0.00427	0.00129	0.00226	0.17568	0.00338	0.00348
24	0.02207	0.18926	0.07884	0.00712	0.00987	0.00980	0.00633	0.17659	0.33272	0.01432	0.01028	0.01014	0.02649	0.00410	0.00321	0.00102	0.00340	0.00318	0.00284	0.08843
25	0.01333	0.00987	0.01057	0.00815	0.01096	0.01095	0.00672	0.80530	0.05257	0.02211	0.00880	0.00875	0.00626	0.00430	0.00356	0.00107	0.00387	0.00324	0.00356	0.00604
26	0.90002	0.00689	0.00523	0.00468	0.00689	0.00799	0.00386	0.01047	0.00606	0.01597	0.00496	0.00578	0.00386	0.00330	0.00220	0.00110	0.00275	0.00193	0.00220	0.00386
27	0.00447	0.00321	0.00423	0.00497	0.00528	0.00301	0.00342	0.00519	0.00704	0.00934	0.04738	0.73348	0.05919	0.02892	0.00483	0.00148	0.00215	0.06616	0.00330	0.00292
28	0.00545	0.00372	0.00477	0.00472	0.00555	0.00344	0.00348	0.00696	0.02667	0.05543	0.49823	0.23708	0.09865	0.00824	0.00426	0.00122	0.00191	0.02311	0.00372	0.00340
29	0.00526	0.00350	0.00444	0.00502	0.00551	0.00340	0.00369	0.02337	0.00737	0.01038	0.01751	0.50140	0.01959	0.03639	0.00465	0.00143	0.00232	0.17530	0.16638	0.00309

[dist]
# distance from previous block
# <min> <max>
1	3

[block]
# block no. 5 follows, 78 sequences, length 53
# corresponding to MSA columns:
# 553-605
name=unknown_F
#
# <colnr> <probs for GDERKNQSTAVLIFYWHMCP>
#	G	D	E	R	K	N	Q	S	T	A	V	L	I	F	Y	W	H	M	C	P
0	0.03755	0.23337	0.18730	0.00855	0.03798	0.20984	0.00792	0.15129	0.00946	0.01184	0.00621	0.00717	0.00497	0.00403	0.01775	0.00106	0.04045	0.00251	0.01595	0.00480
1	0.00536	0.00410	0.00499	0.00489	0.02263	0.00387	0.00357	0.00757	0.08343	0.02217	0.53696	0.04504	0.22707	0.00745	0.00414	0.00115	0.00188	0.00647	0.00369	0.00354
2	0.00887	0.00909	0.03637	0.07270	0.21694	0.11563	0.02271	0.03506	0.23722	0.01183	0.03552	0.01115	0.04055	0.00453	0.00471	0.00117	0.12509	0.00356	0.00241	0.00490
3	0.00615	0.00310	0.00461	0.00461	0.00461	0.00310	0.00306	0.00466	0.00466	0.00621	0.00634	0.01122	0.00640	0.03983	0.01405	0.86798	0.00310	0.00316	0.00157	0.00157
4	0.00451	0.00365	0.00401	0.00403	0.00507	0.00320	0.00300	0.00573	0.02387	0.01068	0.20851	0.10589	0.57492	0.00877	0.00424	0.00121	0.00184	0.02030	0.00344	0.00312
5	0.01275	0.00937	0.01009	0.00794	0.01062	0.01039	0.00649	0.65210	0.17288	0.05511	0.00989	0.00959	0.00708	0.00438	0.00357	0.00110	0.00367	0.00338	0.00361	0.00598
6	0.02320	0.00359	0.00427	0.00426	0.00445	0.00374	0.00266	0.00560	0.00536	0.00752	0.01076	0.02081	0.01185	0.66370	0.18833	0.00380	0.00463	0.00479	0.02425	0.00243
7	0.00779	0.00779	0.01091	0.00935	0.00935	0.01091	0.00779	0.00857	0.00545	0.00857	0.00467	0.00779	0.00467	0.00623	0.01168	0.00156	0.86836	0.00312	0.00156	0.00389
8	0.16358	0.00834	0.00904	0.00708	0.00977	0.00891	0.00583	0.45659	0.03763	0.24353	0.00959	0.00917	0.00656	0.00416	0.00334	0.00109	0.00345	0.00311	0.00356	0.00567
9	0.53090	0.00668	0.00651	0.00544	0.00780	0.00712	0.00446	0.06279	0.00807	0.28852	0.00859	0.03561	0.00623	0.00397	0.00281	0.00111	0.00289	0.00280	0.00304	0.00467
10	0.00536	0.00401	0.00588	0.00580	0.00651	0.00466	0.00452	0.03303	0.00607	0.00872	0.00950	0.01381	0.00881	0.02599	0.83336	0.00557	0.00936	0.00380	0.00196	0.00327
11	0.00952	0.87702	0.01866	0.00609	0.00914	0.01409	0.00609	0.01066	0.00723	0.00838	0.00495	0.00571	0.00457	0.00305	0.00228	0.00076	0.00381	0.00190	0.00152	0.00457
12	0.00501	0.00339	0.00397	0.00414	0.00419	0.00336	0.00243	0.00516	0.00551	0.00736	0.01283	0.18950	0.01493	0.68615	0.03481	0.00311	0.00332	0.00612	0.00238	0.00232
13	0.80919	0.00680	0.00554	0.00485	0.00711	0.00770	0.00400	0.01117	0.00648	0.10219	0.00589	0.00643	0.00437	0.00342	0.00234	0.00110	0.00278	0.00210	0.00243	0.00408
14	0.00518	0.00381	0.00535	0.00531	0.00576	0.00434	0.00391	0.00609	0.00557	0.00790	0.00988	0.01638	0.00990	0.25801	0.60939	0.00500	0.02918	0.00417	0.00197	0.00292
15	0.00449	0.00321	0.00412	0.00476	0.00502	0.00301	0.00317	0.00510	0.00680	0.00902	0.04473	0.67386	0.06632	0.12493	0.00632	0.00169	0.00225	0.02522	0.00317	0.00282
16	0.00563	0.00446	0.00511	0.00504	0.00613	0.00442	0.00379	0.03463	0.15778	0.01196	0.21070	0.20079	0.27464	0.00821	0.00419	0.00125	0.00216	0.05196	0.00351	0.00364
17	0.03677	0.00931	0.01285	0.07700	0.54414	0.10207	0.00960	0.09487	0.00891	0.01219	0.00656	0.00842	0.00539	0.00354	0.00392	0.00108	0.05316	0.00304	0.00194	0.00525
18	0.00532	0.00368	0.00455	0.02443	0.00594	0.00334	0.00356	0.00629	0.00788	0.06867	0.08707	0.35904	0.32442	0.00934	0.00434	0.00132	0.00216	0.07201	0.00339	0.00324
19	0.00466	0.00338	0.00444	0.00510	0.00555	0.00317	0.00371	0.00557	0.00743	0.00981	0.08577	0.56685	0.09435	0.02003	0.00471	0.00146	0.00226	0.16542	0.00334	0.00300
20	0.00735	0.01419	0.00668	0.00628	0.00765	0.00627	0.00496	0.10432	0.28927	0.01275	0.01752	0.13596	0.12036	0.01593	0.00483	0.04873	0.01033	0.17912	0.00330	0.00421
21	0.11647	0.02374	0.00736	0.01539	0.00815	0.30566	0.03484	0.02739	0.00864	0.05336	0.03872	0.02813	0.00775	0.00409	0.00296	0.00095	0.00381	0.00306	0.30560	0.00393
22	0.00973	0.17676	0.08194	0.04282	0.13147	0.20502	0.03945	0.03667	0.06374	0.05538	0.04370	0.05781	0.03212	0.00428	0.00335	0.00103	0.00436	0.00345	0.00224	0.00467
23	0.00947	0.05982	0.04234	0.00667	0.00930	0.06172	0.02776	0.15935	0.03366	0.08863	0.02068	0.02669	0.03689	0.00436	0.00330	0.00093	0.00339	0.07260	0.03059	0.30188
24	0.00472	0.00337	0.00456	0.00539	0.00576	0.00322	0.00396	0.00561	0.00719	0.00951	0.01941	0.64776	0.02272	0.01080	0.00465	0.00150	0.00239	0.23119	0.00330	0.00300
25	0.00756	0.00643	0.00748	0.00536	0.00851	0.00492	0.00429	0.03246	0.00765	0.01191	0.00639	0.00742	0.00530	0.00268	0.00266	0.00054	0.00267	0.00214	0.00215	0.87148
26	0.01032	0.09696	0.10618	0.00794	0.02613	0.26863	0.03311	0.02851	0.07144	0.11636	0.11040	0.02921	0.02081	0.00444	0.00341	0.00102	0.00430	0.01366	0.01035	0.03683
27	0.01005	0.33648	0.09704	0.02073	0.05790	0.19820	0.04198	0.04658	0.13842	0.01064	0.00705	0.00772	0.00570	0.00356	0.00302	0.00095	0.00450	0.00263	0.00202	0.00483
28	0.00722	0.01549	0.64073	0.05873	0.08350	0.00803	0.04217	0.01098	0.02111	0.01117	0.00724	0.00963	0.00562	0.00408	0.01723	0.00123	0.00511	0.04398	0.00167	0.00508
29	0.02004	0.15749	0.21831	0.02675	0.08732	0.11075	0.07027	0.01956	0.06829	0.06076	0.06577	0.01040	0.03460	0.01363	0.00358	0.00107	0.01150	0.00324	0.00218	0.01449
30	0.04682	0.35206	0.31855	0.00832	0.01205	0.01857	0.08602	0.01998	0.03480	0.02559	0.01552	0.00824	0.03224	0.00351	0.00302	0.00099	0.00439	0.00272	0.00180	0.00482
31	0.00517	0.00348	0.00403	0.00403	0.00408	0.00353	0.00234	0.00527	0.00522	0.00701	0.01109	0.02257	0.01263	0.80893	0.08364	0.00363	0.00392	0.00507	0.00214	0.00224
32	0.00684	0.15019	0.13660	0.06933	0.02047	0.00737	0.01917	0.03685	0.00684	0.00927	0.03333	0.03990	0.02445	0.23737	0.11541	0.00231	0.07472	0.00389	0.00198	0.00372
33	0.00821	0.07832	0.12711	0.04399	0.12473	0.03088	0.05946	0.04111	0.04190	0.06202	0.01748	0.01121	0.01581	0.02173	0.05222	0.19916	0.02800	0.03049	0.00206	0.00411
34	0.00561	0.00419	0.00605	0.00665	0.07563	0.01348	0.03850	0.00617	0.01816	0.00887	0.04642	0.28672	0.11207	0.03182	0.10075	0.22378	0.00352	0.00614	0.00251	0.00296
35	0.00507	0.00359	0.00465	0.00505	0.00567	0.00343	0.00381	0.00645	0.02333	0.01123	0.24857	0.34629	0.05255	0.02024	0.00454	0.00137	0.00222	0.18783	0.06090	0.00318
36	0.03460	0.01855	0.01981	0.14749	0.25693	0.09190	0.06963	0.11386	0.03223	0.03300	0.00702	0.00897	0.00564	0.01841	0.00474	0.00118	0.11166	0.00317	0.01636	0.00485
37	0.00739	0.00621	0.00950	0.03769	0.29815	0.00612	0.05787	0.00980	0.08748	0.06400	0.05635	0.12646	0.18788	0.00600	0.00392	0.00118	0.00322	0.02354	0.00276	0.00450
38	0.00517	0.00346	0.00466	0.00479	0.00505	0.00362	0.00326	0.00547	0.00565	0.00775	0.02944	0.16059	0.01278	0.30065	0.28595	0.14665	0.00508	0.00526	0.00221	0.00254
39	0.00510	0.00348	0.00398	0.00405	0.00419	0.00342	0.00243	0.00530	0.00572	0.00756	0.03948	0.06299	0.06734	0.71782	0.01564	0.00307	0.00322	0.04049	0.00238	0.00233
40	0.00738	0.00633	0.00738	0.00527	0.00844	0.00475	0.00422	0.00896	0.00738	0.01160	0.00633	0.00738	0.00527	0.00264	0.00264	0.00053	0.00264	0.00211	0.00211	0.89664
41	0.01067	0.02261	0.02377	0.07614	0.07229	0.26739	0.01781	0.19081	0.09684	0.02811	0.00915	0.01036	0.02864	0.00467	0.02192	0.00114	0.00452	0.01892	0.08953	0.00472
42	0.00578	0.00446	0.00484	0.00478	0.00546	0.03327	0.00330	0.02624	0.08196	0.01755	0.15388	0.17725	0.12771	0.31394	0.00908	0.00202	0.00274	0.01964	0.00299	0.00312
43	0.00514	0.00368	0.00534	0.00538	0.00587	0.00416	0.00401	0.00602	0.00563	0.00798	0.00997	0.05406	0.00988	0.13118	0.65559	0.06901	0.00797	0.00422	0.00198	0.00292
44	0.00952	0.87702	0.01866	0.00609	0.00914	0.01409	0.00609	0.01066	0.00723	0.00838	0.00495	0.00571	0.00457	0.00305	0.00228	0.00076	0.00381	0.00190	0.00152	0.00457
45	0.00449	0.00348	0.00406	0.00424	0.00504	0.00308	0.00306	0.00547	0.00810	0.01045	0.21207	0.26894	0.39656	0.03371	0.00471	0.00132	0.00192	0.02286	0.00341	0.00303
46	0.00959	0.00996	0.01359	0.03492	0.68485	0.16309	0.01017	0.01149	0.00845	0.01106	0.00647	0.00839	0.00543	0.00327	0.00347	0.00103	0.00464	0.00301	0.00177	0.00533
47	0.00557	0.00455	0.00579	0.00570	0.00607	0.03089	0.00419	0.00635	0.00609	0.00839	0.03659	0.19306	0.02835	0.20855	0.30674	0.00337	0.12903	0.00542	0.00229	0.00302
48	0.00484	0.00345	0.00429	0.00473	0.00532	0.00319	0.00336	0.00565	0.00738	0.03531	0.04983	0.53333	0.23126	0.02140	0.00468	0.00139	0.01401	0.04528	0.01824	0.00306
49	0.07990	0.00488	0.00563	0.00577	0.00673	0.03738	0.00468	0.03664	0.00809	0.01130	0.11476	0.10075	0.08927	0.02338	0.05361	0.03054	0.02876	0.33022	0.02439	0.00335
50	0.00862	0.00832	0.01258	0.20884	0.47212	0.06490	0.03790	0.05010	0.02356	0.01120	0.00770	0.00978	0.03242	0.00385	0.00389	0.02971	0.00440	0.00330	0.00189	0.00494
51	0.04899	0.03592	0.04629	0.00791	0.00970	0.06801	0.09290	0.13754	0.00899	0.08438	0.06789	0.04584	0.07818	0.03990	0.03129	0.00143	0.18381	0.00407	0.00259	0.00436
52	0.02720	0.00548	0.00665	0.00568	0.00747	0.00536	0.02678	0.09285	0.09982	0.22698	0.11066	0.05158	0.16753	0.00596	0.00370	0.00113	0.00259	0.03253	0.11552	0.00451

[dist]
# distance from previous block
# <min> <max>
0	68

[block]
# block no. 6 follows, 78 sequences, length 16
# corresponding to MSA columns:
# 675-690
name=unknown_G
#
# <colnr> <probs for GDERKNQSTAVLIFYWHMCP>
#	G	D	E	R	K	N	Q	S	T	A	V	L	I	F	Y	W	H	M	C	P
0	0.12094	0.04185	0.13919	0.00890	0.03136	0.09403	0.13794	0.06200	0.11450	0.03873	0.02553	0.01090	0.03195	0.00585	0.06793	0.00148	0.03581	0.02413	0.00234	0.00464
1	0.06042	0.00830	0.00969	0.08812	0.03188	0.15007	0.10240	0.05054	0.06295	0.01090	0.00965	0.20328	0.00950	0.00560	0.00471	0.00119	0.11574	0.00461	0.00234	0.06810
2	0.00870	0.00867	0.02947	0.08886	0.50678	0.00877	0.16164	0.04845	0.03703	0.01181	0.00700	0.00908	0.00565	0.00344	0.00407	0.00113	0.04892	0.00338	0.00188	0.00527
3	0.23653	0.00731	0.00792	0.01717	0.09704	0.03251	0.00538	0.19221	0.00899	0.01432	0.00809	0.05473	0.01939	0.06592	0.04219	0.00137	0.01466	0.00324	0.00247	0.16855
4	0.48903	0.00829	0.00713	0.00612	0.00836	0.07711	0.00493	0.18338	0.10894	0.03737	0.00757	0.03457	0.00595	0.00399	0.00284	0.00110	0.00328	0.00277	0.00271	0.00457
5	0.00435	0.00316	0.00411	0.00483	0.00514	0.00291	0.00326	0.00502	0.00702	0.00928	0.04494	0.77888	0.09224	0.01087	0.00451	0.00142	0.00203	0.00980	0.00332	0.00291
6	0.03003	0.03054	0.29510	0.01117	0.01487	0.04118	0.33314	0.04873	0.06936	0.03082	0.00817	0.03021	0.00642	0.00379	0.00375	0.00117	0.00508	0.02947	0.00206	0.00495
7	0.00959	0.25159	0.17969	0.00769	0.01054	0.08067	0.02172	0.11967	0.07014	0.06224	0.00777	0.01996	0.00631	0.02669	0.07885	0.00148	0.03544	0.00294	0.00222	0.00481
8	0.00451	0.00338	0.00416	0.00459	0.00519	0.00308	0.00327	0.00538	0.00762	0.00990	0.12435	0.45199	0.25750	0.03701	0.00486	0.00141	0.00207	0.06342	0.00334	0.00298
9	0.01508	0.00640	0.00831	0.00641	0.00910	0.00581	0.00529	0.11447	0.01086	0.71287	0.01452	0.01283	0.05174	0.00463	0.00361	0.00110	0.00307	0.00374	0.00425	0.00590
10	0.00897	0.39474	0.35187	0.00873	0.04434	0.04579	0.02880	0.03968	0.00792	0.03073	0.00601	0.00692	0.00476	0.00328	0.00293	0.00095	0.00455	0.00240	0.00168	0.00496
11	0.00843	0.26572	0.38504	0.00814	0.01183	0.00956	0.02955	0.03641	0.04673	0.05298	0.06664	0.00905	0.00726	0.00378	0.00336	0.00103	0.02585	0.00288	0.02086	0.00492
12	0.00449	0.00319	0.00423	0.00498	0.00523	0.00301	0.00339	0.00517	0.00691	0.00922	0.04333	0.75213	0.02308	0.05774	0.00529	0.00156	0.00220	0.05871	0.00326	0.00289
13	0.45201	0.00782	0.00919	0.04999	0.17965	0.03578	0.04786	0.03862	0.00717	0.03647	0.00584	0.00727	0.00466	0.00368	0.00381	0.00115	0.09996	0.00258	0.00209	0.00441
14	0.00480	0.00348	0.00420	0.00426	0.00503	0.00317	0.00308	0.00600	0.00854	0.01168	0.37963	0.21179	0.23369	0.03558	0.00459	0.00126	0.00185	0.00725	0.06699	0.00313
15	0.00833	0.00694	0.01016	0.04780	0.24273	0.02226	0.06604	0.07133	0.01967	0.05673	0.03876	0.11313	0.00941	0.00484	0.00393	0.02247	0.01697	0.02932	0.02450	0.18467

[dist]
# distance from previous block
# <min> <max>
3	23

[block]
# block no. 7 follows, 78 sequences, length 22
# corresponding to MSA columns:
# 717-738
name=unknown_H
#
# <colnr> <probs for GDERKNQSTAVLIFYWHMCP>
#	G	D	E	R	K	N	Q	S	T	A	V	L	I	F	Y	W	H	M	C	P
0	0.00764	0.00640	0.00899	0.00751	0.02796	0.02205	0.14705	0.06210	0.11029	0.06170	0.07718	0.13573	0.14955	0.01363	0.00403	0.00113	0.01096	0.00524	0.00295	0.13793
1	0.03418	0.00805	0.04348	0.00880	0.01107	0.06712	0.25458	0.06987	0.00849	0.17456	0.00980	0.01322	0.02299	0.21084	0.00738	0.00168	0.02892	0.00398	0.00254	0.01846
2	0.00806	0.00765	0.00922	0.00816	0.00886	0.06907	0.00667	0.05177	0.09005	0.01036	0.03114	0.03140	0.00888	0.04005	0.00866	0.00149	0.46822	0.10871	0.00224	0.02934
3	0.00912	0.00894	0.01522	0.01147	0.01442	0.00917	0.44886	0.10372	0.31153	0.01386	0.00998	0.01082	0.00744	0.00380	0.00392	0.00119	0.00463	0.00403	0.00265	0.00524
4	0.01397	0.00721	0.00872	0.00691	0.00953	0.00721	0.00564	0.18976	0.18755	0.50425	0.01299	0.01162	0.00867	0.00447	0.00359	0.00112	0.00317	0.00360	0.00407	0.00597
5	0.70096	0.00702	0.00596	0.00522	0.00746	0.00800	0.00426	0.03722	0.11082	0.07457	0.00688	0.00724	0.00514	0.00360	0.00252	0.00111	0.00282	0.00234	0.00257	0.00430
6	0.22254	0.00781	0.00811	0.00670	0.00890	0.00862	0.00540	0.45582	0.01203	0.04480	0.00962	0.14157	0.00843	0.00598	0.03670	0.00132	0.00355	0.00400	0.00316	0.00493
7	0.03384	0.46892	0.03587	0.00870	0.01147	0.03489	0.19869	0.01094	0.00745	0.04228	0.00584	0.00718	0.00492	0.00351	0.00399	0.00100	0.11153	0.00268	0.00173	0.00458
8	0.01449	0.00844	0.00974	0.00747	0.01028	0.00877	0.00617	0.51861	0.01418	0.34824	0.01070	0.00994	0.00713	0.00433	0.00357	0.00108	0.00357	0.00335	0.00389	0.00606
9	0.00477	0.00339	0.00466	0.00547	0.03214	0.00333	0.00357	0.00532	0.00643	0.00868	0.01633	0.60401	0.01908	0.09646	0.11253	0.05664	0.00326	0.00821	0.00286	0.00286
10	0.00438	0.00316	0.00415	0.00487	0.00516	0.00293	0.00328	0.00509	0.00709	0.00947	0.07762	0.77999	0.05803	0.01080	0.00451	0.00141	0.00203	0.00976	0.00335	0.00293
11	0.01011	0.00742	0.00806	0.00704	0.00912	0.02332	0.00559	0.12584	0.49735	0.13677	0.01472	0.03372	0.04420	0.00529	0.00372	0.00120	0.00303	0.05445	0.00366	0.00542
12	0.25009	0.00602	0.00647	0.02215	0.00789	0.02899	0.00479	0.09276	0.00862	0.19054	0.01251	0.19013	0.01183	0.00627	0.00358	0.00124	0.00299	0.13174	0.01713	0.00425
13	0.01861	0.04507	0.21024	0.08594	0.08889	0.03324	0.04884	0.03896	0.06241	0.04594	0.02150	0.22573	0.01079	0.00572	0.00394	0.00121	0.02425	0.02184	0.00242	0.00447
14	0.03885	0.00503	0.00568	0.00511	0.00655	0.00514	0.00396	0.05068	0.17399	0.11114	0.24376	0.04192	0.08294	0.00573	0.00354	0.00108	0.00222	0.00481	0.20367	0.00422
15	0.00517	0.00348	0.00400	0.00400	0.00404	0.00352	0.00231	0.00525	0.00521	0.00699	0.01111	0.02270	0.01268	0.82000	0.07264	0.00360	0.00385	0.00509	0.00214	0.00222
16	0.00660	0.00489	0.00646	0.00737	0.13592	0.00514	0.00436	0.04123	0.04901	0.00931	0.02986	0.01728	0.03298	0.40690	0.01200	0.11632	0.05019	0.00433	0.05669	0.00317
17	0.00850	0.01107	0.24987	0.07159	0.21269	0.00846	0.18572	0.02734	0.04060	0.06196	0.00750	0.02083	0.00579	0.00372	0.00425	0.00117	0.06849	0.00339	0.00196	0.00511
18	0.00515	0.00373	0.00479	0.00534	0.00600	0.00356	0.00407	0.02330	0.01994	0.02070	0.03730	0.43805	0.14930	0.01004	0.00455	0.00144	0.00244	0.25379	0.00333	0.00318
19	0.04557	0.00657	0.00949	0.36286	0.15139	0.03749	0.01765	0.05896	0.00801	0.03052	0.02612	0.15614	0.00945	0.02302	0.00399	0.00124	0.00394	0.02781	0.01564	0.00416
20	0.02316	0.06593	0.19094	0.18454	0.16004	0.13295	0.06088	0.04237	0.03124	0.04054	0.00715	0.00922	0.00563	0.00366	0.00344	0.00109	0.00481	0.02564	0.00193	0.00482
21	0.00710	0.00694	0.02363	0.11849	0.17896	0.04029	0.14923	0.02746	0.03192	0.01066	0.04351	0.17749	0.07659	0.02670	0.03170	0.00141	0.01775	0.02363	0.00238	0.00417

[dist]
# distance from previous block
# <min> <max>
4	16

[block]
# block no. 8 follows, 78 sequences, length 13
# corresponding to MSA columns:
# 759-771
name=unknown_I
#
# <colnr> <probs for GDERKNQSTAVLIFYWHMCP>
#	G	D	E	R	K	N	Q	S	T	A	V	L	I	F	Y	W	H	M	C	P
0	0.03986	0.16901	0.12438	0.02642	0.04526	0.06764	0.03881	0.15229	0.08142	0.12305	0.03335	0.03807	0.00747	0.00408	0.00329	0.00103	0.00394	0.00323	0.00264	0.03478
1	0.00863	0.17350	0.18890	0.10754	0.22345	0.03012	0.02638	0.07074	0.02289	0.02349	0.02092	0.00864	0.00585	0.00472	0.04736	0.00129	0.02581	0.00293	0.00189	0.00495
2	0.00605	0.00495	0.00674	0.00657	0.02613	0.02080	0.02653	0.03122	0.01938	0.00913	0.02890	0.08502	0.02416	0.16880	0.34574	0.00347	0.11738	0.06346	0.00225	0.00331
3	0.02771	0.01780	0.00967	0.03323	0.26311	0.06373	0.03455	0.09044	0.02149	0.08038	0.07672	0.14643	0.06526	0.00564	0.00379	0.00116	0.00351	0.03822	0.01255	0.00460
4	0.50625	0.03788	0.00716	0.00605	0.00806	0.23132	0.00482	0.04749	0.00781	0.01377	0.03111	0.00716	0.00538	0.00365	0.00277	0.00103	0.01863	0.00231	0.05334	0.00400
5	0.00758	0.00684	0.01182	0.05311	0.29378	0.00687	0.17152	0.02670	0.02262	0.03186	0.06663	0.10713	0.02308	0.01894	0.07645	0.00159	0.01850	0.02265	0.02780	0.00452
6	0.00456	0.00346	0.00423	0.00455	0.00526	0.00313	0.00332	0.00558	0.00804	0.01049	0.20111	0.35239	0.29429	0.00953	0.00439	0.00131	0.00200	0.07586	0.00343	0.00306
7	0.00563	0.00363	0.00514	0.00508	0.00537	0.00401	0.00364	0.00571	0.00531	0.00750	0.00858	0.01429	0.00854	0.16895	0.36451	0.30890	0.03723	0.00376	0.03176	0.00247
8	0.90002	0.00689	0.00523	0.00468	0.00689	0.00799	0.00386	0.01047	0.00606	0.01597	0.00496	0.00578	0.00386	0.00330	0.00220	0.00110	0.00275	0.00193	0.00220	0.00386
9	0.00434	0.00330	0.00393	0.00442	0.00496	0.00296	0.00303	0.00502	0.00718	0.00915	0.02495	0.52613	0.31585	0.06098	0.00522	0.00148	0.00205	0.00891	0.00324	0.00289
10	0.24331	0.05949	0.15760	0.00749	0.01012	0.18635	0.00690	0.10173	0.07297	0.03884	0.00743	0.02944	0.00603	0.00409	0.00336	0.00109	0.03251	0.02432	0.00232	0.00460
