[name]
unknown

[dist]
# distance from previous block
# <min> <max>
0	114

[block]
# block no. 0 follows, 73 sequences, length 9
# corresponding to MSA columns:
# 114-122
name=unknown_A
#
# <colnr> <probs for GDERKNQSTAVLIFYWHMCP>
#	G	D	E	R	K	N	Q	S	T	A	V	L	I	F	Y	W	H	M	C	P
0	0.00478	0.00341	0.00454	0.00532	0.00563	0.00321	0.00369	0.00556	0.00743	0.00992	0.05941	0.71875	0.02463	0.04064	0.00530	0.00160	0.00233	0.08731	0.00347	0.00308
1	0.00540	0.00368	0.00447	0.00483	0.00561	0.00327	0.00341	0.00621	0.00792	0.06967	0.02633	0.51401	0.31049	0.01046	0.00459	0.00141	0.00215	0.00921	0.00357	0.00333
2	0.01401	0.01788	0.01063	0.00967	0.01160	0.85309	0.00725	0.01498	0.01063	0.00918	0.00580	0.00677	0.00483	0.00387	0.00338	0.00097	0.00677	0.00242	0.00193	0.00435
3	0.00818	0.00690	0.00799	0.00574	0.00906	0.00541	0.00461	0.05972	0.00838	0.01292	0.00681	0.00785	0.00561	0.00288	0.00284	0.00059	0.00286	0.00229	0.00232	0.83702
4	0.00971	0.01004	0.01457	0.10468	0.59577	0.12943	0.05823	0.01184	0.00875	0.01154	0.00687	0.00905	0.00568	0.00345	0.00371	0.00112	0.00495	0.00327	0.00185	0.00549
5	0.01631	0.00722	0.00923	0.00707	0.01000	0.00676	0.00584	0.18380	0.01214	0.67984	0.01362	0.01200	0.00870	0.00462	0.00377	0.00115	0.00338	0.00369	0.00446	0.00638
6	0.00797	0.16895	0.70302	0.00994	0.01508	0.00979	0.01255	0.01177	0.00787	0.01134	0.00647	0.00759	0.00476	0.00350	0.00336	0.00112	0.00528	0.00264	0.00159	0.00542
7	0.01132	0.00844	0.00951	0.05684	0.01082	0.00924	0.00635	0.54433	0.04108	0.02004	0.17927	0.06147	0.01340	0.00553	0.00395	0.00117	0.00355	0.00451	0.00370	0.00547
8	0.00856	0.00512	0.00736	0.22920	0.01183	0.00519	0.00576	0.01011	0.00888	0.22822	0.16313	0.17862	0.08787	0.02763	0.00450	0.00133	0.00312	0.00590	0.00339	0.00429

[dist]
# distance from previous block
# <min> <max>
0	4

[block]
# block no. 1 follows, 73 sequences, length 126
# corresponding to MSA columns:
# 127-252
name=unknown_B
#
# <colnr> <probs for GDERKNQSTAVLIFYWHMCP>
#	G	D	E	R	K	N	Q	S	T	A	V	L	I	F	Y	W	H	M	C	P
0	0.00719	0.00683	0.01170	0.81237	0.04497	0.00839	0.03675	0.00971	0.00757	0.00973	0.00671	0.00999	0.00505	0.00372	0.00377	0.00125	0.00503	0.00337	0.00168	0.00424
1	0.00709	0.00667	0.01125	0.85913	0.02584	0.00834	0.01042	0.00959	0.00750	0.00959	0.00667	0.01000	0.00500	0.00375	0.00375	0.00125	0.00500	0.00333	0.00167	0.00417
2	0.36288	0.17197	0.05322	0.00652	0.00936	0.02632	0.01756	0.07870	0.03368	0.19588	0.00803	0.00817	0.00582	0.00382	0.00293	0.00109	0.00354	0.00266	0.00280	0.00505
3	0.01039	0.01247	0.31615	0.01150	0.01561	0.00824	0.30722	0.01349	0.00892	0.22452	0.00905	0.00996	0.00625	0.00376	0.00414	0.00122	0.02542	0.00364	0.00248	0.00555
4	0.01683	0.00638	0.00871	0.00668	0.00958	0.00551	0.00551	0.01828	0.01074	0.84734	0.01480	0.01277	0.00929	0.00464	0.00377	0.00116	0.00319	0.00377	0.00464	0.00638
5	0.00463	0.00329	0.00434	0.00515	0.00536	0.00308	0.00341	0.00524	0.00708	0.00944	0.02013	0.81401	0.02413	0.06438	0.00567	0.00165	0.00227	0.01035	0.00341	0.00300
6	0.00890	0.00874	0.01673	0.16691	0.30922	0.00874	0.34113	0.01148	0.00854	0.04615	0.00791	0.03391	0.00634	0.00363	0.00404	0.00121	0.00519	0.00400	0.00200	0.00521
7	0.00522	0.00379	0.00492	0.00472	0.00557	0.00349	0.00351	0.00688	0.01029	0.01446	0.75243	0.09001	0.06453	0.00804	0.00445	0.00121	0.00180	0.00711	0.00406	0.00349
8	0.01401	0.01788	0.01063	0.00967	0.01160	0.85309	0.00725	0.01498	0.01063	0.00918	0.00580	0.00677	0.00483	0.00387	0.00338	0.00097	0.00677	0.00242	0.00193	0.00435
9	0.00596	0.00478	0.00511	0.00487	0.00628	0.00463	0.00373	0.00915	0.18752	0.02895	0.13598	0.02937	0.49973	0.00810	0.00426	0.00126	0.00217	0.02641	0.02786	0.00389
10	0.01295	0.00975	0.00959	0.00799	0.01049	0.12902	0.00635	0.23816	0.32011	0.19671	0.01213	0.01136	0.00867	0.00466	0.00373	0.00117	0.00387	0.00365	0.00371	0.00593
11	0.23948	0.00724	0.00829	0.00653	0.00930	0.00719	0.00539	0.14175	0.01069	0.50951	0.01148	0.01049	0.00751	0.00433	0.00340	0.00116	0.00326	0.00327	0.00392	0.00579
12	0.33293	0.00677	0.00760	0.00608	0.00878	0.00667	0.00502	0.02994	0.00929	0.53380	0.01125	0.01030	0.00735	0.00422	0.00325	0.00116	0.00310	0.00314	0.00379	0.00555
13	0.00686	0.01247	0.42240	0.00948	0.01312	0.00700	0.13577	0.00995	0.00837	0.01170	0.06996	0.05682	0.12566	0.00568	0.00410	0.00128	0.00453	0.08782	0.00235	0.00468
14	0.89465	0.00726	0.00551	0.00493	0.00726	0.00842	0.00406	0.01103	0.00638	0.01683	0.00522	0.00609	0.00406	0.00348	0.00232	0.00116	0.00290	0.00203	0.00232	0.00406
15	0.00457	0.00326	0.00435	0.00522	0.00544	0.00305	0.00348	0.00522	0.00718	0.00958	0.02068	0.86570	0.02481	0.01175	0.00479	0.00152	0.00218	0.01067	0.00348	0.00305
16	0.01082	0.00903	0.01835	0.01328	0.01678	0.00836	0.60187	0.01351	0.00933	0.22425	0.00971	0.01155	0.00698	0.00371	0.00428	0.00125	0.00546	0.02350	0.00263	0.00536
17	0.03427	0.31464	0.05004	0.00905	0.01204	0.22654	0.11768	0.16023	0.01038	0.02297	0.00655	0.00746	0.00525	0.00364	0.00323	0.00099	0.00507	0.00274	0.00217	0.00504
18	0.00529	0.00383	0.00499	0.00470	0.00560	0.00353	0.00353	0.00705	0.01058	0.01495	0.82791	0.02817	0.05031	0.00770	0.00443	0.00118	0.00177	0.00681	0.00412	0.00353
19	0.00477	0.00342	0.00453	0.00509	0.00549	0.00318	0.00350	0.00573	0.00812	0.01107	0.24523	0.63690	0.02771	0.01064	0.00469	0.00143	0.00207	0.00961	0.00366	0.00318
20	0.01004	0.01006	0.15351	0.10145	0.48016	0.00831	0.01078	0.02202	0.00879	0.14643	0.00823	0.00969	0.00619	0.00364	0.00370	0.00115	0.00449	0.00332	0.00226	0.00578
21	0.10161	0.00973	0.01016	0.00808	0.01084	0.01088	0.00660	0.59820	0.16971	0.02148	0.00980	0.00965	0.00710	0.00451	0.00362	0.00116	0.00379	0.00340	0.00362	0.00607
22	0.01401	0.01788	0.01063	0.00967	0.01160	0.85309	0.00725	0.01498	0.01063	0.00918	0.00580	0.00677	0.00483	0.00387	0.00338	0.00097	0.00677	0.00242	0.00193	0.00435
23	0.00457	0.00326	0.00435	0.00522	0.00544	0.00305	0.00348	0.00522	0.00718	0.00958	0.02068	0.86570	0.02481	0.01175	0.00479	0.00152	0.00218	0.01067	0.00348	0.00305
24	0.89465	0.00726	0.00551	0.00493	0.00726	0.00842	0.00406	0.01103	0.00638	0.01683	0.00522	0.00609	0.00406	0.00348	0.00232	0.00116	0.00290	0.00203	0.00232	0.00406
25	0.00803	0.00666	0.00781	0.00559	0.00891	0.00502	0.00447	0.00969	0.00786	0.03505	0.00689	0.00792	0.00566	0.00283	0.00281	0.00057	0.00279	0.00227	0.00229	0.86691
26	0.00835	0.00736	0.01129	0.22673	0.31322	0.00794	0.02010	0.10016	0.06207	0.01254	0.01045	0.16542	0.00986	0.00536	0.00397	0.00125	0.00405	0.02245	0.00247	0.00495
27	0.89465	0.00726	0.00551	0.00493	0.00726	0.00842	0.00406	0.01103	0.00638	0.01683	0.00522	0.00609	0.00406	0.00348	0.00232	0.00116	0.00290	0.00203	0.00232	0.00406
28	0.00933	0.00806	0.00848	0.00764	0.00976	0.00933	0.00594	0.01994	0.83797	0.01569	0.01527	0.01400	0.01145	0.00509	0.00382	0.00127	0.00297	0.00424	0.00382	0.00594
29	0.00467	0.00363	0.00427	0.00474	0.00543	0.00330	0.00331	0.00576	0.03435	0.00999	0.02737	0.50975	0.34861	0.01065	0.00462	0.00141	0.00209	0.00937	0.00349	0.00319
30	0.00929	0.00891	0.01523	0.02303	0.84475	0.00891	0.01151	0.01151	0.00854	0.01226	0.00706	0.00929	0.00594	0.00334	0.00371	0.00111	0.00446	0.00334	0.00186	0.00594
31	0.00588	0.00420	0.00585	0.00671	0.00750	0.00417	0.00575	0.00748	0.00847	0.01104	0.01996	0.13743	0.02196	0.01052	0.00514	0.00170	0.00331	0.72606	0.00346	0.00341
32	0.00457	0.00326	0.00435	0.00522	0.00544	0.00305	0.00348	0.00522	0.00718	0.00958	0.02068	0.86570	0.02481	0.01175	0.00479	0.00152	0.00218	0.01067	0.00348	0.00305
33	0.00531	0.00383	0.00501	0.00472	0.00560	0.00354	0.00354	0.00708	0.01062	0.01504	0.84277	0.02802	0.03540	0.00767	0.00442	0.00118	0.00177	0.00678	0.00413	0.00354
34	0.01003	0.87041	0.01966	0.00642	0.00963	0.01485	0.00642	0.01123	0.00762	0.00883	0.00522	0.00602	0.00481	0.00321	0.00241	0.00080	0.00401	0.00201	0.00160	0.00481
35	0.87744	0.00732	0.00563	0.00501	0.00734	0.00848	0.00412	0.02708	0.00660	0.01697	0.00530	0.00615	0.00411	0.00350	0.00235	0.00116	0.00293	0.00206	0.00235	0.00411
36	0.01590	0.00788	0.00963	0.00739	0.01032	0.00774	0.00610	0.31408	0.01325	0.54801	0.01270	0.01140	0.00823	0.00459	0.00377	0.00115	0.00353	0.00363	0.00432	0.00638
37	0.89465	0.00726	0.00551	0.00493	0.00726	0.00842	0.00406	0.01103	0.00638	0.01683	0.00522	0.00609	0.00406	0.00348	0.00232	0.00116	0.00290	0.00203	0.00232	0.00406
38	0.13685	0.01155	0.01437	0.01122	0.02327	0.25296	0.33560	0.05182	0.00964	0.10600	0.00761	0.00882	0.00565	0.00364	0.00371	0.00114	0.00549	0.00337	0.00236	0.00493
39	0.00456	0.00376	0.00402	0.00420	0.00524	0.00326	0.00305	0.00563	0.02404	0.01011	0.03364	0.22400	0.64160	0.00993	0.00450	0.00133	0.00198	0.00847	0.00349	0.00319
40	0.00929	0.00888	0.01494	0.02237	0.80920	0.00893	0.01128	0.01187	0.04385	0.01240	0.00741	0.00949	0.00618	0.00342	0.00372	0.00112	0.00439	0.00338	0.00194	0.00594
41	0.00492	0.00353	0.00474	0.00559	0.00599	0.00336	0.00408	0.00584	0.00757	0.00999	0.02097	0.64458	0.04716	0.01136	0.00487	0.00157	0.00248	0.20478	0.00348	0.00315
42	0.00933	0.00806	0.00848	0.00764	0.00976	0.00933	0.00594	0.01994	0.83797	0.01569	0.01527	0.01400	0.01145	0.00509	0.00382	0.00127	0.00297	0.00424	0.00382	0.00594
43	0.00929	0.00891	0.01523	0.02303	0.84475	0.00891	0.01151	0.01151	0.00854	0.01226	0.00706	0.00929	0.00594	0.00334	0.00371	0.00111	0.00446	0.00334	0.00186	0.00594
44	0.01003	0.87041	0.01966	0.00642	0.00963	0.01485	0.00642	0.01123	0.00762	0.00883	0.00522	0.00602	0.00481	0.00321	0.00241	0.00080	0.00401	0.00201	0.00160	0.00481
45	0.89465	0.00726	0.00551	0.00493	0.00726	0.00842	0.00406	0.01103	0.00638	0.01683	0.00522	0.00609	0.00406	0.00348	0.00232	0.00116	0.00290	0.00203	0.00232	0.00406
46	0.01077	0.01119	0.01411	0.01853	0.55450	0.21550	0.04507	0.04915	0.00951	0.02612	0.00699	0.00875	0.00574	0.00354	0.00367	0.00109	0.00507	0.00317	0.00201	0.00554
47	0.00546	0.00405	0.00542	0.00548	0.04132	0.00376	0.00386	0.00723	0.01048	0.01482	0.78900	0.02741	0.05240	0.00753	0.00439	0.00118	0.00189	0.00666	0.00402	0.00363
48	0.00457	0.00326	0.00435	0.00522	0.00544	0.00305	0.00348	0.00522	0.00718	0.00958	0.02068	0.86570	0.02481	0.01175	0.00479	0.00152	0.00218	0.01067	0.00348	0.00305
49	0.00457	0.00326	0.00435	0.00522	0.00544	0.00305	0.00348	0.00522	0.00718	0.00958	0.02068	0.86570	0.02481	0.01175	0.00479	0.00152	0.00218	0.01067	0.00348	0.00305
50	0.01022	0.00850	0.01045	0.26310	0.05676	0.02149	0.00788	0.26935	0.26524	0.01605	0.01015	0.01091	0.00754	0.00439	0.00374	0.00120	0.00404	0.00362	0.01990	0.00548
51	0.00752	0.01941	0.84871	0.01069	0.01624	0.00871	0.01386	0.01188	0.00792	0.01188	0.00673	0.00792	0.00475	0.00356	0.00356	0.00119	0.00554	0.00277	0.00158	0.00554
52	0.00605	0.00432	0.00605	0.00691	0.00777	0.00432	0.00605	0.00777	0.00864	0.01123	0.01986	0.04232	0.02159	0.01036	0.00518	0.00173	0.00345	0.81949	0.00345	0.00345
53	0.00897	0.01004	0.02137	0.01534	0.01905	0.00952	0.78206	0.02622	0.04430	0.01237	0.00794	0.01027	0.00595	0.00327	0.00439	0.00126	0.00615	0.00440	0.00201	0.00512
54	0.00443	0.00380	0.00380	0.00380	0.00507	0.00317	0.00285	0.00538	0.00855	0.01014	0.03801	0.03611	0.84322	0.00950	0.00443	0.00127	0.00190	0.00792	0.00348	0.00317
55	0.00886	0.01012	0.02214	0.01581	0.01961	0.00949	0.83112	0.01202	0.00886	0.01202	0.00759	0.01012	0.00569	0.00316	0.00443	0.00127	0.00633	0.00443	0.00190	0.00506
56	0.01331	0.01542	0.01085	0.00952	0.01138	0.60578	0.00735	0.14935	0.01116	0.01155	0.00622	0.00732	0.00510	0.00432	0.00459	0.00108	0.11616	0.00269	0.00220	0.00465
57	0.00778	0.00667	0.00778	0.00556	0.00889	0.00500	0.00445	0.00945	0.00778	0.01223	0.00667	0.00778	0.00556	0.00278	0.00278	0.00056	0.00278	0.00222	0.00222	0.89108
58	0.00933	0.00806	0.00848	0.00764	0.00976	0.00933	0.00594	0.01994	0.83797	0.01569	0.01527	0.01400	0.01145	0.00509	0.00382	0.00127	0.00297	0.00424	0.00382	0.00594
59	0.01683	0.00638	0.00871	0.00668	0.00958	0.00551	0.00551	0.01828	0.01074	0.84734	0.01480	0.01277	0.00929	0.00464	0.00377	0.00116	0.00319	0.00377	0.00464	0.00638
60	0.00918	0.00507	0.00651	0.00561	0.00721	0.00475	0.00438	0.05706	0.04072	0.24959	0.51377	0.04193	0.02531	0.00664	0.00419	0.00118	0.00236	0.00575	0.00423	0.00457
61	0.00580	0.00411	0.00563	0.00642	0.00719	0.00405	0.00541	0.00734	0.00844	0.01113	0.03960	0.16614	0.04190	0.01030	0.00500	0.00164	0.00313	0.63153	0.03185	0.00339
62	0.00443	0.00380	0.00380	0.00380	0.00507	0.00317	0.00285	0.00538	0.00855	0.01014	0.03801	0.03611	0.84322	0.00950	0.00443	0.00127	0.00190	0.00792	0.00348	0.00317
63	0.01683	0.00638	0.00871	0.00668	0.00958	0.00551	0.00551	0.01828	0.01074	0.84734	0.01480	0.01277	0.00929	0.00464	0.00377	0.00116	0.00319	0.00377	0.00464	0.00638
64	0.00718	0.00677	0.01143	0.82145	0.06274	0.00836	0.01047	0.00967	0.00755	0.00971	0.00669	0.00997	0.00504	0.00373	0.00375	0.00124	0.00498	0.00333	0.00168	0.00425
65	0.01502	0.00679	0.00865	0.00691	0.00962	0.00644	0.00562	0.01868	0.21045	0.64657	0.01491	0.01307	0.00981	0.00475	0.00378	0.00119	0.00314	0.00389	0.00444	0.00628
66	0.01683	0.00638	0.00871	0.00668	0.00958	0.00551	0.00551	0.01828	0.01074	0.84734	0.01480	0.01277	0.00929	0.00464	0.00377	0.00116	0.00319	0.00377	0.00464	0.00638
67	0.00946	0.00682	0.00770	0.00680	0.00873	0.00740	0.00530	0.02952	0.50435	0.13195	0.21996	0.01722	0.01700	0.00566	0.00396	0.00123	0.00272	0.00479	0.00401	0.00541
68	0.04145	0.00641	0.00862	0.00663	0.00951	0.00560	0.00547	0.01808	0.01062	0.82405	0.01453	0.01258	0.00914	0.00461	0.00373	0.00116	0.00318	0.00372	0.00458	0.00632
69	0.00867	0.00983	0.02138	0.01536	0.01900	0.00921	0.79588	0.01173	0.00878	0.01191	0.00815	0.04655	0.00651	0.00353	0.00444	0.00128	0.00615	0.00469	0.00197	0.00497
70	0.01003	0.87041	0.01966	0.00642	0.00963	0.01485	0.00642	0.01123	0.00762	0.00883	0.00522	0.00602	0.00481	0.00321	0.00241	0.00080	0.00401	0.00201	0.00160	0.00481
71	0.00876	0.43946	0.43949	0.00858	0.01298	0.01174	0.01019	0.01156	0.00777	0.01037	0.00598	0.00698	0.00478	0.00339	0.00299	0.00100	0.00479	0.00239	0.00159	0.00518
72	0.00583	0.00518	0.00765	0.00640	0.00820	0.00460	0.16201	0.00740	0.02097	0.03746	0.03023	0.03034	0.60453	0.00811	0.00444	0.00129	0.00288	0.04557	0.00322	0.00369
73	0.00878	0.00626	0.00677	0.00613	0.00783	0.00688	0.00475	0.01543	0.46992	0.07019	0.09737	0.01532	0.01320	0.00512	0.00354	0.00115	0.00252	0.00426	0.24953	0.00505
74	0.89465	0.00726	0.00551	0.00493	0.00726	0.00842	0.00406	0.01103	0.00638	0.01683	0.00522	0.00609	0.00406	0.00348	0.00232	0.00116	0.00290	0.00203	0.00232	0.00406
75	0.01003	0.87041	0.01966	0.00642	0.00963	0.01485	0.00642	0.01123	0.00762	0.00883	0.00522	0.00602	0.00481	0.00321	0.00241	0.00080	0.00401	0.00201	0.00160	0.00481
76	0.89465	0.00726	0.00551	0.00493	0.00726	0.00842	0.00406	0.01103	0.00638	0.01683	0.00522	0.00609	0.00406	0.00348	0.00232	0.00116	0.00290	0.00203	0.00232	0.00406
77	0.00933	0.00806	0.00848	0.00764	0.00976	0.00933	0.00594	0.01994	0.83797	0.01569	0.01527	0.01400	0.01145	0.00509	0.00382	0.00127	0.00297	0.00424	0.00382	0.00594
78	0.00933	0.00806	0.00848	0.00764	0.00976	0.00933	0.00594	0.01994	0.83797	0.01569	0.01527	0.01400	0.01145	0.00509	0.00382	0.00127	0.00297	0.00424	0.00382	0.00594
79	0.01300	0.00988	0.01055	0.00838	0.01115	0.01105	0.00683	0.62450	0.22743	0.02161	0.01061	0.01028	0.00768	0.00465	0.00377	0.00116	0.00383	0.00360	0.00377	0.00627
80	0.00572	0.00412	0.00505	0.00477	0.00571	0.01973	0.00357	0.00739	0.01030	0.03143	0.70972	0.05061	0.07444	0.00760	0.00432	0.00118	0.00191	0.00667	0.04217	0.00358
81	0.00531	0.00381	0.00481	0.00456	0.00548	0.00350	0.00342	0.00700	0.01025	0.01448	0.71351	0.02806	0.11681	0.00767	0.00432	0.00117	0.00178	0.00672	0.05383	0.00350
82	0.00496	0.00331	0.00424	0.00498	0.00530	0.00313	0.00338	0.00580	0.00731	0.01028	0.01937	0.72492	0.02244	0.01060	0.00446	0.00143	0.00213	0.01905	0.13980	0.00312
83	0.00468	0.00335	0.00449	0.00534	0.00561	0.00316	0.00367	0.00541	0.00724	0.00966	0.02039	0.79639	0.02427	0.01205	0.02425	0.00164	0.00243	0.05945	0.00345	0.00308
84	0.00523	0.00383	0.00490	0.00463	0.00555	0.00350	0.00347	0.00692	0.01042	0.01457	0.76492	0.02881	0.11354	0.00785	0.00443	0.00119	0.00178	0.00689	0.00407	0.00350
85	0.89465	0.00726	0.00551	0.00493	0.00726	0.00842	0.00406	0.01103	0.00638	0.01683	0.00522	0.00609	0.00406	0.00348	0.00232	0.00116	0.00290	0.00203	0.00232	0.00406
86	0.00752	0.01941	0.84871	0.01069	0.01624	0.00871	0.01386	0.01188	0.00792	0.01188	0.00673	0.00792	0.00475	0.00356	0.00356	0.00119	0.00554	0.00277	0.00158	0.00554
87	0.00474	0.00343	0.00450	0.00532	0.00561	0.00326	0.00359	0.00571	0.03272	0.00979	0.02050	0.82831	0.02436	0.01153	0.00476	0.00152	0.00222	0.02150	0.00349	0.00314
88	0.00465	0.00332	0.00445	0.00532	0.00557	0.00312	0.00362	0.00536	0.00726	0.00967	0.02063	0.82020	0.02464	0.01168	0.00481	0.00153	0.00225	0.05536	0.00348	0.00307
89	0.00920	0.00894	0.01471	0.10432	0.74200	0.03193	0.01129	0.01142	0.00850	0.01191	0.00698	0.00929	0.00582	0.00340	0.00371	0.00112	0.00457	0.00332	0.00184	0.00573
90	0.00883	0.01027	0.03559	0.01573	0.01955	0.00948	0.81782	0.01202	0.00884	0.01202	0.00758	0.01008	0.00568	0.00317	0.00441	0.00126	0.00631	0.00440	0.00189	0.00507
91	0.01669	0.00661	0.00885	0.00678	0.00969	0.00585	0.00560	0.06335	0.01112	0.80173	0.01448	0.01256	0.00913	0.00464	0.00377	0.00116	0.00324	0.00375	0.00459	0.00638
92	0.00839	0.33550	0.32060	0.02799	0.02844	0.03948	0.00913	0.01078	0.00758	0.01006	0.00687	0.03153	0.00593	0.00677	0.10758	0.00165	0.03230	0.00288	0.00172	0.00482
93	0.00696	0.00649	0.01088	0.81110	0.02470	0.00805	0.01003	0.00939	0.00757	0.00972	0.02734	0.03786	0.00637	0.00410	0.00380	0.00126	0.00483	0.00365	0.00178	0.00412
94	0.00552	0.00413	0.00572	0.00566	0.00609	0.00471	0.00415	0.00644	0.00598	0.00847	0.02525	0.05018	0.01136	0.26091	0.52309	0.00484	0.05758	0.00468	0.00216	0.00308
95	0.00513	0.00433	0.00451	0.00438	0.00571	0.00398	0.00331	0.00737	0.11304	0.01128	0.10930	0.04224	0.65444	0.00880	0.00436	0.00126	0.00203	0.00738	0.00359	0.00355
96	0.01226	0.01053	0.04978	0.03788	0.01439	0.01065	0.23189	0.51833	0.02564	0.03770	0.00866	0.00945	0.00621	0.00409	0.00393	0.00117	0.00478	0.00366	0.00311	0.00591
97	0.00752	0.01941	0.84871	0.01069	0.01624	0.00871	0.01386	0.01188	0.00792	0.01188	0.00673	0.00792	0.00475	0.00356	0.00356	0.00119	0.00554	0.00277	0.00158	0.00554
98	0.89465	0.00726	0.00551	0.00493	0.00726	0.00842	0.00406	0.01103	0.00638	0.01683	0.00522	0.00609	0.00406	0.00348	0.00232	0.00116	0.00290	0.00203	0.00232	0.00406
99	0.00494	0.00357	0.00467	0.00492	0.00551	0.00330	0.00349	0.00616	0.00895	0.01234	0.43340	0.41874	0.05674	0.00963	0.00459	0.00134	0.00196	0.00863	0.00381	0.00330
100	0.00821	0.00821	0.01149	0.00985	0.00985	0.01149	0.00821	0.00903	0.00575	0.00903	0.00492	0.00821	0.00492	0.00657	0.01231	0.00164	0.86128	0.00328	0.00164	0.00410
101	0.00778	0.00667	0.00778	0.00556	0.00889	0.00500	0.00445	0.00945	0.00778	0.01223	0.00667	0.00778	0.00556	0.00278	0.00278	0.00056	0.00278	0.00222	0.00222	0.89108
102	0.00764	0.00708	0.01137	0.70305	0.04341	0.00859	0.03249	0.03710	0.09116	0.01078	0.00764	0.01036	0.00573	0.00388	0.00378	0.00125	0.00479	0.00346	0.00196	0.00448
103	0.00511	0.00393	0.00469	0.00454	0.00557	0.00357	0.00341	0.00680	0.03281	0.01311	0.49779	0.05757	0.31467	0.00842	0.00444	0.00123	0.00189	0.02312	0.00386	0.00346
104	0.00450	0.00374	0.00394	0.00402	0.00514	0.00317	0.00296	0.00546	0.00851	0.01035	0.08257	0.13272	0.70068	0.00966	0.00448	0.00129	0.00193	0.00817	0.00352	0.00317
105	0.04235	0.00731	0.00818	0.00701	0.00921	0.00789	0.00555	0.09110	0.44219	0.19505	0.11923	0.01478	0.01328	0.00520	0.00381	0.00122	0.00295	0.00430	0.01370	0.00568
106	0.02180	0.60018	0.27081	0.00769	0.01160	0.01289	0.00864	0.01143	0.00770	0.00987	0.00568	0.00660	0.00479	0.00332	0.00276	0.00092	0.00446	0.00224	0.00161	0.00503
107	0.89465	0.00726	0.00551	0.00493	0.00726	0.00842	0.00406	0.01103	0.00638	0.01683	0.00522	0.00609	0.00406	0.00348	0.00232	0.00116	0.00290	0.00203	0.00232	0.00406
108	0.00537	0.00368	0.00439	0.00444	0.00458	0.00375	0.00272	0.00563	0.00572	0.00769	0.01274	0.06615	0.03683	0.67286	0.14474	0.00383	0.00449	0.00557	0.00233	0.00250
109	0.00833	0.22119	0.62522	0.00965	0.01452	0.03723	0.01188	0.01183	0.00794	0.01107	0.00634	0.00743	0.00477	0.00349	0.00328	0.00109	0.00522	0.00258	0.00160	0.00533
110	0.00485	0.00391	0.00445	0.00459	0.00552	0.00360	0.00335	0.00616	0.03851	0.01077	0.13200	0.26333	0.46645	0.00967	0.00469	0.00134	0.02169	0.00830	0.00353	0.00330
111	0.02788	0.00650	0.00873	0.00670	0.00960	0.00570	0.00553	0.03788	0.01085	0.81691	0.01454	0.01259	0.00915	0.00463	0.00375	0.00116	0.00321	0.00374	0.00459	0.00636
112	0.00850	0.00814	0.01398	0.27110	0.55771	0.00862	0.03398	0.01080	0.00821	0.01139	0.00729	0.03024	0.00611	0.00366	0.00377	0.00117	0.00462	0.00355	0.00184	0.00532
113	0.01023	0.03100	0.10839	0.06128	0.28507	0.18881	0.00904	0.01333	0.10728	0.07084	0.06227	0.01091	0.00844	0.00415	0.00368	0.00112	0.00465	0.01180	0.00242	0.00528
114	0.03769	0.02863	0.65860	0.01015	0.01499	0.03050	0.03158	0.02891	0.01924	0.07060	0.00733	0.00831	0.00520	0.00375	0.00379	0.00119	0.02926	0.00288	0.00191	0.00548
115	0.01423	0.00714	0.00878	0.00705	0.00965	0.00701	0.00571	0.14628	0.16153	0.50850	0.03247	0.05321	0.01053	0.00511	0.00384	0.00119	0.00322	0.00419	0.00429	0.00608
116	0.00485	0.00354	0.00460	0.00536	0.00572	0.00340	0.00367	0.00603	0.04673	0.01002	0.03375	0.77285	0.03734	0.01129	0.00474	0.00151	0.00224	0.03565	0.00351	0.00321
117	0.01008	0.02936	0.10117	0.04623	0.49427	0.05471	0.02942	0.07895	0.05266	0.05538	0.00789	0.00938	0.00619	0.00365	0.00368	0.00113	0.00458	0.00330	0.00222	0.00577
118	0.00551	0.00377	0.00444	0.00440	0.00446	0.00391	0.00263	0.00565	0.00552	0.00745	0.01150	0.02327	0.01305	0.77018	0.09741	0.00382	0.02311	0.00527	0.00223	0.00241
119	0.00457	0.00326	0.00435	0.00522	0.00544	0.00305	0.00348	0.00522	0.00718	0.00958	0.02068	0.86570	0.02481	0.01175	0.00479	0.00152	0.00218	0.01067	0.00348	0.00305
120	0.00975	0.68999	0.14942	0.00756	0.02911	0.04115	0.00773	0.01146	0.00779	0.00939	0.00551	0.00641	0.00483	0.00329	0.00265	0.00088	0.00435	0.00217	0.00162	0.00494
121	0.07239	0.07374	0.20998	0.01867	0.08831	0.01974	0.09346	0.17533	0.15562	0.04323	0.00884	0.00946	0.00657	0.00397	0.00358	0.00116	0.00443	0.00330	0.00262	0.00561
122	0.00544	0.00369	0.00434	0.00434	0.00442	0.00377	0.00258	0.00561	0.00553	0.00746	0.01160	0.02331	0.01310	0.76195	0.12455	0.00394	0.00445	0.00527	0.00224	0.00241
123	0.00919	0.00883	0.01504	0.05391	0.77235	0.00892	0.02935	0.01169	0.03177	0.01225	0.00728	0.00946	0.00606	0.00340	0.00373	0.00113	0.00448	0.00339	0.00191	0.00586
124	0.00621	0.00546	0.00815	0.03076	0.02430	0.00539	0.12979	0.00893	0.11795	0.01194	0.16657	0.21595	0.19996	0.00785	0.00455	0.00133	0.01660	0.03105	0.00329	0.00396
125	0.01015	0.11949	0.12296	0.01870	0.05616	0.02016	0.06217	0.12380	0.07096	0.10897	0.03715	0.02474	0.00770	0.00396	0.00343	0.00100	0.00391	0.00328	0.00270	0.19862

[dist]
# distance from previous block
# <min> <max>
1	9

[block]
# block no. 2 follows, 73 sequences, length 41
# corresponding to MSA columns:
# 318-358
name=unknown_C
#
# <colnr> <probs for GDERKNQSTAVLIFYWHMCP>
#	G	D	E	R	K	N	Q	S	T	A	V	L	I	F	Y	W	H	M	C	P
0	0.04860	0.12073	0.30227	0.01109	0.13366	0.04520	0.04677	0.09338	0.08156	0.04277	0.02391	0.00905	0.00645	0.00381	0.00347	0.00111	0.00461	0.00308	0.00226	0.01621
1	0.02325	0.00453	0.00535	0.00511	0.00629	0.01728	0.00380	0.00736	0.00844	0.04578	0.22459	0.19341	0.13112	0.10136	0.00584	0.00148	0.00253	0.08034	0.00333	0.12882
2	0.00986	0.78855	0.05562	0.00658	0.00979	0.01416	0.00663	0.02743	0.00777	0.00921	0.00557	0.00674	0.00512	0.03034	0.00301	0.00091	0.00407	0.00218	0.00167	0.00480
3	0.00741	0.00716	0.01125	0.75695	0.02397	0.03554	0.01012	0.00971	0.00745	0.00952	0.00649	0.00974	0.00499	0.00400	0.00450	0.00128	0.08078	0.00330	0.00167	0.00417
4	0.00923	0.01646	0.63426	0.00996	0.01487	0.00839	0.02987	0.07007	0.00898	0.12023	0.00795	0.00866	0.00550	0.00373	0.00360	0.00116	0.00506	0.00296	0.00216	0.03690
5	0.00634	0.00507	0.00554	0.00560	0.00638	0.02727	0.00389	0.00952	0.22815	0.01078	0.04271	0.32645	0.05988	0.23533	0.00824	0.00198	0.00287	0.00711	0.00323	0.00367
6	0.00462	0.00327	0.00434	0.00519	0.00542	0.00306	0.00346	0.00530	0.00720	0.00967	0.02050	0.84788	0.02450	0.01160	0.00474	0.00151	0.00217	0.01052	0.02201	0.00306
7	0.00478	0.00361	0.00458	0.00502	0.00554	0.00342	0.00352	0.00567	0.00794	0.01052	0.15186	0.54801	0.18326	0.01052	0.00490	0.00142	0.02945	0.00930	0.00353	0.00318
8	0.01198	0.01176	0.01378	0.01091	0.02769	0.23834	0.25076	0.27601	0.01211	0.03330	0.00825	0.02946	0.00641	0.00408	0.00382	0.00112	0.00532	0.00362	0.04610	0.00521
9	0.00517	0.00383	0.00482	0.00457	0.00552	0.00348	0.00343	0.00681	0.01029	0.01426	0.71363	0.02932	0.16502	0.00796	0.00443	0.00119	0.00179	0.00697	0.00403	0.00348
10	0.01677	0.00649	0.00877	0.00673	0.00963	0.00568	0.00556	0.03971	0.01092	0.82566	0.01465	0.01267	0.00921	0.00464	0.00377	0.00116	0.00322	0.00376	0.00462	0.00638
11	0.00741	0.00702	0.01072	0.56692	0.08752	0.03787	0.00924	0.00961	0.02153	0.00964	0.00723	0.01098	0.00601	0.05896	0.06465	0.00174	0.07347	0.00349	0.00179	0.00417
12	0.01088	0.00873	0.00928	0.00790	0.01029	0.00992	0.00627	0.25287	0.58784	0.03291	0.01347	0.01254	0.00996	0.00491	0.00380	0.00123	0.00331	0.00399	0.00381	0.00607
13	0.01428	0.01029	0.01110	0.00853	0.01151	0.01133	0.00704	0.78214	0.03321	0.05829	0.00937	0.00926	0.00660	0.00452	0.00376	0.00113	0.00407	0.00341	0.00379	0.00637
14	0.00459	0.00328	0.00437	0.00521	0.00545	0.00306	0.00348	0.00527	0.00727	0.00971	0.04037	0.84563	0.02507	0.01166	0.00478	0.00152	0.00217	0.01057	0.00350	0.00306
15	0.01447	0.01973	0.00994	0.05426	0.01121	0.00850	0.00642	0.38359	0.02371	0.37403	0.01202	0.02467	0.01988	0.00470	0.00376	0.00115	0.00367	0.00372	0.01448	0.00610
16	0.00933	0.00806	0.00848	0.00764	0.00976	0.00933	0.00594	0.01994	0.83797	0.01569	0.01527	0.01400	0.01145	0.00509	0.00382	0.00127	0.00297	0.00424	0.00382	0.00594
17	0.00929	0.00891	0.01523	0.02303	0.84475	0.00891	0.01151	0.01151	0.00854	0.01226	0.00706	0.00929	0.00594	0.00334	0.00371	0.00111	0.00446	0.00334	0.00186	0.00594
18	0.00488	0.00357	0.00459	0.00486	0.00548	0.00328	0.00344	0.00606	0.00884	0.01204	0.38443	0.41254	0.11265	0.00973	0.00459	0.00135	0.00197	0.00868	0.00377	0.00328
19	0.02898	0.05487	0.01124	0.02923	0.03596	0.38200	0.00742	0.13026	0.05045	0.02124	0.00666	0.00794	0.00548	0.00455	0.00539	0.00116	0.19555	0.00287	0.00224	0.01652
20	0.02072	0.00862	0.01064	0.02713	0.09817	0.07119	0.04995	0.15179	0.05568	0.25067	0.02356	0.01033	0.00750	0.00422	0.00413	0.00109	0.05600	0.00337	0.00316	0.14208
21	0.01054	0.05887	0.21554	0.02336	0.10895	0.00911	0.03588	0.15953	0.16859	0.12202	0.02309	0.03079	0.00803	0.00436	0.00370	0.00117	0.00417	0.00363	0.00292	0.00575
22	0.00464	0.00333	0.00442	0.00520	0.00549	0.00310	0.00352	0.00539	0.00745	0.00996	0.07231	0.78508	0.03796	0.01144	0.00477	0.00150	0.00217	0.02566	0.00352	0.00309
23	0.03280	0.00654	0.00840	0.00669	0.00934	0.00611	0.00545	0.01780	0.14958	0.64532	0.05989	0.01367	0.01097	0.00486	0.00379	0.00118	0.00307	0.00398	0.00443	0.00611
24	0.00925	0.12050	0.34829	0.04213	0.14918	0.06813	0.08870	0.04387	0.05297	0.03168	0.00734	0.00859	0.00558	0.00362	0.00355	0.00112	0.00507	0.00305	0.00196	0.00541
25	0.00910	0.00766	0.01220	0.03680	0.22794	0.00775	0.15218	0.11766	0.04616	0.06379	0.22742	0.01508	0.02592	0.00493	0.00428	0.00119	0.02729	0.00457	0.00297	0.00510
26	0.00457	0.00326	0.00435	0.00522	0.00544	0.00305	0.00348	0.00522	0.00718	0.00958	0.02068	0.86570	0.02481	0.01175	0.00479	0.00152	0.00218	0.01067	0.00348	0.00305
27	0.02652	0.00785	0.00880	0.00744	0.00985	0.00854	0.00593	0.12764	0.48266	0.22977	0.01402	0.01290	0.01005	0.00542	0.02400	0.00134	0.00335	0.00396	0.00395	0.00602
28	0.00968	0.02398	0.03910	0.00665	0.00996	0.00602	0.04750	0.03988	0.03874	0.15377	0.00846	0.00898	0.00639	0.00329	0.00312	0.00077	0.00321	0.00273	0.00269	0.58507
29	0.01050	0.31770	0.02517	0.00609	0.00870	0.00901	0.00543	0.10892	0.00979	0.20261	0.01693	0.01625	0.23745	0.00543	0.00346	0.00106	0.00328	0.00422	0.00307	0.00492
30	0.00499	0.00381	0.00459	0.00443	0.00542	0.00340	0.00331	0.00645	0.00982	0.01323	0.54711	0.05697	0.30601	0.00841	0.00444	0.00122	0.00183	0.00729	0.00389	0.00340
31	0.00642	0.00500	0.00597	0.00552	0.00675	0.00514	0.00420	0.01063	0.23900	0.01522	0.61435	0.02415	0.02879	0.00696	0.00426	0.00121	0.00210	0.00608	0.00404	0.00420
32	0.01003	0.87041	0.01966	0.00642	0.00963	0.01485	0.00642	0.01123	0.00762	0.00883	0.00522	0.00602	0.00481	0.00321	0.00241	0.00080	0.00401	0.00201	0.00160	0.00481
33	0.01669	0.00661	0.00885	0.00678	0.00969	0.00585	0.00560	0.06352	0.01112	0.80157	0.01448	0.01256	0.00913	0.00464	0.00377	0.00116	0.00324	0.00375	0.00459	0.00638
34	0.00528	0.00383	0.00498	0.00469	0.00559	0.00353	0.00352	0.00703	0.01056	0.01489	0.81798	0.02827	0.06028	0.00773	0.00443	0.00118	0.00177	0.00682	0.00411	0.00353
35	0.00465	0.00335	0.00443	0.00527	0.00557	0.00313	0.00361	0.00538	0.00732	0.00969	0.02124	0.78797	0.05346	0.01159	0.00480	0.00153	0.00224	0.05821	0.00348	0.00308
36	0.01458	0.00831	0.00912	0.00735	0.00999	0.08480	0.00593	0.14409	0.16230	0.47227	0.01310	0.01189	0.00883	0.00463	0.00372	0.00115	0.00359	0.00367	0.02462	0.00605
37	0.00466	0.00381	0.00411	0.00404	0.00521	0.00326	0.00303	0.00582	0.00908	0.01140	0.24462	0.03403	0.63582	0.00903	0.00443	0.00124	0.00187	0.00763	0.00365	0.00326
38	0.00786	0.00717	0.01186	0.25392	0.12788	0.02182	0.12946	0.04397	0.00782	0.02673	0.00787	0.01103	0.00655	0.01050	0.23047	0.01723	0.06781	0.00367	0.00196	0.00441
39	0.04203	0.05651	0.05667	0.14808	0.03640	0.10275	0.24732	0.02829	0.01943	0.01140	0.00675	0.00874	0.00534	0.00364	0.00430	0.00111	0.07297	0.00324	0.00194	0.14313
40	0.02179	0.09493	0.13851	0.02212	0.07150	0.00719	0.00698	0.03754	0.00890	0.20398	0.03505	0.00991	0.01736	0.00372	0.00327	0.00092	0.00358	0.00299	0.00271	0.30704

[dist]
# distance from previous block
# <min> <max>
0	54

[block]
# block no. 3 follows, 73 sequences, length 101
# corresponding to MSA columns:
# 413-432,434-514
name=unknown_D
#
# <colnr> <probs for GDERKNQSTAVLIFYWHMCP>
#	G	D	E	R	K	N	Q	S	T	A	V	L	I	F	Y	W	H	M	C	P
0	0.02891	0.05727	0.22684	0.07879	0.03923	0.09072	0.04788	0.04026	0.00935	0.26525	0.01926	0.03633	0.00729	0.00420	0.00361	0.00113	0.00449	0.00342	0.00277	0.03300
1	0.02623	0.00907	0.01186	0.01332	0.32369	0.09107	0.05214	0.06778	0.00917	0.04459	0.00722	0.00861	0.00581	0.00332	0.00337	0.00092	0.00410	0.00292	0.00224	0.31257
2	0.00573	0.00472	0.00543	0.00482	0.00656	0.00383	0.00362	0.00691	0.00803	0.01094	0.05430	0.20198	0.31549	0.01814	0.00411	0.00110	0.00231	0.01828	0.00304	0.32066
3	0.01003	0.87041	0.01966	0.00642	0.00963	0.01485	0.00642	0.01123	0.00762	0.00883	0.00522	0.00602	0.00481	0.00321	0.00241	0.00080	0.00401	0.00201	0.00160	0.00481
4	0.00457	0.00326	0.00435	0.00522	0.00544	0.00305	0.00348	0.00522	0.00718	0.00958	0.02068	0.86570	0.02481	0.01175	0.00479	0.00152	0.00218	0.01067	0.00348	0.00305
5	0.00792	0.00779	0.01091	0.00944	0.00948	0.01080	0.00781	0.00876	0.00579	0.00899	0.00564	0.02474	0.00570	0.02161	0.06358	0.00194	0.77988	0.00350	0.00171	0.00401
6	0.00605	0.00432	0.00605	0.00691	0.00777	0.00432	0.00605	0.00777	0.00864	0.01123	0.01986	0.04232	0.02159	0.01036	0.00518	0.00173	0.00345	0.81949	0.00345	0.00345
7	0.00504	0.00382	0.00465	0.00444	0.00544	0.00343	0.00333	0.00657	0.00999	0.01355	0.59845	0.03048	0.28064	0.00823	0.00443	0.00121	0.00181	0.00713	0.00393	0.00343
8	0.00752	0.01941	0.84871	0.01069	0.01624	0.00871	0.01386	0.01188	0.00792	0.01188	0.00673	0.00792	0.00475	0.00356	0.00356	0.00119	0.00554	0.00277	0.00158	0.00554
9	0.00458	0.00386	0.00399	0.00400	0.00521	0.00330	0.00298	0.00575	0.02414	0.01050	0.08450	0.07570	0.73975	0.00942	0.00444	0.00127	0.00193	0.00792	0.00353	0.00324
10	0.00605	0.00432	0.00605	0.00691	0.00777	0.00432	0.00605	0.00777	0.00864	0.01123	0.01986	0.04232	0.02159	0.01036	0.00518	0.00173	0.00345	0.81949	0.00345	0.00345
11	0.00921	0.00899	0.01534	0.01875	0.52697	0.00910	0.17248	0.01317	0.16225	0.01285	0.00868	0.01032	0.00691	0.00363	0.00387	0.00117	0.00455	0.00372	0.00223	0.00577
12	0.00602	0.00430	0.00601	0.00688	0.00773	0.00429	0.00600	0.00772	0.00861	0.01120	0.01988	0.05790	0.02165	0.01039	0.00517	0.00172	0.00343	0.80418	0.00346	0.00345
13	0.00876	0.00993	0.02160	0.01552	0.01921	0.00932	0.80365	0.01188	0.00885	0.01199	0.00800	0.01119	0.00622	0.00340	0.00445	0.00128	0.00623	0.03156	0.00195	0.00501
14	0.00832	0.00840	0.01147	0.00985	0.00988	0.02840	0.00819	0.00915	0.00584	0.00903	0.00494	0.00818	0.00492	0.00651	0.01213	0.00163	0.84411	0.00327	0.00165	0.00411
15	0.09740	0.00669	0.02729	0.46632	0.10782	0.00742	0.03665	0.00924	0.00751	0.01076	0.00936	0.16729	0.00891	0.00522	0.00383	0.00128	0.00424	0.01644	0.00212	0.00419
16	0.01062	0.03766	0.00962	0.00792	0.01014	0.05016	0.00632	0.23117	0.48230	0.01681	0.02972	0.02860	0.01021	0.00511	0.00410	0.00123	0.03555	0.01348	0.00355	0.00574
17	0.04110	0.12439	0.06571	0.00685	0.01000	0.00758	0.00611	0.08961	0.01981	0.42942	0.01913	0.01037	0.00766	0.00407	0.00338	0.00102	0.00345	0.00317	0.00348	0.14368
18	0.01200	0.00949	0.01160	0.02565	0.19778	0.05899	0.03583	0.33921	0.12041	0.09279	0.01018	0.02465	0.00787	0.00455	0.00382	0.00117	0.00416	0.03078	0.00320	0.00588
19	0.00936	0.59770	0.26812	0.00777	0.01165	0.03019	0.00867	0.01151	0.00777	0.00975	0.00568	0.00660	0.00480	0.00333	0.00277	0.00092	0.00453	0.00224	0.00161	0.00502
20	0.00963	0.00821	0.00865	0.00770	0.00987	0.00947	0.00601	0.06980	0.78761	0.01618	0.01489	0.01369	0.01114	0.00505	0.00381	0.00126	0.00304	0.00419	0.00381	0.00597
21	0.00832	0.00991	0.10771	0.14314	0.07586	0.00878	0.42482	0.02149	0.07582	0.01217	0.04445	0.02381	0.00774	0.00389	0.00414	0.00125	0.00532	0.01424	0.00214	0.00501
22	0.00474	0.00334	0.00434	0.00506	0.00525	0.00317	0.00332	0.00530	0.00692	0.00922	0.01918	0.71132	0.02289	0.15503	0.00719	0.00188	0.00244	0.02318	0.00328	0.00292
23	0.00475	0.00381	0.00423	0.00413	0.00526	0.00330	0.00310	0.00599	0.00929	0.01189	0.32494	0.03322	0.55520	0.00885	0.00443	0.00124	0.00185	0.00751	0.00371	0.00330
24	0.00792	0.00755	0.01283	0.52986	0.31979	0.00862	0.02162	0.01030	0.00786	0.01057	0.00678	0.00971	0.00535	0.00365	0.00392	0.00121	0.02253	0.00335	0.00174	0.00482
25	0.89465	0.00726	0.00551	0.00493	0.00726	0.00842	0.00406	0.01103	0.00638	0.01683	0.00522	0.00609	0.00406	0.00348	0.00232	0.00116	0.00290	0.00203	0.00232	0.00406
26	0.00457	0.00328	0.00434	0.00519	0.00543	0.00305	0.00347	0.00523	0.00721	0.00959	0.02104	0.84827	0.04201	0.01171	0.00478	0.00152	0.00217	0.01061	0.00348	0.00305
27	0.00891	0.00462	0.00614	0.00534	0.00685	0.00414	0.00415	0.01053	0.01050	0.27791	0.53942	0.05404	0.03823	0.00689	0.00423	0.00119	0.00224	0.00599	0.00426	0.00442
28	0.00472	0.00337	0.00452	0.00539	0.00567	0.00317	0.00374	0.00548	0.00733	0.00974	0.02060	0.78456	0.02450	0.01162	0.00483	0.00154	0.00230	0.09038	0.00348	0.00309
29	0.01003	0.87041	0.01966	0.00642	0.00963	0.01485	0.00642	0.01123	0.00762	0.00883	0.00522	0.00602	0.00481	0.00321	0.00241	0.00080	0.00401	0.00201	0.00160	0.00481
30	0.00821	0.00821	0.01149	0.00985	0.00985	0.01149	0.00821	0.00903	0.00575	0.00903	0.00492	0.00821	0.00492	0.00657	0.01231	0.00164	0.86128	0.00328	0.00164	0.00410
31	0.89465	0.00726	0.00551	0.00493	0.00726	0.00842	0.00406	0.01103	0.00638	0.01683	0.00522	0.00609	0.00406	0.00348	0.00232	0.00116	0.00290	0.00203	0.00232	0.00406
32	0.18112	0.00654	0.00802	0.00630	0.00906	0.00608	0.00518	0.01650	0.02354	0.63851	0.02579	0.01162	0.00864	0.00442	0.00348	0.00114	0.00310	0.00345	0.00411	0.03339
33	0.00709	0.00667	0.01125	0.85913	0.02584	0.00834	0.01042	0.00959	0.00750	0.00959	0.00667	0.01000	0.00500	0.00375	0.00375	0.00125	0.00500	0.00333	0.00167	0.00417
34	0.00821	0.00821	0.01149	0.00985	0.00985	0.01149	0.00821	0.00903	0.00575	0.00903	0.00492	0.00821	0.00492	0.00657	0.01231	0.00164	0.86128	0.00328	0.00164	0.00410
35	0.00794	0.00666	0.00780	0.00558	0.00890	0.00501	0.00446	0.00961	0.00783	0.02740	0.00682	0.00787	0.00562	0.00281	0.00280	0.00057	0.00279	0.00225	0.00227	0.87501
36	0.00998	0.85353	0.03610	0.00650	0.00976	0.01472	0.00657	0.01125	0.00763	0.00889	0.00525	0.00606	0.00481	0.00322	0.00243	0.00081	0.00404	0.00202	0.00160	0.00483
37	0.00605	0.00432	0.00605	0.00691	0.00777	0.00432	0.00605	0.00777	0.00864	0.01123	0.01986	0.04232	0.02159	0.01036	0.00518	0.00173	0.00345	0.81949	0.00345	0.00345
38	0.00784	0.00666	0.00791	0.00568	0.00898	0.00504	0.01530	0.00951	0.00784	0.02170	0.00729	0.00834	0.01949	0.00292	0.00284	0.00058	0.00282	0.00236	0.00227	0.85463
39	0.00919	0.00909	0.03087	0.09872	0.62019	0.02946	0.04067	0.03112	0.05780	0.01236	0.00799	0.00996	0.01840	0.00361	0.00375	0.00114	0.00452	0.00347	0.00202	0.00567
40	0.00718	0.01600	0.02345	0.69175	0.06732	0.00820	0.04109	0.00961	0.00769	0.01004	0.03911	0.02815	0.00669	0.00429	0.01227	0.00129	0.01615	0.00364	0.00182	0.00427
41	0.00511	0.00370	0.00481	0.00480	0.00555	0.00341	0.00350	0.00658	0.00974	0.01359	0.62136	0.22198	0.06444	0.00869	0.00451	0.00126	0.00187	0.00773	0.00396	0.00341
42	0.00795	0.01718	0.65755	0.02430	0.11004	0.02605	0.05659	0.01198	0.02181	0.01191	0.00694	0.00830	0.00506	0.00354	0.00362	0.00117	0.00541	0.00294	0.00168	0.01597
43	0.01378	0.06747	0.01116	0.00948	0.01148	0.80433	0.00720	0.01476	0.01046	0.00916	0.00577	0.00672	0.00483	0.00383	0.00333	0.00096	0.00661	0.00239	0.00191	0.00438
44	0.01574	0.00607	0.00813	0.00632	0.00900	0.00529	0.00519	0.01723	0.01042	0.75508	0.01452	0.01290	0.00932	0.00461	0.00365	0.00113	0.00303	0.00374	0.10255	0.00607
45	0.00623	0.00495	0.00669	0.00628	0.00666	0.00596	0.00472	0.02939	0.00610	0.00873	0.00952	0.01636	0.00973	0.29211	0.38696	0.00421	0.18578	0.00431	0.00206	0.00325
46	0.00472	0.00382	0.00420	0.00413	0.00528	0.00330	0.00311	0.00593	0.00916	0.01160	0.27505	0.03384	0.58973	0.00898	0.00445	0.00125	0.00189	0.02261	0.00367	0.00328
47	0.00457	0.00326	0.00435	0.00522	0.00544	0.00305	0.00348	0.00522	0.00718	0.00958	0.02068	0.86570	0.02481	0.01175	0.00479	0.00152	0.00218	0.01067	0.00348	0.00305
48	0.00802	0.00648	0.00684	0.00618	0.00805	0.00693	0.00480	0.05356	0.44643	0.04969	0.02362	0.02214	0.32838	0.00673	0.00405	0.00126	0.00263	0.00558	0.00372	0.00492
49	0.00467	0.00334	0.00447	0.00534	0.00560	0.00314	0.00366	0.00540	0.00728	0.00969	0.02062	0.80846	0.02459	0.01166	0.00482	0.00154	0.00227	0.06689	0.00348	0.00308
50	0.01401	0.01788	0.01063	0.00967	0.01160	0.85309	0.00725	0.01498	0.01063	0.00918	0.00580	0.00677	0.00483	0.00387	0.00338	0.00097	0.00677	0.00242	0.00193	0.00435
51	0.00531	0.00383	0.00501	0.00472	0.00560	0.00354	0.00354	0.00708	0.01062	0.01504	0.84277	0.02802	0.03540	0.00767	0.00442	0.00118	0.00177	0.00678	0.00413	0.00354
52	0.04037	0.01041	0.01109	0.00852	0.01150	0.01154	0.00704	0.80788	0.01731	0.02344	0.00890	0.00892	0.00631	0.00447	0.00371	0.00113	0.00409	0.00334	0.00371	0.00631
53	0.00457	0.00326	0.00435	0.00522	0.00544	0.00305	0.00348	0.00522	0.00718	0.00958	0.02068	0.86570	0.02481	0.01175	0.00479	0.00152	0.00218	0.01067	0.00348	0.00305
54	0.00752	0.01941	0.84871	0.01069	0.01624	0.00871	0.01386	0.01188	0.00792	0.01188	0.00673	0.00792	0.00475	0.00356	0.00356	0.00119	0.00554	0.00277	0.00158	0.00554
55	0.00536	0.00401	0.00600	0.00600	0.00666	0.00467	0.00465	0.00668	0.00602	0.00869	0.01008	0.01489	0.00945	0.04122	0.84029	0.00599	0.00995	0.00404	0.00201	0.00333
56	0.00752	0.01941	0.84871	0.01069	0.01624	0.00871	0.01386	0.01188	0.00792	0.01188	0.00673	0.00792	0.00475	0.00356	0.00356	0.00119	0.00554	0.00277	0.00158	0.00554
57	0.00929	0.00891	0.01523	0.02303	0.84475	0.00891	0.01151	0.01151	0.00854	0.01226	0.00706	0.00929	0.00594	0.00334	0.00371	0.00111	0.00446	0.00334	0.00186	0.00594
58	0.01130	0.00903	0.00959	0.00803	0.01050	0.01025	0.00641	0.34345	0.51126	0.01886	0.01278	0.01201	0.00943	0.00486	0.00379	0.00121	0.00343	0.00390	0.00379	0.00611
59	0.00752	0.01941	0.84871	0.01069	0.01624	0.00871	0.01386	0.01188	0.00792	0.01188	0.00673	0.00792	0.00475	0.00356	0.00356	0.00119	0.00554	0.00277	0.00158	0.00554
60	0.00492	0.00382	0.00447	0.00431	0.00536	0.00337	0.00323	0.00632	0.00969	0.01284	0.48193	0.03165	0.39761	0.00849	0.00443	0.00122	0.00183	0.00729	0.00384	0.00337
61	0.01401	0.01788	0.01063	0.00967	0.01160	0.85309	0.00725	0.01498	0.01063	0.00918	0.00580	0.00677	0.00483	0.00387	0.00338	0.00097	0.00677	0.00242	0.00193	0.00435
62	0.01426	0.01051	0.01126	0.00863	0.01163	0.01163	0.00713	0.83224	0.01764	0.02364	0.00901	0.00901	0.00638	0.00450	0.00375	0.00113	0.00413	0.00338	0.00375	0.00638
