[name]
unknown

[dist]
# distance from previous block
# <min> <max>
28	351

[block]
# block no. 0 follows, 66 sequences, length 23
# corresponding to MSA columns:
# 524-546
name=unknown_A
#
# <colnr> <probs for GDERKNQSTAVLIFYWHMCP>
#	G	D	E	R	K	N	Q	S	T	A	V	L	I	F	Y	W	H	M	C	P
0	0.12662	0.00742	0.00965	0.06886	0.12692	0.00759	0.01587	0.06703	0.05256	0.19578	0.06247	0.06127	0.05685	0.01787	0.00455	0.00130	0.03800	0.00449	0.00335	0.07154
1	0.39793	0.03038	0.01037	0.17512	0.04726	0.00946	0.06760	0.07559	0.04018	0.08729	0.00786	0.00913	0.00584	0.00409	0.00353	0.00128	0.01619	0.00312	0.00269	0.00509
2	0.16302	0.02380	0.10824	0.05787	0.11241	0.05131	0.09531	0.01191	0.03078	0.06621	0.04852	0.08132	0.05557	0.00528	0.00427	0.00129	0.03587	0.00445	0.00267	0.03991
3	0.08660	0.00704	0.00932	0.04688	0.17333	0.00671	0.00654	0.01219	0.06399	0.14056	0.09764	0.04914	0.06131	0.03437	0.00444	0.00124	0.00340	0.00446	0.00318	0.18767
4	0.04521	0.00818	0.00954	0.09955	0.06131	0.05170	0.00632	0.06527	0.00943	0.04457	0.02561	0.02209	0.00708	0.00371	0.00338	0.00087	0.00370	0.00300	0.00258	0.52691
5	0.11167	0.02683	0.02148	0.04236	0.05791	0.10587	0.00642	0.01222	0.12227	0.04441	0.09776	0.01848	0.10435	0.01937	0.01936	0.00144	0.06940	0.06852	0.00306	0.04680
6	0.00841	0.05340	0.01200	0.37172	0.02830	0.00913	0.05439	0.06414	0.03333	0.01206	0.03182	0.07052	0.00966	0.00575	0.00539	0.00140	0.11269	0.07391	0.00243	0.03954
7	0.01164	0.02394	0.10156	0.00810	0.01127	0.12117	0.01940	0.17860	0.02270	0.12053	0.08677	0.01290	0.05069	0.00480	0.00383	0.00107	0.00421	0.00380	0.00323	0.20977
8	0.00798	0.04042	0.00877	0.09052	0.05787	0.01746	0.00578	0.02391	0.06562	0.02282	0.02027	0.07326	0.03214	0.12281	0.10116	0.00203	0.00444	0.00434	0.00261	0.29581
9	0.55896	0.00716	0.00640	0.00592	0.00794	0.00803	0.00471	0.09664	0.00847	0.01694	0.01019	0.15887	0.01005	0.03145	0.00387	0.00144	0.00320	0.05242	0.00297	0.00437
10	0.15368	0.09274	0.20256	0.00856	0.01178	0.02976	0.09811	0.01204	0.03528	0.07747	0.13586	0.03587	0.05600	0.00587	0.02643	0.00140	0.00441	0.00433	0.00282	0.00504
11	0.68592	0.00879	0.04726	0.00654	0.00939	0.00916	0.04250	0.06411	0.00815	0.05642	0.00663	0.00747	0.00498	0.00387	0.00286	0.00124	0.00354	0.00254	0.00267	0.02597
12	0.00591	0.00427	0.00640	0.00640	0.00706	0.00493	0.00493	0.00706	0.00640	0.00920	0.01051	0.01560	0.00985	0.02890	0.76403	0.08850	0.01018	0.00427	0.00213	0.00345
13	0.01085	0.85986	0.02126	0.00694	0.01041	0.01605	0.00694	0.01215	0.00824	0.00955	0.00564	0.00651	0.00521	0.00347	0.00260	0.00087	0.00434	0.00217	0.00174	0.00521
14	0.07112	0.00968	0.01176	0.28701	0.01730	0.01116	0.00870	0.47391	0.01426	0.01959	0.00850	0.00986	0.00619	0.00459	0.00421	0.00128	0.02831	0.00354	0.00314	0.00587
15	0.00863	0.02034	0.78106	0.01141	0.01723	0.00963	0.01450	0.06694	0.00927	0.01370	0.00745	0.00864	0.00526	0.00392	0.00387	0.00128	0.00589	0.00304	0.00187	0.00606
16	0.01100	0.04253	0.04140	0.00667	0.00853	0.00527	0.00538	0.01230	0.00950	0.36003	0.01830	0.40132	0.01779	0.00864	0.00456	0.00144	0.00310	0.03307	0.00413	0.00503
17	0.01180	0.39711	0.14679	0.00842	0.01222	0.01325	0.00835	0.27978	0.01190	0.01559	0.00735	0.00801	0.00580	0.00397	0.00331	0.00103	0.00457	0.00281	0.00254	0.05539
18	0.04048	0.45564	0.07142	0.00810	0.01163	0.01408	0.00769	0.31749	0.01232	0.01611	0.00730	0.00787	0.00582	0.00404	0.00323	0.00104	0.00446	0.00279	0.00264	0.00587
19	0.00963	0.27989	0.06340	0.22632	0.03270	0.05764	0.01645	0.01221	0.06358	0.06064	0.04274	0.05200	0.05708	0.00495	0.00370	0.00118	0.00447	0.00398	0.00246	0.00501
20	0.00868	0.15123	0.50074	0.00989	0.01491	0.00967	0.04421	0.01219	0.00852	0.01241	0.00704	0.00830	0.00537	0.00360	0.00352	0.00108	0.00514	0.00281	0.00187	0.18879
21	0.00937	0.38319	0.24771	0.00902	0.05675	0.01143	0.00901	0.01221	0.04854	0.02973	0.03726	0.02578	0.06100	0.00462	0.00346	0.00111	0.00446	0.01888	0.00224	0.02422
22	0.00974	0.55732	0.26956	0.00826	0.01236	0.01337	0.00923	0.01212	0.00852	0.01092	0.05058	0.00842	0.00697	0.00385	0.00310	0.00102	0.00471	0.00270	0.00188	0.00537

[dist]
# distance from previous block
# <min> <max>
0	4

[block]
# block no. 1 follows, 66 sequences, length 14
# corresponding to MSA columns:
# 551-564
name=unknown_B
#
# <colnr> <probs for GDERKNQSTAVLIFYWHMCP>
#	G	D	E	R	K	N	Q	S	T	A	V	L	I	F	Y	W	H	M	C	P
0	0.00757	0.00638	0.00744	0.00585	0.00868	0.00502	0.00457	0.00939	0.02870	0.01268	0.01342	0.12076	0.09953	0.00529	0.00357	0.00087	0.00284	0.02323	0.00280	0.63142
1	0.06436	0.00560	0.00701	0.00637	0.00799	0.00548	0.00488	0.04185	0.04508	0.26788	0.11885	0.28028	0.03419	0.00898	0.03919	0.00161	0.02195	0.00680	0.02678	0.00487
2	0.00526	0.00416	0.00473	0.02692	0.00614	0.00381	0.00349	0.00629	0.00871	0.01095	0.12219	0.07229	0.48411	0.15454	0.04746	0.00206	0.00292	0.02712	0.00350	0.00335
3	0.00815	0.01981	0.75979	0.01159	0.01722	0.00937	0.04767	0.01263	0.00863	0.01288	0.03047	0.00928	0.00612	0.00404	0.00414	0.00130	0.02600	0.00321	0.00181	0.00588
4	0.00915	0.05861	0.58258	0.01214	0.01742	0.02648	0.15464	0.06784	0.00950	0.01353	0.00751	0.00894	0.00544	0.00384	0.00397	0.00127	0.00599	0.00331	0.00194	0.00590
5	0.27935	0.02953	0.07407	0.01181	0.01540	0.03540	0.39462	0.02913	0.00905	0.07305	0.00782	0.00941	0.00578	0.00372	0.00388	0.00130	0.00532	0.00367	0.00241	0.00528
6	0.00554	0.00394	0.00438	0.00447	0.00493	0.00372	0.00282	0.00601	0.00726	0.00945	0.04681	0.11617	0.23985	0.48542	0.01367	0.00282	0.00313	0.00720	0.02950	0.00289
7	0.00499	0.00408	0.00441	0.00440	0.00562	0.00350	0.00327	0.00617	0.00959	0.01197	0.19497	0.08824	0.62461	0.01004	0.00482	0.00137	0.00205	0.00851	0.00390	0.00350
8	0.00508	0.00365	0.00473	0.00550	0.00584	0.00341	0.00371	0.00583	0.00789	0.01045	0.04737	0.69013	0.07791	0.07506	0.00630	0.00180	0.00248	0.03591	0.00369	0.00327
9	0.00781	0.00736	0.01243	0.79686	0.07760	0.00905	0.01134	0.01049	0.00818	0.01054	0.00724	0.01077	0.00547	0.00403	0.00405	0.00134	0.00537	0.00361	0.00182	0.00463
10	0.00597	0.00428	0.00570	0.00616	0.00691	0.00418	0.00488	0.00743	0.00908	0.01215	0.20086	0.13860	0.06413	0.11179	0.04444	0.00214	0.00342	0.36066	0.00368	0.00353
11	0.00747	0.00714	0.07374	0.00750	0.02158	0.00542	0.07434	0.00931	0.00869	0.03737	0.06371	0.21787	0.04695	0.02933	0.00460	0.00125	0.00340	0.05642	0.01746	0.30644
12	0.06334	0.04185	0.10727	0.02293	0.03216	0.07578	0.00675	0.02486	0.00899	0.06865	0.00763	0.00863	0.00600	0.00347	0.00325	0.00085	0.00392	0.00266	0.00246	0.50856
13	0.45319	0.25756	0.02625	0.00666	0.00946	0.05120	0.00590	0.08311	0.00864	0.01544	0.00669	0.00756	0.01963	0.00402	0.00314	0.00115	0.03065	0.00251	0.00239	0.00488

[dist]
# distance from previous block
# <min> <max>
1	7

[block]
# block no. 2 follows, 66 sequences, length 12
# corresponding to MSA columns:
# 572-583
name=unknown_C
#
# <colnr> <probs for GDERKNQSTAVLIFYWHMCP>
#	G	D	E	R	K	N	Q	S	T	A	V	L	I	F	Y	W	H	M	C	P
0	0.00921	0.00567	0.04498	0.00580	0.00736	0.00496	0.00467	0.05799	0.02607	0.16493	0.08376	0.23794	0.01660	0.00718	0.00399	0.00126	0.00267	0.00616	0.30425	0.00457
1	0.00965	0.37263	0.32668	0.00897	0.01318	0.03106	0.02346	0.04044	0.03905	0.01188	0.00771	0.04781	0.00657	0.00417	0.00338	0.00109	0.00489	0.00313	0.00203	0.04220
2	0.08089	0.00548	0.00776	0.03778	0.10024	0.00590	0.02432	0.00858	0.00713	0.04088	0.01143	0.03041	0.03120	0.19740	0.38828	0.00423	0.00715	0.00461	0.00240	0.00394
3	0.00515	0.00376	0.00485	0.00534	0.00589	0.00346	0.00371	0.00623	0.00896	0.01208	0.25128	0.53937	0.11248	0.01122	0.00503	0.00151	0.00220	0.01005	0.00396	0.00346
4	0.00885	0.00805	0.01276	0.60308	0.15427	0.02644	0.01098	0.03616	0.00872	0.03838	0.00753	0.01059	0.00576	0.00420	0.00451	0.00134	0.04780	0.00360	0.00202	0.00497
5	0.01128	0.11236	0.10678	0.05959	0.13551	0.18204	0.14619	0.06332	0.05989	0.03851	0.00803	0.00952	0.00628	0.00423	0.00432	0.01685	0.02402	0.00344	0.00230	0.00553
6	0.01181	0.00668	0.02526	0.00725	0.00941	0.00626	0.02917	0.12199	0.02798	0.29241	0.03265	0.09981	0.02722	0.00698	0.00435	0.00137	0.00343	0.16030	0.12029	0.00535
7	0.00541	0.00425	0.00493	0.00487	0.00603	0.00382	0.00370	0.00709	0.03000	0.01328	0.35430	0.06629	0.41394	0.00951	0.00484	0.00137	0.00214	0.05649	0.00405	0.00367
8	0.01081	0.14139	0.37314	0.04230	0.08396	0.05853	0.05392	0.01413	0.02953	0.14206	0.00866	0.00951	0.00628	0.00401	0.00377	0.00121	0.00528	0.00323	0.00237	0.00591
9	0.08566	0.05458	0.19564	0.05554	0.08957	0.09582	0.05012	0.19107	0.03672	0.09439	0.00870	0.00951	0.00635	0.00422	0.00381	0.00122	0.00505	0.00333	0.00278	0.00592
10	0.31332	0.00890	0.01150	0.26474	0.22818	0.05790	0.03693	0.01188	0.00823	0.01390	0.00676	0.00895	0.00534	0.00383	0.00351	0.00126	0.00463	0.00310	0.00213	0.00501
11	0.08338	0.23640	0.13307	0.09883	0.19058	0.01118	0.02548	0.04230	0.06984	0.01288	0.00808	0.03947	0.00681	0.00425	0.00375	0.00119	0.02138	0.00340	0.00221	0.00552

[dist]
# distance from previous block
# <min> <max>
1	16

[block]
# block no. 3 follows, 66 sequences, length 9
# corresponding to MSA columns:
# 600-608
name=unknown_D
#
# <colnr> <probs for GDERKNQSTAVLIFYWHMCP>
#	G	D	E	R	K	N	Q	S	T	A	V	L	I	F	Y	W	H	M	C	P
0	0.01432	0.06036	0.01111	0.02328	0.02461	0.05218	0.02705	0.19838	0.08849	0.33017	0.04806	0.01233	0.00968	0.00479	0.00393	0.00117	0.00395	0.00385	0.00395	0.07834
1	0.20971	0.39077	0.08561	0.00839	0.01181	0.07009	0.09557	0.03260	0.00873	0.04459	0.00661	0.00760	0.00535	0.00371	0.00309	0.00108	0.00466	0.00267	0.00215	0.00519
2	0.00589	0.00413	0.00485	0.00479	0.00570	0.00373	0.00338	0.00694	0.00910	0.04794	0.25065	0.14085	0.30333	0.18121	0.00802	0.00189	0.00250	0.00788	0.00375	0.00348
3	0.04731	0.02985	0.05426	0.04068	0.03518	0.14342	0.07796	0.23357	0.02774	0.03939	0.02936	0.02464	0.00775	0.00732	0.05704	0.09671	0.03617	0.00373	0.00278	0.00514
4	0.00553	0.00412	0.00483	0.00503	0.00581	0.00382	0.00366	0.00650	0.00848	0.01089	0.12070	0.10110	0.30479	0.24453	0.00935	0.00218	0.00288	0.14905	0.00348	0.00325
5	0.00976	0.00939	0.01604	0.11706	0.68103	0.00961	0.04446	0.01254	0.03649	0.01304	0.00791	0.01034	0.00650	0.00372	0.00406	0.00123	0.00491	0.00369	0.00206	0.00617
6	0.00703	0.00427	0.00538	0.00520	0.00558	0.00421	0.00343	0.03124	0.00655	0.02894	0.01110	0.02125	0.01190	0.43053	0.01641	0.30726	0.00375	0.05464	0.00241	0.03892
7	0.00684	0.00569	0.00853	0.01146	0.26615	0.00555	0.00642	0.00822	0.00856	0.01173	0.11228	0.26701	0.08375	0.11939	0.02969	0.00188	0.00354	0.03596	0.00308	0.00427
8	0.09496	0.36841	0.07533	0.00806	0.01124	0.02748	0.04082	0.03807	0.19715	0.01317	0.00859	0.00914	0.00692	0.00415	0.00358	0.00110	0.03304	0.00301	0.00249	0.05330

[dist]
# distance from previous block
# <min> <max>
1	4

[block]
# block no. 4 follows, 66 sequences, length 29
# corresponding to MSA columns:
# 613-618,629-651
name=unknown_E
#
# <colnr> <probs for GDERKNQSTAVLIFYWHMCP>
#	G	D	E	R	K	N	Q	S	T	A	V	L	I	F	Y	W	H	M	C	P
0	0.00792	0.05493	0.04821	0.71396	0.02533	0.02668	0.01082	0.01054	0.00827	0.01053	0.02271	0.02859	0.00644	0.00428	0.00400	0.00132	0.00529	0.00372	0.00189	0.00458
1	0.00815	0.00777	0.01275	0.61865	0.12776	0.00960	0.01106	0.01054	0.00797	0.01064	0.00698	0.01043	0.00553	0.00445	0.00543	0.00140	0.13071	0.00360	0.00182	0.00474
2	0.09800	0.00694	0.00893	0.00696	0.00995	0.00627	0.00573	0.03218	0.01122	0.71078	0.02882	0.01339	0.00996	0.00495	0.00391	0.00125	0.00337	0.00395	0.02690	0.00654
3	0.00636	0.00460	0.00575	0.00548	0.00667	0.00431	0.01546	0.01852	0.04741	0.04172	0.42540	0.09771	0.20315	0.01836	0.00494	0.00139	0.00233	0.06018	0.02630	0.00396
4	0.00570	0.00407	0.00513	0.00503	0.00574	0.00382	0.00358	0.00706	0.00980	0.01358	0.52417	0.09424	0.06852	0.19464	0.00832	0.00191	0.00246	0.03486	0.00392	0.00347
5	0.03954	0.00987	0.01032	0.05904	0.07763	0.15128	0.00744	0.06548	0.20861	0.02728	0.06191	0.01343	0.04199	0.00735	0.06619	0.00172	0.13871	0.00411	0.00292	0.00519
6	0.00517	0.00407	0.00467	0.00463	0.00574	0.00357	0.00343	0.00651	0.00997	0.01294	0.34097	0.10974	0.45469	0.00974	0.00483	0.00136	0.00203	0.00836	0.00403	0.00357
7	0.16746	0.01248	0.02570	0.20446	0.11090	0.31136	0.07431	0.01319	0.00938	0.01219	0.00695	0.02112	0.00565	0.00407	0.00370	0.00121	0.00571	0.00320	0.00211	0.00487
8	0.42335	0.12619	0.02840	0.02464	0.03591	0.13240	0.02453	0.08977	0.00909	0.01550	0.00642	0.00760	0.00516	0.00457	0.02109	0.00130	0.03417	0.00263	0.00240	0.00490
9	0.00972	0.00949	0.01241	0.12593	0.11788	0.11348	0.11456	0.03947	0.13249	0.03010	0.06543	0.02513	0.05461	0.02354	0.01487	0.00145	0.08539	0.01616	0.00274	0.00513
10	0.00800	0.00666	0.00929	0.03153	0.04077	0.00693	0.07549	0.09291	0.06871	0.01337	0.03386	0.21647	0.05659	0.03205	0.00583	0.00153	0.07452	0.13407	0.01780	0.07364
11	0.00581	0.00428	0.00621	0.00621	0.00682	0.00490	0.00468	0.00704	0.00643	0.00919	0.01115	0.01753	0.01083	0.15446	0.71825	0.00613	0.00983	0.00458	0.00222	0.00345
12	0.19259	0.00821	0.00934	0.02485	0.01064	0.00841	0.00614	0.22534	0.03215	0.39226	0.04159	0.01185	0.00906	0.00484	0.00378	0.00125	0.00363	0.00371	0.00415	0.00622
13	0.04901	0.00733	0.00948	0.00737	0.01043	0.00673	0.00608	0.09137	0.02718	0.70132	0.01518	0.01382	0.00985	0.00509	0.00405	0.00127	0.00353	0.01937	0.00480	0.00674
14	0.00841	0.00699	0.01016	0.09485	0.26815	0.00719	0.00767	0.03459	0.10876	0.03881	0.25084	0.02977	0.08276	0.00600	0.00431	0.00127	0.00346	0.00533	0.02548	0.00516
15	0.00524	0.00374	0.00505	0.00599	0.00635	0.00355	0.00428	0.00616	0.00806	0.01069	0.02220	0.70467	0.02619	0.01243	0.00526	0.00169	0.00261	0.15871	0.00376	0.00338
16	0.00590	0.00415	0.00535	0.00510	0.00604	0.00382	0.00377	0.00760	0.01089	0.03219	0.68342	0.08382	0.07965	0.04372	0.00545	0.00141	0.00207	0.00755	0.00431	0.00378
17	0.01129	0.70303	0.06294	0.00764	0.01108	0.11193	0.00748	0.02645	0.00883	0.01004	0.00587	0.00677	0.00523	0.00360	0.00282	0.00092	0.00478	0.00229	0.00182	0.00522
18	0.00497	0.00354	0.00470	0.00561	0.00584	0.00331	0.00373	0.00566	0.00771	0.01029	0.02209	0.83137	0.02649	0.03658	0.00562	0.00171	0.00240	0.01137	0.00373	0.00327
19	0.00841	0.00721	0.00841	0.00601	0.00961	0.00541	0.00481	0.01022	0.00841	0.01322	0.00721	0.00841	0.00601	0.00300	0.00300	0.00060	0.00300	0.00240	0.00240	0.88222
20	0.01014	0.00771	0.00762	0.00686	0.00876	0.05761	0.00532	0.05540	0.42232	0.05183	0.01443	0.01435	0.01091	0.00511	0.00365	0.00120	0.00308	0.00413	0.30413	0.00546
21	0.00495	0.00406	0.00437	0.00440	0.00561	0.00348	0.00326	0.00609	0.00946	0.01173	0.16160	0.11051	0.63604	0.01019	0.00483	0.00138	0.00206	0.00864	0.00388	0.00348
22	0.00660	0.00549	0.00594	0.00571	0.00719	0.00555	0.00430	0.01098	0.26319	0.01357	0.15062	0.11231	0.37556	0.00874	0.00462	0.00139	0.00242	0.00744	0.00399	0.00441
23	0.00814	0.02099	0.83640	0.01156	0.01756	0.00942	0.01499	0.01285	0.00857	0.01285	0.00728	0.00857	0.00514	0.00385	0.00385	0.00128	0.00600	0.00300	0.00171	0.00600
24	0.22130	0.00784	0.00828	0.00689	0.00923	0.00837	0.00554	0.29462	0.01266	0.11754	0.14786	0.07838	0.03209	0.00591	0.00388	0.00127	0.00332	0.00469	0.02498	0.00536
25	0.00902	0.00912	0.01162	0.01014	0.01196	0.16774	0.18777	0.02750	0.00950	0.01168	0.01354	0.05108	0.01364	0.02877	0.08472	0.00206	0.03837	0.30464	0.00280	0.00435
26	0.00986	0.00945	0.01614	0.08779	0.77064	0.00959	0.01236	0.01229	0.00915	0.01303	0.00760	0.01010	0.00635	0.00365	0.00402	0.00122	0.00486	0.00361	0.00199	0.00628
27	0.01176	0.00934	0.00999	0.00847	0.01098	0.01053	0.00672	0.32857	0.45075	0.01979	0.01434	0.07723	0.01137	0.00581	0.00418	0.00134	0.00363	0.00476	0.00407	0.00637
28	0.00641	0.00415	0.00534	0.00533	0.00585	0.00410	0.00368	0.00719	0.06994	0.01059	0.18634	0.13188	0.08236	0.11026	0.01090	0.34061	0.00294	0.00614	0.00302	0.00297

[dist]
# distance from previous block
# <min> <max>
2	3

[block]
# block no. 5 follows, 66 sequences, length 11
# corresponding to MSA columns:
# 656-666
name=unknown_F
#
# <colnr> <probs for GDERKNQSTAVLIFYWHMCP>
#	G	D	E	R	K	N	Q	S	T	A	V	L	I	F	Y	W	H	M	C	P
0	0.05974	0.00907	0.01479	0.20162	0.58257	0.00957	0.01157	0.03963	0.00920	0.01333	0.00750	0.01000	0.00611	0.00376	0.00394	0.00124	0.00484	0.00353	0.00206	0.00591
1	0.20497	0.03506	0.01115	0.00909	0.01155	0.26768	0.08775	0.05610	0.05581	0.11837	0.02546	0.01100	0.00765	0.00472	0.00414	0.00125	0.04421	0.03606	0.00286	0.00515
2	0.00609	0.00419	0.00531	0.00566	0.00625	0.00410	0.00411	0.00710	0.05426	0.01028	0.03808	0.23602	0.13831	0.12397	0.00937	0.18182	0.00305	0.15566	0.00321	0.00316
3	0.00595	0.00406	0.00530	0.00560	0.00604	0.00404	0.00403	0.00667	0.00764	0.01028	0.11452	0.15043	0.03912	0.27403	0.09110	0.08790	0.00400	0.17313	0.00309	0.00308
4	0.01004	0.00964	0.01647	0.02490	0.83211	0.00964	0.01245	0.01245	0.00924	0.01325	0.00763	0.01004	0.00643	0.00361	0.00402	0.00120	0.00482	0.00361	0.00201	0.00643
5	0.01166	0.00932	0.00937	0.00790	0.01025	0.08017	0.00626	0.28741	0.24702	0.05866	0.13744	0.01647	0.06863	0.00588	0.00418	0.00126	0.00369	0.00474	0.02389	0.00581
6	0.01347	0.00654	0.00822	0.00676	0.00904	0.00616	0.00534	0.11776	0.02880	0.44087	0.07340	0.08059	0.06051	0.10115	0.00612	0.00160	0.00337	0.02028	0.00437	0.00566
7	0.01085	0.85986	0.02126	0.00694	0.01041	0.01605	0.00694	0.01215	0.00824	0.00955	0.00564	0.00651	0.00521	0.00347	0.00260	0.00087	0.00434	0.00217	0.00174	0.00521
8	0.00506	0.00409	0.00450	0.00446	0.00566	0.00353	0.00332	0.00631	0.00978	0.01237	0.25468	0.08021	0.57208	0.00987	0.00481	0.00136	0.00203	0.00839	0.00396	0.00353
9	0.01002	0.00606	0.00649	0.00561	0.00730	0.00636	0.00442	0.21377	0.04493	0.05659	0.06745	0.01473	0.01146	0.00505	0.00339	0.00107	0.00267	0.00403	0.52379	0.00482
10	0.00945	0.01153	0.07799	0.01646	0.02052	0.01029	0.72952	0.01285	0.00937	0.01285	0.00802	0.01070	0.00605	0.00360	0.00508	0.00138	0.04223	0.00462	0.00202	0.00546

[dist]
# distance from previous block
# <min> <max>
0	4

[block]
# block no. 6 follows, 66 sequences, length 9
# corresponding to MSA columns:
# 671-679
name=unknown_G
#
# <colnr> <probs for GDERKNQSTAVLIFYWHMCP>
#	G	D	E	R	K	N	Q	S	T	A	V	L	I	F	Y	W	H	M	C	P
0	0.00631	0.00460	0.00622	0.00703	0.00802	0.00451	0.00608	0.00807	0.00933	0.01199	0.02407	0.04488	0.12971	0.01108	0.00550	0.00180	0.00351	0.69988	0.00374	0.00369
1	0.00493	0.00358	0.00466	0.00552	0.00585	0.00331	0.00371	0.00566	0.00790	0.01041	0.02399	0.78386	0.09669	0.01250	0.00515	0.00162	0.00233	0.01128	0.00377	0.00331
2	0.00554	0.00376	0.00493	0.00554	0.00598	0.00349	0.00380	0.00629	0.00813	0.03371	0.08872	0.62196	0.07469	0.04548	0.00619	0.04034	0.00248	0.03189	0.00372	0.00336
3	0.00687	0.00427	0.00528	0.00492	0.00606	0.00393	0.00373	0.00868	0.01075	0.07265	0.55337	0.02707	0.09897	0.00757	0.00437	0.00122	0.00203	0.00655	0.16770	0.00400
4	0.04855	0.04291	0.18559	0.00683	0.00881	0.00629	0.00637	0.00905	0.05017	0.01166	0.09508	0.16090	0.09716	0.17734	0.05117	0.00215	0.02689	0.00609	0.00287	0.00412
5	0.11240	0.11561	0.09173	0.09198	0.11418	0.04725	0.11370	0.01356	0.03099	0.14415	0.00860	0.00993	0.00648	0.00476	0.02258	0.00137	0.05928	0.00343	0.00252	0.00550
6	0.00916	0.06191	0.06483	0.14014	0.15547	0.00830	0.06491	0.01244	0.09437	0.05619	0.03718	0.02887	0.03358	0.00459	0.00391	0.00116	0.00422	0.03022	0.00263	0.18591
7	0.00574	0.00516	0.03928	0.00538	0.00692	0.00416	0.03022	0.00740	0.00997	0.01340	0.34359	0.06572	0.35695	0.00856	0.00461	0.00129	0.00237	0.00738	0.03117	0.05072
8	0.01108	0.10567	0.11855	0.06635	0.14048	0.13966	0.05751	0.07602	0.01032	0.09411	0.01197	0.01276	0.10056	0.00472	0.00390	0.00118	0.00493	0.00387	0.00262	0.03375

[dist]
# distance from previous block
# <min> <max>
0	4

[block]
# block no. 7 follows, 66 sequences, length 7
# corresponding to MSA columns:
# 684-690
name=unknown_H
#
# <colnr> <probs for GDERKNQSTAVLIFYWHMCP>
#	G	D	E	R	K	N	Q	S	T	A	V	L	I	F	Y	W	H	M	C	P
0	0.02691	0.17844	0.06676	0.04152	0.05987	0.25267	0.03266	0.10061	0.10428	0.01292	0.00801	0.00931	0.00653	0.02304	0.00461	0.00123	0.05969	0.00318	0.00242	0.00536
1	0.04867	0.09621	0.54517	0.01003	0.01466	0.04743	0.01183	0.01240	0.02941	0.01252	0.00897	0.04069	0.02897	0.00461	0.00405	0.00126	0.03044	0.02177	0.00203	0.02889
2	0.03225	0.11884	0.40983	0.01030	0.01472	0.03243	0.06540	0.07951	0.02914	0.11385	0.00875	0.00995	0.00644	0.00429	0.00412	0.00125	0.03323	0.01736	0.00246	0.00589
3	0.01029	0.06867	0.37641	0.04223	0.07046	0.01022	0.10258	0.11277	0.06239	0.06896	0.00872	0.00981	0.00637	0.00417	0.00422	0.00127	0.02852	0.00348	0.00244	0.00602
4	0.01115	0.17535	0.01014	0.00640	0.00870	0.00754	0.00533	0.04976	0.04792	0.26955	0.23077	0.05489	0.09318	0.00641	0.00409	0.00122	0.00308	0.00530	0.00397	0.00526
5	0.00825	0.00665	0.02632	0.05360	0.12633	0.00677	0.00618	0.07748	0.10831	0.03372	0.07466	0.09312	0.01451	0.25338	0.02662	0.02554	0.01706	0.03404	0.00302	0.00444
6	0.04507	0.08752	0.17451	0.02784	0.03898	0.09627	0.03988	0.15447	0.17205	0.04900	0.01030	0.01079	0.02598	0.00468	0.00429	0.00125	0.04482	0.00358	0.00288	0.00584

[dist]
# distance from previous block
# <min> <max>
4	57

[block]
# block no. 8 follows, 66 sequences, length 23
# corresponding to MSA columns:
# 953-962,964-976
name=unknown_I
#
# <colnr> <probs for GDERKNQSTAVLIFYWHMCP>
#	G	D	E	R	K	N	Q	S	T	A	V	L	I	F	Y	W	H	M	C	P
0	0.02471	0.08294	0.06493	0.01461	0.29001	0.03502	0.06051	0.11522	0.07356	0.08718	0.01876	0.01074	0.00751	0.00565	0.04720	0.00151	0.04759	0.00367	0.00270	0.00598
1	0.12779	0.12878	0.07230	0.10130	0.18486	0.04659	0.02320	0.03274	0.12406	0.04718	0.00904	0.02593	0.00731	0.00436	0.00378	0.00122	0.01632	0.01449	0.00253	0.02624
2	0.00774	0.00661	0.04959	0.00694	0.00816	0.00669	0.00553	0.08940	0.09454	0.02716	0.01399	0.09285	0.05929	0.19070	0.21862	0.02259	0.07846	0.01412	0.00286	0.00417
3	0.00797	0.12036	0.01216	0.07765	0.09178	0.02329	0.12699	0.01963	0.04881	0.01365	0.31499	0.02012	0.09394	0.00606	0.00430	0.00124	0.00374	0.00546	0.00316	0.00470
4	0.00595	0.00399	0.00572	0.00590	0.00634	0.00432	0.00429	0.00653	0.00652	0.00919	0.01242	0.17179	0.01292	0.07485	0.44246	0.18241	0.00710	0.00560	0.02860	0.00312
5	0.00925	0.00772	0.01110	0.17904	0.20704	0.00715	0.00801	0.01136	0.00877	0.06596	0.00812	0.01026	0.00654	0.00363	0.00357	0.00096	0.00395	0.01653	0.00238	0.42866
6	0.00983	0.12360	0.01350	0.01013	0.01083	0.10348	0.00850	0.01079	0.00706	0.00975	0.00547	0.00839	0.00530	0.00630	0.01083	0.00157	0.64502	0.00326	0.00180	0.00457
7	0.88607	0.00785	0.00596	0.00534	0.00785	0.00910	0.00439	0.01193	0.00690	0.01820	0.00565	0.00659	0.00439	0.00377	0.00251	0.00126	0.00314	0.00220	0.00251	0.00439
8	0.00496	0.00374	0.00460	0.00519	0.00579	0.00337	0.00358	0.00585	0.00845	0.01096	0.08771	0.56972	0.24796	0.01171	0.00504	0.00154	0.00224	0.01041	0.00382	0.00337
9	0.00941	0.00749	0.00817	0.00750	0.00945	0.00833	0.00575	0.02926	0.57698	0.05936	0.05290	0.13587	0.05821	0.00686	0.00434	0.00140	0.00300	0.00586	0.00412	0.00574
10	0.00886	0.00793	0.05607	0.00711	0.01037	0.00626	0.03821	0.04698	0.03104	0.05084	0.00856	0.01013	0.00698	0.00737	0.12727	0.00162	0.00458	0.00301	0.00256	0.56423
11	0.00926	0.00718	0.00850	0.00611	0.00968	0.00546	0.00491	0.01104	0.00869	0.08431	0.00797	0.00888	0.00636	0.00318	0.00310	0.00066	0.00304	0.00255	0.00263	0.80649
12	0.00580	0.00409	0.00541	0.00607	0.00653	0.00404	0.00454	0.00680	0.00783	0.01037	0.01916	0.31880	0.02182	0.21281	0.05350	0.00253	0.00369	0.29957	0.00336	0.00328
13	0.00839	0.01069	0.17206	0.05292	0.11831	0.00975	0.11057	0.01065	0.00759	0.01111	0.00747	0.01096	0.00655	0.04321	0.11719	0.00224	0.28968	0.00381	0.00191	0.00494
14	0.01025	0.33864	0.05745	0.00876	0.05212	0.16366	0.00726	0.01126	0.00815	0.00962	0.00682	0.01858	0.00635	0.03282	0.05679	0.11695	0.08512	0.00302	0.00189	0.00449
15	0.00859	0.00472	0.00610	0.00541	0.00686	0.00427	0.00418	0.01039	0.01116	0.19557	0.54603	0.02578	0.06517	0.00736	0.00446	0.00125	0.00226	0.00637	0.07960	0.00448
16	0.00766	0.00684	0.00979	0.40796	0.04209	0.04267	0.00831	0.01048	0.06887	0.02234	0.07249	0.01471	0.03666	0.01142	0.21764	0.00265	0.00630	0.00428	0.00240	0.00443
17	0.01029	0.01173	0.05586	0.29797	0.25553	0.20823	0.04242	0.01257	0.00925	0.01130	0.00707	0.00956	0.00567	0.00405	0.00437	0.00125	0.04232	0.00338	0.00193	0.00522
18	0.00817	0.00758	0.01256	0.76318	0.04890	0.00924	0.02977	0.05180	0.00874	0.01128	0.00737	0.01074	0.00553	0.00407	0.00407	0.00134	0.00538	0.00364	0.00193	0.00470
19	0.00710	0.00624	0.00994	0.60349	0.02121	0.00751	0.00879	0.00906	0.00758	0.00978	0.00937	0.06247	0.00880	0.20320	0.00798	0.00197	0.00489	0.00459	0.00207	0.00396
20	0.00674	0.00533	0.00731	0.17232	0.05302	0.00601	0.00530	0.00748	0.00654	0.00881	0.01073	0.02097	0.01161	0.56686	0.01584	0.00308	0.08143	0.00511	0.00224	0.00325
21	0.00881	0.00718	0.01084	0.52949	0.02108	0.00770	0.00893	0.01115	0.00851	0.08417	0.00799	0.01039	0.00599	0.00384	0.00375	0.00113	0.00454	0.00330	0.00226	0.25895
22	0.00925	0.00898	0.02631	0.25825	0.39208	0.00955	0.05391	0.01306	0.12440	0.01283	0.00872	0.01095	0.00691	0.00409	0.00432	0.00129	0.02767	0.00378	0.00225	0.02139

[dist]
# distance from previous block
# <min> <max>
0	2

[block]
# block no. 9 follows, 66 sequences, length 25
# corresponding to MSA columns:
# 979-983,1001-1020
name=unknown_J
#
# <colnr> <probs for GDERKNQSTAVLIFYWHMCP>
#	G	D	E	R	K	N	Q	S	T	A	V	L	I	F	Y	W	H	M	C	P
0	0.02778	0.00790	0.01257	0.51883	0.22094	0.00915	0.01069	0.01200	0.09593	0.01196	0.00908	0.01167	0.02588	0.00424	0.00404	0.00132	0.00490	0.00380	0.00216	0.00515
1	0.00682	0.00456	0.00597	0.00641	0.03757	0.00420	0.00471	0.00823	0.00963	0.08846	0.19769	0.22042	0.20950	0.00986	0.00495	0.00150	0.00266	0.16893	0.00396	0.00398
2	0.06838	0.06234	0.01178	0.02493	0.01202	0.20259	0.00742	0.39080	0.07513	0.02838	0.02613	0.00966	0.00726	0.00479	0.00430	0.00121	0.05042	0.00338	0.00323	0.00586
3	0.03933	0.00976	0.05144	0.17929	0.14131	0.09672	0.02307	0.04460	0.03526	0.05569	0.02377	0.02372	0.00733	0.00629	0.05712	0.00160	0.12307	0.00364	0.00237	0.07464
4	0.02480	0.06752	0.01284	0.30231	0.19802	0.07485	0.02735	0.04963	0.10108	0.01267	0.02362	0.04035	0.03849	0.00470	0.00399	0.00127	0.00477	0.00406	0.00243	0.00525
5	0.00956	0.07363	0.32998	0.00979	0.01364	0.02676	0.08145	0.02816	0.17214	0.07688	0.11251	0.01316	0.01130	0.00520	0.01705	0.00135	0.00477	0.00406	0.00288	0.00573
6	0.00554	0.00447	0.00470	0.00475	0.00579	0.02434	0.00349	0.00641	0.00876	0.01075	0.08688	0.05163	0.51242	0.13357	0.00768	0.04428	0.00267	0.07511	0.00348	0.00329
7	0.00906	0.22098	0.45196	0.01109	0.05086	0.02642	0.07634	0.01269	0.03246	0.01208	0.00804	0.02438	0.00660	0.00421	0.00373	0.00121	0.00540	0.03488	0.00195	0.00563
8	0.01094	0.19577	0.01255	0.04006	0.05463	0.07473	0.03718	0.09090	0.05795	0.12523	0.03336	0.03247	0.01906	0.01004	0.17403	0.00225	0.00573	0.01500	0.00287	0.00524
9	0.00763	0.00553	0.00759	0.00861	0.14425	0.00523	0.00550	0.00990	0.04993	0.08813	0.42300	0.02660	0.17081	0.00750	0.00458	0.00130	0.00266	0.02270	0.00395	0.00459
10	0.00873	0.05485	0.76292	0.01116	0.01692	0.00953	0.01422	0.01315	0.00870	0.05239	0.00763	0.00873	0.00538	0.00390	0.00381	0.00127	0.00580	0.00302	0.00187	0.00601
11	0.02888	0.05407	0.09771	0.08979	0.11765	0.06240	0.11164	0.10147	0.02021	0.23808	0.01040	0.03254	0.00762	0.00446	0.00403	0.00125	0.00486	0.00388	0.00308	0.00597
12	0.00975	0.01293	0.33115	0.08974	0.06913	0.01984	0.08979	0.02562	0.05480	0.12769	0.11808	0.01308	0.01085	0.00468	0.00415	0.00129	0.00489	0.00409	0.00277	0.00569
13	0.00568	0.00413	0.00537	0.00519	0.00611	0.00381	0.00390	0.00748	0.01108	0.01553	0.71678	0.08454	0.06792	0.00877	0.00484	0.00133	0.00202	0.03740	0.00437	0.00377
14	0.01006	0.13062	0.45606	0.02922	0.07443	0.08211	0.05047	0.02824	0.03208	0.05860	0.00783	0.00895	0.00581	0.00393	0.00375	0.00121	0.00558	0.00311	0.00208	0.00583
15	0.02394	0.04325	0.10019	0.38419	0.15476	0.03901	0.01024	0.02310	0.02360	0.05346	0.00955	0.05555	0.02278	0.02385	0.00440	0.00136	0.00493	0.01453	0.00226	0.00507
16	0.00494	0.00353	0.00471	0.00565	0.00588	0.00330	0.00377	0.00565	0.00777	0.01036	0.02236	0.85477	0.02683	0.01271	0.00518	0.00165	0.00235	0.01153	0.00377	0.00330
17	0.00515	0.00384	0.00518	0.00582	0.00633	0.00356	0.02093	0.00606	0.00818	0.01077	0.04766	0.66893	0.11688	0.01202	0.00514	0.00161	0.00249	0.06230	0.00375	0.00340
18	0.02214	0.07303	0.15102	0.10507	0.19225	0.06710	0.04088	0.04320	0.03142	0.18938	0.00991	0.04014	0.00756	0.00444	0.00394	0.00124	0.00484	0.00377	0.00277	0.00588
19	0.01076	0.08195	0.19741	0.03468	0.04588	0.02556	0.13016	0.01317	0.00933	0.21785	0.01206	0.14457	0.01038	0.02050	0.00462	0.00137	0.01784	0.01344	0.00298	0.00549
20	0.01085	0.85986	0.02126	0.00694	0.01041	0.01605	0.00694	0.01215	0.00824	0.00955	0.00564	0.00651	0.00521	0.00347	0.00260	0.00087	0.00434	0.00217	0.00174	0.00521
21	0.03885	0.11894	0.21450	0.08488	0.07525	0.07874	0.03095	0.04266	0.02676	0.16198	0.02513	0.06605	0.00844	0.00477	0.00385	0.00123	0.00480	0.00388	0.00273	0.00561
22	0.01078	0.03609	0.23686	0.06969	0.10482	0.05892	0.13881	0.01360	0.00960	0.17603	0.02336	0.04455	0.02138	0.00478	0.00417	0.00130	0.00515	0.03171	0.00271	0.00568
23	0.01706	0.00696	0.00932	0.02795	0.01059	0.00628	0.00602	0.05186	0.02966	0.71856	0.01527	0.01361	0.00980	0.00518	0.00428	0.01908	0.00349	0.00404	0.03438	0.00662
24	0.01809	0.08013	0.39890	0.00906	0.01289	0.00813	0.04105	0.03224	0.02427	0.06490	0.13170	0.09568	0.05443	0.00577	0.00411	0.00129	0.00447	0.00485	0.00276	0.00527

[dist]
# distance from previous block
# <min> <max>
0	4

[block]
# block no. 10 follows, 66 sequences, length 11
# corresponding to MSA columns:
# 1025-1035
name=unknown_K
#
# <colnr> <probs for GDERKNQSTAVLIFYWHMCP>
#	G	D	E	R	K	N	Q	S	T	A	V	L	I	F	Y	W	H	M	C	P
0	0.02848	0.06630	0.27653	0.07969	0.05976	0.02615	0.07956	0.16403	0.01066	0.03383	0.00940	0.03556	0.03332	0.00448	0.00404	0.00122	0.01670	0.00371	0.00249	0.06408
1	0.00974	0.00741	0.00828	0.00706	0.00914	0.00783	0.00551	0.18644	0.26709	0.04429	0.24723	0.01929	0.04878	0.04930	0.00509	0.00139	0.00310	0.00522	0.00403	0.06379
2	0.02795	0.05677	0.10371	0.12686	0.17121	0.06643	0.06492	0.15882	0.04176	0.04295	0.00897	0.01048	0.02611	0.00450	0.00468	0.00128	0.07073	0.00363	0.00253	0.00571
3	0.00674	0.00501	0.00639	0.00624	0.00692	0.01878	0.00461	0.05139	0.02881	0.01019	0.01273	0.06171	0.03188	0.21973	0.38689	0.06686	0.02717	0.04194	0.00255	0.00349
4	0.00875	0.11329	0.54813	0.05640	0.03312	0.03267	0.02688	0.02459	0.02706	0.01235	0.00840	0.00972	0.03366	0.00424	0.00422	0.00126	0.04448	0.00323	0.00191	0.00565
5	0.00596	0.03445	0.05164	0.04502	0.00826	0.00477	0.03431	0.00712	0.00833	0.01103	0.10538	0.38130	0.12482	0.04078	0.00623	0.06658	0.00306	0.05405	0.00331	0.00360
6	0.04614	0.00493	0.03524	0.00543	0.00661	0.00431	0.00427	0.00747	0.02851	0.01303	0.28810	0.19380	0.23505	0.02461	0.05046	0.00173	0.00287	0.03994	0.00376	0.00375
7	0.01139	0.53018	0.06964	0.00780	0.01110	0.07041	0.00743	0.04998	0.08991	0.05748	0.00767	0.00822	0.00629	0.00398	0.00336	0.00101	0.02733	0.00271	0.00230	0.03181
8	0.05928	0.05219	0.18061	0.00900	0.03571	0.07512	0.04999	0.04397	0.00928	0.08262	0.02850	0.06675	0.03041	0.00548	0.02616	0.00128	0.04086	0.00386	0.00261	0.19634
9	0.09322	0.16991	0.07960	0.09467	0.04890	0.05010	0.01823	0.10116	0.04042	0.12801	0.07836	0.04185	0.00990	0.00490	0.00393	0.00121	0.02343	0.00383	0.00295	0.00542
10	0.04752	0.08312	0.21624	0.10230	0.03801	0.06274	0.10593	0.04961	0.02747	0.05592	0.04606	0.03672	0.02552	0.00467	0.00416	0.00124	0.02605	0.01334	0.00246	0.05091

[dist]
# distance from previous block
# <min> <max>
34	133

[block]
# block no. 11 follows, 66 sequences, length 10
# corresponding to MSA columns:
# 1205-1214
name=unknown_L
#
# <colnr> <probs for GDERKNQSTAVLIFYWHMCP>
#	G	D	E	R	K	N	Q	S	T	A	V	L	I	F	Y	W	H	M	C	P
0	0.06951	0.03298	0.08611	0.00965	0.05286	0.09790	0.08364	0.06421	0.01078	0.35818	0.01135	0.03404	0.00807	0.00456	0.00390	0.00120	0.00449	0.00377	0.00348	0.05929
1	0.01207	0.03518	0.36648	0.01028	0.03432	0.00866	0.05748	0.06265	0.05982	0.27682	0.01112	0.01167	0.00775	0.00451	0.00402	0.00128	0.00485	0.02162	0.00313	0.00627
2	0.00670	0.00463	0.00561	0.00566	0.00652	0.00439	0.00402	0.05445	0.00844	0.04445	0.01970	0.34166	0.09930	0.23148	0.00898	0.00213	0.00308	0.08849	0.00341	0.05688
3	0.03488	0.10995	0.31337	0.01010	0.01397	0.10558	0.09923	0.01360	0.02766	0.11986	0.00975	0.02973	0.00794	0.03289	0.00448	0.00135	0.00530	0.05238	0.00250	0.00547
4	0.01193	0.05848	0.15172	0.02688	0.08976	0.03767	0.07786	0.09981	0.06049	0.22148	0.08361	0.04110	0.01089	0.00498	0.00410	0.00126	0.00444	0.00427	0.00333	0.00594
5	0.08440	0.16579	0.11662	0.00824	0.01156	0.00881	0.06708	0.01486	0.04278	0.30301	0.04039	0.01386	0.00974	0.00490	0.00381	0.00123	0.00411	0.06342	0.00334	0.03203
6	0.03185	0.06628	0.03110	0.02516	0.00886	0.00599	0.04803	0.03329	0.03151	0.06137	0.06476	0.32473	0.01970	0.06690	0.00582	0.00168	0.00342	0.16197	0.00344	0.00415
7	0.11234	0.16385	0.26111	0.02157	0.01267	0.03480	0.03943	0.06161	0.00955	0.10348	0.03821	0.03938	0.00911	0.00501	0.00376	0.00126	0.00461	0.07018	0.00267	0.00539
8	0.18884	0.15558	0.15831	0.01994	0.01239	0.02987	0.08691	0.02692	0.05814	0.16036	0.00984	0.01102	0.02043	0.00444	0.00372	0.00124	0.01624	0.02754	0.00279	0.00550
9	0.05807	0.15929	0.15072	0.00882	0.03836	0.00924	0.06728	0.06067	0.07198	0.07558	0.06059	0.06290	0.08329	0.01832	0.00436	0.00127	0.02505	0.00449	0.00287	0.03685

[dist]
# distance from previous block
# <min> <max>
14	105

[block]
# block no. 12 follows, 66 sequences, length 38
# corresponding to MSA columns:
# 1348-1385
name=unknown_M
#
# <colnr> <probs for GDERKNQSTAVLIFYWHMCP>
#	G	D	E	R	K	N	Q	S	T	A	V	L	I	F	Y	W	H	M	C	P
0	0.08351	0.24721	0.22885	0.05205	0.03214	0.03829	0.00890	0.04174	0.02613	0.09300	0.04363	0.01068	0.00784	0.00432	0.00350	0.00115	0.00455	0.02716	0.00248	0.04288
1	0.09446	0.24559	0.28073	0.02699	0.04630	0.02308	0.04446	0.06597	0.00927	0.05540	0.01878	0.00877	0.00614	0.00433	0.01764	0.00122	0.00494	0.00296	0.00223	0.04075
2	0.05022	0.29406	0.31177	0.00868	0.01265	0.03060	0.00949	0.05349	0.03087	0.03857	0.05427	0.01099	0.00825	0.00484	0.01772	0.00124	0.00483	0.03486	0.00231	0.02030
3	0.07945	0.13464	0.14836	0.02063	0.00969	0.02460	0.00663	0.01946	0.00906	0.05388	0.13389	0.15352	0.10552	0.00749	0.02373	0.00140	0.00372	0.03087	0.00304	0.03041
4	0.04773	0.57562	0.04211	0.02649	0.11318	0.03576	0.00785	0.03339	0.04299	0.01128	0.00694	0.00853	0.00612	0.00385	0.00304	0.00101	0.00444	0.02228	0.00202	0.00538
5	0.04799	0.30802	0.31622	0.03094	0.03054	0.02882	0.03042	0.01247	0.00861	0.04154	0.02040	0.00842	0.00600	0.00374	0.00333	0.00107	0.00485	0.00279	0.00201	0.09180
6	0.06951	0.28863	0.29494	0.00921	0.02952	0.01105	0.03660	0.02529	0.03007	0.10904	0.02128	0.02982	0.00702	0.00424	0.00362	0.00116	0.01778	0.00321	0.00237	0.00563
7	0.05537	0.13068	0.15998	0.00912	0.05013	0.00907	0.05115	0.06919	0.08897	0.16285	0.10243	0.01422	0.03776	0.00504	0.00390	0.00123	0.00409	0.02108	0.00321	0.02052
8	0.02982	0.17059	0.08044	0.13016	0.17803	0.04784	0.01720	0.02870	0.01867	0.09035	0.01862	0.11934	0.02175	0.00519	0.00385	0.00122	0.00442	0.00439	0.00256	0.02686
9	0.07777	0.03508	0.46776	0.00996	0.03322	0.02518	0.01105	0.03119	0.00949	0.23298	0.00949	0.00986	0.00649	0.00433	0.00398	0.01519	0.00499	0.00324	0.00272	0.00603
10	0.10629	0.10171	0.12004	0.17059	0.07793	0.06586	0.11555	0.03710	0.00916	0.08417	0.00845	0.02453	0.00675	0.01336	0.00419	0.00129	0.02219	0.02320	0.00236	0.00527
11	0.02960	0.03282	0.08750	0.23621	0.10522	0.02990	0.07537	0.04717	0.02304	0.11812	0.03258	0.11930	0.02024	0.00545	0.00434	0.00133	0.01904	0.00480	0.00275	0.00521
12	0.03072	0.10204	0.09198	0.06041	0.05229	0.03994	0.28579	0.04786	0.01004	0.13542	0.06470	0.01243	0.00903	0.00441	0.00429	0.00127	0.01651	0.02264	0.00271	0.00554
13	0.00928	0.03254	0.15021	0.12314	0.04917	0.03337	0.16175	0.03169	0.00852	0.04319	0.00854	0.03320	0.01753	0.00534	0.00684	0.00146	0.24602	0.03096	0.00216	0.00510
14	0.00912	0.00906	0.07784	0.11081	0.08284	0.09940	0.06158	0.03360	0.01933	0.08475	0.09094	0.10368	0.14278	0.01741	0.00481	0.00137	0.02538	0.01748	0.00303	0.00478
15	0.01066	0.03352	0.19279	0.07386	0.26404	0.03993	0.15094	0.02741	0.00958	0.12325	0.00905	0.03101	0.00695	0.00412	0.00411	0.00126	0.00529	0.00387	0.00242	0.00594
16	0.17596	0.04491	0.04043	0.01913	0.04849	0.00718	0.18050	0.00995	0.00836	0.04208	0.03200	0.32938	0.01475	0.00735	0.00432	0.00142	0.00389	0.02248	0.00295	0.00446
17	0.00629	0.00505	0.02263	0.02450	0.00817	0.00470	0.06563	0.00802	0.04238	0.03778	0.15731	0.47288	0.04680	0.03035	0.01965	0.00166	0.01382	0.02483	0.00365	0.00388
18	0.00932	0.03968	0.10643	0.18701	0.25280	0.06355	0.05737	0.01210	0.04209	0.04724	0.02875	0.09138	0.02566	0.00503	0.00423	0.00129	0.01382	0.00449	0.00240	0.00535
19	0.02872	0.27911	0.45192	0.00960	0.01431	0.03225	0.01116	0.05414	0.02204	0.05113	0.00739	0.00826	0.00558	0.00387	0.00346	0.00115	0.00521	0.00282	0.00206	0.00578
20	0.00873	0.15164	0.57129	0.03371	0.01565	0.01005	0.03245	0.01260	0.02696	0.03289	0.00835	0.01002	0.02139	0.04221	0.00447	0.00134	0.00544	0.00323	0.00194	0.00564
21	0.00507	0.00399	0.00438	0.00461	0.00568	0.00348	0.00339	0.00615	0.00900	0.01132	0.07065	0.21312	0.54983	0.01048	0.00482	0.00143	0.00217	0.04132	0.04568	0.00345
22	0.02785	0.02257	0.03403	0.11395	0.11793	0.11365	0.03093	0.08049	0.06839	0.25774	0.01976	0.01199	0.00821	0.00480	0.00455	0.00128	0.05315	0.01962	0.00325	0.00587
23	0.00996	0.37882	0.37667	0.00982	0.03129	0.04872	0.03438	0.01300	0.02260	0.03070	0.00693	0.00797	0.00547	0.00374	0.00335	0.00110	0.00524	0.00274	0.00187	0.00562
24	0.00569	0.00379	0.00503	0.00577	0.00624	0.00355	0.00403	0.00655	0.00807	0.04700	0.02229	0.70641	0.05361	0.01243	0.02275	0.00173	0.00265	0.06060	0.01832	0.00350
25	0.00853	0.03150	0.59931	0.07044	0.06245	0.03750	0.08039	0.01258	0.00875	0.01251	0.00778	0.02335	0.00596	0.00409	0.00398	0.00129	0.00588	0.01614	0.00184	0.00574
26	0.04721	0.02908	0.02866	0.13148	0.18717	0.03657	0.02252	0.14229	0.11014	0.18458	0.01048	0.01115	0.00762	0.00452	0.00422	0.00127	0.02807	0.00372	0.00319	0.00608
27	0.01084	0.02003	0.07572	0.05035	0.04833	0.00780	0.14681	0.03480	0.15087	0.21291	0.04798	0.09106	0.05655	0.00584	0.00437	0.00135	0.00415	0.02108	0.00352	0.00564
28	0.00544	0.00401	0.00478	0.00493	0.00589	0.00356	0.00357	0.00662	0.00945	0.03355	0.24450	0.28859	0.34967	0.01037	0.00489	0.00143	0.00215	0.00904	0.00399	0.00358
29	0.02904	0.03103	0.19215	0.05070	0.10243	0.02605	0.09053	0.04903	0.05104	0.24008	0.04026	0.02404	0.03452	0.01572	0.00430	0.00131	0.00461	0.00411	0.00314	0.00591
30	0.01072	0.02250	0.07458	0.09014	0.20045	0.02069	0.10339	0.04720	0.04148	0.14485	0.04617	0.03375	0.00906	0.00504	0.00542	0.00135	0.11786	0.01693	0.00277	0.00566
31	0.01020	0.01019	0.05961	0.05698	0.22165	0.08972	0.10139	0.05523	0.10816	0.05817	0.02510	0.05306	0.04514	0.00616	0.03983	0.00152	0.04518	0.00445	0.00272	0.00554
32	0.02931	0.02054	0.15758	0.17843	0.19295	0.01769	0.10422	0.01269	0.11763	0.01295	0.04130	0.06217	0.00916	0.00490	0.00436	0.01713	0.00486	0.00433	0.00241	0.00541
33	0.03417	0.04286	0.06113	0.10362	0.09317	0.03988	0.10074	0.07923	0.02313	0.24292	0.03566	0.02954	0.04021	0.00506	0.00440	0.00129	0.02910	0.02495	0.00323	0.00571
34	0.06270	0.11330	0.16663	0.03993	0.29092	0.05095	0.09846	0.02436	0.00920	0.03196	0.03140	0.03220	0.02211	0.00421	0.00386	0.00121	0.00501	0.00373	0.00220	0.00564
35	0.00692	0.00461	0.00632	0.04020	0.01790	0.00446	0.02334	0.01985	0.02579	0.08334	0.04939	0.43484	0.09786	0.05367	0.03257	0.05458	0.00317	0.03387	0.00354	0.00379
36	0.01246	0.08881	0.24854	0.00986	0.04888	0.02164	0.02991	0.13069	0.06835	0.24063	0.02721	0.02699	0.00841	0.00468	0.00403	0.00124	0.01446	0.00375	0.00325	0.00621
37	0.12435	0.00920	0.02381	0.09855	0.21434	0.03738	0.03938	0.14022	0.09293	0.10674	0.02332	0.03312	0.00854	0.00474	0.00395	0.00128	0.00434	0.02497	0.00305	0.00580

[dist]
# distance from previous block
# <min> <max>
0	1

[block]
# block no. 13 follows, 66 sequences, length 31
# corresponding to MSA columns:
# 1387-1417
name=unknown_N
#
# <colnr> <probs for GDERKNQSTAVLIFYWHMCP>
#	G	D	E	R	K	N	Q	S	T	A	V	L	I	F	Y	W	H	M	C	P
0	0.07758	0.00909	0.01100	0.00902	0.01161	0.05595	0.10539	0.10676	0.27866	0.13093	0.05069	0.01458	0.01099	0.00528	0.00438	0.00132	0.02913	0.04514	0.00362	0.03890
1	0.01464	0.03801	0.01186	0.01024	0.01239	0.69202	0.02341	0.06307	0.01154	0.03056	0.00683	0.00809	0.00565	0.02089	0.00434	0.00114	0.03536	0.00284	0.00226	0.00486
