[name]
unknown

[dist]
# distance from previous block
# <min> <max>
0	170

[block]
# block no. 0 follows, 75 sequences, length 20
# corresponding to MSA columns:
# 231-250
name=unknown_A
#
# <colnr> <probs for GDERKNQSTAVLIFYWHMCP>
#	G	D	E	R	K	N	Q	S	T	A	V	L	I	F	Y	W	H	M	C	P
0	0.00930	0.00785	0.12119	0.00735	0.00956	0.01906	0.05338	0.06412	0.12312	0.18916	0.04321	0.06200	0.01095	0.10365	0.13510	0.00218	0.00466	0.02642	0.00302	0.00472
1	0.00550	0.00369	0.00469	0.00469	0.00507	0.00396	0.00323	0.00626	0.00588	0.00857	0.01093	0.01876	0.01114	0.41369	0.35524	0.00414	0.00585	0.00452	0.12135	0.00281
2	0.00524	0.00391	0.00577	0.00573	0.00641	0.00444	0.00444	0.00661	0.00651	0.00936	0.12198	0.01617	0.01260	0.02486	0.74211	0.00527	0.00875	0.00430	0.00225	0.00330
3	0.03036	0.02165	0.07209	0.15445	0.10758	0.03130	0.26746	0.08563	0.02421	0.02454	0.00750	0.02447	0.00588	0.00354	0.00369	0.00110	0.00478	0.00350	0.00211	0.12414
4	0.00690	0.00610	0.00968	0.59975	0.01956	0.00738	0.02136	0.03469	0.00728	0.00954	0.00782	0.01289	0.00685	0.15220	0.02325	0.00173	0.03377	0.01924	0.01624	0.00380
5	0.00549	0.00426	0.00672	0.00643	0.00725	0.00398	0.11489	0.00652	0.00742	0.03303	0.03735	0.60293	0.05103	0.05927	0.00538	0.00155	0.00279	0.02629	0.01412	0.00332
6	0.00522	0.00361	0.00456	0.00464	0.00495	0.00369	0.00308	0.00587	0.00643	0.00891	0.12430	0.13784	0.01671	0.43304	0.19662	0.00340	0.00444	0.00586	0.02408	0.00275
7	0.00729	0.00616	0.00725	0.00533	0.00827	0.00470	0.00423	0.00894	0.00799	0.01234	0.11911	0.01027	0.00936	0.00336	0.00294	0.00063	0.00259	0.00277	0.00243	0.77404
8	0.00599	0.00423	0.00574	0.00677	0.11752	0.00428	0.00378	0.00615	0.00571	0.00778	0.01002	0.01930	0.01095	0.55563	0.08603	0.13659	0.00414	0.00462	0.00205	0.00270
9	0.00874	0.00839	0.01447	0.25297	0.46935	0.02571	0.12115	0.01107	0.00822	0.03434	0.00706	0.00944	0.00560	0.00340	0.00373	0.00115	0.00477	0.00341	0.00185	0.00520
10	0.00954	0.00794	0.06575	0.00846	0.01102	0.00728	0.14802	0.07915	0.11391	0.15333	0.02352	0.02685	0.00817	0.00777	0.13357	0.00184	0.05203	0.00372	0.00279	0.13536
11	0.00482	0.00365	0.00453	0.00482	0.00559	0.00339	0.00360	0.00594	0.00819	0.01072	0.18846	0.26778	0.28042	0.02627	0.05971	0.00169	0.00265	0.11118	0.00342	0.00317
12	0.00659	0.00461	0.00537	0.00499	0.00552	0.00492	0.00336	0.11708	0.00712	0.00977	0.01081	0.01978	0.01143	0.57281	0.14721	0.00346	0.02171	0.00473	0.03571	0.00301
13	0.02315	0.00914	0.03142	0.10046	0.03039	0.09911	0.28793	0.04714	0.07360	0.12415	0.00948	0.06494	0.00761	0.00522	0.03619	0.00139	0.03718	0.00411	0.00251	0.00487
14	0.00632	0.00321	0.00474	0.00474	0.00474	0.00321	0.00314	0.00481	0.00481	0.00642	0.00666	0.01186	0.00675	0.05891	0.01459	0.84530	0.00321	0.00331	0.00163	0.00163
15	0.00465	0.00337	0.00446	0.00522	0.00551	0.00324	0.00354	0.00559	0.03015	0.00950	0.01954	0.79885	0.02312	0.01219	0.05046	0.00172	0.00257	0.00992	0.00334	0.00308
16	0.01374	0.01678	0.01047	0.00936	0.01136	0.77087	0.00708	0.09758	0.01110	0.01042	0.00599	0.00684	0.00488	0.00385	0.00335	0.00096	0.00636	0.00246	0.00207	0.00446
17	0.09298	0.00773	0.01116	0.03259	0.01041	0.01014	0.08094	0.00911	0.00603	0.00982	0.00555	0.00859	0.00518	0.00755	0.08149	0.00188	0.60984	0.00326	0.00172	0.00404
18	0.14128	0.13868	0.06032	0.00775	0.01075	0.01103	0.01731	0.50054	0.02877	0.03807	0.00782	0.00810	0.00574	0.00402	0.00327	0.00107	0.00392	0.00292	0.00303	0.00562
19	0.02559	0.03840	0.04541	0.00666	0.00918	0.01995	0.03398	0.02013	0.03019	0.03184	0.03930	0.03399	0.06050	0.00430	0.00441	0.00091	0.12589	0.00326	0.00233	0.46380

[dist]
# distance from previous block
# <min> <max>
3	14

[block]
# block no. 1 follows, 75 sequences, length 14
# corresponding to MSA columns:
# 268-281
name=unknown_B
#
# <colnr> <probs for GDERKNQSTAVLIFYWHMCP>
#	G	D	E	R	K	N	Q	S	T	A	V	L	I	F	Y	W	H	M	C	P
0	0.00894	0.00894	0.01154	0.18682	0.28495	0.13047	0.03479	0.03199	0.05459	0.01128	0.01724	0.00983	0.02011	0.00474	0.04117	0.00126	0.01841	0.00322	0.00205	0.11766
1	0.00906	0.50416	0.01456	0.03613	0.00965	0.07197	0.02284	0.03977	0.00794	0.00966	0.00799	0.13689	0.00806	0.00471	0.00330	0.00097	0.03345	0.01424	0.01268	0.05199
2	0.00541	0.00361	0.00426	0.00433	0.00454	0.00355	0.00274	0.00555	0.00598	0.00788	0.04037	0.02552	0.07747	0.62088	0.01547	0.08140	0.00332	0.08289	0.00243	0.00239
3	0.13070	0.00744	0.02208	0.00771	0.03222	0.02480	0.08528	0.01434	0.37550	0.07097	0.05342	0.04531	0.09070	0.00557	0.01673	0.00129	0.00331	0.00444	0.00323	0.00496
4	0.01026	0.01173	0.01074	0.00972	0.02864	0.37030	0.03501	0.01132	0.00808	0.00926	0.00673	0.01065	0.00638	0.00582	0.02180	0.00138	0.35917	0.07699	0.00191	0.00412
5	0.00694	0.00653	0.01102	0.86210	0.02530	0.00816	0.01020	0.00938	0.00734	0.00938	0.00653	0.00979	0.00490	0.00367	0.00367	0.00122	0.00490	0.00326	0.00163	0.00408
6	0.00737	0.01900	0.85189	0.01047	0.01590	0.00853	0.01357	0.01163	0.00775	0.01163	0.00659	0.00775	0.00465	0.00349	0.00349	0.00116	0.00543	0.00271	0.00155	0.00543
7	0.00527	0.00351	0.00406	0.00415	0.00421	0.00347	0.00242	0.00529	0.00559	0.00741	0.01311	0.10946	0.04408	0.70846	0.01653	0.04915	0.00334	0.00583	0.00236	0.00230
8	0.01608	0.00726	0.00888	0.00688	0.00969	0.05157	0.00565	0.10040	0.01119	0.72185	0.01344	0.01181	0.00857	0.00449	0.00367	0.00112	0.00341	0.00358	0.00432	0.00614
9	0.00534	0.00370	0.00459	0.00478	0.00507	0.00374	0.00326	0.00590	0.00628	0.00840	0.04048	0.08769	0.03250	0.52207	0.10845	0.00323	0.00404	0.14527	0.00256	0.00265
10	0.00965	0.00817	0.10229	0.00719	0.00951	0.00754	0.00619	0.01623	0.47646	0.15672	0.07015	0.01396	0.01152	0.03295	0.00481	0.05060	0.00318	0.00407	0.00348	0.00534
11	0.00505	0.00375	0.00506	0.00595	0.05040	0.00371	0.00380	0.00576	0.00683	0.00922	0.04387	0.52263	0.04090	0.17531	0.07103	0.00218	0.01859	0.01991	0.00298	0.00306
12	0.00858	0.00801	0.03450	0.27063	0.04405	0.00789	0.23684	0.05458	0.00846	0.06441	0.00768	0.02984	0.00600	0.00370	0.00401	0.00111	0.03665	0.00355	0.00213	0.16737
13	0.13785	0.04109	0.03368	0.00828	0.01070	0.40543	0.00666	0.24064	0.02850	0.01425	0.00669	0.00732	0.00520	0.00386	0.00323	0.00101	0.00504	0.00260	0.00247	0.03548

[dist]
# distance from previous block
# <min> <max>
0	2

[block]
# block no. 2 follows, 75 sequences, length 45
# corresponding to MSA columns:
# 284-328
name=unknown_C
#
# <colnr> <probs for GDERKNQSTAVLIFYWHMCP>
#	G	D	E	R	K	N	Q	S	T	A	V	L	I	F	Y	W	H	M	C	P
0	0.26552	0.45259	0.10742	0.00677	0.02382	0.04169	0.00654	0.02085	0.02709	0.01163	0.00560	0.00642	0.00468	0.00334	0.00256	0.00095	0.00386	0.00216	0.00186	0.00463
1	0.01275	0.00573	0.00771	0.02559	0.00882	0.00517	0.01618	0.01469	0.05206	0.55754	0.17279	0.01699	0.07649	0.00544	0.00387	0.00116	0.00284	0.00458	0.00422	0.00540
2	0.00524	0.00392	0.00583	0.00581	0.00648	0.00451	0.00451	0.00659	0.00624	0.00899	0.07232	0.01540	0.01109	0.02605	0.79270	0.00555	0.00923	0.00414	0.00212	0.00329
3	0.00585	0.00499	0.00794	0.00931	0.16609	0.00475	0.08126	0.00709	0.00769	0.01029	0.02941	0.46085	0.10538	0.00882	0.00457	0.01343	0.00299	0.06260	0.00295	0.00373
4	0.00694	0.00653	0.01102	0.86210	0.02530	0.00816	0.01020	0.00938	0.00734	0.00938	0.00653	0.00979	0.00490	0.00367	0.00367	0.00122	0.00490	0.00326	0.00163	0.00408
5	0.00525	0.00391	0.00576	0.00576	0.00637	0.00451	0.00442	0.00647	0.00586	0.00842	0.00997	0.01514	0.00949	0.08986	0.79448	0.00573	0.00937	0.00404	0.00199	0.00320
6	0.00979	0.01145	0.01491	0.02231	0.04769	0.29632	0.38887	0.01179	0.00912	0.01063	0.03434	0.09263	0.02406	0.00441	0.00398	0.00115	0.00564	0.00433	0.00211	0.00447
7	0.01394	0.00993	0.01073	0.00824	0.01113	0.01091	0.00680	0.77553	0.01671	0.06596	0.00918	0.00911	0.00646	0.00441	0.00365	0.00110	0.00394	0.00333	0.02273	0.00619
8	0.00531	0.00366	0.00452	0.00451	0.00471	0.00382	0.00287	0.00570	0.00564	0.00772	0.03673	0.02166	0.01293	0.62689	0.23432	0.00409	0.00512	0.00502	0.00221	0.00254
9	0.04656	0.07632	0.01014	0.02030	0.04079	0.10907	0.02544	0.15577	0.03393	0.17401	0.00910	0.02221	0.00708	0.00409	0.00343	0.00098	0.01386	0.03260	0.00288	0.21143
10	0.04340	0.04298	0.04772	0.00804	0.01044	0.17220	0.00658	0.17292	0.42566	0.01524	0.01090	0.01057	0.00822	0.00445	0.00353	0.00114	0.00399	0.00342	0.00314	0.00547
11	0.01021	0.01995	0.03601	0.00625	0.00806	0.00593	0.00509	0.14760	0.01004	0.26393	0.11640	0.11511	0.06931	0.06391	0.02640	0.03954	0.03362	0.01450	0.00352	0.00462
12	0.00911	0.40751	0.26503	0.03767	0.01297	0.01104	0.10973	0.01150	0.00790	0.05980	0.02038	0.00793	0.00562	0.00375	0.01480	0.00106	0.00468	0.00273	0.00182	0.00498
13	0.01461	0.18892	0.39699	0.00795	0.01128	0.00821	0.00884	0.01001	0.02543	0.02732	0.01926	0.22552	0.01042	0.00566	0.00366	0.00118	0.01094	0.01701	0.00219	0.00461
14	0.00496	0.00340	0.00420	0.00464	0.00478	0.00329	0.00294	0.00528	0.00626	0.00833	0.01611	0.42833	0.02824	0.40000	0.01130	0.02736	0.00284	0.03232	0.00282	0.00262
15	0.00857	0.00794	0.01356	0.30459	0.50983	0.00848	0.03557	0.01082	0.00806	0.03680	0.00700	0.00944	0.00559	0.00348	0.00377	0.00115	0.01500	0.00331	0.00184	0.00520
16	0.01023	0.00965	0.03895	0.04208	0.54550	0.09495	0.01952	0.06266	0.02993	0.07840	0.02778	0.00963	0.00675	0.00365	0.00363	0.00109	0.00445	0.00331	0.00224	0.00559
17	0.00929	0.26209	0.23396	0.03884	0.01407	0.01063	0.20077	0.07416	0.05456	0.04085	0.00722	0.00836	0.00553	0.00355	0.00356	0.00108	0.02124	0.00306	0.00202	0.00515
18	0.00524	0.00383	0.00451	0.00431	0.00535	0.00347	0.00324	0.00685	0.02433	0.02530	0.48307	0.02882	0.31451	0.00783	0.00420	0.00117	0.00182	0.00673	0.06201	0.00342
19	0.00580	0.03522	0.10780	0.03224	0.00796	0.00467	0.03800	0.00742	0.00811	0.02288	0.17849	0.34056	0.07553	0.00799	0.00414	0.00127	0.00276	0.03594	0.07958	0.00365
20	0.00849	0.04424	0.01256	0.48446	0.11696	0.06170	0.08568	0.03781	0.02236	0.03783	0.01841	0.00966	0.00574	0.00378	0.00396	0.00118	0.03539	0.00333	0.00192	0.00456
21	0.01905	0.00445	0.00585	0.00583	0.00678	0.00435	0.00437	0.04427	0.00833	0.17337	0.05167	0.50438	0.01951	0.00949	0.01633	0.00147	0.03547	0.07759	0.00356	0.00387
22	0.01072	0.01200	0.00904	0.00835	0.02054	0.48442	0.04868	0.01212	0.02140	0.02939	0.05001	0.04992	0.03865	0.00527	0.00367	0.00109	0.00501	0.10094	0.08470	0.00407
23	0.00762	0.00653	0.00762	0.00544	0.00870	0.00490	0.00435	0.00925	0.00762	0.01197	0.00653	0.00762	0.00544	0.00272	0.00272	0.00054	0.00272	0.00218	0.00218	0.89338
24	0.01088	0.15236	0.07097	0.03033	0.04534	0.01019	0.00702	0.27190	0.24489	0.06867	0.04344	0.01064	0.00853	0.00436	0.00349	0.00110	0.00369	0.00343	0.00313	0.00563
25	0.00719	0.00679	0.01147	0.76320	0.12221	0.00823	0.01033	0.00961	0.00746	0.00969	0.00657	0.00971	0.00500	0.00362	0.00367	0.00121	0.00483	0.00326	0.00165	0.00428
26	0.00520	0.00358	0.00396	0.00396	0.00414	0.00349	0.00231	0.00533	0.00578	0.00752	0.01525	0.02566	0.13304	0.74716	0.01663	0.00323	0.00332	0.00569	0.00240	0.00235
27	0.00766	0.11961	0.75381	0.00998	0.01513	0.00924	0.01271	0.01156	0.00772	0.01128	0.00642	0.00753	0.00466	0.00345	0.00336	0.00112	0.00525	0.00263	0.00155	0.00534
28	0.00444	0.00372	0.00386	0.00383	0.00502	0.00314	0.00287	0.00547	0.00862	0.01050	0.13518	0.03439	0.74818	0.00908	0.00434	0.00123	0.00184	0.00762	0.00349	0.00314
29	0.89687	0.00710	0.00540	0.00483	0.00710	0.00824	0.00398	0.01080	0.00625	0.01648	0.00511	0.00597	0.00398	0.00341	0.00227	0.00114	0.00284	0.00199	0.00227	0.00398
30	0.01171	0.00640	0.00803	0.00595	0.00901	0.00513	0.00484	0.01324	0.00895	0.39921	0.01020	0.00987	0.00713	0.00356	0.00317	0.00082	0.00291	0.00288	0.00327	0.48373
31	0.00553	0.00428	0.00590	0.00530	0.00649	0.00393	0.05712	0.00732	0.02439	0.02717	0.55749	0.02808	0.20308	0.00762	0.00434	0.00120	0.00216	0.04128	0.00374	0.00357
32	0.00525	0.00392	0.00582	0.00582	0.00645	0.00455	0.00449	0.00651	0.00588	0.00847	0.00991	0.01482	0.00935	0.06230	0.82185	0.00581	0.00958	0.00399	0.00198	0.00324
33	0.01287	0.01105	0.01037	0.00894	0.04490	0.18794	0.00686	0.42321	0.18086	0.06110	0.00961	0.00954	0.00706	0.00435	0.00361	0.00110	0.00432	0.00330	0.00328	0.00572
34	0.04680	0.00656	0.00844	0.04557	0.11136	0.00677	0.00598	0.03570	0.19769	0.24578	0.12077	0.01594	0.09676	0.00532	0.00407	0.00119	0.03222	0.00442	0.00351	0.00516
35	0.01083	0.04305	0.01125	0.11514	0.19472	0.32455	0.00780	0.04023	0.00924	0.04913	0.00668	0.00803	0.00536	0.00351	0.00332	0.00095	0.00491	0.00272	0.00206	0.15652
36	0.00762	0.00653	0.00762	0.00544	0.00870	0.00490	0.00435	0.00925	0.00762	0.01197	0.00653	0.00762	0.00544	0.00272	0.00272	0.00054	0.00272	0.00218	0.00218	0.89338
37	0.00808	0.00776	0.01237	0.43219	0.35777	0.04206	0.02226	0.01034	0.00795	0.01069	0.01759	0.00975	0.00582	0.00358	0.00362	0.00114	0.00461	0.00330	0.03434	0.00477
38	0.00918	0.58069	0.27790	0.00769	0.01150	0.03906	0.00858	0.01131	0.00765	0.00958	0.00559	0.00649	0.00469	0.00327	0.00274	0.00091	0.00448	0.00221	0.00157	0.00492
39	0.03988	0.00689	0.01133	0.66248	0.15215	0.00826	0.01001	0.00968	0.00744	0.01007	0.00672	0.01006	0.00529	0.00379	0.00386	0.00122	0.02692	0.01789	0.00172	0.00433
40	0.00905	0.15160	0.01528	0.04753	0.66182	0.00957	0.01025	0.01105	0.00812	0.01127	0.00667	0.00871	0.00568	0.00384	0.02358	0.00116	0.00444	0.00307	0.00177	0.00552
41	0.01071	0.00915	0.00981	0.01843	0.03900	0.08227	0.04204	0.20881	0.44171	0.04487	0.01204	0.02260	0.00920	0.02125	0.00401	0.00123	0.00372	0.01014	0.00339	0.00562
42	0.00503	0.00349	0.00454	0.01635	0.00568	0.00324	0.00349	0.00591	0.00779	0.03746	0.16005	0.59035	0.09981	0.03252	0.00491	0.00145	0.00215	0.00911	0.00350	0.00318
43	0.02383	0.00658	0.00944	0.31388	0.08612	0.02023	0.02290	0.05838	0.00827	0.06324	0.00979	0.15237	0.00909	0.00510	0.00385	0.00114	0.01939	0.02828	0.00241	0.15574
44	0.05387	0.00972	0.04577	0.02442	0.47427	0.11460	0.00910	0.05886	0.00899	0.05399	0.00766	0.04404	0.00646	0.00378	0.00350	0.00106	0.00433	0.00331	0.00217	0.07012

[dist]
# distance from previous block
# <min> <max>
0	3

[block]
# block no. 3 follows, 75 sequences, length 98
# corresponding to MSA columns:
# 332-429
name=unknown_D
#
# <colnr> <probs for GDERKNQSTAVLIFYWHMCP>
#	G	D	E	R	K	N	Q	S	T	A	V	L	I	F	Y	W	H	M	C	P
0	0.02490	0.02234	0.15331	0.01740	0.02305	0.03243	0.01743	0.09229	0.02949	0.46999	0.04728	0.01233	0.00913	0.00454	0.00368	0.00115	0.00374	0.02618	0.00362	0.00574
1	0.00533	0.00365	0.00447	0.00478	0.00500	0.00363	0.00321	0.00580	0.00626	0.00829	0.01450	0.15296	0.01657	0.54968	0.02530	0.00289	0.00340	0.17904	0.00264	0.00260
2	0.00855	0.00828	0.01367	0.16164	0.48628	0.02095	0.08253	0.02265	0.04893	0.01164	0.02412	0.01060	0.03326	0.00386	0.00416	0.00116	0.04691	0.00360	0.00199	0.00521
3	0.00804	0.00655	0.00767	0.00554	0.00875	0.00503	0.00443	0.00989	0.02920	0.04839	0.00709	0.00798	0.00575	0.00286	0.00279	0.00059	0.00274	0.00229	0.00232	0.83209
4	0.00526	0.00454	0.03074	0.01912	0.02847	0.00403	0.04128	0.00684	0.03708	0.01114	0.20527	0.42515	0.12123	0.00913	0.00445	0.00135	0.00246	0.03560	0.00337	0.00347
5	0.02368	0.01117	0.25781	0.08146	0.05741	0.01877	0.04653	0.19772	0.03764	0.12698	0.00981	0.05378	0.00780	0.00463	0.00375	0.00119	0.00436	0.04739	0.00274	0.00535
6	0.00844	0.00807	0.01374	0.27438	0.60123	0.00856	0.01095	0.01071	0.00806	0.01121	0.00679	0.00930	0.00554	0.00339	0.00365	0.00113	0.00452	0.00327	0.00176	0.00530
7	0.00737	0.01900	0.85189	0.01047	0.01590	0.00853	0.01357	0.01163	0.00775	0.01163	0.00659	0.00775	0.00465	0.00349	0.00349	0.00116	0.00543	0.00271	0.00155	0.00543
8	0.00449	0.00322	0.00427	0.00508	0.00532	0.00299	0.00340	0.00515	0.00712	0.00949	0.03694	0.83853	0.03760	0.01139	0.00468	0.00148	0.00212	0.01032	0.00342	0.00299
9	0.00541	0.00370	0.00463	0.00440	0.00528	0.00344	0.00330	0.00711	0.00989	0.01435	0.68188	0.02569	0.06735	0.00709	0.00406	0.00111	0.00174	0.00620	0.13993	0.00344
10	0.00533	0.00358	0.00404	0.00405	0.00409	0.00357	0.00230	0.00538	0.00545	0.00724	0.01216	0.02455	0.02769	0.84004	0.01819	0.00349	0.00353	0.02079	0.00227	0.00226
11	0.00982	0.87313	0.01925	0.00628	0.00943	0.01453	0.00628	0.01100	0.00746	0.00864	0.00511	0.00589	0.00471	0.00314	0.00236	0.00079	0.00393	0.00196	0.00157	0.00471
12	0.00434	0.00371	0.00373	0.00375	0.00497	0.00310	0.00280	0.00527	0.00835	0.00991	0.03690	0.05042	0.83165	0.00934	0.00435	0.00124	0.00187	0.00780	0.00341	0.00310
13	0.00982	0.87313	0.01925	0.00628	0.00943	0.01453	0.00628	0.01100	0.00746	0.00864	0.00511	0.00589	0.00471	0.00314	0.00236	0.00079	0.00393	0.00196	0.00157	0.00471
14	0.00538	0.00385	0.00530	0.00615	0.00676	0.00377	0.00499	0.00668	0.00793	0.01039	0.01974	0.34782	0.02231	0.01065	0.00493	0.00162	0.00292	0.52218	0.00339	0.00323
15	0.00937	0.20750	0.01086	0.00723	0.00955	0.02454	0.00594	0.01747	0.63526	0.01371	0.01252	0.01178	0.00961	0.00454	0.00341	0.00113	0.00320	0.00362	0.00321	0.00553
16	0.00977	0.85705	0.03493	0.00636	0.00955	0.01442	0.00642	0.01101	0.00747	0.00870	0.00513	0.00593	0.00471	0.00315	0.00238	0.00079	0.00396	0.00198	0.00157	0.00473
17	0.00525	0.00394	0.00590	0.00590	0.00656	0.00459	0.00459	0.00656	0.00590	0.00853	0.00984	0.01443	0.00918	0.02755	0.85637	0.00590	0.00984	0.00394	0.00197	0.00328
18	0.00982	0.87313	0.01925	0.00628	0.00943	0.01453	0.00628	0.01100	0.00746	0.00864	0.00511	0.00589	0.00471	0.00314	0.00236	0.00079	0.00393	0.00196	0.00157	0.00471
19	0.00971	0.32742	0.22191	0.00802	0.03232	0.02406	0.00798	0.10000	0.06867	0.06280	0.00782	0.03719	0.00634	0.00385	0.00311	0.00098	0.00410	0.00290	0.00224	0.06858
20	0.00469	0.00372	0.00413	0.00408	0.00504	0.00335	0.00296	0.00565	0.00804	0.01014	0.15649	0.03074	0.53013	0.13553	0.07742	0.00195	0.00275	0.00691	0.00322	0.00305
21	0.00694	0.00653	0.01102	0.86210	0.02530	0.00816	0.01020	0.00938	0.00734	0.00938	0.00653	0.00979	0.00490	0.00367	0.00367	0.00122	0.00490	0.00326	0.00163	0.00408
22	0.00916	0.00790	0.00838	0.02170	0.00984	0.00915	0.00590	0.02954	0.81721	0.01536	0.01473	0.01358	0.01104	0.00495	0.00374	0.00124	0.00295	0.00413	0.00370	0.00579
23	0.00685	0.00342	0.00342	0.00342	0.00428	0.00342	0.00257	0.00856	0.00770	0.01369	0.01198	0.01369	0.00941	0.00428	0.00257	0.00086	0.00171	0.00342	0.89131	0.00342
24	0.00709	0.00350	0.00355	0.00350	0.00441	0.00347	0.00264	0.00880	0.00777	0.03523	0.01205	0.01366	0.00941	0.00429	0.00260	0.00086	0.00175	0.00343	0.86849	0.00350
25	0.01214	0.14748	0.04296	0.00900	0.04354	0.02405	0.05641	0.47843	0.09738	0.03962	0.00871	0.00894	0.00644	0.00410	0.00350	0.00107	0.00411	0.00321	0.00309	0.00581
26	0.46005	0.14026	0.01074	0.01106	0.29256	0.00937	0.00680	0.01099	0.00715	0.01376	0.00572	0.00701	0.00471	0.00332	0.00275	0.00107	0.00352	0.00242	0.00201	0.00471
27	0.04208	0.00696	0.00939	0.00917	0.14130	0.00669	0.00635	0.01692	0.16041	0.54084	0.01308	0.01197	0.00880	0.00439	0.00365	0.00115	0.00327	0.00366	0.00390	0.00603
28	0.05989	0.18638	0.01368	0.02624	0.07642	0.24965	0.13032	0.07052	0.05038	0.07864	0.00749	0.00869	0.00592	0.00375	0.00335	0.00104	0.00491	0.01553	0.00228	0.00492
29	0.00461	0.00375	0.00410	0.00406	0.00519	0.00323	0.00308	0.00577	0.00887	0.01114	0.23476	0.03364	0.61592	0.00889	0.00437	0.00124	0.00189	0.03874	0.00356	0.00320
30	0.00685	0.00342	0.00342	0.00342	0.00428	0.00342	0.00257	0.00856	0.00770	0.01369	0.01198	0.01369	0.00941	0.00428	0.00257	0.00086	0.00171	0.00342	0.89131	0.00342
31	0.03003	0.05046	0.09173	0.07897	0.16827	0.13798	0.03353	0.06802	0.07474	0.02547	0.01017	0.03670	0.06528	0.00458	0.00399	0.00113	0.04755	0.01688	0.02607	0.02845
32	0.00826	0.00787	0.01342	0.30525	0.51570	0.00841	0.03183	0.01870	0.00808	0.01114	0.00720	0.03461	0.00605	0.00366	0.00370	0.00115	0.00452	0.00351	0.00182	0.00513
33	0.00685	0.00342	0.00342	0.00342	0.00428	0.00342	0.00257	0.00856	0.00770	0.01369	0.01198	0.01369	0.00941	0.00428	0.00257	0.00086	0.00171	0.00342	0.89131	0.00342
34	0.00638	0.00319	0.00478	0.00478	0.00478	0.00319	0.00319	0.00478	0.00478	0.00638	0.00638	0.01116	0.00638	0.01276	0.01435	0.89314	0.00319	0.00319	0.00159	0.00159
35	0.13535	0.00837	0.02618	0.10807	0.26728	0.01963	0.13444	0.04162	0.04167	0.10820	0.00781	0.00927	0.00593	0.00371	0.00395	0.00116	0.04619	0.00329	0.00232	0.02556
36	0.00531	0.00356	0.00406	0.00409	0.00411	0.00357	0.00232	0.00536	0.00541	0.00723	0.01181	0.05075	0.01360	0.82214	0.03946	0.00355	0.00367	0.00547	0.00226	0.00228
37	0.00490	0.00384	0.00416	0.00416	0.00537	0.00330	0.00321	0.00598	0.00862	0.03334	0.10875	0.03457	0.67328	0.00909	0.00439	0.00127	0.00202	0.08300	0.00350	0.00325
38	0.01067	0.00804	0.01057	0.00888	0.03883	0.00855	0.12016	0.14218	0.39157	0.14393	0.04162	0.01302	0.02121	0.01862	0.00407	0.00123	0.00357	0.00410	0.00351	0.00565
39	0.00727	0.00424	0.00569	0.00570	0.00681	0.00394	0.00455	0.00868	0.00905	0.16192	0.23243	0.19011	0.06629	0.00868	0.00452	0.00139	0.00259	0.26853	0.00377	0.00383
40	0.05333	0.00647	0.00851	0.00655	0.00937	0.00579	0.00541	0.05487	0.01064	0.77784	0.01384	0.01206	0.00875	0.00449	0.00363	0.00113	0.00316	0.00360	0.00441	0.00615
41	0.00610	0.00443	0.00519	0.00501	0.00627	0.00415	0.00397	0.05233	0.03531	0.05249	0.24456	0.03113	0.37337	0.00835	0.00438	0.00129	0.00231	0.15205	0.00365	0.00365
42	0.00887	0.02109	0.04298	0.08983	0.58590	0.02007	0.06560	0.03483	0.03191	0.01196	0.00781	0.02485	0.01895	0.00367	0.00380	0.00113	0.01585	0.00351	0.00195	0.00546
43	0.00513	0.00387	0.00476	0.00455	0.00554	0.00356	0.00344	0.00693	0.03322	0.01357	0.61912	0.02919	0.21702	0.00791	0.00434	0.00119	0.00184	0.02750	0.00387	0.00345
44	0.00480	0.00366	0.00445	0.00473	0.00552	0.00334	0.00349	0.00603	0.01995	0.01107	0.22247	0.30542	0.29561	0.00961	0.00451	0.00134	0.00208	0.08514	0.00356	0.00321
45	0.02711	0.59431	0.10719	0.00733	0.01043	0.15451	0.00720	0.02314	0.00807	0.00938	0.00541	0.00629	0.00472	0.00337	0.00282	0.00088	0.01931	0.00215	0.00167	0.00471
46	0.00895	0.03770	0.01885	0.05719	0.04895	0.00738	0.03018	0.10701	0.23897	0.09150	0.19072	0.02692	0.05331	0.01986	0.00422	0.00121	0.01563	0.01703	0.00339	0.02101
47	0.01418	0.00664	0.00832	0.00663	0.00917	0.00635	0.00539	0.10792	0.12037	0.56523	0.03532	0.03176	0.01007	0.00481	0.00368	0.00114	0.00307	0.00392	0.05013	0.00590
48	0.00448	0.00326	0.00420	0.00494	0.00526	0.00301	0.00331	0.00514	0.00714	0.00938	0.02190	0.75773	0.11425	0.03099	0.00497	0.00151	0.00213	0.01003	0.00338	0.00298
49	0.00709	0.00702	0.03897	0.64380	0.09891	0.00796	0.00971	0.00970	0.03408	0.01003	0.02498	0.01160	0.04226	0.00414	0.00392	0.00122	0.02431	0.01415	0.00186	0.00428
50	0.00819	0.21288	0.54472	0.02310	0.01446	0.02534	0.06696	0.01182	0.03975	0.01102	0.00661	0.00771	0.00499	0.00345	0.00330	0.00108	0.00505	0.00271	0.00167	0.00520
51	0.00966	0.75182	0.01898	0.00722	0.01032	0.01383	0.08174	0.01129	0.03315	0.00914	0.00561	0.00654	0.00499	0.00326	0.00276	0.00086	0.02014	0.00227	0.00166	0.00476
52	0.00532	0.00356	0.00407	0.00409	0.00412	0.00358	0.00233	0.00537	0.00540	0.00722	0.01173	0.04468	0.01349	0.82334	0.04444	0.00358	0.00372	0.00542	0.00225	0.00228
53	0.88123	0.00709	0.00545	0.00486	0.00714	0.00819	0.00400	0.01092	0.00633	0.03129	0.00528	0.00608	0.00407	0.00343	0.00230	0.00114	0.00285	0.00202	0.00231	0.00402
54	0.00530	0.00365	0.00449	0.00451	0.00468	0.00381	0.00285	0.00565	0.00551	0.00752	0.01127	0.03520	0.01247	0.64201	0.23207	0.00412	0.00514	0.00506	0.00218	0.00251
55	0.00883	0.04006	0.26712	0.05121	0.33542	0.04780	0.12577	0.03996	0.02710	0.01196	0.00700	0.00871	0.00544	0.00343	0.00364	0.00113	0.00501	0.00319	0.00184	0.00542
56	0.00838	0.09777	0.03934	0.01927	0.02599	0.03634	0.04552	0.02220	0.02234	0.00945	0.00575	0.02171	0.00543	0.00630	0.03350	0.00156	0.58993	0.00325	0.00174	0.00425
57	0.00464	0.00353	0.00409	0.00441	0.00505	0.00320	0.00305	0.00536	0.00738	0.00936	0.04345	0.33034	0.35457	0.15768	0.02004	0.00181	0.00241	0.03348	0.00320	0.00293
58	0.00476	0.00354	0.00449	0.00504	0.00565	0.00327	0.00370	0.00576	0.00791	0.01032	0.10783	0.45809	0.20678	0.01038	0.00464	0.00144	0.00224	0.14757	0.00347	0.00313
59	0.00638	0.00319	0.00478	0.00478	0.00478	0.00319	0.00319	0.00478	0.00478	0.00638	0.00638	0.01116	0.00638	0.01276	0.01435	0.89314	0.00319	0.00319	0.00159	0.00159
60	0.00517	0.00375	0.00487	0.00459	0.00547	0.00345	0.00344	0.00687	0.01032	0.01455	0.81593	0.02773	0.06491	0.00758	0.00433	0.00116	0.00174	0.00668	0.00402	0.00345
61	0.00528	0.00379	0.00519	0.00519	0.00560	0.00420	0.00370	0.00610	0.00569	0.00800	0.01049	0.01804	0.01075	0.34432	0.54174	0.00502	0.00748	0.00446	0.00206	0.00288
62	0.01396	0.01029	0.01102	0.00845	0.01139	0.01139	0.00698	0.83577	0.01727	0.02315	0.00882	0.00882	0.00625	0.00441	0.00367	0.00110	0.00404	0.00331	0.00367	0.00625
63	0.89687	0.00710	0.00540	0.00483	0.00710	0.00824	0.00398	0.01080	0.00625	0.01648	0.00511	0.00597	0.00398	0.00341	0.00227	0.00114	0.00284	0.00199	0.00227	0.00398
64	0.00694	0.00653	0.01102	0.86210	0.02530	0.00816	0.01020	0.00938	0.00734	0.00938	0.00653	0.00979	0.00490	0.00367	0.00367	0.00122	0.00490	0.00326	0.00163	0.00408
65	0.00694	0.00653	0.01102	0.86210	0.02530	0.00816	0.01020	0.00938	0.00734	0.00938	0.00653	0.00979	0.00490	0.00367	0.00367	0.00122	0.00490	0.00326	0.00163	0.00408
66	0.89687	0.00710	0.00540	0.00483	0.00710	0.00824	0.00398	0.01080	0.00625	0.01648	0.00511	0.00597	0.00398	0.00341	0.00227	0.00114	0.00284	0.00199	0.00227	0.00398
67	0.01197	0.00530	0.00682	0.00555	0.00776	0.00456	0.00447	0.01328	0.00988	0.53381	0.09441	0.02042	0.25344	0.00618	0.00394	0.00117	0.00264	0.00513	0.00417	0.00509
68	0.00804	0.00804	0.01125	0.00964	0.00964	0.01125	0.00804	0.00884	0.00562	0.00884	0.00482	0.00804	0.00482	0.00643	0.01205	0.00161	0.86420	0.00321	0.00161	0.00402
69	0.01037	0.00451	0.00552	0.00483	0.00639	0.00415	0.00377	0.01185	0.00873	0.34170	0.01387	0.10701	0.01092	0.00518	0.00324	0.00104	0.00231	0.00430	0.44583	0.00448
70	0.00638	0.00319	0.00478	0.00478	0.00478	0.00319	0.00319	0.00478	0.00478	0.00638	0.00638	0.01116	0.00638	0.01276	0.01435	0.89314	0.00319	0.00319	0.00159	0.00159
71	0.00490	0.00374	0.00450	0.00431	0.00531	0.00334	0.00323	0.00636	0.00970	0.01308	0.56903	0.03014	0.31273	0.00812	0.00433	0.00118	0.00178	0.00702	0.00383	0.00334
72	0.02454	0.00801	0.00847	0.00676	0.00902	0.00875	0.00550	0.55483	0.01400	0.01998	0.00979	0.01036	0.00724	0.00435	0.00329	0.00102	0.00327	0.00333	0.29219	0.00530
73	0.00982	0.87313	0.01925	0.00628	0.00943	0.01453	0.00628	0.01100	0.00746	0.00864	0.00511	0.00589	0.00471	0.00314	0.00236	0.00079	0.00393	0.00196	0.00157	0.00471
74	0.00902	0.00961	0.11342	0.04083	0.47339	0.01861	0.05435	0.02974	0.02197	0.04792	0.02294	0.00933	0.00634	0.00347	0.00368	0.00106	0.01685	0.00321	0.00205	0.11219
75	0.00855	0.00942	0.15367	0.40252	0.16303	0.02761	0.01007	0.07348	0.00863	0.06228	0.00817	0.02382	0.02500	0.00394	0.00366	0.00117	0.00465	0.00340	0.00206	0.00487
76	0.01612	0.00626	0.00847	0.00652	0.00931	0.00546	0.00538	0.03387	0.01064	0.81138	0.03698	0.01283	0.00973	0.00462	0.00371	0.00114	0.00311	0.00377	0.00451	0.00617
77	0.00654	0.00572	0.00919	0.60595	0.01957	0.00684	0.00845	0.00865	0.00752	0.00983	0.02358	0.05707	0.02780	0.02869	0.00431	0.00135	0.00426	0.12163	0.03924	0.00382
78	0.01719	0.11270	0.13715	0.02305	0.06171	0.12009	0.03644	0.11620	0.07326	0.08643	0.04573	0.05182	0.05621	0.00477	0.00382	0.00112	0.03081	0.00379	0.01274	0.00497
79	0.00480	0.00344	0.00463	0.00547	0.00584	0.00327	0.00397	0.00568	0.00737	0.00975	0.02026	0.67033	0.03305	0.01117	0.00477	0.00153	0.00241	0.19576	0.00340	0.00308
80	0.02715	0.31012	0.03860	0.00738	0.01002	0.14088	0.00641	0.07286	0.24113	0.03484	0.00858	0.00876	0.00678	0.00393	0.00324	0.00099	0.01928	0.00284	0.00250	0.05371
81	0.00959	0.73730	0.11074	0.00682	0.01013	0.03974	0.00707	0.01111	0.00764	0.00909	0.01975	0.00649	0.00522	0.00328	0.00255	0.00084	0.00414	0.00214	0.00162	0.00476
82	0.03051	0.17223	0.15404	0.05064	0.01330	0.03073	0.21736	0.05135	0.04191	0.05690	0.02112	0.07211	0.03475	0.00441	0.00363	0.00113	0.00451	0.01711	0.00228	0.01995
83	0.02350	0.00919	0.04540	0.08480	0.20857	0.00885	0.37379	0.05598	0.05130	0.04684	0.00824	0.01076	0.00645	0.00371	0.00413	0.00121	0.02065	0.02929	0.00217	0.00518
84	0.00694	0.00653	0.01102	0.86210	0.02530	0.00816	0.01020	0.00938	0.00734	0.00938	0.00653	0.00979	0.00490	0.00367	0.00367	0.00122	0.00490	0.00326	0.00163	0.00408
85	0.00826	0.00767	0.01262	0.46290	0.36346	0.00859	0.01044	0.06169	0.00838	0.01132	0.00683	0.00944	0.00536	0.00355	0.00366	0.00116	0.00462	0.00327	0.00184	0.00493
86	0.01537	0.00826	0.00902	0.00719	0.00985	0.12115	0.00584	0.11749	0.03232	0.59504	0.01273	0.01195	0.00848	0.00457	0.00367	0.00112	0.00371	0.02229	0.00403	0.00590
87	0.00464	0.00376	0.00414	0.00418	0.00524	0.00329	0.00311	0.00589	0.02446	0.01092	0.19268	0.12750	0.56418	0.00913	0.00438	0.00126	0.00191	0.02256	0.00354	0.00322
88	0.00867	0.00464	0.00605	0.00544	0.00687	0.00427	0.00418	0.01056	0.05452	0.26524	0.37201	0.16699	0.04808	0.00726	0.00418	0.00122	0.00231	0.01913	0.00404	0.00434
89	0.35140	0.16841	0.10582	0.02590	0.01005	0.10103	0.00645	0.11416	0.02081	0.04251	0.00653	0.00757	0.00513	0.00371	0.00286	0.00106	0.00396	0.01567	0.00230	0.00469
90	0.00551	0.00402	0.00574	0.00573	0.00629	0.01673	0.00434	0.00640	0.00580	0.00820	0.00943	0.01436	0.00897	0.06493	0.70034	0.11568	0.00867	0.00389	0.00193	0.00304
91	0.00474	0.00345	0.00448	0.00512	0.00558	0.00322	0.00366	0.00563	0.00761	0.01005	0.09229	0.57500	0.11094	0.03353	0.00504	0.00152	0.00228	0.11939	0.00343	0.00307
92	0.03636	0.16848	0.36354	0.00903	0.01273	0.19746	0.02839	0.03841	0.05861	0.03253	0.01813	0.00794	0.00564	0.00368	0.00327	0.00105	0.00506	0.00270	0.00197	0.00503
93	0.00574	0.00386	0.00498	0.00470	0.00566	0.00352	0.00352	0.00732	0.01001	0.06319	0.67638	0.08541	0.09623	0.00775	0.00432	0.00118	0.00185	0.00682	0.00398	0.00357
94	0.00511	0.00377	0.00459	0.00454	0.00543	0.00342	0.00334	0.01599	0.00920	0.02356	0.42940	0.16748	0.25760	0.03049	0.00475	0.00130	0.00195	0.02105	0.00371	0.00332
95	0.10204	0.00819	0.02397	0.27551	0.35085	0.03950	0.04514	0.02169	0.01674	0.01172	0.02607	0.00976	0.00618	0.00369	0.00369	0.00115	0.01921	0.01420	0.00193	0.01877
96	0.55119	0.17378	0.02559	0.00566	0.00824	0.02388	0.00496	0.07912	0.00774	0.03936	0.02145	0.00688	0.00510	0.00354	0.00254	0.00105	0.00325	0.00226	0.00233	0.03210
97	0.47934	0.00782	0.00822	0.18861	0.09663	0.05746	0.00642	0.05373	0.00761	0.03538	0.00616	0.00763	0.00477	0.00409	0.02189	0.00124	0.00387	0.00257	0.00219	0.00436

[dist]
# distance from previous block
# <min> <max>
5	17

[block]
# block no. 4 follows, 75 sequences, length 14
# corresponding to MSA columns:
# 451-458,460-465
name=unknown_E
#
# <colnr> <probs for GDERKNQSTAVLIFYWHMCP>
#	G	D	E	R	K	N	Q	S	T	A	V	L	I	F	Y	W	H	M	C	P
0	0.04978	0.00763	0.01124	0.44218	0.20296	0.03491	0.00922	0.05735	0.04419	0.09392	0.00779	0.00974	0.00581	0.00376	0.00359	0.00117	0.00443	0.00326	0.00220	0.00487
1	0.03067	0.03077	0.00816	0.00592	0.00883	0.00617	0.00477	0.12813	0.03308	0.04000	0.04510	0.04577	0.00788	0.00370	0.00305	0.00075	0.00289	0.00298	0.00263	0.58874
2	0.00483	0.00344	0.00458	0.00509	0.00548	0.00327	0.00348	0.00550	0.00694	0.00942	0.06022	0.62973	0.02136	0.06408	0.08303	0.03697	0.00296	0.00874	0.00312	0.03775
3	0.00792	0.00763	0.01028	0.00852	0.00939	0.00956	0.00705	0.00895	0.00616	0.00967	0.00528	0.00792	0.00499	0.00544	0.00956	0.00132	0.63450	0.00294	0.00176	0.24116
4	0.00873	0.00660	0.00781	0.00564	0.00885	0.00513	0.00454	0.03317	0.00819	0.10065	0.00743	0.00816	0.00585	0.00296	0.00285	0.00062	0.00280	0.00237	0.00247	0.77519
5	0.01020	0.00830	0.01000	0.00818	0.00972	0.00986	0.00673	0.35039	0.01079	0.01526	0.00780	0.02250	0.00669	0.03248	0.00729	0.00134	0.33466	0.02552	0.04841	0.07388
6	0.00469	0.00350	0.00438	0.00486	0.00542	0.00323	0.00341	0.00578	0.02451	0.01050	0.15755	0.54315	0.17712	0.01029	0.00456	0.00139	0.00206	0.02693	0.00352	0.00315
7	0.00999	0.02049	0.13097	0.12774	0.04656	0.02928	0.18261	0.12667	0.06095	0.13424	0.02951	0.03508	0.00809	0.00437	0.00387	0.00120	0.00455	0.03597	0.00269	0.00518
8	0.00827	0.07326	0.06074	0.54738	0.01991	0.05437	0.00912	0.07381	0.04097	0.02887	0.00764	0.04611	0.00613	0.00409	0.00359	0.00117	0.00465	0.00344	0.00201	0.00445
9	0.04852	0.00811	0.00924	0.00721	0.00987	0.00842	0.00592	0.44355	0.01373	0.29500	0.05662	0.01186	0.03480	0.00473	0.00366	0.00112	0.00345	0.00370	0.02464	0.00584
10	0.00486	0.00363	0.00476	0.01771	0.00573	0.00366	0.00362	0.00559	0.00690	0.00924	0.05119	0.52189	0.09237	0.12182	0.09167	0.00216	0.03880	0.00835	0.00304	0.00300
11	0.08606	0.25987	0.28618	0.03768	0.06151	0.08813	0.05238	0.03508	0.00812	0.01119	0.00641	0.00816	0.00524	0.00362	0.00325	0.00105	0.01465	0.02474	0.00180	0.00490
12	0.03069	0.00809	0.13672	0.00696	0.00905	0.05166	0.07686	0.02770	0.09298	0.01147	0.07747	0.08783	0.29315	0.04052	0.00485	0.00132	0.03008	0.00567	0.00286	0.00406
13	0.00534	0.02186	0.02772	0.00529	0.00594	0.00371	0.00388	0.02660	0.00767	0.02991	0.06112	0.66235	0.04823	0.01017	0.00445	0.00140	0.00231	0.02733	0.04140	0.00330

[dist]
# distance from previous block
# <min> <max>
5	31

[block]
# block no. 5 follows, 75 sequences, length 11
# corresponding to MSA columns:
# 497-507
name=unknown_F
#
# <colnr> <probs for GDERKNQSTAVLIFYWHMCP>
#	G	D	E	R	K	N	Q	S	T	A	V	L	I	F	Y	W	H	M	C	P
0	0.00676	0.15460	0.02679	0.00583	0.00739	0.04048	0.02510	0.02089	0.10754	0.01142	0.18879	0.20161	0.16172	0.01972	0.00414	0.00122	0.00280	0.00617	0.00311	0.00393
1	0.00499	0.00382	0.00437	0.00441	0.00539	0.00349	0.00327	0.00657	0.04515	0.01167	0.26166	0.16312	0.38508	0.00869	0.00428	0.00124	0.00194	0.02466	0.05286	0.00333
2	0.00446	0.00324	0.00422	0.00499	0.00530	0.00299	0.00336	0.00513	0.00715	0.00942	0.02170	0.79707	0.09481	0.01132	0.00466	0.00147	0.00211	0.01021	0.00341	0.00299
3	0.01929	0.11944	0.23106	0.11446	0.04767	0.02506	0.06417	0.07485	0.03183	0.05341	0.06573	0.02272	0.04364	0.00557	0.05085	0.00138	0.00462	0.00360	0.01582	0.00482
4	0.00951	0.37013	0.22012	0.00902	0.08310	0.10243	0.00837	0.03429	0.03177	0.03120	0.04872	0.00873	0.02065	0.00375	0.00309	0.00098	0.00444	0.00277	0.00197	0.00496
5	0.00826	0.00906	0.01933	0.01419	0.01748	0.00854	0.71167	0.01115	0.00864	0.01165	0.00921	0.01459	0.00788	0.00414	0.00444	0.00131	0.00577	0.12588	0.00208	0.00472
6	0.07915	0.50127	0.09415	0.00782	0.01091	0.17445	0.06555	0.01180	0.00805	0.00982	0.00552	0.00650	0.00471	0.00332	0.00278	0.00091	0.00466	0.00228	0.00171	0.00465
7	0.00709	0.00539	0.00614	0.00493	0.00717	0.00451	0.00385	0.00914	0.05768	0.03487	0.07592	0.03079	0.13392	0.00466	0.00318	0.00082	0.00236	0.00386	0.15154	0.45217
8	0.00567	0.00333	0.00441	0.00456	0.00459	0.00329	0.00288	0.00504	0.00537	0.00717	0.01066	0.16349	0.01201	0.32553	0.01427	0.41516	0.00314	0.00522	0.00214	0.00206
9	0.04615	0.10428	0.10989	0.11407	0.09964	0.02271	0.05903	0.04961	0.00891	0.24418	0.00980	0.04850	0.00763	0.01410	0.01299	0.00121	0.00413	0.02385	0.01417	0.00514
10	0.08353	0.14677	0.03265	0.00941	0.10631	0.06049	0.02655	0.22810	0.22482	0.03206	0.00912	0.00935	0.00696	0.00406	0.00335	0.00109	0.00389	0.00316	0.00285	0.00549

[dist]
# distance from previous block
# <min> <max>
1	16

[block]
# block no. 6 follows, 75 sequences, length 13
# corresponding to MSA columns:
# 524-536
name=unknown_G
#
# <colnr> <probs for GDERKNQSTAVLIFYWHMCP>
#	G	D	E	R	K	N	Q	S	T	A	V	L	I	F	Y	W	H	M	C	P
0	0.00846	0.09311	0.34437	0.05860	0.06742	0.05689	0.06268	0.02099	0.02651	0.04796	0.03189	0.05339	0.00740	0.00441	0.00423	0.00117	0.07086	0.02061	0.00204	0.01701
1	0.16080	0.02125	0.03327	0.08352	0.12508	0.02331	0.23875	0.02858	0.02960	0.20736	0.00866	0.00963	0.00620	0.00365	0.00359	0.00116	0.00439	0.00342	0.00260	0.00517
2	0.01951	0.00486	0.00641	0.01863	0.00707	0.00477	0.02056	0.07362	0.02669	0.17158	0.11560	0.03855	0.08310	0.08416	0.03927	0.25863	0.00328	0.01711	0.00298	0.00362
3	0.02745	0.09075	0.45036	0.04265	0.09586	0.05804	0.04151	0.01219	0.03813	0.06789	0.02212	0.00866	0.00588	0.00369	0.00359	0.00112	0.01996	0.00294	0.00195	0.00525
4	0.00956	0.00902	0.10474	0.11965	0.15272	0.04652	0.01547	0.07707	0.17372	0.11203	0.04450	0.03245	0.01996	0.04516	0.00457	0.00129	0.01977	0.00387	0.00278	0.00516
5	0.00494	0.00337	0.00450	0.00515	0.00553	0.00314	0.00354	0.00575	0.00754	0.03455	0.10895	0.72950	0.02487	0.01083	0.00463	0.00145	0.00215	0.03293	0.00351	0.00314
6	0.00511	0.00339	0.00449	0.00513	0.00553	0.00313	0.00350	0.00584	0.00737	0.05248	0.05191	0.77320	0.04319	0.01095	0.00462	0.00145	0.00216	0.00989	0.00349	0.00317
7	0.03299	0.02497	0.12486	0.08602	0.07192	0.02376	0.13538	0.10527	0.09666	0.16666	0.00922	0.00986	0.00663	0.00381	0.00361	0.00110	0.00427	0.00336	0.00272	0.08695
8	0.06875	0.00456	0.00542	0.00535	0.00628	0.00458	0.01414	0.05886	0.03217	0.06515	0.01762	0.36264	0.10512	0.12711	0.02220	0.00173	0.01372	0.03826	0.04278	0.00354
9	0.00471	0.00340	0.00419	0.00470	0.00525	0.00311	0.00329	0.00549	0.00754	0.00995	0.06505	0.51810	0.22850	0.01038	0.00482	0.03158	0.00210	0.03615	0.04865	0.00303
10	0.00815	0.00714	0.00904	0.00683	0.00949	0.00662	0.04510	0.06901	0.02791	0.01226	0.00679	0.00824	0.00567	0.00427	0.03169	0.00097	0.13244	0.00262	0.00221	0.60355
11	0.01001	0.68991	0.04877	0.00667	0.00967	0.05672	0.00650	0.03158	0.02132	0.03513	0.01898	0.00735	0.02226	0.00354	0.00278	0.00086	0.01901	0.00234	0.00184	0.00476
12	0.00925	0.07877	0.04143	0.10328	0.38454	0.02761	0.06043	0.06545	0.03705	0.04248	0.02893	0.00994	0.02152	0.00375	0.00376	0.00108	0.02480	0.00335	0.00216	0.05043

[dist]
# distance from previous block
# <min> <max>
0	3

[block]
# block no. 7 follows, 75 sequences, length 13
# corresponding to MSA columns:
# 540-552
name=unknown_H
#
# <colnr> <probs for GDERKNQSTAVLIFYWHMCP>
#	G	D	E	R	K	N	Q	S	T	A	V	L	I	F	Y	W	H	M	C	P
0	0.00593	0.00455	0.00510	0.00529	0.00602	0.06163	0.00379	0.00695	0.00829	0.05438	0.21373	0.44606	0.09784	0.01035	0.05086	0.00157	0.00279	0.00805	0.00344	0.00338
1	0.00999	0.00748	0.00925	0.12798	0.04927	0.10819	0.07346	0.02799	0.06138	0.21136	0.13446	0.01580	0.10432	0.00513	0.00382	0.00114	0.00371	0.00440	0.03618	0.00469
2	0.08588	0.11811	0.23265	0.08473	0.09730	0.05633	0.02209	0.05382	0.05408	0.10761	0.02157	0.00975	0.03280	0.00394	0.00337	0.00110	0.00431	0.00311	0.00234	0.00511
3	0.04194	0.00908	0.08608	0.09104	0.15120	0.03227	0.03125	0.13632	0.05950	0.22541	0.01914	0.01010	0.00700	0.00419	0.00418	0.00116	0.06282	0.00336	0.00289	0.02105
4	0.00470	0.00325	0.00427	0.00497	0.00523	0.00306	0.00333	0.00534	0.00710	0.00964	0.06433	0.72772	0.02325	0.04440	0.00546	0.03230	0.00219	0.00952	0.03701	0.00295
5	0.00850	0.04622	0.06353	0.39523	0.11953	0.03998	0.05558	0.08757	0.03348	0.03379	0.00828	0.06841	0.00694	0.00430	0.00371	0.00119	0.00457	0.01237	0.00214	0.00469
6	0.04322	0.03941	0.08024	0.08697	0.29864	0.05826	0.09583	0.07440	0.05088	0.10847	0.00808	0.00934	0.00611	0.00371	0.00376	0.00113	0.02053	0.00329	0.00234	0.00540
7	0.00862	0.03859	0.06864	0.09466	0.36840	0.06590	0.04339	0.01058	0.00798	0.04324	0.00879	0.04500	0.03787	0.00622	0.07625	0.00156	0.06369	0.00370	0.00201	0.00491
8	0.00625	0.00324	0.00469	0.00469	0.00469	0.00324	0.00307	0.00485	0.00485	0.00647	0.00702	0.01275	0.00724	0.11819	0.01489	0.78385	0.00324	0.00345	0.00167	0.00167
9	0.00930	0.09967	0.12493	0.03939	0.14441	0.02431	0.03765	0.12054	0.10198	0.05261	0.02587	0.05147	0.03458	0.00431	0.00350	0.00105	0.00389	0.00362	0.00255	0.11438
10	0.07228	0.07207	0.07694	0.02409	0.07034	0.12098	0.00713	0.27065	0.01138	0.11139	0.04453	0.00922	0.00709	0.00408	0.00355	0.00105	0.02130	0.00306	0.00283	0.06604
11	0.01166	0.11200	0.08757	0.01052	0.10461	0.16557	0.07540	0.21926	0.02989	0.09173	0.00795	0.00898	0.00608	0.00401	0.00383	0.00109	0.03742	0.01453	0.00256	0.00534
12	0.02654	0.02419	0.00872	0.02972	0.02489	0.03897	0.00535	0.17139	0.04088	0.04883	0.00827	0.02138	0.01927	0.00395	0.01723	0.00088	0.00336	0.00282	0.00262	0.50075

[dist]
# distance from previous block
# <min> <max>
1	10

[block]
# block no. 8 follows, 75 sequences, length 15
# corresponding to MSA columns:
# 564-578
name=unknown_I
#
# <colnr> <probs for GDERKNQSTAVLIFYWHMCP>
#	G	D	E	R	K	N	Q	S	T	A	V	L	I	F	Y	W	H	M	C	P
0	0.02547	0.00944	0.00982	0.00782	0.01039	0.06065	0.00634	0.46553	0.12831	0.04868	0.01003	0.01009	0.03277	0.00450	0.00400	0.00108	0.04968	0.00336	0.00329	0.10872
1	0.01380	0.00982	0.01060	0.00816	0.01101	0.01079	0.00673	0.76414	0.01657	0.06174	0.00921	0.00919	0.00651	0.00441	0.00363	0.00109	0.00391	0.00333	0.03924	0.00613
2	0.00904	0.03798	0.15748	0.11999	0.13144	0.01705	0.00830	0.08939	0.12385	0.09168	0.07178	0.04936	0.02614	0.00515	0.01731	0.00125	0.01817	0.01683	0.00272	0.00510
