[name]
unknown

[dist]
# distance from previous block
# <min> <max>
0	112

[block]
# block no. 0 follows, 82 sequences, length 11
# corresponding to MSA columns:
# 118-128
name=unknown_A
#
# <colnr> <probs for GDERKNQSTAVLIFYWHMCP>
#	G	D	E	R	K	N	Q	S	T	A	V	L	I	F	Y	W	H	M	C	P
0	0.01080	0.00724	0.00829	0.00694	0.00905	0.00768	0.00576	0.45695	0.03426	0.13113	0.01295	0.04260	0.05284	0.00577	0.00378	0.00118	0.00333	0.19104	0.00345	0.00497
1	0.03387	0.00775	0.07020	0.52254	0.05523	0.03918	0.08066	0.07367	0.00791	0.01051	0.03176	0.00998	0.03483	0.00368	0.00345	0.00111	0.00444	0.00326	0.00183	0.00414
2	0.00831	0.00777	0.00895	0.03782	0.03998	0.10901	0.07203	0.04431	0.00793	0.03041	0.00632	0.00742	0.00510	0.00283	0.00284	0.00068	0.00341	0.00236	0.00205	0.60046
3	0.00806	0.00776	0.01293	0.01186	0.16737	0.00792	0.30081	0.04084	0.27114	0.01273	0.11203	0.01213	0.01017	0.00400	0.00372	0.00112	0.00393	0.00403	0.00257	0.00488
4	0.00500	0.00376	0.00466	0.00439	0.00531	0.00355	0.00330	0.00708	0.06831	0.01321	0.69610	0.02557	0.13276	0.00704	0.00400	0.00109	0.00170	0.00615	0.00367	0.00334
5	0.02485	0.01160	0.08271	0.00820	0.01057	0.29740	0.04991	0.18230	0.21291	0.04239	0.00858	0.00881	0.00645	0.00389	0.00328	0.00101	0.00441	0.00297	0.03290	0.00485
6	0.00484	0.00344	0.00400	0.00386	0.00477	0.00311	0.00289	0.00622	0.00868	0.01215	0.45968	0.02578	0.28819	0.00703	0.00377	0.00106	0.00165	0.00602	0.14976	0.00311
7	0.00576	0.00459	0.00681	0.09939	0.00851	0.00505	0.05230	0.00691	0.00659	0.04675	0.04354	0.13977	0.15040	0.05531	0.24345	0.01464	0.09947	0.00513	0.00235	0.00329
8	0.16203	0.04649	0.17904	0.00795	0.04162	0.02353	0.00724	0.37895	0.04556	0.06461	0.00749	0.00781	0.00541	0.00371	0.00311	0.00104	0.00379	0.00275	0.00268	0.00519
9	0.02490	0.00619	0.06255	0.00761	0.09823	0.00530	0.03533	0.03065	0.07056	0.24969	0.10261	0.18194	0.08159	0.00588	0.00370	0.00113	0.00286	0.00514	0.00320	0.02096
10	0.00919	0.42584	0.12214	0.00760	0.05034	0.04014	0.02666	0.08984	0.10630	0.03493	0.00723	0.02800	0.00596	0.00355	0.00282	0.00091	0.00377	0.00267	0.02738	0.00474

[dist]
# distance from previous block
# <min> <max>
3	5

[block]
# block no. 1 follows, 82 sequences, length 62
# corresponding to MSA columns:
# 134-195
name=unknown_B
#
# <colnr> <probs for GDERKNQSTAVLIFYWHMCP>
#	G	D	E	R	K	N	Q	S	T	A	V	L	I	F	Y	W	H	M	C	P
0	0.06544	0.03679	0.03296	0.05283	0.10124	0.08742	0.01990	0.24440	0.15936	0.13989	0.02031	0.00938	0.00692	0.00392	0.00329	0.00104	0.00371	0.00311	0.00290	0.00518
1	0.00944	0.01543	0.01867	0.00842	0.07323	0.00834	0.05442	0.13354	0.50809	0.07581	0.04840	0.01194	0.00979	0.00439	0.00350	0.00111	0.00314	0.00374	0.00326	0.00535
2	0.00548	0.00464	0.01578	0.00570	0.00628	0.00509	0.00439	0.00698	0.05717	0.01784	0.22833	0.31287	0.09290	0.00815	0.01350	0.00133	0.20076	0.00653	0.00294	0.00333
3	0.00859	0.13878	0.04046	0.00574	0.00851	0.00675	0.00494	0.05352	0.10386	0.09872	0.04240	0.00892	0.00714	0.00333	0.00281	0.00075	0.00286	0.00262	0.02605	0.43324
4	0.00446	0.00325	0.00435	0.03678	0.00576	0.00311	0.00352	0.00526	0.00698	0.00930	0.10663	0.61801	0.06543	0.03274	0.00477	0.01336	0.00216	0.06814	0.00312	0.00286
5	0.00709	0.00608	0.00709	0.00507	0.00811	0.00456	0.00405	0.00861	0.00709	0.01115	0.00608	0.00709	0.00507	0.00253	0.00253	0.00051	0.00253	0.00203	0.00203	0.90069
6	0.01245	0.05003	0.05739	0.01588	0.13020	0.03123	0.00637	0.07014	0.03465	0.47863	0.02187	0.01039	0.00755	0.01468	0.00349	0.00104	0.00336	0.00320	0.00328	0.04419
7	0.00506	0.00372	0.00476	0.00446	0.00533	0.00354	0.00336	0.00714	0.05915	0.01375	0.80716	0.02480	0.03099	0.00686	0.00400	0.00108	0.00168	0.00605	0.00375	0.00336
8	0.00486	0.00327	0.00377	0.00388	0.00391	0.00324	0.00223	0.00494	0.00521	0.00694	0.01197	0.14821	0.01394	0.75192	0.01549	0.00303	0.00312	0.00567	0.00223	0.00218
9	0.02007	0.04054	0.03158	0.05342	0.09667	0.07175	0.00634	0.23564	0.20708	0.05086	0.01010	0.08394	0.00829	0.00455	0.00343	0.00107	0.01060	0.00371	0.05546	0.00491
10	0.01193	0.00613	0.00751	0.00608	0.00828	0.00595	0.00490	0.16213	0.09648	0.44670	0.08539	0.05809	0.07454	0.00515	0.00358	0.00109	0.00280	0.00425	0.00384	0.00519
11	0.00745	0.04001	0.03925	0.00546	0.00851	0.04897	0.00457	0.00901	0.00723	0.01088	0.00599	0.00699	0.00498	0.00263	0.00258	0.00056	0.00285	0.00205	0.00197	0.78807
12	0.00425	0.00346	0.00376	0.00372	0.00476	0.00297	0.00278	0.00529	0.00822	0.01034	0.23907	0.06232	0.62050	0.00832	0.00405	0.00114	0.00171	0.00705	0.00332	0.00297
13	0.00632	0.00593	0.00986	0.82059	0.02245	0.00732	0.00909	0.00852	0.00690	0.00877	0.00776	0.01052	0.05461	0.00373	0.00346	0.00114	0.00439	0.00329	0.00162	0.00375
14	0.00845	0.05043	0.00944	0.00740	0.05910	0.04703	0.07485	0.12499	0.01986	0.03665	0.00791	0.07415	0.01427	0.00363	0.00303	0.00079	0.00325	0.00310	0.00232	0.44939
15	0.00937	0.83063	0.01748	0.00597	0.00889	0.01336	0.00589	0.05937	0.00749	0.00884	0.00496	0.00565	0.00447	0.00300	0.00227	0.00075	0.00366	0.00190	0.00158	0.00447
16	0.00422	0.00334	0.00380	0.00397	0.00480	0.00292	0.00287	0.00514	0.00778	0.00989	0.17529	0.26540	0.48060	0.00894	0.00413	0.00121	0.00178	0.00773	0.00328	0.00292
17	0.00470	0.00349	0.00438	0.00416	0.00503	0.00317	0.00312	0.00619	0.00936	0.01294	0.71469	0.02682	0.17471	0.00728	0.00404	0.00109	0.00163	0.00636	0.00366	0.00317
18	0.00868	0.00921	0.09613	0.02171	0.03631	0.02843	0.36849	0.08932	0.00826	0.06427	0.00741	0.03661	0.00592	0.00401	0.00509	0.00118	0.16469	0.00364	0.03609	0.00457
19	0.00897	0.04152	0.12209	0.01651	0.08379	0.00809	0.15763	0.18234	0.11382	0.06147	0.00902	0.02012	0.00742	0.10689	0.00531	0.00136	0.02097	0.02544	0.00247	0.00477
20	0.00531	0.00404	0.00495	0.00463	0.00561	0.00395	0.00350	0.00802	0.12899	0.01351	0.68364	0.02422	0.08292	0.00677	0.00396	0.00109	0.00178	0.00592	0.00369	0.00352
21	0.00679	0.00633	0.00868	0.00760	0.00763	0.00851	0.00608	0.00737	0.00518	0.00784	0.00611	0.01108	0.00645	0.19917	0.05239	0.01403	0.63035	0.00346	0.00164	0.00331
22	0.00884	0.04076	0.01043	0.06228	0.29179	0.00839	0.00735	0.11058	0.32758	0.03017	0.05858	0.01103	0.00888	0.00404	0.00342	0.00107	0.00337	0.00350	0.00272	0.00521
23	0.29507	0.00811	0.00720	0.04795	0.01689	0.14578	0.00513	0.19402	0.00920	0.04664	0.00979	0.10254	0.05725	0.00485	0.00314	0.00109	0.00347	0.03513	0.00261	0.00415
24	0.00495	0.00412	0.03695	0.00496	0.00594	0.00355	0.00411	0.00648	0.00859	0.01168	0.43043	0.06894	0.14114	0.00848	0.03180	0.00137	0.00241	0.21755	0.00335	0.00320
25	0.01350	0.05945	0.00937	0.06753	0.04249	0.15831	0.00597	0.06753	0.00972	0.51537	0.01041	0.00980	0.00695	0.00392	0.00330	0.00101	0.00374	0.00306	0.00330	0.00525
26	0.00761	0.00708	0.01199	0.04966	0.60592	0.00710	0.04006	0.00950	0.00768	0.01074	0.00910	0.08310	0.00879	0.00458	0.00368	0.00114	0.00385	0.12160	0.00201	0.00479
27	0.01243	0.06686	0.01031	0.00903	0.03761	0.78853	0.00669	0.01336	0.00947	0.00844	0.00529	0.00620	0.00444	0.00347	0.00304	0.00088	0.00595	0.00221	0.00174	0.00404
28	0.00856	0.00791	0.01232	0.10725	0.59244	0.02052	0.00935	0.08429	0.06751	0.01192	0.00753	0.04151	0.00635	0.00359	0.00343	0.00105	0.00395	0.00335	0.00201	0.00516
29	0.00646	0.00608	0.01026	0.87156	0.02356	0.00760	0.00950	0.00874	0.00684	0.00874	0.00608	0.00912	0.00456	0.00342	0.00342	0.00114	0.00456	0.00304	0.00152	0.00380
30	0.00807	0.00923	0.02018	0.01442	0.01788	0.00865	0.84602	0.01096	0.00807	0.01096	0.00692	0.00923	0.00519	0.00288	0.00404	0.00115	0.00577	0.00404	0.00173	0.00461
31	0.00957	0.00605	0.00738	0.00540	0.00832	0.00478	0.00437	0.02202	0.00799	0.25774	0.00826	0.00843	0.00606	0.00305	0.00281	0.00067	0.00266	0.00245	0.00269	0.62932
32	0.00489	0.00367	0.00550	0.00550	0.00611	0.00428	0.00428	0.00611	0.00550	0.00794	0.00916	0.01344	0.00855	0.02566	0.86623	0.00550	0.00916	0.00367	0.00183	0.00305
33	0.01496	0.00644	0.00832	0.00638	0.00904	0.00595	0.00527	0.15340	0.01083	0.72262	0.01263	0.01108	0.00803	0.00421	0.00344	0.00105	0.00305	0.00338	0.00410	0.00582
34	0.00484	0.00350	0.00457	0.00430	0.00511	0.00323	0.00323	0.00646	0.00968	0.01372	0.85664	0.02555	0.03228	0.00699	0.00403	0.00108	0.00161	0.00619	0.00377	0.00323
35	0.01290	0.04219	0.01047	0.00825	0.05357	0.00993	0.00651	0.67440	0.01457	0.11975	0.00862	0.00853	0.00606	0.00402	0.00338	0.00102	0.00367	0.00307	0.00336	0.00574
36	0.00761	0.03588	0.45655	0.00937	0.10117	0.00724	0.00941	0.04972	0.01628	0.03386	0.03331	0.00807	0.00574	0.00325	0.00311	0.00093	0.00409	0.00263	0.00186	0.20990
37	0.05448	0.04257	0.06180	0.01494	0.47192	0.16653	0.02694	0.01059	0.00791	0.01054	0.00730	0.06388	0.00667	0.00387	0.00334	0.00103	0.00429	0.03481	0.00185	0.00473
38	0.01535	0.00582	0.00794	0.00609	0.00873	0.00503	0.00503	0.01667	0.00979	0.86081	0.01350	0.01164	0.00847	0.00423	0.00344	0.00106	0.00291	0.00344	0.00423	0.00582
39	0.90395	0.00662	0.00503	0.00450	0.00662	0.00767	0.00370	0.01006	0.00582	0.01535	0.00476	0.00556	0.00370	0.00318	0.00212	0.00106	0.00265	0.00185	0.00212	0.00370
40	0.00704	0.00769	0.10547	0.00883	0.04587	0.00826	0.00763	0.00844	0.00634	0.02156	0.00853	0.01586	0.00863	0.00645	0.00814	0.00144	0.49269	0.22530	0.00198	0.00383
41	0.00813	0.00925	0.01885	0.09046	0.01807	0.04564	0.73527	0.01088	0.00803	0.01065	0.00677	0.00909	0.00510	0.00296	0.00394	0.00114	0.00568	0.00387	0.00171	0.00451
42	0.00808	0.00723	0.00837	0.00744	0.00880	0.00885	0.00592	0.01500	0.58939	0.01241	0.01120	0.01138	0.00877	0.00591	0.04286	0.00144	0.23559	0.00363	0.00288	0.00487
43	0.01300	0.00958	0.01027	0.00787	0.01061	0.01061	0.00650	0.84704	0.01608	0.02156	0.00821	0.00821	0.00582	0.00411	0.00342	0.00103	0.00376	0.00308	0.00342	0.00582
44	0.01535	0.00582	0.00794	0.00609	0.00873	0.00503	0.00503	0.01667	0.00979	0.86081	0.01350	0.01164	0.00847	0.00423	0.00344	0.00106	0.00291	0.00344	0.00423	0.00582
45	0.00678	0.01558	0.71179	0.00981	0.05677	0.00764	0.01151	0.01032	0.00737	0.01095	0.06993	0.00898	0.01706	0.00369	0.00363	0.00110	0.03769	0.00290	0.00165	0.00486
46	0.05153	0.00945	0.01004	0.00772	0.01044	0.01048	0.00638	0.81084	0.01564	0.02129	0.00806	0.00810	0.00573	0.00407	0.00337	0.00103	0.00372	0.00303	0.00337	0.00573
47	0.00594	0.00297	0.00446	0.00446	0.00446	0.00297	0.00297	0.00446	0.00446	0.00594	0.00594	0.01040	0.00594	0.01188	0.01337	0.90048	0.00297	0.00297	0.00149	0.00149
48	0.90395	0.00662	0.00503	0.00450	0.00662	0.00767	0.00370	0.01006	0.00582	0.01535	0.00476	0.00556	0.00370	0.00318	0.00212	0.00106	0.00265	0.00185	0.00212	0.00370
49	0.00851	0.00735	0.00773	0.00696	0.00890	0.00851	0.00541	0.01818	0.85226	0.01431	0.01392	0.01276	0.01044	0.00464	0.00348	0.00116	0.00271	0.00387	0.00348	0.00541
50	0.90395	0.00662	0.00503	0.00450	0.00662	0.00767	0.00370	0.01006	0.00582	0.01535	0.00476	0.00556	0.00370	0.00318	0.00212	0.00106	0.00265	0.00185	0.00212	0.00370
51	0.00686	0.00672	0.01022	0.81719	0.02274	0.06170	0.00932	0.00905	0.00702	0.00872	0.00603	0.00893	0.00455	0.00343	0.00340	0.00112	0.00466	0.00299	0.00154	0.00381
52	0.01481	0.00657	0.06176	0.00632	0.00911	0.00521	0.00551	0.01630	0.00963	0.80725	0.01303	0.01136	0.00821	0.00417	0.00343	0.00106	0.00305	0.00338	0.00406	0.00577
53	0.00485	0.00362	0.00484	0.05905	0.00632	0.00347	0.00369	0.00634	0.00894	0.01237	0.61166	0.11858	0.08630	0.00742	0.00407	0.00115	0.00193	0.04875	0.00349	0.00319
54	0.01490	0.06112	0.00863	0.00612	0.00878	0.00571	0.00512	0.03811	0.00978	0.78499	0.01281	0.01116	0.00814	0.00415	0.00336	0.00104	0.00298	0.00333	0.00404	0.00573
55	0.00687	0.00630	0.01026	0.81713	0.02274	0.00779	0.00931	0.06157	0.00742	0.00955	0.00621	0.00906	0.00464	0.00346	0.00342	0.00113	0.00451	0.00304	0.00164	0.00393
56	0.00440	0.00345	0.00376	0.00369	0.00467	0.00301	0.00272	0.00543	0.00809	0.01037	0.24594	0.02958	0.55748	0.06295	0.00482	0.00126	0.00180	0.00666	0.03699	0.00294
57	0.00709	0.00608	0.00709	0.00507	0.00811	0.00456	0.00405	0.00861	0.00709	0.01115	0.00608	0.00709	0.00507	0.00253	0.00253	0.00051	0.00253	0.00203	0.00203	0.90069
58	0.00631	0.00592	0.00983	0.81686	0.02237	0.00730	0.00907	0.00850	0.00690	0.00877	0.00788	0.01062	0.05828	0.00375	0.00346	0.00114	0.00438	0.00330	0.00162	0.00374
59	0.00490	0.00439	0.05852	0.00458	0.00568	0.00350	0.00377	0.00661	0.00938	0.01317	0.73654	0.02499	0.09725	0.00689	0.00399	0.00108	0.00184	0.00604	0.00357	0.00332
60	0.34342	0.00808	0.00890	0.05291	0.15470	0.01818	0.00628	0.33018	0.01023	0.02738	0.00655	0.00734	0.00492	0.00354	0.00293	0.00104	0.00346	0.00261	0.00254	0.00484
61	0.80205	0.00636	0.00506	0.00450	0.00656	0.00726	0.00369	0.01026	0.00611	0.05831	0.00561	0.00632	0.00427	0.00328	0.00220	0.00104	0.00259	0.00202	0.05873	0.00378

[dist]
# distance from previous block
# <min> <max>
0	36

[block]
# block no. 2 follows, 82 sequences, length 78
# corresponding to MSA columns:
# 232-309
name=unknown_C
#
# <colnr> <probs for GDERKNQSTAVLIFYWHMCP>
#	G	D	E	R	K	N	Q	S	T	A	V	L	I	F	Y	W	H	M	C	P
0	0.69851	0.00715	0.00623	0.04149	0.00808	0.00822	0.00447	0.16764	0.00780	0.01624	0.00547	0.00621	0.00414	0.00336	0.00242	0.00106	0.00294	0.00213	0.00234	0.00411
1	0.86634	0.00659	0.00511	0.00452	0.00668	0.00754	0.00372	0.00999	0.00587	0.01517	0.00482	0.00562	0.00376	0.00315	0.00213	0.00104	0.00264	0.00186	0.00211	0.04132
2	0.00858	0.00725	0.00763	0.00684	0.00875	0.00836	0.00533	0.04693	0.78739	0.01450	0.01361	0.01260	0.01021	0.00459	0.00343	0.00114	0.00270	0.00381	0.04102	0.00534
3	0.06064	0.00718	0.01058	0.22472	0.01298	0.00941	0.05278	0.02059	0.00605	0.02271	0.00523	0.00795	0.00458	0.00496	0.00811	0.00135	0.53170	0.00300	0.00162	0.00386
4	0.00658	0.00608	0.01023	0.85947	0.02335	0.00756	0.00944	0.00885	0.00688	0.02065	0.00618	0.00916	0.00461	0.00343	0.00342	0.00114	0.00454	0.00305	0.00156	0.00383
5	0.01417	0.00734	0.00907	0.00739	0.04507	0.00727	0.00582	0.33085	0.01209	0.50739	0.01120	0.01021	0.00734	0.00414	0.00343	0.00104	0.00328	0.00329	0.00382	0.00580
6	0.86621	0.00648	0.00496	0.00446	0.00653	0.00747	0.00366	0.00984	0.00590	0.01509	0.00602	0.00670	0.03949	0.00341	0.00220	0.00106	0.00261	0.00208	0.00216	0.00367
7	0.00821	0.00972	0.06763	0.01388	0.01740	0.00869	0.76344	0.04601	0.00836	0.01139	0.00693	0.00907	0.00517	0.00296	0.00397	0.00114	0.00564	0.00391	0.00178	0.00469
8	0.23080	0.00617	0.00733	0.00578	0.00830	0.00590	0.00477	0.04989	0.00909	0.62053	0.01116	0.01002	0.00720	0.00397	0.00312	0.00106	0.00288	0.00304	0.00369	0.00531
9	0.01535	0.00582	0.00794	0.00609	0.00873	0.00503	0.00503	0.01667	0.00979	0.86081	0.01350	0.01164	0.00847	0.00423	0.00344	0.00106	0.00291	0.00344	0.00423	0.00582
10	0.00527	0.00382	0.00399	0.00396	0.00404	0.03658	0.00229	0.00533	0.00517	0.00672	0.01054	0.02160	0.01206	0.83073	0.03205	0.00326	0.00353	0.00484	0.00206	0.00216
11	0.64861	0.00639	0.00586	0.00495	0.00722	0.00691	0.00408	0.01196	0.00696	0.25829	0.00727	0.00731	0.00507	0.00348	0.00250	0.00106	0.00272	0.00231	0.00273	0.00431
12	0.01254	0.01587	0.00958	0.00865	0.01047	0.82953	0.00650	0.01345	0.00958	0.00849	0.00532	0.00621	0.00443	0.00348	0.00306	0.00087	0.00601	0.00220	0.00177	0.04198
13	0.00555	0.00416	0.00611	0.00617	0.00694	0.00411	0.06795	0.00677	0.00706	0.00926	0.01516	0.03171	0.01651	0.25904	0.00832	0.00204	0.00340	0.53405	0.00273	0.00295
14	0.00654	0.00325	0.00331	0.00327	0.00411	0.00323	0.00246	0.00813	0.00727	0.03057	0.02654	0.01296	0.00919	0.00405	0.00244	0.00081	0.00162	0.00325	0.86376	0.00324
15	0.00646	0.00608	0.01026	0.87156	0.02356	0.00760	0.00950	0.00874	0.00684	0.00874	0.00608	0.00912	0.00456	0.00342	0.00342	0.00114	0.00456	0.00304	0.00152	0.00380
16	0.42760	0.00785	0.00855	0.00903	0.18679	0.00865	0.00602	0.27071	0.00948	0.02687	0.00630	0.00707	0.00478	0.00345	0.00281	0.00104	0.00330	0.00251	0.00246	0.00475
17	0.90395	0.00662	0.00503	0.00450	0.00662	0.00767	0.00370	0.01006	0.00582	0.01535	0.00476	0.00556	0.00370	0.00318	0.00212	0.00106	0.00265	0.00185	0.00212	0.00370
18	0.00656	0.00621	0.01028	0.78891	0.02216	0.00788	0.00931	0.00869	0.00669	0.00869	0.00593	0.00896	0.00455	0.00367	0.00417	0.00117	0.08782	0.00304	0.00152	0.00379
19	0.00551	0.00394	0.00551	0.00630	0.00709	0.00394	0.00551	0.00709	0.00787	0.01024	0.01811	0.03859	0.01969	0.00945	0.00472	0.00157	0.00315	0.83542	0.00315	0.00315
20	0.00755	0.00394	0.00480	0.00434	0.00501	0.00376	0.00284	0.00790	0.00618	0.21918	0.01143	0.01959	0.01139	0.64988	0.02592	0.00279	0.00330	0.00457	0.00261	0.00302
21	0.01360	0.00631	0.00856	0.00677	0.00885	0.00639	0.00560	0.04578	0.00906	0.64918	0.01139	0.01064	0.00753	0.00460	0.00509	0.00115	0.18717	0.00333	0.00362	0.00538
22	0.00709	0.00608	0.00709	0.00507	0.00811	0.00456	0.00405	0.00861	0.00709	0.01115	0.00608	0.00709	0.00507	0.00253	0.00253	0.00051	0.00253	0.00203	0.00203	0.90069
23	0.00851	0.00735	0.00773	0.00696	0.00890	0.00851	0.00541	0.01818	0.85226	0.01431	0.01392	0.01276	0.01044	0.00464	0.00348	0.00116	0.00271	0.00387	0.00348	0.00541
24	0.00874	0.00837	0.01300	0.05059	0.70036	0.04129	0.00979	0.04356	0.06930	0.01161	0.00699	0.00870	0.00573	0.00324	0.00338	0.00103	0.00405	0.00308	0.00189	0.00532
25	0.00630	0.00513	0.00578	0.00534	0.00666	0.00543	0.00408	0.01123	0.36863	0.01334	0.38221	0.03644	0.12308	0.00626	0.00381	0.00113	0.00210	0.00539	0.00356	0.00411
26	0.00638	0.00417	0.00539	0.00528	0.00552	0.03721	0.00381	0.00610	0.05325	0.00712	0.00763	0.04448	0.00766	0.01045	0.01126	0.64211	0.07336	0.06484	0.00180	0.00216
27	0.00646	0.00608	0.01026	0.87156	0.02356	0.00760	0.00950	0.00874	0.00684	0.00874	0.00608	0.00912	0.00456	0.00342	0.00342	0.00114	0.00456	0.00304	0.00152	0.00380
28	0.00767	0.00732	0.01245	0.35765	0.52800	0.00792	0.01010	0.00980	0.00741	0.01021	0.00629	0.00872	0.00508	0.00320	0.00340	0.00107	0.00426	0.00304	0.00162	0.00478
29	0.00594	0.00297	0.00446	0.00446	0.00446	0.00297	0.00297	0.00446	0.00446	0.00594	0.00594	0.01040	0.00594	0.01188	0.01337	0.90048	0.00297	0.00297	0.00149	0.00149
30	0.00840	0.00844	0.01042	0.00876	0.00948	0.13742	0.08687	0.00937	0.00640	0.04126	0.00590	0.00894	0.00545	0.07188	0.00918	0.00147	0.53011	0.00315	0.03330	0.00379
31	0.00568	0.00502	0.00824	0.25482	0.01212	0.00520	0.12042	0.00759	0.00847	0.01150	0.42070	0.01927	0.09599	0.00556	0.00386	0.00111	0.00304	0.00508	0.00279	0.00355
32	0.00844	0.00810	0.01383	0.03418	0.84550	0.00812	0.01048	0.01047	0.00777	0.01114	0.00643	0.00848	0.00541	0.00305	0.00339	0.00102	0.00407	0.00305	0.00169	0.00539
33	0.00554	0.00440	0.00509	0.00475	0.00590	0.00440	0.00361	0.00890	0.20811	0.01292	0.48496	0.02408	0.20054	0.00679	0.00391	0.00111	0.00190	0.00586	0.00357	0.00367
34	0.01129	0.01354	0.00885	0.00791	0.00975	0.64784	0.00596	0.01260	0.04059	0.01962	0.03900	0.04092	0.00654	0.00386	0.00312	0.00087	0.00520	0.00270	0.00202	0.11782
35	0.00624	0.00652	0.04382	0.00949	0.04217	0.00623	0.30258	0.00787	0.00706	0.00973	0.02909	0.37821	0.01304	0.00671	0.00502	0.00129	0.11257	0.00627	0.00234	0.00374
36	0.26930	0.01172	0.00818	0.00738	0.02438	0.43377	0.00562	0.12424	0.02698	0.01251	0.00598	0.00673	0.00472	0.00354	0.00284	0.00096	0.00453	0.00231	0.04015	0.00416
37	0.00743	0.00979	0.16433	0.01152	0.01477	0.00782	0.50594	0.01101	0.10136	0.01108	0.01021	0.04791	0.07223	0.00392	0.00385	0.00115	0.00483	0.00424	0.00205	0.00457
38	0.00771	0.00736	0.01252	0.34179	0.54356	0.00793	0.01012	0.00984	0.00743	0.01026	0.00630	0.00871	0.00509	0.00319	0.00340	0.00106	0.00425	0.00304	0.00163	0.00481
39	0.00641	0.00598	0.01004	0.78965	0.05453	0.00735	0.00918	0.00858	0.00686	0.00883	0.00682	0.05847	0.00562	0.00382	0.00347	0.00115	0.00439	0.00342	0.00162	0.00380
40	0.00523	0.00401	0.00522	0.00507	0.00549	0.00453	0.00367	0.00627	0.04139	0.00789	0.01176	0.05102	0.07262	0.32847	0.34689	0.00367	0.08726	0.00458	0.00211	0.00284
41	0.01449	0.00563	0.00767	0.00594	0.00844	0.00488	0.00488	0.01584	0.00978	0.79205	0.08194	0.01277	0.01040	0.00446	0.00349	0.00106	0.00281	0.00366	0.00420	0.00561
42	0.00800	0.00680	0.03968	0.00629	0.00815	0.00711	0.00509	0.04685	0.54769	0.04542	0.11378	0.01530	0.07410	0.00508	0.00351	0.00112	0.00258	0.00425	0.05434	0.00486
43	0.01186	0.00509	0.00673	0.00544	0.00746	0.00455	0.00438	0.02227	0.02419	0.55724	0.21983	0.01513	0.01433	0.00489	0.00350	0.00104	0.00249	0.00409	0.08052	0.00495
44	0.01081	0.00793	0.00885	0.00731	0.00948	0.00865	0.00609	0.60564	0.01383	0.01850	0.05873	0.01620	0.01052	0.00550	0.00376	0.00116	0.00350	0.19511	0.00338	0.00506
45	0.10013	0.00622	0.00786	0.00609	0.00869	0.00576	0.00503	0.08749	0.00995	0.70774	0.01221	0.01077	0.00778	0.00412	0.00331	0.00106	0.00296	0.00326	0.00396	0.00562
46	0.00427	0.00325	0.00393	0.00423	0.00488	0.00291	0.00300	0.00518	0.00764	0.00998	0.20496	0.41372	0.30123	0.00923	0.00419	0.00124	0.00182	0.00813	0.00330	0.00291
47	0.01512	0.00618	0.00816	0.00626	0.00891	0.00556	0.00517	0.09609	0.01039	0.78054	0.01299	0.01131	0.00821	0.00422	0.00344	0.00106	0.00299	0.00341	0.00416	0.00582
48	0.02970	0.00583	0.00789	0.00606	0.00870	0.00507	0.00501	0.01656	0.00973	0.84716	0.01335	0.01154	0.00839	0.00422	0.00342	0.00106	0.00291	0.00341	0.00420	0.00579
49	0.01178	0.00898	0.00958	0.00762	0.01014	0.01004	0.00621	0.62203	0.24308	0.01959	0.00976	0.00945	0.00707	0.00425	0.00344	0.00106	0.00348	0.00329	0.00344	0.00571
50	0.09493	0.00642	0.00789	0.00615	0.00866	0.00614	0.00506	0.16018	0.01052	0.58974	0.05972	0.01128	0.00893	0.00427	0.00335	0.00105	0.00296	0.00339	0.00387	0.00548
51	0.00695	0.00571	0.00643	0.03617	0.00747	0.08996	0.03649	0.09505	0.00942	0.05142	0.35368	0.19872	0.07514	0.00682	0.00390	0.00113	0.00270	0.00595	0.00323	0.00365
52	0.00983	0.00606	0.00755	0.00563	0.00844	0.00496	0.01693	0.01175	0.05412	0.28844	0.02649	0.00930	0.00703	0.00330	0.00293	0.00074	0.00269	0.00270	0.00286	0.52825
53	0.01225	0.00827	0.00896	0.00687	0.00959	0.05654	0.00560	0.41106	0.01219	0.22301	0.00886	0.00868	0.00622	0.00375	0.00321	0.00091	0.00342	0.00288	0.00322	0.20450
54	0.00426	0.00307	0.00397	0.00459	0.00486	0.00289	0.00307	0.00485	0.00646	0.00855	0.01902	0.69695	0.08888	0.09114	0.03875	0.00171	0.00236	0.00885	0.00302	0.00273
55	0.00462	0.00334	0.00436	0.00441	0.00505	0.00309	0.00319	0.00591	0.00871	0.01211	0.58488	0.27275	0.05852	0.00813	0.00413	0.00117	0.00173	0.00725	0.00357	0.00309
56	0.00548	0.00728	0.20386	0.00718	0.00896	0.00490	0.10433	0.00735	0.02205	0.00961	0.01392	0.44261	0.01530	0.04434	0.01530	0.00143	0.00339	0.07660	0.00255	0.00357
57	0.04924	0.00641	0.00817	0.00629	0.00893	0.00595	0.00519	0.13905	0.01057	0.70428	0.01238	0.01090	0.00789	0.00417	0.00339	0.00105	0.00303	0.00333	0.00403	0.00574
58	0.00646	0.00608	0.01026	0.87156	0.02356	0.00760	0.00950	0.00874	0.00684	0.00874	0.00608	0.00912	0.00456	0.00342	0.00342	0.00114	0.00456	0.00304	0.00152	0.00380
59	0.90395	0.00662	0.00503	0.00450	0.00662	0.00767	0.00370	0.01006	0.00582	0.01535	0.00476	0.00556	0.00370	0.00318	0.00212	0.00106	0.00265	0.00185	0.00212	0.00370
60	0.00748	0.00748	0.01048	0.00898	0.00898	0.01048	0.00748	0.00823	0.00524	0.00823	0.00449	0.00748	0.00449	0.00599	0.01123	0.00150	0.87352	0.00299	0.00150	0.00374
61	0.00666	0.00648	0.01972	0.60063	0.05312	0.00735	0.13014	0.00885	0.00708	0.01700	0.00805	0.05934	0.03746	0.00399	0.00372	0.00116	0.01987	0.00372	0.00174	0.00392
62	0.00444	0.00347	0.00387	0.00377	0.00478	0.00303	0.00283	0.00562	0.00848	0.01108	0.34401	0.02928	0.50969	0.00783	0.00397	0.00111	0.00168	0.00666	0.04137	0.00303
63	0.00950	0.01371	0.47698	0.00875	0.01266	0.02486	0.00974	0.28927	0.01040	0.06735	0.00772	0.00899	0.00566	0.00383	0.00337	0.00108	0.00444	0.03408	0.00235	0.00526
64	0.05536	0.04515	0.12711	0.01071	0.12800	0.24559	0.12921	0.05360	0.12721	0.01892	0.00741	0.00867	0.00584	0.00359	0.00331	0.00103	0.00471	0.01780	0.00208	0.00471
65	0.00481	0.00374	0.00483	0.00450	0.00551	0.00338	0.03442	0.00627	0.02129	0.02006	0.47347	0.08929	0.30052	0.00760	0.00405	0.00113	0.00186	0.00664	0.00345	0.00319
66	0.00835	0.01599	0.14406	0.01651	0.17649	0.00654	0.04142	0.07395	0.00817	0.06696	0.01371	0.00800	0.00551	0.00304	0.00302	0.00081	0.00350	0.00260	0.00211	0.39927
67	0.00814	0.01522	0.59776	0.00911	0.01322	0.07131	0.01067	0.14058	0.00883	0.01227	0.00736	0.00983	0.00581	0.00390	0.00338	0.00110	0.00478	0.06985	0.00191	0.00494
68	0.00444	0.00338	0.00408	0.00413	0.00492	0.00302	0.00301	0.00559	0.00841	0.01120	0.41136	0.20778	0.29962	0.00832	0.00411	0.00117	0.00173	0.00727	0.00345	0.00302
69	0.00709	0.00608	0.00709	0.00507	0.00811	0.00456	0.00405	0.00861	0.00709	0.01115	0.00608	0.00709	0.00507	0.00253	0.00253	0.00051	0.00253	0.00203	0.00203	0.90069
70	0.00415	0.00304	0.00390	0.00459	0.00492	0.00279	0.00310	0.00478	0.00671	0.00880	0.02095	0.76570	0.13312	0.01044	0.00432	0.00136	0.00195	0.00939	0.00318	0.00279
71	0.00479	0.00349	0.00451	0.00425	0.00508	0.00321	0.00319	0.00636	0.00957	0.01345	0.80785	0.02599	0.08124	0.00709	0.00404	0.00108	0.00162	0.00625	0.00373	0.00321
72	0.00468	0.00346	0.00431	0.00415	0.00494	0.00315	0.00305	0.00603	0.00895	0.01233	0.63190	0.06712	0.16796	0.05707	0.00481	0.00123	0.00175	0.00646	0.00354	0.00308
73	0.01999	0.20929	0.07481	0.00727	0.01018	0.04282	0.00655	0.43620	0.01203	0.11042	0.00765	0.00776	0.00558	0.00371	0.00308	0.00095	0.00378	0.00272	0.00280	0.03243
74	0.02769	0.25295	0.01221	0.00783	0.03527	0.21149	0.00638	0.35887	0.01968	0.02724	0.00659	0.00704	0.00513	0.00360	0.00298	0.00091	0.00426	0.00252	0.00243	0.00493
75	0.01054	0.18101	0.20415	0.00940	0.12662	0.10441	0.00798	0.08823	0.03921	0.18496	0.00779	0.00813	0.00570	0.00352	0.00311	0.00098	0.00413	0.00271	0.00234	0.00509
76	0.00669	0.00408	0.00497	0.00472	0.00585	0.00376	0.00354	0.02049	0.04894	0.16223	0.17034	0.20387	0.24497	0.06158	0.00482	0.00132	0.00220	0.03865	0.00342	0.00357
77	0.00696	0.04405	0.36513	0.00774	0.03978	0.00667	0.02298	0.04431	0.00701	0.04246	0.02271	0.04603	0.01633	0.24704	0.00768	0.00172	0.05350	0.00370	0.01016	0.00404

[dist]
# distance from previous block
# <min> <max>
0	4

[block]
# block no. 3 follows, 82 sequences, length 25
# corresponding to MSA columns:
# 314-338
name=unknown_D
#
# <colnr> <probs for GDERKNQSTAVLIFYWHMCP>
#	G	D	E	R	K	N	Q	S	T	A	V	L	I	F	Y	W	H	M	C	P
0	0.00555	0.00387	0.00459	0.00456	0.00548	0.00367	0.00333	0.00727	0.08618	0.07043	0.16807	0.24128	0.26225	0.08269	0.01687	0.00145	0.00221	0.02369	0.00327	0.00330
1	0.00922	0.02092	0.13354	0.04696	0.13903	0.02246	0.09406	0.07856	0.15916	0.14555	0.10567	0.01150	0.00963	0.00408	0.00352	0.00108	0.00371	0.00361	0.00274	0.00502
2	0.00817	0.00783	0.01336	0.14515	0.73658	0.00805	0.01035	0.01024	0.00765	0.01082	0.00638	0.00856	0.00529	0.00310	0.00339	0.00103	0.00414	0.00305	0.00167	0.00518
3	0.00851	0.00735	0.00773	0.00696	0.00890	0.00851	0.00541	0.01818	0.85226	0.01431	0.01392	0.01276	0.01044	0.00464	0.00348	0.00116	0.00271	0.00387	0.00348	0.00541
4	0.00981	0.00783	0.01213	0.11878	0.51655	0.00808	0.00906	0.14521	0.00926	0.11859	0.00756	0.00890	0.00576	0.00341	0.00340	0.00104	0.00393	0.00310	0.00227	0.00534
5	0.01076	0.16862	0.24491	0.00813	0.01155	0.04006	0.09999	0.05145	0.00863	0.29531	0.00850	0.00861	0.00591	0.00352	0.00320	0.00100	0.00410	0.00288	0.00253	0.02034
6	0.05571	0.00586	0.00781	0.00601	0.00864	0.00515	0.00497	0.01637	0.00961	0.82241	0.01310	0.01137	0.00825	0.00419	0.00338	0.00106	0.00290	0.00337	0.00414	0.00573
7	0.00536	0.00370	0.00471	0.00448	0.00539	0.00340	0.01249	0.00682	0.02792	0.06149	0.49462	0.14108	0.16492	0.04257	0.00457	0.00122	0.00190	0.00655	0.00352	0.00328
8	0.06451	0.04776	0.16085	0.06849	0.06286	0.02410	0.00710	0.05088	0.03543	0.42874	0.00994	0.00962	0.00667	0.00380	0.00326	0.00105	0.00359	0.00303	0.00303	0.00528
9	0.00580	0.00351	0.00451	0.00466	0.00538	0.00319	0.00330	0.00663	0.00748	0.12476	0.13240	0.49222	0.12755	0.05587	0.00486	0.00138	0.00210	0.00782	0.00334	0.00323
10	0.00416	0.00301	0.00394	0.00468	0.00494	0.00279	0.00314	0.00477	0.00663	0.00877	0.01990	0.82146	0.07804	0.01058	0.00434	0.00137	0.00197	0.00956	0.00318	0.00279
11	0.03334	0.00891	0.02596	0.08348	0.53405	0.11053	0.05346	0.02244	0.03405	0.01084	0.00663	0.00854	0.00546	0.00422	0.04254	0.00123	0.00461	0.00301	0.00178	0.00492
12	0.02678	0.00948	0.05598	0.00777	0.03619	0.17105	0.01619	0.18338	0.07735	0.36547	0.01006	0.00953	0.00688	0.00398	0.00335	0.00103	0.00387	0.00309	0.00324	0.00533
13	0.00486	0.00337	0.00431	0.00441	0.00503	0.00310	0.00313	0.00594	0.00812	0.03658	0.41274	0.32363	0.09638	0.06632	0.00502	0.00134	0.00191	0.00735	0.00341	0.00304
14	0.60517	0.01993	0.00714	0.00681	0.07788	0.09618	0.01636	0.04193	0.00701	0.05952	0.00557	0.00639	0.00431	0.00337	0.00275	0.00105	0.03019	0.00218	0.00217	0.00409
15	0.01256	0.00514	0.00700	0.00582	0.00786	0.00451	0.00466	0.01374	0.00902	0.64427	0.01483	0.19580	0.01194	0.00583	0.00369	0.00115	0.00273	0.04043	0.00396	0.00506
16	0.27699	0.00649	0.00809	0.00729	0.04685	0.00739	0.05995	0.07481	0.04337	0.09042	0.00769	0.03490	0.00641	0.00844	0.17352	0.00201	0.13581	0.00314	0.00231	0.00412
17	0.00989	0.08224	0.20028	0.04213	0.06672	0.01566	0.02441	0.10329	0.01876	0.20470	0.00802	0.00841	0.00576	0.00339	0.00311	0.00092	0.00369	0.00273	0.00247	0.19341
18	0.00844	0.61496	0.27862	0.00706	0.01064	0.01181	0.00795	0.01043	0.00703	0.00891	0.00518	0.00602	0.00437	0.00303	0.00252	0.00084	0.00409	0.00204	0.00146	0.00460
19	0.00465	0.00334	0.00432	0.00446	0.00509	0.00309	0.00325	0.00590	0.00844	0.01172	0.48869	0.30088	0.06820	0.00829	0.00412	0.00119	0.00180	0.04131	0.02817	0.00306
20	0.00702	0.11074	0.29296	0.00773	0.04633	0.00691	0.04517	0.03720	0.03851	0.04151	0.23796	0.05475	0.04931	0.00489	0.00349	0.00106	0.00347	0.00416	0.00249	0.00435
21	0.00820	0.00785	0.01340	0.13547	0.74608	0.00806	0.01036	0.01026	0.00766	0.01085	0.00639	0.00855	0.00530	0.00310	0.00339	0.00103	0.00413	0.00305	0.00167	0.00520
22	0.00583	0.00384	0.00497	0.00455	0.00555	0.00359	0.00346	0.00775	0.04425	0.08103	0.75510	0.02392	0.02949	0.00668	0.00396	0.00108	0.00176	0.00587	0.00379	0.00352
23	0.00824	0.00834	0.10396	0.03817	0.35883	0.00742	0.03152	0.15770	0.02736	0.02458	0.04794	0.08800	0.07369	0.00460	0.00357	0.00108	0.00366	0.00410	0.00238	0.00486
24	0.05518	0.04839	0.12620	0.02380	0.27712	0.27649	0.00829	0.02872	0.00849	0.08852	0.00681	0.02473	0.00544	0.00351	0.00318	0.00099	0.00462	0.00277	0.00199	0.00476

[dist]
# distance from previous block
# <min> <max>
0	1

[block]
# block no. 4 follows, 82 sequences, length 28
# corresponding to MSA columns:
# 340-367
name=unknown_E
#
# <colnr> <probs for GDERKNQSTAVLIFYWHMCP>
#	G	D	E	R	K	N	Q	S	T	A	V	L	I	F	Y	W	H	M	C	P
0	0.00750	0.00708	0.01197	0.33479	0.49692	0.00763	0.00968	0.00960	0.00755	0.01043	0.05861	0.00976	0.00675	0.00343	0.00344	0.00107	0.00410	0.00324	0.00176	0.00468
1	0.04685	0.00814	0.01177	0.01586	0.55324	0.04696	0.00861	0.09964	0.02737	0.05374	0.00722	0.00929	0.00601	0.05732	0.00444	0.00118	0.03208	0.00312	0.00208	0.00508
2	0.00446	0.00339	0.00420	0.01673	0.00541	0.00317	0.00335	0.00556	0.03200	0.00951	0.08788	0.48162	0.23713	0.01975	0.00440	0.00133	0.00205	0.07189	0.00319	0.00295
3	0.00658	0.00621	0.01048	0.81923	0.07493	0.00763	0.00956	0.00885	0.00690	0.00889	0.00610	0.00908	0.00461	0.00340	0.00342	0.00113	0.00453	0.00304	0.00153	0.00390
4	0.06765	0.00614	0.00791	0.04602	0.00930	0.00573	0.00518	0.08787	0.00980	0.64613	0.01186	0.01074	0.00767	0.00406	0.00330	0.00103	0.00300	0.00324	0.02886	0.03450
5	0.85010	0.00666	0.00519	0.00465	0.00675	0.00772	0.00381	0.01054	0.05672	0.01529	0.00531	0.00599	0.00411	0.00326	0.00220	0.00106	0.00265	0.00197	0.00220	0.00381
6	0.00823	0.00788	0.01343	0.04287	0.78535	0.00789	0.02168	0.01025	0.00783	0.01116	0.03341	0.00939	0.01870	0.00326	0.00343	0.00103	0.00399	0.00322	0.00178	0.00526
7	0.90395	0.00662	0.00503	0.00450	0.00662	0.00767	0.00370	0.01006	0.00582	0.01535	0.00476	0.00556	0.00370	0.00318	0.00212	0.00106	0.00265	0.00185	0.00212	0.00370
8	0.00847	0.00813	0.01388	0.02100	0.85844	0.00813	0.01050	0.01050	0.00779	0.01118	0.00643	0.00847	0.00542	0.00305	0.00339	0.00102	0.00406	0.00305	0.00169	0.00542
9	0.00565	0.00365	0.00495	0.00532	0.00590	0.00361	0.00402	0.02870	0.00698	0.05876	0.01565	0.39129	0.01732	0.05169	0.09835	0.07187	0.00329	0.21707	0.00291	0.00303
10	0.00646	0.00608	0.01026	0.87156	0.02356	0.00760	0.00950	0.00874	0.00684	0.00874	0.00608	0.00912	0.00456	0.00342	0.00342	0.00114	0.00456	0.00304	0.00152	0.00380
11	0.29873	0.03080	0.00836	0.00737	0.00927	0.57320	0.00566	0.01243	0.00840	0.01060	0.00511	0.00596	0.00418	0.00340	0.00276	0.00094	0.00499	0.00208	0.00187	0.00389
12	0.00646	0.00608	0.01026	0.87156	0.02356	0.00760	0.00950	0.00874	0.00684	0.00874	0.00608	0.00912	0.00456	0.00342	0.00342	0.00114	0.00456	0.00304	0.00152	0.00380
13	0.00652	0.00614	0.01036	0.84748	0.04719	0.00761	0.00953	0.00879	0.00687	0.00881	0.00609	0.00910	0.00458	0.00341	0.00342	0.00114	0.00455	0.00304	0.00152	0.00385
14	0.00588	0.00482	0.00673	0.00623	0.00646	0.00606	0.00481	0.00645	0.00521	0.00760	0.00761	0.01292	0.00771	0.18616	0.33313	0.08495	0.29896	0.00363	0.00174	0.00295
15	0.00684	0.00616	0.00902	0.46038	0.08404	0.00719	0.00760	0.01078	0.21448	0.01085	0.09861	0.01278	0.04836	0.00431	0.00353	0.00113	0.00363	0.00377	0.00233	0.00422
16	0.00739	0.00797	0.01671	0.05223	0.01580	0.00758	0.64147	0.00995	0.00803	0.01086	0.06071	0.05230	0.00893	0.00411	0.00409	0.00120	0.00505	0.07934	0.00204	0.00428
17	0.00671	0.00634	0.01072	0.76471	0.12844	0.00767	0.00963	0.00896	0.00696	0.00905	0.00612	0.00904	0.00467	0.00337	0.00342	0.00112	0.00450	0.00304	0.00154	0.00400
18	0.00700	0.00663	0.01124	0.64197	0.24892	0.00774	0.00977	0.00921	0.00710	0.00940	0.00618	0.00894	0.00479	0.00332	0.00341	0.00111	0.00443	0.00304	0.00157	0.00424
19	0.90395	0.00662	0.00503	0.00450	0.00662	0.00767	0.00370	0.01006	0.00582	0.01535	0.00476	0.00556	0.00370	0.00318	0.00212	0.00106	0.00265	0.00185	0.00212	0.00370
20	0.00653	0.00551	0.00647	0.00491	0.00747	0.00423	0.00385	0.00792	0.00716	0.01085	0.03469	0.10177	0.05917	0.00391	0.00286	0.00066	0.00240	0.00328	0.00227	0.72409
21	0.00417	0.00298	0.00397	0.00476	0.00496	0.00278	0.00318	0.00476	0.00655	0.00873	0.01885	0.87755	0.02262	0.01072	0.00437	0.00139	0.00198	0.00972	0.00318	0.00278
22	0.00461	0.00345	0.00422	0.00410	0.00492	0.00312	0.00302	0.00590	0.00881	0.01199	0.56453	0.07847	0.23481	0.04726	0.00466	0.00122	0.00174	0.00660	0.00351	0.00306
23	0.00455	0.00349	0.00416	0.00399	0.00493	0.00310	0.00300	0.00589	0.00899	0.01207	0.55409	0.02826	0.33586	0.00761	0.00404	0.00111	0.00166	0.00657	0.00355	0.00310
24	0.00531	0.00429	0.00623	0.00598	0.00648	0.00525	0.00471	0.00640	0.00548	0.00797	0.00895	0.01313	0.02524	0.04973	0.67867	0.00467	0.15290	0.00367	0.00181	0.00313
25	0.05860	0.28437	0.02833	0.00753	0.03502	0.29709	0.00618	0.07119	0.04724	0.12432	0.00684	0.00719	0.00531	0.00349	0.00286	0.00090	0.00435	0.00240	0.00220	0.00459
26	0.11243	0.03927	0.28828	0.00833	0.04893	0.03423	0.06394	0.09868	0.00819	0.03715	0.00639	0.00733	0.00483	0.00315	0.00298	0.00092	0.00395	0.00250	0.00200	0.22652
27	0.00913	0.39396	0.25458	0.00727	0.01066	0.05869	0.00769	0.08085	0.02525	0.05052	0.00630	0.01615	0.00505	0.00331	0.00278	0.00088	0.00406	0.00237	0.00186	0.05865

[dist]
# distance from previous block
# <min> <max>
0	6

[block]
# block no. 5 follows, 82 sequences, length 48
# corresponding to MSA columns:
# 374-421
name=unknown_F
#
# <colnr> <probs for GDERKNQSTAVLIFYWHMCP>
#	G	D	E	R	K	N	Q	S	T	A	V	L	I	F	Y	W	H	M	C	P
0	0.00500	0.05653	0.07508	0.00514	0.00646	0.00425	0.04939	0.00618	0.00724	0.00944	0.04948	0.29039	0.32790	0.04446	0.00445	0.00127	0.00247	0.00681	0.04486	0.00320
1	0.00649	0.00445	0.00541	0.00499	0.00616	0.00436	0.00382	0.06049	0.10302	0.08231	0.45000	0.11241	0.10349	0.00695	0.00394	0.00114	0.00207	0.03111	0.00361	0.00376
2	0.00792	0.00725	0.01139	0.15735	0.49934	0.01581	0.00879	0.06690	0.04425	0.01127	0.00840	0.12057	0.00772	0.00424	0.00351	0.00108	0.00380	0.00392	0.00205	0.01441
3	0.18201	0.00603	0.00743	0.00582	0.00836	0.00561	0.00480	0.02834	0.00914	0.68916	0.01178	0.01045	0.00753	0.00403	0.00319	0.00106	0.00287	0.00314	0.00382	0.00542
4	0.00489	0.00333	0.00380	0.00388	0.00397	0.00330	0.00226	0.00511	0.01594	0.00708	0.01274	0.12052	0.04899	0.73284	0.01518	0.00298	0.00309	0.00560	0.00226	0.00223
5	0.01954	0.00618	0.01024	0.83193	0.03546	0.00766	0.00938	0.02290	0.00699	0.00909	0.00610	0.00904	0.00458	0.00342	0.00340	0.00114	0.00451	0.00302	0.00156	0.00386
6	0.06097	0.01578	0.00944	0.00858	0.01036	0.81963	0.00645	0.01346	0.00948	0.00875	0.00526	0.00614	0.00437	0.00351	0.00303	0.00089	0.00598	0.00218	0.00178	0.00395
7	0.00429	0.00340	0.00386	0.00391	0.00481	0.00297	0.00287	0.00534	0.00816	0.01047	0.27176	0.15808	0.49099	0.00849	0.00409	0.00117	0.00174	0.00730	0.00335	0.00297
8	0.00736	0.00615	0.00775	0.03181	0.00894	0.00492	0.04377	0.02289	0.01559	0.03695	0.05245	0.00846	0.00669	0.00292	0.00276	0.00062	0.00273	0.00245	0.00219	0.73258
9	0.90395	0.00662	0.00503	0.00450	0.00662	0.00767	0.00370	0.01006	0.00582	0.01535	0.00476	0.00556	0.00370	0.00318	0.00212	0.00106	0.00265	0.00185	0.00212	0.00370
10	0.00481	0.00349	0.00453	0.00429	0.00509	0.00321	0.00321	0.00639	0.00958	0.01351	0.82067	0.03902	0.05513	0.00710	0.00404	0.00108	0.00162	0.00627	0.00374	0.00321
11	0.00747	0.24737	0.63770	0.00871	0.01320	0.00943	0.01084	0.01068	0.00715	0.01009	0.00577	0.00676	0.00435	0.00316	0.00297	0.00099	0.00468	0.00234	0.00145	0.00488
12	0.00731	0.00631	0.00830	0.00722	0.00889	0.00679	0.11840	0.01315	0.46219	0.02390	0.03365	0.13963	0.04645	0.05729	0.00460	0.00134	0.00301	0.04400	0.00311	0.00448
13	0.00909	0.00608	0.04244	0.00592	0.00769	0.00578	0.00501	0.22905	0.01795	0.14821	0.10614	0.06141	0.03195	0.00575	0.00359	0.00112	0.00282	0.14641	0.15922	0.00436
14	0.01100	0.10762	0.01080	0.04401	0.01078	0.29746	0.04558	0.24152	0.01757	0.02467	0.00651	0.00729	0.00509	0.00351	0.00317	0.00089	0.01650	0.00255	0.01370	0.12978
15	0.00473	0.00349	0.00442	0.00419	0.00504	0.00318	0.00314	0.00624	0.00942	0.01309	0.74150	0.02658	0.14780	0.00723	0.00404	0.00109	0.00163	0.00633	0.00368	0.00318
16	0.00898	0.14366	0.05859	0.13333	0.06052	0.16983	0.00677	0.04721	0.08609	0.05948	0.00757	0.00956	0.00629	0.06445	0.09043	0.00160	0.03636	0.00296	0.00205	0.00425
17	0.01160	0.02108	0.01030	0.15138	0.05553	0.10104	0.03037	0.31298	0.01107	0.19133	0.00823	0.00881	0.00587	0.00397	0.00389	0.00107	0.06053	0.00306	0.00281	0.00508
18	0.00417	0.00298	0.00397	0.00476	0.00496	0.00278	0.00318	0.00476	0.00655	0.00873	0.01885	0.87755	0.02262	0.01072	0.00437	0.00139	0.00198	0.00972	0.00318	0.00278
19	0.10568	0.16275	0.01067	0.00775	0.00986	0.53914	0.00616	0.10125	0.00950	0.01045	0.00545	0.00621	0.00448	0.00345	0.00287	0.00089	0.00511	0.00220	0.00192	0.00421
20	0.00419	0.00306	0.00395	0.00459	0.00493	0.00282	0.00312	0.00488	0.00687	0.00907	0.06863	0.73612	0.11463	0.01028	0.00431	0.00135	0.00194	0.00925	0.00321	0.00282
21	0.00420	0.00301	0.00405	0.00480	0.00502	0.00285	0.00323	0.00483	0.00650	0.00869	0.01836	0.83362	0.02191	0.01148	0.04818	0.00160	0.00235	0.00942	0.00311	0.00279
22	0.00793	0.04726	0.17289	0.01378	0.08992	0.00868	0.58646	0.01086	0.00785	0.01083	0.00665	0.00864	0.00502	0.00297	0.00376	0.00111	0.00540	0.00358	0.00166	0.00475
23	0.00416	0.00301	0.00394	0.00469	0.00494	0.00278	0.00314	0.00477	0.00662	0.00876	0.01978	0.82777	0.07180	0.01060	0.00435	0.00138	0.00197	0.00958	0.00318	0.00278
24	0.01427	0.00575	0.00756	0.00588	0.00833	0.00513	0.00483	0.06066	0.00985	0.72565	0.01296	0.01157	0.00836	0.00420	0.00333	0.00103	0.00282	0.00339	0.09889	0.00554
25	0.00709	0.00608	0.00709	0.00507	0.00811	0.00456	0.00405	0.00861	0.00709	0.01115	0.00608	0.00709	0.00507	0.00253	0.00253	0.00051	0.00253	0.00203	0.00203	0.90069
26	0.90395	0.00662	0.00503	0.00450	0.00662	0.00767	0.00370	0.01006	0.00582	0.01535	0.00476	0.00556	0.00370	0.00318	0.00212	0.00106	0.00265	0.00185	0.00212	0.00370
27	0.74311	0.00653	0.00559	0.00481	0.00703	0.00727	0.00397	0.02310	0.00663	0.15637	0.00627	0.00661	0.00453	0.00337	0.00236	0.00106	0.00271	0.00213	0.00249	0.00409
28	0.00751	0.00755	0.01135	0.00997	0.05559	0.00997	0.08202	0.00854	0.00576	0.00880	0.03063	0.00824	0.00544	0.00558	0.00995	0.00143	0.72298	0.00319	0.00160	0.00389
29	0.00579	0.00358	0.00470	0.00496	0.00570	0.00324	0.00357	0.00663	0.00724	0.11402	0.05172	0.60579	0.05667	0.00922	0.00416	0.00130	0.00217	0.06094	0.00327	0.04534
30	0.90395	0.00662	0.00503	0.00450	0.00662	0.00767	0.00370	0.01006	0.00582	0.01535	0.00476	0.00556	0.00370	0.00318	0.00212	0.00106	0.00265	0.00185	0.00212	0.00370
31	0.00646	0.00608	0.01026	0.87156	0.02356	0.00760	0.00950	0.00874	0.00684	0.00874	0.00608	0.00912	0.00456	0.00342	0.00342	0.00114	0.00456	0.00304	0.00152	0.00380
