[name]
unknown

[dist]
# distance from previous block
# <min> <max>
0	571

[block]
# block no. 0 follows, 78 sequences, length 13
# corresponding to MSA columns:
# 579-591
name=unknown_A
#
# <colnr> <probs for GDERKNQSTAVLIFYWHMCP>
#	G	D	E	R	K	N	Q	S	T	A	V	L	I	F	Y	W	H	M	C	P
0	0.10647	0.14225	0.17803	0.02920	0.01143	0.03837	0.04580	0.22784	0.04884	0.08893	0.00818	0.00953	0.00627	0.00399	0.00327	0.00108	0.00408	0.03874	0.00258	0.00512
1	0.01009	0.43504	0.13396	0.00736	0.02095	0.07100	0.03268	0.04052	0.02692	0.11337	0.00720	0.02024	0.00576	0.00353	0.00286	0.00091	0.00403	0.00259	0.03069	0.03031
2	0.00519	0.00435	0.00600	0.00580	0.00653	0.03112	0.08850	0.00609	0.00724	0.00947	0.08139	0.49381	0.10479	0.12500	0.00622	0.00162	0.00274	0.00806	0.00300	0.00308
3	0.00978	0.00825	0.02774	0.01039	0.02774	0.01924	0.35626	0.05927	0.15727	0.15054	0.02920	0.01140	0.02287	0.00393	0.00389	0.00113	0.01645	0.00392	0.04380	0.03691
4	0.00884	0.00780	0.06833	0.02560	0.07826	0.02038	0.15269	0.11019	0.10001	0.11065	0.02670	0.21742	0.02191	0.00577	0.00414	0.00122	0.02724	0.00522	0.00290	0.00473
5	0.00770	0.11083	0.11530	0.08073	0.17071	0.02238	0.12509	0.02293	0.04511	0.02129	0.02105	0.13342	0.03067	0.03257	0.01471	0.00126	0.02233	0.00434	0.00214	0.01544
6	0.00463	0.00375	0.00418	0.00405	0.00521	0.00320	0.00302	0.00573	0.00840	0.01080	0.22351	0.10961	0.52399	0.00838	0.00413	0.00116	0.00186	0.00714	0.00337	0.06388
7	0.00459	0.00338	0.00432	0.00495	0.00534	0.00321	0.00338	0.00573	0.04574	0.00974	0.07697	0.72305	0.07540	0.01047	0.00446	0.00140	0.00206	0.00943	0.00336	0.00306
8	0.00914	0.17945	0.14098	0.05730	0.15627	0.06151	0.13261	0.05734	0.02910	0.04328	0.00706	0.03105	0.00579	0.00380	0.00400	0.00108	0.07023	0.00316	0.00195	0.00490
9	0.00958	0.00671	0.00894	0.07666	0.11856	0.03775	0.04195	0.07194	0.10909	0.19693	0.03437	0.09719	0.05944	0.02022	0.01837	0.00129	0.01816	0.04188	0.02618	0.00476
10	0.00535	0.00386	0.00487	0.00523	0.00578	0.00377	0.00366	0.09039	0.00819	0.01103	0.11099	0.69030	0.02288	0.01002	0.00441	0.00137	0.00221	0.00901	0.00340	0.00327
11	0.04775	0.27747	0.13579	0.00822	0.05606	0.09639	0.02292	0.13292	0.00922	0.09077	0.00828	0.00887	0.04429	0.00444	0.02577	0.00111	0.01972	0.00284	0.00226	0.00489
12	0.01042	0.11892	0.12659	0.02087	0.14145	0.05678	0.08197	0.15592	0.04752	0.13055	0.00952	0.01080	0.03459	0.00408	0.00349	0.00108	0.00420	0.03346	0.00257	0.00523

[dist]
# distance from previous block
# <min> <max>
5	37

[block]
# block no. 1 follows, 78 sequences, length 45
# corresponding to MSA columns:
# 631-675
name=unknown_B
#
# <colnr> <probs for GDERKNQSTAVLIFYWHMCP>
#	G	D	E	R	K	N	Q	S	T	A	V	L	I	F	Y	W	H	M	C	P
0	0.02478	0.00664	0.03613	0.04820	0.03331	0.00578	0.00522	0.12598	0.01954	0.09765	0.01105	0.14703	0.04783	0.00484	0.00334	0.00093	0.00296	0.00407	0.01245	0.36228
1	0.03789	0.13965	0.09756	0.00864	0.05301	0.11071	0.06921	0.12128	0.03684	0.15528	0.03318	0.04825	0.00752	0.00421	0.00365	0.00105	0.03491	0.00334	0.00261	0.03122
2	0.04138	0.08511	0.12228	0.03725	0.03976	0.02358	0.02394	0.01990	0.03746	0.11458	0.13861	0.06967	0.16704	0.01452	0.02501	0.00127	0.02679	0.00477	0.00283	0.00424
3	0.04246	0.22750	0.08472	0.03029	0.05546	0.06471	0.01436	0.08472	0.03761	0.06631	0.00727	0.00882	0.00595	0.00439	0.01394	0.05703	0.00386	0.02523	0.00219	0.16318
4	0.00958	0.03156	0.01194	0.00888	0.01135	0.02650	0.25157	0.18497	0.03117	0.10109	0.02075	0.03187	0.00794	0.10993	0.06212	0.00166	0.00459	0.00389	0.00263	0.08603
5	0.02177	0.00921	0.05504	0.00869	0.02928	0.18180	0.16765	0.03511	0.08740	0.09699	0.06681	0.11327	0.10057	0.00538	0.00382	0.00114	0.00412	0.00475	0.00275	0.00443
6	0.03397	0.21062	0.20296	0.00793	0.04494	0.01581	0.02234	0.06373	0.11233	0.15211	0.06555	0.01076	0.03379	0.00412	0.00327	0.00104	0.00374	0.00326	0.00263	0.00509
7	0.00482	0.00353	0.00436	0.00457	0.00531	0.00322	0.00331	0.00600	0.01855	0.02498	0.27924	0.34631	0.23677	0.00918	0.00434	0.00128	0.00195	0.03561	0.00352	0.00316
8	0.00747	0.00685	0.01118	0.05026	0.28112	0.00732	0.10649	0.03828	0.00774	0.02443	0.03070	0.18965	0.05252	0.00620	0.02051	0.00134	0.14622	0.00504	0.00228	0.00440
9	0.28772	0.03837	0.00841	0.00635	0.00899	0.00818	0.00527	0.27005	0.01073	0.27391	0.00890	0.00864	0.00613	0.00391	0.00307	0.00106	0.00323	0.00284	0.00327	0.04099
10	0.01293	0.00637	0.00761	0.00618	0.00840	0.05810	0.00496	0.05191	0.03274	0.54573	0.13947	0.03722	0.03552	0.00546	0.01759	0.00118	0.00310	0.00420	0.01603	0.00527
11	0.00437	0.00317	0.00413	0.00483	0.00515	0.00293	0.00326	0.00507	0.00711	0.00943	0.06882	0.75882	0.08827	0.01077	0.00450	0.00141	0.00202	0.00971	0.00334	0.00293
12	0.00957	0.30834	0.01269	0.00860	0.09089	0.20800	0.03800	0.03348	0.07682	0.02161	0.00924	0.12732	0.03200	0.00469	0.00322	0.00100	0.00415	0.00373	0.00219	0.00445
13	0.01144	0.00874	0.01090	0.23606	0.08371	0.00979	0.00788	0.52267	0.01325	0.04844	0.00801	0.00895	0.00578	0.00400	0.00356	0.00110	0.00413	0.00321	0.00292	0.00547
14	0.00434	0.00310	0.00413	0.00496	0.00516	0.00289	0.00330	0.00496	0.00682	0.00909	0.01962	0.87255	0.02355	0.01115	0.00454	0.00145	0.00207	0.01012	0.00330	0.00289
15	0.06091	0.00809	0.11113	0.04195	0.12635	0.02016	0.06595	0.09406	0.00900	0.20274	0.06460	0.08459	0.00956	0.01376	0.00453	0.06736	0.00370	0.00401	0.00279	0.00476
16	0.04176	0.02750	0.01003	0.00754	0.01035	0.00945	0.00625	0.57545	0.01444	0.24599	0.00984	0.00936	0.00670	0.00425	0.00350	0.00107	0.00364	0.00324	0.00370	0.00596
17	0.00746	0.00707	0.01152	0.39512	0.29362	0.00826	0.00942	0.00935	0.00710	0.00976	0.00673	0.03319	0.00585	0.03694	0.00542	0.00130	0.14235	0.00343	0.00171	0.00440
18	0.11673	0.07451	0.42003	0.00924	0.03586	0.06604	0.04258	0.15256	0.00917	0.03197	0.00663	0.00750	0.00486	0.00352	0.00322	0.00108	0.00466	0.00267	0.00204	0.00511
19	0.00624	0.00503	0.00762	0.04157	0.15458	0.00502	0.02853	0.00793	0.00808	0.01062	0.01727	0.03192	0.08723	0.02543	0.00481	0.00151	0.00345	0.54656	0.00289	0.00371
20	0.00460	0.00354	0.00409	0.00411	0.00503	0.00313	0.00302	0.00577	0.00863	0.01135	0.33042	0.15153	0.40967	0.00855	0.00420	0.00120	0.00179	0.00738	0.02887	0.00313
21	0.00924	0.03240	0.14222	0.00894	0.06193	0.13099	0.06103	0.07598	0.23026	0.05274	0.09085	0.05905	0.01921	0.00473	0.00363	0.00112	0.00397	0.00398	0.00279	0.00493
22	0.00540	0.00383	0.00534	0.00526	0.00585	0.00414	0.01403	0.00639	0.00609	0.02528	0.03551	0.01889	0.04304	0.24173	0.49522	0.00437	0.00678	0.05133	0.01850	0.00300
23	0.00908	0.10144	0.27354	0.04414	0.15582	0.02142	0.09156	0.10842	0.09070	0.04446	0.02102	0.00897	0.00623	0.00363	0.00344	0.00108	0.00447	0.00312	0.00218	0.00527
24	0.00875	0.00769	0.01033	0.05522	0.19532	0.03332	0.07335	0.07962	0.25981	0.03874	0.01206	0.03220	0.06514	0.02009	0.00391	0.00116	0.00361	0.02737	0.00275	0.06955
25	0.00647	0.00642	0.06102	0.03690	0.04534	0.03595	0.03263	0.05169	0.00831	0.02613	0.11741	0.11984	0.28642	0.00744	0.01818	0.00131	0.11866	0.01328	0.00281	0.00377
26	0.00843	0.27625	0.48188	0.00882	0.01301	0.04085	0.04143	0.02651	0.01968	0.02879	0.02007	0.00752	0.00525	0.00340	0.00310	0.00101	0.00473	0.00257	0.00170	0.00500
27	0.00855	0.00800	0.05541	0.17845	0.13991	0.03145	0.06675	0.10820	0.15582	0.04496	0.08463	0.01318	0.06044	0.02380	0.00401	0.00119	0.00386	0.00396	0.00265	0.00481
28	0.00703	0.14374	0.32910	0.00769	0.01076	0.00785	0.04274	0.01908	0.07988	0.01081	0.05313	0.04172	0.12677	0.01994	0.04563	0.00138	0.02706	0.01901	0.00222	0.00447
29	0.00822	0.04675	0.23497	0.00918	0.08700	0.01777	0.05130	0.08621	0.07171	0.06214	0.04328	0.04332	0.05708	0.02078	0.08486	0.00159	0.03860	0.00381	0.00240	0.02904
30	0.00730	0.00518	0.03064	0.02873	0.00746	0.01367	0.00491	0.03749	0.00722	0.11647	0.08021	0.06183	0.05706	0.02528	0.28078	0.11663	0.09190	0.00430	0.01169	0.01125
31	0.03180	0.06021	0.05943	0.00607	0.02254	0.04543	0.02331	0.05272	0.05599	0.06958	0.30982	0.05764	0.12000	0.05381	0.01506	0.00130	0.00292	0.00519	0.00317	0.00399
32	0.00466	0.00329	0.00434	0.00497	0.00535	0.00302	0.00337	0.00538	0.00705	0.02239	0.06045	0.78663	0.02318	0.01056	0.00444	0.00139	0.00208	0.00955	0.00331	0.03460
33	0.00928	0.00936	0.12742	0.00771	0.01024	0.00886	0.00678	0.17980	0.51561	0.01554	0.01247	0.06132	0.00976	0.00488	0.00363	0.00118	0.00334	0.00402	0.00329	0.00551
34	0.00924	0.08060	0.11358	0.02025	0.17224	0.04422	0.02994	0.05816	0.02757	0.10175	0.00802	0.04762	0.00654	0.00365	0.00321	0.00091	0.00373	0.00306	0.00231	0.26339
35	0.00722	0.07182	0.78387	0.00974	0.01477	0.00851	0.01247	0.01109	0.00751	0.01105	0.00700	0.00803	0.02448	0.00349	0.00333	0.00111	0.00509	0.00270	0.00155	0.00517
36	0.67369	0.00673	0.00604	0.00513	0.00748	0.00736	0.00423	0.02340	0.00721	0.21948	0.00721	0.00736	0.00509	0.00359	0.00256	0.00110	0.00284	0.00235	0.00276	0.00442
37	0.00849	0.01220	0.33807	0.03495	0.14115	0.06076	0.13837	0.02765	0.00829	0.07259	0.03809	0.02549	0.00744	0.03477	0.00417	0.00122	0.00477	0.03455	0.00207	0.00492
38	0.09053	0.16024	0.22458	0.00957	0.02151	0.05050	0.21077	0.07355	0.03051	0.03596	0.04449	0.01847	0.00661	0.00363	0.00335	0.00107	0.00459	0.00317	0.00208	0.00483
39	0.00466	0.00377	0.00415	0.00414	0.00517	0.00343	0.00305	0.00610	0.05063	0.01036	0.15382	0.10362	0.54119	0.04778	0.04077	0.00150	0.00226	0.00714	0.00330	0.00315
40	0.00797	0.00483	0.03677	0.00532	0.00674	0.00410	0.00424	0.00967	0.03884	0.23365	0.28614	0.21891	0.07354	0.00724	0.00402	0.00120	0.00232	0.01701	0.03340	0.00409
41	0.03102	0.11441	0.13323	0.05762	0.12285	0.05689	0.07074	0.07216	0.04041	0.21271	0.02756	0.02957	0.00720	0.00394	0.00342	0.00107	0.00411	0.00331	0.00262	0.00519
42	0.01078	0.05011	0.09682	0.01000	0.10734	0.30871	0.02656	0.09113	0.01769	0.07865	0.02135	0.04739	0.00676	0.00514	0.03642	0.00125	0.07377	0.00321	0.00225	0.00468
43	0.90002	0.00689	0.00523	0.00468	0.00689	0.00799	0.00386	0.01047	0.00606	0.01597	0.00496	0.00578	0.00386	0.00330	0.00220	0.00110	0.00275	0.00193	0.00220	0.00386
44	0.01351	0.00975	0.01051	0.00809	0.01091	0.01074	0.00667	0.78449	0.03841	0.05718	0.00894	0.00882	0.00630	0.00429	0.00356	0.00107	0.00385	0.00324	0.00360	0.00604

[dist]
# distance from previous block
# <min> <max>
0	1

[block]
# block no. 2 follows, 78 sequences, length 10
# corresponding to MSA columns:
# 677-686
name=unknown_C
#
# <colnr> <probs for GDERKNQSTAVLIFYWHMCP>
#	G	D	E	R	K	N	Q	S	T	A	V	L	I	F	Y	W	H	M	C	P
0	0.00836	0.00780	0.01013	0.00840	0.00951	0.06858	0.05210	0.00949	0.00659	0.05785	0.00616	0.00854	0.00544	0.00701	0.08705	0.00167	0.47509	0.00303	0.00189	0.16531
1	0.07000	0.01760	0.79650	0.00976	0.01481	0.00825	0.01250	0.01122	0.00741	0.01161	0.00629	0.00739	0.00446	0.00338	0.00330	0.00113	0.00509	0.00258	0.00155	0.00516
2	0.03238	0.00480	0.00637	0.00563	0.00698	0.00478	0.00443	0.01012	0.00793	0.29575	0.10187	0.01796	0.08657	0.08986	0.18318	0.03436	0.05384	0.04595	0.00316	0.00407
3	0.00718	0.00697	0.01052	0.35313	0.24934	0.05288	0.03964	0.00911	0.00786	0.01017	0.04782	0.05009	0.13108	0.00472	0.00372	0.00115	0.00406	0.00423	0.00208	0.00425
4	0.00470	0.00344	0.00448	0.00467	0.00528	0.00322	0.00335	0.00589	0.00839	0.01152	0.41172	0.35104	0.09564	0.01013	0.05822	0.00154	0.00233	0.00778	0.00351	0.00314
5	0.00525	0.00351	0.00452	0.00458	0.00493	0.00353	0.00310	0.00571	0.02577	0.00849	0.11167	0.14095	0.06763	0.28073	0.13415	0.18117	0.00373	0.00554	0.00248	0.00256
6	0.02310	0.08525	0.30948	0.05612	0.06430	0.08837	0.12641	0.11729	0.00909	0.05273	0.00689	0.00807	0.00513	0.00357	0.00366	0.00109	0.02945	0.00294	0.00201	0.00507
7	0.01009	0.00784	0.12188	0.00669	0.00887	0.05932	0.00588	0.09807	0.02571	0.28195	0.06489	0.25122	0.02941	0.00635	0.00385	0.00119	0.00326	0.00541	0.00339	0.00472
8	0.00454	0.00348	0.00417	0.00429	0.00509	0.00310	0.00311	0.00565	0.00848	0.01117	0.32742	0.25881	0.32990	0.00897	0.00430	0.00124	0.00183	0.00783	0.00353	0.00310
9	0.06811	0.05199	0.05819	0.17945	0.08652	0.07021	0.02824	0.06813	0.02272	0.02965	0.00839	0.08788	0.00745	0.00442	0.00361	0.00106	0.03361	0.02427	0.05177	0.11435

[dist]
# distance from previous block
# <min> <max>
11	29

[block]
# block no. 3 follows, 78 sequences, length 17
# corresponding to MSA columns:
# 718-734
name=unknown_D
#
# <colnr> <probs for GDERKNQSTAVLIFYWHMCP>
#	G	D	E	R	K	N	Q	S	T	A	V	L	I	F	Y	W	H	M	C	P
0	0.14081	0.00564	0.00672	0.04415	0.00809	0.00589	0.00470	0.04344	0.06018	0.25070	0.06779	0.04811	0.12002	0.06320	0.06158	0.00162	0.05547	0.00437	0.00317	0.00435
1	0.01991	0.00888	0.06206	0.04989	0.58496	0.02695	0.00976	0.07659	0.00879	0.02918	0.03385	0.02034	0.00669	0.00353	0.00349	0.00105	0.00411	0.00326	0.00205	0.04463
2	0.00554	0.00459	0.00546	0.06715	0.00709	0.04470	0.00413	0.00671	0.00823	0.02105	0.30103	0.23794	0.16109	0.04339	0.00520	0.00134	0.05293	0.01595	0.00318	0.00328
3	0.84279	0.00683	0.00543	0.00479	0.00703	0.00781	0.00394	0.01091	0.00633	0.07030	0.00555	0.00619	0.00418	0.00338	0.00229	0.00110	0.00277	0.00203	0.00235	0.00400
4	0.00847	0.00857	0.01686	0.01382	0.12350	0.00824	0.54181	0.06656	0.02017	0.02788	0.00868	0.08261	0.00748	0.04285	0.00470	0.00129	0.00509	0.00453	0.00213	0.00475
5	0.41407	0.00841	0.00778	0.00718	0.05777	0.10697	0.01582	0.16344	0.00922	0.09418	0.02644	0.01893	0.01986	0.00411	0.00300	0.00110	0.00352	0.03098	0.00269	0.00456
6	0.00948	0.02999	0.01142	0.22435	0.20322	0.24814	0.05670	0.01119	0.00823	0.05115	0.00699	0.00927	0.00571	0.02788	0.07990	0.00153	0.00546	0.00308	0.00189	0.00443
7	0.09304	0.00599	0.00779	0.00608	0.00867	0.00537	0.00500	0.01613	0.00982	0.73230	0.06208	0.01241	0.00982	0.00448	0.00350	0.00110	0.00293	0.00360	0.00418	0.00571
8	0.00525	0.00357	0.00420	0.00434	0.00452	0.00355	0.00280	0.00556	0.00578	0.00763	0.01319	0.02652	0.03586	0.70167	0.01546	0.00308	0.00338	0.14889	0.00238	0.00237
9	0.00820	0.00783	0.01334	0.27077	0.60856	0.00830	0.01062	0.01039	0.00782	0.01088	0.00659	0.00901	0.00538	0.00329	0.00353	0.00110	0.00438	0.00317	0.00171	0.00514
10	0.01112	0.01390	0.09720	0.01820	0.05268	0.51282	0.03283	0.05695	0.00961	0.02485	0.00773	0.04896	0.00693	0.00501	0.02546	0.00117	0.00563	0.06252	0.00210	0.00433
11	0.27506	0.00786	0.01147	0.06701	0.55056	0.00829	0.00875	0.01068	0.00744	0.01278	0.00616	0.00795	0.00505	0.00323	0.00313	0.00108	0.00382	0.00280	0.00188	0.00501
12	0.00591	0.00316	0.00450	0.00450	0.00466	0.00308	0.00304	0.00470	0.00511	0.00665	0.01027	0.01403	0.12184	0.01191	0.01259	0.77389	0.00292	0.00370	0.00179	0.00175
13	0.00485	0.00365	0.00410	0.00406	0.00512	0.00315	0.00301	0.00591	0.00847	0.04270	0.20972	0.13072	0.54444	0.00872	0.00422	0.00121	0.00185	0.00744	0.00348	0.00318
14	0.08024	0.00795	0.02264	0.09886	0.36560	0.00818	0.04551	0.12192	0.06971	0.07076	0.05431	0.01052	0.02032	0.00388	0.00351	0.00110	0.00386	0.00345	0.00247	0.00521
15	0.00816	0.00753	0.01244	0.09614	0.61382	0.00768	0.00958	0.03637	0.00838	0.01178	0.06872	0.05017	0.00904	0.00419	0.00368	0.00112	0.00394	0.04004	0.00209	0.00511
16	0.04598	0.18727	0.15989	0.10452	0.06910	0.07300	0.01947	0.02949	0.07757	0.01104	0.08222	0.09839	0.00969	0.00464	0.00344	0.00108	0.01273	0.00378	0.00221	0.00447

[dist]
# distance from previous block
# <min> <max>
8	16

[block]
# block no. 4 follows, 78 sequences, length 16
# corresponding to MSA columns:
# 752-767
name=unknown_E
#
# <colnr> <probs for GDERKNQSTAVLIFYWHMCP>
#	G	D	E	R	K	N	Q	S	T	A	V	L	I	F	Y	W	H	M	C	P
0	0.02358	0.27502	0.16884	0.00873	0.06788	0.08963	0.04607	0.09097	0.03575	0.08800	0.00738	0.02002	0.00579	0.00360	0.00307	0.00097	0.00423	0.00277	0.02474	0.03295
1	0.05135	0.06069	0.14959	0.00834	0.02834	0.06484	0.05336	0.27115	0.06914	0.05611	0.03705	0.10400	0.00875	0.00480	0.00365	0.00112	0.01599	0.00391	0.00279	0.00504
2	0.00549	0.00427	0.00524	0.00466	0.00612	0.00362	0.03077	0.00674	0.00844	0.04445	0.22038	0.10214	0.39698	0.00747	0.00398	0.00110	0.00211	0.00643	0.00327	0.13633
3	0.02419	0.02019	0.19505	0.04577	0.13655	0.04234	0.14680	0.04902	0.11154	0.04390	0.08372	0.02361	0.02630	0.00416	0.00377	0.00113	0.01709	0.00374	0.00237	0.01876
4	0.00952	0.87702	0.01866	0.00609	0.00914	0.01409	0.00609	0.01066	0.00723	0.00838	0.00495	0.00571	0.00457	0.00305	0.00228	0.00076	0.00381	0.00190	0.00152	0.00457
5	0.04542	0.05334	0.21533	0.01833	0.02045	0.03776	0.05995	0.02949	0.20091	0.06589	0.16873	0.03077	0.02890	0.00477	0.00359	0.00113	0.00362	0.00402	0.00281	0.00479
6	0.00811	0.00650	0.00711	0.00639	0.00815	0.00719	0.00496	0.02996	0.56376	0.04922	0.19016	0.01740	0.07456	0.00561	0.00378	0.00118	0.00254	0.00474	0.00369	0.00500
7	0.00829	0.00741	0.01354	0.29338	0.18597	0.00764	0.24139	0.01059	0.00808	0.08556	0.04739	0.03980	0.00748	0.00381	0.00378	0.00115	0.00456	0.00386	0.00211	0.02421
8	0.00844	0.05170	0.29291	0.00964	0.08609	0.10470	0.05923	0.06657	0.02303	0.04723	0.03969	0.12314	0.04920	0.00495	0.00375	0.00113	0.01745	0.00416	0.00229	0.00469
9	0.00777	0.10632	0.11381	0.00959	0.01225	0.05192	0.29536	0.01020	0.03804	0.03470	0.03009	0.12609	0.05801	0.00535	0.00391	0.00120	0.00438	0.08433	0.00235	0.00433
10	0.00447	0.00323	0.00424	0.00493	0.00529	0.00301	0.00342	0.00525	0.00723	0.00960	0.08133	0.70319	0.07881	0.01065	0.00452	0.00142	0.00210	0.06101	0.00335	0.00296
11	0.03091	0.00809	0.04490	0.06641	0.19363	0.02769	0.22289	0.06718	0.04431	0.05012	0.08647	0.05938	0.06152	0.00458	0.00393	0.00115	0.01528	0.00436	0.00246	0.00473
12	0.03816	0.05014	0.18929	0.04069	0.12869	0.02824	0.06869	0.06160	0.16451	0.07624	0.03556	0.03284	0.02683	0.01333	0.02857	0.00128	0.00417	0.00362	0.00251	0.00505
13	0.00506	0.00378	0.00424	0.00419	0.00527	0.00335	0.00315	0.00627	0.02565	0.04515	0.16395	0.08761	0.52892	0.04876	0.00487	0.00133	0.00203	0.04982	0.00340	0.00321
14	0.00852	0.04298	0.10311	0.03084	0.22746	0.00789	0.19073	0.06107	0.04707	0.06198	0.10843	0.04589	0.02244	0.00432	0.00391	0.00113	0.02080	0.00408	0.00241	0.00494
15	0.03881	0.05699	0.20224	0.03371	0.13610	0.12164	0.08585	0.09535	0.06299	0.05051	0.02663	0.02021	0.00711	0.00404	0.00351	0.00110	0.00456	0.04140	0.00227	0.00499

[dist]
# distance from previous block
# <min> <max>
2	31

[block]
# block no. 5 follows, 78 sequences, length 30
# corresponding to MSA columns:
# 805-834
name=unknown_F
#
# <colnr> <probs for GDERKNQSTAVLIFYWHMCP>
#	G	D	E	R	K	N	Q	S	T	A	V	L	I	F	Y	W	H	M	C	P
0	0.04900	0.08948	0.10829	0.00923	0.10773	0.07453	0.05563	0.09927	0.01689	0.21307	0.00884	0.04232	0.00674	0.00390	0.00331	0.00101	0.00394	0.00320	0.00267	0.10095
1	0.00922	0.04251	0.05361	0.04621	0.55835	0.02909	0.00957	0.04906	0.06457	0.05480	0.04292	0.00979	0.00719	0.00360	0.00350	0.00107	0.00406	0.00329	0.00217	0.00543
2	0.02655	0.07965	0.14325	0.02535	0.04522	0.03952	0.04457	0.00984	0.08587	0.05115	0.18646	0.09352	0.13376	0.00589	0.00374	0.00114	0.00324	0.01423	0.00283	0.00422
3	0.00499	0.00349	0.00429	0.00457	0.00528	0.00314	0.00326	0.00589	0.00783	0.04868	0.15026	0.42592	0.26288	0.02873	0.00466	0.00136	0.00203	0.02618	0.00342	0.00313
4	0.01302	0.00892	0.06566	0.00903	0.10238	0.09345	0.02384	0.11676	0.09287	0.40781	0.01140	0.01080	0.01897	0.00419	0.00355	0.00109	0.00378	0.00341	0.00342	0.00566
5	0.00828	0.41857	0.26148	0.00755	0.01094	0.01035	0.04924	0.01076	0.04024	0.03037	0.05756	0.03026	0.04275	0.00394	0.00303	0.00097	0.00403	0.00306	0.00194	0.00468
6	0.00451	0.00323	0.00436	0.00506	0.00533	0.00313	0.00348	0.00521	0.00669	0.00897	0.01817	0.71377	0.02143	0.04711	0.09753	0.00199	0.00297	0.04105	0.00311	0.00291
7	0.00822	0.00794	0.01379	0.25304	0.57814	0.00834	0.05777	0.01045	0.00785	0.01092	0.00662	0.00904	0.00538	0.00327	0.00357	0.00110	0.00447	0.00323	0.00172	0.00513
8	0.00888	0.00850	0.01450	0.03452	0.79375	0.00853	0.03620	0.03105	0.00831	0.01185	0.00675	0.00884	0.00563	0.00320	0.00355	0.00106	0.00428	0.00320	0.00180	0.00560
9	0.00678	0.00638	0.01077	0.84478	0.04564	0.00792	0.00991	0.00914	0.00714	0.00916	0.00634	0.00947	0.00477	0.00355	0.00356	0.00118	0.00473	0.00316	0.00159	0.00400
10	0.00880	0.00848	0.01452	0.02139	0.81351	0.00848	0.03426	0.01109	0.02359	0.01169	0.00686	0.00892	0.00573	0.00320	0.00355	0.00106	0.00425	0.00322	0.00180	0.00562
11	0.00446	0.00319	0.00431	0.00509	0.00535	0.00305	0.00350	0.00517	0.00682	0.00912	0.01898	0.77756	0.02251	0.01202	0.05590	0.00171	0.00258	0.05253	0.00322	0.00293
12	0.00499	0.00379	0.00432	0.00422	0.00525	0.00344	0.00315	0.00661	0.04703	0.02294	0.32833	0.09242	0.40641	0.00809	0.00412	0.00117	0.00183	0.00693	0.04168	0.00330
13	0.02807	0.04344	0.10556	0.07245	0.06859	0.03000	0.01960	0.05392	0.22421	0.10954	0.09493	0.03702	0.06617	0.00543	0.02432	0.00125	0.00356	0.00410	0.00295	0.00487
14	0.00778	0.02236	0.01048	0.04032	0.13017	0.00685	0.14230	0.04294	0.15246	0.02904	0.05165	0.07966	0.05402	0.00514	0.00378	0.00112	0.00353	0.08016	0.00269	0.13355
15	0.01681	0.00793	0.01317	0.17751	0.21713	0.02949	0.21032	0.04069	0.07634	0.05717	0.04902	0.04181	0.00795	0.00405	0.00404	0.00116	0.03444	0.00389	0.00225	0.00482
16	0.00879	0.00850	0.01421	0.06024	0.80121	0.02221	0.01081	0.01090	0.00809	0.01147	0.00666	0.00880	0.00558	0.00320	0.00352	0.00106	0.00429	0.00316	0.00176	0.00554
17	0.06343	0.00606	0.05510	0.01538	0.07015	0.01615	0.04095	0.02718	0.10147	0.01234	0.24119	0.06864	0.20357	0.00763	0.05379	0.00143	0.00310	0.00547	0.00304	0.00394
18	0.00699	0.00596	0.00735	0.04283	0.03423	0.05734	0.07748	0.00966	0.13922	0.06016	0.10052	0.07348	0.27132	0.06464	0.00494	0.00135	0.00304	0.03250	0.00306	0.00392
19	0.04767	0.07008	0.00864	0.00711	0.04376	0.01512	0.00545	0.19782	0.14289	0.06345	0.08020	0.01263	0.04225	0.00863	0.12907	0.07665	0.03749	0.00371	0.00286	0.00453
20	0.00528	0.00389	0.00548	0.00520	0.00565	0.00415	0.04144	0.00598	0.00557	0.00771	0.01029	0.01856	0.01081	0.46009	0.38999	0.00435	0.00626	0.00453	0.00203	0.00273
21	0.00936	0.01899	0.04846	0.05692	0.19899	0.03464	0.00728	0.24268	0.13516	0.02284	0.01224	0.04883	0.10141	0.02588	0.00414	0.00118	0.01908	0.00407	0.00279	0.00507
22	0.00566	0.00383	0.00456	0.00432	0.00543	0.00338	0.00326	0.00690	0.00897	0.08652	0.36518	0.05649	0.37010	0.03604	0.00463	0.00125	0.00196	0.02451	0.00362	0.00340
23	0.00968	0.03569	0.13267	0.07706	0.12895	0.02599	0.04084	0.21063	0.13199	0.04908	0.02912	0.01000	0.01762	0.00431	0.00428	0.01266	0.06831	0.00336	0.00257	0.00520
24	0.00877	0.00841	0.01437	0.04049	0.83439	0.00845	0.01090	0.01089	0.00809	0.01158	0.00669	0.00883	0.00562	0.00318	0.00353	0.00106	0.00424	0.00317	0.00176	0.00560
25	0.81965	0.04371	0.02221	0.00489	0.00721	0.00817	0.00417	0.01069	0.00626	0.04002	0.00525	0.00600	0.00404	0.00333	0.00227	0.00109	0.00285	0.00199	0.00223	0.00398
26	0.00851	0.02620	0.03096	0.00605	0.02479	0.00558	0.00486	0.06439	0.04377	0.10090	0.05026	0.05072	0.01941	0.00378	0.00306	0.00077	0.00281	0.00311	0.00263	0.54743
27	0.00916	0.12164	0.08558	0.08101	0.37748	0.13568	0.04656	0.01114	0.00819	0.02662	0.00717	0.03013	0.00622	0.00374	0.00342	0.00105	0.00460	0.03383	0.00185	0.00493
28	0.00520	0.00349	0.00421	0.00421	0.00431	0.00359	0.00256	0.00534	0.00524	0.00709	0.01074	0.02131	0.01203	0.70513	0.15113	0.04076	0.00440	0.00488	0.00209	0.00229
29	0.08113	0.00781	0.00874	0.00691	0.00945	0.04075	0.00564	0.30569	0.03551	0.38590	0.01085	0.01054	0.00746	0.02609	0.03989	0.00134	0.00373	0.00333	0.00366	0.00559

[dist]
# distance from previous block
# <min> <max>
0	1

[block]
# block no. 6 follows, 78 sequences, length 15
# corresponding to MSA columns:
# 836-848,854,855
name=unknown_G
#
# <colnr> <probs for GDERKNQSTAVLIFYWHMCP>
#	G	D	E	R	K	N	Q	S	T	A	V	L	I	F	Y	W	H	M	C	P
0	0.00904	0.10688	0.35467	0.02255	0.13866	0.04146	0.03491	0.08073	0.09337	0.05628	0.02339	0.00883	0.00625	0.00366	0.00337	0.00107	0.00447	0.00298	0.00215	0.00528
1	0.00607	0.05509	0.00640	0.00572	0.03637	0.02361	0.03568	0.00752	0.04542	0.05421	0.09615	0.19903	0.32334	0.05822	0.00489	0.00135	0.00256	0.03172	0.00312	0.00353
2	0.00875	0.00733	0.06520	0.00842	0.11550	0.03674	0.03062	0.07124	0.10075	0.13292	0.17823	0.07358	0.06683	0.00532	0.00371	0.00109	0.00314	0.00459	0.00312	0.08293
3	0.00914	0.12428	0.09101	0.04844	0.42340	0.06995	0.02099	0.07294	0.03787	0.01192	0.05131	0.00923	0.00697	0.00358	0.00338	0.00103	0.00426	0.00311	0.00202	0.00519
4	0.00691	0.00969	0.26167	0.00764	0.01017	0.05542	0.05389	0.02452	0.05127	0.02074	0.02218	0.20068	0.01067	0.03075	0.11830	0.00181	0.00468	0.01577	0.00231	0.09093
5	0.00745	0.01191	0.43610	0.00794	0.01128	0.01993	0.01900	0.04207	0.00851	0.07931	0.15914	0.04470	0.07962	0.00570	0.02975	0.00129	0.02508	0.00413	0.00247	0.00463
6	0.00947	0.00769	0.00820	0.00725	0.00934	0.00878	0.00567	0.06174	0.75979	0.05865	0.01416	0.01298	0.01051	0.00478	0.00362	0.00119	0.00289	0.00396	0.00366	0.00568
7	0.00915	0.66767	0.19485	0.00702	0.01052	0.01276	0.00760	0.03809	0.00761	0.00945	0.00537	0.00618	0.00461	0.00316	0.00256	0.00085	0.00412	0.00210	0.00159	0.00476
8	0.00437	0.00326	0.00406	0.00460	0.00510	0.00296	0.00317	0.00514	0.00740	0.00966	0.09463	0.60666	0.21538	0.01033	0.00444	0.00136	0.00197	0.00920	0.00336	0.00296
9	0.00879	0.03375	0.00822	0.00704	0.00907	0.00876	0.00552	0.04958	0.74038	0.01468	0.01522	0.01409	0.05915	0.00500	0.00361	0.00119	0.00283	0.00413	0.00354	0.00547
10	0.01195	0.00727	0.01849	0.00682	0.00909	0.00738	0.00560	0.32248	0.03990	0.28216	0.15506	0.01392	0.02435	0.01778	0.00422	0.00115	0.03652	0.01602	0.00374	0.01610
11	0.00841	0.41924	0.38357	0.00937	0.09285	0.01101	0.00964	0.01095	0.00744	0.00995	0.00575	0.00680	0.00465	0.00320	0.00288	0.00095	0.00448	0.00234	0.00154	0.00497
12	0.00555	0.00400	0.00550	0.00627	0.00707	0.00395	0.00539	0.00707	0.00810	0.01048	0.01992	0.09770	0.06984	0.00988	0.00485	0.00160	0.00311	0.72320	0.00328	0.00324
13	0.00441	0.00338	0.00405	0.00439	0.00506	0.00302	0.00310	0.00532	0.00786	0.01019	0.17204	0.42296	0.32198	0.00970	0.00436	0.00130	0.00190	0.00854	0.00341	0.00302
14	0.00974	0.00723	0.00886	0.00732	0.00935	0.09198	0.11358	0.04586	0.15426	0.21184	0.11834	0.08019	0.11447	0.00564	0.00386	0.00115	0.00337	0.00491	0.00336	0.00469

[dist]
# distance from previous block
# <min> <max>
2	4

[block]
# block no. 7 follows, 78 sequences, length 16
# corresponding to MSA columns:
# 860-875
name=unknown_H
#
# <colnr> <probs for GDERKNQSTAVLIFYWHMCP>
#	G	D	E	R	K	N	Q	S	T	A	V	L	I	F	Y	W	H	M	C	P
0	0.00820	0.04184	0.08759	0.06820	0.58274	0.00823	0.06125	0.01041	0.00788	0.01112	0.00760	0.07464	0.00680	0.00381	0.00359	0.00110	0.00428	0.00367	0.00184	0.00521
1	0.04262	0.20726	0.06487	0.00771	0.02825	0.04611	0.03734	0.05345	0.33598	0.07692	0.00995	0.01000	0.00762	0.00492	0.03592	0.00124	0.01878	0.00319	0.00273	0.00514
2	0.01151	0.00638	0.03958	0.00836	0.12543	0.00562	0.00594	0.06938	0.00952	0.42490	0.04498	0.16574	0.01186	0.00561	0.00376	0.00116	0.00308	0.02337	0.02865	0.00517
3	0.01015	0.02734	0.07274	0.03986	0.15358	0.20216	0.05388	0.06925	0.20901	0.05612	0.03992	0.01002	0.00771	0.00402	0.00361	0.00108	0.01592	0.00330	0.00253	0.01779
4	0.00506	0.00340	0.00403	0.00417	0.00423	0.00339	0.00248	0.00518	0.00547	0.00732	0.01244	0.16806	0.01439	0.66420	0.05330	0.02888	0.00348	0.00590	0.00233	0.00231
5	0.00881	0.00846	0.01445	0.02185	0.85267	0.00846	0.01093	0.01093	0.00811	0.01163	0.00670	0.00881	0.00564	0.00317	0.00352	0.00106	0.00423	0.00317	0.00176	0.00564
6	0.02867	0.04061	0.03913	0.01068	0.25505	0.00677	0.02557	0.03002	0.00781	0.02389	0.00650	0.00786	0.00535	0.00300	0.00317	0.00078	0.02227	0.00254	0.00202	0.47830
7	0.00509	0.00379	0.00561	0.00561	0.00620	0.00439	0.00431	0.00628	0.00569	0.00818	0.00964	0.01457	0.00916	0.08019	0.80762	0.00558	0.00915	0.00390	0.00192	0.00311
8	0.01330	0.01697	0.01009	0.00917	0.01101	0.86058	0.00688	0.01422	0.01009	0.00871	0.00550	0.00642	0.00459	0.00367	0.00321	0.00092	0.00642	0.00229	0.00183	0.00413
9	0.00514	0.00344	0.00389	0.00393	0.00394	0.00343	0.00221	0.00517	0.00525	0.00700	0.01157	0.05902	0.01339	0.83855	0.01755	0.00337	0.00339	0.00539	0.00221	0.00219
10	0.01133	0.16197	0.11189	0.01081	0.16176	0.39533	0.00808	0.01292	0.00895	0.07615	0.00640	0.00731	0.00510	0.00350	0.00316	0.00095	0.00518	0.00253	0.00193	0.00476
11	0.01366	0.00714	0.00857	0.00674	0.00933	0.00707	0.00551	0.24891	0.09740	0.46966	0.01422	0.01292	0.07259	0.00476	0.00363	0.00111	0.00316	0.00382	0.00400	0.00578
12	0.00734	0.01969	0.24071	0.01937	0.09788	0.00628	0.10348	0.02065	0.02164	0.08018	0.10055	0.21120	0.04397	0.00585	0.00389	0.00120	0.00373	0.00529	0.00260	0.00447
13	0.83231	0.00712	0.00565	0.00495	0.00720	0.00822	0.00408	0.07389	0.00687	0.01647	0.00523	0.00599	0.00402	0.00338	0.00231	0.00110	0.00284	0.00203	0.00231	0.00402
14	0.02523	0.00698	0.00721	0.00624	0.00808	0.13194	0.02358	0.01237	0.09228	0.28676	0.15032	0.05023	0.14798	0.00590	0.00380	0.00113	0.00313	0.02877	0.00352	0.00454
15	0.00767	0.12647	0.03314	0.00604	0.00834	0.05966	0.02689	0.02555	0.03398	0.03594	0.03142	0.11599	0.08386	0.01632	0.03900	0.00112	0.01796	0.00397	0.00241	0.32427

[dist]
# distance from previous block
# <min> <max>
2	7

[block]
# block no. 8 follows, 78 sequences, length 41
# corresponding to MSA columns:
# 884-924
name=unknown_I
#
# <colnr> <probs for GDERKNQSTAVLIFYWHMCP>
#	G	D	E	R	K	N	Q	S	T	A	V	L	I	F	Y	W	H	M	C	P
0	0.20058	0.00758	0.00830	0.00684	0.03016	0.02607	0.01949	0.24839	0.03538	0.23149	0.00926	0.00922	0.00653	0.00391	0.00313	0.00102	0.00324	0.00297	0.06522	0.08123
1	0.90002	0.00689	0.00523	0.00468	0.00689	0.00799	0.00386	0.01047	0.00606	0.01597	0.00496	0.00578	0.00386	0.00330	0.00220	0.00110	0.00275	0.00193	0.00220	0.00386
2	0.01519	0.00665	0.00847	0.00658	0.00918	0.02733	0.00542	0.08599	0.01051	0.71455	0.01300	0.01156	0.00835	0.00443	0.00381	0.00110	0.03148	0.00349	0.02703	0.00587
3	0.00438	0.00314	0.00410	0.00485	0.00508	0.00293	0.00322	0.00497	0.00678	0.00899	0.01977	0.79828	0.05256	0.05615	0.00524	0.00154	0.00213	0.00977	0.00325	0.00286
4	0.00779	0.00779	0.01091	0.00935	0.00935	0.01091	0.00779	0.00857	0.00545	0.00857	0.00467	0.00779	0.00467	0.00623	0.01168	0.00156	0.86836	0.00312	0.00156	0.00389
5	0.00742	0.00644	0.00783	0.00559	0.00877	0.00489	0.03157	0.00904	0.00742	0.01160	0.00636	0.00746	0.00528	0.00265	0.00269	0.00055	0.00275	0.00218	0.00210	0.86744
6	0.00434	0.00310	0.00413	0.00496	0.00516	0.00289	0.00330	0.00496	0.00682	0.00909	0.01962	0.87255	0.02355	0.01115	0.00454	0.00145	0.00207	0.01012	0.00330	0.00289
7	0.02007	0.01028	0.00789	0.00756	0.00895	0.38457	0.00586	0.10034	0.00967	0.01083	0.01180	0.18299	0.01227	0.00668	0.00391	0.00121	0.00450	0.20407	0.00266	0.00389
8	0.00865	0.00823	0.01400	0.02106	0.80858	0.00823	0.01066	0.01074	0.00811	0.01158	0.00733	0.01045	0.00641	0.00352	0.00360	0.00109	0.00418	0.04623	0.00184	0.00552
9	0.00510	0.00442	0.04910	0.00476	0.00587	0.00361	0.00389	0.00683	0.00971	0.01358	0.70584	0.02674	0.10597	0.00732	0.00418	0.00114	0.00193	0.03289	0.00372	0.00342
10	0.00680	0.00640	0.01081	0.83656	0.05370	0.00793	0.00992	0.00916	0.00715	0.00919	0.00634	0.00947	0.00478	0.00355	0.00356	0.00118	0.00473	0.00316	0.00159	0.00401
11	0.00822	0.02724	0.54599	0.01010	0.01420	0.00897	0.08772	0.09755	0.03342	0.02520	0.00684	0.00806	0.00503	0.00381	0.00440	0.00117	0.10211	0.00294	0.00186	0.00516
12	0.00731	0.04857	0.78259	0.01061	0.05885	0.00849	0.01279	0.01124	0.00754	0.01119	0.00635	0.00752	0.00457	0.00336	0.00335	0.00111	0.00516	0.00263	0.00152	0.00526
13	0.00495	0.00345	0.00391	0.00398	0.00421	0.00333	0.00241	0.00523	0.00600	0.00788	0.05930	0.10624	0.13278	0.62540	0.01414	0.00282	0.00300	0.00604	0.00252	0.00241
14	0.00691	0.00652	0.01102	0.78967	0.09969	0.00796	0.00998	0.00926	0.00721	0.00933	0.00636	0.00943	0.00483	0.00352	0.00356	0.00117	0.00470	0.00316	0.00160	0.00411
15	0.00999	0.03156	0.03840	0.06277	0.08827	0.21979	0.37589	0.08381	0.02089	0.01151	0.00679	0.00853	0.00526	0.00341	0.00384	0.00110	0.01809	0.00338	0.00195	0.00477
16	0.00423	0.00360	0.00361	0.00361	0.00479	0.00302	0.00269	0.00511	0.00804	0.00955	0.03543	0.03398	0.82970	0.03125	0.00457	0.00126	0.00185	0.00745	0.00328	0.00298
17	0.00518	0.00345	0.00388	0.00388	0.00388	0.00345	0.00216	0.00518	0.00518	0.00690	0.01122	0.02330	0.01294	0.87488	0.01812	0.00345	0.00345	0.00518	0.00216	0.00216
18	0.00497	0.00340	0.00399	0.00421	0.00433	0.00333	0.00256	0.00520	0.00576	0.00763	0.01429	0.21951	0.04558	0.61703	0.01407	0.00285	0.00307	0.03336	0.00250	0.00239
19	0.02821	0.03986	0.54436	0.00977	0.01409	0.04469	0.07213	0.14764	0.03019	0.01308	0.00694	0.00794	0.00504	0.00388	0.01591	0.00117	0.00505	0.00284	0.00195	0.00524
20	0.00573	0.00432	0.00641	0.00680	0.00771	0.00428	0.05359	0.00743	0.02286	0.01053	0.01822	0.16978	0.01993	0.00956	0.00479	0.00158	0.00324	0.63670	0.00320	0.00335
21	0.90002	0.00689	0.00523	0.00468	0.00689	0.00799	0.00386	0.01047	0.00606	0.01597	0.00496	0.00578	0.00386	0.00330	0.00220	0.00110	0.00275	0.00193	0.00220	0.00386
22	0.00518	0.00345	0.00388	0.00388	0.00388	0.00345	0.00216	0.00518	0.00518	0.00690	0.01122	0.02330	0.01294	0.87488	0.01812	0.00345	0.00345	0.00518	0.00216	0.00216
23	0.00941	0.01118	0.24784	0.00895	0.01215	0.04216	0.10904	0.10838	0.26352	0.08488	0.05786	0.01107	0.00874	0.00420	0.00363	0.00114	0.00411	0.00359	0.00281	0.00532
24	0.00714	0.01842	0.85643	0.01015	0.01541	0.00827	0.01315	0.01128	0.00752	0.01128	0.00639	0.00752	0.00451	0.00338	0.00338	0.00113	0.00526	0.00263	0.00150	0.00526
25	0.00574	0.00410	0.00574	0.00656	0.00738	0.00410	0.00574	0.00738	0.00820	0.01065	0.01885	0.04016	0.02049	0.00984	0.00492	0.00164	0.00328	0.82870	0.00328	0.00328
26	0.00833	0.07101	0.00847	0.02720	0.00905	0.03866	0.00469	0.01000	0.02192	0.06527	0.00683	0.00768	0.00550	0.00288	0.00273	0.00062	0.00295	0.00225	0.00222	0.70172
27	0.01019	0.00785	0.00846	0.00730	0.00951	0.00885	0.00577	0.13969	0.64831	0.09227	0.01358	0.01248	0.00997	0.00471	0.00361	0.00118	0.00300	0.00386	0.00368	0.00574
28	0.08494	0.17466	0.01171	0.00819	0.01054	0.44184	0.03479	0.14915	0.01027	0.03411	0.00614	0.00685	0.00491	0.00362	0.00306	0.00094	0.00512	0.00244	0.00216	0.00458
29	0.00870	0.00859	0.01453	0.21138	0.27399	0.04563	0.24780	0.05693	0.03594	0.02145	0.00721	0.00933	0.00560	0.00343	0.00382	0.00113	0.01772	0.00346	0.01843	0.00491
30	0.00513	0.00365	0.00487	0.00487	0.00522	0.00399	0.00339	0.00581	0.00547	0.00764	0.01031	0.01829	0.01077	0.41835	0.47167	0.00467	0.00673	0.00444	0.00202	0.00271
31	0.00608	0.00389	0.00500	0.00458	0.00566	0.00352	0.00348	0.00765	0.00988	0.10100	0.67741	0.02591	0.11792	0.00717	0.00414	0.00113	0.00183	0.00626	0.00390	0.00360
32	0.00737	0.09942	0.77739	0.00977	0.01482	0.00882	0.01249	0.01122	0.00749	0.01100	0.00625	0.00735	0.00452	0.00335	0.00328	0.00109	0.00512	0.00256	0.00151	0.00520
33	0.01164	0.00885	0.00952	0.00764	0.01011	0.00984	0.00619	0.56441	0.22337	0.01986	0.08182	0.01127	0.00960	0.00467	0.00363	0.00111	0.00345	0.00369	0.00361	0.00572
34	0.50703	0.00726	0.00673	0.00571	0.00790	0.00811	0.00463	0.24035	0.00932	0.05612	0.00785	0.08098	0.00655	0.00432	0.00285	0.00111	0.00299	0.00310	0.03260	0.00447
35	0.00610	0.00367	0.00426	0.00409	0.00433	0.00360	0.00242	0.00622	0.00560	0.07920	0.01146	0.02235	0.01259	0.80068	0.01688	0.00325	0.00342	0.00504	0.00235	0.00249
36	0.00632	0.00349	0.00517	0.00504	0.00504	0.00376	0.00349	0.00497	0.00471	0.00639	0.00606	0.01056	0.00606	0.01185	0.01372	0.82014	0.07685	0.00309	0.00155	0.00175
37	0.01232	0.01497	0.00910	0.00832	0.01000	0.73508	0.00624	0.01335	0.00971	0.00938	0.00640	0.00742	0.00525	0.00374	0.00310	0.00090	0.00572	0.00244	0.13254	0.00401
38	0.00517	0.00347	0.00396	0.00393	0.00401	0.00344	0.00226	0.00531	0.00560	0.00753	0.08278	0.02358	0.01470	0.80092	0.01693	0.00325	0.00330	0.00529	0.00231	0.00226
39	0.00984	0.80371	0.01793	0.00635	0.00930	0.08624	0.00616	0.01096	0.00748	0.00841	0.00500	0.00577	0.00457	0.00310	0.00236	0.00077	0.00403	0.00194	0.00155	0.00453
40	0.08994	0.00676	0.00820	0.00652	0.00911	0.00660	0.00533	0.09434	0.14678	0.56841	0.01283	0.01143	0.00847	0.00437	0.00347	0.00112	0.00305	0.00348	0.00401	0.00580

[dist]
# distance from previous block
# <min> <max>
0	1

[block]
# block no. 9 follows, 78 sequences, length 25
# corresponding to MSA columns:
# 926-950
name=unknown_J
#
# <colnr> <probs for GDERKNQSTAVLIFYWHMCP>
#	G	D	E	R	K	N	Q	S	T	A	V	L	I	F	Y	W	H	M	C	P
0	0.00442	0.00318	0.00420	0.00492	0.00521	0.00296	0.00334	0.00516	0.00715	0.00957	0.08976	0.76578	0.04310	0.01075	0.00452	0.00142	0.00205	0.02621	0.00336	0.00294
1	0.00509	0.00348	0.00421	0.00428	0.00440	0.00357	0.00264	0.00536	0.00541	0.00731	0.01164	0.09304	0.01316	0.66048	0.15794	0.00366	0.00435	0.00536	0.00221	0.00239
2	0.00623	0.00551	0.00922	0.00743	0.00908	0.00528	0.21919	0.00895	0.07984	0.01359	0.56308	0.02110	0.02442	0.00597	0.00415	0.00115	0.00289	0.00566	0.00335	0.00392
3	0.00733	0.00633	0.00766	0.07756	0.00979	0.00501	0.00469	0.00898	0.00736	0.01139	0.00633	0.00756	0.00523	0.00271	0.00271	0.00058	0.00281	0.00220	0.00207	0.82170
4	0.08326	0.00938	0.01968	0.01414	0.01762	0.00892	0.76956	0.01133	0.00821	0.01179	0.00701	0.00928	0.00527	0.00303	0.00403	0.00119	0.00573	0.00401	0.00183	0.00472
5	0.00893	0.05325	0.01907	0.05299	0.03749	0.10202	0.64991	0.01156	0.00846	0.01086	0.00685	0.00904	0.00525	0.00311	0.00395	0.00114	0.00584	0.00381	0.00178	0.00470
6	0.00779	0.00779	0.01091	0.00935	0.00935	0.01091	0.00779	0.00857	0.00545	0.00857	0.00467	0.00779	0.00467	0.00623	0.01168	0.00156	0.86836	0.00312	0.00156	0.00389
7	0.00750	0.00636	0.00741	0.00534	0.00843	0.00489	0.00427	0.03351	0.00774	0.01200	0.03038	0.00796	0.00610	0.00282	0.00271	0.00056	0.00265	0.00226	0.00220	0.84492
8	0.01553	0.00678	0.00871	0.00667	0.00945	0.00630	0.00551	0.16802	0.01139	0.70277	0.01304	0.01146	0.00831	0.00438	0.00358	0.00110	0.00319	0.00351	0.00425	0.00606
9	0.00672	0.00633	0.01068	0.86632	0.02452	0.00791	0.00989	0.00910	0.00712	0.00910	0.00633	0.00949	0.00475	0.00356	0.00356	0.00119	0.00475	0.00316	0.00158	0.00396
10	0.00938	0.72621	0.12707	0.00676	0.01004	0.05201	0.00705	0.01090	0.00740	0.00877	0.00516	0.00598	0.00456	0.00312	0.00247	0.00082	0.00412	0.00202	0.00153	0.00464
11	0.00741	0.00501	0.04456	0.00589	0.00710	0.00437	0.00473	0.07121	0.00861	0.15474	0.07272	0.43536	0.01904	0.00867	0.00429	0.00135	0.00268	0.13493	0.00347	0.00387
12	0.00828	0.00925	0.01905	0.01391	0.01682	0.00937	0.67874	0.01086	0.00783	0.01086	0.00671	0.00925	0.00526	0.00363	0.00565	0.00127	0.17289	0.00399	0.00175	0.00463
13	0.00952	0.87702	0.01866	0.00609	0.00914	0.01409	0.00609	0.01066	0.00723	0.00838	0.00495	0.00571	0.00457	0.00305	0.00228	0.00076	0.00381	0.00190	0.00152	0.00457
14	0.00886	0.00765	0.00805	0.00725	0.00926	0.00886	0.00564	0.01892	0.84623	0.01489	0.01449	0.01328	0.01087	0.00483	0.00362	0.00121	0.00282	0.00403	0.00362	0.00564
15	0.00518	0.00345	0.00388	0.00388	0.00388	0.00345	0.00216	0.00518	0.00518	0.00690	0.01122	0.02330	0.01294	0.87488	0.01812	0.00345	0.00345	0.00518	0.00216	0.00216
16	0.00512	0.00369	0.00507	0.00507	0.00548	0.00409	0.00363	0.00594	0.00553	0.00778	0.01014	0.01731	0.01034	0.32918	0.56026	0.00491	0.00737	0.00430	0.00200	0.00281
17	0.00457	0.00352	0.00421	0.00446	0.00527	0.00316	0.00331	0.00563	0.00818	0.01057	0.20508	0.26806	0.36289	0.00932	0.00437	0.00130	0.00199	0.08760	0.00344	0.00308
18	0.01067	0.00974	0.09531	0.04015	0.34201	0.00918	0.00896	0.34917	0.01158	0.05055	0.00809	0.03393	0.00632	0.00394	0.00356	0.00109	0.00411	0.00335	0.00262	0.00566
19	0.00966	0.63089	0.05388	0.00670	0.00952	0.12454	0.00638	0.01149	0.06019	0.00913	0.03079	0.00711	0.00589	0.00376	0.01638	0.00092	0.00418	0.00229	0.00177	0.00455
20	0.00750	0.05245	0.00798	0.00532	0.00847	0.00524	0.00432	0.00905	0.00737	0.01143	0.00626	0.00729	0.00524	0.00266	0.00262	0.00054	0.00270	0.00210	0.00208	0.84939
21	0.00927	0.00706	0.06009	0.04417	0.21058	0.00619	0.01908	0.07555	0.00909	0.19265	0.08345	0.12816	0.04759	0.00518	0.00369	0.00109	0.00330	0.00455	0.00294	0.08634
22	0.00872	0.00894	0.12825	0.02928	0.13626	0.04628	0.03317	0.07688	0.18798	0.06797	0.07798	0.08669	0.01062	0.00508	0.01407	0.00117	0.01310	0.00412	0.01123	0.05221
23	0.02570	0.00704	0.00842	0.00669	0.00923	0.00701	0.00545	0.20361	0.14242	0.46588	0.01387	0.01259	0.05307	0.00467	0.00358	0.00111	0.00311	0.00375	0.01704	0.00576
24	0.07367	0.43152	0.01391	0.00865	0.13504	0.05586	0.00646	0.04443	0.10595	0.02067	0.00763	0.06800	0.00685	0.00396	0.00289	0.00095	0.00369	0.00301	0.00211	0.00474

[dist]
# distance from previous block
# <min> <max>
3	45

[block]
# block no. 10 follows, 78 sequences, length 13
# corresponding to MSA columns:
# 996-1008
name=unknown_K
#
# <colnr> <probs for GDERKNQSTAVLIFYWHMCP>
#	G	D	E	R	K	N	Q	S	T	A	V	L	I	F	Y	W	H	M	C	P
