[name]
unknown

[dist]
# distance from previous block
# <min> <max>
0	36

[block]
# block no. 0 follows, 57 sequences, length 37
# corresponding to MSA columns:
# 36-72
name=unknown_A
#
# <colnr> <probs for GDERKNQSTAVLIFYWHMCP>
#	G	D	E	R	K	N	Q	S	T	A	V	L	I	F	Y	W	H	M	C	P
0	0.00667	0.00485	0.00662	0.00757	0.00836	0.00480	0.00615	0.00827	0.00979	0.01280	0.02500	0.30874	0.06284	0.01294	0.00621	0.00198	0.01794	0.48031	0.00415	0.00401
1	0.01254	0.01386	0.03701	0.02163	0.50385	0.22483	0.03882	0.01488	0.01088	0.01373	0.00807	0.01030	0.00673	0.00424	0.00454	0.00129	0.02091	0.00371	0.00228	0.04592
2	0.00677	0.00493	0.00604	0.00580	0.00663	0.00491	0.00408	0.00889	0.06575	0.01429	0.39644	0.03029	0.06134	0.27804	0.08388	0.00291	0.00386	0.00722	0.00398	0.00395
3	0.00596	0.00460	0.00544	0.00527	0.00650	0.00408	0.00394	0.00766	0.01170	0.01560	0.48027	0.05987	0.35215	0.01029	0.00536	0.00148	0.00221	0.00888	0.00465	0.00408
4	0.14254	0.00786	0.00996	0.00776	0.01117	0.00716	0.00641	0.02083	0.01222	0.70160	0.01622	0.01427	0.01031	0.00541	0.00431	0.00140	0.00381	0.00426	0.00521	0.00731
5	0.00552	0.00394	0.00526	0.00631	0.00657	0.00368	0.00421	0.00631	0.00868	0.01157	0.02498	0.83779	0.02997	0.01420	0.00578	0.00184	0.00263	0.01288	0.00421	0.00368
6	0.00564	0.00450	0.00506	0.00514	0.00635	0.00391	0.00377	0.00698	0.01068	0.01360	0.23114	0.17056	0.49392	0.01137	0.00542	0.00155	0.00231	0.00977	0.00440	0.00391
7	0.01723	0.01269	0.01360	0.01043	0.01405	0.01405	0.00861	0.79738	0.02131	0.02856	0.01088	0.01088	0.00771	0.00544	0.00453	0.00136	0.00499	0.00408	0.00453	0.00771
8	0.87276	0.00876	0.00666	0.00596	0.00876	0.01017	0.00491	0.01332	0.00771	0.02033	0.00631	0.00736	0.00491	0.00421	0.00280	0.00140	0.00351	0.00245	0.00280	0.00491
9	0.87276	0.00876	0.00666	0.00596	0.00876	0.01017	0.00491	0.01332	0.00771	0.02033	0.00631	0.00736	0.00491	0.00421	0.00280	0.00140	0.00351	0.00245	0.00280	0.00491
10	0.01122	0.01077	0.01839	0.02781	0.81248	0.01077	0.01391	0.01391	0.01032	0.01480	0.00852	0.01122	0.00718	0.00404	0.00449	0.00135	0.00538	0.00404	0.00224	0.00718
11	0.01211	0.84348	0.02374	0.00775	0.01163	0.01793	0.00775	0.01357	0.00921	0.01066	0.00630	0.00727	0.00582	0.00388	0.00291	0.00097	0.00485	0.00242	0.00194	0.00582
12	0.01723	0.01269	0.01360	0.01043	0.01405	0.01405	0.00861	0.79738	0.02131	0.02856	0.01088	0.01088	0.00771	0.00544	0.00453	0.00136	0.00499	0.00408	0.00453	0.00771
13	0.00724	0.00472	0.00494	0.00503	0.00560	0.02421	0.00329	0.00819	0.00837	0.01233	0.03728	0.12250	0.07352	0.36639	0.01227	0.00263	0.00332	0.00672	0.28794	0.00352
14	0.00653	0.00461	0.00606	0.00606	0.00644	0.00500	0.00413	0.00730	0.00692	0.00961	0.01326	0.02402	0.01403	0.45706	0.40341	0.00577	0.00808	0.00576	0.00259	0.00336
15	0.01684	0.01751	0.01302	0.01103	0.01388	0.46630	0.00860	0.34519	0.01640	0.01857	0.02502	0.00983	0.00738	0.00509	0.00430	0.00125	0.00671	0.00351	0.00331	0.00626
16	0.00609	0.00443	0.00529	0.00571	0.00669	0.00394	0.00411	0.00717	0.00978	0.04048	0.06893	0.40889	0.35511	0.01247	0.00556	0.00169	0.00257	0.04289	0.00429	0.00393
17	0.00629	0.00469	0.00625	0.00677	0.00732	0.00467	0.01617	0.02115	0.00908	0.01220	0.03891	0.57178	0.07734	0.05007	0.02158	0.00202	0.04075	0.07427	0.02481	0.00388
18	0.00996	0.01005	0.01466	0.01233	0.01261	0.01373	0.05758	0.01112	0.00717	0.01112	0.00614	0.01005	0.00600	0.00768	0.01429	0.00196	0.78244	0.00405	0.00200	0.00503
19	0.00930	0.00484	0.00497	0.00471	0.00599	0.00490	0.00360	0.05990	0.01033	0.03791	0.01462	0.01648	0.01136	0.00530	0.00329	0.00108	0.00234	0.00422	0.79036	0.00453
20	0.00687	0.00603	0.00768	0.03723	0.00915	0.04251	0.05196	0.00830	0.01003	0.01294	0.14468	0.32086	0.22273	0.01096	0.00596	0.00166	0.04695	0.04541	0.00393	0.00416
21	0.01419	0.02378	0.05045	0.07455	0.25872	0.03939	0.06787	0.09623	0.01216	0.25244	0.02614	0.03074	0.00930	0.00507	0.00474	0.00140	0.01794	0.00446	0.00353	0.00688
22	0.01434	0.01754	0.01567	0.02863	0.01591	0.52134	0.17355	0.01607	0.01152	0.01181	0.00785	0.03209	0.00673	0.00513	0.00565	0.00136	0.10328	0.00384	0.00233	0.00535
23	0.78141	0.03005	0.00784	0.00661	0.00944	0.06205	0.01979	0.01365	0.00813	0.01940	0.00641	0.00750	0.00502	0.00422	0.00294	0.00138	0.00391	0.00254	0.00274	0.00497
24	0.00976	0.00966	0.01347	0.01158	0.01158	0.01345	0.00959	0.01071	0.00692	0.01081	0.00633	0.01082	0.00643	0.04597	0.01524	0.00209	0.79464	0.00409	0.00202	0.00486
25	0.00958	0.05235	0.45144	0.15422	0.10530	0.01091	0.12534	0.01382	0.00970	0.01379	0.00823	0.01045	0.00611	0.00423	0.00445	0.00143	0.00650	0.00378	0.00202	0.00634
26	0.00593	0.00446	0.00555	0.00582	0.00674	0.00399	0.00413	0.00723	0.01023	0.01376	0.25538	0.41383	0.18299	0.01174	0.00546	0.00161	0.00246	0.01041	0.00436	0.04392
27	0.00679	0.00493	0.00599	0.00563	0.00696	0.00453	0.00425	0.00910	0.04499	0.04296	0.54948	0.03511	0.24313	0.00960	0.00529	0.00146	0.00230	0.00831	0.00479	0.00439
28	0.02033	0.00771	0.01052	0.00806	0.01157	0.00666	0.00666	0.02208	0.01297	0.81562	0.01788	0.01542	0.01122	0.00561	0.00456	0.00140	0.00386	0.00456	0.00561	0.00771
29	0.00678	0.00442	0.00575	0.00630	0.00695	0.00411	0.00435	0.00796	0.02300	0.06892	0.10122	0.62365	0.06147	0.04453	0.00628	0.00185	0.00274	0.01133	0.00433	0.00405
30	0.15273	0.00787	0.00992	0.00774	0.01113	0.00720	0.00639	0.02072	0.01215	0.69210	0.01608	0.01417	0.01024	0.00539	0.00428	0.00140	0.00380	0.00423	0.00517	0.00728
31	0.01670	0.02001	0.01281	0.01141	0.01391	0.69073	0.00867	0.10937	0.05033	0.01349	0.00798	0.00889	0.00642	0.00483	0.00416	0.00121	0.00759	0.00316	0.00270	0.00563
32	0.00552	0.00396	0.00524	0.00626	0.00656	0.00368	0.00418	0.00632	0.00872	0.01159	0.02558	0.81499	0.05238	0.01412	0.00577	0.00183	0.00262	0.01279	0.00421	0.00368
33	0.08617	0.00791	0.01129	0.09324	0.07469	0.00980	0.02238	0.01069	0.00781	0.02967	0.00914	0.01405	0.00846	0.06330	0.23223	0.00340	0.29372	0.01487	0.00236	0.00482
34	0.00967	0.00855	0.00952	0.00689	0.01086	0.03584	0.00549	0.01165	0.00952	0.01463	0.00802	0.00935	0.00668	0.00340	0.00338	0.00069	0.00353	0.00269	0.00267	0.83695
35	0.11571	0.01130	0.15355	0.02326	0.07662	0.00855	0.04333	0.06209	0.02311	0.13306	0.01109	0.02320	0.02943	0.00462	0.00401	0.00121	0.00447	0.00377	0.01806	0.24955
36	0.07770	0.15498	0.10224	0.03051	0.04316	0.04150	0.07530	0.07931	0.04141	0.06838	0.07079	0.04755	0.01068	0.00517	0.00425	0.00126	0.01605	0.00422	0.00305	0.12249

[dist]
# distance from previous block
# <min> <max>
0	74

[block]
# block no. 1 follows, 57 sequences, length 24
# corresponding to MSA columns:
# 151-174
name=unknown_B
#
# <colnr> <probs for GDERKNQSTAVLIFYWHMCP>
#	G	D	E	R	K	N	Q	S	T	A	V	L	I	F	Y	W	H	M	C	P
0	0.04122	0.07076	0.26904	0.01415	0.18682	0.02118	0.05506	0.04855	0.05130	0.01532	0.08670	0.01435	0.03782	0.02142	0.03096	0.00162	0.00550	0.00440	0.00272	0.02112
1	0.02817	0.28577	0.19715	0.02248	0.01641	0.03890	0.19102	0.02793	0.03149	0.03931	0.00850	0.01040	0.00679	0.00478	0.01476	0.00139	0.03847	0.01309	0.00233	0.02088
2	0.01022	0.32897	0.52162	0.01099	0.01664	0.01328	0.01339	0.01406	0.00943	0.01298	0.00745	0.00871	0.00577	0.00415	0.00378	0.00126	0.00601	0.00300	0.00192	0.00637
3	0.00611	0.00458	0.00568	0.00634	0.00709	0.00433	0.00455	0.02401	0.03486	0.01262	0.04346	0.54478	0.18173	0.01296	0.00567	0.00178	0.00279	0.08843	0.00424	0.00397
4	0.01340	0.58954	0.02041	0.00897	0.01230	0.24263	0.00810	0.01476	0.01016	0.01079	0.00649	0.00760	0.00583	0.00422	0.00359	0.00105	0.02990	0.00261	0.00205	0.00563
5	0.01723	0.01269	0.01360	0.01043	0.01405	0.01405	0.00861	0.79738	0.02131	0.02856	0.01088	0.01088	0.00771	0.00544	0.00453	0.00136	0.00499	0.00408	0.00453	0.00771
6	0.00655	0.00454	0.00567	0.00567	0.00592	0.00479	0.00365	0.00706	0.00680	0.00932	0.01361	0.02597	0.01488	0.59024	0.27139	0.00529	0.00680	0.00605	0.00265	0.00315
7	0.00718	0.00513	0.00716	0.00821	0.00920	0.00511	0.00709	0.00918	0.01031	0.01342	0.02406	0.10489	0.02634	0.01263	0.00623	0.00207	0.00407	0.72941	0.00417	0.00414
8	0.00651	0.00469	0.00646	0.00646	0.00698	0.00522	0.00463	0.00756	0.00704	0.00991	0.01289	0.02199	0.01315	0.31889	0.54037	0.00626	0.00940	0.00547	0.00254	0.00359
9	0.01070	0.01222	0.02674	0.01910	0.02368	0.01146	0.79603	0.01451	0.01070	0.01451	0.00917	0.01222	0.00688	0.00382	0.00535	0.00153	0.00764	0.00535	0.00229	0.00611
10	0.01147	0.00984	0.01036	0.00926	0.01186	0.01137	0.00722	0.05052	0.77752	0.01928	0.01818	0.01670	0.01362	0.00612	0.00461	0.00153	0.00363	0.00509	0.00461	0.00719
11	0.00632	0.00463	0.00593	0.00561	0.00672	0.00424	0.00421	0.00838	0.01262	0.01767	0.74614	0.03467	0.10702	0.00945	0.00535	0.00143	0.00215	0.00831	0.00492	0.00424
12	0.83704	0.00872	0.00682	0.00605	0.00888	0.01002	0.00498	0.01369	0.00793	0.05366	0.00679	0.00770	0.00517	0.00427	0.00288	0.00140	0.00352	0.00254	0.00292	0.00502
13	0.00957	0.00951	0.01420	0.01193	0.01241	0.01257	0.08634	0.01081	0.00736	0.01117	0.00749	0.03789	0.00750	0.04823	0.04305	0.00224	0.65617	0.00454	0.00214	0.00489
14	0.01337	0.37523	0.09147	0.02283	0.01409	0.07786	0.05273	0.19540	0.07087	0.03303	0.00890	0.00961	0.00701	0.00455	0.00382	0.00121	0.00537	0.00336	0.00286	0.00643
15	0.08950	0.00535	0.00609	0.00565	0.00730	0.00493	0.00433	0.00980	0.01122	0.11414	0.31579	0.07958	0.31076	0.00942	0.00504	0.00148	0.00256	0.00797	0.00453	0.00456
16	0.00564	0.00448	0.00506	0.00517	0.00636	0.00391	0.00378	0.00695	0.01062	0.01353	0.22383	0.18756	0.48420	0.01145	0.00543	0.00156	0.00232	0.00985	0.00439	0.00391
17	0.01167	0.07141	0.08164	0.03114	0.01325	0.03728	0.03189	0.12666	0.02750	0.06175	0.00897	0.01012	0.00702	0.00435	0.00454	0.00107	0.05884	0.00329	0.00295	0.40464
18	0.00651	0.00490	0.00678	0.00709	0.00765	0.00504	0.02688	0.01936	0.03162	0.01166	0.02019	0.51605	0.02311	0.08665	0.12561	0.02626	0.03428	0.03281	0.00365	0.00390
19	0.00636	0.00478	0.00689	0.00688	0.00775	0.00531	0.00530	0.00797	0.00818	0.01155	0.10564	0.04541	0.07454	0.02894	0.64572	0.00603	0.01000	0.00582	0.00290	0.00404
20	0.07132	0.02437	0.15000	0.03587	0.01443	0.00939	0.04951	0.15975	0.01311	0.37149	0.01284	0.01243	0.00858	0.00502	0.00436	0.00137	0.00478	0.00404	0.00414	0.04319
21	0.02358	0.11001	0.26732	0.06961	0.12396	0.01148	0.13499	0.06382	0.02162	0.06432	0.00907	0.01088	0.00687	0.00532	0.02857	0.00157	0.03420	0.00389	0.00249	0.00643
22	0.01460	0.00663	0.00812	0.00671	0.00915	0.00621	0.00537	0.07418	0.02579	0.40047	0.03310	0.04005	0.04257	0.00603	0.00416	0.00130	0.00321	0.00491	0.30125	0.00617
23	0.00760	0.00587	0.00684	0.00705	0.00816	0.00613	0.00510	0.03284	0.22538	0.01440	0.04820	0.45095	0.06450	0.03942	0.00592	0.00179	0.00301	0.03142	0.03065	0.00476

[dist]
# distance from previous block
# <min> <max>
0	2

[block]
# block no. 2 follows, 57 sequences, length 10
# corresponding to MSA columns:
# 177-186
name=unknown_C
#
# <colnr> <probs for GDERKNQSTAVLIFYWHMCP>
#	G	D	E	R	K	N	Q	S	T	A	V	L	I	F	Y	W	H	M	C	P
0	0.46551	0.16592	0.06643	0.02872	0.02770	0.03374	0.02361	0.04461	0.07870	0.01762	0.00784	0.00878	0.00616	0.00438	0.00331	0.00133	0.00435	0.00295	0.00275	0.00559
1	0.00582	0.00437	0.00539	0.00563	0.00653	0.00395	0.00403	0.00721	0.01069	0.01426	0.32973	0.32434	0.23830	0.01161	0.00550	0.00160	0.00235	0.01023	0.00450	0.00395
2	0.01033	0.00903	0.06237	0.00724	0.01139	0.00639	0.00623	0.01254	0.00972	0.08489	0.00892	0.00994	0.00704	0.00362	0.00352	0.00079	0.00362	0.00289	0.00289	0.73665
3	0.00567	0.00412	0.00525	0.00605	0.00650	0.00382	0.00411	0.00653	0.00892	0.01174	0.05477	0.63276	0.11954	0.07435	0.00700	0.00198	0.00275	0.03633	0.00413	0.00367
4	0.00675	0.00519	0.00741	0.00728	0.00787	0.00610	0.00552	0.00803	0.00721	0.01033	0.01249	0.05483	0.01246	0.15484	0.59333	0.00614	0.08239	0.00540	0.00252	0.00391
5	0.00914	0.00932	0.06594	0.65273	0.05406	0.01020	0.01222	0.04009	0.05703	0.01303	0.00895	0.01225	0.00671	0.00465	0.00449	0.00149	0.00579	0.00405	0.02246	0.00542
6	0.12259	0.00963	0.03356	0.16226	0.06661	0.01017	0.22687	0.01327	0.05912	0.04373	0.00920	0.02454	0.00742	0.00605	0.00702	0.08906	0.09661	0.00438	0.00253	0.00538
7	0.01195	0.04587	0.05224	0.00870	0.04030	0.00754	0.03314	0.03455	0.07328	0.21492	0.05407	0.06933	0.05948	0.00680	0.03155	0.00143	0.00412	0.00496	0.00380	0.24196
8	0.00537	0.00454	0.00464	0.00471	0.00615	0.00381	0.00350	0.00649	0.01021	0.01219	0.04439	0.10089	0.75434	0.01167	0.00539	0.00155	0.00232	0.00980	0.00421	0.00381
9	0.03915	0.04608	0.02248	0.06229	0.18915	0.05378	0.02393	0.05010	0.14367	0.06484	0.09706	0.07904	0.02629	0.00671	0.01520	0.00154	0.06398	0.00530	0.00340	0.00601

[dist]
# distance from previous block
# <min> <max>
4	6

[block]
# block no. 3 follows, 57 sequences, length 7
# corresponding to MSA columns:
# 193-199
name=unknown_D
#
# <colnr> <probs for GDERKNQSTAVLIFYWHMCP>
#	G	D	E	R	K	N	Q	S	T	A	V	L	I	F	Y	W	H	M	C	P
0	0.00967	0.01014	0.07236	0.03852	0.01537	0.00954	0.25292	0.06205	0.15241	0.01629	0.16623	0.06701	0.04157	0.00655	0.00569	0.00154	0.05682	0.00609	0.00348	0.00576
1	0.24249	0.05984	0.09556	0.05123	0.04680	0.06375	0.07237	0.10182	0.01117	0.15675	0.01000	0.03373	0.00756	0.00495	0.00426	0.00140	0.02315	0.00383	0.00323	0.00613
2	0.02823	0.00739	0.00942	0.22788	0.04416	0.05185	0.00767	0.06696	0.03517	0.03473	0.05419	0.31374	0.04462	0.00899	0.00507	0.00161	0.00424	0.04572	0.00352	0.00484
3	0.01195	0.23593	0.20547	0.00996	0.01364	0.17962	0.00977	0.07864	0.05659	0.01400	0.04743	0.01224	0.04868	0.00589	0.02403	0.00142	0.03243	0.00377	0.00265	0.00590
4	0.00647	0.00485	0.00728	0.00728	0.00809	0.00566	0.00566	0.00809	0.00728	0.01052	0.01214	0.01780	0.01133	0.03398	0.82279	0.00728	0.01214	0.00485	0.00243	0.00405
5	0.20612	0.09530	0.07057	0.05049	0.03020	0.01066	0.05450	0.08346	0.09961	0.08094	0.04353	0.03003	0.03069	0.02121	0.03125	0.00167	0.04641	0.00427	0.00325	0.00584
6	0.03160	0.03215	0.03632	0.00953	0.05316	0.00848	0.04007	0.10036	0.05622	0.11068	0.05896	0.05463	0.03561	0.04391	0.03805	0.00176	0.06452	0.06521	0.01743	0.14135

[dist]
# distance from previous block
# <min> <max>
1	81

[block]
# block no. 4 follows, 57 sequences, length 19
# corresponding to MSA columns:
# 281-299
name=unknown_E
#
# <colnr> <probs for GDERKNQSTAVLIFYWHMCP>
#	G	D	E	R	K	N	Q	S	T	A	V	L	I	F	Y	W	H	M	C	P
0	0.03729	0.12761	0.14748	0.03642	0.10000	0.02180	0.13974	0.04161	0.02042	0.11554	0.02852	0.05240	0.04776	0.00543	0.00460	0.00138	0.01757	0.01666	0.00298	0.03478
1	0.16114	0.18212	0.14532	0.01027	0.05792	0.07435	0.04603	0.05623	0.03596	0.05390	0.07548	0.02419	0.01012	0.02804	0.00466	0.00141	0.02027	0.00390	0.00286	0.00583
2	0.01197	0.80416	0.06179	0.00800	0.01201	0.01757	0.00818	0.01361	0.00922	0.01084	0.00639	0.00738	0.00581	0.00390	0.00297	0.00099	0.00493	0.00247	0.00194	0.00586
3	0.00909	0.02344	0.81727	0.01292	0.01961	0.01052	0.01674	0.01435	0.00957	0.01435	0.00813	0.00957	0.00574	0.00431	0.00431	0.00144	0.00670	0.00335	0.00191	0.00670
4	0.00888	0.00763	0.00798	0.00736	0.00948	0.00823	0.00567	0.01694	0.47881	0.01640	0.05501	0.02753	0.31513	0.00826	0.00492	0.00153	0.00305	0.00690	0.00447	0.00581
5	0.00909	0.02344	0.81727	0.01292	0.01961	0.01052	0.01674	0.01435	0.00957	0.01435	0.00813	0.00957	0.00574	0.00431	0.00431	0.00144	0.00670	0.00335	0.00191	0.00670
6	0.01358	0.43460	0.03357	0.01000	0.03525	0.04393	0.06052	0.25794	0.01325	0.01690	0.00832	0.00923	0.00671	0.00445	0.00369	0.00116	0.00515	0.00327	0.03207	0.00640
7	0.00588	0.00423	0.00566	0.00667	0.00714	0.00400	0.00482	0.00695	0.00909	0.01200	0.02544	0.64986	0.05424	0.01376	0.00587	0.00188	0.00294	0.17158	0.00420	0.00379
8	0.00655	0.00489	0.00647	0.00649	0.00722	0.00520	0.00475	0.00822	0.03706	0.01204	0.14547	0.12619	0.06923	0.17336	0.33121	0.00437	0.02334	0.02069	0.00333	0.00392
9	0.00945	0.04179	0.23909	0.08281	0.04725	0.02651	0.02017	0.03898	0.02315	0.01424	0.02010	0.06433	0.02474	0.00571	0.01760	0.00135	0.04335	0.01509	0.01808	0.24620
10	0.00559	0.00397	0.00524	0.00622	0.00646	0.00373	0.00411	0.00633	0.00854	0.01138	0.02427	0.78419	0.02907	0.06902	0.00693	0.00201	0.00275	0.01246	0.00411	0.00362
11	0.00551	0.00397	0.00523	0.00624	0.00655	0.00369	0.00417	0.00632	0.00874	0.01160	0.02585	0.80477	0.06244	0.01408	0.00577	0.00183	0.00262	0.01274	0.00421	0.00369
12	0.01082	0.01024	0.03112	0.18896	0.23573	0.02790	0.15350	0.09987	0.03213	0.02475	0.02639	0.05638	0.00937	0.00543	0.00519	0.01773	0.02215	0.01589	0.02039	0.00606
13	0.01174	0.08291	0.09356	0.21254	0.11224	0.08100	0.05060	0.08000	0.08684	0.06162	0.00967	0.01156	0.00743	0.00531	0.00534	0.04296	0.03201	0.00393	0.00273	0.00603
14	0.00646	0.00465	0.00579	0.00555	0.00673	0.00419	0.00414	0.00828	0.01200	0.03581	0.56896	0.08890	0.21176	0.00999	0.00536	0.00148	0.00225	0.00872	0.00478	0.00422
15	0.00873	0.00787	0.01322	0.01637	0.32470	0.00766	0.10082	0.01094	0.01017	0.01397	0.05795	0.18429	0.06871	0.00815	0.00521	0.00159	0.00449	0.13171	0.01798	0.00546
16	0.01210	0.09458	0.09085	0.16396	0.06900	0.04368	0.01877	0.04407	0.10381	0.16722	0.01296	0.05342	0.02431	0.06095	0.00583	0.00162	0.01882	0.00469	0.00331	0.00606
17	0.01329	0.09066	0.14686	0.05600	0.17414	0.04437	0.04782	0.04161	0.01087	0.21716	0.01121	0.01218	0.02504	0.00508	0.00535	0.00141	0.08321	0.00403	0.00310	0.00660
18	0.00973	0.00987	0.02406	0.01084	0.02745	0.07694	0.02314	0.02454	0.02281	0.01183	0.02640	0.03252	0.07256	0.03265	0.06549	0.00224	0.48779	0.03174	0.00252	0.00488

[dist]
# distance from previous block
# <min> <max>
0	1

[block]
# block no. 5 follows, 57 sequences, length 22
# corresponding to MSA columns:
# 301-322
name=unknown_F
#
# <colnr> <probs for GDERKNQSTAVLIFYWHMCP>
#	G	D	E	R	K	N	Q	S	T	A	V	L	I	F	Y	W	H	M	C	P
0	0.07327	0.31587	0.31162	0.00993	0.01448	0.01343	0.01089	0.06187	0.08656	0.01465	0.00875	0.01018	0.00700	0.00463	0.00402	0.00130	0.02459	0.01825	0.00245	0.00627
1	0.01203	0.00583	0.00760	0.00663	0.00868	0.00513	0.00515	0.01364	0.01186	0.35534	0.23449	0.15222	0.14487	0.00881	0.00508	0.00150	0.00297	0.00758	0.00501	0.00558
2	0.01256	0.03553	0.26122	0.02995	0.07426	0.32243	0.11847	0.01601	0.04509	0.01330	0.02444	0.01032	0.00713	0.00453	0.00439	0.00133	0.00702	0.00367	0.00233	0.00602
3	0.20428	0.00794	0.00968	0.00761	0.01096	0.00742	0.00628	0.02019	0.01183	0.64400	0.01538	0.01368	0.00986	0.00531	0.00418	0.00140	0.00378	0.00410	0.00500	0.00711
4	0.00622	0.00452	0.00585	0.00573	0.00670	0.00416	0.00422	0.00809	0.01204	0.01682	0.64561	0.15843	0.08434	0.01015	0.00541	0.00150	0.00222	0.00900	0.00482	0.00416
5	0.01472	0.01024	0.01070	0.00854	0.01137	0.03087	0.00694	0.51971	0.01733	0.05062	0.01217	0.01274	0.00893	0.00538	0.00412	0.00127	0.00418	0.00411	0.25944	0.00661
6	0.01185	0.00698	0.00838	0.00718	0.00934	0.00698	0.00565	0.08554	0.15487	0.21349	0.32334	0.02255	0.02360	0.00707	0.00473	0.00140	0.00307	0.00599	0.09204	0.00593
7	0.87276	0.00876	0.00666	0.00596	0.00876	0.01017	0.00491	0.01332	0.00771	0.02033	0.00631	0.00736	0.00491	0.00421	0.00280	0.00140	0.00351	0.00245	0.00280	0.00491
8	0.02033	0.00771	0.01052	0.00806	0.01157	0.00666	0.00666	0.02208	0.01297	0.81562	0.01788	0.01542	0.01122	0.00561	0.00456	0.00140	0.00386	0.00456	0.00561	0.00771
9	0.00536	0.00457	0.00461	0.00465	0.00614	0.00382	0.00347	0.00650	0.01027	0.01222	0.04518	0.07102	0.78370	0.01157	0.00537	0.00154	0.00231	0.00968	0.00421	0.00382
10	0.00560	0.00400	0.00534	0.00639	0.00669	0.00374	0.00434	0.00644	0.00875	0.01165	0.02493	0.80478	0.02981	0.01413	0.00580	0.00185	0.00269	0.04516	0.00420	0.00370
11	0.01723	0.01269	0.01360	0.01043	0.01405	0.01405	0.00861	0.79738	0.02131	0.02856	0.01088	0.01088	0.00771	0.00544	0.00453	0.00136	0.00499	0.00408	0.00453	0.00771
12	0.01389	0.01247	0.01201	0.01020	0.01284	0.13431	0.00810	0.26644	0.36986	0.02012	0.01327	0.01309	0.01002	0.00585	0.00538	0.00146	0.07543	0.00436	0.00402	0.00686
13	0.00647	0.00485	0.00728	0.00728	0.00809	0.00566	0.00566	0.00809	0.00728	0.01052	0.01214	0.01780	0.01133	0.03398	0.82279	0.00728	0.01214	0.00485	0.00243	0.00405
14	0.01070	0.01222	0.02674	0.01910	0.02368	0.01146	0.79603	0.01451	0.01070	0.01451	0.00917	0.01222	0.00688	0.00382	0.00535	0.00153	0.00764	0.00535	0.00229	0.00611
15	0.00856	0.00805	0.01359	0.82986	0.03121	0.01007	0.01258	0.01158	0.00906	0.01158	0.00805	0.01208	0.00604	0.00453	0.00453	0.00151	0.00604	0.00403	0.00201	0.00503
16	0.01038	0.00903	0.00938	0.00854	0.01076	0.03780	0.00658	0.02043	0.60632	0.01824	0.15476	0.03841	0.03583	0.00692	0.00476	0.00151	0.00345	0.00584	0.00458	0.00646
17	0.00856	0.00805	0.01359	0.82986	0.03121	0.01007	0.01258	0.01158	0.00906	0.01158	0.00805	0.01208	0.00604	0.00453	0.00453	0.00151	0.00604	0.00403	0.00201	0.00503
18	0.00633	0.00463	0.00594	0.00561	0.00672	0.00424	0.00421	0.00839	0.01263	0.01770	0.74967	0.03462	0.10348	0.00944	0.00535	0.00143	0.00215	0.00830	0.00493	0.00424
19	0.00909	0.02344	0.81727	0.01292	0.01961	0.01052	0.01674	0.01435	0.00957	0.01435	0.00813	0.00957	0.00574	0.00431	0.00431	0.00144	0.00670	0.00335	0.00191	0.00670
20	0.01493	0.08950	0.01415	0.01064	0.01327	0.24816	0.03437	0.29260	0.01436	0.04035	0.00898	0.01021	0.00706	0.00598	0.02324	0.00148	0.12155	0.00365	0.03936	0.00616
21	0.00634	0.00463	0.00596	0.00563	0.00673	0.00424	0.00422	0.00841	0.01266	0.01777	0.75800	0.03451	0.09511	0.00941	0.00535	0.00143	0.00215	0.00829	0.00493	0.00424

[dist]
# distance from previous block
# <min> <max>
1	6

[block]
# block no. 6 follows, 57 sequences, length 13
# corresponding to MSA columns:
# 329-341
name=unknown_G
#
# <colnr> <probs for GDERKNQSTAVLIFYWHMCP>
#	G	D	E	R	K	N	Q	S	T	A	V	L	I	F	Y	W	H	M	C	P
0	0.78765	0.00966	0.00747	0.00709	0.03716	0.06242	0.00547	0.01365	0.00813	0.01954	0.00643	0.00755	0.00505	0.00423	0.00295	0.00139	0.00387	0.00254	0.00275	0.00501
1	0.00552	0.00394	0.00526	0.00631	0.00657	0.00368	0.00421	0.00631	0.00868	0.01157	0.02498	0.83779	0.02997	0.01420	0.00578	0.00184	0.00263	0.01288	0.00421	0.00368
2	0.00952	0.00762	0.00898	0.00845	0.03991	0.00808	0.02186	0.03328	0.37120	0.04887	0.25876	0.02493	0.12435	0.00761	0.00493	0.00149	0.00318	0.00653	0.00457	0.00588
3	0.01179	0.00877	0.01000	0.00764	0.01098	0.00815	0.00615	0.23512	0.03004	0.06052	0.11480	0.01382	0.01231	0.00498	0.00403	0.00104	0.00363	0.00402	0.04256	0.40965
4	0.00557	0.00402	0.00523	0.00613	0.00649	0.00373	0.00411	0.00640	0.00884	0.01171	0.04897	0.73333	0.08279	0.04164	0.00632	0.00189	0.00265	0.01231	0.00418	0.00368
5	0.05683	0.00926	0.01107	0.00862	0.01201	0.00921	0.00709	0.25714	0.05292	0.47803	0.01516	0.01380	0.01000	0.00551	0.00443	0.00139	0.00412	0.00433	0.03161	0.00745
6	0.00663	0.00469	0.00679	0.00679	0.00739	0.00530	0.00504	0.00764	0.00704	0.00999	0.01204	0.01921	0.01177	0.15568	0.61985	0.09291	0.01013	0.00503	0.00243	0.00364
7	0.00552	0.00394	0.00526	0.00631	0.00657	0.00368	0.00421	0.00631	0.00868	0.01157	0.02498	0.83779	0.02997	0.01420	0.00578	0.00184	0.00263	0.01288	0.00421	0.00368
8	0.00787	0.00394	0.00590	0.00590	0.00590	0.00394	0.00394	0.00590	0.00590	0.00787	0.00787	0.01377	0.00787	0.01574	0.01771	0.86816	0.00394	0.00394	0.00197	0.00197
9	0.01039	0.03849	0.06120	0.05844	0.13562	0.01101	0.52722	0.01388	0.01044	0.01421	0.00993	0.01454	0.00815	0.00453	0.00512	0.00152	0.00686	0.05997	0.00238	0.00609
10	0.00777	0.00676	0.01087	0.45825	0.05063	0.00809	0.00945	0.01002	0.00835	0.01113	0.01035	0.04019	0.00932	0.09163	0.24455	0.00346	0.00753	0.00477	0.00228	0.00457
11	0.01179	0.29384	0.03215	0.00884	0.04047	0.10288	0.00738	0.06202	0.04413	0.01398	0.00797	0.00901	0.00667	0.00397	0.00347	0.00095	0.00466	0.00287	0.00256	0.34039
12	0.01017	0.01033	0.03571	0.03902	0.01841	0.02296	0.47527	0.03090	0.03052	0.05036	0.10784	0.04541	0.03773	0.02687	0.03579	0.00179	0.00634	0.00591	0.00300	0.00567

[dist]
# distance from previous block
# <min> <max>
0	40

[block]
# block no. 7 follows, 57 sequences, length 9
# corresponding to MSA columns:
# 382-390
name=unknown_H
#
# <colnr> <probs for GDERKNQSTAVLIFYWHMCP>
#	G	D	E	R	K	N	Q	S	T	A	V	L	I	F	Y	W	H	M	C	P
0	0.04975	0.03320	0.09923	0.02241	0.02972	0.02298	0.02302	0.11922	0.08660	0.24504	0.05729	0.10396	0.03504	0.00744	0.03072	0.00163	0.00451	0.00544	0.00413	0.01867
1	0.05260	0.10751	0.36536	0.05640	0.04347	0.01144	0.11271	0.06253	0.05311	0.04734	0.02648	0.01098	0.00750	0.00458	0.00446	0.00140	0.01934	0.00382	0.00254	0.00641
2	0.00565	0.00409	0.00547	0.00630	0.00671	0.00391	0.00432	0.00661	0.00883	0.01185	0.06670	0.68529	0.05955	0.01571	0.08363	0.00232	0.00350	0.01173	0.00408	0.00375
3	0.00608	0.00434	0.00589	0.00685	0.00734	0.00421	0.00506	0.00723	0.00901	0.01196	0.02373	0.55857	0.02757	0.04448	0.04433	0.00225	0.00355	0.21968	0.00406	0.00380
4	0.11625	0.13938	0.05205	0.17348	0.03746	0.03699	0.05937	0.06901	0.08425	0.08361	0.02212	0.04440	0.02227	0.00588	0.02220	0.00152	0.01660	0.00427	0.00302	0.00586
5	0.01044	0.39091	0.46168	0.01060	0.01604	0.01384	0.01271	0.01400	0.00941	0.01270	0.00731	0.00854	0.00577	0.00411	0.00368	0.00123	0.00587	0.00293	0.00192	0.00630
6	0.00698	0.00505	0.00690	0.00786	0.00887	0.00496	0.00671	0.00887	0.01026	0.01327	0.02579	0.12552	0.08756	0.01260	0.00614	0.00202	0.00388	0.64851	0.00418	0.00410
7	0.08514	0.05262	0.05856	0.02461	0.02762	0.02277	0.02766	0.02743	0.01093	0.19874	0.12155	0.05692	0.09160	0.00657	0.00429	0.00135	0.00358	0.00543	0.16715	0.00548
8	0.04881	0.02704	0.16300	0.03494	0.03762	0.06255	0.03035	0.09851	0.01204	0.20140	0.11937	0.08615	0.01470	0.03686	0.00528	0.00154	0.00471	0.00531	0.00378	0.00607

[dist]
# distance from previous block
# <min> <max>
0	15

[block]
# block no. 8 follows, 57 sequences, length 16
# corresponding to MSA columns:
# 406-421
name=unknown_I
#
# <colnr> <probs for GDERKNQSTAVLIFYWHMCP>
#	G	D	E	R	K	N	Q	S	T	A	V	L	I	F	Y	W	H	M	C	P
0	0.07647	0.00748	0.00866	0.00715	0.00970	0.02945	0.00573	0.09288	0.01261	0.34417	0.15348	0.03066	0.05368	0.00689	0.01857	0.00145	0.00360	0.00522	0.10564	0.02650
1	0.54440	0.02682	0.01069	0.05106	0.10768	0.03649	0.05930	0.06347	0.00932	0.01854	0.00740	0.00927	0.00593	0.02843	0.00400	0.00148	0.00443	0.00315	0.00274	0.00541
2	0.00691	0.00513	0.00767	0.00757	0.00857	0.00492	0.07977	0.00852	0.00961	0.01339	0.09168	0.36416	0.02497	0.05927	0.00648	0.00188	0.00344	0.17927	0.11271	0.00409
3	0.01098	0.42562	0.28687	0.01009	0.01463	0.04384	0.03471	0.01437	0.05171	0.01268	0.03046	0.00955	0.00730	0.00442	0.00395	0.00122	0.02614	0.00318	0.00218	0.00610
4	0.01920	0.00832	0.01077	0.00831	0.01172	0.00767	0.00684	0.13913	0.01423	0.65848	0.05423	0.01560	0.01217	0.00576	0.00459	0.00140	0.00395	0.00466	0.00542	0.00755
5	0.00770	0.00695	0.01094	0.56425	0.02324	0.00813	0.00978	0.01028	0.00988	0.01277	0.14699	0.02062	0.13782	0.00640	0.00479	0.00150	0.00481	0.00558	0.00285	0.00472
6	0.00548	0.00434	0.00493	0.00533	0.00633	0.00379	0.00379	0.00654	0.00982	0.01230	0.07979	0.35497	0.46174	0.01242	0.00552	0.00165	0.00242	0.01079	0.00425	0.00379
7	0.00559	0.00460	0.00492	0.00484	0.00627	0.00393	0.00363	0.00696	0.01089	0.01357	0.21696	0.04142	0.63876	0.01098	0.00535	0.00151	0.00226	0.00926	0.00438	0.00393
8	0.01122	0.01077	0.01839	0.02781	0.81248	0.01077	0.01391	0.01391	0.01032	0.01480	0.00852	0.01122	0.00718	0.00404	0.00449	0.00135	0.00538	0.00404	0.00224	0.00718
9	0.00653	0.00488	0.00610	0.00579	0.00696	0.00459	0.00434	0.00910	0.05524	0.01736	0.65912	0.05965	0.12428	0.00949	0.00532	0.00146	0.00225	0.00833	0.00486	0.00436
10	0.02019	0.00794	0.01066	0.00817	0.01168	0.00700	0.00675	0.05804	0.01336	0.77912	0.01755	0.01521	0.01105	0.00560	0.00456	0.00140	0.00391	0.00453	0.00556	0.00771
11	0.28915	0.00985	0.01041	0.00825	0.01158	0.01046	0.00681	0.30091	0.01433	0.27788	0.01167	0.01122	0.00794	0.00510	0.00399	0.00139	0.00416	0.00372	0.00433	0.00682
12	0.29427	0.00685	0.02393	0.00600	0.00826	0.00657	0.00489	0.01157	0.01008	0.13732	0.11257	0.04879	0.28143	0.00788	0.00440	0.00147	0.00306	0.02178	0.00399	0.00489
13	0.83689	0.00937	0.04033	0.00625	0.00921	0.01018	0.00540	0.01336	0.00779	0.02008	0.00639	0.00745	0.00494	0.00421	0.00287	0.00140	0.00364	0.00249	0.00277	0.00498
14	0.00557	0.00402	0.00528	0.00628	0.00663	0.00374	0.00426	0.00642	0.00882	0.01167	0.02613	0.76814	0.07416	0.01399	0.00577	0.00183	0.00266	0.03672	0.00421	0.00370
15	0.03504	0.48790	0.01905	0.01041	0.08582	0.11428	0.02921	0.01450	0.07123	0.01224	0.00910	0.04936	0.00841	0.00496	0.00364	0.00118	0.00512	0.03030	0.00244	0.00580

[dist]
# distance from previous block
# <min> <max>
0	1

[block]
# block no. 9 follows, 57 sequences, length 12
# corresponding to MSA columns:
# 423-434
name=unknown_J
#
# <colnr> <probs for GDERKNQSTAVLIFYWHMCP>
#	G	D	E	R	K	N	Q	S	T	A	V	L	I	F	Y	W	H	M	C	P
0	0.01098	0.11742	0.37845	0.02641	0.05959	0.01074	0.08123	0.04674	0.03200	0.08759	0.05518	0.01182	0.00889	0.00465	0.00429	0.00134	0.00563	0.00389	0.00270	0.05044
1	0.07468	0.08894	0.06680	0.10345	0.08581	0.05505	0.03840	0.24218	0.15120	0.01887	0.01072	0.02578	0.00829	0.00508	0.00428	0.00138	0.00511	0.00407	0.00332	0.00657
2	0.00898	0.06980	0.01146	0.00928	0.00977	0.01059	0.00749	0.02499	0.00765	0.01091	0.01057	0.04847	0.02682	0.16294	0.04086	0.04053	0.43816	0.05389	0.00245	0.00438
3	0.00551	0.00399	0.00521	0.00619	0.00654	0.00369	0.00415	0.00632	0.00879	0.01162	0.02647	0.78094	0.08586	0.01400	0.00575	0.00182	0.00261	0.01264	0.00421	0.00369
4	0.42964	0.00734	0.00664	0.00626	0.00777	0.05528	0.00467	0.01026	0.00729	0.01426	0.00771	0.03447	0.00715	0.02908	0.00943	0.34918	0.00395	0.00347	0.00248	0.00366
5	0.03191	0.01273	0.19719	0.05175	0.34794	0.00989	0.07374	0.03039	0.03555	0.04417	0.01109	0.05271	0.00963	0.00539	0.00468	0.00148	0.00549	0.06512	0.00267	0.00648
6	0.01529	0.10188	0.01412	0.04826	0.04328	0.15601	0.00860	0.39896	0.08411	0.04043	0.01034	0.01080	0.00775	0.00507	0.00424	0.00129	0.00537	0.00378	0.01945	0.02099
7	0.00588	0.00430	0.00554	0.00589	0.00661	0.00395	0.00417	0.00728	0.01059	0.01444	0.36050	0.42291	0.10744	0.01185	0.00556	0.00164	0.00239	0.01058	0.00454	0.00395
8	0.04711	0.00944	0.03310	0.00949	0.04550	0.00864	0.03655	0.11556	0.11870	0.31629	0.01346	0.01295	0.00940	0.00493	0.00425	0.00125	0.00412	0.00405	0.00422	0.20099
9	0.06215	0.11983	0.24850	0.01113	0.01536	0.02904	0.10944	0.16335	0.03824	0.04765	0.05830	0.01249	0.00940	0.00504	0.00450	0.00138	0.02115	0.01702	0.01966	0.00635
10	0.04526	0.04365	0.05472	0.05027	0.01102	0.02167	0.02855	0.01140	0.01036	0.11839	0.06744	0.09128	0.14846	0.02734	0.00542	0.00163	0.00395	0.19256	0.00380	0.06281
11	0.01059	0.03639	0.05708	0.10380	0.07055	0.03198	0.11215	0.03144	0.02929	0.12042	0.01221	0.07080	0.01080	0.11522	0.11912	0.00263	0.03336	0.00518	0.00299	0.02401

[dist]
# distance from previous block
# <min> <max>
2	10

[block]
# block no. 10 follows, 57 sequences, length 8
# corresponding to MSA columns:
# 445-448,451-454
name=unknown_K
#
# <colnr> <probs for GDERKNQSTAVLIFYWHMCP>
#	G	D	E	R	K	N	Q	S	T	A	V	L	I	F	Y	W	H	M	C	P
0	0.00582	0.00422	0.00547	0.00614	0.00670	0.00392	0.00431	0.00695	0.00963	0.01290	0.17384	0.54809	0.09351	0.03959	0.00625	0.00184	0.00266	0.06004	0.00430	0.00380
1	0.00982	0.07070	0.13802	0.05186	0.10905	0.00879	0.07349	0.01324	0.07061	0.07764	0.12148	0.09589	0.03996	0.00675	0.00495	0.00147	0.02305	0.03824	0.03927	0.00573
2	0.08712	0.01055	0.01420	0.23986	0.31224	0.08371	0.01110	0.06022	0.03342	0.04088	0.00932	0.04068	0.00769	0.00490	0.00462	0.00142	0.02521	0.00416	0.00262	0.00609
3	0.08965	0.00589	0.00735	0.04619	0.00944	0.00581	0.00549	0.05243	0.01039	0.17259	0.04567	0.42603	0.05234	0.01032	0.00513	0.00166	0.00328	0.04114	0.00429	0.00491
4	0.01192	0.01262	0.05235	0.01055	0.04304	0.26644	0.00831	0.08772	0.03326	0.03634	0.01443	0.15236	0.01450	0.00816	0.00571	0.00158	0.06722	0.16492	0.00333	0.00526
5	0.05796	0.04521	0.04451	0.29514	0.17522	0.04216	0.10978	0.07450	0.01076	0.05841	0.00943	0.04009	0.00752	0.00476	0.00448	0.00143	0.00571	0.00432	0.00261	0.00599
6	0.00949	0.00774	0.01221	0.23466	0.23757	0.00806	0.01011	0.01185	0.00996	0.06217	0.01411	0.09583	0.01366	0.00716	0.00497	0.00157	0.00480	0.19038	0.00305	0.06065
7	0.00660	0.00459	0.00614	0.00626	0.00668	0.00492	0.00439	0.00735	0.00719	0.00990	0.01417	0.06568	0.01511	0.36446	0.35952	0.05006	0.00755	0.05331	0.00273	0.00339

[dist]
# distance from previous block
# <min> <max>
1	16

[block]
# block no. 11 follows, 57 sequences, length 20
# corresponding to MSA columns:
# 471-490
name=unknown_L
#
# <colnr> <probs for GDERKNQSTAVLIFYWHMCP>
#	G	D	E	R	K	N	Q	S	T	A	V	L	I	F	Y	W	H	M	C	P
0	0.40173	0.00728	0.00717	0.00643	0.00859	0.00779	0.00507	0.06827	0.01067	0.08871	0.23302	0.10624	0.01891	0.00691	0.00411	0.00145	0.00317	0.00549	0.00393	0.00504
1	0.01453	0.01034	0.01246	0.01038	0.01208	0.08514	0.00855	0.07746	0.01072	0.28033	0.01091	0.01283	0.00840	0.00679	0.00939	0.00167	0.39245	0.02599	0.00349	0.00610
2	0.00705	0.00512	0.00617	0.00576	0.00720	0.00463	0.00438	0.03621	0.01203	0.04305	0.45147	0.07422	0.25610	0.00973	0.00526	0.00146	0.00246	0.02582	0.00463	0.03726
3	0.00823	0.00444	0.00522	0.00542	0.00640	0.00421	0.00391	0.00974	0.00952	0.08693	0.02041	0.34565	0.05160	0.00912	0.00443	0.00142	0.00248	0.00793	0.40863	0.00431
4	0.87276	0.00876	0.00666	0.00596	0.00876	0.01017	0.00491	0.01332	0.00771	0.02033	0.00631	0.00736	0.00491	0.00421	0.00280	0.00140	0.00351	0.00245	0.00280	0.00491
5	0.00909	0.02344	0.81727	0.01292	0.01961	0.01052	0.01674	0.01435	0.00957	0.01435	0.00813	0.00957	0.00574	0.00431	0.00431	0.00144	0.00670	0.00335	0.00191	0.00670
6	0.87276	0.00876	0.00666	0.00596	0.00876	0.01017	0.00491	0.01332	0.00771	0.02033	0.00631	0.00736	0.00491	0.00421	0.00280	0.00140	0.00351	0.00245	0.00280	0.00491
7	0.87276	0.00876	0.00666	0.00596	0.00876	0.01017	0.00491	0.01332	0.00771	0.02033	0.00631	0.00736	0.00491	0.00421	0.00280	0.00140	0.00351	0.00245	0.00280	0.00491
8	0.00909	0.02344	0.81727	0.01292	0.01961	0.01052	0.01674	0.01435	0.00957	0.01435	0.00813	0.00957	0.00574	0.00431	0.00431	0.00144	0.00670	0.00335	0.00191	0.00670
9	0.00654	0.00458	0.00588	0.00588	0.00620	0.00490	0.00391	0.00719	0.00687	0.00948	0.01342	0.02491	0.01442	0.51804	0.34296	0.00555	0.00749	0.00590	0.00262	0.00327
10	0.00909	0.02344	0.81727	0.01292	0.01961	0.01052	0.01674	0.01435	0.00957	0.01435	0.00813	0.00957	0.00574	0.00431	0.00431	0.00144	0.00670	0.00335	0.00191	0.00670
11	0.01198	0.01009	0.01065	0.00937	0.01205	0.01160	0.00734	0.11667	0.71055	0.02011	0.01754	0.01618	0.01310	0.00606	0.00460	0.00152	0.00375	0.00500	0.00460	0.00724
12	0.00597	0.00427	0.00553	0.00631	0.00686	0.00402	0.00452	0.00706	0.00927	0.01234	0.07796	0.53080	0.09725	0.05859	0.00668	0.00195	0.00289	0.13022	0.02376	0.00377
13	0.00949	0.00611	0.00757	0.00676	0.00850	0.00603	0.00521	0.01369	0.17044	0.13923	0.53235	0.02768	0.03221	0.00809	0.00508	0.00144	0.00269	0.00703	0.00501	0.00537
14	0.00592	0.00428	0.00553	0.00606	0.00666	0.00399	0.00426	0.00712	0.00989	0.01333	0.23558	0.46772	0.09023	0.06297	0.00672	0.00188	0.00267	0.05706	0.00432	0.00382
15	0.08276	0.68238	0.02157	0.02811	0.01238	0.06287	0.03188	0.01379	0.00933	0.01162	0.00647	0.00760	0.00578	0.00396	0.00308	0.00105	0.00504	0.00258	0.00204	0.00570
16	0.43736	0.00780	0.00735	0.00631	0.00889	0.00842	0.00512	0.06826	0.02631	0.16667	0.01098	0.01151	0.00801	0.00484	0.00337	0.00132	0.00335	0.00342	0.20520	0.00550
17	0.00951	0.00822	0.00994	0.00798	0.05876	0.00632	0.00588	0.01156	0.00945	0.01477	0.00808	0.00951	0.00674	0.00340	0.00342	0.00071	0.00348	0.00277	0.00266	0.81687
18	0.18714	0.03749	0.00856	0.09139	0.02962	0.02847	0.00586	0.05880	0.02537	0.06290	0.01426	0.16114	0.04141	0.18780	0.00833	0.00209	0.00408	0.00594	0.00326	0.03609
19	0.02233	0.00628	0.02647	0.04094	0.00858	0.00620	0.02074	0.06919	0.02491	0.05313	0.04510	0.02199	0.02993	0.37353	0.04669	0.09506	0.02195	0.00548	0.06353	0.01797

[dist]
# distance from previous block
# <min> <max>
15	20

[block]
# block no. 12 follows, 57 sequences, length 10
# corresponding to MSA columns:
# 515-524
name=unknown_M
#
# <colnr> <probs for GDERKNQSTAVLIFYWHMCP>
#	G	D	E	R	K	N	Q	S	T	A	V	L	I	F	Y	W	H	M	C	P
0	0.44500	0.13604	0.01089	0.00736	0.01041	0.06732	0.00620	0.11053	0.01065	0.11376	0.00861	0.00915	0.00645	0.00455	0.00334	0.00130	0.00420	0.00300	0.03553	0.00572
1	0.59013	0.08258	0.04470	0.00756	0.01076	0.01101	0.04900	0.03561	0.07746	0.01885	0.00777	0.00869	0.00603	0.00434	0.00324	0.00136	0.00403	0.00293	0.00286	0.03110
2	0.00925	0.00660	0.00859	0.04735	0.01007	0.00664	0.03554	0.10540	0.07069	0.06931	0.48538	0.02646	0.05232	0.00783	0.00502	0.00142	0.00310	0.00683	0.03700	0.00521
3	0.03736	0.00755	0.00915	0.00766	0.00993	0.00774	0.00603	0.12862	0.08635	0.29515	0.03813	0.01742	0.01234	0.12240	0.10334	0.00249	0.02490	0.00486	0.07255	0.00603
4	0.01010	0.04879	0.00947	0.00800	0.00926	0.10117	0.00617	0.07564	0.03682	0.04108	0.06117	0.01529	0.01112	0.04048	0.23022	0.21548	0.06818	0.00442	0.00278	0.00435
5	0.04126	0.00559	0.00688	0.00665	0.00805	0.00529	0.00487	0.03654	0.04719	0.13636	0.11592	0.41324	0.05922	0.04198	0.00585	0.00170	0.00300	0.00912	0.00436	0.04692
6	0.01025	0.00927	0.01394	0.35131	0.16811	0.04218	0.04631	0.05677	0.02982	0.04117	0.01078	0.07670	0.00951	0.00593	0.00554	0.00155	0.07115	0.04140	0.00268	0.00563
7	0.00623	0.00466	0.00565	0.00594	0.00678	0.00433	0.00420	0.00766	0.03395	0.01265	0.13313	0.34027	0.17475	0.14091	0.00823	0.00208	0.00294	0.06354	0.00404	0.03806
8	0.06527	0.11739	0.05622	0.12544	0.23643	0.08671	0.03471	0.02726	0.03721	0.02675	0.07161	0.05607	0.01086	0.00525	0.00428	0.00135	0.00512	0.00447	0.02174	0.00587
9	0.13157	0.07625	0.05357	0.02386	0.12537	0.03089	0.00751	0.06867	0.03918	0.05837	0.23279	0.01893	0.06072	0.00766	0.04437	0.00166	0.00433	0.00517	0.00358	0.00556

[dist]
# distance from previous block
# <min> <max>
0	1

[block]
# block no. 13 follows, 57 sequences, length 8
# corresponding to MSA columns:
# 526-533
name=unknown_N
#
# <colnr> <probs for GDERKNQSTAVLIFYWHMCP>
#	G	D	E	R	K	N	Q	S	T	A	V	L	I	F	Y	W	H	M	C	P
0	0.01127	0.01201	0.14650	0.15710	0.12806	0.04188	0.04849	0.11779	0.06496	0.06051	0.04223	0.01480	0.02493	0.00568	0.00525	0.01779	0.03702	0.03526	0.02232	0.00615
1	0.00667	0.00558	0.04859	0.00618	0.00722	0.00479	0.00473	0.00862	0.04137	0.01400	0.26177	0.24643	0.05561	0.14563	0.04867	0.00229	0.00343	0.00837	0.07597	0.00408
2	0.03842	0.02782	0.19778	0.03195	0.08091	0.00782	0.06037	0.02496	0.02584	0.06856	0.30299	0.04813	0.03672	0.00720	0.01952	0.00154	0.00442	0.00587	0.00359	0.00558
3	0.04334	0.21148	0.24991	0.03829	0.01427	0.01048	0.04096	0.01283	0.00958	0.04329	0.01141	0.04545	0.05062	0.00521	0.00401	0.00124	0.00493	0.03996	0.00256	0.16015
4	0.04530	0.01111	0.03767	0.14547	0.45323	0.05273	0.04336	0.05537	0.01073	0.04397	0.00870	0.01108	0.00693	0.00434	0.00461	0.00137	0.02180	0.00392	0.00248	0.03583
5	0.05686	0.07865	0.26360	0.01156	0.07136	0.04693	0.04683	0.02652	0.06062	0.06618	0.03082	0.01201	0.00843	0.00534	0.01913	0.00143	0.04538	0.02071	0.00272	0.12493
6	0.04699	0.11186	0.12998	0.04197	0.04520	0.05973	0.04468	0.08701	0.06600	0.04533	0.05279	0.10335	0.03740	0.00625	0.00496	0.00140	0.05110	0.00504	0.00312	0.05586
7	0.06529	0.06949	0.12965	0.02770	0.03050	0.00914	0.02683	0.12210	0.03737	0.02801	0.07928	0.04902	0.07723	0.02276	0.00529	0.02077	0.02923	0.01900	0.01626	0.13509

[dist]
# distance from previous block
# <min> <max>
29	79

[block]
# block no. 14 follows, 57 sequences, length 8
# corresponding to MSA columns:
# 625-627,630-634
name=unknown_O
#
# <colnr> <probs for GDERKNQSTAVLIFYWHMCP>
#	G	D	E	R	K	N	Q	S	T	A	V	L	I	F	Y	W	H	M	C	P
0	0.00943	0.00807	0.01238	0.05232	0.04440	0.02708	0.16539	0.04413	0.10160	0.03200	0.02607	0.14482	0.04415	0.05037	0.02987	0.12635	0.05615	0.00621	0.01432	0.00490
1	0.00694	0.00440	0.00586	0.00614	0.00654	0.00436	0.00421	0.00737	0.04985	0.01077	0.06882	0.28346	0.05656	0.07939	0.02820	0.34283	0.00351	0.02436	0.00325	0.00318
2	0.01199	0.00854	0.00976	0.00841	0.01041	0.03543	0.00664	0.17212	0.15820	0.11637	0.07113	0.01687	0.01306	0.06526	0.14753	0.00264	0.07204	0.00489	0.06285	0.00587
3	0.00665	0.00498	0.00577	0.00563	0.00673	0.00468	0.00410	0.04910	0.01084	0.01424	0.26298	0.09202	0.29069	0.16754	0.00874	0.00208	0.00292	0.05215	0.00418	0.00397
4	0.05750	0.03310	0.01104	0.00952	0.05619	0.02276	0.00716	0.33069	0.05480	0.08036	0.10566	0.07900	0.03444	0.03948	0.00561	0.00154	0.02954	0.00541	0.02999	0.00623
5	0.07086	0.01478	0.03324	0.00971	0.01244	0.38131	0.00770	0.10664	0.01294	0.14820	0.05537	0.03766	0.00994	0.00626	0.02905	0.00145	0.00611	0.00397	0.00338	0.04901
6	0.03738	0.06914	0.07053	0.03248	0.04538	0.04015	0.00709	0.09695	0.05636	0.03120	0.12739	0.19173	0.12102	0.00848	0.00510	0.00151	0.02409	0.02508	0.00374	0.00522
