[name]
unknown

[dist]
# distance from previous block
# <min> <max>
0	353

[block]
# block no. 0 follows, 71 sequences, length 36
# corresponding to MSA columns:
# 354-389
name=unknown_A
#
# <colnr> <probs for GDERKNQSTAVLIFYWHMCP>
#	G	D	E	R	K	N	Q	S	T	A	V	L	I	F	Y	W	H	M	C	P
0	0.01783	0.10883	0.17808	0.01011	0.03854	0.06946	0.15657	0.06684	0.07220	0.08835	0.03335	0.05864	0.00948	0.00495	0.00392	0.00123	0.00469	0.06909	0.00266	0.00520
1	0.03568	0.10705	0.14978	0.02265	0.05930	0.02321	0.07287	0.14741	0.00973	0.07302	0.01131	0.03730	0.08200	0.06400	0.02268	0.00146	0.05473	0.00401	0.00259	0.01922
2	0.00551	0.05057	0.00560	0.00521	0.00609	0.00451	0.00376	0.00736	0.09272	0.01070	0.06400	0.44033	0.22956	0.04937	0.00522	0.00151	0.00239	0.00860	0.00347	0.00353
3	0.00784	0.00709	0.01173	0.31905	0.28303	0.00765	0.04942	0.00994	0.00822	0.03503	0.02538	0.02670	0.11295	0.02102	0.04339	0.00151	0.01881	0.00431	0.00220	0.00472
4	0.02839	0.11442	0.28355	0.01293	0.14465	0.00984	0.19225	0.08010	0.00938	0.07717	0.00774	0.00902	0.00575	0.00364	0.00373	0.00117	0.00512	0.00332	0.00218	0.00564
5	0.00844	0.00750	0.01933	0.15118	0.32399	0.00766	0.05024	0.06475	0.05606	0.03691	0.01326	0.14041	0.09255	0.00561	0.00409	0.00126	0.00400	0.00512	0.00261	0.00505
6	0.00550	0.00400	0.00561	0.00560	0.00611	0.00448	0.00411	0.00652	0.00614	0.00870	0.03476	0.01809	0.01150	0.24808	0.60720	0.00538	0.00830	0.00458	0.00219	0.00314
7	0.00953	0.04013	0.32026	0.02328	0.08135	0.04700	0.09849	0.06058	0.10785	0.08229	0.04161	0.01181	0.04984	0.00438	0.00385	0.00120	0.00473	0.00375	0.00255	0.00552
8	0.02210	0.10308	0.15120	0.01357	0.28053	0.02363	0.05151	0.09208	0.04200	0.14053	0.00914	0.03816	0.00712	0.00412	0.00369	0.00115	0.00444	0.00355	0.00259	0.00580
9	0.01480	0.00639	0.00850	0.00702	0.02610	0.00584	0.00555	0.04200	0.05500	0.63369	0.02873	0.05098	0.02571	0.00630	0.04289	0.00143	0.00350	0.00430	0.02526	0.00602
10	0.58784	0.03563	0.01599	0.00702	0.03335	0.20555	0.00547	0.02707	0.00785	0.01487	0.00561	0.00661	0.00449	0.00374	0.00297	0.00114	0.02593	0.00227	0.00225	0.00436
11	0.00905	0.01034	0.02262	0.01616	0.02004	0.00970	0.82741	0.01228	0.00905	0.01228	0.00776	0.01034	0.00582	0.00323	0.00452	0.00129	0.00646	0.00452	0.00194	0.00517
12	0.27958	0.12709	0.16197	0.00754	0.01069	0.03043	0.02393	0.15119	0.04565	0.05130	0.00810	0.05398	0.00658	0.00428	0.00321	0.00114	0.00397	0.00316	0.00260	0.02360
13	0.00914	0.00935	0.01447	0.01155	0.01277	0.04783	0.22099	0.02984	0.00730	0.02664	0.00607	0.00894	0.00535	0.00560	0.00971	0.00153	0.56285	0.00363	0.00187	0.00456
14	0.00502	0.00365	0.00473	0.00501	0.00562	0.00336	0.00355	0.00625	0.00909	0.01246	0.40896	0.41772	0.08053	0.00990	0.00470	0.00138	0.00201	0.00885	0.00387	0.00336
15	0.00549	0.00368	0.00435	0.00446	0.00457	0.00366	0.00268	0.00558	0.00591	0.00786	0.01387	0.11977	0.05077	0.63534	0.06166	0.05552	0.00380	0.00608	0.00247	0.00247
16	0.02789	0.11781	0.09873	0.02481	0.16138	0.04520	0.05597	0.02857	0.22140	0.13277	0.01013	0.01052	0.00760	0.00424	0.00398	0.00118	0.03587	0.00348	0.00280	0.00570
17	0.00654	0.00541	0.00715	0.01757	0.00692	0.02224	0.04844	0.00705	0.00600	0.00825	0.01003	0.01946	0.01100	0.54582	0.07997	0.00326	0.18488	0.00485	0.00213	0.00302
18	0.00569	0.00373	0.00529	0.00540	0.00575	0.00397	0.00383	0.00597	0.00611	0.00846	0.04242	0.13601	0.01265	0.13951	0.35723	0.24173	0.00602	0.00517	0.00228	0.00276
19	0.01003	0.54343	0.18958	0.04505	0.01219	0.09445	0.00838	0.02741	0.00834	0.01007	0.00587	0.00689	0.00496	0.00346	0.00289	0.00094	0.00473	0.00234	0.00172	0.01725
20	0.03819	0.09916	0.11585	0.03026	0.07751	0.01036	0.08654	0.25622	0.15908	0.02740	0.00933	0.01010	0.00707	0.00548	0.04927	0.00144	0.00471	0.00349	0.00283	0.00571
21	0.00471	0.00335	0.00444	0.00529	0.00550	0.00314	0.00350	0.00535	0.00726	0.00968	0.02072	0.82415	0.02483	0.05133	0.00557	0.00166	0.00229	0.01065	0.00350	0.00308
22	0.03763	0.04988	0.01150	0.01014	0.11199	0.08015	0.01805	0.42360	0.12079	0.03545	0.00947	0.00980	0.00706	0.00435	0.00365	0.00113	0.00417	0.00339	0.04396	0.01383
23	0.01073	0.09556	0.08782	0.02692	0.16237	0.02630	0.02434	0.12478	0.08693	0.13560	0.04600	0.01184	0.04612	0.00438	0.00365	0.00109	0.00392	0.00363	0.00293	0.09510
24	0.01727	0.17495	0.19055	0.03043	0.06646	0.09704	0.02410	0.08511	0.08534	0.09495	0.03662	0.00996	0.01668	0.00422	0.00382	0.00112	0.03414	0.00322	0.00253	0.02150
25	0.03521	0.19003	0.49831	0.01089	0.05122	0.01013	0.10732	0.01181	0.00811	0.01164	0.00699	0.02905	0.00552	0.00371	0.00350	0.00115	0.00523	0.00307	0.00174	0.00537
26	0.00872	0.00905	0.01764	0.13208	0.30997	0.00898	0.38442	0.01139	0.00866	0.01190	0.00816	0.05593	0.00686	0.00385	0.00419	0.00125	0.00538	0.00433	0.00198	0.00526
27	0.07501	0.04739	0.10419	0.01010	0.04854	0.02511	0.17523	0.12998	0.06729	0.23014	0.01078	0.02860	0.02124	0.00434	0.00383	0.00120	0.00440	0.00382	0.00311	0.00570
28	0.01066	0.01949	0.22669	0.02660	0.07598	0.00899	0.20037	0.10995	0.08533	0.15038	0.00972	0.02477	0.00711	0.00417	0.00414	0.00124	0.02214	0.00380	0.00273	0.00575
29	0.00503	0.00350	0.00438	0.00492	0.00506	0.00338	0.00311	0.00546	0.00664	0.00887	0.01746	0.52605	0.02068	0.33746	0.02795	0.00248	0.00296	0.00873	0.00306	0.00282
30	0.00640	0.00522	0.04805	0.05154	0.00780	0.00469	0.02018	0.03719	0.02184	0.04905	0.06396	0.28034	0.09230	0.19381	0.08353	0.01685	0.00378	0.00691	0.00301	0.00355
31	0.03055	0.06281	0.10898	0.03902	0.18017	0.08954	0.13401	0.10296	0.02768	0.10493	0.00807	0.00934	0.00611	0.00406	0.00448	0.00120	0.07480	0.00338	0.00242	0.00551
32	0.00986	0.02791	0.01912	0.01402	0.01732	0.14653	0.59614	0.03515	0.02401	0.01201	0.00831	0.05565	0.00683	0.00390	0.00430	0.00124	0.00614	0.00445	0.00211	0.00499
33	0.00487	0.00343	0.00448	0.00525	0.00560	0.00316	0.00354	0.00557	0.00751	0.02346	0.02236	0.78690	0.08622	0.01172	0.00485	0.00153	0.00222	0.01057	0.00358	0.00318
34	0.03342	0.07203	0.07830	0.01921	0.08091	0.11797	0.04220	0.36572	0.03213	0.07516	0.02197	0.02776	0.00714	0.00440	0.00370	0.00113	0.00460	0.00345	0.00303	0.00577
35	0.09407	0.02743	0.05424	0.02622	0.11363	0.05275	0.12976	0.09701	0.18707	0.10172	0.02743	0.04409	0.00867	0.00451	0.00380	0.00121	0.00421	0.00395	0.00297	0.01526

[dist]
# distance from previous block
# <min> <max>
0	4

[block]
# block no. 1 follows, 71 sequences, length 19
# corresponding to MSA columns:
# 394-412
name=unknown_B
#
# <colnr> <probs for GDERKNQSTAVLIFYWHMCP>
#	G	D	E	R	K	N	Q	S	T	A	V	L	I	F	Y	W	H	M	C	P
0	0.00560	0.02011	0.06917	0.02102	0.00674	0.02479	0.00427	0.00686	0.02428	0.01003	0.05519	0.17590	0.32296	0.20014	0.00781	0.00187	0.00296	0.03389	0.00306	0.00335
1	0.01055	0.59300	0.04294	0.03006	0.02203	0.08022	0.00695	0.07981	0.00887	0.01077	0.00614	0.00711	0.00530	0.00360	0.00302	0.00091	0.02614	0.00238	0.03893	0.02125
2	0.00728	0.00607	0.00708	0.00548	0.00814	0.00484	0.00427	0.02283	0.02382	0.01252	0.08559	0.07345	0.08252	0.02556	0.00372	0.00086	0.00267	0.00395	0.00271	0.61664
3	0.01056	0.10628	0.19132	0.06991	0.07332	0.05410	0.07056	0.06214	0.06218	0.15774	0.03650	0.02203	0.02330	0.00438	0.00391	0.00117	0.02391	0.00361	0.01766	0.00542
4	0.00839	0.03125	0.10770	0.35376	0.17437	0.03158	0.01014	0.04783	0.04284	0.01135	0.00739	0.00994	0.00589	0.00575	0.06191	0.00159	0.07811	0.00337	0.00195	0.00490
5	0.00498	0.00377	0.00455	0.00476	0.00552	0.00343	0.00338	0.00621	0.02303	0.01160	0.26614	0.33007	0.26236	0.04574	0.00528	0.00146	0.00210	0.00859	0.00371	0.00332
6	0.01111	0.03294	0.00901	0.00792	0.00960	0.44101	0.00599	0.07560	0.03909	0.02378	0.14581	0.08249	0.04787	0.00601	0.00434	0.04121	0.00486	0.00432	0.00277	0.00428
7	0.03239	0.03283	0.17864	0.11531	0.17312	0.04451	0.07289	0.07019	0.04683	0.07690	0.04240	0.04897	0.00823	0.00470	0.00422	0.03178	0.00459	0.00383	0.00244	0.00523
8	0.00672	0.12990	0.00798	0.00633	0.04469	0.04463	0.00472	0.00869	0.08182	0.01094	0.07722	0.13549	0.35774	0.00815	0.01409	0.00131	0.03236	0.02012	0.00313	0.00396
9	0.03062	0.00536	0.00649	0.01628	0.00742	0.00557	0.00451	0.05698	0.10533	0.15803	0.10010	0.08917	0.01400	0.09407	0.12138	0.00212	0.01880	0.00492	0.15445	0.00440
10	0.00969	0.08119	0.13850	0.05310	0.27437	0.04053	0.17736	0.04335	0.02153	0.05663	0.00784	0.01001	0.00626	0.03975	0.00465	0.00128	0.02287	0.00354	0.00211	0.00544
11	0.00932	0.04770	0.12225	0.14799	0.25854	0.11201	0.06303	0.03748	0.06580	0.01196	0.02352	0.04127	0.01802	0.00426	0.00396	0.00119	0.02064	0.00370	0.00215	0.00521
12	0.01628	0.00703	0.00909	0.00707	0.00998	0.00650	0.00581	0.08454	0.08759	0.70102	0.01469	0.01285	0.00945	0.00478	0.00386	0.00119	0.00332	0.00387	0.00459	0.00648
13	0.00544	0.00449	0.00533	0.01898	0.04400	0.01795	0.00413	0.00709	0.06246	0.01083	0.06136	0.36442	0.32865	0.00982	0.00460	0.00140	0.00243	0.03957	0.00348	0.00356
14	0.02315	0.02574	0.09612	0.03488	0.16542	0.14532	0.09581	0.08918	0.03259	0.13712	0.01823	0.00967	0.00664	0.00415	0.00441	0.00117	0.06851	0.00337	0.00257	0.03594
15	0.03084	0.02148	0.05475	0.00768	0.05431	0.00647	0.03599	0.09210	0.05627	0.10763	0.04408	0.13225	0.01128	0.08441	0.01848	0.00139	0.00351	0.00459	0.00299	0.22952
16	0.01091	0.07503	0.15066	0.00816	0.01146	0.00855	0.04684	0.19063	0.06310	0.14493	0.04142	0.04328	0.00856	0.00447	0.00379	0.00108	0.01897	0.00362	0.00304	0.16149
17	0.02865	0.09996	0.10426	0.01215	0.20034	0.05325	0.08282	0.11956	0.02529	0.14136	0.00918	0.02559	0.01709	0.00404	0.00365	0.00111	0.00444	0.00345	0.00266	0.06117
18	0.01109	0.06369	0.10681	0.00935	0.06294	0.03832	0.07535	0.13118	0.14195	0.16551	0.03466	0.01234	0.05014	0.00482	0.01336	0.00120	0.00411	0.00382	0.00315	0.06621

[dist]
# distance from previous block
# <min> <max>
4	44

[block]
# block no. 2 follows, 71 sequences, length 12
# corresponding to MSA columns:
# 457-468
name=unknown_C
#
# <colnr> <probs for GDERKNQSTAVLIFYWHMCP>
#	G	D	E	R	K	N	Q	S	T	A	V	L	I	F	Y	W	H	M	C	P
0	0.05370	0.00751	0.00955	0.00694	0.01030	0.00633	0.08211	0.08203	0.00895	0.03580	0.00726	0.00833	0.00579	0.00312	0.00309	0.00073	0.00332	0.00262	0.00245	0.66008
1	0.00549	0.00429	0.00528	0.00527	0.00642	0.00364	0.00374	0.00646	0.00765	0.01054	0.01943	0.55357	0.10999	0.00942	0.00433	0.00128	0.00235	0.00839	0.00323	0.22924
2	0.00872	0.00727	0.00836	0.00604	0.00941	0.00590	0.00486	0.10481	0.00912	0.01385	0.00709	0.00810	0.00578	0.00304	0.00296	0.00064	0.00300	0.00241	0.00245	0.78618
3	0.00966	0.06664	0.27745	0.05947	0.03783	0.02194	0.00888	0.08859	0.13333	0.09861	0.01063	0.06101	0.02468	0.00462	0.00368	0.00116	0.00422	0.00375	0.00272	0.08113
4	0.03500	0.22754	0.18016	0.00836	0.01175	0.02707	0.03138	0.23399	0.09044	0.04827	0.06303	0.01004	0.00824	0.00427	0.00348	0.00110	0.00425	0.00328	0.00278	0.00557
5	0.08696	0.00764	0.00975	0.04779	0.01103	0.00787	0.05948	0.25694	0.01195	0.27514	0.05405	0.01376	0.00984	0.00618	0.04674	0.00147	0.00407	0.05199	0.03181	0.00555
6	0.00784	0.00612	0.00744	0.03265	0.00862	0.00649	0.02857	0.11458	0.19163	0.01402	0.12095	0.07956	0.06241	0.05271	0.12456	0.01141	0.00403	0.00509	0.06663	0.05468
7	0.19501	0.07748	0.18259	0.00796	0.03076	0.00804	0.03297	0.03906	0.02407	0.25630	0.02799	0.05836	0.00823	0.00500	0.01825	0.00128	0.01473	0.00360	0.00299	0.00533
8	0.01384	0.04328	0.01144	0.00855	0.01147	0.03818	0.00706	0.71229	0.03772	0.02250	0.04835	0.01006	0.00794	0.00470	0.00381	0.00114	0.00416	0.00355	0.00371	0.00624
9	0.00708	0.00541	0.00604	0.00564	0.00716	0.00548	0.00432	0.01140	0.27151	0.06090	0.20234	0.06511	0.29974	0.00771	0.00432	0.00129	0.00238	0.02387	0.00388	0.00441
10	0.00636	0.00455	0.00530	0.00524	0.00640	0.00431	0.00389	0.04656	0.07210	0.06377	0.12207	0.28979	0.31735	0.00934	0.00454	0.00136	0.00233	0.02716	0.00375	0.00383
11	0.12487	0.43509	0.05634	0.00700	0.01015	0.06875	0.00653	0.09841	0.03172	0.03439	0.00654	0.00721	0.00537	0.00357	0.00283	0.00093	0.00406	0.00240	0.00219	0.09163

[dist]
# distance from previous block
# <min> <max>
1	10

[block]
# block no. 3 follows, 71 sequences, length 64
# corresponding to MSA columns:
# 479-488,490-523,526-545
name=unknown_D
#
# <colnr> <probs for GDERKNQSTAVLIFYWHMCP>
#	G	D	E	R	K	N	Q	S	T	A	V	L	I	F	Y	W	H	M	C	P
0	0.00797	0.07144	0.11829	0.04338	0.07676	0.01512	0.06971	0.06864	0.01825	0.06121	0.08416	0.17670	0.14423	0.00674	0.00415	0.00127	0.00364	0.02081	0.00297	0.00458
1	0.03167	0.06337	0.19311	0.05241	0.06182	0.07860	0.10872	0.16751	0.02434	0.13375	0.00871	0.02073	0.00642	0.00415	0.00398	0.00118	0.02783	0.00342	0.00266	0.00560
2	0.05484	0.01988	0.22162	0.11632	0.16135	0.03264	0.09094	0.11533	0.04575	0.04800	0.00797	0.00958	0.00603	0.01358	0.01571	0.00131	0.02804	0.00337	0.00228	0.00545
3	0.00639	0.00350	0.00520	0.00520	0.00533	0.00363	0.00358	0.00538	0.00525	0.00713	0.00757	0.01283	0.00751	0.04789	0.18022	0.68132	0.00472	0.00357	0.00177	0.00204
4	0.00711	0.00669	0.06756	0.18081	0.02329	0.02449	0.03129	0.04841	0.03383	0.01034	0.00918	0.01345	0.00809	0.01546	0.35067	0.11134	0.00690	0.03245	0.01475	0.00389
5	0.02357	0.12862	0.20642	0.12358	0.08138	0.10490	0.10767	0.11212	0.03492	0.03070	0.00739	0.00876	0.00562	0.00377	0.00362	0.00114	0.00518	0.00314	0.00215	0.00533
6	0.00887	0.00720	0.05484	0.05191	0.04138	0.01830	0.01962	0.14146	0.10618	0.10189	0.04741	0.21655	0.14156	0.00726	0.00424	0.00131	0.00328	0.01849	0.00347	0.00478
7	0.89233	0.00741	0.00564	0.00504	0.00741	0.00860	0.00415	0.01127	0.00653	0.01720	0.00534	0.00623	0.00415	0.00356	0.00237	0.00119	0.00297	0.00208	0.00237	0.00415
8	0.00492	0.00362	0.00485	0.00558	0.00584	0.00358	0.00386	0.00566	0.00728	0.00976	0.02013	0.73613	0.03534	0.03111	0.03541	0.00178	0.03651	0.04205	0.00340	0.00317
9	0.00963	0.27225	0.17965	0.08289	0.17993	0.06423	0.08351	0.04541	0.00871	0.01134	0.00654	0.00814	0.00530	0.00359	0.00361	0.00109	0.02413	0.00293	0.00183	0.00528
10	0.01167	0.00711	0.06923	0.00680	0.00896	0.03535	0.00567	0.07503	0.00998	0.38792	0.01613	0.28958	0.03086	0.02151	0.00444	0.00134	0.00328	0.00611	0.00390	0.00514
11	0.00464	0.00389	0.00404	0.00404	0.00528	0.00329	0.00303	0.00569	0.00891	0.01081	0.10938	0.04812	0.74432	0.00959	0.00455	0.00130	0.00196	0.02030	0.00362	0.00327
12	0.11481	0.00767	0.02827	0.05629	0.07460	0.00736	0.01825	0.12752	0.02230	0.44440	0.01199	0.01187	0.01733	0.03492	0.00425	0.00128	0.00366	0.00364	0.00374	0.00586
13	0.03996	0.09055	0.14217	0.16315	0.13314	0.11458	0.09607	0.02239	0.00880	0.09712	0.00774	0.02324	0.00601	0.00398	0.00398	0.00118	0.03528	0.00332	0.00216	0.00515
14	0.46177	0.01256	0.00846	0.00755	0.00977	0.40251	0.02382	0.01318	0.00861	0.01343	0.00567	0.00664	0.00456	0.00374	0.00293	0.00110	0.00489	0.00231	0.00218	0.00431
15	0.00877	0.01220	0.25500	0.05640	0.29763	0.00923	0.19507	0.01178	0.00838	0.02439	0.00724	0.00934	0.00564	0.00373	0.00455	0.00124	0.06824	0.00350	0.01214	0.00551
16	0.00558	0.00394	0.00515	0.00486	0.00578	0.00363	0.00364	0.00734	0.01073	0.02829	0.79347	0.05093	0.04630	0.00793	0.00452	0.00122	0.00184	0.00701	0.00420	0.00365
17	0.23835	0.00675	0.00807	0.00637	0.00919	0.00638	0.00526	0.01681	0.00985	0.63506	0.01265	0.01133	0.00814	0.00445	0.00348	0.00119	0.00319	0.00341	0.00415	0.00593
18	0.00625	0.00411	0.00533	0.00492	0.00600	0.00375	0.00373	0.00798	0.01074	0.07621	0.73382	0.02795	0.07909	0.00771	0.00447	0.00121	0.00192	0.00677	0.00422	0.00381
19	0.00491	0.00369	0.00455	0.00477	0.00552	0.00333	0.00341	0.00608	0.00899	0.01198	0.32520	0.34226	0.24155	0.00988	0.00466	0.00136	0.00200	0.00872	0.00380	0.00333
20	0.00473	0.00338	0.00450	0.00530	0.00557	0.00315	0.00356	0.00548	0.00760	0.01020	0.08148	0.80123	0.02616	0.01170	0.00487	0.00153	0.00219	0.01061	0.00361	0.00315
21	0.00581	0.00415	0.00575	0.00663	0.00735	0.00409	0.00553	0.00730	0.00846	0.01106	0.02051	0.24636	0.02288	0.01094	0.00520	0.00171	0.00321	0.61610	0.00354	0.00343
22	0.01715	0.00661	0.00895	0.00686	0.00983	0.00576	0.00567	0.03515	0.01112	0.82732	0.01501	0.01297	0.00943	0.00474	0.00386	0.00119	0.00328	0.00385	0.00473	0.00653
23	0.89233	0.00741	0.00564	0.00504	0.00741	0.00860	0.00415	0.01127	0.00653	0.01720	0.00534	0.00623	0.00415	0.00356	0.00237	0.00119	0.00297	0.00208	0.00237	0.00415
24	0.89233	0.00741	0.00564	0.00504	0.00741	0.00860	0.00415	0.01127	0.00653	0.01720	0.00534	0.00623	0.00415	0.00356	0.00237	0.00119	0.00297	0.00208	0.00237	0.00415
25	0.00905	0.01034	0.02262	0.01616	0.02004	0.00970	0.82741	0.01228	0.00905	0.01228	0.00776	0.01034	0.00582	0.00323	0.00452	0.00129	0.00646	0.00452	0.00194	0.00517
26	0.86134	0.00738	0.00575	0.00511	0.00750	0.00850	0.00420	0.01153	0.00668	0.04648	0.00569	0.00647	0.00434	0.00360	0.00243	0.00119	0.00298	0.00214	0.00246	0.00424
27	0.00967	0.00830	0.00874	0.00783	0.01002	0.00960	0.00610	0.04108	0.81349	0.01625	0.01544	0.01417	0.01157	0.00519	0.00390	0.00130	0.00306	0.00431	0.00390	0.00608
28	0.00724	0.00681	0.01150	0.85604	0.02641	0.00852	0.01065	0.00980	0.00767	0.00980	0.00681	0.01022	0.00511	0.00383	0.00383	0.00128	0.00511	0.00341	0.00170	0.00426
29	0.00467	0.00334	0.00445	0.00534	0.00556	0.00311	0.00356	0.00534	0.00734	0.00979	0.02113	0.86275	0.02536	0.01201	0.00489	0.00156	0.00222	0.01090	0.00356	0.00311
30	0.89233	0.00741	0.00564	0.00504	0.00741	0.00860	0.00415	0.01127	0.00653	0.01720	0.00534	0.00623	0.00415	0.00356	0.00237	0.00119	0.00297	0.00208	0.00237	0.00415
31	0.01373	0.01013	0.01087	0.00844	0.01125	0.01120	0.00688	0.73923	0.04602	0.02264	0.00964	0.01056	0.00725	0.06810	0.00499	0.00135	0.00414	0.00364	0.00373	0.00619
32	0.01464	0.04074	0.01140	0.00866	0.02181	0.04827	0.00706	0.62046	0.03130	0.14201	0.00988	0.00965	0.00692	0.00454	0.00377	0.00114	0.00418	0.00343	0.00378	0.00636
33	0.10966	0.15372	0.06740	0.00774	0.01076	0.07990	0.06256	0.02710	0.00960	0.38868	0.01069	0.03921	0.00769	0.00437	0.00349	0.00113	0.00404	0.00345	0.00327	0.00555
34	0.00795	0.00681	0.00795	0.00568	0.00909	0.00511	0.00454	0.00965	0.00795	0.01249	0.00681	0.00795	0.00568	0.00284	0.00284	0.00057	0.00284	0.00227	0.00227	0.88869
35	0.00949	0.00911	0.01556	0.02353	0.84133	0.00911	0.01177	0.01177	0.00873	0.01253	0.00721	0.00949	0.00607	0.00342	0.00380	0.00114	0.00456	0.00342	0.00190	0.00607
36	0.89233	0.00741	0.00564	0.00504	0.00741	0.00860	0.00415	0.01127	0.00653	0.01720	0.00534	0.00623	0.00415	0.00356	0.00237	0.00119	0.00297	0.00208	0.00237	0.00415
37	0.00724	0.00373	0.00389	0.00390	0.00483	0.00373	0.00297	0.00913	0.02075	0.02708	0.01318	0.03499	0.01082	0.00496	0.00290	0.00096	0.00193	0.04464	0.79472	0.00365
38	0.00552	0.00394	0.00531	0.00531	0.00571	0.00433	0.00374	0.00630	0.00591	0.00827	0.01105	0.01936	0.01145	0.38688	0.49448	0.00512	0.00746	0.00474	0.00217	0.00295
39	0.01068	0.66898	0.01799	0.06974	0.01138	0.14745	0.00700	0.01197	0.00827	0.00914	0.00553	0.00657	0.00494	0.00343	0.00272	0.00088	0.00462	0.00222	0.00170	0.00480
40	0.00467	0.00385	0.00410	0.00413	0.00529	0.00328	0.00306	0.00574	0.00894	0.01103	0.15214	0.09663	0.66466	0.00961	0.00456	0.00130	0.00194	0.00813	0.00365	0.00328
41	0.70354	0.03464	0.02049	0.01629	0.05747	0.03458	0.02940	0.04292	0.00738	0.01640	0.00573	0.00675	0.00447	0.00359	0.00265	0.00117	0.00343	0.00232	0.00233	0.00444
42	0.00467	0.00334	0.00445	0.00534	0.00556	0.00311	0.00356	0.00534	0.00734	0.00979	0.02113	0.86275	0.02536	0.01201	0.00489	0.00156	0.00222	0.01090	0.00356	0.00311
43	0.00786	0.00672	0.00786	0.00567	0.00899	0.00506	0.00452	0.00954	0.00793	0.01242	0.00720	0.03093	0.00621	0.00309	0.00289	0.00059	0.00282	0.00250	0.00231	0.86489
44	0.01456	0.01130	0.01146	0.00890	0.01189	0.07369	0.00730	0.76857	0.01750	0.02307	0.00896	0.00904	0.00640	0.00455	0.00381	0.00114	0.00442	0.00338	0.00370	0.00637
45	0.18678	0.00952	0.03278	0.03963	0.05980	0.08011	0.04869	0.06484	0.01619	0.02777	0.00611	0.00825	0.00520	0.00511	0.00749	0.00140	0.39052	0.00310	0.00209	0.00462
46	0.00928	0.00888	0.01501	0.05259	0.73142	0.00881	0.02970	0.01155	0.00864	0.01242	0.00718	0.00942	0.00600	0.00338	0.00374	0.00111	0.00449	0.00336	0.00192	0.07108
47	0.01396	0.01042	0.01117	0.00865	0.01165	0.01151	0.00711	0.73623	0.08955	0.02315	0.00971	0.00962	0.00695	0.00461	0.00382	0.00115	0.00408	0.00350	0.00380	0.02937
48	0.00466	0.00338	0.00441	0.00523	0.00553	0.00312	0.00351	0.00535	0.00744	0.00983	0.02244	0.80184	0.08543	0.01184	0.00487	0.00154	0.00220	0.01069	0.00356	0.00312
49	0.00558	0.00372	0.00418	0.00418	0.00418	0.00372	0.00232	0.00558	0.00558	0.00743	0.01208	0.02509	0.01394	0.86525	0.01952	0.00372	0.00372	0.00558	0.00232	0.00232
50	0.00894	0.01196	0.15299	0.03086	0.03753	0.03106	0.64378	0.01228	0.00891	0.01214	0.00754	0.00988	0.00563	0.00333	0.00433	0.00127	0.00628	0.00416	0.00188	0.00523
51	0.00472	0.00371	0.00438	0.00474	0.00555	0.00336	0.00342	0.00564	0.00800	0.01011	0.04123	0.35401	0.41821	0.01234	0.08232	0.00185	0.00285	0.02689	0.00343	0.00322
52	0.00905	0.01034	0.02262	0.01616	0.02004	0.00970	0.82741	0.01228	0.00905	0.01228	0.00776	0.01034	0.00582	0.00323	0.00452	0.00129	0.00646	0.00452	0.00194	0.00517
53	0.06471	0.00657	0.00872	0.00673	0.00966	0.00580	0.00555	0.01828	0.01073	0.79910	0.01460	0.01268	0.00920	0.00468	0.00378	0.00119	0.00325	0.00376	0.00462	0.00640
54	0.00817	0.03994	0.69370	0.01159	0.03536	0.00908	0.10472	0.01229	0.00828	0.03161	0.00714	0.00844	0.00510	0.00361	0.00372	0.00121	0.00563	0.00304	0.00174	0.00562
55	0.00801	0.00760	0.01289	0.57194	0.30451	0.00872	0.01103	0.01047	0.00803	0.01073	0.00695	0.00997	0.00544	0.00369	0.00382	0.00123	0.00492	0.00341	0.00177	0.00488
56	0.00455	0.00382	0.00395	0.00406	0.00523	0.00322	0.00299	0.00548	0.00857	0.01029	0.03668	0.13774	0.74033	0.00999	0.00458	0.00133	0.00198	0.00843	0.00356	0.00322
57	0.02196	0.01739	0.00877	0.20586	0.11799	0.00628	0.00675	0.03198	0.00865	0.14058	0.05270	0.16332	0.11241	0.01465	0.01648	0.02593	0.02273	0.00550	0.01560	0.00445
58	0.00888	0.00829	0.01360	0.33235	0.46815	0.00903	0.01093	0.04751	0.04147	0.01216	0.00748	0.00994	0.00596	0.00369	0.00382	0.00120	0.00469	0.00345	0.00199	0.00542
59	0.00574	0.00414	0.00509	0.00529	0.00607	0.00392	0.00378	0.06669	0.00912	0.02604	0.18755	0.48744	0.15438	0.01014	0.00467	0.00141	0.00226	0.00899	0.00373	0.00354
60	0.00841	0.01074	0.12533	0.03409	0.01825	0.00890	0.61471	0.01154	0.00876	0.01199	0.00905	0.07409	0.00770	0.00421	0.00445	0.00132	0.00591	0.03347	0.00207	0.00500
61	0.00974	0.03258	0.20004	0.12285	0.04662	0.05019	0.12515	0.06446	0.14276	0.08967	0.01830	0.01960	0.02141	0.00462	0.01181	0.00128	0.01355	0.01735	0.00261	0.00539
62	0.00477	0.00348	0.00450	0.00515	0.00558	0.00321	0.00354	0.00562	0.00793	0.01055	0.12165	0.66369	0.11126	0.01125	0.00482	0.00149	0.00217	0.02251	0.00364	0.00319
63	0.02780	0.00657	0.00858	0.00675	0.00948	0.00598	0.00552	0.03796	0.07579	0.68228	0.06503	0.01393	0.01115	0.00495	0.00386	0.00119	0.00315	0.00404	0.01977	0.00623

[dist]
# distance from previous block
# <min> <max>
1	18

[block]
# block no. 4 follows, 71 sequences, length 23
# corresponding to MSA columns:
# 564-586
name=unknown_E
#
# <colnr> <probs for GDERKNQSTAVLIFYWHMCP>
#	G	D	E	R	K	N	Q	S	T	A	V	L	I	F	Y	W	H	M	C	P
0	0.03352	0.00566	0.00741	0.03782	0.04309	0.00537	0.02240	0.04435	0.00995	0.12761	0.33859	0.02022	0.10696	0.00613	0.00429	0.00113	0.03214	0.00519	0.02454	0.12363
1	0.00813	0.02379	0.01789	0.02189	0.05352	0.05601	0.02306	0.09349	0.08227	0.02440	0.33133	0.03148	0.07465	0.00592	0.00398	0.00110	0.00304	0.00505	0.00339	0.13561
2	0.00478	0.00386	0.00425	0.00423	0.00535	0.00333	0.00314	0.00595	0.00920	0.01164	0.24881	0.08999	0.57329	0.00937	0.00455	0.00129	0.00193	0.00797	0.00373	0.00333
3	0.00775	0.00675	0.00816	0.03524	0.00960	0.01747	0.01602	0.00958	0.02206	0.01204	0.02264	0.03056	0.00726	0.00524	0.06090	0.00109	0.03124	0.01403	0.00232	0.68006
4	0.00666	0.00333	0.00500	0.00500	0.00500	0.00333	0.00333	0.00500	0.00500	0.00666	0.00666	0.01166	0.00666	0.01332	0.01499	0.88844	0.00333	0.00333	0.00167	0.00167
5	0.00548	0.00408	0.00604	0.00604	0.00668	0.00473	0.00464	0.00677	0.00613	0.00881	0.01038	0.01568	0.00985	0.08017	0.79901	0.00601	0.00987	0.00420	0.00207	0.00336
6	0.00488	0.00390	0.00437	0.00425	0.00539	0.00339	0.00319	0.00618	0.00957	0.01232	0.35257	0.03366	0.52482	0.00898	0.00453	0.00126	0.00189	0.00764	0.00382	0.00339
7	0.00618	0.00441	0.00618	0.00706	0.00794	0.00441	0.00618	0.00794	0.00883	0.01147	0.02030	0.04325	0.02207	0.01059	0.00530	0.00177	0.00353	0.81553	0.00353	0.00353
8	0.00932	0.00801	0.00848	0.00765	0.00975	0.00922	0.00594	0.01968	0.79087	0.01600	0.05915	0.01506	0.01300	0.00534	0.00393	0.00130	0.00297	0.00447	0.00392	0.00594
9	0.01458	0.01074	0.01151	0.00882	0.01189	0.01189	0.00729	0.82855	0.01803	0.02416	0.00921	0.00921	0.00652	0.00460	0.00384	0.00115	0.00422	0.00345	0.00384	0.00652
10	0.58469	0.04578	0.10103	0.02545	0.06625	0.05007	0.00624	0.01170	0.00729	0.03493	0.00598	0.00699	0.00463	0.00358	0.00275	0.00114	0.00367	0.00235	0.00224	0.03323
11	0.00888	0.00670	0.00786	0.00580	0.00892	0.00534	0.00464	0.05042	0.00868	0.08073	0.00837	0.03648	0.00689	0.00346	0.00303	0.00070	0.00287	0.00281	0.04934	0.69809
12	0.00977	0.00873	0.00878	0.00790	0.01006	0.05080	0.00613	0.02013	0.79397	0.01571	0.01513	0.01394	0.01137	0.00514	0.00388	0.00129	0.00322	0.00424	0.00381	0.00599
13	0.00810	0.02725	0.01170	0.71200	0.02381	0.02299	0.01011	0.07973	0.00852	0.01097	0.00689	0.00990	0.00522	0.00402	0.00419	0.00127	0.04360	0.00336	0.00189	0.00447
14	0.15168	0.02164	0.11199	0.03835	0.22893	0.04546	0.03244	0.07388	0.05347	0.11446	0.02256	0.01086	0.00733	0.00416	0.00359	0.00117	0.00420	0.03314	0.00264	0.03807
15	0.01071	0.06760	0.08646	0.00693	0.01019	0.00710	0.00619	0.08365	0.06404	0.19804	0.02417	0.01116	0.00800	0.00405	0.00339	0.00094	0.00342	0.03293	0.00304	0.36801
16	0.00933	0.00805	0.00847	0.00764	0.00977	0.00927	0.00594	0.01975	0.79948	0.01580	0.01659	0.01526	0.04673	0.00539	0.00393	0.00130	0.00299	0.00449	0.00389	0.00595
17	0.00774	0.01739	0.68373	0.03050	0.03413	0.00853	0.06779	0.01175	0.00828	0.02328	0.02197	0.01024	0.04965	0.00402	0.00377	0.00122	0.00539	0.00333	0.00183	0.00546
18	0.01155	0.08606	0.21349	0.06268	0.10351	0.01921	0.06090	0.15551	0.01058	0.20438	0.00945	0.02998	0.00691	0.00420	0.00373	0.00117	0.00456	0.00350	0.00283	0.00580
19	0.00555	0.00381	0.00463	0.00463	0.00478	0.00396	0.00288	0.00586	0.00571	0.00777	0.01167	0.02283	0.01296	0.67655	0.20687	0.00427	0.00520	0.00524	0.00226	0.00257
20	0.00558	0.00372	0.00418	0.00418	0.00418	0.00372	0.00232	0.00558	0.00558	0.00743	0.01208	0.02509	0.01394	0.86525	0.01952	0.00372	0.00372	0.00558	0.00232	0.00232
21	0.00866	0.04224	0.20654	0.08284	0.26879	0.00837	0.09237	0.01174	0.05105	0.05296	0.05624	0.01242	0.03735	0.04643	0.00463	0.00132	0.00460	0.00388	0.00227	0.00530
22	0.02957	0.06036	0.30142	0.01529	0.32620	0.00941	0.07022	0.06464	0.02023	0.05564	0.00764	0.00904	0.00581	0.00364	0.00370	0.00116	0.00491	0.00323	0.00210	0.00581

[dist]
# distance from previous block
# <min> <max>
0	19

[block]
# block no. 5 follows, 71 sequences, length 7
# corresponding to MSA columns:
# 613-619
name=unknown_F
#
# <colnr> <probs for GDERKNQSTAVLIFYWHMCP>
#	G	D	E	R	K	N	Q	S	T	A	V	L	I	F	Y	W	H	M	C	P
0	0.01115	0.01265	0.01184	0.01175	0.12434	0.37451	0.02990	0.03519	0.00896	0.01031	0.00654	0.00926	0.00586	0.00564	0.02958	0.00141	0.27567	0.02887	0.00197	0.00461
1	0.09660	0.15985	0.01259	0.02873	0.12703	0.32285	0.00752	0.11179	0.01021	0.03206	0.00658	0.00764	0.00534	0.00386	0.00352	0.00104	0.02830	0.00268	0.00223	0.02956
2	0.00600	0.00461	0.00587	0.00578	0.00630	0.03439	0.00424	0.00690	0.00619	0.00865	0.01038	0.01707	0.01034	0.24628	0.52104	0.03176	0.03632	0.00437	0.03036	0.00315
3	0.00558	0.00372	0.00418	0.00418	0.00418	0.00372	0.00232	0.00558	0.00558	0.00743	0.01208	0.02509	0.01394	0.86525	0.01952	0.00372	0.00372	0.00558	0.00232	0.00232
4	0.77740	0.06803	0.00696	0.00544	0.00785	0.06027	0.00452	0.01153	0.00688	0.01616	0.00537	0.00626	0.00425	0.00356	0.00244	0.00115	0.00329	0.00210	0.00230	0.00422
5	0.00466	0.00338	0.00440	0.00522	0.00553	0.00312	0.00351	0.00535	0.00745	0.00983	0.02255	0.79687	0.09033	0.01183	0.00486	0.00154	0.00220	0.01068	0.00356	0.00312
6	0.01042	0.22418	0.13577	0.03265	0.15085	0.04927	0.04189	0.09345	0.02610	0.08568	0.00834	0.04881	0.00686	0.00408	0.00345	0.00106	0.00440	0.00333	0.00238	0.06703

[dist]
# distance from previous block
# <min> <max>
0	1

[block]
# block no. 6 follows, 71 sequences, length 18
# corresponding to MSA columns:
# 621-623,625-639
name=unknown_G
#
# <colnr> <probs for GDERKNQSTAVLIFYWHMCP>
#	G	D	E	R	K	N	Q	S	T	A	V	L	I	F	Y	W	H	M	C	P
0	0.05340	0.10078	0.23844	0.01189	0.16876	0.07260	0.04230	0.13923	0.02252	0.10263	0.00804	0.00886	0.00596	0.00385	0.00357	0.00113	0.00477	0.00309	0.00246	0.00571
1	0.01220	0.08359	0.01561	0.01175	0.01448	0.49687	0.28661	0.01397	0.01000	0.01034	0.00650	0.00802	0.00524	0.00365	0.00374	0.00108	0.00654	0.00314	0.00194	0.00473
2	0.00516	0.00391	0.00476	0.00454	0.00556	0.00350	0.00341	0.00672	0.01022	0.01388	0.60115	0.03110	0.27527	0.00840	0.00453	0.00123	0.00185	0.00728	0.00402	0.00350
3	0.01808	0.00522	0.00674	0.00644	0.03758	0.00510	0.05087	0.00906	0.11036	0.04248	0.19597	0.04869	0.30586	0.07767	0.00581	0.00150	0.02093	0.04421	0.00347	0.00397
4	0.00531	0.00375	0.00415	0.00417	0.00448	0.00359	0.00252	0.00559	0.00645	0.00834	0.03684	0.05515	0.19825	0.62815	0.01537	0.00305	0.00323	0.00634	0.00268	0.00258
5	0.00558	0.00372	0.00418	0.00418	0.00418	0.00372	0.00232	0.00558	0.00558	0.00743	0.01208	0.02509	0.01394	0.86525	0.01952	0.00372	0.00372	0.00558	0.00232	0.00232
6	0.01011	0.07319	0.46792	0.01064	0.01483	0.28395	0.06282	0.01314	0.00904	0.01105	0.00652	0.00773	0.00495	0.00369	0.00356	0.00112	0.00602	0.00277	0.00176	0.00519
7	0.00905	0.01034	0.02262	0.01616	0.02004	0.00970	0.82741	0.01228	0.00905	0.01228	0.00776	0.01034	0.00582	0.00323	0.00452	0.00129	0.00646	0.00452	0.00194	0.00517
8	0.82259	0.00839	0.07184	0.00551	0.00814	0.00863	0.00494	0.01134	0.00665	0.01680	0.00546	0.00638	0.00421	0.00357	0.00247	0.00119	0.00318	0.00214	0.00231	0.00427
9	0.00743	0.07371	0.00770	0.00614	0.00773	0.00687	0.00482	0.01276	0.33578	0.01514	0.44833	0.02121	0.02405	0.00644	0.00411	0.00121	0.00247	0.00552	0.00389	0.00469
10	0.00472	0.00342	0.00445	0.00524	0.00556	0.00317	0.00355	0.00543	0.00745	0.00982	0.02228	0.75442	0.08920	0.03262	0.00523	0.00159	0.00227	0.03291	0.00353	0.00312
11	0.00795	0.00681	0.00795	0.00568	0.00909	0.00511	0.00454	0.00965	0.00795	0.01249	0.00681	0.00795	0.00568	0.00284	0.00284	0.00057	0.00284	0.00227	0.00227	0.88869
12	0.00979	0.00435	0.00497	0.00443	0.00587	0.00412	0.00346	0.01150	0.00881	0.23247	0.01320	0.01397	0.00974	0.00454	0.00299	0.00097	0.00217	0.00365	0.65466	0.00435
13	0.00493	0.00365	0.00420	0.00449	0.00500	0.00336	0.00296	0.00551	0.00731	0.00934	0.04268	0.30924	0.28411	0.28472	0.00946	0.00216	0.00260	0.00820	0.00318	0.00291
14	0.01263	0.19328	0.01262	0.00818	0.01100	0.09260	0.00685	0.38807	0.18693	0.03606	0.00954	0.00949	0.00719	0.00439	0.00352	0.00110	0.00418	0.00325	0.00322	0.00589
15	0.00944	0.05312	0.03167	0.00768	0.00927	0.32247	0.00609	0.03579	0.00917	0.01037	0.01278	0.18048	0.05841	0.00853	0.07094	0.00161	0.02881	0.09332	0.00259	0.04744
16	0.01000	0.38584	0.24625	0.00897	0.03097	0.08290	0.03389	0.05837	0.08776	0.01161	0.00712	0.00791	0.00570	0.00370	0.00318	0.00103	0.00476	0.00270	0.00202	0.00532
17	0.89233	0.00741	0.00564	0.00504	0.00741	0.00860	0.00415	0.01127	0.00653	0.01720	0.00534	0.00623	0.00415	0.00356	0.00237	0.00119	0.00297	0.00208	0.00237	0.00415

[dist]
# distance from previous block
# <min> <max>
0	1

[block]
# block no. 7 follows, 71 sequences, length 25
# corresponding to MSA columns:
# 641-665
name=unknown_H
#
# <colnr> <probs for GDERKNQSTAVLIFYWHMCP>
#	G	D	E	R	K	N	Q	S	T	A	V	L	I	F	Y	W	H	M	C	P
0	0.00917	0.00911	0.02996	0.10319	0.67242	0.00919	0.05128	0.01150	0.00851	0.01210	0.00710	0.00953	0.00590	0.00359	0.00421	0.00118	0.04097	0.00346	0.00187	0.00577
1	0.00483	0.00377	0.00428	0.00448	0.00535	0.00334	0.00321	0.00579	0.00843	0.01069	0.13998	0.22374	0.44469	0.08546	0.00596	0.00157	0.00220	0.03551	0.00354	0.00319
2	0.00485	0.00352	0.00447	0.00512	0.00550	0.00330	0.00349	0.00554	0.00734	0.00964	0.02194	0.60410	0.12431	0.11005	0.03104	0.00192	0.00265	0.04479	0.00337	0.00307
3	0.00494	0.00362	0.00499	0.00565	0.00603	0.00341	0.02206	0.00575	0.00748	0.00991	0.02082	0.71077	0.04503	0.04863	0.00555	0.00166	0.00250	0.08457	0.00347	0.00317
4	0.11686	0.11550	0.46640	0.01011	0.05515	0.04341	0.02707	0.07657	0.00889	0.03661	0.00692	0.00793	0.00512	0.00369	0.00339	0.00115	0.00498	0.00278	0.00201	0.00545
5	0.01304	0.08401	0.02712	0.00876	0.02967	0.05082	0.00715	0.49149	0.18075	0.05294	0.01016	0.01000	0.00743	0.00454	0.00371	0.00115	0.00409	0.00347	0.00353	0.00617
6	0.00920	0.04535	0.01277	0.05620	0.41833	0.00786	0.02748	0.01134	0.01884	0.04638	0.00742	0.00908	0.00605	0.00331	0.00343	0.00094	0.00395	0.00302	0.00215	0.30691
7	0.21614	0.05311	0.00949	0.00742	0.00990	0.08226	0.00604	0.31444	0.14159	0.03327	0.05066	0.01103	0.00858	0.01573	0.00368	0.00120	0.00381	0.02303	0.00324	0.00537
8	0.01014	0.02387	0.08876	0.11112	0.35473	0.05033	0.01004	0.14520	0.04816	0.03042	0.02617	0.00986	0.00678	0.00413	0.00438	0.00120	0.06332	0.00343	0.00235	0.00563
9	0.00512	0.00378	0.00486	0.00499	0.00574	0.00349	0.00360	0.00640	0.00907	0.01244	0.40071	0.32014	0.12161	0.01053	0.05000	0.00159	0.00244	0.00821	0.00376	0.02152
10	0.01316	0.00592	0.00762	0.00616	0.00842	0.00544	0.00497	0.08095	0.01108	0.49403	0.17581	0.03655	0.01490	0.00548	0.00387	0.00116	0.00285	0.00456	0.11155	0.00551
11	0.00651	0.00897	0.24127	0.00751	0.00996	0.00575	0.06897	0.00932	0.04081	0.01368	0.44603	0.03989	0.03403	0.00658	0.00472	0.03970	0.00336	0.00546	0.00317	0.00430
12	0.01621	0.00811	0.00988	0.00757	0.01058	0.00799	0.00626	0.32327	0.01363	0.53566	0.01290	0.01160	0.00837	0.00469	0.00385	0.00117	0.00362	0.00370	0.00440	0.00652
13	0.00795	0.00681	0.00795	0.00568	0.00909	0.00511	0.00454	0.00965	0.00795	0.01249	0.00681	0.00795	0.00568	0.00284	0.00284	0.00057	0.00284	0.00227	0.00227	0.88869
14	0.01051	0.81283	0.01950	0.00677	0.00997	0.06896	0.00662	0.01173	0.00799	0.00904	0.00537	0.00620	0.00492	0.00332	0.00252	0.00083	0.00428	0.00208	0.00166	0.00489
15	0.89233	0.00741	0.00564	0.00504	0.00741	0.00860	0.00415	0.01127	0.00653	0.01720	0.00534	0.00623	0.00415	0.00356	0.00237	0.00119	0.00297	0.00208	0.00237	0.00415
16	0.01432	0.01827	0.01087	0.00988	0.01185	0.84986	0.00741	0.01531	0.01087	0.00938	0.00593	0.00691	0.00494	0.00395	0.00346	0.00099	0.00691	0.00247	0.00198	0.00444
17	0.89233	0.00741	0.00564	0.00504	0.00741	0.00860	0.00415	0.01127	0.00653	0.01720	0.00534	0.00623	0.00415	0.00356	0.00237	0.00119	0.00297	0.00208	0.00237	0.00415
18	0.89233	0.00741	0.00564	0.00504	0.00741	0.00860	0.00415	0.01127	0.00653	0.01720	0.00534	0.00623	0.00415	0.00356	0.00237	0.00119	0.00297	0.00208	0.00237	0.00415
19	0.00468	0.00355	0.00431	0.00484	0.00545	0.00319	0.00336	0.00552	0.00802	0.01035	0.08190	0.54227	0.28673	0.01099	0.00475	0.00145	0.00211	0.00973	0.00360	0.00319
20	0.00548	0.00411	0.00616	0.00616	0.00685	0.00479	0.00479	0.00685	0.00616	0.00890	0.01027	0.01506	0.00959	0.02876	0.85006	0.00616	0.01027	0.00411	0.00205	0.00342
21	0.02060	0.00869	0.04952	0.19360	0.13185	0.02961	0.18904	0.03445	0.02732	0.21178	0.00969	0.02486	0.00709	0.00405	0.00393	0.00121	0.00469	0.00384	0.02871	0.01547
22	0.05551	0.00669	0.00883	0.00680	0.00975	0.00595	0.00562	0.04220	0.01099	0.78359	0.01452	0.01264	0.00917	0.00469	0.00379	0.00119	0.00328	0.00377	0.00461	0.00642
23	0.00496	0.00372	0.00465	0.00530	0.00581	0.00352	0.00367	0.00627	0.05313	0.01027	0.02351	0.66588	0.14917	0.01124	0.00480	0.00151	0.00226	0.03343	0.00358	0.00331
24	0.00727	0.02499	0.01032	0.27571	0.10322	0.00684	0.07798	0.00922	0.00854	0.04461	0.14821	0.11348	0.08642	0.00646	0.01849	0.00137	0.03522	0.01468	0.00268	0.00429

[dist]
# distance from previous block
# <min> <max>
1	11

[block]
# block no. 8 follows, 71 sequences, length 10
# corresponding to MSA columns:
# 700-709
name=unknown_I
#
# <colnr> <probs for GDERKNQSTAVLIFYWHMCP>
#	G	D	E	R	K	N	Q	S	T	A	V	L	I	F	Y	W	H	M	C	P
0	0.42142	0.03327	0.00930	0.00845	0.07754	0.10615	0.03834	0.09959	0.10789	0.01582	0.00732	0.00811	0.00570	0.00394	0.00328	0.00116	0.02327	0.00278	0.00257	0.02410
1	0.00590	0.00438	0.00521	0.00490	0.00614	0.00396	0.00367	0.02374	0.03735	0.03846	0.37567	0.13379	0.27076	0.00837	0.00441	0.00124	0.00210	0.00724	0.00382	0.05890
2	0.00528	0.00424	0.00507	0.05816	0.00700	0.02999	0.00403	0.00620	0.00785	0.01005	0.06091	0.47230	0.18606	0.07728	0.00586	0.00163	0.00266	0.04887	0.00333	0.00323
3	0.03529	0.27247	0.17343	0.00879	0.02664	0.03854	0.07161	0.12705	0.02456	0.10452	0.00860	0.05672	0.00700	0.00424	0.00342	0.00108	0.00442	0.00337	0.00251	0.02573
4	0.01043	0.65764	0.01769	0.00756	0.05055	0.04038	0.00669	0.09413	0.00903	0.01082	0.00793	0.00857	0.05724	0.00384	0.00283	0.00090	0.00409	0.00265	0.00201	0.00502
5	0.00536	0.00384	0.00496	0.00560	0.00611	0.00370	0.00419	0.00632	0.00766	0.01000	0.02075	0.34404	0.09541	0.16979	0.00772	0.00201	0.00294	0.29317	0.00332	0.00313
6	0.03818	0.03539	0.09523	0.14413	0.12229	0.04288	0.05314	0.03182	0.06746	0.07856	0.06345	0.07460	0.09348	0.00549	0.00413	0.00125	0.02039	0.02054	0.00272	0.00484
7	0.01055	0.04062	0.10147	0.08119	0.26886	0.06217	0.06668	0.10236	0.03173	0.10726	0.04447	0.01105	0.02530	0.00422	0.00404	0.00118	0.02508	0.00365	0.00257	0.00557
8	0.00808	0.00800	0.01246	0.54693	0.16522	0.06101	0.05640	0.01039	0.00807	0.01037	0.00754	0.05161	0.00630	0.00421	0.00413	0.00126	0.02783	0.00378	0.00186	0.00458
9	0.63828	0.00944	0.00755	0.03411	0.07703	0.15623	0.00555	0.01197	0.00750	0.01522	0.00564	0.00674	0.00448	0.00362	0.00273	0.00115	0.00386	0.00230	0.00224	0.00436

[dist]
# distance from previous block
# <min> <max>
0	1

[block]
# block no. 9 follows, 71 sequences, length 53
# corresponding to MSA columns:
# 711-763
name=unknown_J
#
# <colnr> <probs for GDERKNQSTAVLIFYWHMCP>
#	G	D	E	R	K	N	Q	S	T	A	V	L	I	F	Y	W	H	M	C	P
0	0.00504	0.00395	0.00433	0.00423	0.00545	0.00341	0.00318	0.00620	0.00915	0.03091	0.20625	0.05261	0.61388	0.00968	0.02339	0.00139	0.00214	0.00772	0.00369	0.00340
1	0.00849	0.02081	0.22643	0.05332	0.29760	0.00842	0.12487	0.04022	0.02309	0.01997	0.00923	0.11852	0.00828	0.00464	0.00397	0.00123	0.00475	0.00437	0.00217	0.01962
2	0.00727	0.00676	0.00955	0.00850	0.00876	0.00907	0.00694	0.00828	0.00603	0.00911	0.00768	0.01160	0.02544	0.03168	0.29197	0.00321	0.53866	0.00376	0.00186	0.00388
3	0.00531	0.00417	0.00471	0.00457	0.00571	0.00376	0.00341	0.04530	0.00972	0.01258	0.29376	0.11655	0.45842	0.00910	0.00453	0.00129	0.00204	0.00778	0.00379	0.00350
4	0.00804	0.00777	0.01076	0.00937	0.00960	0.01062	0.00774	0.00956	0.05617	0.00959	0.00642	0.00970	0.00609	0.00976	0.13143	0.00229	0.68550	0.00352	0.00187	0.00420
5	0.03491	0.00591	0.00780	0.00668	0.00894	0.00544	0.00557	0.01524	0.04769	0.52404	0.02993	0.02071	0.01303	0.00622	0.00413	0.00132	0.00321	0.20394	0.04979	0.00551
6	0.00548	0.00409	0.00608	0.00608	0.00674	0.00475	0.00469	0.00680	0.00614	0.00884	0.01034	0.01547	0.00976	0.06264	0.81641	0.00606	0.01000	0.00417	0.00206	0.00338
7	0.09202	0.00437	0.00425	0.00403	0.00520	0.00456	0.00310	0.05887	0.00850	0.01517	0.01162	0.01322	0.00909	0.00439	0.00272	0.00094	0.00205	0.00342	0.74867	0.00381
8	0.00543	0.00392	0.00513	0.00482	0.00573	0.00362	0.00362	0.00724	0.01085	0.01538	0.83931	0.02864	0.03618	0.00784	0.00452	0.00121	0.00181	0.00693	0.00422	0.00362
9	0.01025	0.86756	0.02009	0.00656	0.00984	0.01517	0.00656	0.01148	0.00779	0.00902	0.00533	0.00615	0.00492	0.00328	0.00246	0.00082	0.00410	0.00205	0.00164	0.00492
10	0.01432	0.01827	0.01087	0.00988	0.01185	0.84986	0.00741	0.01531	0.01087	0.00938	0.00593	0.00691	0.00494	0.00395	0.00346	0.00099	0.00691	0.00247	0.00198	0.00444
11	0.00744	0.00429	0.00465	0.00433	0.00546	0.00427	0.00331	0.07427	0.00953	0.02963	0.19170	0.01788	0.04897	0.00542	0.00327	0.00100	0.00202	0.00448	0.57422	0.00386
12	0.00467	0.00334	0.00445	0.00534	0.00556	0.00311	0.00356	0.00534	0.00734	0.00979	0.02113	0.86275	0.02536	0.01201	0.00489	0.00156	0.00222	0.01090	0.00356	0.00311
13	0.00765	0.00516	0.00634	0.00557	0.00695	0.00507	0.00431	0.12542	0.03142	0.07178	0.62807	0.02417	0.02900	0.00703	0.00432	0.00119	0.00228	0.00610	0.02389	0.00428
14	0.00853	0.00808	0.01369	0.26790	0.55036	0.00857	0.01094	0.01080	0.00833	0.01156	0.00794	0.06146	0.00696	0.00406	0.00387	0.00121	0.00458	0.00387	0.00194	0.00536
