[name]
unknown

[dist]
# distance from previous block
# <min> <max>
0	42

[block]
# block no. 0 follows, 77 sequences, length 29
# corresponding to MSA columns:
# 48-76
name=unknown_A
#
# <colnr> <probs for GDERKNQSTAVLIFYWHMCP>
#	G	D	E	R	K	N	Q	S	T	A	V	L	I	F	Y	W	H	M	C	P
0	0.01235	0.00687	0.05143	0.00683	0.00929	0.00616	0.01535	0.03161	0.18514	0.47596	0.05866	0.01536	0.01136	0.00554	0.02089	0.00128	0.00326	0.07320	0.00392	0.00553
1	0.02221	0.06826	0.32357	0.00799	0.01141	0.00768	0.03343	0.04755	0.11926	0.18865	0.06901	0.01138	0.00888	0.04316	0.00415	0.00121	0.00396	0.00344	0.00274	0.02209
2	0.00904	0.07788	0.07918	0.03053	0.04308	0.04507	0.01811	0.06152	0.07547	0.17749	0.06082	0.22581	0.06836	0.00631	0.00380	0.00118	0.00325	0.00539	0.00314	0.00457
3	0.00883	0.00772	0.01251	0.14409	0.45215	0.00771	0.05373	0.04784	0.00842	0.06083	0.00772	0.04276	0.00641	0.00362	0.00353	0.00104	0.00407	0.00342	0.00210	0.12148
4	0.00928	0.00915	0.05129	0.16425	0.52669	0.06272	0.02647	0.04582	0.00859	0.05113	0.00705	0.00897	0.00559	0.00342	0.00356	0.00109	0.00452	0.00316	0.00194	0.00531
5	0.00912	0.00804	0.01344	0.16616	0.63479	0.00828	0.01039	0.02788	0.00834	0.06835	0.00724	0.00924	0.00577	0.00338	0.00357	0.00109	0.00428	0.00323	0.00197	0.00544
6	0.00703	0.00663	0.01122	0.77055	0.11732	0.00805	0.01011	0.00940	0.00730	0.00948	0.00644	0.00951	0.00490	0.00355	0.00359	0.00118	0.00474	0.00320	0.00162	0.00419
7	0.01019	0.00761	0.00837	0.00709	0.00922	0.03867	0.02469	0.15815	0.39557	0.12981	0.11289	0.01481	0.05652	0.00516	0.00374	0.00116	0.00308	0.00428	0.00367	0.00534
8	0.00523	0.00349	0.00392	0.00392	0.00392	0.00349	0.00218	0.00523	0.00523	0.00697	0.01133	0.02354	0.01308	0.87359	0.01831	0.00349	0.00349	0.00523	0.00218	0.00218
9	0.00760	0.00722	0.01225	0.54210	0.34130	0.00820	0.01039	0.00990	0.00757	0.01017	0.00654	0.00933	0.00514	0.00345	0.00358	0.00115	0.00460	0.00320	0.00167	0.00465
10	0.00872	0.00846	0.04745	0.06220	0.40917	0.00842	0.06414	0.02755	0.24796	0.02524	0.04698	0.01108	0.00842	0.00393	0.00366	0.00114	0.00392	0.00365	0.00247	0.00544
11	0.00537	0.00381	0.00470	0.00460	0.00473	0.00412	0.00296	0.00566	0.00535	0.00734	0.01062	0.02081	0.01180	0.65916	0.18093	0.00382	0.05480	0.00484	0.00210	0.00248
12	0.01219	0.00955	0.03602	0.00818	0.01091	0.01015	0.03873	0.59886	0.14378	0.03291	0.00969	0.00985	0.00706	0.01821	0.00382	0.00114	0.00380	0.00343	0.03590	0.00581
13	0.00515	0.00382	0.00561	0.00561	0.00619	0.00440	0.00428	0.00631	0.00573	0.00822	0.00979	0.01500	0.00937	0.10518	0.78164	0.00557	0.00907	0.00398	0.00195	0.00312
14	0.00732	0.00693	0.01173	0.65607	0.22956	0.00813	0.01025	0.00965	0.00744	0.00983	0.00649	0.00942	0.00502	0.00350	0.00359	0.00117	0.00467	0.00320	0.00164	0.00442
15	0.89899	0.00696	0.00529	0.00473	0.00696	0.00807	0.00390	0.01057	0.00612	0.01614	0.00501	0.00584	0.00390	0.00334	0.00223	0.00111	0.00278	0.00195	0.00223	0.00390
16	0.00495	0.00377	0.00475	0.03795	0.00600	0.00348	0.00349	0.00647	0.00957	0.01303	0.61146	0.02815	0.23838	0.00765	0.00422	0.00115	0.00185	0.00665	0.00371	0.00333
17	0.00974	0.57635	0.15500	0.00711	0.01049	0.04774	0.00733	0.08064	0.00834	0.02378	0.00577	0.00651	0.00483	0.00327	0.00267	0.00086	0.00415	0.00221	0.00179	0.04143
18	0.00451	0.00319	0.00417	0.00487	0.00508	0.00300	0.00321	0.00511	0.00684	0.00915	0.05291	0.74165	0.02301	0.10768	0.00611	0.00167	0.00223	0.00951	0.00323	0.00286
19	0.00908	0.35044	0.33768	0.00982	0.10338	0.04881	0.02585	0.02659	0.00795	0.04088	0.00622	0.00721	0.00491	0.00332	0.00302	0.00098	0.00459	0.00249	0.00172	0.00507
20	0.00904	0.16955	0.11971	0.01273	0.18180	0.04438	0.26141	0.01187	0.05510	0.04926	0.04533	0.00952	0.00696	0.00351	0.00355	0.00107	0.00471	0.00340	0.00204	0.00505
21	0.00443	0.00322	0.00420	0.00497	0.00529	0.00298	0.00340	0.00513	0.00706	0.00930	0.02115	0.76620	0.09105	0.01103	0.00458	0.00145	0.00212	0.04616	0.00334	0.00295
22	0.00532	0.00481	0.04120	0.00685	0.04514	0.00422	0.07209	0.00690	0.04251	0.01052	0.12796	0.57849	0.02151	0.00912	0.00438	0.00136	0.00262	0.00836	0.00317	0.00348
23	0.02575	0.39507	0.28936	0.00947	0.10927	0.01112	0.00901	0.04603	0.05435	0.01090	0.00637	0.00727	0.00512	0.00336	0.00294	0.00097	0.00430	0.00249	0.00178	0.00508
24	0.00515	0.00370	0.00504	0.00584	0.00643	0.00359	0.00466	0.00635	0.00770	0.01007	0.02000	0.38600	0.05217	0.01046	0.00479	0.00156	0.00275	0.45727	0.00332	0.00314
25	0.04234	0.05827	0.02679	0.00794	0.05614	0.03034	0.00625	0.39367	0.05967	0.01686	0.00777	0.00825	0.00591	0.00367	0.00320	0.00091	0.00358	0.00281	0.00283	0.26281
26	0.00998	0.00858	0.00809	0.00698	0.00882	0.12898	0.00537	0.26370	0.22810	0.02772	0.04555	0.05276	0.07078	0.11176	0.00549	0.00142	0.00363	0.00433	0.00319	0.00478
27	0.00930	0.12020	0.50039	0.00942	0.01375	0.02352	0.04775	0.18002	0.00963	0.04301	0.00702	0.00783	0.00508	0.00358	0.00336	0.00108	0.00483	0.00279	0.00207	0.00538
28	0.00823	0.09747	0.55568	0.01061	0.01522	0.00896	0.17513	0.02574	0.00803	0.05187	0.00689	0.00808	0.00498	0.00337	0.00349	0.00112	0.00519	0.00296	0.00176	0.00521

[dist]
# distance from previous block
# <min> <max>
0	31

[block]
# block no. 1 follows, 77 sequences, length 31
# corresponding to MSA columns:
# 108-138
name=unknown_B
#
# <colnr> <probs for GDERKNQSTAVLIFYWHMCP>
#	G	D	E	R	K	N	Q	S	T	A	V	L	I	F	Y	W	H	M	C	P
0	0.00448	0.00322	0.00426	0.00491	0.00523	0.00299	0.00333	0.00528	0.00741	0.00997	0.14341	0.72743	0.04344	0.01064	0.00453	0.00141	0.00202	0.00962	0.00343	0.00299
1	0.00667	0.00394	0.00503	0.00486	0.00578	0.00370	0.00355	0.00817	0.03445	0.12747	0.34875	0.25920	0.02344	0.06703	0.00505	0.00136	0.00215	0.00672	0.07905	0.00362
2	0.06863	0.00748	0.00939	0.00822	0.05921	0.00838	0.00632	0.06498	0.07002	0.01181	0.00644	0.00812	0.00549	0.00442	0.00636	0.00109	0.33746	0.00279	0.00211	0.31125
3	0.01508	0.00752	0.00916	0.00704	0.00982	0.00741	0.00581	0.31863	0.01268	0.53485	0.01211	0.01094	0.00789	0.00440	0.00359	0.00110	0.00337	0.00347	0.01907	0.00607
4	0.06079	0.00713	0.01153	0.60958	0.10500	0.00836	0.06364	0.07181	0.00804	0.01102	0.00657	0.00923	0.00497	0.00356	0.00355	0.00117	0.00464	0.00319	0.00182	0.00438
5	0.01094	0.00526	0.00759	0.00625	0.00820	0.00467	0.05893	0.01237	0.00955	0.45092	0.20355	0.15381	0.03955	0.00623	0.00397	0.00118	0.00276	0.00548	0.00396	0.00483
6	0.00679	0.00639	0.01079	0.86494	0.02477	0.00799	0.00999	0.00919	0.00719	0.00919	0.00639	0.00959	0.00480	0.00360	0.00360	0.00120	0.00480	0.00320	0.00160	0.00400
7	0.00679	0.00639	0.01079	0.86494	0.02477	0.00799	0.00999	0.00919	0.00719	0.00919	0.00639	0.00959	0.00480	0.00360	0.00360	0.00120	0.00480	0.00320	0.00160	0.00400
8	0.00742	0.00693	0.01111	0.64088	0.08557	0.00860	0.00963	0.04721	0.00748	0.00993	0.00629	0.00925	0.00491	0.00398	0.00475	0.00124	0.12571	0.00319	0.00170	0.00422
9	0.00504	0.00355	0.00420	0.00425	0.00462	0.00343	0.00278	0.00561	0.00674	0.00899	0.16146	0.08945	0.12352	0.48424	0.04037	0.00264	0.00306	0.04065	0.00276	0.00264
10	0.01057	0.00971	0.01138	0.15917	0.06865	0.22646	0.13651	0.08201	0.00947	0.13373	0.00924	0.10989	0.00785	0.00459	0.00372	0.00113	0.00475	0.00402	0.00250	0.00465
11	0.00679	0.00639	0.01079	0.86494	0.02477	0.00799	0.00999	0.00919	0.00719	0.00919	0.00639	0.00959	0.00480	0.00360	0.00360	0.00120	0.00480	0.00320	0.00160	0.00400
12	0.89899	0.00696	0.00529	0.00473	0.00696	0.00807	0.00390	0.01057	0.00612	0.01614	0.00501	0.00584	0.00390	0.00334	0.00223	0.00111	0.00278	0.00195	0.00223	0.00390
13	0.00457	0.00324	0.00426	0.00501	0.00524	0.00307	0.00339	0.00521	0.00681	0.00906	0.01887	0.72195	0.02244	0.10198	0.00606	0.00169	0.00232	0.06871	0.00322	0.00287
14	0.09792	0.05850	0.01170	0.01234	0.28143	0.11119	0.00784	0.23218	0.02542	0.06016	0.00726	0.00826	0.00565	0.00387	0.00388	0.00108	0.06060	0.00295	0.00247	0.00530
15	0.03931	0.00834	0.06819	0.34354	0.03521	0.02718	0.05763	0.12838	0.03973	0.07728	0.00755	0.00916	0.00559	0.00376	0.00380	0.00110	0.03837	0.00311	0.00227	0.10051
16	0.01915	0.00792	0.01246	0.21727	0.51004	0.04374	0.00978	0.01069	0.00793	0.04932	0.00716	0.00947	0.00581	0.00516	0.06767	0.00145	0.00482	0.00322	0.00188	0.00505
17	0.00777	0.01081	0.31291	0.00719	0.01111	0.00619	0.00759	0.01048	0.02635	0.04710	0.00693	0.00784	0.00533	0.00306	0.00300	0.00079	0.00364	0.00243	0.00204	0.51745
18	0.00791	0.07032	0.00727	0.04527	0.00822	0.02452	0.00523	0.04415	0.02737	0.13366	0.06777	0.04516	0.11991	0.05455	0.00497	0.00145	0.00317	0.32194	0.00324	0.00394
19	0.47435	0.11338	0.11564	0.06125	0.05604	0.00877	0.05584	0.01081	0.01556	0.03116	0.00650	0.00754	0.02331	0.00348	0.00275	0.00109	0.00362	0.00250	0.00205	0.00437
20	0.00460	0.00322	0.00411	0.00473	0.00488	0.00307	0.00304	0.00507	0.00646	0.00861	0.01763	0.65255	0.02103	0.23373	0.00813	0.00198	0.00245	0.00894	0.00304	0.00273
21	0.00458	0.00367	0.00414	0.00429	0.00531	0.00322	0.00329	0.00567	0.00835	0.01043	0.13896	0.11006	0.55563	0.00919	0.00438	0.00129	0.00203	0.11899	0.00342	0.00311
22	0.00875	0.00828	0.01354	0.05580	0.72345	0.02707	0.01029	0.01088	0.02000	0.02340	0.00772	0.06036	0.00683	0.00375	0.00362	0.00110	0.00418	0.00362	0.00193	0.00543
23	0.03247	0.10727	0.01486	0.08205	0.58805	0.00926	0.06415	0.03901	0.00828	0.01166	0.00659	0.00856	0.00546	0.00325	0.00343	0.00106	0.00433	0.00309	0.00182	0.00536
24	0.00499	0.00326	0.00408	0.00458	0.00501	0.00308	0.00317	0.00600	0.00749	0.01085	0.13443	0.56401	0.02201	0.00916	0.00409	0.00128	0.00194	0.00819	0.19930	0.00308
25	0.00651	0.07164	0.06009	0.55517	0.01851	0.00739	0.00823	0.00853	0.00729	0.00924	0.01171	0.01423	0.15011	0.05177	0.00440	0.00129	0.00417	0.00393	0.00192	0.00386
26	0.01098	0.00768	0.05681	0.01366	0.39548	0.00682	0.00817	0.01306	0.03165	0.31533	0.02493	0.06728	0.02287	0.00441	0.00367	0.00112	0.00363	0.00394	0.00295	0.00557
27	0.01573	0.00678	0.00876	0.00671	0.00951	0.00627	0.00555	0.15530	0.01140	0.71430	0.01326	0.01164	0.00844	0.00443	0.00361	0.00111	0.00321	0.00355	0.00431	0.00612
28	0.00866	0.00841	0.01471	0.10759	0.70442	0.00853	0.07291	0.01089	0.00811	0.01147	0.00677	0.00903	0.00559	0.00323	0.00362	0.00109	0.00446	0.00328	0.00176	0.00546
29	0.00960	0.00837	0.04039	0.01076	0.11835	0.07103	0.20066	0.09433	0.05788	0.13199	0.01132	0.19803	0.01027	0.00539	0.00403	0.00120	0.01375	0.00501	0.00280	0.00485
30	0.01204	0.03627	0.29869	0.00908	0.06672	0.06090	0.00866	0.08753	0.00973	0.36004	0.00977	0.00957	0.00657	0.00392	0.00348	0.00109	0.00423	0.00310	0.00295	0.00565

[dist]
# distance from previous block
# <min> <max>
1	2

[block]
# block no. 2 follows, 77 sequences, length 66
# corresponding to MSA columns:
# 141-206
name=unknown_C
#
# <colnr> <probs for GDERKNQSTAVLIFYWHMCP>
#	G	D	E	R	K	N	Q	S	T	A	V	L	I	F	Y	W	H	M	C	P
0	0.05836	0.01058	0.03298	0.01688	0.17243	0.25159	0.04106	0.05025	0.07653	0.02509	0.02380	0.01536	0.00636	0.00359	0.00326	0.00094	0.00436	0.00287	0.00223	0.20147
1	0.08110	0.00833	0.10076	0.00639	0.00961	0.00654	0.00572	0.15069	0.00916	0.07418	0.00743	0.02073	0.00579	0.00334	0.00297	0.00079	0.00320	0.00259	0.00250	0.49817
2	0.04689	0.01380	0.06678	0.06440	0.01151	0.52408	0.00724	0.05031	0.00926	0.00995	0.00687	0.07684	0.00623	0.00455	0.00417	0.00108	0.08669	0.00314	0.00200	0.00419
3	0.00856	0.17365	0.60543	0.00915	0.01377	0.00934	0.01114	0.04977	0.00816	0.06931	0.00682	0.00763	0.00494	0.00347	0.00324	0.00107	0.00483	0.00262	0.00182	0.00528
4	0.00825	0.00782	0.01326	0.15932	0.65725	0.00807	0.01034	0.01032	0.00794	0.01115	0.00760	0.06833	0.00679	0.00382	0.00364	0.00112	0.00421	0.00369	0.00186	0.00523
5	0.00789	0.00665	0.00769	0.00553	0.00871	0.00523	0.00444	0.06615	0.00811	0.01247	0.00655	0.00754	0.00538	0.00278	0.00273	0.00057	0.00275	0.00221	0.00223	0.83440
6	0.01049	0.17667	0.32813	0.00772	0.01137	0.00822	0.00836	0.03238	0.02609	0.27302	0.06677	0.01016	0.00812	0.00399	0.00333	0.00105	0.00398	0.00312	0.00270	0.01433
7	0.00594	0.00456	0.00625	0.00560	0.00696	0.00416	0.07103	0.00772	0.04216	0.03760	0.23186	0.17326	0.18137	0.00739	0.00406	0.00118	0.00242	0.06056	0.06118	0.08475
8	0.00497	0.00367	0.00463	0.00439	0.00530	0.00334	0.00330	0.00654	0.00989	0.01372	0.72766	0.02803	0.15596	0.00762	0.00424	0.00114	0.00172	0.00667	0.00387	0.00334
9	0.00951	0.00990	0.01278	0.13525	0.51559	0.17704	0.00974	0.01197	0.06282	0.01103	0.00699	0.00881	0.00571	0.00347	0.00351	0.00107	0.00469	0.00308	0.00189	0.00516
10	0.00895	0.00773	0.00813	0.00732	0.00935	0.00895	0.00569	0.01911	0.84465	0.01505	0.01464	0.01342	0.01098	0.00488	0.00366	0.00122	0.00285	0.00407	0.00366	0.00569
11	0.00800	0.00813	0.01023	0.00889	0.00908	0.07873	0.00726	0.00879	0.00589	0.00855	0.00547	0.00904	0.00545	0.05805	0.06136	0.00188	0.69650	0.00324	0.00165	0.00381
12	0.00748	0.00521	0.06384	0.00578	0.00706	0.00432	0.00462	0.00937	0.07539	0.17815	0.01682	0.49001	0.01743	0.00835	0.00412	0.00132	0.00258	0.03284	0.06133	0.00399
13	0.00679	0.00639	0.01079	0.86494	0.02477	0.00799	0.00999	0.00919	0.00719	0.00919	0.00639	0.00959	0.00480	0.00360	0.00360	0.00120	0.00480	0.00320	0.00160	0.00400
14	0.01155	0.28137	0.01264	0.00777	0.01016	0.31364	0.00646	0.19073	0.05958	0.01203	0.00682	0.00758	0.00558	0.00507	0.05314	0.00121	0.00509	0.00259	0.00224	0.00476
15	0.00699	0.00457	0.00617	0.00657	0.00763	0.00455	0.00562	0.05674	0.00884	0.08013	0.01810	0.10351	0.01913	0.00927	0.00475	0.00156	0.00323	0.64554	0.00342	0.00367
16	0.00509	0.00423	0.00443	0.00413	0.00555	0.00366	0.00314	0.05459	0.00866	0.01076	0.05542	0.06217	0.67698	0.00834	0.00410	0.00116	0.00202	0.00696	0.00328	0.07534
17	0.00455	0.00366	0.00405	0.00395	0.00504	0.00316	0.00297	0.00574	0.00890	0.01138	0.32330	0.03188	0.56179	0.00849	0.00425	0.00119	0.00178	0.00721	0.00356	0.00316
18	0.00515	0.00349	0.00460	0.00457	0.00511	0.00329	0.00323	0.00605	0.00838	0.01167	0.51102	0.16317	0.02631	0.09524	0.00708	0.12673	0.00214	0.00652	0.00334	0.00294
19	0.00746	0.00639	0.00746	0.00533	0.00852	0.00480	0.00426	0.00906	0.00746	0.01172	0.00639	0.00746	0.00533	0.00266	0.00266	0.00053	0.00266	0.00213	0.00213	0.89558
20	0.00814	0.01358	0.50498	0.00892	0.01287	0.00766	0.06379	0.06025	0.07595	0.05142	0.00852	0.00943	0.00619	0.00374	0.00336	0.00110	0.00439	0.00307	0.14760	0.00508
21	0.00567	0.00404	0.00558	0.00636	0.00710	0.00402	0.00542	0.00716	0.00801	0.01044	0.01864	0.09357	0.02045	0.06084	0.00573	0.00175	0.00324	0.72550	0.00325	0.00322
22	0.00446	0.00365	0.00393	0.00386	0.00498	0.00312	0.00289	0.00556	0.00868	0.01087	0.23472	0.03273	0.65069	0.00868	0.00425	0.00119	0.00179	0.00733	0.00349	0.00312
23	0.89899	0.00696	0.00529	0.00473	0.00696	0.00807	0.00390	0.01057	0.00612	0.01614	0.00501	0.00584	0.00390	0.00334	0.00223	0.00111	0.00278	0.00195	0.00223	0.00390
24	0.01209	0.00885	0.00912	0.00733	0.00965	0.05879	0.00591	0.57456	0.01415	0.05774	0.01003	0.07902	0.00800	0.00483	0.00351	0.00107	0.00361	0.00378	0.12258	0.00538
25	0.00554	0.00447	0.00634	0.00559	0.00674	0.00424	0.08120	0.00769	0.06671	0.01290	0.51991	0.07124	0.12709	0.05817	0.00505	0.00131	0.00233	0.00639	0.00353	0.00355
26	0.00468	0.00363	0.00426	0.00417	0.00514	0.00321	0.00310	0.00596	0.00910	0.01202	0.43910	0.08515	0.39080	0.00838	0.00427	0.00119	0.00178	0.00722	0.00365	0.00321
27	0.82731	0.00689	0.00554	0.00487	0.00714	0.00784	0.00401	0.01114	0.00646	0.08414	0.00575	0.00636	0.00430	0.00343	0.00234	0.00111	0.00281	0.00208	0.00241	0.00408
28	0.00479	0.00366	0.00439	0.00421	0.00519	0.00326	0.00315	0.00620	0.00946	0.01272	0.55412	0.02968	0.33013	0.00799	0.00425	0.00116	0.00174	0.00690	0.00373	0.00326
29	0.00587	0.00493	0.00718	0.00676	0.00723	0.00624	0.00540	0.00702	0.00571	0.00843	0.00832	0.01245	0.00785	0.02144	0.63240	0.00465	0.23920	0.00366	0.00183	0.00341
30	0.07325	0.01253	0.00927	0.00801	0.01004	0.43714	0.00621	0.24992	0.01184	0.01408	0.12464	0.00992	0.00912	0.00437	0.00342	0.00101	0.00483	0.00314	0.00268	0.00460
31	0.89899	0.00696	0.00529	0.00473	0.00696	0.00807	0.00390	0.01057	0.00612	0.01614	0.00501	0.00584	0.00390	0.00334	0.00223	0.00111	0.00278	0.00195	0.00223	0.00390
32	0.00968	0.01017	0.01337	0.08751	0.60888	0.18621	0.01010	0.01158	0.00853	0.01093	0.00648	0.00845	0.00540	0.00334	0.00350	0.00105	0.00478	0.00302	0.00178	0.00524
33	0.19349	0.08520	0.22186	0.00654	0.00918	0.00730	0.00657	0.03981	0.07345	0.02302	0.26911	0.02645	0.01445	0.00487	0.00337	0.00111	0.00322	0.00389	0.00273	0.00439
34	0.00538	0.00385	0.00477	0.00467	0.00480	0.00419	0.00303	0.00570	0.00536	0.00737	0.01055	0.02056	0.01168	0.64034	0.19359	0.00384	0.06090	0.00481	0.00209	0.00251
35	0.00976	0.01103	0.00777	0.00733	0.00862	0.45911	0.00545	0.01120	0.05445	0.00980	0.11352	0.08490	0.01254	0.11607	0.00556	0.00140	0.00470	0.07058	0.00249	0.00373
36	0.00869	0.00818	0.01310	0.00968	0.01281	0.00768	0.32336	0.07456	0.16209	0.02194	0.00849	0.00955	0.00651	0.00335	0.00353	0.00097	0.00410	0.00339	0.00243	0.31558
37	0.00506	0.00367	0.00472	0.00463	0.00540	0.00341	0.00346	0.00653	0.00938	0.01302	0.62472	0.07768	0.08557	0.06422	0.00524	0.00135	0.00198	0.07301	0.00371	0.00326
38	0.00707	0.02785	0.77606	0.00974	0.01467	0.00802	0.01240	0.01101	0.00780	0.01160	0.07454	0.00913	0.00693	0.00373	0.00347	0.00113	0.00501	0.00296	0.00172	0.00515
39	0.00441	0.00364	0.00387	0.00383	0.00496	0.00310	0.00287	0.00547	0.00856	0.01061	0.19076	0.04335	0.68454	0.00880	0.00425	0.00120	0.00180	0.00742	0.00346	0.00310
40	0.00854	0.00817	0.01394	0.16779	0.70828	0.00845	0.01086	0.01072	0.00802	0.01131	0.00670	0.00902	0.00554	0.00327	0.00357	0.00109	0.00436	0.00320	0.00175	0.00540
41	0.01689	0.00758	0.07673	0.00631	0.00969	0.00537	0.05379	0.00950	0.00755	0.02127	0.00652	0.00764	0.00530	0.00277	0.00282	0.00063	0.00308	0.00231	0.00209	0.75215
42	0.00721	0.01861	0.85495	0.01025	0.01557	0.00835	0.01329	0.01139	0.00759	0.01139	0.00646	0.00759	0.00456	0.00342	0.00342	0.00114	0.00532	0.00266	0.00152	0.00532
43	0.00580	0.00414	0.00580	0.00662	0.00745	0.00414	0.00580	0.00745	0.00828	0.01076	0.01905	0.04057	0.02070	0.00994	0.00497	0.00166	0.00331	0.82694	0.00331	0.00331
44	0.00514	0.00400	0.00472	0.00463	0.00561	0.00379	0.00343	0.00732	0.09558	0.01231	0.39845	0.15895	0.26623	0.00821	0.00424	0.00122	0.00191	0.00715	0.00365	0.00346
45	0.89899	0.00696	0.00529	0.00473	0.00696	0.00807	0.00390	0.01057	0.00612	0.01614	0.00501	0.00584	0.00390	0.00334	0.00223	0.00111	0.00278	0.00195	0.00223	0.00390
46	0.00772	0.00683	0.00908	0.07703	0.00954	0.00885	0.00656	0.05780	0.06423	0.01023	0.00749	0.01146	0.00697	0.11719	0.00996	0.00167	0.48187	0.01571	0.08592	0.00390
47	0.00552	0.00447	0.00695	0.24057	0.01128	0.00525	0.00584	0.00706	0.00647	0.00894	0.04832	0.09417	0.01039	0.01820	0.50556	0.00391	0.00724	0.00440	0.00206	0.00341
48	0.00438	0.00313	0.00417	0.00501	0.00522	0.00292	0.00334	0.00501	0.00689	0.00918	0.01983	0.87124	0.02379	0.01127	0.00459	0.00146	0.00209	0.01023	0.00334	0.00292
49	0.35216	0.00664	0.00745	0.13416	0.01053	0.00712	0.00542	0.08014	0.00861	0.28926	0.00891	0.00917	0.00616	0.00387	0.00301	0.00111	0.00321	0.00287	0.05541	0.00479
50	0.00821	0.37309	0.50917	0.00856	0.01295	0.01079	0.01034	0.01113	0.00748	0.01018	0.00585	0.00684	0.00458	0.00328	0.00296	0.00099	0.00471	0.00235	0.00153	0.00503
51	0.00522	0.00354	0.00420	0.00420	0.00430	0.00364	0.00253	0.00541	0.00531	0.00718	0.01108	0.02213	0.01247	0.74694	0.14411	0.00383	0.00441	0.00502	0.00214	0.00233
52	0.01246	0.00843	0.00940	0.00740	0.00991	0.00904	0.00604	0.55126	0.06341	0.13771	0.13551	0.01215	0.01096	0.00482	0.00370	0.00110	0.00343	0.00383	0.00378	0.00569
53	0.00606	0.00599	0.07392	0.00494	0.00710	0.00448	0.00427	0.06105	0.00850	0.01140	0.03021	0.03144	0.45429	0.00644	0.00366	0.00101	0.00247	0.00531	0.03506	0.24241
54	0.01021	0.00812	0.00865	0.00726	0.00956	0.00904	0.00577	0.27600	0.48039	0.01713	0.01204	0.01153	0.00898	0.00452	0.00351	0.00111	0.00312	0.00364	0.05590	0.06353
55	0.00606	0.00525	0.00875	0.25627	0.06224	0.00605	0.06066	0.00783	0.00651	0.00900	0.00837	0.01222	0.00735	0.01725	0.50547	0.00388	0.00769	0.00365	0.00182	0.00369
56	0.00818	0.00738	0.01136	0.14128	0.43083	0.00784	0.00871	0.02102	0.15687	0.02107	0.12624	0.01234	0.01048	0.00421	0.00380	0.00113	0.01589	0.00382	0.00244	0.00511
57	0.00741	0.00621	0.00747	0.00598	0.00825	0.00566	0.00478	0.05773	0.04653	0.01215	0.06663	0.08113	0.01004	0.00470	0.00404	0.00088	0.08405	0.05695	0.00254	0.52688
58	0.00604	0.00446	0.00567	0.00561	0.05556	0.00411	0.00393	0.00809	0.04284	0.01376	0.52273	0.02054	0.02365	0.00588	0.00370	0.00100	0.00203	0.00513	0.13663	0.12864
59	0.09627	0.00790	0.01164	0.20077	0.40771	0.00861	0.00904	0.06563	0.13346	0.01283	0.00781	0.00941	0.00614	0.00363	0.00345	0.00112	0.00401	0.00321	0.00218	0.00518
60	0.00787	0.00787	0.01102	0.00944	0.00944	0.01102	0.00787	0.00866	0.00551	0.00866	0.00472	0.00787	0.00472	0.00630	0.01180	0.00157	0.86700	0.00315	0.00157	0.00393
61	0.86404	0.00708	0.00550	0.00487	0.00712	0.00819	0.00401	0.04329	0.00655	0.01640	0.00515	0.00595	0.00398	0.00338	0.00228	0.00111	0.00283	0.00200	0.00228	0.00398
62	0.00713	0.00674	0.01140	0.73080	0.15629	0.00808	0.01016	0.00948	0.00735	0.00960	0.00645	0.00948	0.00494	0.00353	0.00359	0.00118	0.00471	0.00320	0.00163	0.00427
63	0.04413	0.00641	0.00756	0.00551	0.00860	0.00508	0.00444	0.02021	0.00797	0.14777	0.00762	0.00818	0.00586	0.00300	0.00281	0.00066	0.00275	0.00238	0.00253	0.70653
64	0.86413	0.00692	0.00541	0.00480	0.00704	0.00796	0.00395	0.01085	0.00629	0.04921	0.00537	0.00610	0.00409	0.00338	0.00228	0.00111	0.00279	0.00201	0.00231	0.00398
65	0.00666	0.00518	0.00499	0.00463	0.00603	0.08136	0.00353	0.00775	0.00894	0.11276	0.15647	0.02814	0.54469	0.00778	0.00408	0.00116	0.00238	0.00646	0.00344	0.00357

[dist]
# distance from previous block
# <min> <max>
0	3

[block]
# block no. 3 follows, 77 sequences, length 9
# corresponding to MSA columns:
# 210-218
name=unknown_D
#
# <colnr> <probs for GDERKNQSTAVLIFYWHMCP>
#	G	D	E	R	K	N	Q	S	T	A	V	L	I	F	Y	W	H	M	C	P
0	0.01043	0.00828	0.01031	0.00905	0.04614	0.04187	0.00712	0.13303	0.11847	0.14621	0.00822	0.00940	0.00645	0.00530	0.00755	0.00134	0.41996	0.00333	0.00262	0.00492
1	0.06902	0.04562	0.00843	0.00655	0.00869	0.05162	0.00531	0.39562	0.09656	0.01760	0.00955	0.01002	0.00718	0.00419	0.00314	0.00101	0.00326	0.00317	0.24845	0.00500
2	0.01183	0.01245	0.24312	0.00876	0.01226	0.03581	0.00854	0.53724	0.03752	0.04482	0.00829	0.00853	0.00587	0.00407	0.00354	0.00110	0.00435	0.00309	0.00300	0.00583
3	0.00909	0.00782	0.01152	0.46757	0.17929	0.00897	0.00932	0.23813	0.01006	0.01339	0.00708	0.00920	0.00533	0.00372	0.00359	0.00114	0.00446	0.00321	0.00218	0.00491
4	0.00584	0.00429	0.00490	0.00431	0.00519	0.00385	0.00275	0.00628	0.00584	0.00828	0.00997	0.01911	0.01094	0.63372	0.01400	0.00267	0.00326	0.00438	0.00217	0.24824
5	0.00501	0.00393	0.00458	0.00447	0.00554	0.00362	0.00342	0.00687	0.05784	0.01223	0.40214	0.03029	0.37314	0.00813	0.00426	0.00121	0.00193	0.06437	0.00364	0.00337
6	0.00661	0.00549	0.00655	0.00524	0.00761	0.00428	0.00401	0.00794	0.00730	0.01102	0.01009	0.24536	0.01041	0.00503	0.00319	0.00079	0.00250	0.00436	0.00246	0.64972
7	0.00505	0.00403	0.00600	0.24185	0.01060	0.00432	0.00517	0.00616	0.00697	0.00918	0.01613	0.63392	0.01856	0.00916	0.00432	0.00139	0.00283	0.00829	0.00286	0.00322
8	0.00726	0.00711	0.04451	0.15004	0.45444	0.00690	0.00884	0.00910	0.00765	0.01063	0.01029	0.24646	0.01049	0.00550	0.00384	0.00120	0.00379	0.00512	0.00217	0.00465

[dist]
# distance from previous block
# <min> <max>
0	119

# created by:
# /home/cegg/simao/soft/augustus-3.2.1/scripts/msa2prfl.pl ./align_prep/EOG092C5E45.fa
