[name]
unknown

[dist]
# distance from previous block
# <min> <max>
0	113

[block]
# block no. 0 follows, 65 sequences, length 11
# corresponding to MSA columns:
# 1000-1010
name=unknown_A
#
# <colnr> <probs for GDERKNQSTAVLIFYWHMCP>
#	G	D	E	R	K	N	Q	S	T	A	V	L	I	F	Y	W	H	M	C	P
0	0.00550	0.00427	0.00514	0.00598	0.00640	0.03288	0.00418	0.00635	0.00821	0.01066	0.02289	0.71039	0.06473	0.01230	0.00521	0.00165	0.00267	0.08341	0.00375	0.00343
1	0.01052	0.20387	0.03256	0.00838	0.01064	0.20545	0.05915	0.01201	0.00968	0.07624	0.01429	0.12810	0.07020	0.00681	0.00418	0.00130	0.00471	0.13434	0.00287	0.00470
2	0.00978	0.05467	0.21232	0.13716	0.05816	0.10793	0.30778	0.01293	0.00926	0.01209	0.00745	0.00972	0.00570	0.00389	0.00452	0.00130	0.03422	0.00375	0.00194	0.00542
3	0.01065	0.75548	0.07873	0.00731	0.01101	0.01522	0.00749	0.01224	0.00837	0.01008	0.00591	0.00683	0.00530	0.00352	0.00274	0.00089	0.00444	0.00227	0.00179	0.04971
4	0.01097	0.85821	0.02151	0.00702	0.01054	0.01624	0.00702	0.01229	0.00834	0.00966	0.00571	0.00658	0.00527	0.00351	0.00263	0.00088	0.00439	0.00219	0.00176	0.00527
5	0.00597	0.00398	0.00448	0.00448	0.00448	0.00398	0.00249	0.00597	0.00597	0.00796	0.01293	0.02686	0.01492	0.85574	0.02089	0.00398	0.00398	0.00597	0.00249	0.00249
6	0.00542	0.00418	0.00495	0.00475	0.00589	0.00371	0.00357	0.00699	0.01070	0.01427	0.50779	0.03426	0.36028	0.00921	0.00485	0.00133	0.00199	0.00793	0.00423	0.00371
7	0.00657	0.01037	0.30593	0.00741	0.01028	0.00587	0.00787	0.00941	0.01026	0.01452	0.42983	0.02382	0.12756	0.00702	0.00450	0.00131	0.00345	0.00599	0.00342	0.00462
8	0.04785	0.69082	0.11651	0.00764	0.01136	0.04702	0.00791	0.01252	0.00845	0.01044	0.00593	0.00687	0.00523	0.00360	0.00282	0.00095	0.00465	0.00231	0.00180	0.00531
9	0.01097	0.85821	0.02151	0.00702	0.01054	0.01624	0.00702	0.01229	0.00834	0.00966	0.00571	0.00658	0.00527	0.00351	0.00263	0.00088	0.00439	0.00219	0.00176	0.00527
10	0.12505	0.30843	0.04946	0.00871	0.01162	0.29396	0.02324	0.07120	0.03524	0.01252	0.00668	0.00760	0.00553	0.00405	0.00345	0.00108	0.02214	0.00265	0.00223	0.00517

[dist]
# distance from previous block
# <min> <max>
0	29

[block]
# block no. 1 follows, 65 sequences, length 10
# corresponding to MSA columns:
# 1040-1049
name=unknown_B
#
# <colnr> <probs for GDERKNQSTAVLIFYWHMCP>
#	G	D	E	R	K	N	Q	S	T	A	V	L	I	F	Y	W	H	M	C	P
0	0.61907	0.06282	0.00729	0.00572	0.00808	0.00895	0.00472	0.03706	0.04417	0.01771	0.14008	0.01105	0.01051	0.00465	0.00304	0.00125	0.00310	0.00322	0.00293	0.00458
1	0.08928	0.05801	0.29324	0.01047	0.03704	0.00988	0.09661	0.18222	0.02924	0.04993	0.03129	0.06119	0.00842	0.02004	0.00429	0.00134	0.00491	0.00404	0.00276	0.00579
2	0.80601	0.08455	0.00743	0.00554	0.00817	0.00984	0.00468	0.01209	0.00711	0.01763	0.00571	0.00666	0.00452	0.00378	0.00255	0.00123	0.00328	0.00222	0.00247	0.00452
3	0.00586	0.00440	0.00660	0.00660	0.00733	0.00513	0.00513	0.00733	0.00660	0.00953	0.01100	0.01613	0.01026	0.03079	0.83947	0.00660	0.01100	0.00440	0.00220	0.00367
4	0.00958	0.00508	0.00673	0.00601	0.00765	0.00459	0.00478	0.01135	0.01127	0.25740	0.44829	0.02804	0.07623	0.00787	0.00473	0.00136	0.00262	0.09711	0.00456	0.00476
5	0.01126	0.80316	0.02086	0.00726	0.01068	0.07026	0.00708	0.01256	0.00856	0.00968	0.00575	0.00664	0.00527	0.00356	0.00270	0.00089	0.00459	0.00222	0.00178	0.00523
6	0.01126	0.19991	0.01442	0.14361	0.01467	0.28686	0.06076	0.01328	0.04414	0.01061	0.00760	0.01045	0.00661	0.00529	0.02344	0.00135	0.10042	0.03834	0.00211	0.00487
7	0.88473	0.00794	0.00603	0.00540	0.00794	0.00921	0.00445	0.01207	0.00699	0.01842	0.00572	0.00667	0.00445	0.00381	0.00254	0.00127	0.00318	0.00222	0.00254	0.00445
8	0.00744	0.00701	0.07362	0.21177	0.01412	0.00633	0.06626	0.00990	0.02465	0.05307	0.23393	0.11362	0.04281	0.00735	0.00469	0.00144	0.00388	0.11037	0.00329	0.00445
9	0.04167	0.39567	0.38665	0.00930	0.01384	0.06653	0.01066	0.01287	0.00865	0.01151	0.00650	0.00758	0.00521	0.00374	0.00327	0.00109	0.00530	0.00260	0.00180	0.00556

[dist]
# distance from previous block
# <min> <max>
46	99

[block]
# block no. 2 follows, 65 sequences, length 22
# corresponding to MSA columns:
# 1157-1178
name=unknown_C
#
# <colnr> <probs for GDERKNQSTAVLIFYWHMCP>
#	G	D	E	R	K	N	Q	S	T	A	V	L	I	F	Y	W	H	M	C	P
0	0.02575	0.00994	0.10556	0.02829	0.24542	0.00882	0.00896	0.03082	0.25622	0.08595	0.05718	0.01282	0.01022	0.00463	0.00400	0.00123	0.00403	0.00399	0.00314	0.09303
1	0.01150	0.03311	0.20075	0.04167	0.26051	0.04750	0.03803	0.03126	0.03890	0.18764	0.04270	0.01227	0.00874	0.00450	0.00409	0.00127	0.00484	0.02170	0.00286	0.00614
2	0.00993	0.09286	0.17560	0.01307	0.19963	0.02661	0.10767	0.01274	0.03367	0.10280	0.08398	0.02801	0.04289	0.04684	0.00494	0.00139	0.00471	0.00438	0.00270	0.00559
3	0.04020	0.31713	0.19982	0.00803	0.01164	0.04961	0.00821	0.06664	0.00980	0.07276	0.07109	0.03031	0.04410	0.00470	0.00352	0.00110	0.00441	0.00355	0.00257	0.05081
4	0.00921	0.34205	0.23874	0.00917	0.03658	0.01108	0.05680	0.04009	0.00920	0.01980	0.05383	0.06351	0.06571	0.00516	0.00371	0.00118	0.00458	0.02198	0.00235	0.00527
5	0.03276	0.38952	0.07010	0.01797	0.04881	0.04409	0.00762	0.06439	0.04375	0.21279	0.00955	0.01014	0.00728	0.00430	0.00342	0.00110	0.00435	0.01926	0.00290	0.00588
6	0.00847	0.03743	0.08661	0.00718	0.03593	0.12445	0.00540	0.03407	0.00793	0.03046	0.01137	0.02100	0.01198	0.51368	0.01408	0.00287	0.00471	0.03622	0.00249	0.00369
7	0.00587	0.00422	0.00540	0.00600	0.00664	0.00407	0.00459	0.00699	0.00841	0.01094	0.04743	0.22695	0.12121	0.18867	0.00864	0.00220	0.00323	0.33163	0.00354	0.00337
8	0.02750	0.35696	0.04803	0.00818	0.02176	0.06940	0.02736	0.06771	0.01056	0.31006	0.00999	0.00978	0.00718	0.00424	0.00347	0.00110	0.00440	0.00314	0.00316	0.00601
9	0.09709	0.54331	0.01734	0.00774	0.01088	0.16639	0.00701	0.08736	0.00983	0.01208	0.00621	0.00705	0.00535	0.00380	0.00296	0.00098	0.00484	0.00242	0.00212	0.00525
10	0.00497	0.00383	0.00455	0.00508	0.00580	0.00341	0.00354	0.00586	0.00860	0.01095	0.06175	0.50108	0.34243	0.01172	0.00507	0.00154	0.00225	0.01032	0.00384	0.00341
11	0.00510	0.00366	0.00482	0.00571	0.00601	0.00342	0.00388	0.00586	0.00793	0.01051	0.02294	0.76390	0.05391	0.03777	0.00571	0.00174	0.00248	0.04756	0.00377	0.00333
12	0.44044	0.15048	0.07397	0.00770	0.02476	0.05839	0.03613	0.07943	0.00911	0.07629	0.00712	0.00787	0.00542	0.00396	0.00308	0.00120	0.00414	0.00269	0.00261	0.00520
13	0.13061	0.18579	0.39006	0.01024	0.03273	0.04771	0.05414	0.06272	0.02666	0.01385	0.00717	0.00830	0.00547	0.00389	0.00352	0.00120	0.00525	0.00292	0.00209	0.00567
14	0.00576	0.00406	0.00504	0.00517	0.00567	0.00390	0.00356	0.00671	0.00849	0.01153	0.26733	0.16733	0.06405	0.32883	0.02662	0.00252	0.00311	0.07361	0.00350	0.00323
15	0.05053	0.48108	0.09607	0.00810	0.01147	0.04121	0.03915	0.05269	0.05861	0.04338	0.05039	0.00993	0.00803	0.00428	0.00341	0.00108	0.01612	0.01668	0.00238	0.00542
16	0.05835	0.09761	0.06949	0.00902	0.02706	0.06481	0.06126	0.12376	0.10276	0.26761	0.03831	0.02730	0.00967	0.00497	0.00397	0.00125	0.00431	0.01879	0.00362	0.00608
17	0.02946	0.12698	0.09072	0.00864	0.01140	0.26943	0.03591	0.05562	0.03912	0.03118	0.10114	0.03704	0.02473	0.02774	0.00423	0.00118	0.00498	0.00383	0.00268	0.09401
18	0.03335	0.00895	0.08650	0.00821	0.05503	0.05083	0.00663	0.08421	0.06944	0.10481	0.12262	0.04573	0.12240	0.00595	0.00432	0.00119	0.02482	0.00486	0.00339	0.15677
19	0.01116	0.06149	0.03881	0.02657	0.03177	0.04702	0.04304	0.12597	0.12287	0.12648	0.08607	0.04757	0.01201	0.00529	0.00401	0.00117	0.00390	0.03408	0.00344	0.16726
20	0.03163	0.00994	0.12602	0.10046	0.16953	0.00840	0.03065	0.10303	0.05589	0.11570	0.09425	0.03146	0.01074	0.00479	0.00406	0.00123	0.00428	0.00413	0.00304	0.09077
21	0.00984	0.02434	0.02305	0.08543	0.18998	0.03357	0.00770	0.10524	0.07833	0.04597	0.08438	0.03277	0.05762	0.00517	0.00420	0.01751	0.00391	0.00425	0.00298	0.18377

[dist]
# distance from previous block
# <min> <max>
71	146

[block]
# block no. 3 follows, 65 sequences, length 13
# corresponding to MSA columns:
# 1394-1406
name=unknown_D
#
# <colnr> <probs for GDERKNQSTAVLIFYWHMCP>
#	G	D	E	R	K	N	Q	S	T	A	V	L	I	F	Y	W	H	M	C	P
0	0.01006	0.36260	0.16447	0.00791	0.01125	0.04733	0.00788	0.08577	0.00960	0.03004	0.01038	0.08127	0.04282	0.03328	0.00411	0.00121	0.00445	0.02840	0.00244	0.05474
1	0.00992	0.48445	0.18506	0.00837	0.03057	0.01275	0.00847	0.03403	0.05520	0.01151	0.00848	0.01046	0.02582	0.03236	0.00382	0.00115	0.00454	0.02830	0.00212	0.04261
2	0.01102	0.30253	0.11662	0.00861	0.02388	0.03652	0.00801	0.20795	0.01090	0.01424	0.00841	0.01159	0.00740	0.04086	0.00538	0.03957	0.05276	0.05445	0.00253	0.03676
3	0.01035	0.44042	0.21618	0.00848	0.01217	0.09364	0.00884	0.04651	0.00930	0.01158	0.05358	0.00921	0.00751	0.00553	0.04970	0.00135	0.00532	0.00293	0.00207	0.00532
4	0.02566	0.51563	0.21803	0.00824	0.01217	0.04921	0.00880	0.01301	0.00872	0.07039	0.00712	0.00827	0.00588	0.02910	0.00364	0.00112	0.00483	0.00267	0.00204	0.00547
5	0.00884	0.33728	0.20573	0.00783	0.01101	0.01026	0.00806	0.01117	0.02946	0.02735	0.02402	0.10826	0.01104	0.06036	0.00482	0.00138	0.00432	0.08464	0.00243	0.04170
6	0.00607	0.00493	0.03502	0.00640	0.00734	0.00436	0.00528	0.00752	0.00886	0.01162	0.08674	0.15873	0.12163	0.12962	0.00752	0.00202	0.00333	0.38584	0.00359	0.00358
7	0.03660	0.18146	0.28964	0.00926	0.05853	0.00932	0.00917	0.02431	0.02999	0.04456	0.10067	0.02586	0.06976	0.02552	0.02687	0.00145	0.01866	0.03055	0.00259	0.00523
8	0.00631	0.00505	0.00558	0.00536	0.00636	0.03428	0.00387	0.00842	0.07507	0.01332	0.38188	0.06182	0.18646	0.15523	0.03144	0.00194	0.00290	0.00711	0.00382	0.00377
9	0.08458	0.21503	0.05590	0.04081	0.10289	0.03779	0.03619	0.06168	0.02900	0.20116	0.04307	0.01228	0.05337	0.00468	0.00369	0.00118	0.00421	0.00371	0.00305	0.00571
10	0.04526	0.01066	0.18475	0.17421	0.05164	0.00870	0.07958	0.03654	0.00852	0.01253	0.00812	0.01174	0.00685	0.04245	0.03562	0.00158	0.09621	0.03182	0.00215	0.15106
11	0.01087	0.09828	0.03810	0.19801	0.03933	0.05532	0.00741	0.03134	0.02631	0.20228	0.08135	0.06386	0.03535	0.04151	0.00473	0.00135	0.00416	0.00452	0.00316	0.05275
12	0.11188	0.08758	0.08866	0.00889	0.06457	0.02667	0.03682	0.05952	0.10515	0.11879	0.09467	0.04043	0.01115	0.00488	0.00377	0.00117	0.00385	0.00399	0.00317	0.12440

[dist]
# distance from previous block
# <min> <max>
43	168

[block]
# block no. 4 follows, 65 sequences, length 17
# corresponding to MSA columns:
# 1616-1632
name=unknown_E
#
# <colnr> <probs for GDERKNQSTAVLIFYWHMCP>
#	G	D	E	R	K	N	Q	S	T	A	V	L	I	F	Y	W	H	M	C	P
0	0.00820	0.12528	0.03425	0.00755	0.05693	0.05801	0.00568	0.07955	0.02676	0.01248	0.09621	0.11370	0.15764	0.12202	0.03649	0.00185	0.00393	0.04602	0.00312	0.00434
1	0.01005	0.13545	0.43866	0.01050	0.01529	0.03595	0.07408	0.07775	0.02624	0.04938	0.00794	0.00897	0.00588	0.00391	0.00374	0.00117	0.00537	0.00312	0.00222	0.08431
2	0.04607	0.19095	0.31987	0.01047	0.05310	0.04181	0.05365	0.06086	0.07299	0.06051	0.00836	0.00919	0.00631	0.00401	0.00364	0.00117	0.00504	0.00314	0.00237	0.04651
3	0.06250	0.56299	0.01752	0.00775	0.02620	0.03929	0.00696	0.07565	0.11225	0.04319	0.00787	0.00831	0.00648	0.00398	0.00305	0.00102	0.00425	0.00273	0.00243	0.00558
4	0.46890	0.15915	0.04929	0.05978	0.04889	0.10044	0.00671	0.04258	0.00845	0.01527	0.00621	0.00737	0.00497	0.00386	0.00297	0.00118	0.00425	0.00251	0.00231	0.00490
5	0.05180	0.01085	0.01158	0.03210	0.02809	0.02781	0.00753	0.66332	0.03794	0.02362	0.00986	0.01039	0.00722	0.02239	0.00433	0.00128	0.00441	0.00369	0.03523	0.00654
6	0.00542	0.00381	0.00472	0.00515	0.00544	0.00363	0.00332	0.00604	0.00767	0.01028	0.10846	0.43827	0.05812	0.30809	0.01067	0.00243	0.00288	0.00908	0.00342	0.00310
7	0.00981	0.01021	0.03932	0.26940	0.25264	0.09737	0.05858	0.04987	0.00922	0.01210	0.00765	0.02314	0.00643	0.02764	0.00570	0.00141	0.10835	0.00378	0.00208	0.00528
8	0.00622	0.00432	0.00546	0.00592	0.00640	0.00430	0.00444	0.00713	0.00771	0.01009	0.01798	0.05331	0.04157	0.42546	0.01310	0.00290	0.00380	0.37363	0.00315	0.00313
9	0.00595	0.00405	0.00484	0.00484	0.00497	0.00418	0.00294	0.00620	0.00608	0.00823	0.01260	0.02501	0.01412	0.71341	0.16212	0.00443	0.00519	0.00570	0.00244	0.00269
10	0.00713	0.00357	0.00535	0.00535	0.00535	0.00357	0.00357	0.00535	0.00535	0.00713	0.00713	0.01248	0.00713	0.01426	0.01604	0.88057	0.00357	0.00357	0.00178	0.00178
11	0.00602	0.00464	0.00556	0.00602	0.00680	0.00465	0.00429	0.00871	0.15002	0.01172	0.02364	0.52215	0.12908	0.04519	0.00566	0.00169	0.00264	0.05380	0.00382	0.00389
12	0.01097	0.85821	0.02151	0.00702	0.01054	0.01624	0.00702	0.01229	0.00834	0.00966	0.00571	0.00658	0.00527	0.00351	0.00263	0.00088	0.00439	0.00219	0.00176	0.00527
13	0.00602	0.00444	0.00634	0.00629	0.00688	0.00511	0.00473	0.00723	0.00653	0.00942	0.01123	0.01772	0.01092	0.16942	0.65581	0.00587	0.03343	0.00463	0.02449	0.00349
14	0.00961	0.00659	0.00824	0.00731	0.00911	0.00688	0.05423	0.03258	0.28682	0.12000	0.05867	0.12665	0.01540	0.05941	0.00530	0.00152	0.00322	0.04658	0.13672	0.00517
15	0.00840	0.07318	0.78401	0.01141	0.01732	0.00995	0.01466	0.01296	0.00865	0.01279	0.00726	0.00854	0.00520	0.00388	0.00382	0.00127	0.00596	0.00298	0.00173	0.00602
16	0.03200	0.03601	0.00780	0.00633	0.00792	0.00558	0.03899	0.02233	0.01056	0.12134	0.43395	0.06031	0.08708	0.03078	0.00538	0.00137	0.04211	0.00636	0.00398	0.03983

[dist]
# distance from previous block
# <min> <max>
0	2

[block]
# block no. 5 follows, 65 sequences, length 13
# corresponding to MSA columns:
# 1635-1647
name=unknown_F
#
# <colnr> <probs for GDERKNQSTAVLIFYWHMCP>
#	G	D	E	R	K	N	Q	S	T	A	V	L	I	F	Y	W	H	M	C	P
0	0.03710	0.29182	0.11662	0.00923	0.02653	0.28596	0.00830	0.02443	0.00951	0.01111	0.00655	0.00807	0.00562	0.00411	0.00390	0.00106	0.05504	0.01360	0.00202	0.07941
1	0.49774	0.01152	0.05017	0.00746	0.01021	0.18354	0.00626	0.12093	0.02960	0.03912	0.00703	0.00775	0.00535	0.00413	0.00314	0.00122	0.00440	0.00266	0.00273	0.00505
2	0.01210	0.01003	0.01249	0.05338	0.18519	0.03720	0.03593	0.37146	0.07819	0.01917	0.06991	0.01255	0.02976	0.00489	0.00413	0.00122	0.00439	0.00410	0.00337	0.05054
3	0.00513	0.00373	0.00483	0.00548	0.00595	0.00344	0.00376	0.00608	0.00864	0.01156	0.16276	0.64029	0.09943	0.01188	0.00514	0.00158	0.00228	0.01068	0.00393	0.00344
4	0.00633	0.00440	0.00554	0.04777	0.00711	0.00462	0.00424	0.00777	0.00829	0.01219	0.09774	0.13716	0.13960	0.05378	0.15934	0.00240	0.04220	0.00620	0.24967	0.00368
5	0.00510	0.00367	0.00468	0.00545	0.00575	0.00342	0.00360	0.00576	0.00776	0.01024	0.02306	0.69176	0.09126	0.10936	0.00700	0.00191	0.00254	0.01077	0.00366	0.00325
6	0.00576	0.00406	0.00465	0.00461	0.00500	0.00393	0.00289	0.00627	0.00736	0.00975	0.13425	0.02904	0.15076	0.56379	0.04853	0.00328	0.00366	0.00655	0.00298	0.00289
7	0.88473	0.00794	0.00603	0.00540	0.00794	0.00921	0.00445	0.01207	0.00699	0.01842	0.00572	0.00667	0.00445	0.00381	0.00254	0.00127	0.00318	0.00222	0.00254	0.00445
8	0.00974	0.00925	0.01569	0.02360	0.76275	0.00923	0.01188	0.01204	0.00923	0.01317	0.00894	0.07907	0.00819	0.00441	0.00416	0.00126	0.00467	0.00431	0.00218	0.00624
9	0.00655	0.00444	0.00556	0.00526	0.00642	0.00406	0.00395	0.00844	0.03042	0.07162	0.54680	0.09847	0.17481	0.00882	0.00481	0.00134	0.00214	0.00770	0.00437	0.00404
10	0.00786	0.00699	0.01150	0.10431	0.31224	0.00718	0.05691	0.02700	0.00863	0.01189	0.01277	0.25082	0.01325	0.04094	0.09217	0.00205	0.00493	0.02109	0.00263	0.00485
11	0.01238	0.36892	0.01473	0.00790	0.01069	0.15616	0.00680	0.01559	0.15922	0.13488	0.03784	0.02681	0.00891	0.00466	0.00363	0.00111	0.01793	0.00340	0.00290	0.00557
12	0.00914	0.00871	0.01355	0.12329	0.42601	0.03291	0.04001	0.01196	0.07167	0.01257	0.01036	0.13338	0.00972	0.00543	0.00485	0.00134	0.05802	0.00489	0.00243	0.01976

[dist]
# distance from previous block
# <min> <max>
16	79

[block]
# block no. 6 follows, 65 sequences, length 16
# corresponding to MSA columns:
# 1730-1745
name=unknown_G
#
# <colnr> <probs for GDERKNQSTAVLIFYWHMCP>
#	G	D	E	R	K	N	Q	S	T	A	V	L	I	F	Y	W	H	M	C	P
0	0.11544	0.11662	0.20598	0.03142	0.05858	0.02275	0.04155	0.02666	0.04392	0.05721	0.06178	0.05931	0.06066	0.00509	0.00378	0.00121	0.00424	0.00415	0.00268	0.07698
1	0.00722	0.06834	0.00926	0.00810	0.08684	0.00610	0.05033	0.00908	0.01010	0.01421	0.41755	0.04252	0.06948	0.02923	0.00497	0.00125	0.02162	0.00584	0.00346	0.13449
2	0.12342	0.08427	0.23790	0.05597	0.01402	0.02425	0.04009	0.14962	0.16797	0.04934	0.00961	0.01013	0.00708	0.00440	0.00376	0.00127	0.00467	0.00342	0.00287	0.00594
3	0.00923	0.08750	0.07481	0.00903	0.06983	0.00711	0.02823	0.01172	0.05209	0.11527	0.01515	0.08758	0.01473	0.02124	0.00477	0.00146	0.00393	0.28445	0.00328	0.09859
4	0.09655	0.10459	0.15024	0.03723	0.04312	0.00960	0.04352	0.12404	0.10906	0.08038	0.02034	0.05373	0.02982	0.00554	0.00401	0.00132	0.00430	0.07392	0.00309	0.00560
5	0.01095	0.65165	0.08819	0.00764	0.01127	0.07108	0.00763	0.02794	0.00882	0.01055	0.00609	0.00702	0.00536	0.00359	0.00287	0.00091	0.00464	0.00234	0.00187	0.06960
6	0.00590	0.00544	0.06622	0.00555	0.00693	0.00425	0.00464	0.00797	0.01120	0.01573	0.69792	0.02983	0.10639	0.00824	0.00477	0.00130	0.00225	0.00721	0.00425	0.00400
7	0.00753	0.00619	0.02881	0.02834	0.00912	0.01859	0.04318	0.02625	0.00749	0.05602	0.01157	0.10320	0.01133	0.11465	0.39128	0.00414	0.12060	0.00514	0.00252	0.00405
8	0.04044	0.32592	0.21180	0.00942	0.02771	0.08831	0.03781	0.05408	0.05354	0.08124	0.00796	0.00870	0.00617	0.00409	0.00370	0.00113	0.02696	0.00296	0.00235	0.00569
9	0.00881	0.19633	0.66440	0.01072	0.01625	0.01094	0.01346	0.01285	0.00860	0.01230	0.00702	0.00823	0.00521	0.00382	0.00364	0.00121	0.00572	0.00286	0.00174	0.00590
10	0.00585	0.00417	0.00495	0.00489	0.00577	0.00381	0.00348	0.00699	0.00937	0.03443	0.30975	0.10266	0.26580	0.18972	0.00830	0.00194	0.00254	0.02827	0.00381	0.00349
11	0.03305	0.30467	0.13497	0.00844	0.01169	0.01061	0.09201	0.02533	0.08721	0.04727	0.10456	0.03500	0.07852	0.00521	0.00378	0.00118	0.00420	0.00430	0.00275	0.00525
12	0.05655	0.03422	0.15648	0.04457	0.01273	0.03809	0.03767	0.07430	0.05662	0.15380	0.01001	0.02870	0.00765	0.00434	0.00371	0.00110	0.00423	0.01705	0.00297	0.25520
13	0.00612	0.06684	0.00635	0.00564	0.00660	0.00478	0.00423	0.00714	0.00867	0.03845	0.07055	0.40164	0.24439	0.02785	0.00544	0.00156	0.02460	0.06178	0.00366	0.00371
14	0.00706	0.00510	0.00727	0.18282	0.01165	0.00539	0.00632	0.00886	0.03174	0.05682	0.01810	0.25554	0.03872	0.09413	0.00660	0.00187	0.00370	0.25105	0.00333	0.00394
15	0.05295	0.07035	0.03644	0.03085	0.04969	0.00858	0.06443	0.11868	0.16055	0.05165	0.05963	0.13779	0.01474	0.00691	0.00440	0.00141	0.00387	0.11832	0.00347	0.00527

[dist]
# distance from previous block
# <min> <max>
5	13

[block]
# block no. 7 follows, 65 sequences, length 21
# corresponding to MSA columns:
# 1762-1776,1779-1784
name=unknown_H
#
# <colnr> <probs for GDERKNQSTAVLIFYWHMCP>
#	G	D	E	R	K	N	Q	S	T	A	V	L	I	F	Y	W	H	M	C	P
0	0.02087	0.02357	0.10822	0.05690	0.05684	0.08299	0.08260	0.15227	0.07530	0.01517	0.07112	0.02758	0.01289	0.02861	0.00490	0.00147	0.00476	0.16561	0.00309	0.00526
1	0.00659	0.00505	0.00668	0.01973	0.00703	0.00575	0.00476	0.00706	0.00713	0.00984	0.06140	0.10330	0.13888	0.15074	0.09342	0.15417	0.18125	0.00587	0.02808	0.00329
2	0.05892	0.00901	0.04383	0.25903	0.45387	0.00913	0.01126	0.01211	0.00893	0.05358	0.00840	0.03889	0.00692	0.00419	0.00403	0.00129	0.00484	0.00385	0.00220	0.00573
3	0.14532	0.00750	0.05397	0.00661	0.00907	0.00688	0.00566	0.10390	0.05516	0.21703	0.03189	0.01962	0.19052	0.00724	0.03446	0.00150	0.00355	0.03924	0.05564	0.00524
4	0.00999	0.00953	0.01594	0.08233	0.72719	0.00973	0.01217	0.01297	0.05511	0.01342	0.00820	0.01051	0.00677	0.00380	0.00407	0.00124	0.00483	0.00371	0.00214	0.00636
5	0.00879	0.00637	0.02592	0.00651	0.03170	0.00522	0.00482	0.02887	0.00822	0.08896	0.02184	0.04405	0.02646	0.13946	0.00830	0.14649	0.00341	0.00395	0.00270	0.38795
6	0.00773	0.00828	0.16999	0.00707	0.00939	0.00585	0.05195	0.03904	0.02855	0.03509	0.34442	0.01980	0.02065	0.00604	0.00409	0.00121	0.00318	0.00522	0.22783	0.00463
7	0.01049	0.01007	0.04243	0.05879	0.33411	0.05264	0.03718	0.06931	0.25341	0.02553	0.02220	0.01236	0.02016	0.00483	0.00444	0.02451	0.00451	0.00404	0.00289	0.00610
8	0.00798	0.00734	0.01224	0.60656	0.15133	0.00864	0.01096	0.01056	0.00855	0.01118	0.00927	0.01549	0.00803	0.00499	0.00430	0.00141	0.00516	0.10913	0.00211	0.00476
9	0.01053	0.02778	0.01603	0.04483	0.70311	0.06856	0.01192	0.02945	0.00967	0.01326	0.00786	0.01053	0.00667	0.00387	0.00404	0.00122	0.00503	0.01730	0.00210	0.00627
10	0.00586	0.00440	0.00660	0.00660	0.00733	0.00513	0.00513	0.00733	0.00660	0.00953	0.01100	0.01613	0.01026	0.03079	0.83947	0.00660	0.01100	0.00440	0.00220	0.00367
11	0.01742	0.00710	0.00933	0.00722	0.01024	0.00639	0.00594	0.08067	0.01210	0.71122	0.01550	0.01375	0.00994	0.00505	0.00403	0.00124	0.00346	0.00407	0.06857	0.00676
12	0.00597	0.00398	0.00448	0.00448	0.00448	0.00398	0.00249	0.00597	0.00597	0.00796	0.01293	0.02686	0.01492	0.85574	0.02089	0.00398	0.00398	0.00597	0.00249	0.00249
13	0.15495	0.05725	0.65877	0.01043	0.01579	0.00979	0.01300	0.01281	0.00837	0.01375	0.00701	0.00824	0.00508	0.00387	0.00361	0.00128	0.00551	0.00286	0.00187	0.00576
14	0.00648	0.10216	0.17130	0.00710	0.00900	0.00636	0.00660	0.00817	0.00830	0.01111	0.03703	0.44051	0.10055	0.00947	0.00492	0.00148	0.03114	0.03103	0.00312	0.00417
15	0.01060	0.03953	0.03544	0.02691	0.19694	0.00779	0.00759	0.06294	0.00969	0.11200	0.00850	0.00962	0.00663	0.00375	0.00386	0.00095	0.03276	0.00306	0.00269	0.41877
16	0.26287	0.41019	0.07791	0.00806	0.04796	0.06793	0.00722	0.04178	0.00861	0.01322	0.00621	0.00726	0.00522	0.00416	0.01603	0.00115	0.00450	0.00245	0.00211	0.00515
17	0.00538	0.00420	0.00490	0.00477	0.00594	0.00371	0.00361	0.00689	0.01047	0.01376	0.42561	0.03542	0.41307	0.00945	0.00488	0.00136	0.00207	0.03668	0.00416	0.00368
18	0.00850	0.00812	0.05745	0.00641	0.01020	0.00571	0.00547	0.01049	0.00852	0.01335	0.00730	0.00852	0.00603	0.00309	0.00309	0.00065	0.00322	0.00247	0.00239	0.82900
19	0.01006	0.00876	0.01367	0.28051	0.36166	0.02195	0.01079	0.04060	0.04912	0.07003	0.00859	0.01093	0.00674	0.00494	0.02463	0.00144	0.06379	0.00373	0.00235	0.00570
20	0.13686	0.05016	0.60573	0.01095	0.02899	0.00965	0.05525	0.01271	0.00854	0.01376	0.02717	0.00898	0.00599	0.00395	0.00373	0.00128	0.00550	0.00310	0.00194	0.00572

[dist]
# distance from previous block
# <min> <max>
0	1

[block]
# block no. 8 follows, 65 sequences, length 12
# corresponding to MSA columns:
# 1786-1797
name=unknown_I
#
# <colnr> <probs for GDERKNQSTAVLIFYWHMCP>
#	G	D	E	R	K	N	Q	S	T	A	V	L	I	F	Y	W	H	M	C	P
0	0.18255	0.04844	0.01005	0.00828	0.04096	0.02880	0.00645	0.15787	0.24066	0.20223	0.01212	0.01160	0.00869	0.00479	0.00373	0.00127	0.00370	0.00368	0.01798	0.00615
1	0.00972	0.31254	0.26680	0.04108	0.03160	0.02430	0.13505	0.03770	0.02419	0.01209	0.00756	0.02672	0.00620	0.00444	0.01922	0.00125	0.00541	0.00329	0.00200	0.02885
2	0.00632	0.00410	0.00615	0.00615	0.00662	0.00457	0.00457	0.00662	0.00615	0.00867	0.00961	0.01482	0.00914	0.02488	0.54543	0.31869	0.00834	0.00410	0.00205	0.00299
3	0.00542	0.00386	0.00514	0.00585	0.00630	0.00366	0.00418	0.00646	0.00859	0.01155	0.14551	0.56583	0.02782	0.05117	0.00597	0.00175	0.00260	0.13102	0.00385	0.00345
4	0.00986	0.01155	0.14445	0.02309	0.70319	0.00972	0.01300	0.01266	0.00924	0.01335	0.00767	0.00993	0.00630	0.00370	0.00404	0.00123	0.00506	0.00356	0.00199	0.00643
5	0.00605	0.00411	0.00515	0.00512	0.00593	0.00380	0.00365	0.00740	0.00980	0.04038	0.42371	0.20706	0.10467	0.11142	0.00676	0.00169	0.00234	0.00803	0.03928	0.00365
6	0.00729	0.00462	0.00630	0.03281	0.02947	0.00442	0.00484	0.00881	0.02884	0.11115	0.18109	0.43207	0.02527	0.02838	0.00531	0.00159	0.00277	0.07693	0.00397	0.00410
7	0.00690	0.00510	0.00692	0.00681	0.00776	0.00566	0.00526	0.10459	0.00854	0.01184	0.01380	0.18700	0.01402	0.02298	0.52425	0.00469	0.00807	0.04894	0.00284	0.00400
8	0.16220	0.11028	0.00993	0.00632	0.00973	0.00796	0.00527	0.07042	0.00902	0.01473	0.00702	0.00806	0.00576	0.00337	0.00298	0.00080	0.00334	0.00246	0.00249	0.55786
9	0.00586	0.00417	0.00538	0.00538	0.00578	0.00445	0.00367	0.00656	0.00643	0.00881	0.01364	0.02287	0.05688	0.45075	0.37653	0.00498	0.00693	0.00543	0.00243	0.00305
10	0.01122	0.20896	0.03530	0.02300	0.06562	0.12299	0.03436	0.08391	0.24186	0.01414	0.00976	0.01020	0.00770	0.00429	0.00362	0.00110	0.00450	0.00334	0.00281	0.11133
11	0.01066	0.03025	0.17559	0.03971	0.22245	0.03298	0.07236	0.01520	0.16544	0.11255	0.01069	0.01199	0.00812	0.00440	0.00405	0.00126	0.00473	0.01986	0.01616	0.04155

[dist]
# distance from previous block
# <min> <max>
5	11

[block]
# block no. 9 follows, 65 sequences, length 40
# corresponding to MSA columns:
# 1813-1852
name=unknown_J
#
# <colnr> <probs for GDERKNQSTAVLIFYWHMCP>
#	G	D	E	R	K	N	Q	S	T	A	V	L	I	F	Y	W	H	M	C	P
0	0.00832	0.00588	0.01460	0.02705	0.00864	0.00595	0.02156	0.04891	0.11932	0.10963	0.08502	0.30793	0.09121	0.04586	0.01513	0.00166	0.04376	0.03119	0.00381	0.00455
1	0.02313	0.01184	0.17354	0.02013	0.10129	0.03506	0.03030	0.24342	0.15431	0.03369	0.01131	0.01189	0.03076	0.00490	0.00419	0.01677	0.00446	0.00385	0.06944	0.01570
2	0.66528	0.00872	0.00749	0.00637	0.00906	0.00999	0.00524	0.18068	0.04474	0.01992	0.00706	0.00771	0.00532	0.00412	0.00294	0.00127	0.00346	0.00264	0.00294	0.00506
3	0.00993	0.13106	0.37121	0.03621	0.05005	0.02541	0.08910	0.03483	0.01809	0.07939	0.01956	0.02484	0.00684	0.00409	0.00381	0.00119	0.00520	0.00342	0.00229	0.08347
4	0.01065	0.01007	0.00978	0.03067	0.03613	0.12163	0.00689	0.01969	0.62153	0.01544	0.01444	0.01431	0.01115	0.03784	0.00492	0.00145	0.01938	0.00435	0.00366	0.00602
5	0.00581	0.00404	0.00460	0.00460	0.00484	0.00400	0.00278	0.00607	0.00647	0.00850	0.01656	0.02768	0.12180	0.67905	0.08353	0.00384	0.00428	0.00620	0.00264	0.00271
6	0.01444	0.01032	0.01149	0.05750	0.01284	0.02909	0.00759	0.58652	0.01641	0.09980	0.01046	0.02660	0.00770	0.00613	0.03785	0.00147	0.03070	0.00389	0.02274	0.00645
7	0.00887	0.00868	0.01285	0.16262	0.10674	0.01149	0.00973	0.01029	0.00702	0.01047	0.00612	0.00957	0.00561	0.00619	0.01055	0.00164	0.58756	0.00361	0.01565	0.00472
8	0.00625	0.00437	0.00539	0.00509	0.00626	0.00394	0.00383	0.00803	0.02100	0.05734	0.55332	0.06321	0.22890	0.00884	0.00481	0.00133	0.00209	0.00768	0.00434	0.00395
9	0.00600	0.00401	0.00457	0.00461	0.00465	0.00401	0.00267	0.00608	0.00612	0.00815	0.01331	0.02770	0.01530	0.81932	0.02024	0.00389	0.00397	0.04032	0.00254	0.00254
10	0.88473	0.00794	0.00603	0.00540	0.00794	0.00921	0.00445	0.01207	0.00699	0.01842	0.00572	0.00667	0.00445	0.00381	0.00254	0.00127	0.00318	0.00222	0.00254	0.00445
11	0.15623	0.00856	0.00875	0.00775	0.01010	0.00981	0.00611	0.06339	0.57266	0.03955	0.02989	0.01406	0.02201	0.00536	0.00403	0.00136	0.01479	0.00425	0.01530	0.00604
12	0.05940	0.01717	0.01172	0.04249	0.02516	0.64504	0.02529	0.06451	0.03247	0.01175	0.00687	0.00801	0.00558	0.00432	0.00394	0.00113	0.02505	0.00286	0.00229	0.00495
13	0.01182	0.00876	0.01000	0.00855	0.01112	0.00970	0.03333	0.06891	0.61842	0.14746	0.01594	0.01463	0.01161	0.00538	0.00419	0.00136	0.00349	0.00451	0.00425	0.00657
14	0.06011	0.01193	0.01098	0.00887	0.01180	0.19925	0.00712	0.35909	0.05169	0.19336	0.01042	0.01022	0.00737	0.00471	0.00391	0.00119	0.00478	0.00347	0.00373	0.03602
15	0.00893	0.00500	0.00629	0.00584	0.00747	0.00433	0.00442	0.01012	0.00948	0.23163	0.04758	0.30845	0.21699	0.00918	0.00467	0.00140	0.00269	0.03451	0.00406	0.07696
16	0.00594	0.00397	0.00451	0.00453	0.00456	0.00396	0.00256	0.00600	0.00615	0.00822	0.03044	0.05211	0.01580	0.81217	0.02008	0.00385	0.00389	0.00617	0.00257	0.00254
17	0.00823	0.02123	0.83447	0.01170	0.01777	0.00953	0.01517	0.01300	0.00867	0.01300	0.00737	0.00867	0.00520	0.00390	0.00390	0.00130	0.00607	0.00303	0.00173	0.00607
18	0.01027	0.00869	0.01412	0.01103	0.01363	0.00880	0.29082	0.19095	0.05463	0.06577	0.01370	0.22586	0.02678	0.00666	0.00503	0.00143	0.03692	0.00629	0.00329	0.00536
19	0.00581	0.00391	0.00452	0.00468	0.00472	0.00387	0.00270	0.00593	0.00628	0.00837	0.01451	0.16166	0.01692	0.71822	0.01834	0.00360	0.00372	0.00690	0.00270	0.00263
20	0.00668	0.00437	0.00574	0.00535	0.00644	0.00400	0.00403	0.00853	0.01144	0.07533	0.72763	0.07184	0.03606	0.00838	0.00481	0.00131	0.00207	0.00740	0.00452	0.00407
21	0.00572	0.00426	0.00533	0.00574	0.00643	0.00410	0.00406	0.02114	0.06331	0.01253	0.19305	0.52958	0.09325	0.01107	0.00504	0.00154	0.00238	0.02374	0.00399	0.00374
22	0.00928	0.00824	0.01467	0.01482	0.24114	0.03343	0.25939	0.01068	0.00832	0.03246	0.00831	0.02242	0.00710	0.00743	0.02353	0.26011	0.00518	0.00410	0.02477	0.00461
23	0.00970	0.00997	0.01449	0.39618	0.31211	0.11608	0.05932	0.01216	0.00914	0.01163	0.00739	0.01022	0.00586	0.00392	0.00408	0.00128	0.00559	0.00359	0.00195	0.00534
24	0.02610	0.01362	0.01333	0.17002	0.28097	0.37610	0.01005	0.02840	0.01024	0.01164	0.00701	0.00901	0.00573	0.00407	0.00402	0.00118	0.01792	0.00318	0.00207	0.00532
25	0.00497	0.00414	0.00434	0.00434	0.00563	0.00351	0.00323	0.00610	0.00957	0.01170	0.13338	0.06958	0.70491	0.01025	0.00487	0.00139	0.00207	0.00863	0.00389	0.00351
26	0.00673	0.00492	0.00699	0.00827	0.04769	0.00491	0.00672	0.00856	0.00931	0.01217	0.02082	0.06139	0.02262	0.03651	0.00604	0.00192	0.00381	0.72311	0.00366	0.00386
27	0.88473	0.00794	0.00603	0.00540	0.00794	0.00921	0.00445	0.01207	0.00699	0.01842	0.00572	0.00667	0.00445	0.00381	0.00254	0.00127	0.00318	0.00222	0.00254	0.00445
28	0.00851	0.00730	0.00851	0.00608	0.00973	0.00547	0.00486	0.01034	0.00851	0.01338	0.00730	0.00851	0.00608	0.00304	0.00304	0.00061	0.00304	0.00243	0.00243	0.88083
29	0.00827	0.00442	0.00449	0.00426	0.00540	0.00452	0.00325	0.07227	0.00944	0.01612	0.01312	0.01488	0.01025	0.00479	0.00297	0.00098	0.00212	0.00382	0.81057	0.00407
30	0.00713	0.00357	0.00535	0.00535	0.00535	0.00357	0.00357	0.00535	0.00535	0.00713	0.00713	0.01248	0.00713	0.01426	0.01604	0.88057	0.00357	0.00357	0.00178	0.00178
31	0.00500	0.00359	0.00475	0.00568	0.00594	0.00334	0.00379	0.00572	0.00789	0.01049	0.02306	0.83454	0.04539	0.01280	0.00523	0.00166	0.00237	0.01160	0.00381	0.00334
32	0.01017	0.10234	0.23054	0.04576	0.29030	0.05835	0.11863	0.05402	0.02731	0.01329	0.00770	0.00948	0.00605	0.00383	0.00396	0.00123	0.00552	0.00346	0.00208	0.00599
33	0.00498	0.00414	0.00431	0.00430	0.00558	0.00352	0.00319	0.00607	0.00944	0.01151	0.11862	0.05573	0.70736	0.03645	0.00536	0.00146	0.00213	0.00852	0.00384	0.00347
34	0.03374	0.02893	0.24646	0.05604	0.36292	0.02094	0.07179	0.07857	0.03599	0.01430	0.00800	0.00979	0.00621	0.00391	0.00401	0.00126	0.00529	0.00352	0.00219	0.00615
35	0.16035	0.25755	0.03678	0.00984	0.06187	0.28314	0.05761	0.01424	0.03307	0.04117	0.00694	0.00794	0.00565	0.00393	0.00332	0.00110	0.00534	0.00276	0.00223	0.00517
36	0.23946	0.00732	0.00839	0.00659	0.00962	0.00688	0.00541	0.03915	0.01018	0.45040	0.01275	0.01194	0.03335	0.00461	0.00358	0.00117	0.00333	0.00351	0.00396	0.13841
37	0.03595	0.43190	0.10383	0.00783	0.01090	0.08372	0.00754	0.05386	0.00946	0.03735	0.08451	0.01072	0.02617	0.00561	0.03745	0.00130	0.04115	0.00324	0.00235	0.00516
38	0.00608	0.00424	0.00506	0.00500	0.00549	0.00409	0.00326	0.00669	0.00717	0.00991	0.09063	0.10803	0.03120	0.51327	0.06230	0.00320	0.00387	0.04068	0.02826	0.06156
39	0.11538	0.11883	0.09169	0.00908	0.02911	0.11571	0.02484	0.19766	0.11824	0.06300	0.03455	0.01022	0.00789	0.00458	0.00389	0.00120	0.02283	0.00339	0.00305	0.02483

[dist]
# distance from previous block
# <min> <max>
0	3

[block]
# block no. 10 follows, 65 sequences, length 15
# corresponding to MSA columns:
# 1856-1870
name=unknown_K
#
# <colnr> <probs for GDERKNQSTAVLIFYWHMCP>
#	G	D	E	R	K	N	Q	S	T	A	V	L	I	F	Y	W	H	M	C	P
0	0.06431	0.04840	0.02836	0.00739	0.03768	0.02272	0.06009	0.03221	0.02492	0.03616	0.15415	0.24234	0.13143	0.03236	0.00509	0.00146	0.01518	0.01994	0.03156	0.00425
1	0.01076	0.01074	0.03014	0.05803	0.30119	0.10994	0.17586	0.03733	0.05620	0.05572	0.01029	0.01186	0.04745	0.00428	0.00429	0.00124	0.01589	0.00403	0.00248	0.05227
2	0.20614	0.01417	0.01028	0.00925	0.03579	0.45653	0.02190	0.01500	0.01021	0.08892	0.00729	0.00811	0.00569	0.00407	0.00345	0.00109	0.00559	0.00274	0.00251	0.09125
3	0.01397	0.00714	0.00905	0.05180	0.01084	0.00699	0.00617	0.08408	0.13275	0.44264	0.06439	0.01797	0.05452	0.03319	0.00483	0.00142	0.00351	0.04418	0.00445	0.00612
4	0.01476	0.01108	0.01184	0.00927	0.01241	0.01233	0.00760	0.69177	0.14536	0.02451	0.01093	0.01071	0.00785	0.00503	0.00412	0.00126	0.00432	0.00384	0.00412	0.00690
5	0.00821	0.00644	0.00833	0.00762	0.00775	0.05251	0.00579	0.00765	0.00607	0.00835	0.00663	0.01125	0.00659	0.02680	0.02955	0.48018	0.31190	0.00358	0.00183	0.00298
6	0.00819	0.00436	0.00447	0.00433	0.00547	0.00446	0.00328	0.01095	0.08104	0.03871	0.01377	0.01527	0.01069	0.00486	0.00302	0.00100	0.00208	0.00391	0.77601	0.00415
7	0.01066	0.04736	0.01691	0.05730	0.60792	0.01002	0.09030	0.04514	0.00980	0.05317	0.00817	0.01030	0.00657	0.00377	0.00408	0.00123	0.00500	0.00373	0.00225	0.00631
8	0.00599	0.00450	0.00572	0.00603	0.00656	0.00458	0.00429	0.04605	0.00870	0.01170	0.10390	0.52093	0.08419	0.07840	0.00693	0.00179	0.06014	0.03235	0.00365	0.00360
9	0.00833	0.02054	0.77934	0.01208	0.01802	0.00959	0.06960	0.01301	0.00874	0.01301	0.00743	0.00883	0.00527	0.00387	0.00396	0.00131	0.00612	0.00316	0.00176	0.00603
10	0.00719	0.00437	0.00556	0.00526	0.00629	0.00403	0.00385	0.00868	0.01023	0.10419	0.45964	0.13219	0.06198	0.10294	0.00647	0.00162	0.00240	0.00725	0.06187	0.00397
11	0.03820	0.00868	0.05580	0.00977	0.01246	0.00810	0.20620	0.09662	0.14271	0.11122	0.06317	0.11832	0.05326	0.02974	0.02528	0.00157	0.00443	0.00563	0.00344	0.00541
12	0.00722	0.00448	0.00571	0.00525	0.00650	0.00406	0.00399	0.00899	0.01113	0.10938	0.58750	0.05354	0.11688	0.00818	0.00467	0.00129	0.00214	0.00712	0.04778	0.00417
13	0.01237	0.24554	0.08066	0.00952	0.06586	0.06091	0.00799	0.22628	0.11703	0.07837	0.02371	0.01104	0.03409	0.00465	0.00370	0.00116	0.00444	0.00354	0.00309	0.00605
14	0.01057	0.25278	0.10237	0.06134	0.11215	0.08345	0.03303	0.07525	0.01892	0.02387	0.00866	0.01016	0.04610	0.00475	0.00518	0.00123	0.13923	0.00338	0.00220	0.00538

[dist]
# distance from previous block
# <min> <max>
0	1

[block]
# block no. 11 follows, 65 sequences, length 9
# corresponding to MSA columns:
# 1872-1880
name=unknown_L
#
# <colnr> <probs for GDERKNQSTAVLIFYWHMCP>
#	G	D	E	R	K	N	Q	S	T	A	V	L	I	F	Y	W	H	M	C	P
0	0.03963	0.01316	0.05658	0.03768	0.22090	0.24200	0.11177	0.13256	0.01156	0.08284	0.00834	0.00962	0.00635	0.00413	0.00402	0.00121	0.00570	0.00349	0.00262	0.00586
1	0.02777	0.16080	0.04403	0.00877	0.03543	0.11465	0.05756	0.04654	0.06014	0.02840	0.01216	0.08057	0.01189	0.07948	0.03472	0.00174	0.02284	0.14026	0.02752	0.00471
2	0.00517	0.00414	0.00462	0.00456	0.00575	0.00359	0.00340	0.00648	0.01002	0.01280	0.29576	0.07499	0.53453	0.00986	0.00487	0.00137	0.00205	0.00840	0.00404	0.00359
3	0.01252	0.01086	0.02937	0.04950	0.05641	0.09000	0.06110	0.33330	0.16216	0.04491	0.03269	0.03516	0.00930	0.02483	0.00482	0.00136	0.02798	0.00421	0.00346	0.00607
4	0.00839	0.00660	0.00771	0.00615	0.00878	0.00571	0.00480	0.02818	0.10697	0.04750	0.18073	0.03780	0.04934	0.02742	0.00422	0.00103	0.00285	0.00442	0.00331	0.45809
5	0.00692	0.00477	0.00573	0.00558	0.00671	0.00454	0.00411	0.00861	0.05791	0.08522	0.12722	0.22829	0.26340	0.09450	0.00670	0.00170	0.02890	0.03159	0.00381	0.02381
6	0.06015	0.12913	0.04352	0.02369	0.02528	0.09048	0.03243	0.30007	0.06888	0.07288	0.03426	0.01048	0.00795	0.01806	0.00401	0.00119	0.00451	0.00347	0.00322	0.06633
7	0.04289	0.34546	0.23392	0.00982	0.07244	0.06404	0.00935	0.04704	0.04607	0.03460	0.00874	0.03166	0.02923	0.00432	0.00344	0.00112	0.00483	0.00321	0.00223	0.00558
8	0.05091	0.03449	0.01214	0.04743	0.13153	0.08323	0.03024	0.29262	0.07015	0.13498	0.03791	0.03696	0.00904	0.00494	0.00404	0.00125	0.00448	0.00402	0.00349	0.00616

[dist]
# distance from previous block
# <min> <max>
1	14

[block]
# block no. 12 follows, 65 sequences, length 35
# corresponding to MSA columns:
# 1895-1929
name=unknown_M
#
# <colnr> <probs for GDERKNQSTAVLIFYWHMCP>
#	G	D	E	R	K	N	Q	S	T	A	V	L	I	F	Y	W	H	M	C	P
0	0.01108	0.00753	0.03513	0.00703	0.00961	0.02796	0.00582	0.04738	0.14603	0.23403	0.12687	0.01951	0.08636	0.00610	0.00420	0.00123	0.00329	0.06030	0.00397	0.15657
1	0.00833	0.00705	0.00821	0.00596	0.00940	0.00534	0.00475	0.01014	0.00863	0.01347	0.03490	0.01005	0.02465	0.00341	0.00313	0.00065	0.00296	0.00276	0.02336	0.81285
2	0.03138	0.04644	0.05532	0.02211	0.01088	0.14496	0.00614	0.02727	0.01827	0.01283	0.00737	0.00895	0.00619	0.03118	0.00380	0.00089	0.00410	0.00267	0.00236	0.55685
3	0.00510	0.00363	0.00482	0.00574	0.00600	0.00341	0.00387	0.00583	0.00785	0.01046	0.02224	0.79280	0.02658	0.04303	0.00582	0.00176	0.00249	0.04149	0.00376	0.00332
4	0.01072	0.04887	0.01069	0.02669	0.07109	0.09657	0.00722	0.01991	0.62528	0.01568	0.01428	0.01363	0.01086	0.00517	0.00405	0.00132	0.00390	0.00423	0.00365	0.00622
5	0.04036	0.00439	0.00508	0.00521	0.00622	0.00419	0.00387	0.02301	0.02099	0.03354	0.16084	0.26864	0.18770	0.00927	0.00453	0.00139	0.00235	0.05436	0.16026	0.00381
6	0.00723	0.00518	0.00671	0.00711	0.00829	0.00525	0.00598	0.02585	0.09162	0.03264	0.11696	0.06446	0.05899	0.01002	0.00525	0.00169	0.00336	0.51885	0.02038	0.00418
7	0.01572	0.01131	0.01220	0.00936	0.01264	0.01245	0.00773	0.78337	0.01899	0.05939	0.01012	0.01003	0.00711	0.00493	0.00411	0.00123	0.00447	0.00371	0.00415	0.00698
8	0.00512	0.00386	0.00475	0.00530	0.00598	0.00350	0.00376	0.00611	0.00874	0.01132	0.10518	0.49221	0.26492	0.01163	0.00511	0.00156	0.00232	0.05131	0.00388	0.00345
9	0.01640	0.00935	0.01088	0.00844	0.01160	0.00965	0.00694	0.41184	0.07855	0.37258	0.01312	0.01205	0.00878	0.00504	0.00412	0.00126	0.00398	0.00396	0.00453	0.00695
10	0.00621	0.00441	0.00549	0.00563	0.00657	0.00417	0.00418	0.00808	0.05556	0.04280	0.26759	0.27457	0.16163	0.04580	0.00566	0.00160	0.00250	0.08968	0.00403	0.00384
11	0.00835	0.00849	0.01618	0.54761	0.02549	0.00942	0.28304	0.01128	0.00870	0.01139	0.00797	0.02912	0.00619	0.00407	0.00438	0.00138	0.00590	0.00423	0.00195	0.00486
12	0.01039	0.02787	0.00976	0.00864	0.02440	0.01031	0.00668	0.06058	0.72831	0.01724	0.01611	0.01562	0.01230	0.00562	0.00418	0.00138	0.00338	0.02674	0.00407	0.00642
13	0.00712	0.00560	0.00722	0.00677	0.02648	0.01275	0.04790	0.01007	0.11555	0.04994	0.31780	0.05626	0.24657	0.00833	0.00486	0.00138	0.01251	0.05449	0.00400	0.00438
14	0.00609	0.00438	0.00583	0.00623	0.00692	0.00436	0.00487	0.00748	0.00893	0.01202	0.19322	0.14065	0.03832	0.15334	0.05211	0.00232	0.01669	0.32909	0.00361	0.00353
15	0.01492	0.06332	0.01220	0.01037	0.01252	0.75131	0.00791	0.03465	0.01147	0.01039	0.00636	0.00746	0.00533	0.00430	0.00395	0.00107	0.03282	0.00267	0.00213	0.00483
16	0.01065	0.04299	0.01828	0.03562	0.02103	0.00827	0.04172	0.05834	0.02512	0.18346	0.15146	0.01494	0.03765	0.00614	0.01619	0.00137	0.19904	0.00439	0.00329	0.12006
17	0.01012	0.00942	0.01558	0.06777	0.59643	0.00969	0.05473	0.03918	0.06409	0.02662	0.03698	0.01133	0.00800	0.00412	0.00440	0.00127	0.02776	0.00392	0.00236	0.00622
18	0.00975	0.19688	0.42226	0.01005	0.01452	0.01824	0.06341	0.05252	0.00942	0.06888	0.02417	0.07506	0.00804	0.00470	0.00384	0.00124	0.00516	0.00383	0.00232	0.00570
19	0.01490	0.04959	0.01226	0.01122	0.05576	0.76550	0.00814	0.01604	0.01139	0.01021	0.00639	0.00752	0.00535	0.00417	0.00368	0.00106	0.00716	0.00268	0.00210	0.00487
20	0.00991	0.00928	0.01550	0.07096	0.69970	0.00946	0.01179	0.03118	0.00953	0.01364	0.03773	0.01106	0.00771	0.00397	0.00421	0.00123	0.01813	0.00380	0.02500	0.00620
21	0.00950	0.01043	0.02061	0.15600	0.06930	0.03488	0.57008	0.01293	0.03581	0.01271	0.00854	0.02425	0.00662	0.00382	0.00462	0.00137	0.00638	0.00461	0.00213	0.00540
22	0.00823	0.02123	0.83447	0.01170	0.01777	0.00953	0.01517	0.01300	0.00867	0.01300	0.00737	0.00867	0.00520	0.00390	0.00390	0.00130	0.00607	0.00303	0.00173	0.00607
23	0.00512	0.00414	0.00455	0.00450	0.00572	0.00357	0.00335	0.00639	0.00992	0.01254	0.25737	0.07043	0.57812	0.00995	0.00486	0.00137	0.00205	0.00845	0.00401	0.00357
24	0.00577	0.00408	0.00531	0.00543	0.00624	0.00376	0.00399	0.00726	0.01019	0.02931	0.46662	0.28695	0.08774	0.01001	0.00500	0.00145	0.00221	0.05073	0.00422	0.00373
25	0.01450	0.00755	0.00908	0.00727	0.00988	0.00748	0.00594	0.25511	0.01345	0.37259	0.08338	0.01557	0.01221	0.00551	0.00406	0.00124	0.00345	0.03425	0.13135	0.00614
