[name]
unknown

[dist]
# distance from previous block
# <min> <max>
0	68

[block]
# block no. 0 follows, 66 sequences, length 16
# corresponding to MSA columns:
# 78-93
name=unknown_A
#
# <colnr> <probs for GDERKNQSTAVLIFYWHMCP>
#	G	D	E	R	K	N	Q	S	T	A	V	L	I	F	Y	W	H	M	C	P
0	0.04872	0.02956	0.03740	0.08510	0.05884	0.04084	0.02028	0.17526	0.03641	0.13918	0.07664	0.05428	0.05877	0.02256	0.00443	0.00132	0.00393	0.04402	0.02303	0.03942
1	0.05501	0.13021	0.09072	0.06218	0.27766	0.02605	0.07184	0.06565	0.07041	0.02423	0.02468	0.02161	0.00734	0.00407	0.00377	0.00117	0.00466	0.00355	0.00239	0.05278
2	0.00632	0.00502	0.00649	0.02664	0.03106	0.01884	0.02346	0.02420	0.03198	0.02071	0.04990	0.46037	0.11379	0.03911	0.02647	0.00171	0.01591	0.04916	0.00348	0.04539
3	0.03624	0.05281	0.07458	0.01018	0.02545	0.14440	0.10309	0.29693	0.06553	0.04111	0.03253	0.02753	0.00793	0.00468	0.00417	0.00121	0.02389	0.00375	0.00307	0.04094
4	0.01040	0.20454	0.13609	0.02925	0.08182	0.00968	0.02175	0.07094	0.07972	0.10920	0.06930	0.05861	0.02834	0.00498	0.00377	0.00116	0.00407	0.00408	0.00292	0.06941
5	0.00864	0.03516	0.00835	0.02000	0.08545	0.06625	0.02250	0.02100	0.01902	0.11063	0.03505	0.31548	0.08411	0.03745	0.01612	0.04464	0.01437	0.02217	0.00330	0.03032
6	0.01287	0.06259	0.20642	0.06142	0.17380	0.00856	0.00978	0.03424	0.03356	0.33979	0.01104	0.01116	0.00761	0.00433	0.00392	0.00124	0.00450	0.00360	0.00322	0.00634
7	0.00992	0.14937	0.08696	0.12531	0.23256	0.04355	0.08808	0.08536	0.03302	0.01305	0.00924	0.05027	0.02497	0.00456	0.00405	0.00123	0.01531	0.01532	0.00231	0.00554
8	0.01121	0.03073	0.12024	0.09129	0.13570	0.02886	0.09330	0.03864	0.05090	0.20937	0.04299	0.06992	0.00985	0.00511	0.00459	0.00131	0.04274	0.00444	0.00305	0.00574
9	0.00505	0.00370	0.00475	0.00537	0.00586	0.00340	0.00369	0.00599	0.00855	0.01138	0.15460	0.62034	0.12899	0.01170	0.00507	0.00155	0.00225	0.01049	0.00388	0.00340
10	0.00677	0.00572	0.00818	0.00764	0.00809	0.00724	0.00606	0.00786	0.00646	0.00946	0.01010	0.03474	0.03018	0.04939	0.48245	0.03276	0.27659	0.00440	0.00212	0.00377
11	0.03620	0.15352	0.18590	0.03817	0.07517	0.09209	0.12213	0.05325	0.07298	0.08012	0.03072	0.01070	0.02289	0.00426	0.00383	0.00120	0.00510	0.00358	0.00253	0.00565
12	0.04509	0.00848	0.05120	0.09439	0.21248	0.00812	0.07148	0.04432	0.00972	0.21511	0.04034	0.01337	0.02990	0.00571	0.02590	0.02230	0.05502	0.02119	0.02026	0.00562
13	0.05209	0.00470	0.00547	0.00539	0.00668	0.00463	0.00433	0.01040	0.02734	0.11104	0.05653	0.04586	0.05132	0.02278	0.00423	0.00134	0.00267	0.19631	0.38271	0.00418
14	0.04640	0.00513	0.00713	0.09363	0.01947	0.00522	0.04020	0.02955	0.01953	0.04960	0.08828	0.40434	0.06933	0.02149	0.00524	0.01905	0.01440	0.02591	0.03215	0.00396
15	0.03400	0.08706	0.19295	0.01152	0.10344	0.04685	0.08484	0.14539	0.05090	0.14607	0.01883	0.01027	0.00719	0.00431	0.00409	0.00122	0.02336	0.00353	0.00289	0.02128

[dist]
# distance from previous block
# <min> <max>
2	10

[block]
# block no. 1 follows, 66 sequences, length 11
# corresponding to MSA columns:
# 104-114
name=unknown_B
#
# <colnr> <probs for GDERKNQSTAVLIFYWHMCP>
#	G	D	E	R	K	N	Q	S	T	A	V	L	I	F	Y	W	H	M	C	P
0	0.05896	0.03403	0.03646	0.08086	0.30402	0.04386	0.07404	0.01316	0.07345	0.08556	0.02625	0.01192	0.00807	0.00605	0.05797	0.00160	0.04018	0.02037	0.00254	0.02063
1	0.00794	0.00813	0.10850	0.00756	0.00947	0.03929	0.02443	0.06461	0.14743	0.02795	0.06812	0.30544	0.04661	0.00838	0.00458	0.00144	0.00348	0.07351	0.02293	0.02020
2	0.00598	0.00407	0.00503	0.00517	0.00569	0.00397	0.00354	0.00665	0.00750	0.03289	0.07481	0.17128	0.12658	0.34975	0.10028	0.02547	0.00397	0.06113	0.00311	0.00314
3	0.03095	0.02063	0.01043	0.02659	0.04951	0.06865	0.00704	0.22400	0.32932	0.04142	0.01194	0.01250	0.00921	0.03399	0.04616	0.00162	0.03734	0.00397	0.00349	0.03125
4	0.03072	0.00968	0.03675	0.03545	0.01666	0.03270	0.47350	0.02889	0.00988	0.09856	0.08075	0.04623	0.02264	0.00464	0.00473	0.00133	0.02561	0.00493	0.00270	0.03365
5	0.01034	0.18137	0.10841	0.06782	0.13568	0.03539	0.12980	0.06500	0.07412	0.04132	0.00827	0.00972	0.00650	0.00439	0.01613	0.00125	0.03797	0.00343	0.00234	0.06075
6	0.00935	0.36289	0.34417	0.01018	0.01462	0.01200	0.12866	0.01234	0.00872	0.01167	0.04518	0.00909	0.00686	0.00384	0.00352	0.00113	0.00525	0.00312	0.00190	0.00549
7	0.00595	0.00401	0.00497	0.00542	0.00611	0.00371	0.00377	0.00711	0.03135	0.05674	0.04847	0.56005	0.16302	0.04418	0.00554	0.00163	0.00242	0.00982	0.03214	0.00361
8	0.00854	0.03318	0.19337	0.02991	0.03133	0.00795	0.16414	0.07260	0.06292	0.03776	0.02962	0.18667	0.03217	0.03968	0.00511	0.00150	0.00457	0.05103	0.00289	0.00505
9	0.04124	0.17744	0.16900	0.05409	0.05685	0.10302	0.03614	0.08861	0.05808	0.12659	0.00929	0.00988	0.01830	0.00421	0.00365	0.00115	0.00486	0.00326	0.00268	0.03165
10	0.00780	0.00541	0.00747	0.02735	0.05044	0.00527	0.03977	0.04090	0.02598	0.10387	0.02133	0.28959	0.15615	0.07469	0.00622	0.00170	0.01902	0.10922	0.00357	0.00422

[dist]
# distance from previous block
# <min> <max>
4	9

[block]
# block no. 2 follows, 66 sequences, length 21
# corresponding to MSA columns:
# 124-144
name=unknown_C
#
# <colnr> <probs for GDERKNQSTAVLIFYWHMCP>
#	G	D	E	R	K	N	Q	S	T	A	V	L	I	F	Y	W	H	M	C	P
0	0.05298	0.04032	0.11221	0.01101	0.11443	0.06961	0.06834	0.14260	0.06058	0.10341	0.10354	0.03123	0.01137	0.00514	0.00424	0.00126	0.01951	0.02722	0.00314	0.01786
1	0.00976	0.13601	0.17232	0.00919	0.05771	0.02033	0.05226	0.01232	0.04547	0.15429	0.04649	0.17931	0.03827	0.00649	0.00418	0.00132	0.00408	0.04185	0.00311	0.00523
2	0.00621	0.00496	0.00711	0.07262	0.05529	0.00498	0.03403	0.03033	0.04637	0.01179	0.07419	0.55851	0.04465	0.01025	0.00490	0.00154	0.00297	0.02182	0.00353	0.00394
3	0.03232	0.00607	0.04253	0.00759	0.00908	0.00556	0.04718	0.03794	0.05563	0.07637	0.04353	0.25920	0.02037	0.00960	0.00500	0.00162	0.00351	0.32888	0.00369	0.00433
4	0.03475	0.12206	0.08279	0.10442	0.15232	0.03593	0.07046	0.13434	0.01736	0.08550	0.02102	0.04772	0.01560	0.00479	0.00409	0.00124	0.01800	0.02751	0.00271	0.01739
5	0.00997	0.00550	0.00676	0.00594	0.00767	0.01366	0.00467	0.05297	0.01074	0.25397	0.22107	0.07530	0.16894	0.00829	0.03279	0.00148	0.01545	0.02791	0.07215	0.00478
6	0.00718	0.00474	0.00574	0.00552	0.00677	0.00447	0.00412	0.00953	0.09007	0.10194	0.29125	0.21598	0.19652	0.00900	0.00469	0.00138	0.00234	0.00784	0.02673	0.00421
7	0.01178	0.01382	0.01819	0.01392	0.01716	0.30819	0.45135	0.03844	0.06275	0.01252	0.00809	0.00988	0.00624	0.00387	0.00432	0.00125	0.00671	0.00396	0.00226	0.00530
8	0.08869	0.01205	0.26563	0.02011	0.06990	0.00893	0.00905	0.18541	0.03567	0.05129	0.02238	0.04927	0.04664	0.08257	0.00577	0.00154	0.03263	0.00419	0.00282	0.00547
9	0.00494	0.00355	0.00469	0.00559	0.00587	0.00330	0.00374	0.00566	0.00782	0.01038	0.02305	0.82484	0.05632	0.01262	0.00516	0.00164	0.00234	0.01142	0.00377	0.00330
10	0.02915	0.00492	0.00578	0.00588	0.00687	0.00496	0.00428	0.06676	0.09357	0.01362	0.15328	0.42289	0.09721	0.00981	0.00471	0.00146	0.00251	0.02039	0.04790	0.00404
11	0.09841	0.32364	0.01528	0.12742	0.08734	0.15374	0.02385	0.06728	0.00964	0.04913	0.00694	0.00821	0.00562	0.00388	0.00331	0.00109	0.00494	0.00282	0.00222	0.00525
12	0.03268	0.12435	0.10965	0.12702	0.18923	0.05887	0.08326	0.03256	0.05298	0.02311	0.08440	0.03749	0.00977	0.00460	0.00403	0.00123	0.01297	0.00401	0.00241	0.00537
13	0.15923	0.01105	0.01197	0.14768	0.21349	0.20130	0.02956	0.07571	0.00985	0.04089	0.00749	0.00960	0.00604	0.03261	0.00451	0.00131	0.02688	0.00327	0.00235	0.00522
14	0.00553	0.00404	0.00547	0.04030	0.00728	0.00399	0.00452	0.02731	0.00818	0.01089	0.02082	0.67822	0.02435	0.01278	0.04212	0.00186	0.00305	0.09217	0.00362	0.00350
15	0.00591	0.00414	0.00493	0.00510	0.00572	0.00392	0.00348	0.00697	0.03187	0.03364	0.11086	0.25611	0.17061	0.29041	0.01014	0.00230	0.00289	0.04423	0.00346	0.00331
16	0.00965	0.03564	0.03884	0.14901	0.31812	0.03120	0.13425	0.05773	0.02701	0.03757	0.05927	0.01335	0.06119	0.00453	0.00419	0.00126	0.00487	0.00428	0.00248	0.00557
17	0.03323	0.00548	0.00705	0.00653	0.00804	0.00528	0.02967	0.04052	0.07870	0.12082	0.13733	0.31409	0.06299	0.00933	0.02904	0.00156	0.00308	0.04423	0.00385	0.05918
18	0.00658	0.00529	0.00701	0.00713	0.03403	0.01910	0.03378	0.02974	0.05313	0.01320	0.25867	0.27304	0.06874	0.02378	0.02258	0.00163	0.03121	0.10362	0.00373	0.00401
19	0.01012	0.03793	0.01464	0.14258	0.28736	0.06210	0.11251	0.04429	0.10859	0.03415	0.03261	0.01131	0.00788	0.00483	0.01983	0.00138	0.05589	0.00390	0.00245	0.00565
20	0.10750	0.11934	0.05768	0.05909	0.01305	0.04179	0.18645	0.03986	0.08533	0.02585	0.06938	0.08929	0.01126	0.02745	0.00476	0.02404	0.00451	0.02576	0.00272	0.00488

[dist]
# distance from previous block
# <min> <max>
0	4

[block]
# block no. 3 follows, 66 sequences, length 16
# corresponding to MSA columns:
# 149-164
name=unknown_D
#
# <colnr> <probs for GDERKNQSTAVLIFYWHMCP>
#	G	D	E	R	K	N	Q	S	T	A	V	L	I	F	Y	W	H	M	C	P
0	0.30868	0.17611	0.06794	0.03500	0.08318	0.12044	0.00732	0.06951	0.04088	0.03480	0.00752	0.00842	0.01700	0.00403	0.00319	0.00116	0.00442	0.00280	0.00243	0.00519
1	0.16076	0.04243	0.21397	0.06424	0.04368	0.02480	0.12075	0.05619	0.03266	0.10145	0.05076	0.01060	0.00776	0.00440	0.00430	0.00129	0.04830	0.00358	0.00261	0.00548
2	0.00571	0.00456	0.00528	0.00569	0.00645	0.02878	0.00409	0.00730	0.05288	0.01162	0.12609	0.45274	0.18200	0.01157	0.03354	0.00169	0.00280	0.04981	0.00377	0.00363
3	0.08441	0.00701	0.02426	0.05399	0.13410	0.00690	0.05164	0.07268	0.02684	0.11756	0.13576	0.09766	0.01450	0.05370	0.00498	0.00142	0.00356	0.00512	0.09893	0.00497
4	0.00621	0.00393	0.00527	0.00526	0.00548	0.00410	0.00351	0.00613	0.00608	0.00833	0.04003	0.01964	0.01208	0.35721	0.23292	0.26860	0.00555	0.00483	0.00225	0.00260
5	0.00894	0.00879	0.03837	0.29324	0.22452	0.00902	0.17504	0.01180	0.03317	0.04125	0.02627	0.04234	0.02946	0.00456	0.00460	0.00134	0.03539	0.00437	0.00226	0.00528
6	0.04959	0.00581	0.00750	0.00635	0.00834	0.00539	0.00495	0.03282	0.01988	0.40974	0.08386	0.07432	0.04846	0.07368	0.04542	0.08070	0.00358	0.01713	0.00401	0.01845
7	0.00648	0.00540	0.00796	0.23641	0.01275	0.00568	0.03506	0.00891	0.03905	0.01391	0.44477	0.02502	0.10866	0.00714	0.00458	0.00133	0.00315	0.02607	0.00355	0.00412
8	0.03397	0.17792	0.03599	0.02423	0.01194	0.02711	0.04882	0.23996	0.15072	0.09417	0.01048	0.02157	0.00808	0.00462	0.00373	0.00116	0.00417	0.01893	0.00327	0.07917
9	0.00959	0.00901	0.06476	0.09761	0.34308	0.00823	0.10692	0.02187	0.02241	0.08544	0.06499	0.03712	0.04084	0.02262	0.01542	0.00138	0.00467	0.00445	0.00260	0.03700
10	0.04416	0.12231	0.32381	0.01050	0.04575	0.04252	0.06964	0.11586	0.05474	0.08246	0.02248	0.01037	0.01946	0.01376	0.00399	0.00125	0.00504	0.00345	0.00258	0.00586
11	0.00864	0.14635	0.56830	0.01107	0.03901	0.01014	0.05791	0.02553	0.00874	0.01240	0.00837	0.01060	0.02268	0.02465	0.00420	0.00131	0.00554	0.02701	0.00190	0.00567
12	0.01531	0.00666	0.00942	0.00741	0.01020	0.00588	0.05120	0.01713	0.02986	0.63103	0.04546	0.07408	0.06551	0.00593	0.00427	0.00130	0.00342	0.00505	0.00465	0.00623
13	0.02685	0.05194	0.14430	0.05933	0.29588	0.03383	0.05751	0.09333	0.03992	0.07078	0.04809	0.01094	0.00803	0.00433	0.00434	0.00125	0.03714	0.00371	0.00255	0.00593
14	0.01042	0.00881	0.01348	0.06108	0.43147	0.04319	0.05528	0.02874	0.05456	0.10038	0.07105	0.04374	0.01077	0.00488	0.00420	0.00127	0.00445	0.03271	0.01369	0.00583
15	0.00773	0.00680	0.00894	0.05037	0.17668	0.05332	0.00687	0.02677	0.07699	0.01219	0.08358	0.12217	0.05797	0.03543	0.19060	0.00259	0.00538	0.06814	0.00292	0.00454

[dist]
# distance from previous block
# <min> <max>
3	5

[block]
# block no. 4 follows, 66 sequences, length 27
# corresponding to MSA columns:
# 170-195,197
name=unknown_E
#
# <colnr> <probs for GDERKNQSTAVLIFYWHMCP>
#	G	D	E	R	K	N	Q	S	T	A	V	L	I	F	Y	W	H	M	C	P
0	0.11523	0.14685	0.03481	0.05565	0.03866	0.01019	0.11773	0.15725	0.04482	0.14626	0.02865	0.01032	0.00750	0.00421	0.00368	0.00117	0.00434	0.00348	0.00303	0.06618
1	0.00957	0.36664	0.44543	0.00952	0.01422	0.04331	0.01116	0.01294	0.03204	0.01150	0.00683	0.00786	0.00538	0.00376	0.00334	0.00111	0.00528	0.00269	0.00181	0.00563
2	0.00924	0.01651	0.49215	0.01257	0.01753	0.02909	0.23918	0.01356	0.04512	0.05526	0.00908	0.01040	0.02321	0.00401	0.00416	0.00131	0.00593	0.00373	0.00214	0.00583
3	0.02121	0.02346	0.09924	0.10114	0.14175	0.03703	0.07109	0.11292	0.02511	0.10579	0.10975	0.05594	0.03687	0.00553	0.00425	0.00130	0.00440	0.03467	0.00309	0.00545
4	0.00571	0.00400	0.00518	0.00586	0.00655	0.00373	0.00437	0.00677	0.00851	0.03667	0.02517	0.49747	0.16348	0.01170	0.00518	0.00164	0.00266	0.19800	0.00380	0.00353
5	0.00578	0.00417	0.00526	0.00500	0.00604	0.00378	0.00374	0.00751	0.01101	0.02957	0.66204	0.05708	0.16651	0.00870	0.00479	0.00130	0.00198	0.00761	0.00434	0.00380
6	0.00561	0.00415	0.00603	0.00624	0.00683	0.00462	0.00468	0.00683	0.00678	0.00957	0.01356	0.20746	0.01412	0.05715	0.62030	0.00531	0.00867	0.00604	0.00255	0.00350
7	0.07919	0.11142	0.06084	0.00902	0.01215	0.10369	0.05159	0.34450	0.02697	0.10564	0.00946	0.01062	0.00718	0.02724	0.00423	0.00127	0.00473	0.02108	0.00326	0.00594
8	0.00686	0.00560	0.00729	0.00689	0.00774	0.02160	0.02308	0.02719	0.02762	0.02179	0.09256	0.16738	0.13540	0.03168	0.17705	0.01713	0.14341	0.04769	0.02816	0.00389
9	0.00491	0.00411	0.00427	0.00423	0.00555	0.00348	0.00318	0.00605	0.00953	0.01163	0.13990	0.03795	0.73125	0.01003	0.00479	0.00136	0.00204	0.00841	0.00386	0.00348
10	0.00985	0.31744	0.18405	0.10965	0.14487	0.01203	0.04692	0.02729	0.00864	0.03083	0.00689	0.00860	0.00561	0.00397	0.00420	0.00117	0.06751	0.00303	0.00192	0.00551
11	0.01319	0.16100	0.20974	0.00897	0.01280	0.04360	0.02987	0.18623	0.01179	0.24309	0.02224	0.01069	0.01984	0.00449	0.00379	0.00118	0.00463	0.00347	0.00323	0.00617
12	0.01626	0.00828	0.01006	0.00789	0.01090	0.00820	0.00645	0.25276	0.08869	0.49956	0.01441	0.03682	0.00982	0.00524	0.00411	0.00127	0.00369	0.00422	0.00462	0.00676
13	0.63229	0.00856	0.02127	0.03871	0.04579	0.03955	0.03426	0.01289	0.00783	0.10273	0.00702	0.00791	0.00523	0.00396	0.00312	0.00126	0.01748	0.00265	0.00267	0.00483
14	0.07357	0.01190	0.02253	0.21732	0.01572	0.29687	0.02657	0.03114	0.08884	0.16283	0.00936	0.01023	0.00684	0.00439	0.00384	0.00122	0.00536	0.00337	0.00281	0.00528
15	0.00960	0.20698	0.39736	0.06017	0.01497	0.05210	0.02266	0.02830	0.09039	0.03438	0.02778	0.01013	0.00715	0.00423	0.00367	0.00120	0.00516	0.01590	0.00222	0.00565
16	0.88607	0.00785	0.00596	0.00534	0.00785	0.00910	0.00439	0.01193	0.00690	0.01820	0.00565	0.00659	0.00439	0.00377	0.00251	0.00126	0.00314	0.00220	0.00251	0.00439
17	0.00562	0.00427	0.00459	0.00446	0.00586	0.00363	0.00340	0.00680	0.00963	0.05317	0.13155	0.03691	0.67748	0.00980	0.00478	0.00136	0.00215	0.02697	0.00391	0.00365
18	0.00772	0.00373	0.00553	0.00540	0.00559	0.00367	0.00367	0.00616	0.00567	0.05688	0.00759	0.01242	0.00723	0.01355	0.01515	0.82895	0.00352	0.00356	0.00196	0.00207
19	0.01186	0.00967	0.01053	0.02678	0.01170	0.03849	0.02987	0.26989	0.42903	0.04348	0.02807	0.01378	0.03391	0.00537	0.00428	0.00132	0.01741	0.00434	0.00391	0.00630
20	0.00992	0.00898	0.01554	0.22333	0.52846	0.00931	0.06999	0.01242	0.00913	0.06199	0.00808	0.01052	0.00638	0.00379	0.00409	0.00126	0.00503	0.00373	0.00214	0.00592
21	0.01061	0.03264	0.01135	0.00913	0.01149	0.00956	0.10673	0.05174	0.44140	0.10282	0.01479	0.03129	0.03973	0.02227	0.01907	0.00151	0.06967	0.00467	0.00363	0.00590
22	0.00490	0.00385	0.00443	0.00484	0.00568	0.00338	0.00342	0.00581	0.00866	0.01088	0.06125	0.40683	0.43909	0.01130	0.00497	0.00149	0.00218	0.00986	0.00379	0.00338
23	0.03486	0.00969	0.04081	0.06560	0.54378	0.02263	0.07051	0.01280	0.07565	0.01326	0.00919	0.04023	0.01797	0.00427	0.00426	0.00127	0.02096	0.00404	0.00226	0.00597
24	0.01311	0.00873	0.01032	0.13906	0.07278	0.10547	0.00749	0.06925	0.05685	0.32138	0.01334	0.03261	0.03800	0.02802	0.00486	0.00137	0.02978	0.03834	0.00355	0.00569
25	0.00859	0.00802	0.01321	0.50822	0.28991	0.00916	0.01117	0.01170	0.05765	0.01182	0.00805	0.01092	0.00628	0.00401	0.00402	0.00130	0.00500	0.00367	0.02208	0.00523
26	0.00932	0.00746	0.00815	0.00746	0.00936	0.00826	0.00572	0.09169	0.49067	0.03743	0.04161	0.18618	0.06471	0.00726	0.00439	0.00141	0.00306	0.00621	0.00406	0.00559

[dist]
# distance from previous block
# <min> <max>
0	3

[block]
# block no. 5 follows, 66 sequences, length 53
# corresponding to MSA columns:
# 201-231,233-253,255
name=unknown_F
#
# <colnr> <probs for GDERKNQSTAVLIFYWHMCP>
#	G	D	E	R	K	N	Q	S	T	A	V	L	I	F	Y	W	H	M	C	P
0	0.08754	0.05371	0.02623	0.00986	0.01223	0.60908	0.02703	0.05600	0.06034	0.01194	0.00705	0.00792	0.00569	0.00421	0.00360	0.00110	0.00641	0.00279	0.00232	0.00495
1	0.00543	0.00393	0.00521	0.00601	0.00655	0.00373	0.00448	0.00653	0.00844	0.01111	0.05716	0.52073	0.08180	0.02654	0.00552	0.00171	0.00273	0.23520	0.00376	0.00344
2	0.00939	0.00895	0.01216	0.01014	0.01099	0.03161	0.04076	0.01096	0.04130	0.03990	0.00653	0.00931	0.00590	0.00626	0.01082	0.00157	0.63077	0.00351	0.00208	0.10711
3	0.03191	0.24753	0.06137	0.04228	0.04652	0.02063	0.35372	0.02900	0.02687	0.01230	0.01843	0.01132	0.05602	0.00404	0.00394	0.00119	0.00534	0.00397	0.00217	0.02143
4	0.01221	0.00933	0.01147	0.03119	0.05037	0.01053	0.04149	0.24111	0.29728	0.11087	0.01987	0.01227	0.00918	0.00530	0.00536	0.00136	0.11684	0.00409	0.00365	0.00623
5	0.00793	0.00570	0.00657	0.00606	0.00751	0.02939	0.00468	0.05031	0.10624	0.08377	0.40972	0.07477	0.12701	0.00808	0.00465	0.00135	0.00263	0.05495	0.00421	0.00448
6	0.00540	0.00396	0.00503	0.00544	0.00612	0.00368	0.00397	0.00660	0.00909	0.01214	0.24354	0.35339	0.14983	0.06093	0.00599	0.00167	0.00246	0.11342	0.00387	0.00347
7	0.01060	0.16364	0.02736	0.11122	0.16252	0.13135	0.03441	0.05753	0.12109	0.03447	0.02254	0.08073	0.00914	0.00497	0.00388	0.00121	0.00472	0.01057	0.00262	0.00541
8	0.00990	0.00929	0.01453	0.26074	0.38220	0.04609	0.06631	0.05562	0.03738	0.03316	0.00841	0.02943	0.00682	0.00418	0.00425	0.00128	0.01863	0.00387	0.00225	0.00566
9	0.01077	0.00505	0.00603	0.00522	0.00689	0.00477	0.00409	0.04154	0.01021	0.26282	0.13026	0.01686	0.01420	0.01737	0.00378	0.00114	0.00249	0.00440	0.44728	0.00482
10	0.00494	0.00366	0.00464	0.00538	0.00584	0.00336	0.00367	0.00572	0.00801	0.01045	0.02560	0.67972	0.17788	0.01270	0.02634	0.00172	0.00251	0.01079	0.00373	0.00333
11	0.01000	0.00960	0.01639	0.04001	0.81734	0.00963	0.01243	0.01241	0.00922	0.01320	0.00762	0.01006	0.00641	0.00362	0.00402	0.00121	0.00483	0.00361	0.00200	0.00639
12	0.02988	0.01035	0.04627	0.01032	0.01317	0.02676	0.15932	0.29498	0.18150	0.04276	0.04021	0.01221	0.00909	0.02490	0.01866	0.00147	0.06467	0.00418	0.00335	0.00596
13	0.00494	0.00353	0.00471	0.00565	0.00588	0.00330	0.00377	0.00565	0.00777	0.01036	0.02236	0.85477	0.02683	0.01271	0.00518	0.00165	0.00235	0.01153	0.00377	0.00330
14	0.00837	0.01792	0.62722	0.02990	0.01708	0.00946	0.09380	0.01326	0.07273	0.01316	0.03272	0.01003	0.00681	0.00416	0.00423	0.00131	0.02652	0.00346	0.00202	0.00584
15	0.10983	0.01008	0.01254	0.02782	0.04977	0.06489	0.14771	0.23568	0.16498	0.06123	0.03877	0.01211	0.02886	0.00477	0.00413	0.00128	0.01231	0.00406	0.00332	0.00585
16	0.00984	0.03128	0.06661	0.09312	0.52363	0.01853	0.13537	0.03359	0.00935	0.01307	0.00761	0.01001	0.00617	0.00374	0.00426	0.00125	0.02081	0.00371	0.00202	0.00602
17	0.31028	0.04528	0.01168	0.23444	0.09802	0.10518	0.06929	0.02373	0.00839	0.01365	0.00658	0.00862	0.00521	0.00399	0.00386	0.00127	0.04051	0.00304	0.00215	0.00482
18	0.00586	0.00451	0.00635	0.00648	0.00701	0.00484	0.02440	0.01737	0.02104	0.01033	0.03210	0.42634	0.01881	0.08326	0.25711	0.00327	0.05633	0.00800	0.00305	0.00356
19	0.00508	0.00412	0.00451	0.00441	0.00565	0.00355	0.00331	0.00637	0.00992	0.01256	0.27861	0.03641	0.59195	0.00968	0.00479	0.00134	0.00201	0.00819	0.00398	0.00355
20	0.03063	0.00917	0.01467	0.05963	0.54323	0.00930	0.04450	0.08236	0.02805	0.08736	0.02908	0.01106	0.00767	0.00404	0.00402	0.00123	0.00458	0.00379	0.01939	0.00622
21	0.01209	0.04588	0.10279	0.06361	0.02825	0.01020	0.08963	0.34162	0.04846	0.06854	0.00938	0.01012	0.00686	0.00427	0.00389	0.00116	0.00456	0.00354	0.02463	0.12051
22	0.00575	0.00421	0.00520	0.00526	0.00612	0.00394	0.00398	0.00712	0.00957	0.01281	0.35615	0.03451	0.18862	0.16663	0.00789	0.00191	0.00269	0.17035	0.00381	0.00348
23	0.00958	0.00909	0.01514	0.06786	0.60625	0.00924	0.04996	0.01252	0.06156	0.01310	0.00886	0.01227	0.00761	0.02380	0.00462	0.00131	0.01697	0.03739	0.00223	0.03063
24	0.01450	0.03294	0.01186	0.00926	0.01217	0.18372	0.00749	0.51731	0.04863	0.03475	0.00904	0.00935	0.00670	0.00467	0.00412	0.00116	0.02637	0.00337	0.00346	0.05915
25	0.00574	0.00415	0.00542	0.00510	0.00606	0.00383	0.00383	0.00766	0.01148	0.01627	0.82997	0.03031	0.03828	0.00829	0.00479	0.00128	0.00191	0.00734	0.00447	0.00383
26	0.00977	0.01354	0.24720	0.03336	0.43142	0.07690	0.08283	0.01271	0.00915	0.01265	0.00745	0.00955	0.00594	0.00397	0.00429	0.02243	0.00551	0.00346	0.00193	0.00594
27	0.01024	0.00984	0.01003	0.00889	0.00977	0.19916	0.00698	0.01144	0.02789	0.07324	0.00838	0.01237	0.00775	0.12259	0.12370	0.00249	0.34475	0.00382	0.00230	0.00436
28	0.00868	0.00710	0.00839	0.02129	0.00985	0.00543	0.00492	0.01047	0.00856	0.04623	0.00861	0.00962	0.03165	0.00333	0.00312	0.00066	0.00304	0.00268	0.00254	0.80382
29	0.08161	0.01116	0.01006	0.00875	0.01119	0.18571	0.02287	0.11000	0.44775	0.04912	0.01253	0.01206	0.00940	0.00495	0.00390	0.00127	0.00430	0.00386	0.00356	0.00595
30	0.00871	0.00806	0.01322	0.59515	0.22437	0.00938	0.01134	0.05966	0.00905	0.01199	0.00747	0.01056	0.00575	0.00400	0.00405	0.00131	0.00521	0.00361	0.00199	0.00512
31	0.00979	0.00941	0.01552	0.05671	0.73270	0.02651	0.01179	0.01216	0.00937	0.01325	0.05722	0.01124	0.00828	0.00393	0.00406	0.00121	0.00472	0.00382	0.00215	0.00616
32	0.00587	0.00459	0.00555	0.00589	0.00707	0.00439	0.00483	0.00782	0.05028	0.01178	0.04807	0.03904	0.38558	0.01159	0.05559	0.00189	0.00334	0.33941	0.00369	0.00373
33	0.00588	0.00426	0.00628	0.00628	0.00690	0.00488	0.00477	0.00702	0.00639	0.00915	0.01078	0.01655	0.01031	0.09453	0.72487	0.06129	0.00986	0.00442	0.00217	0.00341
34	0.00577	0.00440	0.00548	0.00604	0.00712	0.00411	0.00502	0.00724	0.00924	0.01159	0.02946	0.07702	0.35005	0.01089	0.00526	0.00166	0.00300	0.44934	0.00375	0.00359
35	0.00636	0.00525	0.00796	0.02683	0.22363	0.00510	0.00622	0.00759	0.00824	0.01118	0.01886	0.57136	0.05004	0.01004	0.00485	0.00152	0.00308	0.02448	0.00327	0.00416
36	0.01342	0.00751	0.04846	0.00816	0.04447	0.00684	0.00653	0.12204	0.01084	0.41228	0.01289	0.01374	0.00935	0.03737	0.20805	0.01882	0.00558	0.00406	0.00378	0.00581
37	0.14671	0.06339	0.12094	0.00937	0.01176	0.15659	0.00840	0.14473	0.04547	0.01440	0.00703	0.00848	0.00570	0.00499	0.00614	0.00134	0.23384	0.00308	0.00241	0.00522
38	0.00500	0.00367	0.00472	0.00551	0.00594	0.00338	0.00379	0.00582	0.00810	0.01062	0.04054	0.69723	0.13394	0.01224	0.00514	0.00161	0.00236	0.04327	0.00378	0.00334
39	0.00935	0.01047	0.12347	0.17593	0.12196	0.00936	0.21550	0.02444	0.16922	0.04134	0.05025	0.01235	0.00886	0.00435	0.00426	0.00132	0.00509	0.00422	0.00261	0.00565
40	0.00820	0.00699	0.00819	0.00599	0.00939	0.00528	0.00474	0.00994	0.00837	0.01305	0.00813	0.05950	0.00727	0.00359	0.00314	0.00066	0.00297	0.00295	0.00249	0.82917
41	0.01497	0.01096	0.01183	0.00907	0.01231	0.01195	0.00747	0.73669	0.03309	0.04334	0.00986	0.00985	0.00702	0.00477	0.00400	0.00118	0.00433	0.00360	0.00398	0.05972
42	0.00831	0.11678	0.30803	0.00779	0.01126	0.00790	0.00841	0.04673	0.02500	0.06629	0.11813	0.01954	0.22728	0.00620	0.00409	0.00125	0.00396	0.00503	0.00296	0.00506
43	0.00922	0.18768	0.36559	0.24191	0.04095	0.01055	0.01169	0.02505	0.00871	0.05203	0.00740	0.00908	0.00553	0.00390	0.00367	0.00121	0.00531	0.00308	0.00195	0.00549
44	0.00937	0.00501	0.00645	0.00588	0.00741	0.00455	0.00448	0.01093	0.02794	0.26567	0.22521	0.22849	0.15230	0.00861	0.00478	0.00139	0.01513	0.00745	0.00431	0.00464
45	0.01160	0.00907	0.00973	0.00838	0.01090	0.01026	0.00662	0.16425	0.62485	0.07440	0.01526	0.01408	0.01124	0.00536	0.00411	0.00134	0.00345	0.00438	0.00418	0.00654
46	0.88607	0.00785	0.00596	0.00534	0.00785	0.00910	0.00439	0.01193	0.00690	0.01820	0.00565	0.00659	0.00439	0.00377	0.00251	0.00126	0.00314	0.00220	0.00251	0.00439
47	0.88607	0.00785	0.00596	0.00534	0.00785	0.00910	0.00439	0.01193	0.00690	0.01820	0.00565	0.00659	0.00439	0.00377	0.00251	0.00126	0.00314	0.00220	0.00251	0.00439
48	0.00944	0.00702	0.00837	0.00615	0.00948	0.00550	0.00492	0.02924	0.00926	0.10503	0.07471	0.01081	0.00908	0.00370	0.00329	0.00074	0.00300	0.00302	0.00290	0.69434
49	0.00700	0.00354	0.00525	0.00525	0.00525	0.00354	0.00348	0.00531	0.00531	0.00708	0.00728	0.01291	0.00736	0.04809	0.01605	0.84656	0.00354	0.00362	0.00179	0.00179
50	0.00609	0.00452	0.00627	0.00594	0.00639	0.00487	0.03786	0.00682	0.00630	0.00874	0.01165	0.02130	0.01235	0.47755	0.33895	0.00477	0.02904	0.00519	0.00231	0.00309
51	0.01069	0.08303	0.01068	0.00840	0.01077	0.03379	0.00672	0.08668	0.62750	0.01653	0.01422	0.01344	0.01079	0.00531	0.00439	0.00133	0.04157	0.00420	0.00375	0.00622
52	0.01047	0.74232	0.13547	0.00759	0.01141	0.01512	0.00807	0.01225	0.00829	0.01001	0.00587	0.00680	0.00520	0.00352	0.00278	0.00093	0.00457	0.00229	0.00173	0.00532

[dist]
# distance from previous block
# <min> <max>
1	2

[block]
# block no. 6 follows, 66 sequences, length 21
# corresponding to MSA columns:
# 258-278
name=unknown_G
#
# <colnr> <probs for GDERKNQSTAVLIFYWHMCP>
#	G	D	E	R	K	N	Q	S	T	A	V	L	I	F	Y	W	H	M	C	P
0	0.00832	0.06142	0.56283	0.03042	0.01502	0.03590	0.01196	0.01243	0.04215	0.02456	0.11074	0.01184	0.00987	0.00559	0.03858	0.00148	0.00548	0.00364	0.00224	0.00554
1	0.00516	0.00365	0.00480	0.00558	0.00583	0.00350	0.00374	0.00584	0.00752	0.01005	0.02059	0.68411	0.02443	0.12568	0.04137	0.00216	0.00296	0.03630	0.00353	0.00321
2	0.01085	0.85986	0.02126	0.00694	0.01041	0.01605	0.00694	0.01215	0.00824	0.00955	0.00564	0.00651	0.00521	0.00347	0.00260	0.00087	0.00434	0.00217	0.00174	0.00521
3	0.02429	0.04213	0.16813	0.00906	0.03223	0.00806	0.06745	0.02404	0.20225	0.11228	0.10071	0.06275	0.05632	0.00610	0.00444	0.00136	0.01881	0.05075	0.00338	0.00547
4	0.08604	0.11694	0.42318	0.00915	0.01359	0.03675	0.01037	0.01366	0.00914	0.15655	0.04556	0.01000	0.00747	0.00418	0.00363	0.00119	0.00484	0.00318	0.00253	0.04205
5	0.00577	0.00390	0.00455	0.00468	0.00474	0.00390	0.00274	0.00592	0.00618	0.00826	0.01398	0.13677	0.01617	0.71032	0.05255	0.00374	0.00401	0.00659	0.00262	0.00262
6	0.00499	0.00412	0.00438	0.00431	0.00560	0.00351	0.00323	0.00620	0.00970	0.01204	0.20226	0.03726	0.66863	0.00987	0.00479	0.00135	0.00203	0.00831	0.00391	0.00351
7	0.07008	0.13218	0.24866	0.03846	0.02576	0.25305	0.04915	0.05979	0.04008	0.01263	0.00713	0.00832	0.00557	0.00408	0.00388	0.00117	0.02957	0.00295	0.00213	0.00536
8	0.03962	0.03015	0.17622	0.03668	0.01310	0.02996	0.07978	0.14516	0.20249	0.04733	0.06464	0.03848	0.03776	0.00538	0.00428	0.00132	0.01699	0.02173	0.00321	0.00571
9	0.00538	0.00378	0.00486	0.00550	0.00604	0.00347	0.00382	0.00627	0.00839	0.03251	0.08136	0.63447	0.13923	0.01181	0.00508	0.00158	0.00236	0.03679	0.00385	0.00346
10	0.03925	0.00777	0.03727	0.00996	0.07529	0.00745	0.14798	0.14371	0.04487	0.05889	0.03031	0.24181	0.02671	0.00686	0.00437	0.00136	0.00388	0.01943	0.08782	0.00503
11	0.13322	0.07668	0.09744	0.17904	0.08934	0.00948	0.02347	0.03274	0.16060	0.04749	0.03296	0.01340	0.00900	0.00488	0.00400	0.00132	0.01810	0.05877	0.00274	0.00533
12	0.00847	0.00517	0.00678	0.00599	0.00751	0.00481	0.03107	0.04134	0.02797	0.16648	0.28091	0.09379	0.19232	0.03711	0.02659	0.04569	0.00293	0.00673	0.00400	0.00435
13	0.00561	0.00413	0.00480	0.00482	0.00585	0.00378	0.00357	0.00728	0.03168	0.01332	0.30604	0.15649	0.31354	0.00927	0.00464	0.00134	0.00210	0.02198	0.09610	0.00367
14	0.00689	0.00692	0.12596	0.00703	0.00841	0.00533	0.04132	0.00820	0.02788	0.03511	0.04651	0.19688	0.01428	0.16657	0.11848	0.14971	0.02226	0.00597	0.00265	0.00365
15	0.03907	0.13749	0.03790	0.19877	0.16497	0.08696	0.08402	0.03140	0.00907	0.04956	0.02798	0.01014	0.00679	0.00509	0.03225	0.00141	0.06623	0.00348	0.00218	0.00522
16	0.00672	0.00507	0.00687	0.04059	0.00766	0.00567	0.02485	0.00784	0.03391	0.02353	0.01351	0.08187	0.06204	0.29248	0.19025	0.04751	0.10392	0.00548	0.03681	0.00344
17	0.00578	0.00428	0.00509	0.00496	0.00611	0.00386	0.00373	0.00747	0.03009	0.03591	0.39713	0.10234	0.33962	0.00934	0.00481	0.00136	0.00212	0.02811	0.00413	0.00377
18	0.01099	0.00912	0.03786	0.15374	0.15029	0.00950	0.08559	0.17286	0.07462	0.10073	0.04524	0.03928	0.00912	0.00498	0.00485	0.00132	0.06601	0.00425	0.01389	0.00575
19	0.05169	0.11185	0.07691	0.10693	0.05717	0.11157	0.08733	0.15032	0.08232	0.11141	0.00924	0.01004	0.00683	0.00427	0.00383	0.00121	0.00498	0.00347	0.00285	0.00577
20	0.00946	0.00894	0.03905	0.29326	0.27089	0.02855	0.10207	0.01220	0.03123	0.06344	0.00928	0.02434	0.01935	0.00440	0.00444	0.00131	0.03255	0.01667	0.02318	0.00539

[dist]
# distance from previous block
# <min> <max>
0	3

[block]
# block no. 7 follows, 66 sequences, length 7
# corresponding to MSA columns:
# 282-288
name=unknown_H
#
# <colnr> <probs for GDERKNQSTAVLIFYWHMCP>
#	G	D	E	R	K	N	Q	S	T	A	V	L	I	F	Y	W	H	M	C	P
0	0.06287	0.01029	0.01083	0.00875	0.01164	0.01156	0.00710	0.50925	0.28499	0.02231	0.01175	0.01135	0.00857	0.00502	0.00399	0.00127	0.00397	0.00388	0.00399	0.00660
1	0.02481	0.00550	0.00666	0.02838	0.00759	0.00588	0.00460	0.11558	0.07356	0.02758	0.01279	0.03897	0.04736	0.20621	0.11652	0.19601	0.00454	0.03472	0.03905	0.00370
2	0.00768	0.00656	0.00813	0.00673	0.00896	0.03553	0.03138	0.03910	0.00841	0.01215	0.04870	0.01367	0.04319	0.01414	0.32317	0.00299	0.00625	0.00376	0.00251	0.37700
3	0.00947	0.06201	0.05479	0.13909	0.16839	0.08178	0.00836	0.07464	0.06152	0.02670	0.05969	0.09145	0.04140	0.03423	0.00492	0.00135	0.03224	0.00465	0.00270	0.04065
4	0.10687	0.04171	0.01076	0.04366	0.05269	0.02394	0.04898	0.24794	0.03923	0.09020	0.13455	0.02793	0.03240	0.00527	0.00415	0.00122	0.02232	0.00428	0.00345	0.05846
5	0.07026	0.05194	0.05554	0.05140	0.14481	0.02711	0.00735	0.08136	0.12617	0.03108	0.02556	0.01377	0.03583	0.11838	0.02854	0.00170	0.03489	0.00398	0.00274	0.08759
6	0.14120	0.04099	0.09078	0.07102	0.11270	0.05544	0.08728	0.06377	0.00956	0.12270	0.03241	0.02437	0.00746	0.00451	0.00454	0.00126	0.07326	0.00359	0.00267	0.05051

[dist]
# distance from previous block
# <min> <max>
0	89

[block]
# block no. 8 follows, 66 sequences, length 6
# corresponding to MSA columns:
# 392-397
name=unknown_I
#
# <colnr> <probs for GDERKNQSTAVLIFYWHMCP>
#	G	D	E	R	K	N	Q	S	T	A	V	L	I	F	Y	W	H	M	C	P
0	0.03350	0.00617	0.00829	0.04101	0.05733	0.00589	0.03291	0.03641	0.06284	0.15583	0.16121	0.17052	0.05241	0.02844	0.02311	0.00145	0.00332	0.00601	0.00364	0.10972
1	0.00749	0.00623	0.00765	0.00681	0.00847	0.02342	0.03398	0.06249	0.06141	0.01310	0.09136	0.29697	0.05591	0.02646	0.00516	0.00135	0.04321	0.03443	0.00333	0.21074
2	0.00630	0.00479	0.00620	0.00628	0.00692	0.03804	0.00473	0.00730	0.00717	0.00977	0.06014	0.07698	0.01416	0.11471	0.46399	0.08142	0.00757	0.07760	0.00255	0.00338
3	0.05925	0.00793	0.03853	0.00708	0.00992	0.00714	0.00590	0.06498	0.06703	0.13189	0.03983	0.03950	0.02840	0.00475	0.00449	0.00104	0.08546	0.00363	0.00308	0.39015
4	0.01161	0.00756	0.00903	0.06663	0.01105	0.03884	0.00600	0.07054	0.04263	0.25168	0.03856	0.04282	0.05119	0.00511	0.00413	0.00109	0.02941	0.02095	0.00348	0.28771
5	0.20254	0.06169	0.05689	0.00858	0.01108	0.12835	0.00733	0.22778	0.08613	0.01677	0.00863	0.01056	0.00701	0.00502	0.00476	0.00130	0.10615	0.04115	0.00289	0.00540

[dist]
# distance from previous block
# <min> <max>
4	7

[block]
# block no. 9 follows, 66 sequences, length 16
# corresponding to MSA columns:
# 405-420
name=unknown_J
#
# <colnr> <probs for GDERKNQSTAVLIFYWHMCP>
#	G	D	E	R	K	N	Q	S	T	A	V	L	I	F	Y	W	H	M	C	P
0	0.01153	0.04102	0.01043	0.02875	0.01153	0.13345	0.00694	0.12859	0.54626	0.01668	0.01347	0.01284	0.01016	0.00512	0.00399	0.00129	0.00408	0.00406	0.00368	0.00614
1	0.00856	0.00511	0.00647	0.00600	0.00744	0.00480	0.00452	0.01103	0.09505	0.18165	0.29744	0.25304	0.05878	0.00848	0.00463	0.00137	0.00252	0.00745	0.00426	0.03141
2	0.03133	0.18480	0.08022	0.12190	0.04026	0.06002	0.10313	0.04152	0.03644	0.09516	0.00941	0.03668	0.01717	0.00495	0.00464	0.02217	0.05285	0.02814	0.00249	0.02672
3	0.01019	0.23442	0.19647	0.04099	0.04249	0.01131	0.18891	0.06426	0.05565	0.05003	0.00842	0.01033	0.00667	0.02273	0.00444	0.00127	0.02810	0.01544	0.00229	0.00560
4	0.00499	0.00401	0.00446	0.00458	0.00566	0.00347	0.00334	0.00611	0.00936	0.01178	0.17708	0.19216	0.53797	0.01039	0.00487	0.00141	0.00209	0.00891	0.00389	0.00347
5	0.00995	0.00643	0.00874	0.07172	0.01066	0.00677	0.03760	0.03276	0.15065	0.20438	0.02891	0.25029	0.02822	0.00840	0.02864	0.00161	0.06040	0.04508	0.00374	0.00506
6	0.05806	0.09331	0.16892	0.06120	0.09115	0.07718	0.03787	0.07155	0.06416	0.09528	0.05349	0.07608	0.00982	0.00509	0.00407	0.00126	0.01904	0.00416	0.00280	0.00549
7	0.00788	0.00575	0.03817	0.00701	0.04408	0.00560	0.00497	0.06007	0.00757	0.06453	0.01169	0.08488	0.01198	0.31205	0.10945	0.14641	0.05297	0.01876	0.00262	0.00357
8	0.00508	0.00399	0.00461	0.00484	0.00581	0.00352	0.00354	0.00622	0.00928	0.01185	0.18382	0.25326	0.43735	0.01058	0.00493	0.00145	0.00217	0.04034	0.00390	0.00348
9	0.02404	0.02220	0.07804	0.09403	0.13578	0.14159	0.06861	0.15536	0.08233	0.04577	0.02330	0.02668	0.02745	0.00485	0.00445	0.00127	0.04010	0.01574	0.00277	0.00563
10	0.04390	0.02423	0.13710	0.06882	0.15108	0.13258	0.11180	0.15970	0.01132	0.07975	0.02497	0.01005	0.00687	0.00422	0.00411	0.00124	0.01625	0.00357	0.00264	0.00581
11	0.04694	0.00963	0.01034	0.00886	0.04064	0.07114	0.00688	0.36004	0.06043	0.19212	0.01312	0.07368	0.03656	0.00576	0.00433	0.00129	0.02299	0.02526	0.00390	0.00609
12	0.36180	0.01040	0.04120	0.10408	0.09653	0.11626	0.10263	0.03100	0.00852	0.01453	0.00658	0.00833	0.00520	0.00400	0.00396	0.00126	0.05291	0.00300	0.00224	0.02557
13	0.00596	0.00419	0.00492	0.00484	0.00597	0.00369	0.00356	0.00718	0.00965	0.06348	0.25599	0.16723	0.39638	0.04183	0.00541	0.00148	0.00222	0.00832	0.00399	0.00370
14	0.01087	0.00769	0.00860	0.00746	0.00971	0.00826	0.00581	0.07470	0.45736	0.14779	0.06884	0.04699	0.03912	0.04776	0.00499	0.00144	0.00322	0.00497	0.00411	0.04031
15	0.01142	0.06300	0.10115	0.04138	0.08107	0.21378	0.07696	0.12433	0.04252	0.02879	0.04292	0.01131	0.00812	0.00449	0.00400	0.00116	0.01451	0.03265	0.00260	0.09382

[dist]
# distance from previous block
# <min> <max>
0	2

[block]
# block no. 10 follows, 66 sequences, length 25
# corresponding to MSA columns:
# 423,427-450
name=unknown_K
#
# <colnr> <probs for GDERKNQSTAVLIFYWHMCP>
#	G	D	E	R	K	N	Q	S	T	A	V	L	I	F	Y	W	H	M	C	P
0	0.00831	0.00710	0.03233	0.00844	0.03682	0.00686	0.10976	0.01311	0.23856	0.06153	0.33713	0.02219	0.07533	0.00660	0.00452	0.00133	0.00324	0.01790	0.00388	0.00506
1	0.00918	0.12683	0.26844	0.03097	0.04903	0.00971	0.04253	0.04036	0.20677	0.03106	0.01316	0.03344	0.08546	0.00503	0.00391	0.00125	0.00441	0.00414	0.00274	0.03156
2	0.00503	0.00362	0.00479	0.00565	0.00598	0.00337	0.00386	0.00583	0.00801	0.01065	0.04938	0.76564	0.05543	0.01242	0.00517	0.00163	0.00239	0.04403	0.00379	0.00334
3	0.13202	0.05046	0.07506	0.06667	0.02880	0.06188	0.00765	0.21309	0.11783	0.07917	0.02950	0.01080	0.01879	0.00477	0.00429	0.00125	0.05456	0.00352	0.00313	0.03678
4	0.00921	0.04170	0.29622	0.00897	0.03058	0.03014	0.03743	0.03158	0.04356	0.10718	0.12073	0.07845	0.05491	0.00557	0.00408	0.00123	0.00423	0.00470	0.00297	0.08655
5	0.08222	0.10547	0.24110	0.01022	0.05926	0.10607	0.02964	0.12704	0.03957	0.12585	0.00873	0.00929	0.00638	0.00421	0.00380	0.00119	0.01576	0.00317	0.00272	0.01831
6	0.01181	0.39888	0.04941	0.00871	0.01133	0.15384	0.00784	0.09625	0.00965	0.04069	0.00654	0.00779	0.00558	0.00452	0.00514	0.00114	0.17071	0.00277	0.00216	0.00524
7	0.00523	0.00412	0.00474	0.00475	0.00588	0.00363	0.00359	0.00658	0.00990	0.01275	0.29917	0.08945	0.46599	0.00984	0.00487	0.00139	0.00213	0.05843	0.00400	0.00357
8	0.00926	0.01011	0.13952	0.21243	0.07632	0.00855	0.21282	0.04979	0.00965	0.07776	0.04211	0.03730	0.04113	0.00499	0.00438	0.00136	0.00518	0.04950	0.00257	0.00527
9	0.01169	0.01127	0.10389	0.01280	0.07001	0.01025	0.26707	0.25446	0.04252	0.07802	0.00984	0.01193	0.00748	0.00455	0.00464	0.00131	0.03507	0.03660	0.00298	0.02363
10	0.00508	0.00357	0.00463	0.00548	0.00580	0.00333	0.00368	0.00587	0.00787	0.01065	0.02265	0.77238	0.06050	0.01216	0.00503	0.00160	0.00231	0.01097	0.05309	0.00333
11	0.00572	0.00376	0.00470	0.00522	0.00579	0.00356	0.00371	0.00694	0.00860	0.01239	0.13938	0.48195	0.04568	0.01016	0.00462	0.00144	0.00226	0.05379	0.19682	0.00351
12	0.00991	0.40601	0.27484	0.09336	0.01515	0.07092	0.05481	0.01252	0.00863	0.01088	0.00650	0.00789	0.00526	0.00370	0.00334	0.00109	0.00531	0.00275	0.00178	0.00536
13	0.00673	0.00487	0.00583	0.00566	0.00678	0.03354	0.00438	0.00841	0.01072	0.06061	0.50740	0.08560	0.11766	0.00886	0.00484	0.00138	0.00248	0.11611	0.00419	0.00394
14	0.00522	0.00373	0.00503	0.00597	0.00633	0.00354	0.00425	0.00613	0.00804	0.01067	0.02221	0.71220	0.02622	0.01245	0.00525	0.00169	0.00260	0.15132	0.00376	0.00337
15	0.00613	0.00550	0.06858	0.00559	0.01794	0.00434	0.00460	0.00818	0.02070	0.01455	0.43983	0.05223	0.17169	0.00809	0.01360	0.00132	0.00244	0.01662	0.13410	0.00396
16	0.00592	0.00429	0.00566	0.00581	0.00624	0.01835	0.00412	0.00663	0.00658	0.00903	0.01303	0.16790	0.01396	0.23210	0.41066	0.07116	0.00700	0.00593	0.00250	0.00315
17	0.01068	0.80763	0.07201	0.00723	0.01086	0.01564	0.00744	0.01219	0.00826	0.00975	0.00574	0.00664	0.00520	0.00349	0.00268	0.00089	0.00444	0.00222	0.00173	0.00526
18	0.45061	0.25841	0.02657	0.04906	0.03135	0.08958	0.02096	0.01237	0.00793	0.01419	0.00591	0.00705	0.00486	0.00372	0.00283	0.00113	0.00416	0.00240	0.00217	0.00477
19	0.00804	0.00837	0.07249	0.21799	0.31640	0.00791	0.03885	0.01057	0.02922	0.01211	0.04491	0.19213	0.01192	0.00592	0.00433	0.00135	0.00443	0.00548	0.00247	0.00512
20	0.00510	0.00388	0.00470	0.00504	0.00583	0.00348	0.00360	0.00621	0.00913	0.01194	0.21346	0.38269	0.29542	0.01087	0.00497	0.00147	0.00218	0.02262	0.00393	0.00347
21	0.00780	0.01838	0.70344	0.01052	0.01572	0.00864	0.01317	0.01215	0.02570	0.01282	0.04953	0.01207	0.05266	0.03470	0.00455	0.00138	0.00545	0.00365	0.00204	0.00563
22	0.00954	0.00867	0.04846	0.16253	0.31815	0.00831	0.02982	0.07659	0.00984	0.05400	0.05541	0.05322	0.00951	0.00518	0.02104	0.00132	0.00455	0.01780	0.00258	0.10350
23	0.00583	0.00434	0.00528	0.01674	0.00657	0.00398	0.00400	0.00750	0.03063	0.02716	0.31165	0.17936	0.26796	0.00949	0.00480	0.00139	0.00230	0.06449	0.02175	0.02480
24	0.06144	0.00889	0.03127	0.12778	0.13918	0.06041	0.03785	0.10148	0.04385	0.02916	0.04210	0.08601	0.03347	0.00536	0.00448	0.00125	0.04808	0.01745	0.00275	0.11773

[dist]
# distance from previous block
# <min> <max>
23	285

[block]
# block no. 11 follows, 66 sequences, length 14
# corresponding to MSA columns:
# 873-886
name=unknown_L
#
# <colnr> <probs for GDERKNQSTAVLIFYWHMCP>
#	G	D	E	R	K	N	Q	S	T	A	V	L	I	F	Y	W	H	M	C	P
0	0.09773	0.00753	0.07597	0.00819	0.03018	0.00660	0.11411	0.03492	0.04669	0.04111	0.40359	0.04419	0.04081	0.00652	0.00458	0.00131	0.02202	0.00575	0.00356	0.00464
1	0.11357	0.09768	0.08833	0.00955	0.01237	0.36586	0.03832	0.16109	0.01142	0.01401	0.00693	0.00800	0.00551	0.00444	0.00408	0.02178	0.02657	0.00287	0.00241	0.00519
2	0.01081	0.27657	0.10957	0.00729	0.01087	0.00960	0.00695	0.01346	0.06814	0.14916	0.03671	0.00996	0.00788	0.00395	0.00330	0.00095	0.00383	0.00300	0.00274	0.26527
3	0.03165	0.01175	0.17155	0.08046	0.14531	0.04964	0.07639	0.16139	0.04194	0.09451	0.05474	0.01163	0.01895	0.00448	0.00404	0.00124	0.00484	0.00384	0.00287	0.02878
4	0.06946	0.27760	0.20650	0.00903	0.01267	0.13277	0.02586	0.08934	0.11593	0.01348	0.00797	0.00863	0.00625	0.00408	0.00342	0.00113	0.00500	0.00294	0.00237	0.00558
5	0.00889	0.06043	0.00617	0.00496	0.00632	0.02716	0.00383	0.01070	0.02924	0.11644	0.05836	0.07910	0.04361	0.05031	0.00432	0.00123	0.00257	0.00476	0.47736	0.00424
6	0.00717	0.06287	0.11879	0.03580	0.03437	0.00619	0.04128	0.00963	0.02897	0.03743	0.43783	0.03761	0.09368	0.00687	0.00441	0.00126	0.00315	0.00599	0.00354	0.02317
