[name]
unknown

[dist]
# distance from previous block
# <min> <max>
2	143

[block]
# block no. 0 follows, 66 sequences, length 16
# corresponding to MSA columns:
# 154-169
name=unknown_A
#
# <colnr> <probs for GDERKNQSTAVLIFYWHMCP>
#	G	D	E	R	K	N	Q	S	T	A	V	L	I	F	Y	W	H	M	C	P
0	0.00877	0.03183	0.05619	0.18370	0.05960	0.00778	0.01879	0.07464	0.08543	0.04630	0.06010	0.10728	0.02950	0.02380	0.02741	0.00144	0.02934	0.00478	0.01704	0.12629
1	0.03416	0.02481	0.13857	0.03778	0.05344	0.02472	0.02664	0.09597	0.09387	0.08451	0.11389	0.05821	0.06911	0.03588	0.03869	0.00159	0.02807	0.00487	0.00320	0.03203
2	0.00977	0.07339	0.02711	0.31136	0.03226	0.05829	0.04130	0.13183	0.08114	0.03675	0.04449	0.07604	0.03618	0.00527	0.00408	0.00128	0.00459	0.00448	0.00278	0.01760
3	0.00874	0.05587	0.01975	0.02476	0.02583	0.01696	0.03551	0.06730	0.09786	0.06842	0.14737	0.08005	0.07421	0.03279	0.08905	0.00185	0.04843	0.00526	0.00328	0.09670
4	0.02552	0.15644	0.05767	0.02233	0.01141	0.07281	0.06411	0.10723	0.06985	0.05975	0.02027	0.09129	0.03939	0.00531	0.00391	0.00115	0.01379	0.02675	0.00289	0.14812
5	0.01083	0.03419	0.09886	0.00894	0.02698	0.03142	0.05479	0.25581	0.10701	0.03807	0.06579	0.03960	0.03631	0.02612	0.00459	0.00126	0.02170	0.00424	0.01449	0.11900
6	0.01085	0.08494	0.06054	0.02618	0.03670	0.08214	0.02351	0.11216	0.02957	0.14069	0.05461	0.15457	0.03619	0.01637	0.00442	0.00125	0.02044	0.00506	0.00326	0.09657
7	0.02237	0.07286	0.06113	0.00724	0.02419	0.01972	0.00590	0.05841	0.04433	0.02680	0.02554	0.05247	0.01058	0.11983	0.33059	0.00359	0.03595	0.00441	0.03045	0.04364
8	0.02687	0.12589	0.19641	0.03377	0.15753	0.12672	0.03201	0.08778	0.04173	0.02552	0.00862	0.03026	0.02078	0.00431	0.00387	0.00116	0.01758	0.00341	0.00233	0.05345
9	0.00934	0.02646	0.03709	0.04683	0.13407	0.02336	0.04837	0.09411	0.05293	0.04087	0.01103	0.15712	0.01035	0.02398	0.00454	0.00121	0.02472	0.00477	0.00283	0.24603
10	0.02317	0.07282	0.06319	0.11366	0.04349	0.03719	0.05711	0.09408	0.08623	0.02901	0.03023	0.23731	0.01308	0.00670	0.00440	0.00134	0.01869	0.01823	0.00299	0.04710
11	0.02551	0.10721	0.04666	0.01116	0.09029	0.24659	0.07843	0.07361	0.04976	0.05400	0.00817	0.01997	0.00667	0.00565	0.04422	0.00142	0.07389	0.00336	0.00244	0.05099
12	0.02867	0.08570	0.11884	0.07490	0.02989	0.03582	0.02618	0.11729	0.15068	0.09618	0.01032	0.04033	0.00806	0.00466	0.00409	0.00118	0.03253	0.00370	0.00298	0.12798
13	0.00618	0.00405	0.00485	0.00484	0.00503	0.00410	0.00296	0.00645	0.00624	0.03140	0.01315	0.06980	0.01469	0.68294	0.12326	0.00406	0.00471	0.00596	0.00257	0.00278
14	0.00884	0.04633	0.04974	0.06617	0.06097	0.01984	0.03991	0.08613	0.09605	0.06981	0.10835	0.12478	0.10525	0.03321	0.05235	0.00170	0.01658	0.00578	0.00331	0.00490
15	0.00541	0.00391	0.00486	0.00539	0.00604	0.00361	0.00375	0.00658	0.03064	0.02970	0.08450	0.58166	0.19595	0.01151	0.00502	0.00155	0.00231	0.01025	0.00386	0.00353

[dist]
# distance from previous block
# <min> <max>
2	5

[block]
# block no. 1 follows, 66 sequences, length 31
# corresponding to MSA columns:
# 175-205
name=unknown_B
#
# <colnr> <probs for GDERKNQSTAVLIFYWHMCP>
#	G	D	E	R	K	N	Q	S	T	A	V	L	I	F	Y	W	H	M	C	P
0	0.00823	0.00789	0.03454	0.57796	0.14823	0.00885	0.03948	0.01080	0.00832	0.03026	0.00803	0.03328	0.00645	0.00533	0.03787	0.00155	0.02220	0.00388	0.00198	0.00486
1	0.01218	0.11232	0.03647	0.01163	0.09677	0.08336	0.10547	0.27571	0.07315	0.02828	0.00857	0.00962	0.00664	0.00452	0.00480	0.00123	0.08727	0.00353	0.00284	0.03564
2	0.00619	0.00459	0.00656	0.00645	0.00721	0.00527	0.00495	0.03968	0.00697	0.00993	0.01099	0.01662	0.01042	0.10191	0.73579	0.00608	0.01000	0.00446	0.00227	0.00365
3	0.05308	0.11457	0.01635	0.01354	0.16287	0.07841	0.23459	0.13798	0.02167	0.04152	0.03207	0.01039	0.00734	0.00410	0.00410	0.00121	0.01907	0.00376	0.03775	0.00565
4	0.04571	0.01009	0.02832	0.07461	0.13723	0.02302	0.31978	0.11084	0.03182	0.05081	0.00857	0.01103	0.00669	0.00440	0.00537	0.00137	0.10355	0.01873	0.00247	0.00561
5	0.00958	0.01094	0.02394	0.01710	0.02120	0.01026	0.81737	0.01300	0.00958	0.01300	0.00821	0.01094	0.00616	0.00342	0.00479	0.00137	0.00684	0.00479	0.00205	0.00547
6	0.00582	0.00424	0.00597	0.00597	0.00651	0.00477	0.00439	0.00689	0.00636	0.00901	0.01137	0.01872	0.01135	0.24684	0.62657	0.00584	0.00905	0.00475	0.00225	0.00332
7	0.11127	0.00650	0.00795	0.00664	0.00876	0.00649	0.00524	0.09808	0.01009	0.36325	0.03437	0.01525	0.01053	0.13341	0.16141	0.00262	0.00493	0.00422	0.00372	0.00529
8	0.01255	0.26682	0.02873	0.01014	0.07175	0.22414	0.02662	0.17536	0.01128	0.02772	0.00739	0.02489	0.00620	0.00439	0.00414	0.00110	0.06132	0.00308	0.00244	0.02993
9	0.00565	0.00423	0.00533	0.00588	0.00678	0.00397	0.00468	0.00698	0.00900	0.01151	0.07052	0.19199	0.26545	0.04500	0.00584	0.00173	0.00289	0.34531	0.00374	0.00352
10	0.00580	0.00435	0.00652	0.00652	0.00724	0.00507	0.00507	0.00724	0.00652	0.00942	0.01087	0.01594	0.01014	0.03043	0.84134	0.00652	0.01087	0.00435	0.00217	0.00362
11	0.00744	0.02631	0.03030	0.00927	0.05340	0.00639	0.21073	0.00869	0.00726	0.02203	0.01065	0.01886	0.01077	0.41484	0.10733	0.03913	0.00554	0.00504	0.00227	0.00375
12	0.00719	0.00548	0.00784	0.02389	0.00878	0.00575	0.06325	0.02834	0.08980	0.05296	0.06785	0.31086	0.04312	0.02772	0.17989	0.00260	0.03767	0.02951	0.00332	0.00420
13	0.00766	0.00721	0.01217	0.84767	0.02794	0.00901	0.01127	0.01037	0.00811	0.01037	0.00721	0.01082	0.00541	0.00406	0.00406	0.00135	0.00541	0.00361	0.00180	0.00451
14	0.00499	0.00357	0.00475	0.00564	0.00589	0.00336	0.00377	0.00570	0.00768	0.01026	0.02177	0.80812	0.02602	0.03559	0.03024	0.00185	0.00265	0.01117	0.00368	0.00328
15	0.01198	0.02300	0.02736	0.10376	0.08929	0.07106	0.03216	0.08169	0.13828	0.21678	0.06174	0.05359	0.01113	0.00543	0.00456	0.00131	0.04174	0.01591	0.00347	0.00575
16	0.00916	0.00907	0.06013	0.07690	0.24398	0.04511	0.08834	0.04504	0.05409	0.04210	0.11615	0.06567	0.04720	0.00618	0.02409	0.00144	0.04083	0.01642	0.00280	0.00528
17	0.00520	0.00388	0.00506	0.00566	0.00616	0.00363	0.01570	0.00623	0.02477	0.01070	0.04612	0.65003	0.12123	0.04934	0.00579	0.00170	0.00249	0.02921	0.00371	0.00339
18	0.00892	0.00851	0.01464	0.34275	0.44686	0.00918	0.04655	0.01146	0.00886	0.01215	0.02310	0.01175	0.00708	0.00408	0.00412	0.00129	0.00505	0.02608	0.00202	0.00552
19	0.00967	0.06402	0.20535	0.03296	0.11513	0.04323	0.04547	0.05701	0.00939	0.03510	0.00756	0.00888	0.00592	0.00356	0.00353	0.00098	0.00452	0.00294	0.00227	0.34250
20	0.01073	0.00747	0.01106	0.37983	0.03034	0.03105	0.04993	0.03357	0.04150	0.22495	0.04247	0.04259	0.04474	0.00545	0.01512	0.00139	0.01506	0.00444	0.00306	0.00522
21	0.00684	0.00472	0.00588	0.00552	0.00672	0.00450	0.00415	0.00948	0.09085	0.06998	0.55067	0.10510	0.10308	0.00839	0.00471	0.00133	0.00220	0.00735	0.00434	0.00420
22	0.00812	0.06799	0.28716	0.09390	0.03760	0.01958	0.04889	0.01121	0.05450	0.04211	0.03486	0.15791	0.06535	0.00639	0.00470	0.02731	0.01965	0.00522	0.00258	0.00497
23	0.03427	0.05293	0.19411	0.03377	0.25741	0.05507	0.06179	0.08103	0.03410	0.09888	0.00859	0.00983	0.00647	0.00409	0.00417	0.00123	0.03000	0.00344	0.00249	0.02633
24	0.00983	0.01108	0.14684	0.12549	0.05001	0.13769	0.05492	0.03467	0.02457	0.08738	0.11662	0.02354	0.09617	0.00553	0.00456	0.00128	0.04134	0.00455	0.01893	0.00502
25	0.05763	0.00640	0.00800	0.00639	0.00896	0.00590	0.00520	0.05595	0.01099	0.55427	0.01452	0.01358	0.00970	0.00488	0.00370	0.00118	0.00310	0.00389	0.21974	0.00602
26	0.02933	0.02052	0.04584	0.08695	0.15250	0.02070	0.09803	0.09234	0.05390	0.06538	0.04637	0.11253	0.08124	0.02370	0.00472	0.00141	0.00422	0.05211	0.00306	0.00516
27	0.01057	0.05007	0.24465	0.10594	0.17032	0.03677	0.06762	0.09833	0.02059	0.09471	0.04303	0.01082	0.00767	0.00436	0.00416	0.01330	0.00509	0.00364	0.00254	0.00584
28	0.01123	0.02088	0.02839	0.21485	0.37482	0.00861	0.02923	0.02260	0.00957	0.20064	0.00987	0.03489	0.00755	0.00431	0.00407	0.00126	0.00463	0.00394	0.00271	0.00595
29	0.00698	0.00355	0.00523	0.00523	0.00523	0.00355	0.00346	0.00532	0.00532	0.00710	0.00739	0.01319	0.00751	0.06495	0.01615	0.82901	0.00355	0.00367	0.00180	0.00180
30	0.16169	0.21200	0.12170	0.02935	0.10173	0.08805	0.00808	0.04732	0.01738	0.06464	0.03036	0.02597	0.02640	0.00450	0.00359	0.00116	0.01660	0.01910	0.00247	0.01793

[dist]
# distance from previous block
# <min> <max>
2	103

[block]
# block no. 2 follows, 66 sequences, length 44
# corresponding to MSA columns:
# 309-311,315-345,360-369
name=unknown_C
#
# <colnr> <probs for GDERKNQSTAVLIFYWHMCP>
#	G	D	E	R	K	N	Q	S	T	A	V	L	I	F	Y	W	H	M	C	P
0	0.00790	0.00776	0.04913	0.21377	0.22603	0.00784	0.04004	0.01020	0.03086	0.01135	0.01091	0.07717	0.02792	0.08322	0.07067	0.00199	0.05022	0.04621	0.00231	0.02450
1	0.00751	0.00608	0.00919	0.03792	0.18099	0.00589	0.04814	0.03115	0.01870	0.03925	0.34299	0.12785	0.07414	0.00762	0.01888	0.00139	0.00327	0.00650	0.00351	0.02903
2	0.01049	0.22128	0.19610	0.02247	0.05352	0.14137	0.03163	0.06332	0.02808	0.01267	0.02951	0.00901	0.00671	0.00391	0.00345	0.00103	0.00494	0.00296	0.02662	0.13093
3	0.00869	0.00835	0.01372	0.53096	0.31977	0.02692	0.01162	0.01125	0.00859	0.01141	0.00734	0.01046	0.00577	0.00390	0.00403	0.00129	0.00524	0.00359	0.00188	0.00521
4	0.00591	0.00419	0.00510	0.00491	0.00601	0.00377	0.00369	0.00751	0.01055	0.03910	0.50648	0.06965	0.25278	0.00885	0.00472	0.00131	0.00205	0.02046	0.03918	0.00378
5	0.00494	0.00353	0.00471	0.00565	0.00588	0.00330	0.00377	0.00565	0.00777	0.01036	0.02236	0.85477	0.02683	0.01271	0.00518	0.00165	0.00235	0.01153	0.00377	0.00330
6	0.02927	0.74150	0.10084	0.00744	0.01111	0.03274	0.00770	0.01230	0.00832	0.01006	0.00582	0.00673	0.00518	0.00353	0.00275	0.00092	0.00454	0.00226	0.00176	0.00526
7	0.00532	0.00411	0.00486	0.00472	0.00582	0.00364	0.00352	0.00683	0.01042	0.01387	0.47576	0.06659	0.36134	0.00928	0.00480	0.00133	0.00199	0.00800	0.00415	0.00364
8	0.00906	0.04717	0.05784	0.25396	0.08795	0.02431	0.16643	0.03761	0.06236	0.04817	0.05703	0.07744	0.02611	0.00511	0.00444	0.00133	0.02126	0.00473	0.00257	0.00512
9	0.10711	0.00952	0.01421	0.06363	0.08246	0.03843	0.23723	0.15296	0.01095	0.07103	0.06337	0.01125	0.00841	0.00430	0.00432	0.00124	0.03065	0.00394	0.00282	0.08220
10	0.60141	0.08558	0.00868	0.01718	0.00936	0.10933	0.00544	0.08562	0.00876	0.02879	0.00626	0.00711	0.00489	0.00391	0.00284	0.00119	0.00390	0.00242	0.00256	0.00477
11	0.00915	0.08029	0.43874	0.03674	0.10206	0.03806	0.17025	0.01277	0.00893	0.02299	0.02065	0.00947	0.00609	0.00389	0.00417	0.00126	0.02338	0.00345	0.00191	0.00574
12	0.00643	0.04573	0.00720	0.02510	0.03008	0.00505	0.01774	0.00804	0.04089	0.01160	0.06131	0.45061	0.06432	0.01824	0.00469	0.00138	0.00282	0.02948	0.00334	0.16595
13	0.00802	0.00439	0.00457	0.00437	0.00548	0.00446	0.00335	0.06954	0.00948	0.01589	0.05852	0.01640	0.01204	0.00511	0.00311	0.00101	0.00213	0.02562	0.74250	0.00401
14	0.00659	0.00378	0.00552	0.00550	0.00575	0.00391	0.00385	0.00591	0.00603	0.00822	0.05406	0.01532	0.02807	0.05115	0.20722	0.57542	0.00513	0.00413	0.00208	0.00237
15	0.00600	0.00416	0.00508	0.00487	0.00595	0.00381	0.00370	0.00772	0.01061	0.02855	0.53350	0.03063	0.19414	0.00834	0.00458	0.00128	0.00203	0.03670	0.10454	0.00379
16	0.01978	0.00542	0.00628	0.00565	0.00725	0.00521	0.00436	0.07691	0.07648	0.10077	0.32594	0.05862	0.27521	0.00816	0.00459	0.00132	0.00247	0.00694	0.00419	0.00448
17	0.84468	0.00780	0.00613	0.00543	0.00797	0.00895	0.00447	0.01230	0.00713	0.05716	0.00614	0.00694	0.00466	0.00383	0.00259	0.00126	0.00315	0.00229	0.00263	0.00451
18	0.01046	0.00912	0.00937	0.00836	0.01069	0.03248	0.00652	0.05626	0.76775	0.01716	0.01594	0.01469	0.01195	0.00544	0.00411	0.00136	0.00338	0.00449	0.00407	0.00640
19	0.00591	0.00422	0.00505	0.00485	0.00603	0.00374	0.00363	0.00738	0.01036	0.05283	0.42625	0.08880	0.34764	0.00922	0.00478	0.00134	0.00207	0.00795	0.00417	0.00378
20	0.00582	0.00426	0.00608	0.00608	0.00665	0.00483	0.00452	0.00696	0.00639	0.00909	0.01127	0.01818	0.01112	0.20501	0.66809	0.00597	0.00940	0.00467	0.00223	0.00338
21	0.00755	0.00496	0.00644	0.00723	0.05827	0.00494	0.00546	0.04481	0.00962	0.03481	0.06745	0.07722	0.04330	0.00833	0.00451	0.00146	0.00306	0.35286	0.25361	0.00411
22	0.01005	0.44866	0.32379	0.00888	0.01313	0.03091	0.00995	0.01310	0.04743	0.03328	0.00706	0.00795	0.00566	0.00384	0.00342	0.00108	0.02162	0.00268	0.00194	0.00558
23	0.00715	0.00500	0.00672	0.00733	0.00840	0.00503	0.00623	0.02987	0.04849	0.03905	0.04554	0.10848	0.02272	0.01061	0.00539	0.00177	0.00355	0.63083	0.00383	0.00401
24	0.00996	0.00845	0.01185	0.04162	0.30842	0.02962	0.02024	0.01200	0.00906	0.07924	0.00806	0.00953	0.00645	0.00346	0.00354	0.00092	0.00395	0.00306	0.00244	0.42812
25	0.00644	0.02165	0.00639	0.00666	0.02791	0.04138	0.01340	0.00738	0.00773	0.04062	0.01737	0.49680	0.01960	0.07862	0.18527	0.00279	0.00471	0.00844	0.00320	0.00364
26	0.01004	0.00964	0.01647	0.02490	0.83211	0.00964	0.01245	0.01245	0.00924	0.01325	0.00763	0.01004	0.00643	0.00361	0.00402	0.00120	0.00482	0.00361	0.00201	0.00643
27	0.00817	0.02578	0.00876	0.00629	0.00959	0.00557	0.02658	0.00990	0.00838	0.01286	0.00864	0.08857	0.00797	0.00394	0.00325	0.00073	0.00308	0.00333	0.00251	0.75611
28	0.01500	0.05574	0.01202	0.01015	0.01245	0.69624	0.00778	0.12074	0.01234	0.01195	0.00670	0.00760	0.00544	0.00424	0.00366	0.00106	0.00681	0.00273	0.00233	0.00501
29	0.00529	0.00415	0.00479	0.00469	0.00586	0.00365	0.00355	0.00674	0.01025	0.01337	0.39210	0.03542	0.44499	0.00943	0.00482	0.00135	0.00206	0.03979	0.00408	0.00362
30	0.00525	0.00373	0.00499	0.00589	0.00623	0.00355	0.00416	0.00611	0.00794	0.01054	0.02180	0.68659	0.02574	0.04922	0.00592	0.00178	0.00265	0.14086	0.00370	0.00333
31	0.01013	0.21938	0.38068	0.02124	0.06181	0.15736	0.05324	0.01309	0.00910	0.01151	0.00745	0.00869	0.02158	0.00391	0.00360	0.00115	0.00572	0.00298	0.00186	0.00551
32	0.01036	0.62962	0.21432	0.00817	0.01219	0.04508	0.00889	0.01246	0.00844	0.01034	0.00605	0.00703	0.00519	0.00359	0.00294	0.00097	0.00484	0.00238	0.00174	0.00538
33	0.00531	0.00402	0.00492	0.00502	0.00594	0.00362	0.00370	0.00669	0.00991	0.01321	0.38358	0.21735	0.27034	0.00998	0.00491	0.00141	0.00213	0.04028	0.00407	0.00359
34	0.03557	0.01004	0.14079	0.03397	0.01206	0.00839	0.02584	0.17722	0.12884	0.24592	0.07231	0.01486	0.06522	0.00536	0.00412	0.00128	0.00395	0.00438	0.00382	0.00607
35	0.01023	0.05467	0.01456	0.27021	0.32786	0.12663	0.04908	0.05637	0.00972	0.01233	0.00809	0.01038	0.02419	0.00403	0.00396	0.00122	0.00534	0.00356	0.00210	0.00545
36	0.13356	0.42796	0.21881	0.00799	0.01176	0.02675	0.00848	0.05915	0.00880	0.01256	0.00709	0.04769	0.00621	0.00414	0.00312	0.00109	0.00454	0.00292	0.00208	0.00529
37	0.00864	0.03984	0.01129	0.08696	0.02290	0.05373	0.05493	0.02216	0.10507	0.01194	0.09887	0.01523	0.06378	0.00770	0.05175	0.00175	0.31376	0.02245	0.00261	0.00465
38	0.02830	0.10985	0.00952	0.00704	0.00838	0.00791	0.02111	0.14349	0.04750	0.01195	0.00889	0.03234	0.00814	0.03941	0.15592	0.29702	0.05305	0.00384	0.00242	0.00393
39	0.15734	0.10956	0.00771	0.00574	0.00758	0.01636	0.01190	0.02896	0.08532	0.02364	0.05462	0.12869	0.30812	0.00782	0.00411	0.00133	0.00289	0.03070	0.00335	0.00426
40	0.03694	0.02680	0.02724	0.00710	0.00974	0.02682	0.01587	0.13283	0.04635	0.31352	0.16326	0.02826	0.06970	0.00579	0.00411	0.00121	0.00337	0.00476	0.00412	0.07220
41	0.01875	0.03326	0.00906	0.00717	0.02069	0.03745	0.00564	0.06026	0.06847	0.27121	0.01301	0.12084	0.01085	0.00546	0.00385	0.00110	0.00340	0.02487	0.00362	0.28103
42	0.00979	0.11259	0.01067	0.00690	0.01022	0.02745	0.02722	0.05833	0.06411	0.05482	0.03332	0.01850	0.00777	0.00374	0.00329	0.00082	0.00345	0.00299	0.00272	0.54130
43	0.04375	0.00750	0.05272	0.00746	0.04547	0.02598	0.00576	0.03770	0.09383	0.07970	0.04726	0.20651	0.05501	0.00649	0.00401	0.00117	0.00322	0.01189	0.00327	0.26131

[dist]
# distance from previous block
# <min> <max>
10	22

[block]
# block no. 3 follows, 66 sequences, length 16
# corresponding to MSA columns:
# 400-415
name=unknown_D
#
# <colnr> <probs for GDERKNQSTAVLIFYWHMCP>
#	G	D	E	R	K	N	Q	S	T	A	V	L	I	F	Y	W	H	M	C	P
0	0.02198	0.04092	0.25248	0.01109	0.04453	0.01833	0.16125	0.11348	0.05984	0.04285	0.07461	0.04655	0.02679	0.00530	0.00438	0.00133	0.01515	0.05079	0.00281	0.00555
1	0.00640	0.00479	0.00569	0.00551	0.00675	0.00463	0.00418	0.00912	0.11398	0.04173	0.30843	0.10934	0.26555	0.01020	0.05202	0.00167	0.00279	0.03912	0.00401	0.00408
2	0.00750	0.00519	0.00717	0.00742	0.00859	0.00521	0.02532	0.03374	0.02094	0.05904	0.04809	0.06062	0.04850	0.03695	0.00596	0.00180	0.02162	0.57517	0.01711	0.00405
3	0.00496	0.00359	0.00469	0.00554	0.00586	0.00332	0.00373	0.00572	0.00797	0.01058	0.04834	0.77823	0.07764	0.01242	0.00514	0.00162	0.00232	0.01122	0.00379	0.00332
4	0.00824	0.05309	0.80520	0.01139	0.01729	0.00968	0.01468	0.01282	0.00855	0.01272	0.00722	0.00849	0.00514	0.00384	0.00381	0.00127	0.00593	0.00297	0.00171	0.00597
5	0.01085	0.85986	0.02126	0.00694	0.01041	0.01605	0.00694	0.01215	0.00824	0.00955	0.00564	0.00651	0.00521	0.00347	0.00260	0.00087	0.00434	0.00217	0.00174	0.00521
6	0.02641	0.18305	0.58300	0.01094	0.03519	0.01087	0.03830	0.04506	0.00894	0.01284	0.00707	0.00828	0.00527	0.00380	0.00363	0.00120	0.00555	0.00292	0.00185	0.00584
7	0.01455	0.01073	0.01167	0.00908	0.01210	0.01190	0.00747	0.74538	0.01794	0.02411	0.00984	0.01030	0.00719	0.00718	0.07960	0.00170	0.00504	0.00372	0.00389	0.00660
8	0.88607	0.00785	0.00596	0.00534	0.00785	0.00910	0.00439	0.01193	0.00690	0.01820	0.00565	0.00659	0.00439	0.00377	0.00251	0.00126	0.00314	0.00220	0.00251	0.00439
9	0.00766	0.00721	0.01217	0.84767	0.02794	0.00901	0.01127	0.01037	0.00811	0.01037	0.00721	0.01082	0.00541	0.00406	0.00406	0.00135	0.00541	0.00361	0.00180	0.00451
10	0.00648	0.00427	0.00520	0.00509	0.00625	0.00378	0.00377	0.00778	0.00988	0.09545	0.28903	0.21511	0.31349	0.00965	0.00481	0.00139	0.00222	0.00838	0.00412	0.00388
11	0.00772	0.05552	0.04998	0.36453	0.09771	0.00792	0.02145	0.01014	0.02803	0.02633	0.06987	0.06513	0.12680	0.00570	0.00428	0.00130	0.01541	0.00493	0.00253	0.03472
12	0.00514	0.00360	0.00469	0.00552	0.00586	0.00337	0.00375	0.00598	0.00798	0.01083	0.04206	0.74578	0.05053	0.01205	0.00503	0.00160	0.00234	0.02726	0.05329	0.00335
13	0.03812	0.00690	0.02220	0.00665	0.00820	0.03647	0.00527	0.09086	0.15172	0.01594	0.36733	0.05240	0.09995	0.00731	0.00501	0.00133	0.05777	0.00605	0.01589	0.00465
14	0.76690	0.00886	0.00646	0.00582	0.00820	0.09264	0.00467	0.01214	0.00733	0.01700	0.00597	0.00738	0.00485	0.03440	0.00328	0.00133	0.00359	0.00237	0.00247	0.00436
15	0.03692	0.30489	0.16295	0.02104	0.02193	0.02839	0.01896	0.15123	0.06278	0.04821	0.00838	0.00904	0.01574	0.00414	0.00363	0.00109	0.02453	0.00301	0.00253	0.07061

[dist]
# distance from previous block
# <min> <max>
4	11

[block]
# block no. 4 follows, 66 sequences, length 38
# corresponding to MSA columns:
# 428-465
name=unknown_E
#
# <colnr> <probs for GDERKNQSTAVLIFYWHMCP>
#	G	D	E	R	K	N	Q	S	T	A	V	L	I	F	Y	W	H	M	C	P
0	0.09212	0.01753	0.00853	0.03005	0.02300	0.09619	0.03566	0.02329	0.05918	0.02589	0.02091	0.13454	0.06437	0.04774	0.00530	0.00141	0.04165	0.10230	0.00294	0.16738
1	0.00526	0.00371	0.00469	0.00530	0.00557	0.00352	0.00348	0.00587	0.00754	0.01002	0.05168	0.55544	0.05761	0.22867	0.00912	0.00221	0.00277	0.03098	0.00346	0.00312
2	0.00588	0.00420	0.00531	0.00500	0.00607	0.00381	0.00376	0.00764	0.01113	0.03417	0.68675	0.03131	0.16275	0.00853	0.00477	0.00129	0.00197	0.00746	0.00437	0.00383
3	0.01026	0.00880	0.00927	0.00829	0.01062	0.01017	0.00646	0.04745	0.79861	0.01725	0.01629	0.01496	0.01221	0.00548	0.00413	0.00137	0.00325	0.00456	0.00413	0.00644
4	0.88607	0.00785	0.00596	0.00534	0.00785	0.00910	0.00439	0.01193	0.00690	0.01820	0.00565	0.00659	0.00439	0.00377	0.00251	0.00126	0.00314	0.00220	0.00251	0.00439
5	0.00865	0.00531	0.00612	0.00562	0.00712	0.00536	0.00434	0.01244	0.18012	0.11351	0.23343	0.03904	0.06289	0.00649	0.00399	0.00122	0.00242	0.02287	0.27439	0.00469
6	0.00517	0.00412	0.00459	0.00447	0.00564	0.00359	0.00332	0.00647	0.00991	0.01272	0.31904	0.03547	0.51842	0.04263	0.00541	0.00144	0.00208	0.00803	0.00396	0.00353
7	0.00597	0.00420	0.00516	0.00514	0.00621	0.00382	0.00392	0.00750	0.01014	0.04079	0.38310	0.11846	0.25214	0.00934	0.00481	0.00139	0.00224	0.09006	0.04187	0.00375
8	0.39890	0.00754	0.00804	0.00650	0.00937	0.00767	0.00536	0.05611	0.00992	0.43622	0.01115	0.01044	0.00741	0.00446	0.00339	0.00125	0.00336	0.00323	0.00387	0.00580
9	0.00791	0.00461	0.00595	0.00542	0.00678	0.00413	0.00413	0.00954	0.01090	0.16999	0.50510	0.09873	0.13425	0.00831	0.00469	0.00132	0.00226	0.00724	0.00442	0.00431
10	0.00528	0.00377	0.00509	0.00601	0.00640	0.00358	0.00433	0.00625	0.00816	0.01083	0.03750	0.67507	0.02634	0.01232	0.00526	0.00169	0.00263	0.17232	0.00377	0.00339
11	0.88607	0.00785	0.00596	0.00534	0.00785	0.00910	0.00439	0.01193	0.00690	0.01820	0.00565	0.00659	0.00439	0.00377	0.00251	0.00126	0.00314	0.00220	0.00251	0.00439
12	0.00865	0.00707	0.02739	0.03881	0.04738	0.00737	0.00655	0.02434	0.29949	0.06071	0.04787	0.02530	0.11051	0.04058	0.00556	0.00158	0.03594	0.19616	0.00366	0.00506
13	0.00857	0.02038	0.80076	0.01138	0.01725	0.00927	0.01460	0.01315	0.00870	0.04827	0.00766	0.00879	0.00535	0.00390	0.00386	0.00128	0.00589	0.00304	0.00186	0.00604
14	0.04994	0.04378	0.03232	0.00836	0.02207	0.24625	0.00662	0.05100	0.18938	0.14200	0.05608	0.03472	0.07265	0.00559	0.00399	0.00124	0.00445	0.02077	0.00340	0.00539
15	0.01248	0.09205	0.17965	0.06387	0.02958	0.02214	0.07049	0.10827	0.04094	0.25421	0.01811	0.01081	0.00755	0.00430	0.00387	0.00119	0.00459	0.00355	0.00316	0.06918
16	0.02805	0.13031	0.02924	0.00909	0.02600	0.25715	0.03823	0.10287	0.04245	0.23867	0.00978	0.00980	0.00708	0.00433	0.00369	0.00111	0.00500	0.00323	0.00315	0.05077
17	0.88607	0.00785	0.00596	0.00534	0.00785	0.00910	0.00439	0.01193	0.00690	0.01820	0.00565	0.00659	0.00439	0.00377	0.00251	0.00126	0.00314	0.00220	0.00251	0.00439
18	0.00983	0.28940	0.19249	0.07650	0.01296	0.02609	0.00851	0.02945	0.14279	0.06203	0.03211	0.01267	0.07948	0.00478	0.00363	0.00117	0.00435	0.00370	0.00262	0.00546
19	0.00585	0.00391	0.00444	0.00449	0.00451	0.00390	0.00253	0.00589	0.00600	0.00801	0.01332	0.07298	0.01543	0.81006	0.01978	0.00381	0.00384	0.00622	0.00253	0.00251
20	0.00870	0.03439	0.46811	0.01313	0.07460	0.00972	0.18726	0.01300	0.05552	0.01306	0.03950	0.01037	0.00715	0.00415	0.00452	0.00132	0.04401	0.00369	0.00205	0.00577
21	0.00630	0.00437	0.00557	0.00518	0.00630	0.00403	0.00392	0.00834	0.02991	0.05119	0.70802	0.03000	0.10492	0.00826	0.00474	0.00129	0.00202	0.00724	0.00442	0.00399
22	0.00557	0.00433	0.00531	0.00545	0.00632	0.00415	0.00408	0.00706	0.02874	0.01244	0.25438	0.23805	0.26482	0.02764	0.00562	0.00153	0.03662	0.08041	0.00386	0.00363
23	0.01082	0.76457	0.09086	0.00735	0.01102	0.01521	0.00761	0.01242	0.00836	0.03240	0.00606	0.00688	0.00533	0.00355	0.00275	0.00091	0.00446	0.00229	0.00182	0.00532
24	0.00572	0.00437	0.00498	0.00491	0.00608	0.00398	0.00364	0.02277	0.03187	0.03025	0.19885	0.14624	0.44712	0.03082	0.03843	0.00165	0.00257	0.00818	0.00386	0.00370
25	0.00771	0.00533	0.00747	0.10111	0.11342	0.00543	0.02766	0.00972	0.00920	0.03449	0.15756	0.02838	0.05943	0.00561	0.00384	0.00115	0.01247	0.01385	0.39186	0.00431
26	0.00622	0.00454	0.00560	0.00559	0.00618	0.02377	0.00398	0.00742	0.02978	0.01037	0.10423	0.08676	0.04086	0.23900	0.31137	0.04182	0.00594	0.00568	0.05755	0.00334
27	0.04880	0.00710	0.00852	0.00629	0.00967	0.00569	0.00508	0.01280	0.00927	0.23376	0.02550	0.01021	0.00765	0.00368	0.00331	0.00082	0.00311	0.00294	0.00315	0.59268
28	0.29818	0.24291	0.13112	0.00764	0.01097	0.01114	0.03656	0.09089	0.04519	0.03323	0.02185	0.00879	0.00638	0.02509	0.00356	0.00122	0.00415	0.00287	0.00248	0.01578
29	0.00724	0.00494	0.02292	0.00599	0.00721	0.00433	0.00460	0.00873	0.02898	0.10178	0.08089	0.34707	0.08878	0.06358	0.00577	0.00162	0.00284	0.11784	0.02550	0.06937
30	0.01051	0.00674	0.00816	0.00635	0.00919	0.00563	0.00500	0.06473	0.00976	0.20293	0.02896	0.10967	0.02665	0.03777	0.00432	0.00107	0.00312	0.00429	0.00335	0.45179
31	0.00898	0.08198	0.08068	0.07004	0.03078	0.00738	0.00669	0.04179	0.00886	0.03331	0.00814	0.02528	0.01790	0.00369	0.00347	0.00084	0.01914	0.00292	0.00240	0.54573
32	0.00968	0.01056	0.02174	0.02743	0.03180	0.02341	0.68485	0.01281	0.00949	0.03077	0.02517	0.01116	0.00685	0.00371	0.00499	0.00134	0.03885	0.00462	0.00217	0.03861
33	0.00971	0.02650	0.01010	0.04926	0.13489	0.02785	0.00667	0.09000	0.05176	0.06319	0.01146	0.06927	0.05395	0.00525	0.02102	0.00112	0.00377	0.00399	0.00286	0.35737
34	0.01634	0.03741	0.12471	0.04152	0.02730	0.00744	0.01422	0.10967	0.02162	0.04253	0.03893	0.02838	0.07217	0.02336	0.05208	0.00140	0.02169	0.00383	0.00275	0.31263
35	0.02501	0.00625	0.02227	0.31866	0.05887	0.00655	0.00744	0.01981	0.02857	0.03564	0.03011	0.26916	0.04794	0.01890	0.02177	0.00151	0.00399	0.00626	0.00280	0.06849
36	0.05562	0.00737	0.03836	0.03659	0.02118	0.03588	0.02230	0.08204	0.04682	0.03038	0.03078	0.03311	0.00866	0.00744	0.00725	0.25883	0.00375	0.03427	0.00258	0.23677
37	0.00972	0.04224	0.23747	0.00969	0.05536	0.02748	0.04187	0.07640	0.09382	0.09333	0.03582	0.13141	0.03680	0.00577	0.00429	0.00128	0.02136	0.00486	0.00299	0.06802

[dist]
# distance from previous block
# <min> <max>
0	49

[block]
# block no. 5 follows, 66 sequences, length 17
# corresponding to MSA columns:
# 519-535
name=unknown_F
#
# <colnr> <probs for GDERKNQSTAVLIFYWHMCP>
#	G	D	E	R	K	N	Q	S	T	A	V	L	I	F	Y	W	H	M	C	P
0	0.08096	0.06057	0.17593	0.04443	0.16135	0.03929	0.05224	0.11640	0.06587	0.02793	0.00816	0.00939	0.00629	0.00401	0.00390	0.00117	0.02282	0.00325	0.00247	0.11356
1	0.23408	0.15401	0.05993	0.08893	0.12395	0.06460	0.03157	0.08406	0.00933	0.03930	0.00703	0.00837	0.00555	0.00390	0.00352	0.00115	0.02123	0.00289	0.00235	0.05424
2	0.20782	0.01132	0.14030	0.05964	0.21003	0.04435	0.05945	0.09129	0.06822	0.04037	0.00817	0.00944	0.00622	0.00401	0.00368	0.00124	0.00466	0.00329	0.00252	0.02398
3	0.00843	0.00695	0.01140	0.02741	0.40236	0.00709	0.02435	0.02713	0.00790	0.01109	0.00872	0.04674	0.00814	0.02892	0.12949	0.22782	0.00529	0.00410	0.00209	0.00457
4	0.00534	0.00422	0.00482	0.00470	0.00587	0.00376	0.00351	0.00699	0.03132	0.01332	0.37117	0.07132	0.44023	0.00943	0.00479	0.00134	0.00204	0.00808	0.00407	0.00367
5	0.07533	0.00671	0.00878	0.00690	0.00979	0.00599	0.00568	0.01821	0.01112	0.70400	0.04182	0.01463	0.01089	0.00517	0.00398	0.00126	0.00333	0.02193	0.03803	0.00645
6	0.00550	0.00393	0.00468	0.00503	0.00575	0.00356	0.00349	0.00631	0.00828	0.03663	0.05095	0.39694	0.29655	0.12727	0.00713	0.00185	0.00252	0.02661	0.00365	0.00336
7	0.00700	0.00448	0.00579	0.00543	0.00661	0.00413	0.00413	0.00891	0.02670	0.09908	0.58733	0.09260	0.08922	0.00848	0.00476	0.00133	0.00220	0.03331	0.00439	0.00412
8	0.01542	0.01136	0.01218	0.00933	0.01258	0.01258	0.00771	0.81858	0.01908	0.02557	0.00974	0.00974	0.00690	0.00487	0.00406	0.00122	0.00446	0.00365	0.00406	0.00690
9	0.88607	0.00785	0.00596	0.00534	0.00785	0.00910	0.00439	0.01193	0.00690	0.01820	0.00565	0.00659	0.00439	0.00377	0.00251	0.00126	0.00314	0.00220	0.00251	0.00439
10	0.00498	0.00362	0.00472	0.00557	0.00594	0.00335	0.00380	0.00576	0.00796	0.01047	0.02403	0.75276	0.09964	0.01244	0.00516	0.00163	0.00237	0.03870	0.00377	0.00332
11	0.09223	0.11238	0.11887	0.02181	0.04733	0.30075	0.00830	0.10536	0.01065	0.05026	0.00803	0.02395	0.00665	0.00549	0.03558	0.00137	0.01849	0.02482	0.00246	0.00523
12	0.00584	0.00412	0.00479	0.00487	0.00574	0.00374	0.00345	0.00676	0.00862	0.04563	0.12665	0.17248	0.33805	0.20059	0.00843	0.00200	0.00265	0.04858	0.00361	0.00340
13	0.30862	0.05411	0.03225	0.00781	0.01056	0.12702	0.00649	0.24645	0.12016	0.01835	0.00857	0.00898	0.00649	0.00438	0.00338	0.00121	0.00423	0.00305	0.02239	0.00550
14	0.33040	0.10105	0.03278	0.00779	0.02539	0.06595	0.03692	0.11507	0.10906	0.05113	0.00927	0.03322	0.02055	0.00448	0.00334	0.00120	0.00394	0.00330	0.00290	0.04228
15	0.04932	0.10551	0.05729	0.03059	0.07094	0.06471	0.04181	0.09315	0.18824	0.11151	0.01181	0.03983	0.03342	0.00486	0.00392	0.00120	0.01377	0.00394	0.00314	0.07104
16	0.08440	0.16808	0.08473	0.00925	0.04284	0.10375	0.01899	0.24341	0.07331	0.05035	0.03143	0.01019	0.02264	0.00462	0.00398	0.00118	0.03478	0.00338	0.00294	0.00575

[dist]
# distance from previous block
# <min> <max>
1	5

[block]
# block no. 6 follows, 66 sequences, length 16
# corresponding to MSA columns:
# 541-556
name=unknown_G
#
# <colnr> <probs for GDERKNQSTAVLIFYWHMCP>
#	G	D	E	R	K	N	Q	S	T	A	V	L	I	F	Y	W	H	M	C	P
0	0.02468	0.00449	0.00571	0.00589	0.00675	0.00438	0.00433	0.00806	0.02892	0.08648	0.09792	0.42551	0.12692	0.03372	0.03325	0.00177	0.03295	0.06064	0.00377	0.00385
1	0.00995	0.01041	0.12418	0.27498	0.22567	0.02911	0.08235	0.05749	0.02340	0.08093	0.00892	0.02808	0.00695	0.00429	0.00412	0.00130	0.00517	0.01471	0.00237	0.00561
2	0.00707	0.00495	0.00638	0.04335	0.00798	0.00510	0.00486	0.02992	0.06484	0.06965	0.10711	0.42580	0.07835	0.00979	0.00528	0.00151	0.05136	0.03771	0.03490	0.00407
3	0.02113	0.07342	0.23369	0.01214	0.03580	0.09939	0.23749	0.05561	0.02413	0.03111	0.05224	0.01071	0.00773	0.01614	0.00503	0.00132	0.07138	0.00381	0.00227	0.00543
4	0.00581	0.00423	0.00599	0.00641	0.00708	0.00402	0.03908	0.00711	0.02755	0.03124	0.05055	0.62498	0.04619	0.01154	0.00514	0.00163	0.00274	0.11132	0.00375	0.00363
5	0.00494	0.00353	0.00471	0.00565	0.00588	0.00330	0.00377	0.00565	0.00777	0.01036	0.02236	0.85477	0.02683	0.01271	0.00518	0.00165	0.00235	0.01153	0.00377	0.00330
6	0.00923	0.00744	0.01173	0.03266	0.10329	0.00736	0.17179	0.08754	0.07837	0.08387	0.19452	0.11582	0.06550	0.00647	0.00455	0.00134	0.00387	0.00602	0.00349	0.00515
7	0.00895	0.21610	0.54555	0.01116	0.01634	0.01108	0.11192	0.01270	0.00861	0.01209	0.00701	0.00838	0.00528	0.00371	0.00368	0.00120	0.00571	0.00302	0.00176	0.00575
8	0.00626	0.00422	0.00605	0.00602	0.00658	0.00467	0.00444	0.00706	0.00642	0.02983	0.01112	0.03817	0.01093	0.16340	0.56049	0.11572	0.00840	0.00467	0.00228	0.00327
9	0.00497	0.00358	0.00471	0.00556	0.00587	0.00332	0.00374	0.00573	0.00797	0.01060	0.05238	0.78786	0.06384	0.01244	0.00515	0.00162	0.00232	0.01125	0.00379	0.00332
10	0.00787	0.00672	0.00773	0.04335	0.00948	0.05563	0.03232	0.05208	0.21691	0.01317	0.01837	0.36082	0.03931	0.00891	0.00469	0.00150	0.00338	0.09110	0.02212	0.00454
11	0.84966	0.00799	0.00622	0.00550	0.00804	0.00925	0.00453	0.04566	0.00741	0.01851	0.00582	0.00672	0.00450	0.00381	0.00258	0.00125	0.00319	0.00226	0.00258	0.00450
12	0.00846	0.03610	0.45810	0.10994	0.01693	0.03060	0.07832	0.04133	0.04379	0.01263	0.00861	0.03792	0.00683	0.00680	0.08446	0.00180	0.00616	0.00369	0.00206	0.00546
13	0.03314	0.00596	0.02827	0.00632	0.00782	0.02832	0.00491	0.02602	0.05763	0.18160	0.05706	0.33244	0.14717	0.00894	0.00479	0.00144	0.02262	0.01937	0.02165	0.00452
14	0.40536	0.03819	0.09298	0.00692	0.00950	0.05205	0.02623	0.04204	0.00838	0.04392	0.01932	0.11946	0.00903	0.00594	0.02501	0.00140	0.00391	0.02279	0.02536	0.04223
15	0.18395	0.11347	0.06504	0.00890	0.03173	0.13885	0.04105	0.17437	0.05904	0.02537	0.00886	0.02998	0.02347	0.00461	0.00393	0.00120	0.04081	0.00335	0.01580	0.02622

[dist]
# distance from previous block
# <min> <max>
0	11

[block]
# block no. 7 follows, 66 sequences, length 20
# corresponding to MSA columns:
# 570-589
name=unknown_H
#
# <colnr> <probs for GDERKNQSTAVLIFYWHMCP>
#	G	D	E	R	K	N	Q	S	T	A	V	L	I	F	Y	W	H	M	C	P
0	0.05484	0.10443	0.15041	0.05660	0.08777	0.04577	0.02444	0.15813	0.04498	0.08071	0.01130	0.07787	0.04423	0.00563	0.01997	0.00134	0.00459	0.00418	0.00287	0.01996
1	0.06547	0.00702	0.00794	0.00656	0.00894	0.02779	0.00521	0.12476	0.03798	0.24993	0.11875	0.08150	0.10758	0.00627	0.00407	0.00121	0.00315	0.00517	0.01982	0.11088
2	0.03031	0.01024	0.01145	0.04135	0.06578	0.03715	0.00759	0.52723	0.04205	0.10876	0.02574	0.02609	0.02595	0.00504	0.00405	0.00123	0.00429	0.00396	0.00383	0.01789
3	0.01094	0.01210	0.08013	0.10434	0.08951	0.14242	0.20633	0.13964	0.05875	0.01411	0.00852	0.02763	0.00678	0.00481	0.01541	0.00137	0.06534	0.00392	0.00245	0.00551
4	0.00495	0.00412	0.00433	0.00428	0.00558	0.00349	0.00321	0.00613	0.00962	0.01184	0.17207	0.03759	0.69895	0.00995	0.00479	0.00135	0.00203	0.00836	0.00388	0.00349
5	0.15327	0.00952	0.01030	0.00894	0.05631	0.01046	0.00685	0.41801	0.13499	0.07826	0.04568	0.01134	0.00893	0.00487	0.00382	0.00125	0.00385	0.00375	0.02340	0.00620
6	0.00850	0.00777	0.01308	0.65001	0.11893	0.00924	0.04394	0.02665	0.00855	0.03405	0.00753	0.01073	0.00571	0.00413	0.00441	0.00135	0.03492	0.00367	0.00197	0.00488
7	0.00549	0.00371	0.00483	0.00550	0.00591	0.00345	0.00372	0.00632	0.00811	0.03379	0.07809	0.68607	0.04928	0.05038	0.00574	0.00168	0.00240	0.01045	0.03166	0.00341
8	0.00504	0.00411	0.00446	0.00446	0.00569	0.00353	0.00335	0.00626	0.00965	0.01205	0.20088	0.07111	0.61509	0.00999	0.00483	0.00137	0.00208	0.02863	0.00391	0.00351
9	0.00497	0.00409	0.00436	0.00445	0.00565	0.00351	0.00332	0.00604	0.00920	0.01122	0.08768	0.09845	0.66393	0.03205	0.00527	0.00147	0.00219	0.04494	0.00378	0.00343
10	0.01557	0.00617	0.00819	0.00657	0.00915	0.00543	0.00531	0.01712	0.01084	0.64634	0.01604	0.07609	0.01134	0.00554	0.00397	0.00124	0.00313	0.00458	0.14123	0.00615
11	0.88607	0.00785	0.00596	0.00534	0.00785	0.00910	0.00439	0.01193	0.00690	0.01820	0.00565	0.00659	0.00439	0.00377	0.00251	0.00126	0.00314	0.00220	0.00251	0.00439
12	0.06867	0.17769	0.01303	0.00943	0.01185	0.60377	0.00745	0.04328	0.01086	0.01092	0.00623	0.00720	0.00523	0.00404	0.00340	0.00103	0.00639	0.00254	0.00212	0.00486
13	0.01439	0.01098	0.01136	0.00897	0.01190	0.04951	0.00730	0.67512	0.06116	0.02337	0.01061	0.04633	0.00810	0.00520	0.00405	0.00123	0.00434	0.00400	0.03557	0.00651
14	0.00547	0.00407	0.00487	0.00510	0.00596	0.00376	0.00370	0.00694	0.03104	0.01241	0.22858	0.28353	0.26153	0.03844	0.00537	0.00152	0.00228	0.04801	0.04385	0.00357
15	0.08435	0.08819	0.07307	0.04553	0.03012	0.04519	0.00735	0.18824	0.03841	0.26082	0.02982	0.02928	0.02108	0.00510	0.00388	0.00125	0.00413	0.03465	0.00359	0.00594
16	0.02401	0.00777	0.02926	0.03614	0.03272	0.02474	0.03218	0.11760	0.04441	0.11654	0.07883	0.08641	0.01206	0.08221	0.00579	0.00139	0.03566	0.00459	0.00322	0.22445
17	0.07768	0.10117	0.06955	0.00829	0.05247	0.04476	0.02220	0.12965	0.04798	0.07255	0.04969	0.06380	0.07253	0.00518	0.00373	0.00112	0.00382	0.00418	0.00304	0.16661
18	0.02745	0.06370	0.07981	0.00904	0.06711	0.02190	0.03735	0.17058	0.08552	0.07503	0.10944	0.05015	0.08065	0.01711	0.00443	0.00127	0.01511	0.01743	0.00336	0.06355
19	0.02112	0.06398	0.17286	0.05152	0.08425	0.12175	0.02937	0.05543	0.03331	0.06710	0.08840	0.03854	0.02301	0.00478	0.00398	0.00115	0.01571	0.00387	0.00268	0.11719

[dist]
# distance from previous block
# <min> <max>
1	34

[block]
# block no. 8 follows, 66 sequences, length 17
# corresponding to MSA columns:
# 625-641
name=unknown_I
#
# <colnr> <probs for GDERKNQSTAVLIFYWHMCP>
#	G	D	E	R	K	N	Q	S	T	A	V	L	I	F	Y	W	H	M	C	P
0	0.00772	0.13093	0.04133	0.00791	0.05894	0.03209	0.03146	0.03602	0.00759	0.01022	0.00987	0.01571	0.00964	0.22844	0.32055	0.00381	0.00689	0.00420	0.00222	0.03447
1	0.01209	0.04991	0.00998	0.00842	0.01044	0.30167	0.00649	0.15977	0.07245	0.06765	0.01240	0.20842	0.01185	0.00655	0.00413	0.00125	0.00476	0.02208	0.00321	0.02649
2	0.03791	0.00768	0.00879	0.04335	0.01046	0.05845	0.01738	0.06041	0.06111	0.21530	0.02915	0.07558	0.02808	0.03261	0.00442	0.00121	0.00362	0.04439	0.00344	0.25667
3	0.06261	0.03388	0.11008	0.01050	0.09958	0.12214	0.00828	0.10991	0.03797	0.05351	0.03681	0.07784	0.03585	0.00567	0.00551	0.00132	0.14685	0.00420	0.00272	0.03478
4	0.01001	0.00775	0.00852	0.00643	0.00953	0.02728	0.00515	0.15506	0.01051	0.04065	0.00878	0.00976	0.00691	0.00368	0.00322	0.00079	0.00322	0.00288	0.13013	0.54974
5	0.00799	0.00621	0.00696	0.00660	0.00813	0.00653	0.00502	0.09281	0.26298	0.03093	0.08086	0.22705	0.16678	0.02634	0.00496	0.00149	0.00287	0.04676	0.00395	0.00477
6	0.01050	0.06963	0.13250	0.03456	0.11835	0.03971	0.09633	0.05397	0.08269	0.12859	0.02266	0.07906	0.02544	0.01900	0.01781	0.00143	0.03398	0.02533	0.00292	0.00557
7	0.03202	0.05181	0.18962	0.08770	0.04194	0.03701	0.07153	0.05142	0.07954	0.04602	0.02089	0.08286	0.03766	0.00562	0.00502	0.00135	0.08847	0.03213	0.00262	0.03475
8	0.00618	0.00394	0.00496	0.00532	0.00573	0.00373	0.00351	0.00678	0.00758	0.06369	0.04502	0.45962	0.04289	0.29543	0.01028	0.00237	0.00296	0.02331	0.00343	0.00328
9	0.17315	0.46094	0.01554	0.00716	0.01033	0.03397	0.00652	0.13673	0.03255	0.07919	0.00741	0.00786	0.00590	0.00394	0.00299	0.00104	0.00411	0.00263	0.00257	0.00547
10	0.03023	0.07024	0.13028	0.01172	0.11748	0.10501	0.08646	0.08877	0.12032	0.14350	0.00995	0.01048	0.00734	0.00433	0.00409	0.00122	0.02189	0.00357	0.00292	0.03021
11	0.00626	0.00455	0.00565	0.00556	0.00578	0.00494	0.00375	0.00680	0.02465	0.00893	0.02780	0.09107	0.04273	0.49825	0.07418	0.05746	0.09004	0.03606	0.00260	0.00296
12	0.00504	0.00365	0.00469	0.00547	0.00583	0.00339	0.00369	0.00578	0.00791	0.01044	0.04107	0.69749	0.09979	0.05981	0.00601	0.00175	0.00244	0.02876	0.00371	0.00328
13	0.10064	0.05137	0.04141	0.03359	0.01098	0.02355	0.02076	0.20202	0.06773	0.23884	0.02430	0.08969	0.04226	0.00569	0.00414	0.00128	0.01914	0.00455	0.01228	0.00578
14	0.01166	0.30148	0.15131	0.01014	0.01368	0.23088	0.12355	0.04272	0.02409	0.03352	0.00715	0.00826	0.00572	0.00386	0.00352	0.00109	0.00568	0.00296	0.01337	0.00535
15	0.00565	0.00441	0.00514	0.00545	0.00638	0.00420	0.00393	0.02347	0.08144	0.01182	0.07083	0.41458	0.30244	0.01080	0.00492	0.00151	0.00239	0.03307	0.00384	0.00373
16	0.02714	0.04806	0.00644	0.00589	0.00694	0.00490	0.00432	0.04785	0.00895	0.11180	0.03231	0.55071	0.05247	0.01005	0.00463	0.00147	0.00266	0.00888	0.06045	0.00408

[dist]
# distance from previous block
# <min> <max>
0	3

[block]
# block no. 9 follows, 66 sequences, length 31
# corresponding to MSA columns:
# 645,653,655-683
name=unknown_J
#
# <colnr> <probs for GDERKNQSTAVLIFYWHMCP>
#	G	D	E	R	K	N	Q	S	T	A	V	L	I	F	Y	W	H	M	C	P
0	0.00543	0.00418	0.00505	0.00549	0.00644	0.00385	0.00423	0.00683	0.02525	0.01153	0.07951	0.26101	0.34948	0.01095	0.00508	0.00156	0.00256	0.20419	0.00381	0.00355
1	0.00955	0.06779	0.02732	0.00678	0.01022	0.03588	0.00566	0.10222	0.00969	0.01413	0.00791	0.00894	0.02033	0.00352	0.00338	0.00076	0.02063	0.00268	0.00253	0.64009
2	0.00539	0.00415	0.00493	0.00479	0.00592	0.00370	0.00363	0.00693	0.01048	0.01392	0.47230	0.03454	0.36316	0.00923	0.00482	0.00134	0.00205	0.04091	0.00415	0.00366
3	0.01113	0.25729	0.03617	0.00835	0.01089	0.04650	0.00724	0.09589	0.28257	0.05487	0.01094	0.01114	0.02447	0.00504	0.00491	0.00124	0.11907	0.00358	0.00299	0.00573
4	0.00508	0.00383	0.00470	0.00524	0.00590	0.00347	0.00371	0.00605	0.00862	0.01117	0.10635	0.48279	0.25947	0.02321	0.00527	0.00158	0.00232	0.05403	0.00381	0.00340
5	0.00587	0.00425	0.00572	0.00651	0.00727	0.00410	0.00526	0.00732	0.00898	0.01175	0.07086	0.29138	0.08822	0.01142	0.00536	0.00173	0.00308	0.45355	0.00379	0.00358
6	0.00910	0.00742	0.00864	0.00622	0.00979	0.00580	0.00500	0.05246	0.00907	0.04109	0.00763	0.00866	0.00619	0.00317	0.00309	0.00065	0.00310	0.00252	0.00258	0.80781
7	0.84374	0.00802	0.00627	0.00553	0.00808	0.00927	0.00456	0.05115	0.00750	0.01856	0.00585	0.00674	0.00452	0.00382	0.00259	0.00125	0.00320	0.00227	0.00259	0.00452
8	0.01061	0.03821	0.28805	0.02203	0.02465	0.05927	0.03420	0.04667	0.04953	0.14961	0.02301	0.03808	0.00827	0.00499	0.01842	0.00125	0.00475	0.01998	0.00279	0.15563
9	0.03142	0.05217	0.01984	0.04834	0.07115	0.20136	0.05001	0.21683	0.09630	0.01531	0.02650	0.04036	0.00825	0.01986	0.02225	0.00140	0.06648	0.00386	0.00286	0.00547
10	0.01085	0.85986	0.02126	0.00694	0.01041	0.01605	0.00694	0.01215	0.00824	0.00955	0.00564	0.00651	0.00521	0.00347	0.00260	0.00087	0.00434	0.00217	0.00174	0.00521
11	0.00824	0.00701	0.00825	0.00605	0.00946	0.00534	0.00483	0.01001	0.00838	0.01305	0.00797	0.02757	0.00697	0.00399	0.02048	0.00078	0.00317	0.02279	0.00246	0.82320
12	0.05549	0.00847	0.00976	0.00777	0.01062	0.00875	0.00633	0.28352	0.13395	0.34577	0.04139	0.01294	0.01007	0.00508	0.00398	0.00125	0.00362	0.00403	0.04071	0.00648
13	0.14311	0.14380	0.11909	0.00865	0.01174	0.28755	0.00775	0.07950	0.02665	0.08954	0.00824	0.00879	0.02055	0.00421	0.00344	0.00112	0.00520	0.00289	0.00256	0.02562
