[name]
unknown

[dist]
# distance from previous block
# <min> <max>
5	97

[block]
# block no. 0 follows, 60 sequences, length 10
# corresponding to MSA columns:
# 538-541,545-550
name=unknown_A
#
# <colnr> <probs for GDERKNQSTAVLIFYWHMCP>
#	G	D	E	R	K	N	Q	S	T	A	V	L	I	F	Y	W	H	M	C	P
0	0.01185	0.06773	0.10512	0.02995	0.04332	0.09432	0.02764	0.14618	0.07961	0.08553	0.03300	0.05912	0.01019	0.00747	0.05950	0.00172	0.05538	0.02219	0.00319	0.05698
1	0.01079	0.00902	0.03981	0.00973	0.09118	0.05077	0.03937	0.04477	0.04605	0.11520	0.03796	0.05774	0.02802	0.02488	0.03566	0.00137	0.00433	0.00425	0.00316	0.34594
2	0.01133	0.13662	0.11581	0.14272	0.17688	0.05664	0.08508	0.09414	0.03669	0.04196	0.00851	0.01029	0.00662	0.00432	0.00438	0.00129	0.02805	0.00364	0.00247	0.03255
3	0.00918	0.00849	0.05259	0.00850	0.03471	0.07549	0.05567	0.03278	0.12513	0.06504	0.24733	0.04976	0.11405	0.03953	0.06048	0.00187	0.00433	0.00621	0.00381	0.00506
4	0.06336	0.00482	0.00596	0.00627	0.03575	0.00455	0.00430	0.00800	0.00905	0.06215	0.13658	0.21143	0.23014	0.03493	0.00762	0.15701	0.00287	0.00776	0.00366	0.00378
5	0.00894	0.00525	0.00654	0.00614	0.00763	0.00491	0.00461	0.01089	0.05859	0.18829	0.12899	0.20018	0.21590	0.05581	0.07486	0.00211	0.00356	0.00787	0.00425	0.00468
6	0.00887	0.00592	0.00714	0.00628	0.00834	0.00518	0.00474	0.01099	0.06193	0.12458	0.04809	0.23413	0.11430	0.03304	0.02626	0.00150	0.00316	0.00677	0.03923	0.24953
7	0.06937	0.00847	0.00925	0.00770	0.01028	0.00891	0.00613	0.24759	0.17115	0.07755	0.09301	0.05006	0.05918	0.00684	0.02542	0.00145	0.00373	0.00498	0.04888	0.09006
8	0.01015	0.00627	0.00739	0.00657	0.00840	0.00608	0.00498	0.08346	0.10044	0.17211	0.10826	0.15847	0.14101	0.08896	0.00640	0.00169	0.00314	0.00695	0.03708	0.04221
9	0.12234	0.00564	0.00621	0.00600	0.00740	0.00562	0.00440	0.03878	0.06155	0.09136	0.07284	0.26815	0.18038	0.10157	0.00668	0.00182	0.00299	0.00792	0.00393	0.00439

[dist]
# distance from previous block
# <min> <max>
7	11

[block]
# block no. 1 follows, 60 sequences, length 22
# corresponding to MSA columns:
# 566-587
name=unknown_B
#
# <colnr> <probs for GDERKNQSTAVLIFYWHMCP>
#	G	D	E	R	K	N	Q	S	T	A	V	L	I	F	Y	W	H	M	C	P
0	0.02264	0.00742	0.01079	0.18129	0.08984	0.02199	0.05476	0.05472	0.03822	0.06640	0.01396	0.05957	0.06955	0.09876	0.14616	0.00269	0.03336	0.02005	0.00289	0.00493
1	0.04345	0.00495	0.00596	0.00615	0.03184	0.00483	0.00408	0.00863	0.02295	0.07178	0.09253	0.13552	0.11668	0.33361	0.04858	0.00279	0.00376	0.02691	0.03119	0.00381
2	0.00663	0.00521	0.00740	0.00707	0.00775	0.00602	0.01632	0.00783	0.00736	0.01039	0.05067	0.02021	0.07379	0.13429	0.49492	0.02939	0.10312	0.00527	0.00256	0.00379
3	0.05875	0.00939	0.01203	0.21332	0.13805	0.11282	0.05637	0.04609	0.02251	0.05194	0.02839	0.03125	0.00881	0.04653	0.07752	0.05185	0.00584	0.00424	0.01920	0.00509
4	0.01112	0.01001	0.01369	0.37185	0.14761	0.07304	0.03786	0.12278	0.07674	0.04652	0.00957	0.02501	0.00740	0.00478	0.00459	0.00140	0.02341	0.00409	0.00271	0.00582
5	0.00763	0.00635	0.00907	0.04845	0.10839	0.02427	0.00687	0.03622	0.00799	0.01120	0.01107	0.03856	0.01052	0.08998	0.50771	0.00506	0.05908	0.00477	0.00241	0.00440
6	0.06320	0.00554	0.00611	0.00627	0.00717	0.03091	0.00444	0.07985	0.00985	0.01370	0.10488	0.47304	0.06316	0.08815	0.00665	0.00184	0.00304	0.00934	0.01883	0.00401
7	0.00920	0.00806	0.01308	0.57217	0.15667	0.00936	0.01129	0.02237	0.03692	0.04880	0.03758	0.01345	0.03320	0.00476	0.00441	0.00142	0.00528	0.00424	0.00241	0.00534
8	0.00864	0.00848	0.01523	0.66021	0.02806	0.00980	0.15469	0.01165	0.00902	0.01176	0.00795	0.01156	0.00598	0.00420	0.00446	0.00143	0.00600	0.00406	0.00201	0.03484
9	0.00562	0.00440	0.00506	0.00517	0.00619	0.00406	0.00377	0.00671	0.00910	0.01150	0.08542	0.10406	0.44907	0.13079	0.11105	0.00260	0.00378	0.04435	0.00369	0.00360
10	0.01010	0.00881	0.01197	0.13650	0.12211	0.00868	0.04611	0.04454	0.18796	0.03040	0.01037	0.01157	0.00807	0.00422	0.00397	0.00112	0.00420	0.00368	0.00294	0.34267
11	0.11388	0.04872	0.06710	0.04094	0.06874	0.13174	0.02211	0.18236	0.19693	0.01780	0.02471	0.01222	0.00892	0.00506	0.00407	0.00133	0.00487	0.02073	0.02164	0.00613
12	0.03329	0.00703	0.00866	0.00734	0.00973	0.00693	0.00583	0.06131	0.14912	0.34671	0.12141	0.05743	0.07958	0.00904	0.07439	0.00188	0.00401	0.00563	0.00461	0.00607
13	0.03080	0.10726	0.05593	0.04146	0.02789	0.07511	0.04347	0.09427	0.19426	0.11807	0.02246	0.11106	0.01144	0.00611	0.00473	0.00139	0.03978	0.00497	0.00352	0.00600
14	0.01057	0.29150	0.07797	0.00929	0.01177	0.03374	0.04106	0.08922	0.02706	0.01246	0.00815	0.01131	0.00733	0.02619	0.07662	0.05814	0.17530	0.02479	0.00231	0.00521
15	0.00527	0.00424	0.00469	0.00496	0.00606	0.00367	0.00357	0.00633	0.00964	0.01196	0.08809	0.27017	0.54277	0.01166	0.00527	0.00155	0.00229	0.01003	0.00410	0.00367
16	0.01042	0.00906	0.01150	0.08324	0.06587	0.02281	0.05092	0.08684	0.17662	0.02597	0.01033	0.01140	0.00808	0.00487	0.02182	0.00121	0.01341	0.00362	0.00304	0.37898
17	0.00965	0.00883	0.04146	0.12506	0.06163	0.02297	0.02943	0.06311	0.02379	0.03296	0.05897	0.02755	0.02209	0.00445	0.00401	0.00103	0.01456	0.00374	0.00281	0.44190
18	0.07949	0.07101	0.07652	0.11761	0.05563	0.15421	0.02983	0.23522	0.03905	0.05703	0.00908	0.01026	0.00685	0.00559	0.03283	0.00149	0.00570	0.00355	0.00300	0.00606
19	0.00668	0.00464	0.00587	0.03431	0.01829	0.00458	0.00434	0.00766	0.00839	0.03641	0.06257	0.10312	0.19399	0.23599	0.12728	0.03588	0.00450	0.05960	0.04228	0.00362
20	0.00671	0.00482	0.00601	0.00657	0.04342	0.00483	0.00410	0.04266	0.00797	0.01065	0.01742	0.23262	0.05244	0.44633	0.06471	0.00332	0.00424	0.03459	0.00314	0.00345
21	0.11912	0.05978	0.07514	0.43068	0.05489	0.09123	0.01053	0.04905	0.02225	0.01328	0.00766	0.01024	0.00591	0.00469	0.01317	0.00143	0.02003	0.00347	0.00222	0.00524

[dist]
# distance from previous block
# <min> <max>
0	9

[block]
# block no. 2 follows, 60 sequences, length 25
# corresponding to MSA columns:
# 598-622
name=unknown_C
#
# <colnr> <probs for GDERKNQSTAVLIFYWHMCP>
#	G	D	E	R	K	N	Q	S	T	A	V	L	I	F	Y	W	H	M	C	P
0	0.00916	0.00799	0.01238	0.37903	0.14316	0.01877	0.04377	0.03851	0.03230	0.04765	0.01305	0.04552	0.08476	0.05861	0.02035	0.00171	0.03056	0.00495	0.00262	0.00515
1	0.04251	0.00941	0.06177	0.01044	0.08911	0.00919	0.04486	0.25217	0.09062	0.01738	0.05973	0.01378	0.02305	0.00918	0.06675	0.16940	0.00495	0.00431	0.00321	0.01816
2	0.00542	0.00399	0.00500	0.00573	0.00623	0.00367	0.00391	0.00626	0.00867	0.01130	0.04770	0.60342	0.17165	0.06510	0.00653	0.00187	0.00261	0.03341	0.00398	0.00354
3	0.00755	0.00596	0.00820	0.08510	0.07893	0.00648	0.00615	0.04367	0.07879	0.01238	0.07347	0.13011	0.01580	0.18256	0.24159	0.00360	0.00613	0.00613	0.00303	0.00437
4	0.87753	0.00843	0.00641	0.00574	0.00843	0.00978	0.00472	0.01282	0.00742	0.01957	0.00607	0.00709	0.00472	0.00405	0.00270	0.00135	0.00337	0.00236	0.00270	0.00472
5	0.00820	0.00741	0.01127	0.16266	0.25256	0.00773	0.02818	0.01121	0.07779	0.01345	0.10495	0.02125	0.18648	0.01971	0.06667	0.00186	0.00470	0.00568	0.00303	0.00523
6	0.00607	0.00445	0.00568	0.00538	0.00645	0.00407	0.00403	0.00802	0.01209	0.01689	0.73650	0.03356	0.12224	0.00914	0.00515	0.00138	0.00207	0.00803	0.00472	0.00407
7	0.01039	0.00895	0.00943	0.00852	0.01089	0.01025	0.00662	0.02178	0.74310	0.01783	0.03908	0.01824	0.06299	0.00630	0.00450	0.00148	0.00334	0.00526	0.00442	0.00664
8	0.02672	0.01029	0.01232	0.18529	0.06653	0.04278	0.00892	0.38070	0.06332	0.06190	0.01045	0.01179	0.00780	0.00756	0.08228	0.00188	0.00565	0.00400	0.00347	0.00634
9	0.00608	0.00445	0.00570	0.00539	0.00646	0.00407	0.00404	0.00804	0.01212	0.01695	0.74417	0.03347	0.11453	0.00912	0.00515	0.00138	0.00207	0.00801	0.00473	0.00407
10	0.75008	0.00869	0.00712	0.00612	0.00897	0.00981	0.00503	0.07514	0.00857	0.01982	0.00653	0.00749	0.00505	0.00409	0.00287	0.00130	0.00348	0.00250	0.00282	0.06453
11	0.01166	0.84935	0.02285	0.00746	0.01119	0.01726	0.00746	0.01306	0.00886	0.01026	0.00606	0.00700	0.00560	0.00373	0.00280	0.00093	0.00466	0.00233	0.00187	0.00560
12	0.62676	0.00814	0.00749	0.00633	0.00922	0.00880	0.00522	0.01529	0.00890	0.25427	0.00933	0.00935	0.00650	0.00444	0.00319	0.00135	0.00347	0.00295	0.00349	0.00551
13	0.01166	0.84935	0.02285	0.00746	0.01119	0.01726	0.00746	0.01306	0.00886	0.01026	0.00606	0.00700	0.00560	0.00373	0.00280	0.00093	0.00466	0.00233	0.00187	0.00560
14	0.23249	0.01709	0.01074	0.00973	0.01210	0.58106	0.00742	0.01656	0.05232	0.01330	0.00714	0.00810	0.00579	0.00446	0.00365	0.00120	0.00651	0.00281	0.00247	0.00507
15	0.00634	0.00423	0.00476	0.00476	0.00476	0.00423	0.00264	0.00634	0.00634	0.00846	0.01374	0.02854	0.01586	0.84672	0.02220	0.00423	0.00423	0.00634	0.00264	0.00264
16	0.00891	0.00859	0.01347	0.43194	0.10031	0.01099	0.01111	0.01102	0.00807	0.01121	0.00739	0.02833	0.00637	0.00573	0.00809	0.00161	0.31584	0.00403	0.00199	0.00499
17	0.00597	0.00418	0.00514	0.00558	0.00592	0.00403	0.00372	0.00663	0.00802	0.01063	0.07040	0.31892	0.07156	0.36532	0.01260	0.00279	0.00335	0.08849	0.00350	0.00325
18	0.00649	0.00470	0.00605	0.00591	0.00621	0.00516	0.00403	0.00716	0.00695	0.00966	0.06285	0.02410	0.01529	0.49089	0.27091	0.00477	0.05723	0.00577	0.00264	0.00325
19	0.00954	0.00954	0.01336	0.01145	0.01145	0.01336	0.00954	0.01050	0.00668	0.01050	0.00573	0.00954	0.00573	0.00763	0.01431	0.00191	0.83874	0.00382	0.00191	0.00477
20	0.01064	0.00881	0.00971	0.04472	0.01189	0.01008	0.00708	0.02121	0.67498	0.04414	0.01781	0.03247	0.01407	0.00643	0.00457	0.00152	0.00359	0.06540	0.00432	0.00655
21	0.00904	0.00775	0.00904	0.00646	0.01034	0.00581	0.00517	0.01098	0.00904	0.01421	0.00775	0.00904	0.00646	0.00323	0.00323	0.00065	0.00323	0.00258	0.00258	0.87339
22	0.58219	0.00735	0.00643	0.00596	0.00805	0.00820	0.00464	0.04063	0.00820	0.04995	0.01059	0.16288	0.01038	0.07234	0.00489	0.00165	0.00335	0.00466	0.00311	0.00455
23	0.55547	0.00678	0.00587	0.00567	0.00743	0.00758	0.00427	0.01037	0.00748	0.01607	0.01123	0.19913	0.01177	0.12723	0.00615	0.00186	0.00331	0.00520	0.00300	0.00416
24	0.07089	0.00732	0.01069	0.44117	0.06612	0.00826	0.00908	0.04489	0.00953	0.01321	0.05679	0.03143	0.10908	0.00596	0.00468	0.02289	0.00460	0.02309	0.00265	0.05767

[dist]
# distance from previous block
# <min> <max>
9	74

[block]
# block no. 3 follows, 60 sequences, length 37
# corresponding to MSA columns:
# 708-744
name=unknown_D
#
# <colnr> <probs for GDERKNQSTAVLIFYWHMCP>
#	G	D	E	R	K	N	Q	S	T	A	V	L	I	F	Y	W	H	M	C	P
0	0.01076	0.00939	0.01063	0.01060	0.09441	0.01056	0.00749	0.02159	0.69089	0.01764	0.01629	0.01536	0.01233	0.00558	0.00437	0.00142	0.00362	0.00471	0.00412	0.04824
1	0.00531	0.00414	0.00482	0.00525	0.00614	0.00365	0.00371	0.00633	0.00941	0.01194	0.09622	0.40527	0.39815	0.01207	0.00534	0.00160	0.00234	0.01055	0.00411	0.00365
2	0.01187	0.01055	0.01219	0.01079	0.05435	0.08132	0.00842	0.22065	0.01171	0.02711	0.00925	0.01340	0.00820	0.00629	0.00780	0.00147	0.29665	0.07683	0.00294	0.12819
3	0.00549	0.00442	0.00489	0.00480	0.00610	0.00382	0.00359	0.00690	0.01070	0.01363	0.29650	0.05501	0.54802	0.01040	0.00516	0.00145	0.00217	0.00884	0.00430	0.00382
4	0.00824	0.00775	0.01308	0.83624	0.03004	0.00969	0.01211	0.01114	0.00872	0.01114	0.00775	0.01163	0.00581	0.00436	0.00436	0.00145	0.00581	0.00388	0.00194	0.00484
5	0.00528	0.00407	0.00484	0.00545	0.00620	0.00363	0.00381	0.00621	0.00902	0.01143	0.03213	0.50530	0.34636	0.01258	0.00541	0.00166	0.00243	0.02653	0.00405	0.00361
6	0.06167	0.00673	0.00855	0.00687	0.00959	0.00618	0.00560	0.03294	0.01142	0.55682	0.01561	0.01475	0.01050	0.00644	0.03982	0.00152	0.00370	0.00421	0.19065	0.00641
7	0.78312	0.00815	0.00650	0.00576	0.00841	0.00929	0.00473	0.01316	0.00780	0.06489	0.00713	0.00801	0.00541	0.00418	0.00281	0.00133	0.00332	0.00257	0.04859	0.00484
8	0.00577	0.00447	0.00527	0.00515	0.00637	0.00397	0.00391	0.00741	0.01118	0.01477	0.43931	0.03752	0.38027	0.01000	0.00519	0.00145	0.00222	0.04742	0.00443	0.00392
9	0.01166	0.84935	0.02285	0.00746	0.01119	0.01726	0.00746	0.01306	0.00886	0.01026	0.00606	0.00700	0.00560	0.00373	0.00280	0.00093	0.00466	0.00233	0.00187	0.00560
10	0.01957	0.00742	0.01012	0.00776	0.01113	0.00641	0.00641	0.02126	0.01248	0.82254	0.01721	0.01484	0.01080	0.00540	0.00439	0.00135	0.00371	0.00439	0.00540	0.00742
11	0.00904	0.00775	0.00904	0.00646	0.01034	0.00581	0.00517	0.01098	0.00904	0.01421	0.00775	0.00904	0.00646	0.00323	0.00323	0.00065	0.00323	0.00258	0.00258	0.87339
12	0.00875	0.02256	0.82413	0.01243	0.01888	0.01013	0.01611	0.01381	0.00921	0.01381	0.00783	0.00921	0.00552	0.00414	0.00414	0.00138	0.00645	0.00322	0.00184	0.00645
13	0.21123	0.00732	0.00833	0.19854	0.01333	0.03151	0.00660	0.05701	0.04875	0.05768	0.05287	0.15319	0.07181	0.00678	0.00419	0.00143	0.00380	0.00559	0.05521	0.00482
14	0.03100	0.00826	0.01115	0.12187	0.05418	0.00797	0.00767	0.11769	0.01255	0.50616	0.01383	0.01315	0.00912	0.00500	0.00427	0.00131	0.00417	0.00408	0.00441	0.06215
15	0.00890	0.00858	0.01206	0.02770	0.01101	0.01175	0.00870	0.00994	0.00675	0.01036	0.00697	0.01154	0.00693	0.05107	0.12736	0.00272	0.66704	0.00406	0.00200	0.00455
16	0.00644	0.00419	0.00483	0.00483	0.00483	0.00419	0.00274	0.00629	0.00629	0.00839	0.01324	0.02730	0.01519	0.77942	0.02178	0.07455	0.00419	0.00614	0.00258	0.00258
17	0.75984	0.04965	0.00772	0.00631	0.00901	0.08281	0.00518	0.01324	0.00793	0.01834	0.00613	0.00715	0.00484	0.00407	0.00281	0.00131	0.00383	0.00240	0.00262	0.00479
18	0.07795	0.01028	0.01358	0.29738	0.29842	0.11378	0.01086	0.01312	0.03857	0.01340	0.05061	0.01174	0.00821	0.00454	0.00438	0.00135	0.01997	0.00387	0.00235	0.00561
19	0.01012	0.00942	0.08950	0.00777	0.01170	0.00689	0.03475	0.02934	0.05949	0.08156	0.03207	0.01078	0.00816	0.00388	0.00364	0.00089	0.00374	0.00321	0.00294	0.59016
20	0.15719	0.00967	0.08668	0.00850	0.01207	0.00827	0.03595	0.09287	0.03456	0.48939	0.01360	0.01257	0.00892	0.00500	0.00412	0.00136	0.00414	0.00395	0.00439	0.00682
21	0.01029	0.01176	0.02574	0.01838	0.02279	0.01103	0.80368	0.01397	0.01029	0.01397	0.00882	0.01176	0.00662	0.00368	0.00515	0.00147	0.00735	0.00515	0.00221	0.00588
22	0.00904	0.00818	0.03268	0.00663	0.01058	0.00594	0.00549	0.01106	0.00905	0.01420	0.00775	0.00905	0.00643	0.00326	0.00326	0.00067	0.00332	0.00260	0.00256	0.84825
23	0.05927	0.00487	0.00613	0.00611	0.00658	0.00540	0.00428	0.00742	0.00690	0.01014	0.01340	0.12274	0.01453	0.36820	0.29552	0.00458	0.05168	0.00614	0.00267	0.00342
24	0.13148	0.01008	0.01129	0.00882	0.01200	0.01080	0.00729	0.41522	0.01557	0.27414	0.01176	0.01134	0.00803	0.00525	0.00464	0.00136	0.04580	0.00386	0.00434	0.00693
25	0.06969	0.14540	0.11697	0.02459	0.17125	0.08440	0.04902	0.06616	0.01074	0.15128	0.00960	0.02707	0.00742	0.00493	0.01702	0.00134	0.00522	0.00365	0.00286	0.03138
26	0.00917	0.05047	0.73976	0.01288	0.05833	0.01031	0.01548	0.01391	0.00930	0.02988	0.00797	0.00932	0.00570	0.00414	0.00411	0.00136	0.00627	0.00325	0.00193	0.00646
27	0.01912	0.00813	0.01056	0.00810	0.01149	0.00747	0.00669	0.13766	0.01367	0.70445	0.01621	0.01420	0.01029	0.00537	0.00438	0.00134	0.00387	0.00432	0.00524	0.00742
28	0.00711	0.00626	0.01014	0.06457	0.11135	0.00651	0.09170	0.00860	0.00862	0.01175	0.01778	0.48265	0.03485	0.01081	0.03249	0.00183	0.07636	0.00895	0.00324	0.00442
29	0.01181	0.09863	0.17533	0.01239	0.09882	0.05125	0.13722	0.03794	0.02666	0.16349	0.03564	0.01456	0.07162	0.00521	0.00464	0.00135	0.02748	0.01682	0.00303	0.00610
30	0.00735	0.00492	0.04479	0.00603	0.00640	0.00445	0.00439	0.00642	0.00608	0.00826	0.00893	0.01597	0.00914	0.16241	0.07480	0.60214	0.01876	0.00427	0.00206	0.00243
31	0.00531	0.00380	0.00506	0.00607	0.00633	0.00354	0.00405	0.00607	0.00835	0.01113	0.02404	0.84388	0.02885	0.01366	0.00557	0.00177	0.00253	0.01240	0.00405	0.00354
32	0.04201	0.00983	0.03653	0.32134	0.08061	0.02755	0.02932	0.18045	0.13471	0.01634	0.01103	0.01275	0.03297	0.00561	0.02238	0.00153	0.02203	0.00417	0.00296	0.00587
33	0.02844	0.10358	0.05396	0.08014	0.06168	0.15253	0.03962	0.23052	0.07098	0.03737	0.00939	0.01070	0.00731	0.00682	0.06585	0.00171	0.02669	0.00368	0.00298	0.00605
34	0.00710	0.00576	0.00846	0.06843	0.08065	0.00635	0.01804	0.00975	0.08798	0.01166	0.01463	0.20046	0.01468	0.03810	0.39031	0.00418	0.00749	0.01860	0.00291	0.00445
35	0.00535	0.00424	0.00481	0.00506	0.00611	0.00370	0.00365	0.00649	0.00982	0.01242	0.15048	0.27641	0.47304	0.01151	0.00527	0.00155	0.00228	0.00995	0.00416	0.00370
36	0.04406	0.01685	0.00731	0.00723	0.00805	0.01619	0.03365	0.02822	0.04429	0.01227	0.02020	0.54468	0.04214	0.02413	0.04057	0.00196	0.05999	0.04047	0.00366	0.00408

[dist]
# distance from previous block
# <min> <max>
0	33

[block]
# block no. 4 follows, 60 sequences, length 27
# corresponding to MSA columns:
# 778,786-798,804-816
name=unknown_E
#
# <colnr> <probs for GDERKNQSTAVLIFYWHMCP>
#	G	D	E	R	K	N	Q	S	T	A	V	L	I	F	Y	W	H	M	C	P
0	0.46958	0.03304	0.00953	0.00834	0.03043	0.15725	0.00652	0.07500	0.00944	0.02840	0.00729	0.03506	0.00616	0.00496	0.00457	0.00137	0.10216	0.00313	0.00270	0.00508
1	0.00961	0.00993	0.04678	0.40691	0.33313	0.03670	0.02687	0.01233	0.00925	0.01245	0.00781	0.01098	0.00623	0.00433	0.00485	0.00140	0.04883	0.00384	0.00203	0.00573
2	0.00977	0.02107	0.01206	0.25060	0.18681	0.12289	0.00942	0.04302	0.03467	0.01242	0.01014	0.06894	0.00910	0.03644	0.13750	0.00236	0.00644	0.00453	0.01665	0.00516
3	0.00609	0.00444	0.00572	0.00544	0.00647	0.00407	0.00406	0.00805	0.01208	0.01695	0.74649	0.05676	0.08867	0.00919	0.00516	0.00139	0.00208	0.00810	0.00473	0.00407
4	0.00888	0.00701	0.01104	0.36427	0.12491	0.00797	0.00910	0.01120	0.07026	0.04301	0.02232	0.01314	0.00810	0.00918	0.07019	0.20297	0.00538	0.00408	0.00236	0.00461
5	0.00989	0.00533	0.00657	0.00589	0.00767	0.00479	0.00457	0.01177	0.03279	0.23960	0.22215	0.08965	0.23403	0.00849	0.00478	0.00141	0.00267	0.02133	0.08169	0.00495
6	0.00881	0.00858	0.03876	0.07342	0.24775	0.00889	0.08644	0.01202	0.08362	0.01273	0.01122	0.02620	0.03186	0.01332	0.25127	0.00311	0.06952	0.00459	0.00247	0.00545
7	0.00733	0.00572	0.00667	0.00589	0.00789	0.00485	0.00444	0.04323	0.01009	0.03165	0.11577	0.21835	0.23643	0.00862	0.00460	0.00127	0.00273	0.00742	0.00373	0.27334
8	0.00692	0.00504	0.00681	0.00689	0.00752	0.00550	0.00507	0.04238	0.00830	0.03254	0.01750	0.37429	0.03924	0.06814	0.26160	0.02276	0.07422	0.00810	0.00326	0.00394
9	0.06608	0.04128	0.01360	0.33778	0.13765	0.02823	0.01028	0.21825	0.01200	0.04430	0.00857	0.01069	0.00648	0.00466	0.00462	0.00138	0.04172	0.00373	0.00277	0.00593
10	0.00747	0.00663	0.00960	0.29757	0.06629	0.00698	0.02351	0.01015	0.05299	0.01302	0.12008	0.03939	0.22814	0.00707	0.00467	0.00140	0.00394	0.02882	0.00316	0.06910
11	0.01166	0.84935	0.02285	0.00746	0.01119	0.01726	0.00746	0.01306	0.00886	0.01026	0.00606	0.00700	0.00560	0.00373	0.00280	0.00093	0.00466	0.00233	0.00187	0.00560
12	0.00989	0.01094	0.02295	0.16824	0.02370	0.01087	0.62857	0.01332	0.00987	0.01332	0.00851	0.01166	0.00644	0.00395	0.00535	0.00148	0.03829	0.00486	0.00215	0.00565
13	0.00623	0.00467	0.00701	0.00701	0.00779	0.00545	0.00545	0.00779	0.00701	0.01012	0.01168	0.01713	0.01090	0.03271	0.82944	0.00701	0.01168	0.00467	0.00234	0.00389
14	0.14255	0.13290	0.15092	0.04339	0.13618	0.17111	0.02566	0.05882	0.01022	0.03716	0.00749	0.00894	0.00594	0.00437	0.00428	0.00128	0.04747	0.00315	0.00236	0.00579
15	0.00824	0.00775	0.01308	0.83624	0.03004	0.00969	0.01211	0.01114	0.00872	0.01114	0.00775	0.01163	0.00581	0.00436	0.00436	0.00145	0.00581	0.00388	0.00194	0.00484
16	0.00636	0.00436	0.00508	0.00502	0.00614	0.00395	0.00372	0.00797	0.01060	0.03073	0.33227	0.12381	0.27555	0.00938	0.00482	0.00139	0.00219	0.00807	0.15463	0.00397
17	0.00606	0.00439	0.00571	0.00551	0.00648	0.00405	0.00408	0.00796	0.01189	0.01670	0.71692	0.11006	0.06494	0.00944	0.00518	0.00141	0.00211	0.00836	0.00471	0.00405
18	0.13715	0.00755	0.00947	0.00740	0.01061	0.00695	0.00610	0.03652	0.01185	0.66754	0.01543	0.01373	0.00990	0.00520	0.00411	0.00134	0.00363	0.00409	0.03450	0.00694
19	0.04801	0.00922	0.01143	0.14967	0.10864	0.04198	0.01654	0.08145	0.25895	0.03283	0.06429	0.01614	0.03701	0.00591	0.00520	0.00146	0.06794	0.03407	0.00339	0.00589
20	0.00859	0.00509	0.00666	0.00588	0.00743	0.00457	0.00453	0.01058	0.01216	0.15258	0.63163	0.02825	0.03395	0.00800	0.00489	0.00133	0.00239	0.00699	0.02175	0.04275
21	0.00840	0.00826	0.06649	0.01017	0.05292	0.03123	0.13492	0.05712	0.00917	0.01276	0.07851	0.01675	0.01203	0.09633	0.30047	0.04237	0.02914	0.00487	0.02348	0.00462
22	0.00646	0.00461	0.00602	0.00617	0.01861	0.00449	0.00449	0.00832	0.03055	0.02817	0.35446	0.18913	0.09924	0.02923	0.12337	0.00233	0.00376	0.03470	0.04184	0.00407
23	0.03562	0.00628	0.00961	0.31984	0.06883	0.00706	0.00783	0.00982	0.03369	0.03030	0.00865	0.01261	0.00731	0.00957	0.04651	0.31489	0.00489	0.00385	0.03612	0.02674
24	0.03780	0.05562	0.01402	0.27604	0.21499	0.03637	0.02879	0.07440	0.06117	0.04579	0.00900	0.01116	0.00703	0.00509	0.02588	0.00145	0.01511	0.00375	0.00257	0.07398
25	0.06263	0.00591	0.00763	0.08056	0.06816	0.03637	0.00548	0.00859	0.00741	0.04563	0.01081	0.06980	0.03268	0.11050	0.01212	0.39230	0.00410	0.00469	0.00245	0.03219
26	0.03715	0.00586	0.00656	0.00636	0.00766	0.01670	0.00456	0.01075	0.16646	0.01319	0.03544	0.31140	0.03907	0.11701	0.00735	0.03586	0.00312	0.00744	0.05804	0.11004

[dist]
# distance from previous block
# <min> <max>
1	7

[block]
# block no. 5 follows, 60 sequences, length 20
# corresponding to MSA columns:
# 824-843
name=unknown_F
#
# <colnr> <probs for GDERKNQSTAVLIFYWHMCP>
#	G	D	E	R	K	N	Q	S	T	A	V	L	I	F	Y	W	H	M	C	P
0	0.11530	0.00871	0.01252	0.32606	0.22568	0.05321	0.02623	0.01154	0.00868	0.01257	0.00769	0.01094	0.00631	0.00615	0.02255	0.11492	0.00531	0.00364	0.00212	0.01985
1	0.00939	0.00961	0.06088	0.26399	0.30632	0.00964	0.05995	0.02863	0.05354	0.01376	0.07041	0.04575	0.01026	0.00506	0.00483	0.00141	0.03366	0.00462	0.00251	0.00579
2	0.01386	0.45505	0.01786	0.00926	0.01228	0.40365	0.00792	0.01513	0.01053	0.01046	0.00639	0.00741	0.00561	0.00409	0.00334	0.00102	0.00619	0.00256	0.00205	0.00534
3	0.00592	0.00439	0.00552	0.00536	0.00639	0.00399	0.00397	0.00771	0.01158	0.01596	0.61591	0.10629	0.17146	0.00970	0.00518	0.00142	0.00213	0.00851	0.00461	0.00399
4	0.31576	0.01129	0.01045	0.00846	0.01155	0.08729	0.00690	0.39039	0.01453	0.09060	0.00917	0.00942	0.00660	0.00477	0.00375	0.00131	0.00450	0.00332	0.00368	0.00626
5	0.00746	0.00511	0.01833	0.01643	0.03868	0.00471	0.00514	0.00899	0.02956	0.08958	0.02216	0.47609	0.08400	0.01233	0.05618	0.00195	0.00348	0.05327	0.04547	0.02108
6	0.00924	0.01841	0.58802	0.04480	0.04793	0.00956	0.08400	0.01355	0.00947	0.05070	0.00964	0.04032	0.00766	0.00486	0.00440	0.00143	0.00608	0.04152	0.00223	0.00618
7	0.00677	0.00484	0.00673	0.00774	0.00863	0.00480	0.00658	0.00859	0.00979	0.01276	0.02323	0.16864	0.02566	0.01229	0.00596	0.00197	0.00379	0.67326	0.00402	0.00394
8	0.00568	0.00427	0.00529	0.00582	0.00651	0.00400	0.00406	0.00725	0.04722	0.01256	0.14904	0.53729	0.17066	0.01210	0.00538	0.00164	0.00244	0.01078	0.00418	0.00381
9	0.01067	0.01147	0.11609	0.16110	0.52941	0.02555	0.01305	0.01354	0.00981	0.05546	0.00852	0.01089	0.00673	0.00409	0.00430	0.00133	0.00542	0.00381	0.00225	0.00649
10	0.01247	0.02574	0.14745	0.12792	0.08178	0.06300	0.09034	0.04647	0.05043	0.21664	0.02551	0.05352	0.00936	0.00520	0.00466	0.00139	0.02426	0.00448	0.00323	0.00618
11	0.87753	0.00843	0.00641	0.00574	0.00843	0.00978	0.00472	0.01282	0.00742	0.01957	0.00607	0.00709	0.00472	0.00405	0.00270	0.00135	0.00337	0.00236	0.00270	0.00472
12	0.00622	0.00442	0.00598	0.00656	0.00707	0.00453	0.00488	0.00721	0.00842	0.01150	0.03668	0.43543	0.05226	0.01453	0.09180	0.06185	0.04385	0.14462	0.04853	0.00365
13	0.17972	0.00746	0.00920	0.00726	0.01039	0.00692	0.00598	0.01900	0.01153	0.63031	0.05655	0.01431	0.01123	0.00533	0.00411	0.00135	0.00356	0.00419	0.00486	0.00675
14	0.00901	0.00711	0.03397	0.00717	0.00913	0.00703	0.03274	0.01483	0.29749	0.05511	0.26423	0.02195	0.05524	0.00675	0.00445	0.00135	0.00296	0.00580	0.15828	0.00538
15	0.00685	0.00523	0.00644	0.00631	0.02782	0.00510	0.00459	0.01015	0.11587	0.01683	0.57960	0.03041	0.12235	0.00851	0.00496	0.00138	0.00233	0.00742	0.03336	0.00450
16	0.00623	0.00467	0.00701	0.00701	0.00779	0.00545	0.00545	0.00779	0.00701	0.01012	0.01168	0.01713	0.01090	0.03271	0.82944	0.00701	0.01168	0.00467	0.00234	0.00389
17	0.00892	0.06623	0.64733	0.03297	0.04322	0.01013	0.01425	0.03611	0.00958	0.01380	0.01057	0.01171	0.06709	0.00467	0.00416	0.00136	0.00592	0.00368	0.00210	0.00619
18	0.31771	0.00927	0.01193	0.00921	0.01254	0.00949	0.14106	0.14031	0.01160	0.27972	0.01083	0.01092	0.00743	0.00461	0.00392	0.00136	0.00438	0.00373	0.00375	0.00622
19	0.01191	0.04941	0.01541	0.06202	0.48924	0.02318	0.01101	0.05868	0.03802	0.11509	0.01031	0.05117	0.00851	0.00484	0.00464	0.00134	0.03152	0.00430	0.00282	0.00657

[dist]
# distance from previous block
# <min> <max>
0	1

[block]
# block no. 6 follows, 60 sequences, length 6
# corresponding to MSA columns:
# 845-850
name=unknown_G
#
# <colnr> <probs for GDERKNQSTAVLIFYWHMCP>
#	G	D	E	R	K	N	Q	S	T	A	V	L	I	F	Y	W	H	M	C	P
0	0.55451	0.12583	0.03044	0.00803	0.06039	0.05089	0.00634	0.04582	0.02956	0.01737	0.00694	0.00809	0.00557	0.00502	0.02898	0.00146	0.00428	0.00270	0.00261	0.00518
1	0.07264	0.00821	0.06100	0.00758	0.01049	0.00712	0.00650	0.06334	0.08184	0.40888	0.18084	0.01833	0.04167	0.00616	0.00444	0.00137	0.00352	0.00507	0.00468	0.00633
2	0.00866	0.04976	0.53573	0.01019	0.01489	0.00909	0.01205	0.06159	0.00986	0.01407	0.07108	0.01523	0.06139	0.10058	0.00629	0.00169	0.00542	0.00431	0.00245	0.00569
3	0.00658	0.00429	0.00524	0.00524	0.00553	0.00446	0.00338	0.00707	0.00678	0.00967	0.01301	0.02378	0.01378	0.52434	0.20242	0.04912	0.00564	0.00558	0.10104	0.00305
4	0.55999	0.15402	0.00993	0.00641	0.00943	0.04017	0.00546	0.01320	0.00826	0.05280	0.00678	0.00767	0.00537	0.00398	0.00290	0.00119	0.00376	0.00249	0.00265	0.10355
5	0.33379	0.09438	0.05371	0.06857	0.08018	0.10269	0.00764	0.03459	0.10888	0.03076	0.00904	0.00996	0.02138	0.00448	0.00352	0.00129	0.00452	0.00322	0.00275	0.02466

[dist]
# distance from previous block
# <min> <max>
3	16

[block]
# block no. 7 follows, 60 sequences, length 10
# corresponding to MSA columns:
# 870-879
name=unknown_H
#
# <colnr> <probs for GDERKNQSTAVLIFYWHMCP>
#	G	D	E	R	K	N	Q	S	T	A	V	L	I	F	Y	W	H	M	C	P
0	0.00913	0.00818	0.04941	0.09160	0.22073	0.02417	0.05792	0.02311	0.02962	0.05902	0.06683	0.13315	0.09523	0.00746	0.00564	0.07050	0.00426	0.00596	0.03294	0.00515
1	0.00623	0.00457	0.00657	0.00672	0.00737	0.00512	0.00509	0.00755	0.00723	0.01019	0.01369	0.08645	0.01391	0.13281	0.60677	0.00591	0.00950	0.05799	0.00262	0.00372
2	0.00773	0.00825	0.07277	0.43939	0.08753	0.00813	0.04343	0.01026	0.00909	0.01183	0.01581	0.10978	0.14543	0.00645	0.00464	0.00147	0.00490	0.00574	0.00255	0.00484
3	0.01069	0.10235	0.12770	0.12425	0.14024	0.03162	0.00938	0.05733	0.00983	0.10828	0.03273	0.01398	0.00926	0.11414	0.06983	0.00212	0.02387	0.00414	0.00270	0.00556
4	0.01170	0.00806	0.08605	0.02268	0.02527	0.02045	0.00688	0.01410	0.05282	0.29853	0.08365	0.16601	0.05178	0.00913	0.05800	0.00182	0.04563	0.00619	0.02558	0.00563
5	0.00891	0.02145	0.74202	0.01304	0.01928	0.01022	0.09711	0.01383	0.00932	0.01383	0.00793	0.00947	0.00564	0.00410	0.00425	0.00139	0.00654	0.00342	0.00188	0.00639
6	0.02542	0.04570	0.08777	0.09816	0.12490	0.09284	0.02675	0.03326	0.03055	0.19885	0.02726	0.05512	0.03804	0.05273	0.00564	0.02080	0.00486	0.02238	0.00323	0.00574
7	0.00958	0.01009	0.10540	0.16341	0.19759	0.05832	0.03332	0.01204	0.02811	0.05656	0.05860	0.06599	0.07169	0.00642	0.00564	0.05193	0.03992	0.00498	0.01507	0.00533
8	0.01932	0.00782	0.01037	0.00795	0.01133	0.00701	0.00657	0.08692	0.01316	0.75592	0.01664	0.01448	0.01051	0.00538	0.00438	0.00135	0.00380	0.00435	0.00531	0.00742
9	0.00996	0.00966	0.01703	0.22684	0.50524	0.01007	0.09927	0.01273	0.00967	0.01340	0.00872	0.01255	0.00729	0.00429	0.00448	0.00138	0.00553	0.03354	0.00218	0.00617

[dist]
# distance from previous block
# <min> <max>
0	16

[block]
# block no. 8 follows, 60 sequences, length 10
# corresponding to MSA columns:
# 896,897,899-906
name=unknown_I
#
# <colnr> <probs for GDERKNQSTAVLIFYWHMCP>
#	G	D	E	R	K	N	Q	S	T	A	V	L	I	F	Y	W	H	M	C	P
0	0.01115	0.01017	0.07299	0.15783	0.26220	0.04170	0.06091	0.06157	0.03074	0.11215	0.01128	0.07833	0.00959	0.01860	0.00499	0.01567	0.00510	0.02614	0.00289	0.00598
1	0.02762	0.05485	0.02873	0.16702	0.37202	0.03142	0.07506	0.03658	0.03460	0.04573	0.00998	0.07874	0.00867	0.00493	0.00438	0.00136	0.00516	0.00458	0.00253	0.00604
2	0.11637	0.00950	0.01552	0.23978	0.46658	0.01015	0.05441	0.01275	0.00932	0.01406	0.00786	0.01061	0.00633	0.00402	0.00418	0.00135	0.00525	0.00376	0.00217	0.00603
3	0.00769	0.00686	0.01095	0.22531	0.19970	0.00714	0.04010	0.00981	0.00974	0.01306	0.13749	0.15734	0.11810	0.00753	0.00485	0.00148	0.00411	0.03077	0.00311	0.00486
4	0.82872	0.00865	0.00679	0.00598	0.00872	0.01000	0.00493	0.05773	0.00816	0.02002	0.00632	0.00728	0.00488	0.00412	0.00279	0.00135	0.00345	0.00245	0.00279	0.00488
5	0.00621	0.00472	0.00653	0.00699	0.00794	0.00446	0.03342	0.00772	0.00962	0.01252	0.07736	0.30995	0.15688	0.01192	0.00564	0.00178	0.00322	0.32521	0.00402	0.00388
6	0.00749	0.00382	0.00562	0.00562	0.00562	0.00382	0.00371	0.00573	0.00573	0.00763	0.00799	0.01428	0.00813	0.07096	0.01739	0.81480	0.00382	0.00396	0.00194	0.00194
7	0.11331	0.00997	0.01288	0.03924	0.15831	0.02809	0.06163	0.24878	0.03004	0.19577	0.02729	0.01264	0.03239	0.00500	0.00425	0.00134	0.00458	0.00415	0.00373	0.00660
8	0.15517	0.07245	0.06339	0.01175	0.05726	0.03026	0.23888	0.04083	0.02420	0.06087	0.01131	0.14611	0.01040	0.00581	0.00456	0.00142	0.02079	0.01689	0.00287	0.02477
9	0.19888	0.02286	0.04921	0.06198	0.22460	0.04739	0.00851	0.07186	0.02998	0.01567	0.00855	0.02693	0.00723	0.03845	0.02422	0.00147	0.00467	0.00355	0.00260	0.15140

[dist]
# distance from previous block
# <min> <max>
0	15

[block]
# block no. 9 follows, 60 sequences, length 11
# corresponding to MSA columns:
# 922-932
name=unknown_J
#
# <colnr> <probs for GDERKNQSTAVLIFYWHMCP>
#	G	D	E	R	K	N	Q	S	T	A	V	L	I	F	Y	W	H	M	C	P
0	0.03951	0.06617	0.10878	0.05438	0.25746	0.12925	0.03383	0.08101	0.02977	0.04268	0.02918	0.03601	0.00814	0.00481	0.00461	0.00131	0.04243	0.00392	0.00260	0.02415
1	0.03313	0.00503	0.00610	0.03136	0.00752	0.02227	0.00461	0.00811	0.02115	0.02798	0.14794	0.18696	0.08941	0.17970	0.08173	0.04134	0.00407	0.09434	0.00353	0.00371
2	0.00807	0.01568	0.48492	0.01018	0.01464	0.00837	0.03933	0.01266	0.07775	0.01440	0.13118	0.04600	0.10615	0.00610	0.00452	0.00142	0.00496	0.00512	0.00284	0.00571
3	0.01219	0.00952	0.01031	0.00884	0.01132	0.01061	0.00695	0.34090	0.34046	0.02074	0.01591	0.16483	0.01373	0.00705	0.00461	0.00146	0.00384	0.00588	0.00434	0.00650
4	0.00904	0.00775	0.00904	0.00646	0.01034	0.00581	0.00517	0.01098	0.00904	0.01421	0.00775	0.00904	0.00646	0.00323	0.00323	0.00065	0.00323	0.00258	0.00258	0.87339
5	0.29824	0.00846	0.02848	0.28949	0.01687	0.00933	0.00829	0.09725	0.01003	0.08425	0.01003	0.01450	0.00824	0.00531	0.00400	0.00146	0.00453	0.09305	0.00298	0.00524
6	0.01140	0.16762	0.36968	0.01103	0.01576	0.04252	0.09595	0.03821	0.03656	0.12332	0.04087	0.01097	0.00808	0.00448	0.00409	0.00130	0.00559	0.00367	0.00266	0.00626
7	0.00643	0.00483	0.00684	0.00674	0.00731	0.00559	0.00504	0.00761	0.00684	0.00977	0.01183	0.01927	0.01173	0.21211	0.60766	0.00613	0.05322	0.00500	0.00238	0.00366
8	0.01079	0.01036	0.01770	0.02677	0.81952	0.01036	0.01339	0.01339	0.00993	0.01425	0.00820	0.01079	0.00691	0.00389	0.00432	0.00130	0.00518	0.00389	0.00216	0.00691
9	0.01129	0.02757	0.03895	0.20465	0.31808	0.07063	0.03507	0.04622	0.12942	0.06038	0.00998	0.01171	0.00768	0.00448	0.00431	0.00135	0.00526	0.00398	0.00271	0.00628
10	0.04380	0.02538	0.04201	0.44045	0.10041	0.00917	0.03048	0.03575	0.02818	0.09542	0.02888	0.04299	0.02611	0.00522	0.00440	0.00143	0.00507	0.02672	0.00271	0.00542

[dist]
# distance from previous block
# <min> <max>
0	116

# created by:
# /home/cegg/simao/soft/augustus-3.2.1/scripts/msa2prfl.pl ./align_prep/EOG092C47TW.fa
