[name]
unknown

[dist]
# distance from previous block
# <min> <max>
0	0

[block]
# block no. 0 follows, 61 sequences, length 8
# corresponding to MSA columns:
# 0-7
name=unknown_A
#
# <colnr> <probs for GDERKNQSTAVLIFYWHMCP>
#	G	D	E	R	K	N	Q	S	T	A	V	L	I	F	Y	W	H	M	C	P
0	0.00694	0.00496	0.00694	0.00793	0.00892	0.00496	0.00694	0.00892	0.00992	0.01289	0.02281	0.04859	0.02479	0.01190	0.00595	0.00198	0.00397	0.79275	0.00397	0.00397
1	0.01604	0.07030	0.01360	0.00973	0.01320	0.01361	0.00813	0.75224	0.01945	0.02597	0.01004	0.01010	0.00720	0.00507	0.00420	0.00127	0.00473	0.00377	0.00414	0.00720
2	0.01089	0.73306	0.05964	0.00736	0.01083	0.01552	0.00734	0.01232	0.00854	0.01014	0.00677	0.00898	0.00646	0.08173	0.00460	0.00124	0.00465	0.00271	0.00191	0.00530
3	0.00919	0.16266	0.08625	0.02541	0.01042	0.03214	0.02311	0.01101	0.00842	0.09871	0.01187	0.01569	0.03599	0.06085	0.36815	0.00388	0.00776	0.02109	0.00260	0.00479
4	0.46190	0.06838	0.27197	0.00809	0.01208	0.00995	0.00862	0.01376	0.00845	0.09126	0.00757	0.00838	0.00553	0.00413	0.00329	0.00132	0.00442	0.00279	0.00258	0.00552
5	0.22179	0.29140	0.15656	0.03170	0.01171	0.01160	0.00796	0.05618	0.00888	0.01395	0.00803	0.01110	0.00707	0.05601	0.05945	0.00177	0.00506	0.03226	0.00233	0.00520
6	0.17114	0.32678	0.08906	0.00785	0.01108	0.04337	0.00746	0.03968	0.00953	0.13025	0.02509	0.01120	0.00793	0.00589	0.03949	0.00146	0.02715	0.03726	0.00276	0.00555
7	0.09534	0.24773	0.12347	0.03241	0.01169	0.02801	0.04204	0.01241	0.00874	0.09862	0.03903	0.01287	0.00899	0.11627	0.05923	0.00198	0.04971	0.00376	0.00256	0.00514

[dist]
# distance from previous block
# <min> <max>
19	62

[block]
# block no. 1 follows, 61 sequences, length 10
# corresponding to MSA columns:
# 85-94
name=unknown_B
#
# <colnr> <probs for GDERKNQSTAVLIFYWHMCP>
#	G	D	E	R	K	N	Q	S	T	A	V	L	I	F	Y	W	H	M	C	P
0	0.21942	0.23822	0.09671	0.04114	0.01279	0.04241	0.06093	0.03159	0.00912	0.10266	0.00774	0.00888	0.00602	0.00442	0.00441	0.00126	0.08313	0.00306	0.00253	0.02355
1	0.04748	0.25726	0.05481	0.08440	0.06737	0.10264	0.05987	0.05831	0.03973	0.02309	0.05814	0.01245	0.00922	0.00498	0.00447	0.00126	0.05404	0.04192	0.00253	0.01603
2	0.12375	0.10865	0.06743	0.05545	0.01352	0.14641	0.08123	0.01578	0.17663	0.06034	0.01081	0.01318	0.00875	0.00499	0.00399	0.00131	0.00499	0.05766	0.00295	0.04220
3	0.00767	0.00753	0.08370	0.00770	0.05399	0.04013	0.02369	0.00985	0.03116	0.05988	0.25481	0.02899	0.28408	0.04007	0.02268	0.00162	0.00348	0.03060	0.00379	0.00457
4	0.00746	0.00518	0.00636	0.00612	0.00749	0.00490	0.00482	0.06750	0.01154	0.06136	0.32998	0.09179	0.21881	0.00973	0.00517	0.00151	0.00274	0.14883	0.00438	0.00433
5	0.06019	0.00999	0.08425	0.03843	0.01172	0.06932	0.00749	0.04820	0.11534	0.17533	0.12628	0.01509	0.03183	0.00581	0.00541	0.00135	0.10628	0.00441	0.00357	0.07970
6	0.19375	0.04187	0.01115	0.00868	0.01169	0.10868	0.00706	0.37839	0.08087	0.05614	0.02788	0.01033	0.00785	0.00487	0.00385	0.00126	0.00454	0.00352	0.00364	0.03399
7	0.70407	0.00947	0.00719	0.00639	0.00896	0.08818	0.00516	0.05302	0.00872	0.01877	0.05173	0.00865	0.00689	0.00437	0.00300	0.00131	0.00376	0.00276	0.00282	0.00480
8	0.01076	0.33683	0.16154	0.00946	0.01308	0.03345	0.09642	0.01371	0.06281	0.07940	0.01060	0.04308	0.02188	0.03984	0.01884	0.00145	0.00510	0.03360	0.00258	0.00562
9	0.21539	0.08232	0.08645	0.02267	0.01105	0.02267	0.00668	0.08676	0.01012	0.07796	0.06218	0.03199	0.00904	0.00453	0.00352	0.00111	0.00386	0.00342	0.00299	0.25530

[dist]
# distance from previous block
# <min> <max>
1	25

[block]
# block no. 2 follows, 61 sequences, length 74
# corresponding to MSA columns:
# 120-164,166-194
name=unknown_C
#
# <colnr> <probs for GDERKNQSTAVLIFYWHMCP>
#	G	D	E	R	K	N	Q	S	T	A	V	L	I	F	Y	W	H	M	C	P
0	0.10713	0.05977	0.06634	0.06296	0.02907	0.03503	0.05569	0.16859	0.25800	0.06451	0.01180	0.02708	0.00894	0.00502	0.00408	0.00134	0.00446	0.00407	0.00348	0.02265
1	0.07416	0.01973	0.04073	0.00934	0.04987	0.03734	0.05334	0.01256	0.12386	0.07090	0.04541	0.19997	0.04529	0.00768	0.00583	0.00151	0.11270	0.04296	0.00336	0.04345
2	0.07179	0.05107	0.05579	0.10369	0.42600	0.04251	0.02616	0.06204	0.02470	0.03945	0.00851	0.02481	0.00698	0.00438	0.00445	0.00132	0.03394	0.00379	0.00242	0.00620
3	0.08916	0.21999	0.28574	0.03267	0.07587	0.01094	0.01031	0.02631	0.03291	0.04040	0.00928	0.02723	0.00792	0.00482	0.00380	0.00127	0.00492	0.06499	0.00241	0.04908
4	0.03746	0.00962	0.07096	0.03857	0.42070	0.00856	0.02076	0.03587	0.00985	0.07416	0.01093	0.12052	0.00996	0.00533	0.00429	0.00130	0.00451	0.01542	0.00274	0.09848
5	0.06981	0.00861	0.01302	0.10370	0.29035	0.00849	0.03328	0.03957	0.01070	0.31190	0.01167	0.03435	0.00855	0.00472	0.00422	0.00132	0.00446	0.00414	0.00345	0.03368
6	0.00655	0.00639	0.03351	0.00841	0.08535	0.00549	0.09001	0.00862	0.03438	0.01300	0.12469	0.03254	0.51690	0.00886	0.00496	0.00142	0.00315	0.00771	0.00366	0.00440
7	0.01128	0.00762	0.00928	0.00704	0.02323	0.00604	0.00554	0.02935	0.00990	0.19082	0.01016	0.03166	0.00791	0.00397	0.00354	0.00084	0.00334	0.00324	0.00322	0.63203
8	0.01319	0.09416	0.02981	0.04694	0.28408	0.38790	0.01005	0.01497	0.01073	0.02536	0.00732	0.00899	0.00609	0.00418	0.00406	0.00117	0.01768	0.00317	0.00219	0.02798
9	0.01095	0.33881	0.29520	0.01224	0.12614	0.03877	0.03258	0.06086	0.00991	0.02705	0.00742	0.00867	0.00591	0.00398	0.00364	0.00117	0.00544	0.00303	0.00210	0.00612
10	0.00976	0.12518	0.25397	0.01460	0.14959	0.04844	0.21327	0.01299	0.00984	0.01334	0.06875	0.01257	0.03952	0.00450	0.00430	0.00130	0.00574	0.00420	0.00228	0.00585
11	0.00813	0.00766	0.01292	0.83826	0.02967	0.00957	0.01196	0.01101	0.00861	0.01101	0.00766	0.01148	0.00574	0.00431	0.00431	0.00144	0.00574	0.00383	0.00191	0.00479
12	0.00970	0.00806	0.00867	0.00797	0.02140	0.02427	0.00611	0.07276	0.45498	0.02798	0.15957	0.02242	0.11915	0.00708	0.00463	0.00144	0.00324	0.03040	0.00432	0.00586
13	0.01071	0.00925	0.00974	0.00877	0.01120	0.01071	0.00682	0.02289	0.81396	0.01802	0.01753	0.01607	0.01315	0.00584	0.00438	0.00146	0.00341	0.00487	0.00438	0.00682
14	0.01071	0.00925	0.00974	0.00877	0.01120	0.01071	0.00682	0.02289	0.81396	0.01802	0.01753	0.01607	0.01315	0.00584	0.00438	0.00146	0.00341	0.00487	0.00438	0.00682
15	0.00893	0.00766	0.00893	0.00638	0.01021	0.00574	0.00510	0.01085	0.00893	0.01404	0.00766	0.00893	0.00638	0.00319	0.00319	0.00064	0.00319	0.00255	0.00255	0.87495
16	0.00616	0.00459	0.00677	0.00677	0.00749	0.00530	0.00520	0.00760	0.00688	0.00989	0.01168	0.01769	0.01110	0.08766	0.77664	0.00674	0.01104	0.00473	0.00233	0.00376
17	0.00673	0.00481	0.00670	0.00770	0.00860	0.00478	0.00658	0.00857	0.00971	0.01266	0.02292	0.14640	0.02524	0.01210	0.00589	0.00195	0.00379	0.69699	0.00397	0.00391
18	0.01071	0.00925	0.00974	0.00877	0.01120	0.01071	0.00682	0.02289	0.81396	0.01802	0.01753	0.01607	0.01315	0.00584	0.00438	0.00146	0.00341	0.00487	0.00438	0.00682
19	0.01066	0.01023	0.01748	0.02644	0.82174	0.01023	0.01322	0.01322	0.00981	0.01407	0.00810	0.01066	0.00682	0.00384	0.00426	0.00128	0.00512	0.00384	0.00213	0.00682
20	0.00615	0.00462	0.00692	0.00692	0.00769	0.00538	0.00538	0.00769	0.00692	0.01000	0.01154	0.01692	0.01077	0.03231	0.83154	0.00692	0.01154	0.00462	0.00231	0.00385
21	0.00864	0.02228	0.82630	0.01228	0.01864	0.01000	0.01592	0.01364	0.00909	0.01364	0.00773	0.00909	0.00546	0.00409	0.00409	0.00136	0.00637	0.00318	0.00182	0.00637
22	0.00873	0.00826	0.01399	0.64714	0.21614	0.00973	0.01226	0.01153	0.00889	0.01173	0.00776	0.01129	0.00600	0.00420	0.00430	0.00140	0.00560	0.00383	0.00197	0.00526
23	0.01933	0.00733	0.01000	0.00766	0.01100	0.00633	0.00633	0.02099	0.01233	0.82473	0.01699	0.01466	0.01066	0.00533	0.00433	0.00133	0.00367	0.00433	0.00533	0.00733
24	0.00813	0.00766	0.01292	0.83826	0.02967	0.00957	0.01196	0.01101	0.00861	0.01101	0.00766	0.01148	0.00574	0.00431	0.00431	0.00144	0.00574	0.00383	0.00191	0.00479
25	0.00536	0.00435	0.00476	0.00471	0.00600	0.00374	0.00351	0.00669	0.01038	0.01309	0.24705	0.07090	0.58349	0.01046	0.00510	0.00144	0.00216	0.00887	0.00420	0.00374
26	0.00525	0.00375	0.00500	0.00600	0.00625	0.00350	0.00400	0.00600	0.00825	0.01100	0.02374	0.84580	0.02849	0.01350	0.00550	0.00175	0.00250	0.01225	0.00400	0.00350
27	0.87904	0.00833	0.00633	0.00566	0.00833	0.00966	0.00467	0.01266	0.00733	0.01933	0.00600	0.00700	0.00467	0.00400	0.00267	0.00133	0.00333	0.00233	0.00267	0.00467
28	0.01071	0.00925	0.00974	0.00877	0.01120	0.01071	0.00682	0.02289	0.81396	0.01802	0.01753	0.01607	0.01315	0.00584	0.00438	0.00146	0.00341	0.00487	0.00438	0.00682
29	0.00813	0.00766	0.01292	0.83826	0.02967	0.00957	0.01196	0.01101	0.00861	0.01101	0.00766	0.01148	0.00574	0.00431	0.00431	0.00144	0.00574	0.00383	0.00191	0.00479
30	0.01925	0.00745	0.01007	0.00772	0.01106	0.00651	0.00638	0.04113	0.01253	0.80431	0.01682	0.01455	0.01058	0.00533	0.00433	0.00133	0.00369	0.00432	0.00531	0.00733
31	0.00525	0.00375	0.00500	0.00600	0.00625	0.00350	0.00400	0.00600	0.00825	0.01100	0.02374	0.84580	0.02849	0.01350	0.00550	0.00175	0.00250	0.01225	0.00400	0.00350
32	0.01017	0.01162	0.02542	0.01816	0.02251	0.01089	0.80610	0.01380	0.01017	0.01380	0.00871	0.01162	0.00654	0.00363	0.00508	0.00145	0.00726	0.00508	0.00218	0.00581
33	0.00509	0.00436	0.00436	0.00436	0.00582	0.00364	0.00327	0.00618	0.00982	0.01164	0.04364	0.04146	0.82000	0.01091	0.00509	0.00145	0.00218	0.00909	0.00400	0.00364
34	0.01637	0.01207	0.01293	0.00991	0.01336	0.01336	0.00819	0.80738	0.02025	0.02715	0.01034	0.01034	0.00733	0.00517	0.00431	0.00129	0.00474	0.00388	0.00431	0.00733
35	0.00678	0.00484	0.00676	0.00775	0.00867	0.00482	0.00666	0.00865	0.00976	0.01271	0.02290	0.12378	0.02514	0.01205	0.00591	0.00196	0.00383	0.71913	0.00397	0.00392
36	0.01609	0.02053	0.01221	0.01110	0.01332	0.83132	0.00832	0.01720	0.01221	0.01054	0.00666	0.00777	0.00555	0.00444	0.00388	0.00111	0.00777	0.00277	0.00222	0.00499
37	0.01933	0.00733	0.01000	0.00766	0.01100	0.00633	0.00633	0.02099	0.01233	0.82473	0.01699	0.01466	0.01066	0.00533	0.00433	0.00133	0.00367	0.00433	0.00533	0.00733
38	0.00893	0.00766	0.00893	0.00638	0.01021	0.00574	0.00510	0.01085	0.00893	0.01404	0.00766	0.00893	0.00638	0.00319	0.00319	0.00064	0.00319	0.00255	0.00255	0.87495
39	0.00624	0.00445	0.00571	0.00537	0.00646	0.00407	0.00404	0.00819	0.01199	0.03098	0.73969	0.03265	0.10611	0.00892	0.00507	0.00136	0.00207	0.00784	0.00469	0.00409
40	0.00546	0.00385	0.00501	0.00585	0.00609	0.00365	0.00387	0.00613	0.00799	0.01064	0.02211	0.69214	0.02635	0.14494	0.00810	0.00214	0.00281	0.03570	0.00378	0.00337
41	0.00610	0.00440	0.00576	0.00542	0.00644	0.00406	0.00406	0.00813	0.01219	0.01727	0.81947	0.03218	0.04064	0.00881	0.00508	0.00135	0.00203	0.00779	0.00474	0.00406
42	0.01085	0.61462	0.01877	0.00716	0.01085	0.01402	0.00679	0.01269	0.03310	0.01135	0.00675	0.00769	0.00597	0.00363	0.00292	0.00087	0.00422	0.00244	0.00210	0.22322
43	0.00620	0.00464	0.00593	0.00632	0.00711	0.00449	0.01893	0.00833	0.09324	0.02718	0.06900	0.59060	0.11798	0.01181	0.00528	0.00165	0.00264	0.01059	0.00407	0.00401
44	0.04185	0.12031	0.65220	0.01149	0.01722	0.01088	0.03538	0.01381	0.03417	0.01358	0.00779	0.00904	0.00570	0.00408	0.00392	0.00132	0.00597	0.00315	0.00194	0.00620
45	0.80822	0.00901	0.00697	0.00658	0.03367	0.05161	0.00512	0.01291	0.00766	0.01872	0.00610	0.00715	0.00478	0.00402	0.00278	0.00132	0.00361	0.00240	0.00263	0.00475
46	0.00889	0.02175	0.79282	0.01230	0.01856	0.00995	0.03196	0.01380	0.00918	0.03055	0.00794	0.00926	0.00559	0.00411	0.00412	0.00137	0.00633	0.00325	0.00190	0.00637
47	0.01122	0.00943	0.01000	0.00887	0.01137	0.01083	0.00697	0.10782	0.70396	0.01886	0.01691	0.01640	0.01286	0.00595	0.00442	0.00146	0.00357	0.02795	0.00436	0.00679
48	0.01152	0.85121	0.02257	0.00737	0.01106	0.01704	0.00737	0.01290	0.00875	0.01013	0.00599	0.00691	0.00553	0.00369	0.00276	0.00092	0.00461	0.00230	0.00184	0.00553
49	0.00967	0.00763	0.00901	0.00647	0.01026	0.00578	0.00519	0.01156	0.00917	0.07139	0.00832	0.00934	0.00668	0.00334	0.00327	0.00069	0.00322	0.00268	0.00275	0.81357
50	0.00528	0.00377	0.00503	0.00603	0.00630	0.00353	0.00405	0.00605	0.00828	0.01103	0.02372	0.83132	0.02842	0.01347	0.00551	0.00175	0.00253	0.02643	0.00400	0.00351
51	0.00985	0.01207	0.13037	0.11126	0.07229	0.01015	0.49819	0.01336	0.00984	0.03726	0.00932	0.02775	0.00734	0.00424	0.00482	0.00144	0.00655	0.02584	0.00227	0.00578
52	0.00509	0.00436	0.00436	0.00436	0.00582	0.00364	0.00327	0.00618	0.00982	0.01164	0.04364	0.04146	0.82000	0.01091	0.00509	0.00145	0.00218	0.00909	0.00400	0.00364
53	0.01933	0.00733	0.01000	0.00766	0.01100	0.00633	0.00633	0.02099	0.01233	0.82473	0.01699	0.01466	0.01066	0.00533	0.00433	0.00133	0.00367	0.00433	0.00533	0.00733
54	0.00631	0.00507	0.00691	0.00701	0.00831	0.00475	0.05339	0.00809	0.02327	0.01234	0.02967	0.14022	0.31744	0.01113	0.00550	0.00172	0.00332	0.34773	0.00388	0.00395
55	0.01066	0.01023	0.01748	0.02644	0.82174	0.01023	0.01322	0.01322	0.00981	0.01407	0.00810	0.01066	0.00682	0.00384	0.00426	0.00128	0.00512	0.00384	0.00213	0.00682
56	0.00864	0.02228	0.82630	0.01228	0.01864	0.01000	0.01592	0.01364	0.00909	0.01364	0.00773	0.00909	0.00546	0.00409	0.00409	0.00136	0.00637	0.00318	0.00182	0.00637
57	0.00531	0.00380	0.00507	0.00607	0.00635	0.00356	0.00411	0.00611	0.00831	0.01107	0.02371	0.81478	0.02835	0.01343	0.00552	0.00176	0.00256	0.04262	0.00400	0.00352
58	0.01451	0.00942	0.01220	0.20157	0.03307	0.07094	0.05497	0.15301	0.02518	0.32256	0.01254	0.03745	0.00904	0.00523	0.00439	0.00136	0.00485	0.01761	0.00380	0.00629
59	0.01078	0.03144	0.40432	0.01366	0.01881	0.00993	0.30102	0.01474	0.00994	0.12966	0.00938	0.01077	0.00659	0.00409	0.00446	0.00138	0.00627	0.00402	0.00245	0.00629
60	0.03647	0.00996	0.01577	0.23090	0.56194	0.04511	0.01243	0.01281	0.00953	0.01330	0.00786	0.01064	0.00643	0.00399	0.00421	0.00131	0.00534	0.00374	0.00210	0.00616
61	0.01058	0.01016	0.01734	0.05148	0.79732	0.01021	0.01318	0.01315	0.00977	0.01398	0.00809	0.01069	0.00679	0.00385	0.00427	0.00128	0.00514	0.00384	0.00213	0.00676
62	0.00520	0.00437	0.00451	0.00448	0.00588	0.00368	0.00336	0.00639	0.01007	0.01224	0.12630	0.04047	0.73696	0.01069	0.00509	0.00144	0.00217	0.00895	0.00408	0.00368
63	0.00893	0.00766	0.00893	0.00638	0.01021	0.00574	0.00510	0.01085	0.00893	0.01404	0.00766	0.00893	0.00638	0.00319	0.00319	0.00064	0.00319	0.00255	0.00255	0.87495
64	0.00525	0.00375	0.00500	0.00600	0.00625	0.00350	0.00400	0.00600	0.00825	0.01100	0.02374	0.84580	0.02849	0.01350	0.00550	0.00175	0.00250	0.01225	0.00400	0.00350
65	0.00571	0.00436	0.00525	0.00516	0.00628	0.00390	0.00387	0.00731	0.01101	0.01470	0.46355	0.09184	0.31697	0.00997	0.00514	0.00144	0.00218	0.03310	0.00440	0.00387
66	0.00567	0.00439	0.00516	0.00497	0.00617	0.00388	0.00373	0.00730	0.01118	0.01486	0.48787	0.03614	0.37375	0.00971	0.00509	0.00140	0.00210	0.00835	0.00442	0.00388
67	0.00813	0.00766	0.01292	0.83826	0.02967	0.00957	0.01196	0.01101	0.00861	0.01101	0.00766	0.01148	0.00574	0.00431	0.00431	0.00144	0.00574	0.00383	0.00191	0.00479
68	0.00813	0.00766	0.01292	0.83826	0.02967	0.00957	0.01196	0.01101	0.00861	0.01101	0.00766	0.01148	0.00574	0.00431	0.00431	0.00144	0.00574	0.00383	0.00191	0.00479
69	0.00617	0.00456	0.00666	0.00666	0.00734	0.00524	0.00505	0.00752	0.00684	0.00980	0.01178	0.01826	0.01135	0.12953	0.73511	0.00660	0.01066	0.00481	0.00234	0.00370
70	0.00561	0.00401	0.00542	0.00641	0.00682	0.00381	0.00463	0.00663	0.00861	0.01140	0.02354	0.67444	0.02769	0.01315	0.00560	0.00180	0.00281	0.18002	0.00399	0.00360
71	0.00893	0.00766	0.00893	0.00638	0.01021	0.00574	0.00510	0.01085	0.00893	0.01404	0.00766	0.00893	0.00638	0.00319	0.00319	0.00064	0.00319	0.00255	0.00255	0.87495
72	0.01152	0.85121	0.02257	0.00737	0.01106	0.01704	0.00737	0.01290	0.00875	0.01013	0.00599	0.00691	0.00553	0.00369	0.00276	0.00092	0.00461	0.00230	0.00184	0.00553
73	0.84564	0.00880	0.00656	0.00587	0.00852	0.04147	0.00481	0.01284	0.00752	0.01899	0.00602	0.00703	0.00470	0.00402	0.00271	0.00132	0.00350	0.00235	0.00265	0.00468

[dist]
# distance from previous block
# <min> <max>
0	22

[block]
# block no. 3 follows, 61 sequences, length 11
# corresponding to MSA columns:
# 217-227
name=unknown_D
#
# <colnr> <probs for GDERKNQSTAVLIFYWHMCP>
#	G	D	E	R	K	N	Q	S	T	A	V	L	I	F	Y	W	H	M	C	P
0	0.01337	0.00968	0.01072	0.00869	0.01122	0.01068	0.00698	0.54584	0.04350	0.02180	0.01112	0.01358	0.00893	0.06108	0.09088	0.06443	0.00517	0.02210	0.03414	0.00608
1	0.00626	0.00444	0.00620	0.00620	0.00670	0.00494	0.00448	0.00716	0.00666	0.00938	0.01191	0.02002	0.01203	0.27126	0.54924	0.05338	0.00895	0.00505	0.00237	0.00338
2	0.00864	0.02228	0.82630	0.01228	0.01864	0.01000	0.01592	0.01364	0.00909	0.01364	0.00773	0.00909	0.00546	0.00409	0.00409	0.00136	0.00637	0.00318	0.00182	0.00637
3	0.01152	0.85121	0.02257	0.00737	0.01106	0.01704	0.00737	0.01290	0.00875	0.01013	0.00599	0.00691	0.00553	0.00369	0.00276	0.00092	0.00461	0.00230	0.00184	0.00553
4	0.00748	0.00374	0.00561	0.00561	0.00561	0.00374	0.00374	0.00561	0.00561	0.00748	0.00748	0.01309	0.00748	0.01496	0.01684	0.87467	0.00374	0.00374	0.00187	0.00187
5	0.10604	0.00978	0.01059	0.03823	0.03903	0.01103	0.00730	0.26809	0.37487	0.03941	0.01356	0.04153	0.01040	0.00556	0.00421	0.00139	0.00393	0.00445	0.00402	0.00657
6	0.00843	0.00533	0.00601	0.00544	0.00680	0.00538	0.00419	0.12383	0.01195	0.01815	0.34503	0.02187	0.02269	0.00660	0.00405	0.00119	0.00241	0.00555	0.39058	0.00451
7	0.01018	0.11675	0.42009	0.01054	0.01517	0.01048	0.05478	0.13760	0.01139	0.03612	0.12486	0.01262	0.01100	0.00490	0.00417	0.00130	0.00526	0.00398	0.00274	0.00608
8	0.01018	0.02013	0.70900	0.01161	0.01754	0.00948	0.01454	0.01470	0.00956	0.13019	0.00906	0.00989	0.00620	0.00427	0.00413	0.00136	0.00598	0.00335	0.00232	0.00650
9	0.00681	0.00616	0.00603	0.00673	0.00726	0.12245	0.00462	0.00761	0.00882	0.01093	0.02129	0.72538	0.02519	0.01219	0.00527	0.00166	0.00326	0.01088	0.00374	0.00371
10	0.00520	0.00409	0.00471	0.00514	0.00604	0.00359	0.00363	0.00618	0.00920	0.01157	0.06588	0.40419	0.43132	0.01199	0.00527	0.00158	0.00232	0.01046	0.00403	0.00359

[dist]
# distance from previous block
# <min> <max>
0	7

# created by:
# /home/cegg/simao/soft/augustus-3.2.1/scripts/msa2prfl.pl ./align_prep/EOG092C5A9A.fa
