[name]
unknown

[dist]
# distance from previous block
# <min> <max>
0	58

[block]
# block no. 0 follows, 59 sequences, length 9
# corresponding to MSA columns:
# 183-191
name=unknown_A
#
# <colnr> <probs for GDERKNQSTAVLIFYWHMCP>
#	G	D	E	R	K	N	Q	S	T	A	V	L	I	F	Y	W	H	M	C	P
0	0.04819	0.06238	0.02469	0.02830	0.05471	0.06144	0.06836	0.09775	0.07564	0.06797	0.03424	0.06922	0.01277	0.00776	0.03748	0.00169	0.05388	0.12857	0.00334	0.06162
1	0.02848	0.03016	0.10307	0.01051	0.04962	0.04665	0.07065	0.23548	0.02966	0.11671	0.03174	0.03833	0.00899	0.00491	0.00421	0.00122	0.00475	0.00407	0.00345	0.17734
2	0.04322	0.01120	0.20390	0.08917	0.03301	0.00866	0.04389	0.08022	0.03977	0.02959	0.03283	0.02944	0.06063	0.07498	0.04347	0.00194	0.05052	0.06022	0.01822	0.04512
3	0.08483	0.09114	0.12714	0.09579	0.01454	0.05293	0.05917	0.09840	0.04442	0.08711	0.02336	0.11317	0.01022	0.00578	0.00446	0.00137	0.02428	0.00474	0.01353	0.04361
4	0.04032	0.26196	0.14302	0.00966	0.01349	0.12832	0.05363	0.10204	0.03700	0.04378	0.00871	0.03483	0.00716	0.00452	0.00376	0.00116	0.00530	0.00342	0.00263	0.09528
5	0.01019	0.08450	0.23972	0.05258	0.22706	0.02380	0.09938	0.05655	0.06133	0.01448	0.01100	0.04883	0.04121	0.00495	0.00438	0.00137	0.00550	0.00441	0.00250	0.00626
6	0.00633	0.00465	0.00667	0.00667	0.00731	0.00529	0.00498	0.00761	0.00697	0.00993	0.01222	0.01953	0.01199	0.18626	0.67543	0.00657	0.01041	0.00505	0.00242	0.00370
7	0.00970	0.14052	0.44401	0.06648	0.07539	0.01148	0.16459	0.01370	0.00950	0.01335	0.00788	0.00976	0.00593	0.00404	0.00422	0.00135	0.00631	0.00359	0.00197	0.00622
8	0.00842	0.00575	0.00710	0.00628	0.00801	0.00532	0.00480	0.05551	0.04420	0.08078	0.45186	0.11391	0.04536	0.00815	0.00483	0.00133	0.00264	0.00711	0.02261	0.11603

[dist]
# distance from previous block
# <min> <max>
0	19

[block]
# block no. 1 follows, 59 sequences, length 18
# corresponding to MSA columns:
# 211-228
name=unknown_B
#
# <colnr> <probs for GDERKNQSTAVLIFYWHMCP>
#	G	D	E	R	K	N	Q	S	T	A	V	L	I	F	Y	W	H	M	C	P
0	0.04110	0.00476	0.00626	0.00661	0.00740	0.00461	0.03456	0.00789	0.05498	0.01263	0.07747	0.61363	0.08729	0.01208	0.00538	0.00170	0.00278	0.01088	0.00405	0.00397
1	0.04740	0.12849	0.56115	0.01101	0.01632	0.04261	0.01317	0.05499	0.00976	0.01406	0.00806	0.01008	0.00628	0.05259	0.00501	0.00149	0.00599	0.00331	0.00210	0.00611
2	0.00860	0.01071	0.16804	0.04435	0.17767	0.05063	0.00919	0.01207	0.07615	0.01482	0.22538	0.03883	0.11937	0.00680	0.00471	0.00141	0.00424	0.01826	0.00332	0.00545
3	0.00589	0.00493	0.00498	0.00480	0.00641	0.00430	0.00365	0.05216	0.01068	0.01285	0.04278	0.04067	0.76894	0.01085	0.00517	0.00148	0.00239	0.00901	0.00412	0.00395
4	0.87598	0.00854	0.00649	0.00581	0.00854	0.00991	0.00478	0.01298	0.00752	0.01982	0.00615	0.00717	0.00478	0.00410	0.00273	0.00137	0.00342	0.00239	0.00273	0.00478
5	0.01041	0.01006	0.01497	0.25561	0.18833	0.05770	0.08699	0.03398	0.06831	0.02561	0.00871	0.01145	0.00699	0.00510	0.00647	0.00150	0.17371	0.00407	0.02435	0.00569
6	0.87598	0.00854	0.00649	0.00581	0.00854	0.00991	0.00478	0.01298	0.00752	0.01982	0.00615	0.00717	0.00478	0.00410	0.00273	0.00137	0.00342	0.00239	0.00273	0.00478
7	0.01653	0.01183	0.01274	0.00981	0.01323	0.01301	0.00809	0.73847	0.01996	0.05748	0.01103	0.01103	0.00781	0.00530	0.00436	0.00131	0.00470	0.00400	0.04194	0.00736
8	0.00642	0.00430	0.00493	0.00493	0.00497	0.00435	0.00282	0.00650	0.00646	0.00865	0.01381	0.02831	0.01580	0.80331	0.06360	0.00443	0.00467	0.00634	0.00266	0.00274
9	0.87598	0.00854	0.00649	0.00581	0.00854	0.00991	0.00478	0.01298	0.00752	0.01982	0.00615	0.00717	0.00478	0.00410	0.00273	0.00137	0.00342	0.00239	0.00273	0.00478
10	0.00887	0.00667	0.00751	0.00693	0.02410	0.00673	0.00523	0.11374	0.16076	0.05306	0.22066	0.04566	0.28782	0.00847	0.00489	0.00143	0.00290	0.00714	0.02227	0.00517
11	0.00557	0.00449	0.00496	0.00484	0.00618	0.00388	0.00363	0.00701	0.01089	0.01388	0.30456	0.03930	0.55441	0.01046	0.00522	0.00146	0.00219	0.00887	0.00436	0.00388
12	0.00888	0.00819	0.01343	0.75965	0.05997	0.01004	0.01211	0.05296	0.00951	0.01228	0.00801	0.01168	0.00602	0.00444	0.00441	0.00146	0.00581	0.00393	0.00210	0.00512
13	0.01083	0.01039	0.01774	0.05853	0.78660	0.01047	0.01350	0.01347	0.01001	0.01431	0.00829	0.01096	0.00695	0.00395	0.00437	0.00132	0.00527	0.00393	0.00218	0.00691
14	0.00625	0.00451	0.00590	0.00556	0.00660	0.00417	0.00417	0.00833	0.01250	0.01771	0.81490	0.03299	0.04167	0.00903	0.00521	0.00139	0.00208	0.00799	0.00486	0.00417
15	0.00826	0.00779	0.01313	0.45199	0.11008	0.00868	0.09211	0.01108	0.02773	0.01253	0.05981	0.06871	0.09782	0.00592	0.00471	0.00147	0.00510	0.00545	0.00261	0.00504
16	0.00880	0.00909	0.05487	0.57282	0.02514	0.01054	0.03744	0.02716	0.00871	0.01170	0.00767	0.01139	0.00605	0.00580	0.02854	0.00170	0.16159	0.00394	0.00202	0.00504
17	0.00950	0.00926	0.02970	0.09478	0.49319	0.03086	0.01083	0.01205	0.02581	0.01396	0.08084	0.05326	0.10565	0.00575	0.00459	0.00138	0.00463	0.00526	0.00274	0.00597

[dist]
# distance from previous block
# <min> <max>
0	1

[block]
# block no. 2 follows, 59 sequences, length 34
# corresponding to MSA columns:
# 230-233,235-241,243-265
name=unknown_C
#
# <colnr> <probs for GDERKNQSTAVLIFYWHMCP>
#	G	D	E	R	K	N	Q	S	T	A	V	L	I	F	Y	W	H	M	C	P
0	0.01195	0.58105	0.01915	0.00815	0.01154	0.05309	0.00748	0.03657	0.20665	0.01286	0.00921	0.00953	0.00764	0.00440	0.00334	0.00110	0.00457	0.00307	0.00262	0.00602
1	0.64930	0.00969	0.00886	0.04098	0.12050	0.06437	0.00660	0.02973	0.00852	0.01832	0.00665	0.00799	0.00525	0.00414	0.00314	0.00135	0.00409	0.00272	0.00263	0.00517
2	0.00998	0.03458	0.05384	0.01347	0.19619	0.03378	0.09331	0.02993	0.07453	0.06514	0.01424	0.08750	0.04723	0.08335	0.05208	0.00205	0.04107	0.05917	0.00303	0.00552
3	0.00594	0.00548	0.04819	0.00560	0.00706	0.00437	0.00451	0.00782	0.02692	0.01428	0.33061	0.13268	0.37002	0.01022	0.00520	0.00148	0.00247	0.00880	0.00428	0.00409
4	0.00609	0.00430	0.00559	0.00631	0.00674	0.00418	0.00454	0.00703	0.00846	0.01120	0.03262	0.41006	0.03816	0.20961	0.02760	0.00254	0.00353	0.20419	0.00373	0.00351
5	0.01082	0.00525	0.00657	0.00575	0.00747	0.00482	0.00448	0.01279	0.01148	0.24915	0.32162	0.02238	0.02282	0.00672	0.00429	0.00126	0.00256	0.00569	0.28894	0.00512
6	0.00819	0.00764	0.01282	0.79062	0.02916	0.00949	0.01184	0.01101	0.00881	0.01128	0.00872	0.05543	0.00711	0.00491	0.00448	0.00149	0.00571	0.00438	0.00207	0.00484
7	0.01093	0.01049	0.01793	0.02711	0.81723	0.01049	0.01355	0.01355	0.01006	0.01443	0.00831	0.01093	0.00700	0.00394	0.00437	0.00131	0.00525	0.00394	0.00219	0.00700
8	0.00907	0.05962	0.74387	0.01268	0.01897	0.01063	0.05720	0.01396	0.00937	0.01383	0.00790	0.00936	0.00566	0.00415	0.00419	0.00138	0.00649	0.00333	0.00189	0.00646
9	0.00528	0.00432	0.00467	0.00491	0.00609	0.00370	0.00356	0.00634	0.00973	0.01191	0.05793	0.23811	0.60457	0.01178	0.00532	0.00156	0.00231	0.01008	0.00412	0.00370
10	0.01418	0.07730	0.11165	0.04648	0.14346	0.28844	0.01026	0.20157	0.01328	0.04044	0.00840	0.00953	0.00648	0.00455	0.00412	0.00125	0.00617	0.00339	0.00277	0.00626
11	0.00632	0.00468	0.00681	0.00681	0.00750	0.00536	0.00516	0.00770	0.00701	0.01004	0.01209	0.01881	0.01167	0.13559	0.72568	0.00674	0.01088	0.00495	0.00241	0.00378
12	0.25113	0.02701	0.09383	0.00772	0.01016	0.03011	0.00673	0.08791	0.10916	0.01690	0.07389	0.17253	0.04425	0.00719	0.00454	0.00148	0.02912	0.01767	0.00346	0.00520
13	0.01052	0.00967	0.01493	0.29022	0.29760	0.01126	0.01173	0.10711	0.01028	0.01423	0.00793	0.01092	0.00645	0.00502	0.00642	0.00149	0.17205	0.00392	0.00233	0.00593
14	0.00712	0.00508	0.00712	0.00813	0.00915	0.00508	0.00712	0.00915	0.01017	0.01322	0.02338	0.04982	0.02542	0.01220	0.00610	0.00203	0.00407	0.78750	0.00407	0.00407
15	0.05345	0.06985	0.01301	0.01005	0.01305	0.27052	0.00807	0.38061	0.10485	0.01990	0.00974	0.01004	0.00736	0.00499	0.00411	0.00126	0.00562	0.00356	0.00351	0.00646
16	0.03032	0.08323	0.23717	0.01259	0.01694	0.05814	0.20802	0.17761	0.01212	0.05440	0.00883	0.01021	0.00654	0.00450	0.00481	0.00136	0.04436	0.00385	0.00272	0.02227
17	0.01014	0.00987	0.01723	0.25411	0.46326	0.01040	0.10763	0.01342	0.04485	0.01368	0.00868	0.01153	0.00693	0.00414	0.00449	0.00139	0.00562	0.00413	0.00223	0.00628
18	0.01016	0.25019	0.56539	0.01099	0.01662	0.01209	0.01346	0.01411	0.00937	0.04840	0.00785	0.00896	0.00585	0.00414	0.00383	0.00127	0.00591	0.00307	0.00203	0.00633
19	0.00846	0.00788	0.01320	0.62505	0.15309	0.00931	0.01167	0.01114	0.00899	0.01178	0.00953	0.09273	0.00834	0.00526	0.00453	0.00148	0.00546	0.00477	0.00221	0.00511
20	0.01106	0.02620	0.23757	0.03874	0.24289	0.14445	0.17083	0.01428	0.01032	0.02354	0.00926	0.01118	0.03081	0.00431	0.00444	0.00135	0.00638	0.00398	0.00221	0.00619
21	0.01038	0.01179	0.02537	0.01823	0.02245	0.01130	0.75782	0.01395	0.01022	0.01395	0.00876	0.01179	0.00665	0.00394	0.00572	0.00151	0.05288	0.00514	0.00222	0.00590
22	0.00534	0.00399	0.00497	0.00576	0.00630	0.00362	0.00393	0.00619	0.00883	0.01143	0.02911	0.65514	0.21290	0.01322	0.00554	0.00172	0.00249	0.01180	0.00410	0.00362
23	0.03155	0.00738	0.00900	0.00786	0.00947	0.03247	0.04493	0.03631	0.09386	0.07381	0.12389	0.06804	0.27245	0.00851	0.00669	0.00155	0.15681	0.00675	0.00377	0.00490
24	0.01735	0.01056	0.09040	0.00907	0.01277	0.00925	0.00804	0.25172	0.06027	0.46148	0.01451	0.01325	0.00955	0.00532	0.00441	0.00137	0.00434	0.00422	0.00475	0.00739
25	0.00886	0.02285	0.82190	0.01259	0.01912	0.01026	0.01632	0.01399	0.00932	0.01399	0.00793	0.00932	0.00559	0.00420	0.00420	0.00140	0.00653	0.00326	0.00186	0.00653
26	0.00658	0.00422	0.00502	0.00513	0.00571	0.00407	0.00347	0.00779	0.00917	0.01346	0.23761	0.19081	0.02469	0.25258	0.00984	0.00223	0.00281	0.00756	0.20365	0.00360
27	0.04024	0.03878	0.04954	0.12465	0.05645	0.24596	0.09388	0.10002	0.05166	0.13048	0.01025	0.01123	0.01769	0.00473	0.00428	0.00132	0.00596	0.00383	0.00303	0.00602
28	0.00525	0.00448	0.00451	0.00450	0.00598	0.00374	0.00338	0.00639	0.01013	0.01208	0.06467	0.04226	0.79542	0.01113	0.00522	0.00149	0.00223	0.00929	0.00412	0.00374
29	0.00540	0.00386	0.00514	0.00613	0.00641	0.00360	0.00410	0.00621	0.00856	0.01144	0.04461	0.82116	0.02953	0.01371	0.00563	0.00178	0.00255	0.01244	0.00412	0.00360
30	0.01385	0.05537	0.06095	0.12959	0.15277	0.01168	0.05571	0.34080	0.01452	0.10643	0.01008	0.01112	0.00731	0.00473	0.00436	0.00134	0.00519	0.00396	0.00340	0.00681
31	0.02984	0.06955	0.18906	0.01210	0.01595	0.05881	0.18455	0.18946	0.07498	0.01700	0.00944	0.01081	0.00714	0.00478	0.00509	0.00139	0.06898	0.00397	0.04086	0.00625
32	0.00549	0.00392	0.00520	0.00615	0.00645	0.00367	0.00415	0.00632	0.00857	0.01145	0.04808	0.76767	0.02907	0.03878	0.00615	0.00186	0.00265	0.03668	0.00408	0.00359
33	0.04540	0.12671	0.04126	0.25421	0.23153	0.10901	0.02481	0.01305	0.00941	0.01235	0.00737	0.00998	0.00608	0.00451	0.00506	0.00136	0.08666	0.00352	0.00208	0.00565

[dist]
# distance from previous block
# <min> <max>
0	1

[block]
# block no. 3 follows, 59 sequences, length 13
# corresponding to MSA columns:
# 267-279
name=unknown_D
#
# <colnr> <probs for GDERKNQSTAVLIFYWHMCP>
#	G	D	E	R	K	N	Q	S	T	A	V	L	I	F	Y	W	H	M	C	P
0	0.01011	0.01047	0.01398	0.01179	0.01229	0.07614	0.06678	0.01124	0.00746	0.01081	0.00646	0.01054	0.00631	0.04407	0.01336	0.00194	0.67539	0.00400	0.00201	0.00484
1	0.01000	0.07780	0.27502	0.09013	0.01560	0.00906	0.02198	0.04037	0.02548	0.05690	0.00866	0.01006	0.00662	0.00473	0.02474	0.00125	0.00506	0.00322	0.00249	0.31083
2	0.01461	0.01794	0.01329	0.01171	0.01352	0.59870	0.03949	0.01581	0.01104	0.01089	0.00666	0.00853	0.00575	0.00529	0.00657	0.00134	0.20839	0.00318	0.00219	0.00508
3	0.00522	0.00447	0.00447	0.00447	0.00597	0.00373	0.00336	0.00634	0.01007	0.01193	0.04474	0.04250	0.81544	0.01119	0.00522	0.00149	0.00224	0.00932	0.00410	0.00373
4	0.00619	0.00451	0.00582	0.00550	0.00656	0.00414	0.00412	0.00822	0.01237	0.01739	0.77199	0.03352	0.08478	0.00915	0.00521	0.00139	0.00209	0.00806	0.00482	0.00414
5	0.10283	0.04997	0.24069	0.17373	0.11964	0.01021	0.12458	0.01410	0.00963	0.10083	0.00886	0.01066	0.00648	0.00425	0.00422	0.00139	0.00566	0.00375	0.00246	0.00607
6	0.00625	0.00452	0.00628	0.00638	0.00690	0.00499	0.00460	0.00732	0.00705	0.00989	0.01363	0.10131	0.01419	0.25292	0.52695	0.00581	0.00886	0.00596	0.00262	0.00356
7	0.00664	0.00520	0.00713	0.00692	0.00761	0.00602	0.00530	0.00790	0.00746	0.01056	0.01585	0.04106	0.11186	0.11812	0.48555	0.00511	0.10850	0.00556	0.03377	0.00388
8	0.01179	0.10632	0.12889	0.09934	0.01636	0.12217	0.08779	0.13734	0.03258	0.01442	0.00788	0.00988	0.00631	0.00520	0.00651	0.00144	0.19386	0.00366	0.00246	0.00580
9	0.00855	0.00721	0.01169	0.44112	0.09878	0.00864	0.00981	0.00993	0.00789	0.01054	0.00763	0.01192	0.00647	0.00771	0.00899	0.23913	0.09384	0.00390	0.00197	0.00429
10	0.00928	0.34170	0.19715	0.00832	0.01165	0.01139	0.02266	0.01151	0.00890	0.01185	0.03344	0.01459	0.08736	0.05752	0.06991	0.00185	0.04110	0.00404	0.05060	0.00520
11	0.00862	0.00774	0.01070	0.01053	0.08828	0.00955	0.00755	0.02938	0.00851	0.01238	0.15554	0.01855	0.03855	0.16122	0.01275	0.00218	0.40541	0.00525	0.00275	0.00456
12	0.00944	0.34592	0.04247	0.00725	0.00957	0.08503	0.00630	0.01076	0.00946	0.02919	0.03843	0.26410	0.11019	0.00796	0.00422	0.00132	0.00405	0.00654	0.00301	0.00479

[dist]
# distance from previous block
# <min> <max>
0	12

[block]
# block no. 4 follows, 59 sequences, length 56
# corresponding to MSA columns:
# 292-322,328-352
name=unknown_E
#
# <colnr> <probs for GDERKNQSTAVLIFYWHMCP>
#	G	D	E	R	K	N	Q	S	T	A	V	L	I	F	Y	W	H	M	C	P
0	0.06954	0.03284	0.09265	0.01226	0.13478	0.11465	0.00922	0.19488	0.11445	0.10336	0.01134	0.03632	0.00889	0.00533	0.00449	0.00137	0.02329	0.02043	0.00343	0.00650
1	0.13639	0.02996	0.13672	0.01439	0.12066	0.04577	0.25253	0.05247	0.00994	0.03439	0.00858	0.01115	0.00684	0.03273	0.04577	0.00178	0.04763	0.00405	0.00243	0.00582
2	0.00954	0.25621	0.04023	0.03356	0.01042	0.00974	0.00670	0.07675	0.04738	0.03992	0.16523	0.02448	0.13680	0.00738	0.00445	0.00137	0.00379	0.11738	0.00352	0.00515
3	0.00541	0.00399	0.00507	0.00584	0.00635	0.00365	0.00398	0.00632	0.00897	0.01178	0.07667	0.66074	0.15887	0.01310	0.00554	0.00172	0.00248	0.01174	0.00415	0.00365
4	0.00771	0.00676	0.00964	0.00884	0.00925	0.00878	0.00708	0.00894	0.00692	0.01031	0.00944	0.01483	0.00915	0.07085	0.44068	0.00478	0.35511	0.00447	0.00220	0.00424
5	0.00535	0.00412	0.00487	0.00543	0.00620	0.00367	0.00377	0.00628	0.00915	0.01161	0.04788	0.48322	0.34967	0.03006	0.00581	0.00171	0.00246	0.01102	0.00409	0.00364
6	0.00608	0.00454	0.00653	0.00670	0.00744	0.00499	0.00507	0.00751	0.00780	0.01093	0.05857	0.17113	0.06056	0.02709	0.58710	0.00551	0.00908	0.00660	0.00291	0.00388
7	0.00722	0.00530	0.00772	0.00846	0.00959	0.00528	0.03220	0.00931	0.01018	0.01325	0.02293	0.04862	0.02483	0.01193	0.00607	0.00202	0.00417	0.76280	0.00401	0.00413
8	0.00886	0.02285	0.82190	0.01259	0.01912	0.01026	0.01632	0.01399	0.00932	0.01399	0.00793	0.00932	0.00559	0.00420	0.00420	0.00140	0.00653	0.00326	0.00186	0.00653
9	0.00632	0.00470	0.00696	0.00696	0.00770	0.00545	0.00535	0.00780	0.00706	0.01015	0.01196	0.01805	0.01135	0.08236	0.77847	0.00693	0.01137	0.00483	0.00238	0.00387
10	0.00849	0.00419	0.00425	0.00420	0.00528	0.00417	0.00316	0.01054	0.00934	0.03415	0.01447	0.01643	0.01131	0.00515	0.00312	0.00104	0.00210	0.00412	0.85030	0.00419
11	0.46689	0.08483	0.05201	0.00767	0.01090	0.02487	0.00672	0.21063	0.03681	0.05035	0.00816	0.00873	0.00610	0.00449	0.00338	0.00132	0.00414	0.00300	0.00318	0.00581
12	0.38875	0.01292	0.01070	0.06529	0.04390	0.27659	0.04927	0.05685	0.01025	0.01614	0.00717	0.00857	0.00566	0.00433	0.00355	0.00129	0.00539	0.00298	0.02522	0.00518
13	0.87598	0.00854	0.00649	0.00581	0.00854	0.00991	0.00478	0.01298	0.00752	0.01982	0.00615	0.00717	0.00478	0.00410	0.00273	0.00137	0.00342	0.00239	0.00273	0.00478
14	0.01181	0.84744	0.02314	0.00756	0.01134	0.01748	0.00756	0.01323	0.00897	0.01039	0.00614	0.00708	0.00567	0.00378	0.00283	0.00094	0.00472	0.00236	0.00189	0.00567
15	0.00538	0.00384	0.00512	0.00615	0.00641	0.00359	0.00410	0.00615	0.00846	0.01127	0.02434	0.84190	0.02921	0.01384	0.00564	0.00179	0.00256	0.01256	0.00410	0.00359
16	0.33663	0.01006	0.01097	0.00864	0.01191	0.01086	0.05396	0.32367	0.01378	0.16416	0.01005	0.01019	0.00705	0.00479	0.00384	0.00136	0.00428	0.00354	0.00385	0.00640
17	0.12561	0.00956	0.01445	0.19444	0.07386	0.02720	0.18929	0.04281	0.14053	0.04535	0.01093	0.02601	0.00872	0.00506	0.00467	0.00147	0.02349	0.03714	0.01367	0.00574
18	0.00657	0.00471	0.00607	0.00613	0.00720	0.00445	0.00473	0.00858	0.03037	0.03280	0.41449	0.14192	0.13223	0.01107	0.03031	0.00174	0.00288	0.14513	0.00446	0.00415
19	0.00522	0.00447	0.00447	0.00447	0.00597	0.00373	0.00336	0.00634	0.01007	0.01193	0.04474	0.04250	0.81544	0.01119	0.00522	0.00149	0.00224	0.00932	0.00410	0.00373
20	0.04365	0.01039	0.01627	0.14865	0.45332	0.02506	0.06586	0.09879	0.02949	0.03236	0.00877	0.01109	0.00696	0.00433	0.00463	0.00137	0.02601	0.00398	0.00253	0.00650
21	0.01133	0.09447	0.06408	0.17646	0.04828	0.16481	0.11354	0.06349	0.06992	0.01320	0.00889	0.02465	0.00733	0.02311	0.02384	0.00157	0.07903	0.00399	0.00245	0.00556
22	0.00888	0.00552	0.00660	0.00646	0.00748	0.03559	0.00470	0.02345	0.00898	0.12970	0.01695	0.27866	0.01716	0.12778	0.16493	0.00295	0.01713	0.00721	0.12554	0.00432
23	0.01094	0.00995	0.01738	0.14870	0.44221	0.01013	0.14744	0.02263	0.04428	0.06591	0.02253	0.01241	0.01641	0.00433	0.00456	0.00138	0.00547	0.00435	0.00255	0.00645
24	0.05673	0.01051	0.06585	0.18087	0.18588	0.04264	0.09077	0.07635	0.03667	0.07438	0.02795	0.06462	0.00914	0.00531	0.00504	0.00144	0.05250	0.00461	0.00282	0.00592
25	0.01164	0.08338	0.10683	0.07467	0.18030	0.12753	0.06002	0.08540	0.07191	0.02635	0.02894	0.01271	0.00859	0.00511	0.00504	0.00138	0.06377	0.03771	0.00268	0.00605
26	0.18682	0.01407	0.01271	0.11660	0.13316	0.34132	0.03456	0.02997	0.01038	0.01364	0.00711	0.00902	0.00580	0.00456	0.00462	0.00132	0.06344	0.00322	0.00233	0.00535
27	0.01050	0.03110	0.11128	0.11761	0.24719	0.03060	0.15482	0.06049	0.10292	0.01521	0.04907	0.01268	0.00914	0.00459	0.00450	0.00138	0.00548	0.00435	0.02084	0.00625
28	0.00763	0.00601	0.00834	0.07875	0.01051	0.00647	0.02000	0.05348	0.02717	0.01219	0.01336	0.12617	0.01336	0.08298	0.32628	0.01845	0.03384	0.05552	0.00286	0.09662
29	0.01022	0.00540	0.00675	0.00609	0.00788	0.00478	0.00465	0.01178	0.02269	0.26993	0.16163	0.16911	0.25071	0.02986	0.00543	0.00155	0.00282	0.00790	0.01580	0.00501
30	0.00990	0.05267	0.18177	0.00921	0.03291	0.00832	0.04600	0.07144	0.01014	0.01511	0.00805	0.00937	0.00639	0.00368	0.00365	0.00093	0.00439	0.00300	0.00253	0.52052
31	0.00886	0.02285	0.82190	0.01259	0.01912	0.01026	0.01632	0.01399	0.00932	0.01399	0.00793	0.00932	0.00559	0.00420	0.00420	0.00140	0.00653	0.00326	0.00186	0.00653
32	0.04925	0.26765	0.23352	0.03380	0.11692	0.02586	0.04043	0.13641	0.01117	0.03475	0.00802	0.00923	0.00624	0.00423	0.00382	0.00124	0.00540	0.00326	0.00246	0.00634
33	0.00721	0.02741	0.00675	0.00653	0.03251	0.00585	0.00436	0.00979	0.13565	0.01184	0.07647	0.07293	0.12835	0.38182	0.05246	0.00301	0.00402	0.02568	0.00338	0.00398
34	0.00583	0.00450	0.00531	0.00511	0.00634	0.00399	0.00383	0.00751	0.01150	0.01533	0.49699	0.03692	0.36108	0.00992	0.00521	0.00143	0.00215	0.00854	0.00455	0.00399
35	0.00767	0.00384	0.00575	0.00575	0.00575	0.00384	0.00384	0.00575	0.00575	0.00767	0.00767	0.01343	0.00767	0.01534	0.01726	0.87150	0.00384	0.00384	0.00192	0.00192
36	0.10590	0.01258	0.03857	0.10707	0.01570	0.14136	0.07492	0.31241	0.06412	0.05630	0.02297	0.01096	0.00770	0.00490	0.00425	0.00135	0.00541	0.00385	0.00341	0.00629
37	0.00582	0.00459	0.00563	0.00561	0.00679	0.00439	0.00431	0.00730	0.00970	0.01264	0.18343	0.03386	0.39810	0.01706	0.23926	0.00309	0.00503	0.04575	0.00375	0.00389
38	0.00641	0.00430	0.00529	0.00568	0.00604	0.00414	0.00376	0.00701	0.00795	0.03153	0.03956	0.32285	0.05305	0.39561	0.01337	0.00293	0.00350	0.08019	0.00350	0.00333
39	0.01300	0.00818	0.00960	0.00813	0.01060	0.00847	0.00655	0.22864	0.14920	0.20264	0.15338	0.06463	0.03654	0.00727	0.00480	0.00146	0.00365	0.07230	0.00469	0.00626
40	0.01042	0.01191	0.02606	0.01862	0.02308	0.01117	0.80119	0.01415	0.01042	0.01415	0.00894	0.01191	0.00670	0.00372	0.00521	0.00149	0.00745	0.00521	0.00223	0.00596
41	0.00563	0.00438	0.00516	0.00565	0.00653	0.00401	0.00402	0.00710	0.04102	0.01215	0.06606	0.43912	0.33411	0.01224	0.00543	0.00165	0.00250	0.03528	0.00415	0.00382
42	0.00740	0.00505	0.00634	0.00638	0.00742	0.00495	0.00463	0.01023	0.11361	0.06699	0.30117	0.38083	0.03003	0.01042	0.00521	0.00157	0.00258	0.00928	0.02140	0.00450
43	0.07810	0.00653	0.00728	0.00729	0.00874	0.00703	0.00550	0.04844	0.26009	0.01520	0.02135	0.35503	0.06676	0.00989	0.00501	0.00165	0.00315	0.08385	0.00412	0.00498
44	0.04266	0.00754	0.01015	0.00780	0.01120	0.00658	0.00645	0.02130	0.01250	0.79893	0.01712	0.01482	0.01077	0.00543	0.00440	0.00137	0.00375	0.00439	0.00539	0.00744
45	0.00538	0.00384	0.00512	0.00615	0.00641	0.00359	0.00410	0.00615	0.00846	0.01127	0.02434	0.84190	0.02921	0.01384	0.00564	0.00179	0.00256	0.01256	0.00410	0.00359
46	0.00839	0.03929	0.01011	0.00862	0.00969	0.02412	0.03634	0.03912	0.00800	0.03715	0.01036	0.01504	0.00952	0.05036	0.49693	0.00498	0.18059	0.00446	0.00244	0.00450
47	0.00937	0.10537	0.01516	0.46875	0.14631	0.01146	0.01146	0.01174	0.00867	0.01155	0.00736	0.01073	0.00602	0.00485	0.00601	0.00147	0.15269	0.00374	0.00198	0.00530
48	0.00823	0.00412	0.00412	0.00412	0.00515	0.00412	0.00309	0.01029	0.00926	0.01647	0.01441	0.01647	0.01132	0.00515	0.00309	0.00103	0.00206	0.00412	0.86930	0.00412
49	0.00966	0.00966	0.01353	0.01160	0.01160	0.01353	0.00966	0.01063	0.00676	0.01063	0.00580	0.00966	0.00580	0.00773	0.01449	0.00193	0.83670	0.00387	0.00193	0.00483
50	0.00847	0.00707	0.00906	0.04018	0.01012	0.04134	0.00673	0.08137	0.04942	0.01229	0.01075	0.01496	0.00963	0.02305	0.51302	0.03264	0.11832	0.00443	0.00257	0.00456
51	0.60038	0.00983	0.07529	0.03877	0.01083	0.00960	0.00630	0.05877	0.00872	0.01872	0.00686	0.00801	0.00530	0.00408	0.00309	0.00127	0.00383	0.00265	0.00271	0.12500
52	0.04312	0.03950	0.14384	0.02642	0.01122	0.07725	0.02288	0.01300	0.08815	0.08466	0.21521	0.02153	0.14132	0.00687	0.00475	0.00138	0.02171	0.00563	0.02627	0.00528
53	0.10421	0.52789	0.08368	0.00830	0.01190	0.11751	0.00802	0.04419	0.00986	0.01265	0.03256	0.00836	0.00680	0.00417	0.00322	0.00108	0.00506	0.00274	0.00222	0.00560
54	0.01095	0.00759	0.00943	0.03389	0.01084	0.00724	0.00619	0.06769	0.06102	0.15601	0.01341	0.17425	0.01218	0.00649	0.00517	0.00125	0.08014	0.00529	0.00357	0.32740
55	0.09574	0.02728	0.05909	0.03023	0.08196	0.00813	0.05341	0.07240	0.01030	0.07697	0.01789	0.03660	0.00783	0.00425	0.00377	0.00105	0.00411	0.00354	0.00292	0.40253

[dist]
# distance from previous block
# <min> <max>
2	28

[block]
# block no. 5 follows, 59 sequences, length 14
# corresponding to MSA columns:
# 384-397
name=unknown_F
#
# <colnr> <probs for GDERKNQSTAVLIFYWHMCP>
#	G	D	E	R	K	N	Q	S	T	A	V	L	I	F	Y	W	H	M	C	P
0	0.30877	0.06760	0.01128	0.15423	0.09979	0.02623	0.00782	0.08886	0.01015	0.08643	0.03216	0.01051	0.00741	0.00518	0.02395	0.00145	0.00456	0.00339	0.00292	0.04732
1	0.10690	0.01066	0.08132	0.12428	0.18187	0.03475	0.06599	0.04044	0.11400	0.05752	0.03576	0.03443	0.00911	0.00507	0.00486	0.00141	0.05295	0.00425	0.00288	0.03153
2	0.01031	0.00993	0.01019	0.02466	0.02714	0.18324	0.06120	0.01369	0.12558	0.04371	0.12835	0.02286	0.08506	0.00839	0.04735	0.00170	0.00501	0.11620	0.00351	0.07192
3	0.00825	0.00713	0.01017	0.00956	0.05610	0.00713	0.11044	0.03731	0.16367	0.01535	0.15689	0.03056	0.19818	0.00845	0.00518	0.00157	0.00375	0.16127	0.00395	0.00509
4	0.00560	0.00449	0.00500	0.00487	0.00620	0.00389	0.00366	0.00708	0.01097	0.01407	0.32954	0.03899	0.52931	0.01039	0.00522	0.00145	0.00218	0.00883	0.00438	0.00389
5	0.00532	0.00406	0.00490	0.00556	0.00625	0.00364	0.00384	0.00622	0.00902	0.01150	0.03149	0.56171	0.30479	0.01291	0.00549	0.00169	0.00245	0.01142	0.00410	0.00364
6	0.00966	0.00966	0.01353	0.01160	0.01160	0.01353	0.00966	0.01063	0.00676	0.01063	0.00580	0.00966	0.00580	0.00773	0.01449	0.00193	0.83670	0.00387	0.00193	0.00483
7	0.00834	0.00785	0.01325	0.83417	0.03042	0.00981	0.01227	0.01128	0.00883	0.01128	0.00785	0.01178	0.00589	0.00442	0.00442	0.00147	0.00589	0.00393	0.00196	0.00491
8	0.01181	0.84744	0.02314	0.00756	0.01134	0.01748	0.00756	0.01323	0.00897	0.01039	0.00614	0.00708	0.00567	0.00378	0.00283	0.00094	0.00472	0.00236	0.00189	0.00567
9	0.00543	0.00400	0.00511	0.00597	0.00645	0.00367	0.00411	0.00631	0.00878	0.01146	0.02752	0.68178	0.15308	0.01335	0.00559	0.00176	0.00258	0.04532	0.00410	0.00363
10	0.01093	0.01049	0.01793	0.02711	0.81723	0.01049	0.01355	0.01355	0.01006	0.01443	0.00831	0.01093	0.00700	0.00394	0.00437	0.00131	0.00525	0.00394	0.00219	0.00700
11	0.00916	0.00785	0.00916	0.00654	0.01047	0.00589	0.00523	0.01112	0.00916	0.01439	0.00785	0.00916	0.00654	0.00327	0.00327	0.00065	0.00327	0.00262	0.00262	0.87178
12	0.21902	0.18994	0.45964	0.00991	0.01495	0.01167	0.01172	0.01359	0.00882	0.01465	0.00713	0.00834	0.00541	0.00409	0.00356	0.00130	0.00540	0.00287	0.00208	0.00593
13	0.01650	0.02105	0.01252	0.01138	0.01365	0.82705	0.00853	0.01764	0.01252	0.01081	0.00683	0.00796	0.00569	0.00455	0.00398	0.00114	0.00796	0.00284	0.00228	0.00512

[dist]
# distance from previous block
# <min> <max>
5	50

[block]
# block no. 6 follows, 59 sequences, length 14
# corresponding to MSA columns:
# 449-462
name=unknown_G
#
# <colnr> <probs for GDERKNQSTAVLIFYWHMCP>
#	G	D	E	R	K	N	Q	S	T	A	V	L	I	F	Y	W	H	M	C	P
0	0.01293	0.02584	0.02573	0.00885	0.01145	0.09781	0.00714	0.34795	0.13838	0.03569	0.08159	0.06334	0.05011	0.02824	0.00499	0.00145	0.00440	0.02132	0.02661	0.00616
1	0.00643	0.00455	0.00573	0.00548	0.00662	0.00412	0.00409	0.00823	0.01177	0.04171	0.59184	0.09434	0.17929	0.00966	0.00522	0.00144	0.00220	0.00846	0.00469	0.00415
2	0.01093	0.01049	0.01793	0.02711	0.81723	0.01049	0.01355	0.01355	0.01006	0.01443	0.00831	0.01093	0.00700	0.00394	0.00437	0.00131	0.00525	0.00394	0.00219	0.00700
3	0.00541	0.00390	0.00513	0.00605	0.00639	0.00362	0.00407	0.00625	0.00869	0.01156	0.05679	0.77349	0.06527	0.01353	0.00560	0.00176	0.00253	0.01223	0.00413	0.00362
4	0.87598	0.00854	0.00649	0.00581	0.00854	0.00991	0.00478	0.01298	0.00752	0.01982	0.00615	0.00717	0.00478	0.00410	0.00273	0.00137	0.00342	0.00239	0.00273	0.00478
5	0.01181	0.84744	0.02314	0.00756	0.01134	0.01748	0.00756	0.01323	0.00897	0.01039	0.00614	0.00708	0.00567	0.00378	0.00283	0.00094	0.00472	0.00236	0.00189	0.00567
6	0.00642	0.00428	0.00482	0.00482	0.00482	0.00428	0.00268	0.00642	0.00642	0.00856	0.01392	0.02890	0.01606	0.84478	0.02248	0.00428	0.00428	0.00642	0.00268	0.00268
7	0.87598	0.00854	0.00649	0.00581	0.00854	0.00991	0.00478	0.01298	0.00752	0.01982	0.00615	0.00717	0.00478	0.00410	0.00273	0.00137	0.00342	0.00239	0.00273	0.00478
8	0.00538	0.00384	0.00512	0.00615	0.00641	0.00359	0.00410	0.00615	0.00846	0.01127	0.02434	0.84190	0.02921	0.01384	0.00564	0.00179	0.00256	0.01256	0.00410	0.00359
9	0.01792	0.01056	0.01213	0.00930	0.01279	0.01100	0.00768	0.51050	0.01773	0.32413	0.01315	0.01226	0.00879	0.00536	0.00443	0.00134	0.00445	0.00415	0.00481	0.00751
10	0.01093	0.01049	0.01793	0.02711	0.81723	0.01049	0.01355	0.01355	0.01006	0.01443	0.00831	0.01093	0.00700	0.00394	0.00437	0.00131	0.00525	0.00394	0.00219	0.00700
11	0.01155	0.02888	0.00989	0.00898	0.04681	0.00719	0.03627	0.12961	0.01222	0.20234	0.04580	0.08897	0.10379	0.00862	0.00511	0.00160	0.00394	0.23862	0.00427	0.00555
12	0.00604	0.00450	0.00574	0.00652	0.00727	0.00429	0.00491	0.00763	0.03786	0.01218	0.02733	0.45640	0.16169	0.01265	0.00565	0.00180	0.00296	0.22661	0.00411	0.00387
13	0.11986	0.01168	0.12200	0.03033	0.06057	0.02505	0.23634	0.03652	0.09308	0.15681	0.02546	0.01213	0.00838	0.00462	0.00460	0.00141	0.02169	0.00425	0.00315	0.02208

[dist]
# distance from previous block
# <min> <max>
1	2

[block]
# block no. 7 follows, 59 sequences, length 48
# corresponding to MSA columns:
# 466-513
name=unknown_H
#
# <colnr> <probs for GDERKNQSTAVLIFYWHMCP>
#	G	D	E	R	K	N	Q	S	T	A	V	L	I	F	Y	W	H	M	C	P
0	0.03759	0.01014	0.01173	0.00982	0.01157	0.12834	0.06064	0.02916	0.02370	0.17104	0.03802	0.01625	0.12867	0.00692	0.00800	0.00156	0.29339	0.00483	0.00322	0.00538
1	0.01241	0.37589	0.10475	0.01015	0.01394	0.02941	0.11488	0.10707	0.01101	0.09092	0.00932	0.01174	0.00768	0.00479	0.00424	0.00125	0.03262	0.04915	0.00271	0.00606
2	0.00642	0.00430	0.00493	0.00501	0.00507	0.00430	0.00293	0.00654	0.00666	0.00887	0.01470	0.05664	0.01692	0.77895	0.02117	0.00410	0.00422	0.04271	0.00279	0.00277
3	0.01832	0.00785	0.01021	0.00805	0.01131	0.00725	0.00658	0.02185	0.14729	0.68476	0.01752	0.01528	0.01136	0.00556	0.00445	0.00139	0.00371	0.00453	0.00530	0.00743
4	0.01408	0.01341	0.06082	0.01260	0.10746	0.13152	0.04581	0.34898	0.18349	0.02037	0.01111	0.01148	0.00829	0.00504	0.00439	0.00134	0.00529	0.00404	0.00361	0.00686
5	0.01099	0.00949	0.00999	0.00899	0.01148	0.01099	0.00699	0.02347	0.80925	0.01848	0.01798	0.01648	0.01348	0.00599	0.00449	0.00150	0.00350	0.00499	0.00449	0.00699
6	0.00631	0.00473	0.00710	0.00710	0.00789	0.00552	0.00552	0.00789	0.00710	0.01025	0.01183	0.01735	0.01104	0.03312	0.82728	0.00710	0.01183	0.00473	0.00237	0.00394
7	0.00704	0.00469	0.00616	0.00569	0.00687	0.00430	0.00430	0.00911	0.01251	0.06459	0.76832	0.03194	0.03988	0.00882	0.00516	0.00139	0.00218	0.00778	0.00490	0.00436
8	0.87598	0.00854	0.00649	0.00581	0.00854	0.00991	0.00478	0.01298	0.00752	0.01982	0.00615	0.00717	0.00478	0.00410	0.00273	0.00137	0.00342	0.00239	0.00273	0.00478
9	0.01099	0.00949	0.00999	0.00899	0.01148	0.01099	0.00699	0.02347	0.80925	0.01848	0.01798	0.01648	0.01348	0.00599	0.00449	0.00150	0.00350	0.00499	0.00449	0.00699
10	0.00916	0.00785	0.00916	0.00654	0.01047	0.00589	0.00523	0.01112	0.00916	0.01439	0.00785	0.00916	0.00654	0.00327	0.00327	0.00065	0.00327	0.00262	0.00262	0.87178
11	0.00631	0.00453	0.00620	0.00624	0.00672	0.00500	0.00444	0.00729	0.00691	0.00969	0.01309	0.05492	0.01358	0.32405	0.50474	0.00587	0.00874	0.00566	0.00255	0.00347
12	0.00631	0.00473	0.00710	0.00710	0.00789	0.00552	0.00552	0.00789	0.00710	0.01025	0.01183	0.01735	0.01104	0.03312	0.82728	0.00710	0.01183	0.00473	0.00237	0.00394
13	0.00712	0.00508	0.00712	0.00813	0.00915	0.00508	0.00712	0.00915	0.01017	0.01322	0.02338	0.04982	0.02542	0.01220	0.00610	0.00203	0.00407	0.78750	0.00407	0.00407
14	0.01648	0.01219	0.01309	0.01002	0.01357	0.01338	0.00827	0.77043	0.02030	0.02729	0.01049	0.01055	0.00747	0.00522	0.00437	0.00130	0.00480	0.00392	0.00435	0.04254
15	0.00916	0.00785	0.00916	0.00654	0.01047	0.00589	0.00523	0.01112	0.00916	0.01439	0.00785	0.00916	0.00654	0.00327	0.00327	0.00065	0.00327	0.00262	0.00262	0.87178
16	0.00886	0.02285	0.82190	0.01259	0.01912	0.01026	0.01632	0.01399	0.00932	0.01399	0.00793	0.00932	0.00559	0.00420	0.00420	0.00140	0.00653	0.00326	0.00186	0.00653
17	0.00553	0.00434	0.00500	0.00513	0.00623	0.00381	0.00374	0.00683	0.01035	0.01332	0.24426	0.21749	0.43586	0.01120	0.00531	0.00153	0.00227	0.00969	0.00430	0.00381
18	0.00753	0.00484	0.00560	0.00579	0.00682	0.00478	0.00438	0.06944	0.01020	0.01495	0.04754	0.27541	0.09612	0.00941	0.00462	0.00147	0.00270	0.10639	0.31783	0.00417
19	0.01433	0.00941	0.01197	0.03730	0.05390	0.09754	0.08461	0.08790	0.01225	0.31979	0.01550	0.04867	0.01288	0.00674	0.00484	0.00150	0.00485	0.16579	0.00409	0.00615
20	0.19079	0.28461	0.11335	0.00797	0.01175	0.01140	0.00774	0.03313	0.01016	0.27543	0.01011	0.01003	0.00722	0.00448	0.00354	0.00123	0.00437	0.00319	0.00327	0.00623
21	0.01016	0.03225	0.32489	0.06295	0.09668	0.09872	0.21622	0.01375	0.00994	0.01333	0.00903	0.03871	0.00741	0.00470	0.00471	0.00142	0.01977	0.02720	0.00218	0.00597
22	0.01037	0.00843	0.01242	0.16370	0.17770	0.00778	0.04249	0.01270	0.00977	0.09212	0.03139	0.01135	0.00792	0.00401	0.00396	0.00106	0.00435	0.00356	0.00273	0.39218
23	0.00631	0.00473	0.00710	0.00710	0.00789	0.00552	0.00552	0.00789	0.00710	0.01025	0.01183	0.01735	0.01104	0.03312	0.82728	0.00710	0.01183	0.00473	0.00237	0.00394
24	0.03153	0.23039	0.01438	0.00891	0.01207	0.01351	0.00753	0.26162	0.33796	0.01928	0.01233	0.01199	0.00940	0.00516	0.00400	0.00130	0.00424	0.00393	0.00375	0.00676
25	0.00922	0.00725	0.00833	0.00726	0.00932	0.03348	0.00555	0.07233	0.07835	0.05495	0.11590	0.25756	0.01844	0.00786	0.00504	0.00132	0.04425	0.00668	0.00373	0.25318
26	0.00953	0.00839	0.01338	0.03172	0.44704	0.00872	0.01006	0.02861	0.00985	0.03379	0.08148	0.16105	0.01413	0.00781	0.04124	0.00171	0.07694	0.00586	0.00287	0.00581
27	0.01605	0.01165	0.01246	0.00964	0.01295	0.01286	0.00793	0.73364	0.01977	0.02685	0.01093	0.01111	0.00784	0.00529	0.00430	0.00130	0.00462	0.00399	0.07960	0.00722
28	0.01181	0.84744	0.02314	0.00756	0.01134	0.01748	0.00756	0.01323	0.00897	0.01039	0.00614	0.00708	0.00567	0.00378	0.00283	0.00094	0.00472	0.00236	0.00189	0.00567
29	0.00528	0.00448	0.00456	0.00454	0.00600	0.00375	0.00340	0.00645	0.01021	0.01226	0.08865	0.04196	0.77132	0.01106	0.00522	0.00149	0.00223	0.00925	0.00414	0.00375
30	0.00767	0.00384	0.00575	0.00575	0.00575	0.00384	0.00384	0.00575	0.00575	0.00767	0.00767	0.01343	0.00767	0.01534	0.01726	0.87150	0.00384	0.00384	0.00192	0.00192
31	0.01743	0.01134	0.01262	0.00967	0.01318	0.01216	0.00799	0.63631	0.01904	0.19648	0.01206	0.01155	0.00824	0.00534	0.00442	0.00133	0.00463	0.00408	0.00464	0.00751
32	0.00554	0.00396	0.00529	0.00623	0.00658	0.00371	0.00428	0.00647	0.00883	0.01182	0.07695	0.74175	0.02982	0.01342	0.00564	0.00178	0.00262	0.05752	0.00415	0.00365
33	0.87598	0.00854	0.00649	0.00581	0.00854	0.00991	0.00478	0.01298	0.00752	0.01982	0.00615	0.00717	0.00478	0.00410	0.00273	0.00137	0.00342	0.00239	0.00273	0.00478
34	0.00823	0.00412	0.00412	0.00412	0.00515	0.00412	0.00309	0.01029	0.00926	0.01647	0.01441	0.01647	0.01132	0.00515	0.00309	0.00103	0.00206	0.00412	0.86930	0.00412
35	0.00555	0.00434	0.00503	0.00517	0.00625	0.00382	0.00376	0.00685	0.01037	0.01339	0.25541	0.22622	0.41569	0.01120	0.00531	0.00153	0.00227	0.00970	0.00431	0.00382
36	0.00561	0.00448	0.00507	0.00529	0.00651	0.00394	0.00404	0.00691	0.01015	0.01268	0.12858	0.14581	0.52098	0.01141	0.00539	0.00159	0.00250	0.11108	0.00418	0.00381
37	0.00632	0.00468	0.00685	0.00685	0.00756	0.00539	0.00522	0.00773	0.00703	0.01007	0.01205	0.01859	0.01158	0.12003	0.74111	0.00680	0.01102	0.00491	0.00240	0.00381
38	0.00886	0.02285	0.82190	0.01259	0.01912	0.01026	0.01632	0.01399	0.00932	0.01399	0.00793	0.00932	0.00559	0.00420	0.00420	0.00140	0.00653	0.00326	0.00186	0.00653
39	0.00571	0.00411	0.00548	0.00646	0.00692	0.00388	0.00465	0.00674	0.00886	0.01168	0.02504	0.65323	0.06244	0.01340	0.00571	0.00183	0.00284	0.16322	0.00409	0.00369
40	0.00909	0.00437	0.00457	0.00439	0.00560	0.00429	0.00334	0.01112	0.00951	0.07589	0.01463	0.01636	0.01129	0.00517	0.00319	0.00105	0.00218	0.00414	0.80544	0.00437
41	0.01576	0.00915	0.01191	0.00965	0.02747	0.00925	0.06903	0.17000	0.19659	0.36964	0.01543	0.01483	0.01072	0.00550	0.00450	0.00140	0.00418	0.01779	0.03012	0.00710
42	0.04752	0.00659	0.01053	0.21974	0.09958	0.00708	0.07125	0.00931	0.00873	0.01214	0.01551	0.39736	0.01690	0.00900	0.00552	0.02034	0.02737	0.00797	0.00304	0.00453
43	0.01050	0.01494	0.29280	0.06270	0.09953	0.05154	0.05334	0.05630	0.02933	0.03513	0.00800	0.01020	0.00632	0.00532	0.00724	0.00154	0.24327	0.00374	0.00226	0.00599
44	0.00900	0.00751	0.00881	0.00658	0.01003	0.00592	0.00520	0.04266	0.00988	0.01504	0.07888	0.05992	0.01095	0.00447	0.00362	0.00081	0.00319	0.00372	0.00297	0.71083
45	0.00927	0.00795	0.00921	0.00668	0.01053	0.00619	0.00534	0.01184	0.05589	0.01463	0.00844	0.00959	0.00695	0.00343	0.00334	0.00070	0.00328	0.00276	0.00273	0.82127
46	0.00642	0.00428	0.00482	0.00482	0.00482	0.00428	0.00268	0.00642	0.00642	0.00856	0.01392	0.02890	0.01606	0.84478	0.02248	0.00428	0.00428	0.00642	0.00268	0.00268
47	0.01259	0.05325	0.03198	0.01299	0.04424	0.29550	0.17772	0.04688	0.05730	0.01284	0.00809	0.01013	0.00667	0.00586	0.03050	0.00156	0.16686	0.00379	0.00240	0.01885

[dist]
# distance from previous block
# <min> <max>
0	1

[block]
# block no. 8 follows, 59 sequences, length 67
# corresponding to MSA columns:
# 515,516,518-536,541-562,565,566,570-591
name=unknown_I
#
# <colnr> <probs for GDERKNQSTAVLIFYWHMCP>
#	G	D	E	R	K	N	Q	S	T	A	V	L	I	F	Y	W	H	M	C	P
0	0.01969	0.00771	0.01037	0.00795	0.01137	0.00678	0.00657	0.05271	0.01297	0.78865	0.01715	0.01486	0.01080	0.00546	0.00444	0.00136	0.00380	0.00442	0.00542	0.00752
1	0.01089	0.01080	0.01712	0.19149	0.51510	0.06351	0.07568	0.03712	0.01031	0.01393	0.00824	0.01098	0.00667	0.00410	0.00442	0.00135	0.00572	0.00397	0.00222	0.00638
2	0.01268	0.01128	0.01088	0.00947	0.01214	0.09949	0.00742	0.17002	0.57438	0.01942	0.01538	0.01445	0.01151	0.00571	0.00442	0.00143	0.00424	0.00457	0.00424	0.00689
3	0.00891	0.00873	0.01376	0.01146	0.01233	0.01099	0.13740	0.01037	0.00747	0.01107	0.00843	0.04544	0.00823	0.05110	0.14735	0.00282	0.49257	0.00470	0.00217	0.00472
4	0.03761	0.00659	0.00744	0.00676	0.00847	0.02907	0.00508	0.06615	0.05698	0.05666	0.05925	0.16985	0.05287	0.13920	0.04383	0.02464	0.00393	0.06420	0.00354	0.15788
5	0.04442	0.05780	0.42863	0.01429	0.01968	0.01103	0.31214	0.03442	0.00995	0.01447	0.00822	0.01014	0.00603	0.00402	0.00446	0.00141	0.00662	0.00394	0.00211	0.00623
6	0.00538	0.00384	0.00512	0.00615	0.00641	0.00359	0.00410	0.00615	0.00846	0.01127	0.02434	0.84190	0.02921	0.01384	0.00564	0.00179	0.00256	0.01256	0.00410	0.00359
7	0.00986	0.00839	0.01372	0.01059	0.01335	0.02028	0.27291	0.08334	0.04220	0.08116	0.23689	0.02301	0.15097	0.00680	0.00503	0.00143	0.00444	0.00644	0.00381	0.00539
8	0.03711	0.03285	0.04180	0.05453	0.06674	0.12507	0.22444	0.04832	0.06299	0.05625	0.05966	0.03988	0.07654	0.00587	0.00471	0.00143	0.00547	0.04767	0.00308	0.00559
9	0.00904	0.00813	0.01334	0.13942	0.44461	0.00837	0.01061	0.01126	0.00952	0.01323	0.01284	0.16849	0.01289	0.01908	0.00501	0.00153	0.00464	0.07883	0.02352	0.00565
10	0.00528	0.00448	0.00456	0.00454	0.00600	0.00375	0.00340	0.00646	0.01021	0.01228	0.09101	0.04193	0.76896	0.01106	0.00522	0.00149	0.00223	0.00924	0.00415	0.00375
11	0.04445	0.00941	0.01584	0.28098	0.48124	0.01005	0.03973	0.01259	0.00953	0.01353	0.00863	0.03868	0.00728	0.00442	0.00439	0.00139	0.00536	0.00420	0.00220	0.00610
12	0.01188	0.02938	0.26224	0.08937	0.09078	0.09474	0.04924	0.09622	0.07999	0.09786	0.01073	0.04939	0.00833	0.00504	0.00438	0.00138	0.00561	0.00419	0.00293	0.00634
13	0.84636	0.00851	0.00662	0.00588	0.00864	0.00979	0.00484	0.01328	0.00769	0.04751	0.00654	0.00745	0.00500	0.00415	0.00279	0.00137	0.00343	0.00246	0.00283	0.00488
14	0.00962	0.03886	0.05951	0.22984	0.42523	0.02322	0.01191	0.01225	0.00959	0.01310	0.02773	0.01331	0.04801	0.00623	0.05178	0.00169	0.00567	0.00423	0.00227	0.00596
15	0.00579	0.00444	0.00504	0.00503	0.00601	0.00410	0.00357	0.00684	0.00918	0.01180	0.13211	0.06444	0.41124	0.19650	0.09874	0.00271	0.00372	0.00805	0.01712	0.00358
16	0.01205	0.12355	0.07955	0.01058	0.11109	0.02316	0.03542	0.03893	0.02197	0.15833	0.00965	0.01039	0.00731	0.00403	0.00376	0.00103	0.00434	0.00329	0.00298	0.33857
17	0.01027	0.09978	0.06476	0.09207	0.03511	0.05828	0.00752	0.04281	0.02910	0.02173	0.00806	0.00948	0.00653	0.00376	0.00356	0.00092	0.00431	0.00294	0.00253	0.49647
18	0.00538	0.00407	0.00497	0.00561	0.00628	0.00366	0.00388	0.00633	0.00917	0.01184	0.07553	0.55444	0.26733	0.01276	0.00549	0.00168	0.00244	0.01132	0.00414	0.00366
19	0.00964	0.00814	0.00942	0.00677	0.01067	0.00638	0.00543	0.06120	0.00989	0.01524	0.00802	0.00925	0.00660	0.00340	0.00334	0.00070	0.00337	0.00270	0.00273	0.81709
20	0.02412	0.21268	0.12722	0.15623	0.10385	0.01837	0.01003	0.10245	0.02085	0.06556	0.05557	0.01133	0.00861	0.00469	0.00428	0.00127	0.03006	0.00367	0.00269	0.03646
21	0.14248	0.00625	0.00812	0.06471	0.01012	0.00654	0.04787	0.00995	0.00895	0.04418	0.09814	0.03171	0.10893	0.07266	0.15610	0.00266	0.02964	0.05584	0.04118	0.05395
22	0.00631	0.00473	0.00710	0.00710	0.00789	0.00552	0.00552	0.00789	0.00710	0.01025	0.01183	0.01735	0.01104	0.03312	0.82728	0.00710	0.01183	0.00473	0.00237	0.00394
23	0.04076	0.01213	0.01291	0.00998	0.01345	0.01346	0.00823	0.74417	0.05688	0.02718	0.01082	0.01078	0.00771	0.00530	0.00437	0.00133	0.00476	0.00398	0.00437	0.00741
24	0.02019	0.06781	0.01485	0.05019	0.11865	0.09852	0.12179	0.14918	0.01206	0.05721	0.03541	0.01095	0.00798	0.00431	0.00411	0.00115	0.00511	0.00373	0.00292	0.21389
