[name]
unknown

[dist]
# distance from previous block
# <min> <max>
47	1106

[block]
# block no. 0 follows, 68 sequences, length 6
# corresponding to MSA columns:
# 1289-1294
name=unknown_A
#
# <colnr> <probs for GDERKNQSTAVLIFYWHMCP>
#	G	D	E	R	K	N	Q	S	T	A	V	L	I	F	Y	W	H	M	C	P
0	0.00607	0.00515	0.05531	0.03532	0.00740	0.00431	0.00459	0.00760	0.04551	0.04226	0.12537	0.35845	0.16651	0.06174	0.00624	0.05020	0.00275	0.00811	0.00346	0.00365
1	0.06885	0.07150	0.01168	0.15296	0.25278	0.11249	0.00834	0.03783	0.00892	0.02989	0.01062	0.08382	0.05917	0.00654	0.05035	0.01797	0.00485	0.00422	0.00234	0.00488
2	0.04486	0.06667	0.16336	0.00969	0.07139	0.05862	0.03589	0.12114	0.07443	0.09728	0.03066	0.04253	0.00817	0.00452	0.00398	0.00114	0.03021	0.00360	0.00282	0.12903
3	0.00988	0.24076	0.12915	0.04102	0.06371	0.08997	0.09241	0.04527	0.02518	0.04289	0.02926	0.06866	0.03429	0.01973	0.00412	0.00118	0.02014	0.00390	0.00234	0.03617
4	0.00632	0.00555	0.06432	0.00591	0.00726	0.00443	0.02895	0.00783	0.00900	0.04145	0.28797	0.13155	0.11109	0.16183	0.00742	0.00179	0.00296	0.06915	0.00347	0.04174
5	0.00880	0.00720	0.01021	0.12165	0.15278	0.02460	0.05200	0.06417	0.09172	0.06224	0.04500	0.15588	0.05829	0.03243	0.00513	0.00141	0.04234	0.01829	0.04099	0.00487

[dist]
# distance from previous block
# <min> <max>
0	3

[block]
# block no. 1 follows, 68 sequences, length 6
# corresponding to MSA columns:
# 1298-1303
name=unknown_B
#
# <colnr> <probs for GDERKNQSTAVLIFYWHMCP>
#	G	D	E	R	K	N	Q	S	T	A	V	L	I	F	Y	W	H	M	C	P
0	0.04779	0.12829	0.13069	0.11682	0.10416	0.05894	0.04203	0.06337	0.05187	0.02894	0.03132	0.02579	0.04290	0.02189	0.00417	0.00123	0.02155	0.00370	0.04883	0.02573
1	0.03344	0.04010	0.09549	0.12482	0.05449	0.00885	0.10077	0.03156	0.08088	0.04823	0.03297	0.06695	0.02705	0.03574	0.03702	0.00166	0.14710	0.02552	0.00252	0.00485
2	0.00502	0.00363	0.00465	0.00538	0.00576	0.00339	0.00369	0.00577	0.00769	0.01009	0.02292	0.62893	0.11346	0.09147	0.00647	0.00181	0.00251	0.07062	0.00356	0.00319
3	0.00972	0.45914	0.04660	0.00748	0.01000	0.10768	0.02696	0.01131	0.03148	0.01002	0.02597	0.06065	0.04054	0.05743	0.00482	0.00125	0.04918	0.03297	0.00217	0.00464
4	0.02718	0.14495	0.20493	0.03277	0.12787	0.04420	0.03002	0.08136	0.03831	0.04190	0.01018	0.05948	0.03064	0.02313	0.02857	0.00143	0.02624	0.03911	0.00244	0.00530
5	0.00580	0.00430	0.00507	0.00522	0.00612	0.00413	0.00377	0.04236	0.04919	0.01169	0.08342	0.33929	0.27968	0.01115	0.04205	0.04824	0.00271	0.00832	0.04393	0.00356

[dist]
# distance from previous block
# <min> <max>
0	1

[block]
# block no. 2 follows, 68 sequences, length 15
# corresponding to MSA columns:
# 1305-1319
name=unknown_C
#
# <colnr> <probs for GDERKNQSTAVLIFYWHMCP>
#	G	D	E	R	K	N	Q	S	T	A	V	L	I	F	Y	W	H	M	C	P
0	0.01478	0.00812	0.01007	0.00837	0.03830	0.04222	0.03866	0.20659	0.01250	0.42697	0.01336	0.01427	0.00953	0.00511	0.00399	0.00123	0.00383	0.05798	0.07800	0.00612
1	0.02100	0.06959	0.06695	0.03317	0.10053	0.10473	0.07997	0.27914	0.05376	0.05244	0.03639	0.04796	0.02695	0.00483	0.00395	0.00120	0.00469	0.00402	0.00302	0.00572
2	0.00898	0.06429	0.10566	0.11317	0.05525	0.00777	0.07260	0.01175	0.07463	0.12123	0.03286	0.07657	0.01024	0.06747	0.12940	0.00222	0.03381	0.00453	0.00269	0.00488
3	0.02894	0.00640	0.00723	0.02815	0.00857	0.00718	0.00520	0.08140	0.31041	0.01430	0.01377	0.04980	0.01190	0.10188	0.13996	0.00237	0.00436	0.03800	0.13543	0.00475
4	0.29591	0.07771	0.02880	0.11815	0.10856	0.15012	0.04307	0.01212	0.02443	0.01311	0.00725	0.03774	0.00625	0.00435	0.00378	0.00122	0.04148	0.01901	0.00221	0.00472
5	0.01063	0.00559	0.00718	0.00617	0.00803	0.00527	0.00484	0.01352	0.11546	0.32093	0.38713	0.06134	0.02341	0.00678	0.00436	0.00127	0.00261	0.00584	0.00449	0.00516
6	0.00982	0.28271	0.22601	0.07695	0.01399	0.07465	0.03837	0.04792	0.04113	0.01137	0.00673	0.00825	0.00549	0.00427	0.00486	0.00119	0.13623	0.00293	0.00193	0.00521
7	0.00537	0.00403	0.00443	0.00446	0.00558	0.00349	0.00324	0.00634	0.00885	0.04338	0.09371	0.16094	0.56409	0.06710	0.00575	0.00154	0.00222	0.00838	0.00369	0.00343
8	0.00874	0.00575	0.00664	0.00585	0.00729	0.00577	0.00436	0.15786	0.04289	0.10828	0.13328	0.06203	0.16726	0.21924	0.04527	0.00214	0.00347	0.00598	0.00360	0.00430
9	0.00516	0.00384	0.00467	0.00491	0.00572	0.00347	0.00355	0.00638	0.00920	0.01229	0.27777	0.31089	0.26389	0.01008	0.00476	0.00140	0.00211	0.03155	0.03490	0.00345
10	0.00832	0.02664	0.00807	0.00758	0.04114	0.07650	0.03131	0.07818	0.11768	0.04613	0.17932	0.29292	0.05394	0.00805	0.00446	0.00135	0.00322	0.00705	0.00363	0.00451
11	0.18990	0.02880	0.10609	0.01108	0.12990	0.19744	0.04533	0.13734	0.01036	0.01486	0.00716	0.00866	0.00569	0.00401	0.00363	0.00114	0.01752	0.01420	0.00240	0.06448
12	0.00976	0.06326	0.10776	0.03681	0.04147	0.04210	0.02720	0.13927	0.10651	0.03784	0.01211	0.04766	0.07393	0.00495	0.00389	0.00110	0.01690	0.01642	0.00287	0.20818
13	0.01026	0.07416	0.08634	0.02410	0.24382	0.05219	0.05648	0.03049	0.00941	0.11146	0.02926	0.01209	0.04452	0.00423	0.00374	0.00108	0.00431	0.02392	0.00257	0.17557
14	0.02304	0.09522	0.04017	0.02129	0.00936	0.05704	0.02502	0.05997	0.10746	0.05152	0.13471	0.12102	0.06043	0.04590	0.00491	0.00133	0.01823	0.02574	0.00320	0.09442

[dist]
# distance from previous block
# <min> <max>
1	70

[block]
# block no. 3 follows, 68 sequences, length 30
# corresponding to MSA columns:
# 1431-1451,1460-1468
name=unknown_D
#
# <colnr> <probs for GDERKNQSTAVLIFYWHMCP>
#	G	D	E	R	K	N	Q	S	T	A	V	L	I	F	Y	W	H	M	C	P
0	0.03768	0.24217	0.16833	0.04635	0.04286	0.07789	0.07093	0.13356	0.01023	0.06102	0.00892	0.04970	0.02502	0.00442	0.00359	0.00114	0.00482	0.00351	0.00244	0.00542
1	0.06373	0.03131	0.01233	0.16323	0.06820	0.07933	0.14393	0.07109	0.05096	0.04180	0.03137	0.03787	0.02786	0.03054	0.04022	0.00150	0.02231	0.00403	0.00252	0.07586
2	0.05497	0.04948	0.02830	0.19710	0.01363	0.04974	0.03312	0.09979	0.05929	0.06952	0.07989	0.04608	0.06119	0.00541	0.00408	0.00123	0.02011	0.03163	0.03009	0.06535
3	0.00619	0.00508	0.04603	0.03270	0.00720	0.00461	0.00452	0.00782	0.05603	0.01103	0.11091	0.15623	0.09384	0.10933	0.14066	0.09796	0.00413	0.00605	0.07945	0.02023
4	0.00850	0.03976	0.11385	0.22350	0.02428	0.00830	0.04011	0.10774	0.03861	0.03932	0.00981	0.03917	0.01936	0.01154	0.23408	0.00268	0.02817	0.00401	0.00240	0.00480
5	0.04377	0.00406	0.00473	0.00477	0.00575	0.00373	0.00350	0.00675	0.00951	0.01314	0.35859	0.20323	0.28005	0.00931	0.00461	0.00134	0.00205	0.00807	0.02950	0.00353
6	0.00924	0.00727	0.03838	0.00775	0.02217	0.04912	0.00620	0.02893	0.04179	0.15143	0.11918	0.11143	0.05396	0.02950	0.11267	0.00210	0.19589	0.00529	0.00315	0.00458
7	0.00536	0.00405	0.00460	0.00465	0.00579	0.00353	0.00348	0.00653	0.00931	0.03719	0.18487	0.15392	0.50882	0.00990	0.00475	0.00138	0.00214	0.04238	0.00385	0.00352
8	0.00648	0.00495	0.00627	0.03682	0.00765	0.00527	0.00465	0.05243	0.10849	0.01225	0.14642	0.24627	0.05496	0.08211	0.20347	0.00277	0.00462	0.00687	0.00331	0.00392
9	0.86258	0.00777	0.00601	0.00533	0.00781	0.00900	0.00439	0.03588	0.00710	0.01800	0.00564	0.00653	0.00437	0.00371	0.00250	0.00123	0.00311	0.00219	0.00250	0.00437
10	0.03499	0.30240	0.06801	0.00860	0.06213	0.02402	0.05502	0.06784	0.02528	0.01166	0.01000	0.16507	0.01010	0.07303	0.00511	0.00136	0.02441	0.00458	0.00242	0.04397
11	0.03492	0.00867	0.12558	0.06652	0.08835	0.00723	0.12296	0.04263	0.03537	0.03785	0.06740	0.06691	0.10654	0.03358	0.06072	0.00175	0.02068	0.05802	0.00958	0.00473
12	0.04905	0.23608	0.28387	0.00872	0.01259	0.01120	0.00919	0.23035	0.01103	0.03698	0.00880	0.05908	0.01755	0.00456	0.00354	0.00115	0.00458	0.00345	0.00256	0.00566
13	0.01329	0.04167	0.01149	0.03899	0.05181	0.13595	0.00752	0.32533	0.02536	0.13882	0.00987	0.05865	0.00784	0.00526	0.00503	0.00126	0.10898	0.00387	0.00327	0.00575
14	0.00733	0.00487	0.00600	0.00557	0.00685	0.00464	0.00423	0.06487	0.04159	0.09173	0.43082	0.15145	0.13549	0.00842	0.00461	0.00132	0.00234	0.01950	0.00417	0.00419
15	0.00968	0.08773	0.37452	0.01033	0.04863	0.04565	0.05946	0.04009	0.10075	0.07979	0.03416	0.01205	0.02602	0.00452	0.00385	0.00123	0.00486	0.02839	0.02266	0.00564
16	0.00926	0.00771	0.04643	0.03823	0.00986	0.06708	0.03905	0.02285	0.00843	0.14017	0.02936	0.11680	0.08503	0.05973	0.06267	0.00187	0.19582	0.00517	0.05003	0.00444
17	0.04930	0.00628	0.00792	0.00644	0.00890	0.00583	0.00524	0.04542	0.03707	0.54356	0.01474	0.01516	0.01036	0.02561	0.00417	0.00127	0.00314	0.04305	0.16071	0.00584
18	0.00839	0.05363	0.25865	0.18573	0.24232	0.00920	0.03223	0.01147	0.02619	0.01182	0.00848	0.05535	0.00730	0.00457	0.00435	0.00129	0.04205	0.02960	0.00200	0.00536
19	0.00848	0.00644	0.00731	0.00649	0.00838	0.00658	0.00506	0.07788	0.27230	0.05952	0.21271	0.07227	0.11913	0.00693	0.00428	0.00127	0.00276	0.03477	0.00393	0.08353
20	0.00890	0.00929	0.07328	0.36571	0.06680	0.00974	0.15637	0.06829	0.00880	0.02974	0.00753	0.02291	0.00596	0.00451	0.00558	0.00137	0.14438	0.00381	0.00206	0.00497
21	0.00566	0.00404	0.00509	0.00541	0.00612	0.00385	0.00386	0.00740	0.05633	0.02516	0.25744	0.45231	0.08310	0.01017	0.00477	0.00145	0.00223	0.02631	0.03565	0.00364
22	0.00698	0.00548	0.02891	0.10033	0.08843	0.00521	0.02731	0.00860	0.03682	0.06783	0.05123	0.47101	0.01893	0.03173	0.00537	0.02727	0.00322	0.00801	0.00325	0.00407
23	0.00678	0.00474	0.00547	0.00510	0.00647	0.00443	0.00390	0.05237	0.04510	0.06582	0.30608	0.07294	0.33403	0.00844	0.00451	0.00129	0.00226	0.01950	0.04675	0.00402
24	0.00670	0.00479	0.00650	0.00677	0.01795	0.00491	0.01890	0.02919	0.02114	0.05137	0.05320	0.37449	0.03647	0.08559	0.01574	0.00185	0.06157	0.19566	0.00346	0.00374
25	0.00492	0.00381	0.00443	0.00471	0.00554	0.00338	0.00333	0.00590	0.00872	0.01115	0.15064	0.32617	0.39645	0.04556	0.00545	0.00152	0.00217	0.00911	0.00373	0.00332
26	0.01078	0.60941	0.07686	0.00847	0.04606	0.01373	0.03609	0.01240	0.00829	0.07677	0.00659	0.00754	0.00556	0.00379	0.00361	0.00100	0.06323	0.00257	0.00198	0.00528
27	0.00822	0.03330	0.15298	0.05799	0.05605	0.04706	0.15947	0.05645	0.06220	0.01272	0.05286	0.21457	0.03478	0.00648	0.00436	0.00135	0.00448	0.02709	0.00277	0.00484
28	0.00567	0.00448	0.00599	0.00670	0.04667	0.00458	0.00466	0.00667	0.00796	0.01061	0.06983	0.37590	0.16851	0.04789	0.06430	0.01144	0.07387	0.07746	0.00329	0.00352
29	0.01799	0.06680	0.03055	0.03322	0.06174	0.03316	0.07405	0.08354	0.05290	0.02810	0.01563	0.34751	0.03409	0.03889	0.00503	0.00150	0.00369	0.06405	0.00314	0.00443

[dist]
# distance from previous block
# <min> <max>
1	10

[block]
# block no. 4 follows, 68 sequences, length 9
# corresponding to MSA columns:
# 1482-1485,1502,1503,1505-1507
name=unknown_E
#
# <colnr> <probs for GDERKNQSTAVLIFYWHMCP>
#	G	D	E	R	K	N	Q	S	T	A	V	L	I	F	Y	W	H	M	C	P
0	0.00730	0.00655	0.00884	0.31536	0.05253	0.06345	0.00743	0.02743	0.00816	0.01063	0.01234	0.19910	0.02824	0.02396	0.12803	0.00215	0.02164	0.03967	0.03311	0.00406
1	0.00779	0.00665	0.00952	0.02919	0.06418	0.00746	0.07118	0.04525	0.06831	0.02489	0.10765	0.05542	0.07155	0.13632	0.04714	0.00203	0.18682	0.03961	0.01473	0.00428
2	0.00710	0.00498	0.00595	0.00545	0.00674	0.00488	0.00416	0.06559	0.05832	0.05794	0.42050	0.06141	0.17687	0.02432	0.01895	0.00141	0.01750	0.00668	0.04712	0.00414
3	0.00982	0.54884	0.20528	0.00900	0.04714	0.01347	0.02785	0.01224	0.03423	0.01053	0.00634	0.00744	0.00537	0.00371	0.00347	0.00102	0.04456	0.00256	0.00179	0.00532
4	0.08341	0.00738	0.04725	0.03701	0.05311	0.00705	0.00617	0.14662	0.04932	0.14459	0.14042	0.02824	0.04666	0.01788	0.05135	0.00156	0.00376	0.04101	0.06333	0.02388
5	0.00630	0.00451	0.00560	0.00561	0.00669	0.00435	0.02140	0.00842	0.07160	0.03445	0.12735	0.19342	0.21426	0.02469	0.02579	0.00157	0.00274	0.12574	0.11171	0.00381
6	0.00907	0.18879	0.24499	0.09495	0.10099	0.02781	0.02189	0.07032	0.00899	0.01214	0.00876	0.06046	0.01953	0.01585	0.00437	0.00124	0.04729	0.02947	0.00214	0.03095
7	0.00535	0.00385	0.00464	0.00498	0.00573	0.00347	0.00351	0.00626	0.00843	0.03471	0.10592	0.39820	0.28920	0.07597	0.00604	0.00165	0.00235	0.03267	0.00368	0.00336
8	0.00958	0.27722	0.34611	0.01003	0.05132	0.08861	0.04401	0.01235	0.00860	0.01136	0.00658	0.00778	0.00524	0.00356	0.00333	0.00103	0.00514	0.00268	0.00182	0.10365

[dist]
# distance from previous block
# <min> <max>
1	2

[block]
# block no. 5 follows, 68 sequences, length 31
# corresponding to MSA columns:
# 1510-1520,1532-1545,1548-1553
name=unknown_F
#
# <colnr> <probs for GDERKNQSTAVLIFYWHMCP>
#	G	D	E	R	K	N	Q	S	T	A	V	L	I	F	Y	W	H	M	C	P
0	0.01290	0.01046	0.03378	0.02663	0.16530	0.02757	0.00832	0.50024	0.07754	0.03516	0.05447	0.01108	0.00869	0.00471	0.00399	0.00120	0.00429	0.00380	0.00350	0.00635
1	0.00569	0.00395	0.00517	0.00578	0.00632	0.00379	0.00420	0.00687	0.02540	0.02952	0.07548	0.49778	0.04663	0.09193	0.00650	0.00182	0.00273	0.17340	0.00363	0.00341
2	0.00680	0.00626	0.00891	0.00807	0.00867	0.00750	0.05388	0.00787	0.00748	0.01039	0.04012	0.24316	0.15320	0.00897	0.00835	0.00160	0.36221	0.04992	0.00278	0.00388
3	0.00934	0.00818	0.00991	0.00746	0.01060	0.04440	0.06933	0.04979	0.08171	0.03862	0.00830	0.00954	0.00670	0.02043	0.00405	0.00089	0.03963	0.00295	0.00259	0.57557
4	0.00648	0.00488	0.00605	0.00583	0.00705	0.00459	0.02676	0.08488	0.00956	0.02955	0.09227	0.33480	0.25055	0.02908	0.00507	0.00147	0.00266	0.05583	0.00366	0.03898
5	0.00583	0.00430	0.00477	0.00477	0.00578	0.02312	0.00353	0.00716	0.00932	0.02434	0.25831	0.14172	0.30347	0.02701	0.02743	0.00148	0.00243	0.02161	0.12007	0.00356
6	0.18439	0.00605	0.00673	0.00571	0.00786	0.00597	0.00461	0.04353	0.03205	0.31157	0.05947	0.01593	0.07519	0.00535	0.00355	0.00119	0.00283	0.02578	0.19717	0.00507
7	0.86666	0.00775	0.00598	0.00531	0.00778	0.00898	0.00438	0.03209	0.00705	0.01797	0.00562	0.00652	0.00436	0.00371	0.00249	0.00123	0.00310	0.00218	0.00249	0.00436
8	0.00732	0.00684	0.00980	0.35091	0.06813	0.05228	0.05134	0.00941	0.00904	0.01181	0.16593	0.04027	0.13518	0.00579	0.00418	0.00126	0.00405	0.00510	0.02850	0.03288
9	0.08002	0.19168	0.07608	0.02067	0.17844	0.14016	0.10280	0.05656	0.04730	0.02457	0.00726	0.00863	0.00586	0.00391	0.00393	0.00115	0.04028	0.00311	0.00218	0.00541
10	0.06200	0.00654	0.00975	0.39976	0.01744	0.02606	0.05232	0.03202	0.00842	0.01141	0.01219	0.16595	0.01220	0.02171	0.00464	0.00149	0.00440	0.14499	0.00256	0.00414
11	0.07308	0.00796	0.03217	0.03050	0.19614	0.02099	0.00720	0.16386	0.02922	0.10676	0.05163	0.10794	0.02836	0.05040	0.02878	0.00154	0.01091	0.01418	0.03313	0.00526
12	0.01274	0.04518	0.01026	0.00895	0.01084	0.60967	0.00680	0.01408	0.02592	0.02982	0.10450	0.02443	0.03889	0.00565	0.02586	0.00122	0.00607	0.01211	0.00251	0.00449
13	0.00512	0.00382	0.00438	0.00457	0.00529	0.00345	0.00314	0.00578	0.00803	0.01020	0.09184	0.22807	0.37779	0.17364	0.00832	0.04940	0.00250	0.00820	0.00339	0.00308
14	0.01021	0.01040	0.03880	0.07837	0.46637	0.06939	0.16931	0.02820	0.02610	0.03956	0.00788	0.01001	0.00627	0.00373	0.00419	0.00122	0.01835	0.00370	0.00213	0.00583
15	0.01006	0.00957	0.03824	0.00970	0.02065	0.11695	0.11370	0.10044	0.07446	0.06511	0.01729	0.13874	0.01964	0.01372	0.04091	0.00163	0.16933	0.03213	0.00285	0.00489
16	0.00485	0.00396	0.00429	0.00440	0.00554	0.00341	0.00327	0.00593	0.00908	0.01121	0.11974	0.14156	0.62633	0.01017	0.00475	0.00138	0.00208	0.03093	0.00375	0.00338
17	0.01076	0.01278	0.29296	0.01065	0.01456	0.00900	0.15946	0.16857	0.05433	0.12611	0.01078	0.05793	0.00849	0.00491	0.00416	0.00130	0.00496	0.03953	0.00293	0.00583
18	0.01089	0.05852	0.22098	0.08139	0.12438	0.00998	0.06026	0.19250	0.05678	0.08534	0.00923	0.01087	0.00697	0.00440	0.00416	0.00125	0.02712	0.02635	0.00271	0.00591
19	0.01045	0.02389	0.21857	0.00978	0.01324	0.00847	0.15184	0.09985	0.09936	0.14522	0.05115	0.01364	0.05403	0.00487	0.00426	0.00126	0.02366	0.01042	0.05040	0.00563
20	0.00935	0.00752	0.00829	0.00739	0.00919	0.00854	0.00567	0.13643	0.45243	0.01533	0.01372	0.01580	0.01130	0.13759	0.14101	0.00250	0.00462	0.00450	0.00347	0.00533
21	0.10563	0.03861	0.03350	0.04865	0.20140	0.15506	0.08132	0.01293	0.00896	0.11260	0.00839	0.03222	0.00691	0.01972	0.00506	0.00130	0.09858	0.01127	0.01271	0.00520
22	0.01055	0.00785	0.00856	0.00754	0.00976	0.00874	0.00591	0.04826	0.60626	0.11152	0.06826	0.01541	0.01316	0.00543	0.00400	0.00130	0.00305	0.00452	0.05387	0.00604
23	0.01350	0.05703	0.10214	0.02962	0.06034	0.33179	0.06451	0.06764	0.03751	0.18477	0.00896	0.00944	0.00655	0.00419	0.00378	0.00114	0.00555	0.00323	0.00276	0.00554
24	0.00540	0.00414	0.00447	0.00432	0.00566	0.00352	0.00327	0.00659	0.00954	0.04594	0.18772	0.03554	0.65102	0.00947	0.00466	0.00132	0.00204	0.00796	0.00386	0.00356
25	0.00579	0.00449	0.00652	0.02971	0.00754	0.00519	0.00503	0.00715	0.00683	0.00968	0.05706	0.04209	0.05601	0.04839	0.64080	0.00524	0.05175	0.00482	0.00235	0.00356
26	0.00618	0.05039	0.00587	0.00528	0.00608	0.00468	0.00377	0.00753	0.05250	0.03272	0.08883	0.25299	0.13817	0.25276	0.02645	0.00222	0.00309	0.05376	0.00329	0.00344
27	0.00907	0.00755	0.00868	0.00627	0.00975	0.00615	0.00505	0.11042	0.00951	0.01441	0.00735	0.00838	0.00598	0.00316	0.00306	0.00066	0.00311	0.00250	0.00255	0.77637
28	0.01119	0.09054	0.05672	0.00835	0.01149	0.07434	0.05061	0.21398	0.11716	0.04979	0.00939	0.01038	0.00732	0.00500	0.03095	0.00121	0.00441	0.01753	0.00295	0.22668
29	0.00731	0.00527	0.00642	0.00593	0.00741	0.00476	0.00435	0.08017	0.00875	0.04266	0.01547	0.42369	0.01693	0.05713	0.00550	0.02733	0.00284	0.02502	0.01355	0.23951
30	0.05372	0.00453	0.00528	0.00542	0.00606	0.00458	0.00372	0.05193	0.04169	0.01840	0.02953	0.34988	0.06297	0.25898	0.00978	0.05029	0.00303	0.03370	0.00319	0.00334

[dist]
# distance from previous block
# <min> <max>
2	234

[block]
# block no. 6 follows, 68 sequences, length 11
# corresponding to MSA columns:
# 1826-1836
name=unknown_G
#
# <colnr> <probs for GDERKNQSTAVLIFYWHMCP>
#	G	D	E	R	K	N	Q	S	T	A	V	L	I	F	Y	W	H	M	C	P
0	0.03428	0.14864	0.02004	0.05144	0.08726	0.12378	0.00693	0.08256	0.08095	0.08023	0.04755	0.01213	0.00900	0.07700	0.05811	0.00169	0.03737	0.00362	0.01379	0.02363
1	0.01003	0.11203	0.05096	0.10366	0.05231	0.10076	0.09025	0.06958	0.03363	0.05569	0.04043	0.03865	0.00817	0.00544	0.04377	0.00132	0.00485	0.00361	0.00250	0.17239
2	0.02644	0.17262	0.03948	0.02004	0.01089	0.16158	0.02785	0.10425	0.03839	0.04212	0.03182	0.05867	0.00904	0.00498	0.00392	0.00109	0.03350	0.05503	0.00266	0.15565
3	0.00909	0.07830	0.15324	0.04571	0.15824	0.00943	0.15853	0.03987	0.12053	0.02786	0.03763	0.04249	0.03783	0.00487	0.00443	0.00128	0.03754	0.02514	0.00253	0.00546
4	0.00498	0.00398	0.00446	0.00445	0.00556	0.00345	0.00329	0.00622	0.00957	0.01223	0.27849	0.10952	0.52048	0.00967	0.00472	0.00134	0.00199	0.00827	0.00389	0.00345
5	0.00628	0.00424	0.00549	0.00536	0.00569	0.00451	0.00367	0.02777	0.00652	0.00888	0.04237	0.04722	0.05038	0.34580	0.18527	0.19969	0.04055	0.00514	0.00238	0.00280
6	0.00497	0.00390	0.00438	0.00460	0.00551	0.00345	0.00331	0.00591	0.00858	0.01075	0.09561	0.21722	0.47935	0.09177	0.00628	0.00165	0.00231	0.04355	0.00361	0.00327
7	0.01048	0.00842	0.00951	0.00812	0.01048	0.00937	0.04109	0.13965	0.54859	0.04912	0.03853	0.01528	0.05023	0.00545	0.00405	0.00130	0.00335	0.00456	0.03638	0.00602
8	0.61116	0.00863	0.00742	0.00627	0.00889	0.04837	0.00514	0.14007	0.00935	0.11209	0.00733	0.00776	0.00535	0.00401	0.00292	0.00121	0.00350	0.00260	0.00295	0.00497
9	0.02669	0.06460	0.37556	0.05538	0.11327	0.04548	0.05120	0.02863	0.04910	0.02980	0.00818	0.03742	0.00650	0.00405	0.00372	0.00117	0.00503	0.00337	0.00212	0.08871
10	0.02234	0.03042	0.05017	0.03884	0.04612	0.12069	0.04126	0.05813	0.11829	0.02459	0.15340	0.01696	0.05205	0.12487	0.01686	0.00165	0.04360	0.00463	0.00295	0.03217

[dist]
# distance from previous block
# <min> <max>
0	1

[block]
# block no. 7 follows, 68 sequences, length 16
# corresponding to MSA columns:
# 1838-1853
name=unknown_H
#
# <colnr> <probs for GDERKNQSTAVLIFYWHMCP>
#	G	D	E	R	K	N	Q	S	T	A	V	L	I	F	Y	W	H	M	C	P
0	0.00996	0.05325	0.19071	0.00884	0.01179	0.00882	0.07525	0.18635	0.03390	0.06182	0.00978	0.01341	0.00829	0.13865	0.02618	0.00175	0.05354	0.02865	0.02805	0.05101
1	0.14925	0.10272	0.12082	0.00846	0.01110	0.09826	0.06852	0.06889	0.00927	0.08434	0.01057	0.13319	0.00985	0.00579	0.00425	0.00129	0.04467	0.06114	0.00274	0.00489
2	0.00649	0.00487	0.00536	0.00508	0.00643	0.02097	0.00383	0.02941	0.05585	0.06124	0.26009	0.10107	0.40680	0.00887	0.00460	0.00132	0.00230	0.00756	0.00394	0.00392
3	0.02149	0.00820	0.07138	0.02611	0.06596	0.05313	0.11732	0.08050	0.00972	0.11567	0.01611	0.30468	0.07788	0.00741	0.00444	0.00137	0.00395	0.00667	0.00322	0.00478
4	0.00788	0.02731	0.03470	0.19226	0.06167	0.03544	0.08636	0.02841	0.03442	0.05837	0.01466	0.33298	0.03327	0.00750	0.00445	0.00141	0.00400	0.02755	0.00292	0.00443
5	0.01629	0.00708	0.00916	0.00722	0.01012	0.00656	0.00590	0.04580	0.12654	0.67626	0.03534	0.01394	0.01070	0.00505	0.00401	0.00124	0.00334	0.00412	0.00474	0.00661
6	0.00925	0.03906	0.04295	0.22429	0.52573	0.00919	0.01138	0.01167	0.00876	0.03131	0.00806	0.01143	0.00675	0.00400	0.00395	0.00123	0.00480	0.03850	0.00204	0.00566
7	0.01000	0.19393	0.08649	0.04416	0.12204	0.03129	0.13926	0.04989	0.07022	0.05699	0.00933	0.01122	0.03279	0.04782	0.00536	0.00134	0.07650	0.00369	0.00235	0.00532
8	0.00773	0.00708	0.03389	0.11177	0.21734	0.04274	0.00763	0.00982	0.03036	0.03081	0.05615	0.09934	0.13109	0.02528	0.00475	0.00142	0.00382	0.14619	0.02824	0.00454
9	0.00498	0.00371	0.00466	0.00527	0.00587	0.00339	0.00374	0.00591	0.00831	0.01081	0.08353	0.54176	0.21693	0.01144	0.00498	0.00154	0.00231	0.07381	0.00373	0.00332
10	0.04740	0.05645	0.07659	0.09167	0.02105	0.05422	0.00751	0.07327	0.06492	0.04999	0.01883	0.08483	0.00942	0.06105	0.06324	0.00188	0.18772	0.02274	0.00256	0.00468
11	0.00995	0.14818	0.23773	0.04014	0.11026	0.03762	0.17291	0.04797	0.04329	0.05357	0.00811	0.00952	0.00618	0.00388	0.00397	0.00119	0.02330	0.00341	0.03323	0.00558
12	0.00664	0.00478	0.00632	0.00649	0.03079	0.00472	0.02066	0.02924	0.03802	0.05962	0.11387	0.33270	0.15235	0.04073	0.05045	0.00181	0.02982	0.05388	0.01320	0.00389
13	0.00766	0.00525	0.00634	0.00611	0.02735	0.00509	0.00448	0.09922	0.03266	0.08565	0.21194	0.14382	0.21729	0.06557	0.03447	0.00168	0.00297	0.03443	0.00381	0.00420
14	0.03726	0.06059	0.12485	0.04796	0.05464	0.09763	0.09925	0.10747	0.03524	0.05193	0.04523	0.11737	0.02025	0.00647	0.03006	0.00144	0.00482	0.04972	0.00279	0.00505
15	0.08764	0.04344	0.03271	0.19692	0.14150	0.07835	0.06588	0.09347	0.02212	0.04265	0.10182	0.01226	0.00970	0.00464	0.00424	0.00125	0.03771	0.01605	0.00258	0.00509

[dist]
# distance from previous block
# <min> <max>
5	21

[block]
# block no. 8 follows, 68 sequences, length 18
# corresponding to MSA columns:
# 1916-1933
name=unknown_I
#
# <colnr> <probs for GDERKNQSTAVLIFYWHMCP>
#	G	D	E	R	K	N	Q	S	T	A	V	L	I	F	Y	W	H	M	C	P
0	0.00988	0.00925	0.03980	0.19845	0.49047	0.00930	0.05358	0.05329	0.03333	0.05228	0.00814	0.01028	0.00638	0.00380	0.00398	0.00123	0.00484	0.00362	0.00221	0.00586
1	0.00947	0.33704	0.07968	0.02053	0.03523	0.05578	0.02297	0.04737	0.06065	0.03539	0.01170	0.08127	0.07618	0.06769	0.00469	0.00129	0.00409	0.00413	0.00247	0.04236
2	0.00837	0.00631	0.00737	0.00639	0.00818	0.03056	0.03086	0.08611	0.12690	0.07280	0.26523	0.02232	0.16769	0.00826	0.05775	0.00155	0.00333	0.00568	0.03789	0.04646
3	0.01196	0.02453	0.06487	0.00852	0.02108	0.16407	0.03353	0.15099	0.09846	0.15770	0.07361	0.03951	0.06402	0.00551	0.00412	0.00121	0.01319	0.02496	0.00342	0.03473
4	0.03140	0.00407	0.00481	0.00504	0.00596	0.00376	0.00378	0.00668	0.00906	0.01219	0.22190	0.21244	0.28825	0.03930	0.00529	0.00151	0.00234	0.11197	0.02679	0.00346
5	0.01077	0.00832	0.00900	0.00756	0.00984	0.04238	0.00595	0.31099	0.11019	0.05013	0.03645	0.19243	0.01264	0.00642	0.00423	0.00122	0.01695	0.02132	0.00360	0.13960
6	0.01016	0.02243	0.03951	0.01054	0.16562	0.01696	0.04547	0.06660	0.03300	0.10838	0.00905	0.01063	0.00716	0.00454	0.02841	0.00111	0.00400	0.02210	0.01311	0.38119
7	0.07959	0.03446	0.08133	0.17866	0.01353	0.03558	0.00744	0.08697	0.10204	0.14587	0.06259	0.09496	0.01100	0.00615	0.02960	0.00143	0.00418	0.00447	0.00315	0.01702
8	0.00982	0.00938	0.01578	0.02361	0.79929	0.00944	0.01191	0.01256	0.04541	0.01311	0.00784	0.01003	0.00654	0.00361	0.00393	0.00119	0.00464	0.00357	0.00205	0.00628
9	0.00514	0.00408	0.00513	0.00607	0.05480	0.00369	0.00399	0.00614	0.00844	0.01084	0.06833	0.43496	0.33433	0.01074	0.00484	0.00147	0.00234	0.02757	0.00361	0.00349
10	0.01007	0.66007	0.01766	0.03381	0.01019	0.01335	0.00656	0.01131	0.00808	0.04888	0.00804	0.11140	0.00792	0.00471	0.00333	0.00101	0.03321	0.00342	0.00210	0.00489
11	0.00895	0.00641	0.00718	0.00665	0.00777	0.06766	0.00496	0.14929	0.02326	0.06212	0.01191	0.14756	0.01171	0.08732	0.15966	0.19725	0.00502	0.02857	0.00286	0.00387
12	0.00523	0.00408	0.00481	0.00520	0.00614	0.00373	0.00392	0.00663	0.03377	0.01120	0.07564	0.28725	0.38276	0.01067	0.00491	0.00150	0.00240	0.14298	0.00373	0.00347
13	0.03692	0.00534	0.00729	0.04099	0.12055	0.01988	0.02921	0.00820	0.03339	0.01209	0.12920	0.36869	0.07894	0.03093	0.00488	0.00145	0.00294	0.00767	0.05746	0.00399
14	0.00731	0.00598	0.00706	0.00774	0.06397	0.03792	0.00532	0.07539	0.13544	0.01291	0.05592	0.44531	0.04370	0.00941	0.00468	0.00148	0.00302	0.06954	0.00361	0.00430
15	0.04796	0.09839	0.20508	0.00938	0.05916	0.06471	0.02471	0.07856	0.03475	0.02334	0.04752	0.01221	0.00861	0.10307	0.08882	0.00203	0.08082	0.00367	0.00233	0.00489
16	0.00853	0.00848	0.01107	0.41370	0.11775	0.12349	0.00916	0.01050	0.00811	0.01025	0.00771	0.01136	0.00652	0.04819	0.11425	0.00205	0.05905	0.00359	0.02180	0.00443
17	0.00841	0.02526	0.01227	0.03556	0.08719	0.00709	0.21552	0.04415	0.02765	0.06103	0.01401	0.25142	0.02694	0.00695	0.00468	0.00137	0.02112	0.07803	0.00295	0.06838

[dist]
# distance from previous block
# <min> <max>
0	1

[block]
# block no. 9 follows, 68 sequences, length 17
# corresponding to MSA columns:
# 1936-1944,1960-1967
name=unknown_J
#
# <colnr> <probs for GDERKNQSTAVLIFYWHMCP>
#	G	D	E	R	K	N	Q	S	T	A	V	L	I	F	Y	W	H	M	C	P
0	0.02328	0.32948	0.14964	0.04385	0.06801	0.02809	0.12183	0.08357	0.02761	0.01234	0.00753	0.02993	0.00630	0.00480	0.03287	0.00128	0.00509	0.00325	0.00210	0.01914
1	0.00996	0.18634	0.23732	0.03796	0.25512	0.03641	0.03211	0.03901	0.05521	0.04572	0.02392	0.00949	0.00672	0.00388	0.00364	0.00115	0.00486	0.00323	0.00217	0.00578
2	0.00512	0.00388	0.00474	0.00498	0.00582	0.00350	0.00364	0.00635	0.00928	0.01225	0.28712	0.29571	0.27908	0.01023	0.00484	0.00142	0.00215	0.05255	0.00390	0.00345
3	0.00897	0.00832	0.01188	0.27742	0.20386	0.07515	0.06248	0.03895	0.04161	0.03829	0.01113	0.07419	0.04414	0.05168	0.00502	0.00144	0.00473	0.03344	0.00244	0.00487
4	0.02557	0.06412	0.08335	0.09622	0.37504	0.09598	0.04997	0.06766	0.03554	0.03064	0.00764	0.00944	0.00610	0.00391	0.00410	0.00119	0.03224	0.00337	0.00218	0.00572
5	0.00485	0.00384	0.00437	0.00462	0.00555	0.00336	0.00332	0.00587	0.00886	0.01119	0.13673	0.29850	0.47382	0.01055	0.00480	0.00141	0.00208	0.00914	0.00377	0.00336
6	0.00648	0.00476	0.00629	0.00696	0.00799	0.00475	0.00595	0.02794	0.03731	0.01216	0.02259	0.07359	0.10721	0.01057	0.00529	0.00173	0.00343	0.64755	0.00368	0.00377
7	0.00836	0.02692	0.26257	0.00865	0.01151	0.05089	0.06082	0.07353	0.02869	0.04181	0.01434	0.13150	0.10005	0.06813	0.02978	0.00166	0.03306	0.03097	0.01199	0.00476
8	0.01095	0.19412	0.03058	0.04765	0.34150	0.04416	0.00895	0.01360	0.07431	0.13192	0.01892	0.01153	0.03636	0.00426	0.00368	0.00114	0.00430	0.01369	0.00259	0.00578
9	0.01042	0.01172	0.00912	0.00848	0.00975	0.40550	0.00643	0.01183	0.03740	0.00967	0.00862	0.03581	0.00802	0.06430	0.26615	0.00294	0.08385	0.00367	0.00218	0.00413
10	0.53406	0.00838	0.00942	0.03465	0.01077	0.02748	0.11962	0.05870	0.00841	0.08023	0.02225	0.00845	0.00584	0.00393	0.00332	0.00123	0.02124	0.00291	0.00265	0.03645
11	0.01109	0.00812	0.00888	0.00752	0.00981	0.00890	0.00597	0.23836	0.36830	0.08236	0.11853	0.01570	0.03394	0.00559	0.00403	0.00125	0.00322	0.00458	0.05795	0.00589
12	0.00629	0.00495	0.00591	0.00577	0.00609	0.03893	0.00401	0.00689	0.00630	0.00853	0.01150	0.06059	0.01241	0.44810	0.28454	0.00427	0.07435	0.00523	0.00231	0.00305
13	0.00494	0.00400	0.00438	0.00434	0.00552	0.00345	0.00323	0.00616	0.00956	0.01208	0.25176	0.06879	0.58867	0.00962	0.00470	0.00133	0.00198	0.00816	0.00386	0.00345
14	0.00945	0.04356	0.03635	0.05920	0.12459	0.06391	0.25115	0.04195	0.05458	0.05196	0.01165	0.12493	0.02848	0.00557	0.00462	0.00134	0.03210	0.04689	0.00263	0.00510
15	0.00546	0.00387	0.00476	0.00497	0.00540	0.00372	0.00335	0.00624	0.00778	0.01046	0.18261	0.22432	0.08917	0.33931	0.04102	0.00256	0.00317	0.05551	0.00327	0.00306
16	0.00930	0.00815	0.00860	0.00662	0.00979	0.06641	0.00523	0.01269	0.15576	0.03987	0.00889	0.00949	0.00706	0.00352	0.00321	0.00077	0.00329	0.00280	0.00271	0.63584

[dist]
# distance from previous block
# <min> <max>
1	7

[block]
# block no. 10 follows, 68 sequences, length 22
# corresponding to MSA columns:
# 1981-1985,1998,1999,2007-2021
name=unknown_K
#
# <colnr> <probs for GDERKNQSTAVLIFYWHMCP>
#	G	D	E	R	K	N	Q	S	T	A	V	L	I	F	Y	W	H	M	C	P
0	0.14492	0.03936	0.05635	0.00820	0.01082	0.11026	0.02690	0.31180	0.05765	0.01738	0.01009	0.01167	0.03310	0.00721	0.08587	0.00170	0.00502	0.02906	0.02731	0.00535
1	0.00862	0.03518	0.08356	0.00876	0.07400	0.00761	0.02371	0.14494	0.11415	0.01476	0.09220	0.11185	0.05071	0.03321	0.02939	0.00155	0.02219	0.08291	0.04877	0.01194
2	0.00515	0.00403	0.00469	0.00469	0.00578	0.00357	0.00355	0.00652	0.00977	0.01270	0.33589	0.08706	0.43120	0.00952	0.00476	0.00135	0.00208	0.06024	0.00394	0.00351
3	0.00859	0.06517	0.14586	0.22676	0.05909	0.02104	0.05199	0.06106	0.13515	0.01282	0.01232	0.03714	0.08067	0.00512	0.00418	0.00129	0.02222	0.02360	0.02084	0.00510
4	0.00540	0.00396	0.00468	0.00459	0.00531	0.00365	0.00317	0.00647	0.00895	0.01202	0.36991	0.06650	0.22017	0.25740	0.00922	0.00204	0.00250	0.00722	0.00360	0.00323
5	0.00834	0.00875	0.01767	0.05749	0.01684	0.00862	0.53306	0.01115	0.02694	0.01177	0.03646	0.01339	0.00840	0.08831	0.10674	0.00219	0.03228	0.00471	0.00216	0.00474
6	0.52756	0.00836	0.00789	0.00648	0.00922	0.00922	0.00535	0.21261	0.01045	0.15721	0.00820	0.00838	0.00582	0.00415	0.00308	0.00122	0.00344	0.00281	0.00324	0.00531
7	0.06068	0.13648	0.03947	0.00774	0.01036	0.07732	0.05438	0.13925	0.15462	0.01485	0.04735	0.04169	0.07809	0.00512	0.00367	0.00113	0.00386	0.00412	0.04566	0.07417
8	0.01113	0.09793	0.14942	0.00907	0.01189	0.04929	0.02596	0.31225	0.03802	0.01644	0.01994	0.05806	0.00785	0.00520	0.00507	0.00125	0.12352	0.00380	0.04837	0.00555
9	0.06894	0.08080	0.00964	0.13399	0.06391	0.08733	0.00650	0.03962	0.07544	0.07488	0.12024	0.10250	0.07851	0.00596	0.00394	0.00122	0.00374	0.00496	0.00305	0.03485
10	0.00821	0.07488	0.16105	0.00758	0.00991	0.03131	0.03404	0.01062	0.05348	0.08370	0.12375	0.19774	0.05392	0.03405	0.00519	0.00138	0.05288	0.00581	0.00306	0.04744
11	0.00922	0.02593	0.00907	0.00788	0.00917	0.11939	0.01990	0.08103	0.03517	0.05511	0.04028	0.20561	0.03779	0.03697	0.03544	0.00164	0.18375	0.03109	0.00293	0.05265
12	0.00526	0.00402	0.00485	0.00498	0.00589	0.00367	0.00365	0.00679	0.02998	0.01269	0.33113	0.24623	0.27924	0.00985	0.00479	0.00139	0.00212	0.03599	0.00394	0.00355
13	0.00999	0.19106	0.45922	0.01041	0.01499	0.11340	0.06804	0.03878	0.00915	0.03985	0.00709	0.00818	0.00533	0.00377	0.00357	0.00115	0.00561	0.00290	0.00193	0.00557
14	0.00838	0.05643	0.08955	0.39680	0.04494	0.03459	0.05468	0.05410	0.00911	0.03624	0.03655	0.03703	0.09163	0.00511	0.00406	0.00129	0.00473	0.02770	0.00237	0.00471
15	0.01060	0.00688	0.00789	0.00687	0.00892	0.00725	0.00539	0.06742	0.35297	0.18726	0.16756	0.04256	0.03622	0.00601	0.00409	0.00127	0.00289	0.00506	0.06731	0.00559
16	0.00597	0.00460	0.00542	0.06409	0.00761	0.00431	0.00418	0.00785	0.05407	0.04744	0.17642	0.06812	0.48255	0.00894	0.00462	0.00135	0.00242	0.04250	0.00374	0.00381
17	0.00882	0.03564	0.06565	0.40196	0.27222	0.02826	0.01079	0.03070	0.00873	0.03018	0.02499	0.03378	0.00695	0.00422	0.00410	0.00126	0.02081	0.00372	0.00205	0.00516
18	0.01956	0.14488	0.27111	0.04538	0.01321	0.03372	0.03631	0.12329	0.01036	0.12551	0.04857	0.04081	0.03383	0.00492	0.00382	0.00121	0.00458	0.03061	0.00278	0.00551
19	0.00517	0.00380	0.00445	0.00468	0.00525	0.00351	0.00313	0.00590	0.00795	0.01034	0.13135	0.27583	0.25150	0.25830	0.00931	0.00214	0.00261	0.00831	0.00340	0.00309
20	0.03021	0.00696	0.00748	0.00743	0.00894	0.06899	0.00606	0.03829	0.23001	0.03984	0.05354	0.07121	0.04342	0.00830	0.00470	0.00153	0.00358	0.36122	0.00369	0.00461
21	0.07539	0.00820	0.01023	0.04492	0.01139	0.07222	0.11896	0.12598	0.06417	0.13650	0.01551	0.14394	0.10239	0.00639	0.00431	0.00132	0.01394	0.02686	0.00336	0.01404

[dist]
# distance from previous block
# <min> <max>
0	1

[block]
# block no. 11 follows, 68 sequences, length 15
# corresponding to MSA columns:
# 2023-2029,2046-2053
name=unknown_L
#
# <colnr> <probs for GDERKNQSTAVLIFYWHMCP>
#	G	D	E	R	K	N	Q	S	T	A	V	L	I	F	Y	W	H	M	C	P
0	0.00513	0.00384	0.00469	0.00518	0.00583	0.00353	0.00366	0.01868	0.00842	0.01092	0.08482	0.48466	0.24291	0.04828	0.00560	0.00161	0.00236	0.05286	0.00368	0.00333
1	0.05737	0.00663	0.00782	0.00676	0.00877	0.02139	0.00527	0.12758	0.07379	0.29962	0.11341	0.22379	0.01655	0.00709	0.00425	0.00132	0.00310	0.00603	0.00416	0.00531
2	0.22129	0.00859	0.03965	0.00730	0.00931	0.04527	0.00613	0.14410	0.09046	0.06500	0.03679	0.01176	0.00850	0.00511	0.00484	0.00128	0.13090	0.02791	0.13082	0.00499
3	0.04242	0.05258	0.13867	0.06770	0.01702	0.06738	0.37122	0.05597	0.04120	0.01313	0.03278	0.01033	0.00689	0.00418	0.01366	0.00131	0.02668	0.00389	0.00220	0.03078
4	0.00636	0.00445	0.00548	0.00527	0.00608	0.00457	0.00380	0.04526	0.00767	0.03540	0.04493	0.02357	0.18059	0.28524	0.29455	0.00381	0.00565	0.00561	0.02831	0.00340
5	0.00619	0.00462	0.00643	0.00625	0.00714	0.00516	0.00484	0.05892	0.00778	0.01095	0.09471	0.04325	0.04900	0.03759	0.63222	0.00513	0.00861	0.00491	0.00259	0.00373
6	0.05420	0.01115	0.21408	0.00829	0.01115	0.04426	0.00799	0.17785	0.11327	0.01576	0.11715	0.01409	0.04702	0.00730	0.07272	0.00167	0.04300	0.00414	0.02967	0.00525
7	0.08549	0.00584	0.00731	0.00613	0.00827	0.00539	0.00487	0.03948	0.01066	0.41769	0.20874	0.09604	0.07404	0.00660	0.00417	0.00127	0.00283	0.00554	0.00435	0.00528
8	0.06177	0.03191	0.04452	0.03570	0.01366	0.10448	0.19005	0.25351	0.11329	0.02855	0.00943	0.01071	0.00720	0.02943	0.01887	0.00138	0.00505	0.00376	0.03116	0.00557
9	0.02906	0.00401	0.00512	0.00521	0.00584	0.00385	0.00367	0.00687	0.00741	0.06135	0.06766	0.21876	0.12675	0.12043	0.04275	0.22373	0.00319	0.04111	0.02016	0.00308
10	0.00812	0.00584	0.00716	0.03655	0.02716	0.05120	0.03088	0.06898	0.04870	0.03299	0.01369	0.04460	0.12681	0.03146	0.02611	0.38287	0.00375	0.01574	0.03401	0.00337
11	0.00623	0.00436	0.00523	0.00528	0.00622	0.00408	0.00385	0.03763	0.00862	0.04217	0.08110	0.25860	0.21375	0.14224	0.02859	0.00192	0.00290	0.08237	0.03014	0.03472
12	0.00894	0.06594	0.01090	0.06386	0.01124	0.05030	0.09609	0.02508	0.07239	0.08179	0.06862	0.15281	0.03586	0.02665	0.00610	0.00145	0.14335	0.04945	0.00295	0.02622
13	0.05746	0.10298	0.08464	0.01070	0.09244	0.09822	0.13229	0.03649	0.03975	0.05550	0.00839	0.03758	0.00696	0.00413	0.00389	0.00109	0.02881	0.01457	0.00239	0.18172
14	0.09645	0.07071	0.00951	0.02719	0.04023	0.08973	0.03052	0.09512	0.04666	0.04814	0.06711	0.03438	0.08003	0.03561	0.00429	0.00122	0.00375	0.04767	0.02453	0.14716

[dist]
# distance from previous block
# <min> <max>
7	29

[block]
# block no. 12 follows, 68 sequences, length 9
# corresponding to MSA columns:
# 2111-2119
name=unknown_M
#
# <colnr> <probs for GDERKNQSTAVLIFYWHMCP>
#	G	D	E	R	K	N	Q	S	T	A	V	L	I	F	Y	W	H	M	C	P
0	0.05368	0.03427	0.06408	0.01199	0.12140	0.14628	0.14261	0.12450	0.06574	0.11509	0.01851	0.01048	0.00725	0.01914	0.01876	0.00135	0.03284	0.00363	0.00278	0.00561
1	0.04954	0.06339	0.01197	0.04275	0.04408	0.10836	0.06454	0.28989	0.06705	0.03283	0.01070	0.03272	0.05181	0.00630	0.04666	0.00149	0.06357	0.00392	0.00298	0.00544
2	0.18699	0.07251	0.03340	0.02894	0.10532	0.06580	0.02801	0.07190	0.06232	0.01421	0.08221	0.08708	0.11432	0.00576	0.00376	0.00122	0.00366	0.00471	0.00289	0.02499
3	0.01136	0.00722	0.00914	0.03846	0.13607	0.04621	0.00639	0.09719	0.01126	0.26295	0.19621	0.01840	0.10449	0.00587	0.00415	0.00122	0.00340	0.00496	0.02969	0.00537
4	0.04734	0.14683	0.18890	0.00752	0.01052	0.00883	0.00733	0.06266	0.16085	0.08604	0.04605	0.04804	0.11167	0.04497	0.00455	0.00134	0.00381	0.00448	0.00304	0.00522
5	0.00709	0.00446	0.00539	0.00534	0.00648	0.00427	0.00415	0.00909	0.05350	0.08059	0.18901	0.10603	0.15521	0.04192	0.00502	0.00144	0.00251	0.14542	0.16916	0.00393
6	0.04298	0.00779	0.00997	0.04753	0.05010	0.04055	0.09509	0.13050	0.12691	0.03932	0.15796	0.04161	0.10797	0.00658	0.02898	0.00139	0.00388	0.00509	0.00335	0.05246
7	0.00774	0.00565	0.00646	0.00657	0.05135	0.04366	0.00444	0.04174	0.04100	0.08513	0.08206	0.07619	0.17188	0.25709	0.08429	0.00250	0.00400	0.02117	0.00319	0.00389
8	0.00969	0.13187	0.12536	0.02449	0.13007	0.03458	0.04270	0.09365	0.19068	0.01406	0.04278	0.07064	0.00980	0.00495	0.00403	0.00121	0.02314	0.00412	0.00277	0.03941

[dist]
# distance from previous block
# <min> <max>
0	3

[block]
# block no. 13 follows, 68 sequences, length 14
# corresponding to MSA columns:
# 2123-2136
name=unknown_N
#
# <colnr> <probs for GDERKNQSTAVLIFYWHMCP>
#	G	D	E	R	K	N	Q	S	T	A	V	L	I	F	Y	W	H	M	C	P
0	0.03347	0.04575	0.00961	0.00831	0.00994	0.33963	0.02846	0.07623	0.00999	0.03826	0.02325	0.12812	0.01095	0.03643	0.04892	0.04791	0.02343	0.07436	0.00268	0.00430
1	0.10816	0.00913	0.01155	0.00913	0.01158	0.10567	0.21334	0.11940	0.06286	0.05373	0.00993	0.01173	0.00773	0.04686	0.00448	0.00130	0.00442	0.00379	0.20030	0.00493
2	0.00545	0.00378	0.00435	0.00455	0.00487	0.00361	0.00285	0.00585	0.00692	0.00915	0.03817	0.21217	0.15314	0.46729	0.01322	0.01876	0.00308	0.00734	0.03266	0.00280
3	0.03242	0.04673	0.26325	0.02048	0.01168	0.03406	0.05044	0.04398	0.08954	0.01355	0.18478	0.07403	0.03669	0.02189	0.02716	0.00147	0.03525	0.00487	0.00284	0.00489
4	0.00540	0.00399	0.00469	0.00480	0.00568	0.00360	0.00347	0.00648	0.00891	0.02609	0.21592	0.17607	0.33789	0.12201	0.00683	0.00172	0.00239	0.05699	0.00369	0.00337
5	0.00827	0.00724	0.00760	0.00690	0.00814	0.09314	0.00537	0.03636	0.13299	0.03400	0.16822	0.01949	0.13656	0.03294	0.09489	0.00192	0.13348	0.00512	0.06301	0.00435
6	0.82855	0.00742	0.00570	0.00513	0.00751	0.00852	0.00421	0.01125	0.00690	0.01731	0.00788	0.00860	0.06074	0.00411	0.00261	0.00123	0.00300	0.00257	0.00254	0.00423
7	0.01123	0.09986	0.03346	0.00898	0.04299	0.12080	0.03329	0.26345	0.08482	0.02694	0.01130	0.13498	0.01029	0.02563	0.00454	0.00130	0.02491	0.02523	0.03069	0.00531
8	0.00987	0.23806	0.15041	0.04449	0.05348	0.06240	0.09125	0.03795	0.00849	0.02890	0.00674	0.00852	0.00557	0.00435	0.00542	0.00121	0.18167	0.00308	0.02330	0.03486
9	0.06011	0.20871	0.06578	0.00939	0.07793	0.01984	0.01831	0.19537	0.11298	0.06015	0.02477	0.01003	0.00748	0.01398	0.01344	0.01718	0.05635	0.00332	0.00282	0.02206
10	0.01200	0.08282	0.24935	0.00986	0.04360	0.07050	0.03499	0.15362	0.04421	0.17646	0.02475	0.01011	0.00727	0.00436	0.00408	0.00119	0.03299	0.00337	0.00292	0.03154
11	0.00610	0.00505	0.00570	0.00544	0.00656	0.03241	0.00415	0.00831	0.07114	0.01366	0.42605	0.06074	0.25678	0.00854	0.00497	0.00133	0.03562	0.03970	0.00391	0.00385
12	0.00956	0.03227	0.04395	0.16500	0.34238	0.06576	0.03537	0.03933	0.04050	0.03663	0.05905	0.02840	0.00916	0.00467	0.00439	0.00126	0.03912	0.03542	0.00238	0.00539
13	0.02789	0.09876	0.04751	0.06141	0.15009	0.00874	0.08769	0.09582	0.04643	0.16789	0.01242	0.04627	0.06429	0.00585	0.03685	0.00141	0.00443	0.00424	0.02648	0.00553

[dist]
# distance from previous block
# <min> <max>
6	32

[block]
# block no. 14 follows, 68 sequences, length 34
# corresponding to MSA columns:
# 2171-2196,2199-2206
name=unknown_O
#
# <colnr> <probs for GDERKNQSTAVLIFYWHMCP>
#	G	D	E	R	K	N	Q	S	T	A	V	L	I	F	Y	W	H	M	C	P
0	0.03408	0.04529	0.00872	0.05747	0.00981	0.07354	0.00553	0.18135	0.04351	0.12681	0.02006	0.04618	0.02685	0.16047	0.00667	0.00162	0.00385	0.00424	0.08422	0.05972
1	0.02593	0.04298	0.03779	0.03189	0.04306	0.03095	0.15999	0.01044	0.02931	0.03775	0.06066	0.09841	0.04961	0.02371	0.02762	0.00144	0.11324	0.02050	0.02080	0.13391
