[name]
unknown

[dist]
# distance from previous block
# <min> <max>
5	153

[block]
# block no. 0 follows, 67 sequences, length 7
# corresponding to MSA columns:
# 210-216
name=unknown_A
#
# <colnr> <probs for GDERKNQSTAVLIFYWHMCP>
#	G	D	E	R	K	N	Q	S	T	A	V	L	I	F	Y	W	H	M	C	P
0	0.10714	0.10641	0.38894	0.00974	0.01392	0.00942	0.08528	0.01255	0.00867	0.08277	0.06012	0.01006	0.00764	0.00422	0.00410	0.00122	0.04445	0.00332	0.00229	0.03775
1	0.06824	0.04455	0.32546	0.06477	0.01347	0.00818	0.05082	0.04098	0.02159	0.06243	0.03076	0.02516	0.04434	0.02600	0.07941	0.05800	0.02471	0.00383	0.00234	0.00497
2	0.00733	0.03353	0.08212	0.04916	0.01055	0.05679	0.10346	0.00908	0.00900	0.04272	0.03867	0.16681	0.30141	0.00761	0.00441	0.00130	0.00366	0.00665	0.00305	0.06268
3	0.03804	0.12836	0.15063	0.02575	0.03231	0.09071	0.03210	0.05485	0.06535	0.19713	0.05514	0.01314	0.00967	0.00483	0.00382	0.00120	0.00444	0.05090	0.00307	0.03856
4	0.07252	0.08868	0.16809	0.00815	0.01161	0.04703	0.02759	0.01514	0.06397	0.29835	0.01133	0.01253	0.00837	0.00462	0.00373	0.00118	0.00416	0.05072	0.00326	0.09898
5	0.01040	0.45380	0.18811	0.00834	0.01180	0.14175	0.00842	0.01283	0.05156	0.01061	0.00767	0.06394	0.00693	0.00433	0.00324	0.00105	0.00490	0.00312	0.00202	0.00517
6	0.06326	0.11460	0.32887	0.00900	0.01291	0.02960	0.02558	0.12385	0.05829	0.05220	0.03923	0.05014	0.00837	0.01886	0.00398	0.00124	0.00462	0.00365	0.00261	0.04913

[dist]
# distance from previous block
# <min> <max>
2	27

[block]
# block no. 1 follows, 67 sequences, length 13
# corresponding to MSA columns:
# 251-263
name=unknown_B
#
# <colnr> <probs for GDERKNQSTAVLIFYWHMCP>
#	G	D	E	R	K	N	Q	S	T	A	V	L	I	F	Y	W	H	M	C	P
0	0.00691	0.00503	0.00642	0.07462	0.00878	0.00524	0.00499	0.00999	0.17495	0.06003	0.01934	0.56687	0.02092	0.00997	0.00475	0.00153	0.00281	0.00893	0.00371	0.00419
1	0.01039	0.22303	0.19265	0.04929	0.03545	0.04167	0.02626	0.01301	0.04491	0.15967	0.04726	0.05387	0.07588	0.00513	0.00376	0.00118	0.00429	0.00413	0.00280	0.00536
2	0.15080	0.43061	0.13252	0.00795	0.01139	0.03903	0.02022	0.11151	0.00934	0.01328	0.00635	0.00731	0.00523	0.00386	0.00337	0.00107	0.03619	0.00255	0.00213	0.00529
3	0.00640	0.00874	0.24182	0.00727	0.00933	0.00555	0.00706	0.00838	0.00769	0.02629	0.05991	0.22945	0.03566	0.10742	0.20508	0.01554	0.00552	0.00615	0.00266	0.00408
4	0.00951	0.23010	0.07074	0.00769	0.04184	0.03695	0.00660	0.03255	0.07505	0.01261	0.00752	0.00844	0.00620	0.00346	0.00310	0.00082	0.00378	0.00262	0.00231	0.43811
5	0.00951	0.29739	0.10871	0.00724	0.01040	0.03238	0.00683	0.11582	0.00973	0.01281	0.01129	0.10419	0.07496	0.00514	0.00347	0.00103	0.00391	0.00403	0.00254	0.17864
6	0.05788	0.60818	0.08753	0.00725	0.01048	0.04693	0.00716	0.01204	0.03883	0.01053	0.00748	0.07589	0.00710	0.00432	0.00298	0.00100	0.00428	0.00307	0.00202	0.00504
7	0.00976	0.00822	0.04928	0.07577	0.01132	0.00839	0.00659	0.08643	0.41283	0.08130	0.08789	0.01796	0.11494	0.00598	0.00419	0.00132	0.00336	0.00498	0.00383	0.00566
8	0.00887	0.21541	0.45047	0.01026	0.01484	0.01041	0.09678	0.01237	0.02583	0.02882	0.02102	0.04357	0.00694	0.00456	0.01684	0.00127	0.00533	0.00344	0.00200	0.02098
9	0.00876	0.09914	0.42532	0.00933	0.01332	0.02107	0.03473	0.04567	0.02872	0.05274	0.09187	0.01208	0.00967	0.01840	0.09344	0.00180	0.00556	0.00367	0.01936	0.00535
10	0.00495	0.00397	0.00465	0.03580	0.00641	0.00357	0.00363	0.00596	0.00869	0.01090	0.07847	0.33621	0.46116	0.01070	0.00485	0.00145	0.00225	0.00929	0.00369	0.00340
11	0.00983	0.38338	0.23905	0.00843	0.01201	0.08194	0.02217	0.01203	0.00869	0.04107	0.00962	0.03096	0.05026	0.01808	0.00382	0.00116	0.01539	0.04483	0.00213	0.00512
12	0.00576	0.00369	0.00473	0.00533	0.00583	0.00345	0.00367	0.00672	0.00815	0.04241	0.06385	0.65062	0.04274	0.01094	0.00474	0.00150	0.00228	0.00982	0.12028	0.00349

[dist]
# distance from previous block
# <min> <max>
0	6

[block]
# block no. 2 follows, 67 sequences, length 10
# corresponding to MSA columns:
# 270-279
name=unknown_C
#
# <colnr> <probs for GDERKNQSTAVLIFYWHMCP>
#	G	D	E	R	K	N	Q	S	T	A	V	L	I	F	Y	W	H	M	C	P
0	0.04062	0.00572	0.00713	0.00639	0.00797	0.00576	0.04384	0.06247	0.12115	0.05589	0.21516	0.11010	0.20640	0.00995	0.08139	0.00181	0.00348	0.00661	0.00375	0.00442
1	0.00893	0.00912	0.01267	0.13024	0.01348	0.05172	0.04229	0.01017	0.00680	0.00988	0.00569	0.00906	0.00531	0.00630	0.01105	0.00164	0.65588	0.00352	0.00178	0.00445
2	0.02663	0.00630	0.00750	0.00673	0.00838	0.00638	0.02517	0.23225	0.01140	0.08565	0.01952	0.33002	0.13043	0.00856	0.00449	0.00139	0.00309	0.02886	0.05256	0.00468
3	0.00794	0.00749	0.01243	0.55146	0.24112	0.00857	0.01071	0.01039	0.00842	0.01106	0.01031	0.01305	0.08144	0.00446	0.00407	0.00130	0.00489	0.00402	0.00201	0.00486
4	0.00508	0.00394	0.00465	0.00499	0.00589	0.00351	0.00368	0.00619	0.00900	0.01149	0.14446	0.29740	0.39064	0.01073	0.00493	0.00147	0.00226	0.08244	0.00382	0.00343
5	0.08399	0.00890	0.03184	0.16083	0.08679	0.02859	0.05399	0.13171	0.13401	0.16689	0.02555	0.02871	0.00850	0.00475	0.00420	0.00129	0.02657	0.00394	0.00322	0.00574
6	0.01391	0.10385	0.04083	0.00889	0.01200	0.07479	0.00754	0.49855	0.12535	0.05936	0.01004	0.00997	0.00733	0.00467	0.00383	0.00118	0.00445	0.00350	0.00359	0.00638
7	0.00562	0.00473	0.03015	0.00537	0.00653	0.00404	0.00419	0.00721	0.03942	0.01143	0.05037	0.26774	0.32786	0.03609	0.00522	0.00152	0.00256	0.10763	0.04811	0.03419
8	0.01031	0.07965	0.15953	0.06682	0.05297	0.02369	0.00811	0.12009	0.06020	0.08938	0.03757	0.03973	0.00836	0.00437	0.00366	0.00107	0.00412	0.00354	0.00281	0.22402
9	0.06730	0.13478	0.05468	0.05985	0.03704	0.06888	0.00732	0.16038	0.01095	0.21402	0.01043	0.07793	0.00835	0.00509	0.00420	0.00121	0.04719	0.00389	0.00318	0.02332

[dist]
# distance from previous block
# <min> <max>
0	2

[block]
# block no. 3 follows, 67 sequences, length 6
# corresponding to MSA columns:
# 282-287
name=unknown_D
#
# <colnr> <probs for GDERKNQSTAVLIFYWHMCP>
#	G	D	E	R	K	N	Q	S	T	A	V	L	I	F	Y	W	H	M	C	P
0	0.00530	0.00406	0.00580	0.13702	0.00921	0.00414	0.00488	0.00631	0.00773	0.01024	0.01977	0.72470	0.02323	0.01123	0.00495	0.00158	0.00280	0.01018	0.00342	0.00344
1	0.22719	0.07935	0.03400	0.16618	0.05869	0.14877	0.00809	0.01173	0.00801	0.01218	0.00651	0.00924	0.00560	0.00471	0.00538	0.00132	0.18014	0.02623	0.00206	0.00462
2	0.00494	0.00356	0.00459	0.00540	0.00570	0.00331	0.00359	0.00561	0.00766	0.01012	0.02281	0.74639	0.08244	0.06596	0.00606	0.00175	0.00240	0.01084	0.00364	0.00321
3	0.03849	0.06036	0.25825	0.02602	0.01380	0.00848	0.13095	0.04437	0.00906	0.09283	0.02745	0.03315	0.00754	0.00581	0.05630	0.00149	0.03195	0.00363	0.00244	0.14763
4	0.00785	0.00741	0.01253	0.75123	0.12362	0.00898	0.01128	0.01049	0.00815	0.01059	0.00718	0.01060	0.00547	0.00396	0.00400	0.00132	0.00528	0.00357	0.00181	0.00468
5	0.00557	0.00378	0.00445	0.00471	0.00477	0.00371	0.00279	0.00576	0.00634	0.00845	0.01524	0.25439	0.01786	0.62643	0.01621	0.00327	0.00346	0.00736	0.00279	0.00266

[dist]
# distance from previous block
# <min> <max>
1	2

[block]
# block no. 4 follows, 67 sequences, length 16
# corresponding to MSA columns:
# 290-305
name=unknown_E
#
# <colnr> <probs for GDERKNQSTAVLIFYWHMCP>
#	G	D	E	R	K	N	Q	S	T	A	V	L	I	F	Y	W	H	M	C	P
0	0.01054	0.01071	0.04129	0.03979	0.27347	0.10786	0.14926	0.07865	0.00970	0.03707	0.00802	0.02424	0.00663	0.00524	0.02997	0.00145	0.13187	0.00380	0.02497	0.00548
1	0.00517	0.00370	0.00481	0.00537	0.00587	0.00343	0.00375	0.00622	0.00867	0.01180	0.21187	0.57720	0.07218	0.01117	0.00496	0.00152	0.00223	0.03010	0.02657	0.00341
2	0.00962	0.01074	0.16076	0.10169	0.30388	0.00879	0.11650	0.03465	0.04584	0.07410	0.06037	0.02653	0.01951	0.00438	0.00413	0.00127	0.00486	0.00412	0.00249	0.00576
3	0.04401	0.00859	0.01272	0.35561	0.15167	0.00959	0.06328	0.18300	0.04896	0.03360	0.00978	0.01164	0.04121	0.00441	0.00403	0.00128	0.00478	0.00386	0.00259	0.00542
4	0.00489	0.00363	0.00457	0.00525	0.00574	0.00331	0.00359	0.00571	0.00814	0.01062	0.06239	0.65451	0.18924	0.01188	0.00503	0.00156	0.00225	0.01062	0.00375	0.00331
5	0.00831	0.00520	0.00482	0.00459	0.00572	0.06024	0.00349	0.05444	0.00921	0.01505	0.03419	0.01457	0.01047	0.00544	0.02617	0.00112	0.00261	0.00376	0.72663	0.00397
6	0.00493	0.00352	0.00469	0.00556	0.00583	0.00329	0.00373	0.00569	0.00788	0.01055	0.06584	0.81181	0.02714	0.01233	0.00510	0.00161	0.00230	0.01118	0.00376	0.00329
7	0.00757	0.00713	0.01203	0.84942	0.02762	0.00891	0.01114	0.01025	0.00802	0.01025	0.00713	0.01069	0.00535	0.00401	0.00401	0.00134	0.00535	0.00356	0.00178	0.00446
8	0.00983	0.01065	0.02305	0.01648	0.02050	0.00996	0.78438	0.01314	0.00955	0.04839	0.00845	0.01094	0.00625	0.00345	0.00470	0.00135	0.00662	0.00470	0.00216	0.00547
9	0.01498	0.01911	0.01137	0.01033	0.01240	0.84295	0.00775	0.01601	0.01137	0.00982	0.00620	0.00723	0.00517	0.00413	0.00362	0.00103	0.00723	0.00258	0.00207	0.00465
10	0.01846	0.00696	0.05342	0.02893	0.00981	0.02465	0.09771	0.08637	0.03638	0.04598	0.03580	0.37468	0.05521	0.07403	0.01776	0.00171	0.01705	0.00753	0.00327	0.00429
11	0.00536	0.00431	0.00468	0.00467	0.00588	0.00383	0.00346	0.04404	0.00960	0.01200	0.12516	0.17455	0.56806	0.01009	0.00477	0.00138	0.00218	0.00860	0.00382	0.00357
12	0.01068	0.05950	0.15040	0.01057	0.03487	0.06556	0.14624	0.12425	0.22918	0.04036	0.01100	0.01144	0.02657	0.00443	0.00397	0.00122	0.00475	0.00384	0.00292	0.05824
13	0.01215	0.12144	0.04936	0.08443	0.08049	0.02209	0.05765	0.32349	0.05844	0.06448	0.00891	0.00989	0.00672	0.00491	0.01752	0.00131	0.06426	0.00352	0.00298	0.00596
14	0.00529	0.00426	0.00476	0.00494	0.00605	0.00381	0.00363	0.00674	0.04685	0.01101	0.03120	0.26362	0.47020	0.03522	0.00525	0.00150	0.00235	0.05372	0.00365	0.03595
15	0.02297	0.22869	0.25154	0.02187	0.03976	0.01052	0.00891	0.15278	0.02330	0.04755	0.03734	0.04115	0.00810	0.01918	0.00383	0.00117	0.00443	0.00348	0.04221	0.03123

[dist]
# distance from previous block
# <min> <max>
2	71

[block]
# block no. 5 follows, 67 sequences, length 17
# corresponding to MSA columns:
# 393-409
name=unknown_F
#
# <colnr> <probs for GDERKNQSTAVLIFYWHMCP>
#	G	D	E	R	K	N	Q	S	T	A	V	L	I	F	Y	W	H	M	C	P
0	0.06331	0.00615	0.00760	0.00700	0.03168	0.02376	0.00519	0.04443	0.00960	0.27980	0.06667	0.27745	0.01586	0.02395	0.02553	0.00150	0.02836	0.00627	0.00380	0.07211
1	0.09814	0.13284	0.16684	0.02552	0.05011	0.01885	0.02564	0.08923	0.14872	0.07530	0.05436	0.01157	0.02795	0.00453	0.00363	0.00118	0.00411	0.00357	0.00290	0.05502
2	0.02495	0.03926	0.05864	0.01091	0.11818	0.05083	0.05198	0.05706	0.41077	0.04058	0.01240	0.02794	0.00960	0.00496	0.00432	0.00129	0.03722	0.00412	0.02904	0.00594
3	0.00505	0.00365	0.00478	0.00561	0.00599	0.00341	0.00390	0.00588	0.00794	0.01049	0.03784	0.69856	0.07919	0.02961	0.00544	0.00167	0.00245	0.08156	0.00371	0.00330
4	0.00850	0.03981	0.37031	0.03364	0.11024	0.02315	0.13858	0.01253	0.07037	0.01316	0.10154	0.02892	0.01007	0.00455	0.00422	0.00128	0.01721	0.00408	0.00232	0.00553
5	0.00887	0.28042	0.58585	0.01002	0.01518	0.01134	0.01236	0.01249	0.00837	0.01169	0.00670	0.00784	0.00510	0.00369	0.00343	0.00114	0.00542	0.00271	0.00170	0.00569
6	0.00542	0.00370	0.00481	0.00549	0.00596	0.00339	0.00375	0.00622	0.00810	0.04289	0.05334	0.71770	0.10052	0.01188	0.00503	0.00157	0.00233	0.01069	0.00380	0.00343
7	0.01059	0.81954	0.06177	0.00709	0.01065	0.01554	0.00726	0.01204	0.00816	0.00960	0.00566	0.00653	0.00514	0.00345	0.00264	0.00088	0.00437	0.00219	0.00171	0.00519
8	0.00520	0.00365	0.00467	0.00532	0.00554	0.00347	0.00349	0.00580	0.00742	0.00992	0.05215	0.59578	0.02394	0.22013	0.00887	0.00218	0.00273	0.03323	0.00343	0.00309
9	0.00573	0.00430	0.00645	0.00645	0.00716	0.00501	0.00501	0.00716	0.00645	0.00931	0.01074	0.01576	0.01003	0.03008	0.84316	0.00645	0.01074	0.00430	0.00215	0.00358
10	0.01072	0.86147	0.02102	0.00686	0.01029	0.01587	0.00686	0.01201	0.00815	0.00944	0.00558	0.00643	0.00515	0.00343	0.00257	0.00086	0.00429	0.00214	0.00172	0.00515
11	0.01498	0.01911	0.01137	0.01033	0.01240	0.84295	0.00775	0.01601	0.01137	0.00982	0.00620	0.00723	0.00517	0.00413	0.00362	0.00103	0.00723	0.00258	0.00207	0.00465
12	0.00788	0.00687	0.01042	0.30804	0.13829	0.02673	0.03461	0.05257	0.00880	0.02867	0.01267	0.30396	0.01304	0.00702	0.00458	0.00141	0.02091	0.00631	0.00268	0.00453
13	0.00483	0.00396	0.00426	0.00440	0.00553	0.00339	0.00322	0.00586	0.00905	0.01111	0.09517	0.18167	0.63277	0.01044	0.00481	0.00140	0.00207	0.00889	0.00377	0.00339
14	0.08588	0.02652	0.01277	0.03024	0.33948	0.06086	0.00894	0.20603	0.04440	0.11545	0.02519	0.01039	0.00746	0.00425	0.00383	0.00120	0.00441	0.00354	0.00300	0.00614
15	0.02260	0.02707	0.02811	0.02755	0.07001	0.02480	0.04039	0.05843	0.02255	0.01141	0.00638	0.00925	0.00578	0.00683	0.04005	0.00172	0.54820	0.00349	0.00201	0.04334
16	0.00518	0.00420	0.00477	0.00483	0.00596	0.00380	0.00370	0.00638	0.00931	0.01170	0.16067	0.09959	0.54445	0.01004	0.00507	0.00142	0.02487	0.08679	0.00378	0.00350

[dist]
# distance from previous block
# <min> <max>
1	4

[block]
# block no. 6 follows, 67 sequences, length 22
# corresponding to MSA columns:
# 414-435
name=unknown_G
#
# <colnr> <probs for GDERKNQSTAVLIFYWHMCP>
#	G	D	E	R	K	N	Q	S	T	A	V	L	I	F	Y	W	H	M	C	P
0	0.35956	0.03535	0.11886	0.00796	0.01096	0.15939	0.01801	0.11147	0.00986	0.10057	0.00755	0.00822	0.00559	0.00443	0.01393	0.00127	0.01636	0.00280	0.00270	0.00519
1	0.00511	0.00373	0.00485	0.00539	0.00589	0.00349	0.00376	0.00610	0.00842	0.01130	0.17165	0.55078	0.10233	0.03350	0.04547	0.00183	0.00269	0.02660	0.00374	0.00337
2	0.03520	0.28461	0.17146	0.00979	0.07246	0.17761	0.00871	0.05897	0.03653	0.05692	0.04680	0.00921	0.00735	0.00412	0.00343	0.00108	0.00500	0.00300	0.00233	0.00542
3	0.16339	0.10282	0.09623	0.04631	0.19551	0.08804	0.03463	0.02432	0.03330	0.04122	0.06965	0.02283	0.00854	0.00471	0.01304	0.00127	0.04306	0.00350	0.00241	0.00522
4	0.00541	0.00380	0.00499	0.00585	0.02628	0.00365	0.00383	0.00620	0.00759	0.01037	0.04015	0.58363	0.02299	0.14550	0.02857	0.00206	0.00287	0.04200	0.05101	0.00327
5	0.00950	0.03627	0.00988	0.01902	0.09155	0.00794	0.02468	0.09715	0.21384	0.05308	0.15738	0.01596	0.05697	0.00535	0.00414	0.00115	0.01981	0.00450	0.00343	0.16840
6	0.02386	0.07815	0.12745	0.02116	0.11753	0.35713	0.02208	0.09654	0.01086	0.05774	0.00758	0.02096	0.00606	0.00428	0.00401	0.00114	0.03260	0.00311	0.00235	0.00540
7	0.00493	0.00356	0.00468	0.00556	0.00587	0.00331	0.00377	0.00568	0.00780	0.01032	0.02308	0.78753	0.07009	0.01239	0.00511	0.00162	0.00235	0.03536	0.00372	0.00328
8	0.00969	0.01069	0.13230	0.06157	0.16681	0.00970	0.09374	0.07934	0.30982	0.01517	0.03702	0.01266	0.02020	0.00468	0.00425	0.00130	0.01798	0.00414	0.00296	0.00597
9	0.01187	0.01076	0.00958	0.00822	0.01039	0.20294	0.00644	0.29589	0.13670	0.01700	0.09241	0.02375	0.05262	0.02315	0.02605	0.01661	0.00456	0.02383	0.02189	0.00534
10	0.00489	0.00349	0.00465	0.00558	0.00582	0.00326	0.00372	0.00558	0.00768	0.01024	0.02210	0.85644	0.02653	0.01256	0.00512	0.00163	0.00233	0.01140	0.00372	0.00326
11	0.01072	0.86147	0.02102	0.00686	0.01029	0.01587	0.00686	0.01201	0.00815	0.00944	0.00558	0.00643	0.00515	0.00343	0.00257	0.00086	0.00429	0.00214	0.00172	0.00515
12	0.00496	0.00352	0.00463	0.00549	0.00571	0.00330	0.00363	0.00560	0.00754	0.01005	0.02140	0.79468	0.02564	0.07553	0.00626	0.00180	0.00244	0.01099	0.00363	0.00320
13	0.01525	0.01123	0.01204	0.00923	0.01244	0.01244	0.00762	0.82067	0.01886	0.02528	0.00963	0.00963	0.00682	0.00481	0.00401	0.00120	0.00441	0.00361	0.00401	0.00682
14	0.00582	0.00392	0.00452	0.00452	0.00457	0.00397	0.00261	0.00593	0.00588	0.00788	0.01250	0.02551	0.01426	0.80116	0.07787	0.00407	0.00437	0.00572	0.00241	0.00251
15	0.01498	0.01911	0.01137	0.01033	0.01240	0.84295	0.00775	0.01601	0.01137	0.00982	0.00620	0.00723	0.00517	0.00413	0.00362	0.00103	0.00723	0.00258	0.00207	0.00465
16	0.00965	0.03319	0.01196	0.04076	0.38139	0.17609	0.00872	0.01150	0.02371	0.01176	0.01089	0.19918	0.01086	0.00579	0.00407	0.00124	0.00455	0.00511	0.04446	0.00510
17	0.00485	0.00391	0.00429	0.00451	0.00552	0.00338	0.00324	0.00580	0.00879	0.01086	0.07297	0.25034	0.56514	0.03137	0.00522	0.00148	0.00215	0.00911	0.00373	0.00335
18	0.00910	0.00870	0.01474	0.30329	0.54050	0.00939	0.01182	0.01154	0.00868	0.01205	0.00735	0.01016	0.00598	0.00381	0.00421	0.00125	0.02628	0.00357	0.00191	0.00566
19	0.03031	0.01004	0.01162	0.05784	0.03134	0.12755	0.00832	0.05173	0.05168	0.05321	0.02312	0.00968	0.00658	0.00601	0.00928	0.00152	0.49956	0.00351	0.00227	0.00481
20	0.00542	0.00446	0.00465	0.00446	0.00587	0.00393	0.00339	0.05014	0.00994	0.01226	0.13626	0.03596	0.68996	0.00963	0.00470	0.00133	0.00214	0.00805	0.00382	0.00362
21	0.00971	0.00971	0.06991	0.03871	0.45673	0.00859	0.04881	0.04340	0.02882	0.03060	0.00790	0.00970	0.00636	0.00357	0.00377	0.00107	0.00445	0.00334	0.00224	0.21261

[dist]
# distance from previous block
# <min> <max>
3	11

[block]
# block no. 7 follows, 67 sequences, length 23
# corresponding to MSA columns:
# 448-470
name=unknown_H
#
# <colnr> <probs for GDERKNQSTAVLIFYWHMCP>
#	G	D	E	R	K	N	Q	S	T	A	V	L	I	F	Y	W	H	M	C	P
0	0.02289	0.00986	0.03251	0.01166	0.13486	0.07930	0.03346	0.10690	0.06634	0.09259	0.00854	0.01018	0.00684	0.00610	0.03825	0.00155	0.27118	0.00356	0.01707	0.04638
1	0.00506	0.00360	0.00472	0.00552	0.00584	0.00340	0.00375	0.00583	0.00769	0.01031	0.02185	0.71638	0.05852	0.04347	0.03774	0.00187	0.00272	0.03306	0.02542	0.00327
2	0.05196	0.00793	0.00964	0.11018	0.09961	0.02887	0.01556	0.02788	0.31242	0.02387	0.11488	0.01447	0.02649	0.00498	0.00391	0.00120	0.00355	0.00422	0.00322	0.13516
3	0.02226	0.04850	0.15807	0.04587	0.31883	0.09351	0.03704	0.11707	0.01031	0.04817	0.00772	0.00931	0.00603	0.00410	0.00441	0.00122	0.05602	0.00335	0.00230	0.00589
4	0.00510	0.00357	0.00469	0.00543	0.00578	0.00334	0.00368	0.00600	0.00813	0.01114	0.11434	0.72074	0.02703	0.01168	0.00496	0.00155	0.00225	0.01055	0.04668	0.00334
5	0.00917	0.03963	0.20102	0.03155	0.23278	0.04133	0.08562	0.01396	0.18898	0.01356	0.05780	0.01296	0.04461	0.00459	0.00405	0.00126	0.00468	0.00409	0.00259	0.00575
6	0.01110	0.16739	0.06961	0.02438	0.02845	0.24521	0.00781	0.05363	0.15546	0.01222	0.03597	0.02431	0.01932	0.00529	0.01563	0.00128	0.11180	0.00348	0.00251	0.00515
7	0.00497	0.00366	0.00461	0.00524	0.00571	0.00335	0.00356	0.00580	0.00817	0.01075	0.09734	0.61289	0.15874	0.04825	0.00568	0.00165	0.00231	0.01031	0.00373	0.00329
8	0.00575	0.00421	0.00600	0.00600	0.00657	0.00477	0.00446	0.00688	0.00631	0.00898	0.01115	0.01800	0.01100	0.20741	0.66717	0.00590	0.00928	0.00463	0.00221	0.00333
9	0.00549	0.00375	0.00447	0.00481	0.00489	0.00366	0.00289	0.00574	0.00650	0.00866	0.01604	0.32440	0.01887	0.55505	0.01492	0.00308	0.00333	0.00783	0.00289	0.00273
10	0.00591	0.00414	0.00520	0.00490	0.00595	0.00378	0.00369	0.00767	0.01092	0.03453	0.66683	0.03014	0.14715	0.00825	0.00463	0.00126	0.00195	0.00720	0.04211	0.00380
11	0.01112	0.01022	0.02076	0.01494	0.01880	0.00962	0.64626	0.06068	0.01032	0.14136	0.00940	0.01119	0.00672	0.00371	0.00458	0.00133	0.00611	0.00456	0.00260	0.00571
12	0.01498	0.01911	0.01137	0.01033	0.01240	0.84295	0.00775	0.01601	0.01137	0.00982	0.00620	0.00723	0.00517	0.00413	0.00362	0.00103	0.00723	0.00258	0.00207	0.00465
13	0.00960	0.00911	0.01538	0.18041	0.66355	0.00947	0.01198	0.02947	0.00913	0.01283	0.00751	0.01006	0.00617	0.00368	0.00398	0.00122	0.00487	0.00357	0.00199	0.00600
14	0.00480	0.00401	0.00418	0.00425	0.00548	0.00339	0.00315	0.00582	0.00910	0.01102	0.07574	0.11671	0.71800	0.01030	0.00478	0.00138	0.00205	0.00869	0.00376	0.00339
15	0.06730	0.01011	0.01209	0.05413	0.07923	0.01101	0.05110	0.48401	0.10720	0.03558	0.00977	0.01020	0.00715	0.00453	0.00392	0.00121	0.00432	0.00364	0.00349	0.03999
16	0.00959	0.02077	0.11382	0.19384	0.29568	0.00934	0.06001	0.06394	0.10001	0.04075	0.04621	0.01149	0.00818	0.00422	0.00404	0.00126	0.00477	0.00384	0.00247	0.00575
17	0.00483	0.00402	0.00422	0.00427	0.00550	0.00341	0.00317	0.00589	0.00920	0.01122	0.10540	0.10750	0.69718	0.01020	0.00477	0.00137	0.00204	0.00861	0.00378	0.00341
18	0.00886	0.05585	0.51151	0.08887	0.06238	0.00981	0.06072	0.06293	0.06566	0.01346	0.01832	0.00959	0.00625	0.00400	0.00388	0.00126	0.00545	0.00332	0.00208	0.00581
19	0.42948	0.01169	0.00870	0.00806	0.04147	0.29486	0.00607	0.01318	0.00865	0.02975	0.00618	0.00727	0.00498	0.00396	0.00344	0.00114	0.03992	0.00247	0.00233	0.07641
20	0.06847	0.00423	0.00514	0.00565	0.00623	0.00418	0.00391	0.04600	0.00836	0.01186	0.08022	0.65831	0.02432	0.04648	0.00548	0.00165	0.00252	0.00982	0.00365	0.00351
21	0.05600	0.22930	0.26650	0.04177	0.04302	0.04451	0.02328	0.10447	0.00983	0.05187	0.05215	0.00953	0.00735	0.00425	0.00392	0.00117	0.04008	0.00315	0.00234	0.00551
22	0.17052	0.09827	0.02800	0.02545	0.03060	0.09874	0.00658	0.06376	0.20402	0.01405	0.01063	0.11169	0.00954	0.01745	0.00487	0.00134	0.09237	0.00425	0.00286	0.00503

[dist]
# distance from previous block
# <min> <max>
2	6

[block]
# block no. 8 follows, 67 sequences, length 15
# corresponding to MSA columns:
# 477-491
name=unknown_I
#
# <colnr> <probs for GDERKNQSTAVLIFYWHMCP>
#	G	D	E	R	K	N	Q	S	T	A	V	L	I	F	Y	W	H	M	C	P
0	0.02634	0.04419	0.07351	0.03826	0.21587	0.23061	0.03068	0.09488	0.13814	0.03446	0.01897	0.01005	0.00726	0.00429	0.00396	0.00119	0.01561	0.00343	0.00261	0.00571
1	0.00498	0.00357	0.00474	0.00558	0.00590	0.00333	0.00381	0.00578	0.00795	0.01060	0.06208	0.76738	0.04669	0.01224	0.00511	0.00161	0.00235	0.03924	0.00376	0.00330
2	0.00863	0.00865	0.06276	0.30729	0.19094	0.00893	0.00960	0.01379	0.24424	0.01339	0.08149	0.01329	0.01035	0.00468	0.00407	0.00130	0.00433	0.00413	0.00271	0.00543
3	0.01324	0.01403	0.03195	0.00967	0.01204	0.40025	0.03350	0.26210	0.01297	0.01490	0.00905	0.01220	0.00769	0.00691	0.06783	0.00159	0.00626	0.07581	0.00281	0.00521
4	0.00490	0.00355	0.00464	0.00547	0.00580	0.00328	0.00368	0.00566	0.00789	0.01047	0.04991	0.77742	0.07798	0.01227	0.00508	0.00160	0.00229	0.01108	0.00375	0.00328
5	0.00804	0.02074	0.83828	0.01143	0.01736	0.00931	0.01482	0.01270	0.00847	0.01270	0.00720	0.00847	0.00508	0.00381	0.00381	0.00127	0.00593	0.00296	0.00169	0.00593
6	0.00499	0.00356	0.00475	0.00563	0.00590	0.00337	0.00381	0.00572	0.00765	0.01020	0.02151	0.78486	0.02564	0.03570	0.02834	0.00183	0.00264	0.03699	0.00364	0.00326
7	0.82555	0.00769	0.00614	0.00541	0.00793	0.00878	0.00445	0.01234	0.00716	0.07623	0.00631	0.00702	0.00474	0.00381	0.00259	0.00124	0.00312	0.00230	0.00266	0.00452
8	0.43850	0.00826	0.00826	0.00670	0.00953	0.00885	0.00553	0.19421	0.01087	0.25944	0.00948	0.00930	0.00653	0.00433	0.00328	0.00123	0.00349	0.00304	0.00355	0.00562
9	0.01498	0.01911	0.01137	0.01033	0.01240	0.84295	0.00775	0.01601	0.01137	0.00982	0.00620	0.00723	0.00517	0.00413	0.00362	0.00103	0.00723	0.00258	0.00207	0.00465
10	0.02565	0.00835	0.03910	0.61655	0.17489	0.02592	0.03151	0.01092	0.00832	0.01106	0.00718	0.01033	0.00552	0.00390	0.00398	0.00130	0.00529	0.00353	0.00184	0.00488
11	0.00483	0.00402	0.00422	0.00426	0.00550	0.00341	0.00316	0.00589	0.00921	0.01122	0.10506	0.10200	0.70308	0.01018	0.00477	0.00137	0.00204	0.00859	0.00378	0.00341
12	0.00823	0.02173	0.06744	0.61475	0.06377	0.00937	0.03515	0.02331	0.03024	0.02295	0.00745	0.01046	0.00567	0.00420	0.00458	0.00134	0.05907	0.00357	0.00193	0.00480
13	0.03222	0.04583	0.41966	0.04714	0.06958	0.00927	0.02260	0.08379	0.10113	0.01450	0.09280	0.01171	0.00956	0.00491	0.01714	0.00134	0.00492	0.00370	0.00250	0.00568
14	0.00482	0.00402	0.00422	0.00435	0.00557	0.00342	0.00325	0.00583	0.00899	0.01082	0.03795	0.12455	0.71730	0.01044	0.00481	0.00140	0.00213	0.03903	0.00372	0.00338

[dist]
# distance from previous block
# <min> <max>
5	7

[block]
# block no. 9 follows, 67 sequences, length 46
# corresponding to MSA columns:
# 501-518,520-547
name=unknown_J
#
# <colnr> <probs for GDERKNQSTAVLIFYWHMCP>
#	G	D	E	R	K	N	Q	S	T	A	V	L	I	F	Y	W	H	M	C	P
0	0.00533	0.00381	0.00494	0.00569	0.00604	0.00364	0.00384	0.03808	0.00807	0.01076	0.02132	0.79791	0.02538	0.03752	0.00553	0.00168	0.00246	0.01092	0.00370	0.00337
1	0.02314	0.03183	0.06100	0.02150	0.12971	0.00818	0.03024	0.06644	0.22739	0.04362	0.24062	0.01726	0.03301	0.00573	0.00445	0.00127	0.02929	0.00489	0.00347	0.01698
2	0.10001	0.01383	0.03661	0.01135	0.12976	0.39860	0.00800	0.08146	0.01086	0.10841	0.00812	0.02970	0.00648	0.00447	0.00402	0.00116	0.03606	0.00320	0.00261	0.00529
3	0.00488	0.00352	0.00462	0.00550	0.00579	0.00326	0.00368	0.00559	0.00776	0.01027	0.02317	0.80944	0.07284	0.01243	0.00510	0.00161	0.00231	0.01123	0.00372	0.00326
4	0.00854	0.06113	0.57426	0.08524	0.03040	0.02356	0.07337	0.01315	0.06943	0.01259	0.00784	0.00922	0.00574	0.00390	0.00385	0.00126	0.00565	0.00323	0.00192	0.00574
5	0.00885	0.01777	0.59896	0.01274	0.05584	0.00973	0.14011	0.06649	0.00930	0.01351	0.00748	0.00899	0.00542	0.00387	0.00418	0.00129	0.02437	0.00332	0.00192	0.00589
6	0.00486	0.00358	0.00456	0.00535	0.00575	0.00328	0.00362	0.00561	0.00791	0.01033	0.02499	0.72897	0.15213	0.01219	0.00506	0.00159	0.00228	0.01094	0.00372	0.00328
7	0.00688	0.00353	0.00523	0.00523	0.00526	0.00355	0.00350	0.00532	0.00529	0.00708	0.00733	0.01288	0.00738	0.04820	0.04552	0.81683	0.00376	0.00361	0.00178	0.00183
8	0.00499	0.00357	0.00475	0.00551	0.00584	0.00333	0.00373	0.00584	0.00816	0.01100	0.12809	0.74827	0.02801	0.01199	0.00507	0.00158	0.00227	0.01086	0.00381	0.00333
9	0.70094	0.00756	0.00663	0.00567	0.00829	0.00833	0.00468	0.01345	0.00782	0.19359	0.00778	0.00805	0.00554	0.00399	0.00281	0.00124	0.00317	0.00257	0.00301	0.00488
10	0.00986	0.00955	0.01656	0.03938	0.77971	0.00955	0.05153	0.01230	0.00913	0.01304	0.00756	0.00998	0.00632	0.00357	0.00401	0.00120	0.00487	0.00363	0.00198	0.00627
11	0.01498	0.01911	0.01137	0.01033	0.01240	0.84295	0.00775	0.01601	0.01137	0.00982	0.00620	0.00723	0.00517	0.00413	0.00362	0.00103	0.00723	0.00258	0.00207	0.00465
12	0.01049	0.00931	0.01498	0.08527	0.63146	0.00955	0.01133	0.10171	0.01020	0.03998	0.00840	0.01109	0.00692	0.00400	0.00403	0.00122	0.00470	0.02683	0.00234	0.00620
13	0.00474	0.00405	0.00408	0.00410	0.00543	0.00338	0.00306	0.00575	0.00911	0.01082	0.04023	0.05626	0.81501	0.01021	0.00475	0.00136	0.00204	0.00853	0.00372	0.00338
14	0.01012	0.00855	0.01959	0.07308	0.01181	0.00936	0.00679	0.09231	0.48230	0.04122	0.03065	0.01312	0.01038	0.00505	0.00441	0.00126	0.04871	0.00405	0.00355	0.12369
15	0.00926	0.03755	0.28583	0.15017	0.28322	0.00956	0.03951	0.05535	0.03663	0.02628	0.02419	0.01011	0.00663	0.00395	0.00393	0.00124	0.00514	0.00348	0.00212	0.00582
16	0.00501	0.00366	0.00462	0.00532	0.00575	0.00339	0.00364	0.00575	0.00785	0.01023	0.02437	0.62299	0.15705	0.07661	0.00624	0.00177	0.00246	0.04643	0.00362	0.00324
17	0.02535	0.02575	0.26584	0.03904	0.20943	0.02182	0.06545	0.05074	0.07550	0.04597	0.04649	0.01357	0.08795	0.00475	0.00404	0.00126	0.00469	0.00413	0.00255	0.00566
18	0.38696	0.01392	0.00906	0.00818	0.01036	0.45930	0.00633	0.01400	0.00925	0.01330	0.00591	0.00698	0.00482	0.00405	0.00345	0.00115	0.03380	0.00244	0.00223	0.00451
19	0.00499	0.00358	0.00471	0.00557	0.00587	0.00334	0.00378	0.00575	0.00780	0.01037	0.03839	0.75951	0.05012	0.03659	0.00555	0.00169	0.00241	0.04302	0.00370	0.00327
20	0.13858	0.13623	0.08893	0.00923	0.02538	0.09342	0.05632	0.23008	0.03819	0.07778	0.00816	0.00886	0.00615	0.00437	0.00418	0.00120	0.06132	0.00315	0.00282	0.00565
21	0.20199	0.00956	0.00957	0.00845	0.04228	0.10357	0.00652	0.13714	0.10790	0.11847	0.00941	0.01042	0.00724	0.00513	0.01796	0.00131	0.09159	0.01914	0.00308	0.08925
22	0.00493	0.00351	0.00464	0.00553	0.00575	0.00329	0.00367	0.00560	0.00760	0.01013	0.02168	0.81935	0.02599	0.05038	0.00580	0.00173	0.00240	0.01115	0.00367	0.00322
23	0.01010	0.00886	0.02670	0.03184	0.22163	0.00873	0.07251	0.12799	0.17156	0.03621	0.08587	0.01261	0.01044	0.00448	0.00396	0.00115	0.00399	0.00400	0.00304	0.15434
24	0.04811	0.01411	0.01245	0.08759	0.16717	0.40229	0.02146	0.17374	0.01192	0.01390	0.00722	0.00855	0.00571	0.00412	0.00377	0.00114	0.00587	0.00308	0.00243	0.00538
25	0.00489	0.00349	0.00465	0.00558	0.00582	0.00326	0.00372	0.00558	0.00768	0.01024	0.02210	0.85644	0.02653	0.01256	0.00512	0.00163	0.00233	0.01140	0.00372	0.00326
26	0.00875	0.00845	0.02829	0.47832	0.35187	0.00927	0.01157	0.03433	0.00879	0.01187	0.00737	0.01031	0.00579	0.00385	0.00399	0.00127	0.00510	0.00356	0.00193	0.00531
27	0.00579	0.00465	0.00517	0.00520	0.00637	0.00442	0.00382	0.03118	0.10397	0.01235	0.11758	0.25123	0.41374	0.00988	0.00474	0.00141	0.00230	0.00852	0.00385	0.00384
28	0.00488	0.00350	0.00464	0.00555	0.00581	0.00326	0.00371	0.00559	0.00771	0.01025	0.02253	0.83754	0.04515	0.01251	0.00511	0.00162	0.00232	0.01133	0.00372	0.00326
29	0.01511	0.03713	0.01231	0.00916	0.01237	0.01254	0.00760	0.79603	0.01853	0.02479	0.00951	0.00953	0.00677	0.00477	0.00397	0.00119	0.00441	0.00357	0.00394	0.00677
30	0.00479	0.00399	0.00418	0.00429	0.00549	0.00338	0.00316	0.00579	0.00902	0.01091	0.06185	0.14397	0.70461	0.01041	0.00479	0.00139	0.00207	0.00881	0.00374	0.00338
31	0.00944	0.01065	0.02290	0.01675	0.04532	0.00995	0.76612	0.01273	0.00942	0.01286	0.00806	0.01070	0.00609	0.00337	0.00465	0.00132	0.00657	0.00461	0.00204	0.03644
32	0.08124	0.01055	0.01131	0.00873	0.01188	0.01156	0.00721	0.68374	0.01725	0.10167	0.00991	0.00978	0.00693	0.00475	0.00390	0.00121	0.00422	0.00354	0.00399	0.00663
33	0.01498	0.01911	0.01137	0.01033	0.01240	0.84295	0.00775	0.01601	0.01137	0.00982	0.00620	0.00723	0.00517	0.00413	0.00362	0.00103	0.00723	0.00258	0.00207	0.00465
34	0.00782	0.00738	0.01247	0.76375	0.11138	0.00897	0.01126	0.01046	0.00813	0.01054	0.00717	0.01061	0.00545	0.00396	0.00401	0.00132	0.00529	0.00357	0.00180	0.00465
35	0.00480	0.00381	0.00432	0.00474	0.00559	0.00333	0.00335	0.00568	0.00849	0.01057	0.03242	0.40112	0.47518	0.01122	0.00491	0.00148	0.00216	0.00977	0.00372	0.00333
36	0.00954	0.00844	0.01114	0.19610	0.11679	0.00957	0.03639	0.06130	0.43761	0.01519	0.04619	0.01357	0.01053	0.00490	0.00410	0.00132	0.00399	0.00427	0.00325	0.00582
37	0.02340	0.17730	0.03815	0.02477	0.38279	0.03572	0.05998	0.13440	0.03540	0.02941	0.01723	0.00954	0.00667	0.00388	0.00373	0.00114	0.00472	0.00338	0.00239	0.00600
38	0.00489	0.00383	0.00439	0.00481	0.00561	0.00338	0.00339	0.00575	0.00838	0.01048	0.03106	0.38683	0.43388	0.04743	0.00559	0.00159	0.00228	0.02946	0.00367	0.00330
39	0.01056	0.03861	0.44192	0.03546	0.02584	0.02389	0.01136	0.23582	0.09761	0.02746	0.00889	0.00955	0.00641	0.00427	0.00387	0.00125	0.00513	0.00332	0.00264	0.00615
40	0.61656	0.00879	0.00700	0.00596	0.00862	0.08900	0.00481	0.02493	0.00775	0.01635	0.00601	0.00699	0.00478	0.00363	0.00271	0.00109	0.00350	0.00227	0.00245	0.17681
41	0.00489	0.00351	0.00465	0.00554	0.00581	0.00327	0.00371	0.00562	0.00777	0.01034	0.03408	0.82282	0.04827	0.01244	0.00510	0.00162	0.00231	0.01126	0.00373	0.00327
42	0.00973	0.14674	0.45851	0.05918	0.07231	0.02030	0.02954	0.05255	0.00914	0.06922	0.00763	0.00884	0.00564	0.00397	0.00396	0.00121	0.03059	0.00307	0.00207	0.00579
43	0.13699	0.13435	0.26512	0.00951	0.06000	0.09952	0.00908	0.03249	0.07378	0.08137	0.02123	0.00980	0.00695	0.00420	0.00348	0.00118	0.00469	0.01315	0.02764	0.00548
44	0.00504	0.00361	0.00479	0.00548	0.00585	0.00336	0.00373	0.00597	0.00840	0.01138	0.18089	0.69439	0.02874	0.01171	0.00504	0.00156	0.00224	0.01059	0.00386	0.00336
45	0.02351	0.01009	0.13824	0.00965	0.09598	0.03227	0.02081	0.08222	0.12994	0.02429	0.12651	0.01274	0.01138	0.00463	0.00407	0.00110	0.02957	0.00380	0.00291	0.23630

[dist]
# distance from previous block
# <min> <max>
0	1

[block]
# block no. 10 follows, 67 sequences, length 15
# corresponding to MSA columns:
# 549-563
name=unknown_K
#
# <colnr> <probs for GDERKNQSTAVLIFYWHMCP>
#	G	D	E	R	K	N	Q	S	T	A	V	L	I	F	Y	W	H	M	C	P
0	0.04234	0.06054	0.02373	0.01055	0.04043	0.33912	0.12683	0.11623	0.08069	0.01377	0.05492	0.01037	0.00818	0.00443	0.00394	0.00115	0.01663	0.00352	0.03744	0.00518
1	0.00489	0.00349	0.00465	0.00558	0.00582	0.00326	0.00372	0.00558	0.00768	0.01024	0.02210	0.85644	0.02653	0.01256	0.00512	0.00163	0.00233	0.01140	0.00372	0.00326
2	0.00834	0.06482	0.68521	0.04431	0.01700	0.00972	0.03366	0.01315	0.06341	0.01270	0.00774	0.00894	0.00560	0.00390	0.00379	0.00126	0.00565	0.00309	0.00187	0.00584
3	0.00818	0.01980	0.76089	0.01195	0.01770	0.00939	0.09126	0.01271	0.00856	0.01271	0.00728	0.00869	0.00518	0.00377	0.00390	0.00128	0.00601	0.00313	0.00173	0.00588
4	0.00496	0.00355	0.00464	0.00545	0.00573	0.00331	0.00363	0.00567	0.00774	0.01031	0.04958	0.75614	0.05115	0.06027	0.00596	0.00174	0.00239	0.01085	0.00367	0.00323
5	0.00598	0.00467	0.00693	0.00679	0.00744	0.00562	0.00533	0.00737	0.00642	0.00934	0.01028	0.01517	0.00963	0.02815	0.77372	0.00605	0.08111	0.00423	0.00212	0.00365
6	0.00510	0.00395	0.00466	0.00489	0.00582	0.00351	0.00359	0.00628	0.00927	0.01198	0.22144	0.25883	0.38119	0.01040	0.00488	0.00143	0.00217	0.05324	0.00389	0.00346
7	0.01519	0.01091	0.01178	0.00908	0.01225	0.01200	0.00748	0.74865	0.04943	0.06688	0.01021	0.01004	0.00719	0.00485	0.00402	0.00121	0.00431	0.00367	0.00406	0.00680
8	0.00939	0.06685	0.01280	0.01027	0.01066	0.07744	0.00857	0.01031	0.00668	0.00965	0.00536	0.00850	0.00525	0.00655	0.01170	0.00164	0.72881	0.00335	0.00178	0.00446
9	0.01498	0.01911	0.01137	0.01033	0.01240	0.84295	0.00775	0.01601	0.01137	0.00982	0.00620	0.00723	0.00517	0.00413	0.00362	0.00103	0.00723	0.00258	0.00207	0.00465
10	0.34745	0.00683	0.00794	0.00710	0.03909	0.00699	0.03971	0.01316	0.00852	0.27832	0.01125	0.04915	0.00922	0.10265	0.02549	0.00171	0.00368	0.03349	0.00332	0.00495
11	0.00491	0.00379	0.00448	0.00490	0.00567	0.00336	0.00345	0.00586	0.00866	0.01109	0.11375	0.43519	0.35826	0.01112	0.00492	0.00148	0.00216	0.00977	0.00380	0.00336
12	0.01008	0.01194	0.21533	0.02732	0.06660	0.00988	0.05012	0.11069	0.39237	0.02870	0.02732	0.01238	0.00945	0.00476	0.00404	0.00130	0.00431	0.00401	0.00322	0.00617
13	0.01178	0.03714	0.06325	0.08568	0.29710	0.01094	0.00991	0.34233	0.05077	0.01777	0.00863	0.00988	0.00659	0.00430	0.00417	0.00122	0.02585	0.00355	0.00286	0.00627
14	0.00504	0.00393	0.00455	0.00494	0.00573	0.00356	0.00346	0.00622	0.03351	0.01079	0.05617	0.41790	0.37345	0.04471	0.00552	0.00158	0.00227	0.00957	0.00371	0.00339

[dist]
# distance from previous block
# <min> <max>
4	48

[block]
# block no. 11 follows, 67 sequences, length 16
# corresponding to MSA columns:
# 615-630
name=unknown_L
#
# <colnr> <probs for GDERKNQSTAVLIFYWHMCP>
#	G	D	E	R	K	N	Q	S	T	A	V	L	I	F	Y	W	H	M	C	P
0	0.00913	0.00851	0.03961	0.01132	0.19669	0.03871	0.00745	0.03622	0.25537	0.02744	0.07076	0.08917	0.03797	0.00574	0.00434	0.00125	0.02656	0.02347	0.00317	0.10712
1	0.03345	0.01259	0.01409	0.06772	0.43362	0.29050	0.03201	0.03001	0.01001	0.02835	0.00724	0.00907	0.00592	0.00384	0.00384	0.00115	0.00561	0.00325	0.00211	0.00561
2	0.00487	0.00354	0.00460	0.00545	0.00578	0.00327	0.00367	0.00560	0.00780	0.01029	0.02368	0.78690	0.09505	0.01236	0.00509	0.00161	0.00230	0.01115	0.00372	0.00327
3	0.00930	0.00979	0.06499	0.32498	0.11430	0.05962	0.06936	0.03152	0.22808	0.01296	0.00967	0.01134	0.00737	0.00438	0.00426	0.00131	0.02506	0.00381	0.00250	0.00541
4	0.00763	0.00650	0.00690	0.00636	0.00792	0.04289	0.00486	0.01303	0.32626	0.01544	0.38409	0.02422	0.12333	0.00719	0.00443	0.00130	0.00264	0.00615	0.00410	0.00476
5	0.00492	0.00357	0.00464	0.00543	0.00579	0.00330	0.00367	0.00571	0.00801	0.01062	0.06922	0.74260	0.09349	0.01212	0.00507	0.00159	0.00228	0.01093	0.00376	0.00330
6	0.01057	0.81234	0.06877	0.00713	0.01071	0.01549	0.00733	0.01205	0.00817	0.00963	0.00567	0.00655	0.00514	0.00345	0.00265	0.00088	0.00438	0.00219	0.00171	0.00519
7	0.00524	0.00405	0.00468	0.00461	0.00564	0.00360	0.00339	0.00653	0.00970	0.01268	0.35172	0.06805	0.40184	0.07596	0.00600	0.00154	0.00217	0.02521	0.00390	0.00347
8	0.22400	0.00947	0.01017	0.00825	0.01107	0.01055	0.04443	0.33544	0.23622	0.05468	0.01067	0.01056	0.00780	0.00466	0.00370	0.00126	0.00383	0.00359	0.00361	0.00603
9	0.04669	0.01391	0.01070	0.00924	0.01145	0.42943	0.00721	0.15177	0.05013	0.11936	0.00864	0.00924	0.00657	0.00510	0.01959	0.00126	0.06792	0.00315	0.02334	0.00530
10	0.01498	0.01911	0.01137	0.01033	0.01240	0.84295	0.00775	0.01601	0.01137	0.00982	0.00620	0.00723	0.00517	0.00413	0.00362	0.00103	0.00723	0.00258	0.00207	0.00465
11	0.00903	0.00823	0.04577	0.11679	0.22597	0.00765	0.14537	0.01133	0.02250	0.07355	0.01008	0.04570	0.00900	0.12241	0.00637	0.00160	0.00465	0.03523	0.00245	0.09632
12	0.00493	0.00395	0.00440	0.00454	0.00560	0.00343	0.00331	0.00602	0.00921	0.01159	0.16906	0.20577	0.53346	0.01033	0.00482	0.00140	0.00207	0.00887	0.00384	0.00343
13	0.01094	0.04083	0.10693	0.02146	0.06665	0.03232	0.00775	0.10293	0.36702	0.09592	0.04769	0.01287	0.01041	0.00487	0.00393	0.00124	0.00387	0.00398	0.00349	0.05489
14	0.01257	0.08297	0.03907	0.02569	0.20311	0.02324	0.01959	0.32369	0.07272	0.08256	0.00928	0.01003	0.00699	0.00455	0.00454	0.00123	0.06528	0.00355	0.00310	0.00625
15	0.00527	0.00385	0.00470	0.00511	0.00585	0.00347	0.00362	0.00625	0.00865	0.02825	0.12514	0.45038	0.27202	0.02950	0.00528	0.00155	0.00228	0.03162	0.00380	0.00343

[dist]
# distance from previous block
# <min> <max>
0	2

[block]
# block no. 12 follows, 67 sequences, length 20
# corresponding to MSA columns:
# 633-652
name=unknown_M
#
# <colnr> <probs for GDERKNQSTAVLIFYWHMCP>
#	G	D	E	R	K	N	Q	S	T	A	V	L	I	F	Y	W	H	M	C	P
0	0.03039	0.03354	0.40108	0.02528	0.14710	0.00930	0.03432	0.05457	0.08122	0.08868	0.03356	0.01046	0.00744	0.00425	0.00407	0.00126	0.02153	0.00349	0.00248	0.00597
1	0.41700	0.01236	0.00850	0.00765	0.00984	0.36194	0.00597	0.01361	0.00891	0.04855	0.00656	0.00767	0.00526	0.00545	0.04934	0.00145	0.02045	0.00257	0.00238	0.00454
2	0.00512	0.00389	0.00473	0.00515	0.00588	0.00356	0.00365	0.00637	0.02784	0.01154	0.15803	0.45209	0.26090	0.01097	0.00493	0.00149	0.00222	0.02434	0.00384	0.00346
3	0.11141	0.01243	0.16544	0.01085	0.10634	0.05936	0.00900	0.34966	0.01309	0.09457	0.00877	0.00931	0.00632	0.00438	0.00396	0.00122	0.02134	0.00330	0.00311	0.00615
4	0.12087	0.03392	0.01151	0.00934	0.02158	0.01042	0.05018	0.02355	0.02591	0.06568	0.00686	0.00908	0.00586	0.00556	0.00865	0.00144	0.46450	0.00330	0.01944	0.10235
5	0.00538	0.00406	0.00484	0.00566	0.00599	0.03296	0.00382	0.00614	0.00785	0.01046	0.02108	0.78347	0.02494	0.01186	0.00495	0.00157	0.00248	0.01070	0.04846	0.00333
6	0.01054	0.00910	0.04669	0.03149	0.15645	0.02728	0.01926	0.11815	0.29235	0.07676	0.10661	0.01455	0.02663	0.00520	0.00425	0.00127	0.01818	0.00439	0.00348	0.02738
7	0.01061	0.10997	0.18551	0.02337	0.12611	0.15677	0.06079	0.03359	0.00920	0.05145	0.02236	0.00977	0.00662	0.00454	0.00519	0.00125	0.13659	0.01346	0.02753	0.00532
8	0.00488	0.00352	0.00462	0.00550	0.00580	0.00326	0.00369	0.00559	0.00775	0.01027	0.02307	0.81365	0.06868	0.01244	0.00510	0.00161	0.00231	0.01125	0.00372	0.00326
9	0.03392	0.01561	0.49643	0.01039	0.01486	0.00925	0.06264	0.01473	0.22862	0.01413	0.05252	0.01142	0.00875	0.00445	0.00395	0.00130	0.00495	0.00370	0.00252	0.00585
10	0.00913	0.24277	0.57747	0.01016	0.01522	0.05631	0.01233	0.01270	0.00854	0.01168	0.00671	0.00786	0.00510	0.00373	0.00347	0.00115	0.00557	0.00273	0.00172	0.00565
11	0.00523	0.00372	0.00460	0.00505	0.00538	0.00351	0.00330	0.00588	0.00765	0.01019	0.10513	0.46171	0.09251	0.25615	0.00946	0.00222	0.00271	0.00911	0.00342	0.00308
12	0.00697	0.00348	0.00522	0.00522	0.00522	0.00348	0.00348	0.00522	0.00522	0.00697	0.00697	0.01219	0.00697	0.01393	0.01567	0.88332	0.00348	0.00348	0.00174	0.00174
13	0.01543	0.00621	0.00835	0.00677	0.00937	0.00547	0.00556	0.01699	0.01086	0.65487	0.01684	0.04875	0.02977	0.00585	0.00412	0.00128	0.00324	0.07143	0.07273	0.00611
14	0.05971	0.01257	0.01159	0.00924	0.01219	0.17133	0.00748	0.62526	0.01681	0.02194	0.00877	0.00901	0.00638	0.00463	0.00386	0.00117	0.00489	0.00334	0.00356	0.00628
15	0.10719	0.06908	0.03544	0.00720	0.00878	0.19164	0.00576	0.04275	0.00818	0.01095	0.00889	0.01308	0.00828	0.12685	0.33506	0.00356	0.00734	0.00366	0.00223	0.00407
16	0.01388	0.01686	0.01025	0.00937	0.01127	0.72007	0.00702	0.01504	0.01093	0.01057	0.00721	0.00836	0.00591	0.00421	0.00350	0.00102	0.00645	0.00275	0.13081	0.00452
17	0.02434	0.01023	0.07457	0.04735	0.26007	0.02103	0.36575	0.01184	0.00911	0.01272	0.03270	0.07066	0.00862	0.00445	0.00451	0.00132	0.01645	0.01665	0.00220	0.00542
18	0.00499	0.00388	0.00444	0.00468	0.00553	0.00344	0.00330	0.00594	0.00872	0.01109	0.13416	0.28958	0.41828	0.07599	0.00606	0.00162	0.00225	0.00902	0.00371	0.00332
