[name]
unknown

[dist]
# distance from previous block
# <min> <max>
4	203

[block]
# block no. 0 follows, 66 sequences, length 20
# corresponding to MSA columns:
# 244-263
name=unknown_A
#
# <colnr> <probs for GDERKNQSTAVLIFYWHMCP>
#	G	D	E	R	K	N	Q	S	T	A	V	L	I	F	Y	W	H	M	C	P
0	0.02636	0.05799	0.09618	0.00871	0.04391	0.00824	0.03276	0.11977	0.09777	0.26263	0.04999	0.05101	0.01034	0.00498	0.00392	0.00119	0.00385	0.00412	0.00361	0.11267
1	0.02165	0.05944	0.05193	0.01057	0.12563	0.05235	0.06825	0.04239	0.07968	0.13144	0.10423	0.04030	0.02520	0.00504	0.00435	0.00118	0.03936	0.00426	0.00309	0.12965
2	0.03076	0.01038	0.08747	0.02037	0.07784	0.05503	0.02070	0.16933	0.17183	0.11323	0.03464	0.02308	0.02158	0.00489	0.00434	0.00122	0.04087	0.00389	0.00332	0.10524
3	0.07684	0.07000	0.04957	0.01057	0.10684	0.02043	0.08196	0.11862	0.09804	0.22573	0.05320	0.01197	0.00933	0.00464	0.00410	0.00123	0.02128	0.00386	0.00341	0.02838
4	0.07859	0.05486	0.09900	0.00923	0.04998	0.06132	0.04454	0.11194	0.12310	0.22058	0.05933	0.01204	0.00962	0.00468	0.00386	0.00121	0.00419	0.00378	0.00346	0.04470
5	0.03717	0.00882	0.01278	0.02477	0.14189	0.02391	0.13378	0.07673	0.16531	0.12568	0.06834	0.01299	0.01021	0.00502	0.00517	0.00133	0.09930	0.00425	0.03681	0.00575
6	0.10179	0.11025	0.38913	0.01197	0.13276	0.00973	0.04666	0.01358	0.00892	0.12666	0.00822	0.00917	0.00598	0.00391	0.00367	0.00122	0.00503	0.00314	0.00231	0.00590
7	0.00958	0.01094	0.02394	0.01710	0.02120	0.01026	0.81737	0.01300	0.00958	0.01300	0.00821	0.01094	0.00616	0.00342	0.00479	0.00137	0.00684	0.00479	0.00205	0.00547
8	0.00917	0.08451	0.07458	0.03325	0.18847	0.06974	0.06898	0.05680	0.07440	0.01419	0.22353	0.03186	0.04243	0.00548	0.00417	0.00123	0.00418	0.00481	0.00298	0.00523
9	0.00525	0.00413	0.00474	0.00459	0.00576	0.00362	0.00344	0.00671	0.01032	0.01352	0.42101	0.03484	0.44896	0.00932	0.00479	0.00132	0.00199	0.00797	0.00410	0.00362
10	0.01135	0.26790	0.01330	0.00831	0.01091	0.18065	0.00687	0.01763	0.41304	0.01330	0.01115	0.01094	0.00876	0.00462	0.00357	0.00116	0.00439	0.00346	0.00299	0.00571
11	0.00841	0.00721	0.00841	0.00601	0.00961	0.00541	0.00481	0.01022	0.00841	0.01322	0.00721	0.00841	0.00601	0.00300	0.00300	0.00060	0.00300	0.00240	0.00240	0.88222
12	0.00684	0.00363	0.00531	0.00531	0.00537	0.00369	0.00355	0.00551	0.00545	0.00732	0.00790	0.01396	0.00802	0.09425	0.08471	0.72737	0.00417	0.00381	0.00186	0.00198
13	0.01198	0.41234	0.12565	0.00873	0.01212	0.21563	0.00829	0.09881	0.05014	0.01213	0.00698	0.00774	0.00573	0.00394	0.00325	0.00103	0.00524	0.00266	0.00218	0.00543
14	0.00574	0.00415	0.00542	0.00510	0.00606	0.00383	0.00383	0.00766	0.01148	0.01627	0.82997	0.03031	0.03828	0.00829	0.00479	0.00128	0.00191	0.00734	0.00447	0.00383
15	0.01073	0.01402	0.29034	0.01306	0.07187	0.02366	0.22974	0.18622	0.01129	0.05324	0.00929	0.01057	0.02730	0.00424	0.00443	0.00130	0.02628	0.00387	0.00254	0.00599
16	0.80574	0.00776	0.00628	0.00551	0.00808	0.00881	0.00454	0.01265	0.00734	0.09380	0.00661	0.00726	0.00492	0.00388	0.00266	0.00126	0.00317	0.00237	0.00274	0.00463
17	0.19664	0.01023	0.17930	0.00783	0.01143	0.00766	0.00758	0.05665	0.01038	0.45500	0.01174	0.01102	0.00770	0.00451	0.00371	0.00126	0.00396	0.00344	0.00377	0.00619
18	0.00631	0.00493	0.00653	0.00621	0.02370	0.00488	0.02055	0.00881	0.06686	0.01546	0.63345	0.02847	0.08286	0.00806	0.00513	0.00133	0.03995	0.02826	0.00416	0.00409
19	0.18479	0.36956	0.01280	0.00637	0.00888	0.02711	0.00565	0.03909	0.04868	0.01386	0.20185	0.01400	0.02684	0.00509	0.00334	0.00111	0.00349	0.01992	0.00281	0.00477

[dist]
# distance from previous block
# <min> <max>
0	1

[block]
# block no. 1 follows, 66 sequences, length 24
# corresponding to MSA columns:
# 265,266,273-294
name=unknown_B
#
# <colnr> <probs for GDERKNQSTAVLIFYWHMCP>
#	G	D	E	R	K	N	Q	S	T	A	V	L	I	F	Y	W	H	M	C	P
0	0.01160	0.41619	0.08365	0.00993	0.03022	0.13898	0.11868	0.08775	0.00998	0.02676	0.00682	0.00797	0.00561	0.00386	0.00363	0.00107	0.02688	0.00290	0.00211	0.00542
1	0.88607	0.00785	0.00596	0.00534	0.00785	0.00910	0.00439	0.01193	0.00690	0.01820	0.00565	0.00659	0.00439	0.00377	0.00251	0.00126	0.00314	0.00220	0.00251	0.00439
2	0.01014	0.03344	0.06863	0.06033	0.28411	0.21170	0.06383	0.01242	0.02135	0.01255	0.13338	0.01371	0.04736	0.00481	0.00409	0.00120	0.00508	0.00417	0.00247	0.00525
3	0.01016	0.00767	0.05217	0.00821	0.01063	0.02605	0.12318	0.04185	0.08928	0.20401	0.19300	0.09650	0.09538	0.00665	0.00447	0.00132	0.00360	0.00593	0.00384	0.01611
4	0.00850	0.00771	0.01366	0.01360	0.20033	0.01721	0.24835	0.01083	0.02187	0.05285	0.12404	0.18086	0.03810	0.00655	0.00466	0.00138	0.00437	0.03713	0.00299	0.00499
5	0.10154	0.04057	0.07381	0.00743	0.01070	0.02033	0.00657	0.06629	0.01108	0.53555	0.03340	0.01221	0.00916	0.00471	0.00381	0.00121	0.00371	0.00369	0.00414	0.05008
6	0.00499	0.00409	0.00424	0.00422	0.00541	0.00351	0.00307	0.00597	0.00904	0.01101	0.09584	0.03702	0.68175	0.10421	0.00656	0.00165	0.00225	0.00818	0.00367	0.00335
7	0.01149	0.73495	0.01981	0.00746	0.01073	0.13866	0.00708	0.01275	0.00873	0.00960	0.00573	0.00663	0.00521	0.00358	0.00276	0.00089	0.00478	0.00224	0.00179	0.00513
8	0.00580	0.00435	0.00652	0.00652	0.00724	0.00507	0.00507	0.00724	0.00652	0.00942	0.01087	0.01594	0.01014	0.03043	0.84134	0.00652	0.01087	0.00435	0.00217	0.00362
9	0.01028	0.32771	0.20075	0.03054	0.02311	0.14465	0.02366	0.01271	0.03204	0.03237	0.05948	0.05333	0.00907	0.00470	0.00356	0.00112	0.00495	0.01854	0.00226	0.00517
10	0.01158	0.00898	0.01433	0.07897	0.54008	0.00912	0.01068	0.04720	0.03745	0.16567	0.00948	0.01092	0.00722	0.00411	0.00427	0.00125	0.02591	0.00373	0.00270	0.00635
11	0.00491	0.00365	0.00459	0.00534	0.00580	0.00332	0.00363	0.00568	0.00807	0.01048	0.02616	0.68949	0.18966	0.01222	0.00510	0.00159	0.00229	0.01093	0.00377	0.00332
12	0.00754	0.00566	0.00616	0.00554	0.00721	0.00551	0.00429	0.15010	0.05291	0.03733	0.15884	0.06674	0.43285	0.00856	0.00457	0.00132	0.00256	0.00717	0.03078	0.00435
13	0.01001	0.12329	0.14310	0.10639	0.22690	0.03588	0.12495	0.06356	0.05295	0.02895	0.03985	0.01058	0.00753	0.00406	0.00395	0.00122	0.00512	0.00367	0.00231	0.00574
14	0.00937	0.04941	0.23329	0.05891	0.17821	0.01014	0.33980	0.02820	0.02882	0.01306	0.00792	0.01003	0.00603	0.00368	0.00423	0.00129	0.00591	0.00389	0.00202	0.00578
15	0.00614	0.00385	0.00460	0.00460	0.00460	0.00385	0.00268	0.00577	0.00577	0.00770	0.01160	0.02362	0.01316	0.68356	0.01966	0.18494	0.00385	0.00541	0.00231	0.00231
16	0.70678	0.00886	0.00698	0.00608	0.00865	0.07487	0.00495	0.05307	0.00824	0.08095	0.00670	0.00736	0.00502	0.00395	0.00280	0.00124	0.00356	0.00245	0.00275	0.00474
17	0.01076	0.00837	0.00907	0.00804	0.01037	0.00946	0.00629	0.02089	0.71427	0.09964	0.04476	0.01553	0.01305	0.00555	0.00415	0.00136	0.00319	0.00463	0.00423	0.00638
18	0.01002	0.00923	0.01469	0.21747	0.42243	0.00988	0.05834	0.09854	0.09249	0.01423	0.00869	0.01076	0.00682	0.00403	0.00409	0.00127	0.00488	0.00378	0.00239	0.00596
19	0.00896	0.00656	0.00957	0.13179	0.13058	0.00634	0.01961	0.01062	0.00869	0.12935	0.01292	0.25794	0.01264	0.00654	0.00450	0.00125	0.03474	0.00575	0.00300	0.19864
20	0.00495	0.00410	0.00435	0.00439	0.00564	0.00349	0.00329	0.00608	0.00942	0.01155	0.12821	0.08498	0.67507	0.01022	0.00484	0.00139	0.00210	0.02861	0.00385	0.00347
21	0.04193	0.40276	0.01509	0.00772	0.01062	0.05210	0.00676	0.16570	0.18611	0.01452	0.00966	0.05359	0.00818	0.00470	0.00339	0.00111	0.00411	0.00348	0.00284	0.00563
22	0.02162	0.14521	0.20426	0.01085	0.05182	0.07561	0.14308	0.03117	0.03919	0.06413	0.01907	0.00946	0.00657	0.00393	0.00400	0.00113	0.03092	0.00328	0.00231	0.13240
23	0.01099	0.10242	0.44366	0.00979	0.01445	0.00902	0.04280	0.01449	0.02854	0.21675	0.02471	0.01030	0.00722	0.00417	0.00380	0.00121	0.00495	0.00334	0.00269	0.04469

[dist]
# distance from previous block
# <min> <max>
0	1

[block]
# block no. 2 follows, 66 sequences, length 82
# corresponding to MSA columns:
# 296-332,334-378
name=unknown_C
#
# <colnr> <probs for GDERKNQSTAVLIFYWHMCP>
#	G	D	E	R	K	N	Q	S	T	A	V	L	I	F	Y	W	H	M	C	P
0	0.00668	0.03541	0.00737	0.00686	0.00798	0.00580	0.04534	0.01025	0.20977	0.01224	0.03385	0.51966	0.05340	0.00995	0.00479	0.00152	0.00286	0.01829	0.00371	0.00426
1	0.00494	0.00353	0.00471	0.00565	0.00588	0.00330	0.00377	0.00565	0.00777	0.01036	0.02236	0.85477	0.02683	0.01271	0.00518	0.00165	0.00235	0.01153	0.00377	0.00330
2	0.01017	0.06350	0.47219	0.01222	0.05490	0.00952	0.15350	0.02460	0.01959	0.12853	0.00874	0.00977	0.00619	0.00394	0.00399	0.00127	0.00558	0.00347	0.00231	0.00603
3	0.00774	0.00729	0.01230	0.82209	0.05294	0.00903	0.01130	0.01043	0.00815	0.01046	0.00722	0.01079	0.00544	0.00404	0.00406	0.00135	0.00539	0.00361	0.00181	0.00457
4	0.00591	0.00392	0.00449	0.00454	0.00456	0.00392	0.00260	0.00592	0.00600	0.00800	0.01309	0.05263	0.01509	0.79560	0.01979	0.02541	0.00387	0.01968	0.00250	0.00249
5	0.00846	0.01899	0.69357	0.01255	0.08150	0.00951	0.03662	0.01340	0.06332	0.01316	0.00795	0.00919	0.00575	0.00393	0.00391	0.00129	0.00574	0.00320	0.00191	0.00604
6	0.00967	0.02512	0.05116	0.38994	0.18604	0.02540	0.10494	0.04893	0.04636	0.06082	0.00842	0.01075	0.00634	0.00403	0.00409	0.00130	0.00524	0.00375	0.00227	0.00543
7	0.00565	0.00398	0.00524	0.00532	0.00606	0.00368	0.00384	0.00715	0.01022	0.02608	0.54288	0.31115	0.03397	0.00975	0.00491	0.00140	0.00209	0.00872	0.00424	0.00369
8	0.01009	0.00872	0.00917	0.00826	0.01055	0.01009	0.00642	0.02156	0.82478	0.01697	0.01651	0.01514	0.01238	0.00550	0.00413	0.00138	0.00321	0.00459	0.00413	0.00642
9	0.83842	0.00817	0.00671	0.00585	0.00841	0.02447	0.03377	0.01204	0.00709	0.01786	0.00575	0.00676	0.00447	0.00376	0.00261	0.00126	0.00335	0.00230	0.00249	0.00444
10	0.00910	0.00902	0.03401	0.13747	0.10417	0.01073	0.10447	0.03055	0.00782	0.02505	0.02158	0.01019	0.00639	0.00572	0.00896	0.01274	0.43311	0.00378	0.02025	0.00487
11	0.00946	0.01091	0.13051	0.11880	0.58005	0.00947	0.02801	0.01236	0.02095	0.01291	0.00767	0.00999	0.00620	0.00371	0.00400	0.00123	0.00503	0.00354	0.00198	0.02323
12	0.00842	0.00703	0.00825	0.00602	0.00943	0.00536	0.00479	0.01030	0.01775	0.02746	0.02409	0.03953	0.00753	0.00352	0.00315	0.00067	0.00297	0.00288	0.00256	0.80827
13	0.00888	0.00888	0.01243	0.01065	0.01065	0.01243	0.00888	0.00976	0.00621	0.00976	0.00533	0.00888	0.00533	0.00710	0.01331	0.00178	0.84999	0.00355	0.00178	0.00444
14	0.00775	0.00713	0.01034	0.30772	0.01604	0.00800	0.02470	0.00960	0.00797	0.01120	0.02854	0.05256	0.06940	0.00551	0.00594	0.00128	0.18507	0.01651	0.00228	0.22244
15	0.00585	0.00380	0.00468	0.00488	0.00496	0.00377	0.00298	0.00580	0.00624	0.00834	0.01399	0.20427	0.01613	0.52656	0.04353	0.12852	0.00376	0.00674	0.00263	0.00258
16	0.00536	0.00383	0.00519	0.00613	0.00655	0.00366	0.00449	0.00637	0.00818	0.01082	0.02213	0.64279	0.02592	0.01232	0.00529	0.00171	0.00272	0.21939	0.00376	0.00341
17	0.00798	0.00756	0.01286	0.73440	0.12775	0.00911	0.02215	0.01066	0.00827	0.01076	0.00728	0.01072	0.00554	0.00399	0.00406	0.00133	0.00535	0.00362	0.00183	0.00476
18	0.00806	0.00762	0.01289	0.70929	0.16319	0.00912	0.01147	0.01072	0.00830	0.01085	0.00728	0.01069	0.00558	0.00398	0.00405	0.00133	0.00531	0.00361	0.00184	0.00483
19	0.81172	0.00823	0.00702	0.00645	0.03394	0.02541	0.03272	0.01206	0.00716	0.01771	0.00581	0.00686	0.00453	0.00376	0.00266	0.00125	0.00340	0.00234	0.00247	0.00450
20	0.00606	0.00468	0.00570	0.00596	0.00696	0.00464	0.00453	0.01868	0.10452	0.01237	0.11720	0.28475	0.19909	0.01165	0.06008	0.00187	0.00316	0.14044	0.00378	0.00389
21	0.00587	0.00398	0.00464	0.00457	0.00478	0.00391	0.00275	0.00628	0.00710	0.00967	0.18789	0.02735	0.01979	0.67547	0.01725	0.00336	0.00350	0.00621	0.00289	0.00275
22	0.00589	0.00396	0.00458	0.00458	0.00463	0.00401	0.00265	0.00600	0.00594	0.00798	0.01265	0.02579	0.01442	0.79815	0.07946	0.00412	0.00443	0.00579	0.00244	0.00254
23	0.01524	0.01128	0.01208	0.00930	0.01251	0.01250	0.00767	0.79194	0.04601	0.02528	0.00997	0.00992	0.00708	0.00489	0.00406	0.00122	0.00442	0.00368	0.00406	0.00688
24	0.00871	0.01194	0.21811	0.01103	0.01263	0.01163	0.02977	0.01061	0.00688	0.01061	0.00588	0.00885	0.00530	0.00620	0.01075	0.00164	0.61939	0.00344	0.00177	0.00485
25	0.00766	0.00721	0.01217	0.84767	0.02794	0.00901	0.01127	0.01037	0.00811	0.01037	0.00721	0.01082	0.00541	0.00406	0.00406	0.00135	0.00541	0.00361	0.00180	0.00451
26	0.01031	0.69489	0.18156	0.00785	0.01182	0.01475	0.00852	0.01229	0.00831	0.01019	0.00596	0.00691	0.00519	0.00355	0.00285	0.00095	0.00466	0.00233	0.00173	0.00536
27	0.00542	0.00375	0.00463	0.00513	0.00529	0.00362	0.00324	0.00585	0.00702	0.00937	0.02966	0.45327	0.02150	0.39146	0.01212	0.00267	0.00309	0.02678	0.00319	0.00294
28	0.05381	0.37284	0.11024	0.00856	0.01168	0.19069	0.00800	0.04758	0.10052	0.01193	0.00734	0.00813	0.00604	0.00413	0.00369	0.00109	0.04344	0.00276	0.00221	0.00532
29	0.00893	0.00759	0.01213	0.15783	0.33969	0.02023	0.04469	0.03196	0.00919	0.06073	0.04805	0.19946	0.01242	0.00625	0.00458	0.01855	0.00425	0.00561	0.00270	0.00517
30	0.00480	0.00411	0.00411	0.00411	0.00548	0.00343	0.00308	0.00582	0.00925	0.01096	0.04110	0.03905	0.83046	0.01028	0.00480	0.00137	0.00206	0.00856	0.00377	0.00343
31	0.00494	0.00353	0.00471	0.00565	0.00588	0.00330	0.00377	0.00565	0.00777	0.01036	0.02236	0.85477	0.02683	0.01271	0.00518	0.00165	0.00235	0.01153	0.00377	0.00330
32	0.02760	0.71550	0.01941	0.00731	0.01060	0.07350	0.00696	0.04208	0.04593	0.01065	0.00633	0.00708	0.00558	0.00367	0.00280	0.00092	0.00448	0.00236	0.00197	0.00527
33	0.00735	0.00623	0.00999	0.40133	0.09779	0.00703	0.02087	0.00942	0.02120	0.03641	0.02421	0.29423	0.01347	0.00734	0.01371	0.00149	0.01452	0.00637	0.00266	0.00439
34	0.00608	0.00476	0.00703	0.00685	0.00752	0.00571	0.00538	0.00749	0.00666	0.00969	0.03857	0.01578	0.01067	0.02752	0.73623	0.00590	0.08787	0.00438	0.00222	0.00370
35	0.00816	0.02083	0.82401	0.01165	0.01762	0.00944	0.02722	0.01285	0.00858	0.01285	0.00729	0.00860	0.00515	0.00385	0.00387	0.00129	0.00601	0.00303	0.00172	0.00599
36	0.00983	0.00944	0.01778	0.12334	0.18595	0.00982	0.35624	0.01242	0.00891	0.07057	0.00819	0.01080	0.00639	0.00494	0.02964	0.00153	0.12241	0.00416	0.00219	0.00545
37	0.75536	0.00854	0.00692	0.00682	0.05588	0.05932	0.00509	0.01207	0.00731	0.01714	0.00596	0.00712	0.00474	0.00461	0.02866	0.00140	0.00373	0.00237	0.00245	0.00451
38	0.03615	0.03015	0.37960	0.04216	0.35354	0.00949	0.04174	0.01240	0.00881	0.01300	0.00779	0.02277	0.00626	0.00397	0.00394	0.00126	0.00532	0.01375	0.00193	0.00597
39	0.00870	0.02098	0.00905	0.00644	0.00998	0.00607	0.02188	0.02601	0.05442	0.01360	0.00778	0.00884	0.00637	0.00320	0.00312	0.00068	0.00314	0.00260	0.00251	0.78464
40	0.00592	0.00393	0.00444	0.00444	0.00444	0.00393	0.00248	0.00589	0.00589	0.00785	0.01269	0.02631	0.01462	0.84332	0.02057	0.01861	0.00393	0.00586	0.00245	0.00245
41	0.00588	0.00406	0.00504	0.00508	0.00530	0.00424	0.00328	0.00632	0.00620	0.00844	0.01271	0.03753	0.01401	0.60291	0.23318	0.00451	0.00570	0.03034	0.00244	0.00281
42	0.00498	0.00361	0.00471	0.00558	0.00592	0.00334	0.00379	0.00574	0.00793	0.01045	0.02379	0.76905	0.08920	0.01248	0.00516	0.00163	0.00237	0.03319	0.00377	0.00332
43	0.00580	0.00435	0.00652	0.00652	0.00724	0.00507	0.00507	0.00724	0.00652	0.00942	0.01087	0.01594	0.01014	0.03043	0.84134	0.00652	0.01087	0.00435	0.00217	0.00362
44	0.01009	0.00872	0.00917	0.00826	0.01055	0.01009	0.00642	0.02156	0.82478	0.01697	0.01651	0.01514	0.01238	0.00550	0.00413	0.00138	0.00321	0.00459	0.00413	0.00642
45	0.88607	0.00785	0.00596	0.00534	0.00785	0.00910	0.00439	0.01193	0.00690	0.01820	0.00565	0.00659	0.00439	0.00377	0.00251	0.00126	0.00314	0.00220	0.00251	0.00439
46	0.00766	0.00721	0.01217	0.84767	0.02794	0.00901	0.01127	0.01037	0.00811	0.01037	0.00721	0.01082	0.00541	0.00406	0.00406	0.00135	0.00541	0.00361	0.00180	0.00451
47	0.88607	0.00785	0.00596	0.00534	0.00785	0.00910	0.00439	0.01193	0.00690	0.01820	0.00565	0.00659	0.00439	0.00377	0.00251	0.00126	0.00314	0.00220	0.00251	0.00439
48	0.00841	0.00721	0.00841	0.00601	0.00961	0.00541	0.00481	0.01022	0.00841	0.01322	0.00721	0.00841	0.00601	0.00300	0.00300	0.00060	0.00300	0.00240	0.00240	0.88222
49	0.01542	0.01136	0.01218	0.00933	0.01258	0.01258	0.00771	0.81858	0.01908	0.02557	0.00974	0.00974	0.00690	0.00487	0.00406	0.00122	0.00446	0.00365	0.00406	0.00690
50	0.01498	0.01114	0.01192	0.00924	0.01241	0.01237	0.00760	0.75186	0.08653	0.02485	0.01031	0.01019	0.00736	0.00492	0.00406	0.00123	0.00436	0.00373	0.00406	0.00686
51	0.15936	0.64513	0.04550	0.00687	0.01019	0.02959	0.00674	0.02336	0.00824	0.01145	0.00590	0.00680	0.00518	0.00359	0.00267	0.00096	0.00421	0.00226	0.01692	0.00509
52	0.01551	0.01108	0.01184	0.00912	0.01231	0.02729	0.00752	0.73449	0.01825	0.08350	0.01018	0.01007	0.00715	0.00487	0.00404	0.00121	0.00441	0.00367	0.01669	0.00681
53	0.00627	0.00449	0.00621	0.00705	0.00791	0.00443	0.00598	0.00799	0.00929	0.01218	0.07448	0.13939	0.03821	0.01118	0.00549	0.00180	0.00343	0.64675	0.00379	0.00369
54	0.00888	0.00888	0.01243	0.01065	0.01065	0.01243	0.00888	0.00976	0.00621	0.00976	0.00533	0.00888	0.00533	0.00710	0.01331	0.00178	0.84999	0.00355	0.00178	0.00444
55	0.00519	0.00386	0.00489	0.00555	0.00618	0.00356	0.00403	0.00621	0.00854	0.01111	0.07552	0.51038	0.19974	0.01170	0.00513	0.00160	0.00247	0.12710	0.00380	0.00342
56	0.88607	0.00785	0.00596	0.00534	0.00785	0.00910	0.00439	0.01193	0.00690	0.01820	0.00565	0.00659	0.00439	0.00377	0.00251	0.00126	0.00314	0.00220	0.00251	0.00439
57	0.00888	0.00888	0.01243	0.01065	0.01065	0.01243	0.00888	0.00976	0.00621	0.00976	0.00533	0.00888	0.00533	0.00710	0.01331	0.00178	0.84999	0.00355	0.00178	0.00444
58	0.00773	0.00604	0.00734	0.00754	0.00891	0.00650	0.00619	0.02665	0.28571	0.01400	0.04752	0.10229	0.02016	0.00919	0.00501	0.00165	0.00339	0.42561	0.00390	0.00467
59	0.00552	0.00456	0.00567	0.00521	0.00657	0.00407	0.04178	0.00726	0.03109	0.01323	0.33958	0.03378	0.46870	0.00907	0.00477	0.00133	0.00226	0.00782	0.00396	0.00375
60	0.00829	0.00707	0.00827	0.00597	0.00945	0.00533	0.00476	0.01010	0.00856	0.01336	0.04593	0.00944	0.00753	0.00325	0.00309	0.00063	0.00295	0.00264	0.00250	0.84088
61	0.00586	0.00392	0.00444	0.00448	0.00449	0.00390	0.00252	0.00589	0.00598	0.00798	0.01322	0.06417	0.01530	0.81904	0.01995	0.00383	0.00386	0.00616	0.00252	0.00250
62	0.00724	0.04870	0.17962	0.00763	0.01009	0.00637	0.06013	0.03184	0.03315	0.03669	0.18536	0.14023	0.17124	0.00773	0.00454	0.00137	0.00355	0.05665	0.00333	0.00454
63	0.00586	0.00393	0.00447	0.00449	0.00453	0.00391	0.00255	0.00595	0.00617	0.00826	0.04258	0.05522	0.01601	0.79770	0.01954	0.00376	0.00381	0.00615	0.00258	0.00254
64	0.01004	0.00844	0.00896	0.00804	0.01027	0.00968	0.00625	0.03609	0.74633	0.02699	0.05460	0.01573	0.01343	0.00560	0.00413	0.00136	0.00315	0.00468	0.01994	0.00627
65	0.01055	0.00945	0.01629	0.04787	0.69593	0.00939	0.06262	0.01297	0.00940	0.07405	0.00828	0.01040	0.00665	0.00372	0.00407	0.00122	0.00486	0.00372	0.00223	0.00634
66	0.00703	0.00410	0.03109	0.00553	0.00575	0.00377	0.00394	0.00560	0.00544	0.00732	0.00721	0.01236	0.00711	0.01445	0.04927	0.81884	0.00390	0.00354	0.00178	0.00197
67	0.00497	0.00355	0.00474	0.00568	0.00593	0.00332	0.00381	0.00569	0.00779	0.01039	0.02235	0.84176	0.02678	0.01269	0.00519	0.00165	0.00238	0.02429	0.00377	0.00330
68	0.00978	0.01096	0.02353	0.01683	0.02091	0.01034	0.78948	0.04075	0.00990	0.01343	0.00826	0.01090	0.00618	0.00347	0.00476	0.00136	0.00676	0.00475	0.00212	0.00552
69	0.00996	0.58992	0.26380	0.02815	0.01295	0.01391	0.00944	0.01231	0.00834	0.01055	0.00617	0.00722	0.00519	0.00360	0.00301	0.00100	0.00486	0.00245	0.00173	0.00543
70	0.00591	0.00435	0.00555	0.00522	0.00625	0.00410	0.00392	0.00823	0.04853	0.01614	0.76840	0.02988	0.06165	0.00823	0.00476	0.00128	0.00198	0.00725	0.00443	0.00393
71	0.00584	0.00391	0.00444	0.00450	0.00451	0.00390	0.00254	0.00589	0.00601	0.00801	0.01335	0.07544	0.01546	0.80756	0.01974	0.00380	0.00384	0.00623	0.00254	0.00251
72	0.04876	0.70344	0.04893	0.00798	0.02595	0.04980	0.04482	0.01238	0.00841	0.01028	0.00588	0.00689	0.00524	0.00353	0.00281	0.00094	0.00459	0.00237	0.00180	0.00521
73	0.00736	0.00440	0.00562	0.00515	0.00634	0.00405	0.00392	0.00923	0.01108	0.10534	0.62514	0.02635	0.03124	0.00743	0.00443	0.00123	0.00208	0.00648	0.12898	0.00416
74	0.00832	0.00711	0.00831	0.00598	0.00950	0.00536	0.00477	0.01013	0.00852	0.01332	0.03471	0.00914	0.00709	0.00318	0.00306	0.00062	0.00297	0.00257	0.00247	0.85286
75	0.00503	0.00355	0.00467	0.00556	0.00584	0.00331	0.00372	0.00578	0.00782	0.01053	0.02242	0.81092	0.04184	0.01240	0.00509	0.00162	0.00233	0.01122	0.03305	0.00331
76	0.03091	0.00424	0.00525	0.00497	0.00602	0.00393	0.00374	0.00760	0.01103	0.01569	0.69850	0.03032	0.12797	0.00832	0.00468	0.00128	0.00196	0.00726	0.02253	0.00380
77	0.00500	0.00412	0.00433	0.00433	0.00558	0.00353	0.00323	0.00609	0.00933	0.01142	0.12274	0.03775	0.68642	0.04858	0.00554	0.00149	0.00217	0.03114	0.00378	0.00343
78	0.00791	0.01103	0.23842	0.01135	0.01467	0.00762	0.24516	0.01101	0.00917	0.01261	0.01332	0.02438	0.01286	0.00669	0.00481	0.00153	0.00524	0.32949	0.00265	0.03004
79	0.00517	0.00371	0.00495	0.00582	0.00620	0.00349	0.00410	0.00607	0.00813	0.01079	0.04969	0.70590	0.04573	0.01232	0.00521	0.00166	0.00251	0.11140	0.00379	0.00337
80	0.01032	0.00866	0.00918	0.00823	0.01054	0.00997	0.00641	0.02151	0.80147	0.04042	0.01650	0.01510	0.01232	0.00549	0.00413	0.00137	0.00322	0.00457	0.00415	0.00644
81	0.01085	0.85986	0.02126	0.00694	0.01041	0.01605	0.00694	0.01215	0.00824	0.00955	0.00564	0.00651	0.00521	0.00347	0.00260	0.00087	0.00434	0.00217	0.00174	0.00521

[dist]
# distance from previous block
# <min> <max>
0	2

[block]
# block no. 3 follows, 66 sequences, length 6
# corresponding to MSA columns:
# 381-386
name=unknown_D
#
# <colnr> <probs for GDERKNQSTAVLIFYWHMCP>
#	G	D	E	R	K	N	Q	S	T	A	V	L	I	F	Y	W	H	M	C	P
0	0.01004	0.00964	0.01647	0.02490	0.83211	0.00964	0.01245	0.01245	0.00924	0.01325	0.00763	0.01004	0.00643	0.00361	0.00402	0.00120	0.00482	0.00361	0.00201	0.00643
1	0.00702	0.00440	0.00565	0.00543	0.00614	0.00450	0.00381	0.00780	0.00702	0.09371	0.01509	0.02264	0.08916	0.39646	0.30910	0.00434	0.00617	0.00541	0.00274	0.00342
2	0.00510	0.00375	0.00482	0.00561	0.00611	0.00347	0.00397	0.00599	0.00818	0.01066	0.02522	0.63362	0.15343	0.01215	0.00517	0.00163	0.00246	0.10151	0.00376	0.00337
3	0.00612	0.00448	0.00551	0.00542	0.00549	0.00490	0.00352	0.00640	0.00619	0.00847	0.01291	0.11944	0.01476	0.60783	0.07273	0.00360	0.10068	0.00618	0.00251	0.00286
4	0.12703	0.05937	0.06085	0.05049	0.32728	0.01065	0.00951	0.20725	0.08026	0.01683	0.00848	0.00969	0.00659	0.00412	0.00375	0.00122	0.00444	0.00340	0.00271	0.00609
5	0.03017	0.09857	0.16239	0.16454	0.09375	0.01001	0.14996	0.03106	0.00867	0.01232	0.00713	0.00930	0.00565	0.00396	0.00466	0.00121	0.08183	0.00336	0.00199	0.11946

[dist]
# distance from previous block
# <min> <max>
2	21

[block]
# block no. 4 follows, 66 sequences, length 36
# corresponding to MSA columns:
# 408-443
name=unknown_E
#
# <colnr> <probs for GDERKNQSTAVLIFYWHMCP>
#	G	D	E	R	K	N	Q	S	T	A	V	L	I	F	Y	W	H	M	C	P
0	0.01005	0.00879	0.02348	0.01334	0.26423	0.00932	0.01988	0.04051	0.40420	0.04826	0.01414	0.05970	0.03635	0.00541	0.00438	0.00134	0.02242	0.00470	0.00336	0.00613
1	0.00565	0.00451	0.00561	0.00527	0.00651	0.00396	0.04101	0.00674	0.00880	0.02315	0.10288	0.18319	0.42015	0.10798	0.00659	0.00167	0.00261	0.00811	0.00354	0.05207
2	0.02137	0.10782	0.59018	0.05684	0.03615	0.02478	0.03475	0.01267	0.00862	0.02414	0.00722	0.00859	0.00532	0.00379	0.00371	0.00121	0.00560	0.00298	0.00183	0.04244
3	0.00973	0.38220	0.24617	0.01060	0.03985	0.04042	0.14620	0.01236	0.00861	0.01117	0.00690	0.00848	0.00566	0.00507	0.04925	0.00139	0.00569	0.00302	0.00183	0.00540
4	0.00752	0.00551	0.00669	0.00618	0.00755	0.00572	0.00477	0.04331	0.18308	0.04036	0.45728	0.02411	0.02616	0.00981	0.09491	0.00187	0.00336	0.02969	0.03758	0.00456
5	0.00845	0.00843	0.04013	0.09655	0.35939	0.00838	0.11245	0.01067	0.00852	0.01189	0.01048	0.06641	0.03078	0.03433	0.08772	0.00195	0.05281	0.04324	0.00224	0.00519
6	0.17427	0.01099	0.12619	0.05156	0.24304	0.03819	0.06679	0.10735	0.02529	0.06149	0.04080	0.01026	0.00739	0.00419	0.00391	0.00126	0.01520	0.00351	0.00260	0.00573
7	0.00597	0.00410	0.00514	0.00522	0.00551	0.00429	0.00350	0.00655	0.00642	0.00881	0.01304	0.02518	0.01419	0.54988	0.23221	0.00436	0.00567	0.07414	0.02294	0.00290
8	0.15549	0.00764	0.00885	0.00721	0.00998	0.00770	0.00590	0.10663	0.13272	0.43474	0.01386	0.01371	0.00968	0.00511	0.00386	0.00128	0.00344	0.03569	0.03030	0.00621
9	0.00826	0.00749	0.01220	0.32285	0.17802	0.01997	0.09018	0.02260	0.00882	0.03401	0.05043	0.07184	0.06779	0.06299	0.00561	0.00152	0.02329	0.00494	0.00244	0.00475
10	0.02746	0.18070	0.28157	0.02648	0.03866	0.04402	0.20842	0.01364	0.05740	0.05798	0.00838	0.01002	0.00643	0.00396	0.00387	0.00123	0.00549	0.01644	0.00220	0.00565
11	0.01516	0.01934	0.01150	0.01045	0.01254	0.84113	0.00784	0.01620	0.01150	0.00993	0.00627	0.00732	0.00523	0.00418	0.00366	0.00105	0.00732	0.00261	0.00209	0.00470
12	0.01572	0.00642	0.00844	0.00665	0.00941	0.00562	0.00543	0.03219	0.01130	0.65899	0.03862	0.01695	0.09933	0.00565	0.00410	0.00125	0.00318	0.00462	0.05987	0.00626
13	0.01026	0.00923	0.01556	0.13362	0.64939	0.00943	0.02606	0.02905	0.00942	0.05712	0.00808	0.01036	0.00649	0.00377	0.00404	0.00123	0.00485	0.00366	0.00218	0.00619
14	0.01085	0.85986	0.02126	0.00694	0.01041	0.01605	0.00694	0.01215	0.00824	0.00955	0.00564	0.00651	0.00521	0.00347	0.00260	0.00087	0.00434	0.00217	0.00174	0.00521
15	0.00483	0.00411	0.00415	0.00414	0.00550	0.00344	0.00311	0.00588	0.00932	0.01114	0.06743	0.03875	0.80402	0.01021	0.00479	0.00137	0.00205	0.00852	0.00379	0.00344
16	0.00489	0.00412	0.00426	0.00432	0.00562	0.00348	0.00326	0.00597	0.00927	0.01113	0.06045	0.06326	0.75372	0.01033	0.00484	0.00140	0.00213	0.04033	0.00378	0.00344
17	0.01779	0.00756	0.00982	0.00753	0.01068	0.00693	0.00622	0.13702	0.01271	0.71612	0.01509	0.01321	0.00958	0.00500	0.00408	0.00125	0.00360	0.00402	0.00488	0.00690
18	0.00645	0.00405	0.00483	0.00476	0.00570	0.00379	0.00351	0.00804	0.00974	0.03752	0.35923	0.11963	0.10629	0.04175	0.00490	0.00135	0.00212	0.01897	0.25362	0.00375
19	0.88607	0.00785	0.00596	0.00534	0.00785	0.00910	0.00439	0.01193	0.00690	0.01820	0.00565	0.00659	0.00439	0.00377	0.00251	0.00126	0.00314	0.00220	0.00251	0.00439
20	0.00589	0.00396	0.00453	0.00451	0.00458	0.00396	0.00260	0.00603	0.00622	0.00836	0.05741	0.02649	0.01592	0.79043	0.04020	0.00385	0.00400	0.00594	0.00256	0.00256
21	0.01128	0.51724	0.01763	0.01013	0.13060	0.18292	0.00772	0.01267	0.00911	0.01024	0.00800	0.00897	0.05050	0.00401	0.00314	0.00098	0.00489	0.00282	0.00196	0.00518
22	0.00744	0.00655	0.02314	0.01914	0.04436	0.00532	0.04434	0.00922	0.00878	0.01286	0.09709	0.16719	0.02700	0.00602	0.00393	0.00104	0.00315	0.05530	0.00292	0.45522
23	0.00980	0.04644	0.42556	0.01575	0.29299	0.05379	0.02939	0.01323	0.00912	0.05529	0.00776	0.00925	0.00586	0.00383	0.00388	0.00123	0.00549	0.00325	0.00201	0.00608
24	0.01071	0.01112	0.01513	0.10784	0.60184	0.15839	0.01150	0.01291	0.00953	0.01236	0.00734	0.00963	0.00611	0.00376	0.00396	0.00119	0.00533	0.00343	0.00200	0.00592
25	0.01009	0.00872	0.00917	0.00826	0.01055	0.01009	0.00642	0.02156	0.82478	0.01697	0.01651	0.01514	0.01238	0.00550	0.00413	0.00138	0.00321	0.00459	0.00413	0.00642
26	0.00590	0.00393	0.00442	0.00442	0.00442	0.00393	0.00246	0.00590	0.00590	0.00787	0.01278	0.02655	0.01475	0.85742	0.02065	0.00393	0.00393	0.00590	0.00246	0.00246
27	0.00490	0.00413	0.00427	0.00436	0.00567	0.00350	0.00331	0.00597	0.00921	0.01101	0.03938	0.06362	0.75854	0.01040	0.00485	0.00141	0.00216	0.05611	0.00377	0.00344
28	0.00589	0.00399	0.00471	0.00471	0.00481	0.00409	0.00281	0.00608	0.00598	0.00808	0.01252	0.02511	0.01412	0.74500	0.13221	0.00428	0.00488	0.00569	0.00242	0.00262
29	0.01493	0.01119	0.01179	0.00912	0.01225	0.02866	0.00750	0.76501	0.01847	0.02458	0.01112	0.01105	0.04496	0.00511	0.00408	0.00122	0.00441	0.00386	0.00401	0.00670
30	0.01126	0.77892	0.02032	0.00728	0.01062	0.09550	0.00703	0.01254	0.00856	0.00958	0.00570	0.00659	0.00521	0.00354	0.00270	0.00088	0.00463	0.00221	0.00177	0.00516
31	0.00576	0.00414	0.00544	0.00585	0.00632	0.00423	0.00408	0.04368	0.00782	0.01061	0.03075	0.50043	0.02066	0.12791	0.19927	0.00304	0.00461	0.00871	0.00325	0.00344
32	0.01034	0.35639	0.28882	0.01026	0.03322	0.05746	0.10385	0.02247	0.00895	0.04935	0.00720	0.00851	0.00571	0.01679	0.00372	0.00115	0.00530	0.00297	0.00198	0.00555
33	0.00606	0.00449	0.00616	0.00611	0.00675	0.00507	0.00452	0.00770	0.05110	0.00946	0.01164	0.01844	0.01137	0.22761	0.59854	0.00562	0.00878	0.00473	0.00235	0.00350
34	0.00600	0.00435	0.00576	0.00620	0.00709	0.00418	0.00505	0.00763	0.00968	0.01289	0.25478	0.09655	0.10482	0.04953	0.00596	0.00173	0.00296	0.40729	0.00389	0.00364
35	0.61224	0.00898	0.00754	0.00693	0.03719	0.06297	0.00535	0.11636	0.04674	0.01827	0.00709	0.00790	0.00545	0.00405	0.00292	0.00123	0.00359	0.00263	0.03769	0.00488

[dist]
# distance from previous block
# <min> <max>
0	4

[block]
# block no. 5 follows, 66 sequences, length 27
# corresponding to MSA columns:
# 480-506
name=unknown_F
#
# <colnr> <probs for GDERKNQSTAVLIFYWHMCP>
#	G	D	E	R	K	N	Q	S	T	A	V	L	I	F	Y	W	H	M	C	P
0	0.65182	0.00830	0.00785	0.07146	0.07830	0.02647	0.00589	0.03595	0.00768	0.01687	0.00611	0.00743	0.00481	0.00388	0.00311	0.00125	0.02513	0.00252	0.00243	0.03275
1	0.10074	0.00764	0.02278	0.00776	0.01010	0.00778	0.00649	0.01524	0.00950	0.44287	0.03658	0.01184	0.00878	0.00530	0.00608	0.00132	0.20794	0.00370	0.00368	0.08387
2	0.00591	0.00397	0.00460	0.00471	0.00479	0.00396	0.00283	0.00608	0.00624	0.00830	0.01384	0.06095	0.01589	0.75847	0.01887	0.00368	0.00386	0.06785	0.00261	0.00259
3	0.00615	0.00497	0.00651	0.00662	0.00735	0.04512	0.00507	0.00749	0.00703	0.00967	0.01263	0.13426	0.01271	0.02600	0.65433	0.00541	0.00925	0.03334	0.00245	0.00363
4	0.00842	0.01260	0.32529	0.17897	0.08089	0.00872	0.06747	0.01201	0.04827	0.03963	0.01005	0.07387	0.00869	0.00527	0.00469	0.00139	0.04827	0.05788	0.00229	0.00532
5	0.01461	0.01819	0.01125	0.01022	0.01233	0.75182	0.00769	0.01678	0.09890	0.01069	0.00737	0.00816	0.00600	0.00432	0.00371	0.00108	0.00688	0.00283	0.00231	0.00489
6	0.00728	0.00469	0.00585	0.00533	0.00669	0.00431	0.00407	0.00945	0.05030	0.11432	0.54709	0.02919	0.17945	0.00813	0.00467	0.00130	0.00219	0.00704	0.00439	0.00425
7	0.00814	0.00639	0.00689	0.00637	0.00761	0.06581	0.00481	0.07887	0.12768	0.01478	0.35168	0.05223	0.02196	0.00878	0.02744	0.13343	0.00323	0.02147	0.04824	0.00419
8	0.00844	0.01100	0.23071	0.40573	0.11247	0.00870	0.04104	0.01148	0.00856	0.05083	0.00878	0.06850	0.00718	0.00457	0.00410	0.00133	0.00525	0.00406	0.00210	0.00518
9	0.00587	0.00442	0.00510	0.00510	0.00593	0.00425	0.00362	0.00762	0.06971	0.01171	0.20190	0.08584	0.23594	0.26214	0.00956	0.00217	0.00282	0.06927	0.00356	0.00347
10	0.01537	0.01126	0.08531	0.00907	0.01254	0.01086	0.00798	0.57299	0.01651	0.20023	0.01088	0.01052	0.00742	0.00481	0.00404	0.00123	0.00438	0.00369	0.00406	0.00682
11	0.00920	0.00862	0.01437	0.39281	0.43810	0.00948	0.01173	0.04476	0.00914	0.01247	0.00753	0.01038	0.00599	0.00386	0.00404	0.00127	0.00507	0.00361	0.00200	0.00559
12	0.02937	0.00695	0.01162	0.08982	0.01294	0.00728	0.21926	0.01058	0.07912	0.03343	0.01401	0.28420	0.01409	0.01889	0.00550	0.00150	0.07143	0.02638	0.05913	0.00450
13	0.00506	0.00413	0.00449	0.00448	0.00572	0.00355	0.00338	0.00630	0.00968	0.01209	0.20355	0.05639	0.61675	0.00996	0.00483	0.00138	0.00210	0.03874	0.00391	0.00352
14	0.01030	0.00898	0.00929	0.00829	0.01063	0.02736	0.00645	0.04243	0.76982	0.01698	0.01593	0.01469	0.01196	0.00541	0.00409	0.00135	0.00333	0.00448	0.00405	0.02419
15	0.10216	0.00596	0.00626	0.00596	0.00713	0.04584	0.00433	0.01029	0.11131	0.07168	0.05600	0.11495	0.07382	0.23430	0.12990	0.00278	0.00447	0.00573	0.00315	0.00400
16	0.01462	0.01628	0.01161	0.05630	0.01333	0.55774	0.00794	0.21536	0.04421	0.01411	0.00758	0.00841	0.00592	0.00440	0.00380	0.00112	0.00635	0.00300	0.00264	0.00530
17	0.00958	0.00995	0.01881	0.01395	0.01738	0.00984	0.54557	0.03324	0.20986	0.01448	0.06514	0.01324	0.00985	0.00429	0.00461	0.00136	0.00557	0.00488	0.00277	0.00563
18	0.01384	0.00718	0.00888	0.00708	0.00962	0.00693	0.00574	0.21057	0.01333	0.39714	0.23176	0.01791	0.03968	0.00600	0.00428	0.00125	0.00325	0.00497	0.00460	0.00599
19	0.00941	0.00864	0.01489	0.34894	0.43562	0.00927	0.05614	0.01196	0.00891	0.04598	0.00784	0.01055	0.00616	0.00384	0.00408	0.00127	0.00511	0.00370	0.00205	0.00563
20	0.33594	0.00800	0.00910	0.00724	0.01017	0.03333	0.05029	0.04198	0.01001	0.43857	0.01128	0.01067	0.00751	0.00444	0.00353	0.00125	0.00368	0.00337	0.00382	0.00584
21	0.01072	0.00612	0.00749	0.00645	0.00846	0.00597	0.00507	0.01471	0.20365	0.28112	0.30509	0.02214	0.09219	0.00675	0.00440	0.00130	0.00273	0.00574	0.00451	0.00540
22	0.00590	0.00393	0.00442	0.00442	0.00442	0.00393	0.00246	0.00590	0.00590	0.00787	0.01278	0.02655	0.01475	0.85742	0.02065	0.00393	0.00393	0.00590	0.00246	0.00246
23	0.88607	0.00785	0.00596	0.00534	0.00785	0.00910	0.00439	0.01193	0.00690	0.01820	0.00565	0.00659	0.00439	0.00377	0.00251	0.00126	0.00314	0.00220	0.00251	0.00439
24	0.00590	0.00393	0.00442	0.00442	0.00442	0.00393	0.00246	0.00590	0.00590	0.00787	0.01278	0.02655	0.01475	0.85742	0.02065	0.00393	0.00393	0.00590	0.00246	0.00246
25	0.01231	0.18028	0.01429	0.01057	0.05755	0.30746	0.07025	0.07105	0.17154	0.01274	0.00859	0.00938	0.00690	0.00440	0.00414	0.00116	0.04618	0.00326	0.00254	0.00544
26	0.19050	0.49751	0.12370	0.00723	0.01065	0.01293	0.00732	0.04012	0.00836	0.01237	0.00692	0.05373	0.00628	0.00414	0.00294	0.00106	0.00420	0.00285	0.00209	0.00510

[dist]
# distance from previous block
# <min> <max>
0	5

[block]
# block no. 6 follows, 66 sequences, length 24
# corresponding to MSA columns:
# 513-536
name=unknown_G
#
# <colnr> <probs for GDERKNQSTAVLIFYWHMCP>
#	G	D	E	R	K	N	Q	S	T	A	V	L	I	F	Y	W	H	M	C	P
0	0.00938	0.00925	0.04582	0.17302	0.56176	0.00918	0.01161	0.03892	0.00929	0.01297	0.00873	0.04282	0.00766	0.00440	0.00413	0.00128	0.00482	0.03695	0.00217	0.00585
1	0.00695	0.00535	0.00564	0.00529	0.00649	0.03289	0.00385	0.09052	0.00992	0.03106	0.14809	0.09450	0.34977	0.16207	0.00781	0.02238	0.00289	0.00721	0.00359	0.00374
2	0.00882	0.00754	0.01036	0.00905	0.00935	0.00989	0.00734	0.00967	0.00673	0.06797	0.00842	0.01456	0.00843	0.15508	0.03211	0.00222	0.57613	0.04989	0.00224	0.00421
3	0.00590	0.00395	0.00450	0.00450	0.00453	0.00397	0.00255	0.00595	0.00592	0.00792	0.01271	0.02616	0.01458	0.82735	0.05049	0.00403	0.00419	0.00584	0.00245	0.00250
4	0.12420	0.00647	0.00773	0.00617	0.00880	0.00583	0.00497	0.01403	0.02717	0.34564	0.15386	0.01469	0.01342	0.00499	0.00370	0.00110	0.00295	0.00403	0.05518	0.19506
5	0.01638	0.00948	0.01073	0.00837	0.01145	0.04414	0.00689	0.39996	0.01509	0.38829	0.01279	0.01262	0.00877	0.00511	0.00410	0.00125	0.00411	0.02938	0.00440	0.00671
6	0.00567	0.00459	0.00561	0.00611	0.06430	0.00417	0.00410	0.00730	0.02783	0.01306	0.32339	0.06713	0.40626	0.03613	0.00524	0.00142	0.00230	0.00772	0.00386	0.00381
7	0.00958	0.01094	0.02394	0.01710	0.02120	0.01026	0.81737	0.01300	0.00958	0.01300	0.00821	0.01094	0.00616	0.00342	0.00479	0.00137	0.00684	0.00479	0.00205	0.00547
8	0.10474	0.00593	0.00655	0.00556	0.00764	0.00574	0.00444	0.08768	0.01041	0.25926	0.01915	0.01866	0.19263	0.00597	0.00372	0.00119	0.00277	0.00476	0.24821	0.00499
9	0.01519	0.00682	0.00886	0.00704	0.00972	0.00629	0.00572	0.07716	0.05861	0.57367	0.16883	0.01669	0.01526	0.00565	0.00421	0.00126	0.00322	0.00469	0.00479	0.00630
10	0.01258	0.00813	0.00942	0.00747	0.01050	0.00793	0.00600	0.12355	0.25763	0.24499	0.01281	0.01213	0.00918	0.00457	0.00378	0.00110	0.00339	0.00370	0.00387	0.25727
11	0.04813	0.00861	0.01032	0.00794	0.01110	0.00855	0.00656	0.31807	0.01423	0.50326	0.01329	0.01203	0.00867	0.00492	0.00402	0.00124	0.00382	0.00385	0.00457	0.00681
12	0.00593	0.00397	0.00460	0.00463	0.00472	0.00398	0.00274	0.00602	0.00609	0.00811	0.01340	0.02659	0.03110	0.75501	0.05416	0.02788	0.00417	0.03185	0.00250	0.00255
13	0.01468	0.00783	0.00951	0.00723	0.01039	0.00724	0.00592	0.20086	0.01241	0.41063	0.01234	0.01168	0.00839	0.00450	0.00375	0.00108	0.00349	0.00357	0.05196	0.21253
14	0.01342	0.01230	0.01092	0.00921	0.01183	0.20874	0.00727	0.33821	0.30996	0.01873	0.01138	0.01112	0.00849	0.00494	0.00399	0.00123	0.00469	0.00374	0.00362	0.00620
15	0.01483	0.01107	0.01184	0.00922	0.01236	0.01231	0.00757	0.73019	0.10843	0.02462	0.01049	0.01034	0.00751	0.00494	0.00407	0.00124	0.00433	0.00376	0.00407	0.00685
16	0.00587	0.00406	0.00508	0.00508	0.00531	0.00429	0.00328	0.00632	0.00609	0.00835	0.01218	0.02323	0.01331	0.59848	0.27761	0.00474	0.00610	0.00541	0.00237	0.00282
17	0.00841	0.00721	0.00841	0.00601	0.00961	0.00541	0.00481	0.01022	0.00841	0.01322	0.00721	0.00841	0.00601	0.00300	0.00300	0.00060	0.00300	0.00240	0.00240	0.88222
18	0.04613	0.11210	0.17407	0.01072	0.01332	0.03663	0.14830	0.04125	0.01865	0.01178	0.00715	0.01020	0.00624	0.06952	0.00809	0.00160	0.27365	0.00360	0.00201	0.00498
19	0.00496	0.00408	0.00436	0.00436	0.00560	0.00348	0.00324	0.00611	0.00952	0.01178	0.16686	0.08783	0.65356	0.01011	0.00482	0.00137	0.00205	0.00855	0.00388	0.00348
20	0.00598	0.00378	0.00483	0.00502	0.00511	0.00378	0.00315	0.00579	0.00616	0.00827	0.01317	0.18651	0.01497	0.43078	0.07142	0.21589	0.00399	0.00634	0.00253	0.00253
21	0.68688	0.04401	0.00761	0.00603	0.00871	0.00967	0.00502	0.11759	0.00881	0.06481	0.00677	0.00740	0.00507	0.00397	0.00280	0.00123	0.00338	0.00249	0.00282	0.00490
22	0.00915	0.30287	0.08760	0.00767	0.02686	0.01009	0.00680	0.01289	0.18375	0.03886	0.01278	0.18335	0.02352	0.00608	0.00375	0.00120	0.00370	0.01814	0.00288	0.05804
23	0.01026	0.29482	0.01455	0.04469	0.14318	0.07850	0.02020	0.01233	0.03814	0.04021	0.04587	0.00991	0.01799	0.00390	0.00334	0.00096	0.00422	0.00307	0.00232	0.21155

[dist]
# distance from previous block
# <min> <max>
0	18

[block]
# block no. 7 follows, 66 sequences, length 16
# corresponding to MSA columns:
# 555-570
name=unknown_H
#
# <colnr> <probs for GDERKNQSTAVLIFYWHMCP>
#	G	D	E	R	K	N	Q	S	T	A	V	L	I	F	Y	W	H	M	C	P
0	0.06014	0.09613	0.03281	0.03282	0.03331	0.04982	0.03065	0.14412	0.05134	0.24250	0.07482	0.01203	0.00986	0.00477	0.00412	0.00118	0.03339	0.00373	0.00348	0.07897
1	0.05660	0.11569	0.01583	0.01632	0.36349	0.08652	0.10190	0.11915	0.01059	0.04504	0.00814	0.02802	0.00668	0.00405	0.00385	0.00118	0.00498	0.00360	0.00243	0.00592
2	0.00639	0.00515	0.00546	0.00519	0.00672	0.00496	0.00394	0.00965	0.18645	0.03064	0.08538	0.03174	0.55251	0.00914	0.00504	0.03398	0.00238	0.00733	0.00384	0.00412
3	0.00886	0.03931	0.01099	0.00757	0.01122	0.00664	0.10935	0.03443	0.00887	0.01342	0.00736	0.00871	0.00602	0.00313	0.00325	0.00073	0.00359	0.00274	0.00238	0.71144
4	0.00982	0.00504	0.00549	0.00492	0.00643	0.00506	0.00383	0.06625	0.05623	0.13781	0.01360	0.01457	0.01022	0.00482	0.00318	0.00103	0.00237	0.00386	0.64085	0.00461
5	0.00501	0.00358	0.00479	0.00573	0.00600	0.00336	0.00389	0.00577	0.00784	0.01044	0.02232	0.81932	0.02668	0.01264	0.00520	0.00166	0.00241	0.04629	0.00376	0.00331
6	0.00480	0.00411	0.00411	0.00411	0.00548	0.00343	0.00308	0.00582	0.00925	0.01096	0.04110	0.03905	0.83046	0.01028	0.00480	0.00137	0.00206	0.00856	0.00377	0.00343
7	0.00841	0.00721	0.00841	0.00601	0.00961	0.00541	0.00481	0.01022	0.00841	0.01322	0.00721	0.00841	0.00601	0.00300	0.00300	0.00060	0.00300	0.00240	0.00240	0.88222
8	0.00741	0.00391	0.00418	0.00432	0.00526	0.00391	0.00337	0.00930	0.00863	0.01469	0.01443	0.01957	0.01228	0.00567	0.00324	0.00108	0.00216	0.11984	0.75299	0.00377
9	0.11954	0.00701	0.00901	0.00700	0.01006	0.00633	0.00578	0.01886	0.01106	0.73955	0.01480	0.01297	0.00938	0.00487	0.00390	0.00126	0.00342	0.00386	0.00473	0.00661
10	0.00480	0.00411	0.00411	0.00411	0.00548	0.00343	0.00308	0.00582	0.00925	0.01096	0.04110	0.03905	0.83046	0.01028	0.00480	0.00137	0.00206	0.00856	0.00377	0.00343
11	0.01085	0.85986	0.02126	0.00694	0.01041	0.01605	0.00694	0.01215	0.00824	0.00955	0.00564	0.00651	0.00521	0.00347	0.00260	0.00087	0.00434	0.00217	0.00174	0.00521
12	0.00958	0.01094	0.02394	0.01710	0.02120	0.01026	0.81737	0.01300	0.00958	0.01300	0.00821	0.01094	0.00616	0.00342	0.00479	0.00137	0.00684	0.00479	0.00205	0.00547
13	0.01069	0.81202	0.06774	0.00721	0.01082	0.01568	0.00740	0.01219	0.00826	0.00973	0.00573	0.00663	0.00520	0.00349	0.00267	0.00089	0.00443	0.00222	0.00173	0.00525
