[name]
unknown

[dist]
# distance from previous block
# <min> <max>
0	60

[block]
# block no. 0 follows, 68 sequences, length 18
# corresponding to MSA columns:
# 65-82
name=unknown_A
#
# <colnr> <probs for GDERKNQSTAVLIFYWHMCP>
#	G	D	E	R	K	N	Q	S	T	A	V	L	I	F	Y	W	H	M	C	P
0	0.00680	0.00482	0.00671	0.03248	0.00887	0.00492	0.00646	0.00896	0.03834	0.03189	0.01995	0.04096	0.02119	0.01099	0.03186	0.00192	0.00389	0.71155	0.00359	0.00384
1	0.00836	0.00782	0.01299	0.39165	0.37392	0.00862	0.01070	0.01102	0.03307	0.01186	0.05413	0.04170	0.00846	0.00435	0.00403	0.00127	0.00468	0.00404	0.00213	0.00519
2	0.01315	0.00602	0.00781	0.00627	0.00876	0.00526	0.00505	0.01501	0.03791	0.51117	0.15602	0.01906	0.11994	0.00599	0.00412	0.00121	0.00291	0.00499	0.00446	0.06490
3	0.00533	0.00404	0.00490	0.00469	0.00575	0.00362	0.00352	0.00693	0.01055	0.01430	0.58879	0.03225	0.28345	0.00870	0.00468	0.00128	0.00191	0.00754	0.00415	0.00362
4	0.00486	0.00375	0.00445	0.00486	0.00561	0.00333	0.00342	0.00582	0.00859	0.01103	0.12311	0.43466	0.35035	0.01097	0.00487	0.00146	0.00213	0.00964	0.00376	0.00333
5	0.00936	0.01070	0.02340	0.01671	0.02072	0.01003	0.82152	0.01270	0.00936	0.01270	0.00802	0.01070	0.00602	0.00334	0.00468	0.00134	0.00668	0.00468	0.00201	0.00535
6	0.00807	0.00764	0.01294	0.64561	0.22830	0.00896	0.01130	0.01064	0.00820	0.01083	0.00715	0.01038	0.00553	0.00386	0.00395	0.00129	0.00514	0.00353	0.00181	0.00487
7	0.00621	0.00416	0.00542	0.00504	0.00606	0.00383	0.00380	0.00807	0.01113	0.05223	0.76944	0.02839	0.03525	0.00784	0.00458	0.00124	0.00194	0.00691	0.03458	0.00387
8	0.00952	0.00761	0.01034	0.04103	0.24646	0.00795	0.00752	0.20538	0.07301	0.03563	0.02644	0.26114	0.03710	0.00689	0.00431	0.00133	0.00366	0.00610	0.00326	0.00531
9	0.04115	0.01121	0.03545	0.03972	0.03793	0.05325	0.13786	0.51564	0.01505	0.04513	0.00888	0.00961	0.00642	0.00442	0.00417	0.00122	0.01977	0.00364	0.00330	0.00618
10	0.05621	0.00691	0.00913	0.00703	0.01007	0.00615	0.00581	0.04176	0.01135	0.77932	0.01502	0.01307	0.00948	0.00485	0.00392	0.00123	0.00339	0.00389	0.00477	0.00664
11	0.01505	0.01097	0.01165	0.00900	0.01212	0.03115	0.00741	0.73570	0.04371	0.06788	0.00998	0.00984	0.00704	0.00477	0.00396	0.00119	0.00434	0.00360	0.00397	0.00668
12	0.00561	0.00405	0.00530	0.00499	0.00592	0.00374	0.00374	0.00748	0.01122	0.01590	0.83383	0.02962	0.03741	0.00811	0.00468	0.00125	0.00187	0.00717	0.00436	0.00374
13	0.00976	0.00852	0.03402	0.00800	0.01015	0.00936	0.00645	0.07445	0.59057	0.03252	0.10933	0.01557	0.01401	0.00568	0.00460	0.00134	0.05127	0.00462	0.00388	0.00590
14	0.00561	0.00405	0.00530	0.00499	0.00592	0.00374	0.00374	0.00748	0.01122	0.01590	0.83383	0.02962	0.03741	0.00811	0.00468	0.00125	0.00187	0.00717	0.00436	0.00374
15	0.03403	0.57051	0.13822	0.00814	0.01170	0.12157	0.02832	0.02861	0.00872	0.01047	0.00597	0.00693	0.00512	0.00357	0.00293	0.00096	0.00488	0.00239	0.00181	0.00516
16	0.22517	0.06742	0.07175	0.02602	0.18439	0.10252	0.04184	0.18924	0.02969	0.01615	0.00735	0.00847	0.00571	0.00395	0.00347	0.00117	0.00461	0.00303	0.00254	0.00553
17	0.00972	0.01187	0.19847	0.05316	0.28083	0.00935	0.23803	0.01305	0.03631	0.07216	0.00833	0.01017	0.00630	0.00381	0.00439	0.00127	0.03101	0.00378	0.00218	0.00582

[dist]
# distance from previous block
# <min> <max>
0	1

[block]
# block no. 1 follows, 68 sequences, length 17
# corresponding to MSA columns:
# 84-100
name=unknown_B
#
# <colnr> <probs for GDERKNQSTAVLIFYWHMCP>
#	G	D	E	R	K	N	Q	S	T	A	V	L	I	F	Y	W	H	M	C	P
0	0.00522	0.00404	0.00476	0.00458	0.00568	0.00357	0.00343	0.00673	0.01030	0.01371	0.49912	0.03322	0.37349	0.00892	0.00468	0.00129	0.00193	0.00768	0.00408	0.00357
1	0.05349	0.01095	0.01163	0.00895	0.01209	0.01215	0.00739	0.78703	0.01812	0.02467	0.00934	0.00938	0.00664	0.00471	0.00390	0.00119	0.00431	0.00351	0.00390	0.00664
2	0.01321	0.01063	0.04720	0.07705	0.06783	0.01098	0.08157	0.52738	0.02978	0.06464	0.00942	0.01010	0.00678	0.00491	0.01905	0.00131	0.00477	0.00369	0.00341	0.00630
3	0.00469	0.00402	0.00402	0.00402	0.00536	0.00335	0.00301	0.00569	0.00904	0.01071	0.04017	0.03816	0.83432	0.01004	0.00469	0.00134	0.00201	0.00837	0.00368	0.00335
4	0.43922	0.03346	0.01105	0.02527	0.14639	0.06066	0.09268	0.12252	0.00935	0.01657	0.00671	0.00798	0.00522	0.00379	0.00323	0.00120	0.00422	0.00288	0.00247	0.00511
5	0.00941	0.01005	0.05066	0.19814	0.36714	0.07573	0.07551	0.01189	0.02261	0.01181	0.00723	0.00968	0.00588	0.00396	0.00469	0.00123	0.07809	0.00347	0.00195	0.05087
6	0.88866	0.00767	0.00583	0.00521	0.00767	0.00889	0.00429	0.01166	0.00675	0.01779	0.00552	0.00644	0.00429	0.00368	0.00245	0.00123	0.00307	0.00215	0.00245	0.00429
7	0.00517	0.00390	0.00502	0.00538	0.00606	0.00380	0.00387	0.00644	0.02520	0.01091	0.12398	0.40469	0.18433	0.01477	0.17462	0.00247	0.00389	0.00863	0.00346	0.00344
8	0.00585	0.00391	0.00507	0.00572	0.00632	0.00379	0.00437	0.00715	0.00838	0.01174	0.07245	0.36939	0.02275	0.04184	0.00535	0.00163	0.00269	0.26931	0.14884	0.00344
9	0.00633	0.00413	0.00522	0.00505	0.00609	0.00374	0.00375	0.00782	0.01010	0.07834	0.46341	0.18626	0.15679	0.00886	0.00463	0.00132	0.00209	0.00777	0.03449	0.00381
10	0.00505	0.00354	0.00454	0.00524	0.00542	0.00336	0.00338	0.00558	0.00717	0.00956	0.01969	0.66553	0.02349	0.20869	0.00856	0.00213	0.00266	0.01000	0.00338	0.00303
11	0.00892	0.00477	0.00616	0.00548	0.00703	0.00423	0.00422	0.01044	0.01056	0.25364	0.38832	0.10493	0.15953	0.00790	0.00451	0.00129	0.00237	0.00683	0.00435	0.00450
12	0.66346	0.00743	0.00670	0.00569	0.00830	0.00810	0.00469	0.01364	0.00794	0.23006	0.00814	0.00827	0.00572	0.00400	0.00285	0.00123	0.00315	0.00262	0.00309	0.00493
13	0.00528	0.04040	0.00521	0.00453	0.00578	0.00401	0.00346	0.00660	0.00976	0.01253	0.32784	0.05472	0.48768	0.00911	0.00460	0.00129	0.00206	0.00774	0.00385	0.00356
14	0.34156	0.02536	0.00869	0.00692	0.00964	0.02897	0.00568	0.21342	0.07237	0.20939	0.00988	0.00973	0.00697	0.00439	0.00334	0.00121	0.00355	0.00315	0.03017	0.00562
15	0.00944	0.04410	0.01037	0.04862	0.09094	0.00840	0.03124	0.04461	0.31138	0.04270	0.04590	0.01300	0.02261	0.02863	0.00438	0.00119	0.02028	0.00388	0.00311	0.21521
16	0.15020	0.34358	0.18192	0.00818	0.02648	0.04706	0.00807	0.03044	0.05326	0.02534	0.00691	0.00802	0.00566	0.00488	0.03042	0.01566	0.04406	0.00268	0.00208	0.00511

[dist]
# distance from previous block
# <min> <max>
0	2

[block]
# block no. 2 follows, 68 sequences, length 21
# corresponding to MSA columns:
# 103-123
name=unknown_C
#
# <colnr> <probs for GDERKNQSTAVLIFYWHMCP>
#	G	D	E	R	K	N	Q	S	T	A	V	L	I	F	Y	W	H	M	C	P
0	0.01060	0.86304	0.02078	0.00678	0.01018	0.01569	0.00678	0.01187	0.00806	0.00933	0.00551	0.00636	0.00509	0.00339	0.00254	0.00085	0.00424	0.00212	0.00170	0.00509
1	0.00985	0.02274	0.02578	0.00848	0.03231	0.02364	0.00657	0.05815	0.66294	0.01616	0.03071	0.01434	0.01169	0.00661	0.05052	0.00159	0.00377	0.00435	0.00376	0.00604
2	0.00828	0.04746	0.23947	0.03486	0.04356	0.00716	0.03152	0.02361	0.04515	0.07173	0.02540	0.08089	0.10805	0.00607	0.00418	0.00126	0.01248	0.09299	0.00280	0.11307
3	0.01033	0.08096	0.16114	0.02724	0.29340	0.03360	0.08390	0.01325	0.04534	0.11611	0.02034	0.01155	0.00764	0.00479	0.02214	0.00134	0.02701	0.03172	0.00244	0.00577
4	0.00957	0.56747	0.23701	0.00799	0.01180	0.01321	0.00876	0.01174	0.00826	0.01055	0.05175	0.00825	0.00686	0.00385	0.00329	0.00100	0.02896	0.00265	0.00184	0.00520
5	0.00919	0.00521	0.00649	0.00577	0.00746	0.00482	0.00457	0.04920	0.03194	0.22555	0.30294	0.04026	0.18763	0.00768	0.00448	0.00131	0.00259	0.07396	0.02433	0.00462
6	0.00964	0.23673	0.31020	0.00939	0.02522	0.04651	0.05877	0.02787	0.06919	0.06505	0.02294	0.06658	0.02613	0.00465	0.00365	0.00117	0.00475	0.00376	0.00237	0.00542
7	0.01010	0.00832	0.01109	0.03453	0.24213	0.03754	0.03462	0.13192	0.14540	0.05813	0.01200	0.02783	0.05208	0.05420	0.06014	0.04356	0.00455	0.00425	0.00291	0.02471
8	0.00526	0.00393	0.00489	0.00547	0.00615	0.00366	0.00398	0.02489	0.00849	0.01098	0.04551	0.51010	0.22060	0.01137	0.00499	0.00156	0.00245	0.11863	0.00370	0.00340
9	0.01287	0.00717	0.00857	0.00697	0.00941	0.00714	0.00562	0.18974	0.11561	0.33610	0.16174	0.01755	0.07660	0.00589	0.00414	0.00124	0.00316	0.00485	0.01978	0.00584
10	0.03869	0.01156	0.01276	0.05301	0.30056	0.24474	0.03240	0.05821	0.03737	0.15935	0.00887	0.00982	0.00668	0.00408	0.00382	0.00116	0.00513	0.00336	0.00269	0.00574
11	0.00985	0.00933	0.01555	0.05932	0.75067	0.00948	0.01179	0.03329	0.03789	0.01327	0.00780	0.01001	0.00645	0.00365	0.00393	0.00119	0.00467	0.00357	0.00208	0.00621
12	0.00502	0.00396	0.00452	0.00452	0.00560	0.00347	0.00334	0.00628	0.00962	0.01242	0.30958	0.13097	0.46730	0.00966	0.00473	0.00134	0.00200	0.00830	0.00392	0.00347
13	0.00582	0.00400	0.00516	0.00568	0.00628	0.00378	0.00402	0.03788	0.00860	0.04024	0.08382	0.63921	0.07355	0.01131	0.00495	0.00155	0.00244	0.05438	0.00378	0.00355
14	0.10882	0.01097	0.01261	0.02889	0.32723	0.16157	0.03224	0.11787	0.10684	0.04252	0.00857	0.00967	0.00669	0.00407	0.00374	0.00118	0.00476	0.00337	0.00263	0.00577
15	0.00626	0.00414	0.00538	0.00587	0.00657	0.00395	0.00427	0.00771	0.04616	0.07029	0.06028	0.54569	0.06224	0.03364	0.00536	0.00163	0.00261	0.12049	0.00378	0.00368
16	0.00846	0.00809	0.01389	0.50052	0.34597	0.00909	0.03534	0.01101	0.00840	0.01132	0.00724	0.01028	0.00570	0.00378	0.00397	0.00127	0.00510	0.00356	0.00185	0.00517
17	0.02885	0.00391	0.00486	0.00522	0.00592	0.00364	0.00373	0.00654	0.00877	0.02497	0.22734	0.43511	0.14911	0.03262	0.00523	0.00153	0.00228	0.04311	0.00380	0.00345
18	0.00623	0.00368	0.00467	0.00467	0.00467	0.00368	0.00283	0.00552	0.00552	0.00736	0.01017	0.02018	0.01129	0.50927	0.01824	0.36931	0.00368	0.00480	0.00212	0.00212
19	0.03179	0.31402	0.18195	0.00817	0.01204	0.05002	0.05284	0.03396	0.00865	0.01186	0.00656	0.00767	0.00538	0.00341	0.00311	0.00091	0.00444	0.00255	0.00199	0.25868
20	0.05927	0.58260	0.15771	0.00767	0.01138	0.02621	0.00801	0.06268	0.00884	0.03525	0.00634	0.00712	0.00527	0.00361	0.00289	0.00097	0.00448	0.00241	0.00197	0.00532

[dist]
# distance from previous block
# <min> <max>
1	58

[block]
# block no. 3 follows, 68 sequences, length 11
# corresponding to MSA columns:
# 182-192
name=unknown_D
#
# <colnr> <probs for GDERKNQSTAVLIFYWHMCP>
#	G	D	E	R	K	N	Q	S	T	A	V	L	I	F	Y	W	H	M	C	P
0	0.47136	0.05932	0.12436	0.02525	0.02643	0.02883	0.02749	0.05318	0.00827	0.03305	0.05724	0.00883	0.00690	0.00414	0.00343	0.00121	0.03499	0.00286	0.00247	0.02039
1	0.22111	0.00908	0.02646	0.04505	0.25851	0.08299	0.04305	0.02841	0.03415	0.07468	0.02088	0.01104	0.03642	0.02135	0.02905	0.02850	0.00446	0.00348	0.00251	0.01880
2	0.07116	0.00774	0.04059	0.15422	0.06357	0.02673	0.08177	0.03934	0.02461	0.04494	0.01053	0.06123	0.00977	0.08144	0.00539	0.00145	0.00421	0.09639	0.00259	0.17235
3	0.00689	0.00344	0.00517	0.00517	0.00517	0.00344	0.00344	0.00517	0.00517	0.00689	0.00689	0.01205	0.00689	0.01377	0.01550	0.88464	0.00344	0.00344	0.00172	0.00172
4	0.01055	0.02989	0.01478	0.09713	0.59031	0.00957	0.01093	0.08316	0.03996	0.06298	0.00836	0.01018	0.00662	0.00383	0.00391	0.00119	0.00458	0.00356	0.00236	0.00615
5	0.01024	0.00889	0.01492	0.16868	0.39428	0.00923	0.12044	0.06211	0.04131	0.08480	0.00882	0.02445	0.00693	0.00407	0.00426	0.00126	0.02321	0.00389	0.00241	0.00579
6	0.04590	0.01429	0.01121	0.00940	0.01199	0.38250	0.00740	0.38609	0.06393	0.01742	0.00827	0.00867	0.00625	0.00446	0.00374	0.00113	0.00548	0.00312	0.00306	0.00567
7	0.00528	0.00399	0.00488	0.00476	0.00575	0.00359	0.00353	0.00681	0.01030	0.01394	0.54010	0.10154	0.26301	0.00902	0.00471	0.00130	0.00195	0.00785	0.00411	0.00359
8	0.00960	0.00847	0.01360	0.06338	0.37487	0.03441	0.11800	0.04633	0.02523	0.06271	0.07903	0.06470	0.01126	0.00505	0.00422	0.00127	0.00446	0.04781	0.02015	0.00546
9	0.01003	0.66397	0.17986	0.00808	0.01197	0.01419	0.04235	0.01204	0.00817	0.01010	0.00593	0.00693	0.00511	0.00346	0.00287	0.00095	0.00466	0.00238	0.00170	0.00525
10	0.00700	0.07646	0.00650	0.02617	0.00701	0.00488	0.00404	0.00826	0.00948	0.11157	0.16746	0.08412	0.45544	0.00854	0.00443	0.00129	0.00244	0.00718	0.00373	0.00399

[dist]
# distance from previous block
# <min> <max>
5	7

[block]
# block no. 4 follows, 68 sequences, length 10
# corresponding to MSA columns:
# 200-209
name=unknown_E
#
# <colnr> <probs for GDERKNQSTAVLIFYWHMCP>
#	G	D	E	R	K	N	Q	S	T	A	V	L	I	F	Y	W	H	M	C	P
0	0.00546	0.00402	0.00511	0.00489	0.00584	0.00367	0.00365	0.00716	0.01077	0.01497	0.69487	0.07111	0.13661	0.00856	0.00470	0.00128	0.00191	0.00752	0.00425	0.00367
1	0.01507	0.01111	0.01190	0.00912	0.01230	0.01230	0.00754	0.82270	0.01864	0.02499	0.00952	0.00952	0.00674	0.00476	0.00397	0.00119	0.00436	0.00357	0.00397	0.00674
2	0.00936	0.01070	0.02340	0.01671	0.02072	0.01003	0.82152	0.01270	0.00936	0.01270	0.00802	0.01070	0.00602	0.00334	0.00468	0.00134	0.00668	0.00468	0.00201	0.00535
3	0.00577	0.00384	0.00432	0.00432	0.00432	0.00384	0.00240	0.00577	0.00577	0.00769	0.01249	0.02595	0.01441	0.86066	0.02018	0.00384	0.00384	0.00577	0.00240	0.00240
4	0.00986	0.00852	0.00897	0.00807	0.01031	0.00986	0.00628	0.02107	0.82876	0.01659	0.01614	0.01479	0.01210	0.00538	0.00403	0.00134	0.00314	0.00448	0.00403	0.00628
5	0.00483	0.00345	0.00460	0.00552	0.00575	0.00322	0.00368	0.00552	0.00759	0.01012	0.02185	0.85807	0.02622	0.01242	0.00506	0.00161	0.00230	0.01127	0.00368	0.00322
6	0.00589	0.00468	0.00724	0.00697	0.00778	0.00473	0.08918	0.00709	0.00752	0.01025	0.01692	0.36122	0.03980	0.10021	0.18124	0.00280	0.02591	0.09436	0.02270	0.00351
7	0.20105	0.00694	0.00849	0.00667	0.00961	0.00647	0.00550	0.01771	0.01038	0.66593	0.01351	0.01201	0.00865	0.00465	0.00366	0.00123	0.00331	0.00360	0.00439	0.00623
8	0.04122	0.00979	0.01220	0.17003	0.16916	0.10029	0.05909	0.16371	0.12140	0.01488	0.03863	0.02725	0.02459	0.00468	0.00420	0.00125	0.02547	0.00395	0.00275	0.00545
9	0.00802	0.00669	0.00729	0.00684	0.00850	0.00738	0.00521	0.01525	0.50630	0.01467	0.10386	0.11647	0.11095	0.03704	0.00489	0.00146	0.00282	0.02729	0.00392	0.00513

[dist]
# distance from previous block
# <min> <max>
2	3

[block]
# block no. 5 follows, 68 sequences, length 31
# corresponding to MSA columns:
# 213-225,237-254
name=unknown_F
#
# <colnr> <probs for GDERKNQSTAVLIFYWHMCP>
#	G	D	E	R	K	N	Q	S	T	A	V	L	I	F	Y	W	H	M	C	P
0	0.01322	0.01275	0.01083	0.00960	0.03446	0.32368	0.02564	0.14487	0.28152	0.08647	0.01086	0.01075	0.00813	0.00466	0.00386	0.00118	0.00498	0.00355	0.00325	0.00574
1	0.00970	0.00931	0.01590	0.06287	0.79823	0.00939	0.01211	0.01207	0.00898	0.01282	0.00744	0.00985	0.00623	0.00355	0.00393	0.00118	0.00474	0.00353	0.00195	0.00619
2	0.00822	0.00705	0.00822	0.00587	0.00940	0.00529	0.00470	0.00998	0.00822	0.01292	0.00705	0.00822	0.00587	0.00294	0.00294	0.00059	0.00294	0.00235	0.00235	0.88490
3	0.01108	0.76989	0.01979	0.00707	0.01041	0.03802	0.00687	0.07872	0.00901	0.01063	0.00586	0.00664	0.00522	0.00352	0.00269	0.00088	0.00433	0.00225	0.00189	0.00521
4	0.00574	0.00383	0.00433	0.00435	0.00436	0.00383	0.00243	0.00576	0.00581	0.00775	0.01272	0.04655	0.01471	0.83966	0.01981	0.00379	0.00381	0.00590	0.00243	0.00242
5	0.00875	0.00865	0.01213	0.04671	0.01118	0.01200	0.00875	0.02629	0.00641	0.00989	0.00537	0.00877	0.00524	0.00677	0.01243	0.00171	0.79929	0.00347	0.00178	0.00439
6	0.25365	0.03480	0.04500	0.15139	0.10754	0.07794	0.01865	0.01100	0.02935	0.02281	0.01021	0.14227	0.00986	0.00568	0.00375	0.00132	0.00411	0.06359	0.00253	0.00454
7	0.05072	0.00745	0.00949	0.00730	0.01036	0.00694	0.00603	0.14216	0.01229	0.68253	0.01432	0.01262	0.00913	0.00484	0.00393	0.00122	0.00351	0.00385	0.00467	0.00665
8	0.01066	0.00676	0.01020	0.00894	0.02526	0.03797	0.14057	0.01252	0.00977	0.26738	0.01630	0.10357	0.01511	0.00744	0.00469	0.00148	0.00405	0.29007	0.02233	0.00493
9	0.20937	0.06504	0.01207	0.04324	0.26863	0.05601	0.02542	0.10439	0.00970	0.06901	0.00754	0.00877	0.00589	0.00377	0.00341	0.00111	0.00420	0.00301	0.00251	0.09691
10	0.44886	0.00806	0.03048	0.00627	0.00903	0.00820	0.00525	0.08403	0.07828	0.11307	0.03994	0.00944	0.00733	0.00412	0.00309	0.00114	0.00323	0.00293	0.00304	0.13419
11	0.03403	0.18651	0.19672	0.00972	0.05713	0.04867	0.04130	0.02539	0.05862	0.05054	0.03644	0.00997	0.00731	0.00443	0.00474	0.00117	0.11654	0.01510	0.00228	0.09340
12	0.03059	0.06635	0.20995	0.00982	0.08761	0.00787	0.06459	0.04505	0.04368	0.04364	0.05150	0.14518	0.09502	0.00609	0.00437	0.00127	0.03255	0.00520	0.00274	0.04693
13	0.06095	0.00739	0.00932	0.00721	0.01019	0.00694	0.00594	0.14771	0.01228	0.63474	0.04548	0.01312	0.01010	0.00494	0.00393	0.00122	0.00346	0.00395	0.00461	0.00651
14	0.00908	0.00881	0.01368	0.27303	0.42729	0.05464	0.03595	0.03164	0.00903	0.01206	0.01997	0.04786	0.03098	0.00435	0.00402	0.00124	0.00485	0.00404	0.00211	0.00535
15	0.03042	0.10612	0.32256	0.10612	0.03968	0.00909	0.06085	0.03387	0.05095	0.07551	0.05183	0.01193	0.05109	0.00443	0.00379	0.00121	0.00471	0.00368	0.00242	0.02974
16	0.00519	0.00371	0.00491	0.00574	0.00613	0.00353	0.00410	0.00607	0.00783	0.01033	0.02175	0.61433	0.05452	0.06748	0.00612	0.00179	0.00265	0.16699	0.00359	0.00326
17	0.00566	0.00425	0.00637	0.00637	0.00708	0.00496	0.00496	0.00708	0.00637	0.00920	0.01062	0.01558	0.00991	0.02974	0.84494	0.00637	0.01062	0.00425	0.00212	0.00354
18	0.02875	0.25008	0.13108	0.00957	0.01285	0.09064	0.10827	0.10436	0.04086	0.10592	0.00807	0.00891	0.00617	0.00420	0.00430	0.00116	0.07364	0.00316	0.00249	0.00552
19	0.00956	0.03254	0.10088	0.08803	0.04417	0.03181	0.10083	0.11856	0.10256	0.06062	0.01064	0.05530	0.01842	0.00929	0.15007	0.00218	0.05239	0.00425	0.00270	0.00519
20	0.00561	0.00381	0.00439	0.00450	0.00460	0.00375	0.00264	0.00580	0.00631	0.00842	0.04846	0.13371	0.03810	0.69395	0.01719	0.00338	0.00352	0.00660	0.00268	0.00259
21	0.00519	0.00373	0.00491	0.00544	0.00579	0.00361	0.00373	0.00607	0.00800	0.01087	0.16412	0.56144	0.02595	0.10601	0.03456	0.00196	0.01663	0.02516	0.00358	0.00326
22	0.03304	0.09065	0.18281	0.02450	0.13357	0.07457	0.16227	0.10035	0.05175	0.06293	0.00852	0.01857	0.00660	0.01841	0.00424	0.00125	0.01429	0.00358	0.00242	0.00566
23	0.03189	0.03806	0.06291	0.11503	0.37636	0.02922	0.09989	0.04986	0.02449	0.01278	0.00934	0.11458	0.00854	0.00478	0.00406	0.00126	0.00472	0.00449	0.00228	0.00544
24	0.00553	0.00407	0.00526	0.00569	0.00638	0.00391	0.00420	0.00727	0.04914	0.01242	0.25956	0.41374	0.06604	0.01048	0.00494	0.00151	0.00241	0.12997	0.00389	0.00359
25	0.16341	0.00848	0.02571	0.38437	0.15637	0.00918	0.17401	0.01129	0.00820	0.01250	0.00704	0.00971	0.00542	0.00371	0.00383	0.00128	0.00509	0.00351	0.00196	0.00491
26	0.02236	0.08665	0.16172	0.01165	0.12397	0.08314	0.10382	0.06303	0.09542	0.16246	0.01045	0.02890	0.01977	0.00439	0.00388	0.00121	0.00478	0.00375	0.00284	0.00582
27	0.22137	0.05404	0.04797	0.01837	0.03743	0.03346	0.01704	0.16997	0.02153	0.11959	0.01223	0.16521	0.03175	0.00602	0.00378	0.00129	0.00366	0.02698	0.00325	0.00508
28	0.00545	0.00404	0.00583	0.00609	0.00668	0.00444	0.00458	0.00666	0.00680	0.00951	0.01437	0.23638	0.02852	0.04133	0.57186	0.00487	0.00798	0.02858	0.00260	0.00343
29	0.25673	0.11502	0.05297	0.03063	0.10107	0.04828	0.05497	0.06567	0.03968	0.07932	0.04755	0.02177	0.00808	0.00434	0.00341	0.00117	0.00402	0.01859	0.02160	0.02513
30	0.02561	0.04774	0.18693	0.01928	0.04353	0.02605	0.06492	0.07385	0.01908	0.16928	0.02880	0.01008	0.00725	0.00402	0.00392	0.00107	0.03104	0.00326	0.00278	0.23150

[dist]
# distance from previous block
# <min> <max>
3	14

[block]
# block no. 6 follows, 68 sequences, length 26
# corresponding to MSA columns:
# 272-297
name=unknown_G
#
# <colnr> <probs for GDERKNQSTAVLIFYWHMCP>
#	G	D	E	R	K	N	Q	S	T	A	V	L	I	F	Y	W	H	M	C	P
0	0.01119	0.68356	0.04107	0.00789	0.03076	0.14910	0.00727	0.01254	0.00860	0.00956	0.00570	0.00663	0.00512	0.00352	0.00278	0.00089	0.00476	0.00225	0.00176	0.00506
1	0.88866	0.00767	0.00583	0.00521	0.00767	0.00889	0.00429	0.01166	0.00675	0.01779	0.00552	0.00644	0.00429	0.00368	0.00245	0.00123	0.00307	0.00215	0.00245	0.00429
2	0.00724	0.00873	0.16109	0.08508	0.07151	0.00655	0.13001	0.00985	0.00976	0.03043	0.34233	0.03941	0.06915	0.00606	0.00439	0.00128	0.00388	0.00554	0.00307	0.00463
3	0.00577	0.00384	0.00432	0.00432	0.00432	0.00384	0.00240	0.00577	0.00577	0.00769	0.01249	0.02595	0.01441	0.86066	0.02018	0.00384	0.00384	0.00577	0.00240	0.00240
4	0.50032	0.00878	0.01285	0.03958	0.01342	0.00925	0.31754	0.01218	0.00790	0.03483	0.00677	0.00838	0.00512	0.00359	0.00340	0.00127	0.00454	0.00321	0.00232	0.00476
5	0.01708	0.00774	0.06906	0.00736	0.01063	0.00607	0.00646	0.01884	0.01113	0.77916	0.01503	0.01313	0.00947	0.00483	0.00397	0.00123	0.00355	0.00391	0.00467	0.00668
6	0.00659	0.00483	0.00678	0.00789	0.03615	0.00486	0.00658	0.00867	0.02952	0.01202	0.02042	0.04280	0.02199	0.01056	0.00539	0.00179	0.00367	0.76206	0.00360	0.00380
7	0.00639	0.00456	0.00639	0.00730	0.00821	0.00456	0.00639	0.00821	0.00913	0.01187	0.02099	0.04472	0.02282	0.01095	0.00548	0.00183	0.00365	0.80924	0.00365	0.00365
8	0.01077	0.24371	0.24906	0.00996	0.03837	0.08465	0.07210	0.15283	0.01050	0.03595	0.00870	0.02432	0.03391	0.00422	0.00359	0.00113	0.00505	0.00330	0.00233	0.00556
9	0.00587	0.00400	0.00507	0.00480	0.00573	0.00373	0.00360	0.00774	0.01080	0.01574	0.71365	0.02745	0.03342	0.00760	0.00440	0.00120	0.00187	0.00666	0.13295	0.00373
10	0.08561	0.05297	0.06724	0.00931	0.03363	0.07194	0.07090	0.23875	0.02425	0.26372	0.01020	0.01020	0.00711	0.00447	0.00408	0.00121	0.03146	0.00348	0.00344	0.00604
11	0.00509	0.00373	0.00473	0.00544	0.00588	0.00348	0.00371	0.02774	0.00806	0.01059	0.02368	0.73807	0.12125	0.01193	0.00499	0.00157	0.00232	0.01072	0.00369	0.00333
12	0.00750	0.00567	0.00688	0.00671	0.04496	0.00579	0.00485	0.03323	0.21450	0.04209	0.47154	0.02407	0.07638	0.00704	0.00439	0.00126	0.00244	0.00611	0.02994	0.00464
13	0.01481	0.01890	0.01124	0.01021	0.01226	0.84474	0.00766	0.01583	0.01124	0.00970	0.00613	0.00715	0.00511	0.00409	0.00358	0.00102	0.00715	0.00255	0.00204	0.00460
14	0.01005	0.60083	0.22385	0.00803	0.01191	0.04965	0.00872	0.01209	0.00822	0.01010	0.00596	0.00700	0.00511	0.00371	0.00314	0.01762	0.00475	0.00237	0.00171	0.00520
15	0.88866	0.00767	0.00583	0.00521	0.00767	0.00889	0.00429	0.01166	0.00675	0.01779	0.00552	0.00644	0.00429	0.00368	0.00245	0.00123	0.00307	0.00215	0.00245	0.00429
16	0.00822	0.00705	0.00822	0.00587	0.00940	0.00529	0.00470	0.00998	0.00822	0.01292	0.00705	0.00822	0.00587	0.00294	0.00294	0.00059	0.00294	0.00235	0.00235	0.88490
17	0.00586	0.00412	0.00532	0.00498	0.00599	0.00377	0.00375	0.00767	0.01110	0.03568	0.76809	0.02972	0.08270	0.00814	0.00466	0.00125	0.00192	0.00716	0.00434	0.00379
18	0.10017	0.00843	0.00864	0.00778	0.01004	0.00976	0.00607	0.02010	0.74429	0.01671	0.01505	0.01393	0.01130	0.00520	0.00387	0.00133	0.00313	0.00424	0.00387	0.00607
19	0.00493	0.00379	0.00434	0.00466	0.00539	0.00339	0.00322	0.00574	0.00820	0.01039	0.07481	0.33484	0.38567	0.12387	0.00688	0.00177	0.00235	0.00901	0.00355	0.00320
20	0.00763	0.07854	0.31529	0.00846	0.01177	0.03076	0.05093	0.02292	0.09159	0.01233	0.05641	0.08457	0.17883	0.00673	0.02475	0.00140	0.00436	0.00514	0.00269	0.00491
21	0.00526	0.00376	0.00497	0.00551	0.00599	0.00365	0.00393	0.00603	0.00758	0.01006	0.04670	0.45499	0.11650	0.05730	0.12296	0.05957	0.00367	0.07508	0.00329	0.00319
22	0.01135	0.51282	0.02870	0.09482	0.02917	0.06489	0.02771	0.15102	0.01017	0.02675	0.00669	0.00771	0.00552	0.00376	0.00312	0.00100	0.00462	0.00267	0.00218	0.00534
23	0.01263	0.00926	0.00993	0.00817	0.01078	0.02655	0.00656	0.35687	0.32396	0.10131	0.06233	0.01319	0.01097	0.00519	0.00400	0.00125	0.00365	0.00416	0.02296	0.00628
24	0.08177	0.04248	0.13144	0.15165	0.19081	0.10332	0.07263	0.02629	0.02147	0.03980	0.00887	0.01066	0.04110	0.01658	0.00411	0.00124	0.01576	0.00349	0.00218	0.03434
25	0.02108	0.16812	0.13626	0.01045	0.12573	0.04802	0.04334	0.05361	0.01975	0.06658	0.01877	0.02324	0.00696	0.00399	0.00370	0.00103	0.02520	0.01456	0.00237	0.20725

[dist]
# distance from previous block
# <min> <max>
0	101

# created by:
# /home/cegg/simao/soft/augustus-3.2.1/scripts/msa2prfl.pl ./align_prep/EOG092C54JK.fa
