[name]
unknown

[dist]
# distance from previous block
# <min> <max>
42	607

[block]
# block no. 0 follows, 58 sequences, length 7
# corresponding to MSA columns:
# 1115-1121
name=unknown_A
#
# <colnr> <probs for GDERKNQSTAVLIFYWHMCP>
#	G	D	E	R	K	N	Q	S	T	A	V	L	I	F	Y	W	H	M	C	P
0	0.06342	0.13297	0.05431	0.02785	0.01081	0.04364	0.00641	0.04428	0.01044	0.05382	0.13117	0.07756	0.04821	0.00580	0.00399	0.00113	0.00380	0.00469	0.00321	0.27248
1	0.05514	0.10577	0.33460	0.01018	0.03927	0.00981	0.02563	0.05574	0.02702	0.05029	0.04462	0.02684	0.02201	0.04327	0.00488	0.00139	0.00502	0.00387	0.00267	0.13198
2	0.08176	0.29937	0.08918	0.00908	0.01189	0.15456	0.04025	0.01268	0.00941	0.01204	0.01002	0.15309	0.01006	0.00708	0.03373	0.00152	0.05199	0.00465	0.00247	0.00519
3	0.02830	0.00902	0.04734	0.00937	0.05617	0.00855	0.00728	0.19199	0.09453	0.15495	0.01428	0.10078	0.01225	0.04555	0.06820	0.00196	0.00472	0.03819	0.00390	0.10268
4	0.09042	0.07327	0.30024	0.05648	0.04513	0.01000	0.01062	0.07761	0.04378	0.13134	0.04389	0.01152	0.00856	0.00470	0.00407	0.00131	0.00499	0.00368	0.00302	0.07537
5	0.06494	0.03282	0.14435	0.09988	0.11352	0.06099	0.09049	0.03510	0.03605	0.08049	0.03947	0.08944	0.01041	0.00615	0.02271	0.00153	0.02002	0.00480	0.00288	0.04397
6	0.00871	0.04656	0.05399	0.05125	0.10913	0.00812	0.05514	0.07621	0.03719	0.01436	0.10468	0.08279	0.10946	0.01158	0.12811	0.02352	0.03056	0.04031	0.00322	0.00512

[dist]
# distance from previous block
# <min> <max>
0	1

[block]
# block no. 1 follows, 58 sequences, length 15
# corresponding to MSA columns:
# 1123-1137
name=unknown_B
#
# <colnr> <probs for GDERKNQSTAVLIFYWHMCP>
#	G	D	E	R	K	N	Q	S	T	A	V	L	I	F	Y	W	H	M	C	P
0	0.00642	0.00494	0.00552	0.00530	0.00672	0.00439	0.00394	0.03805	0.01086	0.02776	0.20627	0.11646	0.46537	0.04325	0.00591	0.00159	0.00251	0.00884	0.00425	0.03164
1	0.01192	0.64976	0.06008	0.00836	0.01208	0.05679	0.03232	0.01385	0.02462	0.03532	0.05281	0.00939	0.00815	0.00428	0.00329	0.00105	0.00492	0.00299	0.00227	0.00576
2	0.00943	0.02744	0.13597	0.01816	0.01141	0.00730	0.00728	0.03192	0.06620	0.07176	0.04991	0.07032	0.11476	0.00668	0.02229	0.00133	0.03168	0.00496	0.00325	0.30793
3	0.07936	0.14740	0.13506	0.03092	0.01411	0.05552	0.04539	0.17287	0.12359	0.11962	0.01073	0.01104	0.00788	0.00489	0.00429	0.00134	0.02236	0.00373	0.00336	0.00655
4	0.02914	0.02276	0.11264	0.01108	0.06796	0.05527	0.10112	0.08693	0.15837	0.04136	0.15278	0.07606	0.02457	0.02135	0.00501	0.00148	0.00459	0.00560	0.01603	0.00589
5	0.00721	0.00555	0.00651	0.00658	0.00764	0.00569	0.00483	0.01087	0.18443	0.01396	0.15929	0.20939	0.10631	0.15313	0.00832	0.00211	0.00316	0.09650	0.00412	0.00440
6	0.01087	0.00962	0.01267	0.08677	0.23966	0.01060	0.00937	0.05142	0.42028	0.01684	0.01364	0.01423	0.01054	0.00634	0.03784	0.00166	0.00465	0.00453	0.00351	0.03497
7	0.00700	0.00506	0.00693	0.00787	0.00892	0.00499	0.00680	0.00894	0.01023	0.01322	0.02547	0.07501	0.08977	0.01233	0.00609	0.00201	0.00392	0.69725	0.00412	0.00408
8	0.10862	0.04448	0.06303	0.02605	0.10117	0.04124	0.01913	0.16269	0.03310	0.28230	0.01210	0.01292	0.00879	0.05828	0.00537	0.00154	0.00464	0.00405	0.00385	0.00662
9	0.01160	0.49456	0.16656	0.00944	0.01359	0.01442	0.05734	0.07508	0.01045	0.03716	0.03442	0.01094	0.00806	0.00458	0.00365	0.00117	0.00515	0.03341	0.00242	0.00601
10	0.00543	0.00396	0.00512	0.00604	0.00644	0.00365	0.00407	0.00625	0.00874	0.01149	0.02693	0.75199	0.11600	0.01372	0.00566	0.00178	0.00256	0.01236	0.00415	0.00365
11	0.04560	0.00636	0.00707	0.00626	0.00821	0.00647	0.00490	0.05010	0.14487	0.18151	0.04769	0.04893	0.03314	0.00603	0.00393	0.00128	0.00289	0.00493	0.38431	0.00552
12	0.01057	0.03406	0.01458	0.16913	0.38791	0.01006	0.01094	0.03161	0.11021	0.04766	0.09689	0.01436	0.01161	0.00508	0.00476	0.00140	0.02538	0.00453	0.00293	0.00632
13	0.03954	0.43207	0.04877	0.05319	0.01252	0.04453	0.00757	0.01341	0.05577	0.01268	0.03319	0.00946	0.00754	0.00416	0.00349	0.00102	0.01582	0.00295	0.00238	0.19994
14	0.00915	0.00814	0.02560	0.07320	0.05232	0.06886	0.00672	0.05776	0.11716	0.03349	0.05225	0.26293	0.07039	0.04083	0.00571	0.00161	0.01650	0.02317	0.00363	0.07056

[dist]
# distance from previous block
# <min> <max>
1	3

[block]
# block no. 2 follows, 58 sequences, length 27
# corresponding to MSA columns:
# 1141-1153,1183-1196
name=unknown_C
#
# <colnr> <probs for GDERKNQSTAVLIFYWHMCP>
#	G	D	E	R	K	N	Q	S	T	A	V	L	I	F	Y	W	H	M	C	P
0	0.00690	0.02733	0.02451	0.03918	0.00878	0.02374	0.02050	0.02399	0.06538	0.01307	0.07111	0.05569	0.52163	0.00996	0.00548	0.01537	0.01695	0.04224	0.00388	0.00433
1	0.87439	0.00865	0.00657	0.00588	0.00865	0.01003	0.00484	0.01315	0.00761	0.02007	0.00623	0.00727	0.00484	0.00415	0.00277	0.00138	0.00346	0.00242	0.00277	0.00484
2	0.01035	0.03057	0.13582	0.21894	0.37430	0.02827	0.05823	0.02918	0.04521	0.01403	0.00868	0.01119	0.00683	0.00426	0.00442	0.00139	0.00575	0.00395	0.00226	0.00638
3	0.00979	0.00783	0.01136	0.03620	0.30407	0.00770	0.00840	0.04684	0.05953	0.07609	0.13037	0.07300	0.15607	0.00709	0.00480	0.00142	0.00386	0.02112	0.00359	0.03089
4	0.04877	0.01030	0.01096	0.00872	0.01141	0.01131	0.00691	0.56857	0.01696	0.02330	0.01143	0.01472	0.00947	0.17961	0.00815	0.00195	0.00462	0.00449	0.04202	0.00633
5	0.01302	0.06259	0.17226	0.04532	0.13573	0.02339	0.07178	0.25113	0.02369	0.08668	0.03056	0.01142	0.00811	0.00472	0.00436	0.00133	0.00534	0.00396	0.00321	0.04141
6	0.01100	0.01237	0.04838	0.41727	0.07475	0.23511	0.01087	0.03049	0.03077	0.01214	0.00883	0.04456	0.00733	0.00584	0.03058	0.00158	0.00650	0.00405	0.00231	0.00527
7	0.04746	0.01055	0.16965	0.00866	0.01060	0.04427	0.00784	0.01154	0.05531	0.05082	0.03249	0.01761	0.01116	0.27526	0.06888	0.00284	0.16287	0.00478	0.00267	0.00473
8	0.03322	0.21455	0.13046	0.01267	0.17972	0.04840	0.03198	0.02174	0.05029	0.01309	0.01345	0.01631	0.10265	0.05502	0.00551	0.00150	0.02613	0.03502	0.00258	0.00570
9	0.01003	0.03764	0.38633	0.11141	0.07344	0.00946	0.07397	0.02640	0.00997	0.09119	0.01152	0.09109	0.02158	0.00555	0.00455	0.00146	0.00567	0.01998	0.00264	0.00611
10	0.00999	0.00556	0.00723	0.03302	0.00898	0.00515	0.00533	0.03801	0.01088	0.22556	0.09623	0.30732	0.14791	0.01019	0.00524	0.00161	0.00312	0.06918	0.00453	0.00497
11	0.01007	0.02884	0.11744	0.19944	0.18349	0.02183	0.13250	0.02847	0.01035	0.06099	0.06618	0.05637	0.01136	0.00553	0.00473	0.00147	0.00548	0.04687	0.00275	0.00584
12	0.02830	0.05460	0.27693	0.11686	0.13435	0.04049	0.10123	0.04519	0.03170	0.03034	0.01019	0.06474	0.00864	0.00519	0.00450	0.00144	0.00580	0.03095	0.00249	0.00608
13	0.01170	0.00746	0.01047	0.19811	0.08216	0.02832	0.00818	0.01367	0.01058	0.25351	0.04948	0.05223	0.09787	0.02517	0.00567	0.00159	0.04087	0.09363	0.00376	0.00559
14	0.03652	0.14172	0.19881	0.06449	0.07964	0.03951	0.05454	0.01257	0.02153	0.03842	0.03656	0.05568	0.03298	0.00721	0.03828	0.02398	0.06622	0.04324	0.00256	0.00553
15	0.01073	0.01995	0.06493	0.16992	0.20086	0.00802	0.04101	0.01266	0.00971	0.14686	0.04219	0.05283	0.02163	0.02053	0.00671	0.12060	0.00481	0.03762	0.00297	0.00547
16	0.01199	0.08904	0.15519	0.10610	0.08521	0.04439	0.06146	0.02693	0.04350	0.18858	0.03380	0.06237	0.03389	0.00574	0.00450	0.00141	0.00505	0.03142	0.00327	0.00613
17	0.00999	0.02310	0.15955	0.03833	0.24823	0.00839	0.04633	0.02319	0.03010	0.09450	0.01556	0.14597	0.07566	0.00760	0.03094	0.00166	0.00497	0.02690	0.00309	0.00594
18	0.00896	0.00858	0.06380	0.14056	0.22274	0.00786	0.06368	0.02112	0.01019	0.04401	0.12532	0.11969	0.04171	0.04138	0.00561	0.00160	0.00457	0.04275	0.00311	0.02277
19	0.02492	0.01114	0.14064	0.10536	0.16920	0.02546	0.11652	0.02479	0.03095	0.09673	0.05018	0.10485	0.01186	0.00604	0.00514	0.00150	0.03843	0.02740	0.00298	0.00593
20	0.02787	0.04352	0.05185	0.29888	0.33843	0.02731	0.03243	0.01340	0.02121	0.05633	0.00933	0.02327	0.00759	0.00463	0.00442	0.00141	0.00548	0.02417	0.00241	0.00608
21	0.01015	0.02538	0.01428	0.39826	0.24857	0.00963	0.02951	0.03295	0.00998	0.07331	0.03160	0.01353	0.03030	0.00620	0.04630	0.00171	0.00570	0.00432	0.00255	0.00577
22	0.01000	0.07638	0.02965	0.29802	0.23789	0.02086	0.06964	0.01281	0.02982	0.05114	0.02865	0.04673	0.04840	0.00551	0.01466	0.00148	0.00536	0.00469	0.00256	0.00576
23	0.01064	0.04246	0.20292	0.11727	0.12252	0.06646	0.08860	0.05049	0.01044	0.07150	0.01168	0.10685	0.02271	0.00628	0.01813	0.00155	0.02045	0.02041	0.00274	0.00589
24	0.03483	0.02198	0.16240	0.20904	0.11875	0.04144	0.04723	0.01427	0.01014	0.16927	0.03649	0.02773	0.02047	0.00630	0.04078	0.00168	0.02398	0.00431	0.00291	0.00601
25	0.01018	0.03604	0.07178	0.46251	0.12720	0.00969	0.02655	0.03313	0.00993	0.09390	0.02238	0.02308	0.02833	0.00541	0.02021	0.00155	0.00560	0.00428	0.00257	0.00567
26	0.00957	0.04926	0.25360	0.11952	0.13182	0.00957	0.08997	0.04937	0.02129	0.03582	0.03468	0.07114	0.06043	0.02328	0.00499	0.00151	0.00539	0.02024	0.00268	0.00587

[dist]
# distance from previous block
# <min> <max>
24	171

[block]
# block no. 3 follows, 58 sequences, length 11
# corresponding to MSA columns:
# 1377-1383,1385-1387,1397
name=unknown_D
#
# <colnr> <probs for GDERKNQSTAVLIFYWHMCP>
#	G	D	E	R	K	N	Q	S	T	A	V	L	I	F	Y	W	H	M	C	P
0	0.09500	0.03416	0.06303	0.04488	0.05406	0.04653	0.07022	0.13990	0.03622	0.10521	0.05902	0.03321	0.03087	0.01618	0.01609	0.00141	0.00470	0.01706	0.00339	0.12885
1	0.07614	0.05022	0.08603	0.04872	0.07036	0.07752	0.11050	0.03996	0.08573	0.07170	0.03760	0.06014	0.02113	0.00552	0.00467	0.00137	0.03059	0.02540	0.00306	0.09364
2	0.06808	0.05472	0.04715	0.07944	0.04272	0.05207	0.05568	0.04218	0.07704	0.16737	0.04088	0.03795	0.00993	0.00559	0.02218	0.00137	0.00465	0.00414	0.00336	0.18351
3	0.09482	0.04933	0.03414	0.06793	0.03880	0.03566	0.07184	0.19058	0.06117	0.13957	0.04839	0.02286	0.00959	0.00521	0.00475	0.00135	0.04458	0.00417	0.00356	0.07168
4	0.10284	0.02929	0.01190	0.04794	0.01287	0.06343	0.10649	0.09267	0.11645	0.10931	0.05489	0.05798	0.03659	0.04031	0.04012	0.00182	0.03993	0.02593	0.00355	0.00567
5	0.42774	0.00851	0.00885	0.02930	0.03537	0.00910	0.00617	0.06264	0.06624	0.25309	0.04478	0.01180	0.00912	0.00498	0.00370	0.00139	0.00372	0.00364	0.00386	0.00602
6	0.00833	0.00812	0.08913	0.00680	0.00993	0.00564	0.00593	0.01036	0.00983	0.04780	0.08981	0.10713	0.15211	0.00657	0.00424	0.00111	0.00330	0.00555	0.00332	0.42499
7	0.01010	0.01205	0.08484	0.12687	0.07145	0.01085	0.54680	0.01400	0.03056	0.01414	0.02761	0.01240	0.00760	0.00410	0.00502	0.00149	0.00690	0.00493	0.00231	0.00598
8	0.00666	0.00502	0.00694	0.00711	0.00791	0.00502	0.03828	0.00859	0.05791	0.01241	0.09139	0.34018	0.02448	0.14833	0.07197	0.00262	0.00411	0.15330	0.00379	0.00397
9	0.00953	0.04888	0.06092	0.37974	0.18021	0.02509	0.05868	0.03739	0.04714	0.01327	0.01214	0.01448	0.08350	0.00505	0.00450	0.00142	0.00545	0.00450	0.00245	0.00566
10	0.00595	0.00502	0.02974	0.00588	0.00701	0.00424	0.00458	0.00732	0.00993	0.01283	0.15190	0.22675	0.32302	0.06933	0.00669	0.00184	0.00285	0.11717	0.00410	0.00387

[dist]
# distance from previous block
# <min> <max>
0	1

[block]
# block no. 4 follows, 58 sequences, length 18
# corresponding to MSA columns:
# 1399-1416
name=unknown_E
#
# <colnr> <probs for GDERKNQSTAVLIFYWHMCP>
#	G	D	E	R	K	N	Q	S	T	A	V	L	I	F	Y	W	H	M	C	P
0	0.00967	0.00634	0.00854	0.00838	0.08075	0.00583	0.02446	0.03025	0.03645	0.16028	0.35515	0.02719	0.17108	0.00784	0.00493	0.00138	0.00303	0.00681	0.00445	0.04721
1	0.06129	0.53988	0.06818	0.00882	0.01235	0.18791	0.00831	0.03014	0.00998	0.01173	0.00656	0.00763	0.00573	0.00415	0.00347	0.00108	0.02241	0.00262	0.00210	0.00565
2	0.75965	0.00910	0.00697	0.00631	0.00890	0.05695	0.00512	0.01304	0.00787	0.01882	0.00670	0.00808	0.00537	0.00638	0.06442	0.00181	0.00437	0.00263	0.00271	0.00480
3	0.01031	0.02907	0.12349	0.11180	0.19762	0.03085	0.23172	0.03198	0.06249	0.02427	0.04058	0.01363	0.04211	0.00481	0.00493	0.00144	0.02556	0.00465	0.00258	0.00613
4	0.00567	0.00449	0.00512	0.00547	0.00658	0.00401	0.00410	0.00682	0.00964	0.01193	0.03593	0.19992	0.49153	0.05087	0.02777	0.00193	0.00294	0.11750	0.00404	0.00375
5	0.10551	0.00786	0.05869	0.03611	0.01035	0.01645	0.02210	0.07738	0.02570	0.14491	0.37971	0.02296	0.05994	0.00713	0.00469	0.00140	0.00338	0.00601	0.00433	0.00536
6	0.00634	0.00447	0.00559	0.00576	0.00663	0.00412	0.00409	0.00783	0.02310	0.03831	0.31330	0.33594	0.15518	0.06045	0.00644	0.00175	0.00252	0.00978	0.00440	0.00399
7	0.01240	0.56557	0.05457	0.05704	0.01413	0.12280	0.06764	0.01423	0.00979	0.03574	0.00705	0.00828	0.00599	0.00403	0.00340	0.00109	0.00554	0.00287	0.00211	0.00574
8	0.01074	0.05873	0.45830	0.01247	0.01772	0.03133	0.12825	0.06065	0.06187	0.05576	0.00933	0.01052	0.00678	0.00443	0.00449	0.00138	0.01834	0.00374	0.00249	0.04269
9	0.01186	0.12141	0.28336	0.11024	0.01733	0.02462	0.05576	0.10443	0.08441	0.11085	0.01055	0.02796	0.00786	0.00485	0.00427	0.00137	0.00549	0.00395	0.00295	0.00646
10	0.01611	0.01206	0.01328	0.07178	0.01504	0.01346	0.00873	0.70687	0.05460	0.02652	0.01086	0.01109	0.00775	0.00533	0.00448	0.00136	0.00494	0.00407	0.00429	0.00739
11	0.04448	0.00617	0.00743	0.04715	0.00965	0.00652	0.00575	0.01266	0.22094	0.06171	0.03324	0.38975	0.04734	0.01022	0.00517	0.00168	0.00323	0.07778	0.00419	0.00496
12	0.00833	0.00840	0.05880	0.08520	0.01392	0.01645	0.18481	0.02443	0.06836	0.02293	0.26999	0.04671	0.10731	0.04350	0.00599	0.00160	0.01811	0.00657	0.00357	0.00502
13	0.00705	0.00625	0.06717	0.00651	0.00803	0.00509	0.00545	0.00904	0.01124	0.05039	0.45341	0.11301	0.14917	0.00993	0.02075	0.00161	0.03589	0.03123	0.00434	0.00444
14	0.06239	0.47373	0.01725	0.02942	0.01150	0.10821	0.00713	0.03333	0.03014	0.06153	0.03096	0.01070	0.00812	0.06712	0.00480	0.00133	0.00488	0.00321	0.00253	0.03175
15	0.05926	0.00848	0.01304	0.60642	0.07289	0.03440	0.03121	0.02493	0.00919	0.02178	0.00840	0.01229	0.00661	0.03132	0.04066	0.00180	0.00605	0.00401	0.00219	0.00508
16	0.09202	0.01073	0.07391	0.06145	0.01425	0.02382	0.08180	0.04721	0.00890	0.07510	0.00782	0.01036	0.00643	0.00636	0.01940	0.00170	0.39581	0.00383	0.00249	0.05661
17	0.09360	0.02886	0.10098	0.20607	0.13759	0.02677	0.03925	0.02944	0.01052	0.24614	0.01111	0.03229	0.00810	0.00487	0.00431	0.00140	0.00506	0.00412	0.00322	0.00629

[dist]
# distance from previous block
# <min> <max>
5	13

[block]
# block no. 5 follows, 58 sequences, length 19
# corresponding to MSA columns:
# 1436-1454
name=unknown_F
#
# <colnr> <probs for GDERKNQSTAVLIFYWHMCP>
#	G	D	E	R	K	N	Q	S	T	A	V	L	I	F	Y	W	H	M	C	P
0	0.00891	0.03300	0.42712	0.01146	0.05373	0.03042	0.04611	0.04507	0.02514	0.01490	0.13258	0.12496	0.01477	0.00635	0.00464	0.00145	0.00524	0.00545	0.00285	0.00584
1	0.00858	0.02429	0.17357	0.08829	0.07849	0.00767	0.04418	0.01186	0.05019	0.05205	0.28155	0.06040	0.05901	0.00732	0.01693	0.00153	0.01922	0.00603	0.00349	0.00537
2	0.00722	0.00847	0.14031	0.04447	0.01084	0.00628	0.03872	0.01063	0.08474	0.01539	0.33885	0.09379	0.16576	0.00842	0.00504	0.00148	0.00344	0.00735	0.00396	0.00486
3	0.00921	0.17782	0.44972	0.01077	0.03132	0.02110	0.03325	0.01306	0.02938	0.01367	0.08192	0.03559	0.06413	0.00537	0.00422	0.00134	0.00540	0.00432	0.00246	0.00595
4	0.01040	0.13968	0.56077	0.01127	0.01679	0.02560	0.01353	0.07069	0.01057	0.04484	0.04907	0.01062	0.00787	0.00457	0.00412	0.00134	0.00592	0.00350	0.00238	0.00645
5	0.01439	0.14233	0.05102	0.04829	0.03857	0.46934	0.04067	0.07308	0.01200	0.01256	0.00775	0.03053	0.00661	0.00481	0.00434	0.00122	0.03117	0.00338	0.00241	0.00554
6	0.04947	0.33446	0.10973	0.06105	0.01352	0.02275	0.02566	0.03780	0.00974	0.03318	0.02238	0.01007	0.00721	0.00417	0.00351	0.00106	0.00466	0.01878	0.00243	0.22837
7	0.02389	0.00609	0.02345	0.00630	0.00726	0.02551	0.02170	0.04928	0.00855	0.02769	0.01766	0.17717	0.08523	0.43126	0.01414	0.00294	0.01898	0.00727	0.00320	0.04243
8	0.01174	0.08246	0.16925	0.01013	0.01366	0.05274	0.04441	0.09345	0.34147	0.05685	0.01313	0.01350	0.00997	0.02346	0.04251	0.00173	0.00520	0.00428	0.00350	0.00658
9	0.01145	0.01147	0.01358	0.40102	0.09156	0.19019	0.03122	0.04337	0.04009	0.04497	0.02975	0.01172	0.00754	0.00487	0.00495	0.00142	0.04891	0.00394	0.00249	0.00549
10	0.00746	0.00626	0.00900	0.17341	0.04943	0.00648	0.01973	0.00909	0.00861	0.01189	0.03551	0.19421	0.05428	0.10793	0.09981	0.00242	0.03871	0.02002	0.00292	0.14282
11	0.00676	0.00527	0.00623	0.00602	0.00734	0.00521	0.00456	0.00995	0.12321	0.01513	0.32703	0.06446	0.24772	0.02388	0.08678	0.00209	0.00344	0.02825	0.02224	0.00443
12	0.01365	0.01496	0.01138	0.01022	0.01253	0.38777	0.00784	0.04905	0.34292	0.01486	0.01314	0.01314	0.03931	0.00564	0.00480	0.00136	0.04392	0.00412	0.00337	0.00600
13	0.01504	0.01159	0.01455	0.04108	0.01528	0.01258	0.11541	0.53733	0.09119	0.05408	0.01140	0.01191	0.00825	0.00612	0.03169	0.00158	0.00538	0.00433	0.00406	0.00713
14	0.12109	0.01049	0.01047	0.04151	0.01226	0.13872	0.00710	0.13871	0.04364	0.33578	0.03727	0.04371	0.01076	0.00574	0.00432	0.00138	0.00460	0.02177	0.00424	0.00644
15	0.01318	0.01096	0.01125	0.00957	0.01242	0.04266	0.00758	0.26641	0.53101	0.02139	0.01544	0.01450	0.01147	0.00580	0.00451	0.00145	0.00414	0.00465	0.00444	0.00717
16	0.00722	0.00559	0.00728	0.02844	0.00808	0.03556	0.00531	0.00798	0.00716	0.00982	0.01174	0.05630	0.01193	0.19349	0.40992	0.11458	0.06832	0.00524	0.00244	0.00359
17	0.30943	0.00830	0.00868	0.10972	0.01217	0.02246	0.00665	0.16287	0.03210	0.01805	0.01418	0.13234	0.05873	0.00707	0.00426	0.00152	0.00400	0.07885	0.00344	0.00515
18	0.05631	0.01068	0.01498	0.23208	0.41430	0.08629	0.01174	0.01411	0.06550	0.01402	0.00871	0.01115	0.00700	0.00430	0.00429	0.00135	0.00546	0.00383	0.00237	0.03154

[dist]
# distance from previous block
# <min> <max>
2	15

[block]
# block no. 6 follows, 58 sequences, length 34
# corresponding to MSA columns:
# 1470-1484,1497-1515
name=unknown_G
#
# <colnr> <probs for GDERKNQSTAVLIFYWHMCP>
#	G	D	E	R	K	N	Q	S	T	A	V	L	I	F	Y	W	H	M	C	P
0	0.16429	0.00853	0.01245	0.16464	0.24367	0.00945	0.02834	0.03248	0.00915	0.05904	0.00913	0.01235	0.00759	0.03688	0.13411	0.00243	0.05341	0.00397	0.00255	0.00556
1	0.06266	0.01052	0.01066	0.00922	0.03398	0.09104	0.00708	0.13486	0.27640	0.06622	0.02183	0.02540	0.01001	0.00557	0.01397	0.00134	0.02555	0.00409	0.00372	0.18589
2	0.02835	0.27982	0.13244	0.04413	0.03288	0.14187	0.13302	0.01479	0.02660	0.06939	0.03157	0.01102	0.02648	0.00453	0.00400	0.00124	0.00580	0.00368	0.00250	0.00587
3	0.01010	0.00854	0.01252	0.30945	0.10271	0.02663	0.04665	0.04697	0.02246	0.07209	0.02917	0.03723	0.05480	0.02501	0.00532	0.00142	0.04317	0.00457	0.00281	0.13838
4	0.00777	0.00389	0.00583	0.00583	0.00583	0.00389	0.00389	0.00583	0.00583	0.00777	0.00777	0.01360	0.00777	0.01554	0.01748	0.86985	0.00389	0.00389	0.00194	0.00194
5	0.01275	0.17484	0.01372	0.02525	0.02244	0.05624	0.00774	0.18479	0.40590	0.01845	0.01322	0.01284	0.01008	0.00531	0.00416	0.00134	0.00438	0.00413	0.00379	0.01863
6	0.04454	0.17139	0.14488	0.03207	0.10873	0.04777	0.00921	0.06702	0.05418	0.10393	0.04592	0.06312	0.01878	0.00530	0.00409	0.00128	0.00473	0.00427	0.00306	0.06576
7	0.01038	0.14530	0.39394	0.00985	0.01431	0.00975	0.01109	0.01375	0.01989	0.11325	0.02808	0.03659	0.02182	0.05218	0.00530	0.00154	0.00523	0.06785	0.00279	0.03710
8	0.03016	0.05715	0.62623	0.01172	0.01732	0.01016	0.02732	0.02988	0.02209	0.03327	0.00988	0.04943	0.00803	0.00514	0.00434	0.00145	0.00602	0.04181	0.00231	0.00631
9	0.01027	0.00919	0.02830	0.00871	0.01090	0.04467	0.00688	0.01946	0.55669	0.02873	0.04168	0.12134	0.02582	0.00752	0.00481	0.00157	0.00368	0.05919	0.00433	0.00625
10	0.00927	0.12378	0.43787	0.01052	0.02755	0.02971	0.03251	0.01311	0.03670	0.03718	0.04225	0.03906	0.13044	0.00580	0.00435	0.00138	0.00530	0.00470	0.00263	0.00591
11	0.00870	0.01859	0.01261	0.20584	0.19626	0.00781	0.08290	0.01084	0.00956	0.04581	0.02888	0.27775	0.01578	0.00790	0.00502	0.00158	0.00462	0.05130	0.00307	0.00518
12	0.00646	0.00432	0.00489	0.00494	0.00495	0.00431	0.00278	0.00649	0.00660	0.00880	0.01457	0.06585	0.01686	0.80540	0.02200	0.00422	0.00426	0.00679	0.00278	0.00275
13	0.00640	0.00468	0.00681	0.00685	0.00751	0.00533	0.00515	0.00769	0.00713	0.01016	0.01262	0.05025	0.01241	0.12851	0.67906	0.02739	0.01052	0.00528	0.00249	0.00378
14	0.01044	0.14653	0.12446	0.15651	0.23033	0.04680	0.08630	0.02802	0.02254	0.01333	0.02821	0.01198	0.03447	0.00466	0.00467	0.00135	0.03713	0.00401	0.00229	0.00601
15	0.24939	0.00765	0.00891	0.00774	0.03705	0.00750	0.00599	0.04000	0.01093	0.42835	0.01591	0.04647	0.06300	0.02501	0.02542	0.00162	0.00387	0.00460	0.00435	0.00624
16	0.00544	0.00392	0.00517	0.00616	0.00647	0.00364	0.00412	0.00624	0.00863	0.01144	0.02544	0.80961	0.05934	0.01391	0.00569	0.00181	0.00258	0.01259	0.00415	0.00364
17	0.09542	0.00996	0.01255	0.26643	0.04912	0.01130	0.02196	0.34876	0.03915	0.03988	0.00984	0.02476	0.00744	0.00545	0.00484	0.03455	0.00501	0.00406	0.00334	0.00618
18	0.00905	0.00851	0.09123	0.03136	0.03044	0.00734	0.08888	0.03123	0.07709	0.05624	0.01848	0.03407	0.01828	0.00983	0.02835	0.00195	0.00496	0.44388	0.00368	0.00516
19	0.00723	0.00452	0.00556	0.00551	0.00568	0.00462	0.00343	0.00741	0.05922	0.00907	0.01234	0.03531	0.01336	0.48926	0.01948	0.30297	0.00410	0.00560	0.00259	0.00275
20	0.87439	0.00865	0.00657	0.00588	0.00865	0.01003	0.00484	0.01315	0.00761	0.02007	0.00623	0.00727	0.00484	0.00415	0.00277	0.00138	0.00346	0.00242	0.00277	0.00484
21	0.01099	0.01043	0.06357	0.00923	0.01203	0.01092	0.00763	0.04872	0.70079	0.01851	0.01819	0.01690	0.03982	0.00610	0.00455	0.00150	0.00375	0.00505	0.00436	0.00696
22	0.01232	0.73161	0.05372	0.00820	0.01202	0.07066	0.00810	0.03924	0.00973	0.01127	0.00648	0.00744	0.00580	0.00395	0.00305	0.00100	0.00508	0.00251	0.00202	0.00580
23	0.00650	0.00437	0.00503	0.00503	0.00508	0.00442	0.00290	0.00660	0.00655	0.00879	0.01395	0.02850	0.01593	0.78928	0.07582	0.00453	0.00484	0.00639	0.00269	0.00280
24	0.07956	0.05473	0.22888	0.01107	0.01481	0.20385	0.08134	0.06635	0.10125	0.02749	0.01010	0.01281	0.00822	0.03727	0.00497	0.00149	0.00600	0.04116	0.00276	0.00591
25	0.00692	0.00521	0.00654	0.00708	0.00803	0.00526	0.00546	0.00984	0.12021	0.01340	0.07261	0.32203	0.07845	0.05101	0.00646	0.00193	0.00326	0.26785	0.00418	0.00428
26	0.00545	0.00457	0.00477	0.00488	0.00632	0.00389	0.00374	0.00665	0.01016	0.01218	0.04299	0.06363	0.72751	0.01148	0.00537	0.00156	0.00243	0.07445	0.00415	0.00380
27	0.01727	0.00952	0.01165	0.00994	0.06510	0.00961	0.00758	0.31280	0.04567	0.38923	0.01428	0.01341	0.00963	0.00537	0.00440	0.00135	0.00421	0.00429	0.05734	0.00735
28	0.03544	0.01143	0.03755	0.13529	0.21987	0.09089	0.23122	0.01480	0.03083	0.09661	0.00992	0.03466	0.00780	0.00462	0.00480	0.00142	0.01955	0.00450	0.00266	0.00615
29	0.00636	0.00452	0.00624	0.00711	0.00773	0.00450	0.00552	0.00768	0.00902	0.01197	0.02225	0.38270	0.02521	0.04333	0.09215	0.01897	0.00429	0.33277	0.00387	0.00381
30	0.00650	0.00435	0.00493	0.00493	0.00495	0.00437	0.00278	0.00654	0.00652	0.00871	0.01405	0.02901	0.01615	0.82451	0.04090	0.00440	0.00451	0.00647	0.00270	0.00274
31	0.02897	0.00813	0.00980	0.00796	0.05758	0.00645	0.00591	0.02300	0.00961	0.04553	0.00863	0.01031	0.00713	0.00364	0.00348	0.00078	0.00349	0.01659	0.00279	0.74023
32	0.47386	0.04393	0.00856	0.03832	0.01006	0.04982	0.00594	0.01240	0.03450	0.01612	0.00799	0.01017	0.00672	0.01059	0.17691	0.00259	0.04792	0.00317	0.00261	0.03782
33	0.00884	0.00824	0.01381	0.61944	0.17824	0.00970	0.01219	0.01164	0.00919	0.01206	0.00895	0.01404	0.00738	0.02487	0.00499	0.00156	0.00571	0.04172	0.00215	0.00528

[dist]
# distance from previous block
# <min> <max>
0	1

[block]
# block no. 7 follows, 58 sequences, length 25
# corresponding to MSA columns:
# 1517-1538,1540-1542
name=unknown_H
#
# <colnr> <probs for GDERKNQSTAVLIFYWHMCP>
#	G	D	E	R	K	N	Q	S	T	A	V	L	I	F	Y	W	H	M	C	P
0	0.01333	0.12397	0.01395	0.01008	0.01310	0.12242	0.05368	0.21084	0.34084	0.01855	0.01281	0.01309	0.00985	0.00537	0.00431	0.00136	0.00490	0.01715	0.00374	0.00666
1	0.00826	0.00780	0.01308	0.74942	0.02876	0.00951	0.03164	0.01113	0.00908	0.01155	0.01078	0.01426	0.06650	0.00497	0.00455	0.00149	0.00573	0.00442	0.00216	0.00491
2	0.00944	0.00887	0.01451	0.60414	0.14126	0.03490	0.05501	0.01231	0.00952	0.03323	0.02914	0.01234	0.00724	0.00452	0.00452	0.00145	0.00586	0.00413	0.00221	0.00539
3	0.01059	0.01169	0.07246	0.01441	0.01745	0.03246	0.37138	0.08601	0.01070	0.01472	0.03528	0.01534	0.00942	0.00587	0.00737	0.00163	0.19856	0.07633	0.00263	0.00570
4	0.00559	0.00445	0.00501	0.00507	0.00628	0.00387	0.00373	0.00692	0.01060	0.01353	0.24474	0.15915	0.49295	0.01115	0.00535	0.00153	0.00227	0.00957	0.00436	0.00387
5	0.01079	0.01034	0.01765	0.11397	0.73058	0.01055	0.01359	0.01348	0.01005	0.01427	0.00836	0.01116	0.00696	0.00404	0.00443	0.00135	0.00538	0.00398	0.00219	0.00686
6	0.01119	0.00836	0.00932	0.03955	0.05765	0.09609	0.00691	0.11132	0.04349	0.13429	0.01798	0.31287	0.01817	0.00918	0.00508	0.00160	0.00417	0.10339	0.00402	0.00534
7	0.01107	0.01063	0.01816	0.02746	0.81489	0.01063	0.01373	0.01373	0.01019	0.01461	0.00841	0.01107	0.00709	0.00399	0.00443	0.00133	0.00531	0.00399	0.00221	0.00709
8	0.07165	0.00467	0.00524	0.00519	0.00546	0.00483	0.00317	0.00707	0.00660	0.00960	0.01293	0.02571	0.01447	0.66427	0.08246	0.06038	0.00483	0.00590	0.00264	0.00292
9	0.01261	0.01269	0.01005	0.00947	0.03796	0.33896	0.00695	0.03719	0.12445	0.07458	0.15605	0.05482	0.08058	0.00666	0.00455	0.00133	0.00508	0.00529	0.01531	0.00540
10	0.01112	0.01055	0.01236	0.36413	0.07851	0.16899	0.02225	0.07394	0.01104	0.05085	0.04354	0.09105	0.01027	0.00569	0.00452	0.00141	0.00560	0.00482	0.02403	0.00533
11	0.00897	0.02314	0.81962	0.01275	0.01936	0.01039	0.01653	0.01417	0.00944	0.01417	0.00803	0.00944	0.00567	0.00425	0.00425	0.00142	0.00661	0.00331	0.00189	0.00661
12	0.01011	0.05707	0.66124	0.01253	0.01849	0.07196	0.04107	0.05125	0.01025	0.01443	0.00803	0.00939	0.00580	0.00430	0.00422	0.00138	0.00659	0.00333	0.00205	0.00649
13	0.00931	0.00877	0.01471	0.52323	0.29111	0.01001	0.01251	0.01233	0.02421	0.01283	0.03300	0.01239	0.00759	0.00448	0.00448	0.00143	0.00558	0.00413	0.00220	0.00569
14	0.01012	0.05621	0.04250	0.07898	0.24170	0.02384	0.04639	0.03247	0.01003	0.06953	0.07227	0.10608	0.03907	0.00784	0.04811	0.00176	0.08831	0.00544	0.01366	0.00567
15	0.01327	0.12222	0.02548	0.06033	0.01313	0.40658	0.00820	0.01468	0.01051	0.03800	0.00818	0.01049	0.00701	0.03438	0.05769	0.00173	0.10321	0.00339	0.05645	0.00509
16	0.05723	0.00814	0.00926	0.00670	0.01060	0.00644	0.00538	0.03649	0.00956	0.01531	0.00794	0.00921	0.00656	0.00342	0.00332	0.00072	0.00337	0.00268	0.00271	0.79495
17	0.01097	0.06395	0.21747	0.07643	0.07338	0.00950	0.10583	0.02747	0.05804	0.13432	0.09689	0.01515	0.04375	0.00533	0.00470	0.00139	0.02025	0.00463	0.00314	0.02740
18	0.04849	0.00733	0.01140	0.37980	0.15619	0.00822	0.00980	0.01076	0.01980	0.01295	0.04713	0.13342	0.05475	0.00697	0.00479	0.00155	0.00472	0.07411	0.00282	0.00500
19	0.00583	0.00456	0.00531	0.00530	0.00655	0.00404	0.00403	0.00738	0.01105	0.01435	0.33089	0.07734	0.42778	0.01071	0.00537	0.00153	0.00236	0.06722	0.00444	0.00396
20	0.01186	0.11083	0.20354	0.01249	0.09835	0.18696	0.02387	0.01745	0.23594	0.01429	0.01046	0.01117	0.00813	0.00487	0.00449	0.00134	0.03113	0.00373	0.00278	0.00632
21	0.01157	0.08618	0.08540	0.11413	0.02730	0.02608	0.03978	0.02662	0.03030	0.22092	0.01486	0.17489	0.02257	0.03369	0.03164	0.02419	0.00474	0.01601	0.00353	0.00559
22	0.01753	0.00748	0.00978	0.00776	0.01086	0.00677	0.00635	0.04579	0.06108	0.63203	0.06034	0.01815	0.04863	0.00615	0.00459	0.00141	0.00364	0.02208	0.02249	0.00709
23	0.00557	0.00407	0.00519	0.00596	0.00645	0.00376	0.00408	0.00647	0.00894	0.01176	0.06498	0.62927	0.13718	0.05221	0.00644	0.00188	0.00265	0.03536	0.00412	0.00365
24	0.00926	0.00785	0.01161	0.15085	0.16839	0.04236	0.05975	0.03165	0.01075	0.05514	0.15268	0.12864	0.04288	0.00763	0.00503	0.00153	0.00445	0.10089	0.00342	0.00522

[dist]
# distance from previous block
# <min> <max>
5	16

[block]
# block no. 8 follows, 58 sequences, length 9
# corresponding to MSA columns:
# 1595-1603
name=unknown_I
#
# <colnr> <probs for GDERKNQSTAVLIFYWHMCP>
#	G	D	E	R	K	N	Q	S	T	A	V	L	I	F	Y	W	H	M	C	P
0	0.08708	0.54457	0.01906	0.00850	0.01189	0.18928	0.00768	0.06457	0.01049	0.01256	0.00666	0.00760	0.00579	0.00412	0.00321	0.00106	0.00538	0.00260	0.00223	0.00566
1	0.07149	0.07695	0.00749	0.00681	0.04477	0.00604	0.00471	0.00821	0.00867	0.01196	0.05701	0.18718	0.15811	0.24466	0.00995	0.00235	0.00353	0.08280	0.00339	0.00390
2	0.07547	0.35407	0.22684	0.02868	0.02974	0.04375	0.03071	0.01404	0.03203	0.05639	0.02176	0.03387	0.02599	0.00471	0.00371	0.00123	0.00515	0.00353	0.00243	0.00591
3	0.00981	0.01316	0.29600	0.04318	0.04291	0.00874	0.11382	0.02485	0.05555	0.08467	0.01352	0.01584	0.07706	0.00850	0.07149	0.06663	0.02010	0.02568	0.00277	0.00572
4	0.00728	0.00554	0.00776	0.07761	0.00992	0.00629	0.00595	0.06700	0.00847	0.01173	0.01357	0.05732	0.04110	0.11083	0.54249	0.00551	0.00936	0.00538	0.00270	0.00419
5	0.04819	0.00895	0.03363	0.02520	0.11249	0.00880	0.08967	0.20022	0.01300	0.09378	0.09814	0.01606	0.01267	0.00552	0.00432	0.00133	0.00420	0.02738	0.19045	0.00598
6	0.01162	0.03245	0.08163	0.13070	0.14199	0.03914	0.06036	0.06220	0.10020	0.13057	0.01231	0.06535	0.01019	0.06783	0.00603	0.00164	0.01815	0.00486	0.01672	0.00605
7	0.01031	0.08570	0.07188	0.06892	0.03881	0.04187	0.02283	0.05975	0.03351	0.10018	0.02819	0.15323	0.03011	0.05343	0.00657	0.02187	0.04422	0.12002	0.00340	0.00520
8	0.03131	0.00948	0.08890	0.00843	0.01121	0.00869	0.00736	0.08437	0.30226	0.12400	0.04314	0.02229	0.13033	0.00802	0.03194	0.00170	0.00410	0.07209	0.00422	0.00618

[dist]
# distance from previous block
# <min> <max>
6	22

[block]
# block no. 9 follows, 58 sequences, length 12
# corresponding to MSA columns:
# 1633-1635,1637-1645
name=unknown_J
#
# <colnr> <probs for GDERKNQSTAVLIFYWHMCP>
#	G	D	E	R	K	N	Q	S	T	A	V	L	I	F	Y	W	H	M	C	P
0	0.00761	0.00670	0.05532	0.00702	0.02938	0.00567	0.00546	0.00986	0.06151	0.04637	0.09673	0.09053	0.21634	0.12899	0.08570	0.00237	0.01837	0.01928	0.00354	0.10324
1	0.01007	0.03848	0.22951	0.04538	0.04845	0.17496	0.04667	0.01279	0.01038	0.01325	0.06554	0.01769	0.09007	0.00658	0.02183	0.00149	0.02547	0.06059	0.03492	0.04589
2	0.01222	0.10458	0.18203	0.08007	0.13453	0.03283	0.03209	0.05019	0.05422	0.16715	0.01170	0.04633	0.02208	0.00505	0.00427	0.00133	0.00506	0.00422	0.00309	0.04696
3	0.01085	0.04965	0.35760	0.04802	0.13724	0.00950	0.06041	0.01440	0.01024	0.12352	0.06201	0.01220	0.00916	0.00460	0.00432	0.00133	0.00544	0.00394	0.00272	0.07284
4	0.00786	0.05652	0.02665	0.05089	0.06356	0.00689	0.09401	0.00955	0.00927	0.04564	0.03093	0.33905	0.10295	0.01146	0.06729	0.00204	0.03017	0.03722	0.00340	0.00465
5	0.01016	0.06544	0.20021	0.14832	0.04582	0.03405	0.10326	0.01345	0.04107	0.07711	0.01092	0.06159	0.02019	0.02816	0.03583	0.00169	0.03327	0.00453	0.00263	0.06231
6	0.02381	0.02584	0.26881	0.07141	0.15773	0.06324	0.10351	0.01406	0.01013	0.08154	0.04710	0.02718	0.00909	0.00508	0.00512	0.00144	0.05525	0.02092	0.00258	0.00615
7	0.00895	0.06899	0.10023	0.04769	0.06066	0.00737	0.02072	0.01134	0.04143	0.09385	0.06533	0.16601	0.19028	0.00819	0.00508	0.00147	0.02871	0.02445	0.00354	0.04570
8	0.01027	0.05812	0.13477	0.20258	0.13520	0.01037	0.17019	0.06461	0.02830	0.04390	0.01177	0.04408	0.05570	0.00509	0.00460	0.00143	0.00567	0.00475	0.00262	0.00597
9	0.01135	0.02332	0.19654	0.01244	0.17268	0.02852	0.00970	0.01422	0.02769	0.18361	0.08115	0.08048	0.05448	0.00598	0.00450	0.00135	0.00451	0.00512	0.00341	0.07896
10	0.02461	0.08353	0.28915	0.10478	0.02903	0.03196	0.05478	0.06080	0.03133	0.10627	0.05078	0.01500	0.08807	0.00541	0.00439	0.00139	0.00527	0.00445	0.00296	0.00605
11	0.00893	0.08362	0.01218	0.03660	0.01121	0.01026	0.04901	0.01111	0.06950	0.01202	0.04354	0.06518	0.05227	0.09272	0.03983	0.00209	0.31969	0.01614	0.00270	0.06139

[dist]
# distance from previous block
# <min> <max>
12	173

# created by:
# /home/cegg/simao/soft/augustus-3.2.1/scripts/msa2prfl.pl ./align_prep/EOG092C5UXM.fa
