[name]
unknown

[dist]
# distance from previous block
# <min> <max>
0	61

[block]
# block no. 0 follows, 72 sequences, length 10
# corresponding to MSA columns:
# 69-78
name=unknown_A
#
# <colnr> <probs for GDERKNQSTAVLIFYWHMCP>
#	G	D	E	R	K	N	Q	S	T	A	V	L	I	F	Y	W	H	M	C	P
0	0.00860	0.00842	0.13326	0.00852	0.01086	0.00694	0.07354	0.17372	0.01054	0.04646	0.01528	0.02691	0.03967	0.00743	0.00457	0.00147	0.00412	0.41188	0.00319	0.00463
1	0.01148	0.00991	0.05662	0.07147	0.06603	0.01046	0.00785	0.41591	0.18696	0.01833	0.00963	0.01010	0.00717	0.00459	0.00439	0.00120	0.06657	0.00351	0.00320	0.03461
2	0.00592	0.07380	0.00713	0.07071	0.05351	0.00504	0.00492	0.00696	0.00744	0.00994	0.01618	0.50961	0.01855	0.06235	0.00529	0.00151	0.00292	0.06700	0.00297	0.06825
3	0.00795	0.00550	0.00675	0.00586	0.00742	0.05053	0.03758	0.00954	0.01003	0.14858	0.44015	0.09015	0.08422	0.00696	0.00421	0.00117	0.00260	0.00608	0.00380	0.07092
4	0.02132	0.00633	0.00731	0.00617	0.00800	0.01659	0.00484	0.21365	0.02354	0.09292	0.20353	0.02970	0.09256	0.06439	0.11519	0.00193	0.00393	0.00487	0.00344	0.07978
5	0.11417	0.00781	0.00997	0.00850	0.05565	0.06115	0.13408	0.02199	0.08298	0.03163	0.00944	0.09110	0.00857	0.07363	0.00475	0.00123	0.00379	0.00395	0.00252	0.27306
6	0.00937	0.15605	0.33602	0.00876	0.01242	0.08928	0.03111	0.07331	0.00901	0.04563	0.00833	0.01162	0.00708	0.05134	0.00437	0.00124	0.00480	0.06836	0.00217	0.06972
7	0.01107	0.07522	0.08204	0.01150	0.13443	0.10890	0.15993	0.08275	0.01008	0.15012	0.06917	0.01071	0.00838	0.00401	0.00374	0.00109	0.00464	0.00357	0.00267	0.06595
8	0.16742	0.00872	0.00908	0.06937	0.01073	0.09050	0.00618	0.10353	0.04136	0.01357	0.00669	0.00809	0.00545	0.00408	0.00471	0.00105	0.15463	0.00272	0.00233	0.28980
9	0.00992	0.01342	0.22099	0.01103	0.01435	0.18823	0.23026	0.10896	0.03220	0.01286	0.02589	0.06561	0.00806	0.00460	0.00399	0.00121	0.00546	0.03559	0.00233	0.00504

[dist]
# distance from previous block
# <min> <max>
1	2

[block]
# block no. 1 follows, 72 sequences, length 35
# corresponding to MSA columns:
# 81,82,84-116
name=unknown_B
#
# <colnr> <probs for GDERKNQSTAVLIFYWHMCP>
#	G	D	E	R	K	N	Q	S	T	A	V	L	I	F	Y	W	H	M	C	P
0	0.00910	0.01004	0.02068	0.01497	0.01853	0.03850	0.73649	0.01204	0.00897	0.03210	0.00849	0.05588	0.00685	0.00372	0.00444	0.00128	0.00611	0.00473	0.00207	0.00501
1	0.00805	0.00694	0.00939	0.00821	0.00854	0.00906	0.00656	0.00932	0.05048	0.05426	0.00786	0.01263	0.00766	0.17718	0.07999	0.00236	0.53155	0.00389	0.00210	0.00395
2	0.00471	0.00391	0.00421	0.00430	0.00551	0.00341	0.00333	0.00578	0.00852	0.01029	0.03491	0.03603	0.70775	0.01071	0.04990	0.00159	0.00253	0.09593	0.00344	0.00324
3	0.00462	0.00352	0.00430	0.00484	0.00544	0.00321	0.00337	0.00542	0.00766	0.00982	0.02622	0.54051	0.29872	0.01200	0.05004	0.00170	0.00253	0.00949	0.00344	0.00314
4	0.00755	0.00695	0.01138	0.81217	0.02535	0.00860	0.01035	0.05361	0.00813	0.01045	0.00687	0.01006	0.00513	0.00383	0.00379	0.00126	0.00501	0.00337	0.00180	0.00433
5	0.00483	0.00349	0.00462	0.00544	0.00583	0.00328	0.00387	0.00568	0.00757	0.00997	0.02189	0.68934	0.07610	0.01153	0.00488	0.00155	0.00238	0.13109	0.00352	0.00315
6	0.00492	0.00342	0.00446	0.00512	0.00538	0.00331	0.00343	0.00562	0.00700	0.00958	0.01853	0.65143	0.02167	0.11286	0.07409	0.00212	0.00299	0.00923	0.05181	0.00304
7	0.01417	0.01808	0.01075	0.00977	0.01172	0.85149	0.00733	0.01514	0.01075	0.00928	0.00586	0.00684	0.00489	0.00391	0.00342	0.00098	0.00684	0.00244	0.00195	0.00440
8	0.00943	0.00815	0.00858	0.00772	0.00986	0.00943	0.00600	0.02015	0.83621	0.01586	0.01544	0.01415	0.01158	0.00515	0.00386	0.00129	0.00300	0.00429	0.00386	0.00600
9	0.01417	0.01808	0.01075	0.00977	0.01172	0.85149	0.00733	0.01514	0.01075	0.00928	0.00586	0.00684	0.00489	0.00391	0.00342	0.00098	0.00684	0.00244	0.00195	0.00440
10	0.00507	0.00387	0.00466	0.00446	0.00549	0.00345	0.00335	0.00659	0.01004	0.01356	0.57468	0.03104	0.30319	0.00837	0.00448	0.00122	0.00183	0.00724	0.00396	0.00345
11	0.00985	0.75749	0.04727	0.05588	0.04333	0.01419	0.00718	0.01129	0.00775	0.00921	0.00548	0.00651	0.00492	0.00329	0.00260	0.00086	0.00418	0.00218	0.00164	0.00490
12	0.89350	0.00733	0.00557	0.00499	0.00733	0.00851	0.00411	0.01115	0.00645	0.01702	0.00528	0.00616	0.00411	0.00352	0.00235	0.00117	0.00293	0.00205	0.00235	0.00411
13	0.02370	0.00984	0.02535	0.21607	0.36573	0.12956	0.04456	0.01277	0.11243	0.01180	0.00789	0.00975	0.00626	0.00377	0.00373	0.00117	0.00485	0.00337	0.00210	0.00528
14	0.04193	0.00803	0.06016	0.10706	0.22271	0.00734	0.19664	0.00988	0.02025	0.01178	0.04428	0.01729	0.22593	0.00521	0.00408	0.00123	0.00421	0.00489	0.00241	0.00469
15	0.00918	0.00904	0.01567	0.10868	0.65658	0.02144	0.10048	0.01154	0.00859	0.01204	0.00713	0.00952	0.00586	0.00341	0.00383	0.00116	0.00480	0.00348	0.00186	0.00570
16	0.00511	0.00391	0.00442	0.00426	0.00543	0.00340	0.00321	0.00639	0.00949	0.03123	0.34273	0.03286	0.51647	0.00879	0.00446	0.00124	0.00190	0.00747	0.00380	0.00342
17	0.00611	0.00479	0.00700	0.00673	0.00802	0.00448	0.06707	0.00787	0.00910	0.01231	0.22589	0.07866	0.06725	0.00866	0.00473	0.00144	0.00307	0.39893	0.00345	0.07444
18	0.00604	0.00485	0.00726	0.00805	0.09784	0.00551	0.00555	0.00737	0.00648	0.00925	0.01073	0.01625	0.03016	0.08282	0.59201	0.00481	0.06220	0.03706	0.00211	0.00364
19	0.01693	0.00660	0.00889	0.00682	0.00975	0.00579	0.00563	0.04679	0.01110	0.81703	0.01476	0.01278	0.00929	0.00469	0.00381	0.00117	0.00326	0.00380	0.00466	0.00645
20	0.00471	0.00337	0.00451	0.00539	0.00565	0.00316	0.00368	0.00544	0.00735	0.00978	0.02085	0.81355	0.02488	0.01180	0.00487	0.00155	0.00228	0.06056	0.00352	0.00311
21	0.00924	0.00778	0.00817	0.00738	0.00942	0.00896	0.00573	0.01924	0.76947	0.01573	0.01519	0.01415	0.01143	0.00509	0.00376	0.00125	0.00290	0.00423	0.07508	0.00580
22	0.01006	0.04475	0.12831	0.03409	0.31757	0.00889	0.05667	0.04400	0.16858	0.11035	0.00981	0.01899	0.00749	0.00445	0.01827	0.00126	0.00438	0.00362	0.00263	0.00581
23	0.00454	0.00384	0.00392	0.00390	0.00516	0.00322	0.00292	0.00555	0.00877	0.01055	0.08797	0.03599	0.79178	0.00949	0.00448	0.00128	0.00191	0.00793	0.00356	0.00322
24	0.02267	0.00827	0.01345	0.25381	0.51485	0.00886	0.01063	0.02476	0.06943	0.02531	0.00776	0.00994	0.00618	0.00367	0.00375	0.00118	0.00450	0.00343	0.00205	0.00549
25	0.89350	0.00733	0.00557	0.00499	0.00733	0.00851	0.00411	0.01115	0.00645	0.01702	0.00528	0.00616	0.00411	0.00352	0.00235	0.00117	0.00293	0.00205	0.00235	0.00411
26	0.00520	0.00385	0.00469	0.00448	0.00548	0.00348	0.00336	0.00677	0.01008	0.01386	0.59853	0.02996	0.24745	0.00812	0.00441	0.00120	0.00182	0.00704	0.03675	0.00348
27	0.89350	0.00733	0.00557	0.00499	0.00733	0.00851	0.00411	0.01115	0.00645	0.01702	0.00528	0.00616	0.00411	0.00352	0.00235	0.00117	0.00293	0.00205	0.00235	0.00411
28	0.00738	0.05320	0.01153	0.66319	0.07473	0.00837	0.00986	0.00973	0.00777	0.01002	0.00794	0.01289	0.00670	0.00435	0.00383	0.00126	0.00478	0.08010	0.00187	0.02049
29	0.00716	0.00674	0.01138	0.85760	0.02612	0.00843	0.01053	0.00969	0.00758	0.00969	0.00674	0.01011	0.00506	0.00379	0.00379	0.00126	0.00506	0.00337	0.00169	0.00421
30	0.00541	0.00396	0.00565	0.00577	0.00632	0.00441	0.00434	0.00652	0.00626	0.00880	0.01195	0.08745	0.01222	0.15967	0.59652	0.00506	0.00806	0.05616	0.00229	0.00319
31	0.05034	0.00849	0.00992	0.00763	0.01059	0.00867	0.00630	0.40889	0.01404	0.41756	0.01176	0.01081	0.00777	0.00458	0.00375	0.00116	0.00367	0.00355	0.00417	0.00636
32	0.01272	0.05030	0.01146	0.01014	0.04443	0.63927	0.05230	0.01447	0.06233	0.00998	0.00740	0.05383	0.00649	0.00433	0.00356	0.00104	0.00612	0.00314	0.00214	0.00455
33	0.00705	0.00437	0.00544	0.00550	0.00652	0.00412	0.00399	0.00889	0.08644	0.14234	0.06716	0.48053	0.14367	0.00955	0.00451	0.00140	0.00237	0.00844	0.00377	0.00393
34	0.00589	0.00400	0.00506	0.00477	0.00581	0.00361	0.00358	0.00746	0.01020	0.06499	0.61151	0.07464	0.16796	0.00810	0.00445	0.00123	0.00192	0.00708	0.00406	0.00366

[dist]
# distance from previous block
# <min> <max>
0	47

[block]
# block no. 2 follows, 72 sequences, length 7
# corresponding to MSA columns:
# 164-170
name=unknown_C
#
# <colnr> <probs for GDERKNQSTAVLIFYWHMCP>
#	G	D	E	R	K	N	Q	S	T	A	V	L	I	F	Y	W	H	M	C	P
0	0.00645	0.00365	0.00426	0.00440	0.00519	0.00348	0.00319	0.00784	0.00827	0.05083	0.12654	0.28051	0.04565	0.00736	0.00369	0.00116	0.00198	0.00639	0.42565	0.00352
1	0.00951	0.00871	0.01344	0.12697	0.53452	0.00923	0.01022	0.07896	0.14450	0.01354	0.00860	0.01024	0.00683	0.00382	0.00378	0.00117	0.00430	0.00353	0.00233	0.00581
2	0.00841	0.00801	0.01362	0.39127	0.48274	0.00875	0.01115	0.01078	0.00817	0.01120	0.00696	0.00971	0.00559	0.00356	0.00377	0.00119	0.00475	0.00338	0.00179	0.00522
3	0.01526	0.00685	0.00875	0.00697	0.00972	0.00647	0.00567	0.01887	0.20192	0.65358	0.01507	0.01320	0.00989	0.00480	0.00382	0.00120	0.00317	0.00392	0.00450	0.00635
4	0.16683	0.46480	0.01717	0.00994	0.11824	0.01219	0.14120	0.01149	0.00781	0.01133	0.00591	0.00720	0.00502	0.00330	0.00292	0.00099	0.00430	0.00261	0.00183	0.00492
5	0.00497	0.00386	0.00452	0.00435	0.00542	0.00341	0.00327	0.00639	0.00980	0.01298	0.48054	0.03200	0.39769	0.00858	0.00448	0.00123	0.00185	0.00737	0.00388	0.00341
6	0.01000	0.44841	0.03916	0.14602	0.01285	0.04325	0.00723	0.11845	0.00916	0.01156	0.00627	0.00745	0.00520	0.00348	0.00295	0.00091	0.00422	0.00250	0.00201	0.11891

[dist]
# distance from previous block
# <min> <max>
0	1

[block]
# block no. 3 follows, 72 sequences, length 91
# corresponding to MSA columns:
# 172-262
name=unknown_D
#
# <colnr> <probs for GDERKNQSTAVLIFYWHMCP>
#	G	D	E	R	K	N	Q	S	T	A	V	L	I	F	Y	W	H	M	C	P
0	0.03467	0.07526	0.01165	0.01734	0.03996	0.38417	0.07243	0.07705	0.10573	0.01169	0.00853	0.07282	0.00751	0.01637	0.00428	0.00116	0.04863	0.00361	0.00240	0.00474
1	0.00895	0.00832	0.01400	0.08406	0.70113	0.00845	0.01076	0.01116	0.00849	0.01225	0.00785	0.02223	0.00670	0.00371	0.00372	0.00114	0.00432	0.01666	0.06047	0.00563
2	0.00716	0.00674	0.01138	0.85760	0.02612	0.00843	0.01053	0.00969	0.00758	0.00969	0.00674	0.01011	0.00506	0.00379	0.00379	0.00126	0.00506	0.00337	0.00169	0.00421
3	0.01702	0.00645	0.00880	0.00675	0.00968	0.00557	0.00557	0.01848	0.01085	0.84568	0.01496	0.01291	0.00939	0.00469	0.00381	0.00117	0.00323	0.00381	0.00469	0.00645
4	0.89350	0.00733	0.00557	0.00499	0.00733	0.00851	0.00411	0.01115	0.00645	0.01702	0.00528	0.00616	0.00411	0.00352	0.00235	0.00117	0.00293	0.00205	0.00235	0.00411
5	0.00786	0.10623	0.76272	0.01037	0.01573	0.00944	0.01325	0.01194	0.00798	0.01170	0.00665	0.00781	0.00481	0.00357	0.00348	0.00116	0.00545	0.00272	0.00160	0.00553
6	0.00463	0.00333	0.00439	0.00522	0.00549	0.00309	0.00350	0.00532	0.00738	0.00981	0.03740	0.81917	0.05377	0.01172	0.00482	0.00152	0.00218	0.01061	0.00353	0.00309
7	0.01113	0.01099	0.00940	0.00835	0.01053	0.23140	0.00646	0.09250	0.54442	0.01486	0.01234	0.01177	0.00935	0.00477	0.00374	0.00119	0.00412	0.00372	0.00335	0.00562
8	0.01173	0.01012	0.06896	0.01054	0.01384	0.03312	0.26567	0.26650	0.05195	0.13924	0.04209	0.01082	0.00787	0.00414	0.00397	0.00117	0.00469	0.00386	0.00309	0.04663
9	0.00898	0.31504	0.51544	0.00909	0.01374	0.01080	0.01095	0.01212	0.00805	0.05396	0.00669	0.00759	0.00506	0.00353	0.00321	0.00106	0.00494	0.00258	0.00177	0.00539
10	0.00765	0.01933	0.82222	0.01097	0.01652	0.00883	0.03858	0.01201	0.00804	0.01201	0.00683	0.00807	0.00483	0.00359	0.00363	0.00120	0.00563	0.00285	0.00161	0.00559
11	0.00490	0.00379	0.00555	0.00590	0.00642	0.00352	0.05807	0.00574	0.00746	0.00988	0.02112	0.75643	0.07446	0.01117	0.00479	0.00151	0.00246	0.01019	0.00341	0.00322
12	0.00871	0.01808	0.68544	0.01083	0.01591	0.06418	0.06694	0.01263	0.00843	0.06356	0.00731	0.00838	0.00516	0.00366	0.00366	0.00119	0.00559	0.00295	0.00184	0.00555
13	0.00787	0.00810	0.06699	0.64364	0.13672	0.00870	0.01074	0.05247	0.00828	0.01095	0.00692	0.00982	0.00524	0.00376	0.00377	0.00123	0.00497	0.00334	0.00181	0.00467
14	0.00457	0.00380	0.00399	0.00403	0.00520	0.00323	0.00299	0.00558	0.00872	0.01063	0.10679	0.09778	0.71041	0.00961	0.00451	0.00129	0.00193	0.00811	0.00358	0.00323
15	0.00661	0.00601	0.00869	0.00720	0.00873	0.06058	0.15961	0.00860	0.01037	0.01417	0.61753	0.02361	0.03938	0.00667	0.00440	0.00120	0.00299	0.00613	0.00359	0.00392
16	0.01016	0.06842	0.11855	0.00929	0.01215	0.14270	0.09642	0.05224	0.41999	0.01382	0.01103	0.01103	0.00836	0.00439	0.00373	0.00119	0.00443	0.00364	0.00291	0.00555
17	0.00641	0.00422	0.00476	0.00442	0.00586	0.00360	0.00339	0.00759	0.00933	0.12904	0.17921	0.03170	0.57942	0.00858	0.00439	0.00125	0.00208	0.00721	0.00380	0.00373
18	0.00495	0.00390	0.00456	0.00494	0.00594	0.00350	0.00387	0.00608	0.00845	0.01046	0.03060	0.16810	0.48682	0.01020	0.00475	0.00145	0.00240	0.23224	0.00351	0.00326
19	0.00966	0.01087	0.01903	0.01405	0.01735	0.12467	0.61979	0.05433	0.00954	0.01220	0.00837	0.06598	0.00694	0.00394	0.00432	0.00125	0.00606	0.00456	0.00213	0.00495
20	0.01335	0.20237	0.01273	0.00896	0.01126	0.61825	0.00711	0.05114	0.01041	0.02339	0.00603	0.00688	0.00502	0.00381	0.00323	0.00095	0.00606	0.00242	0.00201	0.00462
21	0.00786	0.00674	0.00786	0.00562	0.00899	0.00506	0.00449	0.00955	0.00786	0.01236	0.00674	0.00786	0.00562	0.00281	0.00281	0.00056	0.00281	0.00225	0.00225	0.88990
22	0.02889	0.00807	0.01064	0.02668	0.11759	0.00873	0.08649	0.07728	0.42762	0.06450	0.05557	0.04936	0.01132	0.00502	0.00394	0.00125	0.00357	0.00444	0.00339	0.00565
23	0.01093	0.01126	0.09490	0.01308	0.07026	0.08311	0.37671	0.12838	0.01029	0.10454	0.00825	0.00970	0.00606	0.00385	0.00451	0.00122	0.05129	0.00378	0.00244	0.00544
24	0.00544	0.00393	0.00541	0.00537	0.00589	0.00428	0.00390	0.00648	0.00659	0.00931	0.12792	0.01954	0.01438	0.25731	0.50195	0.00473	0.00719	0.00486	0.00241	0.00311
25	0.18931	0.06580	0.01345	0.01776	0.57545	0.05278	0.00955	0.01170	0.00824	0.01294	0.00657	0.00838	0.00549	0.00343	0.00336	0.00111	0.00428	0.00297	0.00196	0.00546
26	0.00450	0.00384	0.00386	0.00386	0.00513	0.00321	0.00289	0.00547	0.00867	0.01032	0.05008	0.03638	0.82981	0.00958	0.00448	0.00128	0.00192	0.00799	0.00353	0.00321
27	0.00786	0.00674	0.00786	0.00562	0.00899	0.00506	0.00449	0.00955	0.00786	0.01236	0.00674	0.00786	0.00562	0.00281	0.00281	0.00056	0.00281	0.00225	0.00225	0.88990
28	0.09937	0.02518	0.07171	0.00722	0.00973	0.04647	0.01835	0.10235	0.19376	0.18398	0.05581	0.01369	0.06464	0.00672	0.06730	0.00155	0.00401	0.00396	0.00337	0.02082
29	0.00710	0.00389	0.00550	0.00530	0.00557	0.00402	0.00368	0.06699	0.00598	0.00802	0.00700	0.01156	0.00676	0.01348	0.06592	0.76818	0.00379	0.00335	0.00183	0.00212
30	0.00563	0.00381	0.00452	0.00469	0.00486	0.00381	0.00304	0.00597	0.00614	0.00813	0.01353	0.02830	0.01535	0.70057	0.01657	0.00330	0.00364	0.16308	0.00253	0.00253
31	0.00474	0.00342	0.00464	0.00537	0.00568	0.00332	0.00369	0.00552	0.00716	0.00965	0.03178	0.72402	0.03082	0.01414	0.12435	0.00218	0.00331	0.00975	0.00332	0.00313
32	0.01418	0.01783	0.01077	0.00974	0.01173	0.82332	0.00732	0.04250	0.01099	0.00977	0.00597	0.00692	0.00494	0.00393	0.00343	0.00098	0.00675	0.00248	0.00202	0.00447
33	0.00719	0.00663	0.01066	0.61409	0.02107	0.00837	0.00937	0.02361	0.00733	0.00974	0.00704	0.01054	0.00569	0.00765	0.12456	0.00199	0.11511	0.00346	0.00177	0.00413
34	0.00882	0.00983	0.02087	0.09194	0.08215	0.00944	0.69458	0.01189	0.00881	0.01195	0.00755	0.01016	0.00571	0.00326	0.00436	0.00127	0.00613	0.00429	0.00189	0.00510
35	0.00886	0.00879	0.01345	0.35350	0.45599	0.07235	0.01087	0.01113	0.00838	0.01108	0.00688	0.00948	0.00554	0.00358	0.00374	0.00117	0.00490	0.00331	0.00181	0.00517
36	0.01039	0.73387	0.07368	0.00703	0.01032	0.07719	0.00703	0.01181	0.00801	0.02384	0.00559	0.00639	0.00494	0.00334	0.00261	0.00086	0.00435	0.00214	0.00170	0.00491
37	0.00553	0.00458	0.00562	0.00501	0.00639	0.00411	0.03276	0.00666	0.00817	0.01074	0.12634	0.03664	0.40978	0.09892	0.06215	0.01377	0.02533	0.00625	0.00307	0.12819
38	0.00737	0.00628	0.00661	0.00626	0.02351	0.07236	0.00465	0.01138	0.22824	0.03112	0.45338	0.02293	0.09715	0.00678	0.00420	0.00121	0.00260	0.00580	0.00382	0.00435
39	0.01007	0.78528	0.01877	0.00661	0.00975	0.01446	0.00644	0.01221	0.08828	0.00960	0.00626	0.00687	0.00552	0.00343	0.00257	0.00086	0.00395	0.00225	0.00184	0.00498
40	0.89350	0.00733	0.00557	0.00499	0.00733	0.00851	0.00411	0.01115	0.00645	0.01702	0.00528	0.00616	0.00411	0.00352	0.00235	0.00117	0.00293	0.00205	0.00235	0.00411
41	0.00898	0.00919	0.06838	0.01834	0.57604	0.00871	0.01021	0.01291	0.16783	0.01287	0.00956	0.06325	0.00818	0.00426	0.00383	0.00119	0.00415	0.00398	0.00234	0.00580
42	0.01105	0.50850	0.01569	0.00741	0.01017	0.17034	0.00659	0.10324	0.06390	0.01110	0.00676	0.00759	0.00575	0.00507	0.05118	0.00121	0.00487	0.00252	0.00210	0.00495
43	0.02969	0.00834	0.01030	0.00988	0.12001	0.00917	0.02010	0.36730	0.11039	0.04296	0.00989	0.01126	0.00777	0.01833	0.19424	0.00230	0.01582	0.00368	0.00308	0.00551
44	0.00867	0.00939	0.01768	0.01335	0.01551	0.01048	0.47066	0.01083	0.00758	0.01083	0.00650	0.00939	0.00542	0.00470	0.00796	0.00145	0.37917	0.00397	0.00181	0.00469
45	0.00557	0.00435	0.00508	0.00517	0.00604	0.01872	0.00376	0.04036	0.02949	0.01209	0.24712	0.35374	0.20788	0.00948	0.00462	0.00135	0.00978	0.01815	0.00366	0.01359
46	0.00481	0.00351	0.00452	0.00500	0.00551	0.00323	0.00347	0.00580	0.00833	0.01122	0.24270	0.55766	0.10913	0.01055	0.00471	0.00142	0.00206	0.00945	0.00370	0.00323
47	0.18609	0.00776	0.00883	0.00693	0.00973	0.00786	0.00571	0.24816	0.01199	0.43276	0.02930	0.01085	0.00810	0.00449	0.00354	0.00116	0.00341	0.00342	0.00397	0.00594
48	0.01321	0.01645	0.01016	0.00925	0.01118	0.73568	0.00695	0.01492	0.07255	0.00984	0.00860	0.00923	0.05729	0.00435	0.00352	0.00102	0.00625	0.00293	0.00219	0.00444
49	0.29111	0.01039	0.01213	0.07399	0.06477	0.19215	0.21194	0.02754	0.00870	0.03747	0.03180	0.00874	0.00603	0.00372	0.00344	0.00116	0.00490	0.00315	0.00223	0.00464
50	0.00502	0.00372	0.00472	0.00504	0.00577	0.00342	0.00373	0.00625	0.00886	0.01185	0.30007	0.33035	0.18097	0.00990	0.00470	0.00140	0.00216	0.10500	0.00374	0.00332
51	0.00947	0.57810	0.26883	0.00796	0.01189	0.01287	0.02029	0.01167	0.00785	0.02481	0.00594	0.00686	0.00494	0.00341	0.00293	0.00095	0.01210	0.00234	0.00168	0.00511
52	0.12707	0.00936	0.01013	0.00793	0.01077	0.04823	0.02926	0.44321	0.02559	0.21682	0.02792	0.01005	0.00746	0.00446	0.00363	0.00115	0.00391	0.00341	0.00369	0.00595
53	0.00965	0.06262	0.07651	0.03151	0.56300	0.00888	0.01024	0.01249	0.06315	0.06751	0.00832	0.00988	0.00661	0.00365	0.00362	0.00112	0.00424	0.00335	0.04787	0.00578
54	0.00497	0.00352	0.00459	0.00520	0.00556	0.00338	0.00356	0.00568	0.00713	0.01757	0.01996	0.59538	0.07588	0.11371	0.08206	0.00219	0.00313	0.04022	0.00325	0.00307
55	0.00716	0.00674	0.01138	0.85760	0.02612	0.00843	0.01053	0.00969	0.00758	0.00969	0.00674	0.01011	0.00506	0.00379	0.00379	0.00126	0.00506	0.00337	0.00169	0.00421
56	0.00809	0.40805	0.19385	0.00719	0.01005	0.01006	0.00744	0.00992	0.00771	0.00991	0.00991	0.11360	0.01014	0.06241	0.00447	0.00130	0.00407	0.11524	0.00214	0.00446
57	0.00946	0.59221	0.01606	0.05936	0.01028	0.01228	0.00646	0.06448	0.00818	0.00998	0.00707	0.01010	0.00661	0.00586	0.04746	0.05977	0.00435	0.06358	0.00193	0.00454
58	0.00528	0.00435	0.00481	0.00543	0.00589	0.05902	0.00372	0.00604	0.00779	0.00999	0.06370	0.69533	0.09264	0.01095	0.00470	0.00146	0.00246	0.00980	0.00345	0.00320
59	0.00761	0.01962	0.84707	0.01081	0.01641	0.00881	0.01401	0.01201	0.00801	0.01201	0.00681	0.00801	0.00480	0.00360	0.00360	0.00120	0.00560	0.00280	0.00160	0.00560
60	0.00747	0.00705	0.01193	0.74324	0.13810	0.00851	0.01068	0.00996	0.00773	0.01006	0.00679	0.01001	0.00519	0.00374	0.00379	0.00125	0.00498	0.00337	0.00171	0.00446
61	0.28966	0.00459	0.00478	0.00519	0.00609	0.00482	0.00371	0.00716	0.00700	0.01203	0.01589	0.58908	0.01836	0.00920	0.00404	0.00142	0.00244	0.00798	0.00314	0.00341
62	0.00939	0.00901	0.01539	0.02328	0.84306	0.00901	0.01164	0.01164	0.00864	0.01239	0.00713	0.00939	0.00601	0.00338	0.00375	0.00113	0.00451	0.00338	0.00188	0.00601
63	0.00939	0.00901	0.01539	0.02328	0.84306	0.00901	0.01164	0.01164	0.00864	0.01239	0.00713	0.00939	0.00601	0.00338	0.00375	0.00113	0.00451	0.00338	0.00188	0.00601
64	0.00459	0.00388	0.00399	0.00404	0.00530	0.00328	0.00309	0.00560	0.00865	0.01032	0.03726	0.03690	0.78973	0.00966	0.00453	0.00131	0.00202	0.05915	0.00352	0.00322
65	0.06577	0.00700	0.01137	0.72215	0.10250	0.00849	0.01021	0.00997	0.00761	0.01043	0.00668	0.00978	0.00508	0.00373	0.00369	0.00124	0.00486	0.00328	0.00175	0.00438
66	0.01356	0.00791	0.06096	0.00749	0.00991	0.03149	0.00641	0.08809	0.02354	0.48427	0.02735	0.07942	0.00990	0.00546	0.00496	0.00126	0.11190	0.00422	0.01622	0.00568
67	0.00776	0.00761	0.00973	0.00849	0.00886	0.05277	0.00693	0.00880	0.00726	0.01046	0.18018	0.01412	0.06325	0.00691	0.00984	0.00150	0.58491	0.00430	0.00231	0.00398
68	0.00716	0.00674	0.01138	0.85760	0.02612	0.00843	0.01053	0.00969	0.00758	0.00969	0.00674	0.01011	0.00506	0.00379	0.00379	0.00126	0.00506	0.00337	0.00169	0.00421
69	0.59775	0.00741	0.06138	0.00565	0.00793	0.00738	0.00493	0.01094	0.00733	0.08150	0.05137	0.07461	0.00888	0.00490	0.00302	0.00124	0.00305	0.05374	0.00274	0.00425
70	0.00513	0.00347	0.00411	0.00460	0.00513	0.00323	0.00315	0.00601	0.00754	0.01049	0.02198	0.48879	0.17554	0.06634	0.00530	0.00151	0.00216	0.00851	0.17387	0.00314
71	0.00716	0.00674	0.01138	0.85760	0.02612	0.00843	0.01053	0.00969	0.00758	0.00969	0.00674	0.01011	0.00506	0.00379	0.00379	0.00126	0.00506	0.00337	0.00169	0.00421
72	0.00752	0.00705	0.00954	0.00852	0.00882	0.00927	0.00687	0.00933	0.08477	0.01032	0.07156	0.16421	0.01153	0.00752	0.00967	0.00157	0.56043	0.00502	0.00239	0.00409
73	0.00907	0.00512	0.00678	0.00603	0.00725	0.00533	0.00458	0.06376	0.00792	0.22265	0.01163	0.01640	0.01025	0.23765	0.34048	0.00376	0.03001	0.00431	0.00288	0.00411
74	0.00769	0.00390	0.00566	0.06143	0.00688	0.00389	0.00400	0.00711	0.00619	0.10296	0.00909	0.07765	0.00847	0.01083	0.01116	0.59467	0.00320	0.00395	0.06862	0.00262
75	0.86591	0.00772	0.03178	0.00517	0.00762	0.00852	0.00442	0.01118	0.00650	0.01686	0.00533	0.00622	0.00413	0.00352	0.00239	0.00117	0.00302	0.00208	0.00232	0.00415
76	0.00476	0.00341	0.00457	0.00537	0.00568	0.00322	0.00371	0.00555	0.00747	0.00997	0.04836	0.75231	0.03593	0.01198	0.02319	0.00164	0.00244	0.06380	0.00351	0.00313
77	0.00810	0.00769	0.01306	0.50723	0.36919	0.00867	0.01100	0.01051	0.00803	0.01082	0.00691	0.00981	0.00546	0.00362	0.00378	0.00121	0.00482	0.00337	0.00177	0.00497
78	0.00573	0.00396	0.00519	0.00483	0.00579	0.00364	0.00364	0.00751	0.01074	0.04107	0.81533	0.02785	0.03496	0.00766	0.00445	0.00119	0.00183	0.00676	0.00419	0.00367
79	0.00725	0.00686	0.01139	0.79400	0.02491	0.00867	0.01036	0.00965	0.00745	0.00965	0.00661	0.00998	0.00505	0.00401	0.00444	0.00129	0.06918	0.00337	0.00168	0.00421
80	0.89350	0.00733	0.00557	0.00499	0.00733	0.00851	0.00411	0.01115	0.00645	0.01702	0.00528	0.00616	0.00411	0.00352	0.00235	0.00117	0.00293	0.00205	0.00235	0.00411
81	0.00895	0.01023	0.02238	0.01598	0.01982	0.00959	0.82928	0.01215	0.00895	0.01215	0.00767	0.01023	0.00575	0.00320	0.00448	0.00128	0.00639	0.00448	0.00192	0.00512
82	0.00793	0.00780	0.01154	0.28177	0.01514	0.01059	0.00901	0.00931	0.00638	0.00931	0.00554	0.00888	0.00500	0.00573	0.00967	0.00153	0.58569	0.00334	0.00167	0.00417
83	0.01012	0.00849	0.00896	0.00786	0.01012	0.00975	0.00617	0.13127	0.72398	0.01697	0.01457	0.01346	0.01087	0.00506	0.00385	0.00127	0.00316	0.00417	0.00385	0.00606
84	0.00932	0.00894	0.01527	0.04926	0.81761	0.00899	0.01160	0.01158	0.00860	0.01231	0.00712	0.00941	0.00598	0.00339	0.00376	0.00113	0.00452	0.00338	0.00187	0.00595
85	0.01103	0.00894	0.00948	0.00804	0.01047	0.01018	0.00639	0.27998	0.57378	0.01844	0.01341	0.01253	0.00993	0.00496	0.00384	0.00124	0.00338	0.00401	0.00384	0.00615
86	0.01095	0.01133	0.00927	0.00838	0.01046	0.27946	0.00643	0.01855	0.57151	0.01375	0.01237	0.01181	0.00943	0.00475	0.00372	0.00119	0.00423	0.00370	0.00325	0.00549
87	0.82019	0.00755	0.00600	0.00528	0.00766	0.00873	0.00434	0.06182	0.02512	0.01742	0.00574	0.00652	0.00441	0.00362	0.00247	0.00117	0.00301	0.00219	0.00247	0.00429
88	0.00716	0.00674	0.01138	0.85760	0.02612	0.00843	0.01053	0.00969	0.00758	0.00969	0.00674	0.01011	0.00506	0.00379	0.00379	0.00126	0.00506	0.00337	0.00169	0.00421
89	0.12063	0.00735	0.01110	0.49810	0.10620	0.00911	0.00940	0.00997	0.00721	0.01080	0.00626	0.00918	0.00502	0.00426	0.00527	0.00131	0.16947	0.00319	0.00178	0.00438
90	0.59696	0.00708	0.00678	0.14994	0.01059	0.00816	0.00528	0.06119	0.00764	0.01564	0.03156	0.00991	0.06813	0.00421	0.00290	0.00120	0.00326	0.00294	0.00246	0.00419

[dist]
# distance from previous block
# <min> <max>
0	11

# created by:
# /home/cegg/simao/soft/augustus-3.2.1/scripts/msa2prfl.pl ./align_prep/EOG092C5518.fa
