[name]
unknown

[dist]
# distance from previous block
# <min> <max>
0	75

[block]
# block no. 0 follows, 79 sequences, length 37
# corresponding to MSA columns:
# 75-111
name=unknown_A
#
# <colnr> <probs for GDERKNQSTAVLIFYWHMCP>
#	G	D	E	R	K	N	Q	S	T	A	V	L	I	F	Y	W	H	M	C	P
0	0.12258	0.00613	0.00730	0.00691	0.04538	0.01867	0.00542	0.09287	0.06040	0.20687	0.03444	0.04733	0.01201	0.00592	0.00373	0.00122	0.00312	0.24659	0.00326	0.06985
1	0.15361	0.00738	0.01144	0.02291	0.50371	0.00747	0.05340	0.01028	0.00752	0.04842	0.01436	0.04767	0.00694	0.06758	0.00441	0.00125	0.00380	0.00347	0.00205	0.02235
2	0.00489	0.00361	0.00439	0.00423	0.00517	0.00323	0.00316	0.00626	0.00922	0.02738	0.54386	0.07188	0.28405	0.00788	0.00417	0.00115	0.00174	0.00684	0.00367	0.00324
3	0.00948	0.00900	0.05543	0.11186	0.47636	0.02032	0.00952	0.20150	0.00984	0.01363	0.00696	0.00858	0.00549	0.00343	0.00345	0.00104	0.00419	0.00306	0.00214	0.04472
4	0.02273	0.00609	0.00770	0.00631	0.00864	0.00579	0.00512	0.02844	0.17920	0.54505	0.04580	0.04425	0.01882	0.00503	0.00364	0.00114	0.00288	0.04036	0.00402	0.01900
5	0.12452	0.04060	0.10064	0.00782	0.06455	0.00766	0.02144	0.16982	0.01482	0.07096	0.02111	0.01087	0.00719	0.09506	0.16263	0.00218	0.06803	0.00329	0.00239	0.00442
6	0.00836	0.02931	0.48141	0.04786	0.01468	0.00810	0.15348	0.01188	0.04416	0.10685	0.00766	0.00890	0.00554	0.01904	0.00408	0.00118	0.03738	0.00311	0.00197	0.00506
7	0.00435	0.00309	0.00407	0.00483	0.00502	0.00290	0.00319	0.00492	0.00663	0.00884	0.01882	0.81201	0.02255	0.07391	0.00548	0.00158	0.00214	0.00966	0.00319	0.00281
8	0.00693	0.00598	0.01033	0.45996	0.01721	0.00679	0.12536	0.03641	0.00709	0.00934	0.04776	0.01049	0.00656	0.00574	0.00618	0.21204	0.01714	0.00342	0.00177	0.00351
9	0.10156	0.02313	0.07139	0.03758	0.04816	0.10024	0.04899	0.18570	0.23672	0.07651	0.00928	0.00943	0.00686	0.00397	0.00335	0.00108	0.00388	0.00315	0.00284	0.02618
10	0.00807	0.00762	0.01293	0.01890	0.70431	0.00758	0.03158	0.00995	0.00779	0.01106	0.00829	0.11007	0.00789	0.03364	0.00411	0.00118	0.00396	0.00404	0.00194	0.00513
11	0.05735	0.03777	0.01006	0.00811	0.02790	0.20701	0.00639	0.44350	0.08125	0.01678	0.00777	0.00806	0.00583	0.00392	0.00328	0.00099	0.00422	0.00285	0.00287	0.06408
12	0.00747	0.00751	0.04890	0.03406	0.55500	0.00705	0.03086	0.00938	0.00773	0.01078	0.01126	0.06916	0.11143	0.00609	0.06660	0.00144	0.00424	0.00417	0.00203	0.00483
13	0.00962	0.17264	0.34765	0.00870	0.05451	0.03299	0.01670	0.04154	0.04842	0.15881	0.00784	0.00826	0.00570	0.00350	0.00316	0.00099	0.00419	0.00272	0.00223	0.06983
14	0.00879	0.33351	0.31794	0.00929	0.01309	0.07051	0.16018	0.01130	0.00773	0.02851	0.00605	0.00718	0.00475	0.00320	0.00309	0.00098	0.00484	0.00262	0.00163	0.00481
15	0.00430	0.00310	0.00408	0.00483	0.00510	0.00288	0.00324	0.00495	0.00688	0.00912	0.03658	0.81464	0.06555	0.01086	0.00447	0.00141	0.00202	0.00982	0.00328	0.00288
16	0.00820	0.01052	0.28624	0.00901	0.04473	0.03079	0.09165	0.06965	0.09648	0.08312	0.02641	0.15014	0.01718	0.00534	0.00378	0.00120	0.00402	0.05419	0.00259	0.00476
17	0.03923	0.01179	0.27111	0.01497	0.39767	0.03838	0.03646	0.10683	0.01649	0.02407	0.00683	0.00823	0.00527	0.00338	0.00342	0.00107	0.00452	0.00295	0.00194	0.00538
18	0.00777	0.01019	0.15541	0.11324	0.05742	0.00837	0.51993	0.01081	0.02069	0.01096	0.00752	0.04722	0.00601	0.00349	0.00393	0.00118	0.00537	0.00399	0.00180	0.00470
19	0.00494	0.00331	0.00438	0.00492	0.00537	0.00310	0.00340	0.00568	0.00703	0.05210	0.04335	0.68837	0.08218	0.01145	0.06090	0.00167	0.00255	0.00899	0.00325	0.00306
20	0.07835	0.07813	0.10907	0.00738	0.06435	0.01502	0.03301	0.06315	0.05339	0.12782	0.19284	0.03424	0.10385	0.00521	0.00368	0.00110	0.01765	0.00431	0.00295	0.00450
21	0.00803	0.13700	0.54193	0.00940	0.01367	0.03914	0.06541	0.03061	0.10093	0.01132	0.00708	0.00794	0.00527	0.00347	0.00327	0.00107	0.00480	0.00276	0.00180	0.00510
22	0.00451	0.00343	0.00455	0.00504	0.00539	0.00333	0.01487	0.00518	0.00680	0.00899	0.02022	0.69712	0.11856	0.03978	0.00522	0.00147	0.04031	0.00917	0.00314	0.00292
23	0.00846	0.00896	0.07590	0.07706	0.73745	0.00832	0.01091	0.01072	0.00792	0.01132	0.00658	0.00867	0.00544	0.00318	0.00348	0.00106	0.00430	0.00310	0.00171	0.00544
24	0.03799	0.00916	0.01139	0.07346	0.11430	0.13973	0.14998	0.03195	0.27871	0.08013	0.02410	0.01042	0.00766	0.00396	0.00363	0.00112	0.01117	0.00350	0.00264	0.00502
25	0.00775	0.03084	0.78240	0.00971	0.01470	0.00806	0.01234	0.01159	0.00763	0.07310	0.00686	0.00775	0.00478	0.00342	0.00335	0.00111	0.00502	0.00266	0.00170	0.00526
26	0.00454	0.00317	0.00427	0.00499	0.00526	0.00301	0.00339	0.00521	0.00672	0.02295	0.01860	0.79654	0.02201	0.01206	0.06736	0.00174	0.00260	0.00945	0.00319	0.00294
27	0.10682	0.00519	0.00613	0.00564	0.00714	0.01990	0.00437	0.04200	0.04953	0.26199	0.09437	0.28045	0.02767	0.00703	0.00385	0.00124	0.00263	0.06629	0.00353	0.00424
28	0.05006	0.01014	0.10011	0.01042	0.04981	0.09917	0.24171	0.08956	0.07815	0.16523	0.00852	0.00929	0.00618	0.00383	0.00413	0.00113	0.06160	0.00337	0.00253	0.00507
29	0.00444	0.00317	0.00425	0.00499	0.00528	0.00298	0.00345	0.00520	0.00706	0.00945	0.07422	0.75687	0.02374	0.01069	0.00450	0.00142	0.00211	0.06993	0.00331	0.00292
30	0.00700	0.00662	0.01120	0.72614	0.16310	0.00792	0.00996	0.00931	0.00721	0.00942	0.00633	0.00928	0.00485	0.00346	0.00352	0.00115	0.00461	0.00313	0.00160	0.00419
31	0.00622	0.00572	0.00978	0.00775	0.00955	0.00543	0.26035	0.00886	0.07521	0.01283	0.44203	0.02093	0.10845	0.00590	0.00411	0.00115	0.00308	0.00562	0.00315	0.00390
32	0.00862	0.00915	0.01901	0.01578	0.17612	0.00873	0.64403	0.01133	0.00827	0.03737	0.00720	0.00940	0.00548	0.00310	0.00414	0.00116	0.02039	0.00393	0.00185	0.00493
33	0.00857	0.00917	0.07658	0.02034	0.73761	0.00840	0.06568	0.01087	0.00800	0.01147	0.00664	0.00868	0.00549	0.00314	0.00352	0.00106	0.00438	0.00317	0.00173	0.00550
34	0.00561	0.00479	0.00540	0.00517	0.00599	0.04774	0.00392	0.00666	0.00811	0.02907	0.24567	0.17405	0.30737	0.00808	0.00519	0.00124	0.12284	0.00665	0.00314	0.00329
35	0.04252	0.00767	0.00923	0.00729	0.00980	0.00799	0.04490	0.31410	0.15553	0.27644	0.07767	0.01172	0.00970	0.00451	0.00358	0.00110	0.00330	0.00368	0.00369	0.00558
36	0.45486	0.00768	0.00826	0.09879	0.10254	0.03260	0.01258	0.12659	0.00808	0.05196	0.00615	0.00728	0.00471	0.00366	0.00338	0.00112	0.06049	0.00253	0.00230	0.00444

[dist]
# distance from previous block
# <min> <max>
0	3

[block]
# block no. 1 follows, 79 sequences, length 31
# corresponding to MSA columns:
# 115-145
name=unknown_B
#
# <colnr> <probs for GDERKNQSTAVLIFYWHMCP>
#	G	D	E	R	K	N	Q	S	T	A	V	L	I	F	Y	W	H	M	C	P
0	0.02314	0.00692	0.00789	0.00630	0.00853	0.00700	0.00507	0.32279	0.06492	0.10351	0.25141	0.01403	0.01425	0.00487	0.00355	0.00100	0.00287	0.00399	0.00347	0.14449
1	0.05546	0.01008	0.14845	0.01698	0.55627	0.00868	0.01022	0.12869	0.00904	0.01320	0.00675	0.00832	0.00537	0.00333	0.00340	0.00106	0.00423	0.00300	0.00198	0.00549
2	0.00584	0.00430	0.00559	0.05988	0.00739	0.00391	0.00407	0.00694	0.01577	0.05366	0.01537	0.52626	0.03896	0.00804	0.00403	0.00118	0.01501	0.00715	0.00292	0.21373
3	0.00941	0.05225	0.10397	0.00769	0.01016	0.13152	0.02494	0.04190	0.30773	0.05795	0.00960	0.02536	0.00749	0.00419	0.00387	0.00105	0.06355	0.00321	0.00264	0.13153
4	0.00802	0.11593	0.20746	0.18373	0.39568	0.00890	0.01054	0.01051	0.00759	0.01055	0.00628	0.00819	0.00502	0.00325	0.00331	0.00105	0.00447	0.00286	0.00162	0.00504
5	0.00424	0.00354	0.00361	0.00364	0.00471	0.00300	0.00266	0.00506	0.00779	0.00932	0.03342	0.06243	0.76537	0.06935	0.00514	0.00135	0.00191	0.00737	0.00319	0.00291
6	0.03267	0.00857	0.01076	0.09616	0.22724	0.11413	0.00800	0.04747	0.06600	0.01932	0.00676	0.00889	0.00573	0.00624	0.07776	0.00158	0.25319	0.00310	0.00194	0.00451
7	0.02371	0.21534	0.09440	0.00809	0.06840	0.08535	0.00670	0.04602	0.30961	0.02794	0.02424	0.01098	0.05624	0.00423	0.00322	0.00104	0.00364	0.00330	0.00258	0.00497
8	0.00775	0.00522	0.06481	0.00528	0.00684	0.00419	0.00442	0.00961	0.03224	0.20965	0.42903	0.09482	0.04889	0.01358	0.00400	0.00114	0.00230	0.00558	0.04657	0.00408
9	0.00697	0.00661	0.01102	0.71076	0.11902	0.00810	0.00976	0.00918	0.00705	0.00926	0.00619	0.00920	0.00480	0.00366	0.00407	0.00119	0.06436	0.00313	0.00159	0.00410
10	0.00837	0.00801	0.01367	0.16576	0.71278	0.00828	0.01064	0.01051	0.00786	0.01109	0.00657	0.00884	0.00543	0.00321	0.00349	0.00107	0.00427	0.00314	0.00171	0.00530
11	0.02230	0.10004	0.01084	0.00812	0.01051	0.35198	0.00652	0.33938	0.05250	0.05383	0.00739	0.00769	0.00560	0.00389	0.00325	0.00098	0.00475	0.00272	0.00266	0.00504
12	0.00435	0.00355	0.00384	0.00383	0.00489	0.00305	0.00285	0.00539	0.00839	0.01049	0.21132	0.07589	0.63257	0.00866	0.00418	0.00118	0.00177	0.00734	0.00340	0.00305
13	0.01581	0.00600	0.00818	0.00627	0.00900	0.00518	0.00518	0.01718	0.01009	0.85660	0.01390	0.01200	0.00872	0.00436	0.00354	0.00109	0.00300	0.00354	0.00436	0.00600
14	0.00675	0.00621	0.01014	0.71115	0.06526	0.00753	0.00910	0.00939	0.04769	0.00982	0.06515	0.01076	0.00706	0.00383	0.00355	0.00116	0.00433	0.00340	0.01368	0.00403
15	0.00664	0.00399	0.00502	0.00455	0.00573	0.00363	0.00349	0.00826	0.02128	0.13867	0.54905	0.02423	0.14167	0.00679	0.00395	0.00110	0.00189	0.00587	0.06048	0.00370
16	0.00510	0.00408	0.00525	0.00637	0.05954	0.03344	0.00422	0.00593	0.00706	0.00930	0.01775	0.68057	0.02083	0.01004	0.00457	0.00141	0.01970	0.09859	0.00309	0.00314
17	0.00943	0.00760	0.00859	0.04976	0.05060	0.00862	0.00609	0.07464	0.65595	0.06827	0.01315	0.01236	0.00976	0.00458	0.00357	0.00117	0.00304	0.00382	0.00344	0.00555
18	0.00513	0.00401	0.00570	0.00506	0.00612	0.00367	0.06157	0.00679	0.00964	0.01342	0.70179	0.02601	0.12333	0.00710	0.00416	0.00112	0.00197	0.00634	0.00367	0.00339
19	0.00494	0.00412	0.00513	0.13268	0.00820	0.00404	0.00432	0.00644	0.03453	0.00990	0.06030	0.10055	0.48145	0.00821	0.00418	0.00126	0.00247	0.12099	0.00305	0.00324
20	0.01088	0.01260	0.01034	0.20925	0.02269	0.48684	0.02799	0.04846	0.07640	0.00988	0.00649	0.00787	0.00517	0.00383	0.00374	0.00104	0.04757	0.00274	0.00196	0.00427
21	0.00904	0.01088	0.30919	0.00949	0.01930	0.00736	0.16456	0.02360	0.01800	0.19224	0.00958	0.10932	0.00785	0.00469	0.00447	0.00120	0.08784	0.00403	0.00243	0.00491
22	0.00969	0.01008	0.01329	0.01700	0.52713	0.17532	0.07282	0.03495	0.08361	0.01151	0.00718	0.00871	0.00583	0.00340	0.00349	0.00104	0.00461	0.00312	0.00197	0.00524
23	0.00818	0.00818	0.01531	0.07267	0.12657	0.03111	0.44803	0.01089	0.04829	0.04930	0.00980	0.05315	0.05077	0.00503	0.04518	0.00138	0.00511	0.00430	0.00212	0.00462
24	0.00610	0.00546	0.00891	0.55365	0.07589	0.00640	0.00793	0.00792	0.00703	0.00918	0.01019	0.26545	0.01027	0.00572	0.00381	0.00124	0.00388	0.00517	0.00208	0.00372
25	0.00882	0.05441	0.30799	0.06401	0.01374	0.02969	0.16672	0.05615	0.01606	0.11903	0.06670	0.03355	0.00786	0.00405	0.00387	0.00113	0.03553	0.00353	0.00227	0.00488
26	0.01005	0.01299	0.25091	0.01037	0.01365	0.21590	0.23449	0.01250	0.00869	0.12808	0.03681	0.00904	0.00632	0.00368	0.00383	0.00109	0.03142	0.00322	0.00213	0.00481
27	0.00661	0.00393	0.00513	0.00520	0.00605	0.00369	0.00376	0.00811	0.05759	0.15098	0.16990	0.51573	0.02192	0.00885	0.00423	0.00130	0.00219	0.01760	0.00358	0.00363
28	0.00630	0.00540	0.00849	0.51813	0.05128	0.00621	0.00741	0.00833	0.00790	0.02234	0.20539	0.01523	0.07066	0.00478	0.00366	0.00114	0.00360	0.00420	0.04580	0.00378
29	0.00784	0.07497	0.29322	0.01009	0.14016	0.00700	0.06808	0.01014	0.00772	0.10418	0.01096	0.20770	0.03223	0.00529	0.00365	0.00116	0.00393	0.00468	0.00233	0.00467
30	0.00795	0.00515	0.00769	0.00825	0.14752	0.00498	0.05776	0.00889	0.00703	0.17574	0.01167	0.13379	0.01154	0.34552	0.03910	0.00221	0.01377	0.00502	0.00263	0.00379

[dist]
# distance from previous block
# <min> <max>
4	17

[block]
# block no. 2 follows, 79 sequences, length 27
# corresponding to MSA columns:
# 166-190,197,198
name=unknown_C
#
# <colnr> <probs for GDERKNQSTAVLIFYWHMCP>
#	G	D	E	R	K	N	Q	S	T	A	V	L	I	F	Y	W	H	M	C	P
0	0.00641	0.00566	0.00836	0.04520	0.20708	0.04108	0.02188	0.00784	0.00652	0.00906	0.00874	0.04299	0.00821	0.04957	0.49009	0.00378	0.02804	0.00380	0.00189	0.00379
1	0.00595	0.00483	0.00783	0.00718	0.03139	0.00453	0.15813	0.00757	0.03713	0.05053	0.11415	0.42367	0.10336	0.00812	0.00426	0.00129	0.00284	0.02057	0.00309	0.00360
2	0.00746	0.00635	0.00739	0.00529	0.00842	0.00485	0.00424	0.02937	0.00754	0.01175	0.00632	0.00734	0.00524	0.00265	0.00263	0.00054	0.00264	0.00211	0.00212	0.87576
3	0.00606	0.00522	0.00828	0.10151	0.29828	0.00528	0.00655	0.00737	0.00722	0.00986	0.01365	0.48614	0.01527	0.00754	0.00405	0.00127	0.00306	0.00693	0.00257	0.00391
4	0.00900	0.64446	0.07824	0.00815	0.04162	0.01243	0.12915	0.01063	0.00735	0.00903	0.00549	0.00672	0.00481	0.01638	0.00290	0.00089	0.00420	0.00236	0.00156	0.00461
5	0.00448	0.00318	0.00418	0.00491	0.00514	0.00301	0.00333	0.00511	0.00668	0.00888	0.01849	0.72224	0.02198	0.10206	0.00594	0.00165	0.00228	0.07049	0.00315	0.00281
6	0.00649	0.00601	0.01004	0.74183	0.05657	0.00733	0.00914	0.00865	0.00706	0.00911	0.00767	0.10041	0.00669	0.00430	0.00362	0.00120	0.00440	0.00386	0.00175	0.00387
7	0.02248	0.00635	0.00786	0.01485	0.00885	0.00536	0.01438	0.05497	0.00852	0.24231	0.02132	0.00911	0.00669	0.00387	0.02267	0.00087	0.01705	0.00269	0.00279	0.52702
8	0.00847	0.00811	0.01385	0.12589	0.75189	0.00831	0.01069	0.01059	0.00790	0.01120	0.00658	0.00881	0.00547	0.00319	0.00349	0.00106	0.00425	0.00314	0.00172	0.00538
9	0.00764	0.00752	0.01385	0.03238	0.43246	0.00735	0.23484	0.00967	0.00782	0.01087	0.00945	0.19118	0.00924	0.00477	0.00388	0.00117	0.00422	0.00487	0.00207	0.00475
10	0.00897	0.00800	0.00806	0.00726	0.00924	0.04808	0.00564	0.01851	0.80919	0.01446	0.01393	0.01284	0.01047	0.00473	0.00357	0.00118	0.00295	0.00391	0.00350	0.00551
11	0.00702	0.00664	0.01123	0.71861	0.17048	0.00793	0.00997	0.00932	0.00722	0.00945	0.00633	0.00928	0.00485	0.00346	0.00352	0.00115	0.00461	0.00313	0.00160	0.00421
12	0.01491	0.00649	0.00897	0.00800	0.09813	0.00588	0.00587	0.06831	0.01028	0.71521	0.01280	0.01143	0.00822	0.00423	0.00354	0.00108	0.00318	0.00348	0.00403	0.00595
13	0.00557	0.00520	0.02831	0.00775	0.13492	0.00460	0.06505	0.03129	0.00806	0.01030	0.02421	0.18181	0.44055	0.00775	0.00410	0.00122	0.00269	0.03010	0.00290	0.00363
14	0.00666	0.00626	0.01057	0.86767	0.02427	0.00783	0.00979	0.00900	0.00705	0.00900	0.00626	0.00940	0.00470	0.00352	0.00352	0.00117	0.00470	0.00313	0.00157	0.00392
15	0.00643	0.00581	0.00957	0.65421	0.05081	0.00697	0.00880	0.00855	0.00722	0.00932	0.00895	0.07023	0.00823	0.00491	0.00378	0.00125	0.00429	0.12492	0.00193	0.00381
16	0.00892	0.00784	0.09999	0.44041	0.08432	0.00740	0.05250	0.03564	0.00815	0.17694	0.00836	0.01071	0.00617	0.00385	0.00359	0.00116	0.00437	0.03277	0.00225	0.00467
17	0.00438	0.00313	0.00419	0.00501	0.00525	0.00294	0.00342	0.00506	0.00683	0.00909	0.01938	0.82210	0.02312	0.01096	0.00452	0.00144	0.00212	0.06091	0.00327	0.00289
18	0.01020	0.00844	0.00877	0.00749	0.00971	0.02856	0.00593	0.25647	0.58894	0.01676	0.01245	0.01164	0.00924	0.00460	0.00356	0.00115	0.00318	0.00371	0.00353	0.00566
19	0.00839	0.00836	0.05984	0.05345	0.56134	0.00759	0.03655	0.01060	0.01823	0.03192	0.00707	0.02483	0.00589	0.00328	0.00338	0.00099	0.00398	0.00312	0.00189	0.14930
20	0.01663	0.01000	0.23870	0.01829	0.10849	0.02973	0.00829	0.01985	0.04561	0.06399	0.00753	0.01063	0.00655	0.12660	0.04143	0.00172	0.23629	0.00331	0.00196	0.00440
21	0.00774	0.11713	0.49846	0.01107	0.01550	0.00909	0.26972	0.01113	0.00768	0.01086	0.00641	0.00787	0.00475	0.00319	0.00347	0.00110	0.00527	0.00300	0.00158	0.00499
22	0.01019	0.00620	0.00955	0.07327	0.19074	0.00598	0.05827	0.04909	0.00886	0.31131	0.03565	0.20270	0.01135	0.00551	0.00380	0.00117	0.00335	0.00497	0.00314	0.00491
23	0.03421	0.01000	0.06513	0.13854	0.03746	0.11923	0.00738	0.32437	0.12194	0.08520	0.00864	0.00910	0.00628	0.00403	0.00352	0.00109	0.01267	0.00312	0.00285	0.00524
24	0.00719	0.00613	0.01026	0.33390	0.13548	0.00658	0.10007	0.00934	0.03756	0.06478	0.01856	0.20116	0.03393	0.00542	0.00385	0.00121	0.00388	0.01420	0.00233	0.00417
25	0.00705	0.00677	0.06505	0.04873	0.31064	0.00609	0.03026	0.00945	0.05841	0.02461	0.14646	0.04646	0.12150	0.00507	0.00363	0.00109	0.00317	0.00452	0.09662	0.00443
26	0.00771	0.00657	0.00753	0.09737	0.01000	0.00753	0.00562	0.01506	0.59074	0.01321	0.04488	0.13342	0.01292	0.00573	0.00376	0.00123	0.00286	0.02563	0.00333	0.00489

[dist]
# distance from previous block
# <min> <max>
0	1

[block]
# block no. 3 follows, 79 sequences, length 19
# corresponding to MSA columns:
# 200-218
name=unknown_D
#
# <colnr> <probs for GDERKNQSTAVLIFYWHMCP>
#	G	D	E	R	K	N	Q	S	T	A	V	L	I	F	Y	W	H	M	C	P
0	0.09005	0.02650	0.32770	0.10299	0.03272	0.00663	0.00812	0.00943	0.02332	0.02214	0.04247	0.11173	0.00825	0.00494	0.00400	0.05837	0.00382	0.00364	0.00203	0.11114
1	0.00858	0.00798	0.01312	0.22473	0.58982	0.00844	0.01026	0.07360	0.00844	0.01172	0.00668	0.00887	0.00540	0.00332	0.00350	0.00108	0.00429	0.00314	0.00184	0.00521
2	0.00920	0.01814	0.08094	0.01107	0.03839	0.00807	0.39522	0.08958	0.10261	0.10272	0.08354	0.01176	0.02365	0.00395	0.00387	0.00115	0.00451	0.00406	0.00260	0.00499
3	0.00757	0.00706	0.01159	0.30010	0.28096	0.00801	0.05687	0.00971	0.05258	0.00992	0.00712	0.00968	0.01928	0.00465	0.00554	0.08004	0.11990	0.00330	0.00177	0.00435
4	0.00895	0.00764	0.03282	0.01685	0.60643	0.00720	0.00901	0.01083	0.00828	0.11939	0.01162	0.01264	0.12451	0.00411	0.00359	0.00107	0.00372	0.00378	0.00229	0.00526
5	0.00749	0.00714	0.01211	0.34299	0.35420	0.00801	0.04821	0.00955	0.00724	0.01000	0.00662	0.00942	0.00546	0.00568	0.08410	0.00157	0.07075	0.00324	0.00168	0.00455
6	0.00939	0.08794	0.16285	0.04174	0.15415	0.05493	0.15123	0.05624	0.03643	0.11370	0.00864	0.03875	0.00693	0.00396	0.00352	0.00109	0.00439	0.03223	0.02693	0.00497
7	0.08975	0.00556	0.00754	0.15814	0.03373	0.00583	0.06614	0.05503	0.06928	0.02746	0.11070	0.11529	0.21027	0.00627	0.00381	0.00119	0.00302	0.02429	0.00284	0.00387
8	0.09208	0.00797	0.01061	0.01158	0.23099	0.05865	0.00768	0.01041	0.01860	0.08659	0.00645	0.00849	0.00547	0.00583	0.05151	0.00150	0.37608	0.00303	0.00197	0.00450
9	0.00543	0.00412	0.00450	0.00453	0.00475	0.04646	0.00288	0.00576	0.00562	0.00736	0.01130	0.09981	0.01266	0.60078	0.16617	0.00351	0.00451	0.00520	0.00218	0.00248
10	0.04509	0.00653	0.00810	0.08667	0.06393	0.00557	0.00521	0.03541	0.00764	0.03419	0.00650	0.00769	0.00525	0.00285	0.00279	0.00067	0.00296	0.00232	0.00213	0.66850
11	0.00784	0.00818	0.01518	0.17733	0.19755	0.03060	0.37717	0.01035	0.02075	0.01083	0.03292	0.04326	0.03131	0.00375	0.00385	0.00115	0.00485	0.00404	0.00193	0.01718
12	0.00636	0.00589	0.00990	0.62668	0.01977	0.00691	0.06151	0.00856	0.00766	0.01003	0.14822	0.01344	0.05187	0.00437	0.00370	0.00117	0.00413	0.00395	0.00205	0.00382
13	0.00717	0.00661	0.00981	0.06037	0.39431	0.03642	0.02137	0.01800	0.02956	0.01046	0.04020	0.09458	0.11139	0.08310	0.05985	0.00161	0.00398	0.00463	0.00225	0.00433
14	0.00506	0.00358	0.00466	0.00466	0.00497	0.00385	0.00317	0.00565	0.00544	0.00750	0.01094	0.01917	0.03097	0.47275	0.39793	0.00438	0.00609	0.00457	0.00205	0.00261
15	0.01420	0.00612	0.00798	0.00625	0.00871	0.00560	0.00509	0.10988	0.01055	0.65862	0.06014	0.04246	0.01041	0.03205	0.00406	0.00117	0.00300	0.00393	0.00413	0.00562
16	0.00474	0.00354	0.00460	0.00465	0.00533	0.00349	0.00341	0.00585	0.00750	0.01020	0.26278	0.16493	0.17489	0.07960	0.24542	0.00263	0.00406	0.00636	0.00298	0.00304
17	0.00991	0.00910	0.03544	0.05209	0.49513	0.10262	0.00902	0.08460	0.00925	0.09088	0.06137	0.00986	0.00750	0.00369	0.00350	0.00105	0.00418	0.00328	0.00227	0.00527
18	0.01289	0.00912	0.16689	0.00707	0.01019	0.07087	0.00665	0.02605	0.00941	0.52366	0.03144	0.01058	0.00784	0.00402	0.00341	0.00103	0.00361	0.00320	0.00340	0.08867

[dist]
# distance from previous block
# <min> <max>
0	18

# created by:
# /home/cegg/simao/soft/augustus-3.2.1/scripts/msa2prfl.pl ./align_prep/EOG092C5O2N.fa
