[name]
unknown

[dist]
# distance from previous block
# <min> <max>
2	188

[block]
# block no. 0 follows, 68 sequences, length 41
# corresponding to MSA columns:
# 328-368
name=unknown_A
#
# <colnr> <probs for GDERKNQSTAVLIFYWHMCP>
#	G	D	E	R	K	N	Q	S	T	A	V	L	I	F	Y	W	H	M	C	P
0	0.10233	0.04866	0.05111	0.01449	0.33187	0.04653	0.03286	0.09951	0.11709	0.07650	0.02509	0.01041	0.00757	0.00413	0.00374	0.00119	0.00432	0.00351	0.00275	0.01636
1	0.04774	0.02693	0.08452	0.01340	0.24026	0.09208	0.07470	0.12628	0.05089	0.09797	0.03591	0.01040	0.00763	0.00410	0.00382	0.00115	0.00465	0.00352	0.00275	0.07129
2	0.13045	0.00914	0.01386	0.05660	0.55093	0.00952	0.02866	0.08219	0.04347	0.01471	0.01907	0.00986	0.00667	0.00381	0.00376	0.00120	0.00442	0.00346	0.00231	0.00591
3	0.06897	0.03323	0.02235	0.05723	0.05005	0.16619	0.00751	0.29655	0.22600	0.01753	0.00998	0.01023	0.00751	0.00458	0.00377	0.00120	0.00457	0.00348	0.00322	0.00586
4	0.02944	0.00673	0.00922	0.00717	0.00996	0.00604	0.04231	0.05817	0.01140	0.61381	0.09644	0.01617	0.06375	0.00544	0.00410	0.00124	0.00334	0.00455	0.00456	0.00614
5	0.02927	0.01165	0.11340	0.00910	0.01239	0.01134	0.00809	0.53795	0.18867	0.02154	0.01055	0.01044	0.00762	0.00475	0.00393	0.00123	0.00426	0.00366	0.00367	0.00649
6	0.00902	0.18847	0.58002	0.01032	0.01538	0.01059	0.03936	0.03999	0.03278	0.02846	0.00733	0.00837	0.00543	0.00378	0.00357	0.00118	0.00538	0.00291	0.00190	0.00575
7	0.00867	0.00812	0.01254	0.14282	0.16861	0.00854	0.14353	0.01370	0.25287	0.01337	0.02756	0.01590	0.07287	0.00507	0.00420	0.00130	0.00427	0.04816	0.00284	0.04506
8	0.00589	0.04300	0.00702	0.00639	0.00722	0.00544	0.00504	0.00730	0.00645	0.00921	0.01039	0.01516	0.00969	0.02855	0.80694	0.00612	0.01033	0.00415	0.00210	0.00361
9	0.00919	0.01094	0.07198	0.01541	0.01932	0.00977	0.68972	0.01312	0.06704	0.01306	0.03365	0.01142	0.00734	0.00366	0.00458	0.00133	0.00624	0.00463	0.00220	0.00540
10	0.00952	0.00905	0.01523	0.05920	0.73539	0.00904	0.01159	0.01185	0.00895	0.01279	0.00788	0.01095	0.00677	0.00377	0.00393	0.00118	0.00462	0.03052	0.00203	0.04575
11	0.00512	0.00392	0.00522	0.00644	0.05769	0.00363	0.00410	0.00597	0.00793	0.01040	0.02414	0.66220	0.16564	0.01145	0.00492	0.00154	0.00240	0.01028	0.00357	0.00343
12	0.01211	0.00963	0.01023	0.00852	0.01117	0.01091	0.00682	0.36701	0.47916	0.02021	0.01328	0.01252	0.00979	0.00511	0.00401	0.00128	0.00367	0.00409	0.00401	0.00648
13	0.00927	0.01043	0.02221	0.01592	0.01977	0.00985	0.75084	0.01245	0.00919	0.01261	0.00788	0.01050	0.00598	0.00344	0.00487	0.00131	0.03490	0.00451	0.00201	0.05205
14	0.00513	0.00413	0.02411	0.04513	0.00714	0.00383	0.00440	0.00605	0.00761	0.01023	0.03333	0.74088	0.02401	0.01232	0.03641	0.00176	0.01642	0.01027	0.00347	0.00337
15	0.00799	0.02028	0.82065	0.01143	0.01725	0.00923	0.03388	0.01256	0.00839	0.01256	0.00714	0.00843	0.00505	0.00376	0.00379	0.00126	0.00588	0.00297	0.00168	0.00585
16	0.00867	0.00867	0.01214	0.01041	0.01041	0.01214	0.00867	0.00954	0.00607	0.00954	0.00520	0.00867	0.00520	0.00694	0.01301	0.00173	0.85340	0.00347	0.00173	0.00434
17	0.00485	0.00402	0.00424	0.00419	0.00546	0.00342	0.00314	0.00601	0.00942	0.01162	0.17963	0.03666	0.69428	0.00970	0.00468	0.00132	0.00198	0.00816	0.00380	0.00342
18	0.00487	0.00361	0.00455	0.00526	0.00575	0.00330	0.00363	0.00568	0.00800	0.01039	0.03834	0.64817	0.19346	0.01181	0.00499	0.00156	0.00228	0.03739	0.00369	0.00327
19	0.00914	0.00865	0.01453	0.04615	0.70968	0.00865	0.01105	0.01133	0.00896	0.01266	0.02540	0.05657	0.05081	0.00444	0.00404	0.00121	0.00441	0.00426	0.00218	0.00586
20	0.00749	0.00705	0.01189	0.85113	0.02731	0.00881	0.01101	0.01013	0.00793	0.01013	0.00705	0.01057	0.00529	0.00396	0.00396	0.00132	0.00529	0.00352	0.00176	0.00440
21	0.00822	0.00705	0.00822	0.00587	0.00940	0.00529	0.00470	0.00998	0.00822	0.01292	0.00705	0.00822	0.00587	0.00294	0.00294	0.00059	0.00294	0.00235	0.00235	0.88490
22	0.01060	0.86304	0.02078	0.00678	0.01018	0.01569	0.00678	0.01187	0.00806	0.00933	0.00551	0.00636	0.00509	0.00339	0.00254	0.00085	0.00424	0.00212	0.00170	0.00509
23	0.01024	0.00861	0.00915	0.00814	0.01042	0.00988	0.00641	0.10122	0.71278	0.01723	0.01568	0.01552	0.01201	0.00555	0.00409	0.00135	0.00328	0.03819	0.00401	0.00621
24	0.00566	0.00425	0.00637	0.00637	0.00708	0.00496	0.00496	0.00708	0.00637	0.00920	0.01062	0.01558	0.00991	0.02974	0.84494	0.00637	0.01062	0.00425	0.00212	0.00354
25	0.00471	0.00402	0.00405	0.00404	0.00537	0.00336	0.00303	0.00573	0.00909	0.01083	0.05784	0.03797	0.81657	0.01000	0.00469	0.00134	0.00201	0.00834	0.00370	0.00336
26	0.88866	0.00767	0.00583	0.00521	0.00767	0.00889	0.00429	0.01166	0.00675	0.01779	0.00552	0.00644	0.00429	0.00368	0.00245	0.00123	0.00307	0.00215	0.00245	0.00429
27	0.01507	0.01111	0.01190	0.00912	0.01230	0.01230	0.00754	0.82270	0.01864	0.02499	0.00952	0.00952	0.00674	0.00476	0.00397	0.00119	0.00436	0.00357	0.00397	0.00674
28	0.00565	0.00422	0.00509	0.00484	0.00592	0.00391	0.00364	0.00772	0.04600	0.01466	0.57699	0.03036	0.22287	0.00830	0.00457	0.00126	0.00196	0.00719	0.04108	0.00376
29	0.00789	0.01984	0.80509	0.01113	0.01678	0.00901	0.01430	0.01237	0.00840	0.01253	0.00770	0.00990	0.00577	0.00407	0.00384	0.00128	0.00577	0.03680	0.00176	0.00577
30	0.00959	0.00764	0.01100	0.26323	0.10150	0.00831	0.04431	0.09825	0.10357	0.08890	0.04674	0.01439	0.06082	0.02987	0.00484	0.00134	0.03484	0.01506	0.00288	0.05290
31	0.00872	0.02073	0.03889	0.00905	0.01142	0.00853	0.16108	0.04436	0.34550	0.02351	0.04248	0.02739	0.15439	0.01870	0.00500	0.00139	0.04786	0.02241	0.00334	0.00526
32	0.02338	0.05741	0.38090	0.02272	0.04904	0.03395	0.03544	0.01516	0.26864	0.02353	0.01017	0.02253	0.00772	0.00441	0.00392	0.00126	0.01530	0.00358	0.00255	0.01838
33	0.00985	0.07493	0.05427	0.01340	0.05856	0.03185	0.42924	0.09349	0.08644	0.01387	0.02316	0.01294	0.01979	0.01583	0.00453	0.00132	0.00548	0.04312	0.00250	0.00543
34	0.00912	0.01118	0.16103	0.01297	0.13348	0.03406	0.22949	0.02428	0.05924	0.02403	0.00846	0.03121	0.00687	0.01328	0.01685	0.00127	0.04450	0.00377	0.00224	0.17266
35	0.00671	0.00543	0.00863	0.00843	0.00966	0.00546	0.11133	0.00858	0.00891	0.01172	0.01919	0.10049	0.03990	0.00989	0.00564	0.00173	0.03959	0.59150	0.00336	0.00386
36	0.00685	0.00347	0.00521	0.00521	0.00523	0.00349	0.00349	0.00523	0.00521	0.00696	0.00701	0.01217	0.00699	0.01431	0.04331	0.85519	0.00368	0.00347	0.00174	0.00178
37	0.00634	0.00468	0.00557	0.00518	0.00640	0.00450	0.00393	0.03066	0.08836	0.02610	0.53835	0.02835	0.18021	0.00791	0.00450	0.00126	0.00210	0.00684	0.04473	0.00403
38	0.00599	0.00436	0.00589	0.00579	0.00610	0.00494	0.00411	0.00659	0.00607	0.00852	0.01105	0.04593	0.01164	0.35259	0.37608	0.05997	0.07415	0.00496	0.00223	0.00303
39	0.01233	0.51815	0.01690	0.00816	0.01103	0.33183	0.00714	0.03518	0.00955	0.00989	0.00586	0.00675	0.00514	0.00369	0.00298	0.00092	0.00535	0.00232	0.00189	0.00495
40	0.03800	0.04046	0.12842	0.02555	0.15108	0.03056	0.03714	0.30722	0.02216	0.11772	0.01843	0.00992	0.00695	0.00424	0.00382	0.00117	0.00453	0.00344	0.00308	0.04611

[dist]
# distance from previous block
# <min> <max>
0	7

[block]
# block no. 1 follows, 68 sequences, length 6
# corresponding to MSA columns:
# 376-381
name=unknown_B
#
# <colnr> <probs for GDERKNQSTAVLIFYWHMCP>
#	G	D	E	R	K	N	Q	S	T	A	V	L	I	F	Y	W	H	M	C	P
0	0.07998	0.17550	0.21755	0.01169	0.12557	0.16427	0.06736	0.06596	0.03424	0.01283	0.00704	0.00824	0.00556	0.00380	0.00350	0.00113	0.00529	0.00294	0.00209	0.00545
1	0.03115	0.00813	0.03575	0.09218	0.05770	0.00821	0.11804	0.19127	0.08621	0.06223	0.01208	0.12501	0.01042	0.00556	0.00404	0.00128	0.00401	0.02144	0.12005	0.00523
2	0.00606	0.00437	0.00597	0.00676	0.00762	0.00428	0.00571	0.00770	0.00907	0.01184	0.07183	0.14060	0.07072	0.01090	0.00533	0.00174	0.00329	0.61893	0.00370	0.00359
3	0.00794	0.04668	0.30230	0.00983	0.11121	0.00700	0.00895	0.01071	0.00954	0.06856	0.26143	0.04066	0.05696	0.00592	0.00417	0.00126	0.00391	0.03498	0.00297	0.00502
4	0.00819	0.01004	0.14393	0.00994	0.09438	0.12558	0.03679	0.01018	0.02544	0.01040	0.00974	0.04988	0.00930	0.13329	0.22132	0.00296	0.06754	0.02458	0.00218	0.00435
5	0.00929	0.00833	0.01401	0.40220	0.36097	0.00912	0.04577	0.04356	0.00902	0.04852	0.00774	0.01035	0.00599	0.00383	0.00398	0.00125	0.00499	0.00360	0.00208	0.00542

[dist]
# distance from previous block
# <min> <max>
0	1

[block]
# block no. 2 follows, 68 sequences, length 26
# corresponding to MSA columns:
# 383-408
name=unknown_C
#
# <colnr> <probs for GDERKNQSTAVLIFYWHMCP>
#	G	D	E	R	K	N	Q	S	T	A	V	L	I	F	Y	W	H	M	C	P
0	0.00968	0.07982	0.23441	0.01263	0.15778	0.08412	0.10240	0.01344	0.10433	0.03283	0.00907	0.01052	0.02237	0.00412	0.00404	0.00118	0.02744	0.01372	0.00227	0.07382
1	0.00566	0.00436	0.00521	0.00496	0.00609	0.00408	0.00373	0.00796	0.07149	0.01441	0.53824	0.04923	0.25277	0.00853	0.00464	0.00129	0.00201	0.00739	0.00414	0.00381
2	0.02390	0.01037	0.01180	0.03113	0.13140	0.07838	0.03883	0.28967	0.28133	0.03359	0.01101	0.01119	0.00824	0.00468	0.00408	0.00124	0.01579	0.00381	0.00338	0.00617
3	0.00559	0.00414	0.00500	0.00500	0.00562	0.00421	0.00347	0.00660	0.03119	0.00923	0.01918	0.04006	0.21533	0.36450	0.24719	0.00379	0.00525	0.01880	0.00273	0.00310
4	0.00575	0.00420	0.00542	0.00509	0.00607	0.00394	0.00382	0.00793	0.03793	0.01592	0.80712	0.02913	0.03658	0.00802	0.00466	0.00125	0.00191	0.00708	0.00435	0.00382
5	0.00822	0.00705	0.00822	0.00587	0.00940	0.00529	0.00470	0.00998	0.00822	0.01292	0.00705	0.00822	0.00587	0.00294	0.00294	0.00059	0.00294	0.00235	0.00235	0.88490
6	0.88866	0.00767	0.00583	0.00521	0.00767	0.00889	0.00429	0.01166	0.00675	0.01779	0.00552	0.00644	0.00429	0.00368	0.00245	0.00123	0.00307	0.00215	0.00245	0.00429
7	0.00504	0.00355	0.00452	0.00521	0.00542	0.00337	0.00337	0.00558	0.00721	0.00958	0.02013	0.64956	0.04178	0.20603	0.00850	0.00211	0.00265	0.00995	0.00339	0.00304
8	0.00565	0.00409	0.00569	0.00574	0.00622	0.00454	0.00416	0.00662	0.00627	0.00883	0.01178	0.06562	0.01210	0.26461	0.56390	0.00539	0.00823	0.00507	0.00229	0.00320
9	0.00981	0.00942	0.01609	0.02434	0.83592	0.00942	0.01217	0.01217	0.00903	0.01295	0.00746	0.00981	0.00628	0.00353	0.00393	0.00118	0.00471	0.00353	0.00196	0.00628
10	0.00469	0.00402	0.00402	0.00402	0.00536	0.00335	0.00301	0.00569	0.00904	0.01071	0.04017	0.03816	0.83432	0.01004	0.00469	0.00134	0.00201	0.00837	0.00368	0.00335
11	0.00574	0.00389	0.00446	0.00446	0.00460	0.00384	0.00264	0.00598	0.00643	0.00862	0.08864	0.02706	0.03607	0.74047	0.01801	0.00349	0.00361	0.02676	0.00264	0.00258
12	0.01060	0.86304	0.02078	0.00678	0.01018	0.01569	0.00678	0.01187	0.00806	0.00933	0.00551	0.00636	0.00509	0.00339	0.00254	0.00085	0.00424	0.00212	0.00170	0.00509
13	0.00795	0.02051	0.84011	0.01130	0.01716	0.00921	0.01465	0.01256	0.00837	0.01256	0.00712	0.00837	0.00502	0.00377	0.00377	0.00126	0.00586	0.00293	0.00167	0.00586
14	0.00469	0.00402	0.00402	0.00402	0.00536	0.00335	0.00301	0.00569	0.00904	0.01071	0.04017	0.03816	0.83432	0.01004	0.00469	0.00134	0.00201	0.00837	0.00368	0.00335
15	0.00495	0.00357	0.00471	0.00554	0.00589	0.00333	0.00382	0.00578	0.00791	0.01049	0.05518	0.73171	0.06736	0.01204	0.00505	0.00160	0.00235	0.06172	0.00371	0.00328
16	0.00561	0.00405	0.00530	0.00499	0.00592	0.00374	0.00374	0.00748	0.01122	0.01590	0.83383	0.02962	0.03741	0.00811	0.00468	0.00125	0.00187	0.00717	0.00436	0.00374
17	0.01481	0.01890	0.01124	0.01021	0.01226	0.84474	0.00766	0.01583	0.01124	0.00970	0.00613	0.00715	0.00511	0.00409	0.00358	0.00102	0.00715	0.00255	0.00204	0.00460
18	0.01779	0.00675	0.00920	0.00705	0.01012	0.00583	0.00583	0.01932	0.01135	0.83867	0.01564	0.01350	0.00981	0.00491	0.00399	0.00123	0.00337	0.00399	0.00491	0.00675
19	0.01769	0.00691	0.00930	0.00713	0.01020	0.00607	0.00589	0.04894	0.01162	0.80867	0.01542	0.01335	0.00970	0.00490	0.00399	0.00123	0.00341	0.00397	0.00487	0.00675
20	0.01060	0.86304	0.02078	0.00678	0.01018	0.01569	0.00678	0.01187	0.00806	0.00933	0.00551	0.00636	0.00509	0.00339	0.00254	0.00085	0.00424	0.00212	0.00170	0.00509
21	0.01418	0.01738	0.01081	0.00979	0.01176	0.74735	0.00738	0.01524	0.01104	0.03631	0.03080	0.00895	0.03072	0.00448	0.00390	0.00106	0.02908	0.00293	0.00224	0.00460
22	0.01016	0.00949	0.01564	0.04663	0.74806	0.00963	0.01177	0.07597	0.00975	0.01382	0.00761	0.00981	0.00629	0.00364	0.00393	0.00118	0.00470	0.00354	0.00211	0.00626
23	0.00760	0.00712	0.01282	0.00985	0.01225	0.00669	0.33885	0.01004	0.03089	0.04746	0.20007	0.02254	0.23918	0.00644	0.00487	0.00132	0.02817	0.00617	0.00315	0.00450
24	0.00954	0.01034	0.01207	0.54538	0.05416	0.23188	0.03579	0.01174	0.00899	0.01036	0.02869	0.01014	0.00615	0.00407	0.00390	0.00123	0.00572	0.00340	0.00192	0.00454
25	0.01040	0.74551	0.03803	0.03198	0.01072	0.03607	0.00704	0.01179	0.00809	0.00961	0.00584	0.00688	0.00526	0.00357	0.00294	0.00090	0.02830	0.00228	0.02977	0.00501

[dist]
# distance from previous block
# <min> <max>
1	6

[block]
# block no. 3 follows, 68 sequences, length 85
# corresponding to MSA columns:
# 415-499
name=unknown_D
#
# <colnr> <probs for GDERKNQSTAVLIFYWHMCP>
#	G	D	E	R	K	N	Q	S	T	A	V	L	I	F	Y	W	H	M	C	P
0	0.05695	0.01208	0.03291	0.02686	0.06254	0.19156	0.00763	0.34173	0.17694	0.01801	0.00961	0.00989	0.00721	0.00453	0.00379	0.00118	0.00471	0.00341	0.00322	0.02526
1	0.00637	0.00455	0.00637	0.00725	0.00816	0.00455	0.00633	0.00820	0.00917	0.01195	0.03885	0.04439	0.02314	0.01089	0.00546	0.00181	0.00361	0.79162	0.00367	0.00365
2	0.01146	0.22107	0.01467	0.02280	0.24483	0.13009	0.00850	0.13126	0.15159	0.01393	0.00858	0.00941	0.00688	0.00408	0.00356	0.00111	0.00463	0.00321	0.00255	0.00579
3	0.00937	0.01072	0.17648	0.06494	0.09435	0.07606	0.01857	0.04643	0.13078	0.06455	0.01085	0.03095	0.00916	0.02221	0.12577	0.00209	0.03802	0.06088	0.00265	0.00520
4	0.00491	0.00390	0.00444	0.00481	0.00577	0.00343	0.00356	0.00590	0.00860	0.01065	0.03259	0.28969	0.50358	0.01086	0.00488	0.00147	0.00227	0.09166	0.00368	0.00334
5	0.00927	0.08548	0.08996	0.17857	0.53559	0.00984	0.01170	0.01179	0.00867	0.01206	0.00718	0.00952	0.00587	0.00362	0.00380	0.00118	0.00488	0.00335	0.00187	0.00578
6	0.00554	0.00405	0.00520	0.00491	0.00588	0.00371	0.00368	0.00734	0.01105	0.01550	0.77239	0.03028	0.09910	0.00826	0.00468	0.00125	0.00188	0.00726	0.00431	0.00371
7	0.01047	0.02128	0.08358	0.02059	0.06017	0.20195	0.01914	0.05121	0.34334	0.01417	0.08326	0.02729	0.02125	0.00528	0.00416	0.01575	0.00441	0.00414	0.00313	0.00544
8	0.00490	0.00399	0.00432	0.00431	0.00548	0.00343	0.00319	0.00605	0.00934	0.01168	0.20051	0.08394	0.60988	0.02515	0.00499	0.00138	0.00203	0.00825	0.00380	0.00340
9	0.01161	0.58147	0.01769	0.02076	0.01107	0.20554	0.01593	0.05216	0.00930	0.01025	0.00638	0.00729	0.01684	0.00377	0.00307	0.00094	0.01654	0.00245	0.00192	0.00501
10	0.00860	0.00727	0.02488	0.49306	0.05425	0.00775	0.01799	0.02333	0.02773	0.07797	0.06052	0.01204	0.00820	0.00423	0.00387	0.00119	0.00445	0.01285	0.00239	0.14742
11	0.02135	0.08000	0.65764	0.01032	0.01548	0.00933	0.01272	0.01315	0.04209	0.06852	0.01868	0.01911	0.00630	0.00404	0.00371	0.00123	0.00533	0.00315	0.00206	0.00580
12	0.01164	0.03504	0.19109	0.01278	0.20789	0.10558	0.00971	0.14744	0.06078	0.11848	0.00983	0.04169	0.00773	0.00458	0.00390	0.00121	0.00480	0.01707	0.00282	0.00594
13	0.48048	0.01193	0.00840	0.02206	0.03167	0.32289	0.00597	0.02778	0.00874	0.01446	0.00601	0.00708	0.00482	0.00391	0.00312	0.00115	0.01632	0.00243	0.01626	0.00450
14	0.00785	0.01147	0.29800	0.02343	0.05080	0.00772	0.06810	0.03746	0.15083	0.01348	0.11116	0.10912	0.03662	0.03807	0.01699	0.00148	0.00435	0.00511	0.00283	0.00513
15	0.00469	0.00402	0.00402	0.00402	0.00536	0.00335	0.00301	0.00569	0.00904	0.01071	0.04017	0.03816	0.83432	0.01004	0.00469	0.00134	0.00201	0.00837	0.00368	0.00335
16	0.01290	0.02513	0.14491	0.00957	0.01299	0.02435	0.03849	0.55107	0.05194	0.02093	0.03113	0.01061	0.00767	0.00478	0.00416	0.00123	0.02172	0.01670	0.00343	0.00629
17	0.00548	0.00405	0.00512	0.00485	0.00584	0.00368	0.00364	0.00722	0.01091	0.01515	0.71990	0.03084	0.15181	0.00838	0.00468	0.00126	0.00189	0.00734	0.00427	0.00368
18	0.00761	0.01048	0.26355	0.05471	0.16581	0.00733	0.02311	0.00983	0.00767	0.01092	0.00910	0.01435	0.00825	0.04650	0.13160	0.11403	0.03283	0.07569	0.00202	0.00459
19	0.01481	0.01890	0.01124	0.01021	0.01226	0.84474	0.00766	0.01583	0.01124	0.00970	0.00613	0.00715	0.00511	0.00409	0.00358	0.00102	0.00715	0.00255	0.00204	0.00460
20	0.01327	0.32847	0.01473	0.00896	0.01149	0.54070	0.00734	0.01438	0.01007	0.00957	0.00590	0.00686	0.00510	0.00383	0.00320	0.00096	0.00608	0.00239	0.00192	0.00478
21	0.88866	0.00767	0.00583	0.00521	0.00767	0.00889	0.00429	0.01166	0.00675	0.01779	0.00552	0.00644	0.00429	0.00368	0.00245	0.00123	0.00307	0.00215	0.00245	0.00429
22	0.00955	0.00879	0.01387	0.26591	0.46475	0.03107	0.01096	0.04638	0.00917	0.03348	0.00786	0.01080	0.00642	0.00397	0.00409	0.00123	0.01861	0.02216	0.00211	0.02883
23	0.88866	0.00767	0.00583	0.00521	0.00767	0.00889	0.00429	0.01166	0.00675	0.01779	0.00552	0.00644	0.00429	0.00368	0.00245	0.00123	0.00307	0.00215	0.00245	0.00429
24	0.00469	0.00402	0.00402	0.00402	0.00536	0.00335	0.00301	0.00569	0.00904	0.01071	0.04017	0.03816	0.83432	0.01004	0.00469	0.00134	0.00201	0.00837	0.00368	0.00335
25	0.00859	0.00735	0.02754	0.00605	0.00960	0.00540	0.00497	0.01041	0.00835	0.04543	0.00739	0.00843	0.00601	0.00303	0.00300	0.00063	0.00302	0.00243	0.00243	0.82993
26	0.00505	0.00403	0.00452	0.00439	0.00558	0.00350	0.00330	0.00639	0.00989	0.01273	0.34920	0.03483	0.52402	0.00929	0.00468	0.00130	0.00195	0.00790	0.00395	0.00350
27	0.00790	0.01877	0.73500	0.01100	0.01638	0.00889	0.04305	0.01244	0.02875	0.01288	0.06185	0.01001	0.00737	0.00408	0.00387	0.00126	0.00556	0.00331	0.00192	0.00571
28	0.00543	0.00479	0.02704	0.00548	0.02059	0.00407	0.00440	0.00702	0.02923	0.01136	0.05494	0.03768	0.55916	0.00982	0.00482	0.00145	0.00258	0.20290	0.00362	0.00362
29	0.00867	0.00867	0.01214	0.01041	0.01041	0.01214	0.00867	0.00954	0.00607	0.00954	0.00520	0.00867	0.00520	0.00694	0.01301	0.00173	0.85340	0.00347	0.00173	0.00434
30	0.04842	0.12740	0.21894	0.01194	0.14308	0.04475	0.06497	0.15839	0.06830	0.06418	0.00848	0.00932	0.00636	0.00402	0.00369	0.00118	0.00484	0.00327	0.00256	0.00591
31	0.00962	0.00973	0.04822	0.03225	0.66323	0.00939	0.05186	0.01293	0.08582	0.01320	0.00875	0.01068	0.01861	0.00380	0.00398	0.00121	0.00468	0.00372	0.00217	0.00615
32	0.00801	0.01985	0.79425	0.01121	0.01679	0.00933	0.01427	0.01260	0.02329	0.01252	0.00721	0.00850	0.00516	0.00391	0.00411	0.00128	0.03720	0.00298	0.00172	0.00581
33	0.19124	0.01017	0.01356	0.03164	0.50933	0.10776	0.04169	0.01244	0.00876	0.01345	0.00688	0.00883	0.00569	0.00369	0.00377	0.00119	0.01911	0.00318	0.00207	0.00557
34	0.00522	0.00405	0.00445	0.00447	0.00567	0.00356	0.00344	0.00653	0.00941	0.01212	0.18919	0.03535	0.54633	0.00935	0.00461	0.00133	0.00212	0.07975	0.06957	0.00348
35	0.00583	0.00425	0.00635	0.00634	0.00698	0.00493	0.00490	0.00697	0.00630	0.00905	0.01037	0.01562	0.00978	0.02766	0.74484	0.08454	0.02280	0.01699	0.00211	0.00339
36	0.00481	0.00402	0.00419	0.00415	0.00543	0.00340	0.00311	0.00593	0.00934	0.01142	0.14850	0.03699	0.72554	0.00978	0.00468	0.00133	0.00199	0.00820	0.00378	0.00340
37	0.00822	0.00705	0.00822	0.00587	0.00940	0.00529	0.00470	0.00998	0.00822	0.01292	0.00705	0.00822	0.00587	0.00294	0.00294	0.00059	0.00294	0.00235	0.00235	0.88490
38	0.00795	0.02051	0.84011	0.01130	0.01716	0.00921	0.01465	0.01256	0.00837	0.01256	0.00712	0.00837	0.00502	0.00377	0.00377	0.00126	0.00586	0.00293	0.00167	0.00586
39	0.00530	0.00378	0.00514	0.00606	0.00649	0.00362	0.00449	0.00633	0.00805	0.01065	0.02159	0.61370	0.02520	0.01198	0.00519	0.00167	0.00271	0.25102	0.00367	0.00335
40	0.00472	0.00400	0.00408	0.00410	0.00539	0.00335	0.00306	0.00574	0.00905	0.01084	0.06294	0.07020	0.77890	0.01008	0.00470	0.00135	0.00202	0.00845	0.00370	0.00335
41	0.00577	0.00384	0.00432	0.00432	0.00432	0.00384	0.00240	0.00577	0.00577	0.00769	0.01249	0.02595	0.01441	0.86066	0.02018	0.00384	0.00384	0.00577	0.00240	0.00240
42	0.88866	0.00767	0.00583	0.00521	0.00767	0.00889	0.00429	0.01166	0.00675	0.01779	0.00552	0.00644	0.00429	0.00368	0.00245	0.00123	0.00307	0.00215	0.00245	0.00429
43	0.00961	0.01003	0.01210	0.01039	0.01082	0.11612	0.01988	0.02708	0.02874	0.01010	0.00574	0.00869	0.00542	0.00645	0.01130	0.00162	0.69616	0.00340	0.00188	0.00448
44	0.00483	0.00345	0.00460	0.00552	0.00575	0.00322	0.00368	0.00552	0.00759	0.01012	0.02185	0.85807	0.02622	0.01242	0.00506	0.00161	0.00230	0.01127	0.00368	0.00322
45	0.00483	0.00345	0.00460	0.00552	0.00575	0.00322	0.00368	0.00552	0.00759	0.01012	0.02185	0.85807	0.02622	0.01242	0.00506	0.00161	0.00230	0.01127	0.00368	0.00322
46	0.01111	0.00845	0.00916	0.00801	0.01040	0.00952	0.00629	0.06669	0.68454	0.11553	0.01570	0.01434	0.01152	0.00529	0.00402	0.00132	0.00324	0.00437	0.00414	0.00636
47	0.30543	0.00996	0.00988	0.00782	0.01076	0.01117	0.00646	0.55313	0.01469	0.02260	0.00819	0.00850	0.00593	0.00440	0.00346	0.00120	0.00393	0.00310	0.00346	0.00593
48	0.01498	0.01106	0.01185	0.00910	0.01226	0.01225	0.00751	0.80833	0.03317	0.02484	0.00964	0.00961	0.00684	0.00477	0.00397	0.00119	0.00434	0.00359	0.00397	0.00673
49	0.01481	0.01890	0.01124	0.01021	0.01226	0.84474	0.00766	0.01583	0.01124	0.00970	0.00613	0.00715	0.00511	0.00409	0.00358	0.00102	0.00715	0.00255	0.00204	0.00460
50	0.00568	0.00420	0.00613	0.00613	0.00675	0.00482	0.00465	0.00692	0.00630	0.00902	0.01084	0.01682	0.01045	0.12926	0.74616	0.00607	0.00981	0.00443	0.00216	0.00340
51	0.01092	0.79979	0.02006	0.00704	0.01033	0.07781	0.00685	0.01217	0.00829	0.00936	0.00556	0.00642	0.00509	0.00344	0.00262	0.00086	0.00446	0.00215	0.00172	0.00505
52	0.01060	0.86304	0.02078	0.00678	0.01018	0.01569	0.00678	0.01187	0.00806	0.00933	0.00551	0.00636	0.00509	0.00339	0.00254	0.00085	0.00424	0.00212	0.00170	0.00509
53	0.02732	0.47196	0.10072	0.00890	0.04563	0.23856	0.00799	0.01308	0.02011	0.01020	0.00633	0.00769	0.00552	0.00378	0.00307	0.00098	0.00517	0.01607	0.00188	0.00506
54	0.00835	0.05509	0.64283	0.01218	0.01756	0.00965	0.17412	0.01256	0.00855	0.01245	0.00723	0.00874	0.00522	0.00367	0.00389	0.00125	0.00595	0.00324	0.00174	0.00572
55	0.01025	0.00975	0.07278	0.04043	0.56491	0.00887	0.07672	0.02250	0.00929	0.09437	0.00892	0.03296	0.00732	0.00406	0.00404	0.00123	0.00475	0.01848	0.00233	0.00605
56	0.00976	0.00937	0.01600	0.04191	0.81874	0.00941	0.01214	0.01213	0.00900	0.01289	0.00745	0.00983	0.00626	0.00354	0.00393	0.00118	0.00472	0.00353	0.00196	0.00624
57	0.00701	0.00556	0.00650	0.00612	0.00744	0.00584	0.00462	0.01203	0.29910	0.01543	0.44388	0.11664	0.03858	0.00765	0.00449	0.00132	0.00237	0.00670	0.00416	0.00457
58	0.00879	0.00739	0.00804	0.00729	0.00920	0.00831	0.00563	0.01763	0.62182	0.01641	0.22312	0.01855	0.01851	0.00607	0.00420	0.00132	0.00282	0.00516	0.00412	0.00563
59	0.88866	0.00767	0.00583	0.00521	0.00767	0.00889	0.00429	0.01166	0.00675	0.01779	0.00552	0.00644	0.00429	0.00368	0.00245	0.00123	0.00307	0.00215	0.00245	0.00429
60	0.88866	0.00767	0.00583	0.00521	0.00767	0.00889	0.00429	0.01166	0.00675	0.01779	0.00552	0.00644	0.00429	0.00368	0.00245	0.00123	0.00307	0.00215	0.00245	0.00429
61	0.00749	0.00705	0.01189	0.85113	0.02731	0.00881	0.01101	0.01013	0.00793	0.01013	0.00705	0.01057	0.00529	0.00396	0.00396	0.00132	0.00529	0.00352	0.00176	0.00440
62	0.01481	0.01890	0.01124	0.01021	0.01226	0.84474	0.00766	0.01583	0.01124	0.00970	0.00613	0.00715	0.00511	0.00409	0.00358	0.00102	0.00715	0.00255	0.00204	0.00460
63	0.88866	0.00767	0.00583	0.00521	0.00767	0.00889	0.00429	0.01166	0.00675	0.01779	0.00552	0.00644	0.00429	0.00368	0.00245	0.00123	0.00307	0.00215	0.00245	0.00429
64	0.00568	0.00419	0.00607	0.00607	0.00668	0.00479	0.00458	0.00689	0.00628	0.00898	0.01090	0.01710	0.01057	0.15168	0.72390	0.00600	0.00963	0.00447	0.00216	0.00337
65	0.88866	0.00767	0.00583	0.00521	0.00767	0.00889	0.00429	0.01166	0.00675	0.01779	0.00552	0.00644	0.00429	0.00368	0.00245	0.00123	0.00307	0.00215	0.00245	0.00429
66	0.01779	0.00675	0.00920	0.00705	0.01012	0.00583	0.00583	0.01932	0.01135	0.83867	0.01564	0.01350	0.00981	0.00491	0.00399	0.00123	0.00337	0.00399	0.00491	0.00675
67	0.00981	0.00942	0.01609	0.02434	0.83592	0.00942	0.01217	0.01217	0.00903	0.01295	0.00746	0.00981	0.00628	0.00353	0.00393	0.00118	0.00471	0.00353	0.00196	0.00628
68	0.00483	0.00345	0.00460	0.00552	0.00575	0.00322	0.00368	0.00552	0.00759	0.01012	0.02185	0.85807	0.02622	0.01242	0.00506	0.00161	0.00230	0.01127	0.00368	0.00322
69	0.00965	0.00482	0.00534	0.00483	0.00631	0.00480	0.00375	0.01250	0.10145	0.17207	0.01381	0.01454	0.01032	0.00476	0.00315	0.00103	0.00228	0.00384	0.61619	0.00457
70	0.01481	0.01890	0.01124	0.01021	0.01226	0.84474	0.00766	0.01583	0.01124	0.00970	0.00613	0.00715	0.00511	0.00409	0.00358	0.00102	0.00715	0.00255	0.00204	0.00460
71	0.00487	0.00402	0.00428	0.00421	0.00547	0.00343	0.00316	0.00605	0.00948	0.01176	0.20133	0.03642	0.67249	0.00965	0.00468	0.00132	0.00198	0.00812	0.00382	0.00343
72	0.00574	0.00394	0.00482	0.00482	0.00500	0.00412	0.00303	0.00609	0.00591	0.00806	0.01204	0.02342	0.01332	0.65799	0.22135	0.00446	0.00550	0.00540	0.00233	0.00268
73	0.01507	0.01111	0.01190	0.00912	0.01230	0.01230	0.00754	0.82270	0.01864	0.02499	0.00952	0.00952	0.00674	0.00476	0.00397	0.00119	0.00436	0.00357	0.00397	0.00674
74	0.00970	0.00880	0.02160	0.02182	0.01094	0.02393	0.03373	0.02945	0.67499	0.01573	0.02712	0.02927	0.01172	0.00550	0.00462	0.00136	0.05552	0.00451	0.00372	0.00597
75	0.00843	0.03400	0.68752	0.02631	0.01712	0.00948	0.08255	0.05266	0.00892	0.01303	0.00733	0.00874	0.00527	0.00417	0.01651	0.00133	0.00589	0.00313	0.00182	0.00579
76	0.00577	0.00384	0.00432	0.00432	0.00432	0.00384	0.00240	0.00577	0.00577	0.00769	0.01249	0.02595	0.01441	0.86066	0.02018	0.00384	0.00384	0.00577	0.00240	0.00240
77	0.00847	0.00816	0.05338	0.00759	0.02143	0.02960	0.02868	0.05065	0.42240	0.01474	0.06192	0.02119	0.22988	0.00660	0.00425	0.00132	0.00321	0.01758	0.00368	0.00526
78	0.00517	0.00378	0.00486	0.00513	0.00579	0.00347	0.00364	0.00643	0.00939	0.01282	0.39512	0.39882	0.11043	0.01021	0.00485	0.00142	0.00208	0.00911	0.00399	0.00347
79	0.00804	0.04956	0.81187	0.01115	0.01692	0.00943	0.01438	0.01253	0.00836	0.01245	0.00706	0.00830	0.00502	0.00375	0.00372	0.00124	0.00580	0.00290	0.00167	0.00583
80	0.00942	0.00753	0.00796	0.00721	0.00922	0.00853	0.00558	0.01850	0.64450	0.02778	0.01551	0.02953	0.01187	0.00532	0.00381	0.00126	0.00290	0.00442	0.15750	0.02165
81	0.03574	0.00777	0.01298	0.00968	0.01284	0.00706	0.24448	0.02794	0.01070	0.49972	0.06289	0.01345	0.01021	0.00461	0.00417	0.00125	0.00423	0.00433	0.01991	0.00604
82	0.01046	0.80638	0.03385	0.00682	0.01017	0.01515	0.00681	0.01207	0.02974	0.00970	0.00599	0.00681	0.00539	0.00348	0.00261	0.00087	0.00418	0.00223	0.02218	0.00510
83	0.02709	0.00951	0.01185	0.03180	0.14507	0.00998	0.03824	0.45861	0.01411	0.03324	0.00989	0.08171	0.00818	0.00493	0.00395	0.00117	0.00416	0.00411	0.00331	0.09909
84	0.03821	0.02310	0.09497	0.08451	0.21085	0.23249	0.00918	0.06701	0.07343	0.04864	0.03521	0.01080	0.03056	0.00441	0.00398	0.00119	0.02007	0.00350	0.00249	0.00540

[dist]
# distance from previous block
# <min> <max>
0	2

[block]
# block no. 4 follows, 68 sequences, length 21
# corresponding to MSA columns:
# 506-526
name=unknown_E
#
# <colnr> <probs for GDERKNQSTAVLIFYWHMCP>
#	G	D	E	R	K	N	Q	S	T	A	V	L	I	F	Y	W	H	M	C	P
0	0.00945	0.00951	0.03704	0.05088	0.53101	0.02103	0.14595	0.03309	0.00912	0.01284	0.00836	0.04730	0.00724	0.01792	0.00450	0.00128	0.02105	0.00407	0.02264	0.00574
1	0.00881	0.00833	0.01314	0.17618	0.49697	0.02692	0.01027	0.01158	0.06197	0.01235	0.03001	0.07518	0.04156	0.00478	0.00406	0.00125	0.00442	0.00443	0.00231	0.00548
2	0.00567	0.00421	0.00617	0.00617	0.00680	0.00484	0.00470	0.00695	0.00631	0.00905	0.01081	0.01662	0.01036	0.11319	0.76211	0.00612	0.00994	0.00440	0.00215	0.00343
3	0.00904	0.00826	0.01330	0.06663	0.56937	0.00839	0.01008	0.02933	0.04189	0.02296	0.08848	0.03542	0.06009	0.00477	0.00419	0.00123	0.01401	0.00441	0.00249	0.00567
4	0.00918	0.01041	0.02266	0.01627	0.02014	0.00976	0.78949	0.01242	0.00929	0.01260	0.00856	0.04388	0.00681	0.00370	0.00469	0.00135	0.00651	0.00494	0.00207	0.00526
5	0.00903	0.00789	0.00927	0.05778	0.10683	0.02441	0.00675	0.03628	0.48622	0.01539	0.12713	0.02895	0.05540	0.00575	0.00414	0.00130	0.00331	0.00492	0.00365	0.00561
6	0.00663	0.00354	0.00497	0.00497	0.00497	0.00354	0.00320	0.00530	0.00530	0.00707	0.00817	0.01524	0.00861	0.20791	0.01657	0.68273	0.00354	0.00398	0.00188	0.00188
7	0.01013	0.01103	0.15274	0.08982	0.08784	0.03004	0.01950	0.13386	0.33380	0.02569	0.01120	0.01169	0.00843	0.00539	0.02824	0.00143	0.02639	0.00382	0.00304	0.00592
8	0.03115	0.23527	0.03866	0.01082	0.10884	0.45490	0.00805	0.02741	0.01010	0.03174	0.00644	0.00748	0.00537	0.00386	0.00335	0.00101	0.00585	0.00261	0.00205	0.00504
9	0.01481	0.01890	0.01124	0.01021	0.01226	0.84474	0.00766	0.01583	0.01124	0.00970	0.00613	0.00715	0.00511	0.00409	0.00358	0.00102	0.00715	0.00255	0.00204	0.00460
10	0.00639	0.00456	0.00639	0.00730	0.00821	0.00456	0.00639	0.00821	0.00913	0.01187	0.02099	0.04472	0.02282	0.01095	0.00548	0.00183	0.00365	0.80924	0.00365	0.00365
11	0.14748	0.01055	0.01105	0.00902	0.02703	0.06325	0.03755	0.47334	0.10041	0.04759	0.00940	0.00962	0.00686	0.00460	0.00396	0.00122	0.02409	0.00344	0.00349	0.00607
12	0.00944	0.04988	0.03372	0.05917	0.26152	0.08878	0.03434	0.05087	0.15342	0.01395	0.16018	0.01491	0.04272	0.00505	0.00403	0.00121	0.00414	0.00440	0.00290	0.00537
13	0.00742	0.00558	0.00789	0.03955	0.19016	0.00564	0.00641	0.00978	0.04763	0.01334	0.09770	0.04426	0.05083	0.00688	0.00419	0.00132	0.00317	0.22267	0.23119	0.00438
14	0.38218	0.06379	0.10135	0.00787	0.01034	0.05060	0.01818	0.07274	0.07516	0.01513	0.00687	0.00807	0.00548	0.00451	0.00489	0.00130	0.16142	0.00283	0.00240	0.00490
15	0.00978	0.04161	0.03779	0.01853	0.55581	0.00903	0.01020	0.01301	0.09693	0.03494	0.00846	0.01005	0.00686	0.00369	0.00374	0.00110	0.00427	0.00341	0.00230	0.12848
16	0.01187	0.00693	0.00859	0.00632	0.00967	0.00549	0.00513	0.01354	0.00941	0.32736	0.01032	0.01023	0.00737	0.00369	0.00334	0.00083	0.00310	0.00297	0.00332	0.55050
17	0.00930	0.00877	0.02773	0.04239	0.63799	0.00860	0.01063	0.01198	0.05032	0.03184	0.03479	0.01339	0.08591	0.00442	0.00402	0.00121	0.00430	0.00414	0.00236	0.00588
18	0.00472	0.00402	0.00407	0.00406	0.00538	0.00336	0.00304	0.00576	0.00913	0.01092	0.07257	0.03781	0.80177	0.00996	0.00469	0.00134	0.00200	0.00832	0.00371	0.00336
19	0.01002	0.02430	0.03218	0.01053	0.13053	0.02299	0.00739	0.05378	0.60922	0.01595	0.01412	0.03005	0.01088	0.00512	0.00400	0.00130	0.00356	0.00433	0.00359	0.00618
20	0.01226	0.08264	0.11416	0.01121	0.13246	0.01047	0.03874	0.31312	0.08560	0.09673	0.00957	0.00998	0.00702	0.00426	0.00379	0.00116	0.00439	0.00346	0.00314	0.05584

[dist]
# distance from previous block
# <min> <max>
1	3

[block]
# block no. 5 follows, 68 sequences, length 20
# corresponding to MSA columns:
# 579-598
name=unknown_F
#
# <colnr> <probs for GDERKNQSTAVLIFYWHMCP>
#	G	D	E	R	K	N	Q	S	T	A	V	L	I	F	Y	W	H	M	C	P
0	0.00998	0.03745	0.01521	0.08009	0.64791	0.02803	0.01124	0.04220	0.06481	0.01325	0.00800	0.01002	0.00656	0.00374	0.00388	0.00119	0.00467	0.00353	0.00215	0.00609
1	0.35571	0.02043	0.02559	0.00876	0.09567	0.03317	0.00646	0.20853	0.06851	0.07681	0.02958	0.00972	0.01783	0.00432	0.00335	0.00120	0.00372	0.00317	0.00308	0.02441
2	0.01056	0.13235	0.24225	0.02559	0.11401	0.02033	0.05995	0.14607	0.02833	0.06482	0.00808	0.00906	0.00609	0.00383	0.00362	0.00110	0.00473	0.00314	0.00245	0.11363
3	0.01074	0.41451	0.23459	0.00913	0.01317	0.01265	0.07475	0.13117	0.00992	0.04514	0.00712	0.00798	0.00557	0.00375	0.00330	0.00106	0.00485	0.00282	0.00217	0.00562
4	0.00575	0.00408	0.00564	0.00564	0.00608	0.00452	0.00404	0.00656	0.00612	0.00860	0.01107	0.01885	0.01126	0.30420	0.53377	0.04579	0.00805	0.00471	0.00220	0.00308
5	0.00906	0.00768	0.00828	0.00749	0.00948	0.00871	0.00580	0.01851	0.67482	0.01646	0.17011	0.01758	0.01687	0.00589	0.00416	0.00133	0.00290	0.00499	0.00410	0.00580
6	0.00862	0.00812	0.01383	0.34572	0.43741	0.00878	0.03363	0.01104	0.00855	0.01178	0.00813	0.03862	0.00689	0.00413	0.00400	0.00126	0.00483	0.01664	0.02271	0.00532
7	0.00518	0.00404	0.00470	0.00454	0.00566	0.00356	0.00340	0.00665	0.01020	0.01348	0.46383	0.03360	0.40892	0.00901	0.00468	0.00129	0.00193	0.00773	0.00405	0.00356
8	0.01072	0.00883	0.00940	0.00815	0.01052	0.01008	0.00643	0.19132	0.61032	0.01800	0.01503	0.01417	0.02777	0.00619	0.03342	0.00149	0.00364	0.00436	0.00395	0.00622
9	0.00583	0.00382	0.00438	0.00438	0.00438	0.00382	0.00247	0.00573	0.00573	0.00764	0.01215	0.02510	0.01396	0.80920	0.01990	0.05737	0.00382	0.00562	0.00236	0.00236
10	0.00936	0.00888	0.01370	0.13137	0.52656	0.03161	0.01059	0.01283	0.11923	0.01278	0.00926	0.02560	0.00785	0.00472	0.01728	0.00133	0.01689	0.03209	0.00230	0.00577
11	0.00914	0.00702	0.00832	0.00599	0.00947	0.00534	0.00481	0.01088	0.00852	0.09195	0.00787	0.00873	0.00625	0.00312	0.00304	0.00065	0.00298	0.00251	0.00259	0.80085
12	0.01060	0.86304	0.02078	0.00678	0.01018	0.01569	0.00678	0.01187	0.00806	0.00933	0.00551	0.00636	0.00509	0.00339	0.00254	0.00085	0.00424	0.00212	0.00170	0.00509
13	0.00531	0.00370	0.00492	0.00540	0.00567	0.00373	0.00363	0.00588	0.00681	0.00922	0.01671	0.45502	0.01928	0.21252	0.18039	0.04317	0.00441	0.00821	0.00298	0.00303
14	0.02839	0.02399	0.10996	0.03120	0.29348	0.03846	0.07696	0.14683	0.02476	0.15166	0.02952	0.01066	0.00752	0.00415	0.00395	0.00121	0.00469	0.00366	0.00285	0.00609
15	0.00835	0.00789	0.01335	0.46764	0.36669	0.00883	0.01119	0.01079	0.00838	0.01132	0.00784	0.04588	0.00658	0.00414	0.00399	0.00127	0.00492	0.00385	0.00193	0.00514
16	0.00577	0.00384	0.00432	0.00432	0.00432	0.00384	0.00240	0.00577	0.00577	0.00769	0.01249	0.02595	0.01441	0.86066	0.02018	0.00384	0.00384	0.00577	0.00240	0.00240
17	0.56547	0.04220	0.00911	0.00868	0.10351	0.12204	0.02797	0.04104	0.00814	0.01578	0.00603	0.00719	0.00481	0.00380	0.00309	0.00119	0.02039	0.00250	0.00234	0.00471
18	0.00640	0.00467	0.00653	0.00734	0.00818	0.00480	0.00635	0.00814	0.00893	0.01169	0.02042	0.08235	0.02229	0.01087	0.00575	0.00181	0.03678	0.73947	0.00358	0.00366
19	0.00973	0.21751	0.28044	0.00903	0.02637	0.06787	0.00923	0.04453	0.09470	0.02661	0.00832	0.01005	0.00676	0.00421	0.00377	0.00110	0.03251	0.03437	0.00226	0.11062

[dist]
# distance from previous block
# <min> <max>
0	3

[block]
# block no. 6 follows, 68 sequences, length 22
# corresponding to MSA columns:
# 602-623
name=unknown_G
#
# <colnr> <probs for GDERKNQSTAVLIFYWHMCP>
#	G	D	E	R	K	N	Q	S	T	A	V	L	I	F	Y	W	H	M	C	P
0	0.36109	0.01016	0.11183	0.03720	0.10942	0.04375	0.00748	0.12366	0.03777	0.02834	0.03626	0.00994	0.01792	0.00434	0.00356	0.00124	0.02275	0.01341	0.01475	0.00514
1	0.00501	0.00388	0.00453	0.00497	0.00579	0.00348	0.00363	0.00595	0.00836	0.01048	0.02981	0.32673	0.40398	0.05834	0.00578	0.00163	0.00242	0.10835	0.00361	0.00329
2	0.01095	0.78792	0.01984	0.00690	0.01025	0.01513	0.00677	0.03917	0.02843	0.03538	0.00621	0.00689	0.00546	0.00353	0.00267	0.00088	0.00419	0.00228	0.00193	0.00522
3	0.03760	0.50828	0.15027	0.03894	0.03216	0.05941	0.00827	0.05333	0.00894	0.04586	0.00656	0.00746	0.00539	0.00365	0.00302	0.00099	0.00462	0.00252	0.00200	0.02073
4	0.01042	0.79455	0.05295	0.00711	0.01046	0.01529	0.00717	0.01180	0.00799	0.00947	0.00556	0.00654	0.00509	0.00355	0.00302	0.00090	0.03914	0.00221	0.00170	0.00509
5	0.00638	0.00498	0.00567	0.00576	0.00671	0.00512	0.00418	0.00964	0.20409	0.01153	0.03586	0.22248	0.17296	0.19465	0.00807	0.00200	0.00291	0.08967	0.00350	0.00385
6	0.00716	0.01244	0.42099	0.00846	0.01176	0.02028	0.00932	0.01004	0.00869	0.04237	0.13276	0.22706	0.02970	0.00760	0.03210	0.00151	0.00440	0.00583	0.00275	0.00477
7	0.24044	0.00811	0.00903	0.00712	0.01006	0.00829	0.00588	0.22550	0.01206	0.41732	0.01146	0.01066	0.00760	0.00455	0.00359	0.00122	0.00355	0.00341	0.00403	0.00612
8	0.00512	0.00370	0.00485	0.00535	0.00588	0.00343	0.00377	0.00622	0.00881	0.01194	0.26371	0.53662	0.07270	0.01096	0.00494	0.00150	0.00221	0.04103	0.00388	0.00340
9	0.00565	0.00395	0.00522	0.00576	0.00641	0.00374	0.00432	0.00684	0.00867	0.02969	0.15729	0.41000	0.08540	0.03636	0.01986	0.00172	0.00274	0.19916	0.00375	0.00348
10	0.00831	0.00756	0.01193	0.27987	0.26175	0.00851	0.02371	0.03577	0.06965	0.01187	0.00962	0.03110	0.01958	0.00810	0.11730	0.00200	0.05228	0.03384	0.00225	0.00500
11	0.00812	0.00770	0.01304	0.62479	0.24867	0.00898	0.01133	0.01069	0.00823	0.01090	0.00716	0.01036	0.00556	0.00385	0.00395	0.00128	0.00513	0.00353	0.00182	0.00492
12	0.00749	0.00705	0.01189	0.85113	0.02731	0.00881	0.01101	0.01013	0.00793	0.01013	0.00705	0.01057	0.00529	0.00396	0.00396	0.00132	0.00529	0.00352	0.00176	0.00440
13	0.00595	0.00422	0.00542	0.00506	0.00610	0.00392	0.00382	0.00800	0.03072	0.03461	0.75808	0.02929	0.07364	0.00806	0.00465	0.00125	0.00194	0.00709	0.00434	0.00385
14	0.00581	0.00436	0.00645	0.00639	0.00702	0.00511	0.00494	0.00705	0.00630	0.00908	0.01037	0.01559	0.00980	0.05821	0.75679	0.03811	0.03882	0.00425	0.00211	0.00346
15	0.01060	0.86304	0.02078	0.00678	0.01018	0.01569	0.00678	0.01187	0.00806	0.00933	0.00551	0.00636	0.00509	0.00339	0.00254	0.00085	0.00424	0.00212	0.00170	0.00509
16	0.00556	0.00412	0.00533	0.00600	0.00683	0.00390	0.00480	0.00689	0.00877	0.01128	0.05395	0.26058	0.20843	0.01104	0.00516	0.00164	0.00285	0.38570	0.00369	0.00347
17	0.03739	0.00840	0.00890	0.00719	0.00985	0.13963	0.00578	0.01749	0.01096	0.60028	0.02898	0.01272	0.00948	0.00478	0.00379	0.00117	0.00381	0.00375	0.07961	0.00603
18	0.88866	0.00767	0.00583	0.00521	0.00767	0.00889	0.00429	0.01166	0.00675	0.01779	0.00552	0.00644	0.00429	0.00368	0.00245	0.00123	0.00307	0.00215	0.00245	0.00429
19	0.01006	0.00806	0.00853	0.00746	0.00964	0.00905	0.00586	0.16588	0.51475	0.01753	0.04988	0.01605	0.06912	0.00563	0.00398	0.00127	0.00312	0.00462	0.08369	0.00582
20	0.00606	0.00411	0.00514	0.00504	0.00599	0.00383	0.00375	0.00784	0.02699	0.03959	0.49078	0.15774	0.10569	0.00853	0.00454	0.00130	0.00206	0.02689	0.09037	0.00376
21	0.01965	0.03846	0.02303	0.31159	0.32358	0.02793	0.02264	0.04478	0.02886	0.02542	0.00753	0.00988	0.00598	0.00387	0.00408	0.00120	0.02949	0.00340	0.00209	0.06656

[dist]
# distance from previous block
# <min> <max>
0	2

[block]
# block no. 7 follows, 68 sequences, length 10
# corresponding to MSA columns:
# 636-645
name=unknown_H
#
# <colnr> <probs for GDERKNQSTAVLIFYWHMCP>
#	G	D	E	R	K	N	Q	S	T	A	V	L	I	F	Y	W	H	M	C	P
0	0.00579	0.00417	0.00492	0.00479	0.00582	0.00391	0.00357	0.00783	0.05135	0.01411	0.43227	0.09687	0.21551	0.00830	0.00442	0.00126	0.00200	0.00718	0.12220	0.00373
1	0.01206	0.01239	0.01366	0.01690	0.41399	0.28102	0.02980	0.04474	0.06857	0.05691	0.00817	0.00951	0.00651	0.00396	0.00384	0.00115	0.00536	0.00334	0.00237	0.00575
2	0.00550	0.00405	0.00514	0.00487	0.00585	0.00369	0.00365	0.00726	0.01095	0.01526	0.73606	0.03067	0.13559	0.00834	0.00468	0.00126	0.00189	0.00732	0.00428	0.00369
3	0.00739	0.00592	0.00854	0.02895	0.09840	0.00667	0.02302	0.07720	0.03344	0.01105	0.00998	0.01483	0.00925	0.11405	0.44990	0.03212	0.05864	0.00421	0.00231	0.00412
4	0.00490	0.00352	0.00475	0.00559	0.00586	0.00336	0.00379	0.00565	0.00749	0.01005	0.02093	0.78889	0.02488	0.01384	0.07402	0.00200	0.00298	0.01069	0.00355	0.00325
5	0.01451	0.07852	0.01191	0.00997	0.01211	0.78618	0.00760	0.01555	0.01101	0.00968	0.00609	0.00709	0.00511	0.00404	0.00350	0.00101	0.00694	0.00252	0.00202	0.00463
6	0.66199	0.15217	0.04440	0.00598	0.00871	0.04989	0.00532	0.01193	0.00725	0.01576	0.00562	0.00654	0.00450	0.00366	0.00258	0.00115	0.00358	0.00220	0.00227	0.00451
7	0.01006	0.09315	0.21172	0.01443	0.29680	0.02862	0.01048	0.10490	0.14471	0.01446	0.02710	0.01031	0.00754	0.00413	0.00379	0.00119	0.00463	0.00347	0.00249	0.00602
8	0.00899	0.00805	0.01313	0.33140	0.12235	0.00886	0.12813	0.08903	0.02306	0.03559	0.04248	0.04239	0.00820	0.01725	0.01701	0.00140	0.05657	0.00415	0.00237	0.03960
9	0.00483	0.00372	0.00442	0.00489	0.00561	0.00331	0.00342	0.00573	0.00842	0.01076	0.08636	0.47610	0.34588	0.01118	0.00489	0.00148	0.00215	0.00984	0.00373	0.00331

[dist]
# distance from previous block
# <min> <max>
2	4

[block]
# block no. 8 follows, 68 sequences, length 16
# corresponding to MSA columns:
# 650-665
name=unknown_I
#
# <colnr> <probs for GDERKNQSTAVLIFYWHMCP>
#	G	D	E	R	K	N	Q	S	T	A	V	L	I	F	Y	W	H	M	C	P
