[name]
unknown

[dist]
# distance from previous block
# <min> <max>
0	440

[block]
# block no. 0 follows, 71 sequences, length 17
# corresponding to MSA columns:
# 501-517
name=unknown_A
#
# <colnr> <probs for GDERKNQSTAVLIFYWHMCP>
#	G	D	E	R	K	N	Q	S	T	A	V	L	I	F	Y	W	H	M	C	P
0	0.02741	0.03401	0.04973	0.03797	0.10164	0.09897	0.04420	0.12444	0.13098	0.09671	0.10203	0.01314	0.02308	0.00476	0.00388	0.00114	0.01225	0.01978	0.00307	0.07082
1	0.07292	0.00807	0.05203	0.02025	0.12078	0.00734	0.06802	0.06522	0.08683	0.16812	0.05318	0.05447	0.01710	0.00466	0.00389	0.00113	0.02069	0.01118	0.00305	0.16105
2	0.00923	0.00908	0.07506	0.12057	0.43721	0.00847	0.02622	0.05281	0.06490	0.04867	0.02470	0.01195	0.05879	0.00417	0.00384	0.00117	0.00431	0.00379	0.00236	0.03270
3	0.02459	0.00851	0.04356	0.04246	0.17223	0.04933	0.22044	0.01155	0.04529	0.07735	0.11765	0.04462	0.02577	0.00656	0.06431	0.00159	0.01931	0.01728	0.00264	0.00495
4	0.00913	0.00776	0.00846	0.00655	0.02321	0.06556	0.00510	0.04131	0.02379	0.05794	0.03457	0.00903	0.00696	0.00338	0.00326	0.00072	0.02019	0.00265	0.00252	0.66791
5	0.06288	0.00743	0.01198	0.45831	0.30204	0.00835	0.01008	0.01026	0.00804	0.01123	0.00913	0.01162	0.06460	0.00409	0.00378	0.00123	0.00456	0.00366	0.00194	0.00480
6	0.00854	0.00814	0.01385	0.37411	0.49816	0.00886	0.01130	0.01094	0.00828	0.01138	0.00704	0.00980	0.00567	0.00359	0.00381	0.00120	0.00479	0.00341	0.00182	0.00531
7	0.00738	0.00696	0.01175	0.80508	0.07629	0.00855	0.01072	0.00992	0.00773	0.00996	0.00684	0.01018	0.00517	0.00381	0.00383	0.00127	0.00508	0.00341	0.00172	0.00437
8	0.00557	0.00374	0.00431	0.00431	0.00435	0.00378	0.00248	0.00565	0.00561	0.00753	0.01197	0.02447	0.01367	0.81321	0.07119	0.00387	0.00412	0.00548	0.00231	0.00239
9	0.00538	0.00411	0.00496	0.00473	0.00579	0.00380	0.00355	0.00739	0.05109	0.01396	0.56847	0.04885	0.24713	0.00830	0.00450	0.00124	0.00191	0.00720	0.00402	0.00363
10	0.78626	0.00749	0.00650	0.00644	0.06670	0.00849	0.00477	0.01167	0.00690	0.05791	0.00596	0.00680	0.00455	0.00361	0.00255	0.00118	0.00309	0.00226	0.00246	0.00441
11	0.00989	0.00797	0.01254	0.31418	0.23992	0.00861	0.06030	0.08689	0.06646	0.11134	0.02647	0.01131	0.01873	0.00412	0.00390	0.00122	0.00449	0.00374	0.00255	0.00538
12	0.00982	0.00815	0.01288	0.23256	0.29435	0.00854	0.07645	0.11109	0.02550	0.08972	0.01052	0.01205	0.06543	0.00425	0.00391	0.00120	0.00445	0.00388	0.00251	0.02276
13	0.05276	0.00940	0.07023	0.02824	0.14429	0.03334	0.04591	0.12912	0.15127	0.19765	0.01046	0.01065	0.00756	0.00424	0.00388	0.00116	0.02105	0.00351	0.00316	0.07214
14	0.11031	0.00701	0.00931	0.08246	0.04837	0.00678	0.03947	0.06211	0.03407	0.40523	0.02621	0.02702	0.05097	0.00470	0.00370	0.00116	0.00349	0.00389	0.00363	0.07011
15	0.02347	0.07324	0.14232	0.01993	0.08095	0.05190	0.00768	0.10744	0.06176	0.22839	0.11365	0.01237	0.01072	0.00465	0.00386	0.00114	0.01671	0.00373	0.00322	0.03288
16	0.12700	0.02446	0.17602	0.02377	0.06073	0.04832	0.01690	0.09010	0.10466	0.15061	0.04138	0.01102	0.02870	0.00432	0.00354	0.00114	0.00398	0.00341	0.00294	0.07701

[dist]
# distance from previous block
# <min> <max>
0	32

[block]
# block no. 1 follows, 71 sequences, length 14
# corresponding to MSA columns:
# 561-574
name=unknown_B
#
# <colnr> <probs for GDERKNQSTAVLIFYWHMCP>
#	G	D	E	R	K	N	Q	S	T	A	V	L	I	F	Y	W	H	M	C	P
0	0.09440	0.00776	0.00974	0.23435	0.07016	0.00855	0.00735	0.19419	0.11550	0.06969	0.03010	0.01272	0.07482	0.00470	0.00372	0.00119	0.00384	0.00384	0.00297	0.05042
1	0.02183	0.00807	0.01023	0.21403	0.02979	0.07301	0.03848	0.12407	0.01031	0.21800	0.05843	0.02582	0.00881	0.00467	0.00430	0.00119	0.05534	0.00376	0.04467	0.04521
2	0.04104	0.00724	0.00868	0.07130	0.04946	0.02037	0.00597	0.13666	0.11752	0.16959	0.06684	0.04109	0.07419	0.03770	0.00457	0.00125	0.02128	0.00432	0.00338	0.11756
3	0.16536	0.00769	0.04770	0.08069	0.04211	0.00706	0.00605	0.04158	0.08804	0.07606	0.05771	0.01059	0.01984	0.00400	0.00342	0.00100	0.01754	0.00314	0.00272	0.31771
4	0.00855	0.00748	0.01090	0.42741	0.11190	0.03982	0.02590	0.07727	0.03624	0.04413	0.12774	0.01337	0.02848	0.00467	0.00410	0.00124	0.01953	0.00405	0.00250	0.00470
5	0.00862	0.00526	0.00674	0.03801	0.00806	0.00511	0.01650	0.05995	0.06345	0.18318	0.23560	0.14120	0.10264	0.07741	0.00558	0.00149	0.00280	0.03019	0.00382	0.00438
6	0.00803	0.00543	0.00737	0.03805	0.03979	0.00536	0.03633	0.05636	0.04059	0.13722	0.13026	0.23651	0.15375	0.01865	0.00489	0.00138	0.03171	0.04045	0.00358	0.00430
7	0.01389	0.01416	0.01056	0.00970	0.05030	0.51469	0.00716	0.07751	0.07607	0.14171	0.02546	0.00922	0.00700	0.00433	0.00380	0.00108	0.02246	0.00306	0.00274	0.00511
8	0.04331	0.00974	0.04719	0.05058	0.05443	0.03127	0.36427	0.09686	0.02193	0.03974	0.03907	0.01029	0.00701	0.00403	0.00488	0.00123	0.09074	0.00387	0.00233	0.07724
9	0.00486	0.00390	0.00434	0.00423	0.00538	0.00338	0.00317	0.00614	0.00952	0.01220	0.33264	0.03387	0.54483	0.00902	0.00453	0.00126	0.00189	0.00767	0.00380	0.00338
10	0.00825	0.00688	0.00798	0.00591	0.00905	0.00551	0.00469	0.07612	0.00873	0.01324	0.00808	0.07190	0.00722	0.00367	0.00307	0.00069	0.00291	0.00301	0.00250	0.75059
11	0.00934	0.22272	0.06759	0.04050	0.02513	0.04873	0.12251	0.04423	0.00903	0.05173	0.10642	0.01095	0.00938	0.01755	0.00387	0.00103	0.02205	0.00340	0.00239	0.18144
12	0.00952	0.26452	0.42481	0.00975	0.01422	0.01121	0.07171	0.12843	0.00949	0.01296	0.00683	0.00786	0.00518	0.00364	0.00339	0.00110	0.00506	0.00282	0.00197	0.00553
13	0.00516	0.00458	0.00565	0.00503	0.00663	0.00387	0.06466	0.00634	0.00862	0.01064	0.03295	0.07719	0.66544	0.00879	0.00441	0.00125	0.00237	0.00750	0.00333	0.07560

[dist]
# distance from previous block
# <min> <max>
0	1

[block]
# block no. 2 follows, 71 sequences, length 11
# corresponding to MSA columns:
# 576-586
name=unknown_C
#
# <colnr> <probs for GDERKNQSTAVLIFYWHMCP>
#	G	D	E	R	K	N	Q	S	T	A	V	L	I	F	Y	W	H	M	C	P
0	0.00570	0.00432	0.02671	0.00569	0.00636	0.00387	0.00413	0.05162	0.00829	0.03364	0.06484	0.69574	0.03823	0.01090	0.00476	0.00150	0.00245	0.02417	0.00359	0.00350
1	0.01104	0.11505	0.19082	0.00968	0.02596	0.35227	0.03814	0.03651	0.02862	0.02453	0.06036	0.00965	0.00753	0.00436	0.00410	0.00111	0.05716	0.01610	0.00215	0.00486
2	0.01087	0.73806	0.01869	0.00707	0.01015	0.14244	0.00669	0.01206	0.00826	0.00908	0.00542	0.00627	0.00492	0.00338	0.00261	0.00085	0.00453	0.00211	0.00169	0.00485
3	0.00913	0.03531	0.22006	0.00981	0.12548	0.00758	0.00829	0.08037	0.03810	0.05429	0.03517	0.00951	0.00704	0.00365	0.00339	0.00095	0.00392	0.00299	0.01659	0.32839
4	0.00961	0.21961	0.16374	0.00865	0.02798	0.06449	0.09105	0.03177	0.00880	0.11756	0.01151	0.18330	0.03491	0.00558	0.00375	0.00118	0.00427	0.00475	0.00260	0.00490
5	0.00464	0.00346	0.00433	0.00502	0.00548	0.00314	0.00342	0.00537	0.00764	0.00991	0.02497	0.68390	0.20173	0.01151	0.00482	0.00150	0.00216	0.01029	0.00356	0.00314
6	0.01266	0.01485	0.01200	0.01200	0.13586	0.56996	0.07243	0.01402	0.01018	0.04222	0.00762	0.06400	0.00669	0.00437	0.00370	0.00108	0.00608	0.00338	0.00217	0.00474
7	0.01173	0.08796	0.29657	0.05080	0.05997	0.04428	0.02343	0.03215	0.00947	0.30625	0.01062	0.01070	0.03055	0.00420	0.00367	0.00116	0.00452	0.00336	0.00287	0.00575
8	0.01586	0.00661	0.00874	0.00683	0.00958	0.00596	0.00559	0.08631	0.01139	0.69764	0.05078	0.05483	0.01117	0.00522	0.00393	0.00120	0.00323	0.00430	0.00459	0.00623
9	0.00471	0.00389	0.00414	0.00419	0.00538	0.00333	0.00316	0.00579	0.00890	0.01091	0.12056	0.07119	0.68411	0.00965	0.00458	0.00132	0.00201	0.04527	0.00363	0.00328
10	0.06291	0.00989	0.09240	0.02858	0.20749	0.05286	0.07183	0.10577	0.02374	0.29123	0.01004	0.01035	0.00703	0.00407	0.00377	0.00118	0.00436	0.00348	0.00310	0.00593

[dist]
# distance from previous block
# <min> <max>
0	1

[block]
# block no. 3 follows, 71 sequences, length 49
# corresponding to MSA columns:
# 588-636
name=unknown_D
#
# <colnr> <probs for GDERKNQSTAVLIFYWHMCP>
#	G	D	E	R	K	N	Q	S	T	A	V	L	I	F	Y	W	H	M	C	P
0	0.00627	0.00470	0.00611	0.00616	0.00699	0.03039	0.05158	0.00785	0.05750	0.05043	0.04123	0.59490	0.04978	0.00987	0.00457	0.00143	0.00267	0.00891	0.05501	0.00366
1	0.00471	0.00338	0.00449	0.00536	0.00562	0.00315	0.00362	0.00541	0.00741	0.00984	0.02144	0.82510	0.04050	0.01193	0.00490	0.00156	0.00225	0.03265	0.00356	0.00313
2	0.00795	0.00681	0.00795	0.00568	0.00909	0.00511	0.00454	0.00965	0.00795	0.01249	0.00681	0.00795	0.00568	0.00284	0.00284	0.00057	0.00284	0.00227	0.00227	0.88869
3	0.07786	0.02599	0.03059	0.02466	0.08779	0.01902	0.03404	0.39975	0.01318	0.12931	0.02629	0.00976	0.00709	0.00430	0.00384	0.00112	0.02278	0.00336	0.00329	0.07598
4	0.01393	0.01750	0.01075	0.00976	0.01171	0.78509	0.00735	0.01549	0.05880	0.00977	0.00647	0.00737	0.00534	0.00408	0.00365	0.00102	0.02270	0.00259	0.00208	0.00453
5	0.00548	0.00411	0.00616	0.00616	0.00685	0.00479	0.00479	0.00685	0.00616	0.00890	0.01027	0.01506	0.00959	0.02876	0.85006	0.00616	0.01027	0.00411	0.00205	0.00342
6	0.01424	0.01550	0.01145	0.00972	0.01212	0.54313	0.03288	0.28753	0.01321	0.01442	0.00708	0.00779	0.00550	0.00415	0.00362	0.00105	0.00600	0.00286	0.00260	0.00516
7	0.00556	0.00371	0.00419	0.00421	0.00421	0.00370	0.00235	0.00557	0.00561	0.00748	0.01228	0.04305	0.01418	0.84696	0.01920	0.00367	0.00369	0.00569	0.00235	0.00234
8	0.00769	0.01983	0.84538	0.01093	0.01659	0.00890	0.01417	0.01214	0.00810	0.01214	0.00688	0.00810	0.00486	0.00364	0.00364	0.00121	0.00567	0.00283	0.00162	0.00567
9	0.00466	0.00385	0.00410	0.00423	0.00537	0.00329	0.00316	0.00567	0.00868	0.01056	0.07063	0.12766	0.67823	0.00992	0.00461	0.00134	0.00204	0.04514	0.00359	0.00325
10	0.00847	0.00816	0.01114	0.00925	0.01006	0.01040	0.01904	0.03086	0.00665	0.01031	0.00554	0.00835	0.00521	0.00584	0.01030	0.00144	0.65380	0.00316	0.00186	0.18017
11	0.00949	0.00911	0.01556	0.02353	0.84133	0.00911	0.01177	0.01177	0.00873	0.01253	0.00721	0.00949	0.00607	0.00342	0.00380	0.00114	0.00456	0.00342	0.00190	0.00607
12	0.00976	0.00826	0.00870	0.00775	0.00994	0.00952	0.00605	0.06668	0.76564	0.01646	0.01516	0.01401	0.01136	0.00515	0.00387	0.00128	0.00307	0.00426	0.02707	0.00603
13	0.00479	0.00389	0.00424	0.00415	0.00534	0.00335	0.00311	0.00600	0.00934	0.01178	0.26651	0.03455	0.61122	0.00918	0.00453	0.00127	0.00190	0.00776	0.00375	0.00335
14	0.00812	0.00623	0.00898	0.00791	0.00814	0.00792	0.01893	0.00807	0.00586	0.05281	0.00639	0.01012	0.00604	0.00971	0.03483	0.34797	0.44340	0.00341	0.00185	0.00333
15	0.00959	0.01059	0.01252	0.29017	0.01704	0.23881	0.11364	0.01132	0.00823	0.00979	0.00640	0.00910	0.00530	0.00534	0.03098	0.01852	0.19320	0.00330	0.00181	0.00434
16	0.00469	0.00389	0.00410	0.00405	0.00527	0.00330	0.00304	0.00580	0.00911	0.01123	0.17813	0.03546	0.69994	0.00938	0.00453	0.00128	0.00192	0.00789	0.00368	0.00330
17	0.00740	0.00703	0.01192	0.68150	0.11737	0.00832	0.03990	0.00986	0.00790	0.01023	0.00876	0.01170	0.05392	0.00411	0.00389	0.00126	0.00491	0.00372	0.00184	0.00444
18	0.00942	0.00886	0.02437	0.12312	0.41980	0.00923	0.07010	0.07226	0.17664	0.01365	0.00936	0.03002	0.00753	0.00410	0.00390	0.00121	0.00439	0.00385	0.00246	0.00574
19	0.01166	0.03399	0.04460	0.03778	0.01138	0.27643	0.03085	0.15180	0.01044	0.08625	0.00910	0.08231	0.01537	0.00585	0.01457	0.02888	0.12918	0.01214	0.00262	0.00479
20	0.34944	0.04532	0.06219	0.00993	0.11725	0.20215	0.06306	0.06046	0.00888	0.02461	0.00645	0.00760	0.00507	0.00369	0.00314	0.00112	0.00458	0.00268	0.01754	0.00482
21	0.01493	0.00662	0.00856	0.00672	0.00932	0.00616	0.00550	0.11527	0.01158	0.59681	0.10140	0.01423	0.01191	0.00507	0.00399	0.00118	0.01629	0.00411	0.05435	0.00601
22	0.00958	0.00891	0.01393	0.06315	0.56964	0.00930	0.03167	0.04790	0.18037	0.01360	0.00903	0.01054	0.00720	0.00385	0.00384	0.00118	0.00430	0.00364	0.00239	0.00597
23	0.00789	0.00706	0.01077	0.41770	0.18227	0.01995	0.00917	0.05469	0.02646	0.01162	0.01156	0.01646	0.07256	0.00516	0.00403	0.00129	0.00440	0.10782	0.02453	0.00459
24	0.00532	0.00388	0.00500	0.00479	0.00568	0.00356	0.00356	0.00700	0.01050	0.01469	0.73447	0.07787	0.09289	0.00822	0.00454	0.00123	0.00184	0.00725	0.00414	0.00356
25	0.16676	0.00668	0.00834	0.00652	0.00938	0.00614	0.00538	0.01742	0.01021	0.70269	0.01345	0.01188	0.00858	0.00454	0.00360	0.00119	0.00321	0.00355	0.00434	0.00612
26	0.00467	0.00335	0.00444	0.00531	0.00555	0.00312	0.00355	0.00534	0.00737	0.00980	0.02147	0.84723	0.04067	0.01197	0.00489	0.00155	0.00222	0.01085	0.00356	0.00312
27	0.00905	0.01034	0.02262	0.01616	0.02004	0.00970	0.82741	0.01228	0.00905	0.01228	0.00776	0.01034	0.00582	0.00323	0.00452	0.00129	0.00646	0.00452	0.00194	0.00517
28	0.00599	0.00424	0.00576	0.00651	0.00722	0.00422	0.00542	0.00741	0.00824	0.01075	0.01912	0.09558	0.02107	0.13920	0.00741	0.00204	0.00347	0.63968	0.00335	0.00332
29	0.00795	0.00681	0.00795	0.00568	0.00909	0.00511	0.00454	0.00965	0.00795	0.01249	0.00681	0.00795	0.00568	0.00284	0.00284	0.00057	0.00284	0.00227	0.00227	0.88869
30	0.00769	0.01983	0.84538	0.01093	0.01659	0.00890	0.01417	0.01214	0.00810	0.01214	0.00688	0.00810	0.00486	0.00364	0.00364	0.00121	0.00567	0.00283	0.00162	0.00567
31	0.89233	0.00741	0.00564	0.00504	0.00741	0.00860	0.00415	0.01127	0.00653	0.01720	0.00534	0.00623	0.00415	0.00356	0.00237	0.00119	0.00297	0.00208	0.00237	0.00415
32	0.00467	0.00334	0.00445	0.00534	0.00556	0.00311	0.00356	0.00534	0.00734	0.00979	0.02113	0.86275	0.02536	0.01201	0.00489	0.00156	0.00222	0.01090	0.00356	0.00311
33	0.00583	0.00456	0.00723	0.00701	0.00790	0.00432	0.11391	0.00720	0.02857	0.03303	0.01898	0.64331	0.02173	0.01037	0.00482	0.00152	0.00294	0.06979	0.00338	0.00359
34	0.00548	0.00430	0.00604	0.00624	0.00721	0.00403	0.05243	0.00681	0.00844	0.01087	0.04855	0.28060	0.22178	0.01028	0.00492	0.00155	0.00288	0.31068	0.00347	0.00343
35	0.00561	0.00381	0.00482	0.00482	0.00503	0.00402	0.00312	0.00592	0.00572	0.00783	0.01123	0.02133	0.01222	0.56651	0.26829	0.05422	0.00566	0.00501	0.00221	0.00262
36	0.10182	0.00774	0.00928	0.00719	0.01012	0.00760	0.00593	0.23540	0.01243	0.54326	0.01258	0.01135	0.00817	0.00459	0.00371	0.00118	0.00349	0.00357	0.00427	0.00629
37	0.00723	0.00504	0.00550	0.00547	0.00659	0.00540	0.00404	0.01167	0.27934	0.01358	0.01598	0.25609	0.01487	0.00686	0.00371	0.00122	0.00232	0.00591	0.34492	0.00426
38	0.03107	0.00657	0.00718	0.00646	0.00837	0.00701	0.00502	0.01521	0.44458	0.11192	0.10178	0.04297	0.18284	0.00647	0.00407	0.00128	0.00269	0.00542	0.00392	0.00517
39	0.00456	0.00383	0.00397	0.00405	0.00523	0.00323	0.00299	0.00552	0.00865	0.01041	0.05379	0.11793	0.74295	0.00990	0.00457	0.00132	0.00197	0.00834	0.00357	0.00323
40	0.01474	0.00932	0.01051	0.00811	0.01104	0.00989	0.00668	0.58250	0.01588	0.22841	0.05498	0.01120	0.00884	0.00481	0.00388	0.00116	0.00385	0.00374	0.00408	0.00637
41	0.01025	0.86756	0.02009	0.00656	0.00984	0.01517	0.00656	0.01148	0.00779	0.00902	0.00533	0.00615	0.00492	0.00328	0.00246	0.00082	0.00410	0.00205	0.00164	0.00492
42	0.00454	0.00385	0.00392	0.00397	0.00520	0.00323	0.00295	0.00549	0.00866	0.01032	0.03781	0.08506	0.79228	0.00984	0.00455	0.00131	0.00196	0.00826	0.00356	0.00323
43	0.00471	0.00355	0.00432	0.00484	0.00543	0.00320	0.00334	0.00553	0.00798	0.01032	0.08665	0.53651	0.26803	0.03046	0.00509	0.00150	0.00214	0.00965	0.00358	0.00317
44	0.00828	0.01569	0.54602	0.05935	0.01526	0.01899	0.02162	0.03192	0.19737	0.01321	0.02955	0.01019	0.00726	0.00413	0.00375	0.00123	0.00493	0.00334	0.00227	0.00562
45	0.00843	0.00937	0.05596	0.28929	0.06912	0.00911	0.42313	0.02995	0.02058	0.01175	0.00837	0.01090	0.02826	0.00369	0.00419	0.00127	0.00565	0.00409	0.00196	0.00494
46	0.00557	0.00372	0.00421	0.00420	0.00423	0.00371	0.00236	0.00562	0.00573	0.00767	0.03654	0.02520	0.01460	0.83990	0.01907	0.00364	0.00366	0.00562	0.00238	0.00236
47	0.00835	0.00500	0.00522	0.00486	0.00620	0.00530	0.00373	0.03358	0.20462	0.05115	0.01327	0.01411	0.01017	0.00466	0.00305	0.00101	0.00221	0.00376	0.61537	0.00437
48	0.11285	0.17514	0.07871	0.00772	0.01104	0.04965	0.09038	0.06239	0.00871	0.02186	0.00705	0.00879	0.00585	0.00353	0.00312	0.00091	0.00400	0.02663	0.00222	0.31943

[dist]
# distance from previous block
# <min> <max>
2	4

[block]
# block no. 4 follows, 71 sequences, length 38
# corresponding to MSA columns:
# 641-678
name=unknown_E
#
# <colnr> <probs for GDERKNQSTAVLIFYWHMCP>
#	G	D	E	R	K	N	Q	S	T	A	V	L	I	F	Y	W	H	M	C	P
0	0.00891	0.00740	0.00797	0.00706	0.00917	0.00814	0.00549	0.01733	0.61704	0.02960	0.09218	0.01575	0.03958	0.00534	0.00384	0.00121	0.00283	0.00448	0.03020	0.08646
1	0.00519	0.00383	0.00487	0.00513	0.00582	0.00360	0.00370	0.00669	0.03471	0.01225	0.34134	0.37561	0.10822	0.02576	0.00497	0.00144	0.00215	0.04748	0.00380	0.00342
2	0.00492	0.00390	0.00444	0.00442	0.00552	0.00342	0.00334	0.00620	0.00940	0.01210	0.31026	0.07024	0.49093	0.00921	0.00458	0.00130	0.00199	0.04666	0.00378	0.00338
3	0.00592	0.00423	0.00588	0.00677	0.00753	0.00419	0.00573	0.00750	0.00857	0.01118	0.02044	0.18408	0.02263	0.01084	0.00523	0.00173	0.00331	0.67725	0.00354	0.00346
4	0.81224	0.00733	0.00593	0.00521	0.00763	0.00833	0.00429	0.01195	0.00693	0.09287	0.00623	0.00685	0.00464	0.00367	0.00251	0.00119	0.00299	0.00224	0.00259	0.00437
5	0.01025	0.86756	0.02009	0.00656	0.00984	0.01517	0.00656	0.01148	0.00779	0.00902	0.00533	0.00615	0.00492	0.00328	0.00246	0.00082	0.00410	0.00205	0.00164	0.00492
6	0.00543	0.00392	0.00513	0.00482	0.00573	0.00362	0.00362	0.00724	0.01085	0.01538	0.83931	0.02864	0.03618	0.00784	0.00452	0.00121	0.00181	0.00693	0.00422	0.00362
7	0.01083	0.00888	0.00940	0.00806	0.01046	0.01014	0.00638	0.22720	0.62548	0.01812	0.01397	0.01300	0.01038	0.00505	0.00388	0.00126	0.00334	0.00411	0.00388	0.00618
8	0.00548	0.00411	0.00616	0.00616	0.00685	0.00479	0.00479	0.00685	0.00616	0.00890	0.01027	0.01506	0.00959	0.02876	0.85006	0.00616	0.01027	0.00411	0.00205	0.00342
9	0.89233	0.00741	0.00564	0.00504	0.00741	0.00860	0.00415	0.01127	0.00653	0.01720	0.00534	0.00623	0.00415	0.00356	0.00237	0.00119	0.00297	0.00208	0.00237	0.00415
10	0.01720	0.00653	0.00890	0.00682	0.00979	0.00564	0.00564	0.01869	0.01097	0.84399	0.01513	0.01305	0.00949	0.00475	0.00386	0.00119	0.00326	0.00386	0.00475	0.00653
11	0.00715	0.00357	0.00357	0.00357	0.00447	0.00357	0.00268	0.00893	0.00804	0.01429	0.01251	0.01429	0.00983	0.00447	0.00268	0.00089	0.00179	0.00357	0.88654	0.00357
12	0.00715	0.00357	0.00357	0.00357	0.00447	0.00357	0.00268	0.00893	0.00804	0.01429	0.01251	0.01429	0.00983	0.00447	0.00268	0.00089	0.00179	0.00357	0.88654	0.00357
13	0.00465	0.00389	0.00405	0.00401	0.00525	0.00329	0.00301	0.00574	0.00903	0.01104	0.14703	0.03578	0.73117	0.00946	0.00453	0.00128	0.00192	0.00794	0.00365	0.00329
14	0.01025	0.86756	0.02009	0.00656	0.00984	0.01517	0.00656	0.01148	0.00779	0.00902	0.00533	0.00615	0.00492	0.00328	0.00246	0.00082	0.00410	0.00205	0.00164	0.00492
15	0.01025	0.86756	0.02009	0.00656	0.00984	0.01517	0.00656	0.01148	0.00779	0.00902	0.00533	0.00615	0.00492	0.00328	0.00246	0.00082	0.00410	0.00205	0.00164	0.00492
16	0.00551	0.00399	0.00556	0.00556	0.00604	0.00447	0.00405	0.00646	0.00598	0.00846	0.01082	0.01809	0.01090	0.28160	0.59902	0.00542	0.00829	0.00455	0.00214	0.00309
17	0.00969	0.00831	0.00876	0.00783	0.01003	0.00961	0.00611	0.04516	0.80937	0.01629	0.01541	0.01415	0.01155	0.00518	0.00390	0.00130	0.00307	0.00431	0.00390	0.00608
18	0.01720	0.00653	0.00890	0.00682	0.00979	0.00564	0.00564	0.01869	0.01097	0.84399	0.01513	0.01305	0.00949	0.00475	0.00386	0.00119	0.00326	0.00386	0.00475	0.00653
19	0.00724	0.00669	0.01099	0.63329	0.11376	0.00791	0.00975	0.00974	0.02016	0.01065	0.07088	0.02713	0.03386	0.00453	0.00394	0.00127	0.00460	0.01714	0.00206	0.00438
20	0.01602	0.00825	0.08577	0.00744	0.01066	0.00669	0.00661	0.11532	0.01156	0.66943	0.01366	0.01214	0.00871	0.00463	0.00383	0.00118	0.00360	0.00371	0.00435	0.00645
21	0.00489	0.00349	0.00470	0.00555	0.00588	0.00330	0.00391	0.00573	0.00763	0.01016	0.04308	0.73222	0.02522	0.01171	0.00494	0.00158	0.00239	0.11688	0.00357	0.00318
22	0.63434	0.19604	0.04598	0.00578	0.00848	0.03539	0.00522	0.01148	0.00700	0.01496	0.00542	0.00631	0.00437	0.00351	0.00248	0.00110	0.00345	0.00212	0.00217	0.00440
23	0.00807	0.00384	0.00406	0.00387	0.00495	0.00376	0.00295	0.00983	0.00831	0.09023	0.01275	0.01418	0.00980	0.00449	0.00279	0.00092	0.00192	0.00360	0.80584	0.00384
24	0.00994	0.75152	0.11073	0.00730	0.01086	0.01434	0.02943	0.01158	0.00786	0.00945	0.00557	0.00648	0.00494	0.00332	0.00265	0.00088	0.00434	0.00220	0.00165	0.00501
25	0.00543	0.00379	0.00489	0.00545	0.00579	0.00373	0.00390	0.00619	0.00712	0.00943	0.01749	0.32134	0.02008	0.30589	0.03282	0.00248	0.00332	0.23481	0.00308	0.00297
26	0.00478	0.00364	0.00444	0.00502	0.00568	0.00329	0.00361	0.00567	0.00798	0.01016	0.02720	0.48905	0.30797	0.01106	0.00481	0.00149	0.00226	0.09512	0.00356	0.00320
27	0.00530	0.00391	0.00495	0.00469	0.00565	0.00356	0.00352	0.00699	0.01055	0.01466	0.72495	0.02982	0.15098	0.00811	0.00452	0.00122	0.00183	0.00710	0.00413	0.00356
28	0.00839	0.00839	0.01174	0.01007	0.01007	0.01174	0.00839	0.00923	0.00587	0.00923	0.00503	0.00839	0.00503	0.00671	0.01258	0.00168	0.85823	0.00336	0.00168	0.00419
29	0.00548	0.00411	0.00616	0.00616	0.00685	0.00479	0.00479	0.00685	0.00616	0.00890	0.01027	0.01506	0.00959	0.02876	0.85006	0.00616	0.01027	0.00411	0.00205	0.00342
30	0.34649	0.00686	0.00767	0.00615	0.00889	0.00675	0.00508	0.01590	0.00930	0.53290	0.01144	0.01048	0.00748	0.00430	0.00330	0.00119	0.00315	0.00319	0.00385	0.00563
31	0.00839	0.00839	0.01174	0.01007	0.01007	0.01174	0.00839	0.00923	0.00587	0.00923	0.00503	0.00839	0.00503	0.00671	0.01258	0.00168	0.85823	0.00336	0.00168	0.00419
32	0.01458	0.01074	0.01151	0.00882	0.01189	0.01189	0.00729	0.82855	0.01803	0.02416	0.00921	0.00921	0.00652	0.00460	0.00384	0.00115	0.00422	0.00345	0.00384	0.00652
33	0.00715	0.00357	0.00357	0.00357	0.00447	0.00357	0.00268	0.00893	0.00804	0.01429	0.01251	0.01429	0.00983	0.00447	0.00268	0.00089	0.00179	0.00357	0.88654	0.00357
34	0.00467	0.00334	0.00445	0.00534	0.00556	0.00311	0.00356	0.00534	0.00734	0.00979	0.02113	0.86275	0.02536	0.01201	0.00489	0.00156	0.00222	0.01090	0.00356	0.00311
35	0.00497	0.00390	0.00449	0.00434	0.00545	0.00342	0.00325	0.00634	0.00976	0.01279	0.42678	0.03290	0.45032	0.00880	0.00453	0.00125	0.00188	0.00753	0.00388	0.00342
36	0.00795	0.00681	0.00795	0.00568	0.00909	0.00511	0.00454	0.00965	0.00795	0.01249	0.00681	0.00795	0.00568	0.00284	0.00284	0.00057	0.00284	0.00227	0.00227	0.88869
37	0.00546	0.00428	0.00496	0.00476	0.00585	0.01793	0.00362	0.02005	0.01016	0.01355	0.50478	0.03141	0.30480	0.00848	0.00453	0.00126	0.00206	0.04459	0.00392	0.00355

[dist]
# distance from previous block
# <min> <max>
0	1

[block]
# block no. 5 follows, 71 sequences, length 30
# corresponding to MSA columns:
# 680-709
name=unknown_F
#
# <colnr> <probs for GDERKNQSTAVLIFYWHMCP>
#	G	D	E	R	K	N	Q	S	T	A	V	L	I	F	Y	W	H	M	C	P
0	0.00686	0.00574	0.00841	0.00698	0.00865	0.00555	0.13279	0.07824	0.05968	0.01477	0.44709	0.04528	0.15010	0.00708	0.00444	0.00124	0.00285	0.00638	0.00369	0.00418
1	0.00947	0.00827	0.00852	0.00767	0.00977	0.03431	0.00597	0.03817	0.72784	0.01579	0.04531	0.01548	0.03364	0.00544	0.00395	0.00129	0.00311	0.01632	0.00384	0.00583
2	0.02766	0.01936	0.03848	0.03844	0.24067	0.02959	0.08281	0.15172	0.24385	0.04332	0.01027	0.02039	0.00790	0.00427	0.00384	0.00119	0.00421	0.00377	0.00291	0.02537
3	0.00458	0.00388	0.00396	0.00400	0.00526	0.00326	0.00301	0.00556	0.00871	0.01037	0.03791	0.05859	0.79777	0.00979	0.00456	0.00131	0.00199	0.02868	0.00356	0.00324
4	0.00974	0.00893	0.02768	0.06964	0.67446	0.00883	0.02508	0.01198	0.00872	0.06399	0.00762	0.00968	0.00617	0.00359	0.00400	0.00115	0.02489	0.00342	0.00206	0.02836
5	0.00808	0.00678	0.00775	0.00695	0.00872	0.00747	0.02481	0.01557	0.52729	0.01563	0.28932	0.01935	0.03368	0.00611	0.00413	0.00127	0.00269	0.00527	0.00395	0.00519
6	0.00467	0.00334	0.00445	0.00534	0.00556	0.00311	0.00356	0.00534	0.00734	0.00979	0.02113	0.86275	0.02536	0.01201	0.00489	0.00156	0.00222	0.01090	0.00356	0.00311
7	0.00548	0.00411	0.00616	0.00616	0.00685	0.00479	0.00479	0.00685	0.00616	0.00890	0.01027	0.01506	0.00959	0.02876	0.85006	0.00616	0.01027	0.00411	0.00205	0.00342
8	0.00523	0.00391	0.00486	0.00462	0.00561	0.00354	0.00347	0.00686	0.01040	0.01429	0.66685	0.03042	0.20931	0.00824	0.00452	0.00123	0.00184	0.00718	0.00408	0.00354
9	0.00558	0.00372	0.00418	0.00418	0.00418	0.00372	0.00232	0.00558	0.00558	0.00743	0.01208	0.02509	0.01394	0.86525	0.01952	0.00372	0.00372	0.00558	0.00232	0.00232
10	0.00543	0.00392	0.00513	0.00482	0.00573	0.00362	0.00362	0.00724	0.01085	0.01538	0.83931	0.02864	0.03618	0.00784	0.00452	0.00121	0.00181	0.00693	0.00422	0.00362
11	0.01009	0.32275	0.17605	0.00809	0.01146	0.01176	0.00798	0.12050	0.26749	0.01379	0.00935	0.00947	0.00724	0.00412	0.00332	0.00109	0.00409	0.00310	0.00263	0.00563
12	0.00453	0.00388	0.00388	0.00388	0.00518	0.00324	0.00291	0.00550	0.00874	0.01036	0.03884	0.03690	0.83978	0.00971	0.00453	0.00129	0.00194	0.00809	0.00356	0.00324
13	0.15613	0.04576	0.06199	0.04913	0.04634	0.18122	0.02141	0.26694	0.04002	0.06754	0.00799	0.00866	0.00597	0.00456	0.01916	0.00122	0.00476	0.00302	0.00281	0.00537
14	0.00462	0.00390	0.00400	0.00401	0.00527	0.00328	0.00303	0.00565	0.00884	0.01062	0.07649	0.03666	0.78119	0.00964	0.00455	0.00130	0.00198	0.02811	0.00359	0.00326
15	0.01040	0.77112	0.04740	0.00708	0.01037	0.06725	0.02079	0.01176	0.00802	0.00920	0.00546	0.00634	0.00493	0.00333	0.00260	0.00085	0.00437	0.00214	0.00167	0.00492
16	0.00982	0.01140	0.24919	0.04974	0.04236	0.00884	0.00876	0.11438	0.30345	0.08067	0.02768	0.04489	0.00934	0.00480	0.00384	0.00124	0.00405	0.00396	0.00310	0.01849
17	0.01130	0.11667	0.06827	0.01020	0.06674	0.04016	0.12866	0.23767	0.10579	0.07386	0.01991	0.01036	0.00737	0.00415	0.00370	0.00111	0.00440	0.01512	0.00290	0.07165
18	0.00839	0.00839	0.01174	0.01007	0.01007	0.01174	0.00839	0.00923	0.00587	0.00923	0.00503	0.00839	0.00503	0.00671	0.01258	0.00168	0.85823	0.00336	0.00168	0.00419
19	0.00481	0.00349	0.00445	0.00505	0.00544	0.00323	0.00341	0.00559	0.00776	0.01031	0.11575	0.62386	0.10801	0.07263	0.00587	0.00165	0.00226	0.00978	0.00355	0.00313
20	0.00682	0.00470	0.00567	0.00547	0.00667	0.00455	0.00417	0.02985	0.06768	0.09469	0.16362	0.21565	0.27979	0.00891	0.00481	0.00137	0.03206	0.05582	0.00375	0.00394
21	0.01270	0.05503	0.06322	0.05398	0.17963	0.09258	0.02598	0.05950	0.02917	0.31986	0.01068	0.04377	0.00792	0.00450	0.00397	0.00117	0.02374	0.00371	0.00313	0.00575
22	0.01061	0.00859	0.00914	0.00794	0.01028	0.00979	0.00625	0.15217	0.67453	0.04420	0.01455	0.01343	0.01079	0.00509	0.00389	0.00127	0.00324	0.00418	0.00392	0.00616
23	0.00478	0.00362	0.00438	0.00484	0.00549	0.00326	0.00340	0.00568	0.00817	0.01056	0.11462	0.46081	0.28861	0.03266	0.00512	0.00150	0.00217	0.03353	0.00360	0.00320
24	0.00887	0.01132	0.22785	0.20391	0.17992	0.00883	0.14838	0.05180	0.03276	0.04738	0.02447	0.01049	0.01878	0.00388	0.00392	0.00123	0.00508	0.00364	0.00213	0.00536
25	0.00800	0.02359	0.01159	0.39804	0.24118	0.00807	0.00951	0.02589	0.00819	0.03318	0.00948	0.11364	0.00878	0.00518	0.00434	0.00130	0.03812	0.04503	0.00219	0.00469
26	0.01421	0.01772	0.01091	0.00983	0.01182	0.79365	0.00742	0.05244	0.01109	0.01006	0.00606	0.00705	0.00501	0.00404	0.00367	0.00101	0.02488	0.00253	0.00205	0.00453
27	0.00544	0.00370	0.00418	0.00424	0.00435	0.00364	0.00245	0.00555	0.00593	0.00782	0.01471	0.08415	0.07635	0.74215	0.01738	0.00339	0.00348	0.00613	0.00250	0.00245
28	0.00943	0.06104	0.07383	0.02446	0.06689	0.01604	0.02165	0.02816	0.04913	0.11293	0.04299	0.02264	0.00790	0.00379	0.00344	0.00088	0.01613	0.00310	0.00264	0.43292
29	0.02754	0.04145	0.01184	0.05972	0.10952	0.05836	0.07039	0.23688	0.09426	0.07172	0.04108	0.01042	0.00786	0.00420	0.00384	0.00110	0.01963	0.00348	0.00295	0.12373

[dist]
# distance from previous block
# <min> <max>
0	65

[block]
# block no. 6 follows, 71 sequences, length 22
# corresponding to MSA columns:
# 804-825
name=unknown_G
#
# <colnr> <probs for GDERKNQSTAVLIFYWHMCP>
#	G	D	E	R	K	N	Q	S	T	A	V	L	I	F	Y	W	H	M	C	P
0	0.54042	0.02411	0.04566	0.01888	0.04913	0.03674	0.00544	0.01115	0.01700	0.01509	0.01786	0.00734	0.00518	0.00361	0.00300	0.00108	0.02923	0.00238	0.00228	0.16441
1	0.01065	0.00890	0.01220	0.02516	0.30246	0.00949	0.04488	0.18085	0.27047	0.04954	0.01105	0.03889	0.00868	0.00455	0.00391	0.00122	0.00397	0.00402	0.00309	0.00602
2	0.00859	0.00799	0.01186	0.31060	0.13861	0.00940	0.05224	0.03088	0.23726	0.01229	0.00922	0.01105	0.00720	0.00486	0.01670	0.00138	0.11863	0.00373	0.00240	0.00511
3	0.00469	0.00365	0.00429	0.00475	0.00550	0.00324	0.00339	0.00557	0.00811	0.01023	0.04452	0.43456	0.39472	0.01082	0.00474	0.00144	0.00215	0.04686	0.00357	0.00320
4	0.01651	0.00648	0.00874	0.00677	0.00964	0.00568	0.00557	0.01829	0.03650	0.78624	0.04705	0.01369	0.01059	0.00488	0.00388	0.00119	0.00320	0.00399	0.00470	0.00640
5	0.00596	0.00425	0.00527	0.00556	0.00643	0.00411	0.00414	0.00803	0.08896	0.04316	0.14320	0.38225	0.13882	0.00981	0.00467	0.00145	0.00241	0.11897	0.01886	0.00369
6	0.00546	0.00387	0.00490	0.00467	0.00537	0.00364	0.00331	0.00685	0.00962	0.01351	0.64531	0.02781	0.03096	0.20892	0.00804	0.00179	0.00226	0.00662	0.00378	0.00331
7	0.69562	0.00797	0.00683	0.00580	0.00832	0.00906	0.00478	0.15788	0.00879	0.05588	0.00647	0.00707	0.00482	0.00380	0.00270	0.00118	0.00320	0.00240	0.00274	0.00468
8	0.00954	0.00824	0.00867	0.00780	0.00997	0.00954	0.00607	0.02037	0.83441	0.01604	0.01561	0.01431	0.01170	0.00520	0.00390	0.00130	0.00303	0.00433	0.00390	0.00607
9	0.00461	0.00389	0.00400	0.00397	0.00523	0.00327	0.00298	0.00566	0.00893	0.01081	0.11155	0.03615	0.76679	0.00954	0.00453	0.00129	0.00193	0.00799	0.00362	0.00327
10	0.00905	0.01034	0.02262	0.01616	0.02004	0.00970	0.82741	0.01228	0.00905	0.01228	0.00776	0.01034	0.00582	0.00323	0.00452	0.00129	0.00646	0.00452	0.00194	0.00517
11	0.00558	0.00372	0.00418	0.00418	0.00418	0.00372	0.00232	0.00558	0.00558	0.00743	0.01208	0.02509	0.01394	0.86525	0.01952	0.00372	0.00372	0.00558	0.00232	0.00232
12	0.01127	0.01258	0.00871	0.00789	0.00960	0.49638	0.00596	0.03714	0.01093	0.04386	0.23788	0.01542	0.07568	0.00550	0.00386	0.00108	0.00492	0.00420	0.00287	0.00427
13	0.05987	0.00728	0.00871	0.00665	0.00968	0.03050	0.00543	0.07196	0.01042	0.49868	0.01173	0.01089	0.00786	0.00414	0.00350	0.00101	0.00331	0.00327	0.00382	0.24127
14	0.01304	0.00770	0.00894	0.00743	0.00997	0.00809	0.00595	0.09891	0.40900	0.34685	0.01472	0.01330	0.01027	0.00495	0.00385	0.00123	0.00322	0.00404	0.02230	0.00624
15	0.00481	0.00377	0.00436	0.00464	0.00550	0.00337	0.00332	0.00598	0.02605	0.01092	0.13683	0.34777	0.40846	0.01024	0.00465	0.00138	0.00205	0.00892	0.00365	0.00330
16	0.00903	0.00954	0.01491	0.01183	0.01315	0.05538	0.25086	0.02834	0.00734	0.01047	0.00598	0.00891	0.00529	0.00549	0.00952	0.00152	0.54240	0.00366	0.00182	0.00455
17	0.34275	0.00803	0.00865	0.06530	0.04623	0.00876	0.00604	0.22824	0.03336	0.16486	0.04631	0.00987	0.00753	0.00430	0.00332	0.00119	0.00351	0.00319	0.00324	0.00532
18	0.00591	0.00422	0.00507	0.00510	0.00609	0.00393	0.00374	0.03878	0.03404	0.04799	0.22190	0.31632	0.26065	0.00952	0.00459	0.00136	0.00221	0.02115	0.00379	0.00364
19	0.00915	0.00830	0.01400	0.24954	0.49324	0.00874	0.04772	0.02634	0.02450	0.04688	0.01875	0.02140	0.00670	0.00380	0.00387	0.00120	0.00464	0.00364	0.00209	0.00549
20	0.02659	0.16920	0.14881	0.02453	0.03716	0.00903	0.04160	0.10084	0.01907	0.17043	0.00963	0.01062	0.03113	0.04307	0.00445	0.00118	0.03185	0.00328	0.00269	0.11485
21	0.02782	0.15573	0.07323	0.05304	0.14803	0.01916	0.03245	0.03429	0.07695	0.10032	0.04932	0.02784	0.06679	0.00449	0.00355	0.00107	0.00380	0.00374	0.00266	0.11572

[dist]
# distance from previous block
# <min> <max>
3	50

[block]
# block no. 7 follows, 71 sequences, length 26
# corresponding to MSA columns:
# 876-901
name=unknown_H
#
# <colnr> <probs for GDERKNQSTAVLIFYWHMCP>
#	G	D	E	R	K	N	Q	S	T	A	V	L	I	F	Y	W	H	M	C	P
0	0.39124	0.04706	0.04043	0.05426	0.05638	0.02328	0.02740	0.02307	0.04097	0.02939	0.05498	0.01263	0.00870	0.00457	0.00324	0.00118	0.00350	0.08838	0.00257	0.08677
1	0.00527	0.00384	0.00500	0.00519	0.00567	0.00398	0.00366	0.00608	0.00660	0.00888	0.01651	0.16921	0.11531	0.27002	0.32646	0.00390	0.00569	0.03305	0.00263	0.00303
2	0.03933	0.08103	0.07500	0.06485	0.15235	0.06306	0.00775	0.06632	0.05625	0.01185	0.03185	0.01183	0.00815	0.01154	0.25466	0.00265	0.03759	0.01699	0.00224	0.00472
3	0.00648	0.00432	0.00520	0.00492	0.00615	0.00391	0.00369	0.00822	0.04331	0.08800	0.32051	0.15391	0.24585	0.00825	0.00435	0.00125	0.00212	0.00713	0.04783	0.03461
4	0.00639	0.00511	0.00563	0.00541	0.00669	0.00513	0.00405	0.05597	0.18006	0.01272	0.13006	0.14823	0.32422	0.06504	0.00542	0.00149	0.00248	0.02827	0.00365	0.00399
5	0.00623	0.00483	0.00567	0.00488	0.00665	0.00406	0.00375	0.00791	0.02397	0.03632	0.33587	0.02491	0.27057	0.00693	0.00404	0.00106	0.00219	0.00590	0.00351	0.24071
6	0.00795	0.00681	0.00795	0.00568	0.00909	0.00511	0.00454	0.00965	0.00795	0.01249	0.00681	0.00795	0.00568	0.00284	0.00284	0.00057	0.00284	0.00227	0.00227	0.88869
7	0.00880	0.00985	0.02108	0.13278	0.02092	0.00953	0.71399	0.01194	0.00886	0.01194	0.00763	0.01033	0.00572	0.00332	0.00443	0.00129	0.00628	0.00437	0.00191	0.00504
8	0.00792	0.00566	0.00615	0.00541	0.00720	0.00549	0.00424	0.14031	0.08912	0.09420	0.09680	0.02731	0.47962	0.00783	0.00429	0.00125	0.00253	0.00648	0.00381	0.00438
9	0.01056	0.00759	0.01174	0.09391	0.38067	0.00765	0.00899	0.06262	0.02243	0.18393	0.01142	0.03093	0.00973	0.00514	0.00408	0.00127	0.00409	0.13478	0.00291	0.00556
10	0.00795	0.00681	0.00795	0.00568	0.00909	0.00511	0.00454	0.00965	0.00795	0.01249	0.00681	0.00795	0.00568	0.00284	0.00284	0.00057	0.00284	0.00227	0.00227	0.88869
11	0.00467	0.00334	0.00445	0.00534	0.00556	0.00311	0.00356	0.00534	0.00734	0.00979	0.02113	0.86275	0.02536	0.01201	0.00489	0.00156	0.00222	0.01090	0.00356	0.00311
12	0.01458	0.01074	0.01151	0.00882	0.01189	0.01189	0.00729	0.82855	0.01803	0.02416	0.00921	0.00921	0.00652	0.00460	0.00384	0.00115	0.00422	0.00345	0.00384	0.00652
13	0.00874	0.00810	0.01262	0.11050	0.47801	0.00773	0.00928	0.01086	0.00836	0.01221	0.00704	0.00907	0.00584	0.00327	0.00349	0.00097	0.00406	0.00304	0.00200	0.29484
14	0.89233	0.00741	0.00564	0.00504	0.00741	0.00860	0.00415	0.01127	0.00653	0.01720	0.00534	0.00623	0.00415	0.00356	0.00237	0.00119	0.00297	0.00208	0.00237	0.00415
15	0.00769	0.01983	0.84538	0.01093	0.01659	0.00890	0.01417	0.01214	0.00810	0.01214	0.00688	0.00810	0.00486	0.00364	0.00364	0.00121	0.00567	0.00283	0.00162	0.00567
16	0.00520	0.00396	0.00447	0.00432	0.00551	0.00343	0.00325	0.00647	0.00950	0.03571	0.31404	0.05219	0.52033	0.00898	0.00452	0.00127	0.00194	0.00764	0.00382	0.00346
17	0.00467	0.00334	0.00445	0.00534	0.00556	0.00311	0.00356	0.00534	0.00734	0.00979	0.02113	0.86275	0.02536	0.01201	0.00489	0.00156	0.00222	0.01090	0.00356	0.00311
18	0.89233	0.00741	0.00564	0.00504	0.00741	0.00860	0.00415	0.01127	0.00653	0.01720	0.00534	0.00623	0.00415	0.00356	0.00237	0.00119	0.00297	0.00208	0.00237	0.00415
19	0.00715	0.00357	0.00357	0.00357	0.00447	0.00357	0.00268	0.00893	0.00804	0.01429	0.01251	0.01429	0.00983	0.00447	0.00268	0.00089	0.00179	0.00357	0.88654	0.00357
20	0.00954	0.00824	0.00867	0.00780	0.00997	0.00954	0.00607	0.02037	0.83441	0.01604	0.01561	0.01431	0.01170	0.00520	0.00390	0.00130	0.00303	0.00433	0.00390	0.00607
21	0.01527	0.00963	0.01082	0.00829	0.01133	0.01024	0.00685	0.61452	0.01616	0.24083	0.01077	0.01022	0.00731	0.00464	0.00384	0.00116	0.00397	0.00356	0.00408	0.00652
22	0.00925	0.00826	0.09013	0.00701	0.01060	0.00584	0.05762	0.01129	0.00844	0.12540	0.00801	0.00881	0.00613	0.00320	0.00316	0.00076	0.00340	0.00268	0.00252	0.62748
23	0.02786	0.02963	0.01250	0.42423	0.14879	0.05847	0.07347	0.02772	0.04408	0.03047	0.02290	0.02393	0.00671	0.00478	0.02801	0.00137	0.02461	0.00363	0.00207	0.00476
24	0.00477	0.00345	0.00451	0.00532	0.00565	0.00321	0.00365	0.00551	0.00750	0.00989	0.02216	0.73833	0.08236	0.02808	0.00517	0.00159	0.00231	0.05985	0.00353	0.00313
25	0.05746	0.17615	0.03624	0.02813	0.07879	0.12721	0.02617	0.17142	0.04174	0.08711	0.02237	0.00891	0.00659	0.00404	0.00368	0.00105	0.03409	0.00300	0.00264	0.08322

[dist]
# distance from previous block
# <min> <max>
0	23

[block]
# block no. 8 follows, 71 sequences, length 6
# corresponding to MSA columns:
# 925-930
name=unknown_I
#
# <colnr> <probs for GDERKNQSTAVLIFYWHMCP>
#	G	D	E	R	K	N	Q	S	T	A	V	L	I	F	Y	W	H	M	C	P
0	0.09256	0.20893	0.08854	0.04264	0.03242	0.03865	0.14648	0.04789	0.02390	0.05074	0.03544	0.00907	0.00655	0.00423	0.00485	0.00119	0.13940	0.00321	0.00217	0.02116
1	0.00653	0.00508	0.00623	0.00556	0.00697	0.03144	0.04601	0.00818	0.02989	0.06299	0.28564	0.02728	0.30442	0.05368	0.05097	0.00163	0.00301	0.02682	0.00353	0.03414
2	0.01019	0.61799	0.04206	0.00775	0.04806	0.01324	0.00697	0.05615	0.00838	0.04175	0.00696	0.05745	0.00644	0.00416	0.00347	0.00098	0.05811	0.00289	0.00200	0.00499
3	0.06053	0.00550	0.00719	0.00626	0.00827	0.00508	0.00505	0.01345	0.00944	0.46307	0.01663	0.13172	0.05084	0.00830	0.06595	0.00166	0.00354	0.09762	0.03481	0.00511
4	0.00536	0.00417	0.00500	0.00539	0.00635	0.00394	0.00418	0.00713	0.06078	0.01108	0.05933	0.24097	0.33338	0.01016	0.00479	0.00148	0.00251	0.22694	0.00360	0.00348
5	0.00489	0.00369	0.00454	0.00489	0.00562	0.00334	0.00353	0.00598	0.00866	0.01137	0.22041	0.38174	0.26179	0.01028	0.00472	0.00141	0.00212	0.05398	0.00372	0.00329

[dist]
# distance from previous block
# <min> <max>
0	3

[block]
# block no. 9 follows, 71 sequences, length 54
# corresponding to MSA columns:
# 934-987
name=unknown_J
#
# <colnr> <probs for GDERKNQSTAVLIFYWHMCP>
#	G	D	E	R	K	N	Q	S	T	A	V	L	I	F	Y	W	H	M	C	P
0	0.00555	0.00405	0.00590	0.00590	0.00653	0.00466	0.00450	0.00681	0.00618	0.00896	0.01051	0.01592	0.00998	0.10129	0.74709	0.00576	0.00939	0.00422	0.03349	0.00333
1	0.00475	0.00362	0.00437	0.00475	0.00546	0.00324	0.00335	0.00572	0.00842	0.01094	0.16793	0.43642	0.30616	0.01051	0.00471	0.00141	0.00206	0.00926	0.00367	0.00324
2	0.87173	0.00739	0.00571	0.00508	0.00747	0.00853	0.00419	0.01145	0.00663	0.03667	0.00557	0.00639	0.00428	0.00359	0.00241	0.00119	0.00297	0.00212	0.00243	0.00421
3	0.01025	0.86756	0.02009	0.00656	0.00984	0.01517	0.00656	0.01148	0.00779	0.00902	0.00533	0.00615	0.00492	0.00328	0.00246	0.00082	0.00410	0.00205	0.00164	0.00492
4	0.89233	0.00741	0.00564	0.00504	0.00741	0.00860	0.00415	0.01127	0.00653	0.01720	0.00534	0.00623	0.00415	0.00356	0.00237	0.00119	0.00297	0.00208	0.00237	0.00415
5	0.00724	0.00681	0.01150	0.85604	0.02641	0.00852	0.01065	0.00980	0.00767	0.00980	0.00681	0.01022	0.00511	0.00383	0.00383	0.00128	0.00511	0.00341	0.00170	0.00426
6	0.00558	0.00372	0.00418	0.00418	0.00418	0.00372	0.00232	0.00558	0.00558	0.00743	0.01208	0.02509	0.01394	0.86525	0.01952	0.00372	0.00372	0.00558	0.00232	0.00232
7	0.00839	0.00839	0.01174	0.01007	0.01007	0.01174	0.00839	0.00923	0.00587	0.00923	0.00503	0.00839	0.00503	0.00671	0.01258	0.00168	0.85823	0.00336	0.00168	0.00419
8	0.00471	0.00336	0.00449	0.00538	0.00562	0.00314	0.00362	0.00540	0.00737	0.00983	0.02111	0.84403	0.02528	0.01198	0.00490	0.00156	0.00225	0.02928	0.00356	0.00312
9	0.00769	0.01983	0.84538	0.01093	0.01659	0.00890	0.01417	0.01214	0.00810	0.01214	0.00688	0.00810	0.00486	0.00364	0.00364	0.00121	0.00567	0.00283	0.00162	0.00567
10	0.01473	0.01050	0.01136	0.00871	0.01177	0.01153	0.00719	0.78177	0.01762	0.07151	0.00955	0.00943	0.00669	0.00461	0.00384	0.00115	0.00416	0.00348	0.00389	0.00652
11	0.01110	0.00567	0.00686	0.00567	0.00787	0.00506	0.00454	0.07915	0.01059	0.38363	0.06212	0.02320	0.35238	0.00689	0.00415	0.00122	0.00272	0.00569	0.00412	0.01736
12	0.00626	0.00459	0.00666	0.00733	0.00830	0.00457	0.03045	0.00807	0.00883	0.01150	0.01993	0.04228	0.02159	0.01037	0.00527	0.00175	0.00362	0.79155	0.00348	0.00358
13	0.00453	0.00388	0.00388	0.00388	0.00518	0.00324	0.00291	0.00550	0.00874	0.01036	0.03884	0.03690	0.83978	0.00971	0.00453	0.00129	0.00194	0.00809	0.00356	0.00324
14	0.01122	0.00787	0.01128	0.00928	0.01038	0.00972	0.04053	0.01236	0.00762	0.27485	0.00835	0.00995	0.00648	0.00595	0.00948	0.00151	0.55197	0.00356	0.00266	0.00498
15	0.01432	0.01827	0.01087	0.00988	0.01185	0.84986	0.00741	0.01531	0.01087	0.00938	0.00593	0.00691	0.00494	0.00395	0.00346	0.00099	0.00691	0.00247	0.00198	0.00444
16	0.00812	0.00691	0.00804	0.00576	0.00916	0.00528	0.00461	0.03004	0.00820	0.01278	0.00687	0.00798	0.00570	0.00288	0.00286	0.00058	0.00287	0.00230	0.00231	0.86673
