[name]
unknown

[dist]
# distance from previous block
# <min> <max>
0	202

[block]
# block no. 0 follows, 76 sequences, length 23
# corresponding to MSA columns:
# 301-323
name=unknown_A
#
# <colnr> <probs for GDERKNQSTAVLIFYWHMCP>
#	G	D	E	R	K	N	Q	S	T	A	V	L	I	F	Y	W	H	M	C	P
0	0.18937	0.04917	0.06633	0.12931	0.07558	0.03885	0.09786	0.03950	0.00752	0.02748	0.00678	0.02153	0.00567	0.00528	0.04888	0.00142	0.12571	0.01640	0.00200	0.04535
1	0.10677	0.07647	0.02472	0.08212	0.12665	0.15341	0.12603	0.13105	0.02432	0.03604	0.00714	0.02067	0.00571	0.00438	0.02419	0.00122	0.03892	0.00314	0.00222	0.00484
2	0.01395	0.06331	0.02026	0.24698	0.05027	0.07049	0.05745	0.07430	0.02263	0.01609	0.03519	0.01300	0.02566	0.16105	0.01857	0.00165	0.07648	0.00989	0.01871	0.00404
3	0.00993	0.64831	0.03664	0.00623	0.00923	0.02581	0.00599	0.01118	0.00764	0.08407	0.00631	0.00735	0.00546	0.03805	0.00317	0.00091	0.00377	0.00227	0.00190	0.08578
4	0.00590	0.00445	0.00559	0.00528	0.00573	0.02033	0.02844	0.03943	0.00647	0.00877	0.05873	0.08549	0.01337	0.47234	0.17526	0.01728	0.03670	0.00521	0.00235	0.00286
5	0.04537	0.01082	0.16169	0.02431	0.02307	0.03019	0.00762	0.40852	0.15950	0.01756	0.02874	0.00997	0.00737	0.01720	0.00410	0.02806	0.00400	0.00334	0.00303	0.00552
6	0.03680	0.07480	0.12923	0.01974	0.01956	0.05982	0.00640	0.08705	0.00798	0.08140	0.02182	0.03214	0.00788	0.05654	0.24052	0.06847	0.03991	0.00351	0.00227	0.00415
7	0.00513	0.00448	0.05515	0.00568	0.00650	0.00361	0.03061	0.00614	0.00734	0.03498	0.02021	0.65473	0.09929	0.01019	0.00451	0.00142	0.00248	0.04103	0.00325	0.00328
8	0.03051	0.03956	0.01015	0.02594	0.16565	0.04122	0.05609	0.04720	0.03542	0.09244	0.12335	0.01280	0.05779	0.00446	0.00401	0.00102	0.05560	0.00373	0.00265	0.19042
9	0.00458	0.00327	0.00439	0.00523	0.00550	0.00308	0.00363	0.00532	0.00710	0.00944	0.01995	0.78432	0.02372	0.01125	0.00468	0.00150	0.00224	0.09445	0.00337	0.00299
10	0.00875	0.00894	0.05383	0.08739	0.74610	0.00858	0.01118	0.01103	0.00817	0.01165	0.00679	0.00899	0.00563	0.00328	0.00359	0.00109	0.00441	0.00321	0.00177	0.00560
11	0.03705	0.07011	0.11320	0.00728	0.05135	0.01989	0.01597	0.05544	0.00830	0.07800	0.00794	0.06253	0.00671	0.00367	0.00307	0.00083	0.00336	0.00298	0.00235	0.44999
12	0.06824	0.71934	0.03865	0.00651	0.00951	0.08899	0.00632	0.01121	0.00757	0.00917	0.00514	0.00595	0.00462	0.00319	0.00244	0.00082	0.00409	0.00200	0.00163	0.00459
13	0.03830	0.00775	0.01117	0.00941	0.00979	0.01040	0.06511	0.00897	0.00591	0.00945	0.00540	0.00839	0.00509	0.00622	0.02280	0.00157	0.71910	0.00324	0.04792	0.00400
14	0.01133	0.07105	0.14856	0.03441	0.01772	0.02505	0.10596	0.02495	0.05181	0.34427	0.02234	0.01129	0.00782	0.04719	0.03033	0.00139	0.03275	0.00354	0.00298	0.00526
15	0.01193	0.08492	0.05443	0.00818	0.01065	0.24655	0.01871	0.30332	0.07776	0.05765	0.00902	0.06886	0.00745	0.01973	0.00376	0.00111	0.00453	0.00350	0.00284	0.00511
16	0.00679	0.00628	0.01037	0.69737	0.06486	0.00768	0.00928	0.00892	0.00713	0.00927	0.00741	0.05509	0.00636	0.05357	0.00481	0.00136	0.03401	0.00371	0.00175	0.00396
17	0.00789	0.00667	0.00773	0.00555	0.00876	0.00521	0.00445	0.05631	0.00808	0.01247	0.00659	0.00760	0.00543	0.00279	0.00275	0.00057	0.00277	0.00222	0.00224	0.84391
18	0.00456	0.00336	0.00418	0.00474	0.00518	0.00309	0.00325	0.00528	0.00730	0.00951	0.06151	0.56708	0.18698	0.07948	0.00568	0.00158	0.00219	0.03880	0.00331	0.00295
19	0.00622	0.00329	0.00494	0.02380	0.00530	0.00337	0.00339	0.00497	0.00488	0.00655	0.00667	0.01151	0.00662	0.03075	0.07534	0.79208	0.00368	0.00325	0.00162	0.00177
20	0.00457	0.00370	0.00406	0.00401	0.00512	0.00320	0.00302	0.00573	0.00884	0.01117	0.26188	0.03295	0.60106	0.00873	0.00431	0.00122	0.00184	0.02785	0.00355	0.00318
21	0.01208	0.24369	0.04005	0.00786	0.01044	0.29172	0.00669	0.21450	0.03228	0.05767	0.02613	0.00804	0.00621	0.00388	0.00315	0.00096	0.00468	0.00271	0.02229	0.00496
22	0.08208	0.06010	0.02571	0.02569	0.00868	0.00581	0.00477	0.00896	0.00710	0.01133	0.00685	0.00856	0.00586	0.00724	0.15681	0.00159	0.00415	0.00247	0.00206	0.56417

[dist]
# distance from previous block
# <min> <max>
4	12

[block]
# block no. 1 follows, 76 sequences, length 43
# corresponding to MSA columns:
# 340-382
name=unknown_B
#
# <colnr> <probs for GDERKNQSTAVLIFYWHMCP>
#	G	D	E	R	K	N	Q	S	T	A	V	L	I	F	Y	W	H	M	C	P
0	0.00463	0.00387	0.00406	0.00399	0.00519	0.00340	0.00300	0.00605	0.04466	0.01056	0.13229	0.03258	0.68776	0.02015	0.02050	0.00133	0.00204	0.00728	0.00342	0.00322
1	0.00456	0.00326	0.00435	0.00508	0.00539	0.00305	0.00349	0.00535	0.00735	0.00987	0.10210	0.74963	0.02492	0.01093	0.00462	0.00145	0.00212	0.04600	0.00343	0.00302
2	0.00729	0.01880	0.85344	0.01036	0.01573	0.00844	0.01343	0.01151	0.00767	0.01151	0.00652	0.00767	0.00460	0.00345	0.00345	0.00115	0.00537	0.00269	0.00153	0.00537
3	0.05943	0.00905	0.00979	0.00814	0.03892	0.04483	0.00640	0.45101	0.11291	0.17392	0.03140	0.01021	0.00779	0.00444	0.00368	0.00112	0.01414	0.00342	0.00358	0.00582
4	0.00528	0.00353	0.00402	0.00402	0.00404	0.00355	0.00227	0.00532	0.00530	0.00709	0.01140	0.02351	0.01309	0.84754	0.04306	0.00359	0.00371	0.00524	0.00219	0.00223
5	0.01259	0.00948	0.01059	0.05404	0.02907	0.06378	0.00709	0.48768	0.01325	0.11719	0.00860	0.02188	0.00639	0.00469	0.00489	0.00117	0.13553	0.00335	0.00316	0.00555
6	0.00793	0.00694	0.03157	0.00646	0.03960	0.00530	0.02244	0.00965	0.00770	0.04498	0.01669	0.00807	0.00585	0.00294	0.00302	0.00064	0.01967	0.00238	0.00222	0.75596
7	0.00604	0.03424	0.00577	0.00551	0.00633	0.02259	0.00400	0.09892	0.02943	0.01083	0.01833	0.52996	0.09738	0.03977	0.07137	0.00178	0.00311	0.00801	0.00317	0.00348
8	0.01428	0.00619	0.00821	0.00682	0.03921	0.00564	0.00522	0.07650	0.01009	0.63912	0.01324	0.01361	0.00927	0.12864	0.00578	0.00146	0.00327	0.00384	0.00401	0.00560
9	0.01844	0.05682	0.33785	0.06022	0.19520	0.00839	0.01005	0.07718	0.02380	0.06737	0.00732	0.00844	0.00548	0.00348	0.00337	0.00104	0.00440	0.00287	0.00208	0.10619
10	0.03448	0.00926	0.04766	0.08057	0.01735	0.00871	0.58927	0.01124	0.02957	0.01995	0.00808	0.01025	0.02701	0.00376	0.01427	0.00126	0.04209	0.00402	0.00194	0.03928
11	0.01539	0.00598	0.00814	0.00631	0.00896	0.00518	0.00518	0.01682	0.01039	0.78325	0.08286	0.01359	0.01108	0.00474	0.00371	0.00113	0.00298	0.00389	0.00446	0.00596
12	0.00860	0.00955	0.06380	0.02818	0.02599	0.00872	0.57530	0.05221	0.09000	0.02433	0.00964	0.04214	0.03541	0.00387	0.00414	0.00122	0.00529	0.00443	0.00223	0.00495
13	0.00979	0.78311	0.04015	0.02847	0.01000	0.06007	0.00655	0.01106	0.00755	0.00867	0.00516	0.00602	0.00467	0.00317	0.00245	0.00081	0.00410	0.00202	0.00157	0.00464
14	0.00520	0.00349	0.00399	0.00407	0.00410	0.00347	0.00232	0.00526	0.00545	0.00727	0.01231	0.10854	0.01430	0.78603	0.01711	0.00332	0.00338	0.00579	0.00232	0.00228
15	0.00443	0.00316	0.00422	0.00506	0.00527	0.00295	0.00337	0.00506	0.00696	0.00928	0.02003	0.86990	0.02404	0.01139	0.00464	0.00148	0.00211	0.01033	0.00337	0.00295
16	0.00567	0.00467	0.00510	0.00482	0.00614	0.00459	0.00366	0.00904	0.20758	0.01246	0.26350	0.02764	0.41608	0.00768	0.00415	0.00120	0.00205	0.00651	0.00363	0.00381
17	0.03798	0.00820	0.00841	0.00722	0.00950	0.09070	0.00569	0.01808	0.47292	0.28012	0.01347	0.01227	0.00959	0.00463	0.00360	0.00117	0.00330	0.00373	0.00373	0.00569
18	0.00439	0.00369	0.00382	0.00378	0.00497	0.00311	0.00284	0.00541	0.00852	0.01037	0.13049	0.03407	0.75411	0.00900	0.00429	0.00122	0.00183	0.00754	0.00345	0.00311
19	0.03893	0.00685	0.00875	0.00673	0.00954	0.00637	0.00556	0.15007	0.01137	0.69622	0.01319	0.01161	0.00841	0.00445	0.00362	0.00112	0.00323	0.00355	0.00430	0.00613
20	0.00729	0.01880	0.85344	0.01036	0.01573	0.00844	0.01343	0.01151	0.00767	0.01151	0.00652	0.00767	0.00460	0.00345	0.00345	0.00115	0.00537	0.00269	0.00153	0.00537
21	0.00754	0.00646	0.00754	0.00538	0.00861	0.00484	0.00431	0.00915	0.00754	0.01184	0.00646	0.00754	0.00538	0.00269	0.00269	0.00054	0.00269	0.00215	0.00215	0.89449
22	0.00586	0.00522	0.00873	0.01795	0.04562	0.00487	0.18505	0.00759	0.00885	0.01197	0.31724	0.15952	0.15491	0.00729	0.00434	0.00125	0.00298	0.04385	0.00317	0.00372
23	0.01382	0.01018	0.01091	0.00836	0.01127	0.01127	0.00691	0.83748	0.01709	0.02291	0.00873	0.00873	0.00618	0.00436	0.00364	0.00109	0.00400	0.00327	0.00364	0.00618
24	0.00686	0.00646	0.01090	0.86353	0.02503	0.00807	0.01009	0.00929	0.00727	0.00929	0.00646	0.00969	0.00484	0.00363	0.00363	0.00121	0.00484	0.00323	0.00161	0.00404
25	0.00748	0.00637	0.00740	0.00548	0.00845	0.00507	0.00436	0.00979	0.07357	0.01231	0.06815	0.00943	0.00793	0.00321	0.00289	0.00064	0.00264	0.00263	0.00241	0.75980
26	0.01120	0.00870	0.03664	0.00922	0.07836	0.01852	0.05585	0.29537	0.20403	0.12759	0.02371	0.03538	0.03942	0.00479	0.00402	0.00117	0.03310	0.00395	0.00334	0.00561
27	0.00697	0.00603	0.00774	0.00743	0.04333	0.05281	0.02814	0.00772	0.00629	0.03333	0.00978	0.11755	0.01040	0.26956	0.12702	0.00266	0.25293	0.00477	0.00215	0.00340
28	0.00469	0.00364	0.00433	0.00471	0.00555	0.00328	0.00358	0.00573	0.00807	0.01020	0.08456	0.26686	0.40399	0.00985	0.00453	0.00138	0.00220	0.16633	0.00341	0.00311
29	0.00784	0.00805	0.03130	0.00936	0.00949	0.01079	0.00788	0.00869	0.00561	0.00875	0.00506	0.00852	0.00507	0.03776	0.01196	0.00165	0.81342	0.00325	0.00161	0.00395
30	0.00729	0.01880	0.85344	0.01036	0.01573	0.00844	0.01343	0.01151	0.00767	0.01151	0.00652	0.00767	0.00460	0.00345	0.00345	0.00115	0.00537	0.00269	0.00153	0.00537
31	0.00520	0.00387	0.00570	0.00570	0.00630	0.00447	0.00437	0.00640	0.00580	0.00833	0.00987	0.01500	0.00940	0.09135	0.79420	0.00567	0.00926	0.00400	0.00197	0.00317
32	0.00962	0.00788	0.01311	0.26034	0.28602	0.00827	0.12307	0.06058	0.05437	0.12809	0.00838	0.01001	0.00622	0.00366	0.00372	0.00115	0.00445	0.00349	0.00234	0.00523
33	0.00441	0.00340	0.00401	0.00446	0.00510	0.00302	0.00310	0.00517	0.00754	0.00957	0.04677	0.48754	0.36147	0.03079	0.00482	0.00141	0.00202	0.00903	0.00336	0.00299
34	0.00937	0.00827	0.00838	0.00751	0.00958	0.04386	0.00584	0.04335	0.78447	0.01517	0.01424	0.01313	0.01069	0.00487	0.00368	0.00122	0.00306	0.00401	0.00362	0.00570
35	0.04980	0.00709	0.02852	0.00762	0.07709	0.00635	0.00573	0.06643	0.10084	0.30849	0.03570	0.01148	0.01719	0.00411	0.00338	0.00098	0.00311	0.01791	0.00329	0.24488
36	0.00725	0.00695	0.00882	0.00786	0.00840	0.06667	0.00635	0.00828	0.00610	0.00879	0.00685	0.01038	0.00651	0.02347	0.32776	0.00310	0.43057	0.00336	0.00178	0.05073
37	0.01382	0.01018	0.01091	0.00836	0.01127	0.01127	0.00691	0.83748	0.01709	0.02291	0.00873	0.00873	0.00618	0.00436	0.00364	0.00109	0.00400	0.00327	0.00364	0.00618
38	0.00443	0.00316	0.00422	0.00506	0.00527	0.00295	0.00337	0.00506	0.00696	0.00928	0.02003	0.86990	0.02404	0.01139	0.00464	0.00148	0.00211	0.01033	0.00337	0.00295
39	0.00544	0.00423	0.00632	0.00606	0.00668	0.00489	0.02778	0.00660	0.00583	0.00837	0.00962	0.01503	0.00928	0.13288	0.68253	0.00519	0.05405	0.00404	0.00196	0.00320
40	0.01622	0.00632	0.00852	0.00653	0.00934	0.00554	0.00539	0.04509	0.01063	0.82443	0.01415	0.01225	0.00890	0.00449	0.00365	0.00112	0.00312	0.00364	0.00447	0.00619
41	0.04642	0.00621	0.00833	0.00641	0.00920	0.00544	0.00529	0.01747	0.01026	0.82357	0.01402	0.01215	0.00882	0.00446	0.00361	0.00112	0.00308	0.00360	0.00442	0.00611
42	0.00560	0.00383	0.00501	0.00475	0.00568	0.00353	0.00362	0.00726	0.01006	0.04885	0.72700	0.04745	0.05514	0.00759	0.00431	0.00118	0.00187	0.04981	0.00395	0.00352

[dist]
# distance from previous block
# <min> <max>
0	1

[block]
# block no. 2 follows, 76 sequences, length 11
# corresponding to MSA columns:
# 384-394
name=unknown_C
#
# <colnr> <probs for GDERKNQSTAVLIFYWHMCP>
#	G	D	E	R	K	N	Q	S	T	A	V	L	I	F	Y	W	H	M	C	P
0	0.01399	0.00990	0.01073	0.00823	0.01113	0.01086	0.00680	0.78025	0.01662	0.08080	0.00912	0.00898	0.00638	0.00437	0.00364	0.00109	0.00394	0.00330	0.00370	0.00618
1	0.00645	0.00402	0.00517	0.00470	0.00585	0.00363	0.00359	0.00803	0.01006	0.11963	0.64344	0.02624	0.13060	0.00728	0.00421	0.00115	0.00190	0.00634	0.00399	0.00373
2	0.89794	0.00703	0.00534	0.00478	0.00703	0.00815	0.00394	0.01068	0.00619	0.01631	0.00506	0.00590	0.00394	0.00337	0.00225	0.00112	0.00281	0.00197	0.00225	0.00394
3	0.00473	0.00344	0.00464	0.00530	0.00549	0.00343	0.00362	0.00525	0.00676	0.00909	0.01842	0.77448	0.02198	0.01116	0.00557	0.04928	0.05168	0.00954	0.00318	0.00294
4	0.00903	0.05955	0.22611	0.03698	0.02592	0.02733	0.14609	0.11481	0.24911	0.01359	0.00951	0.03149	0.00734	0.00417	0.00383	0.00117	0.02250	0.00361	0.00253	0.00531
5	0.03678	0.00784	0.04418	0.00752	0.05755	0.00735	0.00579	0.04299	0.36708	0.01381	0.01010	0.01021	0.00781	0.00380	0.00323	0.00093	0.00303	0.00311	0.00283	0.36409
6	0.08296	0.14030	0.17276	0.02553	0.11650	0.09535	0.18933	0.02613	0.03218	0.02800	0.00699	0.02636	0.00564	0.00361	0.00357	0.00109	0.02160	0.00314	0.00194	0.01703
7	0.00935	0.72384	0.08967	0.00660	0.00973	0.03752	0.00672	0.01079	0.00755	0.00901	0.03351	0.00695	0.00577	0.00395	0.02540	0.00096	0.00417	0.00223	0.00165	0.00463
8	0.00434	0.00365	0.00376	0.00380	0.00495	0.00308	0.00282	0.00528	0.00829	0.00998	0.06933	0.08167	0.76814	0.00925	0.00431	0.00124	0.00185	0.00778	0.00340	0.00308
9	0.00442	0.00359	0.00393	0.00405	0.00504	0.00309	0.00296	0.00539	0.00828	0.01030	0.13323	0.19285	0.59138	0.00940	0.00436	0.00126	0.00188	0.00804	0.00345	0.00309
10	0.09295	0.05153	0.20220	0.07198	0.01258	0.15797	0.02092	0.16366	0.00989	0.11607	0.00742	0.00820	0.00543	0.00397	0.00389	0.00111	0.05989	0.00285	0.00242	0.00506

[dist]
# distance from previous block
# <min> <max>
0	7

[block]
# block no. 3 follows, 76 sequences, length 56
# corresponding to MSA columns:
# 402-436,439-459
name=unknown_D
#
# <colnr> <probs for GDERKNQSTAVLIFYWHMCP>
#	G	D	E	R	K	N	Q	S	T	A	V	L	I	F	Y	W	H	M	C	P
0	0.00816	0.00786	0.00707	0.00652	0.00802	0.17445	0.00498	0.01267	0.30430	0.01313	0.29389	0.01921	0.07232	0.01822	0.00411	0.00119	0.00317	0.03297	0.00338	0.00436
1	0.00822	0.02319	0.02492	0.03304	0.05503	0.03092	0.00518	0.04166	0.00803	0.05745	0.00840	0.00992	0.03653	0.04185	0.04100	0.00106	0.00342	0.00279	0.00231	0.56509
2	0.00483	0.00356	0.00454	0.00475	0.00545	0.00327	0.00348	0.00607	0.00876	0.01187	0.39754	0.30932	0.14860	0.00918	0.00446	0.00130	0.00198	0.06418	0.00366	0.00321
3	0.00924	0.01883	0.00815	0.00584	0.00898	0.00573	0.00473	0.09448	0.01701	0.11094	0.00767	0.00826	0.00593	0.00310	0.00290	0.00067	0.00289	0.00246	0.00258	0.67959
4	0.01646	0.19247	0.27386	0.10288	0.08190	0.01957	0.06203	0.01713	0.02198	0.03678	0.00665	0.00795	0.00516	0.00331	0.00319	0.00098	0.00443	0.00270	0.00184	0.13872
5	0.04292	0.01129	0.10440	0.03407	0.02416	0.11756	0.02091	0.43754	0.06563	0.09263	0.00873	0.00892	0.00624	0.00414	0.00354	0.00110	0.00435	0.00315	0.00310	0.00565
6	0.00457	0.00365	0.00408	0.00411	0.00512	0.00318	0.00305	0.00565	0.00858	0.01087	0.22561	0.11300	0.53894	0.02469	0.00460	0.00129	0.00191	0.03045	0.00350	0.00313
7	0.01872	0.00581	0.03297	0.21519	0.09550	0.00566	0.01742	0.00925	0.03749	0.09675	0.14991	0.06156	0.19912	0.00606	0.00393	0.00120	0.00317	0.01917	0.01696	0.00415
8	0.01989	0.14581	0.15244	0.04986	0.06774	0.13526	0.07780	0.16338	0.01960	0.06036	0.04389	0.03293	0.00722	0.00404	0.00345	0.00106	0.00460	0.00327	0.00238	0.00505
9	0.00537	0.00375	0.00460	0.02980	0.00503	0.00381	0.01878	0.00559	0.00549	0.00733	0.01160	0.02280	0.02776	0.77005	0.06110	0.00349	0.00391	0.00518	0.00219	0.00238
10	0.00437	0.00368	0.00379	0.00376	0.00496	0.00310	0.00282	0.00536	0.00847	0.01025	0.11015	0.03427	0.77452	0.00904	0.00429	0.00122	0.00183	0.00757	0.00343	0.00310
11	0.00771	0.00886	0.11949	0.22982	0.16632	0.04625	0.02958	0.01121	0.13646	0.01134	0.05839	0.02401	0.06874	0.00470	0.00413	0.00120	0.04465	0.02018	0.00229	0.00468
12	0.09413	0.13374	0.24037	0.04358	0.05367	0.06776	0.03720	0.14172	0.01603	0.03403	0.02892	0.00969	0.00655	0.00409	0.00366	0.00111	0.03765	0.03891	0.00222	0.00496
13	0.00886	0.00503	0.00606	0.04686	0.00731	0.00524	0.01179	0.10218	0.02950	0.13468	0.03565	0.01323	0.00933	0.04581	0.03408	0.04516	0.02903	0.00361	0.42251	0.00408
14	0.06586	0.00773	0.00804	0.00721	0.00929	0.00892	0.00563	0.01874	0.77546	0.02954	0.01416	0.01305	0.01060	0.00482	0.00361	0.00122	0.00288	0.00396	0.00362	0.00564
15	0.02125	0.01526	0.02240	0.02098	0.14721	0.00655	0.11424	0.09126	0.00907	0.07199	0.10626	0.20327	0.08132	0.00645	0.00449	0.00125	0.04896	0.02045	0.00291	0.00442
16	0.01367	0.00982	0.01072	0.00846	0.02630	0.01078	0.00685	0.74042	0.05120	0.07065	0.00927	0.00915	0.00654	0.00437	0.00364	0.00110	0.00391	0.00333	0.00366	0.00616
17	0.00521	0.00382	0.00546	0.00546	0.00598	0.00434	0.00407	0.00625	0.00573	0.00816	0.01008	0.01619	0.00992	0.19756	0.68870	0.00537	0.00848	0.00417	0.00200	0.00303
18	0.89794	0.00703	0.00534	0.00478	0.00703	0.00815	0.00394	0.01068	0.00619	0.01631	0.00506	0.00590	0.00394	0.00337	0.00225	0.00112	0.00281	0.00197	0.00225	0.00394
19	0.00900	0.00864	0.01475	0.02231	0.84960	0.00864	0.01115	0.01115	0.00828	0.01187	0.00684	0.00900	0.00576	0.00324	0.00360	0.00108	0.00432	0.00324	0.00180	0.00576
20	0.00540	0.00381	0.00473	0.00444	0.00547	0.00342	0.00335	0.00692	0.00982	0.04794	0.62329	0.02838	0.22403	0.00773	0.00426	0.00116	0.00180	0.00671	0.00387	0.00346
21	0.00865	0.00829	0.01413	0.15723	0.71735	0.00855	0.01098	0.01085	0.00811	0.01146	0.00678	0.00911	0.00561	0.00330	0.00360	0.00110	0.00440	0.00324	0.00177	0.00548
22	0.00446	0.00321	0.00424	0.00502	0.00530	0.00299	0.00339	0.00515	0.00712	0.00946	0.04158	0.80118	0.05818	0.01118	0.00462	0.00146	0.00211	0.02299	0.00339	0.00298
23	0.00508	0.00371	0.00477	0.00451	0.00539	0.00340	0.00338	0.00674	0.01014	0.01423	0.78811	0.02772	0.09408	0.00756	0.00429	0.00115	0.00172	0.00665	0.00395	0.00340
24	0.00458	0.00342	0.00451	0.04247	0.00618	0.00324	0.00369	0.00537	0.00721	0.00942	0.02163	0.68580	0.13232	0.01070	0.00457	0.00144	0.00225	0.04487	0.00330	0.00303
25	0.00920	0.00856	0.01426	0.10025	0.68637	0.02756	0.04054	0.01136	0.00833	0.04828	0.00712	0.00918	0.00578	0.00334	0.00362	0.00110	0.00443	0.00327	0.00190	0.00555
26	0.00928	0.07649	0.06992	0.03742	0.11392	0.19766	0.04825	0.01067	0.00742	0.00943	0.00583	0.00839	0.00525	0.03628	0.01805	0.00139	0.33525	0.00301	0.00171	0.00437
27	0.01262	0.01456	0.00980	0.00880	0.01078	0.60583	0.00669	0.05125	0.20075	0.03221	0.00807	0.00839	0.00632	0.00406	0.00340	0.00102	0.00552	0.00282	0.00243	0.00470
28	0.00828	0.00765	0.01254	0.36551	0.40433	0.00837	0.02029	0.07129	0.00846	0.01152	0.00737	0.04471	0.00616	0.00382	0.00367	0.00115	0.00444	0.00354	0.00192	0.00496
29	0.00579	0.00444	0.00623	0.01739	0.00678	0.00521	0.00462	0.04073	0.00622	0.00886	0.00954	0.01496	0.00921	0.15273	0.62032	0.00491	0.07276	0.00402	0.00202	0.00327
30	0.00539	0.00374	0.00471	0.00466	0.00482	0.00401	0.00303	0.00568	0.00541	0.00743	0.01057	0.02027	0.01158	0.58839	0.23548	0.04384	0.03166	0.00477	0.00209	0.00250
31	0.00481	0.00363	0.00445	0.00440	0.00527	0.00326	0.00324	0.00616	0.00927	0.01254	0.51100	0.14840	0.25332	0.00847	0.00434	0.00121	0.00180	0.00740	0.00374	0.00326
32	0.00729	0.01880	0.85344	0.01036	0.01573	0.00844	0.01343	0.01151	0.00767	0.01151	0.00652	0.00767	0.00460	0.00345	0.00345	0.00115	0.00537	0.00269	0.00153	0.00537
33	0.01306	0.00923	0.01006	0.00795	0.01066	0.01014	0.00649	0.57085	0.19481	0.11213	0.01065	0.01017	0.00755	0.00450	0.00365	0.00113	0.00366	0.00350	0.00374	0.00609
34	0.03135	0.03525	0.04453	0.00775	0.02270	0.02921	0.01925	0.38176	0.11920	0.14481	0.03602	0.01131	0.04462	0.00452	0.00357	0.00108	0.00361	0.00357	0.00342	0.05247
35	0.00960	0.42414	0.04163	0.00853	0.01111	0.10431	0.13207	0.04705	0.00821	0.01010	0.04702	0.00803	0.00633	0.00390	0.00424	0.00102	0.12347	0.00282	0.00185	0.00458
36	0.00968	0.00744	0.05596	0.03282	0.04633	0.03623	0.00559	0.01145	0.01612	0.20347	0.02053	0.01006	0.00707	0.02931	0.00358	0.00089	0.00323	0.01508	0.00267	0.48250
37	0.01040	0.18692	0.35050	0.00897	0.02517	0.05033	0.05377	0.08052	0.00911	0.17064	0.01598	0.00854	0.00593	0.00368	0.00333	0.00106	0.00458	0.00288	0.00233	0.00536
38	0.00572	0.00454	0.00536	0.00518	0.00637	0.00443	0.01448	0.03260	0.11368	0.01211	0.22677	0.04618	0.32767	0.03416	0.02132	0.00143	0.00249	0.12839	0.00349	0.00363
39	0.00449	0.00324	0.00431	0.00508	0.00536	0.00305	0.00345	0.00519	0.00701	0.00935	0.02927	0.78272	0.04845	0.01194	0.04150	0.00166	0.00245	0.02519	0.00332	0.00298
40	0.00854	0.03595	0.05562	0.11735	0.08497	0.00920	0.58553	0.03586	0.00857	0.01161	0.00714	0.00948	0.00541	0.00320	0.00404	0.00119	0.00567	0.00391	0.00184	0.00492
41	0.00689	0.00570	0.01926	0.09057	0.18235	0.00569	0.01966	0.00908	0.05295	0.03608	0.04609	0.09340	0.06668	0.02422	0.00461	0.00143	0.00348	0.32488	0.00288	0.00410
42	0.00443	0.00316	0.00422	0.00506	0.00527	0.00295	0.00337	0.00506	0.00696	0.00928	0.02003	0.86990	0.02404	0.01139	0.00464	0.00148	0.00211	0.01033	0.00337	0.00295
43	0.00487	0.00352	0.00454	0.00520	0.00558	0.00335	0.00358	0.04111	0.00749	0.00993	0.02013	0.77789	0.05297	0.01096	0.00459	0.00146	0.00222	0.03412	0.00338	0.00311
44	0.00881	0.03989	0.01403	0.24850	0.43175	0.04603	0.08757	0.04665	0.02082	0.01142	0.00686	0.00909	0.00550	0.00342	0.00362	0.00111	0.00468	0.00326	0.00185	0.00512
45	0.00993	0.82701	0.01856	0.00639	0.00943	0.06107	0.00626	0.01108	0.00755	0.00857	0.00508	0.00587	0.00467	0.00314	0.00238	0.00079	0.00403	0.00197	0.00157	0.00464
46	0.02107	0.04329	0.17598	0.02642	0.10612	0.04472	0.05071	0.09668	0.02450	0.05660	0.00725	0.00825	0.00557	0.00332	0.00322	0.00090	0.00400	0.00274	0.00224	0.31643
47	0.00534	0.00515	0.07165	0.01454	0.02455	0.00407	0.00437	0.00734	0.03490	0.01313	0.54030	0.03597	0.21026	0.00735	0.00419	0.00117	0.00216	0.00637	0.00358	0.00362
48	0.00434	0.00366	0.00376	0.00379	0.00495	0.00308	0.00282	0.00528	0.00830	0.00999	0.06932	0.07856	0.77128	0.00925	0.00431	0.00124	0.00185	0.00777	0.00340	0.00308
49	0.46357	0.00776	0.00806	0.17140	0.05959	0.04664	0.00612	0.10472	0.00828	0.08380	0.00663	0.00769	0.00492	0.00364	0.00291	0.00113	0.00361	0.00259	0.00243	0.00451
50	0.03248	0.01890	0.15570	0.03620	0.04441	0.02063	0.08412	0.09318	0.06075	0.05433	0.00763	0.00855	0.00581	0.00334	0.00323	0.00090	0.00384	0.00282	0.00234	0.36082
51	0.01661	0.00522	0.00648	0.00600	0.01688	0.03558	0.04529	0.04559	0.01858	0.14373	0.01385	0.28888	0.01323	0.00669	0.00411	0.01080	0.03994	0.00566	0.27292	0.00398
52	0.00683	0.00628	0.01025	0.70700	0.04729	0.00763	0.00928	0.00947	0.04356	0.00990	0.04447	0.04263	0.00760	0.00431	0.00374	0.00123	0.00446	0.02808	0.00193	0.00408
53	0.00598	0.00393	0.00479	0.00455	0.00561	0.00353	0.00338	0.01568	0.00911	0.09322	0.37162	0.12835	0.27500	0.05270	0.00500	0.00133	0.00205	0.00697	0.00369	0.00350
54	0.08611	0.19318	0.05168	0.03662	0.01159	0.02003	0.18046	0.04265	0.03079	0.04922	0.05467	0.01058	0.01530	0.03119	0.00489	0.00119	0.11176	0.01961	0.00219	0.04629
55	0.23880	0.02076	0.05904	0.05781	0.04666	0.03673	0.00650	0.16184	0.14870	0.06108	0.00829	0.00905	0.00631	0.01557	0.01210	0.00121	0.06307	0.00299	0.00269	0.04078

[dist]
# distance from previous block
# <min> <max>
0	104

[block]
# block no. 4 follows, 76 sequences, length 17
# corresponding to MSA columns:
# 585-601
name=unknown_E
#
# <colnr> <probs for GDERKNQSTAVLIFYWHMCP>
#	G	D	E	R	K	N	Q	S	T	A	V	L	I	F	Y	W	H	M	C	P
0	0.04300	0.04520	0.01074	0.00802	0.01079	0.06022	0.04056	0.48266	0.03696	0.19442	0.00976	0.02505	0.00698	0.00436	0.00357	0.00109	0.00394	0.00339	0.00350	0.00580
1	0.00575	0.00430	0.00471	0.00500	0.03922	0.03904	0.00285	0.00595	0.00583	0.00764	0.03827	0.05067	0.01359	0.74404	0.01634	0.00317	0.00358	0.00529	0.00227	0.00250
2	0.00829	0.01551	0.55577	0.04572	0.01624	0.00890	0.17668	0.10709	0.00893	0.01277	0.00694	0.00830	0.00498	0.00349	0.00365	0.00116	0.00534	0.00310	0.00184	0.00532
3	0.00448	0.00369	0.00393	0.00387	0.00502	0.00315	0.00290	0.00557	0.00871	0.01084	0.21064	0.03330	0.67367	0.00882	0.00429	0.00121	0.00181	0.00744	0.00351	0.00315
4	0.01109	0.12476	0.12575	0.05972	0.08228	0.00832	0.06604	0.09438	0.00938	0.25726	0.00909	0.01838	0.00657	0.00389	0.00363	0.00106	0.02677	0.00319	0.01932	0.06912
5	0.12131	0.29681	0.06607	0.01561	0.00941	0.10844	0.00606	0.05213	0.00852	0.07838	0.07039	0.00973	0.04203	0.00406	0.00324	0.00096	0.03073	0.00289	0.00232	0.07090
6	0.02072	0.17211	0.26575	0.00889	0.05026	0.07544	0.02589	0.08775	0.10024	0.08237	0.00918	0.00959	0.04081	0.00398	0.00342	0.00106	0.01452	0.00306	0.00236	0.02261
7	0.07855	0.06075	0.10345	0.05584	0.19968	0.10248	0.02111	0.19898	0.01027	0.08812	0.00760	0.00871	0.00578	0.01708	0.00373	0.00112	0.01667	0.00300	0.01184	0.00527
8	0.00536	0.00391	0.00502	0.04506	0.00644	0.00364	0.00376	0.00689	0.00953	0.03594	0.55163	0.05838	0.20039	0.00779	0.00428	0.00120	0.00201	0.04161	0.00372	0.00344
9	0.04416	0.09932	0.61455	0.01003	0.01476	0.00924	0.08204	0.06374	0.00826	0.01215	0.00653	0.00767	0.00476	0.00344	0.00338	0.00112	0.00510	0.00276	0.00172	0.00526
10	0.00859	0.08534	0.06491	0.00814	0.10100	0.04024	0.01871	0.03710	0.14975	0.11883	0.03390	0.13111	0.17522	0.00609	0.00379	0.00117	0.00322	0.00516	0.00305	0.00467
11	0.00515	0.00381	0.00483	0.00459	0.00549	0.00354	0.00343	0.00700	0.03316	0.01399	0.72388	0.05770	0.10446	0.00766	0.00428	0.00116	0.00177	0.00674	0.00392	0.00345
12	0.00935	0.00859	0.01498	0.05346	0.44603	0.00859	0.21073	0.05085	0.06869	0.05957	0.02772	0.01015	0.00691	0.00356	0.00380	0.00114	0.00453	0.00366	0.00223	0.00546
13	0.00863	0.00923	0.10699	0.20061	0.52019	0.00838	0.03660	0.01107	0.00809	0.04537	0.00704	0.00916	0.00556	0.00339	0.00361	0.00112	0.00455	0.00322	0.00184	0.00534
14	0.00718	0.00713	0.04144	0.74002	0.02351	0.00822	0.05450	0.00962	0.00734	0.02408	0.00658	0.00960	0.00494	0.00372	0.00398	0.00122	0.03780	0.00327	0.00167	0.00417
15	0.00678	0.00339	0.00339	0.00339	0.00423	0.00339	0.00254	0.00847	0.00762	0.01355	0.01186	0.01355	0.00932	0.00423	0.00254	0.00085	0.00169	0.00339	0.89245	0.00339
16	0.00760	0.02154	0.00913	0.06834	0.04593	0.13575	0.13084	0.01885	0.00828	0.05186	0.01617	0.30660	0.13973	0.01709	0.00427	0.00127	0.00376	0.00637	0.00274	0.00387

[dist]
# distance from previous block
# <min> <max>
0	1

[block]
# block no. 5 follows, 76 sequences, length 17
# corresponding to MSA columns:
# 603-619
name=unknown_F
#
# <colnr> <probs for GDERKNQSTAVLIFYWHMCP>
#	G	D	E	R	K	N	Q	S	T	A	V	L	I	F	Y	W	H	M	C	P
0	0.00980	0.19658	0.36920	0.00907	0.05140	0.05606	0.00938	0.04282	0.07098	0.12685	0.01997	0.00868	0.00624	0.00373	0.00328	0.00106	0.00447	0.00285	0.00225	0.00532
1	0.00450	0.00347	0.00414	0.00463	0.00532	0.00311	0.00334	0.00535	0.00764	0.00965	0.02702	0.44313	0.37047	0.01035	0.00453	0.00139	0.00211	0.08342	0.00337	0.00304
2	0.37401	0.26640	0.12027	0.01934	0.03747	0.03473	0.02610	0.02698	0.00726	0.02651	0.00561	0.00660	0.00452	0.00343	0.00289	0.00103	0.02812	0.00227	0.00195	0.00451
3	0.00518	0.00367	0.00508	0.00524	0.00572	0.00401	0.00383	0.00619	0.00609	0.00875	0.01206	0.17517	0.01251	0.14859	0.51228	0.00432	0.00681	0.00527	0.06618	0.00305
4	0.00751	0.00646	0.00769	0.04415	0.00935	0.00499	0.00457	0.00916	0.00752	0.01173	0.00646	0.00763	0.00536	0.00273	0.00273	0.00057	0.00279	0.00220	0.00213	0.85426
5	0.00721	0.00419	0.00550	0.00537	0.00653	0.00383	0.00422	0.00856	0.00904	0.17385	0.25455	0.17994	0.13019	0.00837	0.00439	0.00132	0.00242	0.18296	0.00376	0.00381
6	0.00555	0.00419	0.00508	0.00544	0.00616	0.00417	0.00392	0.05800	0.09227	0.01088	0.02073	0.57953	0.11818	0.00996	0.00447	0.00141	0.00235	0.06083	0.00342	0.00347
7	0.00768	0.01828	0.80254	0.01024	0.01546	0.00861	0.01303	0.06141	0.00824	0.01220	0.00666	0.00774	0.00470	0.00351	0.00346	0.00115	0.00529	0.00272	0.00166	0.00542
8	0.00729	0.01880	0.85344	0.01036	0.01573	0.00844	0.01343	0.01151	0.00767	0.01151	0.00652	0.00767	0.00460	0.00345	0.00345	0.00115	0.00537	0.00269	0.00153	0.00537
9	0.00519	0.00389	0.00584	0.00584	0.00649	0.00454	0.00454	0.00649	0.00584	0.00844	0.00974	0.01428	0.00909	0.02726	0.85787	0.00584	0.00974	0.00389	0.00195	0.00325
10	0.01012	0.82092	0.01839	0.00623	0.00933	0.01382	0.00616	0.01130	0.00757	0.06056	0.00563	0.00623	0.00493	0.00320	0.00241	0.00080	0.00384	0.00205	0.00174	0.00476
11	0.00529	0.00352	0.00396	0.00396	0.00396	0.00352	0.00220	0.00529	0.00529	0.00705	0.01145	0.02378	0.01321	0.87227	0.01850	0.00352	0.00352	0.00529	0.00220	0.00220
12	0.00774	0.00688	0.01092	0.72602	0.06116	0.03103	0.00971	0.01001	0.00754	0.06030	0.00688	0.00969	0.00513	0.00375	0.00386	0.00120	0.02889	0.00323	0.00180	0.00425
13	0.01245	0.12014	0.01138	0.04748	0.01139	0.60378	0.00706	0.01349	0.00940	0.04823	0.00592	0.00700	0.00490	0.00392	0.00394	0.00099	0.07981	0.00247	0.00192	0.00433
14	0.00972	0.87446	0.01905	0.00622	0.00933	0.01438	0.00622	0.01088	0.00738	0.00855	0.00505	0.00583	0.00466	0.00311	0.00233	0.00078	0.00389	0.00194	0.00155	0.00466
15	0.00870	0.11444	0.21207	0.04167	0.04345	0.03067	0.04472	0.03717	0.17512	0.04069	0.00846	0.01014	0.00680	0.02821	0.02139	0.00135	0.15183	0.01596	0.00223	0.00493
16	0.01733	0.02412	0.05938	0.17617	0.08717	0.02038	0.02615	0.01884	0.03124	0.12891	0.13004	0.04150	0.18669	0.01902	0.00410	0.00121	0.00337	0.01714	0.00290	0.00433

[dist]
# distance from previous block
# <min> <max>
0	10

[block]
# block no. 6 follows, 76 sequences, length 65
# corresponding to MSA columns:
# 700-727,732-768
name=unknown_G
#
# <colnr> <probs for GDERKNQSTAVLIFYWHMCP>
#	G	D	E	R	K	N	Q	S	T	A	V	L	I	F	Y	W	H	M	C	P
0	0.01248	0.01558	0.00962	0.00881	0.01057	0.74543	0.00658	0.01342	0.00988	0.00904	0.00703	0.08943	0.00656	0.00444	0.00339	0.00097	0.00599	0.00310	0.00203	0.03565
1	0.01082	0.00726	0.03988	0.03716	0.00983	0.03557	0.00534	0.02213	0.00873	0.30168	0.00918	0.00927	0.00657	0.00343	0.00312	0.00081	0.00316	0.00275	0.00293	0.48039
2	0.01116	0.30496	0.01271	0.00766	0.01003	0.32554	0.00636	0.08423	0.14160	0.01114	0.02814	0.00873	0.02528	0.00398	0.00310	0.00095	0.00463	0.00279	0.00229	0.00473
3	0.00446	0.00319	0.00419	0.00497	0.00521	0.00298	0.00331	0.00507	0.00694	0.00921	0.02030	0.80852	0.05284	0.04364	0.00515	0.00154	0.00215	0.01005	0.00333	0.00293
4	0.01801	0.44927	0.27299	0.00811	0.01179	0.03948	0.06766	0.01098	0.00757	0.00983	0.00598	0.00744	0.00505	0.03587	0.00347	0.00103	0.00452	0.00249	0.00163	0.03684
5	0.00436	0.00368	0.00378	0.00384	0.00502	0.00310	0.00289	0.00529	0.00824	0.00984	0.03560	0.06479	0.78948	0.00931	0.00433	0.00125	0.00190	0.03684	0.00337	0.00307
6	0.00968	0.84831	0.01912	0.00649	0.00962	0.01422	0.03132	0.01091	0.00742	0.00864	0.00512	0.00595	0.00469	0.00311	0.00239	0.00079	0.00395	0.00201	0.00156	0.00467
7	0.00442	0.00318	0.00420	0.00503	0.00526	0.00295	0.00336	0.00506	0.00699	0.00929	0.02044	0.84962	0.04406	0.01133	0.00463	0.00147	0.00210	0.01027	0.00337	0.00295
8	0.00843	0.00806	0.01373	0.24607	0.63026	0.00849	0.01087	0.01066	0.00801	0.01119	0.00674	0.00918	0.00551	0.00334	0.00361	0.00111	0.00446	0.00324	0.00175	0.00530
9	0.00764	0.00652	0.00759	0.00543	0.00866	0.00495	0.00435	0.02259	0.00769	0.01202	0.00650	0.00756	0.00540	0.00272	0.00271	0.00055	0.00271	0.00217	0.00218	0.88007
10	0.11516	0.00893	0.00960	0.00785	0.01014	0.09635	0.06237	0.28595	0.08607	0.11736	0.01919	0.04196	0.04600	0.00493	0.00401	0.00117	0.04616	0.02854	0.00315	0.00511
11	0.01025	0.00719	0.00804	0.00700	0.00912	0.00789	0.00550	0.03612	0.59016	0.18002	0.08524	0.01437	0.01254	0.00505	0.00374	0.00120	0.00285	0.00421	0.00388	0.00565
12	0.00819	0.00863	0.03673	0.04870	0.01564	0.00824	0.52197	0.04023	0.04237	0.02778	0.08081	0.02364	0.03947	0.00435	0.00457	0.00125	0.04514	0.03532	0.00231	0.00466
13	0.00432	0.00367	0.00372	0.00373	0.00493	0.00307	0.00279	0.00525	0.00831	0.00992	0.05605	0.05039	0.81310	0.00920	0.00430	0.00123	0.00184	0.00769	0.00339	0.00307
14	0.00686	0.00646	0.01090	0.86353	0.02503	0.00807	0.01009	0.00929	0.00727	0.00929	0.00646	0.00969	0.00484	0.00363	0.00363	0.00121	0.00484	0.00323	0.00161	0.00404
15	0.00899	0.00732	0.00840	0.00636	0.00920	0.00678	0.00513	0.20746	0.04933	0.01435	0.00752	0.00849	0.00603	0.00467	0.05034	0.00103	0.03255	0.00264	0.00255	0.56084
16	0.00530	0.00405	0.00605	0.00599	0.00661	0.00480	0.00468	0.00658	0.00583	0.00845	0.00954	0.01403	0.00892	0.02643	0.82435	0.00567	0.04365	0.00387	0.00193	0.00327
17	0.00858	0.00980	0.02145	0.01532	0.01900	0.00919	0.83640	0.01164	0.00858	0.01164	0.00735	0.00980	0.00551	0.00306	0.00429	0.00123	0.00613	0.00429	0.00184	0.00490
18	0.00729	0.01880	0.85344	0.01036	0.01573	0.00844	0.01343	0.01151	0.00767	0.01151	0.00652	0.00767	0.00460	0.00345	0.00345	0.00115	0.00537	0.00269	0.00153	0.00537
19	0.00835	0.00799	0.01319	0.01725	0.54213	0.00809	0.08970	0.01128	0.09657	0.01197	0.03054	0.01292	0.08624	0.00426	0.00403	0.00115	0.02948	0.01738	0.00222	0.00527
20	0.02883	0.00900	0.00980	0.00760	0.01029	0.00976	0.00625	0.64680	0.01520	0.11974	0.00962	0.00957	0.00677	0.00435	0.00351	0.00107	0.00365	0.00331	0.08900	0.00587
21	0.00443	0.00316	0.00422	0.00506	0.00527	0.00295	0.00337	0.00506	0.00696	0.00928	0.02003	0.86990	0.02404	0.01139	0.00464	0.00148	0.00211	0.01033	0.00337	0.00295
22	0.04158	0.01125	0.01045	0.00834	0.01101	0.17562	0.00674	0.59803	0.03521	0.05355	0.00838	0.00848	0.00605	0.00423	0.00352	0.00107	0.00440	0.00309	0.00329	0.00572
23	0.00900	0.00864	0.01475	0.02231	0.84960	0.00864	0.01115	0.01115	0.00828	0.01187	0.00684	0.00900	0.00576	0.00324	0.00360	0.00108	0.00432	0.00324	0.00180	0.00576
24	0.00586	0.00418	0.00586	0.00669	0.00753	0.00418	0.00586	0.00753	0.00837	0.01088	0.01924	0.04100	0.02092	0.01004	0.00502	0.00167	0.00335	0.82513	0.00335	0.00335
25	0.00529	0.00352	0.00396	0.00396	0.00396	0.00352	0.00220	0.00529	0.00529	0.00705	0.01145	0.02378	0.01321	0.87227	0.01850	0.00352	0.00352	0.00529	0.00220	0.00220
26	0.84194	0.00697	0.00541	0.00482	0.00703	0.00805	0.00396	0.03167	0.00652	0.01637	0.00541	0.00626	0.00420	0.00343	0.00230	0.00111	0.00280	0.00205	0.03572	0.00397
27	0.01358	0.01732	0.01030	0.00936	0.01124	0.85768	0.00702	0.01451	0.01030	0.00890	0.00562	0.00655	0.00468	0.00375	0.00328	0.00094	0.00655	0.00234	0.00187	0.00421
28	0.86301	0.00715	0.00556	0.00492	0.00720	0.00828	0.00405	0.04336	0.00662	0.01657	0.00521	0.00602	0.00402	0.00341	0.00230	0.00112	0.00286	0.00202	0.00230	0.00402
29	0.00686	0.00646	0.01090	0.86353	0.02503	0.00807	0.01009	0.00929	0.00727	0.00929	0.00646	0.00969	0.00484	0.00363	0.00363	0.00121	0.00484	0.00323	0.00161	0.00404
30	0.03988	0.00621	0.00835	0.00642	0.00922	0.00542	0.00530	0.01752	0.01029	0.82977	0.01409	0.01220	0.00886	0.00447	0.00362	0.00112	0.00309	0.00361	0.00444	0.00613
31	0.00761	0.00723	0.01226	0.56734	0.31536	0.00827	0.01047	0.00994	0.00762	0.01020	0.00659	0.00945	0.00517	0.00349	0.00362	0.00116	0.00466	0.00323	0.00168	0.00464
32	0.01382	0.01018	0.01091	0.00836	0.01127	0.01127	0.00691	0.83748	0.01709	0.02291	0.00873	0.00873	0.00618	0.00436	0.00364	0.00109	0.00400	0.00327	0.00364	0.00618
33	0.89794	0.00703	0.00534	0.00478	0.00703	0.00815	0.00394	0.01068	0.00619	0.01631	0.00506	0.00590	0.00394	0.00337	0.00225	0.00112	0.00281	0.00197	0.00225	0.00394
34	0.00432	0.00364	0.00374	0.00381	0.00495	0.00306	0.00282	0.00522	0.00820	0.00983	0.04617	0.10715	0.76593	0.00937	0.00433	0.00125	0.00186	0.00789	0.00338	0.00306
35	0.00433	0.00368	0.00373	0.00372	0.00493	0.00308	0.00279	0.00528	0.00836	0.01001	0.06895	0.03467	0.81587	0.00913	0.00430	0.00122	0.00184	0.00763	0.00340	0.00308
36	0.00514	0.00372	0.00486	0.00457	0.00543	0.00343	0.00343	0.00686	0.01029	0.01457	0.84768	0.02715	0.03429	0.00743	0.00429	0.00114	0.00171	0.00657	0.00400	0.00343
37	0.00443	0.00316	0.00422	0.00506	0.00527	0.00295	0.00337	0.00506	0.00696	0.00928	0.02003	0.86990	0.02404	0.01139	0.00464	0.00148	0.00211	0.01033	0.00337	0.00295
38	0.00754	0.00646	0.00754	0.00538	0.00861	0.00484	0.00431	0.00915	0.00754	0.01184	0.00646	0.00754	0.00538	0.00269	0.00269	0.00054	0.00269	0.00215	0.00215	0.89449
39	0.00678	0.00339	0.00339	0.00339	0.00423	0.00339	0.00254	0.00847	0.00762	0.01355	0.01186	0.01355	0.00932	0.00423	0.00254	0.00085	0.00169	0.00339	0.89245	0.00339
40	0.89794	0.00703	0.00534	0.00478	0.00703	0.00815	0.00394	0.01068	0.00619	0.01631	0.00506	0.00590	0.00394	0.00337	0.00225	0.00112	0.00281	0.00197	0.00225	0.00394
41	0.01600	0.00651	0.00861	0.00662	0.00943	0.00584	0.00546	0.07818	0.02539	0.77641	0.01393	0.01212	0.00883	0.00450	0.00365	0.00112	0.00316	0.00363	0.00442	0.00618
42	0.89794	0.00703	0.00534	0.00478	0.00703	0.00815	0.00394	0.01068	0.00619	0.01631	0.00506	0.00590	0.00394	0.00337	0.00225	0.00112	0.00281	0.00197	0.00225	0.00394
43	0.00900	0.00864	0.01475	0.02231	0.84960	0.00864	0.01115	0.01115	0.00828	0.01187	0.00684	0.00900	0.00576	0.00324	0.00360	0.00108	0.00432	0.00324	0.00180	0.00576
44	0.00904	0.00781	0.00822	0.00740	0.00945	0.00904	0.00575	0.01931	0.84303	0.01520	0.01479	0.01356	0.01109	0.00493	0.00370	0.00123	0.00288	0.00411	0.00370	0.00575
45	0.00442	0.00318	0.00420	0.00501	0.00526	0.00296	0.00335	0.00507	0.00701	0.00930	0.02064	0.83970	0.05384	0.01131	0.00463	0.00147	0.00210	0.01024	0.00337	0.00296
46	0.00514	0.00372	0.00486	0.00457	0.00543	0.00343	0.00343	0.00686	0.01029	0.01457	0.84768	0.02715	0.03429	0.00743	0.00429	0.00114	0.00171	0.00657	0.00400	0.00343
47	0.89794	0.00703	0.00534	0.00478	0.00703	0.00815	0.00394	0.01068	0.00619	0.01631	0.00506	0.00590	0.00394	0.00337	0.00225	0.00112	0.00281	0.00197	0.00225	0.00394
48	0.00431	0.00368	0.00370	0.00370	0.00492	0.00308	0.00277	0.00525	0.00832	0.00991	0.05221	0.03483	0.83267	0.00917	0.00430	0.00123	0.00184	0.00765	0.00339	0.00308
49	0.00944	0.00780	0.00829	0.00738	0.00949	0.00895	0.00576	0.03857	0.79054	0.04855	0.01463	0.01340	0.01090	0.00490	0.00370	0.00123	0.00291	0.00407	0.00373	0.00578
50	0.01631	0.00619	0.00843	0.00647	0.00928	0.00534	0.00534	0.01771	0.01040	0.85211	0.01434	0.01237	0.00900	0.00450	0.00365	0.00112	0.00309	0.00365	0.00450	0.00619
51	0.05912	0.00588	0.00767	0.00607	0.00860	0.00518	0.00496	0.01571	0.00986	0.69934	0.01620	0.04638	0.08805	0.00514	0.00368	0.00115	0.00292	0.00420	0.00424	0.00566
52	0.00752	0.00426	0.00435	0.00408	0.00518	0.00444	0.00313	0.07867	0.06608	0.01445	0.01180	0.01315	0.00918	0.00429	0.00271	0.00089	0.00197	0.00343	0.75664	0.00378
53	0.03167	0.00779	0.00822	0.00739	0.00939	0.00907	0.00577	0.01881	0.79932	0.01506	0.01428	0.01322	0.01074	0.00493	0.00388	0.00124	0.02594	0.00403	0.00360	0.00566
54	0.00442	0.00393	0.01770	0.00387	0.00513	0.00319	0.00299	0.00546	0.00845	0.01026	0.10673	0.03385	0.76365	0.00896	0.00428	0.00122	0.00189	0.00749	0.00340	0.00314
55	0.00861	0.00824	0.01405	0.17633	0.69863	0.00853	0.01096	0.01081	0.00809	0.01140	0.00677	0.00912	0.00559	0.00331	0.00360	0.00110	0.00441	0.00324	0.00177	0.00544
56	0.00894	0.00858	0.01466	0.04259	0.82972	0.00862	0.01113	0.01111	0.00825	0.01181	0.00683	0.00901	0.00574	0.00325	0.00360	0.00108	0.00433	0.00324	0.00179	0.00572
57	0.29060	0.00945	0.00914	0.00728	0.00994	0.04091	0.00598	0.54887	0.01343	0.02033	0.00747	0.00776	0.00542	0.00403	0.00319	0.00110	0.00372	0.00283	0.00314	0.00541
58	0.00699	0.00429	0.00516	0.00473	0.00593	0.00413	0.00362	0.00943	0.08893	0.10211	0.45015	0.02183	0.07355	0.00630	0.00379	0.00109	0.00197	0.00541	0.19667	0.00391
59	0.00448	0.00352	0.00405	0.00427	0.00511	0.00309	0.00307	0.00544	0.00819	0.01044	0.16637	0.30114	0.44870	0.00961	0.00440	0.00129	0.00191	0.00834	0.00348	0.00309
60	0.00505	0.00370	0.00464	0.00440	0.00532	0.00337	0.00330	0.00664	0.00990	0.01380	0.69882	0.02804	0.16177	0.00763	0.00424	0.00115	0.00173	0.00666	0.02646	0.00337
61	0.00443	0.00316	0.00422	0.00506	0.00527	0.00295	0.00337	0.00506	0.00696	0.00928	0.02003	0.86990	0.02404	0.01139	0.00464	0.00148	0.00211	0.01033	0.00337	0.00295
62	0.00779	0.00369	0.00393	0.00372	0.00477	0.00360	0.00284	0.00946	0.00792	0.10308	0.01212	0.01342	0.00928	0.00426	0.00266	0.00088	0.00184	0.00342	0.79764	0.00369
63	0.00904	0.00781	0.00822	0.00740	0.00945	0.00904	0.00575	0.01931	0.84303	0.01520	0.01479	0.01356	0.01109	0.00493	0.00370	0.00123	0.00288	0.00411	0.00370	0.00575
64	0.04885	0.01006	0.01069	0.00822	0.01110	0.01115	0.00679	0.80472	0.01666	0.02264	0.00858	0.00861	0.00609	0.00432	0.00358	0.00109	0.00395	0.00322	0.00358	0.00609

[dist]
# distance from previous block
# <min> <max>
0	19

[block]
# block no. 7 follows, 76 sequences, length 12
# corresponding to MSA columns:
# 788-799
name=unknown_H
#
# <colnr> <probs for GDERKNQSTAVLIFYWHMCP>
#	G	D	E	R	K	N	Q	S	T	A	V	L	I	F	Y	W	H	M	C	P
