[name]
unknown

[dist]
# distance from previous block
# <min> <max>
0	57

[block]
# block no. 0 follows, 66 sequences, length 13
# corresponding to MSA columns:
# 270-279,281-283
name=unknown_A
#
# <colnr> <probs for GDERKNQSTAVLIFYWHMCP>
#	G	D	E	R	K	N	Q	S	T	A	V	L	I	F	Y	W	H	M	C	P
0	0.03522	0.12603	0.07957	0.02634	0.09523	0.02157	0.04134	0.06695	0.05467	0.18120	0.01906	0.03976	0.04437	0.00528	0.00414	0.01996	0.00408	0.04585	0.00310	0.08629
1	0.03767	0.20129	0.06347	0.00916	0.09909	0.00936	0.03050	0.05788	0.08781	0.04202	0.06777	0.03739	0.04475	0.02829	0.00407	0.00115	0.00381	0.00389	0.00275	0.16786
2	0.00992	0.25369	0.01271	0.00748	0.03286	0.07840	0.01485	0.02948	0.02633	0.02867	0.02037	0.04971	0.00746	0.00401	0.00335	0.00086	0.01675	0.00306	0.00239	0.39766
3	0.00589	0.00468	0.00642	0.00650	0.00742	0.00455	0.04710	0.00786	0.07891	0.01123	0.02128	0.52484	0.09680	0.01243	0.07504	0.00196	0.00343	0.04349	0.00352	0.03664
4	0.01068	0.41017	0.07316	0.00756	0.01062	0.01236	0.00708	0.15903	0.11499	0.01446	0.08013	0.03010	0.01000	0.00469	0.00341	0.00108	0.00398	0.00353	0.03748	0.00551
5	0.00929	0.06033	0.45873	0.01056	0.01448	0.01069	0.01172	0.10336	0.04424	0.01368	0.02796	0.00948	0.00652	0.00486	0.00598	0.00137	0.19558	0.00333	0.00217	0.00567
6	0.00668	0.00586	0.00839	0.11525	0.12476	0.00587	0.04078	0.00914	0.07399	0.01252	0.14941	0.13661	0.27903	0.00790	0.00459	0.00137	0.00318	0.00698	0.00334	0.00435
7	0.00963	0.00853	0.01532	0.01161	0.01435	0.00836	0.39115	0.08201	0.05939	0.07714	0.03842	0.06351	0.04138	0.10107	0.04257	0.00187	0.02042	0.00532	0.00287	0.00508
8	0.00771	0.00545	0.00631	0.00606	0.00624	0.07711	0.00419	0.00675	0.00602	0.00769	0.00787	0.01417	0.00813	0.16583	0.01544	0.56643	0.08041	0.00388	0.00192	0.00239
9	0.00930	0.00804	0.01120	0.29754	0.15052	0.03939	0.01862	0.09956	0.00987	0.04408	0.04635	0.01432	0.07701	0.04968	0.00520	0.00138	0.03001	0.00420	0.00259	0.08115
10	0.01177	0.15936	0.03532	0.04114	0.08249	0.03573	0.00746	0.30250	0.02341	0.05486	0.00947	0.01247	0.00794	0.04276	0.02244	0.09091	0.00454	0.04707	0.00295	0.00542
11	0.00818	0.00705	0.00886	0.00688	0.00968	0.00618	0.02755	0.02176	0.02352	0.01269	0.00874	0.04419	0.00792	0.00650	0.07691	0.00135	0.07480	0.03319	0.00248	0.61156
12	0.03694	0.01380	0.40289	0.00996	0.01422	0.00803	0.09134	0.01264	0.05179	0.06725	0.04727	0.02519	0.00888	0.00500	0.01293	0.01506	0.00492	0.04335	0.00248	0.12607

[dist]
# distance from previous block
# <min> <max>
8	28

[block]
# block no. 1 follows, 66 sequences, length 31
# corresponding to MSA columns:
# 422-433,439-457
name=unknown_B
#
# <colnr> <probs for GDERKNQSTAVLIFYWHMCP>
#	G	D	E	R	K	N	Q	S	T	A	V	L	I	F	Y	W	H	M	C	P
0	0.04971	0.16376	0.10891	0.00952	0.01247	0.40933	0.03120	0.06434	0.02497	0.05472	0.03055	0.00867	0.00662	0.00421	0.00357	0.00109	0.00585	0.00293	0.00238	0.00521
1	0.03310	0.01359	0.01010	0.00907	0.01115	0.41982	0.00698	0.16567	0.10618	0.01407	0.01140	0.09384	0.03031	0.00584	0.00405	0.00123	0.00539	0.05013	0.00300	0.00508
2	0.00710	0.00447	0.00551	0.00512	0.00646	0.00396	0.00388	0.00860	0.01054	0.12628	0.41621	0.08994	0.27897	0.00878	0.00472	0.00133	0.00220	0.00757	0.00428	0.00409
3	0.00563	0.00415	0.00551	0.00617	0.00654	0.00420	0.00451	0.00653	0.00784	0.01044	0.02045	0.51597	0.03918	0.10942	0.00752	0.00196	0.05154	0.18559	0.00349	0.00336
4	0.00847	0.31715	0.10307	0.05551	0.01056	0.01014	0.00704	0.02346	0.00775	0.01012	0.00915	0.03476	0.00914	0.17769	0.07636	0.00216	0.06731	0.04970	0.00213	0.01832
5	0.00580	0.00435	0.00652	0.00652	0.00724	0.00507	0.00507	0.00724	0.00652	0.00942	0.01087	0.01594	0.01014	0.03043	0.84134	0.00652	0.01087	0.00435	0.00217	0.00362
6	0.00592	0.00397	0.00455	0.00463	0.00468	0.00396	0.00272	0.00604	0.00614	0.00816	0.01348	0.04499	0.01550	0.79111	0.01946	0.00377	0.00389	0.05192	0.00256	0.00255
7	0.04345	0.00846	0.04816	0.03161	0.01126	0.00789	0.00680	0.22276	0.02395	0.42685	0.03396	0.01441	0.01014	0.02653	0.02843	0.00149	0.00407	0.03928	0.00422	0.00629
8	0.00847	0.01291	0.33139	0.04730	0.02719	0.02871	0.07713	0.03853	0.09796	0.02406	0.01150	0.12801	0.02224	0.00667	0.03135	0.00157	0.06975	0.02745	0.00253	0.00528
9	0.01542	0.01136	0.01218	0.00933	0.01258	0.01258	0.00771	0.81858	0.01908	0.02557	0.00974	0.00974	0.00690	0.00487	0.00406	0.00122	0.00446	0.00365	0.00406	0.00690
10	0.04939	0.00723	0.00830	0.00624	0.00956	0.00587	0.00504	0.03360	0.03185	0.01384	0.00846	0.01113	0.00733	0.00373	0.00322	0.00076	0.00311	0.05767	0.00260	0.73109
11	0.00590	0.00395	0.00452	0.00452	0.00455	0.00398	0.00257	0.00596	0.00593	0.00794	0.01270	0.02608	0.01455	0.82096	0.05683	0.00405	0.00424	0.00583	0.00245	0.00251
12	0.00595	0.00407	0.00522	0.00525	0.00551	0.00430	0.00349	0.00638	0.00618	0.00846	0.01214	0.02298	0.01312	0.51699	0.28451	0.05277	0.00614	0.03134	0.00237	0.00284
13	0.01098	0.75836	0.06620	0.00740	0.01095	0.05194	0.00745	0.02910	0.00863	0.01008	0.00584	0.00673	0.00524	0.00355	0.00275	0.00091	0.00457	0.00227	0.00180	0.00526
14	0.00945	0.00841	0.01336	0.27453	0.24044	0.02803	0.07656	0.02190	0.00868	0.05626	0.00775	0.01036	0.00617	0.00463	0.00535	0.05185	0.06769	0.00357	0.00215	0.10288
15	0.07313	0.00890	0.01111	0.05849	0.08771	0.00994	0.06972	0.09992	0.45143	0.01679	0.04871	0.01351	0.01086	0.00504	0.00420	0.00133	0.01540	0.00430	0.00350	0.00600
16	0.01506	0.01101	0.01179	0.00908	0.01222	0.01217	0.00748	0.78091	0.01858	0.02508	0.00990	0.00999	0.00706	0.00486	0.00400	0.00120	0.00434	0.00366	0.04484	0.00675
17	0.03531	0.01778	0.01159	0.01103	0.05945	0.70783	0.00796	0.05004	0.04168	0.01124	0.00686	0.00785	0.00561	0.00422	0.00369	0.00108	0.00680	0.00278	0.00225	0.00495
18	0.01516	0.01934	0.01150	0.01045	0.01254	0.84113	0.00784	0.01620	0.01150	0.00993	0.00627	0.00732	0.00523	0.00418	0.00366	0.00105	0.00732	0.00261	0.00209	0.00470
19	0.13077	0.01134	0.11499	0.03869	0.01535	0.07869	0.27942	0.03388	0.00976	0.20047	0.00925	0.01030	0.00656	0.00415	0.00440	0.00130	0.03853	0.00376	0.00278	0.00561
20	0.00764	0.00609	0.00797	0.00699	0.00862	0.00615	0.06273	0.09451	0.13276	0.01624	0.42207	0.04297	0.09110	0.00765	0.00468	0.00135	0.00289	0.06891	0.00407	0.00460
21	0.00534	0.00384	0.00495	0.00541	0.00603	0.00358	0.00381	0.00636	0.00855	0.02543	0.14981	0.51420	0.15714	0.01289	0.07084	0.00192	0.00293	0.00971	0.00377	0.00349
22	0.00800	0.00660	0.02287	0.28072	0.13915	0.00704	0.00815	0.01030	0.04430	0.05591	0.02924	0.06662	0.01182	0.12939	0.06767	0.00215	0.00487	0.09809	0.00263	0.00451
23	0.00934	0.00781	0.00893	0.00841	0.01007	0.09933	0.04902	0.10513	0.06804	0.04713	0.04387	0.04890	0.04395	0.00845	0.00510	0.00157	0.02216	0.40462	0.00357	0.00462
24	0.00958	0.01094	0.02394	0.01710	0.02120	0.01026	0.81737	0.01300	0.00958	0.01300	0.00821	0.01094	0.00616	0.00342	0.00479	0.00137	0.00684	0.00479	0.00205	0.00547
25	0.03360	0.00771	0.00961	0.09310	0.02249	0.03816	0.03335	0.06852	0.16031	0.31289	0.01503	0.01640	0.05425	0.05300	0.00536	0.02232	0.00390	0.04049	0.00382	0.00568
26	0.00845	0.00780	0.01306	0.03702	0.01337	0.04849	0.30103	0.01086	0.02909	0.04907	0.04399	0.06413	0.07362	0.05939	0.00588	0.00165	0.00483	0.22078	0.00300	0.00453
27	0.02984	0.00754	0.00794	0.06005	0.00912	0.11427	0.00548	0.03638	0.02768	0.07886	0.01136	0.01759	0.03593	0.32351	0.10138	0.00287	0.11906	0.00459	0.00260	0.00396
28	0.01338	0.06349	0.03860	0.01008	0.01275	0.40075	0.07004	0.16029	0.12705	0.02828	0.02042	0.00997	0.01790	0.00453	0.00387	0.00116	0.00577	0.00340	0.00280	0.00548
29	0.17995	0.00916	0.06443	0.04472	0.01321	0.03416	0.21089	0.01197	0.01970	0.07608	0.00925	0.02801	0.02505	0.00485	0.00470	0.05181	0.02438	0.02180	0.00252	0.16336
30	0.02587	0.05025	0.05667	0.00933	0.01202	0.17852	0.12857	0.11234	0.01107	0.09160	0.06687	0.07695	0.05796	0.00574	0.00418	0.00124	0.00478	0.04799	0.00306	0.05500

[dist]
# distance from previous block
# <min> <max>
1	82

[block]
# block no. 2 follows, 66 sequences, length 9
# corresponding to MSA columns:
# 547,548,554-560
name=unknown_C
#
# <colnr> <probs for GDERKNQSTAVLIFYWHMCP>
#	G	D	E	R	K	N	Q	S	T	A	V	L	I	F	Y	W	H	M	C	P
0	0.07529	0.06909	0.08517	0.05465	0.04881	0.10593	0.06517	0.02640	0.03235	0.12347	0.01178	0.09707	0.02111	0.01985	0.06659	0.00175	0.02397	0.06371	0.00284	0.00499
1	0.00647	0.00686	0.11919	0.04062	0.08206	0.00527	0.00587	0.00765	0.00731	0.00991	0.01500	0.16572	0.06557	0.37821	0.01183	0.02270	0.00394	0.03958	0.00263	0.00362
2	0.00894	0.01565	0.48775	0.01107	0.03289	0.03381	0.09697	0.01298	0.05152	0.06112	0.08252	0.01220	0.00934	0.04122	0.00499	0.00141	0.02380	0.00386	0.00237	0.00560
3	0.09750	0.17291	0.21098	0.11840	0.02893	0.03121	0.05553	0.07206	0.04748	0.09960	0.00846	0.00967	0.00635	0.01964	0.00392	0.00125	0.00484	0.00323	0.00249	0.00556
4	0.00868	0.01172	0.25591	0.12330	0.09711	0.04548	0.08184	0.01156	0.02686	0.05638	0.02925	0.14951	0.01045	0.03280	0.00516	0.00145	0.03999	0.00499	0.00246	0.00512
5	0.00592	0.00500	0.00537	0.00604	0.00650	0.07867	0.00414	0.00675	0.00838	0.01076	0.08080	0.71743	0.02574	0.01162	0.00501	0.00157	0.00277	0.01042	0.00367	0.00346
6	0.02382	0.01915	0.01203	0.29689	0.18901	0.02489	0.02729	0.07254	0.04480	0.13207	0.04458	0.01363	0.00908	0.00474	0.00409	0.00129	0.00453	0.04237	0.02773	0.00546
7	0.04405	0.01042	0.09985	0.11120	0.26137	0.04215	0.04038	0.09090	0.09116	0.01376	0.00883	0.01165	0.00735	0.08105	0.00615	0.00154	0.06646	0.00380	0.00241	0.00552
8	0.00636	0.00481	0.00706	0.06934	0.00930	0.00487	0.04212	0.00787	0.00851	0.01119	0.04205	0.17712	0.02092	0.14382	0.00773	0.00208	0.00374	0.42417	0.00334	0.00360

[dist]
# distance from previous block
# <min> <max>
0	1

[block]
# block no. 3 follows, 66 sequences, length 11
# corresponding to MSA columns:
# 562-572
name=unknown_D
#
# <colnr> <probs for GDERKNQSTAVLIFYWHMCP>
#	G	D	E	R	K	N	Q	S	T	A	V	L	I	F	Y	W	H	M	C	P
0	0.02461	0.03555	0.01204	0.09341	0.13820	0.03501	0.06228	0.16543	0.23524	0.03641	0.07298	0.01414	0.04656	0.00509	0.00412	0.00128	0.00417	0.00437	0.00329	0.00583
1	0.88607	0.00785	0.00596	0.00534	0.00785	0.00910	0.00439	0.01193	0.00690	0.01820	0.00565	0.00659	0.00439	0.00377	0.00251	0.00126	0.00314	0.00220	0.00251	0.00439
2	0.00546	0.00430	0.00493	0.00506	0.00607	0.00399	0.00366	0.00734	0.07142	0.01223	0.19101	0.25949	0.36718	0.03252	0.00527	0.00150	0.00225	0.00876	0.00390	0.00367
3	0.00812	0.01954	0.74401	0.01164	0.01728	0.00922	0.06805	0.01262	0.00877	0.01302	0.04510	0.00972	0.00673	0.00403	0.00396	0.00129	0.00586	0.00332	0.00186	0.00586
4	0.00585	0.00412	0.00537	0.00537	0.00569	0.00444	0.00363	0.00650	0.00618	0.00856	0.01192	0.02179	0.01268	0.48640	0.38884	0.00509	0.00704	0.00520	0.00233	0.00298
5	0.00710	0.00472	0.00611	0.04275	0.00772	0.00445	0.00459	0.00911	0.03336	0.09632	0.46725	0.04681	0.15773	0.00840	0.00476	0.00136	0.00247	0.08663	0.00420	0.00415
6	0.00523	0.00393	0.00485	0.00503	0.00585	0.00355	0.00362	0.00651	0.00966	0.01292	0.35639	0.30979	0.23728	0.01029	0.00492	0.00143	0.00210	0.00906	0.00405	0.00355
7	0.04423	0.00667	0.00877	0.00713	0.00949	0.00639	0.03312	0.06306	0.06196	0.41165	0.20186	0.04789	0.04340	0.00620	0.00453	0.00130	0.02702	0.00519	0.00441	0.00572
8	0.02655	0.02479	0.06473	0.02696	0.01164	0.00909	0.11420	0.03570	0.00816	0.07618	0.05681	0.03594	0.00941	0.02436	0.14831	0.00238	0.29805	0.00429	0.01774	0.00471
9	0.03047	0.09096	0.18623	0.02494	0.01185	0.04689	0.02092	0.13456	0.05128	0.14884	0.15156	0.02830	0.03301	0.00542	0.00403	0.00124	0.00417	0.01640	0.00335	0.00558
10	0.00899	0.03304	0.04880	0.28476	0.07436	0.03399	0.08630	0.04472	0.02439	0.01257	0.00751	0.00967	0.00592	0.00372	0.00389	0.00107	0.01977	0.00325	0.00218	0.29112

[dist]
# distance from previous block
# <min> <max>
1	21

[block]
# block no. 4 follows, 66 sequences, length 13
# corresponding to MSA columns:
# 594-606
name=unknown_E
#
# <colnr> <probs for GDERKNQSTAVLIFYWHMCP>
#	G	D	E	R	K	N	Q	S	T	A	V	L	I	F	Y	W	H	M	C	P
0	0.05094	0.00865	0.00921	0.00718	0.01034	0.03826	0.00574	0.14430	0.17729	0.04446	0.00972	0.01007	0.00749	0.00397	0.00344	0.00093	0.00346	0.00311	0.00311	0.45832
1	0.30190	0.36475	0.01343	0.00677	0.00971	0.06901	0.00601	0.06497	0.00899	0.09175	0.00710	0.00795	0.00572	0.02326	0.00329	0.00114	0.00406	0.00257	0.00249	0.00511
2	0.00551	0.00390	0.00470	0.00496	0.00550	0.00366	0.00338	0.00639	0.00827	0.01115	0.17546	0.28150	0.14488	0.24520	0.00925	0.00215	0.00269	0.03739	0.04086	0.00322
3	0.00659	0.00370	0.00503	0.00503	0.00507	0.00373	0.00321	0.00558	0.00555	0.00744	0.00923	0.01749	0.00989	0.31139	0.05241	0.53616	0.00398	0.00439	0.00202	0.00209
4	0.00560	0.00430	0.00515	0.00494	0.00606	0.00394	0.00370	0.00758	0.04266	0.01450	0.53324	0.05834	0.27720	0.00892	0.00477	0.00132	0.00202	0.00773	0.00422	0.00379
5	0.00493	0.00412	0.00430	0.00426	0.00557	0.00348	0.00319	0.00609	0.00958	0.01174	0.15672	0.03776	0.71436	0.00998	0.00479	0.00136	0.00203	0.00838	0.00387	0.00348
6	0.00846	0.00897	0.05118	0.41617	0.09686	0.03899	0.07515	0.01080	0.00817	0.01101	0.03632	0.01094	0.00680	0.00531	0.02442	0.00152	0.17841	0.00378	0.00195	0.00478
7	0.00984	0.00944	0.01611	0.09401	0.76456	0.00959	0.01235	0.01228	0.00914	0.01301	0.00760	0.01011	0.00634	0.00365	0.00402	0.00122	0.00487	0.00361	0.00199	0.00627
8	0.00902	0.00986	0.02052	0.25813	0.02316	0.00990	0.58344	0.01223	0.00915	0.01223	0.00792	0.01091	0.00594	0.00360	0.00458	0.00136	0.00642	0.00444	0.00198	0.00519
9	0.00909	0.07878	0.18609	0.10899	0.04108	0.12741	0.02170	0.01234	0.10203	0.01163	0.01131	0.06402	0.03756	0.00669	0.02730	0.03898	0.03816	0.06949	0.00245	0.00489
10	0.00757	0.00708	0.01201	0.74818	0.02587	0.00862	0.03851	0.01023	0.00845	0.01095	0.07635	0.01246	0.00820	0.00439	0.00414	0.00135	0.00516	0.00396	0.00204	0.00448
11	0.00842	0.03679	0.10305	0.16101	0.09825	0.00829	0.10221	0.06295	0.05689	0.02833	0.01289	0.18683	0.04732	0.00706	0.03104	0.00155	0.03386	0.00558	0.00269	0.00499
12	0.09977	0.07320	0.01253	0.07817	0.14750	0.08162	0.02190	0.28944	0.01243	0.04550	0.00869	0.00966	0.02024	0.00424	0.00369	0.00114	0.00454	0.00331	0.00290	0.07951

[dist]
# distance from previous block
# <min> <max>
1	17

[block]
# block no. 5 follows, 66 sequences, length 43
# corresponding to MSA columns:
# 626-668
name=unknown_F
#
# <colnr> <probs for GDERKNQSTAVLIFYWHMCP>
#	G	D	E	R	K	N	Q	S	T	A	V	L	I	F	Y	W	H	M	C	P
0	0.03366	0.17044	0.37279	0.07192	0.04383	0.04649	0.08895	0.05230	0.02923	0.02081	0.01512	0.02281	0.00626	0.00405	0.00374	0.00121	0.00540	0.00331	0.00207	0.00561
1	0.00873	0.04153	0.00751	0.00623	0.00802	0.00641	0.00488	0.07318	0.17349	0.10778	0.25171	0.07065	0.18951	0.00805	0.02272	0.00143	0.00289	0.00635	0.00408	0.00487
2	0.00928	0.00939	0.06888	0.11820	0.06692	0.01935	0.12251	0.06791	0.29672	0.01457	0.03922	0.04068	0.03648	0.00635	0.04170	0.00158	0.02699	0.00463	0.00304	0.00557
3	0.00725	0.00574	0.00671	0.00577	0.00774	0.00521	0.00444	0.02087	0.12373	0.02854	0.30882	0.06348	0.13958	0.00684	0.00420	0.00113	0.00250	0.00587	0.00371	0.24787
4	0.00596	0.00538	0.03517	0.00660	0.00729	0.00540	0.00509	0.00739	0.04185	0.01081	0.03490	0.47423	0.14539	0.01124	0.03149	0.00175	0.14295	0.02002	0.00334	0.00375
5	0.09145	0.03690	0.01313	0.02581	0.01318	0.02291	0.18553	0.12971	0.04730	0.36331	0.02243	0.01183	0.00838	0.00452	0.00405	0.00127	0.00442	0.00398	0.00374	0.00616
6	0.01213	0.23346	0.01224	0.00739	0.00998	0.03587	0.00627	0.07337	0.16479	0.22019	0.11677	0.01369	0.01233	0.00604	0.03365	0.00137	0.02716	0.00401	0.00356	0.00571
7	0.00585	0.00429	0.00635	0.00635	0.00700	0.00494	0.00486	0.00709	0.00643	0.00923	0.01082	0.01640	0.01028	0.07744	0.75962	0.04284	0.01016	0.00440	0.00217	0.00348
8	0.00593	0.00425	0.00560	0.00555	0.00589	0.00468	0.00383	0.00662	0.00619	0.00863	0.01170	0.02120	0.01238	0.45414	0.39841	0.00507	0.02943	0.00512	0.00231	0.00305
9	0.00534	0.00410	0.00472	0.00460	0.00573	0.00362	0.00344	0.00681	0.01022	0.01357	0.40536	0.05650	0.40963	0.00921	0.00473	0.00132	0.00199	0.00789	0.03761	0.00362
10	0.00581	0.00433	0.00516	0.00521	0.00621	0.01356	0.00390	0.00734	0.01889	0.02786	0.35688	0.18905	0.24668	0.00966	0.00485	0.00140	0.00227	0.06453	0.02271	0.00370
11	0.57069	0.01076	0.00826	0.00784	0.04581	0.20860	0.00592	0.01281	0.00805	0.01535	0.00586	0.00709	0.00476	0.00412	0.00369	0.00124	0.06979	0.00246	0.00233	0.00456
12	0.05431	0.14671	0.30925	0.00897	0.01293	0.09547	0.00944	0.03004	0.04579	0.17928	0.00976	0.02111	0.01739	0.00478	0.01772	0.00127	0.00498	0.00329	0.00269	0.02485
13	0.01411	0.01584	0.01143	0.06499	0.04726	0.56256	0.00795	0.14027	0.01226	0.02874	0.02328	0.00887	0.00646	0.00437	0.00376	0.00110	0.00628	0.00304	0.03232	0.00510
14	0.00515	0.00412	0.00461	0.00449	0.00570	0.00358	0.00336	0.00651	0.01009	0.01296	0.33875	0.03575	0.53156	0.00953	0.00479	0.00133	0.00200	0.00810	0.00403	0.00358
15	0.00580	0.00432	0.00639	0.00639	0.00707	0.00500	0.00491	0.00716	0.00648	0.00932	0.01098	0.01658	0.01042	0.08054	0.79161	0.00636	0.01045	0.00444	0.00219	0.00355
16	0.00884	0.00895	0.03888	0.01347	0.03061	0.00819	0.48253	0.01168	0.00954	0.04414	0.01316	0.02240	0.02407	0.00606	0.00498	0.00152	0.00560	0.25768	0.00271	0.00498
17	0.01725	0.00760	0.00969	0.00747	0.01053	0.00710	0.00616	0.16701	0.01286	0.65116	0.01473	0.01311	0.00948	0.00498	0.00402	0.00124	0.00357	0.00399	0.04129	0.00677
18	0.00863	0.00734	0.00853	0.00611	0.00971	0.00563	0.00490	0.03548	0.00875	0.01361	0.00729	0.00845	0.00604	0.00306	0.00304	0.00062	0.00305	0.00244	0.00246	0.85486
19	0.01216	0.13783	0.01241	0.02730	0.05518	0.03979	0.00732	0.27133	0.32102	0.04149	0.01180	0.02560	0.00903	0.00493	0.00387	0.00123	0.00404	0.00389	0.00353	0.00625
20	0.03984	0.00432	0.00535	0.00545	0.00635	0.00409	0.00399	0.00776	0.02241	0.05595	0.29149	0.29964	0.11021	0.06666	0.00590	0.00162	0.00247	0.05884	0.00393	0.00374
21	0.12079	0.00626	0.03457	0.00688	0.01893	0.00641	0.00541	0.03701	0.00782	0.14143	0.01114	0.04148	0.01012	0.15648	0.27643	0.02848	0.06694	0.01635	0.00279	0.00427
22	0.01268	0.34191	0.02837	0.03002	0.09605	0.11053	0.02913	0.11264	0.05916	0.13005	0.00867	0.00916	0.00669	0.00410	0.00346	0.00108	0.00468	0.00308	0.00271	0.00579
23	0.00621	0.00435	0.00524	0.00500	0.00621	0.00391	0.00375	0.00791	0.02819	0.06380	0.42729	0.09797	0.30696	0.00907	0.00476	0.00134	0.00212	0.00784	0.00420	0.00389
24	0.00531	0.00389	0.00503	0.00558	0.00621	0.00361	0.00406	0.00647	0.00897	0.01195	0.20012	0.46751	0.12803	0.01125	0.00510	0.00156	0.00240	0.11554	0.00391	0.00349
25	0.11561	0.01105	0.03055	0.02409	0.01323	0.09388	0.13695	0.35707	0.04046	0.08338	0.00957	0.01051	0.00704	0.00453	0.00394	0.00124	0.00481	0.01544	0.03072	0.00594
26	0.01362	0.01220	0.04518	0.03308	0.01226	0.20341	0.00761	0.35476	0.08700	0.07978	0.01039	0.01185	0.00801	0.02040	0.02059	0.00138	0.01519	0.03420	0.02320	0.00588
27	0.00782	0.00737	0.01245	0.79358	0.08080	0.00906	0.01135	0.01050	0.00819	0.01056	0.00724	0.01077	0.00548	0.00403	0.00405	0.00134	0.00537	0.00361	0.00182	0.00463
28	0.00561	0.00419	0.00521	0.00575	0.00648	0.00399	0.00424	0.02007	0.03417	0.01145	0.06371	0.43500	0.18280	0.04370	0.00570	0.00169	0.00265	0.15627	0.00376	0.00355
29	0.01651	0.00537	0.04257	0.00744	0.04190	0.00485	0.01633	0.00811	0.03275	0.05264	0.01945	0.56064	0.02197	0.01071	0.00531	0.00161	0.03536	0.10896	0.00356	0.00396
30	0.03516	0.01069	0.01076	0.00874	0.01160	0.09367	0.00704	0.39063	0.21623	0.15475	0.01200	0.01143	0.00855	0.00496	0.00400	0.00125	0.00424	0.00382	0.00400	0.00650
31	0.01160	0.00743	0.00841	0.00706	0.00945	0.00759	0.00567	0.19876	0.18594	0.20940	0.04815	0.02124	0.22207	0.00675	0.00434	0.00132	0.00323	0.03165	0.00423	0.00570
32	0.04555	0.00725	0.00775	0.00684	0.00870	0.04345	0.00531	0.17502	0.12768	0.09153	0.18680	0.13172	0.10341	0.02179	0.00467	0.00138	0.00318	0.01895	0.00399	0.00502
33	0.00964	0.00802	0.04506	0.02214	0.01021	0.00830	0.02677	0.22825	0.14070	0.03507	0.03756	0.13512	0.01273	0.06589	0.13722	0.00236	0.04851	0.01795	0.00335	0.00512
34	0.05978	0.05132	0.01148	0.02846	0.01153	0.01009	0.03589	0.32436	0.01288	0.21393	0.01076	0.04592	0.00819	0.01879	0.00546	0.00135	0.11758	0.00400	0.02227	0.00596
35	0.00501	0.00370	0.00462	0.00529	0.00578	0.00339	0.00361	0.00579	0.00810	0.01054	0.04709	0.61550	0.18869	0.05266	0.00584	0.00170	0.00238	0.02328	0.00372	0.00330
36	0.02666	0.04203	0.03201	0.07705	0.11474	0.10786	0.13497	0.24985	0.09980	0.03195	0.00963	0.03809	0.00758	0.00458	0.00408	0.00125	0.00507	0.00398	0.00294	0.00588
37	0.02183	0.05013	0.04872	0.07446	0.38838	0.07641	0.02459	0.12641	0.08211	0.03859	0.00865	0.01012	0.00679	0.00414	0.00411	0.00122	0.02117	0.00355	0.00254	0.00608
38	0.01179	0.00755	0.00865	0.00728	0.00950	0.00788	0.00574	0.23763	0.17181	0.18647	0.09182	0.08234	0.06104	0.05863	0.00529	0.00147	0.00338	0.01656	0.01950	0.00567
39	0.00589	0.00419	0.00572	0.00601	0.00666	0.00397	0.03078	0.00697	0.01804	0.03651	0.06435	0.49109	0.08573	0.11102	0.02673	0.00199	0.00302	0.08423	0.00360	0.00351
40	0.07305	0.15053	0.13250	0.00965	0.08492	0.07634	0.00810	0.12973	0.08273	0.02942	0.02608	0.00941	0.00708	0.00405	0.00348	0.00106	0.00439	0.00307	0.00262	0.16180
41	0.02940	0.01915	0.02212	0.04703	0.05203	0.01872	0.03711	0.09104	0.11966	0.18170	0.05534	0.17630	0.11897	0.00710	0.00438	0.00136	0.00345	0.00612	0.00377	0.00525
42	0.00911	0.00504	0.00663	0.00627	0.00769	0.00464	0.01558	0.02257	0.03574	0.22745	0.09330	0.36715	0.06945	0.00914	0.00468	0.00145	0.00279	0.05679	0.03301	0.02152

[dist]
# distance from previous block
# <min> <max>
0	1

[block]
# block no. 6 follows, 66 sequences, length 12
# corresponding to MSA columns:
# 674,675,707-716
name=unknown_G
#
# <colnr> <probs for GDERKNQSTAVLIFYWHMCP>
#	G	D	E	R	K	N	Q	S	T	A	V	L	I	F	Y	W	H	M	C	P
0	0.01153	0.07667	0.11852	0.04599	0.04511	0.13444	0.05272	0.19199	0.04901	0.05237	0.00963	0.01208	0.01780	0.00610	0.04037	0.00151	0.07831	0.04758	0.00275	0.00554
1	0.01217	0.07277	0.08844	0.05526	0.13988	0.20249	0.02184	0.13557	0.03351	0.08463	0.00881	0.03557	0.00707	0.00515	0.02135	0.00132	0.05166	0.00356	0.00265	0.01630
2	0.00752	0.00550	0.00859	0.10563	0.06301	0.00543	0.07009	0.00914	0.00900	0.08875	0.09853	0.31781	0.04369	0.02727	0.00519	0.00156	0.00350	0.12209	0.00345	0.00425
3	0.00957	0.00808	0.02735	0.08139	0.02582	0.00774	0.03239	0.09551	0.14889	0.05261	0.04487	0.03086	0.02821	0.00507	0.01749	0.00116	0.04121	0.00383	0.00302	0.33492
4	0.01083	0.08948	0.06953	0.05130	0.10312	0.05494	0.07286	0.15497	0.07689	0.05391	0.02066	0.02816	0.03544	0.00538	0.01664	0.00134	0.09558	0.01473	0.00278	0.04144
5	0.00686	0.00438	0.00599	0.00636	0.05108	0.00451	0.00402	0.00701	0.00633	0.04216	0.01087	0.01935	0.01125	0.38580	0.21568	0.20273	0.00554	0.00479	0.00231	0.00298
6	0.02883	0.08880	0.05025	0.04247	0.03033	0.09627	0.05520	0.22530	0.17345	0.07438	0.01045	0.03461	0.00811	0.00496	0.00452	0.00127	0.05786	0.00385	0.00319	0.00589
7	0.00915	0.00708	0.00823	0.00615	0.00938	0.00576	0.00491	0.04680	0.04519	0.07644	0.02944	0.01248	0.08348	0.00414	0.00339	0.00080	0.00300	0.00336	0.00292	0.63789
8	0.02894	0.00988	0.09275	0.13079	0.01430	0.00934	0.03781	0.29578	0.03590	0.17760	0.01178	0.02573	0.04398	0.00539	0.00479	0.03331	0.02857	0.00404	0.00342	0.00588
9	0.02418	0.11284	0.08471	0.04488	0.03836	0.00946	0.16265	0.03502	0.16039	0.03158	0.06360	0.08657	0.01177	0.00641	0.02995	0.00150	0.05083	0.03722	0.00285	0.00523
10	0.63907	0.00846	0.04400	0.00652	0.00919	0.00888	0.03479	0.04996	0.04142	0.06258	0.00799	0.03499	0.00648	0.00444	0.00305	0.00129	0.00347	0.02582	0.00281	0.00479
11	0.10863	0.00728	0.00880	0.04877	0.00982	0.03328	0.00631	0.04079	0.07227	0.10753	0.06902	0.01434	0.02790	0.06583	0.15471	0.00249	0.21053	0.00419	0.00286	0.00464

[dist]
# distance from previous block
# <min> <max>
19	220

# created by:
# /home/cegg/simao/soft/augustus-3.2.1/scripts/msa2prfl.pl ./align_prep/EOG092C54X6.fa
