[name]
unknown

[dist]
# distance from previous block
# <min> <max>
0	921

[block]
# block no. 0 follows, 67 sequences, length 40
# corresponding to MSA columns:
# 921-941,948-966
name=unknown_A
#
# <colnr> <probs for GDERKNQSTAVLIFYWHMCP>
#	G	D	E	R	K	N	Q	S	T	A	V	L	I	F	Y	W	H	M	C	P
0	0.00798	0.00499	0.00683	0.00726	0.00844	0.00492	0.00623	0.02877	0.00956	0.10765	0.01992	0.03983	0.02077	0.05049	0.00603	0.00186	0.00369	0.65692	0.00379	0.00407
1	0.05535	0.29325	0.01417	0.00873	0.01136	0.41635	0.00720	0.07588	0.06201	0.01170	0.00686	0.00760	0.00569	0.00402	0.00328	0.00102	0.00560	0.00262	0.00225	0.00507
2	0.00582	0.00516	0.00498	0.00472	0.00616	0.04431	0.00349	0.00724	0.04110	0.01112	0.06830	0.03260	0.59457	0.08666	0.00597	0.00152	0.00255	0.00732	0.00348	0.06291
3	0.02417	0.00950	0.01047	0.00845	0.02330	0.04966	0.00674	0.39604	0.06472	0.27171	0.01183	0.01192	0.00840	0.04544	0.00492	0.00135	0.02084	0.00384	0.02035	0.00634
4	0.00953	0.02454	0.05588	0.08176	0.25067	0.04975	0.26432	0.03287	0.00909	0.01244	0.02043	0.01090	0.02604	0.00431	0.00539	0.00132	0.11710	0.00400	0.01428	0.00539
5	0.00901	0.00754	0.00869	0.00627	0.00980	0.00606	0.00504	0.09141	0.00937	0.01429	0.00738	0.00845	0.00603	0.00316	0.00307	0.00066	0.00311	0.00250	0.00254	0.79562
6	0.00550	0.00412	0.00515	0.00504	0.00599	0.00381	0.00374	0.00727	0.02649	0.01425	0.55211	0.12837	0.17699	0.00972	0.03203	0.00149	0.00228	0.00781	0.00413	0.00369
7	0.23216	0.00889	0.00935	0.00744	0.01027	0.00949	0.00608	0.36185	0.02512	0.12564	0.02165	0.04252	0.00778	0.00478	0.00376	0.00119	0.02009	0.00355	0.00354	0.09486
8	0.01531	0.01053	0.01136	0.00884	0.01193	0.03292	0.00725	0.61199	0.07533	0.15633	0.01103	0.01060	0.00767	0.00487	0.00401	0.00122	0.00424	0.00372	0.00412	0.00673
9	0.02048	0.02092	0.32662	0.02312	0.04075	0.02597	0.09822	0.11174	0.11664	0.14911	0.01033	0.02133	0.00743	0.00439	0.00400	0.00127	0.00496	0.00372	0.00290	0.00609
10	0.00599	0.00444	0.00507	0.00483	0.00615	0.00398	0.00364	0.00782	0.04935	0.05212	0.30502	0.06650	0.44110	0.00903	0.00466	0.00132	0.00213	0.00770	0.00402	0.01515
11	0.14932	0.07999	0.09514	0.03100	0.06593	0.03832	0.00772	0.16294	0.26687	0.04804	0.01043	0.01055	0.00781	0.00450	0.00364	0.00124	0.00407	0.00347	0.00315	0.00589
12	0.18859	0.01039	0.02707	0.02513	0.01174	0.01130	0.00707	0.56385	0.05466	0.04807	0.00924	0.00939	0.00662	0.00460	0.00371	0.00122	0.00411	0.00337	0.00365	0.00624
13	0.00617	0.00420	0.00529	0.00505	0.00612	0.00379	0.00377	0.00776	0.01059	0.06377	0.55897	0.11255	0.17930	0.00879	0.00473	0.00131	0.00205	0.00769	0.00425	0.00384
14	0.01197	0.31518	0.19057	0.00908	0.02836	0.01262	0.00892	0.28657	0.01197	0.05546	0.00782	0.00842	0.00596	0.00415	0.00369	0.00111	0.02656	0.00297	0.00265	0.00596
15	0.00583	0.00389	0.00437	0.00437	0.00437	0.00389	0.00243	0.00583	0.00583	0.00778	0.01264	0.02624	0.01458	0.85906	0.02041	0.00389	0.00389	0.00583	0.00243	0.00243
16	0.31422	0.02264	0.04751	0.00769	0.01056	0.04825	0.00652	0.31108	0.10847	0.05696	0.02412	0.00953	0.00714	0.00448	0.00346	0.00123	0.00392	0.00321	0.00332	0.00569
17	0.00606	0.00438	0.00531	0.04549	0.00648	0.00430	0.00356	0.02260	0.00797	0.01088	0.19382	0.05206	0.09898	0.41534	0.04699	0.00272	0.00350	0.00617	0.02601	0.03737
18	0.00519	0.00377	0.00520	0.02767	0.00668	0.00375	0.00422	0.00609	0.00753	0.01012	0.01970	0.64559	0.02299	0.03576	0.13349	0.00242	0.00380	0.04929	0.00340	0.00334
19	0.02340	0.02632	0.02313	0.00867	0.01139	0.01102	0.00712	0.45013	0.25131	0.06017	0.01202	0.04415	0.00916	0.00534	0.00438	0.00128	0.03661	0.00414	0.00388	0.00638
20	0.01359	0.10752	0.02176	0.00784	0.01096	0.02588	0.02112	0.21483	0.11467	0.26984	0.02726	0.01134	0.00867	0.00454	0.00374	0.00111	0.00381	0.00358	0.00373	0.12420
21	0.01115	0.19932	0.25363	0.01101	0.08451	0.05564	0.07997	0.07177	0.04780	0.11630	0.00858	0.00932	0.00638	0.00396	0.00366	0.00115	0.00500	0.00321	0.00247	0.02515
22	0.00916	0.36133	0.49188	0.00968	0.01456	0.01199	0.02654	0.01242	0.00836	0.01138	0.00656	0.00769	0.00513	0.00365	0.00333	0.00110	0.00528	0.00266	0.00171	0.00560
23	0.00491	0.00405	0.00431	0.00428	0.00553	0.00345	0.00320	0.00608	0.00950	0.01177	0.18348	0.05818	0.66764	0.00986	0.00475	0.00134	0.00201	0.00832	0.00385	0.00345
24	0.00807	0.00845	0.06345	0.51885	0.21878	0.00879	0.04117	0.01071	0.00835	0.01118	0.00817	0.06131	0.00687	0.00438	0.00408	0.00132	0.00511	0.00404	0.00195	0.00496
25	0.01282	0.00952	0.01313	0.18331	0.17756	0.07493	0.07979	0.15682	0.01143	0.22578	0.00990	0.01085	0.00703	0.00427	0.00404	0.00124	0.00484	0.00372	0.00308	0.00595
26	0.00518	0.00391	0.00452	0.00482	0.00571	0.00346	0.00344	0.00612	0.00866	0.02606	0.08277	0.33490	0.42220	0.04495	0.00551	0.00156	0.00227	0.02681	0.00374	0.00340
27	0.01525	0.01123	0.01204	0.00923	0.01244	0.01244	0.00762	0.82067	0.01886	0.02528	0.00963	0.00963	0.00682	0.00481	0.00401	0.00120	0.00441	0.00361	0.00401	0.00682
28	0.00778	0.00469	0.00612	0.00547	0.00680	0.00432	0.00420	0.02236	0.02170	0.14249	0.68324	0.02694	0.03274	0.00761	0.00460	0.00126	0.00218	0.00667	0.00449	0.00433
29	0.00938	0.00870	0.01457	0.08483	0.66154	0.00883	0.01119	0.01180	0.02527	0.02449	0.00925	0.08374	0.00842	0.00454	0.00410	0.00125	0.00453	0.01543	0.00223	0.00591
30	0.00895	0.01031	0.07961	0.27024	0.05002	0.00961	0.47197	0.01215	0.00898	0.02691	0.00787	0.01063	0.00586	0.00364	0.00441	0.00133	0.00614	0.00419	0.00198	0.00521
31	0.00485	0.00406	0.00423	0.00420	0.00549	0.00343	0.00314	0.00597	0.00938	0.01144	0.13368	0.05030	0.72615	0.00996	0.00474	0.00135	0.00202	0.00837	0.00381	0.00343
32	0.00818	0.02559	0.14803	0.00782	0.01016	0.00784	0.02161	0.05739	0.26577	0.01459	0.18432	0.02940	0.04646	0.04456	0.08227	0.00190	0.03072	0.00499	0.00332	0.00509
33	0.01515	0.01786	0.01132	0.01009	0.01230	0.73319	0.00765	0.08344	0.01200	0.05097	0.00695	0.00774	0.00553	0.00423	0.00367	0.00106	0.00681	0.00274	0.00237	0.00494
34	0.00954	0.06785	0.05341	0.00675	0.01018	0.00707	0.00578	0.01293	0.13756	0.08223	0.00920	0.00969	0.00717	0.00360	0.00325	0.00082	0.00329	0.00287	0.00278	0.56404
35	0.00955	0.00779	0.02924	0.00720	0.00957	0.01963	0.02362	0.14694	0.22408	0.05573	0.22513	0.01819	0.07224	0.00590	0.00413	0.00119	0.00316	0.00496	0.00380	0.12796
36	0.00799	0.00639	0.00718	0.00674	0.00826	0.00688	0.00509	0.08431	0.33915	0.01534	0.17298	0.23207	0.07502	0.00803	0.00450	0.00140	0.00275	0.00697	0.00402	0.00492
37	0.00539	0.00370	0.00450	0.00494	0.00505	0.00359	0.00303	0.00572	0.00669	0.00892	0.01705	0.41340	0.02015	0.46430	0.01328	0.00283	0.00316	0.00843	0.00303	0.00282
38	0.07518	0.78219	0.01972	0.00681	0.01015	0.03165	0.00669	0.01207	0.00812	0.01007	0.00559	0.00646	0.00509	0.00347	0.00259	0.00089	0.00426	0.00216	0.00178	0.00508
39	0.01372	0.07119	0.01135	0.00897	0.01148	0.34194	0.00710	0.16507	0.16757	0.10194	0.00982	0.00995	0.00742	0.00494	0.01627	0.00121	0.01524	0.00330	0.00310	0.02843

[dist]
# distance from previous block
# <min> <max>
0	5

[block]
# block no. 1 follows, 67 sequences, length 9
# corresponding to MSA columns:
# 972-980
name=unknown_B
#
# <colnr> <probs for GDERKNQSTAVLIFYWHMCP>
#	G	D	E	R	K	N	Q	S	T	A	V	L	I	F	Y	W	H	M	C	P
0	0.00665	0.00548	0.00605	0.00642	0.00723	0.05146	0.00465	0.00946	0.15929	0.01172	0.05396	0.48262	0.02211	0.06010	0.00577	0.00169	0.00298	0.09481	0.00365	0.00393
1	0.24603	0.04966	0.00874	0.00751	0.02443	0.21892	0.00568	0.01118	0.00818	0.01224	0.00859	0.11347	0.00856	0.08475	0.00586	0.00145	0.08520	0.00392	0.00240	0.09323
2	0.09153	0.01062	0.04846	0.07388	0.01164	0.21564	0.03077	0.01143	0.00899	0.03704	0.13779	0.03193	0.04610	0.00589	0.00627	0.00135	0.21950	0.00416	0.00255	0.00447
3	0.00902	0.00754	0.00869	0.00627	0.00980	0.00606	0.00504	0.09219	0.00938	0.01430	0.00738	0.00845	0.00603	0.00316	0.00308	0.00066	0.00312	0.00250	0.00254	0.79478
4	0.00807	0.00766	0.00679	0.00634	0.00786	0.15034	0.00478	0.06813	0.10504	0.01334	0.18129	0.10950	0.29922	0.00805	0.00445	0.00130	0.00324	0.00670	0.00363	0.00426
5	0.02637	0.00862	0.04501	0.03455	0.05258	0.04672	0.03847	0.07606	0.05542	0.13138	0.02727	0.03617	0.04909	0.00451	0.00380	0.00102	0.01501	0.00373	0.00301	0.34121
6	0.63599	0.00815	0.00794	0.00668	0.00909	0.00935	0.03848	0.06967	0.00810	0.08315	0.00677	0.00770	0.00513	0.00420	0.00383	0.00129	0.08437	0.00266	0.00270	0.00477
7	0.80414	0.00809	0.00648	0.00565	0.00820	0.00933	0.00466	0.08899	0.00797	0.01869	0.00597	0.00681	0.00458	0.00383	0.00263	0.00124	0.00323	0.00231	0.00263	0.00458
8	0.00496	0.00355	0.00472	0.00553	0.00583	0.00331	0.00373	0.00577	0.00802	0.01078	0.09748	0.77951	0.02758	0.01216	0.00508	0.00159	0.00229	0.01102	0.00379	0.00331

[dist]
# distance from previous block
# <min> <max>
0	26

[block]
# block no. 2 follows, 67 sequences, length 9
# corresponding to MSA columns:
# 1007-1015
name=unknown_C
#
# <colnr> <probs for GDERKNQSTAVLIFYWHMCP>
#	G	D	E	R	K	N	Q	S	T	A	V	L	I	F	Y	W	H	M	C	P
0	0.00748	0.00374	0.00374	0.00374	0.00467	0.00374	0.00280	0.00934	0.00841	0.01495	0.01308	0.01495	0.01028	0.00467	0.00280	0.00093	0.00187	0.00374	0.88132	0.00374
1	0.04668	0.00855	0.03065	0.04285	0.01139	0.00866	0.00669	0.20473	0.21784	0.31939	0.01316	0.01246	0.00914	0.00533	0.00449	0.04002	0.00372	0.00392	0.00407	0.00627
2	0.01050	0.00887	0.00936	0.00827	0.01063	0.01022	0.00647	0.10050	0.74675	0.01762	0.01566	0.01443	0.01171	0.00538	0.00407	0.00134	0.00330	0.00444	0.00407	0.00639
3	0.00748	0.00374	0.00374	0.00374	0.00467	0.00374	0.00280	0.00934	0.00841	0.01495	0.01308	0.01495	0.01028	0.00467	0.00280	0.00093	0.00187	0.00374	0.88132	0.00374
4	0.21471	0.01084	0.01125	0.16930	0.04838	0.19755	0.04768	0.06267	0.00891	0.01302	0.00641	0.00847	0.00523	0.00457	0.00543	0.00132	0.17431	0.00307	0.00216	0.00473
5	0.00608	0.00464	0.00744	0.00723	0.00811	0.00434	0.11206	0.00722	0.00813	0.04277	0.01997	0.67413	0.02301	0.01098	0.00504	0.00159	0.00302	0.04700	0.00355	0.00370
6	0.12489	0.26807	0.01364	0.00885	0.04885	0.19315	0.03533	0.10779	0.07897	0.01345	0.00886	0.04616	0.02727	0.00452	0.00339	0.00111	0.00467	0.00334	0.00252	0.00517
7	0.01072	0.04321	0.21979	0.01019	0.04174	0.10566	0.07453	0.14129	0.02371	0.07438	0.00878	0.01071	0.00693	0.03978	0.09170	0.02621	0.03593	0.00353	0.00252	0.02871
8	0.00882	0.00689	0.00966	0.03706	0.18140	0.00722	0.02909	0.10537	0.06289	0.03905	0.01227	0.04301	0.04823	0.16586	0.05649	0.08217	0.03416	0.04387	0.00274	0.02375

[dist]
# distance from previous block
# <min> <max>
0	1

[block]
# block no. 3 follows, 67 sequences, length 77
# corresponding to MSA columns:
# 1017-1093
name=unknown_D
#
# <colnr> <probs for GDERKNQSTAVLIFYWHMCP>
#	G	D	E	R	K	N	Q	S	T	A	V	L	I	F	Y	W	H	M	C	P
0	0.03426	0.02759	0.03013	0.03655	0.01107	0.07598	0.10216	0.14206	0.09591	0.07563	0.01110	0.04581	0.00985	0.19729	0.06414	0.00221	0.02597	0.00453	0.00293	0.00483
1	0.00748	0.00374	0.00374	0.00374	0.00467	0.00374	0.00280	0.00934	0.00841	0.01495	0.01308	0.01495	0.01028	0.00467	0.00280	0.00093	0.00187	0.00374	0.88132	0.00374
2	0.00898	0.00754	0.00887	0.00643	0.00994	0.01693	0.02282	0.04095	0.02214	0.03644	0.00762	0.00866	0.00618	0.00316	0.00310	0.00067	0.00318	0.00256	0.00253	0.78131
3	0.88738	0.00776	0.00589	0.00527	0.00776	0.00900	0.00434	0.01179	0.00683	0.01799	0.00558	0.00651	0.00434	0.00372	0.00248	0.00124	0.00310	0.00217	0.00248	0.00434
4	0.00877	0.00877	0.01228	0.01053	0.01053	0.01228	0.00877	0.00965	0.00614	0.00965	0.00526	0.00877	0.00526	0.00702	0.01316	0.00175	0.85172	0.00351	0.00175	0.00439
5	0.00833	0.00581	0.00838	0.00686	0.00853	0.00540	0.11266	0.03199	0.00831	0.09704	0.05234	0.04840	0.01265	0.30125	0.04430	0.00229	0.00403	0.02247	0.08718	0.13179
6	0.88738	0.00776	0.00589	0.00527	0.00776	0.00900	0.00434	0.01179	0.00683	0.01799	0.00558	0.00651	0.00434	0.00372	0.00248	0.00124	0.00310	0.00217	0.00248	0.00434
7	0.00877	0.00877	0.01228	0.01053	0.01053	0.01228	0.00877	0.00965	0.00614	0.00965	0.00526	0.00877	0.00526	0.00702	0.01316	0.00175	0.85172	0.00351	0.00175	0.00439
8	0.00476	0.00406	0.00409	0.00409	0.00543	0.00340	0.00306	0.00580	0.00919	0.01096	0.05981	0.03839	0.81315	0.01011	0.00474	0.00135	0.00203	0.00843	0.00374	0.00340
9	0.00832	0.05201	0.71015	0.01136	0.03010	0.00949	0.04243	0.02743	0.02043	0.01284	0.01990	0.00924	0.00593	0.01845	0.00410	0.00130	0.00571	0.00315	0.00184	0.00582
10	0.00494	0.00353	0.00471	0.00560	0.00587	0.00330	0.00378	0.00569	0.00781	0.01043	0.04428	0.81792	0.02677	0.01242	0.00512	0.00162	0.00234	0.02684	0.00374	0.00328
11	0.00880	0.00773	0.00855	0.00622	0.00971	0.03818	0.00496	0.03609	0.00877	0.01333	0.00717	0.00832	0.00594	0.00307	0.00303	0.00063	0.00318	0.00242	0.00242	0.82149
12	0.00840	0.00518	0.00678	0.00595	0.00751	0.00486	0.02248	0.02664	0.06269	0.16450	0.52260	0.02620	0.08754	0.00747	0.00457	0.00128	0.00246	0.02399	0.00437	0.00456
13	0.00829	0.00716	0.00858	0.04029	0.01022	0.00585	0.00519	0.01029	0.02724	0.01297	0.02551	0.00906	0.00674	0.00335	0.00350	0.00070	0.03792	0.00263	0.00241	0.77210
14	0.00685	0.00454	0.00547	0.00515	0.00624	0.02247	0.00393	0.00866	0.01072	0.06093	0.58078	0.03984	0.04507	0.00759	0.00440	0.00123	0.00217	0.03784	0.14218	0.00395
15	0.00578	0.00419	0.00596	0.00596	0.00650	0.00473	0.00441	0.00683	0.00628	0.00892	0.01109	0.01803	0.01098	0.21503	0.64320	0.02291	0.00907	0.00462	0.00220	0.00329
16	0.01139	0.01303	0.01191	0.01043	0.01132	0.35170	0.00834	0.02243	0.00844	0.00991	0.00570	0.00815	0.00524	0.00581	0.00915	0.00145	0.49602	0.00313	0.00191	0.00452
17	0.00820	0.00681	0.00795	0.00593	0.00906	0.00540	0.00470	0.03566	0.02242	0.01377	0.08634	0.03391	0.00977	0.00387	0.00324	0.00073	0.00287	0.00319	0.02400	0.71215
18	0.00640	0.00501	0.00631	0.00639	0.00737	0.00509	0.02465	0.02896	0.16641	0.01279	0.12427	0.46318	0.06654	0.01002	0.00483	0.00151	0.00265	0.04969	0.00384	0.00409
19	0.00612	0.00440	0.00474	0.00471	0.00483	0.03063	0.00278	0.00625	0.00605	0.00795	0.01230	0.02490	0.01396	0.77331	0.07802	0.00398	0.00448	0.00562	0.00240	0.00258
20	0.00590	0.00413	0.00518	0.00561	0.00606	0.00406	0.00411	0.00674	0.00755	0.00990	0.03177	0.12504	0.06075	0.39666	0.01220	0.00272	0.00352	0.30191	0.00314	0.00306
21	0.05184	0.35676	0.01448	0.00830	0.03672	0.17816	0.00688	0.08054	0.09552	0.06795	0.02857	0.01029	0.02576	0.00441	0.00335	0.00107	0.00456	0.01691	0.00263	0.00533
22	0.01024	0.01167	0.01952	0.01456	0.01776	0.14606	0.56070	0.03280	0.00971	0.01237	0.02225	0.03724	0.00708	0.00421	0.00523	0.00134	0.07545	0.00451	0.00216	0.00514
23	0.00804	0.00479	0.00618	0.00620	0.00732	0.00461	0.00469	0.02643	0.06428	0.14968	0.12247	0.39374	0.02275	0.00961	0.00477	0.00150	0.00272	0.11924	0.03668	0.00428
24	0.00554	0.00401	0.00566	0.00590	0.00639	0.00434	0.00429	0.00654	0.00679	0.00948	0.03297	0.24336	0.01560	0.12685	0.47867	0.02394	0.00727	0.00645	0.00265	0.00332
25	0.00886	0.00866	0.01132	0.32760	0.05741	0.12321	0.08052	0.01081	0.00899	0.05035	0.03221	0.01623	0.17286	0.00555	0.00486	0.00132	0.06764	0.00462	0.00245	0.00454
26	0.00507	0.00364	0.00487	0.00563	0.00594	0.00353	0.00385	0.00584	0.00749	0.01004	0.02054	0.68281	0.03645	0.06182	0.10220	0.00231	0.00341	0.02783	0.00347	0.00326
27	0.00490	0.00350	0.00465	0.00556	0.00579	0.00327	0.00370	0.00559	0.00764	0.01019	0.02192	0.84033	0.02629	0.02899	0.00542	0.00167	0.00236	0.01129	0.00370	0.00324
28	0.00774	0.00735	0.01259	0.78579	0.06376	0.00898	0.03688	0.01042	0.00812	0.01046	0.00718	0.01066	0.00542	0.00397	0.00403	0.00133	0.00536	0.00360	0.00180	0.00457
29	0.26451	0.00873	0.00933	0.00739	0.01034	0.00923	0.00609	0.31142	0.02258	0.29593	0.01064	0.01016	0.00722	0.00456	0.00358	0.00123	0.00369	0.00335	0.00390	0.00611
30	0.01092	0.00889	0.02301	0.01202	0.15527	0.00911	0.12140	0.14125	0.24614	0.09300	0.04346	0.01516	0.02750	0.00515	0.00422	0.00131	0.00413	0.04809	0.02401	0.00597
31	0.00748	0.00374	0.00374	0.00374	0.00467	0.00374	0.00280	0.00934	0.00841	0.01495	0.01308	0.01495	0.01028	0.00467	0.00280	0.00093	0.00187	0.00374	0.88132	0.00374
32	0.00736	0.02144	0.00675	0.03425	0.01779	0.00494	0.01525	0.00904	0.04635	0.10913	0.15442	0.34138	0.06045	0.05982	0.03249	0.00176	0.02273	0.04690	0.00368	0.00407
33	0.00586	0.00462	0.02310	0.00613	0.00677	0.00497	0.00467	0.00700	0.00633	0.00902	0.01102	0.01799	0.01093	0.22766	0.61322	0.00564	0.02489	0.00462	0.00220	0.00337
34	0.00748	0.00374	0.00374	0.00374	0.00467	0.00374	0.00280	0.00934	0.00841	0.01495	0.01308	0.01495	0.01028	0.00467	0.00280	0.00093	0.00187	0.00374	0.88132	0.00374
35	0.04857	0.00880	0.01201	0.02100	0.06167	0.02273	0.00862	0.02576	0.00670	0.01052	0.00574	0.00917	0.00555	0.02245	0.02178	0.00177	0.69730	0.00350	0.00187	0.00451
36	0.09243	0.00845	0.01228	0.27511	0.07393	0.03018	0.04958	0.01048	0.00730	0.01103	0.00634	0.00948	0.00543	0.00583	0.02832	0.00161	0.36229	0.00346	0.00188	0.00458
37	0.00564	0.00381	0.00443	0.00462	0.00466	0.00376	0.00269	0.00578	0.00620	0.00827	0.01452	0.19184	0.01696	0.69021	0.01736	0.00344	0.00358	0.00694	0.00269	0.00260
38	0.00827	0.00777	0.01315	0.40985	0.35265	0.00857	0.02392	0.01062	0.00846	0.01145	0.00893	0.10171	0.00805	0.00475	0.00413	0.00131	0.00481	0.00443	0.00208	0.00511
39	0.00678	0.00445	0.00576	0.00619	0.00708	0.00430	0.00476	0.00852	0.05258	0.07796	0.04110	0.37244	0.08481	0.03407	0.01519	0.00172	0.00296	0.24410	0.02138	0.00385
40	0.03330	0.02914	0.02136	0.08011	0.09438	0.07265	0.00784	0.34801	0.05263	0.06075	0.00892	0.00966	0.00667	0.00433	0.00398	0.00113	0.02494	0.00334	0.00313	0.13374
41	0.00966	0.00890	0.07812	0.32667	0.09514	0.00859	0.06441	0.08397	0.01945	0.09068	0.00903	0.04447	0.00711	0.00445	0.00429	0.00125	0.03419	0.00386	0.01745	0.08831
42	0.00980	0.00712	0.02481	0.04706	0.11468	0.02731	0.00641	0.10057	0.05867	0.15489	0.15823	0.12383	0.12538	0.00694	0.00447	0.00131	0.01378	0.00594	0.00369	0.00510
43	0.00773	0.11510	0.32874	0.00961	0.02536	0.00840	0.11252	0.01071	0.00919	0.01286	0.20765	0.03416	0.05414	0.00597	0.02504	0.00138	0.01927	0.00463	0.00255	0.00499
44	0.00576	0.00428	0.00522	0.00518	0.00620	0.00399	0.00385	0.00774	0.05524	0.02606	0.41630	0.18486	0.21977	0.00935	0.00478	0.00137	0.00215	0.03003	0.00409	0.00378
45	0.01067	0.02617	0.01061	0.00959	0.04355	0.23052	0.00731	0.02164	0.04285	0.05671	0.04067	0.04768	0.00861	0.02500	0.00797	0.01957	0.32670	0.00387	0.05572	0.00459
46	0.00946	0.00867	0.03555	0.29663	0.26754	0.02895	0.05176	0.07884	0.02257	0.05204	0.00968	0.10249	0.00843	0.00491	0.00414	0.00130	0.00477	0.00448	0.00245	0.00534
47	0.00601	0.00456	0.00651	0.00633	0.00708	0.00507	0.02389	0.00765	0.04108	0.00965	0.02832	0.01888	0.02969	0.17853	0.58649	0.00534	0.00857	0.02044	0.00239	0.00353
48	0.00911	0.00650	0.03471	0.00701	0.02710	0.00612	0.01405	0.06620	0.12725	0.15140	0.20561	0.04929	0.15661	0.02107	0.03751	0.00158	0.01546	0.05459	0.00392	0.00490
49	0.08761	0.00528	0.00589	0.00514	0.00689	0.00521	0.00408	0.05028	0.00956	0.23522	0.01315	0.02275	0.00982	0.00520	0.01527	0.00115	0.00266	0.01339	0.49669	0.00475
50	0.00972	0.00896	0.01540	0.11786	0.63027	0.00909	0.05276	0.01210	0.00907	0.04232	0.00850	0.03219	0.00724	0.00406	0.00408	0.00124	0.00480	0.02223	0.00215	0.00596
51	0.00496	0.00352	0.00463	0.00549	0.00571	0.00330	0.00363	0.00560	0.00754	0.01006	0.02140	0.79505	0.02564	0.07516	0.00625	0.00180	0.00244	0.01099	0.00363	0.00320
52	0.00852	0.00829	0.03224	0.49994	0.21497	0.00920	0.03967	0.02953	0.06856	0.01187	0.00824	0.02625	0.00653	0.00420	0.00416	0.00131	0.01548	0.00381	0.00209	0.00514
53	0.00489	0.00349	0.00465	0.00558	0.00582	0.00326	0.00372	0.00558	0.00768	0.01024	0.02210	0.85644	0.02653	0.01256	0.00512	0.00163	0.00233	0.01140	0.00372	0.00326
54	0.00485	0.00363	0.00451	0.00522	0.00572	0.00329	0.00356	0.00563	0.00803	0.01038	0.02653	0.66095	0.21915	0.01199	0.00503	0.00156	0.00226	0.01070	0.00372	0.00329
55	0.00949	0.05727	0.18102	0.03734	0.03519	0.04038	0.46752	0.03126	0.00917	0.01250	0.00750	0.00979	0.00574	0.00384	0.00502	0.00132	0.07428	0.00399	0.00196	0.00541
56	0.00782	0.00606	0.00894	0.10253	0.01066	0.00745	0.01654	0.00930	0.00711	0.07458	0.01945	0.01325	0.00853	0.01749	0.41003	0.00388	0.23259	0.00400	0.03561	0.00418
57	0.87274	0.00774	0.00595	0.00531	0.00780	0.00894	0.00437	0.01192	0.00690	0.03178	0.00576	0.00664	0.00444	0.00374	0.00251	0.00124	0.00311	0.00220	0.00252	0.00439
58	0.00493	0.00352	0.00470	0.00563	0.00589	0.00329	0.00380	0.00566	0.00772	0.01029	0.02208	0.83420	0.02643	0.01252	0.00513	0.00163	0.00236	0.03321	0.00372	0.00327
59	0.00514	0.00387	0.00478	0.00507	0.00584	0.00348	0.00360	0.00627	0.00908	0.01208	0.25411	0.40763	0.22571	0.01056	0.00487	0.00144	0.00215	0.00934	0.00389	0.02108
60	0.05410	0.20133	0.13092	0.04172	0.03101	0.04118	0.04900	0.03355	0.07563	0.06364	0.06460	0.11059	0.02734	0.00557	0.00432	0.00125	0.05201	0.00448	0.00270	0.00507
61	0.00995	0.03414	0.62540	0.01057	0.01573	0.00886	0.02840	0.01382	0.00897	0.16198	0.00870	0.00942	0.00600	0.00407	0.00405	0.00126	0.02549	0.00318	0.00230	0.01770
62	0.01545	0.00722	0.00916	0.02138	0.01025	0.00690	0.00596	0.16196	0.02815	0.53972	0.03686	0.04019	0.01065	0.00586	0.02480	0.00136	0.00363	0.00427	0.05992	0.00630
63	0.00966	0.06373	0.16273	0.02029	0.02307	0.07455	0.11838	0.03386	0.01945	0.09365	0.03830	0.04882	0.03357	0.00839	0.10874	0.00196	0.11962	0.01368	0.00252	0.00503
64	0.08926	0.08033	0.24540	0.04632	0.08901	0.03593	0.06038	0.01312	0.06160	0.10619	0.03048	0.03144	0.03228	0.00483	0.00386	0.00126	0.00459	0.04343	0.01487	0.00543
65	0.00508	0.00384	0.00470	0.00505	0.00581	0.00346	0.00361	0.00619	0.00904	0.01187	0.22252	0.39090	0.27000	0.01075	0.00492	0.00146	0.00217	0.03131	0.00389	0.00343
66	0.05999	0.62789	0.11584	0.00789	0.03141	0.01406	0.00781	0.01243	0.02630	0.03250	0.00632	0.00721	0.00541	0.00368	0.00311	0.00098	0.02759	0.00242	0.00190	0.00527
67	0.03116	0.15180	0.10276	0.00946	0.04416	0.20026	0.04194	0.07272	0.02361	0.22247	0.01003	0.03973	0.00776	0.00463	0.00374	0.00116	0.00493	0.01909	0.00297	0.00563
68	0.00610	0.00478	0.02179	0.00556	0.00668	0.00433	0.00441	0.00729	0.00881	0.05151	0.07187	0.15109	0.38377	0.06249	0.00628	0.00164	0.04605	0.14829	0.00360	0.00365
69	0.16598	0.02180	0.10106	0.05029	0.05732	0.05139	0.03830	0.07328	0.05775	0.02217	0.01043	0.03176	0.04941	0.07388	0.03841	0.00171	0.09061	0.02289	0.00255	0.03901
70	0.00822	0.04190	0.10512	0.04189	0.00993	0.02914	0.02542	0.04190	0.05472	0.08110	0.15839	0.11494	0.12871	0.04499	0.00499	0.00139	0.00345	0.02984	0.00333	0.07063
71	0.16303	0.05655	0.01956	0.13078	0.08930	0.10222	0.04818	0.07686	0.04174	0.06470	0.02280	0.07178	0.05571	0.02380	0.00413	0.00130	0.00433	0.00418	0.00274	0.01632
72	0.14355	0.10865	0.08677	0.02007	0.06000	0.06746	0.05992	0.05920	0.04964	0.07026	0.08458	0.03259	0.03034	0.01555	0.03412	0.00141	0.00439	0.02147	0.00280	0.04723
73	0.06923	0.02973	0.02485	0.05258	0.15932	0.02213	0.04131	0.12193	0.01937	0.09082	0.05924	0.10658	0.05335	0.04047	0.00503	0.00138	0.03058	0.02484	0.00307	0.04421
74	0.12001	0.03290	0.07487	0.06068	0.19779	0.02892	0.03891	0.14723	0.02948	0.10549	0.02414	0.03867	0.03669	0.00462	0.00381	0.00121	0.00426	0.00385	0.00290	0.04357
75	0.05694	0.06815	0.08149	0.04503	0.11495	0.04561	0.01497	0.14593	0.07614	0.09962	0.04440	0.05214	0.04914	0.00541	0.01220	0.00128	0.03597	0.00415	0.00305	0.04344
76	0.05704	0.06386	0.07324	0.02102	0.13766	0.06030	0.06698	0.16814	0.04801	0.12035	0.04015	0.04543	0.02437	0.01529	0.01236	0.00130	0.00447	0.01364	0.00307	0.02330

[dist]
# distance from previous block
# <min> <max>
1	51

[block]
# block no. 4 follows, 67 sequences, length 27
# corresponding to MSA columns:
# 1162-1188
name=unknown_E
#
# <colnr> <probs for GDERKNQSTAVLIFYWHMCP>
#	G	D	E	R	K	N	Q	S	T	A	V	L	I	F	Y	W	H	M	C	P
0	0.04149	0.22405	0.17973	0.01035	0.11646	0.04032	0.00885	0.06363	0.04006	0.16695	0.03615	0.01003	0.00762	0.00422	0.00372	0.00114	0.01975	0.00324	0.00272	0.01953
1	0.04828	0.27512	0.25892	0.00944	0.03646	0.08042	0.03040	0.10426	0.01877	0.02519	0.00794	0.04055	0.00668	0.00431	0.00348	0.00113	0.00492	0.02002	0.00225	0.02147
2	0.09824	0.14975	0.12385	0.00817	0.03944	0.02235	0.04324	0.09010	0.00999	0.11926	0.12072	0.05398	0.04581	0.05258	0.00471	0.00135	0.00394	0.00440	0.00303	0.00510
3	0.10693	0.13744	0.17477	0.00905	0.05440	0.03827	0.02443	0.11212	0.08430	0.07343	0.02357	0.03259	0.04038	0.00470	0.00363	0.00118	0.00425	0.01684	0.00280	0.05494
4	0.07197	0.18410	0.12897	0.00891	0.04359	0.09832	0.04063	0.05378	0.03923	0.13167	0.04988	0.03262	0.02380	0.00510	0.01714	0.00124	0.01396	0.01669	0.00278	0.03563
5	0.01091	0.04541	0.25309	0.06056	0.07221	0.09209	0.05359	0.12250	0.05406	0.09737	0.03718	0.01132	0.00797	0.04891	0.00488	0.00137	0.01458	0.00365	0.00268	0.00565
6	0.06737	0.15093	0.06771	0.00752	0.01004	0.03041	0.00655	0.16395	0.14492	0.06210	0.05915	0.10193	0.01173	0.01792	0.04326	0.01085	0.00410	0.02022	0.00322	0.01610
7	0.02843	0.08775	0.06438	0.00794	0.06007	0.04784	0.00626	0.05628	0.00973	0.13370	0.09948	0.14438	0.08893	0.01878	0.00459	0.00127	0.03204	0.01691	0.00324	0.08801
8	0.01044	0.19102	0.20966	0.07848	0.08054	0.06071	0.10035	0.02591	0.00921	0.10680	0.02125	0.01017	0.02271	0.00448	0.01720	0.00125	0.01614	0.00338	0.00231	0.02800
9	0.03504	0.15383	0.24745	0.01021	0.05833	0.07121	0.06260	0.07863	0.06768	0.10453	0.02169	0.01034	0.00728	0.02747	0.02564	0.00138	0.00508	0.00339	0.00257	0.00566
10	0.00600	0.00452	0.00546	0.00574	0.01908	0.02177	0.00394	0.00737	0.04188	0.02398	0.15575	0.28833	0.10472	0.17780	0.11277	0.00255	0.00377	0.00772	0.00336	0.00350
11	0.02186	0.00640	0.03084	0.04495	0.14835	0.00599	0.01685	0.03854	0.05116	0.04537	0.06315	0.05402	0.30157	0.00792	0.00458	0.00140	0.00331	0.14586	0.00336	0.00452
12	0.02053	0.10464	0.07997	0.20530	0.06977	0.05276	0.07917	0.05617	0.04415	0.12688	0.04764	0.01279	0.03061	0.00470	0.00419	0.00125	0.02661	0.02484	0.00270	0.00532
13	0.00968	0.00774	0.01279	0.36322	0.19669	0.00836	0.07596	0.03354	0.03007	0.12421	0.01026	0.05592	0.02262	0.00527	0.02524	0.00143	0.00491	0.00427	0.00254	0.00527
14	0.00668	0.00602	0.00956	0.51818	0.01938	0.00692	0.02759	0.00880	0.00849	0.01093	0.08935	0.12153	0.13799	0.00638	0.00434	0.00137	0.00418	0.00565	0.00257	0.00410
15	0.01125	0.14085	0.21787	0.04037	0.07454	0.24956	0.00953	0.07482	0.04281	0.03003	0.02156	0.04034	0.00708	0.00445	0.00383	0.00116	0.01897	0.00333	0.00229	0.00537
16	0.01073	0.02249	0.15377	0.04778	0.14673	0.02074	0.03731	0.05763	0.09662	0.18896	0.01293	0.12783	0.02647	0.01598	0.00446	0.00134	0.01451	0.00487	0.00317	0.00569
17	0.00621	0.00436	0.00600	0.00578	0.00625	0.00472	0.02114	0.00690	0.00628	0.02508	0.01138	0.02005	0.01177	0.40130	0.38775	0.04059	0.02409	0.00494	0.00230	0.00311
18	0.00591	0.00435	0.00557	0.00525	0.00625	0.00414	0.00394	0.00834	0.06005	0.01598	0.76298	0.04961	0.03603	0.00814	0.00470	0.00128	0.00198	0.00719	0.00438	0.00392
19	0.01138	0.13565	0.08707	0.12638	0.20773	0.10856	0.10801	0.01367	0.00946	0.14209	0.00839	0.00977	0.00632	0.00389	0.00382	0.00118	0.00519	0.00341	0.00238	0.00564
20	0.01853	0.02737	0.08813	0.09795	0.17083	0.05563	0.07222	0.01994	0.06364	0.02583	0.06594	0.06959	0.08059	0.04206	0.00525	0.00144	0.03313	0.05433	0.00268	0.00490
21	0.01203	0.00792	0.03533	0.00741	0.00949	0.06132	0.02872	0.10307	0.03031	0.26411	0.10071	0.03196	0.01202	0.00549	0.00481	0.00123	0.09114	0.00428	0.18334	0.00532
22	0.00488	0.00385	0.00437	0.00474	0.00561	0.00338	0.00337	0.00579	0.00856	0.01069	0.05347	0.35073	0.46957	0.03112	0.00527	0.00153	0.00221	0.02382	0.00371	0.00333
23	0.01257	0.03150	0.04307	0.15319	0.19413	0.02071	0.08198	0.06037	0.02325	0.29729	0.01049	0.01126	0.00739	0.00433	0.00430	0.00126	0.03002	0.00378	0.00311	0.00601
24	0.05112	0.06106	0.12044	0.16425	0.27694	0.02312	0.03266	0.05434	0.04934	0.06695	0.02513	0.02576	0.00734	0.00425	0.00404	0.00124	0.02033	0.00365	0.00240	0.00565
25	0.05455	0.00816	0.03062	0.00825	0.03228	0.05641	0.02729	0.04242	0.01061	0.51856	0.02385	0.03495	0.03119	0.00576	0.01851	0.00138	0.07264	0.01254	0.00402	0.00601
26	0.05248	0.02624	0.04850	0.07496	0.22619	0.01974	0.07211	0.07130	0.03786	0.03359	0.01374	0.16212	0.08887	0.00604	0.00426	0.00130	0.01324	0.00537	0.00276	0.03933

[dist]
# distance from previous block
# <min> <max>
1	13

[block]
# block no. 5 follows, 67 sequences, length 24
# corresponding to MSA columns:
# 1208-1231
name=unknown_F
#
# <colnr> <probs for GDERKNQSTAVLIFYWHMCP>
#	G	D	E	R	K	N	Q	S	T	A	V	L	I	F	Y	W	H	M	C	P
0	0.08114	0.18732	0.10798	0.18671	0.15219	0.04552	0.03143	0.06171	0.00905	0.02561	0.01778	0.00932	0.00612	0.01423	0.01183	0.00125	0.02664	0.00315	0.00211	0.01892
1	0.23755	0.08112	0.04811	0.07405	0.11049	0.05867	0.00704	0.04666	0.03406	0.05523	0.00888	0.03432	0.01953	0.03966	0.03589	0.00148	0.01530	0.01435	0.00252	0.07510
2	0.11365	0.00826	0.09400	0.00864	0.05392	0.00758	0.05150	0.06687	0.11139	0.06298	0.09562	0.01499	0.04709	0.01150	0.21523	0.00259	0.02197	0.00433	0.00296	0.00495
3	0.00904	0.00829	0.02956	0.08009	0.53895	0.00810	0.02239	0.01110	0.00882	0.04184	0.03978	0.04204	0.04450	0.09156	0.00576	0.00151	0.00442	0.00443	0.00234	0.00548
4	0.04179	0.11663	0.01067	0.00800	0.00993	0.15198	0.00645	0.07873	0.22787	0.01376	0.08213	0.03461	0.07772	0.00585	0.00507	0.00127	0.11506	0.00433	0.00306	0.00508
5	0.17574	0.01120	0.21835	0.00875	0.04473	0.00848	0.00819	0.07893	0.11975	0.19684	0.01069	0.01067	0.01867	0.00436	0.00362	0.00121	0.00404	0.00337	0.00316	0.06924
6	0.14008	0.00624	0.00700	0.00650	0.00824	0.00646	0.00506	0.07567	0.13953	0.12124	0.06955	0.24298	0.04935	0.00776	0.00427	0.00140	0.00298	0.07426	0.00379	0.02765
7	0.00912	0.00516	0.00647	0.00576	0.00735	0.00483	0.00446	0.03492	0.05680	0.21272	0.37306	0.08881	0.10050	0.00754	0.00445	0.00129	0.00248	0.01876	0.05086	0.00467
8	0.07366	0.04205	0.00834	0.00695	0.00876	0.11044	0.00542	0.08397	0.06323	0.15980	0.02806	0.06672	0.05383	0.08810	0.18020	0.00256	0.00538	0.00460	0.00319	0.00475
9	0.01038	0.22179	0.32197	0.01052	0.01478	0.01105	0.14154	0.06335	0.03879	0.08842	0.00816	0.00914	0.00608	0.00398	0.00401	0.00120	0.03354	0.00326	0.00228	0.00575
10	0.01058	0.01215	0.29521	0.04715	0.03684	0.04428	0.06120	0.01393	0.05269	0.20813	0.04605	0.01641	0.02092	0.00538	0.00422	0.00134	0.00473	0.11014	0.00305	0.00560
11	0.00754	0.00709	0.01185	0.77916	0.05903	0.00869	0.01083	0.01013	0.00811	0.01039	0.00862	0.01189	0.04172	0.00426	0.00404	0.00133	0.00518	0.00378	0.00188	0.00448
12	0.00886	0.00844	0.01435	0.39982	0.46719	0.00925	0.01178	0.01137	0.00863	0.01180	0.00735	0.01027	0.00589	0.00377	0.00399	0.00126	0.00503	0.00357	0.00189	0.00549
13	0.01075	0.08417	0.13166	0.09919	0.21241	0.09541	0.05605	0.01344	0.04269	0.12193	0.02831	0.01156	0.00782	0.03065	0.00459	0.00130	0.02189	0.01813	0.00249	0.00556
14	0.00586	0.00414	0.00516	0.00533	0.00615	0.00390	0.00383	0.00765	0.05221	0.03446	0.31731	0.36959	0.11815	0.00986	0.00477	0.00142	0.00219	0.00874	0.03555	0.00373
15	0.00525	0.00481	0.04120	0.00489	0.00624	0.00383	0.00396	0.00664	0.00948	0.01211	0.22167	0.06432	0.50514	0.03528	0.00524	0.00145	0.00234	0.05881	0.00376	0.00358
16	0.02962	0.04240	0.01322	0.14493	0.23745	0.09295	0.01841	0.05536	0.02890	0.08157	0.00771	0.00972	0.00619	0.00475	0.00608	0.00133	0.20826	0.00345	0.00232	0.00538
17	0.03544	0.26732	0.37976	0.01040	0.01493	0.02543	0.12542	0.03213	0.02368	0.03981	0.00729	0.00844	0.00556	0.00373	0.00355	0.00115	0.00533	0.00302	0.00198	0.00561
18	0.00575	0.00385	0.00440	0.00447	0.00449	0.00384	0.00254	0.00581	0.00599	0.00798	0.01342	0.09539	0.01558	0.78855	0.01914	0.00370	0.00376	0.00630	0.00254	0.00250
19	0.02152	0.00446	0.00584	0.00617	0.00665	0.00475	0.00454	0.02105	0.00759	0.01040	0.01814	0.39248	0.05682	0.12138	0.12888	0.00262	0.07195	0.10819	0.00315	0.00343
20	0.02971	0.00949	0.04753	0.11058	0.45952	0.00936	0.04854	0.07731	0.02011	0.09510	0.02032	0.01058	0.00701	0.00407	0.00430	0.00125	0.03305	0.00368	0.00247	0.00602
21	0.01064	0.13911	0.10298	0.12450	0.11657	0.05314	0.06072	0.03289	0.05114	0.14878	0.03184	0.09107	0.00946	0.00498	0.00392	0.00123	0.00454	0.00428	0.00277	0.00544
22	0.00629	0.00434	0.00506	0.00520	0.00630	0.00400	0.00387	0.00796	0.05330	0.06543	0.06325	0.27693	0.34491	0.00987	0.00469	0.00143	0.00237	0.06560	0.06541	0.00380
23	0.05185	0.00655	0.00752	0.00695	0.02431	0.01936	0.00523	0.07866	0.14867	0.05906	0.08869	0.19022	0.06683	0.00801	0.03013	0.01714	0.03370	0.02552	0.01668	0.11492

[dist]
# distance from previous block
# <min> <max>
4	9

[block]
# block no. 6 follows, 67 sequences, length 32
# corresponding to MSA columns:
# 1242-1273
name=unknown_G
#
# <colnr> <probs for GDERKNQSTAVLIFYWHMCP>
#	G	D	E	R	K	N	Q	S	T	A	V	L	I	F	Y	W	H	M	C	P
0	0.02597	0.05397	0.02557	0.15481	0.01542	0.33396	0.07673	0.14172	0.03925	0.03309	0.00757	0.00899	0.00589	0.00435	0.00437	0.00120	0.05633	0.00323	0.00243	0.00516
1	0.00748	0.00374	0.00374	0.00374	0.00467	0.00374	0.00280	0.00934	0.00841	0.01495	0.01308	0.01495	0.01028	0.00467	0.00280	0.00093	0.00187	0.00374	0.88132	0.00374
2	0.34226	0.08761	0.01172	0.07672	0.05288	0.03072	0.08755	0.16192	0.02811	0.05133	0.00748	0.00858	0.00569	0.00407	0.00362	0.00123	0.02754	0.00305	0.00268	0.00525
3	0.31128	0.00722	0.00782	0.00672	0.00915	0.00754	0.00559	0.12219	0.01030	0.26777	0.01220	0.01606	0.00982	0.00623	0.02680	0.00147	0.00365	0.13786	0.02502	0.00529
4	0.00672	0.00502	0.00635	0.00583	0.00688	0.00512	0.02334	0.00798	0.03044	0.06310	0.04873	0.05798	0.29721	0.18742	0.12558	0.00261	0.08523	0.00631	0.00309	0.02508
5	0.05121	0.01000	0.01092	0.00845	0.01157	0.02491	0.00694	0.53729	0.04150	0.20024	0.01084	0.01044	0.00750	0.00473	0.00390	0.00119	0.00409	0.00360	0.00405	0.04664
6	0.00890	0.00744	0.00879	0.00692	0.00943	0.03791	0.00556	0.02802	0.00825	0.05232	0.00792	0.00977	0.00667	0.00730	0.11316	0.00159	0.13038	0.00294	0.02562	0.52111
7	0.05467	0.00887	0.01047	0.12203	0.12743	0.06075	0.00761	0.09240	0.25517	0.08196	0.06056	0.01256	0.01001	0.00470	0.00389	0.00122	0.00398	0.00390	0.00323	0.07459
8	0.00574	0.00405	0.00527	0.00536	0.00574	0.00424	0.00370	0.00653	0.00684	0.00942	0.08708	0.08680	0.01649	0.40359	0.28884	0.00423	0.00584	0.04453	0.00267	0.00306
9	0.00777	0.00733	0.01239	0.77964	0.09584	0.00896	0.01124	0.01042	0.00811	0.01049	0.00716	0.01063	0.00543	0.00397	0.00401	0.00132	0.00530	0.00356	0.00180	0.00462
10	0.01017	0.00900	0.01518	0.13981	0.66143	0.00918	0.01169	0.01253	0.00914	0.07146	0.00808	0.01030	0.00647	0.00373	0.00398	0.00122	0.00475	0.00360	0.00217	0.00612
11	0.00996	0.62272	0.25310	0.00816	0.01230	0.01401	0.00912	0.01221	0.00824	0.01036	0.00604	0.00701	0.00513	0.00354	0.00292	0.00097	0.00475	0.00238	0.00171	0.00537
12	0.49755	0.00769	0.00863	0.24336	0.05900	0.00883	0.00690	0.03285	0.00798	0.08399	0.00708	0.00855	0.00526	0.00393	0.00316	0.00126	0.00388	0.00283	0.00250	0.00476
13	0.01864	0.00673	0.02724	0.00700	0.00796	0.03319	0.00544	0.09760	0.00809	0.05184	0.01107	0.01718	0.03332	0.28272	0.22240	0.00348	0.15500	0.00457	0.00255	0.00397
14	0.01020	0.00751	0.00838	0.00723	0.00932	0.00808	0.00568	0.19382	0.31086	0.07920	0.20487	0.05424	0.07023	0.00651	0.00430	0.00130	0.00306	0.00546	0.00417	0.00558
15	0.00987	0.00947	0.01617	0.04509	0.81402	0.00951	0.01228	0.01226	0.00910	0.01303	0.00753	0.00994	0.00633	0.00358	0.00397	0.00119	0.00478	0.00357	0.00198	0.00631
16	0.00482	0.00404	0.00419	0.00421	0.00548	0.00341	0.00314	0.00590	0.00926	0.01124	0.10497	0.07096	0.73446	0.01009	0.00475	0.00136	0.00203	0.00848	0.00378	0.00341
17	0.00566	0.00397	0.00456	0.00467	0.00503	0.00384	0.00301	0.00610	0.00699	0.00910	0.04929	0.06803	0.15436	0.56896	0.01514	0.00308	0.00341	0.07911	0.00290	0.00279
18	0.00812	0.01743	0.62030	0.15361	0.05860	0.00930	0.05268	0.01228	0.00847	0.01231	0.00725	0.00903	0.00523	0.00381	0.00390	0.00128	0.00581	0.00318	0.00174	0.00567
19	0.00852	0.00802	0.01144	0.05193	0.34376	0.06790	0.02759	0.01101	0.06299	0.01161	0.01067	0.04737	0.02561	0.03429	0.23377	0.00275	0.00634	0.02710	0.00233	0.00500
20	0.03109	0.17448	0.01240	0.00755	0.01090	0.00939	0.03784	0.19634	0.01140	0.20076	0.00936	0.00951	0.00686	0.00396	0.00343	0.00097	0.00380	0.00307	0.00319	0.26372
21	0.00513	0.00372	0.00492	0.00571	0.00613	0.00343	0.00394	0.00595	0.00780	0.01047	0.02142	0.76873	0.02543	0.01206	0.00505	0.00160	0.00244	0.06188	0.00366	0.04050
22	0.01199	0.00942	0.01034	0.01745	0.06714	0.05122	0.00689	0.31748	0.20302	0.06599	0.06167	0.04792	0.01077	0.00519	0.00399	0.00119	0.00385	0.00422	0.00367	0.09659
23	0.04340	0.12829	0.13061	0.00887	0.05220	0.02832	0.06088	0.05614	0.08120	0.05863	0.02979	0.05606	0.06061	0.00477	0.00368	0.00110	0.00403	0.00396	0.00272	0.18474
24	0.01016	0.01008	0.01570	0.06861	0.73194	0.06843	0.01192	0.01246	0.00923	0.01271	0.00743	0.00978	0.00621	0.00364	0.00395	0.00119	0.00497	0.00350	0.00198	0.00613
25	0.00968	0.10316	0.16086	0.01242	0.03891	0.03514	0.33697	0.02475	0.00909	0.07133	0.00911	0.03778	0.00747	0.00646	0.07539	0.00172	0.02740	0.02477	0.00228	0.00531
26	0.00920	0.00904	0.09054	0.04127	0.32981	0.00779	0.10819	0.03407	0.00950	0.08297	0.05151	0.10356	0.09367	0.00557	0.00429	0.00129	0.00434	0.00519	0.00274	0.00544
27	0.07658	0.03063	0.04587	0.02096	0.03389	0.04794	0.05057	0.02186	0.10696	0.31983	0.07233	0.05815	0.05161	0.02051	0.00435	0.00133	0.00373	0.02356	0.00377	0.00556
28	0.01152	0.00960	0.03782	0.01128	0.12717	0.11489	0.11607	0.08166	0.02206	0.18496	0.03713	0.01614	0.09533	0.02326	0.03210	0.00150	0.02796	0.04101	0.00315	0.00541
29	0.00982	0.01053	0.00908	0.04153	0.01061	0.31699	0.00713	0.01117	0.00948	0.01075	0.03016	0.09426	0.01401	0.00776	0.00571	0.00148	0.11583	0.28678	0.00278	0.00413
30	0.01149	0.05443	0.06358	0.16635	0.06795	0.04061	0.08310	0.08150	0.03032	0.22397	0.03468	0.01493	0.05350	0.00508	0.00412	0.00128	0.00450	0.04992	0.00316	0.00553
31	0.00962	0.00799	0.03980	0.10700	0.05413	0.00759	0.22008	0.05011	0.04623	0.13438	0.15284	0.06086	0.03521	0.01652	0.00477	0.00137	0.01590	0.02726	0.00319	0.00513

[dist]
# distance from previous block
# <min> <max>
9	135

[block]
# block no. 7 follows, 67 sequences, length 41
# corresponding to MSA columns:
# 1410-1450
name=unknown_H
#
# <colnr> <probs for GDERKNQSTAVLIFYWHMCP>
#	G	D	E	R	K	N	Q	S	T	A	V	L	I	F	Y	W	H	M	C	P
0	0.03034	0.04577	0.09483	0.06581	0.15299	0.15323	0.01971	0.09125	0.03607	0.06384	0.05389	0.02970	0.03889	0.00538	0.02114	0.00129	0.00480	0.02421	0.02251	0.04435
1	0.04039	0.04683	0.02976	0.00992	0.13300	0.09017	0.02353	0.09108	0.07932	0.06244	0.13316	0.02986	0.03282	0.00490	0.00381	0.00109	0.00385	0.00408	0.00306	0.17691
2	0.05050	0.05992	0.01224	0.03440	0.19647	0.10456	0.05078	0.13256	0.04867	0.11091	0.06892	0.03991	0.02838	0.01449	0.00411	0.00122	0.00438	0.00410	0.00303	0.03047
3	0.09630	0.00846	0.07322	0.03051	0.11141	0.00756	0.00705	0.08560	0.09786	0.20911	0.04760	0.04977	0.07599	0.00531	0.00390	0.00122	0.00360	0.00438	0.00346	0.07769
4	0.06738	0.03987	0.04501	0.10101	0.19912	0.00820	0.02020	0.09977	0.03699	0.05214	0.08907	0.02803	0.08044	0.03421	0.00460	0.00130	0.01515	0.00435	0.00285	0.07032
5	0.03640	0.08436	0.05289	0.14694	0.04519	0.03747	0.06283	0.09935	0.02718	0.12895	0.01004	0.05296	0.02534	0.00477	0.00442	0.00120	0.06061	0.00386	0.00277	0.11248
6	0.12808	0.05779	0.05513	0.04182	0.26774	0.00956	0.02063	0.14415	0.05231	0.13130	0.02512	0.01032	0.00739	0.00417	0.00371	0.00119	0.00420	0.00345	0.00292	0.02903
7	0.09316	0.08964	0.05309	0.11473	0.01405	0.03809	0.10808	0.09668	0.13788	0.10049	0.00989	0.03251	0.00761	0.00447	0.00397	0.00122	0.02273	0.00371	0.00289	0.06510
8	0.32138	0.00932	0.00911	0.05996	0.03592	0.09781	0.01587	0.10969	0.09236	0.07548	0.04115	0.00989	0.00754	0.00447	0.00387	0.00122	0.04612	0.00320	0.00293	0.05271
9	0.06205	0.02334	0.24399	0.01198	0.01600	0.04018	0.28326	0.15853	0.01062	0.03282	0.00810	0.00981	0.00606	0.01660	0.02227	0.00141	0.02145	0.00370	0.00239	0.02544
10	0.00863	0.00920	0.09555	0.40374	0.13472	0.00895	0.07196	0.03105	0.10252	0.03129	0.01047	0.01248	0.05317	0.00443	0.00409	0.00131	0.00493	0.00399	0.00232	0.00521
11	0.00570	0.00417	0.00577	0.00580	0.00643	0.00450	0.00432	0.00691	0.00725	0.01015	0.12534	0.05387	0.04619	0.17180	0.48953	0.00475	0.00742	0.03402	0.00268	0.00339
12	0.00542	0.00409	0.00500	0.00526	0.00623	0.00374	0.00407	0.00681	0.00950	0.01245	0.24276	0.16815	0.30712	0.01012	0.00493	0.00147	0.00239	0.17750	0.01942	0.00354
13	0.02613	0.02056	0.00846	0.00737	0.00936	0.09190	0.00565	0.13797	0.19376	0.07758	0.01470	0.27125	0.01401	0.00705	0.00417	0.00129	0.00353	0.00597	0.00358	0.09569
14	0.01345	0.00936	0.01013	0.00774	0.01096	0.05857	0.00629	0.31854	0.02586	0.19608	0.01004	0.01001	0.00719	0.00421	0.00365	0.00100	0.00387	0.00325	0.00356	0.29625
