[name]
unknown

[dist]
# distance from previous block
# <min> <max>
0	67

[block]
# block no. 0 follows, 67 sequences, length 13
# corresponding to MSA columns:
# 70-82
name=unknown_A
#
# <colnr> <probs for GDERKNQSTAVLIFYWHMCP>
#	G	D	E	R	K	N	Q	S	T	A	V	L	I	F	Y	W	H	M	C	P
0	0.11015	0.01014	0.12580	0.16430	0.07643	0.03458	0.05013	0.08264	0.06685	0.07480	0.04807	0.01249	0.00858	0.00490	0.00471	0.00133	0.07621	0.03991	0.00268	0.00528
1	0.10477	0.00996	0.01024	0.00835	0.01114	0.04941	0.00680	0.41993	0.17608	0.10715	0.01154	0.01226	0.00861	0.00509	0.00392	0.00126	0.00403	0.03938	0.00386	0.00623
2	0.00961	0.00887	0.01418	0.35143	0.14361	0.02854	0.14791	0.07983	0.06591	0.03816	0.00840	0.01066	0.00638	0.00405	0.00428	0.00127	0.02385	0.00377	0.00233	0.04695
3	0.00580	0.00439	0.00561	0.00639	0.04536	0.00422	0.00423	0.05218	0.00863	0.01139	0.05384	0.52191	0.16053	0.05150	0.04270	0.00184	0.00294	0.00936	0.00355	0.00362
4	0.07769	0.03697	0.32333	0.05316	0.01595	0.07670	0.16162	0.07972	0.04623	0.07856	0.00840	0.00951	0.00607	0.00399	0.00389	0.00125	0.00546	0.00342	0.00240	0.00567
5	0.00722	0.00427	0.00637	0.12064	0.00858	0.00459	0.00469	0.00682	0.05206	0.00797	0.00752	0.01214	0.00704	0.01210	0.01343	0.71304	0.00372	0.00355	0.00188	0.00237
6	0.00692	0.00537	0.00634	0.00641	0.00722	0.05765	0.02739	0.02023	0.03834	0.05760	0.05777	0.52829	0.05122	0.06056	0.03248	0.00180	0.01822	0.00887	0.00353	0.00379
7	0.01462	0.00837	0.00973	0.00776	0.01059	0.00861	0.00631	0.28033	0.16716	0.35288	0.01506	0.01387	0.05063	0.00526	0.00404	0.00125	0.00358	0.00420	0.02925	0.00647
8	0.09314	0.07923	0.03177	0.04935	0.05437	0.15688	0.08971	0.18961	0.10568	0.05999	0.00927	0.02094	0.00712	0.00439	0.00374	0.00119	0.00481	0.00351	0.02971	0.00558
9	0.00509	0.00379	0.00537	0.00598	0.00635	0.00354	0.03495	0.00587	0.00768	0.01025	0.02124	0.79496	0.02532	0.04184	0.00564	0.00170	0.00255	0.01095	0.00361	0.00331
10	0.05441	0.15990	0.01368	0.05180	0.01312	0.40644	0.05752	0.17262	0.01179	0.01338	0.00690	0.00793	0.00551	0.00408	0.00355	0.00108	0.00586	0.00287	0.00239	0.00518
11	0.00818	0.00674	0.00739	0.00667	0.00854	0.00723	0.00516	0.05243	0.40093	0.01512	0.12283	0.04019	0.16722	0.00823	0.05786	0.00162	0.00328	0.00558	0.02277	0.05201
12	0.01059	0.20595	0.24441	0.00874	0.01219	0.11380	0.00883	0.04609	0.04943	0.08612	0.05229	0.02682	0.02475	0.00465	0.00410	0.00115	0.05009	0.00343	0.00251	0.04406

[dist]
# distance from previous block
# <min> <max>
7	22

[block]
# block no. 1 follows, 67 sequences, length 52
# corresponding to MSA columns:
# 108-144,150-164
name=unknown_B
#
# <colnr> <probs for GDERKNQSTAVLIFYWHMCP>
#	G	D	E	R	K	N	Q	S	T	A	V	L	I	F	Y	W	H	M	C	P
0	0.01112	0.00918	0.00971	0.00839	0.01087	0.01051	0.00663	0.19516	0.65108	0.01862	0.01487	0.01380	0.01106	0.00530	0.00407	0.00133	0.00344	0.00433	0.00407	0.00645
1	0.07513	0.01054	0.01133	0.00874	0.01189	0.01153	0.00722	0.68256	0.01727	0.10868	0.00999	0.00983	0.00697	0.00476	0.00391	0.00121	0.00422	0.00356	0.00401	0.00665
2	0.00474	0.00406	0.00406	0.00406	0.00542	0.00339	0.00305	0.00576	0.00914	0.01083	0.04063	0.03860	0.83241	0.01016	0.00474	0.00135	0.00203	0.00846	0.00372	0.00339
3	0.00474	0.00406	0.00406	0.00406	0.00542	0.00339	0.00305	0.00576	0.00914	0.01083	0.04063	0.03860	0.83241	0.01016	0.00474	0.00135	0.00203	0.00846	0.00372	0.00339
4	0.29720	0.00625	0.00634	0.00542	0.00755	0.00647	0.00437	0.05531	0.00925	0.23328	0.01118	0.01158	0.00807	0.00445	0.00309	0.00113	0.00281	0.00330	0.31802	0.00491
5	0.00998	0.00862	0.00907	0.00816	0.01043	0.00998	0.00635	0.02131	0.82679	0.01678	0.01632	0.01496	0.01224	0.00544	0.00408	0.00136	0.00317	0.00453	0.00408	0.00635
6	0.00474	0.00406	0.00406	0.00406	0.00542	0.00339	0.00305	0.00576	0.00914	0.01083	0.04063	0.03860	0.83241	0.01016	0.00474	0.00135	0.00203	0.00846	0.00372	0.00339
7	0.88738	0.00776	0.00589	0.00527	0.00776	0.00900	0.00434	0.01179	0.00683	0.01799	0.00558	0.00651	0.00434	0.00372	0.00248	0.00124	0.00310	0.00217	0.00248	0.00434
8	0.00832	0.00713	0.00832	0.00594	0.00950	0.00535	0.00475	0.01010	0.00832	0.01307	0.00713	0.00832	0.00594	0.00297	0.00297	0.00059	0.00297	0.00238	0.00238	0.88357
9	0.01053	0.00993	0.01575	0.02298	0.74631	0.04070	0.01178	0.05489	0.00976	0.02769	0.00774	0.00987	0.00639	0.00368	0.00396	0.00119	0.00481	0.00355	0.00215	0.00632
10	0.00974	0.00822	0.00876	0.00782	0.00999	0.00935	0.00609	0.06596	0.68062	0.01706	0.09635	0.01668	0.03399	0.00579	0.00416	0.00134	0.00309	0.00484	0.00410	0.00605
11	0.01498	0.01911	0.01137	0.01033	0.01240	0.84295	0.00775	0.01601	0.01137	0.00982	0.00620	0.00723	0.00517	0.00413	0.00362	0.00103	0.00723	0.00258	0.00207	0.00465
12	0.01469	0.02562	0.01178	0.00935	0.01223	0.19987	0.00754	0.56142	0.08301	0.02085	0.00934	0.00948	0.00686	0.00469	0.00391	0.00117	0.00495	0.00343	0.00354	0.00627
13	0.00746	0.00491	0.00622	0.00537	0.00702	0.00426	0.00414	0.00924	0.01073	0.10867	0.55484	0.02503	0.07708	0.00708	0.00436	0.00115	0.00225	0.00615	0.00410	0.14992
14	0.00849	0.09316	0.73444	0.01107	0.01669	0.00984	0.03102	0.01277	0.00852	0.02803	0.00724	0.00844	0.00520	0.00379	0.00373	0.00124	0.00576	0.00295	0.00176	0.00587
15	0.01064	0.00695	0.00973	0.01107	0.18925	0.00694	0.00741	0.03322	0.13617	0.20861	0.07875	0.02336	0.01540	0.00675	0.00452	0.00142	0.00366	0.23691	0.00374	0.00551
16	0.00490	0.00382	0.00447	0.00497	0.00576	0.00339	0.00355	0.00581	0.00844	0.01061	0.03071	0.43142	0.40281	0.01136	0.00496	0.00151	0.00226	0.05217	0.00372	0.00334
17	0.07137	0.01189	0.00924	0.00825	0.01014	0.34606	0.00635	0.06096	0.15061	0.03845	0.17978	0.01375	0.01343	0.00537	0.00429	0.00120	0.04159	0.00402	0.01835	0.00490
18	0.04764	0.04701	0.12269	0.02520	0.36173	0.03013	0.03388	0.08090	0.02218	0.11245	0.02109	0.03227	0.00808	0.00447	0.00395	0.00124	0.00460	0.03188	0.00265	0.00596
19	0.00489	0.00349	0.00465	0.00558	0.00582	0.00326	0.00372	0.00558	0.00768	0.01024	0.02210	0.85644	0.02653	0.01256	0.00512	0.00163	0.00233	0.01140	0.00372	0.00326
20	0.00771	0.00702	0.01175	0.80460	0.02656	0.00868	0.01079	0.01034	0.00820	0.02649	0.03510	0.01140	0.00653	0.00417	0.00403	0.00133	0.00519	0.00370	0.00193	0.00448
21	0.01004	0.11809	0.05843	0.09353	0.32360	0.04614	0.07272	0.02164	0.06371	0.05080	0.02257	0.01081	0.01617	0.00411	0.00402	0.00119	0.02487	0.00361	0.04831	0.00562
22	0.01691	0.00694	0.00953	0.00736	0.01036	0.00617	0.02934	0.03114	0.04066	0.73422	0.02966	0.01387	0.01035	0.00498	0.00403	0.00124	0.00345	0.00411	0.02905	0.00663
23	0.88738	0.00776	0.00589	0.00527	0.00776	0.00900	0.00434	0.01179	0.00683	0.01799	0.00558	0.00651	0.00434	0.00372	0.00248	0.00124	0.00310	0.00217	0.00248	0.00434
24	0.00527	0.00379	0.00504	0.00568	0.00618	0.00356	0.00409	0.00640	0.00874	0.01180	0.20490	0.54867	0.04189	0.01134	0.00508	0.00157	0.00241	0.11629	0.00387	0.00344
25	0.01472	0.01856	0.01124	0.01022	0.01230	0.79934	0.00768	0.01629	0.05406	0.01018	0.00673	0.00764	0.00554	0.00420	0.00364	0.00105	0.00702	0.00269	0.00217	0.00474
26	0.00515	0.00408	0.00463	0.00449	0.00567	0.00356	0.00337	0.00654	0.01010	0.01312	0.38477	0.03484	0.48684	0.00931	0.00474	0.00131	0.00197	0.00794	0.00402	0.00356
27	0.00622	0.00424	0.00544	0.00506	0.00616	0.00386	0.00382	0.00801	0.01115	0.05766	0.71649	0.02993	0.11032	0.00822	0.00470	0.00127	0.00198	0.00720	0.00438	0.00390
28	0.00757	0.00713	0.01203	0.84942	0.02762	0.00891	0.01114	0.01025	0.00802	0.01025	0.00713	0.01069	0.00535	0.00401	0.00401	0.00134	0.00535	0.00356	0.00178	0.00446
29	0.00635	0.00453	0.00633	0.00725	0.00812	0.00452	0.00626	0.00811	0.00912	0.01187	0.02130	0.10562	0.02334	0.01119	0.00551	0.00183	0.00359	0.74782	0.00370	0.00366
30	0.01498	0.01911	0.01137	0.01033	0.01240	0.84295	0.00775	0.01601	0.01137	0.00982	0.00620	0.00723	0.00517	0.00413	0.00362	0.00103	0.00723	0.00258	0.00207	0.00465
31	0.00674	0.00411	0.00474	0.00458	0.00481	0.00404	0.00269	0.00685	0.00625	0.06949	0.01287	0.02531	0.01423	0.79548	0.01919	0.00369	0.00385	0.00570	0.00262	0.00276
32	0.01525	0.01123	0.01204	0.00923	0.01244	0.01244	0.00762	0.82067	0.01886	0.02528	0.00963	0.00963	0.00682	0.00481	0.00401	0.00120	0.00441	0.00361	0.00401	0.00682
33	0.00877	0.00877	0.01228	0.01053	0.01053	0.01228	0.00877	0.00965	0.00614	0.00965	0.00526	0.00877	0.00526	0.00702	0.01316	0.00175	0.85172	0.00351	0.00175	0.00439
34	0.88738	0.00776	0.00589	0.00527	0.00776	0.00900	0.00434	0.01179	0.00683	0.01799	0.00558	0.00651	0.00434	0.00372	0.00248	0.00124	0.00310	0.00217	0.00248	0.00434
35	0.01460	0.04795	0.01209	0.00898	0.01210	0.01221	0.00743	0.69191	0.09557	0.04098	0.01022	0.01009	0.00733	0.00482	0.00396	0.00120	0.00427	0.00364	0.00394	0.00670
36	0.00629	0.00512	0.00752	0.00719	0.00778	0.00635	0.00570	0.00762	0.00639	0.00937	0.00974	0.01448	0.00915	0.02585	0.69109	0.00559	0.16483	0.00415	0.00208	0.00373
37	0.04650	0.06017	0.76311	0.01095	0.01660	0.00961	0.01398	0.01263	0.00838	0.01278	0.00705	0.00829	0.00505	0.00379	0.00369	0.00125	0.00573	0.00289	0.00173	0.00582
38	0.00573	0.00428	0.00636	0.00636	0.00705	0.00497	0.00491	0.00711	0.00642	0.00925	0.01082	0.01618	0.01021	0.06379	0.80970	0.00634	0.01046	0.00436	0.00216	0.00353
39	0.00856	0.00841	0.01170	0.01007	0.01007	0.01166	0.00830	0.00937	0.00612	0.00951	0.00581	0.01007	0.00596	0.07044	0.01370	0.00191	0.78861	0.00368	0.00181	0.00424
40	0.01004	0.01076	0.02201	0.01679	0.08314	0.01031	0.68144	0.08795	0.01031	0.01402	0.00821	0.01064	0.00617	0.00353	0.00461	0.00133	0.00639	0.00454	0.00221	0.00561
41	0.01525	0.01123	0.01204	0.00923	0.01244	0.01244	0.00762	0.82067	0.01886	0.02528	0.00963	0.00963	0.00682	0.00481	0.00401	0.00120	0.00441	0.00361	0.00401	0.00682
42	0.00568	0.00410	0.00536	0.00505	0.00599	0.00378	0.00378	0.00757	0.01135	0.01608	0.83192	0.02996	0.03784	0.00820	0.00473	0.00126	0.00189	0.00725	0.00441	0.00378
43	0.00482	0.00404	0.00419	0.00421	0.00548	0.00341	0.00314	0.00588	0.00922	0.01118	0.09704	0.08079	0.73260	0.01014	0.00476	0.00136	0.00204	0.00853	0.00377	0.00341
44	0.01063	0.79955	0.03760	0.00789	0.05357	0.01540	0.00731	0.01204	0.00821	0.00969	0.00571	0.00666	0.00521	0.00345	0.00267	0.00088	0.00435	0.00224	0.00173	0.00523
45	0.01479	0.01879	0.01139	0.01034	0.01234	0.81689	0.00778	0.01581	0.01120	0.00981	0.00617	0.00728	0.00517	0.00422	0.00392	0.00106	0.03373	0.00261	0.00206	0.00464
46	0.01493	0.00686	0.00869	0.00702	0.00969	0.00651	0.00568	0.01861	0.18499	0.56455	0.06189	0.01493	0.01202	0.00523	0.00401	0.00125	0.00318	0.00430	0.05929	0.00636
47	0.00757	0.00707	0.01183	0.75608	0.06860	0.00863	0.01075	0.01016	0.00823	0.01064	0.04132	0.01196	0.02215	0.00427	0.00405	0.00133	0.00511	0.00381	0.00194	0.00451
48	0.01101	0.01203	0.22555	0.01606	0.30664	0.00885	0.14301	0.01418	0.02905	0.17995	0.00944	0.01057	0.00685	0.00393	0.00407	0.00125	0.00507	0.00372	0.00257	0.00619
49	0.01464	0.00778	0.00951	0.00765	0.01035	0.00772	0.00631	0.26873	0.03306	0.40336	0.08954	0.01712	0.01291	0.00585	0.00424	0.00130	0.00361	0.08565	0.00446	0.00621
50	0.00790	0.01513	0.53218	0.00967	0.01401	0.00781	0.04070	0.02564	0.02180	0.03968	0.21009	0.01481	0.03314	0.00510	0.00411	0.00127	0.00473	0.00428	0.00260	0.00537
51	0.01123	0.01075	0.19541	0.13195	0.23681	0.00819	0.05060	0.01388	0.00936	0.24115	0.00994	0.01145	0.00724	0.03885	0.00466	0.00136	0.00479	0.00371	0.00274	0.00592

[dist]
# distance from previous block
# <min> <max>
0	2

[block]
# block no. 2 follows, 67 sequences, length 24
# corresponding to MSA columns:
# 167-190
name=unknown_C
#
# <colnr> <probs for GDERKNQSTAVLIFYWHMCP>
#	G	D	E	R	K	N	Q	S	T	A	V	L	I	F	Y	W	H	M	C	P
0	0.02234	0.06772	0.05135	0.00773	0.00991	0.06161	0.07427	0.08238	0.07349	0.11554	0.14054	0.18056	0.06964	0.00693	0.00428	0.00130	0.00364	0.00600	0.01588	0.00490
1	0.00876	0.03085	0.02810	0.00977	0.01215	0.04514	0.21830	0.02302	0.02893	0.05144	0.00982	0.03548	0.00862	0.02416	0.21790	0.00259	0.06670	0.03631	0.00242	0.13953
2	0.03442	0.05149	0.05615	0.00834	0.06782	0.00707	0.03830	0.02487	0.03014	0.14033	0.02027	0.01025	0.02210	0.00380	0.00359	0.00091	0.02016	0.00310	0.00278	0.45411
3	0.80220	0.00749	0.00594	0.00538	0.00767	0.00866	0.00439	0.01129	0.00691	0.01725	0.00729	0.04565	0.02824	0.00438	0.00292	0.00127	0.02346	0.00279	0.00255	0.00427
4	0.00750	0.00698	0.01168	0.81144	0.02658	0.00868	0.01075	0.01005	0.00792	0.01014	0.00738	0.01139	0.00576	0.04243	0.00475	0.00145	0.00528	0.00367	0.00181	0.00436
5	0.00849	0.00768	0.01062	0.00759	0.01122	0.00607	0.12705	0.01051	0.00849	0.01304	0.00728	0.00869	0.00596	0.00303	0.00323	0.00071	0.00354	0.00273	0.00232	0.75175
6	0.00512	0.00373	0.00472	0.00518	0.00578	0.00342	0.00362	0.00619	0.00884	0.01189	0.22775	0.50799	0.15049	0.01094	0.00491	0.00148	0.00216	0.00975	0.02262	0.00342
7	0.05893	0.00687	0.00915	0.00705	0.01012	0.00604	0.00582	0.01918	0.01126	0.79826	0.01534	0.01331	0.00966	0.00491	0.00396	0.00124	0.00340	0.00395	0.00485	0.00671
8	0.00477	0.00406	0.00410	0.00409	0.00543	0.00340	0.00307	0.00581	0.00921	0.01100	0.06529	0.03833	0.80765	0.01010	0.00474	0.00135	0.00203	0.00843	0.00375	0.00340
9	0.01799	0.00683	0.00931	0.00714	0.01024	0.00589	0.00589	0.01954	0.01148	0.83682	0.01582	0.01365	0.00993	0.00496	0.00403	0.00124	0.00341	0.00403	0.00496	0.00683
10	0.00489	0.00349	0.00465	0.00558	0.00582	0.00326	0.00372	0.00558	0.00768	0.01024	0.02210	0.85644	0.02653	0.01256	0.00512	0.00163	0.00233	0.01140	0.00372	0.00326
11	0.01072	0.86147	0.02102	0.00686	0.01029	0.01587	0.00686	0.01201	0.00815	0.00944	0.00558	0.00643	0.00515	0.00343	0.00257	0.00086	0.00429	0.00214	0.00172	0.00515
12	0.00998	0.00862	0.00907	0.00816	0.01043	0.00998	0.00635	0.02131	0.82679	0.01678	0.01632	0.01496	0.01224	0.00544	0.00408	0.00136	0.00317	0.00453	0.00408	0.00635
13	0.00993	0.00953	0.01628	0.02462	0.83404	0.00953	0.01231	0.01231	0.00913	0.01310	0.00754	0.00993	0.00635	0.00357	0.00397	0.00119	0.00476	0.00357	0.00199	0.00635
14	0.88738	0.00776	0.00589	0.00527	0.00776	0.00900	0.00434	0.01179	0.00683	0.01799	0.00558	0.00651	0.00434	0.00372	0.00248	0.00124	0.00310	0.00217	0.00248	0.00434
15	0.00832	0.00713	0.00832	0.00594	0.00950	0.00535	0.00475	0.01010	0.00832	0.01307	0.00713	0.00832	0.00594	0.00297	0.00297	0.00059	0.00297	0.00238	0.00238	0.88357
16	0.00804	0.02074	0.83828	0.01143	0.01736	0.00931	0.01482	0.01270	0.00847	0.01270	0.00720	0.00847	0.00508	0.00381	0.00381	0.00127	0.00593	0.00296	0.00169	0.00593
17	0.00482	0.00409	0.00418	0.00422	0.00556	0.00345	0.00321	0.00588	0.00915	0.01089	0.03968	0.03892	0.79298	0.01020	0.00478	0.00138	0.00211	0.04738	0.00372	0.00340
18	0.00757	0.00713	0.01203	0.84942	0.02762	0.00891	0.01114	0.01025	0.00802	0.01025	0.00713	0.01069	0.00535	0.00401	0.00401	0.00134	0.00535	0.00356	0.00178	0.00446
19	0.00981	0.00843	0.00895	0.00813	0.01033	0.00973	0.00635	0.02071	0.78902	0.01656	0.01655	0.01636	0.01274	0.00570	0.00415	0.00138	0.00320	0.04161	0.00406	0.00623
20	0.88738	0.00776	0.00589	0.00527	0.00776	0.00900	0.00434	0.01179	0.00683	0.01799	0.00558	0.00651	0.00434	0.00372	0.00248	0.00124	0.00310	0.00217	0.00248	0.00434
21	0.01036	0.02376	0.00902	0.00813	0.00987	0.31935	0.02191	0.03631	0.19609	0.01267	0.09942	0.15328	0.06994	0.00664	0.00418	0.00126	0.00446	0.00543	0.00320	0.00471
22	0.00909	0.00763	0.00843	0.00788	0.00990	0.00853	0.00630	0.01780	0.60109	0.01551	0.01703	0.02161	0.01444	0.00662	0.00436	0.00144	0.00328	0.18886	0.00391	0.04627
23	0.00811	0.00700	0.02466	0.11848	0.19824	0.00693	0.00731	0.05972	0.07302	0.02998	0.27934	0.01962	0.09642	0.00598	0.00426	0.00124	0.00341	0.00525	0.00327	0.04775

[dist]
# distance from previous block
# <min> <max>
0	1

[block]
# block no. 3 follows, 67 sequences, length 55
# corresponding to MSA columns:
# 192-210,215-220,281-294,302-317
name=unknown_D
#
# <colnr> <probs for GDERKNQSTAVLIFYWHMCP>
#	G	D	E	R	K	N	Q	S	T	A	V	L	I	F	Y	W	H	M	C	P
0	0.25542	0.40194	0.10934	0.04664	0.01139	0.08399	0.00738	0.01226	0.00806	0.01227	0.00589	0.00699	0.00493	0.00369	0.00300	0.00106	0.01650	0.00237	0.00196	0.00493
1	0.00968	0.02530	0.15566	0.01279	0.20600	0.02692	0.10078	0.05028	0.05521	0.09597	0.16875	0.01540	0.04929	0.00508	0.00419	0.00125	0.00433	0.00457	0.00299	0.00556
2	0.01036	0.76216	0.07787	0.00711	0.01055	0.01483	0.00727	0.01174	0.00803	0.00955	0.00575	0.00685	0.00523	0.00395	0.00327	0.04210	0.00437	0.00226	0.00172	0.00504
3	0.00532	0.00399	0.00508	0.00521	0.00602	0.00388	0.00383	0.00633	0.00815	0.01075	0.13532	0.17858	0.28759	0.02954	0.23684	0.05504	0.00458	0.00735	0.00325	0.00336
4	0.00906	0.02936	0.02890	0.00928	0.13757	0.00675	0.00647	0.01093	0.00846	0.04836	0.00743	0.00878	0.00610	0.00340	0.00373	0.00080	0.04909	0.00270	0.00236	0.62046
5	0.00490	0.00403	0.00431	0.00433	0.00554	0.00344	0.00321	0.00603	0.00939	0.01163	0.16587	0.09598	0.64741	0.01002	0.00477	0.00136	0.00203	0.00848	0.00383	0.00344
6	0.01179	0.02327	0.01158	0.01077	0.14761	0.03222	0.03458	0.24601	0.07588	0.09300	0.00980	0.03106	0.00761	0.00427	0.00375	0.00106	0.00399	0.00356	0.00316	0.24505
7	0.01427	0.00679	0.00928	0.02872	0.01059	0.00589	0.03078	0.02505	0.01061	0.53350	0.03201	0.01563	0.02224	0.00514	0.00400	0.00118	0.00346	0.06677	0.00417	0.16992
8	0.71319	0.00957	0.00721	0.00695	0.04705	0.13637	0.00524	0.01246	0.00763	0.01652	0.00577	0.00678	0.00456	0.00378	0.00272	0.00121	0.00381	0.00230	0.00240	0.00448
9	0.00928	0.07736	0.02551	0.00990	0.02814	0.01149	0.02304	0.02368	0.15333	0.02014	0.00790	0.02211	0.00695	0.00610	0.00937	0.00152	0.51223	0.00367	0.00230	0.04598
10	0.04875	0.02554	0.51247	0.08773	0.01607	0.00844	0.07050	0.01146	0.00878	0.01297	0.10189	0.01287	0.05616	0.00465	0.00398	0.00128	0.00511	0.00390	0.00219	0.00528
11	0.00584	0.00420	0.00545	0.00611	0.00677	0.00408	0.00480	0.00703	0.00829	0.01074	0.02197	0.20035	0.11217	0.16811	0.00812	0.00213	0.00328	0.41375	0.00347	0.00334
12	0.00865	0.00905	0.00754	0.02994	0.03193	0.23903	0.00545	0.01107	0.11849	0.01130	0.04130	0.09264	0.30266	0.00859	0.03988	0.02499	0.00423	0.00594	0.00311	0.00421
13	0.00546	0.00402	0.00458	0.00452	0.00521	0.00372	0.00307	0.00631	0.00834	0.01092	0.22502	0.03160	0.28020	0.35569	0.01115	0.00238	0.00280	0.02855	0.00337	0.00310
14	0.01106	0.00912	0.00969	0.00829	0.01083	0.01030	0.00656	0.19746	0.61000	0.01848	0.01441	0.01347	0.01075	0.00519	0.00401	0.00129	0.00344	0.00423	0.00399	0.04742
15	0.00950	0.00813	0.00865	0.00781	0.00995	0.00931	0.00606	0.01981	0.73942	0.01663	0.09253	0.01669	0.02618	0.00576	0.00415	0.00135	0.00304	0.00484	0.00411	0.00607
16	0.01105	0.75128	0.03330	0.00734	0.01061	0.09477	0.00711	0.01236	0.00842	0.00953	0.00566	0.00659	0.00515	0.00357	0.00289	0.00090	0.02040	0.00223	0.00175	0.00510
17	0.00912	0.31888	0.27837	0.02588	0.03464	0.01058	0.00906	0.01168	0.00832	0.01159	0.00660	0.00778	0.00538	0.00344	0.00314	0.00094	0.00449	0.00254	0.00190	0.24568
18	0.01134	0.03936	0.03881	0.03323	0.41647	0.00897	0.16529	0.01375	0.00954	0.18510	0.00939	0.01089	0.00705	0.00457	0.02727	0.00137	0.00506	0.00384	0.00260	0.00610
19	0.00569	0.00427	0.00627	0.00627	0.00700	0.00490	0.00484	0.00706	0.00655	0.00933	0.01219	0.01714	0.04857	0.05410	0.77924	0.00613	0.01013	0.00454	0.00223	0.00354
20	0.02657	0.00738	0.01022	0.00952	0.11985	0.00681	0.00678	0.07329	0.01142	0.62298	0.01430	0.01317	0.01930	0.00567	0.03250	0.00141	0.00389	0.00398	0.00436	0.00658
21	0.00981	0.15172	0.22895	0.01175	0.16404	0.01814	0.00967	0.01533	0.26560	0.04626	0.01060	0.03355	0.00835	0.00450	0.00376	0.00122	0.00439	0.00370	0.00269	0.00596
22	0.01274	0.00839	0.04765	0.01282	0.25979	0.00752	0.04687	0.07689	0.01080	0.33508	0.02662	0.01460	0.09001	0.00496	0.00409	0.00123	0.00397	0.00433	0.02553	0.00611
23	0.03211	0.00501	0.00516	0.00471	0.00600	0.00523	0.00363	0.13620	0.00985	0.01628	0.01206	0.01376	0.00943	0.00510	0.00359	0.04219	0.00238	0.00366	0.67952	0.00414
24	0.01128	0.69189	0.01898	0.00737	0.01060	0.08697	0.00695	0.05507	0.05920	0.01074	0.00650	0.00719	0.00567	0.00369	0.00283	0.00092	0.00448	0.00241	0.00201	0.00526
25	0.01133	0.49470	0.01592	0.00752	0.01891	0.11093	0.00662	0.02864	0.10459	0.07894	0.02616	0.04434	0.02726	0.00453	0.00323	0.00103	0.00426	0.00330	0.00253	0.00526
26	0.00980	0.03821	0.17372	0.01980	0.50385	0.02215	0.12492	0.02383	0.00922	0.02535	0.00763	0.00968	0.00608	0.00363	0.00400	0.00122	0.00526	0.00357	0.00200	0.00609
27	0.00837	0.00876	0.00766	0.00723	0.02184	0.24285	0.02682	0.00990	0.02299	0.01192	0.23958	0.04643	0.20500	0.02302	0.08667	0.00179	0.01620	0.00579	0.00317	0.00402
28	0.00593	0.00429	0.00584	0.00666	0.00744	0.00420	0.00549	0.00743	0.00882	0.01149	0.03277	0.23961	0.08318	0.01173	0.02294	0.00185	0.00337	0.52973	0.00368	0.00356
29	0.00581	0.00419	0.00606	0.00606	0.00663	0.00476	0.00453	0.00686	0.00629	0.00895	0.01086	0.01724	0.01060	0.16037	0.67264	0.04889	0.00930	0.00450	0.00217	0.00331
30	0.00544	0.00406	0.00507	0.00504	0.00600	0.00369	0.00379	0.00700	0.01032	0.01401	0.51359	0.12237	0.21251	0.00930	0.00483	0.00136	0.00209	0.06176	0.00414	0.00363
31	0.01072	0.86147	0.02102	0.00686	0.01029	0.01587	0.00686	0.01201	0.00815	0.00944	0.00558	0.00643	0.00515	0.00343	0.00257	0.00086	0.00429	0.00214	0.00172	0.00515
32	0.00573	0.00430	0.00645	0.00645	0.00716	0.00501	0.00501	0.00716	0.00645	0.00931	0.01074	0.01576	0.01003	0.03008	0.84316	0.00645	0.01074	0.00430	0.00215	0.00358
33	0.01054	0.00911	0.01433	0.01850	0.51386	0.00923	0.05032	0.05710	0.10120	0.07257	0.03129	0.01121	0.00807	0.00413	0.00426	0.00121	0.02811	0.00381	0.00262	0.04854
34	0.01458	0.01847	0.01140	0.05554	0.01322	0.79802	0.00793	0.01570	0.01118	0.00984	0.00625	0.00742	0.00518	0.00413	0.00364	0.00105	0.00713	0.00264	0.00205	0.00464
35	0.00478	0.00390	0.00423	0.00450	0.00553	0.00335	0.00324	0.00571	0.00872	0.01066	0.03535	0.27163	0.60279	0.01084	0.00485	0.00143	0.00212	0.00930	0.00372	0.00335
36	0.00962	0.00763	0.00841	0.00709	0.00961	0.00785	0.00557	0.03827	0.44698	0.05445	0.07006	0.01402	0.01197	0.00489	0.00376	0.00112	0.00300	0.00405	0.05095	0.24069
37	0.01036	0.00962	0.01508	0.02138	0.66856	0.04719	0.03089	0.03103	0.03146	0.03619	0.00831	0.01033	0.00677	0.00377	0.00392	0.00118	0.00468	0.00360	0.04955	0.00613
38	0.00597	0.00457	0.00637	0.00641	0.04958	0.00426	0.02481	0.00788	0.01098	0.01539	0.69072	0.02955	0.07837	0.00807	0.00473	0.00129	0.00225	0.04074	0.00416	0.00393
39	0.00565	0.00475	0.00499	0.00481	0.00625	0.00443	0.00364	0.00834	0.13252	0.01243	0.14219	0.03389	0.60329	0.00919	0.00464	0.00134	0.00218	0.00771	0.00387	0.00388
40	0.03857	0.03513	0.36180	0.05565	0.04820	0.00914	0.04423	0.13400	0.02049	0.17612	0.03211	0.01049	0.00737	0.00430	0.00390	0.00125	0.00489	0.00349	0.00284	0.00603
41	0.00870	0.00833	0.08363	0.02254	0.18262	0.00643	0.00723	0.01094	0.01829	0.05969	0.10145	0.03505	0.03114	0.00435	0.00364	0.00096	0.00351	0.00376	0.00269	0.40504
42	0.81518	0.05461	0.00687	0.00550	0.00802	0.03271	0.00458	0.01192	0.00702	0.01730	0.00560	0.00653	0.00441	0.00372	0.00252	0.00121	0.00328	0.00218	0.00243	0.00440
43	0.00922	0.00861	0.01426	0.37188	0.44944	0.00942	0.01156	0.05499	0.00919	0.01255	0.00748	0.01023	0.00595	0.00382	0.00399	0.00125	0.00499	0.00357	0.00201	0.00558
44	0.00555	0.00486	0.02643	0.01779	0.00681	0.00409	0.00403	0.00719	0.04390	0.01166	0.10462	0.26050	0.38800	0.00952	0.00462	0.00135	0.00239	0.00822	0.00360	0.08488
45	0.00476	0.00406	0.00409	0.00408	0.00543	0.00339	0.00306	0.00579	0.00918	0.01093	0.05555	0.03843	0.81743	0.01012	0.00474	0.00135	0.00203	0.00844	0.00374	0.00339
46	0.00574	0.00425	0.00622	0.00622	0.00686	0.00489	0.00473	0.00702	0.00638	0.00914	0.01095	0.01689	0.01052	0.11998	0.75393	0.00617	0.01000	0.00446	0.00218	0.00346
47	0.00547	0.00409	0.00508	0.00483	0.00587	0.00370	0.00362	0.00717	0.01087	0.01493	0.65808	0.03186	0.21240	0.00863	0.00473	0.00128	0.00192	0.00752	0.00426	0.00370
48	0.01072	0.86147	0.02102	0.00686	0.01029	0.01587	0.00686	0.01201	0.00815	0.00944	0.00558	0.00643	0.00515	0.00343	0.00257	0.00086	0.00429	0.00214	0.00172	0.00515
49	0.01072	0.86147	0.02102	0.00686	0.01029	0.01587	0.00686	0.01201	0.00815	0.00944	0.00558	0.00643	0.00515	0.00343	0.00257	0.00086	0.00429	0.00214	0.00172	0.00515
50	0.88738	0.00776	0.00589	0.00527	0.00776	0.00900	0.00434	0.01179	0.00683	0.01799	0.00558	0.00651	0.00434	0.00372	0.00248	0.00124	0.00310	0.00217	0.00248	0.00434
51	0.00557	0.00433	0.00509	0.00486	0.00602	0.00397	0.00365	0.00765	0.05448	0.01421	0.49994	0.03229	0.32569	0.00876	0.00470	0.00130	0.00201	0.00755	0.00415	0.00378
52	0.00505	0.00373	0.00520	0.00588	0.00627	0.00348	0.02557	0.00587	0.00784	0.01044	0.03306	0.78718	0.04426	0.01217	0.00510	0.00161	0.00246	0.02779	0.00369	0.00333
53	0.01566	0.01006	0.01121	0.00862	0.01175	0.01075	0.00711	0.62092	0.01694	0.20632	0.01110	0.01066	0.00760	0.00484	0.00399	0.00121	0.00412	0.00371	0.02668	0.00674
54	0.00556	0.00378	0.00445	0.00472	0.00478	0.00371	0.00280	0.00576	0.00636	0.00848	0.01533	0.26208	0.01797	0.61860	0.01607	0.00325	0.00344	0.00741	0.00280	0.00267

[dist]
# distance from previous block
# <min> <max>
0	5

[block]
# block no. 4 follows, 67 sequences, length 6
# corresponding to MSA columns:
# 323-328
name=unknown_E
#
# <colnr> <probs for GDERKNQSTAVLIFYWHMCP>
#	G	D	E	R	K	N	Q	S	T	A	V	L	I	F	Y	W	H	M	C	P
0	0.00827	0.12543	0.29522	0.05580	0.09119	0.00911	0.09185	0.01176	0.06967	0.01212	0.01057	0.15919	0.00978	0.00540	0.00399	0.00128	0.00471	0.00475	0.02469	0.00524
1	0.00559	0.00410	0.00524	0.00496	0.00594	0.00375	0.00372	0.00740	0.01115	0.01560	0.75916	0.03075	0.11091	0.00838	0.00473	0.00127	0.00190	0.00736	0.00435	0.00375
2	0.00561	0.00449	0.03442	0.00627	0.03336	0.00380	0.00439	0.00663	0.00822	0.03776	0.06515	0.64157	0.11072	0.01123	0.00494	0.00154	0.00251	0.01008	0.00367	0.00361
3	0.06728	0.06595	0.32428	0.04096	0.09739	0.02979	0.03742	0.22171	0.01132	0.05501	0.00807	0.00904	0.00589	0.00407	0.00376	0.00122	0.00506	0.00321	0.00255	0.00600
4	0.00570	0.00470	0.00597	0.00678	0.09943	0.00424	0.00439	0.00723	0.01003	0.01320	0.35523	0.03188	0.41926	0.00862	0.00465	0.00130	0.00228	0.00742	0.00381	0.00388
5	0.00802	0.17490	0.10271	0.00779	0.05119	0.00773	0.03529	0.01029	0.03264	0.05652	0.32824	0.04314	0.09266	0.00639	0.00433	0.00121	0.02367	0.00538	0.00325	0.00467

[dist]
# distance from previous block
# <min> <max>
4	6

[block]
# block no. 5 follows, 67 sequences, length 214
# corresponding to MSA columns:
# 335-357,359-405,413-556
name=unknown_F
#
# <colnr> <probs for GDERKNQSTAVLIFYWHMCP>
#	G	D	E	R	K	N	Q	S	T	A	V	L	I	F	Y	W	H	M	C	P
0	0.00879	0.02307	0.09217	0.24717	0.40204	0.00933	0.02793	0.01124	0.00839	0.01171	0.00762	0.02178	0.00647	0.03988	0.00531	0.00139	0.06468	0.00371	0.00192	0.00541
1	0.00672	0.00427	0.00552	0.00510	0.00620	0.00394	0.00386	0.00858	0.01113	0.07608	0.70856	0.02760	0.03366	0.00769	0.00453	0.00123	0.00200	0.00674	0.07258	0.00400
2	0.00826	0.00928	0.10425	0.41743	0.25958	0.00883	0.04937	0.01105	0.00870	0.01189	0.06624	0.01161	0.00797	0.00413	0.00406	0.00128	0.00506	0.00382	0.00203	0.00517
3	0.01416	0.00760	0.00892	0.00712	0.00971	0.00767	0.00579	0.26392	0.06340	0.34762	0.04916	0.01345	0.01040	0.00503	0.00383	0.00118	0.00335	0.00402	0.16759	0.00609
4	0.00601	0.00560	0.04162	0.17990	0.01127	0.02369	0.01934	0.00754	0.00852	0.01117	0.11161	0.40464	0.10471	0.00929	0.00473	0.00147	0.00325	0.03860	0.00325	0.00377
5	0.01498	0.01911	0.01137	0.01033	0.01240	0.84295	0.00775	0.01601	0.01137	0.00982	0.00620	0.00723	0.00517	0.00413	0.00362	0.00103	0.00723	0.00258	0.00207	0.00465
6	0.01483	0.05872	0.05007	0.00939	0.01189	0.47518	0.00763	0.04861	0.01110	0.21332	0.00866	0.00901	0.00640	0.00448	0.00423	0.00113	0.05419	0.00303	0.00280	0.00534
7	0.88738	0.00776	0.00589	0.00527	0.00776	0.00900	0.00434	0.01179	0.00683	0.01799	0.00558	0.00651	0.00434	0.00372	0.00248	0.00124	0.00310	0.00217	0.00248	0.00434
8	0.00892	0.00821	0.01129	0.02557	0.36194	0.05096	0.02060	0.02232	0.15482	0.01307	0.09058	0.01629	0.05013	0.11929	0.02738	0.00172	0.00427	0.00461	0.00276	0.00525
9	0.00479	0.00392	0.00423	0.00447	0.00553	0.00336	0.00323	0.00574	0.00880	0.01076	0.04718	0.24903	0.61357	0.01075	0.00484	0.00142	0.00211	0.00920	0.00373	0.00336
10	0.01349	0.00954	0.01016	0.00799	0.01068	0.01047	0.00653	0.63745	0.01650	0.02294	0.01041	0.01083	0.00760	0.00478	0.00374	0.00114	0.00384	0.00364	0.20213	0.00612
11	0.01525	0.01123	0.01204	0.00923	0.01244	0.01244	0.00762	0.82067	0.01886	0.02528	0.00963	0.00963	0.00682	0.00481	0.00401	0.00120	0.00441	0.00361	0.00401	0.00682
12	0.00879	0.00857	0.01342	0.31436	0.27305	0.02188	0.01070	0.01078	0.00782	0.01094	0.00665	0.00980	0.00563	0.00483	0.00690	0.00142	0.27405	0.00354	0.00184	0.00503
13	0.00993	0.00953	0.01628	0.02462	0.83404	0.00953	0.01231	0.01231	0.00913	0.01310	0.00754	0.00993	0.00635	0.00357	0.00397	0.00119	0.00476	0.00357	0.00199	0.00635
14	0.88738	0.00776	0.00589	0.00527	0.00776	0.00900	0.00434	0.01179	0.00683	0.01799	0.00558	0.00651	0.00434	0.00372	0.00248	0.00124	0.00310	0.00217	0.00248	0.00434
15	0.00568	0.00410	0.00536	0.00505	0.00599	0.00378	0.00378	0.00757	0.01135	0.01608	0.83192	0.02996	0.03784	0.00820	0.00473	0.00126	0.00189	0.00725	0.00441	0.00378
16	0.01498	0.01911	0.01137	0.01033	0.01240	0.84295	0.00775	0.01601	0.01137	0.00982	0.00620	0.00723	0.00517	0.00413	0.00362	0.00103	0.00723	0.00258	0.00207	0.00465
17	0.00489	0.00349	0.00465	0.00558	0.00582	0.00326	0.00372	0.00558	0.00768	0.01024	0.02210	0.85644	0.02653	0.01256	0.00512	0.00163	0.00233	0.01140	0.00372	0.00326
18	0.00832	0.00713	0.00832	0.00594	0.00950	0.00535	0.00475	0.01010	0.00832	0.01307	0.00713	0.00832	0.00594	0.00297	0.00297	0.00059	0.00297	0.00238	0.00238	0.88357
19	0.40754	0.01096	0.02550	0.01083	0.18443	0.21700	0.00711	0.01263	0.00858	0.01434	0.00726	0.04399	0.00638	0.00435	0.00329	0.00121	0.00452	0.02292	0.00234	0.00482
20	0.00998	0.00862	0.00907	0.00816	0.01043	0.00998	0.00635	0.02131	0.82679	0.01678	0.01632	0.01496	0.01224	0.00544	0.00408	0.00136	0.00317	0.00453	0.00408	0.00635
21	0.01066	0.75475	0.08588	0.00722	0.01084	0.01487	0.00743	0.01224	0.00827	0.03265	0.00602	0.00683	0.00529	0.00350	0.00272	0.00090	0.00437	0.00227	0.00182	0.02147
22	0.00564	0.00410	0.00531	0.00501	0.00597	0.00377	0.00376	0.00750	0.01127	0.01588	0.80129	0.03029	0.06860	0.00827	0.00473	0.00126	0.00190	0.00730	0.00439	0.00377
23	0.01072	0.86147	0.02102	0.00686	0.01029	0.01587	0.00686	0.01201	0.00815	0.00944	0.00558	0.00643	0.00515	0.00343	0.00257	0.00086	0.00429	0.00214	0.00172	0.00515
24	0.00489	0.00349	0.00465	0.00558	0.00582	0.00326	0.00372	0.00558	0.00768	0.01024	0.02210	0.85644	0.02653	0.01256	0.00512	0.00163	0.00233	0.01140	0.00372	0.00326
25	0.00832	0.00713	0.00832	0.00594	0.00950	0.00535	0.00475	0.01010	0.00832	0.01307	0.00713	0.00832	0.00594	0.00297	0.00297	0.00059	0.00297	0.00238	0.00238	0.88357
26	0.01689	0.00696	0.00923	0.00714	0.01021	0.00614	0.00586	0.01912	0.06685	0.73354	0.01536	0.01343	0.00986	0.00488	0.00398	0.00121	0.00337	0.00397	0.00475	0.05724
27	0.00496	0.00359	0.00471	0.00550	0.00587	0.00333	0.00375	0.00578	0.00803	0.01067	0.07274	0.73673	0.07550	0.01212	0.00508	0.00160	0.00232	0.03065	0.00376	0.00331
28	0.01525	0.01123	0.01204	0.00923	0.01244	0.01244	0.00762	0.82067	0.01886	0.02528	0.00963	0.00963	0.00682	0.00481	0.00401	0.00120	0.00441	0.00361	0.00401	0.00682
29	0.00830	0.06205	0.73105	0.01176	0.02980	0.00970	0.06736	0.01267	0.00853	0.01255	0.00718	0.00854	0.00517	0.00376	0.00381	0.00125	0.00588	0.00305	0.00172	0.00586
30	0.00993	0.00953	0.01628	0.02462	0.83404	0.00953	0.01231	0.01231	0.00913	0.01310	0.00754	0.00993	0.00635	0.00357	0.00397	0.00119	0.00476	0.00357	0.00199	0.00635
31	0.01072	0.86147	0.02102	0.00686	0.01029	0.01587	0.00686	0.01201	0.00815	0.00944	0.00558	0.00643	0.00515	0.00343	0.00257	0.00086	0.00429	0.00214	0.00172	0.00515
32	0.00899	0.00843	0.01432	0.05559	0.54560	0.00837	0.07998	0.01140	0.02012	0.02311	0.08395	0.01515	0.08062	0.00475	0.00421	0.00125	0.00441	0.02165	0.00245	0.00565
33	0.01433	0.09105	0.04243	0.01041	0.13456	0.10835	0.00761	0.07615	0.01105	0.38721	0.01205	0.03067	0.00892	0.00490	0.00392	0.00121	0.00432	0.04121	0.00358	0.00608
34	0.01072	0.86147	0.02102	0.00686	0.01029	0.01587	0.00686	0.01201	0.00815	0.00944	0.00558	0.00643	0.00515	0.00343	0.00257	0.00086	0.00429	0.00214	0.00172	0.00515
35	0.00487	0.00356	0.00458	0.00540	0.00577	0.00327	0.00364	0.00561	0.00786	0.01031	0.02440	0.75498	0.12650	0.01227	0.00507	0.00159	0.00229	0.01104	0.00372	0.00327
36	0.00838	0.00852	0.07433	0.48284	0.14863	0.00858	0.06728	0.02284	0.00873	0.04078	0.04286	0.05187	0.00809	0.00451	0.00412	0.00132	0.00503	0.00415	0.00217	0.00496
37	0.00583	0.00389	0.00437	0.00437	0.00437	0.00389	0.00243	0.00583	0.00583	0.00778	0.01264	0.02624	0.01458	0.85906	0.02041	0.00389	0.00389	0.00583	0.00243	0.00243
38	0.82945	0.00769	0.00612	0.00540	0.00792	0.00879	0.00445	0.01231	0.00714	0.07256	0.00627	0.00699	0.00472	0.00381	0.00259	0.00124	0.00312	0.00230	0.00265	0.00451
39	0.00615	0.00421	0.00546	0.00508	0.00614	0.00385	0.00384	0.00798	0.01125	0.05018	0.75900	0.02970	0.07560	0.00816	0.00470	0.00127	0.00196	0.00718	0.00440	0.00389
40	0.00950	0.02558	0.16738	0.05463	0.63819	0.00957	0.01263	0.01229	0.00895	0.01285	0.00743	0.00963	0.00606	0.00363	0.00392	0.00121	0.00499	0.00344	0.00192	0.00618
41	0.01439	0.01817	0.01231	0.01108	0.03053	0.75470	0.06196	0.01561	0.01110	0.01008	0.00634	0.00756	0.00525	0.00412	0.00387	0.00107	0.02231	0.00276	0.00206	0.00473
42	0.42442	0.04958	0.08287	0.05327	0.07312	0.22069	0.00725	0.02494	0.00859	0.01441	0.00617	0.00739	0.00489	0.00384	0.00311	0.00117	0.00471	0.00255	0.00222	0.00479
43	0.00617	0.00420	0.00551	0.00515	0.00616	0.00386	0.00387	0.00802	0.01127	0.05029	0.77769	0.04975	0.03639	0.00817	0.00471	0.00127	0.00197	0.00722	0.00442	0.00390
44	0.01038	0.64679	0.01879	0.00778	0.01040	0.03552	0.00732	0.01157	0.00777	0.00949	0.00552	0.00699	0.00517	0.00426	0.00501	0.00107	0.19701	0.00247	0.00173	0.00496
45	0.00628	0.00456	0.00620	0.00703	0.00800	0.00448	0.00610	0.00803	0.00922	0.01188	0.02332	0.04453	0.10998	0.01098	0.00545	0.00179	0.00351	0.72130	0.00370	0.00366
46	0.00525	0.00408	0.00478	0.00460	0.00573	0.00360	0.00345	0.00675	0.01036	0.01372	0.47502	0.03385	0.39622	0.00908	0.00473	0.00130	0.00195	0.00780	0.00410	0.00360
47	0.00583	0.00389	0.00437	0.00437	0.00437	0.00389	0.00243	0.00583	0.00583	0.00778	0.01264	0.02624	0.01458	0.85906	0.02041	0.00389	0.00389	0.00583	0.00243	0.00243
48	0.01799	0.00683	0.00931	0.00714	0.01024	0.00589	0.00589	0.01954	0.01148	0.83682	0.01582	0.01365	0.00993	0.00496	0.00403	0.00124	0.00341	0.00403	0.00496	0.00683
49	0.01525	0.01123	0.01204	0.00923	0.01244	0.01244	0.00762	0.82067	0.01886	0.02528	0.00963	0.00963	0.00682	0.00481	0.00401	0.00120	0.00441	0.00361	0.00401	0.00682
50	0.00583	0.00389	0.00437	0.00437	0.00437	0.00389	0.00243	0.00583	0.00583	0.00778	0.01264	0.02624	0.01458	0.85906	0.02041	0.00389	0.00389	0.00583	0.00243	0.00243
51	0.00476	0.00406	0.00409	0.00408	0.00543	0.00339	0.00306	0.00579	0.00918	0.01093	0.05483	0.03844	0.81815	0.01012	0.00474	0.00135	0.00203	0.00844	0.00374	0.00339
52	0.00757	0.00713	0.01203	0.84942	0.02762	0.00891	0.01114	0.01025	0.00802	0.01025	0.00713	0.01069	0.00535	0.00401	0.00401	0.00134	0.00535	0.00356	0.00178	0.00446
53	0.00947	0.00827	0.01153	0.46430	0.04141	0.00976	0.02168	0.13641	0.22728	0.01438	0.00998	0.01165	0.00744	0.00449	0.00404	0.00132	0.00463	0.00385	0.00274	0.00538
54	0.40100	0.00741	0.00829	0.04256	0.05766	0.00759	0.00577	0.01507	0.00906	0.37223	0.01024	0.01003	0.00696	0.00425	0.00332	0.00123	0.00342	0.00312	0.00350	0.02729
55	0.02075	0.15884	0.20208	0.01254	0.03381	0.12066	0.30452	0.07633	0.00997	0.01287	0.00730	0.00891	0.00562	0.00370	0.00391	0.00119	0.00595	0.00347	0.00207	0.00550
56	0.01072	0.86147	0.02102	0.00686	0.01029	0.01587	0.00686	0.01201	0.00815	0.00944	0.00558	0.00643	0.00515	0.00343	0.00257	0.00086	0.00429	0.00214	0.00172	0.00515
57	0.00522	0.00408	0.00472	0.00456	0.00571	0.00359	0.00342	0.00668	0.01027	0.01351	0.44336	0.03420	0.42802	0.00916	0.00473	0.00131	0.00196	0.00785	0.00408	0.00359
58	0.00785	0.00711	0.01118	0.18026	0.30518	0.00741	0.03357	0.01980	0.06292	0.01222	0.04898	0.14990	0.11273	0.00636	0.00447	0.01279	0.00397	0.00567	0.00270	0.00493
59	0.01094	0.26524	0.10199	0.02156	0.04597	0.01135	0.02017	0.02367	0.17012	0.13267	0.01953	0.01035	0.00774	0.00474	0.00502	0.00123	0.13595	0.00339	0.00274	0.00564
60	0.00474	0.00406	0.00406	0.00406	0.00542	0.00339	0.00305	0.00576	0.00914	0.01083	0.04063	0.03860	0.83241	0.01016	0.00474	0.00135	0.00203	0.00846	0.00372	0.00339
61	0.00757	0.00713	0.01203	0.84942	0.02762	0.00891	0.01114	0.01025	0.00802	0.01025	0.00713	0.01069	0.00535	0.00401	0.00401	0.00134	0.00535	0.00356	0.00178	0.00446
62	0.00984	0.07064	0.42211	0.04193	0.12588	0.02359	0.07709	0.05797	0.05357	0.06740	0.00838	0.00953	0.00615	0.00395	0.00387	0.00124	0.00534	0.00334	0.00224	0.00595
63	0.00573	0.00428	0.00541	0.00516	0.00612	0.00406	0.00385	0.00770	0.03563	0.01490	0.64361	0.06432	0.11826	0.02716	0.02240	0.00146	0.01469	0.00732	0.00418	0.00377
64	0.00489	0.00349	0.00465	0.00558	0.00582	0.00326	0.00372	0.00558	0.00768	0.01024	0.02210	0.85644	0.02653	0.01256	0.00512	0.00163	0.00233	0.01140	0.00372	0.00326
65	0.88738	0.00776	0.00589	0.00527	0.00776	0.00900	0.00434	0.01179	0.00683	0.01799	0.00558	0.00651	0.00434	0.00372	0.00248	0.00124	0.00310	0.00217	0.00248	0.00434
66	0.00838	0.07252	0.59574	0.01102	0.05911	0.00912	0.02346	0.01221	0.00847	0.01257	0.00711	0.00842	0.00531	0.00363	0.00361	0.00113	0.00529	0.00287	0.00183	0.14819
67	0.01065	0.33773	0.28904	0.04516	0.06259	0.02749	0.03890	0.01328	0.00886	0.12006	0.00775	0.00862	0.00587	0.00380	0.00342	0.00111	0.00493	0.00291	0.00217	0.00567
68	0.84677	0.00771	0.00605	0.00536	0.00787	0.00885	0.00442	0.01215	0.00704	0.05625	0.00606	0.00685	0.00460	0.00378	0.00255	0.00124	0.00312	0.00226	0.00260	0.00446
69	0.04813	0.00928	0.01417	0.07274	0.54086	0.04782	0.02244	0.01356	0.00944	0.15711	0.00880	0.01035	0.00675	0.00393	0.00405	0.00121	0.01716	0.00356	0.00252	0.00611
70	0.02670	0.27288	0.10273	0.01029	0.05058	0.18362	0.04859	0.04648	0.00893	0.01107	0.00619	0.00786	0.00533	0.00450	0.00555	0.00120	0.19761	0.00289	0.00193	0.00508
71	0.00486	0.00409	0.00423	0.00425	0.00557	0.00346	0.00323	0.00595	0.00925	0.01113	0.07773	0.03846	0.76046	0.01010	0.00477	0.00137	0.00209	0.04183	0.00376	0.00342
72	0.00962	0.01002	0.01950	0.05560	0.42657	0.00978	0.38325	0.01247	0.00924	0.01287	0.00779	0.01037	0.00619	0.00350	0.00432	0.00127	0.00571	0.00411	0.00200	0.00584
73	0.00477	0.00406	0.00410	0.00409	0.00544	0.00340	0.00307	0.00581	0.00921	0.01100	0.06552	0.03832	0.80742	0.01010	0.00474	0.00135	0.00203	0.00843	0.00375	0.00340
74	0.00480	0.00407	0.00415	0.00413	0.00545	0.00341	0.00309	0.00587	0.00928	0.01117	0.09144	0.03804	0.78139	0.01003	0.00474	0.00135	0.00202	0.00839	0.00377	0.00341
75	0.01374	0.00688	0.00861	0.00688	0.00935	0.00659	0.00557	0.17977	0.01285	0.42095	0.23473	0.01727	0.01684	0.00580	0.00417	0.00123	0.00315	0.00481	0.03492	0.00590
76	0.00993	0.00953	0.01628	0.02462	0.83404	0.00953	0.01231	0.01231	0.00913	0.01310	0.00754	0.00993	0.00635	0.00357	0.00397	0.00119	0.00476	0.00357	0.00199	0.00635
77	0.00478	0.00406	0.00411	0.00410	0.00544	0.00340	0.00308	0.00583	0.00923	0.01104	0.07126	0.03826	0.80165	0.01008	0.00474	0.00135	0.00203	0.00842	0.00375	0.00340
78	0.00804	0.02074	0.83828	0.01143	0.01736	0.00931	0.01482	0.01270	0.00847	0.01270	0.00720	0.00847	0.00508	0.00381	0.00381	0.00127	0.00593	0.00296	0.00169	0.00593
79	0.01499	0.01876	0.01140	0.01028	0.01240	0.80536	0.00774	0.05244	0.01170	0.01052	0.00635	0.00734	0.00524	0.00416	0.00363	0.00104	0.00710	0.00263	0.00215	0.00475
80	0.00861	0.01028	0.09548	0.19798	0.05838	0.00947	0.42115	0.01159	0.00878	0.01201	0.02514	0.04910	0.00736	0.00433	0.00503	0.00137	0.06228	0.00453	0.00205	0.00509
81	0.00947	0.01082	0.02366	0.01690	0.02096	0.01014	0.81947	0.01285	0.00947	0.01285	0.00811	0.01082	0.00609	0.00338	0.00473	0.00135	0.00676	0.00473	0.00203	0.00541
82	0.88738	0.00776	0.00589	0.00527	0.00776	0.00900	0.00434	0.01179	0.00683	0.01799	0.00558	0.00651	0.00434	0.00372	0.00248	0.00124	0.00310	0.00217	0.00248	0.00434
83	0.00549	0.00394	0.00508	0.00514	0.00591	0.00364	0.00374	0.00703	0.01017	0.01421	0.54609	0.24582	0.07094	0.00937	0.00479	0.00136	0.00204	0.02058	0.03103	0.00363
84	0.01441	0.09249	0.02380	0.01001	0.01250	0.57919	0.06159	0.01575	0.01089	0.11898	0.00778	0.00883	0.00612	0.00423	0.00368	0.00108	0.00636	0.01485	0.00243	0.00503
