[name]
unknown

[dist]
# distance from previous block
# <min> <max>
0	55

[block]
# block no. 0 follows, 69 sequences, length 13
# corresponding to MSA columns:
# 55-67
name=unknown_A
#
# <colnr> <probs for GDERKNQSTAVLIFYWHMCP>
#	G	D	E	R	K	N	Q	S	T	A	V	L	I	F	Y	W	H	M	C	P
0	0.01188	0.00587	0.00743	0.00620	0.00790	0.00567	0.00469	0.08416	0.00961	0.38236	0.05146	0.03780	0.01247	0.29232	0.03611	0.00226	0.02844	0.00480	0.00371	0.00485
1	0.00756	0.00441	0.00574	0.00554	0.00645	0.00450	0.00407	0.00898	0.03338	0.12804	0.03731	0.14890	0.01399	0.16988	0.27692	0.00334	0.00529	0.00553	0.12637	0.00381
2	0.00791	0.00748	0.01266	0.67201	0.20387	0.00884	0.01114	0.01046	0.00808	0.01063	0.00706	0.01029	0.00544	0.00383	0.00391	0.00128	0.00510	0.00349	0.00179	0.00476
3	0.01132	0.02985	0.03975	0.00796	0.01045	0.00882	0.02769	0.10336	0.44589	0.17334	0.01463	0.06494	0.01130	0.02702	0.00441	0.00135	0.00346	0.00457	0.00389	0.00599
4	0.01005	0.00832	0.01191	0.00920	0.01196	0.03696	0.20139	0.18244	0.01086	0.07535	0.03165	0.17268	0.01090	0.00548	0.00407	0.00116	0.00412	0.00506	0.00305	0.20339
5	0.01010	0.00954	0.01585	0.10149	0.47081	0.03890	0.16018	0.04136	0.05221	0.04880	0.00826	0.01025	0.00649	0.00372	0.00402	0.00121	0.00501	0.00374	0.00223	0.00584
6	0.15753	0.15835	0.07430	0.00838	0.04074	0.04030	0.00715	0.23294	0.09807	0.07117	0.02128	0.00947	0.00705	0.00503	0.02714	0.00130	0.02815	0.00316	0.00294	0.00558
7	0.00546	0.00417	0.00467	0.00459	0.00582	0.00364	0.00340	0.00682	0.02605	0.03202	0.16286	0.16148	0.48285	0.00931	0.00453	0.00130	0.00210	0.00795	0.02929	0.04171
8	0.41876	0.05351	0.22074	0.03445	0.01186	0.03223	0.04307	0.06984	0.05740	0.01562	0.00694	0.00789	0.00523	0.00383	0.00313	0.00121	0.00422	0.00272	0.00234	0.00502
9	0.00498	0.00369	0.00465	0.00503	0.00566	0.00336	0.00353	0.00606	0.00883	0.01181	0.26573	0.46097	0.18015	0.01058	0.00482	0.00144	0.00210	0.00941	0.00384	0.00336
10	0.00658	0.00471	0.00534	0.00512	0.00589	0.01616	0.00353	0.03742	0.06908	0.03160	0.17723	0.09154	0.11131	0.34404	0.03409	0.02307	0.00323	0.00630	0.02034	0.00342
11	0.05224	0.26944	0.06733	0.01006	0.01315	0.09874	0.22375	0.06107	0.05569	0.01206	0.00829	0.00994	0.02921	0.03429	0.00450	0.00123	0.03836	0.00343	0.00217	0.00505
12	0.48330	0.10350	0.00868	0.00603	0.00878	0.00867	0.00511	0.03848	0.00864	0.28255	0.00881	0.00870	0.00617	0.00403	0.00297	0.00117	0.00330	0.00275	0.00317	0.00519

[dist]
# distance from previous block
# <min> <max>
10	34

[block]
# block no. 1 follows, 69 sequences, length 30
# corresponding to MSA columns:
# 102,104-123,126-134
name=unknown_B
#
# <colnr> <probs for GDERKNQSTAVLIFYWHMCP>
#	G	D	E	R	K	N	Q	S	T	A	V	L	I	F	Y	W	H	M	C	P
0	0.12001	0.14979	0.27173	0.00973	0.03844	0.04479	0.09413	0.03648	0.08408	0.06657	0.04261	0.00977	0.00736	0.00404	0.00354	0.00117	0.00468	0.00326	0.00241	0.00542
1	0.39989	0.04059	0.11213	0.03329	0.03694	0.00868	0.00651	0.08747	0.05890	0.07116	0.07296	0.02566	0.00863	0.01776	0.00351	0.00126	0.00359	0.00331	0.00283	0.00495
2	0.08868	0.02877	0.07826	0.00917	0.03610	0.25084	0.02510	0.13472	0.11999	0.09015	0.00889	0.00929	0.00668	0.00423	0.00374	0.00112	0.02032	0.00312	0.00284	0.07799
3	0.00876	0.00598	0.00665	0.00599	0.00761	0.03321	0.00456	0.06367	0.13085	0.12685	0.13556	0.14925	0.12667	0.03809	0.02008	0.00143	0.00293	0.00604	0.07546	0.05035
4	0.00732	0.00676	0.01078	0.51879	0.11313	0.00777	0.02580	0.01012	0.05522	0.01118	0.06427	0.03356	0.10905	0.00511	0.00409	0.00130	0.00440	0.00454	0.00233	0.00450
5	0.01855	0.00740	0.00809	0.00683	0.00888	0.05550	0.02952	0.17997	0.10931	0.15606	0.05635	0.02709	0.03975	0.00534	0.00372	0.00116	0.00327	0.03161	0.24642	0.00518
6	0.01023	0.00639	0.00751	0.00635	0.00802	0.00672	0.02285	0.21989	0.04353	0.11772	0.01210	0.03353	0.01010	0.15381	0.07262	0.00199	0.01582	0.00427	0.24185	0.00471
7	0.00797	0.00618	0.02165	0.02638	0.03337	0.02352	0.08778	0.01040	0.08226	0.10169	0.15228	0.23615	0.08197	0.00756	0.00479	0.00135	0.04397	0.00666	0.05964	0.00440
8	0.00556	0.00415	0.00593	0.00607	0.00674	0.00463	0.00460	0.00702	0.03075	0.00948	0.01376	0.16997	0.04567	0.02442	0.61474	0.02665	0.00827	0.00561	0.00249	0.00347
9	0.04344	0.01069	0.01146	0.00881	0.01192	0.01178	0.00728	0.76499	0.01775	0.05819	0.00953	0.00948	0.00671	0.00468	0.00387	0.00118	0.00423	0.00350	0.00391	0.00659
10	0.02985	0.00771	0.00955	0.03611	0.04032	0.00673	0.03220	0.12370	0.00983	0.08269	0.00802	0.00891	0.00621	0.00340	0.00324	0.00080	0.00340	0.00278	0.00271	0.58183
11	0.00925	0.27199	0.01018	0.00579	0.00759	0.13944	0.00484	0.01070	0.00849	0.01174	0.00985	0.05478	0.00853	0.00535	0.03159	0.00112	0.00370	0.00340	0.39748	0.00419
12	0.85943	0.00770	0.00597	0.00529	0.00774	0.00891	0.00436	0.03986	0.00708	0.01784	0.00560	0.00647	0.00433	0.00368	0.00248	0.00121	0.00308	0.00217	0.00248	0.00433
13	0.00863	0.02493	0.05755	0.55864	0.11998	0.00929	0.03334	0.07424	0.00886	0.02774	0.00731	0.01008	0.00554	0.00401	0.00420	0.00128	0.03397	0.00347	0.00200	0.00491
14	0.00586	0.00422	0.00551	0.02411	0.00634	0.00452	0.00391	0.00715	0.05525	0.00937	0.05387	0.13335	0.01483	0.32208	0.29207	0.04029	0.00571	0.00578	0.00260	0.00317
15	0.00549	0.00381	0.00468	0.00493	0.00516	0.00381	0.00320	0.00596	0.00656	0.00878	0.03012	0.20786	0.04257	0.49695	0.09917	0.00333	0.00405	0.05801	0.00277	0.00280
16	0.07844	0.00680	0.00879	0.00684	0.00972	0.00617	0.00563	0.05600	0.01123	0.70101	0.05708	0.01349	0.01059	0.00492	0.00387	0.00121	0.00328	0.00396	0.00461	0.00635
17	0.00646	0.00417	0.00586	0.00609	0.03083	0.00433	0.00425	0.00709	0.02522	0.03806	0.05492	0.10889	0.05378	0.07837	0.29509	0.24561	0.00558	0.00517	0.01709	0.00315
18	0.01519	0.00787	0.00951	0.00748	0.01030	0.00783	0.00611	0.24723	0.09554	0.46487	0.05634	0.01321	0.01049	0.00502	0.00395	0.00121	0.00348	0.00403	0.02394	0.00640
19	0.00994	0.02190	0.03076	0.00893	0.03617	0.00866	0.08841	0.19820	0.25817	0.03987	0.03693	0.08799	0.01219	0.05105	0.03005	0.00159	0.00402	0.05127	0.01848	0.00540
20	0.01089	0.05874	0.06009	0.00987	0.12521	0.11435	0.02512	0.07058	0.01969	0.11885	0.01831	0.03692	0.00733	0.00398	0.00349	0.00096	0.00413	0.00324	0.00267	0.30558
21	0.01056	0.19101	0.24587	0.00968	0.02617	0.14043	0.05127	0.11184	0.12135	0.01327	0.00860	0.03774	0.00693	0.00430	0.00360	0.00114	0.00502	0.00334	0.00240	0.00550
22	0.14101	0.08924	0.09589	0.06583	0.06725	0.05225	0.04109	0.09723	0.05401	0.06215	0.04819	0.04550	0.01564	0.05148	0.03047	0.00149	0.00966	0.00383	0.02285	0.00497
23	0.00560	0.00410	0.00527	0.00507	0.00598	0.00385	0.00376	0.00763	0.03910	0.01506	0.70831	0.11289	0.05176	0.00839	0.00464	0.00127	0.00194	0.00743	0.00422	0.00373
24	0.00862	0.00750	0.01120	0.13103	0.22775	0.00799	0.05749	0.07055	0.12612	0.02389	0.19015	0.01605	0.03005	0.04260	0.00510	0.00137	0.02983	0.00467	0.00295	0.00510
25	0.00507	0.00392	0.00462	0.00459	0.00560	0.00347	0.00339	0.00642	0.00977	0.01289	0.40438	0.12946	0.37366	0.00932	0.00467	0.00131	0.00196	0.00806	0.00395	0.00347
26	0.00653	0.00477	0.00539	0.00521	0.00610	0.01670	0.00372	0.05007	0.05701	0.02607	0.18041	0.11475	0.15090	0.25291	0.03852	0.00220	0.00313	0.03136	0.04069	0.00356
27	0.01045	0.39241	0.01609	0.04251	0.07895	0.08499	0.07202	0.05560	0.14166	0.01193	0.00887	0.00962	0.03114	0.00402	0.00332	0.00104	0.00445	0.00314	0.00232	0.02547
28	0.20805	0.00770	0.00824	0.00677	0.00941	0.03207	0.00546	0.06021	0.17532	0.31271	0.05465	0.01206	0.00975	0.00465	0.00355	0.00118	0.00327	0.00360	0.00377	0.07757
29	0.01102	0.11140	0.25521	0.03909	0.05465	0.04645	0.00945	0.19762	0.08903	0.07742	0.00913	0.01026	0.00691	0.01099	0.00403	0.00121	0.02414	0.01977	0.00273	0.01950

[dist]
# distance from previous block
# <min> <max>
0	3

[block]
# block no. 2 follows, 69 sequences, length 34
# corresponding to MSA columns:
# 138-143,153-172,190-197
name=unknown_C
#
# <colnr> <probs for GDERKNQSTAVLIFYWHMCP>
#	G	D	E	R	K	N	Q	S	T	A	V	L	I	F	Y	W	H	M	C	P
0	0.04225	0.04588	0.04324	0.00742	0.02625	0.03062	0.01951	0.13454	0.19693	0.07333	0.12761	0.09175	0.03622	0.08811	0.00572	0.01359	0.00345	0.00512	0.00347	0.00498
1	0.31322	0.04277	0.08564	0.00709	0.00980	0.03692	0.01910	0.10145	0.00961	0.18893	0.04875	0.03003	0.00851	0.00473	0.00368	0.00122	0.03091	0.02339	0.02910	0.00514
2	0.01019	0.01095	0.12030	0.03339	0.05188	0.09128	0.16007	0.05411	0.08288	0.08801	0.02836	0.01150	0.03846	0.00501	0.01570	0.00132	0.12715	0.00384	0.00257	0.06301
3	0.00672	0.00647	0.07889	0.02137	0.02894	0.02825	0.05255	0.00869	0.02776	0.04881	0.29824	0.26177	0.08398	0.00816	0.00452	0.00133	0.00298	0.00728	0.00352	0.01976
4	0.00556	0.00433	0.00582	0.00598	0.02250	0.00414	0.02201	0.00708	0.03284	0.01188	0.23098	0.37818	0.11412	0.01126	0.07303	0.00179	0.01464	0.00824	0.00355	0.04205
5	0.00862	0.00702	0.00934	0.06431	0.01064	0.02823	0.08079	0.04685	0.18468	0.06369	0.07359	0.15923	0.03216	0.02085	0.02568	0.00152	0.10895	0.00554	0.06363	0.00470
6	0.00975	0.05191	0.18221	0.13323	0.07559	0.01762	0.06118	0.10884	0.20893	0.05021	0.01947	0.01208	0.04250	0.00455	0.00391	0.00124	0.00448	0.00385	0.00279	0.00565
7	0.00484	0.00363	0.00445	0.00501	0.00559	0.00329	0.00347	0.00568	0.00809	0.01048	0.07627	0.54241	0.25053	0.03673	0.00533	0.00157	0.00224	0.02351	0.00364	0.00323
8	0.00930	0.09187	0.16129	0.00869	0.04558	0.03776	0.06477	0.03319	0.02728	0.05133	0.01859	0.00888	0.00634	0.00345	0.00332	0.00089	0.00408	0.00284	0.00231	0.41824
9	0.00699	0.00524	0.03109	0.02724	0.02010	0.00460	0.04021	0.00866	0.03553	0.11042	0.13308	0.28474	0.24978	0.00890	0.00468	0.00138	0.01184	0.00781	0.00366	0.00406
10	0.02384	0.03999	0.06676	0.03200	0.08184	0.02125	0.01544	0.09625	0.05652	0.10450	0.03110	0.02649	0.03139	0.00413	0.00349	0.00096	0.00361	0.00339	0.00285	0.35421
11	0.05683	0.14545	0.07995	0.00994	0.04892	0.47940	0.01999	0.05218	0.01792	0.04554	0.00674	0.00762	0.00540	0.00393	0.00341	0.00104	0.00589	0.00267	0.00218	0.00499
12	0.00669	0.00436	0.00556	0.00510	0.00629	0.00400	0.00388	0.00864	0.03107	0.09272	0.65229	0.02834	0.12026	0.00786	0.00455	0.00124	0.00203	0.00686	0.00428	0.00400
13	0.00556	0.00409	0.00540	0.00538	0.00599	0.00431	0.00392	0.00666	0.00741	0.01031	0.15635	0.08718	0.10268	0.18997	0.34001	0.00379	0.02651	0.00593	0.02526	0.00329
14	0.00950	0.34118	0.44713	0.00916	0.01371	0.03022	0.01072	0.01279	0.03468	0.04735	0.00706	0.00792	0.00542	0.00369	0.00328	0.00108	0.00502	0.00268	0.00189	0.00553
15	0.00488	0.00366	0.00447	0.00499	0.00559	0.00332	0.00347	0.00574	0.00814	0.01054	0.08716	0.50456	0.25512	0.05042	0.00557	0.00160	0.00227	0.03164	0.00363	0.00323
16	0.28834	0.01913	0.06324	0.01104	0.18330	0.03336	0.04762	0.06721	0.00860	0.08109	0.00781	0.02512	0.00630	0.00600	0.05677	0.02351	0.06077	0.00325	0.00247	0.00506
17	0.00563	0.00377	0.00430	0.00437	0.00439	0.00375	0.00248	0.00568	0.00585	0.00780	0.01311	0.09429	0.01521	0.79228	0.01872	0.00362	0.00368	0.00615	0.00248	0.00244
18	0.01490	0.01098	0.01177	0.00902	0.01216	0.01216	0.00745	0.82470	0.01843	0.02471	0.00941	0.00941	0.00667	0.00471	0.00392	0.00118	0.00431	0.00353	0.00392	0.00667
19	0.00814	0.00700	0.00821	0.00590	0.00931	0.00537	0.00473	0.00986	0.00809	0.01271	0.00693	0.00814	0.00579	0.00299	0.00311	0.00060	0.02062	0.00235	0.00231	0.86786
20	0.03541	0.00854	0.02825	0.14463	0.20242	0.04245	0.08349	0.13911	0.01018	0.06342	0.01093	0.14953	0.01009	0.00563	0.00424	0.00131	0.01244	0.03999	0.00276	0.00518
21	0.78742	0.00842	0.04607	0.00571	0.00835	0.00904	0.00496	0.06771	0.00756	0.01783	0.00581	0.00667	0.00445	0.00372	0.00259	0.00121	0.00325	0.00226	0.00249	0.00449
22	0.02898	0.01119	0.01015	0.00902	0.03141	0.18484	0.00690	0.21445	0.42647	0.01693	0.01189	0.01150	0.00895	0.00483	0.00385	0.00122	0.00426	0.00375	0.00348	0.00593
23	0.00577	0.00421	0.00600	0.00582	0.00634	0.00460	0.02670	0.00664	0.00614	0.00860	0.01103	0.01895	0.01126	0.33363	0.50193	0.02459	0.00778	0.00474	0.00219	0.00310
24	0.00484	0.00364	0.00441	0.00492	0.00551	0.00329	0.00338	0.00566	0.00810	0.01047	0.08493	0.51332	0.26676	0.05475	0.00563	0.00160	0.00224	0.00972	0.00362	0.00322
25	0.06439	0.00756	0.00798	0.00655	0.00874	0.00798	0.00525	0.39343	0.01324	0.04808	0.05372	0.01811	0.20116	0.04336	0.00460	0.00130	0.00325	0.00483	0.10138	0.00509
26	0.00948	0.00804	0.00856	0.00777	0.00983	0.00921	0.00601	0.05234	0.71673	0.01611	0.01624	0.09715	0.01312	0.00598	0.00409	0.00135	0.00307	0.00505	0.00395	0.00593
27	0.00671	0.00344	0.00503	0.00503	0.00503	0.00344	0.00331	0.00516	0.00516	0.00688	0.00732	0.01317	0.00749	0.09109	0.01574	0.80540	0.00344	0.00361	0.00176	0.00176
28	0.00786	0.01641	0.59670	0.01090	0.01573	0.00842	0.13447	0.01179	0.00845	0.01257	0.00929	0.01065	0.04527	0.00404	0.00381	0.00123	0.00535	0.00349	0.08819	0.00539
29	0.00758	0.00714	0.01199	0.73583	0.11631	0.00862	0.01078	0.01011	0.00799	0.01034	0.00798	0.01117	0.02984	0.00405	0.00394	0.00129	0.00507	0.00363	0.00182	0.00453
30	0.00827	0.00672	0.00831	0.00629	0.00929	0.00550	0.02333	0.01011	0.02129	0.04985	0.00909	0.01963	0.02694	0.00551	0.06224	0.00114	0.02722	0.02878	0.00251	0.66797
31	0.05886	0.00798	0.00894	0.02097	0.03408	0.04784	0.02430	0.25636	0.07276	0.09780	0.18200	0.05503	0.09065	0.00613	0.00424	0.00124	0.01688	0.00504	0.00372	0.00521
32	0.00910	0.00824	0.01355	0.01828	0.55240	0.00803	0.05777	0.03051	0.00922	0.04028	0.03628	0.04647	0.10123	0.00472	0.00403	0.00118	0.00416	0.00446	0.00243	0.04765
33	0.01008	0.28389	0.03412	0.00809	0.01065	0.06592	0.08697	0.08527	0.07164	0.06601	0.03089	0.15325	0.02761	0.00559	0.00391	0.00116	0.02318	0.00463	0.00276	0.02437

[dist]
# distance from previous block
# <min> <max>
1	5

[block]
# block no. 3 follows, 69 sequences, length 13
# corresponding to MSA columns:
# 207-219
name=unknown_D
#
# <colnr> <probs for GDERKNQSTAVLIFYWHMCP>
#	G	D	E	R	K	N	Q	S	T	A	V	L	I	F	Y	W	H	M	C	P
0	0.03137	0.19900	0.07290	0.00799	0.01104	0.10499	0.02073	0.12281	0.11673	0.12752	0.02686	0.00981	0.00756	0.00423	0.00363	0.00106	0.02169	0.00315	0.00290	0.10403
1	0.05415	0.03229	0.03962	0.00923	0.03939	0.03785	0.16250	0.04238	0.01961	0.25631	0.05445	0.01415	0.00991	0.03440	0.03009	0.07010	0.00442	0.04438	0.00314	0.04163
2	0.00936	0.00876	0.01039	0.00954	0.05362	0.08301	0.00730	0.06091	0.12040	0.02833	0.09396	0.01223	0.01002	0.02136	0.05033	0.00171	0.37760	0.00393	0.00258	0.03467
3	0.00975	0.02939	0.01520	0.07240	0.52494	0.09239	0.09180	0.01192	0.00894	0.01202	0.00775	0.04392	0.00674	0.00396	0.00410	0.00118	0.02320	0.00375	0.00201	0.03467
4	0.01464	0.01868	0.01111	0.01010	0.01212	0.84648	0.00757	0.01565	0.01111	0.00959	0.00606	0.00707	0.00505	0.00404	0.00353	0.00101	0.00707	0.00252	0.00202	0.00454
5	0.00632	0.00401	0.00530	0.00559	0.00626	0.00381	0.00404	0.00742	0.00862	0.08122	0.19084	0.49239	0.02532	0.02981	0.00528	0.00152	0.02062	0.05846	0.03954	0.00364
6	0.00909	0.00856	0.01429	0.19005	0.60322	0.00892	0.01116	0.03181	0.00901	0.01256	0.03257	0.01128	0.03230	0.00394	0.00393	0.00120	0.00460	0.00374	0.00207	0.00568
7	0.00566	0.00410	0.00476	0.00457	0.00577	0.00358	0.00343	0.00701	0.00986	0.05419	0.35705	0.06739	0.44041	0.00900	0.00461	0.00129	0.00201	0.00770	0.00397	0.00363
8	0.00653	0.00351	0.00490	0.00490	0.00490	0.00351	0.00314	0.00526	0.00526	0.00701	0.00822	0.01541	0.00870	0.22955	0.01650	0.66148	0.00351	0.00399	0.00187	0.00187
9	0.01021	0.16422	0.03763	0.15936	0.06013	0.18693	0.00783	0.10133	0.03357	0.01160	0.00789	0.02142	0.00678	0.03958	0.11703	0.00191	0.02228	0.00333	0.00220	0.00477
10	0.00730	0.00559	0.00645	0.00609	0.00745	0.00579	0.00458	0.06166	0.23682	0.03379	0.27634	0.20848	0.10764	0.00813	0.00447	0.00134	0.00249	0.00708	0.00399	0.00449
11	0.01064	0.01180	0.10713	0.01104	0.15029	0.22649	0.02612	0.09587	0.04498	0.05848	0.09242	0.02957	0.10776	0.00529	0.00398	0.00118	0.00466	0.00431	0.00284	0.00514
12	0.01004	0.08232	0.16946	0.00973	0.05990	0.06899	0.03222	0.06052	0.37785	0.02627	0.02604	0.01153	0.00898	0.00452	0.00377	0.00120	0.00422	0.00368	0.00299	0.03575

[dist]
# distance from previous block
# <min> <max>
1	16

[block]
# block no. 4 follows, 69 sequences, length 11
# corresponding to MSA columns:
# 236-238,312-319
name=unknown_E
#
# <colnr> <probs for GDERKNQSTAVLIFYWHMCP>
#	G	D	E	R	K	N	Q	S	T	A	V	L	I	F	Y	W	H	M	C	P
0	0.02188	0.06920	0.23225	0.01153	0.07472	0.04483	0.18684	0.08596	0.07432	0.04488	0.08500	0.02309	0.01888	0.00444	0.00398	0.00122	0.00491	0.00401	0.00258	0.00548
1	0.00721	0.00867	0.16248	0.00736	0.02783	0.00596	0.02844	0.00965	0.04109	0.01237	0.08279	0.10277	0.10851	0.01840	0.00430	0.00110	0.02949	0.00471	0.00269	0.33416
2	0.00621	0.00469	0.00605	0.03149	0.05640	0.00450	0.00446	0.04429	0.02190	0.02826	0.32534	0.22267	0.18218	0.03733	0.00511	0.00142	0.00247	0.00764	0.00373	0.00385
3	0.28183	0.00603	0.00670	0.00592	0.00768	0.00644	0.02013	0.04008	0.02970	0.14189	0.05196	0.01491	0.05433	0.10147	0.19305	0.00263	0.00480	0.00402	0.02208	0.00433
4	0.04349	0.01188	0.22894	0.08983	0.05798	0.00925	0.08682	0.22664	0.01151	0.16836	0.00934	0.01003	0.00652	0.00417	0.00387	0.00122	0.00476	0.00349	0.01598	0.00594
5	0.00579	0.00387	0.00510	0.00514	0.00539	0.00410	0.00344	0.00606	0.00589	0.00810	0.01128	0.05143	0.01210	0.42331	0.30372	0.12931	0.00600	0.00506	0.00223	0.00270
6	0.05901	0.00790	0.04339	0.00893	0.04721	0.00770	0.13219	0.17265	0.08702	0.01628	0.27379	0.01761	0.03382	0.03858	0.03517	0.00152	0.00393	0.00501	0.00336	0.00493
7	0.01154	0.00939	0.01740	0.04632	0.01678	0.03875	0.48303	0.03694	0.00989	0.22993	0.00997	0.01138	0.00709	0.00511	0.04651	0.00153	0.00584	0.00427	0.00279	0.00554
8	0.00992	0.00956	0.01512	0.10286	0.68774	0.04493	0.01153	0.04807	0.00934	0.01293	0.00737	0.00965	0.00609	0.00361	0.00387	0.00117	0.00480	0.00345	0.00201	0.00598
9	0.01317	0.03923	0.01170	0.00904	0.01163	0.07912	0.03104	0.47230	0.11386	0.05509	0.03419	0.01046	0.00799	0.00495	0.00476	0.00123	0.08708	0.00366	0.00348	0.00602
10	0.00907	0.00968	0.02050	0.01490	0.01848	0.00906	0.69411	0.01208	0.00918	0.03634	0.00977	0.03146	0.02360	0.00455	0.02047	0.00143	0.00618	0.04684	0.00223	0.02007

[dist]
# distance from previous block
# <min> <max>
0	3

[block]
# block no. 5 follows, 69 sequences, length 18
# corresponding to MSA columns:
# 323-340
name=unknown_F
#
# <colnr> <probs for GDERKNQSTAVLIFYWHMCP>
#	G	D	E	R	K	N	Q	S	T	A	V	L	I	F	Y	W	H	M	C	P
0	0.53233	0.12069	0.00885	0.02879	0.00917	0.07253	0.00528	0.07101	0.00844	0.06973	0.00774	0.00835	0.03554	0.00403	0.00285	0.00115	0.00362	0.00263	0.00259	0.00467
1	0.00683	0.00342	0.00504	0.00504	0.00508	0.00342	0.00337	0.00529	0.00525	0.00716	0.00708	0.01204	0.00696	0.01321	0.01475	0.84572	0.00333	0.00342	0.04180	0.00179
2	0.01141	0.10051	0.07433	0.01132	0.13543	0.31787	0.04186	0.08905	0.04050	0.01200	0.02234	0.01106	0.00746	0.08446	0.00519	0.00136	0.00542	0.02112	0.00230	0.00499
3	0.00567	0.00433	0.00539	0.00537	0.00644	0.00375	0.00380	0.00668	0.00792	0.01100	0.08460	0.48764	0.06574	0.06531	0.00547	0.00147	0.00249	0.02224	0.00332	0.20139
4	0.00897	0.03624	0.02122	0.01571	0.06518	0.00956	0.69149	0.01199	0.00917	0.01232	0.01019	0.01242	0.06779	0.00381	0.00452	0.00130	0.00608	0.00476	0.00209	0.00518
5	0.00569	0.00393	0.00515	0.00515	0.00553	0.00417	0.00354	0.00616	0.00612	0.00835	0.01309	0.02105	0.07296	0.37894	0.35000	0.09368	0.00631	0.00506	0.00229	0.00283
6	0.01100	0.00891	0.00947	0.00817	0.01059	0.01015	0.00645	0.18631	0.64409	0.03757	0.01460	0.01352	0.01082	0.00518	0.00397	0.00130	0.00336	0.00423	0.00400	0.00631
7	0.01040	0.02747	0.14391	0.01145	0.18155	0.04549	0.03815	0.10812	0.04832	0.11335	0.01126	0.02234	0.05823	0.03989	0.01662	0.00131	0.00437	0.00383	0.01076	0.10319
8	0.01016	0.45613	0.05877	0.00738	0.01006	0.11202	0.00675	0.09200	0.00935	0.01119	0.00930	0.15694	0.00939	0.00538	0.00337	0.00108	0.00428	0.02929	0.00234	0.00481
9	0.04082	0.19366	0.64206	0.01003	0.01520	0.01041	0.01251	0.01224	0.00815	0.01195	0.00665	0.00780	0.00495	0.00365	0.00343	0.00116	0.00536	0.00270	0.00169	0.00558
10	0.01183	0.06682	0.01359	0.04384	0.19635	0.17735	0.08641	0.17494	0.09270	0.04853	0.00917	0.01109	0.00733	0.00438	0.00388	0.00118	0.00500	0.03725	0.00272	0.00564
11	0.00609	0.00492	0.00691	0.04016	0.02977	0.00573	0.00515	0.00708	0.00658	0.00922	0.01276	0.15949	0.04366	0.17492	0.33199	0.00380	0.14027	0.00564	0.00239	0.00346
12	0.02731	0.00464	0.00556	0.00500	0.00642	0.00433	0.00378	0.01108	0.00896	0.25398	0.07164	0.10104	0.05227	0.09538	0.00532	0.00142	0.00255	0.00511	0.32986	0.00435
13	0.06014	0.00540	0.00660	0.00577	0.00757	0.00501	0.00447	0.05144	0.01005	0.31522	0.13593	0.16107	0.14006	0.03411	0.00469	0.00136	0.00273	0.00617	0.03744	0.00477
14	0.00769	0.00725	0.01212	0.64489	0.18229	0.00852	0.01066	0.01016	0.00811	0.01059	0.00890	0.01185	0.05233	0.00418	0.00395	0.00128	0.00493	0.00376	0.00189	0.00465
15	0.06331	0.00665	0.00976	0.02482	0.04060	0.03499	0.15846	0.04836	0.01735	0.08006	0.08650	0.26367	0.04867	0.00740	0.00440	0.00137	0.00365	0.05744	0.03813	0.00440
16	0.07200	0.00453	0.00533	0.00496	0.00590	0.00445	0.00358	0.03842	0.00972	0.02776	0.51258	0.02595	0.05026	0.20867	0.00803	0.00184	0.00252	0.00624	0.00369	0.00358
17	0.24168	0.00984	0.00922	0.00883	0.08085	0.12920	0.00638	0.09573	0.26121	0.03993	0.00972	0.00992	0.00741	0.00428	0.00342	0.00116	0.00390	0.00321	0.00302	0.07108

[dist]
# distance from previous block
# <min> <max>
0	1

[block]
# block no. 6 follows, 69 sequences, length 9
# corresponding to MSA columns:
# 342-350
name=unknown_G
#
# <colnr> <probs for GDERKNQSTAVLIFYWHMCP>
#	G	D	E	R	K	N	Q	S	T	A	V	L	I	F	Y	W	H	M	C	P
0	0.08818	0.02696	0.01276	0.03435	0.25661	0.28353	0.05216	0.07974	0.03280	0.01298	0.00707	0.00855	0.00574	0.00392	0.00393	0.00112	0.03521	0.00306	0.00223	0.04910
1	0.00836	0.12925	0.65334	0.01081	0.01604	0.01001	0.06390	0.01264	0.03812	0.01215	0.00721	0.00839	0.00529	0.00371	0.00363	0.00120	0.00554	0.00296	0.00176	0.00568
2	0.00502	0.00376	0.00466	0.00490	0.00565	0.00340	0.00350	0.00620	0.00915	0.01221	0.31959	0.35795	0.22936	0.01016	0.00478	0.00140	0.00205	0.00898	0.00388	0.00340
3	0.00944	0.00925	0.01779	0.16507	0.12903	0.00962	0.41181	0.01206	0.00867	0.06546	0.00781	0.01036	0.00599	0.00400	0.00542	0.00134	0.11551	0.00407	0.00209	0.00521
4	0.00525	0.00388	0.00435	0.00433	0.00499	0.00358	0.00288	0.00597	0.00792	0.01025	0.17170	0.06400	0.31522	0.36622	0.01106	0.00235	0.00273	0.00710	0.00323	0.00298
5	0.00594	0.00405	0.00521	0.00509	0.00567	0.00412	0.00356	0.00679	0.00730	0.03497	0.16642	0.02349	0.08375	0.33524	0.26488	0.02667	0.00529	0.00560	0.00281	0.00315
6	0.00960	0.08918	0.25976	0.08006	0.27028	0.05581	0.06592	0.06502	0.02302	0.01271	0.00726	0.00899	0.00568	0.00379	0.00398	0.00119	0.02689	0.00323	0.00198	0.00567
7	0.00932	0.00697	0.00792	0.00662	0.00881	0.00683	0.00517	0.25524	0.05298	0.04284	0.08624	0.19600	0.08536	0.00669	0.00405	0.00116	0.00305	0.00567	0.00354	0.20556
8	0.06600	0.23866	0.03769	0.03187	0.05706	0.04381	0.00710	0.13952	0.05425	0.10946	0.03707	0.01027	0.00773	0.00446	0.00407	0.00111	0.06546	0.01904	0.00277	0.06260

[dist]
# distance from previous block
# <min> <max>
3	13

[block]
# block no. 7 follows, 69 sequences, length 7
# corresponding to MSA columns:
# 367-373
name=unknown_H
#
# <colnr> <probs for GDERKNQSTAVLIFYWHMCP>
#	G	D	E	R	K	N	Q	S	T	A	V	L	I	F	Y	W	H	M	C	P
0	0.20749	0.04449	0.05064	0.03525	0.16597	0.06785	0.10529	0.04568	0.12048	0.01411	0.02404	0.00963	0.00683	0.00425	0.00440	0.00125	0.08137	0.00336	0.00242	0.00522
1	0.00768	0.00578	0.00693	0.00545	0.00793	0.00462	0.00428	0.00937	0.00929	0.07149	0.25158	0.01768	0.10046	0.00525	0.00365	0.00089	0.00253	0.00443	0.00321	0.47749
2	0.00810	0.00529	0.00652	0.00597	0.00695	0.00561	0.00437	0.07490	0.12165	0.06678	0.05406	0.01761	0.06912	0.16400	0.09995	0.25151	0.02649	0.00462	0.00284	0.00365
3	0.07976	0.10069	0.03090	0.00832	0.03948	0.13176	0.00665	0.10495	0.04924	0.23032	0.00986	0.01091	0.00753	0.05136	0.05451	0.00162	0.07034	0.00340	0.00305	0.00534
4	0.00916	0.00843	0.01310	0.13848	0.48085	0.00896	0.01004	0.04832	0.11373	0.01333	0.04768	0.01255	0.04554	0.00443	0.00422	0.00123	0.02785	0.00399	0.00244	0.00566
5	0.00490	0.00354	0.00468	0.00540	0.00572	0.00340	0.00366	0.00564	0.00737	0.00982	0.02104	0.68228	0.07055	0.05881	0.09126	0.00217	0.00317	0.00999	0.00342	0.00318
6	0.00888	0.04257	0.01286	0.32777	0.30312	0.00915	0.00994	0.07980	0.03289	0.01275	0.06425	0.03252	0.00855	0.00444	0.00423	0.00124	0.03365	0.00390	0.00228	0.00520

[dist]
# distance from previous block
# <min> <max>
2	8

[block]
# block no. 8 follows, 69 sequences, length 6
# corresponding to MSA columns:
# 382-387
name=unknown_I
#
# <colnr> <probs for GDERKNQSTAVLIFYWHMCP>
#	G	D	E	R	K	N	Q	S	T	A	V	L	I	F	Y	W	H	M	C	P
0	0.49695	0.00829	0.00686	0.00612	0.00819	0.09414	0.00488	0.03246	0.06059	0.01546	0.03157	0.01037	0.00728	0.03896	0.00401	0.00129	0.03804	0.02875	0.05415	0.05160
1	0.00722	0.00430	0.00528	0.00498	0.00600	0.00395	0.00360	0.00832	0.00894	0.13310	0.25142	0.08727	0.16559	0.22455	0.00841	0.00193	0.00268	0.03718	0.03159	0.00369
2	0.07293	0.00885	0.01135	0.05596	0.06077	0.00955	0.09197	0.21466	0.27108	0.12117	0.03319	0.01206	0.00917	0.00467	0.00393	0.00126	0.00396	0.00397	0.00353	0.00598
3	0.12302	0.14697	0.08152	0.00789	0.01060	0.09868	0.02257	0.10648	0.19494	0.05894	0.03309	0.06070	0.00946	0.00500	0.00360	0.00120	0.00406	0.02300	0.00299	0.00531
4	0.00606	0.00402	0.00488	0.00480	0.00532	0.00401	0.00324	0.00676	0.00707	0.03889	0.09764	0.02526	0.09972	0.46284	0.15122	0.00344	0.00442	0.03001	0.03737	0.00303
5	0.01089	0.00778	0.03085	0.03764	0.06414	0.00757	0.10349	0.18593	0.05758	0.18049	0.05654	0.16647	0.01287	0.05302	0.00512	0.00144	0.00388	0.00546	0.00351	0.00533

[dist]
# distance from previous block
# <min> <max>
5	21

[block]
# block no. 9 follows, 69 sequences, length 24
# corresponding to MSA columns:
# 410-433
name=unknown_J
#
# <colnr> <probs for GDERKNQSTAVLIFYWHMCP>
#	G	D	E	R	K	N	Q	S	T	A	V	L	I	F	Y	W	H	M	C	P
0	0.02674	0.02416	0.04988	0.03814	0.03146	0.46111	0.00779	0.07260	0.03829	0.04358	0.00730	0.00911	0.00609	0.04843	0.00567	0.00130	0.11823	0.00306	0.00229	0.00479
1	0.00903	0.00828	0.00954	0.00765	0.02044	0.08573	0.02937	0.01057	0.00804	0.04222	0.00717	0.00894	0.00607	0.00582	0.06857	0.00131	0.15900	0.00283	0.00225	0.50717
2	0.01354	0.00929	0.01024	0.00849	0.02735	0.03054	0.00671	0.40148	0.20123	0.17735	0.03518	0.04007	0.00988	0.00518	0.00399	0.00123	0.00379	0.00414	0.00403	0.00630
3	0.00514	0.00395	0.00470	0.00460	0.00563	0.00351	0.00342	0.00658	0.01002	0.01335	0.47311	0.08806	0.34566	0.00904	0.00465	0.00129	0.00193	0.00782	0.00401	0.00351
4	0.01556	0.00625	0.00816	0.00642	0.00905	0.00558	0.00525	0.04397	0.01090	0.65787	0.01476	0.01345	0.00967	0.00479	0.00372	0.00116	0.00308	0.00387	0.17038	0.00610
5	0.00703	0.00506	0.00604	0.00557	0.00693	0.00500	0.00424	0.01060	0.17828	0.06800	0.48308	0.04918	0.14025	0.00764	0.00446	0.00127	0.00223	0.00662	0.00417	0.00433
6	0.00575	0.00378	0.00431	0.00431	0.00431	0.00378	0.00242	0.00567	0.00567	0.00756	0.01209	0.02501	0.01390	0.82244	0.01974	0.04515	0.00378	0.00559	0.00234	0.00234
7	0.00640	0.00510	0.00581	0.00563	0.02316	0.00506	0.00415	0.03883	0.15082	0.01374	0.28447	0.02787	0.32425	0.03209	0.03315	0.00151	0.00260	0.00665	0.02459	0.00410
8	0.07177	0.00707	0.00831	0.00633	0.02568	0.00573	0.00496	0.02281	0.00863	0.13177	0.00812	0.00880	0.00627	0.00327	0.00305	0.00074	0.00303	0.00258	0.00271	0.66836
9	0.00790	0.02002	0.81982	0.01132	0.01706	0.00913	0.03631	0.01242	0.00830	0.01242	0.00706	0.00834	0.00499	0.00371	0.00375	0.00124	0.00582	0.00294	0.00166	0.00578
10	0.00911	0.00839	0.01402	0.30199	0.50534	0.00900	0.01126	0.03377	0.00886	0.02586	0.00780	0.01096	0.00640	0.00390	0.00394	0.00123	0.00479	0.02583	0.00202	0.00553
11	0.04495	0.01071	0.03079	0.01820	0.51899	0.10189	0.01024	0.15930	0.01087	0.04536	0.00782	0.00934	0.00619	0.00383	0.00379	0.00115	0.00477	0.00335	0.00243	0.00604
12	0.85763	0.00755	0.00589	0.00522	0.00767	0.00868	0.00430	0.01180	0.00684	0.04805	0.00583	0.00663	0.00445	0.00368	0.00248	0.00121	0.00304	0.00219	0.00252	0.00434
13	0.01189	0.00872	0.01462	0.01425	0.23284	0.02200	0.22780	0.04170	0.05114	0.25670	0.01112	0.04867	0.00848	0.00450	0.00431	0.00126	0.01793	0.01312	0.00307	0.00589
14	0.00813	0.00697	0.00813	0.00581	0.00929	0.00523	0.00465	0.00987	0.00813	0.01277	0.00697	0.00813	0.00581	0.00290	0.00290	0.00058	0.00290	0.00232	0.00232	0.88619
15	0.06646	0.00684	0.00898	0.00693	0.00993	0.00610	0.00572	0.04022	0.01116	0.77250	0.01474	0.01285	0.00932	0.00478	0.00386	0.00121	0.00335	0.00383	0.00469	0.00654
16	0.01286	0.00884	0.01121	0.00896	0.02594	0.01923	0.08452	0.36233	0.03611	0.19207	0.04555	0.02875	0.07140	0.01796	0.00485	0.00129	0.05418	0.00439	0.00371	0.00585
17	0.00528	0.00385	0.00497	0.00501	0.00577	0.00354	0.00363	0.00677	0.01001	0.01387	0.56788	0.24806	0.08820	0.00927	0.00472	0.00133	0.00197	0.00824	0.00409	0.00354
18	0.05062	0.00845	0.01267	0.17009	0.39272	0.00908	0.02401	0.07403	0.13430	0.01386	0.02027	0.03927	0.02467	0.00442	0.00391	0.00124	0.00429	0.00399	0.00251	0.00561
19	0.00522	0.00412	0.00473	0.00467	0.00578	0.00372	0.00349	0.00691	0.04117	0.01273	0.33885	0.09991	0.42131	0.00923	0.00465	0.00132	0.00203	0.02268	0.00391	0.00356
20	0.00603	0.00417	0.00581	0.00572	0.00605	0.00469	0.00410	0.00640	0.00588	0.00825	0.00999	0.01719	0.01019	0.25696	0.40529	0.18027	0.05365	0.00442	0.00208	0.00287
21	0.04016	0.06116	0.01125	0.00886	0.02734	0.28682	0.03210	0.18284	0.01139	0.06033	0.01887	0.01659	0.01550	0.00425	0.00393	0.00103	0.04337	0.00307	0.00267	0.16848
22	0.00508	0.00385	0.00469	0.00484	0.00570	0.00346	0.00353	0.00634	0.00938	0.01245	0.34152	0.25859	0.28298	0.00986	0.00475	0.00138	0.00206	0.03221	0.00390	0.00343
23	0.00952	0.02807	0.05435	0.00677	0.00976	0.00676	0.00571	0.08500	0.12382	0.09328	0.02949	0.07472	0.02241	0.00469	0.00354	0.00096	0.00321	0.01633	0.00307	0.41853

[dist]
# distance from previous block
# <min> <max>
3	24

[block]
# block no. 10 follows, 69 sequences, length 44
# corresponding to MSA columns:
# 461-473,475-505
name=unknown_K
#
# <colnr> <probs for GDERKNQSTAVLIFYWHMCP>
#	G	D	E	R	K	N	Q	S	T	A	V	L	I	F	Y	W	H	M	C	P
0	0.01091	0.02873	0.01280	0.01211	0.18004	0.05164	0.12995	0.10375	0.11814	0.11090	0.02108	0.02156	0.00836	0.02914	0.00434	0.00121	0.00431	0.01623	0.00292	0.13187
1	0.00893	0.00730	0.01001	0.02450	0.13572	0.00625	0.04833	0.01125	0.04378	0.07159	0.07773	0.01096	0.00902	0.00370	0.00342	0.00085	0.00335	0.00325	0.00265	0.51739
2	0.00640	0.00504	0.00554	0.00537	0.00665	0.01865	0.00401	0.00940	0.15999	0.03985	0.21395	0.16593	0.32679	0.00877	0.00453	0.00134	0.00234	0.00753	0.00387	0.00404
3	0.01287	0.00781	0.00880	0.00705	0.00946	0.00817	0.00572	0.38261	0.04046	0.19419	0.08083	0.01321	0.01076	0.00500	0.00373	0.00114	0.00332	0.00397	0.19514	0.00575
4	0.01000	0.00999	0.01744	0.04888	0.01685	0.02912	0.47127	0.13185	0.13172	0.01447	0.00987	0.01177	0.02203	0.02780	0.00502	0.00137	0.02813	0.00440	0.00259	0.00542
5	0.00970	0.00931	0.01591	0.02406	0.83777	0.00931	0.01203	0.01203	0.00893	0.01281	0.00737	0.00970	0.00621	0.00349	0.00388	0.00116	0.00466	0.00349	0.00194	0.00621
6	0.01143	0.00976	0.00999	0.00858	0.01096	0.10090	0.03412	0.12365	0.52565	0.07543	0.01363	0.01324	0.01021	0.00510	0.00410	0.00128	0.01647	0.01574	0.00372	0.00602
7	0.00570	0.00380	0.00428	0.00428	0.00428	0.00380	0.00238	0.00570	0.00570	0.00760	0.01235	0.02566	0.01425	0.86222	0.01995	0.00380	0.00380	0.00570	0.00238	0.00238
8	0.00568	0.00389	0.00473	0.00473	0.00488	0.00405	0.00294	0.00599	0.00583	0.00794	0.01194	0.02337	0.01326	0.67667	0.20415	0.00436	0.00529	0.00537	0.00231	0.00263
9	0.00963	0.00924	0.01578	0.05154	0.81089	0.00929	0.01199	0.01196	0.00889	0.01272	0.00736	0.00973	0.00618	0.00351	0.00388	0.00117	0.00468	0.00349	0.00193	0.00615
10	0.25898	0.00701	0.00823	0.00651	0.00938	0.00673	0.00538	0.03258	0.01010	0.59695	0.01258	0.01134	0.00813	0.00451	0.00352	0.00121	0.00327	0.00343	0.00416	0.00600
11	0.01016	0.76108	0.12123	0.00726	0.01091	0.01473	0.00766	0.01182	0.00800	0.00961	0.00564	0.00653	0.00502	0.00340	0.00266	0.00089	0.00439	0.00219	0.00167	0.00512
12	0.01046	0.00984	0.04521	0.21712	0.39393	0.03413	0.01064	0.20403	0.01096	0.01485	0.00771	0.00968	0.00600	0.00391	0.00388	0.00120	0.00482	0.00345	0.00235	0.00581
13	0.02983	0.00425	0.00495	0.00468	0.00578	0.00407	0.00354	0.03002	0.00997	0.04677	0.40709	0.05907	0.09144	0.00697	0.00396	0.00115	0.00203	0.00596	0.27464	0.00384
14	0.04304	0.01029	0.01934	0.01420	0.01763	0.03757	0.60399	0.04370	0.09113	0.01333	0.00938	0.01131	0.02855	0.00389	0.00470	0.00132	0.03458	0.00446	0.00231	0.00528
15	0.00506	0.00368	0.00472	0.00539	0.00587	0.00344	0.00382	0.00593	0.00792	0.01039	0.05787	0.55364	0.13056	0.06965	0.00601	0.00172	0.00250	0.11504	0.00358	0.00322
16	0.00942	0.00903	0.01554	0.03734	0.74942	0.00908	0.03896	0.01173	0.00877	0.01254	0.00756	0.01007	0.00639	0.00495	0.05118	0.00146	0.00506	0.00357	0.00195	0.00599
17	0.00681	0.00340	0.00511	0.00511	0.00511	0.00340	0.00340	0.00511	0.00511	0.00681	0.00681	0.01192	0.00681	0.01362	0.01532	0.88594	0.00340	0.00340	0.00170	0.00170
18	0.01465	0.01842	0.01113	0.01006	0.01212	0.81831	0.00757	0.04298	0.01136	0.01011	0.00617	0.00715	0.00510	0.00406	0.00355	0.00102	0.00698	0.00256	0.00208	0.00462
19	0.02748	0.17812	0.01441	0.03748	0.09686	0.10035	0.11550	0.15035	0.03213	0.12928	0.02009	0.02604	0.00725	0.00416	0.00366	0.00111	0.00463	0.00348	0.00278	0.04484
20	0.00730	0.00577	0.01599	0.03257	0.01675	0.02193	0.07107	0.07550	0.02550	0.05896	0.01890	0.48707	0.08471	0.00939	0.00496	0.00147	0.03140	0.02327	0.00342	0.00407
21	0.88991	0.00758	0.00576	0.00516	0.00758	0.00879	0.00425	0.01152	0.00667	0.01759	0.00546	0.00637	0.00425	0.00364	0.00243	0.00121	0.00303	0.00212	0.00243	0.00425
22	0.01131	0.01079	0.00964	0.00852	0.01080	0.18033	0.00662	0.10740	0.57532	0.01592	0.01323	0.01252	0.00998	0.00499	0.00389	0.00125	0.00404	0.00395	0.00358	0.00592
23	0.01378	0.00911	0.01120	0.00890	0.01170	0.06662	0.09685	0.23095	0.12090	0.29944	0.01288	0.03164	0.00957	0.00516	0.00410	0.00126	0.00418	0.05181	0.00388	0.00605
24	0.00581	0.00388	0.00497	0.00519	0.00596	0.00352	0.00370	0.00695	0.00904	0.06493	0.27348	0.43625	0.14123	0.01017	0.00477	0.00142	0.00217	0.00904	0.00392	0.00358
25	0.00476	0.00354	0.00444	0.00513	0.00561	0.00322	0.00350	0.00553	0.00787	0.01023	0.03924	0.66974	0.19950	0.01171	0.00492	0.00153	0.00221	0.01046	0.00365	0.00322
26	0.02120	0.00417	0.00507	0.00477	0.00580	0.00391	0.00353	0.00841	0.00968	0.08391	0.42943	0.06861	0.07783	0.08559	0.00560	0.00143	0.00220	0.00626	0.16882	0.00378
27	0.00524	0.00375	0.00483	0.00546	0.00586	0.00357	0.00374	0.02948	0.00803	0.01071	0.07373	0.66667	0.05056	0.07250	0.00602	0.00171	0.00245	0.03880	0.00360	0.00328
28	0.01485	0.00737	0.00908	0.00737	0.01012	0.00727	0.00595	0.03825	0.29159	0.53992	0.01549	0.01369	0.01041	0.00501	0.00396	0.00125	0.00328	0.00410	0.00454	0.00651
29	0.00943	0.00943	0.01700	0.01270	0.01573	0.00954	0.46941	0.11625	0.09230	0.01403	0.01229	0.01426	0.09291	0.00482	0.00514	0.00135	0.07229	0.02326	0.00262	0.00523
30	0.00997	0.00853	0.00899	0.00802	0.01028	0.00985	0.00626	0.05505	0.79611	0.01675	0.01568	0.01440	0.01174	0.00529	0.00399	0.00132	0.00315	0.00439	0.00399	0.00622
31	0.01012	0.62697	0.21953	0.00780	0.01174	0.01359	0.00856	0.01218	0.00817	0.04161	0.00622	0.00704	0.00519	0.00350	0.00286	0.00095	0.00455	0.00236	0.00179	0.00528
32	0.00664	0.00470	0.00599	0.00547	0.00630	0.00480	0.00405	0.03875	0.00987	0.04559	0.53754	0.02549	0.02757	0.18155	0.00836	0.00179	0.07187	0.00625	0.00371	0.00370
33	0.01048	0.86458	0.02054	0.00671	0.01006	0.01551	0.00671	0.01174	0.00797	0.00922	0.00545	0.00629	0.00503	0.00335	0.00252	0.00084	0.00419	0.00210	0.00168	0.00503
34	0.01143	0.00989	0.01311	0.06467	0.37778	0.10422	0.03105	0.10178	0.06548	0.11040	0.03634	0.01081	0.00784	0.00425	0.00421	0.00120	0.03335	0.00365	0.00270	0.00584
35	0.01295	0.00990	0.01080	0.00870	0.01151	0.01105	0.02087	0.48814	0.32248	0.04310	0.01200	0.01149	0.00872	0.00492	0.00396	0.00124	0.00387	0.00390	0.00394	0.00647
36	0.32855	0.01470	0.00919	0.00833	0.01049	0.54605	0.00638	0.01417	0.00952	0.01246	0.00584	0.00682	0.00476	0.00390	0.00314	0.00108	0.00562	0.00238	0.00217	0.00444
37	0.00958	0.00931	0.01625	0.05507	0.75135	0.00933	0.06718	0.01199	0.00891	0.01268	0.00740	0.00979	0.00615	0.00350	0.00393	0.00118	0.00481	0.00357	0.00194	0.00608
38	0.01489	0.01132	0.01174	0.00907	0.01216	0.04879	0.00746	0.78917	0.01811	0.02404	0.00927	0.00931	0.00660	0.00468	0.00390	0.00117	0.00443	0.00349	0.00384	0.00657
39	0.00560	0.00420	0.00630	0.00630	0.00700	0.00490	0.00490	0.00700	0.00630	0.00910	0.01050	0.01540	0.00980	0.02940	0.84669	0.00630	0.01050	0.00420	0.00210	0.00350
40	0.00560	0.00420	0.00630	0.00630	0.00700	0.00490	0.00490	0.00700	0.00630	0.00910	0.01050	0.01540	0.00980	0.02940	0.84669	0.00630	0.01050	0.00420	0.00210	0.00350
41	0.88991	0.00758	0.00576	0.00516	0.00758	0.00879	0.00425	0.01152	0.00667	0.01759	0.00546	0.00637	0.00425	0.00364	0.00243	0.00121	0.00303	0.00212	0.00243	0.00425
42	0.00786	0.02028	0.84191	0.01117	0.01697	0.00910	0.01448	0.01242	0.00828	0.01242	0.00704	0.00828	0.00497	0.00372	0.00372	0.00124	0.00579	0.00290	0.00166	0.00579
43	0.01075	0.01051	0.00932	0.00841	0.01059	0.18007	0.00648	0.01978	0.66386	0.01501	0.01394	0.01309	0.01056	0.00506	0.00390	0.00126	0.00391	0.00404	0.00359	0.00587

[dist]
# distance from previous block
# <min> <max>
0	1

[block]
# block no. 11 follows, 69 sequences, length 7
# corresponding to MSA columns:
# 507-512,514
name=unknown_L
#
# <colnr> <probs for GDERKNQSTAVLIFYWHMCP>
#	G	D	E	R	K	N	Q	S	T	A	V	L	I	F	Y	W	H	M	C	P
0	0.12769	0.01363	0.00968	0.00873	0.01088	0.44324	0.00672	0.05528	0.23177	0.01328	0.00929	0.01035	0.00746	0.00459	0.00359	0.00116	0.00522	0.02966	0.00275	0.00502
1	0.00504	0.00359	0.00478	0.00564	0.00595	0.00341	0.00395	0.00585	0.00762	0.01012	0.02098	0.69902	0.02482	0.05856	0.00588	0.00174	0.00255	0.12373	0.00357	0.00320
2	0.00561	0.00417	0.00614	0.00614	0.00679	0.00482	0.00471	0.00690	0.00625	0.00898	0.01064	0.01619	0.01014	0.09374	0.78282	0.00611	0.00998	0.00432	0.00212	0.00341
3	0.00499	0.00364	0.00483	0.00551	0.00595	0.00348	0.00389	0.00590	0.00777	0.01036	0.06394	0.61266	0.08941	0.01356	0.09246	0.00205	0.00317	0.05964	0.00351	0.00328
4	0.00496	0.00358	0.00472	0.00551	0.00590	0.00334	0.00385	0.00583	0.00795	0.01056	0.07437	0.68923	0.06951	0.01175	0.00500	0.00157	0.00235	0.08308	0.00368	0.00326
5	0.14269	0.00999	0.01046	0.00824	0.01118	0.01107	0.00677	0.58259	0.09528	0.06830	0.00981	0.00969	0.00700	0.00462	0.00371	0.00120	0.00395	0.00343	0.00376	0.00627
6	0.01025	0.00544	0.00679	0.00585	0.00760	0.00508	0.00451	0.05045	0.05545	0.30106	0.23245	0.07567	0.12649	0.08791	0.00579	0.00151	0.00278	0.00596	0.00415	0.00480

[dist]
# distance from previous block
# <min> <max>
0	7

[block]
# block no. 12 follows, 69 sequences, length 10
# corresponding to MSA columns:
# 522-525,551-556
name=unknown_M
#
# <colnr> <probs for GDERKNQSTAVLIFYWHMCP>
#	G	D	E	R	K	N	Q	S	T	A	V	L	I	F	Y	W	H	M	C	P
0	0.81595	0.00799	0.00624	0.04311	0.00863	0.04195	0.00467	0.01162	0.00690	0.01694	0.00555	0.00658	0.00432	0.00367	0.00254	0.00121	0.00329	0.00220	0.00238	0.00426
1	0.35126	0.02900	0.00935	0.00766	0.01023	0.16434	0.02755	0.18978	0.10527	0.05872	0.00820	0.00857	0.00614	0.00418	0.00327	0.00118	0.00420	0.00292	0.00295	0.00522
2	0.00738	0.03036	0.02938	0.00636	0.02511	0.11106	0.00450	0.02896	0.02554	0.00957	0.05709	0.03488	0.01278	0.42062	0.17679	0.00342	0.00547	0.00488	0.00244	0.00340
3	0.01177	0.61332	0.01793	0.00744	0.01068	0.05166	0.00693	0.21536	0.01073	0.01311	0.00647	0.00711	0.00544	0.00372	0.00291	0.00093	0.00435	0.00247	0.00225	0.00542
4	0.06926	0.00684	0.00769	0.00633	0.00844	0.00704	0.00509	0.26523	0.01252	0.16991	0.19521	0.01612	0.03786	0.00552	0.00378	0.00115	0.00297	0.00446	0.16940	0.00519
5	0.00732	0.00683	0.01145	0.76403	0.05782	0.00837	0.01046	0.00980	0.00786	0.01013	0.00795	0.06638	0.00663	0.00445	0.00399	0.00132	0.00501	0.00399	0.00187	0.00435
6	0.00518	0.00397	0.00475	0.00461	0.00565	0.00354	0.00344	0.00667	0.01016	0.01361	0.51189	0.06925	0.32528	0.00890	0.00464	0.00128	0.00192	0.00770	0.00404	0.00354
7	0.01115	0.16603	0.06690	0.00818	0.01120	0.06877	0.03194	0.16834	0.18702	0.06259	0.02265	0.01067	0.00802	0.00438	0.00370	0.00108	0.01792	0.01644	0.00298	0.13005
8	0.00478	0.00341	0.00455	0.00546	0.00569	0.00318	0.00364	0.00546	0.00751	0.01001	0.02161	0.85966	0.02593	0.01228	0.00500	0.00159	0.00227	0.01114	0.00364	0.00318
