[name]
unknown

[dist]
# distance from previous block
# <min> <max>
0	33

[block]
# block no. 0 follows, 73 sequences, length 16
# corresponding to MSA columns:
# 33-48
name=unknown_A
#
# <colnr> <probs for GDERKNQSTAVLIFYWHMCP>
#	G	D	E	R	K	N	Q	S	T	A	V	L	I	F	Y	W	H	M	C	P
0	0.02942	0.10736	0.05109	0.00768	0.03648	0.02586	0.06546	0.07567	0.02158	0.06610	0.03906	0.25250	0.05072	0.00705	0.00419	0.00127	0.01855	0.09087	0.00297	0.04611
1	0.00851	0.03389	0.23265	0.05082	0.08305	0.02863	0.10940	0.03586	0.10267	0.05533	0.05703	0.02269	0.08259	0.00458	0.00387	0.00115	0.01245	0.00399	0.00251	0.06833
2	0.00498	0.00498	0.09095	0.00560	0.00637	0.00371	0.00438	0.00594	0.00707	0.00953	0.01858	0.64717	0.04358	0.12076	0.00649	0.00175	0.00270	0.00911	0.00313	0.00321
3	0.00829	0.07016	0.05867	0.00807	0.09368	0.03909	0.00593	0.01807	0.00820	0.12089	0.08209	0.22452	0.01423	0.04933	0.05554	0.00165	0.06592	0.01464	0.05675	0.00428
4	0.00712	0.00603	0.00888	0.16433	0.21278	0.00628	0.00696	0.00986	0.09372	0.03111	0.22558	0.07138	0.11624	0.00609	0.00409	0.00123	0.00323	0.01762	0.00299	0.00447
5	0.01032	0.29906	0.19327	0.00867	0.02358	0.02379	0.06871	0.13894	0.06087	0.06399	0.00765	0.00828	0.00586	0.00367	0.00324	0.00101	0.00437	0.00285	0.00233	0.06954
6	0.00978	0.00826	0.01231	0.06707	0.47906	0.05980	0.02377	0.02901	0.00887	0.11339	0.00983	0.12846	0.00884	0.00474	0.00385	0.00117	0.00416	0.00435	0.00246	0.02080
7	0.00832	0.00819	0.01118	0.00962	0.00984	0.01127	0.00798	0.01015	0.09115	0.00971	0.00599	0.00880	0.00559	0.00642	0.01144	0.00160	0.77320	0.00338	0.00186	0.00429
8	0.00585	0.00582	0.09166	0.00533	0.00692	0.00446	0.00464	0.05655	0.01024	0.01399	0.50270	0.02687	0.23564	0.00752	0.00430	0.00120	0.00233	0.00646	0.00368	0.00382
9	0.01076	0.04494	0.06075	0.04826	0.29584	0.07106	0.04879	0.09459	0.02315	0.13241	0.00878	0.00995	0.00665	0.00394	0.00385	0.00111	0.03293	0.00333	0.09348	0.00543
10	0.00539	0.00391	0.00547	0.00547	0.00594	0.00438	0.00399	0.00634	0.00586	0.00829	0.01056	0.01758	0.01061	0.27150	0.61161	0.00534	0.00819	0.00444	0.00209	0.00304
11	0.00455	0.00376	0.00400	0.00404	0.00517	0.00320	0.00299	0.00557	0.00867	0.01067	0.13192	0.11063	0.67290	0.00949	0.00447	0.00128	0.00191	0.00803	0.00356	0.00320
12	0.00880	0.02969	0.10246	0.02813	0.11960	0.09512	0.35650	0.01146	0.02540	0.02193	0.04914	0.04306	0.05721	0.00437	0.00431	0.00121	0.03023	0.00434	0.00218	0.00488
13	0.03240	0.09566	0.10088	0.03039	0.16458	0.07085	0.04301	0.35018	0.02890	0.03593	0.00787	0.00868	0.00592	0.00394	0.00356	0.00110	0.00455	0.00314	0.00270	0.00575
14	0.00520	0.00422	0.00593	0.00592	0.00674	0.00399	0.07080	0.00669	0.05729	0.01019	0.02241	0.56193	0.18061	0.03318	0.00502	0.00149	0.00255	0.00910	0.00334	0.00339
15	0.10530	0.45316	0.04828	0.05934	0.01059	0.10649	0.00650	0.01193	0.00821	0.09602	0.00838	0.00893	0.05541	0.00388	0.00290	0.00097	0.00412	0.00270	0.00215	0.00473

[dist]
# distance from previous block
# <min> <max>
0	5

[block]
# block no. 1 follows, 73 sequences, length 29
# corresponding to MSA columns:
# 54-82
name=unknown_B
#
# <colnr> <probs for GDERKNQSTAVLIFYWHMCP>
#	G	D	E	R	K	N	Q	S	T	A	V	L	I	F	Y	W	H	M	C	P
0	0.00953	0.44109	0.07116	0.09459	0.17306	0.04676	0.07438	0.02008	0.00811	0.01019	0.00606	0.00758	0.00513	0.00339	0.00320	0.00099	0.01526	0.00268	0.00172	0.00502
1	0.00941	0.26772	0.28318	0.01864	0.01195	0.05209	0.00878	0.11715	0.04535	0.02280	0.00818	0.08522	0.00716	0.00455	0.00375	0.00111	0.04225	0.00342	0.00220	0.00510
2	0.00531	0.00390	0.00494	0.00533	0.00576	0.00400	0.00365	0.00685	0.08168	0.00960	0.02732	0.47422	0.01906	0.18734	0.14045	0.00263	0.00377	0.00794	0.00305	0.00320
3	0.02920	0.19737	0.41623	0.05254	0.01362	0.00963	0.02459	0.04591	0.01967	0.06839	0.00785	0.04021	0.00629	0.00458	0.02150	0.00124	0.02109	0.01287	0.00205	0.00518
4	0.00544	0.00406	0.00585	0.00581	0.00636	0.00468	0.00439	0.00656	0.00593	0.00849	0.01021	0.01613	0.00995	0.15968	0.70282	0.00555	0.02861	0.00423	0.00204	0.00320
5	0.00682	0.00446	0.00639	0.00605	0.00615	0.00519	0.00442	0.00618	0.00542	0.02204	0.00772	0.06883	0.00797	0.05702	0.05791	0.52695	0.19220	0.00392	0.00186	0.00248
6	0.00530	0.00501	0.08088	0.00585	0.00668	0.00392	0.00461	0.00657	0.02487	0.02587	0.03026	0.65047	0.03478	0.03667	0.02532	0.00165	0.01081	0.03381	0.00326	0.00341
7	0.01082	0.00886	0.00979	0.00900	0.06798	0.01000	0.00668	0.26433	0.53330	0.01785	0.01281	0.01217	0.00954	0.00479	0.00379	0.00122	0.00342	0.00392	0.00366	0.00607
8	0.00847	0.01741	0.69480	0.01108	0.05820	0.00869	0.03013	0.04669	0.02048	0.05872	0.00743	0.00844	0.00525	0.00367	0.00361	0.00118	0.00528	0.00294	0.00190	0.00564
9	0.00869	0.00820	0.01095	0.00914	0.00988	0.01059	0.00758	0.08339	0.00711	0.01080	0.00554	0.00822	0.00515	0.00585	0.01020	0.00144	0.66321	0.00314	0.00191	0.12902
10	0.00495	0.00363	0.00489	0.08209	0.00716	0.00358	0.00399	0.00582	0.00725	0.00975	0.01953	0.67024	0.06384	0.04205	0.00509	0.00153	0.00245	0.00930	0.04971	0.00315
11	0.00736	0.00698	0.01163	0.72503	0.09865	0.00861	0.01037	0.00972	0.00747	0.00979	0.00658	0.00981	0.00508	0.00391	0.00434	0.00127	0.06408	0.00333	0.00168	0.00432
12	0.00485	0.00351	0.00464	0.00538	0.00581	0.00329	0.00386	0.00577	0.00774	0.01026	0.07835	0.62501	0.07405	0.01111	0.00481	0.00152	0.00234	0.14104	0.00352	0.00315
13	0.02650	0.01574	0.01170	0.00997	0.01226	0.61839	0.08154	0.15664	0.01163	0.01206	0.00651	0.00745	0.00517	0.00391	0.00353	0.00102	0.00621	0.00276	0.00225	0.00476
14	0.57588	0.00755	0.00687	0.00588	0.00831	0.00846	0.00479	0.08735	0.12489	0.12593	0.00823	0.00834	0.00599	0.00395	0.00285	0.00117	0.00306	0.00269	0.00296	0.00484
15	0.00503	0.00379	0.00445	0.00456	0.00549	0.00339	0.00331	0.00630	0.02449	0.02758	0.23711	0.26581	0.37612	0.00949	0.00451	0.00131	0.00199	0.00825	0.00368	0.00334
16	0.00614	0.00527	0.00644	0.00636	0.00714	0.08126	0.00492	0.00745	0.00644	0.00875	0.00967	0.01402	0.00897	0.02595	0.77657	0.00557	0.00975	0.00387	0.00200	0.00344
17	0.00652	0.00326	0.00489	0.00489	0.00489	0.00326	0.00326	0.00489	0.00489	0.00652	0.00652	0.01140	0.00652	0.01303	0.01466	0.89084	0.00326	0.00326	0.00163	0.00163
18	0.59426	0.00714	0.00648	0.00555	0.00788	0.00791	0.00455	0.09839	0.00824	0.12544	0.00884	0.00929	0.04927	0.00532	0.04647	0.00141	0.00338	0.00281	0.00282	0.00453
19	0.00497	0.00350	0.00450	0.00488	0.00542	0.00327	0.00342	0.00608	0.00837	0.01162	0.27920	0.48256	0.07422	0.01008	0.01762	0.00143	0.00213	0.00869	0.06481	0.00324
20	0.01051	0.00937	0.00855	0.00772	0.00970	0.18046	0.00601	0.03268	0.45786	0.08925	0.06216	0.03015	0.01215	0.00542	0.00387	0.00123	0.00374	0.06037	0.00349	0.00530
21	0.01472	0.00743	0.00907	0.00709	0.00988	0.00725	0.00580	0.20199	0.10737	0.50751	0.02246	0.01208	0.00905	0.00463	0.00372	0.00114	0.00331	0.00371	0.02456	0.03724
22	0.00467	0.00334	0.00441	0.00515	0.00540	0.00318	0.00345	0.00532	0.00704	0.00939	0.01998	0.74049	0.04543	0.07169	0.05026	0.00190	0.00268	0.00988	0.00332	0.00301
23	0.01987	0.02160	0.00878	0.05149	0.05272	0.00746	0.02044	0.06620	0.02695	0.11351	0.02013	0.01303	0.02814	0.10991	0.02277	0.06306	0.22974	0.00381	0.11620	0.00420
24	0.00528	0.00395	0.00484	0.00521	0.00590	0.00382	0.00377	0.00703	0.07541	0.01100	0.13555	0.40243	0.14876	0.06523	0.00554	0.00157	0.00236	0.09309	0.01588	0.00337
25	0.00500	0.00359	0.00483	0.00568	0.00611	0.00342	0.00422	0.00597	0.00764	0.01007	0.02087	0.60454	0.04423	0.01129	0.00489	0.00158	0.00254	0.24687	0.00347	0.00317
26	0.41821	0.11162	0.01057	0.06644	0.11906	0.15435	0.04876	0.01175	0.00774	0.01324	0.00578	0.00709	0.00468	0.00350	0.00290	0.00109	0.00422	0.00248	0.00204	0.00450
27	0.00896	0.01457	0.02216	0.27529	0.09536	0.01850	0.04008	0.09674	0.00872	0.07724	0.01050	0.01236	0.09264	0.01133	0.00587	0.00132	0.19749	0.00387	0.00234	0.00467
28	0.04066	0.05216	0.01024	0.01086	0.25471	0.00659	0.02588	0.00977	0.00805	0.03213	0.01062	0.09229	0.06691	0.00449	0.00343	0.00095	0.00333	0.01662	0.00237	0.34794

[dist]
# distance from previous block
# <min> <max>
1	6

[block]
# block no. 2 follows, 73 sequences, length 15
# corresponding to MSA columns:
# 89-103
name=unknown_C
#
# <colnr> <probs for GDERKNQSTAVLIFYWHMCP>
#	G	D	E	R	K	N	Q	S	T	A	V	L	I	F	Y	W	H	M	C	P
0	0.03801	0.14742	0.02276	0.00721	0.04155	0.08645	0.02381	0.03951	0.00854	0.04103	0.01790	0.00911	0.00642	0.00346	0.00302	0.00079	0.00361	0.03035	0.00227	0.46677
1	0.00766	0.00788	0.05144	0.55745	0.20428	0.00842	0.06040	0.01020	0.00787	0.01048	0.00724	0.01080	0.00578	0.00383	0.00382	0.00123	0.00494	0.02984	0.00178	0.00465
2	0.02078	0.27195	0.18088	0.02061	0.06505	0.09070	0.17984	0.05050	0.02466	0.04205	0.01572	0.00834	0.00573	0.00355	0.00340	0.00106	0.00501	0.00302	0.00200	0.00516
3	0.05429	0.21533	0.44936	0.07407	0.04146	0.00996	0.03780	0.01184	0.00794	0.05564	0.00676	0.00791	0.00506	0.00353	0.00329	0.00110	0.00488	0.00272	0.00181	0.00524
4	0.00613	0.00492	0.00564	0.00547	0.00673	0.00496	0.00423	0.00986	0.21909	0.01320	0.28622	0.06986	0.24596	0.00801	0.00437	0.00130	0.00231	0.09394	0.00377	0.00401
5	0.00484	0.00389	0.00428	0.00428	0.00534	0.00346	0.00314	0.00622	0.03759	0.01113	0.19606	0.12217	0.52804	0.04647	0.00508	0.00138	0.00202	0.00775	0.00357	0.00329
6	0.04050	0.45855	0.11551	0.02571	0.07672	0.03765	0.06423	0.08968	0.00892	0.04177	0.00646	0.00741	0.00524	0.00347	0.00301	0.00097	0.00443	0.00260	0.00199	0.00516
7	0.00550	0.00371	0.00467	0.00467	0.00485	0.00389	0.00299	0.00575	0.00557	0.00761	0.01098	0.02101	0.01200	0.58328	0.24339	0.06519	0.00534	0.00492	0.00216	0.00252
8	0.00521	0.00381	0.00489	0.00467	0.00555	0.00349	0.00348	0.00686	0.01031	0.01442	0.74292	0.06359	0.10080	0.00799	0.00444	0.00120	0.00180	0.00704	0.00405	0.00349
9	0.00568	0.02079	0.00636	0.02232	0.09513	0.00446	0.00501	0.00695	0.02118	0.01025	0.03320	0.42003	0.06699	0.05857	0.03949	0.00178	0.00315	0.17202	0.00313	0.00352
10	0.01322	0.00987	0.02693	0.05121	0.07144	0.01056	0.00751	0.62568	0.03541	0.07334	0.00953	0.03143	0.00703	0.00458	0.00378	0.00115	0.00408	0.00359	0.00353	0.00613
11	0.00689	0.00349	0.00353	0.00357	0.00442	0.00348	0.00266	0.00860	0.00784	0.01380	0.01259	0.04919	0.01024	0.00468	0.00271	0.00090	0.00177	0.00379	0.85238	0.00348
12	0.00696	0.00567	0.01028	0.05376	0.05878	0.00568	0.21301	0.00758	0.00666	0.00903	0.00915	0.12790	0.00912	0.04651	0.05828	0.33832	0.02336	0.00471	0.00201	0.00325
13	0.00983	0.36857	0.01440	0.01915	0.02040	0.13086	0.03040	0.01931	0.04238	0.01874	0.02039	0.00821	0.00604	0.00500	0.02706	0.00122	0.21433	0.00279	0.03635	0.00456
14	0.00916	0.27670	0.36791	0.00940	0.06450	0.02863	0.00974	0.04392	0.00836	0.03956	0.00660	0.00760	0.00515	0.00349	0.00330	0.00100	0.01849	0.00258	0.00187	0.09206

[dist]
# distance from previous block
# <min> <max>
0	3

[block]
# block no. 3 follows, 73 sequences, length 33
# corresponding to MSA columns:
# 107-139
name=unknown_D
#
# <colnr> <probs for GDERKNQSTAVLIFYWHMCP>
#	G	D	E	R	K	N	Q	S	T	A	V	L	I	F	Y	W	H	M	C	P
0	0.01068	0.21746	0.03340	0.00778	0.02763	0.12255	0.02266	0.15888	0.13478	0.06457	0.02116	0.02568	0.06833	0.02095	0.03684	0.00131	0.00428	0.00363	0.01238	0.00506
1	0.84644	0.00792	0.05133	0.00525	0.00774	0.00843	0.00460	0.01107	0.00647	0.01656	0.00531	0.00619	0.00410	0.00349	0.00239	0.00116	0.00305	0.00207	0.00228	0.00414
2	0.67092	0.00690	0.00605	0.00532	0.00760	0.00765	0.00432	0.01213	0.03297	0.15126	0.00802	0.05923	0.00639	0.00422	0.00275	0.00119	0.00291	0.00290	0.00282	0.00444
3	0.00542	0.00365	0.00421	0.00423	0.00428	0.00368	0.00244	0.00552	0.00554	0.00742	0.01200	0.05045	0.01376	0.79559	0.06398	0.00370	0.00394	0.00554	0.00230	0.00236
4	0.63382	0.00723	0.00675	0.05956	0.00908	0.00805	0.00489	0.05409	0.00782	0.16786	0.00725	0.00771	0.00519	0.00376	0.00275	0.00116	0.00315	0.00250	0.00278	0.00461
5	0.17534	0.00756	0.05367	0.00644	0.00942	0.00655	0.00556	0.07770	0.00970	0.41016	0.01058	0.01009	0.00717	0.00401	0.00328	0.00104	0.00323	0.00307	0.02433	0.17111
6	0.01026	0.02917	0.05911	0.00709	0.00867	0.00745	0.00593	0.11087	0.00867	0.21773	0.01014	0.01355	0.00854	0.19107	0.05815	0.00205	0.19264	0.00387	0.05046	0.00458
7	0.00801	0.00766	0.06204	0.00671	0.03865	0.00593	0.00546	0.05464	0.05349	0.01281	0.00962	0.01039	0.06912	0.00363	0.00323	0.00076	0.01532	0.00292	0.00243	0.62719
8	0.47291	0.10829	0.00904	0.08951	0.08261	0.06846	0.01612	0.01111	0.00730	0.02736	0.00635	0.01476	0.00518	0.01602	0.00299	0.00113	0.00363	0.00255	0.05033	0.00433
9	0.00794	0.00772	0.01071	0.00929	0.00949	0.01060	0.00768	0.00936	0.05100	0.00935	0.00607	0.00927	0.00579	0.00895	0.10771	0.00212	0.71761	0.00342	0.00180	0.00412
10	0.00990	0.69000	0.05216	0.00662	0.00993	0.01329	0.00654	0.05516	0.00819	0.01014	0.00565	0.00646	0.00498	0.00324	0.00257	0.00081	0.00394	0.00214	0.00179	0.10651
11	0.09333	0.02778	0.00905	0.00677	0.00964	0.00741	0.00559	0.22372	0.01160	0.38853	0.04244	0.01090	0.00841	0.00431	0.00348	0.00106	0.00331	0.00336	0.00376	0.13555
12	0.00915	0.00967	0.01120	0.00970	0.01011	0.13922	0.00794	0.01053	0.05171	0.00941	0.00562	0.00830	0.00527	0.00608	0.01049	0.00152	0.68483	0.00320	0.00180	0.00424
13	0.00492	0.00376	0.00459	0.00505	0.00587	0.00343	0.00386	0.00601	0.00827	0.01052	0.07585	0.29358	0.34381	0.01030	0.00472	0.00145	0.00235	0.20492	0.00351	0.00322
14	0.00571	0.00453	0.00580	0.00609	0.00655	0.00491	0.00438	0.02810	0.08412	0.01044	0.01826	0.63954	0.03797	0.01025	0.00561	0.00150	0.11052	0.00890	0.00329	0.00354
15	0.01170	0.00882	0.00912	0.00760	0.00982	0.09570	0.00608	0.33402	0.11860	0.11380	0.01045	0.01119	0.00793	0.00930	0.17659	0.00211	0.00523	0.00355	0.03686	0.02152
16	0.00933	0.00806	0.00848	0.00764	0.00976	0.00933	0.00594	0.01994	0.83797	0.01569	0.01527	0.01400	0.01145	0.00509	0.00382	0.00127	0.00297	0.00424	0.00382	0.00594
17	0.02291	0.00362	0.00449	0.00488	0.00530	0.00348	0.00330	0.00621	0.02198	0.01080	0.18304	0.48060	0.02360	0.14931	0.00685	0.00175	0.00234	0.00835	0.05408	0.00312
18	0.01299	0.01085	0.01043	0.00845	0.01094	0.15231	0.00681	0.58029	0.01485	0.01914	0.00861	0.00942	0.00654	0.00767	0.12140	0.00178	0.00539	0.00330	0.00321	0.00562
19	0.15788	0.00667	0.00829	0.00647	0.00928	0.00620	0.00534	0.04666	0.01029	0.68392	0.01305	0.01156	0.00834	0.00445	0.00354	0.00116	0.00318	0.00348	0.00424	0.00601
20	0.00482	0.00365	0.00445	0.00461	0.00540	0.00328	0.00332	0.00600	0.00894	0.01189	0.34923	0.29214	0.26966	0.00948	0.00454	0.00131	0.00194	0.00833	0.00374	0.00328
21	0.00886	0.01012	0.02214	0.01581	0.01961	0.00949	0.83112	0.01202	0.00886	0.01202	0.00759	0.01012	0.00569	0.00316	0.00443	0.00127	0.00633	0.00443	0.00190	0.00506
22	0.00466	0.00381	0.00412	0.00404	0.00521	0.00326	0.00303	0.00583	0.00909	0.01142	0.24877	0.03399	0.63166	0.00902	0.00443	0.00124	0.00187	0.00762	0.00365	0.00326
23	0.00462	0.00331	0.00432	0.00510	0.00535	0.00309	0.00339	0.00524	0.00713	0.00946	0.02080	0.78354	0.05517	0.06329	0.00564	0.00164	0.00225	0.01025	0.00341	0.00301
24	0.01130	0.00566	0.00781	0.02145	0.05716	0.00539	0.00539	0.02638	0.04315	0.40948	0.11779	0.07931	0.03341	0.00955	0.14694	0.00202	0.00417	0.00479	0.00376	0.00511
25	0.00666	0.00553	0.02151	0.00607	0.00753	0.00550	0.00496	0.01087	0.25691	0.02372	0.12580	0.03730	0.24008	0.00803	0.00443	0.00138	0.00271	0.22318	0.00364	0.00420
26	0.00592	0.00512	0.03417	0.00643	0.00748	0.00511	0.06283	0.00748	0.01500	0.01067	0.10014	0.13971	0.09800	0.01453	0.29645	0.00291	0.07473	0.00553	0.10421	0.00360
27	0.02946	0.59710	0.03885	0.00892	0.10568	0.09973	0.00733	0.01154	0.00792	0.00952	0.00551	0.00664	0.00493	0.00349	0.00322	0.00092	0.05041	0.00229	0.00168	0.00486
28	0.07583	0.00889	0.10520	0.02124	0.01074	0.03586	0.01957	0.14106	0.01097	0.46664	0.01301	0.01213	0.05247	0.00461	0.00368	0.00116	0.00372	0.00366	0.00375	0.00583
29	0.00598	0.00571	0.04807	0.00626	0.00738	0.05028	0.05412	0.02161	0.00783	0.01026	0.04448	0.46070	0.09186	0.08035	0.00577	0.01160	0.00304	0.03057	0.00304	0.05108
30	0.04963	0.42035	0.09714	0.00701	0.00942	0.01073	0.02922	0.01811	0.00722	0.01674	0.00759	0.06728	0.00747	0.10465	0.05131	0.00161	0.08490	0.00339	0.00192	0.00433
31	0.00798	0.06065	0.18165	0.13140	0.05219	0.01880	0.02985	0.02933	0.07395	0.05902	0.08761	0.02896	0.05000	0.02295	0.10187	0.00181	0.05085	0.00404	0.00245	0.00466
32	0.00614	0.14969	0.00729	0.00529	0.00644	0.00541	0.00408	0.02048	0.00817	0.02515	0.13343	0.40723	0.11549	0.01955	0.00435	0.00130	0.00251	0.02834	0.01587	0.03377

[dist]
# distance from previous block
# <min> <max>
0	13

[block]
# block no. 4 follows, 73 sequences, length 11
# corresponding to MSA columns:
# 153-163
name=unknown_E
#
# <colnr> <probs for GDERKNQSTAVLIFYWHMCP>
#	G	D	E	R	K	N	Q	S	T	A	V	L	I	F	Y	W	H	M	C	P
0	0.02360	0.17295	0.20535	0.04829	0.05119	0.03637	0.08433	0.03253	0.07044	0.11041	0.02234	0.03353	0.00775	0.00479	0.02113	0.00124	0.01425	0.03389	0.00242	0.02319
1	0.02742	0.00831	0.01372	0.17433	0.32754	0.00871	0.13547	0.09545	0.02505	0.06170	0.01968	0.04707	0.00722	0.00413	0.00410	0.00120	0.02739	0.00389	0.00233	0.00530
2	0.00614	0.00435	0.00504	0.00484	0.00599	0.00417	0.00363	0.00863	0.11011	0.04778	0.32279	0.11337	0.24335	0.00781	0.00418	0.00122	0.00205	0.00672	0.09403	0.00380
3	0.18059	0.00609	0.02489	0.00551	0.00736	0.03474	0.00445	0.01102	0.05189	0.19576	0.26512	0.04025	0.14534	0.00623	0.00380	0.00119	0.00265	0.00511	0.00363	0.00439
4	0.05527	0.02483	0.09357	0.06409	0.30580	0.11836	0.06541	0.13054	0.02499	0.04167	0.00787	0.00996	0.00629	0.00392	0.00367	0.00114	0.00478	0.03009	0.00231	0.00542
5	0.00571	0.00394	0.00493	0.00489	0.00519	0.00419	0.00323	0.00650	0.04772	0.00805	0.01105	0.02012	0.01172	0.51350	0.25538	0.07876	0.00540	0.00480	0.00222	0.00271
6	0.00466	0.00378	0.00414	0.00418	0.00528	0.00327	0.00313	0.00577	0.00885	0.01106	0.18923	0.09552	0.60329	0.00935	0.00448	0.00128	0.00195	0.03392	0.00361	0.00324
7	0.01095	0.00631	0.02239	0.04428	0.07257	0.00590	0.02920	0.08499	0.03339	0.33463	0.04061	0.25913	0.02576	0.00666	0.00411	0.00127	0.00321	0.00585	0.00371	0.00509
8	0.23069	0.10725	0.07212	0.02272	0.05117	0.05902	0.00687	0.26539	0.05011	0.08917	0.00796	0.00833	0.00587	0.00397	0.00321	0.00110	0.00396	0.00286	0.00284	0.00537
9	0.00705	0.00697	0.00627	0.04065	0.00780	0.20289	0.00475	0.00788	0.00798	0.00959	0.01598	0.58429	0.01839	0.00925	0.00456	0.00137	0.02651	0.00805	0.02634	0.00344
10	0.00810	0.00873	0.01821	0.03025	0.01665	0.00832	0.63362	0.01073	0.00850	0.01154	0.05262	0.04133	0.00897	0.08248	0.00592	0.00150	0.02092	0.02490	0.00213	0.00459

[dist]
# distance from previous block
# <min> <max>
2	4

[block]
# block no. 5 follows, 73 sequences, length 31
# corresponding to MSA columns:
# 174-204
name=unknown_F
#
# <colnr> <probs for GDERKNQSTAVLIFYWHMCP>
#	G	D	E	R	K	N	Q	S	T	A	V	L	I	F	Y	W	H	M	C	P
0	0.01069	0.31329	0.02836	0.02495	0.01048	0.06192	0.00654	0.10971	0.33123	0.05118	0.01008	0.00992	0.00778	0.00421	0.00328	0.00106	0.00380	0.00318	0.00287	0.00547
1	0.89465	0.00726	0.00551	0.00493	0.00726	0.00842	0.00406	0.01103	0.00638	0.01683	0.00522	0.00609	0.00406	0.00348	0.00232	0.00116	0.00290	0.00203	0.00232	0.00406
2	0.01211	0.00818	0.00919	0.00747	0.00988	0.00883	0.00602	0.37924	0.20097	0.15382	0.08412	0.01302	0.01085	0.02185	0.04248	0.00143	0.00373	0.00400	0.01704	0.00578
3	0.00547	0.00367	0.00425	0.00423	0.00435	0.00363	0.00251	0.00567	0.00608	0.00820	0.10354	0.02509	0.01609	0.74177	0.01712	0.01757	0.00342	0.02242	0.00249	0.00243
4	0.01158	0.00796	0.01298	0.09264	0.17073	0.00800	0.17029	0.06824	0.04574	0.28385	0.01031	0.01153	0.00748	0.01854	0.01260	0.00130	0.04312	0.01456	0.00298	0.00557
5	0.73543	0.00832	0.00630	0.00557	0.00789	0.09791	0.00451	0.01199	0.00716	0.07817	0.00600	0.00667	0.00454	0.00361	0.00254	0.00114	0.00333	0.00220	0.00245	0.00427
6	0.00959	0.76668	0.01784	0.00618	0.00910	0.01354	0.00606	0.01084	0.00757	0.00921	0.00596	0.00701	0.00538	0.00441	0.04058	0.00104	0.00411	0.00221	0.06803	0.00465
7	0.04807	0.02376	0.35607	0.19988	0.12923	0.01702	0.06460	0.04372	0.00821	0.01183	0.00748	0.00977	0.01718	0.04243	0.00433	0.00130	0.00501	0.00325	0.00184	0.00503
8	0.00595	0.00345	0.00477	0.00483	0.00493	0.00352	0.00318	0.00528	0.00535	0.00721	0.00943	0.07929	0.01015	0.24610	0.11483	0.47904	0.00409	0.00450	0.00199	0.00211
9	0.83743	0.00795	0.00585	0.00524	0.00754	0.06330	0.00427	0.01129	0.00666	0.01634	0.00526	0.00614	0.00411	0.00351	0.00239	0.00115	0.00315	0.00206	0.00230	0.00408
10	0.00743	0.01849	0.79728	0.01046	0.01572	0.00844	0.01338	0.01163	0.00796	0.01184	0.00753	0.01002	0.00578	0.00398	0.00366	0.00122	0.00542	0.05261	0.00170	0.00542
11	0.00699	0.00789	0.14326	0.02424	0.00939	0.00629	0.05041	0.04547	0.18346	0.01322	0.20621	0.03170	0.16347	0.07072	0.00519	0.00140	0.00321	0.00536	0.01770	0.00442
12	0.01026	0.83373	0.01923	0.00649	0.00967	0.03172	0.00642	0.01147	0.00775	0.02757	0.00544	0.00618	0.00491	0.00326	0.00246	0.00081	0.00405	0.00205	0.00168	0.00484
13	0.01021	0.00871	0.00875	0.00773	0.00992	0.06074	0.00604	0.08205	0.67646	0.04896	0.01459	0.01351	0.02530	0.00503	0.00380	0.00124	0.00328	0.00411	0.00372	0.00584
14	0.00709	0.00667	0.01125	0.85913	0.02584	0.00834	0.01042	0.00959	0.00750	0.00959	0.00667	0.01000	0.00500	0.00375	0.00375	0.00125	0.00500	0.00333	0.00167	0.00417
15	0.00534	0.00368	0.00421	0.00421	0.00439	0.00367	0.00252	0.00554	0.00583	0.00769	0.01447	0.02504	0.10143	0.71409	0.07996	0.00356	0.00393	0.00561	0.00238	0.00245
16	0.00878	0.00688	0.00728	0.00653	0.00808	0.05810	0.00499	0.25525	0.07165	0.03236	0.17417	0.25950	0.07581	0.00753	0.00421	0.00126	0.00302	0.00644	0.00364	0.00451
17	0.00575	0.00388	0.00532	0.00532	0.00600	0.00435	0.00406	0.00710	0.00642	0.00985	0.01066	0.01515	0.00969	0.07237	0.60550	0.00469	0.00773	0.00398	0.20884	0.00332
18	0.17143	0.00683	0.00657	0.00579	0.00761	0.04181	0.00459	0.14868	0.14517	0.04482	0.03548	0.01326	0.03873	0.00476	0.00320	0.00109	0.00286	0.02374	0.28897	0.00460
19	0.08055	0.00632	0.00813	0.00649	0.00906	0.00578	0.00527	0.05954	0.01039	0.64952	0.01443	0.10613	0.01046	0.00533	0.00378	0.00120	0.00311	0.00438	0.00430	0.00584
20	0.00487	0.00359	0.00443	0.00470	0.00531	0.00329	0.00329	0.00586	0.00831	0.01108	0.26372	0.35434	0.19411	0.09643	0.00606	0.00159	0.00217	0.02016	0.00355	0.00314
21	0.02917	0.01052	0.00916	0.00797	0.00985	0.28064	0.03790	0.24576	0.01141	0.02667	0.01132	0.17717	0.03617	0.00684	0.04143	0.00137	0.00473	0.00469	0.04263	0.00461
22	0.10612	0.00651	0.00733	0.00607	0.00830	0.00654	0.00488	0.14806	0.08592	0.30777	0.01553	0.03572	0.11215	0.00528	0.00357	0.00115	0.00291	0.00421	0.12677	0.00521
23	0.00457	0.00326	0.00435	0.00522	0.00544	0.00305	0.00348	0.00522	0.00718	0.00958	0.02068	0.86570	0.02481	0.01175	0.00479	0.00152	0.00218	0.01067	0.00348	0.00305
24	0.11886	0.00938	0.01045	0.00870	0.04414	0.01052	0.00688	0.51865	0.03740	0.09325	0.00873	0.00906	0.00633	0.00458	0.00449	0.00119	0.09492	0.00326	0.00336	0.00583
25	0.00454	0.00338	0.00423	0.00491	0.00536	0.00307	0.00334	0.00526	0.00749	0.00970	0.02451	0.68231	0.20573	0.01126	0.00471	0.00147	0.00212	0.01006	0.00348	0.00307
26	0.00462	0.00333	0.00439	0.00519	0.00548	0.00310	0.00352	0.00534	0.00736	0.00978	0.04179	0.78798	0.06170	0.01152	0.00477	0.00151	0.00218	0.02988	0.00350	0.00307
27	0.45401	0.11546	0.02367	0.00728	0.06913	0.06314	0.00557	0.04769	0.00752	0.01390	0.00703	0.07146	0.00637	0.00575	0.05508	0.00144	0.03587	0.00304	0.00227	0.00432
28	0.00746	0.00792	0.09593	0.25461	0.07544	0.06971	0.03213	0.00953	0.02466	0.04416	0.01204	0.26586	0.01216	0.01563	0.01770	0.00141	0.00423	0.04271	0.00250	0.00421
29	0.00620	0.00556	0.00555	0.00610	0.00670	0.11893	0.00436	0.00743	0.04305	0.00995	0.01835	0.62987	0.02121	0.01026	0.00460	0.00146	0.00296	0.09080	0.00328	0.00339
30	0.02580	0.20578	0.08619	0.00910	0.06896	0.04136	0.03649	0.08797	0.14582	0.02487	0.01018	0.01091	0.06899	0.00470	0.00475	0.00116	0.13460	0.00343	0.00243	0.02651

[dist]
# distance from previous block
# <min> <max>
3	50

[block]
# block no. 6 follows, 73 sequences, length 46
# corresponding to MSA columns:
# 296-341
name=unknown_G
#
# <colnr> <probs for GDERKNQSTAVLIFYWHMCP>
#	G	D	E	R	K	N	Q	S	T	A	V	L	I	F	Y	W	H	M	C	P
0	0.00674	0.00512	0.00742	0.06641	0.07151	0.00500	0.04421	0.01918	0.03686	0.05919	0.39311	0.08748	0.09049	0.00784	0.04034	0.00142	0.00302	0.02501	0.00344	0.02622
1	0.07794	0.33341	0.23362	0.01976	0.06552	0.04103	0.03100	0.03677	0.00811	0.02525	0.00640	0.00759	0.00520	0.00444	0.03853	0.00120	0.00470	0.00256	0.00186	0.05509
2	0.05502	0.00762	0.01139	0.10518	0.39599	0.00757	0.00844	0.03902	0.03334	0.05526	0.03079	0.05888	0.00790	0.00405	0.00357	0.00106	0.00381	0.00363	0.00235	0.16514
3	0.01314	0.00598	0.00759	0.00616	0.00854	0.00548	0.00497	0.01570	0.11389	0.54718	0.06603	0.01699	0.12285	0.00551	0.00386	0.00118	0.00285	0.00455	0.04193	0.00561
4	0.01945	0.00438	0.00537	0.00494	0.00613	0.00413	0.00376	0.02103	0.05495	0.07065	0.59727	0.02683	0.15174	0.00749	0.00431	0.00120	0.00200	0.00649	0.00402	0.00386
5	0.06366	0.24995	0.21881	0.02675	0.04291	0.09302	0.03027	0.10110	0.00933	0.08268	0.01481	0.02948	0.00614	0.00394	0.00334	0.00106	0.01238	0.00295	0.00225	0.00518
6	0.00637	0.00512	0.00621	0.00594	0.00628	0.05136	0.00430	0.00683	0.00592	0.00804	0.00936	0.01646	0.00970	0.31298	0.31352	0.10244	0.11998	0.00425	0.00201	0.00294
7	0.00485	0.00389	0.00427	0.00428	0.00534	0.00346	0.00318	0.00614	0.02936	0.01094	0.17223	0.07973	0.54759	0.06743	0.00546	0.00145	0.00210	0.04153	0.00352	0.00325
8	0.00692	0.00610	0.04167	0.08675	0.10194	0.00565	0.09385	0.00878	0.01936	0.05591	0.10957	0.24396	0.07553	0.00752	0.00453	0.00136	0.01778	0.10568	0.00300	0.00413
9	0.01095	0.02892	0.03096	0.18829	0.19854	0.04873	0.07754	0.14757	0.01770	0.15884	0.00912	0.04053	0.00699	0.00421	0.00389	0.00117	0.01426	0.00369	0.00268	0.00541
10	0.00724	0.00374	0.00376	0.00367	0.00462	0.00378	0.00278	0.03704	0.00820	0.01432	0.01213	0.01382	0.00951	0.00438	0.00266	0.00088	0.00183	0.00349	0.85855	0.00360
11	0.00896	0.00686	0.04064	0.10934	0.06197	0.00664	0.14012	0.01124	0.04157	0.17484	0.02703	0.04610	0.01003	0.02306	0.17114	0.01290	0.02429	0.07591	0.00273	0.00464
12	0.01401	0.01788	0.01063	0.00967	0.01160	0.85309	0.00725	0.01498	0.01063	0.00918	0.00580	0.00677	0.00483	0.00387	0.00338	0.00097	0.00677	0.00242	0.00193	0.00435
13	0.00595	0.00463	0.04002	0.00489	0.00550	0.00418	0.00341	0.01417	0.01609	0.02795	0.01226	0.08014	0.02523	0.57910	0.12040	0.00341	0.00434	0.00535	0.00240	0.04056
14	0.01003	0.87041	0.01966	0.00642	0.00963	0.01485	0.00642	0.01123	0.00762	0.00883	0.00522	0.00602	0.00481	0.00321	0.00241	0.00080	0.00401	0.00201	0.00160	0.00481
15	0.89465	0.00726	0.00551	0.00493	0.00726	0.00842	0.00406	0.01103	0.00638	0.01683	0.00522	0.00609	0.00406	0.00348	0.00232	0.00116	0.00290	0.00203	0.00232	0.00406
16	0.80817	0.00724	0.00587	0.00514	0.00752	0.00823	0.00423	0.02517	0.00693	0.08502	0.00607	0.00669	0.00453	0.00359	0.00246	0.00116	0.00295	0.00220	0.00254	0.00429
17	0.00543	0.00374	0.00459	0.00459	0.00476	0.00391	0.00289	0.00577	0.00560	0.00764	0.01137	0.02204	0.01255	0.65322	0.23253	0.00425	0.00528	0.00509	0.00221	0.00255
18	0.89465	0.00726	0.00551	0.00493	0.00726	0.00842	0.00406	0.01103	0.00638	0.01683	0.00522	0.00609	0.00406	0.00348	0.00232	0.00116	0.00290	0.00203	0.00232	0.00406
19	0.00856	0.00614	0.00723	0.03673	0.00862	0.06760	0.02481	0.07622	0.04525	0.13100	0.18302	0.21760	0.02801	0.00774	0.00436	0.00133	0.00317	0.13476	0.00359	0.00426
20	0.01956	0.00708	0.03655	0.09088	0.03226	0.05264	0.00580	0.15708	0.03142	0.10255	0.17028	0.07127	0.04392	0.00646	0.03517	0.00133	0.00351	0.00468	0.12297	0.00460
21	0.00757	0.00712	0.04298	0.00724	0.07680	0.00537	0.02230	0.00938	0.00806	0.01221	0.04921	0.01082	0.06265	0.00355	0.00311	0.00072	0.00299	0.00298	0.00234	0.66260
22	0.78838	0.00804	0.01643	0.00541	0.00779	0.05201	0.00448	0.03885	0.00710	0.03602	0.00562	0.00641	0.00431	0.00356	0.00247	0.00115	0.00318	0.00215	0.00239	0.00423
23	0.01574	0.05333	0.00924	0.00667	0.00950	0.00640	0.00555	0.06869	0.02759	0.69858	0.01382	0.01224	0.00892	0.00455	0.00365	0.00113	0.00323	0.00365	0.04136	0.00617
24	0.00752	0.01941	0.84871	0.01069	0.01624	0.00871	0.01386	0.01188	0.00792	0.01188	0.00673	0.00792	0.00475	0.00356	0.00356	0.00119	0.00554	0.00277	0.00158	0.00554
25	0.01410	0.01043	0.01117	0.00860	0.01157	0.01156	0.00709	0.80510	0.04505	0.02338	0.00922	0.00917	0.00655	0.00452	0.00376	0.00113	0.00409	0.00341	0.00376	0.00637
26	0.00821	0.00821	0.01149	0.00985	0.00985	0.01149	0.00821	0.00903	0.00575	0.00903	0.00492	0.00821	0.00492	0.00657	0.01231	0.00164	0.86128	0.00328	0.00164	0.00410
27	0.05851	0.00754	0.00909	0.00704	0.00986	0.00740	0.00580	0.26140	0.01247	0.52458	0.01249	0.01137	0.00818	0.00453	0.00365	0.00114	0.00340	0.00356	0.04184	0.00615
28	0.40519	0.00693	0.00740	0.00598	0.00863	0.00704	0.00494	0.04735	0.00909	0.44715	0.01033	0.00967	0.00686	0.00412	0.00313	0.00116	0.00310	0.00299	0.00358	0.00536
29	0.00852	0.00937	0.01864	0.01373	0.01681	0.04391	0.64019	0.01115	0.00844	0.01128	0.00825	0.01208	0.00684	0.04225	0.06723	0.01383	0.02671	0.03415	0.00197	0.00466
30	0.00658	0.00449	0.00540	0.00498	0.00627	0.00421	0.00383	0.01790	0.07983	0.08745	0.45668	0.02752	0.23638	0.00764	0.00431	0.00122	0.00210	0.02549	0.01377	0.00393
31	0.00553	0.00359	0.00431	0.00436	0.00441	0.00361	0.00259	0.00543	0.00552	0.00739	0.01161	0.07450	0.01321	0.66397	0.05949	0.11669	0.00382	0.00543	0.00225	0.00229
32	0.00880	0.00663	0.00725	0.00651	0.00830	0.00732	0.00505	0.03529	0.50753	0.06166	0.16991	0.01644	0.01546	0.00544	0.00377	0.00119	0.00262	0.00457	0.12104	0.00520
33	0.00795	0.00428	0.00448	0.00414	0.00529	0.00434	0.00319	0.08759	0.00901	0.04280	0.04672	0.01406	0.01037	0.00453	0.00284	0.00092	0.00202	0.00363	0.73797	0.00387
34	0.00508	0.00381	0.00474	0.00486	0.00565	0.00354	0.00354	0.00667	0.03675	0.01248	0.40864	0.28159	0.17245	0.00919	0.00453	0.00131	0.00199	0.02598	0.00380	0.00340
35	0.43907	0.00737	0.00752	0.00610	0.00874	0.00774	0.00504	0.12560	0.00958	0.33540	0.00940	0.00904	0.00638	0.00407	0.00307	0.00116	0.00318	0.00288	0.00340	0.00527
36	0.01521	0.00706	0.00889	0.00701	0.00977	0.00675	0.00573	0.10735	0.13983	0.61561	0.02685	0.01278	0.00970	0.00474	0.00379	0.00117	0.00324	0.00385	0.00441	0.00627
37	0.00457	0.00326	0.00435	0.00522	0.00544	0.00305	0.00348	0.00522	0.00718	0.00958	0.02068	0.86570	0.02481	0.01175	0.00479	0.00152	0.00218	0.01067	0.00348	0.00305
38	0.01382	0.00733	0.00968	0.10121	0.06177	0.00737	0.00669	0.14019	0.10537	0.46769	0.01252	0.01187	0.00843	0.00502	0.02249	0.00128	0.00373	0.00370	0.00386	0.00600
39	0.00522	0.00424	0.00450	0.00436	0.00565	0.00380	0.00332	0.06140	0.00928	0.01147	0.10450	0.07467	0.65423	0.00914	0.00442	0.00127	0.00209	0.02945	0.00356	0.00342
40	0.00902	0.00482	0.00621	0.00584	0.00719	0.00455	0.00438	0.01113	0.09443	0.27009	0.12373	0.37586	0.01960	0.00815	0.00428	0.00133	0.00253	0.01777	0.02463	0.00446
41	0.48007	0.22769	0.01068	0.00725	0.06011	0.12626	0.01939	0.01167	0.00746	0.01339	0.00545	0.00643	0.00450	0.00345	0.00261	0.00104	0.00387	0.00220	0.00205	0.00443
42	0.00894	0.00855	0.06211	0.42887	0.15357	0.05078	0.02679	0.08371	0.00904	0.06252	0.02755	0.04586	0.00707	0.00421	0.00379	0.00120	0.00468	0.00370	0.00221	0.00484
43	0.00472	0.00345	0.00467	0.00545	0.01468	0.00323	0.01188	0.00546	0.00735	0.00978	0.04573	0.76243	0.05350	0.03138	0.00509	0.00155	0.00227	0.02083	0.00344	0.00311
44	0.04429	0.60702	0.07598	0.00758	0.01057	0.06936	0.04211	0.01136	0.00768	0.00953	0.00544	0.00657	0.00483	0.00359	0.00352	0.00095	0.08090	0.00230	0.00167	0.00475
45	0.00646	0.02522	0.07265	0.07530	0.03585	0.00549	0.00563	0.06018	0.04508	0.01999	0.09128	0.34220	0.09588	0.00900	0.04045	0.00153	0.01508	0.02254	0.02625	0.00394

[dist]
# distance from previous block
# <min> <max>
3	8

[block]
# block no. 7 follows, 73 sequences, length 11
# corresponding to MSA columns:
# 350-360
name=unknown_H
#
# <colnr> <probs for GDERKNQSTAVLIFYWHMCP>
#	G	D	E	R	K	N	Q	S	T	A	V	L	I	F	Y	W	H	M	C	P
0	0.00842	0.07912	0.16013	0.14206	0.26043	0.04097	0.04559	0.01178	0.10018	0.01154	0.00907	0.07270	0.00791	0.00447	0.00374	0.00119	0.00450	0.02892	0.00215	0.00513
1	0.00514	0.00392	0.00478	0.00507	0.00580	0.00374	0.00360	0.00699	0.08184	0.01150	0.21681	0.44844	0.16871	0.00981	0.00456	0.00138	0.00210	0.00870	0.00366	0.00344
2	0.36618	0.00712	0.00739	0.00602	0.00856	0.00739	0.00495	0.13391	0.00981	0.32665	0.01101	0.01059	0.04230	0.00436	0.00317	0.00115	0.00310	0.00319	0.03794	0.00521
3	0.07879	0.14418	0.00992	0.23637	0.02188	0.02978	0.01559	0.03248	0.01691	0.06447	0.02162	0.02272	0.00703	0.02895	0.00661	0.22537	0.00393	0.01726	0.01234	0.00379
4	0.00706	0.00475	0.00530	0.00521	0.00540	0.08588	0.00347	0.00597	0.00555	0.00691	0.00740	0.01330	0.00763	0.16502	0.01436	0.64579	0.00367	0.00357	0.00177	0.00201
5	0.00453	0.00342	0.00419	0.00481	0.00533	0.00308	0.00330	0.00527	0.00758	0.00974	0.02576	0.62253	0.26470	0.01109	0.00468	0.00145	0.00210	0.00986	0.00348	0.00308
6	0.01255	0.00749	0.00853	0.00682	0.00918	0.00779	0.00554	0.36913	0.04845	0.22727	0.09228	0.01288	0.01071	0.00485	0.00363	0.00110	0.00320	0.00387	0.15914	0.00558
7	0.00743	0.03676	0.57159	0.00938	0.01354	0.00808	0.03433	0.01169	0.09991	0.01163	0.00911	0.06823	0.00775	0.08825	0.00518	0.00145	0.00483	0.00376	0.00204	0.00507
8	0.00733	0.00692	0.01169	0.76619	0.11687	0.00840	0.01054	0.00980	0.00762	0.00988	0.00671	0.00992	0.00511	0.00371	0.00375	0.00124	0.00494	0.00334	0.00169	0.00437
9	0.00886	0.01012	0.02214	0.01581	0.01961	0.00949	0.83112	0.01202	0.00886	0.01202	0.00759	0.01012	0.00569	0.00316	0.00443	0.00127	0.00633	0.00443	0.00190	0.00506
10	0.00694	0.00572	0.06400	0.00667	0.00821	0.00469	0.08492	0.00883	0.03139	0.10506	0.28184	0.29510	0.04962	0.00799	0.00441	0.00131	0.00283	0.02290	0.00355	0.00403

[dist]
# distance from previous block
# <min> <max>
0	1

[block]
# block no. 8 follows, 73 sequences, length 49
# corresponding to MSA columns:
# 362-410
name=unknown_I
#
# <colnr> <probs for GDERKNQSTAVLIFYWHMCP>
#	G	D	E	R	K	N	Q	S	T	A	V	L	I	F	Y	W	H	M	C	P
0	0.00922	0.04857	0.13139	0.00903	0.11585	0.02520	0.00717	0.07023	0.05694	0.06730	0.01816	0.02449	0.00679	0.00361	0.00326	0.00088	0.00364	0.00295	0.00246	0.39285
1	0.14346	0.07568	0.12368	0.00835	0.01116	0.27781	0.02134	0.20318	0.01090	0.03325	0.01855	0.00806	0.00579	0.00395	0.00328	0.00106	0.00486	0.00277	0.03788	0.00499
2	0.89465	0.00726	0.00551	0.00493	0.00726	0.00842	0.00406	0.01103	0.00638	0.01683	0.00522	0.00609	0.00406	0.00348	0.00232	0.00116	0.00290	0.00203	0.00232	0.00406
3	0.89465	0.00726	0.00551	0.00493	0.00726	0.00842	0.00406	0.01103	0.00638	0.01683	0.00522	0.00609	0.00406	0.00348	0.00232	0.00116	0.00290	0.00203	0.00232	0.00406
4	0.00472	0.00333	0.00431	0.00504	0.00522	0.00315	0.00328	0.00526	0.00690	0.00919	0.01921	0.72591	0.02296	0.15408	0.00717	0.00187	0.00242	0.00980	0.00328	0.00292
5	0.01404	0.01725	0.01069	0.00958	0.01160	0.78133	0.00724	0.08468	0.01123	0.01042	0.00607	0.00696	0.00496	0.00392	0.00341	0.00098	0.00654	0.00250	0.00209	0.00452
6	0.89465	0.00726	0.00551	0.00493	0.00726	0.00842	0.00406	0.01103	0.00638	0.01683	0.00522	0.00609	0.00406	0.00348	0.00232	0.00116	0.00290	0.00203	0.00232	0.00406
7	0.00709	0.00667	0.01125	0.85913	0.02584	0.00834	0.01042	0.00959	0.00750	0.00959	0.00667	0.01000	0.00500	0.00375	0.00375	0.00125	0.00500	0.00333	0.00167	0.00417
8	0.00749	0.00625	0.00727	0.00536	0.00838	0.00476	0.00426	0.00908	0.00802	0.02633	0.04099	0.01162	0.09574	0.00371	0.00303	0.00066	0.00265	0.00302	0.00247	0.74891
9	0.04086	0.01699	0.56026	0.01027	0.01483	0.09894	0.04638	0.14383	0.00975	0.01366	0.00698	0.00800	0.00504	0.00373	0.00357	0.00116	0.00539	0.00288	0.00201	0.00548
10	0.00929	0.00891	0.01523	0.02303	0.84475	0.00891	0.01151	0.01151	0.00854	0.01226	0.00706	0.00929	0.00594	0.00334	0.00371	0.00111	0.00446	0.00334	0.00186	0.00594
11	0.00626	0.02368	0.00845	0.01017	0.20706	0.00528	0.05330	0.01837	0.01963	0.01062	0.01637	0.55746	0.03058	0.00884	0.00443	0.00138	0.00303	0.00814	0.00297	0.00398
12	0.00754	0.01446	0.52832	0.00871	0.01332	0.00725	0.01024	0.01087	0.00797	0.01211	0.03608	0.00858	0.00611	0.00344	0.00332	0.00097	0.00446	0.00272	0.00189	0.31165
13	0.01003	0.87041	0.01966	0.00642	0.00963	0.01485	0.00642	0.01123	0.00762	0.00883	0.00522	0.00602	0.00481	0.00321	0.00241	0.00080	0.00401	0.00201	0.00160	0.00481
14	0.00628	0.00434	0.00553	0.00503	0.00612	0.00411	0.00383	0.05799	0.01105	0.04636	0.76111	0.02630	0.03266	0.00736	0.00436	0.00118	0.00197	0.00647	0.00413	0.00382
15	0.00699	0.00350	0.00350	0.00350	0.00437	0.00350	0.00262	0.00874	0.00787	0.01399	0.01224	0.01399	0.00962	0.00437	0.00262	0.00087	0.00175	0.00350	0.88898	0.00350
16	0.00536	0.00402	0.00603	0.00603	0.00670	0.00469	0.00469	0.00670	0.00603	0.00871	0.01005	0.01474	0.00938	0.02814	0.85328	0.00603	0.01005	0.00402	0.00201	0.00335
17	0.04453	0.01040	0.01106	0.00851	0.01148	0.01152	0.00703	0.80400	0.01725	0.02341	0.00888	0.00891	0.00630	0.00447	0.00370	0.00113	0.00409	0.00333	0.00370	0.00630
18	0.00629	0.00336	0.00483	0.00483	0.00487	0.00340	0.00319	0.00508	0.00504	0.00676	0.00753	0.01360	0.00777	0.14412	0.06389	0.70452	0.00371	0.00364	0.00175	0.00183
19	0.00652	0.00326	0.00489	0.00489	0.00489	0.00326	0.00326	0.00489	0.00489	0.00652	0.00652	0.01140	0.00652	0.01303	0.01466	0.89084	0.00326	0.00326	0.00163	0.00163
20	0.00752	0.03430	0.00619	0.00516	0.00648	0.01985	0.00401	0.00920	0.01047	0.15075	0.64113	0.02433	0.04121	0.00694	0.00421	0.00116	0.00217	0.00602	0.01484	0.00406
21	0.06680	0.00391	0.00501	0.00545	0.00610	0.00389	0.00394	0.00674	0.00729	0.05548	0.02782	0.54081	0.03728	0.02851	0.12632	0.00217	0.00351	0.06236	0.00324	0.00336
22	0.01402	0.00926	0.01033	0.00809	0.01090	0.00995	0.00669	0.60939	0.03427	0.16884	0.01085	0.01179	0.00794	0.00488	0.00382	0.00117	0.00386	0.05072	0.01708	0.00616
23	0.05174	0.00913	0.00983	0.00773	0.01046	0.00993	0.00632	0.55549	0.10264	0.08978	0.01014	0.01003	0.00726	0.00446	0.00358	0.00111	0.00366	0.00341	0.06683	0.03645
24	0.00471	0.00337	0.00451	0.00538	0.00566	0.00317	0.00373	0.00547	0.00732	0.00973	0.02060	0.78730	0.02451	0.01162	0.00483	0.00154	0.00230	0.08768	0.00348	0.00309
25	0.01371	0.00792	0.06130	0.00813	0.06153	0.00703	0.00651	0.17422	0.04239	0.45926	0.10624	0.01329	0.01126	0.00483	0.00383	0.00116	0.00343	0.00397	0.00402	0.00597
26	0.00520	0.00402	0.00487	0.00528	0.00629	0.00372	0.00429	0.00659	0.01908	0.01074	0.05081	0.11028	0.39946	0.00995	0.00477	0.00148	0.00258	0.34378	0.00349	0.00332
27	0.00463	0.00368	0.00419	0.00453	0.00542	0.00324	0.00333	0.00558	0.00818	0.01017	0.05039	0.29347	0.50115	0.01023	0.00461	0.00138	0.00211	0.07705	0.00350	0.00316
28	0.44659	0.18151	0.03151	0.02950	0.05432	0.10664	0.02799	0.01144	0.00733	0.01319	0.00551	0.00671	0.00454	0.00365	0.00327	0.00110	0.05642	0.00233	0.00202	0.00442
29	0.00850	0.00806	0.01328	0.31229	0.51102	0.02264	0.01069	0.01079	0.00819	0.01135	0.00712	0.00969	0.00575	0.00354	0.00368	0.00115	0.00457	0.00333	0.03918	0.00520
30	0.05861	0.00637	0.04710	0.00699	0.04921	0.04634	0.00514	0.04165	0.11101	0.05608	0.09019	0.40425	0.04584	0.00816	0.00421	0.00133	0.00290	0.00714	0.00334	0.00414
31	0.01870	0.20095	0.05285	0.00875	0.01007	0.04321	0.01662	0.03170	0.00694	0.00990	0.00556	0.00787	0.00512	0.00527	0.00832	0.00133	0.50179	0.00292	0.03446	0.02766
32	0.00628	0.00335	0.00500	0.00504	0.00513	0.00342	0.00344	0.00512	0.00514	0.00693	0.00763	0.05313	0.00775	0.01478	0.11475	0.74171	0.00402	0.00371	0.00176	0.00190
33	0.00457	0.00378	0.00401	0.00401	0.00517	0.00322	0.00299	0.00564	0.00880	0.01086	0.15993	0.07501	0.68040	0.00933	0.00445	0.00127	0.00189	0.00788	0.00358	0.00322
34	0.06238	0.56004	0.02766	0.00730	0.01016	0.22896	0.00662	0.04114	0.00868	0.00995	0.00552	0.00635	0.00483	0.00344	0.00272	0.00088	0.00468	0.00217	0.00181	0.00472
35	0.15896	0.01991	0.05026	0.18834	0.10602	0.02296	0.04965	0.02839	0.05588	0.08093	0.01809	0.05161	0.00793	0.06888	0.06453	0.00172	0.01522	0.00378	0.00241	0.00455
36	0.01013	0.23297	0.27552	0.01005	0.04072	0.12962	0.10910	0.04245	0.02000	0.06057	0.00697	0.00800	0.00536	0.00362	0.00350	0.00106	0.01860	0.00285	0.00198	0.01692
37	0.04264	0.02771	0.10234	0.03623	0.50229	0.00838	0.06562	0.01166	0.00850	0.07442	0.00869	0.01141	0.02018	0.00435	0.01918	0.00126	0.00456	0.04288	0.00215	0.00553
38	0.00457	0.00326	0.00435	0.00522	0.00544	0.00305	0.00348	0.00522	0.00718	0.00958	0.02068	0.86570	0.02481	0.01175	0.00479	0.00152	0.00218	0.01067	0.00348	0.00305
