[name]
unknown

[dist]
# distance from previous block
# <min> <max>
1	41

[block]
# block no. 0 follows, 73 sequences, length 21
# corresponding to MSA columns:
# 42-62
name=unknown_A
#
# <colnr> <probs for GDERKNQSTAVLIFYWHMCP>
#	G	D	E	R	K	N	Q	S	T	A	V	L	I	F	Y	W	H	M	C	P
0	0.05456	0.03086	0.01008	0.00844	0.03376	0.07872	0.04658	0.18411	0.23745	0.05857	0.01012	0.01075	0.00780	0.00673	0.08496	0.00162	0.06156	0.00350	0.01903	0.05078
1	0.00834	0.06188	0.12180	0.24659	0.10207	0.00872	0.06357	0.02541	0.20292	0.03079	0.05834	0.01219	0.03249	0.00435	0.00376	0.00120	0.00424	0.00381	0.00248	0.00507
2	0.03020	0.02986	0.01178	0.02543	0.06358	0.20805	0.12845	0.09355	0.28023	0.01378	0.03753	0.01076	0.00837	0.00425	0.00371	0.00113	0.00457	0.00360	0.00279	0.03838
3	0.00569	0.00388	0.00492	0.00462	0.00559	0.00356	0.00348	0.00738	0.01027	0.03841	0.69672	0.02723	0.09662	0.00749	0.00428	0.00116	0.00182	0.00656	0.06674	0.00359
4	0.00976	0.00823	0.03655	0.00726	0.00936	0.02659	0.00597	0.28306	0.21557	0.03045	0.12556	0.01685	0.13983	0.00593	0.00451	0.00122	0.05985	0.00470	0.00354	0.00518
5	0.00514	0.00383	0.00477	0.00454	0.00550	0.00347	0.00340	0.00674	0.01021	0.01407	0.68371	0.02962	0.19506	0.00803	0.00443	0.00120	0.00180	0.00701	0.00400	0.00347
6	0.01338	0.00745	0.00998	0.00804	0.00987	0.00831	0.00667	0.09039	0.00952	0.45847	0.01058	0.01072	0.00739	0.00535	0.00695	0.00134	0.32305	0.00355	0.00344	0.00553
7	0.00778	0.00667	0.00778	0.00556	0.00889	0.00500	0.00445	0.00945	0.00778	0.01223	0.00667	0.00778	0.00556	0.00278	0.00278	0.00056	0.00278	0.00222	0.00222	0.89108
8	0.00457	0.00326	0.00435	0.00522	0.00544	0.00305	0.00348	0.00522	0.00718	0.00958	0.02068	0.86570	0.02481	0.01175	0.00479	0.00152	0.00218	0.01067	0.00348	0.00305
9	0.00528	0.00383	0.00497	0.00469	0.00559	0.00353	0.00352	0.00702	0.01055	0.01487	0.81378	0.02832	0.06450	0.00774	0.00443	0.00118	0.00177	0.00683	0.00411	0.00353
10	0.00457	0.00326	0.00435	0.00522	0.00544	0.00305	0.00348	0.00522	0.00718	0.00958	0.02068	0.86570	0.02481	0.01175	0.00479	0.00152	0.00218	0.01067	0.00348	0.00305
11	0.00457	0.00326	0.00435	0.00522	0.00544	0.00305	0.00348	0.00522	0.00718	0.00958	0.02068	0.86570	0.02481	0.01175	0.00479	0.00152	0.00218	0.01067	0.00348	0.00305
12	0.01426	0.01051	0.01126	0.00863	0.01163	0.01163	0.00713	0.83224	0.01764	0.02364	0.00901	0.00901	0.00638	0.00450	0.00375	0.00113	0.00413	0.00338	0.00375	0.00638
13	0.00856	0.00457	0.00599	0.00522	0.00671	0.00408	0.00406	0.01018	0.01051	0.25382	0.55057	0.02419	0.08244	0.00692	0.00424	0.00118	0.00219	0.00600	0.00423	0.00433
14	0.00809	0.00528	0.00717	0.00628	0.00778	0.00516	0.06007	0.03811	0.11564	0.14102	0.32194	0.17406	0.02176	0.00700	0.00417	0.00124	0.00260	0.00622	0.06201	0.00438
15	0.01003	0.87041	0.01966	0.00642	0.00963	0.01485	0.00642	0.01123	0.00762	0.00883	0.00522	0.00602	0.00481	0.00321	0.00241	0.00080	0.00401	0.00201	0.00160	0.00481
16	0.00864	0.00822	0.01140	0.00972	0.00989	0.01132	0.00810	0.03335	0.00624	0.03407	0.00533	0.00837	0.00510	0.00645	0.01181	0.00161	0.81105	0.00330	0.00179	0.00424
17	0.00674	0.00459	0.00650	0.00616	0.00686	0.00525	0.00472	0.00781	0.00640	0.08863	0.01057	0.04104	0.01003	0.15228	0.53224	0.00461	0.09538	0.00434	0.00231	0.00354
18	0.20524	0.02710	0.03729	0.02245	0.05072	0.29509	0.05367	0.04787	0.00934	0.14890	0.00787	0.00856	0.01694	0.00407	0.00378	0.00112	0.04975	0.00289	0.00252	0.00484
19	0.00709	0.00667	0.01125	0.85913	0.02584	0.00834	0.01042	0.00959	0.00750	0.00959	0.00667	0.01000	0.00500	0.00375	0.00375	0.00125	0.00500	0.00333	0.00167	0.00417
20	0.00938	0.00697	0.01899	0.00690	0.00889	0.00716	0.03077	0.20032	0.20650	0.08735	0.27328	0.03756	0.06000	0.00613	0.00409	0.00121	0.00295	0.02266	0.00385	0.00504

[dist]
# distance from previous block
# <min> <max>
2	5

[block]
# block no. 1 follows, 73 sequences, length 14
# corresponding to MSA columns:
# 68-81
name=unknown_B
#
# <colnr> <probs for GDERKNQSTAVLIFYWHMCP>
#	G	D	E	R	K	N	Q	S	T	A	V	L	I	F	Y	W	H	M	C	P
0	0.26945	0.09778	0.00941	0.00729	0.05523	0.09326	0.00558	0.07165	0.06851	0.06857	0.00735	0.00795	0.00572	0.00358	0.00293	0.00096	0.00357	0.00256	0.00252	0.21611
1	0.03151	0.02673	0.15898	0.03669	0.06459	0.02452	0.02587	0.22904	0.27146	0.03596	0.01016	0.01032	0.00752	0.00426	0.00364	0.00116	0.00404	0.00344	0.00301	0.04711
2	0.13197	0.01103	0.05059	0.14983	0.27665	0.21366	0.00898	0.05241	0.02397	0.01222	0.00660	0.00833	0.00530	0.00375	0.00370	0.00113	0.02998	0.00293	0.00202	0.00496
3	0.00907	0.00913	0.04103	0.12303	0.66216	0.02688	0.01111	0.01176	0.04713	0.01202	0.00736	0.00949	0.00602	0.00349	0.00371	0.00114	0.00454	0.00335	0.00192	0.00568
4	0.00709	0.00667	0.01125	0.85913	0.02584	0.00834	0.01042	0.00959	0.00750	0.00959	0.00667	0.01000	0.00500	0.00375	0.00375	0.00125	0.00500	0.00333	0.00167	0.00417
5	0.00564	0.00377	0.00472	0.00448	0.00536	0.00353	0.00336	0.00741	0.01008	0.01484	0.68004	0.02527	0.03035	0.00702	0.00407	0.00112	0.00177	0.00614	0.17750	0.00353
6	0.00518	0.00376	0.00488	0.00474	0.00556	0.00346	0.00350	0.00678	0.01011	0.01417	0.70812	0.13002	0.06913	0.00824	0.00447	0.00123	0.00182	0.00730	0.00402	0.00346
7	0.89465	0.00726	0.00551	0.00493	0.00726	0.00842	0.00406	0.01103	0.00638	0.01683	0.00522	0.00609	0.00406	0.00348	0.00232	0.00116	0.00290	0.00203	0.00232	0.00406
8	0.00529	0.00382	0.00487	0.00461	0.00552	0.00351	0.00346	0.00700	0.01037	0.01463	0.75346	0.02822	0.09802	0.00771	0.00437	0.00118	0.00178	0.00677	0.03190	0.00351
9	0.00457	0.00343	0.00424	0.00483	0.00535	0.00310	0.00332	0.00536	0.00771	0.00999	0.06478	0.60887	0.23891	0.01097	0.00468	0.00144	0.00208	0.00976	0.00351	0.00310
10	0.00457	0.00326	0.00435	0.00522	0.00544	0.00305	0.00348	0.00522	0.00718	0.00958	0.02068	0.86570	0.02481	0.01175	0.00479	0.00152	0.00218	0.01067	0.00348	0.00305
11	0.89465	0.00726	0.00551	0.00493	0.00726	0.00842	0.00406	0.01103	0.00638	0.01683	0.00522	0.00609	0.00406	0.00348	0.00232	0.00116	0.00290	0.00203	0.00232	0.00406
12	0.00935	0.26981	0.08343	0.01227	0.01599	0.01114	0.48392	0.04872	0.00881	0.01157	0.00687	0.00867	0.00539	0.00327	0.00372	0.00111	0.00547	0.00353	0.00187	0.00508
13	0.01269	0.17574	0.04664	0.00964	0.06213	0.39167	0.02402	0.13484	0.03407	0.06432	0.00714	0.00780	0.00560	0.00386	0.00334	0.00100	0.00533	0.00273	0.00234	0.00507

[dist]
# distance from previous block
# <min> <max>
2	4

[block]
# block no. 2 follows, 73 sequences, length 16
# corresponding to MSA columns:
# 93-108
name=unknown_C
#
# <colnr> <probs for GDERKNQSTAVLIFYWHMCP>
#	G	D	E	R	K	N	Q	S	T	A	V	L	I	F	Y	W	H	M	C	P
0	0.06890	0.14308	0.02635	0.02713	0.31583	0.11512	0.01923	0.11588	0.06478	0.04183	0.00754	0.00863	0.00600	0.00370	0.00338	0.00106	0.00441	0.00300	0.00232	0.02182
1	0.05440	0.02879	0.00897	0.00802	0.03519	0.17176	0.00606	0.10561	0.34041	0.01436	0.07699	0.04011	0.05413	0.00530	0.00401	0.00119	0.03227	0.00416	0.00319	0.00508
2	0.00493	0.00374	0.00444	0.00441	0.00532	0.00333	0.00323	0.00610	0.00912	0.01205	0.39016	0.12019	0.34984	0.02760	0.00516	0.03403	0.00196	0.00749	0.00368	0.00324
3	0.00971	0.01116	0.04245	0.40795	0.14245	0.28382	0.00963	0.01170	0.00865	0.00992	0.00641	0.00872	0.00508	0.00378	0.00381	0.00114	0.02427	0.00301	0.00178	0.00454
4	0.00526	0.00383	0.00494	0.00466	0.00557	0.00352	0.00350	0.00697	0.01049	0.01474	0.79238	0.02853	0.08598	0.00778	0.00443	0.00119	0.00178	0.00686	0.00409	0.00352
5	0.01305	0.00827	0.00936	0.00764	0.01025	0.00885	0.00616	0.25756	0.34733	0.26952	0.01329	0.01216	0.00931	0.00478	0.00379	0.00120	0.00338	0.00385	0.00405	0.00620
6	0.01402	0.01758	0.01066	0.00962	0.01160	0.81890	0.00724	0.04818	0.01092	0.00977	0.00593	0.00686	0.00490	0.00389	0.00340	0.00097	0.00666	0.00246	0.00201	0.00443
7	0.01392	0.01018	0.01090	0.00839	0.01130	0.01126	0.00692	0.79402	0.01719	0.02320	0.00916	0.00924	0.00653	0.00450	0.00370	0.00111	0.00402	0.00338	0.04484	0.00625
8	0.00544	0.00370	0.00441	0.00441	0.00452	0.00381	0.00267	0.00566	0.00555	0.00751	0.01153	0.02295	0.01294	0.73113	0.15517	0.00403	0.00468	0.00522	0.00223	0.00245
9	0.07419	0.00636	0.00838	0.00650	0.00930	0.00564	0.00536	0.01746	0.01045	0.76704	0.03974	0.01280	0.00975	0.00466	0.00370	0.00116	0.00313	0.00375	0.00448	0.00614
10	0.00499	0.00374	0.00463	0.00465	0.00551	0.00339	0.00344	0.00636	0.00944	0.01274	0.47068	0.17425	0.23758	0.00892	0.00451	0.00128	0.00193	0.03477	0.00383	0.00336
11	0.00778	0.00667	0.00778	0.00556	0.00889	0.00500	0.00445	0.00945	0.00778	0.01223	0.00667	0.00778	0.00556	0.00278	0.00278	0.00056	0.00278	0.00222	0.00222	0.89108
12	0.00546	0.00364	0.00409	0.00409	0.00409	0.00364	0.00227	0.00546	0.00546	0.00727	0.01182	0.02455	0.01364	0.86815	0.01910	0.00364	0.00364	0.00546	0.00227	0.00227
13	0.00775	0.09480	0.77527	0.01031	0.01565	0.00926	0.01320	0.01182	0.00789	0.01161	0.00660	0.00775	0.00476	0.00353	0.00346	0.00115	0.00541	0.00270	0.00159	0.00548
14	0.00752	0.01941	0.84871	0.01069	0.01624	0.00871	0.01386	0.01188	0.00792	0.01188	0.00673	0.00792	0.00475	0.00356	0.00356	0.00119	0.00554	0.00277	0.00158	0.00554
15	0.00981	0.79502	0.09310	0.00680	0.01021	0.01430	0.00708	0.01129	0.00765	0.00910	0.00535	0.00619	0.00481	0.00324	0.00251	0.00084	0.00415	0.00207	0.00160	0.00488

[dist]
# distance from previous block
# <min> <max>
0	17

[block]
# block no. 3 follows, 73 sequences, length 55
# corresponding to MSA columns:
# 126-152,160-187
name=unknown_D
#
# <colnr> <probs for GDERKNQSTAVLIFYWHMCP>
#	G	D	E	R	K	N	Q	S	T	A	V	L	I	F	Y	W	H	M	C	P
0	0.00898	0.01699	0.01409	0.08925	0.67217	0.00876	0.01068	0.03505	0.01667	0.01215	0.00782	0.05510	0.00691	0.00395	0.00397	0.00116	0.02497	0.00373	0.00200	0.00560
1	0.01150	0.53255	0.01651	0.00784	0.01067	0.27227	0.04301	0.01273	0.00874	0.04542	0.00592	0.00672	0.00505	0.00347	0.00286	0.00089	0.00493	0.00232	0.00185	0.00475
2	0.00896	0.00709	0.00820	0.00601	0.00924	0.00587	0.00483	0.09154	0.04489	0.05726	0.00770	0.00843	0.00609	0.00315	0.00297	0.00067	0.00294	0.00251	0.00257	0.71908
3	0.07345	0.13742	0.03008	0.05942	0.18590	0.01065	0.03011	0.33575	0.03372	0.03129	0.00775	0.00864	0.00593	0.00387	0.00343	0.00108	0.00414	0.00308	0.00270	0.03159
4	0.00671	0.00523	0.00618	0.00566	0.00696	0.00542	0.00432	0.03486	0.24537	0.01548	0.58379	0.02349	0.02776	0.00685	0.00423	0.00120	0.00218	0.00596	0.00403	0.00430
5	0.00640	0.00328	0.00482	0.00484	0.00485	0.00328	0.00320	0.00493	0.00498	0.00664	0.00722	0.03286	0.00744	0.07142	0.01473	0.80883	0.00326	0.00359	0.00172	0.00171
6	0.00545	0.00365	0.00414	0.00414	0.00416	0.00366	0.00233	0.00549	0.00547	0.00731	0.01178	0.02431	0.01354	0.84770	0.03940	0.00370	0.00379	0.00542	0.00227	0.00230
7	0.00461	0.00329	0.00440	0.00527	0.00550	0.00308	0.00355	0.00529	0.00722	0.00962	0.02066	0.84386	0.02473	0.01172	0.00480	0.00153	0.00221	0.03212	0.00348	0.00306
8	0.01003	0.87041	0.01966	0.00642	0.00963	0.01485	0.00642	0.01123	0.00762	0.00883	0.00522	0.00602	0.00481	0.00321	0.00241	0.00080	0.00401	0.00201	0.00160	0.00481
9	0.00800	0.00798	0.01161	0.00987	0.01010	0.01080	0.05460	0.00894	0.00602	0.00924	0.00615	0.06690	0.00633	0.00673	0.01135	0.00161	0.75405	0.00385	0.00178	0.00409
10	0.01340	0.14852	0.01202	0.00917	0.01130	0.72464	0.00712	0.01441	0.01017	0.00913	0.00571	0.00665	0.00483	0.00377	0.00323	0.00094	0.00634	0.00235	0.00188	0.00442
11	0.00538	0.00392	0.00554	0.00554	0.00604	0.00442	0.00408	0.00639	0.00588	0.00835	0.01050	0.01722	0.01045	0.24016	0.64273	0.00543	0.00843	0.00438	0.00208	0.00308
12	0.00494	0.00391	0.00454	0.00444	0.00551	0.00351	0.00339	0.00626	0.00936	0.01219	0.36645	0.03269	0.45532	0.00875	0.00459	0.00126	0.01532	0.05052	0.00372	0.00335
13	0.00789	0.08459	0.76305	0.01031	0.01561	0.00926	0.01311	0.03332	0.00815	0.01195	0.00668	0.00780	0.00480	0.00356	0.00348	0.00116	0.00539	0.00273	0.00164	0.00551
14	0.12850	0.01156	0.06718	0.00820	0.01104	0.18101	0.00696	0.37099	0.03128	0.13464	0.00866	0.00874	0.00617	0.00421	0.00348	0.00111	0.00444	0.00304	0.00318	0.00560
15	0.00605	0.00432	0.00605	0.00691	0.00777	0.00432	0.00605	0.00777	0.00864	0.01123	0.01986	0.04232	0.02159	0.01036	0.00518	0.00173	0.00345	0.81949	0.00345	0.00345
16	0.15647	0.01186	0.00839	0.03027	0.01817	0.44506	0.00600	0.01213	0.01968	0.02293	0.00764	0.03056	0.00680	0.00641	0.04962	0.07342	0.00535	0.04468	0.04059	0.00398
17	0.00876	0.44943	0.37172	0.06649	0.01355	0.01179	0.00986	0.01140	0.00774	0.01018	0.00596	0.00710	0.00480	0.00340	0.00299	0.00100	0.00473	0.00242	0.00160	0.00508
18	0.00605	0.00432	0.00605	0.00691	0.00777	0.00432	0.00605	0.00777	0.00864	0.01123	0.01986	0.04232	0.02159	0.01036	0.00518	0.00173	0.00345	0.81949	0.00345	0.00345
19	0.00563	0.00363	0.00407	0.00407	0.00418	0.00364	0.00237	0.00585	0.00574	0.00806	0.01183	0.02314	0.01309	0.75231	0.03552	0.00338	0.00356	0.00520	0.10227	0.00243
20	0.00894	0.00860	0.01478	0.14888	0.70324	0.00884	0.02931	0.01123	0.00839	0.01185	0.00701	0.00941	0.00580	0.00340	0.00374	0.00114	0.00458	0.00337	0.00183	0.00566
21	0.00929	0.00891	0.01523	0.02303	0.84475	0.00891	0.01151	0.01151	0.00854	0.01226	0.00706	0.00929	0.00594	0.00334	0.00371	0.00111	0.00446	0.00334	0.00186	0.00594
22	0.00487	0.00382	0.00441	0.00426	0.00534	0.00335	0.00320	0.00623	0.00959	0.01260	0.44158	0.03205	0.43811	0.00858	0.00443	0.00122	0.00183	0.00735	0.00381	0.00335
23	0.01403	0.01753	0.01066	0.00962	0.01160	0.81337	0.00724	0.05356	0.01096	0.00986	0.00595	0.00687	0.00491	0.00390	0.00340	0.00097	0.00664	0.00246	0.00202	0.00445
24	0.01652	0.00632	0.00861	0.00662	0.00947	0.00546	0.00546	0.01798	0.01073	0.82492	0.03711	0.01318	0.00999	0.00473	0.00379	0.00116	0.00315	0.00385	0.00463	0.00631
25	0.00869	0.00820	0.01296	0.40655	0.38595	0.03094	0.01057	0.05909	0.01955	0.01166	0.00707	0.00960	0.00558	0.00364	0.00373	0.00118	0.00473	0.00333	0.00191	0.00511
26	0.00752	0.01941	0.84871	0.01069	0.01624	0.00871	0.01386	0.01188	0.00792	0.01188	0.00673	0.00792	0.00475	0.00356	0.00356	0.00119	0.00554	0.00277	0.00158	0.00554
27	0.00890	0.00860	0.01487	0.16095	0.67359	0.00884	0.04685	0.01122	0.00838	0.01180	0.00702	0.00944	0.00578	0.00340	0.00375	0.00114	0.00463	0.00339	0.00183	0.00561
28	0.00500	0.00369	0.00481	0.00542	0.00601	0.00338	0.00390	0.00591	0.00752	0.01004	0.02061	0.63422	0.07099	0.01080	0.00469	0.00147	0.00239	0.13197	0.00339	0.06378
29	0.00461	0.00381	0.00404	0.00398	0.00517	0.00324	0.00299	0.00572	0.00896	0.01111	0.19753	0.03450	0.68309	0.00914	0.00443	0.00125	0.00187	0.00769	0.00361	0.00324
30	0.89465	0.00726	0.00551	0.00493	0.00726	0.00842	0.00406	0.01103	0.00638	0.01683	0.00522	0.00609	0.00406	0.00348	0.00232	0.00116	0.00290	0.00203	0.00232	0.00406
31	0.00642	0.00329	0.00481	0.00481	0.00481	0.00329	0.00317	0.00494	0.00494	0.00659	0.00701	0.01263	0.00718	0.09286	0.01508	0.80802	0.00329	0.00346	0.00169	0.00169
32	0.00536	0.00402	0.00603	0.00603	0.00670	0.00469	0.00469	0.00670	0.00603	0.00871	0.01005	0.01474	0.00938	0.02814	0.85328	0.00603	0.01005	0.00402	0.00201	0.00335
33	0.00821	0.00821	0.01149	0.00985	0.00985	0.01149	0.00821	0.00903	0.00575	0.00903	0.00492	0.00821	0.00492	0.00657	0.01231	0.00164	0.86128	0.00328	0.00164	0.00410
34	0.01240	0.00958	0.01021	0.00826	0.01093	0.01077	0.00668	0.52561	0.32729	0.02064	0.01137	0.01089	0.00829	0.00473	0.00378	0.00118	0.00369	0.00370	0.00378	0.00621
35	0.89465	0.00726	0.00551	0.00493	0.00726	0.00842	0.00406	0.01103	0.00638	0.01683	0.00522	0.00609	0.00406	0.00348	0.00232	0.00116	0.00290	0.00203	0.00232	0.00406
36	0.02741	0.00668	0.00773	0.00554	0.00885	0.00508	0.00444	0.00948	0.00775	0.01233	0.00664	0.00774	0.00552	0.00279	0.00277	0.00057	0.00278	0.00222	0.00222	0.87145
37	0.00922	0.00889	0.01491	0.11355	0.68830	0.02148	0.04471	0.03192	0.00870	0.01219	0.00707	0.00935	0.00582	0.00342	0.00374	0.00113	0.00462	0.00337	0.00189	0.00570
38	0.00457	0.00326	0.00435	0.00522	0.00544	0.00305	0.00348	0.00522	0.00718	0.00958	0.02068	0.86570	0.02481	0.01175	0.00479	0.00152	0.00218	0.01067	0.00348	0.00305
39	0.00750	0.00709	0.01200	0.70180	0.17994	0.00844	0.01063	0.00995	0.00770	0.01009	0.00674	0.00987	0.00518	0.00367	0.00374	0.00122	0.00490	0.00334	0.00170	0.00450
40	0.02650	0.00760	0.00941	0.04404	0.01077	0.00735	0.00606	0.24692	0.01220	0.48683	0.01190	0.01102	0.00785	0.00437	0.00365	0.00110	0.00349	0.00347	0.00400	0.09146
41	0.01409	0.01029	0.01107	0.00854	0.01150	0.01138	0.00704	0.77425	0.05619	0.04315	0.00944	0.00933	0.00669	0.00453	0.00376	0.00113	0.00405	0.00343	0.00378	0.00636
42	0.01003	0.87041	0.01966	0.00642	0.00963	0.01485	0.00642	0.01123	0.00762	0.00883	0.00522	0.00602	0.00481	0.00321	0.00241	0.00080	0.00401	0.00201	0.00160	0.00481
43	0.00487	0.00370	0.00537	0.00584	0.00631	0.00346	0.04709	0.00573	0.00739	0.00981	0.02041	0.75232	0.04568	0.01116	0.00478	0.00151	0.00246	0.05553	0.00340	0.00318
44	0.00811	0.02592	0.56131	0.01420	0.22885	0.00890	0.07649	0.01179	0.00815	0.01195	0.00686	0.00842	0.00513	0.00347	0.00366	0.00117	0.00531	0.00304	0.00168	0.00560
45	0.00446	0.00380	0.00383	0.00382	0.00508	0.00318	0.00287	0.00542	0.00860	0.01025	0.05728	0.03591	0.82388	0.00946	0.00443	0.00126	0.00190	0.00789	0.00350	0.00318
46	0.01369	0.01721	0.01049	0.00953	0.01147	0.79544	0.00716	0.01532	0.06715	0.00963	0.00645	0.00726	0.00528	0.00395	0.00341	0.00099	0.00651	0.00254	0.00206	0.00446
47	0.01957	0.20392	0.61065	0.00968	0.01452	0.03214	0.02446	0.01191	0.00796	0.02356	0.00649	0.00756	0.00484	0.00350	0.00331	0.00110	0.00519	0.00263	0.00166	0.00534
48	0.00493	0.00346	0.00458	0.00509	0.00554	0.00321	0.00352	0.00589	0.00814	0.02292	0.23201	0.62472	0.04083	0.01057	0.00467	0.00143	0.00208	0.00953	0.00367	0.00322
49	0.00540	0.00366	0.00418	0.00421	0.00432	0.00362	0.00248	0.00557	0.00592	0.00787	0.04762	0.04766	0.04784	0.75375	0.01717	0.00334	0.00345	0.02707	0.00246	0.00241
50	0.00906	0.00869	0.01483	0.10694	0.76256	0.00886	0.01140	0.01132	0.00844	0.01199	0.00702	0.00936	0.00585	0.00338	0.00372	0.00113	0.00451	0.00334	0.00184	0.00576
51	0.00789	0.00754	0.01301	0.57474	0.23128	0.00862	0.06797	0.02477	0.00804	0.01068	0.00687	0.00981	0.00531	0.00362	0.00379	0.00121	0.00494	0.00341	0.00177	0.00472
52	0.00541	0.00393	0.00565	0.00565	0.00618	0.00446	0.00421	0.00643	0.00590	0.00839	0.01029	0.01645	0.01009	0.18154	0.67957	0.02774	0.00871	0.00426	0.00205	0.00311
53	0.00889	0.00732	0.00752	0.00673	0.00866	0.02370	0.00524	0.09065	0.53188	0.01530	0.01746	0.01660	0.13084	0.00557	0.00375	0.00121	0.00285	0.00457	0.10598	0.00527
54	0.01917	0.01988	0.00914	0.00677	0.00980	0.03631	0.04773	0.07825	0.04998	0.16147	0.00899	0.00968	0.00682	0.00382	0.01245	0.00088	0.00338	0.01188	0.01849	0.48510

[dist]
# distance from previous block
# <min> <max>
0	15

[block]
# block no. 4 follows, 73 sequences, length 12
# corresponding to MSA columns:
# 203-214
name=unknown_E
#
# <colnr> <probs for GDERKNQSTAVLIFYWHMCP>
#	G	D	E	R	K	N	Q	S	T	A	V	L	I	F	Y	W	H	M	C	P
0	0.01138	0.06504	0.01143	0.28878	0.01613	0.46434	0.00826	0.05363	0.00966	0.01001	0.00619	0.00793	0.00497	0.00388	0.00366	0.00107	0.02457	0.00276	0.00191	0.00441
1	0.00810	0.00686	0.00795	0.00571	0.00903	0.00533	0.00458	0.04980	0.00826	0.01279	0.00678	0.00784	0.00560	0.00286	0.00283	0.00058	0.00284	0.00228	0.00230	0.84769
2	0.00561	0.00381	0.00494	0.00517	0.00585	0.00358	0.00368	0.00707	0.03948	0.05350	0.30368	0.48100	0.04895	0.00969	0.00457	0.00137	0.00211	0.00867	0.00378	0.00349
3	0.00502	0.00358	0.00487	0.00573	0.00615	0.00343	0.00426	0.00600	0.00762	0.01008	0.02043	0.61623	0.02384	0.01133	0.00491	0.00159	0.00256	0.25573	0.00347	0.00317
4	0.00578	0.00383	0.00505	0.00497	0.00579	0.00352	0.00364	0.00722	0.00968	0.06198	0.56726	0.25876	0.03095	0.00862	0.00449	0.00127	0.00197	0.00768	0.00398	0.00357
5	0.00454	0.00380	0.00395	0.00391	0.00513	0.00321	0.00294	0.00560	0.00881	0.01075	0.13807	0.03510	0.74278	0.00927	0.00443	0.00126	0.00188	0.00778	0.00356	0.00321
6	0.00490	0.00380	0.00446	0.00433	0.00536	0.00336	0.00323	0.00626	0.00958	0.01268	0.45812	0.06190	0.39127	0.00863	0.00444	0.00123	0.00184	0.00743	0.00382	0.00336
7	0.01053	0.76260	0.01852	0.00683	0.00988	0.12085	0.00652	0.01171	0.00800	0.00887	0.00529	0.00611	0.00482	0.00329	0.00253	0.00082	0.00436	0.00206	0.00165	0.00476
8	0.00592	0.00420	0.00537	0.00489	0.00603	0.00384	0.00371	0.00788	0.03181	0.04174	0.72322	0.02609	0.05106	0.00724	0.00429	0.00114	0.00191	0.00636	0.00400	0.05929
9	0.06741	0.04247	0.03757	0.21244	0.26925	0.05128	0.22919	0.01130	0.00825	0.01153	0.00681	0.00916	0.00539	0.00348	0.00389	0.00118	0.01913	0.00343	0.00184	0.00501
10	0.00893	0.00851	0.01289	0.03519	0.01317	0.06277	0.28331	0.01125	0.02745	0.05207	0.00783	0.02846	0.00629	0.00336	0.00352	0.00091	0.00431	0.00332	0.00226	0.42418
11	0.01003	0.10015	0.08072	0.08201	0.18503	0.04372	0.17650	0.16310	0.06993	0.01372	0.00775	0.00922	0.00601	0.00381	0.00399	0.00115	0.03203	0.00341	0.00229	0.00543

[dist]
# distance from previous block
# <min> <max>
1	7

[block]
# block no. 5 follows, 73 sequences, length 16
# corresponding to MSA columns:
# 222-227,229-238
name=unknown_F
#
# <colnr> <probs for GDERKNQSTAVLIFYWHMCP>
#	G	D	E	R	K	N	Q	S	T	A	V	L	I	F	Y	W	H	M	C	P
0	0.10569	0.00543	0.00666	0.00647	0.05533	0.00536	0.00465	0.06524	0.03564	0.14415	0.39550	0.09288	0.04885	0.00661	0.00402	0.00120	0.00251	0.00566	0.00377	0.00439
1	0.75842	0.00861	0.08668	0.00570	0.00837	0.00863	0.00518	0.05886	0.00719	0.01675	0.00559	0.00644	0.00426	0.00355	0.00252	0.00116	0.00323	0.00218	0.00233	0.00434
2	0.00524	0.00403	0.00468	0.00473	0.00568	0.00370	0.00345	0.05343	0.00913	0.01186	0.21407	0.28751	0.35981	0.00949	0.00450	0.00132	0.00208	0.00824	0.00365	0.00340
3	0.00800	0.00649	0.00766	0.00555	0.00873	0.00494	0.00444	0.00966	0.00806	0.04564	0.05524	0.00915	0.00743	0.00313	0.00291	0.00062	0.00274	0.00255	0.00243	0.80464
4	0.00957	0.00757	0.00820	0.00731	0.00939	0.00854	0.00570	0.01871	0.70331	0.07988	0.08601	0.01510	0.01333	0.00528	0.00387	0.00126	0.00288	0.00442	0.00391	0.00577
5	0.01008	0.56469	0.18084	0.00771	0.01120	0.10768	0.00798	0.03298	0.02839	0.01001	0.00592	0.00675	0.00501	0.00343	0.00281	0.00092	0.00460	0.00229	0.00175	0.00497
6	0.01599	0.00614	0.00826	0.00640	0.00913	0.00534	0.00527	0.01747	0.01049	0.77607	0.01458	0.01287	0.00932	0.00462	0.00367	0.00114	0.00307	0.00375	0.08028	0.00614
7	0.00536	0.00402	0.00603	0.00603	0.00670	0.00469	0.00469	0.00670	0.00603	0.00871	0.01005	0.01474	0.00938	0.02814	0.85328	0.00603	0.01005	0.00402	0.00201	0.00335
8	0.00641	0.00400	0.00491	0.00479	0.00537	0.00387	0.00330	0.00712	0.00729	0.08104	0.14806	0.02644	0.06317	0.48073	0.04212	0.00276	0.00341	0.09917	0.00297	0.00305
9	0.03155	0.00729	0.01001	0.00762	0.01055	0.00681	0.06947	0.14878	0.01162	0.61474	0.03300	0.01220	0.00907	0.00456	0.00381	0.00116	0.00355	0.00380	0.00423	0.00617
10	0.00510	0.00383	0.00473	0.00450	0.00548	0.00345	0.00338	0.00668	0.01013	0.01387	0.65100	0.02995	0.22790	0.00811	0.00443	0.00120	0.00180	0.00705	0.00398	0.00345
11	0.00796	0.16715	0.70478	0.00995	0.01509	0.00978	0.01257	0.01177	0.00787	0.01135	0.00647	0.00759	0.00476	0.00350	0.00336	0.00112	0.00528	0.00264	0.00159	0.00542
12	0.00818	0.11735	0.52774	0.01157	0.01637	0.00965	0.23359	0.01184	0.00814	0.01156	0.00679	0.00829	0.00501	0.00341	0.00366	0.00116	0.00557	0.00313	0.00167	0.00533
13	0.00467	0.00381	0.00412	0.00404	0.00521	0.00327	0.00303	0.00583	0.00910	0.01144	0.25168	0.03396	0.62874	0.00902	0.00443	0.00124	0.00187	0.00762	0.00366	0.00327
14	0.00936	0.00966	0.03502	0.11607	0.63049	0.08114	0.01097	0.01151	0.00849	0.01157	0.00682	0.00908	0.00568	0.00355	0.00399	0.00114	0.03486	0.00325	0.00183	0.00553
15	0.01012	0.71225	0.08274	0.00711	0.01031	0.08360	0.00711	0.01154	0.00785	0.00910	0.00537	0.00628	0.00481	0.00338	0.00283	0.00087	0.02617	0.00213	0.00163	0.00481

[dist]
# distance from previous block
# <min> <max>
0	2

[block]
# block no. 6 follows, 73 sequences, length 36
# corresponding to MSA columns:
# 251-272,274-287
name=unknown_G
#
# <colnr> <probs for GDERKNQSTAVLIFYWHMCP>
#	G	D	E	R	K	N	Q	S	T	A	V	L	I	F	Y	W	H	M	C	P
0	0.01003	0.87041	0.01966	0.00642	0.00963	0.01485	0.00642	0.01123	0.00762	0.00883	0.00522	0.00602	0.00481	0.00321	0.00241	0.00080	0.00401	0.00201	0.00160	0.00481
1	0.89465	0.00726	0.00551	0.00493	0.00726	0.00842	0.00406	0.01103	0.00638	0.01683	0.00522	0.00609	0.00406	0.00348	0.00232	0.00116	0.00290	0.00203	0.00232	0.00406
2	0.01051	0.00864	0.00914	0.00787	0.01020	0.00988	0.00622	0.21331	0.64268	0.01759	0.01378	0.01281	0.01025	0.00495	0.00380	0.00124	0.00325	0.00404	0.00380	0.00604
3	0.01278	0.00862	0.06303	0.00813	0.03918	0.00819	0.00666	0.17001	0.27724	0.31601	0.01281	0.01186	0.00891	0.00458	0.00373	0.00117	0.00348	0.00372	0.00384	0.03605
4	0.01041	0.00802	0.00869	0.00754	0.00985	0.00897	0.00593	0.07994	0.66453	0.10089	0.01447	0.01329	0.01065	0.00492	0.00377	0.00123	0.00307	0.00406	0.00384	0.03591
5	0.01029	0.02463	0.27664	0.05036	0.02896	0.00941	0.15689	0.22145	0.08335	0.07389	0.00924	0.00999	0.01922	0.00403	0.00381	0.00119	0.00481	0.00353	0.00264	0.00566
6	0.00875	0.00854	0.01395	0.26087	0.53911	0.03433	0.02683	0.01099	0.00821	0.01128	0.00684	0.00939	0.00560	0.00359	0.00404	0.00117	0.03608	0.00333	0.00180	0.00530
7	0.00910	0.00780	0.00822	0.00742	0.00942	0.00899	0.00572	0.01907	0.78845	0.01519	0.01506	0.01463	0.01158	0.05642	0.00473	0.00141	0.00301	0.00431	0.00373	0.00572
8	0.00546	0.00364	0.00409	0.00409	0.00409	0.00364	0.00227	0.00546	0.00546	0.00727	0.01182	0.02455	0.01364	0.86815	0.01910	0.00364	0.00364	0.00546	0.00227	0.00227
9	0.00568	0.00454	0.00608	0.00575	0.00679	0.01540	0.05305	0.00756	0.04666	0.01259	0.38560	0.15452	0.13898	0.04228	0.00510	0.00141	0.00250	0.09834	0.00362	0.00356
10	0.00821	0.00821	0.01149	0.00985	0.00985	0.01149	0.00821	0.00903	0.00575	0.00903	0.00492	0.00821	0.00492	0.00657	0.01231	0.00164	0.86128	0.00328	0.00164	0.00410
11	0.00618	0.00489	0.00571	0.00555	0.00667	0.00501	0.00413	0.01008	0.24145	0.01346	0.33840	0.21510	0.11250	0.00807	0.00434	0.00129	0.00221	0.00707	0.00383	0.00406
12	0.00823	0.00693	0.00802	0.00577	0.00908	0.00546	0.00463	0.06640	0.00846	0.01302	0.00683	0.00786	0.00561	0.00290	0.00285	0.00060	0.00287	0.00230	0.00233	0.82984
13	0.01283	0.00926	0.00987	0.00776	0.01038	0.01022	0.00635	0.65455	0.06443	0.02165	0.00989	0.01009	0.00719	0.00452	0.00358	0.00109	0.00368	0.00345	0.14331	0.00590
14	0.00922	0.01930	0.07100	0.00722	0.00953	0.01844	0.04937	0.22591	0.12579	0.07029	0.04433	0.10304	0.20815	0.01580	0.00422	0.00126	0.00336	0.00544	0.00341	0.00491
15	0.00452	0.00380	0.00391	0.00389	0.00512	0.00320	0.00291	0.00554	0.00874	0.01059	0.11292	0.03535	0.76802	0.00933	0.00443	0.00126	0.00189	0.00781	0.00354	0.00320
16	0.00771	0.03365	0.69824	0.06090	0.02895	0.00867	0.01273	0.04152	0.00839	0.01228	0.04755	0.00905	0.00634	0.00380	0.00360	0.00118	0.00523	0.00302	0.00180	0.00539
17	0.01683	0.00638	0.00871	0.00668	0.00958	0.00551	0.00551	0.01828	0.01074	0.84734	0.01480	0.01277	0.00929	0.00464	0.00377	0.00116	0.00319	0.00377	0.00464	0.00638
18	0.00786	0.04769	0.79018	0.01047	0.01585	0.00903	0.01337	0.04189	0.00827	0.01221	0.00677	0.00790	0.00481	0.00359	0.00353	0.00117	0.00544	0.00277	0.00166	0.00555
19	0.00767	0.07002	0.79940	0.01044	0.01584	0.00908	0.01342	0.01184	0.00790	0.01170	0.00664	0.00781	0.00476	0.00354	0.00350	0.00117	0.00545	0.00273	0.00159	0.00550
20	0.01610	0.00665	0.00878	0.00677	0.00959	0.00598	0.00557	0.09119	0.01136	0.73707	0.05010	0.01309	0.01015	0.00476	0.00380	0.00116	0.00322	0.00387	0.00454	0.00626
21	0.00752	0.01941	0.84871	0.01069	0.01624	0.00871	0.01386	0.01188	0.00792	0.01188	0.00673	0.00792	0.00475	0.00356	0.00356	0.00119	0.00554	0.00277	0.00158	0.00554
22	0.00752	0.01941	0.84871	0.01069	0.01624	0.00871	0.01386	0.01188	0.00792	0.01188	0.00673	0.00792	0.00475	0.00356	0.00356	0.00119	0.00554	0.00277	0.00158	0.00554
23	0.00446	0.00380	0.00383	0.00382	0.00508	0.00318	0.00287	0.00543	0.00860	0.01026	0.05848	0.03590	0.82267	0.00946	0.00443	0.00126	0.00190	0.00789	0.00350	0.00318
24	0.85625	0.00709	0.00543	0.00487	0.00713	0.00820	0.00400	0.01093	0.00645	0.01671	0.00553	0.00644	0.00430	0.00352	0.00233	0.00115	0.00285	0.00209	0.04068	0.00404
25	0.00531	0.00383	0.00501	0.00472	0.00560	0.00354	0.00354	0.00708	0.01062	0.01504	0.84277	0.02802	0.03540	0.00767	0.00442	0.00118	0.00177	0.00678	0.00413	0.00354
26	0.00752	0.01941	0.84871	0.01069	0.01624	0.00871	0.01386	0.01188	0.00792	0.01188	0.00673	0.00792	0.00475	0.00356	0.00356	0.00119	0.00554	0.00277	0.00158	0.00554
27	0.00821	0.00821	0.01149	0.00985	0.00985	0.01149	0.00821	0.00903	0.00575	0.00903	0.00492	0.00821	0.00492	0.00657	0.01231	0.00164	0.86128	0.00328	0.00164	0.00410
28	0.00457	0.00326	0.00435	0.00522	0.00544	0.00305	0.00348	0.00522	0.00718	0.00958	0.02068	0.86570	0.02481	0.01175	0.00479	0.00152	0.00218	0.01067	0.00348	0.00305
29	0.00457	0.00326	0.00435	0.00522	0.00544	0.00305	0.00348	0.00522	0.00718	0.00958	0.02068	0.86570	0.02481	0.01175	0.00479	0.00152	0.00218	0.01067	0.00348	0.00305
30	0.00720	0.00679	0.01146	0.81542	0.06865	0.00837	0.01048	0.00969	0.00756	0.00973	0.00669	0.00997	0.00505	0.00373	0.00375	0.00124	0.00497	0.00333	0.00168	0.00426
31	0.01003	0.87041	0.01966	0.00642	0.00963	0.01485	0.00642	0.01123	0.00762	0.00883	0.00522	0.00602	0.00481	0.00321	0.00241	0.00080	0.00401	0.00201	0.00160	0.00481
32	0.00498	0.01856	0.05464	0.00451	0.00601	0.00388	0.00376	0.00650	0.02619	0.01130	0.19366	0.03190	0.60362	0.00860	0.00434	0.00124	0.00215	0.00722	0.00348	0.00347
33	0.00815	0.00747	0.01212	0.60668	0.20382	0.00873	0.01039	0.07728	0.00856	0.01132	0.00694	0.00976	0.00532	0.00372	0.00374	0.00121	0.00481	0.00334	0.00188	0.00474
34	0.01055	0.71752	0.01801	0.00677	0.00989	0.06675	0.00646	0.07855	0.00864	0.01018	0.00561	0.00637	0.00497	0.00334	0.00259	0.00083	0.00415	0.00215	0.00182	0.03485
35	0.00904	0.00770	0.01195	0.00935	0.01168	0.03608	0.26517	0.10128	0.11098	0.07973	0.24402	0.06863	0.01623	0.00548	0.00421	0.00122	0.00391	0.00522	0.00327	0.00484

[dist]
# distance from previous block
# <min> <max>
0	10

[block]
# block no. 7 follows, 73 sequences, length 34
# corresponding to MSA columns:
# 298-331
name=unknown_H
#
# <colnr> <probs for GDERKNQSTAVLIFYWHMCP>
#	G	D	E	R	K	N	Q	S	T	A	V	L	I	F	Y	W	H	M	C	P
0	0.06744	0.00728	0.00880	0.00700	0.00973	0.00719	0.00571	0.12102	0.16901	0.53521	0.01359	0.01213	0.00902	0.00464	0.00369	0.00118	0.00325	0.00371	0.00424	0.00616
1	0.06290	0.00602	0.00768	0.00649	0.00847	0.00597	0.04074	0.01375	0.19164	0.26746	0.29651	0.01865	0.02683	0.00582	0.00399	0.00121	0.00277	0.02408	0.00399	0.00502
2	0.65809	0.00829	0.05699	0.00613	0.00870	0.00866	0.03181	0.04612	0.10565	0.02953	0.00689	0.00750	0.00521	0.00373	0.00272	0.00118	0.00323	0.00250	0.00254	0.00454
3	0.12312	0.00937	0.00866	0.00757	0.00985	0.11043	0.00594	0.11400	0.50218	0.01586	0.01177	0.01128	0.00888	0.00458	0.00353	0.00118	0.00355	0.00356	0.00333	0.04140
4	0.00457	0.00326	0.00435	0.00522	0.00544	0.00305	0.00348	0.00522	0.00718	0.00958	0.02068	0.86570	0.02481	0.01175	0.00479	0.00152	0.00218	0.01067	0.00348	0.00305
5	0.01399	0.00975	0.01065	0.00829	0.01118	0.01066	0.00681	0.64481	0.11089	0.11816	0.01040	0.01002	0.00730	0.00459	0.00376	0.00115	0.00389	0.00352	0.00386	0.00633
6	0.00864	0.02735	0.00770	0.00675	0.00859	0.02988	0.00525	0.04836	0.48062	0.05046	0.06553	0.08770	0.12746	0.00638	0.00400	0.00127	0.00288	0.02238	0.00369	0.00510
7	0.00732	0.00698	0.01200	0.76260	0.08609	0.00843	0.04432	0.00983	0.00763	0.00988	0.00674	0.00995	0.00510	0.00370	0.00378	0.00124	0.00502	0.00338	0.00169	0.00434
8	0.00491	0.00372	0.00452	0.00454	0.00541	0.00333	0.00332	0.00622	0.00935	0.01253	0.44533	0.18872	0.27644	0.00899	0.00450	0.00127	0.00189	0.00786	0.00381	0.00333
9	0.06335	0.04633	0.03054	0.00764	0.01006	0.03419	0.00622	0.12891	0.54942	0.06277	0.01286	0.01207	0.00955	0.00473	0.00364	0.00121	0.00336	0.00378	0.00356	0.00581
10	0.03793	0.04773	0.11379	0.00965	0.01271	0.26435	0.12197	0.16940	0.01116	0.16305	0.00834	0.00882	0.00601	0.00395	0.00362	0.00110	0.00520	0.00314	0.00271	0.00535
11	0.00875	0.00948	0.01952	0.04321	0.01811	0.00913	0.67632	0.03921	0.05935	0.01240	0.00885	0.06135	0.00718	0.00386	0.00437	0.00128	0.00576	0.00472	0.00216	0.00501
12	0.00538	0.00361	0.00488	0.00543	0.00586	0.00348	0.00379	0.00621	0.00746	0.05325	0.06311	0.68670	0.02301	0.01234	0.07069	0.00184	0.01682	0.01941	0.00343	0.00329
13	0.07770	0.05452	0.02364	0.03877	0.14371	0.09431	0.28249	0.04777	0.00912	0.11707	0.00801	0.00982	0.00615	0.00386	0.00426	0.00119	0.05295	0.01716	0.00234	0.00516
14	0.01446	0.01019	0.01106	0.00848	0.01148	0.01116	0.00701	0.76932	0.01711	0.08731	0.00946	0.00930	0.00660	0.00451	0.00375	0.00113	0.00406	0.00341	0.00382	0.00638
15	0.00457	0.00326	0.00435	0.00522	0.00544	0.00305	0.00348	0.00522	0.00718	0.00958	0.02068	0.86570	0.02481	0.01175	0.00479	0.00152	0.00218	0.01067	0.00348	0.00305
16	0.02225	0.00821	0.01580	0.26349	0.13264	0.00850	0.36715	0.01051	0.00814	0.01111	0.00837	0.09019	0.00727	0.00425	0.00432	0.00127	0.02537	0.00448	0.00197	0.00469
17	0.75085	0.00786	0.00629	0.00547	0.00786	0.04268	0.00448	0.06827	0.00757	0.06180	0.00603	0.00668	0.00454	0.00363	0.00254	0.00115	0.00316	0.00223	0.00253	0.00436
18	0.00464	0.00331	0.00443	0.00530	0.00554	0.00310	0.00359	0.00533	0.00725	0.00965	0.02064	0.82989	0.02467	0.01169	0.00481	0.00153	0.00223	0.04585	0.00348	0.00307
19	0.03817	0.00893	0.01528	0.02723	0.01390	0.01042	0.33066	0.02365	0.05684	0.01109	0.00669	0.00928	0.00561	0.00496	0.00809	0.00144	0.41746	0.00375	0.00193	0.00462
20	0.02442	0.00798	0.01088	0.08395	0.02609	0.05817	0.13486	0.17325	0.02301	0.12890	0.04558	0.18115	0.01126	0.00591	0.00466	0.00128	0.06563	0.00511	0.00305	0.00486
21	0.00766	0.00727	0.01222	0.62339	0.22179	0.00860	0.01059	0.01003	0.00768	0.01020	0.00669	0.00976	0.00522	0.00377	0.00409	0.00123	0.04016	0.00333	0.00171	0.00459
22	0.00458	0.00332	0.00433	0.00510	0.00542	0.00307	0.00343	0.00528	0.00737	0.00976	0.04225	0.78030	0.08900	0.01148	0.00475	0.00150	0.00215	0.01036	0.00350	0.00307
23	0.11569	0.02409	0.03258	0.27927	0.08023	0.04656	0.03716	0.13829	0.07894	0.04749	0.02180	0.01992	0.00699	0.00432	0.00389	0.00121	0.03157	0.02259	0.00250	0.00492
24	0.06115	0.43038	0.27976	0.04241	0.01229	0.02948	0.00882	0.01192	0.05720	0.01072	0.00636	0.00732	0.00516	0.00355	0.00311	0.00101	0.02011	0.00247	0.00178	0.00502
25	0.00447	0.00378	0.00386	0.00388	0.00510	0.00318	0.00290	0.00544	0.00857	0.01028	0.06458	0.06455	0.78762	0.00952	0.00445	0.00127	0.00191	0.00797	0.00351	0.00318
26	0.15578	0.00740	0.01032	0.15337	0.02614	0.00783	0.11034	0.13139	0.02518	0.18163	0.12550	0.01233	0.01037	0.00454	0.00387	0.00120	0.02088	0.00385	0.00309	0.00500
27	0.01183	0.15523	0.07674	0.01112	0.14563	0.17681	0.08060	0.07614	0.04546	0.15966	0.02048	0.00928	0.00671	0.00388	0.00351	0.00107	0.00474	0.00316	0.00257	0.00541
28	0.00536	0.00402	0.00603	0.00603	0.00670	0.00469	0.00469	0.00670	0.00603	0.00871	0.01005	0.01474	0.00938	0.02814	0.85328	0.00603	0.01005	0.00402	0.00201	0.00335
29	0.00457	0.00326	0.00435	0.00522	0.00544	0.00305	0.00348	0.00522	0.00718	0.00958	0.02068	0.86570	0.02481	0.01175	0.00479	0.00152	0.00218	0.01067	0.00348	0.00305
30	0.02311	0.21626	0.09799	0.02468	0.02102	0.07381	0.24354	0.06036	0.07640	0.02323	0.04997	0.05642	0.00837	0.00423	0.00365	0.00112	0.00474	0.00384	0.00230	0.00495
31	0.03991	0.11437	0.04042	0.06960	0.51032	0.01962	0.07354	0.01188	0.00847	0.06634	0.00727	0.00904	0.00583	0.00344	0.00356	0.00110	0.00451	0.00322	0.00201	0.00556
32	0.00525	0.00383	0.00494	0.00466	0.00557	0.00352	0.00349	0.00697	0.01048	0.01472	0.78978	0.02856	0.08858	0.00779	0.00443	0.00119	0.00178	0.00686	0.00409	0.00352
33	0.04369	0.00555	0.00715	0.03396	0.00835	0.02791	0.05383	0.07038	0.02012	0.11803	0.10246	0.26896	0.11792	0.00973	0.08396	0.00175	0.00363	0.01518	0.00334	0.00409

[dist]
# distance from previous block
# <min> <max>
0	1

[block]
# block no. 8 follows, 73 sequences, length 27
# corresponding to MSA columns:
# 333-359
name=unknown_I
#
# <colnr> <probs for GDERKNQSTAVLIFYWHMCP>
#	G	D	E	R	K	N	Q	S	T	A	V	L	I	F	Y	W	H	M	C	P
0	0.05054	0.23014	0.08410	0.03893	0.09267	0.12130	0.07064	0.15617	0.02681	0.06521	0.00762	0.02618	0.00607	0.00390	0.00335	0.00106	0.00462	0.00306	0.00238	0.00525
1	0.66577	0.00805	0.01713	0.05137	0.12362	0.04379	0.00573	0.01116	0.00692	0.01533	0.00559	0.00682	0.00442	0.00355	0.00281	0.00116	0.01791	0.00232	0.00219	0.00436
2	0.00942	0.09595	0.17235	0.01530	0.32730	0.02205	0.14730	0.07289	0.05313	0.02272	0.02149	0.00939	0.00641	0.00362	0.00369	0.00113	0.00480	0.00338	0.00210	0.00558
3	0.00481	0.00343	0.00462	0.00545	0.00578	0.00324	0.00385	0.00565	0.00750	0.00999	0.04737	0.72080	0.02470	0.01142	0.00483	0.00154	0.00235	0.12605	0.00350	0.00312
4	0.03954	0.00677	0.00823	0.05820	0.01011	0.00543	0.02327	0.00957	0.00774	0.01222	0.00664	0.00791	0.00547	0.00287	0.00286	0.00064	0.00300	0.00233	0.00218	0.78502
5	0.00588	0.00425	0.00512	0.00486	0.00603	0.00391	0.00369	0.00788	0.06054	0.05144	0.43581	0.08250	0.25104	0.00811	0.00437	0.00123	0.00205	0.03392	0.00385	0.02352
6	0.01401	0.01788	0.01063	0.00967	0.01160	0.85309	0.00725	0.01498	0.01063	0.00918	0.00580	0.00677	0.00483	0.00387	0.00338	0.00097	0.00677	0.00242	0.00193	0.00435
7	0.00836	0.00850	0.01185	0.01006	0.01024	0.03076	0.03767	0.00927	0.00597	0.00914	0.00504	0.00824	0.00495	0.00638	0.01182	0.00161	0.81102	0.00330	0.00166	0.00414
8	0.01122	0.00843	0.04215	0.04556	0.01397	0.00783	0.30791	0.04864	0.12454	0.27091	0.05359	0.01276	0.02552	0.00433	0.00406	0.00122	0.00440	0.00424	0.00321	0.00551
9	0.00451	0.00380	0.00390	0.00388	0.00511	0.00320	0.00291	0.00553	0.00872	0.01055	0.10532	0.03543	0.77565	0.00935	0.00443	0.00126	0.00189	0.00782	0.00354	0.00320
10	0.00473	0.00357	0.00438	0.00487	0.00546	0.00327	0.00339	0.00580	0.02656	0.01046	0.11565	0.55005	0.22690	0.01060	0.00464	0.00142	0.00208	0.00942	0.00356	0.00320
11	0.42238	0.00633	0.04091	0.00575	0.00754	0.00665	0.00483	0.00969	0.00658	0.06727	0.00796	0.01028	0.00669	0.01405	0.36446	0.00323	0.00607	0.00302	0.00231	0.00397
12	0.01031	0.07879	0.06616	0.01280	0.20873	0.29671	0.08021	0.01197	0.00879	0.01033	0.00801	0.03852	0.04063	0.00444	0.00465	0.00114	0.10767	0.00342	0.00195	0.00478
13	0.00461	0.00329	0.00438	0.00520	0.00545	0.00307	0.00349	0.00531	0.00735	0.00984	0.05988	0.82575	0.02532	0.01156	0.00477	0.00151	0.00216	0.01048	0.00351	0.00307
14	0.00886	0.01012	0.02214	0.01581	0.01961	0.00949	0.83112	0.01202	0.00886	0.01202	0.00759	0.01012	0.00569	0.00316	0.00443	0.00127	0.00633	0.00443	0.00190	0.00506
15	0.01021	0.59545	0.16041	0.00761	0.01106	0.11585	0.00782	0.03587	0.00833	0.00983	0.00566	0.00652	0.00485	0.00339	0.00276	0.00090	0.00461	0.00223	0.00170	0.00493
16	0.00632	0.00412	0.00506	0.00471	0.00595	0.00366	0.00362	0.00779	0.00987	0.10545	0.45371	0.02955	0.29939	0.00804	0.00438	0.00123	0.00203	0.03742	0.00395	0.00373
17	0.00530	0.00362	0.00421	0.00427	0.00444	0.00354	0.00257	0.00560	0.00633	0.00849	0.10451	0.11854	0.04999	0.64554	0.01533	0.00304	0.00320	0.00628	0.00266	0.00253
18	0.09047	0.01635	0.01005	0.00913	0.01111	0.72764	0.00689	0.01494	0.06109	0.01025	0.00633	0.00715	0.00517	0.00391	0.00332	0.00100	0.00620	0.00249	0.00208	0.00442
19	0.00471	0.00342	0.00466	0.00566	0.02463	0.00324	0.00371	0.00542	0.00717	0.00961	0.02001	0.81715	0.02386	0.01212	0.03369	0.00167	0.00250	0.01027	0.00340	0.00312
20	0.00459	0.00330	0.00432	0.00513	0.00539	0.00307	0.00342	0.00524	0.00719	0.00954	0.02115	0.80775	0.05844	0.03564	0.00517	0.00157	0.00221	0.01041	0.00345	0.00303
21	0.00778	0.00667	0.00778	0.00556	0.00889	0.00500	0.00445	0.00945	0.00778	0.01223	0.00667	0.00778	0.00556	0.00278	0.00278	0.00056	0.00278	0.00222	0.00222	0.89108
22	0.01284	0.13563	0.01274	0.00948	0.01181	0.56880	0.07878	0.06425	0.01049	0.02801	0.02970	0.00781	0.00595	0.00387	0.00340	0.00099	0.00596	0.00274	0.00211	0.00462
23	0.05926	0.00355	0.00442	0.00513	0.00554	0.00340	0.00349	0.00564	0.00730	0.01021	0.04472	0.75032	0.06126	0.01102	0.00461	0.00148	0.00220	0.00990	0.00343	0.00313
24	0.18853	0.09408	0.09368	0.00735	0.01021	0.02118	0.00661	0.31212	0.03899	0.10040	0.03074	0.01045	0.00745	0.03792	0.00396	0.00123	0.00382	0.02292	0.00305	0.00533
25	0.14550	0.08750	0.06167	0.00829	0.05169	0.05068	0.04596	0.10906	0.20614	0.07289	0.06962	0.03934	0.00980	0.00509	0.01982	0.00125	0.00381	0.00374	0.00299	0.00517
26	0.05269	0.16364	0.01041	0.00641	0.00930	0.02125	0.02633	0.10236	0.03341	0.08934	0.00882	0.02709	0.02592	0.03957	0.00373	0.00096	0.00336	0.00300	0.00260	0.36981

[dist]
# distance from previous block
# <min> <max>
2	40

[block]
