[name]
unknown

[dist]
# distance from previous block
# <min> <max>
0	44

[block]
# block no. 0 follows, 68 sequences, length 9
# corresponding to MSA columns:
# 44-52
name=unknown_A
#
# <colnr> <probs for GDERKNQSTAVLIFYWHMCP>
#	G	D	E	R	K	N	Q	S	T	A	V	L	I	F	Y	W	H	M	C	P
0	0.00763	0.00602	0.00741	0.00818	0.03671	0.05187	0.00674	0.07081	0.00997	0.01278	0.01884	0.03878	0.02005	0.00985	0.00520	0.00171	0.00393	0.67595	0.00353	0.00403
1	0.00510	0.00414	0.02425	0.00553	0.00608	0.00373	0.00397	0.00600	0.00782	0.01040	0.06752	0.58288	0.13090	0.05274	0.04795	0.00189	0.02261	0.00967	0.00349	0.00333
2	0.00969	0.04118	0.00918	0.00634	0.00979	0.00649	0.00516	0.09848	0.00955	0.06904	0.00783	0.00864	0.00620	0.00328	0.00310	0.00071	0.00317	0.00258	0.00267	0.69692
3	0.00986	0.00852	0.00897	0.00807	0.01031	0.00986	0.00628	0.02107	0.82876	0.01659	0.01614	0.01479	0.01210	0.00538	0.00403	0.00134	0.00314	0.00448	0.00403	0.00628
4	0.00822	0.00705	0.00822	0.00587	0.00940	0.00529	0.00470	0.00998	0.00822	0.01292	0.00705	0.00822	0.00587	0.00294	0.00294	0.00059	0.00294	0.00235	0.00235	0.88490
5	0.00970	0.25243	0.05124	0.03190	0.01022	0.05649	0.00656	0.16270	0.05070	0.01333	0.04138	0.02882	0.08737	0.00888	0.13145	0.00191	0.01980	0.00395	0.02625	0.00491
6	0.00722	0.00589	0.00662	0.00631	0.00774	0.00627	0.00475	0.01284	0.36624	0.01458	0.24261	0.17164	0.11544	0.00791	0.00447	0.00136	0.00251	0.00687	0.00402	0.00471
7	0.01335	0.08432	0.01320	0.03478	0.18178	0.01133	0.00834	0.46818	0.05258	0.07889	0.00943	0.00986	0.00693	0.00441	0.00384	0.00117	0.00432	0.00351	0.00337	0.00642
8	0.00935	0.05178	0.01114	0.00891	0.00975	0.02963	0.03648	0.04888	0.00764	0.05272	0.00761	0.01040	0.00664	0.02374	0.03375	0.00165	0.49935	0.00356	0.14254	0.00449

[dist]
# distance from previous block
# <min> <max>
0	4

[block]
# block no. 1 follows, 68 sequences, length 21
# corresponding to MSA columns:
# 57-59,61-78
name=unknown_B
#
# <colnr> <probs for GDERKNQSTAVLIFYWHMCP>
#	G	D	E	R	K	N	Q	S	T	A	V	L	I	F	Y	W	H	M	C	P
0	0.01092	0.47898	0.04053	0.00732	0.01060	0.05166	0.01983	0.09048	0.05112	0.04191	0.00734	0.00802	0.00604	0.00369	0.00299	0.00091	0.00413	0.00261	0.02564	0.13529
1	0.00638	0.00470	0.00622	0.00591	0.00680	0.00499	0.00437	0.04837	0.00707	0.00999	0.01143	0.04451	0.02431	0.21477	0.47888	0.02558	0.00750	0.00467	0.00237	0.08119
2	0.05090	0.34887	0.27256	0.02160	0.01374	0.03332	0.09404	0.05900	0.02294	0.03892	0.00705	0.00807	0.00550	0.00370	0.00334	0.00109	0.00499	0.00285	0.00204	0.00546
3	0.00887	0.03335	0.04829	0.29460	0.13284	0.03991	0.02159	0.03715	0.15264	0.01230	0.00922	0.04491	0.00760	0.00512	0.01902	0.00137	0.07511	0.00387	0.00238	0.04986
4	0.00572	0.00439	0.00527	0.00499	0.00612	0.00412	0.00376	0.00809	0.07326	0.01471	0.58111	0.03053	0.22640	0.00836	0.00463	0.00128	0.00200	0.00725	0.00418	0.00384
5	0.00566	0.00425	0.00637	0.00637	0.00708	0.00496	0.00496	0.00708	0.00637	0.00920	0.01062	0.01558	0.00991	0.02974	0.84494	0.00637	0.01062	0.00425	0.00212	0.00354
6	0.00797	0.01982	0.79783	0.01102	0.01677	0.00901	0.01414	0.01243	0.00836	0.01257	0.00711	0.00836	0.00507	0.00372	0.00372	0.00122	0.00571	0.00290	0.00171	0.05054
7	0.00822	0.00705	0.00822	0.00587	0.00940	0.00529	0.00470	0.00998	0.00822	0.01292	0.00705	0.00822	0.00587	0.00294	0.00294	0.00059	0.00294	0.00235	0.00235	0.88490
8	0.01654	0.00885	0.01000	0.00781	0.01078	0.07182	0.00638	0.24776	0.01335	0.52405	0.01311	0.01191	0.00859	0.00480	0.00392	0.00119	0.00391	0.00375	0.02499	0.00651
9	0.00810	0.01959	0.77651	0.01105	0.01664	0.00926	0.01401	0.01321	0.07115	0.01286	0.00781	0.00886	0.00556	0.00389	0.00379	0.00126	0.00565	0.00305	0.00185	0.00589
10	0.01060	0.86304	0.02078	0.00678	0.01018	0.01569	0.00678	0.01187	0.00806	0.00933	0.00551	0.00636	0.00509	0.00339	0.00254	0.00085	0.00424	0.00212	0.00170	0.00509
11	0.01387	0.01051	0.01122	0.00888	0.01184	0.01173	0.00724	0.63753	0.20577	0.02305	0.01105	0.01074	0.00798	0.00490	0.00398	0.00123	0.00408	0.00378	0.00398	0.00663
12	0.00573	0.00398	0.00501	0.00501	0.00525	0.00422	0.00326	0.00621	0.00597	0.00820	0.01186	0.02246	0.01290	0.58095	0.29782	0.00469	0.00612	0.00525	0.00231	0.00279
13	0.00531	0.00367	0.00480	0.00549	0.00596	0.00340	0.00380	0.00614	0.00796	0.03666	0.04233	0.69471	0.09977	0.01214	0.02061	0.00166	0.00250	0.03601	0.00371	0.00338
14	0.00504	0.00364	0.00466	0.00537	0.00574	0.00342	0.00367	0.00577	0.00761	0.01001	0.02237	0.61774	0.10419	0.10503	0.02238	0.00193	0.00268	0.06206	0.00351	0.00318
15	0.00487	0.00350	0.00464	0.00553	0.00581	0.00327	0.00374	0.00561	0.00769	0.01020	0.02244	0.80505	0.05339	0.01230	0.00506	0.00161	0.00233	0.03604	0.00368	0.00324
16	0.01060	0.86304	0.02078	0.00678	0.01018	0.01569	0.00678	0.01187	0.00806	0.00933	0.00551	0.00636	0.00509	0.00339	0.00254	0.00085	0.00424	0.00212	0.00170	0.00509
17	0.04824	0.00755	0.00859	0.00720	0.00964	0.00795	0.00575	0.10430	0.33212	0.28736	0.04061	0.01394	0.01107	0.00510	0.00384	0.00124	0.00317	0.00413	0.09214	0.00606
18	0.00496	0.00354	0.00456	0.00529	0.00557	0.00332	0.00350	0.00562	0.00755	0.01004	0.04777	0.69571	0.06028	0.11407	0.00685	0.00186	0.00246	0.01035	0.00355	0.00314
19	0.01161	0.03117	0.39361	0.00977	0.01410	0.01003	0.01052	0.28231	0.07488	0.10916	0.00952	0.00978	0.00667	0.00434	0.00385	0.00123	0.00485	0.00336	0.00298	0.00627
20	0.05120	0.03125	0.07395	0.01057	0.11582	0.02204	0.06981	0.22802	0.01164	0.15916	0.01206	0.14908	0.01053	0.00580	0.00412	0.00129	0.00415	0.03052	0.00334	0.00565

[dist]
# distance from previous block
# <min> <max>
0	2

[block]
# block no. 2 follows, 68 sequences, length 7
# corresponding to MSA columns:
# 81-87
name=unknown_C
#
# <colnr> <probs for GDERKNQSTAVLIFYWHMCP>
#	G	D	E	R	K	N	Q	S	T	A	V	L	I	F	Y	W	H	M	C	P
0	0.00864	0.29912	0.43470	0.00961	0.01400	0.01086	0.06442	0.01168	0.00826	0.01126	0.00802	0.08740	0.00710	0.00442	0.00354	0.00116	0.00504	0.00356	0.00189	0.00532
1	0.01049	0.00823	0.05385	0.09395	0.06471	0.00794	0.10004	0.07090	0.17514	0.16976	0.04735	0.07801	0.03120	0.00543	0.00429	0.00130	0.01993	0.00478	0.04720	0.00551
2	0.03278	0.09154	0.14392	0.01028	0.06384	0.05936	0.09654	0.17699	0.04213	0.15776	0.01027	0.02622	0.02499	0.00441	0.00382	0.00117	0.00463	0.00366	0.00299	0.04270
3	0.00725	0.02429	0.05081	0.03456	0.03299	0.00547	0.00486	0.07026	0.00764	0.03789	0.01277	0.11024	0.04045	0.32998	0.12623	0.08805	0.00472	0.00542	0.00260	0.00352
4	0.00490	0.00357	0.00449	0.00519	0.00556	0.00330	0.00346	0.00557	0.00763	0.00998	0.02369	0.65883	0.14471	0.09148	0.00642	0.00178	0.00240	0.01033	0.00356	0.00316
5	0.02721	0.02662	0.02856	0.27519	0.12165	0.03890	0.12052	0.07994	0.09662	0.04038	0.04320	0.04039	0.00851	0.00460	0.00433	0.00129	0.03022	0.00412	0.00254	0.00522
6	0.05843	0.09286	0.12345	0.06692	0.06365	0.04906	0.07744	0.22346	0.07513	0.09886	0.00922	0.01014	0.00685	0.02231	0.00411	0.00125	0.00469	0.00347	0.00290	0.00581

[dist]
# distance from previous block
# <min> <max>
1	56

[block]
# block no. 3 follows, 68 sequences, length 18
# corresponding to MSA columns:
# 144-161
name=unknown_D
#
# <colnr> <probs for GDERKNQSTAVLIFYWHMCP>
#	G	D	E	R	K	N	Q	S	T	A	V	L	I	F	Y	W	H	M	C	P
0	0.00932	0.00723	0.00840	0.02702	0.00972	0.02358	0.01718	0.10373	0.06544	0.06468	0.02903	0.10406	0.00991	0.02213	0.00387	0.00099	0.00322	0.00402	0.03775	0.44872
1	0.00511	0.00383	0.00479	0.00515	0.00574	0.00359	0.00361	0.00608	0.00854	0.01135	0.20080	0.45173	0.18829	0.05600	0.00589	0.00160	0.02151	0.00933	0.00372	0.00334
2	0.00663	0.00431	0.00509	0.00484	0.00594	0.00413	0.00364	0.00896	0.06312	0.04173	0.42648	0.05616	0.10859	0.00727	0.00413	0.00119	0.00203	0.00625	0.23559	0.00393
3	0.00682	0.00453	0.00553	0.00546	0.00643	0.00446	0.00400	0.03927	0.07104	0.05142	0.28188	0.29252	0.04009	0.02407	0.02207	0.00148	0.00248	0.00747	0.12500	0.00397
4	0.00795	0.02051	0.84011	0.01130	0.01716	0.00921	0.01465	0.01256	0.00837	0.01256	0.00712	0.00837	0.00502	0.00377	0.00377	0.00126	0.00586	0.00293	0.00167	0.00586
5	0.00496	0.00395	0.00437	0.00441	0.00546	0.00344	0.00320	0.00604	0.00911	0.01152	0.19833	0.13362	0.52582	0.06108	0.00566	0.00150	0.00213	0.00831	0.00374	0.00336
6	0.88866	0.00767	0.00583	0.00521	0.00767	0.00889	0.00429	0.01166	0.00675	0.01779	0.00552	0.00644	0.00429	0.00368	0.00245	0.00123	0.00307	0.00215	0.00245	0.00429
7	0.01146	0.00865	0.00944	0.00751	0.01031	0.00898	0.00604	0.33729	0.20222	0.04372	0.02653	0.01178	0.02212	0.00462	0.00368	0.00107	0.00345	0.00366	0.06810	0.20936
8	0.88866	0.00767	0.00583	0.00521	0.00767	0.00889	0.00429	0.01166	0.00675	0.01779	0.00552	0.00644	0.00429	0.00368	0.00245	0.00123	0.00307	0.00215	0.00245	0.00429
9	0.01474	0.01094	0.01171	0.00906	0.01217	0.01214	0.00746	0.77150	0.07039	0.02445	0.00994	0.00986	0.00709	0.00480	0.00397	0.00120	0.00428	0.00363	0.00397	0.00671
10	0.88866	0.00767	0.00583	0.00521	0.00767	0.00889	0.00429	0.01166	0.00675	0.01779	0.00552	0.00644	0.00429	0.00368	0.00245	0.00123	0.00307	0.00215	0.00245	0.00429
11	0.00583	0.00394	0.00447	0.00434	0.00539	0.00361	0.00325	0.00744	0.00976	0.01404	0.36710	0.02802	0.26780	0.00771	0.00415	0.00118	0.00191	0.00656	0.24991	0.00361
12	0.00606	0.00417	0.00533	0.00497	0.00605	0.00379	0.00375	0.00782	0.01098	0.05283	0.70479	0.02987	0.12825	0.00818	0.00465	0.00126	0.00196	0.00716	0.00431	0.00383
13	0.00958	0.00748	0.00817	0.00726	0.00917	0.00813	0.00561	0.26714	0.26419	0.01685	0.01839	0.23421	0.11177	0.00756	0.00436	0.00136	0.00317	0.00641	0.00388	0.00528
14	0.06696	0.00784	0.00902	0.00742	0.01007	0.00814	0.00598	0.13004	0.28789	0.34803	0.04518	0.01415	0.03081	0.00521	0.00395	0.00126	0.00332	0.00421	0.00428	0.00624
15	0.00573	0.00383	0.00433	0.00437	0.00438	0.00382	0.00245	0.00576	0.00583	0.00778	0.01285	0.05738	0.01486	0.82861	0.01961	0.00376	0.00379	0.00597	0.00245	0.00243
16	0.00627	0.00415	0.00533	0.00560	0.00647	0.00388	0.00421	0.00768	0.02221	0.06735	0.19328	0.34067	0.12657	0.02455	0.00512	0.00153	0.00250	0.14378	0.02517	0.00370
17	0.09003	0.00761	0.00961	0.00866	0.04772	0.04174	0.05414	0.04113	0.09978	0.26388	0.02489	0.04062	0.05109	0.00620	0.00493	0.00138	0.07569	0.12197	0.00359	0.00533

[dist]
# distance from previous block
# <min> <max>
5	13

[block]
# block no. 4 follows, 68 sequences, length 24
# corresponding to MSA columns:
# 175-198
name=unknown_E
#
# <colnr> <probs for GDERKNQSTAVLIFYWHMCP>
#	G	D	E	R	K	N	Q	S	T	A	V	L	I	F	Y	W	H	M	C	P
0	0.07282	0.00671	0.00752	0.00640	0.00847	0.00685	0.00508	0.16028	0.11596	0.15538	0.16137	0.04951	0.18854	0.00675	0.00429	0.00127	0.01451	0.00554	0.00397	0.01877
1	0.00549	0.00388	0.00488	0.00533	0.00599	0.00359	0.00376	0.00666	0.02628	0.03673	0.12989	0.52410	0.16054	0.03082	0.00526	0.00156	0.00233	0.03564	0.00378	0.00348
2	0.00823	0.00618	0.00767	0.01840	0.00852	0.00703	0.00547	0.05260	0.23271	0.06313	0.04340	0.08113	0.01265	0.09886	0.26801	0.00319	0.07015	0.00500	0.00311	0.00459
3	0.00638	0.00415	0.00523	0.00554	0.00630	0.00391	0.00395	0.01846	0.02702	0.08047	0.02254	0.48112	0.14569	0.08606	0.02155	0.01341	0.00278	0.05820	0.00363	0.00360
4	0.29090	0.00711	0.00747	0.00627	0.00872	0.00740	0.00510	0.07441	0.10226	0.26338	0.01154	0.01205	0.00840	0.00464	0.00336	0.00119	0.00312	0.02816	0.11804	0.03648
5	0.00818	0.00655	0.00729	0.00670	0.00835	0.00710	0.00511	0.05235	0.41218	0.02805	0.22386	0.10858	0.07916	0.02257	0.00464	0.00138	0.00272	0.00612	0.00404	0.00506
6	0.01060	0.86304	0.02078	0.00678	0.01018	0.01569	0.00678	0.01187	0.00806	0.00933	0.00551	0.00636	0.00509	0.00339	0.00254	0.00085	0.00424	0.00212	0.00170	0.00509
7	0.00568	0.00412	0.00484	0.00476	0.00591	0.00363	0.00358	0.00700	0.00975	0.05071	0.30834	0.11774	0.41331	0.00941	0.00472	0.00135	0.00211	0.03546	0.00397	0.00364
8	0.01487	0.01705	0.01139	0.00996	0.01227	0.64776	0.00763	0.20676	0.01299	0.01332	0.00693	0.00771	0.00549	0.00425	0.00367	0.00106	0.00649	0.00279	0.00250	0.00510
9	0.02257	0.03233	0.02934	0.06224	0.01101	0.03249	0.02952	0.07855	0.02213	0.09429	0.01868	0.05597	0.02024	0.02568	0.03070	0.00116	0.00381	0.00356	0.00278	0.42293
10	0.00774	0.00665	0.01881	0.00746	0.02416	0.05094	0.02437	0.03330	0.03307	0.00955	0.00999	0.02989	0.03758	0.22954	0.07206	0.17163	0.20401	0.00440	0.00221	0.02264
11	0.01779	0.00675	0.00920	0.00705	0.01012	0.00583	0.00583	0.01932	0.01135	0.83867	0.01564	0.01350	0.00981	0.00491	0.00399	0.00123	0.00337	0.00399	0.00491	0.00675
12	0.00781	0.00482	0.00487	0.00480	0.00585	0.04373	0.00360	0.03617	0.00886	0.03818	0.03402	0.15794	0.01352	0.00620	0.00342	0.00109	0.00239	0.03347	0.56627	0.02301
13	0.01050	0.07001	0.12378	0.18372	0.15380	0.03702	0.05902	0.07232	0.06470	0.12535	0.02726	0.03815	0.00799	0.00444	0.00392	0.00123	0.00470	0.00384	0.00266	0.00559
14	0.02826	0.00685	0.00872	0.00697	0.00958	0.00652	0.02170	0.07534	0.10702	0.50893	0.05749	0.01468	0.02853	0.00515	0.00391	0.00121	0.00321	0.00423	0.09564	0.00608
15	0.01012	0.00820	0.00885	0.00788	0.01008	0.00930	0.00619	0.07259	0.66393	0.04807	0.06728	0.01639	0.01363	0.00569	0.00412	0.00134	0.00317	0.03303	0.00407	0.00607
16	0.03092	0.03739	0.03630	0.09878	0.06643	0.07570	0.05378	0.04966	0.02857	0.12798	0.07074	0.21492	0.03770	0.01816	0.01538	0.00142	0.02252	0.00578	0.00313	0.00475
17	0.02993	0.09698	0.17711	0.07664	0.06411	0.02074	0.17427	0.04270	0.06713	0.09253	0.01043	0.05244	0.03303	0.00462	0.00419	0.00126	0.02689	0.00410	0.01549	0.00541
18	0.01045	0.00865	0.00918	0.00811	0.01044	0.00992	0.00635	0.07709	0.74889	0.04050	0.01566	0.01439	0.01166	0.00532	0.00403	0.00133	0.00323	0.00440	0.00405	0.00632
19	0.16095	0.02160	0.00712	0.00592	0.00774	0.00578	0.02758	0.04592	0.01013	0.16573	0.34280	0.06099	0.04681	0.03787	0.00462	0.00133	0.00276	0.00544	0.01522	0.02369
20	0.00981	0.00844	0.03741	0.19888	0.24126	0.00860	0.05949	0.13288	0.02319	0.07184	0.03464	0.07136	0.03104	0.00548	0.02194	0.00138	0.01705	0.00443	0.01547	0.00541
21	0.00899	0.02418	0.03821	0.13610	0.12238	0.07966	0.08620	0.02378	0.03953	0.07267	0.07823	0.13310	0.05264	0.00658	0.02524	0.00143	0.04456	0.00522	0.01651	0.00479
22	0.01516	0.01396	0.01030	0.00895	0.01131	0.49787	0.00690	0.01720	0.07834	0.26977	0.02557	0.01019	0.00776	0.00452	0.00376	0.00112	0.00554	0.00325	0.00315	0.00539
23	0.07901	0.04534	0.05330	0.06252	0.06224	0.13958	0.04645	0.11484	0.04165	0.04746	0.08172	0.04743	0.07052	0.00529	0.00384	0.00119	0.00424	0.01545	0.04254	0.03539

[dist]
# distance from previous block
# <min> <max>
0	70

[block]
# block no. 5 follows, 68 sequences, length 14
# corresponding to MSA columns:
# 269-282
name=unknown_F
#
# <colnr> <probs for GDERKNQSTAVLIFYWHMCP>
#	G	D	E	R	K	N	Q	S	T	A	V	L	I	F	Y	W	H	M	C	P
0	0.05825	0.00753	0.02361	0.04374	0.02967	0.02265	0.08158	0.10675	0.13150	0.05923	0.09511	0.06128	0.06282	0.06697	0.04368	0.00169	0.04037	0.00494	0.03165	0.02700
1	0.00701	0.00578	0.03613	0.01930	0.00852	0.00552	0.06273	0.00875	0.04707	0.04259	0.03366	0.12171	0.04042	0.13195	0.22048	0.04808	0.03794	0.03080	0.02044	0.07112
2	0.00527	0.00390	0.00493	0.00542	0.00602	0.00361	0.00376	0.00637	0.02645	0.01079	0.07925	0.58792	0.09398	0.06138	0.00578	0.00164	0.00244	0.03888	0.00359	0.04860
3	0.20398	0.31937	0.14703	0.00749	0.01082	0.07847	0.00739	0.06964	0.00905	0.06199	0.00784	0.00848	0.02919	0.00397	0.00306	0.00107	0.00433	0.00271	0.01897	0.00514
4	0.01137	0.00750	0.00820	0.00672	0.00908	0.05410	0.00534	0.16001	0.07202	0.20443	0.14716	0.03799	0.05971	0.00558	0.00391	0.00112	0.00323	0.00457	0.06936	0.12863
5	0.00705	0.00466	0.00552	0.00525	0.00653	0.00436	0.00397	0.04230	0.04483	0.09135	0.24700	0.17309	0.26422	0.00871	0.00452	0.00133	0.00232	0.02152	0.05742	0.00405
6	0.00938	0.00999	0.03153	0.18694	0.01759	0.12100	0.31382	0.02354	0.07010	0.02785	0.03505	0.03409	0.03890	0.00480	0.00432	0.00131	0.00545	0.04639	0.01306	0.00489
7	0.30515	0.00763	0.00780	0.00679	0.00916	0.00835	0.00551	0.09076	0.23210	0.15887	0.03024	0.01395	0.00994	0.00515	0.00358	0.00129	0.00324	0.06645	0.02867	0.00540
8	0.01172	0.48983	0.06957	0.00793	0.01127	0.10058	0.00745	0.18502	0.03044	0.01320	0.00684	0.00751	0.00563	0.00381	0.00308	0.00097	0.00460	0.00259	0.00229	0.03564
9	0.00511	0.00373	0.00503	0.05945	0.00696	0.00365	0.00400	0.00585	0.00739	0.00983	0.01978	0.70381	0.02346	0.11388	0.00681	0.00186	0.00268	0.01011	0.00340	0.00320
10	0.04986	0.02329	0.00764	0.00658	0.00848	0.01872	0.00513	0.01515	0.30824	0.17842	0.14743	0.07452	0.01596	0.02352	0.02290	0.00143	0.00307	0.00506	0.07936	0.00525
11	0.02817	0.10222	0.03237	0.00865	0.02420	0.06061	0.00712	0.31344	0.21992	0.07278	0.01127	0.03811	0.00881	0.00511	0.00415	0.00123	0.03320	0.01917	0.00348	0.00599
12	0.14381	0.00780	0.00835	0.00669	0.00943	0.03632	0.00545	0.16752	0.01082	0.18965	0.01050	0.01221	0.00808	0.00452	0.00345	0.00106	0.00341	0.05463	0.08367	0.23264
13	0.00511	0.00371	0.00463	0.00517	0.00568	0.00343	0.00359	0.00584	0.00792	0.01031	0.06780	0.48014	0.19259	0.09363	0.00683	0.03379	0.00249	0.06066	0.00352	0.00317

[dist]
# distance from previous block
# <min> <max>
2	6

[block]
# block no. 6 follows, 68 sequences, length 15
# corresponding to MSA columns:
# 289-303
name=unknown_G
#
# <colnr> <probs for GDERKNQSTAVLIFYWHMCP>
#	G	D	E	R	K	N	Q	S	T	A	V	L	I	F	Y	W	H	M	C	P
0	0.03533	0.01061	0.12785	0.06201	0.04076	0.02859	0.12788	0.19477	0.13099	0.09345	0.04025	0.01248	0.00893	0.00466	0.00402	0.00126	0.00452	0.02495	0.04095	0.00575
1	0.00544	0.00415	0.00490	0.00474	0.00585	0.00376	0.00359	0.00721	0.02951	0.01383	0.47327	0.03253	0.33143	0.00876	0.00464	0.00129	0.00201	0.03276	0.02666	0.00365
2	0.01047	0.82182	0.06086	0.00701	0.01052	0.01537	0.00717	0.01191	0.00807	0.00949	0.00559	0.00646	0.00508	0.00341	0.00260	0.00087	0.00432	0.00216	0.00169	0.00513
3	0.00531	0.00394	0.00494	0.00501	0.00586	0.00360	0.00369	0.00672	0.00981	0.01328	0.44803	0.20282	0.19163	0.02940	0.00516	0.00143	0.00212	0.04972	0.00401	0.00352
4	0.00517	0.00362	0.00468	0.00541	0.00584	0.00334	0.00370	0.00593	0.00783	0.02916	0.02341	0.71330	0.11095	0.03139	0.00535	0.00163	0.00236	0.02995	0.00368	0.00331
5	0.00522	0.00385	0.00467	0.00487	0.00570	0.00349	0.00354	0.00649	0.00930	0.01252	0.30139	0.28530	0.25460	0.00986	0.00472	0.00138	0.00208	0.02889	0.04864	0.00347
6	0.00577	0.00384	0.00432	0.00432	0.00432	0.00384	0.00240	0.00577	0.00577	0.00769	0.01249	0.02595	0.01441	0.86066	0.02018	0.00384	0.00384	0.00577	0.00240	0.00240
7	0.01481	0.01890	0.01124	0.01021	0.01226	0.84474	0.00766	0.01583	0.01124	0.00970	0.00613	0.00715	0.00511	0.00409	0.00358	0.00102	0.00715	0.00255	0.00204	0.00460
8	0.00822	0.00705	0.00822	0.00587	0.00940	0.00529	0.00470	0.00998	0.00822	0.01292	0.00705	0.00822	0.00587	0.00294	0.00294	0.00059	0.00294	0.00235	0.00235	0.88490
9	0.00822	0.00705	0.00822	0.00587	0.00940	0.00529	0.00470	0.00998	0.00822	0.01292	0.00705	0.00822	0.00587	0.00294	0.00294	0.00059	0.00294	0.00235	0.00235	0.88490
10	0.00566	0.00425	0.00637	0.00637	0.00708	0.00496	0.00496	0.00708	0.00637	0.00920	0.01062	0.01558	0.00991	0.02974	0.84494	0.00637	0.01062	0.00425	0.00212	0.00354
11	0.00561	0.00405	0.00530	0.00499	0.00592	0.00374	0.00374	0.00748	0.01122	0.01590	0.83383	0.02962	0.03741	0.00811	0.00468	0.00125	0.00187	0.00717	0.00436	0.00374
12	0.00800	0.00811	0.08738	0.00633	0.00988	0.00555	0.00558	0.01004	0.00846	0.01311	0.06830	0.00982	0.00813	0.00340	0.00314	0.00070	0.00314	0.00276	0.00243	0.73575
13	0.01233	0.03295	0.00961	0.00786	0.01043	0.00922	0.00628	0.08814	0.52978	0.22507	0.01515	0.01378	0.01087	0.00515	0.00397	0.00129	0.00333	0.00421	0.00418	0.00640
14	0.02583	0.05951	0.33935	0.00877	0.01282	0.03051	0.00931	0.11595	0.08325	0.03484	0.00934	0.01067	0.02360	0.02175	0.00395	0.00116	0.00450	0.01849	0.00251	0.18388

[dist]
# distance from previous block
# <min> <max>
5	54

[block]
# block no. 7 follows, 68 sequences, length 26
# corresponding to MSA columns:
# 358-383
name=unknown_H
#
# <colnr> <probs for GDERKNQSTAVLIFYWHMCP>
#	G	D	E	R	K	N	Q	S	T	A	V	L	I	F	Y	W	H	M	C	P
0	0.11040	0.09839	0.06640	0.02242	0.08752	0.04152	0.02029	0.28254	0.04088	0.03584	0.04620	0.01057	0.00800	0.02736	0.03024	0.00138	0.01664	0.00344	0.01465	0.03532
1	0.09258	0.03563	0.03585	0.08496	0.09250	0.01791	0.05526	0.03486	0.05728	0.11038	0.02564	0.03012	0.00831	0.00868	0.12678	0.00208	0.15739	0.01620	0.00260	0.00497
2	0.12045	0.05118	0.00676	0.02801	0.00729	0.01858	0.00451	0.02245	0.05728	0.01086	0.02857	0.27226	0.03667	0.01021	0.02024	0.26028	0.03241	0.00589	0.00272	0.00338
3	0.00485	0.00368	0.00443	0.00495	0.00559	0.00331	0.00342	0.00569	0.00823	0.01057	0.07167	0.51459	0.29911	0.03394	0.00532	0.00156	0.00222	0.00992	0.00368	0.00327
4	0.04946	0.20841	0.25777	0.00901	0.01296	0.01061	0.05087	0.16513	0.01069	0.16107	0.00878	0.00936	0.00638	0.01807	0.00382	0.00119	0.00466	0.00315	0.00275	0.00586
5	0.19315	0.00519	0.00619	0.02279	0.05231	0.00530	0.00466	0.02713	0.00816	0.07609	0.05446	0.47423	0.01851	0.00900	0.00453	0.02047	0.00278	0.00768	0.00338	0.00398
6	0.01634	0.00836	0.01011	0.00783	0.01088	0.00831	0.00644	0.29467	0.06722	0.50623	0.01358	0.01222	0.00891	0.00489	0.00398	0.00122	0.00370	0.00388	0.00453	0.00672
7	0.00603	0.00369	0.00526	0.00550	0.00583	0.00383	0.00389	0.00607	0.00636	0.00893	0.01232	0.23790	0.01310	0.01732	0.24677	0.34250	0.00507	0.00577	0.06110	0.00277
8	0.03829	0.06367	0.04821	0.00688	0.00956	0.00624	0.00586	0.01570	0.01022	0.56378	0.03153	0.15771	0.01248	0.00607	0.00404	0.00127	0.00333	0.00507	0.00425	0.00586
9	0.88866	0.00767	0.00583	0.00521	0.00767	0.00889	0.00429	0.01166	0.00675	0.01779	0.00552	0.00644	0.00429	0.00368	0.00245	0.00123	0.00307	0.00215	0.00245	0.00429
10	0.88866	0.00767	0.00583	0.00521	0.00767	0.00889	0.00429	0.01166	0.00675	0.01779	0.00552	0.00644	0.00429	0.00368	0.00245	0.00123	0.00307	0.00215	0.00245	0.00429
11	0.00974	0.07190	0.15961	0.07272	0.08346	0.02355	0.02239	0.03899	0.05519	0.15209	0.11022	0.03822	0.08030	0.02224	0.00440	0.00128	0.01114	0.01647	0.00307	0.02302
12	0.05042	0.62906	0.04171	0.00756	0.03217	0.06390	0.00696	0.01234	0.05344	0.01036	0.00716	0.01908	0.02152	0.00419	0.01319	0.00102	0.01627	0.00262	0.00196	0.00506
13	0.88866	0.00767	0.00583	0.00521	0.00767	0.00889	0.00429	0.01166	0.00675	0.01779	0.00552	0.00644	0.00429	0.00368	0.00245	0.00123	0.00307	0.00215	0.00245	0.00429
14	0.00666	0.00496	0.00692	0.06706	0.00968	0.00516	0.00671	0.00906	0.05424	0.01200	0.01974	0.04066	0.02099	0.01015	0.00529	0.00176	0.00374	0.70784	0.00354	0.00385
15	0.00856	0.07820	0.40249	0.09393	0.03128	0.00885	0.11308	0.01210	0.02483	0.05594	0.11135	0.01231	0.00989	0.00443	0.00397	0.00125	0.00505	0.01484	0.00231	0.00536
16	0.00635	0.00503	0.00585	0.00561	0.00684	0.00505	0.00420	0.01013	0.20376	0.01441	0.39701	0.13372	0.16995	0.00835	0.00458	0.00133	0.00225	0.00727	0.00408	0.00420
17	0.00919	0.00789	0.00834	0.00756	0.00965	0.00897	0.00586	0.01902	0.71434	0.01605	0.06326	0.01759	0.08305	0.00592	0.00412	0.00134	0.00297	0.00496	0.00402	0.00589
18	0.02156	0.29627	0.06154	0.03939	0.02447	0.27062	0.05220	0.03101	0.02522	0.01033	0.00760	0.00931	0.02849	0.00502	0.00455	0.08757	0.00524	0.01294	0.00201	0.00464
19	0.00851	0.00753	0.01263	0.46417	0.17448	0.00838	0.07526	0.01133	0.04268	0.05715	0.05242	0.01305	0.04646	0.00444	0.00409	0.00129	0.00477	0.00410	0.00231	0.00495
20	0.00527	0.00374	0.00487	0.00531	0.00576	0.00353	0.00369	0.00628	0.00849	0.01158	0.25568	0.46208	0.02772	0.12193	0.00695	0.00181	0.00246	0.05585	0.00371	0.00329
21	0.00510	0.00374	0.00470	0.00537	0.00583	0.00349	0.00365	0.02695	0.00804	0.01053	0.02392	0.69649	0.14151	0.03386	0.00537	0.00162	0.00235	0.01051	0.00366	0.00331
22	0.05697	0.30533	0.18047	0.02877	0.04892	0.11902	0.03087	0.02768	0.00893	0.05918	0.00724	0.02621	0.00594	0.00386	0.00327	0.00103	0.00480	0.00286	0.00212	0.07653
23	0.12760	0.05061	0.05158	0.02639	0.01306	0.13829	0.20565	0.07387	0.02865	0.12902	0.02558	0.07054	0.00859	0.00477	0.00390	0.00124	0.00487	0.01562	0.01499	0.00518
24	0.05378	0.00389	0.00481	0.00528	0.00588	0.00370	0.00370	0.00637	0.00848	0.01191	0.21138	0.53376	0.08188	0.02789	0.00511	0.00153	0.00227	0.02123	0.00375	0.00340
25	0.06281	0.21545	0.11670	0.00941	0.10357	0.03746	0.01912	0.03958	0.00882	0.06649	0.00722	0.00826	0.00577	0.00360	0.00345	0.00096	0.02671	0.00271	0.00226	0.25965

[dist]
# distance from previous block
# <min> <max>
5	9

[block]
# block no. 8 follows, 68 sequences, length 22
# corresponding to MSA columns:
# 394-415
name=unknown_I
#
# <colnr> <probs for GDERKNQSTAVLIFYWHMCP>
#	G	D	E	R	K	N	Q	S	T	A	V	L	I	F	Y	W	H	M	C	P
0	0.07813	0.09761	0.01317	0.36597	0.10289	0.10387	0.06324	0.04261	0.04653	0.02680	0.00788	0.00994	0.01693	0.00400	0.00371	0.00121	0.00504	0.00336	0.00215	0.00495
1	0.84854	0.00764	0.00610	0.04373	0.00856	0.00889	0.00460	0.01159	0.00680	0.01744	0.00559	0.00663	0.00434	0.00369	0.00252	0.00123	0.00317	0.00221	0.00242	0.00430
2	0.00655	0.00512	0.00726	0.15062	0.04963	0.00521	0.02835	0.03008	0.00992	0.01389	0.37910	0.06918	0.11640	0.00702	0.00431	0.00125	0.00283	0.00618	0.10310	0.00402
3	0.01207	0.00535	0.00695	0.00592	0.00760	0.00485	0.00443	0.01304	0.00901	0.44478	0.01516	0.08714	0.01307	0.29416	0.00954	0.00215	0.00341	0.02786	0.02868	0.00482
4	0.00567	0.00423	0.00628	0.00628	0.00696	0.00491	0.00484	0.00702	0.00634	0.00914	0.01070	0.01604	0.01012	0.06718	0.80778	0.00626	0.01031	0.00432	0.00214	0.00349
5	0.00493	0.00378	0.00454	0.00496	0.00572	0.00339	0.00355	0.00593	0.00864	0.01111	0.12735	0.41705	0.33059	0.01095	0.00489	0.00147	0.00219	0.04184	0.00376	0.00335
6	0.00516	0.00370	0.00489	0.00530	0.00582	0.00344	0.00371	0.00634	0.00911	0.01253	0.36090	0.51215	0.03090	0.01062	0.00490	0.00146	0.00212	0.00956	0.00397	0.00344
7	0.00988	0.00489	0.00631	0.00583	0.00708	0.00453	0.00419	0.01101	0.03387	0.30663	0.01697	0.30921	0.01678	0.23384	0.00864	0.00206	0.00312	0.00699	0.00379	0.00436
8	0.00630	0.00381	0.00405	0.00407	0.00506	0.00358	0.00302	0.00786	0.00884	0.01359	0.13003	0.07832	0.22449	0.00698	0.00366	0.00112	0.00192	0.00585	0.48388	0.00358
9	0.01419	0.00794	0.02256	0.05543	0.17310	0.03736	0.00759	0.03165	0.01050	0.48234	0.03791	0.01323	0.00952	0.00481	0.00428	0.00123	0.03143	0.02387	0.00378	0.02728
10	0.04013	0.01091	0.12332	0.23058	0.02127	0.00963	0.45859	0.03416	0.00903	0.01254	0.00761	0.01018	0.00566	0.00361	0.00428	0.00131	0.00603	0.00404	0.00197	0.00517
11	0.01481	0.01890	0.01124	0.01021	0.01226	0.84474	0.00766	0.01583	0.01124	0.00970	0.00613	0.00715	0.00511	0.00409	0.00358	0.00102	0.00715	0.00255	0.00204	0.00460
12	0.01030	0.10851	0.01532	0.13332	0.46780	0.13662	0.02339	0.01234	0.00902	0.01155	0.00692	0.00910	0.00579	0.00376	0.00400	0.00115	0.03041	0.00324	0.00191	0.00556
13	0.00764	0.00647	0.00751	0.00570	0.00867	0.00507	0.00449	0.00960	0.03507	0.01292	0.06617	0.04689	0.08612	0.00440	0.00334	0.00077	0.00276	0.00366	0.00272	0.68005
14	0.00900	0.14139	0.37204	0.01043	0.05045	0.02472	0.08192	0.01199	0.00846	0.04170	0.00766	0.03657	0.00619	0.00399	0.00396	0.00112	0.03915	0.00323	0.00202	0.14402
15	0.05478	0.09388	0.35597	0.01073	0.04957	0.02159	0.10863	0.06004	0.01795	0.09774	0.01942	0.04349	0.00724	0.01718	0.00426	0.00128	0.02465	0.00365	0.00239	0.00557
16	0.00519	0.00401	0.00473	0.00460	0.00568	0.00355	0.00343	0.00664	0.01015	0.01347	0.46496	0.06806	0.37303	0.00910	0.00470	0.00130	0.00195	0.00785	0.00405	0.00355
17	0.00929	0.00680	0.00989	0.10594	0.15226	0.03349	0.06454	0.01146	0.02973	0.14667	0.12792	0.03704	0.09808	0.00601	0.00421	0.00128	0.00369	0.06727	0.07956	0.00488
18	0.04276	0.02105	0.19215	0.11529	0.13184	0.02167	0.13636	0.09917	0.01789	0.11181	0.02098	0.02270	0.00721	0.00431	0.00422	0.00127	0.02594	0.01517	0.00256	0.00564
19	0.06697	0.03960	0.06909	0.38626	0.08854	0.03238	0.02842	0.05879	0.02440	0.01213	0.02200	0.03506	0.06630	0.00492	0.00439	0.01430	0.03553	0.00397	0.00223	0.00473
20	0.00564	0.00418	0.00540	0.00599	0.00686	0.00396	0.00484	0.00704	0.00892	0.01151	0.08805	0.19131	0.20907	0.02707	0.00544	0.00167	0.00290	0.40297	0.00369	0.00349
21	0.00836	0.00841	0.06005	0.24052	0.09700	0.06340	0.09376	0.02616	0.03822	0.03939	0.03578	0.16401	0.02178	0.02730	0.00469	0.00141	0.00455	0.04547	0.00261	0.01715

[dist]
# distance from previous block
# <min> <max>
2	17

[block]
# block no. 9 follows, 68 sequences, length 8
# corresponding to MSA columns:
# 433-440
name=unknown_J
#
# <colnr> <probs for GDERKNQSTAVLIFYWHMCP>
#	G	D	E	R	K	N	Q	S	T	A	V	L	I	F	Y	W	H	M	C	P
0	0.47036	0.04633	0.09378	0.05033	0.04829	0.06853	0.00694	0.06505	0.00822	0.01546	0.00617	0.00746	0.00487	0.00400	0.00370	0.00122	0.06648	0.00258	0.00230	0.02792
1	0.00632	0.00355	0.00498	0.00518	0.00526	0.00351	0.00344	0.00545	0.00585	0.00779	0.01102	0.16636	0.01217	0.14723	0.01397	0.55209	0.00331	0.03807	0.00226	0.00218
2	0.00926	0.09515	0.04628	0.11637	0.20532	0.09227	0.07739	0.03669	0.02388	0.02811	0.05530	0.03313	0.08189	0.04590	0.00497	0.00134	0.02549	0.01387	0.00242	0.00496
3	0.03965	0.00657	0.00795	0.00656	0.00880	0.00640	0.00528	0.14996	0.04834	0.32822	0.22671	0.01893	0.06049	0.00609	0.00414	0.00124	0.00300	0.02394	0.04225	0.00549
4	0.00867	0.07639	0.40938	0.03424	0.10693	0.04249	0.09842	0.01233	0.04177	0.01253	0.07787	0.01073	0.00834	0.00425	0.00425	0.00124	0.03903	0.00357	0.00209	0.00548
5	0.00657	0.00638	0.06337	0.05403	0.05929	0.00566	0.00574	0.02349	0.13580	0.01272	0.13028	0.17789	0.25488	0.00828	0.00452	0.00138	0.00293	0.03901	0.00348	0.00431
6	0.00704	0.00484	0.00586	0.00538	0.00670	0.00459	0.00410	0.04778	0.06212	0.07773	0.48572	0.07188	0.18466	0.00813	0.00457	0.00129	0.00223	0.00703	0.00420	0.00417
7	0.29288	0.00727	0.07386	0.00664	0.03265	0.02979	0.00541	0.02399	0.02681	0.01376	0.04974	0.21906	0.12085	0.00747	0.00396	0.00138	0.00316	0.07412	0.00306	0.00412

[dist]
# distance from previous block
# <min> <max>
0	2

[block]
# block no. 10 follows, 68 sequences, length 16
# corresponding to MSA columns:
# 443-452,457-462
name=unknown_K
#
# <colnr> <probs for GDERKNQSTAVLIFYWHMCP>
#	G	D	E	R	K	N	Q	S	T	A	V	L	I	F	Y	W	H	M	C	P
0	0.34923	0.01060	0.10826	0.02115	0.09192	0.06119	0.07381	0.08432	0.04431	0.03715	0.00735	0.00878	0.00573	0.02069	0.00429	0.00131	0.05929	0.00306	0.00246	0.00511
1	0.00818	0.00779	0.01237	0.57289	0.20557	0.03398	0.01070	0.01081	0.02321	0.01111	0.03554	0.01202	0.00722	0.00424	0.00401	0.00129	0.00501	0.02724	0.00200	0.00482
2	0.00883	0.00851	0.01468	0.24580	0.39886	0.00899	0.11594	0.01194	0.06752	0.01236	0.02608	0.04636	0.00788	0.00423	0.00410	0.00127	0.00485	0.00415	0.00218	0.00547
3	0.10911	0.00740	0.04248	0.00703	0.01015	0.00629	0.00602	0.01824	0.01074	0.71878	0.01423	0.01254	0.00904	0.00473	0.00382	0.00123	0.00344	0.00375	0.00452	0.00645
4	0.88866	0.00767	0.00583	0.00521	0.00767	0.00889	0.00429	0.01166	0.00675	0.01779	0.00552	0.00644	0.00429	0.00368	0.00245	0.00123	0.00307	0.00215	0.00245	0.00429
5	0.06945	0.00478	0.00704	0.24265	0.01154	0.00534	0.00559	0.00705	0.00619	0.00871	0.00803	0.01242	0.03239	0.03240	0.01112	0.52320	0.00390	0.00359	0.00186	0.00273
6	0.00795	0.02051	0.84011	0.01130	0.01716	0.00921	0.01465	0.01256	0.00837	0.01256	0.00712	0.00837	0.00502	0.00377	0.00377	0.00126	0.00586	0.00293	0.00167	0.00586
7	0.03110	0.02335	0.02727	0.07716	0.31676	0.00801	0.00845	0.01028	0.03603	0.01283	0.19378	0.06065	0.03068	0.00640	0.02719	0.00144	0.11621	0.00483	0.00266	0.00494
8	0.00516	0.00398	0.00598	0.00634	0.00685	0.00372	0.06379	0.00605	0.00772	0.01031	0.02084	0.79578	0.02474	0.01175	0.00503	0.00159	0.00262	0.01079	0.00356	0.00338
9	0.03210	0.00840	0.02424	0.00911	0.01125	0.00886	0.15702	0.26580	0.04873	0.01614	0.08319	0.04950	0.01135	0.11320	0.02883	0.00175	0.08001	0.00470	0.04079	0.00500
10	0.00514	0.00403	0.00464	0.00449	0.00563	0.00354	0.00337	0.00657	0.01011	0.01325	0.42836	0.03398	0.44454	0.00909	0.00468	0.00129	0.00194	0.00778	0.00402	0.00354
11	0.00537	0.00388	0.00514	0.00537	0.00604	0.00378	0.00392	0.00638	0.00827	0.01118	0.21095	0.27561	0.14772	0.01468	0.17917	0.06989	0.00400	0.03198	0.00337	0.00333
12	0.00805	0.00751	0.01249	0.70831	0.14106	0.00900	0.01107	0.03554	0.00841	0.01099	0.00718	0.01043	0.00547	0.00393	0.00396	0.00130	0.00518	0.00353	0.00186	0.00474
13	0.00584	0.00404	0.00441	0.00431	0.00508	0.00370	0.00288	0.00649	0.00774	0.04286	0.06338	0.03039	0.36414	0.39117	0.01154	0.00244	0.00287	0.00679	0.03684	0.00309
14	0.00843	0.00643	0.05141	0.00694	0.00842	0.00612	0.03681	0.09509	0.10867	0.05136	0.02299	0.01581	0.05499	0.02791	0.13778	0.28325	0.00472	0.03600	0.03293	0.00396
15	0.00780	0.00744	0.01189	0.64615	0.10217	0.02624	0.01047	0.01014	0.00795	0.01035	0.00777	0.05788	0.00655	0.00461	0.00467	0.00135	0.06623	0.00394	0.00189	0.00452

[dist]
# distance from previous block
# <min> <max>
0	11

# created by:
# /home/cegg/simao/soft/augustus-3.2.1/scripts/msa2prfl.pl ./align_prep/EOG092C52LO.fa
