[name]
unknown

[dist]
# distance from previous block
# <min> <max>
5	65

[block]
# block no. 0 follows, 64 sequences, length 13
# corresponding to MSA columns:
# 68-70,83-92
name=unknown_A
#
# <colnr> <probs for GDERKNQSTAVLIFYWHMCP>
#	G	D	E	R	K	N	Q	S	T	A	V	L	I	F	Y	W	H	M	C	P
0	0.10777	0.05890	0.09828	0.09758	0.01341	0.03798	0.08588	0.04641	0.07933	0.05171	0.02504	0.06351	0.06483	0.01651	0.00413	0.00126	0.00429	0.00432	0.00281	0.13604
1	0.41207	0.00900	0.00836	0.00720	0.00971	0.04262	0.00579	0.12797	0.18404	0.07082	0.01009	0.03975	0.00790	0.00492	0.00374	0.00132	0.02936	0.00351	0.00332	0.01850
2	0.00657	0.00466	0.00567	0.00553	0.00649	0.00427	0.00379	0.00781	0.03699	0.03909	0.09520	0.33448	0.04739	0.24608	0.00929	0.00212	0.00298	0.00781	0.00340	0.13039
3	0.01066	0.00881	0.03577	0.00826	0.01060	0.00936	0.00668	0.15663	0.47029	0.05046	0.05475	0.09919	0.01456	0.00656	0.00440	0.00142	0.00348	0.03788	0.00413	0.00611
4	0.00906	0.00755	0.00909	0.00661	0.01015	0.00600	0.02150	0.04007	0.00906	0.03289	0.00803	0.02796	0.00676	0.00350	0.00342	0.00072	0.01815	0.00283	0.00260	0.77407
5	0.05233	0.05428	0.08954	0.00945	0.01289	0.04017	0.11182	0.19918	0.06188	0.15110	0.01067	0.03357	0.00815	0.01968	0.00428	0.00125	0.00455	0.01251	0.00330	0.11936
6	0.00859	0.09973	0.75653	0.01140	0.01729	0.01028	0.01457	0.01309	0.00874	0.01284	0.00730	0.00857	0.00527	0.00391	0.00383	0.00128	0.00598	0.00299	0.00176	0.00606
7	0.00590	0.00424	0.00527	0.00545	0.00633	0.00392	0.00398	0.00712	0.00954	0.04375	0.23922	0.33620	0.24671	0.01066	0.00525	0.00150	0.02127	0.03592	0.00405	0.00374
8	0.02705	0.01374	0.28828	0.02885	0.01541	0.05768	0.13396	0.06178	0.05591	0.23454	0.01053	0.01099	0.00730	0.00448	0.00445	0.00132	0.03072	0.00377	0.00304	0.00620
9	0.00596	0.00403	0.00472	0.00486	0.00495	0.00403	0.00291	0.00616	0.00639	0.00854	0.01436	0.11476	0.01654	0.70219	0.05149	0.00381	0.00413	0.03476	0.00269	0.00270
10	0.04091	0.00421	0.00497	0.00536	0.00627	0.00384	0.00384	0.00692	0.00875	0.05072	0.04516	0.46193	0.29553	0.01129	0.00501	0.00155	0.00243	0.03376	0.00388	0.00367
11	0.01262	0.00596	0.00734	0.00610	0.00831	0.00553	0.00486	0.02826	0.06927	0.37437	0.11011	0.01680	0.02902	0.00549	0.00386	0.00118	0.00283	0.00452	0.26297	0.04060
12	0.06850	0.01614	0.53122	0.00998	0.01451	0.00884	0.01168	0.06674	0.04952	0.01451	0.01021	0.07882	0.00862	0.00521	0.00402	0.00135	0.00506	0.04029	0.04912	0.00566

[dist]
# distance from previous block
# <min> <max>
0	21

[block]
# block no. 1 follows, 64 sequences, length 13
# corresponding to MSA columns:
# 114-126
name=unknown_B
#
# <colnr> <probs for GDERKNQSTAVLIFYWHMCP>
#	G	D	E	R	K	N	Q	S	T	A	V	L	I	F	Y	W	H	M	C	P
0	0.01141	0.04087	0.16438	0.03777	0.01397	0.30417	0.07068	0.03963	0.06169	0.02930	0.01028	0.01536	0.00909	0.00556	0.00461	0.00134	0.03774	0.13439	0.00257	0.00519
1	0.05885	0.04872	0.52938	0.04308	0.01662	0.00960	0.09355	0.02864	0.04267	0.01371	0.03468	0.01126	0.04241	0.00441	0.00401	0.00131	0.00552	0.00367	0.00217	0.00575
2	0.00776	0.00694	0.02908	0.00940	0.11124	0.01836	0.01538	0.02692	0.09276	0.01299	0.05464	0.23073	0.05160	0.00888	0.03915	0.00161	0.04346	0.09390	0.00323	0.14197
3	0.03407	0.00447	0.00490	0.00477	0.00606	0.00404	0.00358	0.00728	0.03443	0.01346	0.30422	0.05984	0.48508	0.00955	0.00482	0.00138	0.00214	0.00810	0.00407	0.00377
4	0.01027	0.05426	0.23164	0.06240	0.08289	0.06432	0.06100	0.01601	0.25780	0.04932	0.01055	0.01132	0.00797	0.00469	0.00465	0.00134	0.05705	0.00379	0.00274	0.00600
5	0.00516	0.00420	0.00447	0.00441	0.00565	0.00361	0.00325	0.00631	0.00967	0.01201	0.18251	0.03754	0.63223	0.06350	0.00593	0.00155	0.00220	0.00837	0.00390	0.00352
6	0.00567	0.00492	0.04097	0.00532	0.00647	0.00404	0.00417	0.00716	0.00989	0.01324	0.36117	0.12364	0.25770	0.09408	0.00657	0.00168	0.00252	0.04318	0.00393	0.00369
7	0.00861	0.00738	0.00861	0.00615	0.00984	0.00554	0.00492	0.01046	0.00861	0.01354	0.00738	0.00861	0.00615	0.00308	0.00308	0.00062	0.00308	0.00246	0.00246	0.87941
8	0.00873	0.00812	0.01083	0.44087	0.06977	0.08231	0.00911	0.08298	0.00962	0.01216	0.01130	0.21336	0.01102	0.00635	0.00439	0.00141	0.00483	0.00556	0.00258	0.00468
9	0.00772	0.00688	0.03356	0.04732	0.01167	0.00624	0.22209	0.00964	0.00927	0.06278	0.15191	0.02344	0.18022	0.15191	0.05505	0.00212	0.00460	0.00614	0.00311	0.00433
10	0.01072	0.00883	0.01232	0.28797	0.15068	0.00989	0.02358	0.16865	0.17537	0.05396	0.04810	0.01269	0.00923	0.00477	0.00421	0.00133	0.00456	0.00413	0.00309	0.00590
11	0.04706	0.00509	0.00623	0.00670	0.00767	0.00524	0.00523	0.00958	0.12594	0.01273	0.05171	0.28408	0.04776	0.06272	0.00613	0.00183	0.00317	0.30331	0.00378	0.00403
12	0.04366	0.10155	0.26408	0.11792	0.09591	0.04790	0.03531	0.03045	0.03996	0.06367	0.00818	0.00952	0.00618	0.00396	0.00374	0.00117	0.00505	0.00320	0.00230	0.11628

[dist]
# distance from previous block
# <min> <max>
3	29

[block]
# block no. 2 follows, 64 sequences, length 53
# corresponding to MSA columns:
# 156-208
name=unknown_C
#
# <colnr> <probs for GDERKNQSTAVLIFYWHMCP>
#	G	D	E	R	K	N	Q	S	T	A	V	L	I	F	Y	W	H	M	C	P
0	0.06437	0.00481	0.00561	0.00591	0.00672	0.00486	0.00417	0.03214	0.07685	0.03057	0.02018	0.47757	0.06371	0.12235	0.00701	0.00190	0.00287	0.03977	0.02480	0.00383
1	0.00770	0.15721	0.00897	0.00677	0.04106	0.07059	0.00502	0.00884	0.00917	0.03958	0.06036	0.27459	0.25740	0.00883	0.00444	0.00134	0.00321	0.00749	0.00333	0.02411
2	0.28544	0.12240	0.03766	0.00886	0.03160	0.01170	0.05652	0.32457	0.01252	0.04531	0.00800	0.00869	0.00599	0.00433	0.00367	0.00123	0.01943	0.00313	0.00308	0.00586
3	0.48147	0.00879	0.00782	0.02818	0.02345	0.07618	0.00561	0.03260	0.08779	0.06069	0.00977	0.02583	0.04081	0.03881	0.00458	0.00143	0.05507	0.00340	0.00288	0.00483
4	0.01066	0.05365	0.01039	0.02795	0.08123	0.06299	0.02493	0.04400	0.13349	0.12455	0.03062	0.03067	0.06261	0.05068	0.03290	0.00146	0.00412	0.00423	0.00320	0.20566
5	0.00682	0.00539	0.00642	0.00632	0.00751	0.00568	0.00473	0.02547	0.20430	0.01319	0.12781	0.20971	0.16034	0.01359	0.16596	0.01719	0.00425	0.00729	0.00370	0.00435
6	0.29050	0.01076	0.04947	0.05764	0.01142	0.17343	0.00636	0.01271	0.00885	0.04103	0.00698	0.00813	0.00552	0.00374	0.00319	0.00102	0.00432	0.00260	0.00245	0.29990
7	0.01093	0.01050	0.03101	0.02456	0.03112	0.16553	0.07522	0.04694	0.04855	0.07089	0.00990	0.03955	0.02785	0.00428	0.00373	0.00098	0.00448	0.00354	0.00276	0.38769
8	0.00571	0.00401	0.00522	0.00594	0.00630	0.00389	0.00423	0.00655	0.00788	0.01043	0.02023	0.44575	0.02351	0.22144	0.00934	0.00232	0.00316	0.20730	0.00352	0.00327
9	0.00828	0.00912	0.07509	0.29940	0.05960	0.08510	0.05413	0.01080	0.02584	0.01237	0.16886	0.04782	0.05270	0.01770	0.00508	0.00140	0.04534	0.01403	0.00267	0.00467
10	0.02921	0.00732	0.00881	0.00644	0.00999	0.00575	0.00520	0.01287	0.00938	0.21208	0.00954	0.00992	0.00712	0.00359	0.00333	0.00079	0.00319	0.00287	0.00311	0.64949
11	0.00776	0.00635	0.00772	0.00644	0.00912	0.00512	0.00522	0.00950	0.00880	0.01296	0.01304	0.09231	0.03082	0.00614	0.00395	0.00104	0.00318	0.19561	0.00294	0.57199
12	0.00996	0.00948	0.01475	0.22507	0.11298	0.06218	0.18994	0.07482	0.01791	0.04102	0.01921	0.04956	0.01747	0.02140	0.02199	0.00155	0.09859	0.00446	0.00243	0.00523
13	0.01008	0.00869	0.01285	0.34885	0.21291	0.00959	0.02046	0.15468	0.05473	0.03009	0.01048	0.01241	0.04991	0.00457	0.00415	0.00129	0.00480	0.00400	0.00263	0.04283
14	0.01303	0.00909	0.06155	0.00789	0.01067	0.03694	0.00670	0.15026	0.20878	0.26422	0.03060	0.01657	0.08007	0.00578	0.00419	0.00131	0.00371	0.02400	0.05847	0.00618
15	0.00987	0.05708	0.22690	0.16197	0.10474	0.07674	0.06452	0.05284	0.12944	0.01361	0.01829	0.02254	0.00744	0.00439	0.00404	0.00128	0.00529	0.00372	0.00242	0.03289
16	0.00547	0.00409	0.00508	0.00512	0.00603	0.00370	0.00373	0.00693	0.01035	0.01401	0.46029	0.22460	0.21534	0.01001	0.00500	0.00142	0.00210	0.00880	0.00424	0.00370
17	0.00951	0.00759	0.00882	0.00651	0.01001	0.00619	0.00521	0.04242	0.07238	0.05793	0.02275	0.00988	0.00748	0.00355	0.00330	0.00075	0.00315	0.00286	0.00284	0.71686
18	0.00527	0.00386	0.00490	0.00566	0.00606	0.00364	0.00381	0.00634	0.03417	0.01074	0.02396	0.70577	0.10029	0.05695	0.00607	0.00178	0.00250	0.01099	0.00380	0.00344
19	0.00722	0.00361	0.00541	0.00541	0.00541	0.00361	0.00361	0.00541	0.00541	0.00722	0.00722	0.01263	0.00722	0.01443	0.01623	0.87915	0.00361	0.00361	0.00180	0.00180
20	0.00535	0.00391	0.00504	0.00576	0.00630	0.00364	0.00412	0.00635	0.00861	0.01132	0.08413	0.55288	0.13510	0.03129	0.00564	0.00170	0.00257	0.11893	0.00387	0.00347
21	0.03477	0.00733	0.00972	0.00747	0.01068	0.00652	0.00617	0.06202	0.01220	0.77320	0.01585	0.01378	0.01000	0.00511	0.00415	0.00128	0.00358	0.00412	0.00504	0.00702
22	0.00553	0.00423	0.00549	0.00583	0.00656	0.00398	0.02126	0.00710	0.04879	0.01204	0.15100	0.53643	0.15352	0.01135	0.00512	0.00156	0.00243	0.01016	0.00395	0.00369
23	0.00783	0.02190	0.07113	0.00712	0.00847	0.08884	0.00569	0.05103	0.02976	0.04029	0.03535	0.44888	0.08248	0.04009	0.00574	0.00160	0.03783	0.00832	0.00344	0.00421
24	0.00517	0.00367	0.00486	0.00578	0.00603	0.00345	0.00388	0.00589	0.00790	0.01053	0.02235	0.78188	0.02670	0.05737	0.00615	0.00182	0.00254	0.03690	0.00378	0.00334
25	0.01021	0.00980	0.01668	0.04048	0.79369	0.00993	0.01264	0.01264	0.00936	0.01343	0.00775	0.01027	0.00653	0.00379	0.00434	0.00125	0.02497	0.00370	0.00205	0.00649
26	0.00925	0.00894	0.01544	0.25137	0.28965	0.02162	0.17103	0.05055	0.00959	0.01293	0.00970	0.09160	0.00868	0.00495	0.00443	0.00137	0.00527	0.02585	0.00233	0.00545
27	0.01008	0.01105	0.02182	0.03332	0.24038	0.03695	0.55647	0.01321	0.00975	0.01323	0.00816	0.01083	0.00633	0.00359	0.00464	0.00134	0.00643	0.00448	0.00209	0.00583
28	0.07431	0.09094	0.01350	0.32644	0.16327	0.11447	0.03746	0.03845	0.00928	0.03600	0.00775	0.01065	0.00632	0.04892	0.00476	0.00140	0.00528	0.00350	0.00218	0.00513
29	0.00916	0.00870	0.01476	0.35891	0.48145	0.00945	0.01203	0.01170	0.00895	0.01229	0.00801	0.03160	0.00668	0.00412	0.00416	0.00131	0.00512	0.00390	0.00202	0.00570
30	0.05722	0.00507	0.00578	0.00505	0.00679	0.00483	0.00398	0.01295	0.00967	0.26188	0.03597	0.01504	0.01098	0.00498	0.00332	0.00109	0.00249	0.00398	0.54406	0.00487
31	0.01320	0.01422	0.01275	0.15098	0.05865	0.38162	0.03686	0.17182	0.03136	0.01384	0.00760	0.00917	0.00600	0.00460	0.00472	0.00124	0.07020	0.00331	0.00251	0.00537
32	0.00498	0.00419	0.00427	0.00428	0.00560	0.00353	0.00317	0.00601	0.00937	0.01123	0.05959	0.05862	0.76016	0.03984	0.00548	0.00150	0.00217	0.00871	0.00383	0.00348
33	0.00589	0.00441	0.00539	0.00520	0.00627	0.00406	0.00387	0.03356	0.01107	0.01506	0.53179	0.12427	0.21507	0.00934	0.00492	0.00137	0.00213	0.00815	0.00432	0.00387
34	0.01150	0.00683	0.00835	0.00627	0.00946	0.00548	0.00505	0.01327	0.00974	0.26827	0.03138	0.01223	0.02867	0.00418	0.00349	0.00089	0.00307	0.00339	0.07774	0.49072
35	0.00861	0.00738	0.00861	0.00615	0.00984	0.00554	0.00492	0.01046	0.00861	0.01354	0.00738	0.00861	0.00615	0.00308	0.00308	0.00062	0.00308	0.00246	0.00246	0.87941
36	0.03061	0.22199	0.12955	0.02098	0.06803	0.01050	0.04455	0.09846	0.02852	0.07388	0.00833	0.01860	0.00659	0.00400	0.00365	0.00105	0.01640	0.00313	0.00257	0.20862
37	0.00722	0.00361	0.00541	0.00541	0.00541	0.00361	0.00361	0.00541	0.00541	0.00722	0.00722	0.01263	0.00722	0.01443	0.01623	0.87915	0.00361	0.00361	0.00180	0.00180
38	0.00529	0.00377	0.00504	0.00595	0.00628	0.00356	0.00414	0.00616	0.00817	0.01087	0.03977	0.72060	0.02699	0.03495	0.00576	0.00177	0.00260	0.10107	0.00383	0.00341
39	0.01117	0.01133	0.05934	0.02806	0.01169	0.16543	0.00765	0.11565	0.26847	0.03337	0.01235	0.10909	0.01065	0.00653	0.01501	0.00146	0.11918	0.00474	0.00325	0.00556
40	0.00753	0.00605	0.03548	0.01360	0.00828	0.00501	0.01867	0.02566	0.04059	0.07028	0.23214	0.14311	0.18659	0.00778	0.00446	0.00125	0.00275	0.00673	0.00375	0.18030
41	0.05482	0.16321	0.15350	0.02363	0.09413	0.05143	0.04665	0.12227	0.02210	0.13096	0.00954	0.01019	0.02360	0.00429	0.00383	0.00117	0.01310	0.00337	0.00280	0.06539
42	0.04467	0.01086	0.11305	0.04492	0.06353	0.06592	0.05677	0.23075	0.03107	0.04852	0.00965	0.01203	0.00775	0.05885	0.12286	0.01148	0.02097	0.00385	0.02663	0.01586
43	0.00508	0.00364	0.00479	0.00570	0.00597	0.00339	0.00380	0.00580	0.00796	0.01056	0.02330	0.80412	0.05410	0.03318	0.00567	0.00173	0.00244	0.01157	0.00382	0.00336
44	0.01069	0.14287	0.18732	0.08322	0.15366	0.01102	0.13443	0.09202	0.07682	0.05542	0.00887	0.01021	0.00672	0.00409	0.00400	0.00125	0.00524	0.00363	0.00248	0.00605
45	0.02541	0.05919	0.21344	0.15772	0.09097	0.07199	0.07229	0.05084	0.05895	0.08351	0.01018	0.05836	0.01943	0.00479	0.00410	0.00131	0.00521	0.00409	0.00257	0.00565
46	0.00734	0.00616	0.00808	0.14240	0.09033	0.00647	0.00624	0.06336	0.08523	0.01256	0.03097	0.10166	0.27298	0.08079	0.06532	0.00200	0.00404	0.00647	0.00319	0.00443
47	0.00542	0.00424	0.00578	0.02684	0.00716	0.00404	0.03011	0.00649	0.00856	0.01126	0.09191	0.51650	0.18883	0.01243	0.04682	0.00183	0.01455	0.00993	0.00370	0.00358
48	0.01068	0.11353	0.17126	0.05886	0.16140	0.05410	0.13939	0.03548	0.04416	0.08080	0.01853	0.01102	0.02664	0.00441	0.00458	0.00128	0.05183	0.00379	0.00243	0.00583
49	0.00861	0.07102	0.15034	0.05431	0.02111	0.02290	0.02487	0.05260	0.01945	0.05371	0.02027	0.07606	0.02011	0.14244	0.14453	0.02038	0.07814	0.01199	0.00255	0.00460
50	0.00840	0.04260	0.81200	0.01172	0.01779	0.00982	0.01514	0.01314	0.00876	0.01307	0.00741	0.00872	0.00526	0.00394	0.00391	0.00130	0.00610	0.00305	0.00175	0.00612
51	0.00875	0.00834	0.04967	0.04028	0.09029	0.00854	0.04524	0.02977	0.35651	0.01444	0.02689	0.17994	0.04927	0.00710	0.00500	0.00147	0.04743	0.02209	0.00349	0.00549
52	0.01121	0.07785	0.15099	0.04907	0.20274	0.01038	0.03985	0.13114	0.12786	0.08119	0.01042	0.01149	0.01808	0.00456	0.00427	0.00127	0.02608	0.01137	0.00289	0.02730

[dist]
# distance from previous block
# <min> <max>
2	100

[block]
# block no. 3 follows, 64 sequences, length 26
# corresponding to MSA columns:
# 319-344
name=unknown_D
#
# <colnr> <probs for GDERKNQSTAVLIFYWHMCP>
#	G	D	E	R	K	N	Q	S	T	A	V	L	I	F	Y	W	H	M	C	P
0	0.08570	0.00820	0.06156	0.23552	0.03319	0.00770	0.04207	0.04136	0.03229	0.11893	0.03125	0.01300	0.00849	0.09794	0.01987	0.00160	0.00449	0.00384	0.00275	0.15028
1	0.00864	0.00581	0.02035	0.00563	0.00683	0.02070	0.00399	0.06789	0.00838	0.09420	0.01272	0.04834	0.01263	0.45742	0.03431	0.00279	0.00395	0.00515	0.08828	0.09199
2	0.10723	0.12307	0.05505	0.00840	0.01159	0.04554	0.02500	0.38029	0.01377	0.06085	0.00985	0.02573	0.02110	0.00472	0.00370	0.00117	0.00432	0.00353	0.05044	0.04465
3	0.01166	0.13037	0.08916	0.02221	0.06841	0.07946	0.02538	0.07398	0.01023	0.16547	0.02002	0.01387	0.00903	0.02535	0.04976	0.01797	0.02604	0.06443	0.02445	0.07275
4	0.00532	0.00382	0.00509	0.00592	0.00634	0.00359	0.00418	0.00629	0.00850	0.01133	0.08860	0.66562	0.05080	0.01239	0.00531	0.00167	0.00253	0.10531	0.00391	0.00348
5	0.00873	0.04666	0.00922	0.00620	0.00988	0.00604	0.00502	0.01055	0.00861	0.01336	0.00731	0.00852	0.00611	0.00310	0.00306	0.00063	0.00314	0.00245	0.00243	0.83898
6	0.00642	0.00425	0.00597	0.05736	0.00723	0.00460	0.00428	0.00660	0.00625	0.00855	0.01067	0.03430	0.01104	0.28557	0.28638	0.24434	0.00630	0.00482	0.00221	0.00286
7	0.01015	0.05783	0.01280	0.21806	0.01557	0.17730	0.00926	0.01160	0.00809	0.01028	0.00630	0.00925	0.00555	0.00564	0.00847	0.00149	0.40570	0.00338	0.01862	0.00465
8	0.00695	0.00375	0.00546	0.00546	0.00554	0.00383	0.00367	0.00570	0.00562	0.00758	0.00828	0.01458	0.00840	0.10492	0.10946	0.68831	0.00450	0.00396	0.00193	0.00209
9	0.00670	0.00435	0.00598	0.00619	0.00696	0.00406	0.02572	0.00776	0.00872	0.08548	0.09624	0.50652	0.05506	0.07719	0.01952	0.00188	0.00295	0.07106	0.00386	0.00380
10	0.00789	0.03859	0.64827	0.01038	0.01544	0.00867	0.01285	0.01203	0.00930	0.01363	0.15013	0.01337	0.03195	0.00489	0.00410	0.00131	0.00527	0.00396	0.00230	0.00567
11	0.00582	0.00451	0.00533	0.00555	0.00653	0.00429	0.00408	0.00796	0.08403	0.01265	0.18272	0.27929	0.27215	0.03689	0.00553	0.00159	0.00247	0.07080	0.00398	0.00382
12	0.11616	0.00817	0.00974	0.00758	0.01069	0.00801	0.00625	0.20698	0.01306	0.52466	0.01358	0.01235	0.00887	0.00495	0.00395	0.00127	0.00370	0.00385	0.02950	0.00668
13	0.00985	0.01391	0.25655	0.04459	0.22475	0.04587	0.20437	0.03954	0.04802	0.01353	0.00815	0.01014	0.00628	0.00410	0.00477	0.00134	0.05233	0.00380	0.00213	0.00598
14	0.00727	0.00467	0.00576	0.00570	0.00701	0.00424	0.00442	0.00888	0.02794	0.11704	0.18574	0.17312	0.29152	0.00990	0.00499	0.00150	0.00260	0.12940	0.00416	0.00414
15	0.00509	0.00368	0.00481	0.00566	0.00601	0.00341	0.00381	0.00589	0.00823	0.01092	0.06128	0.76078	0.07980	0.01264	0.00526	0.00165	0.00237	0.01141	0.00389	0.00341
16	0.00533	0.00379	0.00478	0.00538	0.00569	0.00357	0.00353	0.00601	0.00791	0.01054	0.08325	0.56072	0.07083	0.19820	0.00875	0.00216	0.00272	0.01003	0.00362	0.00323
17	0.03070	0.21998	0.20292	0.01082	0.08588	0.06895	0.04043	0.09472	0.06497	0.12881	0.00915	0.00968	0.00681	0.00422	0.00371	0.00118	0.00497	0.00328	0.00273	0.00608
18	0.09496	0.00730	0.00978	0.10224	0.12403	0.00804	0.00726	0.01276	0.10809	0.12296	0.16513	0.03243	0.05107	0.02034	0.00572	0.00144	0.11306	0.00487	0.00332	0.00519
19	0.08361	0.00680	0.00874	0.00686	0.00978	0.00611	0.00563	0.01848	0.01118	0.68041	0.01527	0.01372	0.00988	0.00501	0.00392	0.00125	0.00334	0.00400	0.09950	0.00653
20	0.07343	0.00905	0.01018	0.00805	0.02298	0.00916	0.01741	0.37694	0.01380	0.10263	0.01017	0.02477	0.00765	0.00491	0.01500	0.00116	0.00390	0.00355	0.07043	0.21483
21	0.01048	0.74374	0.06662	0.00728	0.01072	0.01505	0.00733	0.01197	0.00842	0.01003	0.00718	0.07140	0.00702	0.00430	0.00294	0.00097	0.00438	0.00300	0.00193	0.00523
22	0.07776	0.76193	0.02025	0.00711	0.01047	0.01576	0.00698	0.01233	0.00826	0.01046	0.00576	0.00675	0.00527	0.00371	0.00304	0.00095	0.03383	0.00227	0.00184	0.00524
23	0.07259	0.00428	0.00487	0.00519	0.00589	0.00412	0.00359	0.00668	0.00817	0.01138	0.09345	0.32435	0.18814	0.20264	0.00860	0.00211	0.00280	0.04430	0.00351	0.00336
24	0.03620	0.04892	0.16324	0.03046	0.01295	0.03262	0.06303	0.08249	0.06977	0.06703	0.04379	0.01201	0.02625	0.00494	0.00517	0.00124	0.11517	0.01696	0.00276	0.16496
25	0.03064	0.35436	0.16296	0.00943	0.01328	0.09551	0.07159	0.11864	0.01067	0.08541	0.00783	0.00857	0.00604	0.00403	0.00350	0.00111	0.00516	0.00300	0.00246	0.00581

[dist]
# distance from previous block
# <min> <max>
0	15

[block]
# block no. 4 follows, 64 sequences, length 23
# corresponding to MSA columns:
# 360-382
name=unknown_E
#
# <colnr> <probs for GDERKNQSTAVLIFYWHMCP>
#	G	D	E	R	K	N	Q	S	T	A	V	L	I	F	Y	W	H	M	C	P
0	0.07682	0.27021	0.08827	0.00883	0.01181	0.04697	0.03116	0.10649	0.02274	0.11709	0.00803	0.00897	0.00628	0.00467	0.00518	0.00123	0.14987	0.00311	0.00263	0.02965
1	0.00871	0.08425	0.26845	0.05805	0.08495	0.02134	0.15536	0.01168	0.00924	0.03352	0.08072	0.10133	0.02746	0.00550	0.00447	0.00134	0.01890	0.01690	0.00248	0.00533
2	0.00535	0.00404	0.00495	0.00512	0.00598	0.00363	0.00369	0.00667	0.00993	0.01325	0.35638	0.29030	0.25462	0.01047	0.00503	0.00145	0.00214	0.00921	0.00415	0.00363
3	0.04402	0.00732	0.01195	0.75774	0.02657	0.00901	0.01089	0.01094	0.00834	0.04053	0.00774	0.01114	0.00579	0.00488	0.02576	0.00151	0.00552	0.00367	0.00200	0.00467
4	0.07135	0.00957	0.02118	0.17921	0.03764	0.05629	0.03771	0.28423	0.05847	0.07695	0.03218	0.07206	0.02172	0.00549	0.00419	0.00133	0.00454	0.01680	0.00336	0.00571
5	0.00601	0.00478	0.00681	0.06987	0.08516	0.00483	0.00546	0.00717	0.00835	0.01123	0.04505	0.55838	0.08095	0.01076	0.00533	0.00159	0.03334	0.03132	0.01976	0.00386
6	0.00516	0.00390	0.00477	0.00528	0.00598	0.00352	0.00372	0.00616	0.00892	0.01160	0.12994	0.48562	0.26848	0.01166	0.00514	0.00156	0.00229	0.02885	0.00395	0.00349
7	0.00870	0.00859	0.01573	0.42490	0.19540	0.00933	0.19532	0.01149	0.00894	0.01194	0.00870	0.03184	0.00724	0.00443	0.00441	0.00139	0.00560	0.03880	0.00208	0.00520
8	0.08261	0.70610	0.03273	0.00721	0.01068	0.02903	0.00704	0.04166	0.00888	0.03372	0.00626	0.00704	0.00546	0.00369	0.00279	0.00095	0.00440	0.00235	0.00203	0.00538
9	0.00508	0.00379	0.00473	0.00539	0.00594	0.00344	0.00370	0.00595	0.00853	0.01112	0.07685	0.61574	0.21030	0.01217	0.00519	0.00160	0.00231	0.01085	0.00390	0.00344
10	0.00818	0.00746	0.01274	0.70397	0.02603	0.00896	0.06184	0.01088	0.00868	0.03456	0.05666	0.01233	0.00773	0.00445	0.00440	0.00138	0.01892	0.00401	0.00212	0.00470
11	0.00840	0.02104	0.79736	0.01209	0.01814	0.00968	0.05004	0.01316	0.00881	0.01316	0.00750	0.00888	0.00531	0.00393	0.00399	0.00132	0.00618	0.00315	0.00177	0.00612
12	0.00914	0.00520	0.00657	0.00586	0.00751	0.00476	0.00454	0.01138	0.05896	0.21839	0.39607	0.07045	0.15475	0.00810	0.00472	0.00135	0.00251	0.02046	0.00453	0.00477
13	0.00784	0.00738	0.01246	0.84404	0.02861	0.00923	0.01154	0.01061	0.00831	0.01061	0.00738	0.01107	0.00554	0.00415	0.00415	0.00138	0.00554	0.00369	0.00185	0.00461
14	0.05568	0.00867	0.03869	0.01178	0.01470	0.00798	0.36469	0.02999	0.02883	0.12375	0.01368	0.14254	0.01260	0.00641	0.00480	0.00149	0.00502	0.12034	0.00313	0.00522
15	0.11764	0.00754	0.00922	0.00748	0.01018	0.00746	0.02906	0.10472	0.10346	0.40297	0.07416	0.06424	0.03180	0.00582	0.00415	0.00133	0.00347	0.00478	0.00439	0.00613
16	0.01028	0.00987	0.01686	0.02550	0.82811	0.00987	0.01275	0.01275	0.00946	0.01357	0.00781	0.01028	0.00658	0.00370	0.00411	0.00123	0.00493	0.00370	0.00206	0.00658
17	0.00850	0.00605	0.00725	0.00685	0.00839	0.00613	0.00552	0.16303	0.04789	0.04614	0.20731	0.10644	0.11980	0.00899	0.00494	0.00151	0.00314	0.22202	0.01548	0.00463
18	0.02311	0.00723	0.01152	0.68771	0.04025	0.02230	0.01044	0.01046	0.00842	0.02701	0.00929	0.09444	0.00808	0.00515	0.00426	0.00141	0.00514	0.01705	0.00216	0.00457
19	0.04746	0.04956	0.10930	0.05945	0.22680	0.04206	0.07377	0.09045	0.03962	0.14336	0.01060	0.01198	0.03114	0.00460	0.00435	0.00129	0.02889	0.01639	0.00286	0.00606
20	0.57304	0.00841	0.02470	0.02056	0.02700	0.00918	0.01673	0.13537	0.00917	0.01821	0.00848	0.06145	0.01735	0.05004	0.00413	0.00145	0.00359	0.00347	0.00286	0.00480
21	0.00675	0.00487	0.00605	0.00621	0.00715	0.00485	0.00454	0.04024	0.10372	0.03687	0.20224	0.43139	0.05649	0.01074	0.01865	0.00162	0.00273	0.04667	0.00408	0.00415
22	0.05273	0.05914	0.11238	0.04321	0.16762	0.02238	0.11715	0.09956	0.06185	0.11089	0.04479	0.03545	0.04458	0.00490	0.00416	0.00129	0.00469	0.00433	0.00298	0.00590

[dist]
# distance from previous block
# <min> <max>
4	25

[block]
# block no. 5 follows, 64 sequences, length 36
# corresponding to MSA columns:
# 412-435,440-451
name=unknown_F
#
# <colnr> <probs for GDERKNQSTAVLIFYWHMCP>
#	G	D	E	R	K	N	Q	S	T	A	V	L	I	F	Y	W	H	M	C	P
0	0.21417	0.06500	0.03402	0.02868	0.02869	0.06631	0.00678	0.26798	0.06858	0.05796	0.04214	0.01199	0.05689	0.00497	0.00371	0.00123	0.00410	0.00370	0.00333	0.02977
1	0.12851	0.02801	0.09040	0.00824	0.00981	0.04790	0.02372	0.00999	0.00820	0.01268	0.14503	0.03535	0.03005	0.01038	0.12976	0.02116	0.22574	0.02810	0.00261	0.00439
2	0.00644	0.00505	0.00599	0.03723	0.00777	0.03559	0.00473	0.00838	0.07709	0.02686	0.07756	0.51509	0.08050	0.02255	0.00529	0.00163	0.00289	0.07169	0.00380	0.00388
3	0.08687	0.01103	0.06182	0.02455	0.07088	0.02788	0.24912	0.21948	0.06294	0.07748	0.00943	0.01057	0.00694	0.00433	0.00447	0.00131	0.03011	0.00394	0.00300	0.03385
4	0.00587	0.00431	0.00561	0.00626	0.00692	0.00420	0.00466	0.00772	0.05933	0.01229	0.13443	0.48626	0.04514	0.01152	0.00527	0.00166	0.00271	0.18812	0.00397	0.00375
5	0.04276	0.20009	0.08269	0.14490	0.01450	0.13469	0.01925	0.01429	0.15666	0.01257	0.00857	0.00964	0.00680	0.00411	0.00355	0.00111	0.00480	0.00312	0.00242	0.13347
6	0.34907	0.01460	0.00964	0.03343	0.01146	0.46374	0.00677	0.04425	0.01015	0.01403	0.00634	0.00740	0.00509	0.00414	0.00332	0.00117	0.00568	0.00258	0.00237	0.00477
7	0.00538	0.00390	0.00505	0.00552	0.00609	0.00361	0.00388	0.00653	0.00925	0.01253	0.27407	0.49461	0.08856	0.03049	0.00552	0.00161	0.00233	0.03348	0.00405	0.00355
8	0.41319	0.00866	0.00813	0.00679	0.00939	0.00971	0.00554	0.27004	0.06001	0.04108	0.00910	0.00967	0.00678	0.00449	0.00326	0.00124	0.00349	0.00314	0.12086	0.00543
9	0.06290	0.00719	0.00918	0.00751	0.01003	0.00686	0.03731	0.14724	0.01169	0.35638	0.03504	0.20130	0.02344	0.00677	0.00432	0.00134	0.00349	0.00577	0.00423	0.05802
10	0.00662	0.00452	0.00614	0.00689	0.00766	0.00444	0.00550	0.01864	0.02226	0.03573	0.02138	0.34786	0.02383	0.01180	0.00587	0.03426	0.00327	0.42573	0.00381	0.00376
11	0.00833	0.02149	0.83250	0.01184	0.01798	0.00965	0.01535	0.01315	0.00877	0.01315	0.00745	0.00877	0.00526	0.00395	0.00395	0.00132	0.00614	0.00307	0.00175	0.00614
12	0.00512	0.00406	0.00461	0.00480	0.00582	0.00355	0.00347	0.00625	0.00949	0.01204	0.17831	0.24668	0.47952	0.01079	0.00501	0.00146	0.00216	0.00932	0.00399	0.00355
13	0.11139	0.01343	0.00976	0.00856	0.01088	0.42446	0.00661	0.03881	0.04429	0.18291	0.00973	0.01006	0.00721	0.00455	0.00364	0.00115	0.00533	0.00318	0.09876	0.00528
14	0.00837	0.02119	0.80949	0.01200	0.01808	0.00967	0.03807	0.01316	0.00880	0.01316	0.00748	0.00884	0.00529	0.00393	0.00397	0.00132	0.00616	0.00312	0.00176	0.00612
15	0.09228	0.00603	0.00631	0.00615	0.00757	0.04178	0.00470	0.08934	0.01017	0.05274	0.07448	0.26880	0.23030	0.00948	0.00471	0.00148	0.00301	0.08266	0.00379	0.00420
16	0.00793	0.00747	0.01261	0.81526	0.05672	0.00925	0.01158	0.01069	0.00835	0.01072	0.00740	0.01105	0.00557	0.00414	0.00415	0.00138	0.00552	0.00369	0.00185	0.00468
17	0.23172	0.00780	0.00847	0.00649	0.00973	0.00713	0.01486	0.07596	0.00939	0.09012	0.00844	0.03199	0.00677	0.00389	0.00322	0.00094	0.00330	0.00295	0.00290	0.47391
18	0.00600	0.00405	0.00471	0.00470	0.00485	0.00402	0.00280	0.00623	0.00670	0.00901	0.09033	0.04451	0.03408	0.69580	0.04335	0.02320	0.00396	0.00626	0.00274	0.00271
19	0.00635	0.00427	0.00512	0.00502	0.00581	0.00396	0.00349	0.00734	0.00898	0.05441	0.25242	0.10403	0.19295	0.29055	0.01033	0.00228	0.00286	0.03267	0.00368	0.00348
20	0.05784	0.00684	0.00778	0.05514	0.02049	0.03528	0.00556	0.08365	0.12960	0.11006	0.24853	0.10874	0.08561	0.00724	0.00444	0.00135	0.00313	0.00615	0.01754	0.00500
21	0.37386	0.03448	0.09626	0.06575	0.09217	0.02146	0.05919	0.04275	0.01766	0.05517	0.00849	0.06361	0.00711	0.00504	0.01863	0.00139	0.00434	0.00359	0.00260	0.02643
22	0.03648	0.00638	0.00766	0.00648	0.00845	0.00626	0.00512	0.15386	0.03343	0.19133	0.39535	0.03520	0.08242	0.00716	0.00453	0.00131	0.00285	0.00606	0.00449	0.00519
23	0.00778	0.00559	0.00711	0.00744	0.02306	0.03384	0.00602	0.00946	0.00985	0.07232	0.16448	0.03644	0.06077	0.05717	0.00657	0.00181	0.04257	0.43983	0.00380	0.00411
24	0.12741	0.33450	0.11582	0.00889	0.05005	0.12191	0.00794	0.06340	0.00948	0.03695	0.00768	0.03775	0.00669	0.00475	0.00381	0.03362	0.00479	0.01701	0.00230	0.00525
25	0.31336	0.00862	0.05154	0.08199	0.16906	0.03678	0.02089	0.01158	0.03446	0.02492	0.06969	0.06238	0.06867	0.00546	0.00380	0.00133	0.00391	0.02386	0.00277	0.00493
26	0.00573	0.00402	0.00533	0.00605	0.00662	0.00379	0.00443	0.00684	0.00875	0.02665	0.09556	0.53547	0.07092	0.02664	0.00559	0.00172	0.00270	0.17570	0.00391	0.00358
27	0.03495	0.00783	0.01206	0.53389	0.03377	0.00910	0.05767	0.08019	0.05753	0.04309	0.01052	0.01328	0.04927	0.03398	0.00478	0.00146	0.00503	0.00415	0.00247	0.00498
28	0.00996	0.05959	0.06479	0.12748	0.36702	0.01014	0.17457	0.02305	0.05728	0.03138	0.00885	0.01159	0.00712	0.00408	0.00423	0.00130	0.00532	0.02401	0.00227	0.00597
29	0.00511	0.00388	0.00473	0.00534	0.00601	0.00350	0.00375	0.00604	0.00865	0.01112	0.06126	0.52865	0.28050	0.01198	0.00518	0.00159	0.00235	0.04303	0.00388	0.00346
30	0.31241	0.09980	0.04902	0.06241	0.02965	0.03877	0.00719	0.02542	0.03214	0.03734	0.05368	0.00993	0.00759	0.00581	0.03133	0.00153	0.18543	0.00324	0.00246	0.00486
31	0.07924	0.03126	0.04058	0.08988	0.05705	0.02018	0.04669	0.05810	0.04976	0.29571	0.03415	0.03926	0.00951	0.02311	0.00432	0.00128	0.00405	0.00406	0.00353	0.10830
32	0.06478	0.04970	0.09770	0.03353	0.01268	0.02145	0.03552	0.29657	0.05096	0.16047	0.02762	0.03973	0.00866	0.00490	0.00396	0.00122	0.00431	0.00390	0.00356	0.07877
33	0.03750	0.04619	0.07876	0.15884	0.06309	0.00883	0.00826	0.10088	0.09578	0.18558	0.02850	0.01252	0.02009	0.01827	0.03317	0.00148	0.01885	0.00386	0.00322	0.07632
34	0.04799	0.04466	0.40753	0.02872	0.03920	0.06581	0.04969	0.05096	0.02919	0.06230	0.00977	0.04099	0.03226	0.00466	0.00418	0.00128	0.02546	0.00371	0.00240	0.04923
35	0.03807	0.06298	0.14461	0.03098	0.04676	0.01954	0.08237	0.11489	0.05209	0.22489	0.06424	0.03658	0.01034	0.00499	0.00411	0.00127	0.00445	0.01179	0.00342	0.04166

[dist]
# distance from previous block
# <min> <max>
0	71

# created by:
# /home/cegg/simao/soft/augustus-3.2.1/scripts/msa2prfl.pl ./align_prep/EOG092C52QV.fa
