[name]
unknown

[dist]
# distance from previous block
# <min> <max>
1	443

[block]
# block no. 0 follows, 72 sequences, length 74
# corresponding to MSA columns:
# 629,634-642,655-662,672-694,699-702,709-737
name=unknown_A
#
# <colnr> <probs for GDERKNQSTAVLIFYWHMCP>
#	G	D	E	R	K	N	Q	S	T	A	V	L	I	F	Y	W	H	M	C	P
0	0.09930	0.09773	0.13964	0.01978	0.01247	0.03019	0.15421	0.10447	0.09233	0.10111	0.01032	0.03164	0.04299	0.00430	0.00361	0.00115	0.00431	0.00367	0.00270	0.04408
1	0.03289	0.06061	0.18220	0.04006	0.05692	0.10006	0.03782	0.12360	0.05282	0.12619	0.02455	0.04254	0.02322	0.00466	0.00396	0.00117	0.03109	0.02143	0.00274	0.03147
2	0.00951	0.09559	0.02846	0.02169	0.03544	0.00611	0.00521	0.01116	0.03723	0.25593	0.06395	0.11959	0.20789	0.00724	0.02511	0.00133	0.02873	0.00553	0.00345	0.03084
3	0.03881	0.08958	0.06034	0.04914	0.18220	0.11600	0.25515	0.05281	0.00926	0.03275	0.03175	0.00944	0.00647	0.00369	0.00394	0.00114	0.02330	0.00348	0.00211	0.02866
4	0.02835	0.05584	0.27335	0.02246	0.01219	0.02725	0.07774	0.09269	0.03833	0.13605	0.02094	0.05161	0.05897	0.06062	0.02572	0.00148	0.00453	0.00409	0.00270	0.00511
5	0.07790	0.22935	0.19892	0.04580	0.03158	0.04886	0.00797	0.06195	0.00885	0.09565	0.00998	0.06738	0.03019	0.00491	0.00347	0.00115	0.00421	0.06450	0.00246	0.00494
6	0.00553	0.00391	0.00462	0.00485	0.00570	0.00357	0.00351	0.00661	0.02565	0.05164	0.04832	0.30204	0.33525	0.10675	0.00629	0.00167	0.00242	0.07487	0.00346	0.00332
7	0.15792	0.07352	0.07849	0.02533	0.10651	0.03175	0.04490	0.09966	0.02090	0.15634	0.06724	0.02687	0.00895	0.03737	0.00430	0.00125	0.02497	0.00359	0.02505	0.00510
8	0.05134	0.11495	0.21716	0.01240	0.18174	0.04640	0.09947	0.11115	0.00965	0.08948	0.00775	0.01416	0.00588	0.00380	0.00372	0.00114	0.01874	0.00318	0.00230	0.00556
9	0.00472	0.00346	0.00443	0.00501	0.00548	0.00317	0.00344	0.00559	0.00798	0.01060	0.14879	0.62634	0.13515	0.01095	0.00474	0.00145	0.00210	0.00981	0.00362	0.00317
10	0.00540	0.00386	0.00457	0.00475	0.00515	0.00377	0.00313	0.00641	0.04525	0.00961	0.10845	0.23295	0.09060	0.41092	0.01151	0.00248	0.00291	0.04232	0.00304	0.00293
11	0.07069	0.05918	0.16929	0.07705	0.11614	0.06865	0.09186	0.09428	0.10552	0.04875	0.00863	0.03510	0.00679	0.00420	0.00389	0.00119	0.02755	0.00350	0.00242	0.00532
12	0.00964	0.10475	0.13000	0.08559	0.16999	0.12323	0.15599	0.05080	0.06744	0.01196	0.00811	0.03128	0.00671	0.00403	0.00375	0.00116	0.00510	0.02315	0.00212	0.00518
13	0.00488	0.00379	0.00428	0.00445	0.00532	0.00339	0.00323	0.00580	0.00817	0.01027	0.10253	0.15194	0.45581	0.13909	0.00683	0.00171	0.00235	0.07965	0.00339	0.00311
14	0.03543	0.05237	0.24952	0.02428	0.09432	0.14101	0.02487	0.11636	0.05092	0.10153	0.03050	0.02327	0.00712	0.00424	0.00386	0.00115	0.02796	0.00330	0.00253	0.00543
15	0.06820	0.10566	0.15979	0.09898	0.04965	0.01473	0.04261	0.09344	0.16671	0.05474	0.03411	0.02405	0.00784	0.00445	0.00414	0.00120	0.05834	0.00350	0.00260	0.00527
16	0.00632	0.00524	0.00565	0.00540	0.00672	0.02289	0.00410	0.02975	0.19412	0.01305	0.23397	0.10721	0.31522	0.00813	0.00435	0.00129	0.00235	0.02648	0.00374	0.00402
17	0.00832	0.00834	0.03932	0.44057	0.24586	0.00873	0.15188	0.01092	0.00820	0.03102	0.00721	0.00994	0.00553	0.00359	0.00389	0.00123	0.00511	0.00356	0.00185	0.00495
18	0.01857	0.07677	0.22161	0.03606	0.11812	0.04469	0.03595	0.21149	0.05586	0.06315	0.05326	0.03077	0.00818	0.00435	0.00370	0.00115	0.00447	0.00357	0.00269	0.00559
19	0.03189	0.02842	0.00981	0.21481	0.19413	0.03132	0.00748	0.05782	0.00853	0.03206	0.04350	0.09754	0.08803	0.08631	0.00564	0.00148	0.02953	0.02484	0.00249	0.00438
20	0.03489	0.00758	0.00942	0.00724	0.01019	0.00729	0.00598	0.23477	0.01262	0.60906	0.01320	0.01175	0.00849	0.00463	0.00378	0.00116	0.00347	0.00367	0.00440	0.00640
21	0.00989	0.07600	0.02530	0.02219	0.07654	0.03622	0.02651	0.12311	0.18849	0.11047	0.04779	0.07813	0.07120	0.05050	0.00472	0.00135	0.00355	0.03965	0.00329	0.00510
22	0.04677	0.03118	0.30045	0.09100	0.06216	0.04267	0.11013	0.16081	0.02652	0.04268	0.02381	0.00996	0.02681	0.00402	0.00374	0.00119	0.00494	0.00341	0.00235	0.00540
23	0.01128	0.00848	0.00920	0.00780	0.01021	0.00949	0.00620	0.21749	0.53678	0.09793	0.03379	0.01314	0.01070	0.00502	0.00385	0.00124	0.00328	0.00409	0.00393	0.00610
24	0.00817	0.01685	0.58865	0.03345	0.03098	0.03801	0.20631	0.01209	0.00832	0.01190	0.00698	0.00857	0.00506	0.00352	0.00381	0.00121	0.00580	0.00321	0.00170	0.00542
25	0.04827	0.05806	0.03025	0.06850	0.05065	0.05564	0.09827	0.20031	0.02522	0.20843	0.05636	0.02773	0.00896	0.00516	0.02474	0.00129	0.00975	0.01379	0.00318	0.00545
26	0.00971	0.05838	0.00890	0.00717	0.00915	0.08643	0.02188	0.10955	0.26665	0.07706	0.18525	0.03816	0.05183	0.00595	0.00398	0.00121	0.00335	0.04675	0.00359	0.00503
27	0.00480	0.00385	0.00428	0.00417	0.00532	0.00334	0.00313	0.00606	0.00939	0.01202	0.32516	0.03358	0.55367	0.00894	0.00448	0.00125	0.00187	0.00759	0.00376	0.00334
28	0.03648	0.00889	0.04578	0.12812	0.05134	0.03800	0.03636	0.18977	0.27947	0.03894	0.06499	0.04482	0.01038	0.00493	0.00386	0.00123	0.00387	0.00414	0.00320	0.00543
29	0.05527	0.12477	0.18854	0.02534	0.03991	0.15556	0.08092	0.12762	0.04426	0.08369	0.01321	0.02321	0.00635	0.00404	0.00359	0.00112	0.01167	0.00318	0.00245	0.00531
30	0.00532	0.00401	0.00493	0.00541	0.00625	0.00376	0.00422	0.02379	0.00839	0.01066	0.02594	0.26278	0.29694	0.03994	0.00533	0.00159	0.00263	0.28135	0.00348	0.00330
31	0.00913	0.00788	0.00828	0.00748	0.00957	0.00905	0.00581	0.01924	0.78477	0.01552	0.01686	0.01554	0.06316	0.00542	0.00390	0.00129	0.00293	0.00452	0.00384	0.00583
32	0.03359	0.00903	0.08551	0.07016	0.22923	0.00821	0.06630	0.11508	0.01022	0.23354	0.05817	0.01125	0.00842	0.00430	0.00418	0.00119	0.03927	0.00369	0.00296	0.00569
33	0.15319	0.47360	0.11280	0.02970	0.01084	0.04135	0.00718	0.09505	0.00873	0.02873	0.00610	0.00690	0.00499	0.00353	0.00279	0.00097	0.00417	0.00235	0.00203	0.00499
34	0.00450	0.00382	0.00388	0.00391	0.00515	0.00320	0.00292	0.00547	0.00864	0.01032	0.05318	0.06332	0.79952	0.00964	0.00449	0.00129	0.00193	0.00807	0.00353	0.00320
35	0.01046	0.00940	0.01501	0.09110	0.33152	0.03827	0.19265	0.16582	0.01060	0.05710	0.03513	0.01030	0.00706	0.00382	0.00394	0.00117	0.00484	0.00373	0.00245	0.00562
36	0.00868	0.02983	0.05804	0.18751	0.07405	0.04551	0.07373	0.11644	0.02569	0.01229	0.07009	0.02191	0.00848	0.00731	0.08721	0.02833	0.13420	0.00379	0.00228	0.00461
37	0.00462	0.00330	0.00440	0.00528	0.00550	0.00308	0.00352	0.00528	0.00726	0.00968	0.02090	0.86424	0.02508	0.01188	0.00484	0.00154	0.00220	0.01078	0.00352	0.00308
38	0.01014	0.86900	0.01987	0.00649	0.00973	0.01501	0.00649	0.01136	0.00771	0.00892	0.00527	0.00608	0.00487	0.00324	0.00243	0.00081	0.00406	0.00203	0.00162	0.00487
39	0.08218	0.05011	0.00929	0.00776	0.00945	0.23764	0.06793	0.05927	0.04943	0.02448	0.03659	0.15702	0.04037	0.03739	0.05682	0.00159	0.02172	0.02910	0.01767	0.00421
40	0.03750	0.00656	0.00825	0.00666	0.00919	0.00628	0.00540	0.04508	0.14630	0.55171	0.03692	0.01386	0.02851	0.00591	0.03941	0.00139	0.00338	0.00400	0.03774	0.00593
41	0.00939	0.00901	0.01539	0.02328	0.84306	0.00901	0.01164	0.01164	0.00864	0.01239	0.00713	0.00939	0.00601	0.00338	0.00375	0.00113	0.00451	0.00338	0.00188	0.00601
42	0.01547	0.00822	0.01318	0.35422	0.35502	0.03118	0.04178	0.03555	0.00843	0.03018	0.00736	0.02685	0.00600	0.00395	0.00423	0.00122	0.04660	0.00354	0.00195	0.00507
43	0.01396	0.01773	0.01078	0.00978	0.01166	0.82177	0.00736	0.01493	0.01057	0.00928	0.00583	0.00689	0.00489	0.00400	0.00374	0.00100	0.03702	0.00247	0.00194	0.00439
44	0.00465	0.00344	0.00435	0.00500	0.00545	0.00314	0.00341	0.00545	0.00775	0.01018	0.08396	0.66042	0.16655	0.01119	0.00475	0.00147	0.00212	0.01002	0.00357	0.00314
45	0.03489	0.00748	0.04331	0.00692	0.00894	0.00777	0.00560	0.02695	0.53156	0.03068	0.17237	0.01791	0.07780	0.00584	0.00396	0.00126	0.00282	0.00490	0.00377	0.00528
46	0.00793	0.00681	0.00943	0.04328	0.03221	0.03448	0.10337	0.09539	0.08799	0.03292	0.03766	0.32435	0.02813	0.00809	0.02575	0.00150	0.09905	0.01427	0.00303	0.00435
47	0.01383	0.00994	0.01071	0.00833	0.01120	0.01095	0.00684	0.69861	0.07727	0.05795	0.00997	0.00987	0.00710	0.00460	0.00375	0.00114	0.00394	0.00350	0.04423	0.00628
48	0.00569	0.00421	0.00552	0.00612	0.00702	0.00409	0.00509	0.00740	0.02859	0.01135	0.08023	0.13251	0.16392	0.01017	0.00498	0.00159	0.00295	0.51157	0.00356	0.00346
49	0.01006	0.00912	0.00914	0.00828	0.02836	0.11879	0.03090	0.01795	0.58321	0.05358	0.05764	0.01420	0.03163	0.00511	0.00386	0.00123	0.00356	0.00423	0.00356	0.00559
50	0.04648	0.00512	0.00618	0.00568	0.00713	0.00500	0.00432	0.01126	0.12803	0.20523	0.16168	0.15947	0.09215	0.06248	0.00541	0.02523	0.00265	0.03654	0.02561	0.00436
51	0.00493	0.00346	0.00442	0.00500	0.00520	0.00333	0.00326	0.00548	0.00685	0.00918	0.04027	0.57197	0.02169	0.24767	0.03799	0.00228	0.00288	0.01810	0.00315	0.00289
52	0.00898	0.01006	0.08117	0.07272	0.47377	0.00914	0.26427	0.01170	0.00862	0.01212	0.00725	0.00959	0.00578	0.00337	0.00397	0.00119	0.00521	0.00367	0.00186	0.00559
53	0.00914	0.00993	0.01121	0.59779	0.02166	0.24196	0.00958	0.01118	0.00841	0.00956	0.00645	0.00915	0.00501	0.00391	0.00394	0.00120	0.03081	0.00311	0.00176	0.00426
54	0.00475	0.00333	0.00440	0.00519	0.00538	0.00313	0.00342	0.00529	0.00706	0.00941	0.01981	0.77609	0.02369	0.07552	0.00622	0.02847	0.00234	0.01016	0.00337	0.00298
55	0.04721	0.00991	0.01924	0.01685	0.21911	0.03183	0.54823	0.01225	0.00887	0.03747	0.00761	0.00984	0.00583	0.00332	0.00416	0.00123	0.00570	0.00403	0.00201	0.00531
56	0.00612	0.02764	0.00613	0.00628	0.00738	0.00469	0.00535	0.02993	0.03087	0.01145	0.02348	0.05844	0.20853	0.00982	0.00490	0.00158	0.00312	0.54722	0.00347	0.00360
57	0.00466	0.00333	0.00445	0.00533	0.00557	0.00312	0.00359	0.00535	0.00730	0.00973	0.02088	0.84140	0.02499	0.01184	0.00485	0.00155	0.00224	0.03321	0.00352	0.00309
58	0.00780	0.00609	0.00715	0.03226	0.03087	0.00645	0.00510	0.08979	0.26186	0.03327	0.29511	0.03972	0.11002	0.02789	0.00456	0.00131	0.00271	0.02962	0.00377	0.00465
59	0.01083	0.24464	0.03586	0.00863	0.01129	0.20868	0.07810	0.06726	0.24442	0.01246	0.02925	0.00994	0.01436	0.00419	0.00343	0.00107	0.00459	0.00325	0.00258	0.00518
60	0.04150	0.00756	0.00917	0.00712	0.00992	0.00743	0.00586	0.26051	0.02361	0.50770	0.04051	0.01215	0.00928	0.00472	0.00375	0.00116	0.00340	0.00374	0.03475	0.00618
61	0.00636	0.00548	0.00667	0.00641	0.00719	0.07251	0.02693	0.00778	0.03170	0.00941	0.05414	0.08752	0.02114	0.13287	0.46726	0.00423	0.03307	0.01351	0.00237	0.00345
62	0.00870	0.15454	0.23138	0.00864	0.02901	0.10562	0.05497	0.02268	0.09940	0.01165	0.05324	0.03341	0.02501	0.04152	0.03186	0.00139	0.00465	0.02800	0.04952	0.00478
63	0.00901	0.05441	0.08183	0.03752	0.05504	0.03050	0.52536	0.03013	0.04728	0.01222	0.03228	0.01032	0.00674	0.00369	0.00457	0.00125	0.04658	0.00408	0.00206	0.00512
64	0.00578	0.00376	0.00457	0.00503	0.00558	0.00367	0.00352	0.04955	0.00805	0.01164	0.02765	0.58441	0.02029	0.00954	0.00423	0.00135	0.00220	0.01766	0.22810	0.00338
65	0.00910	0.03157	0.13808	0.19536	0.24384	0.05297	0.05153	0.07426	0.03618	0.03132	0.02528	0.01132	0.02783	0.00413	0.00376	0.00118	0.00466	0.02138	0.03107	0.00519
66	0.12968	0.05432	0.13767	0.10095	0.04856	0.03586	0.07773	0.03866	0.07863	0.06069	0.05505	0.03550	0.03390	0.00493	0.00415	0.00125	0.04765	0.04746	0.00256	0.00482
67	0.00523	0.00395	0.00533	0.00561	0.00615	0.01173	0.03153	0.00617	0.00758	0.01022	0.08978	0.50767	0.06702	0.07847	0.07000	0.00198	0.01221	0.04672	0.02942	0.00322
68	0.01530	0.00543	0.00666	0.02168	0.00792	0.00519	0.00472	0.10827	0.02321	0.24598	0.05406	0.21094	0.17378	0.00770	0.00423	0.00130	0.00279	0.05779	0.03846	0.00459
69	0.04186	0.03175	0.07497	0.06043	0.32772	0.02301	0.12111	0.08504	0.02669	0.04510	0.00750	0.00924	0.00591	0.00380	0.00435	0.00116	0.06771	0.00336	0.00219	0.05712
70	0.04799	0.04258	0.07378	0.10079	0.05669	0.09870	0.04520	0.15418	0.20402	0.03933	0.01053	0.06488	0.00865	0.00486	0.00377	0.00121	0.00427	0.02485	0.00288	0.01085
71	0.02546	0.00869	0.03360	0.37871	0.25263	0.05198	0.06944	0.04818	0.00863	0.01161	0.03408	0.01009	0.00640	0.00391	0.00417	0.00122	0.04085	0.00348	0.00196	0.00490
72	0.01018	0.06621	0.01535	0.16063	0.10400	0.05924	0.25691	0.17243	0.03733	0.02858	0.00812	0.03062	0.00640	0.00401	0.00410	0.00120	0.02331	0.00379	0.00237	0.00524
73	0.00544	0.00399	0.00571	0.00571	0.00626	0.00453	0.00426	0.00653	0.00598	0.00852	0.01051	0.01684	0.01032	0.19228	0.68900	0.00562	0.00889	0.00435	0.00208	0.00317

[dist]
# distance from previous block
# <min> <max>
0	1

[block]
# block no. 1 follows, 72 sequences, length 14
# corresponding to MSA columns:
# 739-752
name=unknown_B
#
# <colnr> <probs for GDERKNQSTAVLIFYWHMCP>
#	G	D	E	R	K	N	Q	S	T	A	V	L	I	F	Y	W	H	M	C	P
0	0.05607	0.02390	0.10405	0.22875	0.21376	0.00791	0.02989	0.02363	0.02732	0.03639	0.01127	0.06185	0.09287	0.00484	0.00408	0.00122	0.03333	0.00415	0.00225	0.03251
1	0.00868	0.09959	0.63741	0.01089	0.05743	0.00920	0.03805	0.01241	0.00825	0.07331	0.00730	0.00832	0.00524	0.00363	0.00354	0.00116	0.00525	0.00288	0.00186	0.00560
2	0.00711	0.00461	0.00547	0.00536	0.00665	0.00444	0.00430	0.03484	0.06058	0.08448	0.11931	0.05678	0.23362	0.00797	0.00426	0.00131	0.00252	0.20374	0.14872	0.00392
3	0.02140	0.00654	0.00818	0.04834	0.00961	0.00651	0.00552	0.16962	0.03410	0.34966	0.14702	0.04858	0.05826	0.00627	0.02534	0.00132	0.01605	0.00468	0.02765	0.00535
4	0.09187	0.00988	0.04415	0.01064	0.01373	0.00995	0.27341	0.30043	0.03707	0.07523	0.00847	0.00949	0.00619	0.00411	0.00444	0.00122	0.06280	0.00363	0.00285	0.03042
5	0.00885	0.00659	0.00764	0.02799	0.00888	0.02444	0.00523	0.14778	0.12054	0.08002	0.01383	0.30183	0.01357	0.00760	0.03023	0.00137	0.02733	0.00587	0.00331	0.15710
6	0.00495	0.00354	0.00478	0.00538	0.00570	0.00354	0.00373	0.00572	0.00688	0.00930	0.01765	0.55850	0.02047	0.11608	0.17695	0.00272	0.00403	0.04391	0.00308	0.00307
7	0.11622	0.00856	0.01408	0.04348	0.16925	0.00849	0.25985	0.09869	0.00985	0.19798	0.00935	0.03151	0.00694	0.00398	0.00385	0.00121	0.00454	0.00384	0.00280	0.00551
8	0.01171	0.00544	0.00701	0.00583	0.00795	0.00482	0.00468	0.01348	0.04005	0.46708	0.17936	0.02141	0.18133	0.00643	0.00411	0.00122	0.00269	0.02594	0.00430	0.00516
9	0.00575	0.00428	0.00548	0.00555	0.00655	0.00413	0.00446	0.00796	0.05769	0.01351	0.44975	0.03295	0.11199	0.00866	0.00468	0.00138	0.00242	0.26530	0.00387	0.00365
10	0.02882	0.00713	0.00971	0.02824	0.29057	0.05129	0.03224	0.05023	0.02622	0.02709	0.01251	0.13953	0.06012	0.02924	0.00443	0.00125	0.02647	0.01549	0.15479	0.00463
11	0.05345	0.01302	0.29054	0.01131	0.01532	0.00958	0.26064	0.22836	0.01086	0.03301	0.00818	0.03360	0.00618	0.00399	0.00390	0.00122	0.00519	0.00369	0.00244	0.00555
12	0.00471	0.00343	0.00446	0.00524	0.00562	0.00318	0.00363	0.00547	0.00751	0.00985	0.02273	0.71970	0.11276	0.01154	0.00483	0.00153	0.00226	0.06493	0.00352	0.00312
13	0.04008	0.00639	0.00765	0.00692	0.00869	0.00659	0.00563	0.22318	0.04949	0.14673	0.08493	0.15051	0.01647	0.00753	0.00435	0.00138	0.00325	0.22162	0.00380	0.00481

[dist]
# distance from previous block
# <min> <max>
0	1

[block]
# block no. 2 follows, 72 sequences, length 6
# corresponding to MSA columns:
# 754-759
name=unknown_C
#
# <colnr> <probs for GDERKNQSTAVLIFYWHMCP>
#	G	D	E	R	K	N	Q	S	T	A	V	L	I	F	Y	W	H	M	C	P
0	0.08177	0.08845	0.04599	0.04906	0.04790	0.19288	0.03076	0.17749	0.04193	0.10339	0.09546	0.01076	0.00918	0.00442	0.00356	0.00110	0.00443	0.00341	0.00289	0.00516
1	0.00868	0.00751	0.00902	0.00814	0.03128	0.04035	0.00629	0.08251	0.14402	0.03313	0.01059	0.01431	0.03841	0.10513	0.07892	0.00202	0.27516	0.03893	0.00259	0.06302
2	0.00535	0.00361	0.00418	0.00435	0.00439	0.00357	0.00252	0.00547	0.00583	0.00778	0.01358	0.17784	0.01585	0.71088	0.01667	0.00329	0.00341	0.00648	0.00252	0.00244
3	0.00990	0.08647	0.03949	0.05617	0.32447	0.13800	0.07047	0.04089	0.00891	0.02984	0.00887	0.01051	0.06087	0.00429	0.00460	0.00116	0.09439	0.00349	0.00207	0.00514
4	0.04933	0.07507	0.03928	0.00937	0.05517	0.03454	0.11077	0.29064	0.04232	0.05941	0.00823	0.00892	0.00618	0.00379	0.00349	0.00101	0.00415	0.00314	0.00283	0.19233
5	0.00542	0.00407	0.00577	0.00585	0.00631	0.00461	0.00433	0.00643	0.00621	0.00877	0.01213	0.17085	0.01273	0.14514	0.53767	0.00471	0.04801	0.00546	0.00232	0.00321

[dist]
# distance from previous block
# <min> <max>
0	1

[block]
# block no. 3 follows, 72 sequences, length 35
# corresponding to MSA columns:
# 761-795
name=unknown_D
#
# <colnr> <probs for GDERKNQSTAVLIFYWHMCP>
#	G	D	E	R	K	N	Q	S	T	A	V	L	I	F	Y	W	H	M	C	P
0	0.02220	0.00828	0.01283	0.24297	0.43590	0.00897	0.01006	0.07111	0.10674	0.01293	0.00878	0.01065	0.02405	0.00392	0.00377	0.00119	0.00437	0.00356	0.00224	0.00547
1	0.03610	0.01046	0.01075	0.00845	0.01132	0.06437	0.00690	0.62362	0.08410	0.09060	0.00981	0.00962	0.00696	0.00455	0.00374	0.00114	0.00414	0.00342	0.00372	0.00622
2	0.00491	0.00382	0.00447	0.00440	0.00541	0.00337	0.00326	0.00625	0.00953	0.01256	0.41926	0.09775	0.39357	0.00890	0.00451	0.00126	0.00188	0.00768	0.00383	0.00337
3	0.02446	0.43757	0.10445	0.00800	0.04939	0.01128	0.03343	0.02604	0.05700	0.01733	0.00663	0.00755	0.00554	0.00341	0.00304	0.00089	0.01747	0.00249	0.00197	0.18206
4	0.00791	0.01155	0.28141	0.20838	0.01761	0.00846	0.19761	0.04068	0.04385	0.01197	0.00940	0.03227	0.03435	0.00436	0.00412	0.00126	0.02111	0.03070	0.02810	0.00492
5	0.00471	0.00384	0.00409	0.00403	0.00517	0.00330	0.00298	0.00577	0.00887	0.01103	0.18960	0.03431	0.64311	0.05605	0.00529	0.00139	0.00199	0.00765	0.00358	0.00322
6	0.03471	0.00968	0.00909	0.00749	0.00994	0.21630	0.00598	0.14236	0.01161	0.39068	0.05312	0.01198	0.00924	0.00468	0.00367	0.00111	0.00412	0.01669	0.05199	0.00554
7	0.00978	0.02897	0.09420	0.09325	0.13794	0.02663	0.18607	0.09241	0.09859	0.08031	0.02687	0.01620	0.02474	0.00483	0.02472	0.00134	0.04137	0.00387	0.00255	0.00536
8	0.00507	0.00353	0.00454	0.00506	0.00552	0.00325	0.00346	0.00589	0.00785	0.03117	0.13306	0.61089	0.09745	0.05762	0.00552	0.00158	0.00223	0.00954	0.00357	0.00320
9	0.00865	0.00688	0.00786	0.00693	0.00828	0.07249	0.05623	0.20318	0.04052	0.01308	0.03193	0.22212	0.04006	0.07846	0.00704	0.14004	0.00358	0.00563	0.04306	0.00397
10	0.00915	0.03167	0.05897	0.25670	0.18501	0.10921	0.04812	0.03127	0.05077	0.05712	0.01003	0.09212	0.03406	0.00476	0.00385	0.00121	0.00463	0.00417	0.00232	0.00487
11	0.05573	0.01051	0.05718	0.16663	0.03290	0.19139	0.08518	0.10403	0.03507	0.07711	0.00921	0.06999	0.00783	0.00489	0.00420	0.00123	0.04172	0.03783	0.00254	0.00482
12	0.03258	0.00416	0.00459	0.00441	0.00567	0.00372	0.00333	0.00702	0.02922	0.04771	0.26774	0.05822	0.50076	0.00864	0.00438	0.00126	0.00200	0.00731	0.00373	0.00354
13	0.03567	0.00929	0.04760	0.06000	0.04159	0.05750	0.15052	0.20279	0.04805	0.11408	0.05131	0.02496	0.05292	0.00497	0.00454	0.00124	0.06098	0.02374	0.00300	0.00525
14	0.00883	0.12559	0.23629	0.15548	0.11349	0.04504	0.05385	0.02591	0.02167	0.05475	0.04977	0.03633	0.00783	0.02503	0.00422	0.00122	0.02402	0.00355	0.00213	0.00501
15	0.00604	0.04147	0.00642	0.00590	0.00683	0.00494	0.03134	0.04333	0.09663	0.01148	0.09807	0.49823	0.08035	0.04425	0.00510	0.00149	0.00259	0.00840	0.00345	0.00371
16	0.00882	0.01112	0.12675	0.10987	0.15792	0.03706	0.46806	0.01187	0.00868	0.01180	0.00731	0.00967	0.00557	0.00337	0.00413	0.00123	0.00584	0.00388	0.00185	0.00520
17	0.16973	0.05750	0.01017	0.12344	0.08966	0.18985	0.00706	0.10497	0.03511	0.08673	0.03623	0.01100	0.02598	0.00440	0.00347	0.00114	0.00440	0.03167	0.00263	0.00487
18	0.00893	0.21182	0.23765	0.02856	0.12561	0.03449	0.05234	0.03205	0.07788	0.02901	0.03155	0.04786	0.03520	0.00441	0.00376	0.00113	0.02675	0.00360	0.00220	0.00519
19	0.00568	0.00444	0.00522	0.00544	0.00630	0.00445	0.00389	0.00852	0.17302	0.01167	0.13018	0.43090	0.15527	0.03062	0.00489	0.00145	0.00230	0.00840	0.00364	0.00373
20	0.02765	0.00600	0.03023	0.19743	0.07744	0.00620	0.04156	0.02540	0.02638	0.01085	0.07068	0.22514	0.08335	0.08214	0.02676	0.00166	0.04853	0.00605	0.00265	0.00392
21	0.05276	0.15765	0.28170	0.09293	0.02669	0.02383	0.02570	0.05573	0.07985	0.06177	0.00937	0.05623	0.02872	0.00449	0.00374	0.00117	0.02667	0.00353	0.00232	0.00513
22	0.00892	0.08925	0.04461	0.04088	0.15792	0.03680	0.27181	0.05064	0.08750	0.01268	0.05517	0.04400	0.02679	0.00449	0.00397	0.00120	0.00466	0.02815	0.02550	0.00507
23	0.00560	0.00394	0.00454	0.00440	0.00554	0.00346	0.00329	0.00688	0.00932	0.05662	0.30137	0.09243	0.42349	0.00861	0.00437	0.00124	0.00196	0.00736	0.05208	0.00351
24	0.00783	0.09159	0.08125	0.02641	0.12544	0.00626	0.00613	0.00941	0.00789	0.07412	0.01315	0.06287	0.05048	0.16645	0.00664	0.00166	0.00351	0.11410	0.14065	0.00415
25	0.00902	0.07663	0.21822	0.11956	0.06859	0.10611	0.09296	0.02407	0.00886	0.06560	0.05875	0.04511	0.06570	0.00470	0.00395	0.00118	0.01985	0.00398	0.00230	0.00487
26	0.00933	0.42094	0.19236	0.00741	0.01070	0.03140	0.00764	0.06784	0.04378	0.03067	0.07175	0.03274	0.05010	0.00442	0.00321	0.00102	0.00407	0.00333	0.00228	0.00498
27	0.00570	0.00401	0.00494	0.00499	0.00531	0.00422	0.00332	0.00668	0.05124	0.00844	0.01250	0.07216	0.01355	0.52323	0.20751	0.02184	0.00502	0.04008	0.00243	0.00283
28	0.02774	0.14613	0.40470	0.03332	0.11628	0.03018	0.04626	0.05363	0.06473	0.01239	0.00798	0.00906	0.02378	0.00380	0.00350	0.00114	0.00490	0.00306	0.00198	0.00544
29	0.03120	0.03723	0.13018	0.02596	0.18162	0.06029	0.00825	0.12147	0.04135	0.17456	0.03101	0.03658	0.04726	0.00495	0.00382	0.00119	0.00412	0.05050	0.00298	0.00547
30	0.03198	0.00536	0.00661	0.00581	0.00726	0.00524	0.02437	0.06387	0.07327	0.19790	0.10060	0.10955	0.10847	0.21420	0.02691	0.00195	0.00320	0.00573	0.00350	0.00424
31	0.00547	0.00386	0.00471	0.00504	0.02316	0.00381	0.00311	0.02032	0.00664	0.00890	0.05114	0.23582	0.05603	0.49595	0.05718	0.00294	0.00351	0.00686	0.00275	0.00280
32	0.02935	0.04469	0.04661	0.05595	0.10593	0.10548	0.04398	0.06261	0.09955	0.15578	0.04907	0.06329	0.04240	0.00546	0.00393	0.00123	0.00405	0.07249	0.00307	0.00509
33	0.16652	0.09073	0.03327	0.04441	0.17484	0.08453	0.21563	0.07709	0.03337	0.01337	0.00698	0.00858	0.00551	0.00364	0.00375	0.00116	0.02614	0.00323	0.00215	0.00511
34	0.23103	0.18084	0.08594	0.04137	0.14330	0.10028	0.00752	0.03483	0.00835	0.07269	0.00699	0.02640	0.00569	0.00386	0.00330	0.00109	0.02352	0.00280	0.00221	0.01800

[dist]
# distance from previous block
# <min> <max>
2	21

[block]
# block no. 4 follows, 72 sequences, length 15
# corresponding to MSA columns:
# 817-831
name=unknown_E
#
# <colnr> <probs for GDERKNQSTAVLIFYWHMCP>
#	G	D	E	R	K	N	Q	S	T	A	V	L	I	F	Y	W	H	M	C	P
0	0.03067	0.01864	0.08458	0.12897	0.17111	0.06789	0.00809	0.03004	0.12079	0.09338	0.06052	0.02586	0.00921	0.00441	0.00368	0.00113	0.00404	0.02407	0.00267	0.11025
1	0.09663	0.12822	0.10401	0.02616	0.01201	0.03752	0.13339	0.11166	0.11341	0.08553	0.03733	0.01823	0.02446	0.00458	0.00393	0.02842	0.00422	0.01133	0.00272	0.01626
2	0.00681	0.00634	0.02757	0.00776	0.02926	0.05606	0.10588	0.02426	0.05817	0.01167	0.12800	0.26279	0.05342	0.02900	0.04593	0.00165	0.00375	0.11687	0.00313	0.02167
3	0.00579	0.00480	0.00718	0.10515	0.15980	0.00480	0.00579	0.00700	0.00770	0.01026	0.01828	0.52370	0.08905	0.00920	0.00450	0.00142	0.00295	0.02587	0.00301	0.00376
4	0.04339	0.03837	0.10556	0.00806	0.03733	0.08713	0.04928	0.08348	0.03199	0.11935	0.12427	0.07276	0.07511	0.02613	0.00453	0.00123	0.03511	0.00459	0.00301	0.04932
5	0.22338	0.17467	0.26341	0.00758	0.01084	0.03415	0.02143	0.04532	0.00784	0.01277	0.00693	0.00842	0.00557	0.00670	0.10876	0.00171	0.00502	0.00271	0.04808	0.00471
6	0.17178	0.00634	0.00744	0.00607	0.00849	0.00607	0.00492	0.07476	0.01015	0.45746	0.05667	0.05619	0.10647	0.00554	0.00371	0.00120	0.00297	0.00444	0.00399	0.00535
7	0.00825	0.00430	0.00463	0.00429	0.00547	0.00436	0.00331	0.07060	0.00880	0.07461	0.01220	0.01372	0.00944	0.00570	0.04702	0.00119	0.00249	0.00357	0.71209	0.00395
8	0.00708	0.04084	0.24977	0.04979	0.05682	0.03140	0.03466	0.02469	0.01503	0.02437	0.05172	0.31906	0.01424	0.01412	0.00429	0.00132	0.01125	0.01246	0.03271	0.00438
9	0.00569	0.00403	0.00499	0.00498	0.00589	0.00375	0.00368	0.00734	0.04142	0.04385	0.37637	0.20386	0.17709	0.05053	0.00526	0.00143	0.00218	0.05029	0.00380	0.00354
10	0.00620	0.00407	0.00523	0.00547	0.00636	0.00380	0.00413	0.00764	0.03276	0.08342	0.16739	0.36242	0.13987	0.00978	0.00468	0.00144	0.00242	0.14554	0.00374	0.00363
11	0.00958	0.59995	0.23156	0.00798	0.01180	0.03893	0.03274	0.01166	0.00791	0.00982	0.00575	0.00672	0.00488	0.00336	0.00282	0.00093	0.00461	0.00231	0.00164	0.00505
12	0.01058	0.00635	0.00740	0.00637	0.00830	0.02237	0.00504	0.14672	0.09287	0.24726	0.14736	0.11110	0.10488	0.00671	0.00412	0.00124	0.00292	0.03714	0.02625	0.00501
13	0.00709	0.16316	0.00799	0.00572	0.00696	0.08173	0.00439	0.02625	0.00817	0.03040	0.02924	0.36122	0.15783	0.07011	0.00520	0.00145	0.00310	0.02335	0.00299	0.00366
14	0.48080	0.11564	0.00904	0.00676	0.03704	0.05334	0.00540	0.08367	0.04698	0.05574	0.00671	0.00739	0.00521	0.00378	0.00304	0.00110	0.02824	0.00247	0.00251	0.04513

[dist]
# distance from previous block
# <min> <max>
0	2

[block]
# block no. 5 follows, 72 sequences, length 13
# corresponding to MSA columns:
# 834-846
name=unknown_F
#
# <colnr> <probs for GDERKNQSTAVLIFYWHMCP>
#	G	D	E	R	K	N	Q	S	T	A	V	L	I	F	Y	W	H	M	C	P
0	0.09557	0.23810	0.10727	0.00952	0.08589	0.10041	0.03117	0.10585	0.05365	0.03417	0.01570	0.00934	0.00645	0.00419	0.00387	0.00111	0.06040	0.02994	0.00229	0.00511
1	0.05336	0.03631	0.00822	0.00660	0.00861	0.05328	0.00527	0.06475	0.05954	0.31275	0.09993	0.04244	0.01228	0.06297	0.07602	0.00175	0.03272	0.02274	0.00353	0.03692
2	0.00840	0.00789	0.01304	0.31820	0.44831	0.00849	0.01044	0.01065	0.00810	0.01136	0.00703	0.00963	0.00570	0.00363	0.00397	0.00115	0.03329	0.00330	0.02476	0.06266
3	0.02737	0.07260	0.13132	0.00870	0.02714	0.14125	0.04369	0.16116	0.11154	0.13586	0.01124	0.02032	0.05188	0.03408	0.00420	0.00123	0.00443	0.00365	0.00296	0.00538
4	0.04386	0.00905	0.07062	0.29423	0.16375	0.00926	0.13553	0.06652	0.04839	0.02898	0.00747	0.00971	0.00576	0.00401	0.00465	0.00126	0.08632	0.00350	0.00208	0.00503
5	0.00485	0.00361	0.00451	0.00503	0.00556	0.00337	0.00350	0.00590	0.02503	0.01039	0.10393	0.54903	0.17332	0.04229	0.02297	0.00163	0.00237	0.02601	0.00352	0.00320
6	0.00498	0.00410	0.00483	0.00472	0.00586	0.00366	0.02711	0.00634	0.03160	0.01092	0.13038	0.12832	0.53687	0.04331	0.00512	0.00141	0.00223	0.04137	0.00351	0.00334
7	0.03153	0.33102	0.08602	0.03948	0.04763	0.18649	0.03497	0.04573	0.11723	0.02032	0.00759	0.02278	0.00627	0.00391	0.00321	0.00102	0.00470	0.00289	0.00217	0.00505
8	0.00666	0.00442	0.03320	0.11679	0.00820	0.00432	0.00463	0.00623	0.02765	0.00755	0.00756	0.04032	0.00739	0.04863	0.01258	0.65253	0.00357	0.00366	0.00180	0.00230
9	0.00632	0.00436	0.00571	0.00552	0.00633	0.00481	0.00419	0.03564	0.02534	0.02734	0.01239	0.01688	0.05594	0.12974	0.48352	0.00424	0.02244	0.00435	0.14144	0.00350
10	0.00635	0.00438	0.00507	0.00498	0.00592	0.00446	0.00370	0.03234	0.09123	0.01312	0.19336	0.17845	0.10166	0.02490	0.04457	0.00148	0.01852	0.00618	0.25558	0.00374
11	0.01201	0.14230	0.03305	0.05012	0.05081	0.39528	0.02171	0.03046	0.07286	0.08411	0.04104	0.03401	0.00770	0.00432	0.00349	0.00105	0.00519	0.00321	0.00243	0.00485
12	0.00815	0.00685	0.00981	0.04401	0.22265	0.00730	0.03467	0.05253	0.17048	0.03577	0.01332	0.24911	0.01313	0.03901	0.00521	0.00143	0.05064	0.02816	0.00294	0.00482

[dist]
# distance from previous block
# <min> <max>
0	1

[block]
# block no. 6 follows, 72 sequences, length 10
# corresponding to MSA columns:
# 848-857
name=unknown_G
#
# <colnr> <probs for GDERKNQSTAVLIFYWHMCP>
#	G	D	E	R	K	N	Q	S	T	A	V	L	I	F	Y	W	H	M	C	P
0	0.00731	0.00993	0.18930	0.01162	0.04826	0.00730	0.34942	0.00994	0.00833	0.01142	0.01294	0.20387	0.06303	0.00597	0.00438	0.00134	0.00480	0.04386	0.00238	0.00460
1	0.00474	0.00339	0.00454	0.00542	0.00569	0.00318	0.00373	0.00549	0.00738	0.00981	0.02084	0.79851	0.02482	0.01177	0.00487	0.00156	0.00230	0.07533	0.00352	0.00311
2	0.03209	0.00748	0.04845	0.30873	0.23578	0.02909	0.00894	0.00982	0.00773	0.02483	0.03829	0.01185	0.00766	0.04247	0.16866	0.00224	0.00571	0.00364	0.00199	0.00453
3	0.03734	0.24404	0.54187	0.00961	0.01429	0.04128	0.03910	0.01193	0.00801	0.01126	0.00634	0.00747	0.00483	0.00350	0.00328	0.00109	0.00518	0.00262	0.00165	0.00530
4	0.00514	0.00392	0.00518	0.00529	0.00604	0.00408	0.00398	0.00622	0.00693	0.00924	0.01915	0.09553	0.23319	0.09365	0.44836	0.00404	0.00646	0.03774	0.00264	0.00322
5	0.04817	0.00823	0.04111	0.49700	0.17886	0.04856	0.03004	0.01086	0.04050	0.01098	0.00768	0.01120	0.00621	0.00404	0.00378	0.00124	0.00484	0.04011	0.00193	0.00467
6	0.02515	0.01209	0.24333	0.15343	0.07153	0.03347	0.19545	0.08748	0.07769	0.01297	0.00780	0.00951	0.00585	0.00389	0.00425	0.00124	0.04397	0.00349	0.00212	0.00527
7	0.00473	0.00385	0.00419	0.00410	0.00527	0.00331	0.00308	0.00592	0.00923	0.01163	0.26313	0.03421	0.61594	0.00909	0.00448	0.00126	0.00188	0.00768	0.00370	0.00331
8	0.00552	0.00368	0.00414	0.00414	0.00414	0.00368	0.00230	0.00552	0.00552	0.00735	0.01195	0.02482	0.01379	0.86672	0.01930	0.00368	0.00368	0.00552	0.00230	0.00230
9	0.04070	0.00891	0.01341	0.43582	0.07377	0.08776	0.17477	0.07632	0.00903	0.01173	0.00777	0.01019	0.02541	0.00385	0.00386	0.00122	0.00524	0.00357	0.00201	0.00468

[dist]
# distance from previous block
# <min> <max>
0	1

[block]
# block no. 7 follows, 72 sequences, length 26
# corresponding to MSA columns:
# 859-884
name=unknown_H
#
# <colnr> <probs for GDERKNQSTAVLIFYWHMCP>
#	G	D	E	R	K	N	Q	S	T	A	V	L	I	F	Y	W	H	M	C	P
0	0.28490	0.00838	0.02275	0.00694	0.00941	0.07912	0.05303	0.09290	0.07648	0.11741	0.05468	0.03159	0.03811	0.01941	0.00362	0.00117	0.00356	0.00353	0.00299	0.09004
1	0.01167	0.15637	0.01128	0.00811	0.01030	0.31508	0.00651	0.18966	0.08748	0.01320	0.03013	0.06837	0.00894	0.02649	0.00397	0.00116	0.00478	0.03893	0.00271	0.00487
2	0.00986	0.65668	0.11520	0.00722	0.01075	0.01337	0.02359	0.04833	0.00823	0.01025	0.00577	0.00665	0.00500	0.00332	0.00270	0.00086	0.00421	0.00224	0.00177	0.06401
3	0.00761	0.01962	0.84707	0.01081	0.01641	0.00881	0.01401	0.01201	0.00801	0.01201	0.00681	0.00801	0.00480	0.00360	0.00360	0.00120	0.00560	0.00280	0.00160	0.00560
4	0.01526	0.00607	0.00820	0.00642	0.00907	0.00527	0.00525	0.01675	0.01076	0.72286	0.10680	0.01549	0.04356	0.00522	0.00391	0.00118	0.00302	0.00431	0.00459	0.00602
5	0.74445	0.00737	0.00623	0.00537	0.00782	0.00828	0.00443	0.04768	0.00751	0.12211	0.00667	0.00714	0.00488	0.00371	0.00260	0.00117	0.00302	0.00234	0.00271	0.00451
6	0.07147	0.04928	0.01384	0.01010	0.01317	0.05713	0.19335	0.49716	0.01405	0.01909	0.00812	0.00889	0.00596	0.00411	0.00389	0.00116	0.01697	0.00345	0.00304	0.00577
7	0.00461	0.00332	0.00438	0.00522	0.00548	0.00309	0.00349	0.00529	0.00732	0.00971	0.02165	0.82909	0.05975	0.01179	0.00483	0.00153	0.00219	0.01066	0.00352	0.00309
8	0.00969	0.57051	0.25473	0.00794	0.01177	0.06898	0.00869	0.01179	0.00799	0.00983	0.00575	0.00668	0.00485	0.00339	0.00283	0.00093	0.00468	0.00228	0.00164	0.00505
9	0.01390	0.07478	0.01136	0.00955	0.01159	0.79575	0.00727	0.01489	0.01054	0.00926	0.00582	0.00679	0.00488	0.00386	0.00335	0.00097	0.00665	0.00241	0.00193	0.00443
10	0.00480	0.00380	0.00435	0.00463	0.00550	0.00342	0.00331	0.00609	0.03940	0.01070	0.10473	0.35597	0.41940	0.01015	0.00460	0.00137	0.00206	0.00884	0.00359	0.00329
11	0.18577	0.02696	0.02417	0.00754	0.01043	0.07447	0.00625	0.41370	0.02579	0.06193	0.00808	0.00839	0.00593	0.00405	0.00332	0.00106	0.00391	0.00292	0.00313	0.12221
12	0.00723	0.00678	0.01129	0.83091	0.02561	0.00846	0.01039	0.01002	0.03360	0.00988	0.00701	0.01024	0.00526	0.00383	0.00379	0.00126	0.00499	0.00340	0.00175	0.00427
13	0.00726	0.00684	0.01156	0.82009	0.06285	0.00845	0.01058	0.00978	0.00763	0.00981	0.00676	0.01008	0.00510	0.00377	0.00379	0.00126	0.00503	0.00337	0.00169	0.00429
14	0.00544	0.00396	0.00559	0.00559	0.00610	0.00447	0.00412	0.00645	0.00595	0.00843	0.01062	0.01743	0.01058	0.24265	0.63899	0.00548	0.00850	0.00443	0.00210	0.00311
15	0.01251	0.00649	0.00785	0.00639	0.00877	0.00615	0.00519	0.17393	0.02573	0.40806	0.03436	0.04035	0.20966	0.00627	0.00405	0.00122	0.00305	0.03037	0.00415	0.00544
16	0.00614	0.00351	0.00494	0.00494	0.00506	0.00362	0.00330	0.00538	0.00527	0.00714	0.00844	0.01520	0.00875	0.21528	0.15519	0.53541	0.00453	0.00394	0.00186	0.00209
17	0.00534	0.00365	0.00420	0.00434	0.00447	0.00358	0.00259	0.00553	0.00603	0.00795	0.01505	0.14366	0.06746	0.67404	0.01603	0.00318	0.00336	0.02448	0.00257	0.00249
18	0.00971	0.01018	0.01331	0.24612	0.43992	0.17609	0.01042	0.01176	0.00871	0.01098	0.00673	0.00905	0.00551	0.00366	0.00388	0.00114	0.02265	0.00319	0.00184	0.00516
19	0.00840	0.00841	0.01233	0.56413	0.23163	0.09028	0.01050	0.01071	0.00816	0.01033	0.00676	0.00961	0.00528	0.00370	0.00375	0.00120	0.00509	0.00328	0.00176	0.00469
20	0.00641	0.00449	0.00543	0.00547	0.00663	0.00428	0.00425	0.00863	0.09367	0.07463	0.15239	0.18263	0.26221	0.00907	0.00458	0.00140	0.00246	0.16379	0.00374	0.00383
21	0.00472	0.00338	0.00447	0.00529	0.00559	0.00315	0.00361	0.00542	0.00740	0.00981	0.03292	0.77393	0.05469	0.01169	0.00497	0.01339	0.00226	0.04670	0.00350	0.00309
22	0.01061	0.04694	0.01456	0.05576	0.44843	0.14585	0.08782	0.05002	0.04471	0.04777	0.00766	0.00929	0.00611	0.00365	0.00372	0.00112	0.00494	0.00333	0.00217	0.00557
23	0.01012	0.03213	0.07101	0.00818	0.02189	0.18897	0.00669	0.11533	0.30752	0.01411	0.05686	0.04529	0.07371	0.00543	0.00395	0.00120	0.01528	0.01405	0.00314	0.00515
24	0.00639	0.00537	0.00719	0.00660	0.00700	0.00659	0.00512	0.00731	0.00652	0.00941	0.06422	0.01759	0.09459	0.18101	0.22647	0.00309	0.29671	0.00465	0.04074	0.00343
25	0.00977	0.35084	0.24044	0.04797	0.05882	0.10623	0.06598	0.01206	0.00828	0.03128	0.00632	0.00758	0.00510	0.00359	0.00348	0.00104	0.03170	0.00267	0.00177	0.00508

[dist]
# distance from previous block
# <min> <max>
0	7

[block]
# block no. 8 follows, 72 sequences, length 34
# corresponding to MSA columns:
# 892-925
name=unknown_I
#
# <colnr> <probs for GDERKNQSTAVLIFYWHMCP>
#	G	D	E	R	K	N	Q	S	T	A	V	L	I	F	Y	W	H	M	C	P
0	0.03159	0.02542	0.01091	0.03951	0.01038	0.03086	0.11931	0.00880	0.00656	0.00950	0.00794	0.05546	0.00795	0.13611	0.11528	0.00239	0.37201	0.00419	0.00196	0.00388
1	0.12732	0.00757	0.00912	0.00786	0.04791	0.04686	0.03090	0.10474	0.01799	0.43497	0.01893	0.02821	0.02629	0.00554	0.02723	0.00133	0.01401	0.03386	0.00374	0.00562
2	0.03041	0.07312	0.09183	0.14306	0.09056	0.07687	0.00792	0.09426	0.03280	0.13333	0.02597	0.03776	0.02812	0.00502	0.01628	0.00123	0.01887	0.03559	0.00269	0.05430
3	0.00601	0.00424	0.00506	0.00491	0.00596	0.00402	0.00366	0.04012	0.00860	0.05591	0.13694	0.10327	0.33781	0.11344	0.11752	0.00222	0.00344	0.04005	0.00334	0.00348
4	0.00552	0.00368	0.00414	0.00414	0.00414	0.00368	0.00230	0.00552	0.00552	0.00735	0.01195	0.02482	0.01379	0.86672	0.01930	0.00368	0.00368	0.00552	0.00230	0.00230
5	0.00801	0.00641	0.00769	0.00604	0.02969	0.00496	0.00460	0.00959	0.00802	0.05637	0.00938	0.07962	0.03460	0.00389	0.00311	0.00071	0.00279	0.00325	0.00251	0.71875
6	0.03064	0.09718	0.12498	0.01465	0.08596	0.00819	0.04299	0.09607	0.06640	0.12706	0.03010	0.03187	0.00779	0.01254	0.00360	0.00104	0.00382	0.00334	0.00273	0.20905
7	0.01728	0.16366	0.14754	0.00885	0.01174	0.03244	0.02811	0.31437	0.03850	0.02776	0.01985	0.01997	0.00651	0.00477	0.01104	0.00122	0.13506	0.00323	0.00263	0.00546
8	0.00655	0.00332	0.00498	0.00498	0.00501	0.00335	0.00335	0.00501	0.00498	0.00667	0.00672	0.01165	0.00669	0.01373	0.04496	0.85784	0.00354	0.00332	0.00166	0.00171
9	0.03846	0.01124	0.13252	0.19393	0.23764	0.14749	0.04666	0.02415	0.02963	0.04881	0.00763	0.00975	0.00599	0.00388	0.00379	0.00117	0.01610	0.01625	0.01979	0.00511
10	0.00586	0.00412	0.00521	0.00504	0.00610	0.00381	0.00391	0.00766	0.02738	0.04813	0.53696	0.04275	0.17133	0.00829	0.00454	0.00128	0.00211	0.10788	0.00398	0.00367
11	0.14844	0.17974	0.06298	0.00780	0.01077	0.15242	0.04644	0.12385	0.05001	0.05441	0.00727	0.00792	0.00566	0.00370	0.00313	0.00099	0.00432	0.00268	0.00244	0.12502
12	0.00737	0.00977	0.28394	0.06181	0.02542	0.00634	0.02214	0.02733	0.00801	0.06041	0.07749	0.16797	0.03332	0.02498	0.00600	0.10278	0.04064	0.02749	0.00252	0.00426
13	0.00813	0.03146	0.08913	0.16408	0.08360	0.00735	0.04535	0.05574	0.04426	0.05637	0.09332	0.04424	0.04688	0.02495	0.01611	0.01650	0.05697	0.05730	0.05370	0.00455
14	0.00467	0.00336	0.00438	0.00515	0.00544	0.00312	0.00345	0.00536	0.00739	0.00982	0.04849	0.76580	0.06816	0.03941	0.00528	0.00158	0.00222	0.01033	0.00350	0.00308
15	0.01040	0.00631	0.00727	0.00635	0.00827	0.00655	0.00497	0.07141	0.28512	0.22060	0.05352	0.08364	0.04959	0.00622	0.02136	0.00130	0.00292	0.00479	0.14420	0.00523
16	0.10914	0.04478	0.05484	0.03627	0.10604	0.10569	0.02420	0.12432	0.07861	0.12573	0.03778	0.05659	0.03002	0.00493	0.00366	0.00118	0.00400	0.02767	0.01938	0.00516
17	0.07778	0.00793	0.03296	0.08874	0.16601	0.04302	0.02957	0.08061	0.08402	0.12044	0.04228	0.06513	0.04808	0.00533	0.00404	0.00124	0.02266	0.04987	0.02524	0.00505
18	0.00551	0.00368	0.00418	0.00418	0.00419	0.00370	0.00235	0.00554	0.00553	0.00738	0.01191	0.02462	0.01370	0.84960	0.03629	0.00373	0.00381	0.00549	0.00229	0.00232
19	0.05437	0.00456	0.00507	0.00470	0.00589	0.00468	0.00358	0.04849	0.02975	0.09526	0.02300	0.03361	0.02438	0.07703	0.10771	0.00183	0.00331	0.00400	0.46485	0.00392
20	0.02338	0.14148	0.39070	0.01051	0.08300	0.04359	0.02557	0.10736	0.08423	0.01320	0.00817	0.00903	0.02142	0.00395	0.00364	0.00114	0.01891	0.00305	0.00215	0.00551
21	0.16933	0.03444	0.03229	0.00626	0.02848	0.04630	0.00493	0.01474	0.07161	0.02572	0.08266	0.07380	0.18513	0.02390	0.03262	0.03037	0.02929	0.08255	0.02162	0.00394
22	0.00927	0.00801	0.00842	0.00759	0.00971	0.00923	0.00590	0.01967	0.80929	0.01568	0.01618	0.01488	0.03857	0.00529	0.00388	0.00129	0.00297	0.00441	0.00385	0.00591
23	0.02572	0.00742	0.01168	0.45061	0.20726	0.00842	0.01795	0.06565	0.00870	0.06806	0.00845	0.01073	0.02693	0.00406	0.00404	0.00122	0.03376	0.00351	0.03094	0.00488
24	0.01007	0.29415	0.16093	0.04326	0.12909	0.05021	0.08328	0.12014	0.03638	0.01249	0.00693	0.00814	0.00553	0.00367	0.00352	0.00106	0.02079	0.00292	0.00206	0.00536
25	0.01020	0.81193	0.01932	0.00668	0.00980	0.01479	0.00658	0.03618	0.00795	0.00939	0.00538	0.00626	0.00492	0.00341	0.00284	0.00085	0.03485	0.00212	0.00169	0.00489
26	0.00494	0.00354	0.00449	0.00499	0.00536	0.00336	0.00339	0.00566	0.00738	0.00982	0.09324	0.49810	0.09118	0.17578	0.03435	0.00205	0.00273	0.04334	0.00330	0.00301
27	0.01033	0.05051	0.02566	0.07494	0.35191	0.00920	0.10301	0.10793	0.09888	0.08923	0.01988	0.01088	0.02227	0.00400	0.00382	0.00117	0.00436	0.00370	0.00260	0.00573
28	0.15724	0.05014	0.02657	0.00758	0.03689	0.07107	0.03079	0.17291	0.09317	0.04175	0.11524	0.04498	0.09081	0.00552	0.00391	0.00119	0.02507	0.01721	0.00313	0.00482
29	0.00521	0.00411	0.00534	0.00532	0.00622	0.00383	0.03410	0.00690	0.05402	0.01174	0.24617	0.35739	0.22637	0.00952	0.00459	0.00136	0.00222	0.00845	0.00366	0.00348
30	0.00467	0.00335	0.00444	0.00530	0.00557	0.00313	0.00359	0.00537	0.00734	0.00975	0.02132	0.81641	0.04553	0.01178	0.00484	0.00154	0.00224	0.03722	0.00352	0.00310
31	0.01064	0.03511	0.13032	0.01280	0.20074	0.04127	0.13672	0.10851	0.06882	0.12756	0.03648	0.01094	0.02180	0.00411	0.00393	0.00116	0.01477	0.00368	0.00270	0.02792
32	0.04091	0.02654	0.01279	0.32109	0.34614	0.07661	0.02388	0.02623	0.03375	0.02311	0.02872	0.00995	0.00647	0.00378	0.00370	0.00117	0.00472	0.00337	0.00202	0.00507
33	0.01135	0.04122	0.21618	0.00931	0.04054	0.03712	0.02583	0.29548	0.07887	0.10833	0.01038	0.05528	0.02171	0.00477	0.00399	0.00119	0.02585	0.00379	0.00305	0.00575

[dist]
# distance from previous block
# <min> <max>
1	20

[block]
# block no. 9 follows, 72 sequences, length 25
# corresponding to MSA columns:
# 970,971,990-1012
name=unknown_J
#
# <colnr> <probs for GDERKNQSTAVLIFYWHMCP>
#	G	D	E	R	K	N	Q	S	T	A	V	L	I	F	Y	W	H	M	C	P
0	0.01092	0.29305	0.01451	0.00996	0.11626	0.06751	0.05058	0.15736	0.17793	0.02913	0.00863	0.00911	0.00680	0.00393	0.00334	0.00104	0.00418	0.00310	0.00260	0.03006
1	0.00671	0.00488	0.00585	0.00527	0.00658	0.00470	0.00403	0.10262	0.03469	0.03506	0.52502	0.06699	0.14569	0.00758	0.00434	0.00120	0.00220	0.00656	0.00396	0.02607
