[name]
unknown

[dist]
# distance from previous block
# <min> <max>
8	127

[block]
# block no. 0 follows, 71 sequences, length 31
# corresponding to MSA columns:
# 134-164
name=unknown_A
#
# <colnr> <probs for GDERKNQSTAVLIFYWHMCP>
#	G	D	E	R	K	N	Q	S	T	A	V	L	I	F	Y	W	H	M	C	P
0	0.01421	0.00893	0.05576	0.06134	0.03298	0.00859	0.00717	0.29237	0.09494	0.36494	0.01200	0.01133	0.00809	0.00459	0.00384	0.00119	0.00384	0.00367	0.00392	0.00628
1	0.89233	0.00741	0.00564	0.00504	0.00741	0.00860	0.00415	0.01127	0.00653	0.01720	0.00534	0.00623	0.00415	0.00356	0.00237	0.00119	0.00297	0.00208	0.00237	0.00415
2	0.01523	0.01048	0.01136	0.00899	0.01180	0.24839	0.11710	0.03108	0.01081	0.47798	0.01139	0.01086	0.00764	0.00431	0.00383	0.00114	0.00476	0.00354	0.00356	0.00575
3	0.01616	0.00648	0.00870	0.00674	0.00955	0.00572	0.00554	0.04981	0.01124	0.74534	0.08075	0.01414	0.01151	0.00499	0.00391	0.00119	0.00318	0.00409	0.00467	0.00629
4	0.00870	0.00822	0.01390	0.16455	0.62749	0.00849	0.01085	0.01092	0.00854	0.01201	0.03636	0.05686	0.00799	0.00411	0.00389	0.00119	0.00443	0.00394	0.00203	0.00552
5	0.01393	0.01633	0.01071	0.01017	0.05674	0.70676	0.00734	0.01503	0.01068	0.07531	0.00792	0.00863	0.03565	0.00419	0.00355	0.00102	0.00632	0.00283	0.00225	0.00465
6	0.00551	0.00397	0.00545	0.00545	0.00588	0.00440	0.00390	0.00639	0.00595	0.00837	0.01092	0.01868	0.01116	0.33067	0.55029	0.00528	0.00790	0.00464	0.00215	0.00303
7	0.00483	0.00392	0.00430	0.00426	0.00544	0.00338	0.00323	0.00605	0.00928	0.01169	0.24299	0.03505	0.59988	0.00927	0.00456	0.00129	0.00197	0.04155	0.00373	0.00335
8	0.01026	0.00886	0.00906	0.00799	0.01025	0.03853	0.00625	0.10918	0.71637	0.01671	0.01457	0.01349	0.01090	0.00509	0.00388	0.00127	0.00330	0.00417	0.00383	0.00606
9	0.00724	0.00681	0.01150	0.85604	0.02641	0.00852	0.01065	0.00980	0.00767	0.00980	0.00681	0.01022	0.00511	0.00383	0.00383	0.00128	0.00511	0.00341	0.00170	0.00426
10	0.01263	0.01210	0.01012	0.00871	0.01107	0.28459	0.00680	0.22398	0.33140	0.04258	0.01080	0.01055	0.00811	0.00463	0.00374	0.00116	0.00461	0.00349	0.00328	0.00567
11	0.00942	0.00985	0.02052	0.05228	0.04736	0.00943	0.67986	0.04335	0.00932	0.04447	0.00810	0.01049	0.00606	0.00403	0.02614	0.00140	0.00623	0.00436	0.00211	0.00522
12	0.01711	0.00667	0.00899	0.00689	0.00986	0.00585	0.00569	0.04707	0.01122	0.81525	0.01492	0.01292	0.00939	0.00474	0.00386	0.00119	0.00330	0.00384	0.00471	0.00653
13	0.00519	0.00395	0.00479	0.00475	0.00569	0.00362	0.00350	0.00688	0.03622	0.01313	0.46320	0.16675	0.25032	0.00894	0.00457	0.00129	0.00195	0.00781	0.00392	0.00351
14	0.00860	0.00812	0.01364	0.39748	0.45561	0.00891	0.01116	0.02992	0.00847	0.01157	0.00708	0.00981	0.00565	0.00363	0.00381	0.00120	0.00480	0.00341	0.00186	0.00527
15	0.00939	0.00901	0.01539	0.05941	0.80622	0.00908	0.01172	0.01168	0.00868	0.01241	0.00720	0.00952	0.00603	0.00343	0.00380	0.00114	0.00458	0.00342	0.00189	0.00600
16	0.00467	0.00334	0.00445	0.00534	0.00556	0.00311	0.00356	0.00534	0.00734	0.00979	0.02113	0.86275	0.02536	0.01201	0.00489	0.00156	0.00222	0.01090	0.00356	0.00311
17	0.00905	0.01034	0.02262	0.01616	0.02004	0.00970	0.82741	0.01228	0.00905	0.01228	0.00776	0.01034	0.00582	0.00323	0.00452	0.00129	0.00646	0.00452	0.00194	0.00517
18	0.00521	0.00376	0.00413	0.00419	0.00519	0.00336	0.00308	0.00646	0.00882	0.01196	0.17959	0.13815	0.42709	0.00866	0.00422	0.00124	0.00192	0.00738	0.17222	0.00336
19	0.01305	0.00997	0.01065	0.00848	0.01130	0.01110	0.00689	0.58880	0.24289	0.02168	0.01092	0.01059	0.00793	0.00473	0.00383	0.00118	0.00386	0.00367	0.00382	0.02465
20	0.00467	0.00334	0.00445	0.00534	0.00556	0.00311	0.00356	0.00534	0.00734	0.00979	0.02113	0.86275	0.02536	0.01201	0.00489	0.00156	0.00222	0.01090	0.00356	0.00311
21	0.03307	0.00695	0.00861	0.00653	0.00960	0.00604	0.00532	0.05587	0.05511	0.44444	0.01169	0.01097	0.00799	0.00406	0.00346	0.00097	0.00314	0.00326	0.00372	0.31919
22	0.01018	0.77405	0.04897	0.00730	0.01067	0.03135	0.05166	0.01162	0.00793	0.00932	0.00553	0.00646	0.00497	0.00330	0.00263	0.00086	0.00434	0.00222	0.00166	0.00495
23	0.00558	0.00372	0.00418	0.00418	0.00418	0.00372	0.00232	0.00558	0.00558	0.00743	0.01208	0.02509	0.01394	0.86525	0.01952	0.00372	0.00372	0.00558	0.00232	0.00232
24	0.00724	0.00681	0.01150	0.85604	0.02641	0.00852	0.01065	0.00980	0.00767	0.00980	0.00681	0.01022	0.00511	0.00383	0.00383	0.00128	0.00511	0.00341	0.00170	0.00426
25	0.00775	0.00738	0.01266	0.66403	0.18853	0.00867	0.03633	0.01027	0.00792	0.01042	0.00692	0.01008	0.00532	0.00373	0.00385	0.00125	0.00504	0.00344	0.00175	0.00465
26	0.00467	0.00336	0.00443	0.00529	0.00555	0.00312	0.00354	0.00534	0.00739	0.00981	0.02178	0.83279	0.05490	0.01193	0.00488	0.00155	0.00221	0.01080	0.00356	0.00312
27	0.00715	0.00357	0.00357	0.00357	0.00447	0.00357	0.00268	0.00893	0.00804	0.01429	0.01251	0.01429	0.00983	0.00447	0.00268	0.00089	0.00179	0.00357	0.88654	0.00357
28	0.00453	0.00388	0.00388	0.00388	0.00518	0.00324	0.00291	0.00550	0.00874	0.01036	0.03884	0.03690	0.83978	0.00971	0.00453	0.00129	0.00194	0.00809	0.00356	0.00324
29	0.00545	0.00347	0.00448	0.00485	0.00494	0.00338	0.00307	0.00534	0.00617	0.00823	0.01457	0.36754	0.01697	0.31702	0.01244	0.20663	0.00301	0.00725	0.00268	0.00250
30	0.00949	0.00911	0.01556	0.02353	0.84133	0.00911	0.01177	0.01177	0.00873	0.01253	0.00721	0.00949	0.00607	0.00342	0.00380	0.00114	0.00456	0.00342	0.00190	0.00607

[dist]
# distance from previous block
# <min> <max>
0	11

[block]
# block no. 1 follows, 71 sequences, length 68
# corresponding to MSA columns:
# 176-243
name=unknown_B
#
# <colnr> <probs for GDERKNQSTAVLIFYWHMCP>
#	G	D	E	R	K	N	Q	S	T	A	V	L	I	F	Y	W	H	M	C	P
0	0.89233	0.00741	0.00564	0.00504	0.00741	0.00860	0.00415	0.01127	0.00653	0.01720	0.00534	0.00623	0.00415	0.00356	0.00237	0.00119	0.00297	0.00208	0.00237	0.00415
1	0.00455	0.00389	0.00391	0.00391	0.00519	0.00325	0.00293	0.00554	0.00879	0.01048	0.05774	0.03670	0.82080	0.00967	0.00453	0.00129	0.00194	0.00806	0.00358	0.00325
2	0.00550	0.00403	0.00575	0.00575	0.00629	0.00457	0.00428	0.00658	0.00604	0.00859	0.01065	0.01716	0.01050	0.20361	0.67645	0.00565	0.00890	0.00441	0.00211	0.00319
3	0.00795	0.00681	0.00795	0.00568	0.00909	0.00511	0.00454	0.00965	0.00795	0.01249	0.00681	0.00795	0.00568	0.00284	0.00284	0.00057	0.00284	0.00227	0.00227	0.88869
4	0.00710	0.00659	0.01100	0.78927	0.02479	0.00813	0.01010	0.00960	0.00792	0.01023	0.07211	0.01167	0.00755	0.00415	0.00389	0.00127	0.00485	0.00368	0.00190	0.00421
5	0.00779	0.01914	0.78534	0.01131	0.01685	0.00896	0.07352	0.01215	0.00816	0.01215	0.00694	0.00826	0.00493	0.00361	0.00371	0.00122	0.00572	0.00296	0.00164	0.00563
6	0.00795	0.00681	0.00795	0.00568	0.00909	0.00511	0.00454	0.00965	0.00795	0.01249	0.00681	0.00795	0.00568	0.00284	0.00284	0.00057	0.00284	0.00227	0.00227	0.88869
7	0.00771	0.00733	0.01212	0.67239	0.17840	0.02001	0.01068	0.01016	0.00790	0.01030	0.00715	0.02628	0.00567	0.00391	0.00384	0.00125	0.00498	0.00354	0.00178	0.00458
8	0.01411	0.01625	0.01104	0.00966	0.01178	0.63677	0.00743	0.18548	0.01214	0.01247	0.00657	0.00746	0.00527	0.00421	0.00394	0.00105	0.04440	0.00271	0.00235	0.00487
9	0.00881	0.00836	0.01411	0.15476	0.64910	0.00860	0.01097	0.01108	0.00868	0.01221	0.05452	0.01119	0.02298	0.00385	0.00386	0.00117	0.00444	0.00370	0.00203	0.00559
10	0.00919	0.00880	0.01502	0.13433	0.73288	0.00903	0.01162	0.01150	0.00859	0.01216	0.00716	0.00959	0.00595	0.00347	0.00380	0.00116	0.00463	0.00342	0.00187	0.00583
11	0.00924	0.00899	0.01573	0.10160	0.69993	0.00910	0.07564	0.01162	0.00866	0.01225	0.00722	0.00963	0.00596	0.00344	0.00386	0.00116	0.00476	0.00350	0.00188	0.00583
12	0.01423	0.00584	0.00791	0.00637	0.00877	0.00510	0.00513	0.01571	0.01067	0.63871	0.15470	0.08233	0.01524	0.00584	0.00405	0.00122	0.00294	0.00493	0.00456	0.00577
13	0.01471	0.01474	0.01085	0.00923	0.01164	0.50626	0.00718	0.26082	0.01304	0.10380	0.00791	0.00827	0.00591	0.00423	0.00361	0.00106	0.00571	0.00292	0.00283	0.00529
14	0.00959	0.00921	0.01530	0.04689	0.79085	0.02164	0.01159	0.02637	0.00890	0.01261	0.00722	0.00947	0.00604	0.00346	0.00379	0.00114	0.00460	0.00340	0.00193	0.00601
15	0.60210	0.00849	0.00741	0.00625	0.00879	0.02245	0.00512	0.22395	0.05545	0.01882	0.00692	0.00746	0.00520	0.00393	0.00285	0.00118	0.00336	0.00256	0.00283	0.00488
16	0.01487	0.01027	0.01121	0.00860	0.01165	0.01119	0.00710	0.73752	0.01723	0.11632	0.00987	0.00964	0.00685	0.00462	0.00384	0.00115	0.00411	0.00350	0.00394	0.00652
17	0.01032	0.00887	0.00916	0.00804	0.01028	0.03459	0.00631	0.12696	0.68736	0.01680	0.01429	0.01331	0.01070	0.00511	0.00403	0.00128	0.01860	0.00415	0.00380	0.00605
18	0.01479	0.00681	0.00889	0.00694	0.00970	0.00628	0.00568	0.02639	0.08439	0.60968	0.02747	0.01257	0.00944	0.00473	0.00421	0.00115	0.04795	0.00374	0.00421	0.10497
19	0.01068	0.00817	0.00897	0.00682	0.00977	0.04103	0.00546	0.25819	0.01107	0.06643	0.00800	0.00889	0.00621	0.00436	0.00418	0.07044	0.00349	0.00282	0.00284	0.46217
20	0.00930	0.00751	0.00934	0.00832	0.03507	0.00817	0.07018	0.01694	0.53372	0.07568	0.16591	0.01639	0.01540	0.00544	0.00406	0.00127	0.00314	0.00476	0.00381	0.00558
21	0.01067	0.00863	0.00918	0.00796	0.01031	0.00984	0.00627	0.16462	0.66378	0.04249	0.01445	0.01336	0.01071	0.00508	0.00389	0.00127	0.00325	0.00416	0.00392	0.00616
22	0.00557	0.00375	0.00434	0.00434	0.00439	0.00380	0.00252	0.00568	0.00562	0.00755	0.01194	0.02430	0.01360	0.79964	0.08466	0.00391	0.00423	0.00546	0.00230	0.00241
23	0.00548	0.00410	0.00611	0.00611	0.00677	0.00476	0.00472	0.00681	0.00615	0.00886	0.01032	0.01535	0.00971	0.05231	0.82667	0.00609	0.01009	0.00415	0.00206	0.00339
24	0.00549	0.00406	0.00591	0.00591	0.00651	0.00466	0.00448	0.00669	0.00609	0.00872	0.01050	0.01633	0.01014	0.13455	0.74502	0.00585	0.00944	0.00429	0.00209	0.00328
25	0.01164	0.00788	0.00960	0.07438	0.01152	0.00861	0.02717	0.12795	0.36920	0.21687	0.02525	0.01306	0.00992	0.01448	0.02942	0.00143	0.02795	0.00405	0.00375	0.00587
26	0.00935	0.00896	0.01530	0.07644	0.78955	0.00907	0.01170	0.01164	0.00866	0.01235	0.00719	0.00954	0.00601	0.00344	0.00380	0.00115	0.00459	0.00342	0.00189	0.00596
27	0.01025	0.86756	0.02009	0.00656	0.00984	0.01517	0.00656	0.01148	0.00779	0.00902	0.00533	0.00615	0.00492	0.00328	0.00246	0.00082	0.00410	0.00205	0.00164	0.00492
28	0.00453	0.00388	0.00388	0.00388	0.00518	0.00324	0.00291	0.00550	0.00874	0.01036	0.03884	0.03690	0.83978	0.00971	0.00453	0.00129	0.00194	0.00809	0.00356	0.00324
29	0.01025	0.00950	0.01967	0.01419	0.01780	0.00886	0.65741	0.01329	0.02313	0.14551	0.03417	0.01139	0.00742	0.00365	0.00441	0.00127	0.00575	0.00449	0.00249	0.00536
30	0.00552	0.00405	0.00594	0.00594	0.00655	0.00465	0.00452	0.00668	0.00608	0.00871	0.01035	0.01593	0.00993	0.10802	0.75032	0.02775	0.00947	0.00423	0.00207	0.00328
31	0.00467	0.00334	0.00445	0.00534	0.00556	0.00311	0.00356	0.00534	0.00734	0.00979	0.02113	0.86275	0.02536	0.01201	0.00489	0.00156	0.00222	0.01090	0.00356	0.00311
32	0.00665	0.00452	0.00686	0.00667	0.00764	0.00421	0.08199	0.01643	0.00819	0.09893	0.03138	0.59554	0.02978	0.01013	0.00476	0.00150	0.00285	0.07466	0.00354	0.00375
33	0.00839	0.00839	0.01174	0.01007	0.01007	0.01174	0.00839	0.00923	0.00587	0.00923	0.00503	0.00839	0.00503	0.00671	0.01258	0.00168	0.85823	0.00336	0.00168	0.00419
34	0.00769	0.01983	0.84538	0.01093	0.01659	0.00890	0.01417	0.01214	0.00810	0.01214	0.00688	0.00810	0.00486	0.00364	0.00364	0.00121	0.00567	0.00283	0.00162	0.00567
35	0.00799	0.00687	0.00814	0.00612	0.02967	0.00521	0.00472	0.00971	0.00797	0.01249	0.00682	0.00799	0.00569	0.00285	0.00286	0.00058	0.00288	0.00230	0.00226	0.86686
36	0.00505	0.00369	0.00474	0.00493	0.00561	0.00339	0.00353	0.00634	0.00930	0.01274	0.44680	0.34886	0.11156	0.00962	0.00467	0.00135	0.00198	0.00857	0.00390	0.00339
37	0.00473	0.00342	0.00448	0.00520	0.00555	0.00317	0.00352	0.00552	0.00775	0.01034	0.09723	0.73553	0.07640	0.01149	0.00484	0.00151	0.00217	0.01036	0.00362	0.00317
38	0.02843	0.10247	0.03786	0.12225	0.09946	0.07739	0.25367	0.01302	0.00908	0.16728	0.00919	0.01076	0.02229	0.00395	0.00397	0.00119	0.01628	0.01375	0.00245	0.00523
39	0.00964	0.00842	0.01373	0.10800	0.59765	0.00860	0.01042	0.05923	0.00945	0.05705	0.07297	0.01124	0.00854	0.00395	0.00386	0.00116	0.00431	0.00372	0.00232	0.00574
40	0.00526	0.00361	0.00425	0.00451	0.00464	0.00351	0.00272	0.00550	0.00626	0.00828	0.01612	0.27387	0.05912	0.56915	0.01442	0.00295	0.00319	0.00728	0.00275	0.00260
41	0.00724	0.00681	0.01150	0.85604	0.02641	0.00852	0.01065	0.00980	0.00767	0.00980	0.00681	0.01022	0.00511	0.00383	0.00383	0.00128	0.00511	0.00341	0.00170	0.00426
42	0.00832	0.18677	0.60816	0.01053	0.01557	0.01022	0.08569	0.01202	0.00812	0.01154	0.00665	0.00791	0.00496	0.00353	0.00349	0.00114	0.00543	0.00283	0.00165	0.00547
43	0.00835	0.00868	0.01522	0.01193	0.01349	0.01022	0.31688	0.01028	0.01818	0.01044	0.00675	0.00990	0.00589	0.00768	0.09687	0.00200	0.43701	0.00389	0.00185	0.00451
44	0.00931	0.00893	0.01524	0.08883	0.77741	0.00906	0.01168	0.01161	0.00865	0.01231	0.00718	0.00955	0.00600	0.00345	0.00380	0.00115	0.00460	0.00342	0.00188	0.00593
45	0.01296	0.00693	0.00838	0.00685	0.00930	0.00686	0.00551	0.11305	0.19690	0.40871	0.11091	0.01628	0.06883	0.00552	0.00399	0.00122	0.00307	0.00456	0.00431	0.00587
46	0.00549	0.00398	0.00499	0.00514	0.00528	0.00420	0.00337	0.00589	0.00636	0.00864	0.03656	0.30119	0.01740	0.44965	0.05575	0.00290	0.07053	0.00713	0.00272	0.00282
47	0.02566	0.00983	0.19281	0.00900	0.07635	0.00703	0.00793	0.08422	0.01053	0.45898	0.01336	0.02690	0.05017	0.00475	0.00383	0.00120	0.00388	0.00387	0.00365	0.00604
48	0.00900	0.00854	0.01449	0.06328	0.73547	0.00861	0.01107	0.01117	0.00857	0.01218	0.00828	0.07645	0.00754	0.00411	0.00388	0.00118	0.00440	0.00400	0.00202	0.00575
49	0.00949	0.00911	0.01556	0.02353	0.84133	0.00911	0.01177	0.01177	0.00873	0.01253	0.00721	0.00949	0.00607	0.00342	0.00380	0.00114	0.00456	0.00342	0.00190	0.00607
50	0.00468	0.00359	0.00423	0.00468	0.00534	0.00321	0.00324	0.00547	0.00792	0.01006	0.05082	0.46228	0.35511	0.05414	0.00548	0.00155	0.00217	0.00938	0.00352	0.00314
51	0.02633	0.01116	0.01129	0.00902	0.01180	0.16385	0.05765	0.40793	0.11411	0.13271	0.01005	0.00996	0.00719	0.00448	0.00380	0.00115	0.00456	0.00348	0.00349	0.00597
52	0.00813	0.00772	0.01310	0.52779	0.34772	0.00875	0.01109	0.01057	0.00809	0.01087	0.00697	0.00993	0.00549	0.00367	0.00382	0.00122	0.00489	0.00341	0.00178	0.00497
53	0.01705	0.00677	0.00905	0.00694	0.00991	0.00600	0.00573	0.06616	0.01139	0.79593	0.01478	0.01282	0.00932	0.00474	0.00385	0.00118	0.00332	0.00383	0.00469	0.00652
54	0.00468	0.00347	0.00437	0.00503	0.00549	0.00316	0.00343	0.00545	0.00777	0.01014	0.06013	0.66249	0.18764	0.01137	0.00481	0.00149	0.00215	0.01017	0.00359	0.00316
55	0.82309	0.00743	0.00588	0.00523	0.00761	0.00857	0.00429	0.01194	0.04855	0.04036	0.00613	0.00683	0.00468	0.00368	0.00249	0.00119	0.00298	0.00224	0.00252	0.00432
56	0.00761	0.00721	0.01208	0.69747	0.13889	0.00876	0.01069	0.01004	0.00772	0.01015	0.00678	0.01003	0.00524	0.00392	0.00427	0.00128	0.04821	0.00341	0.00173	0.00451
57	0.63482	0.00794	0.00786	0.13602	0.07897	0.04141	0.02157	0.01126	0.00710	0.01530	0.00578	0.00721	0.00452	0.00360	0.00279	0.00119	0.00364	0.00245	0.00221	0.00436
58	0.00857	0.22435	0.57230	0.01015	0.01505	0.02011	0.06293	0.02412	0.00826	0.01154	0.00658	0.00777	0.00496	0.00355	0.00341	0.00112	0.00533	0.00275	0.00168	0.00545
59	0.01532	0.03097	0.00575	0.00509	0.00592	0.00420	0.00374	0.00739	0.00841	0.06576	0.36965	0.05054	0.05107	0.10230	0.08888	0.16960	0.00331	0.00561	0.00322	0.00330
60	0.22261	0.00951	0.07152	0.00812	0.02200	0.02011	0.02194	0.29115	0.04173	0.06601	0.07318	0.01024	0.00829	0.00478	0.00464	0.00124	0.11120	0.00340	0.00305	0.00530
61	0.01019	0.38457	0.01357	0.00690	0.00945	0.03845	0.03061	0.11302	0.05188	0.08490	0.07638	0.08813	0.06660	0.00526	0.00344	0.00107	0.00366	0.00417	0.00282	0.00493
62	0.01661	0.00639	0.00871	0.00672	0.00958	0.00553	0.00553	0.01811	0.01097	0.80205	0.05684	0.01384	0.01084	0.00490	0.00389	0.00119	0.00319	0.00401	0.00472	0.00638
63	0.01091	0.00854	0.01388	0.06049	0.51093	0.00854	0.05582	0.07827	0.00983	0.15432	0.02426	0.01099	0.00742	0.00421	0.01365	0.00123	0.00445	0.01373	0.00259	0.00594
64	0.00981	0.00980	0.01190	0.46939	0.12444	0.16847	0.00971	0.11451	0.00969	0.01187	0.00697	0.00934	0.00538	0.00395	0.00390	0.00120	0.01958	0.00324	0.00205	0.00481
65	0.00470	0.00338	0.00441	0.00521	0.00548	0.00315	0.00347	0.00536	0.00735	0.00973	0.02178	0.78142	0.07166	0.04642	0.00546	0.00163	0.00227	0.01052	0.00351	0.00309
66	0.02045	0.14158	0.64774	0.00984	0.01472	0.00949	0.01218	0.01162	0.00788	0.01151	0.00690	0.00833	0.00523	0.00556	0.06984	0.00154	0.00576	0.00281	0.00167	0.00536
67	0.06395	0.05022	0.38074	0.12946	0.12675	0.00928	0.06583	0.06932	0.01718	0.04145	0.00735	0.00884	0.00542	0.00371	0.00364	0.00120	0.00505	0.00312	0.00202	0.00546

[dist]
# distance from previous block
# <min> <max>
1	9

[block]
# block no. 2 follows, 71 sequences, length 40
# corresponding to MSA columns:
# 253-292
name=unknown_C
#
# <colnr> <probs for GDERKNQSTAVLIFYWHMCP>
#	G	D	E	R	K	N	Q	S	T	A	V	L	I	F	Y	W	H	M	C	P
0	0.00913	0.00805	0.01304	0.29552	0.41480	0.00879	0.01041	0.02203	0.05543	0.05825	0.00822	0.01089	0.00658	0.00404	0.00422	0.00123	0.04072	0.02114	0.00216	0.00537
1	0.00871	0.04461	0.02619	0.00615	0.00952	0.00630	0.00511	0.07064	0.04083	0.02351	0.00737	0.00828	0.00597	0.00312	0.00297	0.00067	0.00307	0.00246	0.00244	0.72208
2	0.03625	0.00839	0.06090	0.15983	0.22113	0.03338	0.00826	0.08797	0.09457	0.02171	0.14004	0.01464	0.05185	0.03044	0.00446	0.00128	0.01291	0.00425	0.00273	0.00501
3	0.00604	0.00424	0.00617	0.00613	0.00692	0.00472	0.00478	0.00739	0.00681	0.04964	0.03859	0.06313	0.03752	0.02430	0.65961	0.00510	0.01899	0.04390	0.00245	0.00357
4	0.00917	0.00820	0.01152	0.28665	0.18330	0.01882	0.02610	0.05203	0.29747	0.02844	0.01019	0.01142	0.00777	0.00435	0.00410	0.00126	0.02736	0.00376	0.00267	0.00542
5	0.00466	0.00338	0.00441	0.00523	0.00553	0.00312	0.00351	0.00535	0.00744	0.00983	0.02243	0.80239	0.08489	0.01184	0.00487	0.00154	0.00220	0.01069	0.00356	0.00312
6	0.01050	0.77984	0.04132	0.00693	0.01017	0.07907	0.00683	0.01179	0.00803	0.00913	0.00542	0.00626	0.00492	0.00334	0.00257	0.00084	0.00436	0.00210	0.00167	0.00490
7	0.00850	0.00860	0.01190	0.02560	0.01057	0.02928	0.02184	0.00942	0.00606	0.00929	0.00513	0.00842	0.00505	0.00654	0.01210	0.00165	0.81080	0.00336	0.00169	0.00422
8	0.00472	0.00385	0.00417	0.00417	0.00532	0.00331	0.00310	0.00584	0.00908	0.01134	0.20005	0.09010	0.62264	0.00948	0.00455	0.00129	0.00193	0.00804	0.00369	0.00331
9	0.00467	0.00388	0.00408	0.00406	0.00527	0.00329	0.00303	0.00576	0.00903	0.01110	0.15911	0.05484	0.69971	0.00948	0.00454	0.00129	0.00193	0.00798	0.00366	0.00329
10	0.00878	0.00838	0.01427	0.28787	0.58258	0.00892	0.01141	0.01114	0.00839	0.01166	0.00709	0.00972	0.00577	0.00355	0.00381	0.00118	0.00473	0.00341	0.00184	0.00550
11	0.00769	0.01983	0.84538	0.01093	0.01659	0.00890	0.01417	0.01214	0.00810	0.01214	0.00688	0.00810	0.00486	0.00364	0.00364	0.00121	0.00567	0.00283	0.00162	0.00567
12	0.00724	0.00681	0.01150	0.85604	0.02641	0.00852	0.01065	0.00980	0.00767	0.00980	0.00681	0.01022	0.00511	0.00383	0.00383	0.00128	0.00511	0.00341	0.00170	0.00426
13	0.00551	0.00410	0.00611	0.00611	0.00680	0.00477	0.00475	0.00689	0.00620	0.00902	0.01032	0.01505	0.00959	0.02824	0.83205	0.00605	0.01009	0.00410	0.02085	0.00343
14	0.00795	0.00681	0.00795	0.00568	0.00909	0.00511	0.00454	0.00965	0.00795	0.01249	0.00681	0.00795	0.00568	0.00284	0.00284	0.00057	0.00284	0.00227	0.00227	0.88869
15	0.01020	0.00832	0.00884	0.00775	0.00999	0.00949	0.00608	0.12430	0.67370	0.03411	0.03246	0.01393	0.01147	0.00515	0.00388	0.00127	0.00314	0.00425	0.02567	0.00602
16	0.00558	0.00372	0.00418	0.00418	0.00418	0.00372	0.00232	0.00558	0.00558	0.00743	0.01208	0.02509	0.01394	0.86525	0.01952	0.00372	0.00372	0.00558	0.00232	0.00232
17	0.00735	0.00561	0.00721	0.02029	0.00821	0.01440	0.05418	0.01010	0.11920	0.08258	0.22510	0.10131	0.20232	0.00717	0.00438	0.00123	0.01744	0.01719	0.00356	0.09118
18	0.01024	0.77398	0.01882	0.00664	0.00976	0.01439	0.00646	0.06064	0.00839	0.00997	0.00633	0.04768	0.00600	0.00378	0.00266	0.00088	0.00402	0.00256	0.00187	0.00493
19	0.01645	0.00709	0.00917	0.00710	0.01003	0.00655	0.00584	0.10657	0.06158	0.70501	0.01451	0.01271	0.00930	0.00476	0.00386	0.00119	0.00335	0.00384	0.00460	0.00650
20	0.00471	0.00349	0.00440	0.00502	0.00550	0.00318	0.00344	0.00554	0.00791	0.01039	0.09707	0.63377	0.17913	0.01121	0.00479	0.00148	0.00213	0.01002	0.00362	0.00318
21	0.00785	0.00779	0.01214	0.72075	0.05248	0.05958	0.04987	0.01031	0.00793	0.00997	0.00679	0.00997	0.00517	0.00385	0.00400	0.00126	0.02077	0.00340	0.00174	0.00437
22	0.01025	0.86756	0.02009	0.00656	0.00984	0.01517	0.00656	0.01148	0.00779	0.00902	0.00533	0.00615	0.00492	0.00328	0.00246	0.00082	0.00410	0.00205	0.00164	0.00492
23	0.00468	0.00352	0.00434	0.00494	0.00550	0.00318	0.00342	0.00549	0.00787	0.01015	0.05270	0.59368	0.25191	0.01122	0.00479	0.00148	0.00215	0.02223	0.00358	0.00317
24	0.01005	0.77408	0.01948	0.00697	0.01029	0.01430	0.04606	0.01141	0.00786	0.00939	0.00554	0.00646	0.00501	0.00325	0.00258	0.00083	0.00414	0.00218	0.00169	0.05843
25	0.01025	0.86756	0.02009	0.00656	0.00984	0.01517	0.00656	0.01148	0.00779	0.00902	0.00533	0.00615	0.00492	0.00328	0.00246	0.00082	0.00410	0.00205	0.00164	0.00492
26	0.01398	0.00595	0.00767	0.00601	0.00859	0.00514	0.00489	0.01555	0.00999	0.56966	0.01357	0.01269	0.00910	0.00445	0.00349	0.00105	0.00290	0.00360	0.18810	0.11363
27	0.00466	0.00337	0.00441	0.00525	0.00554	0.00312	0.00352	0.00535	0.00743	0.00982	0.02220	0.81276	0.07466	0.01187	0.00487	0.00154	0.00221	0.01073	0.00356	0.00312
28	0.01362	0.01187	0.01039	0.00847	0.01099	0.23248	0.00677	0.51535	0.01494	0.01907	0.00873	0.00921	0.00650	0.00441	0.00360	0.00108	0.00464	0.00321	0.10905	0.00562
29	0.00589	0.00426	0.00579	0.00661	0.00735	0.00425	0.00544	0.00770	0.04082	0.01118	0.02035	0.27283	0.02259	0.01078	0.00513	0.00169	0.00314	0.55715	0.00355	0.00351
30	0.00472	0.00353	0.00438	0.00493	0.00549	0.00320	0.00341	0.00558	0.00806	0.01052	0.11246	0.57199	0.22578	0.01101	0.00477	0.00146	0.00211	0.00979	0.00363	0.00320
31	0.00601	0.00429	0.00500	0.00487	0.00516	0.00447	0.00317	0.03063	0.02025	0.00884	0.03865	0.02539	0.06312	0.64366	0.02847	0.00320	0.04489	0.05458	0.00256	0.00278
32	0.00467	0.00334	0.00445	0.00534	0.00556	0.00311	0.00356	0.00534	0.00734	0.00979	0.02113	0.86275	0.02536	0.01201	0.00489	0.00156	0.00222	0.01090	0.00356	0.00311
33	0.00558	0.00372	0.00418	0.00418	0.00418	0.00372	0.00232	0.00558	0.00558	0.00743	0.01208	0.02509	0.01394	0.86525	0.01952	0.00372	0.00372	0.00558	0.00232	0.00232
34	0.03109	0.00758	0.00945	0.00727	0.01022	0.00726	0.00600	0.22676	0.01271	0.60474	0.02770	0.01222	0.00910	0.00474	0.00384	0.00118	0.00348	0.00378	0.00446	0.00643
35	0.01326	0.01463	0.01061	0.00932	0.01135	0.52113	0.00719	0.13801	0.11387	0.03446	0.00823	0.00884	0.01699	0.00451	0.00430	0.00111	0.07161	0.00303	0.00257	0.00498
36	0.00487	0.00350	0.00462	0.00541	0.00577	0.00328	0.00378	0.00568	0.00762	0.01010	0.04588	0.69752	0.06031	0.03146	0.00525	0.00161	0.00237	0.09427	0.00355	0.00316
37	0.00815	0.00702	0.00847	0.00607	0.00948	0.00541	0.02903	0.02991	0.00823	0.01278	0.00690	0.00805	0.00570	0.00289	0.00291	0.00060	0.00298	0.00237	0.00230	0.84073
38	0.01490	0.00854	0.00996	0.00775	0.01062	0.00880	0.00636	0.40838	0.06605	0.35823	0.05097	0.01201	0.00945	0.00485	0.00388	0.00118	0.00364	0.00384	0.00423	0.00636
39	0.03381	0.03456	0.00977	0.00831	0.01057	0.17095	0.02167	0.06988	0.56459	0.01504	0.01264	0.01205	0.00958	0.00479	0.00374	0.00121	0.00395	0.00380	0.00339	0.00569

[dist]
# distance from previous block
# <min> <max>
0	5

[block]
# block no. 3 follows, 71 sequences, length 47
# corresponding to MSA columns:
# 300-328,348-363,365,366
name=unknown_D
#
# <colnr> <probs for GDERKNQSTAVLIFYWHMCP>
#	G	D	E	R	K	N	Q	S	T	A	V	L	I	F	Y	W	H	M	C	P
0	0.03968	0.30002	0.04267	0.02516	0.03683	0.05309	0.03977	0.16991	0.13341	0.06763	0.00855	0.00895	0.00661	0.00402	0.00343	0.00105	0.01714	0.00302	0.00268	0.03638
1	0.00968	0.05696	0.02250	0.15010	0.16974	0.03786	0.14557	0.09583	0.10525	0.04349	0.00931	0.05753	0.00774	0.00460	0.00448	0.00125	0.05856	0.01180	0.00249	0.00526
2	0.00517	0.00388	0.00480	0.00470	0.00565	0.00351	0.00352	0.00669	0.01001	0.01359	0.55397	0.09223	0.23594	0.00870	0.00458	0.00127	0.00193	0.03242	0.00399	0.00348
3	0.02512	0.02789	0.00983	0.00739	0.02812	0.00825	0.00589	0.34332	0.01214	0.04285	0.00800	0.00858	0.00611	0.00365	0.00328	0.00085	0.00348	0.00282	0.00296	0.44947
4	0.01327	0.00766	0.00935	0.02236	0.01037	0.00731	0.00591	0.18865	0.05214	0.35814	0.01112	0.01070	0.00769	0.00429	0.00392	0.00104	0.03650	0.00334	0.00367	0.24257
5	0.00967	0.04627	0.14575	0.16354	0.38092	0.00912	0.01072	0.06255	0.04060	0.07055	0.00800	0.00965	0.00614	0.00375	0.00372	0.00116	0.00462	0.00332	0.00221	0.01777
6	0.00571	0.00447	0.00538	0.00544	0.00647	0.00439	0.00420	0.00811	0.10270	0.01247	0.25264	0.15907	0.24938	0.00912	0.00479	0.00139	0.01835	0.13847	0.00374	0.00371
7	0.00601	0.00506	0.00536	0.00511	0.00658	0.00498	0.00391	0.00973	0.22864	0.01255	0.13759	0.02992	0.49841	0.00828	0.00438	0.00129	0.00225	0.02216	0.00374	0.00405
8	0.02529	0.04177	0.11089	0.06652	0.12499	0.02853	0.03007	0.08736	0.03613	0.38104	0.01094	0.01085	0.00747	0.00427	0.00388	0.00118	0.01598	0.00351	0.00334	0.00598
9	0.01007	0.14225	0.17679	0.15568	0.04590	0.22921	0.00912	0.05815	0.02545	0.01105	0.00748	0.05952	0.00645	0.00442	0.00394	0.00114	0.04320	0.00331	0.00203	0.00485
10	0.01017	0.00446	0.00517	0.00455	0.00607	0.00419	0.00357	0.01187	0.00892	0.26378	0.01330	0.01392	0.00973	0.00455	0.00303	0.00098	0.00223	0.00366	0.62139	0.00446
11	0.05950	0.01295	0.28395	0.01116	0.02429	0.05360	0.23581	0.06808	0.04422	0.15569	0.00892	0.00975	0.00629	0.00386	0.00387	0.00122	0.00517	0.00353	0.00255	0.00561
12	0.00846	0.00799	0.03834	0.52940	0.17293	0.03126	0.04225	0.01103	0.01930	0.05821	0.03883	0.01084	0.00681	0.00395	0.00387	0.00124	0.00487	0.00358	0.00205	0.00481
13	0.00471	0.00347	0.00439	0.00512	0.00553	0.00318	0.00350	0.00544	0.00758	0.00988	0.02392	0.68493	0.16248	0.02840	0.00513	0.00156	0.00224	0.03186	0.00353	0.00313
14	0.00953	0.00517	0.00568	0.00501	0.00658	0.00522	0.00393	0.08795	0.08579	0.14961	0.02341	0.01502	0.05579	0.00492	0.00321	0.00103	0.00238	0.00396	0.52126	0.00454
15	0.01190	0.03272	0.00905	0.01771	0.00973	0.25615	0.00606	0.07421	0.03203	0.21393	0.03018	0.19452	0.01189	0.00636	0.00447	0.00124	0.05241	0.02739	0.00324	0.00482
16	0.00817	0.01649	0.55598	0.01277	0.01781	0.00918	0.30022	0.01219	0.00843	0.01219	0.00719	0.00889	0.00519	0.00350	0.00395	0.00124	0.00595	0.00343	0.00173	0.00549
17	0.00626	0.00347	0.00470	0.00470	0.00470	0.00347	0.00296	0.00521	0.00521	0.00695	0.00866	0.01661	0.00935	0.32763	0.01666	0.56204	0.00347	0.00416	0.00191	0.00191
18	0.00795	0.00934	0.09742	0.01297	0.06101	0.00790	0.45535	0.03230	0.00877	0.01199	0.01131	0.20966	0.01097	0.00567	0.00450	0.00135	0.00511	0.03927	0.00240	0.00476
19	0.01008	0.00656	0.00863	0.00760	0.00867	0.02621	0.00604	0.01124	0.02214	0.26053	0.01349	0.24483	0.03198	0.00756	0.00730	0.00147	0.31216	0.00568	0.00321	0.00461
20	0.00554	0.00402	0.00591	0.00593	0.00651	0.00460	0.00450	0.00662	0.00607	0.00868	0.01041	0.03121	0.01005	0.09247	0.72398	0.05465	0.00923	0.00430	0.00208	0.00324
21	0.00574	0.00391	0.00497	0.00492	0.00583	0.00354	0.00361	0.00711	0.00963	0.05896	0.45931	0.24484	0.15516	0.00903	0.00458	0.00131	0.00202	0.00797	0.00398	0.00359
22	0.00882	0.00495	0.00606	0.00559	0.00732	0.00443	0.00456	0.03226	0.00965	0.25035	0.02698	0.03075	0.39130	0.00835	0.00449	0.00137	0.00275	0.19178	0.00390	0.00434
23	0.00795	0.00701	0.01084	0.33933	0.18326	0.00807	0.00878	0.01910	0.05665	0.03514	0.14618	0.02231	0.02679	0.00506	0.00501	0.00129	0.10589	0.00422	0.00245	0.00467
24	0.01057	0.01253	0.26129	0.00937	0.02898	0.01008	0.00900	0.27234	0.31244	0.01736	0.01080	0.01074	0.00790	0.00451	0.00380	0.00122	0.00423	0.00359	0.00315	0.00609
25	0.00881	0.00917	0.01242	0.39118	0.10607	0.12190	0.04693	0.01070	0.00779	0.00999	0.00631	0.00922	0.00520	0.00454	0.00614	0.00133	0.23270	0.00332	0.00176	0.00450
26	0.01237	0.00811	0.00912	0.00745	0.00977	0.00862	0.00596	0.48748	0.01413	0.13480	0.01274	0.18749	0.01108	0.00615	0.00398	0.00122	0.00350	0.00506	0.06535	0.00561
27	0.00484	0.00350	0.00458	0.00519	0.00562	0.00324	0.00358	0.00576	0.00811	0.01092	0.17953	0.64565	0.06915	0.01107	0.00481	0.00148	0.00215	0.02392	0.00369	0.00322
28	0.00805	0.00749	0.01209	0.60872	0.13941	0.00883	0.03120	0.03638	0.08808	0.01129	0.00782	0.01049	0.00595	0.00391	0.00385	0.00126	0.00484	0.00353	0.00202	0.00478
29	0.00946	0.00909	0.01547	0.02321	0.82149	0.00917	0.01169	0.01171	0.00866	0.01245	0.00716	0.00946	0.00605	0.00349	0.00401	0.00115	0.02493	0.00341	0.00189	0.00603
30	0.00912	0.00646	0.00757	0.00646	0.00821	0.00669	0.00514	0.27657	0.04709	0.05314	0.45401	0.02185	0.02357	0.00669	0.00429	0.00122	0.00280	0.05025	0.00407	0.00479
31	0.00558	0.00372	0.00418	0.00418	0.00418	0.00372	0.00232	0.00558	0.00558	0.00743	0.01208	0.02509	0.01394	0.86525	0.01952	0.00372	0.00372	0.00558	0.00232	0.00232
32	0.00491	0.00352	0.00466	0.00517	0.00561	0.00328	0.00358	0.00594	0.00846	0.01157	0.28246	0.59633	0.02881	0.01068	0.00478	0.00144	0.00209	0.00963	0.00377	0.00328
33	0.06309	0.01056	0.01118	0.00861	0.01164	0.01171	0.00711	0.78338	0.01739	0.02378	0.00899	0.00904	0.00639	0.00455	0.00375	0.00115	0.00415	0.00338	0.00375	0.00639
34	0.00453	0.00388	0.00388	0.00388	0.00518	0.00324	0.00291	0.00550	0.00874	0.01036	0.03884	0.03690	0.83978	0.00971	0.00453	0.00129	0.00194	0.00809	0.00356	0.00324
35	0.00949	0.00911	0.01556	0.02353	0.84133	0.00911	0.01177	0.01177	0.00873	0.01253	0.00721	0.00949	0.00607	0.00342	0.00380	0.00114	0.00456	0.00342	0.00190	0.00607
36	0.89233	0.00741	0.00564	0.00504	0.00741	0.00860	0.00415	0.01127	0.00653	0.01720	0.00534	0.00623	0.00415	0.00356	0.00237	0.00119	0.00297	0.00208	0.00237	0.00415
37	0.00496	0.00390	0.00448	0.00433	0.00544	0.00342	0.00325	0.00633	0.00975	0.01275	0.42026	0.03296	0.45687	0.00882	0.00453	0.00125	0.00188	0.00754	0.00388	0.00342
38	0.00548	0.00411	0.00616	0.00616	0.00685	0.00479	0.00479	0.00685	0.00616	0.00890	0.01027	0.01506	0.00959	0.02876	0.85006	0.00616	0.01027	0.00411	0.00205	0.00342
39	0.00549	0.00406	0.00594	0.00594	0.00655	0.00467	0.00452	0.00671	0.00610	0.00874	0.01047	0.01618	0.01007	0.12184	0.75764	0.00589	0.00954	0.00427	0.00208	0.00330
40	0.00906	0.01133	0.10725	0.01543	0.01947	0.00967	0.72174	0.03389	0.00919	0.01258	0.00770	0.01008	0.00574	0.00331	0.00442	0.00128	0.00632	0.00432	0.00196	0.00526
41	0.01604	0.00630	0.00846	0.00659	0.00934	0.00553	0.00541	0.01775	0.02850	0.74905	0.04612	0.01374	0.01057	0.00486	0.00382	0.00117	0.00312	0.00397	0.05344	0.00624
42	0.01031	0.04091	0.31234	0.00993	0.03565	0.19212	0.02353	0.09843	0.18589	0.01363	0.03439	0.00993	0.00752	0.00425	0.00369	0.00116	0.00504	0.00329	0.00250	0.00549
43	0.00522	0.00396	0.00457	0.00439	0.00553	0.00347	0.00330	0.00659	0.00977	0.03039	0.41204	0.03254	0.44700	0.00873	0.00451	0.00125	0.00191	0.00746	0.00389	0.00348
44	0.00830	0.00898	0.06599	0.13430	0.19750	0.02043	0.25295	0.01081	0.00847	0.01162	0.00925	0.01501	0.00828	0.01839	0.00479	0.00133	0.03976	0.12795	0.00213	0.05375
45	0.78950	0.10769	0.00732	0.00522	0.00770	0.00937	0.00443	0.01130	0.00667	0.01625	0.00534	0.00622	0.00424	0.00353	0.00238	0.00114	0.00310	0.00207	0.00229	0.00424
46	0.00839	0.01289	0.27845	0.03132	0.01833	0.00910	0.51220	0.01192	0.00882	0.01235	0.05214	0.01062	0.00713	0.00362	0.00423	0.00126	0.00594	0.00410	0.00196	0.00522

[dist]
# distance from previous block
# <min> <max>
0	5

[block]
# block no. 4 follows, 71 sequences, length 54
# corresponding to MSA columns:
# 372-386,388-426
name=unknown_E
#
# <colnr> <probs for GDERKNQSTAVLIFYWHMCP>
#	G	D	E	R	K	N	Q	S	T	A	V	L	I	F	Y	W	H	M	C	P
0	0.00904	0.33661	0.23505	0.06132	0.01295	0.01110	0.04341	0.03877	0.12879	0.01167	0.00838	0.05086	0.00703	0.00415	0.00333	0.00108	0.00440	0.00327	0.00216	0.02664
1	0.00495	0.00390	0.00446	0.00432	0.00543	0.00341	0.00324	0.00631	0.00972	0.01269	0.41089	0.03306	0.46627	0.00884	0.00453	0.00125	0.00188	0.00755	0.00387	0.00341
2	0.00708	0.00600	0.00801	0.25966	0.01333	0.00685	0.00665	0.01161	0.26940	0.01189	0.01506	0.28267	0.01477	0.00732	0.00429	0.00141	0.00343	0.06303	0.00311	0.00442
3	0.00666	0.00333	0.00500	0.00500	0.00500	0.00333	0.00333	0.00500	0.00500	0.00666	0.00666	0.01166	0.00666	0.01332	0.01499	0.88844	0.00333	0.00333	0.00167	0.00167
4	0.00468	0.00340	0.00443	0.00521	0.00554	0.00314	0.00351	0.00541	0.00755	0.01000	0.04670	0.77542	0.08744	0.01171	0.00486	0.00153	0.00219	0.01057	0.00358	0.00314
5	0.00589	0.00489	0.04087	0.00525	0.00648	0.00422	0.00421	0.00833	0.06214	0.02594	0.70101	0.02709	0.07384	0.00755	0.00444	0.00122	0.00207	0.00662	0.00406	0.00388
6	0.04536	0.00684	0.00785	0.00565	0.00902	0.00526	0.00453	0.00972	0.00789	0.01269	0.00675	0.00788	0.00561	0.00287	0.00282	0.00059	0.00284	0.00226	0.00228	0.85128
7	0.00550	0.00402	0.00573	0.00573	0.00627	0.00456	0.00426	0.00657	0.00604	0.00858	0.01066	0.01724	0.01053	0.20999	0.67011	0.00563	0.00885	0.00443	0.00211	0.00319
8	0.00897	0.00884	0.04996	0.14186	0.45195	0.00849	0.13572	0.01141	0.00864	0.04531	0.00876	0.04367	0.00755	0.00422	0.00403	0.00124	0.00478	0.04706	0.00213	0.00542
9	0.00558	0.00372	0.00418	0.00418	0.00418	0.00372	0.00232	0.00558	0.00558	0.00743	0.01208	0.02509	0.01394	0.86525	0.01952	0.00372	0.00372	0.00558	0.00232	0.00232
10	0.01030	0.00941	0.00926	0.00763	0.01010	0.16935	0.04042	0.08388	0.20036	0.05890	0.12564	0.01259	0.01147	0.00457	0.00365	0.00102	0.00382	0.00372	0.00312	0.23080
11	0.00891	0.01145	0.13326	0.01473	0.01870	0.00957	0.64619	0.01296	0.07994	0.01259	0.00831	0.01038	0.00619	0.00346	0.00435	0.00128	0.00606	0.00428	0.00206	0.00532
12	0.01037	0.05376	0.01205	0.30818	0.01693	0.28085	0.04742	0.04643	0.07448	0.01077	0.00710	0.00904	0.00565	0.00426	0.00462	0.00120	0.09702	0.00316	0.00206	0.00463
13	0.00570	0.00421	0.00480	0.00454	0.00581	0.00376	0.00344	0.00742	0.04405	0.05376	0.33557	0.03169	0.46410	0.00858	0.00447	0.00126	0.00200	0.00729	0.00388	0.00366
14	0.03441	0.00685	0.00762	0.00591	0.00871	0.02852	0.00466	0.01086	0.10039	0.03180	0.12630	0.02111	0.01092	0.00401	0.00324	0.00079	0.00283	0.00329	0.00279	0.58497
15	0.27337	0.03169	0.02915	0.03136	0.01011	0.02671	0.01716	0.20564	0.12734	0.07343	0.02763	0.01090	0.04839	0.00463	0.00376	0.00119	0.03968	0.00340	0.00309	0.03136
16	0.01025	0.86756	0.02009	0.00656	0.00984	0.01517	0.00656	0.01148	0.00779	0.00902	0.00533	0.00615	0.00492	0.00328	0.00246	0.00082	0.00410	0.00205	0.00164	0.00492
17	0.00520	0.00389	0.00482	0.00462	0.00560	0.00351	0.00345	0.00678	0.01026	0.01404	0.62877	0.05532	0.22284	0.00840	0.00454	0.00124	0.00185	0.00732	0.00405	0.00351
18	0.01025	0.86756	0.02009	0.00656	0.00984	0.01517	0.00656	0.01148	0.00779	0.00902	0.00533	0.00615	0.00492	0.00328	0.00246	0.00082	0.00410	0.00205	0.00164	0.00492
19	0.00552	0.00376	0.00447	0.00448	0.00464	0.00379	0.00273	0.00584	0.00617	0.00837	0.08510	0.05935	0.01595	0.67264	0.09857	0.00364	0.00413	0.00577	0.00252	0.00258
20	0.00724	0.00681	0.01150	0.85604	0.02641	0.00852	0.01065	0.00980	0.00767	0.00980	0.00681	0.01022	0.00511	0.00383	0.00383	0.00128	0.00511	0.00341	0.00170	0.00426
21	0.00471	0.00389	0.00413	0.00407	0.00529	0.00331	0.00305	0.00585	0.00916	0.01136	0.19939	0.03524	0.67861	0.00934	0.00453	0.00128	0.00192	0.00786	0.00369	0.00331
22	0.00608	0.00434	0.00606	0.00695	0.00779	0.00433	0.00600	0.00777	0.00873	0.01136	0.02036	0.09777	0.02229	0.01069	0.00527	0.00175	0.00344	0.76199	0.00353	0.00350
23	0.26274	0.04773	0.00616	0.00563	0.00684	0.00578	0.00429	0.00850	0.00739	0.06767	0.01477	0.44218	0.01625	0.00866	0.01547	0.00146	0.02529	0.04626	0.00313	0.00378
24	0.00954	0.00824	0.00867	0.00780	0.00997	0.00954	0.00607	0.02037	0.83441	0.01604	0.01561	0.01431	0.01170	0.00520	0.00390	0.00130	0.00303	0.00433	0.00390	0.00607
25	0.00558	0.00372	0.00418	0.00418	0.00418	0.00372	0.00232	0.00558	0.00558	0.00743	0.01208	0.02509	0.01394	0.86525	0.01952	0.00372	0.00372	0.00558	0.00232	0.00232
26	0.00491	0.00354	0.00465	0.00513	0.00560	0.00328	0.00356	0.00596	0.00852	0.01162	0.28692	0.56602	0.05484	0.01059	0.00476	0.00143	0.00208	0.00952	0.00377	0.00328
27	0.00792	0.09662	0.77063	0.01053	0.01598	0.00947	0.01348	0.01208	0.00807	0.01186	0.00674	0.00792	0.00486	0.00361	0.00354	0.00118	0.00552	0.00276	0.00162	0.00560
28	0.00529	0.00363	0.00424	0.00447	0.00459	0.00354	0.00268	0.00551	0.00619	0.00819	0.01577	0.24451	0.05783	0.59996	0.01495	0.00303	0.00324	0.00709	0.00271	0.00258
29	0.00548	0.00411	0.00616	0.00616	0.00685	0.00479	0.00479	0.00685	0.00616	0.00890	0.01027	0.01506	0.00959	0.02876	0.85006	0.00616	0.01027	0.00411	0.00205	0.00342
30	0.00981	0.00938	0.05508	0.04668	0.01440	0.00919	0.28001	0.20175	0.15754	0.01549	0.01139	0.01576	0.00949	0.00509	0.00427	0.00132	0.00473	0.12827	0.01500	0.00536
31	0.00966	0.00812	0.00864	0.00767	0.00992	0.00921	0.00598	0.01980	0.77181	0.03764	0.01516	0.01396	0.01135	0.00507	0.00385	0.00126	0.00303	0.00422	0.00384	0.04980
32	0.00485	0.00350	0.00466	0.00546	0.00571	0.00335	0.00373	0.00557	0.00738	0.00985	0.03086	0.76328	0.02458	0.04340	0.00557	0.00165	0.01565	0.05435	0.00349	0.00313
33	0.00500	0.00361	0.00477	0.00545	0.00586	0.00343	0.00381	0.00616	0.02799	0.01086	0.13831	0.66475	0.02635	0.01115	0.00484	0.00152	0.00228	0.06691	0.00366	0.00329
34	0.62437	0.00797	0.00743	0.00648	0.00832	0.02638	0.00535	0.04090	0.00693	0.02509	0.00553	0.00694	0.00452	0.00436	0.00487	0.00130	0.20423	0.00246	0.00228	0.00428
35	0.00558	0.00372	0.00418	0.00418	0.00418	0.00372	0.00232	0.00558	0.00558	0.00743	0.01208	0.02509	0.01394	0.86525	0.01952	0.00372	0.00372	0.00558	0.00232	0.00232
36	0.00534	0.00392	0.00501	0.00473	0.00568	0.00358	0.00355	0.00707	0.01065	0.01490	0.76359	0.02942	0.11219	0.00802	0.00452	0.00121	0.00182	0.00704	0.00416	0.00358
37	0.00928	0.01025	0.00738	0.00725	0.00826	0.38926	0.00517	0.01001	0.00868	0.00923	0.01253	0.29356	0.01387	0.16343	0.00691	0.00170	0.00468	0.03236	0.00261	0.00359
38	0.00558	0.00396	0.00515	0.00512	0.00541	0.00431	0.00348	0.00618	0.00583	0.00809	0.01119	0.02055	0.01194	0.49514	0.37243	0.00472	0.02098	0.00491	0.00220	0.00282
39	0.00856	0.00816	0.01387	0.36947	0.50270	0.00886	0.01130	0.01095	0.00829	0.01139	0.00705	0.00979	0.00567	0.00359	0.00381	0.00120	0.00479	0.00341	0.00182	0.00532
40	0.00470	0.00336	0.00448	0.00537	0.00561	0.00314	0.00361	0.00539	0.00737	0.00982	0.02112	0.84571	0.02529	0.01198	0.00490	0.00156	0.00225	0.02763	0.00356	0.00312
41	0.00548	0.00409	0.00608	0.00608	0.00674	0.00475	0.00469	0.00680	0.00614	0.00884	0.01034	0.01547	0.00976	0.06235	0.81670	0.00606	0.01001	0.00417	0.00206	0.00338
42	0.01093	0.01028	0.00965	0.00846	0.01068	0.16136	0.02298	0.08804	0.56844	0.02984	0.01293	0.01232	0.00975	0.00491	0.00400	0.00124	0.02105	0.00390	0.00348	0.00577
43	0.04643	0.41561	0.08049	0.00776	0.01098	0.05025	0.01597	0.23811	0.04655	0.03065	0.00745	0.02063	0.00603	0.00396	0.00312	0.00101	0.00427	0.00281	0.00248	0.00543
44	0.00879	0.00777	0.08693	0.00659	0.00868	0.05933	0.01871	0.14144	0.01062	0.11366	0.10943	0.13823	0.25950	0.00736	0.00423	0.00126	0.00324	0.00618	0.00351	0.00453
45	0.60549	0.02368	0.01939	0.00659	0.00890	0.25882	0.00530	0.01249	0.00786	0.01468	0.00554	0.00646	0.00441	0.00367	0.00271	0.00112	0.00420	0.00220	0.00223	0.00427
46	0.00467	0.00335	0.00444	0.00531	0.00555	0.00312	0.00355	0.00534	0.00737	0.00980	0.02147	0.84702	0.04087	0.01197	0.00489	0.00155	0.00222	0.01085	0.00356	0.00312
47	0.00622	0.00493	0.00694	0.04335	0.13460	0.00475	0.00515	0.00818	0.02726	0.02369	0.53105	0.05025	0.12421	0.00725	0.00437	0.00122	0.00244	0.00641	0.00366	0.00405
48	0.00548	0.00410	0.00611	0.00611	0.00678	0.00477	0.00473	0.00682	0.00615	0.00887	0.01031	0.01530	0.00969	0.04881	0.83015	0.00610	0.01011	0.00414	0.00206	0.00340
49	0.00795	0.00681	0.00795	0.00568	0.00909	0.00511	0.00454	0.00965	0.00795	0.01249	0.00681	0.00795	0.00568	0.00284	0.00284	0.00057	0.00284	0.00227	0.00227	0.88869
50	0.00795	0.00681	0.00795	0.00568	0.00909	0.00511	0.00454	0.00965	0.00795	0.01249	0.00681	0.00795	0.00568	0.00284	0.00284	0.00057	0.00284	0.00227	0.00227	0.88869
