[name]
unknown

[dist]
# distance from previous block
# <min> <max>
7	44

[block]
# block no. 0 follows, 82 sequences, length 23
# corresponding to MSA columns:
# 51-73
name=unknown_A
#
# <colnr> <probs for GDERKNQSTAVLIFYWHMCP>
#	G	D	E	R	K	N	Q	S	T	A	V	L	I	F	Y	W	H	M	C	P
0	0.12919	0.00784	0.01023	0.33034	0.13160	0.10717	0.06660	0.01067	0.02156	0.07825	0.00664	0.00833	0.00504	0.00333	0.00318	0.00103	0.00420	0.00283	0.00195	0.07005
1	0.02999	0.08250	0.09764	0.15456	0.28747	0.06912	0.02126	0.04273	0.00785	0.01065	0.00796	0.00940	0.06032	0.00351	0.00319	0.00097	0.00402	0.00298	0.00184	0.10206
2	0.05033	0.17927	0.12411	0.08692	0.04556	0.13798	0.02011	0.10348	0.02562	0.04475	0.05498	0.00890	0.02570	0.00366	0.00304	0.00094	0.00402	0.00280	0.00213	0.07569
3	0.00713	0.08389	0.59754	0.00935	0.06173	0.00790	0.02073	0.03187	0.00751	0.01082	0.00811	0.00901	0.06454	0.00356	0.00320	0.00102	0.00446	0.00283	0.00167	0.06313
4	0.00733	0.04030	0.62662	0.01062	0.11943	0.03232	0.01119	0.02443	0.00749	0.02107	0.00706	0.06396	0.00574	0.00373	0.00331	0.00108	0.00468	0.00305	0.00166	0.00492
5	0.00900	0.14340	0.07327	0.01634	0.56357	0.02998	0.02568	0.05173	0.00814	0.03792	0.00645	0.00797	0.00527	0.00314	0.00320	0.00098	0.00410	0.00284	0.00181	0.00522
6	0.17788	0.02853	0.51384	0.00883	0.06295	0.00762	0.00960	0.01130	0.02282	0.09898	0.02327	0.00786	0.00536	0.00342	0.00306	0.00107	0.00418	0.00261	0.00196	0.00486
7	0.00594	0.00297	0.00446	0.00446	0.00446	0.00297	0.00297	0.00446	0.00446	0.00594	0.00594	0.01040	0.00594	0.01188	0.01337	0.90048	0.00297	0.00297	0.00149	0.00149
8	0.00605	0.00553	0.00933	0.00744	0.00910	0.00528	0.25694	0.00845	0.07854	0.01160	0.32894	0.02038	0.12169	0.09480	0.00537	0.00135	0.00317	0.01949	0.00287	0.00367
9	0.00709	0.00608	0.00709	0.00507	0.00811	0.00456	0.00405	0.00861	0.00709	0.01115	0.00608	0.00709	0.00507	0.00253	0.00253	0.00051	0.00253	0.00203	0.00203	0.90069
10	0.00586	0.00484	0.00723	0.00912	0.25274	0.00464	0.00531	0.00757	0.00906	0.01280	0.57762	0.02088	0.05687	0.00591	0.00385	0.00106	0.00233	0.00532	0.00314	0.00385
11	0.00851	0.00735	0.00773	0.00696	0.00890	0.00851	0.00541	0.01818	0.85226	0.01431	0.01392	0.01276	0.01044	0.00464	0.00348	0.00116	0.00271	0.00387	0.00348	0.00541
12	0.07237	0.00865	0.01223	0.01663	0.58614	0.07919	0.00903	0.06267	0.00824	0.04615	0.00649	0.00812	0.00530	0.00340	0.00379	0.00104	0.06061	0.00291	0.00193	0.00511
13	0.00420	0.00304	0.00397	0.00466	0.00495	0.00281	0.00314	0.00487	0.00681	0.00906	0.06992	0.77581	0.07337	0.01037	0.00433	0.00136	0.00195	0.00936	0.00321	0.00281
14	0.90395	0.00662	0.00503	0.00450	0.00662	0.00767	0.00370	0.01006	0.00582	0.01535	0.00476	0.00556	0.00370	0.00318	0.00212	0.00106	0.00265	0.00185	0.00212	0.00370
15	0.00672	0.00620	0.01005	0.65709	0.11656	0.00742	0.00883	0.00929	0.06179	0.00923	0.00696	0.01022	0.00560	0.06516	0.00441	0.00128	0.00430	0.00323	0.00171	0.00397
16	0.00417	0.00298	0.00397	0.00476	0.00496	0.00278	0.00318	0.00476	0.00655	0.00873	0.01885	0.87755	0.02262	0.01072	0.00437	0.00139	0.00198	0.00972	0.00318	0.00278
17	0.00486	0.00351	0.00460	0.00436	0.00517	0.00325	0.00329	0.00647	0.00963	0.01362	0.83311	0.02592	0.03192	0.00706	0.00405	0.00109	0.00166	0.02945	0.00375	0.00323
18	0.00831	0.00806	0.01406	0.02005	0.77228	0.00801	0.07170	0.01037	0.00777	0.01109	0.00682	0.03335	0.00589	0.00325	0.00346	0.00104	0.00413	0.00331	0.00174	0.00528
19	0.01177	0.21353	0.02127	0.00679	0.00933	0.00753	0.06466	0.06735	0.00910	0.41930	0.01116	0.02342	0.00860	0.00453	0.00335	0.00105	0.00339	0.10565	0.00317	0.00502
20	0.68945	0.06850	0.00655	0.03898	0.00772	0.02909	0.00432	0.06432	0.00673	0.01454	0.00562	0.04125	0.00471	0.00354	0.00237	0.00105	0.00292	0.00231	0.00217	0.00386
21	0.00805	0.00762	0.01289	0.10192	0.70413	0.00782	0.01000	0.01005	0.00766	0.01083	0.00719	0.01063	0.00633	0.00358	0.00361	0.00108	0.01811	0.06165	0.00178	0.00508
22	0.00415	0.00349	0.00362	0.00368	0.00479	0.00296	0.00280	0.00508	0.00783	0.00940	0.05350	0.04770	0.77208	0.00871	0.00409	0.00118	0.00182	0.05703	0.00319	0.00291

[dist]
# distance from previous block
# <min> <max>
0	1

[block]
# block no. 1 follows, 82 sequences, length 23
# corresponding to MSA columns:
# 75-97
name=unknown_B
#
# <colnr> <probs for GDERKNQSTAVLIFYWHMCP>
#	G	D	E	R	K	N	Q	S	T	A	V	L	I	F	Y	W	H	M	C	P
0	0.01183	0.08513	0.01042	0.00761	0.01014	0.08388	0.00626	0.55279	0.16650	0.01794	0.00870	0.00863	0.00641	0.00405	0.00330	0.00101	0.00377	0.00304	0.00312	0.00546
1	0.00558	0.00368	0.00472	0.00498	0.00585	0.00339	0.00389	0.00671	0.00789	0.08354	0.12745	0.26247	0.20822	0.00886	0.00428	0.00132	0.00230	0.24830	0.00333	0.00323
2	0.00816	0.24443	0.54127	0.00857	0.01273	0.06787	0.01015	0.05101	0.00774	0.01045	0.00582	0.00674	0.00442	0.00322	0.00297	0.00097	0.00470	0.00235	0.00157	0.00484
3	0.00748	0.11557	0.55470	0.00942	0.01363	0.00875	0.10192	0.01179	0.12348	0.01100	0.00713	0.00800	0.00527	0.00336	0.00325	0.00106	0.00465	0.00280	0.00176	0.00498
4	0.00406	0.00346	0.00350	0.00351	0.00464	0.00289	0.00262	0.00494	0.00781	0.00932	0.05146	0.05063	0.82221	0.00867	0.00405	0.00116	0.00174	0.00725	0.00319	0.00289
5	0.00493	0.00350	0.00467	0.00467	0.00500	0.00383	0.00324	0.00558	0.00525	0.00733	0.00992	0.01763	0.01037	0.42551	0.46886	0.00448	0.00643	0.00428	0.00194	0.00259
6	0.04137	0.00486	0.00660	0.08183	0.12988	0.00511	0.00517	0.00838	0.14801	0.01028	0.01459	0.49915	0.01582	0.00768	0.00391	0.00126	0.00265	0.00690	0.00283	0.00372
7	0.00736	0.00671	0.00797	0.00700	0.00740	0.06600	0.00544	0.07942	0.00641	0.00887	0.00714	0.01250	0.00735	0.27964	0.06907	0.00225	0.41062	0.00361	0.00188	0.00337
8	0.01282	0.00997	0.01004	0.00787	0.01048	0.08430	0.00642	0.71542	0.05552	0.04010	0.00836	0.00834	0.00598	0.00408	0.00340	0.00102	0.00390	0.00305	0.00330	0.00564
9	0.00433	0.00333	0.00425	0.00476	0.00513	0.00324	0.00331	0.00499	0.00671	0.00880	0.02100	0.66930	0.17812	0.01006	0.00470	0.00135	0.05182	0.00887	0.00308	0.00285
10	0.00703	0.00612	0.00820	0.08086	0.06740	0.00514	0.04786	0.00872	0.00732	0.01114	0.05503	0.00875	0.00676	0.00298	0.00282	0.00067	0.00289	0.00257	0.03759	0.63015
11	0.00427	0.00347	0.00378	0.00370	0.00476	0.00298	0.00278	0.00535	0.00833	0.01051	0.26849	0.03082	0.62242	0.00819	0.00404	0.00113	0.00170	0.00693	0.00334	0.00298
12	0.00811	0.00799	0.01432	0.14584	0.60565	0.00813	0.13884	0.01031	0.00769	0.01078	0.00646	0.00868	0.00526	0.00308	0.00349	0.00106	0.00440	0.00320	0.00167	0.00506
13	0.00686	0.01769	0.86206	0.00975	0.01481	0.00794	0.01264	0.01083	0.00722	0.01083	0.00614	0.00722	0.00433	0.00325	0.00325	0.00108	0.00506	0.00253	0.00144	0.00506
14	0.00665	0.00440	0.00574	0.00503	0.00635	0.00416	0.00381	0.00776	0.00664	0.11048	0.08251	0.01450	0.01052	0.17788	0.32904	0.00302	0.00513	0.00373	0.00238	0.21028
15	0.05337	0.01235	0.34359	0.01211	0.01612	0.00833	0.48208	0.01086	0.00763	0.01113	0.00651	0.00827	0.00478	0.00304	0.00364	0.00112	0.00533	0.00334	0.00164	0.00474
16	0.00408	0.00347	0.00352	0.00351	0.00464	0.00290	0.00263	0.00499	0.00789	0.00946	0.07562	0.03255	0.81595	0.00858	0.00404	0.00115	0.00173	0.00717	0.00321	0.00290
17	0.00456	0.00349	0.00418	0.00400	0.00494	0.00311	0.00300	0.00590	0.00901	0.01211	0.56239	0.02819	0.32753	0.00759	0.00404	0.00110	0.00166	0.00656	0.00355	0.00311
18	0.00895	0.80769	0.09036	0.00619	0.00930	0.01306	0.00644	0.01029	0.00697	0.00829	0.00487	0.00564	0.00438	0.00295	0.00229	0.00076	0.00378	0.00189	0.00146	0.00445
19	0.00622	0.00508	0.00662	0.00599	0.00655	0.01801	0.04300	0.01665	0.07474	0.02695	0.01154	0.11869	0.05604	0.32156	0.06818	0.01878	0.18509	0.00489	0.00227	0.00314
20	0.00450	0.00312	0.00387	0.00433	0.00445	0.00300	0.00272	0.00485	0.00589	0.00786	0.01549	0.52179	0.01839	0.37226	0.00979	0.00219	0.00254	0.00775	0.00272	0.00248
21	0.00441	0.00305	0.00394	0.00455	0.00481	0.00288	0.00304	0.00508	0.00666	0.00912	0.07467	0.69624	0.02161	0.08518	0.00536	0.00150	0.00205	0.00870	0.05438	0.00277
22	0.24301	0.00640	0.00729	0.00656	0.09047	0.00576	0.00467	0.00987	0.00706	0.08567	0.00641	0.00722	0.00504	0.00290	0.00259	0.00075	0.00274	0.00220	0.00221	0.50119

[dist]
# distance from previous block
# <min> <max>
0	2

[block]
# block no. 2 follows, 82 sequences, length 8
# corresponding to MSA columns:
# 100-107
name=unknown_C
#
# <colnr> <probs for GDERKNQSTAVLIFYWHMCP>
#	G	D	E	R	K	N	Q	S	T	A	V	L	I	F	Y	W	H	M	C	P
0	0.04578	0.03797	0.04266	0.04047	0.24480	0.26204	0.00754	0.08502	0.13457	0.02545	0.03599	0.00880	0.00668	0.00369	0.00324	0.00100	0.00434	0.00293	0.00223	0.00479
1	0.00423	0.00306	0.00401	0.00474	0.00504	0.00285	0.00325	0.00489	0.00671	0.00885	0.02003	0.77013	0.08662	0.01049	0.00436	0.00138	0.00202	0.05135	0.00317	0.00281
2	0.00861	0.00874	0.04225	0.05695	0.60765	0.03717	0.08560	0.04285	0.05535	0.01151	0.00690	0.00868	0.00558	0.00320	0.00344	0.00104	0.00426	0.00314	0.00185	0.00523
3	0.00849	0.63231	0.26168	0.00698	0.01052	0.01192	0.00781	0.01041	0.00703	0.00885	0.00516	0.00599	0.00437	0.00302	0.00250	0.00083	0.00406	0.00203	0.00146	0.00458
4	0.00734	0.16780	0.63523	0.00923	0.01359	0.00908	0.04735	0.01060	0.00711	0.01022	0.00585	0.00702	0.00439	0.00332	0.00350	0.00105	0.04850	0.00249	0.00146	0.00485
5	0.00474	0.00342	0.00449	0.00437	0.00509	0.00316	0.00322	0.00621	0.00923	0.01300	0.73650	0.14773	0.03089	0.00753	0.00408	0.00112	0.00167	0.00669	0.00368	0.00316
6	0.00506	0.00362	0.00496	0.00560	0.00623	0.00352	0.00456	0.00637	0.00778	0.01033	0.13855	0.26172	0.02228	0.00944	0.00453	0.00145	0.00262	0.49506	0.00324	0.00306
7	0.01004	0.00895	0.01095	0.01300	0.36352	0.13622	0.02562	0.20303	0.01020	0.05202	0.07910	0.00989	0.00794	0.00380	0.00337	0.00100	0.00396	0.00324	0.04916	0.00499

[dist]
# distance from previous block
# <min> <max>
0	11

[block]
# block no. 3 follows, 82 sequences, length 150
# corresponding to MSA columns:
# 119-268
name=unknown_D
#
# <colnr> <probs for GDERKNQSTAVLIFYWHMCP>
#	G	D	E	R	K	N	Q	S	T	A	V	L	I	F	Y	W	H	M	C	P
0	0.00416	0.00347	0.00363	0.00359	0.00469	0.00294	0.00269	0.00513	0.00807	0.00989	0.15374	0.03185	0.73756	0.00842	0.00404	0.00114	0.00172	0.00707	0.00326	0.00294
1	0.00790	0.00760	0.01191	0.06453	0.48826	0.05363	0.07040	0.01004	0.03043	0.01078	0.02357	0.01473	0.00868	0.00448	0.00380	0.00115	0.01530	0.16608	0.00206	0.00468
2	0.00950	0.00751	0.00838	0.00621	0.00912	0.00702	0.00505	0.34985	0.01075	0.01538	0.00695	0.00755	0.00537	0.00317	0.00289	0.00072	0.00303	0.00246	0.00259	0.53648
3	0.00478	0.00349	0.00448	0.00423	0.00507	0.00320	0.00318	0.00633	0.00953	0.01335	0.78908	0.02616	0.10006	0.00713	0.00404	0.00108	0.00162	0.00627	0.00372	0.00320
4	0.00807	0.00923	0.02018	0.01442	0.01788	0.00865	0.84602	0.01096	0.00807	0.01096	0.00692	0.00923	0.00519	0.00288	0.00404	0.00115	0.00577	0.00404	0.00173	0.00461
5	0.00847	0.00813	0.01388	0.02100	0.85844	0.00813	0.01050	0.01050	0.00779	0.01118	0.00643	0.00847	0.00542	0.00305	0.00339	0.00102	0.00406	0.00305	0.00169	0.00542
6	0.00807	0.00923	0.02018	0.01442	0.01788	0.00865	0.84602	0.01096	0.00807	0.01096	0.00692	0.00923	0.00519	0.00288	0.00404	0.00115	0.00577	0.00404	0.00173	0.00461
7	0.00884	0.00751	0.00792	0.00703	0.00902	0.00866	0.00549	0.07913	0.79077	0.01484	0.01350	0.01243	0.01010	0.00460	0.00348	0.00115	0.00278	0.00381	0.00348	0.00544
8	0.00723	0.00674	0.01120	0.57767	0.24780	0.00778	0.02030	0.03215	0.02169	0.00994	0.00647	0.00905	0.00501	0.00336	0.00340	0.00110	0.00434	0.00307	0.01739	0.00432
9	0.01535	0.00582	0.00794	0.00609	0.00873	0.00503	0.00503	0.01667	0.00979	0.86081	0.01350	0.01164	0.00847	0.00423	0.00344	0.00106	0.00291	0.00344	0.00423	0.00582
10	0.90395	0.00662	0.00503	0.00450	0.00662	0.00767	0.00370	0.01006	0.00582	0.01535	0.00476	0.00556	0.00370	0.00318	0.00212	0.00106	0.00265	0.00185	0.00212	0.00370
11	0.00807	0.00923	0.02018	0.01442	0.01788	0.00865	0.84602	0.01096	0.00807	0.01096	0.00692	0.00923	0.00519	0.00288	0.00404	0.00115	0.00577	0.00404	0.00173	0.00461
12	0.00674	0.00637	0.01077	0.75216	0.14076	0.00767	0.00964	0.00899	0.00697	0.00908	0.00613	0.00903	0.00468	0.00337	0.00342	0.00112	0.00449	0.00304	0.00154	0.00403
13	0.00851	0.00735	0.00773	0.00696	0.00890	0.00851	0.00541	0.01818	0.85226	0.01431	0.01392	0.01276	0.01044	0.00464	0.00348	0.00116	0.00271	0.00387	0.00348	0.00541
14	0.00723	0.00649	0.01026	0.76987	0.02203	0.00795	0.00915	0.10744	0.00793	0.01025	0.00633	0.00901	0.00471	0.00350	0.00342	0.00113	0.00447	0.00304	0.00174	0.00404
15	0.00488	0.00347	0.00401	0.00416	0.00456	0.00334	0.00284	0.00536	0.00614	0.00788	0.01734	0.02775	0.19671	0.52539	0.01210	0.00252	0.00294	0.16363	0.00252	0.00245
16	0.00847	0.00813	0.01388	0.02100	0.85844	0.00813	0.01050	0.01050	0.00779	0.01118	0.00643	0.00847	0.00542	0.00305	0.00339	0.00102	0.00406	0.00305	0.00169	0.00542
17	0.01394	0.00551	0.00749	0.00585	0.00825	0.00479	0.00479	0.01531	0.00978	0.74765	0.12613	0.01350	0.01165	0.00460	0.00352	0.00106	0.00274	0.00381	0.00417	0.00547
18	0.00467	0.00342	0.00409	0.00401	0.00465	0.00315	0.00280	0.00566	0.00793	0.01071	0.42423	0.07234	0.20074	0.22808	0.00743	0.00168	0.00209	0.00629	0.00318	0.00284
19	0.00557	0.00364	0.00478	0.00446	0.00537	0.00333	0.00336	0.00710	0.00950	0.07571	0.74433	0.07569	0.02995	0.00701	0.00401	0.00109	0.00173	0.00620	0.00376	0.00339
20	0.00808	0.00421	0.00528	0.00460	0.00608	0.00371	0.00359	0.00939	0.00903	0.28495	0.30941	0.03578	0.24098	0.00644	0.00376	0.00108	0.00207	0.00547	0.05211	0.00396
21	0.00441	0.00345	0.00400	0.00392	0.00486	0.00304	0.00292	0.00560	0.00858	0.01124	0.40651	0.08030	0.43287	0.00803	0.00406	0.00113	0.00169	0.00690	0.00344	0.00304
22	0.90395	0.00662	0.00503	0.00450	0.00662	0.00767	0.00370	0.01006	0.00582	0.01535	0.00476	0.00556	0.00370	0.00318	0.00212	0.00106	0.00265	0.00185	0.00212	0.00370
23	0.00941	0.81819	0.01732	0.00607	0.00891	0.07623	0.00591	0.01049	0.00715	0.00807	0.00479	0.00554	0.00439	0.00297	0.00226	0.00074	0.00384	0.00186	0.00149	0.00436
24	0.15132	0.00798	0.02356	0.03844	0.00987	0.00868	0.06738	0.42546	0.01105	0.01617	0.00765	0.00980	0.00623	0.11702	0.00550	0.00136	0.05590	0.00319	0.02881	0.00462
25	0.00958	0.17962	0.26816	0.01056	0.15020	0.29048	0.01757	0.01164	0.00810	0.01614	0.00571	0.00681	0.00459	0.00325	0.00303	0.00094	0.00498	0.00240	0.00162	0.00463
26	0.80193	0.00701	0.00521	0.00469	0.00671	0.05898	0.00381	0.01016	0.00613	0.01479	0.00514	0.00598	0.00402	0.00324	0.00219	0.00103	0.00280	0.00195	0.05054	0.00369
27	0.00710	0.00658	0.00907	0.00792	0.00819	0.00881	0.00648	0.05210	0.00585	0.00879	0.00599	0.00956	0.00583	0.05717	0.18809	0.00240	0.60150	0.00324	0.00170	0.00362
28	0.00461	0.00346	0.00427	0.00412	0.00498	0.00312	0.00307	0.00599	0.00907	0.01237	0.61318	0.06690	0.23713	0.00758	0.00405	0.00111	0.00166	0.00661	0.00359	0.00312
29	0.90395	0.00662	0.00503	0.00450	0.00662	0.00767	0.00370	0.01006	0.00582	0.01535	0.00476	0.00556	0.00370	0.00318	0.00212	0.00106	0.00265	0.00185	0.00212	0.00370
30	0.00413	0.00311	0.00383	0.00442	0.00487	0.00281	0.00302	0.00480	0.00688	0.00887	0.02309	0.65124	0.24621	0.01017	0.00428	0.00133	0.00192	0.00905	0.00318	0.00281
31	0.90395	0.00662	0.00503	0.00450	0.00662	0.00767	0.00370	0.01006	0.00582	0.01535	0.00476	0.00556	0.00370	0.00318	0.00212	0.00106	0.00265	0.00185	0.00212	0.00370
32	0.00612	0.00457	0.00511	0.00466	0.00601	0.00443	0.00359	0.05863	0.13890	0.05813	0.27752	0.02496	0.38019	0.00703	0.00388	0.00112	0.00203	0.00594	0.00347	0.00371
33	0.06201	0.00779	0.01273	0.01844	0.70714	0.00810	0.00959	0.01011	0.00738	0.01107	0.00631	0.00844	0.00539	0.00427	0.04203	0.00125	0.06814	0.00300	0.00171	0.00509
34	0.00896	0.00635	0.00684	0.00595	0.00771	0.00698	0.00468	0.15634	0.39035	0.07037	0.06283	0.01268	0.01041	0.00450	0.00323	0.00103	0.00255	0.00367	0.22975	0.00482
35	0.01440	0.00734	0.00888	0.00681	0.00949	0.00728	0.00562	0.35141	0.01233	0.52249	0.01137	0.01026	0.00740	0.00418	0.00343	0.00105	0.00325	0.00329	0.00391	0.00582
36	0.00809	0.00774	0.01320	0.18058	0.70180	0.00803	0.01031	0.01017	0.00761	0.01072	0.00637	0.00859	0.00526	0.00312	0.00339	0.00104	0.00416	0.00305	0.00166	0.00511
37	0.00722	0.15448	0.72844	0.00913	0.01385	0.00883	0.01156	0.01074	0.00718	0.01039	0.00592	0.00695	0.00434	0.00320	0.00308	0.00103	0.00483	0.00242	0.00145	0.00495
38	0.00707	0.00396	0.00526	0.00472	0.00588	0.00358	0.00361	0.00854	0.00948	0.19678	0.61246	0.08519	0.02641	0.00667	0.00393	0.00110	0.00192	0.00585	0.00382	0.00376
39	0.01407	0.00597	0.00803	0.05200	0.00944	0.00547	0.00527	0.07670	0.01009	0.70304	0.06335	0.01209	0.00950	0.00435	0.00347	0.00106	0.00298	0.00356	0.00400	0.00556
40	0.09570	0.05395	0.00836	0.00676	0.00888	0.00895	0.00540	0.15511	0.57128	0.01520	0.01196	0.01127	0.02355	0.00439	0.00328	0.00111	0.00291	0.00349	0.00323	0.00522
41	0.01518	0.00610	0.00811	0.00622	0.00887	0.00544	0.00514	0.07773	0.01025	0.79910	0.01311	0.01139	0.00827	0.00422	0.00344	0.00106	0.00297	0.00341	0.00417	0.00582
42	0.00404	0.00347	0.00347	0.00347	0.00462	0.00289	0.00260	0.00491	0.00780	0.00924	0.03465	0.03292	0.85706	0.00866	0.00404	0.00116	0.00173	0.00722	0.00318	0.00289
43	0.00752	0.00759	0.01083	0.62548	0.16787	0.10477	0.00935	0.00960	0.00733	0.00912	0.00605	0.00867	0.00469	0.00337	0.00338	0.00109	0.00466	0.00295	0.00158	0.00410
44	0.34520	0.00635	0.00719	0.00634	0.05303	0.00639	0.00486	0.02252	0.04552	0.45518	0.00984	0.00922	0.00659	0.00379	0.00295	0.00106	0.00287	0.00284	0.00327	0.00499
45	0.11216	0.00591	0.00762	0.00591	0.00850	0.00532	0.00488	0.01595	0.00936	0.76870	0.01254	0.01098	0.00795	0.00412	0.00330	0.00106	0.00288	0.00327	0.00400	0.00559
46	0.00519	0.00406	0.00473	0.00504	0.05644	0.00366	0.00350	0.00672	0.05287	0.04785	0.13488	0.05328	0.57160	0.00778	0.00397	0.00115	0.00201	0.02868	0.00322	0.00335
47	0.00608	0.00601	0.05145	0.00553	0.00721	0.06758	0.07397	0.04421	0.00854	0.04113	0.10085	0.02521	0.51779	0.00702	0.00389	0.00112	0.00272	0.02323	0.00296	0.00350
48	0.00553	0.05097	0.00663	0.12250	0.09541	0.00486	0.00485	0.01924	0.01584	0.02071	0.08042	0.15270	0.36741	0.00713	0.00384	0.00116	0.00258	0.03196	0.00277	0.00347
49	0.03073	0.00584	0.00789	0.00606	0.00870	0.00507	0.00500	0.01656	0.00972	0.84618	0.01334	0.01154	0.00839	0.00422	0.00342	0.00106	0.00291	0.00341	0.00420	0.00578
50	0.00847	0.00813	0.01388	0.02100	0.85844	0.00813	0.01050	0.01050	0.00779	0.01118	0.00643	0.00847	0.00542	0.00305	0.00339	0.00102	0.00406	0.00305	0.00169	0.00542
51	0.00481	0.00311	0.00388	0.00447	0.00487	0.00297	0.00315	0.00573	0.00682	0.00984	0.01711	0.59013	0.03058	0.00893	0.00390	0.00125	0.00197	0.06879	0.22478	0.00291
52	0.01332	0.01034	0.00979	0.00778	0.01031	0.18076	0.00629	0.55093	0.01382	0.14980	0.00845	0.00834	0.00595	0.00401	0.00336	0.00100	0.00411	0.00296	0.00322	0.00545
53	0.00487	0.00368	0.00442	0.00438	0.00534	0.00338	0.00336	0.00645	0.03903	0.02215	0.38813	0.07500	0.31768	0.00794	0.00411	0.00118	0.00190	0.10039	0.00345	0.00319
54	0.00487	0.00422	0.00581	0.15162	0.00880	0.00410	0.04883	0.00618	0.00774	0.00971	0.10276	0.09176	0.46040	0.00753	0.00401	0.00120	0.00255	0.07188	0.00287	0.00318
55	0.00697	0.00595	0.00701	0.00509	0.00800	0.00454	0.00407	0.00848	0.00701	0.01097	0.00625	0.00744	0.00525	0.00378	0.04920	0.00078	0.00289	0.00212	0.00202	0.85219
56	0.00455	0.00349	0.00417	0.00400	0.00493	0.00310	0.00300	0.00590	0.00900	0.01210	0.55962	0.02821	0.33031	0.00760	0.00404	0.00110	0.00166	0.00656	0.00355	0.00310
57	0.00683	0.05275	0.01108	0.72862	0.11802	0.00797	0.00942	0.00902	0.00695	0.00898	0.00605	0.00885	0.00465	0.00335	0.00335	0.00110	0.00446	0.00298	0.00154	0.00402
58	0.00606	0.00539	0.00875	0.56910	0.06839	0.00635	0.00784	0.00787	0.00683	0.00888	0.00932	0.15395	0.00910	0.05151	0.00441	0.00132	0.00394	0.06545	0.00195	0.00359
59	0.90395	0.00662	0.00503	0.00450	0.00662	0.00767	0.00370	0.01006	0.00582	0.01535	0.00476	0.00556	0.00370	0.00318	0.00212	0.00106	0.00265	0.00185	0.00212	0.00370
60	0.00520	0.00407	0.00641	0.00601	0.00670	0.00452	0.06594	0.00624	0.00567	0.00803	0.00959	0.08289	0.00948	0.08712	0.59821	0.05202	0.03276	0.00422	0.00192	0.00301
61	0.00594	0.00297	0.00446	0.00446	0.00446	0.00297	0.00297	0.00446	0.00446	0.00594	0.00594	0.01040	0.00594	0.01188	0.01337	0.90048	0.00297	0.00297	0.00149	0.00149
62	0.67058	0.14965	0.04530	0.00513	0.00755	0.00880	0.00460	0.05534	0.00662	0.01430	0.00501	0.00576	0.00396	0.00319	0.00225	0.00100	0.00298	0.00194	0.00205	0.00399
63	0.14883	0.00917	0.03337	0.05292	0.01019	0.12873	0.00600	0.24854	0.19571	0.11927	0.00900	0.00896	0.00653	0.00395	0.00318	0.00105	0.00367	0.00297	0.00294	0.00502
64	0.01120	0.04988	0.06125	0.00964	0.13367	0.33728	0.00700	0.10352	0.00974	0.13307	0.08025	0.00925	0.00769	0.00394	0.00349	0.00098	0.02812	0.00297	0.00242	0.00466
65	0.07055	0.00360	0.00461	0.00484	0.00548	0.00343	0.03355	0.00557	0.00699	0.00980	0.10167	0.55499	0.13827	0.03457	0.00449	0.00135	0.00214	0.00810	0.00307	0.00295
66	0.79429	0.00732	0.00563	0.00497	0.00710	0.07070	0.01207	0.01059	0.00629	0.04858	0.00517	0.00588	0.00396	0.00324	0.00226	0.00105	0.00295	0.00196	0.00217	0.00382
67	0.00787	0.07094	0.33349	0.01024	0.10052	0.00742	0.16160	0.01058	0.02082	0.09577	0.01597	0.07179	0.06931	0.00421	0.00350	0.00109	0.00425	0.00380	0.00210	0.00472
68	0.00778	0.00625	0.03221	0.06899	0.00934	0.00486	0.00476	0.00941	0.00750	0.09969	0.05281	0.00872	0.00683	0.00304	0.00280	0.00066	0.00275	0.00249	0.00230	0.66683
69	0.00748	0.00748	0.01048	0.00898	0.00898	0.01048	0.00748	0.00823	0.00524	0.00823	0.00449	0.00748	0.00449	0.00599	0.01123	0.00150	0.87352	0.00299	0.00150	0.00374
70	0.01022	0.00820	0.00870	0.00731	0.00955	0.00931	0.00583	0.33301	0.53465	0.01706	0.01175	0.01103	0.00869	0.00444	0.00346	0.00111	0.00311	0.00357	0.00346	0.00557
71	0.00458	0.00331	0.00433	0.00444	0.00504	0.00306	0.00319	0.00582	0.00853	0.01184	0.53888	0.32442	0.05306	0.00835	0.00415	0.00119	0.00175	0.00746	0.00354	0.00306
72	0.00832	0.00623	0.00756	0.00617	0.05319	0.00521	0.00462	0.08314	0.00838	0.09574	0.06965	0.00917	0.00755	0.00322	0.00285	0.00068	0.00268	0.00264	0.01821	0.60481
73	0.00769	0.00551	0.00605	0.00545	0.00690	0.01921	0.00424	0.06325	0.30350	0.06573	0.25074	0.01680	0.02864	0.00527	0.00345	0.00106	0.00231	0.02315	0.17677	0.00431
74	0.00836	0.00798	0.01336	0.06534	0.76827	0.00812	0.01017	0.01082	0.05337	0.01122	0.00682	0.00873	0.00564	0.00315	0.00339	0.00103	0.00402	0.00309	0.00178	0.00533
75	0.08793	0.00800	0.18335	0.00627	0.00858	0.03076	0.02045	0.01802	0.09931	0.14721	0.27166	0.01446	0.01459	0.00477	0.00339	0.00106	0.00296	0.00396	0.06890	0.00436
76	0.01130	0.00874	0.00983	0.05444	0.01095	0.01951	0.03311	0.59405	0.13652	0.01855	0.00949	0.06114	0.00740	0.00450	0.00350	0.00108	0.00364	0.00361	0.00324	0.00541
77	0.89445	0.00661	0.00506	0.00452	0.00664	0.00765	0.00372	0.01013	0.00586	0.02438	0.00486	0.00562	0.00376	0.00319	0.00213	0.00106	0.00265	0.00187	0.00214	0.00373
78	0.00843	0.00809	0.01382	0.03541	0.84430	0.00812	0.01048	0.01047	0.00777	0.01113	0.00643	0.00848	0.00540	0.00305	0.00339	0.00102	0.00407	0.00305	0.00169	0.00539
79	0.00730	0.00393	0.00420	0.00390	0.00497	0.00397	0.00299	0.05594	0.04640	0.06752	0.07830	0.01344	0.01052	0.00428	0.00270	0.00087	0.00185	0.00347	0.67986	0.00361
80	0.84711	0.00663	0.00525	0.00463	0.00678	0.00760	0.00382	0.02504	0.00619	0.05467	0.00523	0.00589	0.00396	0.00324	0.00220	0.00106	0.00268	0.00195	0.00224	0.00384
81	0.01294	0.00933	0.01007	0.00776	0.01046	0.01029	0.00640	0.78040	0.04600	0.05840	0.00865	0.00853	0.00610	0.00413	0.00342	0.00103	0.00369	0.00312	0.00346	0.00580
82	0.00564	0.00409	0.00513	0.00465	0.00565	0.00395	0.00355	0.08872	0.01031	0.01448	0.77361	0.02386	0.02969	0.00671	0.00397	0.00107	0.00182	0.00588	0.00373	0.00348
83	0.00834	0.00692	0.00784	0.05427	0.06017	0.06078	0.00586	0.09749	0.32037	0.04598	0.08008	0.02593	0.01221	0.00658	0.05237	0.00142	0.00356	0.14217	0.00305	0.00458
84	0.00539	0.00355	0.00437	0.00411	0.00504	0.00325	0.00310	0.00688	0.00909	0.04881	0.59347	0.02422	0.14041	0.00669	0.00379	0.00105	0.00168	0.00580	0.12601	0.00329
85	0.01740	0.00675	0.01154	0.61155	0.14149	0.00783	0.08981	0.00972	0.05191	0.00967	0.00661	0.00919	0.00505	0.00338	0.00346	0.00112	0.00448	0.00317	0.00168	0.00419
86	0.00430	0.00310	0.00407	0.00461	0.00498	0.00287	0.00316	0.00511	0.00723	0.00975	0.18616	0.67078	0.06143	0.00989	0.00429	0.00132	0.00190	0.00891	0.00329	0.00287
87	0.00449	0.00370	0.00397	0.00388	0.00499	0.00330	0.00291	0.00604	0.05891	0.01052	0.21284	0.04101	0.61519	0.00808	0.00401	0.00114	0.00177	0.00682	0.00332	0.00311
88	0.00709	0.00608	0.00709	0.00507	0.00811	0.00456	0.00405	0.00861	0.00709	0.01115	0.00608	0.00709	0.00507	0.00253	0.00253	0.00051	0.00253	0.00203	0.00203	0.90069
89	0.01535	0.00582	0.00794	0.00609	0.00873	0.00503	0.00503	0.01667	0.00979	0.86081	0.01350	0.01164	0.00847	0.00423	0.00344	0.00106	0.00291	0.00344	0.00423	0.00582
90	0.00709	0.00608	0.00709	0.00507	0.00811	0.00456	0.00405	0.00861	0.00709	0.01115	0.00608	0.00709	0.00507	0.00253	0.00253	0.00051	0.00253	0.00203	0.00203	0.90069
91	0.00676	0.00638	0.01063	0.60318	0.22294	0.00738	0.00923	0.00888	0.00714	0.00936	0.00827	0.01071	0.06746	0.00372	0.00346	0.00111	0.00423	0.00335	0.00168	0.00412
92	0.90395	0.00662	0.00503	0.00450	0.00662	0.00767	0.00370	0.01006	0.00582	0.01535	0.00476	0.00556	0.00370	0.00318	0.00212	0.00106	0.00265	0.00185	0.00212	0.00370
93	0.00928	0.00768	0.00853	0.00806	0.07063	0.00868	0.00591	0.14959	0.63143	0.02982	0.01275	0.01199	0.02108	0.00449	0.00347	0.00113	0.00296	0.00372	0.00335	0.00545
94	0.84203	0.00679	0.00547	0.00479	0.00695	0.00781	0.01247	0.05287	0.00640	0.02251	0.00503	0.00578	0.00387	0.00323	0.00221	0.00106	0.00274	0.00195	0.00220	0.00384
95	0.00410	0.00329	0.00366	0.00394	0.00475	0.00285	0.00281	0.00487	0.00736	0.00910	0.03643	0.34003	0.54604	0.00939	0.00416	0.00124	0.00182	0.00812	0.00318	0.00285
96	0.00493	0.00461	0.06765	0.02988	0.00630	0.00366	0.00402	0.00664	0.00917	0.01276	0.65969	0.02471	0.13940	0.00684	0.00396	0.00109	0.00197	0.00596	0.00345	0.00333
97	0.01460	0.00576	0.00767	0.00594	0.00845	0.00509	0.00489	0.04602	0.00983	0.76814	0.01313	0.01160	0.00839	0.00421	0.00336	0.00104	0.00284	0.00341	0.06999	0.00563
98	0.14759	0.00791	0.00872	0.00678	0.00940	0.00835	0.00560	0.45120	0.01249	0.29364	0.00941	0.00893	0.00636	0.00401	0.00323	0.00104	0.00332	0.00301	0.00349	0.00550
99	0.14950	0.07076	0.00771	0.00524	0.00805	0.00614	0.00429	0.03975	0.05202	0.01213	0.00627	0.00707	0.00511	0.00283	0.00252	0.00066	0.00269	0.00212	0.00213	0.61300
100	0.01936	0.00491	0.00642	0.00534	0.00720	0.00439	0.00425	0.01230	0.03845	0.47854	0.25124	0.06300	0.07831	0.00568	0.00369	0.00109	0.00240	0.00482	0.00392	0.00468
101	0.00783	0.00621	0.00704	0.00581	0.00751	0.03694	0.00461	0.19390	0.02483	0.02871	0.36937	0.01545	0.01697	0.00516	0.00406	0.00098	0.06659	0.00418	0.01467	0.17919
102	0.00819	0.00784	0.01338	0.13853	0.74308	0.00805	0.01036	0.01026	0.00766	0.01084	0.00639	0.00856	0.00530	0.00310	0.00339	0.00103	0.00413	0.00305	0.00167	0.00519
103	0.00735	0.00686	0.01088	0.49522	0.25631	0.00789	0.00913	0.01073	0.14093	0.01031	0.00742	0.00951	0.00573	0.00351	0.00342	0.00111	0.00413	0.00317	0.00188	0.00451
104	0.00429	0.00326	0.00392	0.00437	0.00496	0.00295	0.00311	0.00505	0.00706	0.00901	0.03807	0.44933	0.31414	0.05770	0.00500	0.00142	0.00206	0.07836	0.00312	0.00282
105	0.00446	0.00314	0.00400	0.00458	0.00479	0.00299	0.00304	0.00498	0.00627	0.00832	0.01714	0.58578	0.03919	0.22949	0.00767	0.00188	0.00239	0.06436	0.00290	0.00263
106	0.00788	0.00993	0.11223	0.06061	0.06832	0.00848	0.65862	0.01080	0.00790	0.01084	0.00676	0.00895	0.00508	0.00296	0.00388	0.00114	0.00552	0.00376	0.00168	0.00467
107	0.00435	0.00310	0.00415	0.00493	0.00520	0.00293	0.00344	0.00505	0.00668	0.00888	0.01862	0.76025	0.02209	0.02581	0.00464	0.00145	0.00215	0.11032	0.00315	0.00281
108	0.02390	0.00587	0.00793	0.00609	0.00873	0.00511	0.00503	0.02510	0.00982	0.84407	0.01336	0.01155	0.00839	0.00422	0.00343	0.00106	0.00292	0.00342	0.00421	0.00580
109	0.90395	0.00662	0.00503	0.00450	0.00662	0.00767	0.00370	0.01006	0.00582	0.01535	0.00476	0.00556	0.00370	0.00318	0.00212	0.00106	0.00265	0.00185	0.00212	0.00370
110	0.00449	0.00347	0.00409	0.00395	0.00490	0.00307	0.00296	0.00577	0.00882	0.01172	0.49106	0.04361	0.38422	0.00777	0.00404	0.00112	0.00167	0.00669	0.00350	0.00307
111	0.00808	0.04741	0.32777	0.01384	0.26699	0.02115	0.19901	0.02353	0.02211	0.02803	0.00664	0.00816	0.00506	0.00315	0.00343	0.00106	0.00478	0.00304	0.00171	0.00505
112	0.00915	0.88184	0.01793	0.00585	0.00878	0.01354	0.00585	0.01024	0.00695	0.00805	0.00476	0.00549	0.00439	0.00293	0.00219	0.00073	0.00366	0.00183	0.00146	0.00439
113	0.00703	0.00392	0.00471	0.00428	0.00552	0.00353	0.00329	0.01537	0.00869	0.17814	0.28507	0.05292	0.23299	0.00642	0.00362	0.00105	0.00193	0.00545	0.17244	0.00365
114	0.00491	0.00359	0.00512	0.00512	0.00560	0.00407	0.00380	0.00586	0.00538	0.00766	0.00951	0.01537	0.00939	0.20995	0.68307	0.00503	0.00790	0.00395	0.00188	0.00284
115	0.00852	0.00720	0.00766	0.00682	0.00872	0.00825	0.00532	0.06828	0.73889	0.01471	0.07554	0.01342	0.01176	0.00478	0.00352	0.00115	0.00269	0.00399	0.00350	0.00528
116	0.01055	0.00861	0.01282	0.04919	0.12083	0.03361	0.23412	0.30018	0.04479	0.10536	0.00863	0.04045	0.00658	0.00387	0.00361	0.00108	0.00425	0.00362	0.00269	0.00517
117	0.01263	0.00919	0.00986	0.00762	0.01025	0.01015	0.00627	0.77820	0.03681	0.03183	0.00856	0.00857	0.00610	0.00412	0.00338	0.00102	0.00363	0.00311	0.04301	0.00569
118	0.00960	0.00769	0.00961	0.11404	0.17863	0.06826	0.01765	0.24096	0.03660	0.08332	0.05411	0.01113	0.00801	0.07586	0.06801	0.00155	0.00426	0.00344	0.00257	0.00469
119	0.90395	0.00662	0.00503	0.00450	0.00662	0.00767	0.00370	0.01006	0.00582	0.01535	0.00476	0.00556	0.00370	0.00318	0.00212	0.00106	0.00265	0.00185	0.00212	0.00370
120	0.01150	0.00934	0.01132	0.11824	0.03203	0.10390	0.12291	0.42052	0.01216	0.09878	0.00796	0.00865	0.00571	0.00377	0.00346	0.00104	0.00430	0.00315	0.01612	0.00514
121	0.00851	0.00735	0.00773	0.00696	0.00890	0.00851	0.00541	0.01818	0.85226	0.01431	0.01392	0.01276	0.01044	0.00464	0.00348	0.00116	0.00271	0.00387	0.00348	0.00541
122	0.00945	0.00681	0.01011	0.17814	0.30187	0.00715	0.00764	0.13243	0.00896	0.14910	0.00842	0.00978	0.00632	0.00457	0.04144	0.00122	0.00387	0.00316	0.10467	0.00487
123	0.00910	0.00775	0.00785	0.00701	0.00898	0.05466	0.00546	0.01785	0.76206	0.05888	0.01343	0.01235	0.01001	0.00456	0.00346	0.00114	0.00291	0.00375	0.00343	0.00536
124	0.00663	0.00552	0.00654	0.00634	0.00750	0.03062	0.03796	0.05461	0.28210	0.01151	0.01592	0.36509	0.02693	0.00767	0.00402	0.00129	0.00274	0.11985	0.00319	0.00396
125	0.23353	0.01489	0.64551	0.00842	0.01274	0.00788	0.01038	0.01064	0.00687	0.01197	0.00579	0.00680	0.00417	0.00323	0.00296	0.00108	0.00445	0.00236	0.00161	0.00471
126	0.01278	0.01630	0.00969	0.00881	0.01058	0.86605	0.00661	0.01366	0.00969	0.00837	0.00529	0.00617	0.00441	0.00353	0.00308	0.00088	0.00617	0.00220	0.00176	0.00397
127	0.00632	0.00489	0.00534	0.00509	0.00587	0.00534	0.00348	0.01020	0.34163	0.00984	0.01262	0.08145	0.01239	0.46827	0.01092	0.00232	0.00298	0.00488	0.00271	0.00345
128	0.00781	0.00396	0.00527	0.00509	0.00617	0.00355	0.00375	0.00874	0.00793	0.28269	0.09215	0.48432	0.05822	0.00821	0.00402	0.00124	0.00224	0.00728	0.00357	0.00380
129	0.00835	0.00800	0.01367	0.07208	0.80831	0.00810	0.01044	0.01039	0.00773	0.01103	0.00641	0.00851	0.00537	0.00307	0.00339	0.00102	0.00409	0.00305	0.00168	0.00532
130	0.01535	0.00582	0.00794	0.00609	0.00873	0.00503	0.00503	0.01667	0.00979	0.86081	0.01350	0.01164	0.00847	0.00423	0.00344	0.00106	0.00291	0.00344	0.00423	0.00582
131	0.01020	0.00723	0.00797	0.00685	0.00898	0.00801	0.00542	0.09750	0.60582	0.17305	0.01327	0.01212	0.00961	0.00451	0.00346	0.00112	0.00284	0.00370	0.01286	0.00551
132	0.00477	0.00337	0.00394	0.00395	0.00430	0.00326	0.00254	0.00525	0.00627	0.00832	0.14058	0.07567	0.14588	0.51272	0.05045	0.00261	0.00300	0.01808	0.00257	0.00247
133	0.00964	0.05354	0.06640	0.00706	0.07058	0.00571	0.01625	0.03607	0.05155	0.31295	0.20148	0.03008	0.04987	0.00628	0.05537	0.00133	0.00326	0.01463	0.00329	0.00467
134	0.01535	0.00582	0.00794	0.00609	0.00873	0.00503	0.00503	0.01667	0.00979	0.86081	0.01350	0.01164	0.00847	0.00423	0.00344	0.00106	0.00291	0.00344	0.00423	0.00582
135	0.00455	0.00336	0.00400	0.00417	0.00495	0.00298	0.00300	0.00551	0.00785	0.03113	0.21781	0.32019	0.36036	0.00887	0.00414	0.00121	0.00182	0.00775	0.00334	0.00300
136	0.21917	0.00920	0.16439	0.00721	0.00998	0.00796	0.05094	0.16645	0.17378	0.08745	0.06343	0.00977	0.00786	0.00397	0.00317	0.00108	0.00343	0.00313	0.00277	0.00487
137	0.02257	0.01198	0.01031	0.05765	0.19436	0.45949	0.01702	0.01302	0.07094	0.07856	0.00712	0.02288	0.00572	0.00369	0.00330	0.00098	0.01102	0.00281	0.00209	0.00451
138	0.00971	0.00715	0.00777	0.00674	0.00878	0.00799	0.00531	0.09903	0.61782	0.12278	0.01316	0.01217	0.00965	0.00450	0.00341	0.00111	0.00278	0.00370	0.05105	0.00539
139	0.00745	0.00596	0.00698	0.00632	0.00758	0.05173	0.00500	0.20657	0.05908	0.01157	0.00902	0.01177	0.00780	0.01811	0.56412	0.00393	0.00734	0.00346	0.00230	0.00390
140	0.38364	0.00879	0.00769	0.00645	0.00870	0.16870	0.02783	0.12379	0.05359	0.16951	0.00746	0.00762	0.00539	0.00363	0.00284	0.00103	0.00359	0.00254	0.00267	0.00454
141	0.00491	0.00338	0.00403	0.00409	0.00427	0.00341	0.00257	0.00521	0.00542	0.00725	0.02323	0.06042	0.04887	0.65491	0.11218	0.00328	0.00383	0.04422	0.00221	0.00232
142	0.00498	0.00409	0.00486	0.00515	0.00558	0.05502	0.02621	0.00565	0.00648	0.00840	0.01606	0.55300	0.04819	0.13926	0.09846	0.00207	0.00329	0.00768	0.00275	0.00283
143	0.00832	0.00681	0.00743	0.00677	0.00851	0.00769	0.00533	0.12680	0.55927	0.01425	0.01413	0.10967	0.01212	0.00574	0.00370	0.00121	0.00282	0.09110	0.00340	0.00494
144	0.00709	0.00608	0.00709	0.00507	0.00811	0.00456	0.00405	0.00861	0.00709	0.01115	0.00608	0.00709	0.00507	0.00253	0.00253	0.00051	0.00253	0.00203	0.00203	0.90069
145	0.01079	0.32469	0.06515	0.00818	0.01073	0.40865	0.06843	0.04891	0.00873	0.00918	0.00540	0.00630	0.00452	0.00327	0.00286	0.00087	0.00507	0.00226	0.00171	0.00431
146	0.00543	0.06854	0.00675	0.00583	0.00670	0.00454	0.07137	0.05055	0.00746	0.00992	0.06657	0.60338	0.01942	0.00888	0.00413	0.00129	0.00254	0.05048	0.00298	0.00325
147	0.00583	0.00300	0.00440	0.00440	0.00447	0.00297	0.00295	0.00448	0.00466	0.00614	0.00767	0.01175	0.05705	0.01169	0.01281	0.84647	0.00290	0.00323	0.00159	0.00157
148	0.00874	0.01019	0.21514	0.08968	0.22680	0.07696	0.02720	0.01175	0.09618	0.10703	0.00815	0.00986	0.00637	0.06793	0.00438	0.00121	0.00420	0.00313	0.00213	0.02297
149	0.00790	0.03481	0.56401	0.00979	0.05612	0.00826	0.04880	0.11773	0.05335	0.01914	0.04289	0.00857	0.00616	0.00356	0.00334	0.00107	0.00455	0.00291	0.00195	0.00508

[dist]
# distance from previous block
# <min> <max>
0	4

[block]
# block no. 4 follows, 82 sequences, length 20
# corresponding to MSA columns:
# 273-292
name=unknown_E
#
# <colnr> <probs for GDERKNQSTAVLIFYWHMCP>
#	G	D	E	R	K	N	Q	S	T	A	V	L	I	F	Y	W	H	M	C	P
0	0.00728	0.00655	0.00864	0.04384	0.11588	0.03240	0.08253	0.02896	0.21387	0.02697	0.04824	0.01634	0.20431	0.02769	0.00409	0.00112	0.02177	0.01112	0.00269	0.09572
1	0.00846	0.00741	0.10068	0.00891	0.17542	0.00566	0.01793	0.01050	0.02757	0.15590	0.09512	0.01106	0.03730	0.00372	0.00318	0.00087	0.00310	0.00319	0.00252	0.32151
2	0.00551	0.00475	0.05509	0.02673	0.05493	0.00390	0.00439	0.00664	0.00710	0.04023	0.12050	0.43911	0.01787	0.07848	0.01800	0.00141	0.00261	0.00676	0.00283	0.10316
3	0.10006	0.00704	0.04537	0.01574	0.00909	0.01385	0.08939	0.14293	0.08051	0.06489	0.05197	0.03551	0.15755	0.00471	0.00335	0.00100	0.00307	0.00396	0.00276	0.16725
4	0.00728	0.00597	0.00915	0.21907	0.12570	0.02399	0.07572	0.00897	0.00763	0.08526	0.08564	0.17907	0.01114	0.00501	0.00357	0.00106	0.00342	0.00457	0.00240	0.13536
5	0.03069	0.01000	0.00935	0.00772	0.00988	0.20058	0.02995	0.41455	0.09582	0.01568	0.02095	0.06273	0.00741	0.01592	0.01618	0.00112	0.01708	0.00343	0.00286	0.02809
6	0.00709	0.00608	0.00709	0.00507	0.00811	0.00456	0.00405	0.00861	0.00709	0.01115	0.00608	0.00709	0.00507	0.00253	0.00253	0.00051	0.00253	0.00203	0.00203	0.90069
7	0.00446	0.00323	0.00430	0.00478	0.00514	0.00320	0.00335	0.00521	0.00640	0.00859	0.03874	0.51005	0.07034	0.09986	0.17672	0.00238	0.00357	0.04407	0.00281	0.00280
8	0.00726	0.34486	0.25621	0.00744	0.01044	0.00896	0.08051	0.00931	0.00727	0.00959	0.05228	0.11901	0.03628	0.00461	0.00317	0.00101	0.00385	0.03176	0.00193	0.00425
9	0.00653	0.01318	0.55311	0.05920	0.05008	0.00698	0.03488	0.00991	0.02896	0.01118	0.13902	0.01172	0.05230	0.00413	0.00346	0.00109	0.00425	0.00346	0.00197	0.00460
10	0.05801	0.00498	0.00561	0.00534	0.00578	0.06233	0.00386	0.00660	0.00552	0.00785	0.00863	0.01528	0.00898	0.36322	0.28827	0.03005	0.11109	0.00389	0.00189	0.00280
11	0.09638	0.05859	0.00937	0.00679	0.00944	0.00846	0.00566	0.41622	0.01229	0.32795	0.00963	0.00907	0.00651	0.00400	0.00324	0.00102	0.00334	0.00303	0.00348	0.00554
12	0.02895	0.50086	0.09882	0.00656	0.00946	0.04936	0.00639	0.07228	0.04566	0.11232	0.00678	0.00722	0.00537	0.00408	0.03181	0.00102	0.00395	0.00235	0.00207	0.00470
13	0.05838	0.02294	0.13933	0.00660	0.00805	0.00655	0.01906	0.02530	0.05628	0.01046	0.13590	0.07083	0.07556	0.07680	0.07053	0.01431	0.19276	0.00434	0.00233	0.00369
14	0.00683	0.00369	0.00488	0.00499	0.00584	0.00332	0.00358	0.00762	0.00741	0.21216	0.01865	0.61327	0.07614	0.00903	0.00412	0.00129	0.00219	0.00805	0.00343	0.00351
15	0.01037	0.00728	0.01030	0.17029	0.03427	0.06357	0.13590	0.10493	0.02178	0.26691	0.06449	0.01269	0.04556	0.00433	0.00361	0.00110	0.00387	0.03114	0.00290	0.00474
16	0.08628	0.07004	0.13227	0.03853	0.06398	0.03751	0.09968	0.03499	0.02745	0.12240	0.03545	0.15538	0.04139	0.00515	0.00350	0.00112	0.00361	0.03443	0.00252	0.00433
17	0.16552	0.06923	0.02096	0.00842	0.06713	0.01538	0.14961	0.10371	0.13056	0.10808	0.00918	0.04202	0.00753	0.06372	0.00423	0.00124	0.00360	0.02266	0.00260	0.00460
18	0.05570	0.03056	0.15267	0.06295	0.30800	0.03857	0.07491	0.06605	0.00849	0.15811	0.00757	0.00859	0.00557	0.00338	0.00332	0.00104	0.00417	0.00299	0.00221	0.00513
19	0.04745	0.00737	0.01202	0.27788	0.43572	0.00788	0.04580	0.04850	0.01929	0.02402	0.02624	0.00904	0.00582	0.00333	0.00338	0.00106	0.00410	0.00311	0.00185	0.01613

[dist]
# distance from previous block
# <min> <max>
0	693

# created by:
# /home/cegg/simao/soft/augustus-3.2.1/scripts/msa2prfl.pl ./align_prep/EOG092C4FYC.fa
