[name]
unknown

[dist]
# distance from previous block
# <min> <max>
1	14

[block]
# block no. 0 follows, 64 sequences, length 27
# corresponding to MSA columns:
# 60-86
name=unknown_A
#
# <colnr> <probs for GDERKNQSTAVLIFYWHMCP>
#	G	D	E	R	K	N	Q	S	T	A	V	L	I	F	Y	W	H	M	C	P
0	0.01129	0.00963	0.01177	0.23868	0.07534	0.06047	0.02431	0.16626	0.25074	0.05419	0.01109	0.01193	0.00826	0.00471	0.00412	0.00130	0.00459	0.00393	0.00320	0.04420
1	0.01059	0.04892	0.01611	0.06566	0.64271	0.01038	0.01172	0.07043	0.05696	0.01436	0.00838	0.01043	0.00685	0.00392	0.00406	0.00124	0.00482	0.00369	0.00231	0.00645
2	0.01214	0.00864	0.01186	0.05312	0.15717	0.03821	0.06068	0.04013	0.03495	0.23006	0.01025	0.01088	0.00750	0.00400	0.00382	0.00105	0.00413	0.00348	0.00314	0.30481
3	0.01139	0.00735	0.00892	0.00656	0.01008	0.00585	0.00530	0.01349	0.03558	0.23534	0.01013	0.01033	0.00748	0.00372	0.00341	0.00082	0.00321	0.00300	0.00324	0.61482
4	0.00861	0.00738	0.00861	0.00615	0.00984	0.00554	0.00492	0.01046	0.00861	0.01354	0.00738	0.00861	0.00615	0.00308	0.00308	0.00062	0.00308	0.00246	0.00246	0.87941
5	0.03227	0.22936	0.37826	0.01008	0.04436	0.01059	0.02822	0.01406	0.00923	0.15595	0.00859	0.00923	0.00625	0.00400	0.00362	0.00117	0.00502	0.00307	0.00242	0.04425
6	0.88336	0.00803	0.00611	0.00546	0.00803	0.00932	0.00450	0.01221	0.00707	0.01864	0.00578	0.00675	0.00450	0.00386	0.00257	0.00129	0.00321	0.00225	0.00257	0.00450
7	0.00601	0.00415	0.00513	0.00513	0.00534	0.00435	0.00327	0.00643	0.00622	0.00850	0.01254	0.02413	0.01377	0.62264	0.25071	0.00477	0.00602	0.00559	0.00243	0.00285
8	0.01147	0.33285	0.30766	0.00929	0.01369	0.01260	0.01012	0.16573	0.02254	0.06608	0.00800	0.00864	0.00605	0.00410	0.00352	0.00114	0.00500	0.00297	0.00247	0.00608
9	0.01062	0.36067	0.11180	0.04060	0.33821	0.01254	0.01044	0.03226	0.00922	0.02764	0.00713	0.00870	0.00596	0.00374	0.00350	0.00111	0.00485	0.00303	0.00201	0.00597
10	0.00496	0.00417	0.00431	0.00437	0.00567	0.00351	0.00324	0.00603	0.00945	0.01140	0.07333	0.09921	0.73492	0.01062	0.00494	0.00142	0.00212	0.00894	0.00389	0.00351
11	0.00952	0.01792	0.59102	0.03011	0.15548	0.00959	0.02633	0.03934	0.00942	0.06112	0.00813	0.00946	0.00586	0.00400	0.00401	0.00130	0.00573	0.00330	0.00209	0.00626
12	0.02112	0.24960	0.07766	0.00776	0.02075	0.01837	0.03121	0.06621	0.02224	0.02490	0.00739	0.00841	0.00605	0.00352	0.00320	0.00086	0.00400	0.00267	0.00237	0.42168
13	0.01014	0.10992	0.01055	0.00779	0.01022	0.00976	0.02598	0.06594	0.46430	0.05166	0.07120	0.01802	0.11478	0.00607	0.00418	0.00132	0.00337	0.00502	0.00389	0.00589
14	0.00512	0.00364	0.00480	0.00571	0.00594	0.00341	0.00378	0.00580	0.00784	0.01046	0.02232	0.80342	0.02675	0.06188	0.00622	0.00182	0.00250	0.01147	0.00378	0.00332
15	0.00912	0.18346	0.08537	0.04260	0.07729	0.04127	0.05740	0.04132	0.06069	0.04627	0.01447	0.25537	0.05463	0.00700	0.00423	0.00133	0.00414	0.00607	0.00293	0.00503
16	0.00906	0.18018	0.32716	0.01058	0.10570	0.03413	0.01006	0.01191	0.00945	0.04674	0.11207	0.01491	0.10088	0.00519	0.00394	0.00122	0.00464	0.00419	0.00253	0.00546
17	0.00591	0.00407	0.00504	0.00515	0.00534	0.00421	0.00326	0.00632	0.00640	0.00870	0.01377	0.11881	0.01547	0.57549	0.20047	0.00435	0.00542	0.00635	0.00260	0.00288
18	0.02759	0.08695	0.17934	0.03534	0.01412	0.00938	0.11390	0.13402	0.02415	0.26387	0.01158	0.06220	0.00867	0.00496	0.00413	0.00129	0.00473	0.00423	0.00337	0.00618
19	0.01061	0.06335	0.11975	0.11756	0.06742	0.21636	0.05543	0.04765	0.01803	0.05006	0.04286	0.07360	0.08874	0.00557	0.00416	0.00127	0.00524	0.00459	0.00265	0.00511
20	0.00992	0.01043	0.07194	0.15094	0.47511	0.00977	0.16159	0.01276	0.00936	0.03629	0.00808	0.01059	0.00638	0.00379	0.00426	0.00130	0.00545	0.00389	0.00210	0.00607
21	0.00634	0.00454	0.00612	0.00693	0.00767	0.00449	0.00554	0.03753	0.00925	0.01217	0.02192	0.38606	0.02479	0.01188	0.00549	0.00179	0.00325	0.43661	0.00385	0.00375
22	0.00976	0.04048	0.01520	0.31818	0.46297	0.01006	0.01182	0.05854	0.00959	0.01310	0.00771	0.01041	0.00619	0.00393	0.00408	0.00128	0.00511	0.00364	0.00209	0.00585
23	0.01039	0.61183	0.20802	0.00885	0.01303	0.01451	0.05956	0.01266	0.00860	0.01077	0.00633	0.00743	0.00538	0.00364	0.00310	0.00102	0.00499	0.00258	0.00179	0.00553
24	0.01317	0.00586	0.00768	0.00637	0.00868	0.00510	0.00507	0.01468	0.01117	0.49509	0.15769	0.08311	0.15387	0.00719	0.00451	0.00134	0.00295	0.00608	0.00473	0.00567
25	0.02587	0.01443	0.30992	0.01372	0.01785	0.02840	0.35634	0.01257	0.00893	0.01275	0.00859	0.02631	0.02406	0.00451	0.00565	0.00142	0.11693	0.00420	0.00202	0.00553
26	0.05033	0.06657	0.01255	0.01078	0.06627	0.37423	0.02628	0.14240	0.09696	0.06448	0.00872	0.00939	0.00676	0.00460	0.00425	0.00120	0.04249	0.00326	0.00284	0.00564

[dist]
# distance from previous block
# <min> <max>
1	5

[block]
# block no. 1 follows, 64 sequences, length 28
# corresponding to MSA columns:
# 103-126,141-144
name=unknown_B
#
# <colnr> <probs for GDERKNQSTAVLIFYWHMCP>
#	G	D	E	R	K	N	Q	S	T	A	V	L	I	F	Y	W	H	M	C	P
0	0.00907	0.03640	0.01180	0.07164	0.18045	0.00951	0.00838	0.03414	0.11396	0.01282	0.01165	0.04833	0.06037	0.00600	0.00660	0.00139	0.22326	0.03656	0.00262	0.11507
1	0.04396	0.09014	0.22894	0.03880	0.12564	0.00827	0.00902	0.03040	0.03248	0.03568	0.01286	0.21365	0.04159	0.00636	0.00412	0.00131	0.00422	0.00544	0.00269	0.06443
2	0.32552	0.00981	0.00947	0.00839	0.04359	0.08939	0.02222	0.12546	0.15723	0.12020	0.00996	0.01008	0.00733	0.00449	0.00353	0.00125	0.00401	0.00330	0.00333	0.04144
3	0.13652	0.00954	0.08910	0.01338	0.27958	0.00849	0.00877	0.04781	0.07354	0.15489	0.04065	0.02210	0.04912	0.00487	0.00396	0.00127	0.00407	0.01365	0.00312	0.03557
4	0.01007	0.00981	0.01260	0.23552	0.25392	0.10438	0.00955	0.03952	0.07584	0.01311	0.00826	0.01023	0.00658	0.00396	0.00387	0.00114	0.00485	0.00340	0.00234	0.19104
5	0.01184	0.00935	0.01433	0.13569	0.47768	0.03016	0.01079	0.07846	0.01058	0.15233	0.00989	0.01142	0.02014	0.00424	0.00414	0.00126	0.00477	0.00384	0.00275	0.00633
6	0.01222	0.07305	0.01251	0.01058	0.05301	0.29548	0.02810	0.04162	0.09695	0.06080	0.04672	0.01071	0.00832	0.00599	0.02767	0.00146	0.20338	0.00359	0.00262	0.00523
7	0.00932	0.01627	0.46790	0.01327	0.04045	0.00954	0.24521	0.01370	0.04273	0.05393	0.02942	0.01119	0.00729	0.00417	0.00430	0.00135	0.00597	0.01579	0.00223	0.00597
8	0.04412	0.00996	0.03360	0.00904	0.03849	0.10460	0.01968	0.23760	0.03026	0.24933	0.08116	0.02826	0.01225	0.00582	0.00429	0.00132	0.00432	0.07588	0.00398	0.00603
9	0.00783	0.00665	0.03206	0.00873	0.01965	0.00622	0.14300	0.01056	0.10110	0.06831	0.04176	0.42701	0.03181	0.00893	0.00516	0.00151	0.03111	0.00818	0.00351	0.03691
10	0.00768	0.00375	0.00558	0.00549	0.00562	0.00371	0.00371	0.00601	0.00567	0.04062	0.00759	0.01269	0.00734	0.01405	0.01574	0.84355	0.00360	0.00363	0.00194	0.00202
11	0.00897	0.06470	0.17318	0.01018	0.10911	0.00776	0.05123	0.01150	0.00886	0.02263	0.00866	0.00996	0.03327	0.00365	0.00352	0.00092	0.00417	0.00307	0.00229	0.46237
12	0.00506	0.00421	0.00442	0.00437	0.00570	0.00357	0.00328	0.00626	0.00983	0.01208	0.16649	0.03855	0.70147	0.01020	0.00491	0.00139	0.00208	0.00857	0.00397	0.00357
13	0.00618	0.00434	0.00531	0.00560	0.00602	0.00436	0.00394	0.00713	0.02686	0.00981	0.01751	0.08586	0.05952	0.47909	0.05395	0.00326	0.00409	0.21102	0.00304	0.00312
14	0.00902	0.01014	0.05368	0.33011	0.05734	0.00996	0.44345	0.01226	0.00918	0.01229	0.00795	0.01101	0.00598	0.00377	0.00455	0.00138	0.00633	0.00432	0.00199	0.00529
15	0.00499	0.00409	0.00441	0.00459	0.00573	0.00350	0.00334	0.00602	0.00927	0.01138	0.07892	0.20853	0.61896	0.01093	0.00499	0.00146	0.00216	0.00933	0.00389	0.00350
16	0.01388	0.01242	0.01156	0.00967	0.01187	0.22807	0.00774	0.28341	0.09339	0.08317	0.00948	0.01019	0.00722	0.00532	0.00586	0.00132	0.16807	0.00357	0.02794	0.00585
17	0.00966	0.01004	0.01264	0.01089	0.01108	0.08638	0.00899	0.01058	0.00684	0.01001	0.00554	0.00894	0.00544	0.00700	0.01275	0.00175	0.77149	0.00355	0.00185	0.00457
18	0.00973	0.01372	0.26156	0.01454	0.03908	0.00991	0.43372	0.01424	0.08455	0.04920	0.00978	0.01145	0.01991	0.00402	0.00450	0.00137	0.00612	0.00434	0.00235	0.00591
19	0.00747	0.00698	0.01140	0.73652	0.02566	0.00850	0.01046	0.01002	0.00845	0.01069	0.01182	0.01477	0.11063	0.00497	0.00425	0.00139	0.00510	0.00434	0.00210	0.00447
20	0.01559	0.01179	0.01234	0.00955	0.01281	0.03761	0.00785	0.76289	0.04696	0.02539	0.01011	0.01009	0.00721	0.00499	0.00415	0.00125	0.00461	0.00374	0.00410	0.00698
21	0.00780	0.00731	0.01229	0.79994	0.04356	0.00905	0.01130	0.01049	0.00832	0.01067	0.00791	0.03914	0.00629	0.00444	0.00419	0.00139	0.00542	0.00396	0.00192	0.00461
22	0.00593	0.00445	0.00668	0.00668	0.00742	0.00519	0.00519	0.00742	0.00668	0.00964	0.01113	0.01632	0.01038	0.03115	0.83756	0.00668	0.01113	0.00445	0.00223	0.00371
23	0.00537	0.00423	0.00485	0.00469	0.00589	0.00370	0.00352	0.00685	0.01056	0.01380	0.41450	0.03572	0.45239	0.00956	0.00490	0.00136	0.00204	0.00817	0.00420	0.00370
24	0.00602	0.00437	0.00645	0.00645	0.00709	0.00501	0.00490	0.00720	0.00655	0.00938	0.01102	0.01685	0.01052	0.08801	0.72877	0.06102	0.01016	0.00451	0.00222	0.00351
25	0.01092	0.35942	0.19516	0.01003	0.06739	0.08489	0.00936	0.07435	0.09201	0.01292	0.00845	0.01024	0.00704	0.00436	0.00353	0.00114	0.00498	0.03574	0.00233	0.00574
26	0.00535	0.00382	0.00515	0.00611	0.00648	0.00362	0.00436	0.00628	0.00824	0.01093	0.02273	0.70941	0.02684	0.01274	0.00538	0.00173	0.00266	0.15086	0.00385	0.00345
27	0.00595	0.00438	0.00633	0.00633	0.00695	0.00500	0.00476	0.00719	0.00657	0.00938	0.01144	0.01808	0.01115	0.16495	0.70481	0.00624	0.00997	0.00471	0.00227	0.00351

[dist]
# distance from previous block
# <min> <max>
1	2

[block]
# block no. 2 follows, 64 sequences, length 49
# corresponding to MSA columns:
# 147-176,181-199
name=unknown_C
#
# <colnr> <probs for GDERKNQSTAVLIFYWHMCP>
#	G	D	E	R	K	N	Q	S	T	A	V	L	I	F	Y	W	H	M	C	P
0	0.00886	0.02720	0.04345	0.47745	0.29113	0.00968	0.04308	0.01178	0.02508	0.01190	0.00772	0.01073	0.00604	0.00399	0.00413	0.00132	0.00535	0.00371	0.00197	0.00541
1	0.02799	0.01683	0.49902	0.03702	0.28066	0.02638	0.01392	0.01295	0.00896	0.01323	0.00748	0.00925	0.00568	0.00393	0.00414	0.00129	0.01994	0.00327	0.00188	0.00615
2	0.02536	0.00695	0.00972	0.00895	0.08827	0.00629	0.01727	0.03935	0.01131	0.56017	0.06152	0.10622	0.02724	0.00610	0.00434	0.00133	0.00351	0.00520	0.00455	0.00633
3	0.00491	0.00421	0.00421	0.00421	0.00561	0.00351	0.00316	0.00596	0.00947	0.01122	0.04208	0.03997	0.82643	0.01052	0.00491	0.00140	0.00210	0.00877	0.00386	0.00351
4	0.01562	0.01173	0.01236	0.00955	0.01282	0.03056	0.00786	0.77255	0.04416	0.02556	0.01011	0.01009	0.00720	0.00499	0.00415	0.00125	0.00459	0.00375	0.00411	0.00700
5	0.00932	0.00890	0.01507	0.34233	0.46187	0.00966	0.03474	0.01231	0.04178	0.01257	0.00803	0.01083	0.00641	0.00395	0.00415	0.00130	0.00516	0.00377	0.00206	0.00579
6	0.00993	0.19069	0.38189	0.01211	0.04915	0.01088	0.17952	0.01335	0.00913	0.06193	0.00786	0.00922	0.00588	0.00380	0.00387	0.00121	0.00565	0.00335	0.00207	0.03851
7	0.00509	0.00363	0.00484	0.00577	0.00603	0.00339	0.00386	0.00585	0.00807	0.01080	0.04859	0.82506	0.02785	0.01287	0.00529	0.00167	0.00240	0.01167	0.00388	0.00339
8	0.00593	0.00445	0.00668	0.00668	0.00742	0.00519	0.00519	0.00742	0.00668	0.00964	0.01113	0.01632	0.01038	0.03115	0.83756	0.00668	0.01113	0.00445	0.00223	0.00371
9	0.01085	0.49052	0.28291	0.00890	0.01317	0.06973	0.00979	0.01331	0.00893	0.04833	0.00685	0.00774	0.00554	0.00380	0.00322	0.00106	0.00516	0.00262	0.00195	0.00564
10	0.00705	0.00372	0.00558	0.00558	0.00568	0.00382	0.00382	0.00568	0.00558	0.00754	0.00773	0.01311	0.00763	0.01664	0.12473	0.76390	0.00460	0.00372	0.00186	0.00206
11	0.00533	0.00366	0.00476	0.00560	0.00593	0.00344	0.00377	0.00620	0.00814	0.01123	0.04821	0.75033	0.02636	0.01214	0.00508	0.00161	0.00235	0.01096	0.08147	0.00344
12	0.00519	0.00366	0.00480	0.00566	0.00598	0.00341	0.00381	0.00601	0.00814	0.01102	0.05122	0.77449	0.04233	0.01249	0.00519	0.00164	0.00237	0.01129	0.03788	0.00341
13	0.00974	0.00992	0.05136	0.10653	0.65881	0.00957	0.03511	0.01230	0.00927	0.01314	0.00834	0.04184	0.00719	0.00410	0.00418	0.00127	0.00501	0.00401	0.00209	0.00621
14	0.01187	0.01714	0.21043	0.02881	0.04112	0.37835	0.16495	0.01438	0.01015	0.01158	0.00713	0.00890	0.00564	0.00463	0.01799	0.00134	0.05495	0.00333	0.00201	0.00530
15	0.38304	0.02746	0.02234	0.07500	0.27564	0.05494	0.02128	0.06044	0.00908	0.02569	0.00703	0.00863	0.00557	0.00392	0.00342	0.00126	0.00439	0.00301	0.00242	0.00544
16	0.00628	0.00494	0.00774	0.00799	0.05224	0.00554	0.03399	0.00782	0.00697	0.00998	0.01132	0.04596	0.01076	0.04721	0.71424	0.00595	0.01017	0.00473	0.00228	0.00389
17	0.05757	0.00665	0.00869	0.00685	0.00970	0.00590	0.00560	0.01798	0.01139	0.66575	0.06865	0.01580	0.03847	0.00545	0.00410	0.00127	0.00328	0.00443	0.05602	0.00644
18	0.01176	0.73220	0.02028	0.00764	0.01098	0.13841	0.00724	0.01305	0.00893	0.00983	0.00587	0.00679	0.00533	0.00366	0.00283	0.00092	0.00490	0.00229	0.00183	0.00525
19	0.07348	0.00799	0.01148	0.06222	0.17759	0.00760	0.03262	0.04641	0.01090	0.44799	0.02616	0.01242	0.00888	0.00459	0.00403	0.00125	0.00401	0.00389	0.00386	0.05263
20	0.01121	0.03580	0.04112	0.00940	0.01126	0.40090	0.03600	0.01318	0.05021	0.01111	0.01170	0.07219	0.01150	0.03329	0.06126	0.00179	0.01873	0.16212	0.00268	0.00456
21	0.00506	0.00361	0.00482	0.00578	0.00602	0.00337	0.00386	0.00578	0.00795	0.01060	0.02289	0.85131	0.02747	0.01301	0.00530	0.00169	0.00241	0.01181	0.00386	0.00337
22	0.00496	0.00421	0.00428	0.00426	0.00564	0.00353	0.00320	0.00606	0.00959	0.01151	0.08304	0.03951	0.78529	0.01041	0.00491	0.00140	0.00210	0.00870	0.00389	0.00353
23	0.01856	0.00719	0.00971	0.00745	0.01066	0.00628	0.00615	0.04064	0.01208	0.81031	0.01622	0.01403	0.01020	0.00514	0.00418	0.00128	0.00356	0.00417	0.00512	0.00707
24	0.01028	0.00987	0.01686	0.02550	0.82811	0.00987	0.01275	0.01275	0.00946	0.01357	0.00781	0.01028	0.00658	0.00370	0.00411	0.00123	0.00493	0.00370	0.00206	0.00658
25	0.00722	0.00361	0.00541	0.00541	0.00541	0.00361	0.00361	0.00541	0.00541	0.00722	0.00722	0.01263	0.00722	0.01443	0.01623	0.87915	0.00361	0.00361	0.00180	0.00180
26	0.00998	0.00956	0.01631	0.12690	0.72907	0.00979	0.01260	0.01248	0.00932	0.01320	0.00776	0.01038	0.00645	0.00376	0.00412	0.00125	0.00501	0.00370	0.00203	0.00634
27	0.01006	0.00965	0.01646	0.09921	0.75611	0.00981	0.01264	0.01256	0.00935	0.01330	0.00777	0.01035	0.00649	0.00374	0.00412	0.00125	0.00499	0.00370	0.00204	0.00640
28	0.01055	0.04386	0.04775	0.01539	0.13105	0.02605	0.41384	0.06049	0.09971	0.03691	0.00933	0.01105	0.00710	0.00390	0.00439	0.00128	0.00568	0.00425	0.00253	0.06490
29	0.84958	0.00817	0.00635	0.00562	0.00822	0.00946	0.00463	0.04344	0.00755	0.01893	0.00595	0.00687	0.00460	0.00390	0.00263	0.00128	0.00327	0.00231	0.00263	0.00460
30	0.00594	0.00441	0.00648	0.00648	0.00715	0.00508	0.00495	0.00729	0.00662	0.00950	0.01131	0.01732	0.01082	0.10712	0.76219	0.00643	0.01047	0.00460	0.00225	0.00360
31	0.00873	0.02092	0.80046	0.01167	0.01769	0.00951	0.01499	0.01343	0.00889	0.04500	0.00780	0.00898	0.00546	0.00399	0.00396	0.00131	0.00604	0.00311	0.00189	0.00617
32	0.04829	0.01058	0.01566	0.04902	0.66718	0.08439	0.01181	0.01291	0.00943	0.01327	0.00751	0.00986	0.00631	0.00389	0.00432	0.00124	0.03251	0.00354	0.00207	0.00620
33	0.00506	0.00361	0.00482	0.00578	0.00602	0.00337	0.00386	0.00578	0.00795	0.01060	0.02289	0.85131	0.02747	0.01301	0.00530	0.00169	0.00241	0.01181	0.00386	0.00337
34	0.00774	0.00387	0.00387	0.00387	0.00484	0.00387	0.00290	0.00968	0.00871	0.01549	0.01355	0.01549	0.01065	0.00484	0.00290	0.00097	0.00194	0.00387	0.87708	0.00387
35	0.00774	0.00387	0.00387	0.00387	0.00484	0.00387	0.00290	0.00968	0.00871	0.01549	0.01355	0.01549	0.01065	0.00484	0.00290	0.00097	0.00194	0.00387	0.87708	0.00387
36	0.00649	0.00421	0.00548	0.00589	0.00663	0.00392	0.00419	0.00782	0.03069	0.07892	0.14129	0.56890	0.06770	0.01132	0.00512	0.00158	0.00250	0.03941	0.00408	0.00387
37	0.00880	0.00877	0.01313	0.64067	0.11532	0.07450	0.02666	0.01135	0.00866	0.01093	0.00730	0.01063	0.00565	0.00422	0.00449	0.00136	0.03716	0.00363	0.00190	0.00486
38	0.00774	0.00387	0.00387	0.00387	0.00484	0.00387	0.00290	0.00968	0.00871	0.01549	0.01355	0.01549	0.01065	0.00484	0.00290	0.00097	0.00194	0.00387	0.87708	0.00387
39	0.00512	0.00422	0.00450	0.00445	0.00577	0.00360	0.00335	0.00635	0.00990	0.01226	0.18817	0.03841	0.66676	0.01016	0.00492	0.00139	0.00210	0.02098	0.00399	0.00359
40	0.00933	0.01040	0.02231	0.01620	0.02001	0.00975	0.71927	0.01258	0.00971	0.01310	0.01055	0.04530	0.03005	0.00446	0.00496	0.00144	0.00653	0.04635	0.00230	0.00537
41	0.06684	0.00886	0.00967	0.02211	0.02638	0.00972	0.00657	0.17018	0.42941	0.06463	0.06587	0.01413	0.01194	0.00530	0.00406	0.00129	0.00351	0.00431	0.00397	0.07125
42	0.04648	0.05419	0.01450	0.15636	0.39562	0.14564	0.01054	0.06717	0.01028	0.04929	0.00785	0.00978	0.00625	0.00402	0.00393	0.00122	0.00527	0.00342	0.00232	0.00587
43	0.00908	0.24765	0.61292	0.01056	0.01600	0.01149	0.01312	0.01296	0.00868	0.01224	0.00700	0.00820	0.00528	0.00384	0.00360	0.00120	0.00568	0.00284	0.00176	0.00592
44	0.01052	0.00913	0.01012	0.01018	0.08653	0.05302	0.00744	0.10712	0.44727	0.01657	0.01544	0.01962	0.01302	0.00642	0.00465	0.00146	0.02084	0.15087	0.00379	0.00599
45	0.01445	0.01732	0.01177	0.01063	0.02746	0.67160	0.04348	0.01591	0.02703	0.04713	0.02993	0.01031	0.04577	0.00470	0.00392	0.00113	0.00677	0.00331	0.00245	0.00493
46	0.00768	0.00677	0.00817	0.00741	0.00790	0.06553	0.02903	0.02033	0.00697	0.00943	0.01018	0.01840	0.01071	0.37707	0.19191	0.00374	0.20810	0.00482	0.00227	0.00358
47	0.33007	0.01276	0.07003	0.02106	0.04323	0.23963	0.11547	0.03006	0.01877	0.07230	0.00749	0.00857	0.00567	0.00406	0.00355	0.00124	0.00527	0.00305	0.00253	0.00519
48	0.24206	0.01074	0.01035	0.00919	0.05256	0.09242	0.00701	0.30532	0.15026	0.04504	0.00967	0.00994	0.00721	0.00473	0.00395	0.00128	0.02544	0.00341	0.00342	0.00600

[dist]
# distance from previous block
# <min> <max>
0	1

[block]
# block no. 3 follows, 64 sequences, length 14
# corresponding to MSA columns:
# 218-224,234-240
name=unknown_D
#
# <colnr> <probs for GDERKNQSTAVLIFYWHMCP>
#	G	D	E	R	K	N	Q	S	T	A	V	L	I	F	Y	W	H	M	C	P
0	0.01003	0.00852	0.00910	0.00811	0.01040	0.00966	0.00631	0.04447	0.69489	0.01746	0.09232	0.01657	0.01479	0.00580	0.00425	0.00137	0.00320	0.00486	0.00420	0.03368
1	0.00774	0.00387	0.00387	0.00387	0.00484	0.00387	0.00290	0.00968	0.00871	0.01549	0.01355	0.01549	0.01065	0.00484	0.00290	0.00097	0.00194	0.00387	0.87708	0.00387
2	0.00495	0.00421	0.00427	0.00425	0.00564	0.00353	0.00319	0.00605	0.00957	0.01147	0.07801	0.03956	0.79034	0.01043	0.00491	0.00140	0.00210	0.00871	0.00389	0.00353
3	0.00774	0.00387	0.00387	0.00387	0.00484	0.00387	0.00290	0.00968	0.00871	0.01549	0.01355	0.01549	0.01065	0.00484	0.00290	0.00097	0.00194	0.00387	0.87708	0.00387
4	0.00784	0.00738	0.01246	0.84404	0.02861	0.00923	0.01154	0.01061	0.00831	0.01061	0.00738	0.01107	0.00554	0.00415	0.00415	0.00138	0.00554	0.00369	0.00185	0.00461
5	0.00582	0.00424	0.00547	0.00516	0.00617	0.00389	0.00387	0.00772	0.01161	0.01632	0.77682	0.03159	0.08851	0.00862	0.00490	0.00131	0.00197	0.00759	0.00453	0.00389
6	0.00861	0.00738	0.00861	0.00615	0.00984	0.00554	0.00492	0.01046	0.00861	0.01354	0.00738	0.00861	0.00615	0.00308	0.00308	0.00062	0.00308	0.00246	0.00246	0.87941
7	0.00914	0.00871	0.01480	0.40801	0.45450	0.00957	0.01218	0.01175	0.00892	0.01219	0.00761	0.01065	0.00609	0.00391	0.00413	0.00130	0.00522	0.00370	0.00196	0.00566
8	0.03542	0.04367	0.03204	0.00794	0.03063	0.00723	0.00653	0.07460	0.03210	0.60079	0.04092	0.01486	0.02956	0.00532	0.00414	0.00128	0.00366	0.01804	0.00461	0.00665
9	0.01021	0.04237	0.07814	0.06886	0.09670	0.03369	0.44616	0.01427	0.09580	0.04427	0.00922	0.01119	0.00696	0.00397	0.00464	0.00135	0.01970	0.00435	0.00238	0.00578
10	0.00520	0.00378	0.00493	0.00572	0.00616	0.00351	0.00397	0.00611	0.00844	0.01118	0.07816	0.67309	0.09995	0.01239	0.00527	0.00165	0.00244	0.06068	0.00390	0.00345
11	0.02608	0.02740	0.20106	0.10353	0.37775	0.02544	0.01152	0.01228	0.02947	0.02925	0.02980	0.08958	0.00908	0.00489	0.00415	0.00131	0.00490	0.00437	0.00232	0.00582
12	0.04719	0.12426	0.37617	0.03150	0.10775	0.02900	0.01111	0.03926	0.00925	0.06350	0.00864	0.05614	0.00706	0.00449	0.00394	0.00123	0.01790	0.00356	0.00228	0.05575
13	0.24404	0.28794	0.12202	0.00935	0.06282	0.14197	0.02862	0.03833	0.00909	0.01348	0.00643	0.00754	0.00526	0.00385	0.00317	0.00112	0.00492	0.00262	0.00214	0.00527

[dist]
# distance from previous block
# <min> <max>
2	11

[block]
# block no. 4 follows, 64 sequences, length 15
# corresponding to MSA columns:
# 260-269,273-277
name=unknown_E
#
# <colnr> <probs for GDERKNQSTAVLIFYWHMCP>
#	G	D	E	R	K	N	Q	S	T	A	V	L	I	F	Y	W	H	M	C	P
0	0.00667	0.03399	0.02938	0.00743	0.05558	0.00569	0.04951	0.00891	0.04884	0.01396	0.37074	0.04209	0.22080	0.04215	0.00568	0.00146	0.02980	0.01932	0.00374	0.00425
1	0.03799	0.01536	0.37463	0.05998	0.02001	0.01002	0.39538	0.01306	0.00918	0.01327	0.00785	0.00999	0.00575	0.00374	0.00437	0.00136	0.00642	0.00395	0.00195	0.00574
2	0.00774	0.00387	0.00387	0.00387	0.00484	0.00387	0.00290	0.00968	0.00871	0.01549	0.01355	0.01549	0.01065	0.00484	0.00290	0.00097	0.00194	0.00387	0.87708	0.00387
3	0.00692	0.00571	0.00631	0.00585	0.00713	0.05256	0.00442	0.00982	0.09833	0.01597	0.62726	0.02802	0.07993	0.00794	0.00472	0.00129	0.00245	0.00689	0.00431	0.02417
4	0.02714	0.01111	0.01175	0.03171	0.01183	0.14626	0.00816	0.19362	0.08330	0.01448	0.00822	0.02610	0.00707	0.02500	0.00860	0.00156	0.37236	0.00378	0.00268	0.00527
5	0.00774	0.00387	0.00387	0.00387	0.00484	0.00387	0.00290	0.00968	0.00871	0.01549	0.01355	0.01549	0.01065	0.00484	0.00290	0.00097	0.00194	0.00387	0.87708	0.00387
6	0.88336	0.00803	0.00611	0.00546	0.00803	0.00932	0.00450	0.01221	0.00707	0.01864	0.00578	0.00675	0.00450	0.00386	0.00257	0.00129	0.00321	0.00225	0.00257	0.00450
7	0.00774	0.00387	0.00387	0.00387	0.00484	0.00387	0.00290	0.00968	0.00871	0.01549	0.01355	0.01549	0.01065	0.00484	0.00290	0.00097	0.00194	0.00387	0.87708	0.00387
8	0.00914	0.00839	0.01250	0.59822	0.04111	0.03719	0.01070	0.06787	0.00904	0.03051	0.00747	0.01064	0.00576	0.00469	0.00553	0.00142	0.12918	0.00366	0.00209	0.00488
9	0.88336	0.00803	0.00611	0.00546	0.00803	0.00932	0.00450	0.01221	0.00707	0.01864	0.00578	0.00675	0.00450	0.00386	0.00257	0.00129	0.00321	0.00225	0.00257	0.00450
10	0.00774	0.00387	0.00387	0.00387	0.00484	0.00387	0.00290	0.00968	0.00871	0.01549	0.01355	0.01549	0.01065	0.00484	0.00290	0.00097	0.00194	0.00387	0.87708	0.00387
11	0.01788	0.00828	0.01039	0.00797	0.01121	0.00791	0.00658	0.23122	0.01392	0.61714	0.01468	0.01303	0.00943	0.00510	0.00417	0.00127	0.00381	0.00406	0.00488	0.00707
12	0.01550	0.01149	0.01230	0.00950	0.01277	0.01275	0.00782	0.77217	0.06209	0.02571	0.01034	0.01027	0.00736	0.00502	0.00416	0.00126	0.00450	0.00379	0.00416	0.00704
13	0.15881	0.08299	0.04394	0.00817	0.01106	0.02583	0.02227	0.26066	0.23189	0.03385	0.01097	0.01105	0.00821	0.00476	0.00369	0.00125	0.00394	0.00361	0.06705	0.00601
14	0.01160	0.72555	0.02018	0.00748	0.01092	0.03945	0.00718	0.08204	0.04220	0.01150	0.00660	0.00733	0.00578	0.00378	0.00289	0.00095	0.00449	0.00246	0.00209	0.00552

[dist]
# distance from previous block
# <min> <max>
0	55

# created by:
# /home/cegg/simao/soft/augustus-3.2.1/scripts/msa2prfl.pl ./align_prep/EOG092C57J7.fa
