[name]
unknown

[dist]
# distance from previous block
# <min> <max>
0	73

[block]
# block no. 0 follows, 74 sequences, length 65
# corresponding to MSA columns:
# 175-197,200-211,225-238,248-263
name=unknown_A
#
# <colnr> <probs for GDERKNQSTAVLIFYWHMCP>
#	G	D	E	R	K	N	Q	S	T	A	V	L	I	F	Y	W	H	M	C	P
0	0.02187	0.00412	0.00516	0.00488	0.00597	0.00376	0.00370	0.00720	0.02047	0.01367	0.57477	0.10583	0.08202	0.00770	0.00427	0.00118	0.00200	0.04828	0.00375	0.07941
1	0.00823	0.16796	0.22408	0.01030	0.01372	0.00943	0.25454	0.01187	0.10104	0.01163	0.05034	0.01198	0.00836	0.00499	0.03322	0.00134	0.01988	0.04999	0.00216	0.00494
2	0.00796	0.03967	0.67990	0.01051	0.01545	0.02209	0.07376	0.05267	0.00852	0.01234	0.03842	0.00874	0.00600	0.00369	0.00360	0.00116	0.00531	0.00302	0.00180	0.00538
3	0.00454	0.00375	0.00398	0.00399	0.00515	0.00320	0.00299	0.00559	0.00869	0.01069	0.14650	0.06515	0.69046	0.00925	0.00441	0.00126	0.00190	0.02179	0.00353	0.00318
4	0.00758	0.04462	0.75542	0.01017	0.01539	0.00862	0.02193	0.01171	0.01957	0.01174	0.00674	0.00788	0.00485	0.00349	0.00346	0.00113	0.00526	0.00273	0.00164	0.05608
5	0.01411	0.01040	0.01114	0.00854	0.01151	0.01151	0.00706	0.83402	0.01745	0.02339	0.00891	0.00891	0.00631	0.00446	0.00371	0.00111	0.00408	0.00334	0.00371	0.00631
6	0.00463	0.00331	0.00446	0.00525	0.00551	0.00316	0.00358	0.00534	0.00705	0.00943	0.01963	0.77582	0.02331	0.02579	0.05927	0.00183	0.00271	0.03354	0.00333	0.00303
7	0.00692	0.00346	0.00346	0.00346	0.00432	0.00346	0.00259	0.00865	0.00778	0.01384	0.01211	0.01384	0.00951	0.00432	0.00259	0.00086	0.00173	0.00346	0.89016	0.00346
8	0.00590	0.00422	0.00588	0.00661	0.00746	0.00421	0.00571	0.00760	0.00868	0.01141	0.09850	0.03991	0.02240	0.01039	0.02395	0.00175	0.00340	0.72514	0.00345	0.00342
9	0.01238	0.03995	0.08993	0.02648	0.09845	0.59132	0.04643	0.01392	0.00984	0.02912	0.00624	0.00738	0.00503	0.00371	0.00343	0.00101	0.00614	0.00265	0.00192	0.00466
10	0.00692	0.00346	0.00346	0.00346	0.00432	0.00346	0.00259	0.00865	0.00778	0.01384	0.01211	0.01384	0.00951	0.00432	0.00259	0.00086	0.00173	0.00346	0.89016	0.00346
11	0.26530	0.00859	0.07399	0.04712	0.01037	0.00997	0.02621	0.00977	0.00619	0.01147	0.00533	0.00774	0.00471	0.00558	0.02365	0.00151	0.47364	0.00289	0.00183	0.00417
12	0.00851	0.07495	0.49583	0.01342	0.21343	0.00902	0.07515	0.01189	0.00815	0.04547	0.00702	0.00839	0.00524	0.00346	0.00356	0.00114	0.00509	0.00299	0.00178	0.00553
13	0.01197	0.07142	0.05588	0.01059	0.01314	0.54168	0.18116	0.01388	0.03681	0.01002	0.00659	0.00805	0.00536	0.00374	0.00355	0.00104	0.00620	0.01241	0.00194	0.00458
14	0.89577	0.00718	0.00546	0.00488	0.00718	0.00833	0.00402	0.01091	0.00632	0.01665	0.00517	0.00603	0.00402	0.00345	0.00230	0.00115	0.00287	0.00201	0.00230	0.00402
15	0.00722	0.00620	0.01981	0.00657	0.03348	0.00638	0.00502	0.04605	0.35020	0.01374	0.14699	0.02363	0.24629	0.00691	0.00413	0.00126	0.00263	0.06530	0.00361	0.00459
16	0.00923	0.00797	0.00839	0.00755	0.00965	0.00923	0.00588	0.01972	0.83969	0.01553	0.01511	0.01385	0.01133	0.00504	0.00378	0.00126	0.00294	0.00420	0.00378	0.00588
17	0.00729	0.00688	0.01163	0.75441	0.12963	0.00832	0.01045	0.00973	0.00755	0.00982	0.00665	0.00981	0.00507	0.00366	0.00371	0.00122	0.00488	0.00330	0.00167	0.00435
18	0.00489	0.00355	0.00466	0.00542	0.00588	0.00335	0.00398	0.00581	0.00755	0.00987	0.02170	0.55981	0.10339	0.03341	0.00517	0.00159	0.00248	0.21097	0.00341	0.00311
19	0.00460	0.00329	0.00440	0.00526	0.00551	0.00308	0.00358	0.00531	0.00719	0.00956	0.02041	0.82207	0.02438	0.01155	0.00476	0.00152	0.00222	0.05482	0.00344	0.00304
20	0.00469	0.00340	0.00448	0.00519	0.00556	0.00312	0.00349	0.00538	0.00714	0.00961	0.01974	0.82260	0.02356	0.01117	0.00463	0.00146	0.00218	0.01012	0.00338	0.04909
21	0.00866	0.00738	0.00781	0.00710	0.00903	0.00837	0.00549	0.04330	0.68767	0.01491	0.01722	0.07020	0.08495	0.00582	0.00389	0.00127	0.00283	0.00489	0.00372	0.00547
22	0.00963	0.00791	0.01132	0.24613	0.18188	0.00869	0.03717	0.24433	0.03198	0.03853	0.08120	0.01224	0.02276	0.00488	0.01871	0.00126	0.01569	0.01786	0.00270	0.00514
23	0.00443	0.00376	0.00381	0.00380	0.00504	0.00315	0.00285	0.00540	0.00855	0.01024	0.07327	0.03537	0.80908	0.00932	0.00439	0.00125	0.00187	0.00778	0.00348	0.00315
24	0.00770	0.00660	0.00770	0.00550	0.00880	0.00495	0.00440	0.00935	0.00770	0.01210	0.00660	0.00770	0.00550	0.00275	0.00275	0.00055	0.00275	0.00220	0.00220	0.89224
25	0.00560	0.00424	0.00583	0.00567	0.00605	0.00493	0.00416	0.00643	0.00574	0.00816	0.01006	0.01728	0.01030	0.31309	0.48902	0.00474	0.08925	0.00439	0.00204	0.00302
26	0.00543	0.00359	0.00408	0.00408	0.00408	0.00359	0.00228	0.00538	0.00538	0.00717	0.01152	0.02385	0.01325	0.84040	0.01874	0.03383	0.00359	0.00532	0.00223	0.00223
27	0.00741	0.00701	0.01186	0.70612	0.17693	0.00835	0.01051	0.00984	0.00761	0.00997	0.00667	0.00977	0.00512	0.00364	0.00370	0.00121	0.00485	0.00330	0.00168	0.00445
28	0.00790	0.17539	0.69810	0.00980	0.01487	0.00973	0.01237	0.01164	0.00778	0.01120	0.00639	0.00749	0.00471	0.00346	0.00332	0.00111	0.00521	0.00260	0.00157	0.00535
29	0.00485	0.00378	0.00440	0.00424	0.00530	0.00333	0.00318	0.00622	0.00955	0.01261	0.46678	0.03147	0.41410	0.00844	0.00438	0.00121	0.00181	0.00724	0.00379	0.00333
30	0.00473	0.00372	0.00427	0.00424	0.00525	0.00326	0.00314	0.00595	0.00911	0.01183	0.34367	0.11339	0.45636	0.00893	0.00442	0.00125	0.00186	0.00767	0.00369	0.00326
31	0.00467	0.00357	0.00429	0.00453	0.00529	0.00319	0.00324	0.00572	0.00851	0.01112	0.24747	0.34254	0.32300	0.00974	0.00451	0.00132	0.00195	0.00854	0.00362	0.00319
32	0.00645	0.00656	0.12531	0.00712	0.00872	0.00508	0.00677	0.04211	0.00896	0.01207	0.08920	0.03375	0.03301	0.00869	0.00471	0.00154	0.00353	0.56963	0.02294	0.00383
33	0.01427	0.01015	0.01098	0.00842	0.01139	0.01114	0.00696	0.78384	0.01703	0.07417	0.00926	0.00914	0.00649	0.00446	0.00371	0.00112	0.00403	0.00337	0.00377	0.00631
34	0.00540	0.00360	0.00405	0.00405	0.00405	0.00360	0.00225	0.00540	0.00540	0.00720	0.01170	0.02429	0.01349	0.86955	0.01889	0.00360	0.00360	0.00540	0.00225	0.00225
35	0.00886	0.07426	0.35045	0.19756	0.02803	0.02781	0.01023	0.12276	0.00903	0.04714	0.00737	0.00914	0.00557	0.02213	0.04270	0.00142	0.02536	0.00306	0.00205	0.00506
36	0.00692	0.00346	0.00346	0.00346	0.00432	0.00346	0.00259	0.00865	0.00778	0.01384	0.01211	0.01384	0.00951	0.00432	0.00259	0.00086	0.00173	0.00346	0.89016	0.00346
37	0.00802	0.13759	0.25725	0.00773	0.03955	0.00764	0.00768	0.01049	0.01651	0.01154	0.00651	0.00760	0.00523	0.00308	0.00297	0.00080	0.00379	0.00239	0.00193	0.46173
38	0.00805	0.00847	0.04481	0.01010	0.03767	0.01092	0.01779	0.00905	0.00589	0.00913	0.00525	0.00866	0.00517	0.03255	0.01167	0.00164	0.76407	0.00331	0.00165	0.00413
39	0.00692	0.00346	0.00346	0.00346	0.00432	0.00346	0.00259	0.00865	0.00778	0.01384	0.01211	0.01384	0.00951	0.00432	0.00259	0.00086	0.00173	0.00346	0.89016	0.00346
40	0.59636	0.00779	0.00690	0.00604	0.00792	0.04544	0.00490	0.08308	0.00734	0.01523	0.00592	0.00770	0.00496	0.04752	0.02507	0.00144	0.11742	0.00252	0.00231	0.00414
41	0.00676	0.00543	0.00574	0.00551	0.00589	0.07737	0.00374	0.00742	0.03870	0.02883	0.01965	0.11256	0.01263	0.47753	0.04559	0.04917	0.08689	0.00526	0.00238	0.00294
42	0.00953	0.00944	0.04320	0.13395	0.37052	0.03795	0.13870	0.10409	0.06258	0.02184	0.00773	0.00956	0.00604	0.00369	0.00399	0.00117	0.02494	0.00349	0.00217	0.00544
43	0.01362	0.07084	0.01107	0.00936	0.01135	0.80238	0.00712	0.01459	0.01033	0.00906	0.00570	0.00665	0.00478	0.00378	0.00329	0.00095	0.00652	0.00237	0.00189	0.00433
44	0.01357	0.01376	0.01053	0.00930	0.03990	0.45747	0.00703	0.29639	0.02768	0.04694	0.00761	0.00815	0.00580	0.00409	0.00348	0.00103	0.00534	0.00287	0.03394	0.00513
45	0.00851	0.03629	0.66337	0.01025	0.01518	0.00919	0.03696	0.12431	0.03784	0.01341	0.00725	0.00821	0.00518	0.00369	0.00356	0.00116	0.00520	0.00291	0.00195	0.00558
46	0.00465	0.00376	0.00413	0.00409	0.00521	0.00325	0.00307	0.00581	0.00898	0.01135	0.25716	0.05993	0.58687	0.00899	0.00441	0.00124	0.00187	0.01838	0.00362	0.00323
47	0.00879	0.00978	0.02074	0.03225	0.13636	0.00929	0.70165	0.01178	0.00869	0.01188	0.00742	0.00989	0.00565	0.00316	0.00427	0.00123	0.00597	0.00421	0.00187	0.00511
48	0.01225	0.00863	0.00962	0.00733	0.01021	0.01832	0.00597	0.44709	0.01316	0.12611	0.00899	0.00954	0.00666	0.03347	0.00412	0.00105	0.01997	0.00313	0.00330	0.25107
49	0.01665	0.00632	0.00861	0.00660	0.00948	0.00546	0.00546	0.01809	0.01062	0.84897	0.01464	0.01263	0.00919	0.00459	0.00373	0.00115	0.00316	0.00373	0.00459	0.00632
50	0.62025	0.00803	0.02302	0.00591	0.00846	0.00879	0.00497	0.18841	0.00908	0.08343	0.00675	0.00720	0.00493	0.00375	0.00274	0.00114	0.00320	0.00245	0.00277	0.00472
51	0.00895	0.01150	0.25509	0.01047	0.01400	0.00855	0.23901	0.07962	0.17974	0.05372	0.07762	0.01220	0.00942	0.00430	0.00394	0.00122	0.00462	0.01805	0.00266	0.00534
52	0.00455	0.00374	0.00396	0.00396	0.00506	0.00323	0.00291	0.00552	0.00839	0.01028	0.11145	0.05867	0.67870	0.05704	0.02478	0.00149	0.00216	0.00759	0.00341	0.00312
53	0.00971	0.00986	0.03976	0.09232	0.03170	0.03579	0.57888	0.05935	0.00932	0.08357	0.00803	0.00999	0.00586	0.00342	0.00416	0.00122	0.00571	0.00404	0.00219	0.00512
54	0.00777	0.05854	0.41196	0.00867	0.01287	0.00763	0.06001	0.02420	0.03067	0.01202	0.02732	0.02856	0.00641	0.00358	0.00333	0.00097	0.00433	0.00296	0.00199	0.28619
55	0.00821	0.00831	0.07199	0.19419	0.38774	0.00790	0.06835	0.01039	0.00800	0.03989	0.02310	0.07007	0.00788	0.04999	0.00484	0.00132	0.02679	0.00403	0.00204	0.00496
56	0.89577	0.00718	0.00546	0.00488	0.00718	0.00833	0.00402	0.01091	0.00632	0.01665	0.00517	0.00603	0.00402	0.00345	0.00230	0.00115	0.00287	0.00201	0.00230	0.00402
57	0.01140	0.00784	0.00876	0.00721	0.00944	0.00852	0.00580	0.33695	0.21214	0.13066	0.07607	0.03292	0.03573	0.00522	0.00401	0.00117	0.03041	0.00416	0.06606	0.00555
58	0.00792	0.00706	0.01053	0.13181	0.28367	0.00784	0.00805	0.03140	0.09048	0.02538	0.10151	0.06343	0.06009	0.00584	0.02133	0.00135	0.13061	0.00447	0.00250	0.00474
59	0.00546	0.00427	0.00640	0.00615	0.00692	0.00486	0.02928	0.00679	0.00631	0.00899	0.03052	0.01600	0.06084	0.04042	0.70417	0.00518	0.03781	0.00428	0.01199	0.00336
60	0.00837	0.00927	0.16468	0.00774	0.01025	0.00796	0.01425	0.03629	0.47310	0.03148	0.09067	0.05834	0.02033	0.00557	0.00391	0.00126	0.00334	0.04453	0.00336	0.00531
61	0.02114	0.00366	0.00462	0.00498	0.00551	0.00347	0.00343	0.00648	0.01955	0.04682	0.14393	0.52642	0.04977	0.09547	0.01536	0.00166	0.00237	0.00852	0.03361	0.00324
62	0.00821	0.04813	0.04358	0.27624	0.32822	0.00899	0.03244	0.01094	0.06247	0.01115	0.04114	0.01018	0.00693	0.00404	0.00454	0.00120	0.09123	0.00344	0.00196	0.00497
63	0.00499	0.00393	0.00472	0.00478	0.00564	0.01620	0.01548	0.00618	0.00879	0.01159	0.30217	0.26825	0.28721	0.00919	0.00445	0.00129	0.00208	0.02239	0.01739	0.00328
64	0.00813	0.08606	0.29384	0.01792	0.03789	0.02193	0.00852	0.03761	0.26168	0.01259	0.02373	0.13121	0.01008	0.00527	0.00392	0.00122	0.02631	0.00433	0.00263	0.00513

[dist]
# distance from previous block
# <min> <max>
0	1

[block]
# block no. 1 follows, 74 sequences, length 28
# corresponding to MSA columns:
# 265-267,272-296
name=unknown_B
#
# <colnr> <probs for GDERKNQSTAVLIFYWHMCP>
#	G	D	E	R	K	N	Q	S	T	A	V	L	I	F	Y	W	H	M	C	P
0	0.03355	0.13513	0.05900	0.02380	0.03544	0.14284	0.05258	0.19762	0.10750	0.12941	0.00910	0.00956	0.00680	0.02003	0.00372	0.00112	0.00436	0.00318	0.01988	0.00537
1	0.00846	0.02296	0.04187	0.17231	0.28197	0.02741	0.02078	0.01045	0.00822	0.07159	0.00965	0.08329	0.00880	0.00475	0.00375	0.00114	0.00401	0.08079	0.00232	0.13549
2	0.03524	0.10684	0.25493	0.04365	0.06818	0.00860	0.03310	0.11632	0.01981	0.18219	0.06346	0.01029	0.00801	0.00406	0.00351	0.00110	0.00417	0.00329	0.00271	0.03053
3	0.00992	0.87178	0.01945	0.00635	0.00953	0.01469	0.00635	0.01111	0.00754	0.00873	0.00516	0.00595	0.00476	0.00318	0.00238	0.00079	0.00397	0.00198	0.00159	0.00476
4	0.00499	0.00346	0.00425	0.00470	0.00488	0.00334	0.00301	0.00540	0.00643	0.00853	0.01685	0.42435	0.03941	0.40200	0.01119	0.00246	0.00286	0.04630	0.00290	0.00269
5	0.02262	0.19870	0.05154	0.00927	0.01207	0.33331	0.11136	0.13506	0.01052	0.07194	0.00698	0.00775	0.00542	0.00373	0.00335	0.00101	0.00531	0.00280	0.00229	0.00498
6	0.00706	0.00665	0.01123	0.83991	0.04587	0.00826	0.01034	0.00953	0.00745	0.00955	0.00661	0.00988	0.00497	0.00370	0.00371	0.00123	0.00493	0.00330	0.00165	0.00417
7	0.00906	0.01050	0.04249	0.01480	0.01844	0.04474	0.72782	0.02719	0.04321	0.01213	0.00775	0.00995	0.00582	0.00327	0.00428	0.00124	0.00608	0.00423	0.00198	0.00505
8	0.00495	0.00374	0.00457	0.00445	0.00538	0.00336	0.00330	0.00639	0.00967	0.01310	0.55287	0.09239	0.26545	0.00841	0.00441	0.00122	0.00182	0.00732	0.00386	0.00336
9	0.00501	0.00378	0.00463	0.00442	0.00540	0.00340	0.00331	0.00654	0.00994	0.01355	0.62207	0.02993	0.25822	0.00809	0.00438	0.00119	0.00179	0.00702	0.00391	0.00340
10	0.00886	0.00849	0.01448	0.14825	0.72348	0.00873	0.01123	0.01111	0.00830	0.01173	0.00692	0.00929	0.00574	0.00337	0.00368	0.00112	0.00449	0.00331	0.00181	0.00562
11	0.06377	0.00987	0.01061	0.00817	0.01110	0.01082	0.00675	0.71885	0.01625	0.09284	0.00919	0.00906	0.00643	0.00441	0.00364	0.00112	0.00394	0.00330	0.00371	0.00618
12	0.00955	0.38156	0.31571	0.00833	0.01224	0.02696	0.02711	0.07139	0.00855	0.04639	0.00649	0.00734	0.00509	0.00351	0.00320	0.00099	0.01995	0.00252	0.00190	0.04124
13	0.00981	0.00824	0.02716	0.00755	0.00953	0.02148	0.00608	0.23526	0.38306	0.01608	0.06253	0.01387	0.01095	0.05665	0.03146	0.01810	0.05494	0.01858	0.00338	0.00529
14	0.06097	0.00568	0.00686	0.00557	0.00774	0.00536	0.00451	0.07273	0.00991	0.45933	0.01285	0.01242	0.00881	0.00443	0.00326	0.00105	0.00272	0.00352	0.30705	0.00522
15	0.00899	0.00809	0.06972	0.00712	0.00932	0.02619	0.02101	0.15709	0.30951	0.04640	0.20324	0.01735	0.08853	0.00571	0.00394	0.00120	0.00311	0.00478	0.00360	0.00511
16	0.00593	0.00393	0.00457	0.00436	0.00526	0.00368	0.00315	0.02766	0.00884	0.03954	0.32631	0.05347	0.19543	0.15570	0.00657	0.00157	0.00221	0.00616	0.14232	0.00335
17	0.00890	0.00816	0.01251	0.21644	0.37854	0.02292	0.04275	0.09800	0.07695	0.01294	0.04703	0.02632	0.02385	0.00413	0.00378	0.00116	0.00429	0.00378	0.00231	0.00523
18	0.00495	0.00363	0.00403	0.00411	0.00461	0.00337	0.00265	0.00544	0.00693	0.00886	0.06921	0.12017	0.30211	0.43077	0.01153	0.00242	0.00274	0.00687	0.00290	0.00271
19	0.00705	0.00891	0.20297	0.00708	0.03473	0.01861	0.01608	0.01695	0.03499	0.02514	0.11950	0.04831	0.15115	0.00516	0.00360	0.00100	0.00326	0.00433	0.00263	0.28854
20	0.00832	0.12049	0.63806	0.00970	0.01450	0.00947	0.01183	0.04889	0.06898	0.02555	0.00732	0.00817	0.00534	0.00365	0.00342	0.00113	0.00502	0.00280	0.00187	0.00548
21	0.00462	0.00337	0.00440	0.00506	0.00544	0.00319	0.00347	0.00537	0.00722	0.00957	0.04104	0.66961	0.10843	0.03138	0.06770	0.00185	0.00274	0.01915	0.00333	0.00305
22	0.07966	0.49473	0.18228	0.00837	0.01201	0.01203	0.12326	0.01149	0.00774	0.02961	0.00600	0.00705	0.00492	0.00329	0.00291	0.00097	0.00448	0.00251	0.00175	0.00492
23	0.00456	0.00343	0.00419	0.00471	0.00524	0.00310	0.00323	0.00534	0.00763	0.00988	0.07666	0.55460	0.25052	0.04231	0.00514	0.00149	0.00211	0.00937	0.00344	0.00305
24	0.00799	0.01653	0.63995	0.01017	0.01490	0.00883	0.04541	0.03246	0.16329	0.01274	0.00832	0.00907	0.00601	0.00381	0.00361	0.00119	0.00501	0.00309	0.00204	0.00556
25	0.00491	0.00381	0.00429	0.00441	0.00549	0.00333	0.00336	0.00600	0.00859	0.02680	0.12518	0.12966	0.55345	0.00945	0.00449	0.00132	0.00209	0.09655	0.00354	0.00325
26	0.00770	0.00660	0.00770	0.00550	0.00880	0.00495	0.00440	0.00935	0.00770	0.01210	0.00660	0.00770	0.00550	0.00275	0.00275	0.00055	0.00275	0.00220	0.00220	0.89224
27	0.03900	0.00726	0.03615	0.02773	0.09930	0.00608	0.00606	0.02899	0.02897	0.33064	0.00990	0.00991	0.00701	0.00367	0.00330	0.00092	0.00326	0.00301	0.00311	0.34574

[dist]
# distance from previous block
# <min> <max>
0	2

[block]
# block no. 2 follows, 74 sequences, length 49
# corresponding to MSA columns:
# 327-355,363-382
name=unknown_C
#
# <colnr> <probs for GDERKNQSTAVLIFYWHMCP>
#	G	D	E	R	K	N	Q	S	T	A	V	L	I	F	Y	W	H	M	C	P
0	0.50278	0.00873	0.05325	0.03779	0.18675	0.02993	0.05994	0.04537	0.02126	0.01497	0.00616	0.00744	0.00482	0.00349	0.00294	0.00115	0.00377	0.00262	0.00219	0.00469
1	0.00787	0.02294	0.06206	0.52318	0.20846	0.03173	0.02152	0.02303	0.00794	0.01050	0.00695	0.02584	0.00555	0.00374	0.00367	0.00118	0.00479	0.00335	0.00177	0.02393
2	0.85458	0.00733	0.00572	0.00505	0.00738	0.00848	0.00416	0.04937	0.00684	0.01697	0.00534	0.00616	0.00413	0.00349	0.00236	0.00115	0.00293	0.00207	0.00236	0.00413
3	0.00845	0.00939	0.01999	0.03749	0.04585	0.00893	0.71181	0.01137	0.00871	0.01187	0.04728	0.03233	0.00747	0.00362	0.00446	0.00125	0.01827	0.00456	0.00201	0.00488
4	0.00469	0.00337	0.00439	0.00509	0.00540	0.00320	0.00346	0.00537	0.00705	0.00934	0.02024	0.66903	0.07262	0.08864	0.04223	0.00188	0.00265	0.04510	0.00328	0.00298
5	0.00985	0.00838	0.00868	0.00762	0.00981	0.02698	0.00598	0.12945	0.68747	0.01630	0.01471	0.01365	0.03422	0.00506	0.00378	0.00123	0.00314	0.00415	0.00372	0.00582
6	0.01150	0.01273	0.00943	0.00854	0.01054	0.42310	0.00651	0.01732	0.43378	0.01237	0.01052	0.01035	0.00812	0.00444	0.00357	0.00111	0.00478	0.00331	0.00286	0.00511
7	0.00505	0.00378	0.00469	0.00451	0.00546	0.00342	0.00339	0.00658	0.00992	0.01356	0.62145	0.04810	0.22452	0.00815	0.00440	0.00121	0.00182	0.02269	0.00391	0.00340
8	0.00744	0.01920	0.85032	0.01058	0.01607	0.00862	0.01371	0.01176	0.00784	0.01176	0.00666	0.00784	0.00470	0.00353	0.00353	0.00118	0.00549	0.00274	0.00157	0.00549
9	0.87094	0.00727	0.00562	0.00498	0.00730	0.00842	0.00411	0.03410	0.00663	0.01684	0.00527	0.00611	0.00408	0.00347	0.00234	0.00115	0.00291	0.00205	0.00234	0.00408
10	0.00461	0.00347	0.00424	0.00471	0.00529	0.00313	0.00327	0.00546	0.00784	0.01020	0.11802	0.50652	0.25587	0.03335	0.00498	0.00146	0.00208	0.01893	0.00349	0.00309
11	0.00459	0.00340	0.00429	0.00491	0.00539	0.00311	0.00340	0.00539	0.00764	0.00999	0.07954	0.62772	0.18235	0.01089	0.00466	0.00144	0.00211	0.03261	0.00349	0.00308
12	0.03071	0.03097	0.04527	0.15417	0.05140	0.02680	0.12633	0.24119	0.18704	0.04566	0.00953	0.01052	0.00709	0.00417	0.00375	0.00118	0.00435	0.01155	0.00285	0.00545
13	0.08802	0.17922	0.16895	0.02916	0.08662	0.08464	0.01893	0.03771	0.08894	0.05480	0.00902	0.01205	0.00761	0.00442	0.00339	0.00113	0.00424	0.08987	0.02635	0.00494
14	0.00635	0.00467	0.00554	0.00540	0.00665	0.00459	0.00426	0.00931	0.14865	0.04927	0.27496	0.04881	0.23301	0.00803	0.00437	0.00131	0.00237	0.15928	0.01930	0.00390
15	0.00567	0.00451	0.00622	0.00639	0.06040	0.00423	0.04402	0.00701	0.00867	0.03588	0.23476	0.15170	0.32068	0.00930	0.04718	0.00151	0.02272	0.02219	0.00335	0.00361
16	0.00964	0.26122	0.28994	0.09258	0.01396	0.02573	0.05159	0.07566	0.05810	0.07706	0.00755	0.00840	0.00566	0.00367	0.00330	0.00107	0.00462	0.00287	0.00214	0.00525
17	0.03395	0.75694	0.01859	0.00688	0.00999	0.04585	0.04389	0.01148	0.02699	0.00926	0.00552	0.00635	0.00494	0.00325	0.00254	0.00084	0.00412	0.00216	0.00168	0.00476
18	0.00452	0.00324	0.00430	0.00514	0.00538	0.00302	0.00343	0.00517	0.00713	0.00949	0.02082	0.84980	0.04165	0.01158	0.00473	0.00150	0.00215	0.01050	0.00345	0.00302
19	0.03850	0.03839	0.42829	0.00972	0.02559	0.03831	0.04803	0.20570	0.01050	0.11018	0.00803	0.00861	0.00564	0.00384	0.00356	0.00114	0.00483	0.00302	0.00247	0.00565
20	0.00986	0.00697	0.00955	0.02443	0.02609	0.00720	0.09612	0.22063	0.03756	0.13303	0.02929	0.10950	0.04626	0.06579	0.03319	0.00159	0.03494	0.08946	0.00325	0.01528
21	0.14020	0.40007	0.09772	0.00875	0.06108	0.10176	0.06868	0.03737	0.00811	0.01114	0.00576	0.00689	0.00483	0.00347	0.00316	0.00099	0.03097	0.00245	0.00183	0.00479
22	0.00876	0.01001	0.02190	0.01564	0.01940	0.00939	0.83292	0.01189	0.00876	0.01189	0.00751	0.01001	0.00563	0.00313	0.00438	0.00125	0.00626	0.00438	0.00188	0.00501
23	0.00819	0.07757	0.24893	0.00736	0.02078	0.00685	0.01637	0.01058	0.00792	0.04921	0.01852	0.00814	0.00580	0.00316	0.00304	0.00080	0.00369	0.00251	0.00210	0.49850
24	0.00920	0.03102	0.13968	0.00742	0.03225	0.00586	0.03172	0.03427	0.05390	0.23137	0.11779	0.24662	0.01582	0.00671	0.00406	0.00126	0.00324	0.01962	0.00341	0.00477
25	0.00701	0.00660	0.01113	0.86063	0.02556	0.00825	0.01031	0.00948	0.00742	0.00948	0.00660	0.00990	0.00495	0.00371	0.00371	0.00124	0.00495	0.00330	0.00165	0.00412
26	0.00861	0.00856	0.03419	0.13826	0.60931	0.00850	0.06582	0.01092	0.00830	0.01165	0.00768	0.02262	0.00662	0.00377	0.00380	0.00116	0.00456	0.03833	0.00190	0.00542
27	0.00848	0.05713	0.24217	0.02855	0.05352	0.04006	0.06540	0.03733	0.04221	0.08706	0.08293	0.01432	0.11889	0.00598	0.03862	0.00138	0.06452	0.00410	0.00253	0.00481
28	0.00829	0.00745	0.02977	0.02333	0.02378	0.02304	0.29973	0.04870	0.06266	0.08190	0.07698	0.13992	0.08268	0.00610	0.00431	0.00129	0.00411	0.06846	0.00294	0.00455
29	0.00997	0.33212	0.05058	0.00838	0.01115	0.02845	0.14680	0.01975	0.04735	0.13093	0.05210	0.01263	0.01613	0.00454	0.00387	0.00111	0.04380	0.07295	0.00250	0.00489
30	0.00765	0.00885	0.15770	0.00690	0.03483	0.00569	0.00625	0.00979	0.00779	0.01209	0.02155	0.00812	0.00589	0.00299	0.00294	0.00069	0.00327	0.00241	0.00211	0.69247
31	0.00910	0.12414	0.47412	0.00964	0.03605	0.05980	0.04202	0.02048	0.03480	0.09039	0.00871	0.02262	0.03267	0.00394	0.00347	0.00111	0.00485	0.00313	0.00208	0.01686
32	0.03299	0.00474	0.00550	0.00529	0.00638	0.03055	0.00393	0.01841	0.05963	0.09228	0.35900	0.25629	0.09433	0.00814	0.00428	0.00126	0.00229	0.00712	0.00376	0.00382
33	0.06311	0.00462	0.00637	0.00603	0.00686	0.00528	0.00468	0.00791	0.00628	0.08468	0.00960	0.01387	0.00874	0.08145	0.55044	0.05931	0.07123	0.00383	0.00221	0.00350
34	0.00962	0.13739	0.30775	0.02512	0.07711	0.10368	0.09191	0.03623	0.03887	0.07204	0.02733	0.00898	0.00632	0.00415	0.01770	0.00118	0.01633	0.00307	0.00210	0.01312
35	0.01009	0.00864	0.01502	0.04061	0.59539	0.00851	0.12144	0.02627	0.00889	0.11673	0.00803	0.00974	0.00624	0.00347	0.00378	0.00113	0.00451	0.00351	0.00221	0.00578
36	0.00449	0.00367	0.00396	0.00409	0.00513	0.00315	0.00299	0.00545	0.00841	0.01036	0.10669	0.18024	0.62923	0.00963	0.00445	0.00129	0.00192	0.00821	0.00350	0.00315
37	0.01896	0.14616	0.31830	0.01016	0.03107	0.09588	0.15336	0.01283	0.00871	0.13799	0.02738	0.00901	0.00629	0.00369	0.00352	0.00110	0.00502	0.00312	0.00219	0.00524
38	0.11135	0.09501	0.27003	0.00905	0.02737	0.02250	0.10161	0.04645	0.03805	0.16234	0.02036	0.00910	0.00634	0.00380	0.00356	0.00111	0.01966	0.00307	0.00247	0.04676
39	0.00487	0.00362	0.00425	0.00435	0.00503	0.00330	0.00301	0.00573	0.00805	0.01054	0.23444	0.19419	0.29825	0.17876	0.00749	0.01800	0.00226	0.00752	0.00334	0.00300
40	0.00470	0.00377	0.00412	0.00433	0.00534	0.00334	0.00319	0.00589	0.03065	0.01028	0.04613	0.22328	0.56520	0.00967	0.00444	0.00132	0.00203	0.04473	0.02438	0.00321
41	0.01013	0.11255	0.19553	0.07201	0.05086	0.03069	0.13387	0.03484	0.07963	0.17628	0.03800	0.01102	0.02978	0.00409	0.00365	0.00114	0.00444	0.00356	0.00262	0.00530
42	0.02357	0.00887	0.01327	0.11377	0.56398	0.04770	0.01008	0.04362	0.10038	0.02690	0.00795	0.00966	0.00637	0.00363	0.00366	0.00113	0.00435	0.00335	0.00216	0.00560
43	0.13969	0.00427	0.00482	0.00496	0.00594	0.00417	0.00365	0.01565	0.00807	0.04956	0.15561	0.36579	0.15959	0.02296	0.00444	0.00138	0.00229	0.04031	0.00341	0.00345
44	0.04137	0.02755	0.05226	0.33732	0.24383	0.04620	0.10965	0.01118	0.02106	0.04117	0.00707	0.00937	0.00548	0.00363	0.00390	0.00118	0.02769	0.00332	0.00190	0.00489
45	0.03916	0.10589	0.10501	0.03991	0.14112	0.03173	0.03624	0.22496	0.01099	0.17044	0.02400	0.02344	0.00732	0.00421	0.00356	0.00111	0.00416	0.01827	0.00288	0.00558
46	0.00612	0.00435	0.00558	0.01791	0.00699	0.00436	0.00472	0.02481	0.03697	0.04085	0.02075	0.09283	0.19134	0.05260	0.12688	0.00222	0.00390	0.32272	0.03059	0.00352
47	0.00498	0.00372	0.00479	0.02170	0.02700	0.00345	0.00377	0.00594	0.00789	0.02361	0.09756	0.47820	0.23744	0.01046	0.02010	0.00148	0.00236	0.03888	0.00342	0.00326
48	0.13458	0.14386	0.13838	0.00839	0.03834	0.11957	0.05215	0.04966	0.00895	0.18735	0.00839	0.03933	0.00647	0.00406	0.00343	0.00108	0.01892	0.00309	0.00256	0.03144

[dist]
# distance from previous block
# <min> <max>
1	43

[block]
# block no. 3 follows, 74 sequences, length 20
# corresponding to MSA columns:
# 433-452
name=unknown_D
#
# <colnr> <probs for GDERKNQSTAVLIFYWHMCP>
#	G	D	E	R	K	N	Q	S	T	A	V	L	I	F	Y	W	H	M	C	P
0	0.00653	0.00582	0.03812	0.01967	0.02761	0.02590	0.05451	0.03934	0.03651	0.01044	0.07182	0.16438	0.03469	0.26788	0.07913	0.00229	0.00395	0.00553	0.00262	0.10325
1	0.03019	0.03954	0.00815	0.00564	0.00881	0.00558	0.00457	0.02224	0.02340	0.05688	0.02311	0.00837	0.00631	0.00304	0.00284	0.00064	0.00282	0.00241	0.00239	0.74307
2	0.00524	0.00357	0.00415	0.00426	0.00444	0.00349	0.00258	0.00546	0.00612	0.00811	0.05535	0.13533	0.07464	0.62236	0.01501	0.02326	0.00319	0.01837	0.00258	0.00248
3	0.00894	0.00774	0.00930	0.16523	0.05854	0.00894	0.00702	0.06032	0.56448	0.01453	0.02593	0.01348	0.01020	0.00483	0.00380	0.00125	0.00344	0.02325	0.00327	0.00548
4	0.00499	0.00367	0.00449	0.00456	0.00525	0.00338	0.00325	0.00609	0.00859	0.01155	0.36501	0.18576	0.19785	0.14100	0.00670	0.00164	0.00220	0.03737	0.00353	0.00314
5	0.00874	0.00821	0.06971	0.04232	0.10780	0.00782	0.08505	0.16358	0.16798	0.02818	0.07173	0.02853	0.12109	0.01553	0.04619	0.01098	0.00402	0.00456	0.00298	0.00500
6	0.00514	0.00356	0.00465	0.00495	0.00554	0.00327	0.00349	0.00624	0.00855	0.03605	0.32883	0.48348	0.07273	0.00979	0.00455	0.00136	0.00202	0.00877	0.00372	0.00330
7	0.00960	0.76652	0.09235	0.03650	0.01066	0.01393	0.00714	0.01111	0.00756	0.00903	0.00534	0.00626	0.00476	0.00323	0.00253	0.00084	0.00414	0.00210	0.00159	0.00480
8	0.00992	0.87178	0.01945	0.00635	0.00953	0.01469	0.00635	0.01111	0.00754	0.00873	0.00516	0.00595	0.00476	0.00318	0.00238	0.00079	0.00397	0.00198	0.00159	0.00476
9	0.00772	0.00656	0.00758	0.00554	0.00866	0.00514	0.00442	0.03347	0.02966	0.01246	0.02274	0.00959	0.04689	0.00326	0.00291	0.00063	0.00273	0.00263	0.00238	0.78502
10	0.01510	0.00766	0.00931	0.00726	0.01008	0.00760	0.00596	0.25099	0.10480	0.52078	0.01306	0.01171	0.00861	0.00460	0.00373	0.00115	0.00340	0.00367	0.00425	0.00627
11	0.89577	0.00718	0.00546	0.00488	0.00718	0.00833	0.00402	0.01091	0.00632	0.01665	0.00517	0.00603	0.00402	0.00345	0.00230	0.00115	0.00287	0.00201	0.00230	0.00402
12	0.01388	0.01741	0.01054	0.00952	0.01148	0.82233	0.00717	0.04622	0.01078	0.00963	0.00586	0.00678	0.00484	0.00385	0.00336	0.00096	0.00659	0.00243	0.00198	0.00438
13	0.01411	0.01040	0.01114	0.00854	0.01151	0.01151	0.00706	0.83402	0.01745	0.02339	0.00891	0.00891	0.00631	0.00446	0.00371	0.00111	0.00408	0.00334	0.00371	0.00631
14	0.00609	0.00361	0.00485	0.00483	0.00499	0.00371	0.00321	0.02319	0.00555	0.00747	0.00919	0.02998	0.00977	0.30242	0.11004	0.43938	0.00411	0.02345	0.00198	0.00218
15	0.00464	0.00382	0.00407	0.00404	0.00517	0.00331	0.00300	0.00585	0.02335	0.01084	0.16927	0.06504	0.64567	0.02958	0.00473	0.00130	0.00193	0.00763	0.00353	0.00322
16	0.00913	0.01614	0.61198	0.01022	0.01500	0.00855	0.06579	0.07535	0.03354	0.10743	0.00804	0.00878	0.00559	0.00374	0.00363	0.00118	0.00509	0.00305	0.00216	0.00562
17	0.00765	0.00609	0.00681	0.00569	0.00760	0.04547	0.00431	0.02357	0.05849	0.05156	0.00996	0.01412	0.02368	0.19009	0.15144	0.00225	0.00439	0.01937	0.00245	0.36500
18	0.00843	0.14629	0.02607	0.04693	0.19978	0.03879	0.02255	0.04518	0.05092	0.04755	0.09092	0.06441	0.12387	0.00539	0.00370	0.00111	0.00354	0.02762	0.00266	0.04431
19	0.16717	0.03304	0.08881	0.00640	0.00913	0.02657	0.03601	0.02750	0.01910	0.01277	0.01877	0.08170	0.02702	0.00439	0.00324	0.00095	0.01186	0.03286	0.03962	0.35310

[dist]
# distance from previous block
# <min> <max>
1	6

[block]
# block no. 4 follows, 74 sequences, length 28
# corresponding to MSA columns:
# 470-489,491-498
name=unknown_E
#
# <colnr> <probs for GDERKNQSTAVLIFYWHMCP>
#	G	D	E	R	K	N	Q	S	T	A	V	L	I	F	Y	W	H	M	C	P
0	0.02255	0.29954	0.20634	0.02985	0.01109	0.04070	0.02861	0.02066	0.03363	0.05978	0.00959	0.07823	0.02253	0.02179	0.00367	0.00114	0.00414	0.06713	0.00224	0.03679
1	0.16854	0.04719	0.05560	0.01691	0.03336	0.05538	0.03669	0.18049	0.03102	0.14506	0.00857	0.03028	0.00650	0.00395	0.00325	0.00102	0.00372	0.00305	0.00286	0.16654
2	0.10864	0.33323	0.02283	0.03716	0.01008	0.00974	0.08037	0.05394	0.02693	0.09256	0.14775	0.03374	0.01976	0.00449	0.00326	0.00104	0.00357	0.00362	0.00263	0.00467
3	0.25334	0.03027	0.00832	0.00653	0.00875	0.05061	0.00533	0.04903	0.02344	0.03817	0.01937	0.00798	0.00571	0.00440	0.02028	0.00110	0.15870	0.00258	0.00229	0.30379
4	0.00904	0.00886	0.01489	0.07654	0.68218	0.02435	0.05657	0.01121	0.00828	0.01170	0.00684	0.00917	0.00573	0.00352	0.00421	0.00115	0.05503	0.00335	0.00182	0.00558
5	0.00609	0.00339	0.00493	0.00504	0.00521	0.00342	0.00351	0.00524	0.00546	0.00728	0.00970	0.06725	0.03986	0.03029	0.10029	0.64317	0.00382	0.05205	0.00195	0.00205
6	0.01169	0.01116	0.11924	0.02325	0.13744	0.07670	0.03394	0.36165	0.04306	0.06960	0.02245	0.01908	0.00687	0.00432	0.00407	0.00115	0.04232	0.00341	0.00290	0.00571
7	0.00777	0.00713	0.01138	0.16715	0.29175	0.00788	0.04645	0.02047	0.05680	0.01126	0.03539	0.07267	0.00995	0.00624	0.03576	0.00148	0.10688	0.09663	0.00228	0.00467
8	0.00792	0.00695	0.00977	0.36845	0.06037	0.01803	0.00797	0.05933	0.16256	0.02166	0.09262	0.02417	0.01000	0.00604	0.04880	0.00150	0.07242	0.01433	0.00252	0.00456
9	0.00937	0.17950	0.38159	0.00919	0.01308	0.00950	0.07605	0.03411	0.07466	0.10640	0.00801	0.00884	0.00594	0.00413	0.00409	0.03406	0.03102	0.00301	0.00218	0.00527
10	0.00535	0.00391	0.00562	0.00562	0.00619	0.00446	0.00423	0.00648	0.00592	0.00851	0.01025	0.01604	0.00993	0.15532	0.70972	0.00550	0.00880	0.00418	0.02081	0.00316
11	0.00910	0.00880	0.06541	0.03665	0.08087	0.13227	0.03395	0.02684	0.06108	0.09182	0.05175	0.05627	0.08286	0.06547	0.00491	0.00124	0.02394	0.00414	0.00267	0.15995
12	0.00701	0.00660	0.01113	0.86063	0.02556	0.00825	0.01031	0.00948	0.00742	0.00948	0.00660	0.00990	0.00495	0.00371	0.00371	0.00124	0.00495	0.00330	0.00165	0.00412
13	0.01019	0.03750	0.00928	0.00773	0.01001	0.03239	0.00612	0.15510	0.65261	0.01644	0.01349	0.01257	0.01010	0.00484	0.00371	0.00121	0.00326	0.00393	0.00364	0.00587
14	0.01986	0.12423	0.01083	0.13784	0.08372	0.00786	0.02289	0.03518	0.03478	0.15790	0.00938	0.06365	0.00792	0.03242	0.02024	0.00124	0.05625	0.01718	0.00257	0.15406
15	0.00883	0.08126	0.62425	0.01018	0.01505	0.00876	0.07501	0.01247	0.00822	0.11088	0.00756	0.00843	0.00531	0.00360	0.00353	0.00115	0.00515	0.00293	0.00195	0.00549
16	0.00859	0.03203	0.05087	0.01472	0.01836	0.00920	0.73520	0.01163	0.00868	0.01176	0.00811	0.01164	0.00647	0.00355	0.00434	0.00126	0.00601	0.05069	0.00195	0.00493
17	0.01293	0.07544	0.01114	0.00923	0.01122	0.69300	0.03738	0.01397	0.01005	0.03110	0.00686	0.05749	0.00609	0.00423	0.00341	0.00099	0.00613	0.00295	0.00205	0.00434
18	0.00816	0.00944	0.26760	0.00757	0.03182	0.00593	0.02097	0.01106	0.05311	0.15500	0.26757	0.01856	0.10416	0.00573	0.00397	0.00119	0.00339	0.01680	0.00320	0.00477
19	0.01186	0.02738	0.07937	0.03305	0.03313	0.00673	0.12976	0.05754	0.02482	0.38752	0.01218	0.06836	0.00945	0.08176	0.00522	0.00141	0.00394	0.01786	0.00335	0.00531
20	0.00467	0.00337	0.00444	0.00516	0.00552	0.00314	0.00357	0.00550	0.00757	0.01010	0.09844	0.70491	0.05985	0.01108	0.00471	0.00148	0.00218	0.05773	0.00350	0.00309
21	0.84141	0.00724	0.00580	0.03590	0.00795	0.00840	0.00432	0.03162	0.00664	0.01656	0.00531	0.00624	0.00411	0.00348	0.00238	0.00115	0.00298	0.00209	0.00231	0.00408
22	0.00456	0.00340	0.00428	0.00489	0.00535	0.00315	0.00336	0.00529	0.00730	0.00950	0.02338	0.61904	0.20150	0.02991	0.05491	0.00176	0.00258	0.00947	0.00334	0.00304
23	0.12649	0.00713	0.00763	0.00669	0.02418	0.07745	0.03550	0.10205	0.05747	0.16145	0.13099	0.04091	0.16614	0.00632	0.01958	0.00127	0.00332	0.01743	0.00339	0.00459
24	0.07155	0.18994	0.02705	0.00677	0.00924	0.07119	0.00576	0.09963	0.11396	0.12342	0.07242	0.01115	0.02485	0.00573	0.05347	0.00131	0.02014	0.00331	0.00286	0.08623
25	0.06337	0.19428	0.11779	0.13238	0.02466	0.02562	0.07423	0.06573	0.10193	0.09684	0.00819	0.00902	0.00615	0.00373	0.00331	0.00106	0.00421	0.00302	0.00240	0.06209
26	0.06941	0.37008	0.20455	0.00759	0.01110	0.05664	0.02349	0.05176	0.01677	0.05433	0.02393	0.00767	0.00578	0.00352	0.00295	0.00095	0.00424	0.00252	0.00204	0.08070
27	0.04274	0.14718	0.24112	0.01090	0.06292	0.03440	0.22205	0.03607	0.02345	0.05411	0.02491	0.00887	0.00609	0.00350	0.00351	0.00108	0.00485	0.00318	0.00206	0.06704

[dist]
# distance from previous block
# <min> <max>
1	48

[block]
# block no. 5 follows, 74 sequences, length 20
# corresponding to MSA columns:
# 547-566
name=unknown_F
#
# <colnr> <probs for GDERKNQSTAVLIFYWHMCP>
#	G	D	E	R	K	N	Q	S	T	A	V	L	I	F	Y	W	H	M	C	P
0	0.05816	0.35412	0.17596	0.00759	0.01077	0.09000	0.01902	0.06095	0.02350	0.04338	0.02779	0.00824	0.00621	0.00533	0.06344	0.00132	0.00478	0.00266	0.00205	0.03474
1	0.11988	0.13971	0.17194	0.00719	0.02552	0.00770	0.04880	0.02329	0.06791	0.04357	0.05297	0.08125	0.18465	0.00565	0.00359	0.00116	0.00347	0.00463	0.00265	0.00447
2	0.03338	0.24166	0.38725	0.00920	0.05466	0.05335	0.00965	0.04851	0.02210	0.01159	0.02708	0.03257	0.00628	0.00380	0.00322	0.00104	0.00460	0.00288	0.00190	0.04528
3	0.02897	0.02559	0.06653	0.00625	0.00795	0.21569	0.00514	0.00914	0.02982	0.01033	0.07200	0.02145	0.35615	0.05901	0.00515	0.00130	0.04237	0.00519	0.00273	0.02923
4	0.04167	0.09762	0.02904	0.01702	0.02791	0.03353	0.03280	0.03655	0.07371	0.01130	0.12153	0.07032	0.16172	0.13238	0.05470	0.00182	0.00358	0.04609	0.00285	0.00384
5	0.00944	0.14286	0.10069	0.00822	0.06447	0.14010	0.00682	0.04372	0.00872	0.04356	0.03932	0.03753	0.00752	0.00402	0.00349	0.00092	0.03116	0.02350	0.00225	0.28168
6	0.11033	0.22160	0.17191	0.00829	0.01135	0.29703	0.02258	0.03041	0.00870	0.01091	0.00585	0.00685	0.00477	0.00354	0.00314	0.00097	0.01644	0.00237	0.00187	0.06110
7	0.00781	0.04229	0.65246	0.01151	0.03427	0.00894	0.15077	0.01191	0.02414	0.01177	0.00693	0.00829	0.00501	0.00347	0.00364	0.00118	0.00550	0.00304	0.00167	0.00540
8	0.00518	0.00379	0.00485	0.00459	0.00550	0.00347	0.00344	0.00685	0.01032	0.01445	0.77166	0.02845	0.10808	0.00775	0.00438	0.00118	0.00176	0.00681	0.00403	0.00347
9	0.00622	0.00550	0.00945	0.00816	0.00933	0.00592	0.17860	0.00773	0.00681	0.00952	0.01115	0.13224	0.01124	0.06826	0.38074	0.00357	0.08275	0.05694	0.00224	0.00364
10	0.01040	0.01794	0.04194	0.00824	0.03854	0.00894	0.03497	0.31377	0.26915	0.04115	0.12996	0.01420	0.04384	0.00514	0.00385	0.00118	0.00343	0.00426	0.00357	0.00555
11	0.00530	0.00356	0.00408	0.00417	0.00420	0.00353	0.00238	0.00537	0.00559	0.00745	0.01268	0.11884	0.01473	0.77331	0.01730	0.00336	0.00344	0.00598	0.00238	0.00234
12	0.00841	0.01901	0.02733	0.05939	0.02313	0.00636	0.01547	0.03809	0.02917	0.04936	0.00711	0.00832	0.00573	0.00335	0.00374	0.00078	0.07451	0.00256	0.00228	0.61589
13	0.25139	0.00767	0.04010	0.00661	0.00936	0.00740	0.00561	0.11005	0.08843	0.41978	0.01118	0.01036	0.00750	0.00427	0.00334	0.00116	0.00326	0.00323	0.00368	0.00563
14	0.02416	0.00993	0.07904	0.00886	0.06264	0.08696	0.00704	0.18606	0.31320	0.06755	0.05467	0.01211	0.02674	0.00476	0.00395	0.00117	0.02904	0.00377	0.00324	0.01511
15	0.00692	0.00346	0.00346	0.00346	0.00432	0.00346	0.00259	0.00865	0.00778	0.01384	0.01211	0.01384	0.00951	0.00432	0.00259	0.00086	0.00173	0.00346	0.89016	0.00346
16	0.03487	0.00813	0.00898	0.00674	0.00983	0.00776	0.00547	0.32441	0.05238	0.01670	0.00786	0.00842	0.00605	0.00353	0.00315	0.00082	0.00327	0.00273	0.00286	0.48603
17	0.26597	0.00907	0.00900	0.00735	0.00973	0.04797	0.00599	0.40992	0.03167	0.05906	0.00837	0.04694	0.00657	0.00462	0.00390	0.00117	0.06104	0.00328	0.00312	0.00526
18	0.00692	0.00346	0.00346	0.00346	0.00432	0.00346	0.00259	0.00865	0.00778	0.01384	0.01211	0.01384	0.00951	0.00432	0.00259	0.00086	0.00173	0.00346	0.89016	0.00346
19	0.23662	0.00740	0.00720	0.00656	0.00828	0.08362	0.01442	0.06615	0.14442	0.05557	0.05122	0.04337	0.03927	0.04407	0.04638	0.00159	0.02837	0.10818	0.00298	0.00435

[dist]
# distance from previous block
# <min> <max>
0	1

[block]
# block no. 6 follows, 74 sequences, length 100
# corresponding to MSA columns:
# 568-583,588-612,616-627,630-635,638-678
name=unknown_G
#
# <colnr> <probs for GDERKNQSTAVLIFYWHMCP>
#	G	D	E	R	K	N	Q	S	T	A	V	L	I	F	Y	W	H	M	C	P
0	0.01802	0.00848	0.02179	0.12579	0.26660	0.01803	0.07003	0.08156	0.01651	0.05657	0.01659	0.00975	0.00618	0.00459	0.00620	0.00129	0.25227	0.01261	0.00213	0.00503
1	0.02093	0.02390	0.09725	0.02048	0.01065	0.01981	0.04837	0.05860	0.05490	0.13300	0.02205	0.00982	0.00699	0.00370	0.00353	0.00090	0.02927	0.01647	0.00265	0.41673
2	0.00685	0.00379	0.00416	0.00419	0.00506	0.00375	0.00311	0.04052	0.00821	0.03358	0.04026	0.18488	0.02742	0.00610	0.00323	0.00104	0.00198	0.02146	0.59687	0.00355
3	0.00848	0.12373	0.26614	0.00783	0.01092	0.06311	0.01759	0.05535	0.14048	0.02690	0.16736	0.01323	0.02741	0.02156	0.00388	0.00115	0.00396	0.00380	0.00266	0.03446
4	0.00880	0.00752	0.00802	0.00724	0.00921	0.00861	0.00562	0.01834	0.74943	0.01546	0.10538	0.01536	0.01391	0.00531	0.00384	0.00125	0.00281	0.00447	0.00381	0.00562
5	0.00945	0.01037	0.01055	0.07261	0.08453	0.26549	0.00769	0.01053	0.00764	0.00931	0.00701	0.07980	0.00685	0.02057	0.03261	0.00150	0.35377	0.00366	0.00190	0.00416
6	0.00598	0.00427	0.00598	0.00684	0.00769	0.00427	0.00598	0.00769	0.00854	0.01111	0.01965	0.04187	0.02136	0.01025	0.00513	0.00171	0.00342	0.82141	0.00342	0.00342
7	0.00909	0.00889	0.01551	0.02136	0.72017	0.00902	0.08936	0.01130	0.00832	0.01192	0.00691	0.00920	0.00580	0.00347	0.00423	0.00115	0.05338	0.00341	0.00183	0.00569
8	0.00747	0.00641	0.00947	0.07301	0.22748	0.00640	0.02685	0.01770	0.08778	0.01213	0.06727	0.04964	0.01361	0.00614	0.00411	0.00126	0.00357	0.25640	0.00276	0.12052
9	0.00525	0.00385	0.00494	0.00473	0.00562	0.00357	0.00355	0.00706	0.02504	0.01429	0.72867	0.07058	0.07874	0.00789	0.00440	0.00120	0.00183	0.02129	0.00400	0.00350
10	0.01188	0.27476	0.09571	0.00853	0.01122	0.45735	0.00748	0.05706	0.00969	0.01002	0.00641	0.00724	0.02032	0.00374	0.00311	0.00094	0.00553	0.00245	0.00191	0.00464
11	0.00440	0.00376	0.00378	0.00378	0.00502	0.00314	0.00283	0.00536	0.00849	0.01011	0.05114	0.03559	0.83130	0.00937	0.00439	0.00125	0.00188	0.00781	0.00346	0.00314
12	0.00770	0.00660	0.00770	0.00550	0.00880	0.00495	0.00440	0.00935	0.00770	0.01210	0.00660	0.00770	0.00550	0.00275	0.00275	0.00055	0.00275	0.00220	0.00220	0.89224
13	0.00732	0.00695	0.00984	0.00868	0.00886	0.00947	0.00714	0.00828	0.00576	0.00884	0.00631	0.00995	0.00612	0.01253	0.25035	0.00285	0.62172	0.00345	0.00173	0.00385
14	0.00540	0.00360	0.00405	0.00405	0.00405	0.00360	0.00225	0.00540	0.00540	0.00720	0.01170	0.02429	0.01349	0.86955	0.01889	0.00360	0.00360	0.00540	0.00225	0.00225
15	0.00910	0.00886	0.01551	0.04301	0.76004	0.00885	0.07691	0.01138	0.00845	0.01204	0.00701	0.00927	0.00584	0.00330	0.00373	0.00112	0.00457	0.00339	0.00184	0.00577
16	0.00867	0.22780	0.39252	0.01082	0.01515	0.03035	0.23132	0.01178	0.00811	0.02078	0.00659	0.00798	0.00502	0.00335	0.00347	0.00110	0.00532	0.00300	0.00170	0.00516
17	0.00509	0.00378	0.00467	0.00445	0.00541	0.00342	0.00334	0.00666	0.01001	0.01379	0.65204	0.02929	0.21477	0.00794	0.00435	0.00118	0.00178	0.00691	0.01771	0.00342
18	0.00475	0.00368	0.00422	0.00425	0.00513	0.00327	0.00306	0.00581	0.00860	0.01113	0.27195	0.14763	0.41552	0.08740	0.00575	0.00148	0.00204	0.00766	0.00353	0.00315
19	0.00443	0.00359	0.00394	0.00422	0.00513	0.00309	0.00302	0.00528	0.00802	0.00985	0.03199	0.30766	0.57657	0.01013	0.00450	0.00134	0.00197	0.00872	0.00345	0.00309
20	0.00602	0.00418	0.00588	0.00665	0.00743	0.00418	0.00573	0.00743	0.00821	0.01068	0.01845	0.03909	0.02001	0.01049	0.00598	0.08267	0.00340	0.74701	0.00325	0.00325
21	0.03157	0.01021	0.01075	0.00832	0.01122	0.04390	0.00684	0.70425	0.01628	0.10525	0.00929	0.00914	0.00650	0.00443	0.00367	0.00111	0.00407	0.00332	0.00370	0.00619
22	0.00952	0.00812	0.00856	0.00761	0.00976	0.00937	0.00595	0.06846	0.79048	0.01600	0.01474	0.01355	0.01103	0.00500	0.00377	0.00125	0.00301	0.00415	0.00377	0.00590
23	0.00857	0.00831	0.00708	0.00658	0.01644	0.24836	0.00491	0.02509	0.06580	0.04456	0.44164	0.04302	0.05216	0.00630	0.00401	0.00112	0.00339	0.00524	0.00339	0.00404
