[name]
unknown

[dist]
# distance from previous block
# <min> <max>
16	443

[block]
# block no. 0 follows, 59 sequences, length 26
# corresponding to MSA columns:
# 841-866
name=unknown_A
#
# <colnr> <probs for GDERKNQSTAVLIFYWHMCP>
#	G	D	E	R	K	N	Q	S	T	A	V	L	I	F	Y	W	H	M	C	P
0	0.10518	0.03194	0.04917	0.02755	0.02755	0.18385	0.05179	0.12879	0.04981	0.07590	0.04027	0.04728	0.04737	0.00729	0.04837	0.00169	0.05260	0.01479	0.00320	0.00560
1	0.06165	0.09360	0.11377	0.04970	0.06062	0.02656	0.05481	0.07013	0.06372	0.04451	0.04042	0.16932	0.01281	0.04065	0.00521	0.00150	0.01512	0.00553	0.00309	0.06731
2	0.07279	0.04589	0.04750	0.08529	0.13099	0.04374	0.00800	0.08043	0.04848	0.08156	0.07056	0.17795	0.03568	0.00693	0.00468	0.00142	0.02001	0.00587	0.00338	0.02884
3	0.01147	0.04243	0.03009	0.03326	0.10055	0.14837	0.02464	0.04271	0.01152	0.14323	0.19240	0.10021	0.05429	0.01895	0.00486	0.00139	0.00437	0.00579	0.00368	0.02577
4	0.29623	0.00958	0.08171	0.08050	0.05930	0.07833	0.00683	0.01116	0.00817	0.01381	0.01018	0.06265	0.02011	0.21827	0.00866	0.00213	0.02081	0.00447	0.00258	0.00450
5	0.06954	0.00927	0.01538	0.27028	0.10745	0.03386	0.21968	0.04081	0.01001	0.03630	0.01189	0.07775	0.04910	0.00547	0.00467	0.00147	0.00554	0.02349	0.00263	0.00540
6	0.00709	0.00528	0.00642	0.00587	0.00725	0.00505	0.00447	0.05088	0.05759	0.01758	0.60891	0.03084	0.11562	0.00864	0.00503	0.00137	0.00236	0.00751	0.02533	0.02690
7	0.03473	0.02114	0.72763	0.01240	0.01846	0.01002	0.05151	0.01364	0.00929	0.01406	0.00859	0.04335	0.00659	0.00456	0.00426	0.00142	0.00631	0.00371	0.00200	0.00633
8	0.00631	0.00473	0.00710	0.00710	0.00789	0.00552	0.00552	0.00789	0.00710	0.01025	0.01183	0.01735	0.01104	0.03312	0.82728	0.00710	0.01183	0.00473	0.00237	0.00394
9	0.01181	0.84744	0.02314	0.00756	0.01134	0.01748	0.00756	0.01323	0.00897	0.01039	0.00614	0.00708	0.00567	0.00378	0.00283	0.00094	0.00472	0.00236	0.00189	0.00567
10	0.00712	0.00508	0.00712	0.00813	0.00915	0.00508	0.00712	0.00915	0.01017	0.01322	0.02338	0.04982	0.02542	0.01220	0.00610	0.00203	0.00407	0.78750	0.00407	0.00407
11	0.01181	0.84744	0.02314	0.00756	0.01134	0.01748	0.00756	0.01323	0.00897	0.01039	0.00614	0.00708	0.00567	0.00378	0.00283	0.00094	0.00472	0.00236	0.00189	0.00567
12	0.00886	0.02285	0.82190	0.01259	0.01912	0.01026	0.01632	0.01399	0.00932	0.01399	0.00793	0.00932	0.00559	0.00420	0.00420	0.00140	0.00653	0.00326	0.00186	0.00653
13	0.01062	0.01172	0.02521	0.01810	0.02237	0.01115	0.75257	0.01419	0.01034	0.03319	0.00902	0.01190	0.00677	0.00391	0.00554	0.00150	0.03849	0.00514	0.00230	0.00595
14	0.01181	0.84744	0.02314	0.00756	0.01134	0.01748	0.00756	0.01323	0.00897	0.01039	0.00614	0.00708	0.00567	0.00378	0.00283	0.00094	0.00472	0.00236	0.00189	0.00567
15	0.01094	0.29062	0.17109	0.01001	0.03591	0.03920	0.08845	0.01356	0.02725	0.09064	0.04098	0.05384	0.00981	0.03756	0.03645	0.00158	0.00532	0.00417	0.02692	0.00570
16	0.00769	0.02003	0.11986	0.04934	0.13072	0.00653	0.02819	0.00969	0.00918	0.03361	0.03316	0.33894	0.03598	0.04754	0.02127	0.00185	0.00424	0.09413	0.00328	0.00478
17	0.00707	0.00417	0.00597	0.00597	0.00619	0.00439	0.00411	0.00647	0.00625	0.00855	0.00992	0.01721	0.01007	0.16366	0.24660	0.47789	0.00617	0.00454	0.00218	0.00262
18	0.00568	0.00413	0.00565	0.04008	0.00762	0.00399	0.00469	0.00669	0.00876	0.01167	0.05219	0.71326	0.02840	0.01314	0.00561	0.00179	0.00281	0.07613	0.00404	0.00370
19	0.02927	0.16011	0.23854	0.05434	0.03189	0.05308	0.18360	0.03636	0.05465	0.03289	0.02587	0.01088	0.00747	0.00443	0.00443	0.00133	0.02730	0.00383	0.03375	0.00596
20	0.04082	0.08866	0.05236	0.02759	0.04615	0.00951	0.06317	0.05927	0.04879	0.18146	0.01184	0.01549	0.00981	0.08163	0.10686	0.00239	0.10569	0.03963	0.00320	0.00566
21	0.00604	0.00459	0.00647	0.09548	0.00924	0.00479	0.00520	0.00732	0.00854	0.01154	0.09466	0.41591	0.05694	0.05954	0.18940	0.00302	0.00502	0.00899	0.00348	0.00382
22	0.01599	0.02011	0.01242	0.03706	0.01408	0.76459	0.00858	0.01770	0.04838	0.01117	0.00736	0.00847	0.00605	0.00461	0.00402	0.00116	0.00770	0.00298	0.00237	0.00520
23	0.01249	0.02866	0.17321	0.02243	0.09145	0.06031	0.09311	0.11688	0.06429	0.15600	0.05205	0.04792	0.01104	0.00559	0.00468	0.00141	0.01546	0.03325	0.00341	0.00637
24	0.04686	0.03879	0.17088	0.08432	0.09872	0.01024	0.22808	0.06859	0.02298	0.02889	0.01037	0.09979	0.00908	0.01803	0.00534	0.00151	0.04410	0.00503	0.00259	0.00582
25	0.00810	0.00706	0.01121	0.44452	0.04860	0.00809	0.03229	0.01077	0.04153	0.01186	0.01040	0.07846	0.00915	0.00964	0.11992	0.04149	0.00597	0.00472	0.03372	0.06248

[dist]
# distance from previous block
# <min> <max>
2	59

[block]
# block no. 1 follows, 59 sequences, length 31
# corresponding to MSA columns:
# 926-956
name=unknown_B
#
# <colnr> <probs for GDERKNQSTAVLIFYWHMCP>
#	G	D	E	R	K	N	Q	S	T	A	V	L	I	F	Y	W	H	M	C	P
0	0.02128	0.01009	0.05548	0.03656	0.25136	0.03263	0.05690	0.01534	0.11329	0.12930	0.03281	0.02011	0.00926	0.00454	0.00421	0.00122	0.00455	0.00404	0.00312	0.19392
1	0.00607	0.00460	0.00546	0.00554	0.00674	0.00407	0.00414	0.00743	0.01019	0.02545	0.20542	0.20484	0.34481	0.02994	0.00568	0.00160	0.00255	0.07892	0.00419	0.04237
2	0.01261	0.01039	0.01181	0.01107	0.08986	0.01163	0.00806	0.25557	0.43806	0.02048	0.01404	0.01367	0.01054	0.00553	0.00473	0.00141	0.03054	0.00446	0.00409	0.04144
3	0.00922	0.00889	0.07028	0.13681	0.01405	0.02602	0.02590	0.01132	0.00855	0.05091	0.00900	0.01189	0.00751	0.01019	0.15993	0.00237	0.16553	0.00373	0.04616	0.22175
4	0.00993	0.05872	0.61728	0.01151	0.01691	0.01009	0.01395	0.01409	0.00944	0.09128	0.00947	0.05204	0.00732	0.00499	0.00483	0.00143	0.05425	0.00384	0.00233	0.00633
5	0.00647	0.00549	0.03198	0.00631	0.00751	0.00499	0.00498	0.00843	0.04322	0.02502	0.22983	0.21853	0.25251	0.01103	0.02083	0.00170	0.04514	0.06775	0.00412	0.00417
6	0.00639	0.00427	0.00483	0.00485	0.00486	0.00426	0.00271	0.00642	0.00648	0.00864	0.01419	0.05063	0.01641	0.82257	0.02203	0.00422	0.00424	0.00659	0.00271	0.00270
7	0.00886	0.02285	0.82190	0.01259	0.01912	0.01026	0.01632	0.01399	0.00932	0.01399	0.00793	0.00932	0.00559	0.00420	0.00420	0.00140	0.00653	0.00326	0.00186	0.00653
8	0.00640	0.00508	0.00554	0.00540	0.00689	0.00472	0.00407	0.00888	0.09916	0.03393	0.11182	0.09290	0.54056	0.01141	0.04162	0.00175	0.00285	0.00861	0.00418	0.00423
9	0.00775	0.00581	0.00675	0.00657	0.00807	0.00582	0.00504	0.01189	0.20399	0.05392	0.19745	0.15197	0.22297	0.00968	0.00515	0.00156	0.00281	0.08356	0.00442	0.00481
10	0.00612	0.00470	0.00576	0.00625	0.00743	0.00434	0.00510	0.00768	0.01016	0.01281	0.08192	0.09505	0.37239	0.01166	0.00563	0.00174	0.00305	0.35016	0.00413	0.00390
11	0.01176	0.24920	0.01405	0.00869	0.01165	0.01309	0.00728	0.09256	0.50768	0.01703	0.01391	0.01325	0.01070	0.00530	0.00401	0.00132	0.00397	0.00415	0.00374	0.00666
12	0.00919	0.00798	0.01248	0.19896	0.18599	0.00835	0.08069	0.03451	0.08815	0.04525	0.11485	0.06298	0.11899	0.00643	0.00476	0.00144	0.00442	0.00584	0.00324	0.00550
13	0.00533	0.00404	0.00492	0.00563	0.00627	0.00363	0.00387	0.00621	0.00895	0.01148	0.03065	0.59458	0.27246	0.01302	0.00551	0.00170	0.00246	0.01156	0.00410	0.00363
14	0.00886	0.02285	0.82190	0.01259	0.01912	0.01026	0.01632	0.01399	0.00932	0.01399	0.00793	0.00932	0.00559	0.00420	0.00420	0.00140	0.00653	0.00326	0.00186	0.00653
15	0.01096	0.03743	0.01481	0.08326	0.45665	0.13600	0.01093	0.01378	0.05848	0.01347	0.01248	0.01491	0.08485	0.00512	0.00441	0.00134	0.00527	0.02720	0.00255	0.00610
16	0.00890	0.04238	0.67770	0.01268	0.04138	0.01029	0.03711	0.01341	0.00921	0.01362	0.00866	0.05165	0.00688	0.00481	0.00472	0.00143	0.04310	0.00381	0.00200	0.00628
17	0.00788	0.00397	0.00594	0.00588	0.00601	0.00400	0.00400	0.00625	0.00599	0.02698	0.00814	0.01369	0.00794	0.01614	0.06383	0.80098	0.00430	0.00390	0.00203	0.00217
18	0.00810	0.06086	0.00884	0.00718	0.00769	0.00807	0.00530	0.04902	0.00768	0.01058	0.02589	0.04452	0.03017	0.44448	0.04166	0.00320	0.22479	0.00557	0.00262	0.00380
19	0.01388	0.18087	0.01461	0.01064	0.06741	0.13994	0.03356	0.07242	0.05298	0.19036	0.01756	0.01222	0.00855	0.01960	0.02376	0.00151	0.10961	0.02129	0.00319	0.00605
20	0.00543	0.00388	0.00509	0.00603	0.00631	0.00363	0.00401	0.00617	0.00840	0.01116	0.02439	0.77787	0.05095	0.05593	0.00648	0.00191	0.00264	0.01215	0.00403	0.00355
21	0.01000	0.01767	0.49219	0.01212	0.01715	0.03628	0.09700	0.01573	0.14170	0.05037	0.01101	0.01343	0.00845	0.00499	0.00447	0.00145	0.00590	0.05104	0.00264	0.00639
22	0.01095	0.01007	0.01607	0.11062	0.50694	0.01066	0.03731	0.10924	0.01097	0.01530	0.00984	0.03511	0.02976	0.00489	0.00516	0.00140	0.06235	0.00437	0.00253	0.00646
23	0.01074	0.01166	0.05584	0.28327	0.12209	0.13022	0.10446	0.06218	0.03146	0.01332	0.00905	0.02889	0.00755	0.00513	0.00537	0.00146	0.07666	0.03268	0.00240	0.00556
24	0.00581	0.00476	0.00523	0.00548	0.00672	0.01675	0.00422	0.00711	0.01011	0.01248	0.09565	0.13808	0.51774	0.01141	0.00540	0.00161	0.00266	0.14082	0.00412	0.00382
25	0.01012	0.00938	0.01014	0.00750	0.01127	0.08577	0.03125	0.03367	0.00984	0.01441	0.00786	0.00917	0.00649	0.00347	0.00343	0.00075	0.00390	0.00276	0.00262	0.73619
26	0.01100	0.00951	0.01416	0.03983	0.40588	0.00919	0.02738	0.10848	0.01120	0.03865	0.01106	0.01347	0.04863	0.00463	0.00424	0.00120	0.00458	0.02858	0.00280	0.20552
27	0.03150	0.03094	0.01132	0.13501	0.11945	0.00792	0.02958	0.03400	0.04624	0.01410	0.01250	0.04923	0.08294	0.00502	0.00415	0.00112	0.01626	0.00427	0.00276	0.36167
28	0.01338	0.19096	0.01427	0.00945	0.01229	0.23203	0.03096	0.14892	0.08500	0.04606	0.04323	0.01180	0.03722	0.00516	0.00449	0.00121	0.04716	0.00374	0.00305	0.05962
29	0.01088	0.00848	0.00903	0.02406	0.01049	0.07375	0.00590	0.10249	0.05611	0.10135	0.01524	0.11440	0.07498	0.03943	0.02373	0.00143	0.00404	0.02264	0.00352	0.29803
30	0.01243	0.05100	0.01357	0.03785	0.20330	0.11506	0.04390	0.07512	0.08715	0.11214	0.02574	0.05213	0.00959	0.00593	0.02704	0.00145	0.03323	0.00433	0.00314	0.08589

[dist]
# distance from previous block
# <min> <max>
3	36

[block]
# block no. 2 follows, 59 sequences, length 15
# corresponding to MSA columns:
# 1012-1026
name=unknown_C
#
# <colnr> <probs for GDERKNQSTAVLIFYWHMCP>
#	G	D	E	R	K	N	Q	S	T	A	V	L	I	F	Y	W	H	M	C	P
0	0.00995	0.04373	0.17541	0.01038	0.01368	0.00940	0.11878	0.12646	0.03312	0.03414	0.03883	0.05620	0.07969	0.00772	0.04755	0.00173	0.06910	0.05091	0.00305	0.07018
1	0.01127	0.69824	0.16766	0.00847	0.01274	0.01617	0.00914	0.01336	0.00904	0.01104	0.00646	0.00749	0.00565	0.00385	0.00308	0.00103	0.00505	0.00252	0.00188	0.00582
2	0.01291	0.01185	0.01955	0.01444	0.01817	0.01232	0.40497	0.32569	0.04528	0.01949	0.00974	0.01142	0.00722	0.00470	0.00548	0.00145	0.06099	0.00463	0.00316	0.00654
3	0.01189	0.00898	0.01232	0.11441	0.24279	0.03411	0.00903	0.04257	0.12882	0.15594	0.01260	0.07615	0.01022	0.00534	0.00435	0.00132	0.00440	0.00467	0.01871	0.10140
4	0.00823	0.00412	0.00412	0.00412	0.00515	0.00412	0.00309	0.01029	0.00926	0.01647	0.01441	0.01647	0.01132	0.00515	0.00309	0.00103	0.00206	0.00412	0.86930	0.00412
5	0.01834	0.00785	0.01049	0.00809	0.01136	0.00714	0.02376	0.09899	0.01327	0.66124	0.04702	0.01526	0.01169	0.00554	0.00443	0.00135	0.00382	0.00453	0.03858	0.00722
6	0.00561	0.00449	0.00502	0.00489	0.00621	0.00390	0.00366	0.00710	0.01099	0.01413	0.33775	0.03889	0.52106	0.01037	0.00522	0.00145	0.00218	0.00881	0.00439	0.00390
7	0.00823	0.00412	0.00412	0.00412	0.00515	0.00412	0.00309	0.01029	0.00926	0.01647	0.01441	0.01647	0.01132	0.00515	0.00309	0.00103	0.00206	0.00412	0.86930	0.00412
8	0.19283	0.37671	0.03733	0.00817	0.01116	0.20690	0.00722	0.01371	0.00939	0.01257	0.00725	0.03299	0.00652	0.00613	0.05357	0.00149	0.00564	0.00296	0.00225	0.00521
9	0.26193	0.47483	0.08184	0.00830	0.01204	0.01423	0.06836	0.01329	0.00869	0.01370	0.00650	0.00766	0.00548	0.00390	0.00310	0.00114	0.00470	0.00266	0.00216	0.00550
10	0.38483	0.01040	0.07134	0.00792	0.01109	0.01046	0.00690	0.17961	0.15112	0.08560	0.01131	0.01134	0.03077	0.00500	0.00371	0.00139	0.00396	0.00361	0.00359	0.00606
11	0.01052	0.38589	0.38472	0.01006	0.01486	0.06313	0.01151	0.01361	0.00927	0.01204	0.00724	0.00860	0.00587	0.00528	0.03915	0.00143	0.00605	0.00290	0.00192	0.00595
12	0.08960	0.00771	0.00786	0.00671	0.00885	0.00842	0.00534	0.26530	0.09593	0.02061	0.01282	0.01375	0.00974	0.00519	0.00363	0.00120	0.00323	0.00401	0.42454	0.00556
13	0.01028	0.34788	0.35558	0.00974	0.01455	0.01287	0.01099	0.01448	0.09450	0.01307	0.00828	0.00919	0.00654	0.00415	0.00362	0.00117	0.00524	0.00304	0.00221	0.07264
14	0.01548	0.01911	0.01303	0.01145	0.01385	0.69203	0.06056	0.04668	0.01269	0.01210	0.05647	0.00985	0.00802	0.00480	0.00416	0.00118	0.00745	0.00336	0.00251	0.00521

[dist]
# distance from previous block
# <min> <max>
0	1

[block]
# block no. 3 follows, 59 sequences, length 39
# corresponding to MSA columns:
# 1028-1035,1038-1052,1068-1070,1073-1085
name=unknown_D
#
# <colnr> <probs for GDERKNQSTAVLIFYWHMCP>
#	G	D	E	R	K	N	Q	S	T	A	V	L	I	F	Y	W	H	M	C	P
0	0.01650	0.02105	0.01252	0.01138	0.01365	0.82705	0.00853	0.01764	0.01252	0.01081	0.00683	0.00796	0.00569	0.00455	0.00398	0.00114	0.00796	0.00284	0.00228	0.00512
1	0.01863	0.00845	0.01028	0.00812	0.01134	0.05773	0.00661	0.02116	0.07550	0.68994	0.03353	0.01508	0.01145	0.00553	0.00443	0.00136	0.00396	0.00446	0.00518	0.00726
2	0.00522	0.00447	0.00447	0.00447	0.00597	0.00373	0.00336	0.00634	0.01007	0.01193	0.04474	0.04250	0.81544	0.01119	0.00522	0.00149	0.00224	0.00932	0.00410	0.00373
3	0.00620	0.00451	0.00583	0.00550	0.00657	0.00415	0.00413	0.00823	0.01238	0.01742	0.77606	0.03347	0.08070	0.00914	0.00521	0.00139	0.00209	0.00805	0.00482	0.00415
4	0.00642	0.00431	0.00495	0.00495	0.00500	0.00436	0.00285	0.00651	0.00646	0.00867	0.01379	0.02821	0.01575	0.79584	0.07100	0.00445	0.00474	0.00632	0.00266	0.00275
5	0.00823	0.00412	0.00412	0.00412	0.00515	0.00412	0.00309	0.01029	0.00926	0.01647	0.01441	0.01647	0.01132	0.00515	0.00309	0.00103	0.00206	0.00412	0.86930	0.00412
6	0.01181	0.84744	0.02314	0.00756	0.01134	0.01748	0.00756	0.01323	0.00897	0.01039	0.00614	0.00708	0.00567	0.00378	0.00283	0.00094	0.00472	0.00236	0.00189	0.00567
7	0.82213	0.00850	0.00691	0.05722	0.00990	0.00990	0.00525	0.01288	0.00760	0.01929	0.00626	0.00746	0.00485	0.00412	0.00284	0.00137	0.00357	0.00249	0.00269	0.00479
8	0.00823	0.00412	0.00412	0.00412	0.00515	0.00412	0.00309	0.01029	0.00926	0.01647	0.01441	0.01647	0.01132	0.00515	0.00309	0.00103	0.00206	0.00412	0.86930	0.00412
9	0.01387	0.48499	0.01848	0.00923	0.01235	0.37255	0.00799	0.01516	0.01053	0.01057	0.00644	0.00747	0.00568	0.00412	0.00334	0.00103	0.00614	0.00257	0.00206	0.00543
10	0.00550	0.00415	0.00511	0.00575	0.00646	0.00376	0.00407	0.00654	0.00930	0.01203	0.08579	0.50946	0.25381	0.01264	0.00552	0.00169	0.00253	0.05804	0.00415	0.00370
11	0.01982	0.00752	0.01025	0.00786	0.01127	0.00649	0.00649	0.02152	0.01264	0.82029	0.01742	0.01503	0.01093	0.00547	0.00444	0.00137	0.00376	0.00444	0.00547	0.00752
12	0.00637	0.00449	0.00580	0.00547	0.00651	0.00416	0.00410	0.00845	0.01231	0.01764	0.76664	0.03199	0.03984	0.00880	0.00508	0.00137	0.00208	0.00775	0.05698	0.00416
13	0.00966	0.00966	0.01353	0.01160	0.01160	0.01353	0.00966	0.01063	0.00676	0.01063	0.00580	0.00966	0.00580	0.00773	0.01449	0.00193	0.83670	0.00387	0.00193	0.00483
14	0.01042	0.01191	0.02606	0.01862	0.02308	0.01117	0.80119	0.01415	0.01042	0.01415	0.00894	0.01191	0.00670	0.00372	0.00521	0.00149	0.00745	0.00521	0.00223	0.00596
15	0.00977	0.27711	0.57561	0.01104	0.01672	0.01248	0.01362	0.01375	0.00922	0.01288	0.00738	0.00863	0.00562	0.00407	0.00378	0.00126	0.00597	0.00299	0.00187	0.00626
16	0.00823	0.00412	0.00412	0.00412	0.00515	0.00412	0.00309	0.01029	0.00926	0.01647	0.01441	0.01647	0.01132	0.00515	0.00309	0.00103	0.00206	0.00412	0.86930	0.00412
17	0.00631	0.00473	0.00710	0.00710	0.00789	0.00552	0.00552	0.00789	0.00710	0.01025	0.01183	0.01735	0.01104	0.03312	0.82728	0.00710	0.01183	0.00473	0.00237	0.00394
18	0.87598	0.00854	0.00649	0.00581	0.00854	0.00991	0.00478	0.01298	0.00752	0.01982	0.00615	0.00717	0.00478	0.00410	0.00273	0.00137	0.00342	0.00239	0.00273	0.00478
19	0.00596	0.00450	0.00550	0.00525	0.00642	0.00404	0.00394	0.00776	0.01181	0.01606	0.59488	0.03571	0.26272	0.00965	0.00521	0.00142	0.00213	0.00837	0.00464	0.00404
20	0.00915	0.00700	0.00824	0.00640	0.00946	0.00572	0.00505	0.01166	0.05832	0.07487	0.14995	0.01759	0.09847	0.00541	0.00397	0.00097	0.00301	0.00451	0.00348	0.51675
21	0.00665	0.00483	0.00611	0.00595	0.00615	0.00535	0.00397	0.00714	0.00662	0.00917	0.01273	0.02438	0.01394	0.56818	0.22932	0.00482	0.07321	0.00578	0.00254	0.00318
22	0.00522	0.00447	0.00447	0.00447	0.00597	0.00373	0.00336	0.00634	0.01007	0.01193	0.04474	0.04250	0.81544	0.01119	0.00522	0.00149	0.00224	0.00932	0.00410	0.00373
23	0.00916	0.00785	0.00916	0.00654	0.01047	0.00589	0.00523	0.01112	0.00916	0.01439	0.00785	0.00916	0.00654	0.00327	0.00327	0.00065	0.00327	0.00262	0.00262	0.87178
24	0.00874	0.02093	0.72761	0.01184	0.01791	0.00966	0.01498	0.01351	0.00949	0.01421	0.05129	0.01059	0.00759	0.00440	0.00419	0.00135	0.00609	0.00348	0.00207	0.06010
25	0.82954	0.05362	0.00739	0.00590	0.00869	0.01031	0.00493	0.01300	0.00759	0.01931	0.00615	0.00717	0.00483	0.00408	0.00274	0.00134	0.00349	0.00239	0.00269	0.00483
26	0.01070	0.01165	0.02412	0.01763	0.04179	0.01096	0.68935	0.05631	0.01089	0.01491	0.00894	0.01165	0.00674	0.00379	0.00503	0.00142	0.00699	0.00495	0.00237	0.05980
27	0.00767	0.00384	0.00575	0.00575	0.00575	0.00384	0.00384	0.00575	0.00575	0.00767	0.00767	0.01343	0.00767	0.01534	0.01726	0.87150	0.00384	0.00384	0.00192	0.00192
28	0.00551	0.00392	0.00520	0.00617	0.00645	0.00369	0.00416	0.00630	0.00843	0.01122	0.02377	0.76588	0.02838	0.05567	0.00651	0.00193	0.00272	0.04650	0.00403	0.00356
29	0.00823	0.00412	0.00412	0.00412	0.00515	0.00412	0.00309	0.01029	0.00926	0.01647	0.01441	0.01647	0.01132	0.00515	0.00309	0.00103	0.00206	0.00412	0.86930	0.00412
30	0.00834	0.00785	0.01325	0.83417	0.03042	0.00981	0.01227	0.01128	0.00883	0.01128	0.00785	0.01178	0.00589	0.00442	0.00442	0.00147	0.00589	0.00393	0.00196	0.00491
31	0.01058	0.00985	0.01625	0.18463	0.58277	0.01031	0.01264	0.06181	0.01042	0.01453	0.00894	0.04106	0.00761	0.00447	0.00443	0.00136	0.00525	0.00425	0.00235	0.00649
32	0.00823	0.00412	0.00412	0.00412	0.00515	0.00412	0.00309	0.01029	0.00926	0.01647	0.01441	0.01647	0.01132	0.00515	0.00309	0.00103	0.00206	0.00412	0.86930	0.00412
33	0.00958	0.00879	0.01449	0.01241	0.05471	0.00888	0.26633	0.08002	0.16165	0.01542	0.01640	0.17266	0.03065	0.00754	0.00517	0.00160	0.00487	0.11974	0.00349	0.00558
34	0.00652	0.00571	0.04781	0.00670	0.00796	0.00473	0.05396	0.00803	0.00980	0.02945	0.24506	0.28302	0.14187	0.11992	0.00755	0.00192	0.00313	0.00892	0.00393	0.00402
35	0.11203	0.00952	0.00910	0.00763	0.01013	0.06996	0.00609	0.34868	0.01452	0.01995	0.04238	0.03981	0.23319	0.00704	0.00440	0.00136	0.00392	0.00552	0.04919	0.00560
36	0.30320	0.00952	0.01122	0.07602	0.23657	0.05298	0.00815	0.01304	0.00909	0.03519	0.00758	0.00926	0.00608	0.00395	0.00355	0.00118	0.00434	0.00307	0.00254	0.20346
37	0.01244	0.08567	0.12759	0.26483	0.01914	0.24542	0.01044	0.07612	0.01115	0.06165	0.00821	0.00994	0.00623	0.00446	0.00408	0.00127	0.00617	0.00337	0.00246	0.03938
38	0.26515	0.05504	0.01172	0.29702	0.07907	0.10538	0.00889	0.04800	0.02514	0.02715	0.00847	0.01088	0.01856	0.00459	0.00383	0.00136	0.00508	0.01690	0.00252	0.00526

[dist]
# distance from previous block
# <min> <max>
1	6

[block]
# block no. 4 follows, 59 sequences, length 17
# corresponding to MSA columns:
# 1094-1102,1104-1111
name=unknown_E
#
# <colnr> <probs for GDERKNQSTAVLIFYWHMCP>
#	G	D	E	R	K	N	Q	S	T	A	V	L	I	F	Y	W	H	M	C	P
0	0.04135	0.00703	0.00808	0.00673	0.00910	0.00666	0.00528	0.12405	0.06657	0.05143	0.29449	0.05204	0.08567	0.00691	0.00447	0.00123	0.00302	0.00583	0.00408	0.21599
1	0.04905	0.05448	0.06451	0.02796	0.01339	0.11844	0.03819	0.16449	0.27087	0.01715	0.01111	0.01170	0.00857	0.00550	0.00569	0.00144	0.12389	0.00399	0.00331	0.00626
2	0.00823	0.00412	0.00412	0.00412	0.00515	0.00412	0.00309	0.01029	0.00926	0.01647	0.01441	0.01647	0.01132	0.00515	0.00309	0.00103	0.00206	0.00412	0.86930	0.00412
3	0.00751	0.00612	0.03051	0.00607	0.00776	0.00547	0.00480	0.12104	0.01184	0.03219	0.18206	0.15916	0.38877	0.01002	0.00512	0.00149	0.00279	0.00852	0.00425	0.00449
4	0.00615	0.00424	0.00515	0.00537	0.00565	0.00411	0.00342	0.00676	0.00809	0.01095	0.15468	0.23350	0.02403	0.46914	0.01482	0.00310	0.00347	0.03073	0.00345	0.00320
5	0.00823	0.00412	0.00412	0.00412	0.00515	0.00412	0.00309	0.01029	0.00926	0.01647	0.01441	0.01647	0.01132	0.00515	0.00309	0.00103	0.00206	0.00412	0.86930	0.00412
6	0.00942	0.00808	0.00928	0.00689	0.01061	0.00662	0.00548	0.01289	0.12353	0.01498	0.00930	0.01020	0.00753	0.00366	0.00345	0.00077	0.00330	0.00296	0.00289	0.74816
7	0.01584	0.13587	0.01424	0.01037	0.01324	0.41733	0.00833	0.26566	0.01450	0.03432	0.00814	0.00887	0.00638	0.00477	0.00420	0.00119	0.02459	0.00319	0.00296	0.00600
8	0.01001	0.01148	0.15603	0.01094	0.06671	0.02569	0.03829	0.07566	0.24991	0.01673	0.17629	0.01663	0.01565	0.00619	0.00576	0.00148	0.10200	0.00498	0.00351	0.00604
9	0.16589	0.19727	0.07075	0.00821	0.01128	0.01193	0.00731	0.12835	0.23446	0.01730	0.04052	0.01238	0.00979	0.03096	0.03447	0.00160	0.00445	0.00381	0.00328	0.00600
10	0.87598	0.00854	0.00649	0.00581	0.00854	0.00991	0.00478	0.01298	0.00752	0.01982	0.00615	0.00717	0.00478	0.00410	0.00273	0.00137	0.00342	0.00239	0.00273	0.00478
11	0.06100	0.00762	0.00991	0.00757	0.01102	0.00658	0.00623	0.01961	0.01189	0.66516	0.01549	0.01380	0.01000	0.00508	0.00419	0.00126	0.00367	0.00408	0.00492	0.13092
12	0.00627	0.00422	0.00486	0.00501	0.00504	0.00418	0.00288	0.00638	0.00671	0.00895	0.01541	0.14512	0.01794	0.72600	0.02007	0.00393	0.00404	0.00730	0.00288	0.00281
13	0.01093	0.01049	0.01793	0.02711	0.81723	0.01049	0.01355	0.01355	0.01006	0.01443	0.00831	0.01093	0.00700	0.00394	0.00437	0.00131	0.00525	0.00394	0.00219	0.00700
14	0.01018	0.01129	0.02414	0.01816	0.05873	0.01064	0.70015	0.01371	0.01039	0.01408	0.01008	0.01495	0.00824	0.00442	0.00525	0.00153	0.00707	0.06876	0.00238	0.00585
15	0.01068	0.00908	0.00966	0.00878	0.01111	0.01042	0.00678	0.04604	0.71514	0.01814	0.01830	0.08819	0.01467	0.00665	0.00459	0.00152	0.00346	0.00562	0.00446	0.00671
16	0.01209	0.25882	0.01399	0.00870	0.01125	0.21732	0.00721	0.05839	0.14416	0.02758	0.06657	0.01250	0.01048	0.00902	0.12153	0.00202	0.00616	0.00378	0.00290	0.00553

[dist]
# distance from previous block
# <min> <max>
0	1

[block]
# block no. 5 follows, 59 sequences, length 21
# corresponding to MSA columns:
# 1113-1133
name=unknown_F
#
# <colnr> <probs for GDERKNQSTAVLIFYWHMCP>
#	G	D	E	R	K	N	Q	S	T	A	V	L	I	F	Y	W	H	M	C	P
0	0.01334	0.01251	0.04543	0.01004	0.01284	0.17609	0.05487	0.17234	0.25028	0.07094	0.02743	0.01304	0.00989	0.01773	0.00496	0.00139	0.03542	0.00421	0.04498	0.02226
1	0.37513	0.01060	0.01035	0.00930	0.05900	0.06768	0.02153	0.26688	0.02687	0.06404	0.00938	0.03321	0.00735	0.00500	0.00376	0.00136	0.00438	0.01476	0.00344	0.00598
2	0.01176	0.09162	0.03073	0.07900	0.27975	0.05909	0.03447	0.11095	0.01118	0.07774	0.01134	0.08618	0.03285	0.00562	0.00502	0.00138	0.05759	0.00472	0.00289	0.00612
3	0.00767	0.00384	0.00575	0.00575	0.00575	0.00384	0.00384	0.00575	0.00575	0.00767	0.00767	0.01343	0.00767	0.01534	0.01726	0.87150	0.00384	0.00384	0.00192	0.00192
4	0.12581	0.00805	0.00944	0.00756	0.01045	0.00794	0.00616	0.18072	0.01353	0.38984	0.13647	0.01722	0.05529	0.00609	0.00437	0.00137	0.00361	0.00487	0.00474	0.00647
5	0.00966	0.00966	0.01353	0.01160	0.01160	0.01353	0.00966	0.01063	0.00676	0.01063	0.00580	0.00966	0.00580	0.00773	0.01449	0.00193	0.83670	0.00387	0.00193	0.00483
6	0.00631	0.00501	0.00583	0.00628	0.00693	0.04725	0.00444	0.00757	0.01007	0.01346	0.28793	0.50433	0.03203	0.01169	0.00542	0.00163	0.00273	0.03294	0.00426	0.00388
7	0.00557	0.00407	0.00507	0.00565	0.00625	0.00371	0.00389	0.00640	0.00905	0.01182	0.10667	0.51612	0.21052	0.03453	0.00649	0.04326	0.00255	0.01078	0.00403	0.00357
8	0.00823	0.00412	0.00412	0.00412	0.00515	0.00412	0.00309	0.01029	0.00926	0.01647	0.01441	0.01647	0.01132	0.00515	0.00309	0.00103	0.00206	0.00412	0.86930	0.00412
9	0.13270	0.00795	0.00994	0.00773	0.01106	0.00738	0.00638	0.06777	0.01246	0.66651	0.01552	0.01373	0.00991	0.00528	0.00421	0.00136	0.00378	0.00414	0.00504	0.00716
10	0.00605	0.00485	0.00554	0.00599	0.00705	0.01936	0.00456	0.00758	0.03062	0.01232	0.05496	0.27516	0.36588	0.01185	0.00548	0.00168	0.00284	0.17026	0.00409	0.00388
11	0.00775	0.00408	0.00608	0.00600	0.00600	0.00424	0.00408	0.00596	0.00580	0.00779	0.00759	0.01327	0.00759	0.01503	0.01715	0.83547	0.03834	0.00384	0.00192	0.00204
12	0.00533	0.00443	0.00465	0.00469	0.00606	0.00376	0.00348	0.00651	0.01018	0.01242	0.11500	0.09780	0.68815	0.01117	0.00525	0.00150	0.00225	0.00942	0.00417	0.00376
13	0.01009	0.00909	0.00961	0.00709	0.01087	0.06974	0.00564	0.04939	0.00997	0.01476	0.00790	0.00914	0.00652	0.00347	0.00338	0.00072	0.00371	0.00270	0.00268	0.76354
14	0.00897	0.05444	0.79129	0.01240	0.01882	0.01053	0.01598	0.01396	0.00931	0.01385	0.00786	0.00924	0.00560	0.00418	0.00414	0.00138	0.00646	0.00323	0.00187	0.00649
15	0.00725	0.00572	0.00671	0.00663	0.00788	0.00590	0.00488	0.01181	0.23877	0.01544	0.27553	0.27946	0.09699	0.00984	0.00514	0.00155	0.00265	0.00866	0.00445	0.00476
16	0.15458	0.00827	0.01002	0.08743	0.05987	0.00923	0.02426	0.20587	0.05889	0.01754	0.03110	0.01412	0.02367	0.04138	0.19082	0.00276	0.00602	0.00425	0.04449	0.00542
17	0.00589	0.00426	0.00510	0.00528	0.00588	0.00397	0.00354	0.00681	0.00912	0.01215	0.22031	0.24253	0.17357	0.26934	0.01067	0.00241	0.00292	0.00893	0.00385	0.00347
18	0.41116	0.00854	0.00904	0.00734	0.01035	0.00896	0.02563	0.11664	0.01127	0.28340	0.05894	0.01186	0.00941	0.00499	0.00372	0.00137	0.00373	0.00367	0.00396	0.00602
19	0.06755	0.02031	0.01216	0.01105	0.01335	0.77851	0.00831	0.01736	0.01222	0.01134	0.00679	0.00792	0.00564	0.00452	0.00391	0.00115	0.00769	0.00282	0.00230	0.00510
20	0.00968	0.03393	0.08129	0.05793	0.01259	0.00848	0.05165	0.02991	0.12893	0.06627	0.04121	0.10474	0.02771	0.00699	0.00619	0.04293	0.09689	0.03675	0.00319	0.15273

[dist]
# distance from previous block
# <min> <max>
0	1

[block]
# block no. 6 follows, 59 sequences, length 25
# corresponding to MSA columns:
# 1135-1144,1217-1231
name=unknown_G
#
# <colnr> <probs for GDERKNQSTAVLIFYWHMCP>
#	G	D	E	R	K	N	Q	S	T	A	V	L	I	F	Y	W	H	M	C	P
0	0.00659	0.00497	0.00616	0.00618	0.00668	0.02949	0.00432	0.00751	0.00740	0.01011	0.05845	0.08328	0.01589	0.34507	0.38291	0.00511	0.00755	0.00609	0.00275	0.00347
1	0.00714	0.00526	0.00770	0.00841	0.00951	0.00522	0.03620	0.00916	0.01008	0.01314	0.02291	0.09351	0.02494	0.01198	0.00604	0.00200	0.00411	0.71457	0.00400	0.00411
2	0.00886	0.02285	0.82190	0.01259	0.01912	0.01026	0.01632	0.01399	0.00932	0.01399	0.00793	0.00932	0.00559	0.00420	0.00420	0.00140	0.00653	0.00326	0.00186	0.00653
3	0.00916	0.00785	0.00916	0.00654	0.01047	0.00589	0.00523	0.01112	0.00916	0.01439	0.00785	0.00916	0.00654	0.00327	0.00327	0.00065	0.00327	0.00262	0.00262	0.87178
4	0.00570	0.00449	0.00514	0.00498	0.00626	0.00393	0.00373	0.00727	0.01120	0.01463	0.40380	0.03807	0.45470	0.01018	0.00521	0.00144	0.00217	0.00870	0.00446	0.00393
5	0.02195	0.11367	0.28551	0.01004	0.01389	0.00999	0.03875	0.05690	0.13075	0.06005	0.01388	0.03189	0.02512	0.00640	0.00454	0.00149	0.00497	0.16109	0.00314	0.00597
6	0.46982	0.23141	0.05958	0.00747	0.01055	0.07295	0.00680	0.03237	0.00866	0.01606	0.00639	0.00754	0.00525	0.00426	0.00356	0.00127	0.04584	0.00258	0.00243	0.00521
7	0.02593	0.00470	0.00572	0.00567	0.00682	0.00435	0.00426	0.00830	0.02719	0.03421	0.41386	0.15552	0.22106	0.01019	0.00524	0.00151	0.00241	0.05446	0.00448	0.00412
8	0.03249	0.21431	0.49750	0.05035	0.03423	0.04036	0.04592	0.01378	0.00934	0.01307	0.00747	0.00895	0.00568	0.00409	0.00389	0.00129	0.00605	0.00314	0.00193	0.00614
9	0.03786	0.03656	0.01481	0.13045	0.36805	0.15880	0.02861	0.03323	0.01024	0.01336	0.00894	0.04825	0.00788	0.00552	0.02343	0.00148	0.03466	0.01495	0.01706	0.00586
10	0.00572	0.00449	0.00516	0.00500	0.00627	0.00394	0.00375	0.00730	0.01124	0.01471	0.41565	0.03792	0.44279	0.01015	0.00521	0.00144	0.00216	0.00868	0.00447	0.00394
11	0.01161	0.01001	0.01040	0.00785	0.01145	0.08459	0.00629	0.16834	0.01180	0.03504	0.00847	0.00948	0.00674	0.00394	0.00383	0.00088	0.02166	0.00297	0.00299	0.58168
12	0.01093	0.01062	0.01647	0.13198	0.61451	0.05675	0.01262	0.03388	0.01035	0.01422	0.02452	0.01128	0.00748	0.00416	0.00435	0.00131	0.00538	0.00393	0.00228	0.02299
13	0.06626	0.01133	0.01415	0.01089	0.01436	0.02565	0.13779	0.42369	0.13100	0.08678	0.01156	0.01175	0.00830	0.00503	0.00443	0.00137	0.00494	0.00422	0.00399	0.02252
14	0.00834	0.00785	0.01325	0.83417	0.03042	0.00981	0.01227	0.01128	0.00883	0.01128	0.00785	0.01178	0.00589	0.00442	0.00442	0.00147	0.00589	0.00393	0.00196	0.00491
15	0.00760	0.00389	0.00583	0.00583	0.00587	0.00393	0.00393	0.00587	0.00583	0.00782	0.00790	0.01365	0.00786	0.01634	0.06269	0.82302	0.00428	0.00389	0.00194	0.00203
16	0.01023	0.00978	0.01667	0.24417	0.60561	0.01031	0.01321	0.01294	0.00973	0.01358	0.00818	0.01116	0.00670	0.00406	0.00438	0.00135	0.00542	0.00393	0.00213	0.00643
17	0.00538	0.00384	0.00512	0.00615	0.00641	0.00359	0.00410	0.00615	0.00846	0.01127	0.02434	0.84190	0.02921	0.01384	0.00564	0.00179	0.00256	0.01256	0.00410	0.00359
18	0.01155	0.01136	0.01286	0.04901	0.16469	0.16169	0.05977	0.09061	0.18592	0.01568	0.09176	0.03160	0.02557	0.02752	0.00540	0.00146	0.03959	0.00478	0.00325	0.00593
19	0.00823	0.00412	0.00412	0.00412	0.00515	0.00412	0.00309	0.01029	0.00926	0.01647	0.01441	0.01647	0.01132	0.00515	0.00309	0.00103	0.00206	0.00412	0.86930	0.00412
20	0.00869	0.00650	0.00839	0.00766	0.00913	0.00733	0.00607	0.19331	0.01046	0.01445	0.01342	0.01721	0.05600	0.02538	0.58838	0.00543	0.00966	0.00482	0.00294	0.00476
21	0.00533	0.00437	0.00469	0.00483	0.00609	0.00374	0.00354	0.00646	0.00999	0.01227	0.10116	0.17273	0.62659	0.01145	0.00529	0.00153	0.00228	0.00975	0.00416	0.00374
22	0.00823	0.00412	0.00412	0.00412	0.00515	0.00412	0.00309	0.01029	0.00926	0.01647	0.01441	0.01647	0.01132	0.00515	0.00309	0.00103	0.00206	0.00412	0.86930	0.00412
23	0.02699	0.10661	0.09898	0.15744	0.38547	0.10066	0.02344	0.01358	0.00983	0.01304	0.00772	0.01008	0.00631	0.00415	0.00428	0.00130	0.01832	0.00356	0.00210	0.00615
24	0.00950	0.01059	0.05139	0.07752	0.10542	0.00978	0.48556	0.01273	0.01010	0.01369	0.02838	0.01642	0.05947	0.00603	0.03725	0.00171	0.00660	0.04973	0.00248	0.00565

[dist]
# distance from previous block
# <min> <max>
0	1

[block]
# block no. 7 follows, 59 sequences, length 32
# corresponding to MSA columns:
# 1233-1264
name=unknown_H
#
# <colnr> <probs for GDERKNQSTAVLIFYWHMCP>
#	G	D	E	R	K	N	Q	S	T	A	V	L	I	F	Y	W	H	M	C	P
0	0.00978	0.03367	0.05258	0.38053	0.30694	0.03287	0.02226	0.01294	0.03996	0.01295	0.00834	0.01118	0.00659	0.00422	0.00429	0.00135	0.00552	0.00382	0.00218	0.04805
1	0.06244	0.00669	0.05725	0.00844	0.04841	0.00593	0.00698	0.03204	0.01080	0.01528	0.21612	0.03675	0.04723	0.00968	0.00535	0.00171	0.00368	0.40288	0.01783	0.00452
2	0.87598	0.00854	0.00649	0.00581	0.00854	0.00991	0.00478	0.01298	0.00752	0.01982	0.00615	0.00717	0.00478	0.00410	0.00273	0.00137	0.00342	0.00239	0.00273	0.00478
3	0.01971	0.00769	0.01036	0.00794	0.01136	0.00675	0.00656	0.04929	0.01293	0.79212	0.01718	0.01488	0.01081	0.00546	0.00444	0.00137	0.00380	0.00442	0.00543	0.00752
4	0.00854	0.00442	0.00445	0.00434	0.00546	0.00447	0.00328	0.03911	0.00968	0.01688	0.01427	0.01625	0.01118	0.00515	0.00314	0.00104	0.00216	0.00411	0.83784	0.00424
5	0.00525	0.00448	0.00451	0.00450	0.00598	0.00374	0.00338	0.00639	0.01013	0.01209	0.06614	0.04224	0.79394	0.01113	0.00522	0.00149	0.00223	0.00928	0.00412	0.00374
6	0.01042	0.01191	0.02606	0.01862	0.02308	0.01117	0.80119	0.01415	0.01042	0.01415	0.00894	0.01191	0.00670	0.00372	0.00521	0.00149	0.00745	0.00521	0.00223	0.00596
7	0.00823	0.00412	0.00412	0.00412	0.00515	0.00412	0.00309	0.01029	0.00926	0.01647	0.01441	0.01647	0.01132	0.00515	0.00309	0.00103	0.00206	0.00412	0.86930	0.00412
8	0.17254	0.09847	0.01186	0.00838	0.01147	0.04610	0.02395	0.26224	0.07099	0.17276	0.01121	0.01145	0.00817	0.02150	0.00424	0.00135	0.00431	0.00371	0.04892	0.00637
9	0.01430	0.07187	0.01403	0.03466	0.11583	0.54552	0.03588	0.02551	0.01161	0.01163	0.00893	0.01029	0.04534	0.00482	0.00441	0.00121	0.03305	0.00342	0.00233	0.00537
10	0.05791	0.00947	0.01489	0.22532	0.45568	0.01005	0.01166	0.01366	0.07892	0.01429	0.00888	0.01131	0.00713	0.00420	0.00424	0.00133	0.00503	0.00386	0.00239	0.05976
11	0.01620	0.01518	0.01277	0.03438	0.01395	0.35042	0.02330	0.32985	0.02619	0.09140	0.00972	0.02089	0.00733	0.00512	0.00449	0.00128	0.02407	0.00369	0.00345	0.00630
12	0.00823	0.00412	0.00412	0.00412	0.00515	0.00412	0.00309	0.01029	0.00926	0.01647	0.01441	0.01647	0.01132	0.00515	0.00309	0.00103	0.00206	0.00412	0.86930	0.00412
13	0.00649	0.00442	0.00550	0.00549	0.00583	0.00463	0.00362	0.00719	0.00712	0.01003	0.05701	0.02499	0.01570	0.51078	0.25661	0.00476	0.00624	0.00587	0.05450	0.00322
14	0.00970	0.00889	0.04607	0.04368	0.01358	0.00858	0.18527	0.08033	0.19254	0.04142	0.19803	0.08908	0.03298	0.00671	0.00488	0.00146	0.00428	0.00622	0.02063	0.00566
15	0.01973	0.00765	0.01033	0.00792	0.01134	0.00669	0.00654	0.04275	0.01286	0.79875	0.01724	0.01491	0.01084	0.00546	0.00444	0.00137	0.00379	0.00443	0.00544	0.00752
16	0.00641	0.00445	0.00558	0.00562	0.00589	0.00468	0.00369	0.00696	0.00676	0.00924	0.01364	0.02621	0.01490	0.57162	0.26255	0.00504	0.00653	0.03448	0.00263	0.00311
17	0.00966	0.00966	0.01353	0.01160	0.01160	0.01353	0.00966	0.01063	0.00676	0.01063	0.00580	0.00966	0.00580	0.00773	0.01449	0.00193	0.83670	0.00387	0.00193	0.00483
18	0.00791	0.00529	0.00675	0.00600	0.00758	0.00478	0.00458	0.01029	0.04098	0.08905	0.60931	0.05171	0.03395	0.00815	0.00493	0.00133	0.00242	0.00714	0.00465	0.09319
19	0.01127	0.00963	0.01015	0.00905	0.01159	0.01112	0.00706	0.06139	0.77087	0.01893	0.01762	0.01619	0.01319	0.00596	0.00449	0.00149	0.00356	0.00494	0.00449	0.00702
20	0.00823	0.00412	0.00412	0.00412	0.00515	0.00412	0.00309	0.01029	0.00926	0.01647	0.01441	0.01647	0.01132	0.00515	0.00309	0.00103	0.00206	0.00412	0.86930	0.00412
21	0.06920	0.00758	0.01003	0.00774	0.01112	0.00669	0.00639	0.02103	0.01235	0.77412	0.01677	0.01458	0.01058	0.00539	0.00434	0.00137	0.00374	0.00432	0.00531	0.00736
22	0.00906	0.00866	0.01489	0.60443	0.22379	0.01003	0.04267	0.01195	0.00919	0.01217	0.00800	0.01157	0.00619	0.00427	0.00444	0.00143	0.00579	0.00398	0.00203	0.00546
23	0.00941	0.02642	0.07567	0.51237	0.19918	0.04009	0.05018	0.01239	0.00935	0.01227	0.00794	0.01118	0.00613	0.00425	0.00438	0.00141	0.00592	0.00387	0.00203	0.00555
24	0.01600	0.00980	0.11389	0.00903	0.01252	0.00775	0.04639	0.08635	0.01227	0.50404	0.04507	0.01495	0.01102	0.03710	0.03564	0.00170	0.02071	0.00450	0.00445	0.00683
25	0.36113	0.00956	0.01201	0.17662	0.20394	0.03736	0.03777	0.04112	0.00919	0.03184	0.00748	0.00954	0.00588	0.00433	0.00411	0.00139	0.03538	0.00333	0.00250	0.00553
26	0.00548	0.00388	0.00510	0.00603	0.00626	0.00365	0.00397	0.00618	0.00827	0.01102	0.02337	0.76607	0.02798	0.09134	0.00721	0.00203	0.00272	0.01198	0.00397	0.00350
27	0.00678	0.00551	0.03779	0.00687	0.00778	0.00535	0.02597	0.02228	0.00794	0.01135	0.01500	0.18813	0.01567	0.17783	0.32962	0.00425	0.01929	0.02863	0.08009	0.00388
28	0.00645	0.00449	0.00584	0.00659	0.00729	0.00435	0.00503	0.02239	0.00949	0.01288	0.05359	0.42045	0.05420	0.02901	0.00586	0.00182	0.00306	0.26549	0.07785	0.00387
29	0.01144	0.04949	0.06806	0.11594	0.35800	0.07541	0.01115	0.10332	0.04459	0.01524	0.00863	0.01052	0.00689	0.00422	0.00416	0.00124	0.00527	0.00364	0.00253	0.10026
30	0.00731	0.00532	0.00710	0.00789	0.02444	0.00535	0.00633	0.00951	0.05487	0.01267	0.02063	0.06765	0.02221	0.14200	0.00866	0.01872	0.00402	0.54512	0.00376	0.02644
31	0.08106	0.02693	0.03158	0.04453	0.52552	0.08820	0.01133	0.01410	0.06232	0.01446	0.00993	0.03330	0.02851	0.00461	0.00423	0.00133	0.00513	0.00410	0.00247	0.00637

[dist]
# distance from previous block
# <min> <max>
5	23

[block]
# block no. 8 follows, 59 sequences, length 17
# corresponding to MSA columns:
# 1288-1304
name=unknown_I
#
# <colnr> <probs for GDERKNQSTAVLIFYWHMCP>
#	G	D	E	R	K	N	Q	S	T	A	V	L	I	F	Y	W	H	M	C	P
0	0.12364	0.01028	0.11095	0.00869	0.01130	0.05443	0.02049	0.10869	0.06510	0.05283	0.03909	0.09306	0.04330	0.00828	0.04258	0.00175	0.04972	0.10374	0.00339	0.04869
1	0.09630	0.04049	0.04320	0.00974	0.09264	0.02301	0.03276	0.07819	0.11579	0.05174	0.15885	0.05036	0.07604	0.02008	0.00480	0.00145	0.00383	0.05529	0.00369	0.04177
2	0.00652	0.00527	0.00613	0.00652	0.00746	0.04117	0.00467	0.00761	0.00907	0.01203	0.04721	0.57615	0.05653	0.01172	0.00528	0.00162	0.00300	0.07794	0.00386	0.11025
3	0.01031	0.09493	0.12720	0.19537	0.31333	0.01094	0.04006	0.03854	0.04762	0.02722	0.02244	0.02302	0.00769	0.00450	0.00443	0.00136	0.01850	0.00398	0.00237	0.00620
4	0.01745	0.00882	0.01064	0.00832	0.01153	0.00873	0.00682	0.25350	0.06406	0.47111	0.01519	0.01392	0.01010	0.00542	0.00433	0.00134	0.00394	0.00431	0.07326	0.00721
5	0.00655	0.00441	0.00562	0.00568	0.00612	0.00470	0.00390	0.00745	0.00715	0.01035	0.01376	0.06833	0.01427	0.38187	0.32777	0.00482	0.00680	0.00583	0.11122	0.00339
6	0.00939	0.00446	0.00473	0.00449	0.00576	0.00435	0.00343	0.01141	0.00960	0.09667	0.01471	0.01632	0.01128	0.00518	0.00322	0.00106	0.00223	0.00415	0.78311	0.00446
7	0.01152	0.40105	0.17306	0.00954	0.01289	0.01403	0.00965	0.01357	0.00887	0.09195	0.00753	0.00894	0.00621	0.00499	0.00610	0.00131	0.20764	0.00311	0.00225	0.00581
8	0.01052	0.09375	0.01671	0.27352	0.45065	0.05490	0.01229	0.01304	0.00970	0.01286	0.00787	0.01065	0.00645	0.00410	0.00421	0.00132	0.00554	0.00372	0.00209	0.00612
9	0.00966	0.00966	0.01353	0.01160	0.01160	0.01353	0.00966	0.01063	0.00676	0.01063	0.00580	0.00966	0.00580	0.00773	0.01449	0.00193	0.83670	0.00387	0.00193	0.00483
10	0.07364	0.00749	0.00856	0.03867	0.01000	0.00815	0.00603	0.21905	0.06012	0.04423	0.16878	0.12274	0.01801	0.00730	0.00491	0.00142	0.04095	0.02582	0.12879	0.00534
11	0.15216	0.00872	0.04044	0.00720	0.01105	0.00696	0.04149	0.01167	0.00895	0.01526	0.00762	0.00896	0.00622	0.00346	0.00331	0.00084	0.00361	0.00272	0.00259	0.65679
12	0.03827	0.04860	0.02891	0.08440	0.09520	0.04789	0.04738	0.07344	0.06505	0.15612	0.08028	0.02360	0.01101	0.00494	0.00417	0.00122	0.00439	0.00417	0.00340	0.17757
13	0.18789	0.38358	0.13543	0.00830	0.01199	0.01338	0.02436	0.06016	0.07014	0.01448	0.00800	0.00950	0.00670	0.04466	0.00423	0.00133	0.00467	0.00305	0.00245	0.00568
14	0.09547	0.03614	0.02598	0.00814	0.00985	0.00717	0.09371	0.04564	0.03254	0.04304	0.01122	0.01568	0.03942	0.02555	0.14218	0.28458	0.02018	0.03691	0.00263	0.02399
15	0.02496	0.04598	0.01310	0.11803	0.06567	0.02438	0.10343	0.08510	0.06625	0.18563	0.02358	0.03183	0.08944	0.00557	0.00465	0.00135	0.02256	0.00480	0.00350	0.08017
16	0.03745	0.14333	0.08806	0.18463	0.10581	0.03372	0.04274	0.13300	0.03646	0.05224	0.02647	0.05040	0.02376	0.00515	0.00436	0.00135	0.01806	0.00425	0.00282	0.00593

[dist]
# distance from previous block
# <min> <max>
11	98

[block]
# block no. 9 follows, 59 sequences, length 7
# corresponding to MSA columns:
# 1473-1479
name=unknown_J
#
# <colnr> <probs for GDERKNQSTAVLIFYWHMCP>
#	G	D	E	R	K	N	Q	S	T	A	V	L	I	F	Y	W	H	M	C	P
0	0.03033	0.02694	0.05332	0.12884	0.18005	0.05445	0.07070	0.14278	0.11170	0.03597	0.01285	0.01396	0.07320	0.00511	0.00440	0.00135	0.00502	0.00441	0.00306	0.04157
1	0.04768	0.00992	0.01312	0.08240	0.19173	0.05665	0.05986	0.10986	0.12255	0.11954	0.04844	0.01321	0.00995	0.00615	0.04108	0.00159	0.00508	0.00426	0.00336	0.05358
2	0.05045	0.01083	0.05318	0.10746	0.21048	0.10382	0.04925	0.06393	0.02813	0.10613	0.07201	0.01464	0.06165	0.00519	0.00437	0.00132	0.00498	0.00444	0.00309	0.04463
3	0.13489	0.03550	0.05350	0.02637	0.04749	0.11481	0.03360	0.10251	0.07728	0.14909	0.05410	0.05995	0.04316	0.00590	0.00469	0.00139	0.04172	0.00462	0.00354	0.00588
4	0.06454	0.01055	0.04769	0.03473	0.12077	0.03484	0.15671	0.11159	0.08676	0.15982	0.01158	0.04431	0.00887	0.00500	0.00463	0.00137	0.02272	0.00446	0.00338	0.06568
5	0.03037	0.03419	0.05294	0.10877	0.03014	0.03634	0.03855	0.12217	0.06443	0.06999	0.03703	0.07783	0.02394	0.02117	0.00452	0.00127	0.00434	0.00454	0.00322	0.23424
