[name]
unknown

[dist]
# distance from previous block
# <min> <max>
11	438

[block]
# block no. 0 follows, 63 sequences, length 23
# corresponding to MSA columns:
# 505-527
name=unknown_A
#
# <colnr> <probs for GDERKNQSTAVLIFYWHMCP>
#	G	D	E	R	K	N	Q	S	T	A	V	L	I	F	Y	W	H	M	C	P
0	0.11622	0.00975	0.03927	0.03369	0.12697	0.07076	0.06903	0.08858	0.11775	0.07494	0.03567	0.06674	0.02905	0.00570	0.00458	0.00137	0.03798	0.04194	0.00317	0.02684
1	0.04999	0.01179	0.13170	0.02428	0.07248	0.11215	0.08710	0.06256	0.07189	0.15103	0.04452	0.03996	0.02116	0.00499	0.00440	0.00127	0.02819	0.00414	0.00311	0.07328
2	0.06399	0.04927	0.07159	0.04280	0.08817	0.10297	0.02114	0.07174	0.14149	0.13648	0.05861	0.01212	0.00966	0.00486	0.00436	0.00125	0.03913	0.00381	0.00322	0.07333
3	0.16830	0.05802	0.04652	0.00978	0.07918	0.06252	0.04375	0.10470	0.07438	0.18044	0.01085	0.02556	0.00833	0.00526	0.01532	0.00136	0.02408	0.02692	0.02413	0.03059
4	0.11059	0.17681	0.13409	0.00981	0.05075	0.04419	0.07879	0.08210	0.07483	0.07938	0.06864	0.01118	0.00913	0.00448	0.00375	0.00120	0.00458	0.00360	0.00286	0.04926
5	0.05187	0.19175	0.17307	0.03290	0.03374	0.03474	0.05649	0.09110	0.07342	0.11371	0.03207	0.04540	0.00869	0.00474	0.00383	0.00122	0.00466	0.00381	0.00290	0.03989
6	0.06817	0.12152	0.18042	0.00975	0.07192	0.03168	0.00865	0.06238	0.07683	0.16520	0.03564	0.02873	0.02782	0.00488	0.00413	0.00123	0.02930	0.00379	0.00308	0.06488
7	0.11716	0.16856	0.29128	0.00928	0.01338	0.05752	0.02275	0.05442	0.06797	0.10081	0.00873	0.00933	0.00648	0.00425	0.00377	0.00122	0.01838	0.00311	0.00260	0.03901
8	0.03482	0.25311	0.29969	0.00950	0.01374	0.06383	0.03340	0.05650	0.06585	0.05544	0.02708	0.00953	0.00708	0.00418	0.00362	0.00116	0.00508	0.00315	0.00242	0.05079
9	0.05342	0.29618	0.14880	0.00772	0.01105	0.02443	0.00756	0.04245	0.06064	0.07578	0.02818	0.05579	0.06118	0.02913	0.01971	0.00133	0.00434	0.00397	0.00273	0.06558
10	0.04465	0.31103	0.17624	0.00859	0.01229	0.10051	0.03235	0.04269	0.00979	0.03118	0.08229	0.01020	0.00882	0.00426	0.00348	0.00106	0.00478	0.00317	0.00239	0.11021
11	0.06076	0.36239	0.33981	0.00924	0.01371	0.05573	0.01032	0.02874	0.02235	0.03017	0.00709	0.00806	0.00561	0.00390	0.00336	0.00112	0.00519	0.00273	0.00203	0.02770
12	0.15506	0.15476	0.14481	0.00873	0.03439	0.05150	0.00802	0.13679	0.03272	0.15220	0.05559	0.01071	0.00856	0.00457	0.00365	0.00121	0.00440	0.00340	0.00313	0.02580
13	0.01017	0.11677	0.45947	0.01061	0.01521	0.03781	0.03060	0.07664	0.04482	0.05297	0.00891	0.02576	0.00696	0.00467	0.00445	0.00131	0.04815	0.02236	0.00237	0.02001
14	0.00692	0.00563	0.00793	0.00700	0.00847	0.00544	0.08777	0.04262	0.07427	0.01506	0.38697	0.13464	0.13638	0.03210	0.00541	0.00149	0.00292	0.03060	0.00405	0.00432
15	0.00784	0.00392	0.00392	0.00392	0.00490	0.00392	0.00294	0.00980	0.00882	0.01567	0.01371	0.01567	0.01077	0.00490	0.00294	0.00098	0.00196	0.00392	0.87560	0.00392
16	0.00588	0.00421	0.00508	0.00522	0.00558	0.00418	0.00343	0.00627	0.00745	0.00982	0.06276	0.23057	0.15478	0.36631	0.01315	0.06088	0.04041	0.00782	0.00314	0.00305
17	0.00497	0.00426	0.00426	0.00426	0.00568	0.00355	0.00319	0.00603	0.00958	0.01136	0.04259	0.04046	0.82433	0.01065	0.00497	0.00142	0.00213	0.00887	0.00390	0.00355
18	0.00784	0.00392	0.00392	0.00392	0.00490	0.00392	0.00294	0.00980	0.00882	0.01567	0.01371	0.01567	0.01077	0.00490	0.00294	0.00098	0.00196	0.00392	0.87560	0.00392
19	0.01851	0.00723	0.00975	0.00752	0.01074	0.00636	0.00620	0.02056	0.04567	0.79511	0.01661	0.01437	0.01051	0.00522	0.00423	0.00131	0.00357	0.00425	0.00516	0.00713
20	0.01191	0.11081	0.37085	0.03007	0.01541	0.17918	0.01131	0.19431	0.01191	0.01524	0.00772	0.00871	0.00577	0.00426	0.00386	0.00122	0.00593	0.00310	0.00241	0.00603
21	0.00971	0.02226	0.05056	0.07920	0.20922	0.03187	0.00840	0.04520	0.06238	0.01399	0.00822	0.00979	0.00665	0.00379	0.00390	0.00100	0.02532	0.00316	0.00246	0.40292
22	0.00589	0.00428	0.00517	0.00519	0.00625	0.00383	0.00386	0.00728	0.01020	0.03729	0.33410	0.17613	0.30944	0.02746	0.00539	0.00151	0.00229	0.04646	0.00419	0.00378

[dist]
# distance from previous block
# <min> <max>
0	2

[block]
# block no. 1 follows, 63 sequences, length 45
# corresponding to MSA columns:
# 530-574
name=unknown_B
#
# <colnr> <probs for GDERKNQSTAVLIFYWHMCP>
#	G	D	E	R	K	N	Q	S	T	A	V	L	I	F	Y	W	H	M	C	P
0	0.00976	0.02750	0.12894	0.06162	0.24231	0.00923	0.07600	0.02600	0.11924	0.06385	0.05531	0.01505	0.08635	0.00528	0.00488	0.00136	0.05406	0.00457	0.00284	0.00586
1	0.00723	0.00602	0.00823	0.00758	0.00805	0.00745	0.00588	0.02923	0.00708	0.01020	0.02985	0.01743	0.03521	0.18896	0.35410	0.00428	0.26226	0.00477	0.00234	0.00385
2	0.01040	0.00748	0.04212	0.00781	0.00962	0.04189	0.03907	0.05512	0.02413	0.18953	0.05795	0.03148	0.09644	0.02824	0.16398	0.09023	0.08070	0.01572	0.00328	0.00480
3	0.06565	0.00920	0.01079	0.00832	0.01158	0.00931	0.00687	0.36100	0.01509	0.43820	0.01319	0.01208	0.00868	0.00506	0.00413	0.00128	0.00401	0.00393	0.00463	0.00701
4	0.00555	0.00422	0.00532	0.00569	0.02525	0.00383	0.00396	0.00693	0.01007	0.01351	0.36087	0.28771	0.23081	0.01042	0.00507	0.00146	0.00223	0.00918	0.00416	0.00375
5	0.13364	0.00942	0.01026	0.00823	0.01126	0.01008	0.00671	0.31519	0.18482	0.22801	0.01259	0.01187	0.00881	0.00502	0.00398	0.00130	0.00386	0.00387	0.00422	0.02686
6	0.02991	0.02287	0.06227	0.00745	0.01112	0.00678	0.05161	0.04719	0.02491	0.05268	0.05533	0.01056	0.00842	0.00377	0.00348	0.00085	0.00359	0.00314	0.00278	0.59131
7	0.00784	0.00392	0.00392	0.00392	0.00490	0.00392	0.00294	0.00980	0.00882	0.01567	0.01371	0.01567	0.01077	0.00490	0.00294	0.00098	0.00196	0.00392	0.87560	0.00392
8	0.07594	0.01764	0.01165	0.01037	0.01251	0.64158	0.00794	0.08624	0.01185	0.01231	0.00670	0.00787	0.00552	0.00460	0.00451	0.00117	0.07137	0.00285	0.00235	0.00503
9	0.00970	0.01004	0.01280	0.01102	0.01119	0.07651	0.00911	0.01063	0.00686	0.01013	0.00559	0.00907	0.00551	0.00712	0.01302	0.00178	0.77982	0.00360	0.00186	0.00462
10	0.00848	0.00751	0.01146	0.35921	0.16471	0.00831	0.01740	0.02228	0.10288	0.02133	0.12880	0.02578	0.04049	0.00544	0.00437	0.00135	0.00440	0.02726	0.00282	0.03573
11	0.01039	0.00862	0.00924	0.00838	0.01064	0.00985	0.00655	0.02111	0.72880	0.04095	0.01729	0.01774	0.01347	0.02684	0.00478	0.00152	0.00338	0.04981	0.00424	0.00641
12	0.00784	0.00392	0.00392	0.00392	0.00490	0.00392	0.00294	0.00980	0.00882	0.01567	0.01371	0.01567	0.01077	0.00490	0.00294	0.00098	0.00196	0.00392	0.87560	0.00392
13	0.00941	0.00956	0.01268	0.01092	0.01103	0.04937	0.00905	0.01035	0.00669	0.01012	0.00571	0.00931	0.00564	0.00784	0.03428	0.00193	0.78601	0.00366	0.00186	0.00459
14	0.00713	0.00625	0.00883	0.03908	0.24199	0.00606	0.00671	0.00937	0.04993	0.01323	0.16071	0.05817	0.32533	0.00838	0.02078	0.00148	0.00333	0.02512	0.00342	0.00471
15	0.00784	0.00392	0.00392	0.00392	0.00490	0.00392	0.00294	0.00980	0.00882	0.01567	0.01371	0.01567	0.01077	0.00490	0.00294	0.00098	0.00196	0.00392	0.87560	0.00392
16	0.08463	0.00849	0.00971	0.00770	0.01068	0.00861	0.00628	0.23466	0.10947	0.33951	0.01328	0.01251	0.00913	0.00497	0.00393	0.00124	0.00366	0.00389	0.07154	0.05609
17	0.00544	0.00391	0.00472	0.00519	0.00557	0.00366	0.00338	0.00605	0.00784	0.01028	0.05630	0.43757	0.14518	0.27318	0.01027	0.00238	0.00288	0.00949	0.00351	0.00319
18	0.00794	0.00747	0.01261	0.84216	0.02895	0.00934	0.01167	0.01074	0.00841	0.01074	0.00747	0.01121	0.00560	0.00420	0.00420	0.00140	0.00560	0.00374	0.00187	0.00467
19	0.00744	0.00696	0.01282	0.05798	0.01361	0.00683	0.28217	0.00957	0.00910	0.01211	0.01693	0.26629	0.03714	0.00902	0.01651	0.00171	0.02419	0.20213	0.00310	0.00441
20	0.00781	0.00806	0.05862	0.74731	0.02704	0.00903	0.01145	0.01061	0.00841	0.01089	0.00837	0.05889	0.00685	0.00470	0.00426	0.00141	0.00546	0.00417	0.00198	0.00469
21	0.01793	0.00750	0.00984	0.00763	0.01079	0.00681	0.00627	0.07948	0.04612	0.71237	0.03876	0.01453	0.01108	0.00531	0.00425	0.00130	0.00360	0.00431	0.00507	0.00704
22	0.00516	0.00368	0.00487	0.00580	0.00603	0.00344	0.00385	0.00586	0.00797	0.01062	0.02276	0.81536	0.02728	0.04804	0.00603	0.00181	0.00251	0.01171	0.00385	0.00338
23	0.00602	0.00444	0.00643	0.00643	0.00707	0.00508	0.00485	0.00730	0.00666	0.00952	0.01156	0.01816	0.01122	0.15407	0.71404	0.00636	0.01019	0.00474	0.00230	0.00357
24	0.09690	0.05338	0.13920	0.03681	0.48221	0.05544	0.03385	0.01302	0.00922	0.01366	0.00743	0.00950	0.00606	0.00390	0.00411	0.00126	0.02246	0.00340	0.00207	0.00611
25	0.01117	0.04509	0.01470	0.05715	0.42926	0.10443	0.02553	0.06040	0.17036	0.01449	0.01006	0.01141	0.01847	0.00438	0.00411	0.00126	0.00495	0.00386	0.00265	0.00628
26	0.01040	0.01018	0.03810	0.10584	0.48067	0.03463	0.05499	0.03629	0.13226	0.02488	0.00969	0.02651	0.00784	0.00433	0.00424	0.00131	0.00496	0.00407	0.00252	0.00629
27	0.02385	0.22648	0.08838	0.00932	0.05778	0.05275	0.03065	0.09296	0.10466	0.14774	0.01321	0.05915	0.06490	0.00535	0.00391	0.00123	0.00434	0.00427	0.00320	0.00588
28	0.00784	0.00392	0.00392	0.00392	0.00490	0.00392	0.00294	0.00980	0.00882	0.01567	0.01371	0.01567	0.01077	0.00490	0.00294	0.00098	0.00196	0.00392	0.87560	0.00392
29	0.01047	0.00708	0.05439	0.00722	0.00938	0.00616	0.00584	0.01406	0.17421	0.23520	0.02684	0.32005	0.01694	0.00801	0.00455	0.00142	0.00320	0.00698	0.00409	0.08392
30	0.00675	0.00575	0.00741	0.00684	0.00735	0.00672	0.00522	0.00770	0.00803	0.01109	0.14909	0.07652	0.18418	0.18181	0.05345	0.00237	0.26653	0.00645	0.00302	0.00374
31	0.00784	0.00392	0.00392	0.00392	0.00490	0.00392	0.00294	0.00980	0.00882	0.01567	0.01371	0.01567	0.01077	0.00490	0.00294	0.00098	0.00196	0.00392	0.87560	0.00392
32	0.00852	0.00807	0.01366	0.64961	0.21696	0.00949	0.01196	0.01125	0.00868	0.01145	0.00757	0.01102	0.00585	0.00409	0.00419	0.00136	0.00546	0.00374	0.00192	0.00514
33	0.01185	0.02405	0.05985	0.00897	0.01185	0.01100	0.00749	0.20428	0.55056	0.04069	0.01471	0.01380	0.01088	0.00540	0.00422	0.00137	0.00383	0.00438	0.00409	0.00673
34	0.00979	0.15007	0.40837	0.00949	0.01417	0.02022	0.01069	0.04159	0.02199	0.05570	0.01902	0.02534	0.00685	0.00417	0.00381	0.00113	0.01614	0.00319	0.00231	0.17595
35	0.01290	0.01046	0.01172	0.00961	0.01192	0.18069	0.10904	0.12009	0.01170	0.19048	0.07152	0.08024	0.02777	0.00615	0.00534	0.01014	0.07855	0.01744	0.02878	0.00546
36	0.01045	0.24984	0.15059	0.02248	0.03628	0.01017	0.01627	0.06379	0.00962	0.05788	0.00771	0.00870	0.00613	0.00368	0.00334	0.00094	0.00428	0.00279	0.00241	0.33265
37	0.00868	0.05511	0.04811	0.05383	0.07541	0.03922	0.03336	0.05600	0.12504	0.01247	0.03219	0.06456	0.01143	0.13836	0.17181	0.01657	0.04547	0.00486	0.00274	0.00476
38	0.00642	0.00476	0.00585	0.00563	0.00669	0.02025	0.00424	0.00852	0.03512	0.03057	0.63254	0.10099	0.07181	0.00897	0.00497	0.00138	0.00228	0.04047	0.00445	0.00405
39	0.00549	0.00456	0.00517	0.00550	0.03856	0.00401	0.00387	0.00696	0.02321	0.01255	0.18154	0.07095	0.58946	0.01004	0.00495	0.00142	0.00228	0.02173	0.00397	0.00380
40	0.00591	0.00412	0.00464	0.00466	0.00492	0.00404	0.00280	0.00616	0.00673	0.00878	0.01801	0.04269	0.14461	0.66496	0.05704	0.00374	0.00408	0.00657	0.00277	0.00278
41	0.01166	0.00928	0.00993	0.00864	0.01120	0.01055	0.00680	0.12573	0.66797	0.06483	0.01616	0.01487	0.01195	0.00559	0.00427	0.00140	0.00351	0.00460	0.00432	0.00675
42	0.01116	0.35016	0.21080	0.06413	0.01397	0.10251	0.00944	0.06297	0.05362	0.04116	0.03803	0.00951	0.00735	0.00426	0.00354	0.00114	0.00513	0.00310	0.00234	0.00567
43	0.01254	0.25737	0.05990	0.03879	0.06388	0.13386	0.10969	0.22051	0.02488	0.01528	0.00809	0.02206	0.00652	0.00431	0.00381	0.00117	0.00542	0.00343	0.00261	0.00589
44	0.02370	0.02031	0.02969	0.04291	0.07421	0.00644	0.00626	0.02029	0.00991	0.19488	0.10038	0.06376	0.15240	0.00640	0.00478	0.00124	0.05357	0.00526	0.00353	0.18009

[dist]
# distance from previous block
# <min> <max>
0	3

[block]
# block no. 2 follows, 63 sequences, length 8
# corresponding to MSA columns:
# 578-585
name=unknown_C
#
# <colnr> <probs for GDERKNQSTAVLIFYWHMCP>
#	G	D	E	R	K	N	Q	S	T	A	V	L	I	F	Y	W	H	M	C	P
0	0.01119	0.36075	0.11145	0.01136	0.12624	0.06998	0.04096	0.04118	0.07054	0.04139	0.02945	0.00958	0.00731	0.00430	0.00407	0.00116	0.04776	0.00322	0.00234	0.00578
1	0.08092	0.00962	0.05496	0.05926	0.31551	0.00907	0.03702	0.07386	0.05190	0.24986	0.01085	0.01149	0.00779	0.00440	0.00409	0.00130	0.00450	0.00383	0.00326	0.00651
2	0.02753	0.07651	0.12675	0.15976	0.07276	0.05514	0.06964	0.02731	0.07103	0.04686	0.02451	0.07326	0.00880	0.00480	0.00400	0.00122	0.00478	0.00413	0.00258	0.13863
3	0.00622	0.00452	0.00590	0.00579	0.00618	0.00496	0.00405	0.00683	0.00661	0.00907	0.01404	0.02258	0.07556	0.38709	0.32507	0.04945	0.05498	0.00546	0.00246	0.00316
4	0.03859	0.12840	0.26967	0.01030	0.04901	0.03587	0.03187	0.15539	0.06848	0.07687	0.00976	0.04637	0.00766	0.00468	0.00389	0.00124	0.00489	0.00371	0.00283	0.05051
5	0.01158	0.40193	0.14961	0.05675	0.01346	0.01355	0.00898	0.15562	0.05205	0.04493	0.00794	0.00881	0.00628	0.00431	0.00397	0.00115	0.04766	0.00302	0.00249	0.00589
6	0.00651	0.00569	0.04836	0.00743	0.07053	0.00526	0.00508	0.00790	0.03058	0.01019	0.03419	0.07642	0.07344	0.34535	0.25080	0.00400	0.00601	0.00589	0.00267	0.00368
7	0.12284	0.14724	0.02334	0.03236	0.11086	0.09318	0.03495	0.07545	0.14328	0.04076	0.01010	0.01140	0.02170	0.02499	0.06889	0.00170	0.00508	0.00360	0.00279	0.02550

[dist]
# distance from previous block
# <min> <max>
1	37

[block]
# block no. 3 follows, 63 sequences, length 30
# corresponding to MSA columns:
# 648-677
name=unknown_D
#
# <colnr> <probs for GDERKNQSTAVLIFYWHMCP>
#	G	D	E	R	K	N	Q	S	T	A	V	L	I	F	Y	W	H	M	C	P
0	0.00610	0.02958	0.00580	0.03843	0.02340	0.00474	0.00391	0.00736	0.03699	0.01084	0.05703	0.11269	0.32118	0.27646	0.01003	0.00226	0.00310	0.01855	0.02803	0.00352
1	0.00987	0.01659	0.03916	0.00935	0.10263	0.00726	0.03341	0.09464	0.08817	0.09804	0.15904	0.01807	0.05270	0.08344	0.04233	0.00171	0.00399	0.00492	0.01549	0.11920
2	0.02727	0.06097	0.04888	0.05433	0.10207	0.01632	0.01377	0.14972	0.04679	0.11193	0.01294	0.04847	0.05041	0.12733	0.09846	0.00229	0.01489	0.00470	0.00313	0.00533
3	0.00938	0.00800	0.02138	0.05639	0.20133	0.00830	0.02530	0.10089	0.16346	0.02616	0.11601	0.01869	0.06667	0.13594	0.00719	0.00176	0.01938	0.00515	0.00327	0.00537
4	0.01242	0.52459	0.05704	0.00863	0.01183	0.22655	0.00795	0.05492	0.00992	0.01102	0.00630	0.00733	0.00549	0.00402	0.00354	0.00102	0.03750	0.00254	0.00202	0.00536
5	0.01056	0.16321	0.33073	0.01044	0.05245	0.05699	0.01050	0.06596	0.10226	0.05107	0.00928	0.03377	0.00732	0.00452	0.00399	0.00122	0.02090	0.00347	0.00252	0.05884
6	0.01146	0.04931	0.07514	0.05622	0.34630	0.21693	0.02364	0.02131	0.06682	0.02429	0.02275	0.01074	0.02117	0.00441	0.00435	0.00124	0.03208	0.00362	0.00234	0.00586
7	0.00597	0.00467	0.00581	0.00603	0.00666	0.01880	0.00434	0.01971	0.00792	0.01049	0.02081	0.32925	0.15337	0.11613	0.23346	0.00330	0.03842	0.00810	0.00319	0.00356
8	0.57617	0.02467	0.00855	0.04066	0.02583	0.12440	0.00602	0.08135	0.00907	0.03143	0.00658	0.00767	0.00513	0.00421	0.00342	0.00128	0.03338	0.00263	0.00264	0.00492
9	0.00556	0.00433	0.00473	0.00470	0.00603	0.00372	0.00355	0.00679	0.00993	0.03427	0.15792	0.07711	0.61847	0.01034	0.00499	0.00143	0.00222	0.03613	0.00405	0.00371
10	0.03074	0.03355	0.03117	0.17590	0.18757	0.06102	0.03542	0.08047	0.00971	0.05002	0.03541	0.02313	0.00832	0.02893	0.07597	0.01765	0.09179	0.00401	0.01394	0.00528
11	0.00622	0.00417	0.00509	0.00509	0.00536	0.00437	0.00328	0.00675	0.00648	0.00914	0.01277	0.02377	0.01371	0.57619	0.23009	0.00453	0.00577	0.00553	0.06871	0.00296
12	0.01003	0.05489	0.37381	0.01015	0.01437	0.01031	0.02578	0.03036	0.35912	0.04997	0.01204	0.01201	0.00884	0.00477	0.00409	0.00135	0.00476	0.00387	0.00305	0.00641
13	0.03483	0.05079	0.01324	0.01120	0.08214	0.13943	0.04982	0.38020	0.13822	0.04299	0.01023	0.01054	0.00762	0.00476	0.00408	0.00125	0.00498	0.00373	0.00349	0.00646
14	0.00980	0.05957	0.27418	0.04668	0.07752	0.04355	0.14754	0.05988	0.04746	0.03878	0.02275	0.06479	0.00867	0.04045	0.00513	0.00144	0.02078	0.00435	0.00248	0.02421
15	0.01003	0.17093	0.29106	0.02771	0.06901	0.09262	0.03415	0.01306	0.03341	0.04635	0.01720	0.01048	0.00709	0.02620	0.09220	0.00184	0.01521	0.00336	0.00220	0.03589
16	0.00688	0.00506	0.00672	0.00618	0.00769	0.00462	0.04997	0.00883	0.03339	0.06775	0.28125	0.05237	0.32889	0.00928	0.00502	0.00146	0.00273	0.11363	0.00412	0.00417
17	0.00920	0.00767	0.08661	0.05953	0.05296	0.00657	0.05942	0.03459	0.00972	0.13505	0.09423	0.12199	0.01665	0.07248	0.03718	0.00190	0.02815	0.14097	0.02026	0.00486
18	0.14075	0.22030	0.19795	0.00996	0.05469	0.13102	0.02802	0.05130	0.05196	0.06612	0.00797	0.00876	0.00614	0.00412	0.00351	0.00118	0.00512	0.00298	0.00245	0.00571
19	0.01100	0.55980	0.14437	0.00776	0.01148	0.01341	0.00805	0.02781	0.00916	0.07665	0.02211	0.02845	0.03024	0.00435	0.00322	0.00105	0.00446	0.00311	0.02798	0.00553
20	0.01052	0.00846	0.00908	0.00807	0.01035	0.00952	0.00629	0.08528	0.60459	0.04689	0.05616	0.04342	0.05109	0.00621	0.00434	0.00140	0.00327	0.00519	0.02359	0.00628
21	0.00635	0.00449	0.00608	0.03479	0.02958	0.00434	0.00482	0.00791	0.03442	0.04466	0.16551	0.51040	0.04349	0.01107	0.00517	0.00160	0.00272	0.07471	0.00397	0.00393
22	0.11661	0.01986	0.00758	0.02654	0.00889	0.13265	0.00526	0.06326	0.02496	0.09464	0.03454	0.25258	0.10711	0.03860	0.00556	0.04318	0.00377	0.00653	0.00343	0.00443
23	0.00525	0.00375	0.00502	0.00595	0.00624	0.00355	0.00406	0.00605	0.00805	0.01074	0.02256	0.76900	0.02684	0.03004	0.03195	0.00192	0.00282	0.04898	0.00382	0.00343
24	0.00512	0.00366	0.00488	0.00585	0.00610	0.00341	0.00390	0.00585	0.00805	0.01073	0.02317	0.84952	0.02780	0.01317	0.00537	0.00171	0.00244	0.01195	0.00390	0.00341
25	0.05104	0.03347	0.05120	0.36553	0.25211	0.00972	0.04618	0.04358	0.00930	0.04088	0.00843	0.03892	0.00685	0.00443	0.00432	0.00135	0.02099	0.00395	0.00224	0.00551
26	0.00728	0.00633	0.00741	0.00696	0.00769	0.08800	0.03657	0.00825	0.00715	0.00939	0.01119	0.01913	0.01139	0.32293	0.39760	0.00484	0.03711	0.00489	0.00233	0.00354
27	0.01325	0.03107	0.03148	0.02532	0.09578	0.48934	0.02192	0.05112	0.08412	0.01238	0.03826	0.01095	0.03055	0.01648	0.00451	0.00123	0.03090	0.00353	0.00255	0.00526
28	0.00813	0.00420	0.00423	0.00412	0.00519	0.00425	0.00312	0.03862	0.00921	0.01606	0.01358	0.01547	0.01064	0.00490	0.00298	0.00099	0.00205	0.00391	0.84429	0.00403
29	0.00958	0.00821	0.01025	0.02494	0.03525	0.03515	0.05861	0.04095	0.00939	0.04605	0.00844	0.02849	0.00702	0.00442	0.02739	0.00098	0.00393	0.00311	0.00263	0.63521

[dist]
# distance from previous block
# <min> <max>
3	42

[block]
# block no. 4 follows, 63 sequences, length 14
# corresponding to MSA columns:
# 728-741
name=unknown_E
#
# <colnr> <probs for GDERKNQSTAVLIFYWHMCP>
#	G	D	E	R	K	N	Q	S	T	A	V	L	I	F	Y	W	H	M	C	P
0	0.00871	0.01044	0.20443	0.05079	0.11321	0.00790	0.00877	0.10873	0.03221	0.02267	0.10951	0.01737	0.06900	0.09994	0.08807	0.00216	0.01737	0.00478	0.01876	0.00517
1	0.01124	0.23021	0.01401	0.00887	0.03656	0.03193	0.10842	0.04803	0.06771	0.16488	0.06137	0.05695	0.11817	0.01812	0.00435	0.00129	0.00411	0.00497	0.00332	0.00549
2	0.09866	0.00507	0.00589	0.00573	0.00668	0.00531	0.00420	0.02533	0.00806	0.07883	0.01442	0.15362	0.01449	0.22631	0.09716	0.00265	0.03153	0.05127	0.16090	0.00388
3	0.17266	0.05437	0.07369	0.05966	0.04806	0.07113	0.03769	0.11931	0.06008	0.04509	0.04277	0.11640	0.01868	0.01775	0.00424	0.00136	0.00430	0.02091	0.00306	0.02880
4	0.29282	0.01226	0.04476	0.00851	0.01144	0.16956	0.00707	0.28151	0.07674	0.04481	0.00869	0.00909	0.00646	0.00455	0.00361	0.00126	0.00469	0.00316	0.00323	0.00580
5	0.00749	0.00413	0.00546	0.00533	0.00561	0.00409	0.00346	0.00694	0.00637	0.06688	0.01119	0.04661	0.01171	0.36635	0.06026	0.37378	0.00418	0.00504	0.00246	0.00266
6	0.04165	0.04253	0.01441	0.01581	0.34767	0.06087	0.07763	0.05942	0.01005	0.03665	0.00796	0.00966	0.00644	0.00370	0.00381	0.00107	0.00467	0.00334	0.00242	0.25025
7	0.03566	0.29441	0.11313	0.01316	0.22373	0.02956	0.02829	0.04375	0.00934	0.05101	0.00834	0.05906	0.00737	0.00466	0.00434	0.00121	0.06127	0.00364	0.00229	0.00577
8	0.00529	0.00379	0.00511	0.00591	0.00621	0.00369	0.00401	0.00608	0.00778	0.01048	0.02111	0.69918	0.02491	0.05730	0.11527	0.00249	0.00368	0.01068	0.00362	0.00342
9	0.09044	0.01211	0.06354	0.01352	0.20160	0.18598	0.03787	0.05641	0.00973	0.03058	0.00893	0.01077	0.04084	0.00552	0.01996	0.00144	0.17446	0.00363	0.02729	0.00539
10	0.00990	0.20986	0.15711	0.28127	0.01764	0.03618	0.00973	0.04074	0.00919	0.07495	0.00909	0.06164	0.00767	0.02442	0.03237	0.00151	0.00528	0.00386	0.00234	0.00524
11	0.00906	0.00896	0.01250	0.01074	0.01074	0.01247	0.00889	0.00993	0.00642	0.01003	0.00587	0.01004	0.00597	0.04616	0.01414	0.00194	0.80597	0.00379	0.00187	0.00450
12	0.04504	0.00526	0.00643	0.00615	0.00747	0.00517	0.00459	0.01095	0.11802	0.11681	0.32408	0.27072	0.04470	0.00900	0.00480	0.00145	0.00256	0.00790	0.00433	0.00457
13	0.00939	0.00916	0.01493	0.34840	0.41716	0.03940	0.04262	0.01193	0.00915	0.01229	0.00830	0.04329	0.00701	0.00431	0.00424	0.00133	0.00531	0.00407	0.00207	0.00564

[dist]
# distance from previous block
# <min> <max>
0	2

[block]
# block no. 5 follows, 63 sequences, length 27
# corresponding to MSA columns:
# 744-770
name=unknown_F
#
# <colnr> <probs for GDERKNQSTAVLIFYWHMCP>
#	G	D	E	R	K	N	Q	S	T	A	V	L	I	F	Y	W	H	M	C	P
0	0.02629	0.05648	0.14520	0.00933	0.06499	0.02446	0.01954	0.07681	0.11166	0.15474	0.12591	0.04674	0.07674	0.00658	0.02223	0.00144	0.01657	0.00498	0.00356	0.00573
1	0.00920	0.00920	0.01288	0.01104	0.01104	0.01288	0.00920	0.01012	0.00644	0.01012	0.00552	0.00920	0.00552	0.00736	0.01380	0.00184	0.84457	0.00368	0.00184	0.00460
2	0.22629	0.01241	0.03652	0.04072	0.08277	0.22859	0.05722	0.06707	0.00978	0.04364	0.00709	0.00873	0.00569	0.00472	0.00540	0.00134	0.15118	0.00317	0.00243	0.00522
3	0.00977	0.00909	0.01516	0.13903	0.61403	0.00937	0.01176	0.03247	0.00956	0.01347	0.00917	0.06402	0.00817	0.00457	0.00424	0.00130	0.00484	0.01525	0.01862	0.00610
4	0.00836	0.00704	0.00926	0.06893	0.09802	0.04094	0.04090	0.06291	0.10113	0.01403	0.15473	0.10870	0.02541	0.06157	0.09158	0.01263	0.00458	0.04180	0.04277	0.00472
5	0.00578	0.00433	0.00548	0.00594	0.00680	0.00415	0.00460	0.00705	0.00884	0.01142	0.06061	0.19210	0.24796	0.08126	0.09393	0.00240	0.00382	0.24629	0.00364	0.00358
6	0.00784	0.00392	0.00392	0.00392	0.00490	0.00392	0.00294	0.00980	0.00882	0.01567	0.01371	0.01567	0.01077	0.00490	0.00294	0.00098	0.00196	0.00392	0.87560	0.00392
7	0.00998	0.43529	0.01516	0.00768	0.01016	0.05730	0.00686	0.01290	0.12749	0.01161	0.01199	0.08695	0.01182	0.00632	0.00408	0.00127	0.02635	0.14897	0.00274	0.00508
8	0.00506	0.00390	0.00463	0.00521	0.00593	0.00347	0.00362	0.00593	0.00867	0.01098	0.03100	0.52302	0.34924	0.01215	0.00521	0.00159	0.00231	0.01071	0.00390	0.00347
9	0.00784	0.00392	0.00392	0.00392	0.00490	0.00392	0.00294	0.00980	0.00882	0.01567	0.01371	0.01567	0.01077	0.00490	0.00294	0.00098	0.00196	0.00392	0.87560	0.00392
10	0.01192	0.00757	0.00913	0.04838	0.01080	0.00785	0.02719	0.12775	0.22095	0.21512	0.05451	0.01830	0.10557	0.04228	0.00501	0.00144	0.00351	0.00504	0.07181	0.00585
11	0.03410	0.00849	0.01274	0.37888	0.16456	0.00964	0.03180	0.10977	0.07140	0.04179	0.04421	0.03291	0.00869	0.00484	0.00450	0.00137	0.02790	0.00420	0.00268	0.00552
12	0.01213	0.01373	0.01223	0.01055	0.01196	0.38142	0.05983	0.05104	0.00972	0.01096	0.00728	0.01081	0.00675	0.10499	0.00916	0.00171	0.27524	0.00362	0.00220	0.00467
13	0.01029	0.01006	0.01596	0.06751	0.70156	0.05212	0.01215	0.01264	0.00956	0.01325	0.00856	0.05144	0.00758	0.00426	0.00420	0.00127	0.00503	0.00409	0.00216	0.00630
14	0.01051	0.01009	0.01585	0.05965	0.60083	0.03109	0.01190	0.05164	0.00958	0.01357	0.00758	0.01016	0.00642	0.00442	0.00568	0.00135	0.13762	0.00371	0.00214	0.00622
15	0.01030	0.00622	0.00928	0.04835	0.01053	0.00577	0.09398	0.03135	0.01136	0.24747	0.32470	0.03791	0.11633	0.00714	0.00472	0.00136	0.00330	0.02055	0.00426	0.00512
16	0.00611	0.00408	0.00458	0.00458	0.00458	0.00408	0.00255	0.00611	0.00611	0.00815	0.01325	0.02751	0.01528	0.85226	0.02140	0.00408	0.00408	0.00611	0.00255	0.00255
17	0.01158	0.00792	0.00933	0.00795	0.03884	0.00761	0.00606	0.07211	0.24533	0.18699	0.03183	0.02883	0.06007	0.00521	0.00399	0.00115	0.00335	0.00430	0.00384	0.26371
18	0.04964	0.00870	0.02546	0.03209	0.01084	0.01066	0.00781	0.10376	0.03336	0.04617	0.04358	0.01276	0.05531	0.00667	0.00934	0.00157	0.46179	0.00413	0.05529	0.02108
19	0.00843	0.02174	0.83048	0.01198	0.01819	0.00976	0.01553	0.01331	0.00888	0.01331	0.00754	0.00888	0.00533	0.00399	0.00399	0.00133	0.00621	0.00311	0.00178	0.00621
20	0.00759	0.00700	0.01022	0.04489	0.01036	0.00879	0.04649	0.00867	0.00736	0.01056	0.01269	0.29902	0.01423	0.03461	0.00998	0.00183	0.42051	0.03836	0.00266	0.00416
21	0.01016	0.03787	0.23256	0.05957	0.17956	0.00898	0.01950	0.05130	0.08805	0.07866	0.06164	0.01184	0.00917	0.00442	0.00400	0.00121	0.00461	0.00375	0.00276	0.13039
22	0.00560	0.00421	0.00525	0.00583	0.00648	0.00401	0.00411	0.00729	0.06181	0.01196	0.10605	0.56587	0.13933	0.01180	0.00522	0.00162	0.00247	0.04338	0.00400	0.00372
23	0.00604	0.00428	0.00567	0.00574	0.00613	0.00462	0.00399	0.00683	0.00659	0.00913	0.01296	0.05574	0.01379	0.41096	0.40173	0.00518	0.00737	0.02755	0.00250	0.00318
24	0.04903	0.00913	0.00961	0.00836	0.01090	0.02760	0.00660	0.10106	0.56021	0.09036	0.01553	0.02751	0.01177	0.00563	0.00419	0.00137	0.00356	0.01999	0.00417	0.03340
25	0.01011	0.12820	0.02710	0.00924	0.03151	0.05691	0.12501	0.01267	0.05596	0.07666	0.03294	0.01328	0.02595	0.00707	0.08254	0.00162	0.01708	0.03656	0.00273	0.24685
26	0.01246	0.02402	0.02436	0.06684	0.32891	0.20916	0.04888	0.04506	0.02228	0.09585	0.00850	0.01009	0.00667	0.00429	0.00454	0.00124	0.04668	0.00355	0.00251	0.03410

[dist]
# distance from previous block
# <min> <max>
4	35

[block]
# block no. 6 follows, 63 sequences, length 14
# corresponding to MSA columns:
# 807-820
name=unknown_G
#
# <colnr> <probs for GDERKNQSTAVLIFYWHMCP>
#	G	D	E	R	K	N	Q	S	T	A	V	L	I	F	Y	W	H	M	C	P
0	0.03078	0.04969	0.06134	0.01011	0.08354	0.01035	0.00785	0.22656	0.14742	0.01683	0.03752	0.05996	0.10168	0.00640	0.00569	0.00141	0.12889	0.00490	0.00334	0.00574
1	0.56336	0.07707	0.08068	0.00615	0.00878	0.00890	0.00555	0.01120	0.00761	0.01596	0.01029	0.06390	0.07585	0.00554	0.00374	0.04125	0.00349	0.00359	0.00262	0.00449
2	0.10903	0.00708	0.09610	0.00621	0.00736	0.00618	0.00496	0.00874	0.00688	0.05444	0.01129	0.02080	0.01186	0.54353	0.01574	0.00311	0.07549	0.00503	0.00255	0.00360
3	0.11278	0.06975	0.01411	0.06033	0.39877	0.14028	0.00986	0.02718	0.04906	0.05098	0.02355	0.01016	0.00718	0.00414	0.00385	0.00122	0.00499	0.00345	0.00246	0.00592
4	0.56441	0.07976	0.00903	0.00662	0.00936	0.00930	0.05632	0.01263	0.03004	0.06091	0.06116	0.01025	0.02732	0.00440	0.00313	0.00125	0.00351	0.00313	0.00285	0.04464
5	0.00920	0.00920	0.01288	0.01104	0.01104	0.01288	0.00920	0.01012	0.00644	0.01012	0.00552	0.00920	0.00552	0.00736	0.01380	0.00184	0.84457	0.00368	0.00184	0.00460
6	0.00977	0.00881	0.00924	0.00684	0.01042	0.07648	0.00544	0.06225	0.00969	0.01423	0.00756	0.00871	0.00622	0.00334	0.00324	0.00070	0.00359	0.00259	0.00257	0.74832
7	0.00818	0.00931	0.20305	0.03938	0.01126	0.00647	0.00805	0.07784	0.01009	0.06405	0.06082	0.26158	0.03709	0.00883	0.00489	0.00156	0.00398	0.17528	0.00346	0.00481
8	0.00784	0.00392	0.00392	0.00392	0.00490	0.00392	0.00294	0.00980	0.00882	0.01567	0.01371	0.01567	0.01077	0.00490	0.00294	0.00098	0.00196	0.00392	0.87560	0.00392
9	0.26630	0.10209	0.20485	0.03660	0.13961	0.01009	0.00932	0.04940	0.00934	0.12400	0.00824	0.00914	0.00608	0.00410	0.00352	0.00126	0.00453	0.00307	0.00264	0.00583
10	0.00637	0.00453	0.00537	0.00521	0.00524	0.00487	0.00321	0.00651	0.00616	0.00838	0.01251	0.02555	0.01428	0.75111	0.04913	0.00398	0.07649	0.00585	0.00248	0.00277
11	0.00784	0.00392	0.00392	0.00392	0.00490	0.00392	0.00294	0.00980	0.00882	0.01567	0.01371	0.01567	0.01077	0.00490	0.00294	0.00098	0.00196	0.00392	0.87560	0.00392
12	0.14705	0.00922	0.01230	0.33888	0.11745	0.04615	0.02636	0.11249	0.00975	0.01436	0.00759	0.01048	0.00607	0.00470	0.00513	0.00140	0.10645	0.01660	0.00235	0.00521
13	0.20701	0.04110	0.24288	0.15792	0.06805	0.03486	0.07891	0.02241	0.02040	0.02527	0.02337	0.01033	0.02423	0.00431	0.00401	0.00133	0.02254	0.00346	0.00225	0.00537

[dist]
# distance from previous block
# <min> <max>
0	3

[block]
# block no. 7 follows, 63 sequences, length 27
# corresponding to MSA columns:
# 824-849,852
name=unknown_H
#
# <colnr> <probs for GDERKNQSTAVLIFYWHMCP>
#	G	D	E	R	K	N	Q	S	T	A	V	L	I	F	Y	W	H	M	C	P
0	0.00927	0.00736	0.01102	0.59101	0.02272	0.04001	0.00966	0.01164	0.00883	0.09479	0.00912	0.01204	0.00681	0.00542	0.02714	0.02558	0.00519	0.00378	0.09385	0.00475
1	0.00630	0.00428	0.00498	0.00495	0.00511	0.00437	0.00298	0.02551	0.00658	0.00885	0.01343	0.06217	0.01521	0.72251	0.09238	0.00414	0.00465	0.00617	0.00262	0.00280
2	0.00602	0.00444	0.00645	0.00645	0.00709	0.00509	0.00487	0.00731	0.00667	0.00953	0.01154	0.01807	0.01118	0.14769	0.72037	0.00638	0.01024	0.00473	0.00229	0.00358
3	0.27583	0.25394	0.01339	0.00771	0.01091	0.01299	0.00672	0.34012	0.01272	0.01940	0.00759	0.00814	0.00586	0.00428	0.00329	0.00117	0.00417	0.00289	0.00303	0.00586
4	0.04422	0.47816	0.18374	0.00833	0.01231	0.02567	0.00869	0.08304	0.03301	0.03057	0.00783	0.00857	0.02005	0.00403	0.00324	0.00106	0.00471	0.00280	0.00225	0.03772
5	0.01124	0.85479	0.02203	0.00719	0.01079	0.01663	0.00719	0.01259	0.00854	0.00989	0.00584	0.00674	0.00539	0.00360	0.00270	0.00090	0.00450	0.00225	0.00180	0.00539
6	0.03285	0.01835	0.59591	0.02702	0.11478	0.00997	0.08429	0.01309	0.00890	0.01337	0.00755	0.00927	0.00557	0.00405	0.00444	0.00135	0.03795	0.00335	0.00187	0.00609
7	0.00542	0.00406	0.00546	0.00623	0.00646	0.00410	0.00429	0.00616	0.00793	0.01069	0.02189	0.78846	0.02618	0.01275	0.00598	0.00172	0.06363	0.01135	0.00375	0.00350
8	0.00700	0.00594	0.00697	0.00707	0.02592	0.08088	0.00509	0.00818	0.00730	0.00975	0.02921	0.03203	0.01185	0.19303	0.54454	0.00537	0.00898	0.00484	0.00238	0.00368
9	0.01076	0.02052	0.12438	0.01043	0.11336	0.02681	0.04567	0.07974	0.04397	0.17546	0.15161	0.08763	0.07860	0.00641	0.00447	0.00134	0.00399	0.00555	0.00365	0.00566
10	0.00920	0.00920	0.01288	0.01104	0.01104	0.01288	0.00920	0.01012	0.00644	0.01012	0.00552	0.00920	0.00552	0.00736	0.01380	0.00184	0.84457	0.00368	0.00184	0.00460
11	0.00699	0.00432	0.00512	0.00553	0.00654	0.00423	0.00452	0.00881	0.00924	0.01379	0.02093	0.04975	0.11822	0.00847	0.00439	0.00143	0.00275	0.32084	0.40028	0.00384
12	0.00805	0.00759	0.01282	0.80407	0.06615	0.00937	0.01173	0.01084	0.00846	0.01088	0.00749	0.01117	0.00565	0.00418	0.00420	0.00139	0.00558	0.00374	0.00188	0.00476
13	0.01052	0.30888	0.27640	0.01049	0.04517	0.09289	0.04468	0.05395	0.00962	0.01232	0.00801	0.02959	0.00694	0.00459	0.00402	0.00121	0.03340	0.03957	0.00212	0.00561
14	0.01074	0.04134	0.04685	0.18269	0.39277	0.04602	0.04169	0.06543	0.00995	0.05017	0.00806	0.01035	0.00641	0.00427	0.00482	0.00131	0.06516	0.00368	0.00229	0.00599
15	0.00920	0.00920	0.01288	0.01104	0.01104	0.01288	0.00920	0.01012	0.00644	0.01012	0.00552	0.00920	0.00552	0.00736	0.01380	0.00184	0.84457	0.00368	0.00184	0.00460
16	0.00843	0.02174	0.83048	0.01198	0.01819	0.00976	0.01553	0.01331	0.00888	0.01331	0.00754	0.00888	0.00533	0.00399	0.00399	0.00133	0.00621	0.00311	0.00178	0.00621
17	0.00854	0.01167	0.21954	0.46398	0.13834	0.00962	0.06546	0.01187	0.00879	0.01199	0.00762	0.01052	0.00573	0.00404	0.00419	0.00136	0.00577	0.00366	0.00189	0.00540
18	0.00784	0.00392	0.00392	0.00392	0.00490	0.00392	0.00294	0.00980	0.00882	0.01567	0.01371	0.01567	0.01077	0.00490	0.00294	0.00098	0.00196	0.00392	0.87560	0.00392
19	0.00756	0.00650	0.00856	0.00770	0.00773	0.00826	0.00578	0.00805	0.00629	0.00914	0.00954	0.01849	0.01051	0.42422	0.04836	0.00312	0.39953	0.00491	0.00220	0.00356
20	0.00524	0.00420	0.00469	0.00481	0.00597	0.00365	0.00358	0.00645	0.00978	0.01231	0.18127	0.15884	0.53302	0.01068	0.00506	0.00146	0.00221	0.03911	0.00403	0.00362
21	0.00784	0.00392	0.00392	0.00392	0.00490	0.00392	0.00294	0.00980	0.00882	0.01567	0.01371	0.01567	0.01077	0.00490	0.00294	0.00098	0.00196	0.00392	0.87560	0.00392
22	0.01020	0.55434	0.04956	0.04055	0.13243	0.01346	0.00815	0.01199	0.00911	0.01147	0.10071	0.01105	0.00985	0.00436	0.00333	0.00105	0.00438	0.01640	0.00220	0.00540
23	0.00918	0.00932	0.05822	0.48439	0.13790	0.00957	0.17022	0.01215	0.00905	0.04772	0.00814	0.01114	0.00610	0.00404	0.00434	0.00137	0.00576	0.00397	0.00209	0.00534
24	0.04798	0.02864	0.04797	0.21186	0.01571	0.16328	0.08716	0.01198	0.02885	0.05208	0.04236	0.11873	0.05084	0.02568	0.01932	0.00153	0.02231	0.01626	0.00271	0.00474
25	0.20241	0.23978	0.11748	0.00890	0.03963	0.13735	0.00796	0.09630	0.04944	0.02442	0.02535	0.00872	0.00661	0.00421	0.00336	0.00116	0.00480	0.00291	0.00252	0.01670
26	0.11762	0.00824	0.00861	0.05759	0.01052	0.06596	0.00581	0.14827	0.01112	0.04134	0.13856	0.01550	0.08159	0.00616	0.01610	0.03499	0.01597	0.00427	0.00324	0.20854

[dist]
# distance from previous block
# <min> <max>
0	5

[block]
# block no. 8 follows, 63 sequences, length 6
# corresponding to MSA columns:
# 858-863
name=unknown_I
#
# <colnr> <probs for GDERKNQSTAVLIFYWHMCP>
#	G	D	E	R	K	N	Q	S	T	A	V	L	I	F	Y	W	H	M	C	P
0	0.00998	0.01039	0.03317	0.23688	0.04699	0.07973	0.26319	0.06684	0.06395	0.01338	0.02665	0.01205	0.00763	0.04004	0.00540	0.00145	0.03164	0.00422	0.00241	0.04400
1	0.00955	0.04688	0.01101	0.04314	0.01135	0.00773	0.06453	0.01114	0.00837	0.08309	0.00846	0.01117	0.00722	0.06735	0.02836	0.02430	0.14434	0.00341	0.00251	0.40610
2	0.03459	0.10636	0.04190	0.04086	0.01733	0.03297	0.42137	0.07368	0.01003	0.01373	0.04454	0.01104	0.00758	0.00448	0.00570	0.00139	0.12039	0.00428	0.00232	0.00546
3	0.00601	0.00450	0.00676	0.00676	0.00751	0.00525	0.00525	0.00751	0.00676	0.00976	0.01126	0.01651	0.01051	0.03153	0.83560	0.00676	0.01126	0.00450	0.00225	0.00375
4	0.00697	0.00512	0.00656	0.00624	0.00680	0.00574	0.00446	0.06597	0.00740	0.01028	0.01173	0.02059	0.01213	0.40023	0.35671	0.00485	0.05707	0.00513	0.00250	0.00351
5	0.00862	0.00752	0.04791	0.18404	0.16570	0.00702	0.05852	0.01076	0.00944	0.08713	0.09314	0.17488	0.07568	0.00673	0.00454	0.00138	0.00410	0.00610	0.00306	0.04371

[dist]
# distance from previous block
# <min> <max>
0	5

[block]
# block no. 9 follows, 63 sequences, length 46
# corresponding to MSA columns:
# 869-914
name=unknown_J
#
# <colnr> <probs for GDERKNQSTAVLIFYWHMCP>
#	G	D	E	R	K	N	Q	S	T	A	V	L	I	F	Y	W	H	M	C	P
0	0.01380	0.37588	0.01622	0.00928	0.01206	0.48636	0.00773	0.01500	0.01048	0.01012	0.00622	0.00722	0.00541	0.00402	0.00332	0.00100	0.00627	0.00251	0.00201	0.00510
1	0.00604	0.00446	0.00659	0.00657	0.00728	0.00511	0.00505	0.00741	0.00690	0.00992	0.04408	0.01749	0.01181	0.06509	0.74721	0.02790	0.01039	0.00468	0.00235	0.00366
2	0.01132	0.30979	0.18174	0.01040	0.06012	0.20445	0.03094	0.02995	0.00970	0.01154	0.00815	0.00929	0.03865	0.00428	0.00387	0.00111	0.03364	0.00304	0.00207	0.03595
3	0.01412	0.05527	0.07431	0.02444	0.04161	0.00976	0.17461	0.15270	0.03661	0.31030	0.01155	0.01176	0.00798	0.00472	0.00479	0.00133	0.04998	0.00408	0.00360	0.00647
4	0.00534	0.00399	0.00571	0.00632	0.00674	0.00372	0.03651	0.00622	0.00824	0.01103	0.04690	0.79079	0.02730	0.01264	0.00534	0.00168	0.00261	0.01154	0.00385	0.00352
5	0.00797	0.01497	0.49006	0.03609	0.01417	0.00816	0.01111	0.04821	0.00863	0.01249	0.02370	0.01381	0.00853	0.16046	0.12144	0.00257	0.00635	0.00397	0.00215	0.00517
6	0.05586	0.09441	0.17628	0.07449	0.10637	0.02270	0.12273	0.09164	0.02715	0.10244	0.05742	0.01225	0.02102	0.00459	0.00410	0.00129	0.00502	0.01157	0.00279	0.00589
7	0.00920	0.00920	0.01288	0.01104	0.01104	0.01288	0.00920	0.01012	0.00644	0.01012	0.00552	0.00920	0.00552	0.00736	0.01380	0.00184	0.84457	0.00368	0.00184	0.00460
8	0.00615	0.00408	0.00473	0.00479	0.00484	0.00409	0.00280	0.00619	0.00626	0.00836	0.01353	0.04800	0.01550	0.76059	0.03727	0.03325	0.00416	0.03020	0.00259	0.00261
9	0.03323	0.01010	0.02251	0.23816	0.27777	0.11200	0.03664	0.03805	0.05743	0.05261	0.05941	0.01207	0.00882	0.00449	0.00415	0.00129	0.00510	0.00393	0.01661	0.00564
10	0.02334	0.11748	0.03492	0.06253	0.25382	0.10576	0.04393	0.07522	0.07695	0.08862	0.00943	0.01130	0.00753	0.01463	0.00461	0.00130	0.04009	0.01985	0.00270	0.00599
11	0.01109	0.41967	0.14650	0.00775	0.01119	0.02186	0.00779	0.05149	0.00984	0.10835	0.09466	0.01193	0.01027	0.04278	0.00426	0.00123	0.00435	0.00348	0.02600	0.00549
12	0.00920	0.00920	0.01288	0.01104	0.01104	0.01288	0.00920	0.01012	0.00644	0.01012	0.00552	0.00920	0.00552	0.00736	0.01380	0.00184	0.84457	0.00368	0.00184	0.00460
13	0.00642	0.00489	0.00664	0.00643	0.00681	0.00570	0.00468	0.00728	0.00647	0.00919	0.01135	0.01984	0.01174	0.34093	0.42998	0.00516	0.10576	0.00502	0.00232	0.00339
14	0.00727	0.00516	0.00648	0.02638	0.00796	0.00447	0.00452	0.00879	0.00977	0.07275	0.23269	0.22947	0.12694	0.00848	0.00459	0.00129	0.00264	0.03202	0.00381	0.20452
15	0.00784	0.00392	0.00392	0.00392	0.00490	0.00392	0.00294	0.00980	0.00882	0.01567	0.01371	0.01567	0.01077	0.00490	0.00294	0.00098	0.00196	0.00392	0.87560	0.00392
16	0.02636	0.00937	0.01038	0.04570	0.01193	0.09028	0.05296	0.09305	0.28478	0.06527	0.01405	0.11554	0.01998	0.00618	0.00464	0.00135	0.03417	0.02469	0.00355	0.08576
17	0.00916	0.24699	0.11058	0.02443	0.01238	0.01995	0.13596	0.01139	0.00959	0.04120	0.19552	0.01669	0.03490	0.03405	0.00525	0.00136	0.05305	0.02976	0.00277	0.00501
18	0.01076	0.00888	0.01387	0.15692	0.10635	0.00849	0.16062	0.09128	0.01042	0.09878	0.00892	0.01055	0.00672	0.00386	0.00399	0.00111	0.00471	0.00362	0.00272	0.28745
19	0.03796	0.07386	0.38346	0.01063	0.01519	0.02231	0.04905	0.21306	0.10084	0.03989	0.00935	0.00997	0.00678	0.00443	0.00400	0.00129	0.00528	0.00349	0.00280	0.00637
20	0.00784	0.00392	0.00392	0.00392	0.00490	0.00392	0.00294	0.00980	0.00882	0.01567	0.01371	0.01567	0.01077	0.00490	0.00294	0.00098	0.00196	0.00392	0.87560	0.00392
21	0.00582	0.00464	0.00699	0.00753	0.04058	0.00435	0.06620	0.00699	0.00864	0.01149	0.05854	0.60742	0.08574	0.01157	0.00526	0.00164	0.00294	0.05615	0.00372	0.00378
22	0.01074	0.26393	0.43824	0.01029	0.01522	0.01135	0.05568	0.01407	0.00926	0.12195	0.00831	0.00912	0.00609	0.00401	0.00370	0.00120	0.00540	0.00311	0.00226	0.00607
23	0.01155	0.05105	0.01684	0.07965	0.40426	0.09954	0.14768	0.03247	0.01018	0.08132	0.00858	0.01054	0.00672	0.00397	0.00418	0.00125	0.00548	0.00381	0.01480	0.00610
24	0.01000	0.00958	0.01633	0.15972	0.69529	0.00988	0.01270	0.01255	0.00938	0.01324	0.00784	0.01054	0.00649	0.00382	0.00417	0.00127	0.00509	0.00374	0.00205	0.00633
25	0.00623	0.00422	0.00479	0.00476	0.00485	0.00428	0.00274	0.00659	0.02803	0.00846	0.01329	0.02684	0.01507	0.80336	0.04681	0.00409	0.00428	0.00603	0.00258	0.00270
26	0.00612	0.00481	0.00561	0.00531	0.00644	0.02643	0.00399	0.00810	0.02714	0.01569	0.64275	0.03212	0.18222	0.00880	0.00492	0.00134	0.00219	0.00765	0.00442	0.00397
27	0.00697	0.00452	0.00592	0.00544	0.00659	0.00414	0.00411	0.00888	0.01176	0.08083	0.73969	0.02995	0.03674	0.02948	0.00531	0.00139	0.00216	0.00730	0.00462	0.00418
28	0.00611	0.00409	0.00466	0.00466	0.00469	0.00412	0.00265	0.00616	0.00614	0.00821	0.01317	0.02710	0.01511	0.82203	0.05138	0.00417	0.00434	0.00605	0.00254	0.00259
29	0.13635	0.12412	0.24616	0.13119	0.04086	0.06047	0.00984	0.03761	0.00951	0.10876	0.03408	0.00999	0.00707	0.00427	0.00369	0.00124	0.00496	0.00324	0.00252	0.02404
30	0.01334	0.21041	0.05406	0.00900	0.01228	0.05450	0.00787	0.36677	0.18658	0.02886	0.01036	0.01036	0.00781	0.00476	0.00383	0.00121	0.00453	0.00355	0.00344	0.00647
31	0.01013	0.14985	0.50533	0.01065	0.01578	0.02170	0.05280	0.01398	0.02602	0.09267	0.00839	0.00931	0.00610	0.00402	0.00381	0.00122	0.00551	0.00317	0.00223	0.05733
32	0.00576	0.00419	0.00545	0.00615	0.00682	0.00397	0.00468	0.00697	0.00892	0.01167	0.07802	0.37929	0.12946	0.06179	0.00638	0.00186	0.00293	0.26826	0.00386	0.00357
33	0.01060	0.66638	0.20488	0.00828	0.01246	0.01508	0.00908	0.01275	0.00862	0.01066	0.00623	0.00723	0.00538	0.00369	0.00299	0.00100	0.00488	0.00244	0.00179	0.00558
34	0.00514	0.00369	0.00485	0.00576	0.00605	0.00343	0.00384	0.00587	0.00807	0.01070	0.02374	0.79918	0.05972	0.03108	0.00569	0.00175	0.00246	0.01170	0.00387	0.00340
35	0.01009	0.01030	0.01914	0.06167	0.37639	0.01026	0.33210	0.01403	0.09623	0.01389	0.00911	0.01138	0.00715	0.00390	0.00450	0.00134	0.00569	0.00434	0.00232	0.00616
