[name]
unknown

[dist]
# distance from previous block
# <min> <max>
0	51

[block]
# block no. 0 follows, 67 sequences, length 75
# corresponding to MSA columns:
# 63,64,72-114,117-132,143-156
name=unknown_A
#
# <colnr> <probs for GDERKNQSTAVLIFYWHMCP>
#	G	D	E	R	K	N	Q	S	T	A	V	L	I	F	Y	W	H	M	C	P
0	0.01510	0.01010	0.01124	0.00878	0.01182	0.01089	0.00727	0.64129	0.01706	0.15166	0.01137	0.01262	0.00838	0.00525	0.00412	0.00125	0.00421	0.05683	0.00414	0.00661
1	0.13958	0.00703	0.00888	0.00691	0.00993	0.00644	0.00571	0.03200	0.01095	0.70854	0.01428	0.01258	0.00909	0.00479	0.00382	0.00124	0.00339	0.00377	0.00460	0.00648
2	0.00483	0.00371	0.00443	0.00500	0.00566	0.00331	0.00346	0.00565	0.00824	0.01047	0.02926	0.54072	0.33763	0.01164	0.00497	0.00152	0.00221	0.01027	0.00372	0.00331
3	0.01360	0.01018	0.03282	0.01229	0.13925	0.08271	0.14060	0.14333	0.07306	0.27308	0.01104	0.01127	0.00779	0.00445	0.00432	0.00125	0.02547	0.00388	0.00340	0.00621
4	0.01063	0.82761	0.04261	0.00712	0.01063	0.01562	0.01823	0.01204	0.00818	0.00957	0.00565	0.00655	0.00516	0.00344	0.00264	0.00088	0.00437	0.00220	0.00172	0.00517
5	0.00568	0.00410	0.00536	0.00505	0.00599	0.00378	0.00378	0.00757	0.01135	0.01608	0.83192	0.02996	0.03784	0.00820	0.00473	0.00126	0.00189	0.00725	0.00441	0.00378
6	0.00568	0.00410	0.00536	0.00505	0.00599	0.00378	0.00378	0.00757	0.01135	0.01608	0.83192	0.02996	0.03784	0.00820	0.00473	0.00126	0.00189	0.00725	0.00441	0.00378
7	0.01306	0.00809	0.00928	0.00784	0.01044	0.00862	0.00624	0.05401	0.50200	0.30993	0.01587	0.01427	0.01119	0.00524	0.00406	0.00131	0.00331	0.00432	0.00439	0.00654
8	0.00757	0.00713	0.01203	0.84942	0.02762	0.00891	0.01114	0.01025	0.00802	0.01025	0.00713	0.01069	0.00535	0.00401	0.00401	0.00134	0.00535	0.00356	0.00178	0.00446
9	0.00818	0.06424	0.79600	0.01119	0.01699	0.00965	0.01441	0.01267	0.00845	0.01253	0.00711	0.00836	0.00508	0.00379	0.00375	0.00125	0.00584	0.00292	0.00169	0.00589
10	0.00573	0.00430	0.00645	0.00645	0.00716	0.00501	0.00501	0.00716	0.00645	0.00931	0.01074	0.01576	0.01003	0.03008	0.84316	0.00645	0.01074	0.00430	0.00215	0.00358
11	0.01008	0.00884	0.00912	0.00821	0.01047	0.02779	0.00638	0.02120	0.80935	0.01663	0.01611	0.01480	0.01209	0.00541	0.00407	0.00135	0.00326	0.00449	0.00404	0.00631
12	0.00479	0.00406	0.00413	0.00412	0.00545	0.00341	0.00309	0.00585	0.00926	0.01112	0.08327	0.03813	0.78959	0.01005	0.00474	0.00135	0.00202	0.00840	0.00376	0.00341
13	0.01046	0.01158	0.01203	0.01048	0.01104	0.23785	0.00850	0.01138	0.00756	0.00970	0.00552	0.00836	0.00524	0.00624	0.01057	0.00156	0.62240	0.00326	0.00184	0.00446
14	0.00518	0.00372	0.00497	0.00587	0.00627	0.00352	0.00421	0.00610	0.00802	0.01059	0.02259	0.67569	0.05400	0.01220	0.00518	0.00166	0.00257	0.16058	0.00372	0.00334
15	0.00877	0.00877	0.01228	0.01053	0.01053	0.01228	0.00877	0.00965	0.00614	0.00965	0.00526	0.00877	0.00526	0.00702	0.01316	0.00175	0.85172	0.00351	0.00175	0.00439
16	0.00990	0.00943	0.01568	0.03429	0.76143	0.00955	0.01184	0.01296	0.07061	0.01334	0.00820	0.01031	0.00678	0.00372	0.00398	0.00121	0.00465	0.00365	0.00214	0.00633
17	0.00787	0.00715	0.01189	0.69887	0.08621	0.00868	0.01064	0.01033	0.00811	0.02857	0.00812	0.05691	0.00668	0.00455	0.00433	0.00135	0.02920	0.00400	0.00197	0.00458
18	0.00548	0.00400	0.00518	0.00542	0.00611	0.00378	0.00389	0.00716	0.03812	0.01336	0.41567	0.38883	0.04911	0.01011	0.00490	0.00144	0.00217	0.02755	0.00407	0.00363
19	0.00853	0.00837	0.01162	0.01001	0.01001	0.01158	0.00824	0.00933	0.00612	0.00949	0.00588	0.01023	0.00604	0.07822	0.01377	0.00193	0.78087	0.00370	0.00181	0.00422
20	0.76976	0.07483	0.00742	0.02748	0.00861	0.00964	0.00482	0.03583	0.00732	0.01734	0.00574	0.00671	0.00451	0.00374	0.00257	0.00121	0.00329	0.00225	0.00245	0.00448
21	0.00733	0.00551	0.02082	0.11139	0.03990	0.00536	0.03732	0.00931	0.01024	0.07858	0.47378	0.07291	0.02593	0.00720	0.00477	0.00131	0.02707	0.02709	0.02991	0.00428
22	0.10364	0.00987	0.01143	0.00912	0.01187	0.01105	0.06598	0.39786	0.21401	0.05137	0.01069	0.01080	0.00786	0.00490	0.00453	0.00129	0.06016	0.00378	0.00361	0.00618
23	0.00583	0.00389	0.00437	0.00437	0.00437	0.00389	0.00243	0.00583	0.00583	0.00778	0.01264	0.02624	0.01458	0.85906	0.02041	0.00389	0.00389	0.00583	0.00243	0.00243
24	0.00986	0.00946	0.01615	0.04920	0.81000	0.00951	0.01227	0.01225	0.00910	0.01302	0.00753	0.00995	0.00632	0.00359	0.00397	0.00120	0.00478	0.00357	0.00198	0.00630
25	0.00984	0.02230	0.01621	0.02313	0.74234	0.00984	0.02923	0.01212	0.00890	0.01278	0.00735	0.00981	0.00625	0.00383	0.00466	0.00123	0.06850	0.00357	0.00196	0.00617
26	0.00771	0.00727	0.01228	0.80044	0.07551	0.00895	0.01121	0.01037	0.00809	0.01042	0.00715	0.01065	0.00541	0.00398	0.00401	0.00133	0.00531	0.00356	0.00179	0.00457
27	0.01794	0.00692	0.00936	0.00718	0.01028	0.00603	0.00593	0.03607	0.01163	0.82007	0.01569	0.01357	0.00986	0.00496	0.00403	0.00124	0.00343	0.00402	0.00494	0.00683
28	0.00832	0.00713	0.00832	0.00594	0.00950	0.00535	0.00475	0.01010	0.00832	0.01307	0.00713	0.00832	0.00594	0.00297	0.00297	0.00059	0.00297	0.00238	0.00238	0.88357
29	0.00882	0.00805	0.01273	0.37329	0.27878	0.02098	0.02293	0.04045	0.05175	0.01177	0.00793	0.02063	0.00648	0.00504	0.00537	0.07790	0.03631	0.00371	0.00207	0.00501
30	0.04052	0.00700	0.00931	0.00716	0.01025	0.00620	0.00591	0.04730	0.01162	0.78719	0.01534	0.01332	0.00967	0.00493	0.00399	0.00124	0.00344	0.00397	0.00487	0.00676
31	0.00531	0.00409	0.00486	0.00466	0.00577	0.00363	0.00350	0.00687	0.01049	0.01405	0.52503	0.03331	0.34601	0.00896	0.00473	0.00130	0.00195	0.00772	0.00415	0.00363
32	0.00993	0.00953	0.01628	0.02462	0.83404	0.00953	0.01231	0.01231	0.00913	0.01310	0.00754	0.00993	0.00635	0.00357	0.00397	0.00119	0.00476	0.00357	0.00199	0.00635
33	0.01063	0.01653	0.56242	0.01027	0.01521	0.00884	0.02470	0.09634	0.01010	0.16701	0.00924	0.00978	0.00633	0.00415	0.00386	0.00125	0.00520	0.00328	0.02876	0.00611
34	0.00506	0.00408	0.00450	0.00440	0.00561	0.00352	0.00330	0.00637	0.00989	0.01262	0.30961	0.03566	0.56232	0.00949	0.00474	0.00132	0.00198	0.00805	0.00396	0.00352
35	0.00850	0.00789	0.01298	0.16879	0.46300	0.00815	0.02770	0.01107	0.03262	0.01310	0.15384	0.01508	0.05040	0.00482	0.00417	0.00125	0.00424	0.00450	0.00252	0.00540
36	0.01149	0.09423	0.15040	0.01514	0.34735	0.00927	0.02122	0.02364	0.06073	0.19887	0.00997	0.02380	0.00752	0.00418	0.00386	0.00120	0.00449	0.00364	0.00276	0.00621
37	0.00583	0.00389	0.00437	0.00437	0.00437	0.00389	0.00243	0.00583	0.00583	0.00778	0.01264	0.02624	0.01458	0.85906	0.02041	0.00389	0.00389	0.00583	0.00243	0.00243
38	0.01795	0.00690	0.00936	0.00717	0.01028	0.00601	0.00592	0.03365	0.01161	0.82253	0.01571	0.01358	0.00987	0.00496	0.00403	0.00124	0.00343	0.00403	0.00495	0.00683
39	0.00914	0.01049	0.11495	0.09269	0.17967	0.00953	0.22160	0.01425	0.21537	0.01345	0.02032	0.01192	0.00809	0.01765	0.02227	0.00146	0.02482	0.00414	0.00251	0.00568
40	0.00857	0.00803	0.01348	0.04890	0.43821	0.01788	0.10381	0.03446	0.00903	0.01247	0.01179	0.25134	0.01203	0.00617	0.00439	0.00134	0.00434	0.00593	0.00254	0.00528
41	0.01416	0.00813	0.01072	0.00863	0.01075	0.00898	0.01825	0.11230	0.06870	0.41765	0.01179	0.01174	0.00824	0.00559	0.00683	0.00140	0.26248	0.00387	0.00377	0.00603
42	0.00646	0.00462	0.00646	0.00739	0.00831	0.00462	0.00646	0.00831	0.00923	0.01200	0.02123	0.04524	0.02308	0.01108	0.00554	0.00185	0.00369	0.80704	0.00369	0.00369
43	0.88738	0.00776	0.00589	0.00527	0.00776	0.00900	0.00434	0.01179	0.00683	0.01799	0.00558	0.00651	0.00434	0.00372	0.00248	0.00124	0.00310	0.00217	0.00248	0.00434
44	0.00972	0.00835	0.00885	0.00798	0.01017	0.00961	0.00620	0.02049	0.77837	0.01674	0.06475	0.01585	0.01376	0.00560	0.00412	0.00135	0.00310	0.00470	0.00410	0.00620
45	0.01128	0.04875	0.12395	0.02303	0.19684	0.06804	0.04787	0.17929	0.19340	0.04005	0.01004	0.01084	0.00765	0.01616	0.00416	0.00126	0.00469	0.00368	0.00291	0.00611
46	0.01045	0.75975	0.03196	0.00823	0.07221	0.01492	0.00729	0.01185	0.00821	0.00978	0.00624	0.03201	0.00587	0.00372	0.00277	0.00091	0.00429	0.00254	0.00180	0.00519
47	0.00568	0.00410	0.00536	0.00505	0.00599	0.00378	0.00378	0.00757	0.01135	0.01608	0.83192	0.02996	0.03784	0.00820	0.00473	0.00126	0.00189	0.00725	0.00441	0.00378
48	0.00743	0.00696	0.01182	0.76119	0.02578	0.00852	0.03462	0.00997	0.00804	0.01032	0.00828	0.07430	0.00696	0.00463	0.00411	0.00136	0.00516	0.00419	0.00194	0.00439
49	0.00494	0.00366	0.00461	0.00524	0.00576	0.00334	0.00360	0.00582	0.00834	0.01096	0.10928	0.61347	0.18303	0.01165	0.00501	0.00154	0.00222	0.01041	0.00379	0.00334
50	0.01168	0.68483	0.04881	0.00722	0.01070	0.01439	0.00711	0.07043	0.00926	0.09353	0.00695	0.00746	0.00574	0.00370	0.00287	0.00094	0.00427	0.00247	0.00220	0.00546
51	0.00821	0.00701	0.00820	0.00591	0.00937	0.00529	0.00471	0.01000	0.00843	0.01319	0.03928	0.00916	0.00718	0.00317	0.00304	0.00062	0.00293	0.00257	0.00246	0.84927
52	0.08722	0.01113	0.10130	0.05052	0.20401	0.04209	0.29773	0.06349	0.03399	0.03827	0.00842	0.02852	0.00661	0.00395	0.00411	0.00128	0.00541	0.00398	0.00232	0.00563
53	0.00494	0.00353	0.00471	0.00559	0.00586	0.00330	0.00377	0.00570	0.00784	0.01048	0.05142	0.81390	0.02688	0.01238	0.00511	0.00162	0.00233	0.02361	0.00375	0.00328
54	0.01498	0.01911	0.01137	0.01033	0.01240	0.84295	0.00775	0.01601	0.01137	0.00982	0.00620	0.00723	0.00517	0.00413	0.00362	0.00103	0.00723	0.00258	0.00207	0.00465
55	0.01055	0.00925	0.01714	0.01804	0.37072	0.00888	0.29713	0.01324	0.01979	0.12309	0.05229	0.01225	0.02014	0.00405	0.00430	0.00126	0.00508	0.00432	0.00257	0.00591
56	0.01222	0.01147	0.22119	0.01428	0.26286	0.00832	0.06542	0.01491	0.00973	0.30148	0.01034	0.01089	0.00724	0.00420	0.00425	0.00125	0.02706	0.00366	0.00295	0.00630
57	0.00521	0.00399	0.00477	0.00477	0.00575	0.00355	0.00350	0.00659	0.00996	0.01322	0.41217	0.16432	0.32847	0.00961	0.00480	0.00135	0.00201	0.00836	0.00405	0.00355
58	0.00693	0.00350	0.00520	0.00520	0.00520	0.00350	0.00345	0.00524	0.00524	0.00699	0.00714	0.01261	0.00719	0.03913	0.01582	0.85710	0.00350	0.00355	0.00176	0.00176
59	0.04498	0.04412	0.27711	0.01521	0.30507	0.03337	0.03541	0.09382	0.01006	0.09117	0.00825	0.00947	0.00616	0.00391	0.00383	0.00121	0.00502	0.00333	0.00239	0.00611
60	0.02342	0.00886	0.01411	0.31079	0.10512	0.04163	0.17557	0.09233	0.00987	0.09337	0.00888	0.03271	0.00686	0.00482	0.02041	0.00140	0.02943	0.00401	0.01115	0.00526
61	0.88738	0.00776	0.00589	0.00527	0.00776	0.00900	0.00434	0.01179	0.00683	0.01799	0.00558	0.00651	0.00434	0.00372	0.00248	0.00124	0.00310	0.00217	0.00248	0.00434
62	0.00512	0.00408	0.00459	0.00446	0.00565	0.00355	0.00335	0.00649	0.01004	0.01296	0.36158	0.03509	0.51013	0.00936	0.00474	0.00132	0.00197	0.00797	0.00400	0.00355
63	0.00968	0.00942	0.01650	0.09646	0.69767	0.00952	0.07725	0.01217	0.00906	0.01283	0.00755	0.01007	0.00624	0.00360	0.00404	0.00122	0.00498	0.00367	0.00197	0.00611
64	0.50438	0.05762	0.00896	0.00700	0.00965	0.11263	0.00574	0.21049	0.02301	0.01828	0.00681	0.00749	0.00522	0.00405	0.00303	0.00119	0.00400	0.00261	0.00279	0.00506
65	0.00624	0.00438	0.00562	0.00512	0.00630	0.00396	0.00386	0.00808	0.01095	0.03703	0.71314	0.02747	0.03361	0.02388	0.00483	0.00125	0.00205	0.00669	0.02606	0.06947
66	0.00897	0.01909	0.09382	0.00660	0.01037	0.00592	0.00589	0.01103	0.00854	0.06853	0.00770	0.00867	0.00611	0.00320	0.00312	0.00071	0.00332	0.00255	0.00247	0.72339
67	0.00737	0.00668	0.00889	0.14457	0.01111	0.04250	0.00670	0.00847	0.00672	0.00928	0.00904	0.04366	0.00913	0.20133	0.19620	0.00316	0.27490	0.00444	0.00208	0.00376
68	0.00757	0.00713	0.01203	0.84942	0.02762	0.00891	0.01114	0.01025	0.00802	0.01025	0.00713	0.01069	0.00535	0.00401	0.00401	0.00134	0.00535	0.00356	0.00178	0.00446
69	0.00524	0.00392	0.00495	0.00560	0.00631	0.00363	0.00420	0.00633	0.00853	0.01097	0.04812	0.42697	0.23733	0.01146	0.00511	0.00160	0.00256	0.20002	0.00373	0.00341
70	0.00757	0.00713	0.01203	0.84942	0.02762	0.00891	0.01114	0.01025	0.00802	0.01025	0.00713	0.01069	0.00535	0.00401	0.00401	0.00134	0.00535	0.00356	0.00178	0.00446
71	0.00542	0.00391	0.00513	0.00520	0.00593	0.00362	0.00375	0.00694	0.01020	0.01422	0.57282	0.28235	0.04636	0.00956	0.00485	0.00137	0.00203	0.00854	0.00419	0.00362
72	0.00789	0.00745	0.01260	0.73803	0.13653	0.00899	0.01130	0.01053	0.00817	0.01063	0.00718	0.01059	0.00548	0.00395	0.00400	0.00132	0.00527	0.00357	0.00181	0.00471
73	0.00491	0.00382	0.00429	0.00466	0.00555	0.00335	0.00331	0.00583	0.00853	0.01076	0.03215	0.36460	0.47821	0.01091	0.00482	0.00145	0.00214	0.00945	0.03794	0.00335
74	0.01320	0.01308	0.19969	0.00977	0.01335	0.01153	0.00929	0.55330	0.01533	0.04436	0.00892	0.00942	0.00640	0.00476	0.00465	0.00126	0.06845	0.00347	0.00334	0.00643

[dist]
# distance from previous block
# <min> <max>
0	13

[block]
# block no. 1 follows, 67 sequences, length 10
# corresponding to MSA columns:
# 170-179
name=unknown_B
#
# <colnr> <probs for GDERKNQSTAVLIFYWHMCP>
#	G	D	E	R	K	N	Q	S	T	A	V	L	I	F	Y	W	H	M	C	P
0	0.05819	0.00716	0.01168	0.80085	0.02648	0.00892	0.01075	0.01034	0.00795	0.01069	0.00704	0.01045	0.00529	0.00399	0.00392	0.00133	0.00522	0.00348	0.00182	0.00445
1	0.00914	0.00885	0.01541	0.28831	0.52175	0.00937	0.06551	0.01168	0.00880	0.01217	0.00745	0.01023	0.00601	0.00370	0.00403	0.00125	0.00508	0.00365	0.00192	0.00568
2	0.00757	0.00713	0.01203	0.84942	0.02762	0.00891	0.01114	0.01025	0.00802	0.01025	0.00713	0.01069	0.00535	0.00401	0.00401	0.00134	0.00535	0.00356	0.00178	0.00446
3	0.01461	0.01834	0.01120	0.01017	0.01225	0.78128	0.00765	0.01641	0.07174	0.01033	0.00695	0.00780	0.00569	0.00423	0.00365	0.00106	0.00693	0.00273	0.00222	0.00478
4	0.01017	0.68755	0.19008	0.00781	0.01175	0.01451	0.00851	0.01215	0.00821	0.01011	0.00591	0.00685	0.00513	0.00351	0.00283	0.00094	0.00463	0.00231	0.00171	0.00531
5	0.00904	0.22473	0.57831	0.01041	0.01555	0.01107	0.03898	0.04603	0.00885	0.01243	0.00693	0.00810	0.00520	0.00375	0.00355	0.00117	0.00549	0.00285	0.00181	0.00576
6	0.00823	0.07977	0.78090	0.01111	0.01686	0.00977	0.01426	0.01265	0.00844	0.01247	0.00708	0.00832	0.00508	0.00378	0.00372	0.00124	0.00581	0.00291	0.00169	0.00587
7	0.26988	0.31938	0.03680	0.00759	0.01042	0.25198	0.00663	0.03614	0.00900	0.01261	0.00592	0.00684	0.00496	0.00377	0.00292	0.00104	0.00484	0.00234	0.00211	0.00484
8	0.01772	0.00726	0.00958	0.00734	0.01046	0.00654	0.00607	0.09878	0.01221	0.75655	0.01521	0.01325	0.00962	0.00495	0.00403	0.00124	0.00351	0.00399	0.00487	0.00682
9	0.00979	0.00934	0.01563	0.05040	0.75204	0.00938	0.01181	0.01245	0.03549	0.01313	0.00780	0.01006	0.00650	0.00363	0.00394	0.00118	0.00467	0.00356	0.00206	0.03715

[dist]
# distance from previous block
# <min> <max>
0	2

[block]
# block no. 2 follows, 67 sequences, length 13
# corresponding to MSA columns:
# 182-192,195,196
name=unknown_C
#
# <colnr> <probs for GDERKNQSTAVLIFYWHMCP>
#	G	D	E	R	K	N	Q	S	T	A	V	L	I	F	Y	W	H	M	C	P
0	0.00909	0.01955	0.65260	0.01139	0.01640	0.12504	0.03799	0.01299	0.00877	0.01213	0.00698	0.00838	0.00513	0.00402	0.00434	0.00127	0.05353	0.00300	0.00176	0.00565
1	0.00945	0.00893	0.01463	0.09888	0.62862	0.00881	0.01101	0.01177	0.00890	0.01283	0.00744	0.00974	0.00619	0.00352	0.00382	0.00111	0.00454	0.00338	0.00203	0.14442
2	0.00489	0.00349	0.00465	0.00558	0.00582	0.00326	0.00372	0.00558	0.00768	0.01024	0.02210	0.85644	0.02653	0.01256	0.00512	0.00163	0.00233	0.01140	0.00372	0.00326
3	0.00572	0.00413	0.00573	0.00578	0.00626	0.00458	0.00417	0.00668	0.00633	0.00890	0.01191	0.06359	0.01226	0.27647	0.55313	0.00543	0.00825	0.00513	0.00232	0.00322
4	0.01276	0.00937	0.01020	0.00835	0.01103	0.01035	0.00672	0.39204	0.32765	0.08632	0.07122	0.01344	0.01136	0.00531	0.00409	0.00127	0.00368	0.00426	0.00414	0.00642
5	0.00570	0.00420	0.00605	0.00610	0.00677	0.00465	0.00464	0.00705	0.00719	0.01020	0.11411	0.07523	0.01534	0.08397	0.59688	0.00514	0.00836	0.03231	0.00261	0.00351
6	0.00880	0.00479	0.00636	0.00557	0.00707	0.00432	0.00432	0.01060	0.01138	0.22390	0.62528	0.02583	0.03077	0.00738	0.00455	0.00126	0.00228	0.00644	0.00455	0.00455
7	0.01089	0.01326	0.24079	0.01188	0.01591	0.01043	0.24199	0.27813	0.07096	0.01713	0.00948	0.01148	0.00718	0.00443	0.00423	0.00130	0.00538	0.03633	0.00280	0.00601
8	0.01094	0.00661	0.00854	0.00681	0.00904	0.00627	0.00545	0.01238	0.00913	0.27780	0.10756	0.01419	0.01164	0.06900	0.02876	0.00146	0.13113	0.00396	0.00335	0.27599
9	0.00568	0.00410	0.00536	0.00505	0.00599	0.00378	0.00378	0.00757	0.01135	0.01608	0.83192	0.02996	0.03784	0.00820	0.00473	0.00126	0.00189	0.00725	0.00441	0.00378
10	0.01005	0.01159	0.09853	0.00782	0.01023	0.26142	0.00654	0.05472	0.04171	0.02613	0.05089	0.08521	0.05917	0.08651	0.00541	0.00135	0.00461	0.00437	0.00270	0.17103
11	0.17803	0.00523	0.00581	0.00538	0.00675	0.00538	0.00413	0.00968	0.08675	0.01652	0.59447	0.02398	0.02891	0.00707	0.00423	0.00127	0.00225	0.00601	0.00401	0.00413
12	0.01028	0.00829	0.05814	0.01268	0.27219	0.00738	0.01967	0.04879	0.07531	0.15475	0.13297	0.04880	0.03775	0.00521	0.00408	0.00120	0.00371	0.00460	0.00325	0.09096

[dist]
# distance from previous block
# <min> <max>
0	2

[block]
# block no. 3 follows, 67 sequences, length 12
# corresponding to MSA columns:
# 199-210
name=unknown_D
#
# <colnr> <probs for GDERKNQSTAVLIFYWHMCP>
#	G	D	E	R	K	N	Q	S	T	A	V	L	I	F	Y	W	H	M	C	P
0	0.01334	0.20569	0.04778	0.03004	0.01241	0.34729	0.00782	0.21638	0.05815	0.01412	0.00755	0.00822	0.00597	0.00420	0.00352	0.00107	0.00554	0.00289	0.00256	0.00545
1	0.00940	0.00570	0.00687	0.00565	0.00751	0.00503	0.00411	0.01089	0.04746	0.19115	0.05368	0.01796	0.01214	0.34091	0.01021	0.00210	0.00338	0.00445	0.00315	0.25824
2	0.00986	0.00949	0.01606	0.02385	0.78900	0.00968	0.01211	0.01216	0.00897	0.01291	0.00742	0.00986	0.00629	0.00376	0.00447	0.00122	0.05108	0.00357	0.00197	0.00625
3	0.88738	0.00776	0.00589	0.00527	0.00776	0.00900	0.00434	0.01179	0.00683	0.01799	0.00558	0.00651	0.00434	0.00372	0.00248	0.00124	0.00310	0.00217	0.00248	0.00434
4	0.00496	0.00355	0.00474	0.00567	0.00594	0.00332	0.00386	0.00572	0.00775	0.01032	0.02206	0.81663	0.02636	0.01249	0.00514	0.00164	0.00239	0.05045	0.00372	0.00328
5	0.00942	0.02905	0.08095	0.01337	0.01654	0.03623	0.46466	0.02511	0.00905	0.04108	0.02115	0.07512	0.00803	0.00477	0.00566	0.00137	0.12056	0.00474	0.00227	0.03087
6	0.01036	0.00942	0.00924	0.00833	0.01058	0.07368	0.00646	0.02091	0.76443	0.01624	0.01555	0.01437	0.01170	0.00534	0.00405	0.00134	0.00348	0.00438	0.00393	0.00622
7	0.00923	0.00783	0.03081	0.00881	0.01116	0.00776	0.15733	0.06634	0.27012	0.07009	0.29292	0.01873	0.01917	0.00589	0.00441	0.00130	0.00357	0.00537	0.00381	0.00535
8	0.00625	0.00445	0.00564	0.00539	0.00642	0.00425	0.00402	0.00869	0.07322	0.03973	0.62764	0.12907	0.05286	0.00847	0.00471	0.00132	0.00209	0.00748	0.00430	0.00400
9	0.07363	0.00438	0.00521	0.00492	0.00604	0.00413	0.00372	0.00762	0.01067	0.01544	0.64910	0.02945	0.15474	0.00815	0.00456	0.00127	0.00201	0.00704	0.00416	0.00377
10	0.00890	0.29831	0.50362	0.07464	0.01581	0.01146	0.01190	0.01228	0.00833	0.01143	0.00665	0.00797	0.00512	0.00370	0.00342	0.00114	0.00534	0.00274	0.00171	0.00555
11	0.02516	0.19006	0.34179	0.07474	0.01528	0.04034	0.07752	0.01361	0.04778	0.10968	0.02258	0.00963	0.00667	0.00401	0.00367	0.00119	0.00511	0.00324	0.00231	0.00563

[dist]
# distance from previous block
# <min> <max>
0	42

# created by:
# /home/cegg/simao/soft/augustus-3.2.1/scripts/msa2prfl.pl ./align_prep/EOG092C5QTG.fa
