[name]
unknown

[dist]
# distance from previous block
# <min> <max>
0	91

[block]
# block no. 0 follows, 70 sequences, length 12
# corresponding to MSA columns:
# 101-112
name=unknown_A
#
# <colnr> <probs for GDERKNQSTAVLIFYWHMCP>
#	G	D	E	R	K	N	Q	S	T	A	V	L	I	F	Y	W	H	M	C	P
0	0.00857	0.00849	0.12959	0.07030	0.08580	0.00708	0.03361	0.10850	0.05477	0.06100	0.03926	0.11874	0.03153	0.00689	0.00438	0.00139	0.00397	0.20361	0.00309	0.01943
1	0.02930	0.03113	0.04654	0.02837	0.02806	0.02110	0.01750	0.03753	0.06945	0.19202	0.05686	0.03517	0.00924	0.00426	0.00361	0.00096	0.01721	0.00347	0.00307	0.36513
2	0.06794	0.03179	0.07614	0.07122	0.06779	0.02293	0.06233	0.11964	0.07919	0.07044	0.20122	0.01459	0.02462	0.00498	0.00387	0.00116	0.00373	0.00425	0.00313	0.06903
3	0.00473	0.00350	0.00437	0.00506	0.00549	0.00320	0.00342	0.00544	0.00764	0.00992	0.02460	0.66506	0.18749	0.04385	0.00543	0.00160	0.00225	0.01025	0.00355	0.00314
4	0.00918	0.00818	0.01292	0.10477	0.49194	0.00864	0.00986	0.04808	0.07704	0.03216	0.02295	0.03367	0.00816	0.00621	0.06844	0.00161	0.02994	0.01836	0.00234	0.00556
5	0.00521	0.00382	0.00484	0.00490	0.00567	0.00351	0.00355	0.00658	0.00959	0.01312	0.48540	0.22510	0.14250	0.04342	0.00529	0.00143	0.00206	0.02667	0.00393	0.00343
6	0.00691	0.00612	0.00866	0.00785	0.00845	0.03278	0.03868	0.00802	0.00633	0.00911	0.00840	0.01281	0.00795	0.03993	0.47353	0.04668	0.26827	0.00389	0.00194	0.00369
7	0.01450	0.01797	0.01103	0.00992	0.01199	0.79238	0.00748	0.06962	0.01147	0.01049	0.00621	0.00715	0.00510	0.00404	0.00352	0.00101	0.00681	0.00256	0.00212	0.00463
8	0.01376	0.01037	0.01108	0.00872	0.01165	0.01156	0.00713	0.67149	0.17498	0.02285	0.01055	0.01030	0.00760	0.00477	0.00389	0.00119	0.00404	0.00366	0.00389	0.00651
9	0.00472	0.00337	0.00450	0.00540	0.00562	0.00315	0.00360	0.00540	0.00742	0.00990	0.02137	0.86122	0.02564	0.01215	0.00495	0.00157	0.00225	0.01102	0.00360	0.00315
10	0.00967	0.00904	0.03458	0.01221	0.20716	0.00965	0.04522	0.04033	0.53596	0.01517	0.01275	0.01268	0.00973	0.00471	0.00413	0.00128	0.02235	0.00408	0.00326	0.00606
11	0.00797	0.00732	0.01104	0.39608	0.14884	0.00763	0.00871	0.01015	0.00795	0.01127	0.00689	0.00935	0.00552	0.00357	0.00385	0.00104	0.03615	0.00305	0.00195	0.31166

[dist]
# distance from previous block
# <min> <max>
0	1

[block]
# block no. 1 follows, 70 sequences, length 9
# corresponding to MSA columns:
# 114-122
name=unknown_B
#
# <colnr> <probs for GDERKNQSTAVLIFYWHMCP>
#	G	D	E	R	K	N	Q	S	T	A	V	L	I	F	Y	W	H	M	C	P
0	0.03201	0.02552	0.01135	0.00918	0.04193	0.05100	0.06082	0.34177	0.16877	0.14827	0.01084	0.01067	0.00778	0.00447	0.00380	0.00116	0.00407	0.00362	0.00358	0.05939
1	0.00976	0.00866	0.01379	0.01920	0.61995	0.00843	0.01011	0.01242	0.05605	0.05540	0.00813	0.00982	0.00658	0.00354	0.00370	0.00107	0.00418	0.00335	0.00224	0.14362
2	0.00860	0.05742	0.15541	0.00732	0.00976	0.08020	0.00673	0.01298	0.21188	0.06140	0.28400	0.01807	0.05855	0.00584	0.00401	0.00121	0.00349	0.00485	0.00338	0.00493
3	0.00891	0.09918	0.30000	0.02360	0.02739	0.00791	0.00862	0.01169	0.02607	0.09003	0.04048	0.04073	0.00777	0.00412	0.00373	0.00102	0.03197	0.00325	0.00236	0.26117
4	0.00563	0.00377	0.00430	0.00428	0.00435	0.00375	0.00245	0.00577	0.00606	0.00815	0.07773	0.02565	0.01588	0.79581	0.01853	0.00356	0.00361	0.00575	0.00250	0.00245
5	0.00677	0.02301	0.08899	0.00625	0.00799	0.02669	0.01871	0.00965	0.10053	0.03462	0.38445	0.02408	0.17963	0.00800	0.03658	0.00144	0.02884	0.00599	0.00355	0.00422
6	0.00942	0.00748	0.00857	0.00639	0.00964	0.00645	0.00513	0.10182	0.10187	0.05542	0.00857	0.00916	0.00671	0.00343	0.00315	0.00075	0.00307	0.00274	0.00278	0.64745
7	0.00849	0.00742	0.03983	0.07030	0.14480	0.04662	0.04665	0.02424	0.07738	0.09934	0.04757	0.09201	0.23501	0.00663	0.00440	0.00129	0.02141	0.01878	0.00311	0.00473
8	0.03893	0.09264	0.17150	0.05610	0.10678	0.12946	0.03490	0.18375	0.01104	0.08181	0.03731	0.00996	0.02052	0.00420	0.00366	0.00114	0.00484	0.00331	0.00261	0.00553

[dist]
# distance from previous block
# <min> <max>
0	3

[block]
# block no. 2 follows, 70 sequences, length 41
# corresponding to MSA columns:
# 126-151,153-167
name=unknown_C
#
# <colnr> <probs for GDERKNQSTAVLIFYWHMCP>
#	G	D	E	R	K	N	Q	S	T	A	V	L	I	F	Y	W	H	M	C	P
0	0.28525	0.02146	0.02354	0.23098	0.20337	0.12488	0.01918	0.02743	0.00831	0.01316	0.00643	0.00834	0.00509	0.00371	0.00334	0.00118	0.00461	0.00288	0.00206	0.00480
1	0.01938	0.00953	0.06302	0.09724	0.27493	0.08549	0.04135	0.04135	0.04302	0.02266	0.02972	0.06743	0.02436	0.00574	0.03348	0.00142	0.09901	0.00408	0.01145	0.02532
2	0.00528	0.00393	0.00491	0.00471	0.00568	0.00356	0.00352	0.00689	0.01041	0.01432	0.64755	0.06572	0.19226	0.00847	0.00459	0.00125	0.00187	0.00741	0.00411	0.00356
3	0.04156	0.00910	0.01048	0.01038	0.13112	0.01015	0.00724	0.24336	0.44453	0.03125	0.01238	0.01202	0.00925	0.00476	0.00386	0.00124	0.00363	0.00391	0.00359	0.00620
4	0.00673	0.00337	0.00505	0.00505	0.00505	0.00337	0.00337	0.00505	0.00505	0.00673	0.00673	0.01178	0.00673	0.01347	0.01515	0.88721	0.00337	0.00337	0.00168	0.00168
5	0.00554	0.00415	0.00623	0.00623	0.00692	0.00485	0.00485	0.00692	0.00623	0.00900	0.01038	0.01523	0.00969	0.02908	0.84839	0.00623	0.01038	0.00415	0.00208	0.00346
6	0.01413	0.01010	0.00940	0.00771	0.01015	0.19834	0.00614	0.26335	0.01285	0.26279	0.04171	0.01136	0.00869	0.00465	0.00367	0.00110	0.00418	0.00353	0.12054	0.00561
7	0.00723	0.00361	0.00361	0.00361	0.00452	0.00361	0.00271	0.00903	0.00813	0.01445	0.01265	0.01445	0.00994	0.00452	0.00271	0.00090	0.00181	0.00361	0.88528	0.00361
8	0.89114	0.00750	0.00570	0.00510	0.00750	0.00870	0.00420	0.01140	0.00660	0.01739	0.00540	0.00630	0.00420	0.00360	0.00240	0.00120	0.00300	0.00210	0.00240	0.00420
9	0.00804	0.00689	0.00804	0.00574	0.00919	0.00517	0.00459	0.00976	0.00804	0.01263	0.00689	0.00804	0.00574	0.00287	0.00287	0.00057	0.00287	0.00230	0.00230	0.88745
10	0.00964	0.00833	0.00877	0.00789	0.01008	0.00964	0.00614	0.02060	0.83257	0.01622	0.01578	0.01446	0.01183	0.00526	0.00394	0.00131	0.00307	0.00438	0.00394	0.00614
11	0.00561	0.00409	0.00529	0.00497	0.00592	0.00384	0.00373	0.00772	0.03571	0.01557	0.81279	0.02852	0.03583	0.00785	0.00455	0.00122	0.00187	0.00693	0.00426	0.00373
12	0.00554	0.00415	0.00623	0.00623	0.00692	0.00485	0.00485	0.00692	0.00623	0.00900	0.01038	0.01523	0.00969	0.02908	0.84839	0.00623	0.01038	0.00415	0.00208	0.00346
13	0.01050	0.83737	0.02000	0.00675	0.01002	0.04355	0.00666	0.01174	0.00798	0.00913	0.00541	0.00625	0.00498	0.00334	0.00252	0.00083	0.00424	0.00209	0.00167	0.00496
14	0.01231	0.13922	0.01228	0.00976	0.11170	0.00892	0.04145	0.08937	0.02876	0.30433	0.01110	0.07187	0.00875	0.00591	0.03334	0.00139	0.09668	0.00403	0.00322	0.00561
15	0.03555	0.00999	0.01101	0.00846	0.01152	0.01077	0.00699	0.65785	0.01663	0.17603	0.01033	0.00996	0.00709	0.00466	0.00385	0.00117	0.00406	0.00353	0.00401	0.00654
16	0.00848	0.00848	0.01187	0.01018	0.01018	0.01187	0.00848	0.00933	0.00594	0.00933	0.00509	0.00848	0.00509	0.00679	0.01272	0.00170	0.85666	0.00339	0.00170	0.00424
17	0.00551	0.00396	0.00539	0.00620	0.00682	0.00383	0.00491	0.00680	0.00837	0.01102	0.05845	0.39354	0.04601	0.01118	0.00512	0.00166	0.00288	0.41134	0.00361	0.00339
18	0.89114	0.00750	0.00570	0.00510	0.00750	0.00870	0.00420	0.01140	0.00660	0.01739	0.00540	0.00630	0.00420	0.00360	0.00240	0.00120	0.00300	0.00210	0.00240	0.00420
19	0.00848	0.00848	0.01187	0.01018	0.01018	0.01187	0.00848	0.00933	0.00594	0.00933	0.00509	0.00848	0.00509	0.00679	0.01272	0.00170	0.85666	0.00339	0.00170	0.00424
20	0.01739	0.00660	0.00900	0.00690	0.00990	0.00570	0.00570	0.01889	0.01110	0.84226	0.01529	0.01320	0.00960	0.00480	0.00390	0.00120	0.00330	0.00390	0.00480	0.00660
21	0.00732	0.00689	0.01163	0.85444	0.02670	0.00861	0.01077	0.00991	0.00775	0.00991	0.00689	0.01034	0.00517	0.00388	0.00388	0.00129	0.00517	0.00345	0.00172	0.00431
22	0.01391	0.01741	0.01067	0.00973	0.01169	0.77068	0.00730	0.01555	0.06488	0.00994	0.00704	0.03013	0.00599	0.00429	0.00356	0.00103	0.00661	0.00285	0.00217	0.00457
23	0.00554	0.00414	0.00614	0.00614	0.00680	0.00480	0.00473	0.00686	0.00620	0.00893	0.01047	0.01569	0.00989	0.06694	0.81080	0.00612	0.01008	0.00422	0.00209	0.00341
24	0.00547	0.00393	0.00513	0.00492	0.00576	0.00365	0.00365	0.00716	0.01052	0.01483	0.74381	0.07030	0.03474	0.04701	0.00529	0.00136	0.00197	0.02280	0.00413	0.00357
25	0.01296	0.00951	0.01025	0.00827	0.01099	0.01056	0.00670	0.48208	0.28661	0.07245	0.01193	0.01143	0.00863	0.00486	0.00386	0.00121	0.00373	0.00382	0.03381	0.00634
26	0.00883	0.00817	0.01113	0.00907	0.01143	0.02893	0.19266	0.06218	0.38170	0.01419	0.01730	0.01806	0.15155	0.04457	0.00493	0.00142	0.00388	0.02150	0.00330	0.00520
27	0.01036	0.86609	0.02032	0.00663	0.00995	0.01534	0.00663	0.01161	0.00788	0.00912	0.00539	0.00622	0.00498	0.00332	0.00249	0.00083	0.00415	0.00207	0.00166	0.00498
28	0.00471	0.00393	0.00410	0.00406	0.00531	0.00333	0.00304	0.00581	0.00913	0.01118	0.15070	0.03614	0.72613	0.00955	0.00458	0.00130	0.00194	0.00802	0.00369	0.00333
29	0.00664	0.00614	0.00542	0.00546	0.00658	0.13360	0.00406	0.01815	0.00904	0.01107	0.07207	0.21291	0.35580	0.00886	0.00437	0.00131	0.00290	0.05326	0.07882	0.00354
30	0.00732	0.00689	0.01163	0.85444	0.02670	0.00861	0.01077	0.00991	0.00775	0.00991	0.00689	0.01034	0.00517	0.00388	0.00388	0.00129	0.00517	0.00345	0.00172	0.00431
31	0.00732	0.00689	0.01163	0.85444	0.02670	0.00861	0.01077	0.00991	0.00775	0.00991	0.00689	0.01034	0.00517	0.00388	0.00388	0.00129	0.00517	0.00345	0.00172	0.00431
32	0.00476	0.00401	0.00414	0.00414	0.00540	0.00344	0.00309	0.00602	0.02788	0.01092	0.09047	0.06783	0.73520	0.00968	0.00458	0.00131	0.00199	0.00813	0.00365	0.00336
33	0.00549	0.00386	0.00512	0.00588	0.00641	0.00371	0.00438	0.00665	0.02101	0.02424	0.02126	0.53042	0.05445	0.04348	0.00558	0.00170	0.00271	0.24673	0.00357	0.00335
34	0.00907	0.00923	0.09095	0.22869	0.03630	0.00872	0.19688	0.12602	0.06860	0.03390	0.01050	0.03981	0.00894	0.00507	0.00425	0.00134	0.00491	0.10914	0.00261	0.00507
35	0.03031	0.57642	0.05495	0.00781	0.02077	0.02471	0.00735	0.02683	0.00768	0.00984	0.00562	0.00709	0.00513	0.00467	0.02413	0.00117	0.17646	0.00247	0.00174	0.00485
36	0.00563	0.00428	0.00636	0.00631	0.00697	0.00504	0.00491	0.00697	0.00621	0.00898	0.01026	0.01521	0.00963	0.04340	0.80835	0.00605	0.03574	0.00416	0.00207	0.00346
37	0.00560	0.00375	0.00429	0.00433	0.00435	0.00376	0.00246	0.00566	0.00573	0.00765	0.01255	0.06022	0.01447	0.80752	0.03944	0.00373	0.00386	0.00583	0.00239	0.00241
38	0.64943	0.04394	0.00806	0.02336	0.09776	0.05069	0.00560	0.02359	0.00736	0.02959	0.00587	0.00697	0.00464	0.00372	0.00296	0.00118	0.02604	0.00237	0.00233	0.00453
39	0.00583	0.00408	0.00571	0.00569	0.00624	0.00452	0.00417	0.00683	0.00624	0.02951	0.01140	0.05015	0.01145	0.24571	0.57870	0.00528	0.00817	0.00480	0.00227	0.00324
40	0.01097	0.40794	0.06716	0.02174	0.15276	0.21777	0.02348	0.01257	0.00878	0.01009	0.00601	0.00730	0.00520	0.00364	0.00340	0.00099	0.03076	0.00256	0.00179	0.00508

[dist]
# distance from previous block
# <min> <max>
0	13

[block]
# block no. 3 follows, 70 sequences, length 15
# corresponding to MSA columns:
# 181-195
name=unknown_D
#
# <colnr> <probs for GDERKNQSTAVLIFYWHMCP>
#	G	D	E	R	K	N	Q	S	T	A	V	L	I	F	Y	W	H	M	C	P
0	0.00458	0.00393	0.00393	0.00393	0.00524	0.00327	0.00295	0.00556	0.00884	0.01047	0.03927	0.03731	0.83800	0.00982	0.00458	0.00131	0.00196	0.00818	0.00360	0.00327
1	0.00458	0.00393	0.00393	0.00393	0.00524	0.00327	0.00295	0.00556	0.00884	0.01047	0.03927	0.03731	0.83800	0.00982	0.00458	0.00131	0.00196	0.00818	0.00360	0.00327
2	0.00574	0.03130	0.06800	0.00654	0.04694	0.00474	0.01778	0.02219	0.02516	0.01118	0.07287	0.34307	0.29276	0.00936	0.00455	0.00138	0.00271	0.02661	0.00334	0.00378
3	0.00918	0.00742	0.01206	0.57474	0.17048	0.00851	0.01025	0.04218	0.00873	0.10744	0.00803	0.01050	0.00591	0.00394	0.00387	0.00125	0.00482	0.00350	0.00220	0.00499
4	0.08405	0.00677	0.00873	0.00682	0.00972	0.00617	0.00561	0.01842	0.06128	0.72806	0.01456	0.01274	0.00932	0.00473	0.00379	0.00121	0.00326	0.00379	0.00456	0.00638
5	0.00732	0.00689	0.01163	0.85444	0.02670	0.00861	0.01077	0.00991	0.00775	0.00991	0.00689	0.01034	0.00517	0.00388	0.00388	0.00129	0.00517	0.00345	0.00172	0.00431
6	0.00862	0.00991	0.05843	0.18645	0.04502	0.00953	0.52971	0.01160	0.00864	0.01177	0.02253	0.01051	0.00621	0.00373	0.00489	0.00132	0.06005	0.00420	0.00192	0.00500
7	0.01058	0.01241	0.10677	0.02768	0.07853	0.15635	0.29546	0.12443	0.04777	0.01358	0.03032	0.00994	0.00678	0.00409	0.00460	0.00123	0.05806	0.00376	0.00232	0.00533
8	0.00720	0.00695	0.03680	0.13801	0.05407	0.00837	0.00769	0.00866	0.00653	0.00950	0.00767	0.01180	0.00710	0.04441	0.30680	0.00327	0.32552	0.00374	0.00187	0.00405
9	0.00477	0.00342	0.00446	0.00527	0.00552	0.00319	0.00350	0.00542	0.00736	0.00977	0.02146	0.77943	0.05488	0.06445	0.00584	0.00170	0.00233	0.01059	0.00352	0.00310
10	0.00513	0.00361	0.00449	0.00490	0.00516	0.00349	0.00316	0.00566	0.00692	0.00923	0.05265	0.42485	0.06543	0.33061	0.05460	0.00260	0.00321	0.00833	0.00308	0.00289
11	0.02943	0.21579	0.36251	0.00968	0.03792	0.08858	0.03996	0.03302	0.00897	0.09693	0.00821	0.00942	0.01912	0.00398	0.00347	0.00112	0.00502	0.01928	0.00216	0.00542
12	0.00846	0.03964	0.16327	0.08195	0.18243	0.06763	0.15938	0.01146	0.05633	0.01178	0.02342	0.11199	0.05503	0.00508	0.00407	0.00125	0.00481	0.00470	0.00230	0.00504
13	0.00634	0.00759	0.17670	0.02380	0.07159	0.00550	0.00631	0.00777	0.00669	0.00940	0.01091	0.08679	0.01133	0.34667	0.18120	0.02516	0.00546	0.00495	0.00219	0.00364
14	0.00785	0.00689	0.02413	0.20095	0.27323	0.00700	0.02616	0.01024	0.04102	0.04493	0.13402	0.12013	0.04047	0.00592	0.00420	0.00129	0.00385	0.04020	0.00274	0.00478

[dist]
# distance from previous block
# <min> <max>
11	18

[block]
# block no. 4 follows, 70 sequences, length 9
# corresponding to MSA columns:
# 214-222
name=unknown_E
#
# <colnr> <probs for GDERKNQSTAVLIFYWHMCP>
#	G	D	E	R	K	N	Q	S	T	A	V	L	I	F	Y	W	H	M	C	P
0	0.00871	0.00953	0.11412	0.11866	0.17020	0.04461	0.10397	0.03996	0.08378	0.03445	0.01069	0.08697	0.02639	0.05727	0.00496	0.00138	0.00452	0.01908	0.00246	0.05829
1	0.03350	0.18285	0.17440	0.02881	0.08070	0.03254	0.04734	0.07714	0.08041	0.10520	0.02582	0.08080	0.02453	0.00482	0.00366	0.00117	0.00426	0.00397	0.00269	0.00538
2	0.06572	0.00671	0.00840	0.00670	0.00929	0.00636	0.00544	0.10118	0.03216	0.55040	0.01511	0.01449	0.05920	0.04115	0.05810	0.00163	0.00376	0.00411	0.00420	0.00588
3	0.00596	0.00380	0.00490	0.00505	0.00529	0.00379	0.00331	0.03201	0.00668	0.00898	0.05465	0.25376	0.01602	0.28950	0.04960	0.24150	0.00344	0.00646	0.00265	0.00264
4	0.03291	0.02719	0.08949	0.07500	0.05490	0.04468	0.11836	0.08317	0.11477	0.08520	0.05206	0.09245	0.01073	0.06567	0.00544	0.00145	0.03399	0.00465	0.00287	0.00503
5	0.01168	0.04268	0.09886	0.00901	0.05573	0.02161	0.08077	0.08147	0.02373	0.30195	0.01297	0.02612	0.05846	0.02824	0.06732	0.03324	0.01930	0.01822	0.00325	0.00539
6	0.00639	0.00439	0.00622	0.00603	0.00670	0.00495	0.00455	0.00748	0.00640	0.05900	0.01084	0.01684	0.01038	0.19107	0.60225	0.00527	0.04111	0.00440	0.00228	0.00346
7	0.00792	0.00457	0.00563	0.00520	0.00649	0.00420	0.00388	0.00950	0.04746	0.18107	0.23274	0.12822	0.20187	0.07721	0.00600	0.03306	0.00248	0.00666	0.03181	0.00405
8	0.01031	0.02330	0.10310	0.12283	0.18913	0.08173	0.07288	0.07513	0.10918	0.08343	0.00930	0.03336	0.00730	0.00480	0.01853	0.00132	0.04260	0.00374	0.00255	0.00549

[dist]
# distance from previous block
# <min> <max>
15	48

[block]
# block no. 5 follows, 70 sequences, length 23
# corresponding to MSA columns:
# 285-307
name=unknown_F
#
# <colnr> <probs for GDERKNQSTAVLIFYWHMCP>
#	G	D	E	R	K	N	Q	S	T	A	V	L	I	F	Y	W	H	M	C	P
0	0.04656	0.02059	0.10058	0.04295	0.04310	0.00606	0.05484	0.01077	0.00860	0.12919	0.05128	0.09437	0.04113	0.00538	0.00396	0.01991	0.00349	0.03808	0.05117	0.22800
1	0.22949	0.03161	0.00932	0.04324	0.16372	0.00758	0.01981	0.08646	0.00929	0.14964	0.03839	0.14592	0.03885	0.00557	0.00369	0.00125	0.00345	0.00465	0.00307	0.00500
2	0.00914	0.21884	0.12305	0.02591	0.17941	0.01856	0.04984	0.04303	0.03019	0.05105	0.10964	0.03649	0.03973	0.00495	0.00375	0.00115	0.00412	0.04345	0.00255	0.00514
3	0.02529	0.13348	0.17603	0.16401	0.16625	0.03523	0.02305	0.05212	0.02143	0.12445	0.00861	0.03846	0.00673	0.00414	0.00365	0.00117	0.00464	0.00344	0.00238	0.00544
4	0.01073	0.28418	0.28251	0.00963	0.05250	0.14573	0.00951	0.07972	0.00955	0.04980	0.00725	0.00868	0.00580	0.00392	0.00335	0.00107	0.00509	0.02352	0.00209	0.00537
5	0.01113	0.04583	0.21251	0.00750	0.01128	0.00685	0.00745	0.03656	0.00940	0.27347	0.03267	0.01024	0.00760	0.00388	0.00345	0.00098	0.00377	0.00309	0.00300	0.30935
6	0.00938	0.00897	0.01522	0.08715	0.75560	0.00906	0.01162	0.01169	0.00872	0.01245	0.00725	0.00961	0.00606	0.00347	0.00382	0.00115	0.00460	0.00342	0.00191	0.02883
7	0.00579	0.00399	0.00476	0.00482	0.00537	0.00386	0.00324	0.00671	0.02880	0.03568	0.10988	0.16736	0.14424	0.37723	0.05937	0.00268	0.00336	0.02668	0.00310	0.00309
8	0.15534	0.07804	0.02392	0.02622	0.27316	0.06498	0.00756	0.04395	0.00871	0.03734	0.00744	0.03833	0.00633	0.00377	0.00328	0.00101	0.00395	0.00306	0.00228	0.21134
9	0.00601	0.00429	0.00597	0.00687	0.00766	0.00426	0.00583	0.00762	0.00869	0.01134	0.02066	0.17167	0.02283	0.01093	0.00529	0.00175	0.00336	0.68789	0.00357	0.00350
10	0.00794	0.00731	0.00986	0.04387	0.00971	0.03412	0.00717	0.03137	0.00654	0.00949	0.00729	0.01086	0.02450	0.01175	0.18166	0.08698	0.50017	0.00363	0.00189	0.00389
11	0.00663	0.00433	0.00531	0.00526	0.00621	0.00409	0.00380	0.02026	0.04483	0.09458	0.15208	0.28239	0.18154	0.11615	0.03925	0.00187	0.00282	0.02127	0.00363	0.00370
12	0.01217	0.05030	0.02797	0.04102	0.21825	0.11136	0.02564	0.15086	0.15541	0.14308	0.01008	0.01049	0.00748	0.00429	0.00388	0.00117	0.01409	0.00352	0.00303	0.00592
13	0.01412	0.00936	0.00959	0.00790	0.01052	0.11929	0.00631	0.16233	0.24281	0.33816	0.02983	0.01236	0.00963	0.00486	0.00387	0.00120	0.00386	0.00384	0.00401	0.00613
14	0.00919	0.00533	0.02976	0.00612	0.00769	0.00463	0.00490	0.04259	0.00975	0.25576	0.14358	0.27983	0.08358	0.00849	0.00452	0.00139	0.00279	0.09160	0.00401	0.00450
15	0.03816	0.11433	0.07022	0.16665	0.07055	0.06096	0.13523	0.07446	0.07807	0.03626	0.04881	0.01181	0.03106	0.02914	0.01692	0.00133	0.00479	0.00378	0.00243	0.00502
16	0.01161	0.04054	0.04022	0.19008	0.03813	0.09522	0.03054	0.13292	0.09831	0.18855	0.06202	0.01275	0.00948	0.00473	0.00390	0.00121	0.00436	0.02684	0.00317	0.00543
17	0.08554	0.00705	0.00848	0.00679	0.00943	0.00688	0.00553	0.12867	0.07917	0.49829	0.01371	0.04214	0.00952	0.00496	0.00372	0.00119	0.00323	0.00396	0.07575	0.00600
18	0.03364	0.00615	0.00770	0.10048	0.00995	0.03571	0.00570	0.05485	0.00906	0.17221	0.08321	0.16457	0.09731	0.03455	0.05879	0.00174	0.08994	0.02678	0.00328	0.00438
19	0.00975	0.10451	0.18094	0.07069	0.15320	0.02981	0.11726	0.05892	0.03998	0.08840	0.05260	0.03193	0.01974	0.02048	0.00414	0.00123	0.00468	0.00386	0.00247	0.00540
20	0.08688	0.00724	0.00898	0.00701	0.00989	0.00689	0.00577	0.12794	0.04065	0.61374	0.03524	0.01257	0.00954	0.00478	0.00379	0.00120	0.00336	0.00380	0.00444	0.00631
21	0.00506	0.00399	0.00534	0.00567	0.02006	0.00362	0.03754	0.00599	0.00814	0.01052	0.07633	0.46671	0.28252	0.01065	0.00505	0.02454	0.00239	0.01906	0.00349	0.00332
22	0.05773	0.00904	0.06700	0.04096	0.13770	0.05867	0.14084	0.05559	0.04996	0.13637	0.05192	0.06986	0.01691	0.02121	0.05926	0.00161	0.01297	0.00440	0.00282	0.00518

[dist]
# distance from previous block
# <min> <max>
2	34

[block]
# block no. 6 follows, 70 sequences, length 22
# corresponding to MSA columns:
# 342-363
name=unknown_G
#
# <colnr> <probs for GDERKNQSTAVLIFYWHMCP>
#	G	D	E	R	K	N	Q	S	T	A	V	L	I	F	Y	W	H	M	C	P
0	0.01936	0.00402	0.00473	0.00486	0.00528	0.00395	0.00315	0.02774	0.01721	0.02144	0.05972	0.27477	0.08107	0.41986	0.03362	0.00268	0.00323	0.00732	0.00301	0.00300
1	0.00526	0.00391	0.00496	0.00507	0.00566	0.00392	0.00360	0.00614	0.00737	0.00985	0.10923	0.18041	0.18884	0.19430	0.22711	0.01483	0.01656	0.00687	0.00296	0.00314
2	0.10400	0.15961	0.21651	0.00814	0.03066	0.06250	0.00786	0.05528	0.06572	0.05462	0.05667	0.05966	0.00882	0.00451	0.00342	0.00110	0.00413	0.00349	0.00252	0.09080
3	0.14207	0.04184	0.06861	0.03145	0.12964	0.04834	0.00715	0.06516	0.04662	0.27571	0.01116	0.08817	0.00880	0.00490	0.00367	0.00120	0.00382	0.00398	0.00324	0.01447
4	0.01157	0.00706	0.00786	0.00656	0.00866	0.04695	0.00521	0.18363	0.05933	0.25287	0.18621	0.04406	0.07330	0.00597	0.00399	0.00119	0.00310	0.00492	0.08230	0.00525
5	0.01097	0.10855	0.07670	0.04769	0.27882	0.02730	0.10920	0.19431	0.02395	0.05810	0.00863	0.00986	0.02046	0.00394	0.00378	0.00115	0.00473	0.00350	0.00252	0.00584
6	0.06397	0.58261	0.20634	0.00765	0.01145	0.01334	0.00827	0.04831	0.00833	0.01103	0.00592	0.00681	0.00499	0.00348	0.00282	0.00096	0.00444	0.00232	0.00180	0.00517
7	0.00582	0.00438	0.00524	0.00489	0.00614	0.00397	0.00369	0.00783	0.05251	0.03115	0.47754	0.06368	0.25184	0.00813	0.00445	0.00123	0.00204	0.00703	0.00394	0.05454
8	0.00590	0.00385	0.00497	0.00541	0.00598	0.00363	0.00377	0.00701	0.02836	0.06374	0.09661	0.57399	0.04602	0.07692	0.00593	0.00167	0.00245	0.04025	0.02009	0.00346
9	0.09922	0.00584	0.02372	0.03706	0.00843	0.00575	0.02000	0.10379	0.03019	0.08128	0.14962	0.28676	0.02783	0.00789	0.00426	0.00136	0.00293	0.06318	0.03663	0.00427
10	0.00791	0.00655	0.02455	0.01851	0.02848	0.00514	0.00496	0.02437	0.00847	0.04999	0.03759	0.10732	0.05786	0.00484	0.00344	0.00086	0.00291	0.02436	0.00272	0.57918
11	0.00726	0.00482	0.00651	0.00618	0.00709	0.00523	0.00469	0.06502	0.02913	0.07285	0.06532	0.11602	0.01309	0.07746	0.40047	0.07939	0.02786	0.00511	0.00275	0.00375
12	0.00470	0.00345	0.00442	0.00520	0.00557	0.00317	0.00351	0.00542	0.00762	0.00998	0.02383	0.74769	0.13758	0.01183	0.00490	0.00154	0.00221	0.01063	0.00360	0.00317
13	0.01059	0.81928	0.01980	0.00682	0.01006	0.06133	0.00668	0.01182	0.00805	0.00914	0.00542	0.00626	0.00498	0.00335	0.00254	0.00084	0.00430	0.00210	0.00168	0.00495
14	0.03256	0.01064	0.09095	0.04338	0.20791	0.05407	0.05311	0.25992	0.02056	0.06942	0.02920	0.01007	0.00709	0.00436	0.00442	0.00121	0.06277	0.00352	0.02911	0.00575
15	0.00717	0.00928	0.17878	0.06535	0.13956	0.00698	0.15695	0.00973	0.02900	0.01145	0.01371	0.28745	0.05449	0.00668	0.00434	0.00135	0.00428	0.00626	0.00254	0.00466
16	0.03444	0.00770	0.04501	0.02317	0.06917	0.07514	0.03785	0.10135	0.02568	0.01173	0.01060	0.11843	0.01030	0.09305	0.27062	0.00307	0.05123	0.00474	0.00248	0.00425
17	0.48534	0.00792	0.00927	0.06749	0.24841	0.00869	0.00698	0.04127	0.00796	0.04851	0.00680	0.00814	0.00530	0.00369	0.00303	0.00118	0.00363	0.00275	0.02872	0.00493
18	0.01279	0.06537	0.13940	0.03058	0.03417	0.01062	0.02891	0.41893	0.01344	0.12658	0.00903	0.00944	0.00645	0.00447	0.00433	0.00119	0.05906	0.00336	0.00320	0.01869
19	0.02915	0.00959	0.04506	0.04795	0.07833	0.01016	0.05268	0.23424	0.41544	0.01750	0.01196	0.01186	0.00891	0.00468	0.00391	0.00125	0.00390	0.00393	0.00343	0.00607
20	0.00570	0.00463	0.00603	0.00550	0.00677	0.00433	0.04904	0.00800	0.07288	0.01355	0.43442	0.06265	0.28386	0.00827	0.00455	0.00128	0.00227	0.01862	0.00387	0.00379
21	0.01038	0.17236	0.01148	0.06177	0.03941	0.15667	0.00673	0.09465	0.24901	0.01325	0.02590	0.05772	0.00927	0.00594	0.04149	0.00137	0.00448	0.00382	0.02916	0.00515

[dist]
# distance from previous block
# <min> <max>
0	2

[block]
# block no. 7 follows, 70 sequences, length 57
# corresponding to MSA columns:
# 366,367,369-380,403-439,442-447
name=unknown_H
#
# <colnr> <probs for GDERKNQSTAVLIFYWHMCP>
#	G	D	E	R	K	N	Q	S	T	A	V	L	I	F	Y	W	H	M	C	P
0	0.01024	0.76929	0.08081	0.00710	0.01051	0.03437	0.00725	0.01171	0.00794	0.00937	0.00551	0.00642	0.00497	0.00342	0.00277	0.00088	0.01861	0.00216	0.00167	0.00501
1	0.00793	0.00743	0.01126	0.01989	0.02521	0.00745	0.14573	0.00968	0.00751	0.01128	0.00737	0.02019	0.00646	0.00781	0.13085	0.00181	0.18896	0.00334	0.00208	0.37775
2	0.03165	0.02899	0.12577	0.00989	0.06835	0.02137	0.03443	0.29834	0.13517	0.16002	0.01043	0.01046	0.00745	0.00453	0.00413	0.00122	0.03476	0.00356	0.00336	0.00613
3	0.00493	0.00393	0.00445	0.00456	0.00565	0.00345	0.00347	0.00612	0.00912	0.01149	0.18729	0.11453	0.52890	0.00977	0.00469	0.00136	0.00212	0.08708	0.00372	0.00336
4	0.00613	0.00413	0.00467	0.00453	0.00471	0.00421	0.00268	0.04883	0.00630	0.00843	0.01194	0.02409	0.01349	0.78722	0.03681	0.01743	0.00392	0.00546	0.00241	0.00259
5	0.00862	0.00828	0.04448	0.39031	0.08915	0.00916	0.00907	0.03041	0.34143	0.01307	0.01057	0.01183	0.00796	0.00441	0.00389	0.00128	0.00428	0.00380	0.00268	0.00531
6	0.01087	0.23884	0.04493	0.05318	0.34075	0.02098	0.04037	0.10183	0.02187	0.07950	0.00775	0.00901	0.00613	0.00371	0.00351	0.00109	0.00449	0.00315	0.00231	0.00576
7	0.00504	0.00368	0.00479	0.00550	0.00588	0.00354	0.00375	0.00632	0.04925	0.01058	0.07642	0.74679	0.02540	0.01181	0.01994	0.00162	0.00241	0.01029	0.00363	0.00334
8	0.01188	0.00775	0.00892	0.00723	0.01000	0.00777	0.00578	0.08723	0.35416	0.24493	0.01314	0.01226	0.00943	0.00456	0.00369	0.00111	0.00319	0.00371	0.00381	0.19944
9	0.01276	0.00824	0.01302	0.05293	0.24613	0.00803	0.11858	0.09042	0.03740	0.33068	0.02400	0.02236	0.00833	0.00431	0.00400	0.00121	0.00424	0.00396	0.00332	0.00607
10	0.00763	0.00677	0.03397	0.11181	0.09514	0.04076	0.01700	0.03964	0.01684	0.03734	0.00936	0.01385	0.00849	0.11246	0.36988	0.00369	0.06507	0.00398	0.00218	0.00415
11	0.00639	0.00369	0.00539	0.00552	0.00577	0.00382	0.00399	0.00584	0.00584	0.00787	0.00961	0.01754	0.00982	0.05946	0.16997	0.55470	0.00473	0.11570	0.00205	0.00231
12	0.00778	0.02005	0.84367	0.01105	0.01678	0.00900	0.01432	0.01228	0.00818	0.01228	0.00696	0.00818	0.00491	0.00368	0.00368	0.00123	0.00573	0.00286	0.00164	0.00573
13	0.09701	0.20091	0.06905	0.05747	0.14192	0.09120	0.09037	0.04592	0.02040	0.11079	0.00765	0.00875	0.00589	0.00385	0.00374	0.00112	0.03325	0.00306	0.00233	0.00532
14	0.00938	0.09640	0.10140	0.25941	0.11417	0.00947	0.11873	0.08505	0.00924	0.06443	0.01729	0.05289	0.00711	0.00436	0.00417	0.00123	0.03400	0.00385	0.00227	0.00515
15	0.00562	0.00381	0.00450	0.00450	0.00459	0.00391	0.00269	0.00581	0.00572	0.00772	0.01197	0.02400	0.01350	0.75107	0.13160	0.00409	0.00465	0.00544	0.00231	0.00250
16	0.00845	0.08922	0.00799	0.00663	0.00775	0.18449	0.00502	0.00997	0.06560	0.01911	0.01272	0.06537	0.01338	0.30987	0.00964	0.00218	0.00431	0.17199	0.00266	0.00366
17	0.03527	0.18771	0.29323	0.03437	0.14444	0.06278	0.06280	0.04239	0.00886	0.05651	0.00712	0.00840	0.00549	0.00376	0.00378	0.00114	0.03147	0.00297	0.00201	0.00548
18	0.01043	0.82982	0.03443	0.00677	0.01012	0.01515	0.00679	0.03215	0.00814	0.00956	0.00552	0.00633	0.00501	0.00336	0.00254	0.00084	0.00418	0.00212	0.00171	0.00503
19	0.00649	0.00448	0.00625	0.00703	0.00796	0.00444	0.00610	0.00824	0.00899	0.03402	0.04015	0.06475	0.02240	0.01052	0.00529	0.00175	0.00348	0.75039	0.00362	0.00364
20	0.03405	0.15336	0.08023	0.14994	0.07016	0.00903	0.06737	0.03975	0.00938	0.28970	0.01860	0.01988	0.00730	0.00424	0.00393	0.00118	0.02998	0.00349	0.00290	0.00554
21	0.01190	0.06037	0.02637	0.19741	0.10875	0.03356	0.00775	0.07702	0.03894	0.28980	0.03311	0.03483	0.00868	0.00460	0.00388	0.00119	0.01360	0.00382	0.03888	0.00552
22	0.00472	0.00337	0.00450	0.00540	0.00562	0.00315	0.00360	0.00540	0.00742	0.00990	0.02137	0.86122	0.02564	0.01215	0.00495	0.00157	0.00225	0.01102	0.00360	0.00315
23	0.03801	0.01662	0.01102	0.06505	0.02713	0.69918	0.00774	0.02838	0.01048	0.01004	0.00607	0.00735	0.00503	0.00412	0.00397	0.00106	0.04960	0.00263	0.00201	0.00453
24	0.00573	0.00431	0.00522	0.00492	0.00588	0.02458	0.00369	0.00750	0.01078	0.01513	0.75259	0.02829	0.07078	0.00779	0.00448	0.00121	0.00196	0.00683	0.03468	0.00366
25	0.00573	0.00603	0.09730	0.15587	0.02151	0.00498	0.01595	0.00729	0.00776	0.01044	0.03458	0.53533	0.01936	0.00939	0.00462	0.00148	0.00328	0.05234	0.00303	0.00373
26	0.00876	0.13930	0.10282	0.17248	0.03803	0.00815	0.00750	0.03786	0.00839	0.04088	0.00717	0.00881	0.00576	0.01390	0.01623	0.00101	0.00406	0.00275	0.00214	0.37400
27	0.00837	0.00689	0.00805	0.00579	0.00918	0.00526	0.00464	0.02143	0.00827	0.03517	0.00723	0.00829	0.00592	0.00297	0.00291	0.00060	0.00289	0.00238	0.01512	0.83866
28	0.01078	0.54723	0.01639	0.00726	0.01026	0.02755	0.00662	0.11023	0.20478	0.01262	0.00833	0.00855	0.00679	0.00395	0.00301	0.00099	0.00395	0.00280	0.00247	0.00543
29	0.00737	0.03253	0.06576	0.00758	0.07146	0.00617	0.01661	0.01103	0.16869	0.04902	0.35840	0.03113	0.12626	0.00696	0.01421	0.00130	0.01154	0.00575	0.00361	0.00460
30	0.00615	0.00494	0.00583	0.00571	0.00686	0.00498	0.01415	0.00974	0.21158	0.01301	0.22713	0.26512	0.19215	0.00881	0.00453	0.00136	0.00234	0.00772	0.00383	0.00406
31	0.00952	0.00820	0.00866	0.00780	0.00995	0.00946	0.00606	0.02020	0.80781	0.01620	0.04054	0.01490	0.01258	0.00534	0.00396	0.00131	0.00303	0.00446	0.00395	0.00606
32	0.00741	0.00698	0.01179	0.82084	0.05958	0.00864	0.01081	0.00999	0.00780	0.01002	0.00691	0.01031	0.00521	0.00386	0.00387	0.00129	0.00515	0.00345	0.00173	0.00438
33	0.00590	0.00405	0.00532	0.00495	0.00594	0.00373	0.00373	0.00772	0.01098	0.04439	0.80883	0.02841	0.03564	0.00782	0.00455	0.00122	0.00188	0.00690	0.00429	0.00376
34	0.01187	0.00944	0.01002	0.00834	0.01093	0.01068	0.00668	0.37321	0.47633	0.01981	0.01295	0.01221	0.00954	0.00499	0.00392	0.00125	0.00359	0.00399	0.00392	0.00634
35	0.00845	0.06470	0.72164	0.01050	0.01582	0.00932	0.01316	0.02790	0.04180	0.04065	0.00756	0.00852	0.00538	0.00378	0.00364	0.00121	0.00543	0.00293	0.00188	0.00575
36	0.00567	0.00429	0.00624	0.00617	0.00676	0.00501	0.00472	0.00688	0.00615	0.00885	0.01037	0.01605	0.00998	0.11801	0.72540	0.00578	0.04390	0.00428	0.00209	0.00337
37	0.10452	0.00451	0.00503	0.00474	0.00598	0.00433	0.00363	0.02713	0.00997	0.01447	0.47254	0.02820	0.25551	0.00786	0.00429	0.00124	0.00208	0.01816	0.02213	0.00368
38	0.00865	0.06100	0.05408	0.00703	0.03505	0.00652	0.02542	0.04332	0.00855	0.02541	0.00706	0.00817	0.00576	0.00307	0.00302	0.00069	0.00331	0.00248	0.00230	0.68911
39	0.00843	0.07094	0.50392	0.01288	0.06112	0.00970	0.23631	0.01219	0.00842	0.01207	0.00708	0.00876	0.00525	0.00360	0.00405	0.00123	0.02344	0.00333	0.00174	0.00553
40	0.00495	0.00443	0.00420	0.00416	0.00548	0.03220	0.00312	0.00595	0.00897	0.01058	0.06044	0.03604	0.78709	0.00957	0.00454	0.00130	0.00213	0.00795	0.00356	0.00333
41	0.00725	0.00472	0.01956	0.00511	0.00657	0.00407	0.00403	0.00897	0.02329	0.14697	0.43861	0.02843	0.26224	0.00789	0.00445	0.00125	0.00221	0.01618	0.00410	0.00409
42	0.01115	0.26193	0.14950	0.02710	0.05099	0.02908	0.08172	0.11250	0.09461	0.12201	0.01821	0.00957	0.00697	0.00401	0.00351	0.00111	0.00449	0.00323	0.00265	0.00566
43	0.00565	0.00383	0.00456	0.00459	0.00471	0.00392	0.00281	0.00589	0.00583	0.00785	0.01227	0.02469	0.01381	0.72528	0.12716	0.00401	0.00461	0.03363	0.00236	0.00254
44	0.00574	0.00452	0.00527	0.00497	0.00599	0.03316	0.00373	0.00756	0.02188	0.01469	0.69473	0.02907	0.13815	0.00800	0.00453	0.00122	0.00204	0.00697	0.00410	0.00367
45	0.02336	0.14383	0.32985	0.01336	0.17062	0.02133	0.15191	0.03456	0.00879	0.04348	0.00725	0.00872	0.00553	0.00363	0.00381	0.00117	0.01806	0.00320	0.00195	0.00560
46	0.08144	0.01839	0.01480	0.18352	0.36953	0.00927	0.16071	0.01240	0.08814	0.01277	0.00796	0.01006	0.00628	0.00369	0.00386	0.00122	0.00479	0.00362	0.00212	0.00544
47	0.00466	0.00389	0.00406	0.00409	0.00530	0.00329	0.00304	0.00568	0.00890	0.01080	0.09590	0.09104	0.72639	0.00983	0.00461	0.00132	0.00197	0.00828	0.00365	0.00329
48	0.00521	0.00419	0.00526	0.00497	0.00615	0.00372	0.03289	0.00667	0.00972	0.01273	0.37452	0.05421	0.40888	0.00889	0.00462	0.00130	0.00216	0.04657	0.00382	0.00352
49	0.06009	0.26047	0.12270	0.01089	0.11371	0.04779	0.10699	0.10213	0.02030	0.09290	0.00766	0.00859	0.00589	0.00380	0.00360	0.00110	0.02048	0.00305	0.00236	0.00552
50	0.01210	0.01422	0.01245	0.09641	0.25013	0.48636	0.00912	0.01362	0.00981	0.01043	0.00641	0.00813	0.00534	0.00396	0.00407	0.00110	0.04655	0.00291	0.00193	0.00494
51	0.84565	0.00753	0.00608	0.00572	0.03346	0.00865	0.00447	0.01157	0.00676	0.03427	0.00566	0.00654	0.00437	0.00362	0.00247	0.00120	0.00306	0.00218	0.00243	0.00431
52	0.00590	0.00416	0.00531	0.00525	0.00565	0.00446	0.00360	0.03482	0.00641	0.00882	0.01180	0.04630	0.01258	0.46928	0.34246	0.00454	0.00632	0.01703	0.00235	0.00297
53	0.13305	0.00672	0.00856	0.00666	0.00958	0.00609	0.00550	0.01790	0.01050	0.73307	0.01398	0.01228	0.00888	0.00464	0.00370	0.00120	0.00326	0.00366	0.00448	0.00628
54	0.00554	0.00415	0.00623	0.00623	0.00692	0.00485	0.00485	0.00692	0.00623	0.00900	0.01038	0.01523	0.00969	0.02908	0.84839	0.00623	0.01038	0.00415	0.00208	0.00346
55	0.01046	0.01198	0.33064	0.04289	0.02474	0.00747	0.00912	0.09293	0.01015	0.20601	0.10563	0.01196	0.00996	0.00444	0.00377	0.00114	0.00421	0.00361	0.00298	0.10591
56	0.03418	0.01947	0.01922	0.00759	0.00991	0.02150	0.00611	0.12783	0.40822	0.17157	0.07842	0.01417	0.01201	0.02058	0.00446	0.00131	0.02946	0.00423	0.00390	0.00587

[dist]
# distance from previous block
# <min> <max>
3	8

[block]
# block no. 8 follows, 70 sequences, length 10
# corresponding to MSA columns:
# 456-465
name=unknown_I
#
# <colnr> <probs for GDERKNQSTAVLIFYWHMCP>
#	G	D	E	R	K	N	Q	S	T	A	V	L	I	F	Y	W	H	M	C	P
0	0.00540	0.00396	0.00506	0.00479	0.00574	0.00362	0.00359	0.00715	0.01077	0.01506	0.76038	0.02977	0.11403	0.00811	0.00457	0.00123	0.00184	0.00712	0.00420	0.00362
1	0.00571	0.00404	0.00606	0.00606	0.00666	0.00464	0.00464	0.00666	0.00606	0.00868	0.00987	0.01474	0.00928	0.02688	0.73104	0.13031	0.00940	0.00404	0.00202	0.00321
2	0.00563	0.00379	0.00441	0.00441	0.00447	0.00386	0.00258	0.00575	0.00569	0.00765	0.01205	0.02445	0.01369	0.78769	0.09525	0.00398	0.00436	0.00550	0.00232	0.00245
3	0.01101	0.76427	0.01910	0.00687	0.01008	0.07058	0.00664	0.01225	0.00825	0.05285	0.00595	0.00664	0.00522	0.00344	0.00263	0.00086	0.00429	0.00220	0.00185	0.00503
4	0.00732	0.00628	0.00686	0.00673	0.04074	0.00664	0.00492	0.01328	0.40864	0.01384	0.10383	0.02432	0.32669	0.00717	0.00424	0.00130	0.00259	0.00604	0.00377	0.00481
5	0.02217	0.02380	0.03103	0.05729	0.08172	0.04624	0.07438	0.10509	0.12568	0.17839	0.11485	0.07259	0.03860	0.00550	0.00406	0.00124	0.00381	0.00477	0.00344	0.00537
6	0.02909	0.00791	0.01198	0.04030	0.18909	0.02547	0.09720	0.02936	0.02595	0.46886	0.01197	0.01176	0.00811	0.00427	0.00390	0.00120	0.00406	0.00380	0.01960	0.00612
7	0.00588	0.00402	0.00492	0.00482	0.00489	0.00428	0.00302	0.00591	0.00566	0.00769	0.01115	0.02222	0.01250	0.65834	0.09907	0.08440	0.05134	0.00516	0.00223	0.00250
8	0.00912	0.38344	0.41085	0.04127	0.01415	0.03812	0.03106	0.01200	0.00815	0.01074	0.00627	0.00744	0.00498	0.00353	0.00319	0.00105	0.00509	0.00258	0.00167	0.00530
9	0.20130	0.02278	0.03545	0.05517	0.21405	0.06147	0.04248	0.11567	0.03622	0.10222	0.00797	0.00912	0.00606	0.00414	0.00421	0.00122	0.06926	0.00319	0.00261	0.00542

[dist]
# distance from previous block
# <min> <max>
0	25

[block]
# block no. 9 follows, 70 sequences, length 16
# corresponding to MSA columns:
# 491-504,507,508
name=unknown_J
#
# <colnr> <probs for GDERKNQSTAVLIFYWHMCP>
#	G	D	E	R	K	N	Q	S	T	A	V	L	I	F	Y	W	H	M	C	P
0	0.47347	0.02920	0.05462	0.02506	0.11494	0.09519	0.01690	0.04439	0.00808	0.03686	0.00671	0.00787	0.01629	0.00396	0.00353	0.00120	0.05203	0.00267	0.00232	0.00474
1	0.04133	0.01035	0.01104	0.00965	0.01019	0.19440	0.00781	0.01055	0.00709	0.00962	0.00587	0.02451	0.00572	0.02654	0.02609	0.00166	0.58818	0.00336	0.00185	0.00422
2	0.01021	0.15078	0.03212	0.00871	0.03550	0.05017	0.07147	0.10570	0.14032	0.05907	0.02420	0.01089	0.00792	0.04011	0.02930	0.00138	0.09425	0.00348	0.02707	0.09734
3	0.00554	0.00415	0.00623	0.00623	0.00692	0.00485	0.00485	0.00692	0.00623	0.00900	0.01038	0.01523	0.00969	0.02908	0.84839	0.00623	0.01038	0.00415	0.00208	0.00346
4	0.06897	0.00666	0.00876	0.00675	0.00973	0.00586	0.00557	0.01809	0.01071	0.76107	0.01438	0.01259	0.00913	0.00465	0.00377	0.00118	0.00326	0.00373	0.00456	0.04059
5	0.00884	0.00844	0.01437	0.29979	0.56948	0.00901	0.01152	0.01124	0.00847	0.01175	0.00716	0.00984	0.00582	0.00359	0.00385	0.00120	0.00479	0.00345	0.00185	0.00553
6	0.00536	0.00391	0.00457	0.00526	0.00567	0.03029	0.00358	0.00621	0.00768	0.01050	0.02032	0.69461	0.05001	0.01080	0.00459	0.00146	0.00233	0.00968	0.11991	0.00326
7	0.00867	0.01207	0.25537	0.15887	0.06055	0.00894	0.29940	0.04995	0.00907	0.03492	0.00953	0.01135	0.05509	0.00400	0.00411	0.00126	0.00550	0.00397	0.00209	0.00525
8	0.00804	0.00689	0.00804	0.00574	0.00919	0.00517	0.00459	0.00976	0.00804	0.01263	0.00689	0.00804	0.00574	0.00287	0.00287	0.00057	0.00287	0.00230	0.00230	0.88745
9	0.05186	0.08192	0.08450	0.00590	0.00697	0.00554	0.00488	0.03443	0.00614	0.00864	0.00672	0.01066	0.00633	0.01116	0.02756	0.63536	0.00380	0.00316	0.00179	0.00268
10	0.01422	0.04722	0.01142	0.00918	0.01170	0.41214	0.00726	0.38253	0.01406	0.01639	0.00767	0.00823	0.00587	0.00428	0.00361	0.00106	0.00549	0.00296	0.02925	0.00544
11	0.00938	0.00870	0.06271	0.34151	0.39580	0.00862	0.01100	0.01184	0.00860	0.09314	0.00790	0.01015	0.00603	0.00376	0.00385	0.00121	0.00476	0.00346	0.00211	0.00545
12	0.50214	0.01081	0.00799	0.00703	0.00932	0.23990	0.00558	0.07687	0.03674	0.03830	0.00648	0.00725	0.00504	0.00397	0.00321	0.00116	0.02862	0.00248	0.00250	0.00460
13	0.01126	0.36091	0.01562	0.00913	0.03113	0.26298	0.07270	0.05278	0.00942	0.01063	0.03876	0.00859	0.01970	0.00416	0.00404	0.00104	0.07738	0.00290	0.00204	0.00482
14	0.09798	0.00755	0.03218	0.10805	0.23296	0.02133	0.02488	0.02620	0.08303	0.08879	0.03933	0.14828	0.01173	0.00582	0.00401	0.00130	0.00382	0.05489	0.00287	0.00501
15	0.08746	0.16838	0.17419	0.01043	0.13405	0.02328	0.00868	0.12882	0.01008	0.18176	0.00854	0.00903	0.00624	0.00403	0.00370	0.00114	0.02869	0.00305	0.00271	0.00576

[dist]
# distance from previous block
# <min> <max>
0	4

[block]
# block no. 10 follows, 70 sequences, length 6
# corresponding to MSA columns:
# 513-518
name=unknown_K
#
# <colnr> <probs for GDERKNQSTAVLIFYWHMCP>
#	G	D	E	R	K	N	Q	S	T	A	V	L	I	F	Y	W	H	M	C	P
0	0.51321	0.13561	0.00860	0.00558	0.00838	0.00874	0.00474	0.01155	0.00739	0.06757	0.00635	0.00710	0.00499	0.00348	0.00261	0.00101	0.00316	0.00225	0.00242	0.19527
1	0.01000	0.25509	0.43326	0.00935	0.01384	0.01143	0.01067	0.18801	0.01027	0.01402	0.00703	0.00788	0.00529	0.00379	0.00339	0.00110	0.00497	0.00278	0.00213	0.00570
2	0.58658	0.00833	0.00738	0.00629	0.00881	0.00954	0.00514	0.18871	0.11709	0.01876	0.00760	0.00802	0.00571	0.00404	0.00292	0.00121	0.00328	0.00270	0.00292	0.00497
3	0.16382	0.04174	0.01024	0.00769	0.01061	0.04064	0.00637	0.41445	0.01372	0.23819	0.00996	0.00962	0.00686	0.00444	0.00357	0.00116	0.00389	0.00327	0.00372	0.00605
4	0.00939	0.00565	0.00700	0.00629	0.00797	0.00529	0.00475	0.13160	0.00991	0.19223	0.01636	0.43920	0.01673	0.00823	0.00429	0.00130	0.00286	0.00722	0.00373	0.12002
5	0.03659	0.00846	0.01122	0.13768	0.19194	0.00904	0.00814	0.23442	0.10809	0.15554	0.03123	0.01189	0.02915	0.00456	0.00387	0.00121	0.00402	0.00382	0.00326	0.00588

[dist]
# distance from previous block
# <min> <max>
1	16

[block]
# block no. 11 follows, 70 sequences, length 75
# corresponding to MSA columns:
# 535-547,551-559,565-617
name=unknown_L
#
# <colnr> <probs for GDERKNQSTAVLIFYWHMCP>
#	G	D	E	R	K	N	Q	S	T	A	V	L	I	F	Y	W	H	M	C	P
0	0.49719	0.00969	0.12479	0.00707	0.02502	0.02230	0.00635	0.10130	0.06198	0.02677	0.03168	0.00908	0.01984	0.01711	0.00352	0.00126	0.02472	0.00289	0.00262	0.00481
1	0.00947	0.00914	0.01575	0.06305	0.77643	0.00920	0.03618	0.01182	0.00879	0.01253	0.00729	0.00966	0.00609	0.00347	0.00386	0.00116	0.00469	0.00349	0.00191	0.00603
2	0.00807	0.00765	0.01306	0.49860	0.29565	0.00867	0.03790	0.01044	0.00807	0.01085	0.00744	0.03446	0.00613	0.00415	0.00424	0.01535	0.01885	0.00370	0.00185	0.00487
3	0.08318	0.01175	0.01088	0.07193	0.01264	0.19569	0.00731	0.47945	0.01455	0.06308	0.00841	0.00884	0.00611	0.00438	0.00368	0.00114	0.00478	0.00318	0.00323	0.00577
4	0.02508	0.05647	0.03342	0.03194	0.05321	0.02841	0.00620	0.09061	0.03293	0.26281	0.01060	0.01062	0.02799	0.00401	0.00344	0.00096	0.00353	0.00320	0.00318	0.31139
5	0.22859	0.01072	0.02198	0.00795	0.01070	0.16596	0.02164	0.28457	0.01227	0.18637	0.00890	0.00894	0.00629	0.00426	0.00346	0.00115	0.00433	0.00306	0.00329	0.00558
