[name]
unknown

[dist]
# distance from previous block
# <min> <max>
0	83

[block]
# block no. 0 follows, 67 sequences, length 45
# corresponding to MSA columns:
# 93-116,118-138
name=unknown_A
#
# <colnr> <probs for GDERKNQSTAVLIFYWHMCP>
#	G	D	E	R	K	N	Q	S	T	A	V	L	I	F	Y	W	H	M	C	P
0	0.00579	0.00436	0.00553	0.00608	0.00708	0.00414	0.00499	0.00741	0.02184	0.01177	0.07344	0.13188	0.26353	0.01072	0.00519	0.00164	0.00294	0.42433	0.00375	0.00360
1	0.01279	0.50044	0.08312	0.00753	0.01101	0.04896	0.00731	0.03974	0.00955	0.23222	0.00861	0.00867	0.00648	0.00395	0.00316	0.00101	0.00432	0.00278	0.00267	0.00569
2	0.00877	0.01409	0.39022	0.01295	0.19891	0.00870	0.01127	0.01323	0.11370	0.01338	0.00843	0.00960	0.00645	0.00381	0.00372	0.00114	0.00475	0.00319	0.00219	0.17150
3	0.08033	0.09204	0.47560	0.01104	0.07037	0.09622	0.01159	0.02362	0.06525	0.01296	0.00747	0.00857	0.00564	0.00397	0.00376	0.00121	0.01975	0.00296	0.00201	0.00564
4	0.00574	0.00426	0.00628	0.00628	0.00694	0.00492	0.00480	0.00705	0.00640	0.00919	0.01090	0.01660	0.01039	0.09698	0.77677	0.00624	0.01019	0.00442	0.00217	0.00349
5	0.01072	0.86147	0.02102	0.00686	0.01029	0.01587	0.00686	0.01201	0.00815	0.00944	0.00558	0.00643	0.00515	0.00343	0.00257	0.00086	0.00429	0.00214	0.00172	0.00515
6	0.00636	0.00426	0.00563	0.00525	0.00629	0.00400	0.00397	0.00815	0.01081	0.06134	0.69044	0.02791	0.04464	0.02720	0.07432	0.00174	0.00275	0.00682	0.00421	0.00390
7	0.00506	0.00406	0.00452	0.00445	0.00563	0.00352	0.00332	0.00637	0.00985	0.01260	0.30939	0.06278	0.53519	0.00957	0.00475	0.00133	0.00199	0.00815	0.00396	0.00352
8	0.00552	0.00409	0.00515	0.00489	0.00590	0.00372	0.00366	0.00727	0.01099	0.01523	0.70331	0.03136	0.16698	0.00852	0.00473	0.00128	0.00191	0.00745	0.00430	0.00372
9	0.00506	0.00362	0.00486	0.00579	0.00610	0.00341	0.00403	0.00589	0.00785	0.01044	0.02201	0.76542	0.02614	0.01240	0.00517	0.00165	0.00248	0.10068	0.00372	0.00331
10	0.88738	0.00776	0.00589	0.00527	0.00776	0.00900	0.00434	0.01179	0.00683	0.01799	0.00558	0.00651	0.00434	0.00372	0.00248	0.00124	0.00310	0.00217	0.00248	0.00434
11	0.00998	0.00862	0.00907	0.00816	0.01043	0.00998	0.00635	0.02131	0.82679	0.01678	0.01632	0.01496	0.01224	0.00544	0.00408	0.00136	0.00317	0.00453	0.00408	0.00635
12	0.88738	0.00776	0.00589	0.00527	0.00776	0.00900	0.00434	0.01179	0.00683	0.01799	0.00558	0.00651	0.00434	0.00372	0.00248	0.00124	0.00310	0.00217	0.00248	0.00434
13	0.00492	0.00357	0.00464	0.00542	0.00579	0.00330	0.00367	0.00571	0.00801	0.01062	0.06914	0.74010	0.09609	0.01211	0.00506	0.00158	0.00228	0.01092	0.00376	0.00330
14	0.01006	0.00872	0.00962	0.00932	0.06733	0.00999	0.00678	0.03403	0.75685	0.01666	0.01561	0.01453	0.01175	0.00530	0.00407	0.00135	0.00330	0.00445	0.00393	0.00636
15	0.00804	0.02074	0.83828	0.01143	0.01736	0.00931	0.01482	0.01270	0.00847	0.01270	0.00720	0.00847	0.00508	0.00381	0.00381	0.00127	0.00593	0.00296	0.00169	0.00593
16	0.00768	0.00413	0.00417	0.00409	0.00514	0.00424	0.00309	0.01031	0.07445	0.01510	0.01334	0.01495	0.01044	0.00473	0.00291	0.00097	0.00197	0.00380	0.81053	0.00395
17	0.00501	0.00406	0.00445	0.00439	0.00559	0.00350	0.00328	0.00628	0.00974	0.01234	0.26911	0.05657	0.58234	0.00965	0.00475	0.00133	0.00200	0.00819	0.00392	0.00350
18	0.00489	0.00349	0.00465	0.00558	0.00582	0.00326	0.00372	0.00558	0.00768	0.01024	0.02210	0.85644	0.02653	0.01256	0.00512	0.00163	0.00233	0.01140	0.00372	0.00326
19	0.01525	0.01123	0.01204	0.00923	0.01244	0.01244	0.00762	0.82067	0.01886	0.02528	0.00963	0.00963	0.00682	0.00481	0.00401	0.00120	0.00441	0.00361	0.00401	0.00682
20	0.83859	0.00770	0.00609	0.00538	0.00790	0.00882	0.00443	0.01222	0.00709	0.06395	0.00616	0.00692	0.00466	0.00379	0.00257	0.00124	0.00312	0.00228	0.00262	0.00448
21	0.00522	0.00379	0.00492	0.00525	0.00587	0.00349	0.00370	0.00646	0.00937	0.01281	0.37469	0.44346	0.08503	0.01051	0.00493	0.00145	0.00212	0.00941	0.00402	0.00349
22	0.00501	0.00358	0.00480	0.00573	0.00602	0.00337	0.00394	0.00580	0.00780	0.01038	0.02203	0.79097	0.02625	0.01244	0.00515	0.00165	0.00244	0.07561	0.00372	0.00329
23	0.01525	0.01123	0.01204	0.00923	0.01244	0.01244	0.00762	0.82067	0.01886	0.02528	0.00963	0.00963	0.00682	0.00481	0.00401	0.00120	0.00441	0.00361	0.00401	0.00682
24	0.00612	0.00427	0.00562	0.00539	0.01882	0.00393	0.00396	0.00799	0.01126	0.04311	0.77015	0.02935	0.05859	0.00808	0.00470	0.00126	0.00199	0.00712	0.00438	0.00391
25	0.00956	0.26314	0.25907	0.01467	0.26055	0.01140	0.10335	0.01240	0.00869	0.01188	0.00693	0.00858	0.00560	0.00358	0.00360	0.00113	0.00519	0.00311	0.00183	0.00577
26	0.84898	0.00826	0.00614	0.00550	0.00796	0.04571	0.00449	0.01197	0.00703	0.01763	0.00561	0.00655	0.00438	0.00374	0.00253	0.00123	0.00328	0.00219	0.00246	0.00436
27	0.00995	0.00981	0.01663	0.03481	0.71921	0.02944	0.07893	0.01236	0.00914	0.01289	0.00751	0.00992	0.00627	0.00365	0.00421	0.00121	0.02226	0.00364	0.00198	0.00617
28	0.00974	0.00934	0.01594	0.09118	0.76896	0.00948	0.01221	0.01214	0.00904	0.01287	0.00751	0.00999	0.00627	0.00361	0.00397	0.00120	0.00481	0.00357	0.00197	0.00620
29	0.00568	0.00410	0.00536	0.00505	0.00599	0.00378	0.00378	0.00757	0.01135	0.01608	0.83192	0.02996	0.03784	0.00820	0.00473	0.00126	0.00189	0.00725	0.00441	0.00378
30	0.00489	0.00349	0.00465	0.00558	0.00582	0.00326	0.00372	0.00558	0.00768	0.01024	0.02210	0.85644	0.02653	0.01256	0.00512	0.00163	0.00233	0.01140	0.00372	0.00326
31	0.00877	0.00877	0.01228	0.01053	0.01053	0.01228	0.00877	0.00965	0.00614	0.00965	0.00526	0.00877	0.00526	0.00702	0.01316	0.00175	0.85172	0.00351	0.00175	0.00439
32	0.00518	0.00415	0.00470	0.00498	0.00613	0.00367	0.00391	0.00638	0.00911	0.01121	0.05677	0.10302	0.56042	0.01050	0.00495	0.00149	0.00244	0.19380	0.00374	0.00346
33	0.01072	0.86147	0.02102	0.00686	0.01029	0.01587	0.00686	0.01201	0.00815	0.00944	0.00558	0.00643	0.00515	0.00343	0.00257	0.00086	0.00429	0.00214	0.00172	0.00515
34	0.00860	0.00787	0.01276	0.63944	0.16540	0.00930	0.01106	0.07600	0.00909	0.01195	0.00740	0.01047	0.00564	0.00400	0.00400	0.00130	0.00517	0.00357	0.00200	0.00497
35	0.06255	0.01637	0.01417	0.01171	0.01431	0.58512	0.21324	0.01497	0.01063	0.01104	0.00665	0.00810	0.00535	0.00392	0.00384	0.00113	0.00688	0.00310	0.00208	0.00482
36	0.01112	0.67970	0.01959	0.00774	0.01113	0.05133	0.05250	0.07743	0.00923	0.01104	0.00612	0.00703	0.00536	0.00356	0.00287	0.00091	0.00452	0.00244	0.00196	0.03441
37	0.00712	0.00629	0.00888	0.00806	0.00841	0.00816	0.00646	0.00821	0.00654	0.00973	0.05449	0.01418	0.00977	0.08099	0.35729	0.00383	0.39140	0.00422	0.00212	0.00387
38	0.00573	0.00430	0.00645	0.00645	0.00716	0.00501	0.00501	0.00716	0.00645	0.00931	0.01074	0.01576	0.01003	0.03008	0.84316	0.00645	0.01074	0.00430	0.00215	0.00358
39	0.88738	0.00776	0.00589	0.00527	0.00776	0.00900	0.00434	0.01179	0.00683	0.01799	0.00558	0.00651	0.00434	0.00372	0.00248	0.00124	0.00310	0.00217	0.00248	0.00434
40	0.83888	0.00770	0.00608	0.00538	0.00789	0.00882	0.00443	0.01222	0.00708	0.06368	0.00616	0.00691	0.00465	0.00379	0.00257	0.00124	0.00312	0.00228	0.00262	0.00448
41	0.00850	0.11061	0.71020	0.01063	0.01609	0.00979	0.01344	0.01265	0.00849	0.02769	0.00736	0.00854	0.00533	0.00382	0.00365	0.00122	0.00558	0.00292	0.02770	0.00580
42	0.11101	0.00890	0.01006	0.00802	0.01085	0.00944	0.00663	0.37385	0.04985	0.27945	0.01196	0.01277	0.00864	0.00519	0.00421	0.00128	0.02884	0.04872	0.00406	0.00628
43	0.01776	0.00698	0.00938	0.00721	0.01030	0.00615	0.00595	0.04192	0.02718	0.79860	0.01566	0.01356	0.00988	0.00497	0.00403	0.00124	0.00344	0.00403	0.00492	0.00682
44	0.01509	0.01116	0.01195	0.00920	0.01238	0.01236	0.00759	0.79709	0.04268	0.02502	0.00983	0.00979	0.00698	0.00483	0.00401	0.00121	0.00438	0.00364	0.00401	0.00681

[dist]
# distance from previous block
# <min> <max>
0	4

[block]
# block no. 1 follows, 67 sequences, length 8
# corresponding to MSA columns:
# 143-150
name=unknown_B
#
# <colnr> <probs for GDERKNQSTAVLIFYWHMCP>
#	G	D	E	R	K	N	Q	S	T	A	V	L	I	F	Y	W	H	M	C	P
0	0.01071	0.01020	0.04699	0.01325	0.01681	0.00966	0.47671	0.04172	0.20542	0.10899	0.01098	0.01201	0.00799	0.00412	0.00444	0.00133	0.00541	0.00451	0.00291	0.00586
1	0.00500	0.00361	0.00469	0.00550	0.00584	0.00337	0.00374	0.00574	0.00777	0.01025	0.02296	0.71513	0.08531	0.05392	0.00586	0.00173	0.00245	0.05023	0.00366	0.00325
2	0.00576	0.00416	0.00577	0.00577	0.00626	0.00465	0.00417	0.00673	0.00625	0.00881	0.01136	0.01917	0.01151	0.29958	0.57569	0.00561	0.00851	0.00480	0.00224	0.00321
3	0.02728	0.04461	0.06226	0.08884	0.37292	0.05055	0.08347	0.06007	0.06116	0.09675	0.00886	0.01033	0.00678	0.00396	0.00395	0.00122	0.00488	0.00362	0.00251	0.00598
4	0.00962	0.00920	0.01564	0.06581	0.71106	0.00931	0.03668	0.01229	0.03630	0.01297	0.00834	0.03950	0.00719	0.00396	0.00404	0.00122	0.00472	0.00391	0.00211	0.00612
5	0.00574	0.00401	0.00513	0.00518	0.00545	0.00426	0.00343	0.00629	0.00615	0.00846	0.01248	0.06844	0.01361	0.51577	0.31377	0.00468	0.00625	0.00559	0.00240	0.00289
6	0.28706	0.00793	0.01095	0.24984	0.26668	0.00878	0.00875	0.01122	0.00793	0.01367	0.00693	0.00925	0.00558	0.00492	0.04148	0.00146	0.00459	0.00310	0.00211	0.04777
7	0.05686	0.07942	0.01244	0.00956	0.03431	0.30668	0.11548	0.01313	0.03693	0.01212	0.04721	0.00934	0.00731	0.00387	0.00353	0.00098	0.00512	0.00308	0.00232	0.24032

[dist]
# distance from previous block
# <min> <max>
5	12

[block]
# block no. 2 follows, 67 sequences, length 32
# corresponding to MSA columns:
# 211-214,219-246
name=unknown_C
#
# <colnr> <probs for GDERKNQSTAVLIFYWHMCP>
#	G	D	E	R	K	N	Q	S	T	A	V	L	I	F	Y	W	H	M	C	P
0	0.09527	0.04500	0.13737	0.01611	0.37151	0.04591	0.08131	0.03228	0.00900	0.02349	0.00883	0.05517	0.02135	0.00522	0.03404	0.00142	0.00505	0.00388	0.00220	0.00559
1	0.02086	0.00421	0.00577	0.00658	0.05017	0.00434	0.00428	0.00655	0.00693	0.00965	0.01538	0.35549	0.01728	0.19951	0.25179	0.02238	0.00527	0.00739	0.00283	0.00332
2	0.81794	0.07538	0.00709	0.00540	0.00796	0.00954	0.00454	0.01181	0.00693	0.01732	0.00558	0.00651	0.00441	0.00370	0.00249	0.00121	0.00320	0.00217	0.00242	0.00441
3	0.00828	0.00796	0.01244	0.62298	0.15876	0.03874	0.01075	0.01078	0.00834	0.01090	0.00716	0.01027	0.00555	0.00387	0.00391	0.00125	0.00515	0.00345	0.00187	0.06757
4	0.00983	0.57973	0.01614	0.00656	0.00925	0.02891	0.00605	0.01113	0.00870	0.05414	0.10391	0.11784	0.01192	0.00524	0.00325	0.00102	0.00376	0.00403	0.00247	0.01612
5	0.00953	0.01022	0.01182	0.56641	0.02231	0.21403	0.01004	0.01184	0.02524	0.01023	0.00695	0.00979	0.00544	0.00428	0.00457	0.00129	0.06622	0.00334	0.00190	0.00454
6	0.01140	0.76985	0.01986	0.00697	0.01037	0.01503	0.00682	0.04162	0.00877	0.06911	0.00645	0.00706	0.00555	0.00359	0.00273	0.00090	0.00423	0.00233	0.00203	0.00533
7	0.00669	0.00367	0.00550	0.00550	0.00566	0.00383	0.00383	0.00566	0.00550	0.00749	0.00782	0.01299	0.00766	0.01757	0.20195	0.68593	0.00512	0.00367	0.00183	0.00216
8	0.01495	0.01432	0.01023	0.00891	0.01118	0.51324	0.00686	0.07879	0.01169	0.19394	0.00925	0.00957	0.00684	0.00442	0.00366	0.00108	0.00566	0.00309	0.08711	0.00521
9	0.00520	0.00408	0.00470	0.00455	0.00570	0.00358	0.00341	0.00665	0.01023	0.01341	0.42903	0.03436	0.44240	0.00920	0.00474	0.00131	0.00196	0.00787	0.00406	0.00358
10	0.01072	0.86147	0.02102	0.00686	0.01029	0.01587	0.00686	0.01201	0.00815	0.00944	0.00558	0.00643	0.00515	0.00343	0.00257	0.00086	0.00429	0.00214	0.00172	0.00515
11	0.00489	0.00349	0.00465	0.00558	0.00582	0.00326	0.00372	0.00558	0.00768	0.01024	0.02210	0.85644	0.02653	0.01256	0.00512	0.00163	0.00233	0.01140	0.00372	0.00326
12	0.00516	0.00416	0.00460	0.00447	0.00571	0.00365	0.00336	0.00667	0.02598	0.01271	0.30588	0.03523	0.54943	0.00941	0.00472	0.00132	0.00201	0.00798	0.00396	0.00358
13	0.00849	0.00723	0.00841	0.00602	0.00958	0.00553	0.00483	0.03073	0.00858	0.01338	0.00719	0.00835	0.00596	0.00302	0.00300	0.00061	0.00301	0.00241	0.00242	0.86125
14	0.00993	0.00953	0.01628	0.02462	0.83404	0.00953	0.01231	0.01231	0.00913	0.01310	0.00754	0.00993	0.00635	0.00357	0.00397	0.00119	0.00476	0.00357	0.00199	0.00635
15	0.00567	0.00382	0.00442	0.00458	0.00462	0.00378	0.00265	0.00579	0.00614	0.00819	0.01424	0.16667	0.01660	0.71587	0.01783	0.00351	0.00362	0.00677	0.00265	0.00257
16	0.00538	0.00381	0.00483	0.00547	0.00609	0.00348	0.00389	0.00627	0.00824	0.03445	0.02573	0.58672	0.19462	0.01170	0.00505	0.00158	0.00242	0.08309	0.00376	0.00343
17	0.00610	0.00449	0.00597	0.00671	0.00770	0.00435	0.00575	0.00776	0.00918	0.01174	0.02495	0.06163	0.17731	0.01094	0.00538	0.00175	0.00335	0.63762	0.00370	0.00362
18	0.01676	0.00803	0.00997	0.00770	0.01077	0.00777	0.00634	0.23465	0.04393	0.57520	0.02705	0.01288	0.00962	0.00499	0.00404	0.00124	0.00365	0.00399	0.00467	0.00676
19	0.08359	0.03254	0.01113	0.00927	0.01177	0.39941	0.00728	0.27210	0.08655	0.02635	0.00825	0.00871	0.00632	0.00447	0.00379	0.00114	0.01582	0.00307	0.00292	0.00550
20	0.88738	0.00776	0.00589	0.00527	0.00776	0.00900	0.00434	0.01179	0.00683	0.01799	0.00558	0.00651	0.00434	0.00372	0.00248	0.00124	0.00310	0.00217	0.00248	0.00434
21	0.02720	0.04127	0.77961	0.01108	0.01680	0.00939	0.01417	0.01283	0.00850	0.03288	0.00733	0.00850	0.00518	0.00383	0.00376	0.00126	0.00576	0.00295	0.00179	0.00590
22	0.00496	0.00356	0.00469	0.00556	0.00585	0.00333	0.00376	0.00569	0.00773	0.01025	0.02244	0.77695	0.05366	0.03693	0.00556	0.00169	0.00241	0.03807	0.00368	0.00325
23	0.00998	0.00783	0.00848	0.00755	0.00973	0.00872	0.00589	0.03368	0.62230	0.08141	0.08452	0.01767	0.07264	0.00595	0.00418	0.00134	0.00303	0.00498	0.00415	0.00597
24	0.01206	0.03503	0.02538	0.17429	0.20636	0.43936	0.02694	0.01384	0.01004	0.01076	0.00673	0.00860	0.00549	0.00394	0.00378	0.00113	0.00620	0.00304	0.00198	0.00506
25	0.00592	0.00432	0.00472	0.00467	0.00605	0.00372	0.00362	0.00703	0.00921	0.06986	0.03571	0.03714	0.65420	0.03896	0.00532	0.00149	0.00238	0.09830	0.00376	0.00363
26	0.00488	0.00353	0.00461	0.00548	0.00579	0.00327	0.00367	0.00560	0.00778	0.01028	0.02343	0.79802	0.08409	0.01239	0.00509	0.00161	0.00231	0.01119	0.00372	0.00327
27	0.00593	0.00450	0.00602	0.07207	0.00790	0.00446	0.00449	0.00812	0.03857	0.01492	0.64191	0.02747	0.07623	0.00930	0.05906	0.00161	0.00279	0.00674	0.00401	0.00389
28	0.01059	0.00974	0.01377	0.02651	0.01287	0.02375	0.13053	0.22575	0.01014	0.01429	0.00704	0.00950	0.00592	0.00637	0.03003	0.00165	0.45024	0.00373	0.00241	0.00517
29	0.00957	0.00821	0.00872	0.00796	0.01006	0.00944	0.00614	0.02007	0.76191	0.01626	0.01678	0.08162	0.01337	0.00601	0.00416	0.00138	0.00311	0.00508	0.00405	0.00610
30	0.01056	0.64912	0.07536	0.00996	0.13493	0.04102	0.00825	0.01223	0.00842	0.01022	0.00600	0.00712	0.00532	0.00350	0.00290	0.00094	0.00457	0.00243	0.00177	0.00537
31	0.00598	0.00463	0.00681	0.00598	0.00718	0.00429	0.06840	0.00799	0.01120	0.01583	0.76667	0.02844	0.03533	0.00782	0.00473	0.00127	0.00228	0.00705	0.00423	0.00391

[dist]
# distance from previous block
# <min> <max>
0	1

[block]
# block no. 3 follows, 67 sequences, length 18
# corresponding to MSA columns:
# 248-265
name=unknown_D
#
# <colnr> <probs for GDERKNQSTAVLIFYWHMCP>
#	G	D	E	R	K	N	Q	S	T	A	V	L	I	F	Y	W	H	M	C	P
0	0.00980	0.00870	0.01034	0.00879	0.01132	0.00963	0.08034	0.01967	0.68854	0.01613	0.01486	0.01407	0.01119	0.00506	0.00405	0.00130	0.00349	0.00438	0.00376	0.07458
1	0.00833	0.15177	0.01395	0.62946	0.10049	0.01014	0.01053	0.01074	0.00815	0.01038	0.00690	0.00990	0.00541	0.00387	0.00376	0.00124	0.00511	0.00333	0.00179	0.00475
2	0.00657	0.00565	0.00689	0.00680	0.00764	0.08139	0.00526	0.00797	0.00689	0.00936	0.01033	0.01498	0.00958	0.02771	0.76663	0.00595	0.01042	0.00414	0.00214	0.00368
3	0.00516	0.00380	0.00485	0.00525	0.00589	0.00348	0.00372	0.00632	0.00911	0.01225	0.28566	0.45308	0.14302	0.01078	0.00495	0.00148	0.00218	0.03161	0.00395	0.00346
4	0.00884	0.18347	0.54008	0.01206	0.07991	0.01069	0.08641	0.01255	0.00855	0.01211	0.00699	0.00840	0.00528	0.00368	0.00366	0.00119	0.00559	0.00301	0.00175	0.00576
5	0.00583	0.00389	0.00437	0.00437	0.00437	0.00389	0.00243	0.00583	0.00583	0.00778	0.01264	0.02624	0.01458	0.85906	0.02041	0.00389	0.00389	0.00583	0.00243	0.00243
6	0.00957	0.00925	0.01582	0.13295	0.58791	0.00954	0.08526	0.01278	0.07270	0.01298	0.00822	0.01050	0.00665	0.00376	0.00405	0.00124	0.00490	0.00375	0.00213	0.00601
7	0.00934	0.01013	0.02118	0.01536	0.01901	0.00959	0.69562	0.05502	0.00986	0.01337	0.02670	0.07702	0.00839	0.00427	0.00472	0.00136	0.00619	0.00525	0.00232	0.00528
8	0.00508	0.00408	0.00453	0.00442	0.00562	0.00353	0.00331	0.00641	0.00994	0.01272	0.32500	0.03549	0.54686	0.00945	0.00474	0.00132	0.00198	0.00803	0.00397	0.00353
9	0.05048	0.03923	0.00995	0.00735	0.01043	0.00734	0.00610	0.12094	0.03730	0.64609	0.01428	0.01264	0.00921	0.00485	0.00392	0.00123	0.00355	0.00385	0.00460	0.00665
10	0.81454	0.00761	0.00607	0.00537	0.00785	0.00868	0.00442	0.01211	0.00721	0.06426	0.02834	0.00755	0.00556	0.00391	0.00263	0.00124	0.00309	0.00241	0.00267	0.00447
11	0.01525	0.01123	0.01204	0.00923	0.01244	0.01244	0.00762	0.82067	0.01886	0.02528	0.00963	0.00963	0.00682	0.00481	0.00401	0.00120	0.00441	0.00361	0.00401	0.00682
12	0.00582	0.00434	0.00624	0.00619	0.00677	0.00501	0.00466	0.00700	0.00633	0.00905	0.01093	0.01738	0.01069	0.17213	0.68033	0.00589	0.03111	0.00454	0.00219	0.00340
13	0.00568	0.00410	0.00536	0.00505	0.00599	0.00378	0.00378	0.00757	0.01135	0.01608	0.83192	0.02996	0.03784	0.00820	0.00473	0.00126	0.00189	0.00725	0.00441	0.00378
14	0.00699	0.00642	0.01188	0.00959	0.01128	0.00642	0.28942	0.00873	0.00748	0.01030	0.01120	0.08835	0.01103	0.19591	0.30249	0.00370	0.00717	0.00539	0.00230	0.00395
15	0.00907	0.00909	0.01622	0.36304	0.11678	0.03748	0.29358	0.03281	0.00916	0.02903	0.00898	0.01160	0.03658	0.00401	0.00427	0.00131	0.00565	0.00413	0.00210	0.00509
16	0.38049	0.19071	0.02410	0.02446	0.06656	0.08054	0.07876	0.06215	0.00881	0.04146	0.00662	0.00770	0.00524	0.00377	0.00309	0.00115	0.00431	0.00271	0.00236	0.00503
17	0.46429	0.02602	0.02141	0.02283	0.10984	0.05331	0.01779	0.15344	0.00988	0.07691	0.00738	0.00818	0.00553	0.00400	0.00318	0.00121	0.00392	0.00282	0.00280	0.00527

[dist]
# distance from previous block
# <min> <max>
0	10

[block]
# block no. 4 follows, 67 sequences, length 50
# corresponding to MSA columns:
# 276-319,454-459
name=unknown_E
#
# <colnr> <probs for GDERKNQSTAVLIFYWHMCP>
#	G	D	E	R	K	N	Q	S	T	A	V	L	I	F	Y	W	H	M	C	P
0	0.06680	0.00908	0.01199	0.20407	0.28458	0.06366	0.00935	0.01453	0.23291	0.02697	0.01011	0.01202	0.00800	0.00444	0.00393	0.00128	0.00446	0.02356	0.00264	0.00562
1	0.00514	0.00408	0.00462	0.00448	0.00566	0.00356	0.00336	0.00653	0.01009	0.01308	0.37910	0.03490	0.49253	0.00932	0.00474	0.00131	0.00197	0.00795	0.00402	0.00356
2	0.01508	0.00775	0.00969	0.00775	0.01032	0.02581	0.00635	0.17711	0.01190	0.48808	0.01298	0.01268	0.00891	0.00853	0.12104	0.00198	0.05983	0.00392	0.00411	0.00617
3	0.00993	0.00953	0.01628	0.02462	0.83404	0.00953	0.01231	0.01231	0.00913	0.01310	0.00754	0.00993	0.00635	0.00357	0.00397	0.00119	0.00476	0.00357	0.00199	0.00635
4	0.00568	0.00410	0.00536	0.00505	0.00599	0.00378	0.00378	0.00757	0.01135	0.01608	0.83192	0.02996	0.03784	0.00820	0.00473	0.00126	0.00189	0.00725	0.00441	0.00378
5	0.00832	0.00713	0.00832	0.00594	0.00950	0.00535	0.00475	0.01010	0.00832	0.01307	0.00713	0.00832	0.00594	0.00297	0.00297	0.00059	0.00297	0.00238	0.00238	0.88357
6	0.04265	0.00989	0.01108	0.00852	0.01168	0.01050	0.00704	0.57137	0.01642	0.25257	0.01124	0.01066	0.00762	0.00482	0.00397	0.00122	0.00409	0.00369	0.00423	0.00675
7	0.01229	0.24998	0.01341	0.00861	0.01121	0.29049	0.00706	0.08179	0.26034	0.01309	0.00940	0.00957	0.00746	0.00439	0.00350	0.00110	0.00494	0.00314	0.00274	0.00548
8	0.01283	0.03698	0.38005	0.03158	0.01416	0.00804	0.02694	0.03717	0.01010	0.38554	0.01113	0.01089	0.00735	0.00434	0.00391	0.00125	0.00471	0.00349	0.00324	0.00629
9	0.20055	0.00627	0.00760	0.00751	0.04199	0.00643	0.02258	0.06663	0.00961	0.13146	0.05200	0.07867	0.05482	0.00812	0.02576	0.00160	0.00361	0.26667	0.00352	0.00460
10	0.00804	0.02074	0.83828	0.01143	0.01736	0.00931	0.01482	0.01270	0.00847	0.01270	0.00720	0.00847	0.00508	0.00381	0.00381	0.00127	0.00593	0.00296	0.00169	0.00593
11	0.01799	0.00683	0.00931	0.00714	0.01024	0.00589	0.00589	0.01954	0.01148	0.83682	0.01582	0.01365	0.00993	0.00496	0.00403	0.00124	0.00341	0.00403	0.00496	0.00683
12	0.00672	0.00418	0.00527	0.00532	0.00633	0.00374	0.00386	0.00785	0.00926	0.11920	0.19062	0.38746	0.21471	0.01012	0.00481	0.00144	0.00231	0.00891	0.00403	0.00386
13	0.01017	0.00871	0.01234	0.35803	0.19517	0.03152	0.00990	0.17723	0.05251	0.03590	0.00932	0.01277	0.00749	0.00464	0.00410	0.00130	0.00481	0.05603	0.00261	0.00546
14	0.01525	0.01123	0.01204	0.00923	0.01244	0.01244	0.00762	0.82067	0.01886	0.02528	0.00963	0.00963	0.00682	0.00481	0.00401	0.00120	0.00441	0.00361	0.00401	0.00682
15	0.01145	0.00964	0.00996	0.00753	0.01084	0.07606	0.00607	0.31393	0.01251	0.01737	0.00799	0.00872	0.00621	0.00375	0.00341	0.00086	0.00386	0.00285	0.00296	0.48403
16	0.00491	0.00350	0.00465	0.00556	0.00579	0.00327	0.00370	0.00559	0.00764	0.01019	0.02191	0.83900	0.02627	0.03035	0.00544	0.00168	0.00236	0.01128	0.00370	0.00324
17	0.00619	0.00447	0.00612	0.00696	0.00785	0.00440	0.00594	0.00788	0.00913	0.01185	0.03904	0.11753	0.07628	0.01109	0.00543	0.00178	0.00343	0.66728	0.00371	0.00364
18	0.83653	0.00818	0.00623	0.00554	0.00803	0.03226	0.00454	0.03660	0.00732	0.01799	0.00572	0.00663	0.00444	0.00377	0.00256	0.00123	0.00326	0.00223	0.00252	0.00443
19	0.00502	0.00390	0.00451	0.00491	0.00574	0.00348	0.00354	0.00595	0.00846	0.01061	0.04302	0.32069	0.41969	0.06641	0.00596	0.00165	0.00239	0.07709	0.00365	0.00331
20	0.00647	0.00493	0.00497	0.00496	0.00515	0.05867	0.00304	0.00666	0.00641	0.00818	0.01278	0.02624	0.01452	0.74819	0.01835	0.00357	0.00409	0.05768	0.00249	0.00266
21	0.00814	0.02010	0.78514	0.01179	0.01759	0.00937	0.06731	0.01271	0.00853	0.01271	0.00726	0.00862	0.00515	0.00378	0.00387	0.00128	0.00598	0.00308	0.00172	0.00589
22	0.00993	0.00953	0.01628	0.02462	0.83404	0.00953	0.01231	0.01231	0.00913	0.01310	0.00754	0.00993	0.00635	0.00357	0.00397	0.00119	0.00476	0.00357	0.00199	0.00635
23	0.06474	0.00717	0.01163	0.79457	0.02633	0.00892	0.01070	0.01035	0.00794	0.01075	0.00703	0.01042	0.00528	0.00399	0.00391	0.00133	0.00520	0.00347	0.00183	0.00445
24	0.00745	0.00694	0.01166	0.79443	0.02629	0.00866	0.01074	0.01005	0.00792	0.01019	0.00736	0.01102	0.00565	0.00571	0.05875	0.00167	0.00570	0.00361	0.00181	0.00440
25	0.01011	0.00543	0.00730	0.00711	0.00873	0.00520	0.00592	0.01236	0.06314	0.27064	0.03611	0.12370	0.01894	0.00890	0.00491	0.00159	0.00338	0.39761	0.00413	0.00480
26	0.00987	0.00918	0.01560	0.11929	0.71923	0.00936	0.01200	0.01226	0.00907	0.03456	0.00771	0.01011	0.00633	0.00366	0.00398	0.00121	0.00480	0.00358	0.00204	0.00615
27	0.01192	0.01098	0.01370	0.09054	0.33633	0.11864	0.03320	0.27042	0.02351	0.01628	0.00901	0.01040	0.02827	0.00428	0.00399	0.00120	0.00499	0.00363	0.00270	0.00600
28	0.00583	0.00389	0.00437	0.00437	0.00437	0.00389	0.00243	0.00583	0.00583	0.00778	0.01264	0.02624	0.01458	0.85906	0.02041	0.00389	0.00389	0.00583	0.00243	0.00243
29	0.00508	0.00370	0.00455	0.00514	0.00556	0.00344	0.00345	0.00574	0.00766	0.00995	0.02376	0.53000	0.17261	0.16631	0.00785	0.00200	0.00260	0.03399	0.00349	0.00314
30	0.00796	0.01902	0.73532	0.01121	0.01664	0.00899	0.04729	0.01247	0.02516	0.01275	0.02473	0.04526	0.00684	0.00429	0.00393	0.00129	0.00567	0.00352	0.00190	0.00576
31	0.00716	0.00412	0.00551	0.00532	0.00556	0.00423	0.00355	0.05845	0.00632	0.00846	0.00874	0.01573	0.00901	0.22748	0.05239	0.56547	0.00396	0.00412	0.00208	0.00233
32	0.00542	0.00404	0.00480	0.00478	0.00582	0.00358	0.00352	0.00676	0.00987	0.02962	0.36517	0.16882	0.35399	0.00964	0.00478	0.00136	0.00205	0.00835	0.00404	0.00360
33	0.33183	0.00892	0.02817	0.00895	0.01188	0.03408	0.20059	0.08806	0.00982	0.14666	0.06235	0.01079	0.00827	0.00427	0.00363	0.00125	0.00422	0.00362	0.02741	0.00521
34	0.12843	0.04033	0.06032	0.00858	0.01134	0.24715	0.01807	0.13489	0.11259	0.16182	0.01009	0.03225	0.00760	0.00466	0.00369	0.00119	0.00478	0.00345	0.00318	0.00560
35	0.00592	0.00405	0.00558	0.00558	0.00596	0.00443	0.00393	0.00646	0.00608	0.00849	0.01092	0.01892	0.01121	0.31353	0.45622	0.11537	0.00747	0.00472	0.00219	0.00295
36	0.01053	0.32971	0.03003	0.09432	0.32358	0.09169	0.02997	0.02555	0.00903	0.01133	0.00668	0.00843	0.00567	0.00363	0.00343	0.00107	0.00494	0.00296	0.00190	0.00553
37	0.00916	0.20085	0.41863	0.00902	0.02246	0.00949	0.01017	0.01214	0.00866	0.07907	0.03283	0.03822	0.03416	0.02208	0.00393	0.00119	0.00471	0.00347	0.00225	0.07750
38	0.03715	0.37216	0.12424	0.00983	0.08470	0.12744	0.02019	0.06156	0.04115	0.07607	0.00754	0.00827	0.00598	0.00388	0.00329	0.00105	0.00485	0.00280	0.00229	0.00554
39	0.01083	0.65092	0.08372	0.00871	0.06456	0.08887	0.00791	0.01259	0.02186	0.01008	0.00606	0.00703	0.00534	0.00357	0.00288	0.00094	0.00469	0.00238	0.00180	0.00526
40	0.06587	0.00705	0.00797	0.00615	0.00912	0.00607	0.00488	0.08507	0.03208	0.03753	0.03186	0.08127	0.04828	0.00459	0.00340	0.00087	0.00300	0.00375	0.00288	0.55830
41	0.03305	0.00932	0.03176	0.01129	0.16987	0.02927	0.01940	0.21805	0.06696	0.28581	0.01125	0.01112	0.00789	0.00444	0.00390	0.00118	0.00407	0.00365	0.00364	0.07408
42	0.01044	0.00922	0.01028	0.00886	0.01130	0.03228	0.05931	0.07593	0.69613	0.01692	0.01506	0.01412	0.01128	0.00523	0.00411	0.00134	0.00360	0.00443	0.00389	0.00627
43	0.00850	0.00839	0.01197	0.01028	0.01043	0.01154	0.02615	0.00948	0.00624	0.00969	0.00585	0.00949	0.00574	0.00915	0.09246	0.00220	0.75269	0.00361	0.00180	0.00433
44	0.00965	0.01039	0.01985	0.01880	0.29744	0.03998	0.47331	0.01247	0.00931	0.01268	0.00830	0.04023	0.00685	0.00385	0.00457	0.00130	0.01884	0.00448	0.00207	0.00561
45	0.81093	0.04467	0.00682	0.00552	0.00807	0.00945	0.00460	0.04770	0.00742	0.01795	0.00576	0.00665	0.00449	0.00376	0.00255	0.00122	0.00321	0.00223	0.00252	0.00449
46	0.00524	0.00382	0.00484	0.01695	0.00610	0.00361	0.00382	0.00604	0.00783	0.01023	0.03984	0.49249	0.13690	0.14848	0.00756	0.00197	0.00272	0.09486	0.00350	0.00322
47	0.01248	0.40204	0.02674	0.00951	0.03379	0.33191	0.06050	0.05977	0.01011	0.01084	0.00628	0.00732	0.00534	0.00378	0.00325	0.00099	0.00562	0.00261	0.00201	0.00511
48	0.00542	0.00385	0.00486	0.00546	0.00600	0.00359	0.00387	0.00628	0.00806	0.02407	0.04186	0.48708	0.15557	0.10807	0.00683	0.00186	0.00265	0.11770	0.00361	0.00331
49	0.02482	0.46289	0.08346	0.00863	0.03069	0.15131	0.01950	0.06925	0.00967	0.07359	0.00694	0.00770	0.00565	0.00389	0.00340	0.00102	0.02739	0.00263	0.00220	0.00537

[dist]
# distance from previous block
# <min> <max>
0	6

[block]
# block no. 5 follows, 67 sequences, length 30
# corresponding to MSA columns:
# 466-495
name=unknown_F
#
# <colnr> <probs for GDERKNQSTAVLIFYWHMCP>
#	G	D	E	R	K	N	Q	S	T	A	V	L	I	F	Y	W	H	M	C	P
0	0.01057	0.01023	0.01400	0.10951	0.22281	0.09171	0.13291	0.07655	0.22953	0.02450	0.01001	0.01123	0.00772	0.00435	0.00432	0.00128	0.02631	0.00392	0.00273	0.00582
1	0.03406	0.16970	0.03467	0.00734	0.00948	0.24007	0.02454	0.02519	0.08988	0.01289	0.07565	0.01184	0.00986	0.00457	0.00335	0.00105	0.00424	0.00344	0.23351	0.00468
2	0.01112	0.00887	0.00953	0.00815	0.01070	0.00990	0.00644	0.15409	0.60072	0.05559	0.01458	0.01358	0.01082	0.00515	0.00399	0.00128	0.00338	0.00422	0.00400	0.06392
3	0.00643	0.00460	0.00642	0.00730	0.00822	0.00458	0.00636	0.00828	0.00931	0.01216	0.05202	0.04466	0.02364	0.01097	0.00551	0.00182	0.00362	0.77667	0.00372	0.00370
4	0.01083	0.13457	0.07632	0.04718	0.36424	0.07920	0.04442	0.05419	0.04088	0.06482	0.03987	0.01034	0.00762	0.00402	0.00380	0.00116	0.00482	0.00350	0.00239	0.00585
5	0.00974	0.17448	0.45837	0.01098	0.05211	0.01072	0.06016	0.07047	0.05832	0.04646	0.00803	0.00897	0.00596	0.00392	0.00368	0.00119	0.00525	0.00313	0.00217	0.00589
6	0.00551	0.00408	0.00513	0.00490	0.00589	0.00371	0.00366	0.00723	0.01091	0.01509	0.68467	0.05030	0.16681	0.00862	0.00474	0.00128	0.00192	0.00754	0.00429	0.00371
7	0.00574	0.00426	0.00625	0.00625	0.00690	0.00491	0.00477	0.00704	0.00639	0.00916	0.01092	0.01675	0.01046	0.10893	0.76490	0.00620	0.01009	0.00444	0.00218	0.00347
8	0.03403	0.29066	0.12669	0.00927	0.07629	0.04016	0.00802	0.07364	0.11364	0.06532	0.00912	0.02205	0.00741	0.00713	0.09842	0.00171	0.00513	0.00330	0.00252	0.00549
9	0.00939	0.00889	0.01501	0.03947	0.70261	0.00912	0.01139	0.01163	0.00873	0.01253	0.00781	0.01053	0.00669	0.00653	0.09415	0.00177	0.03215	0.00365	0.00199	0.00595
10	0.00583	0.00391	0.00449	0.00449	0.00453	0.00395	0.00257	0.00591	0.00587	0.00786	0.01253	0.02566	0.01433	0.81269	0.06643	0.00403	0.00427	0.00575	0.00241	0.00249
11	0.77996	0.00833	0.00676	0.00624	0.03225	0.03032	0.00489	0.06741	0.00783	0.01814	0.00593	0.00685	0.00459	0.00380	0.00266	0.00123	0.00335	0.00232	0.00256	0.00458
12	0.00489	0.00349	0.00465	0.00558	0.00582	0.00326	0.00372	0.00558	0.00768	0.01024	0.02210	0.85644	0.02653	0.01256	0.00512	0.00163	0.00233	0.01140	0.00372	0.00326
13	0.12045	0.05380	0.64816	0.01050	0.01573	0.00969	0.03108	0.04324	0.00866	0.01372	0.00704	0.00823	0.00508	0.00381	0.00362	0.00125	0.00546	0.00289	0.00189	0.00571
14	0.01257	0.04865	0.02571	0.00794	0.02294	0.14819	0.00634	0.07160	0.13816	0.22069	0.04104	0.02874	0.00939	0.00461	0.00371	0.00107	0.00402	0.00363	0.00341	0.19757
15	0.50546	0.00911	0.00798	0.00675	0.00939	0.05622	0.00548	0.17318	0.09827	0.05528	0.00808	0.00846	0.00603	0.00418	0.00310	0.00121	0.00361	0.00282	0.00304	0.03233
16	0.00998	0.00862	0.00907	0.00816	0.01043	0.00998	0.00635	0.02131	0.82679	0.01678	0.01632	0.01496	0.01224	0.00544	0.00408	0.00136	0.00317	0.00453	0.00408	0.00635
17	0.00900	0.00908	0.01717	0.26580	0.30315	0.00939	0.27958	0.01169	0.00881	0.01201	0.00759	0.01051	0.00598	0.00392	0.00455	0.02497	0.00556	0.00395	0.00193	0.00535
18	0.01015	0.68332	0.19419	0.00783	0.01179	0.01448	0.00855	0.01216	0.00822	0.01013	0.00592	0.00686	0.00513	0.00351	0.00284	0.00095	0.00464	0.00232	0.00171	0.00531
19	0.00583	0.00389	0.00437	0.00437	0.00437	0.00389	0.00243	0.00583	0.00583	0.00778	0.01264	0.02624	0.01458	0.85906	0.02041	0.00389	0.00389	0.00583	0.00243	0.00243
20	0.00517	0.00411	0.00443	0.00435	0.00563	0.00351	0.00326	0.00637	0.00961	0.02625	0.20351	0.05091	0.63949	0.00970	0.00473	0.00134	0.00203	0.00819	0.00389	0.00353
21	0.88738	0.00776	0.00589	0.00527	0.00776	0.00900	0.00434	0.01179	0.00683	0.01799	0.00558	0.00651	0.00434	0.00372	0.00248	0.00124	0.00310	0.00217	0.00248	0.00434
22	0.00877	0.00877	0.01228	0.01053	0.01053	0.01228	0.00877	0.00965	0.00614	0.00965	0.00526	0.00877	0.00526	0.00702	0.01316	0.00175	0.85172	0.00351	0.00175	0.00439
23	0.05393	0.00776	0.00972	0.00748	0.01058	0.00736	0.00618	0.18258	0.01279	0.63695	0.01413	0.01253	0.00906	0.00488	0.00396	0.00123	0.00360	0.00387	0.00467	0.00672
24	0.00636	0.00455	0.00635	0.00727	0.00815	0.00453	0.00629	0.00814	0.00914	0.01189	0.02129	0.09578	0.02330	0.01117	0.00551	0.00183	0.00361	0.75747	0.00369	0.00367
25	0.01789	0.00699	0.00941	0.00721	0.01032	0.00613	0.00596	0.04872	0.01175	0.80726	0.01560	0.01350	0.00981	0.00496	0.00403	0.00124	0.00345	0.00402	0.00493	0.00683
26	0.00489	0.00349	0.00465	0.00558	0.00582	0.00326	0.00372	0.00558	0.00768	0.01024	0.02210	0.85644	0.02653	0.01256	0.00512	0.00163	0.00233	0.01140	0.00372	0.00326
27	0.00654	0.00477	0.00699	0.00672	0.00712	0.00572	0.00514	0.00701	0.00606	0.00871	0.00892	0.01392	0.00856	0.03883	0.47610	0.23936	0.14037	0.00399	0.00198	0.00319
28	0.00828	0.00669	0.00909	0.00798	0.00966	0.00686	0.09561	0.11119	0.15209	0.03505	0.01619	0.39964	0.01670	0.00827	0.00485	0.00142	0.03257	0.00739	0.00350	0.06694
29	0.01212	0.35871	0.01469	0.00812	0.01095	0.17472	0.00694	0.09584	0.21953	0.04769	0.00928	0.00939	0.00733	0.00428	0.00337	0.00107	0.00455	0.00307	0.00275	0.00559

[dist]
# distance from previous block
# <min> <max>
0	1

[block]
# block no. 6 follows, 67 sequences, length 7
# corresponding to MSA columns:
# 497-503
name=unknown_G
#
# <colnr> <probs for GDERKNQSTAVLIFYWHMCP>
#	G	D	E	R	K	N	Q	S	T	A	V	L	I	F	Y	W	H	M	C	P
0	0.01047	0.78258	0.09770	0.00729	0.01096	0.01525	0.00761	0.01207	0.00818	0.00974	0.00573	0.00662	0.00514	0.00347	0.00269	0.00090	0.00444	0.00222	0.00171	0.00522
1	0.01196	0.41954	0.10854	0.00806	0.01149	0.05638	0.00778	0.14324	0.06324	0.09871	0.00862	0.00956	0.00685	0.00423	0.00333	0.00107	0.00447	0.02460	0.00264	0.00569
2	0.00573	0.00430	0.00645	0.00645	0.00716	0.00501	0.00501	0.00716	0.00645	0.00931	0.01074	0.01576	0.01003	0.03008	0.84316	0.00645	0.01074	0.00430	0.00215	0.00358
3	0.00547	0.00439	0.00574	0.00700	0.08820	0.00403	0.00449	0.00658	0.00864	0.01118	0.07487	0.38849	0.31122	0.01048	0.00487	0.00148	0.00251	0.05310	0.00359	0.00367
4	0.01111	0.15111	0.05829	0.01041	0.04843	0.16815	0.11222	0.07162	0.26011	0.01359	0.00993	0.01078	0.00784	0.02526	0.00440	0.00126	0.02356	0.00362	0.00273	0.00558
5	0.01018	0.03969	0.14970	0.11255	0.15078	0.05575	0.18303	0.01361	0.07308	0.10528	0.03135	0.03962	0.00824	0.00438	0.00412	0.00127	0.00514	0.00411	0.00254	0.00560
6	0.00871	0.00715	0.00904	0.00836	0.11506	0.00592	0.00571	0.01095	0.04453	0.05057	0.07320	0.01176	0.03683	0.00389	0.00339	0.00081	0.00311	0.00328	0.00272	0.59501

[dist]
# distance from previous block
# <min> <max>
0	2

[block]
# block no. 7 follows, 67 sequences, length 60
# corresponding to MSA columns:
# 506-523,530-571
name=unknown_H
#
# <colnr> <probs for GDERKNQSTAVLIFYWHMCP>
#	G	D	E	R	K	N	Q	S	T	A	V	L	I	F	Y	W	H	M	C	P
0	0.01709	0.00679	0.00912	0.00709	0.01006	0.00598	0.00582	0.01910	0.04779	0.76419	0.05174	0.01443	0.01126	0.00513	0.00407	0.00125	0.00334	0.00420	0.00490	0.00667
1	0.01784	0.01708	0.02230	0.48450	0.07958	0.00791	0.03700	0.01036	0.00830	0.02357	0.01885	0.04835	0.01769	0.00426	0.00385	0.00118	0.00458	0.00379	0.00213	0.18690
2	0.00895	0.10358	0.38810	0.00976	0.01439	0.02445	0.09226	0.01213	0.00863	0.03521	0.00732	0.00857	0.00558	0.00352	0.00353	0.00103	0.00493	0.00291	0.00203	0.26313
3	0.01194	0.00836	0.00926	0.00794	0.01041	0.00921	0.00628	0.10379	0.55362	0.17632	0.03467	0.01451	0.01180	0.00534	0.00406	0.00131	0.00330	0.00439	0.01709	0.00639
4	0.00546	0.00426	0.00528	0.02031	0.00635	0.00428	0.00390	0.00655	0.00789	0.01031	0.09564	0.02797	0.33254	0.16143	0.25703	0.00331	0.02081	0.02029	0.00302	0.00336
5	0.00955	0.12664	0.52895	0.01132	0.05387	0.12421	0.03147	0.02567	0.00905	0.01211	0.01728	0.00846	0.00563	0.00390	0.00379	0.00119	0.01651	0.00295	0.00184	0.00563
6	0.00776	0.00732	0.01237	0.78362	0.09195	0.00896	0.01123	0.01041	0.00811	0.01047	0.00716	0.01063	0.00543	0.00397	0.00401	0.00132	0.00530	0.00356	0.00180	0.00461
7	0.00483	0.00406	0.00419	0.00417	0.00547	0.00342	0.00312	0.00592	0.00932	0.01129	0.11111	0.04994	0.74943	0.01002	0.00474	0.00135	0.00202	0.00840	0.00379	0.00342
8	0.00679	0.00563	0.00836	0.34146	0.05363	0.00614	0.00714	0.02253	0.00887	0.02808	0.10526	0.17238	0.16089	0.00736	0.00444	0.00138	0.00363	0.03188	0.02002	0.00411
9	0.00489	0.00349	0.00465	0.00558	0.00582	0.00326	0.00372	0.00558	0.00768	0.01024	0.02210	0.85644	0.02653	0.01256	0.00512	0.00163	0.00233	0.01140	0.00372	0.00326
10	0.00573	0.00430	0.00645	0.00645	0.00716	0.00501	0.00501	0.00716	0.00645	0.00931	0.01074	0.01576	0.01003	0.03008	0.84316	0.00645	0.01074	0.00430	0.00215	0.00358
11	0.23081	0.00654	0.00685	0.00609	0.00806	0.00695	0.00482	0.04138	0.17737	0.12986	0.18503	0.03387	0.04363	0.00585	0.00377	0.00127	0.00280	0.02020	0.07991	0.00495
12	0.05391	0.01296	0.01396	0.01157	0.04444	0.30561	0.21449	0.12999	0.06025	0.06150	0.00865	0.01024	0.00676	0.04221	0.00472	0.00131	0.00581	0.00364	0.00266	0.00533
13	0.01525	0.01123	0.01204	0.00923	0.01244	0.01244	0.00762	0.82067	0.01886	0.02528	0.00963	0.00963	0.00682	0.00481	0.00401	0.00120	0.00441	0.00361	0.00401	0.00682
14	0.00592	0.00427	0.00569	0.00587	0.00680	0.00407	0.00472	0.00771	0.01033	0.01415	0.47765	0.05118	0.05831	0.02402	0.00531	0.00153	0.00260	0.30208	0.00408	0.00370
15	0.01702	0.00714	0.00965	0.00801	0.04694	0.00642	0.00623	0.07328	0.01175	0.71783	0.01524	0.04081	0.01010	0.00514	0.00406	0.00125	0.00351	0.00423	0.00473	0.00669
16	0.00769	0.00774	0.04875	0.65918	0.10794	0.00860	0.01095	0.01032	0.00820	0.01073	0.00835	0.04121	0.00700	0.00458	0.00411	0.00135	0.00513	0.04159	0.00196	0.00464
17	0.00581	0.00434	0.00641	0.00638	0.00703	0.00505	0.00491	0.00710	0.00638	0.00919	0.01069	0.01617	0.01015	0.07675	0.76767	0.02071	0.02524	0.00436	0.00215	0.00350
18	0.84830	0.00783	0.00636	0.00614	0.04456	0.00902	0.00470	0.01181	0.00693	0.01778	0.00567	0.00667	0.00443	0.00372	0.00255	0.00124	0.00318	0.00223	0.00246	0.00443
19	0.01030	0.00965	0.01598	0.02355	0.77689	0.00973	0.01198	0.06854	0.00981	0.01395	0.00769	0.00991	0.00639	0.00366	0.00397	0.00119	0.00474	0.00358	0.00213	0.00639
20	0.01525	0.01123	0.01204	0.00923	0.01244	0.01244	0.00762	0.82067	0.01886	0.02528	0.00963	0.00963	0.00682	0.00481	0.00401	0.00120	0.00441	0.00361	0.00401	0.00682
21	0.00832	0.00713	0.00832	0.00594	0.00950	0.00535	0.00475	0.01010	0.00832	0.01307	0.00713	0.00832	0.00594	0.00297	0.00297	0.00059	0.00297	0.00238	0.00238	0.88357
22	0.00573	0.00430	0.00645	0.00645	0.00716	0.00501	0.00501	0.00716	0.00645	0.00931	0.01074	0.01576	0.01003	0.03008	0.84316	0.00645	0.01074	0.00430	0.00215	0.00358
23	0.00480	0.00391	0.00425	0.00448	0.00553	0.00336	0.00324	0.00575	0.00881	0.01080	0.05460	0.25140	0.60365	0.01074	0.00484	0.00142	0.00211	0.00920	0.00374	0.00336
24	0.00581	0.00441	0.00659	0.00655	0.00725	0.00519	0.00511	0.00722	0.00644	0.00932	0.01061	0.01558	0.00991	0.02950	0.82240	0.00633	0.03178	0.00428	0.00214	0.00360
25	0.00832	0.00713	0.00832	0.00594	0.00950	0.00535	0.00475	0.01010	0.00832	0.01307	0.00713	0.00832	0.00594	0.00297	0.00297	0.00059	0.00297	0.00238	0.00238	0.88357
26	0.00545	0.00457	0.04246	0.00625	0.00693	0.00383	0.02483	0.00650	0.00798	0.02281	0.03716	0.71792	0.02483	0.01165	0.00505	0.00161	0.00269	0.06032	0.00362	0.00352
27	0.00574	0.00425	0.00623	0.00623	0.00687	0.00490	0.00474	0.00702	0.00638	0.00915	0.01094	0.01685	0.01050	0.11698	0.75692	0.00618	0.01002	0.00446	0.00218	0.00346
28	0.88738	0.00776	0.00589	0.00527	0.00776	0.00900	0.00434	0.01179	0.00683	0.01799	0.00558	0.00651	0.00434	0.00372	0.00248	0.00124	0.00310	0.00217	0.00248	0.00434
29	0.00504	0.00374	0.00531	0.00597	0.00634	0.00349	0.03177	0.00583	0.00774	0.01033	0.02162	0.82737	0.02582	0.01225	0.00511	0.00162	0.00248	0.01117	0.00366	0.00333
30	0.88738	0.00776	0.00589	0.00527	0.00776	0.00900	0.00434	0.01179	0.00683	0.01799	0.00558	0.00651	0.00434	0.00372	0.00248	0.00124	0.00310	0.00217	0.00248	0.00434
31	0.00826	0.08944	0.77150	0.01106	0.01678	0.00985	0.01417	0.01264	0.00844	0.01243	0.00706	0.00830	0.00509	0.00378	0.00371	0.00124	0.00579	0.00290	0.00170	0.00586
32	0.00489	0.00349	0.00465	0.00558	0.00582	0.00326	0.00372	0.00558	0.00768	0.01024	0.02210	0.85644	0.02653	0.01256	0.00512	0.00163	0.00233	0.01140	0.00372	0.00326
33	0.00832	0.00713	0.00832	0.00594	0.00950	0.00535	0.00475	0.01010	0.00832	0.01307	0.00713	0.00832	0.00594	0.00297	0.00297	0.00059	0.00297	0.00238	0.00238	0.88357
34	0.00974	0.01084	0.02312	0.01654	0.02056	0.01025	0.78130	0.05083	0.00991	0.01343	0.00818	0.01076	0.00612	0.00345	0.00470	0.00135	0.00665	0.00468	0.00212	0.00548
35	0.61334	0.00819	0.00742	0.00621	0.00890	0.00910	0.00512	0.14662	0.00951	0.14157	0.00778	0.00810	0.00559	0.00409	0.00297	0.00123	0.00337	0.00269	0.00311	0.00512
36	0.00583	0.00389	0.00437	0.00437	0.00437	0.00389	0.00243	0.00583	0.00583	0.00778	0.01264	0.02624	0.01458	0.85906	0.02041	0.00389	0.00389	0.00583	0.00243	0.00243
37	0.01745	0.00695	0.00929	0.00721	0.01025	0.00617	0.00593	0.01967	0.06714	0.78084	0.01586	0.01374	0.01009	0.00500	0.00404	0.00125	0.00340	0.00407	0.00490	0.00679
38	0.00757	0.00713	0.01203	0.84942	0.02762	0.00891	0.01114	0.01025	0.00802	0.01025	0.00713	0.01069	0.00535	0.00401	0.00401	0.00134	0.00535	0.00356	0.00178	0.00446
39	0.00489	0.00349	0.00465	0.00558	0.00582	0.00326	0.00372	0.00558	0.00768	0.01024	0.02210	0.85644	0.02653	0.01256	0.00512	0.00163	0.00233	0.01140	0.00372	0.00326
40	0.01525	0.01123	0.01204	0.00923	0.01244	0.01244	0.00762	0.82067	0.01886	0.02528	0.00963	0.00963	0.00682	0.00481	0.00401	0.00120	0.00441	0.00361	0.00401	0.00682
41	0.01799	0.00683	0.00931	0.00714	0.01024	0.00589	0.00589	0.01954	0.01148	0.83682	0.01582	0.01365	0.00993	0.00496	0.00403	0.00124	0.00341	0.00403	0.00496	0.00683
