[name]
unknown

[dist]
# distance from previous block
# <min> <max>
0	348

[block]
# block no. 0 follows, 69 sequences, length 30
# corresponding to MSA columns:
# 358-387
name=unknown_A
#
# <colnr> <probs for GDERKNQSTAVLIFYWHMCP>
#	G	D	E	R	K	N	Q	S	T	A	V	L	I	F	Y	W	H	M	C	P
0	0.00641	0.00475	0.00632	0.00718	0.00807	0.02251	0.00619	0.00813	0.00898	0.01159	0.02049	0.08989	0.02238	0.01077	0.00535	0.00178	0.00361	0.74841	0.00358	0.00361
1	0.00622	0.00423	0.00518	0.00485	0.00604	0.00382	0.00367	0.00793	0.02290	0.07220	0.51730	0.04972	0.25115	0.00832	0.00455	0.00126	0.00202	0.00719	0.01762	0.00383
2	0.04007	0.00818	0.00868	0.00701	0.00935	0.00889	0.00568	0.46361	0.04928	0.05392	0.01092	0.01141	0.00805	0.00466	0.00349	0.00110	0.00336	0.00358	0.29318	0.00558
3	0.01048	0.86458	0.02054	0.00671	0.01006	0.01551	0.00671	0.01174	0.00797	0.00922	0.00545	0.00629	0.00503	0.00335	0.00252	0.00084	0.00419	0.00210	0.00168	0.00503
4	0.00588	0.00418	0.00474	0.00472	0.00487	0.02193	0.00288	0.00612	0.00591	0.00788	0.01193	0.02366	0.01336	0.71410	0.14849	0.00413	0.00491	0.00540	0.00232	0.00260
5	0.00611	0.00412	0.00461	0.00449	0.00463	0.00418	0.00260	0.04249	0.00627	0.00837	0.01222	0.02493	0.01391	0.82371	0.01923	0.00368	0.00382	0.00560	0.00244	0.00257
6	0.00622	0.00478	0.00647	0.00617	0.00645	0.00566	0.00451	0.00684	0.00596	0.00848	0.01010	0.01799	0.01056	0.34547	0.34385	0.04404	0.15658	0.00461	0.00212	0.00313
7	0.00813	0.00697	0.00813	0.00581	0.00929	0.00523	0.00465	0.00987	0.00813	0.01277	0.00697	0.00813	0.00581	0.00290	0.00290	0.00058	0.00290	0.00232	0.00232	0.88619
8	0.01050	0.02807	0.01904	0.01569	0.13301	0.17150	0.49955	0.01311	0.00963	0.03160	0.02492	0.01015	0.00653	0.00361	0.00425	0.00123	0.00620	0.00405	0.00209	0.00527
9	0.00646	0.00515	0.00630	0.00546	0.00733	0.00424	0.00414	0.00797	0.00888	0.01286	0.24325	0.20615	0.05325	0.00697	0.00400	0.00106	0.00246	0.03267	0.00327	0.37815
10	0.88991	0.00758	0.00576	0.00516	0.00758	0.00879	0.00425	0.01152	0.00667	0.01759	0.00546	0.00637	0.00425	0.00364	0.00243	0.00121	0.00303	0.00212	0.00243	0.00425
11	0.88991	0.00758	0.00576	0.00516	0.00758	0.00879	0.00425	0.01152	0.00667	0.01759	0.00546	0.00637	0.00425	0.00364	0.00243	0.00121	0.00303	0.00212	0.00243	0.00425
12	0.00549	0.00400	0.00515	0.00487	0.00582	0.00367	0.00365	0.00728	0.01095	0.01537	0.78155	0.02986	0.09135	0.00814	0.00462	0.00124	0.00186	0.00717	0.00427	0.00367
13	0.00786	0.02028	0.84191	0.01117	0.01697	0.00910	0.01448	0.01242	0.00828	0.01242	0.00704	0.00828	0.00497	0.00372	0.00372	0.00124	0.00579	0.00290	0.00166	0.00579
14	0.07827	0.01008	0.04650	0.00770	0.00994	0.10909	0.00620	0.40094	0.01278	0.02899	0.00975	0.03790	0.00862	0.20724	0.00757	0.00179	0.00442	0.00402	0.00312	0.00507
15	0.00894	0.00871	0.01199	0.01022	0.01040	0.01202	0.00851	0.05589	0.00671	0.01031	0.00539	0.00862	0.00523	0.00674	0.01236	0.00168	0.80657	0.00344	0.00184	0.00442
16	0.00493	0.00409	0.00434	0.00434	0.00560	0.00355	0.00329	0.00627	0.02729	0.01131	0.12373	0.05194	0.67909	0.00971	0.00466	0.00134	0.00208	0.04531	0.00372	0.00343
17	0.00561	0.00418	0.00620	0.00620	0.00686	0.00484	0.00477	0.00693	0.00627	0.00902	0.01060	0.01593	0.01003	0.07250	0.80391	0.00617	0.01015	0.00428	0.00211	0.00344
18	0.00907	0.00865	0.01467	0.01158	0.01365	0.00945	0.31002	0.11627	0.00944	0.01299	0.01054	0.01716	0.02552	0.02885	0.00727	0.00156	0.23004	0.15598	0.00251	0.00477
19	0.00483	0.00345	0.00460	0.00542	0.00570	0.00322	0.00364	0.00559	0.00775	0.01040	0.07783	0.80232	0.02669	0.01199	0.00498	0.00157	0.00225	0.01086	0.00369	0.00322
20	0.06664	0.00972	0.01076	0.00829	0.01136	0.01039	0.00685	0.57916	0.01597	0.22486	0.01067	0.01020	0.00727	0.00468	0.00384	0.00119	0.00400	0.00355	0.00406	0.00653
21	0.03391	0.00957	0.04703	0.01133	0.01451	0.00919	0.34696	0.14853	0.14728	0.08028	0.08181	0.01328	0.02827	0.00457	0.00426	0.00128	0.00475	0.00452	0.00310	0.00559
22	0.01079	0.01186	0.10985	0.09392	0.41048	0.13472	0.03663	0.08829	0.01006	0.04514	0.00762	0.00935	0.00597	0.00380	0.00384	0.00117	0.00518	0.00334	0.00220	0.00577
23	0.00478	0.00341	0.00455	0.00546	0.00569	0.00318	0.00364	0.00546	0.00751	0.01001	0.02161	0.85966	0.02593	0.01228	0.00500	0.00159	0.00227	0.01114	0.00364	0.00318
24	0.00560	0.00425	0.00497	0.02565	0.01940	0.00381	0.00382	0.01640	0.00906	0.04329	0.10421	0.17968	0.50586	0.00971	0.00467	0.00138	0.00231	0.04866	0.00368	0.00358
25	0.01007	0.34889	0.05068	0.19189	0.11441	0.03241	0.10036	0.06030	0.00902	0.03764	0.00692	0.00858	0.00556	0.00365	0.00342	0.00108	0.00486	0.00303	0.00200	0.00522
26	0.00673	0.00601	0.00986	0.55271	0.03947	0.00707	0.02264	0.00879	0.00785	0.01020	0.01156	0.24246	0.01162	0.00646	0.00429	0.00140	0.00437	0.04010	0.00235	0.00407
27	0.80603	0.04092	0.00668	0.00544	0.00794	0.00925	0.00452	0.05787	0.00739	0.01767	0.00568	0.00654	0.00441	0.00369	0.00251	0.00120	0.00315	0.00220	0.00248	0.00441
28	0.00866	0.00872	0.01185	0.01019	0.01026	0.03270	0.00846	0.00953	0.00614	0.00943	0.00530	0.00870	0.00526	0.00734	0.03286	0.00181	0.81336	0.00343	0.00173	0.00428
29	0.01068	0.00965	0.01424	0.10669	0.53349	0.03768	0.01064	0.18782	0.01092	0.01494	0.00796	0.02312	0.00648	0.00396	0.00390	0.00118	0.00469	0.00359	0.00238	0.00601

[dist]
# distance from previous block
# <min> <max>
0	9

[block]
# block no. 1 follows, 69 sequences, length 9
# corresponding to MSA columns:
# 397-405
name=unknown_B
#
# <colnr> <probs for GDERKNQSTAVLIFYWHMCP>
#	G	D	E	R	K	N	Q	S	T	A	V	L	I	F	Y	W	H	M	C	P
0	0.00549	0.00401	0.00516	0.00487	0.00582	0.00367	0.00365	0.00729	0.01096	0.01540	0.78624	0.02981	0.08665	0.00813	0.00462	0.00124	0.00186	0.00716	0.00427	0.00367
1	0.00497	0.00397	0.00426	0.00418	0.00540	0.00342	0.00314	0.00620	0.00941	0.01198	0.22610	0.03473	0.61173	0.00924	0.00455	0.00128	0.00195	0.00779	0.04230	0.00342
2	0.00558	0.00412	0.00464	0.00444	0.00572	0.00356	0.00335	0.00688	0.00976	0.05378	0.30009	0.03373	0.53221	0.00905	0.00460	0.00129	0.00201	0.00767	0.00392	0.00361
3	0.00479	0.00395	0.00420	0.00420	0.00540	0.00337	0.00313	0.00591	0.00922	0.01140	0.16886	0.07347	0.66910	0.00972	0.00465	0.00132	0.00198	0.00821	0.00375	0.00337
4	0.00979	0.00832	0.00882	0.00788	0.01007	0.00956	0.00614	0.05823	0.75132	0.01676	0.05655	0.01511	0.01297	0.00542	0.00402	0.00132	0.00310	0.00452	0.00400	0.00610
5	0.00858	0.00858	0.01201	0.01029	0.01029	0.01201	0.00858	0.00943	0.00600	0.00943	0.00515	0.00858	0.00515	0.00686	0.01287	0.00172	0.85505	0.00343	0.00172	0.00429
6	0.03310	0.03173	0.03527	0.00840	0.01123	0.04787	0.03607	0.22788	0.01226	0.41476	0.01145	0.01098	0.00774	0.00482	0.00474	0.00124	0.08683	0.00363	0.00384	0.00617
7	0.00648	0.00491	0.00730	0.04577	0.00841	0.00590	0.00562	0.00788	0.00653	0.04165	0.00993	0.01433	0.00907	0.02475	0.68178	0.00536	0.10435	0.00407	0.00215	0.00375
8	0.29946	0.05989	0.08424	0.02721	0.11068	0.00882	0.03511	0.10643	0.00906	0.04175	0.00770	0.04733	0.00637	0.00406	0.00325	0.00111	0.00382	0.00314	0.00252	0.13806

[dist]
# distance from previous block
# <min> <max>
0	6

[block]
# block no. 2 follows, 69 sequences, length 19
# corresponding to MSA columns:
# 412-419,636-646
name=unknown_C
#
# <colnr> <probs for GDERKNQSTAVLIFYWHMCP>
#	G	D	E	R	K	N	Q	S	T	A	V	L	I	F	Y	W	H	M	C	P
0	0.19156	0.44176	0.01470	0.00718	0.02454	0.06669	0.00631	0.10990	0.03205	0.01330	0.00638	0.00713	0.00533	0.00365	0.00282	0.00097	0.00406	0.00240	0.00223	0.05703
1	0.00740	0.00697	0.01176	0.85280	0.02700	0.00871	0.01089	0.01002	0.00784	0.01002	0.00697	0.01045	0.00523	0.00392	0.00392	0.00131	0.00523	0.00348	0.00174	0.00436
2	0.00894	0.00773	0.00865	0.02707	0.09105	0.06986	0.00612	0.13027	0.19403	0.01568	0.27891	0.06250	0.05592	0.00639	0.00437	0.00126	0.01725	0.00541	0.00361	0.00498
3	0.88991	0.00758	0.00576	0.00516	0.00758	0.00879	0.00425	0.01152	0.00667	0.01759	0.00546	0.00637	0.00425	0.00364	0.00243	0.00121	0.00303	0.00212	0.00243	0.00425
4	0.00508	0.00399	0.00459	0.00444	0.00557	0.00350	0.00333	0.00649	0.00999	0.01309	0.42690	0.03362	0.44744	0.00900	0.00463	0.00128	0.00192	0.00770	0.00397	0.00350
5	0.00746	0.00705	0.01177	0.80884	0.02613	0.00888	0.01077	0.00999	0.00774	0.00999	0.00687	0.01035	0.00522	0.00407	0.00439	0.00133	0.04957	0.00348	0.00174	0.00435
6	0.00632	0.00465	0.00635	0.00627	0.00693	0.02412	0.00478	0.00750	0.04380	0.00919	0.02428	0.01582	0.02302	0.02267	0.54229	0.18969	0.02641	0.03042	0.00220	0.00329
7	0.00480	0.00346	0.00451	0.00534	0.00562	0.00321	0.00356	0.00548	0.00754	0.00997	0.02238	0.78805	0.07214	0.03700	0.00542	0.00164	0.00230	0.01082	0.00360	0.00317
8	0.05554	0.00771	0.00820	0.00731	0.00941	0.02018	0.00566	0.07850	0.48078	0.05139	0.02860	0.14133	0.01305	0.00607	0.00398	0.00129	0.00310	0.00510	0.00374	0.06906
9	0.01272	0.01488	0.01023	0.00884	0.01124	0.56636	0.00674	0.05293	0.01055	0.01111	0.00660	0.00772	0.00547	0.00461	0.03074	0.00108	0.00600	0.00258	0.00219	0.22740
10	0.71340	0.00794	0.00677	0.03781	0.00888	0.00913	0.00491	0.12447	0.00839	0.01822	0.00624	0.00715	0.00476	0.00382	0.00270	0.00120	0.00326	0.00241	0.02397	0.00457
11	0.00517	0.00361	0.00463	0.00528	0.00577	0.00330	0.00361	0.00596	0.00796	0.03483	0.05699	0.68786	0.13738	0.01157	0.00491	0.00153	0.00225	0.01037	0.00370	0.00333
12	0.00958	0.00916	0.01550	0.06959	0.77136	0.00929	0.01182	0.01215	0.03018	0.01275	0.00757	0.00987	0.00630	0.00356	0.00389	0.00118	0.00465	0.00352	0.00198	0.00611
13	0.00550	0.00401	0.00517	0.00488	0.00582	0.00368	0.00366	0.00730	0.01097	0.01543	0.78997	0.02977	0.08291	0.00812	0.00462	0.00124	0.00186	0.00716	0.00428	0.00368
14	0.00560	0.00419	0.00623	0.00623	0.00690	0.00486	0.00481	0.00695	0.00628	0.00905	0.01057	0.01577	0.00996	0.05907	0.81724	0.00621	0.01026	0.00425	0.00211	0.00346
15	0.00682	0.00600	0.00865	0.00794	0.00835	0.00782	0.00641	0.00800	0.00618	0.00924	0.00830	0.01259	0.00789	0.02013	0.50377	0.00441	0.35782	0.00388	0.00194	0.00382
16	0.00581	0.00402	0.00500	0.00486	0.00587	0.00363	0.00360	0.00728	0.01004	0.05077	0.48629	0.15277	0.21107	0.00886	0.00462	0.00130	0.00201	0.00774	0.02078	0.00367
17	0.00813	0.00697	0.00813	0.00581	0.00929	0.00523	0.00465	0.00987	0.00813	0.01277	0.00697	0.00813	0.00581	0.00290	0.00290	0.00058	0.00290	0.00232	0.00232	0.88619
18	0.00573	0.00414	0.00518	0.00518	0.00537	0.00441	0.00342	0.00620	0.00640	0.00878	0.06154	0.14971	0.01613	0.50999	0.13004	0.00352	0.06257	0.00625	0.00260	0.00286

[dist]
# distance from previous block
# <min> <max>
4	7

[block]
# block no. 3 follows, 69 sequences, length 48
# corresponding to MSA columns:
# 660-705,708,710
name=unknown_D
#
# <colnr> <probs for GDERKNQSTAVLIFYWHMCP>
#	G	D	E	R	K	N	Q	S	T	A	V	L	I	F	Y	W	H	M	C	P
0	0.00936	0.03183	0.01174	0.54880	0.04312	0.05788	0.00957	0.17165	0.01032	0.01324	0.04937	0.01087	0.00713	0.00426	0.00389	0.00124	0.00494	0.00358	0.00232	0.00486
1	0.04477	0.01386	0.29352	0.01046	0.01421	0.03910	0.09213	0.30752	0.01197	0.04158	0.00797	0.00899	0.00582	0.00438	0.00471	0.00126	0.08591	0.00334	0.00266	0.00584
2	0.01399	0.02239	0.00964	0.00766	0.01039	0.00848	0.00621	0.18137	0.28502	0.36589	0.03670	0.01330	0.01051	0.00504	0.00395	0.00124	0.00343	0.00408	0.00431	0.00641
3	0.01110	0.00848	0.00918	0.00795	0.01034	0.00954	0.00627	0.11720	0.63703	0.10110	0.02778	0.01410	0.01149	0.00524	0.00399	0.00130	0.00325	0.00431	0.00407	0.00627
4	0.00537	0.00371	0.00453	0.00494	0.00513	0.00360	0.00316	0.00581	0.00679	0.00903	0.03480	0.34526	0.03414	0.44689	0.01267	0.00272	0.00313	0.06250	0.00301	0.00281
5	0.00831	0.00707	0.00823	0.00589	0.00937	0.00541	0.00472	0.03144	0.00840	0.01309	0.00703	0.00816	0.00583	0.00295	0.00293	0.00060	0.00294	0.00235	0.00237	0.86291
6	0.03371	0.01170	0.01034	0.00900	0.01133	0.25143	0.04292	0.09479	0.46021	0.01508	0.01186	0.01157	0.00901	0.00476	0.00384	0.00122	0.00452	0.00375	0.00329	0.00568
7	0.00575	0.00402	0.00507	0.00495	0.00571	0.00381	0.00357	0.00701	0.00913	0.03045	0.42880	0.06737	0.11188	0.19591	0.06189	0.00217	0.00297	0.04252	0.00363	0.00339
8	0.00566	0.00389	0.00458	0.00464	0.00470	0.00398	0.00278	0.00582	0.00594	0.00798	0.01313	0.11778	0.01514	0.70954	0.05537	0.00362	0.02422	0.00619	0.00249	0.00256
9	0.13848	0.00914	0.00963	0.00789	0.01051	0.01010	0.00640	0.44333	0.16053	0.07123	0.01144	0.06489	0.00906	0.00530	0.00383	0.00125	0.00371	0.02358	0.00375	0.00594
10	0.00956	0.00630	0.00709	0.00619	0.00757	0.00661	0.00452	0.18947	0.11520	0.10516	0.01350	0.04501	0.02667	0.39230	0.01123	0.00241	0.00366	0.02626	0.01690	0.00438
11	0.00541	0.00369	0.00439	0.00466	0.00475	0.00361	0.00280	0.00567	0.00640	0.00856	0.03688	0.28285	0.01845	0.57773	0.01494	0.00305	0.00328	0.00742	0.00282	0.00266
12	0.00801	0.00684	0.00800	0.00579	0.00916	0.00515	0.00461	0.00971	0.00811	0.01267	0.00751	0.03954	0.00655	0.00325	0.00298	0.00062	0.00288	0.00265	0.00237	0.85362
13	0.00525	0.00401	0.00477	0.00485	0.00580	0.00378	0.00359	0.00627	0.02914	0.01016	0.05135	0.11998	0.45270	0.01376	0.14870	0.10443	0.00368	0.02137	0.00318	0.00323
14	0.00523	0.00376	0.00449	0.00475	0.00519	0.00353	0.00314	0.00590	0.00763	0.01006	0.13202	0.28527	0.16389	0.31636	0.01026	0.00229	0.00275	0.02721	0.00328	0.00300
15	0.00740	0.00697	0.01176	0.85280	0.02700	0.00871	0.01089	0.01002	0.00784	0.01002	0.00697	0.01045	0.00523	0.00392	0.00392	0.00131	0.00523	0.00348	0.00174	0.00436
16	0.01270	0.05313	0.01238	0.01011	0.01231	0.48181	0.08506	0.08324	0.09832	0.01183	0.00765	0.00878	0.00619	0.00526	0.03545	0.00132	0.06405	0.00312	0.00235	0.00494
17	0.00467	0.00397	0.00403	0.00401	0.00532	0.00333	0.00301	0.00570	0.00903	0.01082	0.07502	0.03735	0.80073	0.00984	0.00463	0.00132	0.00198	0.00822	0.00367	0.00333
18	0.00565	0.00383	0.00475	0.00497	0.00560	0.00355	0.00344	0.00659	0.00836	0.04341	0.19773	0.35801	0.14262	0.15477	0.00732	0.00182	0.00245	0.01815	0.02365	0.00333
19	0.00490	0.00403	0.00448	0.00484	0.02025	0.00355	0.00341	0.00611	0.02962	0.01070	0.04514	0.25400	0.57459	0.01029	0.00470	0.00139	0.00214	0.00883	0.00363	0.00341
20	0.00750	0.00703	0.01164	0.81758	0.02630	0.00875	0.01069	0.01047	0.04215	0.01028	0.00734	0.01063	0.00551	0.00398	0.00392	0.00131	0.00514	0.00352	0.00184	0.00443
21	0.00786	0.02028	0.84191	0.01117	0.01697	0.00910	0.01448	0.01242	0.00828	0.01242	0.00704	0.00828	0.00497	0.00372	0.00372	0.00124	0.00579	0.00290	0.00166	0.00579
22	0.02792	0.01115	0.07445	0.12052	0.10553	0.08973	0.35635	0.06031	0.00947	0.03524	0.00756	0.00975	0.00579	0.00388	0.00476	0.00128	0.06511	0.00382	0.00211	0.00526
23	0.00472	0.00397	0.00409	0.00406	0.00535	0.00335	0.00305	0.00579	0.00914	0.01106	0.11309	0.03695	0.76251	0.00975	0.00463	0.00132	0.00197	0.00816	0.00370	0.00335
24	0.01771	0.30811	0.22790	0.01080	0.01469	0.03884	0.23574	0.01236	0.02917	0.01132	0.00692	0.00844	0.00552	0.00367	0.00391	0.00113	0.04072	0.00315	0.01466	0.00525
25	0.00473	0.00387	0.00418	0.00433	0.00541	0.00332	0.00316	0.00574	0.00884	0.01089	0.10014	0.18994	0.62141	0.01021	0.00470	0.00137	0.00203	0.00871	0.00369	0.00332
26	0.00533	0.00395	0.00497	0.00481	0.00575	0.00359	0.00357	0.00694	0.01044	0.01440	0.63631	0.09861	0.16942	0.00868	0.00466	0.00128	0.00191	0.00762	0.00415	0.00359
27	0.00858	0.00858	0.01201	0.01029	0.01029	0.01201	0.00858	0.00943	0.00600	0.00943	0.00515	0.00858	0.00515	0.00686	0.01287	0.00172	0.85505	0.00343	0.00172	0.00429
28	0.50494	0.00803	0.00767	0.00637	0.00903	0.00880	0.00523	0.15243	0.06118	0.18909	0.00886	0.00885	0.00627	0.00418	0.00309	0.00121	0.00332	0.00288	0.00328	0.00528
29	0.00858	0.00858	0.01201	0.01029	0.01029	0.01201	0.00858	0.00943	0.00600	0.00943	0.00515	0.00858	0.00515	0.00686	0.01287	0.00172	0.85505	0.00343	0.00172	0.00429
30	0.43533	0.00744	0.00901	0.00716	0.00990	0.00762	0.10536	0.01402	0.00879	0.29847	0.05415	0.01051	0.00810	0.00425	0.00333	0.00123	0.00351	0.00332	0.00330	0.00517
31	0.01525	0.01002	0.01112	0.00857	0.01165	0.01079	0.00707	0.63369	0.04730	0.18745	0.01087	0.01039	0.00747	0.00476	0.00393	0.00119	0.00407	0.00365	0.00411	0.00665
32	0.02161	0.00402	0.00528	0.00564	0.00633	0.00377	0.00403	0.00751	0.00827	0.10293	0.10543	0.54542	0.02380	0.06070	0.01541	0.00171	0.00264	0.06813	0.00373	0.00363
33	0.01490	0.01113	0.01175	0.00904	0.01216	0.02878	0.00745	0.80858	0.01829	0.02441	0.00935	0.00937	0.00663	0.00469	0.00391	0.00117	0.00437	0.00351	0.00388	0.00662
34	0.01348	0.00974	0.01033	0.00824	0.01104	0.04208	0.00666	0.46081	0.18227	0.11731	0.01135	0.01123	0.00823	0.02229	0.00418	0.00122	0.00392	0.00371	0.02291	0.04898
35	0.00542	0.00440	0.02646	0.00589	0.00651	0.00393	0.04021	0.00629	0.00743	0.00983	0.01963	0.45873	0.07892	0.21398	0.00854	0.00210	0.00304	0.09228	0.00321	0.00320
36	0.23044	0.00593	0.00613	0.00528	0.00726	0.00612	0.00423	0.05529	0.03944	0.21890	0.01156	0.01197	0.00841	0.00444	0.00307	0.00109	0.00268	0.00337	0.36958	0.00479
37	0.02380	0.00806	0.01158	0.00989	0.01055	0.03368	0.09175	0.00959	0.00699	0.02820	0.00874	0.12200	0.00898	0.00719	0.00982	0.00161	0.54301	0.04547	0.01481	0.00426
38	0.00792	0.03757	0.82509	0.01108	0.01683	0.00924	0.01433	0.01240	0.00827	0.01235	0.00700	0.00824	0.00497	0.00372	0.00370	0.00123	0.00576	0.00288	0.00166	0.00578
39	0.22978	0.00749	0.00857	0.00682	0.00967	0.00747	0.00561	0.10746	0.06211	0.49685	0.01238	0.01128	0.00817	0.00457	0.00357	0.00122	0.00336	0.00348	0.00410	0.00605
40	0.00474	0.00393	0.00416	0.00425	0.00543	0.00335	0.00316	0.00578	0.00894	0.01091	0.09179	0.11820	0.68503	0.01005	0.00469	0.00135	0.00204	0.02517	0.00369	0.00333
41	0.00535	0.00391	0.00496	0.00551	0.00588	0.00386	0.00376	0.02012	0.02922	0.01021	0.03011	0.62003	0.05692	0.13093	0.00724	0.00188	0.02323	0.03020	0.00344	0.00326
42	0.00854	0.00845	0.01179	0.01012	0.01015	0.01179	0.00843	0.00943	0.00606	0.00957	0.00534	0.00873	0.00527	0.00680	0.01261	0.00169	0.83313	0.00344	0.02438	0.00427
43	0.17422	0.00725	0.00876	0.00685	0.00978	0.00693	0.00565	0.09607	0.01110	0.61316	0.01308	0.01171	0.00843	0.00462	0.00367	0.00121	0.00338	0.00358	0.00433	0.00624
44	0.03069	0.00995	0.01140	0.48151	0.03099	0.20437	0.00941	0.01131	0.00837	0.01018	0.00649	0.00922	0.00519	0.00427	0.00490	0.00126	0.11429	0.00317	0.00185	0.04118
45	0.00934	0.00731	0.00811	0.00742	0.00927	0.00819	0.00570	0.02923	0.57081	0.07349	0.04682	0.16158	0.01494	0.00662	0.00437	0.00137	0.02029	0.00563	0.00395	0.00559
46	0.00598	0.00426	0.00590	0.00678	0.00752	0.00422	0.00566	0.00750	0.00862	0.01127	0.02072	0.21425	0.02306	0.03261	0.00570	0.00181	0.00334	0.62375	0.00358	0.00349
47	0.83493	0.00763	0.00614	0.04058	0.00849	0.00886	0.00459	0.02837	0.00696	0.01742	0.00560	0.00660	0.00434	0.00367	0.00252	0.00122	0.00315	0.00221	0.00243	0.00430

[dist]
# distance from previous block
# <min> <max>
0	21

[block]
# block no. 4 follows, 69 sequences, length 53
# corresponding to MSA columns:
# 732-745,748-786
name=unknown_E
#
# <colnr> <probs for GDERKNQSTAVLIFYWHMCP>
#	G	D	E	R	K	N	Q	S	T	A	V	L	I	F	Y	W	H	M	C	P
0	0.00511	0.00380	0.00495	0.02237	0.00636	0.00358	0.00399	0.00621	0.00845	0.01123	0.16632	0.47562	0.14346	0.01144	0.03183	0.00166	0.00260	0.08399	0.00367	0.00337
1	0.00824	0.00775	0.01325	0.52318	0.23703	0.00876	0.05767	0.01073	0.00820	0.02139	0.00728	0.01029	0.00569	0.00427	0.02005	0.00135	0.01633	0.00353	0.00187	0.03312
2	0.01118	0.00827	0.00903	0.00787	0.01025	0.00925	0.00619	0.05631	0.66957	0.14247	0.01559	0.01420	0.01139	0.00522	0.00398	0.00131	0.00319	0.00432	0.00412	0.00630
3	0.00558	0.00394	0.00510	0.00491	0.00577	0.00365	0.00364	0.00733	0.01065	0.01520	0.72481	0.09625	0.03463	0.00818	0.00455	0.00125	0.00188	0.00724	0.05180	0.00365
4	0.00567	0.00380	0.00434	0.00436	0.00439	0.00381	0.00248	0.00573	0.00578	0.00772	0.01261	0.05276	0.01453	0.81366	0.03999	0.00379	0.00392	0.00584	0.00241	0.00243
5	0.01006	0.00858	0.00904	0.00804	0.01031	0.00990	0.00628	0.06912	0.78189	0.01690	0.01556	0.01431	0.01165	0.00528	0.00399	0.00132	0.00318	0.00438	0.00399	0.00623
6	0.01048	0.86458	0.02054	0.00671	0.01006	0.01551	0.00671	0.01174	0.00797	0.00922	0.00545	0.00629	0.00503	0.00335	0.00252	0.00084	0.00419	0.00210	0.00168	0.00503
7	0.00858	0.00858	0.01201	0.01029	0.01029	0.01201	0.00858	0.00943	0.00600	0.00943	0.00515	0.00858	0.00515	0.00686	0.01287	0.00172	0.85505	0.00343	0.00172	0.00429
8	0.01490	0.01098	0.01177	0.00902	0.01216	0.01216	0.00745	0.82470	0.01843	0.02471	0.00941	0.00941	0.00667	0.00471	0.00392	0.00118	0.00431	0.00353	0.00392	0.00667
9	0.00478	0.00341	0.00455	0.00546	0.00569	0.00318	0.00364	0.00546	0.00751	0.01001	0.02161	0.85966	0.02593	0.01228	0.00500	0.00159	0.00227	0.01114	0.00364	0.00318
10	0.00581	0.00420	0.00566	0.00539	0.00577	0.00439	0.03604	0.00638	0.00603	0.00827	0.01160	0.02187	0.01254	0.56933	0.27595	0.00448	0.00599	0.00519	0.00227	0.00284
11	0.80194	0.00768	0.00622	0.00543	0.00792	0.00877	0.00447	0.04811	0.00745	0.06419	0.00620	0.00690	0.00466	0.00375	0.00258	0.00121	0.00311	0.00229	0.00263	0.00449
12	0.00564	0.00377	0.00429	0.00435	0.00437	0.00376	0.00246	0.00568	0.00582	0.00776	0.01297	0.08140	0.01503	0.80541	0.01895	0.00365	0.00370	0.00607	0.00246	0.00243
13	0.14411	0.17523	0.07682	0.02158	0.01076	0.02376	0.00672	0.10062	0.03051	0.35720	0.01044	0.01000	0.00719	0.00426	0.00341	0.00114	0.00384	0.00317	0.00340	0.00584
14	0.04636	0.51833	0.04724	0.00754	0.01056	0.14441	0.00695	0.07243	0.06260	0.01156	0.03508	0.00805	0.00667	0.00387	0.00299	0.00097	0.00452	0.00262	0.00217	0.00510
15	0.01152	0.00573	0.00730	0.00633	0.00830	0.00529	0.00499	0.04921	0.05859	0.38388	0.03746	0.15695	0.12014	0.01919	0.00497	0.03679	0.00300	0.05635	0.00411	0.01991
16	0.33463	0.00747	0.00780	0.00650	0.00904	0.00791	0.00528	0.08512	0.14004	0.28090	0.06855	0.01177	0.00971	0.00469	0.00344	0.00123	0.00317	0.00354	0.00371	0.00550
17	0.09648	0.01138	0.10679	0.00874	0.01210	0.01097	0.00782	0.58412	0.02440	0.08498	0.00930	0.00935	0.00653	0.00451	0.00376	0.00119	0.00428	0.00337	0.00359	0.00633
18	0.00473	0.00399	0.00411	0.00414	0.00543	0.00337	0.00314	0.00579	0.00902	0.01083	0.06868	0.03767	0.77376	0.00989	0.00466	0.00134	0.00205	0.04039	0.00366	0.00334
19	0.00541	0.00357	0.00483	0.00548	0.00577	0.00340	0.00374	0.00591	0.01581	0.01984	0.05347	0.62753	0.02271	0.02291	0.00683	0.14351	0.00253	0.04033	0.00336	0.00305
20	0.17539	0.00737	0.00752	0.00677	0.00877	0.03518	0.00527	0.01557	0.37286	0.11000	0.12981	0.08302	0.01469	0.00585	0.00385	0.00129	0.00300	0.00480	0.00375	0.00524
21	0.01464	0.01868	0.01111	0.01010	0.01212	0.84648	0.00757	0.01565	0.01111	0.00959	0.00606	0.00707	0.00505	0.00404	0.00353	0.00101	0.00707	0.00252	0.00202	0.00454
22	0.00970	0.00931	0.01591	0.02406	0.83777	0.00931	0.01203	0.01203	0.00893	0.01281	0.00737	0.00970	0.00621	0.00349	0.00388	0.00116	0.00466	0.00349	0.00194	0.00621
23	0.00530	0.00368	0.00487	0.00561	0.00607	0.00344	0.00398	0.00620	0.00798	0.03107	0.04750	0.66307	0.07450	0.01165	0.00499	0.00158	0.00243	0.10904	0.00369	0.00335
24	0.00485	0.00348	0.00463	0.00551	0.00579	0.00325	0.00375	0.00561	0.00765	0.01018	0.03474	0.80168	0.03530	0.01212	0.00501	0.00159	0.00232	0.04568	0.00365	0.00321
25	0.03211	0.00859	0.03001	0.03016	0.53024	0.00848	0.00977	0.01322	0.11536	0.08348	0.06151	0.04095	0.00977	0.00444	0.00395	0.00121	0.00408	0.00409	0.00266	0.00590
26	0.09077	0.00504	0.00552	0.00502	0.00581	0.00517	0.00331	0.07676	0.00740	0.09096	0.01176	0.02127	0.01223	0.62568	0.01539	0.00308	0.00373	0.00501	0.00275	0.00333
27	0.02206	0.00783	0.00858	0.00737	0.00968	0.01899	0.00582	0.09408	0.45905	0.18544	0.04856	0.01526	0.04358	0.01320	0.00409	0.00129	0.00317	0.00443	0.04157	0.00594
28	0.00483	0.00347	0.00461	0.00550	0.00577	0.00324	0.00373	0.00557	0.00759	0.01009	0.02194	0.81144	0.04208	0.01218	0.00501	0.00160	0.00232	0.04220	0.00364	0.00320
29	0.04265	0.00972	0.01096	0.09641	0.06727	0.03088	0.00759	0.43644	0.18059	0.03990	0.01037	0.01066	0.00760	0.00462	0.00384	0.00121	0.00412	0.00365	0.02542	0.00610
30	0.01215	0.45796	0.01569	0.00805	0.01072	0.37699	0.00691	0.01333	0.00935	0.00962	0.00604	0.00700	0.00526	0.00371	0.00297	0.00092	0.00534	0.00235	0.04088	0.00476
31	0.00593	0.00453	0.00550	0.00516	0.00630	0.00437	0.00390	0.00877	0.10949	0.01508	0.62437	0.02871	0.14704	0.00796	0.00455	0.00126	0.00202	0.00694	0.00418	0.00395
32	0.14340	0.60191	0.08527	0.00691	0.01018	0.02733	0.00692	0.02180	0.00791	0.01095	0.00587	0.00692	0.00514	0.00461	0.04017	0.00118	0.00448	0.00229	0.00184	0.00492
33	0.04162	0.00807	0.03216	0.12363	0.04631	0.00921	0.02361	0.01295	0.00820	0.27842	0.00893	0.01037	0.00665	0.00542	0.00766	0.00144	0.36381	0.00357	0.00277	0.00520
34	0.00636	0.00443	0.00556	0.00511	0.00621	0.00421	0.00388	0.04708	0.02170	0.03289	0.70108	0.02730	0.05748	0.00763	0.00447	0.00122	0.00202	0.00667	0.05078	0.00392
35	0.00479	0.00408	0.00414	0.00411	0.00544	0.00348	0.00308	0.00607	0.02930	0.01092	0.06822	0.03685	0.78662	0.00974	0.00462	0.00132	0.00201	0.00814	0.00367	0.00340
36	0.00798	0.00385	0.00401	0.00387	0.00492	0.00379	0.00294	0.00978	0.00842	0.06825	0.01296	0.01453	0.01003	0.00459	0.00282	0.00093	0.00192	0.00367	0.82689	0.00385
37	0.00555	0.00401	0.00524	0.00493	0.00586	0.00370	0.00370	0.00740	0.01110	0.01572	0.83570	0.02928	0.03699	0.00801	0.00462	0.00123	0.00185	0.00709	0.00432	0.00370
38	0.01490	0.01098	0.01177	0.00902	0.01216	0.01216	0.00745	0.82470	0.01843	0.02471	0.00941	0.00941	0.00667	0.00471	0.00392	0.00118	0.00431	0.00353	0.00392	0.00667
39	0.01029	0.01143	0.01175	0.01024	0.01081	0.24715	0.00829	0.01119	0.00744	0.00948	0.00540	0.00815	0.00512	0.00607	0.01024	0.00152	0.61611	0.00318	0.00180	0.00436
40	0.00941	0.00804	0.00848	0.00762	0.00976	0.00917	0.00593	0.04502	0.71974	0.01619	0.03775	0.01664	0.07744	0.00573	0.00405	0.00132	0.00302	0.00477	0.00397	0.00593
41	0.18575	0.00494	0.00472	0.00441	0.00579	0.00523	0.00342	0.05768	0.00856	0.03570	0.01146	0.03965	0.00918	0.00464	0.00285	0.00102	0.00227	0.00358	0.60515	0.00401
42	0.00913	0.00873	0.01487	0.23114	0.63518	0.00916	0.01175	0.01153	0.00865	0.01211	0.00727	0.00989	0.00596	0.00360	0.00389	0.00120	0.00480	0.00349	0.00189	0.00575
43	0.00804	0.07689	0.78684	0.01087	0.01650	0.00953	0.01396	0.01237	0.00826	0.01220	0.00693	0.00814	0.00497	0.00370	0.00364	0.00121	0.00569	0.00284	0.00166	0.00574
44	0.01464	0.01868	0.01111	0.01010	0.01212	0.84648	0.00757	0.01565	0.01111	0.00959	0.00606	0.00707	0.00505	0.00404	0.00353	0.00101	0.00707	0.00252	0.00202	0.00454
45	0.00872	0.00729	0.00808	0.00768	0.00953	0.00822	0.00615	0.01712	0.59504	0.01503	0.01781	0.02295	0.03526	0.00688	0.00438	0.00145	0.00321	0.21586	0.00388	0.00545
46	0.00595	0.00450	0.00542	0.00509	0.00626	0.00426	0.00389	0.04389	0.04399	0.01481	0.55200	0.03029	0.22071	0.00830	0.00460	0.00128	0.00210	0.03471	0.00410	0.00384
47	0.00490	0.00356	0.00464	0.00537	0.00577	0.00330	0.00370	0.00577	0.00802	0.01067	0.10125	0.68577	0.08704	0.01164	0.00496	0.00155	0.00227	0.04287	0.00370	0.00326
48	0.00740	0.00697	0.01176	0.85280	0.02700	0.00871	0.01089	0.01002	0.00784	0.01002	0.00697	0.01045	0.00523	0.00392	0.00392	0.00131	0.00523	0.00348	0.00174	0.00436
49	0.16077	0.00707	0.00842	0.00675	0.00951	0.00688	0.00552	0.04414	0.10829	0.55077	0.01358	0.01226	0.00898	0.00469	0.00365	0.00122	0.00324	0.00368	0.03449	0.00611
50	0.03088	0.09970	0.08998	0.01062	0.07334	0.05794	0.10354	0.33795	0.01300	0.11714	0.02273	0.00975	0.00696	0.00424	0.00380	0.00116	0.00470	0.00347	0.00309	0.00600
51	0.00501	0.00368	0.00472	0.00537	0.00585	0.00345	0.00373	0.00612	0.02660	0.01089	0.11186	0.64106	0.10678	0.01138	0.00492	0.00153	0.00226	0.03774	0.00372	0.00334
52	0.01069	0.49571	0.11014	0.00771	0.01083	0.16449	0.00739	0.04452	0.00882	0.01022	0.00647	0.00834	0.00583	0.07107	0.00427	0.00116	0.00484	0.00261	0.00189	0.02298

[dist]
# distance from previous block
# <min> <max>
0	12

[block]
# block no. 5 follows, 69 sequences, length 21
# corresponding to MSA columns:
# 799-819
name=unknown_F
#
# <colnr> <probs for GDERKNQSTAVLIFYWHMCP>
#	G	D	E	R	K	N	Q	S	T	A	V	L	I	F	Y	W	H	M	C	P
0	0.00801	0.00685	0.00841	0.09511	0.01102	0.00553	0.00526	0.00972	0.00800	0.01228	0.00696	0.00850	0.00578	0.00338	0.00343	0.03089	0.00317	0.00248	0.00224	0.76298
1	0.00834	0.08679	0.09743	0.08443	0.03438	0.02953	0.03095	0.14471	0.00974	0.02349	0.03052	0.29817	0.03533	0.03903	0.00496	0.01479	0.00384	0.01610	0.00294	0.00451
2	0.00954	0.03119	0.00969	0.07306	0.11913	0.15146	0.00734	0.07446	0.09023	0.03827	0.01483	0.06295	0.06699	0.00681	0.00433	0.00137	0.00430	0.22627	0.00303	0.00475
3	0.00600	0.00412	0.00528	0.00502	0.00606	0.00376	0.00380	0.00768	0.01062	0.05355	0.63866	0.06550	0.12963	0.00838	0.00464	0.00128	0.00202	0.03604	0.00421	0.00377
4	0.01210	0.00906	0.01034	0.00838	0.01070	0.01024	0.00684	0.56394	0.01454	0.01975	0.00946	0.01094	0.00740	0.01132	0.22585	0.00255	0.05386	0.00370	0.00332	0.00570
5	0.00599	0.00411	0.00538	0.00501	0.00601	0.00378	0.00378	0.00783	0.01110	0.04625	0.80534	0.02869	0.03598	0.00790	0.00460	0.00123	0.00190	0.00697	0.00434	0.00381
6	0.00466	0.00397	0.00401	0.00400	0.00531	0.00332	0.00300	0.00569	0.00901	0.01077	0.06699	0.03744	0.80879	0.00986	0.00463	0.00132	0.00198	0.00823	0.00366	0.00332
7	0.00813	0.00697	0.00813	0.00581	0.00929	0.00523	0.00465	0.00987	0.00813	0.01277	0.00697	0.00813	0.00581	0.00290	0.00290	0.00058	0.00290	0.00232	0.00232	0.88619
8	0.01466	0.01832	0.01114	0.01005	0.01212	0.80721	0.00757	0.05374	0.01145	0.01031	0.00622	0.00718	0.00513	0.00407	0.00355	0.00102	0.00694	0.00257	0.00211	0.00464
9	0.01759	0.00667	0.00910	0.00698	0.01001	0.00576	0.00576	0.01911	0.01122	0.84048	0.01547	0.01334	0.00970	0.00485	0.00394	0.00121	0.00334	0.00394	0.00485	0.00667
10	0.00531	0.00384	0.00501	0.00505	0.00579	0.00355	0.00366	0.00681	0.01005	0.01400	0.58822	0.25634	0.05921	0.00924	0.00473	0.00133	0.00197	0.00823	0.00411	0.00355
11	0.00545	0.00442	0.02650	0.00493	0.00605	0.00377	0.00385	0.00723	0.01066	0.01477	0.67994	0.03017	0.17120	0.00823	0.00460	0.00125	0.00197	0.00718	0.00413	0.00369
12	0.03677	0.00800	0.00950	0.00737	0.01030	0.03070	0.00605	0.22323	0.01277	0.52391	0.03097	0.01221	0.00915	0.00476	0.00384	0.00117	0.00360	0.00376	0.02724	0.03471
13	0.00969	0.07885	0.44072	0.05131	0.14455	0.00991	0.02687	0.11588	0.00974	0.05019	0.00763	0.00887	0.00562	0.00389	0.00388	0.00120	0.02009	0.00313	0.00214	0.00585
14	0.01134	0.28671	0.03783	0.03925	0.04257	0.26556	0.13220	0.02428	0.00915	0.02267	0.00635	0.00787	0.00533	0.00398	0.00434	0.00110	0.08972	0.00291	0.00192	0.00494
15	0.00570	0.00380	0.00428	0.00428	0.00428	0.00380	0.00238	0.00570	0.00570	0.00760	0.01235	0.02566	0.01425	0.86222	0.01995	0.00380	0.00380	0.00570	0.00238	0.00238
16	0.00905	0.00855	0.02818	0.29055	0.31430	0.00902	0.08463	0.05613	0.07862	0.02356	0.03034	0.02270	0.00769	0.00419	0.00403	0.00126	0.00475	0.01476	0.00230	0.00540
17	0.00813	0.00697	0.00813	0.00581	0.00929	0.00523	0.00465	0.00987	0.00813	0.01277	0.00697	0.00813	0.00581	0.00290	0.00290	0.00058	0.00290	0.00232	0.00232	0.88619
18	0.03893	0.17986	0.03069	0.08224	0.05419	0.00777	0.00609	0.03315	0.03553	0.10224	0.04089	0.22298	0.02707	0.00671	0.01924	0.00129	0.00351	0.00530	0.04537	0.05695
19	0.01945	0.14825	0.11784	0.01950	0.02319	0.05064	0.01734	0.11572	0.05677	0.03677	0.00837	0.04243	0.00694	0.00434	0.01176	0.01016	0.00405	0.00313	0.00252	0.30083
20	0.02057	0.03634	0.03599	0.01813	0.07482	0.04512	0.04478	0.16528	0.07899	0.03230	0.01884	0.03397	0.00817	0.00792	0.11383	0.00181	0.08261	0.01852	0.00271	0.15928

[dist]
# distance from previous block
# <min> <max>
1	97

[block]
# block no. 6 follows, 69 sequences, length 58
# corresponding to MSA columns:
# 1044-1101
name=unknown_G
#
# <colnr> <probs for GDERKNQSTAVLIFYWHMCP>
#	G	D	E	R	K	N	Q	S	T	A	V	L	I	F	Y	W	H	M	C	P
0	0.02202	0.09621	0.05637	0.00842	0.07562	0.04608	0.01961	0.09770	0.02616	0.06359	0.04774	0.02204	0.00804	0.00487	0.03585	0.00111	0.00400	0.00316	0.00263	0.35878
1	0.02475	0.13391	0.01289	0.06739	0.17536	0.10420	0.01510	0.13798	0.08260	0.01368	0.00821	0.03448	0.00687	0.00431	0.00410	0.00110	0.05528	0.00334	0.00248	0.11196
2	0.08730	0.40619	0.12896	0.00966	0.10387	0.10253	0.00826	0.05755	0.03000	0.02386	0.00658	0.00752	0.00542	0.00367	0.00307	0.00102	0.00464	0.00258	0.00203	0.00529
3	0.04624	0.02185	0.04572	0.11060	0.05904	0.02014	0.00693	0.08133	0.25330	0.01404	0.03285	0.01543	0.07124	0.03689	0.01722	0.01719	0.02462	0.03691	0.00299	0.08545
4	0.00493	0.00406	0.00424	0.00426	0.00550	0.00354	0.00317	0.00630	0.03545	0.01113	0.08177	0.10090	0.67777	0.00971	0.00459	0.00133	0.00203	0.00818	0.02770	0.00342
5	0.00968	0.00845	0.00896	0.00834	0.03264	0.02249	0.00630	0.02004	0.76649	0.01617	0.04466	0.01490	0.01259	0.00534	0.00400	0.00132	0.00316	0.00447	0.00391	0.00609
6	0.00472	0.00395	0.00410	0.00411	0.00536	0.00334	0.00306	0.00577	0.00907	0.01102	0.10845	0.06618	0.73775	0.00985	0.00465	0.00133	0.00198	0.00827	0.00370	0.00334
7	0.00564	0.00404	0.00521	0.00490	0.00587	0.00370	0.00368	0.00743	0.01096	0.02579	0.77336	0.02963	0.08885	0.00810	0.00462	0.00124	0.00188	0.00713	0.00428	0.00371
8	0.00576	0.00409	0.00521	0.00494	0.00588	0.00385	0.00370	0.00782	0.03314	0.01549	0.73242	0.05346	0.03414	0.00784	0.00449	0.00123	0.00190	0.00691	0.06400	0.00375
9	0.00515	0.00402	0.00427	0.00429	0.00556	0.00341	0.00321	0.00615	0.00890	0.04014	0.04499	0.11856	0.70386	0.00998	0.00466	0.00135	0.00209	0.02231	0.00369	0.00343
10	0.07537	0.01088	0.01124	0.00880	0.01175	0.05861	0.02536	0.64848	0.05316	0.02247	0.00929	0.00945	0.00671	0.00459	0.00379	0.00117	0.00432	0.00344	0.02486	0.00625
11	0.00740	0.00697	0.01176	0.85280	0.02700	0.00871	0.01089	0.01002	0.00784	0.01002	0.00697	0.01045	0.00523	0.00392	0.00392	0.00131	0.00523	0.00348	0.00174	0.00436
12	0.00482	0.00344	0.00460	0.00551	0.00575	0.00322	0.00371	0.00553	0.00755	0.01006	0.02158	0.83709	0.02584	0.01224	0.00502	0.00160	0.00231	0.03329	0.00364	0.00320
13	0.00721	0.00426	0.00533	0.00503	0.00566	0.00419	0.00339	0.00788	0.00732	0.11615	0.13022	0.02370	0.01653	0.50940	0.11773	0.00337	0.00429	0.02209	0.00296	0.00328
14	0.03151	0.00543	0.00713	0.00626	0.00798	0.00539	0.00494	0.00890	0.02692	0.04597	0.00953	0.01269	0.00839	0.01854	0.49368	0.00399	0.02256	0.00355	0.00233	0.27431
15	0.01273	0.01559	0.01128	0.23281	0.01605	0.62507	0.00845	0.01416	0.01025	0.00971	0.00630	0.00796	0.00510	0.00401	0.00364	0.00109	0.00658	0.00278	0.00195	0.00449
16	0.00970	0.00931	0.01591	0.02406	0.83777	0.00931	0.01203	0.01203	0.00893	0.01281	0.00737	0.00970	0.00621	0.00349	0.00388	0.00116	0.00466	0.00349	0.00194	0.00621
17	0.88991	0.00758	0.00576	0.00516	0.00758	0.00879	0.00425	0.01152	0.00667	0.01759	0.00546	0.00637	0.00425	0.00364	0.00243	0.00121	0.00303	0.00212	0.00243	0.00425
18	0.01062	0.00638	0.00739	0.00638	0.00850	0.00636	0.00505	0.04011	0.26265	0.26444	0.08281	0.02116	0.21089	0.00653	0.00416	0.00128	0.00282	0.01725	0.02986	0.00537
19	0.03887	0.83691	0.02007	0.00666	0.00998	0.01530	0.00663	0.01173	0.00792	0.00949	0.00545	0.00629	0.00501	0.00336	0.00251	0.00085	0.00416	0.00210	0.00170	0.00501
20	0.00477	0.00342	0.00454	0.00543	0.00568	0.00319	0.00362	0.00546	0.00754	0.01002	0.02200	0.84194	0.04340	0.01223	0.00500	0.00159	0.00227	0.01108	0.00364	0.00319
21	0.00478	0.00341	0.00455	0.00546	0.00569	0.00318	0.00364	0.00546	0.00751	0.01001	0.02161	0.85966	0.02593	0.01228	0.00500	0.00159	0.00227	0.01114	0.00364	0.00318
22	0.00700	0.00574	0.00626	0.00582	0.00737	0.00598	0.00445	0.01226	0.33560	0.01444	0.25019	0.02551	0.26206	0.00740	0.00432	0.00129	0.00239	0.00628	0.03108	0.00458
23	0.03209	0.00739	0.01009	0.11907	0.03406	0.00759	0.00702	0.09336	0.01072	0.50928	0.02420	0.01205	0.00851	0.00493	0.00492	0.00128	0.09980	0.00378	0.00387	0.00599
24	0.01113	0.00578	0.00714	0.00615	0.00817	0.00539	0.00482	0.04838	0.09413	0.36070	0.07993	0.14511	0.19184	0.00731	0.00430	0.00130	0.00280	0.00620	0.00425	0.00517
25	0.00653	0.00430	0.00484	0.00461	0.00604	0.00367	0.00349	0.00763	0.00927	0.12726	0.09248	0.11669	0.58025	0.00932	0.00457	0.00133	0.00219	0.00787	0.00386	0.00380
26	0.00813	0.00697	0.00813	0.00581	0.00929	0.00523	0.00465	0.00987	0.00813	0.01277	0.00697	0.00813	0.00581	0.00290	0.00290	0.00058	0.00290	0.00232	0.00232	0.88619
27	0.00751	0.00695	0.01105	0.52323	0.10367	0.00816	0.02389	0.01040	0.06793	0.01097	0.02780	0.07269	0.05562	0.00510	0.00441	0.00132	0.03833	0.00445	0.00223	0.01430
28	0.00479	0.00394	0.00421	0.00422	0.00541	0.00336	0.00314	0.00590	0.00919	0.01138	0.16731	0.08877	0.65526	0.00977	0.00466	0.00133	0.00198	0.00827	0.00375	0.00336
29	0.00655	0.00359	0.00391	0.00416	0.00489	0.00352	0.00300	0.00804	0.00804	0.01325	0.01584	0.24950	0.03298	0.00683	0.00341	0.00111	0.00195	0.00584	0.62009	0.00352
30	0.02052	0.04376	0.17125	0.07220	0.02973	0.03016	0.04594	0.12123	0.03054	0.32765	0.01125	0.02362	0.00803	0.01894	0.01348	0.00132	0.00446	0.01666	0.00334	0.00590
31	0.01107	0.02068	0.02735	0.05051	0.02356	0.11955	0.07735	0.10725	0.01744	0.19595	0.01463	0.17017	0.05100	0.00666	0.00437	0.00133	0.01286	0.07992	0.00337	0.00499
32	0.00866	0.03249	0.02260	0.04899	0.04559	0.08914	0.00773	0.00963	0.00675	0.00938	0.00669	0.01125	0.00668	0.13289	0.04005	0.00204	0.50979	0.00367	0.00186	0.00413
33	0.00926	0.08310	0.05010	0.00708	0.01895	0.00749	0.02310	0.09979	0.03533	0.02208	0.00747	0.00845	0.00602	0.00337	0.00330	0.00077	0.01971	0.00263	0.00246	0.58955
34	0.01225	0.21511	0.05930	0.04626	0.08351	0.41319	0.02155	0.04923	0.02071	0.01075	0.00640	0.00762	0.00533	0.00393	0.00366	0.00105	0.03047	0.00270	0.00200	0.00498
35	0.00599	0.00450	0.00560	0.00531	0.00636	0.00439	0.00398	0.00886	0.11044	0.01530	0.66329	0.08067	0.05419	0.00801	0.00457	0.00127	0.00203	0.00706	0.00422	0.00396
36	0.00908	0.11329	0.04966	0.41798	0.15414	0.10115	0.04041	0.01134	0.00838	0.01050	0.00671	0.00928	0.00536	0.00390	0.00412	0.00121	0.04360	0.00323	0.00180	0.00485
37	0.00570	0.00381	0.00430	0.00429	0.00432	0.00380	0.00241	0.00575	0.00586	0.00784	0.03634	0.02576	0.01492	0.83734	0.01951	0.00373	0.00374	0.00574	0.00243	0.00241
38	0.00475	0.00380	0.00425	0.00450	0.00546	0.00330	0.00324	0.00571	0.00867	0.01082	0.09696	0.28878	0.52500	0.01050	0.00475	0.00140	0.00206	0.00906	0.00369	0.00330
39	0.00484	0.00396	0.00427	0.00423	0.00543	0.00339	0.00316	0.00602	0.00938	0.01172	0.21722	0.06115	0.63245	0.00957	0.00464	0.00131	0.00196	0.00810	0.00379	0.00339
40	0.29290	0.00696	0.00805	0.00640	0.00924	0.00672	0.00528	0.01671	0.00979	0.58078	0.01231	0.01114	0.00798	0.00447	0.00346	0.00121	0.00324	0.00337	0.00409	0.00591
41	0.88991	0.00758	0.00576	0.00516	0.00758	0.00879	0.00425	0.01152	0.00667	0.01759	0.00546	0.00637	0.00425	0.00364	0.00243	0.00121	0.00303	0.00212	0.00243	0.00425
42	0.01195	0.55277	0.01723	0.00756	0.01077	0.04380	0.00695	0.25864	0.03335	0.01412	0.00696	0.00749	0.00571	0.00384	0.00302	0.00096	0.00430	0.00261	0.00243	0.00554
43	0.88991	0.00758	0.00576	0.00516	0.00758	0.00879	0.00425	0.01152	0.00667	0.01759	0.00546	0.00637	0.00425	0.00364	0.00243	0.00121	0.00303	0.00212	0.00243	0.00425
44	0.00813	0.00697	0.00813	0.00581	0.00929	0.00523	0.00465	0.00987	0.00813	0.01277	0.00697	0.00813	0.00581	0.00290	0.00290	0.00058	0.00290	0.00232	0.00232	0.88619
45	0.00976	0.00953	0.01566	0.05983	0.76575	0.03632	0.02161	0.01207	0.00895	0.01258	0.00732	0.00966	0.00613	0.00353	0.00388	0.00117	0.00478	0.00348	0.00193	0.00606
46	0.00971	0.00542	0.01908	0.05354	0.00849	0.00513	0.00490	0.03933	0.00867	0.26728	0.03170	0.09900	0.05267	0.23314	0.10484	0.00255	0.00427	0.04253	0.00339	0.00435
47	0.00492	0.00393	0.00441	0.00444	0.00553	0.00342	0.00330	0.00613	0.00937	0.01193	0.25246	0.12021	0.52356	0.00967	0.00468	0.00133	0.00201	0.02146	0.00382	0.00341
48	0.01022	0.60493	0.19027	0.00790	0.01159	0.04912	0.00840	0.01215	0.00818	0.02992	0.00604	0.00698	0.00513	0.00361	0.00318	0.00097	0.03210	0.00237	0.00176	0.00518
49	0.00496	0.00350	0.00448	0.00519	0.00539	0.00331	0.00337	0.00551	0.00717	0.00953	0.02006	0.67697	0.03784	0.18368	0.00801	0.00203	0.00258	0.01000	0.00338	0.00302
50	0.00806	0.05550	0.44083	0.01209	0.03145	0.00893	0.25394	0.01157	0.00847	0.01202	0.00902	0.11307	0.00785	0.00462	0.00410	0.00129	0.00551	0.00439	0.00200	0.00529
51	0.00925	0.01058	0.02313	0.01652	0.02049	0.00991	0.82353	0.01256	0.00925	0.01256	0.00793	0.01058	0.00595	0.00330	0.00463	0.00132	0.00661	0.00463	0.00198	0.00529
52	0.00657	0.00480	0.00651	0.00728	0.00828	0.00490	0.00631	0.00906	0.06978	0.01208	0.02040	0.04203	0.02178	0.01042	0.00531	0.00177	0.00357	0.75171	0.00364	0.00380
53	0.00572	0.00497	0.00698	0.31504	0.01334	0.00528	0.00602	0.00729	0.00840	0.01054	0.06437	0.16747	0.35390	0.00803	0.00443	0.00136	0.00321	0.00695	0.00298	0.00369
