[name]
unknown

[dist]
# distance from previous block
# <min> <max>
0	41

[block]
# block no. 0 follows, 67 sequences, length 13
# corresponding to MSA columns:
# 64-76
name=unknown_A
#
# <colnr> <probs for GDERKNQSTAVLIFYWHMCP>
#	G	D	E	R	K	N	Q	S	T	A	V	L	I	F	Y	W	H	M	C	P
0	0.02316	0.06566	0.01177	0.05147	0.02537	0.10424	0.09246	0.08911	0.23747	0.09627	0.01219	0.05177	0.00996	0.00523	0.00403	0.00125	0.00434	0.05233	0.00325	0.05870
1	0.01210	0.08684	0.08971	0.03610	0.15629	0.02281	0.01841	0.28228	0.08074	0.09118	0.00992	0.02738	0.00755	0.00449	0.00382	0.00118	0.00435	0.00365	0.02725	0.03395
2	0.00631	0.00501	0.00602	0.00597	0.00670	0.03712	0.00436	0.00798	0.06635	0.00967	0.01467	0.06647	0.08703	0.20816	0.42564	0.02402	0.00711	0.00535	0.00257	0.00349
3	0.00719	0.00429	0.00585	0.00567	0.00638	0.00413	0.02039	0.02215	0.03068	0.06348	0.04962	0.16754	0.12859	0.03939	0.01016	0.39596	0.00310	0.02952	0.00288	0.00303
4	0.00549	0.00399	0.00536	0.00571	0.00632	0.00369	0.02951	0.00637	0.00809	0.02923	0.05687	0.55270	0.14072	0.08541	0.00636	0.00176	0.00262	0.04281	0.00361	0.00339
5	0.00554	0.00422	0.00513	0.00526	0.00614	0.00398	0.00380	0.00754	0.07000	0.01308	0.33516	0.31092	0.19452	0.00988	0.00482	0.00141	0.00216	0.00871	0.00401	0.00371
6	0.01528	0.01036	0.01139	0.00882	0.01195	0.01124	0.00726	0.63731	0.07751	0.15046	0.01108	0.01065	0.00770	0.00488	0.00402	0.00122	0.00417	0.00374	0.00416	0.00679
7	0.02767	0.00453	0.00557	0.00570	0.00655	0.00443	0.00405	0.02847	0.06942	0.06132	0.18052	0.45048	0.05272	0.07205	0.00591	0.00165	0.00254	0.00871	0.00384	0.00386
8	0.00821	0.00713	0.00886	0.12996	0.01217	0.00587	0.00569	0.01012	0.00827	0.01265	0.00713	0.00867	0.00585	0.00312	0.00312	0.00070	0.00332	0.00255	0.00229	0.75431
9	0.03794	0.00842	0.03568	0.01980	0.02452	0.04806	0.14628	0.06862	0.08907	0.11763	0.05914	0.16148	0.01273	0.00611	0.00468	0.00130	0.04536	0.01876	0.00322	0.09120
10	0.03560	0.21191	0.06201	0.07112	0.08180	0.15585	0.03954	0.21495	0.01159	0.04304	0.00799	0.03265	0.00647	0.00429	0.00361	0.00113	0.00502	0.00329	0.00258	0.00557
11	0.14575	0.04650	0.04023	0.00662	0.00908	0.00778	0.00559	0.15031	0.07553	0.14208	0.08991	0.01804	0.18939	0.00607	0.00408	0.00124	0.02026	0.00477	0.00361	0.03315
12	0.04668	0.15221	0.07819	0.00917	0.06170	0.09729	0.02975	0.17957	0.05826	0.08517	0.03803	0.01205	0.00867	0.10797	0.00581	0.00149	0.01606	0.00366	0.00288	0.00538

[dist]
# distance from previous block
# <min> <max>
12	44

[block]
# block no. 1 follows, 67 sequences, length 13
# corresponding to MSA columns:
# 127-139
name=unknown_B
#
# <colnr> <probs for GDERKNQSTAVLIFYWHMCP>
#	G	D	E	R	K	N	Q	S	T	A	V	L	I	F	Y	W	H	M	C	P
0	0.28740	0.00820	0.00914	0.03980	0.01059	0.05378	0.06306	0.07842	0.05789	0.21001	0.05610	0.03914	0.00938	0.00486	0.00378	0.00126	0.02028	0.00380	0.03786	0.00525
1	0.01037	0.08579	0.05503	0.05500	0.02766	0.07249	0.04457	0.13955	0.08051	0.05984	0.02971	0.02379	0.00879	0.09837	0.03451	0.00157	0.00452	0.00376	0.00281	0.16134
2	0.00731	0.00460	0.00578	0.00553	0.00665	0.00433	0.00407	0.00932	0.06531	0.12031	0.35963	0.22084	0.09856	0.06228	0.00567	0.00152	0.00242	0.00764	0.00412	0.00411
3	0.05986	0.00732	0.00877	0.01697	0.00963	0.03304	0.03414	0.18296	0.02448	0.23912	0.03042	0.07586	0.05088	0.07424	0.11857	0.00217	0.00469	0.00481	0.01685	0.00523
4	0.00971	0.04781	0.04454	0.03049	0.13063	0.10306	0.11793	0.04953	0.00930	0.01273	0.00773	0.03167	0.00655	0.00461	0.02999	0.00115	0.02537	0.00332	0.00226	0.33164
5	0.00552	0.00379	0.00461	0.00490	0.00516	0.00367	0.00313	0.00587	0.00697	0.00923	0.05542	0.27881	0.08728	0.41032	0.03126	0.05188	0.00329	0.02304	0.00300	0.00283
6	0.03409	0.05919	0.08692	0.03272	0.10378	0.16165	0.02849	0.07011	0.09167	0.06003	0.04215	0.02111	0.02867	0.00455	0.00408	0.00113	0.03595	0.00357	0.00269	0.12744
7	0.00525	0.00410	0.00459	0.00464	0.00563	0.00370	0.00333	0.00654	0.03583	0.01143	0.16507	0.15349	0.45718	0.09195	0.00655	0.02316	0.00230	0.00819	0.00368	0.00340
8	0.00832	0.00713	0.00832	0.00594	0.00950	0.00535	0.00475	0.01010	0.00832	0.01307	0.00713	0.00832	0.00594	0.00297	0.00297	0.00059	0.00297	0.00238	0.00238	0.88357
9	0.03071	0.23916	0.29136	0.00936	0.01350	0.04097	0.04801	0.15518	0.01033	0.02710	0.00727	0.00823	0.00559	0.00387	0.00360	0.00109	0.01795	0.00289	0.00227	0.08158
10	0.00572	0.00384	0.00441	0.00452	0.00455	0.00381	0.00259	0.00580	0.00606	0.00807	0.01378	0.12664	0.01602	0.75669	0.01856	0.00361	0.00370	0.00651	0.00259	0.00253
11	0.00987	0.00965	0.01691	0.02312	0.70827	0.00962	0.10864	0.01268	0.03749	0.01320	0.00792	0.01021	0.00652	0.00361	0.00407	0.00122	0.00495	0.00375	0.00206	0.00624
12	0.00775	0.00596	0.00643	0.00583	0.00761	0.00600	0.00451	0.06853	0.23133	0.06012	0.12658	0.02772	0.40996	0.00798	0.00447	0.00133	0.00257	0.00666	0.00399	0.00467

[dist]
# distance from previous block
# <min> <max>
0	19

[block]
# block no. 2 follows, 67 sequences, length 37
# corresponding to MSA columns:
# 159-166,168-196
name=unknown_C
#
# <colnr> <probs for GDERKNQSTAVLIFYWHMCP>
#	G	D	E	R	K	N	Q	S	T	A	V	L	I	F	Y	W	H	M	C	P
0	0.78486	0.00808	0.02820	0.00593	0.02558	0.00878	0.00486	0.01204	0.00713	0.04655	0.00608	0.00695	0.00466	0.00374	0.00262	0.00122	0.00322	0.00229	0.00253	0.03467
1	0.01095	0.00905	0.00963	0.00823	0.01078	0.01016	0.00650	0.18624	0.60228	0.01828	0.01429	0.01339	0.01068	0.00514	0.00399	0.00127	0.00342	0.00419	0.00395	0.06757
2	0.00489	0.00349	0.00465	0.00558	0.00582	0.00326	0.00372	0.00558	0.00768	0.01024	0.02210	0.85644	0.02653	0.01256	0.00512	0.00163	0.00233	0.01140	0.00372	0.00326
3	0.01127	0.66529	0.07566	0.00756	0.01113	0.01486	0.00753	0.14374	0.00991	0.01224	0.00635	0.00709	0.00541	0.00368	0.00289	0.00094	0.00442	0.00244	0.00209	0.00547
4	0.03553	0.03177	0.01083	0.00836	0.01126	0.05014	0.02122	0.35138	0.13265	0.25466	0.03372	0.02053	0.00932	0.00500	0.00398	0.00123	0.00400	0.00394	0.00408	0.00640
5	0.00489	0.00349	0.00465	0.00558	0.00582	0.00326	0.00372	0.00558	0.00768	0.01024	0.02210	0.85644	0.02653	0.01256	0.00512	0.00163	0.00233	0.01140	0.00372	0.00326
6	0.00526	0.00402	0.00482	0.00475	0.00577	0.00359	0.00351	0.00671	0.01017	0.01359	0.46300	0.11960	0.32195	0.00936	0.00477	0.00133	0.00199	0.00812	0.00409	0.00359
7	0.02957	0.00886	0.01407	0.01136	0.04122	0.06609	0.32592	0.06209	0.07524	0.03685	0.15396	0.11302	0.03176	0.00579	0.00451	0.00133	0.00466	0.00567	0.00305	0.00499
8	0.00760	0.07612	0.11940	0.01067	0.01332	0.00790	0.29842	0.00991	0.00858	0.01164	0.04099	0.26671	0.03685	0.00722	0.01644	0.00148	0.03634	0.02319	0.00263	0.00460
9	0.01614	0.00980	0.01115	0.00855	0.01172	0.01031	0.00706	0.56068	0.01646	0.28864	0.01164	0.01093	0.00783	0.00486	0.00402	0.00122	0.00409	0.00375	0.00432	0.00682
10	0.00908	0.34637	0.52174	0.00966	0.01462	0.01185	0.01174	0.01243	0.00834	0.01144	0.00657	0.00768	0.00511	0.00366	0.00333	0.00111	0.00529	0.00265	0.00170	0.00562
11	0.00947	0.29629	0.41243	0.00967	0.01417	0.04005	0.04758	0.04506	0.03663	0.01211	0.00826	0.00919	0.03473	0.00400	0.00349	0.00113	0.00518	0.00303	0.00197	0.00556
12	0.00497	0.00351	0.00461	0.00549	0.00577	0.00328	0.00368	0.00572	0.00774	0.01041	0.02224	0.80862	0.04505	0.01224	0.00503	0.00160	0.00230	0.01107	0.03341	0.00328
13	0.03940	0.00876	0.02337	0.00786	0.02204	0.05569	0.00635	0.15927	0.09102	0.35725	0.02925	0.01227	0.02273	0.00478	0.00402	0.00116	0.02050	0.00375	0.00393	0.12659
14	0.00985	0.00945	0.01614	0.05145	0.80780	0.00951	0.01227	0.01224	0.00910	0.01301	0.00753	0.00995	0.00632	0.00359	0.00397	0.00120	0.00478	0.00357	0.00198	0.00629
15	0.00676	0.00594	0.00758	0.00709	0.00831	0.05648	0.08172	0.00885	0.07474	0.02407	0.07340	0.32837	0.15890	0.01157	0.09554	0.00199	0.01603	0.02534	0.00335	0.00397
16	0.01017	0.60849	0.23722	0.00820	0.01224	0.04380	0.00900	0.01234	0.00835	0.01031	0.00603	0.00700	0.00513	0.00356	0.00294	0.00097	0.00483	0.00238	0.00172	0.00534
17	0.08394	0.01030	0.04744	0.00897	0.01192	0.09955	0.08310	0.14125	0.14611	0.21505	0.01094	0.01090	0.00782	0.00456	0.00418	0.00122	0.03514	0.00362	0.00343	0.07057
18	0.06599	0.00840	0.01203	0.00951	0.01206	0.05821	0.22215	0.08887	0.05690	0.16213	0.03752	0.09343	0.07998	0.03015	0.03046	0.00155	0.00458	0.01762	0.00330	0.00516
19	0.00670	0.00421	0.00478	0.00480	0.00563	0.00412	0.00341	0.00841	0.05400	0.04133	0.08212	0.15768	0.11882	0.18091	0.02132	0.00187	0.00269	0.02393	0.26967	0.00361
20	0.11253	0.04940	0.23596	0.02458	0.02913	0.07723	0.10089	0.05331	0.15723	0.09468	0.00962	0.01022	0.00707	0.00458	0.01538	0.00132	0.00495	0.00347	0.00273	0.00570
21	0.23024	0.00917	0.01065	0.00842	0.01132	0.06605	0.10158	0.15344	0.06166	0.27242	0.02960	0.01088	0.00803	0.00449	0.00372	0.00124	0.00411	0.00359	0.00358	0.00580
22	0.01134	0.00770	0.00876	0.00729	0.00951	0.00811	0.00579	0.29479	0.15308	0.12943	0.22217	0.04926	0.04790	0.02064	0.00455	0.00132	0.00325	0.00526	0.00421	0.00563
23	0.00613	0.00415	0.00527	0.00516	0.00617	0.00376	0.00383	0.00763	0.01025	0.06361	0.47871	0.18717	0.16730	0.00922	0.00478	0.00136	0.00213	0.02539	0.00419	0.00380
24	0.07657	0.02554	0.01111	0.00897	0.03274	0.11437	0.07976	0.17467	0.02973	0.29937	0.05263	0.04191	0.00989	0.01927	0.00425	0.00127	0.00432	0.00411	0.00369	0.00584
25	0.00977	0.00939	0.01612	0.07801	0.76869	0.00950	0.02516	0.01218	0.00907	0.01291	0.00753	0.00999	0.00628	0.00360	0.00399	0.00120	0.00483	0.00359	0.00197	0.00621
26	0.00604	0.00453	0.00527	0.00508	0.00633	0.00419	0.00386	0.00826	0.07465	0.04096	0.35469	0.06657	0.35589	0.00896	0.00471	0.00134	0.00219	0.03850	0.00407	0.00390
27	0.11209	0.00553	0.00656	0.00578	0.00749	0.00536	0.00450	0.04975	0.03206	0.19276	0.39255	0.07873	0.07662	0.00717	0.00429	0.00129	0.00255	0.00608	0.00419	0.00466
28	0.00988	0.59822	0.27691	0.00829	0.01251	0.01382	0.00935	0.01223	0.00825	0.01046	0.00608	0.00707	0.00513	0.00355	0.00296	0.00099	0.00480	0.00240	0.00171	0.00539
29	0.02297	0.00701	0.00814	0.00693	0.00906	0.00721	0.03801	0.15974	0.20159	0.08570	0.11295	0.02326	0.27038	0.00707	0.00437	0.00132	0.00307	0.02213	0.00395	0.00514
30	0.00494	0.00359	0.00460	0.00535	0.00575	0.00329	0.00362	0.00565	0.00791	0.01037	0.04349	0.69719	0.14089	0.01216	0.00535	0.02597	0.00231	0.01067	0.00368	0.00325
31	0.04990	0.00965	0.01295	0.34667	0.20819	0.09593	0.03801	0.11839	0.02268	0.03777	0.00780	0.00996	0.00597	0.00408	0.00403	0.00125	0.01561	0.00348	0.00232	0.00535
32	0.12402	0.01126	0.01033	0.00890	0.03382	0.17106	0.00689	0.34795	0.11493	0.06965	0.02631	0.03914	0.00833	0.00493	0.00380	0.00121	0.00446	0.00371	0.00345	0.00584
33	0.00531	0.00393	0.00492	0.00539	0.00598	0.00372	0.00376	0.00670	0.04355	0.01154	0.16536	0.51245	0.13051	0.05176	0.00570	0.00163	0.00236	0.02816	0.00380	0.00347
34	0.00842	0.05641	0.02571	0.00726	0.00857	0.13818	0.02322	0.03044	0.08363	0.03974	0.06152	0.35632	0.01758	0.05915	0.02066	0.00164	0.03015	0.02396	0.00322	0.00421
35	0.05517	0.20420	0.28173	0.02647	0.01364	0.16711	0.03159	0.07870	0.00987	0.05621	0.00724	0.00816	0.00553	0.00389	0.00346	0.00111	0.00532	0.00282	0.00220	0.03558
36	0.27421	0.08881	0.02427	0.02552	0.01095	0.12813	0.02964	0.16821	0.06463	0.08423	0.00829	0.00884	0.00624	0.00461	0.01834	0.00125	0.00441	0.00298	0.00290	0.04354

[dist]
# distance from previous block
# <min> <max>
1	25

[block]
# block no. 3 follows, 67 sequences, length 6
# corresponding to MSA columns:
# 224-229
name=unknown_D
#
# <colnr> <probs for GDERKNQSTAVLIFYWHMCP>
#	G	D	E	R	K	N	Q	S	T	A	V	L	I	F	Y	W	H	M	C	P
0	0.02547	0.12905	0.06025	0.05434	0.14902	0.05293	0.24361	0.10175	0.02751	0.04716	0.00850	0.01092	0.00682	0.02640	0.00441	0.00128	0.00526	0.02253	0.00240	0.02040
1	0.01053	0.05610	0.01242	0.00976	0.01167	0.09633	0.10451	0.10520	0.14921	0.04997	0.01077	0.01319	0.03364	0.00722	0.05910	0.00172	0.21873	0.04197	0.00279	0.00518
2	0.00741	0.00620	0.00957	0.11482	0.23838	0.00622	0.03132	0.00926	0.02746	0.04184	0.06589	0.25255	0.12710	0.03757	0.00505	0.00146	0.00355	0.00680	0.00300	0.00455
3	0.00759	0.00640	0.00740	0.03807	0.05568	0.04195	0.00540	0.05771	0.10474	0.01347	0.15946	0.10835	0.14501	0.05527	0.00531	0.00144	0.00318	0.08349	0.00344	0.09664
4	0.00565	0.00430	0.00525	0.00516	0.00624	0.00400	0.00395	0.00766	0.04437	0.01411	0.48074	0.06745	0.24216	0.00905	0.00480	0.00136	0.00217	0.08369	0.00412	0.00376
5	0.06350	0.16604	0.09268	0.01064	0.04284	0.46398	0.08154	0.01433	0.01001	0.01089	0.00637	0.00759	0.00523	0.00387	0.00350	0.00107	0.00622	0.00275	0.00199	0.00497

[dist]
# distance from previous block
# <min> <max>
0	1

[block]
# block no. 4 follows, 67 sequences, length 8
# corresponding to MSA columns:
# 237-244
name=unknown_E
#
# <colnr> <probs for GDERKNQSTAVLIFYWHMCP>
#	G	D	E	R	K	N	Q	S	T	A	V	L	I	F	Y	W	H	M	C	P
0	0.19683	0.32384	0.11466	0.00863	0.04770	0.12854	0.00775	0.10707	0.00965	0.01371	0.00642	0.00734	0.00522	0.00380	0.00308	0.00107	0.00468	0.00255	0.00220	0.00525
1	0.00866	0.00901	0.06522	0.17388	0.36959	0.00860	0.09398	0.01173	0.05410	0.01290	0.08585	0.01447	0.02680	0.00467	0.00421	0.00129	0.00469	0.04251	0.00239	0.00545
2	0.01075	0.05152	0.01092	0.00805	0.03186	0.03640	0.05393	0.21803	0.01116	0.04605	0.00838	0.00999	0.00679	0.05523	0.00446	0.00106	0.00389	0.00313	0.00282	0.42557
3	0.00730	0.00529	0.03100	0.00571	0.00715	0.00473	0.00450	0.00970	0.08267	0.09627	0.38326	0.07142	0.13425	0.03292	0.05647	0.03000	0.00299	0.00650	0.00390	0.02396
4	0.02142	0.21235	0.12480	0.00796	0.01100	0.00919	0.06688	0.04361	0.08649	0.05380	0.03543	0.08671	0.02781	0.04251	0.03282	0.00141	0.00426	0.00420	0.00266	0.12467
5	0.01101	0.30826	0.15872	0.03392	0.01383	0.05536	0.12323	0.08592	0.04961	0.07134	0.00790	0.00890	0.00612	0.00405	0.00400	0.00115	0.04563	0.00316	0.00233	0.00556
6	0.00575	0.00422	0.00604	0.00604	0.00662	0.00479	0.00451	0.00690	0.00633	0.00901	0.01111	0.01781	0.01092	0.19237	0.68209	0.00594	0.00940	0.00460	0.00220	0.00336
7	0.00592	0.00398	0.00511	0.00547	0.00624	0.00364	0.00397	0.00703	0.00893	0.06137	0.17252	0.46024	0.15745	0.01081	0.00495	0.00151	0.00237	0.07094	0.00392	0.00362

[dist]
# distance from previous block
# <min> <max>
1	13

[block]
# block no. 5 follows, 67 sequences, length 10
# corresponding to MSA columns:
# 258-267
name=unknown_F
#
# <colnr> <probs for GDERKNQSTAVLIFYWHMCP>
#	G	D	E	R	K	N	Q	S	T	A	V	L	I	F	Y	W	H	M	C	P
0	0.11055	0.07731	0.04400	0.03052	0.03352	0.28628	0.00764	0.15940	0.10295	0.03282	0.00808	0.00886	0.00631	0.00451	0.00431	0.00119	0.07066	0.00308	0.00268	0.00535
1	0.00617	0.00377	0.00463	0.00463	0.00463	0.00377	0.00274	0.00565	0.00565	0.00754	0.01095	0.02207	0.01232	0.60785	0.01900	0.26529	0.00377	0.00513	0.00223	0.00223
2	0.01072	0.01079	0.09382	0.08492	0.12277	0.02989	0.24432	0.12042	0.07326	0.07877	0.02372	0.01096	0.00732	0.00433	0.00486	0.00131	0.06543	0.00400	0.00264	0.00575
3	0.00697	0.00348	0.00522	0.00522	0.00522	0.00348	0.00348	0.00522	0.00522	0.00697	0.00697	0.01219	0.00697	0.01393	0.01567	0.88332	0.00348	0.00348	0.00174	0.00174
4	0.01339	0.12525	0.04334	0.01084	0.04195	0.59579	0.06699	0.01482	0.01058	0.01026	0.00673	0.00851	0.00573	0.00414	0.00363	0.00107	0.00660	0.02349	0.00204	0.00485
5	0.01016	0.01152	0.14718	0.12004	0.23959	0.06374	0.01014	0.10843	0.19580	0.01480	0.03245	0.01127	0.00820	0.00440	0.00398	0.00125	0.00471	0.00373	0.00270	0.00591
6	0.15632	0.00734	0.00854	0.17352	0.01243	0.02904	0.00646	0.15603	0.03455	0.08017	0.21040	0.01730	0.04428	0.00578	0.00402	0.00129	0.00361	0.04066	0.00341	0.00487
7	0.00912	0.00870	0.01481	0.30880	0.55619	0.00932	0.01190	0.01160	0.00875	0.01212	0.00740	0.01019	0.00601	0.00372	0.00398	0.00124	0.00496	0.00357	0.00192	0.00570
8	0.00582	0.00415	0.00585	0.00585	0.00634	0.00464	0.00427	0.00672	0.00623	0.00879	0.01105	0.01830	0.01106	0.24470	0.58809	0.04951	0.00860	0.00466	0.00220	0.00319
9	0.11784	0.00854	0.01193	0.42983	0.19805	0.06250	0.00986	0.01151	0.00839	0.03656	0.00718	0.00973	0.00559	0.00396	0.00400	0.00125	0.02848	0.00330	0.00205	0.03947

[dist]
# distance from previous block
# <min> <max>
2	4

[block]
# block no. 6 follows, 67 sequences, length 12
# corresponding to MSA columns:
# 272-277,280-285
name=unknown_G
#
# <colnr> <probs for GDERKNQSTAVLIFYWHMCP>
#	G	D	E	R	K	N	Q	S	T	A	V	L	I	F	Y	W	H	M	C	P
0	0.06016	0.04203	0.01418	0.26751	0.48181	0.00934	0.01096	0.01147	0.00871	0.01251	0.03882	0.01059	0.00710	0.00388	0.00387	0.00123	0.00471	0.00357	0.00204	0.00553
1	0.03754	0.03182	0.01089	0.00897	0.07256	0.00955	0.00676	0.37403	0.07094	0.01885	0.00884	0.00939	0.00674	0.00405	0.00357	0.00099	0.00380	0.00316	0.00319	0.31436
2	0.00493	0.00376	0.00454	0.00500	0.00570	0.00337	0.00350	0.00588	0.00862	0.01115	0.12608	0.47539	0.30522	0.01121	0.00494	0.00149	0.00217	0.00989	0.00381	0.00337
3	0.11233	0.01046	0.06439	0.11450	0.16038	0.08168	0.08234	0.10543	0.09894	0.08570	0.00907	0.01016	0.00678	0.00413	0.00382	0.00122	0.00472	0.00350	0.00274	0.03772
4	0.00865	0.17731	0.55469	0.01136	0.04813	0.01045	0.08438	0.01236	0.00854	0.01206	0.00798	0.00925	0.02990	0.00388	0.00369	0.00120	0.00553	0.00315	0.00180	0.00567
5	0.00547	0.00414	0.00512	0.00568	0.00632	0.00401	0.00399	0.00737	0.08892	0.01136	0.07099	0.59338	0.12817	0.01125	0.00496	0.00155	0.00239	0.03751	0.00380	0.00362
6	0.00725	0.00519	0.00590	0.00544	0.00689	0.01974	0.00420	0.06209	0.03643	0.07851	0.33818	0.04978	0.31472	0.00849	0.00463	0.00132	0.00245	0.04054	0.00409	0.00416
7	0.02411	0.37875	0.17554	0.01040	0.09584	0.06360	0.03369	0.08146	0.02267	0.03808	0.00703	0.00808	0.00568	0.00389	0.00366	0.00108	0.03591	0.00283	0.00212	0.00557
8	0.04009	0.03826	0.02125	0.03009	0.00909	0.05152	0.00548	0.06254	0.14009	0.14761	0.09424	0.23323	0.07866	0.00762	0.00433	0.00136	0.00324	0.02265	0.00377	0.00488
9	0.00488	0.00375	0.00448	0.00505	0.00574	0.00335	0.00355	0.00574	0.00830	0.01053	0.02925	0.51325	0.33837	0.01158	0.00499	0.00153	0.00226	0.03636	0.00372	0.00332
10	0.05329	0.01033	0.01299	0.01055	0.03812	0.08072	0.17289	0.29338	0.12289	0.06515	0.02966	0.01327	0.04244	0.00496	0.00416	0.00127	0.00468	0.03006	0.00336	0.00585
11	0.05735	0.04025	0.02907	0.09324	0.35318	0.15657	0.06871	0.07608	0.03103	0.01333	0.00873	0.01042	0.03632	0.00409	0.00387	0.00119	0.00515	0.00355	0.00227	0.00558

[dist]
# distance from previous block
# <min> <max>
0	17

[block]
# block no. 7 follows, 67 sequences, length 49
# corresponding to MSA columns:
# 303-332,339-357
name=unknown_H
#
# <colnr> <probs for GDERKNQSTAVLIFYWHMCP>
#	G	D	E	R	K	N	Q	S	T	A	V	L	I	F	Y	W	H	M	C	P
0	0.00819	0.06797	0.79237	0.01117	0.01696	0.00968	0.01437	0.01266	0.00845	0.01252	0.00711	0.00835	0.00508	0.00379	0.00374	0.00125	0.00584	0.00292	0.00169	0.00588
1	0.00843	0.00525	0.00656	0.00620	0.00764	0.00502	0.00490	0.08722	0.02008	0.14146	0.21758	0.17028	0.13546	0.00890	0.00477	0.00144	0.00282	0.15747	0.00411	0.00441
2	0.01065	0.00749	0.00897	0.00753	0.00963	0.05895	0.06791	0.10870	0.11855	0.18870	0.10926	0.11002	0.12511	0.04366	0.00506	0.00142	0.00354	0.00585	0.00385	0.00514
3	0.04636	0.01039	0.01203	0.00942	0.01232	0.06952	0.10040	0.43084	0.08143	0.10471	0.03165	0.03022	0.00873	0.02784	0.00450	0.00131	0.00450	0.00406	0.00365	0.00610
4	0.00508	0.00403	0.00447	0.00467	0.00564	0.00358	0.00334	0.01517	0.01834	0.01104	0.08065	0.26680	0.49293	0.05867	0.00572	0.00157	0.00225	0.00897	0.00370	0.00339
5	0.02367	0.70921	0.15612	0.00759	0.01142	0.01468	0.00814	0.01212	0.00818	0.01011	0.00584	0.00677	0.00512	0.00350	0.00278	0.00093	0.00454	0.00228	0.00172	0.00526
6	0.03834	0.01550	0.02375	0.00979	0.01197	0.54531	0.02228	0.06290	0.05763	0.09238	0.00806	0.01802	0.00637	0.00460	0.00440	0.00116	0.06680	0.00309	0.00258	0.00508
7	0.01046	0.52367	0.01558	0.00664	0.00949	0.01201	0.00610	0.05314	0.05335	0.08680	0.06995	0.03811	0.09003	0.00502	0.00330	0.00104	0.00370	0.00378	0.00270	0.00512
8	0.00627	0.00509	0.00736	0.00679	0.00790	0.00512	0.06268	0.00806	0.00999	0.01371	0.42246	0.04551	0.11658	0.00867	0.00566	0.00146	0.07804	0.18102	0.00376	0.00388
9	0.00911	0.00870	0.01481	0.31018	0.55484	0.00931	0.01190	0.01159	0.00875	0.01211	0.00740	0.01019	0.00600	0.00372	0.00398	0.00124	0.00497	0.00357	0.00191	0.00570
10	0.06589	0.01020	0.03223	0.00899	0.01182	0.11495	0.08475	0.17713	0.14959	0.24045	0.01219	0.05422	0.00911	0.00504	0.00401	0.00126	0.00437	0.00415	0.00368	0.00598
11	0.01028	0.00923	0.01462	0.06780	0.61277	0.00952	0.01099	0.06668	0.09264	0.03675	0.00904	0.02595	0.00739	0.00407	0.00401	0.00123	0.00453	0.00383	0.00243	0.00623
12	0.00739	0.00550	0.00781	0.00700	0.00811	0.00565	0.08133	0.08913	0.02733	0.04020	0.03478	0.21349	0.01511	0.23357	0.20177	0.00322	0.00534	0.00639	0.00296	0.00389
13	0.05809	0.01195	0.01295	0.01045	0.01324	0.22550	0.17570	0.12614	0.22372	0.08569	0.01049	0.01083	0.00779	0.00446	0.00400	0.00124	0.00515	0.00378	0.00312	0.00571
14	0.01220	0.01225	0.01564	0.01208	0.01505	0.21947	0.31460	0.17054	0.04463	0.05781	0.03370	0.03078	0.00787	0.00449	0.00451	0.00125	0.03079	0.00413	0.00276	0.00547
15	0.00574	0.00427	0.00633	0.00633	0.00700	0.00495	0.00487	0.00709	0.00641	0.00922	0.01085	0.01635	0.01028	0.07702	0.79658	0.00630	0.01035	0.00438	0.00216	0.00352
16	0.05332	0.03861	0.01361	0.01104	0.01363	0.52553	0.15750	0.08228	0.04493	0.01231	0.00721	0.00836	0.00573	0.00407	0.00380	0.00112	0.00648	0.00312	0.00231	0.00504
17	0.02671	0.00997	0.01381	0.01076	0.01357	0.10511	0.27020	0.14893	0.09312	0.10622	0.03167	0.08997	0.05041	0.00538	0.00434	0.00130	0.00488	0.00501	0.00320	0.00546
18	0.02411	0.00613	0.00749	0.00633	0.00839	0.02547	0.00500	0.02228	0.08484	0.36095	0.31692	0.03194	0.06982	0.00657	0.00432	0.00127	0.00283	0.00556	0.00448	0.00532
19	0.01018	0.00958	0.01596	0.03976	0.77186	0.00968	0.01202	0.05804	0.00966	0.01374	0.00765	0.00992	0.00636	0.00365	0.00397	0.00119	0.00476	0.00358	0.00210	0.00634
20	0.25981	0.00950	0.00962	0.00798	0.01067	0.04932	0.03698	0.22512	0.25944	0.07621	0.01073	0.01058	0.00788	0.00462	0.00361	0.00126	0.00382	0.00351	0.00350	0.00582
21	0.03594	0.01374	0.01291	0.01056	0.01322	0.38275	0.14975	0.13883	0.06724	0.08726	0.03360	0.01041	0.00765	0.00446	0.00397	0.00118	0.00580	0.01250	0.00285	0.00538
22	0.00541	0.00367	0.00474	0.00538	0.00566	0.00347	0.00354	0.00602	0.00749	0.02835	0.03815	0.64008	0.02393	0.18487	0.00821	0.00208	0.00268	0.01958	0.00350	0.00319
23	0.01254	0.00796	0.01210	0.00944	0.01226	0.00776	0.19007	0.07760	0.15837	0.31882	0.05802	0.06791	0.02367	0.00551	0.00434	0.00132	0.00404	0.01842	0.00392	0.00593
24	0.08121	0.00916	0.01188	0.00932	0.01230	0.05589	0.14674	0.10278	0.19751	0.31160	0.01262	0.01212	0.00876	0.00464	0.00402	0.00127	0.00424	0.00400	0.00380	0.00616
25	0.00943	0.00514	0.00669	0.00646	0.00784	0.00484	0.00496	0.05002	0.03296	0.24179	0.04674	0.39118	0.04468	0.00944	0.00477	0.00150	0.00292	0.11994	0.00411	0.00459
26	0.00930	0.09585	0.17132	0.03612	0.01795	0.04170	0.47046	0.02781	0.00928	0.01238	0.00889	0.04874	0.02274	0.00409	0.00429	0.00129	0.00601	0.00439	0.00208	0.00531
27	0.00771	0.00726	0.01227	0.80272	0.07328	0.00895	0.01120	0.01036	0.00808	0.01041	0.00715	0.01065	0.00540	0.00398	0.00401	0.00133	0.00531	0.00356	0.00179	0.00456
28	0.00996	0.00946	0.01601	0.08411	0.71880	0.00962	0.03499	0.04476	0.00945	0.01338	0.00761	0.01000	0.00629	0.00365	0.00400	0.00121	0.00485	0.00361	0.00205	0.00621
29	0.03321	0.00997	0.01920	0.09493	0.27004	0.00988	0.43430	0.03690	0.02672	0.01328	0.00800	0.01047	0.00620	0.00359	0.00434	0.00129	0.00577	0.00416	0.00211	0.00564
30	0.01097	0.00961	0.01004	0.00869	0.01102	0.07653	0.03502	0.11203	0.55700	0.03994	0.01480	0.01446	0.03172	0.00544	0.00437	0.00133	0.02964	0.01754	0.00378	0.00607
31	0.88738	0.00776	0.00589	0.00527	0.00776	0.00900	0.00434	0.01179	0.00683	0.01799	0.00558	0.00651	0.00434	0.00372	0.00248	0.00124	0.00310	0.00217	0.00248	0.00434
32	0.01391	0.20582	0.01345	0.00951	0.01188	0.63826	0.00752	0.01526	0.03132	0.00991	0.00632	0.00725	0.00534	0.00401	0.00340	0.00100	0.00648	0.00254	0.00204	0.00480
33	0.00489	0.00349	0.00465	0.00558	0.00582	0.00326	0.00372	0.00558	0.00768	0.01024	0.02210	0.85644	0.02653	0.01256	0.00512	0.00163	0.00233	0.01140	0.00372	0.00326
34	0.01562	0.01030	0.01141	0.00879	0.01195	0.01109	0.00725	0.64048	0.04207	0.18285	0.01104	0.01057	0.00759	0.00486	0.00402	0.00122	0.00418	0.00372	0.00420	0.00681
35	0.00780	0.00668	0.00895	0.00763	0.00952	0.00691	0.10470	0.03431	0.29245	0.01552	0.32470	0.02317	0.10864	0.00684	0.00451	0.00133	0.00305	0.02450	0.00391	0.00490
36	0.00867	0.00815	0.01376	0.43798	0.40397	0.00904	0.01143	0.01118	0.00855	0.01173	0.00750	0.01046	0.00597	0.00383	0.00395	0.00126	0.00497	0.00357	0.02871	0.00532
37	0.01484	0.04379	0.01222	0.00915	0.01227	0.05687	0.00755	0.71353	0.05186	0.02349	0.00957	0.00960	0.00690	0.00475	0.00394	0.00119	0.00451	0.00354	0.00382	0.00662
38	0.00492	0.00352	0.00469	0.00556	0.00582	0.00328	0.00373	0.00567	0.00785	0.01050	0.05904	0.81875	0.02704	0.01237	0.00510	0.00161	0.00231	0.01121	0.00375	0.00328
39	0.05346	0.00810	0.00956	0.00803	0.01000	0.04439	0.00648	0.06904	0.15053	0.30498	0.06203	0.05088	0.01110	0.00592	0.00599	0.00138	0.18436	0.00436	0.00373	0.00567
40	0.06570	0.36925	0.09609	0.00761	0.01108	0.05887	0.00723	0.11009	0.04078	0.04644	0.00733	0.00799	0.00588	0.00376	0.00310	0.00097	0.00427	0.00263	0.00239	0.14855
41	0.00518	0.00404	0.00464	0.00457	0.00563	0.00356	0.00336	0.00650	0.00983	0.01283	0.36417	0.08058	0.42583	0.04487	0.00541	0.00144	0.00207	0.00802	0.00395	0.00350
42	0.00597	0.00414	0.00541	0.00513	0.00610	0.00381	0.00383	0.00776	0.01108	0.03983	0.74227	0.08579	0.04680	0.00843	0.00474	0.00129	0.00197	0.00746	0.00437	0.00383
43	0.01118	0.13831	0.01482	0.05606	0.27031	0.08719	0.03931	0.13474	0.06620	0.02878	0.00794	0.00945	0.00642	0.00433	0.00477	0.00121	0.09779	0.00337	0.00243	0.01542
44	0.00973	0.00879	0.06972	0.03577	0.23745	0.00709	0.01993	0.02512	0.00909	0.09172	0.02261	0.00978	0.00693	0.00354	0.00351	0.00092	0.00384	0.00308	0.00251	0.42886
45	0.03281	0.16315	0.36067	0.04859	0.07616	0.02280	0.04805	0.15702	0.01041	0.03330	0.00756	0.00869	0.00565	0.00392	0.00366	0.00118	0.00519	0.00309	0.00225	0.00585
46	0.00889	0.34788	0.01417	0.00806	0.02095	0.04871	0.05743	0.01070	0.04913	0.01061	0.04196	0.15005	0.03471	0.00722	0.03953	0.00146	0.11265	0.02884	0.00244	0.00460
47	0.00592	0.00408	0.00485	0.00504	0.00537	0.00402	0.00325	0.03691	0.00745	0.01004	0.06271	0.28336	0.03674	0.45219	0.01296	0.00275	0.00322	0.03200	0.02413	0.00302
48	0.00599	0.00417	0.00518	0.00493	0.00599	0.00377	0.00366	0.00753	0.01045	0.05159	0.54326	0.07692	0.21128	0.04099	0.00532	0.00140	0.00209	0.00755	0.00417	0.00375

[dist]
# distance from previous block
# <min> <max>
0	4

[block]
# block no. 8 follows, 67 sequences, length 72
# corresponding to MSA columns:
# 386-400,402-414,419-424,430-467
name=unknown_I
#
# <colnr> <probs for GDERKNQSTAVLIFYWHMCP>
#	G	D	E	R	K	N	Q	S	T	A	V	L	I	F	Y	W	H	M	C	P
0	0.06369	0.55266	0.02869	0.00791	0.02159	0.22192	0.00706	0.01296	0.00890	0.01024	0.00583	0.00677	0.00514	0.00362	0.00288	0.00093	0.00495	0.00229	0.00187	0.03014
1	0.01525	0.01123	0.01204	0.00923	0.01244	0.01244	0.00762	0.82067	0.01886	0.02528	0.00963	0.00963	0.00682	0.00481	0.00401	0.00120	0.00441	0.00361	0.00401	0.00682
2	0.00831	0.10562	0.75577	0.01097	0.01664	0.00998	0.01401	0.01263	0.00844	0.01237	0.00703	0.00826	0.00509	0.00377	0.00369	0.00123	0.00576	0.00288	0.00170	0.00585
3	0.00650	0.00539	0.00776	0.00733	0.00781	0.00675	0.00578	0.00769	0.00633	0.00929	0.00950	0.01472	0.00914	0.08025	0.58036	0.00510	0.22031	0.00420	0.00207	0.00370
4	0.00494	0.00355	0.00471	0.00561	0.00590	0.00331	0.00381	0.00570	0.00778	0.01032	0.02260	0.80106	0.04936	0.01244	0.00512	0.00163	0.00237	0.04277	0.00372	0.00328
5	0.00905	0.01446	0.41103	0.01063	0.01488	0.00921	0.11404	0.01528	0.25642	0.04544	0.02591	0.01225	0.03400	0.00457	0.00406	0.00131	0.00491	0.00395	0.00269	0.00591
6	0.01009	0.00905	0.00998	0.00873	0.01110	0.03404	0.05347	0.02067	0.75593	0.01635	0.01556	0.01450	0.01168	0.00528	0.00411	0.00135	0.00350	0.00449	0.00390	0.00624
7	0.00688	0.00583	0.00789	0.00720	0.00790	0.01559	0.02867	0.00813	0.00864	0.03322	0.25866	0.20584	0.10958	0.00875	0.00739	0.00150	0.26417	0.00694	0.00329	0.00394
8	0.00501	0.00363	0.00474	0.00549	0.00586	0.00337	0.00370	0.00578	0.00780	0.01041	0.04784	0.73700	0.06290	0.03691	0.02131	0.00174	0.00252	0.01067	0.00365	0.01968
9	0.00525	0.00407	0.00478	0.00463	0.00574	0.00360	0.00346	0.00673	0.01030	0.01366	0.46903	0.05364	0.38235	0.00915	0.00474	0.00131	0.00196	0.00788	0.00410	0.00360
10	0.01616	0.00654	0.00881	0.00689	0.00968	0.00575	0.00563	0.03698	0.01164	0.69942	0.13300	0.01590	0.01387	0.00543	0.00413	0.00124	0.00322	0.00449	0.00486	0.00639
11	0.00564	0.00409	0.00532	0.00503	0.00597	0.00377	0.00377	0.00749	0.01124	0.01587	0.80027	0.04299	0.05683	0.00831	0.00474	0.00127	0.00190	0.00735	0.00439	0.00377
12	0.00832	0.00713	0.00832	0.00594	0.00950	0.00535	0.00475	0.01010	0.00832	0.01307	0.00713	0.00832	0.00594	0.00297	0.00297	0.00059	0.00297	0.00238	0.00238	0.88357
13	0.02367	0.01117	0.01351	0.04085	0.45581	0.18301	0.00992	0.09744	0.03338	0.02543	0.00872	0.06277	0.00758	0.00447	0.00396	0.00120	0.00502	0.00388	0.00243	0.00578
14	0.02240	0.01395	0.01191	0.04416	0.01310	0.40464	0.07326	0.17490	0.07765	0.03386	0.00896	0.02458	0.01586	0.00467	0.00411	0.00117	0.02618	0.01401	0.00274	0.02791
15	0.03164	0.03028	0.00847	0.02117	0.00908	0.03747	0.05821	0.10614	0.00970	0.11072	0.01688	0.44534	0.03267	0.01656	0.00503	0.00148	0.03292	0.01829	0.00353	0.00444
16	0.00861	0.00829	0.07970	0.05548	0.24114	0.00742	0.04859	0.03715	0.09190	0.05387	0.21704	0.03234	0.06236	0.01906	0.01830	0.00139	0.00392	0.00508	0.00312	0.00524
17	0.02500	0.05495	0.01556	0.04412	0.59531	0.01028	0.02268	0.12071	0.01025	0.02431	0.00771	0.00969	0.00629	0.00387	0.00419	0.00120	0.03190	0.00350	0.00227	0.00619
18	0.00983	0.52677	0.23896	0.00856	0.01254	0.02361	0.04473	0.02401	0.02149	0.01099	0.02641	0.02278	0.00646	0.00386	0.00315	0.00103	0.00477	0.00283	0.00190	0.00534
19	0.00619	0.00377	0.00467	0.00467	0.00468	0.00378	0.00280	0.00566	0.00565	0.00754	0.01082	0.02166	0.01211	0.58063	0.03009	0.28193	0.00385	0.00507	0.00221	0.00223
20	0.00785	0.02425	0.17683	0.00890	0.03752	0.13018	0.05369	0.02199	0.00884	0.01130	0.03345	0.33396	0.05598	0.00866	0.03179	0.00156	0.02049	0.02558	0.00281	0.00438
21	0.02332	0.02315	0.03035	0.11965	0.30350	0.15986	0.03432	0.11174	0.05857	0.06878	0.00848	0.00993	0.00656	0.00414	0.00408	0.00121	0.02058	0.00347	0.00254	0.00578
22	0.02125	0.03166	0.04022	0.04666	0.11235	0.07394	0.02793	0.41438	0.10244	0.02639	0.02219	0.01036	0.00751	0.00466	0.00423	0.00123	0.03138	0.00364	0.01140	0.00617
23	0.00573	0.00430	0.00645	0.00645	0.00716	0.00501	0.00501	0.00716	0.00645	0.00931	0.01074	0.01576	0.01003	0.03008	0.84316	0.00645	0.01074	0.00430	0.00215	0.00358
24	0.00804	0.02074	0.83828	0.01143	0.01736	0.00931	0.01482	0.01270	0.00847	0.01270	0.00720	0.00847	0.00508	0.00381	0.00381	0.00127	0.00593	0.00296	0.00169	0.00593
25	0.00998	0.00877	0.02138	0.20377	0.05803	0.00997	0.00802	0.10747	0.49338	0.01597	0.01287	0.01303	0.00964	0.00492	0.00405	0.00133	0.00393	0.00414	0.00340	0.00596
26	0.00492	0.00358	0.00465	0.00546	0.00583	0.00331	0.00371	0.00570	0.00793	0.01047	0.04459	0.74553	0.10162	0.01220	0.00508	0.00160	0.00231	0.02448	0.00374	0.00329
27	0.01320	0.00856	0.00963	0.00794	0.01059	0.00920	0.00638	0.23688	0.34720	0.22622	0.04228	0.01370	0.01100	0.00522	0.00403	0.00127	0.00348	0.00422	0.03256	0.00642
28	0.01014	0.07900	0.07198	0.01018	0.06672	0.00861	0.15878	0.10761	0.03107	0.05893	0.00848	0.02419	0.00671	0.00374	0.00364	0.00099	0.00430	0.00337	0.00258	0.33898
29	0.00757	0.00661	0.00707	0.00785	0.03433	0.11998	0.00615	0.00902	0.00900	0.01109	0.01769	0.08405	0.01920	0.11822	0.00710	0.00196	0.00416	0.52198	0.00326	0.00372
30	0.00556	0.00410	0.00520	0.00493	0.00592	0.00374	0.00369	0.00735	0.01108	0.01545	0.73605	0.03100	0.13411	0.00844	0.00473	0.00127	0.00191	0.00740	0.00433	0.00374
31	0.00555	0.00409	0.00518	0.00491	0.00591	0.00373	0.00368	0.00732	0.01105	0.01536	0.72296	0.03115	0.14726	0.00847	0.00473	0.00127	0.00191	0.00742	0.00432	0.00373
32	0.00832	0.00713	0.00832	0.00594	0.00950	0.00535	0.00475	0.01010	0.00832	0.01307	0.00713	0.00832	0.00594	0.00297	0.00297	0.00059	0.00297	0.00238	0.00238	0.88357
33	0.09923	0.00746	0.02543	0.70673	0.02450	0.00888	0.01023	0.02713	0.00817	0.02180	0.00722	0.01030	0.00540	0.00401	0.00383	0.00132	0.00503	0.00342	0.01537	0.00454
34	0.01502	0.01106	0.01184	0.00911	0.01227	0.01224	0.00752	0.79355	0.03124	0.02496	0.00980	0.00981	0.00697	0.00482	0.00399	0.00120	0.00435	0.00363	0.01989	0.00676
35	0.01622	0.00835	0.01007	0.00780	0.01081	0.00830	0.00641	0.31467	0.03380	0.47675	0.03451	0.01265	0.00956	0.00500	0.00401	0.00122	0.00370	0.00397	0.02553	0.00666
36	0.04578	0.00935	0.08488	0.04922	0.12529	0.04261	0.05556	0.11036	0.14555	0.02682	0.15388	0.02480	0.06393	0.02749	0.00469	0.00134	0.01525	0.00473	0.00316	0.00529
37	0.00764	0.00973	0.21043	0.02170	0.15856	0.00674	0.07886	0.01011	0.00918	0.04442	0.15915	0.13380	0.09683	0.02902	0.00481	0.00139	0.00403	0.00582	0.00289	0.00488
38	0.00498	0.00394	0.00448	0.00462	0.00563	0.00344	0.00336	0.00611	0.00929	0.01184	0.20838	0.22398	0.47518	0.01028	0.00482	0.00140	0.00207	0.00887	0.00387	0.00344
39	0.01512	0.04783	0.02600	0.00836	0.04523	0.00763	0.02972	0.12397	0.05857	0.50491	0.04893	0.02356	0.01049	0.00500	0.00399	0.00122	0.00366	0.00412	0.02528	0.00639
40	0.01075	0.04092	0.14534	0.07768	0.16168	0.02492	0.18340	0.18345	0.06150	0.03496	0.00861	0.01008	0.00647	0.00411	0.00432	0.00126	0.02833	0.00374	0.00255	0.00592
41	0.01072	0.86147	0.02102	0.00686	0.01029	0.01587	0.00686	0.01201	0.00815	0.00944	0.00558	0.00643	0.00515	0.00343	0.00257	0.00086	0.00429	0.00214	0.00172	0.00515
42	0.01167	0.39052	0.13184	0.00925	0.04309	0.07012	0.04421	0.14475	0.02195	0.06439	0.00752	0.00824	0.00592	0.00387	0.00332	0.00104	0.00476	0.00285	0.00239	0.02830
43	0.00828	0.09349	0.76756	0.01104	0.01675	0.00988	0.01413	0.01264	0.00844	0.01242	0.00706	0.00829	0.00509	0.00378	0.00370	0.00123	0.00579	0.00289	0.00170	0.00586
44	0.00589	0.00417	0.00548	0.00546	0.00585	0.00453	0.00377	0.01679	0.00633	0.00878	0.01184	0.03538	0.01248	0.43177	0.41867	0.00505	0.00719	0.00516	0.00234	0.00306
45	0.03692	0.00704	0.00824	0.00737	0.02407	0.02016	0.03709	0.06800	0.27278	0.08627	0.15447	0.04583	0.17019	0.00722	0.02025	0.00142	0.01803	0.00569	0.00385	0.00513
46	0.00489	0.00349	0.00465	0.00558	0.00582	0.00326	0.00372	0.00558	0.00768	0.01024	0.02210	0.85644	0.02653	0.01256	0.00512	0.00163	0.00233	0.01140	0.00372	0.00326
47	0.00587	0.00418	0.00566	0.00556	0.00596	0.00450	0.01613	0.00655	0.00616	0.00856	0.01154	0.02074	0.01212	0.43567	0.40708	0.02626	0.00715	0.00504	0.00227	0.00300
48	0.12930	0.01088	0.00979	0.00819	0.01084	0.19926	0.00651	0.16540	0.15760	0.24526	0.01123	0.01074	0.00795	0.00467	0.00374	0.00121	0.00439	0.00347	0.00364	0.00592
49	0.00610	0.00417	0.00543	0.00507	0.00608	0.00385	0.00382	0.00798	0.01127	0.04089	0.78379	0.02903	0.03621	0.00800	0.00465	0.00125	0.00194	0.00705	0.02953	0.00387
50	0.00909	0.00767	0.00883	0.00786	0.00950	0.00896	0.00620	0.02934	0.47913	0.03475	0.17176	0.01725	0.03545	0.00633	0.00576	0.00140	0.14654	0.00495	0.00376	0.00547
51	0.00652	0.00504	0.00594	0.00597	0.00704	0.00513	0.00436	0.01024	0.21657	0.02391	0.21362	0.35122	0.10999	0.00938	0.00471	0.00144	0.00242	0.00828	0.00399	0.00422
52	0.00583	0.00389	0.00437	0.00437	0.00437	0.00389	0.00243	0.00583	0.00583	0.00778	0.01264	0.02624	0.01458	0.85906	0.02041	0.00389	0.00389	0.00583	0.00243	0.00243
53	0.00958	0.00922	0.01585	0.14206	0.69941	0.00946	0.03162	0.01203	0.00898	0.01269	0.00750	0.01006	0.00620	0.00363	0.00399	0.00122	0.00490	0.00360	0.00196	0.00606
54	0.00947	0.00907	0.01546	0.18384	0.67836	0.00941	0.01208	0.01191	0.00892	0.01255	0.00746	0.01007	0.00616	0.00366	0.00398	0.00122	0.00488	0.00357	0.00195	0.00599
55	0.00826	0.00736	0.00857	0.00763	0.00861	0.05739	0.00600	0.07281	0.09667	0.01263	0.15489	0.01781	0.07505	0.08509	0.12077	0.00233	0.24596	0.00490	0.00292	0.00434
56	0.02679	0.00876	0.01197	0.03310	0.08706	0.03276	0.10883	0.23951	0.01227	0.13003	0.13828	0.02752	0.03196	0.00583	0.01787	0.00137	0.07253	0.00456	0.00341	0.00558
57	0.01232	0.23091	0.06234	0.00944	0.01275	0.05265	0.16944	0.02650	0.02695	0.24954	0.03336	0.02119	0.00812	0.00431	0.00398	0.00115	0.02619	0.00365	0.00295	0.04227
58	0.00868	0.13191	0.67474	0.01126	0.04702	0.01028	0.01346	0.03592	0.00875	0.01264	0.00706	0.00829	0.00519	0.00378	0.00366	0.00121	0.00562	0.00290	0.00177	0.00587
59	0.00581	0.00388	0.00442	0.00444	0.00446	0.00389	0.00251	0.00585	0.00589	0.00787	0.01285	0.04745	0.01481	0.82290	0.03426	0.00387	0.00397	0.00595	0.00246	0.00247
60	0.00825	0.00642	0.00736	0.02183	0.00849	0.04764	0.04002	0.10734	0.05574	0.07623	0.15868	0.14346	0.28623	0.00817	0.00454	0.00133	0.00303	0.00700	0.00379	0.00444
61	0.01116	0.01130	0.01509	0.01190	0.01415	0.17246	0.26491	0.05108	0.06933	0.07061	0.00883	0.01057	0.02334	0.00500	0.00672	0.00139	0.24059	0.00394	0.00245	0.00517
62	0.01117	0.00939	0.01470	0.06203	0.55728	0.05396	0.04777	0.01338	0.00959	0.14100	0.02291	0.02276	0.00760	0.00404	0.00403	0.00121	0.00473	0.00382	0.00251	0.00611
63	0.01168	0.00516	0.00618	0.00527	0.00710	0.00483	0.00418	0.03883	0.00996	0.33078	0.02855	0.03038	0.01082	0.00500	0.00339	0.00108	0.00255	0.00405	0.48518	0.00501
64	0.00757	0.00713	0.01203	0.84942	0.02762	0.00891	0.01114	0.01025	0.00802	0.01025	0.00713	0.01069	0.00535	0.00401	0.00401	0.00134	0.00535	0.00356	0.00178	0.00446
65	0.00846	0.06193	0.77413	0.01108	0.01680	0.00954	0.01417	0.01286	0.00854	0.03612	0.00736	0.00851	0.00522	0.00382	0.00376	0.00125	0.00577	0.00295	0.00179	0.00591
66	0.01034	0.01035	0.04008	0.16615	0.14180	0.12692	0.13515	0.01241	0.00884	0.08107	0.00817	0.01129	0.00670	0.00519	0.01845	0.00144	0.17416	0.03413	0.00223	0.00511
67	0.00957	0.00917	0.01564	0.14929	0.71214	0.00944	0.01213	0.01200	0.00896	0.01267	0.00748	0.01004	0.00620	0.00364	0.00398	0.00121	0.00485	0.00357	0.00195	0.00607
68	0.00630	0.00379	0.00511	0.00511	0.00524	0.00392	0.00334	0.00581	0.00568	0.00770	0.00987	0.01836	0.01051	0.34960	0.16510	0.38065	0.00494	0.00455	0.00209	0.00234
69	0.00728	0.00628	0.00700	0.00640	0.00790	0.00684	0.00499	0.02445	0.29207	0.01365	0.12892	0.02556	0.34269	0.00784	0.00543	0.00139	0.09663	0.00633	0.00372	0.00463
70	0.00738	0.00610	0.00727	0.00563	0.00831	0.00480	0.00441	0.00913	0.00913	0.01371	0.23032	0.04469	0.03910	0.00492	0.00357	0.00083	0.00263	0.00418	0.00301	0.59086
71	0.00757	0.00713	0.01203	0.84942	0.02762	0.00891	0.01114	0.01025	0.00802	0.01025	0.00713	0.01069	0.00535	0.00401	0.00401	0.00134	0.00535	0.00356	0.00178	0.00446

[dist]
# distance from previous block
# <min> <max>
0	1

[block]
# block no. 9 follows, 67 sequences, length 73
# corresponding to MSA columns:
# 469-480,493-521,531-562
name=unknown_J
#
# <colnr> <probs for GDERKNQSTAVLIFYWHMCP>
#	G	D	E	R	K	N	Q	S	T	A	V	L	I	F	Y	W	H	M	C	P
0	0.00989	0.54062	0.22510	0.00931	0.01345	0.01349	0.11512	0.01229	0.00840	0.01070	0.00631	0.00751	0.00525	0.00352	0.00316	0.00103	0.00502	0.00269	0.00175	0.00538
1	0.00580	0.00400	0.00492	0.00494	0.00516	0.00415	0.00316	0.00622	0.00619	0.00845	0.03308	0.03655	0.01439	0.61597	0.21452	0.00436	0.00544	0.01747	0.00245	0.00277
2	0.00921	0.02135	0.05480	0.03146	0.28066	0.08488	0.00818	0.01278	0.13942	0.04112	0.21236	0.01691	0.05890	0.00547	0.00416	0.00123	0.00392	0.00476	0.00309	0.00534
3	0.00591	0.00418	0.00613	0.00616	0.00673	0.00473	0.00466	0.00686	0.00634	0.00899	0.01078	0.01713	0.01045	0.09685	0.65013	0.11011	0.00909	0.02935	0.00217	0.00327
4	0.01137	0.22113	0.04277	0.00840	0.03868	0.06431	0.00701	0.30726	0.02529	0.01708	0.18990	0.01321	0.01313	0.00514	0.00393	0.00113	0.01757	0.00397	0.00322	0.00550
5	0.00856	0.08446	0.66516	0.01111	0.02536	0.00959	0.05281	0.01265	0.00855	0.02953	0.00729	0.00854	0.00529	0.00374	0.00372	0.00121	0.00562	0.00298	0.00182	0.05200
6	0.31519	0.11014	0.30005	0.00878	0.02343	0.04467	0.02930	0.08888	0.02129	0.01531	0.00681	0.00779	0.00515	0.00386	0.00325	0.00120	0.00463	0.00272	0.00225	0.00532
7	0.25214	0.04760	0.09989	0.05127	0.02315	0.02003	0.00631	0.02039	0.04349	0.13320	0.02561	0.21729	0.03148	0.00639	0.00380	0.00133	0.00351	0.00523	0.00312	0.00477
8	0.01961	0.00628	0.03185	0.09835	0.14307	0.02660	0.02660	0.00838	0.00887	0.02390	0.07374	0.21626	0.25757	0.00823	0.00455	0.00139	0.00334	0.03407	0.00314	0.00421
