[name]
unknown

[dist]
# distance from previous block
# <min> <max>
5	20

[block]
# block no. 0 follows, 63 sequences, length 6
# corresponding to MSA columns:
# 32-37
name=unknown_A
#
# <colnr> <probs for GDERKNQSTAVLIFYWHMCP>
#	G	D	E	R	K	N	Q	S	T	A	V	L	I	F	Y	W	H	M	C	P
0	0.01099	0.24349	0.12308	0.00833	0.01200	0.20218	0.00773	0.01294	0.00943	0.01181	0.00681	0.00794	0.00569	0.00365	0.00328	0.00090	0.00494	0.00256	0.00213	0.32013
1	0.00968	0.17002	0.10604	0.00786	0.01060	0.00919	0.00717	0.11422	0.09906	0.03805	0.01328	0.14172	0.01281	0.04732	0.00498	0.00144	0.00400	0.10166	0.00315	0.09775
2	0.01110	0.33398	0.31497	0.00964	0.01398	0.01319	0.01050	0.17952	0.01090	0.01462	0.00734	0.00834	0.00574	0.00422	0.00402	0.00118	0.04550	0.00295	0.00229	0.00602
3	0.07698	0.02652	0.03233	0.00667	0.00788	0.06732	0.00536	0.00904	0.00886	0.03121	0.07037	0.12588	0.06625	0.18474	0.00832	0.00211	0.00383	0.25915	0.00334	0.00385
4	0.03792	0.44848	0.04365	0.00854	0.01207	0.01227	0.11439	0.01254	0.00880	0.06221	0.00757	0.00892	0.00631	0.00573	0.06548	0.00142	0.00510	0.00297	0.00221	0.13342
5	0.00618	0.00536	0.00784	0.00700	0.00859	0.00470	0.11181	0.00753	0.00885	0.01167	0.02516	0.38207	0.26639	0.00983	0.00490	0.00144	0.00305	0.00886	0.00348	0.11528

[dist]
# distance from previous block
# <min> <max>
29	118

[block]
# block no. 1 follows, 63 sequences, length 25
# corresponding to MSA columns:
# 187-211
name=unknown_B
#
# <colnr> <probs for GDERKNQSTAVLIFYWHMCP>
#	G	D	E	R	K	N	Q	S	T	A	V	L	I	F	Y	W	H	M	C	P
0	0.03022	0.33184	0.17329	0.03315	0.04936	0.04429	0.07525	0.02655	0.02230	0.01223	0.00889	0.01090	0.03642	0.00427	0.00357	0.00111	0.00491	0.03032	0.00217	0.09896
1	0.00892	0.05046	0.05829	0.23837	0.07693	0.00823	0.04125	0.03256	0.04395	0.06486	0.01356	0.12110	0.06895	0.00617	0.00469	0.00136	0.03749	0.03586	0.00280	0.08419
2	0.07099	0.12459	0.16056	0.01078	0.08194	0.05340	0.03957	0.19636	0.08487	0.08829	0.00946	0.00998	0.00702	0.00438	0.00383	0.00122	0.00481	0.00342	0.00300	0.04156
3	0.02527	0.13604	0.18964	0.06074	0.07022	0.00970	0.10376	0.03807	0.02314	0.08145	0.04303	0.01346	0.08331	0.00490	0.00438	0.00125	0.03646	0.00409	0.00263	0.06848
4	0.00667	0.00508	0.00649	0.00615	0.00723	0.00518	0.00458	0.01959	0.04187	0.01102	0.04635	0.09228	0.10538	0.14267	0.27986	0.05411	0.03170	0.02448	0.00286	0.10646
5	0.04489	0.00988	0.02808	0.12848	0.49320	0.03272	0.01113	0.05567	0.06810	0.07364	0.00913	0.01091	0.00712	0.00415	0.00411	0.00128	0.00486	0.00376	0.00257	0.00632
6	0.14095	0.13175	0.03112	0.07877	0.13195	0.07028	0.02128	0.10978	0.10049	0.02610	0.00836	0.00975	0.00668	0.00502	0.01657	0.00138	0.09813	0.00337	0.00262	0.00564
7	0.00654	0.00397	0.00529	0.00531	0.00543	0.00408	0.00344	0.00608	0.00601	0.00813	0.01083	0.03870	0.01169	0.37506	0.14884	0.34582	0.00502	0.00503	0.00225	0.00248
8	0.01008	0.04472	0.08565	0.01392	0.01754	0.03238	0.46094	0.03424	0.09741	0.03113	0.03480	0.03783	0.00867	0.00456	0.00509	0.00139	0.04984	0.00476	0.00256	0.02251
9	0.00855	0.00573	0.00658	0.00592	0.00754	0.00579	0.02932	0.07569	0.12144	0.04877	0.09827	0.04094	0.16910	0.00678	0.00404	0.00124	0.00267	0.02279	0.33418	0.00466
10	0.00523	0.00399	0.00478	0.00517	0.00595	0.00357	0.00364	0.00628	0.00921	0.01196	0.16767	0.40871	0.30915	0.02781	0.00547	0.00159	0.00228	0.01001	0.00400	0.00354
11	0.00601	0.00450	0.00676	0.00676	0.00751	0.00525	0.00525	0.00751	0.00676	0.00976	0.01126	0.01651	0.01051	0.03153	0.83560	0.00676	0.01126	0.00450	0.00225	0.00375
12	0.00923	0.00746	0.00877	0.00629	0.01000	0.00563	0.00504	0.01108	0.00888	0.05474	0.00793	0.00900	0.00644	0.00322	0.00317	0.00066	0.00314	0.00258	0.00263	0.83412
13	0.00623	0.00430	0.00511	0.05168	0.00700	0.00409	0.00390	0.00789	0.00988	0.01412	0.27012	0.10337	0.24401	0.00832	0.00441	0.00130	0.00226	0.00713	0.24106	0.00383
14	0.00601	0.00450	0.00676	0.00676	0.00751	0.00525	0.00525	0.00751	0.00676	0.00976	0.01126	0.01651	0.01051	0.03153	0.83560	0.00676	0.01126	0.00450	0.00225	0.00375
15	0.00640	0.00418	0.00478	0.00478	0.00509	0.00404	0.00288	0.00665	0.00691	0.04112	0.01752	0.10296	0.10578	0.64960	0.01745	0.00346	0.00369	0.00687	0.00292	0.00292
16	0.01124	0.85479	0.02203	0.00719	0.01079	0.01663	0.00719	0.01259	0.00854	0.00989	0.00584	0.00674	0.00539	0.00360	0.00270	0.00090	0.00450	0.00225	0.00180	0.00539
17	0.01438	0.00819	0.01169	0.05139	0.22758	0.00795	0.00820	0.10400	0.02936	0.39483	0.03356	0.03776	0.04112	0.00528	0.00429	0.00131	0.00403	0.00452	0.00399	0.00658
18	0.01257	0.04072	0.01366	0.08376	0.29260	0.17867	0.00966	0.11096	0.13079	0.07095	0.00973	0.01078	0.00750	0.00444	0.00407	0.00125	0.00517	0.00367	0.00286	0.00618
19	0.00829	0.00745	0.01257	0.70244	0.05540	0.00893	0.03582	0.01101	0.00885	0.03674	0.06508	0.01270	0.00820	0.00450	0.00428	0.00139	0.00531	0.00406	0.00218	0.00480
20	0.01305	0.01020	0.01128	0.03569	0.01249	0.01097	0.00730	0.45653	0.16532	0.02130	0.01065	0.01087	0.00792	0.00483	0.00430	0.00119	0.02998	0.00370	0.00373	0.17869
21	0.00793	0.00737	0.01162	0.27621	0.04552	0.00897	0.06610	0.00983	0.00795	0.01111	0.04384	0.02730	0.05116	0.03545	0.11193	0.00226	0.23713	0.00454	0.02931	0.00448
22	0.16852	0.00918	0.01280	0.01478	0.31850	0.03099	0.05239	0.05110	0.03239	0.23804	0.02473	0.01131	0.00803	0.00437	0.00395	0.00128	0.00436	0.00375	0.00323	0.00629
23	0.01015	0.07889	0.40280	0.03878	0.04165	0.03261	0.11307	0.07140	0.12169	0.03514	0.00925	0.01028	0.00681	0.00426	0.00409	0.00131	0.00560	0.00361	0.00245	0.00616
24	0.88196	0.00813	0.00618	0.00553	0.00813	0.00943	0.00455	0.01236	0.00715	0.01886	0.00585	0.00683	0.00455	0.00390	0.00260	0.00130	0.00325	0.00228	0.00260	0.00455

[dist]
# distance from previous block
# <min> <max>
0	1

[block]
# block no. 2 follows, 63 sequences, length 28
# corresponding to MSA columns:
# 213-240
name=unknown_C
#
# <colnr> <probs for GDERKNQSTAVLIFYWHMCP>
#	G	D	E	R	K	N	Q	S	T	A	V	L	I	F	Y	W	H	M	C	P
0	0.00794	0.00747	0.01261	0.84216	0.02895	0.00934	0.01167	0.01074	0.00841	0.01074	0.00747	0.01121	0.00560	0.00420	0.00420	0.00140	0.00560	0.00374	0.00187	0.00467
1	0.00817	0.00802	0.03008	0.72941	0.08850	0.00937	0.03318	0.01100	0.00856	0.01112	0.00774	0.01162	0.00596	0.00425	0.00424	0.00140	0.00559	0.01501	0.00192	0.00487
2	0.00625	0.00438	0.00564	0.00528	0.00637	0.00400	0.00398	0.00816	0.01174	0.03984	0.74664	0.03153	0.09301	0.00864	0.00494	0.00133	0.00204	0.00759	0.00459	0.00403
3	0.14687	0.01041	0.03835	0.00833	0.02200	0.06615	0.01787	0.27482	0.02581	0.09809	0.00908	0.00952	0.00671	0.00424	0.00364	0.00109	0.00417	0.00317	0.00331	0.24636
4	0.00913	0.00782	0.03696	0.22514	0.23420	0.00789	0.00918	0.04744	0.03207	0.07392	0.04635	0.10752	0.07215	0.00743	0.04750	0.00166	0.00471	0.02073	0.00289	0.00529
5	0.02893	0.08833	0.24140	0.01321	0.17046	0.01060	0.05572	0.15746	0.05389	0.12531	0.00966	0.01038	0.00703	0.00432	0.00402	0.00127	0.00503	0.00360	0.00290	0.00648
6	0.00789	0.01973	0.04539	0.04371	0.23287	0.03518	0.02085	0.02300	0.00884	0.02412	0.01548	0.36303	0.03674	0.01032	0.07315	0.00191	0.02273	0.00732	0.00296	0.00476
7	0.06415	0.00799	0.00994	0.00769	0.01086	0.00759	0.00634	0.17002	0.01315	0.60988	0.01470	0.01315	0.00949	0.00509	0.00410	0.00128	0.00371	0.00403	0.02992	0.00692
8	0.00624	0.00457	0.00574	0.00554	0.00655	0.00430	0.00410	0.04906	0.01143	0.01581	0.57463	0.17876	0.09857	0.00940	0.00499	0.00140	0.00221	0.00829	0.00442	0.00400
9	0.00966	0.02467	0.28520	0.08532	0.07346	0.00795	0.02702	0.02743	0.03376	0.09058	0.00872	0.01059	0.00669	0.00579	0.00599	0.14683	0.00479	0.00340	0.00238	0.13974
10	0.01285	0.02535	0.00999	0.00898	0.01054	0.51446	0.00664	0.05305	0.01025	0.01024	0.00734	0.01024	0.00661	0.05151	0.02921	0.21691	0.00634	0.00321	0.00220	0.00410
11	0.00872	0.00747	0.00872	0.00623	0.00996	0.00560	0.00498	0.01058	0.00872	0.01370	0.00747	0.00872	0.00623	0.00311	0.00311	0.00062	0.00311	0.00249	0.00249	0.87796
12	0.00555	0.00416	0.00560	0.00624	0.00675	0.00398	0.02200	0.00698	0.05022	0.01132	0.03866	0.73189	0.04968	0.01238	0.00529	0.00168	0.00260	0.02747	0.00390	0.00366
13	0.03450	0.00791	0.01073	0.00820	0.01145	0.00729	0.04800	0.12020	0.01281	0.64965	0.03441	0.01388	0.01037	0.00515	0.00425	0.00130	0.00385	0.00425	0.00485	0.00695
14	0.00920	0.00932	0.05239	0.27645	0.28469	0.03451	0.06633	0.01202	0.03773	0.03047	0.01101	0.05646	0.04943	0.00510	0.00466	0.00138	0.03204	0.01897	0.00236	0.00546
15	0.00978	0.20981	0.17747	0.00904	0.01218	0.05006	0.03923	0.01475	0.24371	0.01295	0.01218	0.03435	0.05456	0.00574	0.00507	0.04669	0.05015	0.00405	0.00272	0.00553
16	0.00523	0.00428	0.00466	0.00483	0.00609	0.00371	0.00370	0.00642	0.00958	0.01170	0.07459	0.10235	0.63555	0.01086	0.00509	0.00150	0.00235	0.10000	0.00393	0.00359
17	0.01463	0.00694	0.00967	0.00768	0.01034	0.00634	0.05256	0.07806	0.01216	0.50096	0.16311	0.07499	0.01647	0.00626	0.00446	0.00133	0.00347	0.00538	0.01904	0.00617
18	0.01134	0.37854	0.13057	0.02947	0.07343	0.09459	0.09947	0.01395	0.04320	0.05554	0.00767	0.00885	0.00618	0.00402	0.00382	0.00114	0.02724	0.00311	0.00218	0.00569
19	0.04494	0.00725	0.00961	0.00742	0.01059	0.00644	0.00612	0.04704	0.01214	0.75033	0.04196	0.01448	0.01105	0.00527	0.00420	0.00130	0.00355	0.00426	0.00507	0.00697
20	0.00940	0.00484	0.00565	0.00514	0.00657	0.00466	0.00396	0.02633	0.03485	0.15297	0.19718	0.04755	0.01781	0.00609	0.00376	0.00115	0.00234	0.00510	0.46005	0.00460
21	0.13096	0.01002	0.01237	0.19913	0.09919	0.09984	0.07479	0.12979	0.04385	0.10586	0.03543	0.01169	0.00803	0.00462	0.00405	0.00131	0.00496	0.01550	0.00297	0.00564
22	0.02508	0.01836	0.04062	0.22997	0.05026	0.06160	0.08461	0.19260	0.01159	0.05366	0.04340	0.04029	0.02423	0.02768	0.02312	0.00155	0.03281	0.03025	0.00292	0.00540
23	0.00535	0.00401	0.00558	0.00613	0.00661	0.00374	0.03159	0.00625	0.00828	0.01102	0.05501	0.70409	0.07327	0.03463	0.02147	0.00182	0.00277	0.01107	0.00380	0.00351
24	0.53628	0.00926	0.02219	0.11201	0.03215	0.05400	0.08575	0.02987	0.02393	0.01640	0.00692	0.00878	0.00548	0.02583	0.00386	0.00139	0.01562	0.00299	0.00247	0.00482
25	0.00532	0.00383	0.00487	0.00550	0.00590	0.00356	0.00369	0.00612	0.00837	0.01114	0.11027	0.59193	0.09800	0.11210	0.00719	0.00192	0.00256	0.01052	0.00382	0.00338
26	0.05946	0.01045	0.12381	0.08479	0.08341	0.04433	0.08711	0.05651	0.02085	0.01403	0.02055	0.08647	0.01710	0.00474	0.00393	0.00114	0.00452	0.00413	0.00255	0.27011
27	0.01083	0.00747	0.00807	0.00704	0.00907	0.04017	0.00552	0.10575	0.23936	0.12521	0.14986	0.01752	0.02873	0.00723	0.04717	0.00154	0.00359	0.00484	0.16434	0.01670

[dist]
# distance from previous block
# <min> <max>
1	7

[block]
# block no. 3 follows, 63 sequences, length 23
# corresponding to MSA columns:
# 248-270
name=unknown_D
#
# <colnr> <probs for GDERKNQSTAVLIFYWHMCP>
#	G	D	E	R	K	N	Q	S	T	A	V	L	I	F	Y	W	H	M	C	P
0	0.00623	0.00476	0.00635	0.00632	0.00658	0.00514	0.02367	0.00682	0.00704	0.00962	0.01578	0.31623	0.01821	0.36426	0.06604	0.00303	0.10449	0.02319	0.00294	0.00328
1	0.00853	0.05201	0.80111	0.01181	0.01793	0.01001	0.01523	0.01329	0.00886	0.01319	0.00748	0.00880	0.00533	0.00398	0.00395	0.00132	0.00615	0.00308	0.00178	0.00618
2	0.10016	0.02500	0.00830	0.00649	0.00930	0.04321	0.00515	0.01173	0.00932	0.13285	0.05595	0.10656	0.02457	0.00537	0.00371	0.00103	0.00329	0.02835	0.00321	0.41647
3	0.10022	0.25901	0.17505	0.00929	0.01271	0.07112	0.06776	0.02480	0.08806	0.03736	0.02066	0.03626	0.00762	0.00528	0.02428	0.00137	0.04774	0.00349	0.00243	0.00549
4	0.01052	0.00972	0.01652	0.08063	0.74463	0.00982	0.01259	0.01301	0.00958	0.04080	0.00817	0.01059	0.00671	0.00383	0.00417	0.00126	0.00499	0.00376	0.00217	0.00654
5	0.01000	0.00759	0.00828	0.00747	0.00944	0.00836	0.00576	0.10068	0.43447	0.05237	0.05604	0.10391	0.04602	0.03505	0.00492	0.00148	0.00318	0.01757	0.08169	0.00572
6	0.00920	0.00920	0.01288	0.01104	0.01104	0.01288	0.00920	0.01012	0.00644	0.01012	0.00552	0.00920	0.00552	0.00736	0.01380	0.00184	0.84457	0.00368	0.00184	0.00460
7	0.00872	0.00747	0.00872	0.00623	0.00996	0.00560	0.00498	0.01058	0.00872	0.01370	0.00747	0.00872	0.00623	0.00311	0.00311	0.00062	0.00311	0.00249	0.00249	0.87796
8	0.01050	0.03163	0.01855	0.15786	0.32507	0.01013	0.28579	0.03531	0.00990	0.06139	0.00856	0.01099	0.00659	0.00387	0.00441	0.00133	0.00571	0.00415	0.00230	0.00600
9	0.01124	0.85479	0.02203	0.00719	0.01079	0.01663	0.00719	0.01259	0.00854	0.00989	0.00584	0.00674	0.00539	0.00360	0.00270	0.00090	0.00450	0.00225	0.00180	0.00539
10	0.00694	0.00379	0.00527	0.00527	0.00529	0.00381	0.00339	0.00570	0.00568	0.00760	0.00903	0.01691	0.00957	0.24437	0.03940	0.61556	0.00397	0.00435	0.00203	0.00207
11	0.27521	0.01102	0.19023	0.00828	0.01203	0.00842	0.03013	0.05682	0.01021	0.34225	0.01081	0.01057	0.00725	0.00449	0.00371	0.00131	0.00421	0.00339	0.00353	0.00612
12	0.01570	0.02004	0.01191	0.01083	0.01300	0.83539	0.00812	0.01679	0.01191	0.01029	0.00650	0.00758	0.00541	0.00433	0.00379	0.00108	0.00758	0.00271	0.00217	0.00487
13	0.00894	0.00761	0.00884	0.00633	0.01006	0.00584	0.00508	0.03572	0.00906	0.01410	0.00755	0.00876	0.00626	0.00317	0.00315	0.00064	0.00316	0.00253	0.00254	0.85065
14	0.88196	0.00813	0.00618	0.00553	0.00813	0.00943	0.00455	0.01236	0.00715	0.01886	0.00585	0.00683	0.00455	0.00390	0.00260	0.00130	0.00325	0.00228	0.00260	0.00455
15	0.00794	0.00747	0.01261	0.84216	0.02895	0.00934	0.01167	0.01074	0.00841	0.01074	0.00747	0.01121	0.00560	0.00420	0.00420	0.00140	0.00560	0.00374	0.00187	0.00467
16	0.00586	0.00429	0.00549	0.00519	0.00622	0.00393	0.00389	0.00775	0.01168	0.01633	0.74858	0.03227	0.11524	0.00879	0.00496	0.00133	0.00200	0.00772	0.00456	0.00393
17	0.00881	0.00836	0.01418	0.55410	0.31021	0.00957	0.01211	0.01150	0.00882	0.01180	0.00763	0.01092	0.00598	0.00404	0.00419	0.00135	0.00539	0.00374	0.00194	0.00537
18	0.00576	0.00427	0.00537	0.00513	0.00618	0.00388	0.00384	0.00756	0.01141	0.01577	0.67196	0.05622	0.16894	0.00906	0.00497	0.00135	0.00202	0.00794	0.00449	0.00388
19	0.03840	0.04866	0.06350	0.01010	0.04566	0.05671	0.17342	0.01019	0.00887	0.03829	0.01470	0.35301	0.01569	0.03210	0.00542	0.00155	0.02608	0.02762	0.00299	0.02703
20	0.00560	0.00383	0.00496	0.00552	0.00590	0.00360	0.00374	0.00604	0.00792	0.01045	0.06582	0.49910	0.10950	0.09571	0.00843	0.12368	0.00275	0.03078	0.00352	0.00316
21	0.01010	0.00933	0.01555	0.03745	0.69433	0.00942	0.01170	0.01256	0.02409	0.02871	0.02784	0.02459	0.00834	0.04751	0.00525	0.00142	0.01915	0.00411	0.00228	0.00628
22	0.08462	0.16949	0.19349	0.05343	0.19096	0.04071	0.06528	0.02828	0.01956	0.05493	0.00773	0.00927	0.00606	0.00409	0.00419	0.00124	0.04287	0.00327	0.00222	0.01832

[dist]
# distance from previous block
# <min> <max>
1	21

[block]
# block no. 4 follows, 63 sequences, length 21
# corresponding to MSA columns:
# 292-312
name=unknown_E
#
# <colnr> <probs for GDERKNQSTAVLIFYWHMCP>
#	G	D	E	R	K	N	Q	S	T	A	V	L	I	F	Y	W	H	M	C	P
0	0.00684	0.00506	0.00640	0.03390	0.07140	0.00472	0.00466	0.01902	0.00979	0.06149	0.19513	0.06345	0.36593	0.10068	0.03144	0.00183	0.00305	0.00738	0.00373	0.00407
1	0.10995	0.02143	0.01421	0.01769	0.44978	0.02107	0.05163	0.05933	0.02607	0.06626	0.00863	0.01069	0.00699	0.03160	0.00459	0.00131	0.01405	0.00363	0.00255	0.07853
2	0.14298	0.05221	0.01075	0.00909	0.01149	0.37578	0.00706	0.04399	0.27741	0.01449	0.00999	0.01019	0.00779	0.00471	0.00374	0.00123	0.00529	0.00333	0.00298	0.00551
3	0.01023	0.00981	0.01675	0.08331	0.76989	0.00994	0.01281	0.01275	0.00949	0.01352	0.00788	0.01046	0.00658	0.00378	0.00416	0.00126	0.00504	0.00374	0.00207	0.00652
4	0.00915	0.00856	0.01269	0.30675	0.20402	0.03662	0.01013	0.01189	0.06533	0.02484	0.00847	0.01187	0.00712	0.03908	0.06392	0.00191	0.16638	0.00392	0.00220	0.00516
5	0.00985	0.00945	0.03421	0.01286	0.04134	0.00974	0.32746	0.04205	0.04613	0.06603	0.03951	0.05412	0.04984	0.00604	0.00708	0.01629	0.19915	0.02085	0.00271	0.00529
6	0.00523	0.00374	0.00499	0.00587	0.00619	0.00350	0.00399	0.00609	0.00837	0.01123	0.08038	0.76655	0.02854	0.01280	0.00535	0.00169	0.00245	0.03562	0.00395	0.00347
7	0.00576	0.00423	0.00586	0.00624	0.00678	0.00431	0.01692	0.00679	0.00764	0.01032	0.01871	0.35920	0.05271	0.14195	0.24968	0.00353	0.00545	0.08726	0.00319	0.00347
8	0.00972	0.06729	0.14253	0.04554	0.14359	0.13106	0.04918	0.01240	0.04687	0.03744	0.03250	0.12593	0.05829	0.00596	0.00419	0.00130	0.00475	0.01346	0.06279	0.00522
9	0.00878	0.02775	0.07189	0.11077	0.07016	0.02115	0.02569	0.03053	0.03586	0.09052	0.05576	0.23713	0.03181	0.01922	0.00558	0.00155	0.06222	0.08553	0.00326	0.00484
10	0.00525	0.00417	0.00471	0.00478	0.00590	0.00364	0.00350	0.00649	0.00994	0.01268	0.24085	0.16588	0.49634	0.01052	0.00503	0.00144	0.00214	0.00903	0.00409	0.00364
11	0.16406	0.00785	0.00897	0.00713	0.01000	0.00785	0.00585	0.18003	0.01237	0.42036	0.01305	0.01235	0.00879	0.00491	0.00378	0.00125	0.00353	0.00376	0.11784	0.00629
12	0.03669	0.06395	0.21276	0.05591	0.17753	0.02032	0.07636	0.05494	0.04617	0.04937	0.01005	0.04935	0.00869	0.07926	0.02322	0.00168	0.00521	0.02043	0.00251	0.00563
13	0.00702	0.00596	0.00951	0.00840	0.00949	0.00658	0.11813	0.00874	0.03625	0.01053	0.01285	0.09994	0.03691	0.09734	0.36211	0.04494	0.09710	0.02170	0.00252	0.00398
14	0.00535	0.00395	0.00505	0.00584	0.00642	0.00366	0.00421	0.00633	0.00859	0.01113	0.02675	0.57144	0.17978	0.01245	0.00536	0.00169	0.00260	0.13201	0.00390	0.00351
15	0.03672	0.00997	0.02877	0.16560	0.18430	0.02542	0.34184	0.03690	0.00996	0.05678	0.02708	0.01245	0.03586	0.00423	0.00449	0.00136	0.00573	0.00446	0.00242	0.00566
16	0.01146	0.07021	0.14863	0.07220	0.06173	0.02110	0.07895	0.08443	0.02631	0.16947	0.04556	0.04188	0.00922	0.00476	0.00421	0.00122	0.01787	0.00403	0.00305	0.12370
17	0.01055	0.01081	0.01124	0.06200	0.01187	0.20821	0.00810	0.02703	0.00872	0.04244	0.02653	0.10669	0.02710	0.00707	0.00889	0.00156	0.40947	0.00462	0.00244	0.00464
18	0.00928	0.00974	0.07847	0.03562	0.11668	0.06511	0.03175	0.01147	0.00908	0.01331	0.00819	0.03456	0.00695	0.00377	0.00352	0.00089	0.00406	0.00317	0.03349	0.52090
19	0.04140	0.00864	0.00930	0.00780	0.01064	0.00906	0.00615	0.05435	0.50532	0.02955	0.01358	0.01307	0.01032	0.00485	0.00388	0.00118	0.00332	0.00395	0.00371	0.25993
20	0.04144	0.07635	0.09142	0.02557	0.09987	0.01059	0.02466	0.08817	0.37340	0.01624	0.03183	0.03902	0.01088	0.00543	0.00443	0.00137	0.02969	0.02013	0.00337	0.00615

[dist]
# distance from previous block
# <min> <max>
3	92

[block]
# block no. 5 follows, 63 sequences, length 8
# corresponding to MSA columns:
# 413-420
name=unknown_F
#
# <colnr> <probs for GDERKNQSTAVLIFYWHMCP>
#	G	D	E	R	K	N	Q	S	T	A	V	L	I	F	Y	W	H	M	C	P
0	0.00947	0.02958	0.00934	0.08952	0.04337	0.00707	0.00621	0.08895	0.05789	0.06731	0.02487	0.08452	0.01071	0.07188	0.04966	0.02504	0.00412	0.02422	0.00301	0.29327
1	0.04044	0.06863	0.12419	0.04318	0.13836	0.00842	0.00828	0.05004	0.06824	0.05613	0.01021	0.09230	0.00889	0.00481	0.00381	0.00112	0.00407	0.00404	0.00275	0.26209
2	0.00988	0.04012	0.08935	0.15444	0.14941	0.00794	0.00871	0.02779	0.06841	0.12455	0.05303	0.11938	0.02592	0.00590	0.00428	0.00132	0.00417	0.02441	0.00310	0.07790
3	0.00883	0.00803	0.00958	0.00882	0.08984	0.06074	0.04731	0.06828	0.01023	0.01400	0.06902	0.05249	0.17655	0.00574	0.00403	0.00106	0.00360	0.00489	0.00302	0.35393
4	0.01053	0.03359	0.00984	0.00720	0.01052	0.00672	0.03039	0.08275	0.01032	0.12032	0.02909	0.01390	0.00936	0.00454	0.00371	0.00094	0.00352	0.08109	0.00315	0.52851
5	0.09523	0.00843	0.06546	0.16923	0.12272	0.02390	0.05688	0.01149	0.04339	0.05282	0.14045	0.05464	0.06832	0.00667	0.03020	0.00154	0.03565	0.00503	0.00292	0.00502
6	0.00764	0.00727	0.06712	0.00625	0.00901	0.00528	0.00523	0.00952	0.00916	0.01370	0.19402	0.05584	0.01567	0.08826	0.00550	0.00122	0.00314	0.00450	0.00300	0.48865
7	0.00903	0.05174	0.01335	0.19119	0.31251	0.00885	0.02778	0.01111	0.00887	0.03058	0.02528	0.12880	0.00993	0.00546	0.00485	0.00131	0.06109	0.00480	0.00242	0.09105

[dist]
# distance from previous block
# <min> <max>
0	1

[block]
# block no. 6 follows, 63 sequences, length 25
# corresponding to MSA columns:
# 422-446
name=unknown_G
#
# <colnr> <probs for GDERKNQSTAVLIFYWHMCP>
#	G	D	E	R	K	N	Q	S	T	A	V	L	I	F	Y	W	H	M	C	P
0	0.00756	0.00530	0.00665	0.00593	0.02136	0.00465	0.00410	0.00786	0.02263	0.01019	0.01025	0.02591	0.03913	0.17675	0.01179	0.32393	0.00349	0.00406	0.00235	0.30611
1	0.09432	0.00917	0.01240	0.03925	0.36194	0.05960	0.02077	0.01281	0.03309	0.06578	0.02217	0.06244	0.00869	0.00458	0.00392	0.00118	0.00433	0.01245	0.00264	0.16847
2	0.00632	0.00486	0.00660	0.08699	0.00965	0.00480	0.00598	0.00797	0.00924	0.01196	0.03641	0.18637	0.16502	0.01066	0.00532	0.00170	0.00341	0.39856	0.00365	0.03454
3	0.17573	0.07987	0.04828	0.00843	0.01104	0.28203	0.00698	0.06055	0.05462	0.08695	0.08672	0.01099	0.00952	0.00482	0.00393	0.00120	0.02715	0.00341	0.00294	0.03484
4	0.09434	0.20638	0.17809	0.03060	0.03951	0.04133	0.03182	0.06242	0.14221	0.03809	0.01019	0.07524	0.00861	0.00497	0.00375	0.00125	0.00456	0.00393	0.00273	0.01996
5	0.00640	0.00701	0.08679	0.29582	0.01501	0.00619	0.00742	0.00841	0.00890	0.01127	0.03515	0.09281	0.35613	0.02290	0.02051	0.00157	0.00396	0.00664	0.00295	0.00418
6	0.00546	0.00392	0.00518	0.00562	0.00617	0.00364	0.00393	0.00670	0.00962	0.01323	0.35014	0.51542	0.03265	0.01130	0.00520	0.00155	0.00225	0.01017	0.00420	0.00364
7	0.00955	0.00796	0.00916	0.00662	0.01031	0.00645	0.00533	0.10228	0.00998	0.01516	0.00777	0.00887	0.00633	0.00333	0.00324	0.00070	0.00329	0.00264	0.00269	0.77833
8	0.00812	0.00690	0.08601	0.00686	0.00869	0.00562	0.00577	0.03305	0.03953	0.10610	0.06753	0.23339	0.09936	0.05528	0.13025	0.00234	0.02266	0.00679	0.00344	0.07233
9	0.09304	0.00908	0.00979	0.00888	0.00964	0.13331	0.00706	0.01031	0.00772	0.01115	0.03238	0.08417	0.00980	0.03980	0.14671	0.00254	0.35981	0.01818	0.00235	0.00429
10	0.01508	0.01140	0.01250	0.00975	0.01275	0.01291	0.00805	0.69978	0.05395	0.02452	0.00996	0.01025	0.00724	0.00530	0.00513	0.00132	0.08540	0.00382	0.00398	0.00688
11	0.01018	0.09013	0.03083	0.03331	0.01114	0.05171	0.00599	0.03167	0.00937	0.06904	0.00795	0.00896	0.00637	0.00347	0.00327	0.00078	0.00371	0.00268	0.00260	0.61686
12	0.01456	0.00615	0.00833	0.00688	0.00921	0.00551	0.00543	0.01597	0.01068	0.56069	0.06446	0.09974	0.01430	0.08134	0.07479	0.00203	0.00405	0.00538	0.00457	0.00591
13	0.00711	0.00529	0.00678	0.08674	0.00950	0.00542	0.00541	0.02221	0.11082	0.04907	0.10497	0.29682	0.14413	0.01038	0.02793	0.00170	0.00325	0.09433	0.00384	0.00430
14	0.01113	0.08998	0.03449	0.00799	0.01056	0.00932	0.00674	0.24250	0.14620	0.06752	0.04521	0.09000	0.04760	0.00679	0.00436	0.00135	0.00379	0.10788	0.00380	0.06278
15	0.36115	0.00878	0.00996	0.00940	0.08677	0.00981	0.02230	0.12696	0.04134	0.14139	0.00930	0.01090	0.00717	0.00499	0.00477	0.00138	0.10362	0.03121	0.00319	0.00560
16	0.53266	0.03968	0.00909	0.08748	0.01099	0.01047	0.00650	0.01162	0.00718	0.01548	0.00596	0.00787	0.00496	0.00476	0.00555	0.00142	0.21247	0.00277	0.00231	0.02079
17	0.30812	0.03215	0.05745	0.00613	0.00875	0.00712	0.00523	0.01080	0.03021	0.01583	0.18238	0.03887	0.03196	0.02805	0.00400	0.00122	0.00314	0.00411	0.00304	0.22142
18	0.00698	0.00475	0.00658	0.08667	0.00924	0.00469	0.00546	0.00857	0.00970	0.06864	0.21945	0.25110	0.05406	0.04123	0.00576	0.00169	0.00311	0.20439	0.00392	0.00401
19	0.01025	0.04522	0.02993	0.08823	0.02089	0.05288	0.00685	0.17199	0.20519	0.03826	0.08739	0.09878	0.10377	0.00671	0.00438	0.00136	0.00383	0.00558	0.01304	0.00549
20	0.01078	0.11879	0.23868	0.09386	0.20392	0.06768	0.03249	0.04889	0.00996	0.07539	0.00899	0.01180	0.00723	0.00449	0.00403	0.00128	0.00537	0.04804	0.00238	0.00594
21	0.03876	0.07769	0.01198	0.08916	0.01344	0.23349	0.00766	0.15089	0.08711	0.22022	0.01064	0.01074	0.00765	0.00476	0.00409	0.00123	0.01756	0.00353	0.00342	0.00600
22	0.00624	0.02601	0.02858	0.08608	0.00891	0.00488	0.00499	0.00762	0.00901	0.02110	0.13372	0.22994	0.22367	0.09297	0.00649	0.00171	0.00305	0.05480	0.00351	0.04673
23	0.00975	0.00670	0.00979	0.01166	0.22545	0.00680	0.00703	0.06017	0.00911	0.13655	0.01234	0.05665	0.01137	0.18129	0.21422	0.00323	0.00598	0.02396	0.00295	0.00500
24	0.14218	0.15088	0.12173	0.07891	0.19717	0.01049	0.05317	0.02887	0.03487	0.13076	0.00878	0.00989	0.00660	0.00410	0.00372	0.00124	0.00471	0.00336	0.00261	0.00594

[dist]
# distance from previous block
# <min> <max>
23	85

# created by:
# /home/cegg/simao/soft/augustus-3.2.1/scripts/msa2prfl.pl ./align_prep/EOG092C4AQW.fa
