[name]
unknown

[dist]
# distance from previous block
# <min> <max>
0	151

[block]
# block no. 0 follows, 70 sequences, length 26
# corresponding to MSA columns:
# 173-198
name=unknown_A
#
# <colnr> <probs for GDERKNQSTAVLIFYWHMCP>
#	G	D	E	R	K	N	Q	S	T	A	V	L	I	F	Y	W	H	M	C	P
0	0.01041	0.02870	0.03228	0.00811	0.01039	0.00769	0.09922	0.16571	0.15564	0.15120	0.08825	0.14295	0.01411	0.04319	0.00487	0.00140	0.00363	0.02336	0.00363	0.00526
1	0.03566	0.22232	0.09037	0.00778	0.02444	0.09193	0.02629	0.01409	0.03436	0.29031	0.01259	0.03460	0.07709	0.00481	0.00368	0.00112	0.01639	0.00373	0.00306	0.00538
2	0.00919	0.12199	0.40214	0.01179	0.01624	0.06144	0.24482	0.02633	0.02221	0.02278	0.00722	0.00871	0.00541	0.00365	0.00394	0.00119	0.02036	0.00329	0.00187	0.00542
3	0.00902	0.00904	0.01578	0.21751	0.42396	0.02901	0.17796	0.01153	0.00866	0.01189	0.00726	0.00982	0.00581	0.00350	0.00395	0.00119	0.00512	0.00361	0.00190	0.04349
4	0.00619	0.00435	0.00603	0.09779	0.04971	0.00440	0.00456	0.00677	0.00711	0.03019	0.04210	0.21395	0.09386	0.22511	0.01844	0.13898	0.00336	0.04125	0.00274	0.00313
5	0.00829	0.04492	0.52112	0.01062	0.04996	0.05054	0.05580	0.01166	0.00853	0.04389	0.02345	0.08812	0.02307	0.00493	0.00391	0.00126	0.00510	0.03741	0.00214	0.00526
6	0.00957	0.10307	0.07932	0.19236	0.04789	0.03617	0.13195	0.04905	0.00909	0.12417	0.01136	0.09578	0.04446	0.02557	0.00435	0.00130	0.00456	0.02248	0.00260	0.00491
7	0.00982	0.00605	0.00723	0.00626	0.00813	0.00605	0.00491	0.07674	0.19114	0.21035	0.29992	0.05190	0.09172	0.00667	0.00424	0.00125	0.00266	0.00568	0.00421	0.00507
8	0.02187	0.00883	0.05459	0.20130	0.25487	0.02007	0.05145	0.08717	0.06540	0.11617	0.02882	0.01110	0.00753	0.00520	0.04039	0.00144	0.01198	0.00368	0.00261	0.00552
9	0.00709	0.00649	0.04088	0.10640	0.21837	0.00611	0.04845	0.00902	0.02671	0.03358	0.06914	0.33123	0.05279	0.00752	0.00440	0.00136	0.00354	0.01960	0.00289	0.00444
10	0.04206	0.02961	0.00796	0.05538	0.05854	0.08535	0.00548	0.03233	0.00952	0.20810	0.11215	0.04798	0.17412	0.00766	0.04352	0.04681	0.00370	0.00502	0.02016	0.00454
11	0.01094	0.51162	0.01698	0.03072	0.01124	0.20413	0.03547	0.01218	0.00838	0.00937	0.00561	0.00694	0.00503	0.00393	0.00413	0.00101	0.11336	0.00246	0.00175	0.00476
12	0.01046	0.10610	0.36861	0.02429	0.04995	0.03232	0.06719	0.11802	0.03287	0.11225	0.00859	0.02333	0.00636	0.00411	0.00385	0.00119	0.01902	0.00331	0.00245	0.00573
13	0.00476	0.00383	0.00426	0.00446	0.00547	0.00332	0.00328	0.00578	0.00873	0.01087	0.11141	0.22110	0.55037	0.01019	0.00469	0.00138	0.00207	0.03708	0.00366	0.00329
14	0.01027	0.83646	0.04914	0.00679	0.01019	0.01512	0.00690	0.01163	0.00789	0.00923	0.00544	0.00629	0.00497	0.00333	0.00253	0.00084	0.00420	0.00210	0.00166	0.00500
15	0.00966	0.08658	0.47085	0.04621	0.01475	0.02469	0.01110	0.11331	0.09546	0.05746	0.00841	0.00916	0.00611	0.00408	0.00387	0.00120	0.02589	0.00312	0.00233	0.00574
16	0.00947	0.00776	0.02369	0.08740	0.18824	0.05745	0.00776	0.08588	0.06810	0.09131	0.02808	0.05959	0.05904	0.00650	0.00431	0.00136	0.00400	0.20196	0.00311	0.00499
17	0.00591	0.00440	0.00629	0.00678	0.00755	0.00435	0.03566	0.00730	0.00828	0.01085	0.02004	0.24836	0.04647	0.07020	0.00630	0.00184	0.01522	0.48736	0.00341	0.00344
18	0.86802	0.00783	0.02763	0.00525	0.00774	0.00870	0.00446	0.01142	0.00664	0.01726	0.00544	0.00635	0.00422	0.00360	0.00243	0.00120	0.00307	0.00212	0.00238	0.00424
19	0.00563	0.00377	0.00431	0.00431	0.00433	0.00380	0.00245	0.00569	0.00566	0.00757	0.01214	0.02498	0.01392	0.83151	0.05174	0.00385	0.00401	0.00558	0.00234	0.00239
20	0.06889	0.10082	0.22106	0.00771	0.01110	0.02460	0.00771	0.04207	0.04029	0.22357	0.03913	0.01096	0.02626	0.00494	0.01630	0.02805	0.01990	0.00331	0.00288	0.10044
21	0.00800	0.00727	0.01171	0.72714	0.06674	0.00882	0.01041	0.07670	0.00866	0.01123	0.00738	0.02587	0.00571	0.00407	0.00389	0.00128	0.00501	0.00359	0.00194	0.00457
22	0.00555	0.00415	0.00551	0.00549	0.00603	0.00450	0.00400	0.00648	0.00665	0.00914	0.05088	0.05115	0.10723	0.25683	0.40699	0.00434	0.03808	0.02134	0.00249	0.00316
23	0.00819	0.12692	0.41517	0.04405	0.01475	0.00931	0.11749	0.03205	0.05647	0.01234	0.05260	0.01208	0.07313	0.00441	0.00379	0.00120	0.00491	0.00375	0.00217	0.00525
24	0.07110	0.03145	0.17978	0.00909	0.01249	0.00919	0.08236	0.20413	0.01065	0.12126	0.00832	0.00913	0.00609	0.00418	0.00449	0.00115	0.08808	0.00319	0.00276	0.14113
25	0.68343	0.00735	0.00624	0.00529	0.00785	0.00796	0.00432	0.02763	0.00723	0.01660	0.03099	0.00737	0.00551	0.00362	0.00258	0.00108	0.00297	0.00231	0.00247	0.16721

[dist]
# distance from previous block
# <min> <max>
0	14

[block]
# block no. 1 follows, 70 sequences, length 9
# corresponding to MSA columns:
# 213-221
name=unknown_B
#
# <colnr> <probs for GDERKNQSTAVLIFYWHMCP>
#	G	D	E	R	K	N	Q	S	T	A	V	L	I	F	Y	W	H	M	C	P
0	0.03828	0.03198	0.08556	0.17232	0.21319	0.02268	0.05507	0.04380	0.00877	0.02870	0.02203	0.00940	0.00624	0.00355	0.00354	0.00103	0.00434	0.00313	0.00215	0.24424
1	0.14097	0.00862	0.05075	0.17663	0.24380	0.00841	0.03261	0.05470	0.05043	0.04222	0.00768	0.00931	0.00596	0.00367	0.00350	0.00111	0.00416	0.00313	0.00231	0.15004
2	0.00802	0.00746	0.01253	0.55894	0.27709	0.00857	0.01075	0.01048	0.00810	0.01097	0.00728	0.01029	0.00569	0.00377	0.00381	0.00123	0.00484	0.00346	0.04187	0.00484
3	0.00753	0.02909	0.25283	0.02452	0.08457	0.00689	0.07371	0.01065	0.05213	0.04514	0.25549	0.05602	0.07349	0.00581	0.00415	0.00124	0.00385	0.00513	0.00293	0.00484
4	0.80798	0.00741	0.00601	0.00527	0.00773	0.00841	0.00434	0.01211	0.00703	0.09590	0.00634	0.00695	0.00471	0.00371	0.00254	0.00120	0.00303	0.00227	0.00263	0.00443
5	0.00673	0.00337	0.00505	0.00505	0.00505	0.00337	0.00337	0.00505	0.00505	0.00673	0.00673	0.01178	0.00673	0.01347	0.01515	0.88721	0.00337	0.00337	0.00168	0.00168
6	0.00482	0.00344	0.00461	0.00551	0.00577	0.00323	0.00376	0.00556	0.00752	0.01000	0.02131	0.81011	0.02543	0.01206	0.00497	0.00159	0.00233	0.06119	0.00360	0.00318
7	0.00583	0.00429	0.00511	0.00491	0.00596	0.00406	0.00368	0.03981	0.03179	0.01386	0.43469	0.09027	0.21684	0.02967	0.02089	0.00142	0.00226	0.02248	0.05851	0.00367
8	0.01450	0.01799	0.01103	0.00992	0.01199	0.79516	0.00748	0.06693	0.01145	0.01044	0.00620	0.00714	0.00510	0.00404	0.00352	0.00101	0.00682	0.00256	0.00212	0.00463

[dist]
# distance from previous block
# <min> <max>
0	49

[block]
# block no. 2 follows, 70 sequences, length 10
# corresponding to MSA columns:
# 271-280
name=unknown_C
#
# <colnr> <probs for GDERKNQSTAVLIFYWHMCP>
#	G	D	E	R	K	N	Q	S	T	A	V	L	I	F	Y	W	H	M	C	P
0	0.00733	0.00673	0.01031	0.49469	0.11181	0.02704	0.00887	0.02877	0.00840	0.01095	0.07226	0.04084	0.07893	0.00684	0.06870	0.00165	0.00491	0.00438	0.00224	0.00433
1	0.01683	0.00750	0.00956	0.00733	0.01035	0.00704	0.00605	0.19020	0.01261	0.66881	0.01402	0.01237	0.00896	0.00477	0.00389	0.00119	0.00350	0.00381	0.00460	0.00660
2	0.42052	0.00709	0.00746	0.00611	0.00880	0.00725	0.00502	0.01550	0.04397	0.42622	0.01075	0.01006	0.00720	0.00426	0.00321	0.00120	0.00315	0.00309	0.00365	0.00547
3	0.00522	0.00379	0.00492	0.00498	0.00571	0.00349	0.00360	0.00666	0.00982	0.01362	0.55558	0.27492	0.07468	0.00927	0.00468	0.00133	0.00196	0.00825	0.00404	0.00349
4	0.01017	0.80396	0.08078	0.00696	0.01045	0.01487	0.00720	0.01166	0.00790	0.00935	0.00550	0.00636	0.00497	0.00334	0.00258	0.00086	0.00426	0.00213	0.00166	0.00503
5	0.00602	0.00377	0.00474	0.00484	0.00526	0.00392	0.00336	0.00669	0.00651	0.00964	0.01227	0.08969	0.01249	0.28376	0.21572	0.09862	0.00477	0.02658	0.19842	0.00293
6	0.00653	0.00488	0.00681	0.00652	0.00747	0.00562	0.00512	0.09519	0.00752	0.01066	0.01027	0.01459	0.00936	0.02645	0.75745	0.00568	0.00973	0.00408	0.00227	0.00380
7	0.00564	0.00376	0.00423	0.00423	0.00423	0.00376	0.00235	0.00564	0.00564	0.00752	0.01222	0.02537	0.01409	0.86375	0.01973	0.00376	0.00376	0.00564	0.00235	0.00235
8	0.00481	0.00378	0.00438	0.00481	0.00568	0.00336	0.00354	0.00577	0.00833	0.01039	0.03078	0.33601	0.45634	0.01076	0.00480	0.00146	0.00224	0.09592	0.00360	0.00326
9	0.06420	0.25745	0.38043	0.01038	0.01477	0.03591	0.16200	0.01215	0.00826	0.01165	0.00655	0.00790	0.00507	0.00351	0.00342	0.00112	0.00530	0.00290	0.00176	0.00529

[dist]
# distance from previous block
# <min> <max>
3	15

[block]
# block no. 3 follows, 70 sequences, length 20
# corresponding to MSA columns:
# 297-316
name=unknown_D
#
# <colnr> <probs for GDERKNQSTAVLIFYWHMCP>
#	G	D	E	R	K	N	Q	S	T	A	V	L	I	F	Y	W	H	M	C	P
0	0.53252	0.08055	0.08626	0.00668	0.00956	0.02313	0.01729	0.12106	0.03103	0.03761	0.00688	0.00792	0.00531	0.00391	0.00290	0.00118	0.00365	0.01515	0.00257	0.00485
1	0.03625	0.00852	0.00943	0.01982	0.01058	0.03202	0.02091	0.30289	0.25564	0.01751	0.01346	0.03290	0.01164	0.00672	0.02338	0.00147	0.01576	0.17201	0.00360	0.00548
2	0.00564	0.00376	0.00423	0.00423	0.00423	0.00376	0.00235	0.00564	0.00564	0.00752	0.01222	0.02537	0.01409	0.86375	0.01973	0.00376	0.00376	0.00564	0.00235	0.00235
3	0.00939	0.00900	0.01537	0.09796	0.76700	0.00916	0.01180	0.01172	0.00873	0.01242	0.00726	0.00966	0.00605	0.00349	0.00384	0.00116	0.00466	0.00345	0.00190	0.00598
4	0.01477	0.00728	0.00887	0.00701	0.00969	0.00712	0.00572	0.19351	0.07976	0.48557	0.03546	0.01300	0.00988	0.00486	0.00379	0.00117	0.00329	0.00390	0.09919	0.00616
5	0.01064	0.00864	0.00919	0.00801	0.01036	0.00986	0.00630	0.13712	0.68770	0.04464	0.01483	0.01368	0.01100	0.00516	0.00393	0.00129	0.00325	0.00424	0.00396	0.00622
6	0.00516	0.00391	0.00484	0.00496	0.00575	0.00365	0.00364	0.00638	0.00902	0.01204	0.32131	0.22903	0.24110	0.04730	0.03089	0.00162	0.01605	0.04628	0.00371	0.00338
7	0.02840	0.01125	0.25297	0.02274	0.02397	0.03747	0.13323	0.04861	0.08465	0.04136	0.07121	0.09929	0.03639	0.00535	0.00403	0.00125	0.00440	0.02426	0.01540	0.05375
8	0.00556	0.00409	0.00589	0.00589	0.00646	0.00466	0.00442	0.00670	0.00613	0.00875	0.01070	0.01696	0.01044	0.17170	0.70679	0.00581	0.00925	0.00441	0.00212	0.00327
9	0.00987	0.48626	0.23018	0.03386	0.01284	0.04684	0.04456	0.04930	0.00855	0.01082	0.00614	0.00727	0.00508	0.00362	0.00334	0.00101	0.03092	0.00255	0.00178	0.00519
10	0.00804	0.00689	0.00804	0.00574	0.00919	0.00517	0.00459	0.00976	0.00804	0.01263	0.00689	0.00804	0.00574	0.00287	0.00287	0.00057	0.00287	0.00230	0.00230	0.88745
11	0.00554	0.00415	0.00623	0.00623	0.00692	0.00485	0.00485	0.00692	0.00623	0.00900	0.01038	0.01523	0.00969	0.02908	0.84839	0.00623	0.01038	0.00415	0.00208	0.00346
12	0.00559	0.00377	0.00421	0.00421	0.00428	0.00373	0.00238	0.00563	0.00579	0.00766	0.01354	0.02595	0.05439	0.82199	0.01899	0.00364	0.00367	0.00576	0.00241	0.00239
13	0.00528	0.00367	0.00477	0.00515	0.00545	0.00371	0.00347	0.00599	0.00679	0.00938	0.03950	0.38548	0.01865	0.25930	0.18539	0.00314	0.00435	0.00762	0.03988	0.00302
14	0.00489	0.00384	0.00442	0.00448	0.00548	0.00337	0.00328	0.00608	0.00925	0.01194	0.28310	0.18149	0.44530	0.00965	0.00464	0.00133	0.00197	0.00833	0.00381	0.00337
15	0.05559	0.03958	0.03433	0.00750	0.03668	0.00702	0.00611	0.09388	0.04778	0.54307	0.03548	0.01333	0.03938	0.00488	0.00379	0.00119	0.00341	0.00392	0.01696	0.00612
16	0.00750	0.00460	0.00526	0.00487	0.00608	0.00459	0.00372	0.04680	0.07854	0.05421	0.31304	0.03942	0.03866	0.00613	0.00369	0.00110	0.00212	0.00519	0.37037	0.00410
17	0.00897	0.00861	0.01276	0.22639	0.39278	0.05488	0.02875	0.03807	0.07763	0.01232	0.02426	0.03475	0.05406	0.00444	0.00394	0.00122	0.00452	0.00403	0.00229	0.00530
18	0.04709	0.17123	0.03654	0.13202	0.18170	0.00919	0.00785	0.07372	0.02147	0.05744	0.05784	0.01005	0.00775	0.00397	0.00353	0.01081	0.00396	0.00317	0.00239	0.15827
19	0.70803	0.08448	0.04097	0.00558	0.00822	0.00915	0.00490	0.03022	0.00719	0.01641	0.02271	0.00696	0.00507	0.00367	0.00255	0.00115	0.00321	0.00227	0.00237	0.03489

[dist]
# distance from previous block
# <min> <max>
0	1

[block]
# block no. 4 follows, 70 sequences, length 14
# corresponding to MSA columns:
# 318-331
name=unknown_E
#
# <colnr> <probs for GDERKNQSTAVLIFYWHMCP>
#	G	D	E	R	K	N	Q	S	T	A	V	L	I	F	Y	W	H	M	C	P
0	0.00835	0.00733	0.01072	0.20833	0.15998	0.00862	0.00849	0.02659	0.13326	0.03097	0.01020	0.03843	0.00908	0.02092	0.06337	0.00177	0.16769	0.07863	0.00246	0.00480
1	0.00733	0.01688	0.67365	0.00982	0.01461	0.00803	0.01217	0.01142	0.02894	0.01242	0.07319	0.03599	0.06947	0.00473	0.00386	0.00124	0.00499	0.00384	0.00209	0.00533
2	0.12178	0.01005	0.00975	0.00807	0.01059	0.16449	0.03352	0.16085	0.12985	0.17588	0.01068	0.01125	0.01949	0.00466	0.00394	0.00117	0.03301	0.02497	0.00328	0.06273
3	0.00832	0.17546	0.44113	0.00907	0.01314	0.00933	0.03311	0.02821	0.05788	0.03156	0.02470	0.07543	0.04799	0.00491	0.00370	0.00120	0.00465	0.02273	0.00224	0.00524
4	0.00616	0.00414	0.00534	0.00498	0.00606	0.00377	0.00380	0.00789	0.01073	0.06602	0.68980	0.02919	0.10725	0.00799	0.00456	0.00124	0.00198	0.03108	0.00422	0.00380
5	0.00797	0.08398	0.78146	0.01072	0.01626	0.00948	0.01374	0.01223	0.00816	0.01204	0.00684	0.00804	0.00492	0.00366	0.00359	0.00120	0.00561	0.00280	0.00164	0.00567
6	0.00810	0.12639	0.74018	0.01049	0.01592	0.00980	0.01336	0.01219	0.00815	0.01188	0.00676	0.00794	0.00492	0.00364	0.00353	0.00118	0.00553	0.00277	0.00164	0.00563
7	0.00633	0.00369	0.00530	0.00533	0.00554	0.00386	0.00370	0.00587	0.02051	0.00768	0.00901	0.04419	0.00916	0.10216	0.19844	0.54145	0.00491	0.01858	0.00198	0.00231
8	0.00552	0.00361	0.00457	0.00512	0.00566	0.00338	0.00359	0.00652	0.00803	0.03364	0.08326	0.57575	0.07502	0.01036	0.00457	0.00143	0.00221	0.03736	0.12702	0.00337
9	0.00884	0.00848	0.01362	0.17699	0.49802	0.03191	0.03242	0.01128	0.03201	0.01184	0.00874	0.04479	0.00783	0.00453	0.00437	0.00126	0.03985	0.05576	0.00210	0.00537
10	0.00859	0.00819	0.01393	0.38990	0.48130	0.00895	0.01140	0.01102	0.00835	0.01145	0.00712	0.00992	0.00571	0.00364	0.00385	0.00121	0.00485	0.00345	0.00183	0.00533
11	0.01920	0.00670	0.01014	0.16190	0.24532	0.00720	0.00787	0.03809	0.03534	0.05616	0.11657	0.03948	0.03278	0.05107	0.09762	0.00194	0.03630	0.02898	0.00265	0.00472
12	0.00613	0.00424	0.00540	0.00529	0.00607	0.00405	0.00366	0.00690	0.00685	0.04379	0.01414	0.28048	0.01555	0.28687	0.17621	0.00305	0.00447	0.00651	0.00278	0.11756
13	0.15868	0.05097	0.58325	0.00952	0.01417	0.00883	0.03153	0.01173	0.00814	0.01327	0.06941	0.00941	0.00721	0.00396	0.00350	0.00121	0.00492	0.00306	0.00197	0.00527

[dist]
# distance from previous block
# <min> <max>
2	4

[block]
# block no. 5 follows, 70 sequences, length 58
# corresponding to MSA columns:
# 337-392,394,395
name=unknown_F
#
# <colnr> <probs for GDERKNQSTAVLIFYWHMCP>
#	G	D	E	R	K	N	Q	S	T	A	V	L	I	F	Y	W	H	M	C	P
0	0.00500	0.00375	0.00460	0.00478	0.00555	0.00339	0.00342	0.00617	0.00909	0.01212	0.33388	0.30764	0.24342	0.03282	0.00511	0.00143	0.00206	0.00862	0.00382	0.00335
1	0.00860	0.00809	0.02929	0.02658	0.55713	0.00792	0.02198	0.02179	0.03984	0.01248	0.02533	0.07613	0.03448	0.02863	0.03240	0.00144	0.00433	0.02176	0.03640	0.00541
2	0.05896	0.02133	0.03712	0.17803	0.14928	0.08660	0.00875	0.32604	0.06092	0.01674	0.00822	0.00941	0.00619	0.00419	0.00381	0.00118	0.01145	0.00333	0.00277	0.00566
3	0.00556	0.00431	0.00500	0.00489	0.00598	0.00403	0.00366	0.02914	0.05343	0.01297	0.33650	0.12310	0.33413	0.03038	0.00497	0.00138	0.00216	0.03093	0.00385	0.00363
4	0.03153	0.03234	0.19324	0.14179	0.13136	0.01896	0.04783	0.09832	0.08016	0.05892	0.04136	0.02311	0.01618	0.00439	0.00394	0.00121	0.01928	0.00370	0.04700	0.00537
5	0.02624	0.00654	0.01051	0.54139	0.11045	0.00753	0.01749	0.00955	0.00828	0.02449	0.08214	0.04275	0.08690	0.00502	0.00401	0.00128	0.00436	0.00444	0.00227	0.00436
6	0.00598	0.04249	0.07168	0.00557	0.00710	0.00470	0.01935	0.00773	0.00979	0.03211	0.45207	0.09030	0.21119	0.00797	0.00452	0.00126	0.01176	0.00689	0.00369	0.00385
7	0.00776	0.03334	0.26844	0.11673	0.09035	0.00778	0.07325	0.02125	0.03999	0.03015	0.07351	0.03376	0.08154	0.05649	0.01689	0.01328	0.02396	0.00436	0.00235	0.00483
8	0.00949	0.00910	0.01554	0.06351	0.80071	0.00918	0.01184	0.01180	0.00878	0.01253	0.00727	0.00963	0.00609	0.00347	0.00384	0.00116	0.00463	0.00345	0.00191	0.00605
9	0.00861	0.20966	0.55228	0.01038	0.03232	0.03173	0.05289	0.01199	0.00815	0.01134	0.00662	0.00796	0.00506	0.00388	0.00381	0.02811	0.00535	0.00279	0.00167	0.00539
10	0.01036	0.86609	0.02032	0.00663	0.00995	0.01534	0.00663	0.01161	0.00788	0.00912	0.00539	0.00622	0.00498	0.00332	0.00249	0.00083	0.00415	0.00207	0.00166	0.00498
11	0.00472	0.00337	0.00450	0.00540	0.00562	0.00315	0.00360	0.00540	0.00742	0.00990	0.02137	0.86122	0.02564	0.01215	0.00495	0.00157	0.00225	0.01102	0.00360	0.00315
12	0.01179	0.02156	0.01513	0.01503	0.27436	0.04738	0.20378	0.15754	0.06242	0.13765	0.00941	0.01042	0.00696	0.00396	0.00400	0.00120	0.00482	0.00379	0.00283	0.00598
13	0.00584	0.00433	0.00602	0.00675	0.02194	0.00421	0.02140	0.02559	0.00856	0.01125	0.03766	0.37954	0.05890	0.01079	0.00506	0.00163	0.00301	0.38044	0.00354	0.00353
14	0.00922	0.13437	0.01031	0.00670	0.03655	0.02619	0.00533	0.03155	0.00852	0.05414	0.00715	0.00809	0.00584	0.00312	0.00294	0.00069	0.00327	0.00242	0.00235	0.64126
15	0.01448	0.01848	0.01099	0.00999	0.01199	0.84819	0.00749	0.01548	0.01099	0.00949	0.00599	0.00699	0.00499	0.00400	0.00350	0.00100	0.00699	0.00250	0.00200	0.00449
16	0.00848	0.00848	0.01187	0.01018	0.01018	0.01187	0.00848	0.00933	0.00594	0.00933	0.00509	0.00848	0.00509	0.00679	0.01272	0.00170	0.85666	0.00339	0.00170	0.00424
17	0.00472	0.00339	0.00448	0.00535	0.00561	0.00315	0.00358	0.00540	0.00747	0.00992	0.02195	0.83436	0.05213	0.01207	0.00494	0.00157	0.00224	0.01093	0.00360	0.00315
18	0.00553	0.00397	0.00506	0.00545	0.00617	0.00375	0.00399	0.00706	0.04166	0.02957	0.20746	0.43046	0.12052	0.01032	0.00481	0.00147	0.00233	0.10313	0.00379	0.00352
19	0.73811	0.00789	0.00658	0.00567	0.00813	0.00904	0.00466	0.12766	0.00829	0.03016	0.00612	0.00692	0.00466	0.00394	0.00285	0.01660	0.00319	0.00235	0.00263	0.00453
20	0.00661	0.00555	0.00755	0.00713	0.00789	0.04182	0.04638	0.00776	0.00715	0.03492	0.01395	0.26252	0.04979	0.02575	0.32916	0.00334	0.13024	0.00619	0.00261	0.00369
21	0.00852	0.00851	0.03189	0.37003	0.26441	0.00883	0.13806	0.02584	0.02494	0.01174	0.00738	0.01000	0.00576	0.00363	0.00390	0.00120	0.00501	0.00355	0.00194	0.06486
22	0.00819	0.00760	0.01246	0.60084	0.21199	0.00880	0.01069	0.04630	0.00847	0.01126	0.00709	0.01005	0.00547	0.00378	0.00384	0.00123	0.00493	0.00341	0.00188	0.03172
23	0.00967	0.02045	0.02057	0.03559	0.03810	0.03834	0.02839	0.11793	0.40650	0.03410	0.03885	0.12693	0.01242	0.00590	0.00423	0.00129	0.02290	0.00498	0.00350	0.02935
24	0.00532	0.00371	0.00473	0.00506	0.00529	0.00376	0.00333	0.00584	0.00645	0.00871	0.01530	0.31599	0.01756	0.39717	0.16049	0.00338	0.00440	0.02788	0.00277	0.00286
25	0.00479	0.00361	0.00434	0.00482	0.00541	0.00326	0.00331	0.00558	0.00796	0.01025	0.07445	0.49242	0.28483	0.06907	0.00581	0.00162	0.00224	0.00951	0.00355	0.00316
26	0.00912	0.01114	0.16488	0.08832	0.42310	0.00918	0.17874	0.02347	0.00885	0.02353	0.00762	0.01007	0.00605	0.00362	0.00399	0.00122	0.00521	0.01423	0.00195	0.00571
27	0.00480	0.00345	0.00452	0.00536	0.00568	0.00321	0.00365	0.00555	0.00757	0.01005	0.02232	0.76966	0.07458	0.01186	0.00492	0.00156	0.00228	0.04211	0.01369	0.00318
28	0.01028	0.02966	0.02457	0.14643	0.03821	0.08120	0.01397	0.22865	0.12755	0.02463	0.06732	0.02177	0.03457	0.03117	0.00474	0.00129	0.04567	0.00402	0.05919	0.00512
29	0.00564	0.00376	0.00423	0.00423	0.00423	0.00376	0.00235	0.00564	0.00564	0.00752	0.01222	0.02537	0.01409	0.86375	0.01973	0.00376	0.00376	0.00564	0.00235	0.00235
30	0.00979	0.05038	0.00964	0.19763	0.01272	0.04742	0.00681	0.02967	0.00887	0.18197	0.10731	0.03607	0.06080	0.00599	0.00581	0.04589	0.13266	0.00426	0.00289	0.04342
31	0.01449	0.01814	0.01101	0.00994	0.01199	0.81140	0.00749	0.05117	0.01130	0.01015	0.00614	0.00709	0.00506	0.00402	0.00351	0.00101	0.00687	0.00254	0.00208	0.00459
32	0.00781	0.00619	0.00764	0.00653	0.00817	0.01975	0.05164	0.16843	0.06780	0.01634	0.44898	0.05073	0.10994	0.00711	0.00439	0.00124	0.00277	0.00618	0.00391	0.00445
33	0.04467	0.03119	0.04303	0.00995	0.01261	0.28795	0.12192	0.18334	0.09280	0.04703	0.02000	0.00935	0.00674	0.00432	0.00420	0.00116	0.04821	0.00333	0.00270	0.02550
34	0.01036	0.55640	0.01914	0.00915	0.02376	0.10164	0.16478	0.01196	0.00841	0.00987	0.00638	0.03019	0.00573	0.00370	0.00332	0.00098	0.02462	0.00289	0.00181	0.00492
35	0.00479	0.00342	0.00458	0.00547	0.00573	0.00321	0.00372	0.00551	0.00749	0.00997	0.02133	0.82525	0.02549	0.01208	0.00497	0.00158	0.00231	0.04633	0.00360	0.00317
36	0.00570	0.00444	0.00664	0.00704	0.04864	0.00428	0.07051	0.00658	0.00724	0.00971	0.01683	0.45012	0.01941	0.23914	0.02565	0.00222	0.00338	0.06615	0.00301	0.00329
37	0.03306	0.02073	0.22045	0.05766	0.01274	0.00819	0.00836	0.10028	0.15562	0.30911	0.01192	0.02660	0.00834	0.00462	0.00382	0.00123	0.00407	0.00372	0.00346	0.00603
38	0.01131	0.00526	0.00699	0.00582	0.00778	0.00464	0.00463	0.01293	0.01092	0.42261	0.38994	0.02164	0.06591	0.00649	0.00424	0.00121	0.00256	0.00554	0.00449	0.00509
39	0.00758	0.00715	0.01209	0.76081	0.11833	0.00868	0.01089	0.01013	0.00787	0.01022	0.00694	0.01025	0.00528	0.00383	0.00387	0.00128	0.00510	0.00345	0.00174	0.00451
40	0.00883	0.00873	0.01344	0.42225	0.39236	0.06606	0.01105	0.01118	0.00846	0.01112	0.00701	0.00977	0.00559	0.00369	0.00383	0.00121	0.00504	0.00338	0.00183	0.00515
41	0.07303	0.29631	0.10641	0.00647	0.00888	0.00893	0.00607	0.04484	0.02617	0.02033	0.07432	0.20204	0.09908	0.00648	0.00364	0.00118	0.00340	0.00529	0.00271	0.00443
42	0.00474	0.00360	0.00438	0.00489	0.00552	0.00323	0.00340	0.00561	0.00816	0.01055	0.09483	0.53339	0.28158	0.01106	0.00480	0.00146	0.00212	0.00980	0.00365	0.00323
43	0.00698	0.00550	0.00786	0.17315	0.01159	0.01755	0.04217	0.05454	0.01892	0.03000	0.02662	0.24657	0.02481	0.06595	0.03863	0.00184	0.00398	0.21644	0.00304	0.00387
44	0.00906	0.00729	0.00906	0.00653	0.00996	0.00584	0.04618	0.05903	0.00889	0.06355	0.00759	0.00855	0.00603	0.00311	0.00308	0.00068	0.00316	0.00258	0.00253	0.73729
45	0.00528	0.00408	0.00466	0.00467	0.00572	0.00371	0.00346	0.00631	0.00875	0.03800	0.12201	0.20126	0.52517	0.00980	0.00495	0.00136	0.03544	0.00830	0.00364	0.00344
46	0.01187	0.00529	0.00695	0.00591	0.00790	0.00464	0.00465	0.01321	0.01006	0.46908	0.11400	0.16276	0.11854	0.00703	0.00419	0.00127	0.00273	0.00599	0.03878	0.00514
47	0.04345	0.02024	0.25008	0.06337	0.18606	0.00817	0.07900	0.02690	0.06326	0.08261	0.01834	0.10189	0.00909	0.00495	0.00397	0.00127	0.00453	0.02494	0.00250	0.00538
48	0.01054	0.16820	0.08564	0.02161	0.36792	0.00985	0.04530	0.03722	0.04521	0.11902	0.01652	0.01035	0.02570	0.00396	0.00377	0.00113	0.01641	0.00344	0.00242	0.00579
49	0.01397	0.01735	0.01117	0.05302	0.04502	0.76036	0.00780	0.01511	0.01074	0.02225	0.00623	0.00736	0.00512	0.00398	0.00353	0.00102	0.00675	0.00260	0.00202	0.00458
50	0.04920	0.01061	0.11532	0.10835	0.23831	0.02749	0.15481	0.12126	0.00991	0.07233	0.00792	0.00962	0.00598	0.00394	0.00434	0.00124	0.04791	0.00353	0.00235	0.00560
51	0.05582	0.05402	0.11230	0.01304	0.25820	0.16243	0.00900	0.05772	0.04604	0.12561	0.00926	0.02174	0.00745	0.00439	0.00372	0.00117	0.00473	0.04520	0.00260	0.00555
52	0.04878	0.01179	0.03154	0.04168	0.31437	0.28241	0.06486	0.01272	0.03241	0.01997	0.00821	0.05283	0.00732	0.03785	0.00441	0.00126	0.00527	0.01510	0.00217	0.00506
53	0.00756	0.00692	0.00964	0.14210	0.12309	0.06741	0.06449	0.00990	0.05037	0.01186	0.13780	0.08662	0.01620	0.03376	0.03788	0.00164	0.00430	0.18132	0.00286	0.00428
54	0.12719	0.30280	0.04378	0.01757	0.01035	0.16952	0.01638	0.08097	0.07949	0.01264	0.03562	0.05739	0.00813	0.00456	0.00325	0.00108	0.00436	0.01761	0.00244	0.00487
55	0.01346	0.00756	0.01148	0.05162	0.03121	0.00725	0.14820	0.06366	0.09330	0.43827	0.03970	0.01290	0.00955	0.00456	0.00398	0.00121	0.00391	0.00408	0.03829	0.01580
56	0.00662	0.00548	0.00839	0.18871	0.13789	0.00576	0.00713	0.00854	0.00891	0.01204	0.20283	0.08842	0.04241	0.00832	0.03751	0.00160	0.00379	0.21852	0.00303	0.00409
57	0.08969	0.64328	0.03720	0.00707	0.01020	0.11678	0.00672	0.03289	0.00842	0.01037	0.00560	0.00645	0.00495	0.00347	0.00267	0.00090	0.00443	0.00218	0.00182	0.00491

[dist]
# distance from previous block
# <min> <max>
6	60

[block]
# block no. 6 follows, 70 sequences, length 16
# corresponding to MSA columns:
# 465-480
name=unknown_G
#
# <colnr> <probs for GDERKNQSTAVLIFYWHMCP>
#	G	D	E	R	K	N	Q	S	T	A	V	L	I	F	Y	W	H	M	C	P
0	0.03081	0.00985	0.06218	0.07835	0.15135	0.02016	0.03575	0.34951	0.06653	0.08702	0.01014	0.06309	0.00799	0.00477	0.00392	0.00122	0.00428	0.00400	0.00319	0.00592
1	0.00949	0.33298	0.26934	0.02860	0.02999	0.04213	0.07855	0.02305	0.07369	0.02610	0.01794	0.00932	0.00648	0.00393	0.00350	0.00110	0.01568	0.02078	0.00204	0.00530
2	0.11153	0.00522	0.00600	0.00572	0.00657	0.02689	0.02027	0.03918	0.00735	0.02246	0.02869	0.17539	0.01299	0.20185	0.13967	0.02472	0.04682	0.00541	0.10977	0.00348
3	0.00466	0.00389	0.00407	0.00411	0.00531	0.00329	0.00305	0.00568	0.00889	0.01081	0.09817	0.10008	0.71497	0.00985	0.00461	0.00132	0.00198	0.00831	0.00365	0.00329
4	0.00662	0.12757	0.11609	0.00611	0.00806	0.00634	0.00561	0.04313	0.00932	0.01234	0.22769	0.14529	0.21380	0.00773	0.00434	0.00126	0.01594	0.03547	0.00322	0.00408
5	0.00999	0.74343	0.13968	0.00727	0.01094	0.01442	0.00775	0.01171	0.00792	0.00958	0.00562	0.00650	0.00497	0.00337	0.00266	0.00089	0.00438	0.00219	0.00166	0.00508
6	0.00502	0.00397	0.00429	0.00432	0.00553	0.00340	0.00325	0.00611	0.00901	0.02874	0.11950	0.09657	0.64721	0.00972	0.00462	0.00133	0.00206	0.03827	0.00369	0.00339
7	0.00748	0.00705	0.01191	0.79811	0.08182	0.00865	0.01084	0.01004	0.00782	0.01009	0.00692	0.01029	0.00523	0.00385	0.00387	0.00128	0.00513	0.00345	0.00174	0.00443
8	0.00778	0.02005	0.84367	0.01105	0.01678	0.00900	0.01432	0.01228	0.00818	0.01228	0.00696	0.00818	0.00491	0.00368	0.00368	0.00123	0.00573	0.00286	0.00164	0.00573
9	0.00594	0.00463	0.00681	0.00661	0.00717	0.00560	0.00516	0.00710	0.00613	0.00891	0.00965	0.01454	0.00913	0.04688	0.69321	0.04150	0.11149	0.00407	0.00202	0.00345
10	0.01036	0.86609	0.02032	0.00663	0.00995	0.01534	0.00663	0.01161	0.00788	0.00912	0.00539	0.00622	0.00498	0.00332	0.00249	0.00083	0.00415	0.00207	0.00166	0.00498
11	0.00536	0.00394	0.00502	0.00488	0.00580	0.00361	0.00366	0.00701	0.01041	0.01442	0.65765	0.08191	0.13475	0.00852	0.00463	0.00127	0.00194	0.03754	0.00412	0.00358
12	0.00851	0.00673	0.00799	0.00590	0.00916	0.00516	0.00476	0.01022	0.00828	0.06377	0.00824	0.01052	0.00699	0.00347	0.00309	0.00069	0.00294	0.05160	0.00253	0.77948
13	0.00554	0.00415	0.00623	0.00623	0.00692	0.00485	0.00485	0.00692	0.00623	0.00900	0.01038	0.01523	0.00969	0.02908	0.84839	0.00623	0.01038	0.00415	0.00208	0.00346
14	0.00757	0.00702	0.00989	0.00876	0.00900	0.00948	0.00718	0.00861	0.00611	0.00944	0.00694	0.01070	0.00663	0.01321	0.25656	0.00299	0.57460	0.00362	0.03769	0.00399
15	0.00608	0.00455	0.00565	0.00549	0.00647	0.00446	0.00405	0.03824	0.09340	0.01432	0.48257	0.25652	0.02937	0.00861	0.00456	0.00131	0.00218	0.00764	0.00400	0.02054

[dist]
# distance from previous block
# <min> <max>
1	20

[block]
# block no. 7 follows, 70 sequences, length 11
# corresponding to MSA columns:
# 501-511
name=unknown_H
#
# <colnr> <probs for GDERKNQSTAVLIFYWHMCP>
#	G	D	E	R	K	N	Q	S	T	A	V	L	I	F	Y	W	H	M	C	P
0	0.00472	0.00389	0.00415	0.00417	0.00534	0.00332	0.00309	0.00580	0.00904	0.01116	0.15258	0.09363	0.66627	0.00971	0.00461	0.00131	0.00196	0.00821	0.00370	0.00332
1	0.00732	0.00689	0.01163	0.85444	0.02670	0.00861	0.01077	0.00991	0.00775	0.00991	0.00689	0.01034	0.00517	0.00388	0.00388	0.00129	0.00517	0.00345	0.00172	0.00431
2	0.00594	0.00428	0.00531	0.00496	0.00607	0.00400	0.00375	0.00815	0.05723	0.03970	0.64334	0.02895	0.15768	0.00797	0.00452	0.00124	0.00196	0.00695	0.00416	0.00383
3	0.81721	0.00742	0.00598	0.00525	0.00770	0.00844	0.00433	0.01203	0.00698	0.08719	0.00624	0.00688	0.00466	0.00370	0.00253	0.00120	0.00302	0.00225	0.00260	0.00440
4	0.00831	0.00787	0.01253	0.06235	0.50997	0.03797	0.03794	0.01017	0.00848	0.01164	0.01108	0.24188	0.01136	0.00586	0.00416	0.00127	0.00415	0.00552	0.00237	0.00514
5	0.00673	0.00337	0.00505	0.00505	0.00505	0.00337	0.00337	0.00505	0.00505	0.00673	0.00673	0.01178	0.00673	0.01347	0.01515	0.88721	0.00337	0.00337	0.00168	0.00168
6	0.00554	0.00415	0.00623	0.00623	0.00692	0.00485	0.00485	0.00692	0.00623	0.00900	0.01038	0.01523	0.00969	0.02908	0.84839	0.00623	0.01038	0.00415	0.00208	0.00346
7	0.02328	0.06611	0.03459	0.02131	0.10625	0.04756	0.00671	0.06484	0.25234	0.08291	0.01110	0.02666	0.00921	0.09601	0.04279	0.04670	0.04965	0.00397	0.00292	0.00510
8	0.00593	0.00407	0.00526	0.00490	0.00593	0.00372	0.00370	0.00769	0.01083	0.05031	0.74774	0.02886	0.09052	0.00792	0.00454	0.00122	0.00190	0.00696	0.00424	0.00376
9	0.00961	0.06113	0.31632	0.00996	0.05919	0.00933	0.03199	0.10008	0.21706	0.05945	0.01017	0.01105	0.00770	0.02997	0.04863	0.00155	0.00483	0.00355	0.00270	0.00572
10	0.02839	0.02426	0.00865	0.00674	0.00912	0.00634	0.01895	0.11947	0.01099	0.46899	0.07825	0.01637	0.04027	0.09171	0.03514	0.00164	0.00363	0.02145	0.00408	0.00556

[dist]
# distance from previous block
# <min> <max>
5	11

[block]
# block no. 8 follows, 70 sequences, length 73
# corresponding to MSA columns:
# 523-588,590-596
name=unknown_I
#
# <colnr> <probs for GDERKNQSTAVLIFYWHMCP>
#	G	D	E	R	K	N	Q	S	T	A	V	L	I	F	Y	W	H	M	C	P
0	0.00904	0.02702	0.34094	0.01055	0.11958	0.00793	0.00968	0.01318	0.12302	0.08973	0.05482	0.03116	0.00882	0.00428	0.00370	0.00113	0.00425	0.00357	0.00257	0.13502
1	0.00902	0.33303	0.47450	0.02150	0.03801	0.01146	0.01112	0.03961	0.00842	0.01150	0.00646	0.00756	0.00503	0.00358	0.00325	0.00108	0.00505	0.00262	0.00173	0.00547
2	0.00781	0.00734	0.01215	0.58953	0.19462	0.00868	0.01054	0.01039	0.02656	0.01064	0.00773	0.03122	0.00636	0.00428	0.00429	0.00130	0.03947	0.02052	0.00190	0.00469
3	0.00574	0.01891	0.00542	0.00521	0.00611	0.00414	0.00382	0.05797	0.00978	0.01321	0.35871	0.33083	0.14671	0.00945	0.00463	0.00135	0.00219	0.00833	0.00386	0.00362
4	0.01128	0.03680	0.10373	0.01998	0.14004	0.00775	0.09251	0.02476	0.07363	0.27606	0.04313	0.07973	0.01014	0.00505	0.00438	0.00125	0.04216	0.00439	0.00320	0.02004
5	0.00685	0.00582	0.00874	0.45167	0.01697	0.00654	0.00741	0.00857	0.00734	0.00974	0.00967	0.01742	0.00932	0.23156	0.00810	0.00191	0.00438	0.08562	0.00214	0.10021
6	0.04534	0.00664	0.00884	0.00678	0.00978	0.00577	0.00559	0.01816	0.01079	0.77084	0.01452	0.01269	0.00921	0.00466	0.00379	0.00117	0.00327	0.00375	0.00459	0.05384
7	0.00980	0.68106	0.20038	0.00760	0.01144	0.01395	0.00832	0.01175	0.00794	0.00981	0.00573	0.00665	0.00496	0.00340	0.00275	0.00092	0.00449	0.00225	0.00165	0.00514
8	0.00834	0.00688	0.00807	0.00578	0.00921	0.00519	0.00463	0.01006	0.00814	0.03964	0.00716	0.00821	0.00587	0.00293	0.00290	0.00059	0.00289	0.00235	0.00238	0.85878
9	0.00560	0.00411	0.00527	0.00495	0.00592	0.00385	0.00372	0.00772	0.03878	0.01542	0.78657	0.02871	0.05891	0.00789	0.00455	0.00123	0.00187	0.00696	0.00424	0.00373
10	0.00536	0.00396	0.00500	0.00474	0.00571	0.00360	0.00356	0.00706	0.01067	0.01482	0.72250	0.03016	0.15206	0.00820	0.00457	0.00123	0.00185	0.00718	0.00417	0.00360
11	0.00557	0.00398	0.00547	0.00636	0.00696	0.00388	0.00507	0.00686	0.00826	0.01084	0.02090	0.40742	0.02379	0.01135	0.00517	0.00169	0.00298	0.45648	0.00358	0.00338
12	0.01739	0.00660	0.00900	0.00690	0.00990	0.00570	0.00570	0.01889	0.01110	0.84226	0.01529	0.01320	0.00960	0.00480	0.00390	0.00120	0.00330	0.00390	0.00480	0.00660
13	0.00560	0.00392	0.00503	0.00503	0.00530	0.00419	0.00335	0.00615	0.00587	0.00811	0.01148	0.02132	0.01234	0.53036	0.35072	0.00475	0.00641	0.00504	0.00224	0.00279
14	0.01036	0.86609	0.02032	0.00663	0.00995	0.01534	0.00663	0.01161	0.00788	0.00912	0.00539	0.00622	0.00498	0.00332	0.00249	0.00083	0.00415	0.00207	0.00166	0.00498
15	0.00458	0.00393	0.00393	0.00393	0.00524	0.00327	0.00295	0.00556	0.00884	0.01047	0.03927	0.03731	0.83800	0.00982	0.00458	0.00131	0.00196	0.00818	0.00360	0.00327
16	0.00778	0.02005	0.84367	0.01105	0.01678	0.00900	0.01432	0.01228	0.00818	0.01228	0.00696	0.00818	0.00491	0.00368	0.00368	0.00123	0.00573	0.00286	0.00164	0.00573
17	0.00990	0.00827	0.00877	0.00786	0.01008	0.00951	0.00612	0.02054	0.80582	0.04311	0.01576	0.01442	0.01176	0.00524	0.00394	0.00131	0.00308	0.00437	0.00397	0.00615
18	0.00999	0.00828	0.00875	0.00778	0.00999	0.00950	0.00608	0.06901	0.73895	0.03011	0.01526	0.01413	0.01141	0.00519	0.00389	0.00129	0.00310	0.00429	0.03694	0.00608
19	0.00960	0.00921	0.01574	0.02380	0.83957	0.00921	0.01190	0.01190	0.00883	0.01267	0.00729	0.00960	0.00614	0.00345	0.00384	0.00115	0.00461	0.00345	0.00192	0.00614
20	0.02212	0.00545	0.00758	0.03413	0.00894	0.00494	0.03478	0.02308	0.00918	0.34660	0.01663	0.37110	0.01591	0.00775	0.00430	0.00133	0.00302	0.01775	0.00387	0.06154
21	0.00804	0.00689	0.00804	0.00574	0.00919	0.00517	0.00459	0.00976	0.00804	0.01263	0.00689	0.00804	0.00574	0.00287	0.00287	0.00057	0.00287	0.00230	0.00230	0.88745
22	0.00472	0.00337	0.00450	0.00540	0.00562	0.00315	0.00360	0.00540	0.00742	0.00990	0.02137	0.86122	0.02564	0.01215	0.00495	0.00157	0.00225	0.01102	0.00360	0.00315
23	0.00960	0.00921	0.01574	0.02380	0.83957	0.00921	0.01190	0.01190	0.00883	0.01267	0.00729	0.00960	0.00614	0.00345	0.00384	0.00115	0.00461	0.00345	0.00192	0.00614
24	0.00564	0.00376	0.00423	0.00423	0.00423	0.00376	0.00235	0.00564	0.00564	0.00752	0.01222	0.02537	0.01409	0.86375	0.01973	0.00376	0.00376	0.00564	0.00235	0.00235
25	0.00804	0.00689	0.00804	0.00574	0.00919	0.00517	0.00459	0.00976	0.00804	0.01263	0.00689	0.00804	0.00574	0.00287	0.00287	0.00057	0.00287	0.00230	0.00230	0.88745
26	0.01018	0.82526	0.03679	0.00668	0.00998	0.01489	0.00671	0.01151	0.00797	0.00936	0.02808	0.00688	0.00583	0.00345	0.00257	0.00085	0.00412	0.00222	0.00173	0.00495
27	0.01478	0.00841	0.01176	0.00884	0.01198	0.00816	0.12947	0.26113	0.01286	0.42524	0.03175	0.01183	0.00866	0.00454	0.00398	0.00119	0.00403	0.00390	0.00400	0.03350
28	0.01330	0.00788	0.02764	0.00939	0.08591	0.00746	0.06618	0.15204	0.07436	0.38361	0.08004	0.05219	0.01151	0.00514	0.00404	0.00123	0.00368	0.00443	0.00395	0.00601
29	0.00605	0.00509	0.00536	0.00509	0.00644	0.01777	0.00384	0.02546	0.14960	0.01243	0.16404	0.05120	0.47547	0.03752	0.00507	0.00138	0.01356	0.00708	0.00368	0.00389
30	0.01036	0.86609	0.02032	0.00663	0.00995	0.01534	0.00663	0.01161	0.00788	0.00912	0.00539	0.00622	0.00498	0.00332	0.00249	0.00083	0.00415	0.00207	0.00166	0.00498
31	0.00957	0.01030	0.02163	0.01591	0.04731	0.00973	0.73233	0.04890	0.00957	0.02998	0.00803	0.01040	0.00600	0.00336	0.00448	0.00128	0.00625	0.00444	0.00211	0.01843
32	0.00491	0.00394	0.00438	0.00427	0.00544	0.00341	0.00320	0.00619	0.00960	0.01229	0.32492	0.03432	0.55122	0.00914	0.00458	0.00128	0.00192	0.00776	0.00384	0.00341
33	0.00620	0.00445	0.00619	0.00705	0.00796	0.00443	0.00616	0.00797	0.00892	0.01157	0.02103	0.04356	0.04410	0.01069	0.00533	0.00177	0.00353	0.79196	0.00357	0.00356
34	0.00625	0.00446	0.00625	0.00714	0.00803	0.00446	0.00625	0.00803	0.00892	0.01160	0.02053	0.04373	0.02231	0.01071	0.00535	0.00178	0.00357	0.81348	0.00357	0.00357
35	0.00463	0.00394	0.00399	0.00400	0.00529	0.00330	0.00301	0.00565	0.00890	0.01063	0.06052	0.03718	0.80475	0.00978	0.00459	0.00131	0.00198	0.01965	0.00362	0.00329
36	0.01474	0.01086	0.01163	0.00892	0.01202	0.01202	0.00737	0.82664	0.01823	0.02443	0.00931	0.00931	0.00659	0.00465	0.00388	0.00116	0.00427	0.00349	0.00388	0.00659
37	0.00554	0.00415	0.00623	0.00623	0.00692	0.00485	0.00485	0.00692	0.00623	0.00900	0.01038	0.01523	0.00969	0.02908	0.84839	0.00623	0.01038	0.00415	0.00208	0.00346
38	0.00625	0.00446	0.00625	0.00714	0.00803	0.00446	0.00625	0.00803	0.00892	0.01160	0.02053	0.04373	0.02231	0.01071	0.00535	0.00178	0.00357	0.81348	0.00357	0.00357
39	0.00464	0.00393	0.00401	0.00399	0.00527	0.00330	0.00299	0.00567	0.00897	0.01079	0.08948	0.03678	0.78760	0.00970	0.00458	0.00130	0.00196	0.00811	0.00364	0.00330
40	0.01032	0.85075	0.03524	0.00671	0.01007	0.01523	0.00677	0.01162	0.00788	0.00918	0.00542	0.00625	0.00497	0.00332	0.00251	0.00084	0.00417	0.00209	0.00166	0.00499
41	0.86115	0.00747	0.00585	0.01731	0.00782	0.00864	0.00432	0.01152	0.00670	0.03364	0.00562	0.00649	0.00432	0.00363	0.00245	0.00120	0.00304	0.00215	0.00244	0.00425
42	0.00906	0.11789	0.13634	0.04535	0.01821	0.02229	0.53834	0.01211	0.00876	0.01178	0.00750	0.01005	0.00584	0.00356	0.00433	0.00125	0.02347	0.01681	0.00189	0.00518
43	0.89114	0.00750	0.00570	0.00510	0.00750	0.00870	0.00420	0.01140	0.00660	0.01739	0.00540	0.00630	0.00420	0.00360	0.00240	0.00120	0.00300	0.00210	0.00240	0.00420
44	0.00560	0.00388	0.00486	0.00485	0.00508	0.00409	0.00314	0.00606	0.00591	0.00810	0.02489	0.02231	0.01310	0.59366	0.27400	0.00448	0.00576	0.00520	0.00230	0.00271
45	0.00472	0.00337	0.00450	0.00540	0.00562	0.00315	0.00360	0.00540	0.00742	0.00990	0.02137	0.86122	0.02564	0.01215	0.00495	0.00157	0.00225	0.01102	0.00360	0.00315
46	0.00458	0.00393	0.00393	0.00393	0.00524	0.00327	0.00295	0.00556	0.00884	0.01047	0.03927	0.03731	0.83800	0.00982	0.00458	0.00131	0.00196	0.00818	0.00360	0.00327
47	0.00942	0.00809	0.00857	0.00773	0.00985	0.00932	0.00600	0.01988	0.78777	0.01618	0.06059	0.01525	0.01318	0.00541	0.00398	0.00131	0.00300	0.00453	0.00396	0.00600
48	0.01448	0.01848	0.01099	0.00999	0.01199	0.84819	0.00749	0.01548	0.01099	0.00949	0.00599	0.00699	0.00499	0.00400	0.00350	0.00100	0.00699	0.00250	0.00200	0.00449
49	0.00732	0.00689	0.01163	0.85444	0.02670	0.00861	0.01077	0.00991	0.00775	0.00991	0.00689	0.01034	0.00517	0.00388	0.00388	0.00129	0.00517	0.00345	0.00172	0.00431
50	0.00805	0.04831	0.77514	0.01102	0.01653	0.02820	0.03558	0.01233	0.00826	0.01211	0.00691	0.00815	0.00494	0.00367	0.00366	0.00121	0.00573	0.00288	0.00165	0.00566
51	0.00461	0.00393	0.00397	0.00396	0.00526	0.00329	0.00297	0.00563	0.00891	0.01066	0.06846	0.03700	0.80869	0.00975	0.00458	0.00131	0.00196	0.00814	0.00362	0.00329
52	0.00513	0.00393	0.00469	0.00453	0.00558	0.00350	0.00339	0.00661	0.01007	0.01349	0.51523	0.05434	0.33797	0.00875	0.00459	0.00126	0.00189	0.00756	0.00400	0.00350
53	0.06229	0.01039	0.01113	0.00858	0.01163	0.01141	0.00708	0.72753	0.01711	0.07979	0.00950	0.00941	0.00667	0.00461	0.00380	0.00117	0.00413	0.00344	0.00386	0.00646
54	0.00828	0.04927	0.72366	0.01133	0.03366	0.00918	0.06062	0.01246	0.00833	0.03775	0.00722	0.00843	0.00514	0.00368	0.00370	0.00122	0.00562	0.00298	0.00176	0.00571
55	0.01056	0.82540	0.01987	0.00679	0.01005	0.05532	0.00667	0.01179	0.00803	0.00914	0.00542	0.00626	0.00498	0.00335	0.00254	0.00084	0.00428	0.00209	0.00167	0.00495
56	0.00458	0.00393	0.00393	0.00393	0.00524	0.00327	0.00295	0.00556	0.00884	0.01047	0.03927	0.03731	0.83800	0.00982	0.00458	0.00131	0.00196	0.00818	0.00360	0.00327
57	0.07763	0.18432	0.36826	0.00909	0.01328	0.04281	0.04353	0.05321	0.00914	0.15224	0.00804	0.00860	0.00578	0.00383	0.00342	0.00113	0.00481	0.00291	0.00237	0.00558
58	0.01051	0.83636	0.01999	0.00675	0.01002	0.04455	0.00666	0.01174	0.00799	0.00913	0.00541	0.00625	0.00498	0.00334	0.00252	0.00084	0.00425	0.00209	0.00167	0.00496
59	0.00564	0.00376	0.00423	0.00423	0.00423	0.00376	0.00235	0.00564	0.00564	0.00752	0.01222	0.02537	0.01409	0.86375	0.01973	0.00376	0.00376	0.00564	0.00235	0.00235
60	0.00841	0.22024	0.62024	0.00997	0.01494	0.01060	0.01230	0.01202	0.00804	0.01143	0.00652	0.00773	0.00493	0.00370	0.00371	0.00115	0.03422	0.00269	0.00164	0.00550
61	0.00554	0.00415	0.00623	0.00623	0.00692	0.00485	0.00485	0.00692	0.00623	0.00900	0.01038	0.01523	0.00969	0.02908	0.84839	0.00623	0.01038	0.00415	0.00208	0.00346
62	0.01012	0.00856	0.00903	0.00799	0.01026	0.00986	0.00625	0.09573	0.75667	0.01698	0.01518	0.01398	0.01135	0.00520	0.00394	0.00130	0.00318	0.00430	0.00394	0.00618
63	0.00804	0.00689	0.00804	0.00574	0.00919	0.00517	0.00459	0.00976	0.00804	0.01263	0.00689	0.00804	0.00574	0.00287	0.00287	0.00057	0.00287	0.00230	0.00230	0.88745
64	0.00933	0.00893	0.01513	0.11947	0.72975	0.00915	0.01166	0.01183	0.02449	0.01241	0.00741	0.00977	0.00614	0.00354	0.00384	0.00117	0.00464	0.00347	0.00194	0.00593
65	0.00900	0.06738	0.12033	0.00698	0.01069	0.00666	0.03211	0.02324	0.00846	0.07469	0.00749	0.00842	0.00589	0.00319	0.00310	0.00076	0.00351	0.00257	0.00237	0.60318
66	0.09945	0.03366	0.74223	0.01035	0.01570	0.00908	0.01314	0.01217	0.00801	0.01275	0.00677	0.00795	0.00484	0.00367	0.00353	0.00122	0.00542	0.00277	0.00172	0.00556
