[name]
unknown

[dist]
# distance from previous block
# <min> <max>
0	286

[block]
# block no. 0 follows, 83 sequences, length 46
# corresponding to MSA columns:
# 291-336
name=unknown_A
#
# <colnr> <probs for GDERKNQSTAVLIFYWHMCP>
#	G	D	E	R	K	N	Q	S	T	A	V	L	I	F	Y	W	H	M	C	P
0	0.00504	0.00364	0.00495	0.00543	0.00608	0.00364	0.00441	0.00628	0.00726	0.00963	0.08908	0.13413	0.06617	0.07485	0.12282	0.00213	0.00359	0.44498	0.00292	0.00298
1	0.00995	0.08753	0.00940	0.00709	0.00936	0.00956	0.00576	0.29104	0.50066	0.01597	0.01110	0.01050	0.00829	0.00427	0.00331	0.00107	0.00311	0.00339	0.00325	0.00540
2	0.00430	0.00326	0.00396	0.00417	0.00485	0.00292	0.00298	0.00529	0.00785	0.01035	0.28644	0.34392	0.28979	0.00882	0.00412	0.00121	0.00177	0.00775	0.00333	0.00292
3	0.00742	0.06443	0.35894	0.05776	0.07432	0.08121	0.08453	0.01064	0.08423	0.01031	0.00854	0.12130	0.01307	0.00431	0.00340	0.00109	0.00435	0.00371	0.00192	0.00452
4	0.00854	0.61600	0.15010	0.00768	0.01099	0.01181	0.13388	0.01034	0.00709	0.00884	0.00525	0.00626	0.00446	0.00294	0.00261	0.00084	0.00415	0.00225	0.00149	0.00448
5	0.01520	0.00576	0.00786	0.00603	0.00865	0.00498	0.00498	0.01651	0.00970	0.86216	0.01336	0.01153	0.00839	0.00419	0.00341	0.00105	0.00288	0.00341	0.00419	0.00576
6	0.00491	0.00358	0.00446	0.00490	0.00540	0.00346	0.00340	0.08135	0.00743	0.00984	0.01885	0.73812	0.08171	0.00987	0.00422	0.00133	0.00211	0.00885	0.00317	0.00303
7	0.00809	0.00871	0.10055	0.01480	0.43033	0.00781	0.11808	0.08113	0.06979	0.01180	0.00881	0.01029	0.05337	0.00488	0.05542	0.00132	0.00440	0.00342	0.00202	0.00498
8	0.15671	0.02688	0.05764	0.01029	0.09253	0.00805	0.28503	0.09533	0.02308	0.01280	0.11983	0.01025	0.00853	0.00388	0.00404	0.00111	0.07391	0.00352	0.00220	0.00440
9	0.00578	0.00392	0.00505	0.00474	0.00574	0.00375	0.00367	0.00793	0.07084	0.06684	0.66704	0.02469	0.02777	0.00680	0.00398	0.00112	0.00190	0.08124	0.00368	0.00351
10	0.00579	0.00325	0.00397	0.00425	0.00487	0.00308	0.00301	0.00679	0.00698	0.07858	0.01574	0.49131	0.02689	0.00771	0.00355	0.00114	0.00190	0.00680	0.32126	0.00314
11	0.00723	0.00685	0.01144	0.34532	0.46199	0.00738	0.00931	0.00923	0.00735	0.00997	0.00878	0.01083	0.08251	0.00366	0.00343	0.00107	0.00400	0.00339	0.00174	0.00452
12	0.00810	0.00612	0.00690	0.03129	0.06719	0.05662	0.00490	0.08643	0.14882	0.12751	0.08856	0.09720	0.22286	0.00608	0.00382	0.00112	0.01846	0.01065	0.00315	0.00423
13	0.01406	0.00758	0.00899	0.00689	0.00956	0.00768	0.00569	0.42303	0.01274	0.45134	0.01081	0.00987	0.00710	0.00413	0.00340	0.00103	0.00330	0.00323	0.00380	0.00576
14	0.00623	0.00553	0.00597	0.12695	0.00851	0.11111	0.00462	0.06781	0.00754	0.00946	0.02846	0.49363	0.01578	0.07803	0.00500	0.00140	0.00307	0.01499	0.00268	0.00321
15	0.06386	0.00509	0.00625	0.00649	0.08920	0.00505	0.01357	0.06949	0.08002	0.06335	0.20025	0.02222	0.27216	0.00659	0.01282	0.00117	0.00250	0.07291	0.00314	0.00386
16	0.00887	0.00954	0.00911	0.00801	0.00885	0.27750	0.00639	0.05633	0.00764	0.00946	0.09270	0.00937	0.00765	0.00681	0.07963	0.00156	0.39177	0.00310	0.00193	0.00378
17	0.09063	0.44050	0.08145	0.00727	0.06315	0.17230	0.00629	0.01064	0.00739	0.00950	0.00556	0.00650	0.00471	0.00315	0.00251	0.00083	0.00396	0.00213	0.07731	0.00422
18	0.53090	0.00705	0.00701	0.05964	0.14180	0.05527	0.00530	0.01024	0.06043	0.01318	0.00678	0.07675	0.00595	0.00385	0.00269	0.00107	0.00310	0.00286	0.00215	0.00399
19	0.00420	0.00304	0.00399	0.00473	0.00502	0.00283	0.00325	0.00486	0.00664	0.00877	0.01962	0.77430	0.07550	0.01041	0.00432	0.00137	0.00202	0.05921	0.00314	0.00278
20	0.01114	0.00592	0.00779	0.06204	0.07074	0.00574	0.00529	0.13933	0.00974	0.40604	0.07879	0.01446	0.08686	0.07502	0.00461	0.00123	0.00302	0.00397	0.00341	0.00485
21	0.00709	0.00652	0.01091	0.51077	0.31525	0.00739	0.00924	0.00921	0.00713	0.00979	0.00651	0.00907	0.00512	0.00330	0.00330	0.00106	0.00413	0.00302	0.06691	0.00428
22	0.90488	0.00655	0.00498	0.00445	0.00655	0.00760	0.00367	0.00996	0.00576	0.01520	0.00472	0.00550	0.00367	0.00314	0.00210	0.00105	0.00262	0.00183	0.00210	0.00367
23	0.12769	0.00380	0.00429	0.00444	0.00521	0.00370	0.00311	0.00648	0.00660	0.08125	0.01747	0.42593	0.14414	0.14324	0.00589	0.00156	0.00230	0.00694	0.00292	0.00304
24	0.00714	0.00702	0.01075	0.66921	0.16835	0.06241	0.00940	0.00927	0.00712	0.00905	0.00603	0.00873	0.00465	0.00333	0.00336	0.00109	0.00453	0.00296	0.00155	0.00405
25	0.00727	0.01429	0.55232	0.01076	0.01507	0.00811	0.25191	0.01135	0.07535	0.01104	0.00692	0.00816	0.00502	0.00322	0.00346	0.00110	0.00502	0.00304	0.00167	0.00491
26	0.01604	0.00494	0.00586	0.00501	0.00656	0.00489	0.00395	0.10076	0.08077	0.22378	0.25490	0.01546	0.01509	0.00492	0.00329	0.00099	0.00224	0.00411	0.24216	0.00428
27	0.01026	0.00700	0.00781	0.00649	0.00860	0.00750	0.00519	0.26136	0.31014	0.16666	0.09134	0.01388	0.07870	0.00490	0.00352	0.00108	0.00285	0.00400	0.00356	0.00515
28	0.00813	0.00868	0.08171	0.07574	0.73715	0.00800	0.01050	0.01031	0.00761	0.01088	0.00633	0.00833	0.00522	0.00306	0.00334	0.00102	0.00414	0.00298	0.00165	0.00523
29	0.01223	0.00630	0.00887	0.00920	0.19952	0.00594	0.00604	0.08950	0.00962	0.48547	0.05825	0.01136	0.00880	0.00405	0.00335	0.00102	0.00305	0.00342	0.06868	0.00534
30	0.00422	0.00310	0.00399	0.00466	0.00504	0.00286	0.00326	0.00493	0.00677	0.00885	0.02086	0.68605	0.14254	0.01021	0.00431	0.00136	0.00203	0.07902	0.00314	0.00280
31	0.00701	0.29479	0.00933	0.00541	0.00701	0.00747	0.00455	0.07290	0.07951	0.01026	0.01377	0.25705	0.08906	0.00639	0.00336	0.00107	0.00276	0.07187	0.05262	0.00379
32	0.13980	0.05992	0.01018	0.41813	0.14816	0.07677	0.00790	0.01026	0.00725	0.08187	0.00636	0.00817	0.00483	0.00334	0.00309	0.00105	0.00410	0.00273	0.00186	0.00422
33	0.23714	0.08142	0.00999	0.32379	0.14653	0.07732	0.00738	0.06026	0.00745	0.01138	0.00570	0.00744	0.00448	0.00328	0.00292	0.00103	0.00396	0.00255	0.00181	0.00417
34	0.00829	0.02118	0.14949	0.16041	0.13497	0.12232	0.32393	0.01080	0.00783	0.01906	0.00635	0.00828	0.00485	0.00313	0.00353	0.00107	0.00516	0.00318	0.00165	0.00454
35	0.03184	0.00579	0.00757	0.00609	0.00841	0.00531	0.00501	0.09042	0.00983	0.64522	0.01342	0.06548	0.00983	0.00498	0.00354	0.00111	0.00292	0.07399	0.00392	0.00532
36	0.00827	0.00827	0.02834	0.01413	0.31696	0.00897	0.18530	0.08035	0.00764	0.01091	0.00619	0.01664	0.00529	0.01422	0.00604	0.00121	0.27154	0.00329	0.00178	0.00465
37	0.00459	0.00326	0.00435	0.00494	0.00533	0.00312	0.00361	0.00548	0.00704	0.00942	0.11811	0.50407	0.02200	0.08324	0.00546	0.00154	0.00231	0.20617	0.00312	0.00283
38	0.00563	0.00343	0.00395	0.00377	0.00469	0.00319	0.00285	0.00709	0.00834	0.04400	0.37029	0.02117	0.15742	0.00596	0.00336	0.00097	0.00166	0.00507	0.34393	0.00322
39	0.00462	0.00334	0.00430	0.00446	0.00505	0.00311	0.00325	0.00576	0.00809	0.01108	0.43222	0.27152	0.07940	0.07188	0.00511	0.00136	0.00196	0.07716	0.00335	0.00296
40	0.00429	0.00315	0.00404	0.00462	0.00507	0.00291	0.00327	0.00509	0.00706	0.00928	0.09176	0.60099	0.15087	0.00988	0.00428	0.00133	0.00200	0.08409	0.00319	0.00284
41	0.01114	0.00828	0.00783	0.00649	0.00844	0.17641	0.00515	0.27225	0.01134	0.18779	0.16821	0.01209	0.01122	0.00450	0.00334	0.00098	0.00341	0.00354	0.09294	0.00466
42	0.00864	0.09199	0.37331	0.08911	0.14322	0.16288	0.00985	0.06330	0.00817	0.01057	0.00597	0.00723	0.00459	0.00328	0.00314	0.00100	0.00481	0.00254	0.00166	0.00474
43	0.03852	0.13072	0.20130	0.00776	0.01071	0.17238	0.00740	0.20000	0.10184	0.08629	0.00762	0.00786	0.00563	0.00365	0.00309	0.00098	0.00423	0.00267	0.00241	0.00494
44	0.00626	0.00366	0.00407	0.00386	0.00488	0.01265	0.00294	0.00762	0.00781	0.08329	0.16391	0.01919	0.20272	0.00689	0.05824	0.00124	0.00225	0.00461	0.40060	0.00332
45	0.00868	0.15116	0.33042	0.00802	0.01128	0.10625	0.00831	0.06644	0.25323	0.01169	0.00813	0.00841	0.00615	0.00365	0.00311	0.00101	0.00416	0.00278	0.00218	0.00493

[dist]
# distance from previous block
# <min> <max>
0	1

[block]
# block no. 1 follows, 83 sequences, length 12
# corresponding to MSA columns:
# 338-349
name=unknown_B
#
# <colnr> <probs for GDERKNQSTAVLIFYWHMCP>
#	G	D	E	R	K	N	Q	S	T	A	V	L	I	F	Y	W	H	M	C	P
0	0.02890	0.19454	0.27740	0.00829	0.07822	0.00850	0.00791	0.10493	0.00834	0.09953	0.00676	0.00739	0.00508	0.00322	0.00291	0.00089	0.00382	0.00246	0.00207	0.14886
1	0.01009	0.00910	0.11830	0.17930	0.19784	0.07511	0.04701	0.08651	0.00881	0.21030	0.00799	0.00890	0.00571	0.00351	0.00335	0.00104	0.00417	0.00301	0.00237	0.01759
2	0.00519	0.00403	0.00502	0.00493	0.00592	0.00414	0.00390	0.06958	0.00740	0.00965	0.01987	0.02331	0.34086	0.01538	0.36574	0.00298	0.00511	0.10122	0.00260	0.00318
3	0.00717	0.00565	0.00832	0.04474	0.30411	0.00554	0.00617	0.04921	0.02065	0.07622	0.22537	0.06234	0.15946	0.00552	0.00368	0.00107	0.00281	0.00489	0.00281	0.00424
4	0.05112	0.00805	0.01131	0.04870	0.46167	0.07267	0.02545	0.01247	0.10040	0.16232	0.00826	0.00914	0.00625	0.00345	0.00331	0.00103	0.00382	0.00308	0.00233	0.00517
5	0.00407	0.00316	0.00371	0.00416	0.00477	0.00280	0.00290	0.00478	0.00702	0.00887	0.02548	0.51037	0.38638	0.00973	0.00418	0.00127	0.00186	0.00855	0.00315	0.00280
6	0.00665	0.00392	0.00483	0.00433	0.00562	0.00344	0.00334	0.00793	0.00896	0.18541	0.39932	0.02502	0.31425	0.00694	0.00388	0.00109	0.00190	0.00593	0.00362	0.00360
7	0.00675	0.07038	0.30226	0.00697	0.00978	0.00673	0.02871	0.01063	0.18055	0.03455	0.09826	0.01615	0.17730	0.00512	0.00350	0.00109	0.00335	0.03099	0.00255	0.00438
8	0.25085	0.00615	0.00706	0.00577	0.00772	0.00643	0.00466	0.07579	0.00817	0.39748	0.00951	0.01041	0.00697	0.09877	0.00529	0.00133	0.08687	0.00308	0.00308	0.00461
9	0.00428	0.00305	0.00405	0.00468	0.00489	0.00295	0.00313	0.00487	0.00622	0.00835	0.01688	0.70289	0.01997	0.10604	0.08884	0.00197	0.00279	0.00854	0.00290	0.00270
10	0.01000	0.00477	0.00564	0.00473	0.00636	0.00458	0.00377	0.10157	0.00913	0.30799	0.07036	0.01264	0.00988	0.00425	0.00295	0.00092	0.00226	0.00344	0.43041	0.00434
11	0.02639	0.02619	0.09398	0.01185	0.22687	0.15198	0.11068	0.13625	0.04065	0.13078	0.00766	0.00843	0.00568	0.00347	0.00334	0.00102	0.00439	0.00299	0.00234	0.00506

[dist]
# distance from previous block
# <min> <max>
0	2

[block]
# block no. 2 follows, 83 sequences, length 29
# corresponding to MSA columns:
# 352-380
name=unknown_C
#
# <colnr> <probs for GDERKNQSTAVLIFYWHMCP>
#	G	D	E	R	K	N	Q	S	T	A	V	L	I	F	Y	W	H	M	C	P
0	0.00771	0.03385	0.40129	0.01467	0.37695	0.00817	0.07670	0.02165	0.00757	0.01096	0.00626	0.00781	0.00484	0.00311	0.00331	0.00104	0.00459	0.00283	0.00158	0.00512
1	0.00806	0.00876	0.06522	0.00845	0.06208	0.16462	0.00667	0.02630	0.05412	0.00952	0.00676	0.00892	0.00585	0.00775	0.13610	0.00181	0.32250	0.00296	0.08963	0.00391
2	0.03484	0.08487	0.10289	0.01433	0.42740	0.15995	0.01742	0.09823	0.00872	0.01146	0.00614	0.00750	0.00498	0.00322	0.00316	0.00097	0.00441	0.00269	0.00183	0.00497
3	0.00518	0.00370	0.00414	0.00392	0.00511	0.00322	0.00298	0.00643	0.02510	0.07820	0.23961	0.02869	0.56599	0.00774	0.00394	0.00112	0.00180	0.00653	0.00338	0.00323
4	0.00788	0.02399	0.00807	0.00589	0.00874	0.12441	0.03602	0.00934	0.00742	0.01059	0.00592	0.00695	0.00492	0.00267	0.00263	0.00058	0.00315	0.00210	0.00195	0.72679
5	0.00430	0.00316	0.00403	0.00440	0.00491	0.00289	0.00308	0.00522	0.00755	0.01013	0.26114	0.51293	0.14525	0.00927	0.00418	0.00125	0.00182	0.00827	0.00331	0.00289
6	0.00416	0.00339	0.00368	0.00372	0.00470	0.00291	0.00275	0.00512	0.00793	0.00990	0.18169	0.11898	0.62229	0.00849	0.00404	0.00115	0.00172	0.00722	0.00325	0.00291
7	0.00816	0.00745	0.01169	0.08438	0.54561	0.00774	0.01842	0.06337	0.10879	0.01213	0.09067	0.01059	0.00851	0.00368	0.00344	0.00104	0.00367	0.00343	0.00218	0.00504
8	0.00450	0.00342	0.00414	0.00402	0.00490	0.00306	0.00299	0.00581	0.00882	0.01188	0.54599	0.07426	0.29855	0.00766	0.00402	0.00111	0.00166	0.00665	0.00351	0.00306
9	0.19733	0.18344	0.14006	0.00646	0.00946	0.00853	0.01655	0.14822	0.00855	0.11693	0.00675	0.00717	0.00503	0.00329	0.00274	0.00091	0.00342	0.00237	0.00232	0.13047
10	0.00958	0.61089	0.01501	0.00628	0.00900	0.01219	0.00583	0.14597	0.13580	0.01105	0.00663	0.00695	0.00548	0.00334	0.00256	0.00084	0.00350	0.00231	0.00206	0.00473
11	0.27039	0.00668	0.00768	0.06221	0.05542	0.00717	0.00535	0.14138	0.00856	0.21083	0.00790	0.00838	0.00570	0.00374	0.00344	0.00102	0.06490	0.00270	0.05901	0.06756
12	0.00806	0.09339	0.07956	0.01453	0.50079	0.00743	0.00844	0.00986	0.00758	0.07077	0.00969	0.11171	0.05505	0.00431	0.00338	0.00104	0.00361	0.00389	0.00207	0.00482
13	0.00687	0.01054	0.31054	0.01020	0.05776	0.00705	0.24535	0.01027	0.08255	0.01114	0.09088	0.09312	0.01004	0.00450	0.00370	0.00114	0.00427	0.03346	0.00214	0.00448
14	0.00413	0.00295	0.00393	0.00472	0.00491	0.00275	0.00314	0.00472	0.00649	0.00865	0.01867	0.87874	0.02240	0.01061	0.00432	0.00138	0.00197	0.00963	0.00314	0.00275
15	0.75466	0.00642	0.00547	0.00472	0.00691	0.00716	0.00389	0.01106	0.00643	0.15821	0.00618	0.00652	0.00447	0.00332	0.00232	0.00105	0.00266	0.00210	0.00245	0.00402
16	0.00766	0.09704	0.35453	0.22868	0.06169	0.00861	0.03349	0.07736	0.07852	0.01109	0.00678	0.00812	0.00506	0.00339	0.00322	0.00105	0.00442	0.00279	0.00180	0.00472
17	0.00522	0.00325	0.00439	0.00447	0.00492	0.00318	0.00326	0.00499	0.00574	0.00740	0.01489	0.01923	0.23008	0.01243	0.11837	0.46472	0.00342	0.08574	0.00211	0.00219
18	0.01105	0.00480	0.00645	0.00532	0.00717	0.00424	0.00424	0.01241	0.00938	0.52309	0.27072	0.07138	0.01647	0.00543	0.00361	0.00107	0.00239	0.00463	0.03145	0.00471
19	0.75989	0.00742	0.00674	0.00569	0.00789	0.06284	0.08642	0.01027	0.00623	0.01433	0.00496	0.00590	0.00386	0.00314	0.00234	0.00105	0.00315	0.00207	0.00204	0.00377
20	0.00432	0.00308	0.00389	0.00439	0.00466	0.00289	0.00289	0.00487	0.00646	0.00858	0.07086	0.59419	0.08035	0.18390	0.00686	0.00172	0.00219	0.00830	0.00296	0.00265
21	0.17368	0.00841	0.27623	0.00554	0.00796	0.00553	0.00590	0.00942	0.00694	0.03653	0.00836	0.00954	0.00635	0.00357	0.00262	0.00093	0.00290	0.00271	0.42297	0.00391
22	0.00792	0.00776	0.01214	0.10030	0.52563	0.06127	0.06876	0.01003	0.02414	0.01106	0.12863	0.01087	0.00911	0.00366	0.00348	0.00103	0.00395	0.00350	0.00200	0.00475
23	0.00532	0.00414	0.00496	0.05313	0.00651	0.00417	0.00369	0.00775	0.15040	0.02346	0.19349	0.23286	0.21145	0.07708	0.00500	0.00135	0.00221	0.00652	0.00315	0.00336
24	0.00959	0.52063	0.01447	0.00757	0.07672	0.05847	0.00622	0.11795	0.13841	0.01088	0.00670	0.00716	0.00553	0.00335	0.00267	0.00086	0.00366	0.00239	0.00204	0.00474
25	0.00707	0.05466	0.06998	0.41593	0.04358	0.00729	0.01536	0.12760	0.00816	0.01070	0.00990	0.15076	0.05531	0.00489	0.00350	0.00112	0.00381	0.00423	0.00213	0.00401
26	0.06676	0.10126	0.40938	0.00809	0.01171	0.07682	0.00883	0.11131	0.06862	0.09536	0.00729	0.00772	0.00527	0.00350	0.00308	0.00102	0.00428	0.00261	0.00215	0.00496
27	0.69594	0.21097	0.00796	0.00477	0.00705	0.00895	0.00416	0.01000	0.00603	0.01351	0.00472	0.00549	0.00383	0.00309	0.00211	0.00097	0.00285	0.00183	0.00195	0.00383
28	0.00980	0.01185	0.05714	0.01040	0.18779	0.45127	0.00701	0.01142	0.02794	0.01017	0.17208	0.01054	0.01009	0.00407	0.00332	0.00096	0.00465	0.00318	0.00214	0.00418

[dist]
# distance from previous block
# <min> <max>
0	1

[block]
# block no. 3 follows, 83 sequences, length 30
# corresponding to MSA columns:
# 382-411
name=unknown_D
#
# <colnr> <probs for GDERKNQSTAVLIFYWHMCP>
#	G	D	E	R	K	N	Q	S	T	A	V	L	I	F	Y	W	H	M	C	P
0	0.00583	0.00520	0.00822	0.50651	0.07028	0.00595	0.00717	0.00771	0.00749	0.00986	0.18163	0.05867	0.10202	0.00500	0.00362	0.00112	0.00347	0.00441	0.00222	0.00360
1	0.00810	0.00776	0.01324	0.14125	0.74156	0.00797	0.01026	0.01015	0.00758	0.01073	0.00632	0.00848	0.00525	0.00307	0.00336	0.00102	0.00409	0.00302	0.00165	0.00514
2	0.00668	0.05875	0.00639	0.00527	0.00649	0.11631	0.00413	0.07349	0.00965	0.01257	0.50630	0.02171	0.09339	0.00631	0.00376	0.00105	0.00258	0.05841	0.00322	0.00353
3	0.05272	0.00560	0.00646	0.00631	0.07342	0.06203	0.00444	0.06153	0.00950	0.09869	0.49851	0.01807	0.02087	0.00546	0.00359	0.00101	0.00246	0.00467	0.00327	0.06140
4	0.47963	0.00844	0.00799	0.02364	0.19111	0.14752	0.00582	0.02931	0.00728	0.06322	0.00576	0.00669	0.00449	0.00326	0.00265	0.00101	0.00356	0.00228	0.00209	0.00425
5	0.00786	0.00378	0.00412	0.00377	0.00490	0.00370	0.00291	0.03160	0.02005	0.14107	0.01136	0.01234	0.00858	0.00400	0.00257	0.00084	0.00185	0.00320	0.72785	0.00365
6	0.14878	0.00786	0.00820	0.00652	0.00879	0.00863	0.00529	0.53231	0.02790	0.06941	0.00843	0.00930	0.00635	0.06228	0.00403	0.00116	0.00329	0.00303	0.07344	0.00498
7	0.00620	0.00344	0.00384	0.00366	0.00461	0.00325	0.00277	0.00768	0.00798	0.06683	0.23017	0.01833	0.12249	0.00531	0.00306	0.00092	0.00168	0.00444	0.50004	0.00330
8	0.00909	0.00440	0.00587	0.00497	0.00651	0.00393	0.00391	0.01057	0.00959	0.36178	0.49533	0.01941	0.02185	0.00575	0.00372	0.00105	0.00212	0.00495	0.02095	0.00425
9	0.11345	0.00451	0.00539	0.00480	0.00610	0.00440	0.00372	0.05913	0.00934	0.14319	0.52409	0.07355	0.02283	0.00612	0.00366	0.00108	0.00207	0.00524	0.00355	0.00377
10	0.00453	0.00344	0.00417	0.00401	0.00490	0.00308	0.00300	0.00587	0.00893	0.01208	0.57968	0.04648	0.29242	0.00753	0.00401	0.00110	0.00164	0.00653	0.00353	0.00308
11	0.00795	0.00871	0.11946	0.06822	0.31888	0.00781	0.07423	0.06432	0.19016	0.01217	0.04357	0.01113	0.05037	0.00390	0.00347	0.00107	0.00379	0.00354	0.00228	0.00497
12	0.00953	0.57902	0.05986	0.06453	0.02180	0.19823	0.00661	0.01081	0.00749	0.00827	0.00501	0.00595	0.00437	0.00308	0.00252	0.00081	0.00430	0.00202	0.00152	0.00427
13	0.00520	0.00328	0.00447	0.00447	0.00465	0.00347	0.00301	0.00511	0.00492	0.00675	0.00866	0.01565	0.00908	0.33953	0.27946	0.28946	0.00497	0.00389	0.00179	0.00217
14	0.57977	0.00705	0.00536	0.00488	0.00662	0.11791	0.00387	0.00971	0.00696	0.01385	0.13715	0.00920	0.00852	0.00384	0.00254	0.00101	0.00283	0.00265	0.07270	0.00359
15	0.00793	0.01295	0.51348	0.00968	0.06710	0.01493	0.08019	0.01097	0.00770	0.12388	0.06688	0.00955	0.00712	0.00469	0.04699	0.00129	0.00470	0.00309	0.00202	0.00486
16	0.00770	0.13459	0.36839	0.06360	0.06918	0.05995	0.07480	0.01032	0.00736	0.01865	0.00640	0.00785	0.00497	0.00320	0.00304	0.00095	0.00436	0.00978	0.05912	0.08578
17	0.01125	0.00868	0.00925	0.00747	0.00989	0.00975	0.00605	0.54567	0.32142	0.01873	0.01019	0.00978	0.00743	0.00426	0.00341	0.00106	0.00335	0.00333	0.00341	0.00562
18	0.05444	0.09983	0.29735	0.01061	0.12237	0.00843	0.16138	0.08983	0.01773	0.03940	0.06112	0.00887	0.00667	0.00345	0.00329	0.00103	0.00431	0.00306	0.00199	0.00482
19	0.28066	0.01074	0.33605	0.00739	0.01081	0.00713	0.05089	0.02236	0.00752	0.22487	0.00755	0.00786	0.00519	0.00343	0.00297	0.00106	0.00377	0.00261	0.00236	0.00478
20	0.00704	0.00576	0.00882	0.43360	0.01557	0.00668	0.04076	0.00981	0.11666	0.07646	0.01866	0.15607	0.00932	0.00514	0.00402	0.00120	0.04852	0.02963	0.00232	0.00396
21	0.08020	0.11816	0.08635	0.00772	0.01850	0.18827	0.04320	0.17735	0.07359	0.03615	0.04113	0.00871	0.00662	0.00495	0.04708	0.00123	0.04486	0.00911	0.00231	0.00453
22	0.00488	0.00355	0.00446	0.00460	0.01904	0.00342	0.00327	0.00585	0.00731	0.00985	0.28436	0.02622	0.14172	0.28033	0.06350	0.00212	0.00288	0.12695	0.00288	0.00281
23	0.00464	0.00350	0.00420	0.00444	0.00513	0.00325	0.00316	0.04846	0.00777	0.01016	0.14425	0.46966	0.26059	0.00916	0.00414	0.00125	0.00193	0.00808	0.00324	0.00300
24	0.00524	0.00622	0.16093	0.00641	0.00782	0.00433	0.07124	0.00675	0.00683	0.00946	0.01450	0.45072	0.01609	0.06075	0.00482	0.00141	0.00301	0.11129	0.04883	0.00333
25	0.06432	0.16625	0.17620	0.00916	0.06774	0.25472	0.08178	0.05497	0.00848	0.07716	0.00628	0.00710	0.00483	0.00331	0.00302	0.00095	0.00470	0.00251	0.00192	0.00458
26	0.00827	0.00755	0.11822	0.00699	0.00864	0.05835	0.00625	0.04051	0.05085	0.15368	0.00927	0.01221	0.00774	0.01123	0.27322	0.00251	0.14233	0.05660	0.02146	0.00413
27	0.00499	0.00359	0.00438	0.00479	0.02296	0.00357	0.00313	0.00592	0.04961	0.00817	0.01495	0.24525	0.05997	0.43798	0.01064	0.00231	0.00283	0.10972	0.00259	0.00265
28	0.08272	0.06273	0.02741	0.06137	0.14788	0.00810	0.13201	0.23392	0.00974	0.04102	0.06477	0.09603	0.00873	0.00436	0.00342	0.00107	0.00370	0.00387	0.00251	0.00465
29	0.00888	0.05206	0.01140	0.01079	0.18789	0.06659	0.15404	0.08443	0.17538	0.06977	0.01115	0.08189	0.06153	0.00447	0.00353	0.00108	0.00376	0.00406	0.00256	0.00477

[dist]
# distance from previous block
# <min> <max>
0	18

# created by:
# /home/cegg/simao/soft/augustus-3.2.1/scripts/msa2prfl.pl ./align_prep/EOG092C5G05.fa
