[name]
unknown

[dist]
# distance from previous block
# <min> <max>
6	53

[block]
# block no. 0 follows, 65 sequences, length 42
# corresponding to MSA columns:
# 53-94
name=unknown_A
#
# <colnr> <probs for GDERKNQSTAVLIFYWHMCP>
#	G	D	E	R	K	N	Q	S	T	A	V	L	I	F	Y	W	H	M	C	P
0	0.01376	0.05991	0.01512	0.01157	0.01449	0.39038	0.22693	0.01617	0.05739	0.14135	0.00899	0.00985	0.00673	0.00419	0.00405	0.00119	0.00625	0.00357	0.00267	0.00545
1	0.00594	0.00409	0.00505	0.00505	0.00525	0.00429	0.00320	0.00634	0.00614	0.00838	0.01241	0.02397	0.01367	0.63361	0.24130	0.00468	0.00587	0.00555	0.00241	0.00280
2	0.01016	0.00975	0.01666	0.02520	0.83013	0.00975	0.01260	0.01260	0.00935	0.01341	0.00772	0.01016	0.00650	0.00366	0.00406	0.00122	0.00488	0.00366	0.00203	0.00650
3	0.08769	0.04128	0.04678	0.00853	0.01143	0.29790	0.00704	0.04622	0.01127	0.36914	0.01074	0.01034	0.00741	0.00453	0.00377	0.00117	0.00500	0.00329	0.00349	0.02299
4	0.00996	0.00955	0.01630	0.09315	0.76373	0.00970	0.01250	0.01242	0.00925	0.01317	0.00769	0.01022	0.00642	0.00369	0.00407	0.00123	0.00493	0.00366	0.00201	0.00634
5	0.40956	0.01178	0.03301	0.00784	0.01055	0.19873	0.00642	0.19063	0.05467	0.03101	0.00758	0.00818	0.00574	0.00427	0.00330	0.00122	0.00452	0.00283	0.00289	0.00527
6	0.04629	0.00843	0.01166	0.30419	0.04546	0.03117	0.06177	0.05905	0.18942	0.16677	0.02707	0.01251	0.00867	0.00467	0.00411	0.00133	0.00453	0.00403	0.00319	0.00569
7	0.00586	0.00393	0.00451	0.00462	0.00464	0.00391	0.00264	0.00594	0.00618	0.00824	0.01403	0.12005	0.01630	0.76067	0.01913	0.00372	0.00380	0.00661	0.00264	0.00258
8	0.01140	0.01048	0.01610	0.04994	0.47122	0.03506	0.10955	0.19449	0.03303	0.01608	0.00845	0.01029	0.00666	0.00400	0.00416	0.00125	0.00510	0.00381	0.00256	0.00637
9	0.01247	0.00806	0.01083	0.00803	0.01143	0.00712	0.08312	0.09526	0.02718	0.26957	0.01056	0.01074	0.00757	0.00406	0.00393	0.00100	0.02410	0.00339	0.00341	0.39818
10	0.01008	0.56793	0.27024	0.00887	0.01319	0.01395	0.04226	0.01254	0.00849	0.01082	0.00632	0.00740	0.00529	0.00363	0.00311	0.00103	0.00501	0.00256	0.00176	0.00552
11	0.00856	0.12207	0.73652	0.01114	0.01690	0.01034	0.01419	0.01291	0.00863	0.01260	0.00717	0.00842	0.00521	0.00385	0.00375	0.00125	0.00586	0.00293	0.00174	0.00597
12	0.00504	0.00360	0.00479	0.00569	0.00596	0.00336	0.00381	0.00581	0.00802	0.01074	0.05808	0.81686	0.02766	0.01266	0.00522	0.00165	0.00236	0.01148	0.00384	0.00336
13	0.00775	0.00730	0.01231	0.84587	0.02827	0.00912	0.01140	0.01049	0.00821	0.01049	0.00730	0.01094	0.00547	0.00410	0.00410	0.00137	0.00547	0.00365	0.00182	0.00456
14	0.00775	0.00730	0.01231	0.84587	0.02827	0.00912	0.01140	0.01049	0.00821	0.01049	0.00730	0.01094	0.00547	0.00410	0.00410	0.00137	0.00547	0.00365	0.00182	0.00456
15	0.00775	0.00730	0.01231	0.84587	0.02827	0.00912	0.01140	0.01049	0.00821	0.01049	0.00730	0.01094	0.00547	0.00410	0.00410	0.00137	0.00547	0.00365	0.00182	0.00456
16	0.00775	0.00730	0.01231	0.84587	0.02827	0.00912	0.01140	0.01049	0.00821	0.01049	0.00730	0.01094	0.00547	0.00410	0.00410	0.00137	0.00547	0.00365	0.00182	0.00456
17	0.03333	0.19797	0.63927	0.01053	0.01596	0.01094	0.01314	0.01282	0.00855	0.01244	0.00697	0.00817	0.00519	0.00382	0.00359	0.00121	0.00563	0.00283	0.00176	0.00585
18	0.00952	0.01784	0.52631	0.01066	0.01527	0.11341	0.01205	0.01532	0.19431	0.01365	0.02662	0.01048	0.00758	0.00442	0.00396	0.00129	0.00551	0.00344	0.00240	0.00595
19	0.01097	0.01023	0.02076	0.01509	0.01867	0.00993	0.60795	0.01388	0.00967	0.14032	0.00924	0.01131	0.00676	0.00409	0.00560	0.00141	0.09137	0.00461	0.00252	0.00566
20	0.00986	0.01109	0.02387	0.01707	0.02119	0.01045	0.79131	0.03694	0.00997	0.01353	0.00835	0.01104	0.00625	0.00350	0.00482	0.00138	0.00685	0.00481	0.00214	0.00558
21	0.00570	0.00419	0.00534	0.00505	0.00607	0.00383	0.00379	0.00754	0.01136	0.01585	0.73858	0.03167	0.12850	0.00862	0.00484	0.00130	0.00195	0.00756	0.00444	0.00383
22	0.00851	0.10577	0.75236	0.01123	0.01704	0.01021	0.01434	0.01293	0.00863	0.01266	0.00720	0.00846	0.00521	0.00386	0.00377	0.00126	0.00590	0.00295	0.00174	0.00599
23	0.00490	0.00398	0.00434	0.00464	0.00567	0.00342	0.00333	0.00584	0.00889	0.01090	0.03574	0.29018	0.58157	0.01116	0.00497	0.00147	0.00217	0.00959	0.00381	0.00342
24	0.00775	0.00730	0.01231	0.84587	0.02827	0.00912	0.01140	0.01049	0.00821	0.01049	0.00730	0.01094	0.00547	0.00410	0.00410	0.00137	0.00547	0.00365	0.00182	0.00456
25	0.00954	0.00912	0.01555	0.23505	0.62509	0.00959	0.01229	0.01206	0.00906	0.01266	0.00761	0.01036	0.00624	0.00377	0.00407	0.00126	0.00503	0.00366	0.00198	0.00601
26	0.01311	0.00917	0.01758	0.01280	0.01644	0.00838	0.45705	0.01575	0.01060	0.34730	0.04029	0.01294	0.00897	0.00429	0.00455	0.00133	0.00535	0.00464	0.00339	0.00607
27	0.01001	0.00960	0.01639	0.07614	0.78035	0.00971	0.01252	0.01247	0.00928	0.01323	0.00769	0.01021	0.00644	0.00369	0.00407	0.00123	0.00491	0.00366	0.00202	0.00638
28	0.00786	0.00740	0.01250	0.80975	0.06357	0.00915	0.01145	0.01058	0.00826	0.01062	0.00731	0.01091	0.00552	0.00408	0.00410	0.00136	0.00545	0.00365	0.00183	0.00465
29	0.00873	0.17416	0.68593	0.01085	0.01645	0.01076	0.01368	0.01287	0.00861	0.01239	0.00706	0.00829	0.00521	0.00383	0.00367	0.00122	0.00576	0.00288	0.00174	0.00592
30	0.00830	0.04078	0.81548	0.01159	0.01760	0.00969	0.01498	0.01298	0.00866	0.01292	0.00733	0.00862	0.00520	0.00389	0.00387	0.00129	0.00603	0.00301	0.00173	0.00605
31	0.01452	0.01439	0.01107	0.00952	0.01189	0.47078	0.03467	0.09703	0.04741	0.14920	0.09021	0.01151	0.00992	0.00489	0.00399	0.00116	0.00573	0.00363	0.00313	0.00537
32	0.00507	0.00372	0.00478	0.00557	0.00601	0.00342	0.00384	0.00590	0.00821	0.01077	0.04216	0.68999	0.13618	0.01236	0.00520	0.00163	0.00239	0.04558	0.00382	0.00338
33	0.01758	0.00819	0.01011	0.00782	0.01097	0.02542	0.00643	0.17584	0.03453	0.63585	0.01475	0.01306	0.00950	0.00505	0.00412	0.00126	0.00377	0.00402	0.00480	0.00692
34	0.01016	0.00975	0.01666	0.02520	0.83013	0.00975	0.01260	0.01260	0.00935	0.01341	0.00772	0.01016	0.00650	0.00366	0.00406	0.00122	0.00488	0.00366	0.00203	0.00650
35	0.00775	0.00730	0.01231	0.84587	0.02827	0.00912	0.01140	0.01049	0.00821	0.01049	0.00730	0.01094	0.00547	0.00410	0.00410	0.00137	0.00547	0.00365	0.00182	0.00456
36	0.00775	0.00730	0.01231	0.84587	0.02827	0.00912	0.01140	0.01049	0.00821	0.01049	0.00730	0.01094	0.00547	0.00410	0.00410	0.00137	0.00547	0.00365	0.00182	0.00456
37	0.30606	0.01568	0.00976	0.00884	0.01110	0.56169	0.00677	0.01495	0.01008	0.01285	0.00613	0.00716	0.00501	0.00409	0.00331	0.00113	0.00599	0.00250	0.00226	0.00465
38	0.00556	0.00407	0.00470	0.00485	0.00543	0.00388	0.00327	0.00620	0.00756	0.00970	0.03638	0.11660	0.26747	0.38738	0.06644	0.00294	0.00364	0.05776	0.00313	0.00306
39	0.12804	0.03236	0.01107	0.00893	0.01127	0.17439	0.11215	0.06977	0.05162	0.13472	0.06516	0.10715	0.03402	0.00582	0.00441	0.00130	0.03465	0.00479	0.00322	0.00514
40	0.04884	0.04130	0.03755	0.02091	0.01050	0.03557	0.00622	0.09525	0.14380	0.15954	0.05282	0.01448	0.06024	0.00513	0.00401	0.00114	0.01940	0.02320	0.00349	0.21659
41	0.19262	0.02517	0.04800	0.09673	0.01293	0.03682	0.06693	0.14004	0.05998	0.07841	0.06005	0.03974	0.00918	0.00481	0.00400	0.00124	0.02451	0.00384	0.00304	0.09198

[dist]
# distance from previous block
# <min> <max>
9	25

[block]
# block no. 1 follows, 65 sequences, length 6
# corresponding to MSA columns:
# 120-125
name=unknown_B
#
# <colnr> <probs for GDERKNQSTAVLIFYWHMCP>
#	G	D	E	R	K	N	Q	S	T	A	V	L	I	F	Y	W	H	M	C	P
0	0.18353	0.00955	0.04795	0.00910	0.01203	0.05626	0.14860	0.13678	0.03376	0.07198	0.03156	0.04499	0.04067	0.00530	0.00401	0.00128	0.00437	0.06640	0.00309	0.08879
1	0.11211	0.07373	0.00858	0.00658	0.00845	0.05244	0.02517	0.10376	0.07671	0.04352	0.01465	0.07872	0.10061	0.21755	0.00809	0.00191	0.00378	0.00509	0.00307	0.05546
2	0.11846	0.18244	0.16720	0.00808	0.01097	0.06577	0.00778	0.07458	0.05636	0.01318	0.00931	0.05007	0.00821	0.01025	0.17909	0.00234	0.00598	0.02247	0.00243	0.00503
3	0.05643	0.02716	0.04015	0.02601	0.01162	0.15968	0.02589	0.19846	0.16704	0.08357	0.01265	0.09267	0.01084	0.00598	0.00417	0.00133	0.00452	0.06271	0.00348	0.00563
4	0.00994	0.01019	0.09358	0.01433	0.13012	0.03565	0.36403	0.01203	0.00884	0.07580	0.00843	0.01113	0.00664	0.00599	0.00695	0.18944	0.00558	0.00411	0.00221	0.00501
5	0.00616	0.10914	0.08345	0.00629	0.00753	0.00550	0.00518	0.00718	0.00793	0.01043	0.01950	0.55604	0.07963	0.01081	0.00550	0.06079	0.00302	0.00895	0.00323	0.00373

[dist]
# distance from previous block
# <min> <max>
0	4

[block]
# block no. 2 follows, 65 sequences, length 52
# corresponding to MSA columns:
# 130-181
name=unknown_C
#
# <colnr> <probs for GDERKNQSTAVLIFYWHMCP>
#	G	D	E	R	K	N	Q	S	T	A	V	L	I	F	Y	W	H	M	C	P
0	0.00849	0.00836	0.07135	0.00651	0.01034	0.00578	0.00565	0.01054	0.00852	0.01335	0.00730	0.00852	0.00601	0.00311	0.00311	0.00066	0.00327	0.00248	0.00238	0.81428
1	0.02978	0.07371	0.14751	0.07093	0.10608	0.02960	0.25420	0.03707	0.01960	0.09109	0.03860	0.02055	0.04241	0.00440	0.00420	0.00128	0.00529	0.00422	0.00254	0.01695
2	0.00652	0.00466	0.00651	0.00745	0.00836	0.00465	0.00645	0.00835	0.00936	0.01218	0.02178	0.09243	0.02383	0.01143	0.00565	0.00188	0.00370	0.75729	0.00378	0.00375
3	0.00556	0.00422	0.00498	0.00502	0.00608	0.00383	0.00378	0.00719	0.02598	0.01338	0.33099	0.13431	0.33510	0.00970	0.00486	0.00140	0.00219	0.06109	0.03663	0.00370
4	0.01056	0.01277	0.21859	0.04610	0.13988	0.00969	0.33410	0.05160	0.00998	0.10359	0.00886	0.01058	0.00645	0.00391	0.00445	0.00132	0.01515	0.00403	0.00240	0.00599
5	0.36705	0.03023	0.01213	0.00953	0.01233	0.10204	0.21731	0.01303	0.00890	0.07810	0.00915	0.01312	0.00772	0.00474	0.00377	0.00134	0.00475	0.09714	0.00269	0.00490
6	0.00565	0.00419	0.00498	0.00486	0.00598	0.00371	0.00361	0.00711	0.01036	0.03354	0.41565	0.10790	0.35848	0.00953	0.00486	0.00136	0.00207	0.00823	0.00418	0.00373
7	0.00764	0.00713	0.01146	0.00929	0.01073	0.04141	0.24272	0.00900	0.00756	0.01009	0.01132	0.03912	0.02094	0.36586	0.10563	0.00309	0.06619	0.02464	0.00235	0.00382
8	0.01551	0.01101	0.01194	0.00922	0.01244	0.01208	0.00759	0.71127	0.06442	0.08616	0.01072	0.01048	0.00754	0.00498	0.00411	0.00124	0.00437	0.00378	0.00418	0.00695
9	0.01169	0.38091	0.13467	0.00854	0.01206	0.19016	0.00818	0.04517	0.04548	0.03985	0.00723	0.00800	0.00589	0.00388	0.00326	0.00100	0.00508	0.00267	0.00220	0.08407
10	0.01119	0.52642	0.03277	0.01025	0.03380	0.06889	0.19042	0.06122	0.00955	0.01159	0.00666	0.00797	0.00562	0.00364	0.00335	0.00104	0.00521	0.00296	0.00200	0.00544
11	0.00623	0.00473	0.00578	0.00555	0.00682	0.00422	0.01955	0.00734	0.00846	0.02932	0.03305	0.12777	0.29507	0.16873	0.03075	0.00202	0.00321	0.12606	0.00335	0.11198
12	0.01042	0.40852	0.18988	0.01085	0.01502	0.03132	0.22637	0.01303	0.00896	0.03987	0.00713	0.00850	0.00568	0.00365	0.00357	0.00112	0.00545	0.00316	0.00196	0.00555
13	0.01064	0.06383	0.18375	0.08689	0.03500	0.04393	0.10866	0.09398	0.02597	0.13731	0.01244	0.13006	0.03812	0.00565	0.00423	0.00132	0.00478	0.00494	0.00297	0.00553
14	0.00969	0.01107	0.02422	0.01730	0.02145	0.01038	0.81522	0.01315	0.00969	0.01315	0.00830	0.01107	0.00623	0.00346	0.00484	0.00138	0.00692	0.00484	0.00208	0.00554
15	0.00495	0.00378	0.00454	0.00515	0.00581	0.00338	0.00356	0.00578	0.00840	0.01070	0.02949	0.55853	0.31725	0.01197	0.00510	0.00157	0.00227	0.01058	0.00381	0.00338
16	0.03394	0.13606	0.07983	0.01139	0.01509	0.04435	0.29642	0.07025	0.01061	0.23314	0.01015	0.02368	0.00735	0.00422	0.00411	0.00125	0.00526	0.00399	0.00299	0.00593
17	0.01786	0.00721	0.00960	0.00739	0.01050	0.00642	0.00609	0.07331	0.01225	0.75494	0.03928	0.01418	0.01077	0.00517	0.00415	0.00127	0.00352	0.00419	0.00500	0.00690
18	0.01021	0.00882	0.00928	0.00835	0.01067	0.01021	0.00650	0.02181	0.82272	0.01717	0.01671	0.01532	0.01253	0.00557	0.00418	0.00139	0.00325	0.00464	0.00418	0.00650
19	0.00893	0.00706	0.00831	0.00737	0.00927	0.00763	0.02779	0.04345	0.41792	0.04610	0.32382	0.02147	0.02226	0.00667	0.00448	0.00135	0.00292	0.02348	0.00427	0.00545
20	0.01004	0.00970	0.01674	0.05938	0.76841	0.00975	0.04040	0.01253	0.00931	0.01328	0.00772	0.01022	0.00645	0.00367	0.00409	0.00123	0.00497	0.00370	0.00202	0.00639
21	0.00597	0.00398	0.00448	0.00448	0.00448	0.00398	0.00249	0.00597	0.00597	0.00796	0.01293	0.02686	0.01492	0.85574	0.02089	0.00398	0.00398	0.00597	0.00249	0.00249
22	0.00775	0.00730	0.01231	0.84587	0.02827	0.00912	0.01140	0.01049	0.00821	0.01049	0.00730	0.01094	0.00547	0.00410	0.00410	0.00137	0.00547	0.00365	0.00182	0.00456
23	0.00998	0.01025	0.01953	0.02220	0.52362	0.00999	0.31681	0.01281	0.00948	0.01331	0.00794	0.01051	0.00640	0.00358	0.00436	0.00128	0.00565	0.00411	0.00205	0.00614
24	0.00545	0.00392	0.00474	0.00521	0.00598	0.00349	0.00365	0.00635	0.00863	0.04022	0.05236	0.51450	0.30739	0.01159	0.00505	0.00154	0.00230	0.01022	0.00388	0.00353
25	0.00500	0.00357	0.00476	0.00572	0.00595	0.00333	0.00381	0.00572	0.00786	0.01048	0.02262	0.85306	0.02715	0.01286	0.00524	0.00167	0.00238	0.01167	0.00381	0.00333
26	0.01560	0.01150	0.01232	0.00944	0.01273	0.01273	0.00780	0.81645	0.01930	0.02587	0.00986	0.00986	0.00698	0.00493	0.00411	0.00123	0.00452	0.00370	0.00411	0.00698
27	0.00925	0.00882	0.01501	0.33625	0.52621	0.00951	0.01214	0.01180	0.00892	0.01230	0.00756	0.01046	0.00611	0.00383	0.00408	0.00128	0.00510	0.00365	0.00195	0.00577
28	0.00823	0.02123	0.83447	0.01170	0.01777	0.00953	0.01517	0.01300	0.00867	0.01300	0.00737	0.00867	0.00520	0.00390	0.00390	0.00130	0.00607	0.00303	0.00173	0.00607
29	0.00915	0.00892	0.01308	0.35960	0.17418	0.04486	0.01051	0.02906	0.03731	0.01142	0.00717	0.01020	0.00592	0.00501	0.00685	0.00145	0.25464	0.00363	0.00200	0.00504
30	0.01407	0.01704	0.01180	0.12949	0.01485	0.64950	0.00845	0.06004	0.01141	0.01099	0.00665	0.00809	0.00541	0.00434	0.00408	0.00113	0.03276	0.00287	0.00217	0.00485
31	0.00851	0.00730	0.00851	0.00608	0.00973	0.00547	0.00486	0.01034	0.00851	0.01338	0.00730	0.00851	0.00608	0.00304	0.00304	0.00061	0.00304	0.00243	0.00243	0.88083
32	0.00851	0.00730	0.00851	0.00608	0.00973	0.00547	0.00486	0.01034	0.00851	0.01338	0.00730	0.00851	0.00608	0.00304	0.00304	0.00061	0.00304	0.00243	0.00243	0.88083
33	0.00485	0.00416	0.00416	0.00416	0.00554	0.00347	0.00312	0.00589	0.00936	0.01109	0.04158	0.03950	0.82847	0.01040	0.00485	0.00139	0.00208	0.00866	0.00381	0.00347
34	0.00985	0.29997	0.42830	0.03918	0.01537	0.08944	0.04019	0.01300	0.00886	0.01152	0.00675	0.00802	0.00528	0.00379	0.00350	0.00114	0.00564	0.00280	0.00179	0.00561
35	0.00733	0.00991	0.21620	0.20640	0.12675	0.00733	0.00971	0.01011	0.02658	0.01203	0.05528	0.21665	0.05205	0.00678	0.00442	0.00141	0.00437	0.01923	0.00263	0.00485
36	0.00581	0.00420	0.00549	0.00516	0.00613	0.00387	0.00387	0.00775	0.01162	0.01646	0.82797	0.03066	0.03873	0.00839	0.00484	0.00129	0.00194	0.00742	0.00452	0.00387
37	0.00485	0.00416	0.00416	0.00416	0.00554	0.00347	0.00312	0.00589	0.00936	0.01109	0.04158	0.03950	0.82847	0.01040	0.00485	0.00139	0.00208	0.00866	0.00381	0.00347
38	0.00992	0.05935	0.24376	0.03651	0.20103	0.01020	0.29783	0.03640	0.00958	0.04416	0.00809	0.01003	0.00611	0.00375	0.00422	0.00129	0.00586	0.00385	0.00212	0.00596
39	0.01156	0.00792	0.00854	0.00724	0.00948	0.00866	0.00575	0.23945	0.28923	0.08398	0.02941	0.01398	0.01073	0.00518	0.00380	0.00121	0.00322	0.00416	0.25063	0.00587
40	0.83592	0.03248	0.00663	0.00559	0.00814	0.03225	0.00461	0.01219	0.00715	0.01794	0.00573	0.00669	0.00449	0.00381	0.00257	0.00125	0.00333	0.00223	0.00251	0.00448
41	0.00578	0.00419	0.00545	0.00514	0.00612	0.00386	0.00385	0.00770	0.01156	0.01631	0.80645	0.03090	0.06035	0.00845	0.00484	0.00129	0.00194	0.00746	0.00450	0.00386
42	0.00570	0.00419	0.00533	0.00505	0.00606	0.00383	0.00378	0.00753	0.01135	0.01583	0.73556	0.03170	0.13153	0.00863	0.00484	0.00130	0.00195	0.00757	0.00444	0.00383
43	0.04475	0.00848	0.00965	0.00752	0.03380	0.00770	0.00587	0.22978	0.01151	0.03047	0.02078	0.00928	0.00685	0.00372	0.00339	0.00084	0.00349	0.00291	0.00296	0.55627
44	0.00850	0.00783	0.01093	0.52088	0.02121	0.02742	0.00937	0.01377	0.25372	0.01249	0.01145	0.01336	0.03737	0.00553	0.02794	0.00152	0.00488	0.00413	0.00262	0.00508
45	0.00560	0.00383	0.00459	0.00495	0.00504	0.00373	0.00299	0.00587	0.00669	0.00891	0.01661	0.34001	0.01956	0.53627	0.01496	0.00310	0.00337	0.00813	0.00299	0.00281
46	0.00577	0.00419	0.00543	0.00512	0.00611	0.00386	0.00384	0.00767	0.01153	0.01624	0.79547	0.03103	0.07137	0.00847	0.00484	0.00129	0.00194	0.00747	0.00449	0.00386
47	0.00961	0.01955	0.60641	0.01166	0.01678	0.13181	0.06179	0.02893	0.05151	0.01303	0.00780	0.00899	0.00569	0.00403	0.00395	0.00127	0.00614	0.00318	0.00198	0.00588
48	0.00597	0.00400	0.00456	0.00456	0.00459	0.00403	0.00259	0.00602	0.00599	0.00802	0.01286	0.02643	0.01474	0.82260	0.05378	0.00408	0.00426	0.00591	0.00248	0.00253
49	0.00561	0.00401	0.00546	0.00641	0.00692	0.00386	0.00487	0.00677	0.00846	0.01116	0.02229	0.54728	0.02581	0.01228	0.00540	0.00175	0.00291	0.31142	0.00380	0.00350
50	0.01059	0.01058	0.01341	0.38944	0.13558	0.15741	0.05996	0.11973	0.01059	0.01315	0.02374	0.01043	0.00649	0.00426	0.00422	0.00128	0.01799	0.00362	0.00228	0.00524
51	0.03123	0.04889	0.24088	0.00992	0.01366	0.04291	0.00973	0.41177	0.03765	0.01915	0.00858	0.00929	0.00632	0.00468	0.00461	0.00126	0.06735	0.00337	0.00304	0.02569

[dist]
# distance from previous block
# <min> <max>
2	3

[block]
# block no. 3 follows, 65 sequences, length 83
# corresponding to MSA columns:
# 185-187,217-254,258-299
name=unknown_D
#
# <colnr> <probs for GDERKNQSTAVLIFYWHMCP>
#	G	D	E	R	K	N	Q	S	T	A	V	L	I	F	Y	W	H	M	C	P
0	0.02644	0.11257	0.20219	0.00912	0.01263	0.07116	0.00873	0.12499	0.31887	0.01583	0.01094	0.01097	0.00826	0.00461	0.00381	0.00123	0.00450	0.00356	0.00306	0.04653
1	0.00598	0.00437	0.00621	0.00698	0.00769	0.00425	0.02415	0.00739	0.00876	0.01152	0.02181	0.39787	0.02476	0.01182	0.00546	0.00178	0.00324	0.43857	0.00375	0.00363
2	0.00530	0.00385	0.00500	0.00540	0.00600	0.00355	0.00379	0.00651	0.00941	0.01284	0.33577	0.48078	0.08462	0.01097	0.00506	0.00150	0.00219	0.00983	0.00408	0.00355
3	0.00968	0.01121	0.03921	0.01752	0.05500	0.01034	0.76675	0.01312	0.00966	0.01316	0.00826	0.01099	0.00622	0.00348	0.00479	0.00138	0.00682	0.00476	0.00207	0.00559
4	0.00563	0.00384	0.00458	0.00491	0.00499	0.00375	0.00295	0.00588	0.00663	0.00884	0.01632	0.31518	0.01919	0.56160	0.01543	0.00317	0.00342	0.00796	0.00295	0.00278
5	0.00823	0.02123	0.83447	0.01170	0.01777	0.00953	0.01517	0.01300	0.00867	0.01300	0.00737	0.00867	0.00520	0.00390	0.00390	0.00130	0.00607	0.00303	0.00173	0.00607
6	0.01831	0.00716	0.00963	0.00738	0.01056	0.00629	0.00610	0.05023	0.01204	0.80235	0.01595	0.01382	0.01004	0.00507	0.00413	0.00127	0.00353	0.00411	0.00504	0.00699
7	0.01813	0.00712	0.00955	0.00734	0.01048	0.00628	0.00606	0.05294	0.01201	0.78635	0.01589	0.01382	0.01003	0.00507	0.00411	0.00126	0.00351	0.00411	0.01901	0.00694
8	0.00713	0.00357	0.00535	0.00535	0.00535	0.00357	0.00357	0.00535	0.00535	0.00713	0.00713	0.01248	0.00713	0.01426	0.01604	0.88057	0.00357	0.00357	0.00178	0.00178
9	0.01842	0.00699	0.00953	0.00730	0.01048	0.00603	0.00603	0.02000	0.01175	0.83298	0.01619	0.01397	0.01016	0.00508	0.00413	0.00127	0.00349	0.00413	0.00508	0.00699
10	0.00500	0.00357	0.00476	0.00572	0.00595	0.00333	0.00381	0.00572	0.00786	0.01048	0.02262	0.85306	0.02715	0.01286	0.00524	0.00167	0.00238	0.01167	0.00381	0.00333
11	0.01021	0.00882	0.00928	0.00835	0.01067	0.01021	0.00650	0.02181	0.82272	0.01717	0.01671	0.01532	0.01253	0.00557	0.00418	0.00139	0.00325	0.00464	0.00418	0.00650
12	0.01533	0.01956	0.01163	0.01058	0.01269	0.83926	0.00793	0.01639	0.01163	0.01005	0.00635	0.00740	0.00529	0.00423	0.00370	0.00106	0.00740	0.00264	0.00212	0.00476
13	0.00489	0.00416	0.00421	0.00420	0.00557	0.00348	0.00315	0.00597	0.00945	0.01131	0.07427	0.03914	0.79564	0.01031	0.00485	0.00138	0.00207	0.00861	0.00384	0.00348
14	0.01842	0.00699	0.00953	0.00730	0.01048	0.00603	0.00603	0.02000	0.01175	0.83298	0.01619	0.01397	0.01016	0.00508	0.00413	0.00127	0.00349	0.00413	0.00508	0.00699
15	0.01560	0.01150	0.01232	0.00944	0.01273	0.01273	0.00780	0.81645	0.01930	0.02587	0.00986	0.00986	0.00698	0.00493	0.00411	0.00123	0.00452	0.00370	0.00411	0.00698
16	0.88473	0.00794	0.00603	0.00540	0.00794	0.00921	0.00445	0.01207	0.00699	0.01842	0.00572	0.00667	0.00445	0.00381	0.00254	0.00127	0.00318	0.00222	0.00254	0.00445
17	0.01358	0.02940	0.01139	0.00910	0.01195	0.07638	0.00734	0.45643	0.30188	0.02122	0.01191	0.01152	0.00877	0.00507	0.00407	0.00127	0.00429	0.00391	0.00393	0.00660
18	0.01696	0.00933	0.01098	0.00842	0.01165	0.00951	0.00695	0.43372	0.01567	0.41373	0.01290	0.01183	0.00851	0.00500	0.00412	0.00125	0.00402	0.00390	0.00457	0.00698
19	0.01093	0.13937	0.26623	0.01096	0.01503	0.04522	0.15977	0.06729	0.12280	0.09018	0.00949	0.01025	0.00700	0.00425	0.00416	0.00126	0.02359	0.00361	0.00262	0.00597
20	0.00955	0.01067	0.02200	0.01605	0.01941	0.01080	0.66120	0.01252	0.00904	0.01252	0.00775	0.01067	0.00607	0.00417	0.00649	0.00146	0.16764	0.00461	0.00202	0.00534
21	0.01021	0.00882	0.00928	0.00835	0.01067	0.01021	0.00650	0.02181	0.82272	0.01717	0.01671	0.01532	0.01253	0.00557	0.00418	0.00139	0.00325	0.00464	0.00418	0.00650
22	0.00943	0.01037	0.03914	0.14321	0.19415	0.01013	0.47133	0.01249	0.00923	0.01266	0.00789	0.01072	0.00611	0.00376	0.00490	0.00136	0.04122	0.00432	0.00201	0.00556
23	0.00578	0.00419	0.00544	0.00514	0.00610	0.00389	0.00384	0.00763	0.01131	0.01593	0.76281	0.03063	0.06932	0.02578	0.02297	0.00146	0.00218	0.00738	0.00440	0.00382
24	0.00581	0.00420	0.00549	0.00516	0.00613	0.00387	0.00387	0.00775	0.01162	0.01646	0.82797	0.03066	0.03873	0.00839	0.00484	0.00129	0.00194	0.00742	0.00452	0.00387
25	0.00526	0.00417	0.00472	0.00458	0.00579	0.00364	0.00344	0.00667	0.01031	0.01335	0.37319	0.03578	0.49544	0.00955	0.00485	0.00135	0.00202	0.00814	0.00411	0.00364
26	0.04095	0.11962	0.55261	0.01076	0.01572	0.12699	0.02679	0.02632	0.00922	0.02493	0.00716	0.00831	0.00532	0.00392	0.00370	0.00121	0.00590	0.00291	0.00191	0.00575
27	0.01766	0.00756	0.02536	0.00747	0.01065	0.00662	0.00627	0.08912	0.01226	0.72295	0.01539	0.01355	0.00980	0.00504	0.00408	0.00126	0.00359	0.00406	0.03044	0.00688
28	0.72962	0.02399	0.00793	0.00665	0.00925	0.09482	0.05170	0.01258	0.00764	0.01710	0.00593	0.00700	0.00465	0.00383	0.00279	0.00125	0.00385	0.00242	0.00246	0.00455
29	0.01842	0.00699	0.00953	0.00730	0.01048	0.00603	0.00603	0.02000	0.01175	0.83298	0.01619	0.01397	0.01016	0.00508	0.00413	0.00127	0.00349	0.00413	0.00508	0.00699
30	0.00579	0.00419	0.00545	0.00514	0.00612	0.00386	0.00385	0.00770	0.01156	0.01633	0.80828	0.03088	0.05850	0.00844	0.00484	0.00129	0.00194	0.00745	0.00450	0.00386
31	0.00851	0.00730	0.00851	0.00608	0.00973	0.00547	0.00486	0.01034	0.00851	0.01338	0.00730	0.00851	0.00608	0.00304	0.00304	0.00061	0.00304	0.00243	0.00243	0.88083
32	0.00555	0.00581	0.08248	0.00597	0.00724	0.00458	0.00496	0.00688	0.00859	0.01123	0.07578	0.33593	0.32621	0.01125	0.03979	0.00171	0.05008	0.00872	0.00348	0.00375
33	0.00597	0.00398	0.00448	0.00448	0.00448	0.00398	0.00249	0.00597	0.00597	0.00796	0.01293	0.02686	0.01492	0.85574	0.02089	0.00398	0.00398	0.00597	0.00249	0.00249
34	0.00543	0.00417	0.00490	0.00472	0.00586	0.00370	0.00354	0.00699	0.01061	0.01416	0.48216	0.03419	0.37343	0.00919	0.00482	0.00133	0.00200	0.00790	0.01721	0.00370
35	0.00993	0.06719	0.33280	0.03432	0.05521	0.04958	0.25874	0.06358	0.00972	0.02691	0.00772	0.00952	0.00579	0.00400	0.00460	0.00131	0.04757	0.00365	0.00208	0.00577
36	0.00500	0.00357	0.00476	0.00572	0.00595	0.00333	0.00381	0.00572	0.00786	0.01048	0.02262	0.85306	0.02715	0.01286	0.00524	0.00167	0.00238	0.01167	0.00381	0.00333
37	0.00500	0.00357	0.00476	0.00572	0.00595	0.00333	0.00381	0.00572	0.00786	0.01048	0.02262	0.85306	0.02715	0.01286	0.00524	0.00167	0.00238	0.01167	0.00381	0.00333
38	0.07267	0.03454	0.00967	0.00797	0.01988	0.01875	0.00636	0.33776	0.01238	0.07888	0.01081	0.04916	0.00900	0.01417	0.29551	0.00312	0.00655	0.00416	0.00327	0.00540
39	0.01486	0.01130	0.01189	0.00932	0.01245	0.02938	0.00763	0.69159	0.12875	0.02436	0.01072	0.01055	0.00770	0.00500	0.00411	0.00125	0.00440	0.00380	0.00408	0.00687
40	0.14432	0.00890	0.01086	0.00839	0.01121	0.03851	0.08654	0.08755	0.01874	0.03014	0.00733	0.00883	0.00594	0.00417	0.00501	0.00108	0.14180	0.00301	0.00253	0.37516
41	0.01033	0.01428	0.37003	0.00959	0.01362	0.00959	0.01024	0.27935	0.05122	0.01811	0.15942	0.01342	0.01230	0.00515	0.00415	0.00128	0.00466	0.00414	0.00315	0.00599
42	0.00683	0.00557	0.00724	0.00629	0.00819	0.00476	0.03805	0.00868	0.03440	0.01311	0.17769	0.27595	0.04734	0.00766	0.00431	0.00118	0.00277	0.02348	0.00339	0.32312
43	0.01015	0.54000	0.30490	0.00877	0.01313	0.03954	0.00989	0.01267	0.00856	0.01084	0.00631	0.00734	0.00524	0.00367	0.00311	0.00103	0.00507	0.00250	0.00176	0.00553
44	0.00581	0.00420	0.00549	0.00516	0.00613	0.00387	0.00387	0.00775	0.01162	0.01646	0.82797	0.03066	0.03873	0.00839	0.00484	0.00129	0.00194	0.00742	0.00452	0.00387
45	0.00863	0.00844	0.01506	0.52472	0.22799	0.00945	0.12401	0.01139	0.00870	0.01159	0.00754	0.01077	0.00584	0.00390	0.00420	0.00133	0.00553	0.00382	0.00191	0.00518
46	0.00823	0.02123	0.83447	0.01170	0.01777	0.00953	0.01517	0.01300	0.00867	0.01300	0.00737	0.00867	0.00520	0.00390	0.00390	0.00130	0.00607	0.00303	0.00173	0.00607
47	0.00969	0.01107	0.02422	0.01730	0.02145	0.01038	0.81522	0.01315	0.00969	0.01315	0.00830	0.01107	0.00623	0.00346	0.00484	0.00138	0.00692	0.00484	0.00208	0.00554
48	0.01842	0.00699	0.00953	0.00730	0.01048	0.00603	0.00603	0.02000	0.01175	0.83298	0.01619	0.01397	0.01016	0.00508	0.00413	0.00127	0.00349	0.00413	0.00508	0.00699
49	0.00559	0.00428	0.00513	0.00490	0.00604	0.00388	0.00368	0.00744	0.02850	0.01472	0.55301	0.03322	0.29660	0.00899	0.00483	0.00132	0.00201	0.00777	0.00428	0.00380
50	0.00713	0.00357	0.00535	0.00535	0.00535	0.00357	0.00357	0.00535	0.00535	0.00713	0.00713	0.01248	0.00713	0.01426	0.01604	0.88057	0.00357	0.00357	0.00178	0.00178
51	0.01842	0.00699	0.00953	0.00730	0.01048	0.00603	0.00603	0.02000	0.01175	0.83298	0.01619	0.01397	0.01016	0.00508	0.00413	0.00127	0.00349	0.00413	0.00508	0.00699
52	0.00500	0.00357	0.00476	0.00572	0.00595	0.00333	0.00381	0.00572	0.00786	0.01048	0.02262	0.85306	0.02715	0.01286	0.00524	0.00167	0.00238	0.01167	0.00381	0.00333
53	0.88473	0.00794	0.00603	0.00540	0.00794	0.00921	0.00445	0.01207	0.00699	0.01842	0.00572	0.00667	0.00445	0.00381	0.00254	0.00127	0.00318	0.00222	0.00254	0.00445
54	0.01533	0.01956	0.01163	0.01058	0.01269	0.83926	0.00793	0.01639	0.01163	0.01005	0.00635	0.00740	0.00529	0.00423	0.00370	0.00106	0.00740	0.00264	0.00212	0.00476
55	0.00519	0.00417	0.00462	0.00451	0.00575	0.00361	0.00338	0.00654	0.01014	0.01296	0.31556	0.03642	0.55333	0.00970	0.00485	0.00135	0.00203	0.00823	0.00406	0.00361
56	0.01842	0.00699	0.00953	0.00730	0.01048	0.00603	0.00603	0.02000	0.01175	0.83298	0.01619	0.01397	0.01016	0.00508	0.00413	0.00127	0.00349	0.00413	0.00508	0.00699
57	0.88473	0.00794	0.00603	0.00540	0.00794	0.00921	0.00445	0.01207	0.00699	0.01842	0.00572	0.00667	0.00445	0.00381	0.00254	0.00127	0.00318	0.00222	0.00254	0.00445
58	0.01097	0.85821	0.02151	0.00702	0.01054	0.01624	0.00702	0.01229	0.00834	0.00966	0.00571	0.00658	0.00527	0.00351	0.00263	0.00088	0.00439	0.00219	0.00176	0.00527
59	0.01560	0.01150	0.01232	0.00944	0.01273	0.01273	0.00780	0.81645	0.01930	0.02587	0.00986	0.00986	0.00698	0.00493	0.00411	0.00123	0.00452	0.00370	0.00411	0.00698
60	0.01003	0.00787	0.00896	0.00694	0.01017	0.00713	0.00553	0.04851	0.23347	0.07663	0.01067	0.01085	0.00820	0.00397	0.00348	0.00090	0.00319	0.00322	0.00318	0.53708
61	0.02585	0.17679	0.05019	0.01332	0.11368	0.01117	0.27973	0.10553	0.01037	0.06416	0.02347	0.01165	0.00759	0.00440	0.00461	0.00128	0.05094	0.03702	0.00252	0.00570
62	0.00761	0.00496	0.00510	0.00504	0.00600	0.05545	0.00383	0.00934	0.00822	0.01332	0.01227	0.01506	0.01013	0.01223	0.24354	0.00258	0.00486	0.00392	0.57271	0.00384
63	0.00775	0.00730	0.01231	0.84587	0.02827	0.00912	0.01140	0.01049	0.00821	0.01049	0.00730	0.01094	0.00547	0.00410	0.00410	0.00137	0.00547	0.00365	0.00182	0.00456
64	0.01097	0.85821	0.02151	0.00702	0.01054	0.01624	0.00702	0.01229	0.00834	0.00966	0.00571	0.00658	0.00527	0.00351	0.00263	0.00088	0.00439	0.00219	0.00176	0.00527
65	0.00616	0.00476	0.00682	0.02041	0.00748	0.00562	0.00511	0.00734	0.00653	0.00934	0.01105	0.03812	0.01094	0.16280	0.59856	0.00554	0.08287	0.00475	0.00225	0.00355
66	0.00581	0.00420	0.00549	0.00516	0.00613	0.00387	0.00387	0.00775	0.01162	0.01646	0.82797	0.03066	0.03873	0.00839	0.00484	0.00129	0.00194	0.00742	0.00452	0.00387
67	0.00500	0.00357	0.00476	0.00572	0.00595	0.00333	0.00381	0.00572	0.00786	0.01048	0.02262	0.85306	0.02715	0.01286	0.00524	0.00167	0.00238	0.01167	0.00381	0.00333
68	0.07447	0.02831	0.06136	0.02615	0.04116	0.04206	0.28344	0.29851	0.01301	0.07774	0.00904	0.01015	0.00654	0.00419	0.00419	0.00128	0.00539	0.00391	0.00302	0.00609
69	0.01045	0.00675	0.02271	0.00734	0.00947	0.02119	0.13684	0.07161	0.02900	0.14242	0.01258	0.01375	0.00937	0.00462	0.00354	0.00111	0.00337	0.00401	0.48492	0.00494
70	0.66758	0.06988	0.00875	0.00671	0.00938	0.08849	0.04565	0.02918	0.00797	0.02700	0.00612	0.00711	0.00480	0.00385	0.00282	0.00123	0.00388	0.00245	0.00248	0.00467
71	0.04319	0.00690	0.00926	0.00716	0.01022	0.00604	0.00590	0.01926	0.01160	0.77525	0.04963	0.01445	0.01118	0.00518	0.00411	0.00127	0.00342	0.00421	0.00498	0.00678
72	0.00564	0.00403	0.00550	0.00645	0.00697	0.00389	0.00492	0.00682	0.00849	0.01120	0.02227	0.53256	0.02575	0.01226	0.00541	0.00176	0.00294	0.32585	0.00380	0.00351
73	0.00914	0.02681	0.26322	0.20799	0.17380	0.00935	0.12960	0.01256	0.02195	0.04050	0.00797	0.01007	0.00600	0.00384	0.00405	0.00126	0.00548	0.00357	0.00206	0.06075
74	0.00880	0.00729	0.00854	0.00612	0.00975	0.00549	0.00490	0.01062	0.00861	0.03731	0.00756	0.00867	0.00620	0.00310	0.00307	0.00063	0.00305	0.00248	0.00251	0.85531
75	0.00508	0.00378	0.00474	0.00531	0.00589	0.00344	0.00367	0.00603	0.00870	0.01144	0.13844	0.56793	0.19712	0.01172	0.00510	0.00156	0.00226	0.01045	0.00391	0.00344
76	0.00501	0.00361	0.00474	0.00563	0.00594	0.00335	0.00378	0.00576	0.00800	0.01061	0.03722	0.79824	0.06762	0.01266	0.00521	0.00165	0.00236	0.01145	0.00382	0.00335
77	0.14611	0.01178	0.02867	0.02349	0.01246	0.21664	0.08400	0.13841	0.08403	0.18558	0.01005	0.01031	0.00725	0.00492	0.01738	0.00132	0.00509	0.00349	0.00327	0.00575
78	0.00499	0.00363	0.00471	0.00557	0.00591	0.00335	0.00374	0.00573	0.00800	0.01054	0.02444	0.77502	0.10402	0.01262	0.00520	0.00164	0.00235	0.01138	0.00381	0.00335
79	0.00576	0.00389	0.00475	0.00515	0.00550	0.00367	0.00332	0.00627	0.00742	0.03523	0.02069	0.43901	0.10128	0.32607	0.01099	0.00249	0.00298	0.00902	0.00336	0.00315
80	0.30637	0.02820	0.09291	0.00858	0.01149	0.27874	0.00738	0.15761	0.03636	0.02677	0.00730	0.00804	0.00559	0.00422	0.00341	0.00119	0.00510	0.00280	0.00267	0.00527
81	0.01084	0.33140	0.18091	0.00855	0.01209	0.05180	0.00849	0.13544	0.13072	0.01420	0.02539	0.03765	0.00809	0.00458	0.00353	0.00114	0.00455	0.00343	0.02147	0.00572
82	0.07313	0.03773	0.01151	0.00934	0.01197	0.26029	0.02073	0.29500	0.16497	0.01756	0.00946	0.00979	0.00721	0.00473	0.00412	0.00121	0.03079	0.00340	0.00321	0.02386

[dist]
# distance from previous block
# <min> <max>
0	1

[block]
# block no. 4 follows, 65 sequences, length 231
# corresponding to MSA columns:
# 312-374,378-398,415-442,449-463,469-530,538-563,566-581
name=unknown_E
#
# <colnr> <probs for GDERKNQSTAVLIFYWHMCP>
#	G	D	E	R	K	N	Q	S	T	A	V	L	I	F	Y	W	H	M	C	P
0	0.01006	0.00965	0.01648	0.06009	0.79604	0.00973	0.01255	0.01251	0.00930	0.01329	0.00770	0.01019	0.00646	0.00368	0.00407	0.00123	0.00490	0.00366	0.00202	0.00642
1	0.00640	0.00499	0.00634	0.00665	0.00758	0.00504	0.02032	0.00950	0.16439	0.01238	0.05435	0.49387	0.04416	0.01066	0.00503	0.00160	0.00282	0.12163	0.00385	0.01844
2	0.01553	0.01146	0.01228	0.00943	0.01270	0.01270	0.00778	0.80585	0.03002	0.02575	0.00995	0.00993	0.00705	0.00494	0.00411	0.00123	0.00450	0.00371	0.00411	0.00697
3	0.00601	0.00430	0.00593	0.00687	0.00756	0.00421	0.00557	0.00747	0.00886	0.01161	0.02207	0.34648	0.02494	0.01191	0.00551	0.00181	0.00326	0.50825	0.00379	0.00361
4	0.00493	0.00383	0.00449	0.00502	0.00577	0.00339	0.00350	0.00579	0.00852	0.01075	0.03106	0.49126	0.38351	0.01176	0.00507	0.00154	0.00225	0.01033	0.00381	0.00339
5	0.00775	0.00730	0.01231	0.84587	0.02827	0.00912	0.01140	0.01049	0.00821	0.01049	0.00730	0.01094	0.00547	0.00410	0.00410	0.00137	0.00547	0.00365	0.00182	0.00456
6	0.01350	0.01573	0.01079	0.00978	0.01197	0.54313	0.00742	0.01833	0.30135	0.01259	0.01005	0.01023	0.00787	0.00471	0.00387	0.00118	0.00592	0.00336	0.00285	0.00538
7	0.01830	0.00718	0.00964	0.00739	0.01057	0.00632	0.00611	0.05387	0.01207	0.79866	0.01592	0.01380	0.01003	0.00507	0.00413	0.00127	0.00354	0.00411	0.00504	0.00699
8	0.01024	0.00862	0.00912	0.00819	0.01050	0.00988	0.00637	0.02124	0.77513	0.03768	0.01752	0.01608	0.03955	0.00572	0.00420	0.00139	0.00322	0.00476	0.00419	0.00641
9	0.00713	0.00357	0.00535	0.00535	0.00535	0.00357	0.00357	0.00535	0.00535	0.00713	0.00713	0.01248	0.00713	0.01426	0.01604	0.88057	0.00357	0.00357	0.00178	0.00178
10	0.01021	0.00882	0.00928	0.00835	0.01067	0.01021	0.00650	0.02181	0.82272	0.01717	0.01671	0.01532	0.01253	0.00557	0.00418	0.00139	0.00325	0.00464	0.00418	0.00650
11	0.00500	0.00357	0.00476	0.00572	0.00595	0.00333	0.00381	0.00572	0.00786	0.01048	0.02262	0.85306	0.02715	0.01286	0.00524	0.00167	0.00238	0.01167	0.00381	0.00333
12	0.01560	0.01150	0.01232	0.00944	0.01273	0.01273	0.00780	0.81645	0.01930	0.02587	0.00986	0.00986	0.00698	0.00493	0.00411	0.00123	0.00452	0.00370	0.00411	0.00698
13	0.01533	0.01956	0.01163	0.01058	0.01269	0.83926	0.00793	0.01639	0.01163	0.01005	0.00635	0.00740	0.00529	0.00423	0.00370	0.00106	0.00740	0.00264	0.00212	0.00476
14	0.00565	0.00387	0.00467	0.00505	0.00518	0.00378	0.00314	0.00599	0.00679	0.00904	0.01677	0.32280	0.01966	0.51876	0.01465	0.00306	0.00340	0.04187	0.00301	0.00284
15	0.00765	0.00383	0.00383	0.00383	0.00478	0.00383	0.00287	0.00956	0.00861	0.01530	0.01339	0.01530	0.01052	0.00478	0.00287	0.00096	0.00191	0.00383	0.87853	0.00383
16	0.00775	0.00730	0.01231	0.84587	0.02827	0.00912	0.01140	0.01049	0.00821	0.01049	0.00730	0.01094	0.00547	0.00410	0.00410	0.00137	0.00547	0.00365	0.00182	0.00456
17	0.88473	0.00794	0.00603	0.00540	0.00794	0.00921	0.00445	0.01207	0.00699	0.01842	0.00572	0.00667	0.00445	0.00381	0.00254	0.00127	0.00318	0.00222	0.00254	0.00445
18	0.01016	0.00975	0.01666	0.02520	0.83013	0.00975	0.01260	0.01260	0.00935	0.01341	0.00772	0.01016	0.00650	0.00366	0.00406	0.00122	0.00488	0.00366	0.00203	0.00650
19	0.01213	0.01195	0.01181	0.01280	0.19732	0.22838	0.00836	0.10554	0.28738	0.03047	0.01108	0.01186	0.00868	0.00547	0.02688	0.00139	0.00508	0.01431	0.00310	0.00599
20	0.00851	0.00730	0.00851	0.00608	0.00973	0.00547	0.00486	0.01034	0.00851	0.01338	0.00730	0.00851	0.00608	0.00304	0.00304	0.00061	0.00304	0.00243	0.00243	0.88083
21	0.00962	0.01096	0.02393	0.01713	0.02122	0.01028	0.80315	0.01304	0.00966	0.01311	0.00852	0.02361	0.00654	0.00360	0.00485	0.00139	0.00685	0.00495	0.00210	0.00550
22	0.00851	0.00730	0.00851	0.00608	0.00973	0.00547	0.00486	0.01034	0.00851	0.01338	0.00730	0.00851	0.00608	0.00304	0.00304	0.00061	0.00304	0.00243	0.00243	0.88083
23	0.01140	0.75587	0.04180	0.00736	0.01088	0.03898	0.00728	0.04876	0.00901	0.02853	0.00618	0.00697	0.00545	0.00364	0.00280	0.00092	0.00450	0.00234	0.00194	0.00539
24	0.00713	0.00357	0.00535	0.00535	0.00535	0.00357	0.00357	0.00535	0.00535	0.00713	0.00713	0.01248	0.00713	0.01426	0.01604	0.88057	0.00357	0.00357	0.00178	0.00178
25	0.03878	0.05089	0.13305	0.04769	0.01395	0.33921	0.04571	0.12802	0.08772	0.02289	0.00820	0.00907	0.00631	0.00427	0.00380	0.00116	0.00580	0.00316	0.00256	0.04777
26	0.00759	0.00629	0.00723	0.00692	0.02119	0.00659	0.02054	0.04662	0.30802	0.01452	0.11523	0.18223	0.22375	0.00840	0.00463	0.00142	0.00279	0.00726	0.00398	0.00484
27	0.00523	0.00417	0.00469	0.00456	0.00578	0.00363	0.00342	0.00663	0.01026	0.01323	0.35483	0.03598	0.51389	0.00960	0.00485	0.00135	0.00202	0.00817	0.00409	0.00363
28	0.01420	0.00935	0.01226	0.00982	0.03474	0.00961	0.10280	0.40642	0.01464	0.22138	0.01255	0.09873	0.00987	0.01824	0.00457	0.00135	0.00433	0.00480	0.00399	0.00635
29	0.00883	0.00828	0.01289	0.02432	0.06699	0.00720	0.20211	0.02479	0.00894	0.01323	0.00844	0.05752	0.00733	0.00391	0.00399	0.00095	0.02725	0.00370	0.00240	0.50694
30	0.01778	0.00703	0.00945	0.00729	0.01037	0.00618	0.00600	0.04796	0.01201	0.76940	0.05048	0.01453	0.01126	0.00522	0.00416	0.00127	0.00346	0.00425	0.00502	0.00685
31	0.00498	0.00366	0.00467	0.00547	0.00589	0.00335	0.00370	0.00574	0.00809	0.01057	0.02558	0.72611	0.15219	0.01248	0.00518	0.00162	0.00233	0.01120	0.00381	0.00335
32	0.00914	0.00809	0.00881	0.00659	0.01002	0.04362	0.00523	0.02735	0.09675	0.01388	0.00832	0.00922	0.00676	0.00340	0.00321	0.00072	0.00329	0.00270	0.00264	0.73026
33	0.00753	0.00579	0.00675	0.00620	0.00770	0.00599	0.00474	0.01257	0.27778	0.03866	0.48582	0.02577	0.08316	0.00751	0.00460	0.00133	0.00242	0.00650	0.00437	0.00479
34	0.00500	0.00357	0.00476	0.00572	0.00595	0.00333	0.00381	0.00572	0.00786	0.01048	0.02262	0.85306	0.02715	0.01286	0.00524	0.00167	0.00238	0.01167	0.00381	0.00333
35	0.03286	0.00801	0.00988	0.00777	0.01083	0.00781	0.00636	0.14996	0.13379	0.56462	0.01504	0.01336	0.00989	0.00510	0.00410	0.00128	0.00362	0.00410	0.00474	0.00686
36	0.01016	0.00975	0.01666	0.02520	0.83013	0.00975	0.01260	0.01260	0.00935	0.01341	0.00772	0.01016	0.00650	0.00366	0.00406	0.00122	0.00488	0.00366	0.00203	0.00650
37	0.00500	0.00357	0.00476	0.00572	0.00595	0.00333	0.00381	0.00572	0.00786	0.01048	0.02262	0.85306	0.02715	0.01286	0.00524	0.00167	0.00238	0.01167	0.00381	0.00333
38	0.00521	0.00417	0.00465	0.00453	0.00576	0.00362	0.00340	0.00658	0.01019	0.01307	0.33178	0.03624	0.53704	0.00966	0.00485	0.00135	0.00203	0.00821	0.00407	0.00362
39	0.00629	0.00507	0.00677	0.00672	0.00749	0.04261	0.00518	0.00770	0.00681	0.00951	0.01084	0.01603	0.01017	0.05216	0.77950	0.00628	0.01064	0.00436	0.00220	0.00368
40	0.01481	0.01081	0.01173	0.00922	0.01230	0.01192	0.00762	0.70882	0.05261	0.04224	0.01111	0.01272	0.00845	0.00541	0.00422	0.00129	0.00439	0.05949	0.00411	0.00674
41	0.00555	0.00405	0.00530	0.00595	0.00648	0.00393	0.00426	0.00706	0.04513	0.01171	0.12697	0.57355	0.03963	0.02304	0.02820	0.00179	0.00277	0.09718	0.00385	0.00360
42	0.01097	0.85821	0.02151	0.00702	0.01054	0.01624	0.00702	0.01229	0.00834	0.00966	0.00571	0.00658	0.00527	0.00351	0.00263	0.00088	0.00439	0.00219	0.00176	0.00527
43	0.01105	0.48155	0.08826	0.00777	0.01110	0.02886	0.00747	0.04350	0.16528	0.06339	0.04853	0.01020	0.00864	0.00434	0.00331	0.00107	0.00421	0.00317	0.00265	0.00566
44	0.00835	0.05682	0.79990	0.01150	0.01746	0.00982	0.01482	0.01297	0.00865	0.01286	0.00730	0.00858	0.00520	0.00388	0.00385	0.00128	0.00600	0.00300	0.00173	0.00603
45	0.00729	0.00584	0.00671	0.00620	0.00770	0.00610	0.00474	0.01259	0.30112	0.01619	0.46086	0.02605	0.10703	0.00758	0.00461	0.00134	0.00242	0.00655	0.00433	0.00477
46	0.00500	0.00359	0.00474	0.00567	0.00594	0.00334	0.00379	0.00572	0.00791	0.01050	0.02323	0.82728	0.05254	0.01278	0.00523	0.00166	0.00237	0.01157	0.00381	0.00334
47	0.00513	0.00417	0.00455	0.00445	0.00572	0.00358	0.00334	0.00643	0.01002	0.01266	0.27197	0.03691	0.59710	0.00981	0.00485	0.00136	0.00204	0.00830	0.00402	0.00358
48	0.01097	0.85821	0.02151	0.00702	0.01054	0.01624	0.00702	0.01229	0.00834	0.00966	0.00571	0.00658	0.00527	0.00351	0.00263	0.00088	0.00439	0.00219	0.00176	0.00527
49	0.01798	0.00718	0.00959	0.00740	0.01054	0.00639	0.00610	0.04031	0.04841	0.77579	0.01606	0.01393	0.01019	0.00510	0.00413	0.00127	0.00351	0.00414	0.00502	0.00696
50	0.00799	0.00425	0.00435	0.00423	0.00528	0.00431	0.00319	0.05529	0.00918	0.01570	0.01358	0.05061	0.01103	0.00513	0.00304	0.00100	0.00208	0.00415	0.79161	0.00398
51	0.00713	0.00357	0.00535	0.00535	0.00535	0.00357	0.00357	0.00535	0.00535	0.00713	0.00713	0.01248	0.00713	0.01426	0.01604	0.88057	0.00357	0.00357	0.00178	0.00178
52	0.01842	0.00699	0.00953	0.00730	0.01048	0.00603	0.00603	0.02000	0.01175	0.83298	0.01619	0.01397	0.01016	0.00508	0.00413	0.00127	0.00349	0.00413	0.00508	0.00699
53	0.00497	0.00416	0.00433	0.00428	0.00562	0.00352	0.00321	0.00612	0.00964	0.01177	0.14058	0.03839	0.72905	0.01014	0.00485	0.00137	0.00206	0.00851	0.00390	0.00352
