[name]
unknown

[dist]
# distance from previous block
# <min> <max>
0	73

[block]
# block no. 0 follows, 79 sequences, length 14
# corresponding to MSA columns:
# 74-87
name=unknown_A
#
# <colnr> <probs for GDERKNQSTAVLIFYWHMCP>
#	G	D	E	R	K	N	Q	S	T	A	V	L	I	F	Y	W	H	M	C	P
0	0.02714	0.00436	0.00594	0.03773	0.00711	0.00422	0.05820	0.02503	0.04058	0.03039	0.16216	0.30762	0.15752	0.06120	0.00510	0.01178	0.00254	0.03041	0.00312	0.01785
1	0.03821	0.01870	0.04405	0.14178	0.14181	0.02131	0.26070	0.12201	0.10380	0.02385	0.03214	0.02078	0.00694	0.00373	0.00368	0.00113	0.00450	0.00364	0.00229	0.00493
2	0.00485	0.00357	0.00479	0.00566	0.04770	0.00340	0.00368	0.00562	0.00710	0.02445	0.06801	0.63624	0.10419	0.03962	0.00498	0.00143	0.01967	0.00879	0.00318	0.00309
3	0.06020	0.00425	0.00513	0.00485	0.00604	0.00397	0.00362	0.00855	0.03263	0.18348	0.18302	0.23503	0.17387	0.06147	0.00485	0.00135	0.00228	0.01821	0.00349	0.00371
4	0.03233	0.00420	0.00460	0.00441	0.00552	0.00398	0.00327	0.05855	0.04240	0.02735	0.16817	0.12908	0.41310	0.08092	0.00522	0.00138	0.00215	0.00673	0.00330	0.00333
5	0.02468	0.02806	0.00630	0.00522	0.00642	0.00567	0.00422	0.04455	0.00789	0.17293	0.01030	0.01142	0.00785	0.00449	0.00434	0.00101	0.15814	0.00323	0.48920	0.00406
6	0.00757	0.00464	0.00576	0.00510	0.00644	0.00444	0.00393	0.05257	0.07202	0.16191	0.47958	0.02257	0.08573	0.05005	0.00468	0.00124	0.00222	0.02177	0.00378	0.00401
7	0.15236	0.00517	0.00585	0.00522	0.00689	0.00505	0.00409	0.06486	0.02583	0.24099	0.07359	0.16861	0.16998	0.00656	0.00366	0.00118	0.00250	0.02940	0.02401	0.00420
8	0.78877	0.00674	0.00548	0.00491	0.00705	0.00772	0.00406	0.02945	0.02547	0.04151	0.00617	0.00785	0.00500	0.00368	0.00242	0.00112	0.00279	0.04351	0.00236	0.00394
9	0.00427	0.00353	0.00375	0.00380	0.00485	0.00301	0.00281	0.00523	0.00814	0.01001	0.12909	0.11383	0.67766	0.00893	0.00420	0.00120	0.00180	0.00756	0.00334	0.00301
10	0.00503	0.00378	0.00566	0.00566	0.00629	0.00441	0.00441	0.00629	0.00566	0.00818	0.00944	0.01385	0.00881	0.02643	0.86217	0.00566	0.00944	0.00378	0.00189	0.00315
11	0.18100	0.00583	0.00658	0.00560	0.00762	0.00581	0.00449	0.06466	0.08496	0.32893	0.06237	0.07319	0.09293	0.00538	0.00344	0.00114	0.00268	0.02518	0.03349	0.00472
12	0.01044	0.00748	0.00823	0.00689	0.00890	0.00815	0.00557	0.47490	0.08952	0.03440	0.01152	0.08475	0.00998	0.03081	0.00406	0.00121	0.00328	0.09274	0.10217	0.00499
13	0.00509	0.00342	0.00395	0.00397	0.00401	0.00345	0.00229	0.00518	0.00521	0.00698	0.01130	0.05180	0.01297	0.80235	0.06127	0.00347	0.00368	0.00522	0.00216	0.00221

[dist]
# distance from previous block
# <min> <max>
1	12

[block]
# block no. 1 follows, 79 sequences, length 10
# corresponding to MSA columns:
# 100-109
name=unknown_B
#
# <colnr> <probs for GDERKNQSTAVLIFYWHMCP>
#	G	D	E	R	K	N	Q	S	T	A	V	L	I	F	Y	W	H	M	C	P
0	0.00859	0.00711	0.00731	0.00659	0.00824	0.06329	0.00506	0.14196	0.36829	0.03724	0.11084	0.16686	0.04124	0.00613	0.00379	0.00118	0.00290	0.00519	0.00345	0.00473
1	0.00638	0.00353	0.00499	0.00485	0.00506	0.00365	0.00334	0.05229	0.00540	0.00727	0.00685	0.01160	0.00676	0.06369	0.09218	0.71151	0.00372	0.00325	0.00171	0.00197
2	0.38420	0.00680	0.00722	0.00581	0.00832	0.00700	0.00479	0.11254	0.00916	0.40714	0.00951	0.00896	0.00636	0.00389	0.00297	0.00109	0.00299	0.00282	0.00335	0.00509
3	0.00461	0.00344	0.00426	0.00442	0.00508	0.00321	0.00316	0.00553	0.00762	0.01010	0.22754	0.26227	0.25139	0.07219	0.09610	0.02294	0.00278	0.00724	0.00315	0.00296
4	0.00561	0.00357	0.00470	0.00492	0.00556	0.00342	0.00354	0.00653	0.00727	0.08161	0.10418	0.41853	0.08155	0.06878	0.12722	0.00207	0.00324	0.03502	0.02948	0.00320
5	0.06110	0.00962	0.01815	0.01321	0.01646	0.05722	0.66529	0.06593	0.00874	0.01203	0.00706	0.00917	0.00536	0.00380	0.02936	0.00129	0.00574	0.00384	0.00193	0.00469
6	0.00707	0.01823	0.85788	0.01005	0.01525	0.00818	0.01302	0.01116	0.00744	0.01116	0.00632	0.00744	0.00446	0.00335	0.00335	0.00112	0.00521	0.00260	0.00149	0.00521
7	0.00803	0.00717	0.01169	0.36471	0.33847	0.00760	0.02865	0.01034	0.02792	0.04930	0.00697	0.00911	0.00544	0.00333	0.00342	0.00105	0.00417	0.00308	0.00188	0.10768
8	0.00428	0.00334	0.00388	0.00423	0.00495	0.00295	0.00299	0.00510	0.00758	0.00960	0.08419	0.41364	0.42118	0.00977	0.00432	0.00129	0.00189	0.00853	0.00331	0.00295
9	0.01055	0.00868	0.00859	0.00732	0.00944	0.08908	0.00576	0.27901	0.38304	0.05472	0.01248	0.04908	0.03740	0.02370	0.00390	0.00118	0.00343	0.00395	0.00338	0.00531

[dist]
# distance from previous block
# <min> <max>
4	23

[block]
# block no. 2 follows, 79 sequences, length 30
# corresponding to MSA columns:
# 134-163
name=unknown_C
#
# <colnr> <probs for GDERKNQSTAVLIFYWHMCP>
#	G	D	E	R	K	N	Q	S	T	A	V	L	I	F	Y	W	H	M	C	P
0	0.04169	0.14533	0.34910	0.09387	0.06447	0.02372	0.00911	0.05366	0.00801	0.04750	0.03037	0.02098	0.05008	0.00397	0.00345	0.00107	0.02626	0.00309	0.01955	0.00473
1	0.00711	0.00673	0.01040	0.21479	0.24164	0.03887	0.06907	0.00919	0.03573	0.01033	0.08258	0.04812	0.05458	0.03578	0.08598	0.00165	0.03697	0.00413	0.00212	0.00421
2	0.00515	0.00345	0.00410	0.00410	0.00418	0.00353	0.00246	0.00525	0.00517	0.00698	0.01071	0.02144	0.01206	0.73691	0.12443	0.03672	0.00416	0.00488	0.00208	0.00224
3	0.00888	0.03428	0.05857	0.12276	0.32145	0.04303	0.10685	0.09831	0.05529	0.01202	0.01441	0.00891	0.00580	0.00367	0.00417	0.00111	0.07436	0.00321	0.00201	0.02090
4	0.01025	0.00699	0.00792	0.03144	0.00865	0.03916	0.00520	0.31719	0.01062	0.14442	0.04283	0.01344	0.00916	0.19636	0.10817	0.00213	0.03475	0.00381	0.00298	0.00451
5	0.03232	0.00666	0.00758	0.00586	0.00843	0.00614	0.00467	0.14400	0.09642	0.05796	0.08615	0.01057	0.00889	0.03138	0.00363	0.00088	0.01296	0.00304	0.00276	0.46972
6	0.01904	0.00493	0.00514	0.00519	0.00604	0.08063	0.00380	0.03725	0.00836	0.03763	0.19869	0.35767	0.12450	0.02372	0.02125	0.00137	0.00263	0.03807	0.02075	0.00333
7	0.00486	0.00345	0.00406	0.00408	0.00449	0.00327	0.00266	0.00550	0.00702	0.00941	0.24000	0.11930	0.13985	0.42455	0.01080	0.00226	0.00256	0.00633	0.00289	0.00265
8	0.00498	0.00386	0.00471	0.00485	0.00578	0.00348	0.00356	0.00632	0.03908	0.01030	0.11018	0.40553	0.19024	0.00887	0.00417	0.00125	0.00215	0.08003	0.00321	0.10747
9	0.06882	0.01105	0.00838	0.00755	0.00934	0.40607	0.00585	0.09819	0.04136	0.11258	0.02765	0.09509	0.00922	0.00514	0.00351	0.00109	0.00453	0.07755	0.00270	0.00434
10	0.03075	0.00545	0.00597	0.00564	0.00691	0.01628	0.00421	0.02287	0.32570	0.05221	0.12432	0.16042	0.10148	0.10010	0.00539	0.00146	0.00256	0.02080	0.00335	0.00412
11	0.00593	0.00384	0.00454	0.00435	0.00539	0.00350	0.00325	0.02565	0.00860	0.08281	0.26395	0.12476	0.28216	0.05083	0.00466	0.00127	0.00203	0.02450	0.09459	0.00338
12	0.00829	0.00941	0.02028	0.01456	0.01794	0.00901	0.79794	0.01114	0.00817	0.01114	0.00700	0.00941	0.00531	0.00314	0.00454	0.00121	0.05093	0.00410	0.00177	0.00471
13	0.03116	0.00860	0.00952	0.00736	0.01005	0.02362	0.00606	0.54975	0.01409	0.25497	0.00998	0.00954	0.00680	0.00423	0.00346	0.00106	0.00357	0.00324	0.03713	0.00582
14	0.02833	0.00419	0.00508	0.00508	0.00592	0.00411	0.00363	0.04013	0.06660	0.10104	0.07541	0.41564	0.06610	0.13264	0.00611	0.00160	0.00246	0.02190	0.01056	0.00348
15	0.11067	0.00430	0.00471	0.00454	0.00538	0.00437	0.00323	0.03863	0.02501	0.05851	0.07938	0.11105	0.06019	0.32841	0.00886	0.00200	0.00275	0.05235	0.09249	0.00316
16	0.19885	0.00689	0.00791	0.00625	0.00882	0.00690	0.00514	0.17024	0.03691	0.48375	0.01099	0.01009	0.00726	0.00412	0.00324	0.00108	0.00308	0.00314	0.01984	0.00548
17	0.00983	0.00559	0.00683	0.00595	0.00768	0.00549	0.00480	0.16716	0.02873	0.25692	0.09277	0.06100	0.09882	0.05713	0.00475	0.00134	0.00290	0.15049	0.02731	0.00451
18	0.00536	0.00389	0.00448	0.00455	0.00546	0.00364	0.00328	0.00697	0.08076	0.05193	0.08503	0.27147	0.34699	0.08727	0.00544	0.00146	0.00217	0.02327	0.00329	0.00327
19	0.01734	0.00546	0.00628	0.00553	0.00702	0.00560	0.00430	0.15359	0.13395	0.08130	0.32383	0.05119	0.09267	0.02931	0.00420	0.00119	0.00243	0.02112	0.04943	0.00425
20	0.54090	0.00729	0.00689	0.00568	0.00810	0.00799	0.00468	0.18390	0.00900	0.18472	0.00744	0.00754	0.00525	0.00369	0.00273	0.00108	0.00302	0.00250	0.00289	0.00470
21	0.04406	0.00468	0.00629	0.03023	0.09130	0.00488	0.01279	0.06500	0.00710	0.02489	0.01248	0.25131	0.02178	0.20117	0.17139	0.00257	0.00428	0.02381	0.01658	0.00341
22	0.02718	0.00398	0.00483	0.00470	0.00571	0.00373	0.00350	0.02869	0.00816	0.10953	0.16693	0.23024	0.21587	0.06040	0.04956	0.00158	0.00258	0.03118	0.03822	0.00344
23	0.00557	0.00400	0.00558	0.00550	0.00619	0.00449	0.00422	0.04980	0.00652	0.00933	0.04170	0.04732	0.01057	0.06750	0.61719	0.03286	0.00752	0.02653	0.04441	0.00319
24	0.00615	0.00490	0.00541	0.00552	0.00638	0.04181	0.00402	0.10627	0.06549	0.01112	0.03300	0.50756	0.11066	0.02827	0.00454	0.00137	0.00256	0.04823	0.00324	0.00350
25	0.00740	0.00644	0.00832	0.12525	0.10951	0.06960	0.03239	0.09189	0.02362	0.01965	0.05255	0.16554	0.05689	0.02486	0.08669	0.05670	0.02958	0.02678	0.00247	0.00387
26	0.01476	0.00402	0.00530	0.02190	0.00612	0.00399	0.01650	0.03459	0.01386	0.08346	0.09429	0.19730	0.08466	0.13738	0.11523	0.11805	0.00350	0.00566	0.03628	0.00315
27	0.00915	0.02347	0.02729	0.16320	0.16507	0.05294	0.04181	0.16537	0.15761	0.02716	0.00934	0.01105	0.02545	0.02034	0.02892	0.00130	0.03158	0.01958	0.01445	0.00491
28	0.16324	0.00865	0.00977	0.14034	0.15143	0.10335	0.02796	0.10741	0.19379	0.02173	0.00845	0.00933	0.01638	0.00389	0.00343	0.00111	0.01934	0.00310	0.00245	0.00483
29	0.00850	0.01780	0.04232	0.11609	0.17343	0.04740	0.07240	0.10163	0.06511	0.02534	0.05128	0.01051	0.03176	0.00421	0.01326	0.01697	0.01527	0.00331	0.01576	0.16764

[dist]
# distance from previous block
# <min> <max>
4	56

[block]
# block no. 3 follows, 79 sequences, length 81
# corresponding to MSA columns:
# 227-307
name=unknown_D
#
# <colnr> <probs for GDERKNQSTAVLIFYWHMCP>
#	G	D	E	R	K	N	Q	S	T	A	V	L	I	F	Y	W	H	M	C	P
0	0.06203	0.04650	0.02962	0.02449	0.01785	0.12923	0.00555	0.20342	0.09734	0.05713	0.03931	0.02398	0.15808	0.00580	0.02525	0.01377	0.01295	0.01887	0.00289	0.02594
1	0.01973	0.00690	0.01042	0.18990	0.24630	0.00731	0.05096	0.12128	0.03868	0.01176	0.00867	0.04738	0.01720	0.05752	0.01553	0.05922	0.00399	0.03577	0.00219	0.04931
2	0.01819	0.12018	0.01995	0.14952	0.17584	0.07664	0.04955	0.14091	0.01924	0.09407	0.02137	0.00896	0.00615	0.00436	0.03121	0.00117	0.01359	0.00303	0.00230	0.04378
3	0.00526	0.00441	0.00505	0.00506	0.00583	0.03401	0.00375	0.00625	0.02112	0.01653	0.04186	0.27705	0.30409	0.05252	0.08495	0.00179	0.07695	0.02507	0.00289	0.02555
4	0.02791	0.00410	0.00520	0.02211	0.05946	0.01190	0.00391	0.01248	0.03758	0.01705	0.04577	0.40707	0.12350	0.11734	0.03243	0.03710	0.00275	0.02630	0.00289	0.00314
5	0.08381	0.00550	0.00760	0.05709	0.20327	0.00556	0.00558	0.01898	0.04102	0.06806	0.04068	0.17355	0.04747	0.11731	0.02466	0.04495	0.00325	0.00489	0.00253	0.04424
6	0.02246	0.07285	0.05188	0.11643	0.08550	0.00784	0.05926	0.16296	0.01878	0.01248	0.01596	0.02948	0.00646	0.01664	0.09413	0.00148	0.02636	0.00314	0.00220	0.19371
7	0.00476	0.00342	0.00469	0.00511	0.00552	0.00353	0.00369	0.00566	0.00645	0.00887	0.03729	0.40976	0.03039	0.08322	0.29958	0.00302	0.00473	0.05530	0.02204	0.00295
8	0.05460	0.00449	0.00543	0.00505	0.00630	0.00426	0.00380	0.04891	0.02444	0.18760	0.16992	0.25265	0.14268	0.05675	0.00477	0.00134	0.00237	0.01730	0.00351	0.00383
9	0.03613	0.00469	0.00724	0.02039	0.02898	0.00450	0.13306	0.02769	0.00751	0.01711	0.03264	0.45926	0.11558	0.02999	0.00455	0.00136	0.00285	0.03750	0.02556	0.00340
10	0.00483	0.00360	0.00409	0.00408	0.00502	0.00327	0.00302	0.00627	0.03263	0.01144	0.28811	0.13127	0.38013	0.00802	0.00401	0.00116	0.00179	0.00688	0.09722	0.00318
11	0.01437	0.00832	0.00962	0.00737	0.01016	0.00863	0.00609	0.51180	0.01397	0.35648	0.01064	0.00988	0.00709	0.00428	0.00353	0.00107	0.00353	0.00332	0.00386	0.00600
12	0.00541	0.00370	0.00448	0.00457	0.00530	0.00344	0.00327	0.02727	0.00782	0.05252	0.15686	0.28891	0.21570	0.14428	0.00639	0.00161	0.00229	0.05068	0.01241	0.00311
13	0.00763	0.00600	0.00667	0.00620	0.00756	0.00660	0.00465	0.12578	0.37043	0.01333	0.04725	0.24879	0.01461	0.08204	0.00521	0.01157	0.00274	0.01417	0.01438	0.00441
14	0.02307	0.00889	0.01276	0.01028	0.05663	0.05397	0.25633	0.26207	0.06778	0.09072	0.01995	0.01133	0.06907	0.00425	0.00403	0.00113	0.03602	0.00384	0.00279	0.00511
15	0.01129	0.00777	0.00859	0.00697	0.00924	0.00833	0.00561	0.47316	0.10967	0.12008	0.02371	0.09348	0.08430	0.00541	0.00368	0.00112	0.00323	0.00438	0.01467	0.00532
16	0.00611	0.00440	0.00517	0.00518	0.00612	0.00441	0.00377	0.06380	0.12726	0.04254	0.09489	0.41801	0.13809	0.02279	0.00433	0.00131	0.00224	0.00742	0.03851	0.00364
17	0.05736	0.00780	0.00913	0.00703	0.00977	0.00793	0.00581	0.39252	0.01284	0.43624	0.01099	0.01008	0.00724	0.00425	0.00347	0.00108	0.00339	0.00330	0.00388	0.00589
18	0.06256	0.00833	0.00926	0.00726	0.00981	0.02474	0.01899	0.45264	0.07332	0.22156	0.01003	0.01023	0.00719	0.05010	0.00421	0.00119	0.00356	0.00334	0.00350	0.01817
19	0.00727	0.00641	0.00873	0.00697	0.05351	0.00519	0.08745	0.00887	0.00730	0.01112	0.02001	0.00882	0.00613	0.04175	0.02535	0.01777	0.00322	0.00261	0.00205	0.66946
20	0.00509	0.00338	0.00400	0.00423	0.00455	0.00322	0.00270	0.00555	0.00631	0.03065	0.03050	0.31778	0.10244	0.40487	0.01046	0.00227	0.00264	0.00694	0.04977	0.00265
21	0.54996	0.00660	0.00629	0.00531	0.00750	0.00716	0.00432	0.08473	0.00775	0.20664	0.00736	0.00779	0.00531	0.00432	0.00354	0.07296	0.00292	0.00248	0.00274	0.00432
22	0.00644	0.00497	0.00622	0.04336	0.00735	0.02761	0.01770	0.05246	0.08746	0.03537	0.01219	0.03817	0.07003	0.19704	0.37385	0.00356	0.00597	0.00440	0.00238	0.00347
23	0.01016	0.00588	0.02972	0.02870	0.04048	0.00554	0.03812	0.03299	0.04673	0.35279	0.02885	0.08673	0.03195	0.02137	0.15517	0.00201	0.02707	0.04781	0.00324	0.00469
24	0.02402	0.00917	0.01010	0.00775	0.01055	0.00991	0.00640	0.69097	0.01533	0.16558	0.00936	0.00904	0.00644	0.00424	0.00351	0.00106	0.00371	0.00322	0.00365	0.00597
25	0.00444	0.00321	0.00423	0.00500	0.00527	0.00304	0.00339	0.00532	0.02813	0.00918	0.01928	0.83100	0.02292	0.01085	0.00448	0.00143	0.00209	0.03051	0.00328	0.00294
26	0.04528	0.05493	0.01314	0.07854	0.18139	0.11618	0.18853	0.10382	0.00932	0.14033	0.00782	0.00920	0.00591	0.02547	0.00386	0.00112	0.00457	0.00325	0.00236	0.00498
27	0.00656	0.00597	0.00839	0.00752	0.00773	0.00792	0.00606	0.00742	0.00546	0.00822	0.00688	0.01126	0.00683	0.09688	0.29969	0.00312	0.49541	0.00351	0.00172	0.00345
28	0.00453	0.00349	0.00414	0.00426	0.00510	0.00311	0.00313	0.00564	0.00841	0.01100	0.30764	0.21468	0.36504	0.00883	0.00426	0.00123	0.00185	0.03709	0.00348	0.00308
29	0.03356	0.50274	0.01483	0.00687	0.00972	0.05154	0.00623	0.29350	0.02868	0.01337	0.00634	0.00680	0.00514	0.00350	0.00276	0.00088	0.00388	0.00239	0.00227	0.00501
30	0.00504	0.00374	0.00549	0.00549	0.00606	0.00431	0.00419	0.00618	0.00561	0.00806	0.00960	0.01471	0.00918	0.10574	0.78338	0.00545	0.00888	0.00390	0.00191	0.00305
31	0.00567	0.00462	0.00548	0.00479	0.00651	0.00373	0.00358	0.00682	0.00743	0.01053	0.06974	0.28729	0.15778	0.00665	0.00357	0.00096	0.00223	0.00579	0.00278	0.40405
32	0.03339	0.00715	0.00784	0.00688	0.00897	0.00794	0.00540	0.01787	0.65196	0.16773	0.01415	0.03459	0.01052	0.00482	0.00356	0.00118	0.00281	0.00400	0.00368	0.00554
33	0.00512	0.00369	0.00491	0.00513	0.00564	0.00383	0.00379	0.01979	0.00669	0.00910	0.07209	0.18504	0.04369	0.20595	0.27734	0.00319	0.00486	0.13457	0.00263	0.00294
34	0.00499	0.00389	0.00462	0.00485	0.00576	0.00369	0.00371	0.00684	0.07852	0.01075	0.15482	0.21800	0.31585	0.00893	0.00432	0.00131	0.00218	0.16031	0.00339	0.00327
35	0.00430	0.00316	0.00404	0.00469	0.00507	0.00290	0.00319	0.00499	0.00705	0.00926	0.05215	0.71964	0.14546	0.01059	0.00444	0.00138	0.00199	0.00951	0.00329	0.00290
36	0.23068	0.00681	0.00783	0.00616	0.00877	0.00675	0.00509	0.14607	0.01012	0.52015	0.01086	0.00991	0.00710	0.00408	0.00321	0.00109	0.00307	0.00309	0.00370	0.00547
37	0.00872	0.00837	0.01431	0.02163	0.85415	0.00837	0.01082	0.01082	0.00802	0.01151	0.00663	0.00872	0.00558	0.00314	0.00349	0.00105	0.00419	0.00314	0.00174	0.00558
38	0.01310	0.00958	0.01026	0.00790	0.01063	0.01060	0.00651	0.80590	0.01617	0.02181	0.00859	0.00867	0.00613	0.00423	0.00348	0.00105	0.00378	0.00318	0.04256	0.00588
39	0.00715	0.00384	0.00390	0.00369	0.00468	0.00393	0.00282	0.07866	0.00817	0.01391	0.01124	0.01274	0.00878	0.00412	0.00255	0.00084	0.00183	0.00328	0.82036	0.00351
40	0.00872	0.00837	0.01431	0.02163	0.85415	0.00837	0.01082	0.01082	0.00802	0.01151	0.00663	0.00872	0.00558	0.00314	0.00349	0.00105	0.00419	0.00314	0.00174	0.00558
41	0.00440	0.00316	0.00420	0.00499	0.00528	0.00296	0.00345	0.00510	0.00690	0.00914	0.01990	0.77920	0.05035	0.01087	0.00452	0.00144	0.00213	0.07585	0.00327	0.00290
42	0.00440	0.00335	0.00404	0.00435	0.00502	0.00300	0.00308	0.00533	0.00788	0.01027	0.20231	0.40454	0.31071	0.00950	0.00431	0.00128	0.00187	0.00836	0.00340	0.00300
43	0.00780	0.00655	0.00757	0.00545	0.00856	0.00520	0.00438	0.07571	0.00805	0.01234	0.00644	0.00740	0.00528	0.00274	0.00268	0.00056	0.00271	0.00218	0.00220	0.82619
44	0.00500	0.00380	0.00462	0.00440	0.00536	0.00353	0.00330	0.00691	0.05360	0.01307	0.61583	0.04136	0.21106	0.00752	0.00413	0.00114	0.00176	0.00654	0.00372	0.00336
45	0.00632	0.00398	0.00543	0.00589	0.00677	0.00381	0.00483	0.00763	0.00802	0.09949	0.03997	0.24778	0.05486	0.00940	0.00459	0.00149	0.00281	0.48012	0.00339	0.00343
46	0.00599	0.00374	0.00461	0.00473	0.00545	0.00346	0.00335	0.01828	0.00730	0.10618	0.03019	0.36435	0.17506	0.18954	0.00713	0.00176	0.00249	0.06007	0.00317	0.00317
47	0.00501	0.00363	0.00484	0.00533	0.00600	0.00346	0.00420	0.00630	0.00817	0.01090	0.22306	0.27653	0.08190	0.00944	0.00454	0.00141	0.00241	0.33632	0.00341	0.00314
48	0.01003	0.01161	0.01097	0.00947	0.01041	0.36713	0.04976	0.01097	0.00747	0.00868	0.00510	0.00723	0.00463	0.00494	0.00768	0.00126	0.46422	0.00280	0.00167	0.00400
49	0.00501	0.00367	0.00442	0.00446	0.00507	0.00352	0.00311	0.01983	0.03232	0.01048	0.26908	0.20343	0.15424	0.22074	0.02935	0.00188	0.00248	0.02076	0.00315	0.00299
50	0.00561	0.00443	0.00510	0.00515	0.00609	0.00450	0.00374	0.02807	0.20023	0.01130	0.12286	0.36439	0.18576	0.03033	0.00450	0.00133	0.00219	0.00739	0.00340	0.00362
51	0.00438	0.00330	0.00402	0.00442	0.00498	0.00300	0.00306	0.00517	0.00738	0.00959	0.11380	0.48266	0.26561	0.05304	0.01730	0.00148	0.00210	0.00854	0.00326	0.00291
52	0.00502	0.00367	0.00521	0.00525	0.00572	0.00413	0.00388	0.00599	0.00560	0.00793	0.01023	0.05342	0.01029	0.20541	0.64615	0.00500	0.00784	0.00433	0.00200	0.00292
53	0.05834	0.00708	0.01212	0.55101	0.17323	0.00811	0.10516	0.00966	0.00728	0.01010	0.00632	0.00905	0.00488	0.00342	0.00366	0.00115	0.02026	0.00318	0.00166	0.00431
54	0.00806	0.00760	0.01082	0.35906	0.24516	0.03936	0.00875	0.01248	0.24897	0.01132	0.00866	0.01018	0.00667	0.00378	0.00352	0.00114	0.00407	0.00335	0.00220	0.00485
55	0.00784	0.00722	0.01142	0.28984	0.34642	0.00765	0.02452	0.03842	0.04895	0.01132	0.05141	0.00991	0.00696	0.00357	0.00356	0.00105	0.01576	0.00325	0.00199	0.10895
56	0.00482	0.00352	0.00422	0.00427	0.00472	0.00351	0.00287	0.00537	0.00605	0.00793	0.01709	0.07604	0.21263	0.41551	0.21309	0.00329	0.00437	0.00566	0.00242	0.00262
57	0.03365	0.04527	0.02452	0.00614	0.00907	0.00663	0.00511	0.14535	0.06654	0.18028	0.00858	0.00871	0.00633	0.00341	0.00300	0.00080	0.00301	0.00268	0.00284	0.43810
58	0.00763	0.00618	0.00708	0.08946	0.05445	0.08286	0.00516	0.05277	0.03167	0.07415	0.03128	0.21196	0.07016	0.05938	0.01649	0.02020	0.00331	0.04577	0.00272	0.12731
59	0.00692	0.04212	0.03953	0.08925	0.01107	0.02290	0.13453	0.03629	0.01849	0.00945	0.00758	0.01085	0.00669	0.02417	0.35883	0.00309	0.16906	0.00350	0.00183	0.00386
60	0.00861	0.00826	0.01411	0.06617	0.81047	0.00835	0.01076	0.01072	0.00797	0.01138	0.00661	0.00876	0.00554	0.00316	0.00349	0.00105	0.00421	0.00314	0.00174	0.00549
61	0.00584	0.00451	0.00690	0.02290	0.12681	0.00496	0.00532	0.00723	0.00628	0.03110	0.01051	0.01404	0.05271	0.02097	0.64771	0.00452	0.00795	0.00386	0.01231	0.00357
62	0.03401	0.00389	0.00484	0.00489	0.00577	0.00363	0.00353	0.00747	0.02098	0.14197	0.07905	0.40816	0.14141	0.07869	0.02144	0.00155	0.00244	0.02948	0.00334	0.00343
63	0.00606	0.00468	0.00540	0.00500	0.00606	0.03532	0.00384	0.08555	0.01026	0.01407	0.61478	0.04605	0.08072	0.00709	0.00409	0.00113	0.00214	0.04943	0.01476	0.00357
64	0.03130	0.00468	0.00577	0.00507	0.00648	0.00442	0.00393	0.08209	0.01008	0.18096	0.45574	0.07450	0.10743	0.00669	0.00395	0.00113	0.00219	0.00575	0.00380	0.00404
65	0.17799	0.00479	0.00537	0.00502	0.00633	0.00477	0.00377	0.03300	0.02899	0.17196	0.10133	0.24816	0.08833	0.08894	0.00503	0.00142	0.00251	0.01527	0.00324	0.00379
66	0.02054	0.00397	0.00514	0.00533	0.00617	0.00377	0.00396	0.02612	0.02238	0.13108	0.06225	0.48591	0.05249	0.03028	0.00464	0.00141	0.00242	0.12520	0.00342	0.00351
67	0.00527	0.00401	0.00490	0.00461	0.00561	0.00385	0.00348	0.00769	0.09787	0.01353	0.64710	0.03523	0.13903	0.00722	0.00410	0.00113	0.00180	0.00630	0.00376	0.00351
68	0.00926	0.00781	0.00824	0.00727	0.00935	0.00899	0.00570	0.10575	0.75997	0.01553	0.01372	0.01265	0.01026	0.00472	0.00358	0.00118	0.00290	0.00390	0.00358	0.00562
69	0.04143	0.00448	0.00539	0.00502	0.00623	0.00427	0.00374	0.04147	0.05218	0.17295	0.17645	0.23960	0.13920	0.07829	0.00511	0.00139	0.00236	0.00638	0.01024	0.00381
70	0.80736	0.00714	0.00575	0.00500	0.00725	0.00823	0.00412	0.09817	0.00711	0.01649	0.00528	0.00601	0.00405	0.00337	0.00232	0.00109	0.00285	0.00204	0.00232	0.00405
71	0.00478	0.00357	0.00444	0.00428	0.00515	0.00323	0.00319	0.00623	0.00940	0.01290	0.63817	0.07253	0.20360	0.00777	0.00418	0.00114	0.00171	0.00679	0.00372	0.00323
72	0.01009	0.00598	0.00709	0.00612	0.00795	0.00605	0.00480	0.13372	0.19105	0.25939	0.05091	0.12751	0.09705	0.00642	0.00436	0.05143	0.00279	0.01891	0.00362	0.00478
73	0.00594	0.00411	0.00498	0.00496	0.00596	0.00393	0.00378	0.04923	0.04427	0.05561	0.21142	0.24026	0.19875	0.00830	0.00417	0.00126	0.00220	0.10485	0.04254	0.00349
74	0.00513	0.00342	0.00384	0.00384	0.00384	0.00342	0.00214	0.00513	0.00513	0.00683	0.01110	0.02306	0.01281	0.87614	0.01794	0.00342	0.00342	0.00513	0.00214	0.00214
75	0.00869	0.00690	0.00759	0.00697	0.00874	0.02290	0.00562	0.10734	0.46733	0.04511	0.05864	0.01942	0.01347	0.00598	0.00390	0.00127	0.00303	0.19864	0.00351	0.00494
76	0.05157	0.00372	0.00461	0.00492	0.00556	0.00362	0.00354	0.00625	0.00713	0.05710	0.05815	0.48034	0.13197	0.06156	0.03653	0.00163	0.02161	0.05390	0.00315	0.00313
77	0.16982	0.01882	0.00709	0.00615	0.00728	0.05984	0.00475	0.10918	0.01742	0.05517	0.00877	0.07275	0.00848	0.20272	0.08078	0.00208	0.14938	0.00386	0.01191	0.00374
78	0.25257	0.13346	0.03199	0.00789	0.04391	0.03003	0.07215	0.11119	0.03325	0.07808	0.00695	0.02958	0.00563	0.00407	0.00419	0.00111	0.12938	0.00288	0.00231	0.01939
79	0.20377	0.05897	0.01805	0.00797	0.09497	0.09493	0.00586	0.13688	0.04956	0.09891	0.02081	0.00816	0.00601	0.00363	0.00317	0.00096	0.02444	0.00266	0.00254	0.15776
80	0.06267	0.04631	0.06059	0.01704	0.24114	0.02514	0.03836	0.26180	0.07383	0.05027	0.01745	0.02351	0.01850	0.00400	0.00364	0.00108	0.02891	0.00328	0.00260	0.01989

[dist]
# distance from previous block
# <min> <max>
2	20

[block]
# block no. 4 follows, 79 sequences, length 30
# corresponding to MSA columns:
# 328-357
name=unknown_E
#
# <colnr> <probs for GDERKNQSTAVLIFYWHMCP>
#	G	D	E	R	K	N	Q	S	T	A	V	L	I	F	Y	W	H	M	C	P
0	0.01154	0.04584	0.01059	0.03186	0.05081	0.36817	0.05938	0.17784	0.02480	0.06597	0.00760	0.02512	0.00630	0.06973	0.00455	0.00118	0.01461	0.00310	0.00238	0.01864
1	0.02986	0.01921	0.02534	0.02828	0.03253	0.04758	0.03416	0.43340	0.18539	0.02388	0.04017	0.02518	0.00823	0.00497	0.02214	0.00121	0.01874	0.01121	0.00317	0.00537
2	0.02976	0.00477	0.00572	0.00529	0.00659	0.00466	0.00399	0.08296	0.05567	0.14807	0.07601	0.24432	0.15995	0.05808	0.06703	0.00166	0.00299	0.01471	0.00331	0.02444
3	0.00596	0.00468	0.00620	0.00688	0.08987	0.02297	0.01525	0.00730	0.07678	0.00909	0.02509	0.13926	0.13606	0.07623	0.15926	0.16715	0.01750	0.02885	0.00243	0.00321
4	0.83613	0.00678	0.00557	0.06727	0.00808	0.00790	0.00425	0.01026	0.00607	0.01532	0.00501	0.00599	0.00388	0.00329	0.00228	0.00110	0.00287	0.00200	0.00214	0.00382
5	0.00465	0.00342	0.00432	0.00478	0.00530	0.00323	0.00345	0.00550	0.00719	0.00942	0.08141	0.39886	0.17740	0.10395	0.04953	0.00182	0.00267	0.12709	0.00312	0.00291
6	0.09625	0.00485	0.00545	0.00520	0.00635	0.00495	0.00385	0.08101	0.08778	0.08169	0.08540	0.28812	0.10266	0.10360	0.00543	0.00148	0.00253	0.01802	0.01166	0.00373
7	0.00482	0.00366	0.00534	0.00556	0.00610	0.00353	0.04897	0.00570	0.00678	0.00915	0.03502	0.58349	0.01967	0.06954	0.10013	0.00200	0.00325	0.06215	0.00295	0.02221
8	0.00433	0.00311	0.00403	0.00477	0.00506	0.00288	0.00321	0.00498	0.00687	0.00912	0.02061	0.78851	0.09104	0.01074	0.00443	0.00140	0.00202	0.00968	0.02034	0.00288
9	0.18873	0.00482	0.00506	0.00476	0.00595	0.00493	0.00351	0.08505	0.00790	0.06219	0.07655	0.20350	0.14890	0.15104	0.00597	0.00156	0.00256	0.00567	0.02787	0.00348
10	0.07310	0.00449	0.00495	0.00472	0.00588	0.00441	0.00352	0.05816	0.06593	0.04831	0.15468	0.16671	0.28721	0.08265	0.00516	0.00140	0.00229	0.01963	0.00327	0.00350
11	0.07073	0.01374	0.00988	0.00848	0.01061	0.51557	0.00660	0.28108	0.01177	0.01347	0.00637	0.00702	0.00496	0.00385	0.00339	0.00098	0.02188	0.00255	0.00239	0.00468
12	0.00444	0.00317	0.00425	0.00507	0.00534	0.00299	0.00352	0.00515	0.00689	0.00916	0.01935	0.78826	0.02300	0.01091	0.00454	0.00145	0.00217	0.09419	0.00327	0.00290
13	0.00650	0.00380	0.00476	0.00482	0.00559	0.00355	0.00341	0.02916	0.00758	0.13104	0.05570	0.44193	0.08188	0.12016	0.00587	0.00155	0.00235	0.01601	0.07097	0.00337
14	0.00488	0.00336	0.00426	0.00476	0.00512	0.00318	0.00327	0.00551	0.00671	0.02729	0.01864	0.49599	0.08850	0.20986	0.00759	0.00188	0.00250	0.10083	0.00303	0.00282
15	0.00925	0.81584	0.07939	0.00632	0.00950	0.01353	0.00654	0.01060	0.00718	0.00850	0.00500	0.00578	0.00452	0.00304	0.00234	0.00078	0.00387	0.00194	0.00151	0.00457
16	0.90103	0.00682	0.00518	0.00463	0.00682	0.00791	0.00382	0.01036	0.00600	0.01581	0.00491	0.00573	0.00382	0.00327	0.00218	0.00109	0.00273	0.00191	0.00218	0.00382
17	0.00666	0.00410	0.00515	0.00518	0.00599	0.00393	0.00370	0.06130	0.02400	0.12331	0.05305	0.49181	0.06008	0.10200	0.01572	0.00160	0.00253	0.02305	0.00333	0.00349
18	0.00734	0.00621	0.00665	0.00611	0.00774	0.00687	0.00469	0.01433	0.56516	0.01352	0.12520	0.04116	0.15374	0.02027	0.00402	0.00123	0.00247	0.00504	0.00354	0.00473
19	0.01260	0.01544	0.00961	0.00865	0.01050	0.74450	0.00653	0.07360	0.01034	0.00967	0.00763	0.00830	0.05966	0.00402	0.00327	0.00094	0.00588	0.00267	0.00203	0.00415
20	0.01238	0.00802	0.00905	0.00718	0.00966	0.00854	0.00585	0.44431	0.14508	0.20825	0.09412	0.01176	0.01006	0.00464	0.00360	0.00109	0.00329	0.00370	0.00376	0.00567
21	0.00820	0.00680	0.00736	0.00678	0.02012	0.00763	0.00511	0.08896	0.56612	0.01405	0.03820	0.09193	0.05474	0.06207	0.00464	0.00134	0.00280	0.00476	0.00342	0.00495
22	0.00832	0.00951	0.02080	0.01485	0.01842	0.00891	0.84135	0.01129	0.00832	0.01129	0.00713	0.00951	0.00535	0.00297	0.00416	0.00119	0.00594	0.00416	0.00178	0.00475
23	0.00927	0.82247	0.07292	0.00629	0.00945	0.01357	0.00648	0.01059	0.00718	0.00848	0.00499	0.00577	0.00452	0.00304	0.00233	0.00078	0.00386	0.00193	0.00151	0.00457
24	0.00840	0.06229	0.13219	0.08276	0.11312	0.11847	0.13999	0.01068	0.03640	0.02289	0.00679	0.00889	0.00558	0.00643	0.10146	0.00927	0.12502	0.00314	0.00178	0.00446
25	0.00447	0.00353	0.00407	0.00428	0.00518	0.00312	0.00322	0.00550	0.00806	0.01018	0.14503	0.19811	0.48306	0.00919	0.00431	0.00127	0.00198	0.09906	0.00335	0.00303
26	0.00514	0.00363	0.00406	0.00419	0.00431	0.01791	0.00253	0.00534	0.00560	0.00736	0.01292	0.14024	0.03237	0.68309	0.02593	0.00302	0.00331	0.03436	0.00235	0.00234
27	0.03928	0.03341	0.02602	0.13390	0.30109	0.00855	0.08877	0.14598	0.05150	0.09764	0.02222	0.00948	0.00642	0.00367	0.00362	0.00109	0.01643	0.00329	0.00240	0.00522
28	0.00931	0.00857	0.09003	0.14028	0.21819	0.03950	0.02012	0.10261	0.12237	0.10674	0.00987	0.06682	0.01820	0.00451	0.00376	0.01581	0.00391	0.01181	0.00256	0.00502
29	0.00791	0.00766	0.06228	0.02869	0.02033	0.13369	0.01296	0.06030	0.01831	0.04868	0.00874	0.01379	0.00834	0.28345	0.15989	0.00260	0.06016	0.00369	0.00215	0.05638

[dist]
# distance from previous block
# <min> <max>
1	20

[block]
# block no. 5 follows, 79 sequences, length 23
# corresponding to MSA columns:
# 378-400
name=unknown_F
#
# <colnr> <probs for GDERKNQSTAVLIFYWHMCP>
#	G	D	E	R	K	N	Q	S	T	A	V	L	I	F	Y	W	H	M	C	P
0	0.00474	0.00359	0.00446	0.00448	0.00523	0.00345	0.00327	0.00596	0.02114	0.01045	0.27282	0.15079	0.24690	0.08514	0.15929	0.00219	0.00331	0.00659	0.00312	0.00307
1	0.02137	0.03144	0.03657	0.01842	0.03955	0.05450	0.00653	0.27502	0.41722	0.01610	0.01073	0.01048	0.00804	0.00441	0.00375	0.00113	0.03263	0.00345	0.00318	0.00549
2	0.69983	0.00705	0.00608	0.00522	0.00747	0.00800	0.00429	0.11669	0.00761	0.07295	0.00611	0.00675	0.00458	0.00421	0.02987	0.00123	0.00311	0.00224	0.00249	0.00422
3	0.08547	0.00666	0.02273	0.00695	0.00951	0.00592	0.12973	0.03676	0.05386	0.16446	0.03912	0.07089	0.00872	0.04997	0.00406	0.00107	0.00325	0.00366	0.00273	0.29449
4	0.00837	0.03359	0.01626	0.02733	0.04797	0.04075	0.45886	0.02346	0.03714	0.01052	0.00662	0.00898	0.00537	0.00439	0.01826	0.01455	0.22765	0.00365	0.00180	0.00449
5	0.00531	0.00380	0.00525	0.00601	0.00668	0.00374	0.00499	0.00670	0.00788	0.01035	0.05997	0.23808	0.02165	0.00992	0.00474	0.00155	0.00288	0.59405	0.00328	0.00316
6	0.00577	0.00425	0.00620	0.00678	0.00769	0.00422	0.03463	0.00744	0.00812	0.01057	0.01826	0.03871	0.01977	0.00950	0.00484	0.00161	0.00334	0.80181	0.00319	0.00330
7	0.00592	0.00366	0.00417	0.00414	0.00470	0.00366	0.00282	0.02137	0.02733	0.03086	0.06656	0.10425	0.04320	0.33951	0.04957	0.00216	0.00285	0.01252	0.26779	0.00296
8	0.09046	0.00509	0.00630	0.00544	0.00708	0.00498	0.00425	0.03467	0.04777	0.32539	0.05595	0.04000	0.08978	0.05160	0.12312	0.08042	0.00367	0.00417	0.01559	0.00426
9	0.00712	0.00658	0.00687	0.00660	0.00771	0.14626	0.05072	0.07829	0.01852	0.01071	0.04562	0.31747	0.08031	0.03268	0.00458	0.00136	0.00338	0.16871	0.00296	0.00355
10	0.01326	0.01623	0.00994	0.00895	0.01083	0.80828	0.00675	0.03752	0.01018	0.03843	0.00583	0.00661	0.00473	0.00367	0.00320	0.00092	0.00617	0.00234	0.00195	0.00421
11	0.00601	0.00379	0.00485	0.00508	0.00582	0.00356	0.00366	0.01723	0.03693	0.10524	0.07434	0.52300	0.09336	0.04409	0.00486	0.00143	0.00228	0.05768	0.00340	0.00338
12	0.03688	0.00384	0.00447	0.00460	0.00521	0.00378	0.00324	0.00663	0.04753	0.02919	0.08114	0.18558	0.13209	0.31458	0.00902	0.00205	0.00268	0.10331	0.02125	0.00295
13	0.06138	0.00684	0.00785	0.07076	0.00955	0.00734	0.02878	0.28910	0.11818	0.05652	0.05702	0.02875	0.17088	0.00531	0.00357	0.00111	0.00305	0.00434	0.06498	0.00467
14	0.04292	0.00630	0.00726	0.00629	0.00797	0.00675	0.03360	0.12591	0.30003	0.08874	0.06456	0.07495	0.05934	0.13265	0.00574	0.00149	0.00295	0.00467	0.02333	0.00455
15	0.00726	0.00432	0.00521	0.00488	0.00615	0.00399	0.00369	0.04239	0.03685	0.17835	0.11844	0.22724	0.26600	0.02566	0.00431	0.00125	0.00225	0.02299	0.03496	0.00380
16	0.01837	0.00391	0.00456	0.00483	0.00539	0.03044	0.00341	0.00604	0.03531	0.00946	0.11128	0.37600	0.14694	0.05181	0.03449	0.11952	0.00261	0.02981	0.00296	0.00289
17	0.00987	0.00908	0.00839	0.00748	0.00939	0.15744	0.00584	0.16144	0.44977	0.01436	0.01235	0.07145	0.01023	0.00519	0.00364	0.00116	0.00358	0.05104	0.00323	0.00507
18	0.11377	0.00543	0.00603	0.00553	0.00692	0.00565	0.00418	0.12284	0.10981	0.10747	0.05757	0.23907	0.07696	0.09931	0.00527	0.00145	0.00270	0.02275	0.00325	0.00404
19	0.09417	0.00526	0.00599	0.00530	0.00689	0.00519	0.00406	0.08296	0.07593	0.18505	0.07183	0.17567	0.09988	0.06386	0.00454	0.00128	0.00257	0.00521	0.05731	0.04706
20	0.00636	0.00401	0.00555	0.00541	0.00627	0.00419	0.00412	0.02548	0.00678	0.10976	0.01376	0.15593	0.07831	0.04912	0.45931	0.03472	0.00620	0.01876	0.00257	0.00340
21	0.00566	0.00388	0.00486	0.00522	0.00585	0.00381	0.00371	0.03949	0.06650	0.05030	0.01839	0.61137	0.04874	0.04815	0.00492	0.00146	0.00233	0.05395	0.01808	0.00333
22	0.02310	0.00394	0.00492	0.00497	0.00586	0.00372	0.01465	0.02371	0.03081	0.05142	0.17954	0.31922	0.19750	0.03484	0.00466	0.00136	0.00224	0.08684	0.00338	0.00332

[dist]
# distance from previous block
# <min> <max>
7	48

[block]
# block no. 6 follows, 79 sequences, length 89
# corresponding to MSA columns:
# 456-544
name=unknown_G
#
# <colnr> <probs for GDERKNQSTAVLIFYWHMCP>
#	G	D	E	R	K	N	Q	S	T	A	V	L	I	F	Y	W	H	M	C	P
0	0.02878	0.00728	0.00873	0.00682	0.00945	0.00726	0.00558	0.26313	0.09766	0.47358	0.02063	0.01113	0.00826	0.01348	0.00366	0.00111	0.00322	0.00347	0.00392	0.02286
1	0.00514	0.00392	0.00505	0.00568	0.04176	0.00383	0.00388	0.04174	0.03214	0.01032	0.08647	0.48199	0.15220	0.01070	0.06864	0.00165	0.00276	0.03567	0.00317	0.00328
2	0.04903	0.04542	0.13095	0.02090	0.08134	0.07552	0.04877	0.10570	0.03574	0.22399	0.01048	0.02407	0.04677	0.05573	0.01816	0.00129	0.01494	0.00350	0.00275	0.00495
3	0.00521	0.00355	0.00432	0.00433	0.00454	0.00351	0.01840	0.00555	0.00578	0.00784	0.03594	0.09719	0.01455	0.66072	0.01453	0.00290	0.00321	0.06662	0.03890	0.00241
4	0.00502	0.00366	0.00440	0.00461	0.00548	0.00334	0.00350	0.00621	0.01885	0.03343	0.14803	0.21646	0.33299	0.03663	0.00474	0.00137	0.00217	0.14763	0.01836	0.00314
5	0.03947	0.00812	0.05537	0.17899	0.11358	0.04271	0.08973	0.08785	0.07907	0.07690	0.00880	0.07279	0.00744	0.04012	0.00491	0.00127	0.08212	0.00382	0.00235	0.00461
6	0.02735	0.01516	0.03446	0.22204	0.14472	0.02475	0.02783	0.08132	0.09660	0.06793	0.01063	0.10429	0.04439	0.00499	0.00414	0.00118	0.05816	0.01649	0.00901	0.00456
7	0.00794	0.13726	0.02394	0.00773	0.00872	0.11444	0.00648	0.00927	0.03385	0.00864	0.00641	0.00906	0.00592	0.01075	0.23774	0.00244	0.36079	0.00301	0.00173	0.00387
8	0.02173	0.00637	0.00738	0.00541	0.00835	0.00516	0.00433	0.04473	0.03021	0.01216	0.04113	0.00827	0.00652	0.00299	0.00287	0.00061	0.01556	0.00237	0.00226	0.77159
9	0.04204	0.04952	0.21607	0.01672	0.09787	0.01559	0.13820	0.15199	0.03746	0.11034	0.01914	0.00930	0.01888	0.00387	0.00398	0.00112	0.05709	0.00325	0.00240	0.00517
10	0.00577	0.00378	0.00460	0.00437	0.00541	0.00336	0.00325	0.00698	0.00884	0.09832	0.38399	0.11308	0.29322	0.04339	0.00469	0.00126	0.00195	0.00675	0.00360	0.00339
11	0.06664	0.00404	0.00508	0.00535	0.03234	0.00398	0.00367	0.02073	0.02466	0.06453	0.06735	0.28062	0.09516	0.08977	0.02096	0.17436	0.00270	0.03217	0.00281	0.00306
12	0.03958	0.00592	0.00901	0.17613	0.21443	0.00622	0.02948	0.02488	0.04198	0.02169	0.07045	0.11496	0.03178	0.01751	0.06955	0.04004	0.00394	0.03761	0.00232	0.04251
13	0.00845	0.56197	0.02560	0.00611	0.00852	0.03950	0.00567	0.00963	0.00699	0.01764	0.00649	0.04444	0.00613	0.00731	0.14421	0.00161	0.02706	0.00263	0.00173	0.06831
14	0.00447	0.00338	0.00413	0.00441	0.00509	0.00304	0.00315	0.00546	0.00801	0.01054	0.24416	0.38264	0.27428	0.00937	0.00432	0.00128	0.00189	0.02394	0.00343	0.00303
15	0.01672	0.00361	0.00447	0.00473	0.00538	0.00336	0.00333	0.00639	0.02003	0.07355	0.08011	0.44529	0.15897	0.11422	0.00594	0.00158	0.00228	0.04365	0.00325	0.00313
16	0.20445	0.00601	0.03602	0.00611	0.00788	0.00580	0.07238	0.02932	0.08457	0.12396	0.08299	0.16039	0.05041	0.04637	0.00419	0.00128	0.00289	0.02591	0.04500	0.00408
17	0.00594	0.00431	0.00539	0.00510	0.00557	0.00476	0.00359	0.07897	0.00633	0.00873	0.00999	0.01786	0.01044	0.46370	0.30968	0.00390	0.04630	0.00439	0.00214	0.00291
18	0.08554	0.00734	0.00862	0.00672	0.00937	0.00739	0.00553	0.28587	0.04608	0.46648	0.01138	0.01041	0.00753	0.00424	0.00341	0.00108	0.00323	0.00331	0.02072	0.00575
19	0.05073	0.00442	0.00535	0.00502	0.00628	0.00417	0.00376	0.01862	0.04352	0.22889	0.06379	0.26966	0.12835	0.06634	0.00481	0.00136	0.00241	0.02247	0.06616	0.00389
20	0.00723	0.00422	0.00459	0.00441	0.00544	0.00435	0.00328	0.02590	0.13802	0.06482	0.01305	0.12667	0.01132	0.05580	0.00389	0.00113	0.00210	0.00440	0.51562	0.00374
21	0.71456	0.00891	0.00619	0.00557	0.00767	0.18729	0.00445	0.01114	0.00684	0.01430	0.00502	0.00586	0.00397	0.00335	0.00239	0.00105	0.00349	0.00198	0.00210	0.00387
22	0.06829	0.00586	0.00746	0.00591	0.00828	0.00537	0.00482	0.06786	0.01013	0.59804	0.12650	0.01404	0.03913	0.00481	0.00355	0.00109	0.00280	0.00392	0.01677	0.00537
23	0.00479	0.00348	0.00427	0.00446	0.00519	0.00316	0.00323	0.00581	0.00805	0.02725	0.25027	0.30450	0.25887	0.04989	0.00494	0.00137	0.00202	0.05197	0.00340	0.00307
24	0.90103	0.00682	0.00518	0.00463	0.00682	0.00791	0.00382	0.01036	0.00600	0.01581	0.00491	0.00573	0.00382	0.00327	0.00218	0.00109	0.00273	0.00191	0.00218	0.00382
25	0.00832	0.00951	0.02080	0.01485	0.01842	0.00891	0.84135	0.01129	0.00832	0.01129	0.00713	0.00951	0.00535	0.00297	0.00416	0.00119	0.00594	0.00416	0.00178	0.00475
26	0.00507	0.00356	0.00425	0.00435	0.00511	0.00336	0.00315	0.00666	0.04416	0.01176	0.30442	0.26215	0.16635	0.00796	0.00395	0.00117	0.00184	0.00697	0.15052	0.00323
27	0.00591	0.00367	0.00426	0.00409	0.00437	0.00362	0.00248	0.01685	0.00600	0.06082	0.07796	0.02232	0.01404	0.73058	0.01557	0.00303	0.00324	0.00508	0.01359	0.00254
28	0.00430	0.00358	0.00376	0.00371	0.00484	0.00303	0.00279	0.00532	0.00836	0.01029	0.17203	0.03265	0.71591	0.00864	0.00416	0.00118	0.00176	0.00726	0.00337	0.00303
29	0.00510	0.00350	0.00428	0.00428	0.00443	0.00365	0.00268	0.00540	0.00525	0.00715	0.01071	0.02087	0.01186	0.67369	0.21908	0.00395	0.00485	0.00480	0.00208	0.00238
30	0.00764	0.01505	0.13347	0.01469	0.00881	0.00673	0.01436	0.18300	0.00862	0.03900	0.01157	0.01439	0.09944	0.09658	0.25806	0.00271	0.06884	0.01053	0.00241	0.00411
31	0.00780	0.00642	0.00707	0.00667	0.00835	0.00716	0.00532	0.01500	0.57718	0.02759	0.01728	0.02070	0.09303	0.00621	0.00391	0.00128	0.00279	0.17788	0.00350	0.00485
32	0.00430	0.00314	0.00405	0.00475	0.00508	0.00289	0.00321	0.00498	0.00699	0.00922	0.04836	0.75750	0.11117	0.01069	0.00445	0.00140	0.00200	0.00963	0.00329	0.00289
33	0.00943	0.01345	0.41991	0.01069	0.05029	0.00867	0.16079	0.19009	0.00980	0.08177	0.00755	0.00846	0.00534	0.00354	0.00355	0.00111	0.00483	0.00311	0.00222	0.00537
34	0.00835	0.00833	0.03421	0.07554	0.25034	0.04037	0.07074	0.04555	0.14570	0.01134	0.01661	0.02995	0.02132	0.00488	0.01847	0.00129	0.20652	0.00357	0.00214	0.00478
35	0.00531	0.00385	0.00487	0.00475	0.00491	0.00426	0.00317	0.00570	0.00529	0.00732	0.01016	0.01943	0.01112	0.58468	0.23847	0.00386	0.07369	0.00461	0.00202	0.00254
36	0.61406	0.09916	0.00775	0.00554	0.00795	0.00920	0.00468	0.19146	0.00842	0.01641	0.00568	0.00631	0.00436	0.00345	0.00248	0.00105	0.00309	0.00218	0.00240	0.00436
37	0.01299	0.00967	0.01035	0.00803	0.01077	0.01074	0.00660	0.76997	0.08966	0.02155	0.00898	0.00887	0.00641	0.00428	0.00353	0.00107	0.00378	0.00324	0.00353	0.00596
38	0.00444	0.00322	0.00419	0.00470	0.00512	0.00297	0.00324	0.00531	0.00756	0.01018	0.20688	0.62339	0.08568	0.01003	0.00440	0.00134	0.00194	0.00902	0.00341	0.00297
39	0.00626	0.00484	0.00563	0.01488	0.00676	0.00501	0.00414	0.01015	0.26937	0.03627	0.21680	0.20023	0.13701	0.02218	0.00429	0.00128	0.00229	0.04517	0.00351	0.00394
40	0.00434	0.00310	0.00413	0.00488	0.00512	0.00289	0.00327	0.00501	0.00694	0.00930	0.06906	0.82333	0.02390	0.01081	0.00448	0.00141	0.00202	0.00980	0.00331	0.00289
41	0.00638	0.00478	0.00539	0.00495	0.00614	0.03918	0.00377	0.00889	0.11199	0.06884	0.53966	0.02408	0.14857	0.00683	0.00401	0.00112	0.00210	0.00588	0.00370	0.00376
42	0.00847	0.00714	0.00771	0.00708	0.00893	0.00816	0.00559	0.04398	0.70297	0.01438	0.01477	0.02857	0.01198	0.00548	0.00376	0.00125	0.00287	0.10812	0.00354	0.00526
43	0.00560	0.00387	0.00455	0.00424	0.00542	0.00342	0.00322	0.01916	0.00918	0.07995	0.39278	0.02843	0.41169	0.00773	0.00410	0.00114	0.00186	0.00659	0.00363	0.00342
44	0.00959	0.00931	0.00835	0.00753	0.00949	0.16917	0.00581	0.01785	0.69028	0.01359	0.01267	0.01187	0.00959	0.00457	0.00351	0.00114	0.00346	0.00366	0.00325	0.00530
45	0.00480	0.00351	0.00450	0.00443	0.00519	0.00322	0.00326	0.00622	0.00927	0.01286	0.63998	0.16525	0.10839	0.00799	0.00421	0.00117	0.00174	0.00707	0.00372	0.00322
