[name]
unknown

[dist]
# distance from previous block
# <min> <max>
0	12

[block]
# block no. 0 follows, 70 sequences, length 17
# corresponding to MSA columns:
# 91-107
name=unknown_A
#
# <colnr> <probs for GDERKNQSTAVLIFYWHMCP>
#	G	D	E	R	K	N	Q	S	T	A	V	L	I	F	Y	W	H	M	C	P
0	0.01154	0.00756	0.01188	0.00932	0.04794	0.00651	0.18512	0.01355	0.00943	0.30241	0.01067	0.01206	0.00789	0.00401	0.00376	0.00103	0.00393	0.04037	0.00314	0.30787
1	0.00863	0.13849	0.61936	0.01050	0.01549	0.05680	0.04790	0.01263	0.03401	0.01181	0.00700	0.00814	0.00518	0.00368	0.00355	0.00116	0.00553	0.00285	0.00175	0.00555
2	0.00945	0.00802	0.01324	0.08777	0.58243	0.00806	0.01001	0.01153	0.00894	0.07986	0.08420	0.01260	0.00957	0.05203	0.00480	0.00132	0.00424	0.00394	0.00238	0.00559
3	0.01068	0.80179	0.01961	0.00689	0.01010	0.07852	0.00670	0.01190	0.00811	0.00915	0.00544	0.00628	0.00498	0.00337	0.00256	0.00084	0.00436	0.00211	0.00168	0.00494
4	0.00573	0.00410	0.00548	0.00545	0.00576	0.00454	0.00381	0.00633	0.00596	0.00831	0.01121	0.05070	0.01187	0.38833	0.38718	0.04279	0.04233	0.00499	0.00222	0.00292
5	0.01267	0.00946	0.01055	0.00920	0.05730	0.01046	0.00702	0.40685	0.33342	0.08263	0.01216	0.01162	0.00883	0.00483	0.00390	0.00122	0.00375	0.00387	0.00386	0.00639
6	0.01024	0.07725	0.27513	0.01382	0.27944	0.00905	0.02394	0.06759	0.00940	0.11350	0.00812	0.00920	0.00608	0.00371	0.00363	0.00111	0.00463	0.00314	0.00232	0.07869
7	0.00763	0.10954	0.33011	0.00926	0.06193	0.00808	0.05656	0.01091	0.06631	0.02718	0.01674	0.03622	0.23252	0.00560	0.00390	0.00122	0.00419	0.00467	0.00247	0.00496
8	0.00708	0.00423	0.00540	0.00531	0.00625	0.00397	0.00385	0.00866	0.03933	0.12456	0.28209	0.32631	0.03852	0.06045	0.00539	0.00148	0.00234	0.00765	0.06328	0.00387
9	0.01135	0.52543	0.03385	0.01010	0.15952	0.07611	0.00768	0.01286	0.00868	0.11189	0.00702	0.00778	0.00575	0.00358	0.00300	0.00095	0.00437	0.00259	0.00212	0.00536
10	0.01023	0.11898	0.27464	0.03483	0.16087	0.00961	0.05036	0.07502	0.08174	0.11168	0.00960	0.01031	0.02686	0.00408	0.00370	0.00117	0.00463	0.00340	0.00250	0.00579
11	0.00810	0.00894	0.12967	0.01060	0.01339	0.00701	0.32706	0.01078	0.03359	0.07865	0.06703	0.24169	0.03299	0.00636	0.00448	0.00135	0.00449	0.00626	0.00283	0.00473
12	0.00531	0.00430	0.00572	0.00552	0.00640	0.00397	0.06456	0.00640	0.02758	0.00994	0.02458	0.31430	0.30580	0.18831	0.00785	0.00191	0.00280	0.00826	0.00322	0.00325
13	0.03373	0.00739	0.00879	0.00714	0.05959	0.00614	0.00531	0.08266	0.00905	0.04209	0.00737	0.00837	0.00593	0.00315	0.00304	0.00070	0.00312	0.00252	0.00250	0.70139
14	0.07600	0.01310	0.38673	0.01105	0.11873	0.00813	0.05337	0.06116	0.00912	0.08061	0.04176	0.04743	0.01807	0.00443	0.00373	0.00121	0.00457	0.00372	0.05168	0.00542
15	0.01030	0.00525	0.00641	0.00555	0.00747	0.00468	0.00435	0.03108	0.03652	0.34730	0.05379	0.10849	0.31791	0.00751	0.00424	0.00127	0.00261	0.00631	0.03418	0.00480
16	0.00871	0.18060	0.39892	0.05228	0.06045	0.06047	0.04993	0.01188	0.03638	0.01132	0.02725	0.02169	0.01666	0.00439	0.00406	0.03970	0.00506	0.00319	0.00189	0.00516

[dist]
# distance from previous block
# <min> <max>
4	11

[block]
# block no. 1 follows, 70 sequences, length 34
# corresponding to MSA columns:
# 120-153
name=unknown_B
#
# <colnr> <probs for GDERKNQSTAVLIFYWHMCP>
#	G	D	E	R	K	N	Q	S	T	A	V	L	I	F	Y	W	H	M	C	P
0	0.08757	0.07500	0.18431	0.00927	0.03727	0.03065	0.09098	0.06261	0.01905	0.32791	0.01052	0.01105	0.00739	0.00428	0.00371	0.00120	0.00437	0.02391	0.00316	0.00580
1	0.03635	0.00736	0.00932	0.00722	0.01018	0.03646	0.01686	0.06282	0.02517	0.72413	0.01432	0.01259	0.00913	0.00472	0.00386	0.00119	0.00352	0.00380	0.00454	0.00644
2	0.00513	0.00375	0.00446	0.00481	0.00562	0.00332	0.00341	0.00604	0.00838	0.03746	0.08937	0.43894	0.35397	0.01065	0.00474	0.00143	0.00214	0.00934	0.00369	0.00335
3	0.00905	0.39237	0.43140	0.00892	0.01331	0.03833	0.01042	0.01190	0.00812	0.01073	0.00663	0.03062	0.00551	0.00376	0.00318	0.00105	0.00498	0.00273	0.00171	0.00529
4	0.00961	0.03298	0.04270	0.05647	0.63830	0.00933	0.10822	0.01206	0.00883	0.03343	0.00748	0.00968	0.00609	0.00349	0.00389	0.00117	0.00485	0.00354	0.00197	0.00592
5	0.00485	0.00358	0.00471	0.00533	0.00578	0.00344	0.00371	0.00571	0.00752	0.01000	0.04635	0.60962	0.12048	0.01431	0.13281	0.00224	0.00344	0.00952	0.00339	0.00323
6	0.02074	0.00490	0.00590	0.00604	0.00689	0.00501	0.00436	0.09922	0.07823	0.03453	0.01806	0.50459	0.02005	0.10425	0.00634	0.00175	0.00285	0.06893	0.00353	0.00384
7	0.02262	0.00559	0.00703	0.00597	0.00786	0.01708	0.00469	0.04221	0.02260	0.34040	0.32885	0.09275	0.05066	0.00673	0.00422	0.00123	0.00267	0.00576	0.00427	0.02681
8	0.00501	0.00356	0.00493	0.00554	0.00582	0.00336	0.02235	0.00556	0.00719	0.00959	0.01952	0.72987	0.02322	0.07476	0.00663	0.05413	0.00252	0.01002	0.00336	0.00305
9	0.00778	0.02005	0.84367	0.01105	0.01678	0.00900	0.01432	0.01228	0.00818	0.01228	0.00696	0.00818	0.00491	0.00368	0.00368	0.00123	0.00573	0.00286	0.00164	0.00573
10	0.00960	0.00921	0.01574	0.02380	0.83957	0.00921	0.01190	0.01190	0.00883	0.01267	0.00729	0.00960	0.00614	0.00345	0.00384	0.00115	0.00461	0.00345	0.00192	0.00614
11	0.02985	0.00959	0.01902	0.01772	0.27771	0.00930	0.48769	0.01180	0.00882	0.01241	0.00823	0.05329	0.00691	0.00387	0.00451	0.00128	0.02614	0.00446	0.00203	0.00536
12	0.01038	0.00778	0.00882	0.06931	0.01104	0.00871	0.00627	0.03687	0.59136	0.12927	0.04499	0.01496	0.03226	0.00529	0.00397	0.00129	0.00321	0.00442	0.00390	0.00592
13	0.00754	0.06955	0.01226	0.79260	0.02548	0.00910	0.01047	0.01003	0.00776	0.00985	0.00678	0.01004	0.00515	0.00384	0.00377	0.00126	0.00509	0.00335	0.00172	0.00436
14	0.01062	0.01249	0.01800	0.07545	0.03062	0.25802	0.48667	0.01338	0.03427	0.01148	0.00745	0.00953	0.00575	0.00359	0.00417	0.00121	0.00644	0.00385	0.00201	0.00499
15	0.01623	0.00777	0.01056	0.00801	0.01110	0.00733	0.06584	0.18815	0.01245	0.60989	0.01349	0.01218	0.00869	0.00466	0.00394	0.00120	0.00374	0.00386	0.00440	0.00650
16	0.04257	0.00921	0.01023	0.00803	0.01086	0.02281	0.00656	0.51734	0.01510	0.23623	0.01157	0.07232	0.00866	0.00519	0.00391	0.00120	0.00387	0.00409	0.00402	0.00623
17	0.00994	0.80321	0.01912	0.00644	0.00961	0.01446	0.00636	0.01117	0.00795	0.00922	0.00786	0.00849	0.06573	0.00379	0.00264	0.00086	0.00399	0.00252	0.00180	0.00485
18	0.00584	0.00408	0.00575	0.00609	0.00673	0.00386	0.03860	0.00709	0.03741	0.05474	0.03190	0.70423	0.02348	0.01101	0.00485	0.00154	0.00256	0.04307	0.00361	0.00355
19	0.01368	0.00793	0.02621	0.00772	0.03526	0.00736	0.00618	0.19431	0.07211	0.38202	0.05184	0.01212	0.00956	0.00457	0.00375	0.00110	0.00344	0.00369	0.00394	0.15320
20	0.01389	0.01044	0.01116	0.00875	0.01170	0.01163	0.00716	0.69262	0.15363	0.02307	0.01038	0.01017	0.00746	0.00475	0.00389	0.00119	0.00407	0.00364	0.00389	0.00652
21	0.01146	0.00968	0.00972	0.00829	0.01071	0.06546	0.00655	0.27647	0.49831	0.01823	0.01322	0.03378	0.01007	0.00516	0.00392	0.00125	0.00369	0.00414	0.00379	0.00610
22	0.02794	0.00938	0.01197	0.01358	0.29564	0.02311	0.00844	0.29015	0.17995	0.04698	0.01053	0.03171	0.00830	0.00464	0.00390	0.00121	0.00406	0.01919	0.00318	0.00613
23	0.00870	0.03535	0.05995	0.54552	0.07265	0.02171	0.04142	0.01147	0.03754	0.08788	0.00846	0.03790	0.00654	0.00420	0.00388	0.00126	0.00487	0.00372	0.00217	0.00480
24	0.00516	0.00387	0.00473	0.00490	0.00571	0.00356	0.00353	0.00666	0.03246	0.01244	0.33578	0.31612	0.21622	0.00968	0.00465	0.00136	0.00204	0.00853	0.01914	0.00346
25	0.00562	0.00372	0.00491	0.00549	0.00604	0.00344	0.00388	0.00653	0.00810	0.05889	0.08511	0.64314	0.06940	0.01116	0.00487	0.00153	0.00236	0.06867	0.00372	0.00343
26	0.03292	0.00664	0.01895	0.00816	0.08630	0.03777	0.04835	0.06683	0.04795	0.12433	0.26356	0.07184	0.13786	0.00677	0.00427	0.00125	0.00312	0.02484	0.00363	0.00466
27	0.02857	0.00779	0.03625	0.04783	0.24862	0.00754	0.02311	0.03365	0.09787	0.26376	0.01203	0.09166	0.00965	0.00596	0.03452	0.00143	0.02961	0.00440	0.01006	0.00569
28	0.00593	0.00418	0.00454	0.00438	0.00579	0.00355	0.00334	0.00699	0.00906	0.09346	0.05886	0.07073	0.67962	0.00938	0.00455	0.00132	0.00214	0.02483	0.00374	0.00362
29	0.00660	0.00426	0.00539	0.00499	0.00615	0.00391	0.00378	0.00846	0.02776	0.09077	0.59993	0.05457	0.12350	0.00782	0.00445	0.00123	0.00202	0.00682	0.03367	0.00392
30	0.03630	0.28052	0.08967	0.04342	0.01235	0.02528	0.09181	0.07612	0.25353	0.01333	0.00972	0.03537	0.00783	0.00433	0.00349	0.00114	0.00422	0.00353	0.00262	0.00542
31	0.00545	0.00433	0.00554	0.00576	0.00649	0.00432	0.01960	0.00717	0.07187	0.01097	0.08233	0.47530	0.18696	0.01065	0.01882	0.00156	0.04270	0.03311	0.00353	0.00355
32	0.00777	0.00445	0.00525	0.00513	0.00621	0.00433	0.00378	0.05625	0.03005	0.09770	0.04075	0.33641	0.01643	0.00754	0.00384	0.00122	0.00233	0.00654	0.33918	0.02482
33	0.01735	0.00616	0.00910	0.03653	0.24970	0.00648	0.00674	0.00981	0.07692	0.03132	0.13333	0.01671	0.04003	0.09930	0.18178	0.03896	0.02815	0.00458	0.00262	0.00443

[dist]
# distance from previous block
# <min> <max>
0	5

[block]
# block no. 2 follows, 70 sequences, length 41
# corresponding to MSA columns:
# 159-199
name=unknown_C
#
# <colnr> <probs for GDERKNQSTAVLIFYWHMCP>
#	G	D	E	R	K	N	Q	S	T	A	V	L	I	F	Y	W	H	M	C	P
0	0.03605	0.24171	0.13258	0.03792	0.04477	0.09883	0.07739	0.09499	0.02511	0.09991	0.00770	0.00868	0.00593	0.00439	0.01675	0.00120	0.05535	0.00303	0.00236	0.00534
1	0.01981	0.02247	0.01909	0.02251	0.08162	0.12920	0.10760	0.07597	0.01046	0.35342	0.01780	0.01108	0.00767	0.02069	0.00499	0.00127	0.08173	0.00367	0.00327	0.00569
2	0.30301	0.02021	0.02284	0.15876	0.17396	0.14055	0.02795	0.04102	0.03866	0.01368	0.00672	0.00833	0.00531	0.00383	0.00349	0.00119	0.02057	0.00289	0.00219	0.00485
3	0.01082	0.48159	0.11916	0.00946	0.06183	0.19308	0.05274	0.01259	0.00871	0.00998	0.00596	0.00706	0.00509	0.00351	0.00305	0.00096	0.00511	0.00248	0.00176	0.00505
4	0.00659	0.00403	0.00587	0.00572	0.00606	0.00423	0.02145	0.00653	0.05454	0.00810	0.00926	0.08602	0.00932	0.04338	0.13993	0.56206	0.01805	0.00431	0.00207	0.00248
5	0.03183	0.18609	0.15226	0.01010	0.09869	0.02782	0.03575	0.15639	0.11412	0.11571	0.00918	0.00953	0.00683	0.00406	0.00353	0.00112	0.00432	0.00321	0.00279	0.02667
6	0.05246	0.01936	0.09057	0.00860	0.05840	0.00620	0.08945	0.03197	0.01464	0.02905	0.01428	0.36672	0.02943	0.01709	0.11333	0.00205	0.04268	0.00679	0.00280	0.00415
7	0.00542	0.00365	0.00490	0.00561	0.00606	0.00342	0.00397	0.00631	0.00792	0.04259	0.06516	0.69572	0.02525	0.01148	0.00493	0.00156	0.00241	0.09662	0.00368	0.00336
8	0.02516	0.08253	0.01124	0.00980	0.05995	0.58396	0.02184	0.01392	0.01006	0.02762	0.00723	0.02676	0.00627	0.03738	0.00406	0.00112	0.00593	0.00296	0.05772	0.00452
9	0.00962	0.16903	0.50517	0.00960	0.01419	0.03206	0.01116	0.06794	0.06944	0.06495	0.00798	0.00865	0.00584	0.00388	0.00351	0.00115	0.00503	0.00293	0.00217	0.00570
10	0.00919	0.00972	0.01562	0.01197	0.01467	0.10667	0.42820	0.05869	0.05452	0.01242	0.01156	0.10307	0.05771	0.00593	0.03445	0.00147	0.03286	0.00509	0.02139	0.00480
11	0.00512	0.00395	0.00470	0.00485	0.00573	0.00362	0.00351	0.00669	0.04282	0.01214	0.28660	0.29051	0.29609	0.00976	0.00467	0.00136	0.00206	0.00854	0.00383	0.00347
12	0.00801	0.00692	0.00892	0.00776	0.00943	0.02190	0.09178	0.08419	0.24414	0.01421	0.14853	0.17047	0.08470	0.00723	0.00486	0.00136	0.05160	0.02575	0.00352	0.00471
13	0.00691	0.00488	0.00589	0.00580	0.00685	0.00483	0.00425	0.10088	0.06646	0.05064	0.18686	0.42528	0.09637	0.00942	0.00460	0.00140	0.00247	0.00832	0.00384	0.00402
14	0.00491	0.00349	0.00463	0.00548	0.00575	0.00330	0.00375	0.00564	0.00745	0.00990	0.02075	0.74152	0.02467	0.06243	0.00586	0.00172	0.00245	0.07964	0.00352	0.00314
15	0.01448	0.01055	0.01134	0.00873	0.01172	0.01163	0.00717	0.78479	0.01768	0.03842	0.00951	0.00991	0.00690	0.03342	0.00441	0.00125	0.00423	0.00357	0.00384	0.00645
16	0.00951	0.00913	0.01559	0.05314	0.81085	0.00919	0.01186	0.01183	0.00879	0.01257	0.00728	0.00962	0.00611	0.00347	0.00384	0.00116	0.00463	0.00345	0.00191	0.00608
17	0.00951	0.00912	0.01558	0.05573	0.80831	0.00919	0.01185	0.01182	0.00879	0.01256	0.00728	0.00962	0.00610	0.00347	0.00384	0.00116	0.00463	0.00345	0.00191	0.00607
18	0.00843	0.00841	0.01186	0.04803	0.01092	0.01173	0.00858	0.00936	0.00602	0.00936	0.00517	0.00856	0.00509	0.00665	0.01233	0.00168	0.81848	0.00340	0.00170	0.00424
19	0.78560	0.00771	0.00630	0.00547	0.00795	0.00881	0.00451	0.07347	0.00768	0.05491	0.00614	0.00683	0.00462	0.00373	0.00258	0.00120	0.00311	0.00229	0.00262	0.00449
20	0.00895	0.01014	0.02205	0.01585	0.01961	0.00951	0.78864	0.01210	0.00907	0.01231	0.00845	0.04860	0.00677	0.00367	0.00459	0.00132	0.00634	0.00486	0.00203	0.00514
21	0.00488	0.00349	0.00456	0.00535	0.00564	0.00328	0.00363	0.00558	0.00743	0.00984	0.02130	0.71626	0.05598	0.07788	0.00610	0.00175	0.00243	0.05800	0.00350	0.00312
22	0.00925	0.00886	0.01512	0.14818	0.71785	0.00912	0.01173	0.01160	0.00867	0.01225	0.00723	0.00971	0.00600	0.00352	0.00384	0.00117	0.00469	0.00345	0.00189	0.00587
23	0.03079	0.00880	0.05352	0.01143	0.04550	0.00819	0.32628	0.09103	0.09708	0.07948	0.01220	0.16523	0.01097	0.00565	0.00436	0.00134	0.00461	0.03543	0.00293	0.00516
24	0.01570	0.00806	0.00978	0.00753	0.01049	0.00792	0.00620	0.31363	0.01362	0.48844	0.04577	0.01227	0.00948	0.00482	0.00389	0.00117	0.00358	0.00383	0.00438	0.02944
25	0.00550	0.00447	0.00494	0.00484	0.00609	0.00419	0.00366	0.00794	0.11215	0.01242	0.22692	0.07927	0.46857	0.00895	0.00455	0.00132	0.00214	0.03455	0.00380	0.00373
26	0.02215	0.00863	0.01431	0.01106	0.01383	0.00886	0.35873	0.02486	0.33626	0.01460	0.13136	0.01466	0.01268	0.00476	0.00428	0.00129	0.00440	0.00480	0.00311	0.00536
27	0.00977	0.04192	0.06088	0.09367	0.22958	0.05544	0.02842	0.08624	0.07733	0.07445	0.00969	0.01257	0.00800	0.03226	0.12957	0.00202	0.00543	0.03496	0.00254	0.00525
28	0.00593	0.00423	0.00572	0.00647	0.00720	0.00418	0.00536	0.00735	0.00837	0.01089	0.02048	0.13851	0.05608	0.10662	0.00689	0.00196	0.00337	0.59359	0.00344	0.00337
29	0.00524	0.00394	0.00485	0.00465	0.00565	0.00355	0.00348	0.00682	0.01034	0.01412	0.61435	0.05136	0.24042	0.00851	0.00458	0.00125	0.00187	0.00741	0.00408	0.00355
30	0.00922	0.14739	0.09617	0.07714	0.04338	0.01044	0.52253	0.01217	0.00877	0.02458	0.00740	0.00958	0.00566	0.00339	0.00408	0.00122	0.00587	0.00389	0.00191	0.00521
31	0.00971	0.03575	0.11948	0.06212	0.09524	0.00849	0.13978	0.06417	0.11709	0.11448	0.07398	0.05740	0.03046	0.00507	0.00451	0.00127	0.04826	0.00447	0.00290	0.00536
32	0.00970	0.00514	0.00660	0.00571	0.00745	0.00471	0.00450	0.01191	0.06256	0.29387	0.41176	0.02389	0.10242	0.00695	0.00433	0.00124	0.00246	0.02570	0.00435	0.00477
33	0.00622	0.00462	0.00585	0.00624	0.00733	0.00450	0.00522	0.05570	0.00948	0.01220	0.06739	0.08557	0.22139	0.01007	0.00501	0.00159	0.00305	0.48127	0.00363	0.00366
34	0.16261	0.10743	0.16936	0.02209	0.14372	0.00946	0.00827	0.09645	0.08508	0.02702	0.02949	0.00940	0.00690	0.00416	0.00368	0.01780	0.01463	0.00307	0.02105	0.05834
35	0.00739	0.00580	0.00680	0.01637	0.03581	0.07699	0.01456	0.00782	0.00679	0.04068	0.01144	0.03479	0.05875	0.24524	0.17379	0.16020	0.07075	0.00455	0.01826	0.00322
36	0.00544	0.00391	0.00504	0.00562	0.00611	0.00377	0.00393	0.05427	0.00842	0.01129	0.08627	0.70112	0.03520	0.01128	0.00487	0.00153	0.00238	0.04249	0.00367	0.00341
37	0.01000	0.51504	0.07894	0.00803	0.05766	0.04199	0.00720	0.03646	0.00843	0.02835	0.00706	0.00801	0.02552	0.00403	0.01634	0.00098	0.02224	0.00255	0.00196	0.11922
38	0.03969	0.16985	0.27719	0.02390	0.11037	0.02383	0.05051	0.11033	0.00957	0.08161	0.00821	0.03004	0.00655	0.03706	0.00417	0.00124	0.00473	0.00332	0.00233	0.00550
39	0.00759	0.03488	0.05665	0.00661	0.00832	0.02127	0.02531	0.02285	0.20088	0.06874	0.07925	0.26809	0.15266	0.00806	0.00436	0.00136	0.00295	0.02214	0.00356	0.00448
40	0.05080	0.10493	0.06235	0.04063	0.16281	0.03139	0.06906	0.09158	0.00933	0.01348	0.02453	0.00885	0.00631	0.00349	0.00335	0.00094	0.00409	0.00294	0.00227	0.30687

[dist]
# distance from previous block
# <min> <max>
1	81

[block]
# block no. 3 follows, 70 sequences, length 37
# corresponding to MSA columns:
# 298-334
name=unknown_D
#
# <colnr> <probs for GDERKNQSTAVLIFYWHMCP>
#	G	D	E	R	K	N	Q	S	T	A	V	L	I	F	Y	W	H	M	C	P
0	0.04595	0.21067	0.31584	0.01045	0.10787	0.03101	0.00986	0.06682	0.05465	0.03279	0.00795	0.00978	0.00639	0.00401	0.00344	0.00112	0.00465	0.03602	0.00217	0.03856
1	0.00834	0.02284	0.11227	0.07196	0.06188	0.02112	0.00724	0.02584	0.35955	0.02231	0.08409	0.05400	0.09181	0.00580	0.00403	0.00127	0.00351	0.01847	0.00325	0.02040
2	0.00872	0.00775	0.01306	0.11462	0.57167	0.00795	0.01006	0.01031	0.00802	0.01124	0.00751	0.01101	0.00658	0.00553	0.00595	0.16313	0.00442	0.02555	0.00190	0.00505
3	0.00511	0.00459	0.04924	0.00555	0.00647	0.00371	0.00438	0.00628	0.00822	0.01070	0.06695	0.44687	0.23126	0.01068	0.00483	0.00150	0.00253	0.12422	0.00353	0.00340
4	0.02421	0.07187	0.17565	0.04368	0.29684	0.02790	0.01016	0.20275	0.02443	0.07365	0.00820	0.00927	0.00617	0.00392	0.00370	0.00115	0.00464	0.00326	0.00254	0.00599
5	0.00637	0.00426	0.00533	0.00539	0.00625	0.00411	0.00390	0.02712	0.06432	0.05603	0.26206	0.38560	0.06219	0.00936	0.00480	0.02401	0.00227	0.00809	0.05477	0.00376
6	0.00472	0.00390	0.00413	0.00414	0.00534	0.00332	0.00308	0.00580	0.00906	0.01115	0.15041	0.08016	0.68206	0.00968	0.00460	0.00131	0.00196	0.00817	0.00369	0.00332
7	0.03073	0.07672	0.66934	0.01112	0.03928	0.00950	0.05629	0.01250	0.03705	0.01235	0.00717	0.00838	0.00523	0.00368	0.00363	0.00120	0.00547	0.00295	0.00176	0.00564
8	0.01036	0.00820	0.00872	0.00766	0.00988	0.02120	0.00600	0.10338	0.60212	0.07492	0.03840	0.03719	0.04341	0.00557	0.00400	0.00129	0.00317	0.00462	0.00396	0.00594
9	0.00469	0.00358	0.00431	0.00487	0.00549	0.00320	0.00337	0.00549	0.00798	0.01019	0.04077	0.55749	0.31213	0.01126	0.00481	0.00148	0.00214	0.00996	0.00361	0.00320
10	0.00732	0.00689	0.01163	0.85444	0.02670	0.00861	0.01077	0.00991	0.00775	0.00991	0.00689	0.01034	0.00517	0.00388	0.00388	0.00129	0.00517	0.00345	0.00172	0.00431
11	0.03810	0.07755	0.04591	0.00787	0.02927	0.02964	0.00635	0.05009	0.48514	0.06138	0.08071	0.02866	0.03207	0.00530	0.00383	0.00124	0.00332	0.00434	0.00357	0.00565
12	0.00536	0.00396	0.00500	0.00474	0.00571	0.00360	0.00356	0.00707	0.01067	0.01483	0.72426	0.03014	0.15030	0.00819	0.00457	0.00123	0.00185	0.00718	0.00417	0.00360
13	0.00996	0.00835	0.00885	0.00789	0.01013	0.00961	0.00616	0.04134	0.79235	0.03576	0.01560	0.01430	0.01165	0.00523	0.00394	0.00131	0.00310	0.00435	0.00396	0.00616
14	0.00819	0.15666	0.71073	0.01034	0.01568	0.01003	0.01308	0.01217	0.00814	0.01177	0.00670	0.00787	0.00492	0.00362	0.00349	0.00116	0.00547	0.00274	0.00164	0.00561
15	0.62500	0.00975	0.00785	0.00817	0.10447	0.16608	0.00571	0.01222	0.00768	0.01537	0.00573	0.00681	0.00457	0.00366	0.00277	0.00116	0.00393	0.00233	0.00227	0.00448
16	0.00960	0.00921	0.01574	0.02380	0.83957	0.00921	0.01190	0.01190	0.00883	0.01267	0.00729	0.00960	0.00614	0.00345	0.00384	0.00115	0.00461	0.00345	0.00192	0.00614
17	0.00467	0.00396	0.00405	0.00410	0.00539	0.00334	0.00312	0.00569	0.00884	0.01053	0.03828	0.03765	0.79464	0.00987	0.00462	0.00133	0.00205	0.05098	0.00360	0.00329
18	0.00562	0.00382	0.00453	0.00453	0.00463	0.00392	0.00272	0.00583	0.00573	0.00774	0.01194	0.02385	0.01343	0.73850	0.14408	0.00413	0.00475	0.00542	0.00231	0.00252
19	0.00522	0.00376	0.00495	0.00506	0.00573	0.00348	0.00364	0.00665	0.00975	0.01360	0.55617	0.31587	0.03281	0.00938	0.00470	0.00134	0.00197	0.00839	0.00404	0.00348
20	0.00778	0.02005	0.84367	0.01105	0.01678	0.00900	0.01432	0.01228	0.00818	0.01228	0.00696	0.00818	0.00491	0.00368	0.00368	0.00123	0.00573	0.00286	0.00164	0.00573
21	0.00716	0.00481	0.00602	0.00556	0.00680	0.00470	0.00421	0.01022	0.13334	0.09292	0.56481	0.09941	0.02937	0.00761	0.00445	0.00126	0.00219	0.00668	0.00421	0.00426
22	0.00795	0.01721	0.64155	0.01084	0.01596	0.00868	0.08641	0.01189	0.00819	0.01225	0.00698	0.00838	0.00511	0.00363	0.00392	0.00117	0.02953	0.00296	0.00175	0.11563
23	0.00732	0.00689	0.01163	0.85444	0.02670	0.00861	0.01077	0.00991	0.00775	0.00991	0.00689	0.01034	0.00517	0.00388	0.00388	0.00129	0.00517	0.00345	0.00172	0.00431
24	0.01691	0.00649	0.00884	0.00681	0.00973	0.00561	0.00561	0.01842	0.01109	0.80842	0.04895	0.01384	0.01070	0.00493	0.00393	0.00120	0.00324	0.00403	0.00478	0.00648
25	0.02165	0.00676	0.01077	0.69488	0.03607	0.00816	0.00967	0.04297	0.00840	0.01097	0.04777	0.01295	0.06424	0.00450	0.00393	0.00128	0.00471	0.00392	0.00207	0.00433
26	0.00551	0.00390	0.00502	0.00494	0.00580	0.00357	0.00363	0.00704	0.01011	0.03109	0.59533	0.18835	0.10351	0.00883	0.00463	0.00129	0.00195	0.00781	0.00409	0.00359
27	0.01023	0.00862	0.00910	0.00801	0.01031	0.00992	0.00628	0.11373	0.73848	0.01717	0.01503	0.01387	0.01123	0.00519	0.00394	0.00130	0.00321	0.00428	0.00394	0.00619
28	0.00721	0.00656	0.01090	0.42674	0.19200	0.00738	0.02649	0.00933	0.00808	0.01085	0.06205	0.14796	0.01090	0.00669	0.04898	0.00157	0.00468	0.00495	0.00225	0.00444
29	0.00714	0.10118	0.06752	0.03116	0.06627	0.00660	0.06807	0.00931	0.05191	0.03975	0.03288	0.13974	0.25007	0.00774	0.01224	0.00137	0.00348	0.09627	0.00301	0.00429
30	0.00472	0.00337	0.00450	0.00540	0.00562	0.00315	0.00360	0.00540	0.00742	0.00990	0.02137	0.86122	0.02564	0.01215	0.00495	0.00157	0.00225	0.01102	0.00360	0.00315
31	0.01459	0.00851	0.00989	0.00772	0.01053	0.00878	0.00633	0.41618	0.05012	0.32117	0.08351	0.01271	0.01055	0.00501	0.00393	0.00118	0.00362	0.00398	0.01538	0.00628
32	0.00951	0.15017	0.15765	0.03625	0.17085	0.04653	0.08141	0.02067	0.02238	0.05176	0.00751	0.03077	0.00632	0.00516	0.02921	0.00138	0.16180	0.00343	0.00203	0.00520
33	0.00503	0.00426	0.00483	0.00473	0.00585	0.00406	0.00365	0.00612	0.00846	0.01052	0.07559	0.03257	0.62233	0.01186	0.10615	0.00193	0.05688	0.02845	0.00333	0.00338
34	0.00792	0.00742	0.01201	0.20852	0.31230	0.00848	0.02153	0.00978	0.00762	0.01073	0.00852	0.09216	0.00801	0.00796	0.10338	0.00191	0.16071	0.00427	0.00201	0.00476
35	0.00770	0.01151	0.29871	0.13629	0.26381	0.00792	0.02234	0.01052	0.00815	0.01156	0.00958	0.15303	0.00895	0.00573	0.02613	0.00140	0.00486	0.00456	0.00208	0.00515
36	0.06246	0.08734	0.17677	0.01055	0.08505	0.04126	0.09971	0.12984	0.04695	0.18367	0.00935	0.00990	0.00673	0.00475	0.02760	0.00131	0.00478	0.00338	0.00284	0.00576

[dist]
# distance from previous block
# <min> <max>
0	37

[block]
# block no. 4 follows, 70 sequences, length 41
# corresponding to MSA columns:
# 372-412
name=unknown_E
#
# <colnr> <probs for GDERKNQSTAVLIFYWHMCP>
#	G	D	E	R	K	N	Q	S	T	A	V	L	I	F	Y	W	H	M	C	P
0	0.00862	0.01082	0.17498	0.08833	0.10353	0.00853	0.37523	0.01159	0.00869	0.04745	0.02687	0.06524	0.00799	0.02174	0.02160	0.00143	0.00557	0.00448	0.00216	0.00514
1	0.51425	0.08882	0.07970	0.00712	0.00977	0.18149	0.02390	0.01230	0.00779	0.01427	0.00570	0.00674	0.00455	0.00374	0.00306	0.00114	0.02668	0.00233	0.00216	0.00448
2	0.01051	0.43101	0.06477	0.01117	0.18272	0.06091	0.00845	0.06810	0.00883	0.02349	0.00630	0.00763	0.00541	0.00388	0.00406	0.00105	0.09183	0.00269	0.00193	0.00529
3	0.00513	0.00397	0.00473	0.00512	0.00588	0.00374	0.00361	0.00680	0.07307	0.01104	0.09469	0.48473	0.26206	0.01057	0.00473	0.00145	0.00220	0.00934	0.00368	0.00346
4	0.01083	0.25335	0.05503	0.06151	0.21110	0.08159	0.10222	0.02025	0.03023	0.10195	0.00771	0.00898	0.00607	0.00378	0.00377	0.00110	0.02973	0.00315	0.00221	0.00544
5	0.03575	0.01089	0.19746	0.01254	0.22077	0.00844	0.03747	0.10213	0.07402	0.20747	0.02940	0.01144	0.02585	0.00432	0.00385	0.00121	0.00430	0.00369	0.00300	0.00600
6	0.01739	0.00660	0.00900	0.00690	0.00990	0.00570	0.00570	0.01889	0.01110	0.84226	0.01529	0.01320	0.00960	0.00480	0.00390	0.00120	0.00330	0.00390	0.00480	0.00660
7	0.01118	0.00743	0.00930	0.05689	0.03972	0.02079	0.04413	0.10428	0.24434	0.21028	0.09149	0.01504	0.03109	0.00517	0.00392	0.00122	0.00340	0.01134	0.08344	0.00557
8	0.00961	0.54370	0.28284	0.00842	0.02543	0.03259	0.00918	0.01211	0.02591	0.01035	0.00616	0.00710	0.00512	0.00349	0.00295	0.00098	0.00470	0.00241	0.00171	0.00525
9	0.00530	0.00401	0.00458	0.00473	0.00575	0.00360	0.00343	0.00669	0.04124	0.03544	0.12183	0.28784	0.44155	0.00999	0.00465	0.00138	0.00212	0.00865	0.00372	0.00349
10	0.00486	0.00349	0.00465	0.00552	0.00584	0.00328	0.00383	0.00566	0.00761	0.01008	0.02183	0.75777	0.05013	0.01194	0.00498	0.00159	0.00237	0.08779	0.00360	0.00319
11	0.03582	0.00569	0.00710	0.00595	0.00759	0.02372	0.09516	0.08245	0.01743	0.06297	0.03625	0.01350	0.00970	0.00448	0.00316	0.00101	0.00280	0.00376	0.57717	0.00429
12	0.00907	0.30190	0.51563	0.00949	0.01419	0.05018	0.01132	0.02670	0.00839	0.01131	0.00643	0.00749	0.00497	0.00359	0.00328	0.00108	0.00523	0.00259	0.00170	0.00544
13	0.00486	0.00416	0.04349	0.00562	0.00613	0.00342	0.00408	0.00572	0.00750	0.01002	0.02119	0.79879	0.04714	0.01169	0.00488	0.00155	0.00240	0.01056	0.00351	0.00327
14	0.00967	0.01017	0.02095	0.01533	0.03918	0.00958	0.69600	0.05951	0.00967	0.03742	0.00809	0.01034	0.00603	0.00338	0.00442	0.00126	0.00609	0.00436	0.00217	0.04638
15	0.00542	0.00396	0.00509	0.00481	0.00575	0.00363	0.00361	0.00719	0.01082	0.01519	0.78088	0.02955	0.09345	0.00806	0.00457	0.00123	0.00184	0.00709	0.00422	0.00363
16	0.00778	0.02005	0.84367	0.01105	0.01678	0.00900	0.01432	0.01228	0.00818	0.01228	0.00696	0.00818	0.00491	0.00368	0.00368	0.00123	0.00573	0.00286	0.00164	0.00573
17	0.00964	0.00833	0.00877	0.00789	0.01008	0.00964	0.00614	0.02060	0.83257	0.01622	0.01578	0.01446	0.01183	0.00526	0.00394	0.00131	0.00307	0.00438	0.00394	0.00614
18	0.00559	0.00396	0.00527	0.00527	0.00563	0.00432	0.00364	0.00630	0.00595	0.00829	0.01127	0.02011	0.01181	0.43079	0.44957	0.00504	0.00720	0.00487	0.00221	0.00293
19	0.61720	0.00855	0.00755	0.00629	0.00891	0.00974	0.00519	0.26622	0.01023	0.01959	0.00662	0.00724	0.00495	0.00393	0.00286	0.00119	0.00340	0.00253	0.00286	0.00495
20	0.01330	0.00978	0.01063	0.00844	0.01114	0.01074	0.00688	0.70528	0.01667	0.02233	0.01107	0.11378	0.00932	0.00572	0.00405	0.00123	0.00400	0.02571	0.00384	0.00609
21	0.00611	0.00435	0.00603	0.00685	0.00766	0.00433	0.00585	0.00775	0.00874	0.01141	0.04035	0.08974	0.02247	0.05038	0.00598	0.00185	0.00346	0.70966	0.00353	0.00349
22	0.01022	0.35330	0.25166	0.00821	0.01204	0.05287	0.00864	0.05080	0.07248	0.06249	0.00758	0.00817	0.00591	0.00372	0.00317	0.00101	0.00450	0.00269	0.00219	0.07836
23	0.00695	0.00606	0.00973	0.43981	0.09890	0.00691	0.02081	0.00885	0.00770	0.01010	0.01093	0.09147	0.01081	0.13266	0.00653	0.00174	0.00444	0.11933	0.00226	0.00401
24	0.00856	0.02752	0.02623	0.55264	0.07738	0.00905	0.00970	0.12620	0.03777	0.01231	0.00782	0.01066	0.00605	0.01835	0.05256	0.00157	0.00519	0.00352	0.00215	0.00478
25	0.00814	0.07382	0.69187	0.01088	0.01613	0.00950	0.06019	0.01275	0.05840	0.01232	0.00744	0.00857	0.00539	0.00373	0.00367	0.00121	0.00551	0.00300	0.00180	0.00568
26	0.00960	0.00921	0.01574	0.02380	0.83957	0.00921	0.01190	0.01190	0.00883	0.01267	0.00729	0.00960	0.00614	0.00345	0.00384	0.00115	0.00461	0.00345	0.00192	0.00614
27	0.00774	0.00632	0.00680	0.00626	0.00802	0.00674	0.00484	0.01407	0.43968	0.03847	0.12516	0.02373	0.26884	0.00707	0.00424	0.00131	0.00259	0.01931	0.00390	0.00492
28	0.03420	0.11705	0.64720	0.01041	0.01556	0.00961	0.04988	0.01249	0.00828	0.05065	0.00716	0.00824	0.00516	0.00367	0.00356	0.00118	0.00539	0.00288	0.00182	0.00561
29	0.00557	0.00385	0.00463	0.00463	0.00483	0.00396	0.00289	0.00590	0.00591	0.00796	0.01308	0.02383	0.05091	0.65302	0.18944	0.00415	0.00504	0.00545	0.00235	0.00262
30	0.00460	0.00388	0.00398	0.00407	0.00527	0.00326	0.00301	0.00555	0.00870	0.01042	0.03759	0.11466	0.76173	0.01004	0.00462	0.00133	0.00199	0.00845	0.00360	0.00326
31	0.00472	0.00339	0.00448	0.00536	0.00561	0.00315	0.00358	0.00540	0.00746	0.00991	0.02188	0.83787	0.04867	0.01208	0.00494	0.00157	0.00224	0.01094	0.00360	0.00315
32	0.00924	0.11298	0.56034	0.01055	0.02780	0.00928	0.07455	0.01282	0.00855	0.10734	0.00813	0.02746	0.00601	0.00392	0.00367	0.00119	0.00524	0.00321	0.00208	0.00566
33	0.00915	0.01046	0.02288	0.01634	0.02026	0.00980	0.82549	0.01242	0.00915	0.01242	0.00784	0.01046	0.00588	0.00327	0.00458	0.00131	0.00654	0.00458	0.00196	0.00523
34	0.00635	0.00431	0.00564	0.00575	0.00684	0.00404	0.00470	0.00802	0.00986	0.06102	0.35245	0.03509	0.14402	0.00912	0.00484	0.00145	0.00262	0.32620	0.00393	0.00374
35	0.04296	0.01860	0.18816	0.34791	0.05526	0.02056	0.02515	0.01227	0.00848	0.17876	0.00886	0.01105	0.00654	0.05366	0.00469	0.00138	0.00476	0.00348	0.00240	0.00506
36	0.00473	0.00340	0.00448	0.00533	0.00559	0.00316	0.00356	0.00541	0.00744	0.00987	0.02176	0.82219	0.05026	0.02621	0.00518	0.00160	0.00227	0.01085	0.00358	0.00314
37	0.00888	0.00761	0.04855	0.00625	0.00782	0.09870	0.00500	0.12052	0.11245	0.01430	0.01296	0.15033	0.01166	0.04571	0.00431	0.00126	0.00323	0.00483	0.33122	0.00440
38	0.00616	0.00456	0.00537	0.00560	0.03480	0.00422	0.00399	0.04794	0.00900	0.05914	0.02939	0.22342	0.47674	0.01013	0.02939	0.00151	0.01390	0.02746	0.00355	0.00373
39	0.00872	0.01040	0.25178	0.01049	0.06440	0.00688	0.16092	0.01124	0.00865	0.13966	0.01285	0.25357	0.01220	0.00634	0.00429	0.00134	0.00439	0.02404	0.00281	0.00501
40	0.00873	0.01966	0.01212	0.16271	0.34354	0.05166	0.04178	0.06497	0.03009	0.01276	0.08615	0.05337	0.08576	0.00506	0.00403	0.00122	0.00424	0.00456	0.00251	0.00509

[dist]
# distance from previous block
# <min> <max>
0	22

[block]
# block no. 5 follows, 70 sequences, length 20
# corresponding to MSA columns:
# 435-454
name=unknown_F
#
# <colnr> <probs for GDERKNQSTAVLIFYWHMCP>
#	G	D	E	R	K	N	Q	S	T	A	V	L	I	F	Y	W	H	M	C	P
0	0.39045	0.03515	0.09318	0.00868	0.08219	0.04861	0.03682	0.10487	0.00920	0.11608	0.00753	0.00819	0.00554	0.00383	0.00315	0.00116	0.00394	0.00278	0.00268	0.03597
1	0.01017	0.71351	0.09212	0.00715	0.01052	0.04675	0.00725	0.02550	0.00819	0.00970	0.00618	0.03630	0.00572	0.00371	0.00274	0.00090	0.00433	0.00250	0.00178	0.00499
2	0.00619	0.00364	0.00530	0.00533	0.00554	0.00383	0.00371	0.00567	0.00555	0.00761	0.00893	0.04802	0.00909	0.10184	0.26088	0.50503	0.00543	0.00413	0.00194	0.00233
3	0.03496	0.08728	0.03000	0.00712	0.00931	0.06213	0.00589	0.11561	0.22420	0.09722	0.14635	0.01672	0.05772	0.00698	0.05074	0.00149	0.00382	0.03378	0.00350	0.00517
4	0.00893	0.00929	0.01833	0.08382	0.26099	0.00909	0.44350	0.02239	0.00901	0.01234	0.00869	0.03448	0.00734	0.00404	0.00435	0.00129	0.00555	0.04918	0.00209	0.00530
5	0.02416	0.00569	0.00761	0.00653	0.00865	0.00518	0.00534	0.01437	0.03615	0.48354	0.14990	0.06806	0.01703	0.00672	0.00430	0.00133	0.00304	0.14266	0.00438	0.00537
6	0.18744	0.00819	0.01037	0.15629	0.13354	0.03388	0.03306	0.09007	0.09596	0.13898	0.00996	0.03204	0.02171	0.00449	0.00387	0.00124	0.02709	0.00363	0.00288	0.00529
7	0.00517	0.00418	0.00462	0.00447	0.00569	0.00376	0.00336	0.00699	0.05525	0.01251	0.30836	0.03321	0.52071	0.00892	0.00454	0.00128	0.00198	0.00757	0.00385	0.00356
8	0.15703	0.00454	0.00517	0.00535	0.00631	0.00463	0.00393	0.00784	0.03827	0.03221	0.14633	0.39132	0.06827	0.02101	0.05131	0.00170	0.00285	0.02944	0.01885	0.00363
9	0.15864	0.00973	0.01018	0.00803	0.01093	0.01075	0.00660	0.55353	0.09048	0.08837	0.00974	0.00960	0.00692	0.00455	0.00364	0.00119	0.00387	0.00338	0.00372	0.00616
10	0.00814	0.00788	0.01261	0.62119	0.22441	0.03925	0.01092	0.01059	0.00813	0.01056	0.00696	0.01003	0.00540	0.00378	0.00385	0.00125	0.00510	0.00341	0.00178	0.00476
11	0.00947	0.00908	0.01551	0.06999	0.79437	0.00918	0.01183	0.01179	0.00877	0.01251	0.00727	0.00964	0.00609	0.00348	0.00384	0.00116	0.00464	0.00345	0.00191	0.00604
12	0.00476	0.00393	0.00417	0.00411	0.00535	0.00335	0.00309	0.00591	0.00926	0.01147	0.19659	0.03566	0.68006	0.00945	0.00458	0.00129	0.00194	0.00795	0.00373	0.00335
13	0.02644	0.01280	0.00954	0.00856	0.01044	0.42145	0.00650	0.21268	0.02638	0.01350	0.01048	0.20249	0.01020	0.00603	0.00391	0.00118	0.00511	0.00471	0.00287	0.00473
14	0.00779	0.00873	0.13865	0.05154	0.11293	0.00739	0.00752	0.01303	0.28349	0.01381	0.15956	0.10614	0.03723	0.00599	0.00409	0.00127	0.00344	0.00520	0.00319	0.02901
15	0.03783	0.03907	0.04927	0.12619	0.57514	0.00919	0.02964	0.03088	0.00887	0.01272	0.03951	0.01017	0.00705	0.00372	0.00379	0.00117	0.00458	0.00350	0.00203	0.00568
16	0.00691	0.00485	0.00599	0.00575	0.00647	0.00528	0.00408	0.03844	0.14116	0.02462	0.01188	0.05155	0.01165	0.30153	0.24362	0.11996	0.00537	0.00483	0.00260	0.00345
17	0.00515	0.00359	0.00433	0.00474	0.00493	0.00345	0.00296	0.00552	0.00667	0.00881	0.01826	0.40686	0.07636	0.41683	0.01195	0.00259	0.00295	0.00827	0.00300	0.00278
18	0.01160	0.08008	0.09992	0.02578	0.25086	0.06110	0.10236	0.06056	0.07041	0.18495	0.00948	0.01021	0.00697	0.00396	0.00380	0.00117	0.00466	0.00351	0.00273	0.00589
19	0.04281	0.11881	0.24869	0.18980	0.08878	0.13966	0.01911	0.03204	0.04170	0.03331	0.00721	0.00870	0.00552	0.00381	0.00354	0.00115	0.00521	0.00298	0.00200	0.00518

[dist]
# distance from previous block
# <min> <max>
0	40

[block]
# block no. 6 follows, 70 sequences, length 42
# corresponding to MSA columns:
# 495-536
name=unknown_G
#
# <colnr> <probs for GDERKNQSTAVLIFYWHMCP>
#	G	D	E	R	K	N	Q	S	T	A	V	L	I	F	Y	W	H	M	C	P
0	0.01017	0.00803	0.02276	0.00726	0.00892	0.13652	0.00580	0.03342	0.09082	0.17722	0.18122	0.01591	0.03111	0.01036	0.16988	0.00221	0.07595	0.00444	0.00328	0.00473
1	0.00938	0.11804	0.29525	0.01056	0.04223	0.00994	0.12369	0.04378	0.16851	0.04771	0.00924	0.01052	0.00708	0.00422	0.00416	0.00122	0.04337	0.02001	0.00242	0.02869
2	0.01004	0.49683	0.12760	0.00787	0.01114	0.01220	0.04944	0.05649	0.03259	0.05704	0.00816	0.08100	0.00734	0.00441	0.00339	0.00104	0.02276	0.00335	0.00220	0.00513
3	0.00500	0.00366	0.00488	0.00549	0.00579	0.00365	0.00377	0.00573	0.00713	0.00959	0.01932	0.63078	0.04880	0.08214	0.12103	0.00238	0.02509	0.00937	0.00324	0.00316
4	0.00960	0.00921	0.01574	0.02380	0.83957	0.00921	0.01190	0.01190	0.00883	0.01267	0.00729	0.00960	0.00614	0.00345	0.00384	0.00115	0.00461	0.00345	0.00192	0.00614
5	0.00683	0.00429	0.00547	0.00575	0.00658	0.00408	0.00411	0.03187	0.04845	0.11260	0.02116	0.61669	0.07613	0.01050	0.00473	0.00149	0.00249	0.02914	0.00377	0.00384
6	0.00820	0.02225	0.08213	0.34892	0.16577	0.00881	0.10468	0.01207	0.12770	0.01183	0.01004	0.02039	0.04309	0.00432	0.00398	0.00127	0.00477	0.01249	0.00222	0.00507
7	0.00555	0.00409	0.00591	0.00591	0.00649	0.00467	0.00444	0.00671	0.00613	0.00876	0.01068	0.01687	0.01041	0.16446	0.71398	0.00583	0.00931	0.00439	0.00212	0.00328
8	0.00548	0.00413	0.00600	0.00612	0.00666	0.00470	0.00462	0.00665	0.00644	0.00913	0.01248	0.18486	0.01291	0.05878	0.61716	0.00504	0.03753	0.00556	0.00238	0.00338
9	0.00946	0.13430	0.39594	0.03587	0.20416	0.04254	0.03732	0.04594	0.00893	0.04018	0.00718	0.00853	0.00547	0.00366	0.00359	0.00115	0.00517	0.00300	0.00193	0.00568
10	0.00632	0.03543	0.01017	0.00849	0.00988	0.00574	0.20990	0.00787	0.00770	0.01041	0.01497	0.39060	0.01632	0.01296	0.17796	0.00245	0.01325	0.05296	0.00279	0.00383
11	0.00629	0.00551	0.00963	0.00876	0.02182	0.00523	0.20615	0.00795	0.00836	0.01112	0.03265	0.38810	0.04073	0.00933	0.00493	0.00155	0.00367	0.22122	0.00318	0.00383
12	0.00510	0.00443	0.00443	0.00439	0.00562	0.03274	0.00330	0.00623	0.00921	0.01126	0.16591	0.06356	0.63829	0.00941	0.00457	0.00130	0.00215	0.02108	0.00365	0.00338
13	0.00835	0.06954	0.15575	0.06750	0.20504	0.01811	0.15535	0.01122	0.04549	0.02525	0.01846	0.06145	0.10306	0.00501	0.00421	0.00125	0.02208	0.01546	0.00231	0.00511
14	0.00533	0.00441	0.00550	0.00553	0.00623	0.00461	0.00414	0.00621	0.00771	0.01003	0.04283	0.27996	0.35742	0.01214	0.09466	0.01636	0.12254	0.00785	0.00316	0.00337
15	0.24269	0.00840	0.00864	0.00699	0.00969	0.07467	0.00570	0.14957	0.01093	0.39831	0.01083	0.01034	0.00734	0.00524	0.03273	0.00135	0.00392	0.00326	0.00371	0.00570
16	0.00647	0.00564	0.00781	0.00979	0.18930	0.03735	0.02399	0.00799	0.03034	0.01118	0.08327	0.43775	0.08565	0.00961	0.03390	0.00156	0.00329	0.00792	0.00314	0.00404
17	0.00822	0.00809	0.01116	0.05206	0.03113	0.06149	0.07729	0.00925	0.00664	0.00935	0.00698	0.01176	0.00688	0.13869	0.06335	0.02427	0.46370	0.00383	0.00187	0.00399
18	0.04098	0.26776	0.23437	0.01136	0.15834	0.03221	0.02550	0.04089	0.00864	0.05096	0.02755	0.00861	0.00623	0.00395	0.00402	0.00112	0.06715	0.00294	0.00203	0.00539
19	0.03325	0.32641	0.04477	0.10832	0.07613	0.12891	0.00766	0.08635	0.00912	0.01818	0.00693	0.00878	0.00590	0.02792	0.05822	0.00144	0.02475	0.00286	0.01922	0.00488
20	0.01099	0.29234	0.09128	0.02573	0.28652	0.06204	0.03524	0.02716	0.00903	0.11390	0.00759	0.00868	0.00599	0.00365	0.00339	0.00106	0.00460	0.00298	0.00220	0.00563
21	0.00563	0.00427	0.00630	0.00625	0.00689	0.00501	0.00483	0.00693	0.00619	0.00893	0.01031	0.01553	0.00977	0.07061	0.78065	0.00597	0.03620	0.00421	0.00208	0.00343
22	0.00469	0.00350	0.00437	0.00507	0.00554	0.00318	0.00346	0.00543	0.00773	0.01002	0.02530	0.68017	0.20415	0.01163	0.00487	0.00152	0.00219	0.01040	0.00360	0.00318
23	0.01021	0.39921	0.23612	0.00875	0.01245	0.06738	0.03936	0.07415	0.06165	0.02072	0.00699	0.00785	0.00561	0.00380	0.00348	0.00105	0.03112	0.00272	0.00203	0.00534
24	0.00699	0.00456	0.00558	0.00511	0.00645	0.00421	0.00390	0.00918	0.06640	0.11543	0.47274	0.04292	0.22576	0.00790	0.00446	0.00125	0.00213	0.00681	0.00414	0.00408
25	0.01058	0.00487	0.00605	0.00519	0.00684	0.00455	0.00410	0.01226	0.00973	0.31388	0.17866	0.01678	0.01505	0.00535	0.00373	0.00109	0.02062	0.00439	0.37157	0.00471
26	0.00957	0.00965	0.01697	0.04294	0.62989	0.03091	0.17839	0.01205	0.00892	0.01246	0.00736	0.00972	0.00603	0.00344	0.00398	0.00118	0.00508	0.00366	0.00192	0.00587
27	0.00917	0.01773	0.00928	0.00824	0.00916	0.18651	0.00651	0.03806	0.00774	0.04267	0.00805	0.01161	0.00738	0.06025	0.29942	0.00318	0.26520	0.00360	0.00212	0.00410
28	0.00622	0.00460	0.00623	0.00611	0.00688	0.00515	0.00460	0.06390	0.03128	0.01020	0.01196	0.11313	0.01193	0.13139	0.56244	0.00489	0.00797	0.00509	0.00247	0.00358
29	0.00700	0.00678	0.02372	0.32144	0.05307	0.00721	0.17091	0.00907	0.00782	0.01044	0.01128	0.21005	0.02443	0.00815	0.07863	0.01188	0.02606	0.00557	0.00228	0.00420
30	0.00917	0.03144	0.21137	0.01172	0.09794	0.00818	0.19841	0.07264	0.02956	0.08688	0.01116	0.18036	0.01013	0.00551	0.00430	0.00130	0.01693	0.00512	0.00264	0.00525
31	0.00502	0.00382	0.00462	0.00469	0.00557	0.00342	0.00341	0.00630	0.00946	0.01259	0.38952	0.22409	0.29440	0.00952	0.00466	0.00133	0.00197	0.00832	0.00390	0.00342
32	0.00572	0.00388	0.00534	0.00552	0.00615	0.00397	0.00408	0.00638	0.00695	0.02995	0.01749	0.20791	0.15040	0.01827	0.33169	0.15059	0.00560	0.03425	0.00272	0.00315
33	0.00942	0.42168	0.29583	0.00898	0.01291	0.06950	0.06745	0.01186	0.00826	0.01048	0.00689	0.04772	0.00600	0.00390	0.00322	0.00104	0.00495	0.00297	0.00179	0.00513
34	0.00860	0.00732	0.00772	0.00703	0.00902	0.00815	0.00548	0.04591	0.59428	0.01509	0.02086	0.02029	0.19322	0.00642	0.00413	0.00132	0.00289	0.03295	0.00385	0.00544
35	0.00865	0.06499	0.29805	0.00876	0.03754	0.01860	0.04616	0.01137	0.00832	0.04551	0.00720	0.00833	0.00557	0.00331	0.00328	0.00090	0.00423	0.00269	0.00210	0.41445
36	0.01220	0.02539	0.06540	0.02524	0.01086	0.00890	0.00680	0.41908	0.03519	0.14577	0.04507	0.15904	0.01153	0.00602	0.00406	0.00125	0.00375	0.00496	0.00375	0.00573
37	0.00505	0.00395	0.00457	0.00442	0.00552	0.00347	0.00331	0.00647	0.00994	0.01308	0.45013	0.03301	0.42551	0.00884	0.00458	0.00126	0.00189	0.00758	0.00394	0.00347
38	0.00883	0.01126	0.19258	0.02962	0.43138	0.00882	0.13975	0.03186	0.00897	0.01272	0.02987	0.03705	0.03136	0.00408	0.00400	0.00121	0.00493	0.00397	0.00207	0.00566
39	0.01012	0.06757	0.45633	0.01112	0.09590	0.04517	0.02553	0.06491	0.01608	0.12782	0.02490	0.00986	0.01936	0.00405	0.00371	0.00118	0.00500	0.00325	0.00237	0.00576
40	0.01160	0.59584	0.02983	0.00761	0.01067	0.18206	0.00700	0.09579	0.00956	0.01081	0.00593	0.00672	0.00514	0.00360	0.00285	0.00090	0.00475	0.00231	0.00195	0.00506
41	0.00938	0.08557	0.28057	0.00970	0.08354	0.00820	0.03694	0.06114	0.00913	0.07801	0.03578	0.00934	0.00684	0.00367	0.00344	0.00099	0.00426	0.00300	0.00234	0.26816

[dist]
# distance from previous block
# <min> <max>
0	2

[block]
# block no. 7 follows, 70 sequences, length 37
# corresponding to MSA columns:
# 541,562-581,589-599,601-605
name=unknown_H
#
# <colnr> <probs for GDERKNQSTAVLIFYWHMCP>
#	G	D	E	R	K	N	Q	S	T	A	V	L	I	F	Y	W	H	M	C	P
