[name]
unknown

[dist]
# distance from previous block
# <min> <max>
8	122

[block]
# block no. 0 follows, 56 sequences, length 10
# corresponding to MSA columns:
# 156-165
name=unknown_A
#
# <colnr> <probs for GDERKNQSTAVLIFYWHMCP>
#	G	D	E	R	K	N	Q	S	T	A	V	L	I	F	Y	W	H	M	C	P
0	0.15199	0.04138	0.05357	0.06645	0.07013	0.14873	0.00852	0.09403	0.07394	0.10210	0.03566	0.05208	0.01038	0.00588	0.00470	0.00145	0.03545	0.03419	0.00337	0.00600
1	0.08003	0.04844	0.07359	0.11549	0.16450	0.05243	0.05573	0.06289	0.05952	0.12985	0.01220	0.05153	0.03179	0.00532	0.00443	0.00140	0.00509	0.00453	0.00320	0.03803
2	0.13227	0.06096	0.03332	0.05985	0.23048	0.09748	0.07173	0.05670	0.01071	0.06722	0.00962	0.04969	0.00809	0.00601	0.03363	0.00159	0.02557	0.00417	0.00279	0.03813
3	0.11934	0.03153	0.04291	0.12787	0.19291	0.05409	0.02782	0.09018	0.04443	0.06257	0.01266	0.10956	0.02910	0.00618	0.00453	0.00148	0.00491	0.02875	0.00316	0.00599
4	0.10695	0.03172	0.03113	0.09692	0.18518	0.02997	0.09831	0.08760	0.08084	0.08236	0.02669	0.03080	0.00896	0.00489	0.00438	0.00137	0.00502	0.00430	0.00315	0.07945
5	0.22114	0.04277	0.04278	0.10595	0.19218	0.05642	0.04578	0.03315	0.04770	0.10808	0.00997	0.01211	0.00776	0.00478	0.00413	0.00140	0.00500	0.02739	0.00300	0.02851
6	0.18107	0.11452	0.06205	0.01247	0.13884	0.05605	0.07646	0.06198	0.05528	0.15891	0.03327	0.01165	0.00864	0.00478	0.00410	0.00136	0.00495	0.00386	0.00329	0.00646
7	0.16099	0.03781	0.06941	0.15091	0.06242	0.12313	0.08078	0.10369	0.02952	0.08485	0.02794	0.01123	0.00770	0.00486	0.00452	0.00142	0.02595	0.00385	0.00299	0.00604
8	0.28603	0.02892	0.04842	0.06020	0.11269	0.01070	0.15238	0.04809	0.09247	0.10280	0.01010	0.01124	0.00748	0.00459	0.00414	0.00145	0.00498	0.00393	0.00314	0.00624
9	0.38001	0.01085	0.06733	0.11325	0.10600	0.03637	0.08887	0.03381	0.02556	0.06699	0.00845	0.01002	0.00636	0.00440	0.00387	0.00142	0.00495	0.00348	0.00280	0.02520

[dist]
# distance from previous block
# <min> <max>
2	6

[block]
# block no. 1 follows, 56 sequences, length 7
# corresponding to MSA columns:
# 172-178
name=unknown_B
#
# <colnr> <probs for GDERKNQSTAVLIFYWHMCP>
#	G	D	E	R	K	N	Q	S	T	A	V	L	I	F	Y	W	H	M	C	P
0	0.00750	0.00495	0.00625	0.00596	0.00719	0.00468	0.00444	0.00899	0.01048	0.08643	0.27800	0.06777	0.22496	0.09927	0.15952	0.00290	0.00451	0.00773	0.00416	0.00430
1	0.01245	0.01357	0.10135	0.01750	0.16849	0.06119	0.31136	0.13202	0.05540	0.04080	0.00986	0.01175	0.00746	0.00457	0.00517	0.00147	0.03151	0.00454	0.00283	0.00672
2	0.01251	0.00871	0.01322	0.47992	0.05213	0.00999	0.01083	0.08552	0.01118	0.20546	0.01070	0.01278	0.00757	0.00512	0.00521	0.00151	0.05421	0.00421	0.00315	0.00607
3	0.05384	0.21147	0.01516	0.00957	0.01293	0.08771	0.00806	0.34441	0.17619	0.02062	0.01090	0.01098	0.00831	0.00515	0.00409	0.00130	0.00495	0.00376	0.00370	0.00688
4	0.01062	0.00551	0.00747	0.00679	0.00766	0.00554	0.00489	0.10215	0.00871	0.10729	0.00956	0.01381	0.00836	0.01347	0.01475	0.65911	0.00410	0.00408	0.00275	0.00339
5	0.01032	0.41059	0.24388	0.00945	0.01343	0.01385	0.01017	0.01279	0.00929	0.01208	0.01166	0.01274	0.10171	0.00546	0.00510	0.00131	0.10436	0.00377	0.00224	0.00580
6	0.01214	0.00852	0.02832	0.00803	0.01021	0.07682	0.00637	0.06766	0.11697	0.21499	0.08582	0.20942	0.08470	0.00874	0.00507	0.00156	0.00385	0.04049	0.00454	0.00579

[dist]
# distance from previous block
# <min> <max>
6	8

[block]
# block no. 2 follows, 56 sequences, length 10
# corresponding to MSA columns:
# 189-198
name=unknown_C
#
# <colnr> <probs for GDERKNQSTAVLIFYWHMCP>
#	G	D	E	R	K	N	Q	S	T	A	V	L	I	F	Y	W	H	M	C	P
0	0.08717	0.00575	0.00775	0.00756	0.00887	0.00561	0.07203	0.03794	0.00983	0.01379	0.02504	0.43897	0.15340	0.01156	0.00548	0.00175	0.00339	0.09583	0.00397	0.00429
1	0.06243	0.02499	0.12390	0.01134	0.05224	0.07114	0.10719	0.11666	0.08010	0.13391	0.06231	0.06851	0.05269	0.00613	0.00469	0.00146	0.00505	0.00526	0.00367	0.00633
2	0.19306	0.02995	0.03634	0.04746	0.01173	0.00949	0.00693	0.16690	0.08061	0.09195	0.05382	0.14824	0.01331	0.00680	0.00464	0.00146	0.02613	0.00544	0.00383	0.06191
3	0.08693	0.07982	0.01083	0.00813	0.01086	0.00955	0.00662	0.16383	0.13719	0.21320	0.06360	0.10815	0.04622	0.00708	0.00459	0.00147	0.00384	0.02723	0.00446	0.00640
4	0.00691	0.00594	0.05862	0.00629	0.00777	0.00469	0.00513	0.00896	0.01188	0.04452	0.52471	0.14805	0.12928	0.00991	0.00538	0.00152	0.00262	0.00870	0.00467	0.00447
5	0.07777	0.04802	0.37136	0.02543	0.02958	0.04791	0.03368	0.07714	0.01141	0.18259	0.01190	0.01231	0.04080	0.00501	0.00434	0.00141	0.00561	0.00393	0.00313	0.00668
6	0.26708	0.14698	0.06605	0.00905	0.01238	0.05051	0.06683	0.13342	0.04240	0.07672	0.01007	0.05269	0.00833	0.03358	0.00454	0.00147	0.00477	0.00398	0.00320	0.00595
7	0.00745	0.00654	0.03332	0.04044	0.00905	0.05791	0.00562	0.02613	0.00979	0.03062	0.02489	0.40862	0.15828	0.04264	0.02829	0.01684	0.00382	0.08169	0.00387	0.00419
8	0.00838	0.00857	0.11043	0.07850	0.01289	0.00664	0.08005	0.01101	0.03483	0.06811	0.09754	0.18299	0.17411	0.00866	0.00513	0.00155	0.00406	0.04175	0.00368	0.06111
9	0.01173	0.03580	0.43097	0.03355	0.01798	0.01004	0.12119	0.01559	0.01037	0.17819	0.01094	0.04426	0.00811	0.00514	0.00511	0.00149	0.04570	0.00434	0.00286	0.00664

[dist]
# distance from previous block
# <min> <max>
10	16

[block]
# block no. 3 follows, 56 sequences, length 71
# corresponding to MSA columns:
# 216-286
name=unknown_D
#
# <colnr> <probs for GDERKNQSTAVLIFYWHMCP>
#	G	D	E	R	K	N	Q	S	T	A	V	L	I	F	Y	W	H	M	C	P
0	0.01213	0.00922	0.01034	0.00961	0.04651	0.01015	0.00718	0.05361	0.55499	0.11287	0.04641	0.01907	0.07429	0.00656	0.00474	0.00152	0.00366	0.00548	0.00466	0.00700
1	0.01102	0.00847	0.00985	0.00728	0.01107	0.00705	0.00585	0.09907	0.02832	0.07420	0.04677	0.01205	0.02360	0.00428	0.00378	0.00088	0.00355	0.00345	0.00332	0.63614
2	0.00591	0.00446	0.00550	0.00580	0.00661	0.00422	0.00411	0.00705	0.00945	0.01241	0.13577	0.29505	0.25780	0.09620	0.12544	0.00277	0.00407	0.00961	0.00397	0.00382
3	0.01055	0.01183	0.02536	0.12452	0.02499	0.01143	0.69178	0.01432	0.01062	0.01432	0.00914	0.01237	0.00686	0.00396	0.00531	0.00155	0.00753	0.00524	0.00229	0.00605
4	0.00867	0.00816	0.01377	0.82762	0.03162	0.01020	0.01275	0.01173	0.00918	0.01173	0.00816	0.01224	0.00612	0.00459	0.00459	0.00153	0.00612	0.00408	0.00204	0.00510
5	0.75265	0.00903	0.00739	0.00648	0.00938	0.01034	0.00532	0.04311	0.05188	0.05837	0.00779	0.00850	0.00587	0.00448	0.00309	0.00143	0.00363	0.00279	0.00314	0.00534
6	0.00543	0.00465	0.00465	0.00465	0.00620	0.00388	0.00349	0.00659	0.01046	0.01240	0.04651	0.04418	0.80815	0.01163	0.00543	0.00155	0.00233	0.00969	0.00426	0.00388
7	0.00543	0.00465	0.00465	0.00465	0.00620	0.00388	0.00349	0.00659	0.01046	0.01240	0.04651	0.04418	0.80815	0.01163	0.00543	0.00155	0.00233	0.00969	0.00426	0.00388
8	0.00867	0.00816	0.01377	0.82762	0.03162	0.01020	0.01275	0.01173	0.00918	0.01173	0.00816	0.01224	0.00612	0.00459	0.00459	0.00153	0.00612	0.00408	0.00204	0.00510
9	0.01086	0.01074	0.01394	0.01183	0.01268	0.05751	0.04537	0.04939	0.10054	0.01299	0.00815	0.01119	0.00726	0.00822	0.03933	0.00204	0.58584	0.00420	0.00249	0.00545
10	0.00649	0.00501	0.00606	0.00667	0.00736	0.02867	0.00482	0.00804	0.03167	0.01333	0.16476	0.49951	0.06644	0.02712	0.00604	0.00182	0.00298	0.10485	0.00433	0.00403
11	0.00613	0.00464	0.00548	0.00545	0.00657	0.00426	0.00403	0.00762	0.01065	0.01415	0.28971	0.08250	0.34069	0.07563	0.06870	0.00220	0.00326	0.03027	0.03410	0.00398
12	0.00560	0.00406	0.00527	0.00622	0.00659	0.00375	0.00417	0.00641	0.00889	0.01173	0.02686	0.75619	0.09426	0.02868	0.00613	0.00188	0.00267	0.01266	0.00424	0.00372
13	0.00638	0.00489	0.00587	0.00568	0.00691	0.00452	0.00423	0.00870	0.05186	0.01625	0.49408	0.09450	0.25870	0.01023	0.00541	0.00151	0.00232	0.00889	0.00475	0.00431
14	0.00557	0.00423	0.00515	0.00587	0.00656	0.00380	0.00407	0.00651	0.00936	0.01197	0.03205	0.56944	0.27839	0.01347	0.00573	0.00177	0.00258	0.02543	0.00426	0.00378
15	0.01227	0.84142	0.02406	0.00786	0.01178	0.01817	0.00786	0.01375	0.00933	0.01080	0.00638	0.00736	0.00589	0.00393	0.00295	0.00098	0.00491	0.00245	0.00196	0.00589
16	0.00656	0.00448	0.00601	0.00661	0.00725	0.00429	0.02440	0.00787	0.00927	0.01308	0.03729	0.51697	0.02580	0.03541	0.00594	0.00182	0.00298	0.12589	0.15414	0.00395
17	0.01745	0.01286	0.01378	0.01056	0.01424	0.01424	0.00873	0.79471	0.02159	0.02893	0.01102	0.01102	0.00781	0.00551	0.00459	0.00138	0.00505	0.00413	0.00459	0.00781
18	0.01162	0.02745	0.24684	0.00937	0.01281	0.03732	0.01900	0.13432	0.02678	0.13348	0.01455	0.08424	0.04638	0.16577	0.00823	0.00203	0.00508	0.00542	0.00343	0.00588
19	0.01905	0.00863	0.01098	0.00848	0.01191	0.00810	0.00698	0.17758	0.01480	0.60406	0.05597	0.01602	0.02364	0.00592	0.00466	0.00141	0.00403	0.00477	0.00541	0.00758
20	0.00740	0.00528	0.00740	0.00845	0.00951	0.00528	0.00740	0.00951	0.01057	0.01374	0.02431	0.05179	0.02642	0.01268	0.00634	0.00211	0.00423	0.77912	0.00423	0.00423
21	0.01177	0.02244	0.03753	0.00862	0.03269	0.02176	0.00675	0.07759	0.08389	0.21832	0.05892	0.27672	0.02002	0.00926	0.00519	0.00163	0.00378	0.09283	0.00451	0.00578
22	0.01032	0.20901	0.55147	0.01204	0.04386	0.01221	0.01405	0.03146	0.01006	0.03022	0.03011	0.01004	0.00707	0.00444	0.00408	0.00134	0.00609	0.00338	0.00218	0.00657
23	0.01036	0.00972	0.01624	0.29701	0.48755	0.01043	0.01303	0.03492	0.01026	0.01414	0.00931	0.04945	0.00796	0.00477	0.00462	0.00144	0.00554	0.00450	0.00235	0.00639
24	0.01218	0.81622	0.04842	0.00802	0.01203	0.01793	0.00814	0.01377	0.00934	0.01092	0.00644	0.00744	0.00589	0.00394	0.00299	0.00100	0.00497	0.00248	0.00196	0.00592
25	0.00623	0.00444	0.00592	0.00674	0.00722	0.00435	0.00490	0.00732	0.00888	0.01182	0.03163	0.46740	0.03617	0.12219	0.07233	0.00268	0.00400	0.18808	0.00393	0.00376
26	0.00844	0.00779	0.01275	0.59165	0.09174	0.00932	0.01134	0.01104	0.00923	0.01203	0.01175	0.11494	0.03637	0.00623	0.00517	0.00158	0.03458	0.01659	0.00244	0.00506
27	0.01009	0.00836	0.00984	0.00714	0.01105	0.00667	0.00574	0.03597	0.00990	0.03724	0.00845	0.00975	0.00693	0.00369	0.00388	0.00077	0.03266	0.00286	0.00283	0.78617
28	0.01470	0.01513	0.01229	0.01119	0.04139	0.32943	0.00839	0.15397	0.33013	0.01760	0.01246	0.01240	0.00953	0.00544	0.00444	0.00137	0.00577	0.00409	0.00367	0.00660
29	0.00862	0.00775	0.01292	0.74501	0.02902	0.00959	0.01184	0.01135	0.00901	0.01174	0.00844	0.01255	0.00647	0.00528	0.00531	0.05199	0.00583	0.00408	0.03833	0.00488
30	0.00753	0.00638	0.00839	0.00799	0.00852	0.03518	0.02304	0.00859	0.00781	0.01083	0.02820	0.17523	0.01539	0.18662	0.28788	0.00425	0.16465	0.00666	0.00282	0.00403
31	0.01125	0.20164	0.10953	0.10011	0.01398	0.00997	0.03044	0.04959	0.02304	0.14830	0.02806	0.20254	0.03856	0.00720	0.00454	0.00145	0.00452	0.00608	0.00342	0.00577
32	0.00669	0.00453	0.00598	0.00659	0.00731	0.00429	0.00489	0.00809	0.01008	0.03380	0.17384	0.42619	0.04174	0.03561	0.00621	0.00186	0.00295	0.17148	0.04383	0.00405
33	0.01198	0.00926	0.03734	0.00915	0.01184	0.00942	0.03500	0.11517	0.34871	0.11806	0.07127	0.03856	0.06337	0.00734	0.00497	0.00157	0.00397	0.09193	0.00456	0.00654
34	0.00568	0.00427	0.00520	0.00580	0.00655	0.00384	0.00405	0.00663	0.00954	0.01226	0.07648	0.49549	0.28751	0.01320	0.00600	0.02340	0.00258	0.02348	0.00425	0.00378
35	0.04370	0.05909	0.05738	0.13953	0.08167	0.13681	0.24814	0.05414	0.05197	0.04604	0.00946	0.01182	0.00732	0.00462	0.00479	0.00143	0.01943	0.01391	0.00265	0.00610
36	0.00746	0.00609	0.00797	0.00773	0.00851	0.03972	0.00598	0.00907	0.01770	0.01100	0.01200	0.02849	0.01136	0.07987	0.60471	0.00602	0.08842	0.00495	0.03876	0.00420
37	0.01893	0.00768	0.01027	0.00812	0.01136	0.00683	0.00660	0.03641	0.04445	0.69988	0.01859	0.08322	0.01297	0.00642	0.00472	0.00146	0.00382	0.00533	0.00550	0.00745
38	0.00983	0.00949	0.07663	0.19153	0.03206	0.00870	0.12682	0.10188	0.03300	0.05840	0.06630	0.02200	0.22115	0.00681	0.00495	0.00150	0.00482	0.00602	0.01253	0.00558
39	0.02200	0.25089	0.34574	0.01115	0.02591	0.02664	0.05422	0.03600	0.05525	0.06689	0.01001	0.01250	0.00802	0.00493	0.00416	0.00136	0.00571	0.04959	0.00260	0.00643
40	0.00666	0.00450	0.00527	0.00527	0.00536	0.00459	0.00311	0.00684	0.00675	0.00910	0.01423	0.02872	0.01611	0.74979	0.11145	0.00477	0.00532	0.00648	0.00275	0.00293
41	0.00664	0.00483	0.00602	0.00568	0.00691	0.00441	0.00427	0.00880	0.02551	0.03143	0.64603	0.03543	0.17756	0.00966	0.00539	0.00146	0.00225	0.00843	0.00492	0.00436
42	0.02520	0.00880	0.01147	0.17953	0.05894	0.04612	0.03297	0.04823	0.14060	0.01462	0.08002	0.13510	0.05461	0.00756	0.00650	0.00162	0.13324	0.00615	0.00332	0.00540
43	0.01025	0.02268	0.73084	0.01273	0.01912	0.04507	0.01598	0.01519	0.01005	0.06376	0.00880	0.01000	0.00616	0.00446	0.00437	0.00144	0.00667	0.00345	0.00219	0.00679
44	0.00678	0.00456	0.00594	0.00594	0.00623	0.00485	0.00394	0.00713	0.00685	0.00941	0.01300	0.02410	0.01392	0.46854	0.30104	0.09911	0.00714	0.00577	0.00258	0.00316
45	0.00667	0.00446	0.00505	0.00505	0.00507	0.00448	0.00284	0.00671	0.00669	0.00894	0.01442	0.02981	0.01659	0.82280	0.03908	0.00451	0.00461	0.00664	0.00278	0.00281
46	0.01102	0.49337	0.33867	0.01025	0.01534	0.01500	0.03312	0.01409	0.00951	0.01240	0.00720	0.00843	0.00589	0.00410	0.00358	0.00119	0.00573	0.00291	0.00196	0.00626
47	0.01078	0.01277	0.05407	0.01914	0.02385	0.01158	0.76675	0.01470	0.01080	0.01470	0.00925	0.01229	0.00693	0.00389	0.00538	0.00154	0.00771	0.00535	0.00231	0.00621
48	0.01715	0.02188	0.01301	0.01183	0.01419	0.82022	0.00887	0.01833	0.01301	0.01124	0.00710	0.00828	0.00591	0.00473	0.00414	0.00118	0.00828	0.00296	0.00237	0.00532
49	0.00952	0.00816	0.00952	0.00680	0.01088	0.00612	0.00544	0.01156	0.00952	0.01496	0.00816	0.00952	0.00680	0.00340	0.00340	0.00068	0.00340	0.00272	0.00272	0.86672
50	0.00546	0.00453	0.00478	0.00498	0.00629	0.00385	0.00363	0.00655	0.01015	0.01227	0.04252	0.19298	0.66193	0.01215	0.00551	0.00161	0.00239	0.01032	0.00426	0.00385
51	0.17482	0.01196	0.01238	0.00965	0.01317	0.01326	0.00797	0.62490	0.01877	0.05368	0.01041	0.01052	0.00740	0.00529	0.00427	0.00139	0.00474	0.00385	0.00431	0.00729
52	0.01080	0.01228	0.02649	0.01902	0.02345	0.01172	0.75742	0.01454	0.01066	0.01454	0.00914	0.01228	0.00692	0.00406	0.00586	0.00157	0.04546	0.00535	0.00231	0.00614
53	0.00589	0.00435	0.00557	0.00644	0.00709	0.00404	0.00468	0.00699	0.00942	0.01221	0.02904	0.54847	0.17337	0.01357	0.00587	0.00185	0.00288	0.15017	0.00426	0.00385
54	0.57095	0.00888	0.00807	0.00682	0.00975	0.00981	0.00560	0.11094	0.01049	0.14837	0.00942	0.00986	0.00681	0.00472	0.00337	0.00139	0.00370	0.00315	0.06218	0.00573
55	0.00616	0.00476	0.00522	0.00505	0.00654	0.00408	0.00381	0.00760	0.01121	0.03792	0.24527	0.04074	0.58374	0.01086	0.00540	0.00152	0.00233	0.00917	0.00451	0.00411
56	0.00600	0.00458	0.00549	0.00569	0.00674	0.00412	0.00422	0.00744	0.01081	0.01414	0.27642	0.20352	0.32115	0.03608	0.00612	0.00171	0.00257	0.07474	0.00446	0.00398
57	0.46003	0.00761	0.00706	0.00623	0.00873	0.00814	0.00501	0.02875	0.03897	0.12038	0.10379	0.01814	0.14333	0.00634	0.00389	0.00144	0.00325	0.00476	0.01894	0.00521
58	0.00823	0.00624	0.00799	0.00855	0.00994	0.00657	0.00726	0.01267	0.18020	0.01508	0.05076	0.04374	0.02436	0.01118	0.00595	0.00197	0.00403	0.58605	0.00435	0.00488
59	0.00904	0.00847	0.01417	0.62563	0.15441	0.01014	0.01252	0.01192	0.00932	0.01228	0.00885	0.01358	0.00715	0.00565	0.02552	0.00169	0.03064	0.03146	0.00216	0.00539
60	0.03227	0.50328	0.06992	0.00928	0.01302	0.18183	0.02278	0.03873	0.01075	0.06974	0.00768	0.00850	0.00634	0.00430	0.00349	0.00112	0.00568	0.00288	0.00242	0.00601
61	0.78255	0.02352	0.00755	0.03628	0.00994	0.01037	0.00542	0.02505	0.00827	0.04772	0.00693	0.00797	0.00529	0.00434	0.00299	0.00142	0.00370	0.00264	0.00292	0.00513
62	0.00651	0.00487	0.00643	0.03384	0.00820	0.00449	0.02681	0.00790	0.01027	0.03787	0.15244	0.34643	0.26671	0.01177	0.00559	0.00168	0.00287	0.05686	0.00430	0.00414
63	0.09307	0.00779	0.00994	0.00779	0.01106	0.00711	0.00640	0.04873	0.01283	0.64428	0.05290	0.01567	0.01216	0.00571	0.00444	0.00140	0.00376	0.00457	0.04314	0.00725
64	0.00863	0.01356	0.29481	0.01095	0.02548	0.04391	0.09586	0.01176	0.01044	0.01450	0.18418	0.07400	0.09793	0.00716	0.00594	0.00154	0.08479	0.00601	0.00307	0.00547
65	0.00844	0.00743	0.01194	0.47685	0.09010	0.00852	0.02022	0.03261	0.00966	0.01275	0.04135	0.18077	0.01302	0.00721	0.00530	0.02744	0.00507	0.02138	0.00275	0.01721
66	0.00587	0.00446	0.00528	0.00546	0.00648	0.00396	0.00393	0.00706	0.01049	0.01361	0.23999	0.24514	0.36832	0.01195	0.00611	0.04126	0.00245	0.00993	0.00437	0.00387
67	0.07771	0.01134	0.01205	0.00953	0.01286	0.01246	0.00780	0.54513	0.11204	0.07642	0.01347	0.01318	0.03798	0.00574	0.00447	0.00140	0.00451	0.00438	0.03023	0.00729
68	0.04225	0.30496	0.15377	0.01077	0.03833	0.01244	0.11770	0.02602	0.03208	0.01377	0.00843	0.01046	0.00702	0.00519	0.03119	0.00137	0.00552	0.01740	0.00236	0.15899
69	0.00665	0.00499	0.00697	0.00741	0.00835	0.00479	0.03184	0.00848	0.02431	0.01381	0.15421	0.33871	0.07432	0.01230	0.00590	0.00185	0.00330	0.28331	0.00432	0.00416
70	0.25233	0.01154	0.01171	0.00932	0.01259	0.01303	0.00768	0.51989	0.04942	0.02560	0.00989	0.01026	0.00722	0.00529	0.00448	0.00142	0.03371	0.00372	0.00402	0.00690

[dist]
# distance from previous block
# <min> <max>
0	5

[block]
# block no. 4 follows, 56 sequences, length 14
# corresponding to MSA columns:
# 292-305
name=unknown_E
#
# <colnr> <probs for GDERKNQSTAVLIFYWHMCP>
#	G	D	E	R	K	N	Q	S	T	A	V	L	I	F	Y	W	H	M	C	P
0	0.82141	0.00911	0.00716	0.00630	0.00919	0.01053	0.00519	0.05896	0.00861	0.02108	0.00666	0.00767	0.00514	0.00433	0.00294	0.00142	0.00364	0.00258	0.00294	0.00514
1	0.01693	0.02009	0.01300	0.01154	0.01410	0.67215	0.00878	0.12601	0.04987	0.01404	0.00816	0.00906	0.00654	0.00491	0.00423	0.00123	0.00762	0.00322	0.00278	0.00575
2	0.00969	0.00850	0.01066	0.00770	0.01175	0.00670	0.05500	0.01234	0.04529	0.01514	0.00870	0.01004	0.00714	0.00356	0.00358	0.00077	0.00368	0.00300	0.00278	0.77396
3	0.01235	0.01132	0.03877	0.01160	0.01440	0.11367	0.18369	0.04492	0.15813	0.11797	0.11466	0.03454	0.01439	0.00629	0.00582	0.00153	0.07641	0.02975	0.00369	0.00611
4	0.01111	0.44516	0.29314	0.00955	0.01420	0.01400	0.01067	0.03399	0.01019	0.03632	0.07488	0.01076	0.00922	0.00463	0.00373	0.00121	0.00530	0.00337	0.00239	0.00617
5	0.00945	0.00931	0.01233	0.01078	0.01104	0.03759	0.00883	0.01055	0.00800	0.01177	0.07429	0.06566	0.05422	0.00863	0.01284	0.00190	0.64024	0.00521	0.00253	0.00483
6	0.00610	0.00488	0.00571	0.00591	0.00697	0.00462	0.00433	0.00783	0.04580	0.01330	0.14092	0.29292	0.37505	0.01185	0.00588	0.00166	0.03136	0.02649	0.00431	0.00409
7	0.05106	0.11790	0.17350	0.07810	0.18325	0.05800	0.03119	0.05099	0.02997	0.11093	0.01116	0.04718	0.02696	0.00513	0.00432	0.00138	0.00540	0.00425	0.00289	0.00644
8	0.01673	0.00896	0.01198	0.05863	0.11508	0.02126	0.00818	0.12469	0.03135	0.44966	0.05481	0.01504	0.01155	0.00622	0.02438	0.00154	0.00456	0.00459	0.00464	0.02613
9	0.00560	0.00415	0.00523	0.00604	0.00658	0.00378	0.00412	0.00652	0.00927	0.01211	0.05973	0.65544	0.17734	0.01367	0.00576	0.00179	0.00258	0.01223	0.00429	0.00378
10	0.06074	0.01116	0.02987	0.09406	0.24953	0.02700	0.15583	0.13062	0.07683	0.04940	0.01028	0.01261	0.00802	0.00492	0.00515	0.00148	0.04424	0.01863	0.00299	0.00663
11	0.03612	0.08511	0.08369	0.04989	0.11954	0.17900	0.04109	0.11073	0.02980	0.17580	0.01077	0.02066	0.00811	0.00505	0.00450	0.00136	0.01650	0.01241	0.00330	0.00658
12	0.00863	0.00682	0.02198	0.09792	0.21159	0.00662	0.00796	0.01009	0.00949	0.05903	0.02868	0.25944	0.09459	0.02785	0.00687	0.08823	0.00406	0.04192	0.00333	0.00490
13	0.02403	0.03963	0.04252	0.40695	0.14365	0.06157	0.01154	0.04628	0.01028	0.05580	0.02928	0.01201	0.00756	0.00497	0.00531	0.00147	0.07243	0.00402	0.00249	0.01822

[dist]
# distance from previous block
# <min> <max>
0	10

[block]
# block no. 5 follows, 56 sequences, length 43
# corresponding to MSA columns:
# 316-334,344-346,353-373
name=unknown_F
#
# <colnr> <probs for GDERKNQSTAVLIFYWHMCP>
#	G	D	E	R	K	N	Q	S	T	A	V	L	I	F	Y	W	H	M	C	P
0	0.01018	0.24871	0.52670	0.01174	0.01749	0.01270	0.05106	0.01445	0.02428	0.01361	0.00797	0.00931	0.00606	0.00423	0.00401	0.00131	0.00618	0.00325	0.00203	0.02472
1	0.06204	0.00819	0.00932	0.00697	0.01072	0.00680	0.00557	0.01343	0.07740	0.06609	0.00981	0.01069	0.00776	0.00390	0.00355	0.00086	0.00342	0.00309	0.03238	0.65801
2	0.01263	0.03467	0.01655	0.10793	0.24627	0.03325	0.12284	0.18815	0.07143	0.05069	0.01124	0.02406	0.00908	0.00523	0.00475	0.00146	0.00553	0.04429	0.00321	0.00672
3	0.87108	0.00888	0.00675	0.00604	0.00888	0.01030	0.00497	0.01350	0.00781	0.02060	0.00639	0.00746	0.00497	0.00426	0.00284	0.00142	0.00355	0.00249	0.00284	0.00497
4	0.01331	0.11688	0.25694	0.01150	0.01553	0.26761	0.04327	0.10449	0.01218	0.04169	0.00934	0.04046	0.00772	0.00520	0.00443	0.00134	0.01637	0.02292	0.00266	0.00615
5	0.00989	0.00808	0.00944	0.00687	0.01070	0.00630	0.00546	0.03763	0.01001	0.03585	0.03090	0.01111	0.00830	0.03210	0.00421	0.00087	0.00347	0.00311	0.00293	0.76276
6	0.01745	0.01286	0.01378	0.01056	0.01424	0.01424	0.00873	0.79471	0.02159	0.02893	0.01102	0.01102	0.00781	0.00551	0.00459	0.00138	0.00505	0.00413	0.00459	0.00781
7	0.00559	0.00400	0.00533	0.00639	0.00666	0.00373	0.00426	0.00639	0.00879	0.01172	0.02530	0.83566	0.03036	0.01438	0.00586	0.00186	0.00266	0.01305	0.00426	0.00373
8	0.01079	0.01268	0.04789	0.01918	0.02388	0.01158	0.77284	0.01470	0.01081	0.01470	0.00926	0.01231	0.00694	0.00388	0.00539	0.00155	0.00771	0.00536	0.00231	0.00621
9	0.01715	0.02188	0.01301	0.01183	0.01419	0.82022	0.00887	0.01833	0.01301	0.01124	0.00710	0.00828	0.00591	0.00473	0.00414	0.00118	0.00828	0.00296	0.00237	0.00532
10	0.06533	0.00805	0.01032	0.00807	0.01138	0.00742	0.00662	0.07749	0.03299	0.63180	0.07769	0.01632	0.01328	0.00589	0.00458	0.00142	0.00383	0.00476	0.00537	0.00738
11	0.00560	0.00405	0.00530	0.00626	0.00663	0.00375	0.00421	0.00646	0.00900	0.01192	0.04457	0.76537	0.08175	0.01409	0.00582	0.00183	0.00263	0.01272	0.00428	0.00375
12	0.00954	0.08487	0.59830	0.01342	0.04241	0.01102	0.10147	0.01416	0.00999	0.01449	0.05172	0.01120	0.00803	0.00454	0.00443	0.00142	0.00645	0.00383	0.00216	0.00653
13	0.00728	0.00529	0.00756	0.00845	0.00950	0.00525	0.02204	0.00929	0.01039	0.01355	0.02412	0.13082	0.02645	0.01269	0.00627	0.00208	0.00414	0.68642	0.00419	0.00421
14	0.03707	0.00797	0.01011	0.00791	0.01114	0.00740	0.00649	0.10393	0.02596	0.59964	0.01671	0.01516	0.01093	0.00560	0.00440	0.00137	0.00380	0.00449	0.11262	0.00730
15	0.00902	0.00858	0.01468	0.71841	0.11440	0.01032	0.03604	0.01207	0.00936	0.01217	0.00824	0.01215	0.00627	0.00452	0.00461	0.00151	0.00610	0.00412	0.00207	0.00536
16	0.36573	0.00944	0.00960	0.03295	0.01158	0.03415	0.00655	0.11470	0.06014	0.29500	0.01185	0.01149	0.00815	0.00505	0.00388	0.00142	0.00409	0.00366	0.00411	0.00646
17	0.12744	0.00894	0.02724	0.00827	0.01110	0.00890	0.00673	0.22369	0.05643	0.26543	0.01653	0.17378	0.03110	0.00728	0.00463	0.00151	0.00394	0.00597	0.00457	0.00650
18	0.00593	0.00423	0.00571	0.00678	0.00719	0.00402	0.00484	0.00697	0.00912	0.01209	0.02512	0.69014	0.02963	0.01407	0.00595	0.00191	0.00295	0.15526	0.00426	0.00382
19	0.01069	0.00705	0.00817	0.00737	0.00881	0.03142	0.00546	0.14656	0.01117	0.12707	0.04018	0.15371	0.03900	0.23973	0.10714	0.00305	0.02355	0.02114	0.00381	0.00491
20	0.03295	0.01018	0.01350	0.03156	0.01265	0.03968	0.02697	0.03318	0.00806	0.01230	0.00670	0.01018	0.00627	0.00769	0.03040	0.00191	0.61580	0.00386	0.00221	0.09397
21	0.00984	0.00619	0.00760	0.00715	0.00878	0.00613	0.00537	0.01386	0.18580	0.16117	0.22096	0.27600	0.05302	0.00964	0.00524	0.00160	0.00297	0.00846	0.00481	0.00541
22	0.01010	0.00814	0.00958	0.00687	0.01092	0.00615	0.00551	0.01213	0.00971	0.05700	0.00868	0.00984	0.00704	0.00352	0.00346	0.00072	0.00343	0.00282	0.00288	0.82148
23	0.01565	0.01075	0.01220	0.00997	0.03502	0.01128	0.00791	0.41556	0.13630	0.15252	0.01334	0.01378	0.00977	0.00558	0.00452	0.00135	0.00444	0.02801	0.00449	0.10754
24	0.01034	0.01012	0.01385	0.01186	0.01211	0.01392	0.00985	0.03511	0.05071	0.01202	0.00686	0.01046	0.00651	0.00786	0.01419	0.00197	0.76070	0.00408	0.00223	0.00523
25	0.50819	0.00905	0.00786	0.00677	0.00944	0.03382	0.00549	0.14460	0.01093	0.05199	0.03359	0.01073	0.00796	0.00487	0.00338	0.00135	0.00370	0.00332	0.13752	0.00544
26	0.01381	0.01105	0.01173	0.00983	0.01285	0.01253	0.00784	0.32921	0.49303	0.02305	0.01565	0.01471	0.01156	0.00594	0.00464	0.00149	0.00419	0.00477	0.00464	0.00748
27	0.00882	0.00826	0.01389	0.68736	0.12332	0.00993	0.01245	0.01172	0.00931	0.01212	0.00915	0.05694	0.00758	0.00506	0.00465	0.00153	0.00585	0.00457	0.00219	0.00529
28	0.00921	0.02375	0.81487	0.01309	0.01987	0.01066	0.01696	0.01454	0.00969	0.01454	0.00824	0.00969	0.00582	0.00436	0.00436	0.00145	0.00678	0.00339	0.00194	0.00678
29	0.00634	0.00483	0.00585	0.00562	0.00687	0.00441	0.00425	0.00849	0.03240	0.01656	0.54484	0.03721	0.26335	0.01005	0.00543	0.00150	0.00231	0.03063	0.00479	0.00427
30	0.00571	0.00421	0.00531	0.00598	0.00657	0.00385	0.00410	0.00673	0.00958	0.01264	0.13123	0.57392	0.16612	0.03366	0.00616	0.00182	0.00258	0.01169	0.00433	0.00381
31	0.00622	0.00470	0.00536	0.00532	0.00666	0.00410	0.00397	0.00766	0.01105	0.03782	0.24739	0.12165	0.48310	0.01115	0.00546	0.00156	0.00240	0.02580	0.00452	0.00411
32	0.00571	0.00462	0.00507	0.00504	0.00640	0.00398	0.00375	0.00710	0.01100	0.01389	0.23841	0.08995	0.56657	0.01123	0.00545	0.00154	0.00231	0.00954	0.00446	0.00398
33	0.00691	0.00478	0.00579	0.00589	0.00622	0.00489	0.00383	0.03374	0.00779	0.01048	0.01616	0.14523	0.01821	0.54223	0.12284	0.00423	0.00522	0.04912	0.00309	0.00334
34	0.79609	0.00923	0.00737	0.00643	0.00935	0.01064	0.00530	0.08212	0.00902	0.02133	0.00680	0.00777	0.00522	0.00437	0.00299	0.00142	0.00368	0.00263	0.00299	0.00522
35	0.04820	0.01041	0.01208	0.00931	0.01288	0.01069	0.00768	0.40833	0.02951	0.38127	0.01417	0.01307	0.00941	0.00556	0.00454	0.00140	0.00446	0.00431	0.00502	0.00770
36	0.00558	0.00405	0.00527	0.00624	0.00662	0.00374	0.00419	0.00641	0.00894	0.01178	0.02718	0.76568	0.09914	0.01414	0.00582	0.00184	0.00263	0.01275	0.00426	0.00374
37	0.01072	0.00841	0.00947	0.00865	0.01059	0.00930	0.00667	0.20745	0.28268	0.01874	0.03659	0.28209	0.01871	0.00906	0.00539	0.00164	0.02549	0.03791	0.00444	0.00601
38	0.01474	0.01151	0.01225	0.01002	0.01321	0.01297	0.00807	0.44901	0.37170	0.02457	0.01446	0.01376	0.01059	0.00583	0.00463	0.00146	0.00442	0.00461	0.00463	0.00756
39	0.01265	0.00863	0.00925	0.00787	0.01022	0.02013	0.00622	0.28155	0.14815	0.07436	0.03986	0.07946	0.03102	0.00653	0.00436	0.00137	0.00364	0.00531	0.24322	0.00619
40	0.01227	0.84142	0.02406	0.00786	0.01178	0.01817	0.00786	0.01375	0.00933	0.01080	0.00638	0.00736	0.00589	0.00393	0.00295	0.00098	0.00491	0.00245	0.00196	0.00589
41	0.00952	0.00816	0.00952	0.00680	0.01088	0.00612	0.00544	0.01156	0.00952	0.01496	0.00816	0.00952	0.00680	0.00340	0.00340	0.00068	0.00340	0.00272	0.00272	0.86672
42	0.72262	0.07007	0.02908	0.00661	0.00966	0.01097	0.00569	0.03455	0.03496	0.03166	0.00715	0.00805	0.00553	0.00436	0.00302	0.00139	0.00378	0.00267	0.00290	0.00528

[dist]
# distance from previous block
# <min> <max>
0	3

[block]
# block no. 6 follows, 56 sequences, length 36
# corresponding to MSA columns:
# 377-412
name=unknown_G
#
# <colnr> <probs for GDERKNQSTAVLIFYWHMCP>
#	G	D	E	R	K	N	Q	S	T	A	V	L	I	F	Y	W	H	M	C	P
0	0.01327	0.61076	0.02079	0.00881	0.01231	0.19063	0.00804	0.01543	0.06156	0.01144	0.00734	0.00820	0.00642	0.00425	0.00332	0.00106	0.00555	0.00274	0.00223	0.00586
1	0.00545	0.00465	0.00469	0.00468	0.00622	0.00389	0.00351	0.00664	0.01053	0.01255	0.06551	0.04394	0.78906	0.01157	0.00543	0.00155	0.00232	0.00965	0.00428	0.00389
2	0.00999	0.01001	0.01376	0.02597	0.01231	0.03526	0.02875	0.01107	0.00731	0.01104	0.00672	0.01126	0.00669	0.05007	0.03093	0.00220	0.71547	0.00418	0.00207	0.00493
3	0.01115	0.20956	0.19266	0.03034	0.14872	0.06502	0.16833	0.01490	0.06079	0.01383	0.02407	0.02371	0.00793	0.00451	0.00432	0.00134	0.00605	0.00404	0.00238	0.00635
4	0.01133	0.00948	0.01011	0.00908	0.01160	0.01084	0.00706	0.02332	0.73081	0.03900	0.06989	0.01821	0.01585	0.00642	0.00472	0.00155	0.00354	0.00538	0.00472	0.00709
5	0.00557	0.00454	0.00494	0.00519	0.00644	0.00391	0.00382	0.00672	0.01020	0.01251	0.06682	0.21143	0.59009	0.01217	0.00555	0.00163	0.00246	0.03786	0.00429	0.00387
6	0.07480	0.24768	0.09611	0.04696	0.08860	0.11973	0.02536	0.06337	0.03990	0.14224	0.00961	0.01031	0.00727	0.00460	0.00394	0.00127	0.00541	0.00345	0.00297	0.00641
7	0.04063	0.06257	0.06607	0.01067	0.04500	0.09228	0.00877	0.32394	0.11801	0.13766	0.01225	0.03121	0.00911	0.00553	0.00455	0.00139	0.01504	0.00423	0.00403	0.00708
8	0.00628	0.00419	0.00526	0.00606	0.00654	0.00401	0.00414	0.00761	0.02599	0.01301	0.04065	0.65074	0.02690	0.01245	0.00534	0.00170	0.00258	0.01117	0.16147	0.00392
9	0.00795	0.00693	0.08065	0.00706	0.02734	0.00534	0.00585	0.01043	0.03036	0.07984	0.45016	0.04776	0.17158	0.00889	0.00519	0.00147	0.00291	0.01983	0.02557	0.00487
10	0.01276	0.02439	0.06602	0.06708	0.27343	0.05968	0.06860	0.07421	0.14076	0.10849	0.01206	0.01313	0.02372	0.00506	0.00491	0.00144	0.02978	0.00440	0.00323	0.00686
11	0.06769	0.49400	0.22948	0.00949	0.01395	0.09272	0.01016	0.01438	0.00968	0.01246	0.00694	0.00807	0.00581	0.00414	0.00343	0.00115	0.00564	0.00275	0.00205	0.00601
12	0.02424	0.01089	0.01488	0.37145	0.25732	0.11108	0.01210	0.03352	0.01020	0.01322	0.00843	0.01214	0.00693	0.00494	0.00537	0.00148	0.07158	0.02215	0.00228	0.00581
13	0.00569	0.00466	0.00503	0.00507	0.00648	0.00401	0.00383	0.00704	0.01079	0.01335	0.15962	0.07139	0.62727	0.01144	0.00548	0.00157	0.00240	0.04654	0.00438	0.00396
14	0.00873	0.00828	0.01414	0.80534	0.03141	0.01024	0.03427	0.01181	0.00923	0.01181	0.00819	0.01224	0.00614	0.00457	0.00461	0.00153	0.00616	0.00412	0.00205	0.00513
15	0.00784	0.00543	0.00675	0.00621	0.00765	0.00519	0.00472	0.01102	0.09517	0.06984	0.60789	0.03214	0.10428	0.00901	0.00529	0.00146	0.00245	0.00786	0.00499	0.00483
16	0.04273	0.01287	0.01360	0.11372	0.10446	0.13807	0.00954	0.39379	0.04165	0.04956	0.01017	0.01120	0.00757	0.00579	0.02361	0.00151	0.00577	0.00396	0.00361	0.00683
17	0.00633	0.00479	0.00555	0.00543	0.00681	0.00422	0.00416	0.00796	0.01150	0.03346	0.33603	0.04026	0.44141	0.01070	0.00547	0.00155	0.00243	0.06316	0.00460	0.00417
18	0.00591	0.00462	0.00536	0.00529	0.00653	0.00407	0.00392	0.00749	0.01146	0.01501	0.38222	0.10141	0.40858	0.01085	0.00545	0.00153	0.00228	0.00934	0.00461	0.00407
19	0.69580	0.00917	0.00793	0.00681	0.00969	0.01046	0.00561	0.08304	0.00946	0.08955	0.00780	0.00856	0.00581	0.00461	0.00353	0.00143	0.02920	0.00286	0.00322	0.00547
20	0.00572	0.00409	0.00547	0.00654	0.00686	0.00384	0.00448	0.00661	0.00891	0.01186	0.02523	0.78046	0.03009	0.01426	0.00589	0.00188	0.00277	0.06699	0.00426	0.00376
21	0.07939	0.00964	0.01146	0.00885	0.01239	0.00960	0.00731	0.29016	0.01570	0.48483	0.01482	0.01345	0.00968	0.00552	0.00448	0.00141	0.00428	0.00430	0.00510	0.00761
22	0.11655	0.00793	0.01021	0.00793	0.01140	0.00715	0.00655	0.02137	0.01254	0.72378	0.01679	0.01470	0.01064	0.00552	0.00442	0.00142	0.00387	0.00438	0.00536	0.00749
23	0.01028	0.04498	0.33032	0.07316	0.03234	0.01142	0.36741	0.03288	0.02529	0.01472	0.00891	0.01120	0.00658	0.00420	0.00482	0.00148	0.00699	0.00439	0.00224	0.00641
24	0.00648	0.00473	0.00616	0.00620	0.00725	0.00441	0.00479	0.00843	0.01198	0.01648	0.53613	0.10963	0.10474	0.01060	0.00562	0.00161	0.00258	0.14320	0.00477	0.00422
25	0.01535	0.00966	0.01467	0.08563	0.23868	0.02605	0.07267	0.07109	0.01218	0.35058	0.01286	0.01356	0.00905	0.01666	0.01795	0.00156	0.01642	0.00444	0.00386	0.00708
26	0.00561	0.00466	0.00490	0.00484	0.00631	0.00395	0.00363	0.00694	0.01089	0.01342	0.17512	0.04251	0.67891	0.01125	0.00542	0.00153	0.00230	0.00945	0.00440	0.00395
27	0.00830	0.00427	0.00437	0.00444	0.00543	0.00425	0.00327	0.01029	0.00948	0.01650	0.01565	0.07232	0.01316	0.03164	0.00401	0.00123	0.00225	0.00494	0.78001	0.00420
28	0.01170	0.01089	0.06232	0.24130	0.31841	0.01064	0.10457	0.06720	0.02592	0.08781	0.00977	0.01210	0.00737	0.00450	0.00466	0.00145	0.00578	0.00428	0.00271	0.00661
29	0.00960	0.11618	0.56670	0.01345	0.07100	0.01118	0.06530	0.01395	0.00980	0.01410	0.02520	0.04622	0.00783	0.00480	0.00436	0.00142	0.00627	0.00398	0.00215	0.00649
30	0.00566	0.00440	0.00518	0.00566	0.00660	0.00391	0.00406	0.00678	0.00992	0.01260	0.09136	0.38900	0.37878	0.01271	0.00566	0.00170	0.00255	0.04530	0.00432	0.00386
31	0.01016	0.00495	0.00539	0.00498	0.00642	0.00483	0.00383	0.03174	0.01052	0.11510	0.05199	0.01758	0.01308	0.00558	0.00352	0.00114	0.00243	0.00450	0.69745	0.00480
32	0.01271	0.06748	0.12771	0.08510	0.22573	0.02347	0.01101	0.10075	0.10683	0.12898	0.02688	0.01409	0.00970	0.00523	0.00452	0.00142	0.00512	0.03309	0.00333	0.00686
33	0.01138	0.01030	0.03550	0.26574	0.37445	0.01056	0.07789	0.06196	0.01093	0.06984	0.00959	0.02445	0.00753	0.00458	0.00466	0.00144	0.00570	0.00436	0.00261	0.00653
34	0.01142	0.00986	0.01038	0.00934	0.01194	0.01142	0.00727	0.02440	0.80172	0.01920	0.01869	0.01713	0.01401	0.00623	0.00467	0.00156	0.00363	0.00519	0.00467	0.00727
35	0.19163	0.01754	0.01283	0.01294	0.11539	0.52807	0.03013	0.01670	0.01156	0.01374	0.00721	0.00862	0.00592	0.00453	0.00396	0.00126	0.00693	0.00307	0.00245	0.00552

[dist]
# distance from previous block
# <min> <max>
0	18

[block]
# block no. 7 follows, 56 sequences, length 26
# corresponding to MSA columns:
# 431-456
name=unknown_H
#
# <colnr> <probs for GDERKNQSTAVLIFYWHMCP>
#	G	D	E	R	K	N	Q	S	T	A	V	L	I	F	Y	W	H	M	C	P
0	0.34043	0.02889	0.01099	0.02243	0.01226	0.09886	0.00725	0.32815	0.05445	0.04211	0.00927	0.00975	0.00687	0.00495	0.00385	0.00138	0.00474	0.00341	0.00362	0.00635
1	0.04764	0.02437	0.02251	0.00994	0.04740	0.05182	0.07727	0.10355	0.09356	0.10744	0.11404	0.01788	0.01444	0.09569	0.11533	0.00254	0.02629	0.00514	0.01745	0.00570
2	0.00654	0.00484	0.00708	0.00711	0.00783	0.00555	0.00540	0.00799	0.00735	0.01051	0.01292	0.04486	0.01259	0.11467	0.71478	0.00691	0.01121	0.00535	0.00255	0.00395
3	0.34920	0.01208	0.01115	0.07379	0.06484	0.17290	0.02576	0.13050	0.01152	0.03790	0.02538	0.01055	0.00727	0.00496	0.00420	0.00141	0.03048	0.01739	0.00301	0.00569
4	0.00634	0.00469	0.00592	0.00561	0.00676	0.00427	0.00421	0.00836	0.01263	0.01754	0.69694	0.03573	0.15452	0.00971	0.00542	0.00146	0.00219	0.00850	0.00494	0.00427
5	0.01419	0.00658	0.00843	0.00696	0.00958	0.00575	0.00555	0.01612	0.02983	0.44530	0.11591	0.06870	0.15876	0.00757	0.00481	0.00143	0.00325	0.00635	0.04097	0.04396
6	0.00638	0.00530	0.02507	0.07170	0.00972	0.00493	0.02637	0.00799	0.02254	0.01275	0.08786	0.53747	0.06916	0.01226	0.00568	0.00179	0.00326	0.08156	0.00405	0.00413
7	0.01416	0.41022	0.01838	0.00993	0.01284	0.34059	0.00850	0.03629	0.01092	0.01149	0.00676	0.00809	0.00596	0.00468	0.00462	0.00117	0.08470	0.00285	0.00220	0.00563
8	0.00986	0.17607	0.62951	0.01241	0.01855	0.01211	0.05223	0.01440	0.00968	0.01385	0.00794	0.00939	0.00588	0.00426	0.00415	0.00137	0.00648	0.00331	0.00196	0.00659
9	0.11176	0.00954	0.07576	0.01121	0.06446	0.00874	0.14752	0.01405	0.12484	0.06078	0.17762	0.08048	0.03435	0.00683	0.00523	0.00154	0.03475	0.02118	0.00365	0.00571
10	0.01053	0.03775	0.01410	0.01168	0.01199	0.03508	0.00974	0.01159	0.00745	0.03443	0.00658	0.01027	0.00631	0.00840	0.03414	0.00207	0.73665	0.00398	0.00214	0.00512
11	0.00659	0.00447	0.00544	0.00558	0.00581	0.00458	0.00353	0.00709	0.00721	0.00995	0.01554	0.13420	0.01735	0.54853	0.16312	0.00448	0.00552	0.00710	0.04068	0.00321
12	0.01004	0.00954	0.01613	0.36165	0.38776	0.01067	0.03069	0.01268	0.00957	0.01315	0.00825	0.01173	0.00671	0.00489	0.00568	0.02438	0.06418	0.00411	0.00215	0.00604
13	0.01078	0.30837	0.47007	0.01138	0.01694	0.01319	0.05146	0.01456	0.00975	0.04283	0.00801	0.00923	0.00610	0.00423	0.00393	0.00129	0.00607	0.00321	0.00210	0.00648
14	0.00607	0.00452	0.00626	0.00685	0.00741	0.00426	0.03053	0.02539	0.00934	0.01245	0.04952	0.74231	0.05051	0.01359	0.00579	0.00182	0.00286	0.01235	0.00423	0.00393
15	0.00610	0.00430	0.00549	0.00614	0.00650	0.00413	0.00415	0.00690	0.00864	0.01152	0.06597	0.47418	0.04624	0.23379	0.02374	0.00263	0.00340	0.07873	0.00388	0.00356
16	0.00840	0.09898	0.00855	0.00704	0.00815	0.02106	0.00544	0.02549	0.02433	0.04658	0.01843	0.20411	0.02018	0.23832	0.01066	0.02510	0.00409	0.21737	0.00357	0.00416
17	0.04267	0.09981	0.37495	0.02726	0.01658	0.02206	0.05842	0.05562	0.03096	0.21209	0.01087	0.01129	0.00754	0.00472	0.00431	0.00140	0.00567	0.00378	0.00313	0.00686
18	0.01293	0.00720	0.00884	0.00764	0.00984	0.00715	0.00593	0.05206	0.15946	0.30427	0.10631	0.12552	0.07488	0.06630	0.00653	0.00174	0.02585	0.00667	0.00479	0.00610
19	0.00879	0.00723	0.00805	0.00740	0.00928	0.00776	0.00568	0.01615	0.40024	0.01811	0.33207	0.02700	0.11726	0.00809	0.00505	0.00151	0.00291	0.00693	0.00477	0.00572
20	0.01034	0.00878	0.00968	0.03355	0.01161	0.00924	0.00660	0.05149	0.45388	0.01772	0.05537	0.04169	0.07067	0.00630	0.00451	0.00136	0.00353	0.00527	0.00414	0.19426
21	0.00952	0.00816	0.00952	0.00680	0.01088	0.00612	0.00544	0.01156	0.00952	0.01496	0.00816	0.00952	0.00680	0.00340	0.00340	0.00068	0.00340	0.00272	0.00272	0.86672
22	0.00864	0.00722	0.00858	0.00671	0.00993	0.00558	0.00517	0.01040	0.00936	0.01423	0.01202	0.19561	0.01211	0.00587	0.00395	0.00095	0.00323	0.00505	0.00307	0.67233
23	0.01215	0.00687	0.00868	0.00685	0.00976	0.00570	0.00546	0.01409	0.01178	0.28291	0.24335	0.02047	0.06008	0.00631	0.00449	0.00119	0.00316	0.00532	0.00446	0.28691
24	0.00931	0.00800	0.02756	0.00835	0.01048	0.00820	0.04606	0.03104	0.36858	0.03105	0.25473	0.08600	0.07538	0.00796	0.00506	0.00154	0.00335	0.00695	0.00456	0.00586
25	0.01104	0.03353	0.03220	0.31775	0.03003	0.15865	0.05020	0.06482	0.04246	0.02734	0.01044	0.07988	0.00918	0.03128	0.04086	0.00183	0.04568	0.00479	0.00267	0.00537

[dist]
# distance from previous block
# <min> <max>
2	26

[block]
# block no. 8 follows, 56 sequences, length 17
# corresponding to MSA columns:
# 484-500
name=unknown_I
#
# <colnr> <probs for GDERKNQSTAVLIFYWHMCP>
#	G	D	E	R	K	N	Q	S	T	A	V	L	I	F	Y	W	H	M	C	P
0	0.03099	0.01209	0.03705	0.02474	0.06370	0.16408	0.14086	0.05945	0.12070	0.06849	0.06283	0.07778	0.01249	0.00659	0.01524	0.00156	0.06093	0.01998	0.00335	0.01709
1	0.03068	0.06660	0.03195	0.01291	0.12446	0.19477	0.03583	0.24879	0.07089	0.06821	0.01039	0.02422	0.00804	0.00504	0.00434	0.00130	0.00564	0.00393	0.00341	0.04860
2	0.18928	0.02460	0.06331	0.01035	0.05373	0.01033	0.06773	0.16783	0.08132	0.16046	0.03834	0.01227	0.00925	0.00505	0.00435	0.00138	0.01655	0.00402	0.00376	0.07609
3	0.06021	0.00913	0.01044	0.00829	0.01121	0.02458	0.00661	0.26523	0.01455	0.32888	0.05679	0.01643	0.01213	0.12148	0.00712	0.00180	0.00431	0.00475	0.00460	0.03148
4	0.01469	0.25268	0.04829	0.00973	0.01326	0.10936	0.00850	0.28489	0.14844	0.05091	0.01069	0.01081	0.00815	0.00504	0.00407	0.00128	0.00517	0.00368	0.00352	0.00683
5	0.00558	0.00405	0.00527	0.00626	0.00662	0.00374	0.00420	0.00641	0.00892	0.01177	0.02694	0.77450	0.09047	0.01417	0.00583	0.00184	0.00264	0.01279	0.00426	0.00374
6	0.00625	0.00457	0.00597	0.00655	0.00737	0.00429	0.00497	0.00777	0.01049	0.01400	0.22668	0.34827	0.11929	0.01238	0.00582	0.00178	0.00289	0.20217	0.00446	0.00402
7	0.00904	0.00848	0.01540	0.02762	0.12536	0.00825	0.26681	0.01203	0.03133	0.01439	0.04511	0.05616	0.04899	0.00819	0.00563	0.00175	0.00537	0.30141	0.00334	0.00536
8	0.00740	0.00528	0.00740	0.00845	0.00951	0.00528	0.00740	0.00951	0.01057	0.01374	0.02431	0.05179	0.02642	0.01268	0.00634	0.00211	0.00423	0.77912	0.00423	0.00423
9	0.82525	0.00882	0.00696	0.00615	0.00903	0.01011	0.00507	0.01397	0.00810	0.06331	0.00702	0.00790	0.00532	0.00434	0.00294	0.00142	0.00357	0.00260	0.00299	0.00513
10	0.00668	0.00445	0.00501	0.00501	0.00501	0.00445	0.00278	0.00668	0.00668	0.00890	0.01447	0.03004	0.01669	0.83866	0.02337	0.00445	0.00445	0.00668	0.00278	0.00278
11	0.01022	0.00814	0.00959	0.00689	0.01093	0.00616	0.00552	0.01225	0.00975	0.06576	0.00879	0.00991	0.00709	0.00355	0.00348	0.00073	0.00343	0.00284	0.00291	0.81206
12	0.03113	0.01035	0.01140	0.03090	0.01274	0.03849	0.02773	0.36142	0.17730	0.02173	0.06599	0.06250	0.04185	0.00746	0.01685	0.00160	0.00457	0.06514	0.00431	0.00653
13	0.00899	0.00812	0.01319	0.59156	0.10750	0.00960	0.01172	0.04304	0.00989	0.01292	0.01077	0.07288	0.00958	0.00589	0.00481	0.00158	0.00562	0.06460	0.00249	0.00527
