[name]
unknown

[dist]
# distance from previous block
# <min> <max>
0	41

[block]
# block no. 0 follows, 64 sequences, length 31
# corresponding to MSA columns:
# 80-91,95-113
name=unknown_A
#
# <colnr> <probs for GDERKNQSTAVLIFYWHMCP>
#	G	D	E	R	K	N	Q	S	T	A	V	L	I	F	Y	W	H	M	C	P
0	0.01075	0.00920	0.00973	0.07192	0.01186	0.09222	0.02348	0.18778	0.21520	0.03701	0.06451	0.01877	0.08937	0.02778	0.01576	0.00147	0.00421	0.06660	0.00362	0.03875
1	0.00972	0.01262	0.29084	0.00976	0.04052	0.00909	0.00945	0.01700	0.37398	0.07235	0.06126	0.02796	0.03629	0.00539	0.00420	0.00136	0.00421	0.00447	0.00337	0.00616
2	0.01194	0.25339	0.04316	0.01144	0.01512	0.02263	0.28284	0.16869	0.07285	0.06496	0.00903	0.01005	0.00685	0.00409	0.00398	0.00121	0.00529	0.00377	0.00274	0.00598
3	0.00607	0.00404	0.00468	0.00468	0.00472	0.00408	0.00270	0.00610	0.00605	0.00811	0.01279	0.02611	0.01459	0.78144	0.06593	0.03261	0.00440	0.00587	0.00248	0.00256
4	0.01037	0.55870	0.28148	0.00875	0.01309	0.04364	0.00978	0.01282	0.00866	0.01087	0.00634	0.00737	0.00531	0.00371	0.00311	0.00103	0.00510	0.00251	0.00178	0.00557
5	0.05773	0.10853	0.01355	0.15445	0.13547	0.35850	0.00908	0.05309	0.01034	0.01192	0.00681	0.00858	0.00561	0.00425	0.00418	0.00118	0.04638	0.00303	0.00214	0.00518
6	0.00500	0.00421	0.00433	0.00430	0.00567	0.00355	0.00323	0.00614	0.00968	0.01173	0.11613	0.03913	0.75206	0.01033	0.00491	0.00139	0.00209	0.00865	0.00392	0.00355
7	0.00603	0.00449	0.00646	0.00642	0.00702	0.00518	0.00484	0.00725	0.00656	0.00939	0.01132	0.01795	0.01105	0.16711	0.68238	0.00612	0.02994	0.00469	0.00226	0.00353
8	0.00634	0.00528	0.00742	0.03847	0.02523	0.00614	0.00568	0.00729	0.00745	0.01037	0.01641	0.49665	0.01891	0.02830	0.09972	0.00229	0.20272	0.00849	0.00306	0.00378
9	0.23885	0.27260	0.04139	0.00851	0.01144	0.29022	0.03769	0.03485	0.00956	0.01288	0.00626	0.00729	0.00520	0.00393	0.00317	0.00110	0.00531	0.00255	0.00218	0.00502
10	0.00696	0.00658	0.01068	0.00920	0.01078	0.04198	0.22738	0.00852	0.00870	0.01146	0.01819	0.52488	0.04499	0.00955	0.00503	0.00153	0.00392	0.00905	0.00324	0.03738
11	0.12052	0.03859	0.01200	0.00904	0.01223	0.03970	0.02491	0.58100	0.03708	0.07011	0.00972	0.00980	0.00695	0.00477	0.00392	0.00124	0.00446	0.00355	0.00383	0.00658
12	0.01049	0.01008	0.03486	0.12562	0.44937	0.03769	0.03608	0.10387	0.01042	0.01449	0.00791	0.01002	0.00636	0.00384	0.00399	0.00117	0.00490	0.00353	0.00232	0.12299
13	0.02590	0.04141	0.20295	0.01062	0.06227	0.03714	0.10230	0.06209	0.14397	0.08736	0.04061	0.06528	0.03535	0.05790	0.00528	0.00150	0.00467	0.00472	0.00303	0.00566
14	0.03562	0.00901	0.00936	0.00801	0.04106	0.10072	0.00604	0.15999	0.01127	0.04039	0.10257	0.04958	0.02915	0.01932	0.02433	0.00122	0.02899	0.00408	0.00312	0.31617
15	0.88336	0.00803	0.00611	0.00546	0.00803	0.00932	0.00450	0.01221	0.00707	0.01864	0.00578	0.00675	0.00450	0.00386	0.00257	0.00129	0.00321	0.00225	0.00257	0.00450
16	0.00907	0.00816	0.01352	0.35435	0.38339	0.00882	0.01111	0.01151	0.00908	0.04142	0.01088	0.01435	0.06240	0.00474	0.00426	0.00134	0.00489	0.03897	0.00228	0.00547
17	0.00649	0.00419	0.00487	0.00518	0.00578	0.00416	0.00362	0.01710	0.03712	0.01194	0.01831	0.27507	0.05374	0.21521	0.00847	0.00205	0.00284	0.07459	0.24578	0.00350
18	0.00806	0.00760	0.01284	0.77273	0.09826	0.00928	0.01164	0.01080	0.00841	0.01087	0.00742	0.01101	0.00563	0.00411	0.00415	0.00137	0.00548	0.00369	0.00186	0.00479
19	0.00553	0.00404	0.00480	0.00506	0.00567	0.00376	0.00348	0.00637	0.00841	0.01098	0.13744	0.24359	0.22425	0.25715	0.00980	0.00226	0.00283	0.05777	0.00356	0.00326
20	0.03154	0.00765	0.01028	0.00788	0.01106	0.00700	0.03327	0.10854	0.01259	0.67612	0.03925	0.01395	0.01055	0.00515	0.00419	0.00129	0.00372	0.00422	0.00487	0.00688
21	0.04402	0.18793	0.28535	0.01016	0.03118	0.01035	0.09803	0.05250	0.00964	0.11091	0.00833	0.00924	0.00619	0.00389	0.00367	0.00114	0.00497	0.00317	0.00244	0.11690
22	0.12123	0.01108	0.01106	0.00889	0.01185	0.06462	0.00723	0.50089	0.13738	0.05798	0.01050	0.01042	0.00760	0.00494	0.00407	0.00127	0.01500	0.00365	0.00386	0.00650
23	0.86226	0.00801	0.00619	0.00551	0.00810	0.00924	0.00454	0.01241	0.00719	0.03846	0.00604	0.00693	0.00464	0.00389	0.00261	0.00129	0.00322	0.00230	0.00263	0.00456
24	0.00545	0.00391	0.00509	0.00588	0.00631	0.00371	0.00418	0.00634	0.00815	0.01071	0.02308	0.55957	0.08306	0.10134	0.00702	0.00195	0.00282	0.15435	0.00371	0.00337
25	0.79571	0.00794	0.00646	0.00566	0.00829	0.00899	0.00466	0.01302	0.00756	0.10098	0.00686	0.00750	0.00508	0.00399	0.00273	0.00129	0.00325	0.00244	0.00283	0.00476
26	0.00722	0.00361	0.00541	0.00541	0.00541	0.00361	0.00361	0.00541	0.00541	0.00722	0.00722	0.01263	0.00722	0.01443	0.01623	0.87915	0.00361	0.00361	0.00180	0.00180
27	0.01014	0.00972	0.01660	0.07420	0.78053	0.00983	0.01268	0.01262	0.00939	0.01339	0.00779	0.01033	0.00652	0.00373	0.00411	0.00124	0.00497	0.00370	0.00204	0.00646
28	0.11792	0.00820	0.03388	0.00689	0.01025	0.00709	0.00576	0.09304	0.03791	0.20203	0.01989	0.01088	0.02343	0.00415	0.00349	0.00098	0.00341	0.00323	0.00334	0.40420
29	0.01451	0.01003	0.03663	0.00860	0.01164	0.01907	0.00718	0.48194	0.04392	0.18091	0.05585	0.05654	0.02117	0.00563	0.00423	0.00127	0.00408	0.00448	0.00421	0.02809
30	0.24826	0.17958	0.08391	0.00860	0.04213	0.09026	0.03108	0.07103	0.05577	0.09200	0.05435	0.01004	0.00809	0.00439	0.00344	0.00119	0.00436	0.00321	0.00283	0.00546

[dist]
# distance from previous block
# <min> <max>
0	13

[block]
# block no. 1 follows, 64 sequences, length 11
# corresponding to MSA columns:
# 129-139
name=unknown_B
#
# <colnr> <probs for GDERKNQSTAVLIFYWHMCP>
#	G	D	E	R	K	N	Q	S	T	A	V	L	I	F	Y	W	H	M	C	P
0	0.08528	0.12366	0.22597	0.01028	0.04140	0.10876	0.06549	0.10909	0.04331	0.09081	0.02123	0.00965	0.00687	0.00423	0.00375	0.00120	0.00513	0.00329	0.00268	0.03789
1	0.00849	0.00668	0.00760	0.00656	0.00878	0.00649	0.00507	0.01349	0.28064	0.05373	0.17134	0.07425	0.10846	0.00655	0.00421	0.00120	0.00280	0.00557	0.00383	0.22426
2	0.00622	0.00432	0.00523	0.00513	0.00565	0.00430	0.00342	0.00732	0.05100	0.01092	0.20731	0.05333	0.08060	0.38827	0.06232	0.08828	0.00368	0.00638	0.00315	0.00317
3	0.01000	0.00782	0.00888	0.00857	0.04422	0.00864	0.00628	0.06010	0.51257	0.06896	0.01744	0.19887	0.01523	0.00711	0.00445	0.00145	0.00325	0.00614	0.00411	0.00593
4	0.00543	0.00389	0.00503	0.00572	0.00627	0.00363	0.00409	0.00651	0.00876	0.01176	0.11731	0.55306	0.10520	0.01177	0.00518	0.00162	0.00248	0.10324	0.03554	0.00352
5	0.02779	0.25820	0.04641	0.00749	0.01103	0.04034	0.02579	0.03966	0.03717	0.15389	0.00883	0.00926	0.00678	0.00383	0.00331	0.00093	0.00400	0.00289	0.00279	0.30961
6	0.06831	0.00960	0.01233	0.04415	0.10029	0.05913	0.07599	0.19733	0.01244	0.29533	0.02297	0.01200	0.02228	0.00488	0.00456	0.00130	0.04321	0.00396	0.00367	0.00628
7	0.07602	0.14160	0.11793	0.00891	0.01231	0.07100	0.00813	0.27753	0.15270	0.07893	0.01013	0.01017	0.00747	0.00463	0.00377	0.00122	0.00457	0.00344	0.00331	0.00625
8	0.02897	0.19269	0.38927	0.04444	0.01602	0.12889	0.08472	0.02732	0.02842	0.01238	0.00727	0.00860	0.00558	0.00394	0.00373	0.00120	0.00588	0.00306	0.00197	0.00566
9	0.00522	0.00413	0.00466	0.00488	0.00589	0.00368	0.00357	0.00625	0.00899	0.01122	0.08015	0.19185	0.49650	0.07019	0.03408	0.00184	0.00269	0.05699	0.00375	0.00346
10	0.13386	0.00854	0.01155	0.04629	0.24341	0.00893	0.03783	0.16731	0.03715	0.08567	0.01258	0.08713	0.05148	0.00600	0.01639	0.00142	0.00424	0.03132	0.00317	0.00573

[dist]
# distance from previous block
# <min> <max>
0	2

[block]
# block no. 2 follows, 64 sequences, length 18
# corresponding to MSA columns:
# 142-157,163,164
name=unknown_C
#
# <colnr> <probs for GDERKNQSTAVLIFYWHMCP>
#	G	D	E	R	K	N	Q	S	T	A	V	L	I	F	Y	W	H	M	C	P
0	0.10667	0.00754	0.00922	0.03273	0.04713	0.00804	0.02569	0.15232	0.15189	0.13313	0.02944	0.01313	0.02628	0.00793	0.02837	0.20404	0.00399	0.00401	0.00333	0.00512
1	0.01295	0.00618	0.00789	0.00665	0.00883	0.00573	0.00526	0.02792	0.07876	0.43151	0.12264	0.04408	0.06599	0.08444	0.00595	0.00159	0.00322	0.04629	0.02849	0.00563
2	0.01008	0.01130	0.06049	0.01544	0.01920	0.03120	0.61733	0.03027	0.02761	0.03507	0.00883	0.01146	0.00674	0.02029	0.00548	0.00144	0.04971	0.00464	0.02788	0.00553
3	0.00722	0.00361	0.00541	0.00541	0.00541	0.00361	0.00361	0.00541	0.00541	0.00722	0.00722	0.01263	0.00722	0.01443	0.01623	0.87915	0.00361	0.00361	0.00180	0.00180
4	0.01215	0.00901	0.00984	0.00813	0.01059	0.00969	0.00655	0.53565	0.01583	0.02099	0.01709	0.14423	0.12659	0.00732	0.00452	0.00137	0.00386	0.04669	0.00405	0.00583
5	0.00805	0.00759	0.01282	0.77651	0.09457	0.00928	0.01164	0.01079	0.00840	0.01086	0.00742	0.01101	0.00562	0.00412	0.00415	0.00137	0.00549	0.00369	0.00186	0.00478
6	0.21343	0.00651	0.00760	0.00640	0.00852	0.00655	0.00513	0.02830	0.01044	0.31168	0.26496	0.01775	0.01779	0.03085	0.00498	0.00140	0.04357	0.00479	0.00412	0.00524
7	0.01678	0.00756	0.00949	0.00738	0.01035	0.00713	0.00606	0.17106	0.01297	0.57875	0.01482	0.01350	0.00971	0.00508	0.00402	0.00124	0.00354	0.00406	0.10983	0.00668
8	0.00850	0.00806	0.01365	0.62208	0.24541	0.00940	0.01186	0.01119	0.00862	0.01141	0.00750	0.01086	0.00582	0.00403	0.00414	0.00134	0.00537	0.00369	0.00190	0.00515
9	0.65825	0.01108	0.00757	0.00682	0.00928	0.22410	0.00541	0.01335	0.00829	0.01644	0.00595	0.00694	0.00472	0.00397	0.00288	0.00123	0.00432	0.00236	0.00246	0.00458
10	0.00596	0.00434	0.00614	0.00614	0.00670	0.00490	0.00453	0.00707	0.00652	0.00925	0.01161	0.01902	0.01156	0.23596	0.63436	0.00602	0.00936	0.00485	0.00230	0.00341
11	0.00936	0.03625	0.51441	0.01334	0.01866	0.00991	0.27166	0.01353	0.00925	0.05249	0.00815	0.00976	0.00584	0.00385	0.00424	0.00133	0.00625	0.00369	0.00203	0.00599
12	0.00535	0.00383	0.00498	0.00564	0.00614	0.00357	0.00396	0.00640	0.00878	0.01186	0.15234	0.59412	0.08377	0.01180	0.00517	0.00160	0.00239	0.05686	0.02794	0.00351
13	0.00960	0.00876	0.01482	0.35558	0.47562	0.00947	0.01202	0.01216	0.00908	0.04181	0.00795	0.01074	0.00629	0.00394	0.00413	0.00130	0.00513	0.00371	0.00208	0.00580
14	0.00511	0.00419	0.00450	0.00447	0.00574	0.00358	0.00333	0.00633	0.00987	0.01228	0.19719	0.06828	0.64031	0.01021	0.00492	0.00139	0.00209	0.00863	0.00400	0.00358
15	0.21680	0.02467	0.00998	0.00870	0.03196	0.10413	0.11818	0.02135	0.05404	0.03456	0.02407	0.16835	0.06195	0.03347	0.03972	0.00169	0.01462	0.02422	0.00295	0.00459
16	0.00879	0.00753	0.01039	0.00921	0.02193	0.01969	0.13315	0.03908	0.30381	0.03538	0.03243	0.26736	0.01680	0.00782	0.00474	0.00149	0.00375	0.05634	0.00370	0.01662
17	0.00966	0.00946	0.01425	0.31067	0.38585	0.06999	0.03105	0.03033	0.00955	0.01271	0.04698	0.01132	0.00768	0.00414	0.00413	0.00127	0.00518	0.00380	0.00217	0.02980

[dist]
# distance from previous block
# <min> <max>
2	14

[block]
# block no. 3 follows, 64 sequences, length 20
# corresponding to MSA columns:
# 179-198
name=unknown_D
#
# <colnr> <probs for GDERKNQSTAVLIFYWHMCP>
#	G	D	E	R	K	N	Q	S	T	A	V	L	I	F	Y	W	H	M	C	P
0	0.00782	0.00571	0.00814	0.16659	0.08292	0.00571	0.00627	0.00986	0.02150	0.09138	0.33435	0.05689	0.12943	0.02771	0.00498	0.00139	0.00318	0.00627	0.00366	0.02623
1	0.00825	0.00668	0.06364	0.00721	0.00916	0.00561	0.06506	0.01073	0.05242	0.12662	0.30662	0.06930	0.16044	0.00795	0.00501	0.00141	0.02506	0.06015	0.00398	0.00468
2	0.01022	0.01021	0.01654	0.05001	0.07488	0.05656	0.34595	0.07732	0.15549	0.01474	0.04651	0.01492	0.01010	0.00501	0.00494	0.00141	0.03550	0.06120	0.00285	0.00564
3	0.00551	0.00382	0.00475	0.00531	0.00547	0.00368	0.00337	0.00596	0.00720	0.00959	0.01880	0.48871	0.02224	0.36230	0.01189	0.00266	0.00312	0.02929	0.00330	0.00303
4	0.01088	0.76958	0.07035	0.00785	0.01158	0.01577	0.04289	0.01252	0.00852	0.01013	0.00599	0.00699	0.00537	0.00357	0.00284	0.00094	0.00466	0.00239	0.00179	0.00539
5	0.83148	0.00874	0.00644	0.00578	0.00832	0.05882	0.00471	0.01247	0.00735	0.01813	0.00582	0.00679	0.00455	0.00388	0.00264	0.00127	0.00347	0.00227	0.00254	0.00452
6	0.00599	0.00401	0.00454	0.00459	0.00460	0.00400	0.00258	0.00603	0.00613	0.00817	0.01354	0.06549	0.01568	0.81492	0.02041	0.00392	0.00395	0.00631	0.00258	0.00256
7	0.01101	0.14974	0.10057	0.05157	0.03256	0.04629	0.16035	0.11815	0.03220	0.09137	0.06607	0.06632	0.01052	0.00522	0.00440	0.00129	0.02526	0.01859	0.00292	0.00559
8	0.00933	0.03038	0.06290	0.20421	0.11495	0.00931	0.33905	0.01226	0.00940	0.04230	0.04918	0.02740	0.00825	0.00416	0.00440	0.00131	0.00561	0.00440	0.00230	0.05890
9	0.00946	0.33331	0.48812	0.01014	0.01517	0.01223	0.03345	0.01310	0.02782	0.01199	0.00707	0.00821	0.00549	0.00383	0.00350	0.00116	0.00546	0.00284	0.00183	0.00583
10	0.01099	0.76786	0.04294	0.00738	0.01085	0.04390	0.00735	0.01243	0.00861	0.00999	0.00655	0.00850	0.00614	0.00393	0.00287	0.00095	0.00457	0.03704	0.00188	0.00527
11	0.00652	0.00509	0.00682	0.00646	0.00671	0.00582	0.02185	0.00711	0.00651	0.00908	0.01239	0.11371	0.01374	0.44264	0.16837	0.00381	0.15168	0.00595	0.00248	0.00325
12	0.01185	0.34186	0.26368	0.00912	0.01317	0.12544	0.00957	0.01465	0.04114	0.12135	0.00823	0.00876	0.00626	0.00407	0.00347	0.00112	0.00521	0.00290	0.00237	0.00579
13	0.00898	0.02942	0.04114	0.39041	0.14806	0.02261	0.07309	0.01190	0.05032	0.05763	0.01078	0.10454	0.02287	0.00523	0.00430	0.00137	0.00495	0.00478	0.00246	0.00516
14	0.00562	0.00395	0.00507	0.00567	0.00625	0.00365	0.00395	0.00673	0.02028	0.03440	0.11302	0.61693	0.11829	0.01188	0.00518	0.00160	0.00240	0.02756	0.00398	0.00361
15	0.04345	0.01029	0.06266	0.07239	0.34523	0.02456	0.03159	0.16374	0.02853	0.14049	0.01043	0.01147	0.02745	0.00443	0.00410	0.00127	0.00470	0.00385	0.00300	0.00638
16	0.06983	0.06995	0.04385	0.02622	0.24077	0.22845	0.14076	0.08489	0.03187	0.01387	0.00768	0.00929	0.00613	0.00400	0.00395	0.00121	0.00577	0.00344	0.00233	0.00574
17	0.03147	0.11885	0.10106	0.00679	0.00887	0.00724	0.00604	0.01098	0.10223	0.05784	0.16796	0.19304	0.09803	0.00765	0.00451	0.00135	0.02178	0.00644	0.04316	0.00470
18	0.00563	0.00398	0.00474	0.00510	0.00554	0.00377	0.00340	0.00630	0.00778	0.01029	0.05927	0.29962	0.14933	0.32631	0.01110	0.00249	0.00302	0.05995	0.02923	0.00314
19	0.00974	0.00927	0.01590	0.14541	0.44981	0.00985	0.10970	0.01249	0.03530	0.02866	0.00867	0.01224	0.00730	0.00453	0.00523	0.00137	0.08770	0.03876	0.00221	0.00585

[dist]
# distance from previous block
# <min> <max>
0	8

[block]
# block no. 4 follows, 64 sequences, length 51
# corresponding to MSA columns:
# 207-232,234-258
name=unknown_E
#
# <colnr> <probs for GDERKNQSTAVLIFYWHMCP>
#	G	D	E	R	K	N	Q	S	T	A	V	L	I	F	Y	W	H	M	C	P
0	0.00884	0.00789	0.00905	0.12077	0.01122	0.13202	0.01869	0.02590	0.00762	0.00978	0.00798	0.01222	0.00732	0.04270	0.14270	0.25101	0.14235	0.00374	0.03455	0.00365
1	0.00598	0.00425	0.00568	0.00568	0.00607	0.00465	0.00395	0.00678	0.00638	0.00890	0.01204	0.02138	0.01258	0.41471	0.45701	0.00544	0.00782	0.00519	0.00236	0.00315
2	0.15928	0.08723	0.01237	0.00986	0.05062	0.21539	0.01714	0.27711	0.01264	0.03522	0.00765	0.00857	0.00596	0.00462	0.00450	0.00123	0.07896	0.00311	0.00288	0.00567
3	0.00705	0.00564	0.00711	0.00754	0.07157	0.00571	0.00525	0.01014	0.13207	0.03103	0.28848	0.09851	0.21655	0.00858	0.00521	0.00143	0.04198	0.04776	0.00394	0.00447
4	0.04473	0.01170	0.03073	0.01038	0.02136	0.19511	0.14611	0.07196	0.24489	0.08965	0.06352	0.01278	0.01036	0.00488	0.00418	0.00128	0.00497	0.00416	0.00332	0.02393
5	0.00512	0.00376	0.00478	0.00547	0.00595	0.00345	0.00373	0.00598	0.00845	0.01113	0.09050	0.64485	0.14936	0.02971	0.00554	0.00166	0.00236	0.01088	0.00389	0.00342
6	0.00838	0.04316	0.77424	0.01169	0.01761	0.00972	0.03290	0.01302	0.00885	0.01315	0.02560	0.00926	0.00604	0.00403	0.00395	0.00131	0.00602	0.00319	0.00182	0.00606
7	0.01932	0.01086	0.01217	0.01026	0.01211	0.14924	0.08840	0.03651	0.27287	0.01357	0.02509	0.02159	0.00882	0.00566	0.00692	0.00143	0.25132	0.00405	0.00286	0.04698
8	0.00921	0.00877	0.01488	0.27357	0.51077	0.00929	0.02850	0.01172	0.00912	0.01254	0.00942	0.01281	0.03729	0.00434	0.00422	0.00131	0.00502	0.02934	0.00212	0.00576
9	0.00888	0.18562	0.67314	0.01091	0.01654	0.01098	0.01373	0.01301	0.00870	0.01249	0.00712	0.00836	0.00528	0.00387	0.00369	0.00123	0.00581	0.00290	0.00176	0.00598
10	0.00785	0.00729	0.00976	0.00871	0.00913	0.00937	0.00703	0.00939	0.04823	0.01120	0.09213	0.08736	0.10572	0.03985	0.01069	0.00177	0.50092	0.02664	0.00269	0.00427
11	0.01637	0.01040	0.01167	0.00898	0.01225	0.01109	0.00741	0.59188	0.03810	0.23079	0.01178	0.01117	0.00803	0.00504	0.00416	0.00126	0.00427	0.00388	0.00441	0.00705
12	0.00574	0.00423	0.00527	0.00574	0.00631	0.00411	0.00397	0.00747	0.07210	0.01184	0.14352	0.51413	0.06487	0.10301	0.00687	0.00185	0.00261	0.02888	0.00385	0.00363
13	0.00830	0.00777	0.01310	0.66998	0.17954	0.00923	0.01157	0.01100	0.00853	0.01128	0.00760	0.01102	0.00585	0.00408	0.00412	0.00135	0.00534	0.00370	0.02167	0.00497
14	0.88336	0.00803	0.00611	0.00546	0.00803	0.00932	0.00450	0.01221	0.00707	0.01864	0.00578	0.00675	0.00450	0.00386	0.00257	0.00129	0.00321	0.00225	0.00257	0.00450
15	0.00719	0.00362	0.00544	0.00544	0.00545	0.00364	0.00364	0.00545	0.00544	0.00726	0.00729	0.01270	0.00728	0.01477	0.03270	0.86165	0.00376	0.00362	0.00181	0.00184
16	0.01552	0.01980	0.01177	0.01070	0.01284	0.83735	0.00803	0.01659	0.01177	0.01017	0.00642	0.00749	0.00535	0.00428	0.00375	0.00107	0.00749	0.00268	0.00214	0.00482
17	0.00722	0.00361	0.00541	0.00541	0.00541	0.00361	0.00361	0.00541	0.00541	0.00722	0.00722	0.01263	0.00722	0.01443	0.01623	0.87915	0.00361	0.00361	0.00180	0.00180
18	0.88336	0.00803	0.00611	0.00546	0.00803	0.00932	0.00450	0.01221	0.00707	0.01864	0.00578	0.00675	0.00450	0.00386	0.00257	0.00129	0.00321	0.00225	0.00257	0.00450
19	0.00976	0.03134	0.04556	0.07217	0.52531	0.02181	0.04403	0.04206	0.02781	0.01416	0.11488	0.01299	0.01081	0.00445	0.00421	0.00126	0.00469	0.00419	0.00248	0.00601
20	0.04255	0.00802	0.00937	0.00777	0.01055	0.03391	0.00626	0.01999	0.28192	0.47543	0.01614	0.02658	0.01133	0.00551	0.00418	0.00134	0.00356	0.02437	0.00461	0.00662
21	0.00993	0.39592	0.40425	0.01023	0.04785	0.04357	0.01127	0.01294	0.00876	0.01154	0.00668	0.00784	0.00535	0.00377	0.00337	0.00111	0.00538	0.00270	0.00179	0.00574
22	0.00574	0.00402	0.00486	0.00506	0.00542	0.00389	0.00330	0.00638	0.00772	0.01034	0.13935	0.21013	0.08093	0.42739	0.03558	0.00291	0.00341	0.03726	0.00326	0.00307
23	0.18682	0.00927	0.02632	0.05006	0.01402	0.00937	0.20488	0.14391	0.05040	0.19830	0.01074	0.04222	0.00798	0.00475	0.00427	0.00134	0.02201	0.00416	0.00335	0.00585
24	0.18350	0.00938	0.04262	0.25665	0.25098	0.04333	0.00977	0.04204	0.00935	0.10250	0.00822	0.01005	0.00618	0.00410	0.00381	0.00129	0.00476	0.00340	0.00250	0.00558
25	0.01464	0.03369	0.03029	0.01067	0.02999	0.24491	0.08364	0.22917	0.01295	0.17107	0.00939	0.00999	0.00687	0.00482	0.00501	0.00127	0.08888	0.00357	0.00320	0.00597
26	0.00918	0.26560	0.57712	0.01058	0.01592	0.01165	0.03085	0.01295	0.00870	0.01217	0.00698	0.00821	0.00531	0.00382	0.00359	0.00119	0.00566	0.00286	0.00177	0.00589
27	0.00538	0.00385	0.00517	0.00606	0.00647	0.00364	0.00434	0.00636	0.00842	0.01118	0.05614	0.66270	0.04173	0.01251	0.00535	0.00171	0.00263	0.14899	0.00388	0.00348
28	0.01113	0.00642	0.00839	0.00705	0.00913	0.00619	0.03843	0.07176	0.08719	0.27581	0.22120	0.08034	0.10529	0.02499	0.01558	0.00148	0.01379	0.00612	0.00436	0.00537
29	0.00604	0.00403	0.00453	0.00453	0.00453	0.00403	0.00252	0.00604	0.00604	0.00805	0.01309	0.02718	0.01510	0.85402	0.02114	0.00403	0.00403	0.00604	0.00252	0.00252
30	0.01201	0.04343	0.01102	0.00924	0.01132	0.32442	0.07217	0.08184	0.02576	0.08676	0.01319	0.17021	0.04104	0.00753	0.03530	0.00150	0.00548	0.03978	0.00307	0.00493
31	0.00577	0.00419	0.00546	0.00528	0.00620	0.00389	0.00392	0.00756	0.01117	0.01568	0.69696	0.10825	0.06715	0.00965	0.02897	0.00150	0.00227	0.00788	0.00441	0.00385
32	0.01365	0.01226	0.01521	0.08241	0.04645	0.22388	0.22993	0.12043	0.01181	0.17538	0.00952	0.01058	0.00687	0.00434	0.00440	0.00127	0.01895	0.00386	0.00295	0.00582
33	0.29417	0.11814	0.01121	0.00851	0.01103	0.42304	0.00677	0.06042	0.01029	0.01376	0.00634	0.00729	0.00517	0.00410	0.00326	0.00113	0.00557	0.00254	0.00235	0.00491
34	0.00936	0.00901	0.01556	0.32735	0.49832	0.00966	0.04666	0.01198	0.00905	0.01247	0.00768	0.01061	0.00618	0.00386	0.00416	0.00130	0.00525	0.00375	0.00198	0.00581
35	0.00835	0.00715	0.00868	0.00668	0.00978	0.00592	0.03075	0.01120	0.09547	0.01377	0.04479	0.09760	0.01046	0.00462	0.00357	0.00087	0.00311	0.00396	0.00287	0.63041
36	0.01677	0.03086	0.01007	0.00768	0.01072	0.00743	0.00633	0.09394	0.10280	0.61080	0.01567	0.01473	0.01054	0.01499	0.00437	0.00133	0.00364	0.02572	0.00479	0.00683
37	0.00604	0.00403	0.00453	0.00453	0.00453	0.00403	0.00252	0.00604	0.00604	0.00805	0.01309	0.02718	0.01510	0.85402	0.02114	0.00403	0.00403	0.00604	0.00252	0.00252
38	0.00909	0.01989	0.72572	0.01140	0.01712	0.00968	0.01424	0.04370	0.05513	0.04350	0.00841	0.00939	0.00593	0.00412	0.00398	0.00132	0.00583	0.00323	0.00211	0.00623
39	0.00517	0.00407	0.00467	0.00488	0.00589	0.00357	0.00355	0.00632	0.00951	0.01212	0.18710	0.25367	0.44883	0.01081	0.00503	0.00147	0.00219	0.02359	0.00399	0.00356
40	0.00881	0.00740	0.00864	0.00621	0.00987	0.00562	0.00497	0.01081	0.02162	0.02710	0.00768	0.00881	0.00632	0.00315	0.00311	0.00064	0.00309	0.00252	0.00253	0.85109
41	0.00559	0.00412	0.00579	0.00613	0.00669	0.00439	0.00448	0.00673	0.00734	0.01016	0.03863	0.31556	0.04790	0.06109	0.44999	0.00443	0.00711	0.00739	0.00294	0.00353
42	0.03667	0.05970	0.01288	0.03895	0.02442	0.04845	0.06451	0.38164	0.08462	0.18921	0.01116	0.01106	0.00786	0.00478	0.00407	0.00126	0.00455	0.00382	0.00384	0.00656
43	0.00952	0.02256	0.32612	0.08238	0.03807	0.07072	0.09819	0.03403	0.03861	0.04323	0.03768	0.03227	0.00808	0.02794	0.02077	0.00154	0.09655	0.00396	0.00230	0.00547
44	0.00528	0.00420	0.00474	0.00466	0.00585	0.00366	0.00347	0.00666	0.01027	0.01324	0.33666	0.07001	0.49688	0.00986	0.00492	0.00138	0.00206	0.00842	0.00413	0.00366
45	0.06182	0.01093	0.01114	0.00896	0.01177	0.13944	0.02685	0.29267	0.05834	0.25538	0.01125	0.01104	0.00788	0.00497	0.00450	0.00127	0.04817	0.00370	0.02360	0.00631
46	0.01552	0.01980	0.01177	0.01070	0.01284	0.83735	0.00803	0.01659	0.01177	0.01017	0.00642	0.00749	0.00535	0.00428	0.00375	0.00107	0.00749	0.00268	0.00214	0.00482
47	0.01296	0.01007	0.01075	0.00891	0.01171	0.01134	0.00714	0.37129	0.44588	0.04292	0.01384	0.01303	0.01014	0.00534	0.00419	0.00133	0.00386	0.00426	0.00422	0.00680
48	0.01556	0.01862	0.01187	0.01054	0.01285	0.71823	0.00801	0.13184	0.01289	0.01248	0.00693	0.00785	0.00560	0.00438	0.00380	0.00110	0.00707	0.00283	0.00243	0.00514
49	0.00504	0.00382	0.00465	0.00527	0.00590	0.00344	0.00364	0.00591	0.00857	0.01102	0.05800	0.56728	0.27833	0.01207	0.00516	0.00158	0.00230	0.01070	0.00388	0.00344
50	0.01563	0.00840	0.01032	0.00826	0.01123	0.03437	0.03562	0.07862	0.22348	0.49038	0.02849	0.01414	0.01084	0.00523	0.00421	0.00131	0.00377	0.00431	0.00461	0.00676

[dist]
# distance from previous block
# <min> <max>
0	1

[block]
# block no. 5 follows, 64 sequences, length 12
# corresponding to MSA columns:
# 260-271
name=unknown_F
#
# <colnr> <probs for GDERKNQSTAVLIFYWHMCP>
#	G	D	E	R	K	N	Q	S	T	A	V	L	I	F	Y	W	H	M	C	P
0	0.00937	0.00894	0.01522	0.33122	0.52950	0.00963	0.01230	0.01195	0.00903	0.01247	0.00765	0.01058	0.00619	0.00387	0.00413	0.00129	0.00516	0.00370	0.00198	0.00585
1	0.01457	0.01634	0.01106	0.00993	0.01220	0.58454	0.00755	0.01812	0.19716	0.07428	0.00958	0.00983	0.00741	0.00466	0.00389	0.00116	0.00623	0.00325	0.00285	0.00539
2	0.00833	0.02149	0.83250	0.01184	0.01798	0.00965	0.01535	0.01315	0.00877	0.01315	0.00745	0.00877	0.00526	0.00395	0.00395	0.00132	0.00614	0.00307	0.00175	0.00614
3	0.00571	0.00424	0.00532	0.00505	0.00610	0.00385	0.00379	0.00751	0.01136	0.01572	0.69080	0.03257	0.17490	0.00884	0.00490	0.00132	0.00198	0.00773	0.00445	0.00385
4	0.06167	0.00862	0.01017	0.00793	0.01108	0.03296	0.00651	0.20430	0.04069	0.55047	0.01407	0.01264	0.00917	0.00503	0.00408	0.00127	0.00387	0.00395	0.00466	0.00685
5	0.00538	0.00408	0.00497	0.00518	0.00609	0.00368	0.00380	0.00669	0.00982	0.01296	0.30265	0.26845	0.28844	0.01059	0.00506	0.00148	0.00223	0.05072	0.00410	0.00363
6	0.00864	0.11451	0.74218	0.01131	0.01716	0.01040	0.01443	0.01307	0.00873	0.01278	0.00727	0.00853	0.00527	0.00390	0.00380	0.00127	0.00595	0.00297	0.00176	0.00605
7	0.00605	0.00407	0.00473	0.00486	0.00496	0.00406	0.00295	0.00625	0.00644	0.00856	0.01433	0.06764	0.01646	0.74047	0.01904	0.00373	0.00393	0.07609	0.00269	0.00267
8	0.05241	0.09148	0.01130	0.00836	0.01106	0.14232	0.02215	0.20445	0.08475	0.20075	0.01337	0.06962	0.04640	0.00565	0.00404	0.00126	0.00440	0.01666	0.00368	0.00589
9	0.03914	0.06582	0.00897	0.03538	0.00956	0.06850	0.04507	0.06696	0.05294	0.03687	0.09696	0.30411	0.08157	0.00816	0.00447	0.00136	0.00350	0.00709	0.00344	0.06016
10	0.03975	0.08809	0.01255	0.00918	0.03355	0.08601	0.12024	0.06879	0.07667	0.05248	0.01038	0.06503	0.02573	0.00458	0.00378	0.00106	0.00430	0.00393	0.00282	0.29108
11	0.06228	0.16003	0.11044	0.02507	0.07314	0.07608	0.05560	0.07502	0.06649	0.14763	0.01102	0.09996	0.00925	0.00522	0.00392	0.00126	0.00459	0.00429	0.00301	0.00573

[dist]
# distance from previous block
# <min> <max>
1	26

[block]
# block no. 6 follows, 64 sequences, length 22
# corresponding to MSA columns:
# 298-319
name=unknown_G
#
# <colnr> <probs for GDERKNQSTAVLIFYWHMCP>
#	G	D	E	R	K	N	Q	S	T	A	V	L	I	F	Y	W	H	M	C	P
0	0.07738	0.00824	0.01054	0.06594	0.08550	0.02506	0.02786	0.09586	0.03889	0.30930	0.02881	0.01209	0.00873	0.02332	0.00425	0.00123	0.00394	0.00372	0.00362	0.16573
1	0.20920	0.00789	0.00984	0.06092	0.02588	0.02862	0.06160	0.07036	0.02753	0.30422	0.04064	0.04795	0.01085	0.00558	0.00405	0.00136	0.00394	0.07017	0.00375	0.00564
2	0.34647	0.00796	0.02639	0.06799	0.11630	0.00809	0.00661	0.01239	0.06524	0.05018	0.06859	0.02388	0.00958	0.00470	0.00351	0.00123	0.00358	0.03604	0.00286	0.13843
3	0.01102	0.82181	0.02140	0.00726	0.01067	0.01628	0.00719	0.01234	0.00835	0.00978	0.00576	0.00676	0.00534	0.00371	0.00311	0.00093	0.03893	0.00228	0.00178	0.00530
4	0.00889	0.01760	0.52696	0.01398	0.01939	0.00997	0.31699	0.01321	0.00916	0.01321	0.00781	0.00969	0.00566	0.00378	0.00431	0.00135	0.00647	0.00376	0.00189	0.00594
5	0.00543	0.00390	0.00522	0.00603	0.00650	0.00369	0.00436	0.00650	0.00865	0.01153	0.09912	0.60593	0.04808	0.01224	0.00533	0.00169	0.00262	0.15576	0.00392	0.00351
6	0.00698	0.00485	0.00617	0.00574	0.00695	0.00467	0.00442	0.03276	0.05605	0.04824	0.66616	0.02962	0.03434	0.00823	0.00483	0.00134	0.00228	0.05442	0.01769	0.00427
7	0.00833	0.02149	0.83250	0.01184	0.01798	0.00965	0.01535	0.01315	0.00877	0.01315	0.00745	0.00877	0.00526	0.00395	0.00395	0.00132	0.00614	0.00307	0.00175	0.00614
8	0.00636	0.00464	0.00625	0.00702	0.00801	0.00452	0.00600	0.00813	0.00961	0.01243	0.06584	0.07284	0.12881	0.01125	0.00557	0.00181	0.00346	0.62982	0.00387	0.00377
9	0.00784	0.00738	0.01246	0.84404	0.02861	0.00923	0.01154	0.01061	0.00831	0.01061	0.00738	0.01107	0.00554	0.00415	0.00415	0.00138	0.00554	0.00369	0.00185	0.00461
10	0.00586	0.00395	0.00458	0.00477	0.00481	0.00390	0.00277	0.00599	0.00640	0.00853	0.01493	0.18216	0.01743	0.69587	0.01816	0.00359	0.00372	0.00713	0.00277	0.00268
11	0.00621	0.00486	0.00721	0.00705	0.00773	0.00586	0.00554	0.00765	0.00665	0.00967	0.01062	0.01567	0.00994	0.02902	0.76415	0.00624	0.08555	0.00438	0.00219	0.00378
12	0.00530	0.00420	0.00477	0.00468	0.00587	0.00367	0.00349	0.00671	0.01033	0.01338	0.35593	0.06780	0.47953	0.00980	0.00492	0.00138	0.00206	0.00838	0.00414	0.00367
13	0.00861	0.00738	0.00861	0.00615	0.00984	0.00554	0.00492	0.01046	0.00861	0.01354	0.00738	0.00861	0.00615	0.00308	0.00308	0.00062	0.00308	0.00246	0.00246	0.87941
14	0.81232	0.04204	0.00696	0.00575	0.00834	0.04452	0.00475	0.01240	0.00732	0.01793	0.00581	0.00678	0.00457	0.00386	0.00262	0.00126	0.00344	0.00227	0.00252	0.00454
15	0.01118	0.00931	0.01016	0.00870	0.01103	0.07350	0.04730	0.11983	0.41148	0.07065	0.12566	0.02798	0.01487	0.00594	0.00448	0.00136	0.01600	0.02057	0.00401	0.00599
16	0.01066	0.00741	0.03561	0.00775	0.01008	0.00702	0.05399	0.05707	0.17887	0.20549	0.17986	0.04049	0.09750	0.00681	0.00473	0.00137	0.02150	0.04685	0.00415	0.02279
17	0.02862	0.01047	0.12279	0.03687	0.19230	0.00921	0.03499	0.11588	0.19356	0.05214	0.03626	0.02376	0.07251	0.00515	0.00417	0.00129	0.00425	0.00441	0.00316	0.04821
18	0.07013	0.03960	0.08294	0.13609	0.25338	0.08534	0.02148	0.07265	0.06322	0.05721	0.05207	0.01142	0.00846	0.00500	0.02248	0.00138	0.00503	0.00373	0.00263	0.00575
19	0.07532	0.04867	0.23114	0.04911	0.23253	0.08290	0.04003	0.01279	0.01972	0.04244	0.03045	0.03063	0.00868	0.01897	0.00433	0.00135	0.00514	0.05780	0.00237	0.00560
20	0.07058	0.14165	0.25029	0.03014	0.15376	0.06678	0.02652	0.03974	0.04764	0.07694	0.03920	0.01020	0.00756	0.00428	0.00392	0.00123	0.01787	0.00338	0.00246	0.00586
21	0.12709	0.12819	0.10791	0.04952	0.12283	0.03848	0.03787	0.03138	0.10292	0.15258	0.01925	0.01131	0.00795	0.04017	0.00446	0.00136	0.00446	0.00358	0.00291	0.00578

[dist]
# distance from previous block
# <min> <max>
1	54

[block]
# block no. 7 follows, 64 sequences, length 38
# corresponding to MSA columns:
# 377-414
name=unknown_H
#
# <colnr> <probs for GDERKNQSTAVLIFYWHMCP>
#	G	D	E	R	K	N	Q	S	T	A	V	L	I	F	Y	W	H	M	C	P
0	0.03237	0.23078	0.28408	0.00989	0.04598	0.07893	0.03091	0.02880	0.02785	0.07904	0.04916	0.03121	0.00855	0.00457	0.00372	0.00118	0.00499	0.01798	0.00246	0.02754
1	0.10608	0.09083	0.34572	0.01200	0.13459	0.02517	0.04747	0.02756	0.02761	0.03600	0.04286	0.02019	0.01936	0.01544	0.00403	0.00128	0.00498	0.00354	0.00231	0.03298
2	0.03137	0.07789	0.60709	0.01148	0.03901	0.04916	0.03536	0.02790	0.02746	0.01335	0.02577	0.00929	0.00629	0.00406	0.00386	0.00126	0.00577	0.00318	0.00199	0.01848
3	0.05865	0.04372	0.64714	0.01125	0.03665	0.00952	0.02393	0.02789	0.00914	0.04664	0.04235	0.00984	0.00694	0.00418	0.00390	0.00130	0.00559	0.00328	0.00211	0.00599
4	0.00902	0.00924	0.07718	0.04872	0.27977	0.00828	0.15296	0.01204	0.05628	0.04652	0.04030	0.06628	0.09680	0.00586	0.00470	0.00139	0.01871	0.05769	0.00277	0.00550
5	0.01478	0.01315	0.01150	0.00954	0.01233	0.24531	0.00757	0.38601	0.17720	0.06450	0.01071	0.01061	0.00788	0.00492	0.00405	0.00123	0.00508	0.00365	0.00365	0.00633
6	0.01577	0.00684	0.00885	0.00719	0.00990	0.02117	0.00584	0.01775	0.04566	0.62653	0.05362	0.06158	0.04942	0.00625	0.00437	0.00134	0.00342	0.04330	0.00483	0.00636
7	0.01770	0.00686	0.00934	0.00723	0.01028	0.00594	0.00594	0.01933	0.01188	0.77103	0.07599	0.01538	0.01241	0.00539	0.00423	0.00129	0.00342	0.00442	0.00510	0.00684
8	0.01061	0.01457	0.22187	0.01293	0.01686	0.14251	0.30490	0.04083	0.13060	0.02479	0.00967	0.03377	0.00750	0.00439	0.00435	0.00133	0.00606	0.00420	0.00249	0.00576
9	0.01084	0.00589	0.00753	0.00672	0.00849	0.02004	0.01659	0.04109	0.04505	0.30085	0.13447	0.27350	0.06203	0.00926	0.03607	0.00162	0.00332	0.00722	0.00432	0.00510
10	0.00599	0.00401	0.00455	0.00459	0.00461	0.00399	0.00259	0.00603	0.00614	0.00818	0.01359	0.06947	0.01574	0.81087	0.02033	0.00391	0.00394	0.00634	0.00259	0.00256
11	0.00701	0.00603	0.00873	0.00811	0.00860	0.00775	0.00652	0.00829	0.00657	0.00976	0.00920	0.01386	0.00871	0.02304	0.55762	0.00502	0.29493	0.00417	0.00209	0.00399
12	0.02493	0.41275	0.40187	0.00946	0.01415	0.04945	0.01097	0.01295	0.00872	0.01153	0.00659	0.00769	0.00528	0.00378	0.00331	0.00110	0.00535	0.00264	0.00180	0.00567
13	0.01061	0.01108	0.16906	0.00994	0.01317	0.02192	0.10787	0.03492	0.34296	0.11664	0.01428	0.06884	0.01141	0.00570	0.00438	0.00141	0.00439	0.04182	0.00353	0.00608
14	0.00516	0.00381	0.00482	0.00542	0.00598	0.00348	0.00374	0.00612	0.00879	0.01162	0.14635	0.58535	0.17035	0.01190	0.00517	0.00158	0.00229	0.01063	0.00396	0.00348
15	0.00868	0.00790	0.01284	0.09522	0.48470	0.00799	0.01021	0.01092	0.00946	0.01298	0.04657	0.02109	0.08609	0.00609	0.00454	0.00140	0.00439	0.16081	0.00265	0.00547
16	0.01011	0.27309	0.47258	0.00997	0.01487	0.02286	0.01169	0.04805	0.04194	0.04737	0.00780	0.00866	0.00587	0.00399	0.00359	0.00118	0.00535	0.00295	0.00211	0.00597
17	0.01006	0.00964	0.01646	0.09983	0.75551	0.00981	0.01264	0.01255	0.00935	0.01330	0.00777	0.01035	0.00648	0.00374	0.00412	0.00125	0.00499	0.00370	0.00204	0.00640
18	0.01864	0.00707	0.00964	0.00739	0.01060	0.00611	0.00611	0.02024	0.01189	0.83099	0.01639	0.01414	0.01028	0.00514	0.00418	0.00129	0.00353	0.00418	0.00514	0.00707
19	0.01059	0.47237	0.31906	0.00903	0.01348	0.03548	0.01016	0.03988	0.00913	0.03701	0.00688	0.00780	0.00552	0.00381	0.00326	0.00107	0.00512	0.00266	0.00196	0.00573
20	0.00494	0.00418	0.00427	0.00430	0.00564	0.00351	0.00320	0.00600	0.00946	0.01133	0.06091	0.07360	0.77338	0.01057	0.00493	0.00141	0.00211	0.00886	0.00388	0.00351
21	0.88336	0.00803	0.00611	0.00546	0.00803	0.00932	0.00450	0.01221	0.00707	0.01864	0.00578	0.00675	0.00450	0.00386	0.00257	0.00129	0.00321	0.00225	0.00257	0.00450
22	0.00941	0.06551	0.36703	0.05667	0.07769	0.00997	0.26537	0.01307	0.00921	0.04741	0.00853	0.03596	0.00660	0.00411	0.00425	0.00132	0.00597	0.00399	0.00210	0.00583
23	0.00685	0.00513	0.00612	0.00568	0.00703	0.00501	0.00434	0.02650	0.12700	0.03409	0.52794	0.02978	0.17049	0.00833	0.00479	0.00134	0.00229	0.01855	0.00439	0.00436
24	0.01652	0.00801	0.01064	0.00825	0.01135	0.00761	0.04773	0.14613	0.07266	0.56354	0.03493	0.03121	0.01081	0.00531	0.00426	0.00130	0.00380	0.00442	0.00472	0.00680
25	0.88336	0.00803	0.00611	0.00546	0.00803	0.00932	0.00450	0.01221	0.00707	0.01864	0.00578	0.00675	0.00450	0.00386	0.00257	0.00129	0.00321	0.00225	0.00257	0.00450
26	0.01068	0.55948	0.22964	0.00849	0.01261	0.03612	0.00921	0.01336	0.04306	0.03372	0.00699	0.00781	0.00576	0.00381	0.00313	0.00104	0.00489	0.00261	0.00198	0.00563
27	0.14088	0.00802	0.00891	0.00758	0.01010	0.00850	0.00611	0.14615	0.23006	0.23354	0.06221	0.04600	0.01273	0.00594	0.00413	0.00137	0.00347	0.05406	0.00420	0.00604
28	0.00523	0.00414	0.00450	0.00455	0.00556	0.00367	0.00322	0.00615	0.00883	0.01099	0.09668	0.10404	0.52929	0.16043	0.03265	0.00204	0.00273	0.00831	0.00363	0.00336
29	0.00985	0.00502	0.00655	0.00585	0.00745	0.00450	0.00449	0.01146	0.01091	0.27253	0.35572	0.14864	0.07034	0.00800	0.00461	0.00134	0.00253	0.00695	0.05844	0.00481
30	0.01230	0.00960	0.01029	0.00853	0.01117	0.01069	0.00683	0.39865	0.33254	0.02114	0.06954	0.03328	0.04483	0.00588	0.00429	0.00133	0.00374	0.00475	0.00419	0.00643
31	0.00591	0.00399	0.00455	0.00465	0.00471	0.00395	0.00267	0.00601	0.00634	0.00841	0.01497	0.11065	0.04128	0.74332	0.01905	0.00371	0.00380	0.00671	0.00269	0.00263
32	0.03785	0.01023	0.10704	0.01067	0.05085	0.03878	0.17897	0.12277	0.01038	0.01464	0.01110	0.18294	0.01054	0.00568	0.00423	0.00124	0.00459	0.00521	0.00280	0.18948
33	0.01045	0.56945	0.26714	0.00864	0.01297	0.01423	0.00964	0.04488	0.00899	0.01146	0.00645	0.00743	0.00538	0.00373	0.00311	0.00103	0.00496	0.00254	0.00187	0.00565
34	0.00616	0.00436	0.00529	0.00501	0.00622	0.00388	0.00377	0.00778	0.01092	0.05461	0.50885	0.05302	0.29657	0.00910	0.00488	0.00135	0.00210	0.00787	0.00435	0.00392
35	0.00529	0.00373	0.00484	0.00558	0.00580	0.00358	0.00366	0.00590	0.00753	0.01007	0.02051	0.65772	0.02437	0.17530	0.04354	0.00235	0.00309	0.01039	0.00353	0.00322
36	0.00684	0.00520	0.00652	0.00613	0.00646	0.00597	0.00444	0.00767	0.00750	0.01096	0.11407	0.09365	0.05063	0.32377	0.01279	0.00243	0.20251	0.00597	0.12301	0.00347
37	0.00756	0.00505	0.00626	0.00643	0.00744	0.00504	0.00462	0.01059	0.16567	0.09887	0.07226	0.54912	0.02355	0.01047	0.00495	0.00157	0.00267	0.00935	0.00411	0.00442

[dist]
# distance from previous block
# <min> <max>
2	3

[block]
# block no. 8 follows, 64 sequences, length 38
# corresponding to MSA columns:
# 418-455
name=unknown_I
#
# <colnr> <probs for GDERKNQSTAVLIFYWHMCP>
#	G	D	E	R	K	N	Q	S	T	A	V	L	I	F	Y	W	H	M	C	P
0	0.00784	0.00738	0.01246	0.84404	0.02861	0.00923	0.01154	0.01061	0.00831	0.01061	0.00738	0.01107	0.00554	0.00415	0.00415	0.00138	0.00554	0.00369	0.00185	0.00461
1	0.88336	0.00803	0.00611	0.00546	0.00803	0.00932	0.00450	0.01221	0.00707	0.01864	0.00578	0.00675	0.00450	0.00386	0.00257	0.00129	0.00321	0.00225	0.00257	0.00450
2	0.00795	0.00749	0.01265	0.80868	0.06315	0.00926	0.01159	0.01071	0.00836	0.01074	0.00740	0.01104	0.00558	0.00413	0.00415	0.00138	0.00551	0.00369	0.00185	0.00470
3	0.00598	0.00428	0.00579	0.00579	0.00623	0.00471	0.00409	0.00685	0.00641	0.00899	0.01193	0.02080	0.01233	0.37027	0.50110	0.00558	0.00820	0.00511	0.00235	0.00322
4	0.02800	0.82092	0.04001	0.00718	0.01078	0.01614	0.00725	0.01245	0.00842	0.01002	0.00581	0.00671	0.00531	0.00357	0.00269	0.00091	0.00446	0.00224	0.00179	0.00533
5	0.00515	0.00419	0.00457	0.00466	0.00588	0.00362	0.00350	0.00634	0.00965	0.01197	0.14619	0.10993	0.60844	0.01051	0.00498	0.00144	0.00220	0.04927	0.00395	0.00357
6	0.01076	0.78016	0.07284	0.00733	0.01099	0.01565	0.00752	0.01231	0.00849	0.01003	0.00687	0.00771	0.02773	0.00377	0.00281	0.00093	0.00449	0.00245	0.00183	0.00533
7	0.00617	0.00453	0.00601	0.00671	0.00768	0.00437	0.00562	0.00783	0.00954	0.01234	0.08126	0.12115	0.16411	0.01125	0.00549	0.00176	0.00326	0.53329	0.00389	0.00373
8	0.00639	0.00480	0.00675	0.00658	0.00726	0.00555	0.00500	0.03324	0.00697	0.00993	0.01118	0.01761	0.01085	0.16431	0.64410	0.00587	0.04298	0.00466	0.00232	0.00365
9	0.04823	0.09356	0.22552	0.05237	0.14996	0.02649	0.00986	0.04091	0.00941	0.10052	0.00845	0.02227	0.00657	0.00414	0.00401	0.00115	0.03174	0.00327	0.00246	0.15911
10	0.06016	0.13722	0.08012	0.00930	0.02667	0.20252	0.00792	0.17011	0.15434	0.09731	0.00992	0.01003	0.00743	0.00457	0.00375	0.00119	0.00496	0.00335	0.00313	0.00598
11	0.01167	0.00845	0.00918	0.00752	0.00950	0.00922	0.00575	0.45908	0.03960	0.01873	0.01141	0.01653	0.01026	0.30387	0.03689	0.00240	0.00448	0.00460	0.02557	0.00526
12	0.00548	0.00396	0.00473	0.00515	0.00561	0.00373	0.00345	0.00611	0.00773	0.00999	0.02351	0.33957	0.19145	0.30123	0.01069	0.00245	0.00300	0.06562	0.00339	0.00314
13	0.00784	0.00738	0.01246	0.84404	0.02861	0.00923	0.01154	0.01061	0.00831	0.01061	0.00738	0.01107	0.00554	0.00415	0.00415	0.00138	0.00554	0.00369	0.00185	0.00461
14	0.00506	0.00361	0.00482	0.00578	0.00602	0.00337	0.00386	0.00578	0.00795	0.01060	0.02289	0.85131	0.02747	0.01301	0.00530	0.00169	0.00241	0.01181	0.00386	0.00337
15	0.00784	0.00738	0.01246	0.84404	0.02861	0.00923	0.01154	0.01061	0.00831	0.01061	0.00738	0.01107	0.00554	0.00415	0.00415	0.00138	0.00554	0.00369	0.00185	0.00461
16	0.88336	0.00803	0.00611	0.00546	0.00803	0.00932	0.00450	0.01221	0.00707	0.01864	0.00578	0.00675	0.00450	0.00386	0.00257	0.00129	0.00321	0.00225	0.00257	0.00450
17	0.01028	0.00987	0.01686	0.02550	0.82811	0.00987	0.01275	0.01275	0.00946	0.01357	0.00781	0.01028	0.00658	0.00370	0.00411	0.00123	0.00493	0.00370	0.00206	0.00658
18	0.01033	0.00892	0.00939	0.00845	0.01080	0.01033	0.00657	0.02207	0.82061	0.01738	0.01691	0.01550	0.01268	0.00564	0.00423	0.00141	0.00329	0.00470	0.00423	0.00657
19	0.00593	0.00445	0.00668	0.00668	0.00742	0.00519	0.00519	0.00742	0.00668	0.00964	0.01113	0.01632	0.01038	0.03115	0.83756	0.00668	0.01113	0.00445	0.00223	0.00371
20	0.01064	0.71686	0.15737	0.00790	0.01188	0.01530	0.00849	0.01256	0.00850	0.01034	0.00606	0.00702	0.00532	0.00362	0.00288	0.00096	0.00473	0.00236	0.00177	0.00547
21	0.00603	0.00459	0.00686	0.00680	0.00752	0.00542	0.00531	0.00749	0.00667	0.00965	0.01096	0.01610	0.01024	0.03044	0.81286	0.00653	0.03616	0.00443	0.00221	0.00373
22	0.01008	0.00963	0.01641	0.06068	0.77225	0.00971	0.01254	0.01255	0.00941	0.01341	0.00816	0.01125	0.00698	0.00392	0.00416	0.00126	0.00493	0.02415	0.00209	0.00642
23	0.00505	0.00407	0.00449	0.00468	0.00577	0.00352	0.00340	0.00611	0.00935	0.01164	0.11889	0.22853	0.55819	0.01089	0.00500	0.00146	0.00216	0.00935	0.00393	0.00352
24	0.00919	0.00986	0.06078	0.01334	0.01673	0.00876	0.48153	0.03781	0.04090	0.03236	0.04935	0.10666	0.01114	0.00576	0.02107	0.00149	0.00567	0.03106	0.00269	0.05385
25	0.00638	0.00505	0.00735	0.00715	0.00775	0.00610	0.00561	0.00771	0.00672	0.00972	0.01102	0.03077	0.01070	0.07024	0.64166	0.00564	0.12312	0.03129	0.00227	0.00376
26	0.01107	0.15516	0.17153	0.17511	0.05494	0.04703	0.04513	0.14699	0.08964	0.05125	0.00891	0.01008	0.00668	0.00429	0.00388	0.00124	0.00512	0.00346	0.00261	0.00588
27	0.01369	0.01094	0.01595	0.01233	0.03747	0.05449	0.26872	0.30111	0.02783	0.15264	0.01015	0.01099	0.00725	0.00460	0.00490	0.00133	0.05182	0.00414	0.00336	0.00631
