[name]
unknown

[dist]
# distance from previous block
# <min> <max>
0	33

[block]
# block no. 0 follows, 68 sequences, length 18
# corresponding to MSA columns:
# 33-50
name=unknown_A
#
# <colnr> <probs for GDERKNQSTAVLIFYWHMCP>
#	G	D	E	R	K	N	Q	S	T	A	V	L	I	F	Y	W	H	M	C	P
0	0.00973	0.57638	0.15916	0.00847	0.01212	0.01334	0.08015	0.01178	0.00831	0.01044	0.03017	0.00895	0.00662	0.00389	0.00331	0.00102	0.02237	0.02681	0.00186	0.00514
1	0.04795	0.40941	0.33132	0.00870	0.01297	0.01255	0.00976	0.10324	0.00931	0.01268	0.00657	0.00748	0.00521	0.00370	0.00317	0.00106	0.00482	0.00259	0.00198	0.00553
2	0.01012	0.64975	0.14660	0.00747	0.01125	0.01384	0.00787	0.03098	0.00837	0.01046	0.00597	0.00688	0.00517	0.00345	0.00280	0.00090	0.00440	0.00230	0.00179	0.06962
3	0.01007	0.64192	0.11121	0.00854	0.07299	0.01373	0.00792	0.01183	0.00818	0.01023	0.00595	0.00698	0.00523	0.00341	0.00281	0.00090	0.00436	0.00233	0.00176	0.06964
4	0.01126	0.42163	0.10970	0.02925	0.09338	0.07443	0.00809	0.01310	0.00888	0.12169	0.00744	0.00818	0.00590	0.00368	0.00315	0.00098	0.00450	0.00269	0.00223	0.06984
5	0.00703	0.08330	0.00738	0.00675	0.06671	0.06855	0.00427	0.00761	0.00696	0.00885	0.01258	0.12885	0.02800	0.47050	0.07377	0.00301	0.00445	0.00568	0.00245	0.00330
6	0.00586	0.00476	0.00747	0.00796	0.06805	0.00484	0.06620	0.00713	0.00738	0.01014	0.01606	0.36963	0.04698	0.04270	0.31170	0.00335	0.00588	0.00738	0.00282	0.00370
7	0.07788	0.05829	0.02640	0.00698	0.00858	0.08636	0.01865	0.02438	0.00811	0.11266	0.03340	0.07494	0.01043	0.01732	0.41332	0.00372	0.00730	0.00432	0.00265	0.00431
8	0.45520	0.03698	0.00778	0.00608	0.00885	0.07095	0.00493	0.05090	0.02056	0.01561	0.00669	0.02335	0.00551	0.00372	0.00283	0.00101	0.00342	0.00251	0.00249	0.27062
9	0.03719	0.17111	0.20467	0.00893	0.01235	0.02335	0.06943	0.17503	0.06651	0.05571	0.04010	0.08454	0.02413	0.00506	0.00380	0.00120	0.00442	0.00415	0.00282	0.00551
10	0.04333	0.25846	0.30616	0.00947	0.02797	0.09176	0.02665	0.05991	0.03257	0.03690	0.00717	0.00821	0.00562	0.00435	0.01790	0.00121	0.03671	0.00282	0.00208	0.02075
11	0.04009	0.07007	0.10833	0.02154	0.02038	0.10285	0.03728	0.11182	0.09134	0.05688	0.07804	0.01252	0.05380	0.00463	0.00368	0.00108	0.00413	0.00370	0.00290	0.17495
12	0.04047	0.09565	0.20746	0.07156	0.05313	0.02716	0.10468	0.04931	0.04090	0.12331	0.07670	0.01238	0.03212	0.01744	0.00410	0.00124	0.00458	0.00384	0.00270	0.03124
13	0.02973	0.09952	0.14835	0.00833	0.02683	0.02436	0.06334	0.02755	0.05764	0.19273	0.10291	0.03221	0.03136	0.00477	0.00377	0.00112	0.00391	0.00400	0.00311	0.13448
14	0.03838	0.16253	0.09813	0.03277	0.03287	0.02426	0.06342	0.06863	0.15145	0.13079	0.05644	0.02101	0.00929	0.00444	0.00365	0.00113	0.00405	0.00365	0.00300	0.09012
15	0.04149	0.01067	0.09777	0.00986	0.02434	0.10500	0.17359	0.05958	0.09608	0.06714	0.06990	0.02191	0.03206	0.00453	0.00410	0.00115	0.02182	0.00396	0.00279	0.15227
16	0.05538	0.13068	0.10440	0.03093	0.07536	0.05819	0.05097	0.06807	0.04939	0.07708	0.04348	0.01999	0.02779	0.00437	0.00401	0.00110	0.04502	0.00344	0.00260	0.14775
17	0.05555	0.10485	0.03112	0.04776	0.05452	0.03222	0.09719	0.06492	0.04878	0.09401	0.08389	0.01376	0.04056	0.06752	0.00584	0.00140	0.08347	0.00408	0.01866	0.04989

[dist]
# distance from previous block
# <min> <max>
13	150

[block]
# block no. 1 follows, 68 sequences, length 18
# corresponding to MSA columns:
# 224-241
name=unknown_B
#
# <colnr> <probs for GDERKNQSTAVLIFYWHMCP>
#	G	D	E	R	K	N	Q	S	T	A	V	L	I	F	Y	W	H	M	C	P
0	0.02012	0.34055	0.34439	0.00844	0.01233	0.01089	0.00947	0.03913	0.00867	0.01177	0.06262	0.05977	0.00888	0.00539	0.03079	0.00129	0.00480	0.01340	0.00211	0.00517
1	0.02827	0.26598	0.39297	0.00914	0.01342	0.01128	0.01029	0.14453	0.00985	0.01358	0.00768	0.04227	0.00627	0.00475	0.02254	0.00125	0.00504	0.00314	0.00216	0.00559
2	0.02638	0.49838	0.19101	0.00813	0.01193	0.01340	0.00848	0.13496	0.05134	0.01289	0.00699	0.00769	0.00567	0.00378	0.00309	0.00102	0.00452	0.00263	0.00217	0.00555
3	0.02813	0.26956	0.07014	0.00880	0.01224	0.01297	0.04047	0.47663	0.01417	0.01880	0.00802	0.00848	0.00606	0.00420	0.00353	0.00110	0.00450	0.00311	0.00302	0.00608
4	0.01004	0.61718	0.19131	0.00779	0.01161	0.01379	0.00837	0.03558	0.03281	0.01082	0.02521	0.00765	0.00607	0.00368	0.00293	0.00097	0.00450	0.00252	0.00189	0.00530
5	0.01187	0.37089	0.06103	0.02810	0.03647	0.01299	0.04041	0.32941	0.01222	0.01586	0.00760	0.00867	0.00610	0.02383	0.01734	0.00120	0.00461	0.00303	0.00263	0.00572
6	0.01050	0.83139	0.05156	0.00695	0.01044	0.01545	0.00708	0.01190	0.00807	0.00945	0.00557	0.00644	0.00509	0.00341	0.00259	0.00086	0.00430	0.00215	0.00170	0.00512
7	0.00500	0.00394	0.00442	0.00446	0.00547	0.00346	0.00323	0.00611	0.00917	0.01169	0.22774	0.13610	0.48859	0.06583	0.00575	0.00151	0.00213	0.00826	0.00376	0.00336
8	0.00937	0.29291	0.41807	0.01078	0.06318	0.05502	0.04974	0.01240	0.00844	0.01130	0.00655	0.00786	0.00518	0.00372	0.00369	0.00112	0.03067	0.00278	0.00174	0.00550
9	0.00506	0.00391	0.00420	0.00428	0.00508	0.00350	0.00290	0.00574	0.00792	0.00982	0.04844	0.11066	0.47988	0.28008	0.00964	0.00216	0.00261	0.00779	0.00329	0.00304
10	0.00511	0.00424	0.00450	0.00439	0.00570	0.00373	0.00331	0.00676	0.04840	0.01198	0.19034	0.03542	0.64331	0.00945	0.00465	0.00132	0.00204	0.00796	0.00383	0.00356
11	0.00635	0.00521	0.00571	0.00569	0.00698	0.00528	0.00426	0.01020	0.24188	0.01220	0.02720	0.19467	0.35045	0.04810	0.00533	0.00154	0.00258	0.05854	0.00372	0.00413
12	0.12662	0.15303	0.44283	0.00927	0.01373	0.01055	0.01059	0.11024	0.04687	0.03071	0.00751	0.00832	0.00556	0.00391	0.00344	0.00118	0.00487	0.00286	0.00223	0.00567
13	0.12310	0.04475	0.03887	0.23670	0.07663	0.01827	0.02161	0.03129	0.08299	0.16838	0.03643	0.05714	0.00890	0.00473	0.00377	0.00124	0.00406	0.00395	0.00292	0.03427
14	0.20602	0.06617	0.04577	0.01247	0.28105	0.03576	0.00791	0.03971	0.05788	0.02647	0.00747	0.00871	0.00600	0.00364	0.00330	0.00106	0.00396	0.00290	0.00236	0.18140
15	0.06245	0.30285	0.08054	0.00743	0.01087	0.02311	0.02665	0.07156	0.05543	0.12365	0.00829	0.00870	0.00638	0.00376	0.00317	0.00096	0.00396	0.00279	0.00262	0.19481
16	0.31201	0.17562	0.04987	0.03633	0.03405	0.02312	0.00625	0.09450	0.03349	0.03621	0.03512	0.00856	0.00657	0.00388	0.00303	0.00106	0.00370	0.00273	0.00254	0.13137
17	0.02080	0.03186	0.01964	0.04770	0.08723	0.00863	0.01870	0.15802	0.19396	0.11622	0.06612	0.04378	0.01070	0.00500	0.00414	0.00118	0.02897	0.00412	0.00340	0.12983

[dist]
# distance from previous block
# <min> <max>
30	136

[block]
# block no. 2 follows, 68 sequences, length 10
# corresponding to MSA columns:
# 414-419,432-435
name=unknown_C
#
# <colnr> <probs for GDERKNQSTAVLIFYWHMCP>
#	G	D	E	R	K	N	Q	S	T	A	V	L	I	F	Y	W	H	M	C	P
0	0.00943	0.06143	0.05162	0.08974	0.02953	0.02318	0.06635	0.10580	0.09827	0.08174	0.08488	0.11455	0.05581	0.00597	0.00422	0.00125	0.01527	0.02147	0.00318	0.07631
1	0.03700	0.00861	0.02663	0.07844	0.09788	0.02342	0.06695	0.14323	0.10419	0.12003	0.06135	0.01362	0.00996	0.00500	0.00460	0.00125	0.06043	0.04682	0.00315	0.08743
2	0.04389	0.00817	0.02700	0.03297	0.07699	0.03574	0.08179	0.03702	0.21921	0.06401	0.04542	0.03824	0.02466	0.00797	0.10117	0.00184	0.04710	0.01897	0.00300	0.08483
3	0.11240	0.00871	0.00980	0.00743	0.01065	0.00853	0.03397	0.29160	0.05327	0.03736	0.00842	0.00901	0.00640	0.00384	0.00338	0.00095	0.00359	0.00297	0.00305	0.38466
4	0.06892	0.05727	0.01129	0.03899	0.17650	0.06781	0.00753	0.11630	0.25036	0.04493	0.01058	0.03456	0.00838	0.00453	0.00371	0.00117	0.00398	0.00370	0.00303	0.08647
5	0.00570	0.00446	0.00500	0.00484	0.00603	0.00402	0.00353	0.04965	0.00923	0.01192	0.13631	0.18647	0.40998	0.08349	0.00596	0.00154	0.00239	0.00790	0.00359	0.05796
6	0.01073	0.64445	0.09833	0.00814	0.01166	0.10324	0.05337	0.01241	0.00850	0.00987	0.00587	0.00688	0.00514	0.00350	0.00289	0.00093	0.00484	0.00239	0.00175	0.00512
7	0.00736	0.05798	0.00691	0.00553	0.00720	0.00504	0.00426	0.03972	0.00957	0.08034	0.21096	0.22338	0.16613	0.00796	0.00427	0.00121	0.00254	0.00687	0.00361	0.14917
8	0.01255	0.18936	0.08634	0.00876	0.01144	0.36215	0.00755	0.06627	0.03306	0.08825	0.00851	0.05372	0.00717	0.00567	0.04135	0.00132	0.00569	0.00329	0.00248	0.00507
9	0.07327	0.00802	0.02458	0.00921	0.12472	0.08124	0.00637	0.03504	0.02987	0.31277	0.10520	0.04709	0.03806	0.05083	0.00480	0.00134	0.00370	0.00446	0.00360	0.03584

[dist]
# distance from previous block
# <min> <max>
5	13

[block]
# block no. 3 follows, 68 sequences, length 11
# corresponding to MSA columns:
# 454-464
name=unknown_D
#
# <colnr> <probs for GDERKNQSTAVLIFYWHMCP>
#	G	D	E	R	K	N	Q	S	T	A	V	L	I	F	Y	W	H	M	C	P
0	0.67666	0.03603	0.00721	0.02844	0.00882	0.03592	0.00491	0.06544	0.00795	0.03729	0.00628	0.00716	0.00483	0.00378	0.00270	0.00118	0.00336	0.00237	0.01641	0.04328
1	0.00958	0.01000	0.06695	0.07354	0.38670	0.02411	0.13585	0.05682	0.08394	0.01356	0.03712	0.01173	0.00803	0.00427	0.00450	0.00127	0.04180	0.02214	0.00235	0.00575
2	0.04040	0.08673	0.02093	0.01721	0.02512	0.03803	0.00579	0.10180	0.03999	0.06386	0.00841	0.03589	0.00691	0.00385	0.00338	0.00086	0.01594	0.00299	0.00269	0.47922
3	0.00478	0.00390	0.00423	0.00439	0.00548	0.00335	0.00320	0.00578	0.00890	0.01096	0.09359	0.20393	0.61295	0.01039	0.00476	0.00139	0.00206	0.00887	0.00373	0.00335
4	0.00844	0.00715	0.00778	0.00759	0.02739	0.04109	0.00562	0.03914	0.41459	0.01376	0.03176	0.13565	0.01479	0.08819	0.07930	0.00206	0.00399	0.06325	0.00352	0.00496
5	0.03853	0.14902	0.12548	0.01111	0.04715	0.07998	0.18036	0.20574	0.03961	0.05529	0.00819	0.00919	0.00617	0.00405	0.00398	0.00118	0.02323	0.00341	0.00260	0.00573
6	0.00560	0.00434	0.00517	0.00513	0.00605	0.00418	0.00373	0.00754	0.07035	0.01266	0.31835	0.19672	0.24584	0.07049	0.00600	0.00155	0.02090	0.00794	0.00382	0.00364
7	0.01138	0.58143	0.05997	0.00776	0.01093	0.17886	0.00731	0.05546	0.00936	0.01060	0.03128	0.00750	0.00617	0.00377	0.00295	0.00093	0.00483	0.00248	0.00197	0.00508
8	0.00570	0.00454	0.00526	0.00514	0.00644	0.00396	0.00376	0.00703	0.03348	0.01096	0.02480	0.28319	0.30818	0.07048	0.00562	0.00149	0.00252	0.05207	0.00336	0.16201
9	0.01016	0.49541	0.26695	0.00882	0.01297	0.01297	0.05447	0.05243	0.00884	0.03482	0.00662	0.00757	0.00534	0.00361	0.00314	0.00103	0.00485	0.00263	0.00191	0.00546
10	0.01113	0.07352	0.14177	0.00823	0.02861	0.00804	0.03231	0.15345	0.05043	0.20413	0.17258	0.04756	0.03974	0.00560	0.00406	0.00123	0.00375	0.00468	0.00361	0.00558

[dist]
# distance from previous block
# <min> <max>
2	6

[block]
# block no. 4 follows, 68 sequences, length 42
# corresponding to MSA columns:
# 471-512
name=unknown_E
#
# <colnr> <probs for GDERKNQSTAVLIFYWHMCP>
#	G	D	E	R	K	N	Q	S	T	A	V	L	I	F	Y	W	H	M	C	P
0	0.06270	0.32727	0.31149	0.00893	0.01294	0.01160	0.04238	0.05097	0.04111	0.03651	0.00781	0.01904	0.01833	0.00405	0.00360	0.00113	0.02965	0.00298	0.00210	0.00543
1	0.01002	0.00938	0.01604	0.02271	0.72917	0.00937	0.06052	0.01277	0.04230	0.03729	0.00808	0.01018	0.00660	0.00364	0.00398	0.00120	0.00473	0.00365	0.00214	0.00624
2	0.06642	0.00700	0.00794	0.00577	0.00916	0.00547	0.00462	0.00997	0.00815	0.01318	0.00792	0.00898	0.03008	0.00319	0.00296	0.00065	0.00292	0.00251	0.00240	0.80071
3	0.00689	0.00344	0.00517	0.00517	0.00517	0.00344	0.00344	0.00517	0.00517	0.00689	0.00689	0.01205	0.00689	0.01377	0.01550	0.88464	0.00344	0.00344	0.00172	0.00172
4	0.00776	0.00729	0.01213	0.75435	0.09197	0.00890	0.01094	0.01068	0.03726	0.01059	0.00740	0.01066	0.00561	0.00398	0.00396	0.00131	0.00516	0.00356	0.00186	0.00462
5	0.00907	0.00889	0.04824	0.24021	0.26940	0.02021	0.18223	0.01156	0.00878	0.05891	0.00922	0.07330	0.00790	0.01924	0.00447	0.00134	0.00508	0.01448	0.00223	0.00524
6	0.00813	0.00694	0.00815	0.00589	0.00931	0.00527	0.00471	0.00987	0.00815	0.01278	0.00718	0.00850	0.00602	0.00394	0.03451	0.00080	0.00322	0.00242	0.00234	0.85184
7	0.88866	0.00767	0.00583	0.00521	0.00767	0.00889	0.00429	0.01166	0.00675	0.01779	0.00552	0.00644	0.00429	0.00368	0.00245	0.00123	0.00307	0.00215	0.00245	0.00429
8	0.01456	0.00786	0.03353	0.00747	0.01032	0.00742	0.00622	0.10551	0.20216	0.48361	0.03384	0.01457	0.04386	0.00525	0.00403	0.00126	0.00341	0.00427	0.00445	0.00641
9	0.01110	0.56875	0.01717	0.00767	0.01039	0.19736	0.00692	0.01233	0.00882	0.00982	0.05555	0.00809	0.00705	0.00406	0.00359	0.00097	0.06097	0.00261	0.00194	0.00485
10	0.00549	0.00458	0.00658	0.00618	0.00736	0.00415	0.08768	0.00686	0.00903	0.01173	0.16839	0.27718	0.31161	0.00979	0.00485	0.00144	0.00267	0.06720	0.00363	0.00361
11	0.01457	0.01017	0.01102	0.00867	0.01166	0.02265	0.00709	0.56505	0.15332	0.13678	0.01143	0.01092	0.00805	0.00487	0.00398	0.00122	0.00406	0.00377	0.00408	0.00664
12	0.01045	0.81455	0.06793	0.00704	0.01058	0.01532	0.00724	0.01191	0.00807	0.00951	0.00560	0.00648	0.00508	0.00341	0.00261	0.00087	0.00433	0.00217	0.00169	0.00513
13	0.00590	0.00406	0.00597	0.00597	0.00649	0.00458	0.00446	0.00661	0.00609	0.00864	0.01007	0.01578	0.00972	0.09617	0.62005	0.17132	0.00870	0.00422	0.00207	0.00310
14	0.00577	0.00384	0.00432	0.00432	0.00432	0.00384	0.00240	0.00577	0.00577	0.00769	0.01249	0.02595	0.01441	0.86066	0.02018	0.00384	0.00384	0.00577	0.00240	0.00240
15	0.01481	0.01890	0.01124	0.01021	0.01226	0.84474	0.00766	0.01583	0.01124	0.00970	0.00613	0.00715	0.00511	0.00409	0.00358	0.00102	0.00715	0.00255	0.00204	0.00460
16	0.00567	0.00421	0.00618	0.00618	0.00683	0.00485	0.00472	0.00696	0.00632	0.00906	0.01079	0.01653	0.01033	0.10655	0.76870	0.00614	0.00999	0.00439	0.00215	0.00343
17	0.88866	0.00767	0.00583	0.00521	0.00767	0.00889	0.00429	0.01166	0.00675	0.01779	0.00552	0.00644	0.00429	0.00368	0.00245	0.00123	0.00307	0.00215	0.00245	0.00429
18	0.00580	0.00389	0.00445	0.00450	0.00456	0.00389	0.00264	0.00591	0.00597	0.00794	0.01301	0.02708	0.01492	0.80919	0.01929	0.00372	0.00383	0.05443	0.00248	0.00248
19	0.01179	0.60806	0.01786	0.00779	0.01077	0.25247	0.00703	0.01315	0.02221	0.00955	0.00586	0.00672	0.00521	0.00362	0.00286	0.00091	0.00505	0.00228	0.00183	0.00497
20	0.00802	0.02011	0.81037	0.01177	0.04672	0.00922	0.01456	0.01254	0.00839	0.01257	0.00713	0.00842	0.00507	0.00376	0.00377	0.00125	0.00582	0.00295	0.00168	0.00587
21	0.00722	0.00599	0.05159	0.00649	0.00755	0.00560	0.05269	0.00880	0.06135	0.05976	0.01370	0.03046	0.05652	0.44733	0.08210	0.00308	0.05568	0.03781	0.00267	0.00360
22	0.01084	0.00880	0.00937	0.00817	0.01057	0.01005	0.00643	0.12878	0.69072	0.04701	0.01523	0.01404	0.01130	0.00528	0.00402	0.00132	0.00331	0.00434	0.00406	0.00636
23	0.00682	0.00347	0.00511	0.00511	0.00511	0.00347	0.00338	0.00520	0.00520	0.00694	0.00722	0.01289	0.00734	0.06481	0.01578	0.83156	0.00347	0.00358	0.00176	0.00176
24	0.01086	0.00835	0.07885	0.11363	0.08470	0.02001	0.00779	0.01488	0.17997	0.23053	0.01366	0.04050	0.01897	0.00553	0.00412	0.00130	0.00391	0.10040	0.00341	0.05863
25	0.01079	0.00920	0.12109	0.00908	0.06035	0.05759	0.04133	0.08437	0.06298	0.20846	0.02618	0.18565	0.02482	0.00680	0.00462	0.02794	0.00398	0.04608	0.00343	0.00526
26	0.00584	0.00413	0.00620	0.00620	0.00680	0.00474	0.00474	0.00680	0.00620	0.00887	0.01008	0.01507	0.00947	0.02743	0.72487	0.13351	0.00958	0.00413	0.00207	0.00328
27	0.00939	0.00491	0.00628	0.07665	0.00841	0.00480	0.00460	0.01997	0.02590	0.21100	0.14591	0.12997	0.01620	0.00626	0.00381	0.00119	0.00262	0.00534	0.31229	0.00451
28	0.03193	0.02951	0.02275	0.08180	0.05949	0.04129	0.13430	0.06299	0.00934	0.12841	0.02974	0.10077	0.02702	0.00708	0.04298	0.00160	0.10804	0.05801	0.01805	0.00491
29	0.00917	0.00878	0.01513	0.15583	0.62301	0.00908	0.04431	0.01156	0.00870	0.01226	0.00761	0.01032	0.00633	0.00517	0.05465	0.00152	0.00524	0.00362	0.00194	0.00578
30	0.00920	0.01019	0.02141	0.09768	0.07204	0.00990	0.66594	0.01250	0.02242	0.01248	0.00798	0.01066	0.00605	0.00351	0.00469	0.00133	0.02023	0.00447	0.00201	0.00531
31	0.00898	0.10423	0.28156	0.06430	0.13528	0.03248	0.12791	0.01267	0.07673	0.02322	0.03276	0.04443	0.00784	0.00436	0.00413	0.00124	0.02637	0.00383	0.00218	0.00548
32	0.02244	0.01939	0.12181	0.12191	0.20025	0.05979	0.10792	0.12709	0.04474	0.08569	0.00907	0.01117	0.00697	0.00427	0.00411	0.00125	0.01469	0.02910	0.00259	0.00573
33	0.00570	0.00426	0.00560	0.00626	0.00689	0.00425	0.00481	0.00729	0.04404	0.01117	0.04431	0.44181	0.08157	0.01117	0.00536	0.00165	0.02839	0.27828	0.00365	0.00355
34	0.09383	0.00792	0.03245	0.54754	0.06811	0.00889	0.04213	0.03907	0.04860	0.05094	0.00789	0.01035	0.00587	0.00401	0.00383	0.00129	0.00485	0.00348	0.00219	0.01676
35	0.17313	0.06716	0.14679	0.02991	0.13957	0.05590	0.10171	0.07601	0.02870	0.10356	0.00877	0.00992	0.01976	0.01789	0.00389	0.00125	0.00467	0.00335	0.00255	0.00550
36	0.00955	0.13530	0.47772	0.00973	0.01413	0.08807	0.01106	0.03370	0.08158	0.04367	0.05268	0.00991	0.00764	0.00419	0.00366	0.00118	0.00517	0.00320	0.00224	0.00561
37	0.00658	0.00623	0.08288	0.09367	0.02392	0.00540	0.03019	0.00820	0.00787	0.04084	0.12907	0.05039	0.08870	0.18720	0.21839	0.00309	0.00546	0.00539	0.00271	0.00383
38	0.11582	0.08047	0.04862	0.01157	0.11863	0.25514	0.09091	0.17469	0.02142	0.01468	0.01759	0.00863	0.00607	0.00406	0.00374	0.00114	0.01585	0.00313	0.00247	0.00538
39	0.05154	0.05891	0.08891	0.00832	0.01146	0.06897	0.09388	0.10428	0.00990	0.08655	0.03857	0.01104	0.00784	0.00475	0.00439	0.05954	0.00422	0.02874	0.00268	0.25551
40	0.00954	0.13299	0.09950	0.08318	0.02637	0.01710	0.23292	0.03878	0.04935	0.07769	0.01061	0.07895	0.02004	0.00517	0.00464	0.00131	0.05370	0.05048	0.00253	0.00514
41	0.02670	0.00866	0.04362	0.11150	0.38020	0.02814	0.01854	0.01373	0.00956	0.25067	0.02559	0.04012	0.01621	0.00445	0.00398	0.00123	0.00433	0.00398	0.00291	0.00592

[dist]
# distance from previous block
# <min> <max>
43	602

# created by:
# /home/cegg/simao/soft/augustus-3.2.1/scripts/msa2prfl.pl ./align_prep/EOG092C4SHL.fa
