[name]
unknown

[dist]
# distance from previous block
# <min> <max>
1	445

[block]
# block no. 0 follows, 72 sequences, length 17
# corresponding to MSA columns:
# 696-712
name=unknown_A
#
# <colnr> <probs for GDERKNQSTAVLIFYWHMCP>
#	G	D	E	R	K	N	Q	S	T	A	V	L	I	F	Y	W	H	M	C	P
0	0.17376	0.00552	0.03265	0.00557	0.00705	0.00520	0.00446	0.04465	0.02387	0.04677	0.26304	0.21376	0.05451	0.00753	0.00405	0.00128	0.00257	0.06224	0.00345	0.03805
1	0.10827	0.00500	0.00582	0.09490	0.02935	0.00506	0.00447	0.02353	0.02393	0.06640	0.06587	0.08233	0.25095	0.00655	0.00372	0.00118	0.00260	0.01779	0.18373	0.01855
2	0.00856	0.00770	0.01158	0.18231	0.34312	0.00768	0.00866	0.05564	0.02985	0.01275	0.06209	0.01049	0.00784	0.00371	0.00357	0.00102	0.00394	0.00334	0.00224	0.23392
3	0.01019	0.00807	0.00876	0.00733	0.00978	0.00867	0.00581	0.19147	0.44354	0.04604	0.05825	0.01349	0.03341	0.00492	0.00374	0.00114	0.00314	0.00403	0.00365	0.13458
4	0.00973	0.00668	0.00806	0.00585	0.00913	0.00516	0.00471	0.01137	0.00847	0.18245	0.00842	0.00889	0.00639	0.00319	0.00301	0.00069	0.00289	0.00257	0.00275	0.70958
5	0.00953	0.00866	0.01405	0.32934	0.25619	0.00943	0.12317	0.17810	0.01017	0.01370	0.00746	0.00971	0.00571	0.00375	0.00388	0.00120	0.00490	0.00353	0.00220	0.00531
6	0.00831	0.18328	0.01408	0.48146	0.22098	0.00991	0.00998	0.01050	0.00786	0.01019	0.00654	0.00911	0.00525	0.00358	0.00351	0.00114	0.00472	0.00310	0.00172	0.00478
7	0.01057	0.00979	0.06121	0.01205	0.01476	0.04246	0.37734	0.01279	0.00857	0.18140	0.00836	0.01003	0.00621	0.00442	0.00626	0.00134	0.22101	0.00388	0.00240	0.00514
8	0.00991	0.18437	0.01304	0.23039	0.01457	0.03837	0.00816	0.18513	0.04215	0.01265	0.00682	0.00868	0.00555	0.00461	0.00567	0.00124	0.21850	0.00310	0.00221	0.00488
9	0.01303	0.01246	0.18195	0.00915	0.01271	0.01116	0.00860	0.66337	0.01583	0.02147	0.00864	0.00888	0.00611	0.00436	0.00375	0.00115	0.00447	0.00329	0.00335	0.00628
10	0.01242	0.00913	0.00996	0.00802	0.01048	0.00999	0.00646	0.66200	0.01567	0.02100	0.01151	0.18364	0.01025	0.00605	0.00401	0.00122	0.00377	0.00492	0.00374	0.00576
11	0.00869	0.00924	0.01184	0.63885	0.02284	0.18056	0.05434	0.01094	0.00830	0.00974	0.00661	0.00945	0.00506	0.00378	0.00375	0.00121	0.00549	0.00324	0.00175	0.00430
12	0.00526	0.00360	0.00422	0.00442	0.00455	0.00351	0.00265	0.00552	0.00623	0.00829	0.04456	0.22367	0.04914	0.60123	0.01479	0.00299	0.00319	0.00690	0.00270	0.00256
13	0.00838	0.17360	0.22660	0.04435	0.01478	0.01020	0.25291	0.01101	0.00801	0.01104	0.04764	0.00997	0.01977	0.00452	0.01754	0.00129	0.12809	0.00355	0.00187	0.00489
14	0.00663	0.00521	0.00615	0.02046	0.00741	0.00432	0.00399	0.00832	0.02359	0.04160	0.24557	0.02132	0.23264	0.00607	0.00378	0.00097	0.00235	0.00513	0.00322	0.35127
15	0.01119	0.03908	0.00950	0.00741	0.00965	0.00955	0.00585	0.43403	0.19534	0.01794	0.01089	0.01329	0.00900	0.18057	0.00690	0.00166	0.00378	0.00396	0.00339	0.02704
16	0.00921	0.06701	0.26476	0.11167	0.05337	0.02983	0.20900	0.04241	0.08023	0.05778	0.00817	0.00954	0.00604	0.00370	0.00378	0.00118	0.00512	0.00343	0.00217	0.03159

[dist]
# distance from previous block
# <min> <max>
0	3

[block]
# block no. 1 follows, 72 sequences, length 13
# corresponding to MSA columns:
# 716-728
name=unknown_B
#
# <colnr> <probs for GDERKNQSTAVLIFYWHMCP>
#	G	D	E	R	K	N	Q	S	T	A	V	L	I	F	Y	W	H	M	C	P
0	0.00784	0.06119	0.03102	0.08716	0.24928	0.02034	0.09294	0.02025	0.00761	0.01057	0.00812	0.02644	0.00719	0.01191	0.27888	0.00279	0.06616	0.00373	0.00193	0.00463
1	0.00729	0.00640	0.00953	0.30115	0.01490	0.00708	0.07819	0.04215	0.15368	0.01308	0.24086	0.04443	0.05414	0.00563	0.00412	0.00125	0.00364	0.00504	0.00300	0.00443
2	0.00827	0.10529	0.51354	0.01176	0.05993	0.00962	0.15793	0.01200	0.02576	0.01175	0.00695	0.00841	0.00521	0.00358	0.00387	0.00117	0.02794	0.00309	0.00174	0.02219
3	0.00465	0.00354	0.00430	0.00487	0.00550	0.00319	0.00344	0.00547	0.00782	0.00997	0.02692	0.53405	0.30740	0.01102	0.00474	0.00146	0.00217	0.05282	0.00352	0.00314
4	0.00871	0.03163	0.47324	0.00947	0.01344	0.02254	0.02944	0.02761	0.14885	0.06825	0.07553	0.01103	0.00880	0.00444	0.00420	0.00123	0.05021	0.00350	0.00245	0.00546
5	0.00873	0.00835	0.01414	0.25647	0.58513	0.00894	0.01121	0.01101	0.00824	0.01152	0.00695	0.00955	0.00570	0.00361	0.00407	0.00118	0.03458	0.00337	0.00182	0.00544
6	0.00462	0.00330	0.00440	0.00528	0.00550	0.00308	0.00352	0.00528	0.00726	0.00968	0.02090	0.86424	0.02508	0.01188	0.00484	0.00154	0.00220	0.01078	0.00352	0.00308
7	0.00818	0.00686	0.00837	0.00604	0.00932	0.00535	0.02668	0.00987	0.00793	0.03710	0.00697	0.00809	0.00572	0.00297	0.00312	0.00063	0.02400	0.00238	0.00230	0.81811
8	0.37351	0.03863	0.00814	0.02126	0.00916	0.13944	0.00534	0.11469	0.00916	0.06490	0.02516	0.03067	0.00646	0.00412	0.00321	0.00108	0.02366	0.00284	0.03101	0.08755
9	0.00552	0.00368	0.00414	0.00414	0.00414	0.00368	0.00230	0.00552	0.00552	0.00735	0.01195	0.02482	0.01379	0.86672	0.01930	0.00368	0.00368	0.00552	0.00230	0.00230
10	0.01001	0.19327	0.08458	0.00905	0.02856	0.09608	0.02148	0.07930	0.00855	0.05770	0.00778	0.03043	0.00707	0.00538	0.00640	0.00129	0.28182	0.06429	0.00221	0.00475
11	0.03337	0.17970	0.61274	0.00991	0.01484	0.01010	0.03682	0.03999	0.00827	0.01198	0.00658	0.00770	0.00488	0.00355	0.00338	0.00113	0.00521	0.00271	0.00171	0.00544
12	0.00566	0.00423	0.00530	0.00497	0.00599	0.00404	0.00375	0.00815	0.07884	0.01503	0.73558	0.02754	0.07119	0.00762	0.00442	0.00120	0.00190	0.00670	0.00412	0.00376

[dist]
# distance from previous block
# <min> <max>
1	2

[block]
# block no. 2 follows, 72 sequences, length 17
# corresponding to MSA columns:
# 731-747
name=unknown_C
#
# <colnr> <probs for GDERKNQSTAVLIFYWHMCP>
#	G	D	E	R	K	N	Q	S	T	A	V	L	I	F	Y	W	H	M	C	P
0	0.00741	0.00623	0.00728	0.00549	0.00833	0.00489	0.00430	0.00927	0.03364	0.01239	0.08142	0.03812	0.03551	0.03355	0.00367	0.00080	0.00271	0.00327	0.00255	0.69918
1	0.02292	0.01390	0.28401	0.03892	0.01355	0.18328	0.07511	0.10719	0.02975	0.06376	0.03162	0.01068	0.05209	0.00446	0.00422	0.00119	0.05237	0.00346	0.00239	0.00514
2	0.00826	0.14303	0.41858	0.20655	0.08311	0.03605	0.03094	0.01145	0.00802	0.01096	0.00658	0.00833	0.00499	0.00358	0.00350	0.00115	0.00522	0.00289	0.00166	0.00516
3	0.00762	0.00738	0.01290	0.66496	0.06594	0.00866	0.11808	0.01060	0.04646	0.01044	0.00729	0.01028	0.00550	0.00376	0.00388	0.00126	0.00511	0.00356	0.00183	0.00451
4	0.00804	0.00852	0.07972	0.00903	0.01162	0.03836	0.22206	0.04154	0.00861	0.04027	0.01428	0.06867	0.16578	0.03685	0.00525	0.00126	0.07480	0.00482	0.00252	0.15800
5	0.03045	0.20128	0.26316	0.05623	0.04302	0.05073	0.10755	0.07029	0.00894	0.04368	0.00697	0.00817	0.00534	0.00353	0.00338	0.00105	0.00484	0.00288	0.00203	0.08650
6	0.00462	0.00330	0.00440	0.00528	0.00550	0.00308	0.00352	0.00528	0.00726	0.00968	0.02090	0.86424	0.02508	0.01188	0.00484	0.00154	0.00220	0.01078	0.00352	0.00308
7	0.00552	0.00368	0.00414	0.00414	0.00414	0.00368	0.00230	0.00552	0.00552	0.00735	0.01195	0.02482	0.01379	0.86672	0.01930	0.00368	0.00368	0.00552	0.00230	0.00230
8	0.00504	0.00384	0.00471	0.00509	0.00596	0.00351	0.00392	0.00624	0.00864	0.01110	0.14620	0.23539	0.32891	0.01009	0.00475	0.00144	0.00235	0.20590	0.00361	0.00330
9	0.03141	0.02962	0.02726	0.09261	0.14013	0.00888	0.40240	0.04265	0.02246	0.13637	0.00885	0.01085	0.00659	0.00372	0.00407	0.00123	0.00518	0.01791	0.00243	0.00537
10	0.00939	0.00901	0.01539	0.02328	0.84306	0.00901	0.01164	0.01164	0.00864	0.01239	0.00713	0.00939	0.00601	0.00338	0.00375	0.00113	0.00451	0.00338	0.00188	0.00601
11	0.00479	0.00364	0.00441	0.00467	0.00543	0.00326	0.00333	0.00587	0.00870	0.01145	0.26139	0.35639	0.29302	0.00996	0.00462	0.00136	0.00199	0.00876	0.00371	0.00326
12	0.00943	0.41029	0.10338	0.06949	0.06721	0.02639	0.07280	0.01123	0.00768	0.02956	0.00603	0.00767	0.00514	0.00397	0.00470	0.00110	0.15451	0.00276	0.00175	0.00490
13	0.00895	0.01023	0.02238	0.01598	0.01982	0.00959	0.82928	0.01215	0.00895	0.01215	0.00767	0.01023	0.00575	0.00320	0.00448	0.00128	0.00639	0.00448	0.00192	0.00512
14	0.00743	0.00400	0.00416	0.00400	0.00500	0.00411	0.00305	0.05956	0.00846	0.01445	0.01205	0.01387	0.00951	0.00574	0.04912	0.00118	0.00237	0.00356	0.78467	0.00371
15	0.01277	0.01431	0.01109	0.09450	0.01318	0.53318	0.05227	0.10976	0.03213	0.03557	0.00723	0.00837	0.00568	0.00450	0.02063	0.00115	0.00603	0.00291	0.03002	0.00471
16	0.00667	0.00506	0.00597	0.00546	0.00675	0.00510	0.00419	0.05410	0.13666	0.03582	0.45231	0.04595	0.18302	0.00753	0.00455	0.00124	0.02517	0.00642	0.00391	0.00411

[dist]
# distance from previous block
# <min> <max>
0	18

[block]
# block no. 3 follows, 72 sequences, length 49
# corresponding to MSA columns:
# 776-790,794-800,804-824,831-836
name=unknown_D
#
# <colnr> <probs for GDERKNQSTAVLIFYWHMCP>
#	G	D	E	R	K	N	Q	S	T	A	V	L	I	F	Y	W	H	M	C	P
0	0.00700	0.00772	0.13360	0.00802	0.01013	0.02104	0.14598	0.02576	0.01870	0.05558	0.05371	0.28945	0.13730	0.02215	0.00467	0.00140	0.00364	0.04698	0.00301	0.00416
1	0.01375	0.00718	0.00870	0.00717	0.00976	0.00724	0.00576	0.01920	0.36635	0.48827	0.01517	0.01344	0.01033	0.00489	0.00383	0.00122	0.00313	0.00402	0.00433	0.00626
2	0.00462	0.00330	0.00440	0.00528	0.00550	0.00308	0.00352	0.00528	0.00726	0.00968	0.02090	0.86424	0.02508	0.01188	0.00484	0.00154	0.00220	0.01078	0.00352	0.00308
3	0.00866	0.02616	0.01491	0.01147	0.01319	0.00969	0.31725	0.02278	0.00761	0.04841	0.00830	0.10524	0.00775	0.00574	0.00786	0.00146	0.37227	0.00459	0.00213	0.00455
4	0.00784	0.04782	0.72605	0.01124	0.01657	0.00911	0.10523	0.01200	0.00810	0.01192	0.00685	0.00819	0.00491	0.00355	0.00366	0.00120	0.00564	0.00296	0.00164	0.00552
5	0.00507	0.00362	0.00491	0.00579	0.00621	0.00347	0.00430	0.00605	0.00770	0.01018	0.02066	0.61771	0.02411	0.01146	0.00496	0.00160	0.00259	0.25290	0.00351	0.00320
6	0.00495	0.00400	0.00488	0.00514	0.00580	0.00391	0.00371	0.00579	0.00777	0.01006	0.05271	0.44270	0.32806	0.01032	0.00532	0.00143	0.07616	0.00886	0.00336	0.01505
7	0.01950	0.50426	0.30231	0.00829	0.01230	0.01236	0.03248	0.02143	0.00800	0.02965	0.00613	0.00708	0.00499	0.00346	0.00305	0.00098	0.01438	0.00244	0.00173	0.00516
8	0.00553	0.00390	0.00544	0.00544	0.00587	0.00433	0.00392	0.00628	0.00585	0.00822	0.01045	0.01762	0.01057	0.27681	0.54805	0.06450	0.00777	0.00444	0.00209	0.00295
9	0.00497	0.00385	0.00452	0.00438	0.00543	0.00340	0.00328	0.00637	0.00976	0.01294	0.47611	0.04910	0.38495	0.00864	0.00448	0.00124	0.00185	0.00744	0.00388	0.00340
10	0.01195	0.00759	0.00925	0.00850	0.08147	0.00785	0.00622	0.21203	0.19378	0.24359	0.14807	0.01487	0.02712	0.00523	0.00393	0.00119	0.00326	0.00435	0.00395	0.00579
11	0.01167	0.01437	0.10441	0.00945	0.01200	0.41233	0.04319	0.04926	0.27948	0.01245	0.00930	0.00959	0.00716	0.00427	0.00364	0.00112	0.00532	0.00321	0.00261	0.00517
12	0.01291	0.01607	0.01288	0.01087	0.01316	0.64814	0.16278	0.01467	0.04053	0.01006	0.00654	0.00777	0.00530	0.00386	0.00378	0.00106	0.02010	0.00291	0.00201	0.00459
13	0.08372	0.00679	0.01087	0.78396	0.02450	0.00843	0.00998	0.00982	0.00749	0.01032	0.00661	0.00977	0.00497	0.00377	0.00367	0.00126	0.00487	0.00326	0.00174	0.00420
14	0.27484	0.00705	0.00885	0.00736	0.02129	0.02696	0.15131	0.08942	0.00790	0.01297	0.00965	0.01483	0.03867	0.30357	0.00888	0.00206	0.00401	0.00407	0.00242	0.00389
15	0.00676	0.00524	0.00615	0.00570	0.00700	0.01717	0.01395	0.02086	0.19986	0.03833	0.43421	0.09698	0.11777	0.00748	0.00432	0.00125	0.00232	0.00651	0.00392	0.00420
16	0.00584	0.00465	0.00524	0.00494	0.00624	0.00454	0.00380	0.09833	0.00900	0.01137	0.02779	0.02799	0.53082	0.03115	0.20838	0.00247	0.00419	0.00649	0.00317	0.00359
17	0.01015	0.00957	0.08149	0.00816	0.01076	0.00979	0.00691	0.16101	0.62169	0.01694	0.01358	0.01274	0.01010	0.00491	0.00383	0.00125	0.00343	0.00401	0.00365	0.00605
18	0.00969	0.19123	0.47174	0.00939	0.01373	0.06906	0.02746	0.01271	0.00842	0.10466	0.00731	0.00813	0.00538	0.00373	0.00360	0.00110	0.02633	0.00277	0.00200	0.02157
19	0.01060	0.02462	0.25877	0.03419	0.01971	0.05598	0.00838	0.15022	0.01018	0.13448	0.00828	0.00884	0.00599	0.00372	0.00342	0.00099	0.00426	0.00289	0.00262	0.25185
20	0.00565	0.00410	0.00552	0.00614	0.00697	0.00397	0.00510	0.00718	0.00881	0.01157	0.13963	0.15159	0.10074	0.01020	0.00500	0.00160	0.00293	0.51628	0.00360	0.00342
21	0.00553	0.00395	0.00578	0.00578	0.00632	0.00450	0.00434	0.00647	0.00593	0.00845	0.01005	0.01572	0.00971	0.12118	0.68601	0.08214	0.00884	0.00416	0.00203	0.00311
22	0.01897	0.00784	0.04412	0.00857	0.08228	0.00632	0.08448	0.05007	0.00875	0.08861	0.00821	0.03872	0.00668	0.00351	0.00329	0.00083	0.00349	0.00308	0.00250	0.52967
23	0.00750	0.01019	0.22208	0.13125	0.09807	0.00859	0.03959	0.00985	0.00751	0.01091	0.08534	0.01129	0.00849	0.00756	0.10122	0.00187	0.22846	0.00366	0.00196	0.00461
24	0.00539	0.00391	0.00510	0.00489	0.00580	0.00362	0.00373	0.00715	0.01053	0.01478	0.75777	0.02960	0.06118	0.00800	0.00453	0.00123	0.00191	0.06321	0.00411	0.00356
25	0.00567	0.00426	0.00531	0.00502	0.00606	0.00408	0.00382	0.00817	0.08180	0.01474	0.67906	0.02823	0.09730	0.00776	0.00445	0.00123	0.00196	0.03325	0.00407	0.00376
26	0.07041	0.10109	0.20987	0.00911	0.03280	0.27923	0.00838	0.04147	0.04796	0.11073	0.00776	0.00861	0.00593	0.02168	0.00396	0.00115	0.02958	0.00285	0.00234	0.00509
27	0.00648	0.00479	0.00639	0.00707	0.00808	0.00493	0.00610	0.00924	0.10157	0.01186	0.01956	0.03957	0.02068	0.00988	0.00508	0.00169	0.00344	0.72628	0.00353	0.00377
28	0.00552	0.00368	0.00414	0.00414	0.00414	0.00368	0.00230	0.00552	0.00552	0.00735	0.01195	0.02482	0.01379	0.86672	0.01930	0.00368	0.00368	0.00552	0.00230	0.00230
29	0.05706	0.00833	0.01092	0.02334	0.21590	0.02946	0.00747	0.19268	0.01156	0.38800	0.01094	0.01069	0.00748	0.00425	0.00371	0.00115	0.00385	0.00349	0.00358	0.00614
30	0.00910	0.00770	0.01079	0.01394	0.38199	0.02854	0.00790	0.08420	0.10874	0.05613	0.04218	0.10974	0.10042	0.01644	0.00419	0.00124	0.00365	0.00497	0.00288	0.00527
31	0.01417	0.01808	0.01075	0.00977	0.01172	0.85149	0.00733	0.01514	0.01075	0.00928	0.00586	0.00684	0.00489	0.00391	0.00342	0.00098	0.00684	0.00244	0.00195	0.00440
32	0.00476	0.00343	0.00451	0.00513	0.00552	0.00318	0.00351	0.00566	0.00800	0.01080	0.18441	0.66797	0.05708	0.01098	0.00475	0.00146	0.00211	0.00990	0.00365	0.00318
33	0.00552	0.00368	0.00414	0.00414	0.00414	0.00368	0.00230	0.00552	0.00552	0.00735	0.01195	0.02482	0.01379	0.86672	0.01930	0.00368	0.00368	0.00552	0.00230	0.00230
34	0.00716	0.00674	0.01138	0.85760	0.02612	0.00843	0.01053	0.00969	0.00758	0.00969	0.00674	0.01011	0.00506	0.00379	0.00379	0.00126	0.00506	0.00337	0.00169	0.00421
35	0.00915	0.00751	0.00883	0.00651	0.00975	0.00650	0.02569	0.13645	0.06510	0.02775	0.00784	0.00862	0.00621	0.00327	0.00309	0.00073	0.00313	0.00264	0.00262	0.65860
36	0.00475	0.00398	0.00416	0.00413	0.00536	0.00346	0.00309	0.00614	0.03906	0.01090	0.11343	0.07069	0.69896	0.00936	0.00447	0.00128	0.00196	0.00788	0.00360	0.00333
37	0.00832	0.00688	0.00796	0.00594	0.00900	0.00564	0.00471	0.10128	0.00893	0.01342	0.00823	0.08197	0.00739	0.00379	0.00309	0.00071	0.00291	0.00312	0.00253	0.71418
38	0.00796	0.00704	0.00912	0.00651	0.00992	0.00545	0.07573	0.00977	0.00796	0.01234	0.00682	0.00807	0.00563	0.00284	0.00295	0.00062	0.00312	0.00244	0.00222	0.81348
39	0.00866	0.00666	0.00897	0.00669	0.00970	0.00541	0.07715	0.01038	0.00812	0.10544	0.00856	0.04058	0.00710	0.00560	0.07646	0.00121	0.00378	0.00309	0.00252	0.60393
40	0.00583	0.00545	0.07800	0.00570	0.00701	0.00432	0.00485	0.03571	0.01002	0.01393	0.51686	0.12827	0.06238	0.00816	0.00450	0.00130	0.00245	0.09772	0.00376	0.00377
41	0.01408	0.01763	0.01073	0.00969	0.01169	0.80616	0.00730	0.04332	0.02708	0.00991	0.00616	0.00706	0.00507	0.00395	0.00344	0.00099	0.00667	0.00251	0.00205	0.00450
42	0.00895	0.10399	0.00965	0.00614	0.00943	0.00709	0.00508	0.10917	0.02851	0.01345	0.00707	0.00796	0.00577	0.00312	0.00291	0.00068	0.00312	0.00241	0.00240	0.66310
43	0.00718	0.00666	0.01102	0.00882	0.01088	0.00661	0.25865	0.03708	0.12669	0.01275	0.16421	0.04844	0.15301	0.00913	0.11934	0.00192	0.00463	0.00559	0.00300	0.00438
44	0.71809	0.00735	0.00612	0.00543	0.00767	0.00840	0.00440	0.10256	0.00780	0.01715	0.00706	0.08061	0.00618	0.00436	0.00272	0.00120	0.00301	0.00296	0.00261	0.00428
45	0.00955	0.41461	0.36765	0.00856	0.01278	0.01203	0.00974	0.10353	0.00897	0.01191	0.00635	0.00723	0.00502	0.00354	0.00308	0.00101	0.00472	0.00251	0.00186	0.00536
46	0.01122	0.10215	0.00827	0.00580	0.00793	0.00576	0.00474	0.01268	0.01725	0.39735	0.16563	0.07855	0.12561	0.00623	0.00390	0.00117	0.00277	0.00520	0.02473	0.01309
47	0.00556	0.00386	0.00487	0.00497	0.00525	0.00403	0.00337	0.00611	0.00603	0.00818	0.01239	0.02422	0.01356	0.54999	0.23683	0.00410	0.00536	0.09624	0.00236	0.00272
48	0.00962	0.77191	0.01811	0.00623	0.00911	0.01374	0.00602	0.01070	0.00746	0.00875	0.00602	0.00819	0.00587	0.10013	0.00433	0.00113	0.00401	0.00242	0.00170	0.00458

[dist]
# distance from previous block
# <min> <max>
0	2

[block]
# block no. 4 follows, 72 sequences, length 31
# corresponding to MSA columns:
# 839-869
name=unknown_E
#
# <colnr> <probs for GDERKNQSTAVLIFYWHMCP>
#	G	D	E	R	K	N	Q	S	T	A	V	L	I	F	Y	W	H	M	C	P
0	0.00926	0.16153	0.01012	0.00590	0.00920	0.00690	0.00497	0.01083	0.00816	0.10137	0.00736	0.00809	0.00589	0.00309	0.00285	0.00067	0.00308	0.00238	0.00240	0.63597
1	0.00793	0.23234	0.54756	0.00912	0.01355	0.00976	0.01098	0.01112	0.00785	0.01098	0.00793	0.09961	0.00700	0.00440	0.00344	0.00114	0.00485	0.00347	0.00181	0.00515
2	0.00788	0.11097	0.75810	0.01034	0.01570	0.00947	0.01320	0.01194	0.00797	0.01168	0.00664	0.00780	0.00481	0.00356	0.00348	0.00116	0.00544	0.00272	0.00160	0.00553
3	0.01014	0.86900	0.01987	0.00649	0.00973	0.01501	0.00649	0.01136	0.00771	0.00892	0.00527	0.00608	0.00487	0.00324	0.00243	0.00081	0.00406	0.00203	0.00162	0.00487
4	0.00806	0.17213	0.69854	0.01003	0.01521	0.00992	0.01266	0.01189	0.00795	0.01146	0.00653	0.00766	0.00482	0.00354	0.00339	0.00113	0.00533	0.00266	0.00161	0.00547
5	0.00728	0.00612	0.00724	0.00556	0.00836	0.00470	0.00432	0.00878	0.00776	0.01188	0.00928	0.16163	0.00911	0.00444	0.00317	0.00074	0.00270	0.00378	0.00248	0.73067
6	0.00536	0.00385	0.00494	0.00468	0.00549	0.00358	0.00342	0.00694	0.01012	0.01424	0.73149	0.02816	0.05389	0.10019	0.00607	0.00146	0.00200	0.00674	0.00396	0.00343
7	0.00690	0.00620	0.00589	0.00621	0.00692	0.14006	0.00437	0.06505	0.00858	0.01071	0.01747	0.64805	0.02020	0.00992	0.00449	0.00141	0.00308	0.00877	0.02218	0.00354
8	0.00761	0.01962	0.84707	0.01081	0.01641	0.00881	0.01401	0.01201	0.00801	0.01201	0.00681	0.00801	0.00480	0.00360	0.00360	0.00120	0.00560	0.00280	0.00160	0.00560
9	0.00549	0.00411	0.00522	0.00511	0.00609	0.00367	0.00371	0.01831	0.00904	0.01265	0.37802	0.35698	0.04777	0.00876	0.00440	0.00125	0.00212	0.00781	0.00365	0.11582
10	0.01687	0.00669	0.00894	0.00686	0.00980	0.00592	0.00566	0.06353	0.01124	0.80009	0.01464	0.01270	0.00922	0.00469	0.00381	0.00117	0.00328	0.00379	0.00464	0.00645
11	0.00659	0.00329	0.00494	0.00494	0.00494	0.00329	0.00329	0.00494	0.00494	0.00659	0.00659	0.01153	0.00659	0.01318	0.01482	0.88966	0.00329	0.00329	0.00165	0.00165
12	0.00951	0.00669	0.00803	0.00582	0.00911	0.00515	0.00469	0.01115	0.00840	0.16198	0.00822	0.00877	0.00629	0.00315	0.00299	0.00067	0.00288	0.00253	0.00269	0.73127
13	0.00830	0.00830	0.01162	0.00996	0.00996	0.01162	0.00830	0.00913	0.00581	0.00913	0.00498	0.00830	0.00498	0.00664	0.01245	0.00166	0.85977	0.00332	0.00166	0.00415
14	0.00510	0.00381	0.00482	0.00527	0.00603	0.00352	0.00403	0.00631	0.00859	0.01123	0.17225	0.30392	0.22621	0.01023	0.00479	0.00147	0.00238	0.21311	0.00363	0.00330
15	0.00858	0.01290	0.25899	0.01467	0.03842	0.00935	0.57577	0.01210	0.00867	0.01211	0.00741	0.00957	0.00549	0.00332	0.00421	0.00125	0.00612	0.00397	0.00183	0.00528
16	0.00689	0.00632	0.09624	0.00577	0.00775	0.00462	0.00500	0.02003	0.01773	0.07432	0.23793	0.15681	0.13562	0.00724	0.01369	0.00120	0.00273	0.01460	0.02243	0.16308
17	0.00529	0.00387	0.00496	0.00469	0.00562	0.00354	0.00351	0.00700	0.01054	0.01475	0.76673	0.02909	0.11040	0.00792	0.00447	0.00120	0.00180	0.00696	0.00411	0.00354
18	0.00542	0.00406	0.00610	0.00610	0.00677	0.00474	0.00474	0.00677	0.00610	0.00880	0.01016	0.01490	0.00948	0.02844	0.85169	0.00610	0.01016	0.00406	0.00203	0.00339
19	0.00729	0.01786	0.75643	0.01021	0.01524	0.00819	0.01288	0.01129	0.00793	0.01176	0.00832	0.10010	0.00699	0.00449	0.00374	0.00124	0.00524	0.00366	0.00181	0.00533
20	0.00520	0.00355	0.00425	0.00455	0.00465	0.00346	0.00276	0.00546	0.00623	0.00833	0.03115	0.32192	0.01821	0.54762	0.01390	0.00287	0.00312	0.00740	0.00277	0.00260
21	0.00552	0.00368	0.00414	0.00414	0.00414	0.00368	0.00230	0.00552	0.00552	0.00735	0.01195	0.02482	0.01379	0.86672	0.01930	0.00368	0.00368	0.00552	0.00230	0.00230
22	0.00560	0.15880	0.00712	0.00534	0.00622	0.00523	0.00398	0.00639	0.00749	0.00961	0.01998	0.62113	0.10927	0.01009	0.00437	0.00138	0.00250	0.00891	0.00318	0.00341
23	0.00713	0.00652	0.01076	0.59691	0.12777	0.00763	0.00943	0.00949	0.00829	0.01103	0.15660	0.01329	0.01070	0.00445	0.00391	0.00123	0.00440	0.00400	0.00216	0.00433
24	0.00549	0.00371	0.00430	0.00425	0.00441	0.00366	0.00253	0.00581	0.00645	0.00876	0.16082	0.02545	0.01774	0.71249	0.01664	0.00323	0.00334	0.00576	0.00264	0.00253
25	0.00509	0.00389	0.00473	0.00488	0.00584	0.00353	0.00377	0.00644	0.00922	0.01207	0.30611	0.12388	0.33261	0.00938	0.00465	0.00136	0.00219	0.15327	0.00374	0.00337
26	0.00785	0.01793	0.69899	0.01174	0.01703	0.00895	0.16040	0.01204	0.00818	0.01204	0.00696	0.00841	0.00497	0.00353	0.00376	0.00122	0.00575	0.00310	0.00166	0.00552
27	0.01437	0.01196	0.01127	0.00891	0.01175	0.16254	0.00723	0.68403	0.01656	0.02128	0.00852	0.00870	0.00617	0.00444	0.00373	0.00111	0.00465	0.00324	0.00346	0.00608
28	0.00848	0.00805	0.01270	0.01137	0.16137	0.00709	0.20165	0.01113	0.05422	0.01251	0.00751	0.00905	0.00605	0.00313	0.00343	0.00087	0.00398	0.00309	0.00219	0.47212
29	0.00911	0.64630	0.08262	0.00641	0.00926	0.01248	0.00633	0.01036	0.00734	0.00889	0.00659	0.00960	0.00646	0.15831	0.00556	0.00136	0.00411	0.00272	0.00174	0.00446
30	0.00547	0.00366	0.00415	0.00420	0.00421	0.00364	0.00237	0.00550	0.00561	0.00748	0.01245	0.07139	0.01441	0.81929	0.01850	0.00356	0.00359	0.00581	0.00237	0.00234

[dist]
# distance from previous block
# <min> <max>
0	1

[block]
# block no. 5 follows, 72 sequences, length 228
# corresponding to MSA columns:
# 871-955,957-986,993-1002,1004-1008,1014-1016,1027-1040,1045-1063,1065-1126
name=unknown_F
#
# <colnr> <probs for GDERKNQSTAVLIFYWHMCP>
#	G	D	E	R	K	N	Q	S	T	A	V	L	I	F	Y	W	H	M	C	P
0	0.01287	0.01540	0.01107	0.05930	0.01270	0.61575	0.04709	0.04507	0.12361	0.01088	0.00743	0.00828	0.00591	0.00406	0.00357	0.00106	0.00609	0.00288	0.00226	0.00472
1	0.00951	0.00802	0.00932	0.00821	0.00981	0.00968	0.00654	0.01698	0.56062	0.06252	0.01277	0.02479	0.00993	0.00560	0.00610	0.00138	0.22527	0.00410	0.00333	0.00551
2	0.01288	0.01447	0.01342	0.01089	0.01349	0.46462	0.19217	0.17819	0.04021	0.01309	0.00725	0.00831	0.00563	0.00392	0.00375	0.00109	0.00607	0.00316	0.00238	0.00503
3	0.00528	0.00428	0.00518	0.00575	0.05468	0.00389	0.00405	0.02035	0.00889	0.01129	0.13403	0.11742	0.47702	0.00959	0.01973	0.00143	0.00246	0.10769	0.00348	0.00350
4	0.04527	0.00648	0.00870	0.00669	0.00961	0.00567	0.00553	0.01825	0.01071	0.81897	0.01465	0.01269	0.00922	0.00466	0.00377	0.00117	0.00322	0.00376	0.00462	0.00638
5	0.00917	0.01032	0.11810	0.02174	0.74098	0.00899	0.01193	0.01169	0.00856	0.01234	0.00709	0.00922	0.00586	0.00341	0.00374	0.00114	0.00464	0.00331	0.00184	0.00596
6	0.01124	0.00874	0.01469	0.18178	0.07652	0.00893	0.27537	0.17768	0.01083	0.17364	0.01700	0.01060	0.00675	0.00393	0.00402	0.00122	0.00489	0.00386	0.00280	0.00551
7	0.00544	0.00408	0.00597	0.00598	0.00657	0.00471	0.00456	0.00664	0.00611	0.00875	0.01081	0.06514	0.01062	0.08948	0.72257	0.00556	0.02703	0.00455	0.00213	0.00330
8	0.00455	0.00384	0.00393	0.00391	0.00516	0.00323	0.00293	0.00557	0.00880	0.01061	0.09687	0.03590	0.78284	0.00947	0.00448	0.00127	0.00191	0.00792	0.00357	0.00323
9	0.01014	0.86900	0.01987	0.00649	0.00973	0.01501	0.00649	0.01136	0.00771	0.00892	0.00527	0.00608	0.00487	0.00324	0.00243	0.00081	0.00406	0.00203	0.00162	0.00487
10	0.11775	0.00873	0.01465	0.06101	0.01410	0.01021	0.30365	0.01048	0.00717	0.01126	0.00631	0.00934	0.00540	0.00490	0.00772	0.00144	0.38409	0.01545	0.00187	0.00449
11	0.04839	0.08488	0.10671	0.07536	0.11638	0.05206	0.11204	0.21295	0.01048	0.02687	0.00723	0.00868	0.00559	0.00400	0.00437	0.00116	0.07937	0.00320	0.00235	0.03792
12	0.00552	0.00368	0.00414	0.00414	0.00414	0.00368	0.00230	0.00552	0.00552	0.00735	0.01195	0.02482	0.01379	0.86672	0.01930	0.00368	0.00368	0.00552	0.00230	0.00230
13	0.00516	0.00386	0.00471	0.00450	0.00544	0.00349	0.00333	0.00663	0.00991	0.01352	0.59313	0.03015	0.23475	0.05841	0.00534	0.00136	0.00193	0.00706	0.00390	0.00341
14	0.00539	0.00439	0.00517	0.00574	0.00619	0.05289	0.01781	0.01650	0.00771	0.00999	0.03516	0.76420	0.03236	0.01107	0.00473	0.00149	0.00256	0.00999	0.00342	0.00325
15	0.00924	0.00997	0.03553	0.17104	0.11913	0.12954	0.32271	0.02468	0.00891	0.01174	0.00775	0.01003	0.00601	0.00361	0.00385	0.00116	0.00535	0.00367	0.11129	0.00479
16	0.00461	0.00335	0.00435	0.00515	0.00547	0.00309	0.00346	0.00530	0.00738	0.00973	0.02245	0.79091	0.09741	0.01168	0.00481	0.00152	0.00218	0.01054	0.00352	0.00309
17	0.00462	0.00330	0.00440	0.00528	0.00550	0.00308	0.00352	0.00528	0.00726	0.00968	0.02090	0.86424	0.02508	0.01188	0.00484	0.00154	0.00220	0.01078	0.00352	0.00308
18	0.00951	0.08109	0.63236	0.00975	0.01469	0.00869	0.01191	0.01314	0.00850	0.16345	0.00817	0.00875	0.00564	0.00377	0.00355	0.00117	0.00506	0.00293	0.00217	0.00570
19	0.00493	0.00373	0.00526	0.11053	0.00805	0.00374	0.00439	0.00583	0.00730	0.00968	0.01915	0.75876	0.02261	0.01088	0.00471	0.00151	0.00255	0.00987	0.00329	0.00322
20	0.00540	0.00363	0.00417	0.00428	0.00430	0.00360	0.00245	0.00549	0.00573	0.00764	0.01306	0.12848	0.01518	0.76115	0.01752	0.00341	0.00349	0.00617	0.00245	0.00239
21	0.00983	0.75158	0.01872	0.11162	0.01178	0.01415	0.00700	0.02159	0.00782	0.00921	0.00550	0.00662	0.00491	0.00333	0.00262	0.00087	0.00418	0.00221	0.00166	0.00481
22	0.01322	0.00960	0.01025	0.00803	0.01074	0.01061	0.00658	0.68160	0.06444	0.02223	0.00988	0.01002	0.00715	0.00457	0.00366	0.00112	0.00381	0.00348	0.11296	0.00606
23	0.00777	0.01846	0.74522	0.01145	0.01684	0.00890	0.11469	0.01203	0.00812	0.01203	0.00691	0.00828	0.00492	0.00355	0.00371	0.00121	0.00570	0.00301	0.00164	0.00554
24	0.01014	0.86900	0.01987	0.00649	0.00973	0.01501	0.00649	0.01136	0.00771	0.00892	0.00527	0.00608	0.00487	0.00324	0.00243	0.00081	0.00406	0.00203	0.00162	0.00487
25	0.00736	0.00630	0.00726	0.00536	0.00840	0.00478	0.00425	0.00894	0.00801	0.01209	0.02078	0.01216	0.12460	0.00383	0.00307	0.00067	0.00267	0.00312	0.00245	0.75392
26	0.00716	0.00674	0.01138	0.85760	0.02612	0.00843	0.01053	0.00969	0.00758	0.00969	0.00674	0.01011	0.00506	0.00379	0.00379	0.00126	0.00506	0.00337	0.00169	0.00421
27	0.00761	0.01962	0.84707	0.01081	0.01641	0.00881	0.01401	0.01201	0.00801	0.01201	0.00681	0.00801	0.00480	0.00360	0.00360	0.00120	0.00560	0.00280	0.00160	0.00560
28	0.00716	0.00674	0.01138	0.85760	0.02612	0.00843	0.01053	0.00969	0.00758	0.00969	0.00674	0.01011	0.00506	0.00379	0.00379	0.00126	0.00506	0.00337	0.00169	0.00421
29	0.11908	0.71295	0.06645	0.00656	0.00983	0.01384	0.00663	0.01137	0.00757	0.01010	0.00536	0.00621	0.00477	0.00330	0.00249	0.00088	0.00401	0.00208	0.00171	0.00482
30	0.00574	0.00356	0.00403	0.00421	0.00448	0.00352	0.00264	0.00633	0.00650	0.00958	0.01386	0.19120	0.01501	0.47075	0.01207	0.00252	0.00288	0.00606	0.23226	0.00278
31	0.00462	0.00330	0.00440	0.00528	0.00550	0.00308	0.00352	0.00528	0.00726	0.00968	0.02090	0.86424	0.02508	0.01188	0.00484	0.00154	0.00220	0.01078	0.00352	0.00308
32	0.00939	0.00901	0.01539	0.02328	0.84306	0.00901	0.01164	0.01164	0.00864	0.01239	0.00713	0.00939	0.00601	0.00338	0.00375	0.00113	0.00451	0.00338	0.00188	0.00601
33	0.00943	0.00815	0.00858	0.00772	0.00986	0.00943	0.00600	0.02015	0.83621	0.01586	0.01544	0.01415	0.01158	0.00515	0.00386	0.00129	0.00300	0.00429	0.00386	0.00600
34	0.00943	0.00815	0.00858	0.00772	0.00986	0.00943	0.00600	0.02015	0.83621	0.01586	0.01544	0.01415	0.01158	0.00515	0.00386	0.00129	0.00300	0.00429	0.00386	0.00600
35	0.00462	0.00330	0.00440	0.00528	0.00550	0.00308	0.00352	0.00528	0.00726	0.00968	0.02090	0.86424	0.02508	0.01188	0.00484	0.00154	0.00220	0.01078	0.00352	0.00308
36	0.00830	0.00830	0.01162	0.00996	0.00996	0.01162	0.00830	0.00913	0.00581	0.00913	0.00498	0.00830	0.00498	0.00664	0.01245	0.00166	0.85977	0.00332	0.00166	0.00415
37	0.00806	0.00722	0.01138	0.75277	0.02435	0.00884	0.01012	0.11104	0.00885	0.01144	0.00703	0.00999	0.00523	0.00389	0.00379	0.00125	0.00495	0.00338	0.00195	0.00449
38	0.00448	0.00384	0.00384	0.00384	0.00512	0.00320	0.00288	0.00544	0.00864	0.01025	0.03842	0.03650	0.84152	0.00960	0.00448	0.00128	0.00192	0.00800	0.00352	0.00320
39	0.00542	0.00406	0.00610	0.00610	0.00677	0.00474	0.00474	0.00677	0.00610	0.00880	0.01016	0.01490	0.00948	0.02844	0.85169	0.00610	0.01016	0.00406	0.00203	0.00339
40	0.78405	0.00726	0.00629	0.11028	0.00965	0.00850	0.00490	0.01097	0.00659	0.01611	0.00546	0.00665	0.00422	0.00355	0.00253	0.00118	0.00320	0.00222	0.00227	0.00412
41	0.00917	0.01032	0.11810	0.02174	0.74098	0.00899	0.01193	0.01169	0.00856	0.01234	0.00709	0.00922	0.00586	0.00341	0.00374	0.00114	0.00464	0.00331	0.00184	0.00596
42	0.00550	0.00367	0.00414	0.00416	0.00416	0.00367	0.00232	0.00551	0.00555	0.00740	0.01212	0.04050	0.01400	0.85075	0.01903	0.00364	0.00365	0.00561	0.00232	0.00231
43	0.00493	0.00373	0.00526	0.11053	0.00805	0.00374	0.00439	0.00583	0.00730	0.00968	0.01915	0.75876	0.02261	0.01088	0.00471	0.00151	0.00255	0.00987	0.00329	0.00322
44	0.01413	0.01607	0.01086	0.00948	0.01170	0.63142	0.00727	0.21289	0.02863	0.01296	0.00684	0.00753	0.00540	0.00409	0.00352	0.00102	0.00612	0.00271	0.00244	0.00493
45	0.00507	0.00392	0.00529	0.00586	0.00605	0.00413	0.00411	0.00576	0.00708	0.00961	0.01894	0.75854	0.02260	0.01123	0.00578	0.00155	0.10810	0.00986	0.00329	0.00321
46	0.00716	0.00674	0.01138	0.85760	0.02612	0.00843	0.01053	0.00969	0.00758	0.00969	0.00674	0.01011	0.00506	0.00379	0.00379	0.00126	0.00506	0.00337	0.00169	0.00421
47	0.01451	0.00918	0.01033	0.00806	0.01096	0.00979	0.00661	0.50937	0.11699	0.24658	0.01148	0.01076	0.00788	0.00466	0.00381	0.00117	0.00377	0.00363	0.00405	0.00640
48	0.00553	0.00382	0.00467	0.00464	0.00486	0.00396	0.00293	0.00589	0.00569	0.00779	0.01143	0.02213	0.01261	0.64893	0.22146	0.00421	0.00524	0.00511	0.00223	0.01687
49	0.00448	0.00384	0.00384	0.00384	0.00512	0.00320	0.00288	0.00544	0.00864	0.01025	0.03842	0.03650	0.84152	0.00960	0.00448	0.00128	0.00192	0.00800	0.00352	0.00320
50	0.00716	0.00674	0.01138	0.85760	0.02612	0.00843	0.01053	0.00969	0.00758	0.00969	0.00674	0.01011	0.00506	0.00379	0.00379	0.00126	0.00506	0.00337	0.00169	0.00421
51	0.00778	0.00758	0.01346	0.60332	0.17256	0.00868	0.11184	0.01034	0.00794	0.01048	0.00693	0.01000	0.00531	0.00364	0.00387	0.00124	0.00512	0.00351	0.00175	0.00465
52	0.01442	0.01062	0.01138	0.00873	0.01176	0.01176	0.00721	0.83041	0.01783	0.02390	0.00911	0.00911	0.00645	0.00455	0.00379	0.00114	0.00417	0.00341	0.00379	0.00645
53	0.00462	0.00389	0.00403	0.00410	0.00535	0.00330	0.00315	0.00564	0.00865	0.01034	0.03689	0.03702	0.77321	0.00968	0.00455	0.00132	0.00205	0.07546	0.00352	0.00323
54	0.02612	0.01781	0.01069	0.00969	0.01167	0.82634	0.00728	0.02839	0.01080	0.00963	0.00591	0.00687	0.00490	0.00391	0.00341	0.00098	0.00674	0.00245	0.00199	0.00443
55	0.12209	0.01567	0.00988	0.00899	0.01086	0.67430	0.00682	0.01400	0.00981	0.01021	0.00600	0.00724	0.00504	0.00528	0.04968	0.00130	0.03403	0.00251	0.00200	0.00430
56	0.00553	0.00394	0.00499	0.00469	0.00569	0.00358	0.00353	0.00720	0.01045	0.03491	0.71133	0.02907	0.14502	0.00793	0.00446	0.00120	0.00184	0.00694	0.00410	0.00360
57	0.00540	0.00363	0.00417	0.00428	0.00430	0.00360	0.00245	0.00549	0.00573	0.00764	0.01306	0.12848	0.01518	0.76115	0.01752	0.00341	0.00349	0.00617	0.00245	0.00239
58	0.00513	0.00354	0.00437	0.00474	0.00487	0.00349	0.00296	0.00549	0.00629	0.00843	0.01564	0.38045	0.01832	0.45402	0.06275	0.00291	0.00344	0.00766	0.00280	0.00269
59	0.02135	0.00986	0.02059	0.01492	0.01835	0.00958	0.71684	0.02415	0.02325	0.01220	0.00794	0.03105	0.00627	0.00369	0.00496	0.00131	0.06216	0.00450	0.00201	0.00502
60	0.00552	0.00368	0.00414	0.00414	0.00414	0.00368	0.00230	0.00552	0.00552	0.00735	0.01195	0.02482	0.01379	0.86672	0.01930	0.00368	0.00368	0.00552	0.00230	0.00230
61	0.00703	0.00482	0.00553	0.00509	0.00659	0.00454	0.00393	0.00974	0.13186	0.11558	0.24395	0.02826	0.38422	0.00787	0.00432	0.00126	0.00224	0.02513	0.00389	0.00412
62	0.00542	0.00406	0.00606	0.00606	0.00673	0.00472	0.00470	0.00675	0.00608	0.00878	0.01019	0.01508	0.00956	0.04343	0.83681	0.00605	0.01004	0.00409	0.00204	0.00337
63	0.00764	0.03199	0.83501	0.01075	0.01632	0.00890	0.01390	0.01200	0.00800	0.01197	0.00678	0.00798	0.00481	0.00360	0.00359	0.00120	0.00558	0.00279	0.00160	0.00559
64	0.00928	0.02909	0.00902	0.05713	0.01076	0.00904	0.00613	0.04300	0.63993	0.01515	0.01341	0.01278	0.01014	0.00471	0.00369	0.00118	0.00316	0.00390	0.00348	0.11504
65	0.00792	0.12451	0.74492	0.01028	0.01559	0.00957	0.01308	0.01193	0.00797	0.01163	0.00662	0.00777	0.00481	0.00356	0.00346	0.00115	0.00541	0.00271	0.00160	0.00551
66	0.00765	0.00713	0.01141	0.67333	0.10177	0.00861	0.01008	0.01117	0.11001	0.01071	0.00785	0.01054	0.00595	0.00392	0.00380	0.00125	0.00475	0.00348	0.00197	0.00460
67	0.00652	0.00523	0.00651	0.00580	0.00622	0.00587	0.00410	0.00694	0.00588	0.00842	0.00953	0.01851	0.01053	0.54055	0.01552	0.00278	0.22203	0.00455	0.00213	0.11238
68	0.01276	0.01573	0.00998	0.00909	0.01068	0.69771	0.00676	0.01360	0.00981	0.00903	0.00656	0.00914	0.00599	0.11062	0.00591	0.00135	0.05629	0.00287	0.00198	0.00412
69	0.89350	0.00733	0.00557	0.00499	0.00733	0.00851	0.00411	0.01115	0.00645	0.01702	0.00528	0.00616	0.00411	0.00352	0.00235	0.00117	0.00293	0.00205	0.00235	0.00411
70	0.00457	0.00385	0.00397	0.00394	0.00518	0.00324	0.00295	0.00562	0.00886	0.01076	0.12146	0.03565	0.75816	0.00941	0.00448	0.00127	0.00191	0.00789	0.00359	0.00324
71	0.09466	0.00653	0.00852	0.00659	0.00947	0.00583	0.00544	0.01783	0.01047	0.77227	0.01410	0.01231	0.00892	0.00459	0.00368	0.00117	0.00320	0.00366	0.00449	0.00625
72	0.00761	0.01962	0.84707	0.01081	0.01641	0.00881	0.01401	0.01201	0.00801	0.01201	0.00681	0.00801	0.00480	0.00360	0.00360	0.00120	0.00560	0.00280	0.00160	0.00560
73	0.00466	0.00333	0.00444	0.00532	0.00556	0.00311	0.00358	0.00534	0.00730	0.00972	0.02088	0.84409	0.02500	0.01185	0.00485	0.00155	0.00223	0.03058	0.00352	0.00309
74	0.00462	0.00330	0.00440	0.00528	0.00550	0.00308	0.00352	0.00528	0.00726	0.00968	0.02090	0.86424	0.02508	0.01188	0.00484	0.00154	0.00220	0.01078	0.00352	0.00308
75	0.00761	0.01962	0.84707	0.01081	0.01641	0.00881	0.01401	0.01201	0.00801	0.01201	0.00681	0.00801	0.00480	0.00360	0.00360	0.00120	0.00560	0.00280	0.00160	0.00560
76	0.00459	0.00385	0.00399	0.00396	0.00519	0.00325	0.00297	0.00565	0.00890	0.01086	0.13754	0.03549	0.74202	0.00938	0.00448	0.00127	0.00190	0.00786	0.00360	0.00325
77	0.00466	0.00333	0.00445	0.00533	0.00556	0.00311	0.00359	0.00535	0.00730	0.00973	0.02088	0.84216	0.02500	0.01184	0.00485	0.00155	0.00224	0.03246	0.00352	0.00309
78	0.89350	0.00733	0.00557	0.00499	0.00733	0.00851	0.00411	0.01115	0.00645	0.01702	0.00528	0.00616	0.00411	0.00352	0.00235	0.00117	0.00293	0.00205	0.00235	0.00411
79	0.01442	0.01062	0.01138	0.00873	0.01176	0.01176	0.00721	0.83041	0.01783	0.02390	0.00911	0.00911	0.00645	0.00455	0.00379	0.00114	0.00417	0.00341	0.00379	0.00645
80	0.00448	0.00384	0.00384	0.00384	0.00512	0.00320	0.00288	0.00544	0.00864	0.01025	0.03842	0.03650	0.84152	0.00960	0.00448	0.00128	0.00192	0.00800	0.00352	0.00320
81	0.00461	0.00382	0.00388	0.00388	0.00500	0.00326	0.00281	0.00545	0.00826	0.00989	0.03515	0.03506	0.73930	0.11545	0.00631	0.00158	0.00214	0.00770	0.00337	0.00309
82	0.01420	0.01715	0.01083	0.00964	0.01173	0.74779	0.00731	0.11582	0.01162	0.01109	0.00626	0.00712	0.00508	0.00399	0.00347	0.00100	0.00651	0.00256	0.00218	0.00465
83	0.89350	0.00733	0.00557	0.00499	0.00733	0.00851	0.00411	0.01115	0.00645	0.01702	0.00528	0.00616	0.00411	0.00352	0.00235	0.00117	0.00293	0.00205	0.00235	0.00411
84	0.00540	0.00363	0.00417	0.00428	0.00430	0.00360	0.00245	0.00549	0.00573	0.00764	0.01306	0.12848	0.01518	0.76115	0.01752	0.00341	0.00349	0.00617	0.00245	0.00239
85	0.01579	0.00609	0.00815	0.00635	0.00903	0.00532	0.00521	0.01729	0.01050	0.74300	0.01464	0.01306	0.00943	0.00466	0.00367	0.00114	0.00305	0.00378	0.11375	0.00609
86	0.00587	0.00424	0.00530	0.00568	0.00628	0.00418	0.00398	0.10729	0.00877	0.01176	0.06738	0.70979	0.02341	0.01074	0.00469	0.00147	0.00242	0.00964	0.00359	0.00353
87	0.00786	0.00674	0.00786	0.00562	0.00899	0.00506	0.00449	0.00955	0.00786	0.01236	0.00674	0.00786	0.00562	0.00281	0.00281	0.00056	0.00281	0.00225	0.00225	0.88990
88	0.00462	0.00330	0.00440	0.00528	0.00550	0.00308	0.00352	0.00528	0.00726	0.00968	0.02090	0.86424	0.02508	0.01188	0.00484	0.00154	0.00220	0.01078	0.00352	0.00308
89	0.00939	0.00901	0.01539	0.02328	0.84306	0.00901	0.01164	0.01164	0.00864	0.01239	0.00713	0.00939	0.00601	0.00338	0.00375	0.00113	0.00451	0.00338	0.00188	0.00601
90	0.00815	0.20126	0.65859	0.00981	0.01488	0.01008	0.01227	0.01184	0.00794	0.01135	0.00648	0.00759	0.00483	0.00352	0.00334	0.00111	0.00524	0.00263	0.00161	0.01746
91	0.00761	0.01962	0.84707	0.01081	0.01641	0.00881	0.01401	0.01201	0.00801	0.01201	0.00681	0.00801	0.00480	0.00360	0.00360	0.00120	0.00560	0.00280	0.00160	0.00560
92	0.00794	0.00777	0.01093	0.00948	0.00956	0.01077	0.00786	0.00884	0.00584	0.00909	0.00562	0.00911	0.00553	0.00933	0.11608	0.00221	0.75485	0.00341	0.00171	0.00405
93	0.00939	0.00901	0.01539	0.02328	0.84306	0.00901	0.01164	0.01164	0.00864	0.01239	0.00713	0.00939	0.00601	0.00338	0.00375	0.00113	0.00451	0.00338	0.00188	0.00601
94	0.00623	0.11130	0.00699	0.00536	0.00670	0.00578	0.00415	0.00899	0.15292	0.01176	0.16174	0.23116	0.25623	0.00829	0.00421	0.00127	0.00242	0.00711	0.00346	0.00393
95	0.00600	0.00423	0.00468	0.00458	0.00484	0.00439	0.00276	0.00732	0.10810	0.00840	0.01238	0.02350	0.01351	0.76032	0.01740	0.00338	0.00359	0.00536	0.00249	0.00276
96	0.00480	0.00343	0.00461	0.00549	0.00579	0.00324	0.00384	0.00560	0.00744	0.00989	0.02080	0.76280	0.02468	0.01171	0.00489	0.00157	0.00236	0.11041	0.00352	0.00313
97	0.00827	0.00666	0.00747	0.00690	0.00860	0.00731	0.00547	0.09098	0.41481	0.01539	0.17544	0.04340	0.05451	0.00678	0.00424	0.00133	0.00289	0.13074	0.00383	0.00499
98	0.00733	0.00691	0.01168	0.79427	0.08813	0.00847	0.01062	0.00984	0.00766	0.00989	0.00677	0.01006	0.00513	0.00376	0.00379	0.00125	0.00501	0.00337	0.00170	0.00435
99	0.00567	0.00395	0.00511	0.00478	0.00575	0.00362	0.00360	0.00740	0.01062	0.03976	0.77043	0.02834	0.08109	0.00777	0.00445	0.00120	0.00184	0.00683	0.00415	0.00364
100	0.00462	0.00330	0.00440	0.00528	0.00550	0.00308	0.00352	0.00528	0.00726	0.00968	0.02090	0.86424	0.02508	0.01188	0.00484	0.00154	0.00220	0.01078	0.00352	0.00308
101	0.00459	0.00369	0.00410	0.00441	0.00534	0.00321	0.00320	0.00548	0.00821	0.01011	0.03219	0.29967	0.55242	0.01036	0.00462	0.00138	0.00207	0.03827	0.00352	0.00317
102	0.00786	0.00674	0.00786	0.00562	0.00899	0.00506	0.00449	0.00955	0.00786	0.01236	0.00674	0.00786	0.00562	0.00281	0.00281	0.00056	0.00281	0.00225	0.00225	0.88990
103	0.00470	0.00336	0.00449	0.00537	0.00563	0.00315	0.00366	0.00542	0.00734	0.00977	0.02086	0.82069	0.02491	0.01181	0.00486	0.00155	0.00227	0.05355	0.00352	0.00310
104	0.00830	0.00830	0.01162	0.00996	0.00996	0.01162	0.00830	0.00913	0.00581	0.00913	0.00498	0.00830	0.00498	0.00664	0.01245	0.00166	0.85977	0.00332	0.00166	0.00415
105	0.00936	0.00908	0.01580	0.02285	0.79495	0.00904	0.05942	0.01167	0.00865	0.01238	0.00717	0.00944	0.00599	0.00337	0.00380	0.00114	0.00462	0.00344	0.00188	0.00596
106	0.00808	0.00535	0.00656	0.00568	0.00722	0.00520	0.00442	0.11090	0.05976	0.10610	0.56931	0.02269	0.02676	0.00669	0.00422	0.00117	0.00235	0.00578	0.00409	0.03768
107	0.00879	0.00828	0.01355	0.15467	0.57880	0.00829	0.01032	0.01099	0.00834	0.01195	0.00701	0.00926	0.00579	0.00335	0.00361	0.00106	0.00432	0.00320	0.00191	0.14651
