[name]
unknown

[dist]
# distance from previous block
# <min> <max>
0	72

[block]
# block no. 0 follows, 76 sequences, length 56
# corresponding to MSA columns:
# 105-160
name=unknown_A
#
# <colnr> <probs for GDERKNQSTAVLIFYWHMCP>
#	G	D	E	R	K	N	Q	S	T	A	V	L	I	F	Y	W	H	M	C	P
0	0.77821	0.00692	0.00590	0.00570	0.04588	0.00785	0.00437	0.01081	0.00660	0.04900	0.02387	0.00773	0.00534	0.00368	0.00249	0.00114	0.00288	0.02514	0.00239	0.00408
1	0.45472	0.03691	0.00790	0.03791	0.10198	0.00769	0.00545	0.05334	0.00806	0.18234	0.01832	0.00983	0.03939	0.00403	0.00296	0.00112	0.00316	0.01747	0.00276	0.00468
2	0.00962	0.00840	0.00991	0.07953	0.20719	0.09782	0.00714	0.15976	0.11575	0.04955	0.10356	0.02514	0.06893	0.00477	0.00370	0.00110	0.00375	0.00401	0.00286	0.03752
3	0.00894	0.00777	0.01138	0.45747	0.16814	0.00895	0.00924	0.19173	0.07647	0.01320	0.00769	0.00966	0.00580	0.00383	0.00363	0.00116	0.00441	0.00331	0.00226	0.00495
4	0.04235	0.14779	0.28018	0.00781	0.01141	0.01747	0.01704	0.04090	0.05540	0.31770	0.01003	0.00978	0.01829	0.00397	0.00335	0.00108	0.00401	0.00308	0.00286	0.00550
5	0.01066	0.09170	0.06076	0.01224	0.20792	0.26229	0.09308	0.10316	0.03387	0.02170	0.03136	0.00919	0.00658	0.03514	0.00402	0.00112	0.00500	0.00313	0.00215	0.00494
6	0.00900	0.00864	0.01475	0.02231	0.84960	0.00864	0.01115	0.01115	0.00828	0.01187	0.00684	0.00900	0.00576	0.00324	0.00360	0.00108	0.00432	0.00324	0.00180	0.00576
7	0.03790	0.00895	0.18714	0.00815	0.04912	0.00645	0.04483	0.04481	0.04007	0.37392	0.11173	0.02533	0.01990	0.02028	0.00396	0.00119	0.00360	0.00393	0.00337	0.00537
8	0.15960	0.00921	0.16629	0.04729	0.01993	0.05321	0.09257	0.01986	0.00843	0.20763	0.05039	0.10804	0.03231	0.00492	0.00358	0.00118	0.00386	0.00416	0.00280	0.00473
9	0.00524	0.00386	0.00579	0.00579	0.00641	0.00448	0.00448	0.00641	0.00579	0.00834	0.00959	0.01414	0.00896	0.02662	0.82093	0.04474	0.00945	0.00386	0.00193	0.00317
10	0.00529	0.00352	0.00396	0.00396	0.00396	0.00352	0.00220	0.00529	0.00529	0.00705	0.01145	0.02378	0.01321	0.87227	0.01850	0.00352	0.00352	0.00529	0.00220	0.00220
11	0.01084	0.22300	0.21915	0.00804	0.01140	0.06862	0.03049	0.13012	0.05614	0.15713	0.04501	0.00934	0.00729	0.00394	0.00330	0.00104	0.00423	0.00302	0.00261	0.00530
12	0.00880	0.00843	0.01439	0.10066	0.77280	0.00858	0.01106	0.01098	0.00818	0.01163	0.00680	0.00906	0.00567	0.00328	0.00360	0.00109	0.00437	0.00324	0.00178	0.00560
13	0.00443	0.00316	0.00422	0.00506	0.00527	0.00295	0.00337	0.00506	0.00696	0.00928	0.02003	0.86990	0.02404	0.01139	0.00464	0.00148	0.00211	0.01033	0.00337	0.00295
14	0.00831	0.01959	0.01285	0.30034	0.44303	0.04444	0.02749	0.01075	0.03646	0.01079	0.00705	0.00950	0.00572	0.00455	0.04292	0.00134	0.00482	0.00326	0.00181	0.00497
15	0.20740	0.12848	0.31175	0.00807	0.01160	0.03265	0.04414	0.09206	0.05620	0.02837	0.04237	0.00844	0.00636	0.00374	0.00314	0.00109	0.00420	0.00281	0.00220	0.00494
16	0.00456	0.00329	0.00450	0.00520	0.00548	0.00323	0.00358	0.00531	0.00677	0.00913	0.01826	0.72236	0.02146	0.01412	0.15177	0.00223	0.00342	0.00922	0.00313	0.00300
17	0.00461	0.00334	0.00422	0.00479	0.00517	0.00311	0.00325	0.00532	0.00720	0.00949	0.07619	0.58164	0.12468	0.11197	0.00622	0.00167	0.00226	0.03866	0.00328	0.00292
18	0.00868	0.11502	0.55323	0.00956	0.02495	0.03189	0.03304	0.05012	0.04273	0.06409	0.01816	0.00842	0.00571	0.00393	0.01426	0.00116	0.00494	0.00285	0.00196	0.00530
19	0.01774	0.06421	0.46939	0.01175	0.16024	0.00886	0.03714	0.01278	0.13867	0.03300	0.00799	0.00889	0.00596	0.00364	0.00347	0.00113	0.00465	0.00303	0.00201	0.00545
20	0.00541	0.00422	0.00586	0.00584	0.00649	0.02667	0.00449	0.00664	0.00593	0.00838	0.00971	0.01454	0.00917	0.06814	0.79443	0.00560	0.00935	0.00392	0.00196	0.00322
21	0.00898	0.00851	0.01189	0.07192	0.38010	0.07002	0.04532	0.03226	0.04031	0.02540	0.00711	0.00869	0.00576	0.00325	0.00335	0.00093	0.00404	0.00294	0.00206	0.26717
22	0.01371	0.00997	0.01073	0.00827	0.01114	0.01101	0.00682	0.78261	0.04834	0.04660	0.00912	0.00902	0.00645	0.00439	0.00364	0.00110	0.00393	0.00332	0.00366	0.00616
23	0.00486	0.00373	0.00407	0.00404	0.00517	0.00319	0.00301	0.00587	0.00850	0.04090	0.14327	0.11624	0.62635	0.00901	0.00431	0.00124	0.00190	0.00764	0.00350	0.00322
24	0.00527	0.00352	0.00397	0.00398	0.00399	0.00351	0.00222	0.00528	0.00532	0.00709	0.01161	0.03972	0.01342	0.85606	0.01824	0.00349	0.00350	0.00538	0.00222	0.00222
25	0.00460	0.00368	0.00412	0.00404	0.00511	0.00319	0.00302	0.00579	0.00896	0.01149	0.32417	0.05756	0.53417	0.00864	0.00430	0.00120	0.00180	0.00736	0.00360	0.00319
26	0.00514	0.00372	0.00486	0.00457	0.00543	0.00343	0.00343	0.00686	0.01029	0.01457	0.84768	0.02715	0.03429	0.00743	0.00429	0.00114	0.00171	0.00657	0.00400	0.00343
27	0.25769	0.01267	0.06315	0.00781	0.01012	0.38052	0.00640	0.08450	0.12168	0.01317	0.00702	0.00758	0.00546	0.00384	0.00309	0.00106	0.00473	0.00258	0.00235	0.00459
28	0.00497	0.00371	0.00462	0.00439	0.00532	0.00336	0.00329	0.00652	0.00988	0.01360	0.68130	0.02876	0.20128	0.00779	0.00429	0.00116	0.00174	0.00680	0.00387	0.00336
29	0.00965	0.84970	0.04318	0.00634	0.00951	0.01421	0.00643	0.01090	0.00739	0.00864	0.00510	0.00588	0.00466	0.00312	0.00236	0.00079	0.00393	0.00196	0.00155	0.00468
30	0.01358	0.01732	0.01030	0.00936	0.01124	0.85768	0.00702	0.01451	0.01030	0.00890	0.00562	0.00655	0.00468	0.00375	0.00328	0.00094	0.00655	0.00234	0.00187	0.00421
31	0.00514	0.00372	0.00486	0.00457	0.00543	0.00343	0.00343	0.00686	0.01029	0.01457	0.84768	0.02715	0.03429	0.00743	0.00429	0.00114	0.00171	0.00657	0.00400	0.00343
32	0.26762	0.00919	0.00924	0.00730	0.01000	0.01027	0.00602	0.57823	0.02537	0.03151	0.00783	0.00803	0.00564	0.00409	0.00324	0.00110	0.00363	0.00291	0.00325	0.00553
33	0.01382	0.01018	0.01091	0.00836	0.01127	0.01127	0.00691	0.83748	0.01709	0.02291	0.00873	0.00873	0.00618	0.00436	0.00364	0.00109	0.00400	0.00327	0.00364	0.00618
34	0.00997	0.01190	0.01834	0.01366	0.01683	0.24559	0.60533	0.01244	0.00906	0.01088	0.00687	0.00890	0.00528	0.00325	0.00401	0.00114	0.00625	0.00375	0.00185	0.00471
35	0.00858	0.00980	0.02145	0.01532	0.01900	0.00919	0.83640	0.01164	0.00858	0.01164	0.00735	0.00980	0.00551	0.00306	0.00429	0.00123	0.00613	0.00429	0.00184	0.00490
36	0.00590	0.00415	0.00574	0.00654	0.00738	0.00415	0.00570	0.00757	0.00833	0.01100	0.01890	0.03971	0.02037	0.00977	0.00490	0.00163	0.00327	0.78647	0.04518	0.00335
37	0.00795	0.00795	0.01113	0.00954	0.00954	0.01113	0.00795	0.00875	0.00557	0.00875	0.00477	0.00795	0.00477	0.00636	0.01193	0.00159	0.86562	0.00318	0.00159	0.00398
38	0.00787	0.01373	0.42000	0.01254	0.05474	0.00856	0.33067	0.01167	0.04116	0.01169	0.00778	0.01036	0.00603	0.00366	0.00387	0.00120	0.00542	0.04208	0.00184	0.00513
39	0.00450	0.00369	0.00396	0.00389	0.00503	0.00315	0.00292	0.00561	0.00876	0.01095	0.22906	0.03312	0.65518	0.00878	0.00429	0.00121	0.00181	0.00741	0.00352	0.00315
40	0.00686	0.00646	0.01090	0.86353	0.02503	0.00807	0.01009	0.00929	0.00727	0.00929	0.00646	0.00969	0.00484	0.00363	0.00363	0.00121	0.00484	0.00323	0.00161	0.00404
41	0.01623	0.00801	0.01508	0.04151	0.22861	0.00800	0.36046	0.01027	0.01903	0.01164	0.10506	0.05447	0.01980	0.01865	0.00486	0.00125	0.06570	0.00450	0.00218	0.00470
42	0.01431	0.01850	0.06542	0.00772	0.01072	0.02623	0.03930	0.25811	0.03862	0.46499	0.01162	0.01072	0.00767	0.00431	0.00364	0.00112	0.00371	0.00347	0.00383	0.00601
43	0.00447	0.00321	0.00425	0.00504	0.00531	0.00299	0.00341	0.00515	0.00710	0.00944	0.03816	0.81078	0.04845	0.01121	0.00463	0.00147	0.00212	0.02646	0.00339	0.00297
44	0.00686	0.00646	0.01090	0.86353	0.02503	0.00807	0.01009	0.00929	0.00727	0.00929	0.00646	0.00969	0.00484	0.00363	0.00363	0.00121	0.00484	0.00323	0.00161	0.00404
45	0.82317	0.03267	0.00605	0.02044	0.00758	0.00845	0.00422	0.04111	0.00664	0.01619	0.00522	0.00607	0.00406	0.00341	0.00233	0.00111	0.00292	0.00204	0.00227	0.00404
46	0.00872	0.09007	0.20703	0.12595	0.31787	0.03421	0.06953	0.04946	0.04146	0.01168	0.00696	0.00865	0.00546	0.00345	0.00350	0.00110	0.00471	0.00308	0.00186	0.00526
47	0.57257	0.00672	0.00648	0.00540	0.00786	0.00712	0.00445	0.01328	0.00774	0.32476	0.00848	0.00829	0.00580	0.00379	0.00277	0.00112	0.00292	0.00259	0.00308	0.00477
48	0.00569	0.00488	0.03912	0.00530	0.00654	0.00434	0.02163	0.00842	0.10010	0.01425	0.67135	0.02488	0.06537	0.00699	0.00419	0.00116	0.00208	0.00615	0.00380	0.00377
49	0.00503	0.00369	0.00471	0.00450	0.00537	0.00337	0.00336	0.00662	0.00995	0.01388	0.73284	0.06131	0.11626	0.00777	0.00430	0.00116	0.00174	0.00683	0.00391	0.00337
50	0.00447	0.00321	0.00420	0.00495	0.00520	0.00299	0.00330	0.00511	0.00699	0.00928	0.03402	0.78392	0.05634	0.05086	0.00526	0.00155	0.00216	0.00993	0.00333	0.00293
51	0.00590	0.00415	0.00574	0.00654	0.00738	0.00415	0.00570	0.00757	0.00833	0.01100	0.01890	0.03973	0.02038	0.00977	0.00491	0.00164	0.00327	0.78731	0.04427	0.00335
52	0.89794	0.00703	0.00534	0.00478	0.00703	0.00815	0.00394	0.01068	0.00619	0.01631	0.00506	0.00590	0.00394	0.00337	0.00225	0.00112	0.00281	0.00197	0.00225	0.00394
53	0.00900	0.00864	0.01475	0.02231	0.84960	0.00864	0.01115	0.01115	0.00828	0.01187	0.00684	0.00900	0.00576	0.00324	0.00360	0.00108	0.00432	0.00324	0.00180	0.00576
54	0.01358	0.01732	0.01030	0.00936	0.01124	0.85768	0.00702	0.01451	0.01030	0.00890	0.00562	0.00655	0.00468	0.00375	0.00328	0.00094	0.00655	0.00234	0.00187	0.00421
55	0.00904	0.00781	0.00822	0.00740	0.00945	0.00904	0.00575	0.01931	0.84303	0.01520	0.01479	0.01356	0.01109	0.00493	0.00370	0.00123	0.00288	0.00411	0.00370	0.00575

[dist]
# distance from previous block
# <min> <max>
0	21

[block]
# block no. 1 follows, 76 sequences, length 18
# corresponding to MSA columns:
# 182-197,201,202
name=unknown_B
#
# <colnr> <probs for GDERKNQSTAVLIFYWHMCP>
#	G	D	E	R	K	N	Q	S	T	A	V	L	I	F	Y	W	H	M	C	P
0	0.00595	0.00437	0.00639	0.00699	0.00792	0.00435	0.03410	0.00767	0.00837	0.01090	0.01884	0.03994	0.02039	0.00980	0.00500	0.00166	0.00344	0.79722	0.00330	0.00340
1	0.00537	0.00378	0.00483	0.00453	0.00548	0.00344	0.00341	0.00698	0.01007	0.03772	0.73474	0.02759	0.12329	0.00754	0.00427	0.00115	0.00177	0.00661	0.00395	0.00347
2	0.00686	0.00646	0.01090	0.86353	0.02503	0.00807	0.01009	0.00929	0.00727	0.00929	0.00646	0.00969	0.00484	0.00363	0.00363	0.00121	0.00484	0.00323	0.00161	0.00404
3	0.00698	0.00653	0.01075	0.81673	0.02418	0.00813	0.00986	0.00983	0.05296	0.00961	0.00692	0.00990	0.00519	0.00370	0.00364	0.00121	0.00474	0.00328	0.00173	0.00413
4	0.01591	0.00610	0.00831	0.00640	0.00914	0.00527	0.00527	0.01733	0.01040	0.82244	0.04387	0.01289	0.00989	0.00460	0.00368	0.00113	0.00304	0.00376	0.00448	0.00609
5	0.00458	0.00349	0.00424	0.00471	0.00540	0.00316	0.00343	0.00549	0.00778	0.00995	0.07233	0.42876	0.32296	0.01023	0.00454	0.00139	0.00213	0.09898	0.00341	0.00306
6	0.00761	0.00725	0.01214	0.53862	0.28565	0.00846	0.01028	0.00984	0.00747	0.01007	0.00646	0.00935	0.00513	0.00369	0.00419	0.00120	0.06310	0.00323	0.00167	0.00458
7	0.41373	0.06710	0.07092	0.00627	0.00864	0.04020	0.02142	0.06184	0.14301	0.01445	0.00984	0.06420	0.05603	0.00453	0.00301	0.00114	0.00326	0.00337	0.00258	0.00444
8	0.00521	0.00356	0.00417	0.00432	0.00465	0.00341	0.00277	0.00561	0.00641	0.02386	0.04244	0.18848	0.13344	0.50464	0.01253	0.00261	0.00294	0.04357	0.00274	0.00263
9	0.00488	0.00486	0.06829	0.00519	0.00641	0.00371	0.02941	0.00619	0.00821	0.01074	0.17870	0.28979	0.33547	0.00895	0.00435	0.00129	0.00233	0.02458	0.00331	0.00333
10	0.15049	0.00884	0.07197	0.00727	0.00995	0.06643	0.04143	0.17214	0.06227	0.19017	0.02634	0.01027	0.02218	0.00566	0.06133	0.00139	0.00412	0.00323	0.00301	0.08151
11	0.00870	0.44749	0.41054	0.00823	0.01239	0.01150	0.00962	0.03533	0.00780	0.01036	0.00585	0.00678	0.00468	0.00331	0.00290	0.00096	0.00459	0.00233	0.00161	0.00504
12	0.00904	0.00847	0.00749	0.03508	0.00869	0.22755	0.00528	0.12190	0.06298	0.03549	0.01208	0.24031	0.01237	0.11889	0.03577	0.00167	0.01678	0.03340	0.00279	0.00397
13	0.00811	0.00666	0.00774	0.00557	0.00878	0.00521	0.00448	0.05466	0.00813	0.03475	0.00679	0.00773	0.00552	0.00283	0.00277	0.00058	0.00277	0.00225	0.00230	0.82235
14	0.00803	0.18688	0.44258	0.01019	0.01439	0.00958	0.17841	0.02822	0.00787	0.01097	0.00666	0.00821	0.00514	0.00494	0.06139	0.00141	0.00550	0.00296	0.00167	0.00501
15	0.00593	0.00384	0.00530	0.00530	0.00587	0.00406	0.00383	0.00677	0.00623	0.07141	0.01223	0.16703	0.01261	0.21724	0.43473	0.02038	0.00634	0.00532	0.00244	0.00314
16	0.00796	0.01786	0.79016	0.01007	0.01525	0.00821	0.01282	0.01197	0.00788	0.07446	0.00711	0.00803	0.00493	0.00353	0.00347	0.00115	0.00520	0.00276	0.00176	0.00543
17	0.00769	0.00808	0.07484	0.46822	0.27424	0.00825	0.01022	0.01069	0.06433	0.01073	0.00725	0.00967	0.00562	0.00360	0.00359	0.00116	0.00453	0.00325	0.01929	0.00477

[dist]
# distance from previous block
# <min> <max>
0	1

[block]
# block no. 2 follows, 76 sequences, length 142
# corresponding to MSA columns:
# 204-217,219-346
name=unknown_C
#
# <colnr> <probs for GDERKNQSTAVLIFYWHMCP>
#	G	D	E	R	K	N	Q	S	T	A	V	L	I	F	Y	W	H	M	C	P
0	0.00449	0.00321	0.00420	0.00494	0.00518	0.00300	0.00328	0.00511	0.00695	0.00925	0.03560	0.77745	0.04499	0.06695	0.00552	0.00160	0.00219	0.00987	0.00331	0.00292
1	0.00456	0.00327	0.00436	0.00518	0.00547	0.00307	0.00358	0.00530	0.00715	0.00949	0.03054	0.77194	0.03783	0.01118	0.00466	0.00149	0.00221	0.08234	0.00338	0.00299
2	0.00807	0.00662	0.00763	0.00550	0.00869	0.01837	0.00440	0.00966	0.00772	0.05371	0.00684	0.00776	0.00555	0.00280	0.00275	0.00057	0.00277	0.00223	0.00227	0.83609
3	0.00608	0.00506	0.00650	0.00610	0.00629	0.01895	0.00448	0.00668	0.00604	0.00851	0.06562	0.11475	0.01271	0.34039	0.12049	0.00282	0.25814	0.00511	0.00224	0.00306
4	0.00513	0.00369	0.00472	0.00448	0.00536	0.00340	0.00336	0.00677	0.01002	0.01414	0.75500	0.03999	0.08786	0.00751	0.00424	0.00114	0.00173	0.00660	0.03145	0.00340
5	0.00846	0.00810	0.01371	0.21701	0.62313	0.00861	0.01077	0.01062	0.00793	0.01114	0.00666	0.00911	0.00550	0.00346	0.00395	0.00113	0.04043	0.00323	0.00175	0.00528
6	0.89794	0.00703	0.00534	0.00478	0.00703	0.00815	0.00394	0.01068	0.00619	0.01631	0.00506	0.00590	0.00394	0.00337	0.00225	0.00112	0.00281	0.00197	0.00225	0.00394
7	0.01358	0.01732	0.01030	0.00936	0.01124	0.85768	0.00702	0.01451	0.01030	0.00890	0.00562	0.00655	0.00468	0.00375	0.00328	0.00094	0.00655	0.00234	0.00187	0.00421
8	0.00492	0.00371	0.00455	0.00434	0.00529	0.00333	0.00325	0.00642	0.00976	0.01331	0.63237	0.02923	0.25039	0.00790	0.00429	0.00117	0.00175	0.00686	0.00383	0.00333
9	0.86111	0.00699	0.00547	0.00485	0.00712	0.00804	0.00399	0.01098	0.00636	0.05123	0.00545	0.00617	0.00415	0.00342	0.00231	0.00112	0.00282	0.00204	0.00234	0.00403
10	0.00529	0.00352	0.00396	0.00396	0.00396	0.00352	0.00220	0.00529	0.00529	0.00705	0.01145	0.02378	0.01321	0.87227	0.01850	0.00352	0.00352	0.00529	0.00220	0.00220
11	0.00496	0.00371	0.00461	0.00438	0.00532	0.00335	0.00329	0.00651	0.00986	0.01355	0.67365	0.02883	0.20896	0.00781	0.00429	0.00116	0.00174	0.00681	0.00387	0.00335
12	0.00529	0.00352	0.00396	0.00396	0.00396	0.00352	0.00220	0.00529	0.00529	0.00705	0.01145	0.02378	0.01321	0.87227	0.01850	0.00352	0.00352	0.00529	0.00220	0.00220
13	0.00904	0.00781	0.00822	0.00740	0.00945	0.00904	0.00575	0.01931	0.84303	0.01520	0.01479	0.01356	0.01109	0.00493	0.00370	0.00123	0.00288	0.00411	0.00370	0.00575
14	0.02341	0.02524	0.01075	0.00997	0.07039	0.61423	0.00723	0.16402	0.01131	0.02137	0.00636	0.00717	0.00507	0.00382	0.00335	0.00098	0.00582	0.00258	0.00222	0.00471
15	0.27928	0.15561	0.08287	0.00695	0.01826	0.04501	0.01444	0.15263	0.00948	0.19205	0.00783	0.00799	0.00563	0.00375	0.00298	0.00106	0.00368	0.00266	0.00276	0.00508
16	0.01014	0.73792	0.02721	0.00651	0.00962	0.01370	0.00634	0.11214	0.00858	0.01042	0.00555	0.00625	0.00487	0.00326	0.00251	0.00081	0.00389	0.00212	0.00182	0.02633
17	0.00443	0.00316	0.00422	0.00506	0.00527	0.00295	0.00337	0.00506	0.00696	0.00928	0.02003	0.86990	0.02404	0.01139	0.00464	0.00148	0.00211	0.01033	0.00337	0.00295
18	0.00903	0.00880	0.01482	0.03077	0.76353	0.02303	0.05307	0.01141	0.02846	0.01186	0.00703	0.00911	0.00585	0.00328	0.00363	0.00109	0.00442	0.00330	0.00185	0.00567
19	0.01861	0.29812	0.39292	0.00849	0.01247	0.01057	0.02584	0.06400	0.09754	0.01973	0.01582	0.00803	0.00578	0.00360	0.00314	0.00103	0.00446	0.00270	0.00197	0.00519
20	0.00522	0.00421	0.00459	0.00435	0.00559	0.00387	0.00330	0.04129	0.05862	0.01204	0.26539	0.03038	0.53152	0.00824	0.00423	0.00120	0.00196	0.00696	0.00358	0.00346
21	0.00720	0.00680	0.01150	0.73196	0.15400	0.00816	0.01026	0.00958	0.00743	0.00969	0.00652	0.00958	0.00499	0.00357	0.00363	0.00119	0.00476	0.00323	0.00164	0.00431
22	0.00901	0.48099	0.32888	0.00793	0.01182	0.02279	0.00893	0.04597	0.03465	0.01047	0.00607	0.00689	0.00491	0.00336	0.00286	0.00095	0.00445	0.00235	0.00171	0.00502
23	0.00693	0.03301	0.02784	0.01123	0.29594	0.00626	0.02757	0.00949	0.08824	0.01230	0.23234	0.05158	0.17066	0.00590	0.00393	0.00115	0.00302	0.00526	0.00289	0.00448
24	0.00437	0.00366	0.00381	0.00383	0.00497	0.00309	0.00285	0.00534	0.00837	0.01017	0.10176	0.08124	0.73570	0.00918	0.00431	0.00123	0.00185	0.00773	0.00343	0.00309
25	0.00507	0.00385	0.00473	0.00499	0.00572	0.00369	0.00361	0.00693	0.08133	0.01142	0.25200	0.39776	0.15244	0.00933	0.00442	0.00133	0.00208	0.04238	0.00358	0.00336
26	0.01396	0.03045	0.06835	0.00828	0.04575	0.00848	0.01551	0.36850	0.01290	0.36555	0.01865	0.01029	0.00745	0.00429	0.00361	0.00110	0.00373	0.00340	0.00371	0.00603
27	0.01358	0.01732	0.01030	0.00936	0.01124	0.85768	0.00702	0.01451	0.01030	0.00890	0.00562	0.00655	0.00468	0.00375	0.00328	0.00094	0.00655	0.00234	0.00187	0.00421
28	0.00764	0.00707	0.01172	0.29388	0.42538	0.00757	0.00942	0.00991	0.01878	0.01153	0.15056	0.01238	0.01040	0.00411	0.00373	0.00114	0.00403	0.00382	0.00214	0.00480
29	0.00509	0.00371	0.00478	0.00451	0.00540	0.00341	0.00338	0.00675	0.01015	0.01426	0.79372	0.02767	0.08845	0.00755	0.00429	0.00115	0.00172	0.00665	0.00396	0.00341
30	0.01500	0.00655	0.00921	0.02541	0.05223	0.00593	0.03130	0.06108	0.01043	0.69538	0.01345	0.03841	0.00895	0.00458	0.00370	0.00114	0.00330	0.00383	0.00414	0.00598
31	0.01631	0.00619	0.00843	0.00647	0.00928	0.00534	0.00534	0.01771	0.01040	0.85211	0.01434	0.01237	0.00900	0.00450	0.00365	0.00112	0.00309	0.00365	0.00450	0.00619
32	0.00754	0.00646	0.00754	0.00538	0.00861	0.00484	0.00431	0.00915	0.00754	0.01184	0.00646	0.00754	0.00538	0.00269	0.00269	0.00054	0.00269	0.00215	0.00215	0.89449
33	0.01631	0.00619	0.00843	0.00647	0.00928	0.00534	0.00534	0.01771	0.01040	0.85211	0.01434	0.01237	0.00900	0.00450	0.00365	0.00112	0.00309	0.00365	0.00450	0.00619
34	0.00727	0.00687	0.01163	0.70509	0.18033	0.00818	0.01029	0.00964	0.00746	0.00977	0.00653	0.00956	0.00502	0.00356	0.00363	0.00119	0.00475	0.00323	0.00165	0.00436
35	0.01609	0.00619	0.00841	0.00644	0.00926	0.00533	0.00532	0.01750	0.01033	0.83149	0.01415	0.01225	0.00891	0.00445	0.00363	0.00111	0.00308	0.00362	0.00444	0.02799
36	0.87623	0.00728	0.00546	0.00489	0.00713	0.02901	0.00401	0.01078	0.00629	0.01612	0.00507	0.00592	0.00395	0.00338	0.00227	0.00112	0.00290	0.00198	0.00224	0.00394
37	0.02817	0.00603	0.00811	0.00630	0.00899	0.00524	0.00518	0.01685	0.01019	0.78884	0.01525	0.02965	0.04427	0.00481	0.00368	0.00114	0.00302	0.00393	0.00440	0.00596
38	0.00489	0.00366	0.00450	0.00444	0.00521	0.00343	0.00322	0.00605	0.00840	0.01132	0.37758	0.09746	0.23586	0.11905	0.09689	0.00199	0.00286	0.00672	0.00334	0.00312
39	0.01621	0.00634	0.00853	0.00654	0.00935	0.00557	0.00540	0.04866	0.01066	0.82081	0.01413	0.01223	0.00889	0.00449	0.00365	0.00112	0.00313	0.00364	0.00447	0.00619
40	0.00754	0.00646	0.00754	0.00538	0.00861	0.00484	0.00431	0.00915	0.00754	0.01184	0.00646	0.00754	0.00538	0.00269	0.00269	0.00054	0.00269	0.00215	0.00215	0.89449
41	0.03946	0.04161	0.13793	0.00907	0.13013	0.04782	0.01882	0.06047	0.00929	0.16327	0.15925	0.11886	0.03765	0.00550	0.00376	0.00115	0.00350	0.00470	0.00299	0.00478
42	0.00984	0.84812	0.01878	0.00632	0.00939	0.04030	0.00624	0.01099	0.00747	0.00856	0.00507	0.00585	0.00466	0.00313	0.00236	0.00078	0.00397	0.00196	0.00156	0.00465
43	0.00497	0.00371	0.00462	0.00439	0.00532	0.00336	0.00329	0.00653	0.00988	0.01361	0.68306	0.02874	0.19952	0.00779	0.00429	0.00116	0.00174	0.00680	0.00387	0.00336
44	0.00634	0.00407	0.00529	0.00511	0.00562	0.00427	0.00362	0.04800	0.06194	0.00868	0.02372	0.01617	0.06789	0.15733	0.16071	0.39561	0.00428	0.01653	0.00218	0.00264
45	0.00491	0.00371	0.00454	0.00433	0.00529	0.00333	0.00325	0.00641	0.00974	0.01327	0.62513	0.02930	0.25766	0.00792	0.00429	0.00117	0.00175	0.00687	0.00383	0.00333
46	0.00762	0.00671	0.00861	0.05231	0.02279	0.00558	0.05343	0.00996	0.06663	0.01187	0.00741	0.02760	0.00619	0.00313	0.00296	0.00069	0.00303	0.00267	0.00224	0.69855
47	0.04151	0.00621	0.00835	0.00642	0.00921	0.00542	0.00530	0.01751	0.01028	0.82822	0.01407	0.01219	0.00885	0.00447	0.00361	0.00112	0.00308	0.00361	0.00443	0.00612
48	0.72643	0.00648	0.00537	0.00484	0.00688	0.00732	0.00395	0.01028	0.00690	0.04174	0.10953	0.00999	0.02077	0.00415	0.00264	0.00114	0.00268	0.02243	0.00258	0.00392
49	0.01341	0.01702	0.01022	0.00925	0.01116	0.83424	0.00695	0.01437	0.01022	0.00898	0.00564	0.00658	0.00470	0.00372	0.00326	0.00093	0.00645	0.00234	0.00188	0.02869
50	0.00904	0.00781	0.00822	0.00740	0.00945	0.00904	0.00575	0.01931	0.84303	0.01520	0.01479	0.01356	0.01109	0.00493	0.00370	0.00123	0.00288	0.00411	0.00370	0.00575
51	0.89794	0.00703	0.00534	0.00478	0.00703	0.00815	0.00394	0.01068	0.00619	0.01631	0.00506	0.00590	0.00394	0.00337	0.00225	0.00112	0.00281	0.00197	0.00225	0.00394
52	0.00584	0.00417	0.00583	0.00667	0.00750	0.00417	0.00582	0.00749	0.00835	0.01085	0.01926	0.05332	0.02096	0.01006	0.00501	0.00167	0.00333	0.81302	0.00335	0.00334
53	0.00730	0.01842	0.82725	0.01021	0.01551	0.00833	0.01315	0.01144	0.00767	0.01152	0.00652	0.00767	0.00463	0.00343	0.00343	0.00113	0.00529	0.00267	0.00155	0.03289
54	0.00754	0.00646	0.00754	0.00538	0.00861	0.00484	0.00431	0.00915	0.00754	0.01184	0.00646	0.00754	0.00538	0.00269	0.00269	0.00054	0.00269	0.00215	0.00215	0.89449
55	0.87045	0.03388	0.00577	0.00482	0.00710	0.00835	0.00401	0.01069	0.00622	0.01607	0.00506	0.00590	0.00396	0.00337	0.00225	0.00111	0.00284	0.00197	0.00223	0.00396
56	0.00900	0.00864	0.01475	0.02231	0.84960	0.00864	0.01115	0.01115	0.00828	0.01187	0.00684	0.00900	0.00576	0.00324	0.00360	0.00108	0.00432	0.00324	0.00180	0.00576
57	0.00904	0.00781	0.00822	0.00740	0.00945	0.00904	0.00575	0.01931	0.84303	0.01520	0.01479	0.01356	0.01109	0.00493	0.00370	0.00123	0.00288	0.00411	0.00370	0.00575
58	0.01386	0.01011	0.01087	0.00833	0.01124	0.01117	0.00688	0.82361	0.01698	0.03693	0.00882	0.00879	0.00623	0.00437	0.00364	0.00109	0.00398	0.00328	0.00365	0.00618
59	0.00529	0.00352	0.00396	0.00396	0.00396	0.00352	0.00220	0.00529	0.00529	0.00705	0.01145	0.02378	0.01321	0.87227	0.01850	0.00352	0.00352	0.00529	0.00220	0.00220
60	0.00529	0.00352	0.00396	0.00396	0.00396	0.00352	0.00220	0.00529	0.00529	0.00705	0.01145	0.02378	0.01321	0.87227	0.01850	0.00352	0.00352	0.00529	0.00220	0.00220
61	0.00858	0.00980	0.02145	0.01532	0.01900	0.00919	0.83640	0.01164	0.00858	0.01164	0.00735	0.00980	0.00551	0.00306	0.00429	0.00123	0.00613	0.00429	0.00184	0.00490
62	0.01631	0.00619	0.00843	0.00647	0.00928	0.00534	0.00534	0.01771	0.01040	0.85211	0.01434	0.01237	0.00900	0.00450	0.00365	0.00112	0.00309	0.00365	0.00450	0.00619
63	0.00442	0.00318	0.00420	0.00502	0.00526	0.00296	0.00335	0.00507	0.00700	0.00929	0.02055	0.84424	0.04936	0.01132	0.00463	0.00147	0.00210	0.01025	0.00337	0.00296
64	0.83986	0.00759	0.00584	0.00517	0.00742	0.05084	0.01688	0.01089	0.00643	0.01586	0.00512	0.00600	0.00400	0.00339	0.00233	0.00112	0.00305	0.00202	0.00222	0.00396
65	0.00486	0.00370	0.00447	0.00428	0.00526	0.00331	0.00321	0.00631	0.00962	0.01299	0.57714	0.02976	0.30582	0.00802	0.00429	0.00117	0.00176	0.00694	0.00379	0.00331
66	0.00781	0.00645	0.00756	0.00542	0.00863	0.00486	0.00434	0.00941	0.00762	0.03766	0.00670	0.00769	0.00549	0.00275	0.00272	0.00056	0.00270	0.00220	0.00223	0.86719
67	0.00904	0.00781	0.00822	0.00740	0.00945	0.00904	0.00575	0.01931	0.84303	0.01520	0.01479	0.01356	0.01109	0.00493	0.00370	0.00123	0.00288	0.00411	0.00370	0.00575
68	0.00900	0.00864	0.01475	0.02231	0.84960	0.00864	0.01115	0.01115	0.00828	0.01187	0.00684	0.00900	0.00576	0.00324	0.00360	0.00108	0.00432	0.00324	0.00180	0.00576
69	0.00430	0.00368	0.00368	0.00368	0.00491	0.00307	0.00276	0.00522	0.00828	0.00982	0.03682	0.03498	0.84812	0.00920	0.00430	0.00123	0.00184	0.00767	0.00338	0.00307
70	0.01593	0.00640	0.00870	0.00668	0.00949	0.00567	0.01799	0.04304	0.03102	0.79317	0.01407	0.01225	0.00891	0.00448	0.00367	0.00113	0.00316	0.00366	0.00441	0.00616
71	0.00686	0.00646	0.01090	0.86353	0.02503	0.00807	0.01009	0.00929	0.00727	0.00929	0.00646	0.00969	0.00484	0.00363	0.00363	0.00121	0.00484	0.00323	0.00161	0.00404
72	0.89794	0.00703	0.00534	0.00478	0.00703	0.00815	0.00394	0.01068	0.00619	0.01631	0.00506	0.00590	0.00394	0.00337	0.00225	0.00112	0.00281	0.00197	0.00225	0.00394
73	0.00924	0.00776	0.00822	0.00737	0.00945	0.00894	0.00574	0.01927	0.82014	0.03821	0.01478	0.01353	0.01104	0.00492	0.00370	0.00123	0.00288	0.00410	0.00372	0.00576
74	0.00430	0.00368	0.00368	0.00368	0.00491	0.00307	0.00276	0.00522	0.00828	0.00982	0.03682	0.03498	0.84812	0.00920	0.00430	0.00123	0.00184	0.00767	0.00338	0.00307
75	0.00729	0.01880	0.85344	0.01036	0.01573	0.00844	0.01343	0.01151	0.00767	0.01151	0.00652	0.00767	0.00460	0.00345	0.00345	0.00115	0.00537	0.00269	0.00153	0.00537
76	0.00430	0.00368	0.00368	0.00368	0.00491	0.00307	0.00276	0.00522	0.00828	0.00982	0.03682	0.03498	0.84812	0.00920	0.00430	0.00123	0.00184	0.00767	0.00338	0.00307
77	0.00670	0.00539	0.00614	0.00564	0.00703	0.00569	0.00432	0.02236	0.33472	0.01451	0.44054	0.02231	0.09681	0.00657	0.00405	0.00118	0.00221	0.00567	0.00382	0.00434
78	0.01272	0.00966	0.01010	0.00807	0.01073	0.03992	0.00655	0.56801	0.22323	0.05700	0.01038	0.01002	0.00748	0.00449	0.00364	0.00112	0.00377	0.00347	0.00363	0.00601
79	0.00952	0.81768	0.03734	0.00641	0.00952	0.01387	0.01947	0.01080	0.00749	0.00883	0.02828	0.00652	0.00549	0.00324	0.00244	0.00080	0.00390	0.00212	0.00163	0.00465
80	0.00486	0.00354	0.00459	0.00471	0.00538	0.00326	0.00340	0.00617	0.00903	0.01246	0.50851	0.30749	0.08297	0.00890	0.00442	0.00127	0.00188	0.02020	0.00374	0.00325
81	0.00870	0.00884	0.04029	0.05594	0.64355	0.00893	0.05544	0.01082	0.00791	0.01137	0.00659	0.00890	0.00555	0.00363	0.00463	0.00116	0.10731	0.00327	0.00176	0.00541
82	0.00473	0.00347	0.00444	0.00469	0.00530	0.00318	0.00333	0.00587	0.00858	0.01168	0.38705	0.40146	0.12401	0.00939	0.00444	0.00130	0.00190	0.00837	0.00365	0.00318
83	0.00504	0.00369	0.00473	0.00450	0.00538	0.00338	0.00337	0.00665	0.01000	0.01397	0.74610	0.05397	0.11021	0.00772	0.00430	0.00116	0.00174	0.00679	0.00392	0.00338
84	0.00819	0.09231	0.45529	0.00950	0.02644	0.00893	0.06087	0.03254	0.12203	0.03746	0.04968	0.00979	0.00732	0.01378	0.00411	0.00118	0.05007	0.00321	0.00213	0.00517
85	0.02764	0.00673	0.00955	0.00829	0.08439	0.00612	0.03985	0.05292	0.02077	0.67463	0.02235	0.01189	0.00868	0.00434	0.00366	0.00112	0.00334	0.00364	0.00406	0.00603
86	0.67606	0.10279	0.02929	0.00594	0.01749	0.05122	0.03943	0.01089	0.00669	0.01464	0.00543	0.01693	0.00441	0.00345	0.00247	0.00109	0.00333	0.00222	0.00213	0.00411
87	0.08018	0.01047	0.00931	0.00803	0.01956	0.24632	0.02636	0.16710	0.21032	0.12392	0.03592	0.02918	0.00838	0.00447	0.00350	0.00110	0.00418	0.00344	0.00310	0.00516
88	0.00832	0.00795	0.01353	0.28861	0.58857	0.00846	0.01082	0.01056	0.00796	0.01105	0.00672	0.00922	0.00547	0.00336	0.00361	0.00112	0.00448	0.00324	0.00174	0.00521
89	0.00514	0.00372	0.00486	0.00457	0.00543	0.00343	0.00343	0.00686	0.01029	0.01457	0.84768	0.02715	0.03429	0.00743	0.00429	0.00114	0.00171	0.00657	0.00400	0.00343
90	0.86140	0.02672	0.00576	0.00488	0.00716	0.00835	0.00404	0.02607	0.00642	0.01625	0.00513	0.00596	0.00399	0.00339	0.00228	0.00112	0.00286	0.00199	0.00226	0.00399
91	0.01121	0.00673	0.00875	0.00648	0.00953	0.00565	0.04692	0.04969	0.03155	0.32815	0.00979	0.00968	0.00694	0.00352	0.00320	0.00084	0.00308	0.00293	0.00313	0.45225
92	0.01382	0.01018	0.01091	0.00836	0.01127	0.01127	0.00691	0.83748	0.01709	0.02291	0.00873	0.00873	0.00618	0.00436	0.00364	0.00109	0.00400	0.00327	0.00364	0.00618
93	0.00732	0.01860	0.83461	0.01047	0.01580	0.00846	0.03205	0.01151	0.00769	0.01151	0.00654	0.00772	0.00462	0.00344	0.00347	0.00115	0.00539	0.00272	0.00154	0.00536
94	0.01626	0.00626	0.00848	0.00650	0.00932	0.00545	0.00537	0.03296	0.01053	0.83669	0.01423	0.01230	0.00894	0.00450	0.00365	0.00112	0.00311	0.00365	0.00448	0.00619
95	0.01019	0.00796	0.00893	0.00762	0.00988	0.00890	0.03134	0.13361	0.61075	0.08469	0.03605	0.01303	0.01068	0.00483	0.00372	0.00120	0.00312	0.00403	0.00371	0.00576
96	0.00446	0.00318	0.00421	0.00501	0.00522	0.00298	0.00332	0.00507	0.00689	0.00918	0.01967	0.83455	0.02359	0.04736	0.00522	0.00156	0.00217	0.01012	0.00332	0.00292
97	0.00443	0.00316	0.00422	0.00506	0.00527	0.00295	0.00337	0.00506	0.00696	0.00928	0.02003	0.86990	0.02404	0.01139	0.00464	0.00148	0.00211	0.01033	0.00337	0.00295
98	0.01358	0.01732	0.01030	0.00936	0.01124	0.85768	0.00702	0.01451	0.01030	0.00890	0.00562	0.00655	0.00468	0.00375	0.00328	0.00094	0.00655	0.00234	0.00187	0.00421
99	0.00550	0.00393	0.00544	0.00628	0.00696	0.00387	0.00523	0.00691	0.00801	0.01047	0.01944	0.24949	0.02170	0.01038	0.00492	0.00162	0.00304	0.62019	0.00335	0.00325
100	0.00445	0.00318	0.00424	0.00508	0.00530	0.00297	0.00341	0.00510	0.00698	0.00930	0.02002	0.85811	0.02399	0.01137	0.00464	0.00148	0.00213	0.02192	0.00337	0.00296
101	0.03331	0.02755	0.02320	0.00963	0.03649	0.78944	0.00716	0.01423	0.01007	0.00919	0.00565	0.00662	0.00470	0.00371	0.00325	0.00095	0.00635	0.00236	0.00187	0.00428
102	0.00430	0.00368	0.00368	0.00368	0.00491	0.00307	0.00276	0.00522	0.00828	0.00982	0.03682	0.03498	0.84812	0.00920	0.00430	0.00123	0.00184	0.00767	0.00338	0.00307
103	0.01342	0.00989	0.01063	0.00822	0.01102	0.01092	0.00676	0.80270	0.01667	0.02234	0.00920	0.04471	0.00693	0.00466	0.00368	0.00111	0.00392	0.00357	0.00362	0.00605
104	0.00754	0.00646	0.00754	0.00538	0.00861	0.00484	0.00431	0.00915	0.00754	0.01184	0.00646	0.00754	0.00538	0.00269	0.00269	0.00054	0.00269	0.00215	0.00215	0.89449
105	0.00529	0.00352	0.00396	0.00396	0.00396	0.00352	0.00220	0.00529	0.00529	0.00705	0.01145	0.02378	0.01321	0.87227	0.01850	0.00352	0.00352	0.00529	0.00220	0.00220
106	0.00906	0.00778	0.00821	0.00737	0.00942	0.00899	0.00574	0.03153	0.81862	0.01531	0.02660	0.01368	0.01135	0.00496	0.00371	0.00123	0.00288	0.00413	0.00370	0.00573
107	0.00520	0.00386	0.00565	0.00565	0.00624	0.00444	0.00431	0.00637	0.00579	0.00830	0.00991	0.01523	0.00950	0.11185	0.77384	0.00561	0.00911	0.00403	0.00197	0.00314
108	0.89794	0.00703	0.00534	0.00478	0.00703	0.00815	0.00394	0.01068	0.00619	0.01631	0.00506	0.00590	0.00394	0.00337	0.00225	0.00112	0.00281	0.00197	0.00225	0.00394
109	0.00570	0.00395	0.00540	0.00613	0.00687	0.00384	0.00505	0.00706	0.00804	0.03353	0.02005	0.26045	0.05598	0.01021	0.00485	0.00159	0.00295	0.55166	0.00339	0.00331
110	0.23404	0.02900	0.00822	0.00755	0.05848	0.01682	0.00562	0.07345	0.44959	0.02802	0.04482	0.01129	0.00931	0.00444	0.00331	0.00117	0.00304	0.00348	0.00317	0.00520
111	0.00490	0.00377	0.00443	0.00422	0.00529	0.00332	0.00317	0.00630	0.00936	0.01258	0.48527	0.02947	0.35749	0.00795	0.00421	0.00115	0.00179	0.00683	0.02072	0.02778
112	0.00798	0.00566	0.02748	0.00586	0.00745	0.01574	0.02564	0.08271	0.08346	0.13493	0.37419	0.07743	0.09685	0.02396	0.01303	0.00127	0.00263	0.00573	0.00372	0.00428
113	0.00903	0.00927	0.01890	0.01375	0.01703	0.00896	0.66737	0.04959	0.02936	0.05109	0.00821	0.01091	0.00633	0.00394	0.01700	0.00131	0.04169	0.02920	0.00213	0.00493
114	0.00480	0.00370	0.00438	0.00421	0.00522	0.00328	0.00316	0.00619	0.00948	0.01265	0.51932	0.03032	0.36386	0.00815	0.00429	0.00118	0.00177	0.00702	0.00375	0.00328
115	0.00520	0.00384	0.00559	0.00559	0.00615	0.00441	0.00423	0.00633	0.00577	0.00825	0.00997	0.01556	0.00964	0.14110	0.74478	0.00553	0.00890	0.00408	0.00198	0.00310
116	0.00982	0.79553	0.05337	0.00650	0.00969	0.01398	0.00655	0.05234	0.00788	0.00939	0.00530	0.00605	0.00474	0.00319	0.00244	0.00081	0.00395	0.00204	0.00166	0.00477
117	0.02398	0.12749	0.04176	0.02036	0.02257	0.37700	0.26076	0.03268	0.00935	0.04129	0.00651	0.00781	0.00513	0.00347	0.00348	0.00103	0.00575	0.00298	0.00195	0.00465
118	0.89794	0.00703	0.00534	0.00478	0.00703	0.00815	0.00394	0.01068	0.00619	0.01631	0.00506	0.00590	0.00394	0.00337	0.00225	0.00112	0.00281	0.00197	0.00225	0.00394
119	0.01010	0.01139	0.01547	0.01191	0.01468	0.26007	0.43149	0.04139	0.06117	0.02106	0.04303	0.01109	0.00752	0.00392	0.00395	0.00115	0.00564	0.03807	0.00221	0.00468
120	0.00710	0.00507	0.00584	0.00542	0.00677	0.00518	0.00413	0.01911	0.25163	0.07410	0.29959	0.10198	0.12791	0.00686	0.00398	0.00119	0.00223	0.00590	0.06177	0.00424
121	0.00529	0.00352	0.00396	0.00396	0.00396	0.00352	0.00220	0.00529	0.00529	0.00705	0.01145	0.02378	0.01321	0.87227	0.01850	0.00352	0.00352	0.00529	0.00220	0.00220
122	0.04753	0.08068	0.02222	0.01419	0.00962	0.03102	0.00549	0.21576	0.01012	0.08579	0.00766	0.02038	0.00599	0.00356	0.00317	0.00083	0.01700	0.00269	0.00266	0.41364
123	0.01151	0.00766	0.02781	0.00658	0.00966	0.00677	0.00548	0.23277	0.01084	0.23558	0.00914	0.00913	0.00653	0.00363	0.00321	0.00085	0.00321	0.00286	0.00315	0.40361
124	0.01220	0.10262	0.12467	0.00844	0.01153	0.05044	0.00770	0.54269	0.03535	0.02782	0.00798	0.00832	0.00585	0.00416	0.00374	0.00108	0.03361	0.00303	0.00299	0.00573
125	0.00481	0.00370	0.00440	0.00422	0.00523	0.00329	0.00317	0.00622	0.00950	0.01271	0.53015	0.03021	0.35298	0.00813	0.00429	0.00118	0.00176	0.00700	0.00376	0.00329
126	0.00443	0.00316	0.00422	0.00506	0.00527	0.00295	0.00337	0.00506	0.00696	0.00928	0.02003	0.86990	0.02404	0.01139	0.00464	0.00148	0.00211	0.01033	0.00337	0.00295
127	0.00972	0.87446	0.01905	0.00622	0.00933	0.01438	0.00622	0.01088	0.00738	0.00855	0.00505	0.00583	0.00466	0.00311	0.00233	0.00078	0.00389	0.00194	0.00155	0.00466
128	0.00451	0.00369	0.00397	0.00390	0.00504	0.00316	0.00293	0.00562	0.00878	0.01100	0.23765	0.03304	0.64656	0.00877	0.00429	0.00121	0.00181	0.00740	0.00353	0.00316
129	0.14830	0.07568	0.23315	0.00784	0.01102	0.00949	0.00772	0.14476	0.29760	0.01512	0.00939	0.00946	0.00700	0.00407	0.00329	0.00114	0.00378	0.00310	0.00273	0.00535
130	0.00820	0.31277	0.55648	0.00892	0.01348	0.02083	0.01087	0.01133	0.00761	0.01046	0.00601	0.00703	0.00463	0.00334	0.00307	0.00102	0.00488	0.00243	0.00155	0.00511
131	0.00923	0.26871	0.37483	0.01027	0.11371	0.01066	0.01001	0.13996	0.00913	0.01246	0.00647	0.00745	0.00501	0.00347	0.00317	0.00102	0.00459	0.00262	0.00190	0.00534
132	0.00839	0.06669	0.35675	0.01089	0.01485	0.00874	0.27532	0.02787	0.08450	0.04722	0.05679	0.01013	0.00743	0.00373	0.00373	0.00116	0.00496	0.00356	0.00214	0.00515
133	0.00446	0.00319	0.00420	0.00499	0.00521	0.00298	0.00331	0.00507	0.00691	0.00920	0.01999	0.81872	0.03920	0.04731	0.00521	0.00156	0.00216	0.01007	0.00332	0.00292
134	0.00459	0.00350	0.00421	0.00444	0.00519	0.00313	0.00318	0.00563	0.00837	0.01098	0.26279	0.33757	0.31430	0.00949	0.00442	0.00129	0.00190	0.00833	0.00355	0.00313
135	0.24738	0.15566	0.04544	0.01116	0.25814	0.02027	0.00743	0.14203	0.00908	0.06217	0.00676	0.00770	0.00528	0.00352	0.00302	0.00105	0.00379	0.00268	0.00231	0.00514
136	0.00972	0.00791	0.01039	0.18838	0.01317	0.06133	0.04135	0.05581	0.10893	0.14381	0.01615	0.01016	0.00677	0.00580	0.04187	0.00149	0.26636	0.00344	0.00248	0.00469
137	0.00506	0.00344	0.00406	0.00426	0.00434	0.00338	0.00254	0.00528	0.00587	0.00785	0.03952	0.23892	0.01662	0.62671	0.01454	0.00293	0.00311	0.00661	0.00256	0.00243
138	0.00758	0.00574	0.00767	0.00732	0.05506	0.00578	0.05562	0.16844	0.04462	0.04118	0.21416	0.24061	0.06216	0.01843	0.00439	0.00129	0.00288	0.04946	0.00343	0.00420
139	0.07106	0.00928	0.01032	0.00831	0.02272	0.01025	0.03785	0.55210	0.17025	0.04239	0.00986	0.02260	0.00727	0.00445	0.00360	0.00113	0.00374	0.00350	0.00348	0.00585
140	0.25005	0.00644	0.00779	0.00615	0.00880	0.00614	0.02068	0.01561	0.00921	0.60342	0.01171	0.01062	0.00759	0.00417	0.00328	0.00112	0.00306	0.00322	0.01541	0.00553
141	0.02193	0.00382	0.00415	0.00401	0.00520	0.00332	0.00303	0.00607	0.00883	0.03189	0.25280	0.03177	0.59342	0.00850	0.00424	0.00120	0.00186	0.00717	0.00355	0.00326

[dist]
# distance from previous block
# <min> <max>
0	5

[block]
# block no. 3 follows, 76 sequences, length 35
# corresponding to MSA columns:
# 352-386
name=unknown_D
#
# <colnr> <probs for GDERKNQSTAVLIFYWHMCP>
#	G	D	E	R	K	N	Q	S	T	A	V	L	I	F	Y	W	H	M	C	P
0	0.01082	0.00945	0.01099	0.06883	0.20139	0.13095	0.03635	0.13748	0.22664	0.09131	0.01003	0.01104	0.00769	0.00424	0.00365	0.00113	0.00418	0.02555	0.00286	0.00543
1	0.00922	0.00826	0.02060	0.04387	0.01059	0.05041	0.04983	0.03663	0.62252	0.03922	0.03640	0.01356	0.03281	0.00485	0.00373	0.00121	0.00332	0.00410	0.00341	0.00544
2	0.00442	0.00369	0.00385	0.00381	0.00499	0.00312	0.00286	0.00546	0.00858	0.01051	0.15529	0.03383	0.72922	0.00895	0.00429	0.00121	0.00182	0.00751	0.00347	0.00312
3	0.01481	0.00668	0.00851	0.00673	0.00940	0.00632	0.00549	0.05657	0.16852	0.65451	0.01416	0.01242	0.00926	0.00457	0.00366	0.00114	0.00309	0.00372	0.00431	0.00610
4	0.01363	0.00732	0.00880	0.00724	0.03200	0.00738	0.00572	0.26040	0.09941	0.40911	0.01226	0.01144	0.00833	0.00444	0.00354	0.00110	0.00323	0.00355	0.09528	0.00584
5	0.00444	0.00364	0.00391	0.00394	0.00502	0.00312	0.00292	0.00546	0.00849	0.01052	0.16337	0.10513	0.64921	0.00911	0.00432	0.00124	0.00184	0.00772	0.00347	0.00312
6	0.01382	0.01018	0.01091	0.00836	0.01127	0.01127	0.00691	0.83748	0.01709	0.02291	0.00873	0.00873	0.00618	0.00436	0.00364	0.00109	0.00400	0.00327	0.00364	0.00618
7	0.00443	0.00316	0.00422	0.00506	0.00527	0.00295	0.00337	0.00506	0.00696	0.00928	0.02003	0.86990	0.02404	0.01139	0.00464	0.00148	0.00211	0.01033	0.00337	0.00295
8	0.06762	0.00639	0.00880	0.00674	0.00956	0.00567	0.04030	0.01704	0.01008	0.76772	0.01350	0.01188	0.00855	0.00437	0.00360	0.00113	0.00320	0.00358	0.00425	0.00600
9	0.00744	0.00439	0.00543	0.00518	0.00642	0.00405	0.00386	0.00924	0.07592	0.19302	0.14152	0.30917	0.20330	0.00832	0.00422	0.00128	0.00227	0.00725	0.00373	0.00397
10	0.26781	0.03201	0.00925	0.00827	0.03040	0.48447	0.00628	0.04268	0.00892	0.01159	0.00553	0.00659	0.00455	0.00382	0.00358	0.00104	0.06462	0.00234	0.00202	0.00424
11	0.00518	0.00377	0.00517	0.00517	0.00565	0.00417	0.00375	0.00606	0.00578	0.00807	0.01145	0.01810	0.04705	0.28594	0.56280	0.00493	0.00748	0.00449	0.00209	0.00292
12	0.00754	0.00646	0.00754	0.00538	0.00861	0.00484	0.00431	0.00915	0.00754	0.01184	0.00646	0.00754	0.00538	0.00269	0.00269	0.00054	0.00269	0.00215	0.00215	0.89449
13	0.00904	0.00781	0.00822	0.00740	0.00945	0.00904	0.00575	0.01931	0.84303	0.01520	0.01479	0.01356	0.01109	0.00493	0.00370	0.00123	0.00288	0.00411	0.00370	0.00575
14	0.00453	0.00332	0.00422	0.00482	0.00527	0.00304	0.00333	0.00526	0.00740	0.00968	0.07297	0.62023	0.17726	0.01073	0.00477	0.02097	0.00209	0.03373	0.00337	0.00298
15	0.00939	0.00601	0.00738	0.00556	0.00835	0.00477	0.00445	0.01094	0.00854	0.22276	0.10011	0.03378	0.00992	0.00389	0.00316	0.00078	0.00267	0.00323	0.00297	0.55135
16	0.01389	0.01006	0.01083	0.00830	0.01121	0.01109	0.00686	0.81223	0.01688	0.04845	0.00890	0.00884	0.00627	0.00437	0.00364	0.00109	0.00397	0.00328	0.00366	0.00618
17	0.00510	0.00371	0.00479	0.00452	0.00540	0.00341	0.00339	0.00676	0.01017	0.01430	0.80090	0.02760	0.08124	0.00753	0.00429	0.00115	0.00172	0.00664	0.00396	0.00341
18	0.18405	0.00572	0.00620	0.00582	0.00752	0.00587	0.00476	0.07712	0.09047	0.02668	0.04784	0.06743	0.12319	0.00678	0.00383	0.00126	0.00285	0.23586	0.00312	0.09365
19	0.00795	0.00795	0.01113	0.00954	0.00954	0.01113	0.00795	0.00875	0.00557	0.00875	0.00477	0.00795	0.00477	0.00636	0.01193	0.00159	0.86562	0.00318	0.00159	0.00398
20	0.01256	0.00935	0.01003	0.00792	0.01054	0.01036	0.00646	0.66946	0.12028	0.02108	0.02298	0.03734	0.00790	0.00470	0.00365	0.00111	0.00369	0.00366	0.03102	0.00589
21	0.00464	0.00338	0.00431	0.00477	0.00523	0.00312	0.00329	0.00552	0.00775	0.01038	0.20114	0.53338	0.11532	0.06047	0.00534	0.00150	0.00210	0.02190	0.00344	0.00303
