[name]
unknown

[dist]
# distance from previous block
# <min> <max>
2	52

[block]
# block no. 0 follows, 81 sequences, length 64
# corresponding to MSA columns:
# 59-122
name=unknown_A
#
# <colnr> <probs for GDERKNQSTAVLIFYWHMCP>
#	G	D	E	R	K	N	Q	S	T	A	V	L	I	F	Y	W	H	M	C	P
0	0.00887	0.00830	0.07162	0.05362	0.22839	0.02875	0.03340	0.06340	0.15213	0.07425	0.00827	0.00906	0.00634	0.00341	0.00322	0.00093	0.00357	0.00295	0.00238	0.23713
1	0.00646	0.00643	0.06593	0.05881	0.05958	0.00569	0.05669	0.01559	0.02118	0.01178	0.31195	0.03095	0.02342	0.00496	0.00434	0.00101	0.09356	0.00417	0.00258	0.21490
2	0.00450	0.00345	0.00411	0.00409	0.00493	0.00309	0.00299	0.00565	0.00842	0.01116	0.39492	0.13712	0.34143	0.03716	0.02028	0.00131	0.00192	0.00701	0.00341	0.00303
3	0.00481	0.00364	0.00451	0.00430	0.00521	0.00338	0.00324	0.00647	0.03106	0.01256	0.60743	0.02643	0.21084	0.00840	0.05121	0.00135	0.00210	0.00628	0.00356	0.00323
4	0.00425	0.00351	0.00373	0.00367	0.00477	0.00299	0.00275	0.00528	0.00826	0.01026	0.20262	0.03173	0.68744	0.00840	0.00408	0.00115	0.00173	0.00708	0.00333	0.00299
5	0.00962	0.79032	0.01723	0.00622	0.00906	0.10264	0.00599	0.01071	0.00731	0.00816	0.00486	0.00561	0.00444	0.00302	0.00231	0.00075	0.00396	0.00189	0.00151	0.00439
6	0.59028	0.00646	0.00615	0.00514	0.00746	0.00690	0.00424	0.02537	0.00739	0.29983	0.00783	0.00772	0.00539	0.00358	0.00261	0.00107	0.00278	0.00243	0.00288	0.00449
7	0.00878	0.00804	0.01268	0.01799	0.67137	0.00818	0.00943	0.10063	0.05207	0.01246	0.00878	0.01022	0.05656	0.00361	0.00347	0.00104	0.00386	0.00338	0.00208	0.00536
8	0.66256	0.15814	0.00781	0.00516	0.00745	0.05431	0.00440	0.04704	0.00674	0.01413	0.00499	0.00575	0.00399	0.00322	0.00226	0.00100	0.00309	0.00194	0.00206	0.00397
9	0.00759	0.00765	0.01108	0.00935	0.00953	0.01049	0.05055	0.00846	0.00544	0.00846	0.00466	0.00765	0.00457	0.00589	0.01096	0.00149	0.82776	0.00308	0.00152	0.00382
10	0.00438	0.00318	0.00414	0.00461	0.00503	0.00293	0.00319	0.00528	0.00754	0.01020	0.24460	0.59775	0.07497	0.00969	0.00430	0.00130	0.00189	0.00871	0.00337	0.00293
11	0.00733	0.00385	0.00516	0.00513	0.00608	0.00348	0.00375	0.00824	0.00782	0.23780	0.09177	0.53845	0.03434	0.00867	0.00413	0.00128	0.00224	0.02325	0.00355	0.00368
12	0.90299	0.00668	0.00508	0.00454	0.00668	0.00775	0.00374	0.01015	0.00588	0.01550	0.00481	0.00561	0.00374	0.00321	0.00214	0.00107	0.00267	0.00187	0.00214	0.00374
13	0.00696	0.00658	0.01114	0.68871	0.20198	0.00779	0.00981	0.00921	0.00711	0.00935	0.00622	0.00907	0.00479	0.00337	0.00345	0.00112	0.00450	0.00307	0.00157	0.00419
14	0.00421	0.00301	0.00401	0.00481	0.00501	0.00281	0.00321	0.00481	0.00661	0.00882	0.01904	0.87634	0.02285	0.01082	0.00441	0.00140	0.00200	0.00982	0.00321	0.00281
15	0.01550	0.00588	0.00802	0.00615	0.00882	0.00508	0.00508	0.01684	0.00989	0.85944	0.01363	0.01176	0.00855	0.00428	0.00347	0.00107	0.00294	0.00347	0.00428	0.00588
16	0.06636	0.00890	0.00962	0.00747	0.01014	0.00970	0.00615	0.64750	0.05634	0.12915	0.00906	0.00881	0.00633	0.00413	0.00338	0.00105	0.00357	0.00312	0.00349	0.00573
17	0.00621	0.00536	0.00663	0.00700	0.09520	0.00576	0.00480	0.00922	0.19520	0.01779	0.08944	0.02070	0.31320	0.05108	0.05655	0.00155	0.10241	0.00516	0.00285	0.00387
18	0.00468	0.00351	0.00433	0.00416	0.00504	0.00316	0.00311	0.00609	0.00922	0.01261	0.63294	0.05590	0.22737	0.00759	0.00409	0.00112	0.00167	0.00661	0.00364	0.00316
19	0.01537	0.00609	0.00815	0.00625	0.00892	0.00539	0.00516	0.06292	0.01024	0.81285	0.01333	0.01157	0.00840	0.00427	0.00347	0.00107	0.00299	0.00345	0.00423	0.00588
20	0.00855	0.00821	0.01402	0.02120	0.85704	0.00821	0.01060	0.01060	0.00787	0.01129	0.00650	0.00855	0.00547	0.00308	0.00342	0.00103	0.00410	0.00308	0.00171	0.00547
21	0.00864	0.01047	0.08793	0.01191	0.01490	0.13523	0.51185	0.06041	0.00864	0.01107	0.00801	0.09910	0.00693	0.00394	0.00386	0.00114	0.00530	0.00421	0.00198	0.00448
22	0.00472	0.00327	0.00409	0.00454	0.00511	0.00295	0.00315	0.00545	0.00715	0.04878	0.04288	0.60936	0.22597	0.00992	0.00428	0.00132	0.00198	0.00882	0.00327	0.00299
23	0.00443	0.00326	0.00447	0.05632	0.00625	0.00317	0.00372	0.00519	0.00674	0.00892	0.01854	0.75820	0.03796	0.01027	0.00437	0.00139	0.00222	0.05858	0.00311	0.00289
24	0.01035	0.02752	0.26812	0.00844	0.01132	0.34351	0.00808	0.13508	0.04169	0.02767	0.00721	0.02939	0.00567	0.00382	0.00321	0.00099	0.00491	0.00279	0.05559	0.00464
25	0.90299	0.00668	0.00508	0.00454	0.00668	0.00775	0.00374	0.01015	0.00588	0.01550	0.00481	0.00561	0.00374	0.00321	0.00214	0.00107	0.00267	0.00187	0.00214	0.00374
26	0.00753	0.00818	0.01538	0.01149	0.01395	0.04534	0.53223	0.00977	0.00791	0.01065	0.09425	0.01234	0.05889	0.00541	0.05599	0.00144	0.09874	0.00427	0.00202	0.00420
27	0.00885	0.00930	0.06331	0.09873	0.56007	0.08376	0.00972	0.06027	0.00837	0.01140	0.00643	0.00825	0.00524	0.00321	0.00335	0.00101	0.00430	0.00292	0.00181	0.04970
28	0.00455	0.00352	0.00414	0.00399	0.00495	0.00311	0.00299	0.00586	0.00897	0.01194	0.50773	0.02896	0.38128	0.00778	0.00408	0.00112	0.00168	0.00669	0.00355	0.00311
29	0.00589	0.00455	0.00546	0.00504	0.00615	0.00464	0.00383	0.02195	0.20957	0.01411	0.64275	0.02247	0.02696	0.00645	0.00393	0.00111	0.00192	0.00564	0.00373	0.00382
30	0.00479	0.00352	0.00448	0.00426	0.00510	0.00321	0.00319	0.00631	0.00951	0.01325	0.74754	0.04208	0.12524	0.00732	0.00408	0.00110	0.00165	0.00643	0.00372	0.00321
31	0.00482	0.00347	0.00455	0.00440	0.00514	0.00321	0.00325	0.00634	0.00944	0.01331	0.76512	0.11745	0.03155	0.00747	0.00411	0.00112	0.00167	0.00663	0.00374	0.00321
32	0.00668	0.00607	0.00965	0.63834	0.01931	0.00769	0.00851	0.00866	0.00668	0.00917	0.00641	0.00932	0.00504	0.00394	0.00464	0.00117	0.14683	0.00308	0.09505	0.00376
33	0.00961	0.00502	0.00567	0.00487	0.00647	0.00506	0.00385	0.09745	0.10555	0.22314	0.01187	0.01213	0.00867	0.00418	0.00291	0.00094	0.00229	0.00335	0.48258	0.00441
34	0.00699	0.03947	0.83960	0.00975	0.01480	0.00816	0.01259	0.01093	0.00729	0.01087	0.00616	0.00725	0.00438	0.00327	0.00326	0.00109	0.00507	0.00254	0.00146	0.00509
35	0.06394	0.02506	0.27347	0.05341	0.01154	0.14766	0.00784	0.03339	0.00861	0.28153	0.00905	0.05448	0.00671	0.00406	0.00330	0.00106	0.00421	0.00317	0.00260	0.00491
36	0.00540	0.00351	0.00431	0.00451	0.00533	0.00312	0.00324	0.00624	0.00756	0.09806	0.07357	0.45542	0.29094	0.00923	0.00419	0.00127	0.00201	0.01555	0.00335	0.00319
37	0.01022	0.01224	0.00802	0.00743	0.00893	0.58211	0.00562	0.01127	0.00946	0.00951	0.14195	0.01427	0.10546	0.00505	0.00347	0.00099	0.00483	0.05309	0.00234	0.00372
38	0.00454	0.00344	0.00392	0.00397	0.00469	0.00315	0.00280	0.00536	0.00727	0.00939	0.14700	0.11010	0.38958	0.20120	0.05422	0.00190	0.00254	0.02161	0.02054	0.00279
39	0.01210	0.00879	0.00953	0.00752	0.01004	0.00968	0.00614	0.62264	0.15116	0.06606	0.05303	0.01013	0.00815	0.00439	0.00350	0.00106	0.00347	0.00342	0.00353	0.00567
40	0.78717	0.00675	0.00565	0.00500	0.00712	0.00773	0.01695	0.05966	0.00664	0.01552	0.00579	0.00766	0.00478	0.00361	0.00239	0.00110	0.00282	0.04754	0.00227	0.00385
41	0.00887	0.01176	0.33837	0.00787	0.01158	0.00787	0.00825	0.26019	0.00990	0.01423	0.00678	0.00756	0.00505	0.00338	0.00327	0.00091	0.02027	0.00258	0.00223	0.26909
42	0.00473	0.00335	0.00373	0.00382	0.00410	0.00320	0.00233	0.00499	0.00583	0.00751	0.01713	0.11407	0.20224	0.59344	0.01319	0.00266	0.00285	0.00603	0.00246	0.00235
43	0.00596	0.05268	0.14297	0.00608	0.05708	0.00522	0.00470	0.00732	0.05199	0.00815	0.00972	0.01787	0.01028	0.59148	0.01286	0.00259	0.00366	0.00428	0.00201	0.00309
44	0.00652	0.00614	0.01036	0.87029	0.02379	0.00768	0.00959	0.00883	0.00691	0.00883	0.00614	0.00921	0.00461	0.00345	0.00345	0.00115	0.00461	0.00307	0.00154	0.00384
45	0.11014	0.00985	0.00836	0.04500	0.00985	0.30695	0.00580	0.08919	0.01918	0.26886	0.00940	0.03730	0.00731	0.00438	0.00331	0.00105	0.00420	0.05237	0.00287	0.00464
46	0.00740	0.00680	0.01117	0.06303	0.57121	0.00681	0.00858	0.00931	0.00814	0.01142	0.15209	0.01464	0.05592	0.00446	0.00365	0.00108	0.00353	0.05379	0.00222	0.00474
47	0.10425	0.04934	0.00597	0.00596	0.05259	0.00479	0.00409	0.05661	0.00740	0.05550	0.01559	0.56733	0.04079	0.00836	0.00388	0.00127	0.00243	0.00736	0.00299	0.00349
48	0.00763	0.00775	0.04937	0.16066	0.58340	0.00751	0.00962	0.00968	0.00768	0.01064	0.00968	0.01143	0.10238	0.00380	0.00350	0.00107	0.00396	0.00353	0.00184	0.00489
49	0.00498	0.00361	0.00514	0.00515	0.00562	0.00407	0.00382	0.00590	0.00545	0.00772	0.00967	0.01586	0.00961	0.21461	0.64851	0.02259	0.00774	0.01522	0.00192	0.00283
50	0.00839	0.00784	0.01083	0.01185	0.23653	0.05994	0.01585	0.03111	0.00700	0.04927	0.00714	0.04802	0.00676	0.00537	0.00737	0.00131	0.42430	0.05486	0.00194	0.00433
51	0.01191	0.25936	0.05904	0.00792	0.04737	0.07709	0.04950	0.16687	0.00991	0.26592	0.00839	0.00839	0.00602	0.00364	0.00310	0.00096	0.00389	0.00280	0.00273	0.00519
52	0.00543	0.00421	0.00590	0.00618	0.05618	0.00479	0.00421	0.00623	0.00548	0.00778	0.00922	0.01589	0.00944	0.32234	0.43635	0.00413	0.08734	0.00407	0.00190	0.00294
53	0.00469	0.00347	0.00486	0.00604	0.05601	0.00332	0.00403	0.00554	0.00691	0.00921	0.01817	0.68858	0.02133	0.01015	0.00441	0.00141	0.00232	0.14341	0.00311	0.00303
54	0.00837	0.00908	0.01025	0.50577	0.01799	0.23340	0.00850	0.01005	0.00741	0.00865	0.00567	0.00816	0.00455	0.00390	0.00463	0.00114	0.14419	0.00284	0.00160	0.00387
55	0.00836	0.00798	0.01358	0.02048	0.81965	0.00797	0.01028	0.01035	0.00781	0.01118	0.00705	0.04663	0.00623	0.00342	0.00346	0.00104	0.00401	0.00337	0.00178	0.00536
56	0.01862	0.00624	0.00958	0.48582	0.02507	0.00702	0.03744	0.08536	0.00841	0.14709	0.00982	0.01342	0.03669	0.00444	0.00362	0.00117	0.00403	0.08946	0.00239	0.00429
57	0.00759	0.00604	0.00720	0.00693	0.04954	0.00717	0.00520	0.01205	0.32006	0.01229	0.01064	0.01189	0.00851	0.00479	0.00497	0.00113	0.20303	0.01791	0.29876	0.00430
58	0.00626	0.00483	0.00698	0.32886	0.01256	0.00527	0.00584	0.05733	0.00787	0.05596	0.08254	0.29233	0.10615	0.00678	0.00388	0.00122	0.00308	0.00599	0.00270	0.00359
59	0.00511	0.00373	0.00484	0.00466	0.00532	0.00381	0.00340	0.00672	0.04963	0.01099	0.43312	0.02148	0.02151	0.18746	0.22034	0.00266	0.00392	0.00525	0.00296	0.00309
60	0.01271	0.01610	0.00998	0.00944	0.04782	0.82713	0.00685	0.01365	0.00971	0.00858	0.00539	0.00633	0.00449	0.00354	0.00313	0.00090	0.00614	0.00226	0.00178	0.00407
61	0.00754	0.00646	0.00832	0.02790	0.14039	0.00525	0.00525	0.00917	0.00733	0.02956	0.00636	0.00753	0.00523	0.00270	0.00273	0.00062	0.00285	0.00226	0.00203	0.72052
62	0.00815	0.00704	0.00938	0.16311	0.20953	0.02076	0.00716	0.06487	0.31063	0.02716	0.01086	0.10536	0.00919	0.00469	0.00354	0.00114	0.00340	0.00411	0.02508	0.00484
63	0.00746	0.00712	0.01197	0.45213	0.38629	0.00807	0.00992	0.00957	0.00724	0.00987	0.00621	0.00883	0.00498	0.00343	0.00388	0.00112	0.05269	0.00307	0.00161	0.00455

[dist]
# distance from previous block
# <min> <max>
0	1

[block]
# block no. 1 follows, 81 sequences, length 64
# corresponding to MSA columns:
# 124-187
name=unknown_B
#
# <colnr> <probs for GDERKNQSTAVLIFYWHMCP>
#	G	D	E	R	K	N	Q	S	T	A	V	L	I	F	Y	W	H	M	C	P
0	0.90299	0.00668	0.00508	0.00454	0.00668	0.00775	0.00374	0.01015	0.00588	0.01550	0.00481	0.00561	0.00374	0.00321	0.00214	0.00107	0.00267	0.00187	0.00214	0.00374
1	0.00745	0.00613	0.00719	0.00515	0.00821	0.00462	0.00413	0.00898	0.00726	0.04025	0.00640	0.00732	0.00523	0.00262	0.00259	0.00053	0.00257	0.00210	0.00212	0.86916
2	0.00505	0.00336	0.00392	0.00392	0.00396	0.00341	0.00228	0.00509	0.00505	0.00677	0.01063	0.02162	0.01209	0.79337	0.07750	0.02915	0.00376	0.00487	0.00206	0.00215
3	0.00756	0.00756	0.01058	0.00907	0.00907	0.01058	0.00756	0.00831	0.00529	0.00831	0.00453	0.00756	0.00453	0.00605	0.01134	0.00151	0.87227	0.00302	0.00151	0.00378
4	0.00564	0.00452	0.00593	0.00557	0.00569	0.00543	0.00402	0.00609	0.00530	0.00751	0.00950	0.08060	0.01051	0.43856	0.15255	0.00306	0.24014	0.00462	0.00198	0.00277
5	0.00649	0.00599	0.00995	0.68858	0.09267	0.00716	0.00888	0.00869	0.00735	0.00967	0.11317	0.01125	0.00821	0.00388	0.00353	0.00113	0.00419	0.00347	0.00184	0.00390
6	0.01244	0.00898	0.19196	0.00720	0.01025	0.00663	0.00689	0.15303	0.03427	0.46587	0.01145	0.05795	0.00805	0.00441	0.00348	0.00109	0.00349	0.00358	0.00345	0.00553
7	0.00716	0.00614	0.00716	0.00512	0.00819	0.00461	0.00409	0.00870	0.00716	0.01126	0.00614	0.00716	0.00512	0.00256	0.00256	0.00051	0.00256	0.00205	0.00205	0.89971
8	0.01298	0.00895	0.01007	0.06655	0.01136	0.00979	0.00658	0.68255	0.01479	0.12793	0.00883	0.00880	0.00613	0.00412	0.00346	0.00105	0.00375	0.00315	0.00343	0.00574
9	0.00695	0.00619	0.01005	0.39348	0.24111	0.00689	0.00872	0.02712	0.00765	0.01017	0.00954	0.01700	0.00896	0.00500	0.00380	0.00123	0.00407	0.22587	0.00207	0.00414
10	0.00506	0.00420	0.00518	0.05250	0.00657	0.00445	0.00403	0.00611	0.00718	0.00944	0.04028	0.09226	0.43637	0.00910	0.06601	0.00154	0.12671	0.04870	0.07118	0.00314
11	0.00477	0.00325	0.00387	0.00415	0.00423	0.00318	0.00251	0.00499	0.00559	0.00745	0.01366	0.30154	0.01603	0.58152	0.01308	0.00269	0.00291	0.01977	0.00247	0.00234
12	0.00663	0.00565	0.06725	0.00753	0.09079	0.00532	0.00565	0.00888	0.09469	0.06735	0.01027	0.02735	0.00925	0.04149	0.42440	0.04972	0.00628	0.06545	0.00226	0.00379
13	0.00762	0.00726	0.01234	0.41152	0.47401	0.00796	0.01014	0.00979	0.00743	0.01016	0.00633	0.00885	0.00507	0.00325	0.00344	0.00108	0.00433	0.00307	0.00163	0.00472
14	0.00971	0.00523	0.00635	0.00548	0.00735	0.00494	0.00439	0.01970	0.15455	0.35328	0.08240	0.02070	0.24036	0.00614	0.00378	0.00115	0.00251	0.06362	0.00374	0.00462
15	0.00458	0.00352	0.00419	0.00402	0.00497	0.00313	0.00301	0.00592	0.00904	0.01210	0.53801	0.02868	0.35090	0.00771	0.00408	0.00112	0.00168	0.00665	0.00357	0.00313
16	0.00682	0.00644	0.01089	0.74692	0.14486	0.00775	0.00974	0.00908	0.00705	0.00918	0.00619	0.00911	0.00473	0.00340	0.00345	0.00113	0.00453	0.00307	0.00156	0.00408
17	0.64850	0.00653	0.00658	0.25032	0.01154	0.00773	0.00540	0.00978	0.00617	0.01361	0.00519	0.00663	0.00399	0.00328	0.00251	0.00109	0.00322	0.00221	0.00197	0.00377
18	0.00579	0.00429	0.00620	0.00747	0.07042	0.00429	0.00594	0.00741	0.00795	0.01041	0.01741	0.03670	0.01881	0.00906	0.00467	0.00155	0.00325	0.77196	0.00307	0.00335
19	0.00474	0.00378	0.00431	0.00438	0.00533	0.00352	0.00325	0.00654	0.08404	0.01063	0.19292	0.20460	0.40700	0.00851	0.00413	0.00122	0.00193	0.04261	0.00335	0.00320
20	0.00827	0.00671	0.00810	0.00672	0.07340	0.00563	0.00492	0.10907	0.00839	0.04148	0.00668	0.00756	0.00535	0.00285	0.00276	0.00063	0.00284	0.00230	0.00227	0.69406
21	0.00710	0.00683	0.00982	0.00922	0.06816	0.00916	0.00712	0.00805	0.00552	0.00846	0.00562	0.00883	0.00542	0.00981	0.18136	0.00228	0.63871	0.00316	0.00159	0.00376
22	0.00840	0.00805	0.01375	0.08441	0.79502	0.00817	0.01053	0.01047	0.00779	0.01110	0.00647	0.00860	0.00541	0.00311	0.00342	0.00104	0.00414	0.00308	0.00170	0.00535
23	0.07688	0.00736	0.00917	0.01067	0.24927	0.00808	0.00662	0.05671	0.43156	0.01344	0.01112	0.01212	0.02126	0.05244	0.00418	0.00124	0.00320	0.01678	0.00281	0.00510
24	0.01199	0.00663	0.03270	0.00737	0.06891	0.00601	0.00567	0.10586	0.04515	0.44897	0.01099	0.01080	0.00765	0.00670	0.11151	0.00157	0.00392	0.00327	0.00335	0.10099
25	0.00705	0.00680	0.01186	0.63508	0.18998	0.00786	0.07362	0.00935	0.00719	0.00949	0.00628	0.00909	0.00483	0.00334	0.00349	0.00113	0.00460	0.00315	0.00159	0.00423
26	0.90299	0.00668	0.00508	0.00454	0.00668	0.00775	0.00374	0.01015	0.00588	0.01550	0.00481	0.00561	0.00374	0.00321	0.00214	0.00107	0.00267	0.00187	0.00214	0.00374
27	0.01205	0.00764	0.01156	0.01122	0.20855	0.03629	0.13931	0.08606	0.02647	0.39004	0.02855	0.01046	0.00750	0.00381	0.00356	0.00107	0.00382	0.00347	0.00309	0.00546
28	0.01239	0.06831	0.06272	0.00633	0.03273	0.00569	0.00536	0.02709	0.00916	0.55527	0.01439	0.01330	0.09989	0.00455	0.00336	0.00104	0.00296	0.00368	0.06657	0.00521
29	0.01502	0.07276	0.00879	0.00613	0.00882	0.00573	0.00514	0.01634	0.00967	0.79435	0.01295	0.01128	0.00824	0.00417	0.00338	0.00104	0.00300	0.00335	0.00406	0.00577
30	0.00462	0.00328	0.00439	0.00513	0.00547	0.00315	0.00373	0.00543	0.00684	0.00905	0.01822	0.59544	0.02130	0.07683	0.00551	0.00160	0.00241	0.22163	0.00312	0.00285
31	0.00909	0.03115	0.37465	0.02331	0.22866	0.00843	0.04960	0.14516	0.00910	0.07755	0.00719	0.00820	0.00526	0.00342	0.00338	0.00106	0.00447	0.00291	0.00207	0.00533
32	0.00693	0.00684	0.00986	0.73242	0.02130	0.08391	0.00888	0.00899	0.00714	0.00879	0.00698	0.06996	0.00588	0.00398	0.00349	0.00115	0.00457	0.00347	0.00167	0.00378
33	0.00420	0.00302	0.00399	0.00476	0.00500	0.00281	0.00319	0.00482	0.00666	0.00884	0.01960	0.84672	0.05211	0.01075	0.00440	0.00139	0.00200	0.00973	0.00321	0.00281
34	0.00918	0.00899	0.08087	0.01662	0.52150	0.00824	0.10032	0.07081	0.06790	0.07006	0.00767	0.00904	0.00596	0.00335	0.00349	0.00106	0.00417	0.00323	0.00212	0.00541
35	0.00621	0.00422	0.00508	0.00478	0.00584	0.00420	0.00361	0.00906	0.15008	0.06057	0.45544	0.10927	0.04250	0.00655	0.00377	0.00110	0.00193	0.00571	0.11637	0.00372
36	0.00530	0.00394	0.00501	0.00485	0.00499	0.00444	0.00329	0.00567	0.00522	0.00725	0.01002	0.04798	0.01107	0.55803	0.19658	0.00352	0.11364	0.00466	0.00201	0.00254
37	0.00786	0.20867	0.61397	0.00891	0.01330	0.06998	0.01082	0.01101	0.00741	0.01014	0.00583	0.00683	0.00439	0.00323	0.00303	0.00100	0.00487	0.00237	0.00149	0.00488
38	0.77732	0.00710	0.00582	0.00502	0.00725	0.00817	0.00414	0.12813	0.00734	0.01639	0.00530	0.00599	0.00404	0.00334	0.00232	0.00106	0.00283	0.00205	0.00232	0.00404
39	0.00478	0.00345	0.00398	0.00396	0.00486	0.00311	0.00297	0.00605	0.00842	0.01155	0.34079	0.08739	0.33665	0.00760	0.00388	0.00111	0.00175	0.03163	0.13297	0.00309
40	0.00716	0.00614	0.00716	0.00512	0.00819	0.00461	0.00409	0.00870	0.00716	0.01126	0.00614	0.00716	0.00512	0.00256	0.00256	0.00051	0.00256	0.00205	0.00205	0.89971
41	0.00796	0.13030	0.01544	0.06509	0.01993	0.05393	0.01748	0.01011	0.07022	0.03262	0.00764	0.01005	0.00657	0.00348	0.00290	0.00077	0.00322	0.06591	0.00216	0.47422
42	0.00736	0.07164	0.30245	0.00682	0.01050	0.00639	0.00721	0.00970	0.00729	0.03152	0.01761	0.02046	0.00552	0.00306	0.00285	0.00076	0.00351	0.00241	0.00190	0.48103
43	0.00493	0.00368	0.00541	0.00538	0.00591	0.00406	0.02421	0.00592	0.00568	0.00799	0.01082	0.13449	0.01115	0.15986	0.58900	0.00452	0.00722	0.00477	0.00207	0.00293
44	0.00760	0.49384	0.13609	0.00615	0.00883	0.02108	0.01867	0.00913	0.00738	0.00919	0.06975	0.07560	0.11506	0.00461	0.00294	0.00093	0.00345	0.00358	0.00199	0.00413
45	0.07008	0.06968	0.01105	0.11582	0.31916	0.06818	0.00778	0.07272	0.02942	0.07104	0.00800	0.08608	0.00699	0.00419	0.00370	0.00108	0.04463	0.00350	0.00219	0.00472
46	0.00818	0.00782	0.01354	0.01529	0.41197	0.00779	0.21496	0.05678	0.07312	0.01236	0.11472	0.01191	0.00957	0.00386	0.00370	0.00109	0.00407	0.02205	0.00225	0.00496
47	0.00806	0.01022	0.18895	0.01678	0.50129	0.00800	0.13418	0.01061	0.00774	0.01118	0.00648	0.00831	0.00519	0.00306	0.00343	0.00103	0.00446	0.00305	0.00169	0.06628
48	0.00677	0.00617	0.01010	0.54610	0.20709	0.00708	0.00873	0.00884	0.00721	0.00970	0.00880	0.02296	0.06565	0.00389	0.00343	0.00110	0.00404	0.00347	0.06478	0.00408
49	0.00516	0.00371	0.00506	0.00530	0.00607	0.00363	0.00431	0.00669	0.00854	0.01169	0.39959	0.05966	0.02494	0.01942	0.06327	0.00164	0.00285	0.36191	0.00336	0.00319
50	0.00528	0.00411	0.00569	0.00636	0.11024	0.00384	0.00412	0.00690	0.00940	0.01319	0.68779	0.02424	0.09217	0.00670	0.00399	0.00109	0.00194	0.00594	0.00350	0.00351
51	0.00520	0.00345	0.00423	0.00404	0.00482	0.00324	0.00299	0.00671	0.00890	0.01307	0.59452	0.02313	0.05860	0.05455	0.00446	0.00115	0.00173	0.00557	0.19648	0.00317
52	0.00726	0.00623	0.00721	0.00525	0.00824	0.00488	0.00419	0.00936	0.06472	0.01147	0.00668	0.00755	0.00549	0.00270	0.00262	0.00056	0.00257	0.00217	0.00215	0.83870
53	0.00883	0.03425	0.10591	0.13560	0.07449	0.04183	0.27525	0.01753	0.00787	0.11735	0.00755	0.00919	0.00562	0.00359	0.00419	0.00111	0.07880	0.00332	0.06312	0.00460
54	0.01369	0.07072	0.00828	0.00585	0.00830	0.00555	0.00487	0.02649	0.00961	0.67319	0.07711	0.01238	0.01006	0.00437	0.00337	0.00103	0.00283	0.00355	0.05331	0.00542
55	0.00468	0.00349	0.00485	0.00607	0.06850	0.00333	0.00385	0.00542	0.00669	0.00896	0.01750	0.69457	0.02064	0.06936	0.00526	0.00152	0.00234	0.06697	0.00302	0.00298
56	0.00664	0.00532	0.00852	0.57208	0.01762	0.00620	0.00754	0.00848	0.00727	0.07420	0.06722	0.18394	0.01046	0.00524	0.00369	0.00119	0.00375	0.00467	0.00223	0.00375
57	0.00614	0.00693	0.13624	0.00961	0.23204	0.00528	0.00662	0.00822	0.00884	0.01259	0.47680	0.01868	0.04698	0.00549	0.00378	0.00107	0.00281	0.00488	0.00288	0.00411
58	0.00479	0.00358	0.00482	0.00523	0.00571	0.00376	0.00376	0.00631	0.07079	0.00898	0.01534	0.51781	0.01709	0.01547	0.29609	0.00279	0.00452	0.00729	0.00277	0.00310
59	0.00711	0.00620	0.00920	0.51221	0.08185	0.00735	0.00789	0.01089	0.18680	0.01072	0.00850	0.01041	0.00647	0.00376	0.00333	0.00110	0.00379	0.00327	0.11492	0.00423
60	0.06741	0.00498	0.00613	0.00597	0.00693	0.05170	0.06335	0.00797	0.06992	0.06969	0.01571	0.58239	0.01736	0.00842	0.00403	0.00129	0.00267	0.00757	0.00305	0.00348
61	0.00965	0.13275	0.01406	0.02678	0.46670	0.13307	0.07157	0.07327	0.00868	0.02232	0.00635	0.00788	0.00522	0.00322	0.00326	0.00098	0.00445	0.00286	0.00185	0.00507
62	0.00719	0.00623	0.00754	0.00538	0.00847	0.00472	0.02792	0.00877	0.00719	0.01125	0.00616	0.00722	0.00512	0.00257	0.00260	0.00053	0.00265	0.00210	0.00204	0.87434
63	0.54996	0.00699	0.00564	0.00499	0.00697	0.06550	0.00401	0.10170	0.00772	0.01438	0.01174	0.01191	0.18775	0.00453	0.00277	0.00107	0.00284	0.00320	0.00249	0.00382

[dist]
# distance from previous block
# <min> <max>
0	1

[block]
# block no. 2 follows, 81 sequences, length 6
# corresponding to MSA columns:
# 189-194
name=unknown_C
#
# <colnr> <probs for GDERKNQSTAVLIFYWHMCP>
#	G	D	E	R	K	N	Q	S	T	A	V	L	I	F	Y	W	H	M	C	P
0	0.00814	0.00779	0.01328	0.19413	0.68734	0.00810	0.01040	0.01024	0.00767	0.01079	0.00643	0.00868	0.00530	0.00315	0.00343	0.00105	0.00421	0.00308	0.00167	0.00514
1	0.00590	0.00442	0.00590	0.00559	0.00623	0.00509	0.00422	0.07020	0.03372	0.00894	0.00926	0.01455	0.00895	0.20076	0.50734	0.03735	0.06251	0.00387	0.00204	0.00315
2	0.00726	0.00443	0.00516	0.00481	0.00598	0.00470	0.00372	0.01042	0.17788	0.08818	0.07790	0.01393	0.01099	0.00882	0.17635	0.00188	0.00350	0.00372	0.38648	0.00389
3	0.00826	0.00722	0.00800	0.00793	0.07305	0.03660	0.00570	0.04466	0.58932	0.01324	0.01259	0.04706	0.01005	0.00741	0.11133	0.00170	0.00378	0.00397	0.00310	0.00503
4	0.00460	0.00335	0.00429	0.00465	0.00520	0.00313	0.00337	0.00561	0.00771	0.01032	0.25071	0.37924	0.12650	0.06503	0.00517	0.00144	0.00210	0.11134	0.00330	0.00295
5	0.54281	0.00742	0.00838	0.01015	0.27849	0.00814	0.00617	0.08036	0.00738	0.01468	0.00564	0.00677	0.00447	0.00324	0.00266	0.00105	0.00322	0.00236	0.00211	0.00447

[dist]
# distance from previous block
# <min> <max>
0	19

[block]
# block no. 3 follows, 81 sequences, length 43
# corresponding to MSA columns:
# 214-256
name=unknown_D
#
# <colnr> <probs for GDERKNQSTAVLIFYWHMCP>
#	G	D	E	R	K	N	Q	S	T	A	V	L	I	F	Y	W	H	M	C	P
0	0.00748	0.16325	0.14409	0.40789	0.17077	0.00891	0.03143	0.00980	0.00719	0.00953	0.00600	0.00815	0.00471	0.00326	0.00322	0.00105	0.00446	0.00280	0.00155	0.00446
1	0.00420	0.00309	0.00395	0.00461	0.00496	0.00283	0.00312	0.00487	0.00686	0.00900	0.03885	0.73496	0.14515	0.01044	0.00435	0.00136	0.00196	0.00938	0.00322	0.00283
2	0.03637	0.00701	0.00768	0.00647	0.00834	0.00758	0.00518	0.47956	0.01225	0.03221	0.01135	0.17643	0.01036	0.00571	0.00354	0.00111	0.00307	0.05476	0.12634	0.00470
3	0.00887	0.00724	0.00905	0.07003	0.03873	0.02039	0.00638	0.22646	0.06010	0.05170	0.13086	0.01258	0.06111	0.00538	0.00603	0.00121	0.27288	0.00384	0.00271	0.00446
4	0.00825	0.01284	0.45778	0.08217	0.16353	0.00782	0.01063	0.08340	0.00836	0.07140	0.00765	0.00989	0.00590	0.00376	0.00343	0.00111	0.00451	0.05050	0.00198	0.00508
5	0.00498	0.00350	0.00435	0.00429	0.00479	0.00338	0.00300	0.00593	0.00757	0.01044	0.40566	0.02546	0.04327	0.35558	0.03328	0.00216	0.00266	0.07394	0.00300	0.00277
6	0.90299	0.00668	0.00508	0.00454	0.00668	0.00775	0.00374	0.01015	0.00588	0.01550	0.00481	0.00561	0.00374	0.00321	0.00214	0.00107	0.00267	0.00187	0.00214	0.00374
7	0.00592	0.00305	0.00458	0.00458	0.00462	0.00310	0.00310	0.00462	0.00458	0.00615	0.00624	0.01072	0.00619	0.01300	0.07490	0.83502	0.00345	0.00305	0.00153	0.00161
8	0.07794	0.00829	0.01243	0.03557	0.64364	0.04046	0.00932	0.02875	0.07746	0.02282	0.00707	0.00864	0.00575	0.00328	0.00332	0.00104	0.00395	0.00303	0.00196	0.00526
9	0.00617	0.00560	0.00700	0.00660	0.00718	0.07663	0.00522	0.00727	0.00584	0.00812	0.00790	0.01165	0.00739	0.01972	0.60714	0.00428	0.19778	0.00343	0.00177	0.00331
10	0.03189	0.00996	0.22653	0.03458	0.11668	0.02234	0.16461	0.06232	0.00825	0.14878	0.00832	0.01038	0.00642	0.05333	0.06641	0.00154	0.00480	0.01581	0.00224	0.00481
11	0.08340	0.41937	0.14080	0.00792	0.06204	0.11382	0.00720	0.10174	0.01634	0.01093	0.00565	0.00645	0.00465	0.00325	0.00270	0.00089	0.00415	0.00223	0.00181	0.00466
12	0.00549	0.00457	0.05171	0.00459	0.00589	0.00370	0.00377	0.00727	0.03662	0.06087	0.48552	0.02580	0.27689	0.00712	0.00398	0.00111	0.00197	0.00612	0.00351	0.00348
13	0.00541	0.00362	0.00472	0.00445	0.00534	0.00331	0.00333	0.00690	0.00944	0.06177	0.70324	0.09544	0.06528	0.00728	0.00407	0.00111	0.00174	0.00643	0.00376	0.00336
14	0.01818	0.17656	0.23380	0.00928	0.12308	0.00852	0.00817	0.10264	0.02371	0.18754	0.00874	0.01053	0.00678	0.00397	0.00326	0.00104	0.00391	0.06270	0.00246	0.00512
15	0.00809	0.00831	0.06427	0.31919	0.43181	0.02605	0.00999	0.05809	0.02095	0.01099	0.00655	0.00871	0.00518	0.00332	0.00342	0.00107	0.00435	0.00304	0.00176	0.00486
16	0.00520	0.00441	0.00540	0.00565	0.00617	0.06541	0.04983	0.00596	0.00688	0.00883	0.01667	0.64468	0.01952	0.08133	0.00541	0.00152	0.00270	0.05853	0.00293	0.00296
17	0.00825	0.01636	0.59962	0.00933	0.01344	0.16900	0.01075	0.01236	0.10791	0.01089	0.00697	0.00776	0.00512	0.00350	0.00328	0.00106	0.00504	0.00265	0.00176	0.00494
18	0.00811	0.14656	0.44995	0.00853	0.01224	0.07878	0.05998	0.01089	0.00798	0.06239	0.11439	0.00969	0.00829	0.00377	0.00327	0.00102	0.00445	0.00304	0.00198	0.00470
19	0.00826	0.00952	0.13070	0.16814	0.44088	0.05990	0.00980	0.06143	0.00825	0.01116	0.00800	0.00970	0.05194	0.00358	0.00343	0.00106	0.00431	0.00319	0.00184	0.00493
20	0.00606	0.00618	0.06042	0.60514	0.01864	0.00656	0.00819	0.00819	0.00734	0.00962	0.11663	0.06244	0.06140	0.00465	0.00362	0.00115	0.00393	0.00409	0.00202	0.00373
21	0.00752	0.00920	0.17135	0.02799	0.54979	0.00731	0.00975	0.00975	0.00770	0.01092	0.02458	0.06390	0.07690	0.00413	0.00352	0.00108	0.00393	0.00380	0.00191	0.00497
22	0.07203	0.00674	0.10359	0.00825	0.13015	0.00542	0.05666	0.00949	0.01826	0.13155	0.27090	0.06654	0.09518	0.00549	0.00368	0.00111	0.00294	0.00482	0.00297	0.00424
23	0.00718	0.00680	0.01140	0.25326	0.41878	0.00712	0.05528	0.00908	0.00744	0.01006	0.01032	0.01277	0.11377	0.05699	0.00441	0.00123	0.00399	0.00379	0.00188	0.00444
24	0.16885	0.00847	0.10968	0.05533	0.06167	0.02406	0.03395	0.22079	0.00988	0.12414	0.07839	0.07225	0.00895	0.00446	0.00333	0.00109	0.00351	0.00362	0.00280	0.00476
25	0.01889	0.00818	0.08769	0.05670	0.08453	0.00723	0.12025	0.14861	0.01758	0.32379	0.01116	0.01120	0.05806	0.00414	0.00375	0.00110	0.02531	0.00357	0.00301	0.00524
26	0.01038	0.00928	0.25818	0.00890	0.11790	0.00602	0.00774	0.01256	0.00862	0.36932	0.08034	0.07603	0.00999	0.00455	0.00353	0.00110	0.00354	0.00386	0.00300	0.00515
27	0.00691	0.00541	0.05818	0.00676	0.06816	0.00506	0.00504	0.02612	0.05865	0.10512	0.07965	0.01494	0.01081	0.15452	0.37532	0.00336	0.00583	0.00398	0.00243	0.00375
28	0.00697	0.00627	0.01001	0.00952	0.10789	0.00706	0.13558	0.05667	0.05805	0.01007	0.00810	0.01121	0.00712	0.03096	0.37688	0.00313	0.14497	0.00358	0.00196	0.00400
29	0.00908	0.01176	0.38360	0.01063	0.14300	0.00733	0.05882	0.06293	0.02930	0.17083	0.00896	0.07289	0.00699	0.00406	0.00349	0.00110	0.00422	0.00350	0.00235	0.00517
30	0.00733	0.00774	0.08138	0.39235	0.23971	0.00764	0.05725	0.01022	0.07465	0.02224	0.00782	0.06241	0.00650	0.00387	0.00353	0.00113	0.00425	0.00357	0.00189	0.00452
31	0.00854	0.00945	0.08309	0.01778	0.60582	0.07854	0.06067	0.01067	0.00800	0.01094	0.00726	0.01050	0.00632	0.00359	0.00352	0.00107	0.00440	0.06293	0.00180	0.00511
32	0.00792	0.00985	0.18923	0.04320	0.36771	0.05993	0.02579	0.03934	0.01793	0.01894	0.09309	0.05118	0.01943	0.00423	0.00370	0.00109	0.02222	0.01834	0.00208	0.00480
33	0.01127	0.05799	0.13233	0.00829	0.06867	0.00635	0.08612	0.02037	0.00899	0.42891	0.09476	0.03607	0.01533	0.00433	0.00352	0.00107	0.00349	0.00375	0.00320	0.00518
34	0.01802	0.00662	0.06940	0.00933	0.20216	0.03267	0.01400	0.01839	0.01267	0.20069	0.02787	0.20784	0.06213	0.08204	0.01916	0.00141	0.00333	0.00511	0.00280	0.00434
35	0.00882	0.05920	0.16456	0.13610	0.07336	0.06423	0.04400	0.04145	0.08448	0.13527	0.04176	0.06429	0.04121	0.00452	0.00350	0.00110	0.00392	0.02110	0.00249	0.00465
36	0.00796	0.00812	0.06006	0.15581	0.47018	0.00771	0.12920	0.01016	0.00769	0.03445	0.00760	0.07137	0.00658	0.00372	0.00358	0.00110	0.00430	0.00369	0.00185	0.00489
37	0.00797	0.00794	0.06448	0.10729	0.41665	0.01346	0.11297	0.01545	0.01579	0.05186	0.03037	0.08427	0.02942	0.00419	0.00374	0.00111	0.01633	0.00985	0.00206	0.00480
38	0.00537	0.00462	0.00660	0.13191	0.09938	0.00465	0.02765	0.00686	0.02529	0.01017	0.15541	0.18829	0.26602	0.02874	0.00446	0.00124	0.02082	0.00625	0.00281	0.00346
39	0.00992	0.01021	0.18241	0.00899	0.05154	0.11731	0.11038	0.08021	0.06228	0.18676	0.03223	0.10498	0.01783	0.00461	0.00359	0.00110	0.00412	0.00399	0.00269	0.00485
40	0.00979	0.05636	0.27145	0.01127	0.18599	0.03317	0.07868	0.09381	0.01938	0.16761	0.02618	0.00922	0.01410	0.00362	0.00340	0.00105	0.00426	0.00310	0.00235	0.00524
41	0.01042	0.00482	0.00636	0.00566	0.02118	0.00427	0.00430	0.02756	0.00881	0.45856	0.03977	0.25064	0.12929	0.00673	0.00383	0.00117	0.00252	0.00579	0.00377	0.00456
42	0.00782	0.01351	0.02044	0.02391	0.37991	0.02806	0.09319	0.02941	0.04074	0.04685	0.05825	0.10944	0.07647	0.02833	0.00427	0.00118	0.02677	0.00451	0.00234	0.00459

[dist]
# distance from previous block
# <min> <max>
3	9

[block]
# block no. 4 follows, 81 sequences, length 9
# corresponding to MSA columns:
# 266-274
name=unknown_E
#
# <colnr> <probs for GDERKNQSTAVLIFYWHMCP>
#	G	D	E	R	K	N	Q	S	T	A	V	L	I	F	Y	W	H	M	C	P
0	0.02022	0.00592	0.00685	0.00620	0.02339	0.03799	0.02867	0.09213	0.19564	0.08288	0.28816	0.09226	0.07267	0.02623	0.00411	0.00118	0.00263	0.00521	0.00342	0.00425
1	0.00999	0.06089	0.19379	0.00956	0.12941	0.13537	0.02978	0.05778	0.03204	0.17491	0.02560	0.02382	0.00720	0.06826	0.02552	0.00131	0.00437	0.00322	0.00239	0.00480
2	0.00911	0.01151	0.32067	0.05211	0.18827	0.00793	0.09978	0.08895	0.03574	0.12072	0.00774	0.00870	0.00560	0.00344	0.00344	0.00107	0.00442	0.00305	0.00217	0.02561
3	0.04039	0.00805	0.07092	0.09879	0.14705	0.03861	0.20545	0.03859	0.04111	0.09206	0.03765	0.05772	0.09921	0.00447	0.00367	0.00112	0.00404	0.00418	0.00238	0.00454
4	0.00436	0.00315	0.00416	0.00490	0.00524	0.00295	0.00344	0.00510	0.00686	0.00903	0.02006	0.71917	0.08039	0.01053	0.00443	0.00141	0.00213	0.10663	0.00320	0.00286
5	0.01220	0.00691	0.05895	0.00700	0.03289	0.00604	0.02404	0.11721	0.06438	0.47584	0.09745	0.06028	0.01116	0.00481	0.00359	0.00109	0.00307	0.00404	0.00372	0.00533
6	0.02446	0.00890	0.10800	0.00968	0.06847	0.03648	0.18564	0.11554	0.05156	0.27973	0.02901	0.01145	0.00779	0.00406	0.00362	0.00111	0.00406	0.04229	0.00293	0.00520
7	0.00468	0.00336	0.00430	0.00462	0.00497	0.00336	0.00319	0.00531	0.00610	0.00815	0.01588	0.31405	0.08749	0.28249	0.17939	0.00282	0.00392	0.06066	0.00259	0.00267
8	0.64992	0.00798	0.10533	0.00626	0.05497	0.00751	0.00532	0.01102	0.00660	0.10927	0.00605	0.00666	0.00445	0.00333	0.00249	0.00107	0.00306	0.00220	0.00227	0.00424

[dist]
# distance from previous block
# <min> <max>
0	2

# created by:
# /home/cegg/simao/soft/augustus-3.2.1/scripts/msa2prfl.pl ./align_prep/EOG092C5KDG.fa
