[name]
unknown

[dist]
# distance from previous block
# <min> <max>
0	77

[block]
# block no. 0 follows, 78 sequences, length 11
# corresponding to MSA columns:
# 99-109
name=unknown_A
#
# <colnr> <probs for GDERKNQSTAVLIFYWHMCP>
#	G	D	E	R	K	N	Q	S	T	A	V	L	I	F	Y	W	H	M	C	P
0	0.01110	0.18828	0.01075	0.00776	0.00969	0.43570	0.00634	0.01226	0.00911	0.07536	0.00895	0.01404	0.00836	0.00494	0.00342	0.00106	0.00494	0.18148	0.00229	0.00418
1	0.00886	0.00687	0.00631	0.00563	0.00718	0.17809	0.00433	0.01008	0.00939	0.19391	0.23643	0.02109	0.25400	0.00709	0.03368	0.00126	0.00325	0.00519	0.00336	0.00399
2	0.00781	0.00678	0.00808	0.00700	0.07474	0.00593	0.00505	0.01128	0.18931	0.01232	0.00813	0.00877	0.00652	0.00315	0.00292	0.00072	0.00280	0.00261	0.00241	0.63368
3	0.00829	0.00751	0.01094	0.01412	0.43187	0.00745	0.00801	0.01198	0.18968	0.01226	0.00926	0.01195	0.00786	0.00394	0.00347	0.00103	0.00352	0.06780	0.00236	0.18671
4	0.20096	0.00653	0.00663	0.00638	0.03729	0.00726	0.00476	0.01352	0.43570	0.01374	0.01671	0.04491	0.18055	0.00551	0.00346	0.00119	0.00262	0.00446	0.00317	0.00462
5	0.00639	0.00581	0.00861	0.47452	0.04600	0.00622	0.00721	0.00827	0.00742	0.00981	0.01279	0.01441	0.18840	0.00454	0.00351	0.00105	0.00366	0.00389	0.00207	0.18541
6	0.01051	0.01068	0.01117	0.23497	0.19055	0.26618	0.00846	0.18018	0.01021	0.01226	0.00692	0.00898	0.00554	0.00381	0.00348	0.00107	0.00494	0.02319	0.00214	0.00477
7	0.00846	0.00809	0.01146	0.18375	0.01444	0.03481	0.18738	0.01515	0.46825	0.01277	0.01097	0.01150	0.00825	0.00414	0.00372	0.00119	0.00401	0.00384	0.00276	0.00507
8	0.00632	0.00474	0.00620	0.00591	0.00662	0.00549	0.00445	0.00878	0.18766	0.00917	0.00974	0.01362	0.00885	0.09616	0.36528	0.18543	0.06623	0.00379	0.00220	0.00333
9	0.00819	0.00387	0.00456	0.00431	0.00543	0.00365	0.00325	0.00958	0.00792	0.19494	0.01377	0.18783	0.01199	0.00563	0.00314	0.00101	0.00204	0.00476	0.52031	0.00383
10	0.01008	0.01049	0.04053	0.02445	0.30765	0.19331	0.06269	0.07152	0.17966	0.02905	0.00868	0.00957	0.01716	0.00379	0.00352	0.00107	0.00448	0.00326	0.00235	0.01669

[dist]
# distance from previous block
# <min> <max>
0	2

[block]
# block no. 1 follows, 78 sequences, length 35
# corresponding to MSA columns:
# 112-146
name=unknown_B
#
# <colnr> <probs for GDERKNQSTAVLIFYWHMCP>
#	G	D	E	R	K	N	Q	S	T	A	V	L	I	F	Y	W	H	M	C	P
0	0.00915	0.09214	0.14259	0.04662	0.35043	0.05791	0.07035	0.03040	0.08976	0.04719	0.00754	0.00881	0.00590	0.00345	0.00341	0.00105	0.00440	0.00307	0.00204	0.02378
1	0.00664	0.00343	0.00360	0.03601	0.00492	0.00349	0.00277	0.00833	0.00745	0.01312	0.01141	0.01313	0.00896	0.00413	0.00253	0.00084	0.00178	0.00331	0.86081	0.00334
2	0.06235	0.00925	0.01087	0.29251	0.22632	0.19781	0.00850	0.01184	0.00835	0.11916	0.00713	0.00874	0.00541	0.00361	0.00348	0.00108	0.01388	0.00295	0.00208	0.00468
3	0.07955	0.00738	0.01174	0.03204	0.59546	0.00749	0.00886	0.01051	0.00780	0.05010	0.00782	0.03733	0.00664	0.00491	0.05205	0.00133	0.00411	0.00336	0.06644	0.00509
4	0.00747	0.00728	0.01018	0.00878	0.00897	0.00994	0.00727	0.00833	0.00556	0.00865	0.00529	0.00848	0.00518	0.00843	0.10809	0.00199	0.73770	0.00316	0.00162	0.03763
5	0.00919	0.00918	0.10235	0.02354	0.01107	0.00899	0.06688	0.10802	0.57783	0.02449	0.01227	0.01178	0.00911	0.00445	0.00363	0.00118	0.00347	0.00377	0.00322	0.00556
6	0.00771	0.00992	0.20314	0.00975	0.01301	0.02944	0.29101	0.01024	0.00811	0.04656	0.07417	0.09444	0.00927	0.00423	0.00370	0.00106	0.00436	0.00413	0.00221	0.17354
7	0.00758	0.00735	0.01043	0.00976	0.06980	0.00987	0.00756	0.00847	0.00580	0.00883	0.00610	0.01082	0.00623	0.05556	0.01103	0.00163	0.70132	0.05625	0.00172	0.00388
8	0.00857	0.00822	0.01402	0.11803	0.75835	0.00840	0.01081	0.01072	0.00799	0.01134	0.00665	0.00889	0.00554	0.00322	0.00353	0.00107	0.00429	0.00317	0.00174	0.00545
9	0.00526	0.00407	0.00591	0.00522	0.00627	0.00376	0.06373	0.00702	0.00992	0.01397	0.77298	0.02553	0.04852	0.00701	0.00420	0.00113	0.00199	0.00630	0.00375	0.00346
10	0.06105	0.00840	0.00879	0.00742	0.00973	0.00955	0.00592	0.29985	0.51452	0.01754	0.01191	0.01124	0.00882	0.00455	0.00352	0.00115	0.00319	0.00363	0.00352	0.00568
11	0.00701	0.00744	0.01523	0.01146	0.01401	0.00694	0.55564	0.00923	0.00799	0.01067	0.01301	0.22167	0.09152	0.00556	0.00429	0.00126	0.00464	0.00596	0.00231	0.00416
12	0.00628	0.00403	0.00592	0.00575	0.00660	0.00445	0.00447	0.00753	0.00629	0.10481	0.01062	0.06252	0.00972	0.02328	0.71449	0.00495	0.00837	0.00415	0.00227	0.00349
13	0.00881	0.00846	0.01445	0.02185	0.85267	0.00846	0.01093	0.01093	0.00811	0.01163	0.00670	0.00881	0.00564	0.00317	0.00352	0.00106	0.00423	0.00317	0.00176	0.00564
14	0.01157	0.00754	0.01195	0.01421	0.40367	0.00727	0.06151	0.01410	0.07636	0.33943	0.01021	0.01051	0.00728	0.00377	0.00360	0.00110	0.00376	0.00347	0.00294	0.00575
15	0.82275	0.00715	0.00571	0.00499	0.00725	0.00825	0.00411	0.08285	0.00699	0.01654	0.00527	0.00602	0.00405	0.00339	0.00232	0.00110	0.00286	0.00204	0.00232	0.00405
16	0.00877	0.00839	0.01422	0.02131	0.82511	0.00834	0.01071	0.01086	0.00808	0.01163	0.00668	0.00877	0.00563	0.00315	0.00350	0.00104	0.00418	0.00314	0.00177	0.03473
17	0.01201	0.28402	0.13895	0.06205	0.01104	0.00867	0.00699	0.01379	0.00865	0.40579	0.00952	0.00923	0.00656	0.00377	0.00314	0.00100	0.00372	0.00288	0.00288	0.00533
18	0.01316	0.01176	0.01052	0.04745	0.01164	0.24803	0.00694	0.57229	0.01445	0.01800	0.00760	0.00800	0.00559	0.00407	0.00346	0.00103	0.00465	0.00295	0.00299	0.00542
19	0.00626	0.00485	0.00602	0.00580	0.03438	0.00423	0.00409	0.01959	0.05308	0.03527	0.01438	0.43710	0.03604	0.00723	0.00374	0.00108	0.00242	0.00641	0.00289	0.31514
20	0.00680	0.06521	0.00713	0.15215	0.00909	0.06059	0.00468	0.03884	0.04496	0.01710	0.04523	0.04465	0.01093	0.39698	0.07902	0.00252	0.00424	0.00439	0.00223	0.00325
21	0.01392	0.00627	0.00909	0.12501	0.08635	0.00586	0.00635	0.01550	0.00958	0.65237	0.02442	0.01167	0.00833	0.00422	0.00358	0.00111	0.00335	0.00353	0.00378	0.00570
22	0.00843	0.00953	0.02056	0.01548	0.07581	0.00897	0.78289	0.01137	0.00838	0.01142	0.00717	0.00955	0.00542	0.00301	0.00416	0.00119	0.00588	0.00413	0.00180	0.00486
23	0.90002	0.00689	0.00523	0.00468	0.00689	0.00799	0.00386	0.01047	0.00606	0.01597	0.00496	0.00578	0.00386	0.00330	0.00220	0.00110	0.00275	0.00193	0.00220	0.00386
24	0.01068	0.00954	0.06676	0.01649	0.53160	0.10179	0.00945	0.01264	0.00872	0.18572	0.00807	0.00915	0.00611	0.00350	0.00349	0.00106	0.00429	0.00312	0.00230	0.00554
25	0.00672	0.00633	0.01068	0.86632	0.02452	0.00791	0.00989	0.00910	0.00712	0.00910	0.00633	0.00949	0.00475	0.00356	0.00356	0.00119	0.00475	0.00316	0.00158	0.00396
26	0.00672	0.00633	0.01068	0.86632	0.02452	0.00791	0.00989	0.00910	0.00712	0.00910	0.00633	0.00949	0.00475	0.00356	0.00356	0.00119	0.00475	0.00316	0.00158	0.00396
27	0.00509	0.00381	0.00572	0.00572	0.00636	0.00445	0.00445	0.00636	0.00572	0.00826	0.00954	0.01399	0.00890	0.02670	0.86077	0.00572	0.00954	0.00381	0.00191	0.00318
28	0.01023	0.54510	0.01546	0.12151	0.07208	0.01130	0.00679	0.01165	0.00780	0.15802	0.00686	0.00757	0.00542	0.00336	0.00277	0.00090	0.00383	0.00246	0.00206	0.00483
29	0.00653	0.00593	0.00974	0.73970	0.02171	0.00721	0.00891	0.00867	0.00721	0.02107	0.00926	0.07031	0.06045	0.00444	0.00367	0.00120	0.00435	0.00393	0.00185	0.00385
30	0.00881	0.00846	0.01445	0.02185	0.85267	0.00846	0.01093	0.01093	0.00811	0.01163	0.00670	0.00881	0.00564	0.00317	0.00352	0.00106	0.00423	0.00317	0.00176	0.00564
31	0.00840	0.00960	0.02101	0.01501	0.01861	0.00900	0.83974	0.01140	0.00840	0.01140	0.00720	0.00960	0.00540	0.00300	0.00420	0.00120	0.00600	0.00420	0.00180	0.00480
32	0.01096	0.00867	0.01130	0.23635	0.16287	0.00964	0.00829	0.45862	0.01255	0.03430	0.00775	0.00892	0.00569	0.00389	0.00355	0.00110	0.00417	0.00320	0.00274	0.00543
33	0.83891	0.00694	0.00543	0.00486	0.00705	0.00805	0.00398	0.01105	0.06368	0.01590	0.00561	0.00630	0.00434	0.00341	0.00230	0.00111	0.00276	0.00207	0.00230	0.00398
34	0.00516	0.00365	0.00503	0.00507	0.00558	0.00401	0.00373	0.00620	0.00607	0.00876	0.05846	0.07532	0.01210	0.18588	0.52953	0.00438	0.00684	0.00462	0.06662	0.00298

[dist]
# distance from previous block
# <min> <max>
0	1

[block]
# block no. 2 follows, 78 sequences, length 55
# corresponding to MSA columns:
# 148-202
name=unknown_C
#
# <colnr> <probs for GDERKNQSTAVLIFYWHMCP>
#	G	D	E	R	K	N	Q	S	T	A	V	L	I	F	Y	W	H	M	C	P
0	0.90002	0.00689	0.00523	0.00468	0.00689	0.00799	0.00386	0.01047	0.00606	0.01597	0.00496	0.00578	0.00386	0.00330	0.00220	0.00110	0.00275	0.00193	0.00220	0.00386
1	0.00840	0.00960	0.02101	0.01501	0.01861	0.00900	0.83974	0.01140	0.00840	0.01140	0.00720	0.00960	0.00540	0.00300	0.00420	0.00120	0.00600	0.00420	0.00180	0.00480
2	0.00885	0.00771	0.00851	0.00828	0.06923	0.00883	0.00601	0.01835	0.78664	0.01466	0.01394	0.01297	0.01050	0.00471	0.00362	0.00120	0.00292	0.00396	0.00349	0.00564
3	0.00854	0.00818	0.01396	0.13186	0.74479	0.00839	0.01079	0.01069	0.00798	0.01130	0.00665	0.00890	0.00552	0.00322	0.00353	0.00107	0.00430	0.00317	0.00174	0.00542
4	0.00746	0.00659	0.00847	0.00605	0.00925	0.00509	0.07093	0.00916	0.00746	0.01159	0.00640	0.00756	0.00528	0.00267	0.00276	0.00058	0.00291	0.00228	0.00208	0.82544
5	0.00468	0.00363	0.00427	0.00411	0.00510	0.00321	0.00308	0.00603	0.00924	0.01228	0.50188	0.02988	0.38374	0.00802	0.00420	0.00116	0.00173	0.00690	0.00366	0.00321
6	0.00491	0.00334	0.00396	0.00423	0.00429	0.00327	0.00252	0.00511	0.00570	0.00760	0.01389	0.29354	0.01632	0.60003	0.01380	0.00281	0.00301	0.00675	0.00252	0.00239
7	0.00760	0.00746	0.01120	0.24217	0.09712	0.00985	0.00867	0.00895	0.00617	0.00902	0.00532	0.00835	0.00479	0.00521	0.00868	0.00141	0.54924	0.00313	0.00158	0.00408
8	0.00813	0.00776	0.01321	0.29919	0.58069	0.00828	0.01059	0.01033	0.00778	0.01080	0.00658	0.00904	0.00535	0.00330	0.00354	0.00110	0.00440	0.00317	0.00170	0.00509
9	0.00878	0.00843	0.01439	0.03522	0.83956	0.00845	0.01091	0.01090	0.00809	0.01159	0.00669	0.00882	0.00563	0.00318	0.00353	0.00106	0.00424	0.00317	0.00176	0.00561
10	0.01568	0.00597	0.00811	0.00624	0.00893	0.00517	0.00515	0.01707	0.01010	0.82876	0.01397	0.01215	0.00882	0.00440	0.00355	0.00109	0.00299	0.00357	0.03230	0.00597
11	0.00881	0.00846	0.01445	0.02185	0.85267	0.00846	0.01093	0.01093	0.00811	0.01163	0.00670	0.00881	0.00564	0.00317	0.00352	0.00106	0.00423	0.00317	0.00176	0.00564
12	0.00786	0.00663	0.00717	0.00651	0.00824	0.00745	0.00503	0.01576	0.63423	0.01455	0.19391	0.01696	0.04929	0.00552	0.00377	0.00119	0.00253	0.00468	0.00367	0.00504
13	0.00886	0.00765	0.00805	0.00725	0.00926	0.00886	0.00564	0.01892	0.84623	0.01489	0.01449	0.01328	0.01087	0.00483	0.00362	0.00121	0.00282	0.00403	0.00362	0.00564
14	0.00881	0.00846	0.01445	0.02185	0.85267	0.00846	0.01093	0.01093	0.00811	0.01163	0.00670	0.00881	0.00564	0.00317	0.00352	0.00106	0.00423	0.00317	0.00176	0.00564
15	0.00881	0.00846	0.01445	0.02185	0.85267	0.00846	0.01093	0.01093	0.00811	0.01163	0.00670	0.00881	0.00564	0.00317	0.00352	0.00106	0.00423	0.00317	0.00176	0.00564
16	0.00512	0.00387	0.00483	0.00449	0.00556	0.00342	0.00336	0.00661	0.00929	0.01300	0.59507	0.09242	0.13384	0.00733	0.00407	0.00110	0.00182	0.00642	0.00361	0.09478
17	0.00500	0.00364	0.00470	0.00443	0.00529	0.00334	0.00333	0.00664	0.00998	0.01404	0.80844	0.02699	0.07609	0.00737	0.00420	0.00112	0.00169	0.00649	0.00389	0.00334
18	0.00445	0.00311	0.00409	0.00488	0.00512	0.00291	0.00327	0.00512	0.00685	0.00929	0.01924	0.83196	0.02287	0.01082	0.00445	0.00142	0.00205	0.00980	0.04541	0.00291
19	0.00761	0.00739	0.01180	0.57687	0.27504	0.04136	0.01009	0.00985	0.00753	0.00985	0.00641	0.00917	0.00501	0.00345	0.00354	0.00114	0.00465	0.00313	0.00165	0.00447
20	0.00441	0.00318	0.00419	0.00498	0.00527	0.00297	0.00341	0.00510	0.00696	0.00920	0.02043	0.78227	0.06640	0.01097	0.00455	0.00144	0.00212	0.05592	0.00330	0.00292
21	0.00714	0.01842	0.85643	0.01015	0.01541	0.00827	0.01315	0.01128	0.00752	0.01128	0.00639	0.00752	0.00451	0.00338	0.00338	0.00113	0.00526	0.00263	0.00150	0.00526
22	0.00664	0.00332	0.00332	0.00332	0.00415	0.00332	0.00249	0.00830	0.00747	0.01327	0.01161	0.01327	0.00913	0.00415	0.00249	0.00083	0.00166	0.00332	0.89464	0.00332
23	0.00857	0.00720	0.00822	0.00789	0.06866	0.02204	0.01525	0.11478	0.46149	0.01518	0.19409	0.02541	0.01493	0.00527	0.00376	0.00116	0.00290	0.01461	0.00349	0.00510
24	0.00892	0.00740	0.01066	0.01143	0.24284	0.03402	0.09497	0.11549	0.09585	0.07249	0.25152	0.01460	0.01445	0.00475	0.00380	0.00111	0.00348	0.00431	0.00299	0.00493
25	0.00664	0.00332	0.00332	0.00332	0.00415	0.00332	0.00249	0.00830	0.00747	0.01327	0.01161	0.01327	0.00913	0.00415	0.00249	0.00083	0.00166	0.00332	0.89464	0.00332
26	0.00874	0.00841	0.01420	0.02096	0.79270	0.00863	0.01070	0.01076	0.00792	0.01141	0.00655	0.00874	0.00557	0.00339	0.00410	0.00109	0.06567	0.00317	0.00175	0.00552
27	0.00866	0.00702	0.00872	0.09155	0.01067	0.00794	0.04598	0.12832	0.38765	0.04027	0.02035	0.01274	0.00924	0.05204	0.14133	0.00202	0.01376	0.00386	0.00298	0.00489
28	0.00878	0.00804	0.01302	0.07434	0.64801	0.00821	0.00982	0.08597	0.00900	0.01268	0.08044	0.01038	0.00806	0.00366	0.00359	0.00107	0.00401	0.00346	0.00210	0.00537
29	0.01020	0.00704	0.04360	0.00912	0.09248	0.01759	0.09003	0.03640	0.01916	0.28239	0.07109	0.04602	0.01107	0.00542	0.00486	0.00123	0.11289	0.10415	0.03044	0.00483
30	0.00768	0.00817	0.01704	0.01267	0.01550	0.00776	0.63027	0.01023	0.00815	0.01113	0.00966	0.09217	0.00874	0.00455	0.00438	0.00126	0.02146	0.08915	0.03563	0.00440
31	0.00583	0.00484	0.00716	0.00961	0.23506	0.00474	0.00552	0.00739	0.04706	0.01036	0.05563	0.50267	0.05163	0.00839	0.00420	0.00131	0.00269	0.02917	0.00293	0.00380
32	0.01202	0.00630	0.00783	0.00616	0.00860	0.00585	0.00499	0.12081	0.07034	0.42021	0.15761	0.01357	0.01240	0.00466	0.00355	0.00103	0.00284	0.00385	0.00383	0.13355
33	0.00474	0.00356	0.00470	0.04970	0.00625	0.00358	0.00373	0.00550	0.00686	0.00920	0.01916	0.64039	0.09990	0.04250	0.00523	0.00147	0.04314	0.00872	0.03870	0.00299
34	0.05498	0.00824	0.01357	0.05381	0.71566	0.00859	0.01029	0.01066	0.00777	0.01154	0.00645	0.00861	0.00544	0.00341	0.00404	0.00110	0.06562	0.00310	0.00176	0.00536
35	0.00672	0.00633	0.01068	0.86632	0.02452	0.00791	0.00989	0.00910	0.00712	0.00910	0.00633	0.00949	0.00475	0.00356	0.00356	0.00119	0.00475	0.00316	0.00158	0.00396
36	0.00966	0.00429	0.00500	0.00437	0.00584	0.00406	0.00344	0.01143	0.02804	0.28120	0.01246	0.01291	0.00907	0.00425	0.00286	0.00093	0.00212	0.00342	0.59042	0.00424
37	0.00881	0.00846	0.01445	0.02185	0.85267	0.00846	0.01093	0.01093	0.00811	0.01163	0.00670	0.00881	0.00564	0.00317	0.00352	0.00106	0.00423	0.00317	0.00176	0.00564
38	0.00788	0.00795	0.01089	0.00934	0.00938	0.02555	0.00777	0.00867	0.00553	0.00857	0.00469	0.00777	0.00467	0.00619	0.01154	0.00155	0.85350	0.00310	0.00156	0.00390
39	0.00513	0.00351	0.00416	0.00407	0.00434	0.00342	0.00254	0.00567	0.00674	0.00925	0.27838	0.02435	0.01951	0.59880	0.01369	0.00271	0.00289	0.00558	0.00272	0.00254
40	0.00683	0.01612	0.72242	0.00937	0.01395	0.00753	0.01176	0.01054	0.00771	0.01131	0.04832	0.01178	0.04007	0.00425	0.00356	0.00117	0.00482	0.06174	0.00181	0.00494
41	0.00443	0.00322	0.00402	0.00461	0.00494	0.00298	0.00306	0.00501	0.00680	0.00889	0.02109	0.63063	0.15121	0.12393	0.00627	0.00167	0.00221	0.00907	0.00315	0.00281
42	0.83699	0.00710	0.00562	0.00493	0.00718	0.00820	0.00406	0.06951	0.00682	0.01643	0.00521	0.00598	0.00401	0.00337	0.00230	0.00110	0.00284	0.00202	0.00230	0.00401
43	0.70162	0.00734	0.00588	0.00521	0.00734	0.06814	0.00423	0.01109	0.00669	0.09012	0.00610	0.00691	0.00467	0.00490	0.05630	0.00138	0.00347	0.00222	0.00236	0.00403
44	0.00807	0.38350	0.41412	0.00824	0.01222	0.01047	0.04059	0.01073	0.00759	0.01023	0.05882	0.00802	0.00639	0.00347	0.00300	0.00097	0.00444	0.00262	0.00167	0.00483
45	0.00852	0.00808	0.01372	0.06234	0.75896	0.00816	0.01055	0.01061	0.00806	0.01145	0.00744	0.01081	0.00653	0.00361	0.00361	0.00110	0.00420	0.05500	0.00185	0.00541
46	0.00868	0.00814	0.01375	0.02069	0.79940	0.00814	0.01040	0.01076	0.00807	0.01173	0.00701	0.00909	0.00586	0.00323	0.00346	0.00104	0.00407	0.00318	0.05782	0.00549
47	0.00799	0.00703	0.01066	0.04213	0.01133	0.00735	0.21643	0.01348	0.35491	0.04497	0.17513	0.01644	0.01419	0.00509	0.00396	0.00121	0.00351	0.05626	0.00315	0.00478
48	0.00865	0.00902	0.06720	0.04534	0.77636	0.00843	0.01104	0.01090	0.00804	0.01154	0.00667	0.00875	0.00554	0.00320	0.00352	0.00107	0.00431	0.00314	0.00174	0.00557
49	0.82722	0.00704	0.00567	0.05886	0.00807	0.02406	0.00429	0.01045	0.00620	0.01541	0.00505	0.00603	0.00393	0.00333	0.00231	0.00110	0.00295	0.00201	0.00216	0.00387
50	0.01201	0.00995	0.22085	0.00932	0.01289	0.00687	0.20358	0.01445	0.00911	0.44805	0.01054	0.01039	0.00695	0.00382	0.00368	0.00113	0.00428	0.00349	0.00308	0.00557
51	0.01581	0.00674	0.00838	0.00651	0.00921	0.05893	0.00534	0.01715	0.01018	0.80200	0.01351	0.01176	0.00855	0.00436	0.00356	0.00109	0.00324	0.00350	0.00425	0.00594
52	0.00433	0.00312	0.00411	0.00490	0.00515	0.00290	0.00328	0.00496	0.00687	0.00911	0.02031	0.83772	0.05794	0.01107	0.00453	0.00144	0.00205	0.01001	0.00331	0.00290
53	0.06363	0.00663	0.00914	0.00744	0.00931	0.05282	0.17509	0.04311	0.10749	0.05332	0.35482	0.01833	0.06178	0.00554	0.00391	0.00114	0.00320	0.01588	0.00320	0.00421
54	0.00527	0.00451	0.05799	0.00486	0.00539	0.00407	0.00358	0.00594	0.00550	0.00761	0.01038	0.01934	0.01113	0.55027	0.28533	0.00403	0.00550	0.00458	0.00204	0.00268

[dist]
# distance from previous block
# <min> <max>
0	59

# created by:
# /home/cegg/simao/soft/augustus-3.2.1/scripts/msa2prfl.pl ./align_prep/EOG092C5T6H.fa
