[name]
unknown

[dist]
# distance from previous block
# <min> <max>
1	228

[block]
# block no. 0 follows, 63 sequences, length 27
# corresponding to MSA columns:
# 234-249,251-257,259-262
name=unknown_A
#
# <colnr> <probs for GDERKNQSTAVLIFYWHMCP>
#	G	D	E	R	K	N	Q	S	T	A	V	L	I	F	Y	W	H	M	C	P
0	0.01010	0.01634	0.46959	0.01073	0.01537	0.00997	0.03921	0.20310	0.06214	0.01680	0.05754	0.05081	0.00935	0.00504	0.00422	0.00134	0.00526	0.00412	0.00279	0.00618
1	0.00713	0.00553	0.00614	0.00600	0.00743	0.00551	0.00447	0.02794	0.20597	0.04259	0.07106	0.23994	0.33478	0.00967	0.00486	0.00148	0.00260	0.00832	0.00409	0.00450
2	0.00567	0.00412	0.00578	0.00616	0.00668	0.00436	0.00446	0.00667	0.00730	0.01004	0.01711	0.34186	0.05005	0.06183	0.41268	0.03431	0.00686	0.00762	0.00296	0.00349
3	0.05888	0.01277	0.01132	0.03646	0.01268	0.22421	0.00753	0.38915	0.08076	0.05489	0.01075	0.01095	0.03511	0.00497	0.00402	0.00122	0.00507	0.00366	0.00351	0.03208
4	0.01023	0.12710	0.01042	0.00714	0.00965	0.00752	0.02757	0.09885	0.01022	0.13045	0.01387	0.26872	0.01367	0.00690	0.00411	0.00120	0.00345	0.01548	0.00341	0.23003
5	0.16475	0.01187	0.22711	0.00908	0.01275	0.00898	0.04091	0.09827	0.07142	0.23064	0.01133	0.05050	0.00840	0.00505	0.00426	0.00135	0.02988	0.00396	0.00338	0.00610
6	0.53816	0.00782	0.00694	0.03400	0.03302	0.05669	0.00523	0.01094	0.00774	0.01571	0.01017	0.21044	0.01034	0.00627	0.00378	0.00140	0.02938	0.00477	0.00283	0.00436
7	0.00530	0.00379	0.00508	0.00587	0.00616	0.00369	0.00397	0.00607	0.00775	0.01042	0.02100	0.68850	0.02479	0.07681	0.10706	0.00249	0.00363	0.01062	0.00360	0.00339
8	0.00794	0.00747	0.01261	0.84216	0.02895	0.00934	0.01167	0.01074	0.00841	0.01074	0.00747	0.01121	0.00560	0.00420	0.00420	0.00140	0.00560	0.00374	0.00187	0.00467
9	0.00792	0.00652	0.00820	0.00733	0.00888	0.03317	0.06890	0.12384	0.05563	0.01526	0.22900	0.26357	0.12534	0.00902	0.00491	0.00145	0.00320	0.01939	0.00396	0.00452
10	0.01124	0.85479	0.02203	0.00719	0.01079	0.01663	0.00719	0.01259	0.00854	0.00989	0.00584	0.00674	0.00539	0.00360	0.00270	0.00090	0.00450	0.00225	0.00180	0.00539
11	0.76139	0.00892	0.00695	0.00610	0.00874	0.05160	0.00498	0.05987	0.00828	0.04282	0.00645	0.00728	0.00492	0.00403	0.00280	0.00129	0.00356	0.00244	0.00275	0.00480
12	0.00794	0.00747	0.01261	0.84216	0.02895	0.00934	0.01167	0.01074	0.00841	0.01074	0.00747	0.01121	0.00560	0.00420	0.00420	0.00140	0.00560	0.00374	0.00187	0.00467
13	0.00818	0.00771	0.01304	0.76384	0.10543	0.00940	0.01179	0.01095	0.00852	0.01103	0.00751	0.01113	0.00571	0.00416	0.00420	0.00139	0.00555	0.00374	0.00189	0.00486
14	0.00824	0.00580	0.00951	0.00776	0.00927	0.00530	0.14442	0.00819	0.00703	0.02819	0.00799	0.01240	0.00733	0.04398	0.01187	0.50650	0.00416	0.00377	0.00211	0.16618
15	0.01214	0.04183	0.01029	0.00909	0.01088	0.50899	0.00687	0.01330	0.01009	0.01027	0.00878	0.05979	0.00823	0.03960	0.18788	0.00244	0.00766	0.00374	0.00230	0.04582
16	0.00852	0.04661	0.80635	0.01184	0.01797	0.00997	0.01528	0.01329	0.00887	0.01321	0.00749	0.00881	0.00533	0.00398	0.00396	0.00132	0.00616	0.00308	0.00178	0.00619
17	0.00523	0.00376	0.00497	0.00583	0.00618	0.00350	0.00398	0.00610	0.00841	0.01124	0.07987	0.74355	0.05047	0.01273	0.00534	0.00168	0.00245	0.03728	0.00395	0.00347
18	0.00794	0.00747	0.01261	0.84216	0.02895	0.00934	0.01167	0.01074	0.00841	0.01074	0.00747	0.01121	0.00560	0.00420	0.00420	0.00140	0.00560	0.00374	0.00187	0.00467
19	0.00983	0.07271	0.04071	0.40374	0.04552	0.09278	0.03148	0.08646	0.03812	0.01276	0.00884	0.06258	0.00743	0.00479	0.00417	0.00129	0.01392	0.00401	0.00237	0.05648
20	0.00586	0.00423	0.00493	0.00522	0.00593	0.00400	0.00367	0.00710	0.03236	0.01136	0.07207	0.24704	0.22847	0.20856	0.00884	0.00213	0.00283	0.07696	0.06500	0.00345
21	0.04097	0.10050	0.10908	0.01032	0.01301	0.05178	0.10832	0.07920	0.16161	0.03931	0.02647	0.05069	0.00895	0.00556	0.00606	0.00141	0.17409	0.00422	0.00281	0.00562
22	0.02742	0.00567	0.00670	0.00573	0.00770	0.00530	0.00447	0.02837	0.04845	0.32087	0.01973	0.02016	0.15254	0.07423	0.00534	0.00146	0.00291	0.00508	0.25271	0.00516
23	0.01102	0.10362	0.04618	0.08529	0.17480	0.05883	0.26923	0.11491	0.05845	0.01457	0.00873	0.01967	0.00688	0.00413	0.00426	0.00129	0.00569	0.00405	0.00246	0.00594
24	0.00562	0.00449	0.00508	0.00515	0.00633	0.00403	0.00378	0.00724	0.04540	0.01218	0.12712	0.21357	0.42868	0.03979	0.00555	0.00155	0.00241	0.03931	0.00390	0.03882
25	0.12725	0.06107	0.01171	0.13788	0.01423	0.15984	0.00785	0.30073	0.01302	0.04515	0.00898	0.05205	0.00727	0.00504	0.00418	0.00128	0.03004	0.00372	0.00307	0.00564
26	0.03593	0.00784	0.00945	0.02697	0.03281	0.00841	0.05100	0.01640	0.44664	0.01598	0.12442	0.05695	0.04223	0.02320	0.00467	0.00140	0.00337	0.00532	0.00382	0.08320

[dist]
# distance from previous block
# <min> <max>
1	3

[block]
# block no. 1 follows, 63 sequences, length 29
# corresponding to MSA columns:
# 281-309
name=unknown_B
#
# <colnr> <probs for GDERKNQSTAVLIFYWHMCP>
#	G	D	E	R	K	N	Q	S	T	A	V	L	I	F	Y	W	H	M	C	P
0	0.08688	0.06029	0.01944	0.00799	0.01050	0.11372	0.00652	0.07440	0.07975	0.15247	0.07067	0.03703	0.01032	0.00527	0.00488	0.00121	0.09571	0.00387	0.00328	0.15579
1	0.08062	0.01017	0.04889	0.00886	0.01210	0.04283	0.03631	0.29055	0.02500	0.35242	0.01234	0.02519	0.00849	0.00508	0.00430	0.00130	0.02075	0.00397	0.00417	0.00665
2	0.01605	0.00849	0.03356	0.00784	0.01089	0.00795	0.00658	0.24984	0.01376	0.46004	0.01520	0.04009	0.03442	0.00551	0.00418	0.00128	0.00376	0.00443	0.06948	0.00666
3	0.01167	0.75549	0.02083	0.00750	0.01101	0.03993	0.00726	0.06703	0.02674	0.01119	0.00639	0.00719	0.00567	0.00376	0.00286	0.00094	0.00457	0.00242	0.00202	0.00553
4	0.81753	0.00840	0.00666	0.00584	0.00849	0.00970	0.00481	0.07185	0.00809	0.01943	0.00617	0.00707	0.00475	0.00399	0.00272	0.00130	0.00335	0.00239	0.00272	0.00475
5	0.01482	0.01082	0.01166	0.00906	0.01212	0.01190	0.00744	0.71179	0.01863	0.02523	0.07081	0.01196	0.00975	0.00530	0.00420	0.00125	0.00429	0.00408	0.04813	0.00675
6	0.01644	0.00998	0.01131	0.00872	0.01193	0.01050	0.00719	0.53243	0.01688	0.26843	0.01224	0.01165	0.00832	0.00509	0.00415	0.00126	0.00417	0.00393	0.04840	0.00699
7	0.00687	0.00545	0.00767	0.06910	0.00957	0.00616	0.02292	0.03331	0.08491	0.01119	0.01369	0.05472	0.05277	0.07484	0.52154	0.00491	0.00849	0.00511	0.00265	0.00414
8	0.00573	0.00404	0.00509	0.00543	0.00615	0.00369	0.00383	0.00679	0.00927	0.03277	0.21850	0.42559	0.17882	0.03959	0.00592	0.01842	0.00240	0.02033	0.00402	0.00361
9	0.00989	0.01823	0.58649	0.05309	0.01724	0.01019	0.01332	0.12895	0.07646	0.03357	0.00889	0.00984	0.00633	0.00432	0.00406	0.00133	0.00566	0.00339	0.00241	0.00633
10	0.00836	0.00808	0.01451	0.01191	0.01380	0.00863	0.29791	0.01051	0.00888	0.01214	0.01357	0.06478	0.02467	0.00786	0.00746	0.01818	0.19397	0.26742	0.00275	0.00462
11	0.88196	0.00813	0.00618	0.00553	0.00813	0.00943	0.00455	0.01236	0.00715	0.01886	0.00585	0.00683	0.00455	0.00390	0.00260	0.00130	0.00325	0.00228	0.00260	0.00455
12	0.01181	0.01393	0.00989	0.00935	0.01070	0.49611	0.00696	0.01277	0.01016	0.01040	0.01142	0.26171	0.01218	0.00732	0.00534	0.00135	0.09592	0.00560	0.00265	0.00440
13	0.01126	0.01052	0.00989	0.00888	0.01125	0.11756	0.00688	0.03971	0.69549	0.01684	0.01557	0.01450	0.01174	0.00551	0.00421	0.00138	0.00391	0.00447	0.00400	0.00643
14	0.01001	0.01022	0.05736	0.05581	0.57689	0.00969	0.08105	0.03871	0.03027	0.01412	0.03789	0.01251	0.02569	0.00429	0.00430	0.00130	0.00502	0.01624	0.00234	0.00628
15	0.00579	0.00421	0.00519	0.00506	0.00607	0.00383	0.00375	0.00748	0.01093	0.01516	0.55301	0.10419	0.19209	0.00919	0.00488	0.00136	0.00205	0.00803	0.05390	0.00383
16	0.00681	0.00500	0.00597	0.00606	0.00727	0.00480	0.00470	0.06524	0.03569	0.03384	0.11299	0.22068	0.27621	0.02421	0.00540	0.00161	0.00283	0.17261	0.00402	0.00406
17	0.07407	0.00550	0.00593	0.00540	0.00696	0.00567	0.00419	0.03744	0.11498	0.08881	0.17044	0.01776	0.01602	0.00568	0.00363	0.00116	0.00246	0.00464	0.42452	0.00472
18	0.00968	0.00723	0.00794	0.00717	0.00895	0.02576	0.00553	0.14791	0.22010	0.06254	0.12818	0.11833	0.08794	0.07054	0.00587	0.00162	0.00333	0.05482	0.02138	0.00519
19	0.00585	0.00427	0.00550	0.00524	0.00623	0.00392	0.00391	0.00773	0.01161	0.01627	0.74245	0.06115	0.09234	0.00890	0.00497	0.00134	0.00201	0.00784	0.00455	0.00392
20	0.01033	0.04936	0.02872	0.02875	0.08147	0.04232	0.03549	0.13273	0.18768	0.02906	0.01147	0.03188	0.00988	0.12272	0.06575	0.00211	0.09108	0.00445	0.02934	0.00539
21	0.88196	0.00813	0.00618	0.00553	0.00813	0.00943	0.00455	0.01236	0.00715	0.01886	0.00585	0.00683	0.00455	0.00390	0.00260	0.00130	0.00325	0.00228	0.00260	0.00455
22	0.00872	0.00747	0.00872	0.00623	0.00996	0.00560	0.00498	0.01058	0.00872	0.01370	0.00747	0.00872	0.00623	0.00311	0.00311	0.00062	0.00311	0.00249	0.00249	0.87796
23	0.02155	0.00859	0.01265	0.32574	0.09883	0.00960	0.05693	0.16754	0.04501	0.08507	0.01080	0.01381	0.02447	0.00531	0.01281	0.00144	0.03166	0.04407	0.01850	0.00561
24	0.00897	0.11249	0.70913	0.01149	0.01732	0.01047	0.03127	0.01337	0.00892	0.02858	0.00755	0.00880	0.00545	0.00396	0.00388	0.00129	0.00599	0.00307	0.00185	0.00613
25	0.11557	0.00834	0.03279	0.00745	0.01083	0.00722	0.05247	0.08866	0.02506	0.13944	0.02400	0.02806	0.03358	0.00434	0.00361	0.00101	0.00360	0.00353	0.00318	0.40728
26	0.06684	0.02474	0.03010	0.16290	0.18529	0.00917	0.06569	0.11072	0.07382	0.05884	0.10287	0.01408	0.03505	0.00495	0.00419	0.00130	0.00441	0.00435	0.00302	0.03767
27	0.03908	0.00896	0.07139	0.12702	0.04385	0.04414	0.06484	0.09220	0.05919	0.07608	0.02438	0.10890	0.06161	0.02368	0.00484	0.00147	0.00441	0.09706	0.00321	0.04371
28	0.09614	0.00890	0.01299	0.35676	0.12054	0.02024	0.07124	0.13842	0.03149	0.06467	0.01829	0.02597	0.00720	0.00451	0.00413	0.00135	0.00500	0.00393	0.00269	0.00555

[dist]
# distance from previous block
# <min> <max>
2	26

[block]
# block no. 2 follows, 63 sequences, length 23
# corresponding to MSA columns:
# 346-357,361-367,379-382
name=unknown_C
#
# <colnr> <probs for GDERKNQSTAVLIFYWHMCP>
#	G	D	E	R	K	N	Q	S	T	A	V	L	I	F	Y	W	H	M	C	P
0	0.07339	0.03421	0.02211	0.05316	0.02100	0.08458	0.06698	0.12414	0.10758	0.10482	0.04076	0.02987	0.00897	0.00547	0.00599	0.00138	0.17081	0.00403	0.00311	0.03762
1	0.03774	0.32884	0.05162	0.02174	0.10751	0.09391	0.04869	0.07688	0.11695	0.03354	0.00909	0.03991	0.00763	0.00450	0.00363	0.00116	0.00480	0.00352	0.00258	0.00578
2	0.08527	0.05108	0.09395	0.32330	0.19016	0.05556	0.02413	0.03630	0.01785	0.03049	0.03517	0.02314	0.00739	0.00437	0.00400	0.00131	0.00515	0.00371	0.00227	0.00540
3	0.06573	0.00754	0.02746	0.00743	0.01059	0.00659	0.00623	0.03282	0.03631	0.69424	0.03507	0.01418	0.01070	0.00519	0.00413	0.00130	0.00356	0.00418	0.01991	0.00684
4	0.01016	0.02938	0.07606	0.02323	0.04159	0.06364	0.01597	0.12880	0.21602	0.04126	0.18500	0.07628	0.01692	0.03214	0.00513	0.00144	0.02240	0.00535	0.00369	0.00554
5	0.00543	0.00416	0.00498	0.00511	0.00610	0.00372	0.00376	0.00679	0.01010	0.01328	0.32415	0.21167	0.33592	0.01047	0.00508	0.00146	0.00221	0.03775	0.00417	0.00368
6	0.02255	0.07677	0.15088	0.05625	0.02624	0.26330	0.04603	0.14410	0.05477	0.03083	0.04480	0.01160	0.04412	0.00483	0.00402	0.00123	0.00563	0.00371	0.00275	0.00560
7	0.00596	0.00440	0.00558	0.00529	0.00634	0.00408	0.00396	0.00807	0.03096	0.01628	0.72179	0.04727	0.10665	0.00879	0.00495	0.00134	0.00204	0.00773	0.00454	0.00398
8	0.01188	0.07146	0.31067	0.01031	0.01418	0.19201	0.01042	0.14721	0.07466	0.04280	0.02202	0.01000	0.00715	0.00546	0.03192	0.00144	0.02447	0.00337	0.00264	0.00593
9	0.00549	0.00421	0.00503	0.00499	0.00604	0.00378	0.00368	0.00694	0.01035	0.01374	0.40158	0.12752	0.33393	0.02469	0.02772	0.00160	0.00238	0.00847	0.00417	0.00372
10	0.09933	0.01429	0.01076	0.00931	0.01164	0.42083	0.02636	0.17206	0.02928	0.02565	0.11017	0.01194	0.01934	0.01606	0.00419	0.00123	0.00562	0.00372	0.00302	0.00522
11	0.00586	0.00452	0.00534	0.00528	0.00639	0.00420	0.00395	0.00789	0.05559	0.01394	0.37122	0.10322	0.29744	0.04576	0.00571	0.00154	0.00234	0.05180	0.00417	0.00386
12	0.01551	0.00743	0.00935	0.00761	0.01043	0.00717	0.00613	0.01996	0.23352	0.54140	0.06662	0.03059	0.01319	0.00569	0.00431	0.00134	0.00339	0.00472	0.00489	0.00675
13	0.27726	0.00961	0.01012	0.06254	0.09326	0.07526	0.01975	0.12133	0.02968	0.04343	0.00785	0.00896	0.00608	0.00399	0.00343	0.00112	0.00415	0.00297	0.00278	0.21645
14	0.00623	0.00403	0.00467	0.00467	0.00467	0.00403	0.00265	0.00605	0.00605	0.00807	0.01268	0.02610	0.01452	0.77199	0.02092	0.08779	0.00403	0.00588	0.00248	0.00248
15	0.04608	0.01084	0.01189	0.00915	0.01246	0.01171	0.00755	0.64585	0.01798	0.16700	0.01109	0.01072	0.00763	0.00503	0.00415	0.00127	0.00439	0.00381	0.00433	0.00706
16	0.17785	0.00965	0.01188	0.01161	0.14961	0.01037	0.05375	0.23728	0.16159	0.10462	0.01101	0.01168	0.00820	0.00477	0.00398	0.00132	0.00421	0.01675	0.00354	0.00634
17	0.13616	0.00624	0.03950	0.00605	0.00763	0.00586	0.00489	0.04968	0.04812	0.03291	0.27944	0.03754	0.11898	0.12213	0.00680	0.00177	0.00307	0.08526	0.00373	0.00424
18	0.01042	0.35365	0.41676	0.00968	0.01447	0.03248	0.01122	0.01377	0.02854	0.06226	0.00763	0.00849	0.00585	0.00396	0.00349	0.00115	0.00533	0.00286	0.00207	0.00592
19	0.06177	0.00742	0.01200	0.76510	0.02698	0.00918	0.01100	0.01075	0.00843	0.01143	0.03222	0.01155	0.00658	0.00432	0.00413	0.00139	0.00535	0.00376	0.00200	0.00464
20	0.01136	0.00955	0.01476	0.18323	0.42236	0.01007	0.03056	0.16558	0.01145	0.06578	0.00962	0.01149	0.02649	0.00434	0.00422	0.00129	0.00494	0.00393	0.00268	0.00629
21	0.00971	0.00884	0.01492	0.30894	0.49663	0.00945	0.01199	0.01223	0.00921	0.04224	0.00848	0.03349	0.00700	0.00421	0.00421	0.00132	0.00509	0.00398	0.00217	0.00590
22	0.01973	0.00763	0.01162	0.55895	0.06802	0.00902	0.01004	0.06521	0.06815	0.02483	0.01116	0.04123	0.05509	0.00572	0.02511	0.00153	0.00511	0.00440	0.00247	0.00500

[dist]
# distance from previous block
# <min> <max>
1	14

[block]
# block no. 3 follows, 63 sequences, length 74
# corresponding to MSA columns:
# 397-427,432-453,457-477
name=unknown_D
#
# <colnr> <probs for GDERKNQSTAVLIFYWHMCP>
#	G	D	E	R	K	N	Q	S	T	A	V	L	I	F	Y	W	H	M	C	P
0	0.15896	0.04761	0.01096	0.02695	0.01189	0.36994	0.01491	0.14341	0.07184	0.03856	0.03378	0.03615	0.00802	0.00487	0.00377	0.00121	0.00545	0.00347	0.00292	0.00533
1	0.01030	0.58177	0.25367	0.04201	0.01364	0.01437	0.00977	0.01272	0.00863	0.01091	0.00640	0.00753	0.00538	0.00373	0.00313	0.00104	0.00503	0.00255	0.00179	0.00560
2	0.00962	0.00926	0.01599	0.27946	0.54585	0.00981	0.04448	0.01225	0.00922	0.01279	0.00780	0.01069	0.00632	0.00388	0.00421	0.00130	0.00527	0.00379	0.00202	0.00600
3	0.00863	0.00784	0.01349	0.70943	0.06254	0.00937	0.06356	0.01140	0.00868	0.04381	0.00790	0.01128	0.00589	0.00422	0.00436	0.00140	0.01542	0.00384	0.00203	0.00492
4	0.00722	0.00574	0.00640	0.00615	0.00761	0.00578	0.00469	0.07518	0.16610	0.01438	0.12657	0.15742	0.30504	0.03072	0.00531	0.00154	0.00276	0.06288	0.00405	0.00447
5	0.00882	0.00738	0.01213	0.00994	0.01208	0.02228	0.24665	0.03410	0.07998	0.08266	0.09216	0.28706	0.04583	0.00801	0.00495	0.00150	0.00416	0.03189	0.00356	0.00489
6	0.00860	0.08425	0.70309	0.02706	0.01762	0.01013	0.04163	0.01301	0.00885	0.01294	0.00788	0.03223	0.00600	0.00421	0.00397	0.00131	0.00600	0.00336	0.00185	0.00603
7	0.00586	0.00449	0.00606	0.00645	0.00721	0.00433	0.02704	0.00700	0.00874	0.01139	0.04720	0.38376	0.17609	0.04077	0.00637	0.01539	0.02961	0.20491	0.00372	0.00361
8	0.02601	0.01053	0.08124	0.02464	0.09534	0.03159	0.26740	0.09321	0.02310	0.20600	0.03713	0.01287	0.02376	0.00455	0.00438	0.00132	0.00515	0.00439	0.04129	0.00610
9	0.01232	0.00882	0.01019	0.00854	0.01096	0.03574	0.03856	0.16127	0.29628	0.17115	0.01606	0.05228	0.05926	0.03293	0.03050	0.00163	0.03839	0.00497	0.00403	0.00612
10	0.01238	0.00815	0.00911	0.00775	0.01021	0.00870	0.00612	0.14449	0.36720	0.19722	0.01769	0.03951	0.07297	0.02942	0.00474	0.00143	0.00343	0.00499	0.04821	0.00627
11	0.00517	0.00399	0.00473	0.00517	0.00599	0.00355	0.00367	0.00620	0.00911	0.01166	0.11421	0.41601	0.35766	0.01163	0.00517	0.00155	0.00229	0.02472	0.00398	0.00354
12	0.01069	0.01026	0.10588	0.14994	0.16336	0.00918	0.12449	0.12658	0.02964	0.09443	0.09777	0.02343	0.02538	0.00494	0.00439	0.00133	0.00490	0.00452	0.00300	0.00587
13	0.01116	0.04477	0.01489	0.28939	0.12741	0.12463	0.11330	0.14011	0.05477	0.01425	0.00837	0.01047	0.00644	0.00431	0.00433	0.00130	0.01824	0.00376	0.00247	0.00562
14	0.01283	0.00807	0.00930	0.00802	0.01055	0.00859	0.00634	0.02063	0.49855	0.27932	0.04275	0.03902	0.01347	0.00592	0.00433	0.00140	0.00335	0.01637	0.00457	0.00660
15	0.00597	0.00402	0.00464	0.00477	0.00482	0.00398	0.00276	0.00610	0.00646	0.00863	0.02480	0.14479	0.01737	0.72205	0.01890	0.00370	0.00382	0.00696	0.00277	0.00269
16	0.01086	0.01718	0.49659	0.01204	0.03145	0.04007	0.11189	0.06832	0.03658	0.12108	0.00930	0.01018	0.00652	0.00423	0.00416	0.00133	0.00580	0.00358	0.00253	0.00630
17	0.05151	0.01059	0.09713	0.01241	0.16418	0.00894	0.09771	0.15338	0.01118	0.08606	0.00884	0.00997	0.00667	0.00392	0.00387	0.00110	0.00453	0.00343	0.00284	0.26172
18	0.01073	0.00957	0.00923	0.00807	0.00983	0.15613	0.00632	0.12969	0.13276	0.05174	0.26429	0.01871	0.05690	0.00664	0.00545	0.00134	0.09607	0.00517	0.01618	0.00518
19	0.00538	0.00407	0.00489	0.00511	0.00600	0.00364	0.00367	0.00665	0.00981	0.01299	0.28657	0.30338	0.29692	0.01072	0.00506	0.00148	0.00218	0.00940	0.01845	0.00364
20	0.00746	0.00647	0.00969	0.01971	0.01005	0.00729	0.08837	0.02369	0.00848	0.01154	0.01671	0.16617	0.05917	0.07943	0.00885	0.00195	0.21503	0.25278	0.00306	0.00410
21	0.06073	0.00717	0.00770	0.00730	0.00908	0.00798	0.00556	0.01637	0.48097	0.02787	0.02803	0.20409	0.04402	0.00753	0.00441	0.00146	0.00301	0.02062	0.05061	0.00547
22	0.03848	0.02679	0.05279	0.01244	0.09680	0.08430	0.06041	0.08807	0.05710	0.02716	0.00746	0.00974	0.00631	0.00578	0.00869	0.00154	0.40470	0.00367	0.00236	0.00540
23	0.00570	0.00449	0.00603	0.01559	0.02221	0.01441	0.02661	0.00685	0.02572	0.01111	0.03216	0.69243	0.08204	0.01203	0.00539	0.00165	0.01732	0.01084	0.00376	0.00367
24	0.00648	0.00510	0.00680	0.00669	0.00737	0.02814	0.00506	0.00793	0.02382	0.00969	0.01139	0.01778	0.01102	0.16044	0.63942	0.00591	0.03625	0.00469	0.00233	0.00368
25	0.00909	0.00761	0.00906	0.00650	0.01022	0.00585	0.01715	0.02764	0.00903	0.03030	0.00772	0.00890	0.00633	0.00320	0.00319	0.00066	0.00321	0.00259	0.00258	0.82916
26	0.00846	0.00820	0.01282	0.58228	0.04596	0.02744	0.02250	0.01074	0.00804	0.01066	0.00712	0.01093	0.00579	0.01963	0.00673	0.00154	0.20082	0.00376	0.00189	0.00469
27	0.01419	0.01071	0.01148	0.00923	0.01225	0.01196	0.00748	0.52056	0.29114	0.04670	0.01267	0.01212	0.00918	0.00527	0.00423	0.00132	0.00415	0.00413	0.00426	0.00698
28	0.00994	0.00971	0.06883	0.01034	0.01308	0.03357	0.19159	0.07580	0.27366	0.04811	0.07686	0.14218	0.01444	0.00634	0.00461	0.00142	0.00439	0.00585	0.00355	0.00570
29	0.00500	0.00426	0.00430	0.00429	0.00570	0.00356	0.00322	0.00610	0.00966	0.01154	0.06863	0.04015	0.79817	0.01058	0.00497	0.00142	0.00212	0.00883	0.00393	0.00356
30	0.01245	0.27332	0.07334	0.02510	0.02741	0.06726	0.02062	0.21549	0.13106	0.05937	0.02286	0.02791	0.00830	0.00500	0.01183	0.00124	0.00469	0.00361	0.00308	0.00607
31	0.00526	0.00420	0.00465	0.00467	0.00582	0.00366	0.00342	0.00647	0.00986	0.01249	0.22586	0.11392	0.53254	0.04147	0.00561	0.00152	0.00220	0.00876	0.00403	0.00360
32	0.01051	0.02707	0.08328	0.02317	0.01220	0.11461	0.07301	0.18230	0.03158	0.01420	0.00952	0.01303	0.00822	0.06919	0.20452	0.00283	0.09747	0.01552	0.00264	0.00512
33	0.00540	0.00402	0.00503	0.00531	0.00608	0.00365	0.00378	0.00667	0.00981	0.01316	0.32774	0.37569	0.19638	0.01093	0.00513	0.00150	0.00220	0.00968	0.00417	0.00365
34	0.00985	0.02487	0.04098	0.01235	0.01416	0.01186	0.22322	0.07067	0.05225	0.01275	0.00842	0.01104	0.02997	0.00601	0.00947	0.00162	0.44885	0.00420	0.00228	0.00522
35	0.00596	0.00433	0.00541	0.00512	0.00623	0.00392	0.00385	0.00775	0.01144	0.02839	0.65676	0.03293	0.19441	0.00895	0.00495	0.00134	0.00204	0.00780	0.00449	0.00393
36	0.00525	0.00382	0.00504	0.00588	0.00615	0.00365	0.00396	0.00600	0.00807	0.01078	0.03795	0.77129	0.04900	0.03608	0.00597	0.00176	0.02064	0.01145	0.00383	0.00343
37	0.01311	0.01109	0.04206	0.01250	0.01618	0.01091	0.32726	0.33221	0.05042	0.09758	0.01044	0.01139	0.00747	0.00446	0.00446	0.00133	0.00541	0.00432	0.03100	0.00641
38	0.01025	0.03447	0.04550	0.01475	0.01838	0.04248	0.56101	0.05682	0.01025	0.04146	0.01009	0.08817	0.00859	0.02166	0.00523	0.00146	0.01612	0.00530	0.00250	0.00550
39	0.01124	0.85479	0.02203	0.00719	0.01079	0.01663	0.00719	0.01259	0.00854	0.00989	0.00584	0.00674	0.00539	0.00360	0.00270	0.00090	0.00450	0.00225	0.00180	0.00539
40	0.88196	0.00813	0.00618	0.00553	0.00813	0.00943	0.00455	0.01236	0.00715	0.01886	0.00585	0.00683	0.00455	0.00390	0.00260	0.00130	0.00325	0.00228	0.00260	0.00455
41	0.49050	0.00940	0.00885	0.00722	0.01016	0.01049	0.00596	0.30853	0.01222	0.08874	0.00831	0.00865	0.00600	0.00443	0.00333	0.00129	0.00379	0.00300	0.00341	0.00573
42	0.00596	0.00433	0.00542	0.00595	0.00670	0.00412	0.00429	0.00768	0.05911	0.02957	0.09927	0.50950	0.14486	0.01159	0.00522	0.00162	0.00257	0.08442	0.00402	0.00381
43	0.00534	0.00382	0.00501	0.00583	0.00618	0.00359	0.00400	0.00618	0.00826	0.01098	0.05801	0.67304	0.05458	0.06857	0.00643	0.00185	0.00262	0.06845	0.00384	0.00342
44	0.11503	0.00854	0.01227	0.00928	0.01256	0.00820	0.14597	0.09310	0.01136	0.41998	0.01216	0.01188	0.00820	0.00467	0.00445	0.00128	0.03669	0.00393	0.00393	0.07653
45	0.03055	0.00798	0.00990	0.00778	0.01086	0.00769	0.00637	0.14211	0.10700	0.56694	0.01595	0.01425	0.02641	0.00532	0.00420	0.00131	0.00365	0.00428	0.02054	0.00692
46	0.00867	0.00459	0.00556	0.00553	0.00672	0.00434	0.00419	0.02258	0.00941	0.14527	0.01952	0.26492	0.06850	0.00836	0.00427	0.00137	0.00259	0.07981	0.32948	0.00432
47	0.00556	0.00462	0.00492	0.00497	0.00628	0.00421	0.00367	0.00765	0.08764	0.01205	0.06485	0.16961	0.58800	0.01051	0.00497	0.00146	0.00229	0.00893	0.00397	0.00384
48	0.01570	0.02004	0.01191	0.01083	0.01300	0.83539	0.00812	0.01679	0.01191	0.01029	0.00650	0.00758	0.00541	0.00433	0.00379	0.00108	0.00758	0.00271	0.00217	0.00487
49	0.16119	0.00737	0.00914	0.00716	0.01025	0.00685	0.00590	0.04110	0.01144	0.65187	0.03503	0.01338	0.01009	0.00507	0.00398	0.00130	0.00351	0.00398	0.00473	0.00664
50	0.01125	0.00699	0.00793	0.00684	0.00909	0.00708	0.00542	0.09063	0.23631	0.21482	0.05914	0.02193	0.20218	0.00685	0.00437	0.00135	0.00306	0.02078	0.07830	0.00569
51	0.01107	0.00908	0.00960	0.00845	0.01088	0.01039	0.00662	0.11394	0.67617	0.02802	0.01612	0.01501	0.01204	0.00558	0.00420	0.00138	0.00341	0.00459	0.04685	0.00658
52	0.00517	0.00369	0.00493	0.00591	0.00617	0.00345	0.00398	0.00593	0.00809	0.01078	0.02314	0.82735	0.02770	0.01313	0.00538	0.00171	0.00248	0.03367	0.00390	0.00343
53	0.03032	0.00731	0.00980	0.00752	0.01077	0.00643	0.00621	0.04478	0.01221	0.79337	0.01624	0.01408	0.01023	0.00518	0.00421	0.00130	0.00361	0.00419	0.00514	0.00712
54	0.00607	0.00395	0.00522	0.00593	0.00645	0.00367	0.00413	0.00697	0.00847	0.05874	0.03177	0.70525	0.05343	0.01230	0.00524	0.00166	0.00255	0.04955	0.02496	0.00368
55	0.00573	0.00451	0.00492	0.00475	0.00612	0.00396	0.00358	0.03004	0.01044	0.02508	0.22921	0.05447	0.58237	0.00996	0.00494	0.00140	0.00219	0.00842	0.00411	0.00380
56	0.03362	0.69633	0.01968	0.00742	0.01069	0.07287	0.00708	0.01296	0.00880	0.03559	0.00647	0.00740	0.00571	0.00386	0.00315	0.00096	0.02890	0.00244	0.03075	0.00532
57	0.01869	0.00743	0.00993	0.00761	0.01087	0.00659	0.00629	0.06830	0.01250	0.78048	0.01619	0.01405	0.01021	0.00519	0.00423	0.00130	0.00364	0.00420	0.00514	0.00715
58	0.83583	0.00832	0.00652	0.00575	0.00839	0.00962	0.00474	0.05496	0.00783	0.01927	0.00608	0.00700	0.00469	0.00396	0.00269	0.00130	0.00333	0.00236	0.00269	0.00469
59	0.00508	0.00426	0.00442	0.00438	0.00575	0.00360	0.00328	0.00625	0.00985	0.01199	0.13270	0.03941	0.73382	0.01041	0.00497	0.00141	0.00211	0.00873	0.00399	0.00360
60	0.01250	0.00790	0.00949	0.00700	0.01056	0.00667	0.00569	0.11069	0.01101	0.24838	0.01040	0.01048	0.00753	0.00395	0.00356	0.00089	0.00343	0.00314	0.00347	0.52325
61	0.00650	0.00469	0.00642	0.00728	0.00823	0.00461	0.00622	0.00828	0.00961	0.01247	0.04613	0.10540	0.08418	0.01157	0.00569	0.00186	0.00358	0.65956	0.00390	0.00382
62	0.00885	0.00718	0.00940	0.03202	0.07013	0.01524	0.03120	0.07742	0.15520	0.03377	0.01352	0.06320	0.04274	0.03490	0.23343	0.01726	0.02403	0.02671	0.00304	0.10077
63	0.08457	0.67728	0.04425	0.00748	0.01101	0.04153	0.00731	0.06478	0.00927	0.01184	0.00619	0.00706	0.00544	0.00375	0.00286	0.00098	0.00455	0.00239	0.00203	0.00545
64	0.00602	0.00446	0.00630	0.00630	0.00700	0.00492	0.00470	0.00724	0.00685	0.00972	0.01281	0.07961	0.02474	0.15556	0.61232	0.00571	0.00913	0.00531	0.00245	0.02886
65	0.00552	0.00419	0.00509	0.00505	0.00606	0.00376	0.00371	0.00704	0.01062	0.01425	0.46370	0.15117	0.28475	0.00989	0.00502	0.00141	0.00209	0.00862	0.00430	0.00376
66	0.01299	0.00748	0.00858	0.00704	0.00937	0.00763	0.00564	0.28618	0.02305	0.21876	0.07850	0.06199	0.03019	0.00591	0.00404	0.00124	0.00332	0.00481	0.21746	0.00582
67	0.17952	0.00773	0.00923	0.00725	0.01033	0.00745	0.00598	0.10214	0.01185	0.57034	0.01381	0.01250	0.00898	0.00493	0.00389	0.00129	0.00358	0.00381	0.02883	0.00658
68	0.00721	0.00458	0.00503	0.00478	0.00599	0.00442	0.00365	0.05626	0.01049	0.01574	0.24425	0.02520	0.17903	0.00719	0.00403	0.00120	0.00219	0.02115	0.39356	0.00405
69	0.01371	0.01091	0.01123	0.00922	0.01211	0.04884	0.00740	0.43176	0.35290	0.03684	0.01298	0.01239	0.00951	0.00529	0.00422	0.00132	0.00420	0.00415	0.00416	0.00684
70	0.06109	0.00633	0.00782	0.00645	0.00878	0.00589	0.00517	0.06321	0.02350	0.39042	0.22778	0.02072	0.09710	0.00653	0.00433	0.00130	0.00298	0.00542	0.04953	0.00566
71	0.81397	0.00805	0.00646	0.00568	0.00833	0.00917	0.00468	0.01300	0.00754	0.08267	0.00670	0.00742	0.00501	0.00400	0.00273	0.00130	0.00328	0.00243	0.00281	0.00476
72	0.00951	0.00657	0.00756	0.00685	0.00843	0.00682	0.00528	0.26720	0.01253	0.03775	0.10904	0.25420	0.05869	0.02677	0.00521	0.01770	0.00320	0.05340	0.09847	0.00482
73	0.00900	0.00744	0.00896	0.00804	0.00944	0.00871	0.00633	0.12390	0.22317	0.01466	0.04956	0.08740	0.06282	0.03713	0.17276	0.00264	0.15423	0.00541	0.00334	0.00507

[dist]
# distance from previous block
# <min> <max>
2	22

[block]
# block no. 4 follows, 63 sequences, length 11
# corresponding to MSA columns:
# 515-525
name=unknown_E
#
# <colnr> <probs for GDERKNQSTAVLIFYWHMCP>
#	G	D	E	R	K	N	Q	S	T	A	V	L	I	F	Y	W	H	M	C	P
0	0.01091	0.25144	0.12446	0.00870	0.01189	0.06622	0.02615	0.10951	0.21741	0.01490	0.03446	0.04717	0.00972	0.00502	0.00377	0.00121	0.00443	0.00393	0.04289	0.00581
1	0.01034	0.00752	0.00896	0.00658	0.01015	0.00596	0.00532	0.04378	0.00964	0.12614	0.00926	0.01066	0.00736	0.00372	0.00339	0.00078	0.00326	0.02583	0.00297	0.69839
2	0.00530	0.00382	0.00505	0.00593	0.00632	0.00357	0.00413	0.00620	0.00841	0.01117	0.05534	0.70955	0.06277	0.01274	0.00537	0.00170	0.00254	0.08268	0.00393	0.00348
3	0.00511	0.00370	0.00484	0.00575	0.00607	0.00342	0.00386	0.00587	0.00815	0.01077	0.02445	0.79598	0.08051	0.01300	0.00534	0.00169	0.00242	0.01175	0.00390	0.00342
4	0.01109	0.81027	0.06524	0.00745	0.01119	0.01627	0.00764	0.01263	0.00856	0.01007	0.00594	0.00686	0.00539	0.00362	0.00277	0.00092	0.00459	0.00229	0.00180	0.00544
5	0.00565	0.00412	0.00531	0.00586	0.00649	0.00384	0.00412	0.00697	0.02987	0.01203	0.12736	0.60954	0.05071	0.01164	0.00515	0.00159	0.00248	0.04506	0.02098	0.04123
6	0.01444	0.01639	0.01121	0.00999	0.01228	0.55488	0.00762	0.10908	0.15937	0.01371	0.00915	0.00969	0.00719	0.00469	0.00389	0.00116	0.00623	0.00326	0.04036	0.00542
7	0.08487	0.01149	0.01101	0.03043	0.01219	0.19579	0.04818	0.17777	0.19937	0.03765	0.01151	0.05672	0.00954	0.00626	0.02553	0.00148	0.04085	0.03035	0.00331	0.00567
8	0.00771	0.00608	0.00925	0.00815	0.00980	0.00573	0.13265	0.05561	0.03631	0.05173	0.03227	0.45967	0.05009	0.00949	0.00495	0.00151	0.00347	0.03591	0.00361	0.07603
9	0.00843	0.02174	0.83048	0.01198	0.01819	0.00976	0.01553	0.01331	0.00888	0.01331	0.00754	0.00888	0.00533	0.00399	0.00399	0.00133	0.00621	0.00311	0.00178	0.00621
10	0.00856	0.02082	0.75905	0.01249	0.01853	0.00984	0.08603	0.01333	0.00897	0.01333	0.00763	0.00909	0.00542	0.00395	0.00408	0.00134	0.00629	0.00327	0.00181	0.00616

[dist]
# distance from previous block
# <min> <max>
0	1

[block]
# block no. 5 follows, 63 sequences, length 12
# corresponding to MSA columns:
# 527-538
name=unknown_F
#
# <colnr> <probs for GDERKNQSTAVLIFYWHMCP>
#	G	D	E	R	K	N	Q	S	T	A	V	L	I	F	Y	W	H	M	C	P
0	0.01256	0.01320	0.01536	0.01242	0.03155	0.27349	0.26021	0.13492	0.05908	0.03938	0.01054	0.06318	0.02822	0.00505	0.00459	0.00131	0.02207	0.00451	0.00282	0.00555
1	0.01143	0.29467	0.33792	0.00931	0.01372	0.04281	0.01028	0.05381	0.01000	0.13117	0.04156	0.00988	0.00758	0.00429	0.00364	0.00117	0.00506	0.00319	0.00253	0.00598
2	0.00595	0.00439	0.00570	0.00637	0.00707	0.00428	0.00478	0.00784	0.05983	0.01227	0.10288	0.47016	0.06679	0.01172	0.00535	0.00170	0.00280	0.21232	0.00399	0.00380
3	0.01114	0.00880	0.00986	0.00731	0.01082	0.00806	0.00593	0.28191	0.01246	0.01810	0.00858	0.00943	0.00670	0.00383	0.00348	0.00085	0.00358	0.00298	0.03450	0.55166
4	0.04009	0.00791	0.05946	0.00719	0.00869	0.02817	0.00578	0.15004	0.06469	0.03328	0.03581	0.01658	0.01087	0.23486	0.04854	0.08550	0.07848	0.00450	0.07514	0.00442
5	0.00587	0.00401	0.00520	0.00572	0.00632	0.00374	0.00407	0.00703	0.00913	0.03042	0.19067	0.50534	0.06345	0.02982	0.00550	0.00164	0.00247	0.06847	0.04747	0.00366
6	0.01073	0.00937	0.00960	0.00857	0.01094	0.03897	0.00667	0.05614	0.72879	0.01770	0.04325	0.01568	0.01322	0.00572	0.00428	0.00140	0.00349	0.00473	0.00421	0.00652
7	0.00679	0.00445	0.00556	0.00541	0.00657	0.00399	0.00404	0.00827	0.01055	0.09127	0.38377	0.19192	0.22464	0.00973	0.00499	0.00143	0.00230	0.02590	0.00435	0.00406
8	0.35003	0.00753	0.00838	0.00673	0.00973	0.00743	0.00555	0.01737	0.01016	0.51812	0.01247	0.01144	0.00816	0.00470	0.00360	0.00130	0.00345	0.00348	0.00420	0.00616
9	0.00820	0.00676	0.00723	0.00666	0.00819	0.04879	0.00507	0.05735	0.23175	0.01657	0.40145	0.08074	0.06073	0.00767	0.00463	0.00135	0.00282	0.00659	0.03257	0.00487
10	0.00657	0.00492	0.00619	0.00625	0.00730	0.00479	0.01741	0.03687	0.07886	0.02665	0.20451	0.35020	0.14109	0.01044	0.00510	0.00155	0.00267	0.08044	0.00410	0.00410
11	0.53948	0.00859	0.00742	0.00621	0.00909	0.05074	0.00502	0.01298	0.05351	0.04524	0.00730	0.00810	0.00569	0.00387	0.00294	0.00113	0.00345	0.00256	0.00274	0.22394

[dist]
# distance from previous block
# <min> <max>
1	23

[block]
# block no. 6 follows, 63 sequences, length 15
# corresponding to MSA columns:
# 563-577
name=unknown_G
#
# <colnr> <probs for GDERKNQSTAVLIFYWHMCP>
#	G	D	E	R	K	N	Q	S	T	A	V	L	I	F	Y	W	H	M	C	P
0	0.04171	0.07753	0.09173	0.00947	0.03199	0.06214	0.00810	0.37827	0.15472	0.01963	0.01218	0.03872	0.04461	0.00534	0.00407	0.00128	0.00451	0.00414	0.00354	0.00632
1	0.13163	0.29567	0.20199	0.01063	0.07535	0.02626	0.08311	0.03994	0.00916	0.01333	0.00807	0.01123	0.00697	0.00442	0.00361	0.00122	0.00500	0.06469	0.00221	0.00552
2	0.02854	0.05528	0.03568	0.08879	0.55691	0.04833	0.03717	0.01256	0.00943	0.01307	0.00858	0.01248	0.00752	0.01612	0.00440	0.00132	0.00512	0.05048	0.00217	0.00604
3	0.00548	0.00407	0.00511	0.00528	0.00610	0.00370	0.00380	0.00687	0.01015	0.01373	0.40312	0.30942	0.18664	0.01053	0.00510	0.00147	0.00217	0.00932	0.00424	0.00370
4	0.01356	0.00901	0.00997	0.00809	0.01077	0.02709	0.00652	0.34174	0.14345	0.18343	0.13059	0.01635	0.05144	0.00593	0.00433	0.00130	0.00373	0.00479	0.02157	0.00633
5	0.00636	0.00425	0.00562	0.00588	0.00665	0.00401	0.00432	0.00769	0.00959	0.05521	0.28425	0.34930	0.05779	0.05088	0.04286	0.00191	0.00296	0.09260	0.00407	0.00382
6	0.00598	0.00403	0.00532	0.00591	0.00651	0.00376	0.00423	0.00711	0.00904	0.04144	0.15125	0.55926	0.05552	0.01170	0.00523	0.00163	0.00253	0.08922	0.02666	0.00370
7	0.02220	0.00749	0.02170	0.03928	0.01190	0.01866	0.17451	0.06488	0.07500	0.03402	0.21558	0.10075	0.05754	0.02610	0.00553	0.00152	0.03220	0.08278	0.00354	0.00481
8	0.00644	0.00448	0.00578	0.00635	0.00718	0.00442	0.00500	0.00846	0.04700	0.01314	0.12113	0.28181	0.04273	0.01058	0.00512	0.00164	0.00290	0.30973	0.11224	0.00387
9	0.00865	0.08604	0.76808	0.01161	0.01762	0.01029	0.01489	0.01326	0.00885	0.01305	0.00741	0.00871	0.00533	0.00396	0.00389	0.00130	0.00608	0.00304	0.00178	0.00615
10	0.01294	0.16089	0.01304	0.00882	0.01180	0.03353	0.00732	0.33594	0.33479	0.01959	0.01203	0.01165	0.00905	0.00503	0.00396	0.00126	0.00416	0.00387	0.00375	0.00658
11	0.06067	0.00858	0.01392	0.48265	0.27303	0.00974	0.03183	0.04719	0.00924	0.01291	0.00765	0.01066	0.00596	0.00406	0.00412	0.00134	0.00527	0.00369	0.00209	0.00541
12	0.00610	0.00427	0.00539	0.00552	0.00647	0.00390	0.00412	0.00758	0.01022	0.04108	0.35470	0.24173	0.18090	0.01024	0.00508	0.00149	0.00236	0.08325	0.02175	0.00384
13	0.00988	0.01009	0.01493	0.04473	0.01456	0.06570	0.21855	0.03731	0.00877	0.01241	0.00706	0.00965	0.00596	0.00494	0.00756	0.00135	0.30724	0.00367	0.00217	0.21346
14	0.00696	0.00469	0.00576	0.00583	0.00697	0.00442	0.00441	0.00904	0.06296	0.07390	0.20903	0.24921	0.19062	0.00998	0.00498	0.00151	0.00256	0.10036	0.04268	0.00413

[dist]
# distance from previous block
# <min> <max>
0	4

[block]
# block no. 7 follows, 63 sequences, length 32
# corresponding to MSA columns:
# 584-615
name=unknown_H
#
# <colnr> <probs for GDERKNQSTAVLIFYWHMCP>
#	G	D	E	R	K	N	Q	S	T	A	V	L	I	F	Y	W	H	M	C	P
0	0.05383	0.39205	0.11758	0.00877	0.01241	0.05257	0.04330	0.14914	0.03133	0.06472	0.00839	0.03362	0.00685	0.00438	0.00347	0.00113	0.00478	0.00323	0.00261	0.00582
1	0.00847	0.00822	0.03976	0.51452	0.11257	0.00927	0.01959	0.04370	0.03294	0.01194	0.00891	0.01239	0.01959	0.00713	0.08320	0.00191	0.04610	0.01265	0.00215	0.00500
2	0.00562	0.00390	0.00488	0.00545	0.00565	0.00377	0.00353	0.00615	0.00743	0.00991	0.03208	0.46311	0.02280	0.34729	0.01177	0.00266	0.00317	0.05435	0.00337	0.00310
3	0.00918	0.03717	0.69252	0.01220	0.01802	0.00980	0.09196	0.01369	0.00914	0.05614	0.00808	0.00936	0.00570	0.00401	0.00407	0.00133	0.00612	0.00333	0.00199	0.00619
4	0.21796	0.05226	0.12452	0.00987	0.04990	0.05333	0.05529	0.19660	0.05149	0.07316	0.00868	0.00943	0.00645	0.00442	0.00404	0.00127	0.03410	0.00330	0.00297	0.04094
5	0.00608	0.00443	0.00586	0.00620	0.00714	0.00420	0.00497	0.00782	0.01039	0.01400	0.35046	0.12931	0.10664	0.01047	0.00533	0.00161	0.00278	0.31428	0.00419	0.00383
6	0.00574	0.00408	0.00522	0.00593	0.00639	0.00393	0.00420	0.00694	0.02894	0.01123	0.04319	0.52564	0.05302	0.11436	0.00725	0.00198	0.00284	0.13270	0.03291	0.00350
7	0.02498	0.00988	0.08521	0.12014	0.03579	0.07537	0.00802	0.08362	0.05843	0.35363	0.06505	0.01352	0.01049	0.00506	0.00415	0.00129	0.00437	0.00410	0.03073	0.00617
8	0.00576	0.00441	0.00533	0.00553	0.00650	0.00413	0.00409	0.00769	0.05684	0.01329	0.27059	0.27339	0.25078	0.01054	0.00510	0.00151	0.00237	0.06418	0.00414	0.00384
9	0.45070	0.00777	0.00805	0.00656	0.00949	0.00800	0.00542	0.03880	0.00981	0.40087	0.01103	0.01045	0.00738	0.00455	0.00341	0.00130	0.00344	0.00324	0.00387	0.00585
10	0.06992	0.00530	0.00646	0.03167	0.00804	0.00512	0.03060	0.00939	0.06900	0.07227	0.15765	0.20364	0.29674	0.00918	0.00475	0.00145	0.00271	0.00792	0.00393	0.00425
11	0.01260	0.31423	0.23036	0.00971	0.04261	0.01164	0.03557	0.07360	0.01037	0.20752	0.00932	0.00963	0.00678	0.00419	0.00364	0.00116	0.00484	0.00320	0.00280	0.00621
12	0.66086	0.00788	0.00709	0.00603	0.00880	0.00860	0.00497	0.01444	0.00840	0.22638	0.00860	0.00874	0.00605	0.00424	0.00302	0.00130	0.00334	0.00278	0.00327	0.00522
13	0.10396	0.00586	0.00622	0.00543	0.00726	0.00599	0.00430	0.08798	0.03627	0.16496	0.01316	0.01396	0.00977	0.00489	0.00330	0.00111	0.00269	0.00381	0.51412	0.00497
14	0.02209	0.01034	0.06906	0.03814	0.32142	0.04941	0.06015	0.01250	0.02436	0.05636	0.03544	0.03723	0.00882	0.00547	0.00653	0.00145	0.20056	0.03258	0.00242	0.00566
15	0.02225	0.00864	0.04376	0.20373	0.08119	0.00853	0.22840	0.01220	0.04863	0.05891	0.19571	0.01598	0.01429	0.00521	0.00488	0.00138	0.03321	0.00499	0.00289	0.00522
16	0.00533	0.00413	0.00486	0.00506	0.00604	0.00366	0.00369	0.00658	0.00982	0.01273	0.25029	0.25019	0.37829	0.01077	0.00509	0.00148	0.00222	0.03201	0.00410	0.00364
17	0.03745	0.00814	0.01313	0.40303	0.11183	0.00980	0.05675	0.01131	0.00823	0.05048	0.00782	0.01107	0.00628	0.00669	0.06342	0.00184	0.18180	0.00383	0.00211	0.00499
18	0.08036	0.19886	0.21222	0.04568	0.11778	0.05758	0.07928	0.01368	0.05894	0.04595	0.00875	0.03496	0.00719	0.00440	0.00380	0.00124	0.00514	0.01613	0.00233	0.00572
19	0.00689	0.00926	0.21698	0.00746	0.02004	0.00604	0.00708	0.04743	0.04855	0.01278	0.05177	0.22145	0.24566	0.06157	0.00577	0.00163	0.00360	0.01822	0.00331	0.00452
20	0.00599	0.00428	0.00587	0.00681	0.00745	0.00416	0.00538	0.00737	0.00897	0.01181	0.03961	0.41919	0.02619	0.01227	0.00558	0.00182	0.00317	0.41651	0.00390	0.00366
21	0.01090	0.54305	0.10699	0.01061	0.11424	0.07269	0.03587	0.01281	0.00898	0.01092	0.00700	0.03582	0.00633	0.00403	0.00326	0.00105	0.00498	0.00298	0.00194	0.00555
22	0.14493	0.02698	0.13269	0.15946	0.11645	0.05417	0.06584	0.08380	0.01015	0.10055	0.00971	0.03037	0.02006	0.00467	0.00400	0.00133	0.00498	0.02151	0.00271	0.00564
23	0.00999	0.00973	0.21645	0.00768	0.01067	0.00637	0.00758	0.01320	0.06247	0.21564	0.32214	0.02098	0.06624	0.00652	0.00449	0.00133	0.00354	0.00552	0.00398	0.00547
24	0.00588	0.00441	0.00547	0.00535	0.00637	0.00411	0.00395	0.00798	0.04683	0.01515	0.55051	0.14760	0.16181	0.00944	0.00499	0.00140	0.00213	0.00829	0.00439	0.00394
25	0.00843	0.00795	0.01351	0.59029	0.20891	0.00922	0.02971	0.01109	0.00873	0.01153	0.00846	0.03781	0.00703	0.00455	0.00429	0.00139	0.00536	0.02463	0.00204	0.00509
26	0.10930	0.08312	0.17799	0.12278	0.18155	0.07203	0.06837	0.03712	0.02775	0.06984	0.00818	0.00973	0.00621	0.00407	0.00387	0.00127	0.00528	0.00339	0.00236	0.00581
27	0.01079	0.00893	0.01193	0.20872	0.09256	0.06065	0.00901	0.08346	0.02281	0.09561	0.00828	0.01088	0.00667	0.00677	0.02366	0.08551	0.24245	0.00374	0.00249	0.00507
28	0.39715	0.03790	0.00816	0.00669	0.00924	0.03962	0.00545	0.03973	0.13474	0.16528	0.01196	0.01268	0.03753	0.00501	0.00346	0.00131	0.00349	0.02999	0.04523	0.00538
29	0.06780	0.01158	0.15004	0.08912	0.23477	0.07283	0.02344	0.07449	0.03444	0.07313	0.05161	0.05753	0.02294	0.00505	0.00424	0.00132	0.01284	0.00428	0.00276	0.00580
30	0.06902	0.06740	0.03402	0.17068	0.24274	0.01794	0.02197	0.02208	0.03523	0.04450	0.03887	0.04681	0.04341	0.00509	0.00463	0.00130	0.05647	0.01201	0.00254	0.06329
31	0.00677	0.00516	0.00734	0.20079	0.01211	0.00530	0.00620	0.00839	0.00901	0.03936	0.09928	0.28856	0.08739	0.03348	0.00540	0.00161	0.00345	0.13116	0.00343	0.04582

[dist]
# distance from previous block
# <min> <max>
0	33

# created by:
# /home/cegg/simao/soft/augustus-3.2.1/scripts/msa2prfl.pl ./align_prep/EOG092C4S0G.fa
