[name]
unknown

[dist]
# distance from previous block
# <min> <max>
0	94

[block]
# block no. 0 follows, 64 sequences, length 7
# corresponding to MSA columns:
# 94-100
name=unknown_A
#
# <colnr> <probs for GDERKNQSTAVLIFYWHMCP>
#	G	D	E	R	K	N	Q	S	T	A	V	L	I	F	Y	W	H	M	C	P
0	0.00669	0.00478	0.00669	0.00765	0.00861	0.00478	0.00669	0.00861	0.00956	0.01243	0.02199	0.04685	0.02391	0.01147	0.00574	0.00191	0.00382	0.80015	0.00382	0.00382
1	0.38209	0.00762	0.00808	0.00745	0.06117	0.00779	0.00553	0.01401	0.07558	0.17787	0.07864	0.01148	0.00963	0.00452	0.00339	0.00120	0.00327	0.00340	0.00334	0.13395
2	0.01051	0.00827	0.01075	0.09966	0.11333	0.03006	0.03345	0.04208	0.19949	0.11289	0.09917	0.01387	0.01174	0.00481	0.00403	0.00117	0.00385	0.00415	0.00334	0.19336
3	0.18321	0.09963	0.06382	0.03090	0.11041	0.00897	0.06340	0.01241	0.07312	0.05388	0.10530	0.01331	0.01099	0.06119	0.01813	0.00150	0.02366	0.00394	0.00278	0.05945
4	0.01049	0.00965	0.01492	0.02065	0.60158	0.00976	0.01098	0.06359	0.11792	0.01486	0.00912	0.01082	0.00739	0.00399	0.00405	0.00121	0.00454	0.00373	0.00251	0.07826
5	0.08549	0.01113	0.01485	0.02026	0.57052	0.11227	0.01095	0.09920	0.01062	0.01493	0.00770	0.00960	0.00630	0.00392	0.00394	0.00122	0.00507	0.00346	0.00234	0.00624
6	0.10519	0.01556	0.31117	0.01155	0.09354	0.15016	0.01062	0.11113	0.01043	0.04202	0.00762	0.00882	0.00576	0.00429	0.00435	0.00125	0.05564	0.00310	0.00238	0.04540

[dist]
# distance from previous block
# <min> <max>
8	25

[block]
# block no. 1 follows, 64 sequences, length 23
# corresponding to MSA columns:
# 126-148
name=unknown_B
#
# <colnr> <probs for GDERKNQSTAVLIFYWHMCP>
#	G	D	E	R	K	N	Q	S	T	A	V	L	I	F	Y	W	H	M	C	P
0	0.02730	0.04298	0.01071	0.01005	0.05629	0.52177	0.00729	0.03878	0.01110	0.01146	0.04245	0.08275	0.06510	0.00594	0.00408	0.00121	0.00589	0.04751	0.00264	0.00470
1	0.00720	0.00601	0.00922	0.02930	0.14147	0.00575	0.07578	0.00938	0.04074	0.02967	0.26437	0.22523	0.09366	0.00811	0.00475	0.00139	0.00320	0.00740	0.00358	0.03379
2	0.00904	0.00854	0.01394	0.44631	0.28838	0.00998	0.01152	0.03533	0.00878	0.01197	0.00736	0.01053	0.00591	0.00442	0.00532	0.00138	0.11028	0.00369	0.00198	0.00532
3	0.00670	0.00498	0.00607	0.00568	0.00694	0.00486	0.00432	0.00997	0.12796	0.03295	0.59821	0.02964	0.11474	0.00827	0.00480	0.00134	0.00223	0.02155	0.00445	0.00432
4	0.01028	0.00987	0.01686	0.02550	0.82811	0.00987	0.01275	0.01275	0.00946	0.01357	0.00781	0.01028	0.00658	0.00370	0.00411	0.00123	0.00493	0.00370	0.00206	0.00658
5	0.88336	0.00803	0.00611	0.00546	0.00803	0.00932	0.00450	0.01221	0.00707	0.01864	0.00578	0.00675	0.00450	0.00386	0.00257	0.00129	0.00321	0.00225	0.00257	0.00450
6	0.00825	0.02018	0.76366	0.01138	0.01712	0.00934	0.01447	0.01310	0.03104	0.01347	0.05367	0.01020	0.00737	0.00425	0.00401	0.00132	0.00583	0.00336	0.00198	0.00603
7	0.01552	0.01980	0.01177	0.01070	0.01284	0.83735	0.00803	0.01659	0.01177	0.01017	0.00642	0.00749	0.00535	0.00428	0.00375	0.00107	0.00749	0.00268	0.00214	0.00482
8	0.00604	0.00403	0.00453	0.00453	0.00453	0.00403	0.00252	0.00604	0.00604	0.00805	0.01309	0.02718	0.01510	0.85402	0.02114	0.00403	0.00403	0.00604	0.00252	0.00252
9	0.00593	0.00445	0.00668	0.00668	0.00742	0.00519	0.00519	0.00742	0.00668	0.00964	0.01113	0.01632	0.01038	0.03115	0.83756	0.00668	0.01113	0.00445	0.00223	0.00371
10	0.00774	0.00721	0.01208	0.79838	0.02739	0.00894	0.01112	0.01046	0.00849	0.01094	0.05194	0.01216	0.00737	0.00439	0.00419	0.00138	0.00534	0.00390	0.00199	0.00458
11	0.01260	0.51141	0.01765	0.00818	0.01142	0.12493	0.00735	0.17803	0.06881	0.01373	0.00751	0.00808	0.00621	0.00409	0.00323	0.00102	0.00479	0.00277	0.00249	0.00571
12	0.07258	0.00740	0.00954	0.00740	0.01056	0.00675	0.00610	0.05741	0.03451	0.71914	0.01543	0.01351	0.00983	0.00507	0.00408	0.00129	0.00356	0.00405	0.00491	0.00689
13	0.01049	0.00994	0.01669	0.02489	0.79729	0.00998	0.01256	0.04305	0.00984	0.01405	0.00789	0.01027	0.00660	0.00375	0.00411	0.00123	0.00492	0.00370	0.00214	0.00660
14	0.01029	0.06942	0.01675	0.18056	0.43444	0.01031	0.11372	0.04637	0.02854	0.03782	0.00822	0.01052	0.00653	0.00389	0.00412	0.00127	0.00519	0.00379	0.00223	0.00602
15	0.00928	0.00499	0.00656	0.00577	0.00736	0.00447	0.00447	0.01104	0.01152	0.23900	0.52624	0.05492	0.08184	0.00786	0.00472	0.00132	0.00242	0.00683	0.00466	0.00474
16	0.02711	0.00972	0.01589	0.08061	0.55232	0.02108	0.07350	0.06015	0.01022	0.09614	0.00876	0.01068	0.00683	0.00395	0.00415	0.00126	0.00498	0.00380	0.00249	0.00638
17	0.00846	0.00734	0.01146	0.25423	0.06982	0.00825	0.09444	0.01166	0.11851	0.03740	0.05872	0.05252	0.01113	0.11158	0.02867	0.02939	0.07419	0.00487	0.00265	0.00472
18	0.00553	0.00412	0.00563	0.00669	0.05081	0.00386	0.00434	0.00664	0.00895	0.01217	0.20688	0.59673	0.04922	0.01141	0.00513	0.00157	0.00244	0.01030	0.00392	0.00368
19	0.01328	0.01528	0.01386	0.04183	0.28303	0.45906	0.03047	0.05456	0.01112	0.01218	0.00712	0.00878	0.00587	0.00416	0.00413	0.00117	0.02320	0.00318	0.00220	0.00552
20	0.00661	0.02288	0.00691	0.04050	0.00894	0.00508	0.00625	0.00862	0.03033	0.01234	0.05701	0.12807	0.07354	0.01084	0.00544	0.00177	0.00355	0.56368	0.00375	0.00390
21	0.00548	0.00399	0.00544	0.00596	0.00640	0.00409	0.00423	0.00644	0.00744	0.01011	0.01873	0.44211	0.05095	0.09722	0.28669	0.00358	0.00552	0.02902	0.00318	0.00342
22	0.01181	0.01145	0.01432	0.06050	0.44396	0.13998	0.01051	0.13405	0.10450	0.01521	0.00894	0.01044	0.00711	0.00423	0.00408	0.00124	0.00512	0.00366	0.00262	0.00627

[dist]
# distance from previous block
# <min> <max>
0	4

[block]
# block no. 2 follows, 64 sequences, length 10
# corresponding to MSA columns:
# 153-162
name=unknown_C
#
# <colnr> <probs for GDERKNQSTAVLIFYWHMCP>
#	G	D	E	R	K	N	Q	S	T	A	V	L	I	F	Y	W	H	M	C	P
0	0.21305	0.15507	0.14624	0.00946	0.06006	0.01090	0.03892	0.10153	0.12457	0.08896	0.00925	0.00969	0.00691	0.00429	0.00354	0.00124	0.00433	0.00324	0.00289	0.00587
1	0.78244	0.00830	0.00667	0.00588	0.00848	0.00959	0.00482	0.06097	0.05327	0.01902	0.00666	0.00743	0.00511	0.00402	0.00276	0.00129	0.00330	0.00248	0.00276	0.00477
2	0.07855	0.00939	0.01461	0.15149	0.53795	0.00995	0.01124	0.06505	0.05581	0.01453	0.00824	0.01041	0.00663	0.00398	0.00401	0.00127	0.00478	0.00364	0.00232	0.00614
3	0.06591	0.00813	0.04767	0.00749	0.01086	0.00683	0.00642	0.07065	0.01159	0.59841	0.01390	0.01255	0.00903	0.00476	0.00395	0.00121	0.00365	0.00379	0.00446	0.10876
4	0.00771	0.00781	0.04409	0.06091	0.15568	0.00720	0.15112	0.01090	0.09162	0.01339	0.12729	0.02301	0.26849	0.00667	0.00461	0.00136	0.00394	0.00608	0.00316	0.00496
5	0.00799	0.00751	0.01234	0.63977	0.07641	0.00935	0.01088	0.01045	0.00805	0.01066	0.00748	0.01120	0.00595	0.00645	0.06668	0.00181	0.09671	0.00374	0.00188	0.00467
6	0.01407	0.29337	0.01504	0.00953	0.01213	0.56895	0.00773	0.01523	0.01068	0.01004	0.00621	0.00722	0.00534	0.00404	0.00339	0.00101	0.00649	0.00253	0.00202	0.00498
7	0.01428	0.00800	0.01195	0.09986	0.24867	0.00775	0.00857	0.05723	0.01120	0.42519	0.05500	0.01337	0.01006	0.00479	0.00419	0.00128	0.00412	0.00414	0.00383	0.00651
8	0.01199	0.19494	0.07203	0.07916	0.17162	0.09308	0.07721	0.04260	0.00990	0.14126	0.00865	0.01013	0.00671	0.02068	0.00458	0.00126	0.04242	0.00345	0.00253	0.00579
9	0.88336	0.00803	0.00611	0.00546	0.00803	0.00932	0.00450	0.01221	0.00707	0.01864	0.00578	0.00675	0.00450	0.00386	0.00257	0.00129	0.00321	0.00225	0.00257	0.00450

[dist]
# distance from previous block
# <min> <max>
0	1

[block]
# block no. 3 follows, 64 sequences, length 13
# corresponding to MSA columns:
# 164-175,177
name=unknown_D
#
# <colnr> <probs for GDERKNQSTAVLIFYWHMCP>
#	G	D	E	R	K	N	Q	S	T	A	V	L	I	F	Y	W	H	M	C	P
0	0.01048	0.20455	0.15511	0.05483	0.32009	0.09763	0.04097	0.01320	0.02804	0.01228	0.02143	0.00946	0.00659	0.00391	0.00377	0.00117	0.00531	0.00328	0.00204	0.00586
1	0.00517	0.00466	0.03043	0.00484	0.00615	0.00373	0.00375	0.00641	0.00950	0.01190	0.14231	0.17163	0.56400	0.01045	0.00494	0.00143	0.00226	0.00892	0.00389	0.00362
2	0.00691	0.00579	0.00620	0.00589	0.00749	0.00589	0.00447	0.01172	0.28705	0.01405	0.14133	0.07764	0.39218	0.00871	0.00470	0.00141	0.00251	0.00738	0.00408	0.00461
3	0.00943	0.01000	0.04799	0.14169	0.40322	0.00960	0.24119	0.01226	0.00941	0.01302	0.02619	0.01210	0.03638	0.00406	0.00438	0.00131	0.00550	0.00428	0.00214	0.00583
4	0.01753	0.00773	0.03745	0.00753	0.01088	0.00642	0.00640	0.04609	0.01183	0.72263	0.01528	0.01345	0.00973	0.00496	0.00410	0.00124	0.00363	0.00401	0.00482	0.06429
5	0.07539	0.00713	0.00941	0.00726	0.01043	0.00632	0.00600	0.01972	0.01157	0.77767	0.01569	0.01365	0.00990	0.00506	0.00407	0.00129	0.00351	0.00405	0.00497	0.00690
6	0.01243	0.06681	0.11422	0.00928	0.06230	0.00913	0.00784	0.19719	0.08629	0.18328	0.08672	0.01275	0.01073	0.00485	0.00397	0.00118	0.00402	0.00391	0.00359	0.11953
7	0.00586	0.00400	0.00502	0.00522	0.00540	0.00409	0.00333	0.00622	0.00653	0.00884	0.01452	0.19383	0.01648	0.49815	0.16836	0.03673	0.00499	0.00684	0.00271	0.00289
8	0.00980	0.01120	0.02451	0.01751	0.02171	0.01050	0.81303	0.01331	0.00980	0.01331	0.00840	0.01120	0.00630	0.00350	0.00490	0.00140	0.00700	0.00490	0.00210	0.00560
9	0.06825	0.12557	0.01360	0.01035	0.08311	0.03357	0.00796	0.54221	0.04066	0.02172	0.00908	0.00946	0.00676	0.00461	0.00384	0.00120	0.00454	0.00344	0.00350	0.00656
10	0.08653	0.00870	0.01207	0.28035	0.19676	0.00972	0.00943	0.12427	0.13180	0.06072	0.03277	0.01177	0.00817	0.00454	0.00404	0.00132	0.00452	0.00386	0.00289	0.00579
11	0.01023	0.35033	0.31025	0.00977	0.03232	0.01216	0.04134	0.03141	0.07789	0.04885	0.00856	0.03464	0.00693	0.00426	0.00356	0.00116	0.00496	0.00329	0.00226	0.00582
12	0.00824	0.06284	0.00760	0.00667	0.05366	0.00544	0.00482	0.01003	0.02889	0.14024	0.31641	0.07867	0.24418	0.00814	0.00460	0.00132	0.00264	0.00697	0.00408	0.00457

[dist]
# distance from previous block
# <min> <max>
1	3

[block]
# block no. 4 follows, 64 sequences, length 54
# corresponding to MSA columns:
# 181-234
name=unknown_E
#
# <colnr> <probs for GDERKNQSTAVLIFYWHMCP>
#	G	D	E	R	K	N	Q	S	T	A	V	L	I	F	Y	W	H	M	C	P
0	0.01083	0.08126	0.01220	0.00982	0.06113	0.12187	0.07938	0.05738	0.23574	0.03872	0.05605	0.03528	0.02141	0.00490	0.00395	0.00116	0.00432	0.00412	0.00313	0.15736
1	0.22156	0.00730	0.00881	0.00694	0.01000	0.00686	0.00573	0.01836	0.01076	0.64036	0.01390	0.01240	0.00892	0.00484	0.00380	0.00129	0.00346	0.00372	0.00454	0.00647
2	0.00764	0.00703	0.01166	0.72366	0.03993	0.00857	0.01060	0.01030	0.00876	0.01143	0.11072	0.01358	0.00980	0.00469	0.00425	0.00137	0.00507	0.00417	0.00219	0.00456
3	0.00542	0.00423	0.00492	0.00475	0.00592	0.00372	0.00356	0.00695	0.01068	0.01409	0.45587	0.03525	0.41085	0.00945	0.00490	0.00135	0.00203	0.00810	0.00423	0.00372
4	0.00979	0.08573	0.37421	0.01373	0.03195	0.01036	0.33955	0.01356	0.00936	0.06025	0.00822	0.00992	0.00600	0.00380	0.00425	0.00131	0.00618	0.00382	0.00210	0.00591
5	0.00922	0.00762	0.00886	0.00637	0.01003	0.00597	0.00512	0.05686	0.00931	0.03043	0.00771	0.00880	0.00629	0.00323	0.00316	0.00066	0.00317	0.00257	0.00261	0.81201
6	0.01333	0.40955	0.01645	0.00903	0.01179	0.43861	0.00762	0.01452	0.01011	0.00998	0.00610	0.00714	0.00534	0.00400	0.00344	0.00100	0.02249	0.00248	0.00196	0.00505
7	0.00789	0.00743	0.01255	0.82715	0.04510	0.00924	0.01156	0.01066	0.00833	0.01067	0.00739	0.01106	0.00556	0.00414	0.00415	0.00138	0.00552	0.00369	0.00185	0.00465
8	0.00897	0.00853	0.01449	0.46643	0.39743	0.00952	0.01209	0.01160	0.00884	0.01198	0.00758	0.01071	0.00602	0.00394	0.00413	0.00131	0.00526	0.00370	0.00194	0.00552
9	0.00722	0.00361	0.00541	0.00541	0.00541	0.00361	0.00361	0.00541	0.00541	0.00722	0.00722	0.01263	0.00722	0.01443	0.01623	0.87915	0.00361	0.00361	0.00180	0.00180
10	0.00604	0.00403	0.00453	0.00453	0.00453	0.00403	0.00252	0.00604	0.00604	0.00805	0.01309	0.02718	0.01510	0.85402	0.02114	0.00403	0.00403	0.00604	0.00252	0.00252
11	0.54071	0.01046	0.05569	0.00748	0.01027	0.09844	0.03858	0.04307	0.13207	0.01728	0.00790	0.00857	0.00604	0.00420	0.00318	0.00129	0.00405	0.00288	0.00277	0.00508
12	0.01552	0.01980	0.01177	0.01070	0.01284	0.83735	0.00803	0.01659	0.01177	0.01017	0.00642	0.00749	0.00535	0.00428	0.00375	0.00107	0.00749	0.00268	0.00214	0.00482
13	0.01111	0.00931	0.00983	0.00861	0.01110	0.01070	0.00676	0.13574	0.70567	0.01864	0.01591	0.01470	0.01187	0.00554	0.00422	0.00139	0.00347	0.00456	0.00422	0.00664
14	0.00784	0.00738	0.01246	0.84404	0.02861	0.00923	0.01154	0.01061	0.00831	0.01061	0.00738	0.01107	0.00554	0.00415	0.00415	0.00138	0.00554	0.00369	0.00185	0.00461
15	0.00613	0.00451	0.00577	0.00541	0.00646	0.00428	0.00407	0.00863	0.05677	0.01670	0.78090	0.03016	0.03772	0.00833	0.00486	0.00131	0.00203	0.00736	0.00455	0.00407
16	0.00501	0.00421	0.00435	0.00431	0.00567	0.00355	0.00324	0.00616	0.00971	0.01179	0.12358	0.03904	0.74457	0.01031	0.00491	0.00139	0.00209	0.00864	0.00393	0.00355
17	0.14053	0.01076	0.01133	0.00880	0.01201	0.01184	0.00727	0.63729	0.01715	0.08780	0.00987	0.00983	0.00695	0.00484	0.00393	0.00126	0.00430	0.00356	0.00400	0.00670
18	0.00980	0.01120	0.02451	0.01751	0.02171	0.01050	0.81303	0.01331	0.00980	0.01331	0.00840	0.01120	0.00630	0.00350	0.00490	0.00140	0.00700	0.00490	0.00210	0.00560
19	0.01050	0.46341	0.16991	0.01051	0.11522	0.01339	0.00928	0.03768	0.09578	0.01225	0.00769	0.00859	0.00633	0.00390	0.00330	0.00107	0.00468	0.00288	0.00215	0.02148
20	0.01641	0.00851	0.05710	0.00793	0.01116	0.00745	0.00681	0.10406	0.10482	0.58128	0.03940	0.01405	0.01079	0.00521	0.00419	0.00130	0.00372	0.00423	0.00472	0.00686
21	0.00506	0.00361	0.00482	0.00578	0.00602	0.00337	0.00386	0.00578	0.00795	0.01060	0.02289	0.85131	0.02747	0.01301	0.00530	0.00169	0.00241	0.01181	0.00386	0.00337
22	0.01185	0.22633	0.08755	0.00978	0.02468	0.12771	0.06891	0.11616	0.24375	0.02813	0.01014	0.01043	0.00783	0.00449	0.00378	0.00120	0.00489	0.00352	0.00291	0.00597
23	0.02736	0.02314	0.01196	0.00959	0.01138	0.02199	0.02228	0.19516	0.01100	0.21803	0.00977	0.01161	0.00757	0.00612	0.00824	0.00152	0.36676	0.02752	0.00325	0.00576
24	0.00604	0.00403	0.00453	0.00453	0.00453	0.00403	0.00252	0.00604	0.00604	0.00805	0.01309	0.02718	0.01510	0.85402	0.02114	0.00403	0.00403	0.00604	0.00252	0.00252
25	0.00790	0.00749	0.01280	0.82045	0.02841	0.00926	0.03441	0.01069	0.00835	0.01069	0.00741	0.01108	0.00556	0.00413	0.00417	0.00138	0.00558	0.00373	0.00185	0.00464
26	0.06442	0.13284	0.35573	0.00972	0.01395	0.01108	0.02099	0.09083	0.23077	0.01540	0.00994	0.01033	0.00743	0.00444	0.00379	0.00127	0.00481	0.00343	0.00271	0.00612
27	0.01796	0.00832	0.01029	0.00793	0.01114	0.02484	0.00653	0.19112	0.01353	0.64065	0.01480	0.01310	0.00949	0.00509	0.00416	0.00127	0.00384	0.00405	0.00487	0.00702
28	0.00573	0.00415	0.00548	0.00611	0.00680	0.00394	0.00467	0.00704	0.00916	0.01216	0.15627	0.36656	0.09580	0.03666	0.00581	0.00174	0.00281	0.26158	0.00392	0.00359
29	0.25195	0.03272	0.05617	0.00940	0.08693	0.05610	0.03279	0.04471	0.03433	0.32681	0.01079	0.01071	0.00749	0.00483	0.01578	0.00134	0.00423	0.00343	0.00350	0.00598
30	0.01083	0.13798	0.45537	0.01094	0.03592	0.01057	0.05174	0.08749	0.03654	0.11119	0.00887	0.00959	0.00636	0.00415	0.00387	0.00125	0.00536	0.00330	0.00248	0.00622
31	0.00987	0.00964	0.01605	0.14099	0.44727	0.02284	0.12904	0.01371	0.11766	0.01354	0.01984	0.01144	0.00760	0.00412	0.00440	0.00131	0.01822	0.00404	0.00235	0.00605
32	0.01153	0.01991	0.07135	0.01273	0.18155	0.00788	0.12919	0.06483	0.01999	0.22679	0.07079	0.10280	0.03456	0.00582	0.00446	0.00135	0.00434	0.02081	0.00345	0.00588
33	0.01302	0.08908	0.04936	0.04867	0.28234	0.17665	0.02000	0.09435	0.01105	0.13907	0.00879	0.00990	0.00670	0.00428	0.00420	0.00121	0.02915	0.00342	0.00270	0.00607
34	0.01122	0.83558	0.02152	0.00720	0.01072	0.03698	0.00713	0.01254	0.00852	0.00978	0.00579	0.00668	0.00533	0.00357	0.00269	0.00089	0.00452	0.00223	0.00179	0.00532
35	0.00972	0.00829	0.00918	0.00684	0.01033	0.02758	0.00547	0.09929	0.08092	0.01517	0.00847	0.00934	0.00680	0.00354	0.00331	0.00076	0.00337	0.00280	0.00279	0.68602
36	0.00669	0.00538	0.00723	0.03082	0.00842	0.03915	0.00557	0.03367	0.00734	0.01022	0.01079	0.01561	0.00994	0.02846	0.75348	0.00612	0.01061	0.00433	0.00227	0.00389
37	0.01266	0.01070	0.01645	0.06650	0.05067	0.01116	0.28828	0.34814	0.07963	0.05800	0.01004	0.01113	0.00729	0.00442	0.00442	0.00132	0.00534	0.00424	0.00326	0.00634
38	0.00588	0.00424	0.00550	0.00524	0.00611	0.00403	0.00385	0.00757	0.01067	0.01502	0.65343	0.02960	0.05086	0.10396	0.07407	0.00204	0.00293	0.00713	0.00414	0.00374
39	0.00515	0.00371	0.00489	0.00567	0.00603	0.00344	0.00384	0.00603	0.00845	0.01134	0.11829	0.72817	0.05479	0.01240	0.00524	0.00163	0.00235	0.01120	0.00394	0.00344
40	0.00511	0.00365	0.00488	0.00584	0.00611	0.00342	0.00395	0.00587	0.00800	0.01066	0.02286	0.82560	0.02736	0.01296	0.00532	0.00169	0.00246	0.03700	0.00385	0.00339
41	0.00924	0.00881	0.01498	0.37522	0.48652	0.00960	0.01223	0.01184	0.00897	0.01231	0.00763	0.01062	0.00613	0.00389	0.00413	0.00130	0.00519	0.00370	0.00197	0.00574
42	0.01012	0.00912	0.01387	0.36989	0.04273	0.01031	0.13853	0.15268	0.18043	0.01524	0.01000	0.01181	0.00745	0.00449	0.00429	0.00136	0.00512	0.00410	0.00279	0.00566
43	0.01534	0.01871	0.01198	0.01142	0.05962	0.75622	0.00822	0.01651	0.01164	0.04350	0.00690	0.00792	0.00562	0.00428	0.00378	0.00109	0.00718	0.00279	0.00226	0.00501
44	0.01025	0.00995	0.01730	0.02504	0.78175	0.00991	0.05876	0.01278	0.00948	0.01355	0.00785	0.01033	0.00656	0.00369	0.00416	0.00124	0.00505	0.00377	0.00206	0.00652
45	0.00506	0.00361	0.00482	0.00578	0.00602	0.00337	0.00386	0.00578	0.00795	0.01060	0.02289	0.85131	0.02747	0.01301	0.00530	0.00169	0.00241	0.01181	0.00386	0.00337
46	0.00861	0.00738	0.00861	0.00615	0.00984	0.00554	0.00492	0.01046	0.00861	0.01354	0.00738	0.00861	0.00615	0.00308	0.00308	0.00062	0.00308	0.00246	0.00246	0.87941
47	0.00651	0.00465	0.00648	0.00740	0.00829	0.00462	0.00634	0.00831	0.00947	0.01238	0.04606	0.12328	0.02470	0.01153	0.00567	0.00187	0.00363	0.70115	0.00385	0.00378
48	0.09345	0.01082	0.01151	0.00895	0.01213	0.01192	0.00737	0.65390	0.04553	0.07367	0.02341	0.01047	0.00774	0.00497	0.00403	0.00126	0.00430	0.00373	0.00408	0.00677
49	0.00506	0.00361	0.00482	0.00578	0.00602	0.00337	0.00386	0.00578	0.00795	0.01060	0.02289	0.85131	0.02747	0.01301	0.00530	0.00169	0.00241	0.01181	0.00386	0.00337
50	0.00505	0.00392	0.00461	0.00506	0.00586	0.00347	0.00355	0.00601	0.00889	0.01131	0.08926	0.43794	0.37704	0.01160	0.00510	0.00154	0.00224	0.01017	0.00391	0.00347
51	0.00975	0.19850	0.12286	0.26594	0.03026	0.02443	0.15662	0.05869	0.04824	0.01248	0.00777	0.00985	0.00603	0.00407	0.00418	0.00127	0.02798	0.00354	0.00212	0.00541
52	0.01019	0.49327	0.29541	0.00895	0.01330	0.01354	0.02128	0.03895	0.03494	0.01186	0.02031	0.00823	0.00617	0.00388	0.00327	0.00108	0.00498	0.00276	0.00197	0.00568
53	0.24692	0.06344	0.06619	0.01077	0.17005	0.06438	0.00762	0.02653	0.02120	0.11622	0.00839	0.00950	0.00649	0.00552	0.05137	0.00147	0.00461	0.00307	0.00267	0.11358

[dist]
# distance from previous block
# <min> <max>
2	11

[block]
# block no. 5 follows, 64 sequences, length 28
# corresponding to MSA columns:
# 246-273
name=unknown_F
#
# <colnr> <probs for GDERKNQSTAVLIFYWHMCP>
#	G	D	E	R	K	N	Q	S	T	A	V	L	I	F	Y	W	H	M	C	P
0	0.10485	0.00931	0.02631	0.05446	0.03536	0.01085	0.04409	0.19327	0.07629	0.03414	0.01025	0.04721	0.04053	0.00608	0.00727	0.00150	0.28576	0.00422	0.00289	0.00538
1	0.03313	0.02514	0.03128	0.09669	0.15297	0.02701	0.11781	0.02761	0.04349	0.07988	0.03241	0.01224	0.00830	0.00432	0.00422	0.00116	0.02757	0.03362	0.00266	0.23848
2	0.01326	0.00841	0.01247	0.11715	0.22783	0.02309	0.04600	0.01656	0.10931	0.33919	0.03539	0.01313	0.00955	0.00470	0.00421	0.00130	0.00431	0.00416	0.00360	0.00638
3	0.01206	0.00855	0.01286	0.01444	0.29902	0.00833	0.06045	0.12943	0.01158	0.19287	0.08244	0.03836	0.01163	0.00518	0.00430	0.00127	0.00422	0.04019	0.00341	0.05942
4	0.00902	0.08334	0.01195	0.08433	0.21461	0.05478	0.00850	0.05109	0.00955	0.01245	0.02533	0.04375	0.11657	0.00686	0.00553	0.00144	0.10363	0.14957	0.00273	0.00496
5	0.00801	0.00583	0.00697	0.03584	0.03880	0.00557	0.00500	0.01112	0.14901	0.10144	0.05812	0.15589	0.31164	0.00830	0.00456	0.00136	0.00281	0.00710	0.00383	0.07879
6	0.00646	0.00468	0.00563	0.00554	0.00668	0.00444	0.00409	0.00888	0.09247	0.04888	0.33374	0.22713	0.21641	0.00961	0.00490	0.00143	0.00230	0.00840	0.00422	0.00410
7	0.00864	0.12495	0.56373	0.01033	0.01520	0.01006	0.01231	0.01347	0.10266	0.01300	0.00964	0.08068	0.00801	0.00486	0.00393	0.00130	0.00528	0.00389	0.00222	0.00585
8	0.01190	0.00832	0.00922	0.00796	0.01036	0.02044	0.00627	0.09013	0.47251	0.17681	0.10165	0.03896	0.01481	0.00596	0.00430	0.00136	0.00334	0.00497	0.00440	0.00632
9	0.01048	0.07520	0.54544	0.01087	0.01601	0.01023	0.03762	0.12672	0.02199	0.08326	0.01895	0.00970	0.00651	0.00423	0.00395	0.00128	0.00552	0.00333	0.00246	0.00625
10	0.02626	0.00876	0.00985	0.00764	0.02482	0.00818	0.00603	0.23192	0.09525	0.01749	0.00905	0.00969	0.00705	0.00389	0.00350	0.00089	0.00354	0.00306	0.00310	0.52001
11	0.00602	0.00410	0.00488	0.00488	0.00501	0.00422	0.00296	0.00627	0.00615	0.00832	0.01276	0.02539	0.01432	0.71818	0.15592	0.00446	0.00520	0.00578	0.00247	0.00271
12	0.13882	0.08035	0.11820	0.02190	0.01219	0.01031	0.00785	0.28006	0.02997	0.22320	0.01076	0.01063	0.01743	0.00471	0.00392	0.00126	0.01504	0.00351	0.00360	0.00631
13	0.03001	0.37421	0.11650	0.01046	0.04400	0.08429	0.12248	0.07646	0.02897	0.02485	0.00753	0.00919	0.00623	0.00411	0.00383	0.00114	0.02964	0.01829	0.00221	0.00559
14	0.00976	0.00783	0.00855	0.00768	0.00979	0.00875	0.00596	0.01889	0.60858	0.05653	0.16798	0.01900	0.03999	0.00628	0.00437	0.00138	0.00302	0.00531	0.00432	0.00602
15	0.00604	0.00403	0.00453	0.00453	0.00453	0.00403	0.00252	0.00604	0.00604	0.00805	0.01309	0.02718	0.01510	0.85402	0.02114	0.00403	0.00403	0.00604	0.00252	0.00252
16	0.88336	0.00803	0.00611	0.00546	0.00803	0.00932	0.00450	0.01221	0.00707	0.01864	0.00578	0.00675	0.00450	0.00386	0.00257	0.00129	0.00321	0.00225	0.00257	0.00450
17	0.00922	0.04353	0.00941	0.00656	0.01011	0.02845	0.00529	0.03428	0.06210	0.01390	0.00799	0.00899	0.00655	0.00335	0.00318	0.00071	0.00331	0.00264	0.00259	0.73787
18	0.05444	0.00976	0.01623	0.02417	0.76921	0.00990	0.01225	0.01266	0.00927	0.01375	0.00766	0.01008	0.00645	0.00378	0.00424	0.00125	0.02277	0.00363	0.00208	0.00643
19	0.01692	0.00815	0.01160	0.00882	0.01210	0.00758	0.09442	0.13037	0.02707	0.60040	0.01473	0.01383	0.00968	0.00506	0.00428	0.00131	0.00406	0.01814	0.00463	0.00684
20	0.00979	0.01081	0.02247	0.04819	0.05278	0.01042	0.68300	0.01392	0.07844	0.01356	0.00906	0.01153	0.00682	0.00371	0.00479	0.00139	0.00655	0.00479	0.00227	0.00569
21	0.00784	0.00738	0.01246	0.84404	0.02861	0.00923	0.01154	0.01061	0.00831	0.01061	0.00738	0.01107	0.00554	0.00415	0.00415	0.00138	0.00554	0.00369	0.00185	0.00461
22	0.01028	0.00987	0.01686	0.02550	0.82811	0.00987	0.01275	0.01275	0.00946	0.01357	0.00781	0.01028	0.00658	0.00370	0.00411	0.00123	0.00493	0.00370	0.00206	0.00658
23	0.00856	0.00811	0.01375	0.60447	0.26261	0.00942	0.01189	0.01124	0.00864	0.01148	0.00751	0.01084	0.00584	0.00402	0.00414	0.00134	0.00536	0.00369	0.00191	0.00519
24	0.00776	0.00639	0.00762	0.00593	0.00866	0.00518	0.00465	0.01004	0.04162	0.01474	0.28283	0.01642	0.01751	0.00500	0.00373	0.00088	0.00271	0.00425	0.00324	0.55086
25	0.00912	0.00865	0.01434	0.41119	0.36013	0.00962	0.03188	0.01254	0.07766	0.01249	0.00839	0.01112	0.00660	0.00407	0.00416	0.00132	0.00513	0.00381	0.00214	0.00562
26	0.00548	0.00406	0.00520	0.00583	0.00646	0.00385	0.00421	0.00684	0.03118	0.01170	0.10844	0.52172	0.13337	0.01224	0.02412	0.00174	0.00271	0.10335	0.00390	0.00360
27	0.10504	0.15640	0.05553	0.00942	0.08027	0.07011	0.00748	0.14992	0.01140	0.23444	0.02113	0.02959	0.00812	0.00571	0.03652	0.00141	0.00463	0.00358	0.00332	0.00599

[dist]
# distance from previous block
# <min> <max>
1	3

[block]
# block no. 6 follows, 64 sequences, length 22
# corresponding to MSA columns:
# 280-301
name=unknown_G
#
# <colnr> <probs for GDERKNQSTAVLIFYWHMCP>
#	G	D	E	R	K	N	Q	S	T	A	V	L	I	F	Y	W	H	M	C	P
0	0.32186	0.03922	0.03592	0.00796	0.01104	0.05441	0.00674	0.36223	0.01329	0.09749	0.00869	0.00895	0.00626	0.00448	0.00352	0.00124	0.00419	0.00313	0.00343	0.00595
1	0.01437	0.04771	0.01213	0.00930	0.01233	0.07827	0.00758	0.54288	0.19393	0.02227	0.01103	0.01084	0.00808	0.00501	0.00407	0.00125	0.00452	0.00380	0.00391	0.00670
2	0.00554	0.00401	0.00496	0.00547	0.00599	0.00378	0.00384	0.00639	0.00820	0.01072	0.06969	0.36679	0.15593	0.20677	0.00894	0.00219	0.00291	0.12102	0.00358	0.00329
3	0.02864	0.10681	0.48738	0.01041	0.01526	0.05714	0.03009	0.04336	0.02257	0.13486	0.00898	0.00998	0.00648	0.00426	0.00386	0.00126	0.00547	0.01464	0.00246	0.00608
4	0.02529	0.38921	0.39543	0.00943	0.01410	0.04047	0.01088	0.02443	0.00894	0.03745	0.00696	0.00795	0.00546	0.00383	0.00336	0.00112	0.00528	0.00271	0.00193	0.00575
5	0.00514	0.00370	0.00490	0.00583	0.00615	0.00346	0.00399	0.00595	0.00810	0.01073	0.02357	0.77636	0.05745	0.01283	0.00531	0.00169	0.00248	0.05511	0.00385	0.00340
6	0.09605	0.00692	0.00859	0.00704	0.00965	0.00656	0.00575	0.08110	0.02816	0.48015	0.11865	0.03684	0.03346	0.00615	0.00426	0.00134	0.00334	0.05537	0.00459	0.00605
7	0.10399	0.17814	0.12746	0.01249	0.16443	0.08727	0.07172	0.09968	0.05585	0.03385	0.00827	0.00983	0.00660	0.00418	0.00371	0.00121	0.00503	0.01798	0.00248	0.00583
8	0.02098	0.08190	0.15615	0.03610	0.05397	0.02009	0.04421	0.11912	0.06169	0.15860	0.01126	0.03776	0.01701	0.03401	0.00568	0.00145	0.09222	0.03891	0.00308	0.00580
9	0.08843	0.00848	0.00940	0.00781	0.01040	0.00908	0.00626	0.23059	0.24597	0.19338	0.10584	0.04100	0.01343	0.00576	0.00416	0.00133	0.00350	0.00466	0.00429	0.00623
10	0.01055	0.14005	0.28156	0.04471	0.03029	0.04803	0.00956	0.07889	0.06081	0.10340	0.12864	0.01330	0.02273	0.00498	0.00397	0.00124	0.00464	0.00397	0.00294	0.00574
11	0.01165	0.07481	0.12168	0.03145	0.25233	0.03699	0.05895	0.08149	0.08380	0.13998	0.04044	0.02948	0.00904	0.00462	0.00410	0.00126	0.00472	0.00403	0.00297	0.00622
12	0.01229	0.18948	0.03067	0.00896	0.04394	0.05175	0.00739	0.21580	0.02897	0.12056	0.03674	0.04803	0.01049	0.00577	0.00460	0.00127	0.05716	0.08480	0.00330	0.03801
13	0.04506	0.04064	0.03705	0.03533	0.01167	0.09966	0.08225	0.07595	0.02701	0.09093	0.01270	0.06738	0.05567	0.04506	0.04852	0.00182	0.14709	0.06838	0.00291	0.00492
14	0.05249	0.20954	0.16567	0.02806	0.07859	0.04527	0.04723	0.05849	0.11221	0.08653	0.02382	0.02579	0.00793	0.00442	0.00371	0.00119	0.00466	0.00353	0.00272	0.03813
15	0.03274	0.04519	0.13370	0.01189	0.14293	0.09151	0.02899	0.11302	0.20389	0.10621	0.03165	0.01206	0.01815	0.00476	0.00405	0.00127	0.00466	0.00389	0.00322	0.00623
16	0.00787	0.00546	0.02484	0.00774	0.06127	0.00546	0.00558	0.00930	0.00768	0.11079	0.03271	0.04792	0.01189	0.13043	0.48593	0.00474	0.00802	0.00485	0.00272	0.02479
17	0.04168	0.10142	0.28046	0.03892	0.12041	0.03479	0.07027	0.01223	0.00905	0.06696	0.02698	0.09840	0.04325	0.00534	0.00438	0.00132	0.03172	0.00450	0.00246	0.00549
18	0.02441	0.17829	0.35527	0.01089	0.08004	0.02586	0.02403	0.06281	0.03852	0.09629	0.05821	0.01067	0.00833	0.00437	0.00381	0.00122	0.00499	0.00345	0.00256	0.00599
19	0.03096	0.06853	0.04651	0.26228	0.38271	0.00973	0.01109	0.01306	0.02349	0.09984	0.00856	0.01062	0.00659	0.00402	0.00399	0.00127	0.00491	0.00360	0.00234	0.00590
20	0.00941	0.00825	0.03906	0.08342	0.09519	0.03538	0.15421	0.06274	0.04851	0.09101	0.03299	0.23611	0.06211	0.00710	0.00465	0.00143	0.00434	0.01575	0.00323	0.00511
21	0.01028	0.10303	0.40489	0.01059	0.03493	0.05712	0.05510	0.06417	0.03129	0.07975	0.03937	0.04437	0.00840	0.00466	0.00395	0.00126	0.00523	0.00379	0.03199	0.00584

[dist]
# distance from previous block
# <min> <max>
4	41

[block]
# block no. 7 follows, 64 sequences, length 185
# corresponding to MSA columns:
# 345-442,444-530
name=unknown_H
#
# <colnr> <probs for GDERKNQSTAVLIFYWHMCP>
#	G	D	E	R	K	N	Q	S	T	A	V	L	I	F	Y	W	H	M	C	P
0	0.02738	0.20724	0.25396	0.01043	0.08178	0.05622	0.02685	0.04573	0.03773	0.08337	0.07418	0.01149	0.00924	0.00523	0.02689	0.00134	0.00502	0.01193	0.00258	0.02140
1	0.01122	0.40390	0.09830	0.00835	0.02570	0.10600	0.00771	0.02867	0.01844	0.07421	0.02820	0.02691	0.01832	0.03023	0.01342	0.00122	0.04541	0.00322	0.00235	0.04822
2	0.36398	0.12482	0.05685	0.00791	0.04273	0.00940	0.04990	0.01269	0.01748	0.09251	0.00805	0.00993	0.00651	0.03539	0.00404	0.00128	0.01961	0.02013	0.00263	0.11416
3	0.05166	0.00865	0.08671	0.00788	0.00978	0.04298	0.02870	0.07973	0.16767	0.02413	0.06461	0.06464	0.01246	0.08019	0.05025	0.11664	0.04440	0.03113	0.01212	0.01565
4	0.00894	0.00735	0.00872	0.01996	0.00951	0.02581	0.02235	0.11037	0.19576	0.03222	0.16294	0.14182	0.07896	0.02298	0.00612	0.00151	0.11372	0.02223	0.00374	0.00498
5	0.05912	0.04500	0.03038	0.03834	0.02433	0.05498	0.17706	0.11849	0.16544	0.14592	0.01127	0.02831	0.00842	0.00466	0.00422	0.00128	0.01442	0.00410	0.00331	0.06095
6	0.04004	0.09021	0.15850	0.00870	0.03350	0.02906	0.00796	0.11783	0.11627	0.11882	0.10370	0.02960	0.05227	0.00598	0.00419	0.00132	0.00408	0.06882	0.00347	0.00568
7	0.01593	0.00720	0.00968	0.07573	0.01183	0.00672	0.00647	0.07936	0.01161	0.59204	0.01492	0.01420	0.02481	0.02258	0.05162	0.00162	0.00417	0.00417	0.00445	0.04087
8	0.00876	0.00817	0.01230	0.25000	0.26843	0.03847	0.04114	0.04946	0.02223	0.01282	0.04363	0.01737	0.12046	0.00668	0.04278	0.00159	0.00497	0.04301	0.00257	0.00516
9	0.00895	0.14756	0.69363	0.01104	0.01673	0.01060	0.01392	0.01319	0.00878	0.02873	0.00738	0.00856	0.00537	0.00391	0.00376	0.00125	0.00583	0.00296	0.00182	0.00603
10	0.01236	0.00713	0.00926	0.00750	0.03213	0.00633	0.00585	0.02297	0.00962	0.32840	0.01116	0.01184	0.00823	0.02182	0.06847	0.01878	0.05838	0.00349	0.00343	0.35288
11	0.00517	0.00422	0.00459	0.00451	0.00579	0.00364	0.00338	0.00645	0.00998	0.01253	0.23469	0.03730	0.61632	0.01043	0.02128	0.00148	0.00225	0.00837	0.00400	0.00361
12	0.00593	0.00405	0.00489	0.00498	0.00512	0.00415	0.00306	0.00623	0.00632	0.00855	0.01372	0.10458	0.01556	0.64546	0.14648	0.00421	0.00497	0.00635	0.00260	0.00278
13	0.01412	0.04767	0.01247	0.00995	0.03479	0.09892	0.02365	0.37179	0.08482	0.11815	0.01034	0.01114	0.00775	0.00528	0.00534	0.00132	0.11469	0.01800	0.00356	0.00628
14	0.01108	0.00960	0.01617	0.02376	0.74966	0.00951	0.01211	0.01347	0.00969	0.09201	0.00864	0.01065	0.00693	0.00384	0.00412	0.00124	0.00480	0.00375	0.00235	0.00663
15	0.88336	0.00803	0.00611	0.00546	0.00803	0.00932	0.00450	0.01221	0.00707	0.01864	0.00578	0.00675	0.00450	0.00386	0.00257	0.00129	0.00321	0.00225	0.00257	0.00450
16	0.00993	0.01065	0.02083	0.01530	0.01905	0.01046	0.61680	0.01544	0.20709	0.01430	0.01047	0.01225	0.00785	0.00402	0.00474	0.00140	0.00610	0.00485	0.00262	0.00584
17	0.01579	0.01163	0.01247	0.00956	0.01288	0.01288	0.00789	0.81426	0.01953	0.02618	0.00997	0.00997	0.00706	0.00499	0.00416	0.00125	0.00457	0.00374	0.00416	0.00706
18	0.00973	0.00931	0.01587	0.20985	0.64804	0.00972	0.01247	0.01227	0.00920	0.01290	0.00772	0.01046	0.00634	0.00380	0.00412	0.00127	0.00507	0.00370	0.00201	0.00614
19	0.00784	0.00738	0.01246	0.84404	0.02861	0.00923	0.01154	0.01061	0.00831	0.01061	0.00738	0.01107	0.00554	0.00415	0.00415	0.00138	0.00554	0.00369	0.00185	0.00461
20	0.00491	0.00421	0.00421	0.00421	0.00561	0.00351	0.00316	0.00596	0.00947	0.01122	0.04208	0.03997	0.82643	0.01052	0.00491	0.00140	0.00210	0.00877	0.00386	0.00351
21	0.00709	0.00369	0.00553	0.00553	0.00560	0.00376	0.00376	0.00560	0.00553	0.00744	0.00758	0.01297	0.00751	0.01600	0.09356	0.79700	0.00432	0.00369	0.00184	0.00198
22	0.16697	0.01718	0.01077	0.00968	0.01196	0.64558	0.00737	0.04535	0.01124	0.02892	0.00664	0.00759	0.00537	0.00425	0.00356	0.00112	0.00656	0.00267	0.00235	0.00489
23	0.00833	0.02149	0.83250	0.01184	0.01798	0.00965	0.01535	0.01315	0.00877	0.01315	0.00745	0.00877	0.00526	0.00395	0.00395	0.00132	0.00614	0.00307	0.00175	0.00614
24	0.00506	0.00361	0.00482	0.00578	0.00602	0.00337	0.00386	0.00578	0.00795	0.01060	0.02289	0.85131	0.02747	0.01301	0.00530	0.00169	0.00241	0.01181	0.00386	0.00337
25	0.00593	0.00445	0.00668	0.00668	0.00742	0.00519	0.00519	0.00742	0.00668	0.00964	0.01113	0.01632	0.01038	0.03115	0.83756	0.00668	0.01113	0.00445	0.00223	0.00371
26	0.00995	0.00954	0.01627	0.13533	0.72083	0.00978	0.01259	0.01246	0.00930	0.01317	0.00776	0.01039	0.00644	0.00376	0.00412	0.00125	0.00502	0.00370	0.00203	0.00632
27	0.00631	0.00470	0.00592	0.00554	0.00665	0.00454	0.00418	0.00921	0.08975	0.01673	0.74791	0.02953	0.03664	0.00822	0.00483	0.00132	0.00209	0.00724	0.00454	0.00418
28	0.00492	0.00417	0.00425	0.00431	0.00564	0.00350	0.00320	0.00595	0.00937	0.01118	0.04082	0.09312	0.77409	0.01068	0.00493	0.00142	0.00212	0.00897	0.00386	0.00350
29	0.01111	0.85652	0.02177	0.00711	0.01066	0.01644	0.00711	0.01244	0.00844	0.00977	0.00577	0.00666	0.00533	0.00355	0.00267	0.00089	0.00444	0.00222	0.00178	0.00533
30	0.01579	0.01163	0.01247	0.00956	0.01288	0.01288	0.00789	0.81426	0.01953	0.02618	0.00997	0.00997	0.00706	0.00499	0.00416	0.00125	0.00457	0.00374	0.00416	0.00706
31	0.01579	0.01163	0.01247	0.00956	0.01288	0.01288	0.00789	0.81426	0.01953	0.02618	0.00997	0.00997	0.00706	0.00499	0.00416	0.00125	0.00457	0.00374	0.00416	0.00706
32	0.01111	0.85652	0.02177	0.00711	0.01066	0.01644	0.00711	0.01244	0.00844	0.00977	0.00577	0.00666	0.00533	0.00355	0.00267	0.00089	0.00444	0.00222	0.00178	0.00533
33	0.00586	0.00423	0.00554	0.00524	0.00620	0.00391	0.00392	0.00779	0.01168	0.01653	0.80857	0.04875	0.03894	0.00859	0.00491	0.00131	0.00197	0.00760	0.00456	0.00391
34	0.00537	0.00419	0.00487	0.00477	0.00591	0.00369	0.00355	0.00682	0.01044	0.01371	0.40454	0.08406	0.41376	0.00973	0.00493	0.00137	0.00206	0.00837	0.00419	0.00369
35	0.00498	0.00400	0.00444	0.00478	0.00577	0.00346	0.00342	0.00592	0.00896	0.01107	0.04574	0.32942	0.53073	0.01138	0.00505	0.00150	0.00221	0.00984	0.00387	0.00346
36	0.00915	0.00928	0.01381	0.01151	0.01190	0.01252	0.08294	0.01030	0.00668	0.01030	0.00572	0.00928	0.00553	0.00692	0.01283	0.00178	0.76931	0.00375	0.00184	0.00464
37	0.00596	0.00425	0.00550	0.00522	0.00622	0.00390	0.00390	0.00781	0.01147	0.02701	0.73760	0.06630	0.08169	0.00875	0.00491	0.00133	0.00201	0.00772	0.00451	0.00392
38	0.00505	0.00365	0.00479	0.00570	0.00600	0.00338	0.00382	0.00579	0.00803	0.01064	0.02388	0.80939	0.06875	0.01288	0.00528	0.00167	0.00239	0.01165	0.00386	0.00338
39	0.01111	0.85652	0.02177	0.00711	0.01066	0.01644	0.00711	0.01244	0.00844	0.00977	0.00577	0.00666	0.00533	0.00355	0.00267	0.00089	0.00444	0.00222	0.00178	0.00533
40	0.01838	0.00701	0.00956	0.00735	0.01051	0.00606	0.00606	0.01999	0.01189	0.81443	0.03284	0.01448	0.01087	0.00521	0.00419	0.00129	0.00350	0.00424	0.00513	0.00700
41	0.00784	0.00738	0.01246	0.84404	0.02861	0.00923	0.01154	0.01061	0.00831	0.01061	0.00738	0.01107	0.00554	0.00415	0.00415	0.00138	0.00554	0.00369	0.00185	0.00461
42	0.01163	0.75615	0.02057	0.00754	0.01092	0.11491	0.00722	0.01294	0.00884	0.00982	0.00585	0.00676	0.00533	0.00364	0.00279	0.00091	0.00481	0.00228	0.00182	0.00527
43	0.00861	0.00738	0.00861	0.00615	0.00984	0.00554	0.00492	0.01046	0.00861	0.01354	0.00738	0.00861	0.00615	0.00308	0.00308	0.00062	0.00308	0.00246	0.00246	0.87941
44	0.00582	0.02116	0.09028	0.00648	0.00765	0.01388	0.00537	0.00721	0.00862	0.01139	0.05935	0.51893	0.11889	0.01115	0.00508	0.00160	0.00299	0.09674	0.00361	0.00380
45	0.88336	0.00803	0.00611	0.00546	0.00803	0.00932	0.00450	0.01221	0.00707	0.01864	0.00578	0.00675	0.00450	0.00386	0.00257	0.00129	0.00321	0.00225	0.00257	0.00450
46	0.01033	0.00892	0.00939	0.00845	0.01080	0.01033	0.00657	0.02207	0.82061	0.01738	0.01691	0.01550	0.01268	0.00564	0.00423	0.00141	0.00329	0.00470	0.00423	0.00657
47	0.00773	0.00713	0.01162	0.72481	0.02566	0.00876	0.01061	0.01077	0.04752	0.01098	0.00962	0.06098	0.02188	0.00499	0.00427	0.00141	0.00516	0.01935	0.00215	0.00460
48	0.00774	0.00392	0.00398	0.01449	0.00514	0.00394	0.00301	0.00969	0.00871	0.01542	0.01347	0.01543	0.01058	0.00483	0.00292	0.00097	0.00198	0.00387	0.86602	0.00388
49	0.02585	0.01050	0.17554	0.40271	0.15328	0.00901	0.03560	0.01138	0.01886	0.01200	0.00862	0.06749	0.00725	0.00464	0.00427	0.00135	0.01600	0.00411	0.00207	0.02949
50	0.01463	0.01135	0.01203	0.04667	0.01315	0.06790	0.00790	0.56972	0.06006	0.06132	0.00994	0.01026	0.00721	0.00504	0.00471	0.00127	0.05856	0.00370	0.00377	0.03082
51	0.00570	0.00424	0.00530	0.00503	0.00609	0.00384	0.00377	0.00748	0.01132	0.01563	0.67733	0.03272	0.18843	0.00888	0.00490	0.00132	0.00199	0.00775	0.00444	0.00384
52	0.00802	0.01892	0.70211	0.01118	0.01653	0.00893	0.03291	0.01243	0.01886	0.01307	0.03176	0.08886	0.00841	0.00494	0.00413	0.00135	0.00566	0.00408	0.00207	0.00581
53	0.01034	0.08053	0.22007	0.05776	0.39709	0.05702	0.05965	0.01327	0.00940	0.04500	0.00783	0.00970	0.00616	0.00385	0.00399	0.00124	0.00544	0.00346	0.00208	0.00614
54	0.00613	0.00471	0.00690	0.00679	0.00743	0.00557	0.00525	0.00748	0.00661	0.00955	0.01091	0.01662	0.01041	0.08630	0.73093	0.00620	0.06179	0.00451	0.00222	0.00368
55	0.00525	0.00406	0.00483	0.00534	0.00622	0.00365	0.00396	0.00632	0.00894	0.01127	0.04757	0.35302	0.38636	0.01158	0.00518	0.00158	0.00247	0.12504	0.00387	0.00351
56	0.01042	0.00869	0.01433	0.32225	0.37311	0.00931	0.03626	0.02951	0.03791	0.10443	0.00900	0.01121	0.00683	0.00412	0.00416	0.00131	0.00500	0.00382	0.00244	0.00589
57	0.01020	0.06888	0.25099	0.01795	0.40178	0.05687	0.04810	0.01372	0.05271	0.02800	0.00817	0.00984	0.00643	0.00392	0.00399	0.00124	0.00537	0.00348	0.00213	0.00624
58	0.00840	0.04145	0.81311	0.01173	0.01780	0.00981	0.01515	0.01314	0.00876	0.01307	0.00741	0.00872	0.00526	0.00394	0.00392	0.00131	0.00610	0.00305	0.00175	0.00612
59	0.01397	0.00781	0.01122	0.01269	0.26050	0.00752	0.00786	0.01705	0.10487	0.40036	0.01352	0.01326	0.00946	0.00473	0.00403	0.00125	0.00377	0.00406	0.09555	0.00653
60	0.01003	0.00756	0.00932	0.09364	0.01203	0.00635	0.00589	0.05184	0.00950	0.10664	0.00853	0.00956	0.00660	0.00352	0.00337	0.00080	0.00346	0.00285	0.00279	0.64570
61	0.07579	0.00901	0.01222	0.01049	0.01069	0.01246	0.00874	0.01017	0.00642	0.01066	0.00548	0.00891	0.00538	0.00701	0.01279	0.00178	0.78209	0.00353	0.00187	0.00454
62	0.01007	0.00960	0.01632	0.02452	0.78851	0.00958	0.01232	0.01251	0.00957	0.01372	0.04723	0.01128	0.00815	0.00393	0.00415	0.00124	0.00479	0.00388	0.00218	0.00645
63	0.00934	0.00948	0.01491	0.01366	0.11416	0.01205	0.12336	0.01081	0.00723	0.01091	0.00616	0.00954	0.00571	0.00629	0.01121	0.00169	0.62283	0.00382	0.00189	0.00495
64	0.00531	0.00380	0.00508	0.00587	0.00627	0.00357	0.00410	0.00630	0.00860	0.01157	0.13004	0.67406	0.02874	0.01228	0.00528	0.00166	0.00247	0.07761	0.00395	0.00348
65	0.00533	0.00421	0.00481	0.00471	0.00590	0.00369	0.00353	0.00676	0.01036	0.01345	0.36287	0.05979	0.47113	0.00977	0.00493	0.00138	0.00207	0.01749	0.00415	0.00368
66	0.00591	0.00409	0.00520	0.00535	0.00561	0.00425	0.00352	0.00641	0.00654	0.00891	0.01404	0.13882	0.01565	0.48720	0.23201	0.01997	0.00565	0.02524	0.00264	0.00297
67	0.00570	0.00421	0.00533	0.00512	0.00612	0.00383	0.00381	0.00747	0.01124	0.01560	0.67694	0.07740	0.14375	0.00901	0.00492	0.00134	0.00200	0.00792	0.00444	0.00383
68	0.00508	0.00370	0.00479	0.00561	0.00599	0.00341	0.00379	0.00589	0.00826	0.01093	0.06051	0.73835	0.10322	0.01258	0.00525	0.00164	0.00236	0.01133	0.00389	0.00341
69	0.01552	0.01980	0.01177	0.01070	0.01284	0.83735	0.00803	0.01659	0.01177	0.01017	0.00642	0.00749	0.00535	0.00428	0.00375	0.00107	0.00749	0.00268	0.00214	0.00482
70	0.01028	0.00987	0.01686	0.02550	0.82811	0.00987	0.01275	0.01275	0.00946	0.01357	0.00781	0.01028	0.00658	0.00370	0.00411	0.00123	0.00493	0.00370	0.00206	0.00658
71	0.00740	0.00439	0.00474	0.00459	0.00569	0.00440	0.00346	0.01012	0.07633	0.01577	0.21022	0.02013	0.04773	0.00599	0.00357	0.00110	0.00206	0.00500	0.56323	0.00409
72	0.01111	0.85652	0.02177	0.00711	0.01066	0.01644	0.00711	0.01244	0.00844	0.00977	0.00577	0.00666	0.00533	0.00355	0.00267	0.00089	0.00444	0.00222	0.00178	0.00533
73	0.00506	0.00361	0.00482	0.00578	0.00602	0.00337	0.00386	0.00578	0.00795	0.01060	0.02289	0.85131	0.02747	0.01301	0.00530	0.00169	0.00241	0.01181	0.00386	0.00337
74	0.00581	0.00421	0.00548	0.00522	0.00618	0.00388	0.00390	0.00769	0.01151	0.01622	0.76591	0.07080	0.06004	0.00876	0.00492	0.00133	0.00199	0.00775	0.00452	0.00388
75	0.00861	0.00738	0.00861	0.00615	0.00984	0.00554	0.00492	0.01046	0.00861	0.01354	0.00738	0.00861	0.00615	0.00308	0.00308	0.00062	0.00308	0.00246	0.00246	0.87941
