[name]
unknown

[dist]
# distance from previous block
# <min> <max>
24	766

[block]
# block no. 0 follows, 66 sequences, length 17
# corresponding to MSA columns:
# 941-957
name=unknown_A
#
# <colnr> <probs for GDERKNQSTAVLIFYWHMCP>
#	G	D	E	R	K	N	Q	S	T	A	V	L	I	F	Y	W	H	M	C	P
0	0.01360	0.01207	0.01140	0.04017	0.05207	0.19484	0.00777	0.27185	0.26251	0.05650	0.01164	0.01188	0.00879	0.00560	0.01902	0.00142	0.00499	0.00390	0.00363	0.00634
1	0.00568	0.00412	0.00500	0.00555	0.00608	0.00376	0.00377	0.00617	0.00817	0.01062	0.02536	0.50581	0.21258	0.10027	0.00743	0.04427	0.00273	0.03550	0.00369	0.00344
2	0.21358	0.18455	0.15771	0.00846	0.01206	0.01173	0.00811	0.24972	0.04576	0.03835	0.00839	0.00912	0.00642	0.00446	0.00356	0.00125	0.00446	0.00308	0.00296	0.02627
3	0.00816	0.00756	0.01249	0.84170	0.02817	0.00928	0.01144	0.01072	0.00843	0.01084	0.00770	0.01148	0.00588	0.00438	0.00427	0.00144	0.00556	0.00377	0.00197	0.00476
4	0.15524	0.25305	0.31002	0.00904	0.01314	0.04889	0.04332	0.03033	0.06300	0.01323	0.00721	0.00816	0.00562	0.00384	0.00332	0.00115	0.00488	0.00280	0.00211	0.02165
5	0.01032	0.13276	0.37374	0.00992	0.01418	0.02484	0.07421	0.02732	0.09454	0.12751	0.06383	0.01132	0.00889	0.00442	0.00387	0.00123	0.00492	0.00363	0.00268	0.00586
6	0.24258	0.00750	0.00865	0.00687	0.00977	0.00736	0.00565	0.09695	0.01113	0.51331	0.04162	0.01212	0.00927	0.00480	0.00370	0.00125	0.00342	0.00366	0.00425	0.00614
7	0.00873	0.01342	0.32508	0.01227	0.01648	0.00881	0.31626	0.01282	0.06082	0.03879	0.07926	0.01354	0.05153	0.00455	0.00434	0.00132	0.00545	0.00447	0.01656	0.00550
8	0.04762	0.14826	0.13697	0.00916	0.01264	0.13303	0.05924	0.11504	0.04727	0.23724	0.00995	0.00999	0.00707	0.00433	0.00373	0.00117	0.00486	0.00334	0.00312	0.00596
9	0.00556	0.00403	0.00505	0.00564	0.00624	0.00383	0.00390	0.00707	0.06186	0.02777	0.05286	0.65246	0.12525	0.01162	0.00503	0.00157	0.00238	0.01041	0.00384	0.00361
10	0.01223	0.00557	0.00739	0.00612	0.00823	0.00492	0.00488	0.01392	0.01137	0.44107	0.34992	0.02165	0.05595	0.00657	0.00436	0.00126	0.00272	0.00559	0.03088	0.00541
11	0.00983	0.00951	0.01647	0.08940	0.73208	0.00962	0.04873	0.01231	0.00916	0.01302	0.00762	0.01014	0.00633	0.00364	0.00405	0.00122	0.00496	0.00367	0.00199	0.00623
12	0.00829	0.00812	0.01455	0.60401	0.14454	0.00929	0.13115	0.01106	0.00849	0.01118	0.00742	0.01072	0.00567	0.00390	0.00416	0.00133	0.00553	0.00378	0.00187	0.00493
13	0.00599	0.00449	0.00652	0.00644	0.00702	0.00525	0.00490	0.00715	0.00640	0.00918	0.01071	0.01672	0.01035	0.12493	0.68059	0.03304	0.05021	0.00446	0.00217	0.00347
14	0.84547	0.00801	0.00625	0.00552	0.00807	0.00926	0.00455	0.04955	0.00747	0.01855	0.00584	0.00674	0.00451	0.00382	0.00258	0.00125	0.00320	0.00226	0.00258	0.00451
15	0.54102	0.00747	0.00734	0.00608	0.00884	0.00785	0.00502	0.01505	0.00878	0.34292	0.00977	0.00946	0.00664	0.00427	0.00313	0.00126	0.00326	0.00295	0.00351	0.00539
16	0.00936	0.00900	0.01550	0.25393	0.58263	0.00948	0.03733	0.01189	0.00893	0.01244	0.00753	0.01029	0.00613	0.00373	0.00405	0.00125	0.00505	0.00365	0.00195	0.00586

[dist]
# distance from previous block
# <min> <max>
0	3

[block]
# block no. 1 follows, 66 sequences, length 49
# corresponding to MSA columns:
# 961-1004,1009-1013
name=unknown_B
#
# <colnr> <probs for GDERKNQSTAVLIFYWHMCP>
#	G	D	E	R	K	N	Q	S	T	A	V	L	I	F	Y	W	H	M	C	P
0	0.00587	0.00430	0.00545	0.00511	0.00615	0.00398	0.00385	0.02486	0.01145	0.01600	0.74283	0.03064	0.10748	0.00840	0.00477	0.00128	0.00198	0.00737	0.00440	0.00386
1	0.00951	0.00809	0.00869	0.00793	0.01003	0.00924	0.00620	0.01960	0.70756	0.01665	0.08964	0.01816	0.01530	0.00606	0.00427	0.00139	0.00312	0.04838	0.00414	0.00604
2	0.30730	0.00884	0.01015	0.01141	0.21138	0.00974	0.00730	0.13777	0.18983	0.01752	0.00986	0.04526	0.00798	0.00466	0.00359	0.00128	0.00374	0.00369	0.00303	0.00568
3	0.04629	0.00905	0.01257	0.00946	0.01277	0.00892	0.13924	0.27757	0.01354	0.40923	0.01233	0.01177	0.00819	0.00467	0.00413	0.00126	0.00432	0.00399	0.00414	0.00658
4	0.00739	0.00633	0.00719	0.00547	0.00844	0.00485	0.00432	0.00897	0.00865	0.01258	0.01683	0.01711	0.23996	0.00507	0.00351	0.00082	0.00274	0.00415	0.00279	0.63284
5	0.01542	0.01136	0.01218	0.00933	0.01258	0.01258	0.00771	0.81858	0.01908	0.02557	0.00974	0.00974	0.00690	0.00487	0.00406	0.00122	0.00446	0.00365	0.00406	0.00690
6	0.24245	0.00973	0.01077	0.05448	0.10796	0.01079	0.00743	0.42972	0.02518	0.02094	0.03726	0.00981	0.00729	0.00452	0.00367	0.00124	0.00410	0.00341	0.00331	0.00594
7	0.01020	0.01009	0.01585	0.08069	0.72438	0.06266	0.01208	0.01255	0.00930	0.01284	0.00752	0.00992	0.00628	0.00368	0.00400	0.00120	0.00502	0.00355	0.00200	0.00618
8	0.01009	0.00872	0.00917	0.00826	0.01055	0.01009	0.00642	0.02156	0.82478	0.01697	0.01651	0.01514	0.01238	0.00550	0.00413	0.00138	0.00321	0.00459	0.00413	0.00642
9	0.04317	0.14138	0.01314	0.00889	0.01199	0.09304	0.00743	0.55225	0.05571	0.02095	0.00898	0.00917	0.00666	0.00458	0.00375	0.00116	0.00462	0.00332	0.00347	0.00632
10	0.00605	0.00411	0.00554	0.00556	0.00608	0.00433	0.00395	0.00693	0.00717	0.02398	0.11383	0.10799	0.01647	0.24896	0.34976	0.04835	0.00626	0.00583	0.02558	0.00326
11	0.00568	0.00414	0.00533	0.00504	0.00602	0.00380	0.00378	0.00753	0.01133	0.01591	0.77616	0.03090	0.09232	0.00843	0.00479	0.00128	0.00192	0.00742	0.00442	0.00380
12	0.00566	0.00412	0.00532	0.00506	0.00602	0.00378	0.00378	0.00747	0.01122	0.01574	0.75378	0.05986	0.08583	0.00857	0.00480	0.00129	0.00194	0.00756	0.00440	0.00378
13	0.00500	0.00361	0.00473	0.00552	0.00588	0.00335	0.00373	0.00582	0.00815	0.01087	0.08850	0.74111	0.07430	0.01221	0.00512	0.00160	0.00230	0.01102	0.00382	0.00335
14	0.88607	0.00785	0.00596	0.00534	0.00785	0.00910	0.00439	0.01193	0.00690	0.01820	0.00565	0.00659	0.00439	0.00377	0.00251	0.00126	0.00314	0.00220	0.00251	0.00439
15	0.03911	0.35158	0.24322	0.00907	0.01310	0.04732	0.03069	0.17066	0.02317	0.02666	0.00732	0.00811	0.00570	0.00394	0.00338	0.00110	0.00494	0.00284	0.00232	0.00576
16	0.05268	0.50087	0.19693	0.00844	0.01219	0.14701	0.00872	0.01294	0.00877	0.01074	0.00610	0.00709	0.00516	0.00368	0.00304	0.00101	0.00512	0.00242	0.00182	0.00526
17	0.01820	0.00690	0.00942	0.00722	0.01036	0.00596	0.00596	0.01977	0.01161	0.83492	0.01601	0.01381	0.01004	0.00502	0.00408	0.00126	0.00345	0.00408	0.00502	0.00690
18	0.88607	0.00785	0.00596	0.00534	0.00785	0.00910	0.00439	0.01193	0.00690	0.01820	0.00565	0.00659	0.00439	0.00377	0.00251	0.00126	0.00314	0.00220	0.00251	0.00439
19	0.00878	0.02693	0.00863	0.00605	0.00952	0.00562	0.00487	0.01056	0.00867	0.04796	0.04057	0.00948	0.00746	0.00331	0.00311	0.00066	0.00301	0.00267	0.00258	0.78957
20	0.01293	0.01050	0.01392	0.04541	0.35985	0.02270	0.00981	0.42050	0.01426	0.03710	0.00885	0.00996	0.00669	0.00430	0.00404	0.00122	0.00467	0.00363	0.00310	0.00658
21	0.01004	0.00964	0.01647	0.02490	0.83211	0.00964	0.01245	0.01245	0.00924	0.01325	0.00763	0.01004	0.00643	0.00361	0.00402	0.00120	0.00482	0.00361	0.00201	0.00643
22	0.00507	0.00369	0.00479	0.00543	0.00588	0.00340	0.00372	0.00602	0.00854	0.01144	0.16577	0.64502	0.09275	0.01174	0.00508	0.00156	0.00225	0.01056	0.00389	0.00340
23	0.01088	0.02875	0.35602	0.10403	0.09315	0.05981	0.07917	0.03117	0.02191	0.16286	0.00908	0.01012	0.00642	0.00409	0.00399	0.00126	0.00541	0.00347	0.00249	0.00593
24	0.01098	0.00903	0.01336	0.01716	0.44945	0.02940	0.03065	0.03675	0.16207	0.11395	0.05104	0.01350	0.01004	0.00465	0.00414	0.00127	0.00428	0.02906	0.00300	0.00622
25	0.00483	0.00411	0.00416	0.00415	0.00550	0.00344	0.00311	0.00590	0.00934	0.01117	0.07276	0.03869	0.79867	0.01020	0.00479	0.00137	0.00205	0.00851	0.00380	0.00344
26	0.00989	0.00941	0.01639	0.13155	0.56248	0.00972	0.10765	0.02613	0.00922	0.03083	0.00777	0.01028	0.00630	0.00385	0.00451	0.00127	0.04092	0.00376	0.00208	0.00599
27	0.01031	0.06537	0.13688	0.01800	0.35787	0.02184	0.22213	0.05271	0.00973	0.04310	0.00796	0.00991	0.00621	0.00376	0.00423	0.00125	0.01680	0.00374	0.00217	0.00603
28	0.00770	0.00733	0.00840	0.00846	0.04126	0.10236	0.00615	0.00857	0.00765	0.01006	0.01373	0.32265	0.02550	0.09186	0.02687	0.00193	0.26340	0.03951	0.00273	0.00388
29	0.27248	0.02773	0.01260	0.04698	0.39533	0.08486	0.01865	0.04373	0.00896	0.01460	0.00687	0.00868	0.00562	0.00389	0.00383	0.00123	0.03314	0.00308	0.00222	0.00551
30	0.00500	0.00408	0.00444	0.00466	0.00574	0.00357	0.00337	0.00623	0.03014	0.01109	0.05511	0.25748	0.57336	0.01076	0.00488	0.00144	0.00216	0.00923	0.00379	0.00348
31	0.00982	0.00986	0.03743	0.09048	0.61774	0.03786	0.01148	0.01239	0.02687	0.01289	0.00765	0.00994	0.00634	0.00375	0.00412	0.00118	0.02250	0.00349	0.00206	0.07214
32	0.01263	0.00811	0.00927	0.00796	0.01049	0.00873	0.00634	0.05365	0.51205	0.26506	0.01628	0.01574	0.01189	0.00556	0.00417	0.00135	0.00336	0.03651	0.00438	0.00648
33	0.00487	0.00398	0.00430	0.00450	0.00559	0.00341	0.00327	0.00586	0.00901	0.01104	0.06916	0.22153	0.61793	0.01074	0.00488	0.00143	0.00212	0.00918	0.00380	0.00341
34	0.02354	0.44480	0.01626	0.00835	0.01125	0.28312	0.00722	0.07585	0.07398	0.01158	0.00701	0.00769	0.00589	0.00397	0.00318	0.00100	0.00521	0.00262	0.00223	0.00526
35	0.00814	0.02099	0.83640	0.01156	0.01756	0.00942	0.01499	0.01285	0.00857	0.01285	0.00728	0.00857	0.00514	0.00385	0.00385	0.00128	0.00600	0.00300	0.00171	0.00600
36	0.01090	0.50775	0.17223	0.00821	0.01185	0.10383	0.00840	0.01328	0.04385	0.04475	0.02741	0.00835	0.00658	0.00419	0.01230	0.00108	0.00490	0.00271	0.00208	0.00537
37	0.67313	0.01031	0.15927	0.00664	0.00982	0.00914	0.00647	0.02494	0.02061	0.03957	0.00647	0.00734	0.00485	0.00386	0.00285	0.00126	0.00370	0.00246	0.00248	0.00483
38	0.00547	0.00375	0.00455	0.00498	0.00508	0.00365	0.00305	0.00579	0.00674	0.00899	0.01710	0.40023	0.02020	0.47629	0.01367	0.00290	0.00322	0.00844	0.00305	0.00284
39	0.00608	0.00463	0.00614	0.03811	0.09233	0.00459	0.00439	0.00699	0.02283	0.00988	0.03051	0.28638	0.08717	0.36863	0.01151	0.00252	0.00338	0.00758	0.00297	0.00339
40	0.02817	0.06205	0.29705	0.02277	0.04910	0.08648	0.13881	0.02492	0.00932	0.12024	0.00908	0.02656	0.00703	0.00611	0.06103	0.00163	0.02685	0.01484	0.00240	0.00556
41	0.00499	0.00359	0.00475	0.00566	0.00595	0.00335	0.00383	0.00575	0.00787	0.01044	0.02299	0.79963	0.05473	0.01258	0.00518	0.00165	0.00239	0.03761	0.00377	0.00331
42	0.00487	0.00404	0.00426	0.00437	0.00557	0.00343	0.00322	0.00591	0.00918	0.01119	0.08460	0.14499	0.67945	0.01048	0.00484	0.00140	0.00209	0.00888	0.00381	0.00343
43	0.08847	0.00871	0.04009	0.28720	0.14903	0.01884	0.03473	0.08819	0.03875	0.17743	0.00973	0.02518	0.00717	0.00440	0.00395	0.00129	0.00460	0.00376	0.00287	0.00564
44	0.12346	0.00930	0.04029	0.16525	0.14668	0.02252	0.04105	0.11397	0.18782	0.04212	0.01006	0.03283	0.00787	0.00470	0.00424	0.00132	0.03413	0.00388	0.00288	0.00565
45	0.00648	0.00502	0.00752	0.22441	0.02512	0.00539	0.00684	0.00814	0.00848	0.02344	0.01782	0.32955	0.01952	0.00969	0.00500	0.00164	0.00368	0.28515	0.00324	0.00386
46	0.05096	0.00853	0.04445	0.00761	0.05557	0.02598	0.00593	0.06097	0.02462	0.01420	0.00747	0.00861	0.00608	0.00330	0.00318	0.00076	0.00343	0.00261	0.00249	0.66326
47	0.10932	0.00777	0.03664	0.00765	0.02948	0.00688	0.00629	0.07465	0.01123	0.57585	0.01374	0.02614	0.00928	0.00494	0.00389	0.00124	0.00357	0.01820	0.00433	0.04891
48	0.16867	0.10892	0.15052	0.02573	0.01194	0.17484	0.01880	0.10924	0.00995	0.04728	0.00790	0.03382	0.00654	0.02555	0.03526	0.00145	0.03421	0.00322	0.00247	0.02368

[dist]
# distance from previous block
# <min> <max>
2	11

[block]
# block no. 2 follows, 66 sequences, length 24
# corresponding to MSA columns:
# 1027-1050
name=unknown_C
#
# <colnr> <probs for GDERKNQSTAVLIFYWHMCP>
#	G	D	E	R	K	N	Q	S	T	A	V	L	I	F	Y	W	H	M	C	P
0	0.01629	0.16299	0.01196	0.00748	0.01065	0.00791	0.03129	0.01787	0.01087	0.63702	0.01401	0.01322	0.00939	0.00485	0.00387	0.00120	0.00373	0.02465	0.00429	0.00647
1	0.02124	0.03883	0.43492	0.02764	0.03183	0.00858	0.12539	0.01278	0.00901	0.09614	0.02409	0.04714	0.00772	0.00441	0.00399	0.00125	0.00521	0.01678	0.00235	0.08069
2	0.01063	0.00961	0.04477	0.05648	0.56199	0.02801	0.05850	0.01301	0.00954	0.10659	0.03438	0.03144	0.00818	0.00417	0.00411	0.00124	0.00476	0.00400	0.00245	0.00613
3	0.01390	0.00706	0.00885	0.00730	0.00956	0.03364	0.00585	0.03839	0.07837	0.47456	0.08568	0.02445	0.01245	0.03537	0.07264	0.01928	0.05818	0.00447	0.00418	0.00582
4	0.00973	0.00891	0.06955	0.30323	0.21124	0.01895	0.08384	0.01247	0.03036	0.11799	0.01038	0.06196	0.01898	0.00477	0.00420	0.00133	0.00490	0.01925	0.00253	0.00541
5	0.01022	0.01232	0.26458	0.06581	0.22319	0.00865	0.13953	0.01327	0.00930	0.14386	0.00986	0.06389	0.00780	0.00448	0.00418	0.00130	0.00516	0.00419	0.00251	0.00590
6	0.01035	0.00949	0.01632	0.04782	0.73270	0.00947	0.04718	0.01277	0.00934	0.05364	0.00806	0.01029	0.00656	0.00369	0.00405	0.00122	0.00486	0.00369	0.00215	0.00635
7	0.00829	0.00774	0.01371	0.23257	0.23676	0.00799	0.16574	0.01061	0.00887	0.02969	0.01268	0.12717	0.06081	0.00580	0.00448	0.00139	0.00477	0.05346	0.00248	0.00499
8	0.01009	0.06710	0.34834	0.04098	0.25279	0.00960	0.08120	0.01353	0.02439	0.10131	0.00847	0.00983	0.00628	0.00389	0.00394	0.00124	0.00528	0.00344	0.00223	0.00609
9	0.01137	0.08038	0.23129	0.01364	0.22018	0.00889	0.08677	0.01411	0.00960	0.22178	0.02484	0.04171	0.00820	0.00442	0.00401	0.00124	0.00479	0.00392	0.00279	0.00608
10	0.00866	0.04807	0.66393	0.01219	0.01774	0.00971	0.14050	0.01299	0.00878	0.02945	0.00755	0.00897	0.00540	0.00380	0.00396	0.00128	0.00602	0.00327	0.00183	0.00590
11	0.00868	0.01721	0.58120	0.01148	0.01638	0.02900	0.11269	0.01260	0.00889	0.04672	0.02372	0.03422	0.02166	0.00461	0.00435	0.00133	0.02823	0.02925	0.00211	0.00567
12	0.01050	0.05227	0.23093	0.12113	0.18600	0.03108	0.09085	0.01335	0.00936	0.15387	0.02413	0.04176	0.00779	0.00439	0.00405	0.00127	0.00507	0.00391	0.00253	0.00579
13	0.00967	0.04561	0.06096	0.04868	0.57992	0.00954	0.08251	0.01216	0.00918	0.02685	0.02138	0.01158	0.04406	0.00406	0.00419	0.00123	0.01636	0.00391	0.00214	0.00601
14	0.00742	0.00469	0.00542	0.00498	0.00657	0.00410	0.00382	0.00896	0.02950	0.15378	0.19538	0.05031	0.49203	0.00891	0.00466	0.00134	0.00230	0.00751	0.00413	0.00417
15	0.00839	0.00869	0.08115	0.15931	0.31473	0.00791	0.06420	0.01100	0.03078	0.03217	0.04850	0.09392	0.08588	0.00568	0.00433	0.00133	0.00444	0.02978	0.00257	0.00524
16	0.00951	0.04570	0.29222	0.06885	0.26228	0.00911	0.09874	0.01263	0.00914	0.07724	0.02459	0.02540	0.03782	0.00429	0.00406	0.00126	0.00515	0.00390	0.00227	0.00583
17	0.01028	0.08894	0.25735	0.01025	0.01396	0.00856	0.15585	0.03184	0.02212	0.16443	0.02398	0.03338	0.02799	0.00551	0.00429	0.00135	0.00489	0.12658	0.00291	0.00554
18	0.01636	0.00677	0.00900	0.00703	0.00989	0.00602	0.00575	0.06073	0.01194	0.68197	0.10707	0.01600	0.03134	0.00550	0.00417	0.00126	0.00330	0.00452	0.00488	0.00648
19	0.01133	0.02473	0.29111	0.04005	0.23013	0.02250	0.04566	0.01425	0.00958	0.22505	0.01016	0.04057	0.00757	0.00440	0.00403	0.00126	0.00492	0.00382	0.00274	0.00615
20	0.00897	0.02733	0.51910	0.08673	0.03606	0.00898	0.02684	0.05573	0.02696	0.06172	0.02119	0.07280	0.00786	0.00479	0.00416	0.00132	0.01753	0.00393	0.00230	0.00571
21	0.00626	0.02739	0.05428	0.00716	0.00836	0.00489	0.02113	0.00794	0.00886	0.01158	0.02164	0.25091	0.08015	0.01076	0.00524	0.00171	0.00346	0.46091	0.00355	0.00380
22	0.03832	0.12963	0.38537	0.00964	0.03134	0.02315	0.03391	0.03116	0.02838	0.15039	0.05174	0.02111	0.03933	0.00461	0.00381	0.00123	0.00478	0.00368	0.00266	0.00575
23	0.00985	0.03911	0.07237	0.25132	0.23944	0.03771	0.02967	0.01242	0.02777	0.09800	0.00922	0.05605	0.00753	0.00439	0.00395	0.00121	0.00471	0.00389	0.00242	0.08898

[dist]
# distance from previous block
# <min> <max>
0	50

[block]
# block no. 3 follows, 66 sequences, length 40
# corresponding to MSA columns:
# 1101-1140
name=unknown_D
#
# <colnr> <probs for GDERKNQSTAVLIFYWHMCP>
#	G	D	E	R	K	N	Q	S	T	A	V	L	I	F	Y	W	H	M	C	P
0	0.02184	0.00747	0.06692	0.00799	0.07195	0.00611	0.02113	0.05271	0.04317	0.11120	0.23153	0.03126	0.10837	0.00593	0.00410	0.00114	0.00316	0.00507	0.00350	0.19545
1	0.04370	0.17388	0.05277	0.13859	0.07787	0.02741	0.02806	0.05159	0.07396	0.10901	0.00927	0.01022	0.01938	0.00410	0.00367	0.00110	0.01497	0.00326	0.00264	0.15456
2	0.01006	0.06787	0.15339	0.00833	0.01159	0.03126	0.05653	0.08284	0.04694	0.10497	0.08141	0.06600	0.01109	0.01675	0.00425	0.00117	0.01761	0.01569	0.00300	0.20925
3	0.01224	0.16091	0.09140	0.00985	0.06247	0.06463	0.05281	0.25020	0.01218	0.09027	0.01813	0.02568	0.00742	0.00441	0.00373	0.00111	0.00458	0.01623	0.00295	0.10881
4	0.06389	0.27680	0.06096	0.00810	0.01115	0.05940	0.02639	0.19447	0.07549	0.07987	0.03041	0.01157	0.02030	0.00505	0.01521	0.00122	0.00440	0.03322	0.01648	0.00563
5	0.00925	0.02450	0.03091	0.13054	0.25141	0.00966	0.40954	0.01217	0.00924	0.01264	0.02023	0.02392	0.00732	0.00398	0.00445	0.00133	0.00580	0.02552	0.00210	0.00551
6	0.00494	0.00355	0.00469	0.00560	0.00587	0.00330	0.00374	0.00565	0.00782	0.01038	0.02298	0.82772	0.05348	0.01263	0.00517	0.00164	0.00234	0.01144	0.00377	0.00330
7	0.00694	0.00352	0.00525	0.00530	0.00532	0.00351	0.00354	0.00530	0.00542	0.00722	0.00786	0.05682	0.00809	0.01402	0.01529	0.83548	0.00346	0.00395	0.00187	0.00184
8	0.00992	0.00854	0.00903	0.00813	0.01038	0.00985	0.00632	0.02102	0.79315	0.01694	0.04814	0.01573	0.01339	0.00561	0.00415	0.00137	0.00316	0.00469	0.00414	0.00632
9	0.00948	0.09255	0.00947	0.00709	0.00914	0.00863	0.00572	0.17898	0.24083	0.01763	0.33535	0.01972	0.02097	0.00638	0.00425	0.00126	0.00308	0.02015	0.00400	0.00532
10	0.00970	0.00929	0.01585	0.14245	0.71722	0.00955	0.01228	0.01215	0.00908	0.01284	0.00757	0.01015	0.00628	0.00368	0.00402	0.00123	0.00490	0.00361	0.00198	0.00615
11	0.00598	0.00462	0.00688	0.00677	0.00745	0.00552	0.00530	0.00740	0.00650	0.00944	0.01053	0.01551	0.00985	0.02900	0.79068	0.00623	0.06221	0.00430	0.00215	0.00367
12	0.01813	0.00702	0.00949	0.00727	0.01042	0.00614	0.00601	0.04082	0.01181	0.81359	0.01584	0.01370	0.00996	0.00502	0.00408	0.00125	0.00348	0.00407	0.00500	0.00690
13	0.00841	0.00721	0.00841	0.00601	0.00961	0.00541	0.00481	0.01022	0.00841	0.01322	0.00721	0.00841	0.00601	0.00300	0.00300	0.00060	0.00300	0.00240	0.00240	0.88222
14	0.01080	0.04257	0.01252	0.01109	0.09403	0.03488	0.11249	0.06006	0.50699	0.04935	0.01345	0.01318	0.01011	0.00487	0.00412	0.00132	0.00408	0.00429	0.00353	0.00624
15	0.01318	0.07312	0.01516	0.03540	0.04284	0.17309	0.19077	0.26362	0.05126	0.07664	0.00900	0.00989	0.00669	0.00431	0.00417	0.00121	0.01712	0.00367	0.00296	0.00589
16	0.00579	0.00436	0.00534	0.00583	0.00658	0.00421	0.00420	0.03170	0.06042	0.01150	0.02421	0.53007	0.15796	0.03088	0.00539	0.00163	0.00260	0.08840	0.00375	0.01518
17	0.06586	0.02425	0.01280	0.04409	0.17834	0.23281	0.05156	0.21928	0.04506	0.04690	0.03479	0.01005	0.00743	0.00438	0.00389	0.00119	0.00521	0.00349	0.00285	0.00576
18	0.02421	0.09310	0.19483	0.01287	0.01642	0.01074	0.34723	0.04342	0.00900	0.01264	0.00805	0.01148	0.00666	0.00460	0.00573	0.00139	0.14218	0.04803	0.00208	0.00533
19	0.00496	0.00400	0.00443	0.00463	0.00570	0.00347	0.00339	0.00602	0.00914	0.01137	0.11301	0.22000	0.55508	0.01065	0.00490	0.00143	0.00215	0.02840	0.00383	0.00344
20	0.00746	0.00380	0.00383	0.00382	0.00478	0.00378	0.00287	0.00933	0.00860	0.01507	0.03543	0.01604	0.02856	0.00494	0.00293	0.00096	0.00189	0.00398	0.83816	0.00378
21	0.88607	0.00785	0.00596	0.00534	0.00785	0.00910	0.00439	0.01193	0.00690	0.01820	0.00565	0.00659	0.00439	0.00377	0.00251	0.00126	0.00314	0.00220	0.00251	0.00439
22	0.01516	0.01934	0.01150	0.01045	0.01254	0.84113	0.00784	0.01620	0.01150	0.00993	0.00627	0.00732	0.00523	0.00418	0.00366	0.00105	0.00732	0.00261	0.00209	0.00470
23	0.01004	0.00964	0.01647	0.02490	0.83211	0.00964	0.01245	0.01245	0.00924	0.01325	0.00763	0.01004	0.00643	0.00361	0.00402	0.00120	0.00482	0.00361	0.00201	0.00643
24	0.42553	0.02604	0.00851	0.00681	0.00959	0.00924	0.00560	0.15960	0.08867	0.20925	0.00984	0.00965	0.00694	0.00442	0.00331	0.00125	0.00348	0.00313	0.00351	0.00564
25	0.02618	0.00961	0.01662	0.01256	0.03266	0.01833	0.39908	0.13764	0.04597	0.15359	0.05141	0.03464	0.00931	0.00450	0.00443	0.00130	0.00519	0.00464	0.00313	0.02921
26	0.00559	0.00414	0.00522	0.00495	0.00597	0.00376	0.00371	0.00737	0.01113	0.01544	0.70639	0.03167	0.16238	0.00860	0.00479	0.00129	0.00194	0.00753	0.00436	0.00376
27	0.02447	0.09618	0.45916	0.01139	0.02949	0.07038	0.11815	0.02463	0.05483	0.02991	0.00843	0.03005	0.00658	0.00422	0.00390	0.00126	0.00563	0.01352	0.00212	0.00570
28	0.04385	0.00931	0.01559	0.11389	0.71233	0.00955	0.01201	0.01220	0.00902	0.01313	0.00751	0.00999	0.00624	0.00367	0.00396	0.00122	0.00482	0.00356	0.00201	0.00614
29	0.00491	0.00366	0.00458	0.00532	0.00580	0.00332	0.00362	0.00569	0.00809	0.01049	0.02642	0.67810	0.20088	0.01218	0.00510	0.00159	0.00229	0.01089	0.00377	0.00332
30	0.03534	0.00969	0.01880	0.07648	0.16854	0.00952	0.46213	0.02766	0.02313	0.05440	0.00920	0.05471	0.00748	0.00420	0.00463	0.00135	0.02017	0.00468	0.00235	0.00553
31	0.03569	0.01140	0.01244	0.10091	0.12876	0.20953	0.07091	0.11804	0.12648	0.11049	0.01010	0.03005	0.00775	0.00459	0.00401	0.00124	0.00511	0.00381	0.00298	0.00572
32	0.00705	0.00352	0.00529	0.00529	0.00529	0.00352	0.00352	0.00529	0.00529	0.00705	0.00705	0.01233	0.00705	0.01409	0.01586	0.88196	0.00352	0.00352	0.00176	0.00176
33	0.00494	0.00353	0.00471	0.00565	0.00588	0.00330	0.00377	0.00565	0.00777	0.01036	0.02236	0.85477	0.02683	0.01271	0.00518	0.00165	0.00235	0.01153	0.00377	0.00330
34	0.01016	0.02869	0.11699	0.24249	0.13298	0.07370	0.10250	0.07243	0.04528	0.06175	0.00913	0.03111	0.01720	0.00446	0.00440	0.00130	0.03367	0.00389	0.00240	0.00546
35	0.04445	0.19263	0.02739	0.00930	0.01185	0.50429	0.00756	0.06708	0.01098	0.05961	0.00691	0.00772	0.00558	0.00417	0.00368	0.00106	0.02562	0.00269	0.00232	0.00508
36	0.00695	0.00357	0.00528	0.00528	0.00531	0.00360	0.00352	0.00538	0.00536	0.00717	0.00747	0.01318	0.00755	0.05797	0.04347	0.80781	0.00379	0.00367	0.00181	0.00186
37	0.00941	0.07280	0.06679	0.04816	0.01139	0.02792	0.04494	0.06142	0.00890	0.05331	0.00826	0.01106	0.00711	0.10676	0.00614	0.00130	0.06210	0.00326	0.00245	0.38650
38	0.02542	0.09822	0.08495	0.03726	0.31717	0.12882	0.03400	0.05886	0.03530	0.04189	0.02430	0.02225	0.00755	0.00445	0.00430	0.00122	0.04305	0.02293	0.00236	0.00570
39	0.02924	0.01422	0.02748	0.00978	0.02459	0.36867	0.00772	0.30509	0.01386	0.11207	0.00873	0.00917	0.00647	0.00496	0.01600	0.00124	0.02860	0.00322	0.00313	0.00577

[dist]
# distance from previous block
# <min> <max>
3	15

[block]
# block no. 4 follows, 66 sequences, length 47
# corresponding to MSA columns:
# 1157-1203
name=unknown_E
#
# <colnr> <probs for GDERKNQSTAVLIFYWHMCP>
#	G	D	E	R	K	N	Q	S	T	A	V	L	I	F	Y	W	H	M	C	P
0	0.16075	0.00617	0.01896	0.00586	0.00747	0.02570	0.00459	0.04429	0.08287	0.04703	0.20415	0.13138	0.18514	0.02325	0.00460	0.00141	0.00279	0.03559	0.00370	0.00429
1	0.00707	0.00605	0.07073	0.00643	0.00751	0.00557	0.00516	0.04138	0.01720	0.04513	0.01171	0.03206	0.01163	0.32287	0.35306	0.00441	0.02923	0.01658	0.00250	0.00371
2	0.00772	0.00727	0.01228	0.82731	0.04784	0.00903	0.01130	0.01042	0.00814	0.01044	0.00722	0.01080	0.00543	0.00405	0.00406	0.00135	0.00539	0.00361	0.00181	0.00455
3	0.03147	0.00702	0.00909	0.00709	0.01003	0.00641	0.00582	0.06815	0.04217	0.67796	0.01525	0.01359	0.00987	0.00499	0.00396	0.00123	0.00338	0.00402	0.07189	0.00660
4	0.00794	0.00466	0.00580	0.00528	0.00676	0.00416	0.00411	0.00955	0.01068	0.16800	0.39488	0.02956	0.24155	0.00818	0.00461	0.00131	0.00232	0.04309	0.04326	0.00429
5	0.00550	0.00408	0.00524	0.00589	0.00665	0.00382	0.00455	0.00674	0.00886	0.01147	0.07843	0.35258	0.20129	0.01139	0.00521	0.00164	0.00272	0.27663	0.00380	0.00351
6	0.00487	0.00395	0.00432	0.00457	0.00561	0.00340	0.00330	0.00583	0.00890	0.01096	0.06099	0.26772	0.57965	0.01090	0.00490	0.00144	0.00213	0.00936	0.00379	0.00340
7	0.01228	0.00974	0.01132	0.00923	0.01133	0.01147	0.00757	0.45961	0.09040	0.01918	0.00945	0.01073	0.00740	0.00832	0.09973	0.00196	0.20728	0.00379	0.00331	0.00590
8	0.88607	0.00785	0.00596	0.00534	0.00785	0.00910	0.00439	0.01193	0.00690	0.01820	0.00565	0.00659	0.00439	0.00377	0.00251	0.00126	0.00314	0.00220	0.00251	0.00439
9	0.00940	0.00752	0.00875	0.00632	0.00988	0.00599	0.00508	0.07314	0.00938	0.05147	0.00781	0.00876	0.00626	0.00324	0.00313	0.00068	0.00314	0.00258	0.00265	0.77483
10	0.00841	0.00721	0.00841	0.00601	0.00961	0.00541	0.00481	0.01022	0.00841	0.01322	0.00721	0.00841	0.00601	0.00300	0.00300	0.00060	0.00300	0.00240	0.00240	0.88222
11	0.88607	0.00785	0.00596	0.00534	0.00785	0.00910	0.00439	0.01193	0.00690	0.01820	0.00565	0.00659	0.00439	0.00377	0.00251	0.00126	0.00314	0.00220	0.00251	0.00439
12	0.00490	0.00411	0.00426	0.00422	0.00555	0.00347	0.00317	0.00603	0.00951	0.01157	0.13204	0.03804	0.73914	0.01005	0.00479	0.00136	0.00204	0.00842	0.00385	0.00347
13	0.88607	0.00785	0.00596	0.00534	0.00785	0.00910	0.00439	0.01193	0.00690	0.01820	0.00565	0.00659	0.00439	0.00377	0.00251	0.00126	0.00314	0.00220	0.00251	0.00439
14	0.01004	0.00964	0.01647	0.02490	0.83211	0.00964	0.01245	0.01245	0.00924	0.01325	0.00763	0.01004	0.00643	0.00361	0.00402	0.00120	0.00482	0.00361	0.00201	0.00643
15	0.01009	0.00872	0.00917	0.00826	0.01055	0.01009	0.00642	0.02156	0.82478	0.01697	0.01651	0.01514	0.01238	0.00550	0.00413	0.00138	0.00321	0.00459	0.00413	0.00642
16	0.01061	0.00897	0.00946	0.00836	0.01075	0.01033	0.00655	0.09858	0.74692	0.01780	0.01586	0.01462	0.01185	0.00544	0.00412	0.00136	0.00333	0.00450	0.00412	0.00647
17	0.01735	0.00780	0.00991	0.00765	0.01077	0.00735	0.00630	0.16641	0.04755	0.65164	0.01488	0.01312	0.00957	0.00501	0.00408	0.00125	0.00363	0.00402	0.00481	0.00688
18	0.01764	0.00678	0.00923	0.00712	0.01016	0.00587	0.00587	0.01922	0.01161	0.79776	0.05295	0.01456	0.01132	0.00517	0.00411	0.00126	0.00338	0.00423	0.00500	0.00676
19	0.00888	0.00888	0.01243	0.01065	0.01065	0.01243	0.00888	0.00976	0.00621	0.00976	0.00533	0.00888	0.00533	0.00710	0.01331	0.00178	0.84999	0.00355	0.00178	0.00444
20	0.00501	0.00358	0.00479	0.00573	0.00600	0.00336	0.00389	0.00577	0.00784	0.01044	0.02232	0.81897	0.02668	0.01264	0.00520	0.00166	0.00241	0.04664	0.00376	0.00331
21	0.00883	0.00476	0.00617	0.00550	0.00697	0.00432	0.00427	0.01060	0.01103	0.20981	0.49621	0.04361	0.05874	0.00741	0.00446	0.00126	0.00233	0.02229	0.08690	0.00452
22	0.01737	0.00688	0.00915	0.00708	0.01007	0.00610	0.00583	0.05304	0.01172	0.74540	0.01555	0.01372	0.00993	0.00500	0.00400	0.00123	0.00339	0.00404	0.06379	0.00669
23	0.01080	0.01073	0.03358	0.04244	0.63568	0.09510	0.03469	0.01310	0.00949	0.05006	0.00783	0.00993	0.00639	0.00381	0.00416	0.00121	0.01916	0.00355	0.00214	0.00615
24	0.00711	0.02808	0.14330	0.00738	0.00907	0.03151	0.02185	0.06593	0.00900	0.03026	0.01764	0.54785	0.01977	0.00981	0.00475	0.00151	0.00346	0.03414	0.00334	0.00422
25	0.00940	0.01290	0.41262	0.00890	0.01259	0.00701	0.00975	0.02578	0.00910	0.17986	0.01329	0.23925	0.01223	0.02289	0.00458	0.00143	0.00443	0.00560	0.00300	0.00540
26	0.79931	0.05801	0.00708	0.00564	0.00819	0.04363	0.00468	0.01211	0.00717	0.01736	0.00567	0.00662	0.00448	0.00377	0.00256	0.00122	0.00338	0.00221	0.00245	0.00445
27	0.00594	0.00446	0.00640	0.00633	0.00690	0.00518	0.00477	0.00711	0.00640	0.00916	0.01097	0.01749	0.01075	0.17321	0.66459	0.00588	0.04423	0.00458	0.00221	0.00345
28	0.01056	0.68873	0.07472	0.00737	0.01085	0.01472	0.00738	0.02934	0.08532	0.01082	0.00757	0.00817	0.02239	0.00385	0.00290	0.00096	0.00430	0.00261	0.00205	0.00537
29	0.00601	0.00475	0.00560	0.00507	0.00657	0.00420	0.00385	0.00808	0.04731	0.01429	0.44404	0.02932	0.27222	0.00806	0.00452	0.00122	0.00216	0.00692	0.00396	0.12185
30	0.00502	0.00380	0.00464	0.00511	0.00579	0.00342	0.00357	0.00602	0.00879	0.01146	0.15465	0.48410	0.26633	0.01130	0.00500	0.00151	0.00220	0.01000	0.00388	0.00342
31	0.00814	0.02099	0.83640	0.01156	0.01756	0.00942	0.01499	0.01285	0.00857	0.01285	0.00728	0.00857	0.00514	0.00385	0.00385	0.00128	0.00600	0.00300	0.00171	0.00600
32	0.00992	0.00859	0.01130	0.05470	0.12916	0.05515	0.08618	0.21212	0.06702	0.01522	0.01306	0.21310	0.01275	0.03977	0.01783	0.00155	0.00442	0.03979	0.00317	0.00520
33	0.01516	0.01934	0.01150	0.01045	0.01254	0.84113	0.00784	0.01620	0.01150	0.00993	0.00627	0.00732	0.00523	0.00418	0.00366	0.00105	0.00732	0.00261	0.00209	0.00470
34	0.01820	0.00690	0.00942	0.00722	0.01036	0.00596	0.00596	0.01977	0.01161	0.83492	0.01601	0.01381	0.01004	0.00502	0.00408	0.00126	0.00345	0.00408	0.00502	0.00690
35	0.01542	0.01136	0.01218	0.00933	0.01258	0.01258	0.00771	0.81858	0.01908	0.02557	0.00974	0.00974	0.00690	0.00487	0.00406	0.00122	0.00446	0.00365	0.00406	0.00690
36	0.01103	0.82412	0.02084	0.00709	0.01050	0.05113	0.00698	0.01232	0.00838	0.00956	0.00567	0.00654	0.00521	0.00350	0.00265	0.00088	0.00447	0.00219	0.00175	0.00519
37	0.00936	0.00713	0.00802	0.00717	0.00910	0.00778	0.00556	0.03054	0.48502	0.07745	0.28216	0.01990	0.02058	0.00637	0.00434	0.00133	0.00283	0.00543	0.00430	0.00562
38	0.00766	0.00721	0.01217	0.84767	0.02794	0.00901	0.01127	0.01037	0.00811	0.01037	0.00721	0.01082	0.00541	0.00406	0.00406	0.00135	0.00541	0.00361	0.00180	0.00451
39	0.01541	0.01165	0.01215	0.00937	0.01258	0.04236	0.00772	0.78974	0.01880	0.02501	0.00962	0.00965	0.00684	0.00485	0.00404	0.00121	0.00457	0.00362	0.00399	0.00682
40	0.01004	0.00964	0.01647	0.02490	0.83211	0.00964	0.01245	0.01245	0.00924	0.01325	0.00763	0.01004	0.00643	0.00361	0.00402	0.00120	0.00482	0.00361	0.00201	0.00643
41	0.03755	0.00974	0.01476	0.07039	0.56002	0.01015	0.01094	0.18221	0.02358	0.02944	0.00826	0.01006	0.00655	0.00396	0.00399	0.00122	0.00468	0.00360	0.00252	0.00636
42	0.00501	0.00358	0.00478	0.00572	0.00598	0.00335	0.00387	0.00576	0.00783	0.01043	0.02233	0.82322	0.02670	0.01265	0.00520	0.00166	0.00241	0.04247	0.00376	0.00331
43	0.00528	0.00383	0.00499	0.00540	0.00600	0.00354	0.00383	0.00649	0.00930	0.01266	0.32559	0.47037	0.08199	0.01086	0.00502	0.00150	0.00221	0.03358	0.00403	0.00352
44	0.01034	0.05222	0.55630	0.01109	0.01585	0.23495	0.02369	0.01385	0.00941	0.02607	0.00711	0.00827	0.00526	0.00394	0.00377	0.00120	0.00626	0.00291	0.00188	0.00562
45	0.04144	0.04877	0.09593	0.00913	0.01218	0.17574	0.04504	0.19451	0.09223	0.17047	0.05470	0.02271	0.00929	0.00485	0.00394	0.00121	0.00477	0.00380	0.00339	0.00589
46	0.54855	0.02477	0.06236	0.00737	0.02204	0.08923	0.02612	0.07419	0.04236	0.04244	0.00731	0.00856	0.00569	0.00414	0.00308	0.00125	0.00399	0.01895	0.00267	0.00494

[dist]
# distance from previous block
# <min> <max>
0	2

[block]
# block no. 5 follows, 66 sequences, length 16
# corresponding to MSA columns:
# 1209-1224
name=unknown_F
#
# <colnr> <probs for GDERKNQSTAVLIFYWHMCP>
#	G	D	E	R	K	N	Q	S	T	A	V	L	I	F	Y	W	H	M	C	P
0	0.14706	0.22855	0.06391	0.03334	0.01108	0.13075	0.00715	0.13502	0.02620	0.01402	0.00914	0.01366	0.00831	0.04627	0.00438	0.00134	0.00462	0.10759	0.00261	0.00499
1	0.01040	0.00799	0.00823	0.00798	0.06662	0.13118	0.00570	0.03088	0.09756	0.17294	0.26170	0.02154	0.14713	0.00665	0.00434	0.00126	0.00344	0.00555	0.00389	0.00502
2	0.00572	0.00446	0.00533	0.00569	0.00659	0.00435	0.00417	0.00800	0.10703	0.01178	0.07326	0.39587	0.24110	0.01135	0.03034	0.00168	0.00272	0.07297	0.00380	0.00378
3	0.11322	0.27550	0.02582	0.00851	0.01117	0.28906	0.00719	0.09451	0.07685	0.01293	0.00716	0.00796	0.00588	0.00422	0.00374	0.00110	0.04489	0.00274	0.00237	0.00519
4	0.01405	0.07675	0.01202	0.00996	0.01210	0.63225	0.00768	0.04288	0.09247	0.01112	0.00732	0.00820	0.00600	0.00443	0.00411	0.00111	0.04741	0.00286	0.00232	0.00497
5	0.01004	0.00844	0.01057	0.06797	0.12667	0.03600	0.03456	0.04170	0.39501	0.06000	0.05941	0.01777	0.01300	0.00578	0.00431	0.00138	0.00388	0.09417	0.00356	0.00580
6	0.06301	0.01085	0.01147	0.00898	0.01207	0.01208	0.00737	0.67662	0.11673	0.02411	0.01034	0.01022	0.00743	0.00489	0.00398	0.00124	0.00424	0.00369	0.00398	0.00670
7	0.00511	0.00383	0.00474	0.00513	0.00583	0.00346	0.00361	0.00620	0.00907	0.01200	0.23099	0.44638	0.22686	0.01100	0.00499	0.00149	0.00217	0.00974	0.00394	0.00346
8	0.05819	0.17554	0.01064	0.02187	0.00942	0.02313	0.03680	0.09196	0.01018	0.10520	0.11133	0.12089	0.08960	0.02593	0.00465	0.00136	0.01621	0.07903	0.00335	0.00475
9	0.79917	0.00811	0.00680	0.00654	0.05057	0.00930	0.00497	0.05063	0.00761	0.01830	0.00595	0.00692	0.00462	0.00381	0.00266	0.00125	0.00329	0.00234	0.00256	0.00462
10	0.00609	0.00405	0.00542	0.00546	0.00577	0.00431	0.00376	0.00640	0.00618	0.00849	0.01156	0.02132	0.01224	0.38085	0.31106	0.15198	0.00632	0.04363	0.00230	0.00282
11	0.00596	0.00421	0.00498	0.00506	0.00539	0.00430	0.00326	0.00687	0.04495	0.00904	0.01555	0.09810	0.06267	0.56487	0.11320	0.00369	0.00446	0.03775	0.00274	0.00296
12	0.08442	0.01098	0.09456	0.01446	0.27776	0.05251	0.05123	0.15027	0.01098	0.14795	0.00896	0.01000	0.00665	0.00432	0.00449	0.00126	0.05671	0.00352	0.00285	0.00611
13	0.32068	0.00972	0.01024	0.02571	0.11564	0.08036	0.02566	0.12552	0.09777	0.04953	0.00821	0.00915	0.00634	0.00442	0.00422	0.00127	0.07261	0.00315	0.00282	0.02699
14	0.03838	0.18385	0.07095	0.07001	0.14039	0.03615	0.08846	0.09556	0.04904	0.06277	0.00994	0.01111	0.04643	0.00510	0.02928	0.00133	0.01571	0.00361	0.00254	0.03941
15	0.30954	0.09460	0.12592	0.00883	0.05347	0.01976	0.04546	0.07914	0.05295	0.06939	0.04723	0.00971	0.00747	0.00435	0.00382	0.00124	0.04177	0.00319	0.00271	0.01946

[dist]
# distance from previous block
# <min> <max>
1	12

[block]
# block no. 6 follows, 66 sequences, length 82
# corresponding to MSA columns:
# 1239-1320
name=unknown_G
#
# <colnr> <probs for GDERKNQSTAVLIFYWHMCP>
#	G	D	E	R	K	N	Q	S	T	A	V	L	I	F	Y	W	H	M	C	P
0	0.05579	0.01151	0.05460	0.03699	0.11073	0.23101	0.02646	0.08443	0.08690	0.06944	0.02873	0.03301	0.13260	0.00551	0.00414	0.00124	0.01433	0.00438	0.00296	0.00524
1	0.11295	0.06172	0.05650	0.03191	0.34881	0.07485	0.02166	0.07563	0.10274	0.02364	0.00832	0.00971	0.00664	0.00417	0.00418	0.00124	0.04364	0.00339	0.00246	0.00586
2	0.02909	0.11398	0.07320	0.11684	0.45791	0.04386	0.03611	0.04533	0.00943	0.02612	0.00746	0.00949	0.00605	0.00376	0.00382	0.00119	0.00500	0.00337	0.00208	0.00591
3	0.01043	0.01083	0.01464	0.19413	0.50889	0.15629	0.01134	0.01264	0.00936	0.01202	0.00727	0.00971	0.00599	0.00385	0.00408	0.00121	0.01620	0.00344	0.00198	0.00570
4	0.00660	0.00501	0.00562	0.00555	0.00651	0.00502	0.00391	0.07467	0.09740	0.01196	0.03268	0.25368	0.22804	0.22309	0.00877	0.00208	0.00296	0.01916	0.00351	0.00377
5	0.00657	0.00410	0.00501	0.00479	0.00578	0.00384	0.00359	0.00839	0.01043	0.03931	0.52063	0.06051	0.04832	0.00742	0.00423	0.00120	0.00197	0.00644	0.25360	0.00387
6	0.00498	0.00372	0.00464	0.00533	0.00587	0.00338	0.00369	0.00582	0.00825	0.01069	0.04506	0.62009	0.21496	0.01199	0.00509	0.00158	0.00232	0.03541	0.00378	0.00335
7	0.00487	0.00411	0.00421	0.00418	0.00552	0.00346	0.00314	0.00596	0.00942	0.01136	0.10032	0.03839	0.77100	0.01013	0.00479	0.00136	0.00204	0.00847	0.00382	0.00346
8	0.00649	0.00464	0.00648	0.00742	0.00833	0.00463	0.00646	0.00833	0.00929	0.01209	0.02151	0.06923	0.02345	0.01125	0.00559	0.00186	0.00370	0.78179	0.00374	0.00372
9	0.01085	0.85986	0.02126	0.00694	0.01041	0.01605	0.00694	0.01215	0.00824	0.00955	0.00564	0.00651	0.00521	0.00347	0.00260	0.00087	0.00434	0.00217	0.00174	0.00521
10	0.00814	0.02099	0.83640	0.01156	0.01756	0.00942	0.01499	0.01285	0.00857	0.01285	0.00728	0.00857	0.00514	0.00385	0.00385	0.00128	0.00600	0.00300	0.00171	0.00600
11	0.00572	0.00415	0.00539	0.00508	0.00605	0.00382	0.00381	0.00761	0.01143	0.01615	0.81187	0.03051	0.05646	0.00834	0.00479	0.00128	0.00192	0.00737	0.00445	0.00382
12	0.01085	0.85986	0.02126	0.00694	0.01041	0.01605	0.00694	0.01215	0.00824	0.00955	0.00564	0.00651	0.00521	0.00347	0.00260	0.00087	0.00434	0.00217	0.00174	0.00521
13	0.88607	0.00785	0.00596	0.00534	0.00785	0.00910	0.00439	0.01193	0.00690	0.01820	0.00565	0.00659	0.00439	0.00377	0.00251	0.00126	0.00314	0.00220	0.00251	0.00439
14	0.00647	0.00465	0.00644	0.00734	0.00829	0.00462	0.00640	0.00830	0.00934	0.01209	0.02227	0.04549	0.05583	0.01117	0.00557	0.00185	0.00367	0.77275	0.00374	0.00372
15	0.01542	0.01136	0.01218	0.00933	0.01258	0.01258	0.00771	0.81858	0.01908	0.02557	0.00974	0.00974	0.00690	0.00487	0.00406	0.00122	0.00446	0.00365	0.00406	0.00690
16	0.24295	0.00785	0.00890	0.00707	0.01003	0.00788	0.00582	0.13012	0.04417	0.47602	0.01245	0.01142	0.00823	0.00469	0.00367	0.00125	0.00350	0.00355	0.00420	0.00623
17	0.88607	0.00785	0.00596	0.00534	0.00785	0.00910	0.00439	0.01193	0.00690	0.01820	0.00565	0.00659	0.00439	0.00377	0.00251	0.00126	0.00314	0.00220	0.00251	0.00439
18	0.01085	0.85986	0.02126	0.00694	0.01041	0.01605	0.00694	0.01215	0.00824	0.00955	0.00564	0.00651	0.00521	0.00347	0.00260	0.00087	0.00434	0.00217	0.00174	0.00521
19	0.00771	0.00727	0.01197	0.72552	0.02529	0.00922	0.01077	0.01018	0.00785	0.01026	0.00716	0.01082	0.00559	0.00544	0.03873	0.00160	0.09472	0.00363	0.00181	0.00446
20	0.88607	0.00785	0.00596	0.00534	0.00785	0.00910	0.00439	0.01193	0.00690	0.01820	0.00565	0.00659	0.00439	0.00377	0.00251	0.00126	0.00314	0.00220	0.00251	0.00439
21	0.86775	0.00792	0.00609	0.00542	0.00795	0.00917	0.00446	0.02890	0.00716	0.01836	0.00574	0.00666	0.00445	0.00379	0.00254	0.00125	0.00317	0.00223	0.00254	0.00445
22	0.00696	0.00443	0.00572	0.00523	0.00646	0.00401	0.00398	0.00876	0.01128	0.10210	0.66712	0.02942	0.11262	0.00814	0.00471	0.00128	0.00209	0.00711	0.00446	0.00411
23	0.87178	0.00783	0.00602	0.00537	0.00789	0.00905	0.00442	0.01206	0.00698	0.03165	0.00582	0.00671	0.00449	0.00379	0.00254	0.00126	0.00314	0.00223	0.00255	0.00444
24	0.01528	0.00849	0.04634	0.00990	0.01336	0.00722	0.21453	0.01757	0.02147	0.56781	0.01404	0.01326	0.02131	0.00465	0.00426	0.00129	0.00440	0.00429	0.00410	0.00644
25	0.00514	0.00370	0.00491	0.00578	0.00617	0.00347	0.00406	0.00601	0.00808	0.01069	0.03591	0.70874	0.06366	0.01235	0.00520	0.00165	0.00250	0.10484	0.00377	0.00336
26	0.01675	0.01135	0.01032	0.00845	0.01124	0.27614	0.00672	0.10270	0.01236	0.47155	0.02391	0.01152	0.00856	0.00478	0.00395	0.00118	0.00478	0.00361	0.00397	0.00615
27	0.01413	0.00871	0.01401	0.01295	0.17273	0.00829	0.17548	0.09793	0.02593	0.38902	0.01226	0.01283	0.00856	0.00455	0.00425	0.00128	0.00453	0.02247	0.00368	0.00643
28	0.00566	0.00393	0.00475	0.00494	0.00533	0.00378	0.00321	0.00626	0.00747	0.01989	0.10931	0.24762	0.10612	0.39505	0.05640	0.00286	0.00345	0.00773	0.00318	0.00305
29	0.00758	0.00415	0.00437	0.00418	0.00545	0.00385	0.00318	0.00916	0.00901	0.08376	0.02246	0.02273	0.27500	0.00654	0.00357	0.00111	0.00208	0.00535	0.52252	0.00393
30	0.00906	0.00864	0.01470	0.36259	0.50205	0.00938	0.01197	0.01160	0.00878	0.01207	0.00746	0.01036	0.00601	0.00380	0.00403	0.00127	0.00506	0.00361	0.00192	0.00564
31	0.00949	0.00900	0.01473	0.02172	0.69615	0.00901	0.01111	0.01229	0.05765	0.01323	0.01169	0.01340	0.09370	0.00443	0.00411	0.00123	0.00443	0.00419	0.00232	0.00611
32	0.01079	0.00906	0.00957	0.00840	0.01082	0.01042	0.00659	0.12553	0.71967	0.01809	0.01563	0.01443	0.01167	0.00542	0.00412	0.00136	0.00337	0.00447	0.00412	0.00648
33	0.01036	0.06422	0.16846	0.04494	0.18278	0.10213	0.11959	0.10954	0.02064	0.01363	0.00888	0.05649	0.00765	0.00477	0.00449	0.00128	0.04219	0.03001	0.00236	0.00559
34	0.00619	0.00494	0.00562	0.00546	0.00682	0.00476	0.00425	0.02237	0.12262	0.01371	0.26356	0.03353	0.37698	0.00906	0.00479	0.00140	0.00242	0.10345	0.00402	0.00405
35	0.00841	0.00721	0.00841	0.00601	0.00961	0.00541	0.00481	0.01022	0.00841	0.01322	0.00721	0.00841	0.00601	0.00300	0.00300	0.00060	0.00300	0.00240	0.00240	0.88222
36	0.00548	0.00418	0.00516	0.00572	0.00665	0.00385	0.00452	0.00675	0.00896	0.01134	0.04272	0.23675	0.33054	0.01117	0.00518	0.00162	0.00274	0.29939	0.00377	0.00351
37	0.00480	0.00411	0.00411	0.00411	0.00548	0.00343	0.00308	0.00582	0.00925	0.01096	0.04110	0.03905	0.83046	0.01028	0.00480	0.00137	0.00206	0.00856	0.00377	0.00343
38	0.00672	0.00387	0.00484	0.00528	0.00594	0.00364	0.00370	0.00782	0.00828	0.07880	0.01940	0.56151	0.02107	0.00995	0.00446	0.00143	0.00232	0.00885	0.23840	0.00372
39	0.00483	0.00411	0.00416	0.00414	0.00550	0.00344	0.00311	0.00589	0.00933	0.01114	0.06851	0.03874	0.80293	0.01021	0.00479	0.00137	0.00205	0.00852	0.00379	0.00344
40	0.00938	0.00432	0.00475	0.00437	0.00569	0.00416	0.00337	0.01122	0.00904	0.15551	0.01371	0.01490	0.01034	0.00478	0.00305	0.00100	0.00216	0.00383	0.73012	0.00432
