[name]
unknown

[dist]
# distance from previous block
# <min> <max>
0	81

[block]
# block no. 0 follows, 63 sequences, length 8
# corresponding to MSA columns:
# 81-88
name=unknown_A
#
# <colnr> <probs for GDERKNQSTAVLIFYWHMCP>
#	G	D	E	R	K	N	Q	S	T	A	V	L	I	F	Y	W	H	M	C	P
0	0.01093	0.09233	0.14118	0.08967	0.10295	0.04771	0.03975	0.04269	0.04277	0.13739	0.02016	0.01346	0.00871	0.07752	0.02334	0.00162	0.02882	0.02825	0.00278	0.04798
1	0.03350	0.00920	0.01270	0.29313	0.15013	0.05611	0.04853	0.08693	0.06111	0.05000	0.01022	0.01206	0.04242	0.00461	0.00445	0.00129	0.03465	0.00390	0.00261	0.08245
2	0.05115	0.00914	0.01360	0.31109	0.15372	0.04599	0.09357	0.07178	0.00982	0.07068	0.00848	0.01118	0.00662	0.03293	0.00509	0.00140	0.03955	0.00379	0.00245	0.05797
3	0.03016	0.00845	0.03633	0.00838	0.06303	0.10568	0.04094	0.03693	0.07325	0.02411	0.09530	0.08374	0.20959	0.06463	0.00557	0.00148	0.00381	0.01691	0.00329	0.08842
4	0.04431	0.19668	0.05999	0.00942	0.08262	0.09673	0.00744	0.07785	0.08174	0.09736	0.05867	0.03296	0.04293	0.00496	0.00376	0.00114	0.00430	0.00387	0.00302	0.09025
5	0.08879	0.02858	0.06156	0.13283	0.07647	0.04266	0.00777	0.08318	0.02414	0.09600	0.05093	0.04965	0.03040	0.00497	0.00413	0.00119	0.02604	0.00400	0.00295	0.18374
6	0.01110	0.00964	0.06404	0.17470	0.21560	0.04613	0.00947	0.07365	0.11218	0.12766	0.01149	0.06569	0.00940	0.04468	0.00505	0.00147	0.00467	0.00449	0.00303	0.00587
7	0.01075	0.04764	0.04809	0.28789	0.08971	0.04638	0.00943	0.10212	0.10044	0.08327	0.01012	0.04826	0.00805	0.00502	0.00469	0.00134	0.05389	0.00407	0.00281	0.03602

[dist]
# distance from previous block
# <min> <max>
7	36

[block]
# block no. 1 follows, 63 sequences, length 13
# corresponding to MSA columns:
# 126-138
name=unknown_B
#
# <colnr> <probs for GDERKNQSTAVLIFYWHMCP>
#	G	D	E	R	K	N	Q	S	T	A	V	L	I	F	Y	W	H	M	C	P
0	0.02631	0.00798	0.00945	0.00852	0.02999	0.09873	0.05881	0.05365	0.03692	0.06945	0.03810	0.14179	0.01235	0.06357	0.14113	0.05572	0.06704	0.00530	0.00293	0.07226
1	0.09369	0.00906	0.05859	0.08749	0.12470	0.03727	0.09837	0.05027	0.04608	0.04394	0.01080	0.05817	0.02987	0.02613	0.13840	0.00226	0.03464	0.00443	0.00261	0.04323
2	0.07947	0.12492	0.12737	0.04379	0.01357	0.10821	0.09487	0.12941	0.02190	0.07635	0.00988	0.08417	0.00841	0.01899	0.01616	0.00138	0.00513	0.00415	0.00281	0.02906
3	0.11161	0.07344	0.05365	0.04691	0.08620	0.02267	0.07332	0.05665	0.07091	0.08770	0.04125	0.14611	0.07188	0.00633	0.00431	0.00135	0.01452	0.00541	0.00318	0.02261
4	0.00933	0.09907	0.08213	0.08046	0.11193	0.06648	0.05541	0.04751	0.00969	0.05347	0.02797	0.18941	0.09557	0.00681	0.00462	0.00135	0.02820	0.00584	0.00288	0.02187
5	0.00651	0.00489	0.00701	0.00684	0.00778	0.00555	0.00532	0.04427	0.00746	0.01068	0.01158	0.05018	0.01093	0.02868	0.73772	0.00611	0.01034	0.00471	0.00242	0.03103
6	0.01048	0.08000	0.07557	0.00865	0.05541	0.06439	0.01934	0.06819	0.02750	0.06330	0.00984	0.01066	0.04386	0.00407	0.00368	0.00094	0.01560	0.00319	0.00271	0.43263
7	0.08588	0.00923	0.01091	0.00925	0.01076	0.03639	0.02276	0.22032	0.06710	0.01565	0.00919	0.04050	0.00809	0.04020	0.10281	0.00222	0.29654	0.00413	0.00285	0.00522
8	0.02923	0.00811	0.01333	0.51408	0.25489	0.00916	0.01127	0.01158	0.00883	0.03726	0.00821	0.03083	0.00658	0.00427	0.00414	0.00133	0.00515	0.00387	0.00212	0.03576
9	0.00525	0.00377	0.00500	0.00589	0.00624	0.00352	0.00405	0.00611	0.00835	0.01112	0.05751	0.74413	0.05212	0.01281	0.00536	0.00170	0.00249	0.05717	0.00393	0.00347
10	0.01543	0.01645	0.01198	0.01028	0.01286	0.49760	0.00797	0.28774	0.07128	0.01631	0.00847	0.00901	0.00653	0.00467	0.00397	0.00117	0.00628	0.00322	0.00301	0.00577
11	0.00616	0.00408	0.00475	0.00483	0.00489	0.00407	0.00286	0.00621	0.00634	0.00843	0.01380	0.05829	0.01584	0.74185	0.01980	0.04250	0.00399	0.04607	0.00263	0.00261
12	0.00601	0.00450	0.00676	0.00676	0.00751	0.00525	0.00525	0.00751	0.00676	0.00976	0.01126	0.01651	0.01051	0.03153	0.83560	0.00676	0.01126	0.00450	0.00225	0.00375

[dist]
# distance from previous block
# <min> <max>
0	22

[block]
# block no. 2 follows, 63 sequences, length 40
# corresponding to MSA columns:
# 161-200
name=unknown_C
#
# <colnr> <probs for GDERKNQSTAVLIFYWHMCP>
#	G	D	E	R	K	N	Q	S	T	A	V	L	I	F	Y	W	H	M	C	P
0	0.01115	0.22034	0.13785	0.03363	0.01315	0.09376	0.06568	0.06240	0.11980	0.07156	0.04062	0.04362	0.02631	0.00502	0.00414	0.00123	0.02619	0.00398	0.00282	0.01675
1	0.00833	0.10817	0.03221	0.06331	0.11152	0.00840	0.05369	0.02693	0.14295	0.01355	0.12962	0.15468	0.08935	0.00732	0.01336	0.00143	0.02072	0.00615	0.00325	0.00506
2	0.00991	0.00762	0.00954	0.04390	0.01129	0.00610	0.02917	0.02529	0.00928	0.09980	0.00851	0.00952	0.00666	0.00343	0.00335	0.00076	0.00342	0.00282	0.00277	0.70686
3	0.00872	0.00747	0.00872	0.00623	0.00996	0.00560	0.00498	0.01058	0.00872	0.01370	0.00747	0.00872	0.00623	0.00311	0.00311	0.00062	0.00311	0.00249	0.00249	0.87796
4	0.00944	0.00877	0.01118	0.01005	0.04798	0.08681	0.13994	0.01436	0.26157	0.03954	0.03788	0.21077	0.04519	0.00710	0.00461	0.00142	0.00415	0.01696	0.00348	0.03880
5	0.18896	0.03595	0.09841	0.00853	0.01123	0.00811	0.10819	0.06727	0.01874	0.14991	0.01203	0.13985	0.01085	0.08857	0.02109	0.00174	0.01719	0.00507	0.00316	0.00515
6	0.07688	0.32860	0.46806	0.00971	0.01468	0.01228	0.01160	0.01297	0.00862	0.01248	0.00679	0.00793	0.00529	0.00384	0.00341	0.00117	0.00535	0.00272	0.00185	0.00578
7	0.00515	0.00425	0.00453	0.00450	0.00580	0.00362	0.00336	0.00637	0.00996	0.01234	0.18487	0.06512	0.65487	0.01035	0.00498	0.00141	0.00211	0.00874	0.00404	0.00362
8	0.01123	0.00941	0.00994	0.00871	0.01122	0.01082	0.00684	0.13234	0.70719	0.01883	0.01613	0.01491	0.01204	0.00561	0.00427	0.00140	0.00351	0.00462	0.00427	0.00672
9	0.00513	0.00380	0.00480	0.00553	0.00603	0.00347	0.00377	0.00598	0.00851	0.01113	0.06429	0.66174	0.17547	0.01249	0.00527	0.00164	0.00236	0.01118	0.00394	0.00347
10	0.00898	0.17993	0.66310	0.01106	0.01667	0.01112	0.01384	0.01312	0.00877	0.01261	0.00719	0.00848	0.00534	0.00397	0.00391	0.00126	0.01990	0.00295	0.00178	0.00603
11	0.01010	0.03109	0.37284	0.01392	0.01877	0.02913	0.34977	0.01392	0.00956	0.07610	0.00854	0.01027	0.00617	0.00398	0.00464	0.00136	0.02769	0.00396	0.00220	0.00597
12	0.00611	0.00408	0.00458	0.00458	0.00458	0.00408	0.00255	0.00611	0.00611	0.00815	0.01325	0.02751	0.01528	0.85226	0.02140	0.00408	0.00408	0.00611	0.00255	0.00255
13	0.00843	0.02174	0.83048	0.01198	0.01819	0.00976	0.01553	0.01331	0.00888	0.01331	0.00754	0.00888	0.00533	0.00399	0.00399	0.00133	0.00621	0.00311	0.00178	0.00621
14	0.00957	0.01059	0.13668	0.01069	0.02853	0.00900	0.18358	0.09486	0.22016	0.02774	0.05681	0.05068	0.09430	0.00597	0.00455	0.00140	0.00452	0.02831	0.01633	0.00573
15	0.00789	0.00423	0.00574	0.00555	0.00589	0.00429	0.00380	0.04155	0.02292	0.02280	0.00877	0.01409	0.00835	0.07496	0.01465	0.66664	0.00357	0.00389	0.07795	0.00248
16	0.06308	0.00720	0.00957	0.00738	0.01060	0.00635	0.00610	0.02007	0.01178	0.78744	0.01603	0.01393	0.01011	0.00514	0.00414	0.00130	0.00356	0.00413	0.00507	0.00702
17	0.00506	0.00414	0.00441	0.00459	0.00573	0.00355	0.00332	0.00604	0.00922	0.01123	0.05279	0.19007	0.63273	0.04101	0.00563	0.00157	0.00225	0.00932	0.00387	0.00350
18	0.01187	0.74123	0.04462	0.00743	0.01107	0.01555	0.00739	0.03840	0.00916	0.07087	0.00682	0.00747	0.00582	0.00377	0.00290	0.00095	0.00448	0.00247	0.00212	0.00560
19	0.00794	0.00747	0.01261	0.84216	0.02895	0.00934	0.01167	0.01074	0.00841	0.01074	0.00747	0.01121	0.00560	0.00420	0.00420	0.00140	0.00560	0.00374	0.00187	0.00467
20	0.00512	0.00367	0.00486	0.00581	0.00609	0.00342	0.00388	0.00586	0.00809	0.01075	0.02369	0.82768	0.04931	0.01310	0.00535	0.00170	0.00243	0.01187	0.00390	0.00342
21	0.00917	0.00889	0.01539	0.40284	0.36164	0.00986	0.07118	0.01182	0.00892	0.01217	0.00765	0.01079	0.00610	0.00410	0.00466	0.00136	0.04209	0.00383	0.00198	0.00557
22	0.00560	0.00426	0.00515	0.00497	0.00608	0.00381	0.00371	0.00724	0.01101	0.01485	0.54040	0.06100	0.29778	0.00942	0.00497	0.00137	0.00205	0.00816	0.00437	0.00381
23	0.00512	0.00366	0.00488	0.00585	0.00610	0.00341	0.00390	0.00585	0.00805	0.01073	0.02317	0.84952	0.02780	0.01317	0.00537	0.00171	0.00244	0.01195	0.00390	0.00341
24	0.02985	0.00748	0.00905	0.03995	0.03943	0.02934	0.00621	0.11505	0.07401	0.34521	0.01876	0.14489	0.10842	0.00695	0.00444	0.00138	0.00357	0.00583	0.00428	0.00589
25	0.00949	0.04611	0.63147	0.01250	0.07931	0.00993	0.01398	0.01360	0.00900	0.07336	0.00806	0.00935	0.00582	0.00425	0.00457	0.00134	0.05636	0.00325	0.00206	0.00619
26	0.00502	0.00405	0.00448	0.00483	0.00583	0.00350	0.00345	0.00597	0.00904	0.01113	0.03568	0.32814	0.54110	0.01154	0.00511	0.00152	0.00224	0.00997	0.00390	0.00350
27	0.00855	0.02094	0.76831	0.01242	0.01849	0.00983	0.07690	0.01332	0.00896	0.01332	0.00762	0.00907	0.00541	0.00396	0.00407	0.00134	0.00628	0.00325	0.00180	0.00617
28	0.04669	0.01015	0.01214	0.00939	0.01264	0.03235	0.06914	0.38272	0.08939	0.27270	0.01238	0.01183	0.00848	0.00498	0.00421	0.00130	0.00440	0.00402	0.00425	0.00684
29	0.02375	0.00586	0.00714	0.00630	0.00793	0.00586	0.03824	0.12852	0.01069	0.12441	0.01512	0.16637	0.01342	0.02808	0.00435	0.00132	0.00299	0.02380	0.38106	0.00478
30	0.01074	0.00870	0.01220	0.00967	0.01222	0.03275	0.18643	0.21843	0.06448	0.07214	0.08516	0.08910	0.11256	0.03632	0.00542	0.01397	0.00435	0.01633	0.00363	0.00541
31	0.01137	0.00648	0.00843	0.00715	0.00884	0.00651	0.02589	0.11379	0.01067	0.25997	0.10787	0.11244	0.01598	0.18930	0.04377	0.00220	0.05457	0.00583	0.00389	0.00504
32	0.00856	0.00780	0.01261	0.77792	0.02772	0.00962	0.01139	0.07257	0.00928	0.01196	0.00767	0.01112	0.00572	0.00427	0.00420	0.00139	0.00553	0.00374	0.00205	0.00486
33	0.11952	0.01773	0.01130	0.01007	0.01242	0.64845	0.00768	0.10134	0.01218	0.01305	0.00681	0.00776	0.00550	0.00436	0.00369	0.00113	0.00675	0.00277	0.00244	0.00508
34	0.00934	0.00887	0.01455	0.30459	0.42908	0.02518	0.03286	0.02639	0.00919	0.01251	0.00851	0.03775	0.00729	0.02928	0.02586	0.00154	0.00536	0.00410	0.00212	0.00563
35	0.01335	0.04301	0.01150	0.00890	0.01192	0.03886	0.00721	0.39943	0.29263	0.03869	0.01215	0.01178	0.00897	0.00504	0.00407	0.00125	0.00412	0.00392	0.00395	0.07925
36	0.07534	0.00623	0.03625	0.00636	0.00820	0.00543	0.01965	0.02986	0.00830	0.05877	0.02530	0.12786	0.07769	0.08873	0.08109	0.11905	0.00409	0.02464	0.00293	0.19422
37	0.02433	0.09284	0.13027	0.06901	0.26117	0.00948	0.05257	0.01427	0.07248	0.14965	0.01097	0.07570	0.00897	0.00491	0.00413	0.00130	0.00468	0.00434	0.00284	0.00609
38	0.00929	0.17850	0.53358	0.01235	0.07907	0.01117	0.06130	0.01350	0.04001	0.01287	0.00767	0.00900	0.00579	0.00394	0.00383	0.00125	0.00573	0.00317	0.00192	0.00608
39	0.00750	0.07197	0.03930	0.00659	0.00840	0.00701	0.00537	0.01210	0.25514	0.01368	0.10815	0.12735	0.23683	0.03264	0.00511	0.00151	0.00301	0.04978	0.00381	0.00475

[dist]
# distance from previous block
# <min> <max>
0	4

[block]
# block no. 3 follows, 63 sequences, length 10
# corresponding to MSA columns:
# 207-216
name=unknown_D
#
# <colnr> <probs for GDERKNQSTAVLIFYWHMCP>
#	G	D	E	R	K	N	Q	S	T	A	V	L	I	F	Y	W	H	M	C	P
0	0.00634	0.00510	0.00581	0.00589	0.00719	0.00497	0.00454	0.00947	0.14895	0.01320	0.12656	0.14462	0.35701	0.01004	0.00503	0.00153	0.00263	0.13291	0.00405	0.00417
1	0.01071	0.03900	0.12357	0.06104	0.29706	0.08715	0.02735	0.01366	0.05545	0.09728	0.01058	0.05884	0.00897	0.00668	0.05789	0.00166	0.00545	0.02915	0.00264	0.00585
2	0.01104	0.00909	0.05232	0.00944	0.09427	0.00795	0.00707	0.07666	0.18318	0.11413	0.01089	0.01117	0.00821	0.00418	0.00373	0.00103	0.00368	0.00344	0.00325	0.38527
3	0.00755	0.00709	0.01215	0.06901	0.01316	0.00714	0.24348	0.01066	0.09605	0.01278	0.08103	0.22521	0.09165	0.00931	0.05871	0.00185	0.02406	0.02133	0.00318	0.00463
4	0.00812	0.00504	0.00656	0.00637	0.00752	0.00494	0.02901	0.05049	0.03417	0.10202	0.01911	0.37054	0.05004	0.03713	0.05882	0.00189	0.00343	0.04261	0.15789	0.00429
5	0.03657	0.07529	0.08706	0.07843	0.19137	0.08978	0.13079	0.05093	0.03223	0.04146	0.02677	0.04607	0.00939	0.00515	0.00440	0.00134	0.01523	0.06957	0.00258	0.00559
6	0.01025	0.01103	0.09525	0.04754	0.61285	0.00995	0.05709	0.05074	0.00998	0.01415	0.00848	0.01157	0.00710	0.00410	0.00425	0.00129	0.00519	0.03055	0.00221	0.00643
7	0.00670	0.00540	0.00814	0.00823	0.04683	0.00623	0.03026	0.00787	0.00702	0.01002	0.01183	0.13071	0.01206	0.07059	0.46009	0.04952	0.11679	0.00545	0.00241	0.00384
8	0.00540	0.00386	0.00519	0.00608	0.00647	0.00365	0.00431	0.00638	0.00852	0.01138	0.07474	0.68529	0.02807	0.01266	0.00540	0.00171	0.00261	0.12081	0.00394	0.00351
9	0.00985	0.00920	0.03673	0.02348	0.01125	0.07391	0.03006	0.03710	0.03407	0.03615	0.00816	0.00936	0.00657	0.00362	0.00364	0.00082	0.02472	0.00285	0.02496	0.61351

[dist]
# distance from previous block
# <min> <max>
0	29

[block]
# block no. 4 follows, 63 sequences, length 54
# corresponding to MSA columns:
# 246-294,296-300
name=unknown_E
#
# <colnr> <probs for GDERKNQSTAVLIFYWHMCP>
#	G	D	E	R	K	N	Q	S	T	A	V	L	I	F	Y	W	H	M	C	P
0	0.01267	0.09547	0.20945	0.01084	0.06369	0.06702	0.07966	0.08689	0.02159	0.22815	0.03067	0.04561	0.01955	0.00493	0.00412	0.00128	0.00496	0.00411	0.00319	0.00615
1	0.00933	0.15340	0.51022	0.01243	0.01775	0.01111	0.18877	0.02605	0.00923	0.01301	0.00752	0.00909	0.00560	0.00385	0.00400	0.00128	0.00610	0.00339	0.00189	0.00598
2	0.00805	0.00757	0.01286	0.73814	0.07654	0.00918	0.02899	0.01078	0.00853	0.01102	0.00818	0.02988	0.00657	0.00451	0.00428	0.00141	0.00549	0.02128	0.00197	0.00477
3	0.00909	0.00936	0.03461	0.30797	0.27057	0.00956	0.21745	0.01195	0.00922	0.01249	0.00912	0.02548	0.01922	0.00437	0.00446	0.00138	0.00565	0.03042	0.00213	0.00551
4	0.01009	0.00965	0.01636	0.12892	0.70982	0.00991	0.01263	0.01280	0.02452	0.01343	0.00802	0.01060	0.00664	0.00384	0.00417	0.00127	0.00504	0.00376	0.00209	0.00641
5	0.01124	0.85479	0.02203	0.00719	0.01079	0.01663	0.00719	0.01259	0.00854	0.00989	0.00584	0.00674	0.00539	0.00360	0.00270	0.00090	0.00450	0.00225	0.00180	0.00539
6	0.00845	0.00867	0.04449	0.01023	0.01073	0.01097	0.02426	0.00972	0.00668	0.01023	0.00697	0.01089	0.00666	0.01265	0.20046	0.00293	0.60471	0.00387	0.00194	0.00449
7	0.00575	0.00437	0.00611	0.00618	0.00700	0.00473	0.00471	0.00714	0.00766	0.01055	0.06823	0.09915	0.14550	0.02500	0.57183	0.00508	0.00838	0.00610	0.00282	0.00370
8	0.13497	0.01127	0.01173	0.00910	0.01236	0.01254	0.00752	0.70215	0.01803	0.02544	0.00951	0.00964	0.00679	0.00489	0.00398	0.00127	0.00444	0.00358	0.00398	0.00679
9	0.00920	0.00920	0.01288	0.01104	0.01104	0.01288	0.00920	0.01012	0.00644	0.01012	0.00552	0.00920	0.00552	0.00736	0.01380	0.00184	0.84457	0.00368	0.00184	0.00460
10	0.00620	0.00411	0.00501	0.00501	0.00513	0.00423	0.00308	0.00628	0.00616	0.00834	0.01242	0.02449	0.01384	0.64894	0.15177	0.07905	0.00519	0.00564	0.00244	0.00268
11	0.00557	0.00456	0.00496	0.00481	0.00616	0.00408	0.00362	0.00755	0.05873	0.01328	0.26156	0.03642	0.55421	0.00977	0.00492	0.00139	0.00216	0.00827	0.00413	0.00385
12	0.00512	0.00366	0.00488	0.00585	0.00610	0.00341	0.00390	0.00585	0.00805	0.01073	0.02317	0.84952	0.02780	0.01317	0.00537	0.00171	0.00244	0.01195	0.00390	0.00341
13	0.00794	0.00747	0.01261	0.84216	0.02895	0.00934	0.01167	0.01074	0.00841	0.01074	0.00747	0.01121	0.00560	0.00420	0.00420	0.00140	0.00560	0.00374	0.00187	0.00467
14	0.00517	0.00369	0.00493	0.00591	0.00618	0.00346	0.00399	0.00594	0.00810	0.01079	0.02314	0.82546	0.02770	0.01312	0.00538	0.00171	0.00248	0.03552	0.00390	0.00343
15	0.01492	0.00613	0.00805	0.00648	0.00898	0.00543	0.00524	0.01666	0.01139	0.55792	0.12969	0.01698	0.01460	0.00562	0.00408	0.00124	0.00304	0.00464	0.17281	0.00608
16	0.00610	0.00411	0.00477	0.00477	0.00484	0.00418	0.00278	0.00623	0.00617	0.00829	0.01307	0.02656	0.01487	0.78174	0.09136	0.00431	0.00469	0.00597	0.00252	0.00265
17	0.01165	0.00622	0.00689	0.00583	0.00775	0.00632	0.00464	0.18581	0.01179	0.16939	0.01346	0.01421	0.00992	0.00499	0.00345	0.00110	0.00284	0.00395	0.52457	0.00522
18	0.01045	0.00834	0.01244	0.59853	0.03495	0.00983	0.01052	0.17155	0.01098	0.07912	0.00873	0.01122	0.00631	0.00444	0.00420	0.00136	0.00524	0.00378	0.00260	0.00539
19	0.01315	0.01069	0.01117	0.00952	0.02976	0.04081	0.00745	0.38006	0.41003	0.02128	0.01335	0.01275	0.00986	0.00531	0.00422	0.00134	0.00410	0.00422	0.00412	0.00682
20	0.00940	0.05995	0.53975	0.01360	0.14970	0.03325	0.03057	0.01329	0.00915	0.03257	0.00772	0.00915	0.00576	0.00390	0.00392	0.00124	0.00571	0.00318	0.00198	0.06621
21	0.00989	0.45384	0.41114	0.00950	0.01435	0.01333	0.01121	0.01294	0.00870	0.01154	0.00666	0.00777	0.00536	0.00379	0.00332	0.00111	0.00532	0.00266	0.00179	0.00579
22	0.00512	0.00366	0.00488	0.00585	0.00610	0.00341	0.00390	0.00585	0.00805	0.01073	0.02317	0.84952	0.02780	0.01317	0.00537	0.00171	0.00244	0.01195	0.00390	0.00341
23	0.00794	0.00747	0.01261	0.84216	0.02895	0.00934	0.01167	0.01074	0.00841	0.01074	0.00747	0.01121	0.00560	0.00420	0.00420	0.00140	0.00560	0.00374	0.00187	0.00467
24	0.00967	0.13200	0.06122	0.41113	0.13227	0.03301	0.07964	0.01242	0.02184	0.04485	0.00786	0.01040	0.00607	0.00410	0.00416	0.00130	0.01703	0.00360	0.00209	0.00536
25	0.00868	0.00853	0.03680	0.55131	0.22539	0.02504	0.01156	0.01117	0.00861	0.01135	0.00755	0.01096	0.00595	0.00468	0.00488	0.05147	0.00540	0.00370	0.00192	0.00505
26	0.00611	0.00409	0.00464	0.00464	0.00466	0.00410	0.00261	0.00615	0.00613	0.00819	0.01320	0.02723	0.01516	0.83173	0.04176	0.00414	0.00426	0.00607	0.00254	0.00258
27	0.00833	0.00578	0.00681	0.00609	0.00770	0.00566	0.00469	0.11433	0.06922	0.07978	0.39140	0.07956	0.18724	0.00836	0.00478	0.00136	0.00260	0.00717	0.00440	0.00470
28	0.00911	0.00916	0.03767	0.46125	0.31687	0.02782	0.01198	0.01194	0.02464	0.01201	0.00774	0.01079	0.00611	0.00416	0.00448	0.00135	0.03174	0.00372	0.00200	0.00548
29	0.01344	0.00825	0.00944	0.03180	0.01072	0.10005	0.03021	0.07450	0.04516	0.35438	0.12796	0.11059	0.02822	0.00721	0.02704	0.00148	0.00410	0.00548	0.00423	0.00574
30	0.00843	0.02174	0.83048	0.01198	0.01819	0.00976	0.01553	0.01331	0.00888	0.01331	0.00754	0.00888	0.00533	0.00399	0.00399	0.00133	0.00621	0.00311	0.00178	0.00621
31	0.01095	0.00872	0.00966	0.00906	0.04986	0.00980	0.00675	0.09979	0.57640	0.05017	0.02877	0.03328	0.01267	0.00578	0.00424	0.00138	0.00344	0.01765	0.05524	0.00641
32	0.00886	0.00636	0.02427	0.00774	0.00952	0.00603	0.06223	0.02468	0.12972	0.12826	0.05605	0.18272	0.11127	0.01979	0.00522	0.00161	0.00349	0.20335	0.00399	0.00483
33	0.00512	0.00366	0.00488	0.00585	0.00610	0.00341	0.00390	0.00585	0.00805	0.01073	0.02317	0.84952	0.02780	0.01317	0.00537	0.00171	0.00244	0.01195	0.00390	0.00341
34	0.00607	0.00406	0.00460	0.00464	0.00466	0.00404	0.00261	0.00610	0.00620	0.00827	0.01371	0.06629	0.01587	0.81268	0.02064	0.00396	0.00400	0.00639	0.00261	0.00259
35	0.00933	0.00888	0.01494	0.37407	0.45488	0.00978	0.01219	0.01209	0.02357	0.01245	0.00784	0.01082	0.00630	0.00405	0.00437	0.00133	0.02157	0.00376	0.00202	0.00577
36	0.00628	0.00458	0.00571	0.00579	0.00663	0.00448	0.00425	0.02415	0.00907	0.03805	0.12754	0.29837	0.24394	0.04866	0.05540	0.02947	0.04567	0.03451	0.00372	0.00373
37	0.00802	0.00755	0.01275	0.81653	0.05398	0.00936	0.01171	0.01081	0.00844	0.01083	0.00749	0.01118	0.00564	0.00419	0.00420	0.00140	0.00558	0.00374	0.00187	0.00473
38	0.00597	0.00413	0.00526	0.00539	0.00568	0.00428	0.00356	0.00644	0.00663	0.00900	0.01468	0.12912	0.04304	0.44480	0.24752	0.04667	0.00580	0.00638	0.00265	0.00300
39	0.05189	0.09848	0.20599	0.04201	0.04516	0.26269	0.12433	0.03730	0.03634	0.02252	0.00804	0.03184	0.00650	0.00434	0.00395	0.00123	0.00611	0.00350	0.00225	0.00551
40	0.04016	0.08551	0.03729	0.04589	0.02344	0.02619	0.08700	0.09823	0.12808	0.09090	0.01472	0.10877	0.01363	0.00700	0.00455	0.00147	0.00429	0.17401	0.00347	0.00539
41	0.00934	0.42012	0.12603	0.00767	0.01059	0.02208	0.00748	0.03115	0.02635	0.02274	0.01182	0.22370	0.01231	0.00660	0.00382	0.00124	0.00418	0.04516	0.00260	0.00501
42	0.01139	0.37289	0.05852	0.02958	0.02908	0.06450	0.09790	0.07096	0.14055	0.03360	0.02121	0.00992	0.00751	0.00435	0.00393	0.00117	0.03124	0.00338	0.00256	0.00577
43	0.05609	0.00817	0.00981	0.00829	0.02780	0.00826	0.03591	0.22721	0.09295	0.10282	0.01357	0.13824	0.02616	0.01928	0.00478	0.01608	0.01293	0.02961	0.00366	0.15838
44	0.05092	0.04674	0.06431	0.16744	0.16207	0.05474	0.05765	0.07845	0.08318	0.10915	0.02373	0.02301	0.02430	0.01853	0.00442	0.00136	0.00484	0.01645	0.00291	0.00580
45	0.00884	0.17481	0.64999	0.01088	0.01639	0.01082	0.01357	0.01292	0.00876	0.01257	0.00763	0.02673	0.00591	0.00457	0.01741	0.00135	0.00590	0.00316	0.00183	0.00596
46	0.00877	0.00885	0.01660	0.51805	0.11089	0.00978	0.24261	0.01176	0.00897	0.01184	0.00782	0.01116	0.00594	0.00396	0.00442	0.00139	0.00597	0.00409	0.00196	0.00517
47	0.01139	0.04917	0.10659	0.15630	0.06895	0.02991	0.14842	0.08888	0.04846	0.14430	0.02796	0.03812	0.00845	0.00487	0.00479	0.00136	0.04907	0.00426	0.00291	0.00585
48	0.01344	0.02680	0.15436	0.05782	0.14314	0.06224	0.06134	0.07454	0.02875	0.29448	0.02499	0.02085	0.00849	0.00466	0.00419	0.00129	0.00490	0.00396	0.00336	0.00640
49	0.00611	0.00408	0.00458	0.00458	0.00458	0.00408	0.00255	0.00611	0.00611	0.00815	0.01325	0.02751	0.01528	0.85226	0.02140	0.00408	0.00408	0.00611	0.00255	0.00255
50	0.00545	0.00413	0.00503	0.00522	0.00613	0.00371	0.00381	0.00679	0.01003	0.01330	0.33170	0.26411	0.27654	0.01061	0.00511	0.00148	0.00222	0.03677	0.00418	0.00368
51	0.01174	0.08439	0.17512	0.07996	0.10445	0.16692	0.12203	0.07333	0.03778	0.06575	0.00840	0.00983	0.00638	0.00427	0.00437	0.00127	0.03221	0.00353	0.00243	0.00583
52	0.06477	0.07701	0.01234	0.00901	0.01194	0.02988	0.00745	0.55739	0.04502	0.03541	0.01040	0.06228	0.00830	0.00549	0.00450	0.00129	0.04321	0.00410	0.00377	0.00644
53	0.00635	0.00581	0.02951	0.11263	0.01031	0.04451	0.03091	0.00760	0.00827	0.01081	0.01861	0.60031	0.02142	0.01173	0.04097	0.00184	0.02172	0.00951	0.00333	0.00383

[dist]
# distance from previous block
# <min> <max>
4	10

[block]
# block no. 5 follows, 63 sequences, length 21
# corresponding to MSA columns:
# 314-317,325-331,339-348
name=unknown_F
#
# <colnr> <probs for GDERKNQSTAVLIFYWHMCP>
#	G	D	E	R	K	N	Q	S	T	A	V	L	I	F	Y	W	H	M	C	P
0	0.02694	0.07322	0.36606	0.05629	0.08306	0.04407	0.13379	0.03179	0.00959	0.01338	0.06014	0.01236	0.05109	0.00461	0.00428	0.00131	0.01612	0.00399	0.00224	0.00566
1	0.00875	0.04891	0.12988	0.00855	0.05739	0.00729	0.00723	0.05087	0.07790	0.05809	0.06146	0.03123	0.06449	0.08757	0.11369	0.00225	0.00493	0.07132	0.00304	0.10517
2	0.00564	0.00424	0.00522	0.00508	0.00612	0.00382	0.00377	0.00730	0.01101	0.01500	0.56643	0.10098	0.23100	0.00947	0.00499	0.00138	0.00206	0.00827	0.00439	0.00382
3	0.08606	0.11262	0.01242	0.00900	0.02594	0.08836	0.00728	0.37098	0.15692	0.01975	0.00993	0.01009	0.00750	0.00468	0.00379	0.00119	0.00445	0.00346	0.00346	0.06211
4	0.01160	0.20761	0.20450	0.03026	0.04075	0.06426	0.07539	0.05917	0.01028	0.13372	0.03509	0.01102	0.00791	0.00437	0.00382	0.00117	0.00503	0.02057	0.00268	0.07077
5	0.01068	0.19485	0.45661	0.01047	0.03344	0.03651	0.01174	0.08180	0.01012	0.07936	0.00910	0.00985	0.02910	0.00429	0.00378	0.00122	0.00540	0.00324	0.00234	0.00609
6	0.00862	0.07827	0.77562	0.01166	0.01769	0.01023	0.01497	0.01326	0.00885	0.01308	0.00743	0.00873	0.00533	0.00397	0.00391	0.00130	0.00610	0.00305	0.00178	0.00616
7	0.00962	0.00912	0.01556	0.11184	0.61337	0.00926	0.04422	0.01207	0.00954	0.01347	0.07473	0.01279	0.00951	0.03134	0.00482	0.00137	0.00487	0.00418	0.00228	0.00605
8	0.01074	0.02585	0.10666	0.16753	0.12980	0.08061	0.08600	0.08812	0.04106	0.07327	0.03222	0.03098	0.03541	0.00511	0.00483	0.00136	0.05265	0.01946	0.00271	0.00563
9	0.01089	0.13269	0.27679	0.07016	0.07739	0.02404	0.09580	0.09951	0.03323	0.08793	0.00946	0.04700	0.00743	0.00457	0.00405	0.00128	0.00529	0.00388	0.00259	0.00602
10	0.00569	0.00419	0.00558	0.00599	0.00645	0.00426	0.00426	0.00663	0.00805	0.01091	0.09598	0.41929	0.07283	0.09917	0.15024	0.01850	0.03489	0.04015	0.00344	0.00348
11	0.07994	0.06480	0.04178	0.12988	0.10071	0.02308	0.02625	0.13325	0.01071	0.18203	0.01092	0.02647	0.02761	0.05160	0.00582	0.04084	0.03162	0.00401	0.00311	0.00559
12	0.01132	0.19571	0.18077	0.01298	0.17936	0.04199	0.06493	0.04931	0.04242	0.09567	0.00865	0.00971	0.00665	0.00406	0.00391	0.00117	0.01603	0.00333	0.00249	0.06953
13	0.00964	0.09588	0.35694	0.01245	0.04487	0.06485	0.18223	0.02547	0.00927	0.02245	0.00821	0.03340	0.00662	0.00561	0.04467	0.00156	0.04150	0.00377	0.00207	0.02852
14	0.00519	0.00369	0.00486	0.00577	0.00600	0.00346	0.00381	0.00587	0.00792	0.01056	0.02251	0.79515	0.02698	0.06867	0.00643	0.00186	0.00255	0.01156	0.00381	0.00336
15	0.00952	0.00745	0.05344	0.04896	0.07017	0.02848	0.02089	0.02185	0.03197	0.14928	0.06462	0.06462	0.03866	0.07982	0.18675	0.00273	0.03484	0.02018	0.00312	0.06265
16	0.01569	0.01003	0.06606	0.00965	0.02761	0.06385	0.09168	0.10288	0.06595	0.46181	0.01422	0.01333	0.02710	0.00500	0.00428	0.00131	0.00448	0.00421	0.00419	0.00666
17	0.01235	0.00682	0.00824	0.00708	0.00926	0.00683	0.00568	0.10351	0.14374	0.28445	0.11929	0.03607	0.01602	0.02939	0.00480	0.00142	0.00326	0.08111	0.11492	0.00574
18	0.03907	0.00888	0.06321	0.00798	0.01019	0.03180	0.00672	0.17650	0.13813	0.09147	0.06642	0.07575	0.08271	0.02487	0.06909	0.00186	0.06554	0.01568	0.01867	0.00545
19	0.20943	0.00863	0.00992	0.06094	0.06527	0.03922	0.03634	0.13361	0.02739	0.08603	0.01028	0.01161	0.03964	0.02204	0.03438	0.01824	0.02043	0.00357	0.02408	0.13895
20	0.20172	0.03506	0.00894	0.04143	0.03293	0.04427	0.00591	0.09064	0.03008	0.08937	0.01108	0.11185	0.02359	0.02239	0.01768	0.02560	0.03268	0.00432	0.01769	0.15276

[dist]
# distance from previous block
# <min> <max>
1	26

[block]
# block no. 6 follows, 63 sequences, length 15
# corresponding to MSA columns:
# 375-389
name=unknown_G
#
# <colnr> <probs for GDERKNQSTAVLIFYWHMCP>
#	G	D	E	R	K	N	Q	S	T	A	V	L	I	F	Y	W	H	M	C	P
0	0.07712	0.03607	0.03396	0.02550	0.03306	0.01586	0.02366	0.02935	0.02911	0.05605	0.08076	0.08205	0.10530	0.24230	0.00904	0.00210	0.00362	0.04643	0.03006	0.03860
1	0.00960	0.14017	0.27289	0.07489	0.05574	0.08880	0.07449	0.01240	0.00931	0.03868	0.05049	0.03292	0.02798	0.02623	0.03969	0.00156	0.00564	0.01865	0.00231	0.01758
2	0.01128	0.15851	0.11292	0.06186	0.18272	0.07300	0.10557	0.11755	0.01072	0.04845	0.01918	0.01099	0.00728	0.05625	0.00504	0.00139	0.00533	0.00370	0.00247	0.00582
3	0.03543	0.05366	0.62438	0.03847	0.03089	0.00957	0.04999	0.01279	0.00883	0.01336	0.00820	0.02821	0.00622	0.00422	0.00392	0.00130	0.00570	0.00341	0.05559	0.00586
4	0.05550	0.10037	0.04288	0.04752	0.16438	0.13203	0.03451	0.14909	0.14267	0.03326	0.01016	0.03686	0.00828	0.00485	0.00399	0.00126	0.00491	0.01858	0.00294	0.00597
5	0.00641	0.00402	0.00547	0.00553	0.00574	0.00421	0.00370	0.00625	0.00619	0.00845	0.01138	0.07031	0.01218	0.30992	0.23279	0.29147	0.00572	0.00524	0.00232	0.00268
6	0.00608	0.00433	0.00504	0.00499	0.00570	0.00426	0.00344	0.02158	0.00805	0.01087	0.08130	0.05271	0.22139	0.33517	0.14835	0.00328	0.00441	0.00662	0.06912	0.00332
7	0.01004	0.01077	0.08419	0.05718	0.68744	0.00984	0.03316	0.01276	0.00948	0.01354	0.00821	0.01119	0.00691	0.00396	0.00421	0.00128	0.00515	0.02214	0.00209	0.00645
8	0.00581	0.00428	0.00546	0.00550	0.00635	0.00401	0.00399	0.00772	0.03893	0.01477	0.51514	0.26884	0.08352	0.00995	0.00505	0.00144	0.00217	0.00884	0.00436	0.00387
9	0.00999	0.33670	0.05356	0.05281	0.07064	0.01083	0.00736	0.03747	0.00906	0.01246	0.00696	0.00826	0.00589	0.00351	0.00316	0.00087	0.00411	0.00262	0.00218	0.36156
10	0.00686	0.00385	0.00522	0.00526	0.00530	0.00385	0.00339	0.00583	0.00587	0.00782	0.00999	0.01935	0.01079	0.30707	0.01773	0.53644	0.00381	0.03725	0.00216	0.00216
11	0.00903	0.05069	0.48977	0.01055	0.01510	0.00964	0.03783	0.03900	0.15676	0.02442	0.01045	0.03859	0.00830	0.02416	0.04506	0.00167	0.00561	0.01489	0.00250	0.00596
12	0.01035	0.01055	0.01457	0.30742	0.32549	0.12564	0.04011	0.03332	0.02858	0.01244	0.00774	0.01038	0.00621	0.00423	0.00462	0.00132	0.04568	0.00366	0.00211	0.00559
13	0.00593	0.00426	0.00549	0.00523	0.00621	0.00393	0.00390	0.00784	0.01159	0.01639	0.74210	0.05858	0.07101	0.00873	0.00492	0.00133	0.00200	0.00770	0.02893	0.00393
14	0.03345	0.00730	0.00835	0.00647	0.00958	0.00627	0.00519	0.06912	0.05786	0.07637	0.01336	0.01474	0.09333	0.00478	0.00363	0.00094	0.00316	0.03634	0.03221	0.51753

[dist]
# distance from previous block
# <min> <max>
0	2

[block]
# block no. 7 follows, 63 sequences, length 49
# corresponding to MSA columns:
# 392-430,454-463
name=unknown_H
#
# <colnr> <probs for GDERKNQSTAVLIFYWHMCP>
#	G	D	E	R	K	N	Q	S	T	A	V	L	I	F	Y	W	H	M	C	P
0	0.01079	0.39691	0.30564	0.00936	0.01367	0.06396	0.02419	0.04572	0.00947	0.04473	0.00772	0.03640	0.00641	0.00423	0.00348	0.00113	0.00524	0.00310	0.00212	0.00573
1	0.00518	0.00370	0.00494	0.00592	0.00619	0.00346	0.00400	0.00595	0.00810	0.01079	0.02314	0.82255	0.02768	0.01312	0.00538	0.00171	0.00249	0.03837	0.00390	0.00343
2	0.00581	0.00426	0.00545	0.00521	0.00621	0.00390	0.00389	0.00764	0.01148	0.01601	0.70732	0.07209	0.11699	0.00902	0.00498	0.00135	0.00202	0.00794	0.00452	0.00390
3	0.19464	0.04556	0.35070	0.02057	0.01392	0.03242	0.02064	0.07623	0.00997	0.16632	0.00894	0.00950	0.00627	0.00434	0.00393	0.00130	0.02277	0.00319	0.00279	0.00598
4	0.10264	0.02232	0.01253	0.15893	0.11107	0.13608	0.04001	0.20323	0.05768	0.05522	0.00911	0.01097	0.00705	0.00471	0.00433	0.00131	0.03208	0.02204	0.00292	0.00577
5	0.00794	0.00747	0.01261	0.84216	0.02895	0.00934	0.01167	0.01074	0.00841	0.01074	0.00747	0.01121	0.00560	0.00420	0.00420	0.00140	0.00560	0.00374	0.00187	0.00467
6	0.02126	0.00975	0.01577	0.26337	0.13871	0.02521	0.20616	0.16548	0.02373	0.04964	0.02273	0.02248	0.00741	0.00439	0.00439	0.00135	0.00548	0.00422	0.00267	0.00579
7	0.00585	0.00427	0.00539	0.00514	0.00617	0.00390	0.00384	0.00769	0.01144	0.01599	0.68601	0.05072	0.13906	0.00887	0.00492	0.00133	0.00201	0.00777	0.02573	0.00390
8	0.00590	0.00410	0.00517	0.00536	0.00559	0.00424	0.00347	0.00640	0.00664	0.00904	0.01467	0.18285	0.01652	0.49039	0.21728	0.00428	0.00552	0.00684	0.00274	0.00301
9	0.00528	0.00385	0.00498	0.00567	0.00616	0.00355	0.00393	0.00626	0.00881	0.01175	0.14311	0.62611	0.10763	0.01220	0.00528	0.00163	0.00238	0.03389	0.00401	0.00352
10	0.01014	0.00919	0.01506	0.18711	0.46944	0.00983	0.03921	0.06422	0.00971	0.03370	0.00832	0.01127	0.00686	0.02847	0.03130	0.00157	0.05251	0.00389	0.00226	0.00595
11	0.18759	0.04627	0.05337	0.13491	0.26240	0.05092	0.02309	0.04942	0.00977	0.13138	0.00860	0.00999	0.00645	0.00414	0.00379	0.00127	0.00472	0.00339	0.00267	0.00585
12	0.88196	0.00813	0.00618	0.00553	0.00813	0.00943	0.00455	0.01236	0.00715	0.01886	0.00585	0.00683	0.00455	0.00390	0.00260	0.00130	0.00325	0.00228	0.00260	0.00455
13	0.00842	0.02638	0.03028	0.02828	0.29944	0.00737	0.02210	0.01031	0.03330	0.02886	0.02208	0.02748	0.00955	0.02634	0.27041	0.11078	0.00668	0.02475	0.00234	0.00484
14	0.10015	0.00705	0.00913	0.00714	0.01018	0.00634	0.00587	0.01885	0.01156	0.69617	0.07088	0.01477	0.01185	0.00531	0.00412	0.00130	0.00344	0.00427	0.00492	0.00669
15	0.00607	0.00443	0.00654	0.00654	0.00720	0.00509	0.00499	0.00731	0.00665	0.00953	0.01121	0.01712	0.01070	0.08939	0.73873	0.04769	0.01039	0.00458	0.00225	0.00358
16	0.00570	0.00417	0.00535	0.00531	0.00619	0.00382	0.00388	0.00735	0.01092	0.01514	0.59407	0.19484	0.10822	0.00969	0.00504	0.00141	0.00209	0.00858	0.00442	0.00382
17	0.03360	0.00756	0.00882	0.00641	0.00996	0.00602	0.00515	0.01062	0.00858	0.01370	0.00734	0.00868	0.00615	0.00331	0.00355	0.00069	0.03836	0.00253	0.00247	0.81651
18	0.10839	0.00893	0.01283	0.01004	0.01285	0.02501	0.20829	0.17138	0.03822	0.12218	0.11058	0.02672	0.04575	0.00579	0.00465	0.00139	0.02141	0.05642	0.00356	0.00559
19	0.01968	0.00760	0.01032	0.30743	0.05509	0.00860	0.01821	0.15615	0.08219	0.02825	0.01102	0.01552	0.02393	0.18457	0.00811	0.02248	0.00462	0.00444	0.02691	0.00489
20	0.00836	0.07589	0.36932	0.01192	0.01612	0.00915	0.23238	0.01174	0.00899	0.01258	0.01106	0.17624	0.01043	0.00580	0.00447	0.00141	0.00554	0.02084	0.00234	0.00540
21	0.00970	0.01120	0.03856	0.03658	0.02157	0.01037	0.75122	0.01317	0.00979	0.01330	0.00879	0.02774	0.00681	0.00412	0.01582	0.00149	0.00700	0.00503	0.00215	0.00559
22	0.00955	0.02668	0.00950	0.00804	0.00987	0.00706	0.08282	0.16239	0.06518	0.09587	0.03470	0.37045	0.05816	0.00929	0.01995	0.00159	0.00367	0.01635	0.00388	0.00500
23	0.04469	0.01404	0.01210	0.01031	0.03821	0.27966	0.00796	0.44606	0.05183	0.04097	0.00919	0.00953	0.00682	0.00477	0.00402	0.00121	0.00547	0.00344	0.00345	0.00629
24	0.00560	0.00415	0.00543	0.00621	0.00679	0.00398	0.00463	0.00668	0.00863	0.01127	0.02524	0.52092	0.13548	0.01232	0.00559	0.00173	0.02005	0.20787	0.00385	0.00357
25	0.00552	0.00415	0.00511	0.00514	0.00609	0.00374	0.00375	0.00699	0.01047	0.01411	0.44908	0.21059	0.23966	0.01011	0.00505	0.00143	0.00212	0.00887	0.00428	0.00374
26	0.00949	0.00602	0.00734	0.00671	0.00828	0.00603	0.00519	0.11778	0.06937	0.13854	0.17011	0.14662	0.07529	0.08531	0.04549	0.00195	0.00357	0.08799	0.00410	0.00481
27	0.04162	0.02617	0.03118	0.02136	0.01265	0.16837	0.12262	0.08465	0.06714	0.19678	0.05875	0.01486	0.06062	0.00627	0.03223	0.00149	0.02598	0.01817	0.00343	0.00565
28	0.00898	0.03444	0.73415	0.01168	0.01752	0.00974	0.03154	0.02655	0.02006	0.04181	0.02084	0.00954	0.00619	0.00413	0.00402	0.00132	0.00598	0.00327	0.00202	0.00621
29	0.00611	0.00410	0.00469	0.00469	0.00472	0.00413	0.00267	0.00618	0.00614	0.00823	0.01315	0.02700	0.01506	0.81437	0.05899	0.00420	0.00441	0.00604	0.00253	0.00260
30	0.03584	0.01226	0.14517	0.03929	0.04262	0.03328	0.15657	0.23334	0.13108	0.10256	0.01937	0.01150	0.00805	0.00463	0.00428	0.00133	0.00509	0.00405	0.00330	0.00639
31	0.03224	0.06075	0.07640	0.08553	0.09744	0.09385	0.09224	0.20175	0.06979	0.10274	0.03938	0.01136	0.00834	0.00461	0.00413	0.00127	0.00509	0.00387	0.00312	0.00611
32	0.00912	0.02709	0.03195	0.37883	0.07851	0.06412	0.06096	0.04333	0.02127	0.01188	0.00980	0.02755	0.04240	0.02509	0.00594	0.00148	0.11794	0.02044	0.01737	0.00491
33	0.00512	0.00367	0.00486	0.00581	0.00609	0.00342	0.00388	0.00586	0.00809	0.01075	0.02365	0.82944	0.04758	0.01311	0.00536	0.00170	0.00243	0.01187	0.00390	0.00342
34	0.02652	0.07883	0.31948	0.01021	0.01420	0.10871	0.05002	0.06293	0.05519	0.12211	0.01087	0.02801	0.00877	0.00519	0.00415	0.00133	0.00534	0.07944	0.00283	0.00587
35	0.03051	0.12346	0.07860	0.13386	0.28490	0.02476	0.04898	0.02694	0.05844	0.04109	0.03222	0.04849	0.00851	0.00470	0.00440	0.00129	0.03658	0.00405	0.00243	0.00577
36	0.06689	0.06552	0.08674	0.00947	0.01295	0.06372	0.12029	0.08894	0.01153	0.37076	0.02337	0.01280	0.03807	0.00485	0.00412	0.00128	0.00464	0.00405	0.00373	0.00626
37	0.00523	0.00374	0.00500	0.00598	0.00627	0.00351	0.00409	0.00604	0.00816	0.01085	0.02311	0.79613	0.02756	0.01307	0.00539	0.00172	0.00253	0.06425	0.00390	0.00344
38	0.02035	0.04298	0.47613	0.00950	0.01356	0.00791	0.01096	0.01126	0.02558	0.02107	0.02882	0.13360	0.08515	0.00678	0.00442	0.00144	0.00481	0.08778	0.00263	0.00527
39	0.02318	0.00646	0.00974	0.09601	0.16142	0.00665	0.04200	0.01064	0.07631	0.04928	0.01628	0.27209	0.01690	0.04190	0.01899	0.00174	0.00402	0.13837	0.00326	0.00474
40	0.01133	0.00884	0.00953	0.00844	0.01091	0.01001	0.00660	0.02215	0.73482	0.10172	0.01706	0.01554	0.01258	0.00565	0.00427	0.00141	0.00335	0.00470	0.00437	0.00671
41	0.01427	0.00708	0.00892	0.00724	0.00958	0.00692	0.00571	0.16181	0.01166	0.42067	0.01407	0.01631	0.01074	0.16844	0.11469	0.00252	0.00486	0.00454	0.00414	0.00585
42	0.00913	0.00903	0.01635	0.39996	0.16393	0.00994	0.21600	0.03454	0.00926	0.01243	0.00821	0.01200	0.00655	0.00435	0.00492	0.00141	0.04792	0.02666	0.00209	0.00532
43	0.01299	0.00699	0.00857	0.02683	0.00982	0.03151	0.00585	0.05549	0.07739	0.37591	0.01673	0.08995	0.04816	0.08454	0.05335	0.00194	0.02953	0.03868	0.02015	0.00562
44	0.00522	0.00386	0.00489	0.01824	0.00628	0.00358	0.00381	0.00602	0.00828	0.01081	0.04423	0.62716	0.16214	0.06679	0.00631	0.00180	0.00253	0.01082	0.00380	0.00341
45	0.00880	0.00749	0.00868	0.00626	0.00991	0.00575	0.00501	0.03326	0.00906	0.01398	0.00872	0.00981	0.03352	0.00342	0.00321	0.00067	0.00312	0.00274	0.00259	0.82402
46	0.00848	0.00795	0.01236	0.65985	0.06220	0.02462	0.01089	0.03624	0.03578	0.01154	0.00884	0.01218	0.02870	0.01739	0.00494	0.00145	0.04572	0.00393	0.00210	0.00484
47	0.00531	0.00379	0.00510	0.00607	0.00640	0.00358	0.00423	0.00618	0.00824	0.01094	0.02306	0.75718	0.02739	0.01299	0.00542	0.00173	0.00260	0.10241	0.00390	0.00347
48	0.01154	0.51825	0.15777	0.03656	0.01310	0.17807	0.00895	0.01349	0.00926	0.01058	0.00632	0.00742	0.00539	0.00383	0.00319	0.00103	0.00544	0.00254	0.00187	0.00541

[dist]
# distance from previous block
# <min> <max>
2	3

[block]
# block no. 8 follows, 63 sequences, length 21
# corresponding to MSA columns:
# 467-487
name=unknown_I
#
# <colnr> <probs for GDERKNQSTAVLIFYWHMCP>
#	G	D	E	R	K	N	Q	S	T	A	V	L	I	F	Y	W	H	M	C	P
0	0.00794	0.00747	0.01261	0.84216	0.02895	0.00934	0.01167	0.01074	0.00841	0.01074	0.00747	0.01121	0.00560	0.00420	0.00420	0.00140	0.00560	0.00374	0.00187	0.00467
1	0.00513	0.00377	0.00482	0.00560	0.00604	0.00345	0.00380	0.00596	0.00842	0.01105	0.05612	0.70046	0.14471	0.01263	0.00529	0.00165	0.00238	0.01134	0.00393	0.00345
2	0.06111	0.00581	0.00702	0.00752	0.04833	0.00597	0.00542	0.04490	0.13659	0.03209	0.08778	0.29738	0.10375	0.00956	0.00488	0.00156	0.00302	0.12888	0.00389	0.00453
3	0.00872	0.00747	0.00872	0.00623	0.00996	0.00560	0.00498	0.01058	0.00872	0.01370	0.00747	0.00872	0.00623	0.00311	0.00311	0.00062	0.00311	0.00249	0.00249	0.87796
4	0.00525	0.00419	0.00473	0.00493	0.00604	0.00367	0.00367	0.00644	0.00961	0.01206	0.14156	0.19019	0.51671	0.01091	0.00510	0.00150	0.00229	0.06355	0.00400	0.00360
5	0.00514	0.00371	0.00487	0.00574	0.00608	0.00344	0.00386	0.00593	0.00827	0.01097	0.05115	0.77597	0.07357	0.01287	0.00533	0.00168	0.00241	0.01163	0.00393	0.00344
6	0.01243	0.22543	0.09309	0.01005	0.01301	0.25823	0.07086	0.08350	0.02984	0.04414	0.00829	0.05026	0.00711	0.00486	0.00456	0.00121	0.07173	0.00354	0.00244	0.00543
7	0.01064	0.01237	0.06902	0.01135	0.02952	0.18326	0.00947	0.02568	0.00804	0.01073	0.00599	0.00888	0.00554	0.00638	0.01067	0.00162	0.58059	0.00344	0.00195	0.00486
8	0.00522	0.00377	0.00492	0.00574	0.00612	0.00350	0.00391	0.00605	0.00835	0.01108	0.06392	0.71558	0.08286	0.02837	0.00563	0.00172	0.00247	0.03342	0.00391	0.00345
9	0.03724	0.01098	0.05193	0.00899	0.01232	0.01112	0.00768	0.57998	0.01706	0.14300	0.01305	0.01266	0.06370	0.00537	0.00421	0.00128	0.00434	0.00413	0.00417	0.00679
10	0.01103	0.01029	0.01610	0.08598	0.25403	0.03638	0.19603	0.16691	0.06369	0.01582	0.00996	0.01357	0.00821	0.00482	0.00476	0.00138	0.02985	0.06241	0.00275	0.00604
11	0.30249	0.01302	0.01136	0.00944	0.01211	0.29152	0.10164	0.14831	0.01118	0.01615	0.00740	0.00900	0.00593	0.03838	0.00431	0.00135	0.00545	0.00315	0.00266	0.00515
12	0.04192	0.00479	0.00571	0.00552	0.00602	0.00512	0.00369	0.05159	0.00710	0.01005	0.01221	0.02262	0.01306	0.54019	0.24860	0.00456	0.00609	0.00538	0.00256	0.00322
13	0.04285	0.06568	0.00887	0.00747	0.02496	0.05852	0.00577	0.06494	0.15992	0.11395	0.10209	0.15199	0.10635	0.00770	0.00449	0.00140	0.00344	0.06059	0.00389	0.00515
14	0.11571	0.00864	0.00877	0.00749	0.00992	0.07623	0.00593	0.11965	0.17131	0.22241	0.07458	0.06885	0.08016	0.00626	0.00419	0.00134	0.00365	0.00504	0.00410	0.00579
15	0.21698	0.00828	0.04171	0.10565	0.01196	0.00805	0.00645	0.11863	0.03794	0.06922	0.04153	0.02919	0.04545	0.03698	0.00437	0.00131	0.00376	0.02394	0.00309	0.18550
16	0.00951	0.28200	0.09087	0.00907	0.01206	0.06644	0.11894	0.01265	0.09766	0.01239	0.07959	0.05402	0.06940	0.00647	0.03115	0.00142	0.00482	0.03367	0.00271	0.00516
17	0.03538	0.00744	0.01010	0.00829	0.01043	0.00771	0.08729	0.17628	0.04948	0.16237	0.01242	0.03977	0.01048	0.13835	0.20811	0.00305	0.00602	0.00473	0.00338	0.01892
18	0.07693	0.10457	0.06799	0.01038	0.04481	0.10591	0.09657	0.19894	0.10953	0.07352	0.02646	0.01070	0.00793	0.00483	0.01336	0.00129	0.00498	0.00366	0.00312	0.03451
19	0.02439	0.07368	0.18424	0.00987	0.04525	0.02030	0.05357	0.19058	0.02580	0.04589	0.01051	0.01254	0.03147	0.03318	0.18467	0.00251	0.00635	0.00391	0.00276	0.03854
20	0.07726	0.09912	0.02634	0.00785	0.01001	0.12202	0.01625	0.13517	0.06522	0.07443	0.02022	0.03434	0.05544	0.03665	0.08957	0.08513	0.02035	0.01666	0.00301	0.00496

[dist]
# distance from previous block
# <min> <max>
1	15

[block]
