[name]
unknown

[dist]
# distance from previous block
# <min> <max>
0	56

[block]
# block no. 0 follows, 72 sequences, length 12
# corresponding to MSA columns:
# 56-67
name=unknown_A
#
# <colnr> <probs for GDERKNQSTAVLIFYWHMCP>
#	G	D	E	R	K	N	Q	S	T	A	V	L	I	F	Y	W	H	M	C	P
0	0.00966	0.19221	0.20331	0.00879	0.01219	0.03616	0.11025	0.05514	0.00908	0.10214	0.04854	0.03491	0.00864	0.00445	0.00372	0.00110	0.01690	0.05121	0.00246	0.08913
1	0.02826	0.00880	0.00889	0.00728	0.00964	0.11009	0.01593	0.19209	0.10984	0.04835	0.03117	0.05082	0.06928	0.01613	0.00428	0.00109	0.05152	0.00388	0.00301	0.22966
2	0.09902	0.00674	0.00791	0.00639	0.00872	0.00680	0.02709	0.16620	0.05859	0.31947	0.01207	0.01187	0.00844	0.00447	0.00338	0.00110	0.00306	0.00354	0.23977	0.00538
3	0.00560	0.00416	0.00607	0.00600	0.00655	0.00485	0.00457	0.00666	0.00597	0.00857	0.00997	0.01549	0.00961	0.11168	0.69634	0.04487	0.04364	0.00415	0.00203	0.00323
4	0.01081	0.00883	0.00935	0.00800	0.01039	0.01007	0.00634	0.24341	0.61071	0.01808	0.01369	0.01276	0.01016	0.00498	0.00384	0.00125	0.00332	0.00405	0.00384	0.00613
5	0.00481	0.00349	0.00456	0.00520	0.00564	0.00324	0.00364	0.00572	0.00796	0.01061	0.13853	0.62847	0.09123	0.01103	0.00479	0.00148	0.00220	0.06059	0.00361	0.00319
6	0.00517	0.00387	0.00480	0.00457	0.00555	0.00350	0.00343	0.00678	0.01028	0.01412	0.66580	0.03011	0.21172	0.00816	0.00448	0.00121	0.00182	0.00711	0.00403	0.00350
7	0.00874	0.00744	0.00966	0.00868	0.04115	0.07555	0.05969	0.03114	0.00731	0.08718	0.00865	0.01312	0.00801	0.16646	0.17960	0.00276	0.27461	0.00392	0.00224	0.00409
8	0.00844	0.26296	0.23398	0.01012	0.01380	0.01006	0.23295	0.01105	0.00808	0.01088	0.00787	0.04616	0.00688	0.00516	0.04409	0.00135	0.00523	0.03555	0.00190	0.04349
9	0.01029	0.44830	0.05460	0.00693	0.01017	0.06118	0.00645	0.08103	0.03747	0.03872	0.00671	0.00739	0.00555	0.00342	0.00284	0.00084	0.00395	0.00239	0.00215	0.20961
10	0.01222	0.04066	0.00989	0.00807	0.01015	0.30462	0.00634	0.19455	0.03329	0.10277	0.01100	0.03105	0.07407	0.04322	0.00497	0.00123	0.06597	0.00367	0.00286	0.03942
11	0.13268	0.03532	0.00890	0.02358	0.00976	0.02336	0.02962	0.15508	0.16257	0.15777	0.03029	0.08740	0.03257	0.00513	0.00361	0.00115	0.00333	0.00417	0.00339	0.09031

[dist]
# distance from previous block
# <min> <max>
2	6

[block]
# block no. 1 follows, 72 sequences, length 34
# corresponding to MSA columns:
# 74-107
name=unknown_B
#
# <colnr> <probs for GDERKNQSTAVLIFYWHMCP>
#	G	D	E	R	K	N	Q	S	T	A	V	L	I	F	Y	W	H	M	C	P
0	0.00769	0.00633	0.00739	0.00600	0.00843	0.02721	0.00474	0.01968	0.06060	0.03254	0.04471	0.05954	0.00975	0.00813	0.13687	0.00164	0.00406	0.03848	0.00259	0.51361
1	0.02611	0.00941	0.01025	0.00833	0.01099	0.01053	0.02186	0.44098	0.36044	0.04211	0.01183	0.01130	0.00863	0.00476	0.00381	0.00120	0.00368	0.00379	0.00379	0.00620
2	0.00821	0.00604	0.00765	0.00672	0.00836	0.01819	0.05342	0.09444	0.14058	0.08604	0.25342	0.17572	0.05208	0.00722	0.00428	0.00127	0.00287	0.03883	0.00373	0.03093
3	0.02431	0.05149	0.04887	0.05205	0.01544	0.13354	0.32897	0.19805	0.03786	0.06000	0.00816	0.00940	0.00603	0.00380	0.00392	0.00117	0.00542	0.00363	0.00253	0.00536
4	0.00948	0.44216	0.31776	0.00887	0.01300	0.01193	0.07465	0.03322	0.00829	0.03967	0.00645	0.00742	0.00511	0.00345	0.00310	0.00101	0.00477	0.00260	0.00180	0.00525
5	0.00490	0.00343	0.00436	0.00496	0.00512	0.00329	0.00318	0.00538	0.00672	0.00898	0.01805	0.59960	0.02144	0.26457	0.02590	0.00226	0.00279	0.00909	0.00313	0.00286
6	0.00831	0.00831	0.01532	0.38713	0.28680	0.00889	0.20808	0.01091	0.00825	0.01115	0.00709	0.00991	0.00553	0.00352	0.00394	0.00122	0.00520	0.00364	0.00180	0.00501
7	0.01051	0.00946	0.01076	0.06298	0.14854	0.13459	0.04411	0.06788	0.30384	0.07239	0.01175	0.02717	0.00949	0.00493	0.00391	0.00123	0.00421	0.06376	0.00305	0.00544
8	0.03360	0.00818	0.01218	0.02805	0.01245	0.05057	0.22148	0.11839	0.01058	0.32855	0.01222	0.12569	0.00972	0.00516	0.00407	0.00124	0.00426	0.00475	0.00343	0.00544
9	0.00466	0.00332	0.00439	0.00523	0.00544	0.00311	0.00346	0.00529	0.00718	0.00957	0.02048	0.82499	0.02456	0.05185	0.00552	0.00164	0.00227	0.01054	0.00346	0.00304
10	0.00762	0.01799	0.73077	0.01098	0.01619	0.00862	0.08720	0.01178	0.00823	0.01218	0.04825	0.00922	0.00643	0.00377	0.00373	0.00121	0.00549	0.00315	0.00176	0.00546
11	0.05373	0.00916	0.01415	0.06954	0.64781	0.02777	0.01064	0.09780	0.00948	0.01360	0.00720	0.00918	0.00588	0.00355	0.00368	0.00113	0.00448	0.00330	0.00209	0.00582
12	0.72060	0.00764	0.00722	0.00693	0.07017	0.00857	0.03040	0.04543	0.00738	0.05789	0.00613	0.00698	0.00466	0.00360	0.00265	0.00117	0.00322	0.00237	0.00247	0.00449
13	0.01171	0.04428	0.01135	0.02489	0.13746	0.08699	0.00753	0.32083	0.28273	0.01736	0.01039	0.01049	0.00783	0.00444	0.00372	0.00116	0.00409	0.00355	0.00324	0.00595
14	0.01006	0.84367	0.04454	0.00662	0.00993	0.01482	0.00671	0.01138	0.00772	0.00901	0.00532	0.00614	0.00487	0.00326	0.00247	0.00082	0.00410	0.00205	0.00162	0.00489
15	0.00843	0.09110	0.63743	0.01023	0.01506	0.06614	0.03190	0.03340	0.01993	0.01182	0.00693	0.00817	0.00514	0.00449	0.03290	0.00132	0.00566	0.00283	0.00174	0.00540
16	0.01791	0.09158	0.06730	0.00718	0.00938	0.00782	0.05038	0.14189	0.16357	0.02602	0.27874	0.05484	0.04768	0.00598	0.00399	0.00119	0.00320	0.01308	0.00343	0.00484
17	0.00928	0.00890	0.01521	0.06229	0.80486	0.00898	0.01159	0.01155	0.00859	0.01226	0.00712	0.00942	0.00596	0.00340	0.00376	0.00113	0.00453	0.00338	0.00187	0.00592
18	0.00508	0.00420	0.00548	0.00516	0.00630	0.00374	0.05784	0.00628	0.00872	0.01116	0.19094	0.15923	0.43495	0.05169	0.00529	0.00144	0.00237	0.03331	0.00348	0.00335
19	0.02640	0.28827	0.43392	0.00884	0.01313	0.02456	0.01019	0.07576	0.00879	0.04534	0.00713	0.02895	0.00563	0.00382	0.00326	0.00108	0.00479	0.00282	0.00197	0.00536
20	0.01052	0.00764	0.00838	0.00735	0.00960	0.00844	0.00577	0.01913	0.64984	0.16171	0.01649	0.01504	0.05234	0.00529	0.00388	0.00127	0.00299	0.00439	0.00399	0.00594
21	0.00570	0.00407	0.00563	0.00651	0.00720	0.00401	0.00539	0.00714	0.00832	0.01088	0.02031	0.27198	0.02274	0.01087	0.00513	0.00169	0.00313	0.59243	0.00350	0.00338
22	0.00862	0.00823	0.01401	0.31054	0.56178	0.00881	0.01126	0.01097	0.00827	0.01146	0.00700	0.00964	0.00568	0.00352	0.00377	0.00117	0.00469	0.00338	0.00181	0.00539
23	0.03173	0.00784	0.02919	0.38759	0.20173	0.00845	0.06492	0.02349	0.09735	0.06155	0.00908	0.01168	0.01649	0.00413	0.00385	0.00124	0.00455	0.02786	0.00228	0.00502
24	0.00450	0.00382	0.00389	0.00393	0.00515	0.00320	0.00292	0.00547	0.00862	0.01031	0.05221	0.07505	0.78868	0.00968	0.00450	0.00129	0.00193	0.00811	0.00353	0.00320
25	0.00457	0.00348	0.00421	0.00480	0.00537	0.00312	0.00331	0.00533	0.00772	0.00987	0.02676	0.58752	0.29802	0.01112	0.00472	0.00145	0.00211	0.00985	0.00352	0.00312
26	0.00656	0.00507	0.00608	0.03501	0.00743	0.00518	0.00438	0.02173	0.20060	0.02819	0.47181	0.06326	0.11512	0.00731	0.00431	0.00124	0.00227	0.00635	0.00392	0.00418
27	0.02262	0.00649	0.00716	0.00633	0.00819	0.00677	0.00501	0.17974	0.20506	0.07220	0.09915	0.06126	0.23766	0.00707	0.00418	0.00128	0.00285	0.05839	0.00378	0.00481
28	0.00712	0.00546	0.00671	0.00690	0.00819	0.00574	0.00578	0.05119	0.19386	0.01314	0.06857	0.03346	0.07227	0.00878	0.00476	0.00155	0.00321	0.49549	0.00363	0.00419
29	0.00470	0.00338	0.00429	0.00501	0.00541	0.00312	0.00340	0.00544	0.00748	0.00994	0.02298	0.71618	0.13720	0.01127	0.00470	0.00148	0.00214	0.01011	0.03865	0.00312
30	0.01322	0.09558	0.08554	0.00956	0.01196	0.70090	0.00784	0.01452	0.01023	0.00949	0.00589	0.00687	0.00488	0.00382	0.00335	0.00098	0.00648	0.00244	0.00189	0.00455
31	0.89350	0.00733	0.00557	0.00499	0.00733	0.00851	0.00411	0.01115	0.00645	0.01702	0.00528	0.00616	0.00411	0.00352	0.00235	0.00117	0.00293	0.00205	0.00235	0.00411
32	0.01155	0.44992	0.04210	0.00855	0.01143	0.32342	0.06547	0.02947	0.00913	0.00968	0.00579	0.00678	0.00497	0.00352	0.00301	0.00092	0.00530	0.00241	0.00181	0.00477
33	0.00895	0.04146	0.00883	0.00611	0.00937	0.00635	0.00498	0.10448	0.00905	0.03426	0.00713	0.00807	0.00577	0.00314	0.00309	0.00067	0.01720	0.00243	0.00245	0.71622

[dist]
# distance from previous block
# <min> <max>
0	15

[block]
# block no. 2 follows, 72 sequences, length 74
# corresponding to MSA columns:
# 123-136,159,160,162-182,192-226,228,229
name=unknown_C
#
# <colnr> <probs for GDERKNQSTAVLIFYWHMCP>
#	G	D	E	R	K	N	Q	S	T	A	V	L	I	F	Y	W	H	M	C	P
0	0.00624	0.00527	0.00883	0.00821	0.00939	0.00522	0.16118	0.00786	0.00810	0.01079	0.01707	0.28789	0.01875	0.02074	0.02862	0.00173	0.03416	0.35318	0.00308	0.00368
1	0.00832	0.00732	0.04019	0.00597	0.00936	0.00545	0.00498	0.01881	0.03836	0.04324	0.00739	0.00830	0.00595	0.00301	0.00292	0.00064	0.00295	0.00241	0.00239	0.78205
2	0.10616	0.12215	0.11533	0.01105	0.04580	0.04538	0.27116	0.09057	0.12104	0.02322	0.00817	0.00926	0.00621	0.00373	0.00365	0.00117	0.00486	0.00343	0.00236	0.00530
3	0.00464	0.00333	0.00440	0.00525	0.00552	0.00310	0.00353	0.00532	0.00733	0.00972	0.02154	0.82281	0.05505	0.01178	0.00483	0.00153	0.00221	0.02149	0.00352	0.00309
4	0.00466	0.00334	0.00444	0.00530	0.00556	0.00312	0.00358	0.00535	0.00732	0.00973	0.02115	0.82985	0.03753	0.01181	0.00485	0.00154	0.00223	0.03203	0.00352	0.00309
5	0.00605	0.00432	0.00605	0.00692	0.00777	0.00432	0.00601	0.00776	0.00867	0.01129	0.02011	0.07433	0.02195	0.01053	0.00522	0.00174	0.00344	0.78655	0.00349	0.00348
6	0.00815	0.00782	0.01062	0.00874	0.00979	0.00960	0.01975	0.00927	0.00646	0.01011	0.00559	0.00828	0.00523	0.00573	0.01953	0.00139	0.58738	0.00303	0.00184	0.26169
7	0.00469	0.00385	0.00414	0.00406	0.00525	0.00329	0.00305	0.00585	0.00915	0.01144	0.23083	0.03454	0.64837	0.00916	0.00448	0.00126	0.00189	0.00773	0.00368	0.00329
8	0.00448	0.00384	0.00384	0.00384	0.00512	0.00320	0.00288	0.00544	0.00864	0.01025	0.03842	0.03650	0.84152	0.00960	0.00448	0.00128	0.00192	0.00800	0.00352	0.00320
9	0.00807	0.00834	0.01370	0.61243	0.02368	0.07199	0.18686	0.01063	0.00812	0.01019	0.00688	0.00989	0.00519	0.00367	0.00391	0.00125	0.00548	0.00354	0.00176	0.00442
10	0.00661	0.00412	0.00491	0.00468	0.00506	0.00416	0.00296	0.02936	0.00632	0.07093	0.01189	0.02236	0.01276	0.68254	0.11273	0.00369	0.00440	0.00516	0.00249	0.00285
11	0.00527	0.00387	0.00494	0.00467	0.00561	0.00354	0.00350	0.00698	0.01051	0.01468	0.75599	0.02920	0.12118	0.00795	0.00447	0.00120	0.00180	0.00698	0.00411	0.00354
12	0.00638	0.00461	0.00609	0.00667	0.00759	0.00463	0.00557	0.06903	0.00912	0.01192	0.02004	0.20340	0.04917	0.01028	0.00503	0.00164	0.00323	0.56846	0.00352	0.00362
13	0.00798	0.00691	0.00843	0.00694	0.07162	0.00535	0.00503	0.00971	0.00792	0.01236	0.00677	0.00798	0.00565	0.00285	0.00288	0.00060	0.00294	0.00233	0.00222	0.82352
14	0.01433	0.01079	0.01132	0.00874	0.01173	0.03486	0.00719	0.79453	0.03119	0.02337	0.00912	0.00913	0.00649	0.00454	0.00378	0.00114	0.00423	0.00340	0.00374	0.00639
15	0.00907	0.00843	0.01384	0.28186	0.52637	0.00904	0.01096	0.07252	0.00900	0.01241	0.00716	0.00959	0.00574	0.00360	0.00377	0.00117	0.00465	0.00338	0.00196	0.00548
16	0.01348	0.02584	0.01095	0.00931	0.01142	0.50660	0.00726	0.25411	0.01229	0.01355	0.00690	0.00787	0.00551	0.00512	0.03333	0.00125	0.06495	0.00284	0.00247	0.00495
17	0.00983	0.00926	0.01503	0.02200	0.76907	0.02093	0.01125	0.07317	0.00936	0.01321	0.00726	0.00933	0.00602	0.00347	0.00375	0.00113	0.00451	0.00337	0.00202	0.00602
18	0.02374	0.00981	0.13865	0.03023	0.06999	0.00785	0.19736	0.02015	0.05529	0.15551	0.00879	0.00982	0.00647	0.00379	0.00420	0.00110	0.05482	0.00340	0.00253	0.19653
19	0.00461	0.00334	0.00436	0.00519	0.00548	0.00309	0.00348	0.00529	0.00735	0.00972	0.02204	0.81067	0.07792	0.01173	0.00482	0.00152	0.00218	0.01060	0.00352	0.00309
20	0.00939	0.00901	0.01539	0.02328	0.84306	0.00901	0.01164	0.01164	0.00864	0.01239	0.00713	0.00939	0.00601	0.00338	0.00375	0.00113	0.00451	0.00338	0.00188	0.00601
21	0.00934	0.00897	0.01532	0.03919	0.82748	0.00900	0.01162	0.01160	0.00862	0.01234	0.00713	0.00940	0.00599	0.00339	0.00376	0.00113	0.00452	0.00338	0.00187	0.00597
22	0.00477	0.00340	0.00457	0.00545	0.00573	0.00321	0.00377	0.00553	0.00740	0.00984	0.02082	0.78447	0.02477	0.01175	0.00488	0.00156	0.00233	0.08913	0.00352	0.00312
23	0.00468	0.00334	0.00446	0.00534	0.00559	0.00313	0.00362	0.00537	0.00731	0.00974	0.02087	0.83421	0.02496	0.01183	0.00486	0.00155	0.00225	0.04027	0.00352	0.00310
24	0.00619	0.00525	0.00794	0.00734	0.00797	0.00646	0.03719	0.00748	0.00617	0.00903	0.00919	0.03913	0.00877	0.02193	0.59942	0.00475	0.20604	0.00411	0.00199	0.00362
25	0.00549	0.00386	0.00462	0.00467	0.00477	0.00400	0.00290	0.00572	0.00587	0.00790	0.01329	0.14209	0.03036	0.64102	0.06712	0.00339	0.04180	0.00612	0.00245	0.00257
26	0.00542	0.00405	0.00602	0.00602	0.00668	0.00470	0.00465	0.00673	0.00607	0.00875	0.01022	0.01526	0.00964	0.05909	0.82126	0.00601	0.00992	0.00412	0.00204	0.00335
27	0.00612	0.00359	0.00534	0.00534	0.00558	0.00384	0.00379	0.00563	0.00539	0.00743	0.00809	0.01325	0.00791	0.04998	0.32230	0.53281	0.00583	0.00366	0.00181	0.00231
28	0.00761	0.01962	0.84707	0.01081	0.01641	0.00881	0.01401	0.01201	0.00801	0.01201	0.00681	0.00801	0.00480	0.00360	0.00360	0.00120	0.00560	0.00280	0.00160	0.00560
29	0.00477	0.00385	0.00424	0.00414	0.00530	0.00332	0.00311	0.00600	0.00932	0.01185	0.29723	0.03386	0.58171	0.00901	0.00448	0.00125	0.00188	0.00763	0.00373	0.00332
30	0.00683	0.00358	0.00375	0.00371	0.00460	0.00354	0.00278	0.00860	0.00835	0.01429	0.13112	0.01617	0.01346	0.00490	0.00291	0.00093	0.00177	0.00401	0.76115	0.00354
31	0.00775	0.00662	0.00775	0.00561	0.00887	0.00499	0.00446	0.00940	0.00784	0.01227	0.00722	0.03696	0.00628	0.00312	0.00288	0.00059	0.00279	0.00254	0.00229	0.85977
32	0.00939	0.00901	0.01539	0.02328	0.84306	0.00901	0.01164	0.01164	0.00864	0.01239	0.00713	0.00939	0.00601	0.00338	0.00375	0.00113	0.00451	0.00338	0.00188	0.00601
33	0.00571	0.00455	0.00614	0.00633	0.00676	0.00515	0.00470	0.00726	0.06395	0.00984	0.01569	0.45999	0.01753	0.02675	0.19559	0.00260	0.12693	0.02809	0.00293	0.00350
34	0.01054	0.73561	0.01881	0.00755	0.04207	0.06229	0.01937	0.03950	0.00831	0.01873	0.00565	0.00649	0.00503	0.00335	0.00263	0.00085	0.00426	0.00221	0.00176	0.00496
35	0.02412	0.09285	0.18768	0.01608	0.01170	0.04925	0.01847	0.14922	0.01803	0.29267	0.00996	0.02028	0.00701	0.00415	0.00353	0.00108	0.00414	0.00323	0.00313	0.08341
36	0.03106	0.18172	0.10084	0.00960	0.02685	0.13789	0.10365	0.25690	0.04328	0.04238	0.00768	0.00843	0.00585	0.00397	0.00369	0.00109	0.02404	0.00307	0.00256	0.00546
37	0.86928	0.00763	0.00572	0.00512	0.00746	0.03173	0.00420	0.01126	0.00657	0.01680	0.00530	0.00618	0.00413	0.00353	0.00238	0.00117	0.00304	0.00206	0.00234	0.00412
38	0.00947	0.00914	0.01513	0.02263	0.80653	0.02356	0.01141	0.01193	0.03070	0.01243	0.00733	0.00947	0.00614	0.00344	0.00375	0.00113	0.00451	0.00339	0.00193	0.00598
39	0.00485	0.00346	0.00466	0.00554	0.00586	0.00328	0.00392	0.00567	0.00749	0.00994	0.02078	0.73857	0.02459	0.01167	0.00490	0.00157	0.00240	0.13420	0.00352	0.00314
40	0.00884	0.00845	0.01441	0.22852	0.64209	0.00887	0.01137	0.01116	0.00838	0.01173	0.00704	0.00956	0.00577	0.00348	0.00376	0.00116	0.00464	0.00338	0.00183	0.00557
41	0.00889	0.04289	0.02049	0.01462	0.01779	0.01014	0.66121	0.01162	0.00838	0.01152	0.00713	0.00975	0.00559	0.00377	0.00572	0.00132	0.14817	0.00419	0.00186	0.00494
42	0.00761	0.01962	0.84707	0.01081	0.01641	0.00881	0.01401	0.01201	0.00801	0.01201	0.00681	0.00801	0.00480	0.00360	0.00360	0.00120	0.00560	0.00280	0.00160	0.00560
43	0.00610	0.00426	0.00591	0.00667	0.00743	0.00426	0.00568	0.00753	0.00829	0.01080	0.01875	0.03977	0.02041	0.07147	0.00677	0.05111	0.00349	0.71468	0.00331	0.00331
44	0.00452	0.00384	0.00390	0.00388	0.00515	0.00322	0.00291	0.00552	0.00874	0.01047	0.07546	0.03612	0.80433	0.00952	0.00448	0.00128	0.00191	0.00795	0.00355	0.00322
45	0.00462	0.00330	0.00440	0.00528	0.00550	0.00308	0.00352	0.00528	0.00726	0.00968	0.02090	0.86424	0.02508	0.01188	0.00484	0.00154	0.00220	0.01078	0.00352	0.00308
46	0.00601	0.00403	0.00520	0.00482	0.00587	0.00367	0.00365	0.00771	0.01059	0.06516	0.73072	0.02801	0.09469	0.00771	0.00443	0.00120	0.00189	0.00676	0.00416	0.00372
47	0.00686	0.00358	0.00372	0.00369	0.00457	0.00354	0.00277	0.00863	0.00830	0.01427	0.11472	0.01589	0.01294	0.00483	0.00288	0.00092	0.00177	0.00395	0.77864	0.00354
48	0.01386	0.08198	0.01143	0.00952	0.01157	0.78867	0.00726	0.01486	0.01052	0.00925	0.00582	0.00678	0.00488	0.00386	0.00335	0.00096	0.00663	0.00241	0.00193	0.00443
49	0.27295	0.00687	0.00796	0.00631	0.00908	0.00667	0.00521	0.04820	0.00984	0.57136	0.01190	0.01079	0.00773	0.00435	0.00338	0.00117	0.00318	0.00328	0.00397	0.00577
50	0.00456	0.00383	0.00393	0.00398	0.00517	0.00324	0.00296	0.00551	0.00854	0.01024	0.04820	0.06798	0.76110	0.03250	0.00490	0.00136	0.00201	0.02332	0.00350	0.00318
51	0.00732	0.00716	0.01314	0.55036	0.02209	0.00807	0.20270	0.00980	0.00792	0.01033	0.00874	0.08778	0.00766	0.00463	0.00410	0.00131	0.00506	0.03556	0.00197	0.00430
52	0.04182	0.01403	0.01030	0.08745	0.01212	0.54736	0.00736	0.01287	0.00920	0.00950	0.00643	0.00912	0.00575	0.05229	0.00576	0.00128	0.14089	0.02034	0.00195	0.00419
53	0.01014	0.86900	0.01987	0.00649	0.00973	0.01501	0.00649	0.01136	0.00771	0.00892	0.00527	0.00608	0.00487	0.00324	0.00243	0.00081	0.00406	0.00203	0.00162	0.00487
54	0.00462	0.00330	0.00440	0.00528	0.00550	0.00308	0.00352	0.00528	0.00726	0.00968	0.02090	0.86424	0.02508	0.01188	0.00484	0.00154	0.00220	0.01078	0.00352	0.00308
55	0.00873	0.00974	0.02081	0.01591	0.08081	0.00917	0.71998	0.01171	0.00883	0.01202	0.00840	0.05971	0.00689	0.00371	0.00444	0.00128	0.00601	0.00476	0.00201	0.00506
56	0.00920	0.00838	0.01146	0.00970	0.01008	0.01132	0.00808	0.07128	0.00697	0.05281	0.00580	0.00859	0.00531	0.00638	0.01136	0.00160	0.75193	0.00335	0.00197	0.00444
57	0.00819	0.00691	0.00822	0.00601	0.00912	0.00566	0.00484	0.02146	0.00792	0.03067	0.00682	0.00803	0.00566	0.00316	0.00357	0.00067	0.06719	0.00238	0.00228	0.79125
58	0.01417	0.01808	0.01075	0.00977	0.01172	0.85149	0.00733	0.01514	0.01075	0.00928	0.00586	0.00684	0.00489	0.00391	0.00342	0.00098	0.00684	0.00244	0.00195	0.00440
59	0.00761	0.01962	0.84707	0.01081	0.01641	0.00881	0.01401	0.01201	0.00801	0.01201	0.00681	0.00801	0.00480	0.00360	0.00360	0.00120	0.00560	0.00280	0.00160	0.00560
60	0.00543	0.00400	0.00579	0.00579	0.00636	0.00457	0.00436	0.00658	0.00600	0.00858	0.01044	0.01646	0.01016	0.15998	0.72108	0.00572	0.00914	0.00429	0.00207	0.00322
61	0.00456	0.00384	0.00395	0.00392	0.00517	0.00323	0.00294	0.00559	0.00882	0.01067	0.10745	0.03580	0.77223	0.00945	0.00448	0.00127	0.00191	0.00791	0.00358	0.00323
62	0.00771	0.00703	0.01138	0.79385	0.02504	0.00868	0.01028	0.07132	0.00835	0.01076	0.00692	0.01004	0.00516	0.00385	0.00379	0.00125	0.00499	0.00337	0.00184	0.00438
63	0.82768	0.00727	0.00582	0.00512	0.00751	0.00829	0.00422	0.01170	0.00678	0.07925	0.00601	0.00667	0.00450	0.00361	0.00246	0.00117	0.00296	0.00219	0.00252	0.00428
64	0.01332	0.01286	0.02274	0.00851	0.01079	0.44409	0.03160	0.09310	0.01116	0.18824	0.03961	0.01199	0.08584	0.00478	0.00371	0.00108	0.00515	0.00357	0.00293	0.00493
65	0.00959	0.00822	0.00866	0.00775	0.00992	0.00950	0.00604	0.04490	0.81121	0.01611	0.01524	0.01400	0.01142	0.00513	0.00386	0.00128	0.00304	0.00426	0.00386	0.00602
66	0.00462	0.00330	0.00440	0.00528	0.00550	0.00308	0.00352	0.00528	0.00726	0.00968	0.02090	0.86424	0.02508	0.01188	0.00484	0.00154	0.00220	0.01078	0.00352	0.00308
67	0.00716	0.00674	0.01138	0.85760	0.02612	0.00843	0.01053	0.00969	0.00758	0.00969	0.00674	0.01011	0.00506	0.00379	0.00379	0.00126	0.00506	0.00337	0.00169	0.00421
68	0.00551	0.00371	0.00428	0.00428	0.00433	0.00375	0.00248	0.00561	0.00556	0.00746	0.01182	0.02409	0.01347	0.80528	0.08031	0.00385	0.00415	0.00541	0.00228	0.00238
69	0.00468	0.00338	0.00443	0.00517	0.00550	0.00313	0.00349	0.00545	0.00763	0.01019	0.09272	0.75194	0.06543	0.01141	0.00479	0.00150	0.00215	0.01031	0.00358	0.00313
70	0.00857	0.00659	0.00929	0.00756	0.00950	0.01838	0.18202	0.05800	0.18401	0.02282	0.01186	0.01327	0.00916	0.00439	0.00342	0.00108	0.00327	0.01419	0.42801	0.00460
71	0.00939	0.00901	0.01539	0.02328	0.84306	0.00901	0.01164	0.01164	0.00864	0.01239	0.00713	0.00939	0.00601	0.00338	0.00375	0.00113	0.00451	0.00338	0.00188	0.00601
72	0.00462	0.00347	0.00428	0.00488	0.00541	0.00313	0.00335	0.00541	0.00778	0.01008	0.06175	0.60734	0.24256	0.01109	0.00473	0.00146	0.00211	0.00987	0.00355	0.00313
73	0.00871	0.00778	0.01274	0.43968	0.34585	0.00867	0.01050	0.03204	0.04122	0.04523	0.00763	0.01007	0.00590	0.00374	0.00378	0.00120	0.00466	0.00343	0.00202	0.00514

[dist]
# distance from previous block
# <min> <max>
0	1

[block]
# block no. 3 follows, 72 sequences, length 16
# corresponding to MSA columns:
# 231-246
name=unknown_D
#
# <colnr> <probs for GDERKNQSTAVLIFYWHMCP>
#	G	D	E	R	K	N	Q	S	T	A	V	L	I	F	Y	W	H	M	C	P
0	0.00800	0.15208	0.71806	0.01014	0.01537	0.00977	0.01284	0.01191	0.00796	0.01153	0.00657	0.00771	0.00481	0.00355	0.00342	0.00114	0.00536	0.00268	0.00160	0.00549
1	0.02709	0.00701	0.00871	0.00657	0.00958	0.00610	0.02954	0.07884	0.05155	0.24943	0.03983	0.01061	0.00819	0.00426	0.01858	0.00097	0.00325	0.00315	0.00320	0.43353
2	0.00781	0.08893	0.77957	0.01046	0.01587	0.00931	0.01340	0.01196	0.00798	0.01176	0.00668	0.00785	0.00481	0.00357	0.00351	0.00117	0.00548	0.00274	0.00160	0.00554
3	0.00463	0.00337	0.00436	0.00512	0.00547	0.00311	0.00346	0.00535	0.00749	0.00988	0.04445	0.75988	0.10638	0.01155	0.00480	0.00151	0.00216	0.01040	0.00354	0.00311
4	0.00466	0.00346	0.00436	0.00501	0.00548	0.00315	0.00345	0.00545	0.00773	0.01008	0.06185	0.64337	0.18857	0.01121	0.00476	0.00148	0.00215	0.02711	0.00355	0.00314
5	0.00770	0.05253	0.81501	0.01064	0.01616	0.00905	0.01372	0.01199	0.00800	0.01189	0.00675	0.00793	0.00481	0.00359	0.00356	0.00119	0.00554	0.00277	0.00160	0.00558
6	0.00871	0.00774	0.01060	0.00774	0.01107	0.00668	0.14038	0.07999	0.06914	0.01355	0.00773	0.00882	0.00614	0.00319	0.00324	0.00078	0.00353	0.00286	0.00244	0.60568
7	0.00492	0.00344	0.00456	0.00539	0.00572	0.00325	0.00378	0.00576	0.00747	0.01010	0.02039	0.72622	0.02394	0.01135	0.00478	0.00153	0.00233	0.10469	0.04724	0.00315
8	0.00495	0.00368	0.00462	0.00487	0.00559	0.00335	0.00353	0.00615	0.00894	0.01199	0.33978	0.34177	0.19176	0.00978	0.00465	0.00136	0.00204	0.04410	0.00377	0.00331
9	0.02483	0.00772	0.00928	0.00687	0.01009	0.00688	0.04284	0.17313	0.04640	0.07417	0.00819	0.00882	0.00629	0.00342	0.00319	0.00079	0.00328	0.00278	0.00278	0.55823
10	0.01235	0.00964	0.00988	0.00794	0.01064	0.07084	0.00638	0.42033	0.18778	0.07055	0.01109	0.02956	0.02319	0.00469	0.00370	0.00110	0.00382	0.00366	0.00354	0.10930
11	0.00859	0.00477	0.00598	0.00528	0.00675	0.00450	0.00409	0.01101	0.07795	0.20640	0.45123	0.02195	0.04602	0.00644	0.00403	0.00116	0.00222	0.00554	0.12167	0.00442
12	0.00707	0.00657	0.01107	0.69741	0.06404	0.00790	0.02840	0.00943	0.00769	0.00994	0.00841	0.07821	0.00734	0.00465	0.00394	0.00130	0.00477	0.03573	0.00191	0.00421
13	0.03676	0.00914	0.01365	0.01075	0.04970	0.00924	0.24219	0.28689	0.06925	0.18465	0.01022	0.02191	0.00734	0.00421	0.00395	0.00119	0.00446	0.00389	0.00328	0.02733
14	0.00767	0.00476	0.00414	0.00406	0.00503	0.07506	0.00305	0.00937	0.00819	0.01373	0.01182	0.01352	0.00931	0.00438	0.00272	0.00089	0.00220	0.00344	0.81305	0.00361
15	0.00475	0.00339	0.00454	0.00542	0.00570	0.00319	0.00374	0.00550	0.00738	0.00982	0.02083	0.79495	0.02481	0.01176	0.00487	0.00156	0.00231	0.07883	0.00352	0.00312

[dist]
# distance from previous block
# <min> <max>
0	1

[block]
# block no. 4 follows, 72 sequences, length 91
# corresponding to MSA columns:
# 248-269,273-321,341-360
name=unknown_E
#
# <colnr> <probs for GDERKNQSTAVLIFYWHMCP>
#	G	D	E	R	K	N	Q	S	T	A	V	L	I	F	Y	W	H	M	C	P
0	0.00788	0.10613	0.70591	0.01878	0.01553	0.00937	0.02596	0.01201	0.02622	0.01182	0.02269	0.00839	0.00557	0.00367	0.00352	0.00116	0.00532	0.00287	0.00171	0.00548
1	0.00773	0.00747	0.01054	0.00920	0.00933	0.01027	0.00760	0.00867	0.00586	0.00906	0.00599	0.00959	0.00586	0.01090	0.17659	0.00253	0.69360	0.00346	0.00173	0.00400
2	0.00716	0.00674	0.01138	0.85760	0.02612	0.00843	0.01053	0.00969	0.00758	0.00969	0.00674	0.01011	0.00506	0.00379	0.00379	0.00126	0.00506	0.00337	0.00169	0.00421
3	0.00830	0.00830	0.01162	0.00996	0.00996	0.01162	0.00830	0.00913	0.00581	0.00913	0.00498	0.00830	0.00498	0.00664	0.01245	0.00166	0.85977	0.00332	0.00166	0.00415
4	0.01567	0.00794	0.00966	0.00741	0.01038	0.00777	0.00611	0.29812	0.03099	0.51809	0.01269	0.01146	0.00830	0.00460	0.00378	0.00114	0.00354	0.00364	0.00429	0.03441
5	0.00543	0.00403	0.00593	0.00593	0.00656	0.00465	0.00454	0.00667	0.00605	0.00869	0.01031	0.01571	0.00983	0.09718	0.78343	0.00590	0.00963	0.00418	0.00205	0.00330
6	0.00561	0.00393	0.00513	0.00480	0.00574	0.00362	0.00361	0.00738	0.01071	0.03307	0.81106	0.02812	0.04742	0.00772	0.00446	0.00119	0.00182	0.00681	0.00418	0.00363
7	0.00716	0.00674	0.01138	0.85760	0.02612	0.00843	0.01053	0.00969	0.00758	0.00969	0.00674	0.01011	0.00506	0.00379	0.00379	0.00126	0.00506	0.00337	0.00169	0.00421
8	0.00939	0.00901	0.01539	0.02328	0.84306	0.00901	0.01164	0.01164	0.00864	0.01239	0.00713	0.00939	0.00601	0.00338	0.00375	0.00113	0.00451	0.00338	0.00188	0.00601
9	0.01252	0.01533	0.00988	0.00906	0.01079	0.68069	0.00684	0.02424	0.00996	0.00938	0.00672	0.00839	0.00577	0.00855	0.16351	0.00195	0.00743	0.00276	0.00199	0.00423
10	0.01702	0.00645	0.00880	0.00675	0.00968	0.00557	0.00557	0.01848	0.01085	0.84568	0.01496	0.01291	0.00939	0.00469	0.00381	0.00117	0.00323	0.00381	0.00469	0.00645
11	0.00527	0.00396	0.00488	0.00464	0.00564	0.00363	0.00348	0.00707	0.02841	0.01415	0.64965	0.02978	0.20920	0.00810	0.00446	0.00121	0.00184	0.00705	0.00403	0.00355
12	0.00535	0.00360	0.00440	0.00470	0.00486	0.00354	0.00299	0.00558	0.00625	0.00829	0.01517	0.25414	0.03529	0.49591	0.02275	0.05757	0.00327	0.06106	0.00270	0.00258
13	0.01677	0.00638	0.00867	0.00667	0.00955	0.00552	0.00550	0.01825	0.01078	0.82525	0.01490	0.01294	0.00940	0.00469	0.00379	0.00117	0.00319	0.00381	0.02639	0.00638
14	0.00498	0.00379	0.00458	0.00453	0.00547	0.00339	0.00334	0.00635	0.00959	0.01286	0.47059	0.14106	0.29787	0.00890	0.00452	0.00127	0.00189	0.00775	0.00388	0.00339
15	0.02587	0.00541	0.00732	0.00644	0.00781	0.00552	0.02864	0.08276	0.00844	0.22439	0.01236	0.12672	0.01122	0.11501	0.22196	0.06985	0.02810	0.00490	0.00306	0.00423
16	0.01395	0.01027	0.01173	0.00899	0.01202	0.01122	0.05377	0.70122	0.06270	0.06070	0.00965	0.00963	0.00683	0.00452	0.00384	0.00116	0.00419	0.00354	0.00373	0.00635
17	0.00451	0.00384	0.00388	0.00387	0.00514	0.00321	0.00290	0.00550	0.00871	0.01041	0.06426	0.03624	0.81557	0.00955	0.00448	0.00128	0.00192	0.00797	0.00354	0.00321
18	0.00568	0.00432	0.00612	0.02458	0.00678	0.00504	0.00452	0.00669	0.00597	0.00849	0.01016	0.01675	0.01012	0.23033	0.57207	0.00509	0.06768	0.00435	0.00206	0.00319
19	0.00921	0.01004	0.05494	0.07433	0.29720	0.06050	0.31294	0.03009	0.03489	0.01972	0.00832	0.05491	0.00695	0.00393	0.00406	0.00121	0.00525	0.00412	0.00209	0.00530
20	0.00816	0.02294	0.06470	0.02891	0.02618	0.04371	0.03726	0.04727	0.00893	0.05275	0.28626	0.02338	0.03413	0.00630	0.00691	0.00134	0.28907	0.00465	0.00282	0.00434
21	0.01157	0.00867	0.00923	0.00751	0.00947	0.04238	0.00588	0.49266	0.01322	0.04147	0.01002	0.03222	0.00884	0.22564	0.00826	0.00183	0.05053	0.01229	0.00324	0.00508
22	0.00874	0.23181	0.42896	0.00886	0.01325	0.04553	0.02780	0.01807	0.00815	0.01911	0.00648	0.00755	0.00504	0.00340	0.00319	0.00099	0.00478	0.00255	0.00178	0.15396
23	0.01004	0.00934	0.02921	0.00920	0.01042	0.08693	0.02526	0.17265	0.02721	0.04395	0.00722	0.00948	0.00614	0.00843	0.11286	0.00200	0.41922	0.00340	0.00232	0.00471
24	0.00462	0.00330	0.00440	0.00528	0.00550	0.00308	0.00352	0.00528	0.00726	0.00968	0.02090	0.86424	0.02508	0.01188	0.00484	0.00154	0.00220	0.01078	0.00352	0.00308
25	0.00532	0.00392	0.00433	0.00434	0.00551	0.00339	0.00325	0.00636	0.00868	0.05213	0.09041	0.12829	0.58569	0.02536	0.00476	0.00135	0.00210	0.04068	0.02075	0.00338
26	0.00796	0.00676	0.00788	0.00567	0.00897	0.00518	0.00454	0.02944	0.00818	0.01271	0.02730	0.00840	0.00638	0.00297	0.00287	0.00059	0.00282	0.00239	0.00233	0.84665
27	0.01014	0.86900	0.01987	0.00649	0.00973	0.01501	0.00649	0.01136	0.00771	0.00892	0.00527	0.00608	0.00487	0.00324	0.00243	0.00081	0.00406	0.00203	0.00162	0.00487
28	0.01646	0.00637	0.00861	0.00665	0.00949	0.00555	0.00548	0.01808	0.02302	0.79902	0.03094	0.01325	0.00994	0.00475	0.00380	0.00117	0.00316	0.00387	0.02406	0.00633
29	0.01004	0.09842	0.01032	0.01921	0.11631	0.00700	0.00594	0.04905	0.00888	0.14683	0.00825	0.00897	0.00635	0.00337	0.00311	0.00080	0.00328	0.00273	0.03034	0.46077
30	0.00853	0.23249	0.60391	0.00964	0.01454	0.01049	0.01183	0.04659	0.00835	0.01174	0.00652	0.00757	0.00489	0.00355	0.00332	0.00110	0.00516	0.00263	0.00170	0.00546
31	0.00479	0.00350	0.00446	0.00510	0.00553	0.00329	0.00352	0.00558	0.00760	0.01011	0.05140	0.66313	0.14202	0.01107	0.00484	0.00147	0.01638	0.02154	0.03151	0.00315
32	0.00526	0.00395	0.00444	0.00453	0.00568	0.00343	0.00346	0.00634	0.00872	0.04608	0.08375	0.13330	0.57275	0.00964	0.00458	0.00135	0.00217	0.09360	0.00361	0.00338
33	0.00966	0.05208	0.11579	0.01040	0.03922	0.07896	0.21038	0.08703	0.02839	0.08397	0.03693	0.04879	0.00863	0.01409	0.10892	0.00184	0.04040	0.01708	0.00250	0.00495
34	0.01091	0.05943	0.01012	0.06681	0.02378	0.05253	0.00666	0.15059	0.48404	0.07477	0.01256	0.01204	0.00932	0.00472	0.00373	0.00121	0.00363	0.00381	0.00350	0.00584
35	0.00551	0.00369	0.00420	0.00420	0.00422	0.00371	0.00238	0.00556	0.00553	0.00740	0.01189	0.02450	0.01365	0.84017	0.04566	0.00375	0.00388	0.00547	0.00229	0.00233
36	0.00467	0.00339	0.00443	0.00525	0.00557	0.00314	0.00358	0.00540	0.00742	0.00979	0.02215	0.76873	0.08476	0.01166	0.00483	0.00153	0.00223	0.04483	0.00352	0.00311
37	0.01107	0.04675	0.18910	0.00770	0.01070	0.00657	0.04872	0.02143	0.02332	0.34856	0.12362	0.03003	0.03155	0.00698	0.07508	0.00160	0.00428	0.00421	0.00339	0.00534
38	0.07708	0.05379	0.08905	0.00716	0.01010	0.01695	0.00639	0.09580	0.08878	0.43072	0.07515	0.01244	0.01021	0.00468	0.00366	0.00116	0.00348	0.00372	0.00383	0.00584
39	0.00761	0.01962	0.84707	0.01081	0.01641	0.00881	0.01401	0.01201	0.00801	0.01201	0.00681	0.00801	0.00480	0.00360	0.00360	0.00120	0.00560	0.00280	0.00160	0.00560
40	0.01251	0.00977	0.00995	0.00821	0.01070	0.07702	0.00657	0.36657	0.31422	0.09052	0.01163	0.01137	0.00856	0.02114	0.00427	0.00124	0.02235	0.00373	0.00367	0.00600
41	0.01003	0.83294	0.05499	0.00667	0.01002	0.01474	0.00681	0.01138	0.00772	0.00905	0.00534	0.00617	0.00486	0.00326	0.00248	0.00083	0.00412	0.00206	0.00162	0.00490
42	0.05639	0.00849	0.00935	0.00748	0.00998	0.07329	0.02415	0.15287	0.07744	0.13242	0.00938	0.03542	0.00746	0.00452	0.00440	0.00105	0.09486	0.01842	0.00296	0.26966
43	0.00872	0.00703	0.00749	0.00676	0.00863	0.02416	0.00523	0.01606	0.53620	0.06393	0.15782	0.01890	0.11074	0.00605	0.00402	0.00126	0.00276	0.00509	0.00389	0.00527
44	0.00746	0.00392	0.00396	0.00381	0.00481	0.00398	0.00290	0.05295	0.00848	0.01466	0.01220	0.01387	0.00955	0.00443	0.00271	0.00090	0.00190	0.00353	0.84030	0.00369
45	0.00890	0.00850	0.01439	0.12862	0.70353	0.00869	0.01113	0.01113	0.00850	0.01196	0.00841	0.01063	0.04136	0.00370	0.00379	0.00115	0.00447	0.00357	0.00192	0.00566
46	0.00716	0.00674	0.01138	0.85760	0.02612	0.00843	0.01053	0.00969	0.00758	0.00969	0.00674	0.01011	0.00506	0.00379	0.00379	0.00126	0.00506	0.00337	0.00169	0.00421
47	0.01417	0.01808	0.01075	0.00977	0.01172	0.85149	0.00733	0.01514	0.01075	0.00928	0.00586	0.00684	0.00489	0.00391	0.00342	0.00098	0.00684	0.00244	0.00195	0.00440
48	0.05529	0.00655	0.00870	0.00670	0.00961	0.00579	0.00553	0.03011	0.01077	0.79737	0.01445	0.01256	0.00911	0.00464	0.00375	0.00117	0.00323	0.00373	0.00458	0.00635
49	0.00546	0.00365	0.00415	0.00421	0.00423	0.00364	0.00238	0.00550	0.00563	0.00751	0.01255	0.08086	0.01454	0.80965	0.01834	0.00353	0.00358	0.00587	0.00238	0.00235
50	0.00904	0.00484	0.00611	0.00539	0.00702	0.00437	0.00418	0.01087	0.04833	0.27966	0.29955	0.09902	0.19136	0.00740	0.00427	0.00124	0.00237	0.00635	0.00413	0.00449
51	0.11182	0.00583	0.00694	0.00602	0.00793	0.00574	0.00485	0.07985	0.02419	0.31569	0.06415	0.03905	0.01274	0.07334	0.00499	0.00143	0.00306	0.12008	0.10747	0.00483
52	0.00462	0.00332	0.00438	0.00524	0.00549	0.00308	0.00350	0.00529	0.00730	0.00970	0.02142	0.83976	0.04923	0.01181	0.00483	0.00153	0.00219	0.01070	0.00352	0.00308
53	0.11652	0.00668	0.00803	0.00662	0.00874	0.00678	0.03994	0.16630	0.04250	0.23813	0.08974	0.04270	0.05837	0.06117	0.00484	0.00136	0.01054	0.02876	0.05727	0.00499
54	0.03147	0.11021	0.13367	0.00908	0.01198	0.15960	0.04593	0.20876	0.06397	0.09170	0.00815	0.00878	0.00613	0.00432	0.00441	0.00115	0.08951	0.00310	0.00266	0.00541
55	0.00560	0.00425	0.00483	0.00491	0.00594	0.00405	0.00364	0.03325	0.07388	0.01191	0.12430	0.25714	0.33028	0.00912	0.00440	0.00133	0.00219	0.04228	0.07311	0.00358
56	0.01303	0.30444	0.01401	0.00840	0.03716	0.16653	0.00695	0.28747	0.01203	0.10437	0.00777	0.00808	0.00592	0.00397	0.00326	0.00100	0.00453	0.00280	0.00275	0.00552
57	0.00774	0.00724	0.01055	0.27479	0.01496	0.00855	0.03749	0.00999	0.05554	0.01063	0.01957	0.02486	0.00711	0.00508	0.00650	0.00128	0.27860	0.04263	0.00207	0.17482
58	0.00891	0.20697	0.36338	0.00902	0.01321	0.02596	0.07215	0.05551	0.00870	0.02687	0.03164	0.00845	0.00612	0.00357	0.00332	0.00101	0.00466	0.00283	0.00199	0.14573
59	0.02521	0.02186	0.01117	0.14384	0.29579	0.03581	0.00826	0.02687	0.02364	0.23420	0.03737	0.02847	0.04338	0.00476	0.00413	0.02069	0.01084	0.01550	0.00286	0.00536
60	0.01681	0.00658	0.00886	0.00681	0.00973	0.00579	0.00562	0.03732	0.02669	0.81090	0.01484	0.01284	0.00936	0.00470	0.00381	0.00117	0.00324	0.00381	0.00466	0.00645
61	0.00519	0.00390	0.00526	0.02432	0.04162	0.00374	0.00406	0.00646	0.02659	0.01124	0.21525	0.52882	0.06187	0.02887	0.00497	0.00147	0.00231	0.01712	0.00355	0.00340
62	0.00952	0.01231	0.31043	0.02445	0.03263	0.03454	0.17855	0.03467	0.04259	0.13508	0.06684	0.03872	0.01553	0.00451	0.00432	0.00124	0.04222	0.00399	0.00255	0.00531
63	0.00551	0.00400	0.00596	0.00596	0.00657	0.00461	0.00457	0.00661	0.00600	0.00860	0.00995	0.01492	0.00939	0.05000	0.76847	0.07013	0.00949	0.00405	0.00201	0.00323
64	0.00479	0.00349	0.00436	0.00496	0.00536	0.00323	0.00336	0.00549	0.00743	0.00973	0.05184	0.57600	0.14898	0.11762	0.00658	0.00176	0.00237	0.03623	0.00339	0.00303
65	0.01711	0.02458	0.13992	0.00952	0.01231	0.08993	0.15975	0.21680	0.03975	0.02786	0.03643	0.18671	0.01086	0.00570	0.00406	0.00124	0.00451	0.00506	0.00286	0.00503
66	0.05876	0.13584	0.08631	0.00953	0.04129	0.09615	0.09409	0.25797	0.10650	0.06440	0.00867	0.00911	0.00646	0.00405	0.00354	0.00112	0.00454	0.00322	0.00282	0.00561
67	0.00861	0.00903	0.00789	0.00709	0.00855	0.26539	0.04142	0.02606	0.06695	0.01225	0.29350	0.05259	0.13361	0.02351	0.00460	0.00122	0.02519	0.00535	0.00315	0.00404
68	0.04005	0.00406	0.00487	0.02165	0.00588	0.00402	0.00350	0.00657	0.00718	0.03605	0.06298	0.11769	0.20169	0.29667	0.12655	0.00278	0.00389	0.04790	0.00290	0.00311
69	0.01087	0.40948	0.13526	0.00760	0.01095	0.05072	0.00745	0.08694	0.10275	0.09654	0.00806	0.00835	0.00625	0.00379	0.00309	0.00098	0.00417	0.00273	0.00242	0.04162
70	0.18264	0.06067	0.01255	0.00922	0.01201	0.08544	0.20288	0.21478	0.03995	0.05788	0.05658	0.02007	0.02026	0.00426	0.00363	0.00116	0.00442	0.00364	0.00283	0.00513
71	0.00467	0.00382	0.00413	0.00416	0.00529	0.00328	0.00310	0.00577	0.00892	0.01109	0.17767	0.09341	0.62914	0.00945	0.00452	0.00129	0.00194	0.02143	0.00364	0.00326
72	0.05146	0.07817	0.20187	0.00717	0.01084	0.00729	0.00709	0.04765	0.02701	0.11953	0.00820	0.02546	0.00634	0.00361	0.00318	0.00090	0.00366	0.00281	0.00250	0.38527
73	0.09891	0.01244	0.01001	0.00854	0.01085	0.34658	0.02431	0.22679	0.12023	0.04894	0.03955	0.01982	0.00769	0.00446	0.00357	0.00111	0.00486	0.00326	0.00293	0.00516
74	0.00800	0.00472	0.00637	0.00616	0.00724	0.00455	0.02467	0.02323	0.04184	0.18412	0.03118	0.40711	0.03216	0.08550	0.00605	0.00165	0.02167	0.09616	0.00360	0.00402
75	0.01004	0.70082	0.13243	0.00726	0.01077	0.04961	0.00757	0.02679	0.00806	0.00964	0.00558	0.00643	0.00489	0.00335	0.00266	0.00088	0.00439	0.00218	0.00167	0.00498
76	0.02340	0.02367	0.54469	0.00917	0.01391	0.00801	0.01080	0.05648	0.00865	0.06168	0.00735	0.00827	0.00533	0.00354	0.00342	0.00105	0.00471	0.00275	0.00206	0.20106
77	0.00576	0.00404	0.00534	0.00578	0.00638	0.00390	0.01717	0.04148	0.03419	0.04055	0.02003	0.70969	0.03495	0.01087	0.00473	0.00150	0.00246	0.04412	0.00356	0.00349
78	0.00537	0.00391	0.00504	0.00568	0.00623	0.00379	0.00413	0.04103	0.02276	0.01072	0.02116	0.62326	0.07004	0.01108	0.00483	0.00154	0.00251	0.15003	0.00353	0.00335
79	0.00867	0.00978	0.02122	0.01530	0.01890	0.00917	0.77609	0.01171	0.00884	0.01199	0.00852	0.06524	0.00700	0.00376	0.00450	0.00130	0.00612	0.00488	0.00202	0.00498
80	0.00595	0.01741	0.00601	0.00606	0.00682	0.01774	0.03799	0.02853	0.00813	0.04348	0.04272	0.59801	0.06130	0.01042	0.00471	0.00148	0.00268	0.09360	0.00347	0.00350
81	0.02372	0.00633	0.00796	0.00640	0.00868	0.00600	0.00517	0.15280	0.01192	0.42302	0.27252	0.01736	0.02980	0.00569	0.00401	0.00118	0.00291	0.00474	0.00433	0.00548
82	0.00617	0.00810	0.23165	0.00615	0.00815	0.00498	0.00596	0.00792	0.00791	0.03715	0.15578	0.07890	0.16382	0.25120	0.00846	0.00194	0.00345	0.00576	0.00280	0.00375
83	0.00467	0.00371	0.00420	0.00437	0.00531	0.00323	0.00317	0.00569	0.00864	0.01094	0.16962	0.25066	0.49264	0.00988	0.00457	0.00133	0.00197	0.00853	0.00363	0.00323
84	0.00786	0.01849	0.74738	0.01132	0.01670	0.00894	0.09907	0.02527	0.00826	0.01222	0.00693	0.00826	0.00493	0.00358	0.00370	0.00121	0.00566	0.00299	0.00167	0.00557
85	0.00530	0.00361	0.00427	0.00444	0.00456	0.00354	0.00267	0.00559	0.00631	0.00849	0.07899	0.21229	0.01803	0.60869	0.01491	0.00301	0.00320	0.00680	0.00272	0.00257
86	0.00461	0.00391	0.00396	0.00395	0.00520	0.00333	0.00295	0.00573	0.02330	0.01037	0.05127	0.04757	0.78498	0.02615	0.00476	0.00133	0.00198	0.00791	0.00352	0.00324
87	0.00731	0.00689	0.01164	0.80288	0.07970	0.00846	0.01061	0.00982	0.00765	0.00987	0.00677	0.01006	0.00512	0.00376	0.00379	0.00125	0.00502	0.00337	0.00170	0.00433
88	0.00910	0.00872	0.01435	0.07215	0.65798	0.02533	0.04018	0.02459	0.02879	0.01225	0.00825	0.06588	0.00732	0.00403	0.00385	0.00117	0.00446	0.00391	0.00206	0.00565
89	0.00982	0.78114	0.05043	0.00695	0.02823	0.01415	0.00676	0.01121	0.00787	0.00938	0.04086	0.00717	0.00620	0.00345	0.00259	0.00085	0.00403	0.00229	0.00174	0.00487
90	0.01433	0.00678	0.00876	0.03258	0.03980	0.00646	0.00578	0.14825	0.01148	0.52422	0.04863	0.01320	0.02176	0.00477	0.00373	0.00114	0.00325	0.00388	0.09529	0.00590

[dist]
# distance from previous block
# <min> <max>
0	19

[block]
# block no. 5 follows, 72 sequences, length 13
# corresponding to MSA columns:
# 380-387,391-395
name=unknown_F
#
# <colnr> <probs for GDERKNQSTAVLIFYWHMCP>
#	G	D	E	R	K	N	Q	S	T	A	V	L	I	F	Y	W	H	M	C	P
0	0.08937	0.00740	0.00987	0.00778	0.01038	0.02104	0.10490	0.10510	0.04287	0.29815	0.02286	0.09694	0.00978	0.00509	0.00396	0.00117	0.02241	0.02118	0.00345	0.11630
1	0.00850	0.03274	0.01604	0.33272	0.09943	0.00895	0.33795	0.03888	0.00863	0.02744	0.00799	0.04875	0.00646	0.00391	0.00407	0.00125	0.00532	0.00412	0.00201	0.00483
2	0.00548	0.00399	0.00585	0.00585	0.00643	0.00457	0.00443	0.00656	0.00599	0.00856	0.01018	0.01574	0.00978	0.11179	0.73108	0.04510	0.00920	0.00417	0.00204	0.00320
3	0.00673	0.00490	0.00678	0.00601	0.00751	0.00447	0.08641	0.00854	0.05413	0.10386	0.12493	0.20676	0.34722	0.00844	0.00445	0.00131	0.00262	0.00744	0.00359	0.00393
4	0.00951	0.05608	0.13693	0.26355	0.03525	0.07590	0.19250	0.09372	0.00942	0.04832	0.00789	0.00971	0.01814	0.00379	0.00381	0.00118	0.00525	0.00346	0.00213	0.02347
5	0.00549	0.00367	0.00451	0.00500	0.00555	0.00349	0.00345	0.00669	0.03840	0.03506	0.02085	0.58053	0.10465	0.04906	0.00512	0.00151	0.00225	0.00892	0.11249	0.00332
6	0.00475	0.00364	0.00437	0.00471	0.00547	0.00326	0.00338	0.00576	0.00844	0.01092	0.17158	0.37702	0.33389	0.01025	0.00466	0.00139	0.00207	0.03757	0.00363	0.00323
7	0.00786	0.00647	0.03447	0.00662	0.00806	0.00640	0.05309	0.15534	0.13163	0.01333	0.09644	0.11129	0.03539	0.27131	0.00881	0.00201	0.00345	0.02130	0.02259	0.00414
