[name]
unknown

[dist]
# distance from previous block
# <min> <max>
0	438

[block]
# block no. 0 follows, 76 sequences, length 25
# corresponding to MSA columns:
# 438-462
name=unknown_A
#
# <colnr> <probs for GDERKNQSTAVLIFYWHMCP>
#	G	D	E	R	K	N	Q	S	T	A	V	L	I	F	Y	W	H	M	C	P
0	0.00610	0.00432	0.00601	0.00682	0.01679	0.00432	0.00584	0.02036	0.00848	0.01964	0.02719	0.05102	0.02043	0.00984	0.00505	0.01076	0.00333	0.76695	0.00333	0.00342
1	0.00894	0.38110	0.42470	0.00822	0.01236	0.01066	0.00961	0.01160	0.00771	0.07104	0.00654	0.00748	0.00508	0.01682	0.00322	0.00103	0.00455	0.00248	0.00177	0.00508
2	0.00794	0.00550	0.00593	0.00521	0.00674	0.03058	0.00406	0.13886	0.05077	0.08748	0.24595	0.02176	0.23379	0.00646	0.00382	0.00111	0.00242	0.00538	0.13209	0.00414
3	0.00749	0.00563	0.00691	0.00624	0.00761	0.00569	0.04169	0.24438	0.01033	0.02635	0.04868	0.40174	0.15571	0.00839	0.00425	0.00130	0.00279	0.00736	0.00342	0.00405
4	0.00464	0.00338	0.00407	0.00449	0.00489	0.00313	0.00297	0.00522	0.00696	0.00906	0.05393	0.45896	0.19291	0.21887	0.00790	0.00191	0.00238	0.00841	0.00312	0.00281
5	0.67080	0.00681	0.00614	0.00521	0.00761	0.00743	0.00430	0.01249	0.00727	0.23164	0.00745	0.00757	0.00524	0.00366	0.00261	0.00112	0.00288	0.00240	0.00283	0.00452
6	0.00442	0.00355	0.00395	0.00418	0.00509	0.00308	0.00303	0.00533	0.00807	0.01003	0.08982	0.26230	0.54993	0.00969	0.00440	0.00130	0.00193	0.02340	0.00342	0.00307
7	0.00890	0.00759	0.01081	0.20671	0.23610	0.00837	0.02750	0.01433	0.34359	0.06586	0.01097	0.01169	0.02300	0.00419	0.00368	0.00118	0.00378	0.00372	0.00272	0.00532
8	0.59436	0.00630	0.00543	0.00493	0.00683	0.00711	0.00395	0.01070	0.09265	0.01564	0.15412	0.01130	0.02642	0.00439	0.00281	0.00113	0.00256	0.00316	0.04221	0.00399
9	0.00928	0.00945	0.02861	0.10473	0.56099	0.08076	0.10314	0.02748	0.00857	0.02222	0.00688	0.00896	0.00558	0.00334	0.00365	0.00110	0.00476	0.00328	0.00186	0.00536
10	0.13138	0.56457	0.04160	0.00661	0.00945	0.11304	0.00620	0.01192	0.06808	0.01023	0.00587	0.00654	0.00503	0.00336	0.00257	0.00089	0.00403	0.00217	0.00184	0.00461
11	0.04969	0.00470	0.00571	0.00532	0.00595	0.00522	0.00381	0.06282	0.01753	0.03829	0.01017	0.01736	0.01028	0.41392	0.24091	0.00353	0.06753	0.00433	0.02974	0.00318
12	0.00664	0.00498	0.00592	0.00550	0.00674	0.00515	0.00418	0.01085	0.26130	0.04055	0.49994	0.08343	0.02545	0.00683	0.00409	0.00119	0.00214	0.00597	0.01499	0.00418
13	0.00437	0.00339	0.00398	0.00445	0.00511	0.00300	0.00310	0.00513	0.00754	0.00952	0.02741	0.50284	0.38633	0.01043	0.00449	0.00137	0.00199	0.00916	0.00337	0.00300
14	0.00535	0.00417	0.00475	0.00468	0.00570	0.00396	0.00345	0.04353	0.06758	0.01171	0.22517	0.18397	0.35328	0.04847	0.00495	0.00136	0.00213	0.01887	0.00351	0.00343
15	0.06643	0.00612	0.00788	0.00617	0.00875	0.00554	0.00506	0.04851	0.01022	0.68651	0.03706	0.01236	0.00933	0.00449	0.00351	0.00110	0.00297	0.00361	0.06861	0.00577
16	0.01299	0.00768	0.00896	0.00720	0.00963	0.00811	0.00586	0.26953	0.19422	0.32424	0.01213	0.01139	0.00842	0.00462	0.00396	0.00114	0.04150	0.00360	0.05903	0.00582
17	0.01135	0.37518	0.10839	0.00771	0.01095	0.03889	0.00735	0.37141	0.01174	0.01515	0.00684	0.00732	0.00532	0.00371	0.00306	0.00096	0.00419	0.00262	0.00247	0.00539
18	0.02069	0.02184	0.01132	0.01378	0.36873	0.02277	0.00817	0.09199	0.30275	0.03890	0.01061	0.01222	0.00850	0.00434	0.00367	0.00116	0.00371	0.04644	0.00280	0.00562
19	0.02408	0.00760	0.00837	0.00724	0.03535	0.08637	0.00563	0.12353	0.10227	0.38645	0.03954	0.01504	0.08089	0.00515	0.00373	0.00114	0.00339	0.04339	0.01543	0.00539
20	0.01098	0.00543	0.00695	0.00585	0.00773	0.00510	0.00460	0.05928	0.05984	0.40444	0.16783	0.07909	0.06601	0.05274	0.04571	0.00152	0.00307	0.00502	0.00392	0.00488
21	0.06872	0.00670	0.00774	0.04832	0.03428	0.03909	0.00581	0.03922	0.24396	0.16200	0.05939	0.03700	0.01294	0.00591	0.00388	0.00126	0.00324	0.18563	0.00340	0.03148
22	0.00888	0.00836	0.01069	0.56891	0.02014	0.10796	0.00900	0.15723	0.00936	0.01170	0.00709	0.01000	0.00552	0.00402	0.00381	0.00118	0.02321	0.02647	0.00205	0.00442
23	0.42704	0.00905	0.00828	0.00674	0.00929	0.05048	0.00552	0.41149	0.01167	0.01915	0.00686	0.00730	0.00506	0.00387	0.00297	0.00110	0.00357	0.00262	0.00290	0.00504
24	0.07081	0.00441	0.00480	0.00438	0.00590	0.00395	0.00337	0.00752	0.00808	0.11593	0.03870	0.02642	0.52666	0.04732	0.06342	0.00159	0.00273	0.00605	0.00322	0.05474

[dist]
# distance from previous block
# <min> <max>
0	1

[block]
# block no. 1 follows, 76 sequences, length 15
# corresponding to MSA columns:
# 464-478
name=unknown_B
#
# <colnr> <probs for GDERKNQSTAVLIFYWHMCP>
#	G	D	E	R	K	N	Q	S	T	A	V	L	I	F	Y	W	H	M	C	P
0	0.00724	0.00564	0.00639	0.00594	0.00729	0.00595	0.00449	0.13967	0.22539	0.01417	0.20132	0.24571	0.10094	0.00753	0.00413	0.00125	0.00249	0.00653	0.00364	0.00430
1	0.00601	0.00504	0.00744	0.09066	0.16771	0.00493	0.03024	0.00768	0.00880	0.01208	0.31379	0.06902	0.20126	0.00657	0.00402	0.00116	0.00269	0.00583	0.05123	0.00387
2	0.00513	0.00395	0.00505	0.00538	0.00609	0.00385	0.00412	0.00616	0.00765	0.01006	0.06383	0.34063	0.19400	0.03553	0.00539	0.00149	0.05008	0.21145	0.00322	0.03695
3	0.00949	0.00878	0.01413	0.02073	0.75985	0.03577	0.01060	0.01180	0.03129	0.05167	0.00737	0.00920	0.00602	0.00336	0.00359	0.00108	0.00429	0.00325	0.00198	0.00573
4	0.02377	0.15700	0.11503	0.06485	0.01135	0.02352	0.00703	0.18817	0.05655	0.23987	0.02941	0.01053	0.03248	0.00422	0.00339	0.00106	0.00379	0.00327	0.00305	0.02167
5	0.04906	0.42591	0.02426	0.04807	0.03310	0.09248	0.01706	0.11799	0.09627	0.05365	0.00722	0.00774	0.00576	0.00363	0.00293	0.00095	0.00407	0.00260	0.00226	0.00498
6	0.00883	0.46406	0.26468	0.00786	0.01117	0.01172	0.00851	0.01087	0.00737	0.03125	0.02353	0.00728	0.00540	0.00377	0.00403	0.00101	0.11971	0.00247	0.00168	0.00479
7	0.01048	0.55214	0.10928	0.00746	0.01055	0.19127	0.00723	0.05648	0.00856	0.00973	0.00553	0.00634	0.00474	0.00335	0.00273	0.00087	0.00462	0.00218	0.00173	0.00473
8	0.00873	0.00830	0.01413	0.02115	0.79053	0.00835	0.01069	0.01083	0.00811	0.01163	0.00704	0.00937	0.00599	0.00492	0.06345	0.00141	0.00470	0.00328	0.00181	0.00558
9	0.00795	0.00657	0.00803	0.00692	0.00859	0.00707	0.07987	0.09309	0.35960	0.01314	0.01529	0.03423	0.09829	0.17732	0.00676	0.00168	0.00326	0.03095	0.03689	0.00451
10	0.00843	0.00717	0.01150	0.34325	0.23464	0.00783	0.05772	0.05549	0.05360	0.07019	0.00971	0.01161	0.05596	0.00530	0.05087	0.00142	0.00460	0.00367	0.00222	0.00479
11	0.00884	0.03342	0.17374	0.02598	0.02457	0.09956	0.12933	0.06973	0.06802	0.06343	0.15439	0.02094	0.04956	0.00473	0.00387	0.00112	0.01797	0.00407	0.03126	0.01547
12	0.00460	0.00349	0.00430	0.00471	0.00535	0.00311	0.00327	0.00543	0.00756	0.00994	0.08752	0.56265	0.22248	0.01014	0.00444	0.00135	0.00204	0.00901	0.00336	0.04525
13	0.10993	0.01200	0.00958	0.00857	0.04448	0.36025	0.00645	0.24495	0.02724	0.02531	0.00721	0.01788	0.00575	0.00519	0.04955	0.00126	0.00512	0.00282	0.00251	0.05395
14	0.07185	0.14291	0.05412	0.01130	0.24085	0.10401	0.03182	0.04509	0.02311	0.04151	0.00714	0.03556	0.00602	0.00357	0.00316	0.00095	0.00405	0.00291	0.00211	0.16797

[dist]
# distance from previous block
# <min> <max>
0	1

[block]
# block no. 2 follows, 76 sequences, length 12
# corresponding to MSA columns:
# 480-491
name=unknown_C
#
# <colnr> <probs for GDERKNQSTAVLIFYWHMCP>
#	G	D	E	R	K	N	Q	S	T	A	V	L	I	F	Y	W	H	M	C	P
0	0.00859	0.00778	0.00733	0.00665	0.00823	0.13662	0.00508	0.12126	0.25626	0.01405	0.21084	0.12603	0.06344	0.00633	0.00392	0.00118	0.00316	0.00531	0.00342	0.00452
1	0.00595	0.00386	0.00499	0.00509	0.00590	0.00361	0.00370	0.00745	0.04251	0.08707	0.29831	0.41184	0.06624	0.00903	0.00439	0.00132	0.00211	0.02938	0.00370	0.00353
2	0.00512	0.00373	0.00486	0.00536	0.00604	0.00355	0.00419	0.00631	0.00806	0.01059	0.13994	0.25775	0.13704	0.06580	0.00559	0.00160	0.00259	0.32537	0.00338	0.00314
3	0.01263	0.00633	0.00778	0.00632	0.00860	0.00609	0.00509	0.15322	0.07245	0.44875	0.05763	0.07906	0.06866	0.00549	0.00376	0.00115	0.00294	0.00454	0.04409	0.00543
4	0.00611	0.00470	0.00624	0.00591	0.00651	0.00543	0.00449	0.06342	0.00665	0.00927	0.01108	0.01741	0.04762	0.23032	0.42537	0.00409	0.10585	0.03406	0.00220	0.00327
5	0.10150	0.00783	0.00781	0.00662	0.00859	0.05127	0.00521	0.31909	0.15106	0.03965	0.01072	0.05418	0.00889	0.07958	0.00470	0.00132	0.00335	0.01617	0.11758	0.00487
6	0.89794	0.00703	0.00534	0.00478	0.00703	0.00815	0.00394	0.01068	0.00619	0.01631	0.00506	0.00590	0.00394	0.00337	0.00225	0.00112	0.00281	0.00197	0.00225	0.00394
7	0.00906	0.16777	0.47715	0.00911	0.01319	0.09862	0.01034	0.10669	0.00902	0.01199	0.00708	0.00907	0.00565	0.00387	0.00334	0.00108	0.00497	0.04498	0.00191	0.00511
8	0.01011	0.00757	0.05455	0.00851	0.01125	0.00644	0.21928	0.06737	0.00893	0.23829	0.01048	0.07052	0.00859	0.10423	0.00542	0.00135	0.00397	0.00413	0.00286	0.15617
9	0.71922	0.00762	0.00768	0.00630	0.00877	0.00854	0.10012	0.08209	0.00740	0.01634	0.00564	0.00660	0.00431	0.00342	0.00260	0.00113	0.00330	0.00235	0.00232	0.00424
10	0.00938	0.70104	0.09127	0.00762	0.01099	0.01327	0.10251	0.01102	0.00755	0.00916	0.00544	0.00645	0.00476	0.00313	0.00265	0.00086	0.00427	0.00228	0.00159	0.00475
11	0.09652	0.00661	0.00707	0.00618	0.00813	0.00722	0.00487	0.06468	0.39368	0.13773	0.05580	0.01305	0.01066	0.00468	0.00336	0.00112	0.00269	0.00378	0.16705	0.00511

[dist]
# distance from previous block
# <min> <max>
0	12

[block]
# block no. 3 follows, 76 sequences, length 17
# corresponding to MSA columns:
# 504-520
name=unknown_D
#
# <colnr> <probs for GDERKNQSTAVLIFYWHMCP>
#	G	D	E	R	K	N	Q	S	T	A	V	L	I	F	Y	W	H	M	C	P
0	0.00594	0.07633	0.00583	0.00467	0.00556	0.02908	0.00344	0.00724	0.03150	0.01083	0.26595	0.05937	0.11252	0.22001	0.06127	0.00199	0.00305	0.00550	0.08667	0.00324
1	0.00853	0.09064	0.01594	0.34543	0.01964	0.09702	0.34946	0.01095	0.00813	0.01015	0.00661	0.00905	0.00509	0.00336	0.00374	0.00115	0.00546	0.00345	0.00173	0.00447
2	0.00606	0.00453	0.00512	0.00503	0.00563	0.00478	0.00336	0.00882	0.21112	0.01002	0.08296	0.15458	0.01614	0.45281	0.01152	0.00244	0.00299	0.00590	0.00290	0.00329
3	0.01218	0.00577	0.00776	0.08677	0.00985	0.00549	0.00544	0.05922	0.02321	0.47870	0.14374	0.01607	0.01319	0.00520	0.00376	0.00115	0.00302	0.05423	0.06005	0.00520
4	0.00878	0.03702	0.47740	0.01074	0.06559	0.08860	0.07933	0.11230	0.00913	0.01248	0.00758	0.06059	0.00614	0.00402	0.00358	0.00114	0.00508	0.00334	0.00198	0.00518
5	0.07922	0.00397	0.00508	0.00510	0.00564	0.00438	0.00366	0.00633	0.00576	0.00868	0.01055	0.07925	0.01095	0.28160	0.44944	0.02414	0.00656	0.00462	0.00215	0.00293
6	0.00497	0.00373	0.00434	0.00425	0.00518	0.00336	0.00310	0.00623	0.01969	0.02352	0.35499	0.09153	0.36246	0.08976	0.00564	0.00143	0.00200	0.00710	0.00353	0.00320
7	0.00860	0.01057	0.21017	0.01091	0.05431	0.00819	0.25454	0.11410	0.08792	0.03709	0.06119	0.08247	0.00959	0.00466	0.00403	0.00121	0.01432	0.01856	0.00252	0.00504
8	0.01026	0.01164	0.35750	0.15285	0.01520	0.00732	0.07045	0.01312	0.00857	0.28695	0.00924	0.00982	0.00624	0.00381	0.00359	0.00115	0.00452	0.00323	0.01920	0.00534
9	0.08484	0.06563	0.00977	0.00864	0.05075	0.44573	0.00638	0.06336	0.08792	0.01107	0.00786	0.06241	0.00691	0.00601	0.06606	0.00138	0.00542	0.00317	0.00226	0.00441
10	0.00824	0.00499	0.00602	0.00553	0.00699	0.00476	0.00427	0.11117	0.02935	0.18402	0.09347	0.23919	0.22160	0.00800	0.00420	0.00127	0.00254	0.05652	0.00370	0.00417
11	0.00785	0.00749	0.01332	0.22543	0.25343	0.00767	0.21183	0.03331	0.00832	0.02897	0.01124	0.06494	0.10089	0.00452	0.00392	0.00119	0.00445	0.00443	0.00214	0.00467
12	0.00467	0.00340	0.00473	0.00531	0.00566	0.00346	0.00375	0.00551	0.00660	0.00901	0.01676	0.59826	0.01929	0.01643	0.27551	0.00286	0.00453	0.00829	0.00292	0.00305
13	0.00637	0.00861	0.22402	0.06151	0.08942	0.01764	0.00785	0.00847	0.00675	0.00966	0.00894	0.07439	0.00827	0.02552	0.38467	0.00331	0.04471	0.00392	0.00190	0.00408
14	0.04081	0.01958	0.11724	0.00907	0.01209	0.03418	0.10678	0.37738	0.15855	0.04438	0.00947	0.01823	0.00705	0.00429	0.00376	0.00115	0.01426	0.01307	0.00305	0.00561
15	0.00508	0.00399	0.00472	0.00506	0.00603	0.00375	0.00397	0.00677	0.06076	0.01043	0.04001	0.19672	0.38476	0.00957	0.00453	0.00140	0.00239	0.24336	0.00340	0.00330
16	0.00832	0.08944	0.06486	0.49098	0.09460	0.00864	0.10041	0.01070	0.00780	0.07973	0.00712	0.00938	0.00531	0.00355	0.00357	0.00115	0.00474	0.00323	0.00188	0.00461

[dist]
# distance from previous block
# <min> <max>
3	7

[block]
# block no. 4 follows, 76 sequences, length 22
# corresponding to MSA columns:
# 530-551
name=unknown_E
#
# <colnr> <probs for GDERKNQSTAVLIFYWHMCP>
#	G	D	E	R	K	N	Q	S	T	A	V	L	I	F	Y	W	H	M	C	P
0	0.00890	0.17712	0.31344	0.01066	0.15126	0.07522	0.02260	0.02116	0.00810	0.03365	0.00647	0.00761	0.00508	0.00329	0.00315	0.00096	0.00453	0.00259	0.00181	0.14241
1	0.00471	0.00357	0.00439	0.00496	0.00550	0.00338	0.00345	0.00602	0.05909	0.00978	0.02300	0.63668	0.18566	0.01053	0.00452	0.00142	0.00213	0.02466	0.00339	0.00316
2	0.06403	0.06252	0.00990	0.10856	0.01155	0.07957	0.01658	0.33852	0.11222	0.02512	0.00925	0.05202	0.00736	0.00445	0.00341	0.00108	0.00384	0.00348	0.06198	0.02456
3	0.00753	0.00728	0.06435	0.00578	0.00905	0.00522	0.00496	0.00966	0.04039	0.01201	0.02520	0.00821	0.00619	0.00293	0.00282	0.00062	0.00286	0.00236	0.00221	0.78037
4	0.01049	0.00966	0.06003	0.01350	0.28552	0.04486	0.09133	0.22577	0.04666	0.06215	0.00823	0.02359	0.00649	0.01638	0.00437	0.00116	0.05594	0.00346	0.00253	0.02789
5	0.03439	0.00628	0.04222	0.00624	0.00844	0.00553	0.00518	0.06494	0.06547	0.43564	0.17592	0.10689	0.01518	0.00576	0.00384	0.00117	0.00285	0.00486	0.00399	0.00518
6	0.00823	0.00491	0.00622	0.00558	0.00696	0.00475	0.01444	0.03135	0.11484	0.19906	0.30145	0.15863	0.05539	0.06517	0.00507	0.00137	0.00247	0.00607	0.00379	0.00425
7	0.04271	0.00719	0.00895	0.00688	0.00970	0.00688	0.00568	0.21835	0.01191	0.62335	0.01268	0.01128	0.00815	0.00443	0.00361	0.00112	0.00331	0.00351	0.00422	0.00612
8	0.01155	0.00982	0.00978	0.04690	0.01061	0.15047	0.00657	0.39683	0.02158	0.03963	0.00814	0.00980	0.00649	0.06240	0.01569	0.00135	0.12933	0.00327	0.05483	0.00497
9	0.00659	0.00403	0.00500	0.00486	0.00534	0.00403	0.00328	0.05481	0.00667	0.06521	0.01256	0.12490	0.03452	0.40701	0.05426	0.15788	0.00354	0.04016	0.00254	0.00281
10	0.00510	0.00398	0.00469	0.00466	0.00566	0.00372	0.00351	0.00706	0.07284	0.01210	0.34981	0.12471	0.32107	0.00848	0.00433	0.00125	0.00199	0.05795	0.00364	0.00342
11	0.00772	0.00763	0.01415	0.53010	0.02196	0.00846	0.27634	0.04759	0.00808	0.01059	0.00685	0.00972	0.00516	0.00370	0.00410	0.02297	0.00518	0.00357	0.00178	0.00435
12	0.14577	0.02097	0.01080	0.10906	0.19912	0.18212	0.04838	0.07996	0.04088	0.02444	0.00795	0.01907	0.00682	0.00426	0.00361	0.00114	0.01822	0.07047	0.00226	0.00470
13	0.00826	0.01324	0.40549	0.06453	0.09960	0.01953	0.14406	0.06679	0.04600	0.02783	0.06316	0.00997	0.00733	0.00379	0.00369	0.00116	0.00488	0.00341	0.00207	0.00519
14	0.00442	0.00336	0.00407	0.00459	0.00516	0.00301	0.00318	0.00519	0.00753	0.00968	0.06069	0.56226	0.29275	0.01051	0.00451	0.00138	0.00200	0.00931	0.00340	0.00301
15	0.01287	0.00631	0.00874	0.00712	0.00898	0.00662	0.00586	0.01412	0.00866	0.54166	0.01146	0.01157	0.00800	0.00790	0.11665	0.00185	0.20932	0.00357	0.00347	0.00528
16	0.06874	0.14557	0.19040	0.08030	0.12073	0.01000	0.02159	0.19418	0.09710	0.02629	0.00771	0.00855	0.00584	0.00375	0.00331	0.00108	0.00421	0.00296	0.00236	0.00533
17	0.01248	0.00931	0.01151	0.01019	0.11656	0.00996	0.06211	0.57776	0.01428	0.06982	0.00891	0.00998	0.00669	0.05796	0.00460	0.00125	0.00410	0.00348	0.00325	0.00580
18	0.00441	0.00323	0.00415	0.00487	0.00522	0.00297	0.00329	0.00508	0.00714	0.00935	0.02230	0.75722	0.13525	0.01109	0.00459	0.00144	0.00207	0.00997	0.00337	0.00297
19	0.00686	0.00646	0.01090	0.86353	0.02503	0.00807	0.01009	0.00929	0.00727	0.00929	0.00646	0.00969	0.00484	0.00363	0.00363	0.00121	0.00484	0.00323	0.00161	0.00404
20	0.01249	0.00915	0.01085	0.04616	0.11967	0.00991	0.00727	0.58118	0.02615	0.07535	0.05789	0.01019	0.00797	0.00438	0.00367	0.00110	0.00387	0.00350	0.00339	0.00587
21	0.00800	0.00730	0.01140	0.69969	0.02277	0.05764	0.06444	0.01031	0.00774	0.06606	0.00700	0.00969	0.00516	0.00366	0.00366	0.00119	0.00491	0.00328	0.00184	0.00425

[dist]
# distance from previous block
# <min> <max>
0	1

[block]
# block no. 5 follows, 76 sequences, length 12
# corresponding to MSA columns:
# 553-564
name=unknown_F
#
# <colnr> <probs for GDERKNQSTAVLIFYWHMCP>
#	G	D	E	R	K	N	Q	S	T	A	V	L	I	F	Y	W	H	M	C	P
0	0.00836	0.00765	0.00898	0.00660	0.00974	0.07675	0.07596	0.01004	0.00793	0.03328	0.00667	0.00777	0.00543	0.00286	0.00290	0.00065	0.00332	0.00239	0.00216	0.72056
1	0.00500	0.00370	0.00516	0.00545	0.00604	0.00390	0.00412	0.00613	0.00683	0.00935	0.06856	0.23802	0.07482	0.04222	0.41423	0.00361	0.00589	0.09113	0.00269	0.00315
2	0.09294	0.08645	0.24634	0.01031	0.05170	0.07816	0.16264	0.07981	0.06091	0.05099	0.00734	0.00840	0.00552	0.00369	0.00377	0.00113	0.03963	0.00305	0.00214	0.00508
3	0.00685	0.00537	0.00577	0.00521	0.00642	0.06429	0.00398	0.09363	0.01070	0.03063	0.57752	0.02355	0.09749	0.00680	0.00406	0.00112	0.00233	0.00582	0.04468	0.00379
4	0.12793	0.01243	0.00982	0.00838	0.01057	0.42810	0.04976	0.13655	0.01039	0.09946	0.00729	0.00811	0.00561	0.00548	0.06335	0.00136	0.00553	0.00278	0.00246	0.00464
5	0.04178	0.00458	0.00522	0.00504	0.00589	0.00467	0.00361	0.13034	0.00869	0.01238	0.13507	0.26698	0.04112	0.19796	0.00716	0.00174	0.00264	0.02222	0.09946	0.00344
6	0.00454	0.00342	0.00424	0.00484	0.00540	0.00311	0.00346	0.00536	0.00748	0.00960	0.02470	0.54780	0.25684	0.01063	0.00458	0.00143	0.00216	0.09403	0.00337	0.00303
7	0.00546	0.00372	0.00464	0.00467	0.00556	0.00335	0.00344	0.00666	0.00881	0.06504	0.33921	0.26380	0.23061	0.00886	0.00437	0.00127	0.00199	0.03145	0.00368	0.00338
8	0.56539	0.00627	0.00581	0.00518	0.00727	0.00681	0.00428	0.01149	0.00732	0.17228	0.00884	0.01140	0.00710	0.00435	0.00282	0.00116	0.00283	0.08772	0.07743	0.00425
9	0.89794	0.00703	0.00534	0.00478	0.00703	0.00815	0.00394	0.01068	0.00619	0.01631	0.00506	0.00590	0.00394	0.00337	0.00225	0.00112	0.00281	0.00197	0.00225	0.00394
10	0.00646	0.00507	0.00768	0.11602	0.16649	0.00531	0.00602	0.00790	0.00746	0.04042	0.10693	0.07803	0.06623	0.09511	0.20510	0.01461	0.00485	0.05403	0.00250	0.00379
11	0.08712	0.48241	0.03808	0.00674	0.00967	0.03301	0.00625	0.14471	0.06790	0.08282	0.00716	0.00746	0.00566	0.00360	0.00280	0.00093	0.00378	0.00249	0.00235	0.00506

[dist]
# distance from previous block
# <min> <max>
0	10

[block]
# block no. 6 follows, 76 sequences, length 64
# corresponding to MSA columns:
# 575-638
name=unknown_G
#
# <colnr> <probs for GDERKNQSTAVLIFYWHMCP>
#	G	D	E	R	K	N	Q	S	T	A	V	L	I	F	Y	W	H	M	C	P
0	0.10408	0.00609	0.00691	0.00528	0.00797	0.00503	0.00416	0.00913	0.00737	0.04265	0.02517	0.05119	0.00733	0.04125	0.03022	0.00098	0.00293	0.00287	0.00234	0.63704
1	0.01809	0.07537	0.22318	0.01060	0.07363	0.00980	0.11764	0.20111	0.03566	0.04758	0.00766	0.01809	0.00598	0.00423	0.00475	0.00119	0.12454	0.01334	0.00232	0.00526
2	0.00442	0.00320	0.00418	0.00496	0.00524	0.00296	0.00333	0.00507	0.00706	0.00932	0.02128	0.80783	0.08530	0.01122	0.00461	0.00146	0.00209	0.01013	0.00337	0.00296
3	0.00594	0.00497	0.00601	0.00593	0.00660	0.07645	0.00449	0.00700	0.00613	0.00828	0.00944	0.01441	0.00901	0.10313	0.68152	0.03299	0.00869	0.00387	0.00195	0.00318
4	0.05129	0.00497	0.00735	0.00644	0.00742	0.00508	0.08888	0.09221	0.00703	0.03845	0.00832	0.02513	0.00782	0.02861	0.05509	0.49242	0.00388	0.06453	0.00214	0.00292
5	0.00449	0.00361	0.00402	0.00412	0.00510	0.00313	0.00303	0.00552	0.00842	0.01060	0.18019	0.17578	0.54851	0.00927	0.00436	0.00126	0.00189	0.02008	0.00349	0.00312
6	0.00972	0.87446	0.01905	0.00622	0.00933	0.01438	0.00622	0.01088	0.00738	0.00855	0.00505	0.00583	0.00466	0.00311	0.00233	0.00078	0.00389	0.00194	0.00155	0.00466
7	0.00624	0.00546	0.00841	0.00823	0.07579	0.03436	0.09534	0.00780	0.00674	0.00947	0.04066	0.02687	0.00931	0.01986	0.58536	0.00432	0.00808	0.00396	0.00203	0.04171
8	0.00467	0.00341	0.00472	0.00527	0.00565	0.00346	0.00373	0.00552	0.00664	0.00902	0.01720	0.57410	0.04176	0.01639	0.27687	0.00286	0.00453	0.00821	0.00292	0.00305
9	0.65709	0.00702	0.00633	0.00535	0.00776	0.00772	0.00441	0.05906	0.00772	0.19752	0.00728	0.00746	0.00516	0.00367	0.00263	0.00112	0.00294	0.00241	0.00281	0.00455
10	0.01250	0.00793	0.00882	0.00728	0.00974	0.03131	0.00584	0.17442	0.37130	0.30138	0.01345	0.01225	0.01740	0.00468	0.00367	0.00116	0.00325	0.00378	0.00391	0.00591
11	0.00706	0.00581	0.00839	0.00897	0.12915	0.02462	0.08813	0.08136	0.00881	0.01207	0.06695	0.23587	0.04988	0.02535	0.00445	0.00133	0.00326	0.14680	0.08771	0.00399
12	0.02559	0.00640	0.00790	0.00647	0.00848	0.00650	0.00520	0.16804	0.06566	0.33517	0.20241	0.01527	0.01423	0.03564	0.03683	0.00141	0.04554	0.00429	0.00382	0.00514
13	0.00884	0.02581	0.30650	0.03742	0.07389	0.00860	0.04196	0.13946	0.15692	0.02008	0.00912	0.00978	0.02682	0.00393	0.00362	0.00109	0.01688	0.00321	0.00241	0.10365
14	0.04395	0.04771	0.03474	0.00538	0.00648	0.03669	0.00423	0.03545	0.00879	0.01225	0.36555	0.26206	0.04183	0.00931	0.06757	0.00156	0.00296	0.00664	0.00328	0.00354
15	0.00906	0.00893	0.00891	0.00798	0.09469	0.17394	0.00561	0.03431	0.00843	0.01158	0.00640	0.00753	0.00531	0.00300	0.00293	0.00069	0.00366	0.00233	0.00210	0.60260
16	0.00543	0.00408	0.00567	0.00555	0.00596	0.00473	0.00410	0.00630	0.00565	0.00804	0.00988	0.01665	0.01000	0.27841	0.54396	0.00483	0.07151	0.00426	0.00200	0.00299
17	0.07325	0.00549	0.00707	0.00594	0.00806	0.00502	0.00487	0.01381	0.00939	0.52551	0.05586	0.01815	0.04039	0.04257	0.00439	0.00130	0.00295	0.12391	0.04700	0.00507
18	0.01455	0.00571	0.00762	0.00598	0.00845	0.00500	0.00489	0.01601	0.01004	0.70484	0.05494	0.01325	0.01028	0.00461	0.00354	0.00109	0.00285	0.00376	0.11688	0.00570
19	0.00840	0.00757	0.01038	0.00891	0.00958	0.00981	0.03313	0.03628	0.10997	0.04645	0.03933	0.01189	0.00801	0.00623	0.00930	0.00149	0.57718	0.05953	0.00226	0.00432
20	0.89794	0.00703	0.00534	0.00478	0.00703	0.00815	0.00394	0.01068	0.00619	0.01631	0.00506	0.00590	0.00394	0.00337	0.00225	0.00112	0.00281	0.00197	0.00225	0.00394
21	0.00520	0.00389	0.00571	0.00576	0.00642	0.00444	0.00449	0.00647	0.00606	0.00859	0.01136	0.01689	0.04147	0.04995	0.75170	0.00536	0.00889	0.05206	0.00209	0.00321
22	0.30020	0.00689	0.00745	0.00599	0.00849	0.00705	0.00493	0.14554	0.00990	0.38730	0.01026	0.00979	0.00694	0.00409	0.00311	0.00110	0.00304	0.00303	0.06965	0.00525
23	0.10493	0.00770	0.01120	0.03784	0.01181	0.00779	0.19297	0.14352	0.10554	0.25788	0.03129	0.05305	0.00869	0.00446	0.00372	0.00118	0.00384	0.00400	0.00327	0.00531
24	0.00537	0.00397	0.00546	0.00532	0.00599	0.00427	0.00392	0.00635	0.00586	0.00837	0.01021	0.04079	0.01025	0.23196	0.56407	0.00475	0.00747	0.00429	0.00207	0.06924
25	0.00522	0.00368	0.00480	0.00480	0.00512	0.00394	0.00327	0.00587	0.00581	0.00807	0.05541	0.03469	0.01280	0.45788	0.36852	0.00433	0.00600	0.00486	0.00221	0.00272
26	0.05481	0.00491	0.00532	0.00490	0.00618	0.00512	0.00371	0.05486	0.14283	0.08638	0.06757	0.08573	0.01228	0.06967	0.00434	0.00123	0.00236	0.00437	0.37937	0.00407
27	0.00517	0.00385	0.00488	0.00531	0.00574	0.01249	0.00372	0.00652	0.06254	0.00926	0.01635	0.48179	0.01850	0.14372	0.16006	0.00256	0.00385	0.04761	0.00295	0.00311
28	0.21581	0.00928	0.00943	0.00747	0.01016	0.01039	0.00614	0.58742	0.07600	0.02082	0.00834	0.00844	0.00603	0.00418	0.00332	0.00111	0.00364	0.00304	0.00332	0.00564
29	0.00572	0.00472	0.00570	0.00636	0.06879	0.00469	0.00425	0.00861	0.17790	0.01127	0.08959	0.30882	0.27265	0.00848	0.00424	0.00129	0.00232	0.00742	0.00337	0.00380
30	0.00489	0.00349	0.00472	0.00547	0.00586	0.00339	0.00403	0.00580	0.00719	0.00954	0.01885	0.56058	0.02188	0.05901	0.04739	0.00186	0.00289	0.22690	0.00323	0.00303
31	0.00966	0.81009	0.01873	0.00742	0.07180	0.01395	0.00659	0.01090	0.00745	0.00880	0.00519	0.00607	0.00475	0.00312	0.00243	0.00080	0.00392	0.00204	0.00157	0.00475
32	0.00809	0.00749	0.01176	0.32834	0.35130	0.03684	0.00967	0.01016	0.00789	0.02929	0.00825	0.01314	0.00728	0.00443	0.00421	0.00122	0.04931	0.10467	0.00197	0.00469
33	0.00732	0.00794	0.09527	0.00775	0.00871	0.07273	0.00674	0.00856	0.00645	0.00926	0.00767	0.01188	0.00718	0.03097	0.21034	0.05026	0.33556	0.04365	0.06802	0.00372
34	0.00648	0.00557	0.00801	0.00733	0.00764	0.00724	0.00588	0.00729	0.00562	0.00837	0.00728	0.01125	0.00697	0.01690	0.41468	0.08797	0.37684	0.00352	0.00176	0.00340
35	0.00889	0.05953	0.01175	0.21655	0.15554	0.08119	0.02570	0.06061	0.12563	0.01121	0.00744	0.00933	0.00604	0.00489	0.02605	0.00133	0.17828	0.00324	0.00209	0.00473
36	0.00828	0.01039	0.24038	0.00932	0.11754	0.00693	0.02524	0.08481	0.00850	0.02516	0.00708	0.00868	0.00568	0.04028	0.00382	0.00098	0.00386	0.00274	0.00210	0.38822
37	0.06803	0.63030	0.13632	0.00695	0.01023	0.07736	0.00716	0.01124	0.00757	0.00951	0.00531	0.00615	0.00461	0.00322	0.00256	0.00087	0.00423	0.00208	0.00162	0.00468
38	0.01825	0.00422	0.00536	0.00563	0.00677	0.00395	0.00469	0.00783	0.00844	0.09854	0.02363	0.08414	0.26063	0.00914	0.00458	0.00146	0.00278	0.43261	0.01381	0.00355
39	0.03601	0.21395	0.01158	0.00753	0.01784	0.07458	0.00622	0.23259	0.31372	0.01514	0.01767	0.00972	0.00768	0.00419	0.00328	0.00105	0.00369	0.00317	0.00296	0.01742
40	0.00599	0.00576	0.05631	0.02076	0.12590	0.00505	0.06791	0.00790	0.04260	0.01129	0.20548	0.28079	0.06463	0.05518	0.02635	0.00150	0.00314	0.00664	0.00296	0.00385
41	0.04090	0.20225	0.53620	0.05465	0.01422	0.00971	0.02668	0.01121	0.00755	0.02420	0.01229	0.00758	0.00491	0.00351	0.00345	0.00109	0.03031	0.00262	0.00164	0.00504
42	0.00842	0.12583	0.45511	0.01150	0.05646	0.00927	0.22155	0.01172	0.00802	0.04861	0.00691	0.00825	0.00510	0.00335	0.00354	0.00112	0.00522	0.00307	0.00176	0.00522
43	0.57922	0.00679	0.00636	0.00541	0.00777	0.00737	0.00443	0.01310	0.06960	0.23680	0.02704	0.00865	0.00648	0.00388	0.00277	0.00113	0.00287	0.00268	0.00299	0.00465
44	0.00499	0.00361	0.00459	0.00507	0.01990	0.00330	0.00356	0.00597	0.00805	0.02932	0.18044	0.42049	0.21626	0.00977	0.00461	0.01417	0.00212	0.05710	0.00346	0.00319
45	0.03909	0.07479	0.25332	0.03393	0.29258	0.04366	0.00990	0.07841	0.00901	0.10801	0.01924	0.00882	0.00602	0.00362	0.00343	0.00108	0.00444	0.00300	0.00220	0.00545
46	0.00494	0.00381	0.00457	0.00496	0.00564	0.00365	0.00349	0.00673	0.09493	0.01043	0.08792	0.52894	0.20662	0.00992	0.00444	0.00137	0.00210	0.00880	0.00346	0.00331
47	0.00479	0.00349	0.00458	0.00528	0.00578	0.00328	0.00390	0.00575	0.00759	0.00995	0.05706	0.54180	0.11602	0.01065	0.00468	0.00148	0.00236	0.20511	0.00339	0.00308
48	0.00868	0.02414	0.02438	0.21910	0.43212	0.03402	0.08285	0.01648	0.04340	0.03535	0.00739	0.00957	0.00590	0.00435	0.03579	0.00130	0.00478	0.00334	0.00193	0.00512
49	0.00771	0.02767	0.08107	0.12025	0.26285	0.08490	0.03158	0.00966	0.00811	0.01059	0.01106	0.13556	0.01113	0.00590	0.00399	0.00127	0.00421	0.17576	0.00230	0.00442
50	0.02001	0.00352	0.00353	0.00349	0.00443	0.00345	0.00263	0.00826	0.00772	0.02549	0.01471	0.01593	0.10740	0.00481	0.00276	0.00090	0.00175	0.00387	0.76197	0.00340
51	0.00552	0.00445	0.00521	0.01495	0.00626	0.00453	0.00382	0.01355	0.14021	0.01110	0.15201	0.14459	0.30354	0.05503	0.09765	0.00188	0.02230	0.00660	0.00325	0.00356
52	0.00956	0.39412	0.18383	0.01079	0.17134	0.06801	0.04973	0.01170	0.01585	0.04498	0.00631	0.00739	0.00514	0.00332	0.00303	0.00096	0.00451	0.00257	0.00177	0.00507
53	0.07324	0.01451	0.58615	0.00880	0.01290	0.00752	0.02048	0.01095	0.04873	0.01221	0.06823	0.06590	0.00848	0.00435	0.00348	0.00116	0.00444	0.00353	0.04003	0.00490
54	0.00478	0.00350	0.00454	0.00514	0.00563	0.00331	0.00368	0.00592	0.02801	0.01028	0.11977	0.59099	0.08585	0.01044	0.00459	0.00143	0.00220	0.10335	0.00345	0.00313
55	0.00938	0.03142	0.15499	0.05472	0.46383	0.06250	0.06376	0.04155	0.00868	0.05387	0.00747	0.00909	0.01532	0.00348	0.00358	0.00109	0.00466	0.00320	0.00197	0.00544
56	0.00801	0.00918	0.13924	0.20773	0.27978	0.01785	0.01734	0.03960	0.12194	0.01200	0.04335	0.03023	0.03227	0.00429	0.00370	0.00117	0.00419	0.02088	0.00224	0.00501
57	0.00686	0.00646	0.01090	0.86353	0.02503	0.00807	0.01009	0.00929	0.00727	0.00929	0.00646	0.00969	0.00484	0.00363	0.00363	0.00121	0.00484	0.00323	0.00161	0.00404
58	0.00505	0.00347	0.00446	0.00509	0.00546	0.00335	0.00364	0.00588	0.00705	0.00956	0.01807	0.47493	0.03232	0.15611	0.00691	0.00182	0.00258	0.18444	0.06689	0.00294
59	0.00685	0.00554	0.00643	0.00529	0.00738	0.00484	0.00415	0.06773	0.05350	0.01307	0.21905	0.04725	0.13681	0.00557	0.00358	0.00093	0.00243	0.03024	0.00305	0.37631
60	0.02921	0.00372	0.00433	0.00439	0.00529	0.00337	0.00322	0.00608	0.00854	0.02170	0.29436	0.19825	0.33827	0.03834	0.00480	0.00133	0.00199	0.02611	0.00352	0.00320
61	0.04895	0.42916	0.05603	0.00824	0.05500	0.20044	0.00702	0.13576	0.00950	0.01143	0.00590	0.00669	0.00492	0.00347	0.00286	0.00091	0.00455	0.00234	0.00198	0.00485
62	0.00546	0.00403	0.00486	0.00477	0.00541	0.00397	0.00324	0.00654	0.04732	0.00884	0.02868	0.15057	0.07373	0.39314	0.14672	0.00296	0.00404	0.01974	0.00254	0.08343
63	0.20857	0.09784	0.07886	0.01405	0.39699	0.02380	0.03685	0.04213	0.00801	0.01285	0.00628	0.00778	0.00512	0.00329	0.00313	0.00104	0.00404	0.00275	0.00194	0.04466

[dist]
# distance from previous block
# <min> <max>
0	1

[block]
# block no. 7 follows, 76 sequences, length 14
# corresponding to MSA columns:
# 640-653
name=unknown_H
#
# <colnr> <probs for GDERKNQSTAVLIFYWHMCP>
#	G	D	E	R	K	N	Q	S	T	A	V	L	I	F	Y	W	H	M	C	P
0	0.00534	0.00364	0.00472	0.00486	0.00534	0.00362	0.00351	0.00607	0.00706	0.00965	0.17119	0.09954	0.06475	0.23456	0.12853	0.09404	0.00372	0.11831	0.02873	0.00282
1	0.00768	0.02770	0.00866	0.00953	0.16198	0.11018	0.01549	0.01031	0.12396	0.01119	0.09765	0.09232	0.06491	0.02599	0.06525	0.00162	0.04326	0.11535	0.00274	0.00423
2	0.00537	0.00370	0.00455	0.00438	0.00527	0.00339	0.00323	0.00679	0.00930	0.03427	0.53190	0.08021	0.17063	0.04705	0.00481	0.00126	0.00188	0.00662	0.07204	0.00335
3	0.00832	0.06252	0.01337	0.13421	0.56869	0.00831	0.02807	0.01036	0.00806	0.01124	0.00897	0.01090	0.06346	0.00373	0.00354	0.00108	0.00411	0.00349	0.04243	0.00514
4	0.00663	0.00418	0.00515	0.00481	0.00605	0.00379	0.00369	0.00828	0.03659	0.13401	0.37890	0.08253	0.26057	0.00780	0.00423	0.00121	0.00208	0.04191	0.00382	0.00377
5	0.00537	0.00380	0.00453	0.00429	0.00529	0.00340	0.00317	0.00663	0.00914	0.05069	0.44710	0.02895	0.31985	0.08523	0.00553	0.00138	0.00198	0.00671	0.00364	0.00332
6	0.06592	0.37842	0.08877	0.00769	0.04294	0.01145	0.00687	0.10902	0.23082	0.01287	0.00827	0.00852	0.00654	0.00379	0.00299	0.00100	0.00371	0.00279	0.00242	0.00519
7	0.01021	0.06010	0.03693	0.04231	0.47303	0.10875	0.03808	0.01214	0.00863	0.10858	0.00743	0.00883	0.00585	0.00341	0.00346	0.00103	0.00442	0.00306	0.00212	0.06165
8	0.00954	0.51663	0.22346	0.00776	0.01116	0.09576	0.00817	0.03516	0.00794	0.00974	0.00556	0.00653	0.00470	0.00343	0.00315	0.00093	0.04166	0.00226	0.00164	0.00481
9	0.81829	0.00698	0.00584	0.08154	0.00864	0.00815	0.00449	0.01056	0.00628	0.01568	0.00519	0.00624	0.00402	0.00340	0.00237	0.00113	0.00299	0.00208	0.00219	0.00395
10	0.00571	0.00402	0.00463	0.00443	0.00563	0.00359	0.00333	0.00726	0.04428	0.07926	0.25355	0.10474	0.44947	0.00836	0.00425	0.00122	0.00198	0.00713	0.00365	0.00352
11	0.00714	0.00764	0.08577	0.44057	0.08620	0.00783	0.02737	0.03845	0.00791	0.01070	0.08834	0.03564	0.04173	0.00468	0.00461	0.00123	0.09401	0.00389	0.00204	0.00426
12	0.00919	0.14394	0.22075	0.01949	0.04306	0.00951	0.13885	0.19643	0.04788	0.01393	0.06836	0.02530	0.02964	0.00417	0.00357	0.00109	0.00436	0.00358	0.00243	0.01447
13	0.00584	0.00526	0.06686	0.02894	0.00716	0.00426	0.02282	0.03283	0.00931	0.03998	0.41866	0.07335	0.20493	0.04678	0.00485	0.00130	0.00243	0.01736	0.00345	0.00363

[dist]
# distance from previous block
# <min> <max>
0	39

# created by:
# /home/cegg/simao/soft/augustus-3.2.1/scripts/msa2prfl.pl ./align_prep/EOG092C3ZSC.fa
