[name]
unknown

[dist]
# distance from previous block
# <min> <max>
0	388

[block]
# block no. 0 follows, 78 sequences, length 25
# corresponding to MSA columns:
# 401-425
name=unknown_A
#
# <colnr> <probs for GDERKNQSTAVLIFYWHMCP>
#	G	D	E	R	K	N	Q	S	T	A	V	L	I	F	Y	W	H	M	C	P
0	0.00949	0.01945	0.00884	0.04026	0.03482	0.00777	0.03287	0.13587	0.34915	0.09747	0.03981	0.05008	0.04031	0.00481	0.00368	0.00110	0.01387	0.00403	0.00326	0.10306
1	0.00740	0.00653	0.01052	0.73197	0.05160	0.00789	0.00937	0.06046	0.00787	0.03439	0.00764	0.01027	0.03168	0.00379	0.00358	0.00117	0.00453	0.00332	0.00185	0.00417
2	0.00517	0.00339	0.00396	0.00404	0.00406	0.00337	0.00234	0.00512	0.00530	0.00707	0.01168	0.10597	0.01350	0.72739	0.01648	0.06795	0.00329	0.00551	0.00223	0.00219
3	0.00784	0.01548	0.60502	0.01077	0.06622	0.00848	0.07255	0.06277	0.08000	0.01235	0.02086	0.00861	0.00575	0.00358	0.00350	0.00113	0.00490	0.00300	0.00189	0.00530
4	0.00621	0.00575	0.05279	0.07536	0.06166	0.00514	0.03568	0.07820	0.03173	0.02264	0.11784	0.18055	0.29787	0.00730	0.00405	0.00121	0.00279	0.00635	0.00303	0.00383
5	0.00760	0.18386	0.69500	0.00937	0.01420	0.00939	0.01179	0.01116	0.00746	0.01072	0.00611	0.00717	0.00452	0.00332	0.00317	0.00106	0.00498	0.00249	0.00151	0.00513
6	0.00443	0.00311	0.00410	0.00489	0.00512	0.00291	0.00327	0.00509	0.00684	0.00926	0.01929	0.83732	0.02296	0.01087	0.00446	0.00142	0.00205	0.00984	0.03986	0.00291
7	0.00696	0.01750	0.80394	0.00975	0.01476	0.00794	0.01251	0.01090	0.00755	0.01117	0.00822	0.00916	0.05662	0.00373	0.00343	0.00113	0.00505	0.00293	0.00161	0.00512
8	0.00518	0.00345	0.00388	0.00388	0.00388	0.00345	0.00216	0.00518	0.00518	0.00690	0.01122	0.02330	0.01294	0.87488	0.01812	0.00345	0.00345	0.00518	0.00216	0.00216
9	0.00482	0.00359	0.00449	0.00435	0.00521	0.00325	0.00323	0.00627	0.00944	0.01297	0.62795	0.09497	0.19047	0.00792	0.00423	0.00116	0.00173	0.00694	0.00375	0.00325
10	0.00908	0.00953	0.01839	0.01338	0.01665	0.04393	0.66179	0.09211	0.00925	0.03224	0.00806	0.05348	0.00644	0.00360	0.00410	0.00119	0.00555	0.00431	0.00211	0.00483
11	0.01070	0.00653	0.00741	0.00621	0.00810	0.00679	0.00495	0.35356	0.01168	0.16149	0.01228	0.15405	0.01048	0.00555	0.00352	0.00110	0.00294	0.02579	0.20201	0.00485
12	0.00433	0.00312	0.00411	0.00490	0.00515	0.00290	0.00328	0.00496	0.00687	0.00911	0.02030	0.83797	0.05769	0.01107	0.00453	0.00144	0.00205	0.01001	0.00331	0.00290
13	0.04218	0.00624	0.00767	0.00605	0.00845	0.00595	0.00495	0.15351	0.01066	0.53580	0.01239	0.01153	0.00825	0.00430	0.00333	0.00105	0.00292	0.00342	0.16586	0.00549
14	0.01307	0.01603	0.01017	0.00911	0.01093	0.75823	0.00691	0.07646	0.01038	0.00974	0.00570	0.00664	0.00470	0.00383	0.00362	0.00096	0.04490	0.00240	0.00195	0.00426
15	0.00680	0.00580	0.00670	0.00500	0.00776	0.00442	0.00396	0.00827	0.00755	0.01134	0.03369	0.02689	0.13073	0.00385	0.00294	0.00066	0.00248	0.00316	0.00235	0.72565
16	0.00681	0.04256	0.08819	0.00756	0.00933	0.00633	0.13542	0.00831	0.01559	0.02614	0.02269	0.06414	0.01869	0.12147	0.15354	0.06009	0.09503	0.01177	0.00205	0.10428
17	0.00509	0.00380	0.00565	0.00565	0.00626	0.00441	0.00436	0.00631	0.00570	0.00821	0.00960	0.01434	0.00906	0.05910	0.82858	0.00564	0.00930	0.00387	0.00192	0.00314
18	0.00442	0.00324	0.00416	0.00472	0.00514	0.00297	0.00324	0.00524	0.00746	0.00992	0.14401	0.64291	0.12884	0.01032	0.00445	0.00137	0.00198	0.00925	0.00340	0.00297
19	0.00992	0.01051	0.01269	0.04573	0.03940	0.23714	0.23345	0.07575	0.09620	0.02561	0.00848	0.01883	0.01924	0.00434	0.00461	0.00116	0.10075	0.03750	0.01410	0.00459
20	0.00734	0.00696	0.06076	0.00750	0.00838	0.02792	0.03321	0.06184	0.00659	0.02728	0.00747	0.01171	0.00708	0.12743	0.21272	0.06767	0.30902	0.00356	0.00192	0.00363
21	0.00443	0.00320	0.00420	0.00497	0.00524	0.00302	0.00334	0.00524	0.02390	0.00922	0.01991	0.83533	0.04280	0.01098	0.00452	0.00144	0.00207	0.00994	0.00331	0.00295
22	0.01223	0.00573	0.00760	0.00630	0.00828	0.00554	0.00504	0.04086	0.05657	0.52162	0.01364	0.09564	0.02174	0.03490	0.09802	0.00174	0.05137	0.00433	0.00371	0.00513
23	0.00947	0.02777	0.01250	0.02609	0.06389	0.04995	0.25504	0.13641	0.11591	0.08519	0.05218	0.08037	0.03865	0.00478	0.00397	0.00117	0.01550	0.01348	0.00280	0.00489
24	0.01728	0.01138	0.11044	0.02679	0.05701	0.17986	0.34799	0.05659	0.04843	0.02429	0.00794	0.06212	0.00658	0.00395	0.00395	0.00114	0.02363	0.00382	0.00208	0.00473

[dist]
# distance from previous block
# <min> <max>
1	27

[block]
# block no. 1 follows, 78 sequences, length 14
# corresponding to MSA columns:
# 456-469
name=unknown_B
#
# <colnr> <probs for GDERKNQSTAVLIFYWHMCP>
#	G	D	E	R	K	N	Q	S	T	A	V	L	I	F	Y	W	H	M	C	P
0	0.03277	0.04339	0.00647	0.01806	0.00676	0.00517	0.02186	0.02650	0.02623	0.00977	0.08819	0.14616	0.11401	0.03808	0.28098	0.05717	0.05829	0.01432	0.00251	0.00330
1	0.00542	0.00372	0.00475	0.00520	0.03065	0.00364	0.00330	0.03724	0.00649	0.00881	0.01406	0.40059	0.01614	0.28054	0.02201	0.10239	0.00286	0.00689	0.02299	0.02231
2	0.00947	0.17752	0.24469	0.03115	0.11519	0.03647	0.05408	0.13063	0.03648	0.06537	0.00752	0.00904	0.00593	0.05650	0.00418	0.00118	0.00440	0.00299	0.00216	0.00507
3	0.01116	0.28873	0.02773	0.04386	0.04416	0.16218	0.09309	0.13876	0.00965	0.10697	0.00710	0.00786	0.00548	0.00361	0.00331	0.00097	0.02252	0.00276	0.01521	0.00491
4	0.00802	0.04051	0.19983	0.03336	0.03084	0.00632	0.04117	0.02614	0.00786	0.06582	0.02495	0.02633	0.00630	0.00330	0.00306	0.00081	0.00353	0.00274	0.00215	0.46698
5	0.01131	0.08659	0.08445	0.07971	0.12040	0.06009	0.03786	0.01342	0.03548	0.32875	0.02859	0.01010	0.00731	0.00382	0.00337	0.00103	0.00383	0.00318	0.01288	0.06783
6	0.00567	0.00428	0.00432	0.00430	0.00444	0.05556	0.00257	0.00578	0.00560	0.00717	0.01128	0.04295	0.01290	0.77740	0.01653	0.00320	0.00359	0.02792	0.00220	0.00233
7	0.00637	0.00483	0.00709	0.09185	0.09715	0.00464	0.04637	0.00782	0.00835	0.08073	0.17041	0.16222	0.24299	0.00726	0.00411	0.00122	0.00275	0.04694	0.00310	0.00378
8	0.01212	0.01133	0.06375	0.09335	0.09250	0.31184	0.06050	0.02959	0.00936	0.24348	0.00826	0.00887	0.00595	0.00384	0.00370	0.00106	0.03003	0.00300	0.00252	0.00493
9	0.00509	0.00379	0.00558	0.00558	0.00617	0.00438	0.00428	0.00627	0.00568	0.00816	0.00966	0.01468	0.00920	0.08990	0.79798	0.00555	0.00908	0.00392	0.00193	0.00310
10	0.00436	0.00314	0.00413	0.00489	0.00516	0.00291	0.00328	0.00503	0.00698	0.00930	0.05037	0.81006	0.05534	0.01093	0.00452	0.00142	0.00204	0.00989	0.00333	0.00291
11	0.02066	0.05018	0.14203	0.05413	0.34766	0.04720	0.01886	0.02731	0.05559	0.18904	0.00850	0.00931	0.00627	0.00361	0.00344	0.00107	0.00416	0.00312	0.00240	0.00545
12	0.00518	0.00393	0.00579	0.00573	0.00631	0.00461	0.00442	0.00636	0.00568	0.00819	0.00947	0.01434	0.00900	0.07757	0.78068	0.00544	0.03836	0.00387	0.00191	0.00314
13	0.00440	0.00314	0.00420	0.00503	0.00526	0.00294	0.00341	0.00506	0.00688	0.00916	0.01959	0.83633	0.02341	0.01110	0.00456	0.00145	0.00212	0.04574	0.00330	0.00291

[dist]
# distance from previous block
# <min> <max>
4	6

[block]
# block no. 2 follows, 78 sequences, length 13
# corresponding to MSA columns:
# 477-489
name=unknown_C
#
# <colnr> <probs for GDERKNQSTAVLIFYWHMCP>
#	G	D	E	R	K	N	Q	S	T	A	V	L	I	F	Y	W	H	M	C	P
0	0.00819	0.06993	0.25741	0.16108	0.06277	0.05147	0.12425	0.03393	0.07745	0.02354	0.00771	0.01011	0.00612	0.00419	0.01461	0.00121	0.04096	0.03834	0.00195	0.00478
1	0.00783	0.03450	0.03590	0.02205	0.12305	0.00588	0.00564	0.00991	0.04216	0.02555	0.00680	0.00788	0.00556	0.00288	0.00284	0.00067	0.00302	0.00238	0.00212	0.65337
2	0.03859	0.04848	0.26045	0.04728	0.06648	0.01903	0.07597	0.01025	0.02072	0.01150	0.03932	0.00849	0.00616	0.00323	0.00314	0.00089	0.00396	0.00274	0.00193	0.33139
3	0.00515	0.00388	0.00578	0.03592	0.00685	0.00451	0.00450	0.00638	0.00574	0.00821	0.00953	0.01440	0.00900	0.07797	0.77883	0.00542	0.00899	0.00388	0.00191	0.00314
4	0.04195	0.00594	0.00777	0.05295	0.05878	0.00581	0.00537	0.11800	0.02124	0.35362	0.14531	0.12515	0.01375	0.00556	0.00373	0.00114	0.00293	0.00473	0.02131	0.00495
5	0.00801	0.00814	0.01334	0.27008	0.30483	0.06489	0.17039	0.01020	0.00796	0.01050	0.02744	0.02335	0.03292	0.00434	0.02738	0.00126	0.00485	0.00365	0.00185	0.00463
6	0.00544	0.00381	0.00464	0.00470	0.00509	0.01931	0.00326	0.00617	0.00591	0.00838	0.01130	0.06113	0.01179	0.39431	0.30269	0.00371	0.00531	0.03675	0.10353	0.00275
7	0.00441	0.00337	0.00405	0.00439	0.00506	0.00301	0.00310	0.00531	0.00784	0.01016	0.16587	0.42573	0.32544	0.00972	0.00436	0.00130	0.00191	0.00855	0.00341	0.00301
8	0.00741	0.00633	0.00824	0.02696	0.00887	0.01895	0.08205	0.09519	0.19503	0.01372	0.29786	0.01897	0.07738	0.02243	0.00488	0.00124	0.07348	0.03349	0.00325	0.00429
9	0.00528	0.00400	0.00589	0.00580	0.00635	0.00473	0.00449	0.00637	0.00565	0.00815	0.00923	0.01398	0.00877	0.06620	0.74446	0.03399	0.05784	0.00382	0.00189	0.00312
10	0.00767	0.00650	0.00753	0.00541	0.00856	0.00504	0.00434	0.04727	0.00781	0.01210	0.00643	0.00744	0.00531	0.00271	0.00268	0.00055	0.00270	0.00216	0.00218	0.85563
11	0.21714	0.01002	0.01014	0.00847	0.01039	0.24725	0.14569	0.03121	0.06030	0.01158	0.00813	0.02581	0.04615	0.00538	0.04597	0.00136	0.10549	0.00323	0.00214	0.00417
12	0.02673	0.00563	0.00675	0.00543	0.00750	0.00529	0.01650	0.11430	0.00925	0.25507	0.01074	0.01141	0.00792	0.02558	0.03677	0.00115	0.00293	0.00322	0.28914	0.15869

[dist]
# distance from previous block
# <min> <max>
0	1

[block]
# block no. 3 follows, 78 sequences, length 9
# corresponding to MSA columns:
# 491-499
name=unknown_D
#
# <colnr> <probs for GDERKNQSTAVLIFYWHMCP>
#	G	D	E	R	K	N	Q	S	T	A	V	L	I	F	Y	W	H	M	C	P
0	0.00433	0.00313	0.00409	0.00486	0.00514	0.00290	0.00326	0.00497	0.00691	0.00913	0.02081	0.81221	0.08313	0.01100	0.00452	0.00143	0.00205	0.00993	0.00331	0.00290
1	0.00955	0.00823	0.05100	0.10892	0.06185	0.08437	0.04195	0.08797	0.00833	0.14431	0.02536	0.01109	0.00724	0.09304	0.06337	0.00173	0.18140	0.00348	0.00237	0.00444
2	0.00680	0.00528	0.00627	0.00571	0.00680	0.04916	0.02728	0.01981	0.00817	0.09539	0.14252	0.11666	0.28215	0.03956	0.04423	0.00153	0.10714	0.02888	0.00308	0.00360
3	0.00433	0.00315	0.00408	0.00483	0.00513	0.00290	0.00325	0.00497	0.00694	0.00914	0.02116	0.79442	0.10069	0.01096	0.00451	0.00142	0.00204	0.00988	0.00331	0.00290
4	0.00844	0.26768	0.17387	0.04168	0.14560	0.00975	0.04198	0.02827	0.10597	0.02387	0.08580	0.00990	0.00831	0.00389	0.00348	0.00103	0.03032	0.00314	0.00213	0.00490
5	0.00484	0.00346	0.00442	0.00491	0.00538	0.00328	0.00342	0.00555	0.00713	0.03880	0.02194	0.65637	0.17564	0.01035	0.00470	0.00139	0.03290	0.00916	0.00328	0.00306
6	0.00449	0.00317	0.00412	0.00486	0.00517	0.00296	0.00332	0.00521	0.00697	0.00938	0.02008	0.75623	0.06692	0.01065	0.00444	0.00141	0.00208	0.03890	0.04670	0.00293
7	0.00969	0.01097	0.01453	0.02841	0.06121	0.27604	0.38085	0.01191	0.03202	0.02757	0.03370	0.06532	0.00767	0.00409	0.00385	0.00112	0.00543	0.01904	0.00210	0.00447
8	0.08434	0.10838	0.08516	0.03547	0.03446	0.17087	0.12668	0.14353	0.06833	0.01260	0.00763	0.02975	0.01636	0.00429	0.01507	0.00114	0.04583	0.00316	0.00223	0.00473

[dist]
# distance from previous block
# <min> <max>
14	22

[block]
# block no. 4 follows, 78 sequences, length 9
# corresponding to MSA columns:
# 525-533
name=unknown_E
#
# <colnr> <probs for GDERKNQSTAVLIFYWHMCP>
#	G	D	E	R	K	N	Q	S	T	A	V	L	I	F	Y	W	H	M	C	P
0	0.02713	0.04934	0.07545	0.21409	0.11997	0.00704	0.03883	0.04088	0.03364	0.11723	0.04783	0.03886	0.04714	0.06309	0.03681	0.00147	0.00407	0.03024	0.00245	0.00445
1	0.00478	0.00349	0.00449	0.00498	0.00548	0.00333	0.00356	0.00592	0.03379	0.01005	0.13476	0.51191	0.09773	0.03202	0.02462	0.02083	0.00236	0.08953	0.00330	0.00305
2	0.02916	0.05997	0.05344	0.02155	0.00804	0.06166	0.01691	0.02712	0.00826	0.11445	0.08706	0.18612	0.07915	0.02153	0.00458	0.00129	0.04864	0.13600	0.03119	0.00390
3	0.07860	0.10789	0.14292	0.07176	0.02581	0.07794	0.20733	0.05708	0.02982	0.06891	0.02414	0.02504	0.02104	0.00394	0.00370	0.00111	0.02866	0.01742	0.00217	0.00470
4	0.02717	0.10399	0.20082	0.03758	0.12387	0.00850	0.12869	0.05774	0.08190	0.04083	0.02365	0.08532	0.00824	0.00450	0.00379	0.00115	0.02599	0.02916	0.00226	0.00487
5	0.22451	0.02968	0.02615	0.03283	0.01152	0.03470	0.26605	0.02181	0.03010	0.01198	0.00985	0.05772	0.04378	0.01800	0.00444	0.00128	0.06725	0.10199	0.00226	0.00411
6	0.15980	0.02310	0.00640	0.03120	0.00745	0.00532	0.03527	0.02038	0.03005	0.04026	0.12987	0.08780	0.05842	0.06657	0.15094	0.00213	0.00399	0.10649	0.00275	0.03181
7	0.06722	0.05937	0.10287	0.10667	0.12438	0.02491	0.07577	0.04790	0.01922	0.09930	0.00912	0.02903	0.03781	0.05279	0.07418	0.00161	0.03892	0.00352	0.00224	0.02318
8	0.00949	0.02190	0.06685	0.05987	0.02302	0.06223	0.11090	0.04035	0.02972	0.18518	0.04272	0.06605	0.04319	0.00588	0.03080	0.00137	0.17286	0.02040	0.00263	0.00457

[dist]
# distance from previous block
# <min> <max>
3	339

# created by:
# /home/cegg/simao/soft/augustus-3.2.1/scripts/msa2prfl.pl ./align_prep/EOG092C5OPO.fa
