[name]
unknown

[dist]
# distance from previous block
# <min> <max>
0	46

[block]
# block no. 0 follows, 71 sequences, length 13
# corresponding to MSA columns:
# 46-58
name=unknown_A
#
# <colnr> <probs for GDERKNQSTAVLIFYWHMCP>
#	G	D	E	R	K	N	Q	S	T	A	V	L	I	F	Y	W	H	M	C	P
0	0.03303	0.06392	0.06093	0.03283	0.00908	0.00589	0.02351	0.02880	0.01998	0.13370	0.16423	0.15688	0.03615	0.01745	0.00422	0.00124	0.00311	0.07754	0.00329	0.12422
1	0.00831	0.02227	0.02415	0.00608	0.00896	0.00605	0.00489	0.08288	0.06596	0.01329	0.02769	0.04769	0.00831	0.06704	0.00436	0.00098	0.00307	0.00325	0.00261	0.59218
2	0.07962	0.08462	0.09540	0.00849	0.03750	0.03444	0.03652	0.25288	0.04287	0.18470	0.04495	0.01146	0.01944	0.01571	0.00385	0.00118	0.00402	0.01633	0.00327	0.02278
3	0.11785	0.09254	0.02818	0.01596	0.03405	0.00848	0.03116	0.15700	0.09618	0.10842	0.03848	0.11516	0.07682	0.00591	0.00416	0.00124	0.04089	0.01927	0.00322	0.00502
4	0.01275	0.00600	0.00781	0.00636	0.00870	0.00532	0.00506	0.06236	0.01049	0.48252	0.11001	0.14904	0.01453	0.00605	0.00399	0.00118	0.00294	0.00514	0.00419	0.09554
5	0.01137	0.00941	0.01217	0.01122	0.11745	0.08076	0.11849	0.13727	0.19337	0.12996	0.02422	0.03031	0.00877	0.00485	0.00474	0.00126	0.08038	0.01524	0.00312	0.00563
6	0.01224	0.37320	0.08100	0.00832	0.01168	0.04645	0.10283	0.03339	0.02407	0.25844	0.00895	0.00910	0.00654	0.00383	0.00331	0.00104	0.00435	0.00303	0.00270	0.00552
7	0.01637	0.00796	0.00939	0.00738	0.01014	0.08156	0.00604	0.07745	0.01126	0.67283	0.01343	0.01202	0.00867	0.00475	0.00420	0.00119	0.04115	0.00368	0.00430	0.00624
8	0.00536	0.00389	0.00505	0.00482	0.00570	0.00358	0.00359	0.00709	0.01062	0.01494	0.77406	0.06862	0.06207	0.00810	0.00454	0.00123	0.00183	0.00716	0.00417	0.00358
9	0.00487	0.00348	0.00434	0.00494	0.00520	0.00327	0.00321	0.00541	0.00705	0.00928	0.02058	0.59161	0.09521	0.21306	0.00831	0.00204	0.00255	0.00939	0.00327	0.00294
10	0.00678	0.00569	0.00874	0.01102	0.26823	0.00551	0.02809	0.00850	0.00927	0.01296	0.36595	0.05799	0.05595	0.09498	0.00589	0.00149	0.00309	0.04246	0.00315	0.00426
11	0.01018	0.00900	0.05827	0.06864	0.08068	0.05219	0.09895	0.05081	0.00903	0.13774	0.02771	0.00983	0.00686	0.00406	0.00468	0.00107	0.10821	0.00328	0.00253	0.25627
12	0.06094	0.01056	0.01120	0.00862	0.01165	0.01172	0.00712	0.78538	0.01742	0.02380	0.00900	0.00905	0.00640	0.00455	0.00376	0.00115	0.00415	0.00338	0.00376	0.00640

[dist]
# distance from previous block
# <min> <max>
6	10

[block]
# block no. 1 follows, 71 sequences, length 9
# corresponding to MSA columns:
# 69-77
name=unknown_B
#
# <colnr> <probs for GDERKNQSTAVLIFYWHMCP>
#	G	D	E	R	K	N	Q	S	T	A	V	L	I	F	Y	W	H	M	C	P
0	0.00879	0.02505	0.21653	0.07809	0.19392	0.00857	0.11770	0.09134	0.03398	0.01327	0.02723	0.06133	0.00767	0.00421	0.00383	0.00116	0.00465	0.00384	0.00226	0.09657
1	0.00612	0.00410	0.00519	0.00481	0.00593	0.00370	0.00365	0.00777	0.01052	0.07338	0.65151	0.02887	0.16409	0.00792	0.00448	0.00122	0.00193	0.00690	0.00415	0.00376
2	0.02283	0.02467	0.21385	0.04700	0.20470	0.00869	0.12884	0.07540	0.04846	0.01327	0.06324	0.01292	0.07886	0.00458	0.00426	0.00123	0.03549	0.00406	0.00236	0.00529
3	0.76711	0.00917	0.12451	0.00588	0.00871	0.00864	0.00557	0.01139	0.00675	0.01649	0.00556	0.00649	0.00425	0.00357	0.00255	0.00119	0.00335	0.00218	0.00227	0.00437
4	0.00605	0.00499	0.00582	0.00504	0.00695	0.00406	0.00381	0.00732	0.00817	0.01136	0.06645	0.18463	0.26390	0.00789	0.03342	0.00121	0.00265	0.00604	0.00302	0.36722
5	0.01037	0.63798	0.09535	0.00796	0.01140	0.07088	0.06561	0.04317	0.00851	0.01014	0.00583	0.00680	0.00504	0.00341	0.00284	0.00091	0.00461	0.00238	0.00177	0.00504
6	0.00568	0.00391	0.00487	0.00484	0.00498	0.00414	0.00310	0.00590	0.00573	0.00781	0.01150	0.05015	0.01277	0.59706	0.18048	0.05440	0.03257	0.00527	0.00225	0.00259
7	0.03337	0.17173	0.14299	0.00947	0.01259	0.33765	0.05486	0.16983	0.01104	0.01293	0.00668	0.00758	0.00526	0.00386	0.00341	0.00105	0.00557	0.00275	0.00222	0.00515
8	0.01048	0.06000	0.04431	0.05033	0.41950	0.03999	0.10356	0.05939	0.05441	0.08872	0.00833	0.00982	0.00647	0.00379	0.00400	0.00117	0.02409	0.00350	0.00235	0.00578

[dist]
# distance from previous block
# <min> <max>
0	10

[block]
# block no. 2 follows, 71 sequences, length 39
# corresponding to MSA columns:
# 88-126
name=unknown_C
#
# <colnr> <probs for GDERKNQSTAVLIFYWHMCP>
#	G	D	E	R	K	N	Q	S	T	A	V	L	I	F	Y	W	H	M	C	P
0	0.05972	0.16212	0.03565	0.04091	0.05622	0.14406	0.03637	0.03217	0.00869	0.02937	0.02525	0.01573	0.00625	0.00366	0.00346	0.00091	0.03391	0.00274	0.00217	0.30064
1	0.00648	0.00548	0.00611	0.00597	0.00715	0.06845	0.03213	0.00785	0.02213	0.04117	0.08182	0.15426	0.33052	0.02604	0.01651	0.00151	0.02116	0.15825	0.00339	0.00363
2	0.00968	0.13232	0.02752	0.13264	0.05322	0.01902	0.00727	0.10517	0.40762	0.01447	0.01235	0.01241	0.04055	0.00470	0.00369	0.00120	0.00375	0.00382	0.00307	0.00555
3	0.00881	0.00464	0.00605	0.00553	0.00694	0.00420	0.00420	0.01947	0.00963	0.26351	0.24994	0.22844	0.11319	0.02267	0.03326	0.00150	0.00271	0.00695	0.00404	0.00434
4	0.01053	0.12016	0.21699	0.02340	0.06321	0.02792	0.11753	0.15373	0.05108	0.09119	0.02513	0.02340	0.00710	0.00419	0.00401	0.00117	0.03334	0.00349	0.00257	0.01985
5	0.02546	0.42782	0.20367	0.00891	0.04019	0.05313	0.04943	0.06341	0.01858	0.06691	0.00691	0.00770	0.00546	0.00360	0.00312	0.00101	0.00464	0.00265	0.00206	0.00532
6	0.00481	0.00342	0.00447	0.00523	0.00548	0.00322	0.00349	0.00547	0.00729	0.00971	0.03577	0.72847	0.03843	0.09696	0.00635	0.00177	0.00239	0.03076	0.00345	0.00306
7	0.00504	0.00374	0.00469	0.00499	0.00568	0.00346	0.00361	0.00616	0.00860	0.01145	0.25350	0.32585	0.19631	0.05438	0.03182	0.00167	0.00248	0.06964	0.00363	0.00328
8	0.10369	0.15296	0.19278	0.05014	0.09319	0.04012	0.09048	0.07708	0.00924	0.11060	0.00822	0.02798	0.00642	0.00403	0.00351	0.00115	0.00461	0.01606	0.00239	0.00534
9	0.21495	0.01029	0.01032	0.02398	0.01128	0.09316	0.03804	0.44913	0.01358	0.08701	0.00838	0.00867	0.00601	0.00424	0.00349	0.00115	0.00422	0.00311	0.00328	0.00568
10	0.00582	0.00422	0.00601	0.00662	0.00738	0.00441	0.00550	0.00736	0.00785	0.01051	0.01723	0.11123	0.01846	0.01642	0.27009	0.00312	0.00552	0.48573	0.00307	0.00346
11	0.03029	0.01044	0.15838	0.11305	0.17301	0.04647	0.05579	0.09115	0.05944	0.13007	0.03063	0.01138	0.01654	0.03380	0.02177	0.00138	0.00468	0.00365	0.00264	0.00545
12	0.06835	0.00969	0.01078	0.19581	0.08987	0.16266	0.03389	0.02253	0.20721	0.01215	0.01752	0.01055	0.00726	0.01500	0.02585	0.00140	0.09869	0.00348	0.00242	0.00488
13	0.00586	0.00464	0.00609	0.00624	0.00746	0.00445	0.03649	0.00790	0.05382	0.01150	0.05692	0.03761	0.31119	0.00960	0.00489	0.00153	0.00299	0.42366	0.00353	0.00363
14	0.89233	0.00741	0.00564	0.00504	0.00741	0.00860	0.00415	0.01127	0.00653	0.01720	0.00534	0.00623	0.00415	0.00356	0.00237	0.00119	0.00297	0.00208	0.00237	0.00415
15	0.00557	0.00373	0.00424	0.00424	0.00427	0.00375	0.00240	0.00562	0.00559	0.00748	0.01202	0.02477	0.01380	0.83876	0.04582	0.00379	0.00392	0.00553	0.00231	0.00236
16	0.00905	0.01034	0.02262	0.01616	0.02004	0.00970	0.82741	0.01228	0.00905	0.01228	0.00776	0.01034	0.00582	0.00323	0.00452	0.00129	0.00646	0.00452	0.00194	0.00517
17	0.12038	0.00679	0.00861	0.00669	0.00959	0.00623	0.00552	0.04895	0.01072	0.71490	0.01374	0.01210	0.00875	0.00460	0.00368	0.00119	0.00326	0.00363	0.00443	0.00624
18	0.01291	0.01041	0.01049	0.00853	0.01114	0.08070	0.00686	0.48812	0.24412	0.03603	0.01079	0.01077	0.00799	0.02002	0.00429	0.00124	0.02219	0.00366	0.00364	0.00610
19	0.11968	0.01074	0.02978	0.00827	0.01118	0.09073	0.00687	0.52537	0.03100	0.11535	0.00918	0.00914	0.00649	0.00442	0.00362	0.00115	0.00423	0.00324	0.00354	0.00601
20	0.00500	0.00362	0.00470	0.00521	0.00573	0.00338	0.00371	0.00603	0.00834	0.01120	0.21277	0.50024	0.09179	0.04210	0.00535	0.00155	0.00227	0.08010	0.00367	0.00325
21	0.45324	0.00775	0.00765	0.00628	0.00882	0.00845	0.00517	0.18056	0.00996	0.20906	0.00868	0.00880	0.00613	0.00416	0.00326	0.00118	0.02261	0.00286	0.04022	0.00516
22	0.00870	0.10112	0.28782	0.12041	0.15125	0.02831	0.16445	0.01206	0.04077	0.02013	0.00763	0.02668	0.00601	0.00377	0.00377	0.00119	0.00523	0.00347	0.00191	0.00533
23	0.03982	0.00662	0.00886	0.00681	0.00976	0.00581	0.00562	0.03173	0.01097	0.80917	0.01478	0.01281	0.00930	0.00471	0.00382	0.00119	0.00327	0.00380	0.00467	0.00646
24	0.00608	0.00408	0.00462	0.00447	0.00564	0.00374	0.00342	0.00777	0.03035	0.04862	0.26041	0.02858	0.34199	0.00781	0.00414	0.00120	0.00203	0.04570	0.18568	0.00364
25	0.00903	0.16373	0.23062	0.27688	0.03957	0.08639	0.07083	0.04018	0.02730	0.01113	0.00685	0.00870	0.00527	0.00370	0.00356	0.00115	0.00525	0.00304	0.00184	0.00499
26	0.00467	0.00386	0.00410	0.00410	0.00528	0.00329	0.00305	0.00575	0.00897	0.01106	0.15442	0.08172	0.67737	0.00957	0.00455	0.00130	0.00194	0.00808	0.00366	0.00329
27	0.00490	0.00404	0.00432	0.00422	0.00546	0.00353	0.00317	0.00638	0.03714	0.01164	0.21186	0.03434	0.63727	0.00915	0.00451	0.00128	0.00195	0.00771	0.00372	0.00342
28	0.01277	0.23562	0.04353	0.00964	0.03796	0.56036	0.02586	0.01404	0.00987	0.00955	0.00589	0.00692	0.00499	0.00374	0.00324	0.00096	0.00606	0.00245	0.00187	0.00468
29	0.07674	0.21824	0.22365	0.05972	0.18632	0.11433	0.01941	0.03897	0.00869	0.01178	0.00643	0.00782	0.00516	0.00358	0.00330	0.00108	0.00494	0.00274	0.00186	0.00525
30	0.00618	0.00441	0.00618	0.00706	0.00794	0.00441	0.00618	0.00794	0.00883	0.01147	0.02030	0.04325	0.02207	0.01059	0.00530	0.00177	0.00353	0.81553	0.00353	0.00353
31	0.00721	0.01887	0.01138	0.73089	0.05497	0.00824	0.02295	0.00965	0.00789	0.01015	0.03727	0.01200	0.04442	0.00421	0.00388	0.00126	0.00484	0.00374	0.00189	0.00428
32	0.01284	0.00910	0.02102	0.04442	0.12851	0.05919	0.04568	0.20383	0.14107	0.24643	0.01122	0.01126	0.00800	0.00527	0.03331	0.00136	0.00434	0.00370	0.00345	0.00599
33	0.00664	0.00405	0.03451	0.03009	0.00614	0.00376	0.00401	0.00550	0.00525	0.00708	0.00689	0.01170	0.00673	0.01365	0.06507	0.77801	0.00389	0.00336	0.00169	0.00199
34	0.00762	0.00737	0.02556	0.68073	0.06942	0.00847	0.05695	0.02780	0.00812	0.01066	0.02630	0.01048	0.00597	0.00385	0.00385	0.00124	0.00499	0.00351	0.00185	0.03526
35	0.19018	0.31283	0.01092	0.00610	0.00804	0.00934	0.00519	0.04181	0.03188	0.01183	0.01118	0.27232	0.01193	0.00648	0.00365	0.00120	0.02502	0.03326	0.00260	0.00423
36	0.01111	0.03380	0.04078	0.01769	0.11737	0.00825	0.00689	0.26599	0.02070	0.09745	0.03457	0.00973	0.00733	0.00388	0.00346	0.00095	0.00366	0.00314	0.00298	0.31029
37	0.00918	0.25984	0.33110	0.00938	0.03217	0.04359	0.00982	0.02042	0.01790	0.03348	0.00661	0.01842	0.00544	0.00423	0.00489	0.00116	0.15679	0.00284	0.00184	0.03090
38	0.04361	0.13506	0.21762	0.05027	0.06570	0.03396	0.00841	0.03361	0.24509	0.01302	0.01951	0.01229	0.07686	0.00459	0.00358	0.00116	0.00407	0.00365	0.00259	0.02533

[dist]
# distance from previous block
# <min> <max>
0	23

[block]
# block no. 3 follows, 71 sequences, length 54
# corresponding to MSA columns:
# 157-199,212-218,221-224
name=unknown_D
#
# <colnr> <probs for GDERKNQSTAVLIFYWHMCP>
#	G	D	E	R	K	N	Q	S	T	A	V	L	I	F	Y	W	H	M	C	P
0	0.00936	0.14762	0.15954	0.02204	0.03246	0.00999	0.20675	0.01444	0.24409	0.05100	0.03983	0.01114	0.00843	0.00419	0.00397	0.00120	0.02210	0.00377	0.00260	0.00547
1	0.07119	0.00843	0.01364	0.21825	0.51744	0.00887	0.02729	0.03409	0.00856	0.01253	0.00704	0.00938	0.00570	0.00353	0.00368	0.00116	0.00454	0.00330	0.00195	0.03941
2	0.00950	0.00657	0.00711	0.00638	0.00822	0.00718	0.00495	0.03627	0.45164	0.09535	0.01460	0.04657	0.01126	0.00516	0.00356	0.00117	0.00269	0.00427	0.26091	0.01664
3	0.01002	0.02489	0.00989	0.02646	0.05579	0.09388	0.02048	0.03096	0.62561	0.01480	0.01329	0.01276	0.01010	0.00492	0.00408	0.00126	0.02762	0.00400	0.00342	0.00579
4	0.00460	0.00387	0.00400	0.00401	0.00523	0.00326	0.00299	0.00562	0.00884	0.01070	0.09592	0.06803	0.75050	0.00966	0.00454	0.00130	0.00194	0.00812	0.00361	0.00326
5	0.00553	0.00370	0.00420	0.00424	0.00425	0.00369	0.00239	0.00556	0.00567	0.00756	0.01255	0.06847	0.01453	0.82107	0.01876	0.00361	0.00364	0.00585	0.00239	0.00236
6	0.00496	0.00358	0.00476	0.00560	0.00601	0.00338	0.00404	0.00586	0.00771	0.01015	0.02189	0.65880	0.06700	0.01161	0.00495	0.00158	0.00247	0.16890	0.00355	0.00320
7	0.89233	0.00741	0.00564	0.00504	0.00741	0.00860	0.00415	0.01127	0.00653	0.01720	0.00534	0.00623	0.00415	0.00356	0.00237	0.00119	0.00297	0.00208	0.00237	0.00415
8	0.00548	0.00409	0.00605	0.00605	0.00669	0.00473	0.00465	0.00677	0.00613	0.00881	0.01038	0.01565	0.00984	0.07788	0.80129	0.00602	0.00989	0.00419	0.00207	0.00336
9	0.00954	0.00824	0.00867	0.00780	0.00997	0.00954	0.00607	0.02037	0.83441	0.01604	0.01561	0.01431	0.01170	0.00520	0.00390	0.00130	0.00303	0.00433	0.00390	0.00607
10	0.01458	0.01074	0.01151	0.00882	0.01189	0.01189	0.00729	0.82855	0.01803	0.02416	0.00921	0.00921	0.00652	0.00460	0.00384	0.00115	0.00422	0.00345	0.00384	0.00652
11	0.01432	0.01827	0.01087	0.00988	0.01185	0.84986	0.00741	0.01531	0.01087	0.00938	0.00593	0.00691	0.00494	0.00395	0.00346	0.00099	0.00691	0.00247	0.00198	0.00444
12	0.00475	0.00340	0.00454	0.00543	0.00569	0.00318	0.00370	0.00548	0.00742	0.00988	0.02109	0.81835	0.02518	0.01194	0.00492	0.00157	0.00230	0.05449	0.00356	0.00314
13	0.00470	0.00390	0.00412	0.00409	0.00532	0.00332	0.00309	0.00581	0.00906	0.01113	0.15786	0.03580	0.70268	0.00945	0.00455	0.00129	0.00196	0.02492	0.00366	0.00330
14	0.01458	0.01074	0.01151	0.00882	0.01189	0.01189	0.00729	0.82855	0.01803	0.02416	0.00921	0.00921	0.00652	0.00460	0.00384	0.00115	0.00422	0.00345	0.00384	0.00652
15	0.01465	0.01062	0.01143	0.00877	0.01183	0.01172	0.00724	0.80596	0.01783	0.04703	0.00937	0.00931	0.00660	0.00461	0.00384	0.00115	0.00419	0.00346	0.00386	0.00652
16	0.89233	0.00741	0.00564	0.00504	0.00741	0.00860	0.00415	0.01127	0.00653	0.01720	0.00534	0.00623	0.00415	0.00356	0.00237	0.00119	0.00297	0.00208	0.00237	0.00415
17	0.00475	0.00343	0.00451	0.00529	0.00562	0.00319	0.00361	0.00553	0.00765	0.01019	0.06895	0.75090	0.06511	0.01162	0.00487	0.00153	0.00223	0.03426	0.00360	0.00316
18	0.00724	0.00681	0.01150	0.85604	0.02641	0.00852	0.01065	0.00980	0.00767	0.00980	0.00681	0.01022	0.00511	0.00383	0.00383	0.00128	0.00511	0.00341	0.00170	0.00426
19	0.19510	0.14615	0.51696	0.00896	0.01348	0.00989	0.01068	0.03663	0.00802	0.01310	0.00639	0.00744	0.00477	0.00360	0.00320	0.00115	0.00481	0.00257	0.00185	0.00526
20	0.00750	0.00622	0.00673	0.00614	0.00783	0.00664	0.00474	0.04633	0.39810	0.01474	0.20971	0.02326	0.23257	0.00695	0.00420	0.00127	0.00252	0.00587	0.00388	0.00479
21	0.00475	0.00360	0.00429	0.00480	0.00541	0.00325	0.00333	0.00551	0.00776	0.00988	0.02674	0.47213	0.31566	0.07634	0.00590	0.00164	0.00229	0.04014	0.00346	0.00311
22	0.00729	0.00655	0.01080	0.64444	0.08450	0.00787	0.00962	0.00954	0.00773	0.02284	0.00870	0.10877	0.00768	0.00484	0.00414	0.00130	0.02490	0.00428	0.01993	0.00428
23	0.00574	0.00411	0.00570	0.00562	0.00601	0.00465	0.00406	0.00640	0.00587	0.00827	0.01030	0.01761	0.01050	0.28715	0.48526	0.07771	0.04550	0.00447	0.00209	0.00297
24	0.00467	0.00334	0.00445	0.00534	0.00556	0.00311	0.00356	0.00534	0.00734	0.00979	0.02113	0.86275	0.02536	0.01201	0.00489	0.00156	0.00222	0.01090	0.00356	0.00311
25	0.00687	0.00431	0.00563	0.00511	0.00628	0.00397	0.00390	0.00882	0.02689	0.11149	0.72770	0.02655	0.03261	0.00743	0.00443	0.00121	0.00200	0.00653	0.00428	0.00400
26	0.00901	0.01087	0.09816	0.02912	0.22938	0.00946	0.53143	0.01210	0.00886	0.01230	0.00752	0.00991	0.00578	0.00333	0.00425	0.00125	0.00588	0.00407	0.00190	0.00544
27	0.00926	0.00983	0.01162	0.01004	0.01033	0.13413	0.00825	0.01012	0.00660	0.00925	0.00516	0.00817	0.00502	0.00631	0.01125	0.00158	0.73392	0.00323	0.00172	0.00423
28	0.00993	0.00973	0.01411	0.17391	0.54419	0.10266	0.02118	0.04006	0.00914	0.02825	0.00723	0.00941	0.00585	0.00362	0.00378	0.00115	0.00491	0.00333	0.00199	0.00557
29	0.00725	0.00645	0.00937	0.00903	0.04017	0.00799	0.03232	0.00853	0.00711	0.01017	0.01146	0.06495	0.01207	0.03011	0.07758	0.00207	0.38942	0.25447	0.01555	0.00392
30	0.00531	0.00391	0.00496	0.00470	0.00565	0.00357	0.00352	0.00700	0.01057	0.01470	0.73204	0.02975	0.14387	0.00809	0.00452	0.00122	0.00183	0.00709	0.00413	0.00357
31	0.01337	0.19592	0.01315	0.02354	0.01155	0.01221	0.00708	0.57185	0.05195	0.04938	0.00882	0.00893	0.00649	0.00433	0.00354	0.00109	0.00412	0.00320	0.00336	0.00611
32	0.06006	0.00592	0.00763	0.00608	0.00854	0.00532	0.00496	0.01592	0.01030	0.61036	0.08145	0.01415	0.01144	0.00490	0.00366	0.00114	0.00291	0.00397	0.13555	0.00573
33	0.00467	0.00378	0.00409	0.00423	0.00525	0.00326	0.00306	0.00561	0.00854	0.01054	0.09828	0.18080	0.60122	0.04284	0.00517	0.00143	0.00205	0.00840	0.00357	0.00321
34	0.00554	0.00390	0.00502	0.00474	0.00564	0.00361	0.00356	0.00735	0.01067	0.01530	0.78464	0.02769	0.03444	0.00762	0.00440	0.00119	0.00181	0.00671	0.06256	0.00361
35	0.01116	0.00814	0.00891	0.00772	0.01008	0.00907	0.00609	0.07848	0.64033	0.15246	0.01506	0.01373	0.01097	0.00508	0.00389	0.00127	0.00316	0.00419	0.00404	0.00618
36	0.01034	0.00863	0.00912	0.00796	0.01027	0.00991	0.00626	0.14841	0.70507	0.01733	0.01459	0.01350	0.01088	0.00511	0.00389	0.00128	0.00322	0.00420	0.00389	0.00614
37	0.01720	0.00653	0.00890	0.00682	0.00979	0.00564	0.00564	0.01869	0.01097	0.84399	0.01513	0.01305	0.00949	0.00475	0.00386	0.00119	0.00326	0.00386	0.00475	0.00653
38	0.89233	0.00741	0.00564	0.00504	0.00741	0.00860	0.00415	0.01127	0.00653	0.01720	0.00534	0.00623	0.00415	0.00356	0.00237	0.00119	0.00297	0.00208	0.00237	0.00415
39	0.87672	0.00740	0.00569	0.00507	0.00746	0.00855	0.00418	0.01140	0.00660	0.03195	0.00551	0.00635	0.00425	0.00358	0.00240	0.00119	0.00297	0.00211	0.00242	0.00419
40	0.00488	0.00390	0.00437	0.00425	0.00539	0.00339	0.00319	0.00618	0.00956	0.01232	0.35135	0.03368	0.52605	0.00898	0.00453	0.00126	0.00189	0.00764	0.00382	0.00339
41	0.00769	0.01983	0.84538	0.01093	0.01659	0.00890	0.01417	0.01214	0.00810	0.01214	0.00688	0.00810	0.00486	0.00364	0.00364	0.00121	0.00567	0.00283	0.00162	0.00567
42	0.00769	0.01983	0.84538	0.01093	0.01659	0.00890	0.01417	0.01214	0.00810	0.01214	0.00688	0.00810	0.00486	0.00364	0.00364	0.00121	0.00567	0.00283	0.00162	0.00567
43	0.01025	0.86756	0.02009	0.00656	0.00984	0.01517	0.00656	0.01148	0.00779	0.00902	0.00533	0.00615	0.00492	0.00328	0.00246	0.00082	0.00410	0.00205	0.00164	0.00492
44	0.00509	0.00361	0.00422	0.00453	0.00482	0.00343	0.00284	0.00548	0.00671	0.00873	0.01963	0.31406	0.15513	0.43069	0.01201	0.00257	0.00291	0.00782	0.00295	0.00275
45	0.00453	0.00388	0.00388	0.00388	0.00518	0.00324	0.00291	0.00550	0.00874	0.01036	0.03884	0.03690	0.83978	0.00971	0.00453	0.00129	0.00194	0.00809	0.00356	0.00324
46	0.00949	0.00911	0.01556	0.02353	0.84133	0.00911	0.01177	0.01177	0.00873	0.01253	0.00721	0.00949	0.00607	0.00342	0.00380	0.00114	0.00456	0.00342	0.00190	0.00607
47	0.00702	0.00360	0.00369	0.00367	0.00456	0.00358	0.00275	0.00881	0.00825	0.01438	0.07513	0.01538	0.01182	0.00472	0.00282	0.00092	0.00179	0.00383	0.81970	0.00358
48	0.00467	0.00334	0.00445	0.00534	0.00556	0.00311	0.00356	0.00534	0.00734	0.00979	0.02113	0.86275	0.02536	0.01201	0.00489	0.00156	0.00222	0.01090	0.00356	0.00311
49	0.49802	0.02461	0.00739	0.00588	0.00853	0.00759	0.00487	0.03111	0.00861	0.35572	0.00943	0.00908	0.00640	0.00406	0.00301	0.00118	0.00314	0.00283	0.00336	0.00519
50	0.00860	0.14196	0.04399	0.00869	0.12225	0.01777	0.00642	0.01037	0.00798	0.01176	0.00655	0.00789	0.00554	0.00320	0.00339	0.00076	0.04183	0.00247	0.00207	0.54651
51	0.04316	0.00821	0.00855	0.00770	0.00987	0.00950	0.00600	0.02003	0.80287	0.01608	0.01521	0.01400	0.01142	0.00514	0.00384	0.00130	0.00303	0.00425	0.00384	0.00600
52	0.00560	0.00424	0.00608	0.00605	0.00678	0.00486	0.00466	0.00725	0.03778	0.00916	0.01165	0.01633	0.04176	0.06539	0.74735	0.00568	0.00937	0.00434	0.00219	0.00347
53	0.00522	0.00375	0.00500	0.00573	0.00625	0.00358	0.00431	0.00630	0.00803	0.01061	0.07350	0.47889	0.06443	0.04369	0.00554	0.00167	0.00265	0.26403	0.00355	0.00325

[dist]
# distance from previous block
# <min> <max>
0	4

[block]
# block no. 4 follows, 71 sequences, length 48
# corresponding to MSA columns:
# 229-276
name=unknown_E
#
# <colnr> <probs for GDERKNQSTAVLIFYWHMCP>
#	G	D	E	R	K	N	Q	S	T	A	V	L	I	F	Y	W	H	M	C	P
0	0.63502	0.04395	0.00739	0.00580	0.00838	0.00891	0.00483	0.11423	0.00858	0.12222	0.00706	0.00746	0.00516	0.00383	0.00275	0.00117	0.00321	0.00247	0.00282	0.00478
1	0.04919	0.25801	0.15904	0.00838	0.02228	0.01157	0.00805	0.32525	0.02463	0.08682	0.00810	0.00842	0.00600	0.00402	0.00335	0.00107	0.00429	0.00293	0.00281	0.00580
2	0.00562	0.00371	0.00426	0.00426	0.00428	0.00373	0.00242	0.00558	0.00557	0.00744	0.01181	0.02429	0.01353	0.80989	0.03866	0.04104	0.00385	0.00545	0.00229	0.00232
3	0.01327	0.03249	0.04646	0.00880	0.01141	0.16164	0.00734	0.36786	0.11583	0.10939	0.00952	0.00966	0.00698	0.00468	0.00447	0.00118	0.07654	0.00336	0.00328	0.00582
4	0.00756	0.00519	0.02356	0.00654	0.00773	0.00487	0.03502	0.02069	0.11560	0.13132	0.01856	0.52006	0.01971	0.00940	0.00459	0.00146	0.00281	0.05747	0.00368	0.00419
5	0.00994	0.29494	0.01385	0.02084	0.14641	0.04412	0.01784	0.07508	0.00909	0.03417	0.02512	0.00831	0.00629	0.00344	0.00307	0.00086	0.00388	0.00268	0.00221	0.27785
6	0.89233	0.00741	0.00564	0.00504	0.00741	0.00860	0.00415	0.01127	0.00653	0.01720	0.00534	0.00623	0.00415	0.00356	0.00237	0.00119	0.00297	0.00208	0.00237	0.00415
7	0.02747	0.02237	0.02818	0.00976	0.13810	0.00748	0.00701	0.15256	0.01158	0.52221	0.01231	0.01146	0.00816	0.00442	0.00378	0.00116	0.00368	0.00362	0.00396	0.02074
8	0.20535	0.24582	0.13036	0.00796	0.04307	0.04555	0.00724	0.09225	0.09034	0.05727	0.02085	0.00846	0.00636	0.00388	0.00309	0.00108	0.00401	0.00278	0.00247	0.02182
9	0.00467	0.00334	0.00445	0.00534	0.00556	0.00311	0.00356	0.00534	0.00734	0.00979	0.02113	0.86275	0.02536	0.01201	0.00489	0.00156	0.00222	0.01090	0.00356	0.00311
10	0.00724	0.00681	0.01150	0.85604	0.02641	0.00852	0.01065	0.00980	0.00767	0.00980	0.00681	0.01022	0.00511	0.00383	0.00383	0.00128	0.00511	0.00341	0.00170	0.00426
11	0.01080	0.20228	0.06412	0.08923	0.32466	0.01007	0.02140	0.07811	0.00949	0.13071	0.01906	0.00947	0.00657	0.00378	0.00352	0.00109	0.00435	0.00320	0.00240	0.00568
12	0.00904	0.00944	0.03891	0.18755	0.40863	0.02561	0.21666	0.02221	0.02188	0.01205	0.00739	0.00984	0.00586	0.00351	0.00398	0.00121	0.00519	0.00367	0.00192	0.00545
13	0.89233	0.00741	0.00564	0.00504	0.00741	0.00860	0.00415	0.01127	0.00653	0.01720	0.00534	0.00623	0.00415	0.00356	0.00237	0.00119	0.00297	0.00208	0.00237	0.00415
14	0.00548	0.00405	0.00583	0.00646	0.00710	0.00391	0.03365	0.00671	0.00804	0.01060	0.02030	0.47923	0.02325	0.01109	0.00505	0.00164	0.00294	0.35782	0.00349	0.00337
15	0.01432	0.01827	0.01087	0.00988	0.01185	0.84986	0.00741	0.01531	0.01087	0.00938	0.00593	0.00691	0.00494	0.00395	0.00346	0.00099	0.00691	0.00247	0.00198	0.00444
16	0.00724	0.00681	0.01150	0.85604	0.02641	0.00852	0.01065	0.00980	0.00767	0.00980	0.00681	0.01022	0.00511	0.00383	0.00383	0.00128	0.00511	0.00341	0.00170	0.00426
17	0.00453	0.00388	0.00388	0.00388	0.00518	0.00324	0.00291	0.00550	0.00874	0.01036	0.03884	0.03690	0.83978	0.00971	0.00453	0.00129	0.00194	0.00809	0.00356	0.00324
18	0.89233	0.00741	0.00564	0.00504	0.00741	0.00860	0.00415	0.01127	0.00653	0.01720	0.00534	0.00623	0.00415	0.00356	0.00237	0.00119	0.00297	0.00208	0.00237	0.00415
19	0.01432	0.01827	0.01087	0.00988	0.01185	0.84986	0.00741	0.01531	0.01087	0.00938	0.00593	0.00691	0.00494	0.00395	0.00346	0.00099	0.00691	0.00247	0.00198	0.00444
20	0.00467	0.00334	0.00445	0.00534	0.00556	0.00311	0.00356	0.00534	0.00734	0.00979	0.02113	0.86275	0.02536	0.01201	0.00489	0.00156	0.00222	0.01090	0.00356	0.00311
21	0.00483	0.00363	0.00448	0.00487	0.00554	0.00328	0.00344	0.00585	0.00853	0.01123	0.21091	0.44332	0.24254	0.01044	0.00472	0.00141	0.00208	0.02194	0.00371	0.00327
22	0.00541	0.00392	0.00510	0.00480	0.00572	0.00361	0.00360	0.00720	0.01080	0.01526	0.82090	0.02883	0.05466	0.00788	0.00452	0.00121	0.00181	0.00696	0.00421	0.00361
23	0.00795	0.00681	0.00795	0.00568	0.00909	0.00511	0.00454	0.00965	0.00795	0.01249	0.00681	0.00795	0.00568	0.00284	0.00284	0.00057	0.00284	0.00227	0.00227	0.88869
24	0.01432	0.01827	0.01087	0.00988	0.01185	0.84986	0.00741	0.01531	0.01087	0.00938	0.00593	0.00691	0.00494	0.00395	0.00346	0.00099	0.00691	0.00247	0.00198	0.00444
25	0.01216	0.47406	0.05091	0.00768	0.01078	0.14937	0.00705	0.14505	0.01026	0.09007	0.00704	0.00750	0.00561	0.00376	0.00303	0.00095	0.00457	0.00255	0.00234	0.00528
26	0.01444	0.01778	0.01078	0.00975	0.01177	0.81430	0.00733	0.01545	0.01087	0.04454	0.00631	0.00717	0.00513	0.00398	0.00347	0.00100	0.00676	0.00253	0.00209	0.00453
27	0.00548	0.00411	0.00616	0.00616	0.00685	0.00479	0.00479	0.00685	0.00616	0.00890	0.01027	0.01506	0.00959	0.02876	0.85006	0.00616	0.01027	0.00411	0.00205	0.00342
28	0.00715	0.00375	0.00401	0.05050	0.00567	0.00385	0.00312	0.00898	0.00802	0.01405	0.01219	0.01407	0.00957	0.00443	0.00274	0.00091	0.00197	0.00356	0.83783	0.00361
29	0.01101	0.00786	0.02912	0.08940	0.43927	0.00752	0.00921	0.01300	0.00919	0.24848	0.02404	0.07649	0.00891	0.00457	0.00391	0.00120	0.00403	0.00416	0.00285	0.00577
30	0.00558	0.00372	0.00418	0.00418	0.00418	0.00372	0.00232	0.00558	0.00558	0.00743	0.01208	0.02509	0.01394	0.86525	0.01952	0.00372	0.00372	0.00558	0.00232	0.00232
31	0.00769	0.01983	0.84538	0.01093	0.01659	0.00890	0.01417	0.01214	0.00810	0.01214	0.00688	0.00810	0.00486	0.00364	0.00364	0.00121	0.00567	0.00283	0.00162	0.00567
32	0.00952	0.62478	0.25644	0.00781	0.01178	0.01338	0.00874	0.01167	0.00788	0.00991	0.00577	0.00671	0.00490	0.00338	0.00280	0.00093	0.00455	0.00227	0.00163	0.00513
33	0.00666	0.00333	0.00500	0.00500	0.00500	0.00333	0.00333	0.00500	0.00500	0.00666	0.00666	0.01166	0.00666	0.01332	0.01499	0.88844	0.00333	0.00333	0.00167	0.00167
34	0.00504	0.00384	0.00463	0.00457	0.00553	0.00343	0.00338	0.00643	0.00973	0.01304	0.47468	0.13089	0.30297	0.00896	0.00457	0.00128	0.00190	0.00779	0.00392	0.00343
35	0.00605	0.00481	0.00583	0.00558	0.00669	0.02502	0.01799	0.00848	0.08029	0.01387	0.49919	0.02963	0.13258	0.02609	0.00487	0.00135	0.00242	0.12160	0.00388	0.00378
36	0.00795	0.00681	0.00795	0.00568	0.00909	0.00511	0.00454	0.00965	0.00795	0.01249	0.00681	0.00795	0.00568	0.00284	0.00284	0.00057	0.00284	0.00227	0.00227	0.88869
37	0.00457	0.00387	0.00395	0.00397	0.00521	0.00325	0.00296	0.00556	0.00878	0.01053	0.06912	0.06281	0.78296	0.00971	0.00454	0.00130	0.00195	0.00814	0.00359	0.00325
38	0.00479	0.00340	0.00440	0.00515	0.00536	0.00320	0.00338	0.00537	0.00712	0.00947	0.02023	0.73140	0.03957	0.12946	0.00690	0.00185	0.00242	0.01011	0.00339	0.00301
39	0.01041	0.83375	0.01972	0.00669	0.00992	0.04840	0.00659	0.01163	0.00791	0.00904	0.00535	0.00618	0.00492	0.00331	0.00250	0.00083	0.00421	0.00207	0.00165	0.00490
40	0.01048	0.02244	0.01391	0.06514	0.40317	0.00889	0.10133	0.02755	0.16528	0.12767	0.00993	0.01097	0.00751	0.00396	0.00389	0.00120	0.00432	0.00375	0.00269	0.00592
41	0.00600	0.00422	0.00575	0.00655	0.00736	0.00417	0.00555	0.00762	0.00863	0.01147	0.03330	0.13927	0.04103	0.01035	0.00507	0.00167	0.00321	0.64181	0.05347	0.00348
42	0.00492	0.00363	0.00501	0.06653	0.00708	0.00354	0.00407	0.00581	0.00765	0.01024	0.08602	0.73418	0.02477	0.01109	0.00479	0.00151	0.00240	0.01004	0.00348	0.00324
43	0.00927	0.04786	0.53130	0.01010	0.03565	0.00840	0.04217	0.02880	0.04340	0.13190	0.02972	0.03773	0.01804	0.00430	0.00375	0.00121	0.00487	0.00353	0.00238	0.00562
44	0.00769	0.01983	0.84538	0.01093	0.01659	0.00890	0.01417	0.01214	0.00810	0.01214	0.00688	0.00810	0.00486	0.00364	0.00364	0.00121	0.00567	0.00283	0.00162	0.00567
45	0.00905	0.01034	0.02262	0.01616	0.02004	0.00970	0.82741	0.01228	0.00905	0.01228	0.00776	0.01034	0.00582	0.00323	0.00452	0.00129	0.00646	0.00452	0.00194	0.00517
46	0.04402	0.11760	0.51509	0.01198	0.11797	0.00963	0.07778	0.01198	0.02022	0.01206	0.00750	0.00880	0.02149	0.00368	0.00356	0.00117	0.00519	0.00304	0.00178	0.00549
47	0.02616	0.02468	0.24134	0.00932	0.05749	0.01778	0.02860	0.05438	0.10767	0.37559	0.01160	0.01110	0.00785	0.00433	0.00376	0.00120	0.00415	0.00353	0.00339	0.00609

[dist]
# distance from previous block
# <min> <max>
1	20

[block]
# block no. 5 follows, 71 sequences, length 55
# corresponding to MSA columns:
# 298-352
name=unknown_F
#
# <colnr> <probs for GDERKNQSTAVLIFYWHMCP>
#	G	D	E	R	K	N	Q	S	T	A	V	L	I	F	Y	W	H	M	C	P
0	0.00794	0.00649	0.03750	0.00690	0.04218	0.03213	0.04159	0.01014	0.07381	0.10700	0.09829	0.11527	0.19432	0.05572	0.00492	0.00130	0.00305	0.00568	0.00324	0.15252
1	0.00802	0.00726	0.00788	0.01978	0.03941	0.09827	0.00561	0.05482	0.04314	0.03690	0.17996	0.03219	0.22658	0.00735	0.01821	0.00137	0.18185	0.00537	0.02185	0.00417
2	0.00662	0.00333	0.00498	0.00500	0.00501	0.00333	0.00333	0.00500	0.00504	0.00672	0.00695	0.02891	0.00704	0.01329	0.01478	0.87047	0.00331	0.00348	0.00170	0.00169
3	0.01028	0.00851	0.00902	0.00791	0.01020	0.00975	0.00621	0.11795	0.72136	0.03155	0.01482	0.01367	0.01104	0.00512	0.00389	0.00128	0.00318	0.00422	0.00391	0.00613
4	0.00795	0.00681	0.00795	0.00568	0.00909	0.00511	0.00454	0.00965	0.00795	0.01249	0.00681	0.00795	0.00568	0.00284	0.00284	0.00057	0.00284	0.00227	0.00227	0.88869
5	0.01458	0.01074	0.01151	0.00882	0.01189	0.01189	0.00729	0.82855	0.01803	0.02416	0.00921	0.00921	0.00652	0.00460	0.00384	0.00115	0.00422	0.00345	0.00384	0.00652
6	0.01009	0.00911	0.01410	0.08767	0.58723	0.00952	0.01057	0.13673	0.07121	0.01434	0.00811	0.00986	0.00648	0.00376	0.00381	0.00116	0.00444	0.00349	0.00233	0.00599
7	0.00523	0.00384	0.00477	0.00497	0.00569	0.00357	0.00365	0.00639	0.00872	0.01162	0.28871	0.19652	0.18500	0.13029	0.00682	0.00173	0.00243	0.12321	0.00360	0.00325
8	0.00463	0.00387	0.00387	0.00387	0.00515	0.00325	0.00290	0.00563	0.00871	0.01050	0.03788	0.03607	0.80949	0.00952	0.00446	0.00128	0.00194	0.00793	0.03578	0.00325
9	0.00956	0.21392	0.09420	0.15929	0.03884	0.09574	0.00882	0.02740	0.00783	0.03310	0.00612	0.00818	0.00518	0.00462	0.00617	0.00125	0.27031	0.00293	0.00183	0.00471
10	0.00724	0.00681	0.01150	0.85604	0.02641	0.00852	0.01065	0.00980	0.00767	0.00980	0.00681	0.01022	0.00511	0.00383	0.00383	0.00128	0.00511	0.00341	0.00170	0.00426
11	0.00468	0.00335	0.00443	0.00529	0.00553	0.00313	0.00353	0.00535	0.00734	0.00976	0.02130	0.83326	0.03993	0.02676	0.00514	0.00159	0.00225	0.01076	0.00354	0.00310
12	0.89233	0.00741	0.00564	0.00504	0.00741	0.00860	0.00415	0.01127	0.00653	0.01720	0.00534	0.00623	0.00415	0.00356	0.00237	0.00119	0.00297	0.00208	0.00237	0.00415
13	0.00948	0.00901	0.01485	0.07365	0.69750	0.03016	0.02930	0.01169	0.00871	0.02871	0.00769	0.02346	0.00656	0.00376	0.00398	0.00117	0.01771	0.01482	0.00199	0.00580
14	0.00762	0.01935	0.82002	0.01074	0.01627	0.00874	0.01385	0.01199	0.00818	0.01224	0.03201	0.00872	0.00580	0.00377	0.00367	0.00121	0.00555	0.00296	0.00170	0.00560
15	0.00455	0.00388	0.00391	0.00390	0.00519	0.00324	0.00293	0.00553	0.00878	0.01045	0.05352	0.03675	0.82504	0.00968	0.00453	0.00129	0.00194	0.00807	0.00357	0.00324
16	0.01383	0.12036	0.01197	0.00948	0.01161	0.74953	0.00731	0.01485	0.01050	0.00934	0.00585	0.00682	0.00494	0.00387	0.00334	0.00097	0.00658	0.00242	0.00194	0.00450
17	0.01141	0.55122	0.01673	0.00778	0.01048	0.25191	0.00693	0.03442	0.00882	0.00954	0.00559	0.00659	0.00498	0.00371	0.00339	0.00093	0.05669	0.00229	0.00180	0.00478
18	0.00772	0.01846	0.75701	0.01037	0.01580	0.00850	0.01315	0.01188	0.00808	0.01218	0.00687	0.00808	0.00494	0.00356	0.00356	0.00115	0.00537	0.00277	0.00169	0.09885
19	0.01083	0.08601	0.18838	0.16160	0.02454	0.01055	0.03393	0.35361	0.04392	0.01669	0.00821	0.00924	0.00603	0.00411	0.00367	0.00116	0.00464	0.00326	0.02396	0.00566
20	0.01458	0.01074	0.01151	0.00882	0.01189	0.01189	0.00729	0.82855	0.01803	0.02416	0.00921	0.00921	0.00652	0.00460	0.00384	0.00115	0.00422	0.00345	0.00384	0.00652
21	0.00526	0.00390	0.00490	0.00467	0.00563	0.00354	0.00350	0.00691	0.01044	0.01443	0.68917	0.04313	0.17387	0.00823	0.00453	0.00123	0.00184	0.00719	0.00410	0.00354
22	0.00522	0.00379	0.00530	0.00565	0.00620	0.00403	0.00417	0.00633	0.00685	0.00959	0.01588	0.33512	0.05271	0.02023	0.44317	0.00391	0.00638	0.01886	0.04333	0.00331
23	0.00548	0.00411	0.00616	0.00616	0.00685	0.00479	0.00479	0.00685	0.00616	0.00890	0.01027	0.01506	0.00959	0.02876	0.85006	0.00616	0.01027	0.00411	0.00205	0.00342
24	0.00666	0.00333	0.00500	0.00500	0.00500	0.00333	0.00333	0.00500	0.00500	0.00666	0.00666	0.01166	0.00666	0.01332	0.01499	0.88844	0.00333	0.00333	0.00167	0.00167
25	0.01666	0.00647	0.00871	0.00673	0.00961	0.00566	0.00554	0.01839	0.03170	0.79442	0.01505	0.01313	0.00956	0.00475	0.00382	0.00118	0.00321	0.00386	0.03515	0.00641
26	0.00773	0.00567	0.00806	0.00732	0.00798	0.00695	0.00583	0.02916	0.00666	0.08187	0.00869	0.01236	0.00781	0.01772	0.41012	0.10507	0.26125	0.00376	0.00218	0.00380
27	0.00940	0.00902	0.01541	0.05498	0.81055	0.00909	0.01172	0.01169	0.00869	0.01242	0.00720	0.00952	0.00604	0.00343	0.00380	0.00114	0.00458	0.00342	0.00189	0.00600
28	0.01418	0.01804	0.01089	0.00988	0.01181	0.82969	0.00743	0.01516	0.01075	0.00938	0.00591	0.00695	0.00494	0.00402	0.00368	0.00100	0.02740	0.00249	0.00197	0.00444
29	0.02361	0.40888	0.03931	0.01168	0.19381	0.17656	0.06003	0.02589	0.00884	0.01052	0.00612	0.00740	0.00525	0.00347	0.00313	0.00097	0.00493	0.00263	0.00183	0.00513
30	0.00463	0.00396	0.00399	0.00397	0.00527	0.00335	0.00298	0.00579	0.02323	0.01054	0.05219	0.03636	0.81147	0.00960	0.00452	0.00129	0.00196	0.00801	0.00358	0.00329
31	0.00795	0.00681	0.00795	0.00568	0.00909	0.00511	0.00454	0.00965	0.00795	0.01249	0.00681	0.00795	0.00568	0.00284	0.00284	0.00057	0.00284	0.00227	0.00227	0.88869
32	0.00522	0.00391	0.00483	0.00460	0.00560	0.00353	0.00345	0.00683	0.01036	0.01420	0.65142	0.03058	0.22480	0.00828	0.00452	0.00123	0.00184	0.00721	0.00407	0.00353
33	0.00557	0.00375	0.00432	0.00432	0.00437	0.00379	0.00250	0.00567	0.00562	0.00754	0.01195	0.02437	0.01363	0.80526	0.07908	0.00389	0.00419	0.00547	0.00230	0.00240
34	0.00734	0.00376	0.00378	0.00371	0.00466	0.00379	0.00280	0.03010	0.00830	0.01455	0.01242	0.01416	0.00974	0.00447	0.00271	0.00090	0.00185	0.00357	0.86374	0.00365
35	0.00795	0.00681	0.00795	0.00568	0.00909	0.00511	0.00454	0.00965	0.00795	0.01249	0.00681	0.00795	0.00568	0.00284	0.00284	0.00057	0.00284	0.00227	0.00227	0.88869
36	0.01697	0.00691	0.00913	0.00700	0.00998	0.00620	0.00578	0.09177	0.01161	0.77001	0.01459	0.01270	0.00922	0.00473	0.00385	0.00118	0.00335	0.00382	0.00466	0.00652
37	0.00467	0.00344	0.00437	0.00508	0.00550	0.00315	0.00345	0.00541	0.00767	0.01002	0.04448	0.70161	0.16409	0.01152	0.00482	0.00150	0.00217	0.01032	0.00358	0.00315
38	0.00954	0.00824	0.00867	0.00780	0.00997	0.00954	0.00607	0.02037	0.83441	0.01604	0.01561	0.01431	0.01170	0.00520	0.00390	0.00130	0.00303	0.00433	0.00390	0.00607
39	0.01025	0.86756	0.02009	0.00656	0.00984	0.01517	0.00656	0.01148	0.00779	0.00902	0.00533	0.00615	0.00492	0.00328	0.00246	0.00082	0.00410	0.00205	0.00164	0.00492
40	0.89233	0.00741	0.00564	0.00504	0.00741	0.00860	0.00415	0.01127	0.00653	0.01720	0.00534	0.00623	0.00415	0.00356	0.00237	0.00119	0.00297	0.00208	0.00237	0.00415
41	0.01458	0.01074	0.01151	0.00882	0.01189	0.01189	0.00729	0.82855	0.01803	0.02416	0.00921	0.00921	0.00652	0.00460	0.00384	0.00115	0.00422	0.00345	0.00384	0.00652
42	0.00466	0.00359	0.00427	0.00480	0.00547	0.00320	0.00337	0.00548	0.00795	0.01006	0.02826	0.50716	0.35418	0.01104	0.00476	0.00146	0.00215	0.03142	0.00356	0.00317
43	0.89233	0.00741	0.00564	0.00504	0.00741	0.00860	0.00415	0.01127	0.00653	0.01720	0.00534	0.00623	0.00415	0.00356	0.00237	0.00119	0.00297	0.00208	0.00237	0.00415
44	0.01025	0.86756	0.02009	0.00656	0.00984	0.01517	0.00656	0.01148	0.00779	0.00902	0.00533	0.00615	0.00492	0.00328	0.00246	0.00082	0.00410	0.00205	0.00164	0.00492
45	0.00618	0.00441	0.00618	0.00706	0.00794	0.00441	0.00618	0.00794	0.00883	0.01147	0.02030	0.04325	0.02207	0.01059	0.00530	0.00177	0.00353	0.81553	0.00353	0.00353
46	0.00474	0.00356	0.00442	0.00506	0.00562	0.00324	0.00357	0.00557	0.00782	0.01006	0.02589	0.58093	0.24662	0.01129	0.00482	0.00150	0.00224	0.06631	0.00356	0.00318
47	0.00551	0.00398	0.00549	0.00549	0.00594	0.00443	0.00396	0.00642	0.00596	0.00840	0.01088	0.01846	0.01106	0.31191	0.56892	0.00533	0.00805	0.00460	0.00215	0.00305
48	0.00559	0.00371	0.00417	0.00419	0.00422	0.00370	0.00236	0.00565	0.00567	0.00764	0.01228	0.04202	0.01408	0.82806	0.01883	0.00361	0.00364	0.00564	0.02258	0.00237
49	0.00839	0.00839	0.01174	0.01007	0.01007	0.01174	0.00839	0.00923	0.00587	0.00923	0.00503	0.00839	0.00503	0.00671	0.01258	0.00168	0.85823	0.00336	0.00168	0.00419
50	0.01115	0.00904	0.00958	0.00813	0.01059	0.01029	0.00646	0.27923	0.57292	0.01864	0.01356	0.01267	0.01004	0.00501	0.00388	0.00125	0.00341	0.00405	0.00388	0.00621
51	0.00555	0.00381	0.00465	0.00465	0.00482	0.00397	0.00291	0.00588	0.00572	0.00778	0.01165	0.02270	0.01290	0.66618	0.21717	0.00430	0.00528	0.00523	0.00226	0.00259
52	0.00909	0.00864	0.01462	0.20230	0.65288	0.00903	0.01146	0.02437	0.00865	0.01213	0.00716	0.00964	0.00587	0.00352	0.00380	0.00117	0.00467	0.00341	0.00189	0.00569
53	0.01473	0.01012	0.00991	0.00803	0.01070	0.16695	0.00645	0.26559	0.09923	0.32474	0.02310	0.01109	0.00833	0.00464	0.00377	0.00115	0.00418	0.00356	0.01774	0.00600
54	0.01262	0.02940	0.03593	0.00794	0.01115	0.00987	0.00670	0.52640	0.03578	0.05644	0.00888	0.00909	0.00649	0.00413	0.00355	0.00101	0.00385	0.00315	0.00337	0.22425

[dist]
# distance from previous block
# <min> <max>
0	2

[block]
# block no. 6 follows, 71 sequences, length 84
# corresponding to MSA columns:
# 355-397,411-451
name=unknown_G
#
# <colnr> <probs for GDERKNQSTAVLIFYWHMCP>
#	G	D	E	R	K	N	Q	S	T	A	V	L	I	F	Y	W	H	M	C	P
0	0.22905	0.02404	0.01565	0.05200	0.01537	0.00890	0.44591	0.01144	0.00815	0.01326	0.00734	0.01007	0.00587	0.00363	0.00396	0.00121	0.02380	0.03068	0.00211	0.08756
1	0.00470	0.00337	0.00442	0.00526	0.00550	0.00314	0.00350	0.00535	0.00732	0.00973	0.02135	0.81095	0.04881	0.04010	0.00537	0.00162	0.00227	0.01064	0.00352	0.00309
2	0.01805	0.00649	0.00946	0.39892	0.10248	0.02033	0.00791	0.03703	0.04765	0.01210	0.17405	0.01732	0.12189	0.00544	0.00404	0.00124	0.00387	0.00473	0.00265	0.00435
3	0.00493	0.00371	0.00437	0.00460	0.00544	0.00332	0.00333	0.00605	0.00872	0.01149	0.20647	0.29699	0.34766	0.00980	0.00457	0.00135	0.00203	0.02548	0.04637	0.00330
4	0.01025	0.86756	0.02009	0.00656	0.00984	0.01517	0.00656	0.01148	0.00779	0.00902	0.00533	0.00615	0.00492	0.00328	0.00246	0.00082	0.00410	0.00205	0.00164	0.00492
5	0.00465	0.00391	0.00405	0.00413	0.00532	0.00336	0.00305	0.00580	0.02593	0.01041	0.03631	0.13171	0.72841	0.00988	0.00456	0.00133	0.00200	0.00834	0.00357	0.00328
6	0.00635	0.00413	0.00539	0.00495	0.00604	0.00377	0.00376	0.00810	0.01079	0.08238	0.74332	0.02768	0.06329	0.00766	0.00447	0.00121	0.00193	0.00673	0.00424	0.00384
7	0.08505	0.02376	0.29426	0.07618	0.03057	0.00841	0.06996	0.10405	0.00992	0.24694	0.00937	0.00979	0.00640	0.00403	0.00369	0.00120	0.00458	0.00330	0.00284	0.00573
8	0.01025	0.86756	0.02009	0.00656	0.00984	0.01517	0.00656	0.01148	0.00779	0.00902	0.00533	0.00615	0.00492	0.00328	0.00246	0.00082	0.00410	0.00205	0.00164	0.00492
9	0.00458	0.00387	0.00397	0.00399	0.00522	0.00325	0.00297	0.00559	0.00880	0.01060	0.08055	0.06655	0.76759	0.00970	0.00454	0.00130	0.00195	0.00813	0.00360	0.00325
10	0.00730	0.00687	0.01160	0.83469	0.04730	0.00853	0.01068	0.00985	0.00769	0.00987	0.00683	0.01020	0.00514	0.00382	0.00383	0.00127	0.00510	0.00341	0.00171	0.00431
11	0.01008	0.02299	0.02758	0.26562	0.40684	0.04416	0.01034	0.06012	0.00925	0.09467	0.00791	0.00986	0.00607	0.00377	0.00378	0.00117	0.00468	0.00339	0.00223	0.00551
12	0.00468	0.00375	0.00419	0.00447	0.00543	0.00327	0.00327	0.00563	0.00843	0.01044	0.06416	0.26943	0.54278	0.01033	0.00467	0.00139	0.00209	0.04477	0.00358	0.00323
13	0.01432	0.01827	0.01087	0.00988	0.01185	0.84986	0.00741	0.01531	0.01087	0.00938	0.00593	0.00691	0.00494	0.00395	0.00346	0.00099	0.00691	0.00247	0.00198	0.00444
14	0.01086	0.11746	0.10616	0.00847	0.01141	0.03888	0.02842	0.25298	0.31170	0.01651	0.01072	0.01077	0.00810	0.00530	0.03205	0.00133	0.00426	0.00355	0.01527	0.00581
15	0.00598	0.00491	0.01972	0.00682	0.02188	0.00464	0.04079	0.03462	0.00862	0.01121	0.02249	0.26527	0.18464	0.00995	0.00509	0.00155	0.02587	0.31895	0.00338	0.00362
