[name]
unknown

[dist]
# distance from previous block
# <min> <max>
24	885

[block]
# block no. 0 follows, 69 sequences, length 8
# corresponding to MSA columns:
# 1429-1436
name=unknown_A
#
# <colnr> <probs for GDERKNQSTAVLIFYWHMCP>
#	G	D	E	R	K	N	Q	S	T	A	V	L	I	F	Y	W	H	M	C	P
0	0.03966	0.02364	0.02897	0.03081	0.02516	0.02969	0.05024	0.04941	0.04136	0.13810	0.05940	0.31068	0.04616	0.00769	0.00431	0.00133	0.00329	0.04293	0.00344	0.06373
1	0.00984	0.06944	0.13185	0.04584	0.10073	0.03900	0.06663	0.09261	0.00915	0.07149	0.00804	0.01022	0.00654	0.04300	0.06113	0.00162	0.11364	0.00338	0.00233	0.11352
2	0.10574	0.07914	0.19018	0.04507	0.09901	0.05347	0.06495	0.03631	0.05072	0.02443	0.05632	0.01055	0.00787	0.02539	0.00497	0.00129	0.09521	0.00343	0.02732	0.01864
3	0.01040	0.00791	0.01001	0.00944	0.10194	0.00810	0.04476	0.20735	0.16899	0.07283	0.01228	0.12242	0.01047	0.00585	0.01987	0.00127	0.00368	0.00464	0.05455	0.12324
4	0.02529	0.00804	0.00940	0.00857	0.05466	0.11056	0.08722	0.05640	0.09858	0.04187	0.18179	0.05739	0.12176	0.00682	0.02367	0.00135	0.03206	0.01820	0.01490	0.04146
5	0.00477	0.00363	0.00440	0.00494	0.00557	0.00325	0.00342	0.00562	0.00818	0.01052	0.07334	0.54119	0.29450	0.01126	0.00486	0.00148	0.00216	0.00997	0.00368	0.00325
6	0.00862	0.00838	0.06340	0.04273	0.04649	0.02765	0.00617	0.06780	0.00891	0.01318	0.00838	0.03378	0.02830	0.00374	0.00350	0.00081	0.02596	0.00299	0.00240	0.59680
7	0.00870	0.00754	0.00916	0.00796	0.00902	0.04483	0.03531	0.06621	0.13444	0.01266	0.02897	0.01340	0.03625	0.04925	0.06643	0.00183	0.29696	0.00404	0.16256	0.00448

[dist]
# distance from previous block
# <min> <max>
2	10

[block]
# block no. 1 follows, 69 sequences, length 21
# corresponding to MSA columns:
# 1447-1457,1460-1469
name=unknown_B
#
# <colnr> <probs for GDERKNQSTAVLIFYWHMCP>
#	G	D	E	R	K	N	Q	S	T	A	V	L	I	F	Y	W	H	M	C	P
0	0.10812	0.15498	0.00971	0.00671	0.02018	0.09486	0.00541	0.09184	0.03608	0.04474	0.24820	0.01608	0.06129	0.00557	0.00392	0.00113	0.02881	0.00434	0.03864	0.01941
1	0.06201	0.07724	0.12911	0.03546	0.19247	0.03556	0.09313	0.12912	0.07346	0.03782	0.00839	0.00955	0.00644	0.00388	0.00365	0.00114	0.00457	0.00332	0.02880	0.06489
2	0.05262	0.14071	0.10399	0.00884	0.04620	0.14078	0.03481	0.08167	0.08354	0.03984	0.00815	0.00909	0.00644	0.00465	0.02806	0.00118	0.02080	0.00297	0.03479	0.15088
3	0.02697	0.77200	0.05262	0.00681	0.01017	0.01467	0.00686	0.01181	0.02667	0.00971	0.00666	0.00739	0.02720	0.00359	0.00265	0.00089	0.00415	0.00235	0.00179	0.00503
4	0.23753	0.00834	0.00855	0.02917	0.00990	0.07158	0.03945	0.16795	0.08572	0.05709	0.03616	0.09809	0.01034	0.03577	0.00425	0.00133	0.00373	0.03913	0.01394	0.04198
5	0.00494	0.00362	0.00446	0.00500	0.00541	0.00339	0.00334	0.00560	0.00742	0.00966	0.02304	0.51910	0.18043	0.16240	0.04148	0.00212	0.00282	0.00935	0.00335	0.00308
6	0.00817	0.00694	0.00860	0.05738	0.06820	0.03004	0.00595	0.00999	0.00853	0.02747	0.02085	0.01585	0.00957	0.00471	0.00359	0.00094	0.00342	0.16235	0.00258	0.54489
7	0.00740	0.00697	0.01176	0.85280	0.02700	0.00871	0.01089	0.01002	0.00784	0.01002	0.00697	0.01045	0.00523	0.00392	0.00392	0.00131	0.00523	0.00348	0.00174	0.00436
8	0.00469	0.00397	0.00405	0.00403	0.00533	0.00333	0.00302	0.00573	0.00907	0.01090	0.08821	0.03721	0.78749	0.00981	0.00463	0.00132	0.00198	0.00820	0.00368	0.00333
9	0.01119	0.15168	0.07781	0.00944	0.05519	0.07092	0.03184	0.18542	0.30728	0.02972	0.01083	0.02396	0.00837	0.00459	0.00371	0.00118	0.00421	0.00365	0.00311	0.00589
10	0.01054	0.00825	0.05044	0.15444	0.09890	0.00764	0.04724	0.10260	0.03460	0.16027	0.05200	0.01132	0.00838	0.00417	0.00385	0.00109	0.01562	0.00356	0.02293	0.20215
11	0.03762	0.19871	0.29934	0.02015	0.01383	0.06152	0.08933	0.08452	0.05890	0.03956	0.00785	0.02169	0.00612	0.00406	0.00383	0.00116	0.03116	0.00317	0.00222	0.01523
12	0.00891	0.00862	0.06159	0.00815	0.01052	0.00878	0.05304	0.01769	0.60815	0.01549	0.08628	0.01676	0.06739	0.00564	0.00411	0.00132	0.00329	0.00482	0.00373	0.00572
13	0.00511	0.00366	0.00489	0.00571	0.00612	0.00347	0.00411	0.00604	0.00793	0.01052	0.05163	0.63952	0.04651	0.02644	0.00532	0.00165	0.00253	0.16193	0.00364	0.00327
14	0.00861	0.09190	0.00965	0.03364	0.09262	0.06647	0.03868	0.03989	0.01966	0.07618	0.17543	0.13468	0.05212	0.04430	0.05150	0.00161	0.01523	0.00551	0.03787	0.00445
15	0.02056	0.38043	0.13027	0.10666	0.09286	0.06186	0.05026	0.02454	0.04165	0.02902	0.00688	0.00822	0.00560	0.00373	0.00347	0.00107	0.02290	0.00284	0.00195	0.00524
16	0.00493	0.00381	0.00449	0.00468	0.00557	0.00338	0.00337	0.00606	0.00910	0.01182	0.25272	0.28207	0.37370	0.01011	0.00474	0.00138	0.00204	0.00881	0.00383	0.00338
17	0.00512	0.00391	0.00523	0.00567	0.00635	0.00361	0.02835	0.00612	0.00813	0.01055	0.04708	0.51645	0.19517	0.02620	0.00522	0.00158	0.00254	0.11581	0.00358	0.00333
18	0.01111	0.45292	0.04401	0.02360	0.01153	0.10914	0.07344	0.09392	0.00968	0.04366	0.03170	0.00856	0.00663	0.00391	0.00336	0.00100	0.02270	0.00287	0.04115	0.00512
19	0.65870	0.07385	0.02495	0.00672	0.03709	0.06381	0.02701	0.01169	0.00722	0.01569	0.00586	0.00704	0.00471	0.00467	0.03665	0.00138	0.00389	0.00236	0.00229	0.00442
20	0.04509	0.08327	0.07341	0.07327	0.37028	0.02338	0.04428	0.03554	0.03269	0.04101	0.02446	0.03066	0.00715	0.00425	0.00451	0.00121	0.07645	0.00358	0.00220	0.02331

[dist]
# distance from previous block
# <min> <max>
2	5

[block]
# block no. 2 follows, 69 sequences, length 39
# corresponding to MSA columns:
# 1475-1487,1496-1521
name=unknown_C
#
# <colnr> <probs for GDERKNQSTAVLIFYWHMCP>
#	G	D	E	R	K	N	Q	S	T	A	V	L	I	F	Y	W	H	M	C	P
0	0.00913	0.00933	0.06621	0.10341	0.12462	0.04226	0.15621	0.07130	0.04129	0.03385	0.02386	0.05062	0.03159	0.03881	0.02767	0.00156	0.14561	0.00431	0.01338	0.00496
1	0.00544	0.00404	0.00512	0.00516	0.00586	0.00414	0.00377	0.00641	0.00711	0.00946	0.03807	0.02578	0.22236	0.24201	0.33529	0.00393	0.00586	0.05297	0.01405	0.00317
2	0.01103	0.37000	0.08211	0.01049	0.11141	0.06025	0.06193	0.12027	0.03930	0.04322	0.00751	0.00884	0.00615	0.00399	0.00368	0.00107	0.03523	0.01573	0.00228	0.00549
3	0.04511	0.13990	0.16992	0.05397	0.09331	0.05515	0.11971	0.17241	0.03654	0.01430	0.00766	0.01831	0.00602	0.00411	0.00414	0.00119	0.04705	0.00334	0.00233	0.00553
4	0.00647	0.00515	0.00731	0.07229	0.09562	0.00550	0.01702	0.00831	0.05043	0.01072	0.08344	0.05610	0.08372	0.17439	0.24607	0.00317	0.01792	0.00523	0.04732	0.00381
5	0.00686	0.00596	0.00863	0.02955	0.06737	0.00659	0.05386	0.00867	0.03605	0.01143	0.09053	0.08396	0.15154	0.02142	0.05251	0.00178	0.17711	0.15204	0.03010	0.00404
6	0.00496	0.00396	0.00444	0.00437	0.00551	0.00344	0.00326	0.00624	0.00963	0.01237	0.31838	0.06985	0.52103	0.00936	0.00465	0.00130	0.00195	0.00798	0.00388	0.00344
7	0.00502	0.00397	0.00447	0.00437	0.00547	0.00347	0.00323	0.00628	0.00957	0.01235	0.33305	0.05117	0.48823	0.04560	0.00529	0.00140	0.00202	0.00779	0.00384	0.00341
8	0.01048	0.86458	0.02054	0.00671	0.01006	0.01551	0.00671	0.01174	0.00797	0.00922	0.00545	0.00629	0.00503	0.00335	0.00252	0.00084	0.00419	0.00210	0.00168	0.00503
9	0.00739	0.00381	0.00382	0.00379	0.00475	0.00385	0.00285	0.00951	0.03450	0.01467	0.01289	0.01462	0.01011	0.00459	0.00278	0.00093	0.00187	0.00368	0.85587	0.00374
10	0.00740	0.00697	0.01176	0.85280	0.02700	0.00871	0.01089	0.01002	0.00784	0.01002	0.00697	0.01045	0.00523	0.00392	0.00392	0.00131	0.00523	0.00348	0.00174	0.00436
11	0.00570	0.00382	0.00436	0.00436	0.00439	0.00385	0.00248	0.00576	0.00573	0.00767	0.01227	0.02522	0.01406	0.82667	0.05525	0.00391	0.00409	0.00564	0.00236	0.00242
12	0.07597	0.21585	0.40455	0.02987	0.02808	0.05838	0.02018	0.03846	0.00870	0.04755	0.00694	0.00795	0.00526	0.00370	0.00334	0.00111	0.00501	0.00272	0.00198	0.03441
13	0.00561	0.00418	0.00620	0.00620	0.00686	0.00485	0.00477	0.00694	0.00627	0.00903	0.01059	0.01592	0.01002	0.07114	0.80525	0.00618	0.01017	0.00428	0.00211	0.00344
14	0.00786	0.02028	0.84191	0.01117	0.01697	0.00910	0.01448	0.01242	0.00828	0.01242	0.00704	0.00828	0.00497	0.00372	0.00372	0.00124	0.00579	0.00290	0.00166	0.00579
15	0.00570	0.00422	0.00595	0.00591	0.00642	0.00482	0.00437	0.00674	0.00615	0.00874	0.01082	0.01775	0.01078	0.23379	0.62145	0.00557	0.03089	0.00455	0.00216	0.00324
16	0.01006	0.15328	0.25241	0.01023	0.05961	0.13898	0.06250	0.03670	0.02954	0.05622	0.02095	0.02476	0.03329	0.03193	0.00463	0.00126	0.04415	0.02209	0.00225	0.00517
17	0.85273	0.00754	0.00590	0.00523	0.00769	0.00867	0.00431	0.01185	0.00687	0.05267	0.00589	0.00667	0.00448	0.00369	0.00249	0.00121	0.00305	0.00220	0.00253	0.00435
18	0.88991	0.00758	0.00576	0.00516	0.00758	0.00879	0.00425	0.01152	0.00667	0.01759	0.00546	0.00637	0.00425	0.00364	0.00243	0.00121	0.00303	0.00212	0.00243	0.00425
19	0.00858	0.00858	0.01201	0.01029	0.01029	0.01201	0.00858	0.00943	0.00600	0.00943	0.00515	0.00858	0.00515	0.00686	0.01287	0.00172	0.85505	0.00343	0.00172	0.00429
20	0.00471	0.00396	0.00409	0.00410	0.00535	0.00334	0.00306	0.00576	0.00906	0.01099	0.10347	0.06408	0.74492	0.00985	0.00464	0.00133	0.00198	0.00827	0.00370	0.00334
21	0.02469	0.21515	0.09232	0.07406	0.06050	0.12096	0.00772	0.07747	0.02314	0.08191	0.02086	0.01106	0.04637	0.00437	0.00358	0.00107	0.01508	0.02324	0.00248	0.09400
22	0.58157	0.06297	0.02572	0.00682	0.02263	0.15195	0.00554	0.05809	0.02985	0.01589	0.00612	0.00696	0.00482	0.00379	0.00280	0.00116	0.00395	0.00237	0.00241	0.00460
23	0.01744	0.00691	0.00925	0.00709	0.01013	0.00612	0.00586	0.06450	0.01163	0.79451	0.01513	0.01312	0.00953	0.00484	0.00394	0.00121	0.00339	0.00392	0.00480	0.00667
24	0.00532	0.00417	0.00518	0.00554	0.04122	0.00376	0.00388	0.00673	0.00968	0.01284	0.37354	0.13230	0.33323	0.00916	0.00467	0.00133	0.00214	0.03788	0.00385	0.00359
25	0.01414	0.01784	0.01118	0.01012	0.01197	0.77688	0.00766	0.01514	0.01068	0.00958	0.00598	0.00720	0.00506	0.00428	0.00431	0.00107	0.07780	0.00260	0.00199	0.00452
26	0.00553	0.00415	0.00516	0.00517	0.00602	0.00407	0.00383	0.00661	0.00823	0.03083	0.14112	0.17462	0.30675	0.07718	0.15522	0.00244	0.03610	0.02021	0.00333	0.00343
27	0.04195	0.01351	0.01060	0.00928	0.02849	0.41154	0.02066	0.17725	0.06689	0.03310	0.00816	0.00921	0.00645	0.00433	0.00382	0.00107	0.02646	0.01422	0.03576	0.07724
28	0.01200	0.22292	0.04533	0.00823	0.01120	0.04762	0.00714	0.30078	0.26150	0.02922	0.01027	0.01013	0.00778	0.00449	0.00357	0.00113	0.00408	0.00339	0.00323	0.00600
29	0.00838	0.00780	0.01306	0.08110	0.34839	0.00782	0.13129	0.01132	0.08028	0.02355	0.06070	0.10088	0.06753	0.00542	0.00423	0.00128	0.00420	0.02185	0.00262	0.01832
30	0.02491	0.24831	0.29070	0.01016	0.02707	0.01096	0.13210	0.08008	0.03162	0.07316	0.00823	0.00914	0.01819	0.00389	0.00368	0.00114	0.01564	0.00319	0.00224	0.00558
31	0.05781	0.14551	0.11039	0.04385	0.02053	0.02043	0.03831	0.05138	0.02245	0.16648	0.02026	0.18093	0.01988	0.00631	0.01266	0.00133	0.05678	0.01677	0.00295	0.00499
32	0.00491	0.00361	0.00461	0.00515	0.00567	0.00331	0.00356	0.00588	0.00843	0.01125	0.18994	0.58148	0.13557	0.01110	0.00488	0.00148	0.00215	0.00994	0.00378	0.00331
33	0.01025	0.10384	0.40637	0.00998	0.03971	0.00917	0.04348	0.04011	0.06008	0.16141	0.04888	0.01056	0.00794	0.00428	0.00398	0.00121	0.02694	0.00342	0.00260	0.00578
34	0.05729	0.09244	0.17422	0.05341	0.07696	0.10109	0.01856	0.12746	0.06787	0.05218	0.00822	0.02086	0.00650	0.00533	0.02566	0.02960	0.07130	0.00329	0.00245	0.00531
35	0.00777	0.00916	0.15842	0.05077	0.10489	0.02064	0.09383	0.02196	0.00811	0.03534	0.02441	0.14404	0.02122	0.04859	0.10071	0.00206	0.09226	0.04880	0.00243	0.00458
36	0.00513	0.00357	0.00451	0.00507	0.00523	0.00345	0.00323	0.00559	0.00683	0.00913	0.01801	0.53997	0.02132	0.31152	0.03677	0.00252	0.00307	0.00901	0.00315	0.00291
37	0.00549	0.00397	0.00474	0.00509	0.00551	0.00386	0.00337	0.01835	0.04243	0.00985	0.02894	0.40054	0.11207	0.30357	0.01005	0.00231	0.00286	0.03066	0.00323	0.00312
38	0.12099	0.08750	0.07858	0.03564	0.06929	0.08995	0.07552	0.13627	0.05174	0.05715	0.02108	0.02496	0.03421	0.00465	0.00438	0.00122	0.07513	0.00356	0.02295	0.00522

[dist]
# distance from previous block
# <min> <max>
2	26

[block]
# block no. 3 follows, 69 sequences, length 32
# corresponding to MSA columns:
# 1550-1573,1577-1583,1593
name=unknown_D
#
# <colnr> <probs for GDERKNQSTAVLIFYWHMCP>
#	G	D	E	R	K	N	Q	S	T	A	V	L	I	F	Y	W	H	M	C	P
0	0.04651	0.03942	0.11407	0.05454	0.16490	0.07609	0.04516	0.08009	0.15789	0.04371	0.02781	0.01175	0.00824	0.01900	0.00419	0.00124	0.01669	0.02738	0.00268	0.05863
1	0.16313	0.01939	0.04935	0.10452	0.23751	0.02877	0.03824	0.08435	0.01866	0.03123	0.00867	0.06162	0.01727	0.02247	0.00426	0.00125	0.03121	0.00373	0.00241	0.07195
2	0.02718	0.00909	0.01272	0.22393	0.28380	0.08648	0.05851	0.02354	0.02118	0.01208	0.00739	0.01968	0.00605	0.00367	0.00368	0.00108	0.00468	0.00330	0.00207	0.18985
3	0.00919	0.00852	0.06139	0.09028	0.04382	0.00884	0.00710	0.04312	0.49465	0.03439	0.07217	0.01503	0.02564	0.03058	0.00468	0.00138	0.02378	0.00442	0.01541	0.00561
4	0.00582	0.00388	0.00505	0.00544	0.00609	0.00361	0.00384	0.00704	0.02533	0.06142	0.18796	0.56704	0.06875	0.01068	0.00483	0.00148	0.00227	0.02203	0.00386	0.00357
5	0.00486	0.00356	0.00450	0.00514	0.00563	0.00328	0.00353	0.00571	0.00796	0.01053	0.07227	0.63412	0.16783	0.01176	0.01990	0.00159	0.00234	0.01012	0.02210	0.00325
6	0.00498	0.00399	0.00445	0.00433	0.00551	0.00346	0.00325	0.00630	0.00975	0.01253	0.34083	0.03453	0.53385	0.00920	0.00463	0.00129	0.00193	0.00783	0.00390	0.00346
7	0.00562	0.00378	0.00429	0.00434	0.00438	0.00375	0.00247	0.00568	0.00588	0.00781	0.01350	0.07652	0.03250	0.79247	0.01872	0.00361	0.00367	0.00609	0.00248	0.00244
8	0.00844	0.00837	0.01174	0.01011	0.01014	0.01167	0.00840	0.00932	0.00602	0.00942	0.00540	0.00890	0.00536	0.00792	0.05200	0.00193	0.81541	0.00347	0.00173	0.00425
9	0.00731	0.00365	0.00365	0.00365	0.00457	0.00365	0.00274	0.00913	0.00822	0.01462	0.01279	0.01462	0.01005	0.00457	0.00274	0.00091	0.00183	0.00365	0.88399	0.00365
10	0.00786	0.02028	0.84191	0.01117	0.01697	0.00910	0.01448	0.01242	0.00828	0.01242	0.00704	0.00828	0.00497	0.00372	0.00372	0.00124	0.00579	0.00290	0.00166	0.00579
11	0.00575	0.00413	0.00542	0.00536	0.00567	0.00455	0.00369	0.00640	0.00598	0.00832	0.01130	0.02057	0.01199	0.46629	0.38580	0.00484	0.03380	0.00496	0.00223	0.00293
12	0.01490	0.01098	0.01177	0.00902	0.01216	0.01216	0.00745	0.82470	0.01843	0.02471	0.00941	0.00941	0.00667	0.00471	0.00392	0.00118	0.00431	0.00353	0.00392	0.00667
13	0.01353	0.00710	0.02481	0.00747	0.01008	0.01958	0.06624	0.08879	0.01118	0.47151	0.10424	0.04856	0.03665	0.00619	0.02895	0.00137	0.00368	0.00466	0.03964	0.00574
14	0.00786	0.00719	0.01061	0.03295	0.15431	0.00879	0.02713	0.00901	0.00679	0.00997	0.00836	0.02965	0.00845	0.16796	0.06254	0.00225	0.38566	0.03167	0.02468	0.00418
15	0.00740	0.00697	0.01176	0.85280	0.02700	0.00871	0.01089	0.01002	0.00784	0.01002	0.00697	0.01045	0.00523	0.00392	0.00392	0.00131	0.00523	0.00348	0.00174	0.00436
16	0.19357	0.00760	0.00889	0.00696	0.00989	0.00749	0.00575	0.15742	0.01155	0.53242	0.01239	0.01125	0.00807	0.00458	0.00363	0.00121	0.00344	0.00350	0.00420	0.00618
17	0.00792	0.00674	0.00790	0.00578	0.00906	0.00510	0.00458	0.00959	0.00809	0.01260	0.00789	0.06163	0.00707	0.00349	0.00304	0.00064	0.00286	0.00288	0.00241	0.83071
18	0.00759	0.00653	0.02917	0.07864	0.01993	0.00674	0.02547	0.05266	0.22408	0.03420	0.01934	0.18833	0.16603	0.00905	0.05759	0.00171	0.03069	0.03432	0.00335	0.00459
19	0.00621	0.00452	0.00597	0.00661	0.00741	0.00457	0.00537	0.01912	0.05360	0.01139	0.01992	0.20355	0.03673	0.08060	0.02802	0.00200	0.00349	0.49384	0.00350	0.00360
20	0.01678	0.00647	0.00881	0.00688	0.00974	0.00560	0.00563	0.01825	0.01099	0.78830	0.01585	0.06652	0.01072	0.00532	0.00401	0.00124	0.00327	0.00439	0.00478	0.00645
21	0.02808	0.00829	0.02730	0.18191	0.29135	0.00869	0.01994	0.17098	0.01032	0.03567	0.01011	0.13299	0.00920	0.00529	0.00421	0.00128	0.02028	0.01429	0.01448	0.00534
22	0.00853	0.00771	0.01136	0.00957	0.01011	0.00994	0.07390	0.00955	0.00653	0.05378	0.00723	0.01165	0.00695	0.11511	0.07584	0.00226	0.56987	0.00390	0.00202	0.00420
23	0.00493	0.00362	0.00455	0.00507	0.00557	0.00332	0.00347	0.00580	0.00820	0.01087	0.15223	0.54925	0.15823	0.05866	0.00572	0.00162	0.00225	0.00974	0.00368	0.00324
24	0.00740	0.00697	0.01176	0.85280	0.02700	0.00871	0.01089	0.01002	0.00784	0.01002	0.00697	0.01045	0.00523	0.00392	0.00392	0.00131	0.00523	0.00348	0.00174	0.00436
25	0.01249	0.01163	0.02840	0.07956	0.13086	0.19329	0.10557	0.21388	0.02375	0.09451	0.00838	0.00954	0.00629	0.00430	0.00449	0.00121	0.06005	0.00347	0.00273	0.00561
26	0.00847	0.00814	0.08695	0.12055	0.13280	0.02865	0.10042	0.01097	0.03464	0.05650	0.02511	0.10974	0.01021	0.00533	0.00429	0.00125	0.04157	0.02399	0.18569	0.00474
27	0.01048	0.86458	0.02054	0.00671	0.01006	0.01551	0.00671	0.01174	0.00797	0.00922	0.00545	0.00629	0.00503	0.00335	0.00252	0.00084	0.00419	0.00210	0.00168	0.00503
28	0.00740	0.00697	0.01176	0.85280	0.02700	0.00871	0.01089	0.01002	0.00784	0.01002	0.00697	0.01045	0.00523	0.00392	0.00392	0.00131	0.00523	0.00348	0.00174	0.00436
29	0.01066	0.00787	0.01789	0.06886	0.02390	0.08049	0.05030	0.07964	0.10479	0.19505	0.01635	0.05855	0.11291	0.06006	0.00538	0.00147	0.01943	0.07797	0.00344	0.00500
30	0.00780	0.00610	0.01990	0.03178	0.04251	0.05785	0.00532	0.03564	0.03822	0.08675	0.15976	0.20896	0.12389	0.02578	0.00498	0.00144	0.01594	0.10750	0.01570	0.00417
31	0.01389	0.01685	0.01041	0.00945	0.01133	0.73529	0.00709	0.01493	0.01069	0.02965	0.00688	0.00827	0.00575	0.02948	0.00413	0.00110	0.02009	0.00274	0.05751	0.00447

[dist]
# distance from previous block
# <min> <max>
0	2

[block]
# block no. 4 follows, 69 sequences, length 29
# corresponding to MSA columns:
# 1596-1605,1613-1631
name=unknown_E
#
# <colnr> <probs for GDERKNQSTAVLIFYWHMCP>
#	G	D	E	R	K	N	Q	S	T	A	V	L	I	F	Y	W	H	M	C	P
0	0.01017	0.05578	0.06629	0.09551	0.01226	0.21747	0.04471	0.06811	0.02188	0.05090	0.11935	0.03460	0.03142	0.04998	0.00564	0.00136	0.09130	0.00413	0.01453	0.00461
1	0.00574	0.00439	0.00651	0.00643	0.00708	0.00520	0.00501	0.00708	0.00627	0.00908	0.01030	0.01535	0.00970	0.04971	0.78676	0.00602	0.04955	0.00420	0.00209	0.00351
2	0.00813	0.00697	0.00813	0.00581	0.00929	0.00523	0.00465	0.00987	0.00813	0.01277	0.00697	0.00813	0.00581	0.00290	0.00290	0.00058	0.00290	0.00232	0.00232	0.88619
3	0.02260	0.01892	0.01169	0.14406	0.27875	0.12353	0.01846	0.02612	0.01684	0.06597	0.00918	0.07896	0.00828	0.05007	0.05429	0.00167	0.05919	0.00414	0.00233	0.00496
4	0.00490	0.00354	0.00447	0.00513	0.00559	0.00325	0.00351	0.00574	0.00797	0.01062	0.07336	0.65028	0.15105	0.01137	0.00484	0.00150	0.00219	0.01017	0.03726	0.00325
5	0.00960	0.02814	0.00993	0.00869	0.02607	0.09350	0.00675	0.09272	0.22974	0.01279	0.01008	0.02754	0.00874	0.07768	0.08231	0.00202	0.24941	0.00399	0.01544	0.00486
6	0.00565	0.00412	0.00594	0.00594	0.00651	0.00468	0.00445	0.00674	0.00617	0.00880	0.01070	0.01696	0.01044	0.16319	0.69183	0.02879	0.00924	0.00442	0.00213	0.00327
7	0.00813	0.00697	0.00813	0.00581	0.00929	0.00523	0.00465	0.00987	0.00813	0.01277	0.00697	0.00813	0.00581	0.00290	0.00290	0.00058	0.00290	0.00232	0.00232	0.88619
8	0.00898	0.37216	0.47423	0.00928	0.01389	0.01187	0.01106	0.01204	0.00808	0.01099	0.00632	0.00746	0.00500	0.00366	0.00350	0.00109	0.03073	0.00258	0.00167	0.00543
9	0.00517	0.00394	0.00478	0.00487	0.00582	0.00355	0.00365	0.00654	0.00962	0.01274	0.36850	0.16475	0.30897	0.00957	0.00475	0.00137	0.00210	0.07193	0.00392	0.00348
10	0.00575	0.00412	0.00594	0.00595	0.00669	0.00447	0.00453	0.00714	0.00745	0.02906	0.16314	0.12916	0.01690	0.02268	0.56273	0.00464	0.00767	0.00564	0.00277	0.00357
11	0.00480	0.00398	0.00421	0.00415	0.00540	0.00338	0.00311	0.00596	0.00934	0.01155	0.18871	0.03615	0.68658	0.00957	0.00463	0.00131	0.00196	0.00805	0.00377	0.00338
12	0.00481	0.00344	0.00458	0.00544	0.00569	0.00321	0.00364	0.00554	0.00765	0.01024	0.05471	0.82590	0.02638	0.01211	0.00499	0.00158	0.00226	0.01098	0.00367	0.00321
13	0.00986	0.28767	0.35871	0.00994	0.01413	0.07004	0.08089	0.07454	0.00916	0.01205	0.00666	0.00785	0.00521	0.00377	0.00373	0.00111	0.03450	0.00283	0.00189	0.00543
14	0.80492	0.03805	0.03701	0.00553	0.00813	0.00913	0.00479	0.03204	0.00707	0.01729	0.00562	0.00651	0.00436	0.00366	0.00251	0.00120	0.00321	0.00219	0.00241	0.00439
15	0.88991	0.00758	0.00576	0.00516	0.00758	0.00879	0.00425	0.01152	0.00667	0.01759	0.00546	0.00637	0.00425	0.00364	0.00243	0.00121	0.00303	0.00212	0.00243	0.00425
16	0.00560	0.00420	0.00630	0.00630	0.00700	0.00490	0.00490	0.00700	0.00630	0.00910	0.01050	0.01540	0.00980	0.02940	0.84669	0.00630	0.01050	0.00420	0.00210	0.00350
17	0.01180	0.01015	0.07907	0.05949	0.23463	0.05457	0.00870	0.27141	0.01209	0.09544	0.00935	0.01036	0.00695	0.00422	0.00373	0.00115	0.00432	0.00347	0.11326	0.00585
18	0.19001	0.10107	0.13041	0.06460	0.04609	0.04359	0.04576	0.15774	0.04807	0.10994	0.00833	0.00902	0.00611	0.00410	0.00362	0.00119	0.01902	0.00310	0.00274	0.00550
19	0.00572	0.00386	0.00470	0.00469	0.00484	0.00399	0.00291	0.00595	0.00589	0.00800	0.02663	0.02331	0.01356	0.66095	0.17323	0.03648	0.00500	0.00536	0.00233	0.00258
20	0.00572	0.00385	0.00464	0.00464	0.00476	0.00397	0.00283	0.00590	0.00578	0.00782	0.01185	0.02348	0.01326	0.69496	0.15642	0.03501	0.00489	0.00537	0.00231	0.00254
21	0.02895	0.09547	0.12456	0.07567	0.19673	0.02025	0.05587	0.13464	0.04711	0.12108	0.00937	0.02536	0.00730	0.00436	0.00393	0.00121	0.01578	0.02388	0.00271	0.00577
22	0.02290	0.04722	0.14306	0.03206	0.16458	0.07276	0.16072	0.08991	0.06973	0.04497	0.02643	0.02961	0.00767	0.00567	0.05238	0.00151	0.01705	0.00384	0.00245	0.00548
23	0.00770	0.00642	0.00873	0.03705	0.00894	0.00784	0.02436	0.09892	0.00755	0.01071	0.00901	0.01477	0.00883	0.21135	0.26150	0.00348	0.26248	0.00423	0.00224	0.00390
24	0.05795	0.00794	0.02670	0.17241	0.10162	0.01968	0.01648	0.05860	0.00883	0.06836	0.00841	0.01065	0.01879	0.00411	0.00418	0.00105	0.06583	0.02744	0.00243	0.31854
25	0.04027	0.08195	0.13341	0.02115	0.02638	0.10045	0.07439	0.15813	0.06534	0.05660	0.00948	0.05689	0.00798	0.03138	0.02620	0.00144	0.06988	0.01530	0.01814	0.00523
26	0.00722	0.00639	0.01021	0.38490	0.07957	0.00733	0.04374	0.03689	0.00818	0.01094	0.04915	0.21588	0.01210	0.02884	0.00550	0.02127	0.05968	0.00560	0.00243	0.00419
27	0.00742	0.00400	0.00443	0.02589	0.04382	0.00404	0.00338	0.00929	0.00824	0.01442	0.01239	0.01428	0.00975	0.00450	0.00282	0.00093	0.00204	0.00364	0.82091	0.00379
28	0.00720	0.07342	0.16496	0.01849	0.03055	0.00705	0.04320	0.03860	0.00775	0.01078	0.02536	0.02794	0.07075	0.15510	0.21924	0.00291	0.03619	0.00435	0.01104	0.04514

[dist]
# distance from previous block
# <min> <max>
0	2

[block]
# block no. 5 follows, 69 sequences, length 24
# corresponding to MSA columns:
# 1634-1657
name=unknown_F
#
# <colnr> <probs for GDERKNQSTAVLIFYWHMCP>
#	G	D	E	R	K	N	Q	S	T	A	V	L	I	F	Y	W	H	M	C	P
0	0.11637	0.00887	0.01523	0.10845	0.03736	0.04041	0.39672	0.01159	0.02343	0.02477	0.00969	0.04654	0.03945	0.00418	0.00402	0.00124	0.00506	0.00430	0.04555	0.05679
1	0.20749	0.01207	0.04048	0.04025	0.05824	0.29986	0.05022	0.02866	0.04849	0.16601	0.00843	0.00897	0.00620	0.00409	0.00349	0.00115	0.00498	0.00302	0.00273	0.00516
2	0.00560	0.00420	0.00630	0.00630	0.00700	0.00490	0.00490	0.00700	0.00630	0.00910	0.01050	0.01540	0.00980	0.02940	0.84669	0.00630	0.01050	0.00420	0.00210	0.00350
3	0.00574	0.00435	0.00533	0.00507	0.00614	0.00413	0.00380	0.00819	0.08060	0.01476	0.61028	0.06725	0.15302	0.00826	0.00459	0.00127	0.00200	0.00722	0.00416	0.00383
4	0.06792	0.01300	0.37391	0.06776	0.02744	0.00808	0.00974	0.05142	0.06604	0.07077	0.03073	0.00984	0.00697	0.00395	0.00356	0.00112	0.00443	0.00313	0.02105	0.15912
5	0.00632	0.00451	0.00632	0.00722	0.00812	0.00451	0.00632	0.00812	0.00902	0.01173	0.02076	0.04422	0.02256	0.01083	0.00541	0.00180	0.00361	0.81138	0.00361	0.00361
6	0.04137	0.41982	0.05093	0.02898	0.08045	0.13684	0.00755	0.06131	0.04631	0.01982	0.04523	0.00864	0.00705	0.00400	0.00340	0.00102	0.02715	0.00282	0.00217	0.00513
7	0.01268	0.49263	0.01627	0.00743	0.01056	0.03020	0.00678	0.19229	0.01083	0.15131	0.00800	0.00823	0.00617	0.00401	0.00336	0.00100	0.02711	0.00277	0.00271	0.00564
8	0.00995	0.00937	0.08137	0.01062	0.13861	0.05831	0.08905	0.05516	0.02192	0.10694	0.03806	0.04068	0.04662	0.00435	0.00373	0.00103	0.00407	0.00381	0.00272	0.27361
9	0.01003	0.03192	0.29119	0.08494	0.10384	0.11567	0.07838	0.05077	0.00928	0.07095	0.01849	0.02451	0.00662	0.00437	0.00459	0.00125	0.07284	0.01276	0.00220	0.00538
10	0.00924	0.00972	0.01091	0.00956	0.00998	0.15904	0.00772	0.01011	0.00691	0.00932	0.00619	0.00993	0.00607	0.06192	0.07826	0.00209	0.58357	0.00347	0.00184	0.00415
11	0.00918	0.03161	0.12648	0.06732	0.07787	0.00721	0.08752	0.02413	0.03911	0.14824	0.06872	0.11901	0.02967	0.02896	0.04411	0.00160	0.03984	0.01946	0.02499	0.00496
12	0.00950	0.04637	0.10155	0.09606	0.07255	0.05869	0.08299	0.05671	0.04005	0.10402	0.04772	0.09667	0.02018	0.06345	0.02003	0.00150	0.01487	0.02263	0.00277	0.04169
13	0.01134	0.09888	0.01161	0.04992	0.08361	0.05965	0.04103	0.12647	0.21384	0.13945	0.01295	0.05951	0.04695	0.00520	0.00407	0.00123	0.02106	0.00428	0.00330	0.00565
14	0.00730	0.00501	0.00686	0.28523	0.01248	0.00567	0.00580	0.03264	0.00830	0.01284	0.03482	0.03473	0.00952	0.00672	0.07353	0.00153	0.00376	0.00393	0.44538	0.00395
15	0.02529	0.06294	0.48844	0.05810	0.06871	0.00930	0.02235	0.07839	0.02744	0.03885	0.00832	0.04852	0.00658	0.00481	0.02084	0.00134	0.01860	0.00347	0.00214	0.00558
16	0.02057	0.03805	0.08243	0.23337	0.09005	0.02243	0.10639	0.08020	0.07513	0.11095	0.04077	0.04368	0.02928	0.00467	0.00401	0.00126	0.00457	0.00417	0.00273	0.00530
17	0.12519	0.17320	0.38056	0.00969	0.01380	0.07139	0.07152	0.03589	0.00855	0.03104	0.00671	0.00790	0.00513	0.00382	0.00378	0.00117	0.04061	0.00281	0.00195	0.00530
18	0.00536	0.00383	0.00517	0.00597	0.00644	0.00370	0.00448	0.00644	0.00802	0.01064	0.05056	0.50767	0.02434	0.05157	0.02449	0.00186	0.00294	0.26963	0.00356	0.00331
19	0.22017	0.17282	0.04147	0.00755	0.00997	0.13657	0.00651	0.07974	0.04167	0.08883	0.00861	0.00930	0.03631	0.00454	0.00430	0.00117	0.10467	0.00299	0.01786	0.00496
20	0.04202	0.03151	0.01453	0.23894	0.30397	0.09624	0.13195	0.01203	0.00886	0.04622	0.00784	0.03423	0.00640	0.00395	0.00391	0.00122	0.00516	0.00371	0.00208	0.00524
21	0.00589	0.00431	0.00470	0.00477	0.00512	0.03461	0.00304	0.00647	0.00733	0.00987	0.15286	0.16925	0.04355	0.47583	0.01295	0.00268	0.00319	0.00674	0.04395	0.00290
22	0.00794	0.00753	0.01281	0.61417	0.22569	0.00875	0.02549	0.01045	0.00812	0.01075	0.00743	0.03031	0.00597	0.00400	0.00395	0.00128	0.00504	0.00369	0.00184	0.00480
23	0.02044	0.05688	0.01535	0.15425	0.21737	0.02343	0.22520	0.05792	0.03880	0.06983	0.00926	0.06438	0.00771	0.01665	0.00430	0.00128	0.00494	0.00427	0.00241	0.00535

[dist]
# distance from previous block
# <min> <max>
1	13

[block]
# block no. 6 follows, 69 sequences, length 7
# corresponding to MSA columns:
# 1672-1678
name=unknown_G
#
# <colnr> <probs for GDERKNQSTAVLIFYWHMCP>
#	G	D	E	R	K	N	Q	S	T	A	V	L	I	F	Y	W	H	M	C	P
0	0.10655	0.02049	0.00862	0.00707	0.00921	0.04484	0.02149	0.22127	0.05223	0.10614	0.10823	0.06783	0.02406	0.07521	0.00535	0.00143	0.01792	0.03759	0.00346	0.06100
1	0.00840	0.00700	0.01089	0.52426	0.10315	0.00807	0.00922	0.07250	0.00909	0.05360	0.07105	0.01358	0.03566	0.05161	0.00487	0.00141	0.00457	0.00406	0.00238	0.00464
2	0.01369	0.00838	0.00959	0.00785	0.01032	0.03616	0.00631	0.25326	0.14722	0.31489	0.01358	0.09723	0.01045	0.00571	0.00447	0.00128	0.04494	0.00456	0.00407	0.00606
3	0.00963	0.14284	0.04201	0.17449	0.22252	0.06548	0.12661	0.02717	0.02417	0.03014	0.00774	0.02760	0.00649	0.00418	0.00438	0.00121	0.05916	0.01691	0.00205	0.00521
4	0.10224	0.01043	0.00994	0.00815	0.01088	0.10564	0.00653	0.35477	0.23005	0.01886	0.01011	0.01008	0.00755	0.00450	0.00364	0.00114	0.00404	0.00339	0.00341	0.09466
5	0.00827	0.00711	0.00695	0.00626	0.00749	0.11583	0.00452	0.11848	0.00868	0.01119	0.01161	0.05649	0.03903	0.32306	0.16681	0.00303	0.00532	0.00471	0.00258	0.09256
6	0.01173	0.00801	0.00955	0.00797	0.01026	0.03198	0.04548	0.17399	0.23576	0.20758	0.01497	0.10014	0.04789	0.00704	0.04351	0.00153	0.02817	0.00492	0.00382	0.00569

[dist]
# distance from previous block
# <min> <max>
1	572

# created by:
# /home/cegg/simao/soft/augustus-3.2.1/scripts/msa2prfl.pl ./align_prep/EOG092C2GWG.fa
