[name]
unknown

[dist]
# distance from previous block
# <min> <max>
0	57

[block]
# block no. 0 follows, 67 sequences, length 32
# corresponding to MSA columns:
# 77-96,105-114,118,119
name=unknown_A
#
# <colnr> <probs for GDERKNQSTAVLIFYWHMCP>
#	G	D	E	R	K	N	Q	S	T	A	V	L	I	F	Y	W	H	M	C	P
0	0.00842	0.10759	0.00980	0.00681	0.00966	0.03883	0.02288	0.01017	0.00867	0.01225	0.01043	0.01725	0.01007	0.00509	0.00362	0.00097	0.00355	0.20176	0.00261	0.50960
1	0.00663	0.00396	0.00571	0.00609	0.04296	0.00401	0.00395	0.00592	0.00594	0.00796	0.01077	0.01617	0.07301	0.10641	0.13027	0.55704	0.00448	0.00424	0.00204	0.00241
2	0.04907	0.00995	0.09261	0.05624	0.55839	0.00902	0.03266	0.03206	0.00913	0.01336	0.03886	0.01124	0.02335	0.00511	0.04079	0.00145	0.00497	0.00375	0.00215	0.00585
3	0.04486	0.00954	0.04193	0.08078	0.20839	0.04913	0.06139	0.14517	0.12230	0.01464	0.01068	0.04049	0.03332	0.06795	0.00573	0.00148	0.04980	0.00423	0.00274	0.00545
4	0.00629	0.00417	0.00508	0.00510	0.00606	0.00384	0.00367	0.00726	0.00848	0.08540	0.09206	0.24578	0.30125	0.11347	0.09138	0.00223	0.00332	0.00800	0.00358	0.00360
5	0.00619	0.00428	0.00493	0.00471	0.00603	0.00371	0.00355	0.00747	0.00987	0.08552	0.25744	0.08710	0.48599	0.00931	0.00470	0.00134	0.00213	0.00792	0.00403	0.00379
6	0.00682	0.00507	0.00720	0.00656	0.00795	0.00472	0.08212	0.01985	0.04078	0.07036	0.19726	0.24430	0.22081	0.00916	0.00480	0.00143	0.00281	0.06015	0.00381	0.00405
7	0.42229	0.00667	0.00641	0.00569	0.00780	0.00713	0.00453	0.05009	0.03827	0.13298	0.04216	0.06932	0.12503	0.02944	0.03509	0.00155	0.00327	0.00442	0.00327	0.00458
8	0.10123	0.00488	0.00515	0.00493	0.00566	0.00502	0.00326	0.06230	0.02173	0.01110	0.04294	0.07864	0.10553	0.50351	0.01356	0.00282	0.00342	0.00594	0.01514	0.00323
9	0.04454	0.02622	0.01021	0.00827	0.01085	0.05895	0.00669	0.42148	0.16368	0.05609	0.01361	0.05143	0.05581	0.00581	0.00409	0.00128	0.00399	0.04722	0.00381	0.00597
10	0.04222	0.00402	0.00489	0.00496	0.00571	0.00377	0.00351	0.00651	0.00837	0.02365	0.21629	0.20811	0.21937	0.06209	0.00766	0.16234	0.00250	0.00742	0.00342	0.00319
11	0.27054	0.00642	0.00694	0.00610	0.00814	0.00657	0.00480	0.03693	0.05973	0.25709	0.04795	0.09328	0.04557	0.09020	0.00542	0.00158	0.00318	0.04104	0.00365	0.00489
12	0.01012	0.02586	0.08974	0.01227	0.04828	0.11750	0.33085	0.04908	0.01040	0.06475	0.15471	0.01403	0.02771	0.00474	0.00452	0.00127	0.02164	0.00460	0.00272	0.00520
13	0.00783	0.00578	0.00671	0.00637	0.00739	0.04238	0.00467	0.01063	0.15658	0.07265	0.01294	0.05279	0.01215	0.25131	0.32756	0.00398	0.00641	0.00496	0.00285	0.00404
14	0.07485	0.00494	0.00601	0.00567	0.00699	0.00470	0.00420	0.02140	0.02294	0.20170	0.14872	0.29769	0.05576	0.07397	0.00562	0.00157	0.00269	0.00718	0.04911	0.00431
15	0.00566	0.00379	0.00454	0.00471	0.00491	0.00368	0.00291	0.00581	0.00670	0.00888	0.05996	0.19348	0.08059	0.49827	0.01484	0.08547	0.00329	0.00701	0.00283	0.00268
16	0.00881	0.04487	0.68320	0.01080	0.01608	0.04606	0.01328	0.06753	0.00942	0.01348	0.04462	0.00940	0.00669	0.00408	0.00382	0.00124	0.00565	0.00316	0.00199	0.00581
17	0.10247	0.00798	0.00873	0.00749	0.00966	0.04363	0.04656	0.16422	0.20570	0.05869	0.08575	0.08114	0.12698	0.00653	0.00417	0.00132	0.00345	0.02664	0.00370	0.00520
18	0.00576	0.00412	0.00583	0.00589	0.00638	0.00459	0.00430	0.00668	0.00632	0.00892	0.01163	0.06760	0.01183	0.20684	0.57437	0.05003	0.00840	0.00501	0.00228	0.00322
19	0.00495	0.00357	0.00467	0.00545	0.00579	0.00331	0.00368	0.00575	0.00801	0.01068	0.08495	0.74043	0.06720	0.02445	0.00529	0.00162	0.00230	0.01086	0.00376	0.00329
20	0.03645	0.00897	0.00957	0.03482	0.08180	0.08790	0.00670	0.23465	0.15865	0.05357	0.02444	0.18082	0.05127	0.00654	0.00420	0.00131	0.00387	0.00548	0.00353	0.00543
21	0.00651	0.00477	0.00624	0.07331	0.00831	0.00498	0.00475	0.02602	0.07377	0.03850	0.09304	0.26679	0.10819	0.08068	0.16153	0.02402	0.00436	0.00715	0.00326	0.00382
22	0.00757	0.00713	0.01203	0.84942	0.02762	0.00891	0.01114	0.01025	0.00802	0.01025	0.00713	0.01069	0.00535	0.00401	0.00401	0.00134	0.00535	0.00356	0.00178	0.00446
23	0.00967	0.01192	0.07737	0.01619	0.02026	0.05460	0.72239	0.01301	0.00950	0.01267	0.00795	0.01047	0.00597	0.00345	0.00461	0.00133	0.00673	0.00450	0.00201	0.00540
24	0.00571	0.00441	0.00632	0.04319	0.00768	0.00496	0.00493	0.00694	0.00705	0.00981	0.03955	0.20656	0.05829	0.05356	0.47739	0.00439	0.04689	0.00620	0.00263	0.00354
25	0.03788	0.00771	0.01225	0.20040	0.17165	0.01526	0.12862	0.01055	0.02605	0.01217	0.01104	0.11088	0.05257	0.00498	0.00402	0.00119	0.00433	0.00465	0.00238	0.18142
26	0.00845	0.00624	0.00924	0.02808	0.16709	0.00626	0.04308	0.05332	0.02166	0.08940	0.23102	0.12153	0.04742	0.01543	0.06734	0.00170	0.02515	0.00588	0.04695	0.00475
27	0.00521	0.00387	0.00556	0.00607	0.00652	0.00387	0.02356	0.00616	0.00741	0.01007	0.01889	0.62343	0.02186	0.01678	0.21722	0.00284	0.00456	0.00944	0.00328	0.00339
28	0.02721	0.03175	0.01323	0.07784	0.10482	0.03674	0.16696	0.21383	0.03165	0.02455	0.01123	0.09326	0.03957	0.06742	0.00577	0.00150	0.03977	0.00483	0.00283	0.00524
29	0.01870	0.00975	0.08903	0.18993	0.34035	0.02471	0.04170	0.09096	0.00984	0.03998	0.00976	0.03690	0.03261	0.00451	0.00404	0.00126	0.00477	0.02113	0.02449	0.00558
30	0.06928	0.03440	0.08047	0.01157	0.19284	0.02735	0.02570	0.04952	0.22577	0.02103	0.01057	0.06007	0.00876	0.00459	0.00374	0.00116	0.00392	0.00389	0.00283	0.16253
31	0.01022	0.06441	0.10311	0.08309	0.30121	0.01959	0.06440	0.04357	0.07154	0.08930	0.01002	0.03041	0.02867	0.00434	0.00409	0.00121	0.01883	0.00385	0.00253	0.04560

[dist]
# distance from previous block
# <min> <max>
7	34

[block]
# block no. 1 follows, 67 sequences, length 36
# corresponding to MSA columns:
# 155-190
name=unknown_B
#
# <colnr> <probs for GDERKNQSTAVLIFYWHMCP>
#	G	D	E	R	K	N	Q	S	T	A	V	L	I	F	Y	W	H	M	C	P
0	0.00688	0.00530	0.02500	0.00551	0.00684	0.00486	0.00426	0.06529	0.05736	0.04569	0.31486	0.07462	0.23278	0.10512	0.00642	0.00162	0.00263	0.02707	0.00387	0.00402
1	0.03328	0.25081	0.12140	0.00829	0.01168	0.02105	0.00779	0.24689	0.16426	0.01637	0.02816	0.00987	0.00772	0.00436	0.00351	0.00111	0.00421	0.00326	0.00294	0.05305
2	0.02973	0.10899	0.15417	0.04223	0.10744	0.03660	0.25658	0.01172	0.00890	0.03276	0.01055	0.07754	0.05472	0.00466	0.00406	0.00123	0.00511	0.00445	0.00225	0.04630
3	0.04046	0.10276	0.52778	0.01233	0.11626	0.01011	0.03845	0.03984	0.00886	0.03514	0.00731	0.00863	0.00544	0.00387	0.00394	0.00123	0.02676	0.00305	0.00194	0.00584
4	0.00916	0.12065	0.07985	0.01040	0.11998	0.00907	0.07412	0.01425	0.25821	0.04429	0.20138	0.01573	0.01529	0.00525	0.00405	0.00124	0.00376	0.00459	0.00324	0.00550
5	0.00585	0.00405	0.00495	0.00499	0.00518	0.00420	0.00319	0.00625	0.00633	0.00859	0.03954	0.05844	0.01533	0.62153	0.14362	0.00398	0.01845	0.04023	0.00255	0.00277
6	0.00938	0.25888	0.19573	0.05159	0.15865	0.02213	0.09888	0.01219	0.04112	0.01158	0.02220	0.02086	0.00667	0.00430	0.00440	0.02342	0.04730	0.00335	0.00197	0.00539
7	0.04375	0.00991	0.04854	0.02183	0.67357	0.00956	0.05036	0.01295	0.06559	0.01352	0.00809	0.01013	0.00662	0.00371	0.00395	0.00122	0.00473	0.00362	0.00214	0.00621
8	0.01349	0.00926	0.01042	0.00854	0.01123	0.01000	0.00708	0.49904	0.09643	0.12098	0.01311	0.01699	0.01063	0.00601	0.00429	0.00134	0.00404	0.14681	0.00408	0.00622
9	0.00935	0.01122	0.08829	0.09463	0.13439	0.04293	0.49560	0.01261	0.02395	0.01251	0.00830	0.03211	0.00657	0.00381	0.00443	0.00132	0.00612	0.00440	0.00205	0.00543
10	0.01407	0.07170	0.08979	0.01993	0.11663	0.02986	0.01955	0.10092	0.02207	0.40156	0.02346	0.02658	0.00868	0.00475	0.00422	0.00123	0.03127	0.00383	0.00364	0.00626
11	0.00573	0.00430	0.00645	0.00645	0.00716	0.00501	0.00501	0.00716	0.00645	0.00931	0.01074	0.01576	0.01003	0.03008	0.84316	0.00645	0.01074	0.00430	0.00215	0.00358
12	0.38441	0.01174	0.03459	0.00780	0.01051	0.20720	0.00642	0.23039	0.01137	0.05098	0.00728	0.00787	0.00545	0.00417	0.00326	0.00118	0.00453	0.00276	0.00287	0.00523
13	0.00802	0.00734	0.01169	0.48187	0.18108	0.00851	0.01001	0.01137	0.09524	0.01152	0.00965	0.05351	0.00824	0.00607	0.04591	0.00160	0.00506	0.03615	0.00225	0.00490
14	0.01409	0.39112	0.06803	0.00729	0.01072	0.01059	0.00690	0.01572	0.00979	0.41249	0.01067	0.01008	0.00747	0.00420	0.00336	0.00107	0.00397	0.00312	0.00330	0.00601
15	0.01014	0.00993	0.01607	0.02402	0.79968	0.04438	0.01212	0.01246	0.00923	0.01296	0.00749	0.00981	0.00630	0.00360	0.00396	0.00118	0.00487	0.00353	0.00199	0.00628
16	0.01287	0.00640	0.00818	0.00691	0.00912	0.00604	0.01302	0.10287	0.05073	0.42047	0.01809	0.18466	0.06792	0.03532	0.00490	0.00144	0.00326	0.03789	0.00433	0.00558
17	0.00870	0.02050	0.02007	0.16979	0.35021	0.05075	0.07610	0.01103	0.03489	0.01169	0.01173	0.04511	0.08868	0.03394	0.02603	0.02411	0.00484	0.00448	0.00226	0.00509
18	0.00618	0.00427	0.00514	0.00508	0.00537	0.00444	0.00328	0.03766	0.00660	0.00893	0.01262	0.03979	0.01391	0.62452	0.17596	0.00416	0.00518	0.03153	0.00250	0.00288
19	0.16407	0.05074	0.08546	0.03463	0.01257	0.03761	0.03612	0.43086	0.01389	0.08352	0.00877	0.00915	0.00628	0.00439	0.00368	0.00121	0.00444	0.00328	0.00331	0.00605
20	0.00568	0.00411	0.00484	0.00507	0.00571	0.00391	0.00354	0.00671	0.02885	0.01978	0.06736	0.19682	0.22382	0.29322	0.02189	0.00237	0.00305	0.09673	0.00333	0.00322
21	0.00632	0.00425	0.00513	0.00496	0.00574	0.00402	0.00344	0.01621	0.01887	0.05609	0.28075	0.11054	0.14904	0.28467	0.03064	0.00229	0.00295	0.00707	0.00356	0.00346
22	0.02343	0.02111	0.09895	0.03684	0.09768	0.04603	0.04801	0.33005	0.09437	0.06903	0.05265	0.01126	0.00868	0.00476	0.00438	0.00125	0.03835	0.00382	0.00326	0.00609
23	0.26922	0.14008	0.03625	0.04276	0.03152	0.05412	0.00644	0.15357	0.05139	0.03475	0.00905	0.08746	0.00788	0.00495	0.00361	0.00121	0.02515	0.00367	0.03186	0.00506
24	0.00765	0.00524	0.00619	0.00601	0.00728	0.00521	0.00443	0.04044	0.16043	0.09768	0.10777	0.33682	0.15611	0.03317	0.00510	0.00150	0.00262	0.00800	0.00396	0.00438
25	0.00628	0.00408	0.00533	0.00529	0.00584	0.00419	0.00371	0.00690	0.00690	0.04002	0.05118	0.07539	0.07705	0.27934	0.28038	0.09720	0.00562	0.00557	0.03661	0.00313
26	0.25101	0.01015	0.03183	0.00916	0.08403	0.09661	0.00678	0.26799	0.06301	0.03575	0.01735	0.06512	0.00812	0.03117	0.00413	0.00132	0.00415	0.00377	0.00311	0.00542
27	0.00775	0.00784	0.01421	0.01118	0.01339	0.03932	0.39695	0.01007	0.03567	0.01157	0.02795	0.29543	0.01445	0.08730	0.00628	0.00167	0.00482	0.00702	0.00274	0.00438
28	0.03387	0.00448	0.00526	0.00516	0.00633	0.00414	0.00383	0.00832	0.03078	0.09955	0.15959	0.19318	0.28411	0.07188	0.00578	0.00157	0.00248	0.04292	0.03291	0.00385
29	0.00837	0.01008	0.11452	0.06342	0.11938	0.04139	0.30611	0.01121	0.03119	0.01235	0.06218	0.10963	0.06422	0.00556	0.00467	0.01788	0.00507	0.00534	0.00247	0.00498
30	0.04468	0.18222	0.04003	0.01013	0.10208	0.27040	0.00752	0.07149	0.10550	0.01254	0.00860	0.03276	0.00736	0.03852	0.00431	0.00122	0.01708	0.00333	0.03508	0.00516
31	0.00667	0.00497	0.00585	0.00585	0.00692	0.00495	0.00432	0.07626	0.09159	0.02344	0.09816	0.32654	0.19519	0.04495	0.01562	0.02238	0.00277	0.05587	0.00374	0.00395
32	0.03477	0.00539	0.00664	0.00584	0.00761	0.00501	0.00451	0.04326	0.02068	0.31362	0.06968	0.15810	0.13561	0.04947	0.03219	0.00159	0.00307	0.00611	0.09201	0.00484
33	0.00644	0.00481	0.02008	0.00564	0.00650	0.00454	0.00419	0.01954	0.06628	0.03533	0.04800	0.17163	0.14582	0.28723	0.00997	0.00231	0.00321	0.15161	0.00335	0.00353
34	0.00501	0.00397	0.00446	0.00458	0.00559	0.00350	0.00333	0.00607	0.00901	0.01138	0.15839	0.17866	0.50095	0.05437	0.02146	0.00162	0.00234	0.01821	0.00373	0.00338
35	0.04596	0.00903	0.01453	0.01512	0.26351	0.03280	0.18070	0.03731	0.02929	0.01269	0.03847	0.01123	0.00775	0.00738	0.09684	0.00191	0.17250	0.00396	0.01381	0.00522

[dist]
# distance from previous block
# <min> <max>
1	18

[block]
# block no. 2 follows, 67 sequences, length 10
# corresponding to MSA columns:
# 225-234
name=unknown_C
#
# <colnr> <probs for GDERKNQSTAVLIFYWHMCP>
#	G	D	E	R	K	N	Q	S	T	A	V	L	I	F	Y	W	H	M	C	P
0	0.09271	0.00463	0.00540	0.00533	0.00637	0.00456	0.00394	0.00816	0.03798	0.05158	0.22177	0.17171	0.14671	0.10661	0.04401	0.03002	0.00299	0.04826	0.00356	0.00369
1	0.00623	0.00478	0.00566	0.00599	0.00669	0.04824	0.00436	0.00723	0.00783	0.04060	0.01948	0.39971	0.10086	0.05839	0.21962	0.00291	0.00489	0.04977	0.00321	0.00354
2	0.01002	0.00859	0.05494	0.00825	0.03409	0.03401	0.08508	0.04798	0.00940	0.12038	0.00943	0.06497	0.00780	0.00408	0.00356	0.00091	0.00377	0.00354	0.00278	0.48641
3	0.03255	0.00764	0.04478	0.12694	0.26825	0.05185	0.00809	0.00940	0.00787	0.01072	0.01069	0.09816	0.05056	0.02455	0.05960	0.17255	0.00471	0.00457	0.00220	0.00432
4	0.02363	0.00502	0.00595	0.00581	0.00695	0.00495	0.00430	0.10606	0.02937	0.06328	0.12583	0.37298	0.11920	0.02740	0.00493	0.00147	0.00262	0.02509	0.06105	0.00410
5	0.00656	0.00373	0.00553	0.00553	0.00573	0.00393	0.00386	0.00580	0.00560	0.00767	0.00830	0.01386	0.00819	0.05853	0.24909	0.59454	0.00555	0.00382	0.00189	0.00229
6	0.04782	0.19196	0.01334	0.03790	0.04217	0.17380	0.02329	0.10761	0.09578	0.11330	0.00867	0.00937	0.00672	0.00459	0.00469	0.00119	0.10640	0.00320	0.00275	0.00547
7	0.00823	0.00563	0.00687	0.03329	0.05228	0.04894	0.00504	0.00953	0.02620	0.13232	0.12605	0.18640	0.11476	0.07558	0.04675	0.05846	0.00357	0.05255	0.00346	0.00409
8	0.12639	0.00781	0.00852	0.00729	0.00946	0.04493	0.00581	0.09942	0.16399	0.24281	0.04420	0.07905	0.03944	0.00716	0.04874	0.00159	0.04954	0.00461	0.00376	0.00550
9	0.39557	0.00773	0.00850	0.03605	0.09311	0.03569	0.04970	0.04520	0.03643	0.04084	0.07321	0.01274	0.00945	0.13354	0.00590	0.00164	0.00377	0.00367	0.00271	0.00454

[dist]
# distance from previous block
# <min> <max>
1	27

[block]
# block no. 3 follows, 67 sequences, length 74
# corresponding to MSA columns:
# 265-338
name=unknown_D
#
# <colnr> <probs for GDERKNQSTAVLIFYWHMCP>
#	G	D	E	R	K	N	Q	S	T	A	V	L	I	F	Y	W	H	M	C	P
0	0.35551	0.00914	0.00885	0.00791	0.03987	0.06637	0.00612	0.23745	0.03469	0.03378	0.00793	0.00919	0.00623	0.00740	0.09725	0.01984	0.04140	0.00308	0.00287	0.00510
1	0.00999	0.06775	0.40783	0.01012	0.01443	0.03468	0.04861	0.13195	0.14252	0.03443	0.01005	0.01095	0.02386	0.00444	0.00388	0.00125	0.00502	0.01607	0.00261	0.01956
2	0.00579	0.00489	0.00504	0.00485	0.00624	0.02880	0.00369	0.03642	0.00946	0.01166	0.09327	0.04458	0.59208	0.01033	0.03729	0.02803	0.00274	0.03708	0.00357	0.03419
3	0.04806	0.00756	0.00842	0.00728	0.00934	0.02842	0.00574	0.22130	0.13840	0.12346	0.08961	0.12827	0.02441	0.02300	0.06054	0.00170	0.00391	0.03617	0.00382	0.03061
4	0.03549	0.00949	0.01645	0.06512	0.01596	0.04204	0.37988	0.04087	0.00859	0.01201	0.00829	0.06655	0.00733	0.00639	0.04865	0.00171	0.22363	0.00457	0.00215	0.00484
5	0.01380	0.03715	0.04344	0.00989	0.01316	0.04271	0.08326	0.58668	0.09289	0.02181	0.00978	0.01001	0.00709	0.00464	0.00402	0.00122	0.00467	0.00370	0.00361	0.00648
6	0.00599	0.00419	0.00490	0.00510	0.00604	0.01425	0.00366	0.00705	0.00897	0.06495	0.13180	0.37957	0.30230	0.01034	0.00478	0.00143	0.00229	0.00905	0.02970	0.00363
7	0.02704	0.00418	0.00522	0.00516	0.00604	0.00393	0.00372	0.00761	0.00901	0.07159	0.28640	0.22060	0.12791	0.08547	0.04032	0.04605	0.00276	0.00747	0.03591	0.00361
8	0.00631	0.00399	0.00469	0.00461	0.00475	0.00399	0.00273	0.00634	0.00602	0.03666	0.01235	0.02455	0.01379	0.74449	0.05788	0.05204	0.00417	0.00557	0.00247	0.00260
9	0.00690	0.00458	0.00568	0.00566	0.00659	0.00441	0.00418	0.03756	0.03468	0.07170	0.20243	0.22220	0.10200	0.15946	0.00760	0.00190	0.00284	0.11208	0.00376	0.00378
10	0.06422	0.00512	0.00548	0.00555	0.00638	0.03384	0.00393	0.02843	0.06094	0.01169	0.09441	0.25787	0.10413	0.20352	0.02570	0.01702	0.00318	0.04079	0.02425	0.00355
11	0.06821	0.00561	0.00655	0.00595	0.00756	0.00555	0.00457	0.05005	0.10813	0.15275	0.24664	0.12952	0.12908	0.03900	0.00499	0.00143	0.00269	0.02306	0.00405	0.00461
12	0.00626	0.00486	0.00531	0.00554	0.00600	0.04531	0.00373	0.00745	0.05440	0.00970	0.01654	0.27393	0.04277	0.36432	0.07547	0.00288	0.00396	0.04811	0.02024	0.00322
13	0.07105	0.00747	0.00744	0.00670	0.00841	0.07822	0.00511	0.11162	0.15587	0.07902	0.06765	0.09613	0.12340	0.09788	0.05617	0.00189	0.00391	0.01384	0.00350	0.00471
14	0.00775	0.00727	0.00764	0.00723	0.00814	0.14841	0.04972	0.02520	0.00860	0.01863	0.07461	0.32309	0.05363	0.11712	0.02176	0.02936	0.06078	0.02432	0.00303	0.00370
15	0.00626	0.00445	0.00551	0.00543	0.00640	0.00417	0.01794	0.02365	0.00878	0.06320	0.09109	0.29582	0.30511	0.09685	0.00667	0.00170	0.02772	0.02196	0.00364	0.00364
16	0.01277	0.05931	0.08808	0.02597	0.01395	0.08954	0.12324	0.39999	0.08497	0.03022	0.01894	0.01006	0.00715	0.00448	0.00408	0.00122	0.01310	0.00366	0.00317	0.00610
17	0.02409	0.00920	0.02748	0.12172	0.01451	0.05133	0.15087	0.12126	0.25373	0.05382	0.01197	0.05741	0.00967	0.00584	0.01751	0.02812	0.00462	0.02823	0.00314	0.00547
18	0.01471	0.00401	0.00476	0.00493	0.00585	0.00359	0.00355	0.00659	0.00892	0.04087	0.17081	0.29963	0.34058	0.02935	0.00550	0.02819	0.00227	0.01861	0.00379	0.00348
19	0.00655	0.00492	0.00622	0.00592	0.00720	0.00453	0.02875	0.01817	0.05798	0.04074	0.06819	0.32209	0.15869	0.09032	0.00612	0.00161	0.00281	0.05159	0.00349	0.11410
20	0.19294	0.19321	0.04151	0.01726	0.01145	0.10088	0.03088	0.27572	0.07204	0.01715	0.00790	0.00845	0.00608	0.00418	0.00337	0.00114	0.00446	0.00297	0.00284	0.00559
21	0.00541	0.00378	0.00480	0.00543	0.00601	0.00345	0.00380	0.00626	0.00815	0.03956	0.02526	0.61953	0.17867	0.02055	0.00519	0.00160	0.00240	0.05297	0.00375	0.00342
22	0.02644	0.00704	0.00815	0.00588	0.00931	0.00538	0.00467	0.01000	0.00821	0.01301	0.00726	0.00882	0.00617	0.02891	0.00349	0.00071	0.00300	0.00248	0.00238	0.83869
23	0.05083	0.00487	0.00554	0.00550	0.00628	0.00500	0.00377	0.03434	0.11037	0.02941	0.06403	0.25701	0.06369	0.29787	0.01033	0.03412	0.00309	0.00709	0.00327	0.00359
24	0.04022	0.04610	0.01250	0.05697	0.02337	0.03634	0.04085	0.58856	0.06899	0.03199	0.00952	0.00984	0.00690	0.00463	0.00393	0.00121	0.00451	0.00358	0.00360	0.00638
25	0.00553	0.00402	0.00543	0.00559	0.00630	0.00408	0.00411	0.00673	0.00806	0.02012	0.17426	0.23979	0.12249	0.04098	0.31641	0.01673	0.00540	0.00725	0.00322	0.00349
26	0.00562	0.00423	0.00610	0.00614	0.00686	0.00477	0.00471	0.00694	0.00669	0.00941	0.01371	0.04893	0.07916	0.05845	0.71224	0.00575	0.00946	0.00496	0.00235	0.00351
27	0.02977	0.01009	0.01378	0.04714	0.08613	0.05512	0.15872	0.30952	0.01216	0.02574	0.00846	0.01047	0.00669	0.02007	0.08095	0.00181	0.11118	0.00382	0.00277	0.00559
28	0.01044	0.00990	0.00999	0.00887	0.01072	0.10612	0.00699	0.03507	0.56329	0.01482	0.01296	0.01281	0.01002	0.00557	0.00572	0.00139	0.16200	0.00410	0.00341	0.00580
29	0.00583	0.00389	0.00437	0.00437	0.00437	0.00389	0.00243	0.00583	0.00583	0.00778	0.01264	0.02624	0.01458	0.85906	0.02041	0.00389	0.00389	0.00583	0.00243	0.00243
30	0.00580	0.00429	0.00573	0.03773	0.00687	0.00423	0.00414	0.00752	0.01029	0.01450	0.64704	0.02750	0.04189	0.07263	0.07688	0.00191	0.01671	0.00671	0.00392	0.00370
31	0.00487	0.00366	0.00451	0.00516	0.00571	0.00330	0.00354	0.00568	0.00816	0.01054	0.04695	0.61744	0.24230	0.01181	0.00501	0.00155	0.00224	0.01051	0.00374	0.00330
32	0.00804	0.02074	0.83828	0.01143	0.01736	0.00931	0.01482	0.01270	0.00847	0.01270	0.00720	0.00847	0.00508	0.00381	0.00381	0.00127	0.00593	0.00296	0.00169	0.00593
33	0.00928	0.01760	0.62759	0.01149	0.04465	0.00914	0.04607	0.03704	0.00908	0.08877	0.02424	0.00956	0.00631	0.00413	0.00426	0.00128	0.03816	0.00328	0.00214	0.00593
34	0.00942	0.00902	0.02398	0.16418	0.62025	0.00914	0.03340	0.01184	0.00898	0.02588	0.00889	0.01123	0.03805	0.00392	0.00403	0.00123	0.00480	0.00379	0.00206	0.00589
35	0.00682	0.00563	0.00746	0.00686	0.00700	0.00697	0.00508	0.00739	0.00605	0.00870	0.00976	0.01832	0.01055	0.41315	0.17142	0.00364	0.29499	0.00475	0.00215	0.00331
36	0.84111	0.00806	0.00621	0.00550	0.00800	0.02206	0.00452	0.04222	0.00735	0.01814	0.00575	0.00664	0.00445	0.00377	0.00256	0.00124	0.00322	0.00223	0.00253	0.00444
37	0.00583	0.00389	0.00437	0.00437	0.00437	0.00389	0.00243	0.00583	0.00583	0.00778	0.01264	0.02624	0.01458	0.85906	0.02041	0.00389	0.00389	0.00583	0.00243	0.00243
38	0.01498	0.01911	0.01137	0.01033	0.01240	0.84295	0.00775	0.01601	0.01137	0.00982	0.00620	0.00723	0.00517	0.00413	0.00362	0.00103	0.00723	0.00258	0.00207	0.00465
39	0.01004	0.00978	0.01627	0.02415	0.80173	0.03001	0.02424	0.01241	0.00919	0.01302	0.00752	0.00987	0.00632	0.00358	0.00397	0.00119	0.00485	0.00357	0.00199	0.00630
40	0.00901	0.00824	0.01334	0.01079	0.01326	0.00842	0.28678	0.09311	0.20910	0.01454	0.01468	0.12106	0.02236	0.00660	0.00469	0.00146	0.00451	0.14960	0.00325	0.00518
41	0.01025	0.02874	0.00950	0.00818	0.01053	0.01024	0.00642	0.06073	0.76753	0.01703	0.01574	0.01450	0.01181	0.00536	0.00404	0.00134	0.00326	0.00443	0.00402	0.00634
42	0.00700	0.00528	0.00666	0.02342	0.04033	0.00453	0.00450	0.00840	0.00887	0.05175	0.16800	0.21117	0.11439	0.05366	0.00506	0.00129	0.00270	0.00640	0.00332	0.27328
43	0.12607	0.00883	0.01294	0.08761	0.39381	0.00917	0.03735	0.11044	0.03115	0.07218	0.00887	0.04250	0.00722	0.00425	0.00383	0.00122	0.00434	0.00376	0.00262	0.03185
44	0.00564	0.00430	0.00528	0.00583	0.00647	0.00427	0.00406	0.00796	0.12782	0.01141	0.04628	0.64743	0.08557	0.01121	0.00493	0.00156	0.00242	0.01005	0.00380	0.00373
45	0.00622	0.00377	0.00476	0.00476	0.00479	0.00380	0.00291	0.00568	0.00565	0.00757	0.01061	0.02096	0.01176	0.53223	0.05515	0.30596	0.00405	0.00496	0.00218	0.00224
46	0.00548	0.00404	0.00493	0.00496	0.00572	0.00377	0.00350	0.00691	0.02849	0.01273	0.38515	0.20423	0.16449	0.13898	0.00719	0.00176	0.00234	0.00805	0.00384	0.00346
47	0.00955	0.00758	0.00879	0.00836	0.04020	0.00834	0.01615	0.08447	0.45308	0.04710	0.05705	0.04971	0.03896	0.02785	0.00479	0.00148	0.00336	0.12371	0.00390	0.00558
48	0.01072	0.86147	0.02102	0.00686	0.01029	0.01587	0.00686	0.01201	0.00815	0.00944	0.00558	0.00643	0.00515	0.00343	0.00257	0.00086	0.00429	0.00214	0.00172	0.00515
49	0.00644	0.00499	0.00675	0.00705	0.02464	0.00496	0.04191	0.02426	0.07347	0.01153	0.02063	0.25775	0.09761	0.12786	0.00720	0.00194	0.00332	0.27048	0.00346	0.00377
50	0.00502	0.00375	0.00457	0.00502	0.00563	0.00341	0.00346	0.00591	0.00843	0.01100	0.13484	0.47063	0.23997	0.07163	0.00606	0.00167	0.00230	0.00967	0.00372	0.00330
51	0.00993	0.00953	0.01628	0.02462	0.83404	0.00953	0.01231	0.01231	0.00913	0.01310	0.00754	0.00993	0.00635	0.00357	0.00397	0.00119	0.00476	0.00357	0.00199	0.00635
52	0.26895	0.01080	0.10885	0.00827	0.01134	0.03083	0.03127	0.29615	0.11147	0.01917	0.03409	0.01089	0.00791	0.00468	0.00363	0.00126	0.00410	0.02749	0.00319	0.00565
53	0.00905	0.00873	0.01295	0.01038	0.01258	0.07957	0.27439	0.05348	0.15323	0.01260	0.02346	0.10202	0.02781	0.04686	0.05865	0.08213	0.01953	0.00516	0.00274	0.00469
54	0.02116	0.00512	0.00649	0.00611	0.00753	0.00483	0.00470	0.04690	0.02542	0.21701	0.13981	0.23545	0.08480	0.05971	0.00560	0.00158	0.00289	0.10570	0.01473	0.00447
55	0.00490	0.00367	0.00455	0.00517	0.00573	0.00332	0.00356	0.00575	0.00827	0.01074	0.07539	0.60192	0.22908	0.01170	0.00500	0.00154	0.00223	0.01042	0.00376	0.00332
56	0.20285	0.00747	0.00786	0.00680	0.00903	0.00803	0.00540	0.14076	0.20003	0.14771	0.03162	0.05728	0.07391	0.05147	0.00475	0.00145	0.00329	0.03123	0.00372	0.00533
57	0.04843	0.00617	0.00676	0.00603	0.00742	0.03803	0.00448	0.06495	0.08435	0.13315	0.14535	0.04568	0.09716	0.23271	0.03046	0.00211	0.02489	0.00554	0.01200	0.00432
58	0.03139	0.00507	0.00632	0.00578	0.00728	0.00477	0.00445	0.01088	0.06653	0.19861	0.32231	0.10822	0.12046	0.03925	0.00513	0.00144	0.00259	0.05082	0.00420	0.00450
59	0.00496	0.00377	0.00446	0.00493	0.00559	0.00339	0.00340	0.00578	0.00822	0.01049	0.05822	0.44495	0.32253	0.08203	0.00624	0.00171	0.00235	0.02008	0.00364	0.00326
60	0.45081	0.00671	0.00678	0.00608	0.00808	0.00727	0.03287	0.01161	0.06843	0.08280	0.07280	0.06701	0.04185	0.06420	0.00465	0.00150	0.00317	0.05583	0.00313	0.00441
61	0.21994	0.00695	0.00740	0.00617	0.00855	0.00693	0.00486	0.08857	0.07386	0.12118	0.05080	0.06491	0.05265	0.05967	0.02547	0.00144	0.00332	0.00419	0.00327	0.18986
62	0.00789	0.00667	0.00779	0.00577	0.00892	0.00510	0.00454	0.00954	0.00832	0.01277	0.03336	0.04028	0.03830	0.03671	0.00383	0.00080	0.00292	0.00319	0.00253	0.76075
63	0.00566	0.00413	0.00477	0.00476	0.00567	0.00378	0.00337	0.00681	0.02288	0.03618	0.17225	0.14980	0.35243	0.17097	0.03691	0.00203	0.00276	0.00782	0.00359	0.00342
64	0.06048	0.00425	0.00522	0.00565	0.00638	0.00413	0.00403	0.03119	0.00845	0.03667	0.07524	0.56888	0.09350	0.01165	0.03585	0.00172	0.00277	0.03665	0.00368	0.00361
65	0.09472	0.00758	0.00957	0.00777	0.01019	0.00790	0.03595	0.20534	0.01139	0.31067	0.01180	0.01315	0.00878	0.02469	0.16718	0.00233	0.03787	0.02381	0.00365	0.00566
66	0.25407	0.00600	0.00659	0.00575	0.00780	0.00591	0.00455	0.02433	0.00959	0.26920	0.15435	0.10568	0.11747	0.00661	0.00392	0.00130	0.00280	0.00538	0.00388	0.00482
67	0.00701	0.00445	0.00516	0.00491	0.00547	0.00438	0.00315	0.03186	0.02777	0.07188	0.07791	0.06616	0.06660	0.58900	0.01537	0.00308	0.00351	0.00614	0.00300	0.00319
68	0.00539	0.00445	0.03404	0.00596	0.00655	0.00395	0.00432	0.01645	0.04321	0.01092	0.04459	0.72503	0.02465	0.01238	0.03601	0.00177	0.00281	0.01033	0.00363	0.00355
69	0.01067	0.00865	0.01257	0.01631	0.43548	0.06516	0.02155	0.04246	0.01659	0.11707	0.00905	0.01143	0.00740	0.02449	0.09408	0.09015	0.00525	0.00370	0.00247	0.00547
70	0.00480	0.00400	0.00418	0.00427	0.00548	0.00339	0.00315	0.00582	0.00908	0.01100	0.07348	0.12401	0.71294	0.01032	0.00478	0.00138	0.00206	0.00872	0.00375	0.00339
71	0.00521	0.00401	0.00444	0.00449	0.00537	0.00360	0.00316	0.00610	0.00853	0.01080	0.13958	0.08714	0.43978	0.22045	0.00868	0.00201	0.00255	0.03738	0.00350	0.00321
72	0.01038	0.12350	0.11639	0.07859	0.15528	0.10068	0.18740	0.07363	0.03399	0.02718	0.00910	0.01096	0.03505	0.00415	0.00396	0.00121	0.00539	0.01541	0.00227	0.00550
73	0.00944	0.00734	0.01119	0.05871	0.34586	0.00758	0.00830	0.08292	0.02796	0.05942	0.03767	0.03069	0.03333	0.00803	0.05210	0.17048	0.01761	0.02389	0.00254	0.00495

[dist]
# distance from previous block
# <min> <max>
0	2

[block]
# block no. 4 follows, 67 sequences, length 26
# corresponding to MSA columns:
# 341-345,350-370
name=unknown_E
#
# <colnr> <probs for GDERKNQSTAVLIFYWHMCP>
#	G	D	E	R	K	N	Q	S	T	A	V	L	I	F	Y	W	H	M	C	P
0	0.57776	0.00892	0.06740	0.00679	0.02262	0.03058	0.03344	0.04790	0.00783	0.01635	0.00694	0.03102	0.00583	0.03820	0.01548	0.00138	0.00374	0.00286	0.00248	0.07249
1	0.01157	0.25361	0.04208	0.00992	0.07941	0.15519	0.03090	0.09996	0.19543	0.03525	0.00960	0.03494	0.00782	0.00453	0.00369	0.00114	0.01315	0.00348	0.00273	0.00562
2	0.11713	0.03939	0.01226	0.08354	0.01374	0.30184	0.10154	0.12792	0.08165	0.04219	0.01919	0.00940	0.00664	0.00432	0.00393	0.00119	0.02295	0.00330	0.00265	0.00521
3	0.00583	0.00389	0.00437	0.00437	0.00437	0.00389	0.00243	0.00583	0.00583	0.00778	0.01264	0.02624	0.01458	0.85906	0.02041	0.00389	0.00389	0.00583	0.00243	0.00243
4	0.00561	0.00394	0.00496	0.00499	0.00550	0.00383	0.00341	0.00643	0.00805	0.01098	0.26007	0.13829	0.09306	0.27983	0.10422	0.04987	0.00367	0.00694	0.00324	0.00312
5	0.00732	0.00503	0.00635	0.00585	0.00706	0.00484	0.00433	0.05728	0.00791	0.04346	0.01366	0.11426	0.05565	0.16775	0.16212	0.12080	0.00466	0.05769	0.00277	0.15122
6	0.00586	0.00418	0.00618	0.00618	0.00682	0.00474	0.00472	0.00684	0.00638	0.00905	0.01140	0.01617	0.04217	0.02706	0.69570	0.12732	0.00939	0.00435	0.00215	0.00332
7	0.00588	0.00407	0.00505	0.00531	0.00611	0.00376	0.00376	0.00723	0.03569	0.05446	0.17483	0.44671	0.18518	0.03595	0.00534	0.00155	0.00232	0.00928	0.00389	0.00364
8	0.00715	0.00425	0.00554	0.00555	0.00609	0.00434	0.00404	0.04362	0.03172	0.01034	0.02526	0.05825	0.02875	0.06781	0.04132	0.41969	0.00351	0.10803	0.12187	0.00288
9	0.12605	0.00477	0.00553	0.00548	0.00668	0.00463	0.00410	0.02202	0.00922	0.08931	0.20946	0.31033	0.13722	0.00913	0.00452	0.00142	0.00248	0.03986	0.00383	0.00395
10	0.00636	0.00401	0.00465	0.00461	0.00482	0.00393	0.00273	0.00652	0.00636	0.05106	0.01426	0.09360	0.03538	0.72489	0.01793	0.00350	0.00369	0.00626	0.00270	0.00275
11	0.10936	0.00508	0.00596	0.00590	0.00717	0.00514	0.00467	0.02428	0.05362	0.04573	0.22225	0.09070	0.12470	0.04324	0.04872	0.00181	0.00321	0.19078	0.00368	0.00399
12	0.00845	0.00473	0.00585	0.00550	0.00676	0.00433	0.00407	0.03126	0.00936	0.19608	0.11862	0.21791	0.17104	0.12831	0.00680	0.00173	0.00277	0.03362	0.03866	0.00415
13	0.18080	0.00586	0.00633	0.00560	0.00726	0.00600	0.00432	0.08051	0.04203	0.10767	0.27401	0.03450	0.08205	0.08952	0.00555	0.00150	0.00278	0.00530	0.05399	0.00442
14	0.00567	0.00401	0.00491	0.00500	0.00547	0.00388	0.00334	0.00679	0.03030	0.01135	0.27532	0.20838	0.04520	0.34417	0.01099	0.00239	0.00285	0.02333	0.00344	0.00319
15	0.05486	0.01025	0.02121	0.01537	0.01911	0.00984	0.69824	0.01297	0.05162	0.01316	0.00853	0.01103	0.00649	0.00471	0.04240	0.00158	0.00656	0.00457	0.00216	0.00532
16	0.00528	0.00394	0.00474	0.00504	0.00585	0.00357	0.00359	0.00648	0.02055	0.02227	0.18359	0.37511	0.28907	0.03228	0.00529	0.00152	0.00224	0.02226	0.00384	0.00348
17	0.04044	0.00489	0.00560	0.00546	0.00641	0.00487	0.00387	0.07319	0.05268	0.02887	0.15462	0.25647	0.13672	0.19811	0.00813	0.00196	0.00282	0.00757	0.00357	0.00374
18	0.02329	0.00488	0.00649	0.00650	0.00780	0.00458	0.00516	0.01038	0.02477	0.21328	0.07189	0.29402	0.04126	0.00963	0.00489	0.00156	0.00301	0.25821	0.00405	0.00438
19	0.00609	0.00511	0.00693	0.00643	0.00789	0.00481	0.07576	0.00843	0.07257	0.01265	0.17600	0.06502	0.35281	0.00912	0.00487	0.00145	0.00286	0.17356	0.00372	0.00392
20	0.00854	0.00671	0.00752	0.00684	0.00869	0.00718	0.00530	0.02324	0.42248	0.05214	0.15559	0.05150	0.09723	0.02510	0.02971	0.00153	0.00309	0.03729	0.00394	0.04637
21	0.00653	0.00426	0.00505	0.00497	0.00619	0.00372	0.00368	0.00766	0.00938	0.11204	0.15098	0.24342	0.40756	0.00985	0.00475	0.00140	0.00225	0.00849	0.00398	0.00383
22	0.00644	0.00466	0.00693	0.00648	0.00752	0.00497	0.04135	0.00787	0.00745	0.05298	0.07662	0.01943	0.09546	0.07223	0.56507	0.00489	0.00823	0.00504	0.00264	0.00376
23	0.00815	0.00698	0.00812	0.00585	0.00931	0.00525	0.00467	0.00989	0.00835	0.01296	0.00870	0.00973	0.04466	0.00331	0.00305	0.00063	0.00293	0.00266	0.00244	0.84233
24	0.00744	0.00596	0.00666	0.00612	0.00769	0.00620	0.00470	0.08262	0.23856	0.01510	0.24486	0.06565	0.23610	0.00888	0.04379	0.00157	0.00294	0.00656	0.00396	0.00463
25	0.00696	0.00435	0.00552	0.00538	0.00614	0.00424	0.00377	0.00818	0.03901	0.09105	0.19744	0.17713	0.05043	0.25019	0.08858	0.04421	0.00364	0.00679	0.00341	0.00357

[dist]
# distance from previous block
# <min> <max>
0	1

[block]
# block no. 5 follows, 67 sequences, length 13
# corresponding to MSA columns:
# 372-384
name=unknown_F
#
# <colnr> <probs for GDERKNQSTAVLIFYWHMCP>
#	G	D	E	R	K	N	Q	S	T	A	V	L	I	F	Y	W	H	M	C	P
0	0.00826	0.00732	0.01343	0.01082	0.01305	0.00709	0.33322	0.01096	0.05397	0.06290	0.06247	0.19500	0.01592	0.00732	0.00512	0.00150	0.02806	0.15581	0.00312	0.00466
1	0.00885	0.00711	0.00837	0.00601	0.00954	0.00538	0.00481	0.01062	0.00849	0.05820	0.00760	0.00861	0.00616	0.00308	0.00303	0.00063	0.00299	0.00247	0.00252	0.83554
2	0.00504	0.00359	0.00478	0.00562	0.00592	0.00338	0.00384	0.00583	0.00786	0.01051	0.05684	0.74627	0.02642	0.04070	0.00564	0.00170	0.00244	0.05661	0.00371	0.00328
3	0.00583	0.00389	0.00437	0.00437	0.00437	0.00389	0.00243	0.00583	0.00583	0.00778	0.01264	0.02624	0.01458	0.85906	0.02041	0.00389	0.00389	0.00583	0.00243	0.00243
4	0.01452	0.01838	0.01112	0.01014	0.01214	0.80141	0.00761	0.01558	0.01112	0.00979	0.00642	0.00765	0.00541	0.00542	0.04524	0.00130	0.00741	0.00267	0.00207	0.00460
5	0.00993	0.00945	0.01565	0.02318	0.76221	0.00957	0.01179	0.01309	0.08044	0.01342	0.00831	0.01037	0.00687	0.00374	0.00398	0.00121	0.00463	0.00366	0.00217	0.00635
6	0.00533	0.00369	0.00457	0.00504	0.00521	0.00355	0.00317	0.00579	0.00706	0.00946	0.05653	0.46048	0.02193	0.37603	0.01167	0.00258	0.00298	0.00881	0.00320	0.00293
7	0.01161	0.03426	0.10296	0.00910	0.03062	0.01049	0.00776	0.23209	0.43578	0.06212	0.01300	0.01240	0.00955	0.00497	0.00399	0.00128	0.00389	0.00400	0.00373	0.00642
8	0.00859	0.00875	0.07090	0.00714	0.03593	0.05222	0.00587	0.01057	0.00867	0.01300	0.04630	0.00935	0.00736	0.00337	0.00318	0.00072	0.00343	0.00270	0.00239	0.69955
9	0.00509	0.00364	0.00488	0.00576	0.00609	0.00343	0.00402	0.00596	0.00799	0.01066	0.05450	0.73583	0.02661	0.01223	0.00515	0.00164	0.00246	0.09701	0.00375	0.00333
10	0.00937	0.07292	0.49794	0.01045	0.03280	0.00942	0.04417	0.09662	0.00964	0.03538	0.00760	0.00869	0.00559	0.00377	0.00367	0.00113	0.00515	0.00300	0.00215	0.14055
11	0.02709	0.27385	0.23700	0.00870	0.02521	0.07916	0.02746	0.01281	0.00884	0.08218	0.00734	0.00820	0.00572	0.00364	0.00327	0.00099	0.00468	0.00269	0.00217	0.17900
12	0.73992	0.00775	0.00637	0.00557	0.00798	0.00884	0.00452	0.07173	0.00781	0.04499	0.00665	0.00819	0.00534	0.05621	0.00374	0.00140	0.00326	0.00256	0.00267	0.00449

[dist]
# distance from previous block
# <min> <max>
0	7

[block]
# block no. 6 follows, 67 sequences, length 42
# corresponding to MSA columns:
# 392-433
name=unknown_G
#
# <colnr> <probs for GDERKNQSTAVLIFYWHMCP>
#	G	D	E	R	K	N	Q	S	T	A	V	L	I	F	Y	W	H	M	C	P
0	0.01070	0.13765	0.34671	0.01106	0.08276	0.11874	0.02213	0.09502	0.04941	0.04312	0.00787	0.00878	0.00595	0.00396	0.00364	0.00114	0.00528	0.00303	0.00227	0.04077
1	0.00494	0.00353	0.00470	0.00555	0.00583	0.00329	0.00373	0.00571	0.00791	0.01061	0.07329	0.80419	0.02724	0.01229	0.00509	0.00161	0.00230	0.01114	0.00377	0.00329
2	0.04728	0.00900	0.01503	0.18015	0.64556	0.00939	0.01174	0.01190	0.00882	0.01277	0.00738	0.00992	0.00608	0.00366	0.00391	0.00122	0.00480	0.00351	0.00197	0.00591
3	0.02462	0.10235	0.07905	0.00955	0.04582	0.07234	0.05330	0.09844	0.38300	0.04109	0.03160	0.02168	0.00981	0.00484	0.00389	0.00125	0.00418	0.00397	0.00328	0.00594
4	0.11833	0.04382	0.03748	0.27633	0.15137	0.01827	0.04206	0.19663	0.01081	0.05597	0.00798	0.00969	0.00596	0.00408	0.00378	0.00124	0.00472	0.00339	0.00257	0.00552
5	0.00546	0.00430	0.00488	0.00471	0.00591	0.00386	0.00353	0.02676	0.02226	0.01337	0.35754	0.06929	0.44514	0.00927	0.00472	0.00133	0.00206	0.00793	0.00401	0.00367
6	0.03158	0.05513	0.58531	0.01042	0.04393	0.03344	0.01203	0.01206	0.02876	0.01280	0.06416	0.01226	0.07195	0.00462	0.00386	0.00125	0.00514	0.00367	0.00213	0.00550
7	0.06437	0.08873	0.12327	0.01113	0.14131	0.11436	0.02796	0.07335	0.03149	0.26012	0.00994	0.01019	0.00710	0.00454	0.01377	0.00124	0.00474	0.00336	0.00306	0.00597
8	0.00488	0.00351	0.00463	0.00552	0.00580	0.00326	0.00370	0.00559	0.00774	0.01026	0.02284	0.82413	0.05836	0.01247	0.00510	0.00162	0.00232	0.01129	0.00372	0.00326
9	0.04953	0.00688	0.00900	0.00698	0.00995	0.00616	0.00575	0.05038	0.01144	0.73238	0.01506	0.01329	0.00962	0.00490	0.00391	0.00122	0.00336	0.00393	0.04969	0.00658
10	0.04030	0.03903	0.04628	0.03384	0.35223	0.06078	0.01812	0.13861	0.04698	0.13578	0.01847	0.02457	0.00773	0.01473	0.00410	0.00124	0.00452	0.00372	0.00288	0.00609
11	0.01050	0.03055	0.04286	0.27736	0.28957	0.06038	0.03971	0.17455	0.01084	0.01435	0.00771	0.00984	0.00598	0.00399	0.00396	0.00123	0.00513	0.00350	0.00232	0.00567
12	0.00535	0.00412	0.00559	0.00566	0.00640	0.00385	0.03388	0.00652	0.00894	0.01202	0.25638	0.42549	0.15033	0.03553	0.00552	0.00154	0.01634	0.00922	0.00379	0.00350
13	0.25536	0.05199	0.02359	0.05884	0.25586	0.19021	0.04474	0.01291	0.02040	0.01334	0.00666	0.00832	0.00544	0.00389	0.00376	0.00119	0.03326	0.00295	0.00214	0.00515
14	0.00579	0.00390	0.00436	0.00436	0.00442	0.00387	0.00245	0.00583	0.00596	0.00790	0.01376	0.02674	0.04736	0.82503	0.01978	0.00379	0.00381	0.00594	0.00248	0.00247
15	0.00887	0.00777	0.00910	0.00788	0.08785	0.03687	0.00558	0.03217	0.00879	0.01335	0.00744	0.00873	0.00615	0.00319	0.00311	0.00070	0.00329	0.00259	0.03760	0.70898
16	0.00678	0.00405	0.00535	0.00573	0.00647	0.00369	0.00400	0.00767	0.00821	0.11654	0.02045	0.68870	0.02310	0.01097	0.00482	0.00152	0.00247	0.00987	0.03515	0.03445
17	0.06744	0.13939	0.01453	0.01420	0.29637	0.02188	0.02237	0.17933	0.04690	0.02558	0.00771	0.00920	0.00627	0.00442	0.00501	0.00124	0.12653	0.00332	0.00249	0.00582
18	0.00923	0.03387	0.26837	0.01749	0.39975	0.01011	0.03367	0.02139	0.00855	0.01247	0.00706	0.00923	0.00576	0.00420	0.00538	0.00130	0.14107	0.00337	0.00188	0.00586
19	0.00491	0.00376	0.00450	0.00498	0.00569	0.00335	0.00348	0.00583	0.00855	0.01099	0.10297	0.48195	0.32206	0.01129	0.00494	0.00149	0.00218	0.00995	0.00379	0.00335
20	0.00612	0.00484	0.00711	0.00675	0.00747	0.01443	0.05999	0.00724	0.00684	0.00945	0.01280	0.13356	0.01345	0.21947	0.40858	0.00445	0.03134	0.04020	0.00248	0.00343
21	0.00596	0.00572	0.07795	0.00629	0.03587	0.00444	0.00505	0.00800	0.01070	0.01505	0.63427	0.06088	0.08236	0.00801	0.00466	0.00129	0.00240	0.02309	0.00401	0.00401
22	0.00562	0.00446	0.00502	0.00505	0.00634	0.00404	0.00400	0.03868	0.00982	0.01230	0.13495	0.03769	0.53904	0.00988	0.00487	0.00143	0.00244	0.16692	0.00382	0.00363
23	0.01072	0.86147	0.02102	0.00686	0.01029	0.01587	0.00686	0.01201	0.00815	0.00944	0.00558	0.00643	0.00515	0.00343	0.00257	0.00086	0.00429	0.00214	0.00172	0.00515
24	0.83098	0.00770	0.00612	0.00539	0.00792	0.00880	0.00444	0.01229	0.00713	0.07112	0.00625	0.00698	0.00471	0.00380	0.00258	0.00124	0.00312	0.00229	0.00264	0.00450
25	0.01525	0.01123	0.01204	0.00923	0.01244	0.01244	0.00762	0.82067	0.01886	0.02528	0.00963	0.00963	0.00682	0.00481	0.00401	0.00120	0.00441	0.00361	0.00401	0.00682
26	0.00979	0.00918	0.01522	0.09579	0.68275	0.00942	0.01168	0.04213	0.02952	0.01335	0.00829	0.01137	0.00702	0.00397	0.00403	0.00123	0.00473	0.03227	0.00215	0.00611
27	0.00757	0.00713	0.01203	0.84942	0.02762	0.00891	0.01114	0.01025	0.00802	0.01025	0.00713	0.01069	0.00535	0.00401	0.00401	0.00134	0.00535	0.00356	0.00178	0.00446
28	0.01525	0.01123	0.01204	0.00923	0.01244	0.01244	0.00762	0.82067	0.01886	0.02528	0.00963	0.00963	0.00682	0.00481	0.00401	0.00120	0.00441	0.00361	0.00401	0.00682
29	0.11104	0.00917	0.01016	0.00800	0.01091	0.03895	0.00657	0.32651	0.03384	0.35664	0.01162	0.01096	0.00785	0.00482	0.00416	0.00124	0.03349	0.00361	0.00409	0.00638
30	0.00877	0.00877	0.01228	0.01053	0.01053	0.01228	0.00877	0.00965	0.00614	0.00965	0.00526	0.00877	0.00526	0.00702	0.01316	0.00175	0.85172	0.00351	0.00175	0.00439
31	0.01525	0.01123	0.01204	0.00923	0.01244	0.01244	0.00762	0.82067	0.01886	0.02528	0.00963	0.00963	0.00682	0.00481	0.00401	0.00120	0.00441	0.00361	0.00401	0.00682
32	0.01498	0.01911	0.01137	0.01033	0.01240	0.84295	0.00775	0.01601	0.01137	0.00982	0.00620	0.00723	0.00517	0.00413	0.00362	0.00103	0.00723	0.00258	0.00207	0.00465
33	0.01799	0.00683	0.00931	0.00714	0.01024	0.00589	0.00589	0.01954	0.01148	0.83682	0.01582	0.01365	0.00993	0.00496	0.00403	0.00124	0.00341	0.00403	0.00496	0.00683
34	0.00574	0.00426	0.00628	0.00628	0.00694	0.00492	0.00481	0.00706	0.00640	0.00919	0.01089	0.01658	0.01039	0.09554	0.77819	0.00624	0.01020	0.00442	0.00217	0.00349
35	0.00583	0.00389	0.00437	0.00437	0.00437	0.00389	0.00243	0.00583	0.00583	0.00778	0.01264	0.02624	0.01458	0.85906	0.02041	0.00389	0.00389	0.00583	0.00243	0.00243
36	0.00673	0.00528	0.00596	0.00569	0.00676	0.00560	0.00411	0.02690	0.20116	0.01130	0.01986	0.02423	0.21087	0.27657	0.16847	0.00311	0.00458	0.00582	0.00311	0.00390
37	0.88738	0.00776	0.00589	0.00527	0.00776	0.00900	0.00434	0.01179	0.00683	0.01799	0.00558	0.00651	0.00434	0.00372	0.00248	0.00124	0.00310	0.00217	0.00248	0.00434
38	0.00501	0.00362	0.00468	0.00545	0.00581	0.00337	0.00371	0.00577	0.00785	0.01037	0.04427	0.69237	0.08886	0.05986	0.00596	0.00173	0.00243	0.04196	0.00367	0.00325
39	0.02255	0.00660	0.00754	0.00576	0.00855	0.00541	0.00441	0.01003	0.06257	0.01243	0.00954	0.01260	0.02955	0.15031	0.00608	0.00124	0.00312	0.00327	0.00254	0.63589
40	0.03899	0.00552	0.00745	0.00885	0.15682	0.03604	0.00517	0.00747	0.00646	0.00899	0.00823	0.01413	0.00825	0.17461	0.04300	0.43382	0.00417	0.00387	0.00199	0.02617
41	0.03341	0.01186	0.17600	0.01351	0.25757	0.08600	0.00960	0.10005	0.10015	0.04392	0.01008	0.02999	0.01713	0.07509	0.00530	0.00146	0.00475	0.01586	0.00262	0.00566

[dist]
# distance from previous block
# <min> <max>
0	2

[block]
# block no. 7 follows, 67 sequences, length 63
# corresponding to MSA columns:
# 436-498
name=unknown_H
#
# <colnr> <probs for GDERKNQSTAVLIFYWHMCP>
