[name]
unknown

[dist]
# distance from previous block
# <min> <max>
0	232

[block]
# block no. 0 follows, 73 sequences, length 39
# corresponding to MSA columns:
# 343-381
name=unknown_A
#
# <colnr> <probs for GDERKNQSTAVLIFYWHMCP>
#	G	D	E	R	K	N	Q	S	T	A	V	L	I	F	Y	W	H	M	C	P
0	0.00800	0.00672	0.00798	0.00602	0.02976	0.00511	0.00464	0.00968	0.00786	0.02946	0.00685	0.00792	0.00564	0.00283	0.00282	0.00058	0.00283	0.00228	0.00226	0.85074
1	0.00780	0.00869	0.11150	0.02652	0.39821	0.00732	0.06985	0.02455	0.01953	0.01251	0.14175	0.05321	0.09220	0.00505	0.00398	0.00118	0.00394	0.00468	0.00247	0.00504
2	0.00910	0.23036	0.24608	0.01125	0.18883	0.00981	0.02130	0.05749	0.00855	0.02325	0.00666	0.00786	0.00533	0.00335	0.00319	0.00096	0.00435	0.00268	0.00193	0.15768
3	0.68843	0.09725	0.00764	0.00571	0.00807	0.11977	0.00472	0.01157	0.00707	0.01501	0.00530	0.00617	0.00424	0.00350	0.00247	0.00110	0.00352	0.00208	0.00220	0.00418
4	0.00807	0.01481	0.49249	0.04189	0.23364	0.00871	0.08647	0.01174	0.02283	0.01206	0.02791	0.00915	0.00604	0.00361	0.00371	0.00118	0.00517	0.00322	0.00179	0.00552
5	0.00828	0.03359	0.09904	0.45896	0.14149	0.07041	0.00991	0.01081	0.01968	0.02218	0.00686	0.00922	0.00530	0.00361	0.00357	0.00113	0.00482	0.00309	0.00183	0.08624
6	0.01401	0.01788	0.01063	0.00967	0.01160	0.85309	0.00725	0.01498	0.01063	0.00918	0.00580	0.00677	0.00483	0.00387	0.00338	0.00097	0.00677	0.00242	0.00193	0.00435
7	0.00477	0.00389	0.00423	0.00413	0.00531	0.00339	0.00310	0.00614	0.02512	0.01162	0.26259	0.03342	0.60130	0.00890	0.00442	0.00124	0.00188	0.00753	0.00367	0.00332
8	0.00457	0.00328	0.00434	0.00518	0.00543	0.00305	0.00346	0.00523	0.00723	0.00960	0.02125	0.83853	0.05162	0.01168	0.00478	0.00152	0.00217	0.01058	0.00348	0.00305
9	0.00467	0.00389	0.00408	0.00402	0.00524	0.00335	0.00302	0.00593	0.02500	0.01101	0.16370	0.03441	0.70043	0.00913	0.00442	0.00125	0.00190	0.00767	0.00359	0.00328
10	0.00947	0.00813	0.00856	0.00766	0.00981	0.00940	0.00597	0.04290	0.81477	0.01592	0.01509	0.01386	0.01131	0.00507	0.00382	0.00127	0.00300	0.00422	0.00382	0.00595
11	0.01426	0.01051	0.01126	0.00863	0.01163	0.01163	0.00713	0.83224	0.01764	0.02364	0.00901	0.00901	0.00638	0.00450	0.00375	0.00113	0.00413	0.00338	0.00375	0.00638
12	0.01683	0.00638	0.00871	0.00668	0.00958	0.00551	0.00551	0.01828	0.01074	0.84734	0.01480	0.01277	0.00929	0.00464	0.00377	0.00116	0.00319	0.00377	0.00464	0.00638
13	0.00457	0.00326	0.00435	0.00522	0.00544	0.00305	0.00348	0.00522	0.00718	0.00958	0.02068	0.86570	0.02481	0.01175	0.00479	0.00152	0.00218	0.01067	0.00348	0.00305
14	0.00778	0.00667	0.00778	0.00556	0.00889	0.00500	0.00445	0.00945	0.00778	0.01223	0.00667	0.00778	0.00556	0.00278	0.00278	0.00056	0.00278	0.00222	0.00222	0.89108
15	0.00536	0.00402	0.00603	0.00603	0.00670	0.00469	0.00469	0.00670	0.00603	0.00871	0.01005	0.01474	0.00938	0.02814	0.85328	0.00603	0.01005	0.00402	0.00201	0.00335
16	0.00583	0.00397	0.00495	0.00463	0.00557	0.00376	0.00349	0.03013	0.01038	0.01511	0.68733	0.02526	0.03049	0.00706	0.00412	0.00113	0.00183	0.00617	0.14519	0.00361
17	0.01401	0.01788	0.01063	0.00967	0.01160	0.85309	0.00725	0.01498	0.01063	0.00918	0.00580	0.00677	0.00483	0.00387	0.00338	0.00097	0.00677	0.00242	0.00193	0.00435
18	0.01401	0.01788	0.01063	0.00967	0.01160	0.85309	0.00725	0.01498	0.01063	0.00918	0.00580	0.00677	0.00483	0.00387	0.00338	0.00097	0.00677	0.00242	0.00193	0.00435
19	0.00605	0.00438	0.00610	0.00565	0.02045	0.00406	0.04152	0.00793	0.02356	0.05124	0.65407	0.04986	0.08342	0.00749	0.00440	0.00121	0.00215	0.01876	0.00394	0.00378
20	0.00778	0.00667	0.00778	0.00556	0.00889	0.00500	0.00445	0.00945	0.00778	0.01223	0.00667	0.00778	0.00556	0.00278	0.00278	0.00056	0.00278	0.00222	0.00222	0.89108
21	0.00821	0.00821	0.01149	0.00985	0.00985	0.01149	0.00821	0.00903	0.00575	0.00903	0.00492	0.00821	0.00492	0.00657	0.01231	0.00164	0.86128	0.00328	0.00164	0.00410
22	0.00457	0.00326	0.00435	0.00522	0.00544	0.00305	0.00348	0.00522	0.00718	0.00958	0.02068	0.86570	0.02481	0.01175	0.00479	0.00152	0.00218	0.01067	0.00348	0.00305
23	0.89465	0.00726	0.00551	0.00493	0.00726	0.00842	0.00406	0.01103	0.00638	0.01683	0.00522	0.00609	0.00406	0.00348	0.00232	0.00116	0.00290	0.00203	0.00232	0.00406
24	0.01401	0.01788	0.01063	0.00967	0.01160	0.85309	0.00725	0.01498	0.01063	0.00918	0.00580	0.00677	0.00483	0.00387	0.00338	0.00097	0.00677	0.00242	0.00193	0.00435
25	0.00456	0.00379	0.00398	0.00396	0.00515	0.00322	0.00296	0.00561	0.00881	0.01080	0.14815	0.05147	0.71606	0.00929	0.00444	0.00126	0.00189	0.00782	0.00357	0.00322
26	0.00473	0.00381	0.00421	0.00411	0.00525	0.00329	0.00308	0.00596	0.00925	0.01180	0.31105	0.03336	0.56914	0.00888	0.00443	0.00124	0.00186	0.00753	0.00370	0.00329
27	0.89465	0.00726	0.00551	0.00493	0.00726	0.00842	0.00406	0.01103	0.00638	0.01683	0.00522	0.00609	0.00406	0.00348	0.00232	0.00116	0.00290	0.00203	0.00232	0.00406
28	0.01426	0.01051	0.01126	0.00863	0.01163	0.01163	0.00713	0.83224	0.01764	0.02364	0.00901	0.00901	0.00638	0.00450	0.00375	0.00113	0.00413	0.00338	0.00375	0.00638
29	0.00654	0.00512	0.00607	0.00561	0.00687	0.00531	0.00427	0.01100	0.26315	0.01524	0.59019	0.02374	0.02809	0.00688	0.00424	0.00121	0.00214	0.00601	0.00403	0.00427
30	0.00457	0.00326	0.00435	0.00522	0.00544	0.00305	0.00348	0.00522	0.00718	0.00958	0.02068	0.86570	0.02481	0.01175	0.00479	0.00152	0.00218	0.01067	0.00348	0.00305
31	0.01412	0.01042	0.01118	0.00856	0.01157	0.01149	0.00707	0.81367	0.01742	0.02339	0.00895	0.00898	0.00636	0.00446	0.00373	0.00111	0.00410	0.00335	0.00372	0.02634
32	0.01683	0.00638	0.00871	0.00668	0.00958	0.00551	0.00551	0.01828	0.01074	0.84734	0.01480	0.01277	0.00929	0.00464	0.00377	0.00116	0.00319	0.00377	0.00464	0.00638
33	0.01003	0.87041	0.01966	0.00642	0.00963	0.01485	0.00642	0.01123	0.00762	0.00883	0.00522	0.00602	0.00481	0.00321	0.00241	0.00080	0.00401	0.00201	0.00160	0.00481
34	0.00529	0.00384	0.00474	0.00453	0.00550	0.00347	0.00338	0.00681	0.00994	0.02580	0.60043	0.05251	0.21794	0.02021	0.00461	0.00124	0.00186	0.00704	0.01741	0.00346
35	0.00542	0.00378	0.00481	0.00481	0.00506	0.00403	0.00317	0.00592	0.00567	0.00781	0.01116	0.02090	0.01205	0.55519	0.32989	0.00453	0.00603	0.00492	0.00218	0.00267
36	0.01594	0.00805	0.00956	0.00738	0.01028	0.03660	0.00607	0.26953	0.01287	0.56411	0.01270	0.01140	0.00824	0.00457	0.00375	0.00114	0.00360	0.00360	0.00428	0.00631
37	0.00726	0.00677	0.01120	0.80171	0.03911	0.00828	0.01018	0.02281	0.00769	0.00995	0.00671	0.00990	0.00506	0.00372	0.00372	0.00122	0.00490	0.00330	0.00172	0.03478
38	0.00546	0.00406	0.00581	0.00573	0.00640	0.00455	0.00433	0.00661	0.00601	0.00862	0.01019	0.01593	0.00987	0.14933	0.70277	0.00549	0.00887	0.00417	0.00206	0.03377

[dist]
# distance from previous block
# <min> <max>
5	14

[block]
# block no. 1 follows, 73 sequences, length 88
# corresponding to MSA columns:
# 400-487
name=unknown_B
#
# <colnr> <probs for GDERKNQSTAVLIFYWHMCP>
#	G	D	E	R	K	N	Q	S	T	A	V	L	I	F	Y	W	H	M	C	P
0	0.00719	0.00648	0.03073	0.25981	0.02390	0.05343	0.01765	0.02226	0.00741	0.04008	0.03587	0.06906	0.02238	0.04040	0.27899	0.01656	0.05748	0.00425	0.00218	0.00389
1	0.01059	0.01202	0.01098	0.11056	0.02869	0.38194	0.08639	0.01220	0.00913	0.01054	0.00638	0.00785	0.00519	0.00342	0.00334	0.00090	0.00519	0.00268	0.00199	0.29003
2	0.00953	0.00745	0.00808	0.00720	0.00924	0.00837	0.00561	0.02659	0.66709	0.08051	0.09364	0.01518	0.01346	0.00528	0.00384	0.00124	0.00286	0.00442	0.02472	0.00569
3	0.00492	0.00342	0.00446	0.00513	0.00553	0.00315	0.00349	0.00568	0.00756	0.03173	0.06583	0.73846	0.08430	0.01119	0.00472	0.00148	0.00216	0.01008	0.00355	0.00317
4	0.00539	0.00390	0.00542	0.00542	0.00587	0.00436	0.00392	0.00631	0.00585	0.00825	0.01061	0.01785	0.01073	0.29423	0.58903	0.00527	0.00802	0.00447	0.00209	0.00301
5	0.00500	0.00387	0.00427	0.00414	0.00530	0.00334	0.00309	0.00617	0.00911	0.03130	0.26447	0.03297	0.57328	0.03123	0.00480	0.00130	0.00194	0.00744	0.00366	0.00333
6	0.00699	0.00350	0.00350	0.00350	0.00437	0.00350	0.00262	0.00874	0.00787	0.01399	0.01224	0.01399	0.00962	0.00437	0.00262	0.00087	0.00175	0.00350	0.88898	0.00350
7	0.89465	0.00726	0.00551	0.00493	0.00726	0.00842	0.00406	0.01103	0.00638	0.01683	0.00522	0.00609	0.00406	0.00348	0.00232	0.00116	0.00290	0.00203	0.00232	0.00406
8	0.01010	0.00844	0.00891	0.00779	0.01005	0.00969	0.00612	0.14573	0.71093	0.01693	0.01430	0.01322	0.01067	0.00500	0.00381	0.00125	0.00315	0.00411	0.00381	0.00601
9	0.01003	0.87041	0.01966	0.00642	0.00963	0.01485	0.00642	0.01123	0.00762	0.00883	0.00522	0.00602	0.00481	0.00321	0.00241	0.00080	0.00401	0.00201	0.00160	0.00481
10	0.00758	0.01901	0.81301	0.01091	0.01638	0.00875	0.04916	0.01189	0.00796	0.01189	0.00677	0.00802	0.00479	0.00355	0.00360	0.00119	0.00558	0.00284	0.00160	0.00552
11	0.00536	0.00402	0.00603	0.00603	0.00670	0.00469	0.00469	0.00670	0.00603	0.00871	0.01005	0.01474	0.00938	0.02814	0.85328	0.00603	0.01005	0.00402	0.00201	0.00335
12	0.89465	0.00726	0.00551	0.00493	0.00726	0.00842	0.00406	0.01103	0.00638	0.01683	0.00522	0.00609	0.00406	0.00348	0.00232	0.00116	0.00290	0.00203	0.00232	0.00406
13	0.00933	0.00806	0.00848	0.00764	0.00976	0.00933	0.00594	0.01994	0.83797	0.01569	0.01527	0.01400	0.01145	0.00509	0.00382	0.00127	0.00297	0.00424	0.00382	0.00594
14	0.01601	0.00657	0.00868	0.00678	0.00960	0.00593	0.00556	0.01846	0.10135	0.75624	0.01485	0.01290	0.00952	0.00469	0.00378	0.00117	0.00317	0.00382	0.00455	0.00634
15	0.00949	0.00814	0.00857	0.00767	0.00982	0.00941	0.00598	0.04639	0.81125	0.01595	0.01507	0.01384	0.01129	0.00507	0.00382	0.00127	0.00301	0.00421	0.00382	0.00595
16	0.00752	0.01941	0.84871	0.01069	0.01624	0.00871	0.01386	0.01188	0.00792	0.01188	0.00673	0.00792	0.00475	0.00356	0.00356	0.00119	0.00554	0.00277	0.00158	0.00554
17	0.00920	0.00779	0.00841	0.03354	0.01005	0.00897	0.00596	0.01900	0.76087	0.02904	0.05321	0.01450	0.01233	0.00516	0.00384	0.00127	0.00298	0.00432	0.00378	0.00578
18	0.00904	0.00883	0.01566	0.04815	0.68156	0.00880	0.11737	0.01138	0.00855	0.01210	0.00758	0.01061	0.00645	0.00359	0.00386	0.00116	0.00468	0.03302	0.00191	0.00568
19	0.01683	0.00638	0.00871	0.00668	0.00958	0.00551	0.00551	0.01828	0.01074	0.84734	0.01480	0.01277	0.00929	0.00464	0.00377	0.00116	0.00319	0.00377	0.00464	0.00638
20	0.00512	0.00355	0.00466	0.01914	0.00601	0.00330	0.00374	0.00592	0.00754	0.04004	0.02205	0.68733	0.11139	0.01105	0.00472	0.00149	0.00230	0.05393	0.00349	0.00322
21	0.00827	0.02871	0.65449	0.01252	0.15307	0.00884	0.01297	0.03640	0.00838	0.03206	0.00702	0.00827	0.00511	0.00358	0.00358	0.00117	0.00525	0.00290	0.00177	0.00565
22	0.00790	0.11171	0.67489	0.01004	0.01499	0.00935	0.02774	0.01223	0.06132	0.01176	0.00735	0.02149	0.00552	0.00374	0.00349	0.00116	0.00517	0.00294	0.00177	0.00544
23	0.71089	0.00794	0.00727	0.00790	0.13148	0.04232	0.00538	0.01122	0.00686	0.01570	0.00551	0.00664	0.00439	0.00354	0.00277	0.00116	0.02021	0.00227	0.00222	0.00435
24	0.00575	0.00458	0.00645	0.00635	0.04534	0.00432	0.05721	0.00774	0.04335	0.01319	0.43990	0.12579	0.15023	0.00781	0.00437	0.00125	0.00236	0.03490	0.03538	0.00373
25	0.02862	0.10818	0.01030	0.00765	0.01009	0.01044	0.00621	0.18989	0.55215	0.01660	0.01258	0.01186	0.00947	0.00472	0.00361	0.00119	0.00333	0.00376	0.00352	0.00586
26	0.00773	0.00646	0.00750	0.00542	0.00859	0.00490	0.00432	0.00940	0.00779	0.01234	0.00704	0.00819	0.00583	0.00288	0.00277	0.00058	0.00271	0.00231	0.06092	0.83233
27	0.02414	0.00923	0.09052	0.16894	0.24679	0.00837	0.20199	0.03632	0.00879	0.11824	0.00834	0.01930	0.00632	0.00447	0.03063	0.00135	0.00505	0.00368	0.00225	0.00530
28	0.00897	0.04195	0.51408	0.01069	0.01526	0.00885	0.14539	0.02858	0.08888	0.08883	0.00843	0.00927	0.00600	0.00375	0.00372	0.00119	0.00513	0.00326	0.00217	0.00557
29	0.00457	0.00326	0.00435	0.00522	0.00544	0.00305	0.00348	0.00522	0.00718	0.00958	0.02068	0.86570	0.02481	0.01175	0.00479	0.00152	0.00218	0.01067	0.00348	0.00305
30	0.00699	0.00350	0.00350	0.00350	0.00437	0.00350	0.00262	0.00874	0.00787	0.01399	0.01224	0.01399	0.00962	0.00437	0.00262	0.00087	0.00175	0.00350	0.88898	0.00350
31	0.01146	0.62408	0.01660	0.01853	0.00989	0.02962	0.00628	0.01313	0.04346	0.18422	0.00767	0.00784	0.00603	0.00361	0.00279	0.00091	0.00387	0.00250	0.00234	0.00517
32	0.00906	0.00968	0.08164	0.04146	0.73356	0.00896	0.01157	0.01142	0.00838	0.01206	0.00696	0.00916	0.00579	0.00347	0.00397	0.00114	0.03077	0.00330	0.00182	0.00581
33	0.00537	0.00397	0.00576	0.00576	0.00634	0.00454	0.00435	0.00653	0.00595	0.00851	0.01030	0.01611	0.00997	0.14527	0.73696	0.00570	0.00916	0.00422	0.00205	0.00320
34	0.00892	0.00929	0.01070	0.00933	0.00971	0.14095	0.00757	0.00997	0.03088	0.00911	0.00576	0.00889	0.00552	0.02980	0.03767	0.02893	0.62789	0.00326	0.00178	0.00405
35	0.01187	0.00776	0.01994	0.02399	0.38802	0.00733	0.05446	0.01410	0.03400	0.33167	0.06003	0.01191	0.00910	0.00415	0.00382	0.00115	0.00389	0.00379	0.00311	0.00590
36	0.00496	0.00396	0.00496	0.00579	0.06381	0.00358	0.00376	0.00597	0.00823	0.01063	0.13214	0.33751	0.35860	0.03240	0.00490	0.00140	0.00221	0.00840	0.00342	0.00334
37	0.00821	0.00821	0.01149	0.00985	0.00985	0.01149	0.00821	0.00903	0.00575	0.00903	0.00492	0.00821	0.00492	0.00657	0.01231	0.00164	0.86128	0.00328	0.00164	0.00410
38	0.01074	0.03159	0.01359	0.03188	0.51266	0.03073	0.03663	0.09477	0.03595	0.12329	0.03551	0.01036	0.00747	0.00384	0.00373	0.00112	0.00424	0.00352	0.00254	0.00584
39	0.07829	0.26417	0.34080	0.00895	0.01299	0.01056	0.07725	0.07009	0.02834	0.06546	0.00712	0.00794	0.00536	0.00359	0.00323	0.00108	0.00465	0.00277	0.00207	0.00530
40	0.00658	0.00501	0.00576	0.00525	0.00662	0.00496	0.00403	0.06797	0.13957	0.03153	0.42285	0.02631	0.24405	0.00747	0.00427	0.00121	0.00219	0.00638	0.00389	0.00408
41	0.00536	0.00402	0.00603	0.00603	0.00670	0.00469	0.00469	0.00670	0.00603	0.00871	0.01005	0.01474	0.00938	0.02814	0.85328	0.00603	0.01005	0.00402	0.00201	0.00335
42	0.00918	0.38355	0.28601	0.01116	0.15804	0.02716	0.04277	0.02280	0.00812	0.01075	0.00618	0.00742	0.00505	0.00338	0.00313	0.00101	0.00473	0.00261	0.00169	0.00527
43	0.00656	0.01901	0.00517	0.00493	0.00500	0.00349	0.00334	0.00503	0.00495	0.00659	0.00654	0.01135	0.00653	0.01307	0.02611	0.86238	0.00337	0.00325	0.00163	0.00171
44	0.00546	0.00364	0.00409	0.00409	0.00409	0.00364	0.00227	0.00546	0.00546	0.00727	0.01182	0.02455	0.01364	0.86815	0.01910	0.00364	0.00364	0.00546	0.00227	0.00227
45	0.00900	0.21656	0.27642	0.11001	0.01618	0.08976	0.20851	0.01178	0.00828	0.01067	0.00649	0.00814	0.00503	0.00343	0.00350	0.00110	0.00542	0.00302	0.00171	0.00498
46	0.00449	0.00374	0.00392	0.00401	0.00513	0.00317	0.00295	0.00544	0.00848	0.01029	0.07157	0.13255	0.71201	0.00968	0.00448	0.00129	0.00193	0.00819	0.00351	0.00317
47	0.46178	0.14136	0.09031	0.00661	0.00950	0.04284	0.00608	0.16104	0.00902	0.03256	0.00627	0.00695	0.00480	0.00367	0.00279	0.00109	0.00371	0.00239	0.00243	0.00480
48	0.00546	0.00364	0.00409	0.00409	0.00409	0.00364	0.00227	0.00546	0.00546	0.00727	0.01182	0.02455	0.01364	0.86815	0.01910	0.00364	0.00364	0.00546	0.00227	0.00227
49	0.01003	0.87041	0.01966	0.00642	0.00963	0.01485	0.00642	0.01123	0.00762	0.00883	0.00522	0.00602	0.00481	0.00321	0.00241	0.00080	0.00401	0.00201	0.00160	0.00481
50	0.00640	0.00558	0.00801	0.00833	0.08989	0.00661	0.00596	0.00766	0.00701	0.00999	0.09656	0.03886	0.10511	0.02421	0.31461	0.00311	0.23933	0.01661	0.00234	0.00379
51	0.00549	0.00363	0.00412	0.00412	0.00412	0.00363	0.00230	0.00544	0.00544	0.00725	0.01165	0.02414	0.01342	0.84122	0.01896	0.03158	0.00363	0.00539	0.00225	0.00225
52	0.87058	0.03074	0.00590	0.00497	0.00732	0.00859	0.00413	0.01103	0.00642	0.01661	0.00522	0.00609	0.00408	0.00348	0.00232	0.00115	0.00293	0.00203	0.00230	0.00408
53	0.00714	0.00673	0.01136	0.83638	0.04812	0.00835	0.01045	0.00964	0.00753	0.00966	0.00668	0.00998	0.00503	0.00374	0.00375	0.00125	0.00499	0.00333	0.00167	0.00422
54	0.00933	0.00806	0.00848	0.00764	0.00976	0.00933	0.00594	0.01994	0.83797	0.01569	0.01527	0.01400	0.01145	0.00509	0.00382	0.00127	0.00297	0.00424	0.00382	0.00594
55	0.00988	0.00810	0.00879	0.00716	0.00981	0.00844	0.00570	0.20214	0.38807	0.01636	0.01195	0.01164	0.03061	0.00440	0.00352	0.00103	0.00315	0.00356	0.00333	0.26236
56	0.00949	0.00814	0.00857	0.00767	0.00982	0.00940	0.00598	0.04552	0.81213	0.01594	0.01507	0.01384	0.01129	0.00507	0.00382	0.00127	0.00301	0.00421	0.00382	0.00595
57	0.00890	0.12250	0.17450	0.04108	0.03712	0.01561	0.12396	0.03438	0.00838	0.05468	0.00709	0.00832	0.00551	0.00329	0.00338	0.00092	0.01459	0.00281	0.00210	0.33087
58	0.00854	0.00955	0.09161	0.02639	0.28490	0.02368	0.28916	0.01093	0.00829	0.03032	0.00878	0.10416	0.00788	0.00490	0.01571	0.01356	0.05003	0.00447	0.00208	0.00505
59	0.00867	0.00957	0.01906	0.01409	0.01679	0.01007	0.59323	0.01115	0.00796	0.01115	0.00682	0.00957	0.00547	0.00415	0.00671	0.00137	0.25348	0.00410	0.00182	0.00478
60	0.00933	0.00806	0.00848	0.00764	0.00976	0.00933	0.00594	0.01994	0.83797	0.01569	0.01527	0.01400	0.01145	0.00509	0.00382	0.00127	0.00297	0.00424	0.00382	0.00594
61	0.03284	0.09391	0.56514	0.01009	0.05500	0.00867	0.03458	0.01146	0.01952	0.03456	0.03361	0.02128	0.05512	0.00413	0.00356	0.00116	0.00483	0.00332	0.00195	0.00524
62	0.00446	0.00380	0.00384	0.00383	0.00508	0.00318	0.00287	0.00544	0.00861	0.01029	0.06263	0.03586	0.81851	0.00945	0.00443	0.00126	0.00190	0.00788	0.00350	0.00318
63	0.01191	0.00606	0.00744	0.00613	0.00824	0.00588	0.00491	0.09936	0.10430	0.37557	0.18838	0.01590	0.01478	0.00528	0.00375	0.00113	0.00276	0.00438	0.12851	0.00533
64	0.00896	0.01013	0.02193	0.01568	0.01946	0.00953	0.81562	0.02744	0.00902	0.01224	0.00762	0.01010	0.00571	0.00319	0.00441	0.00126	0.00628	0.00441	0.00193	0.00508
65	0.03755	0.54620	0.20632	0.00800	0.02692	0.02028	0.02088	0.04717	0.00814	0.02001	0.00590	0.00684	0.00493	0.00346	0.00303	0.00095	0.02424	0.00236	0.00176	0.00505
66	0.00486	0.00388	0.00407	0.00403	0.00527	0.00330	0.00304	0.00587	0.00863	0.03022	0.08163	0.03497	0.72552	0.03449	0.00487	0.00134	0.00203	0.03522	0.00351	0.00325
67	0.00544	0.00370	0.00441	0.00441	0.00452	0.00381	0.00267	0.00566	0.00555	0.00751	0.01153	0.02295	0.01295	0.73138	0.15492	0.00403	0.00468	0.00522	0.00223	0.00245
68	0.00780	0.00627	0.00823	0.06540	0.14569	0.02939	0.00636	0.05841	0.13922	0.04658	0.04877	0.29074	0.01609	0.00753	0.00428	0.00136	0.00328	0.10692	0.00319	0.00449
69	0.02173	0.04247	0.02689	0.11463	0.51338	0.14299	0.03359	0.01207	0.00876	0.03831	0.00698	0.00892	0.00567	0.00351	0.00362	0.00110	0.00488	0.00316	0.00193	0.00540
70	0.00481	0.00366	0.00450	0.00530	0.00559	0.02519	0.00356	0.00548	0.00731	0.00958	0.02080	0.81900	0.04829	0.01148	0.00474	0.00150	0.00229	0.01037	0.00344	0.00308
71	0.06647	0.02747	0.03042	0.05833	0.01793	0.09130	0.00605	0.00841	0.00646	0.00914	0.00732	0.02652	0.00687	0.02142	0.24733	0.16864	0.19114	0.00343	0.00186	0.00349
72	0.00974	0.07966	0.14539	0.04274	0.44134	0.10773	0.03895	0.03195	0.00877	0.02390	0.00682	0.00858	0.00553	0.00358	0.00383	0.00111	0.02994	0.00308	0.00188	0.00548
73	0.02508	0.01752	0.01062	0.01934	0.02084	0.82355	0.00729	0.01483	0.01052	0.00932	0.00582	0.00682	0.00484	0.00385	0.00338	0.00097	0.00667	0.00243	0.00193	0.00436
74	0.75858	0.04308	0.00712	0.00594	0.02321	0.05001	0.02980	0.02423	0.00693	0.01601	0.00542	0.00635	0.00425	0.00349	0.00249	0.00114	0.00329	0.00217	0.00227	0.00421
75	0.00576	0.00446	0.00579	0.00575	0.00615	0.02674	0.00418	0.00652	0.00614	0.00849	0.02101	0.12637	0.01221	0.23736	0.40684	0.03635	0.06943	0.00515	0.00225	0.00306
76	0.00462	0.00342	0.00428	0.00491	0.00535	0.00313	0.00334	0.00535	0.00748	0.00975	0.04541	0.63314	0.18371	0.04911	0.00535	0.00156	0.00220	0.02140	0.00345	0.00306
77	0.00769	0.04071	0.60100	0.03626	0.01438	0.00828	0.01146	0.03174	0.05739	0.02424	0.05581	0.01135	0.02940	0.00492	0.02679	0.00133	0.00502	0.02490	0.00207	0.00525
78	0.00781	0.01585	0.59210	0.05194	0.15058	0.00847	0.04692	0.01149	0.00806	0.02105	0.00780	0.03580	0.01770	0.00388	0.00369	0.00119	0.00519	0.00329	0.00177	0.00542
79	0.00852	0.08897	0.07279	0.26224	0.13934	0.00976	0.23947	0.03493	0.00821	0.01110	0.00676	0.00923	0.00533	0.00374	0.00458	0.00122	0.08364	0.00348	0.00181	0.00489
80	0.00923	0.03679	0.25078	0.00853	0.02083	0.00911	0.00825	0.11659	0.39172	0.02657	0.05759	0.01251	0.02539	0.00472	0.00374	0.00121	0.00382	0.00384	0.00310	0.00567
81	0.00869	0.00733	0.00854	0.00922	0.11600	0.05030	0.00650	0.01444	0.38452	0.04670	0.06652	0.02123	0.03634	0.00633	0.00416	0.00134	0.00338	0.19998	0.00343	0.00506
82	0.00830	0.05146	0.22539	0.04553	0.13133	0.00866	0.06551	0.02554	0.26828	0.01298	0.03405	0.03864	0.05850	0.00470	0.00379	0.00121	0.00410	0.00408	0.00262	0.00534
83	0.00884	0.01009	0.02195	0.01571	0.01944	0.00952	0.81680	0.01197	0.00880	0.01197	0.00754	0.01009	0.00568	0.00322	0.00456	0.00127	0.02120	0.00441	0.00189	0.00504
84	0.00686	0.00513	0.00618	0.00563	0.00727	0.00457	0.00417	0.00911	0.10524	0.05800	0.05297	0.38307	0.04073	0.00747	0.00395	0.00114	0.00249	0.00659	0.00321	0.28621
85	0.00538	0.00393	0.00557	0.00557	0.00608	0.00444	0.00412	0.00641	0.00589	0.00837	0.01047	0.01706	0.01038	0.22642	0.65637	0.00546	0.00854	0.00436	0.00207	0.00310
86	0.00721	0.00370	0.00372	0.00365	0.00458	0.00374	0.00275	0.03289	0.00815	0.01427	0.01214	0.01384	0.00952	0.00437	0.00266	0.00088	0.00182	0.00349	0.86302	0.00358
87	0.00868	0.01469	0.47996	0.00918	0.01355	0.06399	0.03564	0.03265	0.02568	0.05605	0.03185	0.00888	0.00627	0.00364	0.00346	0.00104	0.00474	0.00290	0.00209	0.19507

[dist]
# distance from previous block
# <min> <max>
3	21

[block]
# block no. 2 follows, 73 sequences, length 32
# corresponding to MSA columns:
# 511-542
name=unknown_C
#
# <colnr> <probs for GDERKNQSTAVLIFYWHMCP>
#	G	D	E	R	K	N	Q	S	T	A	V	L	I	F	Y	W	H	M	C	P
0	0.09606	0.00840	0.01079	0.18632	0.16100	0.00926	0.00797	0.28157	0.08497	0.08150	0.00912	0.03105	0.00693	0.00429	0.00364	0.00118	0.00402	0.00352	0.00292	0.00550
1	0.00545	0.00368	0.00431	0.00431	0.00438	0.00375	0.00254	0.00559	0.00552	0.00743	0.01162	0.02346	0.01316	0.77446	0.11214	0.00390	0.00435	0.00530	0.00224	0.00239
2	0.00457	0.00326	0.00435	0.00522	0.00544	0.00305	0.00348	0.00522	0.00718	0.00958	0.02068	0.86570	0.02481	0.01175	0.00479	0.00152	0.00218	0.01067	0.00348	0.00305
3	0.01677	0.00649	0.00877	0.00672	0.00963	0.00567	0.00555	0.03849	0.01091	0.82690	0.01466	0.01268	0.00921	0.00464	0.00377	0.00116	0.00322	0.00376	0.00462	0.00638
4	0.01003	0.87041	0.01966	0.00642	0.00963	0.01485	0.00642	0.01123	0.00762	0.00883	0.00522	0.00602	0.00481	0.00321	0.00241	0.00080	0.00401	0.00201	0.00160	0.00481
5	0.00709	0.00667	0.01125	0.85913	0.02584	0.00834	0.01042	0.00959	0.00750	0.00959	0.00667	0.01000	0.00500	0.00375	0.00375	0.00125	0.00500	0.00333	0.00167	0.00417
6	0.00542	0.00378	0.00481	0.00481	0.00506	0.00403	0.00317	0.00592	0.00567	0.00781	0.01116	0.02091	0.01206	0.55673	0.32835	0.00452	0.00601	0.00492	0.00218	0.00267
7	0.00565	0.00391	0.00512	0.00478	0.00572	0.00360	0.00360	0.00741	0.01062	0.03980	0.81814	0.02757	0.03462	0.00758	0.00441	0.00118	0.00181	0.00670	0.00415	0.00362
8	0.00771	0.01936	0.82539	0.01066	0.01611	0.03221	0.01368	0.01197	0.00800	0.01181	0.00671	0.00789	0.00475	0.00357	0.00356	0.00118	0.00558	0.00276	0.00159	0.00551
9	0.89465	0.00726	0.00551	0.00493	0.00726	0.00842	0.00406	0.01103	0.00638	0.01683	0.00522	0.00609	0.00406	0.00348	0.00232	0.00116	0.00290	0.00203	0.00232	0.00406
10	0.00785	0.01102	0.28585	0.00797	0.01105	0.00798	0.00801	0.01461	0.40698	0.01363	0.05708	0.01575	0.12544	0.00532	0.00385	0.00124	0.00361	0.00439	0.00305	0.00530
11	0.00699	0.00350	0.00350	0.00350	0.00437	0.00350	0.00262	0.00874	0.00787	0.01399	0.01224	0.01399	0.00962	0.00437	0.00262	0.00087	0.00175	0.00350	0.88898	0.00350
12	0.00887	0.00731	0.00837	0.00607	0.00935	0.00612	0.00490	0.14794	0.00944	0.01415	0.00706	0.00799	0.00570	0.00307	0.00294	0.00065	0.00301	0.00242	0.00248	0.74217
13	0.00795	0.00763	0.01139	0.06512	0.43636	0.04253	0.00866	0.00963	0.00802	0.01091	0.01245	0.08391	0.12745	0.00656	0.04704	0.00148	0.10133	0.00459	0.00220	0.00480
14	0.00699	0.00350	0.00350	0.00350	0.00437	0.00350	0.00262	0.00874	0.00787	0.01399	0.01224	0.01399	0.00962	0.00437	0.00262	0.00087	0.00175	0.00350	0.88898	0.00350
15	0.38990	0.04192	0.01018	0.00816	0.02283	0.06004	0.09371	0.05701	0.00775	0.06965	0.00632	0.00770	0.00502	0.00430	0.00509	0.00125	0.19953	0.00281	0.00230	0.00454
16	0.00684	0.11622	0.00798	0.00609	0.00724	0.00616	0.00491	0.02613	0.00674	0.05847	0.00976	0.01381	0.00891	0.06083	0.63692	0.00485	0.00845	0.00380	0.00216	0.00374
17	0.00920	0.30048	0.27751	0.00862	0.04133	0.06869	0.00870	0.06170	0.03124	0.01134	0.00750	0.03237	0.01964	0.01667	0.00353	0.00104	0.01735	0.00290	0.00197	0.07824
18	0.24264	0.64344	0.01594	0.00603	0.00901	0.01315	0.00580	0.01118	0.00730	0.01093	0.00522	0.00604	0.00462	0.00328	0.00238	0.00090	0.00372	0.00201	0.00179	0.00462
19	0.01683	0.00638	0.00871	0.00668	0.00958	0.00551	0.00551	0.01828	0.01074	0.84734	0.01480	0.01277	0.00929	0.00464	0.00377	0.00116	0.00319	0.00377	0.00464	0.00638
20	0.00709	0.00667	0.01125	0.85913	0.02584	0.00834	0.01042	0.00959	0.00750	0.00959	0.00667	0.01000	0.00500	0.00375	0.00375	0.00125	0.00500	0.00333	0.00167	0.00417
21	0.89465	0.00726	0.00551	0.00493	0.00726	0.00842	0.00406	0.01103	0.00638	0.01683	0.00522	0.00609	0.00406	0.00348	0.00232	0.00116	0.00290	0.00203	0.00232	0.00406
22	0.01003	0.87041	0.01966	0.00642	0.00963	0.01485	0.00642	0.01123	0.00762	0.00883	0.00522	0.00602	0.00481	0.00321	0.00241	0.00080	0.00401	0.00201	0.00160	0.00481
23	0.00886	0.01012	0.02214	0.01581	0.01961	0.00949	0.83112	0.01202	0.00886	0.01202	0.00759	0.01012	0.00569	0.00316	0.00443	0.00127	0.00633	0.00443	0.00190	0.00506
24	0.00699	0.00350	0.00350	0.00350	0.00437	0.00350	0.00262	0.00874	0.00787	0.01399	0.01224	0.01399	0.00962	0.00437	0.00262	0.00087	0.00175	0.00350	0.88898	0.00350
25	0.00990	0.82522	0.06368	0.00665	0.00998	0.01452	0.00681	0.01127	0.00764	0.00899	0.00530	0.00612	0.00481	0.00323	0.00247	0.00082	0.00409	0.00205	0.00160	0.00485
26	0.14047	0.00842	0.01190	0.02842	0.45435	0.03118	0.01939	0.07140	0.04222	0.09122	0.02596	0.02082	0.00724	0.02645	0.00395	0.00121	0.00402	0.00344	0.00248	0.00547
27	0.00699	0.00350	0.00350	0.00350	0.00437	0.00350	0.00262	0.00874	0.00787	0.01399	0.01224	0.01399	0.00962	0.00437	0.00262	0.00087	0.00175	0.00350	0.88898	0.00350
28	0.63599	0.00775	0.00673	0.00573	0.00814	0.00882	0.00470	0.17122	0.03997	0.03562	0.00682	0.00742	0.00512	0.00380	0.00270	0.00115	0.00310	0.00247	0.03814	0.00461
29	0.07735	0.01046	0.01122	0.14043	0.03585	0.21686	0.09286	0.16071	0.02996	0.05902	0.05216	0.03113	0.00772	0.00447	0.00417	0.00117	0.05350	0.00354	0.00258	0.00484
30	0.00595	0.00473	0.00584	0.00607	0.00691	0.00490	0.02176	0.00937	0.23325	0.01131	0.01931	0.59773	0.03859	0.00971	0.00451	0.00144	0.00247	0.00873	0.00354	0.00388
31	0.00466	0.00333	0.00445	0.00523	0.00547	0.00318	0.00351	0.00533	0.00703	0.00942	0.01957	0.77093	0.02328	0.05121	0.06236	0.00192	0.00277	0.00999	0.00333	0.00303

[dist]
# distance from previous block
# <min> <max>
4	29

[block]
# block no. 3 follows, 73 sequences, length 10
# corresponding to MSA columns:
# 573-582
name=unknown_D
#
# <colnr> <probs for GDERKNQSTAVLIFYWHMCP>
#	G	D	E	R	K	N	Q	S	T	A	V	L	I	F	Y	W	H	M	C	P
0	0.00457	0.00326	0.00435	0.00522	0.00544	0.00305	0.00348	0.00522	0.00718	0.00958	0.02068	0.86570	0.02481	0.01175	0.00479	0.00152	0.00218	0.01067	0.00348	0.00305
1	0.00496	0.00410	0.00492	0.00557	0.06652	0.00363	0.00369	0.00609	0.00870	0.01104	0.16871	0.15371	0.52679	0.00907	0.00443	0.00128	0.00211	0.00779	0.00347	0.00342
2	0.01230	0.12774	0.08201	0.01120	0.12819	0.55588	0.00829	0.01375	0.00972	0.00979	0.00598	0.00712	0.00498	0.00368	0.00332	0.00098	0.00598	0.00252	0.00185	0.00473
3	0.00792	0.00688	0.00847	0.00719	0.08681	0.00537	0.00510	0.00964	0.00785	0.01223	0.00670	0.00792	0.00559	0.00283	0.00287	0.00061	0.00293	0.00233	0.00219	0.80857
4	0.00738	0.00695	0.01165	0.68601	0.14356	0.00837	0.01030	0.00977	0.00769	0.01012	0.03209	0.01039	0.00606	0.00390	0.00403	0.00124	0.03086	0.00344	0.00177	0.00440
5	0.00764	0.00412	0.00418	0.00395	0.00501	0.00422	0.00302	0.08170	0.00873	0.01484	0.01195	0.01355	0.00933	0.00438	0.00272	0.00090	0.00196	0.00349	0.81055	0.00375
6	0.00876	0.00803	0.01312	0.01905	0.65002	0.00805	0.00985	0.05533	0.00900	0.01272	0.05738	0.11284	0.00994	0.00466	0.00389	0.00117	0.00401	0.00442	0.00229	0.00548
7	0.00598	0.05437	0.00602	0.02944	0.00675	0.00443	0.00417	0.00718	0.00859	0.05684	0.21876	0.29788	0.17894	0.00901	0.00459	0.00134	0.01897	0.07965	0.00350	0.00356
8	0.01032	0.46089	0.04094	0.00672	0.00927	0.18810	0.00609	0.03918	0.00865	0.01054	0.00693	0.00794	0.00583	0.00364	0.00274	0.00087	0.00419	0.00246	0.18018	0.00453
9	0.36252	0.03375	0.00918	0.06852	0.11741	0.10421	0.00639	0.10620	0.05702	0.01495	0.00677	0.00780	0.00531	0.00367	0.00302	0.00108	0.00385	0.00263	0.00239	0.08333

[dist]
# distance from previous block
# <min> <max>
0	2

[block]
# block no. 4 follows, 73 sequences, length 28
# corresponding to MSA columns:
# 585-612
name=unknown_E
#
# <colnr> <probs for GDERKNQSTAVLIFYWHMCP>
#	G	D	E	R	K	N	Q	S	T	A	V	L	I	F	Y	W	H	M	C	P
0	0.04560	0.00866	0.02283	0.00806	0.01037	0.06737	0.02461	0.15454	0.07648	0.37134	0.01083	0.01062	0.00754	0.00485	0.00523	0.00124	0.15716	0.00350	0.00351	0.00567
1	0.01005	0.00852	0.04058	0.01009	0.13404	0.00874	0.03244	0.09212	0.44824	0.08069	0.04685	0.01271	0.01031	0.00463	0.00378	0.00119	0.00345	0.00396	0.00339	0.04419
2	0.00728	0.00611	0.00723	0.00544	0.00828	0.00470	0.00428	0.00889	0.00808	0.01239	0.10767	0.06484	0.01036	0.00394	0.00310	0.00069	0.00262	0.00331	0.00253	0.72826
3	0.00681	0.02341	0.22178	0.00691	0.00937	0.02522	0.02632	0.04648	0.07341	0.01361	0.35201	0.02091	0.14606	0.00629	0.00407	0.00119	0.00321	0.00535	0.00319	0.00438
4	0.00902	0.00785	0.07279	0.07464	0.09266	0.00681	0.04325	0.03215	0.14156	0.11440	0.10196	0.02494	0.02010	0.00449	0.00366	0.00105	0.00348	0.01753	0.00293	0.22471
5	0.00778	0.00738	0.01251	0.59564	0.28391	0.00852	0.01076	0.01019	0.00783	0.01043	0.00679	0.00978	0.00530	0.00362	0.00374	0.00121	0.00483	0.00334	0.00173	0.00473
6	0.00895	0.20749	0.13623	0.03155	0.09801	0.05392	0.02979	0.05314	0.05007	0.03373	0.03412	0.04156	0.03236	0.05411	0.02149	0.00129	0.02358	0.00353	0.00226	0.08281
7	0.01202	0.00939	0.00999	0.00818	0.01078	0.01059	0.00659	0.46218	0.39136	0.02002	0.01186	0.01128	0.00869	0.00477	0.00378	0.00119	0.00360	0.00377	0.00378	0.00618
8	0.01017	0.13375	0.02370	0.08823	0.31539	0.04207	0.00853	0.05630	0.16290	0.08626	0.00979	0.01060	0.02801	0.00404	0.00356	0.00111	0.00407	0.00343	0.00255	0.00555
9	0.00821	0.00821	0.01149	0.00985	0.00985	0.01149	0.00821	0.00903	0.00575	0.00903	0.00492	0.00821	0.00492	0.00657	0.01231	0.00164	0.86128	0.00328	0.00164	0.00410
10	0.00571	0.00397	0.00494	0.00520	0.00614	0.00364	0.00399	0.00700	0.01919	0.05877	0.13933	0.26810	0.26828	0.00973	0.00465	0.00142	0.00238	0.18047	0.00364	0.00347
11	0.00566	0.00403	0.00516	0.00506	0.00532	0.00445	0.00345	0.00623	0.00577	0.00816	0.01084	0.01982	0.01151	0.49658	0.29738	0.00420	0.05684	0.00476	0.04199	0.00280
12	0.00465	0.00345	0.00438	0.00500	0.00546	0.00320	0.00346	0.00543	0.00746	0.00974	0.03870	0.60966	0.18246	0.03092	0.04317	0.00172	0.00254	0.03210	0.00340	0.00309
13	0.00929	0.07191	0.02366	0.30304	0.21341	0.03969	0.02556	0.14180	0.00959	0.03093	0.00841	0.06852	0.00718	0.00439	0.00372	0.00117	0.00446	0.01513	0.01314	0.00499
14	0.00456	0.00329	0.00433	0.00516	0.00542	0.00305	0.00345	0.00523	0.00724	0.00960	0.02146	0.82817	0.06184	0.01165	0.00477	0.00151	0.00216	0.01054	0.00348	0.00305
15	0.06668	0.59753	0.02957	0.00708	0.02297	0.11883	0.00646	0.01219	0.02652	0.04961	0.00606	0.00675	0.00517	0.00342	0.00267	0.00088	0.00422	0.00223	0.00191	0.02927
16	0.02960	0.05583	0.16120	0.03300	0.36868	0.00822	0.00960	0.03634	0.02289	0.14742	0.03518	0.04892	0.00821	0.00426	0.00369	0.00115	0.00417	0.01356	0.00250	0.00558
17	0.00497	0.00366	0.00491	0.00541	0.00593	0.00342	0.02192	0.00601	0.02599	0.01984	0.05926	0.68461	0.09985	0.01091	0.00471	0.00147	0.00228	0.02811	0.00350	0.00324
18	0.00882	0.01190	0.18586	0.02678	0.07226	0.02283	0.57587	0.01208	0.00869	0.02652	0.00747	0.00962	0.00556	0.00330	0.00417	0.00123	0.00598	0.00397	0.00188	0.00521
19	0.07250	0.09338	0.09717	0.00841	0.10808	0.02129	0.00661	0.04673	0.00832	0.03135	0.00675	0.00783	0.00545	0.00315	0.00298	0.00080	0.00353	0.00247	0.00218	0.47104
20	0.00881	0.10010	0.21208	0.14199	0.10072	0.01760	0.15905	0.03405	0.04386	0.05342	0.00822	0.04869	0.00661	0.00395	0.00369	0.00115	0.00480	0.00360	0.00211	0.04549
21	0.00553	0.00481	0.02674	0.00521	0.00640	0.00441	0.00401	0.00824	0.14885	0.01153	0.11301	0.24672	0.35214	0.00903	0.00443	0.00134	0.00229	0.03802	0.00356	0.00372
22	0.00863	0.05551	0.40061	0.02202	0.10453	0.02541	0.02188	0.03593	0.05941	0.07639	0.11462	0.02589	0.02396	0.00448	0.00372	0.00117	0.00441	0.00373	0.00245	0.00528
23	0.03024	0.11032	0.29337	0.01066	0.13467	0.03068	0.01887	0.09852	0.02265	0.14087	0.02702	0.00926	0.00663	0.00384	0.00347	0.00109	0.00443	0.00307	0.00247	0.04788
24	0.00673	0.00335	0.00495	0.00490	0.00497	0.00333	0.00327	0.00525	0.00506	0.02746	0.00696	0.01203	0.00691	0.05138	0.01459	0.82872	0.00327	0.00337	0.00173	0.00178
25	0.00656	0.00435	0.00527	0.00499	0.00588	0.00421	0.00360	0.05801	0.00869	0.06904	0.23999	0.08576	0.13494	0.25980	0.05401	0.00221	0.00312	0.04279	0.00332	0.00344
26	0.02371	0.08973	0.11619	0.07779	0.27239	0.05044	0.06971	0.04350	0.01860	0.12349	0.00887	0.02855	0.02068	0.00409	0.00388	0.00115	0.02724	0.01229	0.00234	0.00537
27	0.03505	0.05783	0.17348	0.04442	0.33063	0.04717	0.07869	0.05370	0.02325	0.02637	0.01595	0.00896	0.00592	0.00371	0.00403	0.00114	0.04796	0.00319	0.00201	0.03657

[dist]
# distance from previous block
# <min> <max>
1	3

[block]
# block no. 5 follows, 73 sequences, length 10
# corresponding to MSA columns:
# 616-625
name=unknown_F
#
# <colnr> <probs for GDERKNQSTAVLIFYWHMCP>
#	G	D	E	R	K	N	Q	S	T	A	V	L	I	F	Y	W	H	M	C	P
0	0.04152	0.07010	0.30522	0.05155	0.22033	0.05297	0.05234	0.05197	0.03739	0.04052	0.00750	0.02146	0.00586	0.00380	0.00374	0.00115	0.02196	0.00317	0.00203	0.00541
1	0.67226	0.00834	0.02829	0.00640	0.03527	0.07004	0.00509	0.01126	0.02485	0.01519	0.00576	0.00694	0.00463	0.00473	0.03782	0.00137	0.05299	0.00232	0.00224	0.00420
2	0.19344	0.10039	0.02778	0.02346	0.19176	0.08659	0.02341	0.02543	0.02191	0.13030	0.03495	0.00988	0.02226	0.01406	0.00407	0.00116	0.06348	0.00315	0.01756	0.00496
3	0.00652	0.00326	0.00489	0.00489	0.00489	0.00326	0.00326	0.00489	0.00489	0.00652	0.00652	0.01140	0.00652	0.01303	0.01466	0.89084	0.00326	0.00326	0.00163	0.00163
4	0.04215	0.00965	0.01044	0.00797	0.01099	0.01027	0.00656	0.64720	0.01551	0.06011	0.00881	0.00891	0.00632	0.00422	0.00356	0.00105	0.00385	0.00318	0.00352	0.13571
5	0.05926	0.02717	0.02878	0.07102	0.18858	0.05691	0.05793	0.10591	0.08145	0.15060	0.01041	0.01099	0.04458	0.00412	0.00360	0.00110	0.00403	0.00350	0.00281	0.08724
6	0.01404	0.01727	0.01068	0.00958	0.01160	0.78360	0.00724	0.08247	0.01121	0.01038	0.00606	0.00695	0.00496	0.00392	0.00341	0.00098	0.00655	0.00250	0.00208	0.00452
7	0.27507	0.00722	0.00753	0.00617	0.00858	0.00762	0.00503	0.20039	0.04804	0.24509	0.01127	0.01104	0.03993	0.00445	0.00323	0.00113	0.00309	0.00332	0.10660	0.00521
8	0.00727	0.00665	0.02626	0.08224	0.25187	0.00646	0.05166	0.04650	0.04039	0.01312	0.25827	0.01987	0.14811	0.00586	0.00411	0.00120	0.00334	0.01928	0.00295	0.00457
9	0.03134	0.02135	0.00882	0.00725	0.00935	0.03974	0.05503	0.16123	0.17104	0.14507	0.05248	0.06408	0.14198	0.02033	0.00442	0.00128	0.02128	0.03537	0.00353	0.00502

[dist]
# distance from previous block
# <min> <max>
0	5

[block]
# block no. 6 follows, 73 sequences, length 6
# corresponding to MSA columns:
# 631-636
name=unknown_G
#
# <colnr> <probs for GDERKNQSTAVLIFYWHMCP>
#	G	D	E	R	K	N	Q	S	T	A	V	L	I	F	Y	W	H	M	C	P
0	0.00453	0.00375	0.00386	0.00392	0.00501	0.00320	0.00284	0.00538	0.00819	0.00985	0.03453	0.09116	0.71486	0.08527	0.00575	0.00149	0.00207	0.00789	0.00338	0.00308
1	0.00852	0.00687	0.00742	0.00670	0.00859	0.00759	0.00519	0.01627	0.58239	0.05508	0.11422	0.01875	0.13431	0.00600	0.00397	0.00126	0.00269	0.00504	0.00385	0.00528
2	0.01013	0.19626	0.18400	0.04079	0.15046	0.10346	0.10762	0.09404	0.00933	0.03232	0.00682	0.00818	0.00537	0.00366	0.00374	0.00109	0.03246	0.00298	0.00201	0.00528
3	0.12788	0.00927	0.00949	0.00752	0.01023	0.08995	0.00613	0.32923	0.01246	0.26070	0.00962	0.00941	0.00668	0.00431	0.00375	0.00110	0.03169	0.00315	0.00348	0.06395
4	0.00657	0.00408	0.00630	0.20212	0.00966	0.00446	0.00484	0.00602	0.00554	0.00728	0.00697	0.01211	0.00672	0.07757	0.01249	0.61620	0.00369	0.00345	0.00169	0.00227
5	0.00483	0.00353	0.00451	0.00519	0.00566	0.00330	0.00371	0.00566	0.00753	0.00979	0.02285	0.55771	0.15584	0.05930	0.00560	0.00163	0.00241	0.13445	0.00341	0.00309

[dist]
# distance from previous block
# <min> <max>
0	1

[block]
# block no. 7 follows, 73 sequences, length 21
# corresponding to MSA columns:
# 638-650,653-660
name=unknown_H
#
# <colnr> <probs for GDERKNQSTAVLIFYWHMCP>
#	G	D	E	R	K	N	Q	S	T	A	V	L	I	F	Y	W	H	M	C	P
0	0.03399	0.14650	0.03605	0.08361	0.48577	0.07365	0.03311	0.01188	0.02699	0.02419	0.00690	0.00869	0.00569	0.00346	0.00347	0.00108	0.00459	0.00307	0.00190	0.00542
1	0.06167	0.09446	0.22506	0.08848	0.16264	0.08008	0.10429	0.02725	0.03859	0.04188	0.00768	0.02345	0.00613	0.00385	0.00358	0.00115	0.00489	0.01766	0.00205	0.00516
2	0.86489	0.00766	0.03380	0.00513	0.00756	0.00843	0.00439	0.01106	0.00644	0.01667	0.00527	0.00616	0.00409	0.00349	0.00236	0.00116	0.00299	0.00206	0.00230	0.00411
3	0.00457	0.00326	0.00435	0.00522	0.00544	0.00305	0.00348	0.00522	0.00718	0.00958	0.02068	0.86570	0.02481	0.01175	0.00479	0.00152	0.00218	0.01067	0.00348	0.00305
4	0.00819	0.02060	0.16095	0.15843	0.28472	0.02187	0.13479	0.01076	0.00813	0.01132	0.02614	0.04988	0.00724	0.00426	0.00444	0.00123	0.06169	0.01840	0.00192	0.00505
5	0.07446	0.04474	0.04188	0.00651	0.02566	0.00650	0.01651	0.07549	0.00858	0.04033	0.00697	0.00790	0.00558	0.00309	0.00291	0.00072	0.00315	0.00241	0.00237	0.62422
6	0.00789	0.00704	0.01062	0.64881	0.02180	0.00855	0.00927	0.07659	0.11528	0.01141	0.00816	0.01099	0.00627	0.03685	0.00434	0.00133	0.00462	0.00354	0.00213	0.00450
7	0.23532	0.00614	0.00626	0.00521	0.00732	0.00623	0.00419	0.11178	0.00909	0.13592	0.00972	0.01040	0.00724	0.00400	0.00287	0.00098	0.00267	0.00299	0.31383	0.11783
8	0.00464	0.00377	0.00413	0.00427	0.00534	0.00326	0.00320	0.00568	0.00858	0.01061	0.11251	0.14435	0.60568	0.00967	0.00453	0.00132	0.00202	0.05969	0.00354	0.00321
9	0.00968	0.00823	0.00868	0.00771	0.00989	0.00950	0.00602	0.07771	0.77962	0.01626	0.01482	0.01364	0.01109	0.00505	0.00381	0.00126	0.00305	0.00418	0.00381	0.00597
10	0.00709	0.00667	0.01125	0.85913	0.02584	0.00834	0.01042	0.00959	0.00750	0.00959	0.00667	0.01000	0.00500	0.00375	0.00375	0.00125	0.00500	0.00333	0.00167	0.00417
11	0.01003	0.87041	0.01966	0.00642	0.00963	0.01485	0.00642	0.01123	0.00762	0.00883	0.00522	0.00602	0.00481	0.00321	0.00241	0.00080	0.00401	0.00201	0.00160	0.00481
12	0.00459	0.00329	0.00436	0.00517	0.00544	0.00306	0.00347	0.00527	0.00730	0.00973	0.04139	0.82333	0.04651	0.01159	0.00477	0.00151	0.00216	0.01050	0.00350	0.00306
13	0.00883	0.00852	0.06480	0.04362	0.42865	0.00805	0.00897	0.08112	0.09896	0.02583	0.12374	0.01368	0.04560	0.01835	0.00409	0.00120	0.00385	0.00411	0.00263	0.00540
14	0.00652	0.00326	0.00489	0.00489	0.00489	0.00326	0.00326	0.00489	0.00489	0.00652	0.00652	0.01140	0.00652	0.01303	0.01466	0.89084	0.00326	0.00326	0.00163	0.00163
15	0.89465	0.00726	0.00551	0.00493	0.00726	0.00842	0.00406	0.01103	0.00638	0.01683	0.00522	0.00609	0.00406	0.00348	0.00232	0.00116	0.00290	0.00203	0.00232	0.00406
16	0.00705	0.00567	0.00652	0.00598	0.00741	0.00605	0.00458	0.01266	0.36953	0.01533	0.48379	0.02194	0.02501	0.00655	0.00416	0.00122	0.00229	0.00568	0.00399	0.00458
17	0.00825	0.00712	0.03131	0.03245	0.03720	0.00547	0.00521	0.01026	0.02970	0.05034	0.00728	0.00829	0.00586	0.00299	0.00293	0.00066	0.00300	0.00243	0.00233	0.74691
18	0.00538	0.00385	0.00482	0.00463	0.00559	0.00348	0.00345	0.00689	0.00993	0.03571	0.59360	0.09861	0.19352	0.00829	0.00444	0.00123	0.00187	0.00725	0.00396	0.00350
19	0.00801	0.00681	0.00791	0.00567	0.00899	0.00524	0.00454	0.03929	0.00814	0.01264	0.00675	0.00782	0.00559	0.00284	0.00281	0.00058	0.00283	0.00226	0.00228	0.85900
