[name]
unknown

[dist]
# distance from previous block
# <min> <max>
0	490

[block]
# block no. 0 follows, 80 sequences, length 14
# corresponding to MSA columns:
# 525-538
name=unknown_A
#
# <colnr> <probs for GDERKNQSTAVLIFYWHMCP>
#	G	D	E	R	K	N	Q	S	T	A	V	L	I	F	Y	W	H	M	C	P
0	0.00800	0.46241	0.19404	0.00686	0.00975	0.02394	0.00712	0.01026	0.05770	0.00947	0.00840	0.09908	0.00813	0.00458	0.00302	0.00100	0.00380	0.07611	0.00195	0.00440
1	0.00736	0.04178	0.06173	0.00582	0.00736	0.04550	0.00475	0.12675	0.00895	0.06267	0.11349	0.35355	0.04253	0.00712	0.00379	0.00115	0.00278	0.00615	0.03732	0.05946
2	0.04577	0.00919	0.04002	0.00968	0.14235	0.06022	0.00698	0.36612	0.08329	0.03656	0.00923	0.00971	0.04612	0.00421	0.00390	0.00106	0.05996	0.00322	0.00279	0.05963
3	0.00635	0.06092	0.00600	0.00534	0.00638	0.00468	0.00397	0.00844	0.12561	0.08462	0.01759	0.51222	0.06970	0.00848	0.00402	0.00127	0.00236	0.03090	0.00322	0.03793
4	0.00691	0.00579	0.00693	0.06094	0.00875	0.00463	0.00429	0.00849	0.00736	0.01132	0.04243	0.00973	0.04667	0.00321	0.00277	0.00063	0.00258	0.00263	0.05577	0.70816
5	0.00765	0.00702	0.01139	0.18746	0.51037	0.00734	0.00895	0.00999	0.04748	0.01094	0.00937	0.04395	0.05734	0.00397	0.00348	0.00108	0.00379	0.00367	0.05995	0.00479
6	0.01460	0.00748	0.07712	0.00678	0.00969	0.00621	0.00598	0.13852	0.01072	0.66636	0.01236	0.01100	0.00790	0.00422	0.00349	0.00108	0.00327	0.00338	0.00397	0.00587
7	0.00896	0.00764	0.00805	0.00716	0.00918	0.00881	0.00559	0.06981	0.79758	0.01505	0.01384	0.01273	0.01036	0.00470	0.00355	0.00117	0.00283	0.00389	0.00355	0.00555
8	0.00527	0.00366	0.00473	0.00444	0.00536	0.00335	0.00337	0.00685	0.00969	0.04332	0.74271	0.02646	0.09158	0.00722	0.00411	0.00112	0.00174	0.02786	0.00380	0.00336
9	0.03471	0.11341	0.11018	0.01109	0.01436	0.08173	0.41235	0.09212	0.03801	0.03674	0.00723	0.01919	0.00556	0.00337	0.00357	0.00108	0.00505	0.00341	0.00204	0.00481
10	0.00873	0.07850	0.01413	0.07287	0.70526	0.00879	0.01012	0.04003	0.00811	0.01136	0.00647	0.00842	0.00540	0.00316	0.00336	0.00102	0.00413	0.00301	0.00176	0.00535
11	0.00440	0.00348	0.00397	0.00421	0.00507	0.00310	0.00313	0.00531	0.00763	0.00952	0.06765	0.20989	0.50520	0.04118	0.02201	0.00144	0.00218	0.09450	0.00320	0.00294
12	0.00533	0.00371	0.00431	0.00412	0.00524	0.00323	0.00310	0.00648	0.00866	0.07935	0.30040	0.08487	0.46237	0.00805	0.00409	0.00116	0.00184	0.00688	0.00352	0.00329
13	0.07673	0.00957	0.07856	0.00852	0.02979	0.05628	0.06529	0.28525	0.20069	0.05890	0.00908	0.00965	0.00681	0.00426	0.00407	0.00113	0.07267	0.01465	0.00287	0.00521

[dist]
# distance from previous block
# <min> <max>
3	21

[block]
# block no. 1 follows, 80 sequences, length 71
# corresponding to MSA columns:
# 575-590,602-633,635-657
name=unknown_B
#
# <colnr> <probs for GDERKNQSTAVLIFYWHMCP>
#	G	D	E	R	K	N	Q	S	T	A	V	L	I	F	Y	W	H	M	C	P
0	0.00509	0.00398	0.00534	0.03666	0.00664	0.00390	0.03176	0.03308	0.00764	0.01002	0.10319	0.24943	0.22645	0.05295	0.11007	0.00193	0.00331	0.10247	0.00297	0.00315
1	0.08525	0.00710	0.00775	0.00655	0.00864	0.01402	0.00526	0.20966	0.29256	0.14888	0.12530	0.01397	0.02142	0.00494	0.00354	0.00113	0.00292	0.03245	0.00355	0.00512
2	0.00590	0.00361	0.00421	0.00407	0.00474	0.00343	0.00282	0.00677	0.00720	0.06841	0.17166	0.03071	0.13254	0.33962	0.02192	0.00202	0.00258	0.03050	0.15433	0.00296
3	0.05268	0.00821	0.00941	0.00728	0.00999	0.02702	0.03135	0.40037	0.06370	0.27172	0.00993	0.00949	0.00683	0.00405	0.00338	0.00103	0.00348	0.00317	0.00349	0.07342
4	0.00841	0.00806	0.01375	0.11483	0.76396	0.00823	0.01060	0.01051	0.00784	0.01113	0.00652	0.00871	0.00543	0.00315	0.00346	0.00105	0.00420	0.00311	0.00171	0.00534
5	0.00800	0.34490	0.47555	0.00852	0.01270	0.01853	0.04603	0.01080	0.00732	0.00996	0.00575	0.00677	0.00450	0.00316	0.00292	0.00096	0.00460	0.00236	0.00151	0.02516
6	0.02313	0.00621	0.00764	0.00622	0.00844	0.00610	0.00501	0.09250	0.18294	0.44790	0.16098	0.01420	0.01301	0.00487	0.00361	0.00110	0.00277	0.00404	0.00397	0.00536
7	0.00707	0.00668	0.01129	0.63565	0.23680	0.00780	0.00983	0.00930	0.00722	0.00955	0.00654	0.02529	0.00522	0.00353	0.00350	0.00114	0.00447	0.00323	0.00163	0.00428
8	0.00867	0.49838	0.32364	0.00779	0.01157	0.01121	0.04326	0.01094	0.00734	0.04036	0.00578	0.00663	0.00464	0.00315	0.00275	0.00091	0.00431	0.00228	0.00160	0.00479
9	0.00521	0.00359	0.00459	0.00493	0.00554	0.00342	0.00356	0.00600	0.00724	0.06510	0.03666	0.54409	0.19582	0.00971	0.00464	0.00135	0.03980	0.05237	0.00325	0.00313
10	0.00438	0.00329	0.00395	0.00435	0.00490	0.00299	0.00301	0.00512	0.00723	0.00932	0.09117	0.44250	0.28492	0.08907	0.00555	0.00150	0.00207	0.02865	0.00318	0.00285
11	0.00658	0.00495	0.00608	0.00603	0.05274	0.00474	0.03131	0.03336	0.12500	0.08642	0.02456	0.06109	0.43993	0.02967	0.00435	0.00126	0.00250	0.07235	0.00323	0.00385
12	0.00905	0.16656	0.39704	0.01010	0.10713	0.11670	0.02009	0.03084	0.04460	0.05671	0.00675	0.00760	0.00511	0.00340	0.00316	0.00101	0.00469	0.00261	0.00184	0.00501
13	0.00827	0.00484	0.00525	0.00466	0.00595	0.00504	0.00362	0.19128	0.00930	0.06053	0.01118	0.05821	0.00909	0.02336	0.04052	0.00117	0.00258	0.00366	0.54757	0.00393
14	0.13796	0.00466	0.00479	0.00431	0.00570	0.00479	0.00337	0.08332	0.00824	0.11647	0.01151	0.04942	0.03341	0.00443	0.00276	0.00094	0.00216	0.00349	0.51441	0.00386
15	0.00551	0.00439	0.00587	0.05304	0.08235	0.00433	0.00441	0.00707	0.02999	0.03076	0.33224	0.12539	0.24888	0.00732	0.00435	0.00118	0.03990	0.00630	0.00320	0.00352
16	0.00684	0.01639	0.74875	0.00973	0.01440	0.00773	0.04812	0.01056	0.00731	0.01084	0.00710	0.05482	0.00561	0.00445	0.03129	0.00127	0.00515	0.00308	0.00159	0.00494
17	0.00510	0.00337	0.00382	0.00382	0.00382	0.00337	0.00214	0.00506	0.00506	0.00675	0.01087	0.02252	0.01251	0.85517	0.01765	0.02636	0.00337	0.00502	0.00210	0.00210
18	0.00420	0.00341	0.00372	0.00391	0.00483	0.00294	0.00283	0.00506	0.00775	0.00955	0.07652	0.23888	0.60576	0.00925	0.00420	0.00123	0.00182	0.00793	0.00327	0.00294
19	0.00787	0.00703	0.00882	0.02834	0.08061	0.03572	0.00668	0.06256	0.21325	0.01150	0.01117	0.05673	0.01054	0.00627	0.00610	0.00136	0.25058	0.18792	0.00262	0.00434
20	0.00528	0.00397	0.00512	0.00542	0.00600	0.00406	0.00410	0.02453	0.00731	0.03044	0.02012	0.45587	0.16586	0.00955	0.00510	0.00140	0.08719	0.15241	0.00310	0.00316
21	0.00426	0.00337	0.00383	0.00407	0.00488	0.00295	0.00292	0.00514	0.00775	0.00977	0.12275	0.30988	0.48744	0.00933	0.00423	0.00125	0.00184	0.00809	0.00331	0.00295
22	0.01293	0.00884	0.00968	0.00755	0.01019	0.00961	0.00619	0.62528	0.09809	0.13421	0.00977	0.00945	0.00686	0.00426	0.00347	0.00106	0.00355	0.00327	0.02992	0.00581
23	0.03789	0.00820	0.00894	0.00722	0.00953	0.00895	0.00582	0.54554	0.11136	0.07523	0.03548	0.11033	0.00939	0.00510	0.00359	0.00111	0.00335	0.00410	0.00349	0.00538
24	0.00719	0.05232	0.58777	0.01008	0.03881	0.00795	0.09690	0.02580	0.00771	0.01106	0.00812	0.01153	0.01836	0.00406	0.00354	0.00115	0.00485	0.09619	0.00177	0.00486
25	0.01513	0.00678	0.00862	0.00661	0.00933	0.00638	0.00546	0.19881	0.01140	0.67423	0.01258	0.01111	0.00804	0.00429	0.00350	0.00107	0.00316	0.00343	0.00414	0.00594
26	0.01281	0.01510	0.00985	0.00874	0.01069	0.68933	0.00665	0.13462	0.06030	0.01085	0.00635	0.00699	0.00507	0.00375	0.00322	0.00094	0.00573	0.00248	0.00215	0.00441
27	0.00725	0.15542	0.50820	0.05564	0.04045	0.00853	0.01010	0.01068	0.05694	0.01052	0.00844	0.04700	0.03705	0.00404	0.00328	0.00108	0.00441	0.02437	0.00180	0.00478
28	0.00537	0.00379	0.00436	0.00436	0.00550	0.00335	0.00337	0.00654	0.01878	0.07786	0.09865	0.11394	0.51970	0.00859	0.00419	0.00124	0.00207	0.11169	0.00338	0.00327
29	0.01033	0.00525	0.00598	0.00499	0.00670	0.00522	0.00399	0.17104	0.00980	0.24847	0.01146	0.01181	0.00828	0.00416	0.00294	0.00093	0.00242	0.00330	0.47842	0.00451
30	0.00716	0.07841	0.80036	0.00967	0.01467	0.00850	0.01241	0.01101	0.00735	0.01085	0.00616	0.00724	0.00442	0.00329	0.00324	0.00108	0.00506	0.00253	0.00147	0.00511
31	0.00888	0.00885	0.04056	0.06960	0.56379	0.06840	0.06011	0.04576	0.00836	0.03306	0.00743	0.05568	0.00640	0.00366	0.00353	0.00107	0.00431	0.00347	0.00194	0.00514
32	0.02620	0.17990	0.63027	0.00897	0.01350	0.00934	0.01101	0.06268	0.00785	0.01129	0.00610	0.00706	0.00451	0.00331	0.00310	0.00103	0.00476	0.00246	0.00162	0.00505
33	0.04008	0.00811	0.01000	0.00960	0.15456	0.05417	0.02572	0.26613	0.01952	0.33118	0.01008	0.02558	0.00712	0.00409	0.00345	0.00106	0.00363	0.00334	0.01700	0.00557
34	0.00845	0.00810	0.01383	0.09754	0.78092	0.00824	0.01062	0.01055	0.00786	0.01118	0.00653	0.00870	0.00545	0.00314	0.00346	0.00105	0.00419	0.00311	0.00171	0.00538
35	0.00864	0.00829	0.01416	0.02142	0.85561	0.00829	0.01071	0.01071	0.00794	0.01140	0.00656	0.00864	0.00553	0.00311	0.00345	0.00104	0.00415	0.00311	0.00173	0.00553
36	0.00868	0.00750	0.00789	0.00710	0.00907	0.00868	0.00552	0.01854	0.84931	0.01460	0.01420	0.01302	0.01065	0.00473	0.00355	0.00118	0.00276	0.00394	0.00355	0.00552
37	0.00417	0.00352	0.00361	0.00367	0.00479	0.00297	0.00275	0.00506	0.00790	0.00943	0.03420	0.07166	0.79617	0.00895	0.00416	0.00120	0.00181	0.02781	0.00324	0.00295
38	0.06219	0.00689	0.00822	0.00654	0.00905	0.01876	0.00533	0.15045	0.12265	0.53140	0.01248	0.03232	0.00850	0.00445	0.00346	0.00109	0.00309	0.00356	0.00390	0.00566
39	0.02906	0.00577	0.00676	0.00553	0.00734	0.00572	0.00437	0.07686	0.05344	0.04022	0.02758	0.01067	0.00757	0.05683	0.06389	0.00132	0.09536	0.00301	0.16926	0.32944
40	0.00801	0.26594	0.57071	0.00869	0.01310	0.00989	0.01056	0.05614	0.00778	0.01083	0.00597	0.00691	0.00452	0.00327	0.00301	0.00100	0.00467	0.00240	0.00159	0.00500
41	0.00763	0.00763	0.01069	0.00916	0.00916	0.01069	0.00763	0.00840	0.00534	0.00840	0.00458	0.00763	0.00458	0.00611	0.01145	0.00153	0.87099	0.00305	0.00153	0.00382
42	0.00463	0.00353	0.00421	0.00408	0.00499	0.00316	0.00302	0.00592	0.00895	0.01198	0.50899	0.05370	0.32842	0.03350	0.00453	0.00120	0.00175	0.00676	0.00356	0.00312
43	0.00533	0.00496	0.05273	0.00520	0.01543	0.00439	0.00409	0.00787	0.14033	0.01067	0.14360	0.15565	0.28570	0.05681	0.08963	0.00176	0.00300	0.00627	0.00306	0.00351
44	0.01617	0.00882	0.07107	0.06035	0.48566	0.01503	0.04263	0.10333	0.07650	0.04740	0.00772	0.00918	0.00606	0.00414	0.02975	0.00121	0.00428	0.00320	0.00216	0.00535
45	0.01548	0.00622	0.00827	0.00634	0.00905	0.00554	0.00524	0.07712	0.01045	0.79725	0.01337	0.01162	0.00844	0.00431	0.00351	0.00108	0.00303	0.00348	0.00426	0.00594
46	0.00433	0.00309	0.00413	0.00494	0.00518	0.00290	0.00337	0.00499	0.00675	0.00899	0.01919	0.82968	0.02291	0.01086	0.00447	0.00143	0.00209	0.05460	0.00324	0.00285
47	0.00759	0.03955	0.38774	0.07111	0.23928	0.01511	0.07389	0.01099	0.05652	0.01108	0.01856	0.00945	0.03652	0.00357	0.00344	0.00109	0.00456	0.00315	0.00179	0.00502
48	0.00929	0.14124	0.23398	0.04570	0.05860	0.08653	0.11946	0.02939	0.08901	0.09664	0.02031	0.00874	0.00611	0.00365	0.00362	0.00106	0.03663	0.00301	0.00213	0.00491
49	0.00515	0.00351	0.00483	0.00583	0.05534	0.00333	0.00376	0.00596	0.00689	0.04610	0.01746	0.70831	0.02012	0.01037	0.03558	0.00150	0.00244	0.00865	0.05170	0.00316
50	0.67722	0.08467	0.14656	0.00559	0.00831	0.00839	0.00547	0.01040	0.00627	0.01425	0.00509	0.00594	0.00394	0.00323	0.00236	0.00105	0.00319	0.00200	0.00199	0.00407
51	0.00506	0.00344	0.00407	0.00407	0.00417	0.00353	0.00245	0.00525	0.00515	0.00696	0.01075	0.02147	0.01209	0.75009	0.14424	0.00372	0.00427	0.00487	0.00208	0.00226
52	0.20448	0.11471	0.22628	0.00771	0.03513	0.06581	0.01576	0.06927	0.01495	0.11316	0.01618	0.00793	0.01502	0.00369	0.00341	0.00104	0.05083	0.00262	0.00222	0.02980
53	0.00906	0.27004	0.32044	0.02637	0.03847	0.07272	0.02170	0.12477	0.01802	0.01140	0.00642	0.00737	0.01389	0.00354	0.00339	0.00100	0.04212	0.00256	0.00184	0.00488
54	0.00504	0.00362	0.00495	0.00498	0.00538	0.00399	0.00358	0.00584	0.00549	0.00768	0.01022	0.01781	0.01051	0.33550	0.52966	0.00468	0.00699	0.02934	0.00200	0.00275
55	0.00495	0.00390	0.00472	0.00483	0.03125	0.00362	0.00343	0.00677	0.06114	0.01197	0.42646	0.09934	0.30918	0.00776	0.00409	0.00116	0.00187	0.00673	0.00350	0.00334
56	0.03273	0.09505	0.24769	0.00842	0.07582	0.00750	0.03424	0.05523	0.02053	0.06297	0.04355	0.00850	0.00641	0.00339	0.00324	0.00090	0.02264	0.00271	0.00211	0.26637
57	0.05879	0.06366	0.34341	0.00794	0.04146	0.00723	0.02022	0.04293	0.03254	0.11710	0.01016	0.01166	0.07408	0.08444	0.02289	0.00138	0.02327	0.00335	0.00225	0.03124
58	0.00537	0.00342	0.00404	0.00409	0.00488	0.00319	0.00302	0.00670	0.00818	0.02695	0.28720	0.17989	0.14602	0.00718	0.00368	0.00110	0.00179	0.02704	0.27307	0.00319
59	0.00766	0.07874	0.24130	0.06488	0.05506	0.09319	0.10093	0.04027	0.03875	0.01068	0.03197	0.13703	0.03506	0.00504	0.00362	0.00114	0.00428	0.04387	0.00216	0.00437
60	0.03770	0.17708	0.31089	0.02624	0.14655	0.00890	0.09383	0.03565	0.00801	0.06525	0.05267	0.00875	0.00654	0.00348	0.00324	0.00103	0.00434	0.00295	0.00194	0.00494
61	0.00788	0.00532	0.03403	0.02798	0.00761	0.00474	0.03123	0.07524	0.02611	0.18245	0.37637	0.03096	0.16320	0.00627	0.00390	0.00111	0.00246	0.00540	0.00359	0.00413
62	0.00848	0.00543	0.00731	0.00646	0.00778	0.04566	0.06569	0.00979	0.02511	0.23980	0.05726	0.29903	0.03173	0.02439	0.09306	0.00173	0.05825	0.00588	0.00312	0.00403
63	0.04782	0.07151	0.09994	0.02917	0.16972	0.06235	0.04337	0.06972	0.03915	0.14350	0.10064	0.02839	0.00954	0.03029	0.01716	0.00120	0.01977	0.00938	0.00258	0.00478
64	0.03478	0.22991	0.45942	0.00871	0.01264	0.11872	0.04209	0.01120	0.00769	0.01695	0.02444	0.00727	0.00512	0.00334	0.00304	0.00099	0.00481	0.00249	0.00163	0.00475
65	0.00678	0.00617	0.00824	0.00735	0.00770	0.02529	0.01486	0.00812	0.06080	0.00847	0.00736	0.01172	0.00719	0.13860	0.21455	0.02311	0.43483	0.00357	0.00183	0.00347
66	0.00855	0.08191	0.06602	0.03351	0.57271	0.03966	0.04033	0.03588	0.00810	0.01112	0.00763	0.04643	0.02554	0.00363	0.00342	0.00104	0.00417	0.00337	0.00185	0.00514
67	0.10306	0.01308	0.37350	0.03662	0.08266	0.10151	0.11554	0.04598	0.00817	0.04815	0.01687	0.00852	0.02396	0.00352	0.00334	0.00108	0.00475	0.00294	0.00191	0.00482
68	0.02973	0.00672	0.01885	0.00767	0.00937	0.05738	0.16451	0.07625	0.07791	0.06307	0.08987	0.15996	0.05875	0.00886	0.12933	0.00183	0.02802	0.00509	0.00275	0.00409
69	0.00857	0.00776	0.03348	0.00969	0.01214	0.03314	0.35252	0.12193	0.01835	0.08682	0.06440	0.14033	0.06293	0.00525	0.00399	0.00118	0.00416	0.02619	0.00271	0.00447
70	0.02681	0.00804	0.01377	0.12968	0.69659	0.00823	0.04488	0.01049	0.00779	0.01116	0.00650	0.00869	0.00537	0.00315	0.00346	0.00106	0.00425	0.00312	0.00171	0.00524

[dist]
# distance from previous block
# <min> <max>
1	8

[block]
# block no. 2 follows, 80 sequences, length 8
# corresponding to MSA columns:
# 666-673
name=unknown_C
#
# <colnr> <probs for GDERKNQSTAVLIFYWHMCP>
#	G	D	E	R	K	N	Q	S	T	A	V	L	I	F	Y	W	H	M	C	P
0	0.07205	0.00760	0.01180	0.29458	0.42475	0.00831	0.00937	0.08235	0.03465	0.01191	0.00672	0.00876	0.00531	0.00339	0.00338	0.00109	0.00414	0.00305	0.00191	0.00490
1	0.00748	0.00699	0.01173	0.30425	0.46919	0.00748	0.00943	0.00959	0.00786	0.01089	0.11287	0.01105	0.00867	0.00374	0.00355	0.00109	0.00400	0.00351	0.00193	0.00469
2	0.08494	0.11231	0.01067	0.11584	0.03335	0.06510	0.09372	0.07760	0.05636	0.19793	0.06543	0.01141	0.05215	0.00417	0.00335	0.00106	0.00372	0.00347	0.00275	0.00470
3	0.02859	0.08187	0.05442	0.00868	0.06127	0.25672	0.00682	0.28850	0.08027	0.06306	0.00781	0.00844	0.00599	0.02788	0.00365	0.00106	0.00445	0.00287	0.00262	0.00503
4	0.00829	0.00813	0.01444	0.14203	0.63125	0.00828	0.11511	0.01051	0.00784	0.01102	0.00657	0.00883	0.00537	0.00314	0.00354	0.00107	0.00444	0.00323	0.00171	0.00519
5	0.00580	0.00389	0.00473	0.00462	0.00537	0.00357	0.00321	0.00644	0.00648	0.05967	0.01461	0.21260	0.06342	0.37803	0.00985	0.00213	0.00284	0.09475	0.00268	0.11530
6	0.00858	0.15816	0.28653	0.05650	0.23094	0.00881	0.06636	0.01133	0.03075	0.08087	0.00726	0.02611	0.00569	0.00347	0.00328	0.00104	0.00437	0.00299	0.00190	0.00507
7	0.06365	0.10161	0.04254	0.01057	0.09544	0.17605	0.21543	0.05198	0.13343	0.04385	0.00795	0.02822	0.00631	0.00368	0.00339	0.00105	0.00459	0.00326	0.00223	0.00478

[dist]
# distance from previous block
# <min> <max>
0	4

[block]
# block no. 3 follows, 80 sequences, length 22
# corresponding to MSA columns:
# 678-699
name=unknown_D
#
# <colnr> <probs for GDERKNQSTAVLIFYWHMCP>
#	G	D	E	R	K	N	Q	S	T	A	V	L	I	F	Y	W	H	M	C	P
0	0.01262	0.04521	0.01063	0.00825	0.03292	0.05879	0.00661	0.69557	0.04287	0.01986	0.00845	0.02713	0.00631	0.00424	0.00344	0.00104	0.00391	0.00321	0.00326	0.00568
1	0.75014	0.03516	0.00678	0.00619	0.06692	0.00799	0.03045	0.01057	0.00634	0.04580	0.00537	0.00622	0.00415	0.00325	0.00236	0.00107	0.00294	0.00210	0.00217	0.00403
2	0.00489	0.00357	0.00483	0.00563	0.02530	0.00344	0.00415	0.00591	0.00725	0.00957	0.04847	0.42742	0.07298	0.05433	0.02422	0.00164	0.00268	0.28757	0.00313	0.00302
3	0.04744	0.00883	0.00918	0.00747	0.00992	0.02709	0.00603	0.45842	0.32721	0.01836	0.01028	0.00993	0.00756	0.00429	0.00342	0.00108	0.00340	0.00334	0.00338	0.03338
4	0.00708	0.01083	0.36336	0.03873	0.01200	0.01834	0.09012	0.00986	0.02909	0.06051	0.01176	0.12526	0.06415	0.00537	0.00382	0.00119	0.01354	0.08845	0.00228	0.04425
5	0.00722	0.10032	0.77897	0.00957	0.01451	0.00865	0.01223	0.01099	0.00734	0.01078	0.00613	0.00720	0.00443	0.00328	0.00321	0.00107	0.00502	0.00251	0.00148	0.00509
6	0.00713	0.01716	0.77261	0.01044	0.01543	0.00818	0.09869	0.01106	0.00746	0.01106	0.00634	0.00758	0.00451	0.00328	0.00340	0.00111	0.00523	0.00274	0.00150	0.00511
7	0.00453	0.00312	0.00417	0.00493	0.00520	0.00291	0.00334	0.00518	0.00678	0.02734	0.01909	0.83624	0.02269	0.01076	0.00444	0.00141	0.00207	0.02961	0.00326	0.00291
8	0.00618	0.00657	0.13824	0.07494	0.00945	0.00519	0.05232	0.00769	0.00706	0.07062	0.01454	0.41372	0.06210	0.00840	0.04053	0.00148	0.06808	0.00655	0.00264	0.00369
9	0.00902	0.00742	0.06726	0.44400	0.10389	0.02245	0.03012	0.03344	0.00812	0.18753	0.00846	0.01095	0.00632	0.00390	0.00355	0.00114	0.00425	0.04130	0.00228	0.00461
10	0.00728	0.00737	0.06226	0.01956	0.07257	0.02485	0.31189	0.00935	0.00803	0.05503	0.01370	0.11747	0.08873	0.00594	0.00415	0.00127	0.00417	0.17975	0.00249	0.00414
11	0.00824	0.00941	0.02059	0.01471	0.01824	0.00882	0.84294	0.01118	0.00824	0.01118	0.00706	0.00941	0.00529	0.00294	0.00412	0.00118	0.00588	0.00412	0.00176	0.00471
12	0.00730	0.01343	0.51632	0.06778	0.03966	0.00746	0.13023	0.01054	0.00765	0.04895	0.02717	0.05128	0.02949	0.00405	0.00358	0.00114	0.00474	0.02253	0.00188	0.00480
13	0.00815	0.01377	0.54867	0.03271	0.07922	0.00740	0.02848	0.03814	0.00805	0.11185	0.03091	0.06208	0.00700	0.00401	0.00347	0.00112	0.00449	0.00335	0.00208	0.00507
14	0.00599	0.00421	0.02569	0.00587	0.00674	0.00368	0.06410	0.00695	0.00723	0.11133	0.01738	0.67660	0.01958	0.00936	0.00429	0.00135	0.00251	0.02050	0.00322	0.00340
15	0.00500	0.00335	0.00383	0.00390	0.00392	0.00333	0.00222	0.00505	0.00522	0.00697	0.01176	0.10240	0.01366	0.79648	0.01652	0.00320	0.00326	0.00553	0.00222	0.00218
16	0.06121	0.00833	0.10555	0.16221	0.10768	0.03237	0.06219	0.04250	0.00881	0.36019	0.00940	0.00975	0.00640	0.00375	0.00343	0.00109	0.00395	0.00319	0.00283	0.00518
17	0.02136	0.11125	0.10897	0.05641	0.16239	0.06639	0.12244	0.13793	0.00948	0.14902	0.00777	0.00862	0.00571	0.00352	0.00336	0.00103	0.00434	0.00304	0.01184	0.00515
18	0.01475	0.00738	0.00899	0.00689	0.00963	0.00727	0.00569	0.32819	0.01240	0.54344	0.01174	0.01056	0.00762	0.00427	0.00350	0.00107	0.00330	0.00337	0.00401	0.00594
19	0.07440	0.00652	0.00997	0.41169	0.15943	0.00726	0.00812	0.01113	0.02758	0.18636	0.03532	0.01004	0.00662	0.00379	0.00362	0.00113	0.02686	0.00322	0.00232	0.00460
20	0.05935	0.04147	0.17253	0.00947	0.11196	0.05233	0.06263	0.10362	0.00927	0.24715	0.00992	0.04301	0.02060	0.00426	0.00346	0.00110	0.00396	0.03606	0.00275	0.00512
21	0.00748	0.00763	0.06595	0.49300	0.25436	0.00781	0.05143	0.00980	0.00737	0.03270	0.00666	0.00936	0.00520	0.02239	0.00381	0.00117	0.00453	0.00317	0.00169	0.00448

[dist]
# distance from previous block
# <min> <max>
0	35

# created by:
# /home/cegg/simao/soft/augustus-3.2.1/scripts/msa2prfl.pl ./align_prep/EOG092C5BSS.fa
