[name]
unknown

[dist]
# distance from previous block
# <min> <max>
10	179

[block]
# block no. 0 follows, 73 sequences, length 27
# corresponding to MSA columns:
# 258-284
name=unknown_A
#
# <colnr> <probs for GDERKNQSTAVLIFYWHMCP>
#	G	D	E	R	K	N	Q	S	T	A	V	L	I	F	Y	W	H	M	C	P
0	0.45594	0.09804	0.12819	0.00741	0.01045	0.06901	0.08368	0.02326	0.00767	0.05675	0.00627	0.00719	0.00478	0.00352	0.00288	0.00111	0.00401	0.00250	0.00221	0.02511
1	0.00821	0.00821	0.01149	0.00985	0.00985	0.01149	0.00821	0.00903	0.00575	0.00903	0.00492	0.00821	0.00492	0.00657	0.01231	0.00164	0.86128	0.00328	0.00164	0.00410
2	0.00928	0.00874	0.04196	0.05584	0.10780	0.02132	0.03621	0.04796	0.57817	0.01479	0.01331	0.01299	0.02521	0.00473	0.00382	0.00124	0.00355	0.00405	0.00329	0.00574
3	0.00541	0.00396	0.00482	0.02055	0.00536	0.00411	0.00319	0.00592	0.00638	0.00851	0.06223	0.05513	0.13391	0.50321	0.12142	0.00325	0.04160	0.00576	0.00252	0.00275
4	0.00531	0.00379	0.00490	0.00465	0.00551	0.00349	0.00346	0.00679	0.01007	0.01407	0.72006	0.02763	0.10222	0.00817	0.00509	0.05893	0.00188	0.00665	0.00391	0.00338
5	0.00866	0.00686	0.00842	0.03669	0.04286	0.00576	0.00520	0.05383	0.00859	0.06745	0.04388	0.00921	0.00713	0.00336	0.00327	0.00073	0.02402	0.00270	0.00250	0.65890
6	0.01426	0.01051	0.01126	0.00863	0.01163	0.01163	0.00713	0.83224	0.01764	0.02364	0.00901	0.00901	0.00638	0.00450	0.00375	0.00113	0.00413	0.00338	0.00375	0.00638
7	0.07268	0.01014	0.01078	0.00831	0.01127	0.01119	0.00687	0.74682	0.01663	0.05458	0.00898	0.00896	0.00634	0.00444	0.00366	0.00113	0.00401	0.00330	0.00369	0.00623
8	0.05756	0.00949	0.01021	0.00778	0.01082	0.01001	0.00640	0.60837	0.01494	0.03689	0.00845	0.00868	0.00615	0.00411	0.00348	0.00101	0.00377	0.00308	0.00339	0.18539
9	0.00674	0.00521	0.00618	0.00564	0.00693	0.00538	0.00431	0.04741	0.22201	0.01560	0.59422	0.02359	0.02799	0.00687	0.00424	0.00120	0.00218	0.00598	0.00403	0.00428
10	0.00499	0.00381	0.00448	0.00431	0.00535	0.00339	0.00324	0.00643	0.00971	0.01301	0.49314	0.03099	0.36537	0.00834	0.00438	0.00121	0.00182	0.00717	0.02547	0.00339
11	0.00778	0.00667	0.00778	0.00556	0.00889	0.00500	0.00445	0.00945	0.00778	0.01223	0.00667	0.00778	0.00556	0.00278	0.00278	0.00056	0.00278	0.00222	0.00222	0.89108
12	0.00630	0.00532	0.00726	0.00678	0.00698	0.00663	0.00516	0.00703	0.00600	0.00867	0.02332	0.12502	0.01128	0.23274	0.21584	0.00319	0.31199	0.00503	0.00217	0.00331
13	0.05028	0.34053	0.12214	0.00817	0.01123	0.26213	0.00760	0.12127	0.00988	0.02632	0.00626	0.00700	0.00506	0.00366	0.00304	0.00097	0.00498	0.00244	0.00207	0.00497
14	0.01003	0.87041	0.01966	0.00642	0.00963	0.01485	0.00642	0.01123	0.00762	0.00883	0.00522	0.00602	0.00481	0.00321	0.00241	0.00080	0.00401	0.00201	0.00160	0.00481
15	0.00821	0.05037	0.00856	0.04161	0.00967	0.00566	0.00484	0.00988	0.00787	0.04377	0.00690	0.00797	0.00564	0.00291	0.00284	0.00062	0.00295	0.00232	0.00226	0.77514
16	0.00954	0.00816	0.00860	0.00768	0.00984	0.00943	0.00599	0.05416	0.80340	0.01603	0.01501	0.01379	0.01124	0.00507	0.00381	0.00127	0.00302	0.00421	0.00381	0.00596
17	0.00457	0.00326	0.00435	0.00522	0.00544	0.00305	0.00348	0.00522	0.00718	0.00958	0.02068	0.86570	0.02481	0.01175	0.00479	0.00152	0.00218	0.01067	0.00348	0.00305
18	0.00467	0.00334	0.00447	0.00534	0.00560	0.00313	0.00365	0.00539	0.00728	0.00969	0.02062	0.81064	0.02460	0.01166	0.00481	0.00154	0.00226	0.06475	0.00348	0.00307
19	0.00546	0.00364	0.00409	0.00409	0.00409	0.00364	0.00227	0.00546	0.00546	0.00727	0.01182	0.02455	0.01364	0.86815	0.01910	0.00364	0.00364	0.00546	0.00227	0.00227
20	0.01436	0.00694	0.00863	0.00699	0.00964	0.00677	0.00565	0.01883	0.28303	0.57360	0.01496	0.01317	0.01000	0.00479	0.00379	0.00120	0.00312	0.00393	0.00437	0.00624
21	0.01401	0.01788	0.01063	0.00967	0.01160	0.85309	0.00725	0.01498	0.01063	0.00918	0.00580	0.00677	0.00483	0.00387	0.00338	0.00097	0.00677	0.00242	0.00193	0.00435
22	0.01661	0.00674	0.00893	0.00684	0.00975	0.00604	0.00565	0.08798	0.01133	0.77682	0.01431	0.01245	0.00904	0.00463	0.00377	0.00116	0.00327	0.00374	0.00457	0.00638
23	0.89465	0.00726	0.00551	0.00493	0.00726	0.00842	0.00406	0.01103	0.00638	0.01683	0.00522	0.00609	0.00406	0.00348	0.00232	0.00116	0.00290	0.00203	0.00232	0.00406
24	0.00605	0.00432	0.00605	0.00691	0.00777	0.00432	0.00605	0.00777	0.00864	0.01123	0.01986	0.04232	0.02159	0.01036	0.00518	0.00173	0.00345	0.81949	0.00345	0.00345
25	0.01413	0.01740	0.01055	0.00954	0.01151	0.81761	0.00718	0.01512	0.01064	0.04427	0.00618	0.00702	0.00502	0.00390	0.00340	0.00097	0.00662	0.00247	0.00205	0.00443
26	0.00886	0.01012	0.02214	0.01581	0.01961	0.00949	0.83112	0.01202	0.00886	0.01202	0.00759	0.01012	0.00569	0.00316	0.00443	0.00127	0.00633	0.00443	0.00190	0.00506

[dist]
# distance from previous block
# <min> <max>
0	7

[block]
# block no. 1 follows, 73 sequences, length 10
# corresponding to MSA columns:
# 292-301
name=unknown_B
#
# <colnr> <probs for GDERKNQSTAVLIFYWHMCP>
#	G	D	E	R	K	N	Q	S	T	A	V	L	I	F	Y	W	H	M	C	P
0	0.00540	0.00386	0.00524	0.00524	0.00564	0.00426	0.00371	0.00619	0.00580	0.00813	0.01077	0.01872	0.01111	0.36929	0.51450	0.00506	0.00745	0.00460	0.00212	0.00291
1	0.00929	0.00891	0.01523	0.02303	0.84475	0.00891	0.01151	0.01151	0.00854	0.01226	0.00706	0.00929	0.00594	0.00334	0.00371	0.00111	0.00446	0.00334	0.00186	0.00594
2	0.01070	0.00758	0.00878	0.00648	0.00967	0.00672	0.00527	0.21463	0.01065	0.13633	0.00843	0.00881	0.00630	0.00348	0.00316	0.00078	0.00317	0.00273	0.00295	0.54336
3	0.00466	0.00376	0.00390	0.00393	0.00509	0.00321	0.00292	0.00569	0.00858	0.01068	0.09327	0.08077	0.69022	0.00919	0.00435	0.00125	0.00190	0.00773	0.05570	0.00321
4	0.00546	0.00364	0.00409	0.00409	0.00409	0.00364	0.00227	0.00546	0.00546	0.00727	0.01182	0.02455	0.01364	0.86815	0.01910	0.00364	0.00364	0.00546	0.00227	0.00227
5	0.00488	0.00375	0.00562	0.00598	0.00645	0.00351	0.06247	0.00571	0.00730	0.00975	0.01975	0.80472	0.02345	0.01114	0.00476	0.00151	0.00247	0.01022	0.00337	0.00319
6	0.84352	0.00720	0.00570	0.00504	0.00739	0.00825	0.00415	0.01145	0.00664	0.06520	0.00578	0.00648	0.00437	0.00355	0.00241	0.00116	0.00292	0.00213	0.00246	0.00420
7	0.00919	0.00810	0.00830	0.00754	0.00958	0.03603	0.00587	0.01884	0.75374	0.01513	0.01595	0.01551	0.04207	0.00539	0.00387	0.00128	0.00307	0.03112	0.00373	0.00570
8	0.00690	0.00419	0.00528	0.00480	0.00605	0.00376	0.00367	0.00847	0.01016	0.13688	0.54401	0.02683	0.18132	0.00746	0.00427	0.00118	0.00200	0.00645	0.03241	0.00389
9	0.11220	0.61176	0.06563	0.00671	0.00988	0.04853	0.00659	0.03350	0.00807	0.05944	0.00599	0.00665	0.00503	0.00341	0.00262	0.00090	0.00405	0.00221	0.00193	0.00488

[dist]
# distance from previous block
# <min> <max>
0	2

[block]
# block no. 2 follows, 73 sequences, length 36
# corresponding to MSA columns:
# 304-339
name=unknown_C
#
# <colnr> <probs for GDERKNQSTAVLIFYWHMCP>
#	G	D	E	R	K	N	Q	S	T	A	V	L	I	F	Y	W	H	M	C	P
0	0.04019	0.24089	0.04975	0.00806	0.01113	0.02893	0.00716	0.51957	0.01382	0.01839	0.00764	0.00801	0.00576	0.00411	0.00349	0.00105	0.02038	0.00292	0.00296	0.00577
1	0.00944	0.44629	0.08455	0.00754	0.04645	0.03104	0.02069	0.03088	0.00812	0.02423	0.00614	0.00709	0.00520	0.00319	0.00278	0.00080	0.00390	0.00230	0.00190	0.25746
2	0.00547	0.00405	0.01733	0.00533	0.00573	0.00390	0.00388	0.00620	0.00681	0.00904	0.01622	0.22335	0.03093	0.38526	0.02568	0.00257	0.01705	0.22547	0.00286	0.00288
3	0.09457	0.00683	0.00849	0.00712	0.02493	0.00697	0.00567	0.17715	0.01055	0.39079	0.01141	0.01171	0.00812	0.00977	0.19386	0.00225	0.01723	0.00357	0.00357	0.00545
4	0.09692	0.02084	0.01276	0.06507	0.24581	0.07457	0.11240	0.12097	0.12021	0.04014	0.00832	0.00953	0.00643	0.00393	0.00393	0.00116	0.03348	0.00338	0.00249	0.01767
5	0.00475	0.00336	0.00448	0.00526	0.00555	0.00315	0.00361	0.00543	0.00734	0.00979	0.05305	0.73876	0.04060	0.01152	0.00515	0.03380	0.00227	0.05566	0.00344	0.00304
6	0.00939	0.00904	0.01472	0.04599	0.76553	0.03070	0.01113	0.03208	0.00880	0.01235	0.00755	0.00966	0.01911	0.00349	0.00372	0.00112	0.00448	0.00339	0.00193	0.00582
7	0.00748	0.00677	0.01120	0.81803	0.02511	0.00838	0.01023	0.03340	0.00786	0.02636	0.00689	0.01003	0.00512	0.00379	0.00375	0.00124	0.00494	0.00334	0.00179	0.00427
8	0.01652	0.00632	0.00861	0.00662	0.00947	0.00546	0.00546	0.01798	0.01074	0.82510	0.03692	0.01318	0.00998	0.00472	0.00379	0.00116	0.00315	0.00385	0.00463	0.00631
9	0.00786	0.00484	0.00624	0.00563	0.00687	0.00485	0.00434	0.01023	0.09052	0.15885	0.40594	0.02158	0.02227	0.07106	0.10656	0.00196	0.02937	0.01926	0.01760	0.00417
10	0.01271	0.29637	0.01358	0.00861	0.01096	0.57926	0.00698	0.01376	0.00965	0.00907	0.00561	0.00652	0.00483	0.00365	0.00306	0.00091	0.00587	0.00228	0.00183	0.00450
11	0.01283	0.00980	0.01045	0.00834	0.01109	0.01096	0.00678	0.59584	0.25637	0.02133	0.01083	0.01046	0.00786	0.00467	0.00377	0.00117	0.00379	0.00363	0.00377	0.00625
12	0.00886	0.01012	0.02214	0.01581	0.01961	0.00949	0.83112	0.01202	0.00886	0.01202	0.00759	0.01012	0.00569	0.00316	0.00443	0.00127	0.00633	0.00443	0.00190	0.00506
13	0.00929	0.00891	0.01523	0.02303	0.84475	0.00891	0.01151	0.01151	0.00854	0.01226	0.00706	0.00929	0.00594	0.00334	0.00371	0.00111	0.00446	0.00334	0.00186	0.00594
14	0.00682	0.00353	0.00365	0.00362	0.00450	0.00350	0.00272	0.00857	0.00815	0.01409	0.09651	0.01541	0.01223	0.00471	0.00281	0.00091	0.00175	0.00383	0.79919	0.00350
15	0.00448	0.00380	0.00387	0.00385	0.00510	0.00319	0.00289	0.00548	0.00867	0.01041	0.08344	0.03565	0.79762	0.00940	0.00443	0.00126	0.00189	0.00785	0.00352	0.00319
16	0.00709	0.00667	0.01125	0.85913	0.02584	0.00834	0.01042	0.00959	0.00750	0.00959	0.00667	0.01000	0.00500	0.00375	0.00375	0.00125	0.00500	0.00333	0.00167	0.00417
17	0.01683	0.00638	0.00871	0.00668	0.00958	0.00551	0.00551	0.01828	0.01074	0.84734	0.01480	0.01277	0.00929	0.00464	0.00377	0.00116	0.00319	0.00377	0.00464	0.00638
18	0.89465	0.00726	0.00551	0.00493	0.00726	0.00842	0.00406	0.01103	0.00638	0.01683	0.00522	0.00609	0.00406	0.00348	0.00232	0.00116	0.00290	0.00203	0.00232	0.00406
19	0.89465	0.00726	0.00551	0.00493	0.00726	0.00842	0.00406	0.01103	0.00638	0.01683	0.00522	0.00609	0.00406	0.00348	0.00232	0.00116	0.00290	0.00203	0.00232	0.00406
20	0.00929	0.00891	0.01523	0.02303	0.84475	0.00891	0.01151	0.01151	0.00854	0.01226	0.00706	0.00929	0.00594	0.00334	0.00371	0.00111	0.00446	0.00334	0.00186	0.00594
21	0.00870	0.00810	0.01133	0.00967	0.00983	0.01115	0.00805	0.00956	0.00603	0.05719	0.00549	0.00847	0.00518	0.00646	0.01182	0.00161	0.81199	0.00331	0.00181	0.00424
22	0.01403	0.01746	0.01067	0.00961	0.01160	0.80475	0.00724	0.06193	0.01103	0.01001	0.00598	0.00689	0.00492	0.00390	0.00340	0.00098	0.00661	0.00247	0.00204	0.00447
23	0.01003	0.87041	0.01966	0.00642	0.00963	0.01485	0.00642	0.01123	0.00762	0.00883	0.00522	0.00602	0.00481	0.00321	0.00241	0.00080	0.00401	0.00201	0.00160	0.00481
24	0.00457	0.00328	0.00434	0.00518	0.00543	0.00305	0.00346	0.00523	0.00723	0.00959	0.02122	0.83981	0.05036	0.01168	0.00478	0.00152	0.00217	0.01058	0.00348	0.00305
25	0.00911	0.55820	0.32381	0.00799	0.01205	0.01260	0.00915	0.01147	0.00773	0.00995	0.00577	0.00672	0.00479	0.00334	0.00283	0.00094	0.00457	0.00229	0.00160	0.00508
26	0.01003	0.87041	0.01966	0.00642	0.00963	0.01485	0.00642	0.01123	0.00762	0.00883	0.00522	0.00602	0.00481	0.00321	0.00241	0.00080	0.00401	0.00201	0.00160	0.00481
27	0.00531	0.00383	0.00501	0.00472	0.00560	0.00354	0.00354	0.00708	0.01062	0.01504	0.84277	0.02802	0.03540	0.00767	0.00442	0.00118	0.00177	0.00678	0.00413	0.00354
28	0.89465	0.00726	0.00551	0.00493	0.00726	0.00842	0.00406	0.01103	0.00638	0.01683	0.00522	0.00609	0.00406	0.00348	0.00232	0.00116	0.00290	0.00203	0.00232	0.00406
29	0.00880	0.00845	0.01434	0.15368	0.63960	0.00889	0.02599	0.01098	0.00820	0.01160	0.00709	0.02264	0.00602	0.00372	0.00424	0.00118	0.05376	0.00347	0.00184	0.00550
30	0.01003	0.87041	0.01966	0.00642	0.00963	0.01485	0.00642	0.01123	0.00762	0.00883	0.00522	0.00602	0.00481	0.00321	0.00241	0.00080	0.00401	0.00201	0.00160	0.00481
31	0.02908	0.01009	0.01052	0.00834	0.01111	0.03461	0.00680	0.62947	0.17029	0.02149	0.02352	0.01013	0.00771	0.00463	0.00374	0.00115	0.00393	0.00354	0.00369	0.00615
32	0.00536	0.00402	0.00603	0.00603	0.00670	0.00469	0.00469	0.00670	0.00603	0.00871	0.01005	0.01474	0.00938	0.02814	0.85328	0.00603	0.01005	0.00402	0.00201	0.00335
33	0.00821	0.00821	0.01149	0.00985	0.00985	0.01149	0.00821	0.00903	0.00575	0.00903	0.00492	0.00821	0.00492	0.00657	0.01231	0.00164	0.86128	0.00328	0.00164	0.00410
34	0.00821	0.00821	0.01149	0.00985	0.00985	0.01149	0.00821	0.00903	0.00575	0.00903	0.00492	0.00821	0.00492	0.00657	0.01231	0.00164	0.86128	0.00328	0.00164	0.00410
35	0.00979	0.00816	0.00865	0.00767	0.00986	0.00937	0.00600	0.06656	0.77102	0.03608	0.01490	0.01368	0.01111	0.00505	0.00381	0.00126	0.00304	0.00418	0.00383	0.00597

[dist]
# distance from previous block
# <min> <max>
0	5

[block]
# block no. 3 follows, 73 sequences, length 6
# corresponding to MSA columns:
# 345-350
name=unknown_D
#
# <colnr> <probs for GDERKNQSTAVLIFYWHMCP>
#	G	D	E	R	K	N	Q	S	T	A	V	L	I	F	Y	W	H	M	C	P
0	0.81123	0.00756	0.00606	0.00528	0.00767	0.00872	0.00435	0.08884	0.00745	0.01748	0.00558	0.00637	0.00428	0.00358	0.00246	0.00116	0.00302	0.00216	0.00246	0.00428
1	0.01401	0.01788	0.01063	0.00967	0.01160	0.85309	0.00725	0.01498	0.01063	0.00918	0.00580	0.00677	0.00483	0.00387	0.00338	0.00097	0.00677	0.00242	0.00193	0.00435
2	0.00652	0.00326	0.00489	0.00489	0.00489	0.00326	0.00326	0.00489	0.00489	0.00652	0.00652	0.01140	0.00652	0.01303	0.01466	0.89084	0.00326	0.00326	0.00163	0.00163
3	0.01426	0.01051	0.01126	0.00863	0.01163	0.01163	0.00713	0.83224	0.01764	0.02364	0.00901	0.00901	0.00638	0.00450	0.00375	0.00113	0.00413	0.00338	0.00375	0.00638
4	0.00546	0.00364	0.00409	0.00409	0.00409	0.00364	0.00227	0.00546	0.00546	0.00727	0.01182	0.02455	0.01364	0.86815	0.01910	0.00364	0.00364	0.00546	0.00227	0.00227
5	0.89465	0.00726	0.00551	0.00493	0.00726	0.00842	0.00406	0.01103	0.00638	0.01683	0.00522	0.00609	0.00406	0.00348	0.00232	0.00116	0.00290	0.00203	0.00232	0.00406

[dist]
# distance from previous block
# <min> <max>
0	2

[block]
# block no. 4 follows, 73 sequences, length 34
# corresponding to MSA columns:
# 353-385,388
name=unknown_E
#
# <colnr> <probs for GDERKNQSTAVLIFYWHMCP>
#	G	D	E	R	K	N	Q	S	T	A	V	L	I	F	Y	W	H	M	C	P
0	0.01018	0.83892	0.01933	0.00654	0.00970	0.04580	0.00645	0.01137	0.00773	0.00884	0.00524	0.00605	0.00482	0.00323	0.00244	0.00081	0.00411	0.00202	0.00162	0.00480
1	0.00536	0.00402	0.00603	0.00603	0.00670	0.00469	0.00469	0.00670	0.00603	0.00871	0.01005	0.01474	0.00938	0.02814	0.85328	0.00603	0.01005	0.00402	0.00201	0.00335
2	0.00546	0.00364	0.00409	0.00409	0.00409	0.00364	0.00227	0.00546	0.00546	0.00727	0.01182	0.02455	0.01364	0.86815	0.01910	0.00364	0.00364	0.00546	0.00227	0.00227
3	0.00929	0.00891	0.01523	0.02303	0.84475	0.00891	0.01151	0.01151	0.00854	0.01226	0.00706	0.00929	0.00594	0.00334	0.00371	0.00111	0.00446	0.00334	0.00186	0.00594
4	0.00940	0.01004	0.09448	0.03134	0.53608	0.04544	0.04619	0.03456	0.05821	0.03078	0.01993	0.02201	0.00685	0.00371	0.00372	0.00112	0.00450	0.00348	0.00213	0.03603
5	0.07065	0.15941	0.65188	0.00958	0.01451	0.00971	0.01194	0.01171	0.00776	0.01173	0.00638	0.00748	0.00471	0.00350	0.00329	0.00112	0.00510	0.00259	0.00164	0.00532
6	0.04087	0.00644	0.00861	0.00665	0.00952	0.00567	0.00548	0.01812	0.02665	0.80834	0.01455	0.01261	0.00919	0.00462	0.00373	0.00116	0.00318	0.00373	0.00456	0.00631
7	0.00472	0.00388	0.00408	0.00412	0.00528	0.00339	0.00305	0.00603	0.03550	0.01068	0.08904	0.11519	0.66403	0.00934	0.00441	0.00128	0.00195	0.00789	0.02287	0.00328
8	0.06258	0.03236	0.24652	0.02153	0.08505	0.03401	0.07685	0.09473	0.07615	0.15211	0.02341	0.01010	0.01533	0.00419	0.00409	0.00119	0.04825	0.00338	0.00266	0.00550
9	0.00574	0.00396	0.00559	0.00593	0.00648	0.00420	0.00465	0.00666	0.00678	0.00917	0.01364	0.04706	0.01437	0.13062	0.31059	0.11514	0.00577	0.29806	0.00255	0.00302
10	0.03744	0.00871	0.01002	0.00773	0.01065	0.00903	0.00637	0.46515	0.03256	0.35575	0.01139	0.01056	0.00761	0.00455	0.00373	0.00114	0.00369	0.00352	0.00408	0.00631
11	0.00652	0.00326	0.00489	0.00489	0.00489	0.00326	0.00326	0.00489	0.00489	0.00652	0.00652	0.01140	0.00652	0.01303	0.01466	0.89084	0.00326	0.00326	0.00163	0.00163
12	0.00836	0.15065	0.59480	0.01052	0.06140	0.04176	0.01189	0.01232	0.05346	0.01153	0.00695	0.00799	0.00520	0.00359	0.00340	0.00112	0.00515	0.00275	0.00174	0.00543
13	0.00462	0.00332	0.00432	0.00508	0.00536	0.00309	0.00339	0.00528	0.00724	0.00959	0.03504	0.76167	0.07306	0.05303	0.00545	0.00161	0.00222	0.01019	0.00343	0.00303
14	0.00464	0.00332	0.00444	0.00531	0.00555	0.00311	0.00361	0.00535	0.00725	0.00966	0.02064	0.82583	0.02466	0.01169	0.00481	0.00153	0.00224	0.04984	0.00348	0.00307
15	0.00921	0.00793	0.00838	0.00755	0.00963	0.00916	0.00587	0.01955	0.81318	0.01567	0.04006	0.01442	0.01217	0.00517	0.00384	0.00127	0.00293	0.00432	0.00383	0.00587
16	0.00902	0.06145	0.20838	0.07367	0.43222	0.06673	0.06012	0.01166	0.00847	0.01161	0.01819	0.00896	0.00585	0.00350	0.00364	0.00112	0.00495	0.00318	0.00181	0.00547
17	0.00547	0.00402	0.00515	0.00486	0.00579	0.00380	0.00364	0.00762	0.05056	0.01485	0.76711	0.05056	0.04693	0.00769	0.00441	0.00120	0.00184	0.00679	0.00409	0.00364
18	0.00533	0.00396	0.00583	0.00587	0.00647	0.00454	0.00448	0.00655	0.00605	0.00866	0.01068	0.05657	0.01039	0.08009	0.75981	0.00566	0.00927	0.00443	0.00210	0.00327
19	0.68442	0.00753	0.00739	0.00818	0.15007	0.00841	0.00547	0.02837	0.00715	0.03880	0.00616	0.00758	0.00491	0.00364	0.00268	0.00116	0.00321	0.01802	0.00236	0.00448
20	0.00455	0.00336	0.00425	0.00497	0.00537	0.00307	0.00337	0.00525	0.00743	0.00968	0.02377	0.71790	0.17062	0.01135	0.00473	0.00148	0.00213	0.01018	0.00348	0.00307
21	0.00882	0.31430	0.09427	0.00703	0.03668	0.00920	0.00638	0.03824	0.00810	0.01137	0.00625	0.00726	0.00526	0.00308	0.00279	0.00074	0.00358	0.00227	0.00198	0.43238
22	0.02004	0.00798	0.02994	0.01257	0.31463	0.00706	0.02560	0.05751	0.00906	0.12188	0.02406	0.00947	0.00677	0.00345	0.00338	0.00092	0.00364	0.00304	0.00251	0.33647
23	0.01005	0.64444	0.09992	0.00803	0.04777	0.02280	0.03346	0.04454	0.02390	0.02648	0.00606	0.00689	0.00516	0.00337	0.00276	0.00090	0.00426	0.00235	0.00181	0.00505
24	0.00719	0.00688	0.01192	0.80721	0.02546	0.00841	0.06095	0.00974	0.00759	0.00974	0.00673	0.01001	0.00504	0.00371	0.00379	0.00125	0.00508	0.00340	0.00168	0.00422
25	0.00457	0.00328	0.00434	0.00519	0.00543	0.00305	0.00347	0.00523	0.00722	0.00959	0.02111	0.84500	0.04523	0.01170	0.00478	0.00152	0.00217	0.01060	0.00348	0.00305
26	0.00536	0.00402	0.00603	0.00603	0.00670	0.00469	0.00469	0.00670	0.00603	0.00871	0.01005	0.01474	0.00938	0.02814	0.85328	0.00603	0.01005	0.00402	0.00201	0.00335
27	0.00554	0.00389	0.00505	0.00473	0.00567	0.00357	0.00356	0.00727	0.01055	0.03356	0.79444	0.02798	0.06465	0.00767	0.00441	0.00118	0.00181	0.00676	0.00412	0.00359
28	0.00966	0.00822	0.00867	0.00770	0.00988	0.00948	0.00602	0.07341	0.78397	0.01622	0.01486	0.01367	0.01112	0.00505	0.00381	0.00126	0.00305	0.00418	0.00381	0.00597
29	0.00536	0.00402	0.00603	0.00603	0.00670	0.00469	0.00469	0.00670	0.00603	0.00871	0.01005	0.01474	0.00938	0.02814	0.85328	0.00603	0.01005	0.00402	0.00201	0.00335
30	0.00546	0.00364	0.00409	0.00409	0.00409	0.00364	0.00227	0.00546	0.00546	0.00727	0.01182	0.02455	0.01364	0.86815	0.01910	0.00364	0.00364	0.00546	0.00227	0.00227
31	0.12458	0.01755	0.71488	0.01007	0.01515	0.00870	0.03492	0.01177	0.00774	0.01254	0.00656	0.00774	0.00469	0.00354	0.00342	0.00119	0.00522	0.00272	0.00169	0.00534
32	0.89465	0.00726	0.00551	0.00493	0.00726	0.00842	0.00406	0.01103	0.00638	0.01683	0.00522	0.00609	0.00406	0.00348	0.00232	0.00116	0.00290	0.00203	0.00232	0.00406
33	0.03940	0.61309	0.01690	0.00748	0.02903	0.14082	0.00667	0.03655	0.02649	0.00982	0.00567	0.00656	0.00502	0.00354	0.00307	0.00090	0.04017	0.00224	0.00180	0.00479

[dist]
# distance from previous block
# <min> <max>
0	2

[block]
# block no. 5 follows, 73 sequences, length 16
# corresponding to MSA columns:
# 391-394,396-407
name=unknown_F
#
# <colnr> <probs for GDERKNQSTAVLIFYWHMCP>
#	G	D	E	R	K	N	Q	S	T	A	V	L	I	F	Y	W	H	M	C	P
0	0.05313	0.03240	0.01144	0.02413	0.01145	0.10525	0.23344	0.03129	0.02003	0.10045	0.01255	0.23160	0.01236	0.03156	0.00462	0.00137	0.00431	0.07144	0.00282	0.00437
1	0.76800	0.00863	0.03012	0.00593	0.02578	0.08766	0.00480	0.01143	0.00687	0.01588	0.00536	0.00628	0.00419	0.00352	0.00249	0.00114	0.00337	0.00212	0.00225	0.00417
2	0.00459	0.00332	0.00435	0.00513	0.00543	0.00307	0.00345	0.00531	0.00739	0.00983	0.05558	0.78963	0.06608	0.01147	0.00476	0.00150	0.00215	0.01037	0.00351	0.00307
3	0.05380	0.03569	0.60546	0.00979	0.01447	0.00821	0.05740	0.01163	0.00802	0.05056	0.02171	0.04499	0.00639	0.00395	0.00356	0.00116	0.00495	0.00323	0.00194	0.05310
4	0.00905	0.00678	0.00802	0.00580	0.00907	0.00531	0.00467	0.04217	0.00849	0.10677	0.00767	0.00839	0.00601	0.00306	0.00293	0.00065	0.00288	0.00244	0.00255	0.75728
5	0.01003	0.87041	0.01966	0.00642	0.00963	0.01485	0.00642	0.01123	0.00762	0.00883	0.00522	0.00602	0.00481	0.00321	0.00241	0.00080	0.00401	0.00201	0.00160	0.00481
6	0.00554	0.01837	0.08877	0.00596	0.00704	0.00446	0.00485	0.02168	0.06087	0.01067	0.04661	0.55039	0.07222	0.02791	0.01701	0.00155	0.00280	0.04645	0.00327	0.00360
7	0.00752	0.01941	0.84871	0.01069	0.01624	0.00871	0.01386	0.01188	0.00792	0.01188	0.00673	0.00792	0.00475	0.00356	0.00356	0.00119	0.00554	0.00277	0.00158	0.00554
8	0.01540	0.00675	0.00868	0.00682	0.00959	0.00627	0.00558	0.06496	0.11304	0.67307	0.01520	0.01338	0.03364	0.00483	0.00380	0.00118	0.00318	0.00393	0.00446	0.00624
9	0.00851	0.00813	0.01398	0.20637	0.57211	0.00846	0.04911	0.01072	0.00819	0.01142	0.00759	0.03847	0.00658	0.02943	0.00425	0.00124	0.00456	0.00370	0.00188	0.00530
10	0.02437	0.13177	0.27651	0.02799	0.04410	0.11479	0.22587	0.04437	0.00879	0.02389	0.00676	0.00828	0.00519	0.00361	0.00395	0.00114	0.03851	0.00313	0.00187	0.00512
11	0.00480	0.00350	0.00440	0.00490	0.00536	0.00334	0.00336	0.00554	0.00713	0.00944	0.02140	0.50254	0.16998	0.10341	0.10807	0.00222	0.00321	0.00864	0.02572	0.00304
12	0.00652	0.00326	0.00489	0.00489	0.00489	0.00326	0.00326	0.00489	0.00489	0.00652	0.00652	0.01140	0.00652	0.01303	0.01466	0.89084	0.00326	0.00326	0.00163	0.00163
13	0.00635	0.00556	0.00887	0.20753	0.17998	0.00588	0.03166	0.00787	0.00762	0.01024	0.01437	0.40557	0.03737	0.00773	0.00449	0.00137	0.02329	0.02762	0.00264	0.00399
14	0.01210	0.25144	0.08203	0.01015	0.13129	0.06766	0.02175	0.22500	0.01107	0.14090	0.00812	0.00856	0.00607	0.00385	0.00335	0.00104	0.00433	0.00295	0.00268	0.00565
15	0.00628	0.00484	0.01929	0.02894	0.00750	0.01592	0.05092	0.00801	0.02235	0.06329	0.41902	0.17110	0.10790	0.00846	0.02602	0.00139	0.00269	0.02868	0.00364	0.00376

[dist]
# distance from previous block
# <min> <max>
0	1

[block]
# block no. 6 follows, 73 sequences, length 19
# corresponding to MSA columns:
# 409-427
name=unknown_G
#
# <colnr> <probs for GDERKNQSTAVLIFYWHMCP>
#	G	D	E	R	K	N	Q	S	T	A	V	L	I	F	Y	W	H	M	C	P
0	0.00522	0.00379	0.00493	0.00482	0.00564	0.00350	0.00360	0.00684	0.01009	0.01413	0.69460	0.12387	0.06048	0.00829	0.00449	0.00124	0.00188	0.03511	0.00401	0.00347
1	0.01020	0.06840	0.06972	0.00717	0.03629	0.00664	0.01568	0.03708	0.00871	0.20772	0.00903	0.04127	0.00706	0.00386	0.00357	0.00088	0.03672	0.00307	0.00276	0.42416
2	0.00784	0.13479	0.63190	0.00949	0.01437	0.00909	0.01169	0.01142	0.00782	0.01141	0.00661	0.00783	0.00496	0.00410	0.02611	0.00120	0.00519	0.00265	0.00166	0.08986
3	0.01061	0.64520	0.05354	0.00779	0.04982	0.02849	0.00710	0.13829	0.00928	0.01142	0.00596	0.00673	0.00511	0.00344	0.00274	0.00089	0.00417	0.00232	0.00195	0.00513
4	0.00796	0.00783	0.01166	0.16142	0.03590	0.01045	0.03679	0.00924	0.00638	0.00942	0.00609	0.01024	0.00578	0.00604	0.00994	0.00155	0.61538	0.04200	0.00175	0.00417
5	0.00462	0.00377	0.00409	0.00410	0.00520	0.00323	0.00304	0.00571	0.00886	0.01107	0.19766	0.09989	0.61707	0.00931	0.00446	0.00127	0.00190	0.00791	0.00361	0.00323
6	0.00459	0.00343	0.00428	0.00487	0.00537	0.00311	0.00335	0.00539	0.00774	0.01010	0.08425	0.62061	0.20734	0.01096	0.00468	0.00144	0.00209	0.00977	0.00353	0.00311
7	0.00859	0.00698	0.00854	0.04723	0.05493	0.00589	0.00535	0.03405	0.06754	0.05583	0.00779	0.00870	0.00619	0.00317	0.00303	0.00072	0.00305	0.00259	0.00246	0.66737
8	0.84929	0.00721	0.00568	0.00502	0.00738	0.00827	0.00414	0.01140	0.00661	0.05975	0.00572	0.00644	0.00433	0.00354	0.00240	0.00116	0.00292	0.00212	0.00244	0.00418
9	0.01331	0.19210	0.01252	0.00877	0.01114	0.54116	0.00701	0.12663	0.01098	0.03449	0.00637	0.00709	0.00517	0.00384	0.00324	0.00096	0.00574	0.00250	0.00219	0.00478
10	0.01106	0.00588	0.00791	0.00764	0.06232	0.00560	0.00581	0.06404	0.04572	0.34861	0.09452	0.07188	0.02804	0.00683	0.00427	0.00133	0.00318	0.21636	0.00393	0.00506
11	0.00981	0.00895	0.03706	0.02059	0.70830	0.00873	0.01085	0.01220	0.02996	0.07863	0.00781	0.00961	0.00629	0.00360	0.00399	0.00114	0.03108	0.00338	0.00211	0.00591
12	0.01003	0.87041	0.01966	0.00642	0.00963	0.01485	0.00642	0.01123	0.00762	0.00883	0.00522	0.00602	0.00481	0.00321	0.00241	0.00080	0.00401	0.00201	0.00160	0.00481
13	0.01401	0.01788	0.01063	0.00967	0.01160	0.85309	0.00725	0.01498	0.01063	0.00918	0.00580	0.00677	0.00483	0.00387	0.00338	0.00097	0.00677	0.00242	0.00193	0.00435
14	0.00552	0.00361	0.00414	0.00414	0.00414	0.00361	0.00234	0.00542	0.00542	0.00723	0.01148	0.02371	0.01318	0.81310	0.01881	0.06075	0.00361	0.00531	0.00223	0.00223
15	0.00652	0.00326	0.00489	0.00489	0.00489	0.00326	0.00326	0.00489	0.00489	0.00652	0.00652	0.01140	0.00652	0.01303	0.01466	0.89084	0.00326	0.00326	0.00163	0.00163
16	0.08582	0.01777	0.72080	0.01006	0.01515	0.00888	0.01257	0.06461	0.00841	0.01307	0.00675	0.00783	0.00480	0.00362	0.00347	0.00118	0.00522	0.00275	0.00179	0.00547
17	0.00699	0.00450	0.00628	0.00689	0.00793	0.00442	0.00600	0.00870	0.00882	0.08461	0.01942	0.03973	0.02051	0.00986	0.00506	0.00168	0.00343	0.74790	0.00356	0.00371
18	0.81670	0.00690	0.00546	0.00493	0.00705	0.00796	0.00399	0.01049	0.00625	0.01593	0.00534	0.00656	0.00428	0.00432	0.00340	0.07925	0.00293	0.00214	0.00226	0.00385

[dist]
# distance from previous block
# <min> <max>
0	13

[block]
# block no. 7 follows, 73 sequences, length 16
# corresponding to MSA columns:
# 441,443-457
name=unknown_H
#
# <colnr> <probs for GDERKNQSTAVLIFYWHMCP>
#	G	D	E	R	K	N	Q	S	T	A	V	L	I	F	Y	W	H	M	C	P
0	0.01035	0.41846	0.11287	0.17461	0.01359	0.01100	0.00790	0.01253	0.03581	0.15876	0.00772	0.00849	0.00586	0.00368	0.00310	0.00102	0.00421	0.00275	0.00223	0.00509
1	0.00934	0.17902	0.04373	0.01162	0.01492	0.01055	0.41920	0.04103	0.20682	0.01265	0.00898	0.01013	0.00689	0.00369	0.00384	0.00117	0.00497	0.00382	0.00235	0.00528
2	0.89465	0.00726	0.00551	0.00493	0.00726	0.00842	0.00406	0.01103	0.00638	0.01683	0.00522	0.00609	0.00406	0.00348	0.00232	0.00116	0.00290	0.00203	0.00232	0.00406
3	0.00764	0.00667	0.00846	0.17333	0.01222	0.00566	0.00562	0.00947	0.00773	0.01171	0.00667	0.00822	0.00545	0.00297	0.00297	0.00069	0.00322	0.00244	0.00211	0.71676
4	0.00667	0.00360	0.00399	0.00399	0.00483	0.00373	0.00303	0.00834	0.00751	0.01295	0.01181	0.01413	0.00957	0.00904	0.16982	0.00189	0.00338	0.00360	0.71464	0.00347
5	0.72020	0.00714	0.00664	0.17283	0.01091	0.00840	0.00531	0.01074	0.00660	0.01541	0.00551	0.00686	0.00425	0.00354	0.00260	0.00118	0.00331	0.00229	0.00219	0.00408
6	0.00905	0.00742	0.00846	0.00616	0.00943	0.00631	0.00497	0.17117	0.00972	0.01447	0.00713	0.00802	0.00572	0.00312	0.00297	0.00067	0.00304	0.00245	0.00252	0.71719
7	0.00688	0.00380	0.00405	0.00409	0.00494	0.00381	0.00302	0.04900	0.00822	0.01360	0.01374	0.18114	0.01244	0.00583	0.00310	0.00101	0.00195	0.00490	0.67091	0.00355
8	0.01257	0.00961	0.01110	0.17574	0.01432	0.01085	0.00771	0.62351	0.06315	0.02042	0.00891	0.00949	0.00640	0.00439	0.00376	0.00116	0.00423	0.00342	0.00335	0.00592
9	0.00752	0.01941	0.84871	0.01069	0.01624	0.00871	0.01386	0.01188	0.00792	0.01188	0.00673	0.00792	0.00475	0.00356	0.00356	0.00119	0.00554	0.00277	0.00158	0.00554
10	0.00462	0.00379	0.00407	0.00404	0.00519	0.00324	0.00302	0.00574	0.00895	0.01116	0.20825	0.05873	0.64781	0.00918	0.00444	0.00126	0.00188	0.00776	0.00362	0.00324
11	0.00821	0.00821	0.01149	0.00985	0.00985	0.01149	0.00821	0.00903	0.00575	0.00903	0.00492	0.00821	0.00492	0.00657	0.01231	0.00164	0.86128	0.00328	0.00164	0.00410
12	0.00537	0.00396	0.00574	0.00574	0.00630	0.00453	0.00432	0.00651	0.00594	0.00849	0.01032	0.01623	0.01002	0.15538	0.72692	0.00567	0.00908	0.00424	0.00205	0.00319
13	0.01003	0.87041	0.01966	0.00642	0.00963	0.01485	0.00642	0.01123	0.00762	0.00883	0.00522	0.00602	0.00481	0.00321	0.00241	0.00080	0.00401	0.00201	0.00160	0.00481
14	0.00742	0.00699	0.01172	0.65040	0.17643	0.00831	0.01030	0.00976	0.00764	0.01007	0.00725	0.04340	0.00595	0.00406	0.00399	0.00125	0.02523	0.00362	0.00177	0.00445
15	0.00468	0.00391	0.00429	0.03753	0.00597	0.00342	0.00327	0.00581	0.00880	0.01085	0.15993	0.05365	0.66676	0.00905	0.00441	0.00126	0.00201	0.00763	0.00351	0.00326

[dist]
# distance from previous block
# <min> <max>
1	6

[block]
# block no. 8 follows, 73 sequences, length 207
# corresponding to MSA columns:
# 464-549,645-765
name=unknown_I
#
# <colnr> <probs for GDERKNQSTAVLIFYWHMCP>
#	G	D	E	R	K	N	Q	S	T	A	V	L	I	F	Y	W	H	M	C	P
0	0.83150	0.02960	0.00603	0.00513	0.00743	0.03303	0.00423	0.01108	0.00653	0.01627	0.00532	0.00626	0.00419	0.00390	0.01666	0.00123	0.00316	0.00208	0.00229	0.00408
1	0.00709	0.00667	0.01125	0.85913	0.02584	0.00834	0.01042	0.00959	0.00750	0.00959	0.00667	0.01000	0.00500	0.00375	0.00375	0.00125	0.00500	0.00333	0.00167	0.00417
2	0.01341	0.06856	0.04185	0.00954	0.01171	0.74919	0.01626	0.01470	0.02408	0.00940	0.00598	0.00692	0.00495	0.00383	0.00335	0.00097	0.00649	0.00246	0.00193	0.00445
3	0.01625	0.00626	0.00852	0.00658	0.00938	0.00541	0.00541	0.01772	0.01073	0.80516	0.05676	0.01354	0.01061	0.00480	0.00381	0.00116	0.00312	0.00393	0.00462	0.00624
4	0.03097	0.00700	0.00904	0.01914	0.01005	0.00647	0.00577	0.13420	0.01156	0.68976	0.01356	0.01200	0.00866	0.00456	0.00373	0.00115	0.00334	0.00366	0.00439	0.02101
5	0.01038	0.09315	0.03567	0.00931	0.01087	0.01163	0.03480	0.26330	0.00983	0.02638	0.00650	0.00837	0.00545	0.00538	0.00808	0.00137	0.44899	0.00322	0.00234	0.00498
6	0.00456	0.00329	0.00433	0.00516	0.00543	0.00305	0.00345	0.00523	0.00724	0.00960	0.02144	0.82933	0.06069	0.01166	0.00477	0.00151	0.00216	0.01055	0.00348	0.00305
7	0.00531	0.00383	0.00501	0.00472	0.00560	0.00354	0.00354	0.00708	0.01062	0.01504	0.84277	0.02802	0.03540	0.00767	0.00442	0.00118	0.00177	0.00678	0.00413	0.00354
8	0.01401	0.01788	0.01063	0.00967	0.01160	0.85309	0.00725	0.01498	0.01063	0.00918	0.00580	0.00677	0.00483	0.00387	0.00338	0.00097	0.00677	0.00242	0.00193	0.00435
9	0.00834	0.00770	0.02362	0.01300	0.13441	0.00727	0.35198	0.01075	0.00883	0.06048	0.01243	0.02195	0.01177	0.00592	0.00455	0.00141	0.00481	0.30348	0.00262	0.00468
10	0.01003	0.87041	0.01966	0.00642	0.00963	0.01485	0.00642	0.01123	0.00762	0.00883	0.00522	0.00602	0.00481	0.00321	0.00241	0.00080	0.00401	0.00201	0.00160	0.00481
11	0.01003	0.87041	0.01966	0.00642	0.00963	0.01485	0.00642	0.01123	0.00762	0.00883	0.00522	0.00602	0.00481	0.00321	0.00241	0.00080	0.00401	0.00201	0.00160	0.00481
12	0.00778	0.00667	0.00778	0.00556	0.00889	0.00500	0.00445	0.00945	0.00778	0.01223	0.00667	0.00778	0.00556	0.00278	0.00278	0.00056	0.00278	0.00222	0.00222	0.89108
13	0.01053	0.29808	0.02643	0.00775	0.00984	0.36174	0.00648	0.01168	0.00894	0.00938	0.00901	0.11825	0.00914	0.00534	0.00343	0.00107	0.00490	0.09157	0.00218	0.00426
14	0.00531	0.00383	0.00501	0.00472	0.00560	0.00354	0.00354	0.00708	0.01062	0.01504	0.84277	0.02802	0.03540	0.00767	0.00442	0.00118	0.00177	0.00678	0.00413	0.00354
15	0.00471	0.00345	0.00442	0.00495	0.00543	0.00316	0.00342	0.00562	0.00805	0.01077	0.19114	0.59218	0.12760	0.01064	0.00467	0.00142	0.00206	0.00953	0.00362	0.00316
16	0.00752	0.01941	0.84871	0.01069	0.01624	0.00871	0.01386	0.01188	0.00792	0.01188	0.00673	0.00792	0.00475	0.00356	0.00356	0.00119	0.00554	0.00277	0.00158	0.00554
17	0.00472	0.00379	0.00420	0.00414	0.00525	0.00328	0.00309	0.00591	0.00916	0.01166	0.29126	0.06182	0.56053	0.00900	0.00444	0.00125	0.00187	0.00765	0.00369	0.00328
18	0.00652	0.00326	0.00489	0.00489	0.00489	0.00326	0.00326	0.00489	0.00489	0.00652	0.00652	0.01140	0.00652	0.01303	0.01466	0.89084	0.00326	0.00326	0.00163	0.00163
19	0.01401	0.01788	0.01063	0.00967	0.01160	0.85309	0.00725	0.01498	0.01063	0.00918	0.00580	0.00677	0.00483	0.00387	0.00338	0.00097	0.00677	0.00242	0.00193	0.00435
20	0.01016	0.01197	0.00803	0.00767	0.00904	0.50448	0.00564	0.01108	0.00952	0.00966	0.05209	0.23263	0.09967	0.00667	0.00391	0.00115	0.00484	0.00533	0.00260	0.00385
21	0.00531	0.00383	0.00501	0.00472	0.00560	0.00354	0.00354	0.00708	0.01062	0.01504	0.84277	0.02802	0.03540	0.00767	0.00442	0.00118	0.00177	0.00678	0.00413	0.00354
22	0.00549	0.00363	0.00414	0.00414	0.00415	0.00364	0.00234	0.00545	0.00544	0.00727	0.01162	0.02397	0.01334	0.82785	0.03003	0.03390	0.00371	0.00536	0.00225	0.00227
23	0.00494	0.00396	0.00451	0.00478	0.00592	0.00353	0.00385	0.00613	0.00858	0.01048	0.03231	0.03806	0.58528	0.00977	0.00467	0.00141	0.00239	0.26271	0.00347	0.00326
24	0.00907	0.01039	0.05677	0.01528	0.01912	0.00932	0.76830	0.01223	0.00888	0.04047	0.00780	0.01012	0.00578	0.00323	0.00437	0.00126	0.00619	0.00434	0.00198	0.00513
25	0.00541	0.00383	0.00508	0.00508	0.00543	0.00418	0.00351	0.00609	0.00575	0.00801	0.01091	0.01953	0.01146	0.43827	0.44599	0.00486	0.00692	0.00472	0.00214	0.00282
26	0.01303	0.22915	0.01287	0.00886	0.01111	0.64536	0.00704	0.01405	0.00989	0.00909	0.00565	0.00658	0.00483	0.00370	0.00314	0.00093	0.00608	0.00231	0.00185	0.00446
27	0.00709	0.00667	0.01125	0.85913	0.02584	0.00834	0.01042	0.00959	0.00750	0.00959	0.00667	0.01000	0.00500	0.00375	0.00375	0.00125	0.00500	0.00333	0.00167	0.00417
28	0.00785	0.03557	0.62540	0.04060	0.01714	0.00900	0.18826	0.01182	0.00810	0.01177	0.00688	0.00842	0.00496	0.00348	0.00373	0.00120	0.00566	0.00313	0.00165	0.00538
29	0.01107	0.05192	0.07948	0.01078	0.14640	0.02382	0.09578	0.14835	0.01028	0.16947	0.02253	0.00966	0.00684	0.00379	0.00368	0.00103	0.01706	0.00325	0.00277	0.18204
30	0.01038	0.74894	0.04786	0.00689	0.01007	0.07995	0.00677	0.03543	0.00816	0.00939	0.00542	0.00623	0.00486	0.00331	0.00256	0.00084	0.00428	0.00210	0.00169	0.00485
31	0.40406	0.00783	0.00944	0.24167	0.10064	0.02220	0.03520	0.08133	0.00808	0.02572	0.00635	0.00804	0.00488	0.00372	0.00336	0.00119	0.02674	0.00279	0.00221	0.00456
32	0.01344	0.01056	0.03551	0.00932	0.05369	0.02114	0.00743	0.70626	0.05710	0.02199	0.00950	0.00957	0.01770	0.00451	0.00375	0.00113	0.00413	0.00345	0.00357	0.00625
33	0.00457	0.00326	0.00435	0.00522	0.00544	0.00305	0.00348	0.00522	0.00718	0.00958	0.02068	0.86570	0.02481	0.01175	0.00479	0.00152	0.00218	0.01067	0.00348	0.00305
34	0.00828	0.00782	0.01309	0.36863	0.45281	0.00856	0.01071	0.01089	0.03637	0.01124	0.00754	0.01069	0.00619	0.00377	0.00378	0.00119	0.00460	0.02680	0.00189	0.00514
35	0.01024	0.00821	0.03217	0.00706	0.02174	0.02070	0.00572	0.21548	0.09755	0.07734	0.02266	0.02371	0.00744	0.00386	0.00331	0.00088	0.00330	0.00309	0.00297	0.43257
36	0.00457	0.00326	0.00435	0.00522	0.00544	0.00305	0.00348	0.00522	0.00718	0.00958	0.02068	0.86570	0.02481	0.01175	0.00479	0.00152	0.00218	0.01067	0.00348	0.00305
37	0.00778	0.00667	0.00778	0.00556	0.00889	0.00500	0.00445	0.00945	0.00778	0.01223	0.00667	0.00778	0.00556	0.00278	0.00278	0.00056	0.00278	0.00222	0.00222	0.89108
38	0.01573	0.00981	0.00960	0.00772	0.01041	0.20792	0.00620	0.15541	0.01188	0.50866	0.01168	0.01071	0.00774	0.00444	0.00368	0.00111	0.00420	0.00338	0.00385	0.00590
39	0.00908	0.00874	0.01508	0.07939	0.71205	0.00884	0.06003	0.01153	0.02378	0.01215	0.00729	0.00954	0.00602	0.00341	0.00375	0.00113	0.00454	0.00343	0.01451	0.00573
40	0.00836	0.00846	0.01147	0.00985	0.00989	0.03303	0.00818	0.00918	0.00587	0.00903	0.00495	0.00817	0.00492	0.00650	0.01208	0.00162	0.83941	0.00326	0.00165	0.00411
41	0.00488	0.00382	0.00443	0.00427	0.00534	0.00336	0.00321	0.00626	0.00962	0.01266	0.45216	0.03195	0.42749	0.00856	0.00443	0.00122	0.00183	0.00733	0.00382	0.00336
42	0.01003	0.87041	0.01966	0.00642	0.00963	0.01485	0.00642	0.01123	0.00762	0.00883	0.00522	0.00602	0.00481	0.00321	0.00241	0.00080	0.00401	0.00201	0.00160	0.00481
43	0.00933	0.00806	0.00848	0.00764	0.00976	0.00933	0.00594	0.01994	0.83797	0.01569	0.01527	0.01400	0.01145	0.00509	0.00382	0.00127	0.00297	0.00424	0.00382	0.00594
44	0.89465	0.00726	0.00551	0.00493	0.00726	0.00842	0.00406	0.01103	0.00638	0.01683	0.00522	0.00609	0.00406	0.00348	0.00232	0.00116	0.00290	0.00203	0.00232	0.00406
45	0.00590	0.00421	0.00588	0.00674	0.00754	0.00419	0.00579	0.00752	0.00849	0.01106	0.01994	0.12350	0.02191	0.01050	0.00514	0.00171	0.00333	0.73974	0.00346	0.00341
46	0.89465	0.00726	0.00551	0.00493	0.00726	0.00842	0.00406	0.01103	0.00638	0.01683	0.00522	0.00609	0.00406	0.00348	0.00232	0.00116	0.00290	0.00203	0.00232	0.00406
47	0.00541	0.00367	0.00437	0.00441	0.00451	0.00376	0.00266	0.00562	0.00561	0.00757	0.01195	0.05870	0.01352	0.71463	0.13503	0.00388	0.00447	0.00548	0.00229	0.00246
48	0.00752	0.01941	0.84871	0.01069	0.01624	0.00871	0.01386	0.01188	0.00792	0.01188	0.00673	0.00792	0.00475	0.00356	0.00356	0.00119	0.00554	0.00277	0.00158	0.00554
49	0.00709	0.00667	0.01125	0.85913	0.02584	0.00834	0.01042	0.00959	0.00750	0.00959	0.00667	0.01000	0.00500	0.00375	0.00375	0.00125	0.00500	0.00333	0.00167	0.00417
50	0.00462	0.00330	0.00440	0.00523	0.00548	0.00308	0.00352	0.00533	0.00734	0.00981	0.05268	0.82132	0.02518	0.01158	0.00478	0.00151	0.00218	0.02207	0.00351	0.00307
51	0.00531	0.00383	0.00501	0.00472	0.00560	0.00354	0.00354	0.00708	0.01062	0.01504	0.84277	0.02802	0.03540	0.00767	0.00442	0.00118	0.00177	0.00678	0.00413	0.00354
52	0.01439	0.01030	0.01113	0.00854	0.01153	0.01133	0.00705	0.79195	0.01730	0.06441	0.00929	0.00919	0.00652	0.00451	0.00375	0.00113	0.00408	0.00340	0.00380	0.00638
53	0.00747	0.00434	0.00540	0.00484	0.00624	0.00384	0.00373	0.00895	0.01000	0.18408	0.42974	0.02677	0.25248	0.00747	0.00425	0.00119	0.00210	0.00640	0.02671	0.00402
54	0.00459	0.00333	0.00433	0.00509	0.00542	0.00307	0.00343	0.00530	0.00742	0.00982	0.05179	0.76890	0.09082	0.01143	0.00475	0.00149	0.00214	0.01031	0.00351	0.00307
55	0.00882	0.01003	0.02162	0.01552	0.01914	0.00958	0.79125	0.01187	0.00870	0.01187	0.00746	0.01003	0.00566	0.00333	0.00481	0.00128	0.04775	0.00437	0.00189	0.00501
56	0.02269	0.51350	0.02805	0.00796	0.02161	0.27271	0.01713	0.03336	0.00876	0.00955	0.00556	0.00652	0.00488	0.00356	0.00311	0.00091	0.03139	0.00227	0.00178	0.00471
57	0.00819	0.00743	0.01193	0.01691	0.55620	0.00744	0.00893	0.01081	0.06121	0.01316	0.22203	0.01452	0.01393	0.00491	0.01522	0.00120	0.00372	0.00429	0.01270	0.00526
58	0.00921	0.02912	0.00978	0.23213	0.05074	0.02671	0.00723	0.22631	0.07770	0.02495	0.02899	0.07795	0.03898	0.01625	0.03371	0.00139	0.01553	0.03524	0.00282	0.05528
59	0.01426	0.01051	0.01126	0.00863	0.01163	0.01163	0.00713	0.83224	0.01764	0.02364	0.00901	0.00901	0.00638	0.00450	0.00375	0.00113	0.00413	0.00338	0.00375	0.00638
60	0.01401	0.01788	0.01063	0.00967	0.01160	0.85309	0.00725	0.01498	0.01063	0.00918	0.00580	0.00677	0.00483	0.00387	0.00338	0.00097	0.00677	0.00242	0.00193	0.00435
61	0.00536	0.00402	0.00603	0.00603	0.00670	0.00469	0.00469	0.00670	0.00603	0.00871	0.01005	0.01474	0.00938	0.02814	0.85328	0.00603	0.01005	0.00402	0.00201	0.00335
62	0.02497	0.69225	0.01735	0.00645	0.00958	0.01297	0.00621	0.01258	0.00820	0.16893	0.00704	0.00731	0.00566	0.00349	0.00267	0.00088	0.00384	0.00234	0.00220	0.00510
63	0.00922	0.00797	0.00838	0.00755	0.00965	0.00920	0.00587	0.01962	0.81986	0.01557	0.01577	0.01448	0.02961	0.00519	0.00383	0.00127	0.00295	0.00432	0.00381	0.00588
64	0.01003	0.87041	0.01966	0.00642	0.00963	0.01485	0.00642	0.01123	0.00762	0.00883	0.00522	0.00602	0.00481	0.00321	0.00241	0.00080	0.00401	0.00201	0.00160	0.00481
65	0.00521	0.00379	0.00475	0.00456	0.00547	0.00346	0.00340	0.00681	0.01005	0.01403	0.65421	0.06838	0.15120	0.00800	0.00437	0.00120	0.00181	0.00700	0.03883	0.00346
66	0.00549	0.00362	0.00412	0.00412	0.00412	0.00362	0.00231	0.00544	0.00544	0.00725	0.01164	0.02410	0.01340	0.83901	0.01894	0.03387	0.00362	0.00538	0.00225	0.00225
