[name]
unknown

[dist]
# distance from previous block
# <min> <max>
1	479

[block]
# block no. 0 follows, 73 sequences, length 15
# corresponding to MSA columns:
# 496-510
name=unknown_A
#
# <colnr> <probs for GDERKNQSTAVLIFYWHMCP>
#	G	D	E	R	K	N	Q	S	T	A	V	L	I	F	Y	W	H	M	C	P
0	0.02672	0.00844	0.01265	0.01011	0.04439	0.06597	0.27635	0.02223	0.11916	0.09599	0.05531	0.02621	0.04867	0.03245	0.00437	0.00120	0.00429	0.00419	0.00274	0.13858
1	0.07289	0.00779	0.08835	0.03426	0.05754	0.02186	0.05492	0.04953	0.04661	0.22476	0.23369	0.01597	0.04455	0.00530	0.00408	0.00119	0.02384	0.00447	0.00340	0.00498
2	0.03890	0.00757	0.00996	0.04194	0.01081	0.03179	0.03573	0.08809	0.01016	0.51776	0.01146	0.01108	0.00770	0.00482	0.00523	0.00124	0.15279	0.00357	0.00368	0.00573
3	0.00831	0.00805	0.05904	0.07460	0.01093	0.02868	0.02000	0.01530	0.49230	0.01327	0.01335	0.04524	0.01105	0.02890	0.08058	0.00179	0.02809	0.05230	0.00314	0.00510
4	0.00489	0.00381	0.00445	0.00438	0.00541	0.00337	0.00329	0.00622	0.00944	0.01238	0.40324	0.06895	0.41415	0.00879	0.00447	0.00125	0.00190	0.03249	0.00378	0.00334
5	0.00462	0.00329	0.00434	0.00516	0.00536	0.00308	0.00341	0.00524	0.00708	0.00944	0.02014	0.81504	0.02414	0.06333	0.00565	0.00165	0.00226	0.01035	0.00341	0.00300
6	0.00699	0.00350	0.00350	0.00350	0.00437	0.00350	0.00262	0.00874	0.00787	0.01399	0.01224	0.01399	0.00962	0.00437	0.00262	0.00087	0.00175	0.00350	0.88898	0.00350
7	0.01049	0.00482	0.00592	0.00510	0.00664	0.00472	0.00406	0.01206	0.00869	0.30969	0.01264	0.01326	0.00922	0.00562	0.04049	0.00124	0.05171	0.00361	0.48548	0.00455
8	0.01141	0.28745	0.12522	0.00904	0.01200	0.37211	0.05743	0.03288	0.04105	0.01019	0.00628	0.00721	0.00516	0.00364	0.00319	0.00098	0.00550	0.00255	0.00190	0.00481
9	0.00699	0.00350	0.00350	0.00350	0.00437	0.00350	0.00262	0.00874	0.00787	0.01399	0.01224	0.01399	0.00962	0.00437	0.00262	0.00087	0.00175	0.00350	0.88898	0.00350
10	0.89465	0.00726	0.00551	0.00493	0.00726	0.00842	0.00406	0.01103	0.00638	0.01683	0.00522	0.00609	0.00406	0.00348	0.00232	0.00116	0.00290	0.00203	0.00232	0.00406
11	0.01042	0.00643	0.00757	0.00653	0.00856	0.00663	0.00514	0.01592	0.37136	0.26013	0.20593	0.01774	0.04965	0.00573	0.00397	0.00122	0.00272	0.00483	0.00412	0.00541
12	0.00867	0.00649	0.00774	0.00564	0.00880	0.00498	0.00452	0.01032	0.00826	0.10658	0.05051	0.00938	0.00751	0.00324	0.00298	0.00066	0.00277	0.00263	0.00259	0.74571
13	0.00487	0.00402	0.00433	0.00444	0.00564	0.00356	0.00345	0.00629	0.03963	0.01058	0.05103	0.06301	0.65384	0.00949	0.00453	0.00134	0.00216	0.12097	0.00351	0.00332
14	0.00977	0.48060	0.11738	0.00737	0.01061	0.01196	0.02756	0.12293	0.05451	0.01228	0.07293	0.00900	0.00785	0.00387	0.00303	0.00095	0.00399	0.00285	0.00225	0.03828

[dist]
# distance from previous block
# <min> <max>
3	6

[block]
# block no. 1 follows, 73 sequences, length 58
# corresponding to MSA columns:
# 517-574
name=unknown_B
#
# <colnr> <probs for GDERKNQSTAVLIFYWHMCP>
#	G	D	E	R	K	N	Q	S	T	A	V	L	I	F	Y	W	H	M	C	P
0	0.31043	0.00690	0.00710	0.00615	0.00828	0.02590	0.00489	0.11192	0.04905	0.23616	0.02115	0.16533	0.01044	0.00563	0.00348	0.00123	0.00308	0.01459	0.00342	0.00486
1	0.08501	0.00838	0.00811	0.00682	0.00906	0.17042	0.00539	0.01494	0.08435	0.37020	0.16239	0.01381	0.01283	0.00494	0.00368	0.00112	0.00357	0.00392	0.00370	0.02737
2	0.00541	0.00391	0.00535	0.03361	0.02170	0.00379	0.00466	0.00652	0.00781	0.02329	0.02059	0.47536	0.07458	0.02405	0.00505	0.00158	0.00275	0.27327	0.00339	0.00332
3	0.00699	0.00350	0.00350	0.00350	0.00437	0.00350	0.00262	0.00874	0.00787	0.01399	0.01224	0.01399	0.00962	0.00437	0.00262	0.00087	0.00175	0.00350	0.88898	0.00350
4	0.00645	0.01697	0.05155	0.00645	0.00771	0.02661	0.02734	0.03752	0.00813	0.02657	0.18595	0.03229	0.10370	0.02438	0.34623	0.00320	0.05747	0.02497	0.00273	0.00377
5	0.04040	0.55695	0.04727	0.00720	0.01032	0.09474	0.02723	0.05214	0.00874	0.10025	0.00663	0.00717	0.00538	0.00350	0.00281	0.00091	0.00426	0.00240	0.00211	0.01961
6	0.00699	0.00350	0.00350	0.00350	0.00437	0.00350	0.00262	0.00874	0.00787	0.01399	0.01224	0.01399	0.00962	0.00437	0.00262	0.00087	0.00175	0.00350	0.88898	0.00350
7	0.00458	0.00364	0.00411	0.00435	0.00525	0.00317	0.00313	0.00553	0.00836	0.01052	0.12481	0.29334	0.49600	0.00999	0.00454	0.00134	0.00197	0.00864	0.00356	0.00317
8	0.00848	0.00840	0.03470	0.31075	0.54192	0.00871	0.01120	0.01086	0.00817	0.01133	0.00692	0.00950	0.00559	0.00349	0.00372	0.00116	0.00467	0.00333	0.00178	0.00532
9	0.00811	0.00812	0.00691	0.00700	0.00804	0.23871	0.00519	0.02994	0.09835	0.01067	0.01560	0.41608	0.01702	0.00851	0.00432	0.00136	0.00373	0.10541	0.00309	0.00385
10	0.07469	0.00916	0.02379	0.02111	0.03895	0.07483	0.00640	0.08888	0.57343	0.02850	0.01269	0.01208	0.00952	0.00471	0.00366	0.00122	0.00349	0.00379	0.00343	0.00569
11	0.00579	0.00443	0.00523	0.00493	0.00601	0.01731	0.00375	0.00795	0.06404	0.02641	0.56158	0.02795	0.19052	0.00775	0.00445	0.00121	0.01352	0.02481	0.01866	0.00368
12	0.01003	0.87041	0.01966	0.00642	0.00963	0.01485	0.00642	0.01123	0.00762	0.00883	0.00522	0.00602	0.00481	0.00321	0.00241	0.00080	0.00401	0.00201	0.00160	0.00481
13	0.00457	0.00380	0.00393	0.00390	0.00512	0.00321	0.00292	0.00562	0.00877	0.01073	0.12647	0.03488	0.74162	0.00922	0.00441	0.00125	0.00188	0.00773	0.01675	0.00321
14	0.01115	0.00896	0.00951	0.00800	0.01045	0.01018	0.00638	0.31903	0.53592	0.01862	0.01296	0.01216	0.00958	0.00487	0.00379	0.00122	0.00340	0.00392	0.00379	0.00610
15	0.04248	0.06116	0.45488	0.02460	0.06747	0.02333	0.18659	0.04954	0.00865	0.03635	0.00712	0.00850	0.00521	0.00352	0.00366	0.00117	0.00534	0.00315	0.00189	0.00539
16	0.74564	0.03078	0.05670	0.00564	0.00819	0.04320	0.00495	0.03458	0.00706	0.02777	0.00558	0.00640	0.00429	0.00354	0.00250	0.00114	0.00329	0.00215	0.00232	0.00428
17	0.00453	0.00380	0.00393	0.00390	0.00513	0.00321	0.00293	0.00557	0.00878	0.01068	0.12676	0.03522	0.75414	0.00930	0.00443	0.00126	0.00189	0.00779	0.00356	0.00321
18	0.00857	0.00846	0.04283	0.00910	0.01263	0.00699	0.25746	0.07028	0.00883	0.01298	0.00712	0.00859	0.00563	0.00305	0.00338	0.00084	0.00406	0.00300	0.00221	0.52398
19	0.00790	0.00750	0.01272	0.54996	0.32865	0.00855	0.01082	0.01030	0.00789	0.01057	0.00681	0.00974	0.00535	0.00360	0.00374	0.00120	0.00480	0.00334	0.00174	0.00482
20	0.00791	0.03504	0.62980	0.01153	0.01652	0.00895	0.18343	0.02528	0.00826	0.01200	0.00717	0.02421	0.00535	0.00364	0.00375	0.00120	0.00559	0.00326	0.00172	0.00540
21	0.07727	0.00756	0.00900	0.00705	0.00986	0.02366	0.00578	0.17525	0.05953	0.56553	0.01286	0.01153	0.00840	0.00455	0.00366	0.00116	0.00341	0.00358	0.00421	0.00616
22	0.01056	0.00964	0.00869	0.00756	0.00960	0.17925	0.00590	0.18343	0.29996	0.03689	0.09852	0.01512	0.09749	0.00545	0.00394	0.00117	0.01392	0.00431	0.00342	0.00517
23	0.00477	0.00353	0.00446	0.00483	0.00543	0.00322	0.00340	0.00582	0.00846	0.01134	0.27418	0.47267	0.16384	0.01014	0.00462	0.00138	0.00201	0.00903	0.00368	0.00322
24	0.01116	0.01017	0.01100	0.00914	0.01085	0.16262	0.05366	0.24565	0.04519	0.05355	0.00816	0.03551	0.00678	0.00688	0.06811	0.00163	0.24882	0.00356	0.00263	0.00495
25	0.00640	0.00457	0.00555	0.00523	0.00573	0.00482	0.01640	0.07572	0.01618	0.00946	0.01201	0.02232	0.02324	0.56814	0.11661	0.00340	0.02548	0.05462	0.02114	0.00299
26	0.00699	0.00350	0.00350	0.00350	0.00437	0.00350	0.00262	0.00874	0.00787	0.01399	0.01224	0.01399	0.00962	0.00437	0.00262	0.00087	0.00175	0.00350	0.88898	0.00350
27	0.00741	0.00709	0.01153	0.77757	0.08636	0.02771	0.01043	0.00985	0.00765	0.00977	0.00668	0.00988	0.00507	0.00372	0.00374	0.00123	0.00500	0.00331	0.00169	0.00430
28	0.10620	0.36405	0.09543	0.00794	0.01078	0.33888	0.00721	0.01273	0.00869	0.01012	0.00559	0.00650	0.00473	0.00353	0.00289	0.00094	0.00511	0.00224	0.00181	0.00462
29	0.00699	0.00350	0.00350	0.00350	0.00437	0.00350	0.00262	0.00874	0.00787	0.01399	0.01224	0.01399	0.00962	0.00437	0.00262	0.00087	0.00175	0.00350	0.88898	0.00350
30	0.07340	0.27971	0.47563	0.00885	0.01324	0.03860	0.01041	0.04024	0.00814	0.01162	0.00620	0.00720	0.00478	0.00349	0.00312	0.00106	0.00487	0.00249	0.00173	0.00520
31	0.00725	0.00683	0.01154	0.79820	0.08552	0.00838	0.01050	0.00973	0.00758	0.00978	0.00670	0.00995	0.00507	0.00372	0.00375	0.00124	0.00496	0.00333	0.00168	0.00430
32	0.00590	0.00353	0.00475	0.00475	0.00485	0.00364	0.00309	0.00541	0.00530	0.00717	0.00923	0.01727	0.00986	0.36223	0.15036	0.38976	0.00450	0.00427	0.00195	0.00217
33	0.00475	0.00344	0.00460	0.00540	0.00564	0.00331	0.00371	0.00546	0.00720	0.00962	0.02013	0.78405	0.02400	0.02766	0.00524	0.00158	0.02046	0.05726	0.00342	0.00308
34	0.00969	0.00881	0.01328	0.01040	0.01275	0.05995	0.29182	0.20270	0.02419	0.04233	0.01143	0.17314	0.02848	0.00579	0.00483	0.00130	0.06703	0.02442	0.00281	0.00485
35	0.00755	0.00642	0.00753	0.00553	0.00864	0.00486	0.00438	0.00914	0.00774	0.01203	0.00769	0.07031	0.00696	0.00343	0.00292	0.00063	0.00273	0.00284	0.00231	0.82636
36	0.00786	0.00692	0.00883	0.00630	0.00967	0.00533	0.06469	0.00963	0.00786	0.01221	0.00674	0.00795	0.00557	0.00281	0.00290	0.00061	0.00304	0.00238	0.00220	0.82651
37	0.14273	0.01119	0.01158	0.00928	0.01191	0.22380	0.14290	0.20777	0.07521	0.10096	0.00841	0.00895	0.00620	0.00406	0.00371	0.00114	0.01892	0.00321	0.00283	0.00523
38	0.02408	0.00960	0.01483	0.01119	0.01415	0.04224	0.34591	0.20849	0.13028	0.08042	0.02089	0.01104	0.02205	0.00423	0.00440	0.00123	0.04260	0.00403	0.00288	0.00547
39	0.00649	0.00328	0.00491	0.00491	0.00493	0.00329	0.00329	0.00493	0.00491	0.00657	0.00660	0.01148	0.00658	0.01337	0.03343	0.87105	0.00341	0.00328	0.00164	0.00167
40	0.00577	0.00444	0.00517	0.00502	0.00615	0.00427	0.00377	0.01942	0.11697	0.02417	0.34239	0.13890	0.27263	0.00841	0.00440	0.00128	0.00211	0.02718	0.00380	0.00375
41	0.00830	0.00611	0.00788	0.15405	0.02813	0.00639	0.01452	0.15755	0.05336	0.07952	0.18789	0.09460	0.14866	0.00653	0.00411	0.00123	0.00313	0.01645	0.00339	0.01819
42	0.01498	0.00591	0.00794	0.00623	0.00878	0.00517	0.00509	0.01648	0.01049	0.70300	0.08834	0.01423	0.01164	0.00489	0.00373	0.00114	0.00294	0.00402	0.07909	0.00589
43	0.02638	0.03570	0.15119	0.07706	0.04264	0.02082	0.22433	0.04094	0.03698	0.22595	0.00964	0.01097	0.00697	0.00395	0.00382	0.00117	0.00467	0.02476	0.00271	0.04935
44	0.00622	0.00497	0.00612	0.00551	0.00726	0.00408	0.00413	0.00743	0.00757	0.01097	0.01391	0.39473	0.01535	0.00735	0.00385	0.00107	0.00256	0.06557	0.00288	0.42847
45	0.00752	0.01941	0.84871	0.01069	0.01624	0.00871	0.01386	0.01188	0.00792	0.01188	0.00673	0.00792	0.00475	0.00356	0.00356	0.00119	0.00554	0.00277	0.00158	0.00554
46	0.01426	0.01051	0.01126	0.00863	0.01163	0.01163	0.00713	0.83224	0.01764	0.02364	0.00901	0.00901	0.00638	0.00450	0.00375	0.00113	0.00413	0.00338	0.00375	0.00638
47	0.00770	0.00722	0.01203	0.65352	0.15046	0.00843	0.03227	0.03387	0.00800	0.01056	0.00682	0.00979	0.00522	0.00366	0.00373	0.00120	0.00485	0.00333	0.00178	0.03553
48	0.00752	0.01941	0.84871	0.01069	0.01624	0.00871	0.01386	0.01188	0.00792	0.01188	0.00673	0.00792	0.00475	0.00356	0.00356	0.00119	0.00554	0.00277	0.00158	0.00554
49	0.00470	0.00334	0.00440	0.00521	0.00544	0.00314	0.00350	0.00535	0.00712	0.00948	0.02000	0.77072	0.02387	0.07411	0.00585	0.00169	0.00234	0.04337	0.00339	0.00301
50	0.00464	0.00331	0.00443	0.00530	0.00555	0.00311	0.00360	0.00534	0.00725	0.00966	0.02064	0.82663	0.02466	0.01169	0.00481	0.00153	0.00224	0.04904	0.00348	0.00307
51	0.01646	0.00698	0.00907	0.00696	0.00987	0.00639	0.00575	0.13498	0.01173	0.72925	0.01397	0.01223	0.00887	0.00462	0.00377	0.00116	0.00333	0.00372	0.00452	0.00638
52	0.00460	0.00351	0.00424	0.00480	0.00543	0.00316	0.00339	0.00541	0.00775	0.00987	0.02691	0.52244	0.32102	0.01087	0.00468	0.00144	0.00214	0.05175	0.00348	0.00311
53	0.00699	0.00350	0.00350	0.00350	0.00437	0.00350	0.00262	0.00874	0.00787	0.01399	0.01224	0.01399	0.00962	0.00437	0.00262	0.00087	0.00175	0.00350	0.88898	0.00350
54	0.00460	0.00328	0.00438	0.00526	0.00549	0.00307	0.00353	0.00527	0.00721	0.00961	0.02066	0.85029	0.02475	0.01173	0.00480	0.00153	0.00220	0.02581	0.00348	0.00305
55	0.00834	0.00795	0.01352	0.38261	0.49256	0.00867	0.01104	0.01068	0.00810	0.01111	0.00689	0.00959	0.00554	0.00352	0.00373	0.00117	0.00469	0.00334	0.00178	0.00518
56	0.00859	0.00820	0.01396	0.28896	0.58428	0.00873	0.01117	0.01090	0.00821	0.01141	0.00693	0.00951	0.00564	0.00347	0.00373	0.00116	0.00463	0.00334	0.00180	0.00538
57	0.00456	0.00332	0.00429	0.00507	0.00540	0.00306	0.00342	0.00524	0.00733	0.00964	0.02251	0.77785	0.11148	0.01152	0.00475	0.00150	0.00215	0.01037	0.00348	0.00306

[dist]
# distance from previous block
# <min> <max>
0	1

[block]
# block no. 2 follows, 73 sequences, length 31
# corresponding to MSA columns:
# 576-606
name=unknown_C
#
# <colnr> <probs for GDERKNQSTAVLIFYWHMCP>
#	G	D	E	R	K	N	Q	S	T	A	V	L	I	F	Y	W	H	M	C	P
0	0.00814	0.00775	0.01317	0.45694	0.41976	0.00861	0.01095	0.01051	0.00800	0.01087	0.00686	0.00966	0.00545	0.00355	0.00373	0.00118	0.00474	0.00334	0.00176	0.00502
1	0.81877	0.00768	0.00583	0.00516	0.00751	0.04410	0.00421	0.01113	0.00663	0.01631	0.00531	0.00620	0.00416	0.00347	0.00239	0.00113	0.00306	0.00206	0.00230	0.04260
2	0.00456	0.00330	0.00432	0.00514	0.00542	0.00305	0.00344	0.00523	0.00727	0.00961	0.02173	0.81535	0.07448	0.01162	0.00477	0.00151	0.00216	0.01050	0.00348	0.00305
3	0.05974	0.01307	0.01069	0.00972	0.05053	0.41480	0.03240	0.15803	0.06944	0.02377	0.00779	0.02931	0.00648	0.00455	0.00430	0.00113	0.07787	0.01902	0.00248	0.00486
4	0.00935	0.00891	0.01503	0.03549	0.77776	0.00898	0.02563	0.02917	0.03034	0.01254	0.00732	0.00943	0.00608	0.00342	0.00373	0.00112	0.00445	0.00339	0.00195	0.00591
5	0.00548	0.00401	0.00512	0.00481	0.00575	0.00375	0.00361	0.02189	0.02368	0.01490	0.76571	0.04506	0.06656	0.00773	0.00441	0.00119	0.00184	0.00681	0.00408	0.00360
6	0.00709	0.00667	0.01125	0.85913	0.02584	0.00834	0.01042	0.00959	0.00750	0.00959	0.00667	0.01000	0.00500	0.00375	0.00375	0.00125	0.00500	0.00333	0.00167	0.00417
7	0.00460	0.00351	0.00420	0.00465	0.00529	0.00314	0.00323	0.00542	0.00788	0.01012	0.08689	0.48838	0.31562	0.03265	0.00500	0.00146	0.00209	0.00927	0.00350	0.00311
8	0.00551	0.00443	0.00498	0.00474	0.00597	0.00422	0.00358	0.00820	0.13008	0.01297	0.36745	0.02955	0.38820	0.00810	0.00434	0.00123	0.00200	0.00691	0.00380	0.00372
9	0.00996	0.84559	0.04384	0.00654	0.00982	0.01467	0.00664	0.01125	0.00763	0.00892	0.00526	0.00607	0.00481	0.00322	0.00244	0.00081	0.00406	0.00203	0.00160	0.00484
10	0.01683	0.00638	0.00871	0.00668	0.00958	0.00551	0.00551	0.01828	0.01074	0.84734	0.01480	0.01277	0.00929	0.00464	0.00377	0.00116	0.00319	0.00377	0.00464	0.00638
11	0.11777	0.00961	0.01065	0.09812	0.01245	0.04330	0.02682	0.49961	0.01334	0.01876	0.00784	0.00901	0.00592	0.02559	0.00475	0.00125	0.08350	0.00324	0.00302	0.00545
12	0.00546	0.00364	0.00409	0.00409	0.00409	0.00364	0.00227	0.00546	0.00546	0.00727	0.01182	0.02455	0.01364	0.86815	0.01910	0.00364	0.00364	0.00546	0.00227	0.00227
13	0.00453	0.00379	0.00395	0.00394	0.00514	0.00320	0.00295	0.00557	0.00874	0.01066	0.12619	0.05995	0.72978	0.00937	0.00444	0.00126	0.00189	0.00788	0.00356	0.00320
14	0.00652	0.00326	0.00489	0.00489	0.00489	0.00326	0.00326	0.00489	0.00489	0.00652	0.00652	0.01140	0.00652	0.01303	0.01466	0.89084	0.00326	0.00326	0.00163	0.00163
15	0.00933	0.00806	0.00848	0.00764	0.00976	0.00933	0.00594	0.01994	0.83797	0.01569	0.01527	0.01400	0.01145	0.00509	0.00382	0.00127	0.00297	0.00424	0.00382	0.00594
16	0.00752	0.01941	0.84871	0.01069	0.01624	0.00871	0.01386	0.01188	0.00792	0.01188	0.00673	0.00792	0.00475	0.00356	0.00356	0.00119	0.00554	0.00277	0.00158	0.00554
17	0.00811	0.00686	0.00796	0.00571	0.00903	0.00534	0.00458	0.05104	0.00828	0.01280	0.00679	0.00784	0.00560	0.00287	0.00283	0.00058	0.00285	0.00228	0.00230	0.84636
18	0.00856	0.00879	0.01144	0.00984	0.00995	0.06194	0.00815	0.00939	0.00604	0.00904	0.00498	0.00812	0.00492	0.00640	0.01178	0.00160	0.81006	0.00323	0.00166	0.00412
19	0.01426	0.01051	0.01126	0.00863	0.01163	0.01163	0.00713	0.83224	0.01764	0.02364	0.00901	0.00901	0.00638	0.00450	0.00375	0.00113	0.00413	0.00338	0.00375	0.00638
20	0.00776	0.00735	0.01246	0.60459	0.27515	0.00851	0.01075	0.01017	0.00782	0.01040	0.00679	0.00978	0.00529	0.00363	0.00374	0.00121	0.00484	0.00334	0.00172	0.00471
21	0.00709	0.00667	0.01125	0.85913	0.02584	0.00834	0.01042	0.00959	0.00750	0.00959	0.00667	0.01000	0.00500	0.00375	0.00375	0.00125	0.00500	0.00333	0.00167	0.00417
22	0.00466	0.00368	0.00419	0.00433	0.00527	0.00322	0.00315	0.00572	0.00868	0.01107	0.20883	0.22581	0.47886	0.00962	0.00451	0.00131	0.00194	0.00831	0.00362	0.00322
23	0.00821	0.00782	0.01328	0.43220	0.44399	0.00863	0.01098	0.01057	0.00803	0.01095	0.00687	0.00964	0.00548	0.00354	0.00373	0.00118	0.00472	0.00334	0.00176	0.00507
24	0.00516	0.00377	0.00485	0.00470	0.00554	0.00346	0.00348	0.00675	0.01009	0.01407	0.69084	0.11544	0.10135	0.00824	0.00446	0.00122	0.00182	0.00728	0.00401	0.00346
25	0.00994	0.00930	0.04397	0.02058	0.69463	0.00894	0.03143	0.06994	0.00928	0.05463	0.00758	0.00941	0.00609	0.00349	0.00373	0.00112	0.00446	0.00337	0.00212	0.00596
26	0.00464	0.00356	0.00427	0.00467	0.00537	0.00318	0.00331	0.00557	0.00815	0.01051	0.13005	0.43380	0.33101	0.01037	0.00462	0.00139	0.00205	0.02675	0.00356	0.00316
27	0.00933	0.00809	0.00869	0.00811	0.03539	0.00932	0.00611	0.01968	0.81251	0.01559	0.01502	0.01385	0.01128	0.00504	0.00381	0.00127	0.00301	0.00421	0.00376	0.00594
28	0.00494	0.00382	0.00450	0.00433	0.00538	0.00338	0.00325	0.00636	0.00974	0.01295	0.49878	0.03148	0.38069	0.00845	0.00443	0.00122	0.00183	0.00727	0.00385	0.00338
29	0.00886	0.01012	0.02214	0.01581	0.01961	0.00949	0.83112	0.01202	0.00886	0.01202	0.00759	0.01012	0.00569	0.00316	0.00443	0.00127	0.00633	0.00443	0.00190	0.00506
30	0.20126	0.23350	0.03610	0.01300	0.27320	0.01050	0.14234	0.02835	0.00806	0.01254	0.00630	0.00784	0.00518	0.00334	0.00319	0.00107	0.00433	0.00287	0.00193	0.00510

[dist]
# distance from previous block
# <min> <max>
0	1

[block]
# block no. 3 follows, 73 sequences, length 44
# corresponding to MSA columns:
# 614-657
name=unknown_D
#
# <colnr> <probs for GDERKNQSTAVLIFYWHMCP>
#	G	D	E	R	K	N	Q	S	T	A	V	L	I	F	Y	W	H	M	C	P
0	0.00996	0.00486	0.00647	0.00551	0.00721	0.00432	0.00433	0.01155	0.01053	0.35355	0.46678	0.04530	0.04065	0.00659	0.00417	0.00118	0.00236	0.00569	0.00431	0.00468
1	0.00717	0.00545	0.00753	0.00689	0.00800	0.02865	0.09338	0.06866	0.00830	0.05120	0.02843	0.20753	0.02483	0.22123	0.04416	0.00218	0.00390	0.17588	0.00299	0.00362
2	0.02463	0.14100	0.10989	0.00859	0.01156	0.00883	0.13018	0.04002	0.19984	0.16796	0.07216	0.01326	0.01032	0.00463	0.00373	0.00118	0.00394	0.03984	0.00306	0.00537
3	0.33146	0.01153	0.00921	0.00802	0.02617	0.27677	0.01952	0.21913	0.01069	0.02658	0.00655	0.00730	0.00504	0.00394	0.00332	0.00110	0.02368	0.00261	0.00256	0.00482
4	0.00851	0.00695	0.00760	0.00688	0.00872	0.00776	0.00534	0.01661	0.60485	0.03854	0.20061	0.01785	0.03140	0.00580	0.00398	0.00125	0.00270	0.01542	0.00390	0.00533
5	0.00464	0.00372	0.00413	0.00425	0.00524	0.00323	0.00311	0.00566	0.00858	0.01077	0.15909	0.17781	0.54673	0.02581	0.00478	0.00135	0.00199	0.02234	0.00356	0.00319
6	0.00472	0.00345	0.00445	0.00509	0.00554	0.00319	0.00356	0.00559	0.00780	0.01033	0.11129	0.62831	0.12533	0.01096	0.00473	0.00147	0.00217	0.05533	0.00355	0.00314
7	0.00879	0.01152	0.13172	0.01470	0.01861	0.03922	0.67720	0.01201	0.00883	0.01196	0.02316	0.01005	0.00610	0.00333	0.00428	0.00124	0.00615	0.00418	0.00190	0.00507
8	0.00880	0.01001	0.02178	0.04316	0.01981	0.00945	0.80451	0.01194	0.00881	0.01194	0.00756	0.01012	0.00567	0.00318	0.00441	0.00126	0.00628	0.00439	0.00189	0.00503
9	0.01044	0.00781	0.00841	0.00711	0.00935	0.00853	0.00565	0.26305	0.36368	0.07385	0.04100	0.01597	0.12882	0.00556	0.00386	0.00120	0.00311	0.00452	0.03252	0.00556
10	0.00546	0.00364	0.00409	0.00409	0.00409	0.00364	0.00227	0.00546	0.00546	0.00727	0.01182	0.02455	0.01364	0.86815	0.01910	0.00364	0.00364	0.00546	0.00227	0.00227
11	0.00763	0.04711	0.75354	0.01070	0.01596	0.00884	0.06017	0.01175	0.00803	0.01186	0.02652	0.00846	0.00553	0.00363	0.00360	0.00118	0.00545	0.00294	0.00166	0.00544
12	0.00566	0.00391	0.00499	0.00471	0.00570	0.00356	0.00354	0.00726	0.01021	0.04989	0.66930	0.06690	0.13431	0.00796	0.00441	0.00121	0.00187	0.00698	0.00404	0.00359
13	0.00729	0.01566	0.62220	0.00990	0.04153	0.00786	0.01155	0.01146	0.05880	0.01229	0.08332	0.01277	0.05125	0.00456	0.00376	0.00121	0.00476	0.03249	0.00212	0.00521
14	0.00531	0.00392	0.00559	0.00563	0.00620	0.00441	0.00421	0.00640	0.00608	0.00858	0.01171	0.05604	0.03777	0.15346	0.66094	0.00531	0.00846	0.00467	0.00217	0.00317
15	0.00541	0.00409	0.00504	0.00490	0.00583	0.00391	0.00362	0.00755	0.07294	0.01335	0.51977	0.12439	0.14845	0.02946	0.03310	0.00146	0.00225	0.00708	0.00382	0.00358
16	0.00552	0.00421	0.00606	0.00541	0.00646	0.00390	0.05439	0.00735	0.01046	0.01478	0.77883	0.03978	0.03341	0.00746	0.00443	0.00119	0.00206	0.00670	0.00398	0.00363
17	0.01090	0.00859	0.01211	0.00942	0.01195	0.10556	0.24385	0.06814	0.02338	0.22061	0.07890	0.01587	0.10877	0.00519	0.00436	0.00122	0.03148	0.03157	0.00315	0.00498
18	0.03255	0.00664	0.00787	0.00698	0.00847	0.05627	0.00553	0.05388	0.12148	0.18797	0.01088	0.01279	0.00873	0.02878	0.34295	0.01814	0.07887	0.00377	0.00287	0.00459
19	0.20320	0.00808	0.01233	0.01023	0.04021	0.03160	0.27915	0.01210	0.09183	0.06118	0.01036	0.01556	0.00903	0.00503	0.00430	0.00133	0.04195	0.15522	0.00262	0.00468
20	0.00886	0.01012	0.02214	0.01581	0.01961	0.00949	0.83112	0.01202	0.00886	0.01202	0.00759	0.01012	0.00569	0.00316	0.00443	0.00127	0.00633	0.00443	0.00190	0.00506
21	0.00699	0.00350	0.00350	0.00350	0.00437	0.00350	0.00262	0.00874	0.00787	0.01399	0.01224	0.01399	0.00962	0.00437	0.00262	0.00087	0.00175	0.00350	0.88898	0.00350
22	0.03630	0.00685	0.00826	0.02662	0.02199	0.00550	0.01708	0.02992	0.00817	0.06267	0.00719	0.00817	0.00575	0.00299	0.00291	0.00066	0.00297	0.00241	0.00238	0.74119
23	0.01000	0.64332	0.16222	0.00727	0.01085	0.01321	0.00769	0.04181	0.02243	0.04255	0.00616	0.00686	0.00515	0.00341	0.00273	0.00090	0.00423	0.00230	0.00184	0.00508
24	0.00699	0.00350	0.00350	0.00350	0.00437	0.00350	0.00262	0.00874	0.00787	0.01399	0.01224	0.01399	0.00962	0.00437	0.00262	0.00087	0.00175	0.00350	0.88898	0.00350
25	0.01472	0.00657	0.00869	0.00688	0.00951	0.00611	0.02645	0.01766	0.14444	0.63649	0.01451	0.01333	0.00970	0.03333	0.00427	0.00125	0.00320	0.00391	0.03294	0.00605
26	0.00848	0.00814	0.01400	0.32425	0.52464	0.00872	0.03581	0.01083	0.00818	0.01129	0.00693	0.00957	0.00560	0.00348	0.00375	0.00117	0.00471	0.00337	0.00179	0.00528
27	0.01083	0.00800	0.00884	0.00744	0.00952	0.00867	0.00591	0.52239	0.04153	0.01864	0.01372	0.24882	0.03840	0.00689	0.00411	0.00127	0.00346	0.03266	0.00366	0.00524
28	0.00858	0.00463	0.00651	0.00597	0.00717	0.00476	0.00463	0.00978	0.00734	0.24127	0.01192	0.01641	0.01032	0.13673	0.47614	0.00421	0.00706	0.02971	0.00282	0.00405
29	0.01181	0.00762	0.00864	0.00737	0.00976	0.00823	0.00585	0.04639	0.55530	0.27277	0.01492	0.01345	0.01062	0.00493	0.00380	0.00123	0.00308	0.00407	0.00407	0.00609
30	0.01118	0.00766	0.01110	0.01255	0.28735	0.00786	0.00781	0.01389	0.10480	0.26237	0.02666	0.01096	0.00799	0.00444	0.00491	0.00117	0.12712	0.00354	0.00297	0.08366
31	0.01304	0.02938	0.01123	0.00983	0.01158	0.70430	0.03219	0.01405	0.00989	0.00924	0.00573	0.00704	0.00487	0.00419	0.00457	0.00106	0.11899	0.00258	0.00189	0.00435
32	0.00827	0.00698	0.00774	0.00707	0.00878	0.00792	0.00555	0.02640	0.56374	0.01490	0.15969	0.01868	0.04366	0.00609	0.00442	0.00130	0.04236	0.05753	0.00374	0.00519
33	0.00652	0.00326	0.00489	0.00489	0.00489	0.00326	0.00326	0.00489	0.00489	0.00652	0.00652	0.01140	0.00652	0.01303	0.01466	0.89084	0.00326	0.00326	0.00163	0.00163
34	0.00781	0.00746	0.01277	0.57664	0.24121	0.00857	0.05103	0.01046	0.02769	0.01056	0.00702	0.00991	0.00544	0.00365	0.00378	0.00122	0.00487	0.00341	0.00178	0.00472
35	0.01667	0.00664	0.00887	0.00680	0.00971	0.00590	0.00562	0.06961	0.01117	0.79540	0.01444	0.01253	0.00910	0.00463	0.00377	0.00116	0.00325	0.00375	0.00459	0.00638
36	0.00907	0.00606	0.00695	0.00650	0.02765	0.02467	0.00494	0.14399	0.11616	0.10474	0.14363	0.13289	0.01614	0.00647	0.00390	0.00121	0.00282	0.07013	0.16746	0.00461
37	0.00533	0.00382	0.00492	0.00464	0.00554	0.00352	0.00348	0.00707	0.01045	0.01483	0.78513	0.02786	0.06458	0.00763	0.00437	0.00117	0.00177	0.00672	0.03363	0.00352
38	0.00886	0.01012	0.02214	0.01581	0.01961	0.00949	0.83112	0.01202	0.00886	0.01202	0.00759	0.01012	0.00569	0.00316	0.00443	0.00127	0.00633	0.00443	0.00190	0.00506
39	0.00549	0.00391	0.00490	0.00463	0.00566	0.00354	0.00351	0.00708	0.01016	0.03904	0.63597	0.02951	0.20097	0.00801	0.00442	0.00121	0.00187	0.02259	0.00400	0.00355
40	0.00709	0.00667	0.01125	0.85913	0.02584	0.00834	0.01042	0.00959	0.00750	0.00959	0.00667	0.01000	0.00500	0.00375	0.00375	0.00125	0.00500	0.00333	0.00167	0.00417
41	0.00886	0.01012	0.02214	0.01581	0.01961	0.00949	0.83112	0.01202	0.00886	0.01202	0.00759	0.01012	0.00569	0.00316	0.00443	0.00127	0.00633	0.00443	0.00190	0.00506
42	0.00929	0.00891	0.01523	0.02303	0.84475	0.00891	0.01151	0.01151	0.00854	0.01226	0.00706	0.00929	0.00594	0.00334	0.00371	0.00111	0.00446	0.00334	0.00186	0.00594
43	0.00559	0.00428	0.00519	0.00488	0.00580	0.03048	0.00366	0.00733	0.01062	0.01486	0.81623	0.02735	0.03443	0.00755	0.00439	0.00117	0.00193	0.00665	0.00406	0.00357

[dist]
# distance from previous block
# <min> <max>
0	1

[block]
# block no. 4 follows, 73 sequences, length 139
# corresponding to MSA columns:
# 659-674,677-799
name=unknown_E
#
# <colnr> <probs for GDERKNQSTAVLIFYWHMCP>
#	G	D	E	R	K	N	Q	S	T	A	V	L	I	F	Y	W	H	M	C	P
0	0.00952	0.07969	0.00962	0.00685	0.00953	0.05684	0.03403	0.09016	0.08513	0.07903	0.00964	0.10003	0.00841	0.00445	0.00351	0.00092	0.02069	0.00363	0.00275	0.38555
1	0.00821	0.00821	0.01149	0.00985	0.00985	0.01149	0.00821	0.00903	0.00575	0.00903	0.00492	0.00821	0.00492	0.00657	0.01231	0.00164	0.86128	0.00328	0.00164	0.00410
2	0.00928	0.00894	0.01539	0.02286	0.82580	0.00893	0.03033	0.01153	0.00855	0.01225	0.00707	0.00930	0.00594	0.00334	0.00373	0.00112	0.00450	0.00337	0.00186	0.00592
3	0.00716	0.00675	0.01140	0.82912	0.05524	0.00836	0.01046	0.00965	0.00754	0.00968	0.00668	0.00998	0.00504	0.00374	0.00375	0.00125	0.00498	0.00333	0.00167	0.00423
4	0.00940	0.00809	0.00852	0.00765	0.00978	0.00936	0.00596	0.03138	0.82641	0.01581	0.01518	0.01393	0.01138	0.00508	0.00382	0.00127	0.00299	0.00423	0.00382	0.00594
5	0.00546	0.00364	0.00409	0.00409	0.00409	0.00364	0.00227	0.00546	0.00546	0.00727	0.01182	0.02455	0.01364	0.86815	0.01910	0.00364	0.00364	0.00546	0.00227	0.00227
6	0.00462	0.00334	0.00446	0.00529	0.00551	0.00317	0.00355	0.00528	0.00716	0.00957	0.02045	0.85317	0.02452	0.01168	0.00490	0.00153	0.01473	0.01056	0.00346	0.00306
7	0.00544	0.00391	0.00541	0.00541	0.00583	0.00436	0.00389	0.00625	0.00583	0.00820	0.01063	0.03169	0.01086	0.29501	0.53903	0.03183	0.01681	0.00456	0.00210	0.00296
8	0.00457	0.00326	0.00435	0.00522	0.00544	0.00305	0.00348	0.00522	0.00718	0.00958	0.02068	0.86570	0.02481	0.01175	0.00479	0.00152	0.00218	0.01067	0.00348	0.00305
9	0.00752	0.01941	0.84871	0.01069	0.01624	0.00871	0.01386	0.01188	0.00792	0.01188	0.00673	0.00792	0.00475	0.00356	0.00356	0.00119	0.00554	0.00277	0.00158	0.00554
10	0.00886	0.01012	0.02214	0.01581	0.01961	0.00949	0.83112	0.01202	0.00886	0.01202	0.00759	0.01012	0.00569	0.00316	0.00443	0.00127	0.00633	0.00443	0.00190	0.00506
11	0.00466	0.00345	0.00473	0.00539	0.00575	0.00320	0.02245	0.00539	0.00730	0.00966	0.02131	0.80141	0.06842	0.01144	0.00476	0.00150	0.00226	0.01037	0.00345	0.00310
12	0.00450	0.00382	0.00389	0.00391	0.00516	0.00321	0.00296	0.00548	0.00858	0.01023	0.04728	0.03620	0.80751	0.00951	0.00446	0.00128	0.00195	0.03342	0.00349	0.00318
13	0.00463	0.00332	0.00441	0.00527	0.00553	0.00310	0.00358	0.00533	0.00726	0.00965	0.02089	0.82062	0.03639	0.01167	0.00480	0.00153	0.00222	0.04324	0.00348	0.00307
14	0.00910	0.00872	0.01489	0.09352	0.77570	0.00887	0.01142	0.01135	0.00845	0.01203	0.00702	0.00935	0.00586	0.00338	0.00372	0.00113	0.00450	0.00334	0.00184	0.00579
15	0.00823	0.00827	0.01150	0.00984	0.00994	0.02322	0.01980	0.00910	0.00587	0.00907	0.00510	0.00838	0.00505	0.00702	0.03294	0.00174	0.81590	0.00331	0.00166	0.00410
16	0.28130	0.01353	0.00975	0.00871	0.02829	0.47459	0.04410	0.07699	0.00976	0.01282	0.00598	0.00694	0.00478	0.00376	0.00314	0.00105	0.00532	0.00249	0.00219	0.00449
17	0.01683	0.00638	0.00871	0.00668	0.00958	0.00551	0.00551	0.01828	0.01074	0.84734	0.01480	0.01277	0.00929	0.00464	0.00377	0.00116	0.00319	0.00377	0.00464	0.00638
18	0.00846	0.09741	0.01341	0.01010	0.01081	0.01164	0.09115	0.00956	0.00625	0.00931	0.00522	0.00818	0.00499	0.00588	0.01049	0.00152	0.68642	0.00327	0.00166	0.00427
19	0.00779	0.00719	0.01206	0.20136	0.42084	0.00747	0.04107	0.00997	0.00868	0.01204	0.15729	0.02884	0.02167	0.00474	0.00397	0.00120	0.00405	0.04253	0.00234	0.00489
20	0.00994	0.75045	0.10264	0.00698	0.01037	0.04806	0.00720	0.01145	0.00777	0.00915	0.00539	0.00624	0.00481	0.00327	0.00256	0.00085	0.00428	0.00210	0.00162	0.00487
21	0.00973	0.00787	0.00839	0.00748	0.00961	0.00899	0.00583	0.03021	0.75829	0.06062	0.01507	0.01387	0.01122	0.00504	0.00378	0.00125	0.00296	0.00418	0.02972	0.00590
22	0.00503	0.00407	0.00467	0.00454	0.00569	0.00364	0.01573	0.02766	0.02039	0.01160	0.21163	0.13783	0.51584	0.00910	0.00445	0.00128	0.00205	0.00779	0.00361	0.00338
23	0.03167	0.01379	0.01104	0.00916	0.01167	0.40365	0.02544	0.40052	0.01382	0.03278	0.00752	0.00800	0.00565	0.00416	0.00357	0.00106	0.00536	0.00293	0.00285	0.00536
24	0.00457	0.00381	0.00400	0.00395	0.00515	0.00323	0.00296	0.00566	0.00888	0.01092	0.16687	0.03481	0.71387	0.00921	0.00443	0.00125	0.00188	0.00774	0.00359	0.00323
25	0.00977	0.00941	0.03192	0.08287	0.50934	0.03672	0.13107	0.06444	0.03301	0.04350	0.00770	0.00960	0.00608	0.00354	0.00382	0.00115	0.00476	0.00350	0.00213	0.00566
26	0.00752	0.01941	0.84871	0.01069	0.01624	0.00871	0.01386	0.01188	0.00792	0.01188	0.00673	0.00792	0.00475	0.00356	0.00356	0.00119	0.00554	0.00277	0.00158	0.00554
27	0.01056	0.00660	0.03617	0.00751	0.06880	0.00608	0.00566	0.09296	0.09292	0.27823	0.30858	0.01815	0.03992	0.00575	0.00401	0.00118	0.00289	0.00490	0.00396	0.00518
28	0.00879	0.00843	0.01424	0.17420	0.62239	0.00886	0.02263	0.01100	0.00820	0.01160	0.00688	0.00934	0.00571	0.00356	0.00414	0.00116	0.04789	0.00333	0.00182	0.02583
29	0.01011	0.79034	0.05696	0.00675	0.01003	0.03574	0.00680	0.03020	0.00794	0.00931	0.00539	0.00619	0.00485	0.00327	0.00252	0.00083	0.00415	0.00208	0.00166	0.00487
30	0.89465	0.00726	0.00551	0.00493	0.00726	0.00842	0.00406	0.01103	0.00638	0.01683	0.00522	0.00609	0.00406	0.00348	0.00232	0.00116	0.00290	0.00203	0.00232	0.00406
31	0.00457	0.00341	0.00427	0.00494	0.00541	0.00310	0.00340	0.00532	0.00752	0.00974	0.02456	0.66017	0.20885	0.01122	0.00472	0.00147	0.00214	0.02861	0.00348	0.00308
32	0.01021	0.83279	0.01926	0.00656	0.00972	0.05183	0.00646	0.01140	0.00776	0.00884	0.00524	0.00605	0.00482	0.00324	0.00245	0.00081	0.00413	0.00202	0.00162	0.00479
33	0.00546	0.00364	0.00409	0.00409	0.00409	0.00364	0.00227	0.00546	0.00546	0.00727	0.01182	0.02455	0.01364	0.86815	0.01910	0.00364	0.00364	0.00546	0.00227	0.00227
34	0.00542	0.00371	0.00447	0.00449	0.00462	0.00383	0.00276	0.00569	0.00559	0.00759	0.01161	0.03491	0.01297	0.69201	0.18140	0.00407	0.00487	0.00525	0.00224	0.00249
35	0.00540	0.00388	0.00530	0.00530	0.00572	0.00430	0.00378	0.00623	0.00581	0.00817	0.01071	0.01841	0.01097	0.34267	0.54093	0.00513	0.00765	0.00456	0.00211	0.00295
36	0.07065	0.00819	0.02118	0.00735	0.01011	0.00825	0.00609	0.35307	0.04027	0.35942	0.03249	0.04674	0.00906	0.00488	0.00373	0.00117	0.00351	0.00386	0.00400	0.00600
37	0.01041	0.01008	0.05167	0.01216	0.01520	0.05621	0.42410	0.08005	0.07420	0.11377	0.02098	0.01044	0.00690	0.00407	0.00495	0.00126	0.09180	0.00399	0.00253	0.00526
38	0.00779	0.00764	0.02957	0.57561	0.28641	0.00853	0.01084	0.01025	0.00784	0.01048	0.00679	0.00973	0.00530	0.00362	0.00374	0.00121	0.00484	0.00333	0.00173	0.00476
39	0.01362	0.01518	0.01175	0.00994	0.01228	0.58302	0.09215	0.12838	0.02432	0.06405	0.00714	0.00791	0.00552	0.00395	0.00357	0.00104	0.00607	0.00287	0.00238	0.00486
40	0.00893	0.00896	0.01373	0.01103	0.01213	0.03466	0.19036	0.04275	0.01550	0.02658	0.00600	0.00877	0.00530	0.00560	0.00972	0.00151	0.58859	0.00354	0.00187	0.00448
41	0.01683	0.00638	0.00871	0.00668	0.00958	0.00551	0.00551	0.01828	0.01074	0.84734	0.01480	0.01277	0.00929	0.00464	0.00377	0.00116	0.00319	0.00377	0.00464	0.00638
42	0.00717	0.02863	0.24021	0.00708	0.00963	0.00579	0.03641	0.00978	0.05009	0.08985	0.15685	0.15224	0.16754	0.00686	0.00412	0.00126	0.00333	0.01566	0.00309	0.00442
43	0.02476	0.00884	0.01458	0.05156	0.75364	0.02192	0.01103	0.01177	0.00859	0.04683	0.00731	0.00936	0.00600	0.00342	0.00369	0.00112	0.00443	0.00332	0.00198	0.00584
44	0.00581	0.00407	0.00538	0.00598	0.00656	0.00406	0.00480	0.00697	0.00761	0.00996	0.01743	0.06725	0.01927	0.27324	0.00943	0.00231	0.00346	0.54023	0.00309	0.00308
45	0.00520	0.00374	0.00467	0.00459	0.00544	0.00342	0.00338	0.00672	0.00974	0.01363	0.57952	0.13458	0.14069	0.00823	0.00436	0.00122	0.00184	0.00723	0.05838	0.00342
46	0.00923	0.55683	0.29670	0.00794	0.01188	0.01268	0.00895	0.02548	0.00786	0.01011	0.00578	0.00674	0.00482	0.00341	0.00298	0.00095	0.01863	0.00231	0.00164	0.00507
47	0.00546	0.00364	0.00409	0.00409	0.00409	0.00364	0.00227	0.00546	0.00546	0.00727	0.01182	0.02455	0.01364	0.86815	0.01910	0.00364	0.00364	0.00546	0.00227	0.00227
48	0.00457	0.00328	0.00434	0.00520	0.00543	0.00305	0.00347	0.00523	0.00721	0.00959	0.02103	0.84896	0.04133	0.01171	0.00478	0.00152	0.00217	0.01061	0.00348	0.00305
49	0.08191	0.01174	0.01084	0.01003	0.08687	0.29360	0.04213	0.16468	0.10092	0.10776	0.00853	0.00902	0.00642	0.00422	0.00395	0.00112	0.04506	0.00312	0.00278	0.00526
50	0.11370	0.00897	0.00985	0.00766	0.01054	0.00956	0.00632	0.49912	0.03597	0.24494	0.01031	0.00983	0.00704	0.00444	0.00360	0.00114	0.00371	0.00336	0.00383	0.00611
51	0.00581	0.00429	0.00527	0.00489	0.00591	0.01586	0.00369	0.03575	0.01074	0.02336	0.74412	0.02741	0.08346	0.00759	0.00438	0.00118	0.00194	0.00664	0.00405	0.00366
52	0.00930	0.00514	0.00657	0.00568	0.00733	0.00485	0.00446	0.03352	0.08217	0.26146	0.46819	0.02227	0.04385	0.00657	0.00418	0.00119	0.00239	0.02201	0.00422	0.00465
53	0.00778	0.00667	0.00778	0.00556	0.00889	0.00500	0.00445	0.00945	0.00778	0.01223	0.00667	0.00778	0.00556	0.00278	0.00278	0.00056	0.00278	0.00222	0.00222	0.89108
54	0.00516	0.00392	0.00465	0.00445	0.00549	0.00355	0.00334	0.00686	0.02967	0.01337	0.52845	0.03005	0.30742	0.00814	0.00437	0.00120	0.00184	0.00702	0.02759	0.00347
55	0.00829	0.00798	0.01269	0.38598	0.34861	0.03252	0.02694	0.01097	0.05322	0.01097	0.00753	0.02463	0.00618	0.01468	0.00424	0.00124	0.03295	0.00353	0.00191	0.00495
56	0.00946	0.00676	0.00778	0.00671	0.00849	0.01650	0.00537	0.23428	0.13187	0.08194	0.22944	0.01904	0.04812	0.01982	0.05839	0.00157	0.02476	0.06301	0.02183	0.00486
57	0.00927	0.00899	0.01468	0.03385	0.75162	0.02976	0.02381	0.01176	0.03888	0.01222	0.00796	0.00996	0.02315	0.00355	0.00374	0.00112	0.00445	0.00346	0.00196	0.00581
58	0.05344	0.02305	0.02732	0.09403	0.45450	0.02228	0.02545	0.10353	0.08234	0.05013	0.00822	0.00972	0.00644	0.00416	0.01839	0.00123	0.00439	0.00337	0.00236	0.00564
59	0.01430	0.01044	0.01122	0.00860	0.01160	0.01153	0.00710	0.81893	0.01753	0.03711	0.00910	0.00907	0.00643	0.00451	0.00375	0.00113	0.00411	0.00338	0.00377	0.00638
60	0.00824	0.01544	0.52322	0.04023	0.01687	0.00883	0.23017	0.03240	0.00842	0.02912	0.00715	0.00870	0.00517	0.00353	0.00391	0.00119	0.01772	0.00326	0.00181	0.03462
61	0.00796	0.01592	0.54877	0.02635	0.01723	0.00904	0.26862	0.01179	0.00813	0.01179	0.00694	0.00865	0.00506	0.00354	0.00413	0.00123	0.03452	0.00332	0.00169	0.00532
62	0.00458	0.00328	0.00436	0.00519	0.00544	0.00306	0.00347	0.00526	0.00727	0.00969	0.03673	0.83607	0.03839	0.01164	0.00478	0.00151	0.00216	0.01055	0.00350	0.00306
63	0.00456	0.00376	0.00401	0.00404	0.00517	0.00321	0.00300	0.00560	0.00871	0.01075	0.14474	0.10526	0.66531	0.00945	0.00446	0.00128	0.00191	0.00800	0.00357	0.00321
64	0.01426	0.01051	0.01126	0.00863	0.01163	0.01163	0.00713	0.83224	0.01764	0.02364	0.00901	0.00901	0.00638	0.00450	0.00375	0.00113	0.00413	0.00338	0.00375	0.00638
65	0.00898	0.00818	0.05795	0.02750	0.01301	0.00767	0.27068	0.07107	0.10271	0.08694	0.02101	0.03829	0.02116	0.00590	0.00465	0.00138	0.03213	0.21297	0.00294	0.00486
66	0.01003	0.87041	0.01966	0.00642	0.00963	0.01485	0.00642	0.01123	0.00762	0.00883	0.00522	0.00602	0.00481	0.00321	0.00241	0.00080	0.00401	0.00201	0.00160	0.00481
67	0.00693	0.00625	0.03964	0.00587	0.00758	0.00607	0.00472	0.03985	0.31985	0.01370	0.19281	0.02386	0.28531	0.02524	0.00445	0.00129	0.00253	0.00589	0.00365	0.00447
68	0.00836	0.00845	0.01285	0.01158	0.08349	0.01107	0.08828	0.00954	0.00629	0.00960	0.00537	0.00849	0.00509	0.00596	0.01080	0.00156	0.70379	0.00340	0.00169	0.00436
69	0.01128	0.00965	0.00946	0.00809	0.01045	0.09163	0.00638	0.24223	0.51711	0.03302	0.01263	0.01190	0.00938	0.00480	0.00376	0.00120	0.00366	0.00382	0.00363	0.00591
70	0.28856	0.01026	0.00916	0.00747	0.01009	0.13775	0.00606	0.38334	0.01249	0.08940	0.00784	0.00808	0.00567	0.00410	0.00325	0.00112	0.00407	0.00285	0.00311	0.00535
71	0.01035	0.00874	0.00969	0.00904	0.07315	0.04585	0.02693	0.16431	0.49836	0.03905	0.04205	0.01336	0.03222	0.00494	0.00383	0.00121	0.00347	0.00411	0.00355	0.00578
72	0.01238	0.00883	0.01192	0.04931	0.29654	0.00923	0.00837	0.30105	0.07367	0.17569	0.00981	0.01023	0.00710	0.00414	0.00375	0.00114	0.00401	0.00350	0.00319	0.00610
73	0.01323	0.02447	0.01176	0.00939	0.01204	0.27602	0.07137	0.42131	0.09379	0.01721	0.00844	0.00883	0.00631	0.00424	0.00368	0.00110	0.00502	0.00322	0.00301	0.00557
74	0.00567	0.00425	0.00618	0.00632	0.02527	0.00483	0.00473	0.02478	0.00637	0.00907	0.01044	0.01627	0.01002	0.10077	0.71403	0.00546	0.00901	0.03103	0.00212	0.00338
75	0.00929	0.00891	0.01523	0.02303	0.84475	0.00891	0.01151	0.01151	0.00854	0.01226	0.00706	0.00929	0.00594	0.00334	0.00371	0.00111	0.00446	0.00334	0.00186	0.00594
76	0.00555	0.00418	0.02324	0.00456	0.00483	0.00403	0.00293	0.00602	0.02185	0.00785	0.01288	0.04189	0.04979	0.69963	0.07860	0.00353	0.01827	0.00545	0.00234	0.00258
77	0.01138	0.00915	0.00949	0.00800	0.01044	0.03831	0.00637	0.29052	0.50939	0.04558	0.01285	0.01205	0.00947	0.00484	0.00378	0.00121	0.00349	0.00388	0.00376	0.00605
78	0.00565	0.00416	0.00577	0.00568	0.00622	0.00472	0.00421	0.02538	0.00615	0.00870	0.01037	0.01696	0.01030	0.23985	0.60543	0.00522	0.02562	0.00435	0.00211	0.00316
79	0.01414	0.01042	0.01117	0.00859	0.01156	0.01153	0.00709	0.82198	0.01751	0.02347	0.00915	0.01963	0.00661	0.00459	0.00377	0.00113	0.00410	0.00347	0.00375	0.00634
80	0.00609	0.00399	0.00501	0.00465	0.00573	0.00362	0.00352	0.00772	0.01017	0.07199	0.62235	0.02727	0.14609	0.00752	0.00427	0.00117	0.00189	0.00654	0.05672	0.00368
81	0.00753	0.01905	0.82251	0.01075	0.01620	0.00868	0.03040	0.01183	0.00792	0.01185	0.00679	0.00804	0.00482	0.00383	0.01303	0.00124	0.00561	0.00282	0.00160	0.00551
82	0.00450	0.00360	0.00403	0.00436	0.00522	0.00313	0.00310	0.00534	0.00805	0.00997	0.03994	0.35352	0.52140	0.01034	0.00457	0.00136	0.00200	0.00896	0.00349	0.00313
83	0.00705	0.00427	0.00550	0.00499	0.00623	0.00388	0.00381	0.00878	0.02302	0.14362	0.59257	0.05274	0.11390	0.00748	0.00433	0.00120	0.00204	0.00652	0.00412	0.00396
84	0.00778	0.00667	0.00778	0.00556	0.00889	0.00500	0.00445	0.00945	0.00778	0.01223	0.00667	0.00778	0.00556	0.00278	0.00278	0.00056	0.00278	0.00222	0.00222	0.89108
85	0.00456	0.00378	0.00400	0.00400	0.00516	0.00321	0.00298	0.00562	0.00878	0.01080	0.15102	0.07581	0.68863	0.00935	0.00445	0.00127	0.00190	0.00789	0.00358	0.00321
86	0.00699	0.00350	0.00350	0.00350	0.00437	0.00350	0.00262	0.00874	0.00787	0.01399	0.01224	0.01399	0.00962	0.00437	0.00262	0.00087	0.00175	0.00350	0.88898	0.00350
87	0.00863	0.00825	0.01405	0.27114	0.60174	0.00874	0.01119	0.01094	0.00823	0.01146	0.00694	0.00950	0.00566	0.00346	0.00373	0.00115	0.00462	0.00334	0.00180	0.00542
88	0.02690	0.82067	0.05171	0.00656	0.00984	0.01448	0.00666	0.01126	0.00761	0.00910	0.00528	0.00609	0.00480	0.00323	0.00245	0.00082	0.00405	0.00204	0.00162	0.00483
