[name]
unknown

[dist]
# distance from previous block
# <min> <max>
0	28

[block]
# block no. 0 follows, 82 sequences, length 23
# corresponding to MSA columns:
# 28-50
name=unknown_A
#
# <colnr> <probs for GDERKNQSTAVLIFYWHMCP>
#	G	D	E	R	K	N	Q	S	T	A	V	L	I	F	Y	W	H	M	C	P
0	0.01952	0.00432	0.00570	0.00526	0.00659	0.00398	0.00425	0.00921	0.02083	0.20706	0.39675	0.03765	0.02200	0.00676	0.00398	0.00118	0.00234	0.20261	0.00363	0.03638
1	0.00661	0.00608	0.00953	0.67280	0.02002	0.00690	0.00825	0.00871	0.00690	0.00929	0.00608	0.00866	0.00468	0.00322	0.00322	0.00099	0.00410	0.00281	0.00164	0.20953
2	0.01022	0.00803	0.04581	0.02255	0.31582	0.01572	0.18979	0.01242	0.02929	0.25451	0.00894	0.00981	0.01551	0.00360	0.00389	0.00109	0.04191	0.00341	0.00247	0.00521
3	0.00519	0.00417	0.00623	0.00844	0.20068	0.00403	0.00480	0.00609	0.00676	0.00919	0.01562	0.63737	0.01819	0.05045	0.00476	0.00140	0.00253	0.00797	0.00278	0.00335
4	0.00791	0.00757	0.01283	0.24734	0.61487	0.00805	0.01016	0.00997	0.00747	0.01045	0.00629	0.00862	0.00517	0.00322	0.00359	0.00106	0.02581	0.00304	0.00164	0.00495
5	0.00651	0.00603	0.00880	0.20565	0.01124	0.00793	0.00678	0.00761	0.00562	0.00812	0.00637	0.01055	0.00610	0.10493	0.16140	0.00232	0.42560	0.00334	0.00162	0.00345
6	0.00705	0.00653	0.00907	0.00785	0.00809	0.00870	0.00645	0.00801	0.00636	0.02793	0.20015	0.01172	0.01095	0.00618	0.00941	0.00139	0.65469	0.00374	0.00208	0.00367
7	0.00738	0.21592	0.66843	0.00886	0.01342	0.00923	0.01108	0.01070	0.00716	0.01019	0.00582	0.00682	0.00435	0.00318	0.00301	0.00100	0.00473	0.00237	0.00145	0.00490
8	0.02673	0.01059	0.01565	0.01354	0.15765	0.20529	0.43301	0.06312	0.00887	0.02248	0.00659	0.00830	0.00510	0.00316	0.00363	0.00106	0.00535	0.00334	0.00188	0.00467
9	0.00937	0.00832	0.01281	0.07618	0.60684	0.00866	0.00951	0.20227	0.00963	0.01339	0.00682	0.00845	0.00545	0.00332	0.00340	0.00103	0.00403	0.00305	0.00208	0.00540
10	0.00469	0.00369	0.00541	0.20359	0.00923	0.00388	0.00463	0.00568	0.00662	0.00873	0.01592	0.67835	0.01848	0.00904	0.00415	0.00133	0.00258	0.00819	0.00280	0.00301
11	0.00433	0.00313	0.00432	0.00493	0.00522	0.00312	0.00343	0.00507	0.00631	0.00855	0.01663	0.67934	0.01940	0.01414	0.20206	0.00233	0.00363	0.00833	0.00287	0.00284
12	0.00886	0.00781	0.01189	0.29045	0.39652	0.00853	0.00926	0.20182	0.00939	0.01278	0.00673	0.00862	0.00523	0.00341	0.00341	0.00106	0.00415	0.00305	0.00203	0.00499
13	0.00950	0.00849	0.01324	0.01779	0.63897	0.00871	0.03442	0.20240	0.00970	0.01355	0.00686	0.00843	0.00550	0.00329	0.00341	0.00102	0.00405	0.00308	0.00209	0.00549
14	0.00714	0.00701	0.00637	0.00584	0.00692	0.20203	0.00444	0.00925	0.08418	0.01223	0.53729	0.01893	0.02234	0.00593	0.00418	0.00106	0.05320	0.00488	0.00315	0.00362
15	0.00936	0.59458	0.01476	0.00640	0.00899	0.09775	0.00583	0.01240	0.20113	0.00952	0.00691	0.00722	0.00578	0.00338	0.00258	0.00084	0.00369	0.00233	0.00196	0.00458
16	0.00474	0.00322	0.00380	0.00403	0.00409	0.00316	0.00240	0.00491	0.00544	0.00725	0.01315	0.27401	0.01543	0.62407	0.01357	0.00275	0.00292	0.00637	0.00240	0.00228
17	0.00701	0.00561	0.00607	0.00571	0.00684	0.04433	0.00427	0.19953	0.06844	0.01226	0.05682	0.35832	0.12165	0.03087	0.03901	0.00144	0.01847	0.00648	0.00311	0.00376
18	0.00932	0.11217	0.11209	0.01119	0.20534	0.16728	0.05989	0.06192	0.18652	0.01146	0.00796	0.02608	0.00640	0.00369	0.00326	0.00101	0.00428	0.00306	0.00216	0.00491
19	0.00561	0.00319	0.00479	0.00479	0.00498	0.00338	0.00338	0.00498	0.00479	0.00658	0.00696	0.01136	0.00677	0.01625	0.28387	0.61662	0.00493	0.00319	0.00160	0.00198
20	0.00848	0.00797	0.01349	0.05018	0.79341	0.00797	0.01021	0.01050	0.00777	0.02618	0.00654	0.00851	0.00543	0.00307	0.00337	0.00101	0.00402	0.00303	0.00174	0.02712
21	0.04664	0.04190	0.01306	0.01989	0.04546	0.28002	0.24982	0.20577	0.04201	0.01278	0.00678	0.00785	0.00520	0.00346	0.00340	0.00101	0.00504	0.00302	0.00220	0.00470
22	0.00895	0.72964	0.06031	0.00619	0.00911	0.01263	0.00615	0.01125	0.11091	0.00896	0.00595	0.00647	0.00513	0.00315	0.00241	0.00080	0.00361	0.00212	0.00171	0.00455

[dist]
# distance from previous block
# <min> <max>
0	1

[block]
# block no. 1 follows, 82 sequences, length 43
# corresponding to MSA columns:
# 52-94
name=unknown_B
#
# <colnr> <probs for GDERKNQSTAVLIFYWHMCP>
#	G	D	E	R	K	N	Q	S	T	A	V	L	I	F	Y	W	H	M	C	P
0	0.04138	0.11231	0.01139	0.00846	0.02365	0.34571	0.09796	0.09608	0.02181	0.16511	0.00731	0.00778	0.00546	0.00361	0.00333	0.00096	0.02367	0.00271	0.00237	0.01894
1	0.19618	0.09569	0.00939	0.01899	0.01792	0.20687	0.03238	0.10270	0.25160	0.02413	0.00810	0.00832	0.00624	0.00376	0.00299	0.00101	0.00384	0.00276	0.00251	0.00462
2	0.00717	0.00654	0.00969	0.00917	0.08221	0.00806	0.06075	0.00845	0.02738	0.04051	0.03595	0.13382	0.03993	0.00636	0.00790	0.00137	0.47299	0.03577	0.00211	0.00386
3	0.00708	0.00704	0.01034	0.76603	0.05266	0.08198	0.00929	0.00923	0.00712	0.00880	0.00602	0.00884	0.00458	0.00342	0.00339	0.00111	0.00468	0.00297	0.00155	0.00387
4	0.00823	0.27223	0.52196	0.00838	0.01254	0.00941	0.02455	0.01109	0.00734	0.07653	0.00630	0.00709	0.00469	0.00325	0.00305	0.00098	0.01337	0.00242	0.00167	0.00490
5	0.02200	0.00655	0.00902	0.00763	0.02879	0.02063	0.09009	0.03802	0.11547	0.21005	0.09748	0.01452	0.10757	0.00535	0.00536	0.00119	0.19623	0.01665	0.00294	0.00448
6	0.00931	0.05636	0.02903	0.02445	0.17689	0.02829	0.17143	0.03906	0.02889	0.19147	0.02124	0.04932	0.00847	0.06064	0.04605	0.00145	0.00420	0.04630	0.00252	0.00465
7	0.00547	0.00367	0.00467	0.00434	0.00534	0.00335	0.00330	0.00691	0.00916	0.07447	0.61068	0.02524	0.17347	0.00798	0.04555	0.00130	0.00209	0.00604	0.00360	0.00335
8	0.00572	0.00427	0.00557	0.10026	0.00818	0.00431	0.00488	0.00768	0.06505	0.04153	0.05462	0.06845	0.23899	0.00790	0.00417	0.00132	0.00274	0.34760	0.02335	0.00339
9	0.04398	0.00672	0.01036	0.58390	0.02692	0.00786	0.05034	0.11265	0.01596	0.08426	0.00702	0.00909	0.00511	0.00359	0.00353	0.00112	0.01818	0.00309	0.00204	0.00429
10	0.00708	0.00659	0.01050	0.61032	0.15894	0.00781	0.00909	0.01035	0.12553	0.00992	0.00724	0.00952	0.00553	0.00353	0.00342	0.00112	0.00422	0.00316	0.00182	0.00429
11	0.00489	0.00365	0.00542	0.00542	0.00600	0.00423	0.00417	0.00606	0.00547	0.00788	0.00924	0.01386	0.00873	0.06549	0.82664	0.00540	0.00889	0.00373	0.00184	0.00301
12	0.04060	0.00681	0.00872	0.00813	0.04085	0.05035	0.00641	0.03560	0.00653	0.05008	0.00796	0.04380	0.00782	0.02873	0.09993	0.00187	0.44743	0.10258	0.00204	0.00376
13	0.00415	0.00330	0.00371	0.00396	0.00475	0.00288	0.00283	0.00496	0.00746	0.00933	0.08403	0.31618	0.50707	0.02389	0.00438	0.00126	0.00184	0.00795	0.00320	0.00286
14	0.02152	0.00930	0.06037	0.04509	0.06993	0.00861	0.60467	0.04986	0.07302	0.01169	0.00738	0.00924	0.00555	0.00313	0.00383	0.00113	0.00521	0.00377	0.00192	0.00476
15	0.06219	0.30027	0.01331	0.08910	0.19479	0.21444	0.01998	0.02475	0.00783	0.00957	0.00545	0.00679	0.00463	0.00327	0.00310	0.00092	0.03112	0.00238	0.00167	0.00442
16	0.00681	0.02144	0.00942	0.57765	0.01837	0.00687	0.00774	0.01901	0.02217	0.00968	0.00622	0.00852	0.00483	0.00318	0.00314	0.00095	0.00391	0.00274	0.00172	0.26562
17	0.01646	0.13785	0.53456	0.00860	0.01263	0.01776	0.03583	0.04746	0.02253	0.07605	0.00743	0.05481	0.00585	0.00374	0.00320	0.00105	0.00444	0.00297	0.00190	0.00490
18	0.00882	0.69167	0.11394	0.00642	0.00948	0.01237	0.00659	0.01113	0.09475	0.00902	0.00587	0.00644	0.00501	0.00314	0.00245	0.00082	0.00372	0.00212	0.00167	0.00457
19	0.00489	0.00367	0.00550	0.00550	0.00611	0.00428	0.00428	0.00611	0.00550	0.00794	0.00916	0.01344	0.00855	0.02566	0.86623	0.00550	0.00916	0.00367	0.00183	0.00305
20	0.00798	0.00748	0.01000	0.01785	0.04429	0.04706	0.06728	0.04850	0.11879	0.03053	0.05350	0.01068	0.02111	0.02268	0.04913	0.00154	0.42400	0.01130	0.00214	0.00414
21	0.00875	0.00768	0.01209	0.08903	0.58409	0.00795	0.00910	0.08198	0.06539	0.03978	0.00754	0.00943	0.00612	0.03103	0.00382	0.00111	0.00387	0.00318	0.02289	0.00517
22	0.00489	0.00367	0.00550	0.00550	0.00611	0.00428	0.00428	0.00611	0.00550	0.00794	0.00916	0.01344	0.00855	0.02566	0.86623	0.00550	0.00916	0.00367	0.00183	0.00305
23	0.01258	0.01566	0.00992	0.00937	0.05145	0.79325	0.00679	0.04415	0.00984	0.00899	0.00545	0.00635	0.00451	0.00352	0.00311	0.00089	0.00598	0.00228	0.00182	0.00410
24	0.00800	0.00662	0.01108	0.31793	0.28136	0.00702	0.07427	0.02398	0.00779	0.09555	0.03723	0.05793	0.02010	0.00397	0.00351	0.00109	0.00394	0.00370	0.03043	0.00450
25	0.00415	0.00323	0.00378	0.00420	0.00486	0.00286	0.00297	0.00491	0.00720	0.00907	0.03777	0.45928	0.40451	0.00970	0.00422	0.00128	0.00189	0.02810	0.00318	0.00284
26	0.00704	0.00357	0.00407	0.00379	0.00480	0.00341	0.00290	0.00861	0.00808	0.11067	0.21610	0.01572	0.01442	0.00474	0.00291	0.00089	0.00175	0.00394	0.57907	0.00350
27	0.81142	0.00656	0.00553	0.07964	0.00812	0.00762	0.00423	0.01005	0.00598	0.02884	0.00502	0.00597	0.00386	0.00321	0.00225	0.00107	0.00282	0.00198	0.00210	0.00375
28	0.01007	0.09095	0.05126	0.02270	0.18674	0.05097	0.06912	0.35386	0.01117	0.01477	0.00901	0.02663	0.04728	0.00416	0.00342	0.00104	0.00400	0.03527	0.00253	0.00506
29	0.00432	0.00335	0.00393	0.00423	0.00495	0.00301	0.00303	0.00531	0.02105	0.00964	0.12351	0.36667	0.37716	0.02226	0.00438	0.00128	0.00190	0.03387	0.00323	0.00292
30	0.00660	0.00616	0.01036	0.79048	0.08288	0.00754	0.00941	0.00885	0.00692	0.00901	0.00622	0.00916	0.00472	0.00341	0.00339	0.00112	0.00446	0.00304	0.02239	0.00390
31	0.00854	0.00812	0.01419	0.14514	0.22042	0.00854	0.28908	0.08047	0.08146	0.03647	0.00741	0.00920	0.00570	0.00352	0.00418	0.00113	0.06611	0.00346	0.00204	0.00483
32	0.00424	0.00305	0.00398	0.00467	0.00492	0.00286	0.00314	0.00485	0.00652	0.00864	0.01899	0.75184	0.06564	0.06281	0.02298	0.00158	0.00222	0.02124	0.00308	0.00275
33	0.01406	0.00644	0.00813	0.00635	0.00890	0.00610	0.00521	0.13713	0.08779	0.63721	0.01337	0.01185	0.03234	0.00438	0.00346	0.00107	0.00298	0.00353	0.00402	0.00570
34	0.00761	0.00876	0.10300	0.00836	0.00922	0.07947	0.00730	0.04074	0.00633	0.00901	0.00630	0.06631	0.00621	0.03445	0.05791	0.00166	0.53835	0.00343	0.00174	0.00383
35	0.00830	0.00676	0.01090	0.37679	0.31433	0.00736	0.00887	0.05040	0.00796	0.09937	0.00798	0.03967	0.00653	0.00389	0.00349	0.00111	0.00403	0.03558	0.00208	0.00462
36	0.00416	0.00308	0.00389	0.00451	0.00490	0.00281	0.00307	0.00484	0.00687	0.00896	0.04457	0.69808	0.17728	0.01024	0.00430	0.00134	0.00193	0.00916	0.00319	0.00281
37	0.01343	0.00837	0.00946	0.00731	0.00997	0.00888	0.00602	0.56194	0.06041	0.26308	0.01005	0.00945	0.00684	0.00417	0.00343	0.00104	0.00346	0.00323	0.00366	0.00580
38	0.00716	0.01272	0.04030	0.08991	0.06678	0.04304	0.04996	0.04884	0.03364	0.09789	0.01392	0.41884	0.02476	0.00719	0.00391	0.00123	0.00312	0.03011	0.00283	0.00386
39	0.00419	0.00300	0.00399	0.00477	0.00499	0.00280	0.00320	0.00480	0.00659	0.00876	0.01909	0.85120	0.03576	0.01066	0.00437	0.00139	0.00200	0.02249	0.00317	0.00279
40	0.00830	0.19483	0.01147	0.00797	0.09763	0.04981	0.07727	0.03539	0.00765	0.01831	0.00600	0.00710	0.00499	0.00281	0.00274	0.00070	0.00343	0.00232	0.00190	0.45938
41	0.00857	0.16352	0.04059	0.00559	0.00854	0.00652	0.00487	0.04114	0.00776	0.11231	0.01942	0.02400	0.00608	0.00311	0.00270	0.00068	0.00289	0.00242	0.00227	0.53702
42	0.02282	0.12790	0.13813	0.03653	0.04109	0.11855	0.10272	0.09734	0.16843	0.10064	0.00837	0.00877	0.00622	0.00365	0.00325	0.00102	0.00421	0.00299	0.00242	0.00495

[dist]
# distance from previous block
# <min> <max>
0	3

[block]
# block no. 2 follows, 82 sequences, length 21
# corresponding to MSA columns:
# 98-118
name=unknown_C
#
# <colnr> <probs for GDERKNQSTAVLIFYWHMCP>
#	G	D	E	R	K	N	Q	S	T	A	V	L	I	F	Y	W	H	M	C	P
0	0.00583	0.00418	0.00499	0.00486	0.01755	0.00431	0.00327	0.05675	0.08146	0.01897	0.20351	0.07784	0.01664	0.41173	0.07141	0.00245	0.00324	0.00522	0.00274	0.00306
1	0.04207	0.00655	0.01085	0.65173	0.20533	0.00772	0.00949	0.00918	0.00701	0.00953	0.00611	0.00884	0.00471	0.00333	0.00336	0.00111	0.00438	0.00300	0.00158	0.00415
2	0.02692	0.04202	0.04009	0.18324	0.15797	0.05198	0.08841	0.08471	0.06269	0.06827	0.03052	0.05319	0.06167	0.00433	0.00370	0.00109	0.02860	0.00376	0.00231	0.00452
3	0.00793	0.05081	0.02813	0.09390	0.40198	0.00787	0.11705	0.05335	0.05487	0.01123	0.00933	0.04562	0.04526	0.00413	0.00357	0.00109	0.00400	0.05304	0.00207	0.00478
4	0.00595	0.00536	0.00788	0.03441	0.02874	0.00632	0.05818	0.00716	0.01490	0.00899	0.01354	0.15739	0.12367	0.00963	0.11268	0.00189	0.28445	0.11317	0.00229	0.00342
5	0.05434	0.01456	0.59123	0.00945	0.04639	0.00810	0.02404	0.08489	0.07419	0.05041	0.00721	0.00794	0.00515	0.00346	0.00325	0.00108	0.00451	0.00273	0.00195	0.00512
6	0.05198	0.10953	0.06876	0.01176	0.25107	0.02021	0.09852	0.12120	0.14350	0.07794	0.00815	0.00885	0.00620	0.00352	0.00327	0.00103	0.00388	0.00308	0.00238	0.00517
7	0.01904	0.00726	0.09089	0.02300	0.10668	0.06379	0.10303	0.04006	0.00796	0.05249	0.07212	0.29973	0.02420	0.00651	0.00397	0.00120	0.01342	0.05808	0.00262	0.00395
8	0.00434	0.00313	0.00414	0.00484	0.00518	0.00293	0.00340	0.00510	0.00690	0.00914	0.05669	0.70420	0.06584	0.01031	0.00437	0.00138	0.00208	0.09996	0.00320	0.00284
9	0.00445	0.00328	0.00419	0.00470	0.00513	0.00311	0.00324	0.00561	0.04501	0.00972	0.13829	0.65675	0.08421	0.00977	0.00426	0.00132	0.00195	0.00878	0.00327	0.00297
10	0.04395	0.14178	0.31678	0.00826	0.01159	0.21790	0.00846	0.14775	0.00930	0.05456	0.00638	0.00703	0.00479	0.00346	0.00305	0.00097	0.00471	0.00246	0.00201	0.00480
11	0.00797	0.00762	0.01299	0.22997	0.65332	0.00800	0.01025	0.01007	0.00756	0.01058	0.00635	0.00863	0.00521	0.00314	0.00339	0.00105	0.00419	0.00305	0.00165	0.00502
12	0.03855	0.00313	0.00396	0.00466	0.00497	0.00299	0.00315	0.00516	0.00656	0.00922	0.01786	0.79299	0.02108	0.01003	0.00416	0.00134	0.00199	0.00904	0.05633	0.00284
13	0.00547	0.00444	0.01819	0.00573	0.00621	0.01827	0.00443	0.00627	0.00539	0.00768	0.00839	0.01339	0.00819	0.13431	0.54430	0.08315	0.11781	0.00365	0.00178	0.00292
14	0.01008	0.41424	0.08299	0.04943	0.01048	0.05653	0.02787	0.10779	0.05963	0.11521	0.01973	0.00777	0.00586	0.00351	0.00296	0.00091	0.01546	0.00257	0.00221	0.00477
15	0.00522	0.00388	0.00521	0.00575	0.00647	0.00390	0.00477	0.00667	0.02238	0.01008	0.06702	0.18151	0.09958	0.00925	0.00476	0.00146	0.03264	0.52317	0.00314	0.00312
16	0.90395	0.00662	0.00503	0.00450	0.00662	0.00767	0.00370	0.01006	0.00582	0.01535	0.00476	0.00556	0.00370	0.00318	0.00212	0.00106	0.00265	0.00185	0.00212	0.00370
17	0.00425	0.00328	0.00388	0.00415	0.00485	0.00291	0.00295	0.00515	0.00766	0.00990	0.18699	0.36875	0.36469	0.00916	0.00417	0.00123	0.00181	0.00802	0.00329	0.00291
18	0.00417	0.00315	0.00386	0.00442	0.00492	0.00284	0.00307	0.00487	0.00696	0.00892	0.02354	0.60326	0.27127	0.01007	0.00428	0.00132	0.00194	0.03114	0.00318	0.00282
19	0.09623	0.09954	0.01033	0.00919	0.15123	0.15176	0.00640	0.16749	0.09042	0.10379	0.00768	0.00809	0.00583	0.00356	0.00305	0.00095	0.00381	0.00271	0.00251	0.07542
20	0.04971	0.00912	0.05366	0.02561	0.01061	0.09673	0.09281	0.23679	0.20737	0.05151	0.03398	0.01067	0.04468	0.00414	0.00339	0.00104	0.00375	0.00341	0.00284	0.05818

[dist]
# distance from previous block
# <min> <max>
0	9

[block]
# block no. 3 follows, 82 sequences, length 7
# corresponding to MSA columns:
# 128-134
name=unknown_D
#
# <colnr> <probs for GDERKNQSTAVLIFYWHMCP>
#	G	D	E	R	K	N	Q	S	T	A	V	L	I	F	Y	W	H	M	C	P
0	0.06104	0.05900	0.01089	0.04977	0.25234	0.00820	0.02619	0.18030	0.08806	0.21659	0.00898	0.00928	0.00649	0.00370	0.00329	0.00104	0.00356	0.00311	0.00282	0.00535
1	0.07751	0.00797	0.01260	0.04214	0.60309	0.00823	0.05051	0.04113	0.10105	0.01213	0.00721	0.00876	0.00582	0.00327	0.00333	0.00105	0.00389	0.00310	0.00198	0.00521
2	0.00455	0.00331	0.00421	0.00466	0.00513	0.00307	0.00327	0.00530	0.00685	0.00911	0.07551	0.51361	0.10120	0.11618	0.00588	0.00157	0.00224	0.09773	0.00304	0.03360
3	0.01099	0.00812	0.00881	0.00701	0.00928	0.00883	0.00569	0.65051	0.01424	0.01906	0.08935	0.07052	0.07178	0.00516	0.00359	0.00107	0.00330	0.00412	0.00342	0.00516
4	0.03884	0.41274	0.15352	0.03238	0.04078	0.03254	0.08963	0.03249	0.00757	0.08399	0.00614	0.00706	0.00487	0.00329	0.00317	0.00094	0.04110	0.00247	0.00182	0.00464
5	0.00510	0.00331	0.00390	0.00392	0.00467	0.00310	0.00288	0.00644	0.00815	0.01202	0.35070	0.16194	0.13137	0.00689	0.00358	0.00105	0.00168	0.00597	0.28021	0.00310
6	0.00837	0.06861	0.54000	0.04305	0.01321	0.00812	0.01014	0.07301	0.07084	0.09670	0.00785	0.00898	0.00575	0.00367	0.00328	0.00108	0.00441	0.02580	0.00207	0.00507

[dist]
# distance from previous block
# <min> <max>
0	25

[block]
# block no. 4 follows, 82 sequences, length 52
# corresponding to MSA columns:
# 160-211
name=unknown_E
#
# <colnr> <probs for GDERKNQSTAVLIFYWHMCP>
#	G	D	E	R	K	N	Q	S	T	A	V	L	I	F	Y	W	H	M	C	P
0	0.04734	0.03293	0.04967	0.02704	0.66047	0.04745	0.01830	0.04665	0.00807	0.01151	0.00631	0.00809	0.00522	0.00316	0.00337	0.00102	0.01352	0.00291	0.00177	0.00521
1	0.00520	0.00358	0.00443	0.00423	0.00518	0.00321	0.00317	0.00651	0.00892	0.06209	0.51992	0.10327	0.24234	0.00760	0.00403	0.00112	0.00175	0.00661	0.00359	0.00325
2	0.07503	0.00833	0.00837	0.00785	0.05810	0.07678	0.00582	0.12212	0.56834	0.01465	0.01141	0.01088	0.00859	0.00429	0.00334	0.00111	0.00319	0.00344	0.00313	0.00523
3	0.00480	0.00349	0.00451	0.00426	0.00508	0.00321	0.00319	0.00637	0.00957	0.01346	0.80921	0.02598	0.07987	0.00709	0.00404	0.00108	0.00162	0.00625	0.00373	0.00321
4	0.09618	0.00934	0.05866	0.00746	0.01026	0.00954	0.00642	0.62504	0.01389	0.11691	0.00838	0.00830	0.00584	0.00398	0.00329	0.00104	0.00364	0.00297	0.00328	0.00558
5	0.01422	0.03738	0.00875	0.00655	0.00913	0.05609	0.00540	0.17720	0.02166	0.59109	0.02086	0.01082	0.01623	0.00420	0.00339	0.00103	0.00326	0.00331	0.00381	0.00560
6	0.00481	0.00333	0.00376	0.00382	0.00401	0.00324	0.00230	0.00502	0.00558	0.00729	0.02746	0.07732	0.12560	0.67993	0.01438	0.00284	0.00299	0.02174	0.00233	0.00226
7	0.00857	0.00383	0.00435	0.00390	0.00514	0.00364	0.00303	0.01009	0.00781	0.21978	0.01173	0.01248	0.00869	0.00405	0.00265	0.00086	0.00192	0.00325	0.68040	0.00383
8	0.00701	0.00817	0.13742	0.62130	0.10345	0.00784	0.00993	0.04675	0.00740	0.00986	0.00622	0.00873	0.00467	0.00339	0.00339	0.00111	0.00455	0.00297	0.00161	0.00424
9	0.00646	0.00608	0.01026	0.87156	0.02356	0.00760	0.00950	0.00874	0.00684	0.00874	0.00608	0.00912	0.00456	0.00342	0.00342	0.00114	0.00456	0.00304	0.00152	0.00380
10	0.00646	0.00608	0.01026	0.87156	0.02356	0.00760	0.00950	0.00874	0.00684	0.00874	0.00608	0.00912	0.00456	0.00342	0.00342	0.00114	0.00456	0.00304	0.00152	0.00380
11	0.00420	0.00305	0.00396	0.00463	0.00494	0.00281	0.00313	0.00487	0.00683	0.00906	0.06852	0.75769	0.09303	0.01033	0.00432	0.00135	0.00194	0.00931	0.00321	0.00281
12	0.16748	0.00639	0.00710	0.00533	0.00813	0.00563	0.00433	0.07160	0.00796	0.14840	0.00719	0.00763	0.00542	0.00303	0.00267	0.00073	0.00270	0.00230	0.00250	0.53348
13	0.00562	0.00415	0.00516	0.00482	0.00584	0.00405	0.00374	0.06855	0.04760	0.01376	0.63532	0.02530	0.07335	0.00699	0.00403	0.00113	0.00197	0.08151	0.00364	0.00349
14	0.00459	0.00339	0.00422	0.00421	0.00495	0.00309	0.00307	0.00578	0.00851	0.01155	0.49245	0.17299	0.20130	0.03742	0.00467	0.01241	0.00180	0.01713	0.00345	0.00302
15	0.00548	0.00376	0.00518	0.00585	0.00657	0.00370	0.00489	0.00687	0.00771	0.02958	0.04611	0.19683	0.02011	0.00934	0.00454	0.00149	0.00283	0.60757	0.02848	0.00314
16	0.00746	0.00588	0.00751	0.00792	0.13375	0.00630	0.01212	0.01114	0.23184	0.04147	0.11215	0.01352	0.04873	0.00469	0.00408	0.00104	0.09330	0.00380	0.18329	0.07003
17	0.00726	0.00614	0.01016	0.66639	0.10688	0.00723	0.00902	0.00940	0.00722	0.07152	0.00742	0.01110	0.00589	0.00382	0.00350	0.00115	0.00430	0.05569	0.00184	0.00407
18	0.00672	0.00647	0.00571	0.01655	0.00685	0.19512	0.00426	0.04248	0.02630	0.01712	0.01684	0.47737	0.11168	0.00827	0.00398	0.00123	0.00307	0.04381	0.00287	0.00330
19	0.08386	0.00942	0.07522	0.26631	0.40199	0.00916	0.01030	0.01121	0.00841	0.01246	0.00802	0.01095	0.00674	0.00470	0.00467	0.00146	0.06358	0.00356	0.00233	0.00566
20	0.00547	0.00391	0.00547	0.00626	0.00703	0.00390	0.00545	0.00702	0.00784	0.01019	0.01813	0.06226	0.01977	0.00949	0.00471	0.00157	0.00312	0.81212	0.00315	0.00314
21	0.01083	0.00513	0.00658	0.00539	0.00730	0.00471	0.00432	0.06383	0.03068	0.44596	0.26054	0.01681	0.06429	0.00528	0.00359	0.00106	0.00244	0.00443	0.05209	0.00474
22	0.01996	0.04672	0.65287	0.00934	0.01392	0.00780	0.07589	0.01055	0.00724	0.01084	0.00612	0.00728	0.00448	0.00312	0.00317	0.00101	0.00473	0.00255	0.00155	0.11086
23	0.01005	0.08636	0.00960	0.00779	0.03041	0.21090	0.00603	0.12026	0.41650	0.01301	0.02119	0.00990	0.00790	0.00419	0.00351	0.00105	0.03043	0.00318	0.00279	0.00495
24	0.00465	0.00344	0.00425	0.00427	0.00500	0.00316	0.00314	0.00582	0.00833	0.01126	0.44187	0.13475	0.20294	0.08755	0.00535	0.00137	0.00195	0.06454	0.00337	0.00299
25	0.08716	0.02980	0.01261	0.02111	0.26883	0.00864	0.17450	0.20953	0.04193	0.01385	0.00797	0.00917	0.03486	0.00357	0.00354	0.00104	0.02265	0.00325	0.00227	0.04371
26	0.01776	0.29243	0.03893	0.00660	0.00921	0.00871	0.03648	0.02451	0.16645	0.30483	0.01035	0.01991	0.00779	0.00407	0.00311	0.00100	0.00330	0.03657	0.00293	0.00505
27	0.04847	0.00613	0.00800	0.00616	0.00879	0.00554	0.00509	0.07727	0.01010	0.76763	0.01278	0.01116	0.00809	0.00418	0.00339	0.00106	0.00296	0.00335	0.00409	0.00574
28	0.00702	0.00590	0.00625	0.00576	0.00706	0.07009	0.00447	0.03567	0.25831	0.02798	0.42379	0.02035	0.02898	0.00609	0.00392	0.00113	0.01393	0.06580	0.00345	0.00405
29	0.00851	0.00722	0.01152	0.14543	0.40428	0.01448	0.06332	0.01145	0.11617	0.09430	0.02555	0.04926	0.01705	0.00396	0.00353	0.00109	0.00381	0.01187	0.00229	0.00493
30	0.00501	0.00351	0.00430	0.00442	0.00470	0.00360	0.00295	0.00568	0.02838	0.00765	0.01272	0.10144	0.03751	0.53563	0.14759	0.00320	0.00403	0.08287	0.00231	0.00251
31	0.00440	0.00352	0.00394	0.00383	0.00486	0.00308	0.00287	0.00566	0.01843	0.01101	0.34827	0.02987	0.53219	0.00798	0.00403	0.00112	0.00170	0.00679	0.00341	0.00305
32	0.00698	0.01699	0.79990	0.01057	0.07663	0.00796	0.01248	0.01081	0.00726	0.01086	0.00616	0.00731	0.00441	0.00324	0.00326	0.00108	0.00498	0.00257	0.00146	0.00508
33	0.07364	0.00878	0.01763	0.01288	0.01573	0.00885	0.65961	0.01049	0.00749	0.01087	0.00640	0.00870	0.00498	0.00337	0.00497	0.00120	0.13457	0.00372	0.00172	0.00442
34	0.90395	0.00662	0.00503	0.00450	0.00662	0.00767	0.00370	0.01006	0.00582	0.01535	0.00476	0.00556	0.00370	0.00318	0.00212	0.00106	0.00265	0.00185	0.00212	0.00370
35	0.00748	0.00748	0.01048	0.00898	0.00898	0.01048	0.00748	0.00823	0.00524	0.00823	0.00449	0.00748	0.00449	0.00599	0.01123	0.00150	0.87352	0.00299	0.00150	0.00374
36	0.00471	0.00348	0.00439	0.00419	0.00503	0.00317	0.00313	0.00618	0.00932	0.01292	0.71264	0.05067	0.15277	0.00734	0.00405	0.00110	0.00164	0.00644	0.00366	0.00317
37	0.00690	0.00639	0.01053	0.77057	0.08416	0.00777	0.00944	0.04639	0.00732	0.00949	0.00620	0.00903	0.00468	0.00342	0.00342	0.00113	0.00449	0.00304	0.00162	0.00401
38	0.00475	0.00344	0.00444	0.00428	0.00505	0.00317	0.00318	0.00623	0.00926	0.01299	0.72216	0.10348	0.07855	0.00739	0.00404	0.00111	0.00165	0.00653	0.01513	0.00317
39	0.90395	0.00662	0.00503	0.00450	0.00662	0.00767	0.00370	0.01006	0.00582	0.01535	0.00476	0.00556	0.00370	0.00318	0.00212	0.00106	0.00265	0.00185	0.00212	0.00370
40	0.00784	0.00722	0.00746	0.00604	0.00824	0.09395	0.00475	0.03320	0.16940	0.01190	0.11867	0.01055	0.00957	0.00389	0.00355	0.00082	0.05883	0.00303	0.00251	0.43859
41	0.00878	0.25664	0.24894	0.03523	0.10173	0.13273	0.03667	0.02334	0.06705	0.00996	0.00619	0.00726	0.00497	0.00340	0.00336	0.00098	0.04386	0.00253	0.00171	0.00468
42	0.00644	0.00538	0.02798	0.05544	0.00784	0.00536	0.00459	0.01063	0.28237	0.03291	0.34406	0.10106	0.04861	0.00607	0.00375	0.00111	0.00234	0.00528	0.00334	0.04543
43	0.00449	0.00348	0.00404	0.00390	0.00487	0.00307	0.00293	0.00576	0.00878	0.01163	0.46483	0.02878	0.41342	0.00772	0.00402	0.00111	0.00167	0.00662	0.01581	0.00307
44	0.00883	0.00819	0.00790	0.02324	0.00921	0.10686	0.00556	0.02936	0.68180	0.01345	0.03496	0.01223	0.01010	0.00511	0.02665	0.00124	0.00330	0.00370	0.00321	0.00510
45	0.00928	0.80205	0.04661	0.00616	0.00909	0.06253	0.00613	0.01046	0.00712	0.00816	0.00483	0.00559	0.00439	0.00297	0.00228	0.00075	0.00385	0.00187	0.00148	0.00439
46	0.00707	0.00583	0.00671	0.00494	0.00771	0.00455	0.00393	0.00886	0.03475	0.01141	0.00686	0.00786	0.00562	0.00275	0.00255	0.00056	0.00244	0.00221	0.09396	0.77945
47	0.01488	0.00685	0.00836	0.00647	0.00909	0.04440	0.00532	0.14015	0.01072	0.69772	0.01234	0.01089	0.00789	0.00418	0.00342	0.00105	0.00318	0.00333	0.00400	0.00574
48	0.00517	0.00375	0.00478	0.00482	0.00529	0.00398	0.00342	0.00654	0.06661	0.00865	0.08967	0.08315	0.01423	0.34989	0.27021	0.00335	0.00478	0.06646	0.00242	0.00285
49	0.00420	0.00310	0.00391	0.00452	0.00491	0.00284	0.00308	0.00488	0.00685	0.00894	0.04639	0.66776	0.17239	0.03075	0.00461	0.00139	0.00198	0.02152	0.00317	0.00280
50	0.00467	0.00349	0.00433	0.00412	0.00500	0.00315	0.00309	0.00612	0.00927	0.01274	0.67686	0.02716	0.21267	0.00736	0.00404	0.00109	0.00164	0.00641	0.00364	0.00315
51	0.02124	0.00847	0.00844	0.00727	0.00939	0.06636	0.00573	0.21637	0.58480	0.01566	0.01186	0.01114	0.00884	0.00442	0.00342	0.00111	0.00319	0.00354	0.00333	0.00539

[dist]
# distance from previous block
# <min> <max>
0	1

[block]
# block no. 5 follows, 82 sequences, length 26
# corresponding to MSA columns:
# 213-238
name=unknown_F
#
# <colnr> <probs for GDERKNQSTAVLIFYWHMCP>
#	G	D	E	R	K	N	Q	S	T	A	V	L	I	F	Y	W	H	M	C	P
0	0.00668	0.00630	0.01065	0.77995	0.11348	0.00766	0.00961	0.00893	0.00694	0.00900	0.00612	0.00905	0.00465	0.00338	0.00342	0.00113	0.00451	0.00304	0.00154	0.00397
1	0.13834	0.02605	0.00904	0.03701	0.00997	0.38695	0.00611	0.16148	0.02419	0.06041	0.00647	0.00726	0.00503	0.00385	0.00370	0.00100	0.07815	0.00253	0.02811	0.00435
2	0.00554	0.00411	0.00544	0.00616	0.00692	0.01847	0.00523	0.00717	0.02837	0.01011	0.01789	0.14401	0.01958	0.00939	0.00462	0.00153	0.00304	0.69609	0.00314	0.00317
3	0.00701	0.07372	0.80733	0.00950	0.01441	0.00831	0.01220	0.01079	0.00720	0.01065	0.00605	0.00711	0.00434	0.00323	0.00318	0.00106	0.00496	0.00248	0.00145	0.00501
4	0.00940	0.82528	0.01743	0.00598	0.00890	0.01335	0.00590	0.06450	0.00754	0.00892	0.00498	0.00566	0.00448	0.00300	0.00227	0.00075	0.00367	0.00191	0.00159	0.00448
5	0.00499	0.00346	0.00431	0.00430	0.00446	0.00366	0.00276	0.00530	0.00514	0.00702	0.01035	0.03693	0.01141	0.61505	0.23443	0.01888	0.01850	0.00467	0.00201	0.00235
6	0.00464	0.00345	0.00432	0.00418	0.00501	0.00313	0.00310	0.00604	0.00909	0.01250	0.63875	0.08998	0.18800	0.00759	0.00406	0.00111	0.00166	0.00664	0.00361	0.00313
7	0.00867	0.03355	0.06390	0.00797	0.05733	0.02625	0.00625	0.04708	0.67775	0.01387	0.01235	0.01165	0.00930	0.00437	0.00341	0.00112	0.00307	0.00361	0.00315	0.00535
8	0.00594	0.00297	0.00446	0.00446	0.00446	0.00297	0.00297	0.00446	0.00446	0.00594	0.00594	0.01040	0.00594	0.01188	0.01337	0.90048	0.00297	0.00297	0.00149	0.00149
9	0.00653	0.00493	0.00627	0.08734	0.03245	0.01634	0.00459	0.03682	0.13437	0.05480	0.54657	0.02011	0.02325	0.00592	0.00381	0.00109	0.00232	0.00517	0.00344	0.00389
10	0.00865	0.70231	0.06626	0.00591	0.00875	0.01177	0.00593	0.00998	0.00731	0.02610	0.09217	0.00780	0.00734	0.00338	0.00248	0.00079	0.00349	0.00235	0.00177	0.02547
11	0.37992	0.00800	0.00763	0.02445	0.03966	0.05658	0.01494	0.17208	0.23782	0.01552	0.00805	0.00827	0.00607	0.00377	0.00288	0.00107	0.00320	0.00275	0.00268	0.00466
12	0.01300	0.00958	0.01027	0.00787	0.01061	0.01061	0.00650	0.84704	0.01608	0.02156	0.00821	0.00821	0.00582	0.00411	0.00342	0.00103	0.00376	0.00308	0.00342	0.00582
13	0.00873	0.00804	0.01365	0.02042	0.82562	0.00801	0.01029	0.01074	0.00787	0.04399	0.00671	0.00859	0.00554	0.00309	0.00339	0.00102	0.00402	0.00306	0.00179	0.00543
14	0.00427	0.00351	0.00397	0.03737	0.00553	0.00312	0.00311	0.00524	0.00772	0.00954	0.09818	0.16801	0.59276	0.00868	0.00409	0.00120	0.00192	0.03568	0.00316	0.00294
15	0.00801	0.00762	0.01294	0.10983	0.72217	0.00777	0.00998	0.00999	0.00762	0.01078	0.00710	0.05760	0.00630	0.00352	0.00345	0.00105	0.00400	0.00342	0.00176	0.00510
16	0.00690	0.00720	0.05489	0.63728	0.15636	0.00777	0.06275	0.00927	0.00709	0.00938	0.00619	0.00893	0.00473	0.00332	0.00344	0.00112	0.00458	0.00308	0.00156	0.00417
17	0.00999	0.01023	0.01012	0.01091	0.20172	0.27119	0.01850	0.02687	0.26183	0.04418	0.00887	0.00944	0.01851	0.00406	0.00401	0.00106	0.07821	0.00312	0.00238	0.00481
18	0.00449	0.00357	0.00388	0.00381	0.00489	0.00310	0.00285	0.00569	0.02541	0.02355	0.21018	0.06253	0.61755	0.00823	0.00403	0.00115	0.00175	0.00696	0.00333	0.00305
19	0.00643	0.08069	0.07346	0.00738	0.06299	0.00547	0.03700	0.03955	0.00773	0.03833	0.01456	0.27377	0.01569	0.00775	0.00409	0.00132	0.00317	0.31414	0.00278	0.00369
20	0.00840	0.00957	0.16266	0.13200	0.40108	0.04311	0.04627	0.03431	0.00811	0.06127	0.05477	0.00942	0.00677	0.00347	0.00342	0.00105	0.00425	0.00316	0.00195	0.00495
21	0.00490	0.00360	0.00515	0.00515	0.00564	0.00409	0.00384	0.00589	0.00540	0.00768	0.00948	0.01519	0.00931	0.19275	0.70017	0.00507	0.00802	0.00392	0.00188	0.00286
22	0.00972	0.01080	0.01033	0.38741	0.07516	0.38330	0.01825	0.02848	0.00843	0.02819	0.00598	0.00782	0.00467	0.00347	0.00328	0.00101	0.00519	0.00270	0.00174	0.00408
23	0.06208	0.46402	0.19260	0.00722	0.01030	0.19418	0.00731	0.01109	0.00753	0.00913	0.00516	0.00600	0.00434	0.00314	0.00260	0.00086	0.00443	0.00206	0.00156	0.00440
24	0.00832	0.04565	0.33709	0.03918	0.28338	0.08101	0.10395	0.01112	0.01648	0.03260	0.00646	0.00792	0.00496	0.00320	0.00334	0.00104	0.00477	0.00286	0.00168	0.00499
25	0.00462	0.00360	0.00474	0.00535	0.03760	0.00352	0.00364	0.00549	0.00723	0.00967	0.15024	0.51244	0.16086	0.00922	0.00462	0.00130	0.05118	0.01854	0.00312	0.00303

[dist]
# distance from previous block
# <min> <max>
0	8

# created by:
# /home/cegg/simao/soft/augustus-3.2.1/scripts/msa2prfl.pl ./align_prep/EOG092C4Y4I.fa
