[name]
unknown

[dist]
# distance from previous block
# <min> <max>
0	49

[block]
# block no. 0 follows, 59 sequences, length 7
# corresponding to MSA columns:
# 49-55
name=unknown_A
#
# <colnr> <probs for GDERKNQSTAVLIFYWHMCP>
#	G	D	E	R	K	N	Q	S	T	A	V	L	I	F	Y	W	H	M	C	P
0	0.00615	0.00443	0.00571	0.00648	0.00695	0.00435	0.00461	0.00764	0.04885	0.01161	0.02230	0.52832	0.02575	0.13600	0.00816	0.00219	0.00315	0.15974	0.00390	0.00372
1	0.00662	0.00537	0.00599	0.00583	0.00725	0.00522	0.00436	0.01012	0.16363	0.01463	0.24075	0.13485	0.35895	0.00995	0.00513	0.00150	0.00248	0.00854	0.00438	0.00445
2	0.40455	0.00664	0.00658	0.00615	0.00813	0.00709	0.00480	0.01181	0.00863	0.13114	0.01459	0.19165	0.05456	0.00940	0.07725	0.00196	0.00391	0.00553	0.04089	0.00476
3	0.00615	0.00786	0.16151	0.00663	0.00871	0.00503	0.00617	0.00815	0.01003	0.01330	0.18267	0.21886	0.32836	0.01004	0.00512	0.00152	0.00310	0.00865	0.00382	0.00432
4	0.17673	0.00788	0.00787	0.00676	0.00901	0.00858	0.00539	0.22926	0.10028	0.02010	0.06571	0.01661	0.08798	0.00590	0.00388	0.00129	0.00326	0.00459	0.23345	0.00546
5	0.63295	0.01019	0.08137	0.01049	0.16442	0.01005	0.00749	0.01318	0.00816	0.01826	0.00672	0.00809	0.00528	0.00408	0.00318	0.00136	0.00404	0.00277	0.00255	0.00536
6	0.30087	0.03116	0.00927	0.00750	0.01044	0.03494	0.00603	0.08715	0.22276	0.05418	0.01101	0.03277	0.00863	0.00489	0.00365	0.00126	0.00371	0.00364	0.00345	0.16270

[dist]
# distance from previous block
# <min> <max>
0	19

[block]
# block no. 1 follows, 59 sequences, length 6
# corresponding to MSA columns:
# 75-80
name=unknown_B
#
# <colnr> <probs for GDERKNQSTAVLIFYWHMCP>
#	G	D	E	R	K	N	Q	S	T	A	V	L	I	F	Y	W	H	M	C	P
0	0.14075	0.00725	0.00929	0.02970	0.18490	0.00707	0.00675	0.04074	0.00988	0.06201	0.03740	0.16044	0.16948	0.00728	0.00440	0.00137	0.00352	0.00621	0.00336	0.10820
1	0.07819	0.00617	0.00795	0.00786	0.06583	0.00648	0.04879	0.05429	0.00886	0.03372	0.01222	0.01818	0.01118	0.24918	0.09470	0.00272	0.02793	0.00475	0.25668	0.00434
2	0.01564	0.01082	0.07605	0.00897	0.01230	0.01023	0.00777	0.42611	0.01594	0.23172	0.01266	0.01336	0.00912	0.06563	0.00562	0.00154	0.00448	0.00423	0.06095	0.00686
3	0.71075	0.06512	0.00733	0.00572	0.00832	0.00971	0.00476	0.01267	0.00783	0.01876	0.00716	0.00831	0.00564	0.00421	0.00278	0.00130	0.00334	0.00260	0.10892	0.00476
4	0.01037	0.00779	0.01218	0.03972	0.39216	0.00759	0.00905	0.01259	0.01080	0.12117	0.18950	0.04578	0.05398	0.00602	0.00456	0.00135	0.00393	0.00544	0.06009	0.00593
5	0.01102	0.07489	0.33260	0.05513	0.05935	0.05155	0.03797	0.10485	0.10056	0.03705	0.00937	0.01069	0.00708	0.00516	0.00527	0.03673	0.04821	0.00368	0.00261	0.00624

[dist]
# distance from previous block
# <min> <max>
0	6

[block]
# block no. 2 follows, 59 sequences, length 8
# corresponding to MSA columns:
# 87-94
name=unknown_C
#
# <colnr> <probs for GDERKNQSTAVLIFYWHMCP>
#	G	D	E	R	K	N	Q	S	T	A	V	L	I	F	Y	W	H	M	C	P
0	0.01056	0.03800	0.10030	0.03598	0.01169	0.00908	0.00757	0.15057	0.17889	0.07632	0.07109	0.11549	0.11874	0.00740	0.00517	0.00148	0.04591	0.00605	0.00388	0.00583
1	0.00804	0.00501	0.00630	0.00589	0.00729	0.00457	0.00444	0.01007	0.03770	0.13060	0.42995	0.14131	0.17281	0.00946	0.00514	0.00146	0.00246	0.00824	0.00470	0.00458
2	0.03825	0.00684	0.00949	0.06300	0.05229	0.00639	0.03024	0.03126	0.01160	0.37458	0.15127	0.06828	0.12332	0.00705	0.00471	0.00142	0.00355	0.00604	0.00451	0.00591
3	0.01183	0.19867	0.14192	0.07024	0.08099	0.14704	0.12453	0.07179	0.04500	0.01357	0.00804	0.00970	0.00641	0.00443	0.00459	0.00129	0.04814	0.00353	0.00233	0.00595
4	0.03379	0.00507	0.00684	0.00666	0.00765	0.00546	0.00511	0.00882	0.00825	0.06971	0.06329	0.07536	0.09058	0.06626	0.40689	0.04187	0.03807	0.03228	0.02396	0.00408
5	0.00551	0.00390	0.00509	0.00598	0.00620	0.00368	0.00392	0.00618	0.00820	0.01093	0.02301	0.73827	0.02753	0.11976	0.00778	0.00211	0.00278	0.01177	0.00392	0.00347
6	0.00835	0.00770	0.08750	0.00729	0.00947	0.00633	0.03275	0.08148	0.06111	0.04970	0.36866	0.02815	0.16241	0.00812	0.00495	0.00143	0.00321	0.04046	0.02595	0.00499
7	0.05554	0.08704	0.22338	0.04516	0.20482	0.04576	0.07471	0.03430	0.02772	0.02890	0.00865	0.01139	0.00713	0.05784	0.02684	0.00169	0.04705	0.00381	0.00230	0.00597

[dist]
# distance from previous block
# <min> <max>
0	1

[block]
# block no. 3 follows, 59 sequences, length 8
# corresponding to MSA columns:
# 96-103
name=unknown_D
#
# <colnr> <probs for GDERKNQSTAVLIFYWHMCP>
#	G	D	E	R	K	N	Q	S	T	A	V	L	I	F	Y	W	H	M	C	P
0	0.00857	0.00804	0.01236	0.03420	0.04189	0.00993	0.09375	0.00995	0.00754	0.01096	0.00960	0.04057	0.00964	0.12285	0.14012	0.00297	0.39326	0.03697	0.00230	0.00454
1	0.39646	0.11844	0.04434	0.06866	0.02869	0.08282	0.05254	0.09070	0.00989	0.03191	0.00724	0.00856	0.00566	0.00437	0.00381	0.00132	0.03351	0.00301	0.00264	0.00543
2	0.00736	0.00453	0.00532	0.00516	0.00544	0.00450	0.00310	0.00757	0.00690	0.06607	0.01405	0.02730	0.01542	0.74163	0.06462	0.00423	0.00465	0.00619	0.00286	0.00309
3	0.01055	0.01176	0.13012	0.04678	0.19692	0.03606	0.08999	0.04753	0.17205	0.03665	0.01283	0.02571	0.05695	0.00519	0.00486	0.00138	0.03963	0.00451	0.00295	0.06755
4	0.00877	0.00793	0.06673	0.22792	0.03648	0.00752	0.05063	0.03046	0.00932	0.06848	0.04419	0.14091	0.07503	0.02537	0.02943	0.06324	0.04952	0.00586	0.00293	0.04927
5	0.00562	0.00413	0.00505	0.00553	0.00627	0.00375	0.00388	0.00676	0.00959	0.01277	0.16370	0.46241	0.23148	0.01195	0.00534	0.00161	0.00237	0.01057	0.04348	0.00375
6	0.01041	0.16041	0.05165	0.07511	0.04569	0.05904	0.03297	0.05502	0.02198	0.05084	0.02873	0.03226	0.02960	0.07301	0.07875	0.00212	0.15615	0.00432	0.02676	0.00518
7	0.00742	0.02299	0.03695	0.03400	0.04038	0.02423	0.00571	0.00877	0.00933	0.05922	0.11264	0.39580	0.09006	0.04698	0.03484	0.00192	0.03949	0.02122	0.00374	0.00429

[dist]
# distance from previous block
# <min> <max>
0	160

[block]
# block no. 4 follows, 59 sequences, length 23
# corresponding to MSA columns:
# 265-287
name=unknown_E
#
# <colnr> <probs for GDERKNQSTAVLIFYWHMCP>
#	G	D	E	R	K	N	Q	S	T	A	V	L	I	F	Y	W	H	M	C	P
0	0.09648	0.17227	0.10301	0.02996	0.06607	0.06252	0.06908	0.09551	0.04185	0.09285	0.03898	0.01079	0.00816	0.00455	0.00408	0.00124	0.01965	0.00357	0.00292	0.07645
1	0.07819	0.14759	0.04000	0.00984	0.02982	0.19015	0.00807	0.20849	0.15802	0.01726	0.00968	0.01016	0.00754	0.00487	0.00424	0.00126	0.03212	0.00346	0.00316	0.03608
2	0.01033	0.05477	0.04288	0.00705	0.00950	0.03433	0.00582	0.08908	0.02785	0.12767	0.17694	0.08595	0.12047	0.01991	0.00525	0.03399	0.00348	0.00590	0.00388	0.13495
3	0.03355	0.38499	0.15378	0.00999	0.05242	0.06590	0.03099	0.07932	0.04215	0.03045	0.03594	0.02978	0.02406	0.00472	0.00370	0.00119	0.00506	0.00355	0.00254	0.00593
4	0.01152	0.19106	0.32688	0.01021	0.01462	0.03827	0.04416	0.06228	0.04882	0.11885	0.03818	0.05674	0.00939	0.00511	0.00412	0.00132	0.00526	0.00410	0.00287	0.00624
5	0.00558	0.00412	0.00516	0.00583	0.00641	0.00379	0.00407	0.00654	0.00901	0.01176	0.07655	0.52905	0.18493	0.06543	0.00662	0.00188	0.00268	0.06289	0.00406	0.00363
6	0.00578	0.01947	0.00607	0.00633	0.00693	0.00419	0.02284	0.00682	0.00898	0.01198	0.10730	0.61276	0.08056	0.03132	0.03308	0.00194	0.00301	0.02289	0.00401	0.00375
7	0.01210	0.44076	0.16986	0.03984	0.01377	0.11349	0.00939	0.06833	0.01040	0.04196	0.00802	0.03923	0.00686	0.00451	0.00356	0.00115	0.00540	0.00321	0.00232	0.00585
8	0.00689	0.00601	0.04014	0.00734	0.00805	0.00647	0.00578	0.00812	0.00697	0.01002	0.01140	0.01898	0.01141	0.23824	0.47670	0.00545	0.12085	0.00499	0.00237	0.00384
9	0.04277	0.00549	0.00692	0.00605	0.00784	0.00500	0.00468	0.01206	0.01169	0.24817	0.40341	0.04297	0.10775	0.03907	0.00547	0.00150	0.00272	0.00679	0.03461	0.00504
10	0.01077	0.00930	0.00978	0.00882	0.01128	0.01072	0.00686	0.02284	0.77968	0.01823	0.01897	0.01744	0.04315	0.00618	0.00452	0.00150	0.00345	0.00515	0.00448	0.00687
11	0.01046	0.02972	0.08187	0.10871	0.34146	0.00929	0.03090	0.02925	0.06901	0.06968	0.04318	0.07096	0.01051	0.01557	0.00464	0.00138	0.00478	0.00470	0.00284	0.06109
12	0.01201	0.01355	0.01270	0.28611	0.01872	0.35177	0.02370	0.02865	0.02656	0.01144	0.00774	0.01040	0.00636	0.00695	0.06394	0.00179	0.10679	0.00357	0.00222	0.00503
13	0.00720	0.00412	0.00605	0.00605	0.00627	0.00433	0.00421	0.00639	0.00617	0.00845	0.00930	0.01571	0.00925	0.08471	0.23989	0.56694	0.00606	0.00428	0.00210	0.00253
14	0.01010	0.02934	0.04232	0.30585	0.06348	0.01027	0.17978	0.03515	0.17713	0.04429	0.03018	0.03296	0.00933	0.00495	0.00461	0.00146	0.00541	0.00469	0.00287	0.00586
15	0.02581	0.06361	0.25592	0.15364	0.14526	0.01095	0.03776	0.12493	0.06698	0.03051	0.02503	0.01175	0.00780	0.00467	0.00429	0.00138	0.00546	0.01527	0.00266	0.00633
16	0.01247	0.12425	0.01398	0.24181	0.02741	0.34614	0.00941	0.04362	0.01060	0.01155	0.00760	0.02516	0.00645	0.00579	0.03206	0.00148	0.06937	0.00346	0.00223	0.00516
17	0.00692	0.00448	0.00591	0.00609	0.00650	0.00462	0.00430	0.02305	0.00749	0.01022	0.01449	0.11680	0.01564	0.27062	0.16411	0.19393	0.00529	0.10486	0.03152	0.00317
18	0.00620	0.00450	0.00570	0.00540	0.00649	0.00412	0.00405	0.00818	0.01214	0.01706	0.70860	0.03351	0.12346	0.00914	0.00515	0.00139	0.00210	0.00801	0.03069	0.00412
19	0.00786	0.00639	0.00712	0.00689	0.00850	0.00671	0.00528	0.01358	0.31977	0.01547	0.14598	0.12814	0.20783	0.00911	0.00501	0.00155	0.00289	0.07224	0.02462	0.00508
20	0.01061	0.03674	0.02546	0.03977	0.03952	0.02555	0.03683	0.13052	0.28158	0.03161	0.04325	0.08438	0.05287	0.02428	0.03254	0.00166	0.02216	0.00542	0.03712	0.03814
21	0.14598	0.32173	0.01354	0.00725	0.00962	0.02901	0.00632	0.05441	0.03614	0.01431	0.02082	0.06971	0.00907	0.00544	0.00447	0.00124	0.09018	0.00382	0.15182	0.00514
22	0.00711	0.06559	0.14899	0.00702	0.00935	0.03378	0.00656	0.00948	0.04017	0.01302	0.12009	0.15252	0.32236	0.00923	0.00491	0.00148	0.00349	0.03669	0.00360	0.00456

[dist]
# distance from previous block
# <min> <max>
3	6

[block]
# block no. 5 follows, 59 sequences, length 29
# corresponding to MSA columns:
# 294-303,305-323
name=unknown_F
#
# <colnr> <probs for GDERKNQSTAVLIFYWHMCP>
#	G	D	E	R	K	N	Q	S	T	A	V	L	I	F	Y	W	H	M	C	P
0	0.02623	0.04702	0.10131	0.00810	0.04793	0.00653	0.00662	0.01057	0.09272	0.02464	0.18044	0.23056	0.12182	0.00923	0.00498	0.00154	0.00336	0.06778	0.00383	0.00479
1	0.00593	0.00407	0.00528	0.00591	0.00644	0.00377	0.00405	0.00686	0.00910	0.03019	0.12639	0.60999	0.08844	0.02959	0.00607	0.02056	0.00256	0.01108	0.02001	0.00372
2	0.01106	0.33088	0.23798	0.02085	0.04968	0.07433	0.03427	0.02732	0.04192	0.03156	0.02862	0.00986	0.00729	0.00522	0.02113	0.01663	0.03998	0.00328	0.00226	0.00587
3	0.01136	0.00853	0.06170	0.05182	0.16930	0.00763	0.02895	0.03406	0.09028	0.20697	0.11017	0.10032	0.07523	0.00681	0.00473	0.00144	0.00400	0.01680	0.00389	0.00602
4	0.00569	0.00399	0.00512	0.00584	0.00605	0.00385	0.00378	0.00629	0.00787	0.01053	0.02112	0.59651	0.02505	0.23168	0.04293	0.00266	0.00338	0.01064	0.00366	0.00336
5	0.01950	0.05740	0.16013	0.00977	0.02656	0.00866	0.08893	0.11188	0.05760	0.07230	0.06342	0.21766	0.02316	0.00728	0.00479	0.00146	0.01595	0.00637	0.04155	0.00560
6	0.03127	0.00935	0.01546	0.21672	0.50789	0.00988	0.02325	0.01295	0.03922	0.01396	0.03439	0.03139	0.00889	0.00469	0.00445	0.00139	0.00514	0.02113	0.00240	0.00620
7	0.00834	0.00785	0.01325	0.83417	0.03042	0.00981	0.01227	0.01128	0.00883	0.01128	0.00785	0.01178	0.00589	0.00442	0.00442	0.00147	0.00589	0.00393	0.00196	0.00491
8	0.00916	0.00785	0.00916	0.00654	0.01047	0.00589	0.00523	0.01112	0.00916	0.01439	0.00785	0.00916	0.00654	0.00327	0.00327	0.00065	0.00327	0.00262	0.00262	0.87178
9	0.00692	0.00464	0.00527	0.00513	0.00531	0.00472	0.00303	0.04224	0.00706	0.00944	0.01354	0.02739	0.01533	0.76591	0.03883	0.02894	0.00446	0.00620	0.00273	0.00290
10	0.00701	0.00445	0.00517	0.00503	0.00528	0.00437	0.00300	0.00729	0.00730	0.04598	0.09334	0.02868	0.01836	0.72432	0.01996	0.00386	0.00404	0.00649	0.00302	0.00304
11	0.00683	0.00444	0.00579	0.00607	0.00694	0.00407	0.00439	0.00814	0.01016	0.07671	0.25189	0.44044	0.09595	0.01150	0.00541	0.00163	0.00257	0.04852	0.00442	0.00410
12	0.00731	0.00635	0.00859	0.00825	0.00848	0.00782	0.00633	0.00820	0.00779	0.01114	0.01687	0.40061	0.05617	0.03506	0.00975	0.00188	0.35377	0.00827	0.03326	0.00411
13	0.00573	0.00438	0.00520	0.00536	0.00637	0.00393	0.00393	0.00707	0.01033	0.01349	0.27541	0.20418	0.33692	0.04862	0.00613	0.00168	0.00245	0.05076	0.00427	0.00381
14	0.01566	0.01169	0.04050	0.00980	0.01310	0.02253	0.00824	0.55157	0.09888	0.10653	0.01184	0.01176	0.00845	0.00589	0.01871	0.00146	0.03326	0.00410	0.01884	0.00718
15	0.00597	0.00453	0.00551	0.00539	0.00650	0.00412	0.00399	0.00786	0.02670	0.01549	0.50813	0.11959	0.24987	0.01006	0.00524	0.00146	0.00220	0.00877	0.00457	0.00404
16	0.04184	0.65267	0.12634	0.00838	0.01242	0.04883	0.00867	0.03651	0.00946	0.01172	0.00653	0.00752	0.00568	0.00392	0.00310	0.00104	0.00505	0.00255	0.00200	0.00578
17	0.07000	0.00792	0.01014	0.00785	0.01117	0.00728	0.00647	0.09088	0.01298	0.68063	0.01606	0.01421	0.01027	0.00536	0.00430	0.00135	0.00379	0.00427	0.02779	0.00726
18	0.01041	0.00844	0.00984	0.03595	0.01161	0.00723	0.00598	0.09934	0.06230	0.04046	0.00910	0.01006	0.00721	0.00378	0.00355	0.00083	0.00357	0.00302	0.00300	0.66432
19	0.00607	0.00457	0.00568	0.00596	0.00688	0.00430	0.00440	0.00803	0.04991	0.01405	0.28877	0.31577	0.17723	0.01123	0.00540	0.00161	0.00252	0.07921	0.00437	0.00402
20	0.06720	0.00933	0.01066	0.03433	0.04834	0.06642	0.02804	0.16562	0.12263	0.15456	0.02457	0.10941	0.01290	0.02321	0.01600	0.00161	0.03165	0.06361	0.00392	0.00599
21	0.00692	0.02161	0.03214	0.03887	0.00850	0.00525	0.00526	0.02102	0.05916	0.03096	0.27883	0.32844	0.07102	0.02588	0.00555	0.00163	0.00291	0.04753	0.00418	0.00432
22	0.00881	0.00820	0.01362	0.74473	0.09200	0.00999	0.01225	0.03618	0.00930	0.01205	0.00797	0.01167	0.00603	0.00441	0.00441	0.00145	0.00580	0.00393	0.00206	0.00515
23	0.00700	0.00441	0.00625	0.03949	0.00729	0.00462	0.00455	0.00677	0.00705	0.00952	0.04664	0.11776	0.02875	0.13138	0.11505	0.39242	0.02469	0.04088	0.00260	0.00289
24	0.01179	0.03663	0.13519	0.13537	0.22575	0.03713	0.15086	0.06105	0.01075	0.11479	0.00939	0.01124	0.00698	0.00440	0.00474	0.00139	0.02949	0.00404	0.00264	0.00638
25	0.03485	0.00825	0.01174	0.62200	0.02478	0.06704	0.01044	0.01104	0.00892	0.01136	0.01023	0.04898	0.04003	0.03820	0.02062	0.01445	0.00569	0.00450	0.00222	0.00467
26	0.02397	0.00664	0.02488	0.00731	0.00852	0.03764	0.05485	0.03201	0.02804	0.07244	0.01420	0.08119	0.04510	0.25814	0.13192	0.08718	0.03392	0.00570	0.04227	0.00406
27	0.08319	0.02632	0.01517	0.09597	0.18294	0.05997	0.16988	0.08873	0.07258	0.02567	0.04119	0.05469	0.01982	0.00519	0.00469	0.00141	0.02454	0.00472	0.01744	0.00589
28	0.01202	0.08300	0.09621	0.07012	0.16438	0.05209	0.04799	0.04186	0.04409	0.17537	0.03671	0.07938	0.02146	0.03797	0.00524	0.00149	0.01649	0.00486	0.00323	0.00606

[dist]
# distance from previous block
# <min> <max>
1	42

[block]
# block no. 6 follows, 59 sequences, length 12
# corresponding to MSA columns:
# 367-378
name=unknown_G
#
# <colnr> <probs for GDERKNQSTAVLIFYWHMCP>
#	G	D	E	R	K	N	Q	S	T	A	V	L	I	F	Y	W	H	M	C	P
0	0.02980	0.15779	0.02716	0.00877	0.01196	0.05047	0.00742	0.31389	0.14424	0.06651	0.06245	0.01311	0.03022	0.00535	0.00411	0.00125	0.00437	0.00410	0.00379	0.05323
1	0.00593	0.00440	0.00588	0.00631	0.00700	0.00406	0.01885	0.00701	0.00904	0.01217	0.10759	0.55156	0.06842	0.06397	0.00653	0.00185	0.00284	0.06800	0.00399	0.04463
2	0.07291	0.11026	0.40948	0.01077	0.01555	0.04055	0.05953	0.06547	0.03716	0.06816	0.01078	0.02594	0.04497	0.00484	0.00411	0.00135	0.00554	0.00383	0.00260	0.00618
3	0.01217	0.17897	0.19033	0.03797	0.05527	0.06315	0.10566	0.11831	0.06025	0.08406	0.01039	0.01132	0.02664	0.00517	0.02035	0.00141	0.00565	0.00382	0.00283	0.00630
4	0.00701	0.00477	0.00610	0.00577	0.00634	0.00457	0.04122	0.00749	0.00757	0.04976	0.01844	0.13621	0.10030	0.56654	0.01674	0.00339	0.00397	0.00738	0.00313	0.00330
5	0.00695	0.00488	0.00610	0.00598	0.00701	0.00472	0.00449	0.00836	0.01031	0.06165	0.27813	0.19546	0.22371	0.04084	0.00645	0.00165	0.05505	0.04498	0.02919	0.00412
6	0.01118	0.08291	0.11673	0.03565	0.06974	0.04765	0.11777	0.05132	0.08247	0.11980	0.04491	0.09187	0.02996	0.01879	0.03758	0.00168	0.02575	0.00517	0.00321	0.00588
7	0.01170	0.04303	0.11969	0.07865	0.05232	0.00868	0.06664	0.09175	0.04874	0.18741	0.01504	0.08968	0.05855	0.00726	0.02131	0.03323	0.01915	0.03777	0.00350	0.00589
8	0.01165	0.07608	0.01097	0.00870	0.01086	0.14408	0.02962	0.23155	0.01304	0.03082	0.01656	0.17468	0.08130	0.00786	0.00482	0.00144	0.01778	0.08512	0.03773	0.00534
9	0.01158	0.64748	0.04581	0.00786	0.01142	0.01545	0.00769	0.08861	0.01025	0.01244	0.00955	0.01188	0.04572	0.00482	0.00335	0.00109	0.00463	0.05232	0.00237	0.00568
10	0.01083	0.09091	0.15562	0.05855	0.03691	0.04996	0.05042	0.06262	0.11642	0.08916	0.02315	0.09905	0.02851	0.03433	0.00511	0.00148	0.01845	0.00502	0.05773	0.00577
11	0.01005	0.00944	0.05883	0.05223	0.01304	0.03402	0.09998	0.03517	0.02288	0.08645	0.01294	0.08869	0.06677	0.03498	0.03889	0.00193	0.30108	0.00532	0.02217	0.00513

[dist]
# distance from previous block
# <min> <max>
5	92

[block]
# block no. 7 follows, 59 sequences, length 16
# corresponding to MSA columns:
# 487-502
name=unknown_H
#
# <colnr> <probs for GDERKNQSTAVLIFYWHMCP>
#	G	D	E	R	K	N	Q	S	T	A	V	L	I	F	Y	W	H	M	C	P
0	0.07876	0.00583	0.00710	0.02710	0.00860	0.00598	0.01660	0.08705	0.03141	0.04945	0.05204	0.41878	0.07613	0.04516	0.02548	0.00188	0.01364	0.04066	0.00391	0.00444
1	0.00990	0.00699	0.00879	0.03510	0.01031	0.00710	0.03632	0.07834	0.15696	0.12348	0.09408	0.12045	0.17278	0.00954	0.05073	0.00179	0.01591	0.02513	0.00413	0.03217
2	0.02782	0.02795	0.17055	0.06431	0.02706	0.03567	0.01802	0.05993	0.01935	0.12003	0.01150	0.11431	0.01001	0.00752	0.05653	0.00168	0.05542	0.00467	0.00302	0.16465
3	0.00587	0.00449	0.00563	0.00607	0.00682	0.00431	0.00441	0.00727	0.02725	0.01267	0.14746	0.43788	0.20609	0.01202	0.00578	0.00168	0.03040	0.06590	0.00415	0.00386
4	0.00891	0.02585	0.00923	0.21360	0.01420	0.07472	0.00734	0.05171	0.03525	0.05011	0.03392	0.19340	0.09707	0.03146	0.02499	0.00177	0.00452	0.11390	0.00339	0.00466
5	0.03943	0.08988	0.18608	0.06783	0.01476	0.09672	0.02494	0.14964	0.03865	0.12003	0.04667	0.01163	0.00877	0.00543	0.02059	0.00141	0.01899	0.00376	0.01109	0.04370
6	0.00882	0.00828	0.01317	0.37024	0.14808	0.02725	0.07405	0.03259	0.03619	0.01266	0.01221	0.13806	0.03698	0.00715	0.03555	0.00171	0.02368	0.00555	0.00259	0.00519
7	0.01796	0.00849	0.01060	0.00821	0.01149	0.00808	0.00675	0.21457	0.01455	0.56043	0.04655	0.01572	0.04403	0.00579	0.00450	0.00136	0.00391	0.00466	0.00513	0.00724
8	0.01193	0.09761	0.01541	0.02188	0.03531	0.13341	0.13075	0.03307	0.10656	0.07133	0.01826	0.03597	0.00837	0.00586	0.00736	0.00150	0.25273	0.00425	0.00275	0.00567
9	0.00573	0.00430	0.00517	0.00542	0.00626	0.00391	0.00386	0.00692	0.00984	0.01291	0.23099	0.27232	0.27184	0.09969	0.00720	0.00187	0.00258	0.04134	0.00414	0.00370
10	0.01033	0.00970	0.01439	0.24659	0.29419	0.03658	0.03214	0.07461	0.07139	0.01423	0.01058	0.04018	0.03482	0.00529	0.00545	0.00145	0.08509	0.00448	0.00258	0.00593
11	0.00564	0.00425	0.00505	0.00541	0.00615	0.00392	0.00376	0.00656	0.00891	0.01146	0.07909	0.31772	0.30057	0.14975	0.05086	0.00235	0.00322	0.02797	0.00382	0.00355
12	0.00823	0.03493	0.01001	0.03078	0.13828	0.03409	0.04887	0.01062	0.06616	0.03101	0.09838	0.21601	0.10598	0.06179	0.03146	0.00184	0.00407	0.03913	0.00346	0.02489
13	0.01372	0.01656	0.01057	0.00975	0.01170	0.59826	0.00727	0.01525	0.03828	0.01163	0.05673	0.05213	0.08386	0.03107	0.00479	0.00132	0.00648	0.00438	0.02143	0.00484
14	0.04647	0.10228	0.01130	0.03413	0.03277	0.04875	0.00694	0.08961	0.19439	0.07886	0.11100	0.03929	0.05219	0.00630	0.00494	0.00136	0.05646	0.02170	0.00369	0.05755
15	0.05262	0.01053	0.03273	0.00896	0.01141	0.08979	0.02821	0.27871	0.10886	0.07063	0.01180	0.01472	0.00969	0.11143	0.06310	0.03098	0.02454	0.01716	0.01832	0.00582

[dist]
# distance from previous block
# <min> <max>
1	42

[block]
# block no. 8 follows, 59 sequences, length 11
# corresponding to MSA columns:
# 546-556
name=unknown_I
#
# <colnr> <probs for GDERKNQSTAVLIFYWHMCP>
#	G	D	E	R	K	N	Q	S	T	A	V	L	I	F	Y	W	H	M	C	P
0	0.01239	0.13370	0.10846	0.00980	0.03178	0.04153	0.03538	0.09383	0.05994	0.16606	0.07660	0.03733	0.02995	0.00588	0.00565	0.00139	0.11804	0.00445	0.00338	0.02448
1	0.00576	0.00431	0.00535	0.00580	0.00656	0.00392	0.00405	0.00674	0.00890	0.01176	0.07019	0.48718	0.18212	0.07347	0.03022	0.00199	0.00295	0.03537	0.00391	0.04944
2	0.06442	0.03223	0.01024	0.06708	0.05579	0.06246	0.00723	0.03734	0.03208	0.10031	0.01039	0.01400	0.00893	0.06181	0.26575	0.03702	0.12106	0.00419	0.00274	0.00493
3	0.02105	0.01094	0.17529	0.06841	0.04068	0.00813	0.06411	0.05603	0.04398	0.24171	0.04448	0.04137	0.03199	0.00579	0.00471	0.01709	0.00465	0.03712	0.00357	0.07890
4	0.01123	0.00936	0.01424	0.03228	0.06336	0.05906	0.22229	0.03307	0.07823	0.13416	0.03933	0.05059	0.03717	0.10115	0.03586	0.00198	0.06255	0.00535	0.00321	0.00556
5	0.00549	0.00396	0.00512	0.00591	0.00630	0.00368	0.00397	0.00634	0.00877	0.01166	0.08448	0.67842	0.08850	0.05715	0.00646	0.00187	0.00259	0.01165	0.00408	0.00359
6	0.08646	0.17059	0.11261	0.12263	0.06612	0.06628	0.06444	0.15669	0.02835	0.02474	0.02865	0.01029	0.00724	0.00460	0.00432	0.00131	0.03246	0.00357	0.00267	0.00598
7	0.03336	0.01126	0.11365	0.06904	0.13602	0.04955	0.06784	0.13638	0.04465	0.13352	0.03971	0.01588	0.07847	0.00626	0.02539	0.00154	0.00513	0.02276	0.00337	0.00621
8	0.00650	0.00446	0.00562	0.00612	0.00687	0.00418	0.00431	0.00797	0.04250	0.05444	0.08335	0.54613	0.13289	0.03819	0.00598	0.00178	0.00269	0.03783	0.00420	0.00398
9	0.04487	0.32922	0.07059	0.07684	0.05762	0.16173	0.07681	0.08002	0.01078	0.01318	0.00856	0.00989	0.03351	0.00439	0.00375	0.00118	0.00566	0.00334	0.00233	0.00571
10	0.03469	0.05995	0.02785	0.00725	0.00843	0.09729	0.02818	0.00871	0.00933	0.01201	0.06467	0.52590	0.06321	0.01090	0.00510	0.00160	0.00355	0.02361	0.00365	0.00412

[dist]
# distance from previous block
# <min> <max>
2	10

[block]
# block no. 9 follows, 59 sequences, length 35
# corresponding to MSA columns:
# 567-581,583-602
name=unknown_J
#
# <colnr> <probs for GDERKNQSTAVLIFYWHMCP>
#	G	D	E	R	K	N	Q	S	T	A	V	L	I	F	Y	W	H	M	C	P
0	0.05209	0.05335	0.18065	0.01048	0.05311	0.06494	0.06054	0.07080	0.05062	0.04305	0.04806	0.01131	0.00858	0.01612	0.00458	0.00122	0.03363	0.00362	0.00277	0.23049
1	0.01212	0.16316	0.16207	0.02206	0.01410	0.05055	0.06479	0.14928	0.06397	0.07546	0.02731	0.01119	0.02020	0.00472	0.00436	0.00123	0.03323	0.00368	0.00299	0.11355
2	0.00859	0.00763	0.01205	0.61647	0.02496	0.00883	0.01048	0.01117	0.00890	0.03175	0.00908	0.06371	0.00758	0.00494	0.00456	0.00138	0.02486	0.00428	0.00228	0.13651
3	0.00551	0.00394	0.00518	0.00608	0.00641	0.00369	0.00411	0.00634	0.00860	0.01144	0.05110	0.72722	0.05225	0.05346	0.00643	0.00190	0.00267	0.03605	0.00406	0.00358
4	0.00834	0.00785	0.01325	0.83417	0.03042	0.00981	0.01227	0.01128	0.00883	0.01128	0.00785	0.01178	0.00589	0.00442	0.00442	0.00147	0.00589	0.00393	0.00196	0.00491
5	0.00916	0.00785	0.00916	0.00654	0.01047	0.00589	0.00523	0.01112	0.00916	0.01439	0.00785	0.00916	0.00654	0.00327	0.00327	0.00065	0.00327	0.00262	0.00262	0.87178
6	0.10964	0.10089	0.01228	0.00882	0.01187	0.07646	0.00727	0.36327	0.13670	0.05740	0.01102	0.01112	0.00818	0.00505	0.00395	0.00128	0.00449	0.00372	0.06003	0.00652
7	0.00767	0.00384	0.00575	0.00575	0.00575	0.00384	0.00384	0.00575	0.00575	0.00767	0.00767	0.01343	0.00767	0.01534	0.01726	0.87150	0.00384	0.00384	0.00192	0.00192
8	0.01181	0.84744	0.02314	0.00756	0.01134	0.01748	0.00756	0.01323	0.00897	0.01039	0.00614	0.00708	0.00567	0.00378	0.00283	0.00094	0.00472	0.00236	0.00189	0.00567
9	0.01311	0.01011	0.03760	0.03355	0.01355	0.01047	0.08277	0.19884	0.27461	0.14596	0.01419	0.05711	0.01086	0.00587	0.00508	0.00145	0.04783	0.00489	0.00406	0.02812
10	0.00631	0.00473	0.00710	0.00710	0.00789	0.00552	0.00552	0.00789	0.00710	0.01025	0.01183	0.01735	0.01104	0.03312	0.82728	0.00710	0.01183	0.00473	0.00237	0.00394
11	0.00642	0.00428	0.00482	0.00482	0.00482	0.00428	0.00268	0.00642	0.00642	0.00856	0.01392	0.02890	0.01606	0.84478	0.02248	0.00428	0.00428	0.00642	0.00268	0.00268
12	0.00701	0.00503	0.00699	0.00798	0.00898	0.00500	0.00693	0.00898	0.01011	0.01312	0.02392	0.07651	0.04408	0.01223	0.00606	0.00201	0.00397	0.74296	0.00407	0.00404
13	0.01124	0.01057	0.06796	0.13713	0.18039	0.01009	0.18839	0.07443	0.11723	0.08881	0.01139	0.04772	0.00895	0.00543	0.01915	0.00153	0.00552	0.00475	0.00300	0.00631
14	0.00543	0.00388	0.00519	0.00621	0.00649	0.00363	0.00419	0.00624	0.00851	0.01133	0.02431	0.81782	0.02910	0.01379	0.00565	0.00180	0.00261	0.03611	0.00410	0.00360
15	0.01911	0.00745	0.00998	0.00771	0.01100	0.00653	0.00635	0.03968	0.01265	0.75703	0.01709	0.01501	0.01087	0.00544	0.00437	0.00135	0.00369	0.00441	0.05295	0.00733
16	0.03081	0.18023	0.03199	0.00951	0.01291	0.06694	0.00813	0.44403	0.13593	0.02137	0.01043	0.01052	0.00783	0.00500	0.00405	0.00127	0.00484	0.00369	0.00370	0.00683
17	0.00538	0.00384	0.00512	0.00615	0.00641	0.00359	0.00410	0.00615	0.00846	0.01127	0.02434	0.84190	0.02921	0.01384	0.00564	0.00179	0.00256	0.01256	0.00410	0.00359
18	0.04313	0.00754	0.01015	0.00780	0.01120	0.00658	0.00644	0.02129	0.01250	0.79849	0.01712	0.01482	0.01077	0.00543	0.00439	0.00137	0.00375	0.00439	0.00539	0.00744
19	0.01927	0.00839	0.01079	0.00827	0.01171	0.00778	0.00683	0.16126	0.01409	0.67850	0.01620	0.01424	0.01032	0.00544	0.00444	0.00136	0.00396	0.00436	0.00528	0.00752
20	0.00964	0.00932	0.04833	0.11635	0.06291	0.00919	0.21587	0.13033	0.02518	0.01504	0.01329	0.23677	0.01298	0.00709	0.00540	0.00154	0.04536	0.00660	0.02339	0.00542
21	0.00834	0.00785	0.01325	0.83417	0.03042	0.00981	0.01227	0.01128	0.00883	0.01128	0.00785	0.01178	0.00589	0.00442	0.00442	0.00147	0.00589	0.00393	0.00196	0.00491
22	0.01670	0.01188	0.01283	0.00987	0.01332	0.01305	0.00814	0.73917	0.02001	0.06848	0.01107	0.01100	0.00780	0.00531	0.00438	0.00132	0.00472	0.00400	0.02953	0.00741
23	0.01650	0.02105	0.01252	0.01138	0.01365	0.82705	0.00853	0.01764	0.01252	0.01081	0.00683	0.00796	0.00569	0.00455	0.00398	0.00114	0.00796	0.00284	0.00228	0.00512
24	0.00823	0.00412	0.00412	0.00412	0.00515	0.00412	0.00309	0.01029	0.00926	0.01647	0.01441	0.01647	0.01132	0.00515	0.00309	0.00103	0.00206	0.00412	0.86930	0.00412
25	0.00712	0.00508	0.00712	0.00813	0.00915	0.00508	0.00712	0.00915	0.01017	0.01322	0.02338	0.04982	0.02542	0.01220	0.00610	0.00203	0.00407	0.78750	0.00407	0.00407
26	0.01080	0.01036	0.01768	0.06924	0.77616	0.01046	0.01349	0.01344	0.00999	0.01426	0.00828	0.01098	0.00694	0.00396	0.00437	0.00132	0.00528	0.00393	0.00217	0.00689
27	0.00834	0.00785	0.01325	0.83417	0.03042	0.00981	0.01227	0.01128	0.00883	0.01128	0.00785	0.01178	0.00589	0.00442	0.00442	0.00147	0.00589	0.00393	0.00196	0.00491
28	0.00894	0.00825	0.01429	0.71380	0.06704	0.00985	0.06803	0.01189	0.00911	0.03508	0.00823	0.01184	0.00614	0.00437	0.00447	0.00146	0.00591	0.00403	0.00209	0.00516
29	0.00625	0.00451	0.00590	0.00556	0.00660	0.00417	0.00417	0.00833	0.01250	0.01771	0.81490	0.03299	0.04167	0.00903	0.00521	0.00139	0.00208	0.00799	0.00486	0.00417
30	0.87598	0.00854	0.00649	0.00581	0.00854	0.00991	0.00478	0.01298	0.00752	0.01982	0.00615	0.00717	0.00478	0.00410	0.00273	0.00137	0.00342	0.00239	0.00273	0.00478
31	0.01007	0.00466	0.00509	0.00471	0.00612	0.00449	0.00363	0.01207	0.00980	0.14411	0.01489	0.01624	0.01126	0.00520	0.00330	0.00108	0.00233	0.00417	0.73213	0.00466
32	0.00620	0.00449	0.00575	0.00547	0.00652	0.00412	0.00409	0.00818	0.01218	0.01714	0.72838	0.05220	0.09400	0.00922	0.00518	0.00140	0.00210	0.00811	0.02114	0.00412
33	0.00539	0.00409	0.00497	0.00557	0.00628	0.00367	0.00386	0.00636	0.00926	0.01193	0.08518	0.52743	0.28478	0.01265	0.00547	0.00167	0.00242	0.01119	0.00415	0.00367
34	0.00661	0.00459	0.00602	0.00562	0.00672	0.00423	0.00423	0.00869	0.01251	0.03908	0.79367	0.03251	0.04085	0.00893	0.00519	0.00139	0.00213	0.00789	0.00488	0.00426

[dist]
# distance from previous block
# <min> <max>
1	3

[block]
# block no. 10 follows, 59 sequences, length 30
# corresponding to MSA columns:
# 612-623,634-651
name=unknown_K
#
# <colnr> <probs for GDERKNQSTAVLIFYWHMCP>
#	G	D	E	R	K	N	Q	S	T	A	V	L	I	F	Y	W	H	M	C	P
0	0.10045	0.32932	0.24241	0.00966	0.01388	0.08031	0.03713	0.07602	0.01026	0.03110	0.00784	0.02916	0.00644	0.00440	0.00361	0.00121	0.00539	0.00318	0.00234	0.00591
1	0.01121	0.01081	0.01370	0.19204	0.31466	0.14388	0.01054	0.04652	0.01030	0.03054	0.00885	0.01166	0.00726	0.02348	0.02798	0.00155	0.05044	0.00385	0.07499	0.00574
2	0.00834	0.00785	0.01325	0.83417	0.03042	0.00981	0.01227	0.01128	0.00883	0.01128	0.00785	0.01178	0.00589	0.00442	0.00442	0.00147	0.00589	0.00393	0.00196	0.00491
3	0.00614	0.00451	0.00575	0.00544	0.00653	0.00412	0.00408	0.00812	0.01224	0.01708	0.73063	0.03403	0.12634	0.00927	0.00521	0.00140	0.00210	0.00813	0.00478	0.00412
4	0.00566	0.00449	0.00513	0.00525	0.00648	0.00396	0.00400	0.00706	0.01046	0.01327	0.20828	0.11455	0.49061	0.01107	0.00535	0.00155	0.00243	0.09230	0.00426	0.00385
5	0.01778	0.01017	0.01178	0.00906	0.01247	0.01050	0.00747	0.46259	0.01714	0.35012	0.01349	0.01257	0.00901	0.00536	0.00439	0.00133	0.00433	0.00417	0.02885	0.00742
6	0.01099	0.00949	0.00999	0.00899	0.01148	0.01099	0.00699	0.02347	0.80925	0.01848	0.01798	0.01648	0.01348	0.00599	0.00449	0.00150	0.00350	0.00499	0.00449	0.00699
7	0.87598	0.00854	0.00649	0.00581	0.00854	0.00991	0.00478	0.01298	0.00752	0.01982	0.00615	0.00717	0.00478	0.00410	0.00273	0.00137	0.00342	0.00239	0.00273	0.00478
8	0.00631	0.00473	0.00710	0.00710	0.00789	0.00552	0.00552	0.00789	0.00710	0.01025	0.01183	0.01735	0.01104	0.03312	0.82728	0.00710	0.01183	0.00473	0.00237	0.00394
9	0.01650	0.02105	0.01252	0.01138	0.01365	0.82705	0.00853	0.01764	0.01252	0.01081	0.00683	0.00796	0.00569	0.00455	0.00398	0.00114	0.00796	0.00284	0.00228	0.00512
10	0.87598	0.00854	0.00649	0.00581	0.00854	0.00991	0.00478	0.01298	0.00752	0.01982	0.00615	0.00717	0.00478	0.00410	0.00273	0.00137	0.00342	0.00239	0.00273	0.00478
11	0.01129	0.00942	0.01000	0.00895	0.01148	0.01083	0.00697	0.02340	0.78178	0.04613	0.01796	0.01643	0.01339	0.00597	0.00449	0.00149	0.00350	0.00497	0.00453	0.00701
12	0.00973	0.00783	0.00922	0.00661	0.01051	0.00592	0.00530	0.01168	0.00934	0.05732	0.00836	0.00947	0.00678	0.00339	0.00333	0.00069	0.00330	0.00271	0.00277	0.82575
13	0.00869	0.00807	0.01336	0.78673	0.04884	0.00996	0.01217	0.03818	0.00927	0.01192	0.00795	0.01171	0.00597	0.00443	0.00441	0.00146	0.00584	0.00393	0.00205	0.00505
14	0.46502	0.01109	0.00966	0.00849	0.01040	0.15088	0.00688	0.03275	0.00849	0.01590	0.00628	0.00809	0.00529	0.00522	0.00628	0.00148	0.23747	0.00292	0.00247	0.00492
15	0.00654	0.00456	0.00577	0.00634	0.00708	0.00437	0.00451	0.00828	0.06219	0.04633	0.05304	0.56509	0.10412	0.03337	0.00591	0.00179	0.00278	0.06971	0.00417	0.00403
16	0.00942	0.00850	0.01210	0.27143	0.15643	0.00946	0.02504	0.01525	0.27178	0.01484	0.06817	0.02844	0.04293	0.00551	0.00451	0.00142	0.00446	0.00487	0.00318	0.04227
17	0.01650	0.02105	0.01252	0.01138	0.01365	0.82705	0.00853	0.01764	0.01252	0.01081	0.00683	0.00796	0.00569	0.00455	0.00398	0.00114	0.00796	0.00284	0.00228	0.00512
18	0.00823	0.00412	0.00412	0.00412	0.00515	0.00412	0.00309	0.01029	0.00926	0.01647	0.01441	0.01647	0.01132	0.00515	0.00309	0.00103	0.00206	0.00412	0.86930	0.00412
19	0.15679	0.01535	0.01047	0.00938	0.01152	0.47990	0.00709	0.04182	0.02687	0.06377	0.00854	0.01106	0.00732	0.10430	0.00628	0.00160	0.02680	0.00340	0.00271	0.00504
20	0.01053	0.11811	0.50064	0.01263	0.01797	0.10817	0.12373	0.03384	0.01010	0.01355	0.00779	0.00929	0.00582	0.00415	0.00416	0.00133	0.00657	0.00340	0.00203	0.00620
21	0.87598	0.00854	0.00649	0.00581	0.00854	0.00991	0.00478	0.01298	0.00752	0.01982	0.00615	0.00717	0.00478	0.00410	0.00273	0.00137	0.00342	0.00239	0.00273	0.00478
22	0.87598	0.00854	0.00649	0.00581	0.00854	0.00991	0.00478	0.01298	0.00752	0.01982	0.00615	0.00717	0.00478	0.00410	0.00273	0.00137	0.00342	0.00239	0.00273	0.00478
23	0.00823	0.00412	0.00412	0.00412	0.00515	0.00412	0.00309	0.01029	0.00926	0.01647	0.01441	0.01647	0.01132	0.00515	0.00309	0.00103	0.00206	0.00412	0.86930	0.00412
24	0.13756	0.03379	0.01058	0.00820	0.04422	0.00822	0.02350	0.11688	0.01091	0.11057	0.00907	0.00981	0.00692	0.00397	0.00355	0.00098	0.00377	0.00308	0.00315	0.45125
25	0.00839	0.00791	0.01326	0.80622	0.02978	0.00994	0.01218	0.01126	0.00876	0.01126	0.00778	0.01170	0.00588	0.00453	0.00476	0.00149	0.03411	0.00392	0.00196	0.00490
26	0.00823	0.00412	0.00412	0.00412	0.00515	0.00412	0.00309	0.01029	0.00926	0.01647	0.01441	0.01647	0.01132	0.00515	0.00309	0.00103	0.00206	0.00412	0.86930	0.00412
27	0.01650	0.02105	0.01252	0.01138	0.01365	0.82705	0.00853	0.01764	0.01252	0.01081	0.00683	0.00796	0.00569	0.00455	0.00398	0.00114	0.00796	0.00284	0.00228	0.00512
28	0.15035	0.14789	0.14871	0.02209	0.05684	0.08321	0.03186	0.20410	0.01214	0.03743	0.00919	0.04728	0.00759	0.00499	0.00392	0.00131	0.00512	0.01698	0.00292	0.00606
29	0.58254	0.02994	0.00814	0.00679	0.00942	0.02767	0.00555	0.04941	0.06331	0.09552	0.03146	0.02755	0.00773	0.00489	0.00367	0.00139	0.03322	0.00327	0.00322	0.00530

[dist]
# distance from previous block
# <min> <max>
1	33

[block]
# block no. 11 follows, 59 sequences, length 25
# corresponding to MSA columns:
# 685-709
name=unknown_L
#
# <colnr> <probs for GDERKNQSTAVLIFYWHMCP>
#	G	D	E	R	K	N	Q	S	T	A	V	L	I	F	Y	W	H	M	C	P
0	0.02496	0.05126	0.05141	0.03345	0.05942	0.00904	0.10682	0.07667	0.10207	0.18690	0.14988	0.03194	0.01526	0.01882	0.00532	0.00147	0.03984	0.02558	0.00383	0.00606
1	0.32051	0.05384	0.03450	0.00827	0.01133	0.11667	0.03785	0.08253	0.02429	0.21917	0.03135	0.02392	0.00832	0.00489	0.00375	0.00133	0.00449	0.00359	0.00352	0.00589
2	0.00580	0.00415	0.00542	0.00630	0.00667	0.00396	0.00426	0.03516	0.00890	0.01188	0.02384	0.81162	0.02842	0.01353	0.00559	0.00178	0.00265	0.01224	0.00411	0.00373
3	0.06381	0.16170	0.05580	0.00927	0.01222	0.03753	0.00815	0.29068	0.01331	0.11802	0.01040	0.05330	0.00847	0.00578	0.00547	0.00138	0.11781	0.01719	0.00344	0.00627
4	0.01074	0.01124	0.12567	0.05905	0.01370	0.01070	0.00862	0.02134	0.62826	0.03665	0.01593	0.01514	0.01184	0.00563	0.00445	0.00148	0.00408	0.00467	0.00399	0.00681
5	0.00823	0.00412	0.00412	0.00412	0.00515	0.00412	0.00309	0.01029	0.00926	0.01647	0.01441	0.01647	0.01132	0.00515	0.00309	0.00103	0.00206	0.00412	0.86930	0.00412
6	0.00538	0.00384	0.00512	0.00615	0.00641	0.00359	0.00410	0.00615	0.00846	0.01127	0.02434	0.84190	0.02921	0.01384	0.00564	0.00179	0.00256	0.01256	0.00410	0.00359
7	0.00823	0.00412	0.00412	0.00412	0.00515	0.00412	0.00309	0.01029	0.00926	0.01647	0.01441	0.01647	0.01132	0.00515	0.00309	0.00103	0.00206	0.00412	0.86930	0.00412
8	0.00549	0.00407	0.00515	0.00597	0.00653	0.00373	0.00419	0.00642	0.00891	0.01156	0.02830	0.62162	0.18428	0.01318	0.00559	0.00175	0.00262	0.07288	0.00410	0.00365
9	0.00966	0.00966	0.01353	0.01160	0.01160	0.01353	0.00966	0.01063	0.00676	0.01063	0.00580	0.00966	0.00580	0.00773	0.01449	0.00193	0.83670	0.00387	0.00193	0.00483
10	0.06366	0.00757	0.01006	0.00775	0.01113	0.00667	0.00640	0.02109	0.01238	0.77929	0.01685	0.01463	0.01062	0.00540	0.00435	0.00137	0.00374	0.00434	0.00533	0.00738
11	0.00886	0.02285	0.82190	0.01259	0.01912	0.01026	0.01632	0.01399	0.00932	0.01399	0.00793	0.00932	0.00559	0.00420	0.00420	0.00140	0.00653	0.00326	0.00186	0.00653
12	0.00886	0.02285	0.82190	0.01259	0.01912	0.01026	0.01632	0.01399	0.00932	0.01399	0.00793	0.00932	0.00559	0.00420	0.00420	0.00140	0.00653	0.00326	0.00186	0.00653
13	0.01650	0.02105	0.01252	0.01138	0.01365	0.82705	0.00853	0.01764	0.01252	0.01081	0.00683	0.00796	0.00569	0.00455	0.00398	0.00114	0.00796	0.00284	0.00228	0.00512
14	0.01982	0.00752	0.01025	0.00786	0.01127	0.00649	0.00649	0.02152	0.01264	0.82029	0.01742	0.01503	0.01093	0.00547	0.00444	0.00137	0.00376	0.00444	0.00547	0.00752
15	0.00538	0.00384	0.00512	0.00615	0.00641	0.00359	0.00410	0.00615	0.00846	0.01127	0.02434	0.84190	0.02921	0.01384	0.00564	0.00179	0.00256	0.01256	0.00410	0.00359
16	0.00538	0.00384	0.00512	0.00615	0.00641	0.00359	0.00410	0.00615	0.00846	0.01127	0.02434	0.84190	0.02921	0.01384	0.00564	0.00179	0.00256	0.01256	0.00410	0.00359
17	0.00886	0.02285	0.82190	0.01259	0.01912	0.01026	0.01632	0.01399	0.00932	0.01399	0.00793	0.00932	0.00559	0.00420	0.00420	0.00140	0.00653	0.00326	0.00186	0.00653
18	0.01966	0.00776	0.01040	0.00798	0.01140	0.00686	0.00659	0.06152	0.01306	0.77970	0.01707	0.01481	0.01076	0.00546	0.00444	0.00136	0.00381	0.00442	0.00541	0.00752
19	0.87598	0.00854	0.00649	0.00581	0.00854	0.00991	0.00478	0.01298	0.00752	0.01982	0.00615	0.00717	0.00478	0.00410	0.00273	0.00137	0.00342	0.00239	0.00273	0.00478
20	0.00844	0.00795	0.01342	0.80424	0.05960	0.00984	0.01231	0.01137	0.00888	0.01140	0.00787	0.01174	0.00593	0.00440	0.00441	0.00147	0.00586	0.00393	0.00197	0.00498
21	0.10335	0.33609	0.40803	0.01009	0.01511	0.01300	0.03236	0.01359	0.00903	0.01324	0.00708	0.00831	0.00556	0.00401	0.00354	0.00122	0.00553	0.00288	0.00198	0.00600
22	0.00893	0.00821	0.01340	0.75889	0.05454	0.01007	0.01207	0.05890	0.00959	0.01238	0.00803	0.01168	0.00602	0.00445	0.00441	0.00146	0.00581	0.00393	0.00212	0.00513
23	0.00598	0.00455	0.00506	0.00490	0.00622	0.00396	0.00363	0.00733	0.01063	0.03458	0.26753	0.03818	0.51993	0.06049	0.00623	0.00163	0.00235	0.00863	0.00427	0.00389
24	0.40271	0.00824	0.00931	0.24892	0.01549	0.00938	0.00735	0.06188	0.02345	0.08350	0.05671	0.01116	0.00821	0.00468	0.00367	0.00138	0.00417	0.00350	0.00299	0.03331

[dist]
# distance from previous block
# <min> <max>
1	6

[block]
# block no. 12 follows, 59 sequences, length 39
# corresponding to MSA columns:
# 716-753,756
name=unknown_M
#
# <colnr> <probs for GDERKNQSTAVLIFYWHMCP>
#	G	D	E	R	K	N	Q	S	T	A	V	L	I	F	Y	W	H	M	C	P
0	0.45396	0.08063	0.04508	0.02184	0.01119	0.20544	0.00695	0.03387	0.03403	0.01617	0.00687	0.00803	0.00552	0.00448	0.00387	0.00131	0.05031	0.00276	0.00256	0.00515
1	0.06785	0.00922	0.01072	0.00847	0.01166	0.00943	0.00693	0.27644	0.10350	0.38294	0.03887	0.01386	0.01068	0.00549	0.00433	0.00136	0.00398	0.00433	0.02281	0.00712
2	0.00704	0.00573	0.00664	0.00657	0.03250	0.00564	0.00477	0.01099	0.17858	0.01579	0.35954	0.03210	0.29930	0.00897	0.00504	0.00144	0.00253	0.00769	0.00444	0.00470
3	0.00545	0.00391	0.00519	0.00619	0.00651	0.00365	0.00421	0.00628	0.00857	0.01137	0.02480	0.78882	0.04818	0.01370	0.00565	0.00180	0.00262	0.04538	0.00410	0.00361
4	0.00631	0.00473	0.00710	0.00710	0.00789	0.00552	0.00552	0.00789	0.00710	0.01025	0.01183	0.01735	0.01104	0.03312	0.82728	0.00710	0.01183	0.00473	0.00237	0.00394
5	0.00823	0.00412	0.00412	0.00412	0.00515	0.00412	0.00309	0.01029	0.00926	0.01647	0.01441	0.01647	0.01132	0.00515	0.00309	0.00103	0.00206	0.00412	0.86930	0.00412
6	0.01430	0.40866	0.01750	0.00959	0.01257	0.44733	0.00808	0.01557	0.01085	0.01061	0.00650	0.00755	0.00568	0.00419	0.00344	0.00105	0.00644	0.00262	0.00209	0.00538
7	0.01099	0.00949	0.00999	0.00899	0.01148	0.01099	0.00699	0.02347	0.80925	0.01848	0.01798	0.01648	0.01348	0.00599	0.00449	0.00150	0.00350	0.00499	0.00449	0.00699
8	0.00823	0.00412	0.00412	0.00412	0.00515	0.00412	0.00309	0.01029	0.00926	0.01647	0.01441	0.01647	0.01132	0.00515	0.00309	0.00103	0.00206	0.00412	0.86930	0.00412
9	0.00916	0.00785	0.00916	0.00654	0.01047	0.00589	0.00523	0.01112	0.00916	0.01439	0.00785	0.00916	0.00654	0.00327	0.00327	0.00065	0.00327	0.00262	0.00262	0.87178
10	0.00823	0.00412	0.00412	0.00412	0.00515	0.00412	0.00309	0.01029	0.00926	0.01647	0.01441	0.01647	0.01132	0.00515	0.00309	0.00103	0.00206	0.00412	0.86930	0.00412
11	0.00538	0.00384	0.00512	0.00615	0.00641	0.00359	0.00410	0.00615	0.00846	0.01127	0.02434	0.84190	0.02921	0.01384	0.00564	0.00179	0.00256	0.01256	0.00410	0.00359
12	0.07263	0.00924	0.01042	0.11667	0.04053	0.01074	0.00774	0.02080	0.62113	0.01750	0.01549	0.01502	0.01166	0.00558	0.00435	0.00148	0.00386	0.00463	0.00396	0.00656
13	0.00823	0.00412	0.00412	0.00412	0.00515	0.00412	0.00309	0.01029	0.00926	0.01647	0.01441	0.01647	0.01132	0.00515	0.00309	0.00103	0.00206	0.00412	0.86930	0.00412
14	0.01641	0.01146	0.01250	0.00975	0.01314	0.01253	0.00800	0.61582	0.11858	0.11710	0.01231	0.01184	0.00865	0.00541	0.00443	0.00135	0.00456	0.00416	0.00455	0.00745
