[name]
unknown

[dist]
# distance from previous block
# <min> <max>
0	33

[block]
# block no. 0 follows, 81 sequences, length 29
# corresponding to MSA columns:
# 33-56,58-62
name=unknown_A
#
# <colnr> <probs for GDERKNQSTAVLIFYWHMCP>
#	G	D	E	R	K	N	Q	S	T	A	V	L	I	F	Y	W	H	M	C	P
0	0.00607	0.00436	0.00585	0.00633	0.00727	0.00442	0.00547	0.06868	0.00870	0.01144	0.07997	0.03573	0.01980	0.00896	0.00462	0.00151	0.00311	0.71107	0.00325	0.00338
1	0.66523	0.00699	0.00645	0.00622	0.06962	0.00786	0.00461	0.10819	0.00754	0.04713	0.03873	0.00715	0.00542	0.00350	0.00251	0.00106	0.00288	0.00233	0.00240	0.00418
2	0.01340	0.00538	0.00729	0.00584	0.00804	0.00475	0.00468	0.01458	0.00908	0.69376	0.01362	0.07614	0.00990	0.07016	0.04547	0.00147	0.00320	0.00407	0.00392	0.00524
3	0.00651	0.00462	0.00617	0.00638	0.05070	0.01265	0.00452	0.04438	0.06904	0.07414	0.03249	0.20775	0.01245	0.07884	0.35648	0.00315	0.01838	0.00515	0.00258	0.00361
4	0.00878	0.11995	0.01406	0.01613	0.52671	0.02956	0.08497	0.07187	0.00859	0.01175	0.06876	0.00943	0.00731	0.00343	0.00337	0.00100	0.00406	0.00323	0.00197	0.00510
5	0.00506	0.00397	0.00577	0.00566	0.00627	0.00467	0.00443	0.00624	0.00570	0.00814	0.01080	0.01458	0.07070	0.02319	0.73883	0.00493	0.07208	0.00392	0.00193	0.00312
6	0.00461	0.00356	0.00456	0.00477	0.00529	0.00352	0.00344	0.00554	0.00757	0.01020	0.24139	0.44218	0.16821	0.00912	0.00477	0.00129	0.06577	0.00794	0.00324	0.00302
7	0.05533	0.01178	0.35369	0.19812	0.05687	0.00812	0.20595	0.01955	0.02859	0.01997	0.00661	0.00835	0.00486	0.00327	0.00346	0.00112	0.00489	0.00306	0.00169	0.00470
8	0.00796	0.01592	0.69071	0.01035	0.07616	0.00808	0.01174	0.07346	0.00814	0.05595	0.00676	0.00769	0.00479	0.00338	0.00332	0.00108	0.00482	0.00268	0.00177	0.00523
9	0.00420	0.00321	0.00380	0.00425	0.00481	0.00288	0.00293	0.00488	0.00701	0.00891	0.02474	0.50836	0.34189	0.05521	0.00497	0.00141	0.00198	0.00860	0.00315	0.00281
10	0.00811	0.00856	0.02273	0.09691	0.01473	0.07217	0.41276	0.02556	0.00754	0.03076	0.00683	0.00933	0.00551	0.00643	0.11129	0.00174	0.14944	0.00357	0.00179	0.00425
11	0.00763	0.00735	0.01267	0.39554	0.39733	0.00802	0.07217	0.01012	0.03613	0.01029	0.00663	0.00905	0.00524	0.00329	0.00349	0.00110	0.00441	0.00318	0.00170	0.00469
12	0.00874	0.04995	0.01357	0.07536	0.58035	0.05334	0.04212	0.04140	0.00796	0.01095	0.00625	0.00827	0.00524	0.00341	0.00405	0.00106	0.07816	0.00301	0.00174	0.00508
13	0.00855	0.00821	0.01402	0.02120	0.85704	0.00821	0.01060	0.01060	0.00787	0.01129	0.00650	0.00855	0.00547	0.00308	0.00342	0.00103	0.00410	0.00308	0.00171	0.00547
14	0.00815	0.00932	0.02038	0.01456	0.01805	0.00874	0.84450	0.01107	0.00815	0.01107	0.00699	0.00932	0.00524	0.00291	0.00408	0.00116	0.00582	0.00408	0.00175	0.00466
15	0.01313	0.00968	0.01037	0.00795	0.01071	0.01071	0.00657	0.84552	0.01624	0.02177	0.00829	0.00829	0.00587	0.00415	0.00346	0.00104	0.00380	0.00311	0.00346	0.00587
16	0.00942	0.83933	0.01774	0.00601	0.00895	0.01353	0.00594	0.04999	0.00746	0.00878	0.00497	0.00567	0.00450	0.00301	0.00228	0.00075	0.00370	0.00191	0.00157	0.00450
17	0.00522	0.00399	0.00474	0.00455	0.00538	0.03514	0.00338	0.00669	0.00938	0.02431	0.69131	0.11022	0.06794	0.00735	0.00406	0.00111	0.00186	0.00647	0.00365	0.00326
18	0.00587	0.00474	0.00522	0.00562	0.00635	0.08046	0.00437	0.01628	0.00797	0.01800	0.12302	0.31589	0.03234	0.00872	0.00425	0.00134	0.00276	0.30386	0.04973	0.00319
19	0.00679	0.00645	0.01142	0.73030	0.02240	0.00765	0.11311	0.00912	0.00710	0.02092	0.00667	0.03095	0.00520	0.00358	0.00356	0.00116	0.00467	0.00337	0.00164	0.00394
20	0.00500	0.00346	0.00433	0.00433	0.00453	0.00366	0.00280	0.00539	0.00519	0.00712	0.01037	0.01974	0.01132	0.60837	0.28611	0.00405	0.00522	0.00460	0.00202	0.00241
21	0.00443	0.00328	0.00448	0.06927	0.00636	0.00321	0.00363	0.00518	0.00670	0.00892	0.04647	0.73480	0.03600	0.04385	0.00483	0.00144	0.00223	0.00897	0.00306	0.00287
22	0.00587	0.00467	0.00682	0.00628	0.00715	0.00467	0.10626	0.09170	0.02227	0.01016	0.01468	0.50165	0.01655	0.14310	0.02723	0.00173	0.01573	0.00734	0.00283	0.00330
23	0.00661	0.00623	0.01052	0.83331	0.06008	0.00770	0.00964	0.00890	0.00695	0.00893	0.00616	0.00918	0.00464	0.00344	0.00345	0.00115	0.00458	0.00307	0.00154	0.00391
24	0.00465	0.00342	0.00436	0.00434	0.00507	0.00312	0.00317	0.00598	0.00890	0.01227	0.58398	0.19992	0.13192	0.00804	0.00414	0.00116	0.00172	0.00710	0.00361	0.00312
25	0.00694	0.00624	0.01000	0.74236	0.02159	0.00762	0.00907	0.07031	0.00767	0.00989	0.00720	0.01136	0.00584	0.00396	0.00355	0.00118	0.00444	0.06502	0.00180	0.00394
26	0.00715	0.00387	0.00449	0.00419	0.00532	0.00372	0.00326	0.00903	0.04496	0.12232	0.19779	0.01841	0.07699	0.00538	0.00321	0.00098	0.00193	0.04748	0.43586	0.00365
27	0.00596	0.00306	0.00438	0.00436	0.00450	0.00304	0.00296	0.00500	0.00516	0.00727	0.06906	0.01187	0.00824	0.01084	0.01170	0.74329	0.00276	0.00326	0.09147	0.00180
28	0.00674	0.01639	0.76837	0.00942	0.01403	0.00769	0.01188	0.01043	0.00712	0.01064	0.00663	0.02321	0.00502	0.00515	0.06768	0.00144	0.01896	0.00277	0.00152	0.00489

[dist]
# distance from previous block
# <min> <max>
0	22

[block]
# block no. 1 follows, 81 sequences, length 44
# corresponding to MSA columns:
# 85-128
name=unknown_B
#
# <colnr> <probs for GDERKNQSTAVLIFYWHMCP>
#	G	D	E	R	K	N	Q	S	T	A	V	L	I	F	Y	W	H	M	C	P
0	0.00551	0.00364	0.00518	0.00524	0.00590	0.00395	0.00396	0.00663	0.00615	0.05900	0.01179	0.19973	0.01176	0.02917	0.55804	0.00403	0.00671	0.00499	0.06543	0.00319
1	0.00652	0.00614	0.01036	0.87029	0.02379	0.00768	0.00959	0.00883	0.00691	0.00883	0.00614	0.00921	0.00461	0.00345	0.00345	0.00115	0.00461	0.00307	0.00154	0.00384
2	0.00836	0.00949	0.01994	0.01430	0.01774	0.02837	0.80817	0.02821	0.00836	0.01123	0.00698	0.00923	0.00524	0.00295	0.00404	0.00116	0.00579	0.00401	0.00178	0.00467
3	0.00629	0.00580	0.00820	0.28401	0.16348	0.05984	0.00681	0.00772	0.00715	0.00926	0.01181	0.38080	0.01273	0.00662	0.00385	0.00123	0.00349	0.01492	0.00232	0.00369
4	0.20327	0.06330	0.00881	0.00724	0.00927	0.41881	0.00566	0.02146	0.13918	0.03452	0.00683	0.00732	0.00540	0.00363	0.00298	0.00096	0.01264	0.00243	0.00220	0.04410
5	0.01655	0.00650	0.12941	0.00565	0.00759	0.00481	0.00513	0.06765	0.00969	0.11176	0.51602	0.01895	0.02191	0.00568	0.00374	0.00105	0.00250	0.00488	0.00337	0.05717
6	0.00445	0.00349	0.00379	0.00371	0.00476	0.00303	0.00279	0.00557	0.00836	0.01079	0.25822	0.02997	0.57883	0.00800	0.00398	0.00112	0.00171	0.00676	0.05764	0.00303
7	0.00745	0.00705	0.00959	0.00825	0.00838	0.00954	0.00672	0.04601	0.00575	0.00869	0.00562	0.00977	0.00576	0.13218	0.01188	0.00176	0.70699	0.00332	0.00168	0.00363
8	0.00667	0.00629	0.01062	0.81045	0.08251	0.00771	0.00967	0.00895	0.00698	0.00900	0.00617	0.00916	0.00467	0.00343	0.00345	0.00114	0.00457	0.00307	0.00155	0.00395
9	0.01332	0.00567	0.00778	0.00673	0.05852	0.00500	0.00509	0.01480	0.01913	0.66809	0.10118	0.01415	0.05498	0.00473	0.00356	0.00107	0.00281	0.00394	0.00401	0.00543
10	0.01071	0.01136	0.23679	0.00810	0.01149	0.00921	0.00790	0.49450	0.04345	0.02731	0.00778	0.00812	0.00560	0.00377	0.00332	0.00100	0.00397	0.00288	0.00279	0.09996
11	0.10427	0.00639	0.01013	0.69747	0.09907	0.00773	0.00905	0.00914	0.00688	0.00978	0.00603	0.00876	0.00459	0.00339	0.00331	0.00113	0.00435	0.00294	0.00162	0.00398
12	0.00716	0.00614	0.00716	0.00512	0.00819	0.00461	0.00409	0.00870	0.00716	0.01126	0.00614	0.00716	0.00512	0.00256	0.00256	0.00051	0.00256	0.00205	0.00205	0.89971
13	0.01133	0.00865	0.00932	0.00758	0.00998	0.00965	0.00619	0.55605	0.24811	0.01893	0.01060	0.01174	0.00816	0.00468	0.00357	0.00111	0.00346	0.06187	0.00345	0.00557
14	0.00623	0.00561	0.00813	0.50022	0.01597	0.04527	0.00699	0.00780	0.00641	0.00823	0.00763	0.01258	0.00694	0.18594	0.15981	0.00237	0.00525	0.00354	0.00172	0.00336
15	0.00621	0.00512	0.00614	0.00499	0.00713	0.00403	0.00380	0.00748	0.00712	0.01067	0.04857	0.25846	0.01148	0.00515	0.00316	0.00079	0.00236	0.00448	0.00246	0.60041
16	0.00852	0.60311	0.16950	0.00736	0.01066	0.01171	0.08607	0.01035	0.00730	0.00917	0.04403	0.00714	0.00578	0.00320	0.00267	0.00086	0.00406	0.00239	0.00161	0.00452
17	0.00790	0.00755	0.01285	0.29292	0.59040	0.00804	0.01028	0.01003	0.00756	0.01050	0.00638	0.00876	0.00519	0.00320	0.00343	0.00107	0.00426	0.00308	0.00165	0.00495
18	0.01550	0.00588	0.00802	0.00615	0.00882	0.00508	0.00508	0.01684	0.00989	0.85944	0.01363	0.01176	0.00855	0.00428	0.00347	0.00107	0.00294	0.00347	0.00428	0.00588
19	0.00661	0.00626	0.01038	0.79775	0.02255	0.00792	0.00942	0.00878	0.00677	0.00878	0.00600	0.00907	0.00460	0.00367	0.00412	0.00118	0.07768	0.00307	0.00153	0.00383
20	0.00684	0.00623	0.00985	0.50217	0.07721	0.00723	0.04632	0.01012	0.12939	0.01038	0.05900	0.01389	0.00886	0.00445	0.00367	0.00119	0.00402	0.09290	0.00216	0.00412
21	0.00423	0.00305	0.00402	0.00479	0.00504	0.00284	0.00323	0.00487	0.00670	0.00887	0.01973	0.82076	0.05982	0.01070	0.00440	0.00140	0.00202	0.02750	0.00321	0.00282
22	0.90299	0.00668	0.00508	0.00454	0.00668	0.00775	0.00374	0.01015	0.00588	0.01550	0.00481	0.00561	0.00374	0.00321	0.00214	0.00107	0.00267	0.00187	0.00214	0.00374
23	0.00494	0.00370	0.00555	0.00555	0.00617	0.00432	0.00432	0.00617	0.00555	0.00802	0.00925	0.01357	0.00864	0.02591	0.86490	0.00555	0.00925	0.00370	0.00185	0.00308
24	0.00817	0.00782	0.01334	0.17895	0.70224	0.00811	0.01041	0.01027	0.00769	0.01083	0.00643	0.00867	0.00531	0.00315	0.00343	0.00105	0.00420	0.00308	0.00168	0.00517
25	0.01414	0.00670	0.00836	0.08421	0.01032	0.05992	0.00562	0.02553	0.05348	0.67539	0.01239	0.01120	0.00801	0.00418	0.00345	0.00107	0.00330	0.00338	0.00382	0.00556
26	0.00827	0.00791	0.01336	0.02008	0.80315	0.00787	0.01010	0.01025	0.00787	0.01116	0.00830	0.01011	0.05923	0.00344	0.00346	0.00103	0.00396	0.00334	0.00180	0.00531
27	0.00822	0.00987	0.09794	0.01362	0.06656	0.00846	0.62624	0.04799	0.00835	0.01156	0.00689	0.00890	0.00519	0.00299	0.00384	0.00110	0.00536	0.00370	0.00181	0.06140
28	0.90299	0.00668	0.00508	0.00454	0.00668	0.00775	0.00374	0.01015	0.00588	0.01550	0.00481	0.00561	0.00374	0.00321	0.00214	0.00107	0.00267	0.00187	0.00214	0.00374
29	0.00492	0.00359	0.00479	0.00484	0.00533	0.00386	0.00353	0.00575	0.00576	0.00788	0.01283	0.01993	0.09236	0.29245	0.45987	0.00418	0.00628	0.05695	0.00214	0.00276
30	0.00525	0.00345	0.00436	0.00426	0.00502	0.00327	0.00316	0.00674	0.00875	0.02329	0.55211	0.11639	0.02558	0.00769	0.04207	0.00127	0.00202	0.00591	0.17619	0.00323
31	0.00440	0.00345	0.00362	0.00363	0.00468	0.00298	0.00270	0.00541	0.00796	0.01013	0.12080	0.07300	0.64471	0.00823	0.00394	0.00114	0.00174	0.00692	0.08760	0.00298
32	0.00495	0.00365	0.00527	0.00527	0.00579	0.00416	0.00397	0.00599	0.00547	0.00781	0.00951	0.01500	0.00926	0.16096	0.73070	0.00520	0.00832	0.00391	0.00189	0.00293
33	0.00658	0.00637	0.00938	0.69387	0.02027	0.05782	0.00844	0.00863	0.00730	0.00907	0.04487	0.01220	0.09297	0.00415	0.00352	0.00113	0.00428	0.00359	0.00182	0.00373
34	0.00667	0.00395	0.00504	0.00453	0.00574	0.00353	0.00348	0.00812	0.00947	0.16634	0.56069	0.02455	0.17071	0.00685	0.00397	0.00110	0.00189	0.00593	0.00379	0.00367
35	0.00652	0.00614	0.01036	0.87029	0.02379	0.00768	0.00959	0.00883	0.00691	0.00883	0.00614	0.00921	0.00461	0.00345	0.00345	0.00115	0.00461	0.00307	0.00154	0.00384
36	0.00489	0.00353	0.00462	0.00435	0.00516	0.00326	0.00326	0.00652	0.00978	0.01385	0.85522	0.02581	0.03260	0.00706	0.00407	0.00109	0.00163	0.00625	0.00380	0.00326
37	0.00717	0.00680	0.01153	0.59952	0.28951	0.00785	0.00992	0.00939	0.00721	0.00961	0.00625	0.00900	0.00488	0.00333	0.00344	0.00111	0.00445	0.00307	0.00159	0.00436
38	0.00694	0.00656	0.01111	0.69712	0.19373	0.00778	0.00980	0.00919	0.00710	0.00933	0.00621	0.00908	0.00478	0.00338	0.00345	0.00113	0.00450	0.00307	0.00157	0.00417
39	0.90299	0.00668	0.00508	0.00454	0.00668	0.00775	0.00374	0.01015	0.00588	0.01550	0.00481	0.00561	0.00374	0.00321	0.00214	0.00107	0.00267	0.00187	0.00214	0.00374
40	0.30536	0.01164	0.00766	0.00689	0.00878	0.46780	0.00531	0.01238	0.00833	0.06489	0.00611	0.00684	0.00479	0.00352	0.00277	0.00095	0.00453	0.00226	0.06520	0.00398
41	0.00638	0.00589	0.00983	0.77549	0.02191	0.00729	0.00908	0.00858	0.00688	0.00885	0.00694	0.01097	0.00561	0.00509	0.05460	0.00143	0.00481	0.04496	0.00164	0.00376
42	0.00818	0.00772	0.01262	0.07836	0.65656	0.00757	0.00944	0.01016	0.00768	0.01111	0.00641	0.00837	0.00535	0.00302	0.00328	0.00095	0.00388	0.00291	0.00175	0.15469
43	0.00706	0.00669	0.01134	0.64413	0.24573	0.00782	0.00986	0.00930	0.00716	0.00948	0.00624	0.00903	0.00484	0.00335	0.00344	0.00112	0.00447	0.00307	0.00158	0.00427

[dist]
# distance from previous block
# <min> <max>
5	7

[block]
# block no. 2 follows, 81 sequences, length 11
# corresponding to MSA columns:
# 136-146
name=unknown_C
#
# <colnr> <probs for GDERKNQSTAVLIFYWHMCP>
#	G	D	E	R	K	N	Q	S	T	A	V	L	I	F	Y	W	H	M	C	P
0	0.01401	0.00913	0.00940	0.00828	0.06807	0.24614	0.03801	0.01533	0.00965	0.53034	0.01056	0.00990	0.00706	0.00394	0.00339	0.00102	0.00405	0.00312	0.00330	0.00528
1	0.00859	0.00742	0.00781	0.00703	0.00898	0.00859	0.00547	0.01836	0.85080	0.01445	0.01406	0.01289	0.01055	0.00469	0.00352	0.00117	0.00273	0.00391	0.00352	0.00547
2	0.00599	0.00528	0.00697	0.20619	0.01039	0.06448	0.00557	0.00726	0.00608	0.00808	0.00825	0.01294	0.00773	0.12939	0.45429	0.00373	0.04877	0.00359	0.00179	0.00323
3	0.90299	0.00668	0.00508	0.00454	0.00668	0.00775	0.00374	0.01015	0.00588	0.01550	0.00481	0.00561	0.00374	0.00321	0.00214	0.00107	0.00267	0.00187	0.00214	0.00374
4	0.00855	0.00821	0.01402	0.02120	0.85704	0.00821	0.01060	0.01060	0.00787	0.01129	0.00650	0.00855	0.00547	0.00308	0.00342	0.00103	0.00410	0.00308	0.00171	0.00547
5	0.00701	0.00553	0.00634	0.00472	0.00731	0.00431	0.00374	0.00856	0.00718	0.01160	0.00722	0.00836	0.00590	0.00287	0.00253	0.00057	0.00236	0.00229	0.19001	0.71159
6	0.00873	0.00675	0.00784	0.00739	0.06637	0.00733	0.00540	0.17481	0.35841	0.05230	0.24861	0.01528	0.01540	0.00512	0.00365	0.00111	0.00273	0.00433	0.00349	0.00494
7	0.01140	0.01356	0.01042	0.10690	0.11108	0.58500	0.00750	0.04880	0.00928	0.00940	0.00565	0.00700	0.00465	0.00365	0.00365	0.00098	0.05254	0.00250	0.00180	0.00423
8	0.01026	0.00861	0.04941	0.01107	0.01410	0.00797	0.44805	0.10975	0.00934	0.20884	0.00901	0.01083	0.00662	0.00379	0.00417	0.00116	0.04140	0.03803	0.00257	0.00500
9	0.79232	0.00661	0.00573	0.11143	0.00879	0.00774	0.00446	0.00999	0.00601	0.01468	0.00497	0.00606	0.00385	0.00324	0.00230	0.00108	0.00291	0.00202	0.00206	0.00375
10	0.00459	0.00349	0.00423	0.00410	0.00499	0.00312	0.00305	0.00592	0.00899	0.01213	0.54635	0.07688	0.29393	0.00781	0.00410	0.00113	0.00169	0.00678	0.00358	0.00312

[dist]
# distance from previous block
# <min> <max>
0	1

[block]
# block no. 3 follows, 81 sequences, length 84
# corresponding to MSA columns:
# 148-231
name=unknown_D
#
# <colnr> <probs for GDERKNQSTAVLIFYWHMCP>
#	G	D	E	R	K	N	Q	S	T	A	V	L	I	F	Y	W	H	M	C	P
0	0.00785	0.00973	0.11016	0.01253	0.02863	0.00919	0.49279	0.01023	0.00721	0.01025	0.00617	0.00856	0.00494	0.00388	0.00612	0.00126	0.26081	0.00358	0.00165	0.00446
1	0.00448	0.00350	0.00473	0.11621	0.00737	0.00345	0.00392	0.00536	0.00689	0.00892	0.02036	0.60688	0.17617	0.00948	0.00423	0.00133	0.00229	0.00848	0.00299	0.00296
2	0.00855	0.00816	0.01360	0.02025	0.79999	0.00823	0.01026	0.01112	0.06457	0.01150	0.00701	0.00884	0.00581	0.00319	0.00343	0.00104	0.00401	0.00313	0.00183	0.00547
3	0.00595	0.00472	0.00606	0.00520	0.00677	0.00440	0.00400	0.01891	0.00631	0.00939	0.00828	0.02244	0.00778	0.10957	0.40047	0.00316	0.00573	0.00324	0.00200	0.36562
4	0.00979	0.00862	0.01635	0.01191	0.01508	0.00828	0.55788	0.09062	0.07415	0.14534	0.00869	0.00985	0.00623	0.00337	0.00386	0.00113	0.00490	0.00385	0.00244	0.01767
5	0.00650	0.00595	0.00986	0.56849	0.15782	0.00691	0.00866	0.00851	0.00715	0.00943	0.03169	0.11450	0.00831	0.00461	0.00363	0.00118	0.00407	0.03690	0.00189	0.00394
6	0.10152	0.00920	0.00961	0.18006	0.01279	0.10844	0.00680	0.44142	0.01215	0.07387	0.00753	0.00820	0.00542	0.00385	0.00328	0.00105	0.00407	0.00290	0.00280	0.00504
7	0.00511	0.00399	0.00563	0.00665	0.07442	0.00416	0.00435	0.00587	0.00663	0.02088	0.01632	0.68584	0.01916	0.00955	0.00510	0.00138	0.09946	0.01941	0.00291	0.00318
8	0.00763	0.00765	0.01445	0.38301	0.21760	0.00811	0.28069	0.01006	0.00757	0.02002	0.00659	0.00912	0.00506	0.00320	0.00365	0.00113	0.00486	0.00340	0.00168	0.00451
9	0.08249	0.00720	0.00843	0.00657	0.00914	0.00727	0.00541	0.30463	0.03642	0.44176	0.02809	0.01042	0.00780	0.00421	0.00335	0.00106	0.00316	0.00329	0.02371	0.00559
10	0.00770	0.00694	0.03957	0.00681	0.00858	0.00728	0.03774	0.05029	0.53910	0.01337	0.07746	0.11017	0.02283	0.05080	0.00440	0.00129	0.00285	0.00476	0.00328	0.00477
11	0.12938	0.00598	0.00764	0.00594	0.00854	0.00542	0.00491	0.01598	0.00937	0.75114	0.01250	0.01097	0.00793	0.00414	0.00330	0.00107	0.00291	0.00327	0.00400	0.00560
12	0.00693	0.01787	0.86069	0.00985	0.01495	0.00802	0.01276	0.01094	0.00729	0.01094	0.00620	0.00729	0.00438	0.00328	0.00328	0.00109	0.00511	0.00255	0.00146	0.00511
13	0.00660	0.01387	0.58209	0.00912	0.01318	0.00710	0.09894	0.01928	0.00761	0.01078	0.01163	0.01321	0.14699	0.00443	0.00357	0.00113	0.00452	0.03943	0.00188	0.00462
14	0.00607	0.00563	0.00910	0.70831	0.02023	0.00678	0.00831	0.00810	0.00704	0.00890	0.01093	0.04542	0.13236	0.00452	0.00358	0.00116	0.00408	0.00395	0.00185	0.00366
15	0.00570	0.00368	0.00484	0.00452	0.00545	0.00337	0.00340	0.00722	0.00952	0.08346	0.70928	0.09033	0.04162	0.00715	0.00405	0.00111	0.00177	0.00631	0.00379	0.00344
16	0.82572	0.00661	0.00533	0.00468	0.00687	0.00752	0.00386	0.01074	0.00623	0.08898	0.00558	0.00615	0.00416	0.00330	0.00225	0.00107	0.00270	0.00201	0.00232	0.00393
17	0.00701	0.00664	0.01124	0.66617	0.22411	0.00780	0.00984	0.00925	0.00714	0.00942	0.00623	0.00905	0.00481	0.00336	0.00345	0.00112	0.00448	0.00307	0.00158	0.00423
18	0.00711	0.00670	0.01115	0.59839	0.23851	0.00783	0.00961	0.00960	0.03887	0.00966	0.00656	0.00922	0.00511	0.00374	0.01557	0.00118	0.01211	0.00311	0.00166	0.00431
19	0.00795	0.00398	0.00467	0.00428	0.00532	0.00402	0.00332	0.00938	0.00758	0.16521	0.02549	0.07911	0.00997	0.00478	0.00339	0.00095	0.06045	0.00381	0.59262	0.00371
20	0.30080	0.00737	0.00760	0.00608	0.00858	0.04118	0.00498	0.18843	0.00982	0.34350	0.00904	0.00864	0.00614	0.00381	0.00299	0.00103	0.00315	0.00277	0.00323	0.04088
21	0.02800	0.01630	0.00971	0.00883	0.01061	0.85019	0.00663	0.01373	0.00972	0.00857	0.00533	0.00622	0.00444	0.00355	0.00310	0.00089	0.00617	0.00222	0.00179	0.00400
22	0.00433	0.00309	0.00415	0.00495	0.00521	0.00291	0.00342	0.00502	0.00674	0.00896	0.01897	0.80038	0.02258	0.01071	0.00444	0.00142	0.00211	0.08457	0.00320	0.00284
23	0.04526	0.00616	0.01013	0.83288	0.02305	0.00768	0.00934	0.00888	0.00686	0.00911	0.00608	0.00905	0.00457	0.00344	0.00340	0.00115	0.00452	0.00302	0.00156	0.00383
24	0.00488	0.00353	0.00460	0.00433	0.00515	0.00325	0.00325	0.00649	0.00975	0.01378	0.84104	0.02593	0.04683	0.00709	0.00407	0.00109	0.00163	0.00627	0.00379	0.00325
25	0.00426	0.00303	0.00400	0.00475	0.00495	0.00284	0.00315	0.00484	0.00657	0.00878	0.02986	0.82060	0.02245	0.05580	0.00509	0.00150	0.00207	0.00952	0.00316	0.00278
26	0.08154	0.01571	0.00943	0.00856	0.01037	0.79864	0.00645	0.01351	0.00949	0.00900	0.00530	0.00618	0.00440	0.00353	0.00304	0.00090	0.00596	0.00220	0.00181	0.00398
27	0.01313	0.00968	0.01037	0.00795	0.01071	0.01071	0.00657	0.84552	0.01624	0.02177	0.00829	0.00829	0.00587	0.00415	0.00346	0.00104	0.00380	0.00311	0.00346	0.00587
28	0.00494	0.00370	0.00555	0.00555	0.00617	0.00432	0.00432	0.00617	0.00555	0.00802	0.00925	0.01357	0.00864	0.02591	0.86490	0.00555	0.00925	0.00370	0.00185	0.00308
29	0.00600	0.00300	0.00450	0.00450	0.00450	0.00300	0.00300	0.00450	0.00450	0.00600	0.00600	0.01050	0.00600	0.01200	0.01350	0.89949	0.00300	0.00300	0.00150	0.00150
30	0.00462	0.00352	0.00424	0.00406	0.00499	0.00314	0.00305	0.00599	0.00914	0.01233	0.57822	0.02832	0.31055	0.00763	0.00408	0.00111	0.00167	0.00660	0.00360	0.00314
31	0.13064	0.01373	0.00859	0.00778	0.00956	0.65118	0.00589	0.01299	0.00908	0.04277	0.00605	0.00688	0.00485	0.00358	0.00295	0.00091	0.00527	0.00230	0.07101	0.00398
32	0.00817	0.01014	0.11405	0.01358	0.01718	0.00858	0.70268	0.01144	0.04149	0.02648	0.00730	0.00928	0.00541	0.00305	0.00395	0.00116	0.00557	0.00389	0.00183	0.00476
33	0.00924	0.88067	0.01810	0.00591	0.00887	0.01367	0.00591	0.01034	0.00702	0.00813	0.00480	0.00554	0.00443	0.00296	0.00222	0.00074	0.00369	0.00185	0.00148	0.00443
34	0.23600	0.00745	0.00821	0.11786	0.01066	0.00829	0.00580	0.36340	0.01080	0.09333	0.00838	0.06664	0.00666	0.00510	0.03560	0.00126	0.00363	0.00330	0.00287	0.00476
35	0.00742	0.00601	0.00775	0.04023	0.00895	0.00645	0.06965	0.01291	0.39713	0.04999	0.26803	0.01834	0.01721	0.00558	0.00382	0.00117	0.00275	0.06869	0.00340	0.00452
36	0.00494	0.00369	0.00548	0.00548	0.00608	0.00428	0.00423	0.00612	0.00553	0.00797	0.00932	0.01392	0.00879	0.05902	0.83200	0.00547	0.00902	0.00375	0.00186	0.00305
37	0.00868	0.00817	0.01391	0.02093	0.84175	0.00815	0.01050	0.01071	0.00790	0.02657	0.00663	0.00861	0.00553	0.00310	0.00342	0.00103	0.00408	0.00309	0.00176	0.00548
38	0.00487	0.00367	0.00533	0.00533	0.00596	0.00417	0.00410	0.00603	0.00571	0.00807	0.01130	0.01543	0.07410	0.05694	0.76637	0.00513	0.00845	0.00403	0.00196	0.00303
39	0.00498	0.00351	0.00457	0.00457	0.00485	0.00378	0.00309	0.00554	0.00526	0.00729	0.01015	0.01855	0.01080	0.49585	0.39792	0.00434	0.00600	0.00443	0.00198	0.00254
40	0.00693	0.01787	0.86069	0.00985	0.01495	0.00802	0.01276	0.01094	0.00729	0.01094	0.00620	0.00729	0.00438	0.00328	0.00328	0.00109	0.00511	0.00255	0.00146	0.00511
41	0.00566	0.00371	0.00482	0.00444	0.00542	0.00338	0.00337	0.00723	0.00969	0.07882	0.74694	0.02512	0.07428	0.00694	0.00403	0.00109	0.00174	0.00609	0.00381	0.00344
42	0.00415	0.00350	0.00359	0.00356	0.00470	0.00294	0.00267	0.00508	0.00802	0.00968	0.09824	0.03267	0.79218	0.00862	0.00408	0.00116	0.00174	0.00721	0.00325	0.00294
43	0.00480	0.00327	0.00434	0.00496	0.00538	0.00309	0.00358	0.00571	0.00717	0.02438	0.08289	0.61339	0.02212	0.00985	0.00432	0.00137	0.00216	0.14287	0.05139	0.00298
44	0.00480	0.00352	0.00449	0.00427	0.00511	0.00322	0.00319	0.00633	0.00953	0.01330	0.75716	0.04221	0.11536	0.00730	0.00408	0.00110	0.00165	0.00642	0.00373	0.00322
45	0.00938	0.84641	0.01777	0.00603	0.00894	0.04740	0.00594	0.01048	0.00713	0.00814	0.00482	0.00557	0.00443	0.00298	0.00225	0.00074	0.00379	0.00186	0.00149	0.00442
46	0.00705	0.00604	0.00724	0.04252	0.00878	0.00473	0.00434	0.00860	0.00709	0.01102	0.00626	0.00751	0.00523	0.00352	0.03678	0.00074	0.00291	0.00216	0.00202	0.82546
47	0.00981	0.04694	0.02142	0.00957	0.01197	0.10700	0.24687	0.28063	0.01059	0.01369	0.00850	0.01221	0.00725	0.01715	0.04889	0.00139	0.03941	0.09958	0.00246	0.00465
48	0.00793	0.00809	0.01051	0.00896	0.00927	0.07599	0.03871	0.00883	0.00585	0.00867	0.00504	0.00780	0.00478	0.00563	0.00997	0.00141	0.72772	0.00301	0.04805	0.00380
49	0.00916	0.05433	0.04561	0.01777	0.62604	0.07305	0.04580	0.01114	0.00809	0.05556	0.01707	0.00858	0.00578	0.00322	0.00337	0.00101	0.00426	0.00303	0.00186	0.00525
50	0.01352	0.00586	0.00794	0.08445	0.00991	0.00546	0.00537	0.01562	0.07436	0.66227	0.03578	0.01204	0.00901	0.00430	0.00345	0.00107	0.00299	0.00354	0.03757	0.00549
51	0.00411	0.00350	0.00353	0.00353	0.00468	0.00293	0.00264	0.00501	0.00793	0.00947	0.06030	0.03302	0.83025	0.00870	0.00408	0.00116	0.00175	0.00726	0.00323	0.00293
52	0.00663	0.00625	0.01055	0.82623	0.06703	0.00770	0.00965	0.00892	0.00696	0.00895	0.00616	0.00918	0.00465	0.00343	0.00345	0.00114	0.00458	0.00307	0.00154	0.00392
53	0.00855	0.00947	0.01000	0.50969	0.03829	0.28867	0.01799	0.01031	0.00793	0.00881	0.00735	0.01646	0.04459	0.00378	0.00339	0.00107	0.00499	0.00306	0.00171	0.00389
54	0.00924	0.88067	0.01810	0.00591	0.00887	0.01367	0.00591	0.01034	0.00702	0.00813	0.00480	0.00554	0.00443	0.00296	0.00222	0.00074	0.00369	0.00185	0.00148	0.00443
55	0.07862	0.00622	0.00759	0.00619	0.05229	0.00516	0.00468	0.01116	0.00785	0.24578	0.00812	0.00838	0.00598	0.00311	0.00282	0.00074	0.00275	0.00248	0.00265	0.53742
56	0.00724	0.00687	0.01151	0.55874	0.29209	0.00794	0.00980	0.00954	0.02057	0.00970	0.00634	0.00901	0.00498	0.00342	0.00366	0.00112	0.02839	0.00308	0.00162	0.00439
57	0.00431	0.00354	0.00402	0.00406	0.00507	0.00325	0.00309	0.00528	0.00733	0.00905	0.02843	0.05234	0.62354	0.01262	0.19459	0.00215	0.00345	0.02799	0.00291	0.00296
58	0.01291	0.01638	0.00980	0.00889	0.01068	0.85436	0.00667	0.02388	0.00987	0.00862	0.00538	0.00625	0.00447	0.00357	0.00312	0.00089	0.00620	0.00224	0.00180	0.00403
59	0.00600	0.00300	0.00450	0.00450	0.00450	0.00300	0.00300	0.00450	0.00450	0.00600	0.00600	0.01050	0.00600	0.01200	0.01350	0.89949	0.00300	0.00300	0.00150	0.00150
60	0.00420	0.00351	0.00369	0.00379	0.00488	0.00299	0.00288	0.00512	0.00781	0.00938	0.03288	0.07743	0.74798	0.00892	0.00415	0.00121	0.00187	0.07115	0.00321	0.00293
61	0.00698	0.00388	0.00451	0.00415	0.00523	0.00377	0.00318	0.02300	0.04482	0.09609	0.31316	0.01731	0.01733	0.00517	0.00318	0.00095	0.00183	0.00435	0.43748	0.00364
62	0.01126	0.04958	0.01951	0.01299	0.30716	0.48925	0.00802	0.01262	0.00898	0.04064	0.00603	0.00723	0.00496	0.00339	0.00320	0.00094	0.00525	0.00256	0.00183	0.00462
63	0.07274	0.00640	0.00743	0.00550	0.00840	0.00539	0.00445	0.07494	0.00831	0.18013	0.00769	0.00805	0.00576	0.00307	0.00278	0.00070	0.00274	0.00240	0.00260	0.59052
64	0.00567	0.00470	0.00515	0.00481	0.00575	0.06992	0.00362	0.00759	0.04612	0.01346	0.75334	0.02374	0.02947	0.00669	0.00398	0.00108	0.00203	0.00584	0.00363	0.00341
65	0.00703	0.00663	0.00955	0.00852	0.00888	0.00867	0.03849	0.00810	0.00614	0.00898	0.00846	0.01637	0.00883	0.00690	0.00924	0.00152	0.59780	0.23427	0.00199	0.00365
66	0.00855	0.00819	0.01388	0.02088	0.83778	0.00822	0.01049	0.01078	0.02701	0.01136	0.00667	0.00865	0.00559	0.00311	0.00342	0.00103	0.00407	0.00310	0.00175	0.00547
67	0.00737	0.00730	0.01054	0.16789	0.01178	0.01005	0.00793	0.00841	0.00559	0.00841	0.00483	0.00786	0.00455	0.00557	0.00988	0.00145	0.71226	0.00303	0.00152	0.00379
68	0.00652	0.00614	0.01036	0.87029	0.02379	0.00768	0.00959	0.00883	0.00691	0.00883	0.00614	0.00921	0.00461	0.00345	0.00345	0.00115	0.00461	0.00307	0.00154	0.00384
69	0.00693	0.01787	0.86069	0.00985	0.01495	0.00802	0.01276	0.01094	0.00729	0.01094	0.00620	0.00729	0.00438	0.00328	0.00328	0.00109	0.00511	0.00255	0.00146	0.00511
70	0.01164	0.00645	0.01682	0.00583	0.00790	0.03311	0.00478	0.22623	0.01061	0.32332	0.01129	0.01166	0.00806	0.00426	0.00316	0.00099	0.00288	0.02357	0.28254	0.00491
71	0.00652	0.00614	0.01036	0.87029	0.02379	0.00768	0.00959	0.00883	0.00691	0.00883	0.00614	0.00921	0.00461	0.00345	0.00345	0.00115	0.00461	0.00307	0.00154	0.00384
72	0.90299	0.00668	0.00508	0.00454	0.00668	0.00775	0.00374	0.01015	0.00588	0.01550	0.00481	0.00561	0.00374	0.00321	0.00214	0.00107	0.00267	0.00187	0.00214	0.00374
73	0.00421	0.00301	0.00401	0.00481	0.00501	0.00281	0.00321	0.00481	0.00661	0.00882	0.01904	0.87634	0.02285	0.01082	0.00441	0.00140	0.00200	0.00982	0.00321	0.00281
74	0.00859	0.00742	0.00781	0.00703	0.00898	0.00859	0.00547	0.01836	0.85080	0.01445	0.01406	0.01289	0.01055	0.00469	0.00352	0.00117	0.00273	0.00391	0.00352	0.00547
75	0.06694	0.00783	0.00877	0.00683	0.00946	0.05184	0.00561	0.31079	0.01190	0.46775	0.01078	0.00988	0.00710	0.00413	0.00337	0.00105	0.00340	0.00319	0.00373	0.00565
76	0.05724	0.00678	0.04459	0.00627	0.00857	0.00646	0.00523	0.03361	0.31004	0.35159	0.03653	0.01408	0.09395	0.00484	0.00349	0.00112	0.00281	0.00395	0.00363	0.00522
77	0.65582	0.00722	0.00621	0.00537	0.00758	0.00830	0.00438	0.13494	0.11641	0.01629	0.00652	0.00695	0.00493	0.00354	0.00251	0.00108	0.00285	0.00232	0.00251	0.00428
78	0.00817	0.00782	0.01333	0.18175	0.69949	0.00811	0.01041	0.01027	0.00768	0.01082	0.00643	0.00867	0.00531	0.00315	0.00343	0.00105	0.00420	0.00308	0.00168	0.00516
79	0.00834	0.00800	0.01376	0.11945	0.63550	0.00818	0.08190	0.01089	0.05153	0.01868	0.00695	0.00895	0.00564	0.00320	0.00349	0.00106	0.00423	0.00321	0.00181	0.00521
80	0.01318	0.01098	0.01015	0.00808	0.01063	0.19341	0.00653	0.63520	0.01461	0.05144	0.00787	0.00799	0.00567	0.00403	0.00338	0.00101	0.00429	0.00293	0.00313	0.00547
81	0.00652	0.00614	0.01036	0.87029	0.02379	0.00768	0.00959	0.00883	0.00691	0.00883	0.00614	0.00921	0.00461	0.00345	0.00345	0.00115	0.00461	0.00307	0.00154	0.00384
82	0.90299	0.00668	0.00508	0.00454	0.00668	0.00775	0.00374	0.01015	0.00588	0.01550	0.00481	0.00561	0.00374	0.00321	0.00214	0.00107	0.00267	0.00187	0.00214	0.00374
83	0.00434	0.00340	0.00441	0.00474	0.00533	0.00312	0.02634	0.00510	0.00706	0.00909	0.03331	0.57326	0.27566	0.00986	0.00440	0.00132	0.01447	0.00875	0.00315	0.00291

[dist]
# distance from previous block
# <min> <max>
0	1

[block]
# block no. 4 follows, 81 sequences, length 10
# corresponding to MSA columns:
# 233-242
name=unknown_E
#
# <colnr> <probs for GDERKNQSTAVLIFYWHMCP>
#	G	D	E	R	K	N	Q	S	T	A	V	L	I	F	Y	W	H	M	C	P
0	0.49990	0.01077	0.00772	0.00679	0.00885	0.35450	0.04532	0.01167	0.00757	0.01244	0.00513	0.00604	0.00410	0.00334	0.00263	0.00100	0.00426	0.00212	0.00197	0.00389
1	0.00839	0.00807	0.01364	0.06403	0.76626	0.00832	0.01038	0.01038	0.00767	0.01099	0.00637	0.00853	0.00537	0.00327	0.00387	0.00106	0.05335	0.00307	0.00169	0.00529
2	0.81538	0.00698	0.00560	0.00488	0.00708	0.00804	0.00402	0.09241	0.00690	0.01612	0.00515	0.00588	0.00395	0.00330	0.00227	0.00107	0.00278	0.00199	0.00227	0.00395
3	0.00800	0.00747	0.00945	0.00806	0.00872	0.03844	0.00663	0.12284	0.00731	0.01042	0.02747	0.01041	0.07213	0.00708	0.06166	0.00162	0.56336	0.00344	0.00201	0.02349
4	0.09751	0.00682	0.01039	0.39424	0.26595	0.00767	0.00854	0.07362	0.00778	0.01122	0.00734	0.08023	0.00638	0.00398	0.00339	0.00112	0.00399	0.00351	0.00193	0.00438
5	0.00607	0.00466	0.00617	0.00576	0.00636	0.00544	0.00437	0.08878	0.00644	0.00908	0.00901	0.01459	0.00886	0.23338	0.46911	0.00408	0.10871	0.00389	0.00203	0.00319
6	0.01203	0.01365	0.00947	0.00845	0.01020	0.60059	0.00647	0.03465	0.13111	0.06209	0.00712	0.00769	0.00562	0.00397	0.00384	0.00099	0.07286	0.00263	0.00220	0.00436
7	0.00926	0.00996	0.01294	0.01554	0.43292	0.19435	0.07841	0.01087	0.00779	0.01005	0.00589	0.00791	0.00504	0.00377	0.00501	0.00111	0.17979	0.00297	0.00169	0.00475
8	0.00881	0.00744	0.00824	0.00727	0.00922	0.03392	0.04109	0.08178	0.58779	0.03826	0.01416	0.01540	0.03944	0.00514	0.00366	0.00119	0.00307	0.08562	0.00336	0.00512
9	0.00817	0.00735	0.00965	0.05587	0.12508	0.06971	0.10922	0.03345	0.12504	0.06355	0.01317	0.01358	0.16296	0.00438	0.00345	0.00099	0.00349	0.00385	0.00251	0.18455

[dist]
# distance from previous block
# <min> <max>
0	3

[block]
# block no. 5 follows, 81 sequences, length 16
# corresponding to MSA columns:
# 246-261
name=unknown_F
#
# <colnr> <probs for GDERKNQSTAVLIFYWHMCP>
#	G	D	E	R	K	N	Q	S	T	A	V	L	I	F	Y	W	H	M	C	P
0	0.03727	0.00630	0.01019	0.56010	0.10141	0.00723	0.04737	0.03233	0.00762	0.04559	0.05192	0.01145	0.05893	0.00395	0.00351	0.00113	0.00413	0.00352	0.00197	0.00409
1	0.00772	0.00719	0.01015	0.61416	0.05937	0.07576	0.00873	0.07253	0.00781	0.02416	0.00648	0.00909	0.00499	0.00465	0.03972	0.01723	0.02144	0.00304	0.00177	0.00404
2	0.01192	0.00758	0.01065	0.01146	0.26698	0.00788	0.00737	0.18567	0.01002	0.32289	0.00923	0.00955	0.00656	0.00410	0.00443	0.00110	0.11091	0.00322	0.00298	0.00550
3	0.00864	0.00646	0.00686	0.00614	0.00783	0.02904	0.00478	0.01503	0.51185	0.09623	0.05611	0.01389	0.04283	0.00481	0.00356	0.00110	0.02358	0.00393	0.15247	0.00485
4	0.00584	0.00306	0.00450	0.00450	0.00460	0.00307	0.00305	0.00461	0.00474	0.00628	0.00771	0.01187	0.05114	0.01257	0.05836	0.80428	0.00327	0.00326	0.00161	0.00166
5	0.00753	0.00710	0.01200	0.29985	0.51321	0.00759	0.00967	0.00955	0.00745	0.01028	0.00740	0.07913	0.00660	0.00383	0.00351	0.00110	0.00410	0.00362	0.00177	0.00472
6	0.00744	0.00730	0.01114	0.52341	0.27173	0.06279	0.00942	0.00951	0.00740	0.00955	0.00714	0.02506	0.02627	0.00361	0.00345	0.00110	0.00444	0.00324	0.00167	0.00430
7	0.00798	0.00843	0.01072	0.21997	0.01342	0.14346	0.08111	0.00953	0.02718	0.00889	0.00656	0.07127	0.00608	0.00506	0.00678	0.00128	0.36314	0.00352	0.00175	0.00388
8	0.01187	0.06091	0.01042	0.00871	0.01057	0.71118	0.05102	0.01294	0.00956	0.00897	0.06741	0.00779	0.00654	0.00375	0.00319	0.00091	0.00574	0.00260	0.00191	0.00401
9	0.00859	0.00742	0.00781	0.00703	0.00898	0.00859	0.00547	0.01836	0.85080	0.01445	0.01406	0.01289	0.01055	0.00469	0.00352	0.00117	0.00273	0.00391	0.00352	0.00547
10	0.00510	0.00445	0.02748	0.00614	0.00700	0.00408	0.09338	0.00686	0.07889	0.00982	0.05534	0.64960	0.01991	0.00910	0.00425	0.00134	0.00253	0.00836	0.00306	0.00331
11	0.01189	0.00967	0.01131	0.00887	0.02686	0.06546	0.11253	0.61860	0.01425	0.01887	0.06025	0.00938	0.00735	0.00411	0.00355	0.00105	0.00409	0.00337	0.00312	0.00543
12	0.00429	0.00307	0.00412	0.00484	0.00506	0.00295	0.00326	0.00493	0.00648	0.00868	0.01799	0.77906	0.02137	0.04058	0.07385	0.00180	0.00263	0.00917	0.00306	0.00280
13	0.00673	0.00562	0.00975	0.35036	0.06843	0.00616	0.11750	0.00771	0.00627	0.00837	0.00619	0.00952	0.00525	0.00637	0.00718	0.31535	0.02177	0.00314	0.00158	0.03675
14	0.00665	0.00627	0.01059	0.81781	0.07529	0.00771	0.00966	0.00894	0.00697	0.00898	0.00616	0.00917	0.00466	0.00343	0.00345	0.00114	0.00457	0.00307	0.00155	0.00394
15	0.00494	0.00368	0.00542	0.00542	0.00599	0.00425	0.00416	0.00609	0.00551	0.00792	0.00937	0.01423	0.00892	0.08813	0.80308	0.00539	0.00882	0.00380	0.00187	0.00301

[dist]
# distance from previous block
# <min> <max>
0	2

# created by:
# /home/cegg/simao/soft/augustus-3.2.1/scripts/msa2prfl.pl ./align_prep/EOG092C4JEJ.fa
