[name]
unknown

[dist]
# distance from previous block
# <min> <max>
0	5

[block]
# block no. 0 follows, 70 sequences, length 30
# corresponding to MSA columns:
# 27-56
name=unknown_A
#
# <colnr> <probs for GDERKNQSTAVLIFYWHMCP>
#	G	D	E	R	K	N	Q	S	T	A	V	L	I	F	Y	W	H	M	C	P
0	0.03587	0.00642	0.00776	0.02328	0.04879	0.00695	0.00569	0.06699	0.28797	0.08104	0.01557	0.23727	0.01461	0.00955	0.09119	0.00188	0.00384	0.04688	0.00352	0.00492
1	0.17743	0.00923	0.00910	0.00779	0.01004	0.09557	0.03812	0.15439	0.30032	0.02823	0.04800	0.03753	0.03706	0.00513	0.00391	0.00125	0.02426	0.00402	0.00331	0.00531
2	0.00648	0.00412	0.00529	0.00565	0.03008	0.03139	0.00361	0.00577	0.00598	0.00779	0.01117	0.15901	0.03727	0.15777	0.01315	0.50241	0.00336	0.00518	0.00220	0.00232
3	0.00957	0.00927	0.01602	0.02281	0.75883	0.00926	0.06739	0.01219	0.03337	0.01275	0.00758	0.00980	0.00629	0.00350	0.00389	0.00117	0.00469	0.00356	0.00198	0.00608
4	0.01165	0.39523	0.04749	0.05206	0.08589	0.08974	0.02215	0.04269	0.01849	0.15172	0.00780	0.00842	0.00606	0.00374	0.00318	0.00099	0.00440	0.00278	0.00239	0.04315
5	0.00464	0.00392	0.00402	0.00402	0.00528	0.00329	0.00301	0.00567	0.00894	0.01079	0.09038	0.05465	0.76867	0.00975	0.00459	0.00131	0.00196	0.00817	0.00364	0.00329
6	0.01155	0.00782	0.03162	0.00799	0.01130	0.00658	0.12138	0.02876	0.07644	0.28881	0.01059	0.01064	0.00753	0.00381	0.00358	0.00097	0.00364	0.00336	0.00323	0.36040
7	0.00835	0.00698	0.00801	0.00612	0.00915	0.00595	0.00485	0.01187	0.16807	0.02815	0.06234	0.01072	0.00898	0.00369	0.00321	0.00077	0.00285	0.00303	0.00279	0.64411
8	0.00537	0.00396	0.00502	0.00475	0.00572	0.00361	0.00357	0.00709	0.01070	0.01489	0.73447	0.03004	0.14005	0.00817	0.00457	0.00123	0.00185	0.00716	0.00418	0.00361
9	0.00924	0.00685	0.00816	0.00589	0.00928	0.00524	0.00474	0.01094	0.00843	0.11944	0.00797	0.00870	0.00624	0.00312	0.00300	0.00065	0.00293	0.00250	0.00262	0.77405
10	0.01021	0.04666	0.02169	0.00780	0.01035	0.05949	0.00626	0.09862	0.53597	0.01575	0.01269	0.01213	0.00963	0.00467	0.00369	0.00115	0.00348	0.00376	0.00345	0.13253
11	0.01499	0.00862	0.01063	0.00822	0.01108	0.02796	0.04682	0.31799	0.02808	0.40096	0.04814	0.01204	0.00927	0.00486	0.00422	0.00121	0.03067	0.00388	0.00412	0.00627
12	0.01258	0.03750	0.01527	0.01182	0.03443	0.25847	0.28795	0.14818	0.04249	0.10045	0.00853	0.00953	0.00633	0.00395	0.00397	0.00116	0.00571	0.00360	0.00265	0.00543
13	0.00907	0.41469	0.42260	0.00885	0.01330	0.01199	0.01037	0.01233	0.04410	0.01098	0.00661	0.00754	0.00524	0.00358	0.00314	0.00105	0.00487	0.00256	0.00175	0.00539
14	0.00557	0.00378	0.00449	0.00472	0.00485	0.00374	0.00296	0.00586	0.00626	0.00832	0.01450	0.15262	0.01672	0.64290	0.01595	0.00322	0.00351	0.09475	0.00267	0.00260
15	0.00478	0.00348	0.00450	0.00520	0.00560	0.00321	0.00354	0.00559	0.00789	0.01046	0.09645	0.70005	0.11193	0.01152	0.00488	0.00151	0.00218	0.01036	0.00366	0.00321
16	0.01036	0.86609	0.02032	0.00663	0.00995	0.01534	0.00663	0.01161	0.00788	0.00912	0.00539	0.00622	0.00498	0.00332	0.00249	0.00083	0.00415	0.00207	0.00166	0.00498
17	0.00470	0.00393	0.00409	0.00405	0.00531	0.00332	0.00304	0.00579	0.00911	0.01112	0.14046	0.03625	0.73641	0.00958	0.00458	0.00130	0.00195	0.00803	0.00368	0.00332
18	0.00561	0.00401	0.00509	0.00479	0.00580	0.00365	0.00360	0.00732	0.01069	0.03211	0.71220	0.02976	0.14461	0.00812	0.00456	0.00123	0.00188	0.00710	0.00419	0.00367
19	0.00472	0.00337	0.00450	0.00540	0.00562	0.00315	0.00360	0.00540	0.00742	0.00990	0.02137	0.86122	0.02564	0.01215	0.00495	0.00157	0.00225	0.01102	0.00360	0.00315
20	0.01467	0.01299	0.01145	0.00922	0.01201	0.24618	0.00740	0.59949	0.01620	0.02025	0.00838	0.00866	0.00615	0.00447	0.00377	0.00112	0.00503	0.00321	0.00335	0.00601
21	0.05193	0.00762	0.01249	0.52799	0.27248	0.00869	0.01060	0.01092	0.00815	0.04239	0.00726	0.01002	0.00558	0.00377	0.00379	0.00124	0.00482	0.00340	0.00193	0.00495
22	0.00932	0.00804	0.00845	0.00763	0.00977	0.00923	0.00593	0.01963	0.77943	0.01585	0.01729	0.01594	0.06513	0.00555	0.00399	0.00131	0.00300	0.00463	0.00392	0.00595
23	0.00930	0.01053	0.02075	0.01517	0.01873	0.06352	0.70368	0.01245	0.02231	0.01223	0.00872	0.01257	0.00704	0.00386	0.00455	0.00132	0.00631	0.05978	0.00210	0.00508
24	0.00732	0.00689	0.01163	0.85444	0.02670	0.00861	0.01077	0.00991	0.00775	0.00991	0.00689	0.01034	0.00517	0.00388	0.00388	0.00129	0.00517	0.00345	0.00172	0.00431
25	0.00893	0.00858	0.01472	0.26159	0.58770	0.00905	0.03043	0.01134	0.00853	0.01187	0.00719	0.00983	0.00586	0.00357	0.00387	0.00120	0.00481	0.00348	0.00186	0.00559
26	0.00813	0.00681	0.00746	0.00713	0.00871	0.00765	0.00536	0.01594	0.57940	0.01428	0.01749	0.27426	0.01607	0.00737	0.00425	0.00139	0.00282	0.00642	0.00384	0.00522
27	0.00804	0.00689	0.00804	0.00574	0.00919	0.00517	0.00459	0.00976	0.00804	0.01263	0.00689	0.00804	0.00574	0.00287	0.00287	0.00057	0.00287	0.00230	0.00230	0.88745
28	0.00964	0.00833	0.00877	0.00789	0.01008	0.00964	0.00614	0.02060	0.83257	0.01622	0.01578	0.01446	0.01183	0.00526	0.00394	0.00131	0.00307	0.00438	0.00394	0.00614
29	0.00662	0.00601	0.01073	0.00847	0.01034	0.00559	0.26299	0.00887	0.01034	0.01441	0.55227	0.02337	0.05041	0.00651	0.00457	0.00125	0.00332	0.00628	0.00352	0.00414

[dist]
# distance from previous block
# <min> <max>
0	6

[block]
# block no. 1 follows, 70 sequences, length 219
# corresponding to MSA columns:
# 63-257,275-298
name=unknown_B
#
# <colnr> <probs for GDERKNQSTAVLIFYWHMCP>
#	G	D	E	R	K	N	Q	S	T	A	V	L	I	F	Y	W	H	M	C	P
0	0.00458	0.00393	0.00393	0.00393	0.00524	0.00327	0.00295	0.00556	0.00884	0.01047	0.03927	0.03731	0.83800	0.00982	0.00458	0.00131	0.00196	0.00818	0.00360	0.00327
1	0.06381	0.01005	0.01052	0.00846	0.01121	0.02297	0.00687	0.53834	0.23592	0.02136	0.01070	0.01047	0.00782	0.00478	0.00395	0.00121	0.01790	0.00363	0.00375	0.00626
2	0.00732	0.00689	0.01163	0.85444	0.02670	0.00861	0.01077	0.00991	0.00775	0.00991	0.00689	0.01034	0.00517	0.00388	0.00388	0.00129	0.00517	0.00345	0.00172	0.00431
3	0.00458	0.00393	0.00393	0.00393	0.00524	0.00327	0.00295	0.00556	0.00884	0.01047	0.03927	0.03731	0.83800	0.00982	0.00458	0.00131	0.00196	0.00818	0.00360	0.00327
4	0.00732	0.00689	0.01163	0.85444	0.02670	0.00861	0.01077	0.00991	0.00775	0.00991	0.00689	0.01034	0.00517	0.00388	0.00388	0.00129	0.00517	0.00345	0.00172	0.00431
5	0.10012	0.02086	0.01022	0.00821	0.02489	0.13856	0.03298	0.15622	0.01162	0.42291	0.01114	0.01056	0.00751	0.00448	0.00387	0.00117	0.02161	0.00342	0.00373	0.00592
6	0.00564	0.00376	0.00423	0.00423	0.00423	0.00376	0.00235	0.00564	0.00564	0.00752	0.01222	0.02537	0.01409	0.86375	0.01973	0.00376	0.00376	0.00564	0.00235	0.00235
7	0.00554	0.00415	0.00623	0.00623	0.00692	0.00485	0.00485	0.00692	0.00623	0.00900	0.01038	0.01523	0.00969	0.02908	0.84839	0.00623	0.01038	0.00415	0.00208	0.00346
8	0.02718	0.00594	0.00710	0.00728	0.00868	0.00645	0.00604	0.01271	0.31773	0.01340	0.01874	0.05336	0.03146	0.00853	0.00474	0.00158	0.00331	0.45759	0.00369	0.00453
9	0.00732	0.00689	0.01163	0.85444	0.02670	0.00861	0.01077	0.00991	0.00775	0.00991	0.00689	0.01034	0.00517	0.00388	0.00388	0.00129	0.00517	0.00345	0.00172	0.00431
10	0.00960	0.00921	0.01574	0.02380	0.83957	0.00921	0.01190	0.01190	0.00883	0.01267	0.00729	0.00960	0.00614	0.00345	0.00384	0.00115	0.00461	0.00345	0.00192	0.00614
11	0.00549	0.00396	0.00518	0.00488	0.00579	0.00366	0.00366	0.00732	0.01097	0.01555	0.83752	0.02896	0.03658	0.00793	0.00457	0.00122	0.00183	0.00701	0.00427	0.00366
12	0.00941	0.00896	0.01510	0.06858	0.75178	0.00910	0.01154	0.01200	0.03595	0.01261	0.00780	0.01044	0.00658	0.00367	0.00387	0.00118	0.00457	0.01885	0.00201	0.00599
13	0.00563	0.00380	0.00443	0.00443	0.00451	0.00387	0.00261	0.00577	0.00570	0.00767	0.01203	0.02433	0.01364	0.77784	0.10503	0.00401	0.00444	0.00549	0.00232	0.00246
14	0.02771	0.00828	0.00867	0.00779	0.00998	0.00957	0.00607	0.02934	0.79581	0.01631	0.01545	0.01424	0.01159	0.00521	0.00390	0.00131	0.00306	0.00432	0.01532	0.00607
15	0.06184	0.00939	0.02858	0.01289	0.05860	0.00885	0.44090	0.09126	0.01029	0.21249	0.00964	0.01074	0.00679	0.00382	0.00415	0.00125	0.00517	0.00407	0.01360	0.00566
16	0.00883	0.28793	0.52625	0.00985	0.01468	0.01100	0.05335	0.01218	0.00819	0.02512	0.00664	0.00776	0.00506	0.00356	0.00335	0.00110	0.00523	0.00272	0.00171	0.00548
17	0.23507	0.00837	0.00826	0.00715	0.00952	0.02309	0.00569	0.13303	0.41109	0.06948	0.01191	0.01145	0.00882	0.00467	0.00349	0.00124	0.00326	0.00359	0.03522	0.00562
18	0.00561	0.00375	0.00419	0.00422	0.00435	0.00370	0.00244	0.00577	0.00599	0.00806	0.01416	0.05321	0.06367	0.74870	0.01763	0.00342	0.00352	0.00588	0.03924	0.00248
19	0.03195	0.19149	0.12832	0.00741	0.01033	0.03449	0.00697	0.18176	0.08639	0.07560	0.10046	0.01292	0.05002	0.00485	0.00355	0.00111	0.00378	0.00377	0.05955	0.00530
20	0.00790	0.03017	0.78785	0.01153	0.04391	0.00911	0.03204	0.01226	0.00822	0.01225	0.00697	0.00826	0.00497	0.00366	0.00369	0.00122	0.00569	0.00291	0.00165	0.00572
21	0.00947	0.00908	0.01551	0.06946	0.79488	0.00918	0.01184	0.01179	0.00877	0.01251	0.00727	0.00964	0.00609	0.00348	0.00384	0.00116	0.00464	0.00345	0.00191	0.00604
22	0.00510	0.00356	0.00436	0.00485	0.00502	0.00341	0.00305	0.00551	0.00674	0.00893	0.01834	0.47619	0.05668	0.36728	0.01110	0.00247	0.00287	0.00865	0.00308	0.00282
23	0.20438	0.18722	0.10145	0.00926	0.03892	0.07686	0.11313	0.12334	0.07543	0.02501	0.00747	0.00833	0.00578	0.00382	0.00331	0.00113	0.00453	0.00296	0.00242	0.00525
24	0.01314	0.21957	0.04794	0.02289	0.02238	0.03259	0.08963	0.08208	0.02946	0.34850	0.01103	0.04653	0.00813	0.00449	0.00364	0.00113	0.00412	0.00370	0.00329	0.00576
25	0.00477	0.00402	0.00415	0.00420	0.00546	0.00345	0.00316	0.00600	0.02798	0.01068	0.04831	0.07816	0.74399	0.00983	0.00461	0.00133	0.00205	0.03091	0.00362	0.00335
26	0.00476	0.00349	0.00447	0.00515	0.00558	0.00320	0.00351	0.00556	0.00787	0.01038	0.08138	0.68536	0.14203	0.01152	0.00487	0.00151	0.00218	0.01033	0.00365	0.00320
27	0.01090	0.23517	0.16450	0.01146	0.15349	0.01160	0.03723	0.23065	0.04952	0.02493	0.00773	0.00865	0.00601	0.00397	0.00374	0.00111	0.02802	0.00308	0.00245	0.00581
28	0.35234	0.04057	0.27198	0.01912	0.01175	0.00951	0.00825	0.15986	0.03050	0.05243	0.00731	0.00800	0.00532	0.00391	0.00320	0.00119	0.00417	0.00275	0.00254	0.00530
29	0.00564	0.00376	0.00423	0.00423	0.00423	0.00376	0.00235	0.00564	0.00564	0.00752	0.01222	0.02537	0.01409	0.86375	0.01973	0.00376	0.00376	0.00564	0.00235	0.00235
30	0.00804	0.00689	0.00804	0.00574	0.00919	0.00517	0.00459	0.00976	0.00804	0.01263	0.00689	0.00804	0.00574	0.00287	0.00287	0.00057	0.00287	0.00230	0.00230	0.88745
31	0.00870	0.00916	0.01003	0.30436	0.12241	0.20899	0.00812	0.01052	0.00914	0.01076	0.07617	0.01669	0.14338	0.00542	0.00401	0.00122	0.00469	0.03950	0.00239	0.00434
32	0.00477	0.00359	0.00444	0.00508	0.00564	0.00326	0.00356	0.00560	0.00793	0.01021	0.03639	0.58464	0.24724	0.01139	0.00486	0.00151	0.00223	0.05085	0.00361	0.00321
33	0.01167	0.27719	0.04269	0.01018	0.01323	0.26274	0.20742	0.01365	0.02683	0.07523	0.00746	0.02141	0.00602	0.00381	0.00352	0.00106	0.00552	0.00317	0.00216	0.00504
34	0.01092	0.70080	0.04909	0.00733	0.01052	0.14697	0.00705	0.01225	0.00838	0.00930	0.00554	0.00641	0.00498	0.00344	0.00269	0.00087	0.00465	0.00217	0.00171	0.00493
35	0.00502	0.00403	0.00518	0.00512	0.00611	0.00359	0.03757	0.00619	0.00888	0.01151	0.21177	0.29541	0.36572	0.00986	0.00470	0.00137	0.00221	0.00867	0.00368	0.00340
36	0.00848	0.00848	0.01187	0.01018	0.01018	0.01187	0.00848	0.00933	0.00594	0.00933	0.00509	0.00848	0.00509	0.00679	0.01272	0.00170	0.85666	0.00339	0.00170	0.00424
37	0.00804	0.00689	0.00804	0.00574	0.00919	0.00517	0.00459	0.00976	0.00804	0.01263	0.00689	0.00804	0.00574	0.00287	0.00287	0.00057	0.00287	0.00230	0.00230	0.88745
38	0.00564	0.00376	0.00423	0.00423	0.00423	0.00376	0.00235	0.00564	0.00564	0.00752	0.01222	0.02537	0.01409	0.86375	0.01973	0.00376	0.00376	0.00564	0.00235	0.00235
39	0.00734	0.00689	0.00963	0.00868	0.00881	0.00918	0.00700	0.00821	0.00639	0.00954	0.02494	0.19835	0.01063	0.00991	0.08272	0.00205	0.57839	0.00522	0.00220	0.00392
40	0.01108	0.00865	0.01246	0.29986	0.25126	0.02324	0.00960	0.20624	0.01102	0.11595	0.00859	0.01018	0.00632	0.00406	0.00386	0.00121	0.00460	0.00350	0.00267	0.00565
41	0.01162	0.63596	0.01791	0.00719	0.01045	0.01427	0.00678	0.20782	0.01046	0.03650	0.00661	0.00716	0.00550	0.00368	0.00286	0.00092	0.00415	0.00247	0.00228	0.00541
42	0.00472	0.00337	0.00450	0.00540	0.00562	0.00315	0.00360	0.00540	0.00742	0.00990	0.02137	0.86122	0.02564	0.01215	0.00495	0.00157	0.00225	0.01102	0.00360	0.00315
43	0.00549	0.00393	0.00537	0.00625	0.00683	0.00381	0.00492	0.00673	0.00820	0.01076	0.02126	0.43543	0.03821	0.01138	0.00515	0.00168	0.00291	0.41475	0.00358	0.00336
44	0.01343	0.23407	0.01336	0.00913	0.01147	0.63635	0.00727	0.01450	0.01020	0.00939	0.00584	0.00679	0.00499	0.00382	0.00324	0.00096	0.00627	0.00239	0.00191	0.00462
45	0.00795	0.00662	0.00727	0.00664	0.00836	0.00728	0.00511	0.01528	0.51162	0.01556	0.27489	0.02077	0.08347	0.00645	0.00419	0.00128	0.00259	0.00550	0.00402	0.00514
46	0.00472	0.00337	0.00450	0.00540	0.00562	0.00315	0.00360	0.00540	0.00742	0.00990	0.02137	0.86122	0.02564	0.01215	0.00495	0.00157	0.00225	0.01102	0.00360	0.00315
47	0.00554	0.00415	0.00623	0.00623	0.00692	0.00485	0.00485	0.00692	0.00623	0.00900	0.01038	0.01523	0.00969	0.02908	0.84839	0.00623	0.01038	0.00415	0.00208	0.00346
48	0.00971	0.65089	0.22974	0.00776	0.01169	0.01373	0.00859	0.01178	0.00796	0.00992	0.00579	0.00672	0.00496	0.00341	0.00279	0.00093	0.00455	0.00227	0.00165	0.00517
49	0.01259	0.00807	0.01289	0.05260	0.47555	0.00779	0.00939	0.01459	0.00968	0.34178	0.01045	0.01106	0.00747	0.00401	0.00386	0.00118	0.00411	0.00363	0.00305	0.00624
50	0.01240	0.44665	0.01570	0.00829	0.01096	0.42747	0.00706	0.01352	0.00942	0.00930	0.00569	0.00660	0.00498	0.00365	0.00299	0.00091	0.00555	0.00228	0.00183	0.00474
51	0.00848	0.00848	0.01187	0.01018	0.01018	0.01187	0.00848	0.00933	0.00594	0.00933	0.00509	0.00848	0.00509	0.00679	0.01272	0.00170	0.85666	0.00339	0.00170	0.00424
52	0.00556	0.00396	0.00530	0.00532	0.00569	0.00432	0.00370	0.00631	0.00599	0.00836	0.01145	0.03862	0.01202	0.40220	0.45879	0.00502	0.00724	0.00497	0.00223	0.00296
53	0.00898	0.00858	0.01463	0.24824	0.61993	0.00905	0.01159	0.01136	0.00854	0.01192	0.00718	0.00980	0.00588	0.00357	0.00385	0.00119	0.00476	0.00345	0.00187	0.00565
54	0.00481	0.00378	0.00434	0.00453	0.00546	0.00332	0.00327	0.00588	0.00888	0.01135	0.19788	0.26417	0.44841	0.01008	0.00468	0.00136	0.00202	0.00873	0.00374	0.00332
55	0.01672	0.00768	0.00967	0.00741	0.01044	0.00731	0.00612	0.22435	0.01291	0.63423	0.01377	0.01221	0.00883	0.00476	0.00389	0.00119	0.00354	0.00379	0.00456	0.00660
56	0.00472	0.00337	0.00450	0.00540	0.00562	0.00315	0.00360	0.00540	0.00742	0.00990	0.02137	0.86122	0.02564	0.01215	0.00495	0.00157	0.00225	0.01102	0.00360	0.00315
57	0.60256	0.00744	0.00693	0.00580	0.00841	0.00806	0.00479	0.05852	0.00848	0.24448	0.00833	0.00836	0.00581	0.00399	0.00289	0.00120	0.00315	0.00267	0.00314	0.00499
58	0.01116	0.00950	0.01887	0.01368	0.01722	0.00901	0.57906	0.03706	0.02080	0.20017	0.00958	0.01103	0.00680	0.00380	0.00466	0.00129	0.03374	0.00435	0.00267	0.00556
59	0.00496	0.00368	0.00465	0.00504	0.00569	0.00336	0.00359	0.00606	0.00872	0.01163	0.25138	0.44838	0.17862	0.01049	0.00479	0.00143	0.00213	0.03828	0.00378	0.00333
60	0.01422	0.01199	0.01134	0.07852	0.01310	0.19760	0.00758	0.53428	0.01536	0.06509	0.00870	0.00909	0.00629	0.00445	0.00379	0.00114	0.00489	0.00329	0.00333	0.00594
61	0.00910	0.00801	0.00965	0.18294	0.05367	0.00932	0.00737	0.01776	0.60873	0.01467	0.01362	0.01388	0.01037	0.00498	0.00395	0.00131	0.00358	0.01799	0.00338	0.00572
62	0.01717	0.00653	0.00888	0.00683	0.00978	0.00565	0.00563	0.01868	0.01103	0.82399	0.01524	0.01322	0.00960	0.00479	0.00387	0.00119	0.00327	0.00389	0.02422	0.00653
63	0.00909	0.00872	0.01493	0.20642	0.64940	0.00909	0.02292	0.01147	0.00860	0.01205	0.00721	0.00977	0.00592	0.00354	0.00386	0.00118	0.00476	0.00347	0.00188	0.00572
64	0.03447	0.00865	0.01116	0.03884	0.01087	0.01132	0.00793	0.10490	0.14221	0.01243	0.00739	0.00955	0.00634	0.00610	0.00968	0.00154	0.56594	0.00353	0.00233	0.00482
65	0.00472	0.00337	0.00450	0.00540	0.00562	0.00315	0.00360	0.00540	0.00742	0.00990	0.02137	0.86122	0.02564	0.01215	0.00495	0.00157	0.00225	0.01102	0.00360	0.00315
66	0.00478	0.00394	0.00420	0.00415	0.00538	0.00336	0.00313	0.00593	0.00924	0.01144	0.18759	0.03586	0.67609	0.00948	0.00459	0.00130	0.00196	0.02051	0.00372	0.00335
67	0.00877	0.21289	0.57597	0.00971	0.01453	0.03795	0.01176	0.02278	0.00848	0.02592	0.03306	0.00845	0.00603	0.00378	0.00344	0.00113	0.00522	0.00283	0.00182	0.00548
68	0.00950	0.00968	0.01657	0.01252	0.01567	0.02831	0.45917	0.04409	0.30403	0.01408	0.01169	0.01262	0.03430	0.00425	0.00430	0.00130	0.00508	0.00454	0.00279	0.00552
69	0.00531	0.00396	0.00494	0.00469	0.00568	0.00358	0.00352	0.00698	0.01056	0.01456	0.68253	0.03058	0.19219	0.00829	0.00457	0.00124	0.00186	0.00724	0.00414	0.00358
70	0.09848	0.00879	0.02441	0.00761	0.01057	0.00890	0.00637	0.39370	0.01382	0.33571	0.01132	0.01069	0.00762	0.00459	0.00370	0.00117	0.00370	0.00351	0.03913	0.00623
71	0.00799	0.00757	0.01283	0.61064	0.26528	0.00879	0.01110	0.01049	0.00807	0.01072	0.00701	0.01012	0.00545	0.00375	0.00386	0.00125	0.00500	0.00345	0.00178	0.00484
72	0.01024	0.82457	0.06072	0.00685	0.01029	0.01503	0.00701	0.01164	0.00789	0.00928	0.00547	0.00632	0.00497	0.00333	0.00255	0.00085	0.00422	0.00211	0.00166	0.00501
73	0.00554	0.00415	0.00623	0.00623	0.00692	0.00485	0.00485	0.00692	0.00623	0.00900	0.01038	0.01523	0.00969	0.02908	0.84839	0.00623	0.01038	0.00415	0.00208	0.00346
74	0.00624	0.00478	0.00537	0.00508	0.00615	0.04342	0.00381	0.00816	0.03577	0.03131	0.57994	0.05933	0.12854	0.00778	0.00439	0.00122	0.00217	0.00675	0.05600	0.00377
75	0.00732	0.00689	0.01163	0.85444	0.02670	0.00861	0.01077	0.00991	0.00775	0.00991	0.00689	0.01034	0.00517	0.00388	0.00388	0.00129	0.00517	0.00345	0.00172	0.00431
76	0.00472	0.00337	0.00450	0.00540	0.00562	0.00315	0.00360	0.00540	0.00742	0.00990	0.02137	0.86122	0.02564	0.01215	0.00495	0.00157	0.00225	0.01102	0.00360	0.00315
77	0.00473	0.00346	0.00446	0.00525	0.00561	0.00318	0.00356	0.00546	0.00761	0.00999	0.02349	0.75037	0.12243	0.01185	0.00491	0.00155	0.00224	0.02309	0.00360	0.00317
78	0.00960	0.00921	0.01574	0.02380	0.83957	0.00921	0.01190	0.01190	0.00883	0.01267	0.00729	0.00960	0.00614	0.00345	0.00384	0.00115	0.00461	0.00345	0.00192	0.00614
79	0.00559	0.00394	0.00513	0.00513	0.00545	0.00425	0.00348	0.00622	0.00591	0.00819	0.01139	0.02079	0.01210	0.48636	0.39440	0.00488	0.00675	0.00497	0.00223	0.00285
80	0.69890	0.00748	0.00653	0.00558	0.00811	0.00830	0.00460	0.04669	0.00788	0.16471	0.00732	0.00765	0.00526	0.00386	0.00273	0.00120	0.00311	0.00248	0.00289	0.00473
81	0.00957	0.30889	0.02198	0.01295	0.01667	0.01173	0.53989	0.01214	0.00871	0.01127	0.00699	0.00898	0.00557	0.00328	0.00385	0.00114	0.00570	0.00370	0.00186	0.00514
82	0.01474	0.01086	0.01163	0.00892	0.01202	0.01202	0.00737	0.82664	0.01823	0.02443	0.00931	0.00931	0.00659	0.00465	0.00388	0.00116	0.00427	0.00349	0.00388	0.00659
83	0.00478	0.00341	0.00456	0.00546	0.00571	0.00320	0.00369	0.00549	0.00748	0.00996	0.02134	0.83199	0.02552	0.01209	0.00496	0.00158	0.00230	0.03971	0.00360	0.00316
84	0.00559	0.00394	0.00513	0.00513	0.00544	0.00425	0.00347	0.00622	0.00590	0.00818	0.01139	0.02081	0.01211	0.48825	0.39253	0.00487	0.00674	0.00497	0.00223	0.00285
85	0.00851	0.00921	0.01895	0.30865	0.02251	0.00939	0.54133	0.01154	0.00866	0.01154	0.00751	0.01042	0.00563	0.00348	0.00433	0.00130	0.00606	0.00418	0.00188	0.00491
86	0.00723	0.00361	0.00361	0.00361	0.00452	0.00361	0.00271	0.00903	0.00813	0.01445	0.01265	0.01445	0.00994	0.00452	0.00271	0.00090	0.00181	0.00361	0.88528	0.00361
87	0.00952	0.00914	0.01561	0.04950	0.81442	0.00919	0.01186	0.01184	0.00879	0.01258	0.00728	0.00962	0.00611	0.00347	0.00384	0.00116	0.00462	0.00345	0.00191	0.00608
88	0.00923	0.01046	0.02272	0.01624	0.02015	0.00983	0.81450	0.02336	0.00927	0.01258	0.00786	0.01044	0.00589	0.00329	0.00457	0.00131	0.00651	0.00456	0.00199	0.00525
89	0.00472	0.00337	0.00450	0.00540	0.00562	0.00315	0.00360	0.00540	0.00742	0.00990	0.02137	0.86122	0.02564	0.01215	0.00495	0.00157	0.00225	0.01102	0.00360	0.00315
90	0.00960	0.00921	0.01574	0.02380	0.83957	0.00921	0.01190	0.01190	0.00883	0.01267	0.00729	0.00960	0.00614	0.00345	0.00384	0.00115	0.00461	0.00345	0.00192	0.00614
91	0.00771	0.00724	0.01211	0.66514	0.17112	0.00858	0.01067	0.01036	0.02215	0.01068	0.03281	0.01085	0.00643	0.00395	0.00389	0.00126	0.00493	0.00357	0.00187	0.00465
92	0.01739	0.00660	0.00900	0.00690	0.00990	0.00570	0.00570	0.01889	0.01110	0.84226	0.01529	0.01320	0.00960	0.00480	0.00390	0.00120	0.00330	0.00390	0.00480	0.00660
93	0.04738	0.00663	0.00888	0.00684	0.00981	0.00580	0.00565	0.01864	0.01094	0.81395	0.01496	0.01296	0.00941	0.00476	0.00385	0.00120	0.00329	0.00384	0.00472	0.00652
94	0.00477	0.00340	0.00452	0.00540	0.00563	0.00318	0.00361	0.00544	0.00741	0.00987	0.02115	0.83015	0.02533	0.03091	0.00528	0.00163	0.00230	0.02331	0.00357	0.00314
95	0.89114	0.00750	0.00570	0.00510	0.00750	0.00870	0.00420	0.01140	0.00660	0.01739	0.00540	0.00630	0.00420	0.00360	0.00240	0.00120	0.00300	0.00210	0.00240	0.00420
96	0.00732	0.00689	0.01163	0.85444	0.02670	0.00861	0.01077	0.00991	0.00775	0.00991	0.00689	0.01034	0.00517	0.00388	0.00388	0.00129	0.00517	0.00345	0.00172	0.00431
97	0.00625	0.00446	0.00625	0.00714	0.00803	0.00446	0.00625	0.00803	0.00892	0.01160	0.02053	0.04373	0.02231	0.01071	0.00535	0.00178	0.00357	0.81348	0.00357	0.00357
98	0.01739	0.00660	0.00900	0.00690	0.00990	0.00570	0.00570	0.01889	0.01110	0.84226	0.01529	0.01320	0.00960	0.00480	0.00390	0.00120	0.00330	0.00390	0.00480	0.00660
99	0.00964	0.00833	0.00877	0.00789	0.01008	0.00964	0.00614	0.02060	0.83257	0.01622	0.01578	0.01446	0.01183	0.00526	0.00394	0.00131	0.00307	0.00438	0.00394	0.00614
100	0.00465	0.00387	0.00406	0.00414	0.00531	0.00328	0.00306	0.00565	0.00881	0.01071	0.08413	0.12323	0.70589	0.00995	0.00462	0.00133	0.00199	0.00841	0.00364	0.00328
101	0.00665	0.00453	0.00545	0.00557	0.00666	0.00451	0.00448	0.02052	0.08025	0.02440	0.17319	0.05702	0.11304	0.00807	0.00433	0.00136	0.00257	0.26582	0.20771	0.00385
102	0.00893	0.00854	0.01454	0.26511	0.60342	0.00904	0.01157	0.01132	0.00852	0.01186	0.00718	0.00981	0.00586	0.00358	0.00385	0.00119	0.00477	0.00345	0.00186	0.00561
103	0.00793	0.00751	0.01273	0.63098	0.24538	0.00877	0.01107	0.01044	0.00804	0.01065	0.00700	0.01014	0.00543	0.00376	0.00387	0.00125	0.00502	0.00345	0.00178	0.00480
104	0.00627	0.00584	0.01091	0.00921	0.01073	0.00547	0.29026	0.00785	0.00803	0.01078	0.01665	0.56449	0.01875	0.00905	0.00482	0.00148	0.00374	0.00877	0.00303	0.00387
105	0.00973	0.00923	0.01554	0.03487	0.80096	0.00930	0.01173	0.03875	0.00912	0.01302	0.00735	0.00960	0.00614	0.00350	0.00384	0.00115	0.00460	0.00346	0.00198	0.00613
106	0.03541	0.77130	0.04224	0.00708	0.01045	0.01472	0.03380	0.02981	0.00812	0.00989	0.00560	0.00648	0.00502	0.00336	0.00262	0.00087	0.00424	0.00221	0.00174	0.00502
107	0.00912	0.00741	0.00852	0.00623	0.00953	0.00620	0.00501	0.13784	0.00977	0.02493	0.03478	0.00899	0.00694	0.00334	0.00310	0.00070	0.00306	0.00266	0.00264	0.70923
108	0.00478	0.00340	0.00451	0.00538	0.00560	0.00319	0.00359	0.00544	0.00738	0.00983	0.02103	0.82027	0.02518	0.04283	0.00549	0.00166	0.00232	0.02145	0.00355	0.00313
109	0.01011	0.00658	0.05006	0.00681	0.00879	0.02592	0.03940	0.04857	0.03748	0.27409	0.23499	0.17635	0.04095	0.00707	0.00432	0.00129	0.00306	0.01529	0.00397	0.00488
110	0.00554	0.00414	0.00619	0.00619	0.00686	0.00482	0.00479	0.00689	0.00622	0.00897	0.01043	0.01546	0.00979	0.04768	0.82992	0.00618	0.01024	0.00419	0.00208	0.00344
111	0.00472	0.00337	0.00450	0.00540	0.00562	0.00315	0.00360	0.00540	0.00742	0.00990	0.02137	0.86122	0.02564	0.01215	0.00495	0.00157	0.00225	0.01102	0.00360	0.00315
112	0.00832	0.19751	0.67097	0.01012	0.01535	0.01033	0.01271	0.01214	0.00812	0.01162	0.00663	0.00777	0.00492	0.00361	0.00343	0.00114	0.00540	0.00270	0.00164	0.00557
113	0.00915	0.01046	0.02288	0.01634	0.02026	0.00980	0.82549	0.01242	0.00915	0.01242	0.00784	0.01046	0.00588	0.00327	0.00458	0.00131	0.00654	0.00458	0.00196	0.00523
114	0.00549	0.00396	0.00518	0.00488	0.00579	0.00366	0.00366	0.00732	0.01097	0.01555	0.83752	0.02896	0.03658	0.00793	0.00457	0.00122	0.00183	0.00701	0.00427	0.00366
115	0.00732	0.00689	0.01163	0.85444	0.02670	0.00861	0.01077	0.00991	0.00775	0.00991	0.00689	0.01034	0.00517	0.00388	0.00388	0.00129	0.00517	0.00345	0.00172	0.00431
116	0.00915	0.01046	0.02288	0.01634	0.02026	0.00980	0.82549	0.01242	0.00915	0.01242	0.00784	0.01046	0.00588	0.00327	0.00458	0.00131	0.00654	0.00458	0.00196	0.00523
117	0.00848	0.00848	0.01187	0.01018	0.01018	0.01187	0.00848	0.00933	0.00594	0.00933	0.00509	0.00848	0.00509	0.00679	0.01272	0.00170	0.85666	0.00339	0.00170	0.00424
118	0.00485	0.00357	0.00458	0.00533	0.00580	0.00330	0.00376	0.00569	0.00781	0.01016	0.02426	0.64271	0.16016	0.01162	0.00493	0.00155	0.00233	0.09079	0.00360	0.00321
119	0.54915	0.00835	0.00793	0.00650	0.00918	0.00929	0.01925	0.23000	0.01023	0.10677	0.00754	0.00791	0.00544	0.00400	0.00299	0.00119	0.00343	0.00270	0.00304	0.00511
120	0.00732	0.00689	0.01163	0.85444	0.02670	0.00861	0.01077	0.00991	0.00775	0.00991	0.00689	0.01034	0.00517	0.00388	0.00388	0.00129	0.00517	0.00345	0.00172	0.00431
121	0.00475	0.00339	0.00453	0.00543	0.00567	0.00317	0.00365	0.00544	0.00745	0.00993	0.02135	0.84681	0.02558	0.01212	0.00496	0.00158	0.00227	0.02517	0.00360	0.00316
122	0.00804	0.00689	0.00804	0.00574	0.00919	0.00517	0.00459	0.00976	0.00804	0.01263	0.00689	0.00804	0.00574	0.00287	0.00287	0.00057	0.00287	0.00230	0.00230	0.88745
123	0.02523	0.04549	0.01145	0.00844	0.01150	0.01072	0.02054	0.57624	0.04863	0.17000	0.01036	0.01004	0.00722	0.00458	0.00380	0.00115	0.00404	0.00352	0.00387	0.02317
124	0.00460	0.00393	0.00395	0.00394	0.00525	0.00328	0.00296	0.00559	0.00887	0.01056	0.05238	0.03717	0.82484	0.00979	0.00458	0.00131	0.00196	0.00816	0.00361	0.00328
125	0.01045	0.80287	0.04709	0.00692	0.01026	0.04982	0.00692	0.01179	0.00802	0.00924	0.00547	0.00632	0.00497	0.00336	0.00257	0.00085	0.00432	0.00212	0.00167	0.00498
126	0.00804	0.00689	0.00804	0.00574	0.00919	0.00517	0.00459	0.00976	0.00804	0.01263	0.00689	0.00804	0.00574	0.00287	0.00287	0.00057	0.00287	0.00230	0.00230	0.88745
127	0.01367	0.01661	0.01062	0.00961	0.01166	0.69001	0.00726	0.03174	0.15056	0.01091	0.00772	0.00830	0.00619	0.00422	0.00358	0.00106	0.00627	0.00284	0.00236	0.00481
128	0.00977	0.00830	0.00877	0.00787	0.01008	0.00958	0.00613	0.02057	0.81924	0.02962	0.01577	0.01444	0.01180	0.00525	0.00394	0.00131	0.00307	0.00438	0.00396	0.00614
129	0.00732	0.00689	0.01163	0.85444	0.02670	0.00861	0.01077	0.00991	0.00775	0.00991	0.00689	0.01034	0.00517	0.00388	0.00388	0.00129	0.00517	0.00345	0.00172	0.00431
130	0.00964	0.00833	0.00877	0.00789	0.01008	0.00964	0.00614	0.02060	0.83257	0.01622	0.01578	0.01446	0.01183	0.00526	0.00394	0.00131	0.00307	0.00438	0.00394	0.00614
131	0.00472	0.00337	0.00450	0.00540	0.00562	0.00315	0.00360	0.00540	0.00742	0.00990	0.02137	0.86122	0.02564	0.01215	0.00495	0.00157	0.00225	0.01102	0.00360	0.00315
132	0.00477	0.00343	0.00452	0.00531	0.00562	0.00319	0.00358	0.00553	0.00770	0.01028	0.07478	0.77923	0.05410	0.01179	0.00491	0.00154	0.00221	0.01066	0.00364	0.00319
133	0.00473	0.00393	0.00413	0.00408	0.00533	0.00334	0.00306	0.00585	0.00919	0.01131	0.17122	0.03593	0.70553	0.00951	0.00458	0.00129	0.00194	0.00799	0.00371	0.00334
134	0.00818	0.00408	0.00428	0.00405	0.00518	0.00407	0.00310	0.02899	0.02304	0.07481	0.01282	0.01424	0.00987	0.00455	0.00285	0.00094	0.00199	0.00364	0.78538	0.00394
135	0.89114	0.00750	0.00570	0.00510	0.00750	0.00870	0.00420	0.01140	0.00660	0.01739	0.00540	0.00630	0.00420	0.00360	0.00240	0.00120	0.00300	0.00210	0.00240	0.00420
136	0.00552	0.00408	0.00595	0.00598	0.00657	0.00467	0.00452	0.00673	0.00620	0.00886	0.01095	0.04429	0.01072	0.12318	0.72659	0.00580	0.00936	0.00455	0.00216	0.00332
137	0.00804	0.00689	0.00804	0.00574	0.00919	0.00517	0.00459	0.00976	0.00804	0.01263	0.00689	0.00804	0.00574	0.00287	0.00287	0.00057	0.00287	0.00230	0.00230	0.88745
138	0.01448	0.01848	0.01099	0.00999	0.01199	0.84819	0.00749	0.01548	0.01099	0.00949	0.00599	0.00699	0.00499	0.00400	0.00350	0.00100	0.00699	0.00250	0.00200	0.00449
139	0.00549	0.00396	0.00518	0.00488	0.00579	0.00366	0.00366	0.00732	0.01097	0.01555	0.83752	0.02896	0.03658	0.00793	0.00457	0.00122	0.00183	0.00701	0.00427	0.00366
140	0.89114	0.00750	0.00570	0.00510	0.00750	0.00870	0.00420	0.01140	0.00660	0.01739	0.00540	0.00630	0.00420	0.00360	0.00240	0.00120	0.00300	0.00210	0.00240	0.00420
141	0.00960	0.00921	0.01574	0.02380	0.83957	0.00921	0.01190	0.01190	0.00883	0.01267	0.00729	0.00960	0.00614	0.00345	0.00384	0.00115	0.00461	0.00345	0.00192	0.00614
142	0.01474	0.01086	0.01163	0.00892	0.01202	0.01202	0.00737	0.82664	0.01823	0.02443	0.00931	0.00931	0.00659	0.00465	0.00388	0.00116	0.00427	0.00349	0.00388	0.00659
143	0.01474	0.01086	0.01163	0.00892	0.01202	0.01202	0.00737	0.82664	0.01823	0.02443	0.00931	0.00931	0.00659	0.00465	0.00388	0.00116	0.00427	0.00349	0.00388	0.00659
144	0.00564	0.00376	0.00423	0.00423	0.00423	0.00376	0.00235	0.00564	0.00564	0.00752	0.01222	0.02537	0.01409	0.86375	0.01973	0.00376	0.00376	0.00564	0.00235	0.00235
145	0.00498	0.00366	0.00471	0.00534	0.00590	0.00339	0.00385	0.00596	0.00820	0.01077	0.10499	0.53956	0.15529	0.01117	0.00491	0.00153	0.00234	0.11651	0.00366	0.00327
146	0.01041	0.01154	0.01247	0.34339	0.23345	0.30160	0.00992	0.01237	0.00916	0.01048	0.00668	0.00898	0.00536	0.00381	0.00373	0.00115	0.00566	0.00312	0.00187	0.00485
147	0.01114	0.00907	0.01111	0.01292	0.29887	0.06553	0.00785	0.29302	0.01206	0.01694	0.00918	0.01048	0.00712	0.00416	0.00356	0.00109	0.00398	0.00344	0.21291	0.00558
148	0.00498	0.00394	0.00448	0.00435	0.00548	0.00344	0.00326	0.00634	0.00979	0.01273	0.39391	0.03360	0.48195	0.00898	0.00458	0.00127	0.00190	0.00766	0.00390	0.00344
149	0.01024	0.00862	0.00910	0.00801	0.01031	0.00992	0.00628	0.11507	0.73712	0.01718	0.01502	0.01386	0.01122	0.00519	0.00394	0.00130	0.00321	0.00428	0.00394	0.00619
150	0.00791	0.00749	0.01270	0.63856	0.23796	0.00877	0.01106	0.01042	0.00803	0.01062	0.00699	0.01014	0.00542	0.00377	0.00387	0.00126	0.00502	0.00345	0.00177	0.00478
151	0.01731	0.00674	0.00908	0.00696	0.00997	0.00591	0.00575	0.04546	0.01133	0.81536	0.01510	0.01307	0.00950	0.00479	0.00390	0.00120	0.00333	0.00389	0.00477	0.00660
152	0.01020	0.80200	0.06418	0.00708	0.01054	0.01488	0.02530	0.01166	0.00792	0.00936	0.00553	0.00642	0.00499	0.00334	0.00260	0.00086	0.00428	0.00217	0.00166	0.00502
153	0.00566	0.00414	0.00533	0.00500	0.00597	0.00391	0.00376	0.00787	0.04519	0.01557	0.80330	0.02836	0.03555	0.00781	0.00455	0.00122	0.00188	0.00690	0.00425	0.00376
154	0.00948	0.57316	0.27005	0.00794	0.01199	0.01299	0.00889	0.01173	0.00798	0.01023	0.00593	0.00689	0.00499	0.00341	0.00287	0.00094	0.00457	0.00232	0.00168	0.04196
155	0.00556	0.00449	0.03284	0.00508	0.00615	0.00383	0.00401	0.00748	0.01088	0.01544	0.81012	0.02827	0.03554	0.00779	0.00454	0.00122	0.00196	0.00687	0.00418	0.00373
156	0.00937	0.01071	0.05647	0.01595	0.03532	0.00962	0.74923	0.01262	0.00917	0.03979	0.00804	0.01044	0.00597	0.00334	0.00450	0.00130	0.00636	0.00446	0.00204	0.00531
157	0.00804	0.00689	0.00804	0.00574	0.00919	0.00517	0.00459	0.00976	0.00804	0.01263	0.00689	0.00804	0.00574	0.00287	0.00287	0.00057	0.00287	0.00230	0.00230	0.88745
158	0.00556	0.00414	0.00621	0.00621	0.00689	0.00482	0.00482	0.00689	0.00621	0.00895	0.01031	0.01516	0.00963	0.02876	0.83165	0.02393	0.01024	0.00414	0.00207	0.00343
159	0.01709	0.00661	0.00897	0.00686	0.00987	0.00568	0.00566	0.01859	0.01100	0.81489	0.01502	0.01303	0.00947	0.00473	0.00386	0.00118	0.00328	0.00385	0.00472	0.03566
160	0.00564	0.00376	0.00423	0.00423	0.00423	0.00376	0.00235	0.00564	0.00564	0.00752	0.01222	0.02537	0.01409	0.86375	0.01973	0.00376	0.00376	0.00564	0.00235	0.00235
161	0.00964	0.00833	0.00877	0.00789	0.01008	0.00964	0.00614	0.02060	0.83257	0.01622	0.01578	0.01446	0.01183	0.00526	0.00394	0.00131	0.00307	0.00438	0.00394	0.00614
162	0.00964	0.00833	0.00877	0.00789	0.01008	0.00964	0.00614	0.02060	0.83257	0.01622	0.01578	0.01446	0.01183	0.00526	0.00394	0.00131	0.00307	0.00438	0.00394	0.00614
163	0.00960	0.00921	0.01574	0.02380	0.83957	0.00921	0.01190	0.01190	0.00883	0.01267	0.00729	0.00960	0.00614	0.00345	0.00384	0.00115	0.00461	0.00345	0.00192	0.00614
164	0.01474	0.01086	0.01163	0.00892	0.01202	0.01202	0.00737	0.82664	0.01823	0.02443	0.00931	0.00931	0.00659	0.00465	0.00388	0.00116	0.00427	0.00349	0.00388	0.00659
165	0.00472	0.00337	0.00450	0.00540	0.00562	0.00315	0.00360	0.00540	0.00742	0.00990	0.02137	0.86122	0.02564	0.01215	0.00495	0.00157	0.00225	0.01102	0.00360	0.00315
166	0.00561	0.00388	0.00484	0.00484	0.00505	0.00409	0.00311	0.00603	0.00582	0.00797	0.01165	0.02227	0.01275	0.60827	0.27337	0.00452	0.00579	0.00518	0.00227	0.00269
167	0.00552	0.00396	0.00515	0.00485	0.00577	0.00366	0.00364	0.00735	0.01092	0.01552	0.82095	0.02867	0.03604	0.00786	0.00454	0.00121	0.00183	0.00694	0.02197	0.00366
168	0.89114	0.00750	0.00570	0.00510	0.00750	0.00870	0.00420	0.01140	0.00660	0.01739	0.00540	0.00630	0.00420	0.00360	0.00240	0.00120	0.00300	0.00210	0.00240	0.00420
169	0.00848	0.00848	0.01187	0.01018	0.01018	0.01187	0.00848	0.00933	0.00594	0.00933	0.00509	0.00848	0.00509	0.00679	0.01272	0.00170	0.85666	0.00339	0.00170	0.00424
170	0.00564	0.00385	0.00475	0.00511	0.00535	0.00381	0.00348	0.00614	0.00669	0.00885	0.01559	0.16944	0.01782	0.51100	0.01386	0.01598	0.00346	0.19357	0.00283	0.00276
171	0.01036	0.86609	0.02032	0.00663	0.00995	0.01534	0.00663	0.01161	0.00788	0.00912	0.00539	0.00622	0.00498	0.00332	0.00249	0.00083	0.00415	0.00207	0.00166	0.00498
172	0.00562	0.00427	0.00638	0.00634	0.00701	0.00503	0.00494	0.00699	0.00622	0.00901	0.01024	0.01505	0.00957	0.02849	0.82626	0.00611	0.03279	0.00413	0.00207	0.00348
173	0.00961	0.00930	0.01552	0.05039	0.79879	0.02391	0.01178	0.01190	0.00883	0.01252	0.00726	0.00957	0.00609	0.00348	0.00383	0.00115	0.00467	0.00344	0.00191	0.00605
174	0.00559	0.00418	0.00623	0.00630	0.00701	0.00482	0.00496	0.00701	0.00644	0.00921	0.01119	0.01750	0.01070	0.02761	0.78131	0.00588	0.00984	0.06855	0.00220	0.00347
175	0.00477	0.00341	0.00456	0.00546	0.00570	0.00319	0.00369	0.00548	0.00747	0.00995	0.02134	0.83450	0.02553	0.01210	0.00496	0.00158	0.00229	0.03725	0.00360	0.00316
176	0.00739	0.00696	0.01176	0.82874	0.05185	0.00863	0.01080	0.00997	0.00779	0.00999	0.00690	0.01031	0.00520	0.00386	0.00387	0.00129	0.00515	0.00345	0.00173	0.00436
177	0.00602	0.00364	0.00460	0.00460	0.00463	0.00367	0.00281	0.00549	0.00546	0.00731	0.01023	0.02021	0.01134	0.53242	0.05265	0.31199	0.00390	0.00478	0.00211	0.00216
178	0.00915	0.01046	0.02288	0.01634	0.02026	0.00980	0.82549	0.01242	0.00915	0.01242	0.00784	0.01046	0.00588	0.00327	0.00458	0.00131	0.00654	0.00458	0.00196	0.00523
179	0.02512	0.00545	0.00725	0.00597	0.00805	0.00485	0.00477	0.01375	0.01093	0.46883	0.35995	0.01973	0.02084	0.00609	0.00414	0.00120	0.00265	0.00517	0.01998	0.00528
180	0.00462	0.00393	0.00398	0.00397	0.00526	0.00329	0.00298	0.00564	0.00893	0.01069	0.07390	0.03695	0.80323	0.00974	0.00458	0.00131	0.00196	0.00813	0.00363	0.00329
181	0.01036	0.86609	0.02032	0.00663	0.00995	0.01534	0.00663	0.01161	0.00788	0.00912	0.00539	0.00622	0.00498	0.00332	0.00249	0.00083	0.00415	0.00207	0.00166	0.00498
182	0.00964	0.00833	0.00877	0.00789	0.01008	0.00964	0.00614	0.02060	0.83257	0.01622	0.01578	0.01446	0.01183	0.00526	0.00394	0.00131	0.00307	0.00438	0.00394	0.00614
183	0.00804	0.00689	0.00804	0.00574	0.00919	0.00517	0.00459	0.00976	0.00804	0.01263	0.00689	0.00804	0.00574	0.00287	0.00287	0.00057	0.00287	0.00230	0.00230	0.88745
184	0.89114	0.00750	0.00570	0.00510	0.00750	0.00870	0.00420	0.01140	0.00660	0.01739	0.00540	0.00630	0.00420	0.00360	0.00240	0.00120	0.00300	0.00210	0.00240	0.00420
185	0.00466	0.00392	0.00405	0.00404	0.00529	0.00330	0.00302	0.00571	0.00899	0.01091	0.10933	0.05475	0.74934	0.00970	0.00459	0.00131	0.00196	0.00814	0.00366	0.00330
186	0.00472	0.00337	0.00450	0.00540	0.00562	0.00315	0.00360	0.00540	0.00742	0.00990	0.02137	0.86122	0.02564	0.01215	0.00495	0.00157	0.00225	0.01102	0.00360	0.00315
187	0.01036	0.86609	0.02032	0.00663	0.00995	0.01534	0.00663	0.01161	0.00788	0.00912	0.00539	0.00622	0.00498	0.00332	0.00249	0.00083	0.00415	0.00207	0.00166	0.00498
188	0.00838	0.00804	0.01175	0.22485	0.01437	0.01091	0.00900	0.00969	0.00651	0.02785	0.00577	0.00906	0.00521	0.00600	0.01028	0.00158	0.62125	0.00342	0.00177	0.00431
189	0.00826	0.00688	0.00806	0.00577	0.00920	0.00518	0.00462	0.00997	0.00811	0.03195	0.00709	0.00816	0.00583	0.00292	0.00290	0.00059	0.00288	0.00233	0.00236	0.86695
190	0.00597	0.00463	0.00558	0.00603	0.00676	0.00480	0.00424	0.00926	0.21731	0.01150	0.01995	0.64584	0.02213	0.01039	0.00469	0.00151	0.00246	0.00933	0.00369	0.00391
191	0.00793	0.07104	0.79405	0.01078	0.01637	0.00939	0.01386	0.01224	0.00817	0.01209	0.00686	0.00807	0.00491	0.00366	0.00361	0.00120	0.00563	0.00282	0.00164	0.00568
192	0.00821	0.13556	0.68241	0.01076	0.01605	0.00992	0.06100	0.01219	0.00820	0.01185	0.00679	0.00805	0.00498	0.00361	0.00357	0.00118	0.00556	0.00286	0.00166	0.00560
193	0.00629	0.00455	0.00645	0.03843	0.00872	0.00462	0.00641	0.00810	0.00888	0.01154	0.02002	0.04250	0.02168	0.01046	0.00530	0.00177	0.00363	0.78356	0.00350	0.00360
194	0.01448	0.01848	0.01099	0.00999	0.01199	0.84819	0.00749	0.01548	0.01099	0.00949	0.00599	0.00699	0.00499	0.00400	0.00350	0.00100	0.00699	0.00250	0.00200	0.00449
195	0.01077	0.01080	0.00925	0.00833	0.01047	0.22275	0.00641	0.01887	0.59491	0.01444	0.02967	0.01276	0.01050	0.00496	0.00383	0.00122	0.00404	0.00393	0.00343	0.01868
196	0.00460	0.00393	0.00395	0.00394	0.00525	0.00328	0.00296	0.00559	0.00887	0.01056	0.05335	0.03716	0.82387	0.00978	0.00458	0.00131	0.00196	0.00816	0.00361	0.00328
197	0.00778	0.02005	0.84367	0.01105	0.01678	0.00900	0.01432	0.01228	0.00818	0.01228	0.00696	0.00818	0.00491	0.00368	0.00368	0.00123	0.00573	0.00286	0.00164	0.00573
198	0.00630	0.00456	0.00638	0.00721	0.00808	0.00463	0.00630	0.00806	0.00886	0.01155	0.02017	0.04291	0.02191	0.01062	0.00553	0.00178	0.02343	0.79462	0.00353	0.00359
199	0.00915	0.01046	0.02288	0.01634	0.02026	0.00980	0.82549	0.01242	0.00915	0.01242	0.00784	0.01046	0.00588	0.00327	0.00458	0.00131	0.00654	0.00458	0.00196	0.00523
200	0.01474	0.01086	0.01163	0.00892	0.01202	0.01202	0.00737	0.82664	0.01823	0.02443	0.00931	0.00931	0.00659	0.00465	0.00388	0.00116	0.00427	0.00349	0.00388	0.00659
201	0.00468	0.00393	0.00406	0.00403	0.00530	0.00331	0.00302	0.00575	0.00907	0.01102	0.12569	0.03641	0.75123	0.00961	0.00458	0.00130	0.00195	0.00806	0.00367	0.00331
202	0.00854	0.00716	0.00800	0.00737	0.00915	0.00828	0.00573	0.01685	0.60319	0.01434	0.01433	0.01466	0.01125	0.01130	0.21871	0.00256	0.00490	0.00431	0.02399	0.00540
203	0.01739	0.00660	0.00900	0.00690	0.00990	0.00570	0.00570	0.01889	0.01110	0.84226	0.01529	0.01320	0.00960	0.00480	0.00390	0.00120	0.00330	0.00390	0.00480	0.00660
204	0.00483	0.00384	0.00437	0.00472	0.00567	0.00338	0.00352	0.00583	0.00849	0.01051	0.04320	0.26456	0.50939	0.01054	0.00477	0.00144	0.00223	0.10185	0.00361	0.00328
205	0.01739	0.00660	0.00900	0.00690	0.00990	0.00570	0.00570	0.01889	0.01110	0.84226	0.01529	0.01320	0.00960	0.00480	0.00390	0.00120	0.00330	0.00390	0.00480	0.00660
206	0.00848	0.00848	0.01187	0.01018	0.01018	0.01187	0.00848	0.00933	0.00594	0.00933	0.00509	0.00848	0.00509	0.00679	0.01272	0.00170	0.85666	0.00339	0.00170	0.00424
207	0.00472	0.00338	0.00449	0.00537	0.00562	0.00315	0.00359	0.00540	0.00745	0.00991	0.02166	0.84781	0.03886	0.01211	0.00494	0.00157	0.00224	0.01097	0.00360	0.00315
208	0.00754	0.00711	0.01202	0.77612	0.10334	0.00867	0.01087	0.01009	0.00785	0.01017	0.00693	0.01027	0.00526	0.00384	0.00387	0.00128	0.00511	0.00345	0.00174	0.00448
209	0.01532	0.00992	0.01105	0.00847	0.01155	0.01063	0.00700	0.64872	0.01666	0.20457	0.01063	0.01016	0.00725	0.00469	0.00388	0.00117	0.00405	0.00358	0.00408	0.00659
210	0.01149	0.00519	0.00636	0.00539	0.00720	0.00494	0.00429	0.01355	0.04566	0.35874	0.06097	0.01462	0.01129	0.00491	0.00360	0.00108	0.02239	0.00396	0.40938	0.00498
