[name]
unknown

[dist]
# distance from previous block
# <min> <max>
0	51

[block]
# block no. 0 follows, 67 sequences, length 25
# corresponding to MSA columns:
# 166-184,187-192
name=unknown_A
#
# <colnr> <probs for GDERKNQSTAVLIFYWHMCP>
#	G	D	E	R	K	N	Q	S	T	A	V	L	I	F	Y	W	H	M	C	P
0	0.02005	0.02170	0.02913	0.19654	0.06368	0.00799	0.03912	0.10143	0.10033	0.03135	0.04895	0.03942	0.02879	0.00619	0.00445	0.00137	0.01640	0.17468	0.00303	0.06540
1	0.00827	0.00728	0.01202	0.77149	0.04654	0.00889	0.01086	0.03224	0.00848	0.04514	0.00757	0.01077	0.00560	0.00406	0.00401	0.00133	0.00523	0.00359	0.00198	0.00466
2	0.00944	0.00869	0.04260	0.03361	0.12753	0.05181	0.03145	0.10625	0.20856	0.02384	0.01209	0.08306	0.01063	0.05346	0.10833	0.00207	0.02601	0.01974	0.01792	0.02291
3	0.06232	0.01925	0.02477	0.07584	0.06282	0.06266	0.03208	0.11853	0.02171	0.08504	0.02314	0.24269	0.03275	0.03515	0.04293	0.01490	0.02974	0.00589	0.00311	0.00469
4	0.00832	0.00713	0.00832	0.00594	0.00950	0.00535	0.00475	0.01010	0.00832	0.01307	0.00713	0.00832	0.00594	0.00297	0.00297	0.00059	0.00297	0.00238	0.00238	0.88357
5	0.01348	0.01667	0.01040	0.00948	0.01140	0.70054	0.00712	0.01486	0.03050	0.01076	0.10643	0.01097	0.03103	0.00481	0.00379	0.00108	0.00636	0.00334	0.00244	0.00455
6	0.00484	0.00401	0.00424	0.00430	0.00551	0.00341	0.00318	0.00591	0.00921	0.01127	0.11334	0.11785	0.67868	0.01021	0.00478	0.00137	0.00205	0.00864	0.00379	0.00341
7	0.00494	0.00384	0.00450	0.00481	0.00566	0.00340	0.00343	0.00597	0.00891	0.01142	0.15639	0.35657	0.39427	0.01079	0.00489	0.00145	0.00213	0.00942	0.00383	0.00340
8	0.00493	0.00404	0.00435	0.00434	0.00555	0.00346	0.00323	0.00610	0.00949	0.01183	0.19529	0.08353	0.63009	0.00991	0.00476	0.00135	0.00202	0.00839	0.00386	0.00346
9	0.01030	0.00842	0.00892	0.00794	0.01020	0.00964	0.00620	0.06022	0.71958	0.03784	0.01579	0.01466	0.01180	0.00535	0.00400	0.00133	0.00317	0.00443	0.05397	0.00624
10	0.88738	0.00776	0.00589	0.00527	0.00776	0.00900	0.00434	0.01179	0.00683	0.01799	0.00558	0.00651	0.00434	0.00372	0.00248	0.00124	0.00310	0.00217	0.00248	0.00434
11	0.00998	0.00862	0.00907	0.00816	0.01043	0.00998	0.00635	0.02131	0.82679	0.01678	0.01632	0.01496	0.01224	0.00544	0.00408	0.00136	0.00317	0.00453	0.00408	0.00635
12	0.00832	0.00713	0.00832	0.00594	0.00950	0.00535	0.00475	0.01010	0.00832	0.01307	0.00713	0.00832	0.00594	0.00297	0.00297	0.00059	0.00297	0.00238	0.00238	0.88357
13	0.88738	0.00776	0.00589	0.00527	0.00776	0.00900	0.00434	0.01179	0.00683	0.01799	0.00558	0.00651	0.00434	0.00372	0.00248	0.00124	0.00310	0.00217	0.00248	0.00434
14	0.00836	0.00624	0.00681	0.00622	0.00782	0.00679	0.00479	0.04447	0.36542	0.01644	0.23692	0.01884	0.01849	0.00597	0.00393	0.00122	0.00254	0.00503	0.22869	0.00500
15	0.88738	0.00776	0.00589	0.00527	0.00776	0.00900	0.00434	0.01179	0.00683	0.01799	0.00558	0.00651	0.00434	0.00372	0.00248	0.00124	0.00310	0.00217	0.00248	0.00434
16	0.00993	0.00953	0.01628	0.02462	0.83404	0.00953	0.01231	0.01231	0.00913	0.01310	0.00754	0.00993	0.00635	0.00357	0.00397	0.00119	0.00476	0.00357	0.00199	0.00635
17	0.01188	0.00956	0.01014	0.00855	0.01116	0.01087	0.00681	0.31087	0.53412	0.01986	0.01390	0.01303	0.01028	0.00521	0.00406	0.00130	0.00362	0.00420	0.00406	0.00652
18	0.01042	0.00856	0.00914	0.00801	0.01028	0.00970	0.00628	0.16980	0.58167	0.01792	0.05462	0.05416	0.02973	0.00588	0.00416	0.00134	0.00328	0.00489	0.00406	0.00611
19	0.00889	0.00834	0.01082	0.00949	0.01015	0.01094	0.00771	0.03035	0.21249	0.01184	0.00957	0.08232	0.00886	0.00704	0.01000	0.00163	0.54773	0.00444	0.00256	0.00484
20	0.01245	0.00638	0.00732	0.00602	0.00813	0.00636	0.00484	0.19596	0.01171	0.26849	0.01314	0.01335	0.00939	0.00479	0.00345	0.00109	0.00292	0.00380	0.41504	0.00538
21	0.00915	0.03811	0.53756	0.01172	0.01668	0.00944	0.16048	0.05456	0.02999	0.05217	0.00860	0.03826	0.00650	0.00417	0.00402	0.00128	0.00565	0.00368	0.00216	0.00582
22	0.00814	0.00722	0.04642	0.03744	0.02466	0.02031	0.13504	0.09433	0.04845	0.04956	0.04945	0.33768	0.04214	0.02142	0.00494	0.00149	0.00381	0.05958	0.00335	0.00455
23	0.00493	0.00358	0.00466	0.00543	0.00580	0.00330	0.00368	0.00574	0.00804	0.01069	0.08050	0.73798	0.08669	0.01208	0.00506	0.00158	0.00227	0.01089	0.00377	0.00330
24	0.01202	0.00658	0.00985	0.00846	0.04824	0.00608	0.09850	0.05482	0.01090	0.36454	0.16270	0.10091	0.03503	0.00632	0.00436	0.00130	0.00345	0.02641	0.03407	0.00547

[dist]
# distance from previous block
# <min> <max>
2	24

[block]
# block no. 1 follows, 67 sequences, length 22
# corresponding to MSA columns:
# 217-238
name=unknown_B
#
# <colnr> <probs for GDERKNQSTAVLIFYWHMCP>
#	G	D	E	R	K	N	Q	S	T	A	V	L	I	F	Y	W	H	M	C	P
0	0.03369	0.02950	0.04231	0.02148	0.03641	0.02592	0.01756	0.04044	0.26996	0.05106	0.04923	0.06946	0.10521	0.00595	0.00457	0.00125	0.05739	0.00484	0.00330	0.13048
1	0.33465	0.16254	0.08522	0.02540	0.03837	0.02538	0.02402	0.03406	0.02651	0.05242	0.01866	0.01990	0.00619	0.00388	0.00306	0.00109	0.00384	0.00278	0.00244	0.12960
2	0.00563	0.00383	0.00515	0.00567	0.00608	0.00378	0.00397	0.00634	0.00735	0.02740	0.01859	0.48070	0.04164	0.11909	0.14461	0.04802	0.00406	0.06163	0.00323	0.00324
3	0.00953	0.01045	0.08486	0.20067	0.30935	0.05792	0.08497	0.01298	0.09259	0.02380	0.00825	0.01038	0.00650	0.00416	0.00469	0.00129	0.06620	0.00367	0.00216	0.00558
4	0.00878	0.00839	0.01141	0.00981	0.01037	0.03874	0.03760	0.03103	0.03237	0.02294	0.01993	0.01061	0.00694	0.01061	0.15354	0.00248	0.57417	0.00376	0.00206	0.00445
5	0.00514	0.00388	0.00469	0.00500	0.00568	0.00364	0.00350	0.00601	0.00797	0.01031	0.06885	0.30799	0.29234	0.13749	0.10385	0.00241	0.00343	0.02119	0.00339	0.00325
6	0.01426	0.08750	0.02798	0.00923	0.01190	0.40603	0.00744	0.27086	0.01323	0.04975	0.00792	0.00851	0.00608	0.00430	0.00363	0.00107	0.00560	0.00297	0.03249	0.02924
7	0.00516	0.00408	0.00465	0.00450	0.00568	0.00356	0.00338	0.00657	0.01013	0.01319	0.39606	0.03472	0.47550	0.00928	0.00474	0.00131	0.00197	0.00792	0.00403	0.00356
8	0.30723	0.01259	0.00964	0.00823	0.01078	0.28815	0.00652	0.24976	0.04416	0.01734	0.00739	0.00800	0.00565	0.00425	0.00337	0.00117	0.00487	0.00282	0.00285	0.00525
9	0.00989	0.43138	0.19032	0.01006	0.03621	0.02141	0.14456	0.01239	0.01825	0.02870	0.03704	0.00887	0.00671	0.00383	0.00362	0.00109	0.02524	0.00308	0.00197	0.00536
10	0.00542	0.00392	0.00468	0.00473	0.00534	0.00364	0.00321	0.00630	0.00853	0.01138	0.27447	0.16285	0.19501	0.26470	0.00971	0.01913	0.00262	0.00767	0.00351	0.00317
11	0.01021	0.00510	0.00681	0.00581	0.00755	0.00456	0.00456	0.01198	0.01140	0.31820	0.53151	0.02395	0.02757	0.00701	0.00447	0.00125	0.00245	0.00607	0.00462	0.00490
12	0.00989	0.00965	0.03232	0.06710	0.70886	0.00946	0.06274	0.01238	0.00913	0.02875	0.00771	0.01007	0.00633	0.00362	0.00402	0.00121	0.00492	0.00364	0.00203	0.00619
13	0.00952	0.20923	0.39752	0.01255	0.14209	0.01079	0.07353	0.03657	0.00896	0.03785	0.00754	0.02299	0.00594	0.00387	0.00366	0.00117	0.00525	0.00320	0.00197	0.00578
14	0.01022	0.01155	0.05501	0.21021	0.21863	0.20433	0.01016	0.02207	0.00881	0.01100	0.00675	0.00941	0.00568	0.01756	0.00604	0.00135	0.18093	0.00333	0.00193	0.00503
15	0.21250	0.21696	0.16290	0.01052	0.09975	0.12690	0.06551	0.01265	0.00848	0.01269	0.00633	0.00769	0.00515	0.00380	0.00358	0.00115	0.03358	0.00274	0.00199	0.00515
16	0.00697	0.00380	0.00412	0.00424	0.00505	0.00369	0.00304	0.00841	0.00818	0.03387	0.01629	0.17792	0.05708	0.07425	0.00478	0.00133	0.00216	0.00563	0.57558	0.00360
17	0.05364	0.00663	0.00913	0.00821	0.00870	0.00853	0.01848	0.00846	0.00653	0.01003	0.01002	0.05367	0.05127	0.05729	0.26726	0.00324	0.40835	0.00445	0.00215	0.00395
18	0.00955	0.26761	0.42593	0.00964	0.01409	0.04408	0.03176	0.05442	0.05445	0.01233	0.00752	0.00890	0.00594	0.03274	0.00405	0.00123	0.00522	0.00297	0.00200	0.00558
19	0.64346	0.02839	0.08790	0.00647	0.00936	0.00957	0.00586	0.09015	0.05980	0.01791	0.00681	0.00753	0.00517	0.00394	0.00286	0.00124	0.00353	0.00253	0.00264	0.00488
20	0.00679	0.00475	0.00668	0.01942	0.04108	0.00523	0.00479	0.04969	0.00684	0.00952	0.00989	0.01611	0.00969	0.17615	0.39737	0.20314	0.02308	0.00430	0.00219	0.00327
21	0.01102	0.68912	0.01870	0.00724	0.01034	0.09594	0.00681	0.05068	0.00895	0.01028	0.00678	0.05546	0.00646	0.00409	0.00289	0.00094	0.00447	0.00279	0.00197	0.00507

[dist]
# distance from previous block
# <min> <max>
0	2

[block]
# block no. 2 follows, 67 sequences, length 21
# corresponding to MSA columns:
# 241-250,263-273
name=unknown_C
#
# <colnr> <probs for GDERKNQSTAVLIFYWHMCP>
#	G	D	E	R	K	N	Q	S	T	A	V	L	I	F	Y	W	H	M	C	P
0	0.00958	0.23737	0.48333	0.01080	0.04440	0.04631	0.05637	0.01293	0.00871	0.04502	0.00714	0.00828	0.00540	0.00374	0.00355	0.00115	0.00546	0.00290	0.00188	0.00569
1	0.04756	0.09513	0.47370	0.02339	0.07579	0.02001	0.01120	0.02290	0.04783	0.04809	0.00835	0.01058	0.00664	0.08604	0.00527	0.00148	0.00511	0.00331	0.00211	0.00551
2	0.00656	0.00452	0.00656	0.14672	0.00955	0.00481	0.00502	0.00701	0.02460	0.00897	0.01093	0.16410	0.01137	0.09561	0.11466	0.32299	0.00450	0.00521	0.00230	0.04400
3	0.03644	0.18716	0.04114	0.01566	0.22235	0.04364	0.33308	0.02720	0.00920	0.01240	0.00742	0.00974	0.00606	0.00367	0.00408	0.00120	0.01818	0.01384	0.00201	0.00553
4	0.01333	0.00925	0.01007	0.00808	0.01078	0.01011	0.00656	0.47329	0.17474	0.10013	0.03571	0.01224	0.00946	0.00503	0.00391	0.00121	0.00372	0.00395	0.10212	0.00630
5	0.00753	0.00557	0.00770	0.00765	0.04589	0.01804	0.00550	0.04498	0.00693	0.02462	0.00921	0.04495	0.00898	0.07923	0.28688	0.24073	0.14573	0.00423	0.00218	0.00347
6	0.00582	0.07824	0.05110	0.00517	0.00688	0.00514	0.00439	0.00760	0.04513	0.01156	0.10232	0.07014	0.54229	0.00901	0.00452	0.00133	0.00255	0.03945	0.00352	0.00384
7	0.00556	0.00407	0.00521	0.00499	0.00593	0.00372	0.00372	0.00731	0.01098	0.01534	0.72318	0.07134	0.10650	0.00858	0.00475	0.00129	0.00193	0.00756	0.00432	0.00372
8	0.01149	0.70882	0.01927	0.00749	0.01067	0.16576	0.00702	0.01273	0.00873	0.00950	0.00569	0.00658	0.00515	0.00356	0.00276	0.00089	0.00482	0.00222	0.00178	0.00506
9	0.00847	0.15503	0.70774	0.01070	0.01623	0.01036	0.01355	0.01259	0.00842	0.01218	0.00694	0.00814	0.00509	0.00375	0.00361	0.00120	0.00567	0.00283	0.00170	0.00580
10	0.01022	0.71642	0.08139	0.08812	0.01249	0.01471	0.00787	0.01189	0.00816	0.00976	0.00585	0.00699	0.00516	0.00352	0.00280	0.00093	0.00451	0.00234	0.00172	0.00514
11	0.00954	0.00922	0.01596	0.15089	0.67352	0.00946	0.04858	0.01202	0.00898	0.01265	0.00751	0.01008	0.00619	0.00363	0.00401	0.00122	0.00494	0.00362	0.00196	0.00602
12	0.00496	0.00357	0.00470	0.00547	0.00582	0.00331	0.00370	0.00579	0.00810	0.01084	0.10269	0.74029	0.06184	0.01203	0.00506	0.00158	0.00227	0.01087	0.00379	0.00331
13	0.00500	0.00359	0.00476	0.00558	0.00591	0.00335	0.00381	0.00583	0.00802	0.01072	0.07818	0.75112	0.04524	0.01216	0.00510	0.00161	0.00234	0.04062	0.00377	0.00331
14	0.01065	0.77965	0.02056	0.00857	0.08940	0.01526	0.00739	0.01204	0.00824	0.00979	0.00576	0.00677	0.00526	0.00344	0.00271	0.00089	0.00433	0.00228	0.00174	0.00526
15	0.01073	0.01241	0.32549	0.00969	0.01340	0.00806	0.08734	0.07418	0.00977	0.20021	0.02882	0.02055	0.00813	0.00623	0.04640	0.03365	0.04333	0.01220	0.04381	0.00561
16	0.00494	0.00369	0.00460	0.00526	0.00582	0.00336	0.00366	0.00580	0.00823	0.01067	0.05673	0.59475	0.22531	0.01176	0.00503	0.00156	0.00229	0.03949	0.00375	0.00332
17	0.00822	0.01967	0.75933	0.01270	0.09579	0.00933	0.01458	0.01266	0.00853	0.01274	0.00723	0.00861	0.00520	0.00379	0.00383	0.00126	0.00582	0.00302	0.00172	0.00597
18	0.03337	0.13985	0.11085	0.00818	0.05345	0.04723	0.00705	0.06433	0.00961	0.11285	0.03149	0.02061	0.02620	0.00403	0.00339	0.00095	0.00391	0.00314	0.00268	0.31681
19	0.00797	0.32488	0.12284	0.00714	0.02389	0.00943	0.00665	0.01001	0.04311	0.01100	0.07276	0.14682	0.11404	0.04503	0.00471	0.00132	0.01963	0.02159	0.00264	0.00455
20	0.00621	0.01942	0.00609	0.00577	0.00689	0.00439	0.02459	0.00799	0.04622	0.04196	0.23521	0.26797	0.18563	0.02555	0.00508	0.00147	0.00254	0.07998	0.00383	0.02321

[dist]
# distance from previous block
# <min> <max>
1	30

[block]
# block no. 3 follows, 67 sequences, length 30
# corresponding to MSA columns:
# 309-338
name=unknown_D
#
# <colnr> <probs for GDERKNQSTAVLIFYWHMCP>
#	G	D	E	R	K	N	Q	S	T	A	V	L	I	F	Y	W	H	M	C	P
0	0.04203	0.05379	0.20510	0.08398	0.20093	0.01948	0.11951	0.07358	0.04270	0.05769	0.00850	0.01890	0.00656	0.00466	0.02566	0.00137	0.00522	0.00360	0.00234	0.02442
1	0.80259	0.00773	0.00622	0.00549	0.00800	0.00885	0.00451	0.01261	0.03796	0.06671	0.00660	0.00726	0.00497	0.00386	0.00263	0.00125	0.00312	0.00237	0.00269	0.00457
2	0.78965	0.00799	0.00662	0.00619	0.03397	0.02165	0.00484	0.01206	0.00710	0.04435	0.00598	0.00694	0.00463	0.00387	0.00294	0.00125	0.03063	0.00233	0.00252	0.00449
3	0.00875	0.00705	0.00767	0.01656	0.04606	0.11485	0.03494	0.04622	0.00941	0.06865	0.12254	0.05368	0.10482	0.07655	0.09190	0.03979	0.01442	0.00515	0.12684	0.00415
4	0.00498	0.00401	0.00443	0.00446	0.00560	0.00346	0.00330	0.00616	0.00950	0.01200	0.22454	0.12814	0.55542	0.00997	0.00478	0.00136	0.00203	0.00851	0.00389	0.00346
5	0.00506	0.00390	0.00462	0.00481	0.00571	0.00346	0.00347	0.00623	0.00934	0.01219	0.26660	0.28579	0.35376	0.01032	0.00485	0.00141	0.00208	0.00901	0.00393	0.00346
6	0.01072	0.86147	0.02102	0.00686	0.01029	0.01587	0.00686	0.01201	0.00815	0.00944	0.00558	0.00643	0.00515	0.00343	0.00257	0.00086	0.00429	0.00214	0.00172	0.00515
7	0.00707	0.00400	0.00588	0.00572	0.00574	0.00434	0.00398	0.00569	0.00536	0.00729	0.00705	0.01232	0.00708	0.03465	0.03723	0.75804	0.08118	0.00357	0.00177	0.00205
8	0.00877	0.00877	0.01228	0.01053	0.01053	0.01228	0.00877	0.00965	0.00614	0.00965	0.00526	0.00877	0.00526	0.00702	0.01316	0.00175	0.85172	0.00351	0.00175	0.00439
9	0.03108	0.06672	0.00913	0.00684	0.00922	0.00773	0.00557	0.12693	0.16249	0.27070	0.15426	0.01562	0.01431	0.00542	0.00390	0.00120	0.00314	0.00442	0.09561	0.00572
10	0.00940	0.00711	0.00611	0.00552	0.00705	0.13116	0.00423	0.07695	0.04481	0.01497	0.01149	0.01289	0.00901	0.00452	0.00309	0.00097	0.00302	0.00349	0.57849	0.06572
11	0.04578	0.57581	0.16013	0.00775	0.01145	0.03530	0.00809	0.06866	0.00899	0.01162	0.00637	0.00728	0.00537	0.00366	0.00292	0.00098	0.00454	0.00245	0.02754	0.00531
12	0.04297	0.00399	0.00477	0.00515	0.00589	0.00372	0.00367	0.00639	0.00864	0.01175	0.17380	0.40274	0.21318	0.05087	0.00559	0.00160	0.00235	0.04580	0.00373	0.00341
13	0.00586	0.00388	0.00440	0.00440	0.00440	0.00388	0.00246	0.00582	0.00582	0.00775	0.01248	0.02586	0.01437	0.83563	0.02028	0.02827	0.00388	0.00577	0.00241	0.00241
14	0.00892	0.00723	0.00846	0.00608	0.00961	0.00556	0.00488	0.03224	0.00873	0.04874	0.00757	0.00858	0.00613	0.00311	0.00304	0.00064	0.00303	0.00248	0.00253	0.82244
15	0.00825	0.01603	0.54393	0.03990	0.15166	0.00868	0.01264	0.01226	0.03116	0.02240	0.06886	0.01137	0.02940	0.00430	0.00393	0.00125	0.00516	0.00358	0.00211	0.02311
16	0.03399	0.06786	0.03463	0.50754	0.02130	0.03182	0.00976	0.21951	0.01089	0.01433	0.00760	0.00986	0.00567	0.00417	0.00385	0.00126	0.00504	0.00340	0.00238	0.00515
17	0.00630	0.00349	0.00504	0.00534	0.00541	0.00341	0.00356	0.00534	0.00601	0.00801	0.01179	0.28114	0.01320	0.01350	0.01231	0.60244	0.00311	0.00601	0.00237	0.00222
18	0.00540	0.00417	0.00454	0.00440	0.00562	0.00360	0.00322	0.00647	0.00915	0.03116	0.15837	0.05577	0.56627	0.09583	0.00628	0.00158	0.00226	0.00783	0.00370	0.02435
19	0.01072	0.86147	0.02102	0.00686	0.01029	0.01587	0.00686	0.01201	0.00815	0.00944	0.00558	0.00643	0.00515	0.00343	0.00257	0.00086	0.00429	0.00214	0.00172	0.00515
20	0.00489	0.00349	0.00465	0.00558	0.00582	0.00326	0.00372	0.00558	0.00768	0.01024	0.02210	0.85644	0.02653	0.01256	0.00512	0.00163	0.00233	0.01140	0.00372	0.00326
21	0.00649	0.00429	0.00557	0.00514	0.00626	0.00391	0.00389	0.00831	0.01125	0.07317	0.73502	0.02925	0.07593	0.00807	0.00468	0.00126	0.00201	0.00709	0.00442	0.00398
22	0.00577	0.00409	0.00516	0.00493	0.00592	0.00374	0.00368	0.00748	0.01077	0.02751	0.64483	0.07239	0.13958	0.00850	0.00467	0.00128	0.00195	0.00744	0.03656	0.00375
23	0.00565	0.00410	0.00532	0.00501	0.00597	0.00377	0.00376	0.00751	0.01128	0.01591	0.80637	0.03024	0.06349	0.00826	0.00473	0.00126	0.00190	0.00729	0.00439	0.00377
24	0.00490	0.00353	0.00464	0.00549	0.00580	0.00328	0.00369	0.00564	0.00784	0.01040	0.04112	0.79438	0.06980	0.01234	0.00509	0.00161	0.00230	0.01115	0.00374	0.00328
25	0.00799	0.00746	0.01201	0.70056	0.04268	0.00909	0.02990	0.01181	0.11614	0.01123	0.00837	0.01124	0.00630	0.00417	0.00404	0.00134	0.00508	0.00372	0.00210	0.00477
26	0.00933	0.00535	0.00597	0.00541	0.00697	0.00549	0.00419	0.01334	0.19797	0.13317	0.11936	0.01669	0.01422	0.00534	0.00352	0.00112	0.00239	0.00442	0.44095	0.00479
27	0.05793	0.62127	0.05136	0.00728	0.01062	0.09049	0.00700	0.02554	0.02216	0.01067	0.00604	0.00691	0.00530	0.00355	0.00279	0.00091	0.00446	0.00230	0.00191	0.06150
28	0.01234	0.01322	0.04678	0.00978	0.01174	0.29395	0.00801	0.19625	0.10141	0.01418	0.00880	0.00989	0.02800	0.00531	0.00623	0.00131	0.22140	0.00344	0.00268	0.00528
29	0.08788	0.02873	0.04245	0.00956	0.05836	0.03494	0.02826	0.28362	0.32535	0.04182	0.01158	0.01138	0.00857	0.00477	0.00387	0.00126	0.00401	0.00379	0.00357	0.00623

[dist]
# distance from previous block
# <min> <max>
0	1

[block]
# block no. 4 follows, 67 sequences, length 6
# corresponding to MSA columns:
# 340-345
name=unknown_E
#
# <colnr> <probs for GDERKNQSTAVLIFYWHMCP>
#	G	D	E	R	K	N	Q	S	T	A	V	L	I	F	Y	W	H	M	C	P
0	0.00846	0.00754	0.00915	0.00869	0.07373	0.05364	0.07325	0.10854	0.15692	0.01470	0.14661	0.07324	0.23471	0.00710	0.00443	0.00131	0.00342	0.00615	0.00356	0.00485
1	0.00515	0.00386	0.00513	0.00578	0.00611	0.00384	0.00401	0.00596	0.00779	0.01046	0.05821	0.69774	0.06715	0.01265	0.03930	0.00180	0.04774	0.01036	0.00359	0.00336
2	0.00630	0.00441	0.00635	0.00621	0.00660	0.00508	0.00461	0.00671	0.00604	0.00856	0.00960	0.01564	0.00946	0.12934	0.46642	0.22313	0.07621	0.00423	0.00205	0.00304
3	0.01042	0.57308	0.14450	0.00901	0.04371	0.01388	0.05711	0.05537	0.03921	0.01139	0.00666	0.00763	0.00559	0.00364	0.00308	0.00100	0.00467	0.00265	0.00195	0.00546
4	0.00757	0.00713	0.01203	0.84942	0.02762	0.00891	0.01114	0.01025	0.00802	0.01025	0.00713	0.01069	0.00535	0.00401	0.00401	0.00134	0.00535	0.00356	0.00178	0.00446
5	0.00504	0.00360	0.00483	0.00576	0.00605	0.00339	0.00398	0.00584	0.00783	0.01041	0.02202	0.77952	0.02620	0.01242	0.00516	0.00165	0.00246	0.08685	0.00372	0.00330

[dist]
# distance from previous block
# <min> <max>
0	76

[block]
# block no. 5 follows, 67 sequences, length 32
# corresponding to MSA columns:
# 422-446,454-460
name=unknown_F
#
# <colnr> <probs for GDERKNQSTAVLIFYWHMCP>
#	G	D	E	R	K	N	Q	S	T	A	V	L	I	F	Y	W	H	M	C	P
0	0.01059	0.01233	0.21112	0.01307	0.18404	0.05594	0.07169	0.09943	0.12208	0.07810	0.05066	0.01177	0.01971	0.00459	0.00439	0.00127	0.03663	0.00388	0.00279	0.00593
1	0.02355	0.02996	0.06520	0.04426	0.31111	0.02136	0.00924	0.16188	0.03884	0.19592	0.03772	0.02507	0.00861	0.00451	0.00397	0.00122	0.00431	0.00386	0.00316	0.00623
2	0.00757	0.00713	0.01203	0.84942	0.02762	0.00891	0.01114	0.01025	0.00802	0.01025	0.00713	0.01069	0.00535	0.00401	0.00401	0.00134	0.00535	0.00356	0.00178	0.00446
3	0.49990	0.04163	0.02364	0.00989	0.15387	0.17546	0.00674	0.02487	0.00839	0.01522	0.00614	0.00733	0.00494	0.00379	0.00302	0.00118	0.00433	0.00253	0.00229	0.00485
4	0.00573	0.00430	0.00645	0.00645	0.00716	0.00501	0.00501	0.00716	0.00645	0.00931	0.01074	0.01576	0.01003	0.03008	0.84316	0.00645	0.01074	0.00430	0.00215	0.00358
5	0.04490	0.00930	0.01098	0.01030	0.11904	0.06925	0.00735	0.13427	0.03293	0.09209	0.00813	0.00936	0.00643	0.00452	0.00549	0.00114	0.17663	0.00317	0.00272	0.25198
6	0.02450	0.23866	0.29356	0.00926	0.03489	0.02175	0.04562	0.05715	0.00899	0.03969	0.01020	0.17869	0.00974	0.00554	0.00378	0.00123	0.00457	0.00459	0.00239	0.00521
7	0.01244	0.02519	0.08799	0.07172	0.19262	0.18391	0.00901	0.12517	0.03499	0.14965	0.03609	0.03576	0.00834	0.00461	0.00394	0.00120	0.00494	0.00375	0.00292	0.00577
8	0.00993	0.00953	0.01628	0.02462	0.83404	0.00953	0.01231	0.01231	0.00913	0.01310	0.00754	0.00993	0.00635	0.00357	0.00397	0.00119	0.00476	0.00357	0.00199	0.00635
9	0.00491	0.00390	0.00442	0.00472	0.00567	0.00341	0.00342	0.00591	0.00885	0.01107	0.09243	0.29569	0.49518	0.01080	0.00488	0.00145	0.00217	0.03396	0.00377	0.00338
10	0.00943	0.09296	0.12787	0.01480	0.01895	0.01057	0.59738	0.01317	0.05026	0.01270	0.00817	0.01031	0.00618	0.00354	0.00438	0.00129	0.00624	0.00425	0.00206	0.00550
11	0.00813	0.04886	0.81094	0.01128	0.01712	0.00953	0.01455	0.01268	0.00846	0.01259	0.00714	0.00840	0.00508	0.00380	0.00377	0.00126	0.00587	0.00294	0.00169	0.00590
12	0.01498	0.01911	0.01137	0.01033	0.01240	0.84295	0.00775	0.01601	0.01137	0.00982	0.00620	0.00723	0.00517	0.00413	0.00362	0.00103	0.00723	0.00258	0.00207	0.00465
13	0.00740	0.00732	0.00634	0.00659	0.00761	0.19227	0.00492	0.00846	0.00919	0.01074	0.04942	0.33604	0.19325	0.00978	0.00475	0.00146	0.00357	0.13383	0.00337	0.00368
14	0.00986	0.59031	0.20439	0.00793	0.01174	0.01359	0.00852	0.01249	0.05665	0.01064	0.00717	0.03783	0.00632	0.00396	0.00303	0.00101	0.00452	0.00280	0.00192	0.00533
15	0.01515	0.00691	0.00858	0.00677	0.00941	0.00655	0.00553	0.15571	0.01214	0.51443	0.03145	0.01356	0.01005	0.00495	0.00380	0.00117	0.00324	0.00397	0.18050	0.00614
16	0.00804	0.02074	0.83828	0.01143	0.01736	0.00931	0.01482	0.01270	0.00847	0.01270	0.00720	0.00847	0.00508	0.00381	0.00381	0.00127	0.00593	0.00296	0.00169	0.00593
17	0.00474	0.00406	0.00406	0.00406	0.00542	0.00339	0.00305	0.00576	0.00914	0.01083	0.04063	0.03860	0.83241	0.01016	0.00474	0.00135	0.00203	0.00846	0.00372	0.00339
18	0.00633	0.00448	0.00610	0.00689	0.00765	0.00447	0.00579	0.00787	0.00868	0.01132	0.01995	0.06087	0.02187	0.14023	0.00779	0.00215	0.00369	0.66688	0.00350	0.00349
19	0.29750	0.04120	0.28441	0.01038	0.01433	0.00936	0.21173	0.01215	0.00821	0.01433	0.00767	0.01052	0.00616	0.00409	0.00367	0.00130	0.00502	0.05070	0.00216	0.00512
20	0.00617	0.00571	0.06787	0.00580	0.00723	0.00470	0.00484	0.00899	0.07782	0.01552	0.64506	0.04259	0.06125	0.00785	0.00463	0.00129	0.00235	0.02207	0.00413	0.00413
21	0.00557	0.00385	0.00473	0.00490	0.00567	0.00356	0.00353	0.00697	0.00947	0.01340	0.35388	0.29093	0.13105	0.00931	0.00457	0.00134	0.00204	0.00820	0.13347	0.00356
22	0.00626	0.00415	0.00544	0.00606	0.01876	0.00395	0.00413	0.04069	0.00836	0.05858	0.03058	0.67711	0.03473	0.04189	0.00576	0.02012	0.00261	0.02351	0.00370	0.00361
23	0.00983	0.10214	0.23299	0.01323	0.01736	0.07747	0.38963	0.03494	0.03974	0.01262	0.00774	0.00954	0.00588	0.00376	0.00434	0.00126	0.02624	0.00377	0.00203	0.00550
24	0.00881	0.24530	0.59700	0.01012	0.01528	0.01109	0.01246	0.01275	0.03075	0.01194	0.00701	0.00810	0.00529	0.00375	0.00349	0.00116	0.00541	0.00279	0.00176	0.00573
25	0.01727	0.00688	0.00921	0.00715	0.01016	0.00609	0.00588	0.01941	0.05972	0.77159	0.03245	0.01406	0.01063	0.00506	0.00405	0.00125	0.00337	0.00413	0.00490	0.00674
26	0.00778	0.00711	0.01162	0.46159	0.10146	0.00825	0.05436	0.01009	0.01949	0.02823	0.03441	0.08619	0.06854	0.00553	0.00500	0.00138	0.07732	0.00479	0.00229	0.00457
27	0.02793	0.22070	0.50386	0.01004	0.01489	0.01109	0.03445	0.07512	0.02739	0.02880	0.00735	0.00834	0.00549	0.00384	0.00354	0.00117	0.00527	0.00291	0.00202	0.00579
28	0.05440	0.01039	0.01105	0.00859	0.01168	0.05296	0.00706	0.54551	0.01612	0.22524	0.01081	0.01037	0.00740	0.00477	0.00393	0.00121	0.00425	0.00360	0.00408	0.00660
29	0.00578	0.00421	0.00607	0.00607	0.00665	0.00479	0.00455	0.00689	0.00631	0.00899	0.01094	0.01735	0.01067	0.16391	0.68549	0.03185	0.00942	0.00452	0.00218	0.00334
30	0.05659	0.30017	0.11444	0.02210	0.01094	0.03963	0.01779	0.01315	0.00919	0.20343	0.03267	0.02271	0.07024	0.00460	0.00343	0.00108	0.00403	0.00351	0.00282	0.06747
31	0.00945	0.04280	0.38227	0.02407	0.05541	0.04247	0.07502	0.01258	0.00876	0.07374	0.00773	0.00901	0.00579	0.00383	0.00412	0.00113	0.04469	0.00308	0.00214	0.19194

[dist]
# distance from previous block
# <min> <max>
0	3

[block]
# block no. 6 follows, 67 sequences, length 10
# corresponding to MSA columns:
# 464-473
name=unknown_G
#
# <colnr> <probs for GDERKNQSTAVLIFYWHMCP>
#	G	D	E	R	K	N	Q	S	T	A	V	L	I	F	Y	W	H	M	C	P
0	0.09316	0.07678	0.57116	0.01126	0.03498	0.03203	0.08408	0.01259	0.00842	0.01287	0.00695	0.00835	0.00514	0.00381	0.00387	0.00125	0.02287	0.00300	0.00182	0.00562
1	0.00607	0.00475	0.00588	0.08613	0.00848	0.00435	0.02683	0.00742	0.00924	0.05958	0.05425	0.03392	0.60406	0.00909	0.00468	0.00138	0.00268	0.06385	0.00358	0.00378
2	0.00559	0.00410	0.00524	0.00496	0.00594	0.00375	0.00372	0.00740	0.01115	0.01561	0.76005	0.03074	0.11002	0.00838	0.00473	0.00127	0.00190	0.00736	0.00435	0.00375
3	0.00547	0.00412	0.00507	0.00493	0.00599	0.00373	0.00376	0.00711	0.01059	0.01435	0.55739	0.03339	0.25803	0.00894	0.00479	0.00133	0.00205	0.06113	0.00417	0.00367
4	0.00800	0.01852	0.70539	0.01090	0.01625	0.00887	0.03874	0.01255	0.03417	0.01307	0.06271	0.01018	0.00755	0.00412	0.00388	0.00125	0.00551	0.00334	0.00198	0.03303
5	0.00501	0.00358	0.00480	0.00573	0.00601	0.00336	0.00394	0.00580	0.00780	0.01038	0.02204	0.79277	0.02625	0.01245	0.00515	0.00165	0.00243	0.07385	0.00372	0.00329
6	0.01022	0.02472	0.03832	0.09075	0.12936	0.10088	0.21856	0.02550	0.14999	0.05383	0.01024	0.04874	0.00833	0.00452	0.00414	0.00125	0.00506	0.01667	0.00264	0.05628
7	0.01525	0.01123	0.01204	0.00923	0.01244	0.01244	0.00762	0.82067	0.01886	0.02528	0.00963	0.00963	0.00682	0.00481	0.00401	0.00120	0.00441	0.00361	0.00401	0.00682
8	0.01076	0.24577	0.28287	0.01000	0.01379	0.25007	0.06980	0.01325	0.00942	0.01115	0.04331	0.00870	0.00666	0.00396	0.00353	0.00110	0.00574	0.00296	0.00195	0.00522
9	0.06168	0.04342	0.13380	0.02393	0.03993	0.06202	0.00806	0.16623	0.36608	0.01673	0.01174	0.03000	0.00900	0.00489	0.00387	0.00127	0.00418	0.00388	0.00329	0.00601

[dist]
# distance from previous block
# <min> <max>
0	3

[block]
# block no. 7 follows, 67 sequences, length 22
# corresponding to MSA columns:
# 479-490,494-496,498-504
name=unknown_H
#
# <colnr> <probs for GDERKNQSTAVLIFYWHMCP>
#	G	D	E	R	K	N	Q	S	T	A	V	L	I	F	Y	W	H	M	C	P
0	0.01040	0.09973	0.00964	0.00731	0.02726	0.00836	0.00575	0.10518	0.25936	0.13371	0.09903	0.05455	0.12120	0.00617	0.00406	0.00124	0.00318	0.00510	0.00381	0.03496
1	0.06842	0.31092	0.40507	0.00997	0.03543	0.03313	0.05013	0.01260	0.01929	0.01192	0.00667	0.00784	0.00523	0.00368	0.00334	0.00112	0.00518	0.00274	0.00182	0.00551
2	0.01010	0.30751	0.31076	0.01067	0.01501	0.06722	0.16697	0.01299	0.00887	0.04463	0.00710	0.00835	0.00550	0.00366	0.00356	0.00113	0.00551	0.00304	0.00192	0.00551
3	0.00590	0.00433	0.00571	0.00622	0.00717	0.00414	0.00514	0.00754	0.00955	0.01255	0.19676	0.10409	0.15402	0.01044	0.00521	0.00163	0.00294	0.44919	0.00385	0.00363
4	0.00892	0.21900	0.57420	0.01020	0.01526	0.01070	0.03295	0.01271	0.02018	0.03140	0.02518	0.00873	0.00605	0.00386	0.00357	0.00117	0.00537	0.00296	0.00188	0.00571
5	0.01299	0.04694	0.20759	0.02246	0.04324	0.02554	0.06787	0.33853	0.02925	0.15144	0.00975	0.01005	0.00683	0.00439	0.00395	0.00122	0.00483	0.00355	0.00325	0.00634
6	0.01498	0.01911	0.01137	0.01033	0.01240	0.84295	0.00775	0.01601	0.01137	0.00982	0.00620	0.00723	0.00517	0.00413	0.00362	0.00103	0.00723	0.00258	0.00207	0.00465
7	0.00653	0.00434	0.00541	0.00508	0.00619	0.00401	0.00382	0.02701	0.01081	0.05865	0.56277	0.08603	0.12063	0.00820	0.00456	0.00127	0.00208	0.00715	0.07154	0.00393
8	0.04341	0.32138	0.22103	0.02387	0.04923	0.02459	0.04526	0.09940	0.02146	0.08755	0.00772	0.00854	0.00591	0.00394	0.00359	0.00112	0.02103	0.00295	0.00234	0.00569
9	0.00772	0.00735	0.01265	0.79212	0.04754	0.00898	0.04673	0.01041	0.00811	0.01043	0.00718	0.01068	0.00540	0.00397	0.00404	0.00133	0.00539	0.00362	0.00180	0.00454
10	0.00492	0.00404	0.00418	0.00418	0.00542	0.00344	0.00310	0.00599	0.00915	0.01124	0.10122	0.05823	0.70097	0.03704	0.00520	0.00142	0.00208	0.00824	0.02653	0.00339
11	0.02175	0.01053	0.25253	0.00877	0.05720	0.00712	0.00819	0.08594	0.05375	0.10714	0.22203	0.05847	0.07740	0.00612	0.00423	0.00128	0.00376	0.00516	0.00337	0.00527
12	0.09277	0.03872	0.05375	0.00941	0.02263	0.00840	0.15080	0.13218	0.03039	0.33652	0.01219	0.03970	0.00900	0.00494	0.00405	0.00128	0.00427	0.03938	0.00365	0.00598
13	0.00697	0.00348	0.00522	0.00522	0.00522	0.00348	0.00348	0.00522	0.00522	0.00697	0.00697	0.01219	0.00697	0.01393	0.01567	0.88332	0.00348	0.00348	0.00174	0.00174
14	0.00645	0.00567	0.05341	0.00609	0.01919	0.00473	0.02656	0.01942	0.04042	0.04816	0.29190	0.13004	0.28044	0.03040	0.00518	0.00141	0.01529	0.00740	0.00377	0.00404
15	0.00949	0.11321	0.32059	0.02958	0.12268	0.00994	0.08602	0.02154	0.09710	0.06118	0.00919	0.01042	0.01823	0.00518	0.03678	0.00145	0.03588	0.00351	0.00229	0.00574
16	0.01184	0.01162	0.04284	0.01141	0.02453	0.22085	0.26269	0.07692	0.01077	0.12853	0.01132	0.07806	0.02263	0.00529	0.00434	0.00130	0.00554	0.06142	0.00287	0.00523
17	0.00688	0.00351	0.00516	0.00516	0.00516	0.00351	0.00341	0.00527	0.00527	0.00703	0.00738	0.01323	0.00753	0.07616	0.01602	0.81857	0.00351	0.00366	0.00179	0.00179
18	0.00791	0.00723	0.01158	0.12845	0.39433	0.00737	0.02370	0.01015	0.03001	0.01223	0.05515	0.10654	0.12654	0.00648	0.01533	0.00139	0.00408	0.04384	0.00264	0.00505
19	0.01005	0.04871	0.11097	0.08946	0.28509	0.04036	0.04365	0.07058	0.06602	0.06353	0.02948	0.04096	0.03586	0.00456	0.00396	0.00121	0.00457	0.00401	0.00259	0.04436
20	0.01106	0.40363	0.03982	0.01014	0.01331	0.11039	0.19507	0.05063	0.02512	0.02847	0.00686	0.00824	0.00569	0.00393	0.00419	0.00111	0.07197	0.00308	0.00205	0.00525
21	0.01102	0.01255	0.01267	0.07268	0.04498	0.31364	0.05040	0.01227	0.00846	0.01005	0.00598	0.00850	0.00532	0.00543	0.00823	0.00142	0.40663	0.00324	0.00189	0.00462

[dist]
# distance from previous block
# <min> <max>
0	107

# created by:
# /home/cegg/simao/soft/augustus-3.2.1/scripts/msa2prfl.pl ./align_prep/EOG092C5GXJ.fa
