[name]
unknown

[dist]
# distance from previous block
# <min> <max>
2	7

[block]
# block no. 0 follows, 66 sequences, length 12
# corresponding to MSA columns:
# 14-17,24-31
name=unknown_A
#
# <colnr> <probs for GDERKNQSTAVLIFYWHMCP>
#	G	D	E	R	K	N	Q	S	T	A	V	L	I	F	Y	W	H	M	C	P
0	0.10830	0.01146	0.11423	0.03401	0.19187	0.10765	0.10500	0.06072	0.07065	0.01438	0.08654	0.01202	0.02357	0.00463	0.00433	0.00127	0.03746	0.00391	0.00257	0.00543
1	0.00542	0.00458	0.00565	0.00685	0.09827	0.00409	0.00431	0.00652	0.00886	0.01106	0.03240	0.25125	0.52581	0.01017	0.00481	0.00142	0.00244	0.00879	0.00357	0.00373
2	0.01187	0.61171	0.04942	0.00795	0.01123	0.18019	0.00747	0.05951	0.00953	0.01067	0.00606	0.00693	0.00531	0.00371	0.00294	0.00094	0.00500	0.00237	0.00194	0.00523
3	0.03999	0.00775	0.04012	0.01099	0.21090	0.00739	0.00701	0.09656	0.06460	0.14458	0.01204	0.01483	0.02894	0.14245	0.03161	0.00179	0.00404	0.00418	0.10141	0.02880
4	0.03885	0.08182	0.06946	0.02359	0.18294	0.03482	0.05776	0.09148	0.05192	0.13529	0.01174	0.10565	0.03038	0.00521	0.00398	0.00122	0.00423	0.00450	0.00300	0.06214
5	0.00831	0.00612	0.00737	0.03195	0.00870	0.02791	0.01867	0.03761	0.14756	0.10225	0.10014	0.29387	0.12793	0.00868	0.00513	0.00145	0.05052	0.00744	0.00380	0.00458
6	0.00586	0.00394	0.00455	0.00459	0.00464	0.00397	0.00266	0.00597	0.00601	0.00806	0.01307	0.05963	0.01498	0.77661	0.06612	0.00399	0.00426	0.00604	0.00250	0.00256
7	0.01000	0.01035	0.05244	0.01190	0.10674	0.12848	0.14845	0.05043	0.00912	0.02967	0.02641	0.01169	0.00775	0.05163	0.04194	0.00168	0.19187	0.00390	0.10064	0.00490
8	0.01077	0.06842	0.19840	0.08947	0.16586	0.06034	0.00958	0.03941	0.06125	0.14284	0.00983	0.01214	0.00779	0.09985	0.00575	0.00153	0.00483	0.00371	0.00264	0.00561
9	0.00777	0.00883	0.10459	0.71739	0.02602	0.00921	0.01158	0.01062	0.00808	0.01062	0.00714	0.01048	0.00537	0.00417	0.00444	0.00136	0.04233	0.00354	0.00179	0.00467
10	0.00719	0.00615	0.09868	0.00633	0.00784	0.00452	0.00536	0.00870	0.00902	0.11455	0.12634	0.36263	0.11766	0.04443	0.00546	0.00159	0.00297	0.06271	0.00373	0.00413
11	0.05691	0.00954	0.04074	0.04929	0.11577	0.04554	0.03487	0.25346	0.05909	0.16817	0.05358	0.07370	0.01045	0.00532	0.00410	0.00127	0.00420	0.00444	0.00356	0.00598

[dist]
# distance from previous block
# <min> <max>
9	20

[block]
# block no. 1 follows, 66 sequences, length 12
# corresponding to MSA columns:
# 60-71
name=unknown_B
#
# <colnr> <probs for GDERKNQSTAVLIFYWHMCP>
#	G	D	E	R	K	N	Q	S	T	A	V	L	I	F	Y	W	H	M	C	P
0	0.33460	0.19450	0.06398	0.00814	0.04402	0.12836	0.00686	0.12238	0.00985	0.01556	0.03422	0.00817	0.00630	0.00406	0.00313	0.00114	0.00438	0.00273	0.00249	0.00512
1	0.01026	0.00578	0.00770	0.00627	0.00850	0.00497	0.03784	0.01191	0.01034	0.27902	0.23196	0.04838	0.12370	0.02396	0.00456	0.00123	0.00287	0.00555	0.02643	0.14877
2	0.13048	0.26139	0.06932	0.00877	0.04069	0.08242	0.02856	0.17180	0.07628	0.03239	0.00793	0.00856	0.00622	0.00404	0.00333	0.00109	0.00446	0.00293	0.00264	0.05668
3	0.04725	0.00970	0.01219	0.00939	0.01239	0.01032	0.09976	0.44344	0.04240	0.16897	0.01082	0.01105	0.00766	0.00549	0.02768	0.00140	0.03020	0.00386	0.03969	0.00633
4	0.03210	0.00414	0.00489	0.00519	0.00613	0.00376	0.00376	0.00688	0.00874	0.05325	0.07797	0.38569	0.31802	0.02635	0.00518	0.00154	0.00239	0.04661	0.00381	0.00360
5	0.00627	0.00400	0.00515	0.00542	0.00610	0.00369	0.00378	0.00730	0.00884	0.07516	0.19875	0.47562	0.07621	0.07540	0.00611	0.00168	0.00243	0.00924	0.02521	0.00365
6	0.00548	0.00411	0.00486	0.00489	0.00570	0.00381	0.00344	0.00686	0.03076	0.01232	0.30614	0.17522	0.25096	0.15826	0.00762	0.00183	0.00242	0.00808	0.00379	0.00345
7	0.00588	0.00449	0.00556	0.00572	0.00677	0.00418	0.00435	0.00780	0.05346	0.01280	0.22915	0.26795	0.16692	0.00993	0.00490	0.00147	0.00251	0.14580	0.00388	0.05648
8	0.00851	0.00543	0.00727	0.00678	0.00825	0.00524	0.03197	0.05568	0.04712	0.13686	0.24975	0.14270	0.05682	0.02431	0.00515	0.00152	0.00304	0.19501	0.00410	0.00449
9	0.88607	0.00785	0.00596	0.00534	0.00785	0.00910	0.00439	0.01193	0.00690	0.01820	0.00565	0.00659	0.00439	0.00377	0.00251	0.00126	0.00314	0.00220	0.00251	0.00439
10	0.05375	0.16547	0.01432	0.02752	0.26983	0.05920	0.00865	0.16528	0.03873	0.14557	0.00911	0.00980	0.00689	0.00416	0.00369	0.00115	0.00447	0.00334	0.00292	0.00614
11	0.06434	0.02891	0.01013	0.12129	0.01255	0.00888	0.02185	0.20776	0.10009	0.08196	0.10295	0.05485	0.01202	0.00558	0.00457	0.00127	0.05322	0.02109	0.00339	0.08332

[dist]
# distance from previous block
# <min> <max>
2	4

[block]
# block no. 2 follows, 66 sequences, length 27
# corresponding to MSA columns:
# 76-102
name=unknown_C
#
# <colnr> <probs for GDERKNQSTAVLIFYWHMCP>
#	G	D	E	R	K	N	Q	S	T	A	V	L	I	F	Y	W	H	M	C	P
0	0.06993	0.04802	0.09507	0.00913	0.01210	0.32110	0.03741	0.05726	0.09416	0.07085	0.00873	0.02528	0.00688	0.00430	0.00364	0.00110	0.00525	0.00319	0.00266	0.12396
1	0.03848	0.00906	0.10263	0.00738	0.01064	0.01788	0.03708	0.04986	0.12241	0.03580	0.04547	0.01308	0.06284	0.03099	0.00414	0.00107	0.00358	0.00368	0.00287	0.40106
2	0.00596	0.00441	0.00608	0.00605	0.00674	0.00484	0.00450	0.00731	0.02400	0.00950	0.01257	0.04571	0.02672	0.20593	0.55295	0.00528	0.00832	0.03290	0.00242	0.02780
3	0.00944	0.00888	0.01430	0.12990	0.13849	0.02268	0.20407	0.11003	0.04666	0.01417	0.09379	0.02382	0.02932	0.01312	0.01699	0.00144	0.08745	0.01338	0.00266	0.01940
4	0.01004	0.00964	0.01647	0.02490	0.83211	0.00964	0.01245	0.01245	0.00924	0.01325	0.00763	0.01004	0.00643	0.00361	0.00402	0.00120	0.00482	0.00361	0.00201	0.00643
5	0.16290	0.01115	0.00991	0.00839	0.01101	0.15952	0.00666	0.25160	0.25906	0.04873	0.01066	0.01053	0.00793	0.00472	0.00373	0.00123	0.00431	0.00349	0.00347	0.02100
6	0.01120	0.01023	0.00908	0.00821	0.01020	0.20124	0.00631	0.11155	0.29951	0.06125	0.04269	0.13571	0.03740	0.00655	0.00425	0.00132	0.00414	0.03015	0.00363	0.00540
7	0.01305	0.00703	0.00842	0.00686	0.00933	0.00685	0.00553	0.16422	0.08711	0.35775	0.11580	0.01894	0.13475	0.00620	0.00422	0.00127	0.00317	0.00509	0.03856	0.00585
8	0.00567	0.00394	0.00508	0.00568	0.00621	0.00371	0.00407	0.00660	0.00824	0.02985	0.06980	0.48018	0.09276	0.11529	0.00706	0.00191	0.00276	0.14412	0.00367	0.00339
9	0.00915	0.00982	0.01832	0.01389	0.01609	0.01098	0.44121	0.01136	0.00800	0.01143	0.00712	0.01058	0.00609	0.03378	0.00900	0.00163	0.37039	0.00429	0.00195	0.00492
10	0.00982	0.00992	0.00946	0.00838	0.00999	0.22215	0.07639	0.02896	0.22676	0.01188	0.01239	0.08650	0.01163	0.21973	0.03650	0.00212	0.00498	0.00499	0.00291	0.00455
11	0.00705	0.00368	0.00550	0.00545	0.00548	0.00379	0.00370	0.00546	0.00535	0.00719	0.00712	0.01236	0.00710	0.01442	0.04094	0.83368	0.02454	0.00355	0.00177	0.00188
12	0.00494	0.00355	0.00469	0.00560	0.00587	0.00330	0.00374	0.00566	0.00782	0.01038	0.02300	0.82708	0.05412	0.01263	0.00517	0.00164	0.00234	0.01143	0.00377	0.00330
13	0.00503	0.00358	0.00473	0.00562	0.00585	0.00336	0.00375	0.00572	0.00769	0.01025	0.02179	0.79076	0.02607	0.06106	0.00607	0.00178	0.00247	0.02747	0.00369	0.00326
14	0.79992	0.00811	0.00635	0.00562	0.00811	0.02352	0.00460	0.05228	0.00774	0.01837	0.03157	0.00750	0.00559	0.00397	0.00268	0.00125	0.00324	0.00244	0.00264	0.00451
15	0.00586	0.00438	0.00652	0.00661	0.00735	0.00503	0.00521	0.00735	0.00678	0.00967	0.01184	0.01867	0.01135	0.02866	0.76467	0.00609	0.01021	0.07778	0.00232	0.00363
16	0.00816	0.01972	0.76044	0.01105	0.01683	0.00905	0.01406	0.01261	0.00855	0.01288	0.00727	0.00855	0.00522	0.00378	0.00378	0.00122	0.00572	0.00294	0.00178	0.08638
17	0.00580	0.00395	0.00440	0.00440	0.00452	0.00389	0.00252	0.00589	0.00621	0.00815	0.01538	0.02770	0.08958	0.77970	0.01920	0.00370	0.00376	0.00614	0.00258	0.00255
18	0.00815	0.00661	0.00783	0.02130	0.00912	0.00520	0.00461	0.00977	0.00842	0.03260	0.06750	0.01225	0.00943	0.10162	0.00521	0.00106	0.00309	0.00322	0.00261	0.68039
19	0.01401	0.05442	0.01259	0.00931	0.01221	0.00999	0.09515	0.23813	0.14886	0.27640	0.01212	0.01182	0.00851	0.00497	0.00481	0.00130	0.07117	0.00398	0.00385	0.00638
20	0.00962	0.00818	0.00868	0.00789	0.00994	0.00940	0.00606	0.01981	0.73034	0.01602	0.01629	0.01691	0.01286	0.08379	0.00568	0.00162	0.00329	0.02367	0.00397	0.00599
21	0.02089	0.00409	0.00511	0.00543	0.00609	0.00381	0.00375	0.00722	0.00815	0.08128	0.06593	0.47237	0.10446	0.15992	0.00771	0.00197	0.00272	0.03191	0.00366	0.00353
22	0.00583	0.00438	0.00527	0.00567	0.00655	0.00420	0.00435	0.00743	0.04797	0.01111	0.02590	0.17376	0.26660	0.13933	0.00746	0.00196	0.00298	0.26047	0.01525	0.00350
23	0.00699	0.00421	0.00561	0.00577	0.00656	0.00397	0.00414	0.00805	0.00872	0.11826	0.15528	0.43640	0.03934	0.07697	0.07374	0.00210	0.00327	0.03296	0.00382	0.00383
24	0.00537	0.00393	0.00458	0.00483	0.00539	0.00366	0.00325	0.00607	0.00791	0.01022	0.09006	0.23629	0.24890	0.30428	0.01042	0.00234	0.00284	0.04318	0.00337	0.00310
25	0.03084	0.00884	0.05119	0.00853	0.01084	0.02884	0.07434	0.05253	0.46461	0.01582	0.10433	0.07459	0.01483	0.03545	0.00483	0.00145	0.00363	0.00521	0.00369	0.00561
26	0.00874	0.03312	0.01156	0.02575	0.18179	0.03264	0.08630	0.02496	0.05869	0.01305	0.05299	0.09761	0.01817	0.03355	0.00443	0.00116	0.00391	0.00443	0.00264	0.30451

[dist]
# distance from previous block
# <min> <max>
0	4

[block]
# block no. 3 follows, 66 sequences, length 20
# corresponding to MSA columns:
# 107-126
name=unknown_D
#
# <colnr> <probs for GDERKNQSTAVLIFYWHMCP>
#	G	D	E	R	K	N	Q	S	T	A	V	L	I	F	Y	W	H	M	C	P
0	0.03520	0.31922	0.24334	0.06432	0.07576	0.08548	0.00993	0.02457	0.02339	0.03709	0.00696	0.00823	0.00558	0.00396	0.00380	0.00113	0.04176	0.00282	0.00199	0.00547
1	0.07553	0.00861	0.01296	0.10404	0.41247	0.00905	0.02822	0.01412	0.15773	0.07409	0.02489	0.02662	0.00877	0.00451	0.00402	0.00128	0.00429	0.02012	0.00274	0.00593
2	0.02061	0.00416	0.00482	0.00487	0.00589	0.00381	0.00362	0.00727	0.00937	0.03250	0.23148	0.14680	0.29916	0.05430	0.00547	0.00150	0.00230	0.05968	0.09875	0.00362
3	0.00694	0.00561	0.00721	0.00659	0.00799	0.00595	0.03700	0.04094	0.15250	0.01307	0.15598	0.02258	0.19091	0.01494	0.27141	0.01364	0.01739	0.00576	0.01930	0.00430
4	0.00545	0.00408	0.00460	0.00456	0.00535	0.00374	0.00316	0.00636	0.00860	0.01114	0.21036	0.03297	0.34008	0.30243	0.01030	0.00225	0.00273	0.03517	0.00347	0.00319
5	0.00524	0.00396	0.00484	0.00497	0.00584	0.00356	0.00360	0.00656	0.00979	0.01306	0.37397	0.26716	0.26243	0.01012	0.00490	0.00141	0.00208	0.00888	0.00407	0.00356
6	0.00978	0.00758	0.00807	0.00729	0.00932	0.00855	0.00566	0.01876	0.61419	0.04866	0.05106	0.01574	0.01306	0.00547	0.00393	0.00129	0.00293	0.00454	0.15824	0.00586
7	0.06436	0.01042	0.01073	0.00875	0.01158	0.03242	0.00706	0.46821	0.30427	0.02169	0.01182	0.01141	0.00866	0.00501	0.00398	0.00127	0.00401	0.00387	0.00394	0.00653
8	0.04311	0.02694	0.09544	0.00985	0.07601	0.04067	0.05973	0.10482	0.04869	0.35580	0.06761	0.01276	0.01012	0.00476	0.00402	0.00123	0.00418	0.00398	0.00375	0.02652
9	0.11719	0.00965	0.01240	0.01453	0.33098	0.04560	0.00877	0.18079	0.05920	0.16671	0.00982	0.01044	0.00724	0.00428	0.00385	0.00123	0.00431	0.00355	0.00317	0.00629
10	0.01004	0.00964	0.01647	0.02490	0.83211	0.00964	0.01245	0.01245	0.00924	0.01325	0.00763	0.01004	0.00643	0.00361	0.00402	0.00120	0.00482	0.00361	0.00201	0.00643
11	0.05850	0.00698	0.00903	0.00708	0.01004	0.00631	0.00580	0.04345	0.03992	0.69460	0.01644	0.02996	0.04221	0.00532	0.00405	0.00127	0.00339	0.00431	0.00477	0.00656
12	0.01004	0.03530	0.01472	0.07499	0.56673	0.04533	0.02310	0.01286	0.05710	0.03811	0.05937	0.01220	0.00900	0.00424	0.00406	0.00123	0.00465	0.01858	0.00239	0.00598
13	0.00670	0.00592	0.00805	0.00752	0.00805	0.00729	0.00600	0.00778	0.00717	0.01003	0.01630	0.10465	0.16925	0.02833	0.23468	0.00301	0.32249	0.04034	0.00257	0.00384
14	0.00493	0.00357	0.00466	0.00554	0.00586	0.00330	0.00372	0.00566	0.00787	0.01040	0.02372	0.79564	0.08509	0.01253	0.00515	0.00163	0.00233	0.01132	0.00377	0.00330
15	0.02380	0.10186	0.35921	0.04709	0.09277	0.03647	0.08296	0.06764	0.05644	0.02531	0.00868	0.04995	0.00701	0.00443	0.00406	0.00126	0.01936	0.00370	0.00225	0.00572
16	0.07154	0.01006	0.06352	0.01281	0.14366	0.03545	0.21940	0.02444	0.06283	0.04665	0.00831	0.00988	0.00648	0.00383	0.00433	0.00114	0.04781	0.00353	0.00242	0.22192
17	0.03769	0.00437	0.00546	0.00572	0.00662	0.00408	0.00407	0.02722	0.00875	0.11369	0.04001	0.58182	0.12328	0.01086	0.00487	0.00153	0.00252	0.00963	0.00390	0.00390
18	0.00921	0.00972	0.11005	0.03874	0.34589	0.01923	0.05109	0.02577	0.07818	0.04924	0.10670	0.05087	0.05591	0.00528	0.00446	0.00129	0.02525	0.00473	0.00276	0.00563
19	0.26795	0.10379	0.07858	0.01007	0.10510	0.07357	0.05227	0.10195	0.07840	0.04443	0.00799	0.00883	0.00615	0.00402	0.00340	0.00118	0.00437	0.00303	0.00264	0.04230

[dist]
# distance from previous block
# <min> <max>
0	9

[block]
# block no. 4 follows, 66 sequences, length 7
# corresponding to MSA columns:
# 136-142
name=unknown_E
#
# <colnr> <probs for GDERKNQSTAVLIFYWHMCP>
#	G	D	E	R	K	N	Q	S	T	A	V	L	I	F	Y	W	H	M	C	P
0	0.00748	0.05082	0.00677	0.00558	0.00697	0.02765	0.00423	0.05305	0.03378	0.05418	0.19974	0.02687	0.22443	0.17750	0.03760	0.00199	0.00332	0.04048	0.00349	0.03407
1	0.00981	0.07540	0.07371	0.00925	0.08220	0.07064	0.03224	0.06699	0.07242	0.01375	0.00839	0.01009	0.00691	0.00381	0.00346	0.00092	0.00407	0.02581	0.00251	0.42761
2	0.00537	0.00401	0.00497	0.00512	0.00597	0.00366	0.00375	0.00671	0.00970	0.01298	0.36282	0.23703	0.22291	0.04034	0.00550	0.00152	0.00224	0.05785	0.00401	0.00355
3	0.00911	0.14113	0.55815	0.01111	0.04727	0.05266	0.01257	0.01331	0.05898	0.01236	0.00749	0.00868	0.00566	0.00405	0.00409	0.00124	0.04145	0.00300	0.00190	0.00579
4	0.00510	0.00396	0.00459	0.00476	0.00568	0.00351	0.00341	0.00621	0.00924	0.01191	0.21850	0.25151	0.40063	0.04547	0.00555	0.00153	0.00218	0.00895	0.00388	0.00344
5	0.00599	0.00410	0.00565	0.00630	0.03133	0.00412	0.00422	0.00617	0.00723	0.00969	0.04327	0.41577	0.05662	0.06732	0.00931	0.23045	0.04415	0.04225	0.00303	0.00304
6	0.00823	0.00703	0.03414	0.08416	0.10421	0.00669	0.07397	0.03427	0.09870	0.06305	0.27687	0.05602	0.09709	0.00648	0.00444	0.00130	0.00345	0.00580	0.00350	0.03060

[dist]
# distance from previous block
# <min> <max>
8	12

[block]
# block no. 5 follows, 66 sequences, length 7
# corresponding to MSA columns:
# 157-163
name=unknown_F
#
# <colnr> <probs for GDERKNQSTAVLIFYWHMCP>
#	G	D	E	R	K	N	Q	S	T	A	V	L	I	F	Y	W	H	M	C	P
0	0.00710	0.00586	0.00689	0.00638	0.00706	0.06614	0.06263	0.00823	0.05463	0.00935	0.01303	0.07997	0.01411	0.51386	0.04727	0.03742	0.00449	0.04976	0.00262	0.00322
1	0.00976	0.24848	0.23152	0.01029	0.08512	0.04557	0.05642	0.02738	0.04060	0.05671	0.09525	0.03135	0.03545	0.00473	0.00375	0.00117	0.00463	0.00386	0.00249	0.00544
2	0.04511	0.19735	0.04658	0.03849	0.21966	0.03890	0.06438	0.03592	0.10020	0.09817	0.06861	0.01148	0.00929	0.00435	0.00376	0.00118	0.00440	0.00369	0.00274	0.00575
3	0.00590	0.00406	0.00488	0.00508	0.00599	0.00370	0.00373	0.00712	0.00916	0.04199	0.18144	0.26371	0.26632	0.04297	0.00539	0.00153	0.00234	0.06624	0.07485	0.00361
4	0.00849	0.00617	0.00714	0.00717	0.06732	0.04448	0.00499	0.01057	0.06457	0.12797	0.13278	0.14001	0.23597	0.00763	0.00436	0.00126	0.00290	0.00653	0.02358	0.09608
5	0.03619	0.23233	0.19786	0.05151	0.06292	0.04657	0.03670	0.05130	0.03074	0.14143	0.04103	0.03728	0.00829	0.00448	0.00367	0.00117	0.00465	0.00356	0.00266	0.00565
6	0.00874	0.02667	0.07589	0.05048	0.04953	0.00689	0.06018	0.04193	0.05640	0.10742	0.09422	0.08380	0.07371	0.18043	0.01981	0.00195	0.04867	0.00554	0.00311	0.00461

[dist]
# distance from previous block
# <min> <max>
1	9

[block]
# block no. 6 follows, 66 sequences, length 11
# corresponding to MSA columns:
# 173-183
name=unknown_G
#
# <colnr> <probs for GDERKNQSTAVLIFYWHMCP>
#	G	D	E	R	K	N	Q	S	T	A	V	L	I	F	Y	W	H	M	C	P
0	0.66142	0.00940	0.04190	0.00721	0.05049	0.06791	0.00571	0.04832	0.00819	0.05883	0.00657	0.00740	0.00498	0.00390	0.00287	0.00124	0.00371	0.00249	0.00262	0.00482
1	0.05194	0.02796	0.05054	0.01858	0.49534	0.09798	0.03461	0.09925	0.03240	0.01445	0.00781	0.00954	0.00631	0.00385	0.00387	0.00118	0.00497	0.00341	0.00231	0.03367
2	0.01030	0.00981	0.05712	0.14266	0.44575	0.02853	0.01075	0.06541	0.07319	0.05267	0.02294	0.01085	0.00738	0.00406	0.00399	0.00122	0.00469	0.00367	0.00246	0.04254
3	0.00560	0.00413	0.00528	0.00510	0.00602	0.00388	0.00379	0.00721	0.01028	0.01424	0.57125	0.06206	0.14120	0.05061	0.08948	0.00195	0.00294	0.00730	0.00402	0.00367
4	0.81068	0.00776	0.00626	0.00550	0.00806	0.00883	0.00453	0.01261	0.00731	0.08916	0.00655	0.00722	0.00488	0.00388	0.00265	0.00126	0.00317	0.00236	0.00273	0.00461
5	0.00893	0.00663	0.00779	0.00717	0.02554	0.00704	0.00546	0.09752	0.23433	0.07183	0.26030	0.06615	0.10189	0.00725	0.00483	0.00135	0.03808	0.02575	0.01709	0.00508
6	0.00607	0.00449	0.00539	0.00527	0.00649	0.00391	0.00384	0.00720	0.00868	0.03184	0.11539	0.29765	0.21270	0.07460	0.00584	0.00154	0.00254	0.04411	0.01987	0.14258
7	0.02022	0.00829	0.06993	0.00825	0.04726	0.01681	0.02339	0.09705	0.16698	0.08280	0.08760	0.12616	0.05214	0.00627	0.00416	0.00124	0.00346	0.02628	0.00351	0.14818
8	0.01010	0.00955	0.01603	0.07674	0.74958	0.00971	0.01219	0.04309	0.00954	0.01354	0.00769	0.01008	0.00638	0.00369	0.00402	0.00121	0.00484	0.00362	0.00207	0.00632
9	0.01099	0.69256	0.11582	0.00766	0.01135	0.05407	0.00789	0.01268	0.00855	0.03823	0.00622	0.00704	0.00537	0.00360	0.00285	0.00094	0.00464	0.00235	0.00186	0.00533
10	0.01101	0.03976	0.05080	0.05208	0.16996	0.07942	0.12093	0.15338	0.15843	0.03587	0.05109	0.02194	0.00930	0.00516	0.02164	0.00137	0.00494	0.00411	0.00295	0.00587

[dist]
# distance from previous block
# <min> <max>
0	2

[block]
# block no. 7 follows, 66 sequences, length 15
# corresponding to MSA columns:
# 203-217
name=unknown_H
#
# <colnr> <probs for GDERKNQSTAVLIFYWHMCP>
#	G	D	E	R	K	N	Q	S	T	A	V	L	I	F	Y	W	H	M	C	P
0	0.01080	0.00710	0.00907	0.02060	0.00974	0.00759	0.01732	0.17022	0.03562	0.17096	0.01161	0.02727	0.00981	0.10082	0.19435	0.00274	0.08700	0.03087	0.00323	0.07329
1	0.03112	0.03086	0.04003	0.09705	0.11417	0.11060	0.22224	0.16002	0.03673	0.05514	0.02268	0.01094	0.02160	0.00432	0.00436	0.00127	0.02465	0.00393	0.00266	0.00566
2	0.83197	0.00856	0.00631	0.00565	0.00814	0.06079	0.00461	0.01219	0.00719	0.01769	0.00569	0.00664	0.00445	0.00379	0.00258	0.00124	0.00340	0.00222	0.00248	0.00441
3	0.00985	0.00848	0.01292	0.05268	0.44730	0.00785	0.00922	0.01200	0.00904	0.06416	0.00798	0.00972	0.00646	0.00350	0.00365	0.00100	0.00410	0.00320	0.00233	0.32455
4	0.00633	0.00470	0.00501	0.00503	0.00534	0.03694	0.00313	0.02970	0.00719	0.00938	0.05295	0.16740	0.04582	0.58612	0.01557	0.00314	0.00365	0.00683	0.00285	0.00291
5	0.00792	0.00471	0.00591	0.00549	0.00697	0.00420	0.00432	0.00948	0.01053	0.17109	0.33357	0.04777	0.26589	0.00867	0.00475	0.00137	0.00246	0.09634	0.00427	0.00428
6	0.01171	0.33990	0.11441	0.00918	0.03856	0.12177	0.02630	0.09906	0.08631	0.06513	0.00866	0.03478	0.00708	0.00439	0.00361	0.00111	0.01665	0.00324	0.00254	0.00561
7	0.00911	0.14213	0.64718	0.01084	0.01626	0.01023	0.03965	0.01312	0.00871	0.05593	0.00753	0.00862	0.00544	0.00385	0.00371	0.00123	0.00565	0.00299	0.00190	0.00591
8	0.00690	0.00359	0.00528	0.00528	0.00531	0.00363	0.00351	0.00542	0.00539	0.00722	0.00767	0.01361	0.00779	0.08097	0.05450	0.77254	0.00390	0.00375	0.00184	0.00190
9	0.01117	0.05494	0.05320	0.01780	0.42700	0.20639	0.06172	0.02979	0.05552	0.01264	0.00810	0.02870	0.00681	0.00408	0.00394	0.00118	0.00542	0.00359	0.00220	0.00582
10	0.02526	0.02945	0.06644	0.07586	0.29817	0.03012	0.00927	0.10908	0.02882	0.14162	0.00944	0.02662	0.00727	0.00418	0.00385	0.00115	0.00439	0.00358	0.00282	0.12261
11	0.01111	0.00587	0.00755	0.00655	0.00841	0.00564	0.00519	0.03904	0.05086	0.33381	0.16767	0.11864	0.12268	0.00791	0.01784	0.00145	0.04718	0.03315	0.00428	0.00517
12	0.00665	0.00441	0.00559	0.00552	0.00604	0.00455	0.00381	0.06584	0.00781	0.01078	0.08665	0.17294	0.01631	0.25692	0.14358	0.15089	0.00445	0.00617	0.03793	0.00318
13	0.10575	0.13225	0.18616	0.01062	0.10460	0.06887	0.03219	0.09594	0.04362	0.15323	0.00897	0.00948	0.00657	0.00413	0.00362	0.00118	0.00469	0.00319	0.00278	0.02215
14	0.11059	0.19044	0.26030	0.00955	0.06925	0.02184	0.00917	0.03727	0.05064	0.13005	0.00854	0.00910	0.00634	0.00397	0.00344	0.00113	0.00450	0.00298	0.00254	0.06835

[dist]
# distance from previous block
# <min> <max>
1	5

[block]
# block no. 8 follows, 66 sequences, length 13
# corresponding to MSA columns:
# 224-236
name=unknown_I
#
# <colnr> <probs for GDERKNQSTAVLIFYWHMCP>
#	G	D	E	R	K	N	Q	S	T	A	V	L	I	F	Y	W	H	M	C	P
0	0.14705	0.25313	0.18176	0.01050	0.12954	0.04147	0.00887	0.06836	0.04724	0.01370	0.00764	0.03449	0.00639	0.00411	0.00335	0.00113	0.00452	0.00308	0.00226	0.03140
1	0.03338	0.00533	0.04751	0.00551	0.00681	0.00434	0.00423	0.00738	0.00827	0.02542	0.12367	0.26634	0.14530	0.15972	0.02855	0.00192	0.00306	0.00737	0.00329	0.11259
2	0.00978	0.04797	0.51626	0.01204	0.07476	0.09355	0.04690	0.04017	0.07546	0.03343	0.00823	0.00927	0.00605	0.00403	0.00388	0.00125	0.00568	0.00323	0.00214	0.00593
3	0.01968	0.01182	0.29893	0.00971	0.04031	0.00777	0.08738	0.07322	0.06620	0.01390	0.09659	0.06362	0.08602	0.06442	0.00540	0.00150	0.00446	0.02404	0.00281	0.02219
4	0.00676	0.00579	0.03712	0.00667	0.03251	0.00516	0.03870	0.06171	0.03097	0.01579	0.56465	0.02722	0.11567	0.02725	0.00503	0.00135	0.00262	0.00675	0.00404	0.00424
5	0.01068	0.80952	0.07017	0.00722	0.01084	0.01566	0.00742	0.01219	0.00826	0.00974	0.00574	0.00663	0.00520	0.00349	0.00268	0.00089	0.00444	0.00222	0.00173	0.00525
6	0.00640	0.00431	0.00510	0.00500	0.00619	0.00386	0.00380	0.00776	0.00976	0.07272	0.24969	0.08888	0.34902	0.04469	0.00539	0.00148	0.00235	0.07649	0.05331	0.00379
7	0.08335	0.00933	0.03812	0.00813	0.01124	0.00930	0.00685	0.30993	0.12494	0.33712	0.01269	0.01177	0.00861	0.00490	0.00395	0.00126	0.00385	0.00381	0.00424	0.00661
8	0.03871	0.00650	0.00804	0.00683	0.00885	0.01908	0.04072	0.08648	0.02709	0.10892	0.10373	0.22787	0.08534	0.00728	0.00450	0.00125	0.02646	0.00625	0.00355	0.18256
9	0.25055	0.02722	0.00804	0.00644	0.00897	0.00700	0.00519	0.03423	0.04579	0.39705	0.01398	0.08200	0.03929	0.03644	0.00432	0.00137	0.00327	0.00435	0.00391	0.02058
10	0.00564	0.00391	0.00492	0.00529	0.00599	0.00354	0.00371	0.00665	0.00886	0.04597	0.17460	0.49208	0.18282	0.02962	0.00533	0.00156	0.00230	0.00975	0.00392	0.00355
11	0.04838	0.01078	0.01166	0.00897	0.01218	0.01178	0.00741	0.70676	0.01786	0.10792	0.01023	0.01004	0.00713	0.00484	0.00400	0.00122	0.00431	0.00364	0.00410	0.00681
12	0.02944	0.00941	0.03887	0.03713	0.14934	0.03883	0.07512	0.10068	0.18931	0.19306	0.02295	0.02526	0.00956	0.00503	0.00446	0.00132	0.03292	0.02776	0.00344	0.00610

[dist]
# distance from previous block
# <min> <max>
0	1

[block]
# block no. 9 follows, 66 sequences, length 24
# corresponding to MSA columns:
# 238-261
name=unknown_J
#
# <colnr> <probs for GDERKNQSTAVLIFYWHMCP>
#	G	D	E	R	K	N	Q	S	T	A	V	L	I	F	Y	W	H	M	C	P
0	0.01145	0.00582	0.00728	0.00625	0.00817	0.00547	0.00486	0.06663	0.05269	0.33478	0.16420	0.12773	0.06978	0.04570	0.00506	0.00142	0.00291	0.00598	0.06863	0.00521
1	0.00609	0.00410	0.00540	0.00591	0.00634	0.00406	0.00429	0.00698	0.03864	0.01021	0.03944	0.30878	0.02023	0.16112	0.00978	0.15174	0.00320	0.20734	0.00322	0.00313
2	0.01394	0.01142	0.22523	0.00963	0.03294	0.00812	0.05955	0.12583	0.02504	0.40006	0.03853	0.01218	0.00896	0.00468	0.00409	0.00127	0.00444	0.00389	0.00374	0.00646
3	0.02806	0.00573	0.03683	0.00628	0.02360	0.00506	0.02401	0.00962	0.08630	0.04459	0.44700	0.06037	0.15798	0.00774	0.00454	0.00129	0.00253	0.00673	0.00398	0.03775
4	0.00977	0.00931	0.01584	0.02375	0.78035	0.00935	0.01199	0.01212	0.00907	0.01301	0.00783	0.01041	0.00666	0.00530	0.05656	0.00154	0.00520	0.00366	0.00202	0.00625
5	0.04464	0.77239	0.04643	0.00712	0.01061	0.02668	0.00713	0.02782	0.00846	0.01030	0.00578	0.00665	0.00521	0.00353	0.00268	0.00091	0.00439	0.00223	0.00181	0.00523
6	0.02718	0.14637	0.44256	0.01051	0.04186	0.01052	0.03744	0.10247	0.04926	0.03371	0.01994	0.00922	0.00639	0.00402	0.00369	0.00119	0.00512	0.00315	0.00228	0.04314
7	0.01084	0.09634	0.31801	0.03127	0.08656	0.13855	0.04129	0.02888	0.04846	0.09921	0.00886	0.02541	0.00681	0.00523	0.03573	0.00141	0.00564	0.00341	0.00238	0.00569
8	0.06323	0.02016	0.78429	0.01117	0.01695	0.00940	0.01433	0.01279	0.00846	0.01318	0.00718	0.00844	0.00509	0.00385	0.00377	0.00128	0.00582	0.00295	0.00176	0.00590
9	0.00683	0.00550	0.00825	0.02503	0.04023	0.00541	0.09869	0.07735	0.00913	0.01224	0.05911	0.46477	0.03840	0.08921	0.00641	0.00175	0.00339	0.04092	0.00340	0.00397
10	0.03451	0.00864	0.02394	0.23024	0.33527	0.02969	0.02388	0.03361	0.02104	0.15811	0.02929	0.01217	0.03298	0.00437	0.00404	0.00126	0.00461	0.00390	0.00269	0.00576
11	0.01216	0.00918	0.00886	0.00783	0.02037	0.17140	0.01520	0.12122	0.08123	0.19647	0.01377	0.09571	0.03739	0.08228	0.05533	0.00179	0.00463	0.00481	0.05522	0.00517
12	0.00595	0.00532	0.03810	0.00600	0.00728	0.00476	0.00496	0.00804	0.06349	0.01205	0.09753	0.13965	0.35154	0.00994	0.00528	0.00153	0.03502	0.19605	0.00369	0.00386
13	0.00947	0.00848	0.01353	0.45517	0.16369	0.02614	0.08405	0.08162	0.02328	0.04670	0.00908	0.01205	0.02283	0.00434	0.00416	0.00132	0.00517	0.02138	0.00232	0.00523
14	0.02563	0.03856	0.00923	0.00775	0.00959	0.12384	0.05649	0.01323	0.20043	0.06431	0.19354	0.06072	0.08081	0.00789	0.04844	0.00158	0.02261	0.02700	0.00352	0.00485
15	0.01744	0.00776	0.00990	0.00763	0.01076	0.00728	0.00629	0.16236	0.03925	0.66405	0.01490	0.01313	0.00956	0.00501	0.00408	0.00125	0.00363	0.00402	0.00482	0.00689
16	0.03678	0.00944	0.01077	0.00830	0.01142	0.00984	0.00685	0.48710	0.01577	0.31535	0.01200	0.01130	0.00808	0.00489	0.00399	0.00122	0.00399	0.00378	0.03238	0.00674
17	0.01028	0.02442	0.01475	0.22401	0.43226	0.10789	0.04177	0.05700	0.00981	0.01282	0.02236	0.01024	0.00661	0.00393	0.00401	0.00122	0.00526	0.00358	0.00212	0.00567
18	0.14898	0.00635	0.00771	0.00659	0.00887	0.00606	0.00528	0.05144	0.01029	0.42725	0.03161	0.17451	0.04155	0.00685	0.00416	0.00136	0.00318	0.04824	0.00423	0.00549
19	0.01243	0.00886	0.00948	0.00775	0.01020	0.00974	0.00623	0.46226	0.14853	0.03470	0.01225	0.04683	0.00945	0.00527	0.00385	0.00120	0.00359	0.00417	0.19724	0.00598
20	0.01100	0.17254	0.01128	0.00735	0.00973	0.06910	0.00610	0.26373	0.04845	0.04428	0.27717	0.01663	0.03437	0.00581	0.00401	0.00117	0.00367	0.00465	0.00363	0.00532
21	0.13781	0.00790	0.00981	0.01027	0.15192	0.03595	0.00692	0.01483	0.12204	0.24951	0.07758	0.05635	0.01153	0.00583	0.01705	0.00140	0.06979	0.00436	0.00351	0.00565
22	0.00552	0.00397	0.00506	0.00552	0.00602	0.00382	0.00389	0.00665	0.02259	0.01119	0.15047	0.40252	0.07200	0.16352	0.02620	0.00211	0.00291	0.09907	0.00361	0.00335
23	0.00629	0.00450	0.00600	0.00674	0.00764	0.00439	0.00557	0.00804	0.02755	0.02535	0.02364	0.20949	0.11349	0.01118	0.00537	0.00175	0.00325	0.52225	0.00378	0.00372

[dist]
# distance from previous block
# <min> <max>
1	2

[block]
# block no. 10 follows, 66 sequences, length 29
# corresponding to MSA columns:
# 264-269,276-298
name=unknown_K
#
# <colnr> <probs for GDERKNQSTAVLIFYWHMCP>
#	G	D	E	R	K	N	Q	S	T	A	V	L	I	F	Y	W	H	M	C	P
0	0.00697	0.03363	0.00751	0.00679	0.00756	0.00634	0.00521	0.02969	0.05747	0.02283	0.01187	0.11599	0.01181	0.10373	0.41404	0.04938	0.09766	0.00515	0.00253	0.00382
1	0.05122	0.00419	0.00486	0.00488	0.00525	0.00420	0.00312	0.00669	0.00688	0.02415	0.08421	0.10654	0.03119	0.55216	0.04301	0.02643	0.00374	0.03151	0.00284	0.00291
2	0.00919	0.00669	0.04353	0.00721	0.03095	0.00617	0.00567	0.12051	0.08129	0.12687	0.25369	0.16416	0.07066	0.00785	0.00458	0.00137	0.00301	0.04759	0.00407	0.00493
3	0.01083	0.47968	0.11469	0.00795	0.01150	0.11428	0.00774	0.03500	0.05779	0.01131	0.00687	0.00769	0.00577	0.00371	0.00306	0.00095	0.00467	0.00254	0.00206	0.11191
4	0.00889	0.06096	0.50522	0.03011	0.17824	0.00965	0.07147	0.01277	0.01884	0.02834	0.02131	0.00961	0.00628	0.00425	0.01586	0.00133	0.00565	0.00335	0.00194	0.00593
5	0.00604	0.00437	0.00592	0.00676	0.00758	0.00426	0.00561	0.00758	0.00903	0.01173	0.03695	0.22136	0.08945	0.01141	0.00543	0.00177	0.00327	0.55411	0.00376	0.00362
6	0.01130	0.01042	0.13195	0.00864	0.01153	0.00930	0.00789	0.38715	0.06709	0.04099	0.11790	0.03953	0.01395	0.00630	0.00437	0.00135	0.00410	0.11670	0.00374	0.00580
7	0.05769	0.11344	0.05615	0.09400	0.03157	0.07321	0.03517	0.17428	0.13767	0.07942	0.06853	0.01288	0.02341	0.00494	0.00389	0.00123	0.00436	0.01933	0.00318	0.00563
8	0.00702	0.00451	0.00538	0.00509	0.00651	0.00403	0.00388	0.00826	0.00944	0.13342	0.12978	0.09943	0.45154	0.01174	0.09938	0.00195	0.00327	0.00752	0.00386	0.00400
9	0.00512	0.00387	0.00473	0.00506	0.00582	0.00348	0.00359	0.00625	0.00922	0.01216	0.25033	0.39417	0.25987	0.01080	0.00496	0.00147	0.00215	0.00953	0.00396	0.00348
10	0.01085	0.85986	0.02126	0.00694	0.01041	0.01605	0.00694	0.01215	0.00824	0.00955	0.00564	0.00651	0.00521	0.00347	0.00260	0.00087	0.00434	0.00217	0.00174	0.00521
11	0.02473	0.02935	0.42062	0.06748	0.14082	0.00977	0.13739	0.06985	0.00960	0.04093	0.00788	0.00949	0.00578	0.00387	0.00401	0.00128	0.00564	0.00346	0.00211	0.00594
12	0.13587	0.13823	0.60016	0.01000	0.01514	0.01032	0.01231	0.01262	0.00828	0.01316	0.00681	0.00799	0.00504	0.00379	0.00348	0.00122	0.00535	0.00276	0.00183	0.00565
13	0.00968	0.02423	0.04125	0.03999	0.51882	0.00893	0.02126	0.06826	0.04768	0.02975	0.03243	0.09485	0.03486	0.00505	0.00417	0.00127	0.00436	0.00467	0.00258	0.00590
14	0.00987	0.00965	0.01562	0.11421	0.63936	0.04077	0.03955	0.01226	0.00917	0.01280	0.00753	0.00997	0.00624	0.00365	0.00398	0.00119	0.00495	0.00355	0.00201	0.05369
15	0.00576	0.00463	0.00521	0.00510	0.00639	0.00433	0.00389	0.00821	0.09672	0.01327	0.27603	0.05530	0.43271	0.00929	0.00478	0.00138	0.00225	0.05687	0.00402	0.00388
16	0.01169	0.01004	0.01131	0.03695	0.13753	0.05319	0.00787	0.23926	0.38484	0.01809	0.01218	0.01212	0.00917	0.00485	0.00403	0.00126	0.00408	0.00398	0.00355	0.03401
17	0.01061	0.03779	0.01245	0.01048	0.01115	0.23359	0.00854	0.01155	0.00769	0.00980	0.00559	0.00839	0.00530	0.00621	0.01041	0.00155	0.59925	0.00326	0.00186	0.00453
18	0.01191	0.05342	0.16178	0.06135	0.05887	0.00928	0.02567	0.24122	0.02787	0.16273	0.06703	0.02748	0.00989	0.00626	0.04703	0.00152	0.00477	0.01263	0.00331	0.00596
19	0.01201	0.06062	0.03346	0.02882	0.20761	0.00903	0.10309	0.03875	0.15063	0.22976	0.03236	0.01343	0.00960	0.00476	0.00431	0.00129	0.02054	0.03047	0.00332	0.00614
20	0.00524	0.00389	0.00532	0.00578	0.00621	0.00364	0.03067	0.00604	0.00788	0.01049	0.06328	0.64338	0.06983	0.10974	0.00691	0.00187	0.00265	0.01028	0.00359	0.00331
21	0.06112	0.00880	0.01011	0.00802	0.01092	0.00914	0.00659	0.36779	0.06917	0.31034	0.05426	0.01378	0.01046	0.00532	0.00408	0.00127	0.00379	0.03424	0.00433	0.00646
22	0.05379	0.36848	0.21204	0.01905	0.02719	0.04538	0.06382	0.03891	0.01799	0.10720	0.00773	0.00849	0.00593	0.00386	0.00336	0.00110	0.00487	0.00290	0.00229	0.00563
23	0.02573	0.00922	0.01609	0.09928	0.38342	0.03442	0.22582	0.01162	0.00913	0.01255	0.01038	0.08081	0.03927	0.00475	0.00434	0.00131	0.00514	0.01898	0.00225	0.00548
24	0.00552	0.00438	0.00499	0.00489	0.00609	0.00400	0.00368	0.00751	0.05941	0.01330	0.33210	0.07748	0.42531	0.00940	0.00479	0.00136	0.00213	0.02588	0.00405	0.00376
25	0.00909	0.15978	0.61118	0.01039	0.01556	0.01039	0.01272	0.04825	0.00904	0.03304	0.00777	0.00961	0.00595	0.01467	0.00391	0.00126	0.00550	0.02410	0.00196	0.00582
26	0.02195	0.10941	0.03560	0.07705	0.13861	0.22024	0.02380	0.07122	0.08027	0.14266	0.00916	0.00992	0.00692	0.00436	0.00408	0.00118	0.03175	0.00334	0.00277	0.00570
27	0.00962	0.00931	0.04026	0.13317	0.58278	0.00920	0.03377	0.01243	0.03991	0.03162	0.00886	0.03045	0.00753	0.00422	0.00412	0.00127	0.00481	0.02848	0.00221	0.00599
28	0.00555	0.00398	0.00466	0.00499	0.00592	0.00349	0.00355	0.00646	0.00868	0.05298	0.03107	0.41841	0.41333	0.01114	0.00494	0.00149	0.00227	0.00972	0.00383	0.00354

[dist]
# distance from previous block
# <min> <max>
0	10

[block]
# block no. 11 follows, 66 sequences, length 9
# corresponding to MSA columns:
# 311-319
name=unknown_L
#
# <colnr> <probs for GDERKNQSTAVLIFYWHMCP>
#	G	D	E	R	K	N	Q	S	T	A	V	L	I	F	Y	W	H	M	C	P
0	0.00998	0.51878	0.13101	0.00849	0.04058	0.01256	0.04251	0.01190	0.00846	0.03334	0.00755	0.06184	0.00688	0.00412	0.00316	0.00099	0.00441	0.00312	0.00204	0.08828
1	0.01141	0.63867	0.05022	0.00873	0.06117	0.11110	0.00772	0.05064	0.00920	0.01070	0.00609	0.00705	0.00536	0.00364	0.00293	0.00094	0.00478	0.00241	0.00190	0.00533
2	0.02296	0.05098	0.26782	0.00938	0.02812	0.13377	0.00920	0.06292	0.05018	0.09703	0.03420	0.04432	0.01012	0.00543	0.00404	0.00127	0.00486	0.10140	0.00283	0.05918
3	0.05793	0.00993	0.04815	0.06135	0.55841	0.00977	0.02584	0.08062	0.06217	0.03440	0.00845	0.01024	0.00672	0.00391	0.00396	0.00123	0.00468	0.00361	0.00239	0.00624
4	0.00615	0.00412	0.00531	0.05893	0.00656	0.00421	0.00366	0.00637	0.00670	0.00898	0.07772	0.07782	0.01593	0.48334	0.03325	0.14385	0.00384	0.04790	0.00261	0.00273
5	0.00736	0.00442	0.00567	0.00550	0.00601	0.00445	0.00374	0.05858	0.00726	0.05286	0.01293	0.13066	0.03937	0.27232	0.08309	0.29042	0.00411	0.00560	0.00266	0.00299
6	0.01039	0.02762	0.03432	0.08990	0.40172	0.05917	0.05245	0.07227	0.06868	0.04898	0.03639	0.06158	0.00907	0.00467	0.00411	0.00126	0.00470	0.00426	0.00260	0.00585
7	0.02836	0.01017	0.04810	0.06213	0.44913	0.03334	0.07007	0.07848	0.12226	0.02972	0.00910	0.01073	0.00716	0.00421	0.00424	0.01562	0.00479	0.00376	0.00251	0.00612
8	0.08930	0.00737	0.00857	0.00938	0.12878	0.06713	0.02607	0.08764	0.04550	0.01435	0.13573	0.17608	0.12035	0.00759	0.00441	0.00137	0.00349	0.05890	0.00337	0.00462

[dist]
# distance from previous block
# <min> <max>
0	9

[block]
# block no. 12 follows, 66 sequences, length 20
# corresponding to MSA columns:
# 329-334,337-350
name=unknown_M
#
# <colnr> <probs for GDERKNQSTAVLIFYWHMCP>
#	G	D	E	R	K	N	Q	S	T	A	V	L	I	F	Y	W	H	M	C	P
0	0.08095	0.00767	0.02489	0.02893	0.04049	0.06957	0.00585	0.11588	0.06156	0.04696	0.08772	0.27339	0.01646	0.00748	0.00427	0.00133	0.00348	0.03606	0.00343	0.08363
1	0.14549	0.03719	0.00771	0.00622	0.00846	0.04474	0.00483	0.08551	0.00918	0.01395	0.02690	0.18496	0.06072	0.03829	0.01592	0.00129	0.00335	0.01502	0.00295	0.28732
2	0.06214	0.07461	0.08656	0.02339	0.12350	0.08587	0.06839	0.14963	0.06056	0.08721	0.00876	0.00985	0.00671	0.00504	0.02481	0.00136	0.07440	0.00344	0.00274	0.04105
3	0.07169	0.39330	0.12748	0.01051	0.14493	0.05328	0.00857	0.03552	0.02539	0.01207	0.00775	0.00879	0.03135	0.00387	0.00321	0.00104	0.00454	0.00284	0.00206	0.05181
4	0.00606	0.00459	0.03074	0.00498	0.00555	0.00407	0.00339	0.00669	0.00732	0.02609	0.11083	0.11513	0.08265	0.52678	0.01445	0.00295	0.00342	0.02383	0.00299	0.01750
5	0.01125	0.61247	0.08652	0.00785	0.01125	0.10697	0.00770	0.04680	0.00912	0.02304	0.00684	0.00768	0.02097	0.00388	0.00319	0.00097	0.02376	0.00253	0.00196	0.00526
6	0.00848	0.00632	0.00797	0.00696	0.03412	0.00590	0.02319	0.05505	0.06112	0.06457	0.08016	0.05455	0.08642	0.07891	0.03799	0.08117	0.03146	0.00470	0.00302	0.26793
7	0.05088	0.17365	0.13113	0.00928	0.01267	0.03789	0.09745	0.16312	0.05292	0.10151	0.01031	0.03962	0.00847	0.00492	0.00387	0.00123	0.00462	0.06033	0.00294	0.03319
8	0.00970	0.00955	0.03953	0.01090	0.01342	0.08507	0.29652	0.13119	0.01042	0.03436	0.03106	0.15605	0.01154	0.08260	0.05735	0.00190	0.00553	0.00562	0.00281	0.00488
9	0.02952	0.00447	0.00546	0.00572	0.00657	0.00430	0.00408	0.05197	0.02624	0.04895	0.10837	0.54202	0.12541	0.01078	0.00489	0.00152	0.00247	0.00956	0.00389	0.00382
10	0.01002	0.60508	0.26883	0.00835	0.01258	0.01404	0.00939	0.01236	0.00834	0.01055	0.00614	0.00713	0.00519	0.00359	0.00298	0.00099	0.00484	0.00242	0.00173	0.00545
11	0.00685	0.00377	0.00532	0.00523	0.00540	0.00374	0.00347	0.00567	0.00556	0.00753	0.00818	0.01469	0.00842	0.15249	0.05662	0.66244	0.00393	0.00391	0.00192	0.03486
12	0.00940	0.00584	0.00644	0.00573	0.00740	0.00602	0.00446	0.10119	0.15082	0.09554	0.12705	0.03232	0.07491	0.00593	0.00376	0.00117	0.00258	0.00490	0.34969	0.00485
13	0.00590	0.00449	0.00639	0.00646	0.00712	0.00508	0.00493	0.00749	0.03054	0.01021	0.05837	0.15940	0.01481	0.04473	0.56085	0.00492	0.03907	0.02292	0.00265	0.00366
14	0.24752	0.00948	0.00983	0.00801	0.01078	0.04267	0.04270	0.30423	0.10645	0.01936	0.03532	0.01185	0.00851	0.00482	0.00368	0.00123	0.00394	0.04439	0.00333	0.08190
15	0.00841	0.00721	0.00841	0.00601	0.00961	0.00541	0.00481	0.01022	0.00841	0.01322	0.00721	0.00841	0.00601	0.00300	0.00300	0.00060	0.00300	0.00240	0.00240	0.88222
16	0.00672	0.00546	0.00611	0.00558	0.00718	0.02129	0.02947	0.03634	0.09962	0.04299	0.14683	0.05827	0.50124	0.00884	0.00466	0.00135	0.00256	0.00748	0.00388	0.00414
17	0.00517	0.00410	0.00464	0.00455	0.00572	0.00358	0.00340	0.00652	0.01006	0.01299	0.34542	0.06726	0.49301	0.00960	0.00481	0.00134	0.00201	0.00820	0.00404	0.00358
18	0.00901	0.01006	0.02140	0.01551	0.01923	0.00940	0.70930	0.01214	0.00954	0.01277	0.01180	0.01494	0.08382	0.00437	0.00482	0.00139	0.00627	0.03674	0.00228	0.00521
19	0.01541	0.01175	0.01214	0.00939	0.01258	0.05319	0.00772	0.77926	0.01870	0.02480	0.00957	0.00962	0.00682	0.00484	0.00404	0.00121	0.00460	0.00360	0.00396	0.00679

[dist]
# distance from previous block
# <min> <max>
0	3

[block]
# block no. 13 follows, 66 sequences, length 14
# corresponding to MSA columns:
# 354-364,375-377
name=unknown_N
#
# <colnr> <probs for GDERKNQSTAVLIFYWHMCP>
#	G	D	E	R	K	N	Q	S	T	A	V	L	I	F	Y	W	H	M	C	P
0	0.75386	0.00829	0.00713	0.00675	0.05096	0.00948	0.00514	0.09247	0.00824	0.01868	0.00616	0.00708	0.00475	0.00387	0.00274	0.00125	0.00336	0.00242	0.00264	0.00475
1	0.59912	0.00874	0.02787	0.00704	0.03120	0.00957	0.01922	0.09751	0.11999	0.01836	0.00773	0.00833	0.00588	0.00410	0.00301	0.00126	0.00346	0.00278	0.00285	0.02199
2	0.17316	0.03198	0.08760	0.04776	0.41096	0.08465	0.02989	0.04045	0.00929	0.01414	0.02919	0.00952	0.00662	0.00389	0.00370	0.00121	0.00481	0.00330	0.00221	0.00568
3	0.00583	0.00420	0.00576	0.00576	0.00623	0.00466	0.00413	0.00676	0.00630	0.00886	0.01156	0.01977	0.01181	0.32928	0.54477	0.00559	0.00836	0.00491	0.00228	0.00320
4	0.01109	0.77993	0.04095	0.00726	0.01074	0.04410	0.00720	0.04093	0.00875	0.01021	0.00585	0.00670	0.00527	0.00355	0.00272	0.00090	0.00449	0.00226	0.00183	0.00527
5	0.00493	0.00359	0.00465	0.00549	0.00584	0.00331	0.00370	0.00567	0.00792	0.01042	0.02429	0.77097	0.10939	0.01246	0.00514	0.00162	0.00232	0.01123	0.00377	0.00331
6	0.00933	0.00870	0.01438	0.37660	0.44063	0.00954	0.01167	0.05765	0.00932	0.01272	0.00757	0.01036	0.00602	0.00388	0.00404	0.00127	0.00505	0.00361	0.00204	0.00563
7	0.00696	0.00520	0.00662	0.00601	0.00737	0.00485	0.01667	0.04217	0.02327	0.01224	0.15604	0.12805	0.01782	0.14608	0.07674	0.06963	0.00375	0.07554	0.00309	0.19189
8	0.03736	0.01070	0.01233	0.00961	0.01271	0.06311	0.09290	0.42586	0.13703	0.10873	0.01085	0.01083	0.00778	0.00469	0.00404	0.00123	0.00451	0.00381	0.00374	0.03817
9	0.05861	0.00731	0.00895	0.00714	0.00994	0.02297	0.00581	0.06496	0.08266	0.57045	0.07947	0.01527	0.03700	0.00539	0.00407	0.00126	0.00339	0.00437	0.00462	0.00635
10	0.00830	0.04955	0.33983	0.11069	0.01603	0.00848	0.12765	0.01194	0.04529	0.04319	0.08344	0.02940	0.06995	0.00518	0.00422	0.00132	0.00497	0.03280	0.00250	0.00526
11	0.01316	0.00959	0.01056	0.00818	0.01126	0.01000	0.00667	0.49052	0.08710	0.07447	0.04820	0.01172	0.02437	0.00484	0.00391	0.00112	0.00385	0.00379	0.00383	0.17287
12	0.01242	0.28545	0.04406	0.00875	0.01160	0.26415	0.00748	0.11000	0.19265	0.01332	0.00880	0.00913	0.00701	0.00432	0.00348	0.00109	0.00506	0.00305	0.00265	0.00555
13	0.04405	0.29165	0.18917	0.00953	0.03465	0.21917	0.00899	0.10233	0.04269	0.01281	0.00708	0.00794	0.00567	0.00398	0.00339	0.00108	0.00537	0.00275	0.00221	0.00549

[dist]
# distance from previous block
# <min> <max>
5	10

[block]
# block no. 14 follows, 66 sequences, length 45
# corresponding to MSA columns:
# 413-457
name=unknown_O
#
# <colnr> <probs for GDERKNQSTAVLIFYWHMCP>
#	G	D	E	R	K	N	Q	S	T	A	V	L	I	F	Y	W	H	M	C	P
0	0.81500	0.03109	0.00648	0.00549	0.00795	0.03150	0.00450	0.01188	0.00704	0.01746	0.00586	0.00715	0.00472	0.02705	0.00304	0.00131	0.00330	0.00231	0.00248	0.00437
1	0.00656	0.00471	0.00546	0.00509	0.00636	0.00449	0.00387	0.04453	0.05692	0.02626	0.43719	0.02877	0.23574	0.00803	0.00448	0.00126	0.00216	0.00687	0.10720	0.00404
