[name]
unknown

[dist]
# distance from previous block
# <min> <max>
14	230

[block]
# block no. 0 follows, 68 sequences, length 48
# corresponding to MSA columns:
# 367-414
name=unknown_A
#
# <colnr> <probs for GDERKNQSTAVLIFYWHMCP>
#	G	D	E	R	K	N	Q	S	T	A	V	L	I	F	Y	W	H	M	C	P
0	0.06943	0.12582	0.18201	0.01048	0.11968	0.00876	0.05519	0.01403	0.00922	0.25763	0.00979	0.01017	0.01672	0.00404	0.00370	0.00113	0.01423	0.00328	0.00283	0.08187
1	0.07409	0.21519	0.15066	0.01024	0.10941	0.07503	0.04859	0.03081	0.01684	0.11308	0.03548	0.01004	0.00735	0.00404	0.00347	0.00109	0.00453	0.01838	0.00246	0.06924
2	0.09777	0.23225	0.20165	0.01963	0.05557	0.10226	0.02394	0.01349	0.02436	0.12835	0.03066	0.00910	0.00680	0.00396	0.00336	0.00109	0.00465	0.00295	0.00242	0.03574
3	0.06521	0.16357	0.37148	0.02300	0.08521	0.04012	0.06015	0.03698	0.02168	0.05650	0.00745	0.00855	0.00561	0.00375	0.00353	0.00115	0.00507	0.00297	0.00209	0.03595
4	0.14084	0.15914	0.22648	0.05458	0.03505	0.03175	0.04001	0.03440	0.06034	0.09146	0.00841	0.02954	0.00653	0.00408	0.00343	0.00115	0.00444	0.00316	0.00244	0.06278
5	0.15412	0.21112	0.20624	0.00855	0.05078	0.04408	0.00811	0.07332	0.03543	0.04288	0.06187	0.01047	0.03623	0.00430	0.00336	0.00112	0.00423	0.00320	0.00247	0.03814
6	0.30329	0.13227	0.15743	0.00818	0.05357	0.06264	0.00737	0.03332	0.01869	0.08278	0.03751	0.00902	0.00679	0.00497	0.03568	0.00134	0.00438	0.00287	0.00247	0.03541
7	0.29536	0.04944	0.17000	0.00920	0.10298	0.00865	0.00775	0.03833	0.04871	0.14913	0.02577	0.00943	0.00684	0.00403	0.00333	0.00117	0.00390	0.00303	0.00277	0.06017
8	0.27716	0.00682	0.00711	0.00607	0.03239	0.00644	0.00461	0.02638	0.02725	0.03813	0.05786	0.01283	0.08523	0.04081	0.00389	0.00109	0.00296	0.00343	0.00276	0.35678
9	0.03352	0.00720	0.01167	0.39800	0.27637	0.00797	0.00970	0.01019	0.00876	0.01212	0.13161	0.02981	0.03710	0.00479	0.00406	0.00127	0.00437	0.00433	0.00233	0.00484
10	0.00512	0.00391	0.00472	0.00487	0.00576	0.00350	0.00357	0.00639	0.00948	0.01251	0.32650	0.24189	0.30941	0.00996	0.00480	0.00139	0.00209	0.03673	0.00393	0.00347
11	0.00679	0.00578	0.00909	0.01284	0.32720	0.00565	0.00702	0.00815	0.00818	0.01125	0.01626	0.51348	0.01843	0.00895	0.00463	0.00145	0.00326	0.02416	0.00301	0.00441
12	0.01259	0.00987	0.01050	0.00862	0.01135	0.01114	0.00694	0.44081	0.40457	0.02099	0.01267	0.01203	0.00930	0.00505	0.00400	0.00126	0.00378	0.00400	0.00400	0.00652
13	0.00981	0.00942	0.01609	0.02434	0.83592	0.00942	0.01217	0.01217	0.00903	0.01295	0.00746	0.00981	0.00628	0.00353	0.00393	0.00118	0.00471	0.00353	0.00196	0.00628
14	0.01191	0.00885	0.01430	0.01965	0.60845	0.00868	0.01049	0.04518	0.00995	0.20905	0.00948	0.01067	0.00714	0.00391	0.00394	0.00119	0.00438	0.00364	0.00274	0.00641
15	0.00808	0.01961	0.76521	0.01180	0.01749	0.00928	0.08865	0.01257	0.00846	0.01257	0.00720	0.00858	0.00511	0.00373	0.00385	0.00126	0.00594	0.00309	0.00170	0.00581
16	0.00981	0.00942	0.01609	0.02434	0.83592	0.00942	0.01217	0.01217	0.00903	0.01295	0.00746	0.00981	0.00628	0.00353	0.00393	0.00118	0.00471	0.00353	0.00196	0.00628
17	0.00805	0.05182	0.80967	0.01113	0.01690	0.00945	0.01436	0.01253	0.00836	0.01244	0.00706	0.00830	0.00503	0.00375	0.00372	0.00124	0.00580	0.00290	0.00168	0.00583
18	0.00939	0.00899	0.01533	0.17468	0.68889	0.00931	0.01196	0.01180	0.00883	0.01244	0.00738	0.00995	0.00610	0.00361	0.00393	0.00120	0.00481	0.00353	0.00193	0.00594
19	0.00641	0.01031	0.32862	0.00805	0.01062	0.00576	0.02843	0.00870	0.00803	0.02763	0.01595	0.47901	0.02908	0.00866	0.00452	0.00145	0.00381	0.00769	0.00289	0.00437
20	0.00981	0.00942	0.01609	0.02434	0.83592	0.00942	0.01217	0.01217	0.00903	0.01295	0.00746	0.00981	0.00628	0.00353	0.00393	0.00118	0.00471	0.00353	0.00196	0.00628
21	0.00975	0.00936	0.01599	0.04503	0.81568	0.00941	0.01214	0.01212	0.00900	0.01288	0.00745	0.00983	0.00626	0.00354	0.00393	0.00118	0.00472	0.00353	0.00196	0.00623
22	0.00801	0.02010	0.80627	0.01153	0.01731	0.00924	0.04809	0.01256	0.00841	0.01256	0.00715	0.00847	0.00506	0.00375	0.00380	0.00126	0.00589	0.00300	0.00169	0.00584
23	0.00948	0.00792	0.01337	0.41842	0.31012	0.00863	0.04082	0.01188	0.00874	0.10355	0.00846	0.02652	0.00656	0.00405	0.00400	0.00127	0.00487	0.00377	0.00223	0.00534
24	0.00782	0.01978	0.80454	0.01105	0.01667	0.00895	0.01418	0.01226	0.00834	0.01245	0.00774	0.04455	0.00593	0.00414	0.00382	0.00127	0.00571	0.00329	0.00176	0.00575
25	0.00972	0.00932	0.01592	0.05860	0.80241	0.00940	0.01212	0.01208	0.00898	0.01284	0.00744	0.00984	0.00624	0.00355	0.00393	0.00118	0.00473	0.00353	0.00195	0.00620
26	0.01138	0.01057	0.12285	0.01315	0.03863	0.00850	0.44173	0.01426	0.00972	0.24240	0.01049	0.04037	0.00765	0.00415	0.00436	0.00130	0.00545	0.00446	0.00283	0.00575
27	0.00914	0.00803	0.01366	0.37647	0.36281	0.00869	0.04537	0.01155	0.00868	0.06771	0.00847	0.03708	0.00690	0.00417	0.00403	0.00127	0.00486	0.01360	0.00215	0.00534
28	0.00979	0.00949	0.01648	0.02393	0.79258	0.00945	0.05521	0.01220	0.00905	0.01294	0.00749	0.00986	0.00627	0.00352	0.00397	0.00119	0.00482	0.00359	0.00196	0.00623
29	0.01005	0.00909	0.01539	0.09000	0.72690	0.00918	0.01174	0.01238	0.00906	0.05663	0.00786	0.01007	0.00639	0.00364	0.00393	0.00119	0.00469	0.00356	0.00210	0.00615
30	0.01110	0.01492	0.50336	0.00985	0.01448	0.00787	0.03910	0.01449	0.00935	0.28390	0.01058	0.04631	0.00753	0.00450	0.00393	0.00126	0.00492	0.00369	0.00283	0.00602
31	0.01071	0.04553	0.05301	0.01326	0.01679	0.04431	0.51131	0.01342	0.00959	0.15469	0.01023	0.05546	0.00812	0.00437	0.00443	0.00131	0.00568	0.02975	0.00262	0.00541
32	0.01692	0.00738	0.01019	0.00844	0.05452	0.01946	0.03438	0.04970	0.01144	0.72196	0.01456	0.01295	0.00930	0.00476	0.00400	0.00122	0.00366	0.00395	0.00457	0.00664
33	0.01514	0.04021	0.07690	0.00870	0.05484	0.03217	0.03719	0.02831	0.01068	0.58419	0.01384	0.05949	0.00966	0.00502	0.00399	0.00123	0.00387	0.00419	0.00410	0.00628
34	0.01105	0.00942	0.04927	0.06592	0.51827	0.02016	0.02595	0.03761	0.05322	0.14618	0.00962	0.01094	0.01624	0.00400	0.00396	0.00121	0.00452	0.00369	0.00260	0.00617
35	0.05646	0.00924	0.01539	0.05404	0.76183	0.00937	0.01171	0.01207	0.00887	0.01311	0.00734	0.00966	0.00614	0.00356	0.00385	0.00119	0.00464	0.00346	0.00198	0.00611
36	0.05650	0.00928	0.01546	0.03962	0.77594	0.00938	0.01173	0.01210	0.00889	0.01315	0.00735	0.00965	0.00616	0.00355	0.00385	0.00118	0.00463	0.00346	0.00198	0.00614
37	0.06960	0.05354	0.02166	0.00910	0.07831	0.00832	0.03921	0.06923	0.18947	0.38179	0.02058	0.01230	0.00922	0.00466	0.00384	0.00122	0.00367	0.00384	0.00389	0.01654
38	0.03903	0.00928	0.03739	0.01035	0.01354	0.02247	0.25773	0.10176	0.16712	0.18150	0.02136	0.01276	0.04026	0.00452	0.00411	0.00124	0.00448	0.00424	0.00331	0.06354
39	0.16432	0.00958	0.04984	0.01084	0.04764	0.04083	0.26255	0.02566	0.08938	0.18699	0.00979	0.01048	0.00704	0.00397	0.00384	0.00122	0.00463	0.00370	0.00292	0.06475
40	0.06423	0.04046	0.04790	0.00965	0.04432	0.00782	0.18393	0.02711	0.06949	0.19352	0.00971	0.01031	0.00709	0.00378	0.00367	0.00106	0.00414	0.00344	0.00292	0.26546
41	0.02389	0.05745	0.09302	0.00831	0.03822	0.02648	0.01803	0.05345	0.10224	0.44417	0.01314	0.04455	0.00930	0.00486	0.00386	0.00120	0.00380	0.00396	0.00387	0.04621
42	0.01079	0.06669	0.16865	0.01344	0.18492	0.03480	0.17278	0.02882	0.05975	0.14550	0.00974	0.01069	0.02036	0.00398	0.00392	0.00119	0.00491	0.00368	0.00259	0.05281
43	0.01138	0.08193	0.05042	0.01298	0.28512	0.00818	0.02401	0.02186	0.06102	0.22763	0.04474	0.04416	0.00942	0.00448	0.00381	0.00114	0.00392	0.00391	0.00305	0.09682
44	0.02530	0.06535	0.25978	0.00957	0.06445	0.00792	0.04487	0.04421	0.00956	0.21040	0.03612	0.03997	0.00842	0.00439	0.00374	0.00113	0.00429	0.01133	0.00286	0.14634
45	0.01167	0.07372	0.12334	0.01300	0.21900	0.05044	0.08994	0.03459	0.03345	0.21002	0.02107	0.01048	0.00737	0.00399	0.00380	0.00114	0.00458	0.00350	0.00279	0.08212
46	0.03596	0.01063	0.11424	0.00918	0.06036	0.11834	0.04859	0.07270	0.04939	0.15941	0.01169	0.01252	0.06659	0.04095	0.00457	0.00122	0.01591	0.00371	0.00293	0.16112
47	0.01081	0.03815	0.13162	0.01452	0.32428	0.04437	0.02230	0.06330	0.06555	0.10968	0.00891	0.00992	0.00679	0.00386	0.00373	0.00111	0.00446	0.00333	0.00258	0.13075

[dist]
# distance from previous block
# <min> <max>
20	85

[block]
# block no. 1 follows, 68 sequences, length 60
# corresponding to MSA columns:
# 500-559
name=unknown_B
#
# <colnr> <probs for GDERKNQSTAVLIFYWHMCP>
#	G	D	E	R	K	N	Q	S	T	A	V	L	I	F	Y	W	H	M	C	P
0	0.08182	0.00916	0.01499	0.04180	0.72896	0.00928	0.01134	0.01225	0.00887	0.03349	0.00749	0.00965	0.00618	0.00359	0.00381	0.00119	0.00456	0.00343	0.00207	0.00609
1	0.02047	0.00511	0.00697	0.03440	0.11812	0.00477	0.00517	0.00840	0.00936	0.06888	0.24305	0.20819	0.18510	0.00821	0.00449	0.00131	0.00267	0.01676	0.00358	0.04500
2	0.09102	0.00919	0.00913	0.00775	0.05594	0.12814	0.00575	0.05296	0.03296	0.04926	0.00756	0.00847	0.00603	0.00345	0.00317	0.00082	0.00376	0.00262	0.00253	0.51949
3	0.10439	0.00692	0.00869	0.00691	0.02353	0.00615	0.00553	0.01643	0.03120	0.54554	0.03228	0.01214	0.00917	0.00448	0.00365	0.00111	0.00324	0.00357	0.00409	0.17096
4	0.31263	0.00863	0.00975	0.00836	0.02973	0.06357	0.04236	0.01314	0.00811	0.20321	0.00799	0.00902	0.00602	0.00484	0.00591	0.00134	0.23576	0.00311	0.00276	0.02375
5	0.00486	0.00364	0.00451	0.00510	0.00567	0.00330	0.00352	0.00572	0.00825	0.01074	0.09325	0.58473	0.22935	0.01147	0.00494	0.00151	0.00219	0.01021	0.00374	0.00330
6	0.01571	0.00694	0.00931	0.00735	0.01013	0.00636	0.02664	0.09407	0.03081	0.63038	0.01555	0.10527	0.01127	0.00568	0.00412	0.00127	0.00343	0.00477	0.00459	0.00632
7	0.02579	0.00686	0.00965	0.02126	0.09145	0.00613	0.00643	0.01767	0.01083	0.69023	0.01493	0.04829	0.01020	0.00514	0.00403	0.00125	0.00349	0.01544	0.00448	0.00645
8	0.00486	0.00366	0.00452	0.00518	0.00575	0.00331	0.00361	0.00568	0.00806	0.01036	0.02690	0.59517	0.25053	0.01170	0.00497	0.00154	0.00228	0.04497	0.00368	0.00327
9	0.00912	0.00965	0.01920	0.17910	0.24344	0.00963	0.44593	0.01206	0.00899	0.01228	0.00768	0.01043	0.00595	0.00351	0.00434	0.00129	0.00588	0.00415	0.00195	0.00542
10	0.01133	0.00801	0.01309	0.26134	0.35488	0.00826	0.02558	0.01356	0.00936	0.24090	0.00962	0.01107	0.00696	0.00404	0.00397	0.00124	0.00455	0.00368	0.00272	0.00584
11	0.00928	0.00923	0.01906	0.06811	0.01843	0.00879	0.59277	0.01218	0.00931	0.06782	0.01076	0.04302	0.02250	0.00466	0.00468	0.00139	0.00585	0.08461	0.00243	0.00511
12	0.00705	0.00681	0.01303	0.01054	0.01260	0.00640	0.35963	0.00912	0.00881	0.01176	0.05055	0.29540	0.06042	0.00796	0.00492	0.00149	0.00437	0.12194	0.00298	0.00424
13	0.00860	0.05815	0.75858	0.01087	0.01647	0.00932	0.01382	0.01289	0.00852	0.05637	0.00750	0.00855	0.00528	0.00381	0.00372	0.00124	0.00565	0.00295	0.00185	0.00587
14	0.00933	0.01184	0.37409	0.00875	0.02607	0.00658	0.00916	0.01197	0.00884	0.20517	0.01366	0.27136	0.01270	0.00670	0.00422	0.00136	0.00416	0.00576	0.00305	0.00526
15	0.00770	0.00728	0.01205	0.12457	0.30114	0.02542	0.10964	0.00958	0.00850	0.01145	0.01354	0.29251	0.04611	0.00679	0.00442	0.00136	0.00418	0.00642	0.00258	0.00475
16	0.00877	0.00827	0.01421	0.37990	0.42502	0.00899	0.04326	0.01124	0.00856	0.02207	0.00775	0.03035	0.00636	0.00394	0.00400	0.00126	0.00496	0.00376	0.00196	0.00537
17	0.00955	0.00851	0.01572	0.32734	0.18998	0.00886	0.24999	0.01218	0.00893	0.09855	0.00864	0.02874	0.00663	0.00397	0.00419	0.00129	0.00532	0.00408	0.00225	0.00529
18	0.00864	0.00671	0.02859	0.16891	0.04548	0.00642	0.16214	0.01053	0.00877	0.14736	0.01527	0.26957	0.05514	0.02142	0.00478	0.00145	0.00409	0.02706	0.00307	0.00461
19	0.00857	0.01694	0.58283	0.08321	0.04661	0.00918	0.14014	0.01262	0.00862	0.04346	0.00758	0.00916	0.00542	0.00375	0.00394	0.00127	0.00581	0.00331	0.00186	0.00570
20	0.00859	0.04795	0.76659	0.01091	0.01654	0.00924	0.01390	0.01291	0.00853	0.05828	0.00753	0.00859	0.00529	0.00382	0.00374	0.00124	0.00567	0.00296	0.00185	0.00588
21	0.00907	0.02751	0.67302	0.01153	0.03405	0.00902	0.07393	0.01320	0.00874	0.09165	0.00799	0.00904	0.00558	0.00384	0.00385	0.00125	0.00564	0.00317	0.00201	0.00591
22	0.01092	0.02109	0.31443	0.05823	0.04196	0.00812	0.16540	0.01400	0.00944	0.24700	0.01117	0.01250	0.03309	0.00443	0.00409	0.00128	0.00504	0.02921	0.00280	0.00579
23	0.01060	0.00977	0.15597	0.33399	0.08331	0.00818	0.08200	0.01332	0.00916	0.22930	0.02008	0.01116	0.00699	0.00414	0.00401	0.00127	0.00492	0.00369	0.00265	0.00550
24	0.00824	0.00722	0.03152	0.49933	0.10030	0.00783	0.05806	0.01054	0.00835	0.07686	0.01018	0.14507	0.00910	0.00530	0.00417	0.00135	0.00470	0.00484	0.00235	0.00468
25	0.00976	0.00706	0.08814	0.11165	0.03132	0.00577	0.03884	0.01152	0.00910	0.26281	0.01732	0.23710	0.09137	0.02707	0.00476	0.00144	0.00362	0.03300	0.00349	0.00486
26	0.00874	0.04748	0.36390	0.19728	0.06799	0.00829	0.02223	0.01182	0.00865	0.09975	0.02283	0.06831	0.04609	0.00483	0.00395	0.00127	0.00486	0.00408	0.00233	0.00529
27	0.01050	0.01613	0.57621	0.01014	0.01505	0.00816	0.03138	0.01415	0.00916	0.23149	0.00982	0.03420	0.00693	0.00431	0.00388	0.00126	0.00512	0.00349	0.00260	0.00601
28	0.00798	0.01977	0.79024	0.01164	0.03674	0.00914	0.03154	0.01244	0.00840	0.01253	0.00737	0.02142	0.00540	0.00388	0.00381	0.00126	0.00580	0.00311	0.00172	0.00582
29	0.00887	0.01741	0.65974	0.06747	0.01662	0.00857	0.01300	0.01284	0.00863	0.10224	0.00864	0.04347	0.00642	0.00425	0.00386	0.00127	0.00541	0.00342	0.00211	0.00575
30	0.00892	0.02426	0.23506	0.25384	0.22839	0.00878	0.05995	0.01187	0.00867	0.06694	0.00904	0.02845	0.03007	0.00417	0.00397	0.00126	0.00508	0.00375	0.00211	0.00544
31	0.01102	0.00769	0.03355	0.40096	0.08537	0.00790	0.06680	0.01350	0.02179	0.26903	0.02293	0.01228	0.00770	0.00437	0.00405	0.00129	0.00465	0.01685	0.00288	0.00540
32	0.00828	0.02694	0.01048	0.37737	0.09863	0.00713	0.03608	0.01023	0.00852	0.10605	0.02905	0.20193	0.05040	0.00625	0.00425	0.00135	0.00414	0.00562	0.00272	0.00458
33	0.00781	0.00926	0.23947	0.08741	0.01149	0.00586	0.00752	0.01004	0.00899	0.13173	0.03797	0.09878	0.31353	0.00714	0.00429	0.00132	0.00362	0.00599	0.00313	0.00464
34	0.00863	0.01587	0.55423	0.06813	0.09439	0.00848	0.03191	0.01232	0.00865	0.07473	0.02218	0.06650	0.00749	0.00449	0.00394	0.00128	0.00524	0.00378	0.00214	0.00565
35	0.00833	0.04164	0.79294	0.01105	0.01676	0.00927	0.01417	0.01275	0.00846	0.03853	0.00734	0.00848	0.00518	0.00379	0.00374	0.00124	0.00574	0.00294	0.00178	0.00587
36	0.00844	0.04144	0.64747	0.07550	0.01659	0.00877	0.01290	0.01235	0.00847	0.06557	0.00853	0.06126	0.00666	0.00438	0.00384	0.00127	0.00539	0.00354	0.00201	0.00562
37	0.00820	0.05052	0.56617	0.07419	0.04915	0.00907	0.07680	0.01213	0.02013	0.02581	0.02235	0.05247	0.00699	0.00428	0.00390	0.00127	0.00544	0.00364	0.00195	0.00555
38	0.00850	0.04492	0.12373	0.46706	0.18790	0.00912	0.03830	0.01124	0.00837	0.03775	0.00764	0.02461	0.00597	0.00398	0.00391	0.00127	0.00514	0.00357	0.00193	0.00509
39	0.00856	0.00705	0.01182	0.34723	0.19976	0.00756	0.06684	0.01067	0.00855	0.09097	0.01143	0.18017	0.02105	0.00568	0.00424	0.00134	0.00443	0.00526	0.00254	0.00486
40	0.00951	0.00877	0.20196	0.02738	0.01032	0.00579	0.00707	0.01190	0.03871	0.24585	0.06435	0.20694	0.12220	0.00724	0.00432	0.00135	0.00349	0.01425	0.00356	0.00503
41	0.01247	0.01245	0.33512	0.03087	0.06382	0.00761	0.05350	0.01537	0.00980	0.38295	0.01173	0.01159	0.02548	0.00438	0.00395	0.00125	0.00462	0.00367	0.00321	0.00617
42	0.00871	0.01825	0.66827	0.03716	0.07519	0.04028	0.01345	0.01276	0.00871	0.04955	0.02693	0.00922	0.00610	0.00392	0.00381	0.00124	0.00560	0.00312	0.00192	0.00579
43	0.00912	0.01846	0.70500	0.01111	0.01656	0.00887	0.05563	0.01332	0.00875	0.10467	0.00811	0.00906	0.00561	0.00387	0.00384	0.00126	0.00563	0.00314	0.00205	0.00593
44	0.00887	0.02710	0.61726	0.04880	0.02945	0.01938	0.03571	0.01270	0.00867	0.09008	0.00922	0.02324	0.03115	0.01635	0.00409	0.00129	0.00540	0.00344	0.00210	0.00568
45	0.01032	0.00990	0.11585	0.16456	0.38221	0.00862	0.06988	0.01290	0.00912	0.14553	0.00902	0.02902	0.00694	0.00404	0.00400	0.00124	0.00483	0.00378	0.00241	0.00584
46	0.00898	0.01002	0.16237	0.36135	0.18198	0.00859	0.06664	0.01180	0.00860	0.08535	0.00847	0.02567	0.00655	0.00467	0.02244	0.00140	0.00525	0.01248	0.00215	0.00526
47	0.00917	0.00941	0.07082	0.25105	0.46112	0.02156	0.03678	0.01169	0.00877	0.03807	0.00851	0.02280	0.02477	0.00399	0.00398	0.00124	0.00491	0.00374	0.00205	0.00558
48	0.00864	0.01895	0.74513	0.01095	0.01646	0.00886	0.03177	0.01294	0.00860	0.06920	0.00786	0.00893	0.00549	0.00386	0.00378	0.00125	0.00561	0.00306	0.02280	0.00586
49	0.02573	0.01592	0.55812	0.01026	0.03554	0.00820	0.01179	0.01454	0.00925	0.25844	0.00963	0.00990	0.00647	0.00410	0.00381	0.00124	0.00504	0.00325	0.00266	0.00611
50	0.01439	0.02323	0.13996	0.00851	0.01194	0.01964	0.07682	0.04408	0.01079	0.52663	0.03538	0.02197	0.03133	0.00490	0.00404	0.00124	0.00407	0.01094	0.00396	0.00620
51	0.00879	0.00844	0.01452	0.38128	0.45998	0.00918	0.03808	0.01131	0.00856	0.01173	0.00730	0.01017	0.00584	0.00371	0.00397	0.00124	0.00502	0.00357	0.00188	0.00544
52	0.01201	0.02714	0.05468	0.04172	0.06233	0.00714	0.20588	0.01412	0.00986	0.35364	0.04421	0.12632	0.01141	0.00545	0.00428	0.00130	0.00428	0.00512	0.00348	0.00562
53	0.01149	0.00688	0.03287	0.19949	0.10082	0.00651	0.02178	0.01331	0.00947	0.35358	0.01425	0.16669	0.03339	0.00600	0.00420	0.00132	0.00384	0.00526	0.00349	0.00539
54	0.00952	0.00912	0.01556	0.12916	0.73340	0.00934	0.01202	0.01191	0.00889	0.01260	0.00741	0.00991	0.00615	0.00359	0.00393	0.00120	0.00478	0.00353	0.00194	0.00604
55	0.00957	0.00917	0.01565	0.11133	0.75084	0.00936	0.01205	0.01195	0.00891	0.01266	0.00741	0.00989	0.00618	0.00358	0.00393	0.00119	0.00477	0.00353	0.00194	0.00608
56	0.00883	0.01715	0.58596	0.01228	0.01747	0.00914	0.20733	0.01291	0.00877	0.06126	0.00800	0.01888	0.00578	0.00383	0.00401	0.00128	0.00587	0.00351	0.00197	0.00576
57	0.00922	0.00881	0.01502	0.23642	0.62851	0.00926	0.01187	0.01165	0.00875	0.01223	0.00735	0.01001	0.00603	0.00364	0.00394	0.00121	0.00486	0.00353	0.00191	0.00580
58	0.00822	0.08916	0.74937	0.01131	0.04012	0.00974	0.01393	0.01249	0.00836	0.01230	0.00699	0.00825	0.00506	0.00373	0.00367	0.00122	0.00569	0.00288	0.00168	0.00581
59	0.00915	0.00878	0.01504	0.25588	0.59570	0.00926	0.02539	0.01161	0.00873	0.01216	0.00735	0.01004	0.00600	0.00365	0.00395	0.00122	0.00490	0.00355	0.00191	0.00574

[dist]
# distance from previous block
# <min> <max>
0	13

[block]
# block no. 2 follows, 68 sequences, length 33
# corresponding to MSA columns:
# 573-605
name=unknown_C
#
# <colnr> <probs for GDERKNQSTAVLIFYWHMCP>
#	G	D	E	R	K	N	Q	S	T	A	V	L	I	F	Y	W	H	M	C	P
0	0.01151	0.01278	0.37708	0.00976	0.03777	0.00737	0.04902	0.01443	0.00949	0.32703	0.01188	0.09463	0.00903	0.00503	0.00403	0.00128	0.00457	0.00426	0.00313	0.00592
1	0.00945	0.00905	0.01544	0.15280	0.71028	0.00933	0.01199	0.01185	0.00886	0.01251	0.00739	0.00993	0.00613	0.00360	0.00393	0.00120	0.00480	0.00353	0.00193	0.00599
2	0.00745	0.00695	0.01098	0.18737	0.34332	0.00707	0.02770	0.00940	0.00882	0.01163	0.03493	0.04185	0.27431	0.00604	0.00424	0.00128	0.00388	0.00539	0.00257	0.00479
3	0.00826	0.03689	0.80196	0.01110	0.01684	0.00925	0.01426	0.01272	0.00844	0.03423	0.00731	0.00847	0.00515	0.00379	0.00375	0.00125	0.00576	0.00294	0.00176	0.00587
4	0.00875	0.01083	0.11863	0.10739	0.13307	0.00926	0.46900	0.01185	0.00892	0.01227	0.00865	0.06655	0.00719	0.00409	0.00441	0.00132	0.00587	0.00462	0.00204	0.00529
5	0.00709	0.00493	0.00789	0.02165	0.00876	0.00460	0.11573	0.00831	0.00833	0.10961	0.01895	0.60296	0.02105	0.01010	0.00487	0.00153	0.00312	0.03300	0.00357	0.00397
6	0.00951	0.00911	0.01554	0.13354	0.72912	0.00934	0.01202	0.01190	0.00888	0.01258	0.00740	0.00991	0.00615	0.00359	0.00393	0.00120	0.00479	0.00353	0.00194	0.00603
7	0.01197	0.00845	0.01350	0.11806	0.47621	0.00845	0.01008	0.04517	0.00992	0.24405	0.00978	0.01092	0.00717	0.00402	0.00395	0.00121	0.00439	0.00366	0.00284	0.00620
8	0.00885	0.07233	0.68860	0.01102	0.01644	0.00944	0.05710	0.01297	0.00860	0.06768	0.00763	0.00871	0.00540	0.00380	0.00375	0.00123	0.00564	0.00304	0.00191	0.00584
9	0.88866	0.00767	0.00583	0.00521	0.00767	0.00889	0.00429	0.01166	0.00675	0.01779	0.00552	0.00644	0.00429	0.00368	0.00245	0.00123	0.00307	0.00215	0.00245	0.00429
10	0.00965	0.00913	0.01482	0.08208	0.66463	0.00944	0.01128	0.01323	0.12079	0.01324	0.00861	0.01055	0.00700	0.00382	0.00394	0.00121	0.00454	0.00366	0.00223	0.00614
11	0.00530	0.00377	0.00516	0.00562	0.00596	0.00389	0.00391	0.00606	0.00685	0.00937	0.01633	0.43198	0.01854	0.14473	0.28610	0.02710	0.00532	0.00791	0.00292	0.00316
12	0.00529	0.00391	0.00544	0.00675	0.05015	0.00372	0.00448	0.00622	0.00786	0.01049	0.02098	0.70939	0.02473	0.01176	0.00505	0.00161	0.00260	0.11254	0.00359	0.00344
13	0.01042	0.00879	0.00928	0.00818	0.01052	0.01012	0.00641	0.10619	0.74273	0.01748	0.01543	0.01423	0.01153	0.00531	0.00403	0.00133	0.00327	0.00439	0.00403	0.00633
14	0.00956	0.03269	0.08110	0.06190	0.60680	0.00904	0.01127	0.01200	0.00886	0.02835	0.00747	0.00955	0.00612	0.00353	0.00378	0.00112	0.00461	0.00333	0.00202	0.09690
15	0.01390	0.00814	0.01257	0.01538	0.40575	0.00771	0.00891	0.03595	0.01042	0.42282	0.01157	0.01163	0.00805	0.00425	0.00396	0.00120	0.00404	0.00376	0.00347	0.00652
16	0.00935	0.03400	0.04495	0.01630	0.02034	0.01016	0.77813	0.01267	0.00930	0.01261	0.00793	0.01052	0.00596	0.00335	0.00460	0.00132	0.00660	0.00456	0.00199	0.00535
17	0.00940	0.00900	0.01535	0.17144	0.69205	0.00931	0.01196	0.01181	0.00883	0.01245	0.00738	0.00995	0.00610	0.00361	0.00393	0.00120	0.00481	0.00353	0.00193	0.00595
18	0.00884	0.03828	0.59689	0.04537	0.06096	0.00908	0.08244	0.01277	0.00869	0.07019	0.00845	0.00966	0.02273	0.00393	0.00387	0.00125	0.00555	0.00330	0.00199	0.00577
19	0.01035	0.01496	0.47148	0.07350	0.01684	0.00853	0.12963	0.01393	0.00916	0.19975	0.00918	0.01003	0.00627	0.00398	0.00396	0.00127	0.00537	0.00347	0.00246	0.00588
20	0.00938	0.00957	0.05972	0.17640	0.48557	0.00917	0.12796	0.01200	0.00888	0.03781	0.00792	0.02346	0.00641	0.00378	0.00405	0.00124	0.00508	0.00380	0.00203	0.00574
21	0.01279	0.02075	0.05280	0.09848	0.20694	0.00745	0.07220	0.01487	0.00986	0.38975	0.01207	0.06516	0.00895	0.00476	0.00406	0.00125	0.00421	0.00427	0.00338	0.00600
22	0.00902	0.00650	0.01084	0.24792	0.03273	0.00676	0.12356	0.01097	0.00881	0.16479	0.01373	0.20642	0.01303	0.00684	0.00471	0.00144	0.02428	0.09995	0.00304	0.00466
23	0.03660	0.02858	0.01200	0.02944	0.01249	0.26391	0.15068	0.01480	0.01030	0.27159	0.02085	0.08053	0.01820	0.00516	0.00405	0.00123	0.00506	0.02612	0.00316	0.00524
24	0.00859	0.01795	0.64508	0.01295	0.08816	0.00922	0.11112	0.01275	0.00864	0.03811	0.00752	0.00893	0.00540	0.00373	0.00390	0.00126	0.00578	0.00322	0.00184	0.00586
25	0.00852	0.00603	0.00920	0.26640	0.05688	0.01589	0.04256	0.01026	0.00872	0.15099	0.01574	0.25607	0.06171	0.00736	0.00446	0.00142	0.00385	0.06633	0.00312	0.00449
26	0.00808	0.00765	0.01296	0.64192	0.23192	0.00896	0.01130	0.01065	0.00821	0.01084	0.00715	0.01038	0.00554	0.00385	0.00395	0.00128	0.00514	0.00353	0.00181	0.00488
27	0.00657	0.00567	0.00846	0.21937	0.13355	0.02006	0.00709	0.00809	0.00807	0.01067	0.01589	0.41300	0.03678	0.00861	0.00475	0.00148	0.01752	0.06744	0.00289	0.00404
28	0.01061	0.01136	0.13204	0.03636	0.14603	0.03001	0.41897	0.01362	0.00948	0.13840	0.00890	0.01057	0.00646	0.00370	0.00428	0.00128	0.00573	0.00407	0.00239	0.00573
29	0.01191	0.00928	0.01846	0.01339	0.01702	0.00854	0.54445	0.01462	0.00994	0.27327	0.01076	0.03198	0.00770	0.00405	0.00447	0.00131	0.00553	0.00462	0.00296	0.00574
30	0.00567	0.00405	0.00557	0.00648	0.00708	0.00395	0.00514	0.00698	0.00842	0.01106	0.02139	0.41889	0.02439	0.01163	0.00529	0.00173	0.00303	0.44215	0.00366	0.00345
31	0.00498	0.00374	0.00481	0.03132	0.00640	0.00349	0.00383	0.00592	0.00824	0.01080	0.10116	0.58735	0.17799	0.01129	0.00493	0.00152	0.00232	0.02289	0.00369	0.00334
32	0.01459	0.05283	0.18362	0.00878	0.01252	0.00771	0.06989	0.06284	0.01083	0.51647	0.01244	0.01164	0.00812	0.00447	0.00392	0.00122	0.00424	0.00370	0.00380	0.00637

[dist]
# distance from previous block
# <min> <max>
4	5

[block]
# block no. 3 follows, 68 sequences, length 6
# corresponding to MSA columns:
# 611-616
name=unknown_D
#
# <colnr> <probs for GDERKNQSTAVLIFYWHMCP>
#	G	D	E	R	K	N	Q	S	T	A	V	L	I	F	Y	W	H	M	C	P
0	0.08844	0.00439	0.00508	0.00480	0.00597	0.00414	0.00364	0.00749	0.01034	0.01498	0.58770	0.02925	0.20323	0.00810	0.00447	0.00126	0.00201	0.00695	0.00404	0.00371
1	0.36509	0.00947	0.12312	0.00722	0.01036	0.03520	0.03826	0.01381	0.00880	0.24541	0.04610	0.01002	0.00762	0.00419	0.00332	0.00119	0.00375	0.00312	0.00308	0.06088
2	0.56469	0.00770	0.00716	0.00590	0.00865	0.00818	0.00485	0.07433	0.00860	0.15316	0.00769	0.00807	0.00560	0.00387	0.00288	0.00114	0.00320	0.00258	0.00296	0.11880
3	0.00703	0.00618	0.07053	0.08633	0.01015	0.00531	0.04334	0.00881	0.03456	0.07982	0.01761	0.47439	0.04706	0.00908	0.00487	0.00146	0.02761	0.02639	0.00328	0.03619
4	0.10955	0.12599	0.24567	0.00992	0.01382	0.03403	0.15409	0.08452	0.00984	0.13173	0.03843	0.00987	0.00715	0.00405	0.00370	0.00120	0.00488	0.00340	0.00260	0.00558
5	0.11175	0.06296	0.20010	0.01142	0.13160	0.03260	0.08356	0.09533	0.06597	0.07325	0.00840	0.00932	0.00630	0.00388	0.00362	0.00115	0.00460	0.00322	0.00253	0.08844

[dist]
# distance from previous block
# <min> <max>
4	14

[block]
# block no. 4 follows, 68 sequences, length 6
# corresponding to MSA columns:
# 631-636
name=unknown_E
#
# <colnr> <probs for GDERKNQSTAVLIFYWHMCP>
#	G	D	E	R	K	N	Q	S	T	A	V	L	I	F	Y	W	H	M	C	P
0	0.00894	0.00908	0.05676	0.12311	0.56778	0.00856	0.01095	0.01128	0.00869	0.01238	0.00840	0.07115	0.00750	0.00419	0.00393	0.00118	0.00453	0.00397	0.00208	0.07554
1	0.00912	0.00739	0.00963	0.06017	0.15460	0.00714	0.00666	0.09229	0.10834	0.04805	0.15382	0.01470	0.04590	0.00484	0.00382	0.00106	0.00335	0.00415	0.00312	0.26186
2	0.00981	0.00749	0.01001	0.03809	0.09834	0.03710	0.07090	0.07674	0.12291	0.12288	0.27319	0.01771	0.03377	0.00563	0.00419	0.00121	0.00349	0.00496	0.00361	0.05797
3	0.00861	0.06527	0.03973	0.07033	0.12625	0.02489	0.00687	0.01115	0.07845	0.09295	0.04376	0.01422	0.01002	0.06449	0.29470	0.00313	0.00633	0.00405	0.03010	0.00470
4	0.14195	0.34291	0.05785	0.03458	0.01099	0.09893	0.00686	0.04287	0.10298	0.07076	0.00787	0.00837	0.00621	0.00391	0.00309	0.00104	0.00424	0.00272	0.00245	0.04940
5	0.01086	0.08118	0.05440	0.04398	0.28271	0.17518	0.00901	0.07721	0.01020	0.04253	0.03872	0.01244	0.00844	0.00452	0.00382	0.00114	0.00484	0.06721	0.00245	0.06916

[dist]
# distance from previous block
# <min> <max>
39	85

[block]
# block no. 5 follows, 68 sequences, length 6
# corresponding to MSA columns:
# 746-751
name=unknown_F
#
# <colnr> <probs for GDERKNQSTAVLIFYWHMCP>
#	G	D	E	R	K	N	Q	S	T	A	V	L	I	F	Y	W	H	M	C	P
0	0.11722	0.24303	0.26491	0.00833	0.01222	0.09462	0.00872	0.05184	0.00898	0.04757	0.00686	0.00773	0.00534	0.00369	0.00318	0.00104	0.00470	0.00259	0.00214	0.10528
1	0.00843	0.07484	0.25104	0.00767	0.01054	0.00737	0.00778	0.03668	0.06273	0.09303	0.24833	0.06726	0.06337	0.00621	0.00446	0.00127	0.03567	0.00513	0.00322	0.00498
2	0.04396	0.07541	0.17472	0.01265	0.22774	0.03450	0.05092	0.01301	0.05560	0.12552	0.01094	0.04358	0.04573	0.02860	0.00427	0.00126	0.00443	0.00393	0.00260	0.04061
3	0.01033	0.29057	0.17398	0.00811	0.01157	0.01046	0.03856	0.06042	0.10324	0.10160	0.09496	0.01136	0.00993	0.00440	0.00351	0.00109	0.00411	0.00347	0.00276	0.05557
4	0.05785	0.24775	0.07966	0.00865	0.01180	0.17414	0.03546	0.17512	0.06943	0.09193	0.00835	0.00873	0.00635	0.00413	0.00344	0.00109	0.00482	0.00299	0.00273	0.00559
5	0.00897	0.03581	0.12703	0.00826	0.08380	0.04436	0.00640	0.00945	0.00726	0.09851	0.00827	0.01187	0.00724	0.07313	0.01009	0.38912	0.00409	0.00346	0.00219	0.06067

[dist]
# distance from previous block
# <min> <max>
29	157

[block]
# block no. 6 follows, 68 sequences, length 35
# corresponding to MSA columns:
# 926-960
name=unknown_G
#
# <colnr> <probs for GDERKNQSTAVLIFYWHMCP>
#	G	D	E	R	K	N	Q	S	T	A	V	L	I	F	Y	W	H	M	C	P
0	0.03003	0.02150	0.34057	0.04030	0.06199	0.00790	0.08068	0.01377	0.02745	0.22714	0.06013	0.03210	0.00916	0.00512	0.02344	0.00138	0.00484	0.00391	0.00285	0.00574
1	0.02982	0.02817	0.03904	0.39213	0.06899	0.04771	0.02379	0.09974	0.05216	0.12350	0.00958	0.04057	0.00740	0.00458	0.00395	0.00128	0.00472	0.01500	0.00267	0.00522
2	0.00881	0.02774	0.05862	0.43404	0.07652	0.00858	0.04416	0.06787	0.05298	0.05898	0.04998	0.01316	0.05763	0.00462	0.00401	0.00127	0.00463	0.00404	0.00248	0.01987
3	0.01043	0.00990	0.15934	0.06130	0.12892	0.00770	0.10841	0.05337	0.02781	0.18912	0.01246	0.04335	0.05303	0.00582	0.03202	0.00143	0.00469	0.04167	0.00293	0.04629
4	0.03637	0.01955	0.04889	0.03249	0.32396	0.00765	0.04403	0.03944	0.00950	0.18234	0.04735	0.05983	0.00973	0.04440	0.00468	0.00130	0.00407	0.00420	0.00289	0.07733
5	0.01171	0.00855	0.07046	0.17611	0.12075	0.00776	0.10387	0.03233	0.04772	0.29872	0.04453	0.02188	0.02808	0.00463	0.00410	0.00127	0.00439	0.00416	0.00322	0.00574
6	0.00955	0.02992	0.03510	0.05573	0.07673	0.02752	0.01666	0.02939	0.03190	0.10624	0.04978	0.05625	0.04006	0.00595	0.00731	0.00137	0.31993	0.00417	0.00261	0.09386
7	0.01133	0.02794	0.27329	0.01203	0.07588	0.00986	0.16056	0.19858	0.03994	0.11860	0.00917	0.01001	0.00654	0.00416	0.00422	0.00125	0.02417	0.00363	0.00277	0.00608
8	0.01271	0.01050	0.16825	0.02543	0.10530	0.02481	0.04053	0.07975	0.05020	0.32468	0.01982	0.01118	0.00793	0.00428	0.00385	0.00116	0.00424	0.00358	0.00334	0.09845
9	0.03420	0.00778	0.01073	0.02955	0.13687	0.00738	0.02487	0.11419	0.02690	0.47935	0.03236	0.01230	0.00909	0.00458	0.00392	0.00119	0.00374	0.00383	0.00399	0.05318
10	0.00924	0.00746	0.04527	0.02350	0.05346	0.04515	0.08225	0.08825	0.00984	0.12504	0.02369	0.30742	0.03002	0.00767	0.00447	0.00137	0.00375	0.07209	0.00336	0.05670
11	0.01629	0.01975	0.01023	0.00774	0.01082	0.02190	0.03318	0.13713	0.04986	0.60173	0.01393	0.01250	0.00907	0.00476	0.00395	0.00120	0.00368	0.00387	0.00446	0.03393
12	0.02968	0.00917	0.04311	0.00846	0.04904	0.07888	0.00672	0.15645	0.05074	0.40428	0.04435	0.01268	0.02745	0.00482	0.00389	0.00117	0.00390	0.00384	0.00395	0.05742
13	0.04681	0.00826	0.01109	0.34652	0.03057	0.04718	0.04646	0.11188	0.02814	0.10958	0.02742	0.01059	0.00697	0.00409	0.00377	0.00115	0.00449	0.00345	0.00266	0.14892
14	0.06964	0.02871	0.01067	0.00872	0.02953	0.16852	0.00685	0.42296	0.04784	0.03794	0.04531	0.01125	0.04629	0.00484	0.00379	0.00114	0.00446	0.00362	0.00337	0.04454
15	0.01008	0.02486	0.12814	0.03015	0.46544	0.02945	0.10193	0.03973	0.03026	0.05498	0.02244	0.01022	0.00689	0.00378	0.00396	0.00119	0.00494	0.00362	0.00224	0.02570
16	0.05537	0.37329	0.08001	0.01320	0.28911	0.01231	0.00913	0.08499	0.02606	0.01278	0.00687	0.00814	0.00574	0.00365	0.00326	0.00105	0.00445	0.00284	0.00207	0.00568
17	0.01184	0.49783	0.05950	0.00833	0.01126	0.30055	0.00756	0.01319	0.00909	0.00963	0.00580	0.00682	0.00510	0.00378	0.00334	0.00096	0.03631	0.00236	0.00182	0.00493
18	0.00491	0.00351	0.00470	0.00562	0.00588	0.00329	0.00383	0.00566	0.00767	0.01021	0.02181	0.81456	0.02604	0.01234	0.00508	0.00162	0.00237	0.05395	0.00368	0.00324
19	0.00749	0.00705	0.01189	0.85113	0.02731	0.00881	0.01101	0.01013	0.00793	0.01013	0.00705	0.01057	0.00529	0.00396	0.00396	0.00132	0.00529	0.00352	0.00176	0.00440
20	0.01507	0.01111	0.01190	0.00912	0.01230	0.01230	0.00754	0.82270	0.01864	0.02499	0.00952	0.00952	0.00674	0.00476	0.00397	0.00119	0.00436	0.00357	0.00397	0.00674
21	0.00822	0.00705	0.00822	0.00587	0.00940	0.00529	0.00470	0.00998	0.00822	0.01292	0.00705	0.00822	0.00587	0.00294	0.00294	0.00059	0.00294	0.00235	0.00235	0.88490
22	0.00469	0.00402	0.00402	0.00402	0.00536	0.00335	0.00301	0.00569	0.00904	0.01071	0.04017	0.03816	0.83432	0.01004	0.00469	0.00134	0.00201	0.00837	0.00368	0.00335
23	0.00739	0.00370	0.00370	0.00370	0.00462	0.00370	0.00277	0.00924	0.00831	0.01478	0.01293	0.01478	0.01016	0.00462	0.00277	0.00092	0.00185	0.00370	0.88267	0.00370
24	0.00723	0.00373	0.00384	0.00381	0.00473	0.00370	0.00286	0.00908	0.00857	0.01488	0.08500	0.01608	0.01255	0.00493	0.00294	0.00095	0.00185	0.00400	0.80556	0.00370
25	0.00473	0.00402	0.00408	0.00406	0.00538	0.00337	0.00305	0.00577	0.00914	0.01095	0.07709	0.03776	0.79724	0.00995	0.00469	0.00133	0.00200	0.00831	0.00371	0.00337
26	0.00496	0.00354	0.00475	0.00567	0.00595	0.00333	0.00390	0.00574	0.00772	0.01026	0.02178	0.79203	0.02595	0.01230	0.00509	0.00163	0.00241	0.07607	0.00368	0.00326
27	0.88866	0.00767	0.00583	0.00521	0.00767	0.00889	0.00429	0.01166	0.00675	0.01779	0.00552	0.00644	0.00429	0.00368	0.00245	0.00123	0.00307	0.00215	0.00245	0.00429
28	0.00867	0.00867	0.01214	0.01041	0.01041	0.01214	0.00867	0.00954	0.00607	0.00954	0.00520	0.00867	0.00520	0.00694	0.01301	0.00173	0.85340	0.00347	0.00173	0.00434
29	0.00561	0.00405	0.00530	0.00499	0.00592	0.00374	0.00374	0.00748	0.01122	0.01590	0.83383	0.02962	0.03741	0.00811	0.00468	0.00125	0.00187	0.00717	0.00436	0.00374
30	0.01060	0.86304	0.02078	0.00678	0.01018	0.01569	0.00678	0.01187	0.00806	0.00933	0.00551	0.00636	0.00509	0.00339	0.00254	0.00085	0.00424	0.00212	0.00170	0.00509
31	0.00986	0.00852	0.00897	0.00807	0.01031	0.00986	0.00628	0.02107	0.82876	0.01659	0.01614	0.01479	0.01210	0.00538	0.00403	0.00134	0.00314	0.00448	0.00403	0.00628
32	0.88866	0.00767	0.00583	0.00521	0.00767	0.00889	0.00429	0.01166	0.00675	0.01779	0.00552	0.00644	0.00429	0.00368	0.00245	0.00123	0.00307	0.00215	0.00245	0.00429
33	0.00981	0.00942	0.01609	0.02434	0.83592	0.00942	0.01217	0.01217	0.00903	0.01295	0.00746	0.00981	0.00628	0.00353	0.00393	0.00118	0.00471	0.00353	0.00196	0.00628
34	0.00981	0.00841	0.00885	0.00797	0.01018	0.00972	0.00620	0.02080	0.81018	0.01655	0.01607	0.01479	0.01206	0.00536	0.00401	0.00134	0.00311	0.00446	0.02394	0.00622

[dist]
# distance from previous block
# <min> <max>
0	377

[block]
# block no. 7 follows, 68 sequences, length 42
# corresponding to MSA columns:
# 1351-1374,1382-1392,1395-1400,1410
name=unknown_H
#
# <colnr> <probs for GDERKNQSTAVLIFYWHMCP>
#	G	D	E	R	K	N	Q	S	T	A	V	L	I	F	Y	W	H	M	C	P
0	0.00981	0.00942	0.01609	0.02434	0.83592	0.00942	0.01217	0.01217	0.00903	0.01295	0.00746	0.00981	0.00628	0.00353	0.00393	0.00118	0.00471	0.00353	0.00196	0.00628
1	0.00482	0.00348	0.00458	0.00545	0.00573	0.00323	0.00365	0.00553	0.00765	0.01015	0.02266	0.82216	0.06161	0.01232	0.00504	0.00160	0.00229	0.01114	0.00368	0.00323
2	0.00483	0.00345	0.00460	0.00552	0.00575	0.00322	0.00368	0.00552	0.00759	0.01012	0.02185	0.85807	0.02622	0.01242	0.00506	0.00161	0.00230	0.01127	0.00368	0.00322
3	0.01060	0.86304	0.02078	0.00678	0.01018	0.01569	0.00678	0.01187	0.00806	0.00933	0.00551	0.00636	0.00509	0.00339	0.00254	0.00085	0.00424	0.00212	0.00170	0.00509
4	0.01006	0.00988	0.01586	0.02365	0.79580	0.05011	0.01195	0.01235	0.00914	0.01280	0.00739	0.00968	0.00622	0.00356	0.00391	0.00117	0.00483	0.00349	0.00197	0.00620
5	0.00479	0.00399	0.00419	0.00420	0.00544	0.00338	0.00313	0.00588	0.00921	0.01125	0.12645	0.07716	0.70742	0.00994	0.00470	0.00134	0.00201	0.00838	0.00376	0.00338
6	0.00749	0.00705	0.01189	0.85113	0.02731	0.00881	0.01101	0.01013	0.00793	0.01013	0.00705	0.01057	0.00529	0.00396	0.00396	0.00132	0.00529	0.00352	0.00176	0.00440
7	0.00927	0.01052	0.02284	0.05736	0.02104	0.00997	0.78204	0.01258	0.00929	0.01258	0.00797	0.01069	0.00598	0.00337	0.00464	0.00134	0.00662	0.00462	0.00199	0.00530
8	0.01026	0.00871	0.00919	0.00815	0.01046	0.01005	0.00637	0.08200	0.76719	0.01722	0.01563	0.01439	0.01170	0.00533	0.00403	0.00133	0.00323	0.00441	0.00403	0.00631
9	0.01483	0.01839	0.01128	0.01014	0.01226	0.79009	0.00765	0.06881	0.01172	0.01071	0.00635	0.00731	0.00521	0.00413	0.00360	0.00103	0.00697	0.00262	0.00217	0.00474
10	0.00561	0.00405	0.00530	0.00499	0.00592	0.00374	0.00374	0.00748	0.01122	0.01590	0.83383	0.02962	0.03741	0.00811	0.00468	0.00125	0.00187	0.00717	0.00436	0.00374
11	0.00936	0.01070	0.02340	0.01671	0.02072	0.01003	0.82152	0.01270	0.00936	0.01270	0.00802	0.01070	0.00602	0.00334	0.00468	0.00134	0.00668	0.00468	0.00201	0.00535
12	0.23429	0.01721	0.62571	0.00974	0.01472	0.00913	0.01199	0.01232	0.00795	0.01390	0.00671	0.00787	0.00484	0.00374	0.00343	0.00125	0.00514	0.00273	0.00187	0.00546
13	0.88866	0.00767	0.00583	0.00521	0.00767	0.00889	0.00429	0.01166	0.00675	0.01779	0.00552	0.00644	0.00429	0.00368	0.00245	0.00123	0.00307	0.00215	0.00245	0.00429
14	0.00795	0.02051	0.84011	0.01130	0.01716	0.00921	0.01465	0.01256	0.00837	0.01256	0.00712	0.00837	0.00502	0.00377	0.00377	0.00126	0.00586	0.00293	0.00167	0.00586
15	0.01726	0.00663	0.00903	0.00696	0.00994	0.00574	0.00574	0.01880	0.01134	0.80264	0.05148	0.01420	0.01102	0.00505	0.00402	0.00123	0.00331	0.00413	0.00488	0.00662
16	0.88866	0.00767	0.00583	0.00521	0.00767	0.00889	0.00429	0.01166	0.00675	0.01779	0.00552	0.00644	0.00429	0.00368	0.00245	0.00123	0.00307	0.00215	0.00245	0.00429
17	0.88866	0.00767	0.00583	0.00521	0.00767	0.00889	0.00429	0.01166	0.00675	0.01779	0.00552	0.00644	0.00429	0.00368	0.00245	0.00123	0.00307	0.00215	0.00245	0.00429
18	0.00469	0.00402	0.00402	0.00402	0.00536	0.00335	0.00301	0.00569	0.00904	0.01071	0.04017	0.03816	0.83432	0.01004	0.00469	0.00134	0.00201	0.00837	0.00368	0.00335
19	0.00986	0.00852	0.00897	0.00807	0.01031	0.00986	0.00628	0.02107	0.82876	0.01659	0.01614	0.01479	0.01210	0.00538	0.00403	0.00134	0.00314	0.00448	0.00403	0.00628
20	0.00936	0.01070	0.02340	0.01671	0.02072	0.01003	0.82152	0.01270	0.00936	0.01270	0.00802	0.01070	0.00602	0.00334	0.00468	0.00134	0.00668	0.00468	0.00201	0.00535
21	0.00936	0.01070	0.02340	0.01671	0.02072	0.01003	0.82152	0.01270	0.00936	0.01270	0.00802	0.01070	0.00602	0.00334	0.00468	0.00134	0.00668	0.00468	0.00201	0.00535
22	0.00469	0.00402	0.00402	0.00402	0.00536	0.00335	0.00301	0.00569	0.00904	0.01071	0.04017	0.03816	0.83432	0.01004	0.00469	0.00134	0.00201	0.00837	0.00368	0.00335
23	0.88866	0.00767	0.00583	0.00521	0.00767	0.00889	0.00429	0.01166	0.00675	0.01779	0.00552	0.00644	0.00429	0.00368	0.00245	0.00123	0.00307	0.00215	0.00245	0.00429
24	0.01779	0.00675	0.00920	0.00705	0.01012	0.00583	0.00583	0.01932	0.01135	0.83867	0.01564	0.01350	0.00981	0.00491	0.00399	0.00123	0.00337	0.00399	0.00491	0.00675
25	0.00986	0.00852	0.00897	0.00807	0.01031	0.00986	0.00628	0.02107	0.82876	0.01659	0.01614	0.01479	0.01210	0.00538	0.00403	0.00134	0.00314	0.00448	0.00403	0.00628
26	0.00567	0.00421	0.00620	0.00620	0.00685	0.00486	0.00474	0.00697	0.00632	0.00908	0.01078	0.01644	0.01029	0.09880	0.77640	0.00616	0.01006	0.00437	0.00215	0.00345
27	0.00577	0.00384	0.00432	0.00432	0.00432	0.00384	0.00240	0.00577	0.00577	0.00769	0.01249	0.02595	0.01441	0.86066	0.02018	0.00384	0.00384	0.00577	0.00240	0.00240
28	0.00822	0.00705	0.00822	0.00587	0.00940	0.00529	0.00470	0.00998	0.00822	0.01292	0.00705	0.00822	0.00587	0.00294	0.00294	0.00059	0.00294	0.00235	0.00235	0.88490
29	0.00641	0.00472	0.00587	0.02644	0.02591	0.00447	0.00440	0.01926	0.05291	0.04841	0.40169	0.03083	0.26542	0.00840	0.00464	0.00133	0.00238	0.07853	0.00398	0.00399
30	0.00941	0.35478	0.45501	0.00965	0.03042	0.01195	0.01110	0.05429	0.00879	0.01193	0.00661	0.00766	0.00516	0.00366	0.00329	0.00109	0.00512	0.00265	0.00181	0.00561
31	0.01699	0.00752	0.00950	0.00736	0.01036	0.02347	0.00605	0.11971	0.02842	0.68733	0.03114	0.01322	0.00994	0.00495	0.00399	0.00122	0.00354	0.00398	0.00470	0.00663
32	0.00476	0.00390	0.00419	0.00437	0.00546	0.00334	0.00318	0.00573	0.00884	0.01082	0.07149	0.20724	0.63205	0.01045	0.00476	0.00139	0.00206	0.00892	0.00371	0.00334
33	0.00913	0.00959	0.06178	0.15857	0.54141	0.00917	0.09705	0.01174	0.00892	0.01254	0.03682	0.01065	0.00713	0.00376	0.00403	0.00122	0.00498	0.00375	0.00200	0.00576
34	0.00980	0.03405	0.09736	0.02937	0.15279	0.00974	0.39706	0.02993	0.10192	0.05256	0.00927	0.01142	0.00713	0.00397	0.00443	0.00130	0.01982	0.02002	0.00239	0.00568
35	0.00975	0.00935	0.01597	0.04842	0.81237	0.00940	0.01213	0.01211	0.00900	0.01287	0.00745	0.00984	0.00625	0.00355	0.00393	0.00118	0.00473	0.00353	0.00196	0.00623
36	0.00949	0.00817	0.00862	0.00779	0.00994	0.00937	0.00605	0.01993	0.76494	0.01631	0.04511	0.01632	0.04898	0.00568	0.00408	0.00134	0.00305	0.00474	0.00403	0.00606
37	0.01389	0.00893	0.08467	0.05199	0.11336	0.01820	0.10372	0.02963	0.01033	0.46701	0.01223	0.01255	0.00838	0.02014	0.00447	0.00130	0.01513	0.01430	0.00361	0.00616
