[name]
unknown

[dist]
# distance from previous block
# <min> <max>
0	91

[block]
# block no. 0 follows, 67 sequences, length 34
# corresponding to MSA columns:
# 135-168
name=unknown_A
#
# <colnr> <probs for GDERKNQSTAVLIFYWHMCP>
#	G	D	E	R	K	N	Q	S	T	A	V	L	I	F	Y	W	H	M	C	P
0	0.01965	0.04180	0.10629	0.04460	0.04643	0.03906	0.03852	0.05084	0.09766	0.08175	0.03148	0.03294	0.10615	0.02747	0.06157	0.00164	0.05122	0.01671	0.00289	0.10133
1	0.02036	0.03942	0.03140	0.02092	0.06879	0.00712	0.04817	0.06017	0.06367	0.06089	0.08391	0.03539	0.16984	0.03722	0.02269	0.00139	0.05910	0.00493	0.00306	0.16156
2	0.02256	0.04050	0.03846	0.04449	0.04219	0.01761	0.04002	0.18817	0.04258	0.12574	0.08513	0.01380	0.01068	0.00486	0.00396	0.00112	0.01269	0.04924	0.00329	0.21290
3	0.01813	0.09333	0.03525	0.04821	0.11091	0.03907	0.05167	0.02701	0.07834	0.03944	0.07885	0.09265	0.04807	0.03095	0.10201	0.00190	0.01755	0.02241	0.00279	0.06145
4	0.04264	0.05282	0.21009	0.01125	0.10567	0.04655	0.08685	0.02154	0.13918	0.07727	0.03337	0.03866	0.02604	0.00537	0.02432	0.00139	0.04189	0.00400	0.00268	0.02843
5	0.00846	0.05447	0.00772	0.01876	0.00826	0.02048	0.00472	0.02953	0.04343	0.11170	0.21213	0.03345	0.20506	0.00652	0.00420	0.00112	0.01672	0.00541	0.00355	0.20434
6	0.05282	0.10095	0.01059	0.02378	0.02488	0.00931	0.00633	0.22487	0.15766	0.19395	0.07781	0.06241	0.02619	0.00553	0.00393	0.00124	0.00356	0.00447	0.00384	0.00588
7	0.02089	0.18576	0.19105	0.01147	0.12660	0.09452	0.06627	0.03823	0.04374	0.02687	0.00749	0.00884	0.00600	0.00443	0.02311	0.00121	0.03209	0.00304	0.00213	0.10626
8	0.00534	0.00409	0.00505	0.00541	0.00630	0.00361	0.00388	0.00633	0.00825	0.01091	0.03968	0.51172	0.20216	0.01083	0.00483	0.00147	0.00242	0.06834	0.00359	0.09576
9	0.03096	0.05620	0.04505	0.00857	0.01154	0.04151	0.00719	0.36464	0.29660	0.03321	0.01139	0.01110	0.00843	0.00477	0.00385	0.00121	0.00402	0.00370	0.00364	0.05242
10	0.00801	0.26057	0.10419	0.00708	0.00946	0.00861	0.02633	0.00998	0.03539	0.03660	0.05698	0.16785	0.11345	0.01709	0.01912	0.00138	0.02580	0.05922	0.00281	0.03008
11	0.07634	0.08369	0.20948	0.05608	0.02545	0.05408	0.13683	0.08105	0.02022	0.10128	0.01039	0.02602	0.05331	0.00452	0.00407	0.00123	0.02397	0.00378	0.00258	0.02562
12	0.00883	0.06244	0.36879	0.02452	0.10026	0.02108	0.08859	0.01294	0.09516	0.04644	0.03537	0.05983	0.04840	0.00488	0.00403	0.00128	0.00490	0.00423	0.00244	0.00558
13	0.00574	0.00427	0.00629	0.00629	0.00696	0.00493	0.00482	0.00706	0.00640	0.00920	0.01088	0.01652	0.01036	0.09063	0.78306	0.00626	0.01024	0.00441	0.00217	0.00350
14	0.00984	0.01074	0.04864	0.04480	0.05881	0.12433	0.03455	0.02161	0.00754	0.02217	0.00598	0.00884	0.00542	0.00600	0.01006	0.00156	0.56909	0.00341	0.00189	0.00470
15	0.05910	0.07119	0.28037	0.09381	0.12754	0.04495	0.07319	0.02181	0.05532	0.04358	0.02364	0.02372	0.03359	0.00439	0.00409	0.00126	0.02704	0.00366	0.00226	0.00547
16	0.00690	0.00542	0.03364	0.04131	0.00865	0.00494	0.05615	0.01752	0.00878	0.08274	0.11188	0.32884	0.15796	0.03092	0.05681	0.00182	0.03038	0.00788	0.00347	0.00399
17	0.01581	0.00851	0.01016	0.00790	0.01088	0.00858	0.00648	0.33784	0.05378	0.42764	0.05967	0.01304	0.01039	0.00511	0.00407	0.00123	0.00371	0.00407	0.00451	0.00663
18	0.02404	0.56094	0.17269	0.00818	0.01191	0.10166	0.00845	0.05160	0.00905	0.01098	0.00614	0.00705	0.00521	0.00365	0.00298	0.00098	0.00490	0.00242	0.00187	0.00531
19	0.02073	0.05694	0.26733	0.06067	0.09936	0.02933	0.13539	0.03059	0.06548	0.10542	0.00955	0.02434	0.01974	0.00440	0.00451	0.00129	0.05302	0.00377	0.00245	0.00569
20	0.00775	0.02752	0.00708	0.00639	0.00752	0.00599	0.00484	0.01069	0.15343	0.08548	0.04416	0.07267	0.01311	0.15557	0.35146	0.00385	0.01693	0.00507	0.01628	0.00422
21	0.00528	0.00380	0.00498	0.00578	0.00623	0.00360	0.00418	0.00620	0.00800	0.01050	0.02264	0.56535	0.08403	0.06911	0.00621	0.00181	0.00271	0.18267	0.00363	0.00331
22	0.02649	0.34902	0.28430	0.00918	0.01291	0.12940	0.00970	0.02976	0.00878	0.02312	0.00640	0.00759	0.00523	0.00402	0.00410	0.00111	0.07906	0.00265	0.00187	0.00531
23	0.04095	0.09803	0.05375	0.08239	0.08364	0.07389	0.02331	0.15583	0.13134	0.05219	0.08677	0.01236	0.01998	0.00532	0.01746	0.00132	0.04909	0.00387	0.00299	0.00550
24	0.00496	0.00369	0.00464	0.00528	0.00583	0.00337	0.00367	0.00585	0.00831	0.01085	0.08570	0.59823	0.19621	0.01169	0.00502	0.00155	0.00228	0.03576	0.00377	0.00334
25	0.00795	0.00636	0.00819	0.01769	0.00904	0.04255	0.06580	0.06885	0.10383	0.05251	0.09718	0.32129	0.02654	0.01128	0.11055	0.00207	0.02011	0.02035	0.00346	0.00440
26	0.05552	0.24957	0.27802	0.00892	0.01269	0.07661	0.03453	0.04580	0.07701	0.04402	0.02746	0.01989	0.02431	0.00489	0.02349	0.00127	0.00497	0.00326	0.00234	0.00543
27	0.01026	0.03340	0.10864	0.14849	0.17849	0.03423	0.05572	0.11447	0.04630	0.09084	0.01143	0.01290	0.06737	0.01970	0.04135	0.00153	0.01265	0.00401	0.00268	0.00554
28	0.00559	0.00380	0.00479	0.00524	0.00566	0.00359	0.00350	0.00628	0.00768	0.03552	0.06645	0.49141	0.08634	0.21386	0.02615	0.00222	0.00288	0.02236	0.00346	0.00322
29	0.00833	0.10902	0.75246	0.01095	0.01662	0.01000	0.01398	0.01263	0.00843	0.01236	0.00703	0.00825	0.00509	0.00377	0.00368	0.00123	0.00576	0.00288	0.00170	0.00585
30	0.01042	0.11881	0.25795	0.05309	0.02605	0.07584	0.09333	0.07758	0.08151	0.08153	0.02780	0.01182	0.03885	0.01339	0.00406	0.00125	0.00502	0.01351	0.00260	0.00558
31	0.00626	0.00497	0.02535	0.00703	0.02939	0.00454	0.05084	0.00769	0.02704	0.04648	0.04071	0.48437	0.09973	0.03336	0.04060	0.00181	0.01294	0.06960	0.00349	0.00381
32	0.02293	0.02172	0.01352	0.01020	0.01294	0.02007	0.28301	0.16168	0.01096	0.09674	0.04970	0.11541	0.02678	0.04663	0.00508	0.00139	0.00452	0.00522	0.03648	0.05501
33	0.00911	0.26294	0.47090	0.01000	0.01468	0.01117	0.05408	0.05121	0.00881	0.01218	0.00709	0.00847	0.00552	0.00522	0.05111	0.00145	0.00570	0.00293	0.00186	0.00558

[dist]
# distance from previous block
# <min> <max>
0	25

[block]
# block no. 1 follows, 67 sequences, length 7
# corresponding to MSA columns:
# 194-200
name=unknown_B
#
# <colnr> <probs for GDERKNQSTAVLIFYWHMCP>
#	G	D	E	R	K	N	Q	S	T	A	V	L	I	F	Y	W	H	M	C	P
0	0.09663	0.17410	0.11642	0.00986	0.09192	0.05804	0.07999	0.05190	0.03397	0.05291	0.08019	0.03745	0.05898	0.02302	0.00407	0.00123	0.00432	0.00405	0.00264	0.01830
1	0.00726	0.00554	0.00684	0.00604	0.00749	0.02488	0.03746	0.05470	0.02562	0.03605	0.13893	0.05610	0.18388	0.09067	0.11583	0.07837	0.00407	0.00569	0.01914	0.09545
2	0.00993	0.61169	0.26383	0.00822	0.01239	0.01392	0.00923	0.01221	0.00824	0.01041	0.00606	0.00704	0.00513	0.00354	0.00294	0.00098	0.00478	0.00239	0.00171	0.00538
3	0.00726	0.00462	0.00572	0.00530	0.00655	0.00429	0.00401	0.04691	0.01082	0.09831	0.45746	0.11881	0.14842	0.00828	0.00456	0.00129	0.00223	0.00719	0.05386	0.00412
4	0.00855	0.15124	0.66284	0.01104	0.01647	0.01038	0.06101	0.01260	0.00848	0.01220	0.00700	0.00829	0.00515	0.00373	0.00367	0.00121	0.00572	0.00294	0.00172	0.00577
5	0.00582	0.00434	0.00607	0.00622	0.00671	0.00487	0.00465	0.00692	0.00685	0.00971	0.01386	0.22155	0.01475	0.11038	0.43463	0.00432	0.06126	0.03890	0.03475	0.00344
6	0.01452	0.01159	0.06425	0.00912	0.01211	0.10125	0.00777	0.43595	0.06616	0.16847	0.01038	0.01031	0.00734	0.00488	0.00453	0.00124	0.05651	0.00359	0.00369	0.00635

[dist]
# distance from previous block
# <min> <max>
0	6

[block]
# block no. 2 follows, 67 sequences, length 9
# corresponding to MSA columns:
# 207-215
name=unknown_C
#
# <colnr> <probs for GDERKNQSTAVLIFYWHMCP>
#	G	D	E	R	K	N	Q	S	T	A	V	L	I	F	Y	W	H	M	C	P
0	0.01417	0.06717	0.04003	0.00987	0.01288	0.12668	0.11725	0.24772	0.01262	0.23558	0.00994	0.01022	0.00704	0.00460	0.00461	0.00123	0.06543	0.00361	0.00334	0.00601
1	0.79180	0.00900	0.00649	0.00583	0.00826	0.10037	0.00472	0.01225	0.00732	0.01710	0.00565	0.00659	0.00443	0.00377	0.00261	0.00122	0.00355	0.00222	0.00244	0.00438
2	0.00561	0.00410	0.00527	0.00497	0.00595	0.00375	0.00373	0.00744	0.01119	0.01570	0.77401	0.03059	0.09599	0.00834	0.00473	0.00127	0.00190	0.00734	0.00436	0.00375
3	0.00530	0.00387	0.00497	0.00569	0.00625	0.00364	0.00418	0.00628	0.00816	0.01059	0.02419	0.47999	0.15165	0.06753	0.00617	0.00179	0.00271	0.20008	0.00363	0.00333
4	0.01086	0.01062	0.05046	0.00890	0.01146	0.09953	0.03091	0.08897	0.60573	0.01645	0.01397	0.01324	0.01049	0.00511	0.00403	0.00131	0.00396	0.00417	0.00368	0.00616
5	0.00544	0.00381	0.00467	0.00508	0.00572	0.00355	0.00362	0.00655	0.00859	0.01178	0.15843	0.38354	0.15779	0.06701	0.00579	0.00161	0.00235	0.06137	0.09990	0.00339
6	0.00990	0.02339	0.14379	0.11614	0.06794	0.03325	0.00867	0.15483	0.21236	0.03142	0.05977	0.01483	0.05913	0.00532	0.00422	0.00130	0.01641	0.02855	0.00313	0.00563
7	0.00629	0.00475	0.00571	0.00572	0.01998	0.00470	0.00411	0.04718	0.05124	0.01290	0.24146	0.16884	0.20439	0.10372	0.00688	0.01942	0.02515	0.03505	0.02876	0.00375
8	0.19718	0.02843	0.09997	0.00722	0.01067	0.00749	0.04580	0.03936	0.02325	0.04354	0.02241	0.00878	0.00635	0.00360	0.00335	0.00094	0.01973	0.00276	0.00250	0.42668

[dist]
# distance from previous block
# <min> <max>
1	8

[block]
# block no. 3 follows, 67 sequences, length 29
# corresponding to MSA columns:
# 224-252
name=unknown_D
#
# <colnr> <probs for GDERKNQSTAVLIFYWHMCP>
#	G	D	E	R	K	N	Q	S	T	A	V	L	I	F	Y	W	H	M	C	P
0	0.82079	0.00797	0.00617	0.02556	0.00832	0.03272	0.00459	0.01173	0.00700	0.01739	0.00603	0.02652	0.00491	0.00395	0.00261	0.00125	0.00326	0.00243	0.00248	0.00433
1	0.00971	0.01025	0.12685	0.00914	0.04413	0.00960	0.00769	0.05654	0.58539	0.01635	0.05294	0.01417	0.01183	0.00519	0.00404	0.00131	0.00362	0.00432	0.00364	0.02328
2	0.00576	0.00427	0.00636	0.00636	0.00704	0.00495	0.00491	0.00708	0.00640	0.00922	0.01072	0.01598	0.01009	0.05346	0.80269	0.02432	0.01040	0.00432	0.00215	0.00351
3	0.00560	0.00410	0.00526	0.00497	0.00595	0.00375	0.00373	0.00743	0.01118	0.01567	0.77032	0.03063	0.09970	0.00835	0.00473	0.00127	0.00190	0.00735	0.00436	0.00375
4	0.00480	0.00393	0.00424	0.00445	0.00553	0.00337	0.00323	0.00577	0.00887	0.01086	0.06147	0.23207	0.61615	0.01066	0.00483	0.00142	0.00210	0.00912	0.00375	0.00337
5	0.01498	0.01911	0.01137	0.01033	0.01240	0.84295	0.00775	0.01601	0.01137	0.00982	0.00620	0.00723	0.00517	0.00413	0.00362	0.00103	0.00723	0.00258	0.00207	0.00465
6	0.00974	0.00934	0.01595	0.08905	0.77104	0.00948	0.01222	0.01215	0.00904	0.01288	0.00751	0.00999	0.00627	0.00361	0.00397	0.00120	0.00481	0.00357	0.00197	0.00620
7	0.00947	0.01082	0.02366	0.01690	0.02096	0.01014	0.81947	0.01285	0.00947	0.01285	0.00811	0.01082	0.00609	0.00338	0.00473	0.00135	0.00676	0.00473	0.00203	0.00541
8	0.00836	0.00717	0.00834	0.00600	0.00953	0.00547	0.00479	0.01040	0.02999	0.01317	0.00737	0.00849	0.00611	0.00304	0.00300	0.00061	0.00298	0.00243	0.00242	0.86035
9	0.00923	0.00748	0.00867	0.00627	0.00979	0.00599	0.00504	0.08167	0.00934	0.04041	0.00763	0.00860	0.00614	0.00320	0.00310	0.00067	0.00311	0.00254	0.00260	0.77852
10	0.01356	0.01616	0.01032	0.00934	0.01134	0.65864	0.00704	0.03165	0.03390	0.03567	0.07353	0.01146	0.06074	0.00491	0.00381	0.00109	0.00620	0.00344	0.00254	0.00466
11	0.00943	0.00899	0.01561	0.05474	0.58734	0.00922	0.09327	0.01173	0.00878	0.02387	0.00816	0.03244	0.00703	0.00570	0.05800	0.00159	0.05226	0.00394	0.00207	0.00582
12	0.00938	0.01145	0.07551	0.01656	0.02073	0.01009	0.76826	0.01284	0.00940	0.01284	0.00806	0.01067	0.00602	0.00341	0.00467	0.00135	0.00671	0.00462	0.00201	0.00544
13	0.00475	0.00402	0.00411	0.00418	0.00545	0.00338	0.00310	0.00574	0.00903	0.01079	0.03918	0.10249	0.76945	0.01035	0.00477	0.00138	0.00205	0.00869	0.00372	0.00338
14	0.00697	0.00348	0.00522	0.00522	0.00522	0.00348	0.00348	0.00522	0.00522	0.00697	0.00697	0.01219	0.00697	0.01393	0.01567	0.88332	0.00348	0.00348	0.00174	0.00174
15	0.00499	0.00361	0.00469	0.00545	0.00583	0.00335	0.00372	0.00580	0.00803	0.01066	0.07598	0.70047	0.08988	0.02962	0.00539	0.00164	0.00234	0.03150	0.00374	0.00330
16	0.01550	0.01082	0.01178	0.00903	0.01223	0.01182	0.00746	0.74567	0.01817	0.10125	0.01021	0.01001	0.00711	0.00483	0.00401	0.00121	0.00432	0.00365	0.00410	0.00682
17	0.01536	0.01106	0.01193	0.00914	0.01235	0.01218	0.00755	0.78871	0.01856	0.05764	0.00988	0.00979	0.00694	0.00482	0.00401	0.00121	0.00437	0.00363	0.00405	0.00682
18	0.00832	0.00713	0.00832	0.00594	0.00950	0.00535	0.00475	0.01010	0.00832	0.01307	0.00713	0.00832	0.00594	0.00297	0.00297	0.00059	0.00297	0.00238	0.00238	0.88357
19	0.00582	0.00530	0.03866	0.00598	0.04573	0.00452	0.00440	0.01830	0.05439	0.01246	0.20311	0.08577	0.43174	0.04901	0.01570	0.00152	0.00259	0.00749	0.00365	0.00387
20	0.01464	0.01093	0.01169	0.00910	0.01220	0.01215	0.00748	0.72826	0.11225	0.02429	0.01040	0.01025	0.00745	0.00489	0.00402	0.00122	0.00427	0.00372	0.00402	0.00677
21	0.88738	0.00776	0.00589	0.00527	0.00776	0.00900	0.00434	0.01179	0.00683	0.01799	0.00558	0.00651	0.00434	0.00372	0.00248	0.00124	0.00310	0.00217	0.00248	0.00434
22	0.00832	0.00713	0.00832	0.00594	0.00950	0.00535	0.00475	0.01010	0.00832	0.01307	0.00713	0.00832	0.00594	0.00297	0.00297	0.00059	0.00297	0.00238	0.00238	0.88357
23	0.01097	0.03919	0.01546	0.04357	0.59864	0.11077	0.02369	0.08518	0.01022	0.01359	0.00750	0.00949	0.00618	0.00376	0.00390	0.00117	0.00506	0.00343	0.00216	0.00608
24	0.00794	0.00752	0.01264	0.70735	0.14143	0.00910	0.01123	0.01052	0.00812	0.01063	0.00713	0.01053	0.00549	0.00404	0.00428	0.00133	0.03064	0.00356	0.00181	0.00472
25	0.00577	0.00413	0.00561	0.00561	0.00604	0.00456	0.00397	0.00662	0.00620	0.00869	0.01151	0.01999	0.01187	0.36483	0.51092	0.00541	0.00797	0.00492	0.00226	0.00312
26	0.01020	0.67021	0.08835	0.07419	0.06466	0.01437	0.00821	0.01195	0.00823	0.01001	0.00596	0.00716	0.00523	0.00352	0.00288	0.00095	0.00454	0.00241	0.00174	0.00523
27	0.00589	0.00384	0.00538	0.00562	0.00593	0.00403	0.00394	0.00611	0.00637	0.00873	0.01289	0.20724	0.01402	0.15817	0.28531	0.23079	0.00568	0.02473	0.00248	0.00285
28	0.00782	0.19147	0.00981	0.00697	0.06008	0.00743	0.00526	0.05134	0.01868	0.02949	0.29482	0.03264	0.10518	0.01870	0.09870	0.00178	0.00381	0.00529	0.04635	0.00440

[dist]
# distance from previous block
# <min> <max>
1	22

[block]
# block no. 4 follows, 67 sequences, length 9
# corresponding to MSA columns:
# 275-282,284
name=unknown_E
#
# <colnr> <probs for GDERKNQSTAVLIFYWHMCP>
#	G	D	E	R	K	N	Q	S	T	A	V	L	I	F	Y	W	H	M	C	P
0	0.35472	0.11111	0.01050	0.03106	0.13700	0.07461	0.00674	0.02929	0.00802	0.01388	0.00788	0.10258	0.00746	0.00503	0.00419	0.00126	0.08394	0.00364	0.00237	0.00472
1	0.01089	0.10221	0.10894	0.06140	0.08232	0.15141	0.05837	0.10708	0.17292	0.02742	0.04131	0.01182	0.03725	0.00464	0.00388	0.00120	0.00484	0.00377	0.00278	0.00557
2	0.00684	0.00353	0.00513	0.00513	0.00513	0.00353	0.00337	0.00529	0.00529	0.00706	0.00760	0.01376	0.00782	0.10849	0.01620	0.78492	0.00353	0.00375	0.00182	0.00182
3	0.00582	0.00417	0.00506	0.03775	0.02455	0.00397	0.00368	0.00705	0.00875	0.01214	0.23348	0.12252	0.20672	0.17541	0.00754	0.00180	0.00256	0.00701	0.12658	0.00344
4	0.10738	0.03767	0.00865	0.00724	0.00892	0.00836	0.00584	0.19668	0.07883	0.01488	0.00997	0.01245	0.00839	0.01568	0.36480	0.00348	0.05843	0.00377	0.04383	0.00476
5	0.02169	0.00600	0.00764	0.00807	0.07260	0.02098	0.00564	0.05061	0.04125	0.08139	0.05575	0.33616	0.11707	0.00900	0.00574	0.00149	0.10951	0.04164	0.00345	0.00435
6	0.00801	0.00731	0.01217	0.62849	0.17685	0.00862	0.01070	0.01056	0.00826	0.01115	0.00767	0.01088	0.00592	0.00398	0.00391	0.00128	0.00496	0.00358	0.07093	0.00475
7	0.01113	0.62013	0.07890	0.00881	0.06136	0.14072	0.00791	0.01269	0.00872	0.00996	0.00591	0.00692	0.00522	0.00357	0.00291	0.00093	0.00488	0.00236	0.00178	0.00520
8	0.44097	0.04172	0.08337	0.03570	0.08895	0.20558	0.00724	0.01282	0.00833	0.01439	0.00610	0.00736	0.00488	0.00389	0.00331	0.00119	0.02467	0.00255	0.00220	0.00478

[dist]
# distance from previous block
# <min> <max>
0	3

[block]
# block no. 5 follows, 67 sequences, length 14
# corresponding to MSA columns:
# 288-301
name=unknown_F
#
# <colnr> <probs for GDERKNQSTAVLIFYWHMCP>
#	G	D	E	R	K	N	Q	S	T	A	V	L	I	F	Y	W	H	M	C	P
0	0.03742	0.02853	0.02706	0.06718	0.11213	0.09942	0.00758	0.18180	0.21834	0.05200	0.01236	0.08976	0.02794	0.00543	0.00401	0.00126	0.00419	0.00447	0.00327	0.01585
1	0.00501	0.00364	0.00474	0.00553	0.00594	0.00337	0.00383	0.00586	0.00808	0.01068	0.06339	0.69797	0.09575	0.01206	0.00509	0.00160	0.00236	0.05803	0.00376	0.00332
2	0.07760	0.08993	0.04890	0.03720	0.01060	0.10395	0.00668	0.10813	0.20581	0.01426	0.01366	0.13029	0.05176	0.00634	0.00431	0.00132	0.03372	0.04732	0.00313	0.00507
3	0.05484	0.34467	0.18545	0.00903	0.01272	0.09537	0.06614	0.05933	0.07363	0.05265	0.00772	0.00845	0.00605	0.00390	0.00335	0.00109	0.00491	0.00290	0.00228	0.00551
4	0.00536	0.00412	0.00566	0.00594	0.00666	0.00388	0.03573	0.00663	0.02232	0.01129	0.12088	0.51312	0.13445	0.01201	0.04615	0.00178	0.00291	0.05393	0.00367	0.00351
5	0.00500	0.00363	0.00464	0.00537	0.00576	0.00337	0.00364	0.00575	0.00787	0.01034	0.04297	0.66384	0.12041	0.06590	0.00605	0.00174	0.00242	0.03442	0.00366	0.00325
6	0.02664	0.03063	0.07469	0.10139	0.07195	0.24155	0.04474	0.10524	0.05618	0.03856	0.01013	0.11557	0.00914	0.00549	0.00430	0.00127	0.02985	0.02492	0.00266	0.00509
7	0.04712	0.10235	0.24212	0.10130	0.14347	0.02176	0.03450	0.06712	0.13410	0.03566	0.00953	0.01055	0.02478	0.00423	0.00378	0.00123	0.00476	0.00348	0.00245	0.00574
8	0.00804	0.02074	0.83828	0.01143	0.01736	0.00931	0.01482	0.01270	0.00847	0.01270	0.00720	0.00847	0.00508	0.00381	0.00381	0.00127	0.00593	0.00296	0.00169	0.00593
9	0.00512	0.00380	0.00460	0.00511	0.00573	0.00350	0.00353	0.00620	0.02424	0.01097	0.08180	0.51897	0.22756	0.04531	0.00552	0.00160	0.00229	0.00978	0.03101	0.00337
10	0.20904	0.11474	0.06393	0.05502	0.06718	0.04283	0.04831	0.27089	0.03530	0.04508	0.00799	0.00880	0.00600	0.00414	0.00350	0.00119	0.00443	0.00312	0.00285	0.00568
11	0.00871	0.05310	0.09385	0.03234	0.07731	0.06798	0.07384	0.07387	0.03495	0.04034	0.17695	0.11618	0.10182	0.00648	0.00427	0.00126	0.00391	0.00565	0.00314	0.02405
12	0.01108	0.16804	0.05300	0.01847	0.00958	0.02838	0.01768	0.04160	0.03555	0.25984	0.10935	0.03777	0.15943	0.00626	0.00426	0.02259	0.00346	0.00491	0.00357	0.00517
13	0.00566	0.00481	0.03795	0.00655	0.04697	0.00418	0.00458	0.00697	0.02541	0.01114	0.11421	0.43500	0.10238	0.11758	0.00686	0.00182	0.00281	0.05807	0.00348	0.00357

[dist]
# distance from previous block
# <min> <max>
0	81

# created by:
# /home/cegg/simao/soft/augustus-3.2.1/scripts/msa2prfl.pl ./align_prep/EOG092C5EQR.fa
