[name]
unknown

[dist]
# distance from previous block
# <min> <max>
0	537

[block]
# block no. 0 follows, 65 sequences, length 10
# corresponding to MSA columns:
# 583-591,593
name=unknown_A
#
# <colnr> <probs for GDERKNQSTAVLIFYWHMCP>
#	G	D	E	R	K	N	Q	S	T	A	V	L	I	F	Y	W	H	M	C	P
0	0.00670	0.00445	0.00575	0.00570	0.00669	0.00419	0.00433	0.02658	0.01048	0.05931	0.43203	0.18501	0.05993	0.03440	0.00539	0.00151	0.00247	0.11134	0.02981	0.00394
1	0.77160	0.00840	0.00685	0.00592	0.00856	0.00967	0.00488	0.11677	0.00859	0.01939	0.00625	0.00708	0.00478	0.00396	0.00274	0.00127	0.00335	0.00241	0.00274	0.00478
2	0.00492	0.00408	0.00431	0.00442	0.00563	0.00347	0.00325	0.00597	0.00929	0.01131	0.08282	0.14491	0.68027	0.01061	0.00490	0.00142	0.00211	0.00899	0.00385	0.00347
3	0.00886	0.02072	0.03180	0.03261	0.02412	0.02095	0.02317	0.09681	0.32071	0.01507	0.04117	0.27186	0.01646	0.00774	0.00463	0.00145	0.01574	0.02337	0.01753	0.00523
4	0.04900	0.02195	0.15597	0.03835	0.04632	0.00969	0.13694	0.12612	0.02580	0.07222	0.03891	0.03603	0.00848	0.01990	0.02089	0.00152	0.14632	0.00413	0.03599	0.00546
5	0.00673	0.00517	0.00697	0.10699	0.00938	0.00588	0.00523	0.00913	0.11280	0.01010	0.01174	0.01843	0.01125	0.26610	0.36293	0.03316	0.00702	0.00477	0.00248	0.00373
6	0.00717	0.00490	0.00597	0.00574	0.00695	0.00468	0.00427	0.04264	0.07228	0.07834	0.32402	0.25176	0.15675	0.00931	0.00481	0.00141	0.00241	0.00815	0.00421	0.00423
7	0.11407	0.04536	0.01084	0.00880	0.02819	0.21042	0.00691	0.24047	0.07222	0.17970	0.01020	0.01017	0.00736	0.00462	0.00374	0.00119	0.00468	0.00337	0.03172	0.00594
8	0.14065	0.03200	0.07306	0.04475	0.09767	0.03121	0.03136	0.06922	0.00934	0.04433	0.00829	0.02234	0.00673	0.00403	0.00362	0.00104	0.02056	0.01319	0.05123	0.29539
9	0.11009	0.12889	0.12029	0.00853	0.04128	0.07112	0.00742	0.06388	0.13333	0.03848	0.01400	0.07411	0.11118	0.00586	0.00439	0.00129	0.05324	0.00450	0.00291	0.00523

[dist]
# distance from previous block
# <min> <max>
0	4

[block]
# block no. 1 follows, 65 sequences, length 8
# corresponding to MSA columns:
# 598-605
name=unknown_B
#
# <colnr> <probs for GDERKNQSTAVLIFYWHMCP>
#	G	D	E	R	K	N	Q	S	T	A	V	L	I	F	Y	W	H	M	C	P
0	0.06452	0.00724	0.04842	0.00706	0.03768	0.00634	0.00548	0.07094	0.06379	0.05500	0.14513	0.06286	0.02799	0.09627	0.03477	0.00159	0.00353	0.00472	0.01744	0.23923
1	0.37224	0.00804	0.00881	0.05664	0.08087	0.00860	0.02649	0.09617	0.06480	0.06010	0.01201	0.01254	0.10025	0.00480	0.00348	0.00124	0.00358	0.00367	0.00299	0.07267
2	0.00611	0.00391	0.00471	0.00469	0.00490	0.00382	0.00290	0.00592	0.00653	0.00861	0.06330	0.02504	0.10301	0.51296	0.01704	0.21214	0.00355	0.00578	0.00258	0.00251
3	0.04453	0.03934	0.07394	0.04112	0.03743	0.06071	0.08193	0.11249	0.19214	0.14353	0.03072	0.02341	0.03030	0.02475	0.01886	0.00146	0.02993	0.00422	0.00336	0.00584
4	0.64990	0.00778	0.00740	0.00772	0.10201	0.00863	0.00541	0.01264	0.00778	0.08798	0.00737	0.00829	0.00559	0.00397	0.00287	0.00124	0.00331	0.00266	0.06258	0.00486
5	0.10804	0.12590	0.09216	0.03755	0.01062	0.00805	0.08102	0.03907	0.04862	0.01361	0.12768	0.05676	0.22208	0.00658	0.00411	0.00129	0.00363	0.00553	0.00307	0.00464
6	0.00550	0.00426	0.00485	0.00510	0.00598	0.00395	0.00366	0.00692	0.04870	0.01110	0.06610	0.24160	0.36839	0.13789	0.00739	0.00188	0.00262	0.06697	0.00366	0.00348
7	0.01021	0.00937	0.01513	0.21869	0.54580	0.00994	0.01176	0.10406	0.01021	0.01414	0.00786	0.01031	0.00631	0.00391	0.00408	0.00126	0.00498	0.00366	0.00222	0.00609

[dist]
# distance from previous block
# <min> <max>
0	7

[block]
# block no. 2 follows, 65 sequences, length 28
# corresponding to MSA columns:
# 632-659
name=unknown_C
#
# <colnr> <probs for GDERKNQSTAVLIFYWHMCP>
#	G	D	E	R	K	N	Q	S	T	A	V	L	I	F	Y	W	H	M	C	P
0	0.00581	0.00420	0.00549	0.00516	0.00613	0.00387	0.00387	0.00775	0.01162	0.01646	0.82797	0.03066	0.03873	0.00839	0.00484	0.00129	0.00194	0.00742	0.00452	0.00387
1	0.01173	0.01360	0.00983	0.00903	0.01039	0.49100	0.00678	0.01264	0.00939	0.00961	0.00787	0.01157	0.00738	0.11346	0.15065	0.02475	0.09054	0.00347	0.00214	0.00419
2	0.00823	0.02123	0.83447	0.01170	0.01777	0.00953	0.01517	0.01300	0.00867	0.01300	0.00737	0.00867	0.00520	0.00390	0.00390	0.00130	0.00607	0.00303	0.00173	0.00607
3	0.00517	0.00417	0.00460	0.00450	0.00574	0.00360	0.00337	0.00651	0.01012	0.01289	0.30546	0.03654	0.56347	0.00972	0.00485	0.00135	0.00203	0.00825	0.00405	0.00360
4	0.12674	0.34168	0.02282	0.10585	0.03058	0.05826	0.01866	0.03695	0.03532	0.05326	0.00940	0.12611	0.00881	0.00516	0.00347	0.00117	0.00423	0.00402	0.00250	0.00500
5	0.00804	0.00766	0.03697	0.03470	0.22662	0.02768	0.04209	0.01025	0.03948	0.01248	0.02353	0.25874	0.01392	0.00680	0.00431	0.00128	0.00381	0.04975	0.00283	0.18908
6	0.02581	0.50769	0.06274	0.00811	0.01142	0.07972	0.03199	0.10587	0.04683	0.03725	0.00767	0.02103	0.00654	0.02711	0.00367	0.00111	0.00467	0.00294	0.00234	0.00547
7	0.73731	0.05147	0.00743	0.00598	0.00846	0.03690	0.00496	0.03677	0.00755	0.01745	0.00596	0.00706	0.00475	0.00453	0.02071	0.00137	0.03190	0.00237	0.00250	0.00456
8	0.01127	0.01432	0.16114	0.04725	0.09944	0.22720	0.13765	0.06941	0.14379	0.01383	0.02894	0.01067	0.00767	0.00435	0.00411	0.00125	0.00574	0.00372	0.00255	0.00570
9	0.00589	0.00438	0.00550	0.00519	0.00626	0.00409	0.00390	0.00812	0.04486	0.01590	0.70856	0.03099	0.12393	0.00849	0.00482	0.00131	0.00201	0.00744	0.00443	0.00394
10	0.00576	0.00440	0.00562	0.00552	0.00645	0.00417	0.01882	0.00753	0.03712	0.01363	0.39033	0.23812	0.17344	0.02596	0.00536	0.00146	0.01935	0.00839	0.02480	0.00377
11	0.00879	0.00876	0.01210	0.13234	0.01316	0.03830	0.00904	0.01000	0.00676	0.00995	0.00608	0.00970	0.00573	0.00825	0.06817	0.00204	0.64091	0.00362	0.00184	0.00445
12	0.00510	0.00367	0.00485	0.00568	0.00601	0.00345	0.00386	0.00590	0.00802	0.01068	0.04991	0.73857	0.06008	0.02626	0.02842	0.00182	0.00265	0.02795	0.00377	0.00336
13	0.01008	0.01011	0.06331	0.07937	0.33579	0.02811	0.05935	0.07926	0.18590	0.01488	0.04350	0.02333	0.00939	0.00471	0.00442	0.00131	0.02514	0.01322	0.00277	0.00604
14	0.01189	0.48409	0.07929	0.00878	0.03184	0.06656	0.02619	0.18224	0.02668	0.01377	0.00711	0.00789	0.00584	0.00391	0.00323	0.00102	0.00474	0.00275	0.00235	0.02981
15	0.03129	0.08837	0.06141	0.01778	0.09087	0.01870	0.00604	0.02097	0.05832	0.01207	0.06444	0.20710	0.20088	0.03845	0.04684	0.00172	0.00370	0.02352	0.00316	0.00438
16	0.29179	0.10470	0.14734	0.05275	0.07520	0.05252	0.03590	0.07608	0.00924	0.02893	0.04052	0.00924	0.00681	0.00458	0.01642	0.00131	0.02256	0.00308	0.00243	0.01862
17	0.04772	0.02143	0.05281	0.05819	0.10313	0.02880	0.03410	0.00999	0.00883	0.07739	0.10295	0.13875	0.06649	0.12746	0.00678	0.00169	0.01631	0.02261	0.00304	0.07155
18	0.01053	0.07320	0.04203	0.00951	0.09421	0.10789	0.02389	0.06592	0.02565	0.05679	0.03346	0.01157	0.00821	0.02143	0.00416	0.00104	0.02196	0.03577	0.00266	0.35013
19	0.04108	0.10204	0.13281	0.04551	0.06421	0.02413	0.07745	0.08020	0.03745	0.11308	0.04404	0.06246	0.02127	0.00567	0.00416	0.00131	0.00444	0.09471	0.00302	0.04100
20	0.09955	0.00972	0.08851	0.06900	0.07024	0.02073	0.06214	0.14043	0.03288	0.08548	0.00968	0.02335	0.02052	0.04124	0.00448	0.00125	0.00426	0.00360	0.00286	0.21005
21	0.02527	0.08712	0.07666	0.04076	0.18544	0.03515	0.05109	0.07087	0.06862	0.04483	0.02316	0.06097	0.02601	0.03231	0.01787	0.00138	0.03960	0.00415	0.00265	0.10608
22	0.05817	0.03548	0.01340	0.05577	0.30157	0.04862	0.07986	0.06938	0.04553	0.06461	0.04732	0.05704	0.00932	0.00461	0.00400	0.00120	0.00446	0.00415	0.00273	0.09278
23	0.01059	0.03588	0.06057	0.10058	0.16492	0.08302	0.04050	0.09209	0.05547	0.06007	0.05576	0.02557	0.00885	0.00444	0.00405	0.00114	0.01799	0.00374	0.00273	0.17205
24	0.05483	0.00923	0.02624	0.12644	0.25779	0.04373	0.09607	0.07699	0.03266	0.09179	0.06539	0.02416	0.02578	0.00458	0.00411	0.00125	0.00463	0.00414	0.00279	0.04740
25	0.03449	0.09962	0.14312	0.05106	0.05667	0.05133	0.03072	0.09400	0.02119	0.11557	0.04044	0.04281	0.03263	0.00480	0.00382	0.00115	0.00435	0.01781	0.00289	0.15155
26	0.07733	0.03645	0.11104	0.05159	0.10679	0.04435	0.03649	0.11601	0.08455	0.10816	0.02815	0.02314	0.00803	0.00437	0.00379	0.00116	0.00433	0.00358	0.00297	0.14771
27	0.05759	0.05001	0.04975	0.09649	0.09786	0.04835	0.01760	0.08676	0.05547	0.11291	0.06552	0.04485	0.00984	0.00477	0.00399	0.00115	0.01910	0.00390	0.00300	0.17109

[dist]
# distance from previous block
# <min> <max>
2	148

[block]
# block no. 3 follows, 65 sequences, length 27
# corresponding to MSA columns:
# 808-834
name=unknown_D
#
# <colnr> <probs for GDERKNQSTAVLIFYWHMCP>
#	G	D	E	R	K	N	Q	S	T	A	V	L	I	F	Y	W	H	M	C	P
0	0.02520	0.02972	0.19834	0.00997	0.05839	0.09685	0.04007	0.10911	0.09666	0.09553	0.08161	0.01287	0.03583	0.00482	0.00398	0.00120	0.00459	0.00392	0.00306	0.08829
1	0.04340	0.02311	0.17801	0.02322	0.08260	0.01933	0.04740	0.04120	0.07525	0.13527	0.09570	0.09579	0.02128	0.00558	0.00423	0.00127	0.01455	0.00476	0.00317	0.08487
2	0.04758	0.03932	0.25743	0.03164	0.07357	0.05944	0.05107	0.04912	0.07284	0.10139	0.03993	0.01068	0.00789	0.00430	0.00404	0.00119	0.02250	0.00347	0.00268	0.11992
3	0.05196	0.04346	0.10853	0.06742	0.12869	0.05026	0.06537	0.09017	0.03259	0.14919	0.04131	0.01187	0.02032	0.02577	0.00433	0.00126	0.00456	0.00375	0.00294	0.09626
4	0.01027	0.05761	0.17125	0.13254	0.07931	0.02039	0.04966	0.05467	0.05027	0.12631	0.06329	0.02253	0.03092	0.00464	0.00397	0.00120	0.00450	0.00394	0.00284	0.10990
5	0.01134	0.09605	0.14849	0.02083	0.07565	0.03134	0.12980	0.08034	0.05290	0.14097	0.00995	0.01074	0.02163	0.00424	0.00417	0.00118	0.02913	0.00361	0.00280	0.12485
6	0.03438	0.06728	0.11560	0.01901	0.08019	0.03125	0.05916	0.08651	0.04897	0.05931	0.12161	0.07417	0.10389	0.00653	0.01630	0.00138	0.04596	0.00516	0.00310	0.02023
7	0.00877	0.02310	0.08596	0.00906	0.08198	0.03833	0.04489	0.02656	0.04935	0.04859	0.01116	0.01545	0.04420	0.20604	0.05759	0.00211	0.04975	0.00420	0.00256	0.19036
8	0.00962	0.06272	0.26264	0.01007	0.05731	0.01631	0.06337	0.06141	0.05166	0.06501	0.03964	0.03103	0.04285	0.00460	0.00409	0.00115	0.02446	0.00381	0.00264	0.18560
9	0.02591	0.02007	0.03709	0.00549	0.00651	0.00423	0.00420	0.00679	0.00835	0.01135	0.17538	0.23102	0.18568	0.01119	0.02712	0.19353	0.00292	0.00728	0.00327	0.03262
10	0.04860	0.07397	0.05906	0.02511	0.02183	0.02446	0.00707	0.24224	0.11559	0.10987	0.01003	0.01021	0.00742	0.00430	0.00366	0.00108	0.00397	0.00332	0.00332	0.22489
11	0.02302	0.17378	0.20236	0.00868	0.02548	0.04804	0.02524	0.06171	0.03022	0.10936	0.02584	0.03788	0.00775	0.00427	0.00357	0.00106	0.00442	0.00335	0.00266	0.20133
12	0.02084	0.08811	0.43122	0.04179	0.06515	0.02684	0.01166	0.07375	0.02324	0.09973	0.00889	0.00988	0.01912	0.00440	0.00445	0.00128	0.05799	0.00332	0.00238	0.00596
13	0.04329	0.41100	0.01460	0.00738	0.01905	0.05301	0.03655	0.02174	0.02890	0.04333	0.01043	0.11280	0.02893	0.09765	0.00565	0.00144	0.03475	0.00428	0.02050	0.00472
14	0.04140	0.07485	0.03065	0.28104	0.08491	0.03443	0.04011	0.02633	0.11421	0.05547	0.03346	0.05126	0.02625	0.03773	0.00489	0.01619	0.00449	0.02043	0.01687	0.00502
15	0.03251	0.06764	0.17098	0.01102	0.09591	0.05615	0.08186	0.07036	0.10463	0.13706	0.04791	0.03396	0.03107	0.00495	0.00406	0.00126	0.00462	0.01526	0.00306	0.02572
16	0.02231	0.00870	0.10702	0.05377	0.16552	0.00732	0.09538	0.02470	0.04420	0.06432	0.08422	0.13377	0.13777	0.00667	0.00469	0.00137	0.02419	0.00595	0.00304	0.00508
17	0.00501	0.00364	0.00473	0.00557	0.00592	0.00336	0.00375	0.00578	0.00807	0.01067	0.04324	0.76611	0.09391	0.01255	0.00520	0.00163	0.00235	0.01132	0.00383	0.00336
18	0.00948	0.04331	0.06848	0.04355	0.03370	0.05823	0.00654	0.05919	0.11288	0.10001	0.21060	0.10641	0.06050	0.00676	0.00458	0.00131	0.02808	0.00565	0.01579	0.02493
19	0.05715	0.12338	0.26042	0.01075	0.08718	0.05830	0.04654	0.07257	0.06913	0.02246	0.00858	0.00957	0.01953	0.00401	0.00364	0.00113	0.00484	0.00318	0.00237	0.13527
20	0.02601	0.00463	0.00624	0.00618	0.00695	0.00466	0.03509	0.01871	0.00804	0.02236	0.05730	0.32786	0.13962	0.10714	0.12255	0.03485	0.03515	0.02987	0.00325	0.00354
21	0.00621	0.00419	0.00512	0.00538	0.00596	0.00400	0.00364	0.00732	0.03874	0.04999	0.08158	0.37924	0.10382	0.25498	0.00961	0.00225	0.00290	0.02808	0.00356	0.00345
22	0.49661	0.06990	0.00894	0.00680	0.00954	0.04495	0.00562	0.14560	0.09679	0.04952	0.00803	0.00846	0.00608	0.00421	0.00310	0.00122	0.00368	0.00282	0.00299	0.02513
23	0.04418	0.10842	0.33767	0.02395	0.02880	0.08367	0.04913	0.04459	0.02478	0.10094	0.00829	0.00915	0.00611	0.00395	0.00368	0.00115	0.00515	0.00308	0.00240	0.11091
24	0.02441	0.24766	0.31122	0.02747	0.03657	0.02408	0.03470	0.08028	0.08271	0.08093	0.00867	0.00933	0.00649	0.00411	0.00362	0.00118	0.00497	0.00316	0.00247	0.00596
25	0.01057	0.13169	0.08887	0.00879	0.08690	0.00813	0.00690	0.02754	0.10929	0.18980	0.09944	0.06470	0.04462	0.09788	0.00587	0.00155	0.00376	0.00491	0.00340	0.00538
26	0.00901	0.00639	0.03866	0.03401	0.00896	0.00591	0.00541	0.04576	0.14281	0.15495	0.19419	0.15379	0.13701	0.02542	0.00493	0.00144	0.00296	0.01942	0.00408	0.00490

[dist]
# distance from previous block
# <min> <max>
0	2

[block]
# block no. 4 follows, 65 sequences, length 7
# corresponding to MSA columns:
# 856-862
name=unknown_E
#
# <colnr> <probs for GDERKNQSTAVLIFYWHMCP>
#	G	D	E	R	K	N	Q	S	T	A	V	L	I	F	Y	W	H	M	C	P
0	0.02445	0.08384	0.18295	0.01170	0.10297	0.07986	0.12683	0.05863	0.04620	0.05989	0.06754	0.04005	0.03634	0.02270	0.00461	0.00131	0.02120	0.00425	0.00266	0.02199
1	0.01112	0.03449	0.16532	0.06740	0.18576	0.03625	0.23856	0.10574	0.01066	0.09168	0.00874	0.01034	0.00645	0.00397	0.00422	0.00128	0.00560	0.00386	0.00250	0.00604
2	0.00519	0.00400	0.00471	0.00511	0.00596	0.00360	0.00372	0.00621	0.00882	0.01118	0.08168	0.32163	0.37931	0.05413	0.00588	0.00166	0.00244	0.08756	0.00379	0.00343
3	0.00757	0.00963	0.18154	0.01173	0.18717	0.00738	0.02710	0.01023	0.03972	0.01269	0.10516	0.10537	0.14278	0.00754	0.02529	0.00153	0.07516	0.03460	0.00284	0.00496
4	0.05741	0.12166	0.12673	0.04561	0.11873	0.04196	0.06328	0.06403	0.06726	0.20351	0.01042	0.02894	0.00777	0.00447	0.00385	0.00123	0.00459	0.00370	0.01887	0.00598
5	0.00618	0.00421	0.00544	0.00588	0.00653	0.00401	0.00425	0.02792	0.00893	0.04175	0.13108	0.46519	0.06186	0.08649	0.00655	0.00182	0.00274	0.12171	0.00384	0.00363
6	0.00701	0.06375	0.00751	0.00631	0.00714	0.03680	0.00475	0.03023	0.00779	0.01058	0.12135	0.05757	0.01497	0.20597	0.32520	0.03397	0.04766	0.00519	0.00264	0.00363

[dist]
# distance from previous block
# <min> <max>
5	94

[block]
# block no. 5 follows, 65 sequences, length 6
# corresponding to MSA columns:
# 957-962
name=unknown_F
#
# <colnr> <probs for GDERKNQSTAVLIFYWHMCP>
#	G	D	E	R	K	N	Q	S	T	A	V	L	I	F	Y	W	H	M	C	P
0	0.00863	0.06155	0.02470	0.04757	0.09747	0.00751	0.04124	0.08760	0.04827	0.02587	0.05075	0.09175	0.03769	0.04266	0.04213	0.00170	0.01523	0.16058	0.02315	0.08394
1	0.00744	0.06357	0.21225	0.00778	0.04346	0.00644	0.00722	0.00980	0.00971	0.04095	0.32463	0.05645	0.06508	0.06590	0.00544	0.00143	0.00353	0.00557	0.00323	0.06012
2	0.00974	0.00928	0.06195	0.06067	0.06823	0.06045	0.05990	0.08328	0.25642	0.04434	0.05139	0.13008	0.03184	0.04743	0.00516	0.00149	0.00412	0.00545	0.00337	0.00542
3	0.01201	0.01024	0.07059	0.00959	0.06195	0.04436	0.03570	0.30626	0.11550	0.08428	0.03946	0.01455	0.05753	0.07681	0.00555	0.00147	0.00428	0.00435	0.00353	0.04200
4	0.03937	0.11144	0.10022	0.04044	0.17746	0.00980	0.08655	0.07861	0.09607	0.05595	0.03008	0.02806	0.00815	0.00428	0.00383	0.00116	0.00447	0.00372	0.00268	0.11764
5	0.02877	0.00758	0.00919	0.00775	0.04817	0.02487	0.03619	0.11163	0.03067	0.06198	0.13454	0.03364	0.04936	0.03278	0.00437	0.00110	0.00339	0.00425	0.00321	0.36656

[dist]
# distance from previous block
# <min> <max>
0	1

[block]
# block no. 6 follows, 65 sequences, length 26
# corresponding to MSA columns:
# 964-972,974-990
name=unknown_G
#
# <colnr> <probs for GDERKNQSTAVLIFYWHMCP>
#	G	D	E	R	K	N	Q	S	T	A	V	L	I	F	Y	W	H	M	C	P
0	0.02326	0.27390	0.13886	0.00810	0.01136	0.01076	0.02034	0.06555	0.16467	0.08746	0.02566	0.04800	0.04407	0.00525	0.00375	0.00121	0.00410	0.03494	0.00299	0.02576
1	0.02456	0.52057	0.14516	0.00800	0.01180	0.01376	0.00818	0.14287	0.01016	0.01324	0.00690	0.00774	0.00569	0.00382	0.00309	0.00100	0.00453	0.00262	0.02379	0.04252
2	0.00950	0.00908	0.01548	0.24892	0.61153	0.00958	0.01227	0.01202	0.00904	0.01261	0.00761	0.01037	0.00622	0.00378	0.00407	0.00126	0.00504	0.00365	0.00198	0.00597
3	0.05354	0.13500	0.19340	0.00945	0.02634	0.01861	0.07152	0.10291	0.04147	0.18434	0.02160	0.04030	0.00825	0.02237	0.00448	0.00129	0.02946	0.00381	0.00301	0.02884
4	0.00983	0.04366	0.09150	0.03456	0.13049	0.00884	0.20035	0.02725	0.14897	0.08618	0.07037	0.06142	0.02790	0.00538	0.00440	0.00135	0.00462	0.03424	0.00304	0.00566
5	0.00775	0.00730	0.01231	0.84587	0.02827	0.00912	0.01140	0.01049	0.00821	0.01049	0.00730	0.01094	0.00547	0.00410	0.00410	0.00137	0.00547	0.00365	0.00182	0.00456
6	0.17891	0.00900	0.00984	0.00904	0.05785	0.01009	0.02791	0.13124	0.44091	0.04975	0.01324	0.01278	0.02174	0.00503	0.00387	0.00133	0.00360	0.00403	0.00370	0.00612
7	0.05058	0.00961	0.04915	0.06554	0.23150	0.03561	0.15544	0.05640	0.01926	0.12380	0.01146	0.03933	0.05776	0.00477	0.00450	0.00129	0.03430	0.00433	0.00276	0.04261
8	0.00667	0.00429	0.00518	0.00522	0.00624	0.00386	0.00375	0.00765	0.00889	0.10263	0.08973	0.28205	0.30284	0.11068	0.02329	0.00187	0.00275	0.02483	0.00382	0.00374
9	0.00898	0.00898	0.01257	0.01078	0.01078	0.01257	0.00898	0.00988	0.00629	0.00988	0.00539	0.00898	0.00539	0.00718	0.01347	0.00180	0.84823	0.00359	0.00180	0.00449
10	0.08474	0.03907	0.04105	0.04227	0.11599	0.00988	0.49961	0.01256	0.00924	0.02854	0.00927	0.02745	0.02549	0.00412	0.00455	0.00135	0.01633	0.02082	0.00224	0.00542
11	0.02876	0.05557	0.13367	0.00762	0.02114	0.00730	0.00670	0.07348	0.11563	0.13569	0.05171	0.20974	0.04911	0.06234	0.00537	0.00153	0.00361	0.00604	0.01984	0.00514
12	0.00548	0.00406	0.00474	0.00498	0.00589	0.00362	0.00357	0.00649	0.00896	0.03044	0.12124	0.28446	0.38272	0.07502	0.00620	0.00168	0.00240	0.04075	0.00382	0.00349
13	0.00785	0.00740	0.01250	0.81129	0.06206	0.00915	0.01145	0.01058	0.00826	0.01061	0.00731	0.01091	0.00552	0.00409	0.00410	0.00136	0.00545	0.00365	0.00183	0.00464
14	0.00969	0.04540	0.19071	0.36273	0.07733	0.07646	0.04383	0.04510	0.00937	0.05932	0.00838	0.03871	0.00656	0.00438	0.00404	0.00130	0.00547	0.00373	0.00220	0.00530
15	0.00896	0.00570	0.00644	0.02774	0.00796	0.03707	0.00457	0.03947	0.01023	0.19988	0.09020	0.12309	0.37592	0.00940	0.03302	0.00154	0.00311	0.00718	0.00399	0.00450
16	0.00597	0.00398	0.00448	0.00448	0.00448	0.00398	0.00249	0.00597	0.00597	0.00796	0.01293	0.02686	0.01492	0.85574	0.02089	0.00398	0.00398	0.00597	0.00249	0.00249
17	0.11421	0.09040	0.06404	0.01079	0.05716	0.21169	0.12890	0.13492	0.01092	0.03643	0.00794	0.02092	0.00639	0.01754	0.01566	0.00129	0.01658	0.00338	0.01309	0.03776
18	0.37785	0.01110	0.00930	0.00782	0.01050	0.15041	0.00629	0.30021	0.03992	0.01944	0.00806	0.02758	0.00629	0.00455	0.00341	0.00123	0.00435	0.00312	0.00311	0.00545
19	0.00859	0.00943	0.08929	0.31218	0.28454	0.01973	0.07183	0.01137	0.02061	0.01204	0.00951	0.08132	0.00849	0.00494	0.00428	0.00136	0.00511	0.03791	0.00219	0.00530
20	0.00521	0.00440	0.03685	0.00554	0.00617	0.00367	0.00398	0.00606	0.00793	0.01039	0.02413	0.58775	0.16054	0.10881	0.00692	0.00187	0.00266	0.01017	0.00358	0.00337
21	0.02830	0.18307	0.50006	0.01008	0.01489	0.01062	0.03832	0.07086	0.00955	0.01352	0.05023	0.01052	0.03420	0.00433	0.00375	0.00122	0.00525	0.00337	0.00215	0.00573
22	0.01256	0.00999	0.01060	0.00883	0.01157	0.01131	0.00707	0.36797	0.47274	0.02096	0.01372	0.01294	0.01011	0.00529	0.00415	0.00132	0.00380	0.00423	0.00415	0.00671
23	0.00962	0.01092	0.18430	0.04329	0.03466	0.03723	0.07725	0.08393	0.18320	0.06127	0.14191	0.05766	0.03051	0.02014	0.00460	0.00138	0.00430	0.00497	0.00330	0.00555
24	0.01083	0.00828	0.00951	0.00884	0.04217	0.00934	0.00668	0.01941	0.57819	0.11739	0.03463	0.01632	0.01266	0.02260	0.00510	0.00146	0.05203	0.03433	0.00403	0.00620
25	0.07850	0.26956	0.06249	0.02872	0.13889	0.02574	0.02933	0.09300	0.13787	0.01431	0.03975	0.04712	0.00894	0.00466	0.00362	0.00118	0.00426	0.00373	0.00268	0.00565

[dist]
# distance from previous block
# <min> <max>
2	11

[block]
# block no. 7 follows, 65 sequences, length 10
# corresponding to MSA columns:
# 1010-1019
name=unknown_H
#
# <colnr> <probs for GDERKNQSTAVLIFYWHMCP>
#	G	D	E	R	K	N	Q	S	T	A	V	L	I	F	Y	W	H	M	C	P
0	0.04653	0.00804	0.04280	0.08197	0.03231	0.00824	0.00685	0.08738	0.26672	0.09952	0.12614	0.01859	0.06951	0.02085	0.00486	0.00141	0.03000	0.03905	0.00373	0.00551
1	0.00530	0.00408	0.00447	0.00463	0.00547	0.00368	0.00323	0.00606	0.00822	0.01020	0.03001	0.12552	0.45600	0.25421	0.00957	0.00220	0.00277	0.05778	0.00343	0.00319
2	0.00862	0.04309	0.05067	0.07974	0.14415	0.03790	0.05184	0.08802	0.05495	0.01482	0.25082	0.04853	0.09723	0.00630	0.00439	0.00129	0.00383	0.00552	0.00327	0.00503
3	0.00804	0.00474	0.00563	0.00514	0.00667	0.00417	0.00389	0.00923	0.00974	0.18843	0.14118	0.06350	0.41266	0.08408	0.03284	0.00175	0.00283	0.00726	0.00402	0.00420
4	0.05554	0.00839	0.01123	0.10961	0.11242	0.00885	0.04483	0.17230	0.12595	0.18680	0.02560	0.01370	0.02627	0.02191	0.00495	0.03744	0.00417	0.02064	0.00349	0.00588
5	0.03009	0.00623	0.00848	0.07947	0.05199	0.00591	0.00597	0.04493	0.00969	0.31199	0.02957	0.10139	0.05352	0.02627	0.00621	0.12063	0.00355	0.02993	0.00360	0.07058
6	0.04108	0.00808	0.00925	0.04056	0.01069	0.04479	0.00625	0.17887	0.08492	0.30120	0.09588	0.04071	0.05501	0.02490	0.00480	0.00137	0.02165	0.02000	0.00415	0.00585
7	0.08149	0.00966	0.01126	0.10047	0.16404	0.08996	0.00790	0.13630	0.04067	0.11087	0.00893	0.00991	0.00674	0.00407	0.00370	0.00110	0.00436	0.00326	0.00290	0.20240
8	0.07666	0.02662	0.01075	0.18035	0.12620	0.11244	0.02099	0.05934	0.00969	0.03776	0.05590	0.04601	0.05180	0.00516	0.00424	0.02804	0.00442	0.00403	0.00261	0.13699
9	0.15558	0.01023	0.01237	0.20590	0.11061	0.11004	0.07747	0.14354	0.05560	0.06759	0.00856	0.00999	0.00640	0.00424	0.00386	0.00127	0.00498	0.00349	0.00273	0.00553

[dist]
# distance from previous block
# <min> <max>
8	62

[block]
# block no. 8 follows, 65 sequences, length 31
# corresponding to MSA columns:
# 1083-1113
name=unknown_I
#
# <colnr> <probs for GDERKNQSTAVLIFYWHMCP>
#	G	D	E	R	K	N	Q	S	T	A	V	L	I	F	Y	W	H	M	C	P
0	0.34625	0.09976	0.21099	0.05578	0.02069	0.00960	0.03223	0.03660	0.00857	0.05272	0.03897	0.00902	0.00661	0.00403	0.00329	0.00121	0.00427	0.00294	0.00244	0.05403
1	0.05227	0.02524	0.00893	0.15116	0.04391	0.01862	0.00642	0.01062	0.07023	0.03604	0.03002	0.20919	0.01245	0.00629	0.00433	0.00122	0.03320	0.01980	0.00288	0.25717
2	0.29945	0.06996	0.02615	0.03140	0.02844	0.04691	0.01569	0.07093	0.03213	0.07932	0.01022	0.07463	0.02048	0.09007	0.06792	0.00194	0.02273	0.00405	0.00284	0.00472
3	0.38813	0.00847	0.00988	0.01086	0.21157	0.02330	0.02427	0.01209	0.00823	0.03903	0.00698	0.00831	0.00558	0.00361	0.00316	0.00109	0.00373	0.00275	0.00244	0.22652
4	0.00948	0.06376	0.35216	0.00970	0.02771	0.06760	0.04193	0.03797	0.00927	0.04933	0.00885	0.07042	0.00742	0.00475	0.01435	0.00119	0.00499	0.00361	0.00233	0.21319
5	0.00634	0.00497	0.00691	0.06755	0.00854	0.02068	0.00528	0.00761	0.00671	0.00943	0.01081	0.01722	0.01047	0.17366	0.57444	0.00539	0.04022	0.00455	0.01565	0.00357
6	0.06924	0.00409	0.00467	0.00514	0.00593	0.00385	0.00362	0.00654	0.00841	0.01177	0.06313	0.48689	0.24096	0.01087	0.00479	0.00150	0.00231	0.00953	0.05324	0.00350
7	0.00895	0.00995	0.07288	0.01109	0.01168	0.01227	0.03936	0.01023	0.00659	0.01023	0.00564	0.00904	0.00541	0.00681	0.01245	0.00174	0.75564	0.00360	0.00180	0.00464
8	0.00583	0.00397	0.00447	0.00452	0.00464	0.00391	0.00261	0.00595	0.00632	0.00833	0.01555	0.07324	0.07486	0.74778	0.01886	0.00366	0.00375	0.00648	0.00266	0.00261
9	0.07453	0.00927	0.00951	0.00855	0.02115	0.03724	0.00662	0.07216	0.63946	0.02952	0.01469	0.01381	0.01103	0.00537	0.00429	0.00137	0.02697	0.00429	0.00391	0.00627
10	0.00519	0.00373	0.00494	0.00575	0.00615	0.00349	0.00400	0.00611	0.00835	0.01115	0.09239	0.69395	0.05522	0.01228	0.00522	0.00164	0.00244	0.07070	0.00387	0.00342
11	0.00702	0.00723	0.07053	0.00912	0.01075	0.00689	0.16437	0.00887	0.00730	0.01037	0.01040	0.04636	0.00989	0.12043	0.41686	0.00429	0.07821	0.00478	0.00220	0.00412
12	0.00998	0.00957	0.01634	0.08498	0.77172	0.00971	0.01251	0.01244	0.00926	0.01320	0.00769	0.01022	0.00643	0.00369	0.00407	0.00123	0.00492	0.00366	0.00202	0.00636
13	0.00932	0.04460	0.56127	0.01126	0.01632	0.00986	0.07864	0.03330	0.13679	0.04574	0.00926	0.01007	0.00667	0.00418	0.00399	0.00131	0.00550	0.00346	0.00233	0.00612
14	0.01516	0.05319	0.01203	0.01043	0.01260	0.80626	0.00789	0.01623	0.01150	0.01003	0.00632	0.00737	0.00529	0.00420	0.00366	0.00105	0.00728	0.00263	0.00210	0.00478
15	0.00905	0.00861	0.01457	0.35225	0.48625	0.00932	0.01185	0.01156	0.00889	0.01218	0.00853	0.01132	0.02975	0.00403	0.00410	0.00128	0.00503	0.00380	0.00200	0.00564
16	0.01052	0.71990	0.15586	0.00780	0.01173	0.01513	0.00837	0.01241	0.00839	0.01021	0.00598	0.00693	0.00526	0.00358	0.00284	0.00095	0.00467	0.00233	0.00175	0.00540
17	0.01037	0.00906	0.00933	0.00842	0.01071	0.03507	0.00658	0.04322	0.74431	0.01701	0.01640	0.01613	0.01259	0.00574	0.00422	0.00140	0.00343	0.03557	0.00410	0.00635
18	0.00737	0.00588	0.00907	0.00882	0.01019	0.00597	0.10187	0.04060	0.00971	0.01278	0.01941	0.05121	0.03410	0.01001	0.00579	0.00179	0.03696	0.62083	0.00352	0.00413
19	0.00957	0.40643	0.41792	0.00983	0.01462	0.01267	0.05278	0.01268	0.00857	0.01147	0.00665	0.00783	0.00528	0.00370	0.00337	0.00111	0.00534	0.00274	0.00176	0.00567
20	0.01261	0.00572	0.00758	0.00626	0.00842	0.00509	0.00499	0.01446	0.02189	0.44864	0.33870	0.02111	0.03558	0.00648	0.00437	0.00127	0.00278	0.00551	0.04300	0.00555
21	0.02207	0.00440	0.00539	0.00530	0.00647	0.00395	0.00391	0.00817	0.00980	0.11192	0.25140	0.27203	0.26017	0.00980	0.00483	0.00143	0.00232	0.00854	0.00414	0.00398
22	0.08243	0.01315	0.01090	0.00920	0.01174	0.30504	0.00727	0.26947	0.09709	0.09209	0.00945	0.00979	0.00707	0.00533	0.02286	0.00133	0.03338	0.00336	0.00325	0.00579
23	0.04193	0.00718	0.00973	0.00900	0.05571	0.03432	0.09902	0.02399	0.08349	0.01169	0.03682	0.08175	0.10970	0.18749	0.05452	0.00227	0.13871	0.00562	0.00278	0.00427
24	0.00500	0.00389	0.00456	0.00508	0.00587	0.00345	0.00361	0.00591	0.00861	0.01083	0.03125	0.44917	0.39297	0.01167	0.00508	0.00155	0.00230	0.04200	0.00381	0.00341
25	0.04419	0.00830	0.01010	0.00787	0.01085	0.00828	0.02505	0.26283	0.05002	0.43158	0.01350	0.01258	0.00905	0.00495	0.00398	0.00124	0.00373	0.00395	0.08138	0.00657
26	0.00975	0.00888	0.01366	0.46364	0.26551	0.03959	0.02089	0.08298	0.00977	0.03488	0.00787	0.01057	0.00604	0.00407	0.00409	0.00130	0.00524	0.00365	0.00219	0.00544
27	0.00812	0.00636	0.00941	0.03938	0.02378	0.02035	0.13127	0.05106	0.04867	0.06342	0.02617	0.22809	0.04377	0.17753	0.02048	0.00206	0.00410	0.07760	0.01411	0.00426
28	0.02361	0.00385	0.00498	0.00584	0.00629	0.00364	0.00413	0.00621	0.00814	0.01091	0.02339	0.68158	0.07808	0.01232	0.00521	0.00167	0.00255	0.11041	0.00378	0.00342
29	0.04208	0.00956	0.01365	0.31844	0.35295	0.08929	0.01093	0.01184	0.00877	0.01184	0.00730	0.01032	0.00603	0.02224	0.00504	0.00136	0.06754	0.00355	0.00198	0.00532
30	0.00698	0.00496	0.00603	0.00592	0.00715	0.00485	0.00463	0.04062	0.07531	0.04266	0.28635	0.10985	0.16492	0.01809	0.01557	0.00154	0.00273	0.15168	0.04603	0.00415

[dist]
# distance from previous block
# <min> <max>
0	2

[block]
# block no. 9 follows, 65 sequences, length 26
# corresponding to MSA columns:
# 1140,1143-1151,1155-1170
name=unknown_J
#
# <colnr> <probs for GDERKNQSTAVLIFYWHMCP>
#	G	D	E	R	K	N	Q	S	T	A	V	L	I	F	Y	W	H	M	C	P
0	0.03786	0.02414	0.01238	0.01281	0.23333	0.11040	0.05825	0.06165	0.02214	0.04407	0.06041	0.01070	0.00842	0.00405	0.00389	0.00104	0.01729	0.00344	0.00260	0.27113
1	0.05674	0.00900	0.00960	0.00808	0.02912	0.06505	0.00630	0.17183	0.15036	0.13034	0.05974	0.02439	0.02200	0.00506	0.00415	0.00116	0.02862	0.01608	0.00356	0.19883
2	0.00996	0.00958	0.01515	0.24502	0.39834	0.04361	0.08490	0.06548	0.04793	0.01350	0.02205	0.01091	0.00701	0.00404	0.00415	0.00128	0.00518	0.00383	0.00226	0.00580
3	0.05000	0.19676	0.01282	0.00853	0.02031	0.12485	0.06694	0.06127	0.06606	0.10590	0.07503	0.08367	0.02516	0.02091	0.00465	0.00129	0.04326	0.02440	0.00304	0.00515
4	0.00545	0.00401	0.00454	0.00473	0.00532	0.00373	0.00315	0.00606	0.00776	0.00988	0.04500	0.16992	0.30066	0.36124	0.01160	0.00253	0.00299	0.04507	0.00328	0.00306
5	0.28405	0.00968	0.02446	0.17177	0.03454	0.08032	0.04982	0.11336	0.08958	0.09193	0.00885	0.00983	0.00651	0.00431	0.00363	0.00128	0.00447	0.00332	0.00290	0.00538
6	0.00656	0.00471	0.00585	0.00562	0.00629	0.00499	0.00396	0.02298	0.05131	0.02712	0.09992	0.02365	0.08140	0.36825	0.24657	0.00393	0.02483	0.00569	0.00288	0.00348
7	0.01758	0.00717	0.00943	0.00728	0.01034	0.00645	0.00600	0.08335	0.01218	0.72184	0.01553	0.01372	0.00993	0.00505	0.00405	0.00125	0.00349	0.00408	0.05451	0.00681
8	0.88473	0.00794	0.00603	0.00540	0.00794	0.00921	0.00445	0.01207	0.00699	0.01842	0.00572	0.00667	0.00445	0.00381	0.00254	0.00127	0.00318	0.00222	0.00254	0.00445
9	0.01036	0.00913	0.00935	0.00842	0.01073	0.03412	0.00654	0.02166	0.79932	0.01697	0.01641	0.01509	0.01232	0.00553	0.00416	0.00138	0.00337	0.00458	0.00412	0.00645
10	0.01016	0.00975	0.01666	0.02520	0.83013	0.00975	0.01260	0.01260	0.00935	0.01341	0.00772	0.01016	0.00650	0.00366	0.00406	0.00122	0.00488	0.00366	0.00203	0.00650
11	0.01097	0.85821	0.02151	0.00702	0.01054	0.01624	0.00702	0.01229	0.00834	0.00966	0.00571	0.00658	0.00527	0.00351	0.00263	0.00088	0.00439	0.00219	0.00176	0.00527
12	0.00841	0.00797	0.01351	0.61990	0.24907	0.00929	0.01173	0.01107	0.00852	0.01129	0.00741	0.01073	0.00576	0.00398	0.00409	0.00133	0.00531	0.00365	0.00188	0.00509
13	0.00775	0.00730	0.01231	0.84587	0.02827	0.00912	0.01140	0.01049	0.00821	0.01049	0.00730	0.01094	0.00547	0.00410	0.00410	0.00137	0.00547	0.00365	0.00182	0.00456
14	0.37075	0.00766	0.00828	0.00667	0.00959	0.00775	0.00550	0.06776	0.01029	0.44985	0.01152	0.01074	0.00763	0.00455	0.00348	0.00127	0.00343	0.00333	0.00398	0.00595
15	0.02477	0.00530	0.00666	0.00581	0.00741	0.00499	0.00452	0.06703	0.01195	0.17261	0.55181	0.02570	0.06480	0.00746	0.00458	0.00128	0.00244	0.00643	0.01976	0.00468
16	0.01067	0.00905	0.00954	0.00845	0.01085	0.01042	0.00661	0.08957	0.75421	0.01791	0.01612	0.01485	0.01206	0.00551	0.00417	0.00138	0.00336	0.00456	0.00417	0.00654
17	0.00796	0.00491	0.00577	0.00532	0.00664	0.00488	0.00407	0.01117	0.12007	0.07849	0.39181	0.02233	0.02385	0.00659	0.00406	0.00119	0.00222	0.00563	0.28859	0.00445
18	0.00969	0.01107	0.02422	0.01730	0.02145	0.01038	0.81522	0.01315	0.00969	0.01315	0.00830	0.01107	0.00623	0.00346	0.00484	0.00138	0.00692	0.00484	0.00208	0.00554
19	0.00800	0.00760	0.01299	0.75599	0.09423	0.00921	0.03303	0.01073	0.00834	0.01080	0.00736	0.01088	0.00558	0.00405	0.00412	0.00136	0.00546	0.00368	0.00185	0.00475
20	0.00652	0.00423	0.00536	0.00531	0.00621	0.00395	0.00393	0.00803	0.00998	0.05547	0.41321	0.15592	0.06991	0.08503	0.00619	0.00161	0.00241	0.06868	0.08428	0.00379
21	0.01427	0.01003	0.01077	0.00844	0.01132	0.01100	0.00691	0.63682	0.04035	0.05135	0.01084	0.01103	0.00782	0.00493	0.00391	0.00119	0.00403	0.00376	0.14479	0.00646
22	0.00645	0.00441	0.00545	0.00531	0.00644	0.00403	0.00397	0.02224	0.01023	0.06925	0.34851	0.18287	0.24939	0.01034	0.03466	0.00159	0.00257	0.02424	0.00413	0.00392
23	0.01967	0.02642	0.01182	0.14038	0.19925	0.02419	0.00860	0.14047	0.02311	0.01347	0.00874	0.03940	0.00778	0.06015	0.06896	0.03666	0.12623	0.00402	0.00244	0.03821
24	0.04761	0.00851	0.01228	0.46050	0.17801	0.06988	0.01031	0.01103	0.00834	0.01120	0.00739	0.01064	0.00599	0.00637	0.06679	0.01814	0.05668	0.00356	0.00194	0.00482
25	0.25353	0.00699	0.00785	0.00729	0.03648	0.03789	0.06418	0.02691	0.03379	0.02428	0.09237	0.08630	0.20762	0.01981	0.00462	0.00140	0.02871	0.03888	0.00320	0.01790

[dist]
# distance from previous block
# <min> <max>
15	56

[block]
# block no. 10 follows, 65 sequences, length 30
# corresponding to MSA columns:
# 1312-1341
name=unknown_K
#
# <colnr> <probs for GDERKNQSTAVLIFYWHMCP>
#	G	D	E	R	K	N	Q	S	T	A	V	L	I	F	Y	W	H	M	C	P
0	0.74463	0.00791	0.00668	0.00577	0.00841	0.00889	0.00475	0.03614	0.00797	0.12698	0.00723	0.00773	0.00528	0.00401	0.00280	0.00127	0.00326	0.00252	0.00292	0.00486
1	0.18315	0.52817	0.01650	0.00715	0.01034	0.08596	0.00657	0.06923	0.00914	0.01269	0.00611	0.00697	0.00526	0.00372	0.00283	0.00099	0.00437	0.00235	0.00213	0.03637
2	0.00578	0.00402	0.00509	0.00522	0.00553	0.00412	0.00344	0.00630	0.00674	0.00914	0.04459	0.14884	0.05232	0.43148	0.21464	0.03528	0.00526	0.00653	0.00272	0.00297
3	0.01171	0.05402	0.18204	0.03045	0.15958	0.09364	0.02196	0.14735	0.09657	0.09453	0.02899	0.03013	0.00837	0.00465	0.00399	0.00124	0.00486	0.00380	0.01605	0.00607
4	0.00600	0.00452	0.00653	0.00645	0.00705	0.00526	0.00490	0.00723	0.00649	0.00932	0.01106	0.01740	0.01074	0.14905	0.68881	0.00603	0.04282	0.00459	0.00222	0.00353
5	0.04177	0.03545	0.29245	0.15857	0.10671	0.02812	0.08554	0.10111	0.00994	0.04503	0.00796	0.00973	0.00592	0.00416	0.00435	0.00130	0.03882	0.00346	0.01387	0.00574
6	0.01061	0.30855	0.04636	0.05606	0.27716	0.06111	0.00931	0.03966	0.05769	0.01228	0.00742	0.00889	0.00622	0.00387	0.00370	0.00109	0.02454	0.00304	0.00213	0.06030
7	0.03600	0.01144	0.15506	0.04161	0.12020	0.06715	0.05292	0.05024	0.08027	0.12889	0.01946	0.02087	0.00778	0.00625	0.04695	0.00163	0.14105	0.00382	0.00273	0.00568
8	0.19309	0.02846	0.00926	0.03851	0.01063	0.02451	0.00592	0.19399	0.02220	0.02660	0.00843	0.01062	0.00696	0.02889	0.01437	0.00119	0.02031	0.03198	0.00288	0.32121
9	0.00508	0.00372	0.00474	0.00552	0.00595	0.00344	0.00378	0.00587	0.00808	0.01056	0.02506	0.66675	0.14604	0.04304	0.00577	0.00172	0.00246	0.04532	0.00376	0.00334
10	0.04096	0.09430	0.19695	0.05769	0.10663	0.09702	0.12245	0.07739	0.03930	0.01335	0.00805	0.01039	0.00650	0.00494	0.02150	0.00140	0.06906	0.02434	0.00224	0.00555
11	0.00500	0.00357	0.00476	0.00572	0.00595	0.00333	0.00381	0.00572	0.00786	0.01048	0.02262	0.85306	0.02715	0.01286	0.00524	0.00167	0.00238	0.01167	0.00381	0.00333
12	0.88473	0.00794	0.00603	0.00540	0.00794	0.00921	0.00445	0.01207	0.00699	0.01842	0.00572	0.00667	0.00445	0.00381	0.00254	0.00127	0.00318	0.00222	0.00254	0.00445
13	0.02887	0.40753	0.10117	0.00915	0.01244	0.01177	0.12783	0.03287	0.00912	0.03050	0.00998	0.02730	0.00944	0.00529	0.00379	0.00123	0.00475	0.15945	0.00238	0.00514
14	0.00634	0.00470	0.00629	0.00662	0.00701	0.00505	0.00476	0.02671	0.00804	0.04007	0.01949	0.67566	0.02278	0.01154	0.00641	0.00166	0.12959	0.00999	0.00356	0.00373
15	0.11654	0.01042	0.05193	0.02548	0.33725	0.07867	0.05403	0.08375	0.04213	0.07144	0.00956	0.05353	0.00803	0.00471	0.00412	0.00128	0.01590	0.02270	0.00269	0.00584
16	0.88473	0.00794	0.00603	0.00540	0.00794	0.00921	0.00445	0.01207	0.00699	0.01842	0.00572	0.00667	0.00445	0.00381	0.00254	0.00127	0.00318	0.00222	0.00254	0.00445
17	0.01533	0.01956	0.01163	0.01058	0.01269	0.83926	0.00793	0.01639	0.01163	0.01005	0.00635	0.00740	0.00529	0.00423	0.00370	0.00106	0.00740	0.00264	0.00212	0.00476
18	0.00929	0.03520	0.55090	0.11030	0.01789	0.00937	0.05607	0.01317	0.00891	0.09185	0.02060	0.00988	0.00628	0.00420	0.00436	0.00132	0.03905	0.00338	0.00213	0.00584
19	0.00597	0.00398	0.00448	0.00448	0.00448	0.00398	0.00249	0.00597	0.00597	0.00796	0.01293	0.02686	0.01492	0.85574	0.02089	0.00398	0.00398	0.00597	0.00249	0.00249
20	0.00717	0.00549	0.00668	0.00627	0.00750	0.00570	0.00480	0.03164	0.16679	0.03022	0.44415	0.11253	0.07188	0.00832	0.00514	0.00140	0.04028	0.03539	0.00419	0.00446
21	0.00491	0.00415	0.00425	0.00425	0.00559	0.00349	0.00318	0.00599	0.00945	0.01138	0.08630	0.05610	0.76631	0.01033	0.00486	0.00139	0.00208	0.00866	0.00385	0.00349
22	0.01027	0.00755	0.00845	0.00746	0.00959	0.00823	0.00582	0.04135	0.50435	0.11571	0.19406	0.01893	0.03778	0.00623	0.00433	0.00135	0.00300	0.00526	0.00435	0.00592
23	0.00501	0.00379	0.00463	0.00522	0.00584	0.00341	0.00361	0.00590	0.00855	0.01104	0.07969	0.55775	0.26705	0.01184	0.00510	0.00156	0.00226	0.01050	0.00386	0.00341
24	0.00830	0.00786	0.01330	0.65872	0.21114	0.00926	0.01167	0.01097	0.00847	0.01115	0.00739	0.01077	0.00571	0.00400	0.00409	0.00133	0.00534	0.00365	0.00187	0.00500
25	0.04429	0.49943	0.05660	0.00846	0.02900	0.23009	0.00753	0.02941	0.00936	0.01070	0.00636	0.00764	0.00560	0.02335	0.00345	0.00105	0.00518	0.00253	0.01486	0.00512
26	0.00715	0.00421	0.00508	0.00482	0.00591	0.00395	0.00363	0.00896	0.01031	0.06708	0.42325	0.06563	0.06172	0.00726	0.00414	0.00120	0.00206	0.00625	0.30338	0.00401
27	0.00927	0.05842	0.10809	0.07817	0.17284	0.03446	0.14832	0.04711	0.02242	0.02300	0.07568	0.03282	0.04560	0.00512	0.00499	0.00132	0.07611	0.01489	0.03606	0.00531
28	0.03695	0.00555	0.00680	0.00601	0.00758	0.00523	0.02285	0.04128	0.05531	0.10676	0.17680	0.14749	0.09436	0.16161	0.00739	0.00177	0.00302	0.00644	0.00365	0.10312
29	0.05827	0.10023	0.11142	0.02325	0.05680	0.03108	0.07168	0.02215	0.05254	0.11217	0.05170	0.07556	0.01020	0.02626	0.02370	0.00137	0.02745	0.00421	0.00283	0.13711

[dist]
# distance from previous block
# <min> <max>
2	20

[block]
# block no. 11 follows, 65 sequences, length 10
# corresponding to MSA columns:
# 1362-1371
name=unknown_L
#
# <colnr> <probs for GDERKNQSTAVLIFYWHMCP>
#	G	D	E	R	K	N	Q	S	T	A	V	L	I	F	Y	W	H	M	C	P
0	0.00801	0.00659	0.04601	0.00639	0.02603	0.04383	0.00502	0.03111	0.07294	0.09008	0.21435	0.06377	0.26792	0.02351	0.02489	0.00149	0.00308	0.00656	0.05396	0.00447
1	0.00620	0.00421	0.00538	0.00538	0.00634	0.00383	0.00398	0.00767	0.01023	0.05957	0.42611	0.24673	0.14624	0.00978	0.00494	0.00143	0.00224	0.04166	0.00423	0.00384
2	0.15127	0.15101	0.16032	0.03250	0.05898	0.05152	0.07713	0.10193	0.02567	0.10365	0.02655	0.00962	0.00689	0.00423	0.00383	0.00122	0.02204	0.00328	0.00267	0.00568
3	0.02530	0.07532	0.11311	0.10749	0.14385	0.07938	0.13445	0.07408	0.04656	0.08430	0.00928	0.02622	0.00732	0.03350	0.00460	0.00134	0.00520	0.00386	0.01921	0.00564
4	0.20093	0.00785	0.00886	0.00707	0.00993	0.00794	0.00580	0.16593	0.04056	0.41842	0.01259	0.01180	0.00846	0.00478	0.00369	0.00124	0.00349	0.00364	0.07082	0.00619
5	0.00661	0.00424	0.00531	0.00567	0.00643	0.00410	0.00422	0.00810	0.02869	0.04745	0.09397	0.30539	0.05522	0.10390	0.00657	0.00179	0.00278	0.16641	0.13943	0.00369
6	0.01172	0.10983	0.15474	0.06326	0.10017	0.07908	0.10612	0.07601	0.09128	0.13628	0.00975	0.01060	0.00720	0.00476	0.02027	0.00134	0.00524	0.00363	0.00278	0.00596
7	0.03364	0.05474	0.01135	0.00879	0.01119	0.10168	0.02184	0.36307	0.07315	0.04769	0.01202	0.04291	0.06045	0.02242	0.03417	0.00153	0.08601	0.00424	0.00338	0.00573
8	0.00537	0.00390	0.00497	0.00560	0.00612	0.00365	0.00398	0.00633	0.00842	0.01109	0.09472	0.48263	0.13139	0.09414	0.00674	0.00185	0.00265	0.11933	0.00374	0.00338
9	0.01089	0.02664	0.02949	0.16523	0.26661	0.03550	0.13907	0.08768	0.04734	0.08837	0.03449	0.01142	0.00781	0.00430	0.00444	0.00129	0.02694	0.00398	0.00263	0.00587

[dist]
# distance from previous block
# <min> <max>
0	1

[block]
# block no. 12 follows, 65 sequences, length 46
# corresponding to MSA columns:
# 1373-1418
name=unknown_M
#
# <colnr> <probs for GDERKNQSTAVLIFYWHMCP>
#	G	D	E	R	K	N	Q	S	T	A	V	L	I	F	Y	W	H	M	C	P
0	0.02619	0.03602	0.01319	0.11588	0.21007	0.16580	0.01840	0.05410	0.02228	0.01200	0.00764	0.04900	0.00686	0.00532	0.00660	0.00138	0.23813	0.00379	0.00218	0.00517
1	0.88473	0.00794	0.00603	0.00540	0.00794	0.00921	0.00445	0.01207	0.00699	0.01842	0.00572	0.00667	0.00445	0.00381	0.00254	0.00127	0.00318	0.00222	0.00254	0.00445
2	0.00605	0.00403	0.00496	0.00496	0.00510	0.00417	0.00309	0.00618	0.00604	0.00819	0.01207	0.02356	0.01336	0.62467	0.17909	0.07868	0.00530	0.00546	0.00237	0.00266
3	0.00497	0.00405	0.00432	0.00446	0.00556	0.00349	0.00321	0.00592	0.00896	0.01095	0.05952	0.17077	0.62331	0.06463	0.00594	0.00159	0.00225	0.00894	0.00375	0.00339
4	0.01533	0.01956	0.01163	0.01058	0.01269	0.83926	0.00793	0.01639	0.01163	0.01005	0.00635	0.00740	0.00529	0.00423	0.00370	0.00106	0.00740	0.00264	0.00212	0.00476
5	0.00587	0.00438	0.00652	0.00652	0.00723	0.00509	0.00504	0.00728	0.00658	0.00948	0.01106	0.01649	0.01042	0.05887	0.81160	0.00651	0.01076	0.00445	0.00221	0.00362
