[name]
unknown

[dist]
# distance from previous block
# <min> <max>
0	28

[block]
# block no. 0 follows, 78 sequences, length 20
# corresponding to MSA columns:
# 31-50
name=unknown_A
#
# <colnr> <probs for GDERKNQSTAVLIFYWHMCP>
#	G	D	E	R	K	N	Q	S	T	A	V	L	I	F	Y	W	H	M	C	P
0	0.00442	0.00321	0.00420	0.00496	0.00529	0.00298	0.00343	0.00513	0.00701	0.00924	0.02082	0.75214	0.08619	0.01090	0.00454	0.00144	0.00213	0.06574	0.00330	0.00293
1	0.00540	0.00318	0.00436	0.00459	0.00476	0.00308	0.00306	0.00484	0.00560	0.00738	0.01295	0.25563	0.08247	0.08743	0.02423	0.47820	0.00283	0.00563	0.00225	0.00213
2	0.00563	0.06363	0.00669	0.00525	0.00648	0.00444	0.06051	0.00719	0.00932	0.02871	0.56223	0.07244	0.13970	0.00710	0.00408	0.00113	0.00218	0.00628	0.00350	0.00352
3	0.00901	0.66309	0.16983	0.00743	0.01091	0.01269	0.06423	0.01082	0.00736	0.00911	0.00536	0.00630	0.00462	0.00310	0.00261	0.00086	0.00422	0.00219	0.00154	0.00471
4	0.00861	0.00863	0.03650	0.07646	0.73901	0.00844	0.04830	0.01084	0.00804	0.01145	0.00669	0.00886	0.00554	0.00320	0.00355	0.00107	0.00437	0.00320	0.00175	0.00548
5	0.00567	0.00469	0.00695	0.00656	0.00709	0.00577	0.01880	0.00682	0.00575	0.00839	0.00896	0.04987	0.00867	0.03448	0.62144	0.00457	0.18633	0.00397	0.00190	0.00333
6	0.00704	0.00676	0.01175	0.72625	0.10453	0.00804	0.06659	0.00943	0.00730	0.00950	0.00642	0.00943	0.00488	0.00348	0.00360	0.00117	0.00478	0.00324	0.00161	0.00418
7	0.00738	0.00633	0.00738	0.00527	0.00844	0.00475	0.00422	0.00896	0.00738	0.01160	0.00633	0.00738	0.00527	0.00264	0.00264	0.00053	0.00264	0.00211	0.00211	0.89664
8	0.00773	0.00813	0.07005	0.36447	0.43584	0.00807	0.01045	0.01005	0.00763	0.01051	0.00687	0.03195	0.00567	0.00356	0.00356	0.00113	0.00445	0.00332	0.00171	0.00485
9	0.01104	0.04215	0.00994	0.00813	0.03500	0.03327	0.01823	0.38888	0.33691	0.02937	0.01104	0.04198	0.00848	0.00463	0.00357	0.00112	0.00351	0.00372	0.00338	0.00564
10	0.00449	0.00317	0.00407	0.00473	0.00492	0.00300	0.00308	0.00500	0.00655	0.00871	0.01852	0.69831	0.04253	0.16679	0.00698	0.00180	0.00231	0.00916	0.00310	0.00276
11	0.02178	0.51005	0.08489	0.00770	0.04296	0.06903	0.02813	0.09171	0.02108	0.08337	0.00650	0.00707	0.00522	0.00338	0.00279	0.00089	0.00409	0.00240	0.00204	0.00492
12	0.01040	0.19701	0.18156	0.00928	0.06080	0.02087	0.08724	0.14040	0.07536	0.13741	0.00820	0.00869	0.00606	0.00378	0.00363	0.00106	0.03749	0.00301	0.00247	0.00529
13	0.00469	0.00345	0.00446	0.00514	0.00561	0.00327	0.00372	0.00578	0.02924	0.00966	0.03645	0.60210	0.11227	0.01046	0.00454	0.00144	0.00226	0.14908	0.00332	0.00305
14	0.00957	0.13755	0.01176	0.00887	0.05937	0.02404	0.07165	0.18700	0.25513	0.01376	0.01028	0.02015	0.04414	0.00464	0.00461	0.00115	0.12497	0.00357	0.00271	0.00509
15	0.04506	0.03824	0.00713	0.06472	0.00799	0.00615	0.00512	0.00756	0.03924	0.00883	0.00866	0.01311	0.00816	0.10693	0.49728	0.00405	0.12278	0.00367	0.00193	0.00340
16	0.00853	0.00889	0.01015	0.07389	0.01050	0.14341	0.00735	0.03354	0.03790	0.00934	0.00754	0.00973	0.06265	0.00571	0.00870	0.00138	0.55160	0.00333	0.00186	0.00400
17	0.02663	0.12160	0.15123	0.07925	0.08751	0.01683	0.08316	0.03726	0.07149	0.03782	0.00700	0.00832	0.00552	0.00364	0.00408	0.00103	0.09432	0.00287	0.00201	0.15842
18	0.07539	0.18298	0.27164	0.01978	0.08622	0.05928	0.03785	0.10774	0.02276	0.08355	0.00701	0.00779	0.00526	0.00355	0.00326	0.00104	0.01497	0.00270	0.00213	0.00511
19	0.00600	0.00397	0.00510	0.00523	0.00595	0.00390	0.00379	0.00706	0.02974	0.10422	0.05358	0.52488	0.15482	0.00939	0.00483	0.00136	0.06123	0.00818	0.00334	0.00342

[dist]
# distance from previous block
# <min> <max>
0	1

[block]
# block no. 1 follows, 78 sequences, length 6
# corresponding to MSA columns:
# 52-57
name=unknown_B
#
# <colnr> <probs for GDERKNQSTAVLIFYWHMCP>
#	G	D	E	R	K	N	Q	S	T	A	V	L	I	F	Y	W	H	M	C	P
0	0.03479	0.08114	0.15739	0.04759	0.15053	0.13196	0.05370	0.19702	0.02740	0.04649	0.00709	0.00812	0.00540	0.00371	0.00363	0.00106	0.03266	0.00291	0.00225	0.00516
1	0.00713	0.00689	0.00883	0.34379	0.01459	0.10551	0.05112	0.03423	0.02467	0.01008	0.06729	0.13624	0.07338	0.02944	0.00448	0.00128	0.02826	0.04667	0.00235	0.00377
2	0.00438	0.00316	0.00408	0.00479	0.00506	0.00294	0.00319	0.00498	0.00682	0.00899	0.02038	0.75463	0.08721	0.06467	0.00536	0.00155	0.00213	0.00961	0.00323	0.00286
3	0.00871	0.05226	0.03592	0.16718	0.28934	0.00845	0.14436	0.08929	0.04147	0.03439	0.00814	0.00992	0.02137	0.00419	0.02615	0.00121	0.00447	0.00341	0.04479	0.00496
4	0.01320	0.00897	0.01059	0.00933	0.09888	0.07327	0.04649	0.38138	0.01272	0.26543	0.01056	0.01034	0.03350	0.00424	0.00359	0.00108	0.00391	0.00343	0.00340	0.00571
5	0.00450	0.00325	0.00430	0.00491	0.00521	0.00315	0.00334	0.00517	0.00662	0.00884	0.01852	0.64656	0.06584	0.07878	0.12104	0.00216	0.00316	0.00875	0.00303	0.00288

[dist]
# distance from previous block
# <min> <max>
2	21

[block]
# block no. 2 follows, 78 sequences, length 33
# corresponding to MSA columns:
# 80-112
name=unknown_C
#
# <colnr> <probs for GDERKNQSTAVLIFYWHMCP>
#	G	D	E	R	K	N	Q	S	T	A	V	L	I	F	Y	W	H	M	C	P
0	0.01029	0.45912	0.03382	0.00697	0.00970	0.07206	0.00629	0.18126	0.13828	0.01236	0.00767	0.03410	0.00642	0.00387	0.00291	0.00093	0.00384	0.00279	0.00234	0.00497
1	0.00478	0.00355	0.00399	0.00402	0.00462	0.00325	0.00266	0.00534	0.00682	0.00879	0.07575	0.14981	0.30735	0.36509	0.00993	0.00214	0.00254	0.00669	0.00284	0.03003
2	0.00790	0.00663	0.00766	0.00552	0.00865	0.00527	0.00443	0.07840	0.00816	0.01251	0.00651	0.00748	0.00534	0.00277	0.00271	0.00057	0.00274	0.00220	0.00223	0.82230
3	0.00866	0.00919	0.01069	0.00926	0.00960	0.14057	0.00758	0.00975	0.03191	0.00878	0.00510	0.00775	0.00485	0.00580	0.01014	0.00145	0.71025	0.00302	0.00166	0.00398
4	0.00498	0.00363	0.00458	0.00515	0.00571	0.00348	0.00376	0.03133	0.02418	0.01004	0.02102	0.56207	0.13046	0.01015	0.00446	0.00141	0.00229	0.14292	0.02524	0.00313
5	0.00429	0.00328	0.00395	0.00449	0.00504	0.00293	0.00310	0.00501	0.00727	0.00927	0.02535	0.58079	0.31162	0.01041	0.00443	0.00136	0.00197	0.00921	0.00331	0.00293
6	0.00496	0.00353	0.00430	0.00430	0.00481	0.00334	0.00294	0.00584	0.00768	0.01043	0.34309	0.11534	0.10599	0.32531	0.00936	0.00204	0.00244	0.03837	0.00312	0.00283
7	0.00582	0.00489	0.00707	0.00661	0.00709	0.00613	0.00528	0.00700	0.00601	0.00885	0.07842	0.01334	0.00980	0.01946	0.55597	0.00419	0.24485	0.00384	0.00198	0.00339
8	0.90002	0.00689	0.00523	0.00468	0.00689	0.00799	0.00386	0.01047	0.00606	0.01597	0.00496	0.00578	0.00386	0.00330	0.00220	0.00110	0.00275	0.00193	0.00220	0.00386
9	0.11495	0.00674	0.00874	0.07951	0.05743	0.00591	0.06285	0.00944	0.00731	0.01190	0.00624	0.00760	0.00509	0.00285	0.00282	0.00073	0.00315	0.00238	0.00204	0.60232
10	0.01123	0.01060	0.08052	0.00857	0.05701	0.12137	0.00696	0.44552	0.01272	0.01670	0.00945	0.00982	0.06408	0.00421	0.00353	0.00100	0.01486	0.00320	0.00284	0.11582
11	0.90002	0.00689	0.00523	0.00468	0.00689	0.00799	0.00386	0.01047	0.00606	0.01597	0.00496	0.00578	0.00386	0.00330	0.00220	0.00110	0.00275	0.00193	0.00220	0.00386
12	0.01285	0.00677	0.00874	0.00701	0.00905	0.00711	0.00577	0.15193	0.02032	0.45935	0.02586	0.01116	0.00809	0.00599	0.05224	0.00142	0.15889	0.00349	0.03859	0.00535
13	0.83866	0.00758	0.00557	0.00499	0.00717	0.06699	0.00407	0.01073	0.00634	0.01547	0.00500	0.00583	0.00391	0.00333	0.00227	0.00109	0.00301	0.00195	0.00218	0.00387
14	0.00875	0.00839	0.01433	0.04886	0.82618	0.00844	0.01089	0.01087	0.00808	0.01155	0.00669	0.00883	0.00561	0.00318	0.00353	0.00106	0.00425	0.00317	0.00176	0.00559
15	0.00841	0.00805	0.01373	0.18398	0.69368	0.00835	0.01073	0.01058	0.00792	0.01114	0.00663	0.00894	0.00547	0.00325	0.00353	0.00108	0.00433	0.00317	0.00173	0.00532
16	0.00860	0.00739	0.00783	0.00712	0.00903	0.00852	0.00551	0.01814	0.79938	0.01457	0.01478	0.06124	0.01158	0.00518	0.00367	0.00122	0.00278	0.00437	0.00361	0.00548
17	0.00575	0.00511	0.00791	0.51002	0.01646	0.00588	0.00706	0.00749	0.00738	0.00942	0.05230	0.17705	0.16205	0.00614	0.00389	0.00124	0.00357	0.00540	0.00232	0.00356
18	0.00541	0.00363	0.00410	0.00406	0.00501	0.00325	0.00295	0.00645	0.00804	0.05774	0.15649	0.13648	0.38665	0.08039	0.00515	0.00135	0.00200	0.00671	0.12092	0.00319
19	0.00756	0.00593	0.00749	0.00677	0.00817	0.05259	0.05945	0.10817	0.05033	0.05622	0.14513	0.07538	0.03906	0.01120	0.19136	0.00224	0.00467	0.16128	0.00302	0.00398
20	0.03653	0.00724	0.00764	0.00621	0.00845	0.10911	0.00499	0.09407	0.02005	0.47071	0.01176	0.01117	0.00799	0.00423	0.00328	0.00102	0.00324	0.00330	0.18379	0.00521
21	0.00620	0.00486	0.00552	0.00554	0.00641	0.00521	0.00393	0.01021	0.31491	0.01099	0.03623	0.35448	0.02856	0.17107	0.00672	0.00172	0.00258	0.00674	0.01432	0.00378
22	0.00433	0.00327	0.00401	0.00455	0.00507	0.00295	0.00314	0.00508	0.00733	0.00947	0.06182	0.59568	0.25966	0.01037	0.00443	0.00136	0.00197	0.00921	0.00333	0.00295
23	0.00949	0.01035	0.07537	0.18406	0.28994	0.16394	0.03706	0.06871	0.01962	0.03111	0.00665	0.00848	0.00528	0.00371	0.00412	0.00111	0.07119	0.00302	0.00192	0.00488
24	0.00884	0.01284	0.34342	0.00979	0.02324	0.06509	0.03897	0.10633	0.00815	0.03703	0.00625	0.00789	0.00493	0.00451	0.00632	0.00126	0.30552	0.00293	0.00188	0.00482
25	0.00468	0.00361	0.00432	0.00480	0.00541	0.00342	0.00334	0.00616	0.07722	0.00971	0.02345	0.58378	0.23679	0.01007	0.00438	0.00136	0.00206	0.00894	0.00333	0.00315
26	0.00531	0.00390	0.00517	0.00507	0.00535	0.00439	0.00356	0.00593	0.00544	0.00762	0.01003	0.01810	0.01058	0.43651	0.39686	0.00435	0.06266	0.00443	0.00201	0.00273
27	0.79294	0.00762	0.00653	0.00560	0.00788	0.05504	0.05860	0.01073	0.00643	0.01528	0.00513	0.00607	0.00400	0.00331	0.00239	0.00110	0.00317	0.00210	0.00216	0.00393
28	0.02473	0.00813	0.01981	0.06424	0.05119	0.01657	0.07119	0.24154	0.12642	0.04290	0.00839	0.00902	0.00634	0.00360	0.00329	0.00093	0.00358	0.00301	0.00271	0.29241
29	0.43044	0.00836	0.10939	0.00656	0.00905	0.02264	0.06601	0.06201	0.07745	0.01408	0.00978	0.01052	0.09067	0.00568	0.06233	0.00145	0.00381	0.00313	0.00238	0.00425
30	0.05686	0.00544	0.00631	0.00528	0.00706	0.00519	0.00416	0.13599	0.02081	0.08176	0.38963	0.01915	0.09988	0.00579	0.00370	0.00103	0.00236	0.00487	0.00347	0.14126
31	0.00766	0.07261	0.37953	0.00967	0.09980	0.00775	0.02966	0.06751	0.00812	0.02138	0.05416	0.00969	0.00713	0.00693	0.12721	0.00171	0.00515	0.00307	0.00196	0.07931
32	0.00777	0.00701	0.01070	0.10112	0.41884	0.00708	0.00805	0.01046	0.09546	0.01142	0.05487	0.01277	0.00887	0.07661	0.00475	0.00125	0.00369	0.04074	0.00220	0.11633

[dist]
# distance from previous block
# <min> <max>
0	4

[block]
# block no. 3 follows, 78 sequences, length 9
# corresponding to MSA columns:
# 117-125
name=unknown_D
#
# <colnr> <probs for GDERKNQSTAVLIFYWHMCP>
#	G	D	E	R	K	N	Q	S	T	A	V	L	I	F	Y	W	H	M	C	P
0	0.00984	0.00919	0.01301	0.06995	0.39150	0.06642	0.07772	0.17850	0.07230	0.01349	0.00747	0.00898	0.00591	0.00374	0.00406	0.00111	0.05594	0.00326	0.00225	0.00534
1	0.00540	0.00446	0.00522	0.00508	0.00614	0.00456	0.00395	0.00778	0.12494	0.01092	0.14712	0.06145	0.38333	0.00978	0.08271	0.00167	0.05446	0.07430	0.00321	0.00351
2	0.00838	0.37815	0.06194	0.14592	0.16740	0.01037	0.00772	0.01092	0.08410	0.01034	0.07640	0.00940	0.00777	0.00368	0.00306	0.00097	0.00385	0.00295	0.00197	0.00471
3	0.00984	0.00826	0.01070	0.00941	0.08018	0.07141	0.14289	0.23067	0.10971	0.06649	0.11546	0.07413	0.03251	0.00499	0.00380	0.00113	0.00379	0.00443	0.01527	0.00495
4	0.00806	0.00716	0.01037	0.31749	0.16703	0.00805	0.03000	0.12552	0.11213	0.01223	0.01166	0.01297	0.11950	0.00457	0.00398	0.00117	0.03721	0.00389	0.00238	0.00465
5	0.00689	0.01003	0.27689	0.00963	0.11112	0.02979	0.07089	0.00996	0.07080	0.01179	0.17822	0.09333	0.04871	0.00547	0.00396	0.00118	0.01611	0.03825	0.00252	0.00448
6	0.00514	0.00489	0.08174	0.00454	0.00545	0.00378	0.00355	0.00608	0.00711	0.00955	0.21169	0.02477	0.18049	0.42396	0.01081	0.00226	0.00288	0.00570	0.00273	0.00289
7	0.00669	0.00717	0.08901	0.01002	0.13623	0.00609	0.16790	0.00947	0.07882	0.01224	0.26684	0.13988	0.01747	0.00590	0.00405	0.00120	0.00343	0.03047	0.00283	0.00428
8	0.07451	0.00776	0.00835	0.00708	0.00935	0.00860	0.00564	0.19576	0.46675	0.13560	0.01259	0.03322	0.00935	0.00470	0.00353	0.00116	0.00306	0.00379	0.00361	0.00559

[dist]
# distance from previous block
# <min> <max>
0	2

[block]
# block no. 4 follows, 78 sequences, length 47
# corresponding to MSA columns:
# 128-174
name=unknown_E
#
# <colnr> <probs for GDERKNQSTAVLIFYWHMCP>
#	G	D	E	R	K	N	Q	S	T	A	V	L	I	F	Y	W	H	M	C	P
0	0.14243	0.00889	0.00936	0.00726	0.01002	0.00960	0.00597	0.57030	0.03697	0.06332	0.00825	0.00834	0.00593	0.00399	0.00327	0.00102	0.00354	0.00295	0.00326	0.09531
1	0.05065	0.04739	0.01075	0.08123	0.08224	0.34573	0.00720	0.27114	0.01146	0.04909	0.00693	0.00772	0.00529	0.00380	0.00331	0.00101	0.00491	0.00275	0.00246	0.00493
2	0.00755	0.00695	0.01140	0.52618	0.26398	0.00794	0.00965	0.05246	0.00789	0.01053	0.00732	0.05902	0.00616	0.00392	0.00361	0.00116	0.00440	0.00357	0.00184	0.00449
3	0.00890	0.00903	0.07807	0.06384	0.58311	0.00849	0.01015	0.09451	0.04503	0.01265	0.00774	0.01037	0.00646	0.00370	0.00359	0.00110	0.00420	0.04153	0.00206	0.00545
4	0.00440	0.00335	0.00407	0.00453	0.00515	0.00301	0.00320	0.00524	0.00756	0.00973	0.08910	0.49173	0.30293	0.01008	0.00442	0.00135	0.00200	0.04182	0.00335	0.00298
5	0.00787	0.09378	0.58363	0.00943	0.02969	0.00840	0.02746	0.03184	0.04211	0.04775	0.00806	0.03263	0.00646	0.00404	0.00344	0.00113	0.00470	0.05056	0.00193	0.00509
6	0.00478	0.00352	0.00415	0.00414	0.00478	0.00324	0.00286	0.00568	0.00789	0.01050	0.31747	0.12288	0.24465	0.23858	0.00794	0.00180	0.00223	0.00680	0.00322	0.00289
7	0.03422	0.06428	0.09635	0.00961	0.04787	0.46390	0.05246	0.12479	0.05300	0.01157	0.00656	0.00739	0.00517	0.00368	0.00328	0.00099	0.00542	0.00265	0.00211	0.00470
8	0.00468	0.00362	0.00435	0.00431	0.00517	0.00341	0.00318	0.00577	0.00786	0.01030	0.23935	0.05503	0.37500	0.08961	0.17012	0.00226	0.00341	0.00640	0.00309	0.00305
9	0.00479	0.00351	0.00451	0.00469	0.00535	0.00326	0.00341	0.00612	0.01901	0.01186	0.43515	0.33007	0.10271	0.00890	0.00435	0.00127	0.00191	0.04233	0.00361	0.00319
10	0.01039	0.01288	0.36302	0.00948	0.01335	0.01901	0.10840	0.26570	0.01080	0.11758	0.00820	0.00877	0.00573	0.00376	0.00353	0.00110	0.00459	0.00312	0.02510	0.00548
11	0.01325	0.00941	0.01015	0.00782	0.01055	0.01033	0.00645	0.75452	0.01590	0.06060	0.00898	0.00899	0.00636	0.00427	0.00350	0.00106	0.00375	0.00323	0.05499	0.00590
12	0.01030	0.04776	0.08817	0.00938	0.11548	0.31947	0.01700	0.02165	0.00914	0.09275	0.09245	0.03696	0.03389	0.00428	0.00340	0.00098	0.00447	0.00337	0.00237	0.08672
13	0.00613	0.00977	0.33130	0.00756	0.00990	0.01637	0.00786	0.00839	0.00641	0.00936	0.00810	0.01163	0.00717	0.06869	0.42048	0.00352	0.05827	0.00339	0.00175	0.00397
14	0.00692	0.00638	0.00876	0.00782	0.00811	0.00837	0.00636	0.00823	0.04242	0.00946	0.09251	0.05780	0.01047	0.04879	0.08041	0.00193	0.53781	0.05162	0.00213	0.00369
15	0.00460	0.00349	0.00440	0.00476	0.00544	0.00318	0.01063	0.00560	0.00787	0.01027	0.15971	0.40291	0.25655	0.00971	0.00443	0.00134	0.00209	0.09654	0.00339	0.00306
16	0.00714	0.01842	0.85643	0.01015	0.01541	0.00827	0.01315	0.01128	0.00752	0.01128	0.00639	0.00752	0.00451	0.00338	0.00338	0.00113	0.00526	0.00263	0.00150	0.00526
17	0.00433	0.00351	0.00375	0.00388	0.00481	0.00303	0.00278	0.00513	0.00772	0.00944	0.05199	0.17381	0.62724	0.07597	0.00533	0.00141	0.00197	0.00774	0.00323	0.00293
18	0.00916	0.00776	0.00852	0.00846	0.09380	0.03098	0.00599	0.08962	0.58386	0.01491	0.01266	0.01223	0.00958	0.00452	0.00348	0.00114	0.00304	0.00375	0.09113	0.00540
19	0.00708	0.00600	0.00706	0.00524	0.00811	0.00456	0.00413	0.00856	0.00733	0.01135	0.00767	0.09441	0.00711	0.00349	0.00283	0.00062	0.00258	0.00292	0.00223	0.80674
20	0.05911	0.09707	0.01111	0.00776	0.01057	0.03193	0.00650	0.66650	0.01485	0.04808	0.00811	0.00819	0.00585	0.00409	0.00335	0.00104	0.00388	0.00300	0.00327	0.00574
21	0.09855	0.59886	0.16732	0.04278	0.01068	0.01217	0.00729	0.01069	0.00716	0.00969	0.00527	0.00620	0.00449	0.00315	0.00253	0.00088	0.00400	0.00209	0.00159	0.00460
22	0.00587	0.00392	0.00538	0.00541	0.00625	0.00394	0.00421	0.00739	0.02414	0.06883	0.26542	0.15968	0.02818	0.01356	0.24573	0.00255	0.00433	0.13858	0.00317	0.00345
23	0.74685	0.00817	0.00599	0.00534	0.00752	0.11906	0.00431	0.01125	0.00676	0.05066	0.00541	0.00614	0.00416	0.00340	0.00239	0.00108	0.00324	0.00205	0.00225	0.00398
24	0.00932	0.01019	0.00870	0.00779	0.00931	0.35239	0.06345	0.01732	0.14054	0.00982	0.01026	0.01351	0.04613	0.10534	0.13506	0.00204	0.01304	0.03952	0.00230	0.00397
25	0.00774	0.00765	0.00981	0.00939	0.09238	0.15166	0.12373	0.02944	0.00727	0.00935	0.00779	0.01104	0.00695	0.02500	0.38596	0.05154	0.05412	0.00347	0.00187	0.00382
26	0.00952	0.87702	0.01866	0.00609	0.00914	0.01409	0.00609	0.01066	0.00723	0.00838	0.00495	0.00571	0.00457	0.00305	0.00228	0.00076	0.00381	0.00190	0.00152	0.00457
27	0.00731	0.00693	0.01175	0.62751	0.25871	0.00807	0.01018	0.00961	0.00740	0.00981	0.00643	0.00930	0.00500	0.00345	0.00355	0.00115	0.00460	0.00317	0.00163	0.00443
28	0.00674	0.04051	0.00691	0.00679	0.09148	0.00522	0.00466	0.07535	0.04555	0.04828	0.35616	0.10389	0.12982	0.00795	0.05339	0.00141	0.00282	0.00579	0.00333	0.00397
29	0.00493	0.00363	0.00460	0.00436	0.00525	0.00331	0.00327	0.00650	0.00981	0.01365	0.74037	0.02763	0.14440	0.00751	0.00420	0.00113	0.00170	0.00658	0.00384	0.00331
30	0.00448	0.00357	0.00402	0.00404	0.00504	0.00311	0.00301	0.00558	0.00853	0.01087	0.25909	0.11659	0.52557	0.00877	0.00425	0.00121	0.00183	0.02386	0.00347	0.00310
31	0.00853	0.00961	0.02076	0.01484	0.01842	0.00905	0.81934	0.03172	0.00861	0.01167	0.00724	0.00958	0.00542	0.00303	0.00419	0.00120	0.00595	0.00418	0.00184	0.00483
32	0.05556	0.31271	0.23086	0.00934	0.09612	0.01081	0.03615	0.15013	0.04515	0.01258	0.00658	0.00742	0.00517	0.00344	0.00302	0.00099	0.00422	0.00261	0.00202	0.00512
33	0.00438	0.00335	0.00398	0.00437	0.00501	0.00299	0.00305	0.00519	0.00759	0.00973	0.10521	0.44806	0.34285	0.03125	0.00472	0.00137	0.00196	0.00864	0.00334	0.00296
34	0.00547	0.00356	0.00437	0.00465	0.00544	0.00316	0.00330	0.00625	0.00758	0.09437	0.02445	0.51109	0.29349	0.00977	0.00434	0.00133	0.00208	0.00861	0.00342	0.00325
35	0.00882	0.00838	0.01381	0.02038	0.76782	0.00850	0.01039	0.01173	0.09242	0.01196	0.00748	0.00926	0.00617	0.00334	0.00353	0.00107	0.00409	0.00326	0.00195	0.00564
36	0.03179	0.24911	0.52955	0.00928	0.04743	0.00998	0.01058	0.05403	0.00790	0.01121	0.00609	0.00709	0.00463	0.00333	0.00307	0.00102	0.00469	0.00247	0.00164	0.00509
37	0.00488	0.00379	0.00449	0.00451	0.00550	0.00347	0.00347	0.00646	0.03737	0.01163	0.33409	0.07488	0.36943	0.00845	0.00429	0.00124	0.00200	0.11326	0.00354	0.00326
38	0.11154	0.00654	0.00818	0.00634	0.00905	0.00612	0.00524	0.09944	0.01040	0.68042	0.01251	0.01107	0.00800	0.00427	0.00343	0.00110	0.00309	0.00336	0.00408	0.00582
39	0.03897	0.00957	0.07322	0.06217	0.01695	0.00860	0.57733	0.05976	0.00885	0.09693	0.00779	0.00952	0.00563	0.00328	0.00394	0.00117	0.00535	0.00384	0.00215	0.00495
40	0.00886	0.00729	0.00781	0.00704	0.00895	0.00831	0.00556	0.08890	0.65255	0.01509	0.01419	0.01521	0.01119	0.00518	0.00366	0.00121	0.00289	0.07580	0.05497	0.00533
41	0.00846	0.00992	0.13790	0.12083	0.27084	0.00844	0.30471	0.01145	0.03600	0.04559	0.00734	0.00927	0.00558	0.00330	0.00375	0.00114	0.00498	0.00350	0.00189	0.00510
42	0.00896	0.00897	0.01613	0.01163	0.01500	0.01902	0.51008	0.13007	0.00938	0.01300	0.00717	0.00888	0.00545	0.00311	0.00372	0.00102	0.00490	0.00353	0.00213	0.21785
43	0.00468	0.00359	0.00429	0.00418	0.00512	0.00320	0.00311	0.00600	0.00914	0.01220	0.49324	0.08411	0.33787	0.00818	0.00422	0.00117	0.00175	0.00708	0.00365	0.00320
44	0.00805	0.54342	0.01419	0.00736	0.09296	0.01043	0.00587	0.00920	0.00734	0.00900	0.01008	0.16824	0.05275	0.00517	0.00305	0.00098	0.00340	0.04225	0.00205	0.00423
45	0.09847	0.00752	0.00883	0.00739	0.00911	0.09258	0.12788	0.19190	0.02128	0.02178	0.02003	0.20076	0.03758	0.13183	0.00584	0.00151	0.00377	0.00512	0.00274	0.00407
46	0.04339	0.00821	0.01990	0.00759	0.00935	0.14449	0.08369	0.18332	0.04420	0.06432	0.01212	0.22152	0.01193	0.04668	0.00456	0.00132	0.00386	0.08231	0.00294	0.00431

[dist]
# distance from previous block
# <min> <max>
0	18

[block]
# block no. 5 follows, 78 sequences, length 81
# corresponding to MSA columns:
# 193-273
name=unknown_F
#
# <colnr> <probs for GDERKNQSTAVLIFYWHMCP>
#	G	D	E	R	K	N	Q	S	T	A	V	L	I	F	Y	W	H	M	C	P
0	0.01135	0.00635	0.00900	0.03671	0.19150	0.00605	0.00631	0.05063	0.05445	0.39230	0.01347	0.13135	0.04383	0.00521	0.00371	0.00114	0.00318	0.00452	0.00342	0.02553
1	0.01048	0.00771	0.01189	0.13570	0.43310	0.00791	0.00889	0.08135	0.05724	0.19680	0.00885	0.00987	0.00654	0.00368	0.00355	0.00109	0.00393	0.00331	0.00257	0.00553
2	0.00810	0.00857	0.06212	0.06786	0.12977	0.00867	0.27310	0.01018	0.00742	0.03715	0.00744	0.01127	0.00643	0.00453	0.00604	0.00128	0.24092	0.06834	0.00191	0.03889
3	0.00775	0.03867	0.01162	0.46776	0.15705	0.00842	0.04084	0.06987	0.00801	0.01074	0.03145	0.00985	0.01863	0.00388	0.00417	0.00115	0.07232	0.00329	0.00187	0.03265
4	0.00515	0.00373	0.00441	0.00428	0.00482	0.00359	0.00281	0.00566	0.00610	0.00821	0.04333	0.07082	0.13073	0.49260	0.12626	0.00302	0.00383	0.00541	0.00241	0.07283
5	0.00874	0.00838	0.01431	0.05251	0.82261	0.00844	0.01089	0.01086	0.00807	0.01154	0.00668	0.00884	0.00561	0.00319	0.00353	0.00106	0.00425	0.00317	0.00176	0.00558
6	0.00517	0.00360	0.00432	0.00425	0.00503	0.00336	0.00309	0.01818	0.00874	0.01233	0.43169	0.12910	0.15634	0.07245	0.00504	0.00131	0.00191	0.00650	0.12439	0.00319
7	0.00485	0.00357	0.00454	0.00442	0.00524	0.00326	0.00327	0.00632	0.00946	0.01310	0.65339	0.12306	0.13640	0.00794	0.00424	0.00117	0.00174	0.00699	0.00377	0.00326
8	0.00470	0.00358	0.00432	0.00423	0.00513	0.00320	0.00314	0.00602	0.00913	0.01225	0.50329	0.10618	0.30547	0.00821	0.00423	0.00118	0.00176	0.00713	0.00366	0.00320
9	0.00425	0.00358	0.00368	0.00371	0.00485	0.00301	0.00276	0.00516	0.00812	0.00977	0.06634	0.07935	0.77514	0.00907	0.00423	0.00121	0.00181	0.00761	0.00333	0.00301
10	0.01190	0.05943	0.01022	0.00851	0.01045	0.58626	0.00657	0.04549	0.08376	0.00999	0.00640	0.00724	0.00526	0.00385	0.00371	0.00095	0.06095	0.00250	0.00205	0.07452
11	0.02497	0.12361	0.55756	0.01005	0.06159	0.00886	0.05437	0.03753	0.00797	0.04394	0.01943	0.00803	0.00534	0.00345	0.00328	0.00107	0.00477	0.00276	0.01625	0.00514
12	0.08549	0.00612	0.00802	0.00620	0.00892	0.00545	0.00512	0.01681	0.00987	0.78915	0.01333	0.01162	0.00842	0.00432	0.00347	0.00110	0.00301	0.00345	0.00423	0.00589
13	0.00900	0.58158	0.16854	0.00735	0.01036	0.04123	0.00761	0.01062	0.00715	0.00894	0.00519	0.00633	0.00457	0.00354	0.00372	0.00093	0.11500	0.00220	0.00153	0.00459
14	0.04275	0.07237	0.11233	0.00937	0.08678	0.00933	0.03564	0.24857	0.01898	0.02048	0.00835	0.10962	0.00752	0.00511	0.00518	0.00120	0.18086	0.00383	0.01691	0.00483
15	0.00442	0.00316	0.00422	0.00505	0.00529	0.00296	0.00344	0.00510	0.00690	0.00918	0.01958	0.82515	0.02337	0.01108	0.00457	0.00146	0.00213	0.05674	0.00330	0.00291
16	0.01125	0.00884	0.00940	0.00773	0.01017	0.00998	0.00622	0.44032	0.42093	0.01876	0.01144	0.01086	0.00840	0.00455	0.00359	0.00114	0.00338	0.00360	0.00359	0.00585
17	0.00767	0.00710	0.01081	0.51616	0.16461	0.02423	0.00912	0.05425	0.07376	0.01067	0.00771	0.05081	0.00635	0.00410	0.00391	0.00118	0.03760	0.00355	0.00197	0.00444
18	0.07912	0.65818	0.16437	0.00669	0.01006	0.01259	0.00715	0.01075	0.00719	0.00948	0.00520	0.00603	0.00450	0.00313	0.00247	0.00085	0.00398	0.00203	0.00157	0.00463
19	0.01590	0.00617	0.00833	0.00639	0.00915	0.00540	0.00528	0.04134	0.01038	0.83087	0.01389	0.01201	0.00873	0.00440	0.00358	0.00110	0.00306	0.00357	0.00438	0.00606
20	0.00840	0.00960	0.02101	0.01501	0.01861	0.00900	0.83974	0.01140	0.00840	0.01140	0.00720	0.00960	0.00540	0.00300	0.00420	0.00120	0.00600	0.00420	0.00180	0.00480
21	0.01507	0.00607	0.00817	0.00643	0.00904	0.00539	0.00534	0.05158	0.01031	0.75332	0.01419	0.01417	0.00961	0.00483	0.00368	0.00114	0.00309	0.06845	0.00428	0.00584
22	0.03388	0.00608	0.00820	0.00630	0.00904	0.00529	0.00520	0.01721	0.01011	0.83814	0.01386	0.01199	0.00871	0.00438	0.00355	0.00110	0.00302	0.00355	0.00436	0.00601
23	0.00434	0.00310	0.00413	0.00496	0.00516	0.00289	0.00330	0.00496	0.00682	0.00909	0.01962	0.87255	0.02355	0.01115	0.00454	0.00145	0.00207	0.01012	0.00330	0.00289
24	0.00672	0.00633	0.01068	0.86632	0.02452	0.00791	0.00989	0.00910	0.00712	0.00910	0.00633	0.00949	0.00475	0.00356	0.00356	0.00119	0.00475	0.00316	0.00158	0.00396
25	0.00672	0.00633	0.01068	0.86632	0.02452	0.00791	0.00989	0.00910	0.00712	0.00910	0.00633	0.00949	0.00475	0.00356	0.00356	0.00119	0.00475	0.00316	0.00158	0.00396
26	0.00849	0.00733	0.00770	0.00696	0.00891	0.00840	0.00540	0.01783	0.78033	0.01448	0.01619	0.01493	0.07695	0.00516	0.00367	0.00121	0.00274	0.00430	0.00360	0.00543
27	0.00543	0.00393	0.00534	0.00596	0.00676	0.00383	0.00503	0.00694	0.00832	0.01092	0.12588	0.10348	0.08066	0.00956	0.00475	0.00153	0.00288	0.60222	0.00336	0.00324
28	0.00714	0.01842	0.85643	0.01015	0.01541	0.00827	0.01315	0.01128	0.00752	0.01128	0.00639	0.00752	0.00451	0.00338	0.00338	0.00113	0.00526	0.00263	0.00150	0.00526
29	0.00804	0.00745	0.01221	0.07851	0.60372	0.00760	0.00936	0.01052	0.05594	0.01180	0.09570	0.03720	0.00981	0.00418	0.00368	0.00111	0.00383	0.03204	0.00218	0.00512
30	0.07555	0.00419	0.00582	0.00573	0.00645	0.00493	0.00447	0.00673	0.00573	0.00885	0.00904	0.01334	0.00845	0.04348	0.74422	0.00516	0.03903	0.00367	0.00192	0.00323
31	0.01153	0.00813	0.00911	0.00746	0.00978	0.00883	0.00615	0.51763	0.09176	0.08479	0.05893	0.01476	0.01034	0.00581	0.02436	0.00128	0.00367	0.11668	0.00358	0.00541
32	0.11273	0.05748	0.04199	0.08741	0.05548	0.02073	0.00627	0.17752	0.05476	0.12314	0.00798	0.00853	0.00592	0.00357	0.00310	0.00094	0.00347	0.00277	0.00266	0.22355
33	0.01252	0.01521	0.00968	0.00872	0.01047	0.71634	0.00660	0.05152	0.02593	0.00981	0.03276	0.00760	0.00587	0.00394	0.00353	0.00095	0.03543	0.00257	0.03637	0.00418
34	0.00475	0.00346	0.00417	0.00451	0.00500	0.00324	0.00314	0.00544	0.00700	0.00908	0.06775	0.29816	0.21028	0.25084	0.00827	0.00195	0.00251	0.10466	0.00302	0.00279
35	0.00693	0.00666	0.01162	0.77045	0.05242	0.00801	0.07518	0.00934	0.00725	0.00936	0.00641	0.00948	0.00483	0.00350	0.00361	0.00118	0.00483	0.00325	0.00161	0.00408
36	0.00448	0.00331	0.00418	0.00477	0.00525	0.00304	0.00336	0.00528	0.00733	0.00957	0.07032	0.57918	0.18630	0.02657	0.00474	0.00143	0.00211	0.07250	0.00332	0.00296
37	0.00434	0.00361	0.00378	0.00374	0.00489	0.00306	0.00281	0.00536	0.00842	0.01034	0.16172	0.03308	0.72513	0.00875	0.00421	0.00119	0.00178	0.00735	0.00340	0.00306
38	0.00477	0.00341	0.00463	0.00545	0.00585	0.00326	0.00406	0.00570	0.00724	0.00957	0.01938	0.61541	0.02260	0.01075	0.00466	0.00151	0.00244	0.26300	0.00330	0.00301
39	0.00494	0.00338	0.00393	0.00416	0.00487	0.00310	0.00298	0.00606	0.00789	0.01111	0.17441	0.30932	0.23626	0.00833	0.00394	0.00119	0.00184	0.00726	0.20193	0.00310
40	0.01047	0.00492	0.00580	0.00495	0.00666	0.00477	0.00393	0.02633	0.10110	0.32664	0.01279	0.01277	0.00915	0.00432	0.00304	0.00098	0.00233	0.00349	0.45093	0.00464
41	0.01158	0.11956	0.06536	0.00896	0.03540	0.50438	0.01653	0.04601	0.13885	0.01043	0.00705	0.00765	0.00565	0.00376	0.00321	0.00097	0.00531	0.00262	0.00212	0.00461
42	0.01155	0.08915	0.09778	0.00827	0.01126	0.01052	0.03921	0.52680	0.12047	0.01847	0.02576	0.00920	0.00691	0.00415	0.00347	0.00107	0.00394	0.00324	0.00311	0.00568
43	0.00704	0.00580	0.00653	0.00634	0.00775	0.00632	0.00489	0.01291	0.45549	0.01258	0.02780	0.21674	0.05729	0.00718	0.00403	0.00130	0.00264	0.12347	0.00344	0.03046
44	0.01369	0.00941	0.01009	0.00785	0.01060	0.04073	0.00644	0.61952	0.06259	0.16760	0.00974	0.00937	0.00676	0.00431	0.00356	0.00108	0.00379	0.00328	0.00365	0.00596
45	0.10399	0.01027	0.01078	0.09141	0.24160	0.22481	0.00785	0.11160	0.03953	0.01229	0.00651	0.00794	0.00525	0.00376	0.00392	0.00106	0.07247	0.00281	0.00209	0.04005
46	0.00425	0.00355	0.00371	0.00383	0.00490	0.00301	0.00284	0.00513	0.00796	0.00957	0.03370	0.13852	0.73286	0.00930	0.00426	0.00124	0.00186	0.02320	0.00331	0.00300
47	0.00424	0.00362	0.00366	0.00368	0.00487	0.00303	0.00278	0.00516	0.00812	0.00964	0.03565	0.03441	0.83129	0.00904	0.00422	0.00121	0.00184	0.02722	0.00331	0.00301
48	0.08786	0.08391	0.16992	0.00699	0.01025	0.00740	0.00675	0.10533	0.00949	0.36581	0.00958	0.00924	0.00652	0.00379	0.00321	0.00101	0.00355	0.00291	0.00307	0.10341
49	0.00806	0.00631	0.00745	0.00536	0.00849	0.00478	0.00430	0.00962	0.00760	0.07793	0.00693	0.00776	0.00555	0.00278	0.00271	0.00057	0.00267	0.00223	0.00229	0.82661
50	0.00431	0.00356	0.00369	0.00374	0.00477	0.00304	0.00272	0.00513	0.00783	0.00945	0.04767	0.09209	0.71246	0.07722	0.00533	0.00139	0.00195	0.00749	0.00323	0.00294
51	0.00769	0.00735	0.01259	0.47294	0.39013	0.00818	0.03026	0.00996	0.00759	0.01027	0.00651	0.00919	0.00516	0.00338	0.00356	0.00113	0.00455	0.00319	0.00167	0.00472
52	0.01353	0.00997	0.01068	0.00819	0.01104	0.01104	0.00677	0.84079	0.01674	0.02244	0.00855	0.00855	0.00605	0.00427	0.00356	0.00107	0.00392	0.00321	0.00356	0.00605
53	0.00672	0.00633	0.01068	0.86632	0.02452	0.00791	0.00989	0.00910	0.00712	0.00910	0.00633	0.00949	0.00475	0.00356	0.00356	0.00119	0.00475	0.00316	0.00158	0.00396
54	0.00731	0.00479	0.00505	0.00479	0.00595	0.00516	0.00366	0.03913	0.23841	0.01338	0.01268	0.01544	0.01045	0.07313	0.00420	0.00119	0.00229	0.05066	0.49837	0.00396
55	0.00451	0.00320	0.00423	0.00496	0.00521	0.00302	0.00337	0.00518	0.00691	0.00923	0.05099	0.73237	0.02303	0.06998	0.00548	0.00158	0.00222	0.05837	0.00325	0.00288
56	0.00473	0.00328	0.00428	0.00492	0.00526	0.00312	0.00344	0.00555	0.00714	0.00975	0.08385	0.61071	0.02245	0.07089	0.00539	0.00155	0.00224	0.09448	0.05403	0.00294
57	0.00495	0.00355	0.00441	0.00448	0.00527	0.00327	0.00335	0.00631	0.00882	0.01220	0.43302	0.17376	0.17255	0.00821	0.00418	0.00121	0.00189	0.07165	0.07369	0.00321
58	0.00672	0.00633	0.01068	0.86632	0.02452	0.00791	0.00989	0.00910	0.00712	0.00910	0.00633	0.00949	0.00475	0.00356	0.00356	0.00119	0.00475	0.00316	0.00158	0.00396
59	0.00516	0.00375	0.00452	0.00429	0.00525	0.00347	0.00323	0.01578	0.02515	0.01330	0.58090	0.02667	0.20578	0.00731	0.00404	0.00111	0.00175	0.00633	0.07889	0.00335
60	0.10236	0.03609	0.00824	0.06844	0.00984	0.00634	0.00516	0.05825	0.05628	0.24307	0.00884	0.00901	0.00639	0.00349	0.00301	0.00087	0.00303	0.00273	0.00286	0.36570
61	0.13939	0.00630	0.00784	0.02164	0.00897	0.00594	0.00512	0.06918	0.00997	0.61977	0.05992	0.01177	0.00927	0.00439	0.00342	0.00110	0.00300	0.00348	0.00396	0.00556
62	0.00745	0.00582	0.00681	0.00508	0.00771	0.00453	0.00394	0.00878	0.00726	0.05891	0.00846	0.01080	0.03521	0.12566	0.00492	0.00099	0.00275	0.00281	0.00229	0.68981
63	0.01086	0.01735	0.05399	0.03824	0.06364	0.05177	0.01643	0.34164	0.28096	0.03794	0.01012	0.01904	0.00758	0.00434	0.00368	0.00112	0.01780	0.00346	0.00314	0.01694
64	0.00851	0.12351	0.16940	0.08462	0.02187	0.09550	0.00736	0.05793	0.06235	0.03238	0.02217	0.04048	0.05206	0.02194	0.00416	0.00108	0.06617	0.00331	0.00217	0.12302
65	0.05530	0.24730	0.22018	0.01414	0.02386	0.11309	0.08371	0.02216	0.06768	0.06221	0.02209	0.03946	0.00653	0.00381	0.00317	0.00102	0.00442	0.00301	0.00208	0.00478
66	0.00788	0.18674	0.54661	0.00929	0.01360	0.03804	0.06822	0.01107	0.00778	0.01964	0.05430	0.00840	0.00629	0.00353	0.00326	0.00105	0.00484	0.00281	0.00171	0.00495
67	0.00485	0.00397	0.00443	0.00451	0.00559	0.00368	0.00349	0.00647	0.06142	0.01039	0.08986	0.08984	0.54981	0.00884	0.00442	0.00128	0.01614	0.12443	0.00334	0.00324
68	0.00801	0.00581	0.04557	0.00646	0.04831	0.02120	0.03928	0.04287	0.06084	0.14102	0.15936	0.08741	0.08924	0.06503	0.00465	0.00127	0.00278	0.01453	0.15221	0.00413
69	0.04203	0.14871	0.03334	0.05511	0.15629	0.10564	0.04854	0.18363	0.07772	0.05052	0.00877	0.02235	0.03596	0.00400	0.00341	0.00104	0.01223	0.00321	0.00245	0.00505
70	0.00596	0.00475	0.00536	0.00506	0.00601	0.04087	0.00381	0.00766	0.05639	0.04151	0.36553	0.10487	0.21867	0.03904	0.00516	0.00128	0.06485	0.00630	0.01342	0.00348
71	0.00459	0.00326	0.00426	0.00490	0.00529	0.00305	0.00343	0.00545	0.00737	0.00995	0.11360	0.64766	0.06381	0.01028	0.00445	0.00139	0.00208	0.06828	0.03390	0.00299
72	0.03275	0.01936	0.04901	0.01905	0.19317	0.08407	0.09202	0.22241	0.02768	0.12286	0.02457	0.03495	0.00734	0.00413	0.00364	0.00109	0.01297	0.01271	0.03095	0.00525
73	0.02650	0.11634	0.09527	0.13064	0.09900	0.15464	0.02600	0.06749	0.01701	0.03494	0.03055	0.03540	0.00684	0.00599	0.07454	0.00146	0.06249	0.00838	0.00204	0.00448
74	0.00625	0.00444	0.00506	0.00458	0.00592	0.00413	0.00353	0.08534	0.02335	0.06727	0.32507	0.02707	0.39948	0.00752	0.00407	0.00115	0.00205	0.00636	0.01368	0.00366
75	0.11105	0.00676	0.01379	0.00614	0.00833	0.05454	0.00495	0.12031	0.01012	0.40549	0.08640	0.08408	0.03958	0.00518	0.00353	0.00111	0.00305	0.00419	0.02639	0.00502
76	0.04204	0.08913	0.08389	0.04329	0.32165	0.02475	0.01407	0.08329	0.09337	0.10093	0.01727	0.01014	0.03717	0.00390	0.00355	0.00108	0.01949	0.00327	0.00242	0.00528
77	0.00854	0.01389	0.03940	0.15125	0.41183	0.01803	0.11142	0.01069	0.00824	0.07826	0.05662	0.02548	0.03662	0.00394	0.00369	0.00112	0.00422	0.00961	0.00215	0.00498
78	0.00749	0.01719	0.76819	0.01030	0.03939	0.00806	0.02504	0.01138	0.00767	0.04369	0.01661	0.01681	0.00525	0.00353	0.00343	0.00113	0.00508	0.00283	0.00167	0.00525
79	0.27035	0.02372	0.00965	0.07163	0.15925	0.21137	0.03689	0.05182	0.01682	0.02297	0.00633	0.00767	0.00505	0.00361	0.00334	0.00106	0.03853	0.00264	0.05287	0.00441
80	0.00538	0.00371	0.00455	0.00442	0.00502	0.00359	0.00308	0.03590	0.00752	0.01009	0.25155	0.06760	0.16278	0.22883	0.05233	0.13943	0.00286	0.00573	0.00286	0.00278

[dist]
# distance from previous block
# <min> <max>
4	12

[block]
# block no. 6 follows, 78 sequences, length 27
# corresponding to MSA columns:
# 288-314
name=unknown_G
#
# <colnr> <probs for GDERKNQSTAVLIFYWHMCP>
#	G	D	E	R	K	N	Q	S	T	A	V	L	I	F	Y	W	H	M	C	P
0	0.08855	0.16607	0.16687	0.01098	0.19665	0.03019	0.04425	0.07547	0.02253	0.04044	0.02844	0.01840	0.00613	0.00375	0.00375	0.00106	0.06321	0.00292	0.00204	0.02830
1	0.00745	0.00527	0.00600	0.00580	0.02476	0.02788	0.00420	0.03722	0.17861	0.10919	0.11585	0.19247	0.13445	0.08547	0.02598	0.00152	0.00277	0.00598	0.02513	0.00403
2	0.03163	0.00564	0.02104	0.00603	0.00721	0.05935	0.02657	0.02716	0.00785	0.15596	0.01545	0.29991	0.07616	0.05094	0.04235	0.00157	0.05947	0.04624	0.05566	0.00380
3	0.00831	0.07756	0.11102	0.05317	0.16568	0.10113	0.10762	0.02574	0.09400	0.01111	0.03860	0.07034	0.00927	0.00522	0.02211	0.00125	0.01751	0.07350	0.00225	0.00463
4	0.00877	0.06461	0.08466	0.18641	0.19488	0.05045	0.14234	0.05998	0.03692	0.05224	0.01699	0.05621	0.00682	0.00397	0.00374	0.00113	0.01932	0.00363	0.00210	0.00483
5	0.00434	0.00357	0.00381	0.00384	0.00491	0.00305	0.00285	0.00532	0.00829	0.01023	0.14946	0.10006	0.67007	0.00894	0.00423	0.00121	0.00181	0.00757	0.00339	0.00305
6	0.02418	0.00528	0.00660	0.00543	0.00746	0.00479	0.00436	0.05282	0.02242	0.45520	0.11538	0.03071	0.16213	0.00563	0.00367	0.00110	0.00256	0.00466	0.08073	0.00488
7	0.00862	0.12119	0.19523	0.06955	0.25755	0.03985	0.04867	0.06969	0.05574	0.02077	0.02134	0.03717	0.03142	0.00391	0.00343	0.00107	0.00430	0.00337	0.00206	0.00505
8	0.01788	0.15855	0.23749	0.00801	0.01102	0.08724	0.04228	0.08757	0.05034	0.09621	0.01001	0.03235	0.05430	0.02308	0.00399	0.00114	0.03363	0.03775	0.00238	0.00480
9	0.01343	0.00870	0.00964	0.00745	0.01012	0.00933	0.00613	0.61961	0.01477	0.17726	0.00982	0.00960	0.00682	0.00429	0.00348	0.00106	0.00357	0.00328	0.07581	0.00583
10	0.21971	0.14122	0.09420	0.05070	0.08645	0.21690	0.01982	0.03569	0.02012	0.02151	0.00590	0.00710	0.00477	0.00392	0.01651	0.00110	0.04554	0.00246	0.00192	0.00445
11	0.51208	0.00702	0.00754	0.32297	0.01363	0.03326	0.00625	0.02588	0.00684	0.02772	0.00570	0.00733	0.00433	0.00345	0.00278	0.00113	0.00362	0.00245	0.00203	0.00398
12	0.01313	0.05685	0.01052	0.00898	0.01092	0.77950	0.00684	0.05441	0.01028	0.00937	0.00563	0.00649	0.00466	0.00367	0.00318	0.00092	0.00618	0.00232	0.00190	0.00424
13	0.04720	0.00352	0.00446	0.00512	0.00560	0.00341	0.00372	0.00572	0.00706	0.00965	0.01940	0.57504	0.07304	0.05137	0.00513	0.00155	0.00239	0.17046	0.00319	0.00299
14	0.00682	0.00643	0.01086	0.82619	0.06387	0.00794	0.00994	0.00918	0.00717	0.00922	0.00635	0.00946	0.00479	0.00354	0.00356	0.00118	0.00472	0.00316	0.00159	0.00404
15	0.00733	0.00656	0.01061	0.40178	0.27674	0.00725	0.00883	0.00970	0.04073	0.02964	0.06740	0.04575	0.04378	0.00444	0.00369	0.00116	0.00400	0.02404	0.00212	0.00445
16	0.03029	0.00628	0.00815	0.00632	0.00897	0.00570	0.00520	0.07789	0.03150	0.71528	0.01417	0.01252	0.03605	0.00453	0.00356	0.00110	0.00302	0.00366	0.01995	0.00586
17	0.00452	0.00334	0.00425	0.00491	0.00531	0.00313	0.00337	0.00552	0.03319	0.00952	0.04590	0.70843	0.11393	0.01058	0.00448	0.00141	0.00208	0.02979	0.00333	0.00301
18	0.02907	0.00354	0.00430	0.00479	0.00524	0.00346	0.00329	0.04049	0.00723	0.01036	0.01716	0.64362	0.01962	0.05058	0.00478	0.00142	0.00217	0.00835	0.13746	0.00308
19	0.00724	0.00488	0.00597	0.00581	0.00696	0.00496	0.00461	0.10062	0.07969	0.07254	0.12563	0.14024	0.05292	0.07721	0.00534	0.00150	0.00280	0.25400	0.04324	0.00384
20	0.00526	0.00344	0.00446	0.00487	0.00521	0.00333	0.00330	0.00585	0.00654	0.04984	0.01634	0.49835	0.01879	0.24398	0.06812	0.00228	0.00307	0.05112	0.00295	0.00289
21	0.00725	0.03567	0.79955	0.01029	0.01543	0.00842	0.05222	0.01127	0.00755	0.01122	0.00640	0.00758	0.00455	0.00336	0.00340	0.00112	0.00527	0.00269	0.00152	0.00523
22	0.01182	0.00725	0.00828	0.04756	0.00971	0.04860	0.00560	0.20434	0.13312	0.31538	0.01345	0.13511	0.03273	0.00545	0.00372	0.00116	0.00328	0.00452	0.00365	0.00527
23	0.00583	0.00404	0.00530	0.03338	0.00674	0.00397	0.00429	0.00750	0.04749	0.05757	0.19946	0.21412	0.09353	0.05180	0.04575	0.00166	0.00285	0.20795	0.00333	0.00341
24	0.00948	0.00653	0.00939	0.07639	0.10016	0.00718	0.04591	0.10057	0.02058	0.17836	0.04425	0.01136	0.00813	0.00770	0.12724	0.00181	0.14352	0.00355	0.09324	0.00463
25	0.00770	0.00445	0.00586	0.00576	0.00681	0.00434	0.00449	0.00913	0.04112	0.20093	0.04809	0.27383	0.06249	0.06833	0.00559	0.00152	0.03881	0.20348	0.00343	0.00382
26	0.00932	0.01050	0.03669	0.03209	0.09217	0.17405	0.42719	0.04844	0.03348	0.01122	0.00742	0.00984	0.00597	0.05585	0.00466	0.00125	0.00542	0.00366	0.02616	0.00462

[dist]
# distance from previous block
# <min> <max>
0	24

[block]
# block no. 7 follows, 78 sequences, length 56
# corresponding to MSA columns:
# 339-388,410-415
name=unknown_H
#
# <colnr> <probs for GDERKNQSTAVLIFYWHMCP>
#	G	D	E	R	K	N	Q	S	T	A	V	L	I	F	Y	W	H	M	C	P
0	0.02930	0.04737	0.09793	0.00794	0.05506	0.03757	0.03573	0.07707	0.26144	0.04509	0.04219	0.12049	0.07708	0.00616	0.02822	0.00130	0.01774	0.00465	0.00293	0.00475
1	0.05749	0.01384	0.02550	0.09229	0.01120	0.03881	0.06586	0.10462	0.06040	0.13186	0.03778	0.00991	0.02164	0.00373	0.00334	0.00093	0.01367	0.00307	0.00267	0.30140
2	0.00567	0.02580	0.03715	0.00546	0.01932	0.03605	0.02788	0.00701	0.01923	0.02776	0.10358	0.08603	0.43420	0.00918	0.07240	0.00154	0.03552	0.01555	0.00295	0.02773
3	0.00765	0.00596	0.02968	0.00595	0.04468	0.01951	0.00447	0.05976	0.00857	0.10096	0.09363	0.04684	0.19419	0.06949	0.00456	0.00112	0.00273	0.00449	0.00288	0.29289
4	0.00766	0.04240	0.00990	0.12301	0.27135	0.01724	0.00704	0.00980	0.05741	0.03298	0.02347	0.02762	0.04885	0.07406	0.03627	0.00136	0.00379	0.02550	0.00219	0.17808
5	0.00712	0.00528	0.00637	0.00537	0.00740	0.00442	0.00408	0.00893	0.06253	0.07879	0.02855	0.29364	0.01251	0.00582	0.00344	0.00093	0.00247	0.00508	0.00282	0.45446
6	0.00903	0.69580	0.15354	0.00671	0.01012	0.01269	0.00714	0.01068	0.00729	0.00900	0.00525	0.00608	0.00459	0.00308	0.00248	0.00081	0.00399	0.00203	0.00155	0.04814
7	0.00612	0.00313	0.00470	0.00470	0.00473	0.00317	0.00317	0.00473	0.00470	0.00630	0.00637	0.01100	0.00634	0.01317	0.06144	0.84643	0.00345	0.00313	0.00157	0.00164
8	0.00714	0.06316	0.66623	0.00979	0.01436	0.00816	0.07153	0.01073	0.00761	0.01104	0.01767	0.03742	0.02300	0.00397	0.00350	0.00114	0.00495	0.03192	0.00171	0.00498
9	0.00861	0.00697	0.07162	0.00804	0.08570	0.01901	0.02387	0.04926	0.14345	0.15542	0.14005	0.12228	0.05660	0.00613	0.00420	0.00121	0.03506	0.05462	0.00325	0.00464
