[name]
unknown

[dist]
# distance from previous block
# <min> <max>
0	415

[block]
# block no. 0 follows, 64 sequences, length 13
# corresponding to MSA columns:
# 507-519
name=unknown_A
#
# <colnr> <probs for GDERKNQSTAVLIFYWHMCP>
#	G	D	E	R	K	N	Q	S	T	A	V	L	I	F	Y	W	H	M	C	P
0	0.02527	0.08118	0.06193	0.07937	0.03763	0.05668	0.03645	0.12045	0.05130	0.17019	0.01189	0.01332	0.04878	0.02853	0.00499	0.00131	0.05296	0.02292	0.00316	0.09169
1	0.05235	0.02708	0.09364	0.06999	0.03433	0.04636	0.02880	0.06681	0.07834	0.13044	0.09324	0.05509	0.01169	0.02708	0.00517	0.00134	0.06531	0.00438	0.00318	0.10538
2	0.03559	0.04383	0.01228	0.08182	0.19266	0.04175	0.03559	0.13660	0.06799	0.10646	0.05698	0.01293	0.00963	0.06060	0.00530	0.00140	0.01849	0.00401	0.00307	0.07302
3	0.05759	0.09942	0.01047	0.02863	0.05533	0.09478	0.00655	0.06957	0.09426	0.09733	0.05357	0.06772	0.05853	0.00729	0.04591	0.00153	0.02427	0.05267	0.00323	0.07135
4	0.15505	0.05142	0.03083	0.08073	0.05771	0.04119	0.02882	0.03280	0.14222	0.05134	0.00966	0.01228	0.00798	0.00511	0.00521	0.00133	0.12949	0.05024	0.00277	0.10382
5	0.06264	0.00735	0.01095	0.50434	0.03890	0.00864	0.00939	0.04508	0.04670	0.07289	0.07917	0.01462	0.01003	0.00512	0.00445	0.00139	0.02693	0.04381	0.00267	0.00492
6	0.00833	0.00780	0.01339	0.64609	0.05329	0.00912	0.09736	0.02938	0.00879	0.01167	0.00788	0.01120	0.00596	0.00410	0.00414	0.00134	0.00541	0.00380	0.04568	0.02525
7	0.10236	0.08588	0.01219	0.50886	0.04411	0.00933	0.00937	0.01184	0.00856	0.08322	0.00786	0.01024	0.00590	0.00405	0.00375	0.00125	0.00478	0.00334	0.00226	0.08086
8	0.00784	0.00738	0.01246	0.84404	0.02861	0.00923	0.01154	0.01061	0.00831	0.01061	0.00738	0.01107	0.00554	0.00415	0.00415	0.00138	0.00554	0.00369	0.00185	0.00461
9	0.01579	0.01163	0.01247	0.00956	0.01288	0.01288	0.00789	0.81426	0.01953	0.02618	0.00997	0.00997	0.00706	0.00499	0.00416	0.00125	0.00457	0.00374	0.00416	0.00706
10	0.10345	0.01100	0.01166	0.00902	0.01226	0.01212	0.00745	0.68668	0.01782	0.07275	0.00993	0.00989	0.00699	0.00488	0.00400	0.00125	0.00437	0.00362	0.00405	0.00681
11	0.01534	0.01137	0.01222	0.00934	0.01269	0.01242	0.00771	0.76355	0.01884	0.02538	0.00981	0.00989	0.00701	0.00487	0.00409	0.00121	0.00448	0.00366	0.00405	0.06210
12	0.00504	0.00400	0.00454	0.00486	0.00581	0.00349	0.00347	0.00605	0.00910	0.01143	0.09721	0.33289	0.47494	0.01126	0.00505	0.00150	0.00220	0.00977	0.00391	0.00349

[dist]
# distance from previous block
# <min> <max>
0	2

[block]
# block no. 1 follows, 64 sequences, length 6
# corresponding to MSA columns:
# 522-527
name=unknown_B
#
# <colnr> <probs for GDERKNQSTAVLIFYWHMCP>
#	G	D	E	R	K	N	Q	S	T	A	V	L	I	F	Y	W	H	M	C	P
0	0.00691	0.00520	0.00611	0.00568	0.00705	0.00500	0.00438	0.11402	0.01177	0.01575	0.39897	0.08342	0.25651	0.00906	0.00488	0.00138	0.00248	0.05300	0.00423	0.00418
1	0.01004	0.00951	0.12217	0.05908	0.01314	0.00866	0.08962	0.07710	0.09594	0.12150	0.01075	0.01281	0.00843	0.01225	0.23689	0.00287	0.09690	0.00411	0.00284	0.00539
2	0.01032	0.04574	0.17398	0.03989	0.05516	0.01028	0.12772	0.01329	0.05530	0.12057	0.02606	0.01107	0.00750	0.00596	0.03049	0.00161	0.25311	0.00390	0.00251	0.00556
3	0.00708	0.01008	0.25910	0.00767	0.01036	0.00644	0.00772	0.01104	0.11745	0.01476	0.34167	0.10087	0.07440	0.00728	0.00456	0.00137	0.00347	0.00627	0.00355	0.00487
4	0.11026	0.01182	0.21079	0.04107	0.01388	0.00856	0.08599	0.11805	0.01002	0.01557	0.00766	0.00896	0.00586	0.00371	0.00359	0.00105	0.00451	0.00304	0.00247	0.33316
5	0.04081	0.16841	0.06735	0.00821	0.04161	0.00841	0.06330	0.01164	0.00885	0.06024	0.00923	0.03677	0.03278	0.00398	0.00340	0.00091	0.00386	0.00327	0.00249	0.42447

[dist]
# distance from previous block
# <min> <max>
4	30

[block]
# block no. 2 follows, 64 sequences, length 15
# corresponding to MSA columns:
# 558-572
name=unknown_C
#
# <colnr> <probs for GDERKNQSTAVLIFYWHMCP>
#	G	D	E	R	K	N	Q	S	T	A	V	L	I	F	Y	W	H	M	C	P
0	0.00826	0.00769	0.07878	0.04306	0.08102	0.00669	0.06781	0.06123	0.07352	0.05848	0.10174	0.23481	0.09332	0.00806	0.00474	0.00146	0.00370	0.05726	0.00350	0.00488
1	0.01046	0.06643	0.01015	0.15399	0.01293	0.11430	0.00694	0.19000	0.01151	0.06046	0.02676	0.23361	0.07096	0.00722	0.00437	0.00135	0.00426	0.00605	0.00329	0.00496
2	0.01170	0.65090	0.01951	0.06449	0.01227	0.01532	0.00755	0.15262	0.01037	0.01270	0.00662	0.00754	0.00565	0.00385	0.00303	0.00098	0.00454	0.00259	0.00220	0.00559
3	0.00890	0.00924	0.01864	0.05946	0.01774	0.00889	0.54739	0.03610	0.00924	0.01245	0.01020	0.07113	0.00926	0.15305	0.00771	0.00187	0.00601	0.00547	0.00234	0.00490
4	0.22121	0.03424	0.01067	0.00814	0.01115	0.05753	0.06320	0.14468	0.02342	0.34617	0.02097	0.01130	0.00812	0.01624	0.00402	0.00130	0.00411	0.00363	0.00383	0.00607
5	0.01437	0.00686	0.00878	0.00725	0.00975	0.00645	0.00583	0.10728	0.05095	0.47820	0.09270	0.11680	0.02908	0.00675	0.00446	0.00136	0.00335	0.03895	0.00470	0.00611
6	0.10395	0.00595	0.00695	0.00691	0.00797	0.06210	0.04651	0.00862	0.02239	0.03464	0.02792	0.47179	0.03332	0.01259	0.10443	0.00216	0.00420	0.03031	0.00336	0.00393
7	0.00885	0.00917	0.08009	0.00696	0.00996	0.07514	0.00595	0.06814	0.04951	0.01387	0.05160	0.03594	0.15211	0.02249	0.00416	0.00106	0.00361	0.00436	0.00295	0.39407
8	0.01442	0.16572	0.01424	0.01046	0.01296	0.64699	0.05335	0.01568	0.01108	0.01027	0.00642	0.00756	0.00540	0.00411	0.00362	0.00106	0.00693	0.00272	0.00207	0.00495
9	0.02018	0.00643	0.06275	0.00686	0.00827	0.00579	0.01372	0.01037	0.15071	0.02932	0.10950	0.24344	0.06459	0.10127	0.03001	0.00194	0.02000	0.09433	0.00359	0.01691
10	0.01606	0.01757	0.01140	0.01012	0.01245	0.69190	0.00769	0.01723	0.01179	0.15379	0.00816	0.00865	0.00621	0.00443	0.00382	0.00111	0.00680	0.00294	0.00267	0.00521
11	0.01456	0.00659	0.00854	0.00688	0.00943	0.00607	0.00556	0.05657	0.05777	0.51726	0.20020	0.01792	0.01686	0.00591	0.00428	0.00128	0.00313	0.00493	0.05012	0.00616
12	0.01281	0.10291	0.08623	0.00941	0.01261	0.30075	0.04114	0.09007	0.07222	0.06902	0.00850	0.00916	0.00657	0.00416	0.00368	0.00106	0.00540	0.00307	0.00267	0.15856
13	0.00701	0.00368	0.00526	0.00526	0.00526	0.00368	0.00342	0.00552	0.00552	0.00736	0.00824	0.01517	0.00859	0.16134	0.01709	0.72602	0.00368	0.00403	0.00193	0.00193
14	0.05250	0.15379	0.00860	0.00572	0.00729	0.00669	0.00463	0.00953	0.04851	0.01559	0.60231	0.02478	0.03024	0.00725	0.00436	0.00124	0.00252	0.00618	0.00396	0.00432

[dist]
# distance from previous block
# <min> <max>
0	2

[block]
# block no. 3 follows, 64 sequences, length 21
# corresponding to MSA columns:
# 575-595
name=unknown_D
#
# <colnr> <probs for GDERKNQSTAVLIFYWHMCP>
#	G	D	E	R	K	N	Q	S	T	A	V	L	I	F	Y	W	H	M	C	P
0	0.01076	0.00963	0.01501	0.11759	0.54748	0.01002	0.01130	0.15286	0.01102	0.01534	0.00862	0.03771	0.00721	0.00427	0.00414	0.00126	0.00482	0.00395	0.00247	0.02454
1	0.72974	0.00792	0.00722	0.15261	0.01164	0.00930	0.00573	0.01193	0.00729	0.01723	0.00606	0.00751	0.00468	0.00391	0.00285	0.00130	0.00362	0.00250	0.00244	0.00452
2	0.01674	0.00712	0.01013	0.15420	0.01376	0.00665	0.00706	0.01855	0.01126	0.68704	0.01481	0.01360	0.00945	0.00497	0.00417	0.00130	0.00389	0.00409	0.00456	0.00664
3	0.00685	0.00371	0.00549	0.02768	0.00613	0.00372	0.00386	0.00561	0.00593	0.00790	0.00997	0.15975	0.01073	0.01391	0.01400	0.70194	0.00345	0.00505	0.00216	0.00215
4	0.05983	0.00514	0.00616	0.00619	0.00733	0.00534	0.00466	0.00973	0.12990	0.03498	0.12297	0.24671	0.11827	0.02453	0.15112	0.00245	0.00416	0.05271	0.00365	0.00418
5	0.00590	0.00546	0.00795	0.00674	0.00859	0.00481	0.14544	0.00747	0.00969	0.01200	0.08872	0.03457	0.59960	0.00919	0.00494	0.00141	0.00302	0.03699	0.00360	0.00391
6	0.00887	0.00879	0.01268	0.15709	0.01401	0.01211	0.00952	0.01010	0.00670	0.01010	0.00579	0.00944	0.00547	0.00672	0.01197	0.00174	0.69887	0.00364	0.00182	0.00456
7	0.00597	0.00462	0.00544	0.00533	0.00658	0.00409	0.00405	0.00723	0.00916	0.01205	0.15036	0.08179	0.30664	0.13098	0.00720	0.00178	0.00279	0.14650	0.00361	0.10383
8	0.00600	0.00431	0.00527	0.00499	0.00612	0.00388	0.00373	0.00764	0.01095	0.03914	0.56065	0.03285	0.25288	0.03677	0.00541	0.00142	0.00211	0.00771	0.00433	0.00385
9	0.03157	0.00533	0.00612	0.00603	0.00719	0.00529	0.00443	0.14811	0.01061	0.01430	0.09343	0.42755	0.18816	0.01030	0.00487	0.00149	0.00270	0.00899	0.01940	0.00414
10	0.00541	0.00415	0.00415	0.00415	0.00548	0.00357	0.00311	0.00661	0.00933	0.01197	0.03707	0.03568	0.68328	0.00952	0.00456	0.00133	0.00207	0.00791	0.15708	0.00357
11	0.07450	0.00555	0.00658	0.00585	0.00758	0.00522	0.00445	0.03760	0.02273	0.25773	0.10451	0.14311	0.16815	0.10120	0.00626	0.00166	0.00295	0.00653	0.03311	0.00474
12	0.03234	0.00491	0.00588	0.00559	0.00668	0.00476	0.00400	0.04079	0.01965	0.14382	0.07184	0.22190	0.06256	0.21502	0.03564	0.00220	0.00328	0.00686	0.10821	0.00409
13	0.19097	0.00468	0.00537	0.00566	0.00648	0.00478	0.00401	0.00760	0.00764	0.03527	0.06118	0.45666	0.01924	0.01086	0.00659	0.15554	0.00280	0.00790	0.00330	0.00347
14	0.00939	0.00895	0.01509	0.22154	0.58964	0.00936	0.01192	0.01186	0.00918	0.01273	0.00962	0.01213	0.05201	0.00419	0.00417	0.00128	0.00492	0.00398	0.00211	0.00593
15	0.00528	0.00413	0.00480	0.00494	0.00599	0.00365	0.00366	0.00656	0.00980	0.01261	0.24537	0.18997	0.42864	0.01050	0.00502	0.00146	0.00221	0.04776	0.00405	0.00361
16	0.00590	0.00418	0.00492	0.00518	0.00568	0.00401	0.00342	0.03575	0.00817	0.01088	0.06488	0.35136	0.13729	0.29845	0.01050	0.00238	0.00296	0.00862	0.03218	0.00328
17	0.00556	0.00419	0.00529	0.00539	0.00612	0.00422	0.00388	0.00656	0.00768	0.01015	0.05342	0.12306	0.24463	0.18750	0.30933	0.00387	0.00578	0.00696	0.00303	0.00338
18	0.01192	0.63765	0.04199	0.00805	0.01133	0.16712	0.00757	0.03510	0.00932	0.01039	0.00605	0.00702	0.00538	0.00382	0.00318	0.00096	0.02353	0.00240	0.00191	0.00529
19	0.00987	0.00581	0.00688	0.00618	0.00796	0.00555	0.00471	0.04200	0.12591	0.22903	0.07029	0.15680	0.23667	0.06590	0.00576	0.00159	0.00291	0.00702	0.00421	0.00495
20	0.00513	0.00414	0.00449	0.00461	0.00572	0.00359	0.00336	0.00618	0.00927	0.01147	0.10897	0.14635	0.58099	0.06127	0.00595	0.00160	0.00229	0.02730	0.00384	0.00347

[dist]
# distance from previous block
# <min> <max>
0	1

[block]
# block no. 4 follows, 64 sequences, length 34
# corresponding to MSA columns:
# 597-600,602-631
name=unknown_E
#
# <colnr> <probs for GDERKNQSTAVLIFYWHMCP>
#	G	D	E	R	K	N	Q	S	T	A	V	L	I	F	Y	W	H	M	C	P
0	0.71598	0.00761	0.00631	0.00559	0.00801	0.00860	0.00456	0.03463	0.00814	0.04612	0.09588	0.01041	0.02564	0.00457	0.00297	0.00129	0.00310	0.00306	0.00295	0.00458
1	0.00633	0.00474	0.00586	0.00599	0.00708	0.00456	0.00468	0.04557	0.03355	0.01395	0.27148	0.17121	0.19664	0.01015	0.00512	0.00154	0.00268	0.20083	0.00409	0.00394
2	0.01285	0.08049	0.01194	0.03510	0.01233	0.04966	0.02138	0.28911	0.36092	0.06302	0.01267	0.01223	0.00936	0.00507	0.00406	0.00129	0.00416	0.00402	0.00384	0.00650
3	0.01103	0.03007	0.01954	0.03636	0.01837	0.18363	0.50667	0.01401	0.03110	0.02529	0.00817	0.01027	0.00628	0.00373	0.00441	0.00125	0.00654	0.00413	0.00223	0.07693
4	0.00970	0.33489	0.42520	0.01088	0.04338	0.01234	0.06780	0.02950	0.00896	0.01217	0.00695	0.00822	0.00544	0.00378	0.00354	0.00116	0.00549	0.00291	0.00185	0.00583
5	0.00798	0.00541	0.00651	0.00624	0.00739	0.00556	0.00458	0.02744	0.20655	0.05935	0.09453	0.16836	0.12744	0.01021	0.00780	0.23760	0.00297	0.00644	0.00354	0.00409
6	0.01488	0.01058	0.01214	0.04376	0.06858	0.01149	0.00801	0.59715	0.04503	0.10478	0.01152	0.01150	0.03086	0.00506	0.00418	0.00127	0.00442	0.00396	0.00401	0.00681
7	0.00722	0.00361	0.00541	0.00541	0.00541	0.00361	0.00361	0.00541	0.00541	0.00722	0.00722	0.01263	0.00722	0.01443	0.01623	0.87915	0.00361	0.00361	0.00180	0.00180
8	0.01062	0.00882	0.00936	0.00834	0.01068	0.01012	0.00648	0.05130	0.74351	0.03900	0.01651	0.01562	0.01248	0.03218	0.00475	0.00148	0.00337	0.00469	0.00419	0.00648
9	0.00541	0.00402	0.00508	0.00574	0.00630	0.00380	0.00401	0.00681	0.04517	0.01154	0.08914	0.61950	0.12399	0.01196	0.00519	0.00162	0.00243	0.04077	0.00393	0.00360
10	0.00895	0.00701	0.00790	0.00715	0.00900	0.00764	0.00552	0.01643	0.46924	0.05243	0.33320	0.02151	0.02294	0.00673	0.00449	0.00136	0.00278	0.00577	0.00440	0.00556
11	0.01495	0.01892	0.01140	0.01044	0.01247	0.79234	0.00780	0.01600	0.01156	0.01019	0.00731	0.05303	0.00654	0.00475	0.00383	0.00110	0.00722	0.00317	0.00223	0.00474
12	0.00607	0.00474	0.00635	0.00642	0.00749	0.00446	0.04794	0.00789	0.05638	0.02559	0.04806	0.38529	0.24291	0.01092	0.00514	0.00159	0.00283	0.12226	0.00382	0.00386
13	0.17959	0.00854	0.00867	0.00748	0.00988	0.00955	0.00591	0.19027	0.33971	0.04596	0.01476	0.03004	0.06377	0.04188	0.00465	0.00145	0.00347	0.00444	0.02419	0.00580
14	0.00593	0.00445	0.00668	0.00668	0.00742	0.00519	0.00519	0.00742	0.00668	0.00964	0.01113	0.01632	0.01038	0.03115	0.83756	0.00668	0.01113	0.00445	0.00223	0.00371
15	0.00692	0.06638	0.00726	0.00663	0.00771	0.05792	0.00528	0.00855	0.02448	0.01239	0.17013	0.25600	0.07970	0.01014	0.00503	0.00157	0.00325	0.26303	0.00373	0.00392
16	0.00828	0.00502	0.00589	0.00540	0.00674	0.00466	0.00393	0.03459	0.03677	0.15781	0.11528	0.09422	0.27762	0.21499	0.00872	0.00203	0.00295	0.00709	0.00386	0.00415
17	0.53037	0.00657	0.00581	0.00544	0.00734	0.00722	0.00425	0.02345	0.00816	0.02889	0.10252	0.13447	0.07994	0.03484	0.00409	0.00145	0.00292	0.00493	0.00315	0.00421
18	0.01449	0.01090	0.01165	0.00919	0.01223	0.01213	0.00748	0.64730	0.15964	0.02401	0.01130	0.01154	0.00833	0.03445	0.00476	0.00137	0.00433	0.00399	0.00411	0.00682
19	0.00595	0.00437	0.00628	0.00628	0.00689	0.00498	0.00470	0.00717	0.00656	0.00935	0.01148	0.01830	0.01125	0.18141	0.68848	0.00619	0.00983	0.00474	0.00228	0.00349
20	0.00514	0.00408	0.00463	0.00491	0.00594	0.00358	0.00361	0.00623	0.00927	0.01162	0.10767	0.25828	0.49553	0.01106	0.00506	0.00150	0.00227	0.05218	0.00392	0.00353
21	0.00662	0.00476	0.00659	0.00750	0.00848	0.00473	0.00654	0.00849	0.00956	0.01238	0.02287	0.04656	0.05876	0.01143	0.00570	0.00189	0.00375	0.76579	0.00383	0.00381
22	0.00604	0.00403	0.00453	0.00453	0.00453	0.00403	0.00252	0.00604	0.00604	0.00805	0.01309	0.02718	0.01510	0.85402	0.02114	0.00403	0.00403	0.00604	0.00252	0.00252
23	0.00909	0.00909	0.01272	0.01091	0.01091	0.01272	0.00909	0.01000	0.00636	0.01000	0.00545	0.00909	0.00545	0.00727	0.01363	0.00182	0.84642	0.00364	0.00182	0.00454
24	0.02973	0.00516	0.00824	0.00753	0.00831	0.00550	0.09223	0.00741	0.00686	0.00968	0.01123	0.15329	0.01161	0.01626	0.21369	0.31480	0.06181	0.03103	0.00237	0.00326
25	0.00619	0.00435	0.00551	0.00519	0.00631	0.00395	0.00393	0.00800	0.01137	0.04383	0.66422	0.03210	0.15636	0.00874	0.00489	0.00133	0.00207	0.02319	0.00447	0.00396
26	0.00970	0.00901	0.01347	0.20931	0.27977	0.00994	0.06049	0.01584	0.31808	0.01431	0.01121	0.01251	0.00864	0.00453	0.00421	0.00135	0.00458	0.00415	0.00284	0.00606
27	0.88336	0.00803	0.00611	0.00546	0.00803	0.00932	0.00450	0.01221	0.00707	0.01864	0.00578	0.00675	0.00450	0.00386	0.00257	0.00129	0.00321	0.00225	0.00257	0.00450
28	0.00755	0.00627	0.00685	0.00639	0.00806	0.00660	0.00488	0.01351	0.36592	0.01531	0.23414	0.05417	0.23790	0.00793	0.00462	0.00139	0.00260	0.00676	0.00421	0.00496
29	0.00861	0.00738	0.00861	0.00615	0.00984	0.00554	0.00492	0.01046	0.00861	0.01354	0.00738	0.00861	0.00615	0.00308	0.00308	0.00062	0.00308	0.00246	0.00246	0.87941
30	0.00604	0.00403	0.00453	0.00453	0.00453	0.00403	0.00252	0.00604	0.00604	0.00805	0.01309	0.02718	0.01510	0.85402	0.02114	0.00403	0.00403	0.00604	0.00252	0.00252
31	0.03192	0.23831	0.53080	0.01069	0.01575	0.01156	0.05235	0.01284	0.00861	0.01231	0.00695	0.00830	0.00532	0.00393	0.00396	0.00122	0.03463	0.00294	0.00180	0.00580
32	0.00925	0.00677	0.00695	0.00628	0.00729	0.06414	0.00440	0.15890	0.00953	0.05632	0.01286	0.02330	0.01329	0.52934	0.01472	0.00300	0.00433	0.06241	0.00303	0.00387
33	0.01439	0.11170	0.04103	0.01012	0.01262	0.61662	0.00806	0.05242	0.07395	0.01150	0.00735	0.00817	0.00599	0.00432	0.00369	0.00109	0.00665	0.00284	0.00234	0.00516

[dist]
# distance from previous block
# <min> <max>
0	3

[block]
# block no. 5 follows, 64 sequences, length 33
# corresponding to MSA columns:
# 635-667
name=unknown_F
#
# <colnr> <probs for GDERKNQSTAVLIFYWHMCP>
#	G	D	E	R	K	N	Q	S	T	A	V	L	I	F	Y	W	H	M	C	P
0	0.40777	0.00921	0.00897	0.00727	0.01020	0.02826	0.00598	0.26385	0.01209	0.19549	0.00938	0.00936	0.00656	0.00449	0.00344	0.00127	0.00380	0.00314	0.00361	0.00586
1	0.88336	0.00803	0.00611	0.00546	0.00803	0.00932	0.00450	0.01221	0.00707	0.01864	0.00578	0.00675	0.00450	0.00386	0.00257	0.00129	0.00321	0.00225	0.00257	0.00450
2	0.01648	0.00659	0.00895	0.00702	0.00986	0.00574	0.00574	0.01815	0.01187	0.69346	0.15311	0.01699	0.01516	0.00571	0.00430	0.00129	0.00327	0.00474	0.00505	0.00654
3	0.00633	0.00449	0.00658	0.00651	0.00726	0.00512	0.00498	0.00769	0.00678	0.03478	0.01146	0.01721	0.01080	0.10304	0.73979	0.00628	0.01027	0.00458	0.00234	0.00371
4	0.01111	0.85652	0.02177	0.00711	0.01066	0.01644	0.00711	0.01244	0.00844	0.00977	0.00577	0.00666	0.00533	0.00355	0.00267	0.00089	0.00444	0.00222	0.00178	0.00533
5	0.01397	0.12262	0.03865	0.07811	0.01406	0.55964	0.02305	0.03745	0.01104	0.03601	0.00687	0.00809	0.00558	0.00427	0.00392	0.00111	0.02546	0.00285	0.00220	0.00504
6	0.00506	0.00361	0.00482	0.00578	0.00602	0.00337	0.00386	0.00578	0.00795	0.01060	0.02289	0.85131	0.02747	0.01301	0.00530	0.00169	0.00241	0.01181	0.00386	0.00337
7	0.01224	0.01266	0.01029	0.00924	0.01155	0.28835	0.00710	0.04471	0.52402	0.01522	0.01317	0.01264	0.01004	0.00516	0.00406	0.00129	0.00474	0.00399	0.00352	0.00600
8	0.00630	0.00449	0.00620	0.00712	0.00788	0.00444	0.00591	0.00788	0.00908	0.01187	0.02190	0.22875	0.02442	0.04007	0.00615	0.00193	0.00351	0.59463	0.00379	0.00368
9	0.00722	0.00361	0.00541	0.00541	0.00541	0.00361	0.00361	0.00541	0.00541	0.00722	0.00722	0.01263	0.00722	0.01443	0.01623	0.87915	0.00361	0.00361	0.00180	0.00180
10	0.00833	0.02149	0.83250	0.01184	0.01798	0.00965	0.01535	0.01315	0.00877	0.01315	0.00745	0.00877	0.00526	0.00395	0.00395	0.00132	0.00614	0.00307	0.00175	0.00614
11	0.00980	0.01120	0.02451	0.01751	0.02171	0.01050	0.81303	0.01331	0.00980	0.01331	0.00840	0.01120	0.00630	0.00350	0.00490	0.00140	0.00700	0.00490	0.00210	0.00560
12	0.00501	0.00418	0.00438	0.00452	0.00579	0.00355	0.00339	0.00607	0.00933	0.01122	0.03929	0.11784	0.71209	0.01080	0.00499	0.00145	0.00221	0.04650	0.00386	0.00351
13	0.01159	0.76539	0.02068	0.00750	0.01090	0.10584	0.00721	0.01289	0.00880	0.00982	0.00585	0.00675	0.00533	0.00363	0.00278	0.00091	0.00477	0.00227	0.00182	0.00527
14	0.01269	0.32137	0.08733	0.00960	0.01274	0.33906	0.04440	0.05995	0.03553	0.01161	0.00725	0.00878	0.00614	0.00420	0.00351	0.00108	0.00587	0.02140	0.00219	0.00531
15	0.74081	0.01022	0.14074	0.00650	0.00965	0.00937	0.00627	0.01236	0.00735	0.01774	0.00606	0.00708	0.00462	0.00387	0.00279	0.00129	0.00369	0.00238	0.00244	0.00477
16	0.01409	0.27912	0.04098	0.00766	0.01084	0.03271	0.00683	0.01723	0.13222	0.36587	0.02800	0.01254	0.00957	0.00483	0.00373	0.00118	0.00396	0.01872	0.00370	0.00623
17	0.00877	0.00946	0.01961	0.01458	0.01769	0.00910	0.59463	0.01151	0.00916	0.01247	0.01110	0.16975	0.01049	0.02905	0.00590	0.00155	0.05153	0.00617	0.00243	0.00504
18	0.00602	0.00457	0.00679	0.00674	0.00744	0.00537	0.00523	0.00745	0.00665	0.00961	0.01102	0.01639	0.01037	0.05147	0.79395	0.00647	0.03406	0.00447	0.00222	0.00370
19	0.01033	0.00892	0.00939	0.00845	0.01080	0.01033	0.00657	0.02207	0.82061	0.01738	0.01691	0.01550	0.01268	0.00564	0.00423	0.00141	0.00329	0.00470	0.00423	0.00657
20	0.00861	0.00738	0.00861	0.00615	0.00984	0.00554	0.00492	0.01046	0.00861	0.01354	0.00738	0.00861	0.00615	0.00308	0.00308	0.00062	0.00308	0.00246	0.00246	0.87941
21	0.01608	0.00829	0.01005	0.00802	0.01103	0.00829	0.00652	0.15261	0.21636	0.49285	0.01545	0.01379	0.01035	0.00524	0.00419	0.00131	0.00364	0.00423	0.00475	0.00694
22	0.00976	0.00933	0.01591	0.20193	0.65578	0.00973	0.01249	0.01229	0.00921	0.01293	0.00772	0.01045	0.00635	0.00380	0.00412	0.00127	0.00506	0.00370	0.00201	0.00616
23	0.01028	0.00987	0.01686	0.02550	0.82811	0.00987	0.01275	0.01275	0.00946	0.01357	0.00781	0.01028	0.00658	0.00370	0.00411	0.00123	0.00493	0.00370	0.00206	0.00658
24	0.00635	0.00394	0.00488	0.00488	0.00491	0.00397	0.00295	0.00594	0.00590	0.00791	0.01141	0.02271	0.01274	0.58623	0.06120	0.23981	0.00427	0.00530	0.00231	0.00239
25	0.00506	0.00361	0.00482	0.00578	0.00602	0.00337	0.00386	0.00578	0.00795	0.01060	0.02289	0.85131	0.02747	0.01301	0.00530	0.00169	0.00241	0.01181	0.00386	0.00337
26	0.00656	0.00513	0.00602	0.00626	0.00726	0.00524	0.00461	0.01003	0.19727	0.01257	0.06130	0.34706	0.14187	0.07198	0.00618	0.00176	0.00283	0.09804	0.00387	0.00415
27	0.05724	0.00782	0.00852	0.00726	0.00948	0.00832	0.00579	0.29921	0.11600	0.07803	0.06423	0.08774	0.11023	0.00680	0.00426	0.00133	0.00337	0.03722	0.08162	0.00554
28	0.00591	0.00431	0.00558	0.00549	0.00639	0.00406	0.00406	0.00798	0.03817	0.01554	0.64185	0.17163	0.03593	0.00924	0.00497	0.00139	0.00213	0.02705	0.00442	0.00391
29	0.00861	0.00738	0.00861	0.00615	0.00984	0.00554	0.00492	0.01046	0.00861	0.01354	0.00738	0.00861	0.00615	0.00308	0.00308	0.00062	0.00308	0.00246	0.00246	0.87941
30	0.00542	0.00429	0.00441	0.00433	0.00577	0.00361	0.00327	0.00654	0.00960	0.03674	0.06488	0.03840	0.76034	0.01018	0.00485	0.00139	0.00214	0.00849	0.02174	0.00364
31	0.10727	0.00559	0.00662	0.00595	0.00767	0.00541	0.00463	0.03877	0.02946	0.20554	0.24193	0.11267	0.09688	0.00773	0.00470	0.02566	0.00275	0.03061	0.05543	0.00473
32	0.00506	0.00361	0.00482	0.00578	0.00602	0.00337	0.00386	0.00578	0.00795	0.01060	0.02289	0.85131	0.02747	0.01301	0.00530	0.00169	0.00241	0.01181	0.00386	0.00337

[dist]
# distance from previous block
# <min> <max>
0	52

[block]
# block no. 6 follows, 64 sequences, length 12
# corresponding to MSA columns:
# 720-731
name=unknown_G
#
# <colnr> <probs for GDERKNQSTAVLIFYWHMCP>
#	G	D	E	R	K	N	Q	S	T	A	V	L	I	F	Y	W	H	M	C	P
0	0.00595	0.00400	0.00460	0.00467	0.00474	0.00397	0.00270	0.00610	0.00647	0.00867	0.05229	0.09681	0.01728	0.74324	0.01904	0.00370	0.00379	0.00660	0.00273	0.00266
1	0.00506	0.00361	0.00482	0.00578	0.00602	0.00337	0.00386	0.00578	0.00795	0.01060	0.02289	0.85131	0.02747	0.01301	0.00530	0.00169	0.00241	0.01181	0.00386	0.00337
2	0.00640	0.00426	0.00525	0.00536	0.00639	0.00382	0.00394	0.00765	0.00966	0.07698	0.21209	0.30896	0.26103	0.01039	0.00497	0.00148	0.00236	0.04270	0.02244	0.00386
3	0.01497	0.01084	0.01159	0.00898	0.01206	0.01196	0.00739	0.73219	0.01843	0.02509	0.01034	0.01053	0.00743	0.00497	0.00403	0.00122	0.00430	0.00375	0.09320	0.00674
4	0.01155	0.01077	0.00982	0.00881	0.01115	0.15584	0.00681	0.02104	0.64830	0.04613	0.01504	0.01404	0.01130	0.00538	0.00414	0.00134	0.00404	0.00432	0.00389	0.00628
5	0.00912	0.00917	0.01354	0.01121	0.01183	0.01206	0.08267	0.01033	0.00682	0.01053	0.00585	0.00925	0.00558	0.00665	0.01215	0.00170	0.71507	0.00368	0.00188	0.06091
6	0.00593	0.00445	0.00668	0.00668	0.00742	0.00519	0.00519	0.00742	0.00668	0.00964	0.01113	0.01632	0.01038	0.03115	0.83756	0.00668	0.01113	0.00445	0.00223	0.00371
7	0.07930	0.00863	0.00934	0.00805	0.01050	0.00968	0.00640	0.15922	0.44519	0.09802	0.01417	0.01379	0.01057	0.00766	0.08060	0.00183	0.00422	0.00425	0.02236	0.00623
8	0.00978	0.02598	0.03110	0.20999	0.08432	0.08047	0.00990	0.02673	0.00800	0.02823	0.00656	0.00960	0.00569	0.00575	0.00895	0.00155	0.43698	0.00355	0.00198	0.00491
9	0.00674	0.00573	0.00671	0.00671	0.00744	0.08132	0.00501	0.00794	0.00720	0.00961	0.01212	0.10192	0.01221	0.12109	0.58256	0.00535	0.00909	0.00522	0.00242	0.00364
10	0.05147	0.50866	0.01749	0.00818	0.01136	0.18583	0.00731	0.14298	0.01086	0.01290	0.00659	0.00737	0.00558	0.00395	0.00313	0.00100	0.00504	0.00256	0.00227	0.00547
11	0.02444	0.00467	0.00599	0.02021	0.00736	0.00451	0.00455	0.03246	0.00835	0.01162	0.03911	0.45945	0.02097	0.07330	0.09432	0.00225	0.00378	0.08132	0.00340	0.09794

[dist]
# distance from previous block
# <min> <max>
0	2

[block]
# block no. 7 follows, 64 sequences, length 12
# corresponding to MSA columns:
# 734-745
name=unknown_H
#
# <colnr> <probs for GDERKNQSTAVLIFYWHMCP>
#	G	D	E	R	K	N	Q	S	T	A	V	L	I	F	Y	W	H	M	C	P
0	0.01112	0.00952	0.01044	0.00990	0.07160	0.14612	0.04962	0.04843	0.22563	0.08749	0.02531	0.02831	0.00961	0.00850	0.06280	0.14606	0.03719	0.00415	0.00306	0.00513
1	0.00654	0.00477	0.00612	0.00634	0.00706	0.00496	0.00461	0.07238	0.03787	0.01202	0.05343	0.40697	0.02067	0.09969	0.18630	0.00295	0.00472	0.05533	0.00344	0.00382
2	0.00604	0.00403	0.00453	0.00453	0.00453	0.00403	0.00252	0.00604	0.00604	0.00805	0.01309	0.02718	0.01510	0.85402	0.02114	0.00403	0.00403	0.00604	0.00252	0.00252
3	0.00961	0.00644	0.00743	0.00673	0.00857	0.00657	0.00521	0.06367	0.24287	0.14757	0.10705	0.12109	0.16789	0.03832	0.00521	0.00152	0.00300	0.04184	0.00422	0.00519
4	0.02843	0.00439	0.00514	0.00530	0.00628	0.00408	0.00389	0.03454	0.00944	0.01246	0.16032	0.27333	0.32134	0.01084	0.00568	0.05606	0.00246	0.04858	0.00382	0.00359
5	0.01553	0.01925	0.01182	0.01062	0.01284	0.78167	0.00802	0.07045	0.01229	0.01125	0.00666	0.00766	0.00547	0.00433	0.00377	0.00108	0.00729	0.00275	0.00228	0.00497
6	0.13000	0.00488	0.00518	0.00517	0.00594	0.00501	0.00349	0.04776	0.00788	0.01198	0.03819	0.22112	0.07245	0.35628	0.01118	0.00250	0.00323	0.00686	0.05747	0.00342
7	0.00808	0.00546	0.00655	0.00632	0.00757	0.00546	0.00472	0.08873	0.09766	0.07583	0.11009	0.29084	0.12456	0.03121	0.00595	0.05552	0.00290	0.05010	0.01810	0.00435
8	0.01387	0.00688	0.00856	0.00703	0.00948	0.00651	0.00561	0.15946	0.01238	0.42251	0.06213	0.13510	0.09371	0.00692	0.00441	0.00134	0.00329	0.00580	0.02907	0.00594
9	0.00741	0.00552	0.00621	0.00613	0.00737	0.00583	0.00454	0.01217	0.27485	0.01466	0.13529	0.25882	0.06125	0.00826	0.00441	0.00139	0.00253	0.00719	0.17158	0.00460
10	0.00598	0.00427	0.00523	0.00564	0.00638	0.00404	0.00400	0.00746	0.05173	0.03658	0.06636	0.44381	0.18244	0.09354	0.00669	0.00183	0.00266	0.06388	0.00382	0.00366
11	0.09092	0.00506	0.00581	0.00553	0.00668	0.00502	0.00405	0.03300	0.00872	0.13365	0.05629	0.13757	0.01601	0.24041	0.00878	0.00209	0.00316	0.06975	0.16345	0.00405

[dist]
# distance from previous block
# <min> <max>
0	1

[block]
# block no. 8 follows, 64 sequences, length 17
# corresponding to MSA columns:
# 747-763
name=unknown_I
#
# <colnr> <probs for GDERKNQSTAVLIFYWHMCP>
#	G	D	E	R	K	N	Q	S	T	A	V	L	I	F	Y	W	H	M	C	P
0	0.15111	0.00533	0.00627	0.00558	0.00720	0.00517	0.00435	0.01078	0.01088	0.15763	0.51563	0.02345	0.02725	0.00699	0.00430	0.00128	0.00243	0.00591	0.04388	0.00456
1	0.00545	0.00397	0.00513	0.00538	0.00608	0.00365	0.00383	0.00682	0.00996	0.01365	0.42250	0.38106	0.09590	0.01058	0.00507	0.00148	0.00216	0.00944	0.00421	0.00365
2	0.00597	0.00427	0.00496	0.00488	0.00597	0.00378	0.00354	0.00716	0.00973	0.05189	0.25708	0.13731	0.38980	0.08726	0.00641	0.00165	0.00235	0.00832	0.00400	0.00369
3	0.00861	0.00738	0.00861	0.00615	0.00984	0.00554	0.00492	0.01046	0.00861	0.01354	0.00738	0.00861	0.00615	0.00308	0.00308	0.00062	0.00308	0.00246	0.00246	0.87941
4	0.01028	0.00987	0.01686	0.02550	0.82811	0.00987	0.01275	0.01275	0.00946	0.01357	0.00781	0.01028	0.00658	0.00370	0.00411	0.00123	0.00493	0.00370	0.00206	0.00658
5	0.00658	0.00404	0.00537	0.00595	0.00658	0.00371	0.00415	0.00744	0.00848	0.10036	0.02284	0.71073	0.05364	0.01203	0.00518	0.00164	0.00256	0.03094	0.00400	0.00379
6	0.03035	0.00754	0.00873	0.00650	0.00997	0.00620	0.00520	0.01263	0.09763	0.08576	0.00918	0.00981	0.00719	0.00356	0.00329	0.00078	0.00314	0.00285	0.00289	0.68682
7	0.00865	0.09930	0.01065	0.00762	0.00969	0.00721	0.12343	0.08595	0.01019	0.07236	0.09805	0.06655	0.22464	0.08731	0.04367	0.01187	0.00405	0.02091	0.00334	0.00455
8	0.00924	0.00646	0.00748	0.00683	0.00830	0.00676	0.00508	0.17132	0.14257	0.07158	0.13094	0.25901	0.01974	0.12676	0.00698	0.00180	0.00322	0.00711	0.00398	0.00484
9	0.00944	0.03880	0.01256	0.06075	0.01197	0.01187	0.00864	0.05889	0.00760	0.01139	0.00607	0.00912	0.00563	0.00635	0.01094	0.00159	0.62253	0.00347	0.00203	0.10037
10	0.04882	0.11090	0.01338	0.59828	0.03846	0.01052	0.01030	0.09880	0.00951	0.01263	0.00741	0.01021	0.00565	0.00415	0.00390	0.00130	0.00518	0.00345	0.00213	0.00500
11	0.06136	0.00608	0.00804	0.05639	0.04037	0.00633	0.02584	0.09713	0.02475	0.06326	0.03586	0.34251	0.03002	0.00931	0.00507	0.00158	0.02415	0.15383	0.00363	0.00450
12	0.00782	0.00726	0.01196	0.65272	0.11316	0.00864	0.01061	0.01029	0.00836	0.01082	0.00988	0.01372	0.05595	0.05608	0.00523	0.00153	0.00517	0.00414	0.00203	0.00463
13	0.10216	0.00504	0.00548	0.00514	0.00636	0.00495	0.00378	0.05631	0.01004	0.01439	0.32150	0.04893	0.23519	0.15438	0.00742	0.00180	0.00266	0.00689	0.00377	0.00381
14	0.23289	0.06021	0.01076	0.12752	0.04690	0.01033	0.01870	0.18733	0.11763	0.04751	0.02390	0.01121	0.00783	0.04593	0.00484	0.00143	0.03293	0.00360	0.00306	0.00549
15	0.04023	0.00479	0.00575	0.00574	0.00670	0.00466	0.00412	0.00901	0.05754	0.10081	0.05710	0.24981	0.12133	0.21144	0.02148	0.01890	0.00321	0.06990	0.00362	0.00386
16	0.00832	0.00653	0.00697	0.00627	0.00764	0.05599	0.00454	0.10400	0.00908	0.02801	0.01388	0.10994	0.04383	0.31870	0.07505	0.00266	0.00443	0.04518	0.00297	0.14602

[dist]
# distance from previous block
# <min> <max>
0	66

# created by:
# /home/cegg/simao/soft/augustus-3.2.1/scripts/msa2prfl.pl ./align_prep/EOG092C4IXB.fa
