[name]
unknown

[dist]
# distance from previous block
# <min> <max>
0	57

[block]
# block no. 0 follows, 67 sequences, length 6
# corresponding to MSA columns:
# 71-76
name=unknown_A
#
# <colnr> <probs for GDERKNQSTAVLIFYWHMCP>
#	G	D	E	R	K	N	Q	S	T	A	V	L	I	F	Y	W	H	M	C	P
0	0.00689	0.00581	0.03330	0.09783	0.02615	0.00565	0.02620	0.04874	0.00873	0.03919	0.07615	0.16614	0.20359	0.13636	0.03679	0.00197	0.04895	0.02456	0.00312	0.00391
1	0.00999	0.00882	0.08100	0.00777	0.01026	0.00828	0.00664	0.14885	0.22396	0.07026	0.08768	0.04267	0.01208	0.04675	0.03413	0.00153	0.05901	0.00437	0.00340	0.13255
2	0.00523	0.00389	0.00489	0.00538	0.00600	0.00349	0.00366	0.00601	0.00777	0.01038	0.02213	0.64343	0.10837	0.06661	0.00589	0.00166	0.00245	0.00995	0.00352	0.07929
3	0.04537	0.06170	0.00890	0.00616	0.00937	0.00650	0.00497	0.01112	0.08637	0.01325	0.00864	0.05410	0.00752	0.00378	0.00315	0.00077	0.00305	0.00304	0.00257	0.65965
4	0.01057	0.00709	0.02326	0.02131	0.00967	0.00659	0.02432	0.08862	0.09542	0.19978	0.12480	0.05149	0.03275	0.06866	0.00543	0.00135	0.02562	0.00465	0.00361	0.19501
5	0.04367	0.00575	0.00760	0.00688	0.00847	0.00550	0.05663	0.04462	0.08263	0.11669	0.01676	0.43011	0.01748	0.03760	0.00500	0.00147	0.00307	0.00756	0.00358	0.09894

[dist]
# distance from previous block
# <min> <max>
14	24

[block]
# block no. 1 follows, 67 sequences, length 37
# corresponding to MSA columns:
# 105-124,126-142
name=unknown_B
#
# <colnr> <probs for GDERKNQSTAVLIFYWHMCP>
#	G	D	E	R	K	N	Q	S	T	A	V	L	I	F	Y	W	H	M	C	P
0	0.01043	0.04438	0.09450	0.16358	0.08037	0.05257	0.15595	0.10963	0.10200	0.06067	0.00945	0.02004	0.00735	0.00454	0.00456	0.00130	0.04812	0.02240	0.00261	0.00555
1	0.00809	0.00703	0.01140	0.60346	0.10054	0.00825	0.00998	0.03530	0.00873	0.04082	0.05201	0.07885	0.00904	0.00493	0.00413	0.00133	0.00477	0.00440	0.00228	0.00466
2	0.01014	0.01024	0.08601	0.07003	0.12762	0.08072	0.02173	0.11484	0.08771	0.03585	0.04193	0.02873	0.01469	0.00430	0.00374	0.00106	0.00424	0.00358	0.00274	0.25009
3	0.00507	0.00392	0.00461	0.00477	0.00568	0.00348	0.00344	0.00625	0.00937	0.01220	0.27148	0.25441	0.36902	0.02150	0.00505	0.00143	0.00209	0.00885	0.00391	0.00346
4	0.00796	0.01462	0.50960	0.00974	0.01383	0.00770	0.04316	0.02269	0.00851	0.05541	0.03807	0.10370	0.00972	0.03442	0.10117	0.00199	0.00577	0.00441	0.00230	0.00522
5	0.00832	0.00713	0.00832	0.00594	0.00950	0.00535	0.00475	0.01010	0.00832	0.01307	0.00713	0.00832	0.00594	0.00297	0.00297	0.00059	0.00297	0.00238	0.00238	0.88357
6	0.00873	0.00492	0.00640	0.00568	0.00712	0.00453	0.00435	0.03911	0.01124	0.20058	0.53367	0.08455	0.03750	0.02734	0.00494	0.00134	0.00240	0.00667	0.00442	0.00450
7	0.88738	0.00776	0.00589	0.00527	0.00776	0.00900	0.00434	0.01179	0.00683	0.01799	0.00558	0.00651	0.00434	0.00372	0.00248	0.00124	0.00310	0.00217	0.00248	0.00434
8	0.03869	0.05223	0.01036	0.14684	0.07461	0.00733	0.00673	0.01064	0.00822	0.03142	0.00712	0.00882	0.00583	0.00351	0.00378	0.00088	0.05186	0.00275	0.00224	0.52614
9	0.02749	0.00748	0.01035	0.00844	0.01026	0.00825	0.04299	0.07777	0.00954	0.35009	0.01128	0.02854	0.00865	0.05250	0.08433	0.00201	0.24710	0.00411	0.00338	0.00543
10	0.00581	0.00398	0.00486	0.00486	0.00503	0.00415	0.00304	0.00614	0.00598	0.00814	0.01219	0.02378	0.01351	0.66406	0.21394	0.00449	0.00550	0.00547	0.00236	0.00270
11	0.00617	0.00528	0.03595	0.04172	0.00826	0.03013	0.03617	0.00736	0.00828	0.03882	0.02110	0.56916	0.08655	0.01070	0.00493	0.00156	0.00303	0.07764	0.00349	0.00370
12	0.06136	0.00743	0.01012	0.05568	0.01157	0.00731	0.03640	0.08081	0.01099	0.56341	0.01309	0.01243	0.00867	0.00588	0.03686	0.00148	0.06227	0.00388	0.00414	0.00622
13	0.00887	0.00829	0.01174	0.05782	0.01125	0.01132	0.00853	0.00992	0.00649	0.04352	0.00619	0.00957	0.00579	0.00839	0.07065	0.00204	0.70970	0.00359	0.00192	0.00443
14	0.01653	0.00670	0.00926	0.00775	0.04273	0.00588	0.00609	0.01814	0.01126	0.72475	0.05160	0.01587	0.01170	0.00537	0.00414	0.00127	0.00341	0.04628	0.00475	0.00651
15	0.00858	0.00784	0.01260	0.55312	0.05854	0.00913	0.08078	0.08682	0.06835	0.01247	0.00898	0.05898	0.00730	0.00460	0.00414	0.00134	0.00503	0.00419	0.00230	0.00491
16	0.00757	0.00713	0.01203	0.84942	0.02762	0.00891	0.01114	0.01025	0.00802	0.01025	0.00713	0.01069	0.00535	0.00401	0.00401	0.00134	0.00535	0.00356	0.00178	0.00446
17	0.01041	0.00849	0.04432	0.01191	0.14659	0.00810	0.15867	0.02609	0.14190	0.16751	0.08797	0.01626	0.08475	0.00542	0.00482	0.00132	0.05232	0.01422	0.00329	0.00561
18	0.00646	0.00509	0.00758	0.30748	0.01390	0.00557	0.00653	0.00821	0.02560	0.03890	0.05270	0.42249	0.05150	0.00878	0.00464	0.00148	0.00346	0.02262	0.00311	0.00391
19	0.00954	0.01024	0.01191	0.17606	0.01435	0.18191	0.04250	0.01089	0.00785	0.00998	0.00728	0.07622	0.00698	0.00612	0.00840	0.00150	0.40785	0.00401	0.00199	0.00441
20	0.19509	0.01131	0.01432	0.02396	0.27797	0.17707	0.17094	0.02435	0.00916	0.01341	0.00690	0.00880	0.00559	0.00385	0.00413	0.00123	0.04118	0.00331	0.00213	0.00530
21	0.00793	0.00708	0.01079	0.43492	0.04059	0.00877	0.00903	0.05184	0.00804	0.01082	0.00890	0.08302	0.00834	0.04177	0.00723	0.03547	0.18380	0.03521	0.00216	0.00430
22	0.01135	0.00930	0.00985	0.00844	0.01095	0.01062	0.00668	0.23051	0.61535	0.01900	0.01457	0.01357	0.01082	0.00528	0.00406	0.00132	0.00350	0.00429	0.00406	0.00647
23	0.00597	0.00377	0.00457	0.00466	0.00468	0.00375	0.00276	0.00569	0.00589	0.00785	0.01242	0.10261	0.01422	0.61143	0.01802	0.17738	0.00366	0.00590	0.00242	0.00237
24	0.01466	0.10421	0.09024	0.00878	0.01218	0.05831	0.00784	0.43415	0.01466	0.20032	0.01013	0.00992	0.00706	0.00456	0.00382	0.00117	0.00448	0.00342	0.00364	0.00643
25	0.00854	0.15826	0.67016	0.01091	0.01635	0.01042	0.04713	0.01259	0.00846	0.01217	0.00697	0.00823	0.00513	0.00373	0.00365	0.00121	0.00569	0.00290	0.00171	0.00578
26	0.00968	0.63641	0.01733	0.00675	0.00930	0.01343	0.00627	0.01072	0.00758	0.00918	0.00679	0.01001	0.00678	0.14288	0.02189	0.00153	0.07412	0.00289	0.00184	0.00461
27	0.00933	0.50931	0.28120	0.00818	0.01213	0.01257	0.00911	0.01169	0.00835	0.01079	0.03991	0.05637	0.00764	0.00426	0.00320	0.00105	0.00461	0.00314	0.00193	0.00523
28	0.01007	0.00921	0.09173	0.30723	0.29969	0.00872	0.01089	0.01258	0.00894	0.14035	0.00887	0.01134	0.00675	0.00425	0.00434	0.00129	0.03510	0.02067	0.00238	0.00560
29	0.00723	0.02807	0.02013	0.00553	0.00690	0.00474	0.00432	0.00830	0.00888	0.13345	0.02843	0.23876	0.41564	0.00950	0.00521	0.00142	0.05781	0.00796	0.00369	0.00402
30	0.00821	0.01216	0.29576	0.01174	0.04923	0.00790	0.25605	0.01131	0.00908	0.04855	0.02676	0.05717	0.13494	0.00556	0.00442	0.00135	0.00507	0.04706	0.00251	0.00516
31	0.01469	0.00897	0.11587	0.03801	0.08427	0.00706	0.00777	0.07248	0.01112	0.52497	0.02902	0.04708	0.00983	0.00502	0.00405	0.00126	0.00392	0.00417	0.00405	0.00638
32	0.01066	0.04709	0.31051	0.01224	0.06279	0.00908	0.21966	0.06141	0.00986	0.15926	0.00981	0.05256	0.00745	0.00437	0.00413	0.00128	0.00530	0.00407	0.00262	0.00586
33	0.00992	0.01305	0.31126	0.13638	0.13076	0.03812	0.06991	0.06350	0.00965	0.10356	0.02082	0.05830	0.00770	0.00454	0.00405	0.00128	0.00515	0.00395	0.00244	0.00566
34	0.01105	0.04661	0.01111	0.20219	0.07493	0.28875	0.02006	0.04344	0.02141	0.07410	0.01050	0.15055	0.01730	0.00559	0.00402	0.00124	0.00517	0.00460	0.00260	0.00479
35	0.01023	0.05385	0.18468	0.00808	0.04636	0.00676	0.00737	0.04141	0.01871	0.22938	0.32714	0.01816	0.01915	0.00582	0.00417	0.00123	0.00350	0.00492	0.00371	0.00535
36	0.01137	0.03262	0.05779	0.12335	0.42353	0.03429	0.05619	0.01372	0.00951	0.18491	0.00914	0.01060	0.00682	0.00393	0.00397	0.00122	0.00479	0.00363	0.00257	0.00605

[dist]
# distance from previous block
# <min> <max>
2	13

[block]
# block no. 2 follows, 67 sequences, length 23
# corresponding to MSA columns:
# 156-178
name=unknown_C
#
# <colnr> <probs for GDERKNQSTAVLIFYWHMCP>
#	G	D	E	R	K	N	Q	S	T	A	V	L	I	F	Y	W	H	M	C	P
0	0.03155	0.34609	0.29558	0.00868	0.01257	0.02360	0.04950	0.01190	0.00873	0.04379	0.07292	0.04033	0.03005	0.00451	0.00349	0.00112	0.00463	0.00352	0.00221	0.00524
1	0.03269	0.47547	0.15493	0.00855	0.03604	0.04852	0.03074	0.01261	0.06901	0.01125	0.04284	0.00909	0.00733	0.00505	0.03956	0.00126	0.00484	0.00291	0.00207	0.00524
2	0.00988	0.24914	0.10935	0.00731	0.01009	0.02379	0.02583	0.03394	0.00932	0.14207	0.08945	0.18336	0.01347	0.00604	0.00381	0.00117	0.00373	0.00503	0.00302	0.07019
3	0.32780	0.20250	0.11192	0.00693	0.00961	0.00983	0.00653	0.06001	0.00827	0.01415	0.00922	0.13882	0.00900	0.00551	0.00362	0.00126	0.02913	0.03869	0.00253	0.00468
4	0.00707	0.10810	0.24599	0.00711	0.00953	0.00693	0.00707	0.03296	0.00840	0.01148	0.10874	0.16577	0.06190	0.19274	0.00768	0.00186	0.00392	0.00581	0.00272	0.00424
5	0.28399	0.14009	0.18233	0.00650	0.00952	0.00836	0.00657	0.01020	0.00811	0.01339	0.02784	0.02829	0.22679	0.00559	0.00346	0.00121	0.00356	0.00423	0.00258	0.02737
6	0.01127	0.25668	0.16745	0.00875	0.01220	0.05258	0.01966	0.25928	0.06655	0.01545	0.00891	0.00973	0.02136	0.00618	0.06566	0.00151	0.00517	0.00323	0.00266	0.00571
7	0.00831	0.04060	0.79568	0.01126	0.01705	0.00956	0.01443	0.03521	0.00875	0.01297	0.00723	0.00845	0.00513	0.00383	0.00379	0.00126	0.00585	0.00296	0.00176	0.00593
8	0.00856	0.10698	0.16185	0.00816	0.03577	0.00742	0.04545	0.02109	0.00856	0.04200	0.00966	0.13838	0.00902	0.00478	0.00357	0.00099	0.00383	0.00406	0.00247	0.37741
9	0.00934	0.01634	0.56788	0.01082	0.01572	0.00843	0.09337	0.01319	0.00924	0.12618	0.08254	0.01134	0.00879	0.00432	0.00402	0.00127	0.00530	0.00367	0.00242	0.00581
10	0.01183	0.62366	0.03619	0.00757	0.01100	0.01484	0.00723	0.22109	0.01092	0.01360	0.00666	0.00730	0.00558	0.00380	0.00297	0.00096	0.00436	0.00254	0.00231	0.00560
11	0.00935	0.03008	0.16151	0.06471	0.08416	0.02870	0.02908	0.01169	0.00891	0.10126	0.01100	0.01185	0.07833	0.00414	0.00360	0.00099	0.00403	0.00344	0.00254	0.35062
12	0.00947	0.06507	0.20490	0.00913	0.04703	0.00836	0.00848	0.10088	0.14242	0.07434	0.02407	0.06645	0.03269	0.00689	0.01989	0.00148	0.00427	0.16560	0.00319	0.00539
13	0.00588	0.02506	0.00590	0.00625	0.00699	0.00448	0.00477	0.00777	0.06892	0.01140	0.04309	0.47347	0.06337	0.01115	0.00508	0.00163	0.00281	0.24460	0.00371	0.00368
14	0.00497	0.00355	0.00470	0.00551	0.00579	0.00331	0.00369	0.00574	0.00790	0.01061	0.08178	0.77395	0.02706	0.03400	0.00548	0.00166	0.00233	0.01095	0.00374	0.00328
15	0.01137	0.01099	0.12212	0.09000	0.01529	0.07063	0.18507	0.10683	0.10053	0.15556	0.01131	0.05689	0.01965	0.00487	0.00436	0.00130	0.02019	0.00435	0.00303	0.00568
16	0.00949	0.00814	0.01195	0.31130	0.01723	0.00965	0.06865	0.17267	0.01000	0.03798	0.00983	0.09427	0.02748	0.00579	0.00615	0.00143	0.18597	0.00455	0.00257	0.00491
17	0.01032	0.72252	0.13477	0.00776	0.01155	0.01481	0.02899	0.01213	0.00823	0.00998	0.00587	0.00683	0.00516	0.00348	0.00280	0.00093	0.00458	0.00233	0.00172	0.00526
18	0.01226	0.00700	0.00872	0.00643	0.00980	0.00557	0.00522	0.01395	0.00961	0.34885	0.01067	0.01049	0.00757	0.00378	0.00340	0.00086	0.00315	0.00305	0.00343	0.52618
19	0.00945	0.00881	0.01428	0.27188	0.49389	0.00950	0.01131	0.04739	0.06972	0.01304	0.00816	0.01052	0.00650	0.00390	0.00399	0.00125	0.00481	0.00364	0.00217	0.00580
20	0.01009	0.49400	0.20761	0.01005	0.04901	0.04652	0.10885	0.01244	0.00856	0.01078	0.00637	0.00762	0.00530	0.00355	0.00322	0.00103	0.00511	0.00273	0.00177	0.00539
21	0.00692	0.00352	0.00527	0.00527	0.00530	0.00354	0.00354	0.00530	0.00527	0.00706	0.00712	0.01233	0.00709	0.01458	0.04882	0.84819	0.00377	0.00352	0.00176	0.00182
22	0.00986	0.00946	0.01616	0.04790	0.81127	0.00951	0.01228	0.01225	0.00910	0.01302	0.00753	0.00995	0.00632	0.00359	0.00397	0.00120	0.00478	0.00357	0.00198	0.00630

[dist]
# distance from previous block
# <min> <max>
0	8

[block]
# block no. 3 follows, 67 sequences, length 40
# corresponding to MSA columns:
# 187-205,207-227
name=unknown_D
#
# <colnr> <probs for GDERKNQSTAVLIFYWHMCP>
#	G	D	E	R	K	N	Q	S	T	A	V	L	I	F	Y	W	H	M	C	P
0	0.05634	0.04756	0.03483	0.01002	0.06763	0.12281	0.04387	0.18616	0.30751	0.06504	0.01130	0.01122	0.00843	0.00467	0.00387	0.00123	0.00439	0.00373	0.00336	0.00604
1	0.01185	0.00890	0.01739	0.01277	0.01620	0.00818	0.48625	0.01441	0.00997	0.28034	0.01180	0.08314	0.00906	0.00467	0.00454	0.00134	0.00530	0.00507	0.00313	0.00569
2	0.01087	0.83262	0.02069	0.00698	0.01037	0.04420	0.00689	0.01215	0.00826	0.00945	0.00560	0.00646	0.00515	0.00346	0.00261	0.00086	0.00439	0.00216	0.00173	0.00513
3	0.00759	0.00719	0.00966	0.00886	0.00910	0.03343	0.01897	0.00850	0.00700	0.01001	0.01159	0.28596	0.01306	0.00888	0.00977	0.00169	0.49678	0.04545	0.00250	0.00401
4	0.00573	0.00430	0.00645	0.00645	0.00716	0.00501	0.00501	0.00716	0.00645	0.00931	0.01074	0.01576	0.01003	0.03008	0.84316	0.00645	0.01074	0.00430	0.00215	0.00358
5	0.01643	0.00756	0.02741	0.02807	0.07179	0.00657	0.05801	0.01825	0.01104	0.68934	0.01436	0.01303	0.00922	0.00472	0.00407	0.00125	0.00382	0.00401	0.00442	0.00663
6	0.00813	0.00467	0.00597	0.00531	0.00679	0.00416	0.00410	0.00979	0.01098	0.18997	0.51556	0.02804	0.17500	0.00786	0.00458	0.00127	0.00224	0.00679	0.00441	0.00436
7	0.00525	0.00375	0.00507	0.00600	0.00640	0.00357	0.00436	0.00622	0.00804	0.01065	0.02190	0.66750	0.02572	0.01222	0.00522	0.00168	0.00264	0.19672	0.00372	0.00336
8	0.88738	0.00776	0.00589	0.00527	0.00776	0.00900	0.00434	0.01179	0.00683	0.01799	0.00558	0.00651	0.00434	0.00372	0.00248	0.00124	0.00310	0.00217	0.00248	0.00434
9	0.00488	0.00352	0.00462	0.00549	0.00579	0.00327	0.00368	0.00559	0.00777	0.01027	0.02321	0.80775	0.07450	0.01242	0.00510	0.00161	0.00231	0.01123	0.00372	0.00327
10	0.05027	0.01087	0.01199	0.00927	0.01241	0.01202	0.03802	0.69406	0.08174	0.02384	0.00993	0.00997	0.00712	0.00477	0.00398	0.00122	0.00435	0.00367	0.00388	0.00663
11	0.01040	0.00989	0.01487	0.05980	0.50441	0.05106	0.03331	0.07975	0.00951	0.02494	0.00736	0.00968	0.00613	0.00436	0.00562	0.00130	0.15607	0.00355	0.00215	0.00585
12	0.00536	0.00397	0.00561	0.03578	0.00707	0.00415	0.00445	0.00638	0.00741	0.01015	0.05236	0.50425	0.02053	0.01753	0.26903	0.01511	0.01581	0.00850	0.00314	0.00342
13	0.00757	0.00713	0.01203	0.84942	0.02762	0.00891	0.01114	0.01025	0.00802	0.01025	0.00713	0.01069	0.00535	0.00401	0.00401	0.00134	0.00535	0.00356	0.00178	0.00446
14	0.00631	0.00444	0.00635	0.00621	0.00674	0.00506	0.00466	0.02227	0.00641	0.00904	0.01044	0.01596	0.02598	0.09948	0.52309	0.18836	0.04958	0.00430	0.00214	0.00319
15	0.00946	0.00925	0.01404	0.25381	0.48304	0.06541	0.01118	0.01218	0.04240	0.01218	0.00828	0.01168	0.00695	0.00413	0.00403	0.00126	0.00498	0.03805	0.00209	0.00559
16	0.01799	0.00683	0.00931	0.00714	0.01024	0.00589	0.00589	0.01954	0.01148	0.83682	0.01582	0.01365	0.00993	0.00496	0.00403	0.00124	0.00341	0.00403	0.00496	0.00683
17	0.01078	0.03161	0.00976	0.00841	0.01073	0.09851	0.00657	0.05873	0.68087	0.01626	0.01466	0.01367	0.01105	0.00522	0.00399	0.00131	0.00369	0.00422	0.00380	0.00616
18	0.02102	0.23719	0.42397	0.00939	0.01395	0.03358	0.03196	0.02128	0.02943	0.01208	0.00730	0.02509	0.00585	0.00384	0.00342	0.00109	0.00501	0.00292	0.00194	0.10970
19	0.01016	0.39370	0.28646	0.00875	0.01273	0.05006	0.02400	0.03730	0.02695	0.04966	0.03013	0.00882	0.00665	0.00482	0.03304	0.00126	0.00511	0.00288	0.00209	0.00545
20	0.00947	0.04770	0.05240	0.01628	0.02037	0.01036	0.75608	0.01281	0.00937	0.01269	0.00797	0.01055	0.00601	0.00340	0.00461	0.00133	0.00663	0.00456	0.00200	0.00542
21	0.00479	0.00406	0.00414	0.00412	0.00545	0.00341	0.00309	0.00586	0.00926	0.01113	0.08475	0.03811	0.78811	0.01005	0.00474	0.00135	0.00202	0.00840	0.00376	0.00341
22	0.00837	0.00788	0.01285	0.18807	0.49348	0.00811	0.01012	0.01054	0.00897	0.01218	0.03646	0.01595	0.16007	0.00501	0.00414	0.00125	0.00430	0.00458	0.00233	0.00535
23	0.00814	0.00760	0.01255	0.34915	0.36989	0.00823	0.01030	0.01042	0.00871	0.01176	0.04427	0.05494	0.07731	0.00493	0.00414	0.00129	0.00453	0.00451	0.00223	0.00509
24	0.01793	0.00693	0.00937	0.00718	0.01029	0.00604	0.00593	0.03779	0.01165	0.81833	0.01568	0.01356	0.00986	0.00496	0.00403	0.00124	0.00344	0.00402	0.00494	0.00683
25	0.00864	0.00858	0.01203	0.01035	0.01038	0.01197	0.00861	0.00954	0.00615	0.00964	0.00550	0.00907	0.00547	0.00801	0.04881	0.00196	0.81560	0.00354	0.00177	0.00435
26	0.00762	0.00715	0.01205	0.78746	0.06660	0.00880	0.01101	0.01023	0.00807	0.01039	0.00753	0.03223	0.00594	0.00421	0.00404	0.00134	0.00524	0.00376	0.00184	0.00452
27	0.00949	0.00909	0.01549	0.17708	0.68497	0.00941	0.01209	0.01193	0.00893	0.01257	0.00747	0.01007	0.00617	0.00365	0.00398	0.00122	0.00487	0.00357	0.00195	0.00600
28	0.00972	0.00976	0.01809	0.04003	0.52722	0.00961	0.26009	0.02652	0.00938	0.01314	0.00815	0.01125	0.00675	0.00377	0.00425	0.00126	0.00535	0.02762	0.00208	0.00595
29	0.00563	0.00410	0.00530	0.00500	0.00596	0.00376	0.00375	0.00748	0.01124	0.01583	0.79313	0.03038	0.07679	0.00829	0.00473	0.00127	0.00190	0.00731	0.00438	0.00376
30	0.00495	0.00354	0.00471	0.00554	0.00583	0.00330	0.00373	0.00574	0.00797	0.01071	0.08700	0.79021	0.02743	0.01221	0.00509	0.00160	0.00229	0.01107	0.00378	0.00330
31	0.00919	0.00878	0.01500	0.22844	0.59722	0.00920	0.02413	0.01161	0.00882	0.01231	0.00788	0.03509	0.00669	0.00394	0.00403	0.00124	0.00487	0.00382	0.00199	0.00578
32	0.00837	0.00818	0.01151	0.00999	0.01008	0.01132	0.00827	0.00932	0.00618	0.00961	0.00599	0.00970	0.00590	0.01009	0.12366	0.00238	0.73976	0.00361	0.00181	0.00428
33	0.00877	0.00877	0.01228	0.01053	0.01053	0.01228	0.00877	0.00965	0.00614	0.00965	0.00526	0.00877	0.00526	0.00702	0.01316	0.00175	0.85172	0.00351	0.00175	0.00439
34	0.00832	0.00713	0.00832	0.00594	0.00950	0.00535	0.00475	0.01010	0.00832	0.01307	0.00713	0.00832	0.00594	0.00297	0.00297	0.00059	0.00297	0.00238	0.00238	0.88357
35	0.01072	0.86147	0.02102	0.00686	0.01029	0.01587	0.00686	0.01201	0.00815	0.00944	0.00558	0.00643	0.00515	0.00343	0.00257	0.00086	0.00429	0.00214	0.00172	0.00515
36	0.00993	0.00953	0.01628	0.02462	0.83404	0.00953	0.01231	0.01231	0.00913	0.01310	0.00754	0.00993	0.00635	0.00357	0.00397	0.00119	0.00476	0.00357	0.00199	0.00635
37	0.00977	0.00947	0.01631	0.03341	0.71087	0.00948	0.07657	0.01257	0.04190	0.01315	0.00853	0.01072	0.02132	0.00376	0.00405	0.00122	0.00482	0.00379	0.00210	0.00620
38	0.02967	0.00811	0.00996	0.00768	0.01073	0.00789	0.00633	0.26735	0.01369	0.54396	0.04265	0.01287	0.00987	0.00501	0.00403	0.00123	0.00366	0.00399	0.00461	0.00668
39	0.14524	0.05002	0.00963	0.00723	0.02114	0.02196	0.00590	0.05036	0.01089	0.61644	0.01327	0.01191	0.00861	0.00467	0.00372	0.00122	0.00354	0.00362	0.00431	0.00633

[dist]
# distance from previous block
# <min> <max>
0	6

[block]
# block no. 4 follows, 67 sequences, length 7
# corresponding to MSA columns:
# 249-255
name=unknown_E
#
# <colnr> <probs for GDERKNQSTAVLIFYWHMCP>
#	G	D	E	R	K	N	Q	S	T	A	V	L	I	F	Y	W	H	M	C	P
0	0.01056	0.23399	0.36137	0.01014	0.01424	0.18359	0.04445	0.04827	0.00940	0.01172	0.00666	0.00785	0.00524	0.00391	0.00381	0.00113	0.03356	0.00280	0.00189	0.00543
1	0.04088	0.47274	0.07315	0.00979	0.01322	0.10374	0.18417	0.01259	0.00869	0.01073	0.00629	0.00769	0.00532	0.00365	0.00358	0.00105	0.03286	0.00285	0.00185	0.00515
2	0.01072	0.86147	0.02102	0.00686	0.01029	0.01587	0.00686	0.01201	0.00815	0.00944	0.00558	0.00643	0.00515	0.00343	0.00257	0.00086	0.00429	0.00214	0.00172	0.00515
3	0.22143	0.04857	0.01183	0.00898	0.01191	0.15120	0.10031	0.25506	0.01218	0.12901	0.00858	0.00903	0.00622	0.00423	0.00360	0.00119	0.00471	0.00322	0.00312	0.00563
4	0.00573	0.00390	0.00447	0.00451	0.00462	0.00389	0.00264	0.00588	0.00610	0.00811	0.01431	0.06629	0.05297	0.74084	0.05668	0.00378	0.00404	0.00615	0.00254	0.00257
5	0.00583	0.00389	0.00437	0.00437	0.00437	0.00389	0.00243	0.00583	0.00583	0.00778	0.01264	0.02624	0.01458	0.85906	0.02041	0.00389	0.00389	0.00583	0.00243	0.00243
6	0.00993	0.00953	0.01628	0.02462	0.83404	0.00953	0.01231	0.01231	0.00913	0.01310	0.00754	0.00993	0.00635	0.00357	0.00397	0.00119	0.00476	0.00357	0.00199	0.00635

[dist]
# distance from previous block
# <min> <max>
0	4

[block]
# block no. 5 follows, 67 sequences, length 23
# corresponding to MSA columns:
# 260-282
name=unknown_F
#
# <colnr> <probs for GDERKNQSTAVLIFYWHMCP>
#	G	D	E	R	K	N	Q	S	T	A	V	L	I	F	Y	W	H	M	C	P
0	0.01782	0.00711	0.00948	0.00727	0.01038	0.00631	0.00601	0.07082	0.01195	0.78488	0.01543	0.01339	0.00973	0.00495	0.00403	0.00124	0.00348	0.00401	0.00490	0.00682
1	0.00708	0.00550	0.00654	0.00632	0.00707	0.01815	0.00459	0.01001	0.18841	0.01052	0.01312	0.04212	0.01298	0.31818	0.18931	0.04822	0.04684	0.05850	0.00278	0.00374
2	0.00865	0.21157	0.65277	0.01039	0.01575	0.01080	0.01301	0.01254	0.00839	0.01196	0.00683	0.00801	0.00510	0.00372	0.00353	0.00118	0.00556	0.00278	0.00170	0.00575
3	0.00703	0.00592	0.00700	0.00634	0.00798	0.00607	0.03813	0.01198	0.29456	0.01449	0.25850	0.04638	0.26419	0.00773	0.00452	0.00134	0.00259	0.00666	0.00398	0.00461
4	0.00515	0.00370	0.00495	0.00585	0.00623	0.00349	0.00417	0.00605	0.00798	0.01055	0.02244	0.69722	0.04701	0.01225	0.00518	0.00166	0.00255	0.14651	0.00372	0.00333
5	0.00905	0.02872	0.00816	0.00727	0.00894	0.00765	0.00566	0.22170	0.19968	0.01583	0.01776	0.31024	0.04947	0.00843	0.00455	0.00145	0.00323	0.08339	0.00383	0.00499
6	0.01126	0.61506	0.01794	0.00761	0.01051	0.18253	0.00696	0.01251	0.00888	0.00986	0.04727	0.00787	0.00680	0.00395	0.00330	0.00095	0.03733	0.00254	0.00192	0.00495
7	0.00903	0.00776	0.00899	0.02243	0.03612	0.02054	0.00541	0.07267	0.02626	0.01398	0.00751	0.00863	0.00613	0.00322	0.00313	0.00070	0.00326	0.00258	0.00251	0.73915
8	0.00828	0.01067	0.21453	0.00872	0.05247	0.05468	0.00786	0.04427	0.19566	0.01484	0.25859	0.01879	0.08178	0.00604	0.00422	0.00127	0.00374	0.00507	0.00334	0.00517
9	0.00946	0.00901	0.01512	0.18892	0.63788	0.00942	0.01182	0.01228	0.04349	0.01269	0.00783	0.01029	0.00640	0.00374	0.00398	0.00123	0.00481	0.00361	0.00203	0.00597
10	0.00767	0.00722	0.01220	0.81642	0.05988	0.00894	0.01118	0.01033	0.00806	0.01036	0.00714	0.01066	0.00539	0.00399	0.00401	0.00133	0.00532	0.00356	0.00179	0.00453
11	0.00898	0.00717	0.01172	0.60232	0.05107	0.00828	0.03679	0.02945	0.00878	0.10727	0.00929	0.04463	0.00739	0.00465	0.00411	0.00133	0.00492	0.03062	0.00237	0.01886
12	0.00916	0.01098	0.06407	0.01598	0.02000	0.00976	0.73750	0.01248	0.00940	0.01274	0.00970	0.01210	0.04761	0.00374	0.00469	0.00135	0.00648	0.00483	0.00210	0.00533
13	0.00586	0.00404	0.00534	0.00534	0.00566	0.00436	0.00364	0.00638	0.00606	0.00840	0.01143	0.02070	0.01207	0.43852	0.38167	0.06352	0.00687	0.00500	0.00226	0.00289
14	0.01072	0.86147	0.02102	0.00686	0.01029	0.01587	0.00686	0.01201	0.00815	0.00944	0.00558	0.00643	0.00515	0.00343	0.00257	0.00086	0.00429	0.00214	0.00172	0.00515
15	0.01525	0.01123	0.01204	0.00923	0.01244	0.01244	0.00762	0.82067	0.01886	0.02528	0.00963	0.00963	0.00682	0.00481	0.00401	0.00120	0.00441	0.00361	0.00401	0.00682
16	0.00666	0.00414	0.00505	0.00475	0.00583	0.00385	0.00359	0.00846	0.01045	0.05666	0.52356	0.02617	0.09599	0.00733	0.00422	0.00119	0.00197	0.00633	0.21990	0.00389
17	0.01072	0.86147	0.02102	0.00686	0.01029	0.01587	0.00686	0.01201	0.00815	0.00944	0.00558	0.00643	0.00515	0.00343	0.00257	0.00086	0.00429	0.00214	0.00172	0.00515
18	0.00774	0.02404	0.42537	0.00862	0.01231	0.00752	0.00953	0.02155	0.06515	0.01195	0.02512	0.01298	0.00836	0.15689	0.05163	0.03536	0.00508	0.00369	0.00218	0.10494
19	0.08306	0.02571	0.13598	0.02686	0.06891	0.15345	0.01834	0.04967	0.00982	0.16061	0.05770	0.10797	0.01074	0.00703	0.05693	0.00158	0.01309	0.00442	0.00296	0.00516
20	0.01328	0.00638	0.00792	0.00680	0.02640	0.03609	0.00526	0.01462	0.01030	0.49912	0.04016	0.02047	0.15007	0.08296	0.02633	0.00164	0.00355	0.03893	0.00422	0.00547
21	0.01109	0.58275	0.07960	0.00753	0.01086	0.09666	0.00732	0.04147	0.00920	0.04572	0.05195	0.00842	0.00723	0.00390	0.00301	0.00095	0.00451	0.00267	0.00213	0.02303
22	0.00718	0.16186	0.05185	0.01859	0.01939	0.00680	0.04620	0.00900	0.00992	0.01371	0.47251	0.04141	0.02430	0.00679	0.00464	0.03847	0.00301	0.00553	0.00335	0.05548

[dist]
# distance from previous block
# <min> <max>
7	18

[block]
# block no. 6 follows, 67 sequences, length 19
# corresponding to MSA columns:
# 309-327
name=unknown_G
#
# <colnr> <probs for GDERKNQSTAVLIFYWHMCP>
#	G	D	E	R	K	N	Q	S	T	A	V	L	I	F	Y	W	H	M	C	P
0	0.32033	0.06783	0.13870	0.02168	0.06465	0.00862	0.00716	0.04833	0.01933	0.02685	0.01854	0.01008	0.00682	0.01042	0.21220	0.00251	0.00572	0.00313	0.00233	0.00476
1	0.02581	0.39433	0.06854	0.01966	0.06722	0.21653	0.00778	0.02729	0.01986	0.06531	0.00748	0.03444	0.00641	0.00456	0.01820	0.00112	0.00513	0.00293	0.00219	0.00520
2	0.00579	0.00395	0.00464	0.00464	0.00477	0.00402	0.00279	0.00600	0.00600	0.00806	0.01317	0.02522	0.03688	0.72692	0.12753	0.00415	0.00473	0.00571	0.00243	0.00261
3	0.00587	0.00406	0.00519	0.00519	0.00562	0.00434	0.00358	0.00666	0.00641	0.00909	0.01288	0.02138	0.04180	0.41138	0.36773	0.00466	0.00658	0.00512	0.06943	0.00305
4	0.00978	0.05230	0.33038	0.01642	0.36744	0.00970	0.01220	0.04049	0.06171	0.04952	0.00832	0.00969	0.00636	0.00388	0.00386	0.00122	0.00502	0.00336	0.00219	0.00617
5	0.04363	0.00544	0.00764	0.02357	0.04562	0.00508	0.04394	0.02016	0.00938	0.23609	0.08603	0.35675	0.08313	0.00850	0.00455	0.00141	0.00300	0.00755	0.00387	0.00463
6	0.00730	0.00378	0.00552	0.00545	0.00569	0.00379	0.00378	0.00622	0.00580	0.04714	0.00852	0.01447	0.00835	0.06199	0.08838	0.68467	0.00415	0.03071	0.00204	0.00225
7	0.39813	0.02296	0.00869	0.01997	0.01001	0.08436	0.00588	0.14958	0.13507	0.10218	0.00903	0.00922	0.00666	0.00439	0.00344	0.00124	0.01762	0.00304	0.00317	0.00536
8	0.01005	0.00825	0.00980	0.04995	0.05530	0.06449	0.03134	0.02741	0.00914	0.10256	0.00811	0.00913	0.00633	0.00340	0.00331	0.00080	0.00368	0.00279	0.00261	0.59154
9	0.00618	0.00417	0.00530	0.00502	0.00601	0.00384	0.00372	0.00781	0.01053	0.05194	0.60421	0.06874	0.10613	0.05317	0.01691	0.00148	0.00222	0.00719	0.03163	0.00379
10	0.00579	0.00391	0.00443	0.00441	0.00450	0.00387	0.00253	0.00594	0.00627	0.00838	0.06355	0.02684	0.04045	0.78167	0.01899	0.00365	0.00371	0.00600	0.00259	0.00254
11	0.01011	0.08975	0.40978	0.01328	0.20395	0.00924	0.02410	0.01336	0.00916	0.13350	0.04033	0.01025	0.00737	0.00405	0.00382	0.00121	0.00500	0.00338	0.00235	0.00600
12	0.01383	0.00893	0.01149	0.21970	0.05286	0.00965	0.00825	0.36425	0.01371	0.24069	0.01059	0.01100	0.00727	0.00460	0.00402	0.00125	0.00439	0.00371	0.00362	0.00621
13	0.00804	0.02074	0.83828	0.01143	0.01736	0.00931	0.01482	0.01270	0.00847	0.01270	0.00720	0.00847	0.00508	0.00381	0.00381	0.00127	0.00593	0.00296	0.00169	0.00593
14	0.32873	0.00765	0.00859	0.00763	0.05974	0.00778	0.00580	0.09393	0.01030	0.38374	0.01193	0.01137	0.03705	0.00461	0.00350	0.00124	0.00343	0.00346	0.00375	0.00578
15	0.00761	0.00718	0.01204	0.82243	0.02707	0.00902	0.01106	0.01023	0.00796	0.01023	0.00707	0.01063	0.00534	0.00411	0.00430	0.00135	0.03257	0.00356	0.00178	0.00445
16	0.00583	0.00389	0.00437	0.00437	0.00437	0.00389	0.00243	0.00583	0.00583	0.00778	0.01264	0.02624	0.01458	0.85906	0.02041	0.00389	0.00389	0.00583	0.00243	0.00243
17	0.01541	0.01096	0.01187	0.00910	0.01230	0.01204	0.00752	0.77170	0.01841	0.07488	0.01001	0.00987	0.00701	0.00482	0.00401	0.00121	0.00435	0.00364	0.00407	0.00682
18	0.00984	0.03074	0.03091	0.09944	0.61214	0.06099	0.01131	0.01248	0.03946	0.01266	0.02094	0.02617	0.00722	0.00396	0.00395	0.00120	0.00483	0.00371	0.00211	0.00593

[dist]
# distance from previous block
# <min> <max>
0	3

[block]
# block no. 7 follows, 67 sequences, length 101
# corresponding to MSA columns:
# 332-355,357-433
name=unknown_H
#
# <colnr> <probs for GDERKNQSTAVLIFYWHMCP>
#	G	D	E	R	K	N	Q	S	T	A	V	L	I	F	Y	W	H	M	C	P
0	0.00912	0.00888	0.02969	0.04459	0.43440	0.04524	0.01875	0.01275	0.13837	0.01363	0.11030	0.01496	0.06818	0.00491	0.00410	0.00122	0.00411	0.00443	0.00273	0.02965
1	0.02792	0.03348	0.01985	0.01524	0.08036	0.01030	0.54367	0.04096	0.06174	0.01331	0.00826	0.01051	0.00639	0.00387	0.00512	0.00132	0.07433	0.00429	0.00222	0.03686
2	0.00876	0.01805	0.00896	0.00642	0.00988	0.03552	0.02716	0.01055	0.00858	0.03008	0.02372	0.00886	0.00663	0.00317	0.00309	0.00066	0.00323	0.00258	0.00244	0.78165
3	0.00582	0.00413	0.00530	0.00498	0.00598	0.00379	0.00374	0.00765	0.01115	0.02703	0.75189	0.02998	0.08854	0.00821	0.00468	0.00126	0.00192	0.00721	0.02293	0.00380
4	0.00863	0.00702	0.00827	0.00596	0.00943	0.00532	0.00477	0.01041	0.00854	0.04673	0.03283	0.00920	0.00708	0.00321	0.00307	0.00064	0.00295	0.00259	0.00254	0.82081
5	0.01044	0.00980	0.08388	0.07550	0.11402	0.00932	0.08582	0.24715	0.11707	0.03122	0.02331	0.08773	0.02936	0.00553	0.00423	0.00131	0.00438	0.03602	0.00316	0.02074
6	0.00510	0.00365	0.00452	0.00512	0.00542	0.00343	0.00333	0.00566	0.00739	0.00970	0.02182	0.56390	0.11181	0.21931	0.00882	0.00215	0.00268	0.00972	0.00341	0.00307
7	0.88738	0.00776	0.00589	0.00527	0.00776	0.00900	0.00434	0.01179	0.00683	0.01799	0.00558	0.00651	0.00434	0.00372	0.00248	0.00124	0.00310	0.00217	0.00248	0.00434
8	0.15992	0.38318	0.01440	0.00762	0.01045	0.18188	0.00660	0.06532	0.11369	0.01290	0.00733	0.00790	0.00603	0.00397	0.00305	0.00104	0.00455	0.00264	0.00236	0.00517
9	0.00970	0.10818	0.20294	0.00853	0.05891	0.00743	0.00782	0.02311	0.00922	0.17783	0.02443	0.10998	0.10336	0.00665	0.02372	0.00136	0.00405	0.04268	0.00304	0.06705
10	0.01180	0.24406	0.15523	0.01172	0.14269	0.28994	0.00938	0.04217	0.02687	0.02150	0.00686	0.00798	0.00560	0.00386	0.00345	0.00107	0.00560	0.00278	0.00204	0.00541
11	0.01520	0.02994	0.01133	0.00859	0.01168	0.01080	0.00708	0.53868	0.10147	0.20573	0.01162	0.01101	0.00804	0.00488	0.00399	0.00122	0.00406	0.00377	0.00418	0.00673
12	0.01104	0.02150	0.03162	0.00810	0.01090	0.00986	0.00662	0.22309	0.44870	0.02720	0.01335	0.01277	0.02409	0.00494	0.00389	0.00120	0.00353	0.00398	0.00373	0.12988
13	0.00944	0.00932	0.02719	0.17549	0.62792	0.00945	0.05860	0.01197	0.00894	0.01256	0.00750	0.01010	0.00613	0.00365	0.00402	0.00123	0.00500	0.00363	0.00195	0.00594
14	0.00988	0.08760	0.49636	0.01252	0.13749	0.00940	0.03846	0.01342	0.00896	0.11873	0.00825	0.00925	0.00595	0.00386	0.00377	0.00121	0.00526	0.00317	0.00219	0.02426
15	0.00884	0.13033	0.56787	0.01108	0.01608	0.02411	0.09253	0.01297	0.03952	0.02242	0.01725	0.00898	0.00591	0.00391	0.00394	0.00123	0.02225	0.00316	0.00190	0.00572
16	0.00568	0.00410	0.00536	0.00505	0.00599	0.00378	0.00378	0.00757	0.01135	0.01608	0.83192	0.02996	0.03784	0.00820	0.00473	0.00126	0.00189	0.00725	0.00441	0.00378
17	0.00891	0.19474	0.63246	0.01044	0.01568	0.04757	0.01286	0.01270	0.00853	0.01190	0.00682	0.00799	0.00510	0.00375	0.00355	0.00117	0.00565	0.00278	0.00171	0.00571
18	0.09352	0.05944	0.23406	0.01011	0.04629	0.09800	0.06614	0.08342	0.05734	0.18943	0.00948	0.00985	0.00674	0.00424	0.00386	0.00122	0.01480	0.00333	0.00287	0.00586
19	0.00581	0.00388	0.00438	0.00440	0.00441	0.00387	0.00246	0.00583	0.00587	0.00783	0.01284	0.04438	0.01484	0.84056	0.02008	0.00384	0.00385	0.00595	0.00246	0.00245
20	0.00573	0.00430	0.00645	0.00645	0.00716	0.00501	0.00501	0.00716	0.00645	0.00931	0.01074	0.01576	0.01003	0.03008	0.84316	0.00645	0.01074	0.00430	0.00215	0.00358
21	0.05438	0.20567	0.01331	0.00923	0.03134	0.40987	0.00732	0.12570	0.01142	0.08584	0.00739	0.00798	0.00580	0.00411	0.00343	0.00105	0.00559	0.00276	0.00253	0.00528
22	0.00666	0.00409	0.00471	0.00456	0.00478	0.00403	0.00267	0.00677	0.00622	0.06449	0.01285	0.02538	0.01426	0.80062	0.01929	0.00371	0.00386	0.00571	0.00260	0.00273
23	0.00670	0.00362	0.00509	0.00512	0.00516	0.00362	0.00337	0.00548	0.00551	0.00734	0.00876	0.01654	0.00925	0.19806	0.01631	0.65722	0.00358	0.03534	0.00197	0.00197
24	0.08812	0.00594	0.00720	0.00691	0.00775	0.05524	0.00539	0.00829	0.00675	0.01015	0.00980	0.03842	0.00934	0.05271	0.57140	0.00490	0.10157	0.00417	0.00219	0.00375
25	0.01298	0.05728	0.01245	0.16557	0.09887	0.50773	0.00874	0.04899	0.01069	0.03082	0.00686	0.00836	0.00550	0.00407	0.00370	0.00111	0.00627	0.00292	0.00214	0.00496
26	0.00574	0.00390	0.00435	0.00435	0.00446	0.00385	0.00248	0.00583	0.00611	0.00803	0.01498	0.02728	0.08319	0.78784	0.01910	0.00368	0.00373	0.00605	0.00254	0.00251
27	0.01070	0.79340	0.06455	0.00720	0.01073	0.03812	0.00731	0.01216	0.00825	0.00962	0.00568	0.00656	0.00514	0.00347	0.00267	0.00088	0.00446	0.00220	0.00172	0.00517
28	0.01525	0.01123	0.01204	0.00923	0.01244	0.01244	0.00762	0.82067	0.01886	0.02528	0.00963	0.00963	0.00682	0.00481	0.00401	0.00120	0.00441	0.00361	0.00401	0.00682
29	0.00697	0.00348	0.00522	0.00522	0.00522	0.00348	0.00348	0.00522	0.00522	0.00697	0.00697	0.01219	0.00697	0.01393	0.01567	0.88332	0.00348	0.00348	0.00174	0.00174
30	0.00783	0.00739	0.01250	0.75842	0.11659	0.00898	0.01127	0.01047	0.00814	0.01056	0.00717	0.01061	0.00546	0.00396	0.00401	0.00132	0.00528	0.00357	0.00180	0.00466
31	0.01303	0.01013	0.01079	0.00878	0.01159	0.01140	0.00709	0.48461	0.35852	0.02170	0.01244	0.01187	0.00910	0.00508	0.00404	0.00127	0.00389	0.00400	0.00404	0.00662
32	0.00583	0.00389	0.00437	0.00437	0.00437	0.00389	0.00243	0.00583	0.00583	0.00778	0.01264	0.02624	0.01458	0.85906	0.02041	0.00389	0.00389	0.00583	0.00243	0.00243
33	0.00804	0.02074	0.83828	0.01143	0.01736	0.00931	0.01482	0.01270	0.00847	0.01270	0.00720	0.00847	0.00508	0.00381	0.00381	0.00127	0.00593	0.00296	0.00169	0.00593
34	0.00593	0.00410	0.00572	0.00576	0.00620	0.00451	0.00416	0.00661	0.00623	0.00870	0.01121	0.01934	0.01142	0.26025	0.48648	0.10704	0.00773	0.03332	0.00224	0.00305
35	0.00674	0.00620	0.04983	0.01002	0.13754	0.00558	0.07087	0.00818	0.00808	0.03355	0.01663	0.51981	0.01865	0.01042	0.04543	0.00175	0.03504	0.00839	0.00310	0.00420
36	0.01072	0.86147	0.02102	0.00686	0.01029	0.01587	0.00686	0.01201	0.00815	0.00944	0.00558	0.00643	0.00515	0.00343	0.00257	0.00086	0.00429	0.00214	0.00172	0.00515
37	0.00856	0.01768	0.61347	0.01504	0.24071	0.00937	0.01413	0.01259	0.00865	0.01281	0.00729	0.00887	0.00543	0.00375	0.00385	0.00125	0.00561	0.00313	0.00177	0.00604
38	0.00998	0.62896	0.24704	0.00813	0.01225	0.01406	0.00906	0.01220	0.00824	0.01034	0.00602	0.00700	0.00513	0.00354	0.00292	0.00097	0.00474	0.00237	0.00171	0.00536
39	0.02645	0.03501	0.00613	0.00520	0.00645	0.00446	0.00401	0.00855	0.01100	0.07346	0.67542	0.02800	0.08501	0.00783	0.00455	0.00125	0.00212	0.00681	0.00427	0.00403
40	0.00986	0.00945	0.00894	0.00688	0.01010	0.16428	0.00540	0.01183	0.03822	0.03107	0.00748	0.00847	0.00611	0.00332	0.00316	0.00072	0.00380	0.00253	0.00244	0.66596
41	0.01008	0.66020	0.21667	0.00796	0.01198	0.01430	0.00877	0.01217	0.00823	0.01022	0.00596	0.00692	0.00513	0.00352	0.00287	0.00096	0.00468	0.00234	0.00171	0.00533
42	0.23311	0.61495	0.01684	0.00658	0.00973	0.04369	0.00626	0.01210	0.00793	0.01162	0.00560	0.00648	0.00494	0.00353	0.00259	0.00096	0.00409	0.00217	0.00192	0.00493
43	0.05090	0.01311	0.01095	0.00916	0.01180	0.29242	0.00724	0.34813	0.13899	0.06342	0.00967	0.00973	0.00716	0.00464	0.00383	0.00117	0.00507	0.00337	0.00335	0.00591
44	0.01125	0.19050	0.40545	0.00952	0.01405	0.01083	0.01066	0.16822	0.01078	0.11984	0.00843	0.00893	0.00605	0.00407	0.00362	0.00117	0.00498	0.00306	0.00256	0.00605
45	0.05747	0.01646	0.01128	0.00979	0.01218	0.58074	0.00755	0.23057	0.01314	0.01434	0.00708	0.00784	0.00557	0.00429	0.00367	0.00109	0.00628	0.00284	0.00261	0.00521
46	0.00757	0.00713	0.01203	0.84942	0.02762	0.00891	0.01114	0.01025	0.00802	0.01025	0.00713	0.01069	0.00535	0.00401	0.00401	0.00134	0.00535	0.00356	0.00178	0.00446
47	0.01070	0.83671	0.02067	0.00690	0.01030	0.01570	0.00685	0.01228	0.03192	0.00965	0.00589	0.00668	0.00535	0.00349	0.00262	0.00087	0.00426	0.00221	0.00178	0.00518
48	0.00935	0.13720	0.10451	0.01225	0.01480	0.02838	0.28492	0.01154	0.00792	0.01103	0.00650	0.00906	0.00550	0.00485	0.00755	0.00142	0.33272	0.00365	0.00184	0.00501
49	0.00978	0.00937	0.01596	0.04479	0.79940	0.00941	0.01212	0.01214	0.00910	0.01299	0.00811	0.01045	0.02085	0.00370	0.00398	0.00120	0.00473	0.00366	0.00201	0.00625
50	0.00757	0.00713	0.01203	0.84942	0.02762	0.00891	0.01114	0.01025	0.00802	0.01025	0.00713	0.01069	0.00535	0.00401	0.00401	0.00134	0.00535	0.00356	0.00178	0.00446
51	0.00716	0.00638	0.00923	0.00832	0.00874	0.00825	0.02359	0.00828	0.00633	0.00942	0.00841	0.01333	0.00817	0.07959	0.39922	0.00408	0.38154	0.00407	0.00199	0.00389
52	0.00671	0.00559	0.00740	0.00665	0.00831	0.00541	0.08218	0.00993	0.14844	0.03008	0.14367	0.06021	0.35452	0.00852	0.00472	0.00141	0.00290	0.10537	0.00374	0.00424
53	0.00807	0.02057	0.82394	0.01153	0.01742	0.00933	0.02898	0.01270	0.00848	0.01270	0.00721	0.00851	0.00510	0.00380	0.00383	0.00127	0.00594	0.00299	0.00170	0.00592
54	0.00858	0.00828	0.01344	0.54745	0.29860	0.03333	0.01143	0.01111	0.00849	0.01120	0.00724	0.01033	0.00568	0.00387	0.00398	0.00128	0.00521	0.00354	0.00186	0.00510
55	0.00993	0.00953	0.01628	0.02462	0.83404	0.00953	0.01231	0.01231	0.00913	0.01310	0.00754	0.00993	0.00635	0.00357	0.00397	0.00119	0.00476	0.00357	0.00199	0.00635
56	0.01498	0.01911	0.01137	0.01033	0.01240	0.84295	0.00775	0.01601	0.01137	0.00982	0.00620	0.00723	0.00517	0.00413	0.00362	0.00103	0.00723	0.00258	0.00207	0.00465
57	0.01057	0.00917	0.01200	0.10343	0.31333	0.11794	0.03444	0.01289	0.04509	0.12675	0.04074	0.03578	0.10037	0.00516	0.00412	0.00124	0.00449	0.01425	0.00282	0.00544
58	0.01615	0.01237	0.01059	0.00877	0.01147	0.32599	0.00693	0.16708	0.03195	0.35184	0.01102	0.01049	0.00759	0.00463	0.00387	0.00116	0.00505	0.00341	0.00366	0.00598
59	0.01445	0.03468	0.19603	0.00892	0.01261	0.06214	0.04366	0.07708	0.04682	0.44385	0.01221	0.01151	0.00811	0.00455	0.00395	0.00123	0.00446	0.00367	0.00372	0.00635
60	0.00757	0.00713	0.01203	0.84942	0.02762	0.00891	0.01114	0.01025	0.00802	0.01025	0.00713	0.01069	0.00535	0.00401	0.00401	0.00134	0.00535	0.00356	0.00178	0.00446
61	0.01156	0.13280	0.03877	0.07561	0.35237	0.03078	0.04288	0.01436	0.06885	0.17901	0.00952	0.01052	0.00718	0.00401	0.00381	0.00118	0.00453	0.00353	0.00268	0.00604
62	0.00947	0.00915	0.01587	0.17512	0.64604	0.00945	0.05227	0.01196	0.00894	0.01257	0.00750	0.01011	0.00616	0.00364	0.00402	0.00123	0.00497	0.00363	0.00195	0.00596
63	0.00827	0.00773	0.01238	0.28332	0.37260	0.02480	0.01002	0.01035	0.00844	0.01143	0.01005	0.14506	0.00973	0.02893	0.00484	0.00140	0.02249	0.02089	0.00224	0.00502
64	0.00993	0.00953	0.01628	0.02462	0.83404	0.00953	0.01231	0.01231	0.00913	0.01310	0.00754	0.00993	0.00635	0.00357	0.00397	0.00119	0.00476	0.00357	0.00199	0.00635
65	0.01137	0.00915	0.01240	0.01344	0.24937	0.05972	0.07802	0.03709	0.25403	0.15107	0.07204	0.01342	0.01093	0.00475	0.00411	0.00126	0.00417	0.00425	0.00334	0.00607
66	0.00956	0.02808	0.68758	0.02748	0.01641	0.00887	0.01331	0.01367	0.00891	0.13663	0.00847	0.00927	0.00582	0.00398	0.00383	0.00126	0.00552	0.00313	0.00219	0.00602
67	0.01072	0.86147	0.02102	0.00686	0.01029	0.01587	0.00686	0.01201	0.00815	0.00944	0.00558	0.00643	0.00515	0.00343	0.00257	0.00086	0.00429	0.00214	0.00172	0.00515
68	0.01275	0.01504	0.01007	0.00916	0.01116	0.56253	0.00692	0.02464	0.17152	0.01184	0.06727	0.01221	0.05788	0.00504	0.00386	0.00113	0.00573	0.00365	0.00274	0.00487
69	0.01609	0.00777	0.01070	0.00959	0.10163	0.00731	0.02828	0.09626	0.06542	0.59176	0.01414	0.01286	0.00928	0.00479	0.00405	0.00124	0.00373	0.00399	0.00441	0.00670
70	0.00757	0.00713	0.01203	0.84942	0.02762	0.00891	0.01114	0.01025	0.00802	0.01025	0.00713	0.01069	0.00535	0.00401	0.00401	0.00134	0.00535	0.00356	0.00178	0.00446
71	0.00515	0.00378	0.00504	0.04648	0.00679	0.00363	0.00398	0.00604	0.00803	0.01072	0.10401	0.64070	0.06701	0.06146	0.00591	0.00170	0.00251	0.01012	0.00362	0.00333
72	0.00716	0.00624	0.00981	0.58209	0.02080	0.00728	0.00875	0.00943	0.00871	0.03423	0.11394	0.01777	0.14674	0.00557	0.00422	0.00133	0.00432	0.00484	0.00252	0.00426
73	0.04568	0.05862	0.13741	0.04732	0.39630	0.07969	0.03217	0.01318	0.06578	0.02918	0.00818	0.01032	0.00666	0.00409	0.00414	0.00123	0.03200	0.02006	0.00218	0.00579
74	0.00535	0.00376	0.00490	0.00564	0.00607	0.00354	0.00387	0.00641	0.02891	0.02812	0.04410	0.73518	0.06595	0.01195	0.00505	0.00160	0.00238	0.03000	0.00378	0.00344
75	0.00633	0.00426	0.00554	0.00529	0.00629	0.00395	0.00394	0.00822	0.02861	0.06085	0.63858	0.14746	0.04807	0.00862	0.00473	0.00132	0.00207	0.00763	0.00433	0.00393
76	0.01002	0.58751	0.26718	0.00830	0.01247	0.01381	0.00928	0.03172	0.00850	0.01080	0.00616	0.00712	0.00517	0.00358	0.00298	0.00099	0.00479	0.00243	0.00176	0.00542
