[name]
unknown

[dist]
# distance from previous block
# <min> <max>
0	34

[block]
# block no. 0 follows, 67 sequences, length 6
# corresponding to MSA columns:
# 34-39
name=unknown_A
#
# <colnr> <probs for GDERKNQSTAVLIFYWHMCP>
#	G	D	E	R	K	N	Q	S	T	A	V	L	I	F	Y	W	H	M	C	P
0	0.00961	0.02777	0.04585	0.27182	0.25883	0.02476	0.04248	0.06596	0.05553	0.06186	0.01079	0.02909	0.04986	0.00468	0.00408	0.00128	0.00470	0.02312	0.00250	0.00544
1	0.04799	0.07973	0.26452	0.01152	0.11170	0.03153	0.09231	0.06192	0.03326	0.09358	0.03055	0.01106	0.03862	0.00432	0.00404	0.00120	0.02508	0.00360	0.00252	0.05095
2	0.00647	0.04882	0.00611	0.00565	0.00668	0.03422	0.00419	0.00781	0.03244	0.05265	0.10285	0.40211	0.21558	0.01014	0.00474	0.00145	0.00264	0.04799	0.00370	0.00378
3	0.00551	0.00444	0.00496	0.00550	0.00612	0.04126	0.00387	0.00637	0.00827	0.01050	0.05018	0.50166	0.20115	0.06606	0.00597	0.00169	0.00267	0.06690	0.00358	0.00334
4	0.06292	0.04881	0.04413	0.03612	0.16331	0.07109	0.10426	0.06725	0.06805	0.18454	0.02649	0.02564	0.03336	0.01766	0.00432	0.00127	0.01581	0.00401	0.01527	0.00569
5	0.00848	0.04242	0.06156	0.13613	0.16613	0.02830	0.10465	0.09252	0.00954	0.01273	0.01276	0.26258	0.03186	0.00660	0.00436	0.00135	0.00437	0.00604	0.00270	0.00490

[dist]
# distance from previous block
# <min> <max>
0	1

[block]
# block no. 1 follows, 67 sequences, length 17
# corresponding to MSA columns:
# 41-46,48-58
name=unknown_B
#
# <colnr> <probs for GDERKNQSTAVLIFYWHMCP>
#	G	D	E	R	K	N	Q	S	T	A	V	L	I	F	Y	W	H	M	C	P
0	0.02329	0.00649	0.00868	0.00804	0.06541	0.00652	0.04710	0.12108	0.02490	0.12924	0.27623	0.04196	0.11169	0.00721	0.02345	0.00140	0.04245	0.00564	0.04433	0.00489
1	0.04278	0.00805	0.03103	0.43079	0.20844	0.00878	0.05398	0.02961	0.03695	0.01190	0.00911	0.01203	0.03696	0.02550	0.03644	0.00155	0.00517	0.00386	0.00210	0.00497
2	0.04239	0.00966	0.04391	0.23267	0.20344	0.05627	0.14639	0.03650	0.04066	0.05852	0.03108	0.01082	0.00711	0.00423	0.00464	0.00130	0.05894	0.00380	0.00231	0.00536
3	0.00574	0.00400	0.00478	0.00522	0.00608	0.00374	0.00401	0.00704	0.00869	0.01183	0.05350	0.22979	0.25227	0.02771	0.00501	0.00151	0.00251	0.20292	0.16015	0.00349
4	0.00514	0.00406	0.00463	0.00453	0.00567	0.00355	0.00338	0.00650	0.01001	0.01300	0.36973	0.06537	0.47132	0.00943	0.00475	0.00133	0.00198	0.00807	0.00401	0.00355
5	0.00850	0.00754	0.00978	0.00707	0.01062	0.00601	0.08078	0.01088	0.04683	0.01322	0.00765	0.00886	0.00625	0.00312	0.00319	0.00070	0.00333	0.00270	0.00242	0.76054
6	0.00887	0.00773	0.02663	0.00718	0.03618	0.00595	0.03551	0.03345	0.00877	0.03637	0.00749	0.00865	0.00608	0.00313	0.00314	0.00069	0.00328	0.00259	0.00245	0.75584
7	0.00524	0.00374	0.00506	0.00599	0.00638	0.00356	0.00434	0.00620	0.00803	0.01064	0.02191	0.67374	0.02575	0.01223	0.00521	0.00168	0.00263	0.19060	0.00372	0.00336
8	0.00925	0.06949	0.00927	0.00842	0.06794	0.04654	0.00599	0.20129	0.05089	0.03308	0.01528	0.41057	0.01621	0.00835	0.00466	0.00139	0.02596	0.00719	0.00344	0.00479
9	0.13021	0.06244	0.18942	0.00765	0.01141	0.00834	0.00750	0.10147	0.00944	0.06352	0.00758	0.00846	0.00580	0.00371	0.00350	0.00098	0.02528	0.00273	0.00252	0.34804
10	0.03088	0.04513	0.06328	0.05331	0.23533	0.05014	0.06761	0.22680	0.09462	0.03327	0.02337	0.01041	0.00737	0.00437	0.00429	0.00124	0.03609	0.00366	0.00281	0.00601
11	0.00574	0.00407	0.00518	0.00597	0.04568	0.00399	0.00362	0.00622	0.00685	0.00916	0.01623	0.31645	0.01888	0.46894	0.01334	0.00284	0.00337	0.05755	0.00294	0.00299
12	0.00845	0.00830	0.01172	0.03302	0.01067	0.01150	0.00848	0.00943	0.00622	0.00964	0.00584	0.00949	0.00572	0.00914	0.09222	0.00219	0.74827	0.00359	0.00179	0.00431
13	0.00993	0.00953	0.01628	0.02462	0.83404	0.00953	0.01231	0.01231	0.00913	0.01310	0.00754	0.00993	0.00635	0.00357	0.00397	0.00119	0.00476	0.00357	0.00199	0.00635
14	0.88738	0.00776	0.00589	0.00527	0.00776	0.00900	0.00434	0.01179	0.00683	0.01799	0.00558	0.00651	0.00434	0.00372	0.00248	0.00124	0.00310	0.00217	0.00248	0.00434
15	0.00947	0.01082	0.02366	0.01690	0.02096	0.01014	0.81947	0.01285	0.00947	0.01285	0.00811	0.01082	0.00609	0.00338	0.00473	0.00135	0.00676	0.00473	0.00203	0.00541
16	0.04662	0.00755	0.00845	0.00724	0.00936	0.04630	0.00573	0.21215	0.03064	0.26223	0.01476	0.20143	0.01299	0.00681	0.00430	0.00132	0.01505	0.03945	0.06217	0.00545

[dist]
# distance from previous block
# <min> <max>
7	25

[block]
# block no. 2 follows, 67 sequences, length 14
# corresponding to MSA columns:
# 85-98
name=unknown_C
#
# <colnr> <probs for GDERKNQSTAVLIFYWHMCP>
#	G	D	E	R	K	N	Q	S	T	A	V	L	I	F	Y	W	H	M	C	P
0	0.00573	0.00430	0.00645	0.00645	0.00716	0.00501	0.00501	0.00716	0.00645	0.00931	0.01074	0.01576	0.01003	0.03008	0.84316	0.00645	0.01074	0.00430	0.00215	0.00358
1	0.01068	0.00897	0.00947	0.00830	0.01070	0.01031	0.00652	0.12874	0.71821	0.01792	0.01542	0.01425	0.01151	0.00536	0.00407	0.00134	0.00334	0.00441	0.00407	0.00641
2	0.88738	0.00776	0.00589	0.00527	0.00776	0.00900	0.00434	0.01179	0.00683	0.01799	0.00558	0.00651	0.00434	0.00372	0.00248	0.00124	0.00310	0.00217	0.00248	0.00434
3	0.01799	0.00683	0.00931	0.00714	0.01024	0.00589	0.00589	0.01954	0.01148	0.83682	0.01582	0.01365	0.00993	0.00496	0.00403	0.00124	0.00341	0.00403	0.00496	0.00683
4	0.00832	0.00713	0.00832	0.00594	0.00950	0.00535	0.00475	0.01010	0.00832	0.01307	0.00713	0.00832	0.00594	0.00297	0.00297	0.00059	0.00297	0.00238	0.00238	0.88357
5	0.00577	0.00414	0.00563	0.00563	0.00607	0.00457	0.00400	0.00664	0.00621	0.00871	0.01148	0.01986	0.01181	0.35469	0.52099	0.00544	0.00806	0.00490	0.00226	0.00313
6	0.00582	0.00392	0.00456	0.00456	0.00462	0.00399	0.00266	0.00595	0.00589	0.00791	0.01247	0.02530	0.01417	0.78448	0.09443	0.00412	0.00450	0.00569	0.00240	0.00253
7	0.04094	0.00974	0.01088	0.00839	0.01148	0.01035	0.00692	0.56220	0.01625	0.23596	0.01124	0.01076	0.00767	0.00482	0.00393	0.00121	0.00403	0.00368	0.03291	0.00665
8	0.09533	0.00777	0.00938	0.00729	0.01027	0.00756	0.00601	0.19866	0.01259	0.54565	0.01339	0.01216	0.00874	0.00481	0.00384	0.00122	0.00354	0.00376	0.04157	0.00647
9	0.00741	0.00665	0.00800	0.04874	0.00945	0.07168	0.00661	0.00881	0.00831	0.01072	0.01708	0.02911	0.11003	0.05230	0.05965	0.00207	0.18898	0.34766	0.00290	0.00385
10	0.06821	0.00823	0.00983	0.00768	0.01070	0.00820	0.00631	0.23703	0.08259	0.49776	0.01357	0.01224	0.00895	0.00489	0.00394	0.00124	0.00365	0.00385	0.00448	0.00664
11	0.01529	0.00875	0.01017	0.00803	0.01097	0.00906	0.00656	0.33037	0.15199	0.36122	0.01343	0.01235	0.00912	0.00498	0.00400	0.00124	0.00372	0.00395	0.02813	0.00666
12	0.01299	0.00588	0.00788	0.00689	0.00897	0.00535	0.00552	0.04901	0.01054	0.47967	0.01788	0.22287	0.01576	0.00770	0.00452	0.00142	0.00323	0.12398	0.00443	0.00550
13	0.00698	0.00620	0.00984	0.40506	0.13167	0.00697	0.00844	0.00914	0.02747	0.01095	0.03145	0.26946	0.04639	0.00693	0.00439	0.00140	0.00409	0.00625	0.00259	0.00434

[dist]
# distance from previous block
# <min> <max>
0	2

[block]
# block no. 3 follows, 67 sequences, length 33
# corresponding to MSA columns:
# 101-133
name=unknown_D
#
# <colnr> <probs for GDERKNQSTAVLIFYWHMCP>
#	G	D	E	R	K	N	Q	S	T	A	V	L	I	F	Y	W	H	M	C	P
0	0.00586	0.00414	0.00554	0.00582	0.00640	0.00397	0.02308	0.00693	0.01796	0.02854	0.10521	0.38480	0.05236	0.19220	0.02153	0.00215	0.00307	0.12360	0.00348	0.00337
1	0.88738	0.00776	0.00589	0.00527	0.00776	0.00900	0.00434	0.01179	0.00683	0.01799	0.00558	0.00651	0.00434	0.00372	0.00248	0.00124	0.00310	0.00217	0.00248	0.00434
2	0.01251	0.00590	0.00722	0.00605	0.00813	0.00562	0.00490	0.09974	0.01105	0.35875	0.06877	0.01673	0.01240	0.00544	0.00374	0.00117	0.00290	0.05429	0.30932	0.00535
3	0.01090	0.82828	0.02067	0.00695	0.01038	0.01573	0.00689	0.04357	0.00857	0.01005	0.00573	0.00656	0.00521	0.00349	0.00263	0.00087	0.00429	0.00220	0.00181	0.00521
4	0.00581	0.00425	0.00583	0.00645	0.00706	0.00412	0.02212	0.03828	0.00856	0.01135	0.02109	0.59033	0.02440	0.01167	0.00518	0.00166	0.00287	0.22172	0.00369	0.00356
5	0.04139	0.00965	0.01024	0.00820	0.01093	0.04252	0.00665	0.46147	0.11360	0.13022	0.09225	0.01275	0.01089	0.00518	0.00400	0.00122	0.00389	0.00406	0.02467	0.00623
6	0.00842	0.00825	0.01160	0.01005	0.01013	0.01143	0.00833	0.00936	0.00618	0.00961	0.00591	0.00959	0.00582	0.00972	0.11042	0.00230	0.75317	0.00360	0.00180	0.00429
7	0.00560	0.00419	0.00521	0.00498	0.00600	0.00386	0.00372	0.00755	0.03225	0.01499	0.64556	0.05928	0.17466	0.00862	0.00473	0.00129	0.00196	0.00753	0.00426	0.00376
8	0.00491	0.00403	0.00424	0.00430	0.00545	0.00346	0.00315	0.00591	0.00896	0.01094	0.08904	0.08891	0.65957	0.06975	0.00588	0.00155	0.00220	0.02073	0.00368	0.00334
9	0.00748	0.00374	0.00374	0.00374	0.00467	0.00374	0.00280	0.00934	0.00841	0.01495	0.01308	0.01495	0.01028	0.00467	0.00280	0.00093	0.00187	0.00374	0.88132	0.00374
10	0.00940	0.04333	0.54631	0.01028	0.01509	0.00980	0.01193	0.09783	0.15391	0.02978	0.00916	0.00976	0.00663	0.00419	0.00382	0.00125	0.00512	0.00329	0.00243	0.02668
11	0.00858	0.00770	0.02757	0.04583	0.17246	0.00640	0.02843	0.01048	0.00843	0.02656	0.00823	0.03052	0.01708	0.00423	0.01585	0.02651	0.00369	0.00313	0.00232	0.54597
12	0.12694	0.02969	0.07684	0.03803	0.03264	0.11803	0.07618	0.14804	0.07378	0.15513	0.01995	0.02481	0.02300	0.00479	0.00399	0.00125	0.01677	0.02138	0.00315	0.00560
13	0.01799	0.00683	0.00931	0.00714	0.01024	0.00589	0.00589	0.01954	0.01148	0.83682	0.01582	0.01365	0.00993	0.00496	0.00403	0.00124	0.00341	0.00403	0.00496	0.00683
14	0.26840	0.00752	0.00858	0.00680	0.00973	0.00742	0.00561	0.09406	0.01084	0.52297	0.01228	0.01121	0.00802	0.00459	0.00358	0.00124	0.00342	0.00346	0.00416	0.00611
15	0.05477	0.03034	0.01075	0.00884	0.03710	0.11010	0.07294	0.05032	0.21901	0.15853	0.01185	0.04028	0.01774	0.00468	0.00380	0.00115	0.00406	0.00389	0.00331	0.15657
16	0.00736	0.00473	0.00600	0.00534	0.00679	0.00426	0.00410	0.00936	0.03152	0.11539	0.58576	0.02704	0.10620	0.00759	0.00452	0.00123	0.00219	0.00660	0.00428	0.05974
17	0.00477	0.00405	0.00411	0.00412	0.00544	0.00339	0.00308	0.00580	0.00916	0.01095	0.05911	0.05639	0.79570	0.01016	0.00475	0.00136	0.00203	0.00850	0.00374	0.00339
18	0.00993	0.00953	0.01628	0.02462	0.83404	0.00953	0.01231	0.01231	0.00913	0.01310	0.00754	0.00993	0.00635	0.00357	0.00397	0.00119	0.00476	0.00357	0.00199	0.00635
19	0.08782	0.00969	0.01016	0.00837	0.01112	0.01090	0.00675	0.38721	0.36217	0.04457	0.01232	0.01175	0.00901	0.00499	0.00391	0.00127	0.00374	0.00389	0.00394	0.00641
20	0.00573	0.00430	0.00645	0.00645	0.00716	0.00501	0.00501	0.00716	0.00645	0.00931	0.01074	0.01576	0.01003	0.03008	0.84316	0.00645	0.01074	0.00430	0.00215	0.00358
21	0.01510	0.01097	0.01168	0.00906	0.01218	0.02927	0.00744	0.70737	0.06535	0.07496	0.01033	0.01014	0.00730	0.00485	0.00401	0.00121	0.00434	0.00367	0.00403	0.00675
22	0.00832	0.00713	0.00832	0.00594	0.00950	0.00535	0.00475	0.01010	0.00832	0.01307	0.00713	0.00832	0.00594	0.00297	0.00297	0.00059	0.00297	0.00238	0.00238	0.88357
23	0.01275	0.45994	0.01642	0.00852	0.01130	0.41012	0.00728	0.01392	0.00968	0.00962	0.00587	0.00681	0.00516	0.00377	0.00307	0.00094	0.00569	0.00235	0.00188	0.00491
24	0.00488	0.00350	0.00464	0.00555	0.00581	0.00326	0.00371	0.00559	0.00771	0.01025	0.02252	0.83793	0.04477	0.01251	0.00511	0.00162	0.00232	0.01133	0.00372	0.00326
25	0.00593	0.00444	0.00572	0.00636	0.00741	0.00424	0.00541	0.00752	0.00920	0.01164	0.02723	0.04318	0.27341	0.01079	0.00529	0.00169	0.00318	0.56004	0.00370	0.00360
26	0.00581	0.00432	0.00574	0.00579	0.03908	0.00400	0.00409	0.00768	0.01117	0.01575	0.76609	0.02952	0.06959	0.00810	0.00470	0.00126	0.00201	0.00716	0.00429	0.00387
27	0.00924	0.00927	0.01182	0.01018	0.01044	0.06688	0.00841	0.03045	0.00689	0.01022	0.00580	0.00904	0.00556	0.00720	0.02986	0.00177	0.72946	0.00348	0.02963	0.00443
28	0.02824	0.00734	0.00869	0.05890	0.01077	0.00614	0.00536	0.03651	0.05235	0.04652	0.00801	0.00903	0.00639	0.00332	0.00316	0.00074	0.00320	0.00267	0.00259	0.70009
29	0.00587	0.03993	0.03959	0.00611	0.00715	0.00518	0.00489	0.00735	0.02552	0.01030	0.03882	0.20932	0.16137	0.05104	0.31527	0.00340	0.03036	0.03197	0.00289	0.00368
30	0.00545	0.00395	0.00524	0.00610	0.00657	0.00384	0.00445	0.00683	0.04078	0.01090	0.02167	0.63793	0.02517	0.01194	0.00517	0.00167	0.00267	0.19244	0.00373	0.00348
31	0.05925	0.10457	0.01186	0.37143	0.02882	0.02429	0.04131	0.04590	0.00871	0.03918	0.04573	0.03168	0.02621	0.00656	0.06634	0.00163	0.03040	0.01486	0.00232	0.03894
32	0.01039	0.11777	0.18550	0.01075	0.01454	0.01005	0.21970	0.14608	0.05642	0.06040	0.01023	0.03807	0.02689	0.00453	0.00402	0.00122	0.00498	0.02398	0.00268	0.05177

[dist]
# distance from previous block
# <min> <max>
4	43

[block]
# block no. 4 follows, 67 sequences, length 37
# corresponding to MSA columns:
# 178-204,207-216
name=unknown_E
#
# <colnr> <probs for GDERKNQSTAVLIFYWHMCP>
#	G	D	E	R	K	N	Q	S	T	A	V	L	I	F	Y	W	H	M	C	P
0	0.04076	0.14106	0.17239	0.04136	0.08273	0.05024	0.02653	0.10587	0.01919	0.08118	0.00819	0.01741	0.00634	0.00391	0.00349	0.00105	0.00447	0.00307	0.01406	0.17671
1	0.02033	0.02535	0.14059	0.04365	0.29747	0.04694	0.05989	0.05774	0.00972	0.08794	0.02807	0.05552	0.00812	0.00436	0.00392	0.00117	0.00465	0.00389	0.00251	0.09816
2	0.00513	0.00394	0.00460	0.00470	0.00560	0.00351	0.00337	0.00626	0.00926	0.01205	0.26979	0.20836	0.36847	0.06953	0.00591	0.00156	0.00218	0.00854	0.00384	0.00341
3	0.00913	0.08374	0.06526	0.04243	0.22043	0.01988	0.05215	0.05826	0.03164	0.07336	0.09455	0.07262	0.14792	0.00595	0.00416	0.00125	0.00391	0.00520	0.00297	0.00519
4	0.11075	0.12801	0.08251	0.00878	0.02543	0.01056	0.05455	0.29399	0.03816	0.11815	0.00926	0.00994	0.00686	0.00431	0.00362	0.00115	0.00424	0.01597	0.00317	0.07058
5	0.00534	0.00384	0.00510	0.00584	0.00632	0.00364	0.00427	0.00641	0.00839	0.01116	0.10483	0.53560	0.05446	0.04045	0.00568	0.00171	0.00263	0.18722	0.00374	0.00338
6	0.00512	0.00366	0.00477	0.00548	0.00584	0.00344	0.00375	0.00594	0.00799	0.01067	0.09250	0.63972	0.05658	0.08110	0.00634	0.00178	0.00248	0.05588	0.00368	0.00327
7	0.04944	0.14740	0.08314	0.00927	0.03790	0.02425	0.07941	0.25109	0.02492	0.09535	0.00862	0.00921	0.00643	0.00400	0.00358	0.00107	0.00437	0.00319	0.00293	0.15445
8	0.00763	0.00719	0.01213	0.82990	0.04670	0.00892	0.01117	0.01030	0.00805	0.01031	0.00714	0.01067	0.00537	0.00400	0.00401	0.00133	0.00533	0.00356	0.00179	0.00450
9	0.00544	0.00396	0.00500	0.00565	0.00625	0.00378	0.00410	0.00679	0.03710	0.01105	0.03986	0.51349	0.13227	0.03700	0.00547	0.00165	0.00256	0.13991	0.03521	0.00346
10	0.00891	0.11059	0.01314	0.00996	0.01039	0.01248	0.00843	0.00985	0.00639	0.00962	0.00547	0.00872	0.00540	0.00732	0.03814	0.00180	0.72380	0.00337	0.00176	0.00445
11	0.00742	0.00473	0.00598	0.00542	0.00676	0.00442	0.00415	0.00980	0.06443	0.11882	0.60172	0.02774	0.10729	0.00780	0.00460	0.00127	0.00218	0.00678	0.00440	0.00430
12	0.00535	0.00385	0.00480	0.00521	0.00587	0.00354	0.00365	0.00651	0.02084	0.02447	0.17853	0.49553	0.17553	0.02559	0.00517	0.00153	0.00224	0.00963	0.01870	0.00348
13	0.00564	0.00408	0.00515	0.00489	0.00588	0.00374	0.00366	0.00743	0.01099	0.01545	0.71206	0.03036	0.12599	0.00829	0.00466	0.00126	0.00191	0.00726	0.03758	0.00374
14	0.00517	0.00405	0.00467	0.00458	0.00570	0.00356	0.00341	0.00656	0.01005	0.01315	0.39337	0.07894	0.43364	0.00941	0.00476	0.00133	0.00199	0.00808	0.00403	0.00356
15	0.88738	0.00776	0.00589	0.00527	0.00776	0.00900	0.00434	0.01179	0.00683	0.01799	0.00558	0.00651	0.00434	0.00372	0.00248	0.00124	0.00310	0.00217	0.00248	0.00434
16	0.00832	0.00713	0.00832	0.00594	0.00950	0.00535	0.00475	0.01010	0.00832	0.01307	0.00713	0.00832	0.00594	0.00297	0.00297	0.00059	0.00297	0.00238	0.00238	0.88357
17	0.88738	0.00776	0.00589	0.00527	0.00776	0.00900	0.00434	0.01179	0.00683	0.01799	0.00558	0.00651	0.00434	0.00372	0.00248	0.00124	0.00310	0.00217	0.00248	0.00434
18	0.00500	0.00354	0.00462	0.00544	0.00564	0.00333	0.00357	0.00561	0.00746	0.00994	0.02097	0.75717	0.02510	0.11378	0.00695	0.00190	0.00251	0.01074	0.00357	0.00316
19	0.85713	0.00788	0.00611	0.00541	0.00792	0.00912	0.00446	0.03985	0.00724	0.01825	0.00572	0.00662	0.00443	0.00376	0.00253	0.00124	0.00315	0.00222	0.00253	0.00443
20	0.00757	0.00713	0.01203	0.84942	0.02762	0.00891	0.01114	0.01025	0.00802	0.01025	0.00713	0.01069	0.00535	0.00401	0.00401	0.00134	0.00535	0.00356	0.00178	0.00446
21	0.01054	0.71252	0.13173	0.00758	0.01134	0.01484	0.00797	0.04509	0.00863	0.01053	0.00596	0.00684	0.00521	0.00354	0.00280	0.00093	0.00452	0.00232	0.00181	0.00532
22	0.02925	0.08163	0.13589	0.00940	0.06933	0.02489	0.07334	0.01268	0.03231	0.11950	0.02083	0.00965	0.00690	0.00374	0.00367	0.00098	0.02065	0.00309	0.00256	0.33972
23	0.04204	0.00637	0.04903	0.00770	0.03453	0.00608	0.04845	0.05159	0.02087	0.04915	0.04657	0.33158	0.07570	0.04441	0.07150	0.01784	0.08215	0.00715	0.00314	0.00414
24	0.00709	0.00496	0.00667	0.00731	0.00843	0.00500	0.00631	0.00956	0.06720	0.04356	0.02138	0.04166	0.05086	0.01041	0.00535	0.00177	0.00359	0.69112	0.00377	0.00399
25	0.00747	0.00752	0.01472	0.04341	0.01446	0.00725	0.41115	0.00966	0.00867	0.01164	0.01460	0.30743	0.04020	0.00734	0.00513	0.00149	0.02967	0.05103	0.00274	0.00444
26	0.04232	0.18904	0.12303	0.07644	0.20866	0.05944	0.04921	0.07851	0.00977	0.08573	0.00832	0.03748	0.00673	0.00416	0.00367	0.00116	0.00482	0.00345	0.00239	0.00566
27	0.01042	0.06741	0.03929	0.00752	0.00978	0.00884	0.01834	0.16358	0.27485	0.07477	0.04055	0.01482	0.05312	0.03050	0.04582	0.04544	0.01833	0.00430	0.06691	0.00543
28	0.00993	0.00495	0.00642	0.00576	0.00734	0.00451	0.00444	0.01164	0.02563	0.28951	0.26193	0.17378	0.04638	0.00756	0.00435	0.00130	0.00254	0.02090	0.10639	0.00474
29	0.03429	0.00811	0.06195	0.11416	0.24782	0.00745	0.00848	0.04500	0.02778	0.20330	0.09893	0.07630	0.03814	0.00542	0.00413	0.00128	0.00393	0.00475	0.00321	0.00558
30	0.05264	0.02102	0.13210	0.22329	0.10561	0.00781	0.03790	0.02881	0.03595	0.06707	0.01988	0.12502	0.04516	0.02419	0.01440	0.02665	0.02025	0.00484	0.00256	0.00485
31	0.00805	0.00474	0.00575	0.00523	0.00677	0.00423	0.00401	0.00973	0.03356	0.18762	0.27474	0.08726	0.31906	0.00839	0.00456	0.00131	0.00233	0.00716	0.02117	0.00432
32	0.00497	0.00394	0.00446	0.00465	0.00564	0.00345	0.00338	0.00604	0.00906	0.01144	0.15277	0.23483	0.48683	0.02622	0.00514	0.00146	0.00215	0.02636	0.00380	0.00340
33	0.05141	0.02823	0.23558	0.16337	0.18413	0.02375	0.03108	0.10902	0.04937	0.05602	0.02511	0.01022	0.00685	0.00413	0.00388	0.00125	0.00494	0.00348	0.00243	0.00575
34	0.00870	0.00944	0.21680	0.00862	0.03921	0.00655	0.03556	0.01112	0.03200	0.15399	0.01609	0.18121	0.10603	0.00970	0.10209	0.00197	0.04721	0.00575	0.00304	0.00492
35	0.01321	0.00574	0.00760	0.00625	0.00853	0.00502	0.00499	0.01473	0.01093	0.52396	0.18075	0.06958	0.09935	0.00658	0.00428	0.00127	0.00287	0.00555	0.02320	0.00560
36	0.00808	0.00702	0.01135	0.36948	0.24588	0.00761	0.00936	0.01023	0.00864	0.04204	0.05740	0.12957	0.03423	0.00548	0.00418	0.00130	0.00432	0.00498	0.00245	0.03639

[dist]
# distance from previous block
# <min> <max>
2	6

[block]
# block no. 5 follows, 67 sequences, length 18
# corresponding to MSA columns:
# 223-240
name=unknown_F
#
# <colnr> <probs for GDERKNQSTAVLIFYWHMCP>
#	G	D	E	R	K	N	Q	S	T	A	V	L	I	F	Y	W	H	M	C	P
0	0.16285	0.19413	0.06234	0.02954	0.11522	0.21099	0.04848	0.04091	0.00940	0.03569	0.00727	0.00931	0.00609	0.00407	0.00341	0.00112	0.00503	0.03299	0.00224	0.01891
1	0.00595	0.00481	0.00633	0.03137	0.08346	0.00460	0.00521	0.00766	0.03464	0.01173	0.08315	0.19867	0.30453	0.00978	0.00489	0.00150	0.00284	0.19146	0.00356	0.00386
2	0.07901	0.00680	0.00787	0.00612	0.00884	0.00603	0.00484	0.03304	0.02075	0.04312	0.00832	0.01057	0.00712	0.06255	0.08064	0.00150	0.03694	0.00297	0.02762	0.54537
3	0.00522	0.00397	0.00468	0.00485	0.00571	0.00359	0.00351	0.00633	0.00904	0.01174	0.22473	0.20048	0.34154	0.09903	0.00650	0.00168	0.00235	0.05792	0.00375	0.00338
4	0.00553	0.00409	0.00516	0.00490	0.00590	0.00372	0.00367	0.00729	0.01101	0.01528	0.71117	0.03128	0.15909	0.00850	0.00473	0.00128	0.00191	0.00744	0.00431	0.00372
5	0.00501	0.00372	0.00464	0.00528	0.00582	0.00341	0.00368	0.00586	0.00814	0.01056	0.05078	0.56236	0.20839	0.04693	0.00568	0.00166	0.00239	0.05869	0.00369	0.00329
6	0.01072	0.86147	0.02102	0.00686	0.01029	0.01587	0.00686	0.01201	0.00815	0.00944	0.00558	0.00643	0.00515	0.00343	0.00257	0.00086	0.00429	0.00214	0.00172	0.00515
7	0.01799	0.00683	0.00931	0.00714	0.01024	0.00589	0.00589	0.01954	0.01148	0.83682	0.01582	0.01365	0.00993	0.00496	0.00403	0.00124	0.00341	0.00403	0.00496	0.00683
8	0.01072	0.86147	0.02102	0.00686	0.01029	0.01587	0.00686	0.01201	0.00815	0.00944	0.00558	0.00643	0.00515	0.00343	0.00257	0.00086	0.00429	0.00214	0.00172	0.00515
9	0.41940	0.00785	0.00810	0.00656	0.00939	0.00820	0.00541	0.12320	0.01032	0.34978	0.01026	0.00981	0.00693	0.00437	0.00331	0.00124	0.00340	0.00312	0.00369	0.00568
10	0.00493	0.00351	0.00464	0.00552	0.00575	0.00329	0.00366	0.00560	0.00759	0.01012	0.02164	0.81572	0.02594	0.05409	0.00587	0.00174	0.00240	0.01113	0.00366	0.00322
11	0.00705	0.00466	0.00676	0.01801	0.00730	0.00477	0.04785	0.02984	0.00716	0.05395	0.01286	0.11991	0.03150	0.21109	0.21736	0.17897	0.00542	0.02964	0.00260	0.00328
12	0.00518	0.00367	0.00470	0.00539	0.00583	0.00343	0.00373	0.00608	0.00810	0.01091	0.07597	0.61285	0.09485	0.04368	0.00555	0.00165	0.00239	0.05598	0.04677	0.00332
13	0.00680	0.00429	0.00546	0.00524	0.00636	0.00385	0.00389	0.00825	0.01022	0.11073	0.43073	0.20278	0.16793	0.00907	0.00473	0.00135	0.00219	0.00795	0.00422	0.00396
14	0.07506	0.01022	0.01627	0.01216	0.01545	0.03715	0.38398	0.19314	0.08460	0.06997	0.02573	0.01109	0.00757	0.00422	0.00440	0.00129	0.02101	0.00418	0.01680	0.00572
15	0.01040	0.06876	0.05818	0.05701	0.14512	0.12584	0.16185	0.09959	0.10223	0.01358	0.01117	0.04463	0.06086	0.00481	0.00422	0.00125	0.01823	0.00426	0.00259	0.00544
16	0.01038	0.37130	0.13975	0.09474	0.05958	0.09772	0.05195	0.02843	0.03809	0.02581	0.00702	0.00841	0.00574	0.00435	0.01973	0.00119	0.02565	0.00289	0.00198	0.00528
17	0.00877	0.03304	0.02171	0.01826	0.03193	0.02998	0.02353	0.03211	0.02414	0.03871	0.02206	0.04322	0.04768	0.01705	0.00361	0.00085	0.00332	0.00338	0.00262	0.59403

[dist]
# distance from previous block
# <min> <max>
0	6

[block]
# block no. 6 follows, 67 sequences, length 7
# corresponding to MSA columns:
# 247-253
name=unknown_G
#
# <colnr> <probs for GDERKNQSTAVLIFYWHMCP>
#	G	D	E	R	K	N	Q	S	T	A	V	L	I	F	Y	W	H	M	C	P
0	0.12096	0.22051	0.23846	0.01073	0.13063	0.03493	0.00943	0.09049	0.00955	0.06698	0.00755	0.00851	0.00580	0.00387	0.00337	0.00113	0.00463	0.00289	0.02392	0.00565
1	0.00612	0.00416	0.00531	0.00576	0.00648	0.00394	0.00416	0.00758	0.04646	0.05844	0.08358	0.51116	0.10418	0.03983	0.00551	0.00164	0.00257	0.09564	0.00382	0.00368
2	0.00529	0.00396	0.00484	0.00486	0.00573	0.00359	0.00351	0.00663	0.00978	0.01317	0.42909	0.19296	0.23677	0.05478	0.00564	0.00150	0.00212	0.00829	0.00400	0.00351
3	0.01008	0.00933	0.04841	0.16268	0.28459	0.00946	0.10294	0.11208	0.03734	0.05363	0.00921	0.01255	0.00752	0.00508	0.02124	0.00142	0.05308	0.05121	0.00250	0.00565
4	0.47803	0.05511	0.01035	0.07299	0.09406	0.11887	0.06021	0.04534	0.00848	0.01534	0.00631	0.00768	0.00499	0.00379	0.00311	0.00120	0.00434	0.00270	0.00232	0.00481
5	0.00603	0.00427	0.00597	0.00597	0.00648	0.00480	0.00444	0.00696	0.00644	0.00920	0.01135	0.01897	0.01131	0.20267	0.51142	0.06608	0.03147	0.04419	0.03875	0.00324
6	0.03735	0.02801	0.02538	0.08333	0.24079	0.02296	0.02698	0.05754	0.06308	0.03723	0.00805	0.00960	0.00645	0.00387	0.00416	0.00106	0.05558	0.00319	0.00242	0.28297

[dist]
# distance from previous block
# <min> <max>
0	3

[block]
# block no. 7 follows, 67 sequences, length 23
# corresponding to MSA columns:
# 257-279
name=unknown_H
#
# <colnr> <probs for GDERKNQSTAVLIFYWHMCP>
#	G	D	E	R	K	N	Q	S	T	A	V	L	I	F	Y	W	H	M	C	P
0	0.03291	0.05886	0.12728	0.26299	0.20306	0.08092	0.05082	0.01130	0.00861	0.01148	0.00866	0.09660	0.00776	0.00507	0.01588	0.00134	0.00517	0.00415	0.00207	0.00505
1	0.01185	0.00532	0.00676	0.00569	0.00771	0.00472	0.00451	0.01340	0.01040	0.41335	0.13731	0.05186	0.12753	0.00638	0.00403	0.00121	0.00266	0.00533	0.17479	0.00518
2	0.00530	0.00419	0.00479	0.00462	0.00581	0.00373	0.00347	0.00698	0.03025	0.01342	0.40789	0.03400	0.44288	0.00913	0.00472	0.00131	0.00199	0.00780	0.00405	0.00364
3	0.00495	0.00364	0.00466	0.00541	0.00586	0.00335	0.00373	0.00578	0.00808	0.01060	0.05334	0.67681	0.14430	0.01200	0.00507	0.00158	0.00232	0.04145	0.00375	0.00331
4	0.00998	0.00862	0.00907	0.00816	0.01043	0.00998	0.00635	0.02131	0.82679	0.01678	0.01632	0.01496	0.01224	0.00544	0.00408	0.00136	0.00317	0.00453	0.00408	0.00635
5	0.00832	0.00713	0.00832	0.00594	0.00950	0.00535	0.00475	0.01010	0.00832	0.01307	0.00713	0.00832	0.00594	0.00297	0.00297	0.00059	0.00297	0.00238	0.00238	0.88357
6	0.01498	0.01911	0.01137	0.01033	0.01240	0.84295	0.00775	0.01601	0.01137	0.00982	0.00620	0.00723	0.00517	0.00413	0.00362	0.00103	0.00723	0.00258	0.00207	0.00465
7	0.00660	0.00445	0.00575	0.00532	0.00641	0.00419	0.00405	0.00829	0.01079	0.07774	0.62320	0.06068	0.11955	0.00829	0.00500	0.00130	0.03300	0.00716	0.00426	0.00398
8	0.00666	0.00469	0.00595	0.03785	0.00731	0.01946	0.00439	0.00848	0.01094	0.06511	0.62869	0.02939	0.08796	0.00809	0.00469	0.00130	0.00234	0.05853	0.00421	0.00398
9	0.00804	0.02074	0.83828	0.01143	0.01736	0.00931	0.01482	0.01270	0.00847	0.01270	0.00720	0.00847	0.00508	0.00381	0.00381	0.00127	0.00593	0.00296	0.00169	0.00593
10	0.00658	0.00408	0.00474	0.00466	0.00488	0.00401	0.00278	0.00675	0.00633	0.06057	0.01335	0.05480	0.01488	0.75739	0.01853	0.00360	0.00380	0.02287	0.00266	0.00276
11	0.20159	0.04280	0.01344	0.05597	0.32529	0.00956	0.08462	0.09549	0.00984	0.11229	0.00826	0.00958	0.00626	0.00389	0.00368	0.00122	0.00441	0.00338	0.00263	0.00579
12	0.00769	0.00727	0.01216	0.78997	0.04899	0.00908	0.01107	0.01028	0.00797	0.01030	0.00706	0.01059	0.00537	0.00413	0.00441	0.00135	0.04249	0.00356	0.00179	0.00450
13	0.00508	0.00382	0.00474	0.00542	0.00595	0.00358	0.00372	0.00631	0.04390	0.01063	0.02521	0.67114	0.17209	0.01182	0.00500	0.00157	0.00231	0.01057	0.00374	0.00342
14	0.01115	0.00601	0.02762	0.00663	0.04005	0.00557	0.00511	0.07023	0.02957	0.26526	0.01408	0.04580	0.02314	0.00660	0.03316	0.03920	0.00322	0.03218	0.33042	0.00500
15	0.03227	0.20432	0.20776	0.02648	0.28720	0.04019	0.02067	0.05617	0.04688	0.01290	0.00739	0.00883	0.00595	0.00385	0.00378	0.00115	0.02322	0.00310	0.00207	0.00581
16	0.03296	0.00855	0.01147	0.05683	0.09912	0.02163	0.05121	0.19808	0.03563	0.40763	0.02766	0.01213	0.00879	0.00468	0.00403	0.00124	0.00409	0.00391	0.00397	0.00641
17	0.00626	0.00460	0.00654	0.00750	0.08705	0.00435	0.02604	0.00753	0.00878	0.03606	0.18291	0.39994	0.06742	0.05963	0.00568	0.00159	0.00273	0.03764	0.04393	0.00382
18	0.38116	0.07041	0.03099	0.00875	0.07350	0.12138	0.04200	0.06815	0.05325	0.01531	0.03353	0.03519	0.00732	0.02082	0.00381	0.00127	0.02249	0.00324	0.00257	0.00488
19	0.03119	0.00567	0.03243	0.00658	0.05020	0.02087	0.01991	0.02477	0.02230	0.02979	0.26698	0.12851	0.30734	0.00883	0.01544	0.00140	0.01280	0.00731	0.00367	0.00401
20	0.03534	0.40052	0.12630	0.01043	0.10471	0.07450	0.05815	0.07722	0.00945	0.01223	0.00662	0.00778	0.00549	0.00364	0.00324	0.00102	0.00483	0.00274	0.00203	0.05375
21	0.02256	0.17291	0.09144	0.00796	0.03617	0.00901	0.02583	0.11143	0.06570	0.08636	0.07163	0.03305	0.04305	0.01687	0.00384	0.00109	0.00376	0.00380	0.00295	0.19057
22	0.07305	0.17518	0.05372	0.02637	0.12652	0.05604	0.03608	0.13737	0.05083	0.08533	0.03751	0.01986	0.00794	0.00427	0.00354	0.00111	0.00423	0.00339	0.03632	0.06134

[dist]
# distance from previous block
# <min> <max>
0	22

[block]
# block no. 8 follows, 67 sequences, length 7
# corresponding to MSA columns:
# 302-308
name=unknown_I
#
# <colnr> <probs for GDERKNQSTAVLIFYWHMCP>
#	G	D	E	R	K	N	Q	S	T	A	V	L	I	F	Y	W	H	M	C	P
0	0.05606	0.02303	0.18505	0.05523	0.07561	0.03029	0.11429	0.06363	0.00949	0.11139	0.01168	0.03749	0.05758	0.00673	0.06163	0.00164	0.02339	0.03671	0.01607	0.02302
1	0.01012	0.04594	0.10070	0.14618	0.14410	0.03896	0.07615	0.03867	0.08082	0.12405	0.03285	0.04161	0.04167	0.02257	0.01985	0.00142	0.02189	0.00427	0.00277	0.00543
2	0.00502	0.00377	0.00467	0.00519	0.00584	0.00342	0.00367	0.00601	0.00861	0.01123	0.13103	0.49532	0.24372	0.01129	0.00499	0.00152	0.00225	0.04527	0.00381	0.00338
3	0.01662	0.00903	0.01067	0.00818	0.01134	0.00916	0.00676	0.41960	0.01516	0.43156	0.01273	0.01164	0.00838	0.00489	0.00402	0.00122	0.00391	0.00382	0.00449	0.00682
4	0.03321	0.02759	0.08621	0.16134	0.26270	0.07850	0.13003	0.05502	0.03767	0.02748	0.00871	0.02718	0.02118	0.00421	0.00420	0.00126	0.02192	0.00383	0.00224	0.00551
5	0.01172	0.00847	0.07072	0.10118	0.14315	0.02643	0.04049	0.04926	0.02347	0.29025	0.03142	0.07301	0.04979	0.00563	0.00438	0.00131	0.01980	0.04047	0.00340	0.00565
6	0.00514	0.00363	0.00473	0.00552	0.00576	0.00345	0.00370	0.00581	0.00749	0.00997	0.02054	0.66911	0.02439	0.14691	0.00758	0.00200	0.00267	0.06493	0.00352	0.00316

[dist]
# distance from previous block
# <min> <max>
1	2

[block]
# block no. 9 follows, 67 sequences, length 15
# corresponding to MSA columns:
# 311-325
name=unknown_J
#
# <colnr> <probs for GDERKNQSTAVLIFYWHMCP>
#	G	D	E	R	K	N	Q	S	T	A	V	L	I	F	Y	W	H	M	C	P
0	0.00645	0.00411	0.00497	0.00470	0.00575	0.00382	0.00353	0.00826	0.01021	0.03013	0.50026	0.04793	0.05586	0.00714	0.00411	0.00116	0.00196	0.00617	0.26485	0.02862
1	0.00833	0.00690	0.00749	0.00694	0.00874	0.00757	0.00538	0.03926	0.48254	0.01542	0.11738	0.06536	0.14306	0.00711	0.00436	0.00137	0.00284	0.04560	0.01905	0.00526
2	0.00542	0.00423	0.00494	0.00477	0.00591	0.00383	0.00357	0.00726	0.03978	0.01377	0.45261	0.05842	0.36283	0.00904	0.00472	0.00131	0.00201	0.00778	0.00410	0.00370
3	0.00521	0.00392	0.00476	0.00490	0.00570	0.00357	0.00350	0.00640	0.00926	0.01232	0.31682	0.25067	0.26043	0.06572	0.02692	0.00169	0.00240	0.00853	0.00385	0.00344
4	0.00900	0.01126	0.16233	0.15268	0.03828	0.00915	0.43871	0.01226	0.00902	0.04216	0.00868	0.03611	0.00672	0.00395	0.00434	0.00132	0.00588	0.00434	0.03852	0.00528
5	0.00993	0.00953	0.01628	0.02462	0.83404	0.00953	0.01231	0.01231	0.00913	0.01310	0.00754	0.00993	0.00635	0.00357	0.00397	0.00119	0.00476	0.00357	0.00199	0.00635
6	0.82083	0.00862	0.00631	0.00566	0.00811	0.07261	0.00460	0.01211	0.00717	0.01737	0.00563	0.00657	0.00441	0.00375	0.00257	0.00123	0.00342	0.00220	0.00245	0.00437
7	0.16368	0.00866	0.07839	0.09982	0.07503	0.00787	0.07826	0.05181	0.04170	0.17627	0.01037	0.04956	0.00833	0.05995	0.00486	0.00142	0.00416	0.01322	0.00295	0.06370
8	0.00964	0.02952	0.07704	0.02651	0.18577	0.06254	0.11026	0.06074	0.06520	0.05396	0.14330	0.01519	0.05500	0.00520	0.00462	0.00125	0.04637	0.01323	0.00287	0.03181
9	0.01035	0.74611	0.13315	0.00749	0.01126	0.01497	0.00795	0.01210	0.00819	0.00988	0.00580	0.00671	0.00514	0.00348	0.00274	0.00091	0.00451	0.00226	0.00171	0.00525
10	0.00662	0.02535	0.02758	0.09533	0.06868	0.00621	0.06061	0.00849	0.03788	0.01118	0.07826	0.10264	0.24538	0.05226	0.09268	0.01677	0.05091	0.00623	0.00289	0.00407
11	0.00491	0.00408	0.00431	0.00435	0.00562	0.00348	0.00330	0.00603	0.00930	0.01132	0.10669	0.05925	0.70369	0.01010	0.00479	0.00138	0.00211	0.04809	0.00378	0.00343
12	0.01200	0.00751	0.00885	0.00725	0.00937	0.00786	0.00574	0.29487	0.05798	0.19222	0.18272	0.01682	0.01504	0.08829	0.03152	0.02215	0.02563	0.00474	0.00398	0.00546
13	0.02127	0.09080	0.01197	0.09532	0.04991	0.27064	0.04690	0.07395	0.04126	0.11022	0.01870	0.01124	0.03210	0.01772	0.06561	0.00158	0.01620	0.00354	0.01598	0.00510
14	0.36613	0.15160	0.05067	0.00698	0.01003	0.03896	0.02566	0.12446	0.00924	0.01591	0.00669	0.00770	0.00534	0.00450	0.02761	0.00122	0.00406	0.00258	0.00248	0.13818

[dist]
# distance from previous block
# <min> <max>
2	26

[block]
# block no. 10 follows, 67 sequences, length 42
# corresponding to MSA columns:
# 352-393
name=unknown_K
#
# <colnr> <probs for GDERKNQSTAVLIFYWHMCP>
#	G	D	E	R	K	N	Q	S	T	A	V	L	I	F	Y	W	H	M	C	P
0	0.00894	0.03019	0.00881	0.05362	0.01016	0.02907	0.03037	0.04950	0.28190	0.05794	0.15440	0.03958	0.04734	0.02346	0.06178	0.01344	0.01770	0.02828	0.01802	0.03550
1	0.00601	0.00400	0.00515	0.00546	0.00615	0.00374	0.00387	0.00710	0.02356	0.05773	0.15406	0.45847	0.11725	0.04423	0.02733	0.03720	0.00265	0.02876	0.00374	0.00354
2	0.00806	0.00890	0.14120	0.00890	0.09040	0.03906	0.02282	0.03034	0.12311	0.04667	0.27536	0.03769	0.13785	0.00657	0.00434	0.00128	0.00345	0.00564	0.00345	0.00492
3	0.02158	0.02719	0.00839	0.00719	0.00895	0.26018	0.00556	0.15317	0.01203	0.01539	0.26130	0.01652	0.03478	0.00570	0.00389	0.00112	0.00402	0.00449	0.14396	0.00460
4	0.01127	0.48264	0.08889	0.03108	0.03391	0.06333	0.00783	0.14435	0.02481	0.02862	0.04395	0.00873	0.00714	0.00403	0.00321	0.00102	0.00453	0.00287	0.00234	0.00546
5	0.04812	0.00629	0.03476	0.01968	0.00849	0.00610	0.02781	0.05514	0.13275	0.06311	0.20547	0.16570	0.09417	0.03637	0.00517	0.00146	0.02275	0.03389	0.02827	0.00451
6	0.00928	0.04358	0.39605	0.04805	0.09433	0.00935	0.08731	0.08199	0.04636	0.02773	0.02370	0.00973	0.00657	0.00392	0.00384	0.00119	0.00514	0.00335	0.00224	0.09629
7	0.88738	0.00776	0.00589	0.00527	0.00776	0.00900	0.00434	0.01179	0.00683	0.01799	0.00558	0.00651	0.00434	0.00372	0.00248	0.00124	0.00310	0.00217	0.00248	0.00434
8	0.45475	0.00948	0.00894	0.00724	0.01008	0.01070	0.00597	0.41304	0.01279	0.02161	0.00759	0.00806	0.00557	0.00426	0.00324	0.00122	0.00375	0.00289	0.00324	0.00557
9	0.00800	0.02394	0.00782	0.04338	0.05385	0.15094	0.00557	0.03679	0.00888	0.01122	0.01495	0.42831	0.01657	0.01836	0.01845	0.00144	0.00381	0.02389	0.01665	0.10720
10	0.00955	0.00915	0.01560	0.15579	0.70578	0.00943	0.01212	0.01198	0.00895	0.01265	0.00748	0.01005	0.00619	0.00364	0.00398	0.00121	0.00486	0.00357	0.00195	0.00605
11	0.00757	0.00713	0.01203	0.84942	0.02762	0.00891	0.01114	0.01025	0.00802	0.01025	0.00713	0.01069	0.00535	0.00401	0.00401	0.00134	0.00535	0.00356	0.00178	0.00446
12	0.00917	0.00606	0.00683	0.00590	0.00752	0.00626	0.00465	0.23736	0.01251	0.03334	0.31497	0.01956	0.01973	0.00615	0.00393	0.00115	0.00266	0.02063	0.27693	0.00468
13	0.88738	0.00776	0.00589	0.00527	0.00776	0.00900	0.00434	0.01179	0.00683	0.01799	0.00558	0.00651	0.00434	0.00372	0.00248	0.00124	0.00310	0.00217	0.00248	0.00434
14	0.88738	0.00776	0.00589	0.00527	0.00776	0.00900	0.00434	0.01179	0.00683	0.01799	0.00558	0.00651	0.00434	0.00372	0.00248	0.00124	0.00310	0.00217	0.00248	0.00434
15	0.00947	0.01082	0.02366	0.01690	0.02096	0.01014	0.81947	0.01285	0.00947	0.01285	0.00811	0.01082	0.00609	0.00338	0.00473	0.00135	0.00676	0.00473	0.00203	0.00541
16	0.88738	0.00776	0.00589	0.00527	0.00776	0.00900	0.00434	0.01179	0.00683	0.01799	0.00558	0.00651	0.00434	0.00372	0.00248	0.00124	0.00310	0.00217	0.00248	0.00434
17	0.01072	0.86147	0.02102	0.00686	0.01029	0.01587	0.00686	0.01201	0.00815	0.00944	0.00558	0.00643	0.00515	0.00343	0.00257	0.00086	0.00429	0.00214	0.00172	0.00515
18	0.00849	0.00711	0.00761	0.00692	0.00882	0.00779	0.00534	0.05550	0.49544	0.01571	0.12283	0.04525	0.18255	0.00692	0.00432	0.00135	0.00282	0.00582	0.00404	0.00536
19	0.00489	0.00349	0.00465	0.00558	0.00582	0.00326	0.00372	0.00558	0.00768	0.01024	0.02210	0.85644	0.02653	0.01256	0.00512	0.00163	0.00233	0.01140	0.00372	0.00326
20	0.01217	0.00900	0.00974	0.00822	0.01079	0.01003	0.00654	0.23670	0.49950	0.10536	0.01437	0.01338	0.01048	0.00520	0.00402	0.00129	0.00350	0.00421	0.02904	0.00645
21	0.88738	0.00776	0.00589	0.00527	0.00776	0.00900	0.00434	0.01179	0.00683	0.01799	0.00558	0.00651	0.00434	0.00372	0.00248	0.00124	0.00310	0.00217	0.00248	0.00434
22	0.02689	0.00758	0.00856	0.00712	0.00946	0.00792	0.00567	0.23361	0.17542	0.21889	0.03066	0.05735	0.05722	0.02993	0.00444	0.00132	0.00331	0.00469	0.10419	0.00578
23	0.00562	0.00422	0.00497	0.00508	0.00611	0.00386	0.00374	0.00728	0.04791	0.03171	0.22030	0.25180	0.34536	0.01002	0.00482	0.00142	0.00222	0.03597	0.00393	0.00368
24	0.36451	0.00727	0.00792	0.00643	0.00921	0.00731	0.00528	0.04628	0.00980	0.45706	0.01167	0.03345	0.00803	0.00467	0.00344	0.00125	0.00330	0.00347	0.00390	0.00574
25	0.01051	0.00757	0.00823	0.00731	0.00946	0.00840	0.00571	0.01900	0.58504	0.11959	0.03782	0.01520	0.01236	0.00535	0.00391	0.00128	0.00298	0.00443	0.12986	0.00596
26	0.00585	0.00399	0.00511	0.00562	0.00595	0.00393	0.00401	0.00648	0.00728	0.00961	0.01726	0.23591	0.01969	0.35356	0.01194	0.04699	0.00342	0.24732	0.00309	0.00298
27	0.00552	0.00381	0.00495	0.00559	0.00607	0.00359	0.00389	0.00664	0.02397	0.02998	0.09901	0.63944	0.04788	0.02912	0.00530	0.00161	0.00241	0.04941	0.02833	0.00347
28	0.14307	0.00800	0.00889	0.00710	0.00992	0.07263	0.00578	0.05628	0.01110	0.57305	0.04114	0.01249	0.00955	0.00482	0.00378	0.00122	0.00364	0.00373	0.01767	0.00614
29	0.00666	0.00365	0.00532	0.00532	0.00543	0.00376	0.00361	0.00558	0.00547	0.00740	0.00811	0.01414	0.00819	0.10112	0.14183	0.66196	0.00463	0.00384	0.00187	0.00209
30	0.22628	0.00883	0.01024	0.26308	0.02624	0.02922	0.00776	0.25325	0.03425	0.09133	0.00852	0.00965	0.00615	0.00430	0.00363	0.00126	0.00432	0.00328	0.00298	0.00543
31	0.04831	0.00981	0.04463	0.23318	0.38049	0.06861	0.02390	0.05968	0.00934	0.02162	0.00774	0.02624	0.00635	0.00449	0.01704	0.00133	0.02600	0.00360	0.00213	0.00550
32	0.01344	0.00793	0.03084	0.00718	0.00945	0.08532	0.00586	0.05876	0.03459	0.40541	0.03380	0.08853	0.02995	0.00580	0.00445	0.00125	0.04928	0.00462	0.11794	0.00558
33	0.00618	0.00448	0.00652	0.03150	0.00779	0.00502	0.00517	0.00773	0.02243	0.02593	0.04439	0.01940	0.04473	0.02430	0.60866	0.04667	0.00865	0.07432	0.00249	0.00364
34	0.00772	0.03798	0.14644	0.00883	0.03638	0.01978	0.02330	0.03463	0.00804	0.03065	0.04246	0.25231	0.02840	0.04565	0.04549	0.00182	0.21707	0.00601	0.00265	0.00441
35	0.00980	0.43760	0.21655	0.07462	0.03364	0.01267	0.07487	0.04907	0.02000	0.01149	0.00697	0.02347	0.00581	0.00382	0.00332	0.00108	0.00493	0.00296	0.00192	0.00539
36	0.37869	0.05017	0.01951	0.09592	0.14664	0.02612	0.00637	0.02658	0.00755	0.01375	0.00763	0.01167	0.00700	0.17994	0.00666	0.00176	0.00398	0.00335	0.00229	0.00441
37	0.02833	0.03598	0.03761	0.01017	0.13049	0.00665	0.09856	0.00996	0.04730	0.06325	0.07791	0.29229	0.07873	0.00820	0.02141	0.00150	0.03701	0.00691	0.00315	0.00460
38	0.02798	0.00474	0.01998	0.00583	0.00665	0.00451	0.01990	0.02988	0.02536	0.04758	0.01340	0.12383	0.08687	0.06556	0.08416	0.39896	0.00396	0.00519	0.00256	0.02311
39	0.11608	0.31428	0.12671	0.00826	0.04411	0.01110	0.03009	0.07456	0.05050	0.03256	0.00861	0.02431	0.02021	0.00443	0.00366	0.01762	0.02344	0.00314	0.08118	0.00517
40	0.07820	0.19138	0.09726	0.01748	0.03411	0.06865	0.00759	0.03715	0.10193	0.01250	0.04417	0.05826	0.01676	0.00525	0.00528	0.00124	0.16080	0.00371	0.00244	0.05582
41	0.15115	0.18962	0.12910	0.00916	0.07702	0.00993	0.04467	0.06882	0.03123	0.04564	0.04730	0.02902	0.02499	0.00436	0.00366	0.00112	0.02564	0.00338	0.00251	0.10168

[dist]
# distance from previous block
# <min> <max>
0	42

[block]
# block no. 11 follows, 67 sequences, length 52
# corresponding to MSA columns:
# 436-487
name=unknown_L
#
# <colnr> <probs for GDERKNQSTAVLIFYWHMCP>
#	G	D	E	R	K	N	Q	S	T	A	V	L	I	F	Y	W	H	M	C	P
0	0.01011	0.13272	0.11407	0.06526	0.19337	0.08705	0.03365	0.07560	0.05459	0.02043	0.03193	0.04132	0.00783	0.00432	0.00384	0.00113	0.01681	0.00357	0.00238	0.10002
1	0.00581	0.00455	0.03132	0.00588	0.01745	0.00387	0.00440	0.00696	0.00858	0.04459	0.08628	0.43628	0.19584	0.03449	0.00538	0.00160	0.00261	0.09678	0.00370	0.00362
2	0.06779	0.12557	0.07472	0.03056	0.07784	0.07763	0.02360	0.18371	0.03758	0.05908	0.00932	0.03623	0.02557	0.00436	0.00356	0.00108	0.00430	0.00341	0.00278	0.15129
3	0.01795	0.00956	0.15758	0.05449	0.08971	0.00743	0.06808	0.03663	0.06900	0.14230	0.01041	0.03986	0.02268	0.00598	0.00588	0.13166	0.02308	0.00389	0.00271	0.10112
4	0.03492	0.13763	0.22114	0.02623	0.06175	0.04175	0.03344	0.15662	0.04487	0.02481	0.06003	0.03584	0.03097	0.01530	0.00425	0.00125	0.02457	0.02613	0.00267	0.01582
5	0.00904	0.22409	0.40181	0.14069	0.03565	0.02981	0.02686	0.01239	0.02635	0.02117	0.00703	0.00858	0.00541	0.00389	0.00386	0.00119	0.03195	0.00296	0.00183	0.00545
6	0.00804	0.00546	0.00695	0.02856	0.00832	0.00549	0.02156	0.06950	0.08679	0.10289	0.08881	0.21737	0.14212	0.02188	0.08236	0.00192	0.00366	0.06789	0.02601	0.00440
