[name]
unknown

[dist]
# distance from previous block
# <min> <max>
0	88

[block]
# block no. 0 follows, 69 sequences, length 10
# corresponding to MSA columns:
# 97-106
name=unknown_A
#
# <colnr> <probs for GDERKNQSTAVLIFYWHMCP>
#	G	D	E	R	K	N	Q	S	T	A	V	L	I	F	Y	W	H	M	C	P
0	0.01101	0.05666	0.13210	0.08591	0.01226	0.00828	0.00776	0.15803	0.04293	0.20198	0.01242	0.14095	0.01072	0.00605	0.00458	0.00132	0.05360	0.04476	0.00329	0.00540
1	0.00968	0.00942	0.01516	0.13659	0.51635	0.03844	0.08501	0.04489	0.04961	0.01281	0.00774	0.00998	0.00627	0.00382	0.00429	0.00122	0.03725	0.00361	0.00209	0.00575
2	0.06708	0.00879	0.02441	0.09176	0.34361	0.03121	0.12474	0.01291	0.01987	0.14596	0.02205	0.03074	0.00748	0.00403	0.00389	0.00119	0.00454	0.00380	0.00255	0.04940
3	0.01002	0.01041	0.04759	0.05266	0.60434	0.08404	0.04123	0.04578	0.00954	0.01299	0.03873	0.01020	0.00719	0.00378	0.00390	0.00117	0.00489	0.00356	0.00210	0.00586
4	0.04763	0.01010	0.08222	0.04333	0.07603	0.09638	0.16466	0.06357	0.02287	0.18098	0.04077	0.07325	0.00919	0.00479	0.00418	0.00122	0.02253	0.00425	0.00292	0.04914
5	0.06679	0.02216	0.04900	0.11329	0.27656	0.05009	0.12106	0.04049	0.09772	0.02427	0.00968	0.09381	0.00843	0.00469	0.00397	0.00126	0.00461	0.00433	0.00244	0.00534
6	0.02986	0.00932	0.01257	0.04909	0.40389	0.07708	0.02052	0.09131	0.07167	0.05317	0.06384	0.01226	0.04022	0.00448	0.00412	0.00119	0.02480	0.00389	0.00266	0.02408
7	0.02978	0.00979	0.04750	0.03084	0.15382	0.15637	0.05580	0.05687	0.05862	0.09393	0.04331	0.13588	0.04287	0.00574	0.00416	0.00124	0.01452	0.01759	0.00291	0.03846
8	0.12238	0.02448	0.10734	0.06641	0.08451	0.06455	0.06841	0.07700	0.06531	0.11804	0.04943	0.02301	0.02566	0.00440	0.00369	0.00116	0.00424	0.00364	0.00283	0.08349
9	0.04175	0.02280	0.12514	0.04429	0.08853	0.06113	0.06382	0.06912	0.08101	0.15738	0.06637	0.05324	0.02223	0.00504	0.00436	0.00124	0.04611	0.00418	0.01842	0.02382

[dist]
# distance from previous block
# <min> <max>
17	148

[block]
# block no. 1 follows, 69 sequences, length 14
# corresponding to MSA columns:
# 255-268
name=unknown_B
#
# <colnr> <probs for GDERKNQSTAVLIFYWHMCP>
#	G	D	E	R	K	N	Q	S	T	A	V	L	I	F	Y	W	H	M	C	P
0	0.04264	0.11621	0.16943	0.03021	0.07781	0.01767	0.06346	0.10788	0.05978	0.04762	0.05005	0.02936	0.02708	0.03213	0.00479	0.00128	0.05419	0.01983	0.00259	0.04599
1	0.04478	0.05578	0.04407	0.00749	0.03051	0.04243	0.02630	0.10083	0.08845	0.09647	0.10712	0.06868	0.06092	0.05188	0.04348	0.00156	0.02431	0.01522	0.00320	0.08652
2	0.06713	0.08829	0.06771	0.00852	0.07123	0.00794	0.04882	0.10367	0.07326	0.02949	0.12174	0.05731	0.06196	0.02624	0.00466	0.02317	0.01350	0.04432	0.00299	0.07806
3	0.02593	0.10808	0.13197	0.01926	0.08631	0.04747	0.03790	0.07302	0.04509	0.08771	0.02829	0.10944	0.02899	0.03790	0.01579	0.00135	0.00419	0.03025	0.00277	0.07830
4	0.07763	0.07381	0.13103	0.00671	0.00900	0.04393	0.00610	0.01047	0.04748	0.08330	0.12345	0.13647	0.09383	0.03155	0.04054	0.00151	0.01654	0.00528	0.00303	0.05833
5	0.07114	0.13894	0.14040	0.02483	0.05229	0.06183	0.07582	0.09666	0.06396	0.02999	0.05754	0.04553	0.06062	0.02563	0.00414	0.00125	0.00432	0.02406	0.00266	0.01840
6	0.02319	0.06809	0.09493	0.00725	0.03024	0.06251	0.01850	0.03857	0.07712	0.06148	0.05452	0.14894	0.14907	0.05018	0.02939	0.00151	0.00374	0.01460	0.00304	0.06310
7	0.06780	0.24338	0.13943	0.03525	0.02993	0.04541	0.05264	0.05642	0.04740	0.03499	0.03199	0.04583	0.07501	0.03232	0.01276	0.00125	0.00428	0.00383	0.00244	0.03764
8	0.04344	0.09014	0.15236	0.00795	0.02921	0.00739	0.04716	0.03960	0.00869	0.07958	0.06171	0.15468	0.03932	0.02395	0.02430	0.00135	0.04142	0.00484	0.00274	0.14017
9	0.04612	0.37680	0.11349	0.00951	0.09634	0.09750	0.02543	0.04569	0.03199	0.01156	0.02323	0.06316	0.00738	0.00426	0.00326	0.00104	0.00450	0.00325	0.00213	0.03337
10	0.03952	0.42588	0.10544	0.00796	0.02617	0.07299	0.00747	0.10112	0.05161	0.06679	0.03830	0.00875	0.00707	0.00397	0.00315	0.00101	0.00434	0.00283	0.00241	0.02325
11	0.03292	0.04140	0.07243	0.02567	0.10793	0.02854	0.03099	0.10192	0.02801	0.03890	0.02679	0.01032	0.03765	0.00394	0.00373	0.00095	0.03107	0.00318	0.00254	0.37111
12	0.06574	0.00647	0.04039	0.02416	0.04932	0.05705	0.00539	0.00983	0.05168	0.10458	0.06727	0.38780	0.03972	0.00897	0.02749	0.00152	0.00333	0.02268	0.00338	0.02321
13	0.00726	0.03793	0.06175	0.04781	0.05002	0.00551	0.02815	0.00835	0.00716	0.06887	0.01224	0.12445	0.02323	0.31965	0.11042	0.02845	0.00463	0.00533	0.00254	0.04627

[dist]
# distance from previous block
# <min> <max>
0	1

[block]
# block no. 2 follows, 69 sequences, length 17
# corresponding to MSA columns:
# 274-290
name=unknown_C
#
# <colnr> <probs for GDERKNQSTAVLIFYWHMCP>
#	G	D	E	R	K	N	Q	S	T	A	V	L	I	F	Y	W	H	M	C	P
0	0.01121	0.08636	0.23681	0.03968	0.09536	0.03294	0.07461	0.09043	0.06900	0.17311	0.00973	0.01070	0.00712	0.00419	0.00380	0.00119	0.00471	0.01907	0.00278	0.02720
1	0.00961	0.02566	0.15761	0.01095	0.01420	0.00805	0.28370	0.06076	0.04117	0.11482	0.04157	0.04772	0.01111	0.00547	0.00440	0.00136	0.00486	0.13606	0.01569	0.00523
2	0.00563	0.00391	0.00493	0.00496	0.00519	0.00412	0.00322	0.00610	0.00596	0.00817	0.01214	0.05588	0.01331	0.56492	0.28062	0.00450	0.00586	0.00545	0.00234	0.00276
3	0.02812	0.00988	0.03215	0.07243	0.30059	0.04308	0.15982	0.13660	0.04852	0.10307	0.00889	0.01027	0.00668	0.00398	0.00414	0.00122	0.01830	0.00372	0.00264	0.00589
4	0.06279	0.29528	0.10050	0.05772	0.05981	0.07730	0.02593	0.11087	0.00960	0.06021	0.00704	0.00810	0.00559	0.00392	0.00377	0.00107	0.05164	0.00280	0.00226	0.05381
5	0.00512	0.00394	0.00467	0.00460	0.00562	0.00350	0.00341	0.00652	0.00991	0.01317	0.44606	0.10783	0.35319	0.00916	0.00466	0.00130	0.00194	0.00793	0.00399	0.00350
6	0.00579	0.00383	0.00464	0.00492	0.00522	0.00369	0.00318	0.00622	0.00683	0.03612	0.01727	0.29154	0.05824	0.46677	0.01298	0.00276	0.00320	0.06089	0.00300	0.00290
7	0.06786	0.11956	0.10854	0.03610	0.09707	0.07571	0.08748	0.14061	0.03004	0.18619	0.00911	0.00962	0.00658	0.00406	0.00367	0.00116	0.00466	0.00332	0.00287	0.00578
8	0.00892	0.00826	0.01377	0.34598	0.42791	0.00922	0.01112	0.01121	0.00831	0.03335	0.00724	0.00999	0.00583	0.00399	0.00467	0.00127	0.07821	0.00350	0.00192	0.00533
9	0.00574	0.00380	0.00438	0.00438	0.00440	0.00382	0.00250	0.00572	0.00570	0.00762	0.01208	0.02478	0.01382	0.80159	0.04800	0.03736	0.00401	0.00556	0.00234	0.00239
10	0.14099	0.03925	0.10906	0.04240	0.09515	0.08197	0.20715	0.08708	0.07078	0.04247	0.02622	0.00982	0.00678	0.00401	0.00395	0.00123	0.02035	0.00353	0.00246	0.00536
11	0.07759	0.01960	0.06492	0.00768	0.05280	0.02052	0.04283	0.04426	0.02392	0.14888	0.11221	0.05027	0.12320	0.00566	0.00388	0.00114	0.00334	0.02671	0.00324	0.16737
12	0.08247	0.07444	0.04298	0.04622	0.03969	0.06219	0.03701	0.20156	0.04766	0.06135	0.02881	0.02909	0.00773	0.00429	0.00353	0.00105	0.00402	0.01773	0.00287	0.20530
13	0.03496	0.14041	0.11305	0.02755	0.03692	0.08633	0.09597	0.04651	0.05773	0.12406	0.02662	0.08049	0.02486	0.01675	0.00397	0.00119	0.00440	0.01180	0.00275	0.06367
14	0.05128	0.12894	0.24988	0.04243	0.08975	0.05898	0.06571	0.01267	0.09049	0.03598	0.04909	0.03960	0.02329	0.00441	0.00367	0.00117	0.00461	0.00367	0.00235	0.04201
15	0.08032	0.14811	0.29565	0.04924	0.05906	0.02264	0.03981	0.08077	0.04727	0.06303	0.03981	0.01004	0.02112	0.00412	0.00355	0.00116	0.00461	0.00325	0.00240	0.02404
16	0.05626	0.19986	0.19541	0.00973	0.07891	0.02631	0.04281	0.08760	0.09552	0.09674	0.05529	0.01078	0.01973	0.00430	0.00357	0.00114	0.00433	0.00343	0.00269	0.00559

[dist]
# distance from previous block
# <min> <max>
20	43

[block]
# block no. 3 follows, 69 sequences, length 6
# corresponding to MSA columns:
# 344-349
name=unknown_D
#
# <colnr> <probs for GDERKNQSTAVLIFYWHMCP>
#	G	D	E	R	K	N	Q	S	T	A	V	L	I	F	Y	W	H	M	C	P
0	0.02754	0.04419	0.26580	0.04952	0.12302	0.02485	0.14819	0.01232	0.06257	0.04506	0.02439	0.06560	0.00834	0.00452	0.00394	0.00123	0.00486	0.02262	0.00232	0.05912
1	0.02856	0.01008	0.13830	0.04988	0.14930	0.00807	0.14127	0.04395	0.07066	0.07071	0.00912	0.03073	0.00726	0.00400	0.00379	0.00111	0.00444	0.01815	0.00250	0.20812
2	0.08107	0.04500	0.14886	0.02687	0.23812	0.06314	0.02363	0.03829	0.09976	0.01330	0.02297	0.03183	0.00732	0.00425	0.00412	0.00117	0.05049	0.00343	0.00233	0.09405
3	0.00555	0.00424	0.00520	0.00569	0.00645	0.00414	0.00416	0.00765	0.10064	0.01132	0.06280	0.47920	0.16289	0.01071	0.00486	0.00153	0.00247	0.11316	0.00371	0.00362
4	0.01283	0.00961	0.01030	0.00815	0.01089	0.01051	0.00665	0.62345	0.08306	0.02196	0.05761	0.01408	0.10196	0.00552	0.00404	0.00121	0.00382	0.00433	0.00392	0.00609
5	0.00939	0.00940	0.06776	0.16913	0.51049	0.00934	0.01132	0.01171	0.00846	0.04820	0.00738	0.00978	0.00599	0.00402	0.00489	0.00126	0.10036	0.00347	0.00199	0.00566

[dist]
# distance from previous block
# <min> <max>
0	2

[block]
# block no. 4 follows, 69 sequences, length 62
# corresponding to MSA columns:
# 352-358,360-414
name=unknown_E
#
# <colnr> <probs for GDERKNQSTAVLIFYWHMCP>
#	G	D	E	R	K	N	Q	S	T	A	V	L	I	F	Y	W	H	M	C	P
0	0.00802	0.00642	0.01078	0.28095	0.05762	0.00674	0.12623	0.02923	0.00861	0.09111	0.01369	0.28733	0.03135	0.00686	0.00441	0.00139	0.00414	0.01783	0.00282	0.00445
1	0.00817	0.00772	0.01305	0.53544	0.31415	0.00879	0.01110	0.01066	0.00831	0.01116	0.02984	0.01070	0.00645	0.00388	0.00393	0.00125	0.00493	0.00359	0.00188	0.00500
2	0.00943	0.00994	0.11267	0.05320	0.48587	0.01679	0.07822	0.01189	0.00893	0.06907	0.01015	0.05847	0.04164	0.00444	0.00403	0.00123	0.00466	0.01137	0.00228	0.00571
3	0.00757	0.00525	0.00785	0.15689	0.01965	0.00528	0.04900	0.00934	0.02696	0.12024	0.07322	0.29940	0.08187	0.00844	0.00462	0.00145	0.00333	0.11208	0.00341	0.00416
4	0.02111	0.05678	0.07329	0.01027	0.03982	0.38828	0.06407	0.13156	0.04910	0.09163	0.00836	0.00942	0.00645	0.00430	0.00382	0.00113	0.01482	0.01784	0.00263	0.00533
5	0.00909	0.00866	0.01445	0.23470	0.57579	0.00924	0.01140	0.01185	0.04534	0.01218	0.00761	0.01009	0.00619	0.00376	0.00409	0.00122	0.02312	0.00353	0.00198	0.00569
6	0.00566	0.00435	0.00545	0.00548	0.00661	0.00379	0.00402	0.00682	0.00831	0.01141	0.10961	0.43909	0.10558	0.00955	0.00454	0.00134	0.00245	0.08120	0.00345	0.18130
7	0.01270	0.00966	0.01045	0.00823	0.01120	0.01038	0.00669	0.48885	0.21220	0.03994	0.01076	0.01056	0.00788	0.00458	0.00378	0.00112	0.00379	0.00357	0.00372	0.13993
8	0.00509	0.00378	0.00474	0.00495	0.00569	0.00343	0.00354	0.00634	0.00935	0.01263	0.38239	0.34015	0.18358	0.00997	0.00477	0.00138	0.00203	0.00882	0.00394	0.00343
9	0.01646	0.00689	0.00911	0.00703	0.00998	0.00618	0.00579	0.08187	0.01155	0.70685	0.03360	0.01329	0.00997	0.00552	0.02700	0.00133	0.00356	0.00394	0.00461	0.03548
10	0.02816	0.04007	0.56731	0.01189	0.06459	0.00935	0.10641	0.04545	0.03837	0.01323	0.03386	0.00947	0.00648	0.00388	0.00382	0.00123	0.00543	0.00331	0.00199	0.00569
11	0.00478	0.00341	0.00455	0.00546	0.00569	0.00318	0.00364	0.00546	0.00751	0.01001	0.02161	0.85966	0.02593	0.01228	0.00500	0.00159	0.00227	0.01114	0.00364	0.00318
12	0.00961	0.00922	0.01574	0.05782	0.80474	0.00929	0.01198	0.01195	0.00888	0.01269	0.00736	0.00973	0.00617	0.00351	0.00388	0.00117	0.00468	0.00349	0.00193	0.00613
13	0.01381	0.00809	0.01230	0.05701	0.03581	0.00787	0.16046	0.13461	0.05214	0.40812	0.01279	0.01380	0.00905	0.00481	0.00415	0.00127	0.00424	0.04978	0.00381	0.00607
14	0.03258	0.00616	0.00746	0.02768	0.00866	0.00640	0.02322	0.25058	0.01105	0.03411	0.03648	0.45299	0.05314	0.00898	0.00453	0.00142	0.00310	0.02337	0.00365	0.00443
15	0.00703	0.00523	0.00630	0.00571	0.00703	0.00526	0.00437	0.06928	0.13597	0.02872	0.62471	0.02552	0.04460	0.00735	0.00447	0.00124	0.00224	0.00640	0.00423	0.00433
16	0.00997	0.02922	0.03989	0.09888	0.19406	0.02350	0.07943	0.14691	0.03841	0.04648	0.02883	0.03072	0.03419	0.00435	0.00403	0.00112	0.02440	0.00379	0.00263	0.15919
17	0.00842	0.00819	0.01192	0.18814	0.28939	0.07013	0.02811	0.01030	0.00806	0.01086	0.02951	0.01215	0.03008	0.02834	0.14833	0.00219	0.10527	0.00383	0.00202	0.00477
18	0.00844	0.00696	0.00816	0.00585	0.00931	0.00524	0.00468	0.01018	0.00823	0.04013	0.00725	0.00830	0.00594	0.00297	0.00294	0.00060	0.00292	0.00238	0.00241	0.85712
19	0.00852	0.09507	0.56893	0.01167	0.01671	0.00982	0.17461	0.03120	0.00862	0.01234	0.00712	0.00865	0.00524	0.00381	0.00401	0.01741	0.00573	0.00319	0.00178	0.00557
20	0.00616	0.00447	0.00540	0.00527	0.00625	0.01938	0.00391	0.00816	0.05213	0.04151	0.49895	0.18823	0.09724	0.00864	0.00459	0.00131	0.00217	0.01795	0.02448	0.00381
21	0.00534	0.00400	0.00495	0.00471	0.00573	0.00361	0.00353	0.00699	0.01060	0.01455	0.65345	0.03122	0.21998	0.00845	0.00463	0.00125	0.00188	0.00736	0.00416	0.00361
22	0.00827	0.12094	0.68909	0.01099	0.01637	0.00993	0.06718	0.01234	0.00830	0.01204	0.00690	0.00819	0.00504	0.00365	0.00364	0.00120	0.00566	0.00292	0.00168	0.00567
23	0.00684	0.00349	0.00518	0.00512	0.00521	0.00345	0.00343	0.00522	0.00518	0.00695	0.00681	0.01183	0.00679	0.01337	0.01503	0.86500	0.00339	0.00338	0.00172	0.02262
24	0.00810	0.00642	0.00860	0.00762	0.00891	0.01796	0.05532	0.01182	0.21886	0.05957	0.05060	0.01517	0.01101	0.07746	0.28373	0.04505	0.10219	0.00437	0.00280	0.00443
25	0.01048	0.86458	0.02054	0.00671	0.01006	0.01551	0.00671	0.01174	0.00797	0.00922	0.00545	0.00629	0.00503	0.00335	0.00252	0.00084	0.00419	0.00210	0.00168	0.00503
26	0.00786	0.00513	0.00649	0.02883	0.00762	0.00511	0.02674	0.01111	0.13281	0.09053	0.39600	0.02101	0.02254	0.00623	0.00400	0.00117	0.00241	0.00540	0.20229	0.01672
27	0.01223	0.40418	0.01532	0.00774	0.01084	0.01316	0.00688	0.31044	0.12732	0.04327	0.00870	0.00883	0.00676	0.00417	0.00328	0.00104	0.00406	0.00301	0.00293	0.00585
28	0.01681	0.00792	0.00987	0.00757	0.01063	0.00761	0.00625	0.25210	0.01331	0.60454	0.01372	0.01221	0.00883	0.00481	0.00394	0.00120	0.00362	0.00382	0.00458	0.00667
29	0.01096	0.00881	0.01194	0.07158	0.04703	0.04990	0.13311	0.17187	0.06517	0.11451	0.02505	0.05840	0.00885	0.00485	0.00437	0.00118	0.04251	0.02335	0.00304	0.14353
30	0.00966	0.66779	0.03731	0.00678	0.00965	0.03190	0.00653	0.01091	0.00770	0.00921	0.00631	0.00791	0.00581	0.00765	0.13087	0.02984	0.00523	0.00249	0.00175	0.00470
31	0.00813	0.00697	0.00813	0.00581	0.00929	0.00523	0.00465	0.00987	0.00813	0.01277	0.00697	0.00813	0.00581	0.00290	0.00290	0.00058	0.00290	0.00232	0.00232	0.88619
32	0.02660	0.00627	0.00941	0.33660	0.11032	0.02781	0.01666	0.00894	0.00785	0.01068	0.09080	0.06577	0.01143	0.09540	0.15658	0.00244	0.00546	0.00461	0.00229	0.00409
33	0.00506	0.00358	0.00469	0.00540	0.00567	0.00343	0.00366	0.00576	0.00738	0.00986	0.03957	0.63360	0.02373	0.14403	0.03037	0.00207	0.00281	0.06281	0.00342	0.00311
34	0.00583	0.00426	0.00550	0.00597	0.00650	0.03033	0.02631	0.00666	0.00793	0.04885	0.04056	0.74940	0.02424	0.01132	0.00489	0.00154	0.00258	0.01026	0.00362	0.00346
35	0.00828	0.00490	0.00621	0.00554	0.00700	0.00456	0.00427	0.02926	0.05297	0.18031	0.50326	0.06907	0.09352	0.00754	0.00446	0.00126	0.00230	0.00655	0.00431	0.00443
36	0.01130	0.03302	0.03389	0.01089	0.05078	0.04916	0.14521	0.13876	0.03190	0.13755	0.02455	0.01064	0.00725	0.02538	0.00716	0.00143	0.26929	0.00379	0.00272	0.00534
37	0.00474	0.00379	0.00426	0.00461	0.00553	0.00331	0.00333	0.00566	0.00843	0.01042	0.03263	0.32897	0.52027	0.01079	0.00479	0.00144	0.00215	0.03795	0.00364	0.00328
38	0.00970	0.00931	0.01591	0.02406	0.83777	0.00931	0.01203	0.01203	0.00893	0.01281	0.00737	0.00970	0.00621	0.00349	0.00388	0.00116	0.00466	0.00349	0.00194	0.00621
39	0.01463	0.00966	0.01962	0.00830	0.01127	0.01024	0.00687	0.54811	0.08300	0.19169	0.01132	0.01087	0.00786	0.00477	0.00388	0.00119	0.00392	0.00369	0.04263	0.00649
40	0.00967	0.00788	0.01250	0.01018	0.03248	0.00835	0.21533	0.16178	0.05434	0.07606	0.02778	0.01261	0.00857	0.01234	0.27030	0.00287	0.05701	0.00417	0.01073	0.00505
41	0.00819	0.00763	0.01207	0.43080	0.22706	0.00829	0.00978	0.01047	0.00809	0.01127	0.00699	0.00970	0.00559	0.00373	0.00410	0.00114	0.04261	0.00324	0.00191	0.18734
42	0.01464	0.01868	0.01111	0.01010	0.01212	0.84648	0.00757	0.01565	0.01111	0.00959	0.00606	0.00707	0.00505	0.00404	0.00353	0.00101	0.00707	0.00252	0.00202	0.00454
43	0.00735	0.00551	0.00635	0.00585	0.00734	0.00565	0.00452	0.02908	0.24072	0.04953	0.34848	0.02521	0.16610	0.00790	0.02518	0.00141	0.00260	0.02820	0.02851	0.00451
44	0.00536	0.00400	0.00497	0.00473	0.00574	0.00362	0.00355	0.00702	0.01064	0.01464	0.66735	0.03107	0.20601	0.00842	0.00463	0.00125	0.00188	0.00734	0.00417	0.00362
45	0.03647	0.02744	0.00995	0.00697	0.01046	0.00618	0.08913	0.02379	0.00837	0.01302	0.00702	0.00830	0.00577	0.00301	0.00307	0.00069	0.00334	0.00257	0.00230	0.73214
46	0.00538	0.00400	0.00501	0.00476	0.00576	0.00363	0.00357	0.00708	0.01071	0.01480	0.69267	0.03080	0.18060	0.00836	0.00463	0.00125	0.00187	0.00730	0.00419	0.00363
47	0.00813	0.00697	0.00813	0.00581	0.00929	0.00523	0.00465	0.00987	0.00813	0.01277	0.00697	0.00813	0.00581	0.00290	0.00290	0.00058	0.00290	0.00232	0.00232	0.88619
48	0.11920	0.05149	0.01029	0.06243	0.01148	0.03179	0.01786	0.33561	0.07648	0.10940	0.03790	0.01172	0.04871	0.00475	0.00368	0.00116	0.00384	0.00367	0.00343	0.05510
49	0.00874	0.00885	0.01198	0.01029	0.01034	0.03484	0.00855	0.00960	0.00614	0.00944	0.00517	0.00854	0.00514	0.00678	0.01261	0.00170	0.83184	0.00341	0.00172	0.00430
50	0.00681	0.00340	0.00511	0.00511	0.00511	0.00340	0.00340	0.00511	0.00511	0.00681	0.00681	0.01192	0.00681	0.01362	0.01532	0.88594	0.00340	0.00340	0.00170	0.00170
51	0.04185	0.01073	0.01442	0.01092	0.01411	0.05811	0.24034	0.43698	0.03379	0.05992	0.00946	0.01085	0.00703	0.00443	0.00410	0.00123	0.00499	0.02751	0.00325	0.00597
52	0.00917	0.00676	0.00966	0.00830	0.01002	0.02942	0.13171	0.10294	0.04593	0.12579	0.03802	0.30793	0.01627	0.02905	0.00525	0.00149	0.03173	0.08246	0.00347	0.00462
53	0.00963	0.00924	0.01578	0.05136	0.81106	0.00929	0.01199	0.01197	0.00889	0.01272	0.00736	0.00973	0.00618	0.00351	0.00388	0.00117	0.00468	0.00349	0.00193	0.00615
54	0.00781	0.00729	0.01215	0.75275	0.10380	0.00885	0.01091	0.03065	0.00821	0.01065	0.00707	0.01035	0.00536	0.00390	0.00392	0.00129	0.00515	0.00349	0.00182	0.00459
55	0.03709	0.29542	0.50015	0.00981	0.03961	0.01111	0.01132	0.01232	0.00822	0.03232	0.00669	0.00774	0.00512	0.00362	0.00330	0.00111	0.00509	0.00266	0.00178	0.00553
56	0.00560	0.00420	0.00630	0.00630	0.00700	0.00490	0.00490	0.00700	0.00630	0.00910	0.01050	0.01540	0.00980	0.02940	0.84669	0.00630	0.01050	0.00420	0.00210	0.00350
57	0.00478	0.00341	0.00455	0.00546	0.00569	0.00318	0.00364	0.00546	0.00751	0.01001	0.02161	0.85966	0.02593	0.01228	0.00500	0.00159	0.00227	0.01114	0.00364	0.00318
58	0.01406	0.01068	0.01361	0.01023	0.01350	0.01143	0.15014	0.64043	0.01645	0.06530	0.00947	0.00982	0.00670	0.00447	0.00405	0.00120	0.00466	0.00374	0.00363	0.00643
59	0.42018	0.00952	0.00879	0.00724	0.00982	0.05131	0.00592	0.36152	0.01195	0.01981	0.00757	0.02818	0.00588	0.00443	0.00353	0.00121	0.03183	0.00301	0.00306	0.00528
60	0.00885	0.00850	0.01463	0.32707	0.51408	0.00911	0.03843	0.01131	0.00854	0.01178	0.00724	0.01001	0.00584	0.00364	0.00392	0.00122	0.00493	0.00353	0.00187	0.00550
61	0.00922	0.00799	0.01193	0.62481	0.05764	0.00952	0.01015	0.19663	0.01031	0.01350	0.00754	0.01018	0.00560	0.00408	0.00392	0.00127	0.00499	0.00349	0.00225	0.00496

[dist]
# distance from previous block
# <min> <max>
0	1

[block]
# block no. 5 follows, 69 sequences, length 24
# corresponding to MSA columns:
# 416-439
name=unknown_F
#
# <colnr> <probs for GDERKNQSTAVLIFYWHMCP>
#	G	D	E	R	K	N	Q	S	T	A	V	L	I	F	Y	W	H	M	C	P
0	0.65594	0.00680	0.00579	0.00542	0.00741	0.00769	0.00434	0.03732	0.00744	0.01634	0.03585	0.13921	0.00955	0.00547	0.00308	0.00130	0.00295	0.04122	0.00278	0.00412
1	0.00509	0.00395	0.00462	0.00483	0.00578	0.00354	0.00362	0.00625	0.00896	0.01146	0.18098	0.17508	0.41044	0.04789	0.00547	0.00152	0.00230	0.11115	0.00371	0.00336
2	0.09124	0.01795	0.69029	0.01027	0.01548	0.00891	0.01277	0.01298	0.03527	0.05858	0.00764	0.00858	0.00539	0.00383	0.00362	0.00124	0.00531	0.00293	0.00198	0.00571
3	0.00944	0.00904	0.01543	0.11985	0.74406	0.00924	0.01190	0.01180	0.00880	0.01249	0.00733	0.00979	0.00610	0.00354	0.00389	0.00118	0.00472	0.00349	0.00192	0.00600
4	0.00895	0.00743	0.01079	0.12204	0.11683	0.00676	0.07584	0.02741	0.02831	0.07034	0.00898	0.05793	0.00760	0.00402	0.00358	0.00096	0.00379	0.01510	0.00251	0.42082
5	0.02992	0.00708	0.00875	0.00639	0.00973	0.00563	0.03847	0.02694	0.00861	0.08884	0.00821	0.03269	0.00672	0.00342	0.00314	0.00072	0.00311	0.00283	0.00261	0.70617
6	0.00571	0.00384	0.00454	0.00454	0.00463	0.00393	0.00271	0.00585	0.00576	0.00777	0.01201	0.02410	0.01355	0.74207	0.12087	0.02323	0.00461	0.00547	0.00233	0.00250
7	0.00969	0.05365	0.26772	0.10166	0.05117	0.04370	0.24678	0.03331	0.02725	0.08531	0.00866	0.02719	0.00661	0.00404	0.00403	0.00125	0.00549	0.01479	0.00224	0.00545
8	0.00478	0.00341	0.00455	0.00546	0.00569	0.00318	0.00364	0.00546	0.00751	0.01001	0.02161	0.85966	0.02593	0.01228	0.00500	0.00159	0.00227	0.01114	0.00364	0.00318
9	0.00813	0.00697	0.00813	0.00581	0.00929	0.00523	0.00465	0.00987	0.00813	0.01277	0.00697	0.00813	0.00581	0.00290	0.00290	0.00058	0.00290	0.00232	0.00232	0.88619
10	0.01103	0.21925	0.07137	0.02378	0.27624	0.01997	0.05135	0.14817	0.02137	0.06245	0.00776	0.00895	0.00612	0.00384	0.00375	0.00110	0.02322	0.00317	0.00239	0.03471
11	0.00551	0.00389	0.00479	0.00482	0.00524	0.00391	0.00322	0.00604	0.00671	0.00896	0.06520	0.07061	0.13867	0.41456	0.19916	0.04236	0.00480	0.00604	0.00266	0.00286
12	0.00463	0.00397	0.00397	0.00397	0.00530	0.00331	0.00298	0.00563	0.00894	0.01059	0.03971	0.03773	0.83618	0.00993	0.00463	0.00132	0.00199	0.00827	0.00364	0.00331
13	0.01185	0.00821	0.01375	0.17939	0.21969	0.00823	0.14769	0.03276	0.04146	0.28122	0.01039	0.01136	0.00734	0.00408	0.00404	0.00124	0.00461	0.00387	0.00298	0.00585
14	0.00980	0.31262	0.31065	0.01074	0.03915	0.01127	0.16905	0.01267	0.00859	0.07031	0.00727	0.00843	0.00556	0.00359	0.00350	0.00111	0.00518	0.00305	0.00196	0.00550
15	0.00975	0.00842	0.00886	0.00798	0.01019	0.00975	0.00621	0.02083	0.83069	0.01640	0.01596	0.01463	0.01197	0.00532	0.00399	0.00133	0.00310	0.00443	0.00399	0.00621
16	0.67632	0.11495	0.00851	0.00672	0.05500	0.06190	0.00520	0.01184	0.00724	0.01578	0.00560	0.00659	0.00450	0.00362	0.00259	0.00115	0.00352	0.00222	0.00228	0.00447
17	0.00463	0.00397	0.00397	0.00397	0.00530	0.00331	0.00298	0.00563	0.00894	0.01059	0.03971	0.03773	0.83618	0.00993	0.00463	0.00132	0.00199	0.00827	0.00364	0.00331
18	0.06209	0.01101	0.24663	0.00885	0.01235	0.00780	0.05889	0.05704	0.11051	0.26671	0.03535	0.01445	0.00983	0.00503	0.00399	0.00129	0.00423	0.07482	0.00335	0.00579
19	0.00872	0.08018	0.47997	0.01057	0.01509	0.00975	0.10273	0.04045	0.16472	0.01330	0.00966	0.01041	0.02869	0.00415	0.00382	0.00124	0.00510	0.00349	0.00226	0.00572
20	0.00653	0.00503	0.00781	0.00802	0.00918	0.00496	0.08172	0.00844	0.00899	0.01175	0.01960	0.07067	0.02115	0.01019	0.00533	0.00175	0.00384	0.70784	0.00346	0.00375
21	0.00750	0.00706	0.01193	0.81869	0.06037	0.00873	0.01093	0.01010	0.00788	0.01013	0.00698	0.01042	0.00527	0.00390	0.00392	0.00130	0.00520	0.00348	0.00175	0.00443
22	0.01151	0.45450	0.06964	0.00919	0.05283	0.16080	0.03610	0.12027	0.00997	0.01185	0.00636	0.00734	0.00534	0.00377	0.00336	0.00099	0.02625	0.00260	0.00206	0.00526
23	0.03322	0.00770	0.00895	0.00734	0.00992	0.03212	0.00591	0.07795	0.24112	0.43243	0.04687	0.01441	0.03828	0.00525	0.00412	0.00125	0.01852	0.00422	0.00429	0.00616

[dist]
# distance from previous block
# <min> <max>
0	15

[block]
# block no. 6 follows, 69 sequences, length 36
# corresponding to MSA columns:
# 455-490
name=unknown_G
#
# <colnr> <probs for GDERKNQSTAVLIFYWHMCP>
#	G	D	E	R	K	N	Q	S	T	A	V	L	I	F	Y	W	H	M	C	P
0	0.01304	0.35092	0.04659	0.00820	0.03094	0.06961	0.03752	0.06092	0.06049	0.27091	0.00970	0.00956	0.00707	0.00408	0.00336	0.00106	0.00423	0.00309	0.00298	0.00574
1	0.03161	0.15490	0.33139	0.00972	0.01377	0.08295	0.08219	0.04899	0.03918	0.14113	0.00872	0.02373	0.00648	0.00407	0.00363	0.00116	0.00504	0.00326	0.00245	0.00562
2	0.01012	0.00927	0.07944	0.09522	0.16739	0.00843	0.19975	0.06593	0.06768	0.12291	0.04560	0.01477	0.00970	0.00478	0.00424	0.00130	0.00474	0.08039	0.00283	0.00552
3	0.03624	0.00967	0.01063	0.04008	0.07085	0.02838	0.00727	0.35296	0.35473	0.01920	0.01169	0.01149	0.00868	0.00478	0.00388	0.00123	0.00387	0.00383	0.00363	0.01691
4	0.00485	0.00347	0.00463	0.00552	0.00578	0.00325	0.00374	0.00560	0.00764	0.01020	0.03892	0.81016	0.02603	0.01213	0.00501	0.00159	0.00232	0.04228	0.00365	0.00321
5	0.00953	0.00896	0.01524	0.13453	0.71533	0.00917	0.01177	0.01188	0.00882	0.02652	0.00746	0.00986	0.00614	0.00357	0.00389	0.00118	0.00471	0.00350	0.00196	0.00597
6	0.01015	0.04459	0.21472	0.01358	0.03175	0.00981	0.44821	0.08888	0.00998	0.07716	0.00833	0.00996	0.00604	0.00366	0.00420	0.00126	0.00583	0.00395	0.00229	0.00565
7	0.00935	0.00844	0.01357	0.06135	0.40920	0.00861	0.10064	0.07088	0.09393	0.03116	0.01177	0.07170	0.05186	0.00501	0.00416	0.00127	0.00435	0.03454	0.00262	0.00559
8	0.01059	0.00911	0.01492	0.01150	0.01449	0.00925	0.34283	0.15264	0.18554	0.07948	0.01211	0.01576	0.00977	0.00505	0.00442	0.00135	0.00484	0.10757	0.00317	0.00561
9	0.00747	0.00703	0.01187	0.82987	0.04943	0.00873	0.01092	0.01007	0.00787	0.01009	0.00698	0.01043	0.00525	0.00391	0.00392	0.00130	0.00521	0.00348	0.00175	0.00441
10	0.01088	0.06379	0.52484	0.00990	0.01469	0.00853	0.04081	0.01432	0.00915	0.25180	0.00942	0.00971	0.00638	0.00401	0.00375	0.00121	0.00502	0.00322	0.00259	0.00599
11	0.00834	0.00782	0.01314	0.59352	0.21254	0.00905	0.04121	0.04689	0.00861	0.01141	0.00721	0.01024	0.00554	0.00383	0.00394	0.00127	0.00511	0.00353	0.00189	0.00492
12	0.00561	0.00417	0.00542	0.00511	0.00603	0.00398	0.00388	0.00737	0.01074	0.01508	0.73698	0.02948	0.08629	0.00817	0.00493	0.00127	0.03104	0.02661	0.00417	0.00369
13	0.00979	0.01019	0.02181	0.03974	0.01993	0.00958	0.74219	0.01295	0.00935	0.07133	0.00844	0.01077	0.00619	0.00343	0.00456	0.00131	0.00634	0.00455	0.00218	0.00536
14	0.05733	0.00690	0.00790	0.00574	0.00908	0.00537	0.00459	0.00988	0.00815	0.01314	0.03526	0.00876	0.00679	0.00312	0.00294	0.00064	0.00287	0.00247	0.00240	0.80667
15	0.00970	0.00931	0.01591	0.02406	0.83777	0.00931	0.01203	0.01203	0.00893	0.01281	0.00737	0.00970	0.00621	0.00349	0.00388	0.00116	0.00466	0.00349	0.00194	0.00621
16	0.00604	0.00441	0.00590	0.00666	0.00746	0.00440	0.00544	0.00805	0.05565	0.01160	0.04070	0.26967	0.03680	0.01084	0.00519	0.00170	0.00314	0.50906	0.00366	0.00364
17	0.79231	0.00847	0.00654	0.00623	0.03879	0.07090	0.00478	0.01185	0.00708	0.01682	0.00557	0.00654	0.00438	0.00366	0.00256	0.00120	0.00339	0.00220	0.00238	0.00434
18	0.01027	0.00887	0.01335	0.17800	0.42555	0.00948	0.01014	0.16693	0.06104	0.03252	0.03942	0.01090	0.00769	0.00412	0.00393	0.00121	0.00447	0.00370	0.00256	0.00586
19	0.00485	0.00352	0.00459	0.00537	0.00574	0.00326	0.00368	0.00564	0.00783	0.01035	0.05702	0.72827	0.09446	0.01186	0.00497	0.00156	0.00228	0.03785	0.00367	0.00323
20	0.01039	0.83575	0.04859	0.00686	0.01030	0.01529	0.00697	0.01176	0.00798	0.00933	0.00550	0.00636	0.00503	0.00337	0.00256	0.00085	0.00425	0.00212	0.00168	0.00506
21	0.00478	0.00390	0.00425	0.00449	0.00557	0.00337	0.00334	0.00577	0.00866	0.01055	0.03484	0.19982	0.62057	0.01045	0.00476	0.00141	0.00215	0.06438	0.00364	0.00331
22	0.01057	0.84730	0.02035	0.00678	0.01010	0.03249	0.00673	0.01182	0.00803	0.00923	0.00546	0.00630	0.00503	0.00337	0.00254	0.00084	0.00425	0.00211	0.00168	0.00502
23	0.00557	0.00415	0.00614	0.00618	0.00683	0.00478	0.00474	0.00688	0.00633	0.00908	0.01107	0.05347	0.01071	0.06392	0.77415	0.00598	0.00985	0.00457	0.00218	0.00344
24	0.00949	0.01059	0.07681	0.06370	0.22026	0.00948	0.49221	0.01253	0.00910	0.04481	0.00797	0.01030	0.00605	0.00347	0.00432	0.00127	0.00587	0.00414	0.00205	0.00555
25	0.00975	0.00955	0.01538	0.08738	0.73841	0.04658	0.01174	0.01204	0.00894	0.01245	0.00728	0.00964	0.00608	0.00355	0.00387	0.00117	0.00481	0.00345	0.00193	0.00599
26	0.00482	0.00343	0.00454	0.00541	0.00563	0.00321	0.00359	0.00547	0.00743	0.00991	0.02122	0.82433	0.02543	0.04829	0.00564	0.00169	0.00234	0.01091	0.00359	0.00315
27	0.00736	0.00678	0.00967	0.00866	0.00894	0.00910	0.00707	0.00844	0.00613	0.00930	0.00734	0.01137	0.00705	0.01609	0.35436	0.00359	0.50916	0.00375	0.00187	0.00397
28	0.00982	0.62607	0.18890	0.05909	0.01254	0.02620	0.00858	0.01183	0.00807	0.00993	0.00588	0.00696	0.00503	0.00347	0.00286	0.00095	0.00463	0.00235	0.00168	0.00514
29	0.01472	0.00618	0.00818	0.00650	0.00910	0.00544	0.00529	0.01658	0.04067	0.63840	0.11714	0.01744	0.08495	0.00569	0.00409	0.00123	0.00303	0.00472	0.00465	0.00600
30	0.00570	0.00380	0.00428	0.00428	0.00428	0.00380	0.00238	0.00570	0.00570	0.00760	0.01235	0.02566	0.01425	0.86222	0.01995	0.00380	0.00380	0.00570	0.00238	0.00238
31	0.00570	0.00381	0.00435	0.00435	0.00437	0.00384	0.00246	0.00575	0.00572	0.00765	0.01229	0.02530	0.01410	0.83315	0.04881	0.00389	0.00403	0.00565	0.00237	0.00241
32	0.00870	0.00861	0.03576	0.35458	0.43191	0.00918	0.01130	0.01148	0.03917	0.01170	0.00745	0.01011	0.00596	0.00385	0.00420	0.00125	0.03398	0.00351	0.00192	0.00539
33	0.00586	0.00442	0.00577	0.03872	0.02843	0.00474	0.00407	0.00637	0.00657	0.00886	0.01513	0.22680	0.06934	0.37998	0.07060	0.03304	0.07896	0.00668	0.00263	0.00304
34	0.28280	0.00943	0.01708	0.01260	0.01600	0.00936	0.53504	0.01223	0.00848	0.02738	0.00761	0.01018	0.00591	0.00363	0.00395	0.00130	0.00537	0.02451	0.00221	0.00494
35	0.01997	0.01572	0.04656	0.03986	0.04190	0.00900	0.00683	0.07415	0.49955	0.10725	0.07544	0.01437	0.01223	0.00522	0.00407	0.00129	0.01253	0.00432	0.00378	0.00596

[dist]
# distance from previous block
# <min> <max>
3	6

[block]
# block no. 7 follows, 69 sequences, length 15
# corresponding to MSA columns:
# 497-511
name=unknown_H
#
# <colnr> <probs for GDERKNQSTAVLIFYWHMCP>
#	G	D	E	R	K	N	Q	S	T	A	V	L	I	F	Y	W	H	M	C	P
0	0.00529	0.00387	0.00509	0.00578	0.00630	0.00375	0.00420	0.00667	0.03882	0.01093	0.08131	0.58010	0.04999	0.01200	0.03469	0.00175	0.00277	0.13963	0.00364	0.00342
1	0.00801	0.00636	0.00712	0.00678	0.00813	0.00699	0.00501	0.08846	0.36571	0.01386	0.01665	0.29565	0.01629	0.10209	0.03273	0.00183	0.00325	0.00671	0.00363	0.00474
2	0.23001	0.01841	0.05045	0.18811	0.06501	0.01795	0.03981	0.07485	0.00874	0.03538	0.00854	0.04014	0.01946	0.00428	0.00344	0.00115	0.00397	0.02339	0.02263	0.14427
3	0.00573	0.00410	0.00530	0.00526	0.00555	0.00445	0.00357	0.00633	0.00616	0.00855	0.03852	0.05279	0.01355	0.48046	0.30855	0.00444	0.03607	0.00534	0.00237	0.00291
4	0.88991	0.00758	0.00576	0.00516	0.00758	0.00879	0.00425	0.01152	0.00667	0.01759	0.00546	0.00637	0.00425	0.00364	0.00243	0.00121	0.00303	0.00212	0.00243	0.00425
5	0.00925	0.46781	0.40654	0.00881	0.01331	0.01250	0.01036	0.01206	0.00811	0.01072	0.00620	0.00722	0.00500	0.00353	0.00308	0.00103	0.00495	0.00247	0.00167	0.00539
6	0.00612	0.00443	0.00594	0.00585	0.00681	0.00423	0.03001	0.00818	0.06340	0.03908	0.35098	0.29871	0.06529	0.00923	0.00471	0.00140	0.00241	0.07062	0.01879	0.00381
7	0.00561	0.00416	0.00612	0.00612	0.00676	0.00480	0.00468	0.00689	0.00625	0.00897	0.01066	0.01631	0.01019	0.10311	0.77352	0.00608	0.00991	0.00433	0.00212	0.00340
8	0.00595	0.00568	0.07647	0.00653	0.00750	0.00538	0.00542	0.00733	0.00634	0.00912	0.01030	0.01634	0.00999	0.17694	0.58779	0.00521	0.04776	0.00433	0.00209	0.00353
9	0.00786	0.02028	0.84191	0.01117	0.01697	0.00910	0.01448	0.01242	0.00828	0.01242	0.00704	0.00828	0.00497	0.00372	0.00372	0.00124	0.00579	0.00290	0.00166	0.00579
10	0.68004	0.00959	0.00722	0.03173	0.03604	0.15721	0.00529	0.01223	0.00757	0.01579	0.00567	0.00672	0.00448	0.00371	0.00271	0.00118	0.00387	0.00228	0.00232	0.00437
11	0.00884	0.00844	0.01436	0.33471	0.53386	0.00909	0.01160	0.01128	0.00852	0.01176	0.00722	0.00998	0.00584	0.00365	0.00390	0.00122	0.00487	0.00349	0.00187	0.00551
12	0.00950	0.05262	0.56868	0.01067	0.01516	0.16656	0.01224	0.03643	0.00893	0.01190	0.00672	0.00803	0.00505	0.00403	0.00431	0.00121	0.06788	0.00285	0.00179	0.00544
13	0.04239	0.00533	0.00622	0.00639	0.02562	0.03241	0.00450	0.05553	0.06024	0.03469	0.01460	0.25399	0.01558	0.20276	0.12487	0.04012	0.00434	0.06376	0.00299	0.00366
14	0.04410	0.06818	0.46212	0.01012	0.01426	0.07277	0.07107	0.02952	0.02924	0.02863	0.04771	0.01009	0.00725	0.02458	0.03098	0.00144	0.03729	0.00332	0.00207	0.00529

[dist]
# distance from previous block
# <min> <max>
1	7

[block]
# block no. 8 follows, 69 sequences, length 23
# corresponding to MSA columns:
# 519-541
name=unknown_I
#
# <colnr> <probs for GDERKNQSTAVLIFYWHMCP>
#	G	D	E	R	K	N	Q	S	T	A	V	L	I	F	Y	W	H	M	C	P
0	0.00964	0.20404	0.11104	0.01966	0.09959	0.11255	0.01670	0.07405	0.00954	0.04001	0.01226	0.12021	0.05897	0.00595	0.00387	0.00122	0.00438	0.08885	0.00260	0.00488
1	0.00719	0.00595	0.06919	0.03284	0.06669	0.00505	0.00563	0.00902	0.03565	0.09706	0.14798	0.26428	0.06755	0.05497	0.11059	0.00211	0.00395	0.00682	0.00330	0.00418
2	0.01016	0.04249	0.04220	0.24629	0.31146	0.00926	0.06708	0.08129	0.03341	0.09379	0.01979	0.01053	0.00680	0.00395	0.00391	0.00122	0.00473	0.00362	0.00241	0.00562
3	0.01760	0.05478	0.20739	0.03614	0.14477	0.05185	0.00978	0.07134	0.02555	0.05434	0.03431	0.02743	0.00731	0.00559	0.02764	0.00145	0.21167	0.00354	0.00226	0.00527
4	0.00724	0.00630	0.00983	0.04826	0.34010	0.00633	0.01785	0.00877	0.00796	0.01086	0.01443	0.10657	0.10187	0.14925	0.08936	0.00221	0.00453	0.06138	0.00250	0.00441
5	0.00845	0.00827	0.03281	0.40611	0.38233	0.00886	0.01106	0.01129	0.04385	0.01158	0.00798	0.03584	0.00657	0.00404	0.00393	0.00125	0.00481	0.00375	0.00198	0.00525
6	0.00824	0.00683	0.00803	0.00580	0.00916	0.00517	0.00463	0.00998	0.00833	0.03205	0.04295	0.00916	0.00724	0.00317	0.00300	0.00062	0.00287	0.00257	0.00247	0.82774
7	0.88991	0.00758	0.00576	0.00516	0.00758	0.00879	0.00425	0.01152	0.00667	0.01759	0.00546	0.00637	0.00425	0.00364	0.00243	0.00121	0.00303	0.00212	0.00243	0.00425
8	0.00805	0.13859	0.22034	0.06592	0.14675	0.02590	0.02951	0.01082	0.03489	0.01217	0.14000	0.03414	0.06700	0.00571	0.02820	0.00132	0.00442	0.00424	0.00242	0.01962
9	0.00484	0.00367	0.00446	0.00491	0.00559	0.00330	0.00344	0.00578	0.00846	0.01099	0.14117	0.48276	0.28457	0.01094	0.00483	0.00146	0.00212	0.00967	0.00373	0.00330
10	0.04240	0.01074	0.01143	0.00884	0.01191	0.01193	0.00729	0.75804	0.05934	0.02406	0.00962	0.00958	0.00686	0.00470	0.00388	0.00119	0.00421	0.00353	0.00388	0.00657
11	0.01059	0.22912	0.17872	0.04294	0.14380	0.03781	0.03629	0.06049	0.00933	0.11304	0.00834	0.03791	0.00668	0.00403	0.00350	0.00108	0.00455	0.00326	0.00237	0.06615
12	0.07758	0.08607	0.42559	0.00919	0.01332	0.00929	0.01026	0.03831	0.07939	0.13434	0.00900	0.02343	0.00663	0.00431	0.00406	0.00123	0.04775	0.00323	0.00250	0.01452
13	0.00518	0.00380	0.00491	0.00570	0.00608	0.00369	0.00391	0.00663	0.06514	0.01051	0.02118	0.77266	0.02484	0.01175	0.00495	0.00158	0.00238	0.03805	0.00366	0.00341
14	0.00781	0.00735	0.01234	0.53097	0.23697	0.00836	0.02657	0.01025	0.00840	0.01118	0.06048	0.01256	0.04169	0.00430	0.00400	0.00127	0.00476	0.00393	0.00204	0.00478
15	0.00936	0.02945	0.49890	0.01136	0.04780	0.02348	0.08965	0.06007	0.07692	0.06317	0.00871	0.01015	0.00644	0.00416	0.00411	0.00126	0.02694	0.02006	0.00226	0.00578
16	0.01565	0.00644	0.00848	0.00667	0.00946	0.00567	0.00545	0.01759	0.05247	0.70007	0.01837	0.01631	0.10808	0.00548	0.00403	0.00123	0.00316	0.00448	0.00466	0.00625
17	0.00501	0.00361	0.00479	0.00560	0.00601	0.00339	0.00398	0.00591	0.00792	0.01049	0.05328	0.67474	0.06694	0.01180	0.00503	0.00159	0.00243	0.12056	0.00366	0.00327
18	0.49084	0.03320	0.00853	0.00717	0.00960	0.25435	0.00572	0.12490	0.00962	0.01602	0.00618	0.00699	0.00483	0.00390	0.00296	0.00114	0.00442	0.00243	0.00249	0.00469
19	0.00528	0.00404	0.00496	0.00546	0.00638	0.00371	0.00431	0.00652	0.00872	0.01103	0.05537	0.22230	0.34682	0.01070	0.00499	0.00155	0.00261	0.28820	0.00365	0.00340
20	0.03012	0.00862	0.01177	0.00866	0.01202	0.03387	0.17274	0.10498	0.03342	0.03315	0.00780	0.00902	0.00613	0.00343	0.00362	0.00089	0.01949	0.00305	0.00253	0.49468
21	0.05315	0.06023	0.27374	0.00823	0.03908	0.00752	0.00819	0.01150	0.03617	0.02963	0.00732	0.00836	0.00572	0.00337	0.00321	0.00089	0.00397	0.00263	0.00217	0.43491
22	0.56983	0.04053	0.00711	0.00604	0.00809	0.07413	0.00483	0.05930	0.00788	0.01563	0.00825	0.13988	0.00790	0.00517	0.00334	0.00126	0.03023	0.00369	0.00262	0.00428

[dist]
# distance from previous block
# <min> <max>
0	4

[block]
# block no. 9 follows, 69 sequences, length 9
# corresponding to MSA columns:
# 546-554
name=unknown_J
#
# <colnr> <probs for GDERKNQSTAVLIFYWHMCP>
#	G	D	E	R	K	N	Q	S	T	A	V	L	I	F	Y	W	H	M	C	P
0	0.00827	0.00596	0.00714	0.00591	0.00829	0.00499	0.00454	0.01037	0.06998	0.10617	0.01420	0.22914	0.05868	0.00611	0.00374	0.00101	0.00275	0.00526	0.00315	0.44434
1	0.00776	0.00658	0.00774	0.00577	0.00890	0.00500	0.00454	0.00939	0.00806	0.01247	0.00856	0.10079	0.00800	0.00392	0.00313	0.00069	0.00283	0.00328	0.00247	0.79010
2	0.00943	0.00693	0.00826	0.00597	0.00939	0.00530	0.00480	0.01114	0.00855	0.12656	0.00814	0.00885	0.00634	0.00317	0.00305	0.00067	0.00296	0.00255	0.00267	0.76528
3	0.00681	0.00340	0.00511	0.00511	0.00511	0.00340	0.00340	0.00511	0.00511	0.00681	0.00681	0.01192	0.00681	0.01362	0.01532	0.88594	0.00340	0.00340	0.00170	0.00170
4	0.00545	0.00366	0.00439	0.00476	0.00543	0.00343	0.00337	0.00661	0.00833	0.01185	0.12739	0.39632	0.16093	0.01014	0.03103	0.00150	0.00233	0.00823	0.20146	0.00339
5	0.04271	0.03321	0.00789	0.00675	0.00838	0.00618	0.06603	0.03456	0.12178	0.05887	0.02224	0.12584	0.26940	0.02275	0.04549	0.00167	0.03177	0.08683	0.00337	0.00428
6	0.00981	0.00949	0.03872	0.03062	0.23907	0.14177	0.05762	0.05817	0.01000	0.07683	0.06161	0.05025	0.17438	0.00571	0.00425	0.00122	0.01777	0.00489	0.00282	0.00502
7	0.00673	0.00551	0.00905	0.00857	0.00998	0.00537	0.14786	0.00868	0.00890	0.01163	0.01885	0.03724	0.05027	0.05045	0.00595	0.00180	0.00408	0.60198	0.00327	0.00383
8	0.01016	0.01059	0.01815	0.06181	0.20194	0.09717	0.43078	0.03499	0.00962	0.04556	0.00891	0.01095	0.03255	0.00377	0.00426	0.00124	0.00580	0.00415	0.00219	0.00540

[dist]
# distance from previous block
# <min> <max>
0	12

[block]
# block no. 10 follows, 69 sequences, length 22
# corresponding to MSA columns:
# 567-588
name=unknown_K
#
# <colnr> <probs for GDERKNQSTAVLIFYWHMCP>
#	G	D	E	R	K	N	Q	S	T	A	V	L	I	F	Y	W	H	M	C	P
0	0.00903	0.12609	0.11967	0.40679	0.09007	0.10193	0.02862	0.01194	0.04898	0.01078	0.00717	0.00938	0.00558	0.00385	0.00368	0.00119	0.00524	0.00319	0.00189	0.00492
1	0.00543	0.00401	0.00472	0.00480	0.00554	0.00382	0.00339	0.00622	0.00768	0.02568	0.05278	0.15030	0.33365	0.23699	0.09657	0.00255	0.01647	0.03308	0.00316	0.00317
2	0.83044	0.00839	0.03777	0.00553	0.00807	0.03357	0.00473	0.01168	0.00686	0.01716	0.00554	0.00646	0.00430	0.00365	0.00251	0.00121	0.00326	0.00216	0.00238	0.00431
3	0.00786	0.00679	0.00942	0.01067	0.22281	0.00597	0.00663	0.00975	0.02125	0.01231	0.01096	0.13758	0.01090	0.00539	0.00377	0.00103	0.00335	0.09769	0.00259	0.41327
4	0.00813	0.00697	0.00813	0.00581	0.00929	0.00523	0.00465	0.00987	0.00813	0.01277	0.00697	0.00813	0.00581	0.00290	0.00290	0.00058	0.00290	0.00232	0.00232	0.88619
5	0.00862	0.00722	0.00856	0.00662	0.03780	0.00573	0.00505	0.03844	0.03015	0.02728	0.00745	0.00849	0.00608	0.00308	0.00302	0.00065	0.00302	0.00249	0.00245	0.78780
6	0.07152	0.03087	0.01114	0.00841	0.01146	0.03214	0.00696	0.60132	0.01607	0.15606	0.00996	0.00972	0.00692	0.00461	0.00379	0.00117	0.00414	0.00345	0.00387	0.00642
7	0.00560	0.00420	0.00630	0.00630	0.00700	0.00490	0.00490	0.00700	0.00630	0.00910	0.01050	0.01540	0.00980	0.02940	0.84669	0.00630	0.01050	0.00420	0.00210	0.00350
8	0.00942	0.00800	0.03414	0.00837	0.08721	0.00647	0.03516	0.07498	0.00925	0.06437	0.00775	0.00879	0.00613	0.00326	0.00322	0.00077	0.00342	0.00272	0.00254	0.62403
9	0.09691	0.20575	0.06263	0.00833	0.01114	0.19448	0.01776	0.12665	0.12365	0.07546	0.00845	0.00883	0.00650	0.00424	0.00368	0.00111	0.03337	0.00298	0.00269	0.00538
10	0.00514	0.00360	0.00472	0.00548	0.00582	0.00344	0.00381	0.00595	0.00754	0.01015	0.02047	0.63136	0.03910	0.08531	0.02643	0.00189	0.00273	0.09805	0.03584	0.00319
11	0.00853	0.00755	0.01225	0.15966	0.46965	0.00768	0.00954	0.01054	0.00869	0.04657	0.01292	0.09386	0.10913	0.00523	0.00407	0.00124	0.00411	0.00480	0.00240	0.02158
