[name]
unknown

[dist]
# distance from previous block
# <min> <max>
0	359

[block]
# block no. 0 follows, 74 sequences, length 17
# corresponding to MSA columns:
# 369-385
name=unknown_A
#
# <colnr> <probs for GDERKNQSTAVLIFYWHMCP>
#	G	D	E	R	K	N	Q	S	T	A	V	L	I	F	Y	W	H	M	C	P
0	0.00598	0.00427	0.00598	0.00684	0.00769	0.00427	0.00598	0.00769	0.00854	0.01111	0.01965	0.04187	0.02136	0.01025	0.00513	0.00171	0.00342	0.82141	0.00342	0.00342
1	0.00770	0.00660	0.00770	0.00550	0.00880	0.00495	0.00440	0.00935	0.00770	0.01210	0.00660	0.00770	0.00550	0.00275	0.00275	0.00055	0.00275	0.00220	0.00220	0.89224
2	0.00931	0.00789	0.00838	0.00751	0.00958	0.00906	0.00588	0.06623	0.74408	0.01584	0.03929	0.01476	0.01202	0.00523	0.00383	0.00126	0.00298	0.02735	0.00377	0.00576
3	0.00473	0.00371	0.00428	0.00427	0.00526	0.00326	0.00315	0.00593	0.00905	0.01176	0.33546	0.13697	0.44092	0.00901	0.00443	0.00125	0.00187	0.00776	0.00368	0.00326
4	0.04618	0.00894	0.00927	0.00751	0.01000	0.06846	0.00604	0.32535	0.17578	0.10544	0.06627	0.01112	0.00921	0.00458	0.00383	0.00109	0.02887	0.00353	0.00343	0.10510
5	0.00605	0.00395	0.00507	0.00470	0.00573	0.00361	0.00356	0.00774	0.01028	0.07076	0.70730	0.02650	0.07548	0.00733	0.00425	0.00116	0.00185	0.00642	0.04458	0.00367
6	0.01005	0.58153	0.09010	0.00806	0.05663	0.13650	0.00729	0.01154	0.00803	0.00931	0.00581	0.01962	0.00520	0.00379	0.01537	0.00095	0.00456	0.00235	0.00169	0.02160
7	0.00895	0.00853	0.01425	0.11239	0.70834	0.00878	0.01095	0.01168	0.05741	0.01204	0.00742	0.00954	0.00610	0.00345	0.00368	0.00113	0.00438	0.00336	0.00193	0.00569
8	0.00926	0.07714	0.16272	0.01933	0.10323	0.00698	0.07778	0.01141	0.00870	0.19883	0.10511	0.04309	0.05921	0.00727	0.09182	0.00165	0.00450	0.00425	0.00280	0.00493
9	0.00905	0.22697	0.13420	0.11885	0.04101	0.00941	0.12609	0.02762	0.03532	0.09490	0.01010	0.06017	0.05637	0.00448	0.00380	0.00113	0.02960	0.00380	0.00228	0.00486
10	0.00469	0.00337	0.00419	0.00477	0.00506	0.00315	0.00312	0.00524	0.00689	0.00905	0.02050	0.59416	0.11392	0.19460	0.00772	0.00193	0.00243	0.00915	0.00319	0.00286
11	0.00574	0.00478	0.04338	0.00565	0.00637	0.00439	0.05942	0.00654	0.00626	0.00872	0.05921	0.05353	0.01288	0.43663	0.20003	0.04611	0.00503	0.00502	0.02739	0.00292
12	0.00921	0.15183	0.30304	0.07687	0.21447	0.11408	0.04477	0.01187	0.00832	0.02303	0.00653	0.00803	0.00513	0.00347	0.00341	0.00108	0.00509	0.00284	0.00174	0.00521
13	0.01013	0.00784	0.10060	0.10060	0.03878	0.03216	0.05551	0.07552	0.00933	0.25900	0.01340	0.24596	0.02241	0.00621	0.00402	0.00126	0.00372	0.00546	0.00321	0.00489
14	0.00456	0.00328	0.00433	0.00510	0.00538	0.00305	0.00343	0.00528	0.00734	0.00981	0.06953	0.79665	0.04583	0.01133	0.00471	0.00148	0.00212	0.01026	0.00348	0.00305
15	0.76824	0.00841	0.04103	0.00587	0.00834	0.05808	0.04145	0.01122	0.00673	0.01580	0.00537	0.00632	0.00416	0.00346	0.00250	0.00114	0.00335	0.00217	0.00223	0.00414
16	0.00804	0.00801	0.02788	0.26998	0.35672	0.00835	0.12331	0.01036	0.00807	0.01103	0.00864	0.01246	0.03218	0.00419	0.00425	0.00123	0.03978	0.05869	0.00193	0.00490

[dist]
# distance from previous block
# <min> <max>
4	20

[block]
# block no. 1 follows, 74 sequences, length 21
# corresponding to MSA columns:
# 412-414,421-438
name=unknown_B
#
# <colnr> <probs for GDERKNQSTAVLIFYWHMCP>
#	G	D	E	R	K	N	Q	S	T	A	V	L	I	F	Y	W	H	M	C	P
0	0.00897	0.15757	0.39717	0.04873	0.08438	0.07337	0.11290	0.01196	0.00821	0.04140	0.00674	0.00809	0.00511	0.00351	0.00358	0.00111	0.01734	0.00291	0.00177	0.00520
1	0.00780	0.04270	0.74416	0.04771	0.01595	0.00871	0.01292	0.01202	0.02973	0.03456	0.00706	0.00816	0.00501	0.00359	0.00351	0.00117	0.00529	0.00281	0.00171	0.00544
2	0.00533	0.00361	0.00403	0.00403	0.00411	0.00357	0.00229	0.00539	0.00559	0.00738	0.01335	0.02502	0.06659	0.81462	0.01797	0.00345	0.00349	0.00555	0.00233	0.00231
3	0.00961	0.41003	0.23771	0.00863	0.01229	0.04748	0.08574	0.09717	0.00882	0.01132	0.00641	0.00779	0.00529	0.03274	0.00361	0.00107	0.00470	0.00268	0.00187	0.00503
4	0.02892	0.21945	0.41297	0.02952	0.09259	0.05414	0.05404	0.01186	0.02099	0.02474	0.00654	0.00775	0.00505	0.00349	0.00338	0.00108	0.01382	0.00272	0.00174	0.00521
5	0.00464	0.00334	0.00430	0.00501	0.00530	0.00311	0.00336	0.00530	0.00718	0.00950	0.04223	0.70037	0.07855	0.08304	0.00590	0.00166	0.00227	0.02858	0.00336	0.00298
6	0.00706	0.00395	0.00428	0.00425	0.00522	0.00394	0.00316	0.02042	0.06109	0.05096	0.01515	0.16345	0.05568	0.00592	0.00320	0.00104	0.00199	0.00498	0.58059	0.00369
7	0.00540	0.00360	0.00405	0.00405	0.00405	0.00360	0.00225	0.00540	0.00540	0.00720	0.01170	0.02429	0.01349	0.86955	0.01889	0.00360	0.00360	0.00540	0.00225	0.00225
8	0.00870	0.34236	0.41301	0.03809	0.01399	0.04052	0.07337	0.01155	0.00788	0.01045	0.00612	0.00732	0.00481	0.00338	0.00316	0.00103	0.00499	0.00259	0.00161	0.00509
9	0.00538	0.00367	0.00443	0.00443	0.00457	0.00381	0.00273	0.00564	0.00551	0.00748	0.01134	0.02235	0.01265	0.70093	0.18636	0.00407	0.00487	0.00511	0.00220	0.00246
10	0.89577	0.00718	0.00546	0.00488	0.00718	0.00833	0.00402	0.01091	0.00632	0.01665	0.00517	0.00603	0.00402	0.00345	0.00230	0.00115	0.00287	0.00201	0.00230	0.00402
11	0.00460	0.00356	0.00421	0.00456	0.00532	0.00316	0.00327	0.00555	0.00815	0.01045	0.13343	0.38611	0.36993	0.01013	0.00456	0.00136	0.00202	0.03295	0.00353	0.00314
12	0.00744	0.01920	0.85032	0.01058	0.01607	0.00862	0.01371	0.01176	0.00784	0.01176	0.00666	0.00784	0.00470	0.00353	0.00353	0.00118	0.00549	0.00274	0.00157	0.00549
13	0.00463	0.00335	0.00439	0.00509	0.00545	0.00311	0.00349	0.00543	0.00756	0.01008	0.10163	0.71441	0.07138	0.01107	0.00469	0.00147	0.00214	0.03406	0.00351	0.00308
14	0.00967	0.78619	0.10287	0.00678	0.01018	0.01408	0.00709	0.01118	0.00757	0.00904	0.00531	0.00614	0.00476	0.00321	0.00250	0.00083	0.00412	0.00206	0.00159	0.00484
15	0.00802	0.17929	0.64259	0.01053	0.06563	0.00978	0.01218	0.01161	0.00782	0.01121	0.00640	0.00756	0.00479	0.00345	0.00332	0.00110	0.00513	0.00263	0.00159	0.00537
16	0.00869	0.66879	0.01587	0.00581	0.00851	0.01201	0.00558	0.00989	0.00791	0.00940	0.07371	0.01231	0.14005	0.00449	0.00285	0.00089	0.00347	0.00327	0.00207	0.00441
17	0.00852	0.00779	0.04360	0.00730	0.00934	0.00836	0.00590	0.01733	0.67150	0.01486	0.09412	0.01497	0.01320	0.00667	0.05818	0.00155	0.00338	0.00436	0.00360	0.00547
18	0.00884	0.01227	0.33175	0.00860	0.01203	0.00884	0.00885	0.12956	0.33266	0.01465	0.01199	0.01201	0.05140	0.00540	0.03342	0.00137	0.00427	0.00370	0.00284	0.00555
19	0.00864	0.14279	0.50457	0.00954	0.01365	0.12569	0.03210	0.01179	0.02075	0.01085	0.00728	0.03587	0.01542	0.00396	0.00367	0.00111	0.03187	0.00299	0.01243	0.00503
20	0.00924	0.19865	0.30016	0.03845	0.06273	0.06399	0.04068	0.10241	0.06872	0.01237	0.00820	0.03576	0.01933	0.00402	0.00339	0.00109	0.00462	0.00318	0.01784	0.00518

[dist]
# distance from previous block
# <min> <max>
2	18

[block]
# block no. 2 follows, 74 sequences, length 30
# corresponding to MSA columns:
# 457-486
name=unknown_C
#
# <colnr> <probs for GDERKNQSTAVLIFYWHMCP>
#	G	D	E	R	K	N	Q	S	T	A	V	L	I	F	Y	W	H	M	C	P
0	0.00857	0.00666	0.00837	0.00732	0.07701	0.00580	0.00530	0.01087	0.07091	0.09138	0.03630	0.00985	0.00752	0.00495	0.05480	0.00109	0.03425	0.00288	0.00255	0.55361
1	0.00786	0.01065	0.20432	0.01234	0.06518	0.00807	0.36857	0.02425	0.04077	0.01198	0.03830	0.06375	0.03458	0.00480	0.00434	0.00128	0.02180	0.07006	0.00224	0.00485
2	0.00471	0.00338	0.00459	0.00525	0.00554	0.00332	0.00360	0.00546	0.00691	0.00934	0.03485	0.67077	0.02172	0.05070	0.14866	0.00234	0.00352	0.00915	0.00316	0.00304
3	0.00921	0.00859	0.01461	0.08524	0.76444	0.00869	0.01117	0.01141	0.00843	0.03231	0.00714	0.00932	0.00589	0.00337	0.00368	0.00111	0.00442	0.00332	0.00189	0.00576
4	0.00444	0.00374	0.00379	0.00382	0.00498	0.00315	0.00282	0.00533	0.00828	0.00989	0.03593	0.06155	0.78282	0.04681	0.00503	0.00136	0.00196	0.00781	0.00339	0.00309
5	0.00794	0.19052	0.68337	0.00973	0.01475	0.00984	0.01223	0.01163	0.00778	0.01115	0.00636	0.00746	0.00471	0.00346	0.00330	0.00110	0.00518	0.00259	0.00157	0.00534
6	0.00478	0.00393	0.00423	0.00412	0.00532	0.00345	0.00310	0.00628	0.03994	0.01142	0.23483	0.03294	0.61502	0.00879	0.00436	0.00123	0.00189	0.00742	0.00362	0.00333
7	0.13599	0.00680	0.00748	0.00551	0.00865	0.00564	0.00443	0.03569	0.00781	0.01311	0.00646	0.00749	0.00531	0.00290	0.00271	0.00065	0.00281	0.00221	0.00226	0.73608
8	0.01665	0.00632	0.00861	0.00660	0.00948	0.00546	0.00546	0.01809	0.01062	0.84897	0.01464	0.01263	0.00919	0.00459	0.00373	0.00115	0.00316	0.00373	0.00459	0.00632
9	0.01387	0.01769	0.01052	0.00956	0.01148	0.85465	0.00717	0.01482	0.01052	0.00908	0.00574	0.00669	0.00478	0.00383	0.00335	0.00096	0.00669	0.00239	0.00191	0.00430
10	0.00701	0.00660	0.01113	0.86063	0.02556	0.00825	0.01031	0.00948	0.00742	0.00948	0.00660	0.00990	0.00495	0.00371	0.00371	0.00124	0.00495	0.00330	0.00165	0.00412
11	0.00599	0.00427	0.00623	0.00607	0.00685	0.00492	0.00475	0.02332	0.00639	0.04034	0.01003	0.01425	0.00913	0.02560	0.77204	0.00550	0.02731	0.00393	0.01957	0.00350
12	0.00992	0.87178	0.01945	0.00635	0.00953	0.01469	0.00635	0.01111	0.00754	0.00873	0.00516	0.00595	0.00476	0.00318	0.00238	0.00079	0.00397	0.00198	0.00159	0.00476
13	0.00501	0.00358	0.00486	0.00572	0.00615	0.00343	0.00429	0.00600	0.00758	0.01002	0.02019	0.59388	0.02349	0.01117	0.00487	0.00157	0.00257	0.27903	0.00344	0.00315
14	0.00452	0.00323	0.00431	0.00517	0.00538	0.00301	0.00345	0.00517	0.00711	0.00948	0.02046	0.86713	0.02455	0.01163	0.00474	0.00151	0.00215	0.01055	0.00345	0.00301
15	0.00692	0.00346	0.00346	0.00346	0.00432	0.00346	0.00259	0.00865	0.00778	0.01384	0.01211	0.01384	0.00951	0.00432	0.00259	0.00086	0.00173	0.00346	0.89016	0.00346
16	0.00610	0.00455	0.00554	0.00519	0.00602	0.00461	0.02058	0.00729	0.04759	0.05673	0.05286	0.12039	0.29795	0.25603	0.00927	0.00198	0.08454	0.00648	0.00300	0.00332
17	0.00753	0.01798	0.75205	0.04394	0.01670	0.00867	0.07858	0.01168	0.00789	0.01168	0.00673	0.00809	0.00479	0.00350	0.00360	0.00118	0.00553	0.00289	0.00160	0.00539
18	0.89577	0.00718	0.00546	0.00488	0.00718	0.00833	0.00402	0.01091	0.00632	0.01665	0.00517	0.00603	0.00402	0.00345	0.00230	0.00115	0.00287	0.00201	0.00230	0.00402
19	0.00446	0.00363	0.00390	0.00410	0.00506	0.00313	0.00294	0.00529	0.00801	0.00978	0.03248	0.22932	0.61729	0.04726	0.00510	0.00141	0.00202	0.00836	0.00339	0.00307
20	0.01454	0.00712	0.00902	0.00703	0.00972	0.00685	0.02410	0.19391	0.05267	0.53234	0.04059	0.01291	0.02948	0.00476	0.00374	0.00114	0.00329	0.00387	0.03693	0.00599
21	0.00708	0.00655	0.01110	0.23106	0.01484	0.00698	0.20427	0.02622	0.11178	0.01115	0.01242	0.23323	0.01215	0.00708	0.03564	0.00151	0.00436	0.05574	0.00259	0.00424
22	0.01386	0.00782	0.00885	0.00728	0.00972	0.07894	0.00599	0.20121	0.01175	0.43689	0.02613	0.01574	0.01030	0.00592	0.02463	0.00132	0.00385	0.12024	0.00393	0.00561
23	0.00454	0.00326	0.00428	0.00508	0.00533	0.00304	0.00339	0.00518	0.00711	0.00943	0.02084	0.80977	0.05548	0.03768	0.00516	0.00156	0.00219	0.01029	0.00341	0.00300
24	0.01157	0.01284	0.01108	0.19984	0.11823	0.46304	0.01797	0.03025	0.00960	0.05435	0.00709	0.03433	0.00583	0.00402	0.00355	0.00107	0.00564	0.00307	0.00207	0.00458
25	0.00697	0.00747	0.16410	0.00607	0.00824	0.00528	0.00570	0.04134	0.07909	0.07999	0.24167	0.05351	0.27196	0.00695	0.00411	0.00121	0.00281	0.00587	0.00339	0.00428
26	0.00536	0.00374	0.00478	0.00478	0.00504	0.00400	0.00317	0.00587	0.00562	0.00774	0.01102	0.02057	0.01188	0.54695	0.33928	0.00451	0.00603	0.00485	0.00215	0.00266
27	0.00568	0.00500	0.02387	0.14552	0.03775	0.02925	0.03040	0.00687	0.00754	0.01885	0.02765	0.55508	0.07390	0.00913	0.00442	0.00139	0.00300	0.00824	0.00299	0.00349
28	0.50506	0.07294	0.13035	0.03165	0.01003	0.04552	0.03701	0.05500	0.00763	0.01465	0.00661	0.02540	0.00550	0.00393	0.00288	0.00115	0.00376	0.03427	0.00223	0.00442
29	0.00806	0.00865	0.07200	0.23543	0.28520	0.06646	0.02733	0.01064	0.05309	0.01102	0.00960	0.10467	0.02057	0.00479	0.00382	0.00119	0.00437	0.03428	0.00215	0.03668

[dist]
# distance from previous block
# <min> <max>
0	1

[block]
# block no. 3 follows, 74 sequences, length 9
# corresponding to MSA columns:
# 488-496
name=unknown_D
#
# <colnr> <probs for GDERKNQSTAVLIFYWHMCP>
#	G	D	E	R	K	N	Q	S	T	A	V	L	I	F	Y	W	H	M	C	P
0	0.03850	0.04084	0.19073	0.03056	0.11460	0.00771	0.08815	0.06829	0.05951	0.15528	0.04621	0.01355	0.07283	0.01510	0.00393	0.00120	0.00405	0.02512	0.01861	0.00521
1	0.05580	0.05671	0.17287	0.04479	0.08085	0.00810	0.06891	0.07434	0.11116	0.06177	0.01013	0.01136	0.04841	0.00412	0.00349	0.00107	0.00396	0.02496	0.00251	0.15468
2	0.00876	0.00568	0.00727	0.03590	0.00844	0.00543	0.02844	0.06062	0.06907	0.16238	0.05428	0.07046	0.03242	0.15276	0.06257	0.00183	0.00361	0.04205	0.02877	0.15926
3	0.00780	0.00825	0.10598	0.00760	0.08288	0.00571	0.00609	0.00980	0.00778	0.01206	0.00664	0.00784	0.00544	0.00289	0.00292	0.00067	0.00321	0.00236	0.00209	0.71199
4	0.04386	0.15162	0.03963	0.02195	0.13573	0.23227	0.11641	0.05624	0.05954	0.05367	0.02187	0.01981	0.00650	0.00389	0.00362	0.00107	0.02193	0.00315	0.00224	0.00499
5	0.00521	0.00380	0.00519	0.00521	0.00579	0.00405	0.00383	0.00620	0.00666	0.00923	0.11040	0.07772	0.08701	0.16448	0.46020	0.02763	0.00650	0.00530	0.00249	0.00308
6	0.00907	0.06521	0.01321	0.15554	0.42265	0.00896	0.03485	0.03437	0.13657	0.03649	0.04066	0.01064	0.00772	0.00386	0.00366	0.00114	0.00415	0.00353	0.00231	0.00542
7	0.00490	0.00354	0.00453	0.00490	0.00550	0.00327	0.00344	0.00590	0.00791	0.01086	0.18418	0.52478	0.09911	0.01059	0.03608	0.00152	0.00234	0.00869	0.04416	0.03380
8	0.00786	0.03001	0.06355	0.00808	0.09537	0.05138	0.00599	0.07140	0.08705	0.04934	0.28392	0.09601	0.04091	0.00750	0.04637	0.00144	0.00347	0.04266	0.00326	0.00444

[dist]
# distance from previous block
# <min> <max>
2	25

[block]
# block no. 4 follows, 74 sequences, length 23
# corresponding to MSA columns:
# 522-544
name=unknown_E
#
# <colnr> <probs for GDERKNQSTAVLIFYWHMCP>
#	G	D	E	R	K	N	Q	S	T	A	V	L	I	F	Y	W	H	M	C	P
0	0.00882	0.01008	0.16147	0.02301	0.13680	0.00870	0.08687	0.07619	0.33699	0.01438	0.07689	0.01267	0.02126	0.00452	0.00382	0.00120	0.00394	0.00399	0.00290	0.00551
1	0.00543	0.00394	0.00483	0.00488	0.00585	0.00358	0.00357	0.00664	0.01982	0.03739	0.14432	0.32257	0.23248	0.02008	0.05914	0.00161	0.00265	0.03100	0.02487	0.06538
2	0.00772	0.04560	0.00891	0.05553	0.13705	0.02875	0.00623	0.02192	0.27259	0.01252	0.11187	0.01713	0.13386	0.01656	0.07849	0.00164	0.03131	0.00464	0.00296	0.00470
3	0.00491	0.00377	0.00449	0.00434	0.00534	0.00335	0.00324	0.00633	0.00965	0.01292	0.52018	0.05212	0.33915	0.00837	0.00439	0.00121	0.00181	0.00723	0.00383	0.00335
4	0.00910	0.12137	0.09961	0.02827	0.20799	0.00902	0.00797	0.12174	0.03634	0.04792	0.01006	0.03082	0.06084	0.06594	0.03912	0.00152	0.09131	0.00375	0.00236	0.00496
5	0.02189	0.00960	0.15961	0.02883	0.17514	0.00721	0.11782	0.02812	0.00824	0.06162	0.00754	0.00914	0.00592	0.00497	0.06287	0.00131	0.00462	0.00306	0.00212	0.28037
6	0.01013	0.14134	0.31778	0.00893	0.01243	0.07304	0.00927	0.19538	0.06198	0.03730	0.00760	0.00844	0.00576	0.00475	0.02919	0.00127	0.06480	0.00293	0.00231	0.00536
7	0.04408	0.00851	0.06283	0.00896	0.09289	0.00877	0.00671	0.02751	0.60267	0.02438	0.04457	0.01314	0.01085	0.00477	0.00369	0.00122	0.00319	0.00399	0.02161	0.00565
8	0.05456	0.01000	0.15763	0.06377	0.06894	0.06673	0.02514	0.08543	0.10038	0.23776	0.01075	0.03979	0.00816	0.01569	0.01455	0.00127	0.00419	0.02685	0.00303	0.00539
9	0.01899	0.02971	0.07130	0.08657	0.16293	0.06336	0.28338	0.09966	0.00937	0.02984	0.00741	0.01992	0.00582	0.00364	0.00404	0.00114	0.03045	0.00355	0.00212	0.06679
10	0.00523	0.00524	0.06389	0.00539	0.00689	0.00408	0.06171	0.00672	0.00879	0.01149	0.26573	0.05750	0.41117	0.06336	0.00527	0.00138	0.00252	0.00685	0.00332	0.00347
11	0.00701	0.00660	0.01113	0.86063	0.02556	0.00825	0.01031	0.00948	0.00742	0.00948	0.00660	0.00990	0.00495	0.00371	0.00371	0.00124	0.00495	0.00330	0.00165	0.00412
12	0.08650	0.00753	0.03828	0.00675	0.01008	0.00599	0.09168	0.02828	0.00791	0.01272	0.00662	0.00782	0.00537	0.00292	0.00293	0.00071	0.00325	0.00246	0.00219	0.67002
13	0.00547	0.00483	0.05958	0.00573	0.00649	0.00454	0.00454	0.00662	0.00620	0.00886	0.01159	0.13885	0.01198	0.19844	0.45171	0.00423	0.02473	0.00511	0.03730	0.00321
14	0.00795	0.00443	0.00535	0.00478	0.00611	0.00402	0.00357	0.00932	0.02904	0.20992	0.22469	0.02446	0.23286	0.15652	0.00662	0.00159	0.00247	0.00581	0.05656	0.00391
15	0.02676	0.00688	0.00868	0.00676	0.00945	0.00650	0.00555	0.16888	0.02401	0.59761	0.06884	0.01291	0.01035	0.00475	0.00373	0.00114	0.00320	0.00384	0.02416	0.00603
16	0.29084	0.00657	0.00683	0.00564	0.00788	0.00684	0.00459	0.14100	0.00968	0.26545	0.01018	0.01025	0.00719	0.00415	0.00302	0.00108	0.00288	0.00307	0.20793	0.00493
17	0.01619	0.00634	0.00856	0.00659	0.00939	0.00555	0.00543	0.03969	0.01080	0.79780	0.04326	0.01306	0.01001	0.00469	0.00375	0.00115	0.00313	0.00383	0.00455	0.00622
18	0.00466	0.00377	0.00414	0.00405	0.00518	0.00325	0.00304	0.00586	0.00911	0.01156	0.29276	0.03319	0.58878	0.00883	0.00438	0.00123	0.00184	0.00748	0.00365	0.00325
19	0.00452	0.00335	0.00419	0.00486	0.00528	0.00305	0.00329	0.00521	0.00734	0.00953	0.02374	0.67875	0.19093	0.03102	0.00499	0.00150	0.00213	0.00988	0.00342	0.00302
20	0.00740	0.00702	0.01172	0.68012	0.14310	0.00855	0.01031	0.00972	0.00745	0.00983	0.00653	0.00967	0.00508	0.00385	0.00430	0.00124	0.06476	0.00330	0.00167	0.00437
21	0.21269	0.05432	0.06820	0.00827	0.01052	0.53585	0.00675	0.01322	0.00913	0.01098	0.00615	0.03615	0.00528	0.00396	0.00312	0.00103	0.00546	0.00259	0.00201	0.00430
22	0.00523	0.00383	0.00460	0.00449	0.00552	0.00345	0.00336	0.00652	0.00909	0.04068	0.36087	0.10280	0.36244	0.00988	0.05902	0.00154	0.00241	0.00723	0.00365	0.00339

[dist]
# distance from previous block
# <min> <max>
3	4

[block]
# block no. 5 follows, 74 sequences, length 35
# corresponding to MSA columns:
# 550-584
name=unknown_F
#
# <colnr> <probs for GDERKNQSTAVLIFYWHMCP>
#	G	D	E	R	K	N	Q	S	T	A	V	L	I	F	Y	W	H	M	C	P
0	0.00860	0.06761	0.29186	0.01252	0.12850	0.00860	0.24497	0.01159	0.00825	0.04301	0.00714	0.00868	0.00542	0.00329	0.00361	0.00107	0.00497	0.00320	0.00190	0.13521
1	0.04221	0.07775	0.11579	0.17808	0.12769	0.00797	0.07729	0.03263	0.02237	0.12247	0.02364	0.11218	0.02297	0.00483	0.00384	0.00120	0.01551	0.00424	0.00247	0.00487
2	0.02427	0.00980	0.02825	0.23932	0.03222	0.09457	0.00795	0.39290	0.04873	0.06310	0.01782	0.00953	0.00642	0.00420	0.00366	0.00114	0.00447	0.00330	0.00293	0.00541
3	0.00537	0.00408	0.00609	0.00606	0.00670	0.00480	0.00472	0.00668	0.00596	0.00862	0.00982	0.01443	0.00917	0.02733	0.83468	0.00586	0.03035	0.00396	0.00198	0.00333
4	0.01209	0.23222	0.13037	0.00893	0.06368	0.05064	0.05939	0.04099	0.04990	0.30194	0.00956	0.00951	0.00679	0.00389	0.00338	0.00106	0.00416	0.00310	0.00285	0.00557
5	0.01348	0.07807	0.01178	0.00846	0.01127	0.03774	0.00706	0.70393	0.01589	0.02110	0.00832	0.00857	0.00607	0.00444	0.00401	0.00111	0.04610	0.00320	0.00339	0.00602
6	0.00540	0.00360	0.00405	0.00405	0.00405	0.00360	0.00225	0.00540	0.00540	0.00720	0.01170	0.02429	0.01349	0.86955	0.01889	0.00360	0.00360	0.00540	0.00225	0.00225
7	0.00448	0.00378	0.00389	0.00395	0.00516	0.00319	0.00300	0.00545	0.00844	0.01008	0.03633	0.05068	0.78604	0.00949	0.00443	0.00128	0.00197	0.05177	0.00345	0.00315
8	0.06449	0.26843	0.08862	0.00728	0.01047	0.01021	0.00679	0.22153	0.01092	0.26323	0.00907	0.00887	0.00642	0.00397	0.00322	0.00104	0.00383	0.00292	0.00306	0.00564
9	0.00465	0.00335	0.00455	0.00527	0.00554	0.00327	0.00360	0.00539	0.00691	0.00931	0.01874	0.72498	0.02208	0.02992	0.13118	0.00221	0.00334	0.00948	0.00321	0.00305
10	0.00876	0.01001	0.02190	0.01564	0.01940	0.00939	0.83292	0.01189	0.00876	0.01189	0.00751	0.01001	0.00563	0.00313	0.00438	0.00125	0.00626	0.00438	0.00188	0.00501
11	0.00976	0.75152	0.11279	0.00689	0.01032	0.01391	0.00720	0.03435	0.00785	0.00949	0.00543	0.00625	0.00480	0.00325	0.00255	0.00085	0.00414	0.00211	0.00165	0.00489
12	0.00919	0.00882	0.01507	0.02278	0.84640	0.00882	0.01139	0.01139	0.00845	0.01213	0.00698	0.00919	0.00588	0.00331	0.00367	0.00110	0.00441	0.00331	0.00184	0.00588
13	0.00452	0.00323	0.00431	0.00517	0.00538	0.00301	0.00345	0.00517	0.00711	0.00948	0.02046	0.86713	0.02455	0.01163	0.00474	0.00151	0.00215	0.01055	0.00345	0.00301
14	0.00807	0.00792	0.01102	0.00947	0.00951	0.01102	0.00788	0.00892	0.00578	0.00915	0.00519	0.00837	0.00507	0.00640	0.01176	0.00159	0.82523	0.00326	0.04035	0.00403
15	0.09733	0.00900	0.01363	0.01032	0.01326	0.03252	0.31375	0.20873	0.06586	0.12443	0.01018	0.03487	0.02343	0.00431	0.00389	0.00120	0.00454	0.02048	0.00294	0.00531
16	0.01353	0.01642	0.01040	0.00934	0.01134	0.72933	0.00706	0.07396	0.07461	0.01060	0.00668	0.00740	0.00539	0.00396	0.00341	0.00099	0.00622	0.00260	0.00218	0.00457
17	0.00449	0.00337	0.00416	0.00480	0.00529	0.00305	0.00328	0.00521	0.00746	0.00962	0.02494	0.64968	0.23910	0.01105	0.00465	0.00144	0.00208	0.00984	0.00345	0.00305
18	0.16889	0.00510	0.00557	0.00478	0.00659	0.00501	0.00382	0.01227	0.00849	0.29894	0.01173	0.01203	0.00842	0.00426	0.00293	0.00101	0.00242	0.00329	0.42990	0.00453
19	0.00701	0.00660	0.01113	0.86063	0.02556	0.00825	0.01031	0.00948	0.00742	0.00948	0.00660	0.00990	0.00495	0.00371	0.00371	0.00124	0.00495	0.00330	0.00165	0.00412
20	0.02888	0.05445	0.01399	0.11160	0.13181	0.35777	0.19664	0.01252	0.00915	0.01038	0.00684	0.01920	0.00572	0.00377	0.00366	0.00110	0.00574	0.02023	0.00191	0.00465
21	0.00701	0.00660	0.01113	0.86063	0.02556	0.00825	0.01031	0.00948	0.00742	0.00948	0.00660	0.00990	0.00495	0.00371	0.00371	0.00124	0.00495	0.00330	0.00165	0.00412
22	0.00999	0.00847	0.01053	0.00893	0.02850	0.00937	0.10899	0.13202	0.56873	0.03923	0.01345	0.01288	0.02213	0.00473	0.00385	0.00123	0.00353	0.00412	0.00351	0.00580
23	0.00457	0.00331	0.00424	0.00496	0.00525	0.00307	0.00330	0.00520	0.00711	0.00936	0.02140	0.72851	0.09956	0.07430	0.00574	0.00164	0.00223	0.00992	0.00336	0.00297
24	0.00573	0.00406	0.00520	0.00484	0.00584	0.00383	0.00366	0.00789	0.05098	0.03704	0.76631	0.02680	0.04875	0.00742	0.00433	0.00117	0.00185	0.00653	0.00407	0.00369
25	0.01600	0.00736	0.00926	0.00710	0.01000	0.00701	0.00587	0.22729	0.01237	0.63729	0.01317	0.01168	0.00845	0.00456	0.00373	0.00114	0.00340	0.00363	0.00437	0.00632
26	0.00478	0.00388	0.00430	0.00449	0.00564	0.00340	0.00356	0.00592	0.00854	0.01042	0.05760	0.03689	0.63268	0.00954	0.00456	0.00135	0.00223	0.19356	0.00346	0.00321
27	0.89577	0.00718	0.00546	0.00488	0.00718	0.00833	0.00402	0.01091	0.00632	0.01665	0.00517	0.00603	0.00402	0.00345	0.00230	0.00115	0.00287	0.00201	0.00230	0.00402
28	0.00923	0.00797	0.00839	0.00755	0.00965	0.00923	0.00588	0.01972	0.83969	0.01553	0.01511	0.01385	0.01133	0.00504	0.00378	0.00126	0.00294	0.00420	0.00378	0.00588
29	0.00812	0.00812	0.01137	0.00975	0.00975	0.01137	0.00812	0.00893	0.00568	0.00893	0.00487	0.00812	0.00487	0.00650	0.01218	0.00162	0.86276	0.00325	0.00162	0.00406
30	0.01005	0.84403	0.01916	0.00646	0.00959	0.04198	0.00638	0.01124	0.00764	0.00874	0.00518	0.00598	0.00476	0.00320	0.00241	0.00080	0.00406	0.00200	0.00160	0.00475
31	0.00485	0.00337	0.00451	0.00523	0.00552	0.00322	0.00356	0.00555	0.00705	0.02346	0.01926	0.73761	0.02272	0.05421	0.05820	0.00189	0.00276	0.03064	0.00332	0.00306
32	0.01069	0.69942	0.01793	0.00695	0.01005	0.05508	0.02353	0.10359	0.00888	0.02635	0.00584	0.00653	0.00504	0.00338	0.00264	0.00085	0.00415	0.00224	0.00190	0.00495
33	0.00957	0.00812	0.01004	0.01107	0.20388	0.00900	0.00718	0.05655	0.54105	0.04206	0.03591	0.01277	0.01029	0.00469	0.00392	0.00122	0.01958	0.00399	0.00332	0.00581
34	0.00477	0.00381	0.00430	0.00450	0.00547	0.00341	0.00333	0.00608	0.03538	0.01067	0.12017	0.22924	0.48809	0.00963	0.00449	0.00133	0.00206	0.05650	0.00353	0.00325

[dist]
# distance from previous block
# <min> <max>
0	3

[block]
# block no. 6 follows, 74 sequences, length 13
# corresponding to MSA columns:
# 588-600
name=unknown_G
#
# <colnr> <probs for GDERKNQSTAVLIFYWHMCP>
#	G	D	E	R	K	N	Q	S	T	A	V	L	I	F	Y	W	H	M	C	P
0	0.00918	0.06940	0.17168	0.04341	0.27110	0.03471	0.18230	0.04591	0.06602	0.03066	0.01771	0.00941	0.00627	0.00357	0.00370	0.00113	0.00485	0.00340	0.00208	0.02353
1	0.62086	0.00695	0.00639	0.00602	0.05196	0.00754	0.00448	0.02956	0.00701	0.05668	0.00665	0.02406	0.00553	0.05487	0.00355	0.00123	0.00301	0.00258	0.00243	0.09865
2	0.00771	0.06965	0.06341	0.00585	0.00915	0.00581	0.00510	0.00951	0.00784	0.01198	0.05104	0.00865	0.00696	0.00309	0.00286	0.00064	0.00296	0.00246	0.00221	0.72312
3	0.00524	0.00367	0.00428	0.00423	0.00458	0.00357	0.00268	0.00576	0.00678	0.00908	0.17281	0.02589	0.12150	0.55599	0.05635	0.00296	0.00335	0.00588	0.00273	0.00265
4	0.00931	0.03336	0.00972	0.10054	0.01134	0.00912	0.02467	0.09897	0.36431	0.05580	0.04956	0.01265	0.00980	0.03575	0.02243	0.00145	0.13911	0.00393	0.00306	0.00513
5	0.00531	0.00395	0.00585	0.00585	0.00647	0.00458	0.00450	0.00655	0.00593	0.00853	0.01005	0.01516	0.00953	0.07819	0.80484	0.00582	0.00956	0.00406	0.00200	0.00325
6	0.00782	0.08113	0.41585	0.08120	0.14521	0.00876	0.09567	0.01100	0.00789	0.01119	0.00741	0.01012	0.00598	0.00517	0.05455	0.00146	0.00541	0.03730	0.00175	0.00511
7	0.12251	0.00695	0.00842	0.00657	0.00931	0.00669	0.00542	0.14693	0.01107	0.58140	0.01247	0.01129	0.00812	0.00442	0.00351	0.00113	0.00321	0.00345	0.04122	0.00592
8	0.00645	0.00549	0.04574	0.11799	0.05363	0.00513	0.04012	0.00775	0.00752	0.06464	0.03109	0.44136	0.04791	0.05162	0.00542	0.00149	0.04260	0.00731	0.00291	0.01384
9	0.00896	0.11138	0.01076	0.00928	0.16556	0.00737	0.01882	0.02190	0.08682	0.06612	0.00834	0.03792	0.00693	0.00357	0.00314	0.00084	0.00330	0.00300	0.00242	0.42358
10	0.00759	0.00657	0.00806	0.00667	0.05866	0.00530	0.00490	0.00918	0.00763	0.01180	0.00746	0.06391	0.00674	0.00351	0.00330	0.00069	0.03575	0.00285	0.00224	0.74720
11	0.00955	0.04826	0.17931	0.08028	0.34959	0.05180	0.04096	0.09948	0.07006	0.02401	0.00767	0.00910	0.00595	0.00366	0.00361	0.00113	0.00467	0.00321	0.00214	0.00556
12	0.00918	0.42916	0.20580	0.03940	0.04359	0.03938	0.14104	0.02256	0.00804	0.01028	0.00612	0.00746	0.00502	0.00363	0.01405	0.00106	0.00490	0.00269	0.00169	0.00497

[dist]
# distance from previous block
# <min> <max>
0	2

[block]
# block no. 7 follows, 74 sequences, length 9
# corresponding to MSA columns:
# 603-611
name=unknown_H
#
# <colnr> <probs for GDERKNQSTAVLIFYWHMCP>
#	G	D	E	R	K	N	Q	S	T	A	V	L	I	F	Y	W	H	M	C	P
0	0.00456	0.00373	0.00397	0.00403	0.00510	0.00321	0.00297	0.00551	0.00836	0.01023	0.09441	0.08967	0.66284	0.05473	0.00519	0.00140	0.00202	0.03150	0.00343	0.00311
1	0.03981	0.03355	0.01295	0.03655	0.42349	0.16175	0.03332	0.08243	0.02567	0.03979	0.03969	0.00945	0.00691	0.00386	0.00389	0.00110	0.03497	0.00326	0.00222	0.00533
2	0.00540	0.00360	0.00405	0.00405	0.00405	0.00360	0.00225	0.00540	0.00540	0.00720	0.01170	0.02429	0.01349	0.86955	0.01889	0.00360	0.00360	0.00540	0.00225	0.00225
3	0.00781	0.00502	0.00665	0.02921	0.08682	0.00473	0.00475	0.00990	0.05629	0.16270	0.36560	0.02323	0.18523	0.00667	0.00410	0.00117	0.00243	0.00576	0.02763	0.00431
4	0.00829	0.00658	0.00776	0.00557	0.00884	0.00498	0.00447	0.00993	0.00789	0.06771	0.00713	0.00803	0.00574	0.00287	0.00281	0.00059	0.00278	0.00230	0.00236	0.83337
5	0.00452	0.00323	0.00431	0.00517	0.00538	0.00301	0.00345	0.00517	0.00711	0.00948	0.02046	0.86713	0.02455	0.01163	0.00474	0.00151	0.00215	0.01055	0.00345	0.00301
6	0.05387	0.01520	0.01095	0.06584	0.01253	0.64434	0.06828	0.03460	0.00998	0.00997	0.00620	0.00781	0.00517	0.03501	0.00397	0.00111	0.00619	0.00271	0.00197	0.00431
7	0.00890	0.00891	0.01725	0.03489	0.21325	0.00882	0.44922	0.03796	0.00868	0.03961	0.00843	0.07330	0.00717	0.00413	0.00470	0.00125	0.06194	0.00443	0.00211	0.00507
8	0.07613	0.08874	0.10866	0.00942	0.09160	0.03230	0.03954	0.10543	0.28841	0.09203	0.01027	0.01029	0.00764	0.00415	0.00348	0.00114	0.00384	0.00336	0.00294	0.02061

[dist]
# distance from previous block
# <min> <max>
0	5

[block]
# block no. 8 follows, 74 sequences, length 14
# corresponding to MSA columns:
# 617-630
name=unknown_I
#
# <colnr> <probs for GDERKNQSTAVLIFYWHMCP>
#	G	D	E	R	K	N	Q	S	T	A	V	L	I	F	Y	W	H	M	C	P
0	0.00892	0.00975	0.08125	0.07118	0.47197	0.03562	0.12696	0.01233	0.10281	0.01224	0.02563	0.01008	0.00689	0.00363	0.00378	0.00115	0.00464	0.00356	0.00208	0.00551
1	0.00859	0.01425	0.48712	0.01076	0.09141	0.01751	0.03715	0.08890	0.03825	0.05060	0.05371	0.02312	0.00814	0.00433	0.00373	0.00119	0.00472	0.03994	0.01124	0.00537
2	0.00602	0.00443	0.00575	0.00588	0.00668	0.00456	0.00466	0.05489	0.00844	0.01132	0.14350	0.09787	0.07850	0.11974	0.11182	0.00230	0.02942	0.29764	0.00316	0.00341
3	0.01150	0.21093	0.01194	0.02473	0.01068	0.32112	0.00660	0.07664	0.23149	0.02932	0.00863	0.00894	0.00682	0.00452	0.01975	0.00112	0.00482	0.00293	0.00252	0.00500
4	0.53588	0.00688	0.00674	0.00565	0.00812	0.00730	0.00467	0.03860	0.00822	0.30370	0.00903	0.00959	0.00645	0.00410	0.00293	0.00117	0.00303	0.02991	0.00317	0.00486
5	0.00951	0.12836	0.27383	0.01992	0.11711	0.07625	0.06331	0.03919	0.03435	0.08412	0.04372	0.01083	0.00763	0.00410	0.00363	0.00111	0.01221	0.03972	0.00226	0.02884
6	0.03652	0.07781	0.55066	0.01132	0.08037	0.07881	0.07644	0.01205	0.02163	0.01158	0.00666	0.00793	0.00496	0.00350	0.00347	0.00113	0.00533	0.00283	0.00170	0.00529
7	0.00475	0.00344	0.00449	0.00519	0.00559	0.00322	0.00365	0.00559	0.00752	0.00996	0.07215	0.63225	0.08432	0.03949	0.00520	0.00156	0.00230	0.10282	0.00344	0.00307
8	0.05101	0.00507	0.04362	0.00639	0.00759	0.00455	0.02929	0.00776	0.00829	0.01148	0.05959	0.06697	0.10229	0.03749	0.00507	0.00158	0.00319	0.49046	0.05481	0.00351
9	0.00970	0.07341	0.31248	0.01112	0.11482	0.03526	0.07558	0.07862	0.16180	0.07751	0.00898	0.00957	0.00662	0.00389	0.00360	0.00115	0.00459	0.00327	0.00245	0.00561
10	0.00613	0.00460	0.00559	0.04852	0.00661	0.00494	0.00382	0.05482	0.05271	0.00971	0.04650	0.19980	0.04828	0.42535	0.01186	0.00245	0.05623	0.00621	0.00272	0.00314
11	0.00527	0.00389	0.00562	0.00566	0.00621	0.00441	0.00425	0.00638	0.00595	0.00847	0.01076	0.06270	0.01068	0.14012	0.69577	0.00540	0.00866	0.00453	0.00210	0.00315
12	0.00907	0.07213	0.42464	0.01111	0.14027	0.02503	0.01050	0.09087	0.00902	0.06523	0.00811	0.05827	0.00652	0.00406	0.00353	0.00111	0.00463	0.00332	0.00216	0.05041
13	0.04319	0.03978	0.05073	0.01274	0.24237	0.12008	0.07452	0.17608	0.10825	0.03926	0.00827	0.00916	0.00636	0.00381	0.00356	0.00108	0.00448	0.00322	0.00255	0.05051

[dist]
# distance from previous block
# <min> <max>
1	4

[block]
# block no. 9 follows, 74 sequences, length 11
# corresponding to MSA columns:
# 635-645
name=unknown_J
#
# <colnr> <probs for GDERKNQSTAVLIFYWHMCP>
#	G	D	E	R	K	N	Q	S	T	A	V	L	I	F	Y	W	H	M	C	P
0	0.01086	0.01008	0.01290	0.12506	0.40340	0.11450	0.00951	0.24178	0.01109	0.01456	0.00732	0.00889	0.00574	0.00374	0.00365	0.00110	0.00467	0.00320	0.00235	0.00558
1	0.00999	0.01109	0.01286	0.01293	0.18448	0.24428	0.08380	0.01134	0.00788	0.00991	0.00579	0.00812	0.00513	0.00479	0.00726	0.00130	0.36958	0.00313	0.00177	0.00459
2	0.00468	0.00353	0.00438	0.00499	0.00559	0.00322	0.00361	0.00556	0.00770	0.00986	0.02533	0.51203	0.26272	0.01079	0.00469	0.00146	0.00225	0.12106	0.00344	0.00310
3	0.46549	0.00814	0.00852	0.00844	0.12370	0.00893	0.00594	0.22129	0.00986	0.09732	0.00728	0.00783	0.00535	0.00379	0.00298	0.00113	0.00342	0.00269	0.00281	0.00508
4	0.00889	0.00907	0.01274	0.38375	0.37637	0.12467	0.01034	0.01104	0.00829	0.01056	0.00664	0.00915	0.00533	0.00355	0.00365	0.00114	0.00496	0.00318	0.00177	0.00490
5	0.00546	0.00407	0.00568	0.00561	0.00605	0.00467	0.00413	0.00639	0.00579	0.00823	0.01019	0.01700	0.01025	0.26341	0.57979	0.00509	0.04873	0.00434	0.00204	0.00305
6	0.00561	0.00422	0.00515	0.00548	0.00611	0.00428	0.00387	0.00807	0.15106	0.01101	0.12075	0.47282	0.02210	0.11040	0.00621	0.00168	0.00248	0.05177	0.00344	0.00350
7	0.06476	0.00843	0.01107	0.05636	0.12526	0.05543	0.00803	0.02416	0.00680	0.01035	0.00562	0.00829	0.00513	0.00580	0.02869	0.00149	0.50646	0.00308	0.00180	0.06299
8	0.00442	0.00361	0.00391	0.00415	0.00512	0.00310	0.00299	0.00528	0.00808	0.00987	0.03285	0.26639	0.61730	0.01002	0.00448	0.00132	0.00196	0.00859	0.00345	0.00310
9	0.00448	0.00365	0.00397	0.00414	0.00514	0.00314	0.00301	0.00542	0.00832	0.01027	0.09442	0.21843	0.60320	0.00976	0.00446	0.00130	0.00193	0.00835	0.00349	0.00314
10	0.00792	0.03334	0.26431	0.27853	0.13193	0.00827	0.01031	0.06248	0.00819	0.02709	0.00739	0.00971	0.00576	0.00696	0.12045	0.00183	0.00561	0.00320	0.00188	0.00486

[dist]
# distance from previous block
# <min> <max>
0	1

[block]
# block no. 10 follows, 74 sequences, length 7
# corresponding to MSA columns:
# 647-653
name=unknown_K
#
# <colnr> <probs for GDERKNQSTAVLIFYWHMCP>
#	G	D	E	R	K	N	Q	S	T	A	V	L	I	F	Y	W	H	M	C	P
0	0.01235	0.00992	0.01172	0.01227	0.23862	0.08459	0.00804	0.40902	0.01295	0.08289	0.00848	0.00933	0.00638	0.00527	0.04451	0.00135	0.03023	0.00331	0.00297	0.00581
1	0.00913	0.16067	0.07049	0.00651	0.00989	0.00801	0.00585	0.14615	0.00929	0.01335	0.00673	0.00760	0.00545	0.00316	0.00290	0.00073	0.00338	0.00239	0.00230	0.52602
2	0.00677	0.00599	0.03000	0.20182	0.13526	0.02752	0.00664	0.00873	0.00918	0.03413	0.40218	0.04173	0.04049	0.00647	0.02612	0.00130	0.00336	0.00520	0.00300	0.00411
3	0.00695	0.00428	0.00616	0.00587	0.00679	0.00466	0.00452	0.00816	0.00658	0.12981	0.01079	0.01525	0.00968	0.10656	0.65044	0.00504	0.00834	0.00408	0.00239	0.00364
4	0.00776	0.00694	0.00749	0.00565	0.00851	0.06201	0.00446	0.00938	0.00829	0.01230	0.12750	0.01052	0.00971	0.00352	0.00302	0.00067	0.00287	0.00286	0.00245	0.70408
5	0.00555	0.00399	0.00512	0.00508	0.00602	0.00377	0.00393	0.00728	0.02902	0.03262	0.46693	0.09072	0.14300	0.00951	0.05162	0.00155	0.00255	0.12449	0.00374	0.00352
6	0.00496	0.00374	0.00417	0.00421	0.00498	0.00340	0.00298	0.00567	0.00760	0.00956	0.09679	0.03129	0.43070	0.26871	0.00915	0.03092	0.00256	0.07267	0.00308	0.00287

[dist]
# distance from previous block
# <min> <max>
0	2

[block]
# block no. 11 follows, 74 sequences, length 22
# corresponding to MSA columns:
# 656-677
name=unknown_L
#
# <colnr> <probs for GDERKNQSTAVLIFYWHMCP>
#	G	D	E	R	K	N	Q	S	T	A	V	L	I	F	Y	W	H	M	C	P
0	0.05539	0.76477	0.01830	0.00704	0.04515	0.01402	0.00647	0.03590	0.00782	0.00972	0.00535	0.00619	0.00482	0.00323	0.00247	0.00083	0.00394	0.00208	0.00170	0.00482
1	0.01301	0.08695	0.01108	0.00875	0.06869	0.08623	0.01732	0.36656	0.02310	0.18729	0.00987	0.03408	0.00736	0.00485	0.01931	0.00117	0.00411	0.00346	0.04114	0.00567
2	0.04921	0.07001	0.09113	0.01112	0.12784	0.38858	0.04954	0.06915	0.06751	0.01166	0.00721	0.00869	0.00587	0.00391	0.00345	0.00106	0.00539	0.02161	0.00215	0.00491
3	0.15143	0.20220	0.07454	0.35495	0.02824	0.09948	0.02008	0.01087	0.00766	0.01067	0.00598	0.00789	0.00474	0.00353	0.00314	0.00109	0.00463	0.00268	0.00177	0.00441
4	0.00793	0.00772	0.04257	0.10498	0.02305	0.04203	0.10240	0.01311	0.31065	0.01334	0.17977	0.01580	0.04536	0.00523	0.00417	0.00121	0.03047	0.00456	0.04090	0.00475
5	0.00509	0.00377	0.00475	0.00454	0.00546	0.00343	0.00339	0.00668	0.01008	0.01395	0.69181	0.05449	0.16278	0.00800	0.00439	0.00119	0.00178	0.00701	0.00397	0.00343
6	0.00675	0.00365	0.00431	0.00452	0.00531	0.00352	0.00335	0.00810	0.00782	0.07254	0.01566	0.30065	0.01542	0.00724	0.00359	0.00117	0.00211	0.06918	0.46161	0.00351
7	0.01411	0.01040	0.01114	0.00854	0.01151	0.01151	0.00706	0.83402	0.01745	0.02339	0.00891	0.00891	0.00631	0.00446	0.00371	0.00111	0.00408	0.00334	0.00371	0.00631
8	0.00497	0.00355	0.00482	0.00562	0.00605	0.00340	0.00417	0.00598	0.00768	0.01020	0.05983	0.59163	0.02414	0.01104	0.00483	0.00155	0.00249	0.24142	0.00347	0.00315
9	0.00770	0.00660	0.00770	0.00550	0.00880	0.00495	0.00440	0.00935	0.00770	0.01210	0.00660	0.00770	0.00550	0.00275	0.00275	0.00055	0.00275	0.00220	0.00220	0.89224
10	0.00770	0.00660	0.00770	0.00550	0.00880	0.00495	0.00440	0.00935	0.00770	0.01210	0.00660	0.00770	0.00550	0.00275	0.00275	0.00055	0.00275	0.00220	0.00220	0.89224
11	0.00442	0.00365	0.00388	0.00406	0.00509	0.00311	0.00295	0.00529	0.00817	0.00991	0.03394	0.21347	0.66951	0.00988	0.00446	0.00131	0.00194	0.00841	0.00345	0.00311
12	0.00439	0.00376	0.00376	0.00376	0.00501	0.00313	0.00282	0.00533	0.00846	0.01003	0.03760	0.03572	0.84489	0.00940	0.00439	0.00125	0.00188	0.00783	0.00345	0.00313
13	0.01387	0.01769	0.01052	0.00956	0.01148	0.85465	0.00717	0.01482	0.01052	0.00908	0.00574	0.00669	0.00478	0.00383	0.00335	0.00096	0.00669	0.00239	0.00191	0.00430
14	0.27402	0.00945	0.00946	0.00746	0.01023	0.01057	0.00616	0.59137	0.01417	0.02141	0.00781	0.00806	0.00564	0.00416	0.00330	0.00112	0.00373	0.00295	0.00330	0.00564
15	0.00955	0.33067	0.36867	0.00901	0.01295	0.16368	0.03543	0.01208	0.00824	0.01017	0.00597	0.00701	0.00477	0.00344	0.00310	0.00100	0.00517	0.00245	0.00165	0.00499
16	0.03529	0.03213	0.01095	0.09677	0.06543	0.00986	0.00785	0.00975	0.00654	0.07434	0.00661	0.02851	0.00599	0.01921	0.04259	0.00167	0.53681	0.00345	0.00195	0.00430
17	0.01270	0.00970	0.01035	0.00826	0.01097	0.01085	0.00671	0.59906	0.25471	0.02112	0.01070	0.01034	0.00776	0.00462	0.00373	0.00116	0.00375	0.00359	0.00373	0.00619
18	0.00919	0.00882	0.01507	0.02278	0.84640	0.00882	0.01139	0.01139	0.00845	0.01213	0.00698	0.00919	0.00588	0.00331	0.00367	0.00110	0.00441	0.00331	0.00184	0.00588
19	0.00443	0.00376	0.00382	0.00381	0.00504	0.00315	0.00286	0.00541	0.00857	0.01028	0.07893	0.03531	0.80341	0.00931	0.00439	0.00125	0.00187	0.00778	0.00348	0.00315
20	0.01065	0.00915	0.04277	0.00899	0.07006	0.00975	0.00689	0.28773	0.44986	0.01772	0.03806	0.01208	0.00976	0.00474	0.00376	0.00119	0.00348	0.00387	0.00354	0.00593
21	0.00548	0.00412	0.00541	0.00590	0.03912	0.00367	0.00402	0.00651	0.00772	0.02289	0.08976	0.54462	0.05870	0.00937	0.00436	0.00131	0.00236	0.04650	0.00327	0.13492

[dist]
# distance from previous block
# <min> <max>
0	1

[block]
# block no. 12 follows, 74 sequences, length 31
# corresponding to MSA columns:
# 679-709
name=unknown_M
#
# <colnr> <probs for GDERKNQSTAVLIFYWHMCP>
#	G	D	E	R	K	N	Q	S	T	A	V	L	I	F	Y	W	H	M	C	P
0	0.05834	0.28013	0.13159	0.00914	0.04321	0.28222	0.05064	0.05706	0.02253	0.02448	0.00626	0.00719	0.00507	0.00357	0.00312	0.00098	0.00511	0.00253	0.00195	0.00486
1	0.00941	0.00806	0.00849	0.00759	0.00972	0.00932	0.00592	0.04957	0.80956	0.01582	0.01488	0.01367	0.01115	0.00501	0.00377	0.00125	0.00298	0.00417	0.00377	0.00589
2	0.00873	0.00815	0.01303	0.24755	0.46683	0.00880	0.02311	0.03380	0.12928	0.01220	0.00812	0.01006	0.00643	0.00370	0.00371	0.00116	0.00436	0.00345	0.00212	0.00540
3	0.01303	0.17125	0.01207	0.00893	0.01108	0.68107	0.00699	0.01428	0.03187	0.00919	0.00588	0.00675	0.00495	0.00374	0.00318	0.00094	0.00610	0.00237	0.00190	0.00443
4	0.00499	0.00378	0.00460	0.00439	0.00538	0.00339	0.00329	0.00649	0.00988	0.01340	0.59860	0.03016	0.28179	0.00814	0.00438	0.00119	0.00179	0.00705	0.00389	0.00339
5	0.00531	0.00354	0.00415	0.00431	0.00436	0.00351	0.00254	0.00539	0.00571	0.00760	0.01304	0.15540	0.01513	0.68915	0.01626	0.03392	0.00336	0.02251	0.00244	0.00237
6	0.00454	0.00375	0.00399	0.00400	0.00515	0.00320	0.00300	0.00559	0.00868	0.01068	0.14459	0.06777	0.68795	0.00926	0.00441	0.00126	0.00190	0.02356	0.00353	0.00318
7	0.00831	0.31744	0.55967	0.00910	0.01378	0.01074	0.01114	0.01153	0.00773	0.01070	0.00614	0.00718	0.00472	0.00340	0.00313	0.00104	0.00496	0.00248	0.00157	0.00523
8	0.00566	0.00395	0.00474	0.00466	0.00570	0.00366	0.00357	0.00732	0.03084	0.03910	0.34893	0.07637	0.26149	0.00848	0.02093	0.00132	0.00219	0.07625	0.09134	0.00350
9	0.00937	0.00804	0.00847	0.00758	0.00970	0.00930	0.00591	0.04264	0.81655	0.01575	0.01493	0.01371	0.01119	0.00502	0.00378	0.00125	0.00297	0.00417	0.00378	0.00589
10	0.30692	0.00660	0.00757	0.00604	0.00872	0.00640	0.00498	0.01572	0.00920	0.57416	0.01152	0.01045	0.00748	0.00421	0.00326	0.00115	0.00306	0.00316	0.00384	0.00556
11	0.00905	0.00770	0.00817	0.00736	0.00937	0.00882	0.00571	0.05197	0.73737	0.01545	0.02955	0.05171	0.03033	0.00544	0.00384	0.00126	0.00291	0.00456	0.00376	0.00567
12	0.01017	0.81840	0.01889	0.00655	0.00965	0.06719	0.00640	0.01135	0.00773	0.00875	0.00520	0.00600	0.00476	0.00322	0.00244	0.00080	0.00414	0.00201	0.00161	0.00473
13	0.00805	0.00841	0.11413	0.10797	0.27073	0.00720	0.09468	0.02653	0.00796	0.05116	0.01776	0.04187	0.01665	0.17418	0.00683	0.00167	0.00441	0.03300	0.00218	0.00463
