[name]
unknown

[dist]
# distance from previous block
# <min> <max>
1	102

[block]
# block no. 0 follows, 73 sequences, length 13
# corresponding to MSA columns:
# 139-151
name=unknown_A
#
# <colnr> <probs for GDERKNQSTAVLIFYWHMCP>
#	G	D	E	R	K	N	Q	S	T	A	V	L	I	F	Y	W	H	M	C	P
0	0.05354	0.02606	0.01034	0.04354	0.17246	0.05762	0.02393	0.06673	0.12484	0.28873	0.02225	0.01244	0.05482	0.00452	0.00369	0.00115	0.00372	0.00376	0.00331	0.02254
1	0.02814	0.00881	0.01551	0.05997	0.61841	0.00877	0.13363	0.01187	0.00862	0.05893	0.00751	0.00957	0.00601	0.00341	0.00380	0.00115	0.00466	0.00350	0.00202	0.00571
2	0.01616	0.05476	0.00929	0.00662	0.00956	0.00602	0.00553	0.01760	0.01047	0.77302	0.01400	0.01223	0.00891	0.00450	0.00366	0.00112	0.00322	0.00362	0.00439	0.03532
3	0.06683	0.01063	0.04824	0.02331	0.20886	0.17356	0.09229	0.08864	0.09927	0.09222	0.00924	0.05404	0.00745	0.00431	0.00370	0.00115	0.00463	0.00369	0.00262	0.00531
4	0.04668	0.03976	0.02100	0.00856	0.08181	0.02542	0.03159	0.11519	0.02154	0.50340	0.04470	0.02448	0.00930	0.00457	0.00371	0.00115	0.00357	0.00376	0.00387	0.00594
5	0.01683	0.00638	0.00871	0.00668	0.00958	0.00551	0.00551	0.01828	0.01074	0.84734	0.01480	0.01277	0.00929	0.00464	0.00377	0.00116	0.00319	0.00377	0.00464	0.00638
6	0.01206	0.00818	0.01287	0.06737	0.39668	0.00807	0.05480	0.09272	0.01009	0.28451	0.00977	0.01048	0.00700	0.00389	0.00378	0.00115	0.00415	0.00355	0.00294	0.00597
7	0.00913	0.00883	0.01528	0.07433	0.75899	0.00890	0.04641	0.01142	0.00849	0.01208	0.00706	0.00937	0.00587	0.00336	0.00375	0.00113	0.00457	0.00339	0.00185	0.00580
8	0.01486	0.00653	0.00880	0.00686	0.00957	0.00591	0.03199	0.05610	0.05240	0.65476	0.04815	0.01460	0.06164	0.00503	0.00386	0.00118	0.00319	0.00417	0.00438	0.00601
9	0.01151	0.00550	0.00719	0.00597	0.00798	0.00505	0.00475	0.01389	0.08302	0.43726	0.35045	0.01906	0.02006	0.00591	0.00404	0.00118	0.00260	0.00503	0.00436	0.00519
10	0.00609	0.00488	0.00635	0.00631	0.00709	0.05617	0.06657	0.00711	0.00805	0.04666	0.10818	0.61944	0.02261	0.00986	0.00459	0.00142	0.00277	0.00896	0.00339	0.00348
11	0.00880	0.00846	0.01459	0.07018	0.67541	0.00857	0.05827	0.01100	0.00844	0.01198	0.02945	0.04698	0.00744	0.00389	0.00398	0.00116	0.02004	0.00381	0.00197	0.00557
12	0.89465	0.00726	0.00551	0.00493	0.00726	0.00842	0.00406	0.01103	0.00638	0.01683	0.00522	0.00609	0.00406	0.00348	0.00232	0.00116	0.00290	0.00203	0.00232	0.00406

[dist]
# distance from previous block
# <min> <max>
1	24

[block]
# block no. 1 follows, 73 sequences, length 31
# corresponding to MSA columns:
# 176-192,204-217
name=unknown_B
#
# <colnr> <probs for GDERKNQSTAVLIFYWHMCP>
#	G	D	E	R	K	N	Q	S	T	A	V	L	I	F	Y	W	H	M	C	P
0	0.29123	0.00843	0.00873	0.00701	0.00963	0.02149	0.02081	0.32984	0.04907	0.14303	0.05671	0.00994	0.00793	0.00435	0.00334	0.00114	0.00348	0.00324	0.00338	0.01723
1	0.00962	0.01976	0.01302	0.01458	0.31971	0.05463	0.03869	0.08712	0.08256	0.01228	0.00716	0.00916	0.00604	0.00475	0.00671	0.00131	0.30217	0.00338	0.00213	0.00521
2	0.00949	0.00800	0.01242	0.04349	0.53104	0.00813	0.00919	0.08198	0.04571	0.06621	0.02232	0.02783	0.04215	0.05418	0.02047	0.00138	0.00417	0.00392	0.00244	0.00549
3	0.01085	0.00729	0.00999	0.02003	0.15099	0.02676	0.05470	0.12346	0.06878	0.22803	0.20174	0.04528	0.01460	0.00525	0.00397	0.00117	0.00344	0.00460	0.00355	0.01552
4	0.00683	0.00608	0.00939	0.49003	0.04883	0.02251	0.02390	0.00913	0.04138	0.02093	0.06715	0.21454	0.01213	0.00596	0.00405	0.00130	0.00404	0.00536	0.00241	0.00405
5	0.00935	0.00876	0.01491	0.06056	0.78980	0.00882	0.01134	0.01157	0.00854	0.02999	0.00720	0.00939	0.00597	0.00339	0.00372	0.00112	0.00445	0.00335	0.00191	0.00587
6	0.00620	0.00438	0.00554	0.00507	0.00623	0.00413	0.01438	0.00827	0.06057	0.06123	0.50440	0.02589	0.14800	0.05791	0.04993	0.00158	0.00257	0.00627	0.00375	0.02368
7	0.00715	0.00676	0.01127	0.81039	0.02492	0.00852	0.01029	0.00955	0.00740	0.00955	0.00657	0.00990	0.00500	0.00391	0.00424	0.00127	0.05415	0.00333	0.00167	0.00416
8	0.00879	0.00727	0.00836	0.00810	0.05796	0.00822	0.00588	0.10522	0.47720	0.01451	0.01365	0.08739	0.01151	0.05293	0.10218	0.00194	0.01563	0.00467	0.00335	0.00523
9	0.01335	0.05490	0.01173	0.00865	0.01158	0.02319	0.03274	0.66636	0.10392	0.02147	0.00939	0.00939	0.00680	0.00445	0.00371	0.00113	0.00410	0.00342	0.00357	0.00618
10	0.01002	0.00673	0.00775	0.00672	0.00878	0.00710	0.00527	0.01643	0.45200	0.19465	0.19622	0.01661	0.01605	0.00549	0.00391	0.00121	0.00275	0.00463	0.00401	0.03368
11	0.01082	0.00874	0.00942	0.00792	0.01020	0.00997	0.00634	0.31663	0.44725	0.01795	0.01360	0.01301	0.05310	0.00519	0.00430	0.00124	0.05075	0.00407	0.00366	0.00585
12	0.00546	0.00364	0.00409	0.00409	0.00409	0.00364	0.00227	0.00546	0.00546	0.00727	0.01182	0.02455	0.01364	0.86815	0.01910	0.00364	0.00364	0.00546	0.00227	0.00227
13	0.00762	0.00738	0.01109	0.33310	0.01576	0.00990	0.00885	0.00911	0.00643	0.00922	0.00588	0.00927	0.00521	0.00673	0.05717	0.00174	0.48645	0.00334	0.00167	0.00409
14	0.00663	0.00607	0.01011	0.60873	0.04653	0.00717	0.03482	0.00872	0.00754	0.00976	0.01037	0.18803	0.02924	0.00552	0.00400	0.00130	0.00437	0.00500	0.00210	0.00400
15	0.00778	0.00667	0.00778	0.00556	0.00889	0.00500	0.00445	0.00945	0.00778	0.01223	0.00667	0.00778	0.00556	0.00278	0.00278	0.00056	0.00278	0.00222	0.00222	0.89108
16	0.00940	0.00895	0.01513	0.02269	0.82504	0.00898	0.01141	0.03092	0.00876	0.01253	0.00710	0.00928	0.00595	0.00337	0.00372	0.00111	0.00445	0.00334	0.00190	0.00595
17	0.00912	0.00784	0.00830	0.00748	0.00954	0.00903	0.00581	0.01926	0.79433	0.01566	0.05891	0.01474	0.01272	0.00523	0.00385	0.00127	0.00291	0.00438	0.00383	0.00581
18	0.00457	0.00326	0.00435	0.00522	0.00544	0.00305	0.00348	0.00522	0.00718	0.00958	0.02068	0.86570	0.02481	0.01175	0.00479	0.00152	0.00218	0.01067	0.00348	0.00305
19	0.00895	0.03462	0.08731	0.22783	0.15126	0.00804	0.14990	0.03175	0.03538	0.10428	0.08516	0.01255	0.03769	0.00427	0.00389	0.00119	0.00447	0.00398	0.00246	0.00502
20	0.00472	0.00342	0.00448	0.00525	0.00556	0.00323	0.00354	0.00568	0.02942	0.00993	0.04824	0.80019	0.03955	0.01140	0.00474	0.00150	0.00218	0.01032	0.00351	0.00314
21	0.01282	0.00834	0.00942	0.00717	0.01019	0.02807	0.00585	0.31938	0.03761	0.24002	0.00996	0.00974	0.00702	0.00402	0.00345	0.00096	0.00349	0.00313	0.00348	0.27588
22	0.00727	0.00685	0.01158	0.78975	0.09379	0.00838	0.01051	0.00975	0.00759	0.00981	0.00670	0.00994	0.00508	0.00372	0.00375	0.00124	0.00496	0.00333	0.00168	0.00431
23	0.01349	0.07640	0.03448	0.02619	0.14554	0.09224	0.01682	0.17212	0.04353	0.32581	0.01037	0.01020	0.00724	0.00417	0.00362	0.00111	0.00412	0.00335	0.00332	0.00589
24	0.00778	0.00667	0.00778	0.00556	0.00889	0.00500	0.00445	0.00945	0.00778	0.01223	0.00667	0.00778	0.00556	0.00278	0.00278	0.00056	0.00278	0.00222	0.00222	0.89108
25	0.00894	0.00829	0.01394	0.07961	0.69789	0.00840	0.01066	0.01120	0.02260	0.02759	0.00828	0.07041	0.00738	0.00402	0.00380	0.00116	0.00428	0.00389	0.00205	0.00562
26	0.00536	0.00400	0.00593	0.00593	0.00657	0.00464	0.00457	0.00664	0.00600	0.00864	0.01014	0.01524	0.00960	0.07141	0.81031	0.00591	0.00972	0.00409	0.00202	0.00329
27	0.00948	0.00704	0.02218	0.00719	0.01026	0.00571	0.10989	0.02970	0.00864	0.16846	0.00954	0.08150	0.00791	0.00399	0.00338	0.00086	0.00333	0.00354	0.00277	0.50463
28	0.00772	0.00702	0.01111	0.75321	0.02397	0.00862	0.00995	0.06885	0.05234	0.01091	0.00729	0.01014	0.00544	0.00388	0.00375	0.00124	0.00483	0.00339	0.00193	0.00442
29	0.00951	0.00892	0.01466	0.04390	0.74560	0.00907	0.01104	0.05887	0.03838	0.01296	0.00745	0.00946	0.00614	0.00348	0.00372	0.00112	0.00440	0.00338	0.00203	0.00592
30	0.01422	0.00970	0.01089	0.05717	0.01216	0.01057	0.00709	0.66847	0.01607	0.14078	0.00970	0.00960	0.00672	0.00448	0.00376	0.00114	0.00404	0.00343	0.00376	0.00625

[dist]
# distance from previous block
# <min> <max>
0	2

[block]
# block no. 2 follows, 73 sequences, length 92
# corresponding to MSA columns:
# 222-288,290-314
name=unknown_C
#
# <colnr> <probs for GDERKNQSTAVLIFYWHMCP>
#	G	D	E	R	K	N	Q	S	T	A	V	L	I	F	Y	W	H	M	C	P
0	0.00535	0.00389	0.00464	0.00442	0.00547	0.00346	0.00330	0.00672	0.00960	0.03985	0.47046	0.04433	0.33590	0.04001	0.00495	0.00131	0.00194	0.00713	0.00383	0.00344
1	0.00873	0.00713	0.00816	0.00602	0.00914	0.02273	0.00483	0.05413	0.02482	0.05511	0.01590	0.00842	0.00618	0.00319	0.00321	0.00068	0.02791	0.00248	0.00246	0.72877
2	0.04126	0.00833	0.01126	0.00959	0.00988	0.01139	0.00798	0.06507	0.00658	0.01031	0.00521	0.00818	0.00499	0.00631	0.01136	0.00159	0.77140	0.00324	0.00181	0.00426
3	0.00915	0.00698	0.10653	0.03151	0.00979	0.00566	0.05539	0.01122	0.03108	0.24745	0.09813	0.12707	0.01320	0.01125	0.20486	0.00238	0.01559	0.00497	0.00315	0.00465
4	0.03457	0.00926	0.04691	0.00694	0.01000	0.14349	0.03229	0.03032	0.04169	0.04300	0.01720	0.00869	0.01640	0.00336	0.00309	0.00077	0.00370	0.00263	0.00236	0.54332
5	0.00704	0.00664	0.01131	0.80365	0.02491	0.00817	0.03355	0.00949	0.00753	0.00965	0.00721	0.04151	0.00575	0.00403	0.00381	0.00126	0.00493	0.00364	0.00174	0.00415
6	0.00533	0.00382	0.00509	0.00585	0.00635	0.00371	0.00438	0.03285	0.00796	0.01053	0.02005	0.58825	0.02324	0.01110	0.00487	0.00157	0.00263	0.25565	0.00348	0.00328
7	0.01003	0.87041	0.01966	0.00642	0.00963	0.01485	0.00642	0.01123	0.00762	0.00883	0.00522	0.00602	0.00481	0.00321	0.00241	0.00080	0.00401	0.00201	0.00160	0.00481
8	0.01164	0.01111	0.21578	0.01030	0.01381	0.00854	0.19917	0.12185	0.01010	0.26997	0.00955	0.01009	0.00659	0.00419	0.00461	0.00123	0.07933	0.00359	0.00289	0.00568
9	0.03040	0.00548	0.02370	0.00678	0.00731	0.00654	0.00540	0.00742	0.00596	0.00901	0.00867	0.01381	0.00844	0.13444	0.42162	0.02272	0.24423	0.00390	0.03073	0.00344
10	0.00869	0.02211	0.01496	0.23508	0.54227	0.00892	0.09122	0.01107	0.00829	0.01150	0.00698	0.00950	0.00566	0.00343	0.00377	0.00116	0.00477	0.00343	0.00181	0.00539
11	0.00613	0.00487	0.00556	0.00520	0.00648	0.00489	0.00395	0.00991	0.21593	0.01401	0.42789	0.02619	0.22230	0.00740	0.00424	0.00122	0.00210	0.00636	0.02131	0.00405
12	0.00449	0.00374	0.00392	0.00400	0.00513	0.00317	0.00295	0.00544	0.00848	0.01028	0.07050	0.13063	0.71503	0.00968	0.00447	0.00129	0.00193	0.00818	0.00351	0.00317
13	0.00605	0.00712	0.14202	0.02199	0.05332	0.00514	0.05567	0.02410	0.00935	0.01278	0.34210	0.07444	0.21697	0.00706	0.00425	0.00122	0.00295	0.00619	0.00322	0.00403
14	0.00944	0.00814	0.01122	0.03457	0.04045	0.04284	0.08931	0.11977	0.00845	0.06899	0.00796	0.03476	0.00700	0.05210	0.06307	0.00180	0.36035	0.00379	0.03147	0.00454
15	0.00778	0.00667	0.00778	0.00556	0.00889	0.00500	0.00445	0.00945	0.00778	0.01223	0.00667	0.00778	0.00556	0.00278	0.00278	0.00056	0.00278	0.00222	0.00222	0.89108
16	0.00462	0.00346	0.00430	0.00489	0.00543	0.00314	0.00341	0.00544	0.00775	0.01004	0.06487	0.58574	0.23469	0.01093	0.00469	0.00145	0.00213	0.03638	0.00351	0.00312
17	0.01390	0.01553	0.01023	0.00912	0.01120	0.66293	0.00693	0.03207	0.08745	0.10425	0.00775	0.00816	0.00598	0.00408	0.00347	0.00102	0.00596	0.00276	0.00245	0.00477
18	0.01048	0.00863	0.00913	0.00787	0.01019	0.00987	0.00622	0.20900	0.64704	0.01754	0.01381	0.01284	0.01027	0.00495	0.00380	0.00124	0.00324	0.00404	0.00380	0.00604
19	0.00752	0.01941	0.84871	0.01069	0.01624	0.00871	0.01386	0.01188	0.00792	0.01188	0.00673	0.00792	0.00475	0.00356	0.00356	0.00119	0.00554	0.00277	0.00158	0.00554
20	0.03373	0.00966	0.01031	0.00822	0.01097	0.01077	0.00670	0.57372	0.23532	0.04485	0.01075	0.01037	0.00776	0.00464	0.00374	0.00117	0.00376	0.00359	0.00376	0.00621
21	0.01675	0.00652	0.00879	0.00674	0.00964	0.00572	0.00557	0.04505	0.01097	0.82025	0.01461	0.01265	0.00919	0.00464	0.00377	0.00116	0.00322	0.00376	0.00461	0.00638
22	0.00598	0.00428	0.00596	0.00681	0.00766	0.00426	0.00592	0.00766	0.00860	0.01117	0.02026	0.06156	0.03854	0.01038	0.00516	0.00171	0.00339	0.78380	0.00346	0.00344
23	0.00920	0.00883	0.01508	0.05382	0.81459	0.00889	0.01147	0.01144	0.00850	0.01216	0.00704	0.00931	0.00591	0.00336	0.00372	0.00112	0.00448	0.00334	0.00185	0.00588
24	0.00916	0.00880	0.01513	0.02242	0.80469	0.00878	0.03076	0.01137	0.00852	0.01219	0.00740	0.03020	0.00640	0.00354	0.00376	0.00113	0.00445	0.00355	0.00190	0.00585
25	0.00473	0.00383	0.00421	0.00417	0.00532	0.00331	0.00316	0.00593	0.00910	0.01146	0.24753	0.03425	0.59833	0.00906	0.00446	0.00126	0.00193	0.04103	0.00365	0.00328
26	0.00752	0.01941	0.84871	0.01069	0.01624	0.00871	0.01386	0.01188	0.00792	0.01188	0.00673	0.00792	0.00475	0.00356	0.00356	0.00119	0.00554	0.00277	0.00158	0.00554
27	0.00891	0.40449	0.44240	0.00868	0.01308	0.01160	0.01024	0.04180	0.00814	0.01093	0.00613	0.00710	0.00484	0.00344	0.00305	0.00101	0.00480	0.00245	0.00167	0.00524
28	0.20547	0.05590	0.01028	0.00843	0.01002	0.30525	0.02600	0.03541	0.02208	0.01158	0.03287	0.00793	0.00585	0.00464	0.00565	0.00121	0.24222	0.00280	0.00207	0.00432
29	0.01401	0.01788	0.01063	0.00967	0.01160	0.85309	0.00725	0.01498	0.01063	0.00918	0.00580	0.00677	0.00483	0.00387	0.00338	0.00097	0.00677	0.00242	0.00193	0.00435
30	0.00909	0.00785	0.00825	0.00744	0.00952	0.00902	0.00578	0.01921	0.79667	0.01542	0.01640	0.01510	0.05287	0.00531	0.00385	0.00127	0.00292	0.00442	0.00380	0.00580
31	0.00457	0.00326	0.00435	0.00522	0.00544	0.00305	0.00348	0.00522	0.00718	0.00958	0.02068	0.86570	0.02481	0.01175	0.00479	0.00152	0.00218	0.01067	0.00348	0.00305
32	0.00536	0.00389	0.00506	0.00479	0.00567	0.00363	0.00358	0.00725	0.02483	0.01490	0.80432	0.05238	0.03467	0.00775	0.00443	0.00119	0.00180	0.00685	0.00411	0.00357
33	0.00544	0.00363	0.00410	0.00412	0.00412	0.00363	0.00230	0.00545	0.00549	0.00732	0.01200	0.04183	0.01387	0.85056	0.01880	0.00359	0.00361	0.00556	0.00230	0.00229
34	0.00567	0.00542	0.00848	0.03509	0.01880	0.00500	0.18668	0.00716	0.00842	0.01050	0.02759	0.09193	0.52924	0.00795	0.00462	0.00130	0.02296	0.01650	0.00301	0.00367
35	0.00567	0.00387	0.00501	0.00470	0.00563	0.00358	0.00353	0.00743	0.01047	0.03415	0.77681	0.02688	0.03334	0.00741	0.00431	0.00116	0.00180	0.00653	0.05410	0.00360
36	0.01101	0.63865	0.01734	0.00713	0.01013	0.08667	0.00665	0.14339	0.00945	0.01124	0.00587	0.00661	0.00507	0.00355	0.00294	0.00089	0.02413	0.00229	0.00198	0.00501
37	0.00525	0.00425	0.00543	0.07294	0.03810	0.00406	0.00424	0.00682	0.03133	0.01155	0.24530	0.19442	0.32661	0.00867	0.00442	0.00130	0.00232	0.02604	0.00346	0.00351
38	0.00917	0.00870	0.01504	0.10864	0.70480	0.00882	0.05127	0.01146	0.00849	0.02718	0.00718	0.00946	0.00589	0.00340	0.00375	0.00114	0.00458	0.00340	0.00189	0.00572
39	0.01613	0.00718	0.00916	0.00706	0.00995	0.00674	0.00582	0.16443	0.03884	0.67250	0.01378	0.01213	0.00884	0.00463	0.00377	0.00116	0.00335	0.00372	0.00446	0.00637
40	0.01401	0.01788	0.01063	0.00967	0.01160	0.85309	0.00725	0.01498	0.01063	0.00918	0.00580	0.00677	0.00483	0.00387	0.00338	0.00097	0.00677	0.00242	0.00193	0.00435
41	0.00929	0.00891	0.01523	0.02303	0.84475	0.00891	0.01151	0.01151	0.00854	0.01226	0.00706	0.00929	0.00594	0.00334	0.00371	0.00111	0.00446	0.00334	0.00186	0.00594
42	0.00883	0.00703	0.01005	0.41015	0.04759	0.05437	0.00825	0.01066	0.00773	0.13453	0.00829	0.01107	0.00653	0.02793	0.13442	0.00204	0.10046	0.00350	0.00220	0.00440
43	0.00902	0.01028	0.02122	0.01530	0.01891	0.03648	0.76756	0.01223	0.02806	0.01195	0.00765	0.01006	0.00578	0.00330	0.00455	0.00126	0.02509	0.00433	0.00194	0.00504
44	0.00443	0.00380	0.00380	0.00380	0.00507	0.00317	0.00285	0.00538	0.00855	0.01014	0.03801	0.03611	0.84322	0.00950	0.00443	0.00127	0.00190	0.00792	0.00348	0.00317
45	0.00965	0.00895	0.02992	0.04327	0.75348	0.00878	0.01116	0.02578	0.00877	0.05329	0.00745	0.00945	0.00607	0.00344	0.00372	0.00112	0.00442	0.00335	0.00202	0.00592
46	0.05133	0.27147	0.06991	0.03199	0.15493	0.06064	0.10940	0.03027	0.00858	0.08958	0.00831	0.06988	0.00722	0.00420	0.00342	0.00108	0.00440	0.01611	0.00223	0.00504
47	0.01683	0.00638	0.00871	0.00668	0.00958	0.00551	0.00551	0.01828	0.01074	0.84734	0.01480	0.01277	0.00929	0.00464	0.00377	0.00116	0.00319	0.00377	0.00464	0.00638
48	0.00503	0.00363	0.00472	0.00484	0.00548	0.00336	0.00346	0.00633	0.00920	0.01275	0.50733	0.31499	0.05779	0.03743	0.00503	0.00138	0.00197	0.00811	0.00383	0.00332
49	0.00944	0.00908	0.01498	0.03714	0.79649	0.02552	0.01132	0.02883	0.00876	0.01239	0.00707	0.00924	0.00591	0.00338	0.00371	0.00111	0.00450	0.00333	0.00190	0.00589
50	0.00879	0.02270	0.22934	0.03372	0.57191	0.00895	0.03859	0.01167	0.01674	0.01210	0.00704	0.00898	0.00565	0.00342	0.00368	0.00114	0.00479	0.00322	0.00180	0.00577
51	0.00505	0.00350	0.00484	0.00548	0.00585	0.00325	0.01980	0.00578	0.00733	0.03683	0.02023	0.82121	0.02393	0.01135	0.00475	0.00151	0.00229	0.01032	0.00349	0.00320
52	0.00538	0.00400	0.00601	0.00601	0.00666	0.00466	0.00466	0.00666	0.00601	0.00866	0.00997	0.01467	0.00932	0.02782	0.83563	0.02466	0.00991	0.00400	0.00200	0.00331
53	0.00969	0.63438	0.18490	0.00767	0.01134	0.02463	0.03199	0.03961	0.00810	0.01004	0.00573	0.00663	0.00488	0.00333	0.00276	0.00091	0.00443	0.00228	0.00169	0.00502
54	0.00511	0.00382	0.00475	0.00454	0.00549	0.00345	0.00339	0.00669	0.01012	0.01390	0.65700	0.04700	0.20463	0.00814	0.00443	0.00121	0.00181	0.00710	0.00398	0.00345
55	0.00970	0.57770	0.13163	0.00896	0.07408	0.01294	0.05981	0.04272	0.03257	0.01046	0.00615	0.00713	0.00520	0.00337	0.00288	0.00093	0.00437	0.00248	0.00179	0.00511
56	0.01019	0.00572	0.00697	0.00589	0.00789	0.00546	0.00465	0.01362	0.18095	0.29127	0.23945	0.01829	0.06629	0.00570	0.00386	0.00114	0.00256	0.00481	0.06128	0.06401
57	0.02747	0.01731	0.06879	0.01797	0.01891	0.00522	0.07780	0.01061	0.00944	0.22887	0.27856	0.17354	0.03622	0.00673	0.00417	0.00124	0.00302	0.00599	0.00362	0.00452
58	0.00985	0.00884	0.01369	0.06424	0.60316	0.02625	0.01024	0.12112	0.00964	0.03117	0.00762	0.00964	0.00621	0.00508	0.05575	0.00142	0.00481	0.00338	0.00217	0.00572
59	0.00489	0.00381	0.00444	0.00431	0.00535	0.00336	0.00322	0.00625	0.00958	0.01265	0.45169	0.05105	0.40872	0.00861	0.00444	0.00123	0.00184	0.00740	0.00382	0.00336
60	0.01402	0.01777	0.01064	0.00965	0.01160	0.84007	0.00725	0.02763	0.01074	0.00941	0.00585	0.00680	0.00486	0.00388	0.00339	0.00097	0.00672	0.00243	0.00196	0.00438
61	0.00933	0.00806	0.00848	0.00764	0.00976	0.00933	0.00594	0.01994	0.83797	0.01569	0.01527	0.01400	0.01145	0.00509	0.00382	0.00127	0.00297	0.00424	0.00382	0.00594
62	0.00457	0.00326	0.00435	0.00522	0.00544	0.00305	0.00348	0.00522	0.00718	0.00958	0.02068	0.86570	0.02481	0.01175	0.00479	0.00152	0.00218	0.01067	0.00348	0.00305
63	0.00456	0.00381	0.00397	0.00393	0.00514	0.00322	0.00295	0.00562	0.00884	0.01082	0.14976	0.03498	0.73105	0.00925	0.00443	0.00125	0.00188	0.00776	0.00357	0.00322
64	0.00737	0.00683	0.01119	0.81241	0.02502	0.00847	0.01021	0.03687	0.02612	0.01018	0.00693	0.01006	0.00519	0.00381	0.00375	0.00125	0.00493	0.00336	0.00178	0.00428
65	0.00781	0.00670	0.00780	0.00560	0.00891	0.00510	0.00448	0.00968	0.02606	0.01230	0.00686	0.00792	0.00569	0.00283	0.00280	0.00057	0.00278	0.00227	0.00226	0.87159
66	0.01125	0.61001	0.01690	0.00741	0.01023	0.27088	0.00667	0.01238	0.00854	0.00894	0.00539	0.00625	0.00482	0.00341	0.00271	0.00085	0.00485	0.00213	0.00171	0.00467
67	0.86963	0.00723	0.00561	0.00498	0.00732	0.00833	0.00410	0.01124	0.00651	0.04050	0.00550	0.00628	0.00421	0.00352	0.00236	0.00116	0.00291	0.00208	0.00239	0.00413
68	0.00985	0.00834	0.01077	0.08271	0.21140	0.00916	0.01663	0.20165	0.30064	0.01561	0.01192	0.04345	0.03618	0.00519	0.01852	0.00129	0.00386	0.00411	0.00308	0.00564
69	0.00929	0.00891	0.01523	0.02303	0.84475	0.00891	0.01151	0.01151	0.00854	0.01226	0.00706	0.00929	0.00594	0.00334	0.00371	0.00111	0.00446	0.00334	0.00186	0.00594
70	0.00929	0.00891	0.01523	0.02303	0.84475	0.00891	0.01151	0.01151	0.00854	0.01226	0.00706	0.00929	0.00594	0.00334	0.00371	0.00111	0.00446	0.00334	0.00186	0.00594
71	0.01657	0.00633	0.00862	0.00663	0.00949	0.00547	0.00547	0.01803	0.01074	0.82818	0.03387	0.01312	0.00989	0.00471	0.00379	0.00116	0.00316	0.00384	0.00463	0.00632
72	0.00540	0.00385	0.00515	0.00515	0.00551	0.00421	0.00359	0.00613	0.00577	0.00806	0.01086	0.01921	0.01132	0.41061	0.47346	0.00494	0.00713	0.00467	0.00213	0.00286
73	0.00818	0.00447	0.00575	0.00507	0.00652	0.00399	0.00393	0.00973	0.01024	0.22927	0.47969	0.03574	0.15081	0.00715	0.00423	0.00119	0.00216	0.00616	0.02153	0.00421
74	0.00728	0.00687	0.01160	0.78541	0.09804	0.00839	0.01052	0.00976	0.00759	0.00982	0.00670	0.00994	0.00508	0.00371	0.00375	0.00124	0.00495	0.00333	0.00168	0.00432
75	0.00457	0.00326	0.00435	0.00522	0.00544	0.00305	0.00348	0.00522	0.00718	0.00958	0.02068	0.86570	0.02481	0.01175	0.00479	0.00152	0.00218	0.01067	0.00348	0.00305
76	0.02676	0.00855	0.03768	0.00776	0.01001	0.02570	0.01889	0.03760	0.70602	0.02396	0.04479	0.01382	0.01160	0.00503	0.00380	0.00125	0.00317	0.00418	0.00366	0.00577
77	0.01308	0.00680	0.00862	0.00666	0.02367	0.00579	0.00532	0.06411	0.01879	0.46141	0.01128	0.01063	0.00768	0.00392	0.00340	0.00093	0.00311	0.00317	0.00363	0.33802
78	0.02502	0.80424	0.05992	0.00664	0.00994	0.02406	0.00675	0.01131	0.00765	0.00912	0.00530	0.00612	0.00480	0.00324	0.00247	0.00083	0.00410	0.00205	0.00162	0.00483
79	0.00700	0.00537	0.00766	0.00674	0.00768	0.00595	0.04679	0.00862	0.02475	0.07001	0.35269	0.02040	0.03883	0.05995	0.11046	0.00204	0.18607	0.03200	0.00311	0.00387
80	0.01003	0.87041	0.01966	0.00642	0.00963	0.01485	0.00642	0.01123	0.00762	0.00883	0.00522	0.00602	0.00481	0.00321	0.00241	0.00080	0.00401	0.00201	0.00160	0.00481
81	0.01683	0.00638	0.00871	0.00668	0.00958	0.00551	0.00551	0.01828	0.01074	0.84734	0.01480	0.01277	0.00929	0.00464	0.00377	0.00116	0.00319	0.00377	0.00464	0.00638
82	0.00457	0.00326	0.00435	0.00522	0.00544	0.00305	0.00348	0.00522	0.00718	0.00958	0.02068	0.86570	0.02481	0.01175	0.00479	0.00152	0.00218	0.01067	0.00348	0.00305
83	0.00982	0.79741	0.09078	0.00679	0.01020	0.01432	0.00706	0.01129	0.00765	0.00909	0.00535	0.00618	0.00481	0.00324	0.00251	0.00084	0.00414	0.00207	0.00160	0.00488
84	0.00481	0.00382	0.00433	0.00420	0.00530	0.00333	0.00315	0.00612	0.00945	0.01226	0.38587	0.03261	0.49404	0.00871	0.00443	0.00123	0.00184	0.00743	0.00376	0.00333
85	0.01670	0.00659	0.00884	0.00677	0.00968	0.00582	0.00560	0.05953	0.01109	0.80560	0.01451	0.01258	0.00914	0.00464	0.00377	0.00116	0.00324	0.00375	0.00460	0.00638
86	0.01496	0.01402	0.00998	0.00866	0.01092	0.56809	0.00667	0.01609	0.01067	0.29101	0.00883	0.00878	0.00633	0.00413	0.00351	0.00103	0.00556	0.00287	0.00284	0.00503
87	0.00890	0.00838	0.01186	0.27875	0.30866	0.04366	0.00938	0.02947	0.23696	0.01247	0.00918	0.01070	0.00713	0.00400	0.00374	0.00119	0.00431	0.00355	0.00238	0.00533
88	0.00613	0.00552	0.00773	0.01033	0.28745	0.00513	0.00581	0.00757	0.00870	0.01120	0.08556	0.02651	0.50351	0.00730	0.00419	0.00121	0.00275	0.00630	0.00298	0.00413
89	0.53150	0.02285	0.00564	0.02032	0.01945	0.00665	0.00413	0.00898	0.00681	0.01400	0.02714	0.29569	0.01172	0.00634	0.00324	0.00128	0.00272	0.00507	0.00272	0.00376
90	0.06745	0.01805	0.00655	0.00572	0.00698	0.00547	0.00428	0.07432	0.02441	0.18530	0.01175	0.06774	0.01083	0.25462	0.21946	0.02059	0.00502	0.00456	0.00290	0.00399
91	0.00451	0.00367	0.00398	0.00419	0.00516	0.00316	0.00302	0.00540	0.00823	0.01012	0.05979	0.24130	0.60145	0.02278	0.00474	0.00136	0.00199	0.00853	0.00349	0.00314

[dist]
# distance from previous block
# <min> <max>
0	43

# created by:
# /home/cegg/simao/soft/augustus-3.2.1/scripts/msa2prfl.pl ./align_prep/EOG092C5BSI.fa
