[name]
unknown

[dist]
# distance from previous block
# <min> <max>
0	66

[block]
# block no. 0 follows, 67 sequences, length 7
# corresponding to MSA columns:
# 117-123
name=unknown_A
#
# <colnr> <probs for GDERKNQSTAVLIFYWHMCP>
#	G	D	E	R	K	N	Q	S	T	A	V	L	I	F	Y	W	H	M	C	P
0	0.14172	0.13805	0.16375	0.10841	0.14883	0.09105	0.02404	0.06163	0.00923	0.02721	0.00731	0.00933	0.00588	0.00398	0.00351	0.00117	0.00489	0.02214	0.00218	0.02569
1	0.00764	0.00639	0.03991	0.00963	0.13370	0.00634	0.02359	0.06731	0.02417	0.01118	0.01101	0.01722	0.02455	0.07208	0.28041	0.15460	0.02257	0.08126	0.00240	0.00405
2	0.00543	0.00407	0.00511	0.00494	0.00593	0.00375	0.00370	0.00704	0.01035	0.01416	0.55952	0.07093	0.21468	0.01031	0.06064	0.00165	0.00253	0.00753	0.00407	0.00366
3	0.03301	0.00867	0.06529	0.22620	0.09343	0.00900	0.00840	0.01538	0.38846	0.01395	0.01342	0.05611	0.04091	0.00528	0.00407	0.00134	0.00398	0.00452	0.00305	0.00551
4	0.00496	0.00363	0.00469	0.00550	0.00592	0.00336	0.00381	0.00577	0.00796	0.01042	0.02438	0.70381	0.12749	0.01217	0.00510	0.00161	0.00237	0.06003	0.00372	0.00330
5	0.00601	0.00523	0.04974	0.00521	0.00669	0.00422	0.00425	0.00803	0.04217	0.04281	0.38732	0.05504	0.35108	0.00865	0.00465	0.00131	0.00228	0.00741	0.00398	0.00393
6	0.01450	0.01051	0.01124	0.00870	0.01169	0.01160	0.00716	0.74271	0.01785	0.02428	0.00996	0.01014	0.00715	0.00480	0.00390	0.00118	0.00417	0.00362	0.08831	0.00652

[dist]
# distance from previous block
# <min> <max>
0	1

[block]
# block no. 1 follows, 67 sequences, length 21
# corresponding to MSA columns:
# 125-145
name=unknown_B
#
# <colnr> <probs for GDERKNQSTAVLIFYWHMCP>
#	G	D	E	R	K	N	Q	S	T	A	V	L	I	F	Y	W	H	M	C	P
0	0.08268	0.01143	0.05328	0.02787	0.08904	0.14049	0.00777	0.35659	0.01366	0.08980	0.04999	0.01097	0.02282	0.00493	0.01118	0.00124	0.00466	0.00361	0.01212	0.00587
1	0.01037	0.65986	0.14794	0.00774	0.01146	0.03611	0.00810	0.01275	0.05446	0.01037	0.00645	0.00725	0.00554	0.00362	0.00288	0.00096	0.00456	0.00242	0.00185	0.00532
2	0.65168	0.03401	0.00873	0.00705	0.00968	0.10340	0.07472	0.04671	0.00811	0.01669	0.00604	0.00709	0.00471	0.00378	0.00287	0.00121	0.00397	0.00250	0.00244	0.00460
3	0.00690	0.00558	0.00768	0.00750	0.05621	0.00602	0.05052	0.02888	0.04754	0.01025	0.04793	0.02117	0.06936	0.39244	0.14290	0.00330	0.08432	0.00530	0.00257	0.00362
4	0.00928	0.01435	0.39934	0.10678	0.08637	0.00947	0.03182	0.14181	0.06949	0.01465	0.02077	0.01096	0.03046	0.00516	0.03075	0.00144	0.00533	0.00361	0.00239	0.00578
5	0.00600	0.00431	0.00545	0.00519	0.00545	0.00447	0.02397	0.00640	0.00636	0.00866	0.05864	0.02441	0.02653	0.65270	0.11040	0.00384	0.03626	0.00566	0.00249	0.00280
6	0.00639	0.00616	0.06649	0.00696	0.03943	0.00503	0.05089	0.02873	0.00986	0.01354	0.35999	0.09726	0.17669	0.04983	0.00565	0.01587	0.01404	0.00679	0.00354	0.03686
7	0.00524	0.00397	0.00483	0.00486	0.00578	0.00356	0.00355	0.00663	0.00996	0.01334	0.43280	0.19692	0.27465	0.00966	0.00481	0.00136	0.00202	0.00844	0.00407	0.00356
8	0.00862	0.09959	0.06714	0.10298	0.06637	0.00805	0.02262	0.08292	0.06283	0.02230	0.01159	0.20806	0.01131	0.00599	0.00405	0.00119	0.01506	0.01464	0.00277	0.18192
9	0.00821	0.00814	0.03304	0.47459	0.18234	0.02814	0.05025	0.01110	0.04299	0.01116	0.00804	0.01117	0.00639	0.00691	0.09919	0.00188	0.00588	0.00371	0.00198	0.00490
10	0.01035	0.06631	0.37498	0.01183	0.09344	0.02050	0.04774	0.19513	0.02996	0.02775	0.02444	0.00952	0.00655	0.00433	0.00447	0.00126	0.05968	0.00337	0.00243	0.00597
11	0.01139	0.00652	0.04864	0.01938	0.00927	0.00546	0.02884	0.02520	0.03555	0.36992	0.16572	0.08230	0.12771	0.00708	0.01340	0.01190	0.00318	0.00573	0.01754	0.00527
12	0.01460	0.00624	0.00826	0.00669	0.00918	0.00562	0.00538	0.01677	0.06153	0.59127	0.13297	0.06365	0.01502	0.00587	0.00415	0.00126	0.00306	0.00493	0.03750	0.00604
13	0.00826	0.05841	0.02314	0.00859	0.09862	0.03495	0.03861	0.05433	0.04811	0.02306	0.04403	0.10173	0.05101	0.02692	0.02404	0.00147	0.00362	0.14189	0.20472	0.00447
14	0.05391	0.00762	0.11542	0.01815	0.00935	0.01566	0.04779	0.01014	0.03855	0.10382	0.14881	0.09160	0.24435	0.00742	0.00474	0.00134	0.03925	0.01751	0.02008	0.00449
15	0.01536	0.01105	0.01192	0.00914	0.01234	0.01216	0.00755	0.78691	0.01855	0.05947	0.00989	0.00980	0.00695	0.00482	0.00401	0.00121	0.00437	0.00363	0.00405	0.00682
16	0.27615	0.04578	0.02110	0.04445	0.08342	0.11013	0.02248	0.10734	0.00969	0.02625	0.03103	0.00871	0.00642	0.00387	0.00325	0.00106	0.00410	0.00285	0.00255	0.18938
17	0.00858	0.00632	0.00724	0.00674	0.00837	0.00674	0.00517	0.01441	0.37642	0.08614	0.16490	0.11001	0.07234	0.04422	0.02104	0.00159	0.00300	0.04769	0.00403	0.00505
18	0.00490	0.00382	0.00447	0.00492	0.00572	0.00338	0.00351	0.00583	0.00854	0.01077	0.05786	0.41876	0.40265	0.01124	0.00494	0.00150	0.00222	0.03788	0.00375	0.00335
19	0.00972	0.00861	0.01359	0.31241	0.37812	0.03545	0.03177	0.03552	0.00927	0.07126	0.00965	0.01180	0.04686	0.00420	0.00404	0.00125	0.00486	0.00384	0.00228	0.00551
20	0.08274	0.04841	0.03472	0.13562	0.09607	0.13791	0.00781	0.10007	0.06750	0.12417	0.06473	0.03828	0.00944	0.00482	0.00395	0.00122	0.01597	0.00383	0.00297	0.01975

[dist]
# distance from previous block
# <min> <max>
2	8

[block]
# block no. 2 follows, 67 sequences, length 11
# corresponding to MSA columns:
# 154-164
name=unknown_C
#
# <colnr> <probs for GDERKNQSTAVLIFYWHMCP>
#	G	D	E	R	K	N	Q	S	T	A	V	L	I	F	Y	W	H	M	C	P
0	0.27667	0.05208	0.02375	0.00902	0.05976	0.09109	0.09563	0.05283	0.02603	0.07078	0.00879	0.01064	0.02482	0.00427	0.00364	0.00116	0.02266	0.03454	0.00263	0.12921
1	0.00590	0.00395	0.00478	0.00482	0.00496	0.00405	0.00300	0.00609	0.00603	0.00812	0.01249	0.02501	0.01398	0.67218	0.12894	0.04578	0.00477	0.04013	0.00241	0.00261
2	0.00900	0.00804	0.10554	0.11763	0.03050	0.00680	0.03632	0.09268	0.04818	0.12369	0.04773	0.11505	0.18006	0.02449	0.00472	0.00141	0.00376	0.03616	0.00334	0.00490
3	0.00812	0.02019	0.79314	0.01173	0.01756	0.00936	0.05940	0.01271	0.00852	0.01271	0.00725	0.00860	0.00514	0.00379	0.00386	0.00127	0.00597	0.00306	0.00171	0.00590
4	0.11252	0.00891	0.02998	0.00857	0.03839	0.02636	0.03750	0.21835	0.05878	0.38390	0.01213	0.01146	0.00818	0.00466	0.00384	0.00123	0.00390	0.00370	0.02133	0.00632
5	0.10057	0.01005	0.12838	0.04664	0.14193	0.00849	0.20615	0.03924	0.05884	0.06641	0.04997	0.06019	0.05549	0.00493	0.00414	0.00130	0.00464	0.00460	0.00269	0.00536
6	0.01120	0.08009	0.08266	0.01009	0.03100	0.09150	0.11350	0.14638	0.31017	0.03701	0.01138	0.02510	0.00877	0.01795	0.00423	0.00129	0.00460	0.00399	0.00316	0.00591
7	0.30470	0.01131	0.01057	0.06477	0.14474	0.24451	0.03817	0.04428	0.00935	0.05930	0.00717	0.00873	0.00570	0.02633	0.00384	0.00125	0.00491	0.00295	0.00242	0.00498
8	0.00875	0.00980	0.14509	0.25898	0.13190	0.00873	0.00964	0.08515	0.13790	0.01408	0.08472	0.01382	0.04494	0.00487	0.00405	0.00128	0.00440	0.00417	0.02238	0.00535
9	0.00643	0.00403	0.00453	0.00439	0.00549	0.00377	0.00332	0.00805	0.00939	0.03430	0.24389	0.02541	0.23898	0.00830	0.04285	0.00140	0.00237	0.00600	0.34338	0.00373
10	0.02291	0.03449	0.05702	0.15643	0.09004	0.06165	0.03780	0.03199	0.10953	0.01308	0.14309	0.03161	0.02719	0.00617	0.02353	0.00142	0.06799	0.04321	0.00279	0.03805

[dist]
# distance from previous block
# <min> <max>
3	26

[block]
# block no. 3 follows, 67 sequences, length 19
# corresponding to MSA columns:
# 192-195,199-213
name=unknown_D
#
# <colnr> <probs for GDERKNQSTAVLIFYWHMCP>
#	G	D	E	R	K	N	Q	S	T	A	V	L	I	F	Y	W	H	M	C	P
0	0.01114	0.07889	0.04099	0.21972	0.08769	0.18697	0.00885	0.15928	0.05834	0.01381	0.03648	0.01006	0.00719	0.00437	0.00407	0.00118	0.03036	0.00338	0.00250	0.03473
1	0.35475	0.08657	0.00959	0.00687	0.00961	0.00941	0.00578	0.13406	0.02702	0.24095	0.00922	0.00925	0.00656	0.00439	0.00376	0.00122	0.04941	0.00302	0.00331	0.02525
2	0.00861	0.08955	0.09496	0.04781	0.11542	0.00790	0.02443	0.12005	0.01871	0.02587	0.13902	0.03282	0.17452	0.00607	0.00410	0.00121	0.00368	0.02141	0.00306	0.06081
3	0.00582	0.00459	0.00557	0.00536	0.00630	0.00455	0.00403	0.03079	0.00950	0.01266	0.29943	0.11696	0.29583	0.06429	0.03403	0.00172	0.06629	0.02495	0.00368	0.00364
4	0.00578	0.00392	0.00515	0.00571	0.00628	0.00368	0.00404	0.00699	0.02617	0.04790	0.13353	0.61254	0.04941	0.01131	0.00501	0.00156	0.00241	0.06113	0.00388	0.00359
5	0.02538	0.05816	0.46016	0.04025	0.14255	0.07358	0.02999	0.02077	0.00896	0.04666	0.00858	0.00990	0.03136	0.00458	0.02124	0.00133	0.00557	0.00328	0.00202	0.00569
6	0.00911	0.00848	0.01402	0.16093	0.58269	0.00879	0.01092	0.01172	0.03332	0.01278	0.02586	0.01204	0.04153	0.00412	0.00397	0.00122	0.00450	0.00389	0.04437	0.00573
7	0.00573	0.00409	0.00504	0.00492	0.00592	0.00368	0.00363	0.00719	0.01021	0.03936	0.48616	0.13653	0.23628	0.02694	0.00509	0.00139	0.00207	0.00796	0.00413	0.00368
8	0.00663	0.00420	0.00498	0.00482	0.00592	0.00393	0.00365	0.00846	0.02684	0.05353	0.34891	0.08048	0.16561	0.00781	0.00425	0.00124	0.00210	0.03446	0.22833	0.00386
9	0.00836	0.04456	0.65903	0.03861	0.04131	0.00966	0.04117	0.01306	0.06074	0.01272	0.00772	0.00902	0.00563	0.00397	0.00408	0.00128	0.02822	0.00315	0.00187	0.00584
10	0.00574	0.00427	0.00629	0.00629	0.00695	0.00493	0.00482	0.00706	0.00640	0.00919	0.01088	0.01654	0.01037	0.09229	0.78142	0.00625	0.01023	0.00441	0.00217	0.00349
11	0.00542	0.00381	0.00494	0.00564	0.00595	0.00367	0.00395	0.00617	0.00754	0.00999	0.01965	0.49846	0.02298	0.21616	0.00888	0.00222	0.00297	0.16505	0.00341	0.00314
12	0.00824	0.00872	0.12372	0.00911	0.03609	0.01511	0.05606	0.06450	0.06066	0.02864	0.01093	0.06763	0.02105	0.01231	0.22637	0.00273	0.15393	0.02098	0.06851	0.00470
13	0.00582	0.00434	0.00606	0.00600	0.00657	0.00491	0.00447	0.00685	0.00646	0.00907	0.01276	0.01898	0.06326	0.19215	0.57992	0.02400	0.03794	0.00482	0.00228	0.00333
14	0.00952	0.00920	0.01149	0.04259	0.33795	0.14006	0.00848	0.03055	0.00873	0.01131	0.00997	0.08391	0.04320	0.02348	0.00663	0.11081	0.08108	0.00433	0.02197	0.00475
15	0.00870	0.02145	0.12012	0.04486	0.01108	0.01889	0.03749	0.07937	0.01900	0.07410	0.04715	0.03445	0.03660	0.02227	0.25123	0.02125	0.14046	0.00429	0.00258	0.00467
16	0.00946	0.00981	0.05894	0.15259	0.31733	0.03425	0.09856	0.06343	0.03617	0.01286	0.01717	0.05014	0.00744	0.00469	0.00524	0.00133	0.10882	0.00407	0.00222	0.00548
17	0.03287	0.00767	0.00911	0.04381	0.01013	0.12090	0.05803	0.06240	0.00819	0.01092	0.00936	0.01353	0.00847	0.03440	0.46541	0.02161	0.06084	0.01601	0.00224	0.00411
18	0.05173	0.11531	0.04808	0.19036	0.24810	0.00997	0.08785	0.05796	0.04446	0.07250	0.00913	0.01075	0.02837	0.00407	0.00383	0.00122	0.00473	0.00362	0.00239	0.00558

[dist]
# distance from previous block
# <min> <max>
1	11

[block]
# block no. 4 follows, 67 sequences, length 6
# corresponding to MSA columns:
# 225-230
name=unknown_E
#
# <colnr> <probs for GDERKNQSTAVLIFYWHMCP>
#	G	D	E	R	K	N	Q	S	T	A	V	L	I	F	Y	W	H	M	C	P
0	0.04045	0.31579	0.17834	0.00838	0.01202	0.09506	0.02802	0.09594	0.00991	0.04105	0.04646	0.00892	0.00711	0.00396	0.00332	0.00102	0.00467	0.00290	0.00232	0.09436
1	0.00730	0.00610	0.02876	0.00573	0.00717	0.07122	0.00444	0.00899	0.03082	0.07380	0.31180	0.13219	0.21576	0.03631	0.00505	0.00137	0.00277	0.00702	0.00379	0.03963
2	0.00868	0.02899	0.13245	0.00811	0.04120	0.03213	0.00706	0.02721	0.00855	0.03750	0.00915	0.09170	0.00841	0.00479	0.00434	0.00101	0.07501	0.02938	0.00247	0.44188
3	0.00917	0.31668	0.36140	0.00970	0.03942	0.05568	0.04591	0.01196	0.00864	0.01123	0.00985	0.01074	0.08515	0.00428	0.00350	0.00112	0.00504	0.00328	0.00194	0.00533
4	0.00591	0.00405	0.00494	0.00516	0.00547	0.00401	0.00351	0.00653	0.00720	0.00963	0.09416	0.07018	0.01927	0.54958	0.01489	0.00308	0.00358	0.18300	0.00296	0.00288
5	0.01011	0.29751	0.13248	0.04514	0.11794	0.05228	0.07684	0.05073	0.00923	0.03242	0.02340	0.01103	0.00731	0.00435	0.00398	0.00115	0.03907	0.05195	0.00218	0.03090

[dist]
# distance from previous block
# <min> <max>
0	2

[block]
# block no. 5 follows, 67 sequences, length 17
# corresponding to MSA columns:
# 233-236,261-273
name=unknown_F
#
# <colnr> <probs for GDERKNQSTAVLIFYWHMCP>
#	G	D	E	R	K	N	Q	S	T	A	V	L	I	F	Y	W	H	M	C	P
0	0.00497	0.00399	0.00436	0.00443	0.00550	0.00346	0.00322	0.00603	0.00914	0.01145	0.16512	0.13799	0.56000	0.05542	0.00562	0.00151	0.00214	0.00849	0.00377	0.00338
1	0.03052	0.05800	0.08512	0.01679	0.03725	0.04028	0.02888	0.05489	0.09105	0.02879	0.00822	0.00911	0.00651	0.00356	0.00331	0.00087	0.00377	0.00285	0.00254	0.48768
2	0.00886	0.17488	0.07257	0.02517	0.01023	0.00823	0.00616	0.02517	0.11628	0.03652	0.07859	0.04864	0.04001	0.00467	0.00347	0.00097	0.00341	0.00377	0.00278	0.32963
3	0.00903	0.12559	0.59342	0.01056	0.01540	0.05658	0.01260	0.04248	0.00880	0.01235	0.00699	0.00835	0.00527	0.00454	0.02131	0.00134	0.05501	0.00292	0.00182	0.00565
4	0.00617	0.00834	0.19972	0.00720	0.00925	0.02443	0.02476	0.00813	0.00866	0.01145	0.05150	0.29887	0.19848	0.00923	0.00473	0.00148	0.00348	0.11687	0.00320	0.00407
5	0.03002	0.00583	0.00685	0.00584	0.00782	0.00567	0.00463	0.05452	0.09956	0.28897	0.11207	0.01760	0.07478	0.00566	0.00378	0.00117	0.00269	0.00465	0.26270	0.00520
6	0.00504	0.00363	0.00487	0.00566	0.00601	0.00346	0.00391	0.00589	0.00782	0.01047	0.05142	0.71070	0.04609	0.01359	0.06777	0.00198	0.00299	0.04174	0.00363	0.00332
7	0.00867	0.15563	0.61515	0.01187	0.07741	0.01042	0.04237	0.01256	0.00850	0.01221	0.00699	0.00833	0.00522	0.00372	0.00366	0.00120	0.00561	0.00294	0.00173	0.00581
8	0.00509	0.00375	0.00478	0.00552	0.00595	0.00353	0.00376	0.00625	0.03786	0.01074	0.05255	0.71908	0.10241	0.01192	0.00503	0.00158	0.00231	0.01073	0.00376	0.00340
9	0.00496	0.00354	0.00469	0.00552	0.00579	0.00331	0.00369	0.00571	0.00785	0.01052	0.07058	0.78427	0.02688	0.03518	0.00551	0.00167	0.00234	0.01100	0.00373	0.00327
10	0.00746	0.08147	0.16024	0.00763	0.00983	0.00653	0.02581	0.00995	0.04326	0.04153	0.13373	0.08454	0.05582	0.00821	0.00503	0.03418	0.00375	0.27343	0.00321	0.00438
11	0.01332	0.00632	0.00823	0.00730	0.05151	0.00574	0.00549	0.01564	0.07640	0.49408	0.07162	0.01925	0.16356	0.00608	0.00416	0.00126	0.00306	0.00506	0.03609	0.00582
12	0.01742	0.00775	0.00988	0.00757	0.01070	0.00726	0.00626	0.18729	0.01302	0.66689	0.01453	0.01281	0.00928	0.00493	0.00403	0.00123	0.00362	0.00394	0.00476	0.00682
13	0.01144	0.64434	0.03614	0.00716	0.01047	0.01404	0.00690	0.10440	0.00977	0.06951	0.04755	0.00851	0.00728	0.00394	0.00297	0.00095	0.00416	0.00271	0.00234	0.00540
14	0.00577	0.00414	0.00566	0.00566	0.00611	0.00459	0.00403	0.00666	0.00621	0.00873	0.01146	0.01973	0.01175	0.34420	0.53140	0.00548	0.00815	0.00488	0.00226	0.00314
15	0.00536	0.00404	0.00581	0.00633	0.00680	0.00391	0.03798	0.00630	0.00782	0.01044	0.02061	0.67801	0.02421	0.03183	0.02863	0.00183	0.01777	0.09539	0.00354	0.00340
16	0.18794	0.29228	0.18846	0.10050	0.05392	0.05317	0.02211	0.01201	0.00819	0.01231	0.00694	0.00828	0.01873	0.00380	0.00317	0.00112	0.00465	0.00274	0.01462	0.00506

[dist]
# distance from previous block
# <min> <max>
0	82

# created by:
# /home/cegg/simao/soft/augustus-3.2.1/scripts/msa2prfl.pl ./align_prep/EOG092C5XAZ.fa
