[name]
unknown

[dist]
# distance from previous block
# <min> <max>
4	26

[block]
# block no. 0 follows, 79 sequences, length 16
# corresponding to MSA columns:
# 26-41
name=unknown_A
#
# <colnr> <probs for GDERKNQSTAVLIFYWHMCP>
#	G	D	E	R	K	N	Q	S	T	A	V	L	I	F	Y	W	H	M	C	P
0	0.00836	0.00703	0.00788	0.00773	0.07199	0.00782	0.00556	0.04354	0.60401	0.03126	0.05539	0.01564	0.10794	0.00522	0.00367	0.00117	0.00277	0.00439	0.00344	0.00520
1	0.00451	0.00339	0.00389	0.00412	0.00490	0.00301	0.00295	0.00549	0.00785	0.01031	0.14945	0.30993	0.39147	0.00900	0.00414	0.00123	0.00184	0.00782	0.07169	0.00301
2	0.00540	0.00340	0.00398	0.00400	0.00463	0.00325	0.00283	0.00663	0.00787	0.01181	0.30252	0.13822	0.05356	0.13820	0.00573	0.00141	0.00198	0.00572	0.29580	0.00305
3	0.00437	0.00312	0.00418	0.00499	0.00523	0.00293	0.00340	0.00504	0.00682	0.00908	0.01938	0.82852	0.02315	0.01097	0.00452	0.00144	0.00211	0.05460	0.00327	0.00288
4	0.00513	0.00342	0.00384	0.00384	0.00384	0.00342	0.00214	0.00513	0.00513	0.00683	0.01110	0.02306	0.01281	0.87614	0.01794	0.00342	0.00342	0.00513	0.00214	0.00214
5	0.00942	0.87826	0.01847	0.00603	0.00905	0.01395	0.00603	0.01055	0.00716	0.00829	0.00490	0.00565	0.00452	0.00302	0.00226	0.00075	0.00377	0.00188	0.00151	0.00452
6	0.00499	0.00360	0.00471	0.00443	0.00527	0.00333	0.00333	0.00665	0.00998	0.01413	0.85230	0.02633	0.03325	0.00721	0.00416	0.00111	0.00166	0.00637	0.00388	0.00333
7	0.00942	0.87826	0.01847	0.00603	0.00905	0.01395	0.00603	0.01055	0.00716	0.00829	0.00490	0.00565	0.00452	0.00302	0.00226	0.00075	0.00377	0.00188	0.00151	0.00452
8	0.77078	0.03860	0.04471	0.00566	0.03731	0.03381	0.00465	0.01053	0.00630	0.01497	0.00505	0.00593	0.00396	0.00327	0.00231	0.00107	0.00304	0.00199	0.00210	0.00398
9	0.00877	0.00757	0.00797	0.00717	0.00916	0.00877	0.00558	0.01873	0.84779	0.01474	0.01434	0.01315	0.01076	0.00478	0.00359	0.00120	0.00279	0.00398	0.00359	0.00558
10	0.00428	0.00311	0.00405	0.00481	0.00508	0.00287	0.00323	0.00492	0.00685	0.00904	0.02067	0.80953	0.08681	0.01088	0.00447	0.00141	0.00202	0.00982	0.00327	0.00287
11	0.00970	0.00803	0.00849	0.00736	0.00952	0.00920	0.00580	0.18444	0.68056	0.01625	0.01316	0.01221	0.00980	0.00467	0.00357	0.00117	0.00301	0.00382	0.00357	0.00566
12	0.00699	0.00631	0.03129	0.00646	0.06643	0.00483	0.00478	0.00854	0.00725	0.01110	0.00791	0.10867	0.00743	0.00425	0.02461	0.00081	0.00290	0.00314	0.00218	0.68410
13	0.01429	0.00735	0.00852	0.00659	0.00931	0.07145	0.00538	0.12097	0.01057	0.58448	0.01165	0.01055	0.00764	0.00408	0.00340	0.00100	0.00332	0.00323	0.00379	0.11242
14	0.00666	0.00626	0.01057	0.86767	0.02427	0.00783	0.00979	0.00900	0.00705	0.00900	0.00626	0.00940	0.00470	0.00352	0.00352	0.00117	0.00470	0.00313	0.00157	0.00392
15	0.07329	0.02821	0.02492	0.19119	0.05863	0.00633	0.17572	0.00877	0.00736	0.05584	0.01133	0.30471	0.01146	0.00598	0.00383	0.00123	0.00371	0.00559	0.01796	0.00395

[dist]
# distance from previous block
# <min> <max>
0	14

[block]
# block no. 1 follows, 79 sequences, length 36
# corresponding to MSA columns:
# 56-91
name=unknown_B
#
# <colnr> <probs for GDERKNQSTAVLIFYWHMCP>
#	G	D	E	R	K	N	Q	S	T	A	V	L	I	F	Y	W	H	M	C	P
0	0.09092	0.07715	0.04414	0.02928	0.12229	0.01809	0.04061	0.09763	0.21863	0.05384	0.03174	0.02985	0.03079	0.04236	0.00437	0.00121	0.04377	0.00359	0.00266	0.01709
1	0.02282	0.00442	0.00553	0.00484	0.00640	0.00391	0.00381	0.00964	0.00934	0.28211	0.31343	0.02397	0.25792	0.00680	0.00395	0.00114	0.00219	0.02989	0.00381	0.00409
2	0.01160	0.00876	0.00959	0.00792	0.03176	0.00959	0.00625	0.51173	0.23534	0.04519	0.01020	0.02483	0.00758	0.00437	0.00350	0.00107	0.00346	0.00345	0.00343	0.06038
3	0.00800	0.13333	0.05905	0.00713	0.05258	0.00694	0.05308	0.03627	0.02739	0.01917	0.00654	0.00773	0.00540	0.01588	0.00302	0.00074	0.00326	0.00240	0.00204	0.55005
4	0.00765	0.10942	0.68605	0.01027	0.06576	0.02004	0.01191	0.03008	0.00769	0.01109	0.00623	0.00734	0.00458	0.00332	0.00324	0.00107	0.00498	0.00257	0.00156	0.00516
5	0.00566	0.00413	0.00541	0.00583	0.00672	0.00408	0.00488	0.03360	0.02180	0.01124	0.13945	0.06111	0.11031	0.03195	0.00496	0.00152	0.00284	0.53787	0.00333	0.00331
6	0.03181	0.00465	0.00646	0.06946	0.13804	0.00476	0.00503	0.00706	0.04589	0.00981	0.01713	0.42601	0.12580	0.05477	0.00503	0.00141	0.02558	0.01500	0.00279	0.00352
7	0.00940	0.20051	0.16988	0.02918	0.15260	0.02110	0.13842	0.05344	0.03379	0.10022	0.00747	0.00887	0.00580	0.01252	0.00373	0.00107	0.03195	0.01291	0.00209	0.00504
8	0.00582	0.00455	0.00538	0.00558	0.00645	0.00476	0.00414	0.00926	0.24498	0.01103	0.06853	0.36632	0.07086	0.06157	0.00507	0.00148	0.00246	0.11477	0.00332	0.00367
9	0.00429	0.00307	0.00409	0.00491	0.00511	0.00286	0.00327	0.00491	0.00675	0.00900	0.01943	0.87384	0.02331	0.01104	0.00450	0.00143	0.00204	0.01002	0.00327	0.00286
10	0.02037	0.00909	0.09752	0.11616	0.13946	0.03523	0.15343	0.11942	0.01995	0.15884	0.03741	0.01007	0.01455	0.00392	0.00403	0.00113	0.04840	0.00345	0.00250	0.00506
11	0.01015	0.12387	0.09596	0.09088	0.21837	0.04333	0.13763	0.05839	0.00875	0.16733	0.00781	0.00887	0.00578	0.00346	0.00342	0.00105	0.00440	0.00312	0.00226	0.00516
12	0.00443	0.00319	0.00421	0.00494	0.00521	0.00302	0.00333	0.00530	0.02609	0.00937	0.05818	0.81465	0.02349	0.01072	0.00446	0.00141	0.00204	0.00971	0.00331	0.00295
13	0.00671	0.00632	0.01066	0.84665	0.04489	0.00784	0.00981	0.00905	0.00707	0.00907	0.00627	0.00938	0.00472	0.00351	0.00352	0.00117	0.00469	0.00313	0.00157	0.00396
14	0.00852	0.00994	0.13714	0.04067	0.37714	0.01787	0.15472	0.03879	0.06666	0.01917	0.00712	0.00890	0.00565	0.00361	0.00437	0.00114	0.08822	0.00329	0.00190	0.00517
15	0.00853	0.00869	0.03422	0.07927	0.65205	0.04430	0.06322	0.01065	0.00805	0.01116	0.01707	0.01912	0.02088	0.00342	0.00355	0.00107	0.00436	0.00335	0.00180	0.00524
16	0.00598	0.00377	0.00469	0.00442	0.00535	0.00360	0.00334	0.00783	0.03458	0.05658	0.54379	0.04727	0.02481	0.00711	0.03459	0.00122	0.00205	0.00549	0.20003	0.00350
17	0.00934	0.00475	0.00633	0.04678	0.00765	0.00446	0.00437	0.02168	0.02088	0.32744	0.34059	0.01837	0.03745	0.02784	0.05343	0.00141	0.00284	0.00475	0.05528	0.00437
18	0.00429	0.00358	0.00375	0.00370	0.00484	0.00303	0.00278	0.00531	0.00833	0.01024	0.16251	0.03274	0.72547	0.00866	0.00416	0.00118	0.00177	0.00727	0.00337	0.00303
19	0.80391	0.00673	0.00551	0.00481	0.00706	0.00761	0.00397	0.01111	0.00645	0.10806	0.00589	0.00641	0.00436	0.00339	0.00233	0.00109	0.00276	0.00209	0.00242	0.00406
20	0.00519	0.00355	0.00416	0.00413	0.00428	0.00363	0.00250	0.00561	0.02343	0.00749	0.05092	0.02204	0.01332	0.72754	0.10513	0.00349	0.00395	0.00502	0.00222	0.00237
21	0.00499	0.00360	0.00471	0.00443	0.00527	0.00333	0.00333	0.00665	0.00998	0.01413	0.85230	0.02633	0.03325	0.00721	0.00416	0.00111	0.00166	0.00637	0.00388	0.00333
22	0.87666	0.00690	0.00533	0.00473	0.00693	0.00799	0.00390	0.03321	0.00629	0.01599	0.00500	0.00580	0.00388	0.00330	0.00222	0.00109	0.00276	0.00194	0.00222	0.00388
23	0.90103	0.00682	0.00518	0.00463	0.00682	0.00791	0.00382	0.01036	0.00600	0.01581	0.00491	0.00573	0.00382	0.00327	0.00218	0.00109	0.00273	0.00191	0.00218	0.00382
24	0.03717	0.00979	0.01043	0.00802	0.01082	0.01085	0.00662	0.82012	0.01629	0.02204	0.00837	0.00839	0.00594	0.00421	0.00349	0.00106	0.00385	0.00314	0.00349	0.00594
25	0.00974	0.80488	0.01775	0.00629	0.00920	0.08619	0.00610	0.01085	0.00740	0.00832	0.00495	0.00571	0.00452	0.00307	0.00234	0.00077	0.00399	0.00192	0.00153	0.00449
26	0.00436	0.00314	0.00408	0.00477	0.00503	0.00295	0.00319	0.00497	0.00670	0.00887	0.01972	0.73837	0.07850	0.06845	0.02759	0.00166	0.00231	0.00936	0.00316	0.00283
27	0.02553	0.00815	0.08844	0.02602	0.05211	0.01719	0.01393	0.27202	0.02605	0.17909	0.19339	0.01328	0.02324	0.00472	0.00360	0.00106	0.00331	0.00389	0.00332	0.04165
28	0.00872	0.00837	0.01431	0.02163	0.85415	0.00837	0.01082	0.01082	0.00802	0.01151	0.00663	0.00872	0.00558	0.00314	0.00349	0.00105	0.00419	0.00314	0.00174	0.00558
29	0.00743	0.00818	0.01701	0.01238	0.01540	0.00760	0.65430	0.00997	0.00835	0.01111	0.05226	0.01459	0.15549	0.00422	0.00416	0.00118	0.00501	0.00484	0.00214	0.00437
30	0.00757	0.00810	0.07832	0.06301	0.10531	0.00727	0.30606	0.04617	0.07587	0.02414	0.08987	0.10095	0.04953	0.00509	0.01550	0.00124	0.00429	0.00476	0.00242	0.00453
31	0.00707	0.01823	0.85788	0.01005	0.01525	0.00818	0.01302	0.01116	0.00744	0.01116	0.00632	0.00744	0.00446	0.00335	0.00335	0.00112	0.00521	0.00260	0.00149	0.00521
32	0.00832	0.00951	0.02080	0.01485	0.01842	0.00891	0.84135	0.01129	0.00832	0.01129	0.00713	0.00951	0.00535	0.00297	0.00416	0.00119	0.00594	0.00416	0.00178	0.00475
33	0.00438	0.00318	0.00414	0.00480	0.00515	0.00294	0.00329	0.00513	0.00716	0.00953	0.09454	0.71505	0.08679	0.01051	0.00445	0.00139	0.00202	0.02930	0.00332	0.00292
34	0.66626	0.00752	0.04891	0.00577	0.00817	0.00784	0.05706	0.04136	0.03873	0.04574	0.00620	0.00695	0.00467	0.00342	0.00253	0.00109	0.00306	0.00232	0.03823	0.00415
35	0.05222	0.07718	0.04721	0.00673	0.03838	0.06681	0.00539	0.09248	0.13936	0.03877	0.11778	0.04570	0.06464	0.00466	0.00330	0.00097	0.00311	0.00378	0.00278	0.18875

[dist]
# distance from previous block
# <min> <max>
1	38

[block]
# block no. 2 follows, 79 sequences, length 51
# corresponding to MSA columns:
# 130-180
name=unknown_C
#
# <colnr> <probs for GDERKNQSTAVLIFYWHMCP>
#	G	D	E	R	K	N	Q	S	T	A	V	L	I	F	Y	W	H	M	C	P
0	0.01761	0.00366	0.00448	0.00430	0.00521	0.00338	0.00320	0.00702	0.00896	0.05346	0.49217	0.10541	0.13356	0.01962	0.00411	0.00114	0.00182	0.00624	0.12131	0.00335
1	0.00624	0.00498	0.00595	0.00617	0.03104	0.00522	0.01210	0.02319	0.28731	0.02256	0.03155	0.43908	0.09401	0.00820	0.00410	0.00130	0.00240	0.00727	0.00335	0.00397
2	0.01928	0.24130	0.09081	0.00919	0.09677	0.06355	0.03809	0.18651	0.14198	0.04718	0.00791	0.00839	0.00611	0.00376	0.00336	0.00101	0.02430	0.00288	0.00243	0.00519
3	0.00605	0.09735	0.10749	0.01499	0.02000	0.04351	0.02880	0.01561	0.00747	0.01820	0.01674	0.41772	0.11311	0.00807	0.00401	0.00126	0.00305	0.07026	0.00274	0.00358
4	0.00513	0.00341	0.00386	0.00387	0.00387	0.00340	0.00216	0.00512	0.00514	0.00686	0.01117	0.03586	0.01289	0.85185	0.01768	0.01489	0.00339	0.00517	0.00215	0.00214
5	0.00942	0.87826	0.01847	0.00603	0.00905	0.01395	0.00603	0.01055	0.00716	0.00829	0.00490	0.00565	0.00452	0.00302	0.00226	0.00075	0.00377	0.00188	0.00151	0.00452
6	0.00507	0.00364	0.00495	0.00495	0.00533	0.00402	0.00351	0.00583	0.00545	0.00765	0.01009	0.01747	0.01038	0.36009	0.53067	0.00478	0.00708	0.00431	0.00199	0.00275
7	0.16091	0.00550	0.00568	0.00487	0.00658	0.01920	0.00388	0.11660	0.00895	0.18789	0.02252	0.02253	0.00816	0.00416	0.00284	0.00097	0.00247	0.00321	0.40880	0.00428
8	0.00513	0.00342	0.00384	0.00384	0.00384	0.00342	0.00214	0.00513	0.00513	0.00683	0.01110	0.02306	0.01281	0.87614	0.01794	0.00342	0.00342	0.00513	0.00214	0.00214
9	0.01205	0.00728	0.00860	0.00646	0.00936	0.00677	0.00529	0.26640	0.01108	0.30091	0.00952	0.00925	0.00664	0.00370	0.00321	0.00088	0.00313	0.00291	0.00330	0.32328
10	0.00707	0.01823	0.85788	0.01005	0.01525	0.00818	0.01302	0.01116	0.00744	0.01116	0.00632	0.00744	0.00446	0.00335	0.00335	0.00112	0.00521	0.00260	0.00149	0.00521
11	0.01317	0.01680	0.00999	0.00908	0.01090	0.86199	0.00681	0.01407	0.00999	0.00863	0.00545	0.00636	0.00454	0.00363	0.00318	0.00091	0.00636	0.00227	0.00182	0.00409
12	0.90103	0.00682	0.00518	0.00463	0.00682	0.00791	0.00382	0.01036	0.00600	0.01581	0.00491	0.00573	0.00382	0.00327	0.00218	0.00109	0.00273	0.00191	0.00218	0.00382
13	0.00453	0.00330	0.00430	0.00498	0.00530	0.00315	0.00338	0.00562	0.04375	0.00957	0.07184	0.78262	0.02339	0.01053	0.00444	0.00140	0.00205	0.00952	0.00332	0.00301
14	0.00929	0.00764	0.00804	0.00705	0.00905	0.02256	0.00553	0.17483	0.56302	0.02487	0.03503	0.05128	0.04655	0.00522	0.00366	0.00118	0.00296	0.01339	0.00353	0.00533
15	0.01290	0.00531	0.00708	0.00569	0.00770	0.00474	0.00445	0.01395	0.00876	0.62571	0.01307	0.01460	0.00966	0.20386	0.04465	0.00182	0.00338	0.00391	0.00375	0.00499
16	0.00498	0.00367	0.00506	0.00505	0.00558	0.00405	0.00372	0.00592	0.00578	0.00805	0.02231	0.01778	0.07836	0.22340	0.58484	0.00472	0.00732	0.00442	0.00208	0.00290
17	0.00792	0.00780	0.02890	0.33271	0.52068	0.00818	0.02264	0.01016	0.00766	0.01058	0.00650	0.00896	0.00523	0.00328	0.00351	0.00110	0.00442	0.00314	0.00167	0.00495
18	0.15388	0.01869	0.00660	0.00640	0.02059	0.10510	0.03761	0.05558	0.00784	0.02403	0.01362	0.40889	0.01498	0.00786	0.01240	0.00133	0.00319	0.09500	0.00283	0.00357
19	0.75437	0.00765	0.03929	0.04288	0.00817	0.03973	0.00463	0.01084	0.04333	0.01502	0.00546	0.00630	0.00421	0.00337	0.00238	0.00109	0.00305	0.00209	0.00218	0.00396
20	0.00826	0.01103	0.27192	0.01325	0.24574	0.00789	0.17429	0.01994	0.07259	0.05159	0.04779	0.00998	0.00719	0.00359	0.00358	0.00110	0.00446	0.00342	0.03725	0.00513
21	0.00723	0.00785	0.14084	0.05923	0.04697	0.00590	0.11647	0.03459	0.01929	0.05493	0.07253	0.20056	0.01145	0.00522	0.00364	0.00106	0.00351	0.00475	0.00248	0.20150
22	0.00459	0.00372	0.02486	0.00508	0.00568	0.00323	0.01813	0.00557	0.00748	0.01002	0.15280	0.58971	0.09770	0.00986	0.00440	0.00136	0.00216	0.04730	0.00330	0.00305
23	0.01151	0.01848	0.08864	0.00818	0.08788	0.00682	0.01379	0.15592	0.02324	0.30984	0.00948	0.00939	0.00663	0.00366	0.00327	0.00094	0.00340	0.00298	0.00306	0.23291
24	0.01225	0.00921	0.01173	0.01033	0.12348	0.00979	0.08643	0.55058	0.03957	0.08496	0.00867	0.00900	0.00623	0.00397	0.00357	0.00107	0.00399	0.00330	0.00317	0.01869
25	0.00963	0.01135	0.13130	0.08130	0.04834	0.17285	0.32469	0.01253	0.06092	0.08469	0.00760	0.00899	0.00565	0.00350	0.00383	0.00112	0.02149	0.00337	0.00206	0.00480
26	0.01241	0.00932	0.01063	0.03667	0.09572	0.01024	0.00702	0.69558	0.01500	0.02032	0.00834	0.00872	0.00604	0.00409	0.00348	0.00105	0.00384	0.00317	0.04259	0.00577
27	0.00491	0.00345	0.00390	0.00393	0.00419	0.00337	0.00240	0.00516	0.00574	0.00747	0.01579	0.05804	0.16482	0.64144	0.05854	0.00305	0.00338	0.00567	0.00237	0.00237
28	0.00439	0.00374	0.00410	0.00449	0.04221	0.00321	0.00310	0.00532	0.00796	0.00964	0.04598	0.10272	0.73328	0.00882	0.00416	0.00120	0.00191	0.00745	0.00321	0.00309
29	0.14463	0.17808	0.03757	0.03941	0.16005	0.15200	0.09378	0.02509	0.06620	0.05082	0.00675	0.00779	0.00535	0.00345	0.00318	0.00101	0.01538	0.00273	0.00204	0.00471
30	0.00589	0.00417	0.03674	0.00506	0.00539	0.00406	0.00371	0.00565	0.01315	0.00741	0.06101	0.01445	0.00946	0.20535	0.09359	0.45335	0.06363	0.00379	0.00187	0.00227
31	0.00436	0.00335	0.00400	0.00439	0.00506	0.00300	0.00312	0.00521	0.00756	0.00966	0.09323	0.42788	0.35344	0.01974	0.00451	0.00134	0.00198	0.04192	0.00331	0.00295
32	0.87257	0.00687	0.00547	0.00518	0.03385	0.00792	0.00404	0.01037	0.00606	0.01568	0.00496	0.00582	0.00387	0.00327	0.00222	0.00109	0.00277	0.00195	0.00217	0.00387
33	0.00732	0.03085	0.78143	0.01021	0.01522	0.02886	0.05556	0.01123	0.00754	0.01106	0.00632	0.00749	0.00451	0.00333	0.00337	0.00111	0.00525	0.00267	0.00151	0.00515
34	0.00817	0.27365	0.56077	0.00871	0.01313	0.00995	0.01056	0.04202	0.00775	0.02640	0.00612	0.00703	0.00462	0.00330	0.00304	0.00101	0.00469	0.00243	0.00162	0.00505
35	0.00828	0.00927	0.07154	0.17896	0.35791	0.11573	0.07468	0.01032	0.00794	0.01034	0.00821	0.03754	0.04323	0.02458	0.00388	0.00113	0.00454	0.00350	0.00184	0.02660
36	0.00514	0.00395	0.00586	0.00582	0.00639	0.00467	0.00453	0.00635	0.00570	0.00823	0.00963	0.05141	0.00923	0.02471	0.78044	0.00526	0.05356	0.00402	0.00193	0.00317
37	0.00921	0.00959	0.01367	0.07074	0.50585	0.15112	0.11739	0.01135	0.02334	0.01096	0.00679	0.00871	0.00554	0.00329	0.00349	0.00104	0.00469	0.00315	0.03504	0.00503
38	0.00835	0.01882	0.18256	0.05315	0.37250	0.06981	0.04376	0.01833	0.02379	0.02243	0.02749	0.00985	0.04301	0.00377	0.00388	0.00107	0.04908	0.00324	0.00190	0.04321
39	0.00451	0.00317	0.00405	0.00467	0.00485	0.00301	0.00304	0.00500	0.00640	0.00852	0.01764	0.64992	0.03020	0.21497	0.00767	0.00190	0.00239	0.02240	0.00300	0.00270
40	0.00802	0.00444	0.00575	0.00501	0.00642	0.00407	0.00390	0.02041	0.03704	0.23512	0.55875	0.02224	0.06160	0.00642	0.00397	0.00111	0.00208	0.00556	0.00397	0.00412
41	0.01086	0.03906	0.01116	0.09088	0.15535	0.48058	0.05057	0.02138	0.00925	0.02291	0.05688	0.00890	0.01949	0.00380	0.00337	0.00099	0.00530	0.00294	0.00197	0.00436
42	0.00552	0.00384	0.00462	0.00489	0.04144	0.00393	0.00282	0.00609	0.04878	0.00746	0.01077	0.02099	0.01192	0.72060	0.04591	0.04735	0.00361	0.00483	0.00215	0.00247
43	0.00545	0.00376	0.00405	0.00390	0.00499	0.00344	0.00295	0.03747	0.00854	0.02510	0.17529	0.04837	0.42685	0.00722	0.00371	0.00108	0.00183	0.00606	0.22666	0.00327
44	0.00442	0.00316	0.00423	0.00505	0.00531	0.00297	0.00349	0.00513	0.00687	0.00914	0.01936	0.79791	0.02303	0.01092	0.00453	0.00145	0.00215	0.08471	0.00327	0.00290
45	0.03141	0.00764	0.01120	0.24944	0.21050	0.04067	0.01660	0.01890	0.00686	0.00974	0.00624	0.04244	0.00560	0.00470	0.00645	0.00128	0.32102	0.00333	0.00172	0.00428
46	0.00506	0.00421	0.03033	0.00572	0.00647	0.00447	0.00457	0.00634	0.00587	0.00837	0.01094	0.05887	0.04629	0.02388	0.74193	0.00505	0.02219	0.00421	0.00200	0.00320
47	0.00438	0.00333	0.00396	0.00434	0.00495	0.00299	0.00302	0.00515	0.00740	0.00949	0.09236	0.43194	0.32740	0.06418	0.00520	0.00144	0.00202	0.02029	0.00325	0.00290
48	0.02826	0.00805	0.00939	0.00721	0.00998	0.00825	0.00596	0.45114	0.01343	0.40468	0.01090	0.01004	0.00721	0.00428	0.00351	0.00107	0.00346	0.00332	0.00389	0.00596
49	0.01706	0.42627	0.25307	0.00857	0.06009	0.06700	0.02453	0.04980	0.04495	0.01036	0.00606	0.00692	0.00492	0.00329	0.00285	0.00093	0.00436	0.00238	0.00173	0.00486
50	0.00478	0.00359	0.00436	0.00474	0.00541	0.00334	0.00340	0.04183	0.00780	0.01010	0.07028	0.50646	0.25259	0.00986	0.00437	0.00134	0.00210	0.05725	0.00332	0.00308

[dist]
# distance from previous block
# <min> <max>
0	3

[block]
# block no. 3 follows, 79 sequences, length 57
# corresponding to MSA columns:
# 184-240
name=unknown_D
#
# <colnr> <probs for GDERKNQSTAVLIFYWHMCP>
#	G	D	E	R	K	N	Q	S	T	A	V	L	I	F	Y	W	H	M	C	P
0	0.03461	0.63540	0.13191	0.01607	0.06145	0.02255	0.02311	0.01081	0.01950	0.00926	0.00540	0.00631	0.00467	0.00311	0.00256	0.00085	0.00403	0.00215	0.00158	0.00467
1	0.00441	0.00336	0.00382	0.00412	0.00488	0.00297	0.00293	0.00529	0.00760	0.00980	0.07248	0.35785	0.43244	0.00934	0.00419	0.00126	0.00187	0.00812	0.06031	0.00297
2	0.00731	0.00626	0.00731	0.00522	0.00835	0.00470	0.00418	0.00887	0.00731	0.01148	0.00626	0.00731	0.00522	0.00261	0.00261	0.00052	0.00261	0.00209	0.00209	0.89768
3	0.00544	0.00462	0.00634	0.04174	0.17098	0.00434	0.00478	0.00689	0.00866	0.01150	0.31491	0.03676	0.35571	0.00701	0.00401	0.00114	0.00233	0.00609	0.00312	0.00364
4	0.00798	0.00752	0.01271	0.18439	0.61411	0.00782	0.01004	0.01004	0.00779	0.01087	0.00771	0.04656	0.00691	0.00388	0.00361	0.00112	0.00415	0.04593	0.00185	0.00503
5	0.00699	0.00645	0.01051	0.81099	0.02335	0.00798	0.00956	0.04403	0.02776	0.00969	0.00655	0.00945	0.00490	0.00358	0.00353	0.00117	0.00462	0.00315	0.00170	0.00404
6	0.90103	0.00682	0.00518	0.00463	0.00682	0.00791	0.00382	0.01036	0.00600	0.01581	0.00491	0.00573	0.00382	0.00327	0.00218	0.00109	0.00273	0.00191	0.00218	0.00382
7	0.00899	0.00820	0.00795	0.00721	0.00911	0.08641	0.00557	0.01770	0.73077	0.01398	0.01363	0.03834	0.01054	0.00485	0.00356	0.00117	0.00307	0.00400	0.01963	0.00532
8	0.00513	0.00342	0.00384	0.00384	0.00384	0.00342	0.00214	0.00513	0.00513	0.00683	0.01110	0.02306	0.01281	0.87614	0.01794	0.00342	0.00342	0.00513	0.00214	0.00214
9	0.00447	0.00354	0.00402	0.00402	0.00500	0.00310	0.00299	0.00560	0.00855	0.01100	0.30208	0.11138	0.49263	0.00857	0.00420	0.00119	0.00179	0.01930	0.00347	0.00308
10	0.00707	0.01823	0.85788	0.01005	0.01525	0.00818	0.01302	0.01116	0.00744	0.01116	0.00632	0.00744	0.00446	0.00335	0.00335	0.00112	0.00521	0.00260	0.00149	0.00521
11	0.00503	0.00343	0.00409	0.00421	0.00432	0.00346	0.00258	0.00527	0.00546	0.00732	0.01218	0.12496	0.01394	0.67112	0.09054	0.00332	0.00378	0.03035	0.00228	0.00235
12	0.00666	0.00626	0.01057	0.86767	0.02427	0.00783	0.00979	0.00900	0.00705	0.00900	0.00626	0.00940	0.00470	0.00352	0.00352	0.00117	0.00470	0.00313	0.00157	0.00392
13	0.01203	0.07186	0.01124	0.03031	0.04172	0.61882	0.04984	0.03256	0.03449	0.02043	0.00597	0.00701	0.00490	0.00370	0.00356	0.00096	0.04188	0.00252	0.00190	0.00430
14	0.71579	0.00725	0.00618	0.00527	0.00758	0.00824	0.00434	0.14171	0.00787	0.06003	0.00593	0.00648	0.00441	0.00348	0.00246	0.00109	0.00292	0.00219	0.00250	0.00427
15	0.00559	0.00399	0.00557	0.00639	0.00716	0.00398	0.00552	0.00714	0.00802	0.01045	0.01871	0.09469	0.02048	0.00982	0.00484	0.00161	0.00317	0.77639	0.00325	0.00322
16	0.00456	0.00362	0.00396	0.00389	0.00501	0.00312	0.00294	0.00566	0.00852	0.02233	0.22590	0.03200	0.62695	0.00848	0.00417	0.00118	0.00181	0.02936	0.00343	0.00311
17	0.01317	0.01680	0.00999	0.00908	0.01090	0.86199	0.00681	0.01407	0.00999	0.00863	0.00545	0.00636	0.00454	0.00363	0.00318	0.00091	0.00636	0.00227	0.00182	0.00409
18	0.00475	0.00359	0.00438	0.00418	0.00512	0.00322	0.00314	0.00619	0.00941	0.01280	0.61611	0.02852	0.27028	0.00770	0.00416	0.00113	0.00170	0.00668	0.00370	0.00322
19	0.01340	0.00987	0.01058	0.00811	0.01093	0.01093	0.00670	0.84240	0.01657	0.02221	0.00846	0.00846	0.00599	0.00423	0.00353	0.00106	0.00388	0.00317	0.00353	0.00599
20	0.00731	0.00626	0.00731	0.00522	0.00835	0.00470	0.00418	0.00887	0.00731	0.01148	0.00626	0.00731	0.00522	0.00261	0.00261	0.00052	0.00261	0.00209	0.00209	0.89768
21	0.00440	0.00358	0.00390	0.00382	0.00491	0.00308	0.00286	0.00552	0.00859	0.01085	0.27155	0.03173	0.61605	0.00843	0.00416	0.00117	0.00175	0.00713	0.00345	0.00308
22	0.90103	0.00682	0.00518	0.00463	0.00682	0.00791	0.00382	0.01036	0.00600	0.01581	0.00491	0.00573	0.00382	0.00327	0.00218	0.00109	0.00273	0.00191	0.00218	0.00382
23	0.00666	0.00626	0.01057	0.86767	0.02427	0.00783	0.00979	0.00900	0.00705	0.00900	0.00626	0.00940	0.00470	0.00352	0.00352	0.00117	0.00470	0.00313	0.00157	0.00392
24	0.01282	0.01564	0.00986	0.00887	0.01076	0.74323	0.00670	0.06246	0.07855	0.00991	0.00635	0.00703	0.00513	0.00376	0.00323	0.00094	0.00592	0.00246	0.00206	0.00432
25	0.01340	0.00541	0.00700	0.00556	0.00781	0.00485	0.00453	0.03718	0.00958	0.61980	0.01315	0.01219	0.00873	0.00429	0.00327	0.00102	0.00268	0.00347	0.23077	0.00531
26	0.01239	0.00979	0.00998	0.00797	0.01055	0.06062	0.00647	0.61715	0.19424	0.01981	0.00954	0.00934	0.00693	0.00431	0.00352	0.00108	0.00379	0.00329	0.00344	0.00579
27	0.00766	0.03279	0.00925	0.07670	0.05721	0.02420	0.09035	0.03455	0.26116	0.03460	0.14389	0.03078	0.10300	0.00556	0.01262	0.00120	0.03452	0.01956	0.00295	0.01744
28	0.00845	0.03121	0.36494	0.02410	0.05859	0.00818	0.30576	0.02601	0.00817	0.08520	0.00797	0.00926	0.02487	0.00342	0.00365	0.00112	0.00504	0.00337	0.00194	0.01873
29	0.00710	0.01802	0.83765	0.01016	0.01533	0.00820	0.03304	0.01116	0.00746	0.01116	0.00634	0.00749	0.00449	0.00334	0.00337	0.00112	0.00523	0.00264	0.00150	0.00520
30	0.00666	0.00626	0.01057	0.86767	0.02427	0.00783	0.00979	0.00900	0.00705	0.00900	0.00626	0.00940	0.00470	0.00352	0.00352	0.00117	0.00470	0.00313	0.00157	0.00392
31	0.00966	0.13629	0.01067	0.00912	0.10439	0.32515	0.03139	0.02346	0.00848	0.03330	0.01007	0.13374	0.06204	0.00522	0.00396	0.00107	0.05984	0.02582	0.00218	0.00414
32	0.00871	0.25860	0.42659	0.00996	0.09781	0.00960	0.04582	0.01148	0.00769	0.08311	0.00664	0.00755	0.00500	0.00330	0.00311	0.00101	0.00454	0.00260	0.00178	0.00510
33	0.00511	0.00347	0.00412	0.00412	0.00421	0.00357	0.00248	0.00530	0.00521	0.00704	0.01085	0.02167	0.01221	0.74792	0.14533	0.00376	0.00433	0.00492	0.00210	0.00229
34	0.00752	0.01481	0.55442	0.01055	0.08398	0.07464	0.06989	0.01062	0.00756	0.01060	0.01773	0.03344	0.00615	0.06805	0.00463	0.01081	0.00498	0.00318	0.00168	0.00476
35	0.01020	0.02171	0.26277	0.06402	0.22403	0.03333	0.04539	0.01276	0.01685	0.25104	0.01857	0.00949	0.00641	0.00364	0.00348	0.00109	0.00428	0.00314	0.00244	0.00537
36	0.00501	0.00361	0.00510	0.00518	0.00561	0.00401	0.00378	0.00586	0.00563	0.00792	0.01067	0.09947	0.01099	0.20334	0.57663	0.03035	0.00727	0.00465	0.00206	0.00286
37	0.00942	0.87826	0.01847	0.00603	0.00905	0.01395	0.00603	0.01055	0.00716	0.00829	0.00490	0.00565	0.00452	0.00302	0.00226	0.00075	0.00377	0.00188	0.00151	0.00452
38	0.00838	0.03674	0.01275	0.01794	0.65489	0.02233	0.00934	0.04473	0.00820	0.01144	0.00846	0.13255	0.00809	0.00432	0.00359	0.00109	0.00389	0.00407	0.00203	0.00515
39	0.02611	0.02569	0.24789	0.01054	0.16607	0.02166	0.09748	0.01013	0.05813	0.02177	0.17842	0.03873	0.07277	0.00476	0.00368	0.00112	0.00382	0.00424	0.00240	0.00459
40	0.00919	0.00867	0.04729	0.02945	0.04120	0.07095	0.00747	0.08390	0.03732	0.07772	0.00657	0.00854	0.00551	0.00565	0.02425	0.00142	0.50122	0.00310	0.02619	0.00439
41	0.20644	0.01020	0.03463	0.06159	0.25582	0.20053	0.12280	0.01132	0.00788	0.01150	0.00594	0.00760	0.00480	0.00341	0.00357	0.00108	0.04170	0.00280	0.00184	0.00456
42	0.00478	0.00376	0.00422	0.00415	0.00516	0.00343	0.00308	0.00639	0.05396	0.01121	0.28432	0.08228	0.44318	0.03136	0.01639	0.00129	0.00196	0.00685	0.02902	0.00321
43	0.00666	0.00626	0.01057	0.86767	0.02427	0.00783	0.00979	0.00900	0.00705	0.00900	0.00626	0.00940	0.00470	0.00352	0.00352	0.00117	0.00470	0.00313	0.00157	0.00392
44	0.02393	0.01098	0.29493	0.09715	0.16213	0.02357	0.02520	0.03052	0.05530	0.21969	0.01729	0.00951	0.00642	0.00371	0.00346	0.00110	0.00423	0.00312	0.00246	0.00531
45	0.03078	0.04986	0.03356	0.02637	0.38011	0.12510	0.03997	0.01325	0.13891	0.11488	0.00844	0.00928	0.00649	0.00361	0.00340	0.00105	0.00417	0.00314	0.00235	0.00527
46	0.00510	0.00358	0.00438	0.00471	0.00508	0.00350	0.00335	0.00573	0.00645	0.00841	0.01654	0.12553	0.09440	0.44527	0.01133	0.00246	0.00306	0.24582	0.00269	0.00262
47	0.00497	0.00358	0.00450	0.00427	0.00514	0.00328	0.00320	0.00654	0.00961	0.01352	0.71045	0.02657	0.13099	0.00725	0.00407	0.00110	0.00168	0.00634	0.04964	0.00328
48	0.00871	0.11680	0.40474	0.01001	0.07075	0.07873	0.08541	0.03106	0.03763	0.06185	0.00750	0.03416	0.00584	0.00367	0.00332	0.00106	0.00469	0.00303	0.02606	0.00498
49	0.02625	0.01780	0.03699	0.00821	0.09829	0.00568	0.06421	0.01354	0.01718	0.47904	0.14738	0.02299	0.03685	0.00473	0.00366	0.00110	0.00315	0.00411	0.00361	0.00523
50	0.00432	0.00312	0.00410	0.00488	0.00515	0.00290	0.00330	0.00498	0.00685	0.00906	0.02024	0.80847	0.06598	0.01090	0.00449	0.00142	0.00206	0.03160	0.00327	0.00288
51	0.00798	0.00826	0.05119	0.27956	0.49514	0.00824	0.07785	0.01032	0.00772	0.01071	0.00654	0.00894	0.00524	0.00325	0.00355	0.00110	0.00453	0.00320	0.00168	0.00499
52	0.00894	0.12633	0.29832	0.02449	0.31701	0.02420	0.03410	0.01151	0.00795	0.09243	0.00715	0.00861	0.00553	0.00341	0.00332	0.00105	0.00444	0.01405	0.00190	0.00525
53	0.00830	0.01369	0.43837	0.10354	0.17707	0.07688	0.03154	0.01173	0.05103	0.04465	0.00704	0.00834	0.00523	0.00345	0.00342	0.00110	0.00486	0.00288	0.00180	0.00509
54	0.00520	0.00341	0.00382	0.00382	0.00386	0.00341	0.00215	0.00528	0.00524	0.00716	0.01112	0.02255	0.01262	0.83132	0.01714	0.00328	0.00333	0.00503	0.04806	0.00219
55	0.12665	0.12331	0.00962	0.00708	0.07042	0.00753	0.00542	0.12171	0.00905	0.21363	0.00824	0.02192	0.00619	0.00355	0.00294	0.00089	0.00315	0.00273	0.00275	0.25322
56	0.03447	0.52158	0.06306	0.00848	0.09768	0.01206	0.00716	0.02581	0.00706	0.00930	0.00526	0.00665	0.00473	0.00407	0.01906	0.00105	0.16406	0.00234	0.00160	0.00453

[dist]
# distance from previous block
# <min> <max>
0	3

[block]
# block no. 4 follows, 79 sequences, length 20
# corresponding to MSA columns:
# 244-263
name=unknown_E
#
# <colnr> <probs for GDERKNQSTAVLIFYWHMCP>
#	G	D	E	R	K	N	Q	S	T	A	V	L	I	F	Y	W	H	M	C	P
0	0.00446	0.00319	0.00428	0.00510	0.00538	0.00301	0.00356	0.00520	0.00691	0.00918	0.01933	0.77306	0.02294	0.01088	0.00454	0.00145	0.00219	0.10914	0.00327	0.00291
1	0.00903	0.04258	0.00921	0.00755	0.00953	0.00900	0.04310	0.07292	0.60750	0.03097	0.03111	0.01222	0.00991	0.00473	0.00415	0.00118	0.06881	0.00382	0.01733	0.00532
2	0.00525	0.00376	0.00482	0.00479	0.00515	0.00409	0.00328	0.00624	0.04304	0.00778	0.01052	0.01860	0.01097	0.46620	0.38588	0.00430	0.00602	0.00449	0.00209	0.00273
3	0.01280	0.00896	0.00976	0.00759	0.01021	0.00977	0.00623	0.67218	0.05427	0.09016	0.04316	0.00986	0.00765	0.00438	0.00352	0.00106	0.00359	0.00337	0.03570	0.00577
4	0.00420	0.00357	0.00362	0.00361	0.00478	0.00299	0.00271	0.00513	0.00812	0.00972	0.07076	0.03359	0.81755	0.00885	0.00416	0.00119	0.00178	0.00739	0.00330	0.00299
5	0.90103	0.00682	0.00518	0.00463	0.00682	0.00791	0.00382	0.01036	0.00600	0.01581	0.00491	0.00573	0.00382	0.00327	0.00218	0.00109	0.00273	0.00191	0.00218	0.00382
6	0.90103	0.00682	0.00518	0.00463	0.00682	0.00791	0.00382	0.01036	0.00600	0.01581	0.00491	0.00573	0.00382	0.00327	0.00218	0.00109	0.00273	0.00191	0.00218	0.00382
7	0.00819	0.01039	0.10583	0.01437	0.01810	0.00884	0.75721	0.01128	0.00823	0.01128	0.00705	0.00930	0.00526	0.00301	0.00408	0.00118	0.00587	0.00400	0.00175	0.00480
8	0.00417	0.00354	0.00361	0.00366	0.00479	0.00297	0.00272	0.00505	0.00794	0.00948	0.03456	0.09274	0.79464	0.00907	0.00419	0.00121	0.00180	0.00762	0.00327	0.00297
9	0.01340	0.00987	0.01058	0.00811	0.01093	0.01093	0.00670	0.84240	0.01657	0.02221	0.00846	0.00846	0.00599	0.00423	0.00353	0.00106	0.00388	0.00317	0.00353	0.00599
10	0.00493	0.00345	0.00379	0.00379	0.00403	0.00333	0.00225	0.00511	0.00572	0.00738	0.01613	0.02528	0.18451	0.69887	0.01512	0.00296	0.00308	0.00560	0.00237	0.00231
11	0.00942	0.87826	0.01847	0.00603	0.00905	0.01395	0.00603	0.01055	0.00716	0.00829	0.00490	0.00565	0.00452	0.00302	0.00226	0.00075	0.00377	0.00188	0.00151	0.00452
12	0.00506	0.00356	0.00438	0.00417	0.00505	0.00327	0.00313	0.00661	0.00939	0.01335	0.63447	0.02582	0.14743	0.00708	0.00395	0.00109	0.00168	0.00615	0.11108	0.00327
13	0.00512	0.00343	0.00388	0.00387	0.00391	0.00341	0.00219	0.00520	0.00535	0.00717	0.05040	0.02322	0.01377	0.83555	0.01729	0.00331	0.00333	0.00518	0.00222	0.00219
14	0.00731	0.00626	0.00731	0.00522	0.00835	0.00470	0.00418	0.00887	0.00731	0.01148	0.00626	0.00731	0.00522	0.00261	0.00261	0.00052	0.00261	0.00209	0.00209	0.89768
15	0.00967	0.00887	0.01044	0.01173	0.25446	0.12368	0.03069	0.03273	0.31998	0.06843	0.02193	0.01117	0.02476	0.01607	0.00405	0.00115	0.03875	0.00355	0.00271	0.00519
16	0.90103	0.00682	0.00518	0.00463	0.00682	0.00791	0.00382	0.01036	0.00600	0.01581	0.00491	0.00573	0.00382	0.00327	0.00218	0.00109	0.00273	0.00191	0.00218	0.00382
17	0.00612	0.00306	0.00459	0.00459	0.00459	0.00306	0.00306	0.00459	0.00459	0.00612	0.00612	0.01071	0.00612	0.01224	0.01377	0.89746	0.00306	0.00306	0.00153	0.00153
18	0.00942	0.87826	0.01847	0.00603	0.00905	0.01395	0.00603	0.01055	0.00716	0.00829	0.00490	0.00565	0.00452	0.00302	0.00226	0.00075	0.00377	0.00188	0.00151	0.00452
19	0.00872	0.00837	0.01431	0.02163	0.85415	0.00837	0.01082	0.01082	0.00802	0.01151	0.00663	0.00872	0.00558	0.00314	0.00349	0.00105	0.00419	0.00314	0.00174	0.00558

[dist]
# distance from previous block
# <min> <max>
0	2

[block]
# block no. 5 follows, 79 sequences, length 9
# corresponding to MSA columns:
# 271-279
name=unknown_F
#
# <colnr> <probs for GDERKNQSTAVLIFYWHMCP>
#	G	D	E	R	K	N	Q	S	T	A	V	L	I	F	Y	W	H	M	C	P
0	0.00827	0.00726	0.00858	0.20906	0.01271	0.00855	0.00657	0.01645	0.65053	0.01340	0.01245	0.01227	0.00934	0.00449	0.00357	0.00119	0.00324	0.00378	0.00311	0.00519
1	0.00505	0.00371	0.00534	0.00534	0.00586	0.00423	0.00400	0.00609	0.00557	0.00794	0.00973	0.01547	0.00952	0.17655	0.71303	0.00527	0.00838	0.00401	0.00193	0.00297
2	0.00950	0.00447	0.00510	0.00442	0.00588	0.00432	0.00348	0.06909	0.00875	0.23785	0.01192	0.01251	0.00874	0.00418	0.00283	0.00091	0.00216	0.00335	0.59634	0.00420
3	0.00428	0.00311	0.00405	0.00479	0.00508	0.00287	0.00322	0.00492	0.00686	0.00904	0.02081	0.80222	0.09404	0.01086	0.00447	0.00141	0.00202	0.00980	0.00327	0.00287
4	0.08567	0.00834	0.01282	0.29154	0.10783	0.07280	0.22878	0.02751	0.05662	0.01119	0.00687	0.00888	0.00529	0.00335	0.00349	0.00110	0.00467	0.00322	0.00190	0.05812
5	0.00771	0.00845	0.06143	0.09186	0.01103	0.04514	0.00809	0.00885	0.00588	0.00869	0.00507	0.00800	0.00475	0.00629	0.03710	0.00159	0.67153	0.00305	0.00156	0.00393
6	0.00462	0.00346	0.00428	0.00435	0.00511	0.00312	0.00316	0.00583	0.00869	0.01173	0.44653	0.24689	0.22211	0.00860	0.00425	0.00121	0.00179	0.00756	0.00358	0.00312
7	0.00878	0.03130	0.46711	0.00998	0.06451	0.00811	0.05816	0.05971	0.00826	0.12674	0.00862	0.00943	0.04132	0.00397	0.00415	0.00114	0.07835	0.00312	0.00211	0.00513
8	0.06325	0.18590	0.03220	0.01003	0.14341	0.13628	0.09921	0.07625	0.00886	0.11331	0.00757	0.04348	0.00617	0.00371	0.00319	0.00098	0.00421	0.00306	0.00227	0.05668

[dist]
# distance from previous block
# <min> <max>
1	17

[block]
# block no. 6 follows, 79 sequences, length 44
# corresponding to MSA columns:
# 298-341
name=unknown_G
#
# <colnr> <probs for GDERKNQSTAVLIFYWHMCP>
#	G	D	E	R	K	N	Q	S	T	A	V	L	I	F	Y	W	H	M	C	P
0	0.00898	0.04608	0.26904	0.01015	0.09876	0.13704	0.04197	0.01388	0.26787	0.02489	0.00874	0.00927	0.00665	0.00391	0.00372	0.00111	0.03747	0.00310	0.00227	0.00511
1	0.00427	0.00357	0.00372	0.00368	0.00483	0.00302	0.00276	0.00527	0.00829	0.01012	0.14232	0.03293	0.74573	0.00870	0.00416	0.00118	0.00177	0.00730	0.00335	0.00302
2	0.00712	0.00686	0.00954	0.00831	0.00845	0.00933	0.00683	0.00794	0.00564	0.00857	0.02935	0.01048	0.03854	0.04425	0.09914	0.00202	0.68875	0.00349	0.00173	0.00366
3	0.00513	0.00342	0.00384	0.00384	0.00384	0.00342	0.00214	0.00513	0.00513	0.00683	0.01110	0.02306	0.01281	0.87614	0.01794	0.00342	0.00342	0.00513	0.00214	0.00214
4	0.00513	0.00342	0.00384	0.00384	0.00384	0.00342	0.00214	0.00513	0.00513	0.00683	0.01110	0.02306	0.01281	0.87614	0.01794	0.00342	0.00342	0.00513	0.00214	0.00214
5	0.90103	0.00682	0.00518	0.00463	0.00682	0.00791	0.00382	0.01036	0.00600	0.01581	0.00491	0.00573	0.00382	0.00327	0.00218	0.00109	0.00273	0.00191	0.00218	0.00382
6	0.00942	0.87826	0.01847	0.00603	0.00905	0.01395	0.00603	0.01055	0.00716	0.00829	0.00490	0.00565	0.00452	0.00302	0.00226	0.00075	0.00377	0.00188	0.00151	0.00452
7	0.00822	0.00775	0.01285	0.01845	0.66026	0.02149	0.03455	0.01024	0.00808	0.01128	0.00883	0.01440	0.00825	0.00435	0.00376	0.00115	0.00410	0.15486	0.00202	0.00510
8	0.00907	0.00729	0.00781	0.00693	0.00890	0.00830	0.00542	0.05929	0.70210	0.05202	0.03702	0.01323	0.01096	0.00506	0.01466	0.00122	0.00286	0.00396	0.03845	0.00543
9	0.00655	0.01961	0.06228	0.00680	0.00779	0.00609	0.04386	0.01698	0.01719	0.04321	0.00980	0.01676	0.00969	0.20427	0.25847	0.00308	0.16557	0.09638	0.00213	0.00347
10	0.00751	0.01140	0.33522	0.01395	0.36915	0.00741	0.01027	0.01024	0.00786	0.01150	0.07621	0.04242	0.00807	0.00381	0.00346	0.00105	0.00417	0.00338	0.00190	0.07101
11	0.90103	0.00682	0.00518	0.00463	0.00682	0.00791	0.00382	0.01036	0.00600	0.01581	0.00491	0.00573	0.00382	0.00327	0.00218	0.00109	0.00273	0.00191	0.00218	0.00382
12	0.90103	0.00682	0.00518	0.00463	0.00682	0.00791	0.00382	0.01036	0.00600	0.01581	0.00491	0.00573	0.00382	0.00327	0.00218	0.00109	0.00273	0.00191	0.00218	0.00382
13	0.01317	0.01680	0.00999	0.00908	0.01090	0.86199	0.00681	0.01407	0.00999	0.00863	0.00545	0.00636	0.00454	0.00363	0.00318	0.00091	0.00636	0.00227	0.00182	0.00409
14	0.00942	0.87826	0.01847	0.00603	0.00905	0.01395	0.00603	0.01055	0.00716	0.00829	0.00490	0.00565	0.00452	0.00302	0.00226	0.00075	0.00377	0.00188	0.00151	0.00452
15	0.00561	0.00439	0.00597	0.00582	0.00634	0.03200	0.00446	0.00646	0.00564	0.00793	0.00872	0.01337	0.00832	0.07224	0.63633	0.09599	0.07189	0.00368	0.00184	0.00301
16	0.00707	0.01823	0.85788	0.01005	0.01525	0.00818	0.01302	0.01116	0.00744	0.01116	0.00632	0.00744	0.00446	0.00335	0.00335	0.00112	0.00521	0.00260	0.00149	0.00521
17	0.00417	0.00357	0.00357	0.00357	0.00476	0.00298	0.00268	0.00506	0.00803	0.00952	0.03570	0.03392	0.85272	0.00893	0.00417	0.00119	0.00179	0.00744	0.00327	0.00298
18	0.00507	0.00365	0.00503	0.00503	0.00544	0.00406	0.00361	0.00588	0.00548	0.00771	0.01002	0.01707	0.01021	0.32371	0.56681	0.00488	0.00733	0.00425	0.00197	0.00279
19	0.00975	0.01230	0.25712	0.00874	0.04343	0.15179	0.00813	0.19334	0.13792	0.03401	0.06940	0.01082	0.03905	0.00430	0.00349	0.00108	0.00427	0.00337	0.00262	0.00506
20	0.00930	0.69981	0.01689	0.00665	0.00915	0.01330	0.00633	0.04326	0.00724	0.00888	0.00500	0.00611	0.00460	0.00358	0.00385	0.00090	0.14695	0.00213	0.00159	0.00447
21	0.00897	0.10718	0.03967	0.00817	0.12319	0.00732	0.00601	0.13404	0.00888	0.04497	0.00678	0.00767	0.00541	0.00306	0.00289	0.00074	0.00325	0.00244	0.00226	0.47712
22	0.00736	0.09534	0.01128	0.68019	0.04950	0.03130	0.00908	0.02247	0.00736	0.02112	0.00660	0.03149	0.00527	0.00368	0.00341	0.00112	0.00452	0.00317	0.00169	0.00407
23	0.00767	0.00643	0.00701	0.00637	0.00804	0.00720	0.00492	0.01523	0.60683	0.01449	0.24214	0.01706	0.03044	0.00551	0.00375	0.00117	0.00247	0.00469	0.00366	0.00492
24	0.00568	0.01837	0.01732	0.00607	0.08100	0.04930	0.00419	0.00746	0.07360	0.01025	0.07864	0.02642	0.54889	0.03010	0.00451	0.00122	0.02430	0.00613	0.00300	0.00354
25	0.90103	0.00682	0.00518	0.00463	0.00682	0.00791	0.00382	0.01036	0.00600	0.01581	0.00491	0.00573	0.00382	0.00327	0.00218	0.00109	0.00273	0.00191	0.00218	0.00382
26	0.00732	0.00707	0.00963	0.00833	0.00860	0.00950	0.00688	0.02634	0.02253	0.00928	0.05120	0.01133	0.08354	0.00693	0.03238	0.00158	0.68816	0.00369	0.00191	0.00381
27	0.01225	0.00885	0.01848	0.02245	0.02214	0.05187	0.00624	0.39425	0.20184	0.16886	0.01043	0.01001	0.00741	0.00424	0.00348	0.00107	0.00357	0.00332	0.00346	0.04578
28	0.00504	0.00358	0.00471	0.00444	0.00523	0.00331	0.00331	0.00656	0.00973	0.01377	0.81418	0.02562	0.03203	0.00743	0.00459	0.04148	0.00173	0.00622	0.00377	0.00324
29	0.03191	0.02048	0.03832	0.01972	0.27885	0.09811	0.04777	0.08834	0.25872	0.02122	0.03220	0.02363	0.00799	0.00406	0.00358	0.00110	0.01273	0.00349	0.00257	0.00522
30	0.15328	0.10174	0.00991	0.01770	0.02622	0.20420	0.00600	0.31543	0.04009	0.01527	0.00714	0.00773	0.00549	0.00381	0.00311	0.00099	0.01232	0.00266	0.06210	0.00481
31	0.00721	0.00618	0.00720	0.00517	0.00825	0.00465	0.00413	0.00876	0.00733	0.01143	0.00714	0.00810	0.03046	0.00280	0.00266	0.00054	0.00259	0.00225	0.00212	0.87104
32	0.02933	0.21104	0.39526	0.00878	0.03429	0.03865	0.03713	0.04554	0.00817	0.12432	0.00705	0.00771	0.00517	0.00347	0.00325	0.00102	0.01794	0.00263	0.00201	0.01724
33	0.00919	0.78800	0.09186	0.00644	0.00959	0.01339	0.00667	0.01057	0.00716	0.00855	0.00502	0.00585	0.00452	0.00310	0.00252	0.00080	0.01875	0.00197	0.00151	0.00457
34	0.00876	0.04672	0.00836	0.00706	0.00907	0.00891	0.00555	0.01818	0.79581	0.01443	0.01387	0.01281	0.01045	0.00469	0.00351	0.00117	0.00281	0.00388	0.01848	0.00549
35	0.00607	0.04409	0.04153	0.01556	0.02736	0.00458	0.00471	0.00768	0.03299	0.05849	0.12087	0.07253	0.22188	0.06604	0.03871	0.00160	0.00300	0.22572	0.00307	0.00352
36	0.00912	0.05661	0.05114	0.29441	0.30863	0.00814	0.04590	0.03248	0.01738	0.13111	0.00759	0.00926	0.00569	0.00348	0.00346	0.00109	0.00426	0.00316	0.00210	0.00499
37	0.00662	0.05558	0.10082	0.01031	0.18435	0.00635	0.15493	0.00850	0.00796	0.01986	0.03812	0.07483	0.29691	0.00580	0.00385	0.00115	0.00354	0.01392	0.00243	0.00419
38	0.00471	0.04263	0.00480	0.00472	0.00526	0.00347	0.00334	0.00560	0.00750	0.01011	0.18105	0.58480	0.08523	0.00959	0.00425	0.00130	0.00202	0.00857	0.02798	0.00305
39	0.06198	0.05972	0.03295	0.16633	0.38938	0.09428	0.03490	0.01152	0.03984	0.06591	0.00702	0.00862	0.00552	0.00340	0.00334	0.00106	0.00433	0.00298	0.00197	0.00496
40	0.06045	0.08704	0.54050	0.01106	0.13741	0.03014	0.03201	0.01131	0.00760	0.04186	0.00644	0.00757	0.00477	0.00332	0.00323	0.00107	0.00476	0.00265	0.00169	0.00511
41	0.03988	0.00423	0.01493	0.00616	0.05869	0.00393	0.01269	0.00706	0.03137	0.06948	0.05121	0.52240	0.11164	0.00900	0.00420	0.00133	0.00237	0.04276	0.00321	0.00346
42	0.00520	0.00368	0.00460	0.04361	0.03745	0.00372	0.00301	0.00551	0.00566	0.00758	0.02648	0.15739	0.01419	0.65088	0.01436	0.00287	0.00326	0.00576	0.00231	0.00248
43	0.05680	0.27623	0.03568	0.05068	0.13517	0.06990	0.03820	0.05468	0.00772	0.01019	0.00801	0.08845	0.02181	0.08349	0.00474	0.00123	0.03471	0.00352	0.00198	0.01681

[dist]
# distance from previous block
# <min> <max>
0	96

# created by:
# /home/cegg/simao/soft/augustus-3.2.1/scripts/msa2prfl.pl ./align_prep/EOG092C4IV8.fa
