[name]
unknown

[dist]
# distance from previous block
# <min> <max>
0	23

[block]
# block no. 0 follows, 74 sequences, length 20
# corresponding to MSA columns:
# 29-48
name=unknown_A
#
# <colnr> <probs for GDERKNQSTAVLIFYWHMCP>
#	G	D	E	R	K	N	Q	S	T	A	V	L	I	F	Y	W	H	M	C	P
0	0.00925	0.00594	0.02353	0.00608	0.00808	0.00544	0.00504	0.08326	0.08391	0.21263	0.07826	0.02382	0.21404	0.00685	0.00411	0.00124	0.00288	0.15141	0.00368	0.07056
1	0.01124	0.08352	0.03941	0.00826	0.01079	0.06579	0.03804	0.25198	0.31100	0.06800	0.01091	0.02872	0.00831	0.00468	0.00401	0.00117	0.04160	0.00366	0.00325	0.00564
2	0.00529	0.02443	0.00490	0.00513	0.03985	0.00386	0.00312	0.00572	0.00646	0.00844	0.01740	0.23911	0.13869	0.46753	0.01212	0.00255	0.00302	0.00690	0.00270	0.00279
3	0.00769	0.00806	0.05077	0.41477	0.12153	0.00868	0.13926	0.02350	0.00772	0.01046	0.00767	0.04249	0.02048	0.00433	0.00495	0.00128	0.11621	0.00379	0.00183	0.00451
4	0.00539	0.00362	0.00417	0.00417	0.00421	0.00366	0.00240	0.00548	0.00543	0.00729	0.01158	0.02367	0.01323	0.81605	0.07202	0.00375	0.00400	0.00531	0.00223	0.00232
5	0.00692	0.00346	0.00346	0.00346	0.00432	0.00346	0.00259	0.00865	0.00778	0.01384	0.01211	0.01384	0.00951	0.00432	0.00259	0.00086	0.00173	0.00346	0.89016	0.00346
6	0.06205	0.02251	0.01095	0.31971	0.06544	0.00833	0.06142	0.16995	0.02399	0.13059	0.00990	0.02859	0.04241	0.00430	0.00368	0.00117	0.00417	0.00368	0.00268	0.02449
7	0.00832	0.22035	0.59039	0.00941	0.01404	0.05586	0.01140	0.01163	0.00790	0.01085	0.00655	0.02551	0.00514	0.00363	0.00327	0.00108	0.00512	0.00271	0.00163	0.00520
8	0.00692	0.00346	0.00346	0.00346	0.00432	0.00346	0.00259	0.00865	0.00778	0.01384	0.01211	0.01384	0.00951	0.00432	0.00259	0.00086	0.00173	0.00346	0.89016	0.00346
9	0.01406	0.01458	0.01068	0.00908	0.01141	0.51247	0.00707	0.31680	0.01308	0.04551	0.00724	0.00773	0.00551	0.00409	0.00350	0.00102	0.00560	0.00279	0.00268	0.00512
10	0.01387	0.01769	0.01052	0.00956	0.01148	0.85465	0.00717	0.01482	0.01052	0.00908	0.00574	0.00669	0.00478	0.00383	0.00335	0.00096	0.00669	0.00239	0.00191	0.00430
11	0.00514	0.00370	0.00500	0.00582	0.00635	0.00356	0.00450	0.00626	0.00778	0.01020	0.02090	0.47565	0.06070	0.01094	0.00489	0.00158	0.00268	0.35772	0.00343	0.00319
12	0.00463	0.00330	0.00443	0.00529	0.00555	0.00310	0.00363	0.00535	0.00721	0.00959	0.02040	0.80814	0.02432	0.01153	0.00477	0.00152	0.00224	0.06851	0.00344	0.00304
13	0.00594	0.00441	0.00622	0.00604	0.00682	0.00507	0.00467	0.06569	0.00675	0.00959	0.00997	0.01475	0.00932	0.07601	0.74450	0.00548	0.00915	0.00402	0.00213	0.00347
14	0.00770	0.00660	0.00770	0.00550	0.00880	0.00495	0.00440	0.00935	0.00770	0.01210	0.00660	0.00770	0.00550	0.00275	0.00275	0.00055	0.00275	0.00220	0.00220	0.89224
15	0.00852	0.00839	0.03858	0.28944	0.50559	0.00866	0.02964	0.01084	0.00807	0.02419	0.00693	0.00942	0.00557	0.00354	0.00392	0.00117	0.02717	0.00332	0.00181	0.00525
16	0.02338	0.01509	0.58951	0.00912	0.01360	0.00768	0.01093	0.02822	0.03020	0.13447	0.03517	0.01127	0.06651	0.00428	0.00363	0.00118	0.00464	0.00341	0.00233	0.00538
17	0.00989	0.72977	0.09680	0.00708	0.01046	0.02734	0.02859	0.02360	0.00784	0.02216	0.00557	0.00639	0.00487	0.00326	0.00260	0.00085	0.00420	0.00217	0.00168	0.00488
18	0.00962	0.03055	0.09151	0.13489	0.30092	0.07981	0.03815	0.07047	0.02792	0.05135	0.00735	0.00896	0.00575	0.00364	0.00379	0.00108	0.03005	0.00311	0.00213	0.09896
19	0.09561	0.11908	0.19343	0.00812	0.01109	0.06995	0.07799	0.07415	0.07115	0.05561	0.08678	0.03639	0.06381	0.00473	0.00366	0.00114	0.01608	0.00382	0.00258	0.00483

[dist]
# distance from previous block
# <min> <max>
0	3

[block]
# block no. 1 follows, 74 sequences, length 14
# corresponding to MSA columns:
# 52-65
name=unknown_B
#
# <colnr> <probs for GDERKNQSTAVLIFYWHMCP>
#	G	D	E	R	K	N	Q	S	T	A	V	L	I	F	Y	W	H	M	C	P
0	0.00806	0.03148	0.03497	0.20232	0.13376	0.06652	0.10081	0.03786	0.10812	0.01186	0.07873	0.03681	0.10269	0.00506	0.00391	0.00120	0.00415	0.02453	0.00252	0.00462
1	0.00467	0.00333	0.00447	0.00533	0.00561	0.00314	0.00370	0.00542	0.00725	0.00964	0.02038	0.78575	0.02424	0.01149	0.00478	0.00153	0.00228	0.09051	0.00344	0.00305
2	0.00613	0.00502	0.00763	0.02152	0.00841	0.01590	0.11590	0.00800	0.05038	0.02563	0.10891	0.29090	0.05135	0.04563	0.09608	0.00199	0.00390	0.12998	0.00308	0.00364
3	0.00525	0.00374	0.00501	0.00516	0.00551	0.00401	0.00361	0.00599	0.00598	0.00827	0.01233	0.13714	0.01331	0.34223	0.39886	0.00434	0.00629	0.02775	0.00233	0.00287
4	0.03364	0.00756	0.07606	0.06188	0.01067	0.00663	0.02039	0.07475	0.11516	0.39070	0.04621	0.01457	0.08902	0.00570	0.02888	0.00132	0.00357	0.00413	0.00369	0.00548
5	0.00692	0.00346	0.00346	0.00346	0.00432	0.00346	0.00259	0.00865	0.00778	0.01384	0.01211	0.01384	0.00951	0.00432	0.00259	0.00086	0.00173	0.00346	0.89016	0.00346
6	0.06900	0.00686	0.01114	0.71620	0.10752	0.00831	0.00998	0.00978	0.00745	0.01025	0.00654	0.00956	0.00498	0.00365	0.00361	0.00122	0.00475	0.00321	0.00171	0.00429
7	0.01003	0.01044	0.00889	0.00878	0.06775	0.27845	0.00635	0.03403	0.34090	0.01246	0.01435	0.01569	0.10640	0.00540	0.00380	0.00118	0.00418	0.06306	0.00298	0.00489
8	0.00692	0.00346	0.00346	0.00346	0.00432	0.00346	0.00259	0.00865	0.00778	0.01384	0.01211	0.01384	0.00951	0.00432	0.00259	0.00086	0.00173	0.00346	0.89016	0.00346
9	0.05732	0.09778	0.14433	0.02930	0.01260	0.10424	0.13325	0.11574	0.03991	0.03645	0.02873	0.00930	0.02026	0.00423	0.00464	0.00116	0.11761	0.00324	0.00226	0.03766
10	0.00642	0.00517	0.00693	0.03162	0.00764	0.02090	0.00513	0.00821	0.06426	0.02580	0.05402	0.01508	0.01042	0.11638	0.47592	0.00416	0.13198	0.00414	0.00224	0.00359
11	0.03711	0.11877	0.07734	0.00741	0.02034	0.00851	0.04604	0.13983	0.20447	0.04018	0.14434	0.01489	0.05378	0.04862	0.02122	0.00136	0.00357	0.00421	0.00309	0.00494
12	0.00816	0.03762	0.59664	0.01087	0.03347	0.00895	0.10756	0.06910	0.04680	0.01264	0.00806	0.00913	0.02669	0.00375	0.00365	0.00117	0.00521	0.00316	0.00191	0.00544
13	0.00758	0.04373	0.38526	0.00873	0.03569	0.03297	0.04076	0.05272	0.00856	0.01202	0.04852	0.07987	0.08936	0.00483	0.00363	0.00110	0.00421	0.00403	0.00225	0.13416

[dist]
# distance from previous block
# <min> <max>
1	9

[block]
# block no. 2 follows, 74 sequences, length 13
# corresponding to MSA columns:
# 75-87
name=unknown_C
#
# <colnr> <probs for GDERKNQSTAVLIFYWHMCP>
#	G	D	E	R	K	N	Q	S	T	A	V	L	I	F	Y	W	H	M	C	P
0	0.09060	0.07254	0.14770	0.04810	0.08725	0.02004	0.02704	0.08716	0.11913	0.03950	0.06738	0.01251	0.02181	0.00454	0.00371	0.00113	0.02264	0.04854	0.00262	0.07606
1	0.01276	0.03244	0.03664	0.00912	0.04637	0.22403	0.00715	0.34928	0.16843	0.06261	0.00934	0.00939	0.00692	0.00430	0.00359	0.00110	0.00453	0.00323	0.00312	0.00564
2	0.03043	0.00906	0.00920	0.00813	0.04931	0.15591	0.01594	0.12735	0.08658	0.04912	0.03067	0.02396	0.00771	0.00555	0.03481	0.03880	0.07212	0.01961	0.00261	0.22313
3	0.00692	0.00476	0.00613	0.12681	0.07880	0.00499	0.00486	0.02998	0.04429	0.01277	0.05686	0.08698	0.07329	0.00542	0.00336	0.00107	0.00259	0.01487	0.43137	0.00388
4	0.00503	0.00375	0.00467	0.00452	0.00543	0.00339	0.00336	0.00654	0.00986	0.01352	0.62313	0.08715	0.19950	0.00824	0.00440	0.00121	0.00181	0.00721	0.00391	0.00339
5	0.00645	0.00433	0.00590	0.00567	0.00642	0.00471	0.00426	0.04993	0.00690	0.05411	0.04346	0.01739	0.01125	0.19691	0.50130	0.03940	0.00719	0.02869	0.00238	0.00335
6	0.00791	0.00756	0.04405	0.48344	0.06980	0.00826	0.04917	0.09670	0.04507	0.01220	0.10699	0.01192	0.00903	0.00432	0.00405	0.00122	0.02771	0.00378	0.00227	0.00456
7	0.01042	0.02569	0.01000	0.00948	0.06730	0.42175	0.00689	0.01144	0.00862	0.00943	0.04421	0.01093	0.05051	0.05218	0.04905	0.00153	0.20107	0.00335	0.00203	0.00411
8	0.00908	0.23839	0.23479	0.05137	0.04573	0.08641	0.00844	0.04354	0.02870	0.04228	0.08988	0.01081	0.04091	0.00436	0.00382	0.00108	0.05010	0.00327	0.00219	0.00485
9	0.00528	0.00380	0.00481	0.00523	0.00568	0.00376	0.00363	0.04709	0.00738	0.00983	0.01839	0.52189	0.06655	0.15000	0.08915	0.00225	0.00328	0.04575	0.00313	0.00311
10	0.03036	0.05170	0.01021	0.09713	0.17243	0.13255	0.01783	0.07951	0.00917	0.03663	0.03435	0.09796	0.08237	0.00582	0.00431	0.00122	0.04844	0.08095	0.00256	0.00450
11	0.03194	0.02442	0.04300	0.05916	0.09089	0.11811	0.00716	0.17866	0.21711	0.04995	0.02859	0.03354	0.00827	0.00449	0.00382	0.00112	0.02686	0.00355	0.00292	0.06644
12	0.01017	0.06532	0.07216	0.09881	0.06979	0.09860	0.06332	0.12315	0.09709	0.10756	0.09137	0.03565	0.04129	0.00475	0.00374	0.00114	0.00413	0.00400	0.00288	0.00506

[dist]
# distance from previous block
# <min> <max>
0	3

[block]
# block no. 3 follows, 74 sequences, length 19
# corresponding to MSA columns:
# 91-109
name=unknown_D
#
# <colnr> <probs for GDERKNQSTAVLIFYWHMCP>
#	G	D	E	R	K	N	Q	S	T	A	V	L	I	F	Y	W	H	M	C	P
0	0.01030	0.00775	0.06019	0.03746	0.00978	0.03766	0.00606	0.08799	0.12654	0.22104	0.09681	0.02634	0.10332	0.00548	0.00456	0.00118	0.08131	0.00432	0.00338	0.06854
1	0.24119	0.05292	0.10066	0.04817	0.16066	0.00850	0.02537	0.10819	0.04287	0.07750	0.09173	0.01038	0.00861	0.00411	0.00333	0.00113	0.00371	0.00328	0.00264	0.00504
2	0.04409	0.03765	0.50031	0.00891	0.01298	0.00814	0.02773	0.08602	0.05136	0.03959	0.01125	0.05833	0.08833	0.00472	0.00365	0.00119	0.00449	0.00381	0.00230	0.00515
3	0.00888	0.06246	0.04835	0.00888	0.01120	0.08261	0.16010	0.03446	0.32806	0.01268	0.03366	0.01408	0.08507	0.03998	0.00490	0.00131	0.05131	0.00424	0.00282	0.00495
4	0.01266	0.00745	0.04300	0.00800	0.04409	0.00662	0.05709	0.08638	0.08691	0.42224	0.07213	0.01339	0.01047	0.00464	0.00376	0.00112	0.00342	0.02675	0.00376	0.08613
5	0.59774	0.00787	0.05836	0.00585	0.00826	0.00812	0.00507	0.05389	0.09201	0.05874	0.00800	0.04283	0.00654	0.00426	0.00285	0.00119	0.00310	0.02816	0.00267	0.00447
6	0.00619	0.05000	0.04661	0.00576	0.00718	0.04229	0.02228	0.00838	0.06042	0.01242	0.39128	0.02350	0.15458	0.00979	0.11592	0.00181	0.00358	0.03095	0.00328	0.00379
7	0.04079	0.00652	0.00762	0.00715	0.05101	0.00680	0.00527	0.04381	0.33225	0.13309	0.14988	0.04312	0.08078	0.00616	0.02263	0.00129	0.00293	0.00476	0.00363	0.05052
8	0.00907	0.04819	0.06938	0.06761	0.16364	0.00891	0.22300	0.04595	0.09631	0.05876	0.05142	0.01103	0.01841	0.00415	0.00457	0.00119	0.07944	0.00380	0.00237	0.03279
9	0.05861	0.68659	0.10938	0.00690	0.01022	0.05700	0.00707	0.01136	0.00766	0.00952	0.00536	0.00620	0.00472	0.00326	0.00255	0.00086	0.00422	0.00209	0.00164	0.00478
10	0.00527	0.00367	0.00472	0.00508	0.00578	0.00338	0.00373	0.00636	0.00837	0.04140	0.20521	0.41989	0.15830	0.00996	0.00461	0.00140	0.00220	0.10373	0.00363	0.00331
11	0.34005	0.03033	0.03152	0.00644	0.00885	0.01808	0.02915	0.07360	0.06036	0.22435	0.08541	0.01211	0.00961	0.00461	0.00340	0.00118	0.01393	0.03891	0.00321	0.00490
12	0.01076	0.01040	0.06027	0.01101	0.11812	0.11423	0.09991	0.22027	0.14587	0.03753	0.00968	0.01175	0.00773	0.00459	0.00423	0.00119	0.04827	0.05398	0.02483	0.00538
13	0.00992	0.87178	0.01945	0.00635	0.00953	0.01469	0.00635	0.01111	0.00754	0.00873	0.00516	0.00595	0.00476	0.00318	0.00238	0.00079	0.00397	0.00198	0.00159	0.00476
14	0.00769	0.00665	0.00818	0.05004	0.05247	0.00535	0.00506	0.00956	0.02438	0.01197	0.00714	0.03001	0.00609	0.00310	0.00292	0.00065	0.00293	0.00257	0.00222	0.76103
15	0.00923	0.00797	0.00839	0.00755	0.00965	0.00923	0.00588	0.01972	0.83969	0.01553	0.01511	0.01385	0.01133	0.00504	0.00378	0.00126	0.00294	0.00420	0.00378	0.00588
16	0.00479	0.02794	0.00484	0.00512	0.00553	0.00342	0.00354	0.00563	0.00766	0.01032	0.15139	0.70889	0.02566	0.01075	0.00461	0.00143	0.00214	0.00970	0.00350	0.00314
17	0.10026	0.00651	0.00790	0.02651	0.03884	0.00573	0.02091	0.04035	0.00831	0.12818	0.03219	0.01099	0.00771	0.05709	0.00406	0.00101	0.00307	0.02386	0.02074	0.45577
18	0.00783	0.02319	0.04513	0.44235	0.07450	0.02699	0.00896	0.04279	0.04466	0.02373	0.00931	0.04025	0.05793	0.00480	0.00500	0.00127	0.13105	0.00380	0.00205	0.00441

[dist]
# distance from previous block
# <min> <max>
23	187

# created by:
# /home/cegg/simao/soft/augustus-3.2.1/scripts/msa2prfl.pl ./align_prep/EOG092C59RA.fa
