[name]
unknown

[dist]
# distance from previous block
# <min> <max>
0	26

[block]
# block no. 0 follows, 73 sequences, length 10
# corresponding to MSA columns:
# 31-40
name=unknown_A
#
# <colnr> <probs for GDERKNQSTAVLIFYWHMCP>
#	G	D	E	R	K	N	Q	S	T	A	V	L	I	F	Y	W	H	M	C	P
0	0.01097	0.03602	0.03985	0.02391	0.14595	0.05016	0.11767	0.06894	0.07770	0.22353	0.03874	0.06711	0.02999	0.00492	0.00390	0.00118	0.00403	0.02737	0.00311	0.02493
1	0.00510	0.00422	0.00451	0.00467	0.00560	0.02755	0.00339	0.00636	0.03551	0.01058	0.11804	0.24323	0.42813	0.05206	0.00522	0.00145	0.00227	0.03539	0.00346	0.00327
2	0.06077	0.02222	0.10187	0.10249	0.12567	0.03500	0.03023	0.08036	0.08181	0.06794	0.08640	0.09013	0.04697	0.02009	0.00405	0.00124	0.00377	0.00450	0.02966	0.00483
3	0.01058	0.10562	0.18109	0.02554	0.17298	0.03864	0.05831	0.07973	0.03385	0.15881	0.03545	0.02384	0.00750	0.00413	0.00389	0.00113	0.03234	0.00343	0.00258	0.02056
4	0.03428	0.00561	0.00713	0.02345	0.02519	0.03485	0.02020	0.01109	0.03110	0.27912	0.06973	0.25253	0.03641	0.04315	0.05862	0.00168	0.03037	0.00598	0.02507	0.00446
5	0.02563	0.00600	0.00733	0.00623	0.00791	0.00608	0.02466	0.19739	0.01020	0.17682	0.05222	0.08511	0.09629	0.14651	0.10418	0.00214	0.00401	0.00506	0.03175	0.00449
6	0.03701	0.15371	0.13943	0.00960	0.09699	0.04425	0.06902	0.07034	0.03045	0.11895	0.01094	0.04075	0.07661	0.00454	0.00381	0.00110	0.03219	0.00369	0.00254	0.05409
7	0.01023	0.06013	0.07123	0.07030	0.27618	0.03680	0.06201	0.11349	0.02563	0.10830	0.02299	0.05382	0.00771	0.00451	0.01488	0.00118	0.00436	0.00372	0.00255	0.04997
8	0.00712	0.00655	0.00897	0.00798	0.00835	0.00860	0.00649	0.00841	0.03144	0.00953	0.03056	0.01316	0.07665	0.02836	0.19969	0.00259	0.50700	0.00400	0.03070	0.00384
9	0.00840	0.01895	0.03733	0.04303	0.00927	0.00598	0.02128	0.06751	0.04023	0.03854	0.00872	0.00991	0.00687	0.00364	0.00327	0.00082	0.02987	0.00288	0.22018	0.42331

[dist]
# distance from previous block
# <min> <max>
4	8

[block]
# block no. 1 follows, 73 sequences, length 12
# corresponding to MSA columns:
# 50-61
name=unknown_B
#
# <colnr> <probs for GDERKNQSTAVLIFYWHMCP>
#	G	D	E	R	K	N	Q	S	T	A	V	L	I	F	Y	W	H	M	C	P
0	0.00836	0.01982	0.00989	0.10457	0.14173	0.02760	0.04029	0.06755	0.16161	0.03745	0.15194	0.06388	0.04672	0.02037	0.02168	0.00138	0.06269	0.00475	0.00294	0.00477
1	0.00561	0.00408	0.00539	0.00538	0.00572	0.00450	0.00384	0.00632	0.00596	0.00826	0.01146	0.02139	0.01220	0.42320	0.34406	0.00431	0.04953	0.07367	0.00224	0.00289
2	0.07992	0.00832	0.04092	0.00975	0.09289	0.03874	0.11430	0.04294	0.25206	0.12280	0.06061	0.02608	0.01009	0.00657	0.07567	0.00161	0.00437	0.00403	0.00307	0.00527
3	0.00537	0.00397	0.00577	0.00577	0.00635	0.00455	0.00436	0.00653	0.00595	0.00852	0.01029	0.01607	0.00996	0.14173	0.74048	0.00571	0.00918	0.00421	0.00205	0.00320
4	0.89465	0.00726	0.00551	0.00493	0.00726	0.00842	0.00406	0.01103	0.00638	0.01683	0.00522	0.00609	0.00406	0.00348	0.00232	0.00116	0.00290	0.00203	0.00232	0.00406
5	0.00933	0.00806	0.00848	0.00764	0.00976	0.00933	0.00594	0.01994	0.83797	0.01569	0.01527	0.01400	0.01145	0.00509	0.00382	0.00127	0.00297	0.00424	0.00382	0.00594
6	0.01683	0.00638	0.00871	0.00668	0.00958	0.00551	0.00551	0.01828	0.01074	0.84734	0.01480	0.01277	0.00929	0.00464	0.00377	0.00116	0.00319	0.00377	0.00464	0.00638
7	0.89465	0.00726	0.00551	0.00493	0.00726	0.00842	0.00406	0.01103	0.00638	0.01683	0.00522	0.00609	0.00406	0.00348	0.00232	0.00116	0.00290	0.00203	0.00232	0.00406
8	0.00540	0.00368	0.00437	0.00436	0.00452	0.00370	0.00266	0.00574	0.00614	0.00834	0.10588	0.04950	0.01608	0.67394	0.08760	0.00350	0.00392	0.00564	0.00250	0.00253
9	0.00735	0.00673	0.01084	0.76271	0.02387	0.00824	0.00981	0.05646	0.00814	0.01042	0.00855	0.01140	0.05185	0.00411	0.00379	0.00124	0.00478	0.00359	0.00189	0.00424
10	0.02822	0.07045	0.00819	0.00679	0.00870	0.00680	0.00571	0.04298	0.19983	0.09100	0.01466	0.02320	0.01358	0.00702	0.01905	0.00139	0.00337	0.31940	0.02478	0.10487
11	0.00933	0.08975	0.01141	0.07015	0.28237	0.15363	0.00773	0.02361	0.00857	0.03133	0.02059	0.08021	0.00812	0.00580	0.05231	0.00135	0.02089	0.00373	0.07719	0.04191

[dist]
# distance from previous block
# <min> <max>
0	17

[block]
# block no. 2 follows, 73 sequences, length 22
# corresponding to MSA columns:
# 79-100
name=unknown_C
#
# <colnr> <probs for GDERKNQSTAVLIFYWHMCP>
#	G	D	E	R	K	N	Q	S	T	A	V	L	I	F	Y	W	H	M	C	P
0	0.12373	0.00739	0.00869	0.02815	0.00992	0.05375	0.00571	0.05582	0.01031	0.61462	0.01236	0.01124	0.00803	0.00448	0.00381	0.00116	0.02751	0.00344	0.00401	0.00587
1	0.01110	0.32451	0.07688	0.00919	0.10063	0.06256	0.00747	0.13241	0.11223	0.09577	0.02760	0.00916	0.00713	0.00396	0.00325	0.00102	0.00410	0.00299	0.00260	0.00546
2	0.04410	0.02462	0.00682	0.04128	0.10641	0.02784	0.00500	0.00796	0.05114	0.01160	0.18962	0.33094	0.08839	0.00854	0.01583	0.02304	0.00282	0.00708	0.00317	0.00379
3	0.00463	0.00331	0.00443	0.00530	0.00554	0.00310	0.00359	0.00533	0.00725	0.00965	0.02064	0.83054	0.02468	0.01169	0.00481	0.00153	0.00223	0.04521	0.00348	0.00306
4	0.03058	0.61477	0.06549	0.00671	0.00979	0.05976	0.00652	0.01124	0.01731	0.02406	0.00657	0.05319	0.00609	0.00375	0.00273	0.00087	0.00401	0.00262	0.00187	0.07210
5	0.10980	0.00883	0.00957	0.02045	0.01040	0.01003	0.00640	0.41822	0.18674	0.01859	0.00961	0.01009	0.00727	0.00636	0.06753	0.00155	0.06169	0.00342	0.00326	0.03019
6	0.00562	0.00420	0.00526	0.00493	0.00594	0.00403	0.00372	0.00812	0.08268	0.01486	0.73182	0.02719	0.07224	0.00753	0.00437	0.00119	0.00188	0.00662	0.00407	0.00373
7	0.00699	0.00546	0.00606	0.00606	0.00713	0.06030	0.00475	0.05412	0.05874	0.03331	0.21553	0.17232	0.06332	0.03139	0.00487	0.00144	0.00292	0.22876	0.03272	0.00380
8	0.00557	0.00379	0.00454	0.00455	0.00479	0.00393	0.00289	0.00621	0.02429	0.00831	0.02626	0.05076	0.01333	0.60052	0.17344	0.00377	0.00464	0.00525	0.05047	0.00267
9	0.03059	0.00717	0.01020	0.48033	0.03831	0.00839	0.00849	0.03394	0.22693	0.10282	0.00985	0.01122	0.00720	0.00420	0.00374	0.00124	0.00418	0.00359	0.00263	0.00497
10	0.00734	0.00534	0.00638	0.00576	0.00715	0.00545	0.00447	0.07801	0.17398	0.05116	0.52538	0.02377	0.04695	0.00692	0.00425	0.00122	0.00233	0.03578	0.00402	0.00436
11	0.79613	0.00738	0.00601	0.00524	0.00763	0.00842	0.00431	0.05603	0.00725	0.06519	0.00598	0.00664	0.00449	0.00361	0.00248	0.00116	0.00299	0.00221	0.00253	0.00432
12	0.00467	0.00348	0.00423	0.00476	0.00533	0.00315	0.00331	0.00548	0.00773	0.01004	0.05677	0.53225	0.26636	0.02970	0.00495	0.00147	0.00213	0.02735	0.02374	0.00310
13	0.00515	0.00373	0.00464	0.00500	0.00564	0.00349	0.00350	0.00647	0.04353	0.02701	0.17180	0.50122	0.16008	0.03424	0.00500	0.00146	0.00215	0.00896	0.00360	0.00332
14	0.04559	0.00665	0.00875	0.00673	0.00962	0.00597	0.00556	0.06558	0.01100	0.77189	0.01415	0.01233	0.00895	0.00460	0.00372	0.00116	0.00324	0.00369	0.00452	0.00631
15	0.16991	0.00627	0.00703	0.00582	0.00798	0.00631	0.00470	0.11389	0.04415	0.30414	0.12220	0.01378	0.02578	0.00488	0.00342	0.00112	0.00280	0.00386	0.14692	0.00505
16	0.00516	0.00342	0.00452	0.00521	0.00552	0.00319	0.00349	0.00580	0.00722	0.04523	0.01981	0.77099	0.02338	0.07076	0.00574	0.00165	0.00232	0.01001	0.00345	0.00314
17	0.00709	0.00667	0.01125	0.85913	0.02584	0.00834	0.01042	0.00959	0.00750	0.00959	0.00667	0.01000	0.00500	0.00375	0.00375	0.00125	0.00500	0.00333	0.00167	0.00417
18	0.01426	0.01051	0.01126	0.00863	0.01163	0.01163	0.00713	0.83224	0.01764	0.02364	0.00901	0.00901	0.00638	0.00450	0.00375	0.00113	0.00413	0.00338	0.00375	0.00638
19	0.00777	0.00734	0.01265	0.25559	0.37109	0.00770	0.08688	0.00985	0.00807	0.01095	0.01021	0.09377	0.05125	0.00496	0.00422	0.02159	0.00438	0.02487	0.00208	0.00477
20	0.00897	0.00798	0.02830	0.13448	0.46123	0.02044	0.00939	0.04973	0.02076	0.05447	0.03303	0.01132	0.00761	0.04355	0.08051	0.00169	0.00484	0.00361	0.01286	0.00521
21	0.00502	0.00380	0.00525	0.04236	0.02634	0.00384	0.00421	0.00584	0.00719	0.00972	0.01885	0.74176	0.02227	0.01082	0.00504	0.00150	0.04296	0.02127	0.01872	0.00323

[dist]
# distance from previous block
# <min> <max>
1	6

[block]
# block no. 3 follows, 73 sequences, length 26
# corresponding to MSA columns:
# 107-132
name=unknown_D
#
# <colnr> <probs for GDERKNQSTAVLIFYWHMCP>
#	G	D	E	R	K	N	Q	S	T	A	V	L	I	F	Y	W	H	M	C	P
0	0.00980	0.02438	0.01666	0.04736	0.37320	0.02024	0.30316	0.03530	0.00900	0.08194	0.00809	0.02457	0.00639	0.00364	0.00411	0.00119	0.01946	0.00386	0.00217	0.00549
1	0.01008	0.00676	0.00808	0.00699	0.00899	0.00722	0.02050	0.02807	0.42455	0.19092	0.08014	0.01470	0.01223	0.02155	0.08151	0.04012	0.00366	0.00425	0.00366	0.02602
2	0.00474	0.00381	0.00422	0.00412	0.00525	0.00330	0.00309	0.00597	0.00927	0.01184	0.31783	0.03330	0.56233	0.00886	0.00443	0.00124	0.00186	0.00752	0.00371	0.00330
3	0.89465	0.00726	0.00551	0.00493	0.00726	0.00842	0.00406	0.01103	0.00638	0.01683	0.00522	0.00609	0.00406	0.00348	0.00232	0.00116	0.00290	0.00203	0.00232	0.00406
4	0.00523	0.00382	0.00491	0.00467	0.00556	0.00350	0.00349	0.00691	0.01038	0.01455	0.76358	0.05148	0.09205	0.00791	0.00444	0.00120	0.00179	0.00697	0.00407	0.00350
5	0.00605	0.00432	0.00605	0.00691	0.00777	0.00432	0.00605	0.00777	0.00864	0.01123	0.01986	0.04232	0.02159	0.01036	0.00518	0.00173	0.00345	0.81949	0.00345	0.00345
6	0.00476	0.00380	0.00426	0.00417	0.00527	0.00330	0.00312	0.00600	0.00927	0.01190	0.32981	0.05411	0.52922	0.00889	0.00444	0.00124	0.00186	0.00758	0.00372	0.00330
7	0.00933	0.00806	0.00848	0.00764	0.00976	0.00933	0.00594	0.01994	0.83797	0.01569	0.01527	0.01400	0.01145	0.00509	0.00382	0.00127	0.00297	0.00424	0.00382	0.00594
8	0.01683	0.00638	0.00871	0.00668	0.00958	0.00551	0.00551	0.01828	0.01074	0.84734	0.01480	0.01277	0.00929	0.00464	0.00377	0.00116	0.00319	0.00377	0.00464	0.00638
9	0.01426	0.01051	0.01126	0.00863	0.01163	0.01163	0.00713	0.83224	0.01764	0.02364	0.00901	0.00901	0.00638	0.00450	0.00375	0.00113	0.00413	0.00338	0.00375	0.00638
10	0.00821	0.00821	0.01149	0.00985	0.00985	0.01149	0.00821	0.00903	0.00575	0.00903	0.00492	0.00821	0.00492	0.00657	0.01231	0.00164	0.86128	0.00328	0.00164	0.00410
11	0.01401	0.01788	0.01063	0.00967	0.01160	0.85309	0.00725	0.01498	0.01063	0.00918	0.00580	0.00677	0.00483	0.00387	0.00338	0.00097	0.00677	0.00242	0.00193	0.00435
12	0.02269	0.00684	0.00859	0.00678	0.05017	0.00539	0.03737	0.00961	0.00792	0.01238	0.03067	0.00850	0.00641	0.00297	0.00293	0.00064	0.00297	0.00249	0.00225	0.77243
13	0.01069	0.00991	0.21244	0.00735	0.01102	0.00652	0.00723	0.07203	0.00933	0.24866	0.00922	0.00945	0.00655	0.00414	0.02067	0.00103	0.00381	0.00291	0.00286	0.34416
14	0.02964	0.02588	0.32053	0.00956	0.02398	0.00774	0.14309	0.02478	0.07836	0.10782	0.08371	0.01128	0.00898	0.00408	0.00369	0.00113	0.00438	0.00360	0.02988	0.07786
15	0.01003	0.87041	0.01966	0.00642	0.00963	0.01485	0.00642	0.01123	0.00762	0.00883	0.00522	0.00602	0.00481	0.00321	0.00241	0.00080	0.00401	0.00201	0.00160	0.00481
16	0.01401	0.01788	0.01063	0.00967	0.01160	0.85309	0.00725	0.01498	0.01063	0.00918	0.00580	0.00677	0.00483	0.00387	0.00338	0.00097	0.00677	0.00242	0.00193	0.00435
17	0.89465	0.00726	0.00551	0.00493	0.00726	0.00842	0.00406	0.01103	0.00638	0.01683	0.00522	0.00609	0.00406	0.00348	0.00232	0.00116	0.00290	0.00203	0.00232	0.00406
18	0.00520	0.00383	0.00487	0.00461	0.00554	0.00349	0.00346	0.00687	0.01037	0.01444	0.74402	0.02902	0.13452	0.00789	0.00443	0.00119	0.00179	0.00692	0.00405	0.00349
19	0.00929	0.00891	0.01523	0.02303	0.84475	0.00891	0.01151	0.01151	0.00854	0.01226	0.00706	0.00929	0.00594	0.00334	0.00371	0.00111	0.00446	0.00334	0.00186	0.00594
20	0.00475	0.00358	0.00441	0.00479	0.00548	0.00324	0.00343	0.00576	0.00833	0.01091	0.18971	0.42260	0.26123	0.01023	0.00463	0.00139	0.00208	0.04665	0.00361	0.00320
21	0.00518	0.00383	0.00484	0.00459	0.00553	0.00349	0.00344	0.00684	0.01032	0.01434	0.72715	0.02919	0.15145	0.00793	0.00443	0.00119	0.00179	0.00695	0.00404	0.00349
22	0.00960	0.72265	0.16361	0.00716	0.01078	0.01378	0.00771	0.01135	0.00767	0.00936	0.00548	0.00635	0.00480	0.00327	0.00261	0.00087	0.00428	0.00214	0.00160	0.00494
23	0.00810	0.00686	0.00795	0.00571	0.00903	0.00533	0.00458	0.04979	0.00826	0.01279	0.00678	0.00784	0.00560	0.00286	0.00283	0.00058	0.00284	0.00228	0.00230	0.84771
24	0.00781	0.07488	0.02510	0.11140	0.04293	0.04267	0.05049	0.06992	0.00875	0.02577	0.01302	0.10447	0.01323	0.00868	0.06580	0.00174	0.03889	0.28757	0.00272	0.00415
25	0.85994	0.00722	0.00564	0.00500	0.00735	0.00830	0.00412	0.01132	0.00656	0.04968	0.00560	0.00636	0.00427	0.00353	0.00238	0.00116	0.00291	0.00210	0.00241	0.00415

[dist]
# distance from previous block
# <min> <max>
0	5

[block]
# block no. 4 follows, 73 sequences, length 13
# corresponding to MSA columns:
# 138-150
name=unknown_E
#
# <colnr> <probs for GDERKNQSTAVLIFYWHMCP>
#	G	D	E	R	K	N	Q	S	T	A	V	L	I	F	Y	W	H	M	C	P
0	0.01158	0.17391	0.14004	0.00998	0.09377	0.02548	0.02507	0.36415	0.06819	0.04004	0.00826	0.00873	0.00618	0.00401	0.00348	0.00108	0.00434	0.00310	0.00279	0.00582
1	0.00643	0.00331	0.00497	0.00497	0.00502	0.00336	0.00336	0.00502	0.00497	0.00668	0.00678	0.01165	0.00673	0.01415	0.07638	0.82573	0.00376	0.00331	0.00166	0.00176
2	0.00752	0.01941	0.84871	0.01069	0.01624	0.00871	0.01386	0.01188	0.00792	0.01188	0.00673	0.00792	0.00475	0.00356	0.00356	0.00119	0.00554	0.00277	0.00158	0.00554
3	0.04451	0.00756	0.05537	0.01877	0.05452	0.01727	0.02607	0.11135	0.06170	0.19089	0.12299	0.07542	0.01217	0.00527	0.00409	0.02052	0.01677	0.00425	0.00328	0.14725
4	0.00621	0.00519	0.00735	0.00732	0.04080	0.00625	0.00547	0.00742	0.02217	0.00912	0.01164	0.06466	0.07107	0.06136	0.40995	0.02994	0.21008	0.01827	0.00217	0.00355
5	0.03437	0.00618	0.00797	0.00627	0.00878	0.00561	0.00509	0.06293	0.01044	0.64650	0.01382	0.01319	0.00928	0.05265	0.00447	0.00127	0.00311	0.00378	0.09851	0.00580
6	0.00975	0.07179	0.00924	0.00750	0.00966	0.05629	0.00595	0.01835	0.65935	0.04289	0.01404	0.01375	0.01076	0.00500	0.00370	0.00122	0.00325	0.02647	0.02538	0.00565
7	0.03712	0.05569	0.19595	0.07210	0.12798	0.09341	0.06585	0.02692	0.08057	0.06903	0.03986	0.05851	0.02661	0.00468	0.00398	0.01515	0.01535	0.00383	0.00239	0.00502
8	0.00464	0.00340	0.00433	0.00502	0.00543	0.00313	0.00344	0.00538	0.00746	0.00977	0.04188	0.67178	0.14674	0.03606	0.00515	0.00155	0.00221	0.03610	0.00346	0.00307
9	0.01388	0.00609	0.00802	0.00636	0.00878	0.00551	0.00517	0.07801	0.01124	0.58488	0.21263	0.01613	0.01532	0.00536	0.00393	0.00116	0.00292	0.00446	0.00445	0.00570
10	0.01401	0.01788	0.01063	0.00967	0.01160	0.85309	0.00725	0.01498	0.01063	0.00918	0.00580	0.00677	0.00483	0.00387	0.00338	0.00097	0.00677	0.00242	0.00193	0.00435
11	0.03855	0.00631	0.00783	0.00688	0.04526	0.00609	0.00522	0.10752	0.06242	0.40915	0.03304	0.05733	0.05934	0.00524	0.00367	0.00115	0.00296	0.00431	0.13230	0.00543
12	0.01115	0.02117	0.16903	0.04330	0.04746	0.00741	0.07239	0.10235	0.03550	0.25731	0.01019	0.04329	0.00751	0.00418	0.00364	0.00108	0.00401	0.00356	0.00300	0.15245

[dist]
# distance from previous block
# <min> <max>
11	28

[block]
# block no. 5 follows, 73 sequences, length 7
# corresponding to MSA columns:
# 179-185
name=unknown_F
#
# <colnr> <probs for GDERKNQSTAVLIFYWHMCP>
#	G	D	E	R	K	N	Q	S	T	A	V	L	I	F	Y	W	H	M	C	P
0	0.00961	0.07632	0.20060	0.02963	0.09825	0.05762	0.07955	0.16310	0.05453	0.03467	0.06403	0.07203	0.00923	0.00473	0.00401	0.00118	0.02914	0.00397	0.00257	0.00523
1	0.00719	0.00760	0.08945	0.00682	0.00848	0.09553	0.03900	0.00931	0.07537	0.03982	0.03776	0.30351	0.11121	0.04565	0.02412	0.00149	0.01588	0.01873	0.00296	0.06014
2	0.06836	0.07546	0.15509	0.04851	0.30683	0.07178	0.02255	0.10983	0.02980	0.01317	0.00742	0.03413	0.00613	0.00397	0.00379	0.00114	0.03129	0.00325	0.00214	0.00537
3	0.07816	0.00492	0.00493	0.00473	0.00604	0.03151	0.00358	0.05879	0.00906	0.01205	0.13593	0.11014	0.47733	0.00918	0.03577	0.00143	0.00259	0.00695	0.00339	0.00353
4	0.06692	0.50313	0.05866	0.00834	0.06158	0.18914	0.00717	0.04801	0.00869	0.01042	0.00570	0.00661	0.00491	0.00345	0.00280	0.00091	0.00463	0.00227	0.00183	0.00484
5	0.00755	0.00729	0.10420	0.02088	0.02557	0.00616	0.02096	0.13891	0.06728	0.02568	0.04785	0.28153	0.04144	0.04097	0.03060	0.00154	0.00352	0.07178	0.00312	0.05319
6	0.08766	0.08817	0.08561	0.00970	0.12355	0.05307	0.00744	0.24247	0.11681	0.07343	0.01093	0.01110	0.06507	0.00446	0.00352	0.00113	0.00395	0.00348	0.00294	0.00552

[dist]
# distance from previous block
# <min> <max>
1	9

[block]
# block no. 6 follows, 73 sequences, length 25
# corresponding to MSA columns:
# 195-219
name=unknown_G
#
# <colnr> <probs for GDERKNQSTAVLIFYWHMCP>
#	G	D	E	R	K	N	Q	S	T	A	V	L	I	F	Y	W	H	M	C	P
0	0.03175	0.05358	0.03735	0.05353	0.04310	0.00650	0.01905	0.02627	0.08391	0.02114	0.06364	0.04617	0.00886	0.00416	0.01198	0.00090	0.00322	0.00327	0.00250	0.47914
1	0.17140	0.00724	0.00837	0.00646	0.00936	0.00689	0.00531	0.14253	0.01050	0.41725	0.01070	0.01008	0.00722	0.00407	0.00333	0.00104	0.00321	0.00312	0.00365	0.16830
2	0.00941	0.00904	0.01119	0.24430	0.14483	0.13485	0.03989	0.09567	0.06089	0.02643	0.10264	0.01162	0.00930	0.00496	0.02067	0.00128	0.06209	0.00371	0.00243	0.00479
3	0.00519	0.00383	0.00486	0.00480	0.00563	0.00356	0.00352	0.00689	0.03072	0.01354	0.58639	0.19028	0.10962	0.00857	0.00448	0.00126	0.00189	0.00758	0.00394	0.00347
4	0.00597	0.00408	0.00483	0.00453	0.00574	0.00364	0.00344	0.00752	0.02436	0.07814	0.40434	0.04475	0.35487	0.00811	0.00433	0.00121	0.00196	0.00694	0.02762	0.00365
5	0.00534	0.00384	0.00505	0.00504	0.00574	0.00386	0.00369	0.00648	0.00771	0.02446	0.23512	0.12210	0.12944	0.13124	0.29032	0.00318	0.00488	0.00624	0.00302	0.00325
6	0.48571	0.00685	0.00700	0.00574	0.00834	0.00706	0.00474	0.01441	0.00841	0.40374	0.00969	0.00920	0.00650	0.00402	0.00300	0.00116	0.00304	0.00284	0.00340	0.00514
7	0.04241	0.00680	0.01077	0.64161	0.03435	0.00853	0.00949	0.02336	0.00734	0.01003	0.00668	0.00993	0.00528	0.00570	0.06134	0.00161	0.10554	0.00332	0.00175	0.00417
8	0.01003	0.87041	0.01966	0.00642	0.00963	0.01485	0.00642	0.01123	0.00762	0.00883	0.00522	0.00602	0.00481	0.00321	0.00241	0.00080	0.00401	0.00201	0.00160	0.00481
9	0.01103	0.00890	0.00944	0.00798	0.01040	0.01012	0.00635	0.29947	0.55567	0.01843	0.01311	0.01228	0.00971	0.00489	0.00380	0.00122	0.00337	0.00394	0.00380	0.00609
10	0.00709	0.00667	0.01125	0.85913	0.02584	0.00834	0.01042	0.00959	0.00750	0.00959	0.00667	0.01000	0.00500	0.00375	0.00375	0.00125	0.00500	0.00333	0.00167	0.00417
11	0.00886	0.09477	0.28758	0.00785	0.01182	0.00738	0.04059	0.01141	0.00823	0.10001	0.02538	0.00871	0.00626	0.00340	0.00321	0.00089	0.00398	0.00273	0.00224	0.36471
12	0.01409	0.01042	0.01116	0.00860	0.01157	0.01155	0.00709	0.80358	0.04657	0.02336	0.00923	0.00918	0.00656	0.00452	0.00376	0.00113	0.00409	0.00341	0.00376	0.00636
13	0.56010	0.00756	0.00683	0.03945	0.00867	0.00860	0.00486	0.19825	0.00916	0.01779	0.00692	0.00779	0.00524	0.00382	0.00274	0.00112	0.00314	0.00255	0.10085	0.00453
14	0.00926	0.00739	0.03969	0.01997	0.02341	0.00654	0.00571	0.07636	0.03812	0.11618	0.01940	0.05659	0.02158	0.00435	0.00425	0.00093	0.09460	0.00336	0.00271	0.44958
15	0.07469	0.02118	0.02944	0.20492	0.09165	0.04159	0.03476	0.07653	0.08182	0.20846	0.00955	0.01055	0.00696	0.00557	0.05315	0.00147	0.03627	0.00343	0.00281	0.00520
16	0.00462	0.00329	0.00434	0.00516	0.00537	0.00308	0.00342	0.00524	0.00709	0.00945	0.02020	0.82044	0.02421	0.05784	0.00556	0.00164	0.00226	0.01039	0.00342	0.00301
17	0.00669	0.00475	0.00564	0.00538	0.00650	0.01876	0.00407	0.07757	0.02399	0.06106	0.35690	0.21806	0.14168	0.00844	0.00442	0.00129	0.00235	0.04481	0.00381	0.00383
18	0.08589	0.04612	0.05449	0.05335	0.13574	0.14447	0.08433	0.07071	0.07277	0.15310	0.01800	0.01020	0.02493	0.00414	0.00380	0.00114	0.02549	0.00338	0.00268	0.00526
19	0.01361	0.00732	0.05331	0.00668	0.00921	0.02885	0.00571	0.10424	0.01070	0.49420	0.04135	0.01280	0.01972	0.00473	0.00386	0.00112	0.02911	0.00374	0.14413	0.00562
20	0.00520	0.00394	0.00483	0.00534	0.00591	0.00386	0.00371	0.00710	0.10615	0.01050	0.05078	0.60819	0.10544	0.04128	0.00514	0.00153	0.00230	0.02189	0.00350	0.00340
21	0.00881	0.00805	0.09712	0.02420	0.08858	0.02755	0.06001	0.10018	0.05246	0.11071	0.13805	0.06678	0.15094	0.00613	0.00424	0.00123	0.01996	0.02700	0.00320	0.00479
22	0.01162	0.51078	0.05319	0.00745	0.03529	0.03255	0.00677	0.09177	0.02016	0.17267	0.00794	0.02134	0.00626	0.00381	0.00297	0.00095	0.00397	0.00273	0.00247	0.00531
23	0.45117	0.00708	0.00711	0.00590	0.00835	0.00750	0.00483	0.10851	0.00929	0.27387	0.05407	0.03092	0.00815	0.00439	0.00311	0.00117	0.00306	0.00320	0.00333	0.00500
24	0.00706	0.00428	0.00536	0.00538	0.00628	0.00404	0.00386	0.04330	0.02186	0.13478	0.04827	0.43838	0.10637	0.11584	0.00631	0.00168	0.00261	0.03714	0.00354	0.00368

[dist]
# distance from previous block
# <min> <max>
6	10

[block]
# block no. 7 follows, 73 sequences, length 21
# corresponding to MSA columns:
# 230-250
name=unknown_H
#
# <colnr> <probs for GDERKNQSTAVLIFYWHMCP>
#	G	D	E	R	K	N	Q	S	T	A	V	L	I	F	Y	W	H	M	C	P
0	0.05086	0.00528	0.01570	0.00612	0.03103	0.00527	0.01802	0.04075	0.04942	0.08370	0.15464	0.02181	0.24457	0.04735	0.16313	0.01374	0.03607	0.00542	0.00315	0.00396
1	0.00804	0.01545	0.03870	0.09970	0.03990	0.03062	0.06709	0.09487	0.17955	0.02143	0.11939	0.06224	0.15768	0.00608	0.00441	0.00125	0.04067	0.00517	0.00310	0.00465
2	0.03065	0.59246	0.04497	0.00847	0.07893	0.15511	0.00717	0.01206	0.02292	0.00958	0.00570	0.00662	0.00501	0.00338	0.00274	0.00089	0.00452	0.00225	0.00174	0.00486
3	0.03772	0.00500	0.00688	0.00612	0.00733	0.00512	0.04444	0.02168	0.00707	0.09854	0.01143	0.05683	0.02664	0.19349	0.31791	0.00345	0.03241	0.01550	0.02568	0.07675
4	0.52924	0.00854	0.07227	0.02011	0.15365	0.03798	0.00630	0.01107	0.03270	0.01441	0.00612	0.00755	0.00491	0.00432	0.00378	0.07445	0.00357	0.00252	0.00215	0.00437
5	0.00515	0.00368	0.00456	0.00488	0.00557	0.00343	0.00348	0.00621	0.01683	0.02950	0.12318	0.40271	0.22084	0.04517	0.05825	0.00176	0.00266	0.02961	0.02927	0.00325
6	0.00657	0.00516	0.00660	0.00716	0.06523	0.01594	0.02031	0.00954	0.17114	0.03377	0.12481	0.37505	0.04594	0.04600	0.00506	0.00147	0.00272	0.05006	0.00345	0.00401
7	0.00987	0.00894	0.00875	0.00783	0.00997	0.07892	0.00608	0.04431	0.74478	0.01540	0.01430	0.01325	0.01075	0.00497	0.00378	0.00124	0.00332	0.00406	0.00366	0.00582
8	0.00924	0.00807	0.00873	0.00782	0.00976	0.00951	0.00613	0.01904	0.76940	0.01515	0.01442	0.01352	0.01091	0.00521	0.00452	0.00130	0.07368	0.00416	0.00364	0.00579
9	0.00778	0.00667	0.00778	0.00556	0.00889	0.00500	0.00445	0.00945	0.00778	0.01223	0.00667	0.00778	0.00556	0.00278	0.00278	0.00056	0.00278	0.00222	0.00222	0.89108
10	0.00834	0.00941	0.04490	0.01377	0.01721	0.00848	0.66762	0.01120	0.00885	0.02661	0.02566	0.01394	0.10354	0.00413	0.00440	0.00127	0.00561	0.01807	0.00218	0.00483
11	0.00457	0.00328	0.00434	0.00518	0.00543	0.00305	0.00346	0.00523	0.00723	0.00960	0.02125	0.83823	0.05192	0.01168	0.00478	0.00152	0.00217	0.01057	0.00348	0.00305
12	0.00821	0.00821	0.01149	0.00985	0.00985	0.01149	0.00821	0.00903	0.00575	0.00903	0.00492	0.00821	0.00492	0.00657	0.01231	0.00164	0.86128	0.00328	0.00164	0.00410
13	0.00538	0.00394	0.00563	0.00563	0.00617	0.00447	0.00419	0.00644	0.00591	0.00842	0.01041	0.01675	0.01025	0.20027	0.68234	0.00554	0.00874	0.00431	0.00206	0.00313
14	0.00467	0.00342	0.00440	0.00503	0.00547	0.00315	0.00347	0.00552	0.00779	0.01032	0.11954	0.64836	0.12555	0.01097	0.00471	0.00146	0.00212	0.02737	0.00356	0.00313
15	0.00737	0.00600	0.00680	0.00622	0.00774	0.00651	0.00477	0.01368	0.43530	0.01538	0.41801	0.02082	0.02311	0.00635	0.00411	0.00123	0.00239	0.00548	0.00397	0.00477
16	0.00883	0.03327	0.01139	0.50708	0.10146	0.07510	0.00928	0.12083	0.00924	0.01184	0.00752	0.01062	0.00597	0.00445	0.01855	0.00127	0.00490	0.02855	0.02524	0.00462
17	0.00991	0.00664	0.09142	0.00633	0.02582	0.00543	0.00533	0.04558	0.07700	0.24314	0.01372	0.14621	0.01136	0.00556	0.00354	0.00113	0.00285	0.00468	0.28954	0.00480
18	0.00718	0.00611	0.00841	0.02599	0.05766	0.00629	0.09856	0.04487	0.20958	0.01259	0.06102	0.11960	0.18336	0.02298	0.05194	0.01693	0.00350	0.00575	0.05332	0.00436
19	0.01332	0.01624	0.01050	0.07948	0.01261	0.73477	0.00742	0.01445	0.01032	0.03516	0.00652	0.00816	0.00543	0.00405	0.00347	0.00102	0.00642	0.02424	0.00204	0.00437
20	0.00959	0.20719	0.06583	0.03271	0.03627	0.01024	0.00678	0.08796	0.39890	0.03031	0.03206	0.02549	0.03153	0.00469	0.00351	0.00114	0.00352	0.00375	0.00304	0.00547

[dist]
# distance from previous block
# <min> <max>
1	11

[block]
# block no. 8 follows, 73 sequences, length 20
# corresponding to MSA columns:
# 262-264,277-293
name=unknown_I
#
# <colnr> <probs for GDERKNQSTAVLIFYWHMCP>
#	G	D	E	R	K	N	Q	S	T	A	V	L	I	F	Y	W	H	M	C	P
0	0.00841	0.05923	0.00766	0.02227	0.00816	0.00558	0.00457	0.02399	0.06633	0.12605	0.26085	0.01655	0.05878	0.00512	0.00357	0.00096	0.00261	0.00430	0.02828	0.28674
1	0.01076	0.10000	0.04663	0.05898	0.03168	0.02683	0.03207	0.27908	0.30387	0.01662	0.01057	0.01068	0.00793	0.00440	0.00359	0.00114	0.00384	0.00353	0.04211	0.00568
2	0.00786	0.04651	0.62117	0.04724	0.05149	0.00832	0.01191	0.01163	0.02328	0.04806	0.02044	0.03432	0.04318	0.00418	0.00364	0.00119	0.00496	0.00337	0.00195	0.00532
3	0.00972	0.09322	0.20905	0.00931	0.05780	0.00841	0.08942	0.11958	0.04659	0.12387	0.06378	0.02898	0.06249	0.04228	0.00456	0.00127	0.01766	0.00403	0.00277	0.00520
4	0.55893	0.07455	0.00759	0.02399	0.00840	0.04437	0.00481	0.07262	0.03733	0.06680	0.00716	0.02837	0.00584	0.04152	0.00344	0.00124	0.00332	0.00271	0.00256	0.00442
5	0.00536	0.00402	0.00603	0.00603	0.00670	0.00469	0.00469	0.00670	0.00603	0.00871	0.01005	0.01474	0.00938	0.02814	0.85328	0.00603	0.01005	0.00402	0.00201	0.00335
6	0.00597	0.00482	0.00623	0.00617	0.00690	0.04183	0.00474	0.00759	0.04286	0.00902	0.01063	0.02653	0.01015	0.09179	0.66339	0.00516	0.01940	0.03123	0.00217	0.00343
7	0.03480	0.11619	0.19887	0.01292	0.21197	0.04926	0.11049	0.08095	0.03045	0.05578	0.00798	0.00922	0.02142	0.00384	0.00393	0.00114	0.03998	0.00324	0.00216	0.00541
8	0.00861	0.00876	0.04968	0.01763	0.52731	0.00915	0.01008	0.01043	0.00757	0.01105	0.00685	0.00994	0.00615	0.05122	0.03252	0.00154	0.22106	0.00344	0.00182	0.00519
9	0.00512	0.00360	0.00449	0.00498	0.00528	0.00347	0.00339	0.00571	0.00683	0.00900	0.01817	0.37914	0.06410	0.33212	0.01019	0.00233	0.00291	0.13332	0.00303	0.00283
10	0.05515	0.00794	0.00899	0.00734	0.00967	0.06333	0.04154	0.24699	0.04258	0.24870	0.07864	0.08484	0.06058	0.00567	0.00390	0.00120	0.00354	0.02035	0.00372	0.00532
11	0.11108	0.10651	0.12293	0.01043	0.13445	0.07868	0.05100	0.11525	0.09992	0.10559	0.02381	0.00942	0.00690	0.00396	0.00344	0.00112	0.00427	0.00316	0.00265	0.00543
12	0.01474	0.00639	0.00831	0.00655	0.00909	0.00590	0.00534	0.10803	0.01086	0.61606	0.01430	0.01325	0.03851	0.00615	0.04013	0.04047	0.00348	0.00385	0.04279	0.00581
13	0.00564	0.00356	0.00455	0.00462	0.00472	0.00363	0.00292	0.00545	0.00552	0.00744	0.01095	0.08515	0.01218	0.48235	0.12065	0.22683	0.00423	0.00513	0.00217	0.00231
14	0.01810	0.10187	0.04347	0.07001	0.24634	0.12740	0.09556	0.05461	0.02446	0.04063	0.08448	0.03740	0.03073	0.00437	0.00371	0.00112	0.00453	0.00384	0.00236	0.00501
15	0.00936	0.04696	0.07571	0.11408	0.26361	0.04490	0.13894	0.05347	0.08306	0.04604	0.00843	0.01012	0.00656	0.00470	0.03785	0.00134	0.00488	0.00351	0.04120	0.00527
16	0.00691	0.00411	0.00515	0.00517	0.00623	0.00369	0.00380	0.00804	0.02163	0.16122	0.07597	0.40463	0.23713	0.00948	0.00449	0.00137	0.00231	0.03116	0.00374	0.00377
17	0.00747	0.00536	0.00681	0.00637	0.00756	0.02745	0.03947	0.00989	0.11524	0.10309	0.13360	0.18420	0.07095	0.09190	0.04550	0.00180	0.02750	0.10846	0.00340	0.00400
18	0.03585	0.01647	0.08357	0.13828	0.11710	0.03970	0.07989	0.08750	0.02383	0.22916	0.00935	0.02345	0.00682	0.00409	0.00393	0.00115	0.02927	0.00347	0.00279	0.06432
19	0.34799	0.07087	0.01861	0.01687	0.01796	0.10060	0.00476	0.00969	0.02286	0.02210	0.01183	0.25601	0.05321	0.01476	0.00367	0.00126	0.01542	0.00502	0.00264	0.00390

[dist]
# distance from previous block
# <min> <max>
1	12

[block]
# block no. 9 follows, 73 sequences, length 21
# corresponding to MSA columns:
# 306-326
name=unknown_J
#
# <colnr> <probs for GDERKNQSTAVLIFYWHMCP>
#	G	D	E	R	K	N	Q	S	T	A	V	L	I	F	Y	W	H	M	C	P
0	0.22957	0.03960	0.05326	0.00647	0.02010	0.03422	0.00540	0.11078	0.05085	0.01402	0.01150	0.05314	0.07747	0.03660	0.03917	0.00140	0.00361	0.06391	0.00269	0.14622
1	0.02220	0.06086	0.03807	0.03595	0.07207	0.06260	0.06792	0.09893	0.06623	0.07486	0.00798	0.00888	0.00619	0.00362	0.00361	0.00093	0.03290	0.00293	0.00251	0.33075
2	0.00476	0.00345	0.00440	0.00492	0.00541	0.00317	0.00340	0.00570	0.00805	0.01084	0.18807	0.58055	0.12270	0.01050	0.00463	0.00141	0.00205	0.00940	0.02342	0.00317
3	0.00737	0.00646	0.02729	0.00680	0.02765	0.02227	0.01350	0.01987	0.32710	0.02037	0.13738	0.06067	0.10722	0.09954	0.05960	0.00183	0.02781	0.01950	0.00332	0.00445
4	0.00506	0.00383	0.00467	0.00446	0.00545	0.00343	0.00334	0.00659	0.01003	0.01364	0.61239	0.03034	0.26666	0.00819	0.00443	0.00120	0.00181	0.00711	0.00395	0.00343
5	0.01003	0.87041	0.01966	0.00642	0.00963	0.01485	0.00642	0.01123	0.00762	0.00883	0.00522	0.00602	0.00481	0.00321	0.00241	0.00080	0.00401	0.00201	0.00160	0.00481
6	0.03777	0.00505	0.00552	0.00490	0.00645	0.00514	0.00384	0.04542	0.12024	0.17026	0.01277	0.01331	0.00949	0.00450	0.00303	0.00100	0.00232	0.00360	0.54089	0.00450
7	0.01673	0.00656	0.00881	0.00676	0.00966	0.00577	0.00558	0.05193	0.01102	0.81330	0.01456	0.01261	0.00917	0.00464	0.00377	0.00116	0.00323	0.00376	0.00461	0.00638
8	0.01359	0.01717	0.01070	0.00968	0.01147	0.79089	0.00732	0.01454	0.01027	0.00917	0.00573	0.00687	0.00484	0.00407	0.00404	0.00102	0.06992	0.00248	0.00191	0.00433
9	0.89465	0.00726	0.00551	0.00493	0.00726	0.00842	0.00406	0.01103	0.00638	0.01683	0.00522	0.00609	0.00406	0.00348	0.00232	0.00116	0.00290	0.00203	0.00232	0.00406
10	0.00510	0.00383	0.00473	0.00450	0.00548	0.00345	0.00338	0.00668	0.01013	0.01388	0.65108	0.02995	0.22781	0.00811	0.00443	0.00120	0.00180	0.00705	0.00398	0.00345
11	0.82978	0.00719	0.00575	0.00506	0.00743	0.00820	0.00417	0.01156	0.00671	0.07821	0.00593	0.00659	0.00445	0.00357	0.00243	0.00116	0.00292	0.00216	0.00249	0.00423
12	0.31666	0.00778	0.06973	0.00645	0.00928	0.00703	0.00569	0.05632	0.00923	0.43070	0.01047	0.01000	0.00702	0.00495	0.03184	0.00132	0.00355	0.00309	0.00349	0.00542
13	0.00746	0.02201	0.00812	0.00639	0.03489	0.00523	0.03494	0.00910	0.00822	0.03097	0.11317	0.04448	0.05883	0.00461	0.01500	0.00087	0.01771	0.00363	0.00259	0.57179
14	0.00957	0.00785	0.01317	0.03749	0.51465	0.00766	0.07735	0.01161	0.00883	0.12921	0.02566	0.01320	0.09739	0.00484	0.02397	0.00127	0.00426	0.00406	0.00246	0.00549
15	0.00648	0.00394	0.00502	0.00513	0.00602	0.00357	0.00373	0.00746	0.00835	0.12780	0.12737	0.40441	0.17092	0.05380	0.00529	0.00150	0.00236	0.04958	0.00366	0.00358
16	0.00985	0.05995	0.11503	0.13700	0.20884	0.01723	0.07783	0.12688	0.06805	0.07427	0.02789	0.01051	0.02183	0.00407	0.00393	0.00117	0.02425	0.00353	0.00247	0.00543
17	0.00965	0.08389	0.37500	0.01297	0.20379	0.05309	0.06533	0.04241	0.02250	0.08532	0.00762	0.00873	0.00566	0.00363	0.00358	0.00113	0.00499	0.00306	0.00207	0.00559
18	0.00490	0.00343	0.00446	0.00511	0.00535	0.00327	0.00344	0.00550	0.00704	0.00940	0.04641	0.60926	0.02257	0.16970	0.00761	0.01685	0.00254	0.06698	0.00325	0.00293
19	0.02649	0.00496	0.02101	0.00626	0.03493	0.02011	0.03221	0.01845	0.02699	0.07715	0.05654	0.38918	0.15668	0.06079	0.00528	0.00150	0.00274	0.03357	0.02146	0.00370
20	0.00990	0.00947	0.08077	0.02959	0.37766	0.02821	0.07603	0.06583	0.03314	0.08874	0.00810	0.00969	0.00635	0.01961	0.00410	0.00112	0.02187	0.00332	0.00232	0.12419

[dist]
# distance from previous block
# <min> <max>
7	51

[block]
# block no. 10 follows, 73 sequences, length 33
# corresponding to MSA columns:
# 382-414
name=unknown_K
#
# <colnr> <probs for GDERKNQSTAVLIFYWHMCP>
#	G	D	E	R	K	N	Q	S	T	A	V	L	I	F	Y	W	H	M	C	P
0	0.00921	0.04899	0.03360	0.12688	0.23628	0.08816	0.04192	0.03767	0.12266	0.04885	0.01184	0.03242	0.09399	0.01290	0.00425	0.00121	0.03766	0.00403	0.00248	0.00502
1	0.00547	0.00404	0.00481	0.00468	0.00582	0.00350	0.00342	0.00660	0.00860	0.04112	0.21583	0.25196	0.30621	0.02648	0.00464	0.00129	0.00211	0.00762	0.00352	0.09228
2	0.00590	0.00528	0.04858	0.05502	0.02108	0.00468	0.00467	0.02381	0.05211	0.02195	0.36564	0.07587	0.23032	0.04580	0.00511	0.00135	0.01912	0.00648	0.00347	0.00376
3	0.01301	0.05415	0.01094	0.03643	0.03781	0.69733	0.00737	0.03001	0.01036	0.00968	0.00672	0.00902	0.00587	0.00421	0.00347	0.00102	0.00627	0.04989	0.00203	0.00440
4	0.12518	0.44380	0.02616	0.00732	0.03691	0.06883	0.00630	0.01359	0.18112	0.04700	0.00784	0.00816	0.00633	0.00375	0.00287	0.00099	0.00384	0.00263	0.00232	0.00503
5	0.01046	0.34591	0.06947	0.03231	0.05263	0.10880	0.05498	0.04491	0.04545	0.08974	0.00793	0.03095	0.00673	0.05411	0.00438	0.00118	0.02979	0.00313	0.00223	0.00491
6	0.00668	0.00530	0.00651	0.00661	0.05543	0.00556	0.00469	0.02974	0.20015	0.01259	0.21591	0.02122	0.18357	0.01021	0.11749	0.07659	0.01625	0.00538	0.01607	0.00405
7	0.02859	0.10520	0.10806	0.00882	0.07862	0.09815	0.02994	0.02597	0.12329	0.09558	0.01907	0.13841	0.05141	0.00546	0.00392	0.00116	0.02689	0.00450	0.00275	0.04422
8	0.01018	0.02999	0.04699	0.12648	0.08068	0.16873	0.05810	0.07590	0.23328	0.05000	0.03290	0.02544	0.03567	0.00456	0.00376	0.00117	0.00445	0.00380	0.00277	0.00515
9	0.00848	0.00656	0.00826	0.08141	0.02383	0.00570	0.01677	0.05227	0.00843	0.08196	0.00967	0.04967	0.04420	0.03450	0.00394	0.00092	0.01741	0.00333	0.00255	0.54014
10	0.30224	0.11280	0.28670	0.00829	0.01193	0.04330	0.06595	0.06977	0.01943	0.02600	0.00647	0.00743	0.00488	0.00357	0.00308	0.00112	0.00439	0.00261	0.00210	0.01795
11	0.00934	0.03491	0.00963	0.01827	0.18294	0.03887	0.04314	0.06952	0.00960	0.16139	0.12470	0.21938	0.02524	0.00655	0.00411	0.00124	0.00340	0.02974	0.00325	0.00477
12	0.00457	0.00326	0.00435	0.00522	0.00544	0.00305	0.00348	0.00522	0.00718	0.00958	0.02068	0.86570	0.02481	0.01175	0.00479	0.00152	0.00218	0.01067	0.00348	0.00305
13	0.01401	0.01788	0.01063	0.00967	0.01160	0.85309	0.00725	0.01498	0.01063	0.00918	0.00580	0.00677	0.00483	0.00387	0.00338	0.00097	0.00677	0.00242	0.00193	0.00435
14	0.00836	0.00860	0.02772	0.03640	0.07288	0.19866	0.01301	0.04454	0.00840	0.01042	0.06887	0.17855	0.01268	0.09045	0.07214	0.01117	0.10361	0.02714	0.00249	0.00392
15	0.10301	0.24456	0.15272	0.04694	0.10547	0.07235	0.06807	0.06624	0.00874	0.04591	0.00734	0.04034	0.00615	0.00393	0.00328	0.00108	0.00451	0.01225	0.00211	0.00502
16	0.00791	0.00410	0.00425	0.00398	0.00509	0.00413	0.00305	0.06474	0.00865	0.05087	0.01213	0.01360	0.00938	0.00439	0.00275	0.00090	0.00197	0.00350	0.79078	0.00382
17	0.89465	0.00726	0.00551	0.00493	0.00726	0.00842	0.00406	0.01103	0.00638	0.01683	0.00522	0.00609	0.00406	0.00348	0.00232	0.00116	0.00290	0.00203	0.00232	0.00406
18	0.01683	0.00638	0.00871	0.00668	0.00958	0.00551	0.00551	0.01828	0.01074	0.84734	0.01480	0.01277	0.00929	0.00464	0.00377	0.00116	0.00319	0.00377	0.00464	0.00638
19	0.01003	0.87041	0.01966	0.00642	0.00963	0.01485	0.00642	0.01123	0.00762	0.00883	0.00522	0.00602	0.00481	0.00321	0.00241	0.00080	0.00401	0.00201	0.00160	0.00481
20	0.00558	0.00400	0.00535	0.00528	0.00559	0.00446	0.00370	0.00617	0.00571	0.00798	0.01046	0.01871	0.01097	0.40332	0.40532	0.04323	0.04465	0.00460	0.00210	0.00283
21	0.00524	0.00383	0.00492	0.00465	0.00556	0.00351	0.00348	0.00694	0.01045	0.01465	0.77751	0.02868	0.10091	0.00782	0.00443	0.00119	0.00178	0.00688	0.00408	0.00351
22	0.00905	0.00862	0.01464	0.02197	0.79605	0.00860	0.01105	0.01126	0.00866	0.01242	0.05556	0.01037	0.00765	0.00359	0.00376	0.00112	0.00430	0.00354	0.00199	0.00580
23	0.00937	0.00793	0.00842	0.00753	0.00960	0.00909	0.00586	0.07178	0.73085	0.01599	0.04212	0.04159	0.01234	0.00535	0.00386	0.00127	0.00298	0.00448	0.00381	0.00580
24	0.05710	0.01193	0.01313	0.05677	0.22112	0.30314	0.13965	0.03769	0.08840	0.01190	0.00761	0.00933	0.00613	0.00383	0.00367	0.00112	0.00534	0.01495	0.00217	0.00503
25	0.00912	0.01047	0.02089	0.01513	0.01861	0.05855	0.73856	0.01203	0.00879	0.01169	0.00734	0.00982	0.00560	0.00339	0.00480	0.00127	0.05284	0.00425	0.00189	0.00497
26	0.02107	0.00763	0.01235	0.43769	0.25671	0.00855	0.04630	0.05293	0.04977	0.03134	0.00772	0.01009	0.00593	0.00375	0.00372	0.00119	0.00458	0.00343	0.03032	0.00494
27	0.04778	0.00498	0.00620	0.00570	0.00722	0.01219	0.00429	0.02268	0.00863	0.28123	0.03027	0.38052	0.04511	0.02766	0.00446	0.00134	0.00268	0.01906	0.02189	0.06611
28	0.00789	0.00666	0.00773	0.00559	0.00877	0.00516	0.00444	0.03580	0.00800	0.01238	0.00697	0.00855	0.00593	0.04045	0.00352	0.00071	0.00286	0.00240	0.00227	0.82392
29	0.00877	0.00883	0.07368	0.00921	0.09275	0.07192	0.09599	0.04435	0.02034	0.05026	0.00988	0.07746	0.04452	0.00458	0.01575	0.00102	0.00394	0.00372	0.00243	0.36060
30	0.37507	0.01042	0.02669	0.00737	0.01897	0.17104	0.00596	0.24057	0.03145	0.04453	0.02132	0.00793	0.00580	0.00403	0.00320	0.00112	0.01412	0.00272	0.00276	0.00493
31	0.00658	0.00491	0.00569	0.00524	0.00647	0.00468	0.00388	0.11951	0.00936	0.01272	0.17240	0.19089	0.15965	0.13347	0.00636	0.00156	0.00263	0.03362	0.02368	0.09670
32	0.01048	0.08150	0.09249	0.01225	0.17365	0.16375	0.12740	0.10329	0.04470	0.04209	0.04482	0.01036	0.00753	0.00405	0.00380	0.00111	0.01678	0.02216	0.00237	0.03542

[dist]
# distance from previous block
# <min> <max>
1	8

[block]
# block no. 11 follows, 73 sequences, length 21
# corresponding to MSA columns:
# 433-453
name=unknown_L
#
# <colnr> <probs for GDERKNQSTAVLIFYWHMCP>
#	G	D	E	R	K	N	Q	S	T	A	V	L	I	F	Y	W	H	M	C	P
0	0.00875	0.03920	0.02088	0.02326	0.03008	0.03819	0.01469	0.05364	0.02745	0.05720	0.02579	0.03907	0.01745	0.01816	0.00374	0.00086	0.03579	0.00308	0.02464	0.51809
1	0.29973	0.02309	0.03327	0.00718	0.02775	0.15903	0.03660	0.03958	0.02344	0.02309	0.05026	0.13705	0.02008	0.02060	0.03602	0.01188	0.02360	0.00412	0.00254	0.02109
2	0.04651	0.20539	0.06825	0.03108	0.07285	0.05780	0.14547	0.04192	0.06094	0.10387	0.05125	0.04011	0.01806	0.00434	0.00387	0.00112	0.03597	0.00366	0.00249	0.00504
3	0.00617	0.00546	0.00873	0.54972	0.01843	0.00643	0.00787	0.00801	0.00745	0.00961	0.01261	0.27872	0.05289	0.00654	0.00411	0.00134	0.00396	0.00585	0.00232	0.00377
4	0.05736	0.00473	0.00562	0.00526	0.00634	0.01785	0.00405	0.03542	0.00765	0.09981	0.02495	0.04513	0.00992	0.04224	0.26446	0.03619	0.02607	0.00396	0.29921	0.00378
5	0.04314	0.00449	0.00507	0.00451	0.00596	0.00432	0.00352	0.02674	0.00879	0.21781	0.04339	0.03323	0.01056	0.00470	0.00303	0.00099	0.00220	0.00379	0.56949	0.00427
6	0.01436	0.01036	0.01116	0.00856	0.01156	0.01141	0.00707	0.80213	0.01738	0.05411	0.00922	0.00915	0.00649	0.00451	0.00375	0.00113	0.00409	0.00339	0.00379	0.00638
7	0.00513	0.00354	0.00436	0.00467	0.00481	0.00353	0.00292	0.00549	0.00612	0.00822	0.01478	0.32024	0.01718	0.48805	0.09163	0.00311	0.00372	0.00716	0.00268	0.00265
8	0.01003	0.87041	0.01966	0.00642	0.00963	0.01485	0.00642	0.01123	0.00762	0.00883	0.00522	0.00602	0.00481	0.00321	0.00241	0.00080	0.00401	0.00201	0.00160	0.00481
9	0.89465	0.00726	0.00551	0.00493	0.00726	0.00842	0.00406	0.01103	0.00638	0.01683	0.00522	0.00609	0.00406	0.00348	0.00232	0.00116	0.00290	0.00203	0.00232	0.00406
10	0.01003	0.87041	0.01966	0.00642	0.00963	0.01485	0.00642	0.01123	0.00762	0.00883	0.00522	0.00602	0.00481	0.00321	0.00241	0.00080	0.00401	0.00201	0.00160	0.00481
11	0.01683	0.00638	0.00871	0.00668	0.00958	0.00551	0.00551	0.01828	0.01074	0.84734	0.01480	0.01277	0.00929	0.00464	0.00377	0.00116	0.00319	0.00377	0.00464	0.00638
12	0.01003	0.87041	0.01966	0.00642	0.00963	0.01485	0.00642	0.01123	0.00762	0.00883	0.00522	0.00602	0.00481	0.00321	0.00241	0.00080	0.00401	0.00201	0.00160	0.00481
13	0.00709	0.00667	0.01125	0.85913	0.02584	0.00834	0.01042	0.00959	0.00750	0.00959	0.00667	0.01000	0.00500	0.00375	0.00375	0.00125	0.00500	0.00333	0.00167	0.00417
14	0.00465	0.00356	0.00426	0.00461	0.00533	0.00318	0.00326	0.00560	0.00828	0.01072	0.16738	0.41338	0.33187	0.01022	0.00459	0.00137	0.00200	0.00898	0.00359	0.00318
15	0.00507	0.00385	0.00469	0.00455	0.00556	0.00347	0.00347	0.00658	0.00984	0.01326	0.53797	0.03144	0.29235	0.00841	0.00447	0.00124	0.00191	0.05457	0.00388	0.00342
16	0.00562	0.00403	0.00547	0.00541	0.00587	0.00455	0.00395	0.00657	0.00598	0.00868	0.01054	0.01737	0.01050	0.27685	0.50965	0.00477	0.03986	0.00438	0.06688	0.00307
