[name]
unknown

[dist]
# distance from previous block
# <min> <max>
0	88

[block]
# block no. 0 follows, 71 sequences, length 10
# corresponding to MSA columns:
# 94-103
name=unknown_A
#
# <colnr> <probs for GDERKNQSTAVLIFYWHMCP>
#	G	D	E	R	K	N	Q	S	T	A	V	L	I	F	Y	W	H	M	C	P
0	0.00781	0.00680	0.00995	0.04811	0.10172	0.00707	0.11623	0.03066	0.20469	0.03511	0.09393	0.14595	0.13223	0.00663	0.00457	0.00132	0.03336	0.00593	0.00319	0.00474
1	0.00459	0.00383	0.00400	0.00407	0.00524	0.00324	0.00301	0.00558	0.00872	0.01056	0.07797	0.11347	0.72292	0.00983	0.00456	0.00131	0.00196	0.00829	0.00359	0.00324
2	0.43145	0.00602	0.00537	0.00489	0.00673	0.00663	0.00389	0.01146	0.08461	0.05927	0.03319	0.01156	0.03707	0.00439	0.00282	0.00111	0.00255	0.00319	0.27958	0.00423
3	0.00983	0.00829	0.00878	0.00777	0.00997	0.00950	0.00608	0.09516	0.72326	0.01677	0.05006	0.01444	0.01226	0.00526	0.00392	0.00128	0.00309	0.00436	0.00391	0.00601
4	0.00839	0.00839	0.01174	0.01007	0.01007	0.01174	0.00839	0.00923	0.00587	0.00923	0.00503	0.00839	0.00503	0.00671	0.01258	0.00168	0.85823	0.00336	0.00168	0.00419
5	0.01447	0.01401	0.01123	0.00928	0.01187	0.37518	0.00734	0.47598	0.01492	0.01776	0.00778	0.00821	0.00583	0.00432	0.00367	0.00108	0.00539	0.00303	0.00303	0.00562
6	0.83181	0.00816	0.00600	0.00538	0.00772	0.06659	0.00438	0.01155	0.00682	0.01666	0.00538	0.00628	0.00421	0.00359	0.00245	0.00117	0.00324	0.00210	0.00235	0.00417
7	0.01067	0.00869	0.01020	0.00857	0.01028	0.01044	0.00696	0.24041	0.28262	0.04368	0.03150	0.01138	0.00871	0.00554	0.00655	0.00136	0.26793	0.00382	0.02518	0.00550
8	0.00558	0.00372	0.00418	0.00418	0.00418	0.00372	0.00232	0.00558	0.00558	0.00743	0.01208	0.02509	0.01394	0.86525	0.01952	0.00372	0.00372	0.00558	0.00232	0.00232
9	0.00839	0.00839	0.01174	0.01007	0.01007	0.01174	0.00839	0.00923	0.00587	0.00923	0.00503	0.00839	0.00503	0.00671	0.01258	0.00168	0.85823	0.00336	0.00168	0.00419

[dist]
# distance from previous block
# <min> <max>
0	12

[block]
# block no. 1 follows, 71 sequences, length 12
# corresponding to MSA columns:
# 116-127
name=unknown_B
#
# <colnr> <probs for GDERKNQSTAVLIFYWHMCP>
#	G	D	E	R	K	N	Q	S	T	A	V	L	I	F	Y	W	H	M	C	P
0	0.01574	0.00610	0.00813	0.00635	0.00902	0.00534	0.00521	0.01727	0.01055	0.72370	0.01475	0.01323	0.00954	0.00471	0.00369	0.00114	0.00305	0.00381	0.13259	0.00610
1	0.01025	0.86756	0.02009	0.00656	0.00984	0.01517	0.00656	0.01148	0.00779	0.00902	0.00533	0.00615	0.00492	0.00328	0.00246	0.00082	0.00410	0.00205	0.00164	0.00492
2	0.00807	0.14407	0.72444	0.01029	0.01561	0.00982	0.01305	0.01205	0.00805	0.01169	0.00665	0.00781	0.00487	0.00359	0.00347	0.00116	0.00544	0.00272	0.00162	0.00556
3	0.01639	0.00716	0.00917	0.00706	0.00997	0.00665	0.00582	0.15966	0.01210	0.67199	0.01400	0.01242	0.00898	0.00471	0.00381	0.00117	0.00338	0.00378	0.03535	0.00642
4	0.00478	0.00338	0.00442	0.00520	0.00540	0.00319	0.00341	0.00537	0.00713	0.00951	0.02006	0.76387	0.02401	0.11273	0.00662	0.00181	0.00240	0.01027	0.00341	0.00302
5	0.01720	0.00653	0.00890	0.00682	0.00979	0.00564	0.00564	0.01869	0.01097	0.84399	0.01513	0.01305	0.00949	0.00475	0.00386	0.00119	0.00326	0.00386	0.00475	0.00653
6	0.00534	0.00385	0.00505	0.00488	0.00571	0.00356	0.00361	0.00701	0.01044	0.01472	0.74273	0.12710	0.03490	0.00833	0.00457	0.00125	0.00186	0.00740	0.00414	0.00356
7	0.00794	0.00636	0.00792	0.00710	0.00802	0.02827	0.00554	0.15856	0.00829	0.01150	0.00921	0.01400	0.00867	0.14471	0.37635	0.02952	0.15774	0.00401	0.00234	0.00394
8	0.00560	0.00400	0.00551	0.00640	0.00703	0.00391	0.00517	0.00694	0.00826	0.01083	0.02062	0.35777	0.02333	0.01114	0.00514	0.00169	0.00303	0.50671	0.00354	0.00337
9	0.00470	0.00339	0.00446	0.00526	0.00555	0.00314	0.00354	0.00544	0.00757	0.01009	0.06209	0.78917	0.05798	0.01172	0.00486	0.00153	0.00219	0.01059	0.00359	0.00314
10	0.00795	0.00748	0.01260	0.64883	0.17586	0.00877	0.03624	0.03694	0.00824	0.01085	0.00700	0.01006	0.00536	0.00376	0.00385	0.00125	0.00502	0.00345	0.00182	0.00470
11	0.00670	0.00569	0.00889	0.07853	0.06366	0.00574	0.11394	0.05082	0.05441	0.01217	0.12317	0.39667	0.01943	0.00827	0.00454	0.00140	0.00331	0.03536	0.00320	0.00409

[dist]
# distance from previous block
# <min> <max>
0	1

[block]
# block no. 2 follows, 71 sequences, length 33
# corresponding to MSA columns:
# 129-147,154-165,175,176
name=unknown_C
#
# <colnr> <probs for GDERKNQSTAVLIFYWHMCP>
#	G	D	E	R	K	N	Q	S	T	A	V	L	I	F	Y	W	H	M	C	P
0	0.00549	0.00418	0.00514	0.00566	0.00627	0.00419	0.00394	0.00787	0.14240	0.01104	0.05194	0.65704	0.05886	0.01064	0.00470	0.00149	0.00233	0.00956	0.00364	0.00362
1	0.02280	0.03570	0.02848	0.00643	0.03159	0.00596	0.00514	0.03156	0.02264	0.02468	0.00709	0.00812	0.00580	0.00301	0.00292	0.00065	0.00304	0.00239	0.00233	0.74964
2	0.00964	0.06240	0.30165	0.05939	0.07038	0.00894	0.07694	0.02371	0.19236	0.11501	0.03485	0.01100	0.00809	0.00420	0.00378	0.00121	0.00452	0.00359	0.00266	0.00567
3	0.02169	0.00406	0.00572	0.00573	0.00630	0.00459	0.00426	0.00662	0.00608	0.00877	0.01078	0.04214	0.01071	0.18179	0.64203	0.02030	0.00857	0.00453	0.00215	0.00320
4	0.04559	0.00897	0.02658	0.09378	0.28449	0.02848	0.10763	0.07929	0.06449	0.14305	0.00892	0.01022	0.00670	0.00413	0.00452	0.00123	0.07009	0.00359	0.00262	0.00564
5	0.15079	0.42613	0.01513	0.00762	0.01044	0.11131	0.05808	0.08013	0.03498	0.02154	0.00641	0.00731	0.00533	0.00372	0.00323	0.00101	0.03407	0.00254	0.01533	0.00490
6	0.01602	0.00788	0.00964	0.00741	0.01036	0.00772	0.00612	0.29523	0.01330	0.54030	0.01303	0.01177	0.00849	0.00469	0.00382	0.00117	0.00355	0.00371	0.02938	0.00644
7	0.03714	0.07269	0.13305	0.07388	0.17693	0.03506	0.11482	0.07340	0.06345	0.06125	0.00808	0.00934	0.00617	0.00368	0.00361	0.00110	0.00458	0.00325	0.00234	0.11620
8	0.00481	0.00351	0.00452	0.00508	0.00555	0.00323	0.00350	0.00574	0.00819	0.01097	0.18698	0.60734	0.11457	0.01093	0.00478	0.00146	0.00211	0.00981	0.00369	0.00323
9	0.00596	0.00482	0.00623	0.03417	0.07926	0.00467	0.00460	0.00840	0.08326	0.01360	0.44441	0.05496	0.22565	0.00768	0.00440	0.00124	0.00231	0.00670	0.00373	0.00396
10	0.00724	0.00681	0.01150	0.85604	0.02641	0.00852	0.01065	0.00980	0.00767	0.00980	0.00681	0.01022	0.00511	0.00383	0.00383	0.00128	0.00511	0.00341	0.00170	0.00426
11	0.01196	0.00944	0.01003	0.00829	0.01089	0.01067	0.00665	0.40850	0.44234	0.01994	0.01253	0.01186	0.00921	0.00491	0.00387	0.00123	0.00360	0.00391	0.00387	0.00629
12	0.00724	0.00681	0.01150	0.85604	0.02641	0.00852	0.01065	0.00980	0.00767	0.00980	0.00681	0.01022	0.00511	0.00383	0.00383	0.00128	0.00511	0.00341	0.00170	0.00426
13	0.01076	0.68488	0.01822	0.00745	0.02404	0.13170	0.01711	0.02324	0.02003	0.00958	0.01991	0.00691	0.00560	0.00350	0.00272	0.00087	0.00448	0.00230	0.00180	0.00489
14	0.00839	0.00709	0.03437	0.00590	0.00923	0.00525	0.00490	0.01026	0.01896	0.06324	0.00872	0.00983	0.03464	0.00336	0.00303	0.00068	0.00294	0.01405	0.00249	0.75268
15	0.02242	0.03514	0.19766	0.01048	0.12799	0.04753	0.02200	0.06688	0.04578	0.34311	0.01063	0.01050	0.00731	0.00415	0.00371	0.00115	0.00426	0.00339	0.00319	0.03273
16	0.00768	0.19193	0.06293	0.00819	0.08654	0.00768	0.04488	0.01016	0.07337	0.03609	0.24959	0.11883	0.06382	0.00631	0.00394	0.00118	0.00324	0.01607	0.00304	0.00452
17	0.00525	0.00338	0.00457	0.00512	0.00536	0.00319	0.00344	0.00525	0.00675	0.00890	0.01824	0.54203	0.08551	0.01222	0.00788	0.26628	0.00253	0.00841	0.00299	0.00269
18	0.02617	0.19660	0.37222	0.00958	0.04848	0.04977	0.02217	0.04398	0.00911	0.17507	0.00821	0.00870	0.00590	0.00382	0.00343	0.00111	0.00478	0.00291	0.00237	0.00563
19	0.02167	0.02185	0.15366	0.02033	0.07307	0.04196	0.06740	0.08081	0.27117	0.13774	0.02465	0.01240	0.00900	0.00459	0.00386	0.00122	0.00416	0.02678	0.00316	0.02051
20	0.05623	0.00597	0.00636	0.00548	0.00720	0.00625	0.00438	0.22843	0.01089	0.08887	0.01189	0.02753	0.00930	0.00481	0.00320	0.00104	0.00269	0.03130	0.48353	0.00464
21	0.00992	0.50711	0.01611	0.00764	0.00993	0.03282	0.00693	0.04128	0.08948	0.01042	0.00656	0.00778	0.00577	0.00439	0.00514	0.00109	0.21195	0.00268	0.01812	0.00488
22	0.00586	0.00497	0.00519	0.00498	0.00644	0.00485	0.00377	0.00937	0.21744	0.01210	0.08409	0.05402	0.55571	0.00852	0.00438	0.00130	0.00222	0.00715	0.00369	0.00397
23	0.00531	0.00389	0.00498	0.00476	0.00567	0.00356	0.00355	0.00699	0.01050	0.01465	0.72754	0.06777	0.11010	0.00820	0.00454	0.00123	0.00184	0.00722	0.00413	0.00356
24	0.00537	0.00389	0.00502	0.00478	0.00565	0.00359	0.00354	0.00705	0.01049	0.01474	0.75448	0.05257	0.06999	0.03590	0.00502	0.00130	0.00189	0.00705	0.00411	0.00354
25	0.01025	0.86756	0.02009	0.00656	0.00984	0.01517	0.00656	0.01148	0.00779	0.00902	0.00533	0.00615	0.00492	0.00328	0.00246	0.00082	0.00410	0.00205	0.00164	0.00492
26	0.00543	0.00392	0.00513	0.00482	0.00573	0.00362	0.00362	0.00724	0.01085	0.01538	0.83931	0.02864	0.03618	0.00784	0.00452	0.00121	0.00181	0.00693	0.00422	0.00362
27	0.71286	0.00794	0.00694	0.00594	0.00835	0.00916	0.01838	0.11586	0.03304	0.01774	0.00617	0.00698	0.00474	0.00383	0.00294	0.00120	0.02840	0.00240	0.00258	0.00453
28	0.68315	0.03657	0.00680	0.00546	0.00798	0.00822	0.00454	0.01280	0.00748	0.18613	0.00734	0.00762	0.00527	0.00379	0.00268	0.00117	0.00307	0.00244	0.00283	0.00466
29	0.00769	0.01077	0.25600	0.01275	0.23520	0.00748	0.07951	0.01099	0.05522	0.01323	0.22207	0.01543	0.04712	0.00495	0.00403	0.00121	0.00415	0.00448	0.00259	0.00513
30	0.00565	0.00427	0.00632	0.00625	0.00691	0.00505	0.00488	0.00701	0.00621	0.00908	0.01011	0.01476	0.00940	0.02708	0.78873	0.00581	0.04617	0.00406	0.02878	0.00346
31	0.01014	0.74716	0.06384	0.00709	0.02164	0.02654	0.00699	0.03465	0.00825	0.00986	0.03059	0.00707	0.00592	0.00349	0.00266	0.00087	0.00417	0.00230	0.00179	0.00498
32	0.26965	0.05869	0.08989	0.00669	0.00951	0.03423	0.00602	0.02175	0.00822	0.14666	0.04817	0.00920	0.00715	0.00404	0.00375	0.00106	0.06589	0.00284	0.00266	0.20395

[dist]
# distance from previous block
# <min> <max>
1	2

[block]
# block no. 3 follows, 71 sequences, length 15
# corresponding to MSA columns:
# 179-193
name=unknown_D
#
# <colnr> <probs for GDERKNQSTAVLIFYWHMCP>
#	G	D	E	R	K	N	Q	S	T	A	V	L	I	F	Y	W	H	M	C	P
0	0.03196	0.02341	0.02585	0.06163	0.32575	0.17835	0.07718	0.01141	0.00853	0.01106	0.00802	0.08815	0.00749	0.01948	0.00513	0.00127	0.10438	0.00398	0.00205	0.00494
1	0.00674	0.00588	0.00937	0.50304	0.03904	0.00710	0.00811	0.00852	0.00702	0.00930	0.00846	0.03871	0.00771	0.12564	0.14285	0.02581	0.03698	0.00404	0.00190	0.00380
2	0.00553	0.00389	0.00507	0.00507	0.00538	0.00420	0.00343	0.00615	0.00584	0.00809	0.01127	0.02059	0.01198	0.48950	0.39260	0.00482	0.00666	0.00492	0.00220	0.00282
3	0.01025	0.86756	0.02009	0.00656	0.00984	0.01517	0.00656	0.01148	0.00779	0.00902	0.00533	0.00615	0.00492	0.00328	0.00246	0.00082	0.00410	0.00205	0.00164	0.00492
4	0.00839	0.00839	0.01174	0.01007	0.01007	0.01174	0.00839	0.00923	0.00587	0.00923	0.00503	0.00839	0.00503	0.00671	0.01258	0.00168	0.85823	0.00336	0.00168	0.00419
5	0.00839	0.00839	0.01174	0.01007	0.01007	0.01174	0.00839	0.00923	0.00587	0.00923	0.00503	0.00839	0.00503	0.00671	0.01258	0.00168	0.85823	0.00336	0.00168	0.00419
6	0.00890	0.01006	0.02182	0.01564	0.01935	0.00944	0.79164	0.01199	0.00890	0.01207	0.00794	0.01098	0.00617	0.04060	0.00517	0.00140	0.00635	0.00457	0.00196	0.00505
7	0.00736	0.00694	0.01171	0.81216	0.06936	0.00855	0.01071	0.00990	0.00772	0.00994	0.00684	0.01018	0.00516	0.00381	0.00383	0.00127	0.00508	0.00341	0.00171	0.00435
8	0.38669	0.02767	0.24438	0.00742	0.01064	0.00888	0.00752	0.03593	0.16371	0.01515	0.00808	0.00883	0.00615	0.00525	0.04774	0.00147	0.00419	0.00286	0.00246	0.00499
9	0.00558	0.00372	0.00418	0.00418	0.00418	0.00372	0.00232	0.00558	0.00558	0.00743	0.01208	0.02509	0.01394	0.86525	0.01952	0.00372	0.00372	0.00558	0.00232	0.00232
10	0.01150	0.11587	0.05393	0.00849	0.01095	0.23955	0.03480	0.12535	0.19333	0.05803	0.00977	0.01109	0.00783	0.04758	0.04156	0.00146	0.00501	0.01594	0.00279	0.00518
11	0.00909	0.03087	0.48825	0.00951	0.01374	0.02673	0.01069	0.03000	0.24494	0.06571	0.02654	0.01055	0.00777	0.00426	0.00373	0.00122	0.00466	0.00340	0.00257	0.00577
12	0.00888	0.00750	0.00789	0.00712	0.00901	0.03476	0.00552	0.03275	0.57231	0.03102	0.17095	0.01755	0.04845	0.00630	0.02141	0.00137	0.00306	0.00488	0.00386	0.00541
13	0.00557	0.00374	0.00428	0.00428	0.00432	0.00377	0.00245	0.00564	0.00561	0.00751	0.01199	0.02458	0.01372	0.82238	0.06208	0.00384	0.00405	0.00550	0.00231	0.00238
14	0.16092	0.07235	0.03632	0.00705	0.01013	0.08181	0.00595	0.24187	0.01080	0.01606	0.00706	0.00780	0.00551	0.00361	0.00309	0.00091	0.00379	0.00259	0.00264	0.31975

[dist]
# distance from previous block
# <min> <max>
2	5

[block]
# block no. 4 follows, 71 sequences, length 24
# corresponding to MSA columns:
# 206-229
name=unknown_E
#
# <colnr> <probs for GDERKNQSTAVLIFYWHMCP>
#	G	D	E	R	K	N	Q	S	T	A	V	L	I	F	Y	W	H	M	C	P
0	0.02234	0.03298	0.03408	0.05147	0.25108	0.08404	0.11905	0.08991	0.02082	0.05867	0.07394	0.02461	0.00917	0.00434	0.00396	0.00114	0.01467	0.02617	0.00254	0.07501
1	0.00954	0.00824	0.00867	0.00780	0.00997	0.00954	0.00607	0.02037	0.83441	0.01604	0.01561	0.01431	0.01170	0.00520	0.00390	0.00130	0.00303	0.00433	0.00390	0.00607
2	0.00929	0.00891	0.01521	0.09581	0.77058	0.00906	0.01167	0.01160	0.00864	0.01229	0.00718	0.00955	0.00599	0.00345	0.00380	0.00115	0.00460	0.00342	0.00188	0.00592
3	0.00467	0.00334	0.00445	0.00534	0.00556	0.00311	0.00356	0.00534	0.00734	0.00979	0.02113	0.86275	0.02536	0.01201	0.00489	0.00156	0.00222	0.01090	0.00356	0.00311
4	0.01458	0.01074	0.01151	0.00882	0.01189	0.01189	0.00729	0.82855	0.01803	0.02416	0.00921	0.00921	0.00652	0.00460	0.00384	0.00115	0.00422	0.00345	0.00384	0.00652
5	0.04437	0.01063	0.01131	0.00869	0.01174	0.01178	0.00718	0.80081	0.01764	0.02393	0.00907	0.00910	0.00644	0.00457	0.00379	0.00115	0.00418	0.00341	0.00379	0.00644
6	0.01688	0.00643	0.00873	0.00672	0.00962	0.00557	0.00554	0.01838	0.01088	0.81772	0.01504	0.01309	0.00950	0.00474	0.00382	0.00118	0.00322	0.00385	0.03267	0.00643
7	0.89233	0.00741	0.00564	0.00504	0.00741	0.00860	0.00415	0.01127	0.00653	0.01720	0.00534	0.00623	0.00415	0.00356	0.00237	0.00119	0.00297	0.00208	0.00237	0.00415
8	0.00467	0.00334	0.00445	0.00534	0.00556	0.00311	0.00356	0.00534	0.00734	0.00979	0.02113	0.86275	0.02536	0.01201	0.00489	0.00156	0.00222	0.01090	0.00356	0.00311
9	0.00526	0.00402	0.00483	0.00461	0.00567	0.00365	0.00346	0.00704	0.03096	0.01385	0.57299	0.03081	0.28208	0.00835	0.00451	0.00124	0.00188	0.00722	0.00401	0.00356
10	0.00557	0.00400	0.00581	0.00581	0.00635	0.00455	0.00435	0.00655	0.00600	0.00855	0.01029	0.01626	0.01001	0.14560	0.67960	0.06230	0.00890	0.00426	0.00207	0.00316
11	0.00825	0.00745	0.01228	0.01789	0.56342	0.00743	0.00967	0.01026	0.00863	0.01202	0.01165	0.09514	0.01170	0.00594	0.00426	0.00133	0.00410	0.20097	0.00244	0.00519
12	0.00828	0.00823	0.01154	0.00992	0.00995	0.01149	0.00826	0.00914	0.00588	0.00922	0.00522	0.00863	0.00520	0.00751	0.04305	0.00184	0.82739	0.00338	0.00169	0.00417
13	0.00564	0.00388	0.00458	0.00454	0.00460	0.00404	0.00273	0.00580	0.00564	0.00763	0.01171	0.02365	0.01327	0.75990	0.10039	0.00390	0.02795	0.00537	0.00228	0.00248
14	0.84393	0.00737	0.00582	0.00514	0.00755	0.00844	0.00423	0.01168	0.00677	0.06293	0.00588	0.00661	0.00445	0.00362	0.00245	0.00119	0.00298	0.00217	0.00250	0.00428
15	0.00868	0.00842	0.02551	0.26626	0.47746	0.00866	0.04736	0.02389	0.00850	0.01183	0.00740	0.02681	0.00614	0.00369	0.00381	0.00116	0.00467	0.00354	0.00192	0.05426
16	0.03791	0.15827	0.30311	0.07090	0.01466	0.00936	0.11815	0.01352	0.03634	0.18891	0.00873	0.00942	0.00621	0.00382	0.00359	0.00116	0.00478	0.00321	0.00244	0.00552
17	0.00462	0.00386	0.00403	0.00404	0.00525	0.00327	0.00301	0.00566	0.00887	0.01080	0.11313	0.07655	0.72446	0.00965	0.00455	0.00130	0.00194	0.00812	0.00362	0.00327
18	0.00465	0.00386	0.00406	0.00407	0.00526	0.00328	0.00303	0.00570	0.00893	0.01094	0.13504	0.07530	0.70350	0.00959	0.00455	0.00130	0.00194	0.00809	0.00364	0.00328
19	0.02494	0.00856	0.04703	0.03311	0.14245	0.00811	0.02659	0.19768	0.03521	0.37126	0.02816	0.01191	0.00852	0.00458	0.00404	0.00120	0.02074	0.01613	0.00367	0.00613
20	0.02289	0.02373	0.09395	0.08067	0.03270	0.07177	0.22031	0.07456	0.08953	0.07516	0.02276	0.05311	0.00791	0.00470	0.00492	0.00128	0.09670	0.00409	0.01412	0.00513
21	0.00756	0.00656	0.00933	0.21738	0.10878	0.03027	0.01683	0.03454	0.00869	0.03984	0.15974	0.10879	0.09142	0.00677	0.01807	0.00139	0.12174	0.00530	0.00273	0.00428
22	0.01691	0.00466	0.00576	0.01837	0.00704	0.00475	0.01598	0.00901	0.16841	0.02200	0.08372	0.46506	0.07677	0.02292	0.00477	0.00147	0.00252	0.04005	0.02597	0.00385
23	0.28819	0.07246	0.02196	0.02476	0.09102	0.06949	0.10689	0.09057	0.06281	0.05236	0.00749	0.00846	0.00576	0.00376	0.00336	0.00112	0.01432	0.00295	0.00250	0.06977

[dist]
# distance from previous block
# <min> <max>
2	29

[block]
# block no. 5 follows, 71 sequences, length 31
# corresponding to MSA columns:
# 345-375
name=unknown_F
#
# <colnr> <probs for GDERKNQSTAVLIFYWHMCP>
#	G	D	E	R	K	N	Q	S	T	A	V	L	I	F	Y	W	H	M	C	P
0	0.03224	0.25657	0.13926	0.00890	0.03833	0.05273	0.02655	0.18477	0.02518	0.04850	0.01784	0.00862	0.00617	0.01638	0.00447	0.00114	0.09190	0.00296	0.00239	0.03511
1	0.02964	0.05717	0.23169	0.00952	0.07519	0.04627	0.04194	0.09482	0.01956	0.09111	0.00788	0.00870	0.00590	0.00359	0.00340	0.00098	0.00430	0.00288	0.00242	0.26302
2	0.01003	0.35456	0.07346	0.05634	0.11816	0.08119	0.04278	0.05529	0.09189	0.01160	0.03263	0.00893	0.00684	0.00394	0.00363	0.00106	0.03734	0.00300	0.00214	0.00519
3	0.00566	0.00413	0.00526	0.02565	0.00640	0.00393	0.00385	0.00765	0.04872	0.02642	0.55211	0.15937	0.10824	0.00836	0.00450	0.00127	0.00205	0.00737	0.01539	0.00368
4	0.03399	0.29708	0.28928	0.00867	0.01250	0.03288	0.05286	0.04739	0.04266	0.04418	0.00761	0.03833	0.00623	0.00394	0.00339	0.00106	0.01510	0.00302	0.00209	0.05774
5	0.00577	0.00463	0.00570	0.00572	0.00673	0.00456	0.02820	0.00843	0.14697	0.01151	0.09188	0.33906	0.22235	0.04637	0.00525	0.00152	0.00252	0.05551	0.00357	0.00373
6	0.00468	0.00342	0.00440	0.00515	0.00552	0.00314	0.00349	0.00542	0.00761	0.01002	0.04800	0.74050	0.12132	0.01162	0.00484	0.00152	0.00218	0.01045	0.00358	0.00314
7	0.00593	0.00409	0.00603	0.00598	0.00649	0.00467	0.00455	0.00658	0.00607	0.00869	0.02567	0.01486	0.00951	0.02286	0.56476	0.21402	0.04220	0.02195	0.02203	0.00305
8	0.02125	0.11787	0.17397	0.05279	0.04449	0.09225	0.08312	0.01075	0.00846	0.06646	0.03168	0.20179	0.03102	0.00585	0.00408	0.00122	0.02367	0.00501	0.00248	0.02178
9	0.00930	0.00898	0.01551	0.08872	0.74627	0.00909	0.04245	0.01163	0.00866	0.01230	0.00720	0.00958	0.00599	0.00344	0.00383	0.00116	0.00467	0.00346	0.00188	0.00590
10	0.00512	0.00381	0.00479	0.00511	0.00583	0.00354	0.00374	0.00646	0.02309	0.01177	0.26348	0.34965	0.18221	0.02438	0.00499	0.00146	0.00222	0.09124	0.00374	0.00337
11	0.00548	0.00411	0.00616	0.00616	0.00685	0.00479	0.00479	0.00685	0.00616	0.00890	0.01027	0.01506	0.00959	0.02876	0.85006	0.00616	0.01027	0.00411	0.00205	0.00342
12	0.00985	0.11671	0.25718	0.04949	0.21092	0.00996	0.05059	0.09315	0.08009	0.05874	0.00821	0.00931	0.00622	0.00387	0.00379	0.00116	0.01950	0.00324	0.00229	0.00573
13	0.10335	0.25299	0.19621	0.02970	0.02534	0.09141	0.06725	0.16719	0.01006	0.01378	0.00670	0.00769	0.00522	0.00372	0.00327	0.00107	0.00482	0.00276	0.00219	0.00528
14	0.00551	0.00370	0.00424	0.00430	0.00433	0.00370	0.00246	0.00559	0.00571	0.00763	0.01267	0.08285	0.01464	0.78813	0.03644	0.00362	0.00376	0.00591	0.00240	0.00240
15	0.00489	0.00388	0.00439	0.00429	0.00541	0.00339	0.00321	0.00619	0.00955	0.01234	0.35728	0.05398	0.49957	0.00902	0.00454	0.00127	0.00190	0.00770	0.00382	0.00339
16	0.00769	0.01983	0.84538	0.01093	0.01659	0.00890	0.01417	0.01214	0.00810	0.01214	0.00688	0.00810	0.00486	0.00364	0.00364	0.00121	0.00567	0.00283	0.00162	0.00567
17	0.04689	0.00709	0.00912	0.00701	0.00997	0.00653	0.00579	0.12094	0.01171	0.71185	0.01404	0.01233	0.00893	0.00469	0.00380	0.00118	0.00337	0.00374	0.00455	0.00644
18	0.00482	0.00357	0.00433	0.00479	0.00530	0.00326	0.00324	0.00556	0.00773	0.01006	0.08955	0.48422	0.22385	0.12322	0.00670	0.00175	0.00232	0.00920	0.00345	0.00308
19	0.01025	0.86756	0.02009	0.00656	0.00984	0.01517	0.00656	0.01148	0.00779	0.00902	0.00533	0.00615	0.00492	0.00328	0.00246	0.00082	0.00410	0.00205	0.00164	0.00492
20	0.16078	0.00667	0.00836	0.00653	0.00940	0.00612	0.00539	0.01747	0.01024	0.70834	0.01352	0.01193	0.00862	0.00455	0.00361	0.00119	0.00321	0.00356	0.00436	0.00614
21	0.01021	0.03272	0.00953	0.00832	0.00964	0.39938	0.00649	0.01116	0.00897	0.00958	0.01408	0.01492	0.21800	0.00611	0.00604	0.00124	0.22309	0.00412	0.00230	0.00408
22	0.01025	0.86756	0.02009	0.00656	0.00984	0.01517	0.00656	0.01148	0.00779	0.00902	0.00533	0.00615	0.00492	0.00328	0.00246	0.00082	0.00410	0.00205	0.00164	0.00492
23	0.01417	0.01796	0.01080	0.00981	0.01179	0.82340	0.00737	0.01547	0.03680	0.00959	0.00623	0.00715	0.00515	0.00399	0.00347	0.00100	0.00679	0.00253	0.00204	0.00450
24	0.89233	0.00741	0.00564	0.00504	0.00741	0.00860	0.00415	0.01127	0.00653	0.01720	0.00534	0.00623	0.00415	0.00356	0.00237	0.00119	0.00297	0.00208	0.00237	0.00415
25	0.00467	0.00389	0.00408	0.00403	0.00527	0.00330	0.00303	0.00578	0.00908	0.01116	0.16606	0.03559	0.71206	0.00941	0.00453	0.00128	0.00192	0.00791	0.00367	0.00330
26	0.01380	0.04595	0.03876	0.00926	0.02982	0.23190	0.00749	0.47270	0.01448	0.04725	0.00814	0.00854	0.00603	0.00431	0.00378	0.00109	0.01823	0.00310	0.00310	0.03227
27	0.01004	0.00807	0.02626	0.03676	0.07157	0.08818	0.17003	0.02468	0.00987	0.18325	0.17090	0.04538	0.06272	0.00528	0.00407	0.00118	0.00401	0.00480	0.03469	0.03825
28	0.00587	0.00443	0.00644	0.00622	0.00701	0.00499	0.02211	0.03778	0.00671	0.00947	0.01127	0.03464	0.03030	0.10297	0.68524	0.00543	0.00898	0.00447	0.00221	0.00347
29	0.01000	0.46381	0.07763	0.00686	0.01023	0.01142	0.00661	0.09332	0.01995	0.03213	0.02166	0.00781	0.00609	0.00350	0.00287	0.00085	0.00384	0.00248	0.01580	0.20314
30	0.04473	0.01726	0.03924	0.01872	0.04992	0.05207	0.02646	0.09442	0.17638	0.11628	0.04278	0.01169	0.02935	0.00489	0.02212	0.00116	0.01803	0.00353	0.00308	0.22787

[dist]
# distance from previous block
# <min> <max>
6	19

[block]
# block no. 6 follows, 71 sequences, length 18
# corresponding to MSA columns:
# 395-412
name=unknown_G
#
# <colnr> <probs for GDERKNQSTAVLIFYWHMCP>
#	G	D	E	R	K	N	Q	S	T	A	V	L	I	F	Y	W	H	M	C	P
0	0.38105	0.00847	0.00876	0.14833	0.02808	0.08911	0.03004	0.05869	0.00858	0.13574	0.00755	0.00868	0.00560	0.01660	0.00352	0.00120	0.01538	0.00285	0.00262	0.03914
1	0.00643	0.00511	0.00553	0.00531	0.00647	0.00520	0.00388	0.03638	0.20386	0.01161	0.04753	0.06306	0.30626	0.22362	0.00818	0.00193	0.00282	0.04966	0.00336	0.00381
2	0.05185	0.18123	0.03623	0.00804	0.01082	0.08277	0.00683	0.28584	0.26726	0.01671	0.00989	0.00981	0.00752	0.00439	0.00348	0.00112	0.00404	0.00328	0.00313	0.00575
3	0.00466	0.00351	0.00432	0.00491	0.00546	0.00317	0.00338	0.00546	0.00787	0.01017	0.05834	0.59944	0.25301	0.01121	0.00478	0.00147	0.00213	0.00996	0.00359	0.00317
4	0.21313	0.00788	0.00842	0.00658	0.00946	0.00787	0.00536	0.22434	0.03759	0.12130	0.00857	0.00901	0.00638	0.00479	0.03612	0.00118	0.00358	0.00287	0.00306	0.28251
5	0.10076	0.02450	0.05500	0.00807	0.01106	0.00988	0.00696	0.45383	0.01393	0.22938	0.00997	0.00974	0.00687	0.00454	0.00400	0.00118	0.03716	0.00336	0.00368	0.00613
6	0.00581	0.00476	0.00701	0.23507	0.01177	0.00500	0.02092	0.00749	0.00866	0.01145	0.21173	0.20638	0.12414	0.00818	0.00452	0.00139	0.00312	0.11577	0.00318	0.00365
7	0.00520	0.00391	0.00482	0.00459	0.00559	0.00352	0.00344	0.00681	0.01033	0.01413	0.64086	0.03069	0.23540	0.00830	0.00452	0.00123	0.00184	0.00722	0.00406	0.00352
8	0.34996	0.01014	0.00904	0.00783	0.03734	0.13658	0.00609	0.28639	0.01155	0.09994	0.00775	0.00811	0.00566	0.00408	0.00322	0.00114	0.00406	0.00282	0.00302	0.00529
9	0.08053	0.12597	0.01179	0.32811	0.07863	0.05851	0.00819	0.08766	0.03291	0.02732	0.00750	0.02113	0.00621	0.03870	0.02326	0.01076	0.04273	0.00330	0.00216	0.00466
10	0.00542	0.00398	0.00547	0.00634	0.03861	0.00397	0.00445	0.00644	0.00741	0.00993	0.03054	0.37944	0.04708	0.12018	0.13737	0.00255	0.00401	0.18040	0.00311	0.00328
11	0.01381	0.01748	0.01052	0.00964	0.01152	0.80460	0.00720	0.01478	0.01068	0.00941	0.00674	0.05266	0.00603	0.00438	0.00353	0.00102	0.00666	0.00292	0.00206	0.00437
12	0.05005	0.00697	0.00798	0.00626	0.00885	0.03345	0.00499	0.02541	0.00788	0.03588	0.00793	0.05215	0.00704	0.00634	0.08773	0.00133	0.07259	0.00304	0.00236	0.57174
13	0.03265	0.05760	0.04969	0.09218	0.02707	0.19980	0.01912	0.09442	0.00999	0.15627	0.00904	0.03511	0.00719	0.00455	0.00411	0.00112	0.05564	0.02519	0.02801	0.09126
14	0.03244	0.09753	0.00686	0.00519	0.00590	0.00492	0.00377	0.00632	0.00576	0.00794	0.03108	0.01154	0.00742	0.03746	0.01217	0.64541	0.00333	0.00325	0.00182	0.06990
15	0.01273	0.01554	0.03648	0.00985	0.05550	0.60341	0.00733	0.04984	0.01052	0.01074	0.00718	0.00814	0.02770	0.00394	0.00344	0.00096	0.00594	0.00270	0.00213	0.12591
16	0.05340	0.17924	0.31333	0.00893	0.02420	0.00984	0.04904	0.10131	0.07723	0.04335	0.06150	0.02716	0.02668	0.00438	0.00354	0.00115	0.00440	0.00349	0.00247	0.00535
17	0.00932	0.13806	0.17233	0.02928	0.02175	0.01736	0.00734	0.08330	0.05345	0.05423	0.02014	0.00953	0.02210	0.00382	0.00345	0.00094	0.02295	0.00293	0.03134	0.29639

[dist]
# distance from previous block
# <min> <max>
2	27

[block]
# block no. 7 follows, 71 sequences, length 41
# corresponding to MSA columns:
# 440-477,488-490
name=unknown_H
#
# <colnr> <probs for GDERKNQSTAVLIFYWHMCP>
#	G	D	E	R	K	N	Q	S	T	A	V	L	I	F	Y	W	H	M	C	P
0	0.00639	0.00989	0.31143	0.02691	0.01024	0.00593	0.02255	0.02160	0.00775	0.01091	0.09227	0.14146	0.04635	0.19170	0.07593	0.00220	0.00457	0.00537	0.00246	0.00407
1	0.00965	0.73846	0.01791	0.00646	0.00933	0.02702	0.00621	0.01081	0.00772	0.00906	0.00689	0.05859	0.00686	0.03399	0.02168	0.00110	0.00414	0.01765	0.00183	0.00466
2	0.03107	0.01095	0.20164	0.09588	0.05018	0.05502	0.03626	0.09205	0.05094	0.30206	0.02028	0.01079	0.00749	0.00452	0.01273	0.00125	0.00450	0.00349	0.00313	0.00577
3	0.01894	0.00725	0.01194	0.36326	0.09439	0.03666	0.15135	0.01019	0.00821	0.04034	0.00995	0.13595	0.00899	0.00505	0.00401	0.00127	0.00457	0.01438	0.06884	0.00444
4	0.00566	0.00385	0.00440	0.00435	0.00435	0.00395	0.00250	0.00568	0.00558	0.00749	0.01188	0.02461	0.01368	0.84033	0.01931	0.00366	0.02852	0.00551	0.00230	0.00238
5	0.00754	0.00851	0.17535	0.02508	0.00974	0.04291	0.03699	0.05147	0.04083	0.05940	0.08867	0.30659	0.01653	0.06666	0.01308	0.00155	0.00370	0.02485	0.01627	0.00428
6	0.00852	0.00906	0.10518	0.12762	0.35027	0.01904	0.04731	0.01154	0.07034	0.04196	0.07396	0.05747	0.04113	0.00479	0.00398	0.00123	0.00427	0.01462	0.00244	0.00526
7	0.01691	0.00700	0.00919	0.00705	0.01002	0.00633	0.00582	0.10921	0.01176	0.75235	0.01446	0.01262	0.00916	0.00473	0.00385	0.00118	0.00337	0.00381	0.00464	0.00652
8	0.01446	0.01068	0.01144	0.00880	0.01185	0.01184	0.00726	0.81080	0.03596	0.02399	0.00935	0.00932	0.00663	0.00462	0.00384	0.00115	0.00419	0.00347	0.00384	0.00651
9	0.03063	0.11242	0.14050	0.04751	0.11710	0.04308	0.06383	0.07953	0.05205	0.21331	0.00986	0.04244	0.00747	0.00436	0.00383	0.00117	0.01885	0.00361	0.00284	0.00563
10	0.00566	0.00427	0.00589	0.13860	0.02120	0.00449	0.00470	0.00670	0.01951	0.00931	0.01543	0.34753	0.01745	0.28049	0.02773	0.00230	0.00349	0.07925	0.00282	0.00318
11	0.00765	0.00482	0.00584	0.00559	0.00708	0.00450	0.00451	0.00983	0.07704	0.15312	0.13323	0.03110	0.31500	0.00838	0.00452	0.00137	0.00262	0.20181	0.01785	0.00415
12	0.89233	0.00741	0.00564	0.00504	0.00741	0.00860	0.00415	0.01127	0.00653	0.01720	0.00534	0.00623	0.00415	0.00356	0.00237	0.00119	0.00297	0.00208	0.00237	0.00415
13	0.05254	0.08533	0.31157	0.00995	0.05188	0.04369	0.04075	0.15484	0.11904	0.03530	0.02109	0.01019	0.00709	0.00426	0.00378	0.00119	0.01778	0.02159	0.00254	0.00560
14	0.00836	0.02481	0.37677	0.00880	0.01240	0.00715	0.07892	0.01176	0.05476	0.10738	0.15325	0.01517	0.07819	0.00525	0.00420	0.02138	0.00421	0.00431	0.01785	0.00506
15	0.00554	0.00370	0.00419	0.00423	0.00424	0.00369	0.00237	0.00557	0.00565	0.00753	0.01246	0.06011	0.01442	0.82958	0.01890	0.00363	0.00365	0.00580	0.00237	0.00236
16	0.00739	0.10984	0.05142	0.02562	0.02113	0.00647	0.00523	0.06802	0.02173	0.04702	0.20172	0.20515	0.05511	0.10593	0.00624	0.00155	0.03650	0.01670	0.00317	0.00405
17	0.04674	0.15871	0.08311	0.26252	0.01606	0.11820	0.06090	0.07285	0.02604	0.03625	0.00797	0.04435	0.00666	0.00483	0.02280	0.00127	0.00502	0.01878	0.00218	0.00477
18	0.02111	0.09721	0.09531	0.15932	0.12395	0.02092	0.04833	0.05299	0.02054	0.02085	0.06594	0.21163	0.01238	0.00655	0.02501	0.00138	0.00418	0.00527	0.00253	0.00460
19	0.00490	0.00353	0.00464	0.00514	0.00560	0.00327	0.00356	0.00593	0.00847	0.01153	0.27394	0.58023	0.05369	0.01065	0.00477	0.00144	0.00209	0.00959	0.00376	0.00327
20	0.02135	0.35065	0.08855	0.07654	0.12307	0.09496	0.01595	0.04226	0.05557	0.01111	0.02568	0.00859	0.00635	0.00444	0.02308	0.00117	0.04075	0.00287	0.00200	0.00506
21	0.25321	0.09752	0.00811	0.02707	0.00820	0.01986	0.00513	0.02474	0.02610	0.05275	0.01951	0.02150	0.00789	0.03962	0.33708	0.00321	0.03869	0.00340	0.00234	0.00409
22	0.00751	0.00485	0.00707	0.03940	0.04733	0.00524	0.00532	0.00915	0.03151	0.12960	0.01175	0.06664	0.01066	0.06402	0.52506	0.00441	0.00766	0.01618	0.00260	0.00403
23	0.28815	0.00703	0.00772	0.00640	0.00869	0.00740	0.02540	0.10025	0.07793	0.23878	0.06234	0.01320	0.05209	0.04285	0.01491	0.00138	0.01947	0.00378	0.01716	0.00505
24	0.03825	0.05013	0.06434	0.11831	0.23682	0.12016	0.02462	0.06943	0.10312	0.03755	0.02939	0.04208	0.00794	0.01745	0.00416	0.00122	0.02364	0.00369	0.00244	0.00525
25	0.06132	0.00870	0.01015	0.00806	0.02418	0.02469	0.02469	0.38582	0.01383	0.33620	0.04548	0.01136	0.00874	0.00467	0.00379	0.00117	0.00377	0.00368	0.01353	0.00617
26	0.00666	0.00333	0.00500	0.00500	0.00500	0.00333	0.00333	0.00500	0.00500	0.00666	0.00666	0.01166	0.00666	0.01332	0.01499	0.88844	0.00333	0.00333	0.00167	0.00167
27	0.00471	0.00338	0.00445	0.00529	0.00555	0.00315	0.00355	0.00539	0.00737	0.00978	0.02154	0.80476	0.05293	0.02972	0.00519	0.00160	0.00227	0.02272	0.00353	0.00311
28	0.00786	0.00672	0.00785	0.00565	0.00897	0.00506	0.00451	0.00957	0.00805	0.01259	0.03529	0.00866	0.00672	0.00301	0.00290	0.00059	0.00280	0.00243	0.00234	0.85841
29	0.05831	0.00657	0.00874	0.00674	0.00968	0.00577	0.00557	0.01834	0.01077	0.80515	0.01467	0.01273	0.00924	0.00469	0.00379	0.00119	0.00325	0.00377	0.00463	0.00641
30	0.00782	0.00740	0.01254	0.64229	0.23564	0.00867	0.01094	0.01030	0.00794	0.01050	0.00692	0.01003	0.00536	0.00373	0.00382	0.00124	0.00497	0.00341	0.00175	0.00473
31	0.01208	0.17619	0.15637	0.00902	0.03696	0.02082	0.04562	0.17639	0.09510	0.19990	0.00977	0.00982	0.00702	0.00422	0.00377	0.00114	0.02365	0.00329	0.00302	0.00587
32	0.00557	0.00456	0.01639	0.00575	0.02556	0.00417	0.02262	0.00728	0.06384	0.02683	0.09716	0.34558	0.31560	0.02289	0.00493	0.00142	0.01436	0.00836	0.00352	0.00362
33	0.00560	0.00394	0.00510	0.00484	0.00578	0.00361	0.00362	0.00729	0.01054	0.03361	0.73039	0.07455	0.08042	0.00810	0.00453	0.00123	0.00187	0.00715	0.00416	0.00363
34	0.03227	0.00813	0.10454	0.11289	0.11481	0.00706	0.10385	0.04470	0.00927	0.07479	0.18255	0.10280	0.03259	0.00579	0.00443	0.00128	0.03252	0.01816	0.00286	0.00472
35	0.01034	0.17448	0.27372	0.05787	0.07888	0.02316	0.09198	0.04770	0.03001	0.14356	0.00861	0.00996	0.00645	0.00395	0.00361	0.00115	0.00480	0.02185	0.00238	0.00554
36	0.04451	0.00698	0.00906	0.00697	0.00993	0.00637	0.00576	0.10107	0.01155	0.73430	0.01421	0.01244	0.00902	0.00469	0.00381	0.00118	0.00335	0.00376	0.00458	0.00645
37	0.00523	0.00377	0.00472	0.00485	0.00534	0.00370	0.00333	0.00607	0.00745	0.01006	0.17478	0.19363	0.11929	0.28490	0.14176	0.00287	0.00386	0.01831	0.00306	0.00303
38	0.02301	0.18153	0.10852	0.06159	0.16265	0.05283	0.06459	0.10132	0.01738	0.07275	0.00848	0.06153	0.00722	0.02360	0.00428	0.00121	0.03625	0.00363	0.00236	0.00526
39	0.05200	0.05671	0.06611	0.01350	0.26021	0.09465	0.07767	0.15970	0.01074	0.14315	0.00846	0.00937	0.00630	0.00395	0.00386	0.00115	0.02069	0.00332	0.00268	0.00577
40	0.02297	0.00726	0.01124	0.68928	0.03533	0.01960	0.00987	0.06778	0.00870	0.08043	0.00764	0.01027	0.00557	0.00395	0.00381	0.00125	0.00488	0.00341	0.00212	0.00463

[dist]
# distance from previous block
# <min> <max>
1	9

[block]
# block no. 8 follows, 71 sequences, length 7
# corresponding to MSA columns:
# 503-509
name=unknown_I
#
# <colnr> <probs for GDERKNQSTAVLIFYWHMCP>
#	G	D	E	R	K	N	Q	S	T	A	V	L	I	F	Y	W	H	M	C	P
0	0.04112	0.14356	0.12353	0.01018	0.06563	0.01110	0.09035	0.32579	0.03271	0.01631	0.00782	0.00905	0.00607	0.02450	0.00451	0.00121	0.05757	0.00326	0.00264	0.02310
1	0.64790	0.00828	0.03410	0.00687	0.03255	0.00875	0.05918	0.07987	0.00794	0.03853	0.00624	0.00715	0.00474	0.00362	0.00278	0.00116	0.00343	0.00247	0.00249	0.04196
2	0.00802	0.00817	0.06637	0.46789	0.15726	0.00816	0.07559	0.01053	0.00808	0.03398	0.00776	0.04374	0.00628	0.00397	0.00383	0.00120	0.00481	0.00368	0.00195	0.07873
3	0.00472	0.00385	0.00425	0.00430	0.00540	0.00338	0.00319	0.00580	0.00871	0.01086	0.13988	0.11457	0.60102	0.01094	0.06021	0.00163	0.00250	0.00795	0.00355	0.00329
4	0.00484	0.00361	0.00452	0.00505	0.00566	0.00330	0.00360	0.00579	0.00821	0.01073	0.12565	0.50606	0.22009	0.01085	0.00479	0.00147	0.00220	0.06670	0.00364	0.00323
5	0.00606	0.00591	0.08136	0.03971	0.02474	0.02456	0.00509	0.00784	0.00961	0.03319	0.42401	0.13208	0.15652	0.00793	0.00443	0.00127	0.00262	0.02563	0.00359	0.00384
6	0.00514	0.00359	0.00435	0.00468	0.00492	0.00344	0.00296	0.00562	0.00691	0.00922	0.08650	0.36277	0.06908	0.40014	0.01150	0.00250	0.00285	0.00798	0.00305	0.00280

[dist]
# distance from previous block
# <min> <max>
1	4

[block]
# block no. 9 follows, 71 sequences, length 15
# corresponding to MSA columns:
# 514-528
name=unknown_J
#
# <colnr> <probs for GDERKNQSTAVLIFYWHMCP>
#	G	D	E	R	K	N	Q	S	T	A	V	L	I	F	Y	W	H	M	C	P
0	0.05571	0.02189	0.16971	0.09360	0.05106	0.03487	0.34581	0.04376	0.05754	0.03358	0.02007	0.01108	0.01817	0.00393	0.00403	0.00125	0.00535	0.02118	0.00222	0.00519
1	0.16981	0.00645	0.00674	0.00576	0.00724	0.00689	0.00422	0.22168	0.00943	0.08287	0.01036	0.01654	0.00987	0.41378	0.01103	0.00238	0.00367	0.00425	0.00293	0.00409
2	0.00792	0.00424	0.00514	0.00479	0.00601	0.00393	0.00366	0.00950	0.00923	0.14758	0.24156	0.08760	0.05658	0.02659	0.00414	0.00119	0.00221	0.03816	0.31906	0.02089
3	0.00878	0.00700	0.00848	0.00610	0.00948	0.00546	0.02477	0.03479	0.00848	0.06752	0.00746	0.00838	0.00596	0.00303	0.00298	0.00064	0.00300	0.00247	0.00247	0.78275
4	0.00666	0.00333	0.00500	0.00500	0.00500	0.00333	0.00333	0.00500	0.00500	0.00666	0.00666	0.01166	0.00666	0.01332	0.01499	0.88844	0.00333	0.00333	0.00167	0.00167
5	0.00981	0.00871	0.01436	0.02094	0.71742	0.00866	0.01075	0.03896	0.00917	0.05998	0.00959	0.01129	0.05527	0.00390	0.00384	0.00115	0.00432	0.00372	0.00222	0.00595
6	0.04693	0.39608	0.35965	0.00852	0.01273	0.01198	0.00967	0.09263	0.00888	0.01216	0.00636	0.00726	0.00502	0.00357	0.00308	0.00103	0.00471	0.00251	0.00188	0.00535
7	0.00839	0.00839	0.01174	0.01007	0.01007	0.01174	0.00839	0.00923	0.00587	0.00923	0.00503	0.00839	0.00503	0.00671	0.01258	0.00168	0.85823	0.00336	0.00168	0.00419
8	0.00471	0.00342	0.00451	0.00529	0.00561	0.00322	0.00359	0.00544	0.00736	0.00977	0.02166	0.75863	0.07799	0.01284	0.05453	0.00181	0.00268	0.01032	0.00347	0.00314
9	0.00625	0.00443	0.00595	0.00574	0.00624	0.00497	0.00416	0.02282	0.00634	0.03644	0.01095	0.03459	0.01114	0.33465	0.42870	0.00462	0.06177	0.00471	0.00228	0.00322
10	0.01109	0.16149	0.13373	0.03104	0.01202	0.10028	0.04515	0.08752	0.20403	0.12139	0.01050	0.02908	0.00813	0.00454	0.00363	0.00116	0.00436	0.02245	0.00291	0.00552
11	0.00480	0.00386	0.02280	0.00510	0.00570	0.00332	0.00363	0.00568	0.00785	0.01032	0.08852	0.58763	0.18692	0.03842	0.00523	0.00154	0.00226	0.00968	0.00353	0.00321
12	0.00769	0.01983	0.84538	0.01093	0.01659	0.00890	0.01417	0.01214	0.00810	0.01214	0.00688	0.00810	0.00486	0.00364	0.00364	0.00121	0.00567	0.00283	0.00162	0.00567
13	0.02814	0.03596	0.25313	0.05042	0.22774	0.00935	0.06264	0.08769	0.02362	0.06267	0.02486	0.00955	0.00646	0.00409	0.00455	0.00122	0.08328	0.00335	0.00223	0.01906
14	0.06257	0.04996	0.47349	0.00983	0.02448	0.02642	0.04217	0.07459	0.05563	0.05536	0.00861	0.05889	0.00683	0.00441	0.00393	0.00123	0.03038	0.00349	0.00226	0.00544

[dist]
# distance from previous block
# <min> <max>
2	17

[block]
# block no. 10 follows, 71 sequences, length 10
# corresponding to MSA columns:
# 546-555
name=unknown_K
#
# <colnr> <probs for GDERKNQSTAVLIFYWHMCP>
#	G	D	E	R	K	N	Q	S	T	A	V	L	I	F	Y	W	H	M	C	P
0	0.00872	0.03226	0.16449	0.13339	0.15253	0.02555	0.18931	0.05586	0.04520	0.02717	0.02817	0.04274	0.05009	0.00437	0.00397	0.00122	0.00487	0.00412	0.00227	0.02369
1	0.00698	0.00506	0.00584	0.00509	0.00674	0.00454	0.00385	0.03939	0.05364	0.06929	0.21592	0.04297	0.26369	0.09501	0.00566	0.00138	0.00249	0.00591	0.00347	0.16306
2	0.00603	0.00626	0.09005	0.00906	0.14373	0.00500	0.03340	0.00748	0.00792	0.01082	0.07259	0.42155	0.08546	0.03403	0.03014	0.01859	0.00334	0.00767	0.00297	0.00392
3	0.00551	0.00399	0.00558	0.00558	0.00607	0.00448	0.00407	0.00647	0.00599	0.00847	0.01080	0.01800	0.01086	0.27361	0.60695	0.00545	0.00835	0.00454	0.00213	0.00310
4	0.00710	0.00431	0.00556	0.00503	0.00628	0.00388	0.00385	0.00878	0.01065	0.13940	0.63279	0.02715	0.11514	0.00757	0.00442	0.00121	0.00204	0.00659	0.00423	0.00402
5	0.00473	0.00347	0.00444	0.00508	0.00553	0.00319	0.00348	0.00556	0.00791	0.01046	0.11116	0.65947	0.13892	0.01125	0.00480	0.00148	0.00214	0.01009	0.00363	0.00319
6	0.00548	0.00393	0.00537	0.00541	0.00582	0.00433	0.00384	0.00632	0.00600	0.00841	0.01140	0.05538	0.01185	0.33149	0.51219	0.00508	0.00754	0.00493	0.00222	0.00301
7	0.03291	0.00815	0.05590	0.00852	0.07759	0.00661	0.07005	0.05748	0.03513	0.08489	0.03567	0.00962	0.00721	0.00348	0.00331	0.00085	0.00351	0.00299	0.00260	0.49352
8	0.00936	0.53847	0.29436	0.00808	0.01210	0.01278	0.00907	0.01218	0.05284	0.01044	0.00641	0.00724	0.00527	0.00351	0.00293	0.00098	0.00456	0.00244	0.00176	0.00523
9	0.12467	0.04250	0.15457	0.00997	0.09405	0.08584	0.00832	0.33360	0.03468	0.01733	0.00772	0.00842	0.00578	0.00400	0.00348	0.00111	0.00447	0.00299	0.00275	0.05374

[dist]
# distance from previous block
# <min> <max>
0	4

[block]
# block no. 11 follows, 71 sequences, length 37
# corresponding to MSA columns:
# 561-597
name=unknown_L
#
# <colnr> <probs for GDERKNQSTAVLIFYWHMCP>
#	G	D	E	R	K	N	Q	S	T	A	V	L	I	F	Y	W	H	M	C	P
0	0.24060	0.06834	0.02530	0.03949	0.11379	0.07966	0.01949	0.16185	0.02375	0.15873	0.00829	0.00883	0.00608	0.00406	0.00356	0.00115	0.02577	0.00300	0.00287	0.00539
1	0.06763	0.05885	0.01308	0.04883	0.39835	0.10339	0.00910	0.12124	0.07223	0.05889	0.00815	0.00935	0.00639	0.00386	0.00361	0.00113	0.00448	0.00324	0.00248	0.00571
2	0.00660	0.00336	0.00502	0.00501	0.00505	0.00337	0.00337	0.00510	0.00521	0.00699	0.03472	0.01229	0.00771	0.01341	0.02971	0.84269	0.00340	0.00347	0.00176	0.00176
3	0.00724	0.00681	0.01150	0.85604	0.02641	0.00852	0.01065	0.00980	0.00767	0.00980	0.00681	0.01022	0.00511	0.00383	0.00383	0.00128	0.00511	0.00341	0.00170	0.00426
4	0.00511	0.00391	0.00468	0.00449	0.00553	0.00348	0.00337	0.00662	0.01010	0.01358	0.55297	0.03160	0.32364	0.00851	0.00453	0.00124	0.00186	0.00735	0.00398	0.00348
5	0.01050	0.00990	0.01740	0.10573	0.01774	0.01018	0.44995	0.24032	0.03295	0.02676	0.00828	0.01009	0.00612	0.00386	0.00449	0.00126	0.03243	0.00405	0.00253	0.00546
6	0.01234	0.00630	0.00749	0.00630	0.00850	0.00630	0.00502	0.01675	0.26106	0.38293	0.01461	0.01375	0.01025	0.00481	0.00357	0.00115	0.00282	0.00393	0.22646	0.00564
7	0.00535	0.00392	0.00502	0.00475	0.00568	0.00359	0.00356	0.00709	0.01068	0.01496	0.77331	0.02932	0.10243	0.00799	0.00452	0.00121	0.00182	0.00703	0.00417	0.00359
8	0.00961	0.00797	0.00877	0.00646	0.00974	0.03486	0.00520	0.17188	0.01009	0.02691	0.00738	0.00824	0.00588	0.00325	0.00307	0.00071	0.00326	0.00253	0.00261	0.67159
9	0.00642	0.00651	0.11070	0.02401	0.05097	0.00484	0.01944	0.00848	0.00983	0.04382	0.47603	0.05314	0.11122	0.00703	0.00431	0.00121	0.00272	0.02026	0.00353	0.03550
