[name]
unknown

[dist]
# distance from previous block
# <min> <max>
9	24

[block]
# block no. 0 follows, 73 sequences, length 11
# corresponding to MSA columns:
# 32-42
name=unknown_A
#
# <colnr> <probs for GDERKNQSTAVLIFYWHMCP>
#	G	D	E	R	K	N	Q	S	T	A	V	L	I	F	Y	W	H	M	C	P
0	0.13317	0.02312	0.00794	0.00663	0.00839	0.00775	0.01952	0.29727	0.03318	0.02857	0.03785	0.12532	0.05164	0.13398	0.00631	0.00161	0.02692	0.04316	0.00317	0.00451
1	0.08211	0.06625	0.02747	0.12801	0.01000	0.02339	0.00556	0.03997	0.00813	0.09570	0.10874	0.02790	0.05845	0.14175	0.09643	0.00210	0.03242	0.03892	0.00272	0.00399
2	0.00860	0.00746	0.00962	0.04329	0.17073	0.06834	0.04082	0.14636	0.02610	0.02513	0.03565	0.17255	0.04151	0.03297	0.10990	0.00191	0.02425	0.02750	0.00275	0.00456
3	0.00739	0.00697	0.00857	0.00688	0.00905	0.08193	0.09866	0.00903	0.00879	0.01215	0.21162	0.08113	0.07559	0.00540	0.00399	0.00099	0.03004	0.00469	0.00279	0.33433
4	0.01052	0.58723	0.01680	0.00752	0.01003	0.17144	0.00683	0.01162	0.00792	0.00892	0.00528	0.00647	0.00483	0.00381	0.00401	0.00095	0.12725	0.00227	0.00167	0.00463
5	0.00791	0.00757	0.01282	0.22471	0.43944	0.00784	0.06920	0.01007	0.00837	0.01136	0.03537	0.01390	0.12639	0.00444	0.00390	0.00118	0.00428	0.00417	0.00211	0.00498
6	0.00933	0.00738	0.00825	0.00747	0.00939	0.00820	0.00605	0.19567	0.39405	0.01631	0.07500	0.02083	0.01454	0.00644	0.00418	0.00134	0.00326	0.20332	0.00374	0.00526
7	0.01022	0.00764	0.00954	0.00805	0.01027	0.00821	0.08336	0.11486	0.42983	0.12822	0.01450	0.13479	0.01192	0.00573	0.00400	0.00127	0.00334	0.00501	0.00369	0.00556
8	0.00501	0.00382	0.00459	0.00440	0.00542	0.00341	0.00330	0.00649	0.00990	0.01334	0.56394	0.03082	0.31529	0.00830	0.00443	0.00121	0.00182	0.00718	0.00391	0.00341
9	0.00610	0.12808	0.00688	0.00502	0.00598	0.00565	0.00371	0.00747	0.06696	0.00908	0.01667	0.10919	0.16706	0.31509	0.12870	0.00274	0.00407	0.00567	0.00260	0.00330
10	0.00876	0.00985	0.02061	0.01496	0.01821	0.00977	0.71332	0.01159	0.00841	0.01159	0.00721	0.00985	0.00558	0.00365	0.00556	0.00132	0.12871	0.00426	0.00186	0.00492

[dist]
# distance from previous block
# <min> <max>
1	7

[block]
# block no. 1 follows, 73 sequences, length 62
# corresponding to MSA columns:
# 50-111
name=unknown_B
#
# <colnr> <probs for GDERKNQSTAVLIFYWHMCP>
#	G	D	E	R	K	N	Q	S	T	A	V	L	I	F	Y	W	H	M	C	P
0	0.02368	0.07395	0.35715	0.01896	0.04139	0.02450	0.04874	0.20288	0.04313	0.11728	0.00849	0.00900	0.00603	0.00393	0.00359	0.00114	0.00470	0.00313	0.00259	0.00574
1	0.02839	0.01011	0.01077	0.00840	0.01128	0.01123	0.00690	0.72468	0.09981	0.02253	0.01000	0.00986	0.01909	0.00462	0.00375	0.00114	0.00396	0.00351	0.00373	0.00625
2	0.00811	0.00687	0.00796	0.00574	0.00904	0.00539	0.00460	0.04874	0.02218	0.01283	0.00692	0.00794	0.00570	0.00290	0.00284	0.00059	0.00285	0.00231	0.00232	0.83417
3	0.00471	0.00381	0.00418	0.00409	0.00524	0.00329	0.00307	0.00592	0.00921	0.01169	0.29258	0.03355	0.58768	0.00892	0.00443	0.00124	0.00186	0.00756	0.00369	0.00329
4	0.01301	0.02774	0.01309	0.01076	0.04897	0.32744	0.14016	0.34342	0.01303	0.01559	0.00742	0.00831	0.00564	0.00398	0.00370	0.00108	0.00549	0.00316	0.00265	0.00536
5	0.01001	0.00673	0.00807	0.00597	0.00908	0.00550	0.00481	0.05765	0.02360	0.19144	0.04214	0.00983	0.00770	0.00351	0.00313	0.00075	0.00291	0.00284	0.00293	0.60140
6	0.00817	0.00734	0.01236	0.56720	0.27567	0.00839	0.01055	0.01054	0.00796	0.04593	0.00713	0.00990	0.00547	0.00366	0.00374	0.00120	0.00476	0.00336	0.00185	0.00480
7	0.00816	0.00777	0.01333	0.35003	0.44271	0.00839	0.04253	0.01048	0.00818	0.01123	0.03520	0.03092	0.00700	0.00384	0.00381	0.00119	0.00460	0.00367	0.00190	0.00506
8	0.00747	0.00396	0.00401	0.00384	0.00485	0.00403	0.00292	0.06298	0.00851	0.01462	0.01203	0.01366	0.00940	0.00438	0.00270	0.00089	0.00191	0.00349	0.83068	0.00369
9	0.00709	0.00667	0.01125	0.85913	0.02584	0.00834	0.01042	0.00959	0.00750	0.00959	0.00667	0.01000	0.00500	0.00375	0.00375	0.00125	0.00500	0.00333	0.00167	0.00417
10	0.00707	0.00537	0.00751	0.03463	0.05504	0.00512	0.07844	0.00939	0.09327	0.09746	0.06523	0.16414	0.32579	0.00776	0.00432	0.00130	0.00286	0.02777	0.00338	0.00414
11	0.00464	0.00341	0.00464	0.00535	0.00568	0.00317	0.01815	0.00535	0.00727	0.00965	0.02121	0.81371	0.06077	0.01150	0.00477	0.00151	0.00224	0.01043	0.00345	0.00309
12	0.00454	0.00339	0.00422	0.00489	0.00535	0.00308	0.00333	0.00526	0.00751	0.00971	0.02480	0.66835	0.21950	0.01122	0.00470	0.00146	0.00211	0.01001	0.00348	0.00308
13	0.03419	0.00808	0.00886	0.00756	0.00993	0.00893	0.00604	0.16431	0.50783	0.15191	0.01397	0.01365	0.01034	0.00505	0.00381	0.00124	0.00323	0.03122	0.00389	0.00596
14	0.00876	0.00830	0.01397	0.26718	0.58515	0.00881	0.01109	0.03078	0.00846	0.01175	0.00699	0.00949	0.00568	0.00349	0.00373	0.00115	0.00461	0.00334	0.00185	0.00543
15	0.00451	0.00358	0.00405	0.00441	0.00523	0.00312	0.00313	0.00535	0.00803	0.01000	0.04684	0.37945	0.48828	0.01040	0.00458	0.00137	0.00201	0.00903	0.00350	0.00312
16	0.00920	0.00467	0.00611	0.00560	0.00704	0.00422	0.00424	0.01069	0.03413	0.30819	0.18575	0.30321	0.08538	0.00803	0.00430	0.00130	0.00246	0.00703	0.00404	0.00443
17	0.00607	0.00534	0.02799	0.20810	0.03316	0.00579	0.02016	0.02118	0.00722	0.00993	0.05771	0.19805	0.01270	0.02329	0.30916	0.00305	0.03965	0.00539	0.00237	0.00371
18	0.00457	0.00326	0.00435	0.00522	0.00544	0.00305	0.00348	0.00522	0.00718	0.00958	0.02068	0.86570	0.02481	0.01175	0.00479	0.00152	0.00218	0.01067	0.00348	0.00305
19	0.00461	0.00337	0.00434	0.00508	0.00546	0.00311	0.00347	0.00535	0.00747	0.00982	0.04196	0.72194	0.12683	0.01134	0.00475	0.00149	0.00217	0.03087	0.00350	0.00308
20	0.00836	0.00577	0.00746	0.00669	0.00783	0.01550	0.00524	0.10743	0.04064	0.11262	0.01046	0.02439	0.00924	0.11238	0.41573	0.00383	0.09559	0.00407	0.00262	0.00415
21	0.00871	0.00840	0.02706	0.00828	0.01013	0.07957	0.08975	0.03835	0.34563	0.02179	0.09646	0.04977	0.07580	0.00587	0.00496	0.00129	0.09918	0.02095	0.00317	0.00491
22	0.89465	0.00726	0.00551	0.00493	0.00726	0.00842	0.00406	0.01103	0.00638	0.01683	0.00522	0.00609	0.00406	0.00348	0.00232	0.00116	0.00290	0.00203	0.00232	0.00406
23	0.00769	0.05607	0.77485	0.01074	0.01610	0.00902	0.05084	0.01186	0.00795	0.01175	0.00671	0.00794	0.00480	0.00353	0.00355	0.00117	0.00551	0.00281	0.00160	0.00549
24	0.00918	0.00861	0.04100	0.06877	0.18889	0.00912	0.02833	0.07180	0.38617	0.01428	0.03493	0.01184	0.00914	0.00456	0.00433	0.00122	0.06007	0.00381	0.00292	0.04103
25	0.00545	0.00364	0.00417	0.00418	0.00420	0.00365	0.00238	0.00548	0.00550	0.00735	0.01185	0.03968	0.01361	0.81477	0.04282	0.01743	0.00379	0.00548	0.00228	0.00231
26	0.12869	0.00793	0.00889	0.00669	0.00978	0.04943	0.05542	0.09460	0.02077	0.04183	0.00712	0.00803	0.00562	0.00322	0.00300	0.00079	0.00337	0.00254	0.00246	0.53982
27	0.00986	0.01008	0.15506	0.07443	0.05921	0.02029	0.05822	0.09101	0.29046	0.09453	0.01110	0.01204	0.00837	0.00444	0.00377	0.00119	0.00404	0.03088	0.00298	0.05806
28	0.01070	0.03533	0.02600	0.04001	0.05273	0.25637	0.27617	0.07076	0.10144	0.02154	0.00809	0.00984	0.00642	0.03773	0.00451	0.00123	0.01461	0.00355	0.00228	0.02068
29	0.00765	0.04757	0.79428	0.01072	0.01613	0.00894	0.04002	0.01186	0.00794	0.01178	0.00671	0.00793	0.00479	0.00354	0.00355	0.00118	0.00552	0.00280	0.00160	0.00550
30	0.01653	0.00687	0.00901	0.00691	0.00982	0.00624	0.00570	0.11415	0.01155	0.75033	0.01412	0.01233	0.00894	0.00463	0.00377	0.00116	0.00330	0.00373	0.00454	0.00638
31	0.00933	0.00806	0.00848	0.00764	0.00976	0.00933	0.00594	0.01994	0.83797	0.01569	0.01527	0.01400	0.01145	0.00509	0.00382	0.00127	0.00297	0.00424	0.00382	0.00594
32	0.04574	0.08151	0.08347	0.00782	0.02205	0.02086	0.00669	0.06593	0.43871	0.16791	0.01257	0.01179	0.00915	0.00458	0.00360	0.00119	0.00346	0.00366	0.00347	0.00582
33	0.00492	0.00335	0.00448	0.00527	0.00556	0.00312	0.00354	0.00560	0.00729	0.03374	0.02051	0.84110	0.02437	0.01155	0.00476	0.00151	0.00221	0.01047	0.00352	0.00314
34	0.00546	0.00364	0.00409	0.00409	0.00409	0.00364	0.00227	0.00546	0.00546	0.00727	0.01182	0.02455	0.01364	0.86815	0.01910	0.00364	0.00364	0.00546	0.00227	0.00227
35	0.00542	0.00364	0.00408	0.00408	0.00413	0.00362	0.00230	0.00545	0.00558	0.00739	0.01285	0.02501	0.04623	0.83442	0.01852	0.00354	0.00357	0.00555	0.00232	0.00231
36	0.49560	0.00876	0.00793	0.00652	0.00911	0.04314	0.00535	0.29752	0.01076	0.07317	0.00719	0.00757	0.00524	0.00393	0.00296	0.00114	0.00350	0.00263	0.00296	0.00503
37	0.00539	0.00420	0.00454	0.00436	0.00567	0.00377	0.00330	0.00721	0.06873	0.04089	0.19127	0.03213	0.59775	0.00866	0.00436	0.00125	0.00200	0.00729	0.00367	0.00355
38	0.01239	0.00951	0.01013	0.00814	0.01081	0.01061	0.00660	0.55556	0.26328	0.02072	0.01205	0.01159	0.04138	0.00488	0.00380	0.00118	0.00369	0.00382	0.00376	0.00612
39	0.00929	0.00891	0.01523	0.02303	0.84475	0.00891	0.01151	0.01151	0.00854	0.01226	0.00706	0.00929	0.00594	0.00334	0.00371	0.00111	0.00446	0.00334	0.00186	0.00594
40	0.00457	0.00326	0.00435	0.00522	0.00544	0.00305	0.00348	0.00522	0.00718	0.00958	0.02068	0.86570	0.02481	0.01175	0.00479	0.00152	0.00218	0.01067	0.00348	0.00305
41	0.00546	0.00364	0.00409	0.00409	0.00409	0.00364	0.00227	0.00546	0.00546	0.00727	0.01182	0.02455	0.01364	0.86815	0.01910	0.00364	0.00364	0.00546	0.00227	0.00227
42	0.00881	0.00998	0.02157	0.01541	0.01919	0.00931	0.79865	0.01192	0.00881	0.01203	0.00755	0.01003	0.00569	0.00315	0.00436	0.00124	0.00619	0.00434	0.00191	0.03986
43	0.01059	0.01187	0.01116	0.00973	0.01057	0.32214	0.00781	0.04416	0.00803	0.00967	0.00541	0.00771	0.00495	0.00549	0.00867	0.00137	0.51158	0.00297	0.00183	0.00429
44	0.00895	0.00858	0.01447	0.05459	0.63401	0.00837	0.06707	0.01117	0.00841	0.01213	0.00702	0.00916	0.00583	0.00327	0.00363	0.00105	0.00437	0.00326	0.00190	0.13277
45	0.01088	0.68872	0.01774	0.00711	0.01005	0.19348	0.00660	0.01203	0.00826	0.00890	0.00534	0.00618	0.00482	0.00335	0.00262	0.00084	0.00460	0.00209	0.00167	0.00472
46	0.01163	0.15555	0.05125	0.00713	0.01011	0.03026	0.02140	0.15402	0.05740	0.22317	0.05331	0.02202	0.00861	0.00420	0.00339	0.00099	0.00358	0.00331	0.00315	0.17552
47	0.04674	0.00939	0.01041	0.00800	0.01096	0.01001	0.00661	0.60346	0.01550	0.21130	0.01016	0.00974	0.00695	0.00447	0.00369	0.00113	0.00385	0.00340	0.00388	0.02036
48	0.00457	0.00326	0.00435	0.00522	0.00544	0.00305	0.00348	0.00522	0.00718	0.00958	0.02068	0.86570	0.02481	0.01175	0.00479	0.00152	0.00218	0.01067	0.00348	0.00305
49	0.00709	0.00667	0.01125	0.85913	0.02584	0.00834	0.01042	0.00959	0.00750	0.00959	0.00667	0.01000	0.00500	0.00375	0.00375	0.00125	0.00500	0.00333	0.00167	0.00417
50	0.00886	0.01012	0.02214	0.01581	0.01961	0.00949	0.83112	0.01202	0.00886	0.01202	0.00759	0.01012	0.00569	0.00316	0.00443	0.00127	0.00633	0.00443	0.00190	0.00506
51	0.00766	0.00468	0.00618	0.00635	0.00753	0.00451	0.00526	0.03669	0.01762	0.13871	0.03817	0.13404	0.08560	0.03699	0.00523	0.00160	0.00312	0.45248	0.00363	0.00392
52	0.00534	0.00385	0.00506	0.00481	0.00569	0.00357	0.00364	0.00711	0.01054	0.01489	0.80985	0.02860	0.03485	0.00778	0.00446	0.00120	0.00184	0.03930	0.00410	0.00354
53	0.00574	0.00459	0.00676	0.00655	0.00712	0.00561	0.00516	0.00700	0.00601	0.00877	0.00955	0.03128	0.00907	0.02477	0.71758	0.00532	0.12962	0.00405	0.00199	0.00345
54	0.00462	0.00332	0.00438	0.00514	0.00544	0.00309	0.00347	0.00536	0.00747	0.00998	0.07917	0.77986	0.05200	0.01139	0.00475	0.00149	0.00214	0.01030	0.00353	0.00309
55	0.01015	0.00531	0.00669	0.00567	0.00754	0.00491	0.00448	0.02465	0.08693	0.33698	0.31919	0.02168	0.13700	0.00647	0.00411	0.00119	0.00249	0.00549	0.00420	0.00485
56	0.00447	0.00375	0.00389	0.00396	0.00512	0.00317	0.00293	0.00542	0.00848	0.01022	0.05867	0.11582	0.74194	0.00967	0.00447	0.00129	0.00192	0.00815	0.00350	0.00317
57	0.00929	0.00891	0.01523	0.02303	0.84475	0.00891	0.01151	0.01151	0.00854	0.01226	0.00706	0.00929	0.00594	0.00334	0.00371	0.00111	0.00446	0.00334	0.00186	0.00594
58	0.00772	0.01914	0.83121	0.01061	0.01610	0.00865	0.01369	0.01201	0.00798	0.02929	0.00690	0.00802	0.00485	0.00359	0.00357	0.00119	0.00550	0.00279	0.00165	0.00556
59	0.00457	0.00326	0.00435	0.00522	0.00544	0.00305	0.00348	0.00522	0.00718	0.00958	0.02068	0.86570	0.02481	0.01175	0.00479	0.00152	0.00218	0.01067	0.00348	0.00305
60	0.01456	0.00790	0.00932	0.00724	0.00996	0.00799	0.00595	0.37556	0.01357	0.39373	0.04459	0.01180	0.00906	0.00468	0.00371	0.00113	0.00345	0.00370	0.06604	0.00607
61	0.18745	0.03576	0.00973	0.05909	0.08498	0.11606	0.00657	0.15250	0.07547	0.07978	0.03491	0.00929	0.00698	0.00413	0.00371	0.00110	0.04339	0.00304	0.00273	0.08333

[dist]
# distance from previous block
# <min> <max>
0	1

[block]
# block no. 2 follows, 73 sequences, length 17
# corresponding to MSA columns:
# 113-129
name=unknown_C
#
# <colnr> <probs for GDERKNQSTAVLIFYWHMCP>
#	G	D	E	R	K	N	Q	S	T	A	V	L	I	F	Y	W	H	M	C	P
0	0.00934	0.01856	0.01883	0.00697	0.00904	0.02250	0.00557	0.22222	0.35045	0.01601	0.04726	0.03461	0.15497	0.02022	0.02003	0.00135	0.00326	0.01624	0.01737	0.00520
1	0.01601	0.00820	0.00946	0.00736	0.01022	0.06698	0.00603	0.21482	0.01240	0.58890	0.01276	0.01144	0.00827	0.00455	0.00374	0.00114	0.00367	0.00358	0.00424	0.00624
2	0.00889	0.12413	0.44675	0.01129	0.01573	0.08527	0.21507	0.02898	0.00856	0.01153	0.00672	0.00815	0.00503	0.00347	0.00362	0.00114	0.00563	0.00307	0.00174	0.00524
3	0.00970	0.81971	0.01873	0.00627	0.00936	0.01416	0.00621	0.01089	0.00768	0.00890	0.00713	0.00778	0.05386	0.00358	0.00253	0.00083	0.00389	0.00235	0.00171	0.00472
4	0.00504	0.00382	0.00465	0.00444	0.00544	0.00343	0.00333	0.00656	0.00999	0.01355	0.59774	0.03049	0.28136	0.00823	0.00443	0.00121	0.00181	0.00713	0.00393	0.00343
5	0.00455	0.00367	0.00395	0.00414	0.00507	0.00318	0.00294	0.00536	0.00800	0.00978	0.03205	0.21602	0.59566	0.08154	0.00573	0.00152	0.00211	0.00831	0.00338	0.00307
6	0.00598	0.00428	0.00596	0.00673	0.00759	0.00425	0.00584	0.00772	0.00880	0.01155	0.08843	0.04113	0.02274	0.01014	0.00512	0.00168	0.00331	0.75178	0.00351	0.00346
7	0.00773	0.00478	0.00600	0.00527	0.00667	0.00449	0.00409	0.07801	0.01107	0.14070	0.58780	0.02473	0.08949	0.00709	0.00427	0.00118	0.00219	0.00613	0.00413	0.00418
8	0.00933	0.00806	0.00848	0.00764	0.00976	0.00933	0.00594	0.01994	0.83797	0.01569	0.01527	0.01400	0.01145	0.00509	0.00382	0.00127	0.00297	0.00424	0.00382	0.00594
9	0.01420	0.01018	0.01157	0.00882	0.01185	0.01107	0.04544	0.73239	0.01671	0.08543	0.00938	0.00934	0.00657	0.00445	0.00379	0.00114	0.00416	0.00346	0.00373	0.00632
10	0.01267	0.00956	0.01020	0.00807	0.01079	0.01056	0.00658	0.63594	0.14491	0.02127	0.01242	0.01206	0.07753	0.00502	0.00382	0.00116	0.00376	0.00389	0.00374	0.00604
11	0.00457	0.00374	0.00404	0.00411	0.00519	0.00320	0.00303	0.00560	0.00866	0.01075	0.14833	0.14279	0.62386	0.00954	0.00448	0.00129	0.00192	0.00812	0.00357	0.00320
12	0.00638	0.00484	0.00619	0.00669	0.00779	0.00497	0.00569	0.00940	0.13643	0.01180	0.02106	0.03730	0.10641	0.00946	0.00489	0.00161	0.00322	0.60854	0.00351	0.00381
13	0.00913	0.00876	0.01495	0.08220	0.78679	0.00887	0.01144	0.01138	0.00847	0.01207	0.00703	0.00934	0.00588	0.00337	0.00372	0.00112	0.00450	0.00334	0.00184	0.00582
14	0.01003	0.87041	0.01966	0.00642	0.00963	0.01485	0.00642	0.01123	0.00762	0.00883	0.00522	0.00602	0.00481	0.00321	0.00241	0.00080	0.00401	0.00201	0.00160	0.00481
15	0.03292	0.00557	0.00633	0.00616	0.00759	0.00590	0.00491	0.01172	0.30817	0.01357	0.18283	0.02717	0.15941	0.00758	0.00433	0.00136	0.00267	0.20379	0.00369	0.00434
16	0.14861	0.00967	0.01487	0.01120	0.01424	0.07927	0.40306	0.07831	0.08280	0.08222	0.00859	0.00980	0.00634	0.00370	0.00380	0.00119	0.00497	0.00371	0.02857	0.00509

[dist]
# distance from previous block
# <min> <max>
3	18

[block]
# block no. 3 follows, 73 sequences, length 61
# corresponding to MSA columns:
# 148-208
name=unknown_D
#
# <colnr> <probs for GDERKNQSTAVLIFYWHMCP>
#	G	D	E	R	K	N	Q	S	T	A	V	L	I	F	Y	W	H	M	C	P
0	0.02078	0.00668	0.01116	0.84595	0.02555	0.00834	0.01032	0.00961	0.00748	0.00970	0.00665	0.00994	0.00499	0.00375	0.00373	0.00125	0.00497	0.00331	0.00168	0.00417
1	0.04953	0.00754	0.00913	0.00716	0.00997	0.00745	0.00587	0.20175	0.10887	0.53202	0.01318	0.01181	0.00868	0.00462	0.00372	0.00117	0.00337	0.00367	0.00426	0.00624
2	0.00457	0.00326	0.00435	0.00522	0.00544	0.00305	0.00348	0.00522	0.00718	0.00958	0.02068	0.86570	0.02481	0.01175	0.00479	0.00152	0.00218	0.01067	0.00348	0.00305
3	0.00947	0.00590	0.00638	0.00556	0.00727	0.00620	0.00440	0.16387	0.15357	0.09482	0.02318	0.01509	0.06385	0.00503	0.00333	0.00106	0.00258	0.01988	0.40385	0.00471
4	0.00730	0.00658	0.01077	0.56350	0.13340	0.00777	0.00935	0.00974	0.02732	0.02233	0.06200	0.03318	0.00811	0.00587	0.06049	0.00156	0.02054	0.00382	0.00201	0.00436
5	0.00492	0.00382	0.00448	0.00431	0.00537	0.00337	0.00323	0.00633	0.00970	0.01287	0.48599	0.03161	0.39354	0.00848	0.00443	0.00122	0.00183	0.00729	0.00384	0.00337
6	0.00490	0.00394	0.00441	0.00462	0.00557	0.00361	0.00333	0.00652	0.06997	0.01066	0.07972	0.31189	0.45773	0.00982	0.00451	0.00135	0.00206	0.00850	0.00355	0.00336
7	0.01003	0.87041	0.01966	0.00642	0.00963	0.01485	0.00642	0.01123	0.00762	0.00883	0.00522	0.00602	0.00481	0.00321	0.00241	0.00080	0.00401	0.00201	0.00160	0.00481
8	0.12911	0.00934	0.17677	0.00703	0.01050	0.00664	0.00678	0.04429	0.00908	0.32012	0.00957	0.00946	0.00660	0.00378	0.00328	0.00101	0.00355	0.00292	0.00305	0.23711
9	0.01236	0.01001	0.01079	0.00867	0.01136	0.04947	0.04388	0.48640	0.29088	0.01980	0.01089	0.01062	0.00797	0.00461	0.00379	0.00117	0.00396	0.00367	0.00361	0.00608
10	0.00855	0.00709	0.00783	0.00742	0.00918	0.01642	0.00597	0.04751	0.54256	0.01450	0.01621	0.02215	0.01418	0.02084	0.00446	0.00144	0.00320	0.24167	0.00366	0.00516
11	0.00890	0.00466	0.00608	0.00530	0.00688	0.00415	0.00417	0.01048	0.01036	0.27975	0.45944	0.02454	0.12101	0.00700	0.00424	0.00120	0.00229	0.03095	0.00420	0.00440
12	0.00817	0.00815	0.01498	0.01113	0.01373	0.01923	0.45567	0.04766	0.02044	0.01148	0.03207	0.01371	0.00846	0.20644	0.00787	0.00175	0.02766	0.00443	0.00218	0.08479
13	0.31608	0.00833	0.00859	0.00687	0.00958	0.00901	0.00566	0.32899	0.04315	0.21473	0.00931	0.00908	0.00646	0.00421	0.00327	0.00115	0.00344	0.00304	0.00347	0.00557
14	0.00857	0.00485	0.00583	0.00513	0.00680	0.00435	0.00400	0.04725	0.01942	0.24441	0.19193	0.07250	0.35481	0.00763	0.00423	0.00123	0.00236	0.00644	0.00395	0.00431
15	0.00752	0.01941	0.84871	0.01069	0.01624	0.00871	0.01386	0.01188	0.00792	0.01188	0.00673	0.00792	0.00475	0.00356	0.00356	0.00119	0.00554	0.00277	0.00158	0.00554
16	0.00716	0.00675	0.01139	0.82991	0.05446	0.00836	0.01046	0.00965	0.00754	0.00968	0.00668	0.00998	0.00503	0.00374	0.00375	0.00125	0.00498	0.00333	0.00167	0.00423
17	0.00513	0.00384	0.00450	0.00484	0.00524	0.02178	0.00323	0.00581	0.00733	0.00965	0.11640	0.39400	0.11147	0.24875	0.02522	0.00212	0.00278	0.02180	0.00316	0.00294
18	0.00509	0.00368	0.00451	0.00488	0.00534	0.00354	0.00341	0.00579	0.00704	0.00918	0.03022	0.27302	0.16394	0.28916	0.05900	0.00245	0.00323	0.12060	0.00301	0.00290
19	0.00909	0.00868	0.01457	0.09657	0.73361	0.00888	0.01116	0.01173	0.04660	0.01218	0.00740	0.00957	0.00611	0.00346	0.00372	0.00113	0.00444	0.00338	0.00193	0.00578
20	0.01253	0.01013	0.01017	0.00839	0.01093	0.12857	0.03185	0.29215	0.32111	0.11657	0.01154	0.01103	0.00838	0.00461	0.00375	0.00117	0.00402	0.00364	0.00357	0.00589
21	0.05637	0.00647	0.00842	0.00656	0.00926	0.00591	0.00540	0.05318	0.01059	0.70915	0.01378	0.01228	0.00886	0.00460	0.00379	0.00115	0.01880	0.00365	0.05571	0.00607
22	0.00462	0.00376	0.00410	0.00419	0.00527	0.00324	0.00312	0.00567	0.00868	0.01077	0.14449	0.13150	0.61251	0.00954	0.00450	0.00130	0.00196	0.03399	0.00357	0.00321
23	0.00525	0.00383	0.00493	0.00465	0.00557	0.00351	0.00349	0.00696	0.01047	0.01469	0.78424	0.02861	0.09415	0.00780	0.00443	0.00119	0.00178	0.00687	0.00408	0.00351
24	0.01095	0.68307	0.01781	0.00693	0.01007	0.03397	0.00658	0.17101	0.00964	0.01172	0.00597	0.00662	0.00512	0.00348	0.00269	0.00087	0.00410	0.00228	0.00203	0.00511
25	0.00857	0.00815	0.01371	0.26900	0.56460	0.00856	0.01087	0.01085	0.00820	0.01147	0.00692	0.00943	0.00565	0.00344	0.00368	0.00113	0.00454	0.00329	0.00182	0.04613
26	0.01185	0.04347	0.01091	0.00917	0.01101	0.46496	0.03437	0.07513	0.11735	0.01121	0.00866	0.00951	0.04441	0.00467	0.00479	0.00113	0.12726	0.00315	0.00233	0.00466
27	0.00845	0.00696	0.00821	0.00606	0.00917	0.00579	0.01846	0.08743	0.04206	0.02594	0.05999	0.00953	0.00781	0.00338	0.00306	0.00070	0.00291	0.00276	0.00258	0.68875
28	0.01310	0.00903	0.00994	0.00777	0.01053	0.00966	0.00636	0.55981	0.07893	0.12744	0.03588	0.01213	0.06218	0.00492	0.00379	0.00113	0.00366	0.00385	0.00381	0.03605
29	0.00494	0.00382	0.00450	0.00433	0.00538	0.00338	0.00325	0.00636	0.00974	0.01296	0.50140	0.03145	0.37807	0.00845	0.00443	0.00122	0.00183	0.00727	0.00386	0.00338
30	0.01441	0.00993	0.01083	0.00832	0.01127	0.01081	0.00687	0.72801	0.01670	0.11325	0.00970	0.00951	0.00676	0.00452	0.00373	0.00113	0.00398	0.00342	0.02051	0.00633
31	0.03637	0.01011	0.01082	0.00836	0.01128	0.01117	0.00689	0.75171	0.03890	0.04526	0.00930	0.00927	0.00660	0.00449	0.00370	0.00113	0.00399	0.00338	0.02102	0.00625
32	0.01672	0.00657	0.00882	0.00676	0.00967	0.00579	0.00559	0.05487	0.01105	0.81032	0.01454	0.01260	0.00916	0.00464	0.00377	0.00116	0.00323	0.00376	0.00460	0.00638
33	0.05753	0.00680	0.00879	0.00677	0.00965	0.00620	0.00559	0.09121	0.01116	0.73448	0.01383	0.01212	0.00878	0.00458	0.00370	0.00116	0.00326	0.00366	0.00446	0.00628
34	0.00457	0.00328	0.00434	0.00518	0.00543	0.00305	0.00346	0.00523	0.00723	0.00960	0.02123	0.83922	0.05094	0.01168	0.00478	0.00152	0.00217	0.01058	0.00348	0.00305
35	0.00581	0.00413	0.00503	0.00471	0.00580	0.00385	0.00356	0.00790	0.05598	0.04067	0.57986	0.02769	0.18671	0.00764	0.00429	0.00119	0.00191	0.00662	0.04297	0.00369
36	0.01375	0.00998	0.01077	0.00840	0.01129	0.01102	0.00689	0.68528	0.12358	0.06481	0.01012	0.00985	0.00719	0.00459	0.00376	0.00115	0.00393	0.00351	0.00381	0.00632
37	0.01436	0.00928	0.01031	0.00797	0.01083	0.00995	0.00656	0.61076	0.03051	0.19277	0.01047	0.01011	0.00722	0.00454	0.00370	0.00112	0.00380	0.00348	0.04602	0.00624
38	0.00532	0.00400	0.00593	0.00595	0.00663	0.00461	0.00461	0.00663	0.00613	0.00877	0.01111	0.03175	0.03532	0.02725	0.81087	0.00580	0.00965	0.00427	0.00208	0.00334
39	0.00941	0.01024	0.01156	0.00995	0.01044	0.18400	0.02725	0.01032	0.00682	0.00913	0.00517	0.00796	0.00492	0.00593	0.01030	0.00149	0.66609	0.00313	0.00171	0.00418
40	0.00462	0.00330	0.00441	0.00528	0.00552	0.00309	0.00357	0.00531	0.00723	0.00963	0.02065	0.83777	0.02470	0.01171	0.00480	0.00153	0.00222	0.03811	0.00348	0.00306
41	0.00525	0.00389	0.00534	0.00555	0.00595	0.00387	0.03417	0.02098	0.00689	0.00929	0.01660	0.52212	0.01931	0.21732	0.09088	0.00245	0.01583	0.00830	0.00297	0.00304
42	0.03050	0.00687	0.00820	0.00596	0.00917	0.00550	0.02995	0.05233	0.00837	0.01294	0.02384	0.00893	0.02573	0.00315	0.00294	0.00065	0.00292	0.00257	0.00236	0.75713
43	0.00622	0.00548	0.03736	0.00528	0.00662	0.03392	0.01195	0.01984	0.02783	0.05199	0.17805	0.07501	0.42208	0.04750	0.00544	0.00137	0.05033	0.00672	0.00337	0.00366
44	0.01621	0.00759	0.00929	0.00717	0.01007	0.03285	0.00590	0.18665	0.01216	0.65108	0.01333	0.01181	0.00855	0.00459	0.00376	0.00115	0.00350	0.00365	0.00438	0.00632
45	0.00847	0.01065	0.19576	0.23532	0.41889	0.00877	0.01154	0.03655	0.00841	0.01184	0.00694	0.00915	0.00545	0.00353	0.00368	0.00116	0.00481	0.00321	0.00181	0.01406
46	0.01002	0.55712	0.11324	0.00736	0.01063	0.02660	0.03343	0.03671	0.06640	0.05789	0.04372	0.00838	0.00695	0.00371	0.00293	0.00094	0.00410	0.00269	0.00212	0.00506
47	0.00630	0.00487	0.00567	0.00527	0.00655	0.00486	0.00401	0.00998	0.20431	0.02946	0.48203	0.02598	0.18139	0.00735	0.00427	0.00122	0.00210	0.00635	0.00394	0.00408
48	0.00539	0.00389	0.00483	0.00456	0.00558	0.00350	0.00343	0.00697	0.01016	0.03357	0.64473	0.02946	0.21400	0.00800	0.00441	0.00120	0.00183	0.00697	0.00400	0.00352
49	0.00871	0.00817	0.01359	0.32805	0.50703	0.00883	0.01091	0.04856	0.00858	0.01180	0.00700	0.00953	0.00562	0.00355	0.00373	0.00116	0.00464	0.00334	0.00187	0.00531
50	0.00717	0.00675	0.01140	0.82755	0.05677	0.00836	0.01046	0.00966	0.00754	0.00969	0.00668	0.00998	0.00504	0.00374	0.00375	0.00125	0.00498	0.00333	0.00167	0.00423
51	0.00617	0.00339	0.00469	0.00469	0.00471	0.00341	0.00301	0.00511	0.00509	0.00680	0.00818	0.01537	0.00869	0.26466	0.04098	0.60386	0.00357	0.00393	0.00183	0.00187
52	0.06282	0.00805	0.01118	0.00870	0.01136	0.04634	0.17834	0.09375	0.11977	0.29359	0.11480	0.01325	0.01128	0.00465	0.00389	0.00119	0.00388	0.00415	0.00355	0.00547
53	0.02635	0.01591	0.01059	0.00930	0.01146	0.64751	0.00712	0.16889	0.03286	0.02602	0.00678	0.00746	0.00535	0.00402	0.00346	0.00101	0.00606	0.00266	0.00237	0.00480
54	0.00752	0.01941	0.84871	0.01069	0.01624	0.00871	0.01386	0.01188	0.00792	0.01188	0.00673	0.00792	0.00475	0.00356	0.00356	0.00119	0.00554	0.00277	0.00158	0.00554
55	0.01124	0.00665	0.00786	0.00670	0.00888	0.00684	0.00530	0.01683	0.38198	0.31514	0.14248	0.01653	0.04575	0.00549	0.00392	0.00122	0.00283	0.00460	0.00415	0.00563
56	0.00872	0.00939	0.01863	0.01369	0.01683	0.03586	0.64044	0.02926	0.02400	0.02205	0.00910	0.08838	0.00785	0.03678	0.00509	0.00137	0.02069	0.00491	0.00216	0.00479
57	0.00770	0.05815	0.78121	0.01039	0.01571	0.00902	0.01324	0.01213	0.03692	0.01187	0.00696	0.00805	0.00499	0.00360	0.00352	0.00117	0.00538	0.00279	0.00166	0.00552
58	0.03216	0.00669	0.00869	0.00680	0.00961	0.00613	0.00558	0.03994	0.09811	0.72242	0.01452	0.01268	0.00934	0.00467	0.00375	0.00117	0.00319	0.00378	0.00449	0.00629
59	0.00772	0.00438	0.00550	0.00497	0.00638	0.00386	0.00381	0.00910	0.00981	0.20864	0.36545	0.09586	0.24422	0.00779	0.00430	0.00123	0.00217	0.00670	0.00402	0.00407
60	0.04500	0.03954	0.01044	0.00848	0.02511	0.15572	0.07962	0.21222	0.06321	0.11388	0.09175	0.06199	0.01115	0.00578	0.02537	0.00129	0.00434	0.03687	0.00318	0.00507

[dist]
# distance from previous block
# <min> <max>
0	44

[block]
# block no. 4 follows, 73 sequences, length 34
# corresponding to MSA columns:
# 286-300,303-313,317-324
name=unknown_E
#
# <colnr> <probs for GDERKNQSTAVLIFYWHMCP>
#	G	D	E	R	K	N	Q	S	T	A	V	L	I	F	Y	W	H	M	C	P
0	0.05701	0.01249	0.01124	0.04789	0.03455	0.32374	0.06022	0.30755	0.02334	0.03644	0.02199	0.00861	0.00619	0.00408	0.00357	0.00107	0.00512	0.00307	0.00273	0.02908
1	0.02988	0.03441	0.01038	0.00849	0.03037	0.09590	0.02221	0.30795	0.24865	0.08954	0.01072	0.01091	0.00800	0.00457	0.00382	0.00114	0.02006	0.01720	0.00338	0.04239
2	0.04527	0.01020	0.01026	0.00822	0.01094	0.07495	0.00665	0.52420	0.17777	0.05446	0.01004	0.00984	0.00728	0.00449	0.00366	0.00113	0.00398	0.00341	0.00357	0.02968
3	0.07585	0.00548	0.00649	0.00607	0.00709	0.02222	0.00461	0.03438	0.10978	0.04390	0.04578	0.04034	0.03072	0.16657	0.32935	0.00350	0.05703	0.00444	0.00260	0.00381
4	0.00566	0.00447	0.00563	0.00567	0.00690	0.00419	0.03309	0.01948	0.04206	0.02075	0.02787	0.08410	0.41874	0.00941	0.00468	0.00144	0.00271	0.29619	0.00345	0.00353
5	0.01067	0.00806	0.00883	0.00759	0.00980	0.04513	0.01819	0.13703	0.42083	0.12658	0.01359	0.01406	0.02184	0.00707	0.07759	0.00164	0.00400	0.03594	0.00359	0.02796
6	0.00881	0.00998	0.02154	0.01539	0.01916	0.00930	0.79695	0.01191	0.00881	0.01203	0.00755	0.01002	0.00569	0.00315	0.00436	0.00124	0.00618	0.00434	0.00191	0.04168
7	0.00536	0.00402	0.00603	0.00603	0.00670	0.00469	0.00469	0.00670	0.00603	0.00871	0.01005	0.01474	0.00938	0.02814	0.85328	0.00603	0.01005	0.00402	0.00201	0.00335
8	0.00821	0.00821	0.01149	0.00985	0.00985	0.01149	0.00821	0.00903	0.00575	0.00903	0.00492	0.00821	0.00492	0.00657	0.01231	0.00164	0.86128	0.00328	0.00164	0.00410
9	0.03658	0.00640	0.00863	0.00664	0.00953	0.00558	0.00548	0.01812	0.01064	0.82866	0.01459	0.01262	0.00917	0.00462	0.00374	0.00116	0.00319	0.00373	0.00459	0.00633
10	0.00454	0.00344	0.00420	0.00479	0.00533	0.00309	0.00330	0.00531	0.00766	0.00985	0.04130	0.60258	0.26905	0.01101	0.00468	0.00144	0.00209	0.00977	0.00350	0.00309
11	0.78212	0.00743	0.00610	0.00529	0.00770	0.00847	0.00436	0.06891	0.00742	0.06550	0.00604	0.00669	0.00453	0.00362	0.00251	0.00116	0.00300	0.00223	0.00256	0.00436
12	0.00457	0.00326	0.00435	0.00522	0.00544	0.00305	0.00348	0.00522	0.00718	0.00958	0.02068	0.86570	0.02481	0.01175	0.00479	0.00152	0.00218	0.01067	0.00348	0.00305
13	0.00465	0.00336	0.00441	0.00518	0.00551	0.00312	0.00354	0.00540	0.00746	0.00990	0.05728	0.75334	0.07189	0.01140	0.00477	0.00150	0.00219	0.03851	0.00351	0.00309
14	0.00539	0.00400	0.00591	0.00591	0.00656	0.00463	0.00457	0.00670	0.00604	0.00876	0.01015	0.01507	0.00953	0.05694	0.80797	0.00585	0.00967	0.00406	0.01897	0.00332
15	0.01783	0.00933	0.12291	0.04873	0.02903	0.01698	0.36636	0.02412	0.05132	0.02076	0.01123	0.21153	0.01954	0.00557	0.00447	0.00131	0.02638	0.00554	0.00240	0.00464
16	0.00504	0.00378	0.00478	0.00541	0.00614	0.00352	0.00419	0.00615	0.00807	0.01030	0.02525	0.35024	0.25287	0.01065	0.00482	0.00152	0.00254	0.28805	0.00347	0.00322
17	0.00760	0.00719	0.01218	0.66431	0.21666	0.00847	0.01067	0.01004	0.00774	0.01021	0.00676	0.00984	0.00522	0.00366	0.00374	0.00122	0.00487	0.00334	0.00171	0.00458
18	0.01060	0.02973	0.03219	0.07284	0.18636	0.12336	0.17414	0.09519	0.00998	0.10612	0.01813	0.01342	0.00815	0.00453	0.00397	0.00121	0.00488	0.09749	0.00256	0.00517
19	0.05420	0.01046	0.01253	0.01089	0.04945	0.18338	0.11624	0.02285	0.02196	0.01032	0.00581	0.00822	0.00514	0.00521	0.00828	0.00139	0.46418	0.00321	0.00185	0.00443
20	0.01003	0.87041	0.01966	0.00642	0.00963	0.01485	0.00642	0.01123	0.00762	0.00883	0.00522	0.00602	0.00481	0.00321	0.00241	0.00080	0.00401	0.00201	0.00160	0.00481
21	0.00819	0.00764	0.01268	0.52183	0.31896	0.00869	0.01067	0.04643	0.00832	0.01116	0.00691	0.00970	0.00540	0.00364	0.00374	0.00120	0.00477	0.00334	0.00183	0.00490
22	0.00582	0.00422	0.00575	0.00652	0.00739	0.00414	0.00560	0.00743	0.00859	0.01111	0.03412	0.07874	0.09680	0.01031	0.00508	0.00167	0.00323	0.69660	0.00347	0.00341
23	0.01665	0.00668	0.00889	0.00682	0.00973	0.00596	0.00563	0.07706	0.01124	0.78787	0.01438	0.01250	0.00908	0.00463	0.00377	0.00116	0.00326	0.00374	0.00458	0.00638
24	0.00492	0.00357	0.00467	0.00523	0.00572	0.00336	0.00371	0.00608	0.02167	0.01101	0.19812	0.56802	0.06351	0.01055	0.00471	0.00145	0.00219	0.07463	0.00363	0.00324
25	0.00680	0.00548	0.00624	0.03040	0.00769	0.04229	0.00481	0.03687	0.14363	0.02440	0.27666	0.13922	0.10030	0.00803	0.00441	0.00134	0.00274	0.15106	0.00364	0.00400
26	0.00929	0.00891	0.01523	0.02303	0.84475	0.00891	0.01151	0.01151	0.00854	0.01226	0.00706	0.00929	0.00594	0.00334	0.00371	0.00111	0.00446	0.00334	0.00186	0.00594
27	0.00533	0.00386	0.00520	0.00600	0.00663	0.00372	0.00478	0.00657	0.00804	0.01048	0.02153	0.37394	0.08354	0.01086	0.00497	0.00161	0.00282	0.43338	0.00347	0.00327
28	0.00548	0.00391	0.00471	0.00450	0.00558	0.00347	0.00338	0.00689	0.00972	0.05062	0.47645	0.06709	0.32765	0.00838	0.00441	0.00123	0.00190	0.00723	0.00389	0.00351
29	0.00896	0.00983	0.01982	0.07295	0.04752	0.02349	0.66133	0.02562	0.06760	0.01226	0.00805	0.01028	0.00606	0.00338	0.00429	0.00125	0.00590	0.00425	0.00205	0.00510
30	0.02958	0.01017	0.05629	0.02977	0.01732	0.02919	0.59722	0.06160	0.05171	0.01274	0.00845	0.04755	0.00674	0.00383	0.00438	0.00126	0.02058	0.00441	0.00217	0.00504
31	0.00523	0.00356	0.00450	0.00481	0.00507	0.00361	0.00317	0.00584	0.00635	0.00884	0.01469	0.32247	0.01656	0.34675	0.16513	0.00312	0.00415	0.00691	0.06640	0.00283
32	0.33328	0.00806	0.00810	0.00656	0.00904	0.00881	0.00535	0.34015	0.01162	0.12583	0.04521	0.01007	0.00758	0.04331	0.00394	0.00125	0.00339	0.00319	0.02010	0.00517
33	0.21203	0.08062	0.09747	0.02766	0.03440	0.03360	0.02047	0.09851	0.04235	0.24867	0.02418	0.00951	0.00696	0.00402	0.00327	0.00110	0.00372	0.00304	0.00303	0.04539

[dist]
# distance from previous block
# <min> <max>
1	12

[block]
# block no. 5 follows, 73 sequences, length 19
# corresponding to MSA columns:
# 337-355
name=unknown_F
#
# <colnr> <probs for GDERKNQSTAVLIFYWHMCP>
#	G	D	E	R	K	N	Q	S	T	A	V	L	I	F	Y	W	H	M	C	P
0	0.00484	0.00349	0.00459	0.00508	0.00556	0.00324	0.00357	0.00587	0.00829	0.01124	0.25861	0.55544	0.06355	0.01042	0.00468	0.00142	0.00210	0.04112	0.00367	0.00321
1	0.00903	0.00861	0.01469	0.17324	0.63349	0.00892	0.04779	0.03730	0.00866	0.01213	0.00707	0.00944	0.00578	0.00345	0.00375	0.00115	0.00463	0.00339	0.00188	0.00560
2	0.01412	0.01467	0.01091	0.00921	0.01161	0.48622	0.00720	0.37129	0.01369	0.01549	0.00720	0.00774	0.00551	0.00414	0.00354	0.00104	0.00562	0.00284	0.00273	0.00523
3	0.00966	0.00851	0.01223	0.00890	0.01225	0.02472	0.21860	0.16603	0.01006	0.03708	0.00755	0.00873	0.00583	0.00328	0.00343	0.00087	0.00404	0.00306	0.00249	0.45267
4	0.00867	0.00539	0.00657	0.00621	0.00744	0.04261	0.00479	0.00995	0.02637	0.21652	0.01707	0.26753	0.07448	0.04932	0.07619	0.00186	0.05267	0.09817	0.00339	0.02479
5	0.04605	0.00676	0.00882	0.00678	0.00967	0.00613	0.00560	0.08728	0.01118	0.74943	0.01399	0.01223	0.00886	0.00459	0.00372	0.00116	0.00326	0.00368	0.00449	0.00631
6	0.00677	0.00622	0.00860	0.06915	0.16048	0.04347	0.06438	0.00893	0.06623	0.01152	0.14177	0.14405	0.21155	0.03435	0.00468	0.00132	0.00326	0.00617	0.00296	0.00413
7	0.00562	0.00379	0.00459	0.00456	0.00548	0.00355	0.00350	0.00723	0.00940	0.01352	0.42671	0.04599	0.15141	0.00760	0.00412	0.00119	0.00198	0.09538	0.20094	0.00345
8	0.02754	0.00772	0.12374	0.00930	0.01149	0.00610	0.21170	0.00908	0.00835	0.01141	0.01519	0.13495	0.03322	0.00765	0.00464	0.00149	0.00424	0.36530	0.00279	0.00409
9	0.00467	0.00334	0.00446	0.00530	0.00557	0.00313	0.00362	0.00541	0.00735	0.00981	0.04195	0.80033	0.02492	0.01157	0.00480	0.00153	0.00223	0.05344	0.00350	0.00308
10	0.00497	0.00384	0.00455	0.00443	0.00548	0.00342	0.00336	0.00639	0.00965	0.01279	0.46354	0.03211	0.37755	0.00857	0.00446	0.00124	0.00190	0.04454	0.00382	0.00338
11	0.00768	0.00728	0.01233	0.63258	0.24773	0.00849	0.01072	0.01011	0.00778	0.01031	0.00677	0.00981	0.00526	0.00364	0.00374	0.00121	0.00485	0.00334	0.00172	0.00465
12	0.00496	0.00364	0.00481	0.00513	0.00560	0.00368	0.00362	0.00582	0.00689	0.00929	0.05633	0.34432	0.11208	0.14031	0.27223	0.00319	0.00480	0.00734	0.00288	0.00307
13	0.01074	0.00515	0.00665	0.00563	0.00758	0.00456	0.00451	0.01237	0.02694	0.40982	0.23765	0.02272	0.17864	0.00666	0.00414	0.00122	0.00257	0.04337	0.00421	0.00487
14	0.04692	0.00970	0.00935	0.02772	0.01042	0.21129	0.00623	0.10198	0.04931	0.39401	0.01079	0.01043	0.00745	0.00462	0.00421	0.01443	0.04963	0.00331	0.02271	0.00548
15	0.00929	0.13734	0.11547	0.06600	0.39031	0.00999	0.14459	0.06100	0.00887	0.01220	0.00693	0.00880	0.00557	0.00341	0.00362	0.00111	0.00484	0.00326	0.00190	0.00551
16	0.00521	0.00361	0.00454	0.00491	0.00558	0.00326	0.00345	0.00615	0.00819	0.04802	0.15941	0.51934	0.19381	0.01030	0.00461	0.00140	0.00210	0.00915	0.00364	0.00330
17	0.00919	0.00472	0.00624	0.00581	0.00733	0.00426	0.00464	0.01057	0.00945	0.29844	0.15574	0.15605	0.12591	0.00806	0.00442	0.00135	0.00269	0.17677	0.00398	0.00437
18	0.00858	0.14768	0.32849	0.03209	0.01268	0.10355	0.05838	0.01136	0.03999	0.02751	0.00899	0.05634	0.03510	0.04532	0.02786	0.00140	0.04430	0.00359	0.00201	0.00477

[dist]
# distance from previous block
# <min> <max>
0	1

[block]
# block no. 6 follows, 73 sequences, length 35
# corresponding to MSA columns:
# 357-391
name=unknown_G
#
# <colnr> <probs for GDERKNQSTAVLIFYWHMCP>
#	G	D	E	R	K	N	Q	S	T	A	V	L	I	F	Y	W	H	M	C	P
0	0.01009	0.78259	0.06363	0.00681	0.01008	0.05604	0.00686	0.01145	0.00779	0.00901	0.00533	0.00616	0.00481	0.00326	0.00252	0.00083	0.00423	0.00207	0.00162	0.00483
1	0.03511	0.03189	0.06992	0.00764	0.01091	0.04817	0.09167	0.06967	0.08256	0.04839	0.01388	0.00888	0.00637	0.00340	0.00323	0.00085	0.00370	0.00285	0.00248	0.45843
2	0.06420	0.01153	0.01400	0.01077	0.01370	0.19397	0.26330	0.28862	0.02422	0.06002	0.00801	0.00896	0.00591	0.00392	0.00387	0.00114	0.01232	0.00345	0.00273	0.00537
3	0.00582	0.00438	0.00586	0.00595	0.00661	0.00438	0.03220	0.07816	0.00837	0.01126	0.08329	0.58582	0.03859	0.05268	0.00559	0.00156	0.02766	0.03497	0.00339	0.00345
4	0.00661	0.00580	0.00883	0.31919	0.01419	0.00645	0.07406	0.03017	0.03000	0.01014	0.05843	0.03474	0.13578	0.20530	0.00788	0.00182	0.03956	0.00496	0.00238	0.00370
5	0.02232	0.05119	0.04886	0.15493	0.19394	0.02462	0.05844	0.07316	0.09200	0.06113	0.02649	0.01018	0.00709	0.00462	0.03256	0.00124	0.00437	0.00334	0.00242	0.12711
6	0.00965	0.02790	0.01527	0.03393	0.01458	0.03755	0.36733	0.10774	0.00944	0.04582	0.00746	0.00917	0.00575	0.00361	0.00448	0.00108	0.07573	0.00350	0.00227	0.21774
7	0.00555	0.00389	0.00500	0.00553	0.00599	0.00384	0.00418	0.00646	0.00724	0.00950	0.01755	0.16616	0.04131	0.32337	0.01017	0.00238	0.00328	0.37262	0.00303	0.00295
8	0.00652	0.00560	0.00929	0.02045	0.00958	0.00576	0.17096	0.01609	0.02591	0.01762	0.12827	0.11699	0.03228	0.06492	0.16373	0.00241	0.05356	0.14346	0.00279	0.00380
9	0.03061	0.04921	0.14650	0.01009	0.05593	0.04505	0.20688	0.02918	0.01902	0.03666	0.01390	0.00870	0.00582	0.00327	0.00343	0.00095	0.00444	0.00303	0.00212	0.32523
10	0.00507	0.00397	0.00585	0.00596	0.00662	0.00375	0.06706	0.00603	0.00746	0.00989	0.04231	0.56473	0.10283	0.05404	0.05330	0.00184	0.00304	0.04979	0.00323	0.00323
11	0.00462	0.00332	0.00430	0.00507	0.00533	0.00309	0.00337	0.00525	0.00714	0.00945	0.02106	0.76259	0.07006	0.06914	0.00573	0.00165	0.00226	0.01016	0.00340	0.00300
12	0.00977	0.18127	0.29196	0.00901	0.01245	0.07725	0.06391	0.07602	0.00896	0.08527	0.01592	0.02810	0.00678	0.01897	0.03732	0.00136	0.04745	0.02091	0.00221	0.00509
13	0.44959	0.05183	0.07031	0.03197	0.01014	0.09805	0.04241	0.10905	0.02534	0.01537	0.03908	0.00801	0.00601	0.00390	0.00319	0.00114	0.02492	0.00269	0.00241	0.00458
14	0.00615	0.00338	0.00483	0.00488	0.00495	0.00343	0.00324	0.00515	0.00520	0.00699	0.00840	0.06018	0.00884	0.14467	0.08615	0.63185	0.00384	0.00406	0.00186	0.00195
15	0.00464	0.00330	0.00438	0.00521	0.00543	0.00310	0.00349	0.00529	0.00714	0.00951	0.02027	0.81018	0.02425	0.04953	0.00543	0.00162	0.00227	0.02850	0.00343	0.00302
16	0.06002	0.00836	0.01231	0.34823	0.18660	0.03790	0.06938	0.11474	0.03627	0.04964	0.00758	0.00960	0.00575	0.00389	0.00399	0.00120	0.03390	0.00336	0.00223	0.00503
17	0.02420	0.08863	0.01176	0.00910	0.01029	0.16801	0.00751	0.14215	0.00875	0.01149	0.00595	0.00806	0.00527	0.00612	0.03693	0.00150	0.44466	0.00303	0.00205	0.00455
18	0.00888	0.00850	0.01450	0.17701	0.69393	0.00881	0.01131	0.01116	0.00835	0.01177	0.00699	0.00942	0.00577	0.00342	0.00372	0.00114	0.00456	0.00334	0.00182	0.00562
19	0.05537	0.00924	0.00994	0.00813	0.01007	0.06131	0.00658	0.45137	0.01253	0.02773	0.00828	0.01029	0.00676	0.06998	0.08418	0.00184	0.15482	0.00345	0.00295	0.00517
20	0.00898	0.41405	0.40197	0.00860	0.01277	0.01177	0.00995	0.04370	0.00809	0.01083	0.00606	0.00709	0.00485	0.00354	0.00333	0.00102	0.03408	0.00246	0.00168	0.00519
21	0.00861	0.00585	0.00737	0.00723	0.00870	0.00605	0.00616	0.19984	0.01081	0.06964	0.01704	0.06495	0.01737	0.00868	0.00474	0.00154	0.00354	0.54396	0.00360	0.00431
22	0.00527	0.00383	0.00496	0.00468	0.00558	0.00352	0.00351	0.00701	0.01053	0.01483	0.80722	0.02838	0.07108	0.00775	0.00443	0.00118	0.00178	0.00684	0.00410	0.00352
23	0.02888	0.01421	0.09527	0.01084	0.04030	0.41851	0.17080	0.05638	0.01727	0.06415	0.02992	0.00920	0.01938	0.00396	0.00369	0.00109	0.00580	0.00323	0.00226	0.00486
24	0.00484	0.00351	0.00433	0.00477	0.00514	0.00335	0.00317	0.00543	0.00687	0.00901	0.02036	0.44902	0.15281	0.23116	0.07641	0.00238	0.00314	0.00836	0.00306	0.00289
25	0.00752	0.01941	0.84871	0.01069	0.01624	0.00871	0.01386	0.01188	0.00792	0.01188	0.00673	0.00792	0.00475	0.00356	0.00356	0.00119	0.00554	0.00277	0.00158	0.00554
26	0.01430	0.02495	0.00841	0.00653	0.00908	0.00604	0.00532	0.01712	0.13215	0.60856	0.07586	0.01399	0.01146	0.00489	0.00375	0.00116	0.00301	0.00401	0.04346	0.00595
27	0.02247	0.00598	0.00770	0.00611	0.00859	0.00540	0.00498	0.04095	0.03064	0.62532	0.01491	0.01363	0.03782	0.00476	0.00359	0.00112	0.00293	0.00385	0.15349	0.00576
28	0.00863	0.00824	0.01404	0.27300	0.59992	0.00874	0.01119	0.01094	0.00823	0.01146	0.00694	0.00950	0.00566	0.00346	0.00373	0.00115	0.00462	0.00334	0.00180	0.00541
29	0.01125	0.00620	0.00731	0.00643	0.00831	0.04729	0.00503	0.01393	0.13566	0.37721	0.08883	0.18311	0.04372	0.00675	0.00410	0.00127	0.00298	0.04154	0.00402	0.00508
