[name]
unknown

[dist]
# distance from previous block
# <min> <max>
0	297

[block]
# block no. 0 follows, 70 sequences, length 18
# corresponding to MSA columns:
# 348-365
name=unknown_A
#
# <colnr> <probs for GDERKNQSTAVLIFYWHMCP>
#	G	D	E	R	K	N	Q	S	T	A	V	L	I	F	Y	W	H	M	C	P
0	0.04663	0.25579	0.08169	0.00739	0.01036	0.08609	0.00673	0.14359	0.05147	0.08415	0.04736	0.01143	0.04659	0.01736	0.00362	0.00108	0.00406	0.01535	0.00276	0.07650
1	0.11959	0.06741	0.05274	0.00781	0.02507	0.04482	0.01928	0.22105	0.11284	0.12839	0.03999	0.06707	0.03118	0.00570	0.02385	0.00131	0.00390	0.00406	0.00333	0.02057
2	0.04750	0.00756	0.03487	0.00795	0.06412	0.02204	0.00611	0.07312	0.06638	0.38751	0.06141	0.02751	0.03200	0.00543	0.02479	0.00125	0.00355	0.00396	0.00377	0.11918
3	0.03088	0.00587	0.00765	0.02199	0.06292	0.00575	0.02157	0.06635	0.07579	0.16392	0.08074	0.21325	0.11231	0.00830	0.03635	0.00150	0.00328	0.04269	0.00361	0.03528
4	0.03168	0.00929	0.07493	0.02287	0.04702	0.05298	0.18164	0.12433	0.02771	0.07462	0.13087	0.04073	0.03619	0.00492	0.00401	0.00116	0.00424	0.01526	0.00296	0.11260
5	0.01009	0.00856	0.03083	0.21970	0.37000	0.05190	0.03002	0.01224	0.00895	0.13712	0.00960	0.04558	0.02208	0.00428	0.00389	0.00121	0.00454	0.00388	0.02011	0.00542
6	0.00491	0.00378	0.00449	0.00465	0.00552	0.00336	0.00336	0.00606	0.00909	0.01189	0.28356	0.27504	0.35053	0.00991	0.00469	0.00136	0.00200	0.00864	0.00381	0.00336
7	0.11224	0.02122	0.05509	0.00870	0.06504	0.00851	0.02433	0.26518	0.02368	0.29612	0.02322	0.03958	0.00842	0.00471	0.00372	0.00119	0.00376	0.00376	0.02557	0.00596
8	0.02620	0.19526	0.45610	0.01092	0.06872	0.04577	0.05437	0.03377	0.02925	0.01197	0.00686	0.00809	0.00527	0.00373	0.00372	0.00115	0.02867	0.00287	0.00183	0.00548
9	0.00547	0.00396	0.00523	0.00565	0.00615	0.00397	0.00404	0.00657	0.02261	0.02833	0.10069	0.52816	0.07216	0.03605	0.08337	0.00201	0.03884	0.03989	0.00344	0.00340
10	0.00482	0.00354	0.00439	0.00499	0.00541	0.00325	0.00335	0.00552	0.00761	0.00994	0.05131	0.59298	0.17292	0.10305	0.00646	0.00175	0.00235	0.00979	0.00349	0.00310
11	0.00895	0.00852	0.01451	0.31799	0.44451	0.00921	0.06601	0.04528	0.00880	0.01209	0.00723	0.00988	0.00578	0.00371	0.00407	0.00122	0.02136	0.00353	0.00193	0.00541
12	0.03174	0.18758	0.06803	0.02359	0.01150	0.02878	0.08179	0.08953	0.08265	0.05128	0.03818	0.02835	0.01563	0.01588	0.00609	0.00131	0.21862	0.01199	0.00246	0.00501
13	0.00871	0.14959	0.14580	0.00688	0.01049	0.00782	0.00660	0.02542	0.06243	0.02522	0.00763	0.00853	0.00611	0.00336	0.00304	0.00080	0.00355	0.00258	0.03579	0.47966
14	0.00851	0.40434	0.16702	0.00713	0.01020	0.01041	0.00722	0.03781	0.00827	0.01079	0.03539	0.11066	0.04233	0.00654	0.05879	0.00137	0.00438	0.00388	0.00219	0.06276
15	0.01188	0.56196	0.01694	0.00727	0.01047	0.01365	0.00673	0.21427	0.04518	0.06794	0.00745	0.00779	0.00597	0.00383	0.00299	0.00096	0.00407	0.00264	0.00251	0.00553
16	0.00501	0.00366	0.00472	0.00543	0.00583	0.00345	0.00368	0.00603	0.03310	0.01011	0.02090	0.74945	0.04362	0.04396	0.00542	0.00162	0.00236	0.02263	0.00353	0.02548
17	0.00927	0.26851	0.19560	0.00763	0.01059	0.00959	0.00762	0.02793	0.08902	0.09466	0.08873	0.10310	0.01146	0.00580	0.02087	0.00127	0.03638	0.00421	0.00270	0.00507

[dist]
# distance from previous block
# <min> <max>
4	7

[block]
# block no. 1 follows, 70 sequences, length 29
# corresponding to MSA columns:
# 373-401
name=unknown_B
#
# <colnr> <probs for GDERKNQSTAVLIFYWHMCP>
#	G	D	E	R	K	N	Q	S	T	A	V	L	I	F	Y	W	H	M	C	P
0	0.07199	0.03629	0.20399	0.04196	0.11346	0.04389	0.18814	0.03722	0.04136	0.09195	0.01741	0.07796	0.00797	0.00448	0.00392	0.00124	0.00487	0.00411	0.00246	0.00533
1	0.00918	0.02185	0.22089	0.11559	0.15579	0.08823	0.30797	0.01228	0.00885	0.01182	0.00722	0.00937	0.00551	0.00354	0.00403	0.00123	0.00587	0.00361	0.00185	0.00532
2	0.00545	0.00401	0.00523	0.00605	0.05733	0.00393	0.00371	0.00610	0.00697	0.00934	0.04402	0.32925	0.08538	0.32982	0.08346	0.00273	0.00363	0.00759	0.00292	0.00309
3	0.01555	0.00830	0.09671	0.00881	0.06208	0.00725	0.07364	0.09630	0.17446	0.08907	0.07592	0.11197	0.13433	0.00644	0.00422	0.00130	0.00354	0.02159	0.00340	0.00511
4	0.00880	0.00839	0.01386	0.31592	0.46411	0.02301	0.03155	0.02748	0.00867	0.01180	0.00778	0.02106	0.00654	0.00397	0.00393	0.00123	0.00482	0.02978	0.00196	0.00533
5	0.00843	0.03315	0.52200	0.03066	0.24791	0.00924	0.07000	0.01212	0.00842	0.01229	0.00708	0.00874	0.00533	0.00359	0.00377	0.00121	0.00543	0.00314	0.00174	0.00577
6	0.00943	0.00930	0.01563	0.10791	0.64979	0.03211	0.07391	0.01177	0.00873	0.01219	0.00720	0.00964	0.00596	0.00358	0.00411	0.00119	0.02634	0.00351	0.00190	0.00579
7	0.05635	0.01660	0.03458	0.00810	0.01104	0.06738	0.02037	0.31330	0.07391	0.32515	0.02008	0.01126	0.00823	0.00467	0.00381	0.00119	0.00400	0.00989	0.00391	0.00619
8	0.02726	0.03631	0.01029	0.00793	0.01061	0.02818	0.03761	0.26808	0.17098	0.26011	0.07578	0.02792	0.01097	0.00507	0.00392	0.00121	0.00366	0.00414	0.00397	0.00603
9	0.00573	0.00437	0.00525	0.00516	0.00615	0.00420	0.00380	0.02636	0.08362	0.01350	0.40255	0.20903	0.18717	0.01938	0.00477	0.00135	0.00214	0.00777	0.00393	0.00375
10	0.01007	0.52251	0.19852	0.00929	0.06387	0.05295	0.04012	0.04311	0.00860	0.01076	0.00612	0.00718	0.00513	0.00349	0.00301	0.00098	0.00475	0.00250	0.00178	0.00526
11	0.06011	0.00655	0.00831	0.00694	0.00909	0.02094	0.03676	0.10745	0.01921	0.26229	0.06625	0.03097	0.05534	0.01062	0.18544	0.00228	0.00491	0.04287	0.00347	0.06019
12	0.00949	0.01065	0.03745	0.07197	0.17385	0.07513	0.46521	0.01256	0.04056	0.01207	0.00768	0.01002	0.00598	0.00365	0.00465	0.00127	0.04650	0.00402	0.00200	0.00528
13	0.00476	0.00342	0.00451	0.00533	0.00562	0.00318	0.00358	0.00549	0.00763	0.01018	0.06079	0.79826	0.04911	0.01188	0.00492	0.00155	0.00222	0.01075	0.00363	0.00318
14	0.01065	0.01062	0.01332	0.23907	0.28934	0.16707	0.04271	0.13601	0.01032	0.01304	0.00722	0.00927	0.00570	0.00392	0.00403	0.00118	0.02570	0.00332	0.00218	0.00533
15	0.03715	0.01743	0.08473	0.01182	0.18941	0.02450	0.05258	0.12729	0.11671	0.18939	0.01169	0.03266	0.02994	0.00482	0.00420	0.00124	0.03109	0.02432	0.00317	0.00584
16	0.38489	0.03054	0.16379	0.04007	0.03825	0.00818	0.03266	0.01178	0.05704	0.05763	0.03605	0.01081	0.05022	0.00582	0.05606	0.00153	0.00417	0.00325	0.00250	0.00473
17	0.00915	0.00619	0.00729	0.00663	0.00819	0.00637	0.00508	0.21600	0.08893	0.09999	0.11872	0.32663	0.04208	0.00822	0.00443	0.00136	0.00293	0.03317	0.00391	0.00473
18	0.03471	0.04743	0.16387	0.15857	0.28748	0.02113	0.14183	0.05932	0.02558	0.01279	0.00739	0.00941	0.00573	0.00365	0.00384	0.00120	0.00513	0.00344	0.00200	0.00551
19	0.03790	0.11440	0.24738	0.02454	0.17252	0.02382	0.02120	0.06674	0.02399	0.06499	0.09050	0.04276	0.02450	0.00467	0.00392	0.00118	0.02330	0.00384	0.00249	0.00536
20	0.06376	0.00926	0.03420	0.05999	0.01691	0.00921	0.51351	0.03120	0.00845	0.01216	0.00777	0.01060	0.00618	0.00714	0.11885	0.00199	0.07783	0.00414	0.00201	0.00484
21	0.00491	0.00361	0.00470	0.00524	0.00571	0.00345	0.00364	0.00579	0.00770	0.01026	0.09218	0.54534	0.12919	0.04052	0.11639	0.00219	0.00329	0.00924	0.00342	0.00322
22	0.10825	0.25659	0.35243	0.00973	0.05014	0.03149	0.05299	0.03544	0.03818	0.02180	0.00686	0.00789	0.00531	0.00364	0.00327	0.00111	0.00483	0.00275	0.00195	0.00535
23	0.03970	0.07669	0.02165	0.01521	0.06142	0.05396	0.00624	0.14081	0.12174	0.18270	0.04958	0.07041	0.07164	0.00698	0.05374	0.00150	0.01276	0.00451	0.00342	0.00534
24	0.00752	0.00592	0.00663	0.00612	0.00769	0.00623	0.00468	0.02392	0.35325	0.04075	0.26943	0.07562	0.16198	0.00726	0.00431	0.00130	0.00247	0.00622	0.00399	0.00473
25	0.02416	0.01043	0.13091	0.15464	0.07799	0.02398	0.29298	0.08602	0.02970	0.01302	0.00970	0.01302	0.03562	0.00494	0.02447	0.00141	0.00546	0.05416	0.00226	0.00511
26	0.10874	0.10889	0.19947	0.05722	0.06134	0.09044	0.02297	0.18387	0.01054	0.06756	0.00826	0.04912	0.00659	0.00433	0.00354	0.00116	0.00466	0.00334	0.00255	0.00541
27	0.46535	0.00919	0.00763	0.00655	0.00896	0.11956	0.00527	0.13210	0.06100	0.09063	0.00798	0.00841	0.00593	0.00407	0.00301	0.00116	0.00368	0.00274	0.05188	0.00489
28	0.00599	0.00446	0.00587	0.00675	0.04631	0.00435	0.00479	0.05777	0.00871	0.01152	0.04722	0.45171	0.08978	0.03377	0.00529	0.00161	0.00281	0.20417	0.00352	0.00361

[dist]
# distance from previous block
# <min> <max>
0	3

[block]
# block no. 2 follows, 70 sequences, length 24
# corresponding to MSA columns:
# 409-420,422-433
name=unknown_C
#
# <colnr> <probs for GDERKNQSTAVLIFYWHMCP>
#	G	D	E	R	K	N	Q	S	T	A	V	L	I	F	Y	W	H	M	C	P
0	0.01128	0.02673	0.02034	0.06004	0.03045	0.23128	0.11291	0.11023	0.14366	0.06247	0.01002	0.07425	0.00840	0.01680	0.00475	0.00127	0.06313	0.00409	0.00277	0.00513
1	0.04861	0.18376	0.16085	0.00923	0.06002	0.08999	0.05006	0.10117	0.05480	0.04571	0.05675	0.07492	0.03832	0.00493	0.00364	0.00115	0.00437	0.00399	0.00260	0.00514
2	0.19611	0.00846	0.00889	0.00735	0.00983	0.00942	0.00596	0.26707	0.22366	0.12908	0.01098	0.01077	0.00797	0.00468	0.00386	0.00122	0.03531	0.00349	0.05016	0.00573
3	0.00928	0.00881	0.01538	0.24038	0.10678	0.04008	0.30998	0.04107	0.02641	0.06357	0.02736	0.01283	0.03754	0.00427	0.00429	0.00128	0.01336	0.02996	0.00234	0.00504
4	0.02819	0.04633	0.08575	0.17070	0.25308	0.08449	0.03854	0.04345	0.08834	0.05154	0.04758	0.01072	0.00780	0.00416	0.00398	0.00120	0.02286	0.00355	0.00238	0.00537
5	0.01134	0.05910	0.06121	0.04819	0.12068	0.11861	0.09397	0.16295	0.06973	0.09824	0.02322	0.04942	0.02437	0.00473	0.00422	0.00120	0.03657	0.00395	0.00283	0.00549
6	0.00611	0.00456	0.00597	0.04590	0.03834	0.00443	0.00451	0.00824	0.06186	0.03737	0.40688	0.17123	0.13986	0.00841	0.00455	0.00132	0.00237	0.04037	0.00382	0.00388
7	0.05693	0.03780	0.08180	0.04781	0.08321	0.13881	0.17526	0.02170	0.06244	0.10300	0.04958	0.03311	0.04000	0.00512	0.01713	0.00130	0.00491	0.03235	0.00266	0.00507
8	0.05554	0.06980	0.06690	0.02381	0.07438	0.00895	0.07691	0.20515	0.08563	0.13372	0.03844	0.06639	0.01018	0.01731	0.00415	0.00128	0.00403	0.04865	0.00324	0.00553
9	0.00544	0.00415	0.00464	0.00468	0.00586	0.00371	0.00351	0.00694	0.04420	0.04030	0.11598	0.16665	0.52342	0.00967	0.00462	0.00136	0.00216	0.04544	0.00372	0.00355
10	0.00878	0.00842	0.01454	0.22795	0.55926	0.00881	0.05100	0.01112	0.00851	0.01184	0.00788	0.04993	0.00681	0.00396	0.00394	0.00121	0.00473	0.00386	0.00195	0.00550
11	0.12643	0.28773	0.29496	0.00899	0.01291	0.03544	0.07731	0.06240	0.00869	0.01260	0.00691	0.00877	0.00563	0.00383	0.00327	0.00111	0.00480	0.03104	0.00199	0.00518
12	0.11428	0.07140	0.32926	0.07882	0.03179	0.12695	0.05176	0.08368	0.00936	0.03307	0.00789	0.00902	0.02849	0.00397	0.00354	0.00117	0.00516	0.00305	0.00214	0.00522
13	0.00547	0.00404	0.00521	0.00577	0.00654	0.00379	0.00448	0.00667	0.00827	0.01080	0.04994	0.31443	0.15347	0.05504	0.00573	0.00168	0.00280	0.31812	0.00350	0.03424
14	0.05644	0.05143	0.01157	0.11162	0.03316	0.09091	0.13764	0.06388	0.03328	0.07629	0.05444	0.04314	0.05422	0.01973	0.03546	0.00150	0.04482	0.07306	0.00274	0.00467
15	0.07137	0.09167	0.13668	0.06032	0.24139	0.08081	0.10115	0.05555	0.04842	0.05129	0.02086	0.00945	0.00647	0.00381	0.00367	0.00116	0.00487	0.00331	0.00226	0.00550
16	0.00506	0.00396	0.00456	0.00455	0.00562	0.00351	0.00344	0.00635	0.00942	0.01218	0.30999	0.05508	0.44987	0.04040	0.00520	0.00141	0.00211	0.07011	0.00378	0.00339
17	0.01048	0.34361	0.19513	0.00913	0.01246	0.21077	0.06436	0.02963	0.00892	0.01048	0.00687	0.04750	0.00604	0.00408	0.00352	0.00105	0.02609	0.00300	0.00189	0.00497
18	0.03472	0.03042	0.01385	0.15427	0.30924	0.08441	0.10342	0.03915	0.07684	0.05757	0.00884	0.01051	0.02298	0.00405	0.00415	0.00121	0.03301	0.00362	0.00232	0.00542
19	0.00598	0.00512	0.04973	0.00616	0.00719	0.00436	0.03160	0.03778	0.03843	0.03483	0.07345	0.57656	0.09336	0.01020	0.00471	0.00147	0.00266	0.00915	0.00354	0.00373
20	0.02456	0.00544	0.00622	0.00565	0.00685	0.00590	0.00444	0.15391	0.00945	0.03310	0.01173	0.01609	0.01009	0.06604	0.08501	0.03278	0.05204	0.06853	0.39807	0.00408
21	0.11486	0.17306	0.10526	0.00900	0.04348	0.08337	0.06462	0.11575	0.05927	0.11690	0.00889	0.04087	0.00703	0.00476	0.01789	0.00123	0.02234	0.00337	0.00269	0.00535
22	0.05166	0.22965	0.43687	0.03690	0.04411	0.01083	0.03081	0.07015	0.03270	0.01265	0.00694	0.00804	0.00529	0.00369	0.00338	0.00113	0.00498	0.00280	0.00193	0.00550
23	0.01278	0.01078	0.05636	0.00868	0.03525	0.13019	0.00708	0.29626	0.06856	0.13790	0.00963	0.01013	0.00712	0.00434	0.00380	0.00107	0.01725	0.01572	0.00324	0.16385

[dist]
# distance from previous block
# <min> <max>
1	12

[block]
# block no. 3 follows, 70 sequences, length 46
# corresponding to MSA columns:
# 447-492
name=unknown_D
#
# <colnr> <probs for GDERKNQSTAVLIFYWHMCP>
#	G	D	E	R	K	N	Q	S	T	A	V	L	I	F	Y	W	H	M	C	P
0	0.06931	0.02675	0.03619	0.04701	0.01987	0.05210	0.05200	0.19802	0.06716	0.08839	0.03394	0.02032	0.02932	0.00631	0.00428	0.00136	0.01081	0.22848	0.00332	0.00504
1	0.01940	0.00474	0.00505	0.02251	0.00641	0.02307	0.00369	0.03473	0.03398	0.01266	0.26753	0.04354	0.49142	0.00864	0.00447	0.00127	0.00224	0.00729	0.00372	0.00364
2	0.04018	0.08918	0.15390	0.11519	0.20883	0.06563	0.07261	0.06544	0.02077	0.06236	0.00753	0.00910	0.00581	0.00389	0.00408	0.00117	0.04476	0.00322	0.00218	0.02417
3	0.05243	0.34288	0.09212	0.18807	0.03185	0.04235	0.00807	0.05416	0.06622	0.02445	0.02107	0.04595	0.00704	0.00420	0.00329	0.00109	0.00437	0.00322	0.00217	0.00496
4	0.00556	0.00389	0.00499	0.00503	0.00530	0.00414	0.00334	0.00611	0.00594	0.00818	0.01193	0.05809	0.01295	0.51364	0.32973	0.00459	0.00618	0.00532	0.00230	0.00280
5	0.04038	0.28966	0.08682	0.05138	0.01167	0.01704	0.03464	0.07139	0.02706	0.09871	0.00761	0.00836	0.00592	0.00361	0.00322	0.00094	0.01288	0.00272	0.00239	0.22360
6	0.00822	0.01611	0.03954	0.04547	0.11925	0.04012	0.12099	0.04740	0.12676	0.03097	0.08731	0.12126	0.13764	0.00635	0.00455	0.00130	0.03332	0.00564	0.00300	0.00479
7	0.00466	0.00387	0.00402	0.00409	0.00524	0.00329	0.00299	0.00559	0.00862	0.01041	0.05476	0.10923	0.71207	0.04729	0.00528	0.00144	0.00206	0.00829	0.00356	0.00323
8	0.02117	0.09928	0.01152	0.10090	0.05680	0.31777	0.01921	0.14662	0.03672	0.02538	0.02328	0.02341	0.00741	0.08815	0.00517	0.00135	0.00521	0.00340	0.00245	0.00480
9	0.00856	0.06792	0.11776	0.18507	0.20787	0.04368	0.07091	0.05917	0.00891	0.01187	0.00986	0.11693	0.02145	0.00558	0.02169	0.00136	0.00481	0.02938	0.00224	0.00497
10	0.00772	0.00457	0.00595	0.00566	0.00693	0.00421	0.00443	0.02566	0.01014	0.16055	0.36028	0.13809	0.10451	0.00849	0.00461	0.00136	0.00249	0.13615	0.00409	0.00412
11	0.01289	0.00920	0.01006	0.00809	0.01086	0.00999	0.00654	0.41683	0.27594	0.11925	0.01273	0.01206	0.02927	0.00491	0.00388	0.00119	0.00365	0.00389	0.00393	0.04485
12	0.03158	0.00876	0.02883	0.13173	0.18848	0.04438	0.25042	0.02830	0.02964	0.03842	0.03957	0.01538	0.08599	0.00481	0.00420	0.00128	0.00484	0.05595	0.00244	0.00499
13	0.00669	0.00446	0.00539	0.00515	0.00640	0.00411	0.00390	0.00866	0.06286	0.10260	0.31211	0.14289	0.27478	0.00866	0.00454	0.00132	0.00223	0.03534	0.00398	0.00395
14	0.00887	0.00934	0.01158	0.03472	0.01123	0.14700	0.08944	0.01013	0.00719	0.00959	0.00673	0.01011	0.00622	0.02533	0.17419	0.00246	0.42627	0.00355	0.00186	0.00420
15	0.00813	0.02747	0.17452	0.42508	0.07224	0.00928	0.15098	0.02841	0.00829	0.01123	0.00703	0.00971	0.00532	0.00384	0.00432	0.00128	0.04264	0.00350	0.00180	0.00491
16	0.01169	0.01324	0.00942	0.04615	0.02600	0.50578	0.00659	0.01360	0.08537	0.03451	0.00965	0.05287	0.02400	0.10459	0.02658	0.00154	0.00573	0.01590	0.00242	0.00435
17	0.00575	0.00438	0.00463	0.00479	0.00518	0.04049	0.00310	0.00622	0.00698	0.00898	0.03681	0.19428	0.13041	0.46519	0.01268	0.00266	0.00326	0.04006	0.02131	0.00284
18	0.08586	0.08686	0.18364	0.00798	0.02506	0.08890	0.00746	0.04523	0.10149	0.07954	0.14625	0.01470	0.04258	0.00570	0.02154	0.00130	0.01746	0.03052	0.00292	0.00500
19	0.05056	0.02691	0.01365	0.04734	0.04407	0.03345	0.26066	0.03844	0.07302	0.29376	0.02487	0.02581	0.00891	0.00455	0.00408	0.00126	0.00453	0.03528	0.00325	0.00560
20	0.00809	0.00665	0.00740	0.00672	0.00842	0.00732	0.00518	0.03061	0.49146	0.01611	0.34139	0.02011	0.02154	0.00630	0.00419	0.00127	0.00260	0.00541	0.00407	0.00516
21	0.03758	0.01238	0.24360	0.03406	0.04442	0.06307	0.11513	0.15950	0.09036	0.05775	0.02256	0.05633	0.02827	0.00476	0.00395	0.00124	0.00477	0.01203	0.00274	0.00550
22	0.03182	0.04313	0.19555	0.01030	0.09226	0.06167	0.02585	0.16758	0.08294	0.16493	0.01023	0.01170	0.00773	0.01710	0.00424	0.00125	0.02312	0.03979	0.00301	0.00580
23	0.00596	0.00461	0.00585	0.00656	0.03272	0.00451	0.00508	0.00810	0.07521	0.01143	0.03316	0.15736	0.22806	0.02814	0.00524	0.00161	0.00295	0.37623	0.00354	0.00370
24	0.00678	0.00552	0.00838	0.11141	0.12070	0.00597	0.02351	0.00869	0.02594	0.02911	0.16745	0.07389	0.06080	0.01292	0.24296	0.00269	0.04343	0.02462	0.02109	0.00413
25	0.05764	0.13619	0.19077	0.04583	0.09056	0.12000	0.11286	0.05088	0.02102	0.04472	0.00716	0.00866	0.00562	0.00448	0.02182	0.00128	0.07010	0.00312	0.00208	0.00521
26	0.09495	0.16528	0.01455	0.07999	0.19735	0.22941	0.10016	0.02786	0.00920	0.03725	0.00675	0.00826	0.00546	0.00366	0.00346	0.00109	0.00521	0.00297	0.00205	0.00509
27	0.00495	0.00381	0.00445	0.00483	0.00557	0.00348	0.00341	0.00605	0.02933	0.01041	0.06324	0.38389	0.34611	0.07594	0.00591	0.00162	0.00230	0.03790	0.00354	0.00325
28	0.00864	0.08584	0.18303	0.12032	0.03148	0.03568	0.10295	0.08408	0.00942	0.04594	0.05932	0.07331	0.07794	0.02424	0.02372	0.00140	0.00464	0.02067	0.00255	0.00483
29	0.07608	0.06658	0.10768	0.02441	0.09139	0.14980	0.07709	0.17486	0.12388	0.05803	0.00880	0.00943	0.00660	0.00412	0.00366	0.00116	0.00481	0.00329	0.00273	0.00561
30	0.00560	0.00389	0.00482	0.00514	0.00546	0.00388	0.00355	0.00621	0.00677	0.00895	0.01622	0.14223	0.04831	0.47819	0.06148	0.00307	0.00382	0.18675	0.00282	0.00283
31	0.08223	0.05529	0.04312	0.04887	0.08058	0.21243	0.00737	0.06407	0.06100	0.07782	0.04436	0.01010	0.00765	0.00605	0.05846	0.00148	0.08948	0.00326	0.00253	0.04384
32	0.09070	0.16500	0.14710	0.01062	0.07752	0.05688	0.14172	0.11722	0.02365	0.08932	0.00841	0.00959	0.01505	0.00433	0.01675	0.00122	0.00487	0.01213	0.00247	0.00545
33	0.00753	0.11779	0.04690	0.20136	0.09110	0.02026	0.08079	0.01654	0.00775	0.01017	0.01103	0.13688	0.04290	0.11761	0.04649	0.00182	0.03171	0.00494	0.00222	0.00423
34	0.00514	0.00380	0.00467	0.00513	0.00577	0.00356	0.00362	0.00652	0.04219	0.01125	0.13488	0.50768	0.17786	0.01053	0.00471	0.00144	0.00219	0.02781	0.03789	0.00339
35	0.07648	0.33080	0.10093	0.00843	0.02809	0.09001	0.06139	0.06031	0.04221	0.12069	0.00870	0.02662	0.02162	0.00409	0.00328	0.00106	0.00443	0.00310	0.00248	0.00527
36	0.00854	0.04653	0.16119	0.14792	0.08947	0.02597	0.11691	0.04887	0.00882	0.03940	0.04588	0.01419	0.03332	0.00646	0.05675	0.00161	0.07135	0.06964	0.00230	0.00489
37	0.00504	0.00373	0.00455	0.00489	0.00564	0.00335	0.00349	0.00607	0.00864	0.02342	0.18478	0.40875	0.28657	0.01045	0.00475	0.00142	0.00212	0.02524	0.00375	0.00335
38	0.03264	0.13377	0.38447	0.03214	0.01494	0.12559	0.10078	0.07695	0.00948	0.04402	0.00717	0.00829	0.00534	0.00375	0.00359	0.00114	0.00548	0.00298	0.00204	0.00543
39	0.07487	0.08076	0.09980	0.17282	0.10174	0.07635	0.10197	0.06497	0.05218	0.05223	0.01400	0.01620	0.00675	0.00465	0.01924	0.00131	0.02886	0.02387	0.00231	0.00512
40	0.00646	0.00496	0.02672	0.02404	0.00778	0.02236	0.00535	0.00800	0.02354	0.04915	0.04436	0.28222	0.07788	0.01055	0.02018	0.02192	0.00327	0.35414	0.00347	0.00366
41	0.00478	0.00354	0.00444	0.00512	0.00559	0.00324	0.00352	0.00554	0.00771	0.01000	0.02475	0.63523	0.19276	0.03792	0.00534	0.00159	0.00229	0.03990	0.00356	0.00317
42	0.03020	0.20122	0.17925	0.16386	0.05358	0.02843	0.07195	0.05368	0.05118	0.09883	0.02714	0.00969	0.00674	0.00394	0.00356	0.00115	0.00470	0.00324	0.00234	0.00533
43	0.02364	0.08866	0.29391	0.04762	0.02766	0.02210	0.15460	0.06374	0.03853	0.10571	0.00911	0.02542	0.01919	0.00451	0.01760	0.00128	0.01804	0.00357	0.00239	0.03274
44	0.00923	0.47900	0.32667	0.00834	0.01240	0.01225	0.00946	0.02995	0.00821	0.01072	0.00668	0.00845	0.00566	0.00447	0.02794	0.00117	0.00491	0.02753	0.00177	0.00521
45	0.00845	0.16146	0.09366	0.06275	0.02403	0.02050	0.07442	0.09252	0.02963	0.03927	0.01349	0.21744	0.06249	0.02568	0.02239	0.00141	0.00405	0.02025	0.02152	0.00460

[dist]
# distance from previous block
# <min> <max>
3	12

[block]
# block no. 4 follows, 70 sequences, length 31
# corresponding to MSA columns:
# 508-538
name=unknown_E
#
# <colnr> <probs for GDERKNQSTAVLIFYWHMCP>
#	G	D	E	R	K	N	Q	S	T	A	V	L	I	F	Y	W	H	M	C	P
0	0.21156	0.06352	0.14172	0.00761	0.01033	0.00890	0.02405	0.15110	0.10575	0.02557	0.00920	0.03786	0.00753	0.00921	0.16754	0.00218	0.00522	0.00349	0.00266	0.00500
1	0.15301	0.08535	0.04542	0.05355	0.01119	0.17879	0.02887	0.03656	0.04754	0.03030	0.02628	0.00852	0.00632	0.00368	0.00317	0.00095	0.00422	0.00271	0.00235	0.27122
2	0.00939	0.00593	0.00889	0.00762	0.00942	0.00575	0.12223	0.03839	0.04085	0.19152	0.05511	0.13773	0.03216	0.00698	0.00450	0.00135	0.02471	0.15666	0.13618	0.00462
3	0.01711	0.02906	0.07918	0.02065	0.01055	0.03832	0.03250	0.01077	0.04786	0.01251	0.00756	0.02572	0.00630	0.00333	0.00312	0.00075	0.00345	0.00272	0.00230	0.64623
4	0.01332	0.03695	0.03056	0.03025	0.01194	0.59013	0.00750	0.10064	0.01103	0.03194	0.00689	0.00812	0.00562	0.00593	0.06391	0.00142	0.03408	0.00281	0.00224	0.00472
5	0.00476	0.00345	0.00443	0.00519	0.00550	0.00320	0.00346	0.00543	0.00745	0.00981	0.02256	0.73307	0.10315	0.06170	0.00578	0.00168	0.00231	0.01043	0.00353	0.00311
6	0.00495	0.00365	0.00502	0.00557	0.00593	0.00341	0.02743	0.00569	0.00748	0.00999	0.04904	0.71839	0.04462	0.08167	0.00613	0.00173	0.00248	0.01018	0.00347	0.00316
7	0.01638	0.02360	0.04549	0.13262	0.03610	0.05571	0.11995	0.03885	0.02701	0.12802	0.04404	0.03502	0.04285	0.06311	0.00538	0.00134	0.04731	0.00409	0.00268	0.13044
8	0.00588	0.00411	0.00464	0.00445	0.00573	0.00356	0.00336	0.00712	0.00944	0.07720	0.22629	0.07278	0.51953	0.00894	0.00449	0.00128	0.00205	0.00758	0.02794	0.00363
9	0.00848	0.00848	0.01187	0.01018	0.01018	0.01187	0.00848	0.00933	0.00594	0.00933	0.00509	0.00848	0.00509	0.00679	0.01272	0.00170	0.85666	0.00339	0.00170	0.00424
10	0.00628	0.00534	0.02588	0.00647	0.00729	0.03737	0.00511	0.02457	0.00680	0.00941	0.01103	0.01738	0.02068	0.12584	0.59137	0.00504	0.04136	0.04705	0.00222	0.00352
11	0.07743	0.00947	0.12930	0.03474	0.10462	0.02826	0.10169	0.04224	0.02892	0.07437	0.01052	0.09459	0.01717	0.00661	0.03750	0.00156	0.12493	0.06864	0.00254	0.00490
12	0.00479	0.00354	0.00457	0.00522	0.00567	0.00331	0.00360	0.00560	0.00765	0.01008	0.04702	0.64566	0.14838	0.01299	0.07058	0.00189	0.00283	0.00994	0.00350	0.00321
13	0.02195	0.00913	0.00999	0.02006	0.02530	0.06225	0.05252	0.17713	0.45856	0.01659	0.03996	0.04556	0.01114	0.02670	0.00437	0.00133	0.00375	0.00441	0.00357	0.00573
14	0.02952	0.00986	0.07437	0.09052	0.10480	0.00896	0.44749	0.04280	0.02033	0.03602	0.00939	0.02221	0.02188	0.00412	0.00428	0.00129	0.00549	0.04589	0.01557	0.00519
15	0.00873	0.00450	0.00604	0.00595	0.00708	0.00412	0.00439	0.02254	0.00879	0.25377	0.04438	0.51565	0.02039	0.00971	0.00487	0.02232	0.00266	0.04595	0.00393	0.00421
16	0.00772	0.01045	0.22225	0.58869	0.02354	0.00885	0.03814	0.03501	0.00822	0.01102	0.00701	0.00977	0.00517	0.00383	0.00385	0.00127	0.00533	0.00334	0.00177	0.00476
17	0.01183	0.29802	0.06751	0.02424	0.01133	0.30706	0.00731	0.03756	0.09692	0.05854	0.00813	0.04068	0.00681	0.00426	0.00332	0.00103	0.00504	0.00303	0.00234	0.00503
18	0.00579	0.00405	0.00453	0.00444	0.00480	0.00398	0.00274	0.03704	0.00694	0.00912	0.06285	0.05268	0.13578	0.63154	0.01560	0.00309	0.00336	0.00617	0.00274	0.00274
19	0.00801	0.00786	0.02504	0.54668	0.02252	0.00886	0.16610	0.04818	0.02593	0.01152	0.05458	0.01136	0.00729	0.00416	0.00437	0.00130	0.03570	0.00388	0.00206	0.00461
20	0.01078	0.58542	0.13535	0.00790	0.01130	0.17228	0.00789	0.01244	0.00851	0.00964	0.00573	0.00664	0.00497	0.00350	0.00285	0.00092	0.00491	0.00227	0.00172	0.00499
21	0.00866	0.12301	0.24028	0.04755	0.01462	0.04794	0.21263	0.02912	0.00849	0.02867	0.03253	0.01048	0.00707	0.00806	0.14607	0.00204	0.02224	0.00358	0.00201	0.00495
22	0.01120	0.00619	0.00770	0.00690	0.00885	0.00617	0.00548	0.03195	0.22310	0.32482	0.04634	0.16511	0.01558	0.00710	0.00431	0.00137	0.00306	0.11522	0.00416	0.00536
23	0.00656	0.00715	0.12726	0.00728	0.00897	0.02027	0.02602	0.02407	0.05209	0.01188	0.06342	0.18016	0.08446	0.03033	0.00514	0.00159	0.00354	0.33255	0.00326	0.00400
24	0.01947	0.09066	0.16565	0.00839	0.01079	0.00813	0.07848	0.01121	0.07886	0.07237	0.14290	0.04705	0.03026	0.03683	0.04725	0.00163	0.11295	0.02964	0.00275	0.00473
25	0.00765	0.00898	0.10118	0.01205	0.03917	0.00762	0.39176	0.01024	0.00850	0.01159	0.01238	0.08948	0.04796	0.00801	0.08487	0.00186	0.02435	0.12537	0.00238	0.00461
26	0.03619	0.00682	0.00819	0.00654	0.00907	0.00650	0.00532	0.18837	0.01202	0.42303	0.06516	0.01817	0.18547	0.00597	0.00404	0.00122	0.00313	0.00485	0.00426	0.00567
27	0.05092	0.04931	0.06126	0.17742	0.16955	0.04281	0.16334	0.09982	0.04157	0.03317	0.00832	0.02977	0.00659	0.00404	0.00390	0.00121	0.01205	0.00370	0.03599	0.00525
28	0.05395	0.03004	0.03895	0.24094	0.13506	0.05393	0.00830	0.10175	0.11787	0.01368	0.08504	0.02705	0.04513	0.00489	0.00408	0.00124	0.02637	0.00405	0.00267	0.00501
29	0.04697	0.00785	0.04323	0.00721	0.00976	0.00743	0.00601	0.27391	0.01230	0.32917	0.01353	0.15422	0.01095	0.00588	0.00394	0.00124	0.00344	0.00484	0.05240	0.00572
30	0.09549	0.07502	0.07035	0.00905	0.04945	0.05453	0.02376	0.32646	0.15923	0.06250	0.00960	0.00972	0.00708	0.00434	0.00360	0.00115	0.00414	0.00333	0.00321	0.02798

[dist]
# distance from previous block
# <min> <max>
1	25

[block]
# block no. 5 follows, 70 sequences, length 40
# corresponding to MSA columns:
# 564-603
name=unknown_F
#
# <colnr> <probs for GDERKNQSTAVLIFYWHMCP>
#	G	D	E	R	K	N	Q	S	T	A	V	L	I	F	Y	W	H	M	C	P
0	0.03604	0.51005	0.09670	0.00802	0.02192	0.01324	0.03401	0.18021	0.02638	0.01313	0.00699	0.02484	0.00588	0.00386	0.00305	0.00099	0.00431	0.00277	0.00223	0.00537
1	0.02174	0.02306	0.02626	0.00652	0.00815	0.01487	0.00511	0.15951	0.15191	0.05218	0.20106	0.22190	0.04258	0.04110	0.00489	0.00140	0.00293	0.00642	0.00375	0.00465
2	0.05774	0.00962	0.09961	0.21299	0.08958	0.00869	0.30206	0.03554	0.02115	0.01244	0.02426	0.01213	0.06668	0.00411	0.00406	0.00125	0.00514	0.00411	0.00215	0.02668
3	0.04760	0.01954	0.09972	0.17273	0.03864	0.11916	0.02188	0.20915	0.05785	0.06740	0.02609	0.01159	0.04512	0.02851	0.00422	0.00126	0.00463	0.00363	0.00279	0.01850
4	0.00850	0.02196	0.00842	0.00756	0.02618	0.00816	0.03215	0.01636	0.56832	0.02274	0.02013	0.05169	0.17866	0.00631	0.00411	0.00131	0.00298	0.00535	0.00373	0.00540
5	0.00526	0.00377	0.00487	0.00536	0.00593	0.00354	0.00379	0.00654	0.02999	0.02346	0.19729	0.55204	0.08293	0.01072	0.00482	0.00148	0.00224	0.04879	0.00377	0.00342
6	0.02348	0.01046	0.18766	0.06430	0.08493	0.06601	0.06409	0.06551	0.05578	0.08672	0.03935	0.06260	0.06610	0.03070	0.06307	0.00166	0.00488	0.01497	0.00270	0.00502
7	0.02542	0.17340	0.07933	0.13422	0.31251	0.05580	0.02045	0.03532	0.04040	0.05823	0.00787	0.02652	0.00641	0.00389	0.00357	0.00113	0.00462	0.00330	0.00216	0.00547
8	0.00587	0.00428	0.00580	0.00577	0.00647	0.00455	0.00438	0.02671	0.00766	0.01046	0.13151	0.11817	0.12944	0.01670	0.29592	0.12390	0.04531	0.05095	0.00283	0.00330
9	0.00564	0.00389	0.00442	0.00440	0.00461	0.00386	0.00263	0.00616	0.02747	0.00868	0.08695	0.05318	0.05768	0.69565	0.01675	0.00328	0.00343	0.00603	0.00266	0.00263
10	0.04715	0.03804	0.20040	0.02777	0.03266	0.01786	0.13113	0.13769	0.07340	0.17083	0.02970	0.03503	0.03149	0.00459	0.00390	0.00123	0.00449	0.00396	0.00301	0.00567
11	0.05730	0.02226	0.01128	0.37290	0.15504	0.02850	0.02832	0.01043	0.00815	0.01168	0.03170	0.00981	0.00637	0.00364	0.00354	0.00106	0.00433	0.00317	0.00203	0.22849
12	0.00506	0.00380	0.00475	0.00535	0.00585	0.01532	0.00377	0.00602	0.00824	0.01091	0.14696	0.59237	0.10410	0.01108	0.00486	0.00150	0.00231	0.06079	0.00368	0.00328
13	0.04128	0.41253	0.07501	0.03088	0.08984	0.12371	0.02063	0.05275	0.01846	0.02566	0.00654	0.00767	0.00549	0.00428	0.02665	0.00111	0.00480	0.00259	0.00199	0.04811
14	0.14668	0.15527	0.12924	0.03679	0.12619	0.02385	0.05256	0.08326	0.04556	0.02844	0.05628	0.01753	0.02135	0.00430	0.00365	0.00115	0.02175	0.01548	0.00243	0.02825
15	0.00689	0.01334	0.00616	0.00578	0.00696	0.00486	0.01864	0.00975	0.14326	0.07364	0.25370	0.24589	0.11468	0.03282	0.01558	0.00147	0.00256	0.01926	0.02067	0.00410
16	0.02326	0.00525	0.02497	0.02256	0.00702	0.00476	0.00417	0.08008	0.03873	0.02828	0.17732	0.05714	0.47924	0.00847	0.00443	0.00129	0.00242	0.02304	0.00367	0.00390
17	0.03578	0.18387	0.27417	0.04289	0.14126	0.04342	0.01964	0.06413	0.03850	0.07101	0.02486	0.00926	0.00656	0.00446	0.02322	0.00124	0.00487	0.00308	0.00224	0.00552
18	0.02818	0.04233	0.05383	0.02646	0.21044	0.05921	0.01888	0.01098	0.00830	0.15667	0.04072	0.06844	0.00945	0.00757	0.03019	0.19940	0.00418	0.01761	0.00259	0.00456
19	0.00564	0.00376	0.00423	0.00423	0.00423	0.00376	0.00235	0.00564	0.00564	0.00752	0.01222	0.02537	0.01409	0.86375	0.01973	0.00376	0.00376	0.00564	0.00235	0.00235
20	0.00983	0.60862	0.19477	0.00791	0.01168	0.02950	0.02642	0.01229	0.04873	0.01022	0.00630	0.00715	0.00532	0.00350	0.00288	0.00095	0.00454	0.00242	0.00178	0.00519
21	0.06607	0.07526	0.27840	0.08158	0.07802	0.04539	0.09549	0.06305	0.04882	0.04526	0.01889	0.04287	0.00708	0.00501	0.03118	0.00137	0.00509	0.00358	0.00227	0.00529
22	0.00653	0.00565	0.00765	0.03262	0.00817	0.02510	0.00579	0.00744	0.00684	0.00959	0.03387	0.28824	0.01415	0.01338	0.18072	0.03962	0.27597	0.03253	0.00253	0.00359
23	0.00494	0.00369	0.00464	0.00502	0.00568	0.00341	0.00357	0.00599	0.00844	0.01119	0.19828	0.42522	0.20852	0.02380	0.04908	0.00172	0.00257	0.02728	0.00364	0.00330
24	0.25562	0.04539	0.13909	0.03613	0.04178	0.03108	0.00645	0.01023	0.03896	0.04018	0.01097	0.09558	0.05719	0.02351	0.00534	0.11610	0.00369	0.03607	0.00247	0.00417
25	0.04503	0.05050	0.22238	0.03761	0.03378	0.10562	0.01641	0.08817	0.05708	0.04074	0.03434	0.11967	0.03735	0.00568	0.00462	0.00128	0.07609	0.01610	0.00260	0.00496
26	0.02575	0.00409	0.00502	0.00511	0.00605	0.00372	0.00366	0.00762	0.00850	0.11722	0.11795	0.40025	0.19116	0.05629	0.00539	0.00152	0.00236	0.00838	0.02628	0.00367
27	0.03394	0.00553	0.00655	0.00554	0.00752	0.00513	0.00436	0.04722	0.04868	0.34060	0.04883	0.02066	0.22650	0.05979	0.00489	0.00135	0.00276	0.00515	0.12010	0.00489
28	0.07604	0.00629	0.03665	0.12327	0.06541	0.00623	0.03634	0.03859	0.03510	0.04764	0.07436	0.09831	0.10273	0.03499	0.11039	0.00203	0.00443	0.09406	0.00290	0.00423
29	0.03724	0.16946	0.02891	0.03531	0.01166	0.34607	0.00726	0.22033	0.01176	0.01368	0.02709	0.00897	0.02959	0.00436	0.00375	0.00107	0.03294	0.00299	0.00250	0.00506
30	0.00534	0.00403	0.00479	0.00511	0.00593	0.00377	0.00363	0.00701	0.07022	0.02461	0.11264	0.44690	0.27097	0.01036	0.00471	0.00143	0.00220	0.00913	0.00372	0.00352
31	0.00550	0.00433	0.00501	0.00514	0.00615	0.00413	0.00380	0.00773	0.10400	0.01190	0.17227	0.23962	0.32386	0.03061	0.00502	0.00145	0.00229	0.05984	0.00373	0.00364
32	0.00963	0.09725	0.39708	0.00986	0.02625	0.13615	0.05152	0.04032	0.02040	0.03521	0.00781	0.00880	0.02269	0.00378	0.00352	0.00107	0.00519	0.00294	0.00204	0.11849
33	0.00673	0.00425	0.00539	0.00554	0.00644	0.00397	0.00405	0.03035	0.00869	0.11110	0.08368	0.45669	0.15345	0.03248	0.00521	0.00152	0.01300	0.05998	0.00374	0.00374
34	0.00813	0.00458	0.00597	0.00537	0.00673	0.00418	0.00411	0.00997	0.02842	0.19617	0.53081	0.08943	0.05732	0.00750	0.00440	0.00124	0.00221	0.00655	0.02260	0.00430
35	0.00783	0.00771	0.03030	0.38162	0.22956	0.00813	0.09324	0.01050	0.03106	0.01156	0.06854	0.02042	0.05697	0.00458	0.00407	0.00127	0.00464	0.02099	0.00220	0.00482
36	0.06146	0.08745	0.10001	0.00910	0.04195	0.12127	0.05261	0.18930	0.08068	0.15080	0.01037	0.01053	0.03013	0.00438	0.00363	0.00114	0.00444	0.00342	0.03173	0.00562
37	0.51691	0.12901	0.17755	0.03214	0.01043	0.00978	0.00694	0.01176	0.03018	0.01475	0.00604	0.00707	0.00472	0.00371	0.00302	0.00117	0.02560	0.00239	0.00215	0.00467
38	0.01245	0.02950	0.01237	0.02667	0.01264	0.56608	0.10065	0.01375	0.00977	0.00990	0.00632	0.00799	0.00532	0.00488	0.02406	0.00125	0.12830	0.00293	0.02065	0.00450
39	0.06560	0.01719	0.00963	0.06419	0.02556	0.15302	0.06435	0.07148	0.07343	0.08439	0.08996	0.01479	0.08370	0.04661	0.03571	0.00148	0.04046	0.00420	0.00291	0.05132

[dist]
# distance from previous block
# <min> <max>
3	4

[block]
# block no. 6 follows, 70 sequences, length 25
# corresponding to MSA columns:
# 609-633
name=unknown_G
#
# <colnr> <probs for GDERKNQSTAVLIFYWHMCP>
#	G	D	E	R	K	N	Q	S	T	A	V	L	I	F	Y	W	H	M	C	P
0	0.00608	0.00436	0.00539	0.00504	0.00604	0.00417	0.00377	0.03395	0.00999	0.03888	0.49710	0.02840	0.17816	0.09399	0.03203	0.00166	0.02198	0.02154	0.00382	0.00365
1	0.00851	0.00816	0.01257	0.54117	0.21281	0.05360	0.03074	0.03734	0.00856	0.01120	0.00722	0.01009	0.00560	0.00382	0.00383	0.00123	0.00503	0.00343	0.03026	0.00482
2	0.00493	0.00360	0.00448	0.00499	0.00545	0.00333	0.00339	0.00571	0.00784	0.01033	0.11096	0.51537	0.15790	0.11880	0.00672	0.00177	0.00237	0.02540	0.00351	0.00313
3	0.03906	0.00500	0.00625	0.00538	0.00702	0.00454	0.00410	0.01132	0.00956	0.32350	0.21972	0.04152	0.12214	0.14429	0.00663	0.00163	0.00275	0.00558	0.03550	0.00451
4	0.00887	0.00757	0.01250	0.01725	0.52945	0.00741	0.03398	0.01089	0.00919	0.06828	0.13722	0.09271	0.03731	0.00522	0.00410	0.00121	0.00386	0.00490	0.00268	0.00540
5	0.00531	0.00403	0.00448	0.00431	0.00557	0.00347	0.00325	0.00656	0.00954	0.04218	0.26989	0.03401	0.57548	0.00909	0.00455	0.00128	0.00197	0.00769	0.00384	0.00351
6	0.00631	0.00425	0.00489	0.00468	0.00606	0.00370	0.00361	0.00752	0.00934	0.10694	0.15778	0.06246	0.53169	0.00936	0.01679	0.00139	0.00232	0.05334	0.00382	0.00373
7	0.00867	0.16548	0.52487	0.00966	0.01413	0.01983	0.02474	0.01246	0.05223	0.04518	0.00842	0.04430	0.00682	0.00434	0.00378	0.00120	0.02115	0.02526	0.00203	0.00544
8	0.00890	0.00633	0.06239	0.03399	0.03137	0.01453	0.00552	0.02954	0.06320	0.18753	0.08731	0.12345	0.09033	0.06628	0.06747	0.06110	0.00375	0.03216	0.02044	0.00441
9	0.00778	0.02005	0.84367	0.01105	0.01678	0.00900	0.01432	0.01228	0.00818	0.01228	0.00696	0.00818	0.00491	0.00368	0.00368	0.00123	0.00573	0.00286	0.00164	0.00573
10	0.14264	0.09929	0.50389	0.00927	0.01380	0.03648	0.01082	0.05741	0.00877	0.07336	0.00727	0.00809	0.00524	0.00378	0.00339	0.00117	0.00495	0.00277	0.00212	0.00550
11	0.01006	0.00904	0.01270	0.27302	0.28375	0.09211	0.04643	0.05366	0.04940	0.07801	0.00871	0.03412	0.00691	0.00415	0.00387	0.00121	0.00479	0.00370	0.01907	0.00530
12	0.01034	0.01528	0.44749	0.04896	0.04443	0.07429	0.01101	0.14559	0.02038	0.09649	0.01805	0.03495	0.00678	0.00430	0.00379	0.00121	0.00510	0.00340	0.00248	0.00571
13	0.01036	0.86609	0.02032	0.00663	0.00995	0.01534	0.00663	0.01161	0.00788	0.00912	0.00539	0.00622	0.00498	0.00332	0.00249	0.00083	0.00415	0.00207	0.00166	0.00498
14	0.00816	0.01029	0.25035	0.07293	0.08296	0.00701	0.10414	0.02621	0.00878	0.08792	0.03848	0.18076	0.05708	0.00619	0.00424	0.00133	0.00433	0.04125	0.00270	0.00490
15	0.00864	0.00854	0.03887	0.26412	0.46747	0.00876	0.04021	0.01122	0.02237	0.01195	0.02822	0.01082	0.00691	0.00388	0.00402	0.00121	0.01896	0.01149	0.02698	0.00537
16	0.00846	0.00485	0.00599	0.00539	0.00683	0.00448	0.00407	0.01045	0.06895	0.21358	0.29517	0.08735	0.17237	0.08745	0.00581	0.00150	0.00251	0.00645	0.00402	0.00432
17	0.00899	0.00798	0.07232	0.08276	0.08069	0.02141	0.04584	0.15624	0.04087	0.07604	0.09061	0.09973	0.15395	0.00651	0.00424	0.00129	0.00369	0.03871	0.00325	0.00489
18	0.01346	0.00686	0.03335	0.00714	0.02544	0.03302	0.00576	0.04805	0.01054	0.51832	0.04518	0.12616	0.05343	0.00633	0.00415	0.00128	0.00332	0.04838	0.00422	0.00562
19	0.00578	0.00448	0.00602	0.00598	0.00704	0.00422	0.04787	0.00758	0.05478	0.02760	0.12260	0.30875	0.23446	0.00981	0.00478	0.00146	0.00263	0.13689	0.00363	0.00365
20	0.03386	0.00991	0.05934	0.33438	0.07313	0.07787	0.27750	0.02908	0.02583	0.01165	0.00767	0.02830	0.00602	0.00387	0.00404	0.00126	0.00557	0.00385	0.00198	0.00488
21	0.01009	0.17635	0.19025	0.02432	0.05271	0.15243	0.05083	0.10336	0.00966	0.02922	0.00898	0.09751	0.00825	0.05100	0.00453	0.00129	0.00490	0.01701	0.00232	0.00498
22	0.00982	0.02923	0.00668	0.00566	0.00734	0.00457	0.00438	0.01108	0.00968	0.32858	0.15873	0.22869	0.16374	0.00797	0.00435	0.00130	0.00258	0.00688	0.00411	0.00462
23	0.05330	0.13539	0.01345	0.03148	0.21800	0.02657	0.15790	0.01023	0.02421	0.01155	0.01386	0.13725	0.12405	0.00574	0.00399	0.00123	0.00412	0.02049	0.00246	0.00474
24	0.02770	0.00821	0.05124	0.09848	0.37903	0.00808	0.00920	0.08850	0.02235	0.01296	0.01085	0.17822	0.01065	0.00581	0.00439	0.00130	0.03150	0.04385	0.00252	0.00517

[dist]
# distance from previous block
# <min> <max>
3	52

[block]
# block no. 7 follows, 70 sequences, length 31
# corresponding to MSA columns:
# 703-733
name=unknown_H
#
# <colnr> <probs for GDERKNQSTAVLIFYWHMCP>
#	G	D	E	R	K	N	Q	S	T	A	V	L	I	F	Y	W	H	M	C	P
0	0.04616	0.00723	0.01004	0.22149	0.01440	0.00723	0.04364	0.07405	0.04451	0.30819	0.01058	0.01139	0.00749	0.03031	0.00418	0.00121	0.00391	0.00353	0.00322	0.14724
1	0.05715	0.00787	0.01191	0.36854	0.25524	0.00896	0.00968	0.04035	0.10612	0.02724	0.00877	0.02193	0.01782	0.00425	0.00416	0.00126	0.03769	0.00366	0.00226	0.00513
2	0.00912	0.00880	0.07897	0.03504	0.08613	0.03254	0.11433	0.10568	0.15421	0.05049	0.17229	0.06180	0.04127	0.00560	0.00417	0.00125	0.00389	0.01325	0.00322	0.01797
3	0.00615	0.00502	0.00666	0.05839	0.02916	0.00460	0.03990	0.01967	0.02091	0.02034	0.21809	0.14516	0.26816	0.00772	0.00429	0.00122	0.00261	0.00675	0.01762	0.11759
4	0.00813	0.00772	0.01310	0.55723	0.31755	0.00883	0.01117	0.01062	0.00814	0.01089	0.00703	0.01007	0.00552	0.00373	0.00386	0.00124	0.00497	0.00345	0.00179	0.00496
5	0.39140	0.03757	0.03364	0.00751	0.00948	0.20703	0.00617	0.05810	0.00832	0.01382	0.00668	0.05631	0.00594	0.00474	0.00455	0.00124	0.13777	0.00301	0.00230	0.00442
6	0.00554	0.00414	0.00615	0.00615	0.00681	0.00480	0.00474	0.00687	0.00621	0.00894	0.01046	0.01566	0.00988	0.06428	0.81344	0.00613	0.01010	0.00422	0.00209	0.00341
7	0.00831	0.00770	0.01281	0.35802	0.40020	0.00838	0.01045	0.01067	0.02416	0.01128	0.00794	0.03743	0.00677	0.00444	0.00434	0.03577	0.00462	0.01816	0.00196	0.02659
8	0.04334	0.09480	0.14431	0.01126	0.16538	0.04671	0.02914	0.10696	0.04974	0.04703	0.03208	0.05538	0.05199	0.00499	0.00456	0.00121	0.08287	0.00394	0.00254	0.02175
9	0.00846	0.00826	0.03370	0.11052	0.44668	0.05657	0.00896	0.01015	0.00797	0.01079	0.00875	0.03426	0.00842	0.22129	0.00786	0.00183	0.00457	0.00412	0.00204	0.00480
10	0.00545	0.00379	0.00444	0.00447	0.00475	0.00372	0.00278	0.00588	0.00672	0.00898	0.11240	0.08630	0.09265	0.58015	0.05892	0.00321	0.00361	0.00634	0.00276	0.00270
11	0.00562	0.00427	0.00591	0.02234	0.00686	0.00432	0.03604	0.00668	0.02420	0.00989	0.04757	0.33180	0.08818	0.17096	0.08990	0.03025	0.02660	0.08232	0.00304	0.00325
12	0.00976	0.18669	0.17874	0.03315	0.18434	0.07352	0.09617	0.03119	0.06476	0.03662	0.00821	0.01880	0.00673	0.00474	0.02936	0.00130	0.00511	0.02325	0.00215	0.00540
13	0.04632	0.00839	0.06078	0.04321	0.16044	0.00765	0.05408	0.06780	0.09329	0.33683	0.04661	0.01230	0.00929	0.00448	0.00385	0.00120	0.00386	0.00385	0.02982	0.00595
14	0.00481	0.00382	0.00426	0.00451	0.00544	0.00336	0.00327	0.00574	0.00840	0.01044	0.06913	0.23203	0.51227	0.06432	0.00567	0.00155	0.00223	0.05198	0.00355	0.00322
15	0.02455	0.06865	0.19047	0.17269	0.21910	0.02554	0.08583	0.04407	0.04918	0.03877	0.00768	0.00948	0.00591	0.00388	0.00411	0.00122	0.03802	0.00336	0.00208	0.00544
16	0.05594	0.06191	0.14420	0.02518	0.06262	0.05875	0.09523	0.07095	0.03454	0.10759	0.07436	0.09028	0.05927	0.01295	0.02797	0.00139	0.00439	0.00462	0.00286	0.00502
17	0.05225	0.00969	0.01026	0.00843	0.02247	0.05800	0.00672	0.51019	0.03055	0.05434	0.03112	0.01118	0.01704	0.03972	0.07325	0.00170	0.05030	0.00368	0.00340	0.00570
18	0.02884	0.00502	0.00608	0.00535	0.00712	0.00450	0.00416	0.01118	0.03600	0.30461	0.10401	0.10377	0.29346	0.02555	0.00455	0.00132	0.00254	0.00633	0.04103	0.00458
19	0.01005	0.06429	0.14420	0.08318	0.13148	0.01996	0.20701	0.03887	0.00921	0.13847	0.02104	0.04421	0.03272	0.00443	0.00429	0.00124	0.03338	0.00409	0.00250	0.00539
