[name]
unknown

[dist]
# distance from previous block
# <min> <max>
0	73

[block]
# block no. 0 follows, 76 sequences, length 60
# corresponding to MSA columns:
# 73-132
name=unknown_A
#
# <colnr> <probs for GDERKNQSTAVLIFYWHMCP>
#	G	D	E	R	K	N	Q	S	T	A	V	L	I	F	Y	W	H	M	C	P
0	0.06538	0.03456	0.09369	0.03529	0.05985	0.02330	0.06510	0.09941	0.01686	0.11118	0.00991	0.01359	0.00828	0.00651	0.07803	0.00151	0.00429	0.10378	0.07061	0.09886
1	0.37002	0.02504	0.10572	0.04958	0.14801	0.04508	0.01580	0.03457	0.00748	0.01344	0.00701	0.07310	0.00615	0.00396	0.00301	0.00109	0.00364	0.00305	0.00215	0.08212
2	0.00915	0.00826	0.01052	0.14757	0.17348	0.04037	0.00785	0.07675	0.33470	0.02303	0.00982	0.01067	0.00761	0.00444	0.00460	0.00121	0.10544	0.00353	0.00267	0.01833
3	0.00528	0.00355	0.00411	0.00411	0.00416	0.00360	0.00238	0.00538	0.00533	0.00715	0.01132	0.02306	0.01290	0.80771	0.08263	0.00370	0.00400	0.00518	0.00218	0.00228
4	0.00442	0.00319	0.00419	0.00498	0.00525	0.00296	0.00334	0.00507	0.00704	0.00931	0.02101	0.82146	0.07185	0.01126	0.00462	0.00146	0.00209	0.01018	0.00337	0.00296
5	0.00528	0.00356	0.00413	0.00413	0.00418	0.00361	0.00241	0.00539	0.00533	0.00717	0.01130	0.02296	0.01285	0.79856	0.09172	0.00373	0.00407	0.00516	0.00218	0.00229
6	0.00904	0.00781	0.00822	0.00740	0.00945	0.00904	0.00575	0.01931	0.84303	0.01520	0.01479	0.01356	0.01109	0.00493	0.00370	0.00123	0.00288	0.00411	0.00370	0.00575
7	0.01382	0.01018	0.01091	0.00836	0.01127	0.01127	0.00691	0.83748	0.01709	0.02291	0.00873	0.00873	0.00618	0.00436	0.00364	0.00109	0.00400	0.00327	0.00364	0.00618
8	0.00729	0.01880	0.85344	0.01036	0.01573	0.00844	0.01343	0.01151	0.00767	0.01151	0.00652	0.00767	0.00460	0.00345	0.00345	0.00115	0.00537	0.00269	0.00153	0.00537
9	0.01386	0.01011	0.01087	0.00833	0.01124	0.01117	0.00688	0.82366	0.01698	0.03688	0.00882	0.00879	0.00623	0.00437	0.00364	0.00109	0.00398	0.00328	0.00365	0.00618
10	0.00514	0.00372	0.00486	0.00457	0.00543	0.00343	0.00343	0.00686	0.01029	0.01457	0.84768	0.02715	0.03429	0.00743	0.00429	0.00114	0.00171	0.00657	0.00400	0.00343
11	0.83040	0.00727	0.00577	0.00505	0.00735	0.00839	0.00416	0.07385	0.00702	0.01681	0.00534	0.00612	0.00411	0.00345	0.00236	0.00112	0.00290	0.00207	0.00236	0.00411
12	0.00754	0.01726	0.72495	0.01206	0.12810	0.00848	0.02848	0.01146	0.00777	0.01156	0.00658	0.00789	0.00478	0.00342	0.00349	0.00114	0.00524	0.00279	0.00158	0.00541
13	0.89794	0.00703	0.00534	0.00478	0.00703	0.00815	0.00394	0.01068	0.00619	0.01631	0.00506	0.00590	0.00394	0.00337	0.00225	0.00112	0.00281	0.00197	0.00225	0.00394
14	0.00795	0.00795	0.01113	0.00954	0.00954	0.01113	0.00795	0.00875	0.00557	0.00875	0.00477	0.00795	0.00477	0.00636	0.01193	0.00159	0.86562	0.00318	0.00159	0.00398
15	0.00754	0.00646	0.00754	0.00538	0.00861	0.00484	0.00431	0.00915	0.00754	0.01184	0.00646	0.00754	0.00538	0.00269	0.00269	0.00054	0.00269	0.00215	0.00215	0.89449
16	0.00972	0.87446	0.01905	0.00622	0.00933	0.01438	0.00622	0.01088	0.00738	0.00855	0.00505	0.00583	0.00466	0.00311	0.00233	0.00078	0.00389	0.00194	0.00155	0.00466
17	0.00900	0.00864	0.01475	0.02231	0.84960	0.00864	0.01115	0.01115	0.00828	0.01187	0.00684	0.00900	0.00576	0.00324	0.00360	0.00108	0.00432	0.00324	0.00180	0.00576
18	0.00434	0.00364	0.00378	0.00388	0.00499	0.00308	0.00288	0.00524	0.00815	0.00978	0.03473	0.12350	0.74607	0.00945	0.00434	0.00126	0.00190	0.02256	0.00337	0.00306
19	0.00928	0.00412	0.00472	0.00420	0.00556	0.00390	0.00328	0.01090	0.00835	0.23434	0.01251	0.01324	0.00923	0.00430	0.00283	0.00092	0.00206	0.00346	0.65865	0.00412
20	0.00972	0.87446	0.01905	0.00622	0.00933	0.01438	0.00622	0.01088	0.00738	0.00855	0.00505	0.00583	0.00466	0.00311	0.00233	0.00078	0.00389	0.00194	0.00155	0.00466
21	0.00834	0.00942	0.02045	0.01472	0.01820	0.00883	0.78807	0.01126	0.00848	0.01150	0.00809	0.05970	0.00659	0.00355	0.00431	0.00124	0.00589	0.00464	0.00193	0.00479
22	0.00482	0.00370	0.00441	0.00423	0.00523	0.00329	0.00317	0.00623	0.00952	0.01276	0.53834	0.03014	0.34476	0.00811	0.00429	0.00118	0.00176	0.00699	0.00376	0.00329
23	0.01403	0.00983	0.01069	0.00820	0.01110	0.01075	0.00677	0.76597	0.01651	0.09524	0.00922	0.00904	0.00643	0.00437	0.00364	0.00109	0.00392	0.00331	0.00371	0.00618
24	0.00972	0.87446	0.01905	0.00622	0.00933	0.01438	0.00622	0.01088	0.00738	0.00855	0.00505	0.00583	0.00466	0.00311	0.00233	0.00078	0.00389	0.00194	0.00155	0.00466
25	0.01522	0.00663	0.00891	0.08143	0.01086	0.00621	0.00592	0.10344	0.01083	0.69114	0.01306	0.01175	0.00834	0.00441	0.00365	0.00113	0.00334	0.00358	0.00416	0.00600
26	0.00441	0.00369	0.00384	0.00380	0.00498	0.00312	0.00285	0.00543	0.00855	0.01044	0.14324	0.03395	0.74131	0.00897	0.00429	0.00122	0.00182	0.00753	0.00346	0.00312
27	0.00449	0.00321	0.00428	0.00502	0.00529	0.00300	0.00338	0.00523	0.00727	0.00977	0.09637	0.79217	0.02498	0.01102	0.00461	0.00145	0.00207	0.00999	0.00343	0.00300
28	0.00972	0.87446	0.01905	0.00622	0.00933	0.01438	0.00622	0.01088	0.00738	0.00855	0.00505	0.00583	0.00466	0.00311	0.00233	0.00078	0.00389	0.00194	0.00155	0.00466
29	0.01538	0.00622	0.00868	0.00736	0.05790	0.00550	0.00564	0.01683	0.01007	0.76559	0.01370	0.01226	0.00881	0.00544	0.04190	0.00133	0.00346	0.00364	0.00423	0.00603
30	0.00666	0.00351	0.00386	0.00383	0.00468	0.00361	0.00291	0.00828	0.00737	0.02521	0.01155	0.01365	0.00927	0.00801	0.14251	0.00167	0.00303	0.00347	0.73350	0.00341
31	0.00443	0.00316	0.00422	0.00506	0.00527	0.00295	0.00337	0.00506	0.00696	0.00928	0.02003	0.86990	0.02404	0.01139	0.00464	0.00148	0.00211	0.01033	0.00337	0.00295
32	0.05138	0.01004	0.20480	0.06080	0.13959	0.00762	0.02686	0.09300	0.03795	0.31688	0.00984	0.00996	0.00674	0.00393	0.00355	0.00113	0.00404	0.00326	0.00297	0.00566
33	0.00766	0.08493	0.38074	0.01127	0.08709	0.00834	0.20566	0.01071	0.00817	0.01997	0.06804	0.01164	0.07150	0.00404	0.00369	0.00114	0.00478	0.00371	0.00198	0.00493
34	0.00972	0.87446	0.01905	0.00622	0.00933	0.01438	0.00622	0.01088	0.00738	0.00855	0.00505	0.00583	0.00466	0.00311	0.00233	0.00078	0.00389	0.00194	0.00155	0.00466
35	0.00808	0.00682	0.00811	0.04664	0.02338	0.00562	0.00492	0.08145	0.00837	0.01269	0.00666	0.00777	0.00543	0.00289	0.00283	0.00063	0.00293	0.00232	0.00225	0.76021
36	0.00559	0.04311	0.00553	0.00534	0.00582	0.03899	0.00376	0.01399	0.01904	0.00888	0.01524	0.47661	0.01751	0.14679	0.09680	0.04967	0.01380	0.02773	0.00279	0.00301
37	0.01422	0.00953	0.01050	0.00805	0.01094	0.01030	0.00665	0.70334	0.01599	0.15859	0.00964	0.00932	0.00664	0.00439	0.00364	0.00110	0.00385	0.00333	0.00378	0.00618
38	0.00865	0.00828	0.01413	0.15900	0.71561	0.00854	0.01098	0.01085	0.00811	0.01145	0.00678	0.00911	0.00561	0.00330	0.00360	0.00110	0.00440	0.00324	0.00177	0.00548
39	0.00514	0.00372	0.00486	0.00457	0.00543	0.00343	0.00343	0.00686	0.01029	0.01457	0.84768	0.02715	0.03429	0.00743	0.00429	0.00114	0.00171	0.00657	0.00400	0.00343
40	0.01631	0.00619	0.00843	0.00647	0.00928	0.00534	0.00534	0.01771	0.01040	0.85211	0.01434	0.01237	0.00900	0.00450	0.00365	0.00112	0.00309	0.00365	0.00450	0.00619
41	0.00616	0.00349	0.00371	0.00365	0.00455	0.00336	0.00274	0.00776	0.00822	0.01330	0.17594	0.01877	0.11577	0.00545	0.00309	0.00095	0.00172	0.00452	0.61351	0.00336
42	0.00755	0.10904	0.76544	0.00992	0.01506	0.00907	0.01267	0.01144	0.00764	0.01120	0.00637	0.00748	0.00461	0.00342	0.00333	0.00111	0.00521	0.00261	0.00154	0.00530
43	0.00970	0.00708	0.00773	0.00681	0.00881	0.00785	0.00533	0.04945	0.58642	0.11898	0.06256	0.01401	0.01183	0.00494	0.00362	0.00117	0.00278	0.00410	0.08134	0.00548
44	0.01315	0.00572	0.00743	0.00604	0.00836	0.00517	0.00492	0.01524	0.07357	0.58864	0.05595	0.01649	0.08411	0.00531	0.00374	0.00115	0.00283	0.04095	0.05578	0.00546
45	0.00989	0.00602	0.00705	0.00604	0.00797	0.00607	0.00476	0.08203	0.23694	0.24526	0.17564	0.03379	0.13484	0.00596	0.00387	0.00117	0.00262	0.00499	0.02008	0.00499
46	0.00937	0.00868	0.01389	0.01994	0.71226	0.00887	0.01036	0.07500	0.08177	0.01301	0.00767	0.00937	0.00626	0.00347	0.00361	0.00109	0.00417	0.00332	0.00211	0.00579
47	0.00960	0.00824	0.00972	0.00808	0.01049	0.00907	0.07827	0.14079	0.58231	0.01579	0.01260	0.01205	0.00943	0.00451	0.00366	0.00116	0.00331	0.00385	0.00341	0.07364
48	0.64481	0.01000	0.02334	0.00611	0.00832	0.23449	0.00495	0.01172	0.00731	0.01424	0.00524	0.00611	0.00415	0.00347	0.00255	0.00107	0.00386	0.00208	0.00213	0.00404
49	0.00572	0.00415	0.00565	0.00641	0.00718	0.00416	0.00537	0.00758	0.04547	0.01076	0.01920	0.19983	0.02108	0.01007	0.00489	0.00162	0.00309	0.63103	0.00337	0.00338
50	0.00562	0.00387	0.00451	0.00432	0.00548	0.00337	0.00325	0.00682	0.00901	0.08477	0.29304	0.09429	0.45155	0.00839	0.00426	0.00121	0.00193	0.00717	0.00367	0.00345
51	0.00564	0.00394	0.00525	0.00588	0.00667	0.00386	0.00492	0.00714	0.00822	0.01104	0.06777	0.12377	0.07421	0.02121	0.00486	0.00155	0.00288	0.55700	0.08093	0.00328
52	0.00494	0.00363	0.00462	0.00454	0.00535	0.00332	0.00334	0.00640	0.00955	0.01322	0.62881	0.15468	0.12762	0.00823	0.00434	0.00120	0.00179	0.00727	0.00383	0.00332
53	0.00543	0.00352	0.00400	0.00399	0.00419	0.00348	0.00240	0.00583	0.00614	0.00869	0.09993	0.04558	0.01525	0.65280	0.01469	0.00289	0.00307	0.00533	0.11030	0.00250
54	0.89794	0.00703	0.00534	0.00478	0.00703	0.00815	0.00394	0.01068	0.00619	0.01631	0.00506	0.00590	0.00394	0.00337	0.00225	0.00112	0.00281	0.00197	0.00225	0.00394
55	0.00729	0.01880	0.85344	0.01036	0.01573	0.00844	0.01343	0.01151	0.00767	0.01151	0.00652	0.00767	0.00460	0.00345	0.00345	0.00115	0.00537	0.00269	0.00153	0.00537
56	0.00444	0.00366	0.00390	0.00389	0.00501	0.00312	0.00290	0.00548	0.00855	0.01057	0.16870	0.07332	0.67585	0.00902	0.00431	0.00123	0.00183	0.00762	0.00348	0.00312
57	0.01005	0.00950	0.00871	0.00777	0.00984	0.14803	0.00603	0.06428	0.66058	0.01460	0.01295	0.01214	0.00977	0.00471	0.00363	0.00118	0.00354	0.00377	0.00340	0.00552
58	0.00929	0.00778	0.00834	0.00739	0.00943	0.00895	0.00579	0.11162	0.68489	0.01557	0.01371	0.01306	0.01038	0.00657	0.06895	0.00157	0.00353	0.00400	0.00356	0.00561
59	0.02297	0.00976	0.01297	0.06875	0.49686	0.12671	0.03106	0.08015	0.09186	0.01260	0.00757	0.00910	0.00608	0.00359	0.00357	0.00109	0.00452	0.00321	0.00214	0.00542

[dist]
# distance from previous block
# <min> <max>
0	2

[block]
# block no. 1 follows, 76 sequences, length 20
# corresponding to MSA columns:
# 135-154
name=unknown_B
#
# <colnr> <probs for GDERKNQSTAVLIFYWHMCP>
#	G	D	E	R	K	N	Q	S	T	A	V	L	I	F	Y	W	H	M	C	P
0	0.01483	0.00626	0.00824	0.00645	0.00906	0.00568	0.00528	0.05722	0.05683	0.69391	0.08479	0.01351	0.01112	0.00476	0.00371	0.00113	0.00301	0.00391	0.00437	0.00593
1	0.00858	0.00838	0.01262	0.08030	0.34352	0.05387	0.09691	0.02929	0.08083	0.01187	0.09191	0.01105	0.00881	0.00428	0.00483	0.00117	0.11943	0.00368	0.00220	0.02648
2	0.00483	0.00368	0.00453	0.00466	0.00550	0.00325	0.00333	0.00587	0.00812	0.01091	0.22731	0.40754	0.20696	0.00922	0.00432	0.00126	0.00200	0.00815	0.00343	0.07511
3	0.01069	0.65795	0.01684	0.00701	0.00981	0.22739	0.00642	0.01180	0.00812	0.00864	0.00520	0.00601	0.00467	0.00327	0.00257	0.00082	0.00456	0.00204	0.00164	0.00455
4	0.00546	0.00418	0.00567	0.00560	0.00636	0.00471	0.00426	0.00738	0.07881	0.00900	0.01265	0.01693	0.08086	0.10920	0.62632	0.00481	0.00784	0.00437	0.00225	0.00334
5	0.00899	0.01120	0.18779	0.01436	0.10772	0.00867	0.51338	0.01205	0.00851	0.07953	0.00769	0.00949	0.00564	0.00328	0.00399	0.00119	0.00553	0.00380	0.00199	0.00519
6	0.00909	0.00951	0.13006	0.04398	0.56675	0.00807	0.02918	0.01145	0.00821	0.08461	0.00762	0.00946	0.00604	0.00481	0.05424	0.00138	0.00474	0.00326	0.00200	0.00552
7	0.00510	0.00379	0.00419	0.00405	0.00518	0.00335	0.00305	0.00650	0.02248	0.02917	0.28483	0.02987	0.49222	0.00806	0.00412	0.00117	0.00183	0.00682	0.08092	0.00332
8	0.00711	0.00420	0.00518	0.00465	0.00603	0.00369	0.00359	0.00849	0.00963	0.18219	0.40164	0.02684	0.30784	0.00745	0.00416	0.00117	0.00204	0.00636	0.00389	0.00386
9	0.00707	0.00658	0.01101	0.64950	0.15989	0.00776	0.00969	0.00938	0.00770	0.01017	0.07969	0.01109	0.00756	0.00390	0.00368	0.00118	0.00449	0.00352	0.00185	0.00427
10	0.07446	0.38799	0.15804	0.07716	0.01244	0.14699	0.05695	0.02962	0.00809	0.01023	0.00572	0.00688	0.00470	0.00336	0.00292	0.00096	0.00470	0.00241	0.00172	0.00466
11	0.00985	0.00621	0.00732	0.00635	0.00826	0.00646	0.00498	0.01534	0.38522	0.23665	0.25204	0.01712	0.01715	0.00553	0.00385	0.00118	0.00260	0.00469	0.00400	0.00521
12	0.00437	0.00362	0.00382	0.00390	0.00499	0.00308	0.00288	0.00531	0.00827	0.01008	0.08999	0.13233	0.69617	0.00934	0.00434	0.00125	0.00186	0.00791	0.00342	0.00308
13	0.00895	0.00798	0.02947	0.15705	0.55426	0.00794	0.03288	0.01106	0.00821	0.08257	0.00820	0.06043	0.00694	0.00389	0.00369	0.00113	0.00424	0.00371	0.00209	0.00531
14	0.00889	0.33956	0.19409	0.05565	0.07792	0.04003	0.06833	0.03168	0.00767	0.01010	0.00582	0.00737	0.00486	0.00374	0.00434	0.00107	0.12976	0.00267	0.00166	0.00481
15	0.00604	0.00404	0.00437	0.00409	0.00554	0.00340	0.00314	0.00703	0.00859	0.13189	0.03356	0.03170	0.72651	0.00852	0.00420	0.00121	0.00202	0.00709	0.00354	0.00352
16	0.89794	0.00703	0.00534	0.00478	0.00703	0.00815	0.00394	0.01068	0.00619	0.01631	0.00506	0.00590	0.00394	0.00337	0.00225	0.00112	0.00281	0.00197	0.00225	0.00394
17	0.00519	0.00389	0.00584	0.00584	0.00649	0.00454	0.00454	0.00649	0.00584	0.00844	0.00974	0.01428	0.00909	0.02726	0.85787	0.00584	0.00974	0.00389	0.00195	0.00325
18	0.00982	0.63014	0.01639	0.00689	0.00952	0.08504	0.00637	0.01201	0.10545	0.00938	0.00622	0.00697	0.00543	0.00364	0.00335	0.00091	0.07360	0.00233	0.00184	0.00470
19	0.02916	0.43844	0.01457	0.00814	0.08051	0.01176	0.00657	0.16190	0.00890	0.02896	0.00655	0.00845	0.00581	0.07396	0.00509	0.00119	0.10043	0.00274	0.00209	0.00477

[dist]
# distance from previous block
# <min> <max>
0	1

[block]
# block no. 2 follows, 76 sequences, length 28
# corresponding to MSA columns:
# 156-183
name=unknown_C
#
# <colnr> <probs for GDERKNQSTAVLIFYWHMCP>
#	G	D	E	R	K	N	Q	S	T	A	V	L	I	F	Y	W	H	M	C	P
0	0.01059	0.20317	0.24873	0.00833	0.02164	0.01034	0.00835	0.23492	0.12165	0.08514	0.00855	0.00874	0.00629	0.00390	0.00331	0.00106	0.00414	0.00296	0.00264	0.00556
1	0.00912	0.06830	0.01218	0.01517	0.46338	0.12134	0.00846	0.01152	0.09754	0.01100	0.00935	0.01084	0.06217	0.00466	0.00441	0.07592	0.00417	0.00341	0.00208	0.00495
2	0.83671	0.00680	0.00531	0.00477	0.00692	0.00783	0.00390	0.01042	0.00647	0.01619	0.06285	0.00736	0.00602	0.00365	0.00239	0.00113	0.00274	0.00228	0.00237	0.00390
3	0.00521	0.00357	0.00417	0.00433	0.00452	0.00352	0.00273	0.00550	0.00595	0.00783	0.01469	0.09728	0.07047	0.65043	0.01495	0.00300	0.00327	0.09363	0.00250	0.00245
4	0.01049	0.70328	0.01730	0.00685	0.00971	0.18280	0.00638	0.01161	0.00797	0.00862	0.00517	0.00597	0.00467	0.00324	0.00252	0.00081	0.00442	0.00202	0.00162	0.00457
5	0.06471	0.00439	0.00579	0.00554	0.00657	0.00477	0.00433	0.00688	0.00632	0.00944	0.01264	0.01576	0.12009	0.02069	0.59478	0.00436	0.02869	0.00411	0.00217	0.07798
6	0.00872	0.01126	0.19592	0.12549	0.49727	0.07604	0.01118	0.01126	0.00818	0.01123	0.00662	0.00860	0.00531	0.00338	0.00355	0.00110	0.00479	0.00305	0.00172	0.00533
7	0.00993	0.00939	0.12112	0.00782	0.01047	0.00889	0.00686	0.10572	0.57356	0.08568	0.01300	0.01216	0.00953	0.00464	0.00366	0.00120	0.00335	0.00379	0.00347	0.00578
8	0.00731	0.00434	0.00469	0.00434	0.00544	0.00442	0.00332	0.11844	0.00932	0.01476	0.15866	0.05962	0.01405	0.00518	0.00310	0.00096	0.00203	0.00429	0.57199	0.00374
9	0.01131	0.01316	0.00949	0.00934	0.06596	0.52555	0.00663	0.01432	0.19053	0.01050	0.00923	0.10065	0.00822	0.00479	0.00354	0.00107	0.00513	0.00364	0.00242	0.00452
10	0.00475	0.00365	0.00435	0.00428	0.00522	0.00325	0.00317	0.00606	0.00920	0.01225	0.45832	0.11286	0.34251	0.00849	0.00432	0.00121	0.00180	0.00736	0.00370	0.00325
11	0.00443	0.00331	0.00411	0.00473	0.00519	0.00301	0.00324	0.00514	0.00726	0.00939	0.02388	0.64029	0.22177	0.02799	0.00484	0.00146	0.00209	0.02154	0.00335	0.00297
12	0.00595	0.00595	0.09619	0.00561	0.00714	0.00482	0.00484	0.00923	0.13688	0.01427	0.61854	0.02311	0.03980	0.00665	0.00411	0.00116	0.00229	0.00580	0.00368	0.00399
13	0.01356	0.00864	0.00847	0.00704	0.00907	0.21035	0.00556	0.01473	0.00944	0.46512	0.01108	0.01146	0.00792	0.06397	0.00520	0.00126	0.07615	0.00339	0.06252	0.00507
14	0.00442	0.00369	0.00385	0.00381	0.00499	0.00312	0.00286	0.00546	0.00858	0.01052	0.15611	0.03383	0.72840	0.00894	0.00429	0.00121	0.00182	0.00751	0.00347	0.00312
15	0.00940	0.01666	0.52227	0.00970	0.01382	0.18016	0.01079	0.10118	0.07922	0.01251	0.00727	0.00805	0.00533	0.00373	0.00346	0.00111	0.00525	0.00280	0.00201	0.00526
16	0.00921	0.01018	0.14183	0.07372	0.25327	0.00845	0.32447	0.01194	0.00843	0.10146	0.00774	0.00950	0.00577	0.00340	0.00394	0.00117	0.01459	0.00360	0.00205	0.00528
17	0.00858	0.00980	0.02145	0.01532	0.01900	0.00919	0.83640	0.01164	0.00858	0.01164	0.00735	0.00980	0.00551	0.00306	0.00429	0.00123	0.00613	0.00429	0.00184	0.00490
18	0.01382	0.01018	0.01091	0.00836	0.01127	0.01127	0.00691	0.83748	0.01709	0.02291	0.00873	0.00873	0.00618	0.00436	0.00364	0.00109	0.00400	0.00327	0.00364	0.00618
19	0.00817	0.21514	0.01121	0.00765	0.09451	0.00763	0.02200	0.01981	0.00778	0.01111	0.00728	0.01014	0.00656	0.00349	0.00294	0.00077	0.00328	0.07124	0.00209	0.48722
20	0.00939	0.76047	0.13019	0.00677	0.01018	0.01359	0.00718	0.01097	0.00742	0.00895	0.00525	0.00608	0.00466	0.00316	0.00248	0.00083	0.00408	0.00204	0.00155	0.00476
21	0.00430	0.00368	0.00368	0.00368	0.00491	0.00307	0.00276	0.00522	0.00828	0.00982	0.03682	0.03498	0.84812	0.00920	0.00430	0.00123	0.00184	0.00767	0.00338	0.00307
22	0.01453	0.00834	0.00934	0.09890	0.01155	0.12013	0.00633	0.14827	0.01113	0.51617	0.01143	0.01072	0.00752	0.00428	0.00360	0.00110	0.00389	0.00337	0.00370	0.00569
23	0.03100	0.00992	0.01733	0.12665	0.01785	0.08035	0.53164	0.10010	0.02558	0.01249	0.00732	0.00938	0.00550	0.00338	0.00399	0.00118	0.00562	0.00382	0.00205	0.00486
24	0.61379	0.00676	0.00634	0.00532	0.00775	0.00725	0.00439	0.01295	0.00754	0.28569	0.00805	0.00799	0.00557	0.00374	0.00270	0.00112	0.00290	0.00251	0.00297	0.00466
25	0.00468	0.00336	0.00444	0.00489	0.00533	0.00312	0.00339	0.00569	0.00812	0.01112	0.30796	0.57672	0.02761	0.01001	0.00452	0.00136	0.00197	0.00902	0.00359	0.00312
26	0.12650	0.10764	0.23467	0.00914	0.02051	0.01000	0.06539	0.01014	0.00678	0.01087	0.03016	0.00807	0.00553	0.00460	0.00648	0.00128	0.33308	0.00293	0.00175	0.00448
27	0.12527	0.00633	0.02587	0.06596	0.09981	0.00684	0.09998	0.00847	0.00675	0.01051	0.00955	0.12462	0.02500	0.01179	0.25205	0.00261	0.10818	0.00439	0.00210	0.00393

[dist]
# distance from previous block
# <min> <max>
0	9

[block]
# block no. 3 follows, 76 sequences, length 42
# corresponding to MSA columns:
# 193-234
name=unknown_D
#
# <colnr> <probs for GDERKNQSTAVLIFYWHMCP>
#	G	D	E	R	K	N	Q	S	T	A	V	L	I	F	Y	W	H	M	C	P
0	0.01341	0.10377	0.04700	0.02544	0.02602	0.05746	0.00630	0.18205	0.01096	0.40769	0.01091	0.04106	0.00776	0.00436	0.00347	0.00106	0.00367	0.00344	0.00347	0.04068
1	0.00504	0.06927	0.00571	0.03283	0.00637	0.00413	0.00386	0.00586	0.00705	0.00930	0.01855	0.65265	0.07244	0.01085	0.04623	0.00158	0.00271	0.00870	0.00307	0.03380
2	0.00731	0.05979	0.75592	0.00982	0.01474	0.00843	0.01244	0.01109	0.00750	0.01109	0.00655	0.00792	0.00482	0.00455	0.03313	0.03013	0.00538	0.00271	0.00155	0.00514
3	0.00986	0.18586	0.19125	0.01984	0.15275	0.15024	0.07066	0.09073	0.00914	0.02472	0.00768	0.00878	0.03833	0.00376	0.00351	0.00104	0.02187	0.00298	0.00198	0.00503
4	0.00505	0.00410	0.00533	0.00560	0.00601	0.00438	0.00413	0.00582	0.00707	0.00938	0.02082	0.52060	0.18399	0.01006	0.00578	0.00146	0.14326	0.05091	0.00308	0.00316
5	0.89794	0.00703	0.00534	0.00478	0.00703	0.00815	0.00394	0.01068	0.00619	0.01631	0.00506	0.00590	0.00394	0.00337	0.00225	0.00112	0.00281	0.00197	0.00225	0.00394
6	0.01631	0.00619	0.00843	0.00647	0.00928	0.00534	0.00534	0.01771	0.01040	0.85211	0.01434	0.01237	0.00900	0.00450	0.00365	0.00112	0.00309	0.00365	0.00450	0.00619
7	0.89794	0.00703	0.00534	0.00478	0.00703	0.00815	0.00394	0.01068	0.00619	0.01631	0.00506	0.00590	0.00394	0.00337	0.00225	0.00112	0.00281	0.00197	0.00225	0.00394
8	0.00972	0.87446	0.01905	0.00622	0.00933	0.01438	0.00622	0.01088	0.00738	0.00855	0.00505	0.00583	0.00466	0.00311	0.00233	0.00078	0.00389	0.00194	0.00155	0.00466
9	0.00858	0.00980	0.02145	0.01532	0.01900	0.00919	0.83640	0.01164	0.00858	0.01164	0.00735	0.00980	0.00551	0.00306	0.00429	0.00123	0.00613	0.00429	0.00184	0.00490
10	0.89794	0.00703	0.00534	0.00478	0.00703	0.00815	0.00394	0.01068	0.00619	0.01631	0.00506	0.00590	0.00394	0.00337	0.00225	0.00112	0.00281	0.00197	0.00225	0.00394
11	0.00436	0.00369	0.00378	0.00383	0.00501	0.00311	0.00289	0.00530	0.00825	0.00984	0.03570	0.05923	0.79449	0.00930	0.00433	0.00125	0.00190	0.03731	0.00337	0.00307
12	0.00586	0.00418	0.00586	0.00669	0.00753	0.00418	0.00586	0.00753	0.00837	0.01088	0.01924	0.04100	0.02092	0.01004	0.00502	0.00167	0.00335	0.82513	0.00335	0.00335
13	0.00529	0.00352	0.00396	0.00396	0.00396	0.00352	0.00220	0.00529	0.00529	0.00705	0.01145	0.02378	0.01321	0.87227	0.01850	0.00352	0.00352	0.00529	0.00220	0.00220
14	0.89794	0.00703	0.00534	0.00478	0.00703	0.00815	0.00394	0.01068	0.00619	0.01631	0.00506	0.00590	0.00394	0.00337	0.00225	0.00112	0.00281	0.00197	0.00225	0.00394
15	0.00519	0.00389	0.00584	0.00584	0.00649	0.00454	0.00454	0.00649	0.00584	0.00844	0.00974	0.01428	0.00909	0.02726	0.85787	0.00584	0.00974	0.00389	0.00195	0.00325
16	0.01631	0.00619	0.00843	0.00647	0.00928	0.00534	0.00534	0.01771	0.01040	0.85211	0.01434	0.01237	0.00900	0.00450	0.00365	0.00112	0.00309	0.00365	0.00450	0.00619
17	0.00928	0.00792	0.00835	0.00744	0.00954	0.00915	0.00581	0.05985	0.80211	0.01559	0.01449	0.01332	0.01085	0.00490	0.00370	0.00123	0.00293	0.00407	0.00370	0.00577
18	0.01020	0.76771	0.01796	0.00661	0.00957	0.11941	0.00632	0.01134	0.00775	0.00859	0.00512	0.00592	0.00467	0.00319	0.00245	0.00080	0.00422	0.00199	0.00159	0.00461
19	0.00729	0.01880	0.85344	0.01036	0.01573	0.00844	0.01343	0.01151	0.00767	0.01151	0.00652	0.00767	0.00460	0.00345	0.00345	0.00115	0.00537	0.00269	0.00153	0.00537
20	0.00919	0.00788	0.00830	0.00743	0.00951	0.00911	0.00579	0.04503	0.81707	0.01545	0.01460	0.01341	0.01094	0.00491	0.00370	0.00123	0.00291	0.00408	0.00370	0.00577
21	0.00767	0.07295	0.20516	0.00694	0.02697	0.00645	0.00670	0.00987	0.00757	0.01153	0.00638	0.00747	0.00516	0.00291	0.00286	0.00071	0.00343	0.00228	0.00196	0.60503
22	0.00739	0.04698	0.81014	0.01032	0.01558	0.00865	0.02867	0.01149	0.00768	0.01141	0.00649	0.00765	0.00462	0.00343	0.00343	0.00114	0.00534	0.00269	0.00154	0.00534
23	0.06047	0.00483	0.00701	0.13796	0.12230	0.00515	0.00574	0.00727	0.00713	0.01022	0.01404	0.42905	0.01550	0.00923	0.05827	0.00163	0.01943	0.05051	0.03063	0.00363
24	0.00534	0.00384	0.00514	0.00578	0.00624	0.00386	0.00448	0.00636	0.00731	0.00965	0.01784	0.31985	0.02028	0.14920	0.00726	0.00190	0.02777	0.39172	0.00312	0.00305
25	0.00754	0.00646	0.00754	0.00538	0.00861	0.00484	0.00431	0.00915	0.00754	0.01184	0.00646	0.00754	0.00538	0.00269	0.00269	0.00054	0.00269	0.00215	0.00215	0.89449
26	0.00450	0.00321	0.00430	0.00514	0.00538	0.00301	0.00349	0.00518	0.00703	0.00935	0.01999	0.83023	0.02389	0.01132	0.00466	0.00149	0.00217	0.04932	0.00337	0.00297
27	0.00965	0.00811	0.00856	0.00752	0.00968	0.00932	0.00590	0.12325	0.73811	0.01618	0.01402	0.01295	0.01047	0.00486	0.00369	0.00121	0.00302	0.00400	0.00369	0.00581
28	0.00516	0.00369	0.00454	0.00475	0.00549	0.00341	0.00341	0.00609	0.00800	0.05015	0.14939	0.41250	0.28584	0.00963	0.00464	0.00133	0.02687	0.00840	0.00347	0.00324
29	0.00618	0.00467	0.00696	0.00650	0.00759	0.00449	0.09199	0.04913	0.02035	0.03972	0.21252	0.36231	0.03248	0.00868	0.00448	0.00136	0.00276	0.13079	0.00341	0.00364
30	0.00453	0.00320	0.00419	0.00493	0.00512	0.00302	0.00324	0.00509	0.00677	0.00902	0.01905	0.77257	0.02279	0.11041	0.00623	0.00171	0.00227	0.00975	0.00324	0.00287
31	0.01584	0.00694	0.00890	0.00682	0.00965	0.00646	0.00564	0.17175	0.01166	0.69630	0.01328	0.01169	0.00847	0.00447	0.00365	0.00112	0.00326	0.00358	0.00434	0.00618
32	0.00823	0.00841	0.01109	0.00953	0.00963	0.05269	0.00791	0.00903	0.00580	0.00875	0.00481	0.00788	0.00477	0.00623	0.01150	0.00156	0.82344	0.00314	0.00160	0.00399
33	0.00889	0.04230	0.01410	0.16340	0.59010	0.00869	0.04149	0.01133	0.03510	0.03924	0.00723	0.00928	0.00583	0.00339	0.00359	0.00110	0.00437	0.00327	0.00191	0.00540
34	0.00442	0.00321	0.00417	0.00494	0.00524	0.00296	0.00332	0.00507	0.00708	0.00933	0.02152	0.79603	0.09695	0.01119	0.00461	0.00145	0.00208	0.01010	0.00337	0.00296
35	0.04114	0.01491	0.00935	0.00849	0.01029	0.69445	0.00639	0.01349	0.01010	0.03867	0.08153	0.00958	0.03792	0.00428	0.00338	0.00098	0.00572	0.00294	0.00222	0.00416
36	0.01048	0.00742	0.08015	0.10748	0.14466	0.00651	0.03562	0.02230	0.00885	0.31071	0.01246	0.03651	0.03395	0.01575	0.00433	0.00127	0.03088	0.12257	0.00305	0.00506
37	0.01291	0.02433	0.11143	0.05141	0.12038	0.00651	0.00734	0.02589	0.02264	0.51081	0.02727	0.01248	0.00869	0.00442	0.00366	0.00114	0.00362	0.03584	0.00351	0.00573
38	0.00523	0.00381	0.00509	0.00583	0.00652	0.00367	0.00472	0.00650	0.00793	0.01026	0.02164	0.29211	0.12350	0.01035	0.00482	0.00156	0.00279	0.47712	0.00336	0.00319
39	0.01372	0.00876	0.08027	0.01896	0.07722	0.00792	0.00704	0.27100	0.05475	0.40505	0.01128	0.01061	0.00756	0.00428	0.00363	0.00112	0.00367	0.00344	0.00369	0.00603
40	0.01090	0.19470	0.17646	0.00765	0.02765	0.05832	0.01635	0.06636	0.02534	0.24676	0.07167	0.03417	0.00914	0.03416	0.00390	0.00114	0.00391	0.00346	0.00283	0.00512
41	0.02686	0.00612	0.04583	0.00633	0.00864	0.00506	0.00530	0.02401	0.00951	0.58403	0.01501	0.17885	0.01203	0.00596	0.00385	0.00121	0.00300	0.03457	0.01850	0.00534

[dist]
# distance from previous block
# <min> <max>
1	4

[block]
# block no. 4 follows, 76 sequences, length 22
# corresponding to MSA columns:
# 239-260
name=unknown_E
#
# <colnr> <probs for GDERKNQSTAVLIFYWHMCP>
#	G	D	E	R	K	N	Q	S	T	A	V	L	I	F	Y	W	H	M	C	P
0	0.61586	0.00798	0.04077	0.00840	0.13982	0.00842	0.03884	0.03523	0.05156	0.01537	0.00611	0.00710	0.00476	0.00345	0.00271	0.00113	0.00332	0.00244	0.00225	0.00448
1	0.03794	0.00929	0.05841	0.00904	0.04758	0.03366	0.08322	0.27776	0.23620	0.09038	0.03985	0.02802	0.00879	0.00454	0.00383	0.00116	0.01775	0.00378	0.00325	0.00556
2	0.00526	0.00350	0.00460	0.00506	0.00561	0.00329	0.00358	0.00615	0.00749	0.05473	0.08754	0.58196	0.08685	0.01151	0.06832	0.00173	0.00271	0.03331	0.02358	0.00322
3	0.10590	0.06581	0.07254	0.00819	0.10863	0.06670	0.00622	0.03385	0.00815	0.07405	0.00685	0.00775	0.00540	0.00317	0.00292	0.00081	0.00351	0.00244	0.00223	0.41488
4	0.00618	0.00320	0.00464	0.00464	0.00464	0.00320	0.00303	0.00481	0.00481	0.00641	0.00697	0.01268	0.00720	0.12272	0.01475	0.78018	0.00320	0.00343	0.00166	0.00166
5	0.00448	0.00327	0.00422	0.00491	0.00528	0.00301	0.00335	0.00522	0.00731	0.00965	0.06458	0.71335	0.11996	0.01090	0.00459	0.00143	0.00208	0.02599	0.00341	0.00300
6	0.04081	0.00654	0.01077	0.74172	0.08542	0.00796	0.00973	0.00935	0.00729	0.00975	0.00685	0.03580	0.00547	0.00383	0.00361	0.00121	0.00464	0.00340	0.00171	0.00413
7	0.00827	0.00673	0.00782	0.00564	0.00883	0.00534	0.00453	0.07137	0.00834	0.03819	0.00687	0.00777	0.00555	0.00287	0.00279	0.00060	0.00280	0.00228	0.00234	0.80107
8	0.00972	0.87446	0.01905	0.00622	0.00933	0.01438	0.00622	0.01088	0.00738	0.00855	0.00505	0.00583	0.00466	0.00311	0.00233	0.00078	0.00389	0.00194	0.00155	0.00466
9	0.01005	0.00754	0.00802	0.00690	0.00897	0.00845	0.00545	0.20804	0.47481	0.04928	0.01286	0.01239	0.00956	0.00466	0.00348	0.00113	0.00294	0.00377	0.15623	0.00546
10	0.00900	0.00864	0.01475	0.02231	0.84960	0.00864	0.01115	0.01115	0.00828	0.01187	0.00684	0.00900	0.00576	0.00324	0.00360	0.00108	0.00432	0.00324	0.00180	0.00576
11	0.00978	0.00818	0.00864	0.00755	0.00973	0.00939	0.00593	0.14637	0.71477	0.01640	0.01385	0.01281	0.01033	0.00484	0.00369	0.00121	0.00305	0.00398	0.00369	0.00582
12	0.00858	0.00980	0.02145	0.01532	0.01900	0.00919	0.83640	0.01164	0.00858	0.01164	0.00735	0.00980	0.00551	0.00306	0.00429	0.00123	0.00613	0.00429	0.00184	0.00490
13	0.00511	0.00371	0.00482	0.00454	0.00541	0.00342	0.00341	0.00680	0.01022	0.01441	0.81939	0.02742	0.06268	0.00749	0.00429	0.00115	0.00172	0.00661	0.00398	0.00342
14	0.00904	0.00781	0.00822	0.00740	0.00945	0.00904	0.00575	0.01931	0.84303	0.01520	0.01479	0.01356	0.01109	0.00493	0.00370	0.00123	0.00288	0.00411	0.00370	0.00575
15	0.00498	0.00372	0.00465	0.00456	0.00546	0.00339	0.00346	0.00648	0.00957	0.01305	0.57634	0.06653	0.20844	0.00818	0.00436	0.00121	0.00188	0.06664	0.00379	0.00332
16	0.00727	0.01831	0.81981	0.04441	0.01610	0.00843	0.01330	0.01142	0.00766	0.01142	0.00652	0.00775	0.00461	0.00346	0.00346	0.00115	0.00535	0.00271	0.00154	0.00532
17	0.00519	0.00389	0.00584	0.00584	0.00649	0.00454	0.00454	0.00649	0.00584	0.00844	0.00974	0.01428	0.00909	0.02726	0.85787	0.00584	0.00974	0.00389	0.00195	0.00325
18	0.00862	0.04623	0.35159	0.04382	0.37819	0.00862	0.03021	0.01171	0.02360	0.05303	0.00716	0.00863	0.00547	0.00342	0.00351	0.00111	0.00470	0.00303	0.00185	0.00550
19	0.00905	0.05908	0.12693	0.01338	0.28340	0.14605	0.03020	0.01104	0.02353	0.01040	0.00779	0.00950	0.05011	0.00439	0.00539	0.00118	0.19869	0.00321	0.00184	0.00483
20	0.02424	0.39901	0.21411	0.11702	0.01261	0.04766	0.00817	0.04190	0.00795	0.01014	0.00801	0.03361	0.05393	0.00393	0.00303	0.00099	0.00429	0.00293	0.00182	0.00464
21	0.24753	0.10415	0.09311	0.00842	0.05163	0.31602	0.00693	0.05637	0.00873	0.03640	0.00595	0.00687	0.00473	0.00368	0.00328	0.00104	0.03618	0.00240	0.00206	0.00453

[dist]
# distance from previous block
# <min> <max>
1	5

[block]
# block no. 5 follows, 76 sequences, length 22
# corresponding to MSA columns:
# 289-310
name=unknown_F
#
# <colnr> <probs for GDERKNQSTAVLIFYWHMCP>
#	G	D	E	R	K	N	Q	S	T	A	V	L	I	F	Y	W	H	M	C	P
0	0.04939	0.00772	0.11044	0.10653	0.01150	0.00631	0.00675	0.04679	0.00959	0.48158	0.05592	0.01301	0.03737	0.00466	0.00381	0.00116	0.02091	0.01761	0.00354	0.00540
1	0.00542	0.00387	0.00496	0.00501	0.00573	0.00372	0.00363	0.00699	0.06779	0.01161	0.35178	0.27422	0.04745	0.02276	0.00571	0.10520	0.00221	0.03965	0.00339	0.02891
2	0.00549	0.00452	0.00573	0.03003	0.07456	0.00436	0.00423	0.00748	0.06208	0.01233	0.38002	0.02689	0.33620	0.00747	0.00433	0.00119	0.01959	0.00640	0.00345	0.00366
3	0.00754	0.00646	0.00754	0.00538	0.00861	0.00484	0.00431	0.00915	0.00754	0.01184	0.00646	0.00754	0.00538	0.00269	0.00269	0.00054	0.00269	0.00215	0.00215	0.89449
4	0.00600	0.00519	0.00807	0.03940	0.13693	0.00500	0.09459	0.03038	0.00812	0.01082	0.09333	0.33089	0.17134	0.03702	0.00475	0.00136	0.00299	0.00714	0.00293	0.00376
5	0.00689	0.00716	0.05874	0.81509	0.02450	0.00810	0.01028	0.00941	0.00729	0.00941	0.00646	0.00958	0.00483	0.00362	0.00362	0.00121	0.00487	0.00320	0.00161	0.00411
6	0.00500	0.00371	0.00466	0.00442	0.00534	0.00337	0.00331	0.00658	0.00994	0.01376	0.70806	0.02850	0.17442	0.00774	0.00429	0.00116	0.00174	0.00676	0.00389	0.00337
7	0.00945	0.74094	0.01783	0.00673	0.00936	0.01388	0.00649	0.01055	0.00710	0.00858	0.00501	0.00616	0.00468	0.00361	0.00381	0.00090	0.13667	0.00213	0.00156	0.00456
8	0.00986	0.00909	0.00862	0.00769	0.00977	0.11169	0.00597	0.06519	0.69553	0.01488	0.01334	0.01244	0.01004	0.00476	0.00364	0.00119	0.00338	0.00385	0.00347	0.00559
9	0.00478	0.00370	0.00435	0.00419	0.00520	0.00327	0.00314	0.00615	0.00942	0.01251	0.49651	0.03054	0.38675	0.00820	0.00429	0.00118	0.00177	0.00705	0.00373	0.00327
10	0.00514	0.00372	0.00486	0.00457	0.00543	0.00343	0.00343	0.00686	0.01029	0.01457	0.84768	0.02715	0.03429	0.00743	0.00429	0.00114	0.00171	0.00657	0.00400	0.00343
11	0.00496	0.00372	0.00437	0.00424	0.00527	0.00328	0.00317	0.00625	0.00920	0.03013	0.41806	0.07743	0.40001	0.00839	0.00430	0.00120	0.00182	0.00721	0.00369	0.00330
12	0.01382	0.01018	0.01091	0.00836	0.01127	0.01127	0.00691	0.83748	0.01709	0.02291	0.00873	0.00873	0.00618	0.00436	0.00364	0.00109	0.00400	0.00327	0.00364	0.00618
13	0.01181	0.00608	0.00742	0.00621	0.00837	0.00596	0.00495	0.02663	0.23789	0.42297	0.07391	0.04378	0.05947	0.00530	0.00371	0.00115	0.00275	0.00441	0.06182	0.00541
14	0.00854	0.00968	0.02078	0.01494	0.01838	0.00932	0.78258	0.01145	0.00838	0.01145	0.00719	0.00968	0.00547	0.00328	0.00479	0.00125	0.06196	0.00422	0.00182	0.00484
15	0.00795	0.00795	0.01113	0.00954	0.00954	0.01113	0.00795	0.00875	0.00557	0.00875	0.00477	0.00795	0.00477	0.00636	0.01193	0.00159	0.86562	0.00318	0.00159	0.00398
16	0.01454	0.03716	0.00989	0.00762	0.02960	0.00825	0.00614	0.33793	0.05905	0.43353	0.01168	0.01071	0.00779	0.00439	0.00360	0.00110	0.00349	0.00346	0.00395	0.00610
17	0.00906	0.22909	0.44845	0.00830	0.01256	0.00915	0.00964	0.01189	0.00793	0.11746	0.00714	0.00780	0.00526	0.00342	0.00312	0.00099	0.00443	0.00257	0.00198	0.09977
18	0.04549	0.29034	0.41926	0.00838	0.01228	0.02187	0.00959	0.03015	0.03685	0.02024	0.01723	0.00799	0.01959	0.00370	0.00346	0.00105	0.04311	0.00264	0.00180	0.00498
19	0.00450	0.00369	0.00399	0.00406	0.00516	0.00318	0.00308	0.00555	0.00845	0.01041	0.12984	0.08108	0.65292	0.00917	0.00436	0.00126	0.00194	0.06080	0.00345	0.00312
20	0.01125	0.12938	0.08966	0.00820	0.02497	0.04582	0.00712	0.33980	0.25170	0.04080	0.00976	0.00964	0.00725	0.00423	0.00344	0.00109	0.00387	0.00325	0.00309	0.00568
21	0.00817	0.00700	0.00782	0.00767	0.05554	0.00785	0.00556	0.01618	0.63106	0.01427	0.07991	0.08324	0.04846	0.00572	0.00384	0.00124	0.00276	0.00489	0.00358	0.00524

[dist]
# distance from previous block
# <min> <max>
0	21

[block]
# block no. 6 follows, 76 sequences, length 22
# corresponding to MSA columns:
# 332-353
name=unknown_G
#
# <colnr> <probs for GDERKNQSTAVLIFYWHMCP>
#	G	D	E	R	K	N	Q	S	T	A	V	L	I	F	Y	W	H	M	C	P
0	0.00773	0.07258	0.59984	0.00888	0.01323	0.00779	0.01074	0.01102	0.00783	0.07211	0.00967	0.07449	0.05250	0.00440	0.00351	0.00113	0.00459	0.00354	0.00201	0.03242
1	0.00826	0.34942	0.28134	0.00936	0.06434	0.01035	0.09090	0.01077	0.02145	0.01010	0.00687	0.01920	0.00589	0.03143	0.05300	0.00136	0.00489	0.01454	0.00172	0.00480
2	0.00449	0.00328	0.00423	0.00486	0.00525	0.00302	0.00331	0.00528	0.00748	0.00993	0.11502	0.68396	0.11509	0.01070	0.00456	0.00141	0.00204	0.00962	0.00344	0.00302
3	0.00681	0.00637	0.01080	0.76433	0.02320	0.00778	0.04291	0.00908	0.00717	0.00921	0.00687	0.01076	0.00550	0.06920	0.00478	0.00139	0.00480	0.00343	0.00167	0.00393
4	0.01041	0.05694	0.10811	0.08425	0.31877	0.00909	0.03279	0.17730	0.04998	0.10470	0.00826	0.00928	0.00617	0.00373	0.00355	0.00110	0.00424	0.00323	0.00249	0.00562
5	0.00872	0.01253	0.41785	0.00979	0.06068	0.00746	0.07973	0.05182	0.02969	0.12436	0.01696	0.02240	0.00723	0.10219	0.03142	0.00156	0.00479	0.00352	0.00227	0.00504
6	0.00446	0.00355	0.00391	0.00413	0.00499	0.00310	0.00295	0.00527	0.00778	0.00962	0.05242	0.24629	0.53780	0.07490	0.00547	0.00147	0.00206	0.02353	0.00330	0.00299
7	0.00674	0.00622	0.02793	0.05857	0.32074	0.00604	0.03927	0.00846	0.01556	0.01086	0.06140	0.28114	0.03680	0.00718	0.01814	0.00136	0.01716	0.06958	0.00258	0.00429
8	0.00824	0.04088	0.52060	0.07572	0.11167	0.00892	0.02382	0.08401	0.06905	0.01256	0.00731	0.00847	0.00538	0.00361	0.00350	0.00114	0.00488	0.00295	0.00192	0.00539
9	0.00916	0.05157	0.13180	0.03568	0.48782	0.10514	0.02486	0.01132	0.00811	0.01098	0.00638	0.00832	0.00531	0.00361	0.00427	0.00111	0.08456	0.00301	0.00174	0.00526
10	0.00485	0.00403	0.00481	0.00537	0.06883	0.00356	0.00358	0.00602	0.00866	0.01101	0.21579	0.07952	0.55401	0.00848	0.00426	0.00121	0.00202	0.00724	0.00340	0.00335
11	0.00450	0.00366	0.00398	0.00396	0.00505	0.00315	0.00295	0.00559	0.00868	0.01089	0.22415	0.07877	0.61416	0.00891	0.00431	0.00122	0.00183	0.00756	0.00352	0.00315
12	0.02838	0.06804	0.15628	0.09018	0.45186	0.02452	0.04404	0.03630	0.00829	0.02345	0.00712	0.03248	0.00591	0.00358	0.00352	0.00110	0.00451	0.00326	0.00187	0.00531
13	0.03175	0.00919	0.08882	0.04707	0.53228	0.00823	0.05994	0.02375	0.03057	0.10186	0.00781	0.00932	0.00605	0.00345	0.00358	0.00110	0.00429	0.00326	0.00216	0.02553
14	0.00617	0.00452	0.00548	0.00502	0.00612	0.01734	0.00382	0.03990	0.06666	0.03867	0.71000	0.02491	0.04316	0.00703	0.00419	0.00114	0.00200	0.00615	0.00394	0.00378
15	0.00454	0.00363	0.00381	0.00384	0.00494	0.00311	0.00285	0.00556	0.00831	0.01044	0.10441	0.09592	0.65949	0.00889	0.00420	0.00121	0.00184	0.00749	0.06240	0.00311
16	0.00819	0.06642	0.00838	0.00550	0.00870	0.00553	0.00450	0.00977	0.00769	0.06019	0.00682	0.00770	0.00554	0.00282	0.00272	0.00059	0.00280	0.00223	0.00225	0.78165
17	0.01245	0.00897	0.16262	0.00875	0.09439	0.00663	0.00736	0.06827	0.03536	0.43828	0.04104	0.01112	0.00837	0.00415	0.00356	0.00108	0.00360	0.00341	0.00340	0.07720
18	0.00910	0.15199	0.26481	0.02281	0.21646	0.12993	0.03990	0.01143	0.00795	0.01043	0.00607	0.00767	0.00496	0.00369	0.00423	0.00109	0.09804	0.00277	0.00167	0.00500
19	0.00494	0.00356	0.00494	0.00554	0.00598	0.00362	0.00412	0.00592	0.00690	0.00930	0.01697	0.45768	0.01925	0.04663	0.21994	0.00269	0.00433	0.17162	0.00297	0.00308
20	0.00446	0.00320	0.00424	0.00506	0.00532	0.00298	0.00342	0.00512	0.00703	0.00933	0.02048	0.82674	0.04684	0.01129	0.00464	0.00147	0.00213	0.02990	0.00337	0.00296
21	0.00908	0.62977	0.01608	0.00745	0.08254	0.02413	0.00619	0.01842	0.03472	0.00950	0.05544	0.00936	0.02876	0.05109	0.00356	0.00101	0.00373	0.00274	0.00189	0.00456

[dist]
# distance from previous block
# <min> <max>
0	1

[block]
# block no. 7 follows, 76 sequences, length 60
# corresponding to MSA columns:
# 355-414
name=unknown_H
#
# <colnr> <probs for GDERKNQSTAVLIFYWHMCP>
#	G	D	E	R	K	N	Q	S	T	A	V	L	I	F	Y	W	H	M	C	P
0	0.01016	0.05107	0.05040	0.17348	0.30044	0.27107	0.01888	0.04821	0.00899	0.01073	0.00635	0.00815	0.00515	0.00357	0.00359	0.00106	0.01909	0.00289	0.00184	0.00487
1	0.00892	0.00768	0.00812	0.00731	0.00933	0.00887	0.00568	0.01894	0.81811	0.01518	0.03972	0.01397	0.01179	0.00501	0.00372	0.00123	0.00284	0.00418	0.00371	0.00568
2	0.00627	0.00548	0.00783	0.01018	0.28146	0.00523	0.00582	0.00820	0.04196	0.01209	0.26315	0.02334	0.30161	0.00657	0.00404	0.00115	0.00266	0.00576	0.00306	0.00416
3	0.00518	0.00384	0.00562	0.00564	0.00622	0.00440	0.00429	0.00634	0.00582	0.00834	0.01021	0.04149	0.00993	0.10437	0.75452	0.00549	0.00893	0.00422	0.00201	0.00314
4	0.00728	0.00692	0.00963	0.00841	0.00852	0.00937	0.00686	0.00811	0.00584	0.00890	0.05318	0.01103	0.00759	0.08229	0.09904	0.00217	0.65571	0.00362	0.00181	0.00372
5	0.00435	0.00362	0.00381	0.00394	0.00501	0.00308	0.00291	0.00526	0.00813	0.00983	0.04582	0.14914	0.70914	0.00949	0.00436	0.00127	0.00190	0.02249	0.00338	0.00306
6	0.00847	0.00960	0.01950	0.01419	0.01750	0.04808	0.72882	0.01123	0.00852	0.01132	0.00832	0.08095	0.00701	0.00379	0.00427	0.00123	0.00581	0.00470	0.00197	0.00471
7	0.00754	0.00646	0.00754	0.00538	0.00861	0.00484	0.00431	0.00915	0.00754	0.01184	0.00646	0.00754	0.00538	0.00269	0.00269	0.00054	0.00269	0.00215	0.00215	0.89449
8	0.01382	0.01018	0.01091	0.00836	0.01127	0.01127	0.00691	0.83748	0.01709	0.02291	0.00873	0.00873	0.00618	0.00436	0.00364	0.00109	0.00400	0.00327	0.00364	0.00618
9	0.86877	0.00737	0.00551	0.00493	0.00717	0.03618	0.00404	0.01081	0.00632	0.01606	0.00508	0.00593	0.00396	0.00339	0.00228	0.00112	0.00293	0.00198	0.00224	0.00395
10	0.00666	0.00606	0.01002	0.45185	0.18539	0.00682	0.01985	0.00856	0.00741	0.00984	0.01020	0.24094	0.01020	0.00563	0.00391	0.00126	0.00402	0.00516	0.00213	0.00410
11	0.00529	0.00352	0.00396	0.00396	0.00396	0.00352	0.00220	0.00529	0.00529	0.00705	0.01145	0.02378	0.01321	0.87227	0.01850	0.00352	0.00352	0.00529	0.00220	0.00220
12	0.00483	0.00369	0.00444	0.00429	0.00525	0.00329	0.00320	0.00624	0.00950	0.01279	0.54513	0.05797	0.30985	0.00816	0.00430	0.00118	0.00177	0.00707	0.00377	0.00329
13	0.00454	0.00388	0.00419	0.00447	0.03776	0.00331	0.00313	0.00556	0.00842	0.01022	0.09097	0.03343	0.75988	0.00885	0.00427	0.00122	0.00193	0.00742	0.00336	0.00320
14	0.89794	0.00703	0.00534	0.00478	0.00703	0.00815	0.00394	0.01068	0.00619	0.01631	0.00506	0.00590	0.00394	0.00337	0.00225	0.00112	0.00281	0.00197	0.00225	0.00394
15	0.89794	0.00703	0.00534	0.00478	0.00703	0.00815	0.00394	0.01068	0.00619	0.01631	0.00506	0.00590	0.00394	0.00337	0.00225	0.00112	0.00281	0.00197	0.00225	0.00394
16	0.00754	0.00646	0.00754	0.00538	0.00861	0.00484	0.00431	0.00915	0.00754	0.01184	0.00646	0.00754	0.00538	0.00269	0.00269	0.00054	0.00269	0.00215	0.00215	0.89449
