[name]
unknown

[dist]
# distance from previous block
# <min> <max>
0	1179

[block]
# block no. 0 follows, 68 sequences, length 27
# corresponding to MSA columns:
# 1186-1212
name=unknown_A
#
# <colnr> <probs for GDERKNQSTAVLIFYWHMCP>
#	G	D	E	R	K	N	Q	S	T	A	V	L	I	F	Y	W	H	M	C	P
0	0.00544	0.00395	0.00437	0.00441	0.00494	0.00372	0.00287	0.00594	0.00722	0.00920	0.04954	0.03119	0.28818	0.50161	0.01368	0.00281	0.00316	0.05199	0.00296	0.00283
1	0.01311	0.23958	0.02507	0.00904	0.01179	0.21505	0.02293	0.32012	0.01271	0.01548	0.00722	0.00804	0.00575	0.00437	0.00423	0.00111	0.07326	0.00294	0.00265	0.00555
2	0.00569	0.00386	0.00435	0.00433	0.00446	0.00381	0.00250	0.00584	0.00621	0.00823	0.04999	0.02687	0.06681	0.77022	0.01853	0.00357	0.00364	0.00599	0.00257	0.00252
3	0.00985	0.00755	0.00873	0.00640	0.00978	0.00633	0.00516	0.13324	0.01004	0.07465	0.00896	0.00962	0.02910	0.00355	0.00322	0.00075	0.00316	0.00282	0.00282	0.66428
4	0.04190	0.00871	0.02280	0.09759	0.48412	0.00873	0.04117	0.01360	0.07288	0.13652	0.00957	0.02879	0.00750	0.00411	0.00395	0.00123	0.00442	0.00383	0.00260	0.00600
5	0.00861	0.01887	0.72775	0.01112	0.01660	0.00909	0.04323	0.01332	0.04712	0.05601	0.00802	0.00903	0.00564	0.00389	0.00382	0.00126	0.00563	0.00312	0.00197	0.00591
6	0.00795	0.02051	0.84011	0.01130	0.01716	0.00921	0.01465	0.01256	0.00837	0.01256	0.00712	0.00837	0.00502	0.00377	0.00377	0.00126	0.00586	0.00293	0.00167	0.00586
7	0.00825	0.04349	0.66546	0.03133	0.01600	0.04649	0.01303	0.01243	0.03245	0.01217	0.00795	0.05049	0.00630	0.00435	0.00410	0.00127	0.03360	0.00338	0.00186	0.00558
8	0.01080	0.01047	0.11244	0.14944	0.31112	0.07401	0.02941	0.02319	0.04063	0.15128	0.01028	0.01149	0.03922	0.00424	0.00395	0.00122	0.00478	0.00371	0.00257	0.00574
9	0.00563	0.00425	0.00523	0.00497	0.00603	0.00395	0.00373	0.00777	0.04939	0.01491	0.63949	0.04409	0.17895	0.00840	0.00465	0.00127	0.00196	0.00733	0.00422	0.00378
10	0.00529	0.00399	0.00500	0.00571	0.02158	0.00374	0.00387	0.02813	0.02275	0.01101	0.05333	0.61871	0.17954	0.01132	0.00491	0.00152	0.00235	0.01010	0.00369	0.00347
11	0.02296	0.07606	0.13001	0.02567	0.17056	0.03658	0.16937	0.04217	0.00999	0.26276	0.00985	0.01051	0.00697	0.00400	0.00394	0.00121	0.00488	0.00366	0.00288	0.00600
12	0.02163	0.02655	0.00884	0.18564	0.01183	0.00626	0.08286	0.00794	0.00698	0.00952	0.01113	0.11534	0.01152	0.27820	0.16888	0.00310	0.03260	0.00532	0.00229	0.00358
13	0.00689	0.00344	0.00517	0.00517	0.00517	0.00344	0.00344	0.00517	0.00517	0.00689	0.00689	0.01205	0.00689	0.01377	0.01550	0.88464	0.00344	0.00344	0.00172	0.00172
14	0.00997	0.12316	0.07789	0.27707	0.20211	0.16848	0.04899	0.01239	0.02293	0.01100	0.00697	0.00911	0.00558	0.00379	0.00372	0.00117	0.00545	0.00318	0.00190	0.00514
15	0.00963	0.17980	0.52724	0.01057	0.05372	0.01035	0.01186	0.04634	0.02916	0.07456	0.00778	0.00864	0.00570	0.00385	0.00357	0.00117	0.00518	0.00295	0.00209	0.00584
16	0.00568	0.00438	0.00461	0.00443	0.00587	0.00381	0.00336	0.02200	0.02957	0.05061	0.07908	0.04813	0.70544	0.00952	0.00463	0.00133	0.00214	0.00796	0.00379	0.00366
17	0.03176	0.60043	0.01840	0.01978	0.10110	0.12480	0.01726	0.02774	0.00877	0.01032	0.00593	0.00701	0.00525	0.00354	0.00290	0.00093	0.00470	0.00241	0.00184	0.00516
18	0.01766	0.00695	0.00933	0.00715	0.01022	0.00613	0.00591	0.05739	0.01169	0.80012	0.01535	0.01331	0.00967	0.00490	0.00399	0.00123	0.00342	0.00397	0.00486	0.00675
19	0.00577	0.00384	0.00432	0.00432	0.00432	0.00384	0.00240	0.00577	0.00577	0.00769	0.01249	0.02595	0.01441	0.86066	0.02018	0.00384	0.00384	0.00577	0.00240	0.00240
20	0.02341	0.05126	0.13556	0.05158	0.15269	0.01037	0.21479	0.01153	0.00807	0.03075	0.00725	0.02644	0.00608	0.00471	0.00661	0.00139	0.24655	0.00379	0.00196	0.00521
21	0.00858	0.00797	0.02938	0.38159	0.01782	0.00914	0.00845	0.01546	0.41473	0.01349	0.02484	0.01354	0.02824	0.00486	0.00402	0.00133	0.00411	0.00415	0.00297	0.00533
22	0.01226	0.01054	0.01565	0.01169	0.01503	0.01103	0.30445	0.42990	0.09370	0.01947	0.02916	0.01094	0.00772	0.00438	0.00425	0.00126	0.00503	0.00415	0.00327	0.00612
23	0.00540	0.00417	0.00602	0.00610	0.00683	0.00391	0.05501	0.00675	0.02332	0.01180	0.21119	0.55149	0.06088	0.01060	0.00492	0.00150	0.00250	0.02033	0.00374	0.00354
24	0.00884	0.01511	0.44891	0.06611	0.26809	0.00925	0.06789	0.01261	0.02484	0.03021	0.00764	0.00934	0.00573	0.00373	0.00390	0.00124	0.00542	0.00332	0.00191	0.00589
25	0.00548	0.00454	0.00711	0.00692	0.00772	0.00431	0.10717	0.00654	0.00790	0.01048	0.02129	0.65852	0.09366	0.01093	0.00518	0.00156	0.02373	0.00999	0.00342	0.00353
26	0.01306	0.01052	0.01083	0.02723	0.01192	0.05587	0.00718	0.47966	0.30312	0.02089	0.01161	0.01127	0.00851	0.00492	0.00397	0.00124	0.00410	0.00384	0.00384	0.00641

[dist]
# distance from previous block
# <min> <max>
1	7

[block]
# block no. 1 follows, 68 sequences, length 63
# corresponding to MSA columns:
# 1220-1230,1240-1291
name=unknown_B
#
# <colnr> <probs for GDERKNQSTAVLIFYWHMCP>
#	G	D	E	R	K	N	Q	S	T	A	V	L	I	F	Y	W	H	M	C	P
0	0.59019	0.25301	0.01036	0.00618	0.03036	0.01071	0.00520	0.01157	0.00721	0.01503	0.00600	0.02885	0.00515	0.00382	0.00259	0.00113	0.00343	0.00242	0.00226	0.00455
1	0.00860	0.02383	0.01220	0.38599	0.26708	0.08614	0.00988	0.01071	0.00850	0.01096	0.00889	0.10473	0.00813	0.01888	0.00426	0.00131	0.00486	0.00431	0.01592	0.00483
2	0.00862	0.00811	0.03878	0.01010	0.17933	0.00653	0.01885	0.01101	0.04194	0.01306	0.00752	0.00886	0.00618	0.00319	0.00324	0.00077	0.00347	0.00273	0.00231	0.62539
3	0.00844	0.02625	0.27589	0.07392	0.02794	0.03744	0.02653	0.01150	0.04274	0.02463	0.00835	0.05715	0.00699	0.00412	0.00378	0.00103	0.02453	0.00335	0.00222	0.33323
4	0.00578	0.00401	0.00532	0.00532	0.00565	0.00434	0.00365	0.00635	0.00602	0.00835	0.01132	0.02038	0.01192	0.42903	0.40396	0.05155	0.00698	0.00494	0.00224	0.00290
5	0.01266	0.00948	0.00991	0.00818	0.01076	0.05390	0.00655	0.33706	0.29645	0.11159	0.07348	0.01371	0.02752	0.00531	0.00404	0.00125	0.00375	0.00424	0.00402	0.00618
6	0.00577	0.00384	0.00432	0.00432	0.00432	0.00384	0.00240	0.00577	0.00577	0.00769	0.01249	0.02595	0.01441	0.86066	0.02018	0.00384	0.00384	0.00577	0.00240	0.00240
7	0.00568	0.00409	0.00563	0.00566	0.00611	0.00454	0.00406	0.00660	0.00620	0.00871	0.01153	0.03942	0.01183	0.31124	0.54485	0.00540	0.00812	0.00493	0.00226	0.00315
8	0.01060	0.86304	0.02078	0.00678	0.01018	0.01569	0.00678	0.01187	0.00806	0.00933	0.00551	0.00636	0.00509	0.00339	0.00254	0.00085	0.00424	0.00212	0.00170	0.00509
9	0.88866	0.00767	0.00583	0.00521	0.00767	0.00889	0.00429	0.01166	0.00675	0.01779	0.00552	0.00644	0.00429	0.00368	0.00245	0.00123	0.00307	0.00215	0.00245	0.00429
10	0.00822	0.00705	0.00822	0.00587	0.00940	0.00529	0.00470	0.00998	0.00822	0.01292	0.00705	0.00822	0.00587	0.00294	0.00294	0.00059	0.00294	0.00235	0.00235	0.88490
11	0.00822	0.00705	0.00822	0.00587	0.00940	0.00529	0.00470	0.00998	0.00822	0.01292	0.00705	0.00822	0.00587	0.00294	0.00294	0.00059	0.00294	0.00235	0.00235	0.88490
12	0.00577	0.00384	0.00432	0.00432	0.00432	0.00384	0.00240	0.00577	0.00577	0.00769	0.01249	0.02595	0.01441	0.86066	0.02018	0.00384	0.00384	0.00577	0.00240	0.00240
13	0.01747	0.00665	0.00903	0.00695	0.00995	0.00576	0.00573	0.01901	0.01125	0.81316	0.01556	0.01354	0.00983	0.00490	0.00395	0.00122	0.00333	0.00398	0.03208	0.00665
14	0.00986	0.00852	0.00897	0.00807	0.01031	0.00986	0.00628	0.02107	0.82876	0.01659	0.01614	0.01479	0.01210	0.00538	0.00403	0.00134	0.00314	0.00448	0.00403	0.00628
15	0.88866	0.00767	0.00583	0.00521	0.00767	0.00889	0.00429	0.01166	0.00675	0.01779	0.00552	0.00644	0.00429	0.00368	0.00245	0.00123	0.00307	0.00215	0.00245	0.00429
16	0.00660	0.00530	0.00655	0.05551	0.02331	0.00566	0.00504	0.01061	0.25610	0.01213	0.01901	0.53867	0.02038	0.00964	0.00467	0.00151	0.00277	0.00863	0.00365	0.00427
17	0.00822	0.00705	0.00822	0.00587	0.00940	0.00529	0.00470	0.00998	0.00822	0.01292	0.00705	0.00822	0.00587	0.00294	0.00294	0.00059	0.00294	0.00235	0.00235	0.88490
18	0.00867	0.00867	0.01214	0.01041	0.01041	0.01214	0.00867	0.00954	0.00607	0.00954	0.00520	0.00867	0.00520	0.00694	0.01301	0.00173	0.85340	0.00347	0.00173	0.00434
19	0.00582	0.00447	0.00666	0.00658	0.00725	0.00532	0.00514	0.00720	0.00636	0.00922	0.01035	0.01523	0.00967	0.02859	0.80298	0.00614	0.05313	0.00421	0.00210	0.00358
20	0.88866	0.00767	0.00583	0.00521	0.00767	0.00889	0.00429	0.01166	0.00675	0.01779	0.00552	0.00644	0.00429	0.00368	0.00245	0.00123	0.00307	0.00215	0.00245	0.00429
21	0.00867	0.00867	0.01214	0.01041	0.01041	0.01214	0.00867	0.00954	0.00607	0.00954	0.00520	0.00867	0.00520	0.00694	0.01301	0.00173	0.85340	0.00347	0.00173	0.00434
22	0.00481	0.00360	0.00447	0.00515	0.00566	0.00326	0.00352	0.00560	0.00802	0.01039	0.04393	0.64188	0.22179	0.01175	0.00496	0.00154	0.00222	0.01048	0.00370	0.00326
23	0.00483	0.00345	0.00460	0.00552	0.00575	0.00322	0.00368	0.00552	0.00759	0.01012	0.02185	0.85807	0.02622	0.01242	0.00506	0.00161	0.00230	0.01127	0.00368	0.00322
24	0.01612	0.00672	0.00919	0.00732	0.01015	0.00601	0.02135	0.01825	0.05647	0.69982	0.01603	0.01644	0.01109	0.00547	0.00414	0.00129	0.00345	0.07958	0.00469	0.00640
25	0.28281	0.01005	0.01004	0.00792	0.01088	0.01125	0.00654	0.57413	0.01500	0.02278	0.00829	0.00858	0.00599	0.00443	0.00350	0.00120	0.00397	0.00313	0.00350	0.00599
26	0.00986	0.00852	0.00897	0.00807	0.01031	0.00986	0.00628	0.02107	0.82876	0.01659	0.01614	0.01479	0.01210	0.00538	0.00403	0.00134	0.00314	0.00448	0.00403	0.00628
27	0.00500	0.00403	0.00445	0.00434	0.00555	0.00348	0.00326	0.00629	0.00977	0.01246	0.30711	0.03529	0.56629	0.00939	0.00468	0.00131	0.00196	0.00797	0.00391	0.00348
28	0.00981	0.00942	0.01609	0.02434	0.83592	0.00942	0.01217	0.01217	0.00903	0.01295	0.00746	0.00981	0.00628	0.00353	0.00393	0.00118	0.00471	0.00353	0.00196	0.00628
29	0.01060	0.86304	0.02078	0.00678	0.01018	0.01569	0.00678	0.01187	0.00806	0.00933	0.00551	0.00636	0.00509	0.00339	0.00254	0.00085	0.00424	0.00212	0.00170	0.00509
30	0.00506	0.00421	0.00436	0.00426	0.00560	0.00363	0.00321	0.02739	0.00953	0.01165	0.12594	0.03647	0.72561	0.00969	0.00467	0.00132	0.00206	0.00811	0.00376	0.00348
31	0.00521	0.00404	0.00475	0.00457	0.00568	0.00357	0.00343	0.00671	0.01028	0.01366	0.49101	0.03331	0.38163	0.00894	0.00468	0.00129	0.00193	0.00769	0.00407	0.00357
32	0.00880	0.00757	0.00849	0.00665	0.00972	0.00691	0.00526	0.01391	0.29914	0.01422	0.01027	0.01055	0.00808	0.00380	0.00333	0.00086	0.00301	0.00311	0.00295	0.57339
33	0.00749	0.00705	0.01189	0.85113	0.02731	0.00881	0.01101	0.01013	0.00793	0.01013	0.00705	0.01057	0.00529	0.00396	0.00396	0.00132	0.00529	0.00352	0.00176	0.00440
34	0.00622	0.00500	0.00717	0.00685	0.00734	0.00612	0.00531	0.00736	0.00624	0.00908	0.00987	0.01562	0.00962	0.12923	0.59086	0.00521	0.16296	0.00430	0.00209	0.00354
35	0.01350	0.00547	0.00760	0.00630	0.00817	0.00491	0.00487	0.01381	0.00895	0.51387	0.01236	0.01327	0.00886	0.02920	0.00860	0.32454	0.00341	0.00383	0.00368	0.00480
36	0.01165	0.00932	0.01096	0.00907	0.01092	0.01118	0.00742	0.31175	0.20520	0.05151	0.01001	0.01079	0.00772	0.00562	0.00692	0.00140	0.28262	0.00377	0.02642	0.00576
37	0.00823	0.00591	0.00730	0.00740	0.00875	0.02399	0.00626	0.12500	0.03014	0.04706	0.07469	0.07013	0.02052	0.00941	0.00505	0.00163	0.00363	0.53684	0.00377	0.00429
38	0.01143	0.05641	0.01292	0.05411	0.28632	0.18928	0.00893	0.10728	0.20616	0.01417	0.00936	0.01025	0.00736	0.00424	0.00381	0.00117	0.00482	0.00348	0.00268	0.00582
39	0.88866	0.00767	0.00583	0.00521	0.00767	0.00889	0.00429	0.01166	0.00675	0.01779	0.00552	0.00644	0.00429	0.00368	0.00245	0.00123	0.00307	0.00215	0.00245	0.00429
40	0.00734	0.00669	0.00927	0.08571	0.01021	0.03038	0.02211	0.00846	0.00649	0.00926	0.00829	0.01371	0.00814	0.14692	0.27474	0.00346	0.33894	0.00408	0.00198	0.00382
41	0.00763	0.00714	0.01013	0.00901	0.00924	0.00965	0.00737	0.00867	0.00620	0.00945	0.00730	0.02937	0.00717	0.01436	0.27943	0.00322	0.56481	0.00389	0.00190	0.00406
42	0.00566	0.00404	0.00526	0.00496	0.00589	0.00374	0.00372	0.00753	0.01115	0.01587	0.81364	0.02925	0.03674	0.00802	0.00463	0.00124	0.00187	0.00708	0.02597	0.00374
43	0.00846	0.08869	0.62970	0.01019	0.01527	0.00954	0.01244	0.04605	0.05303	0.01304	0.02195	0.00965	0.02572	0.00405	0.00369	0.00120	0.00526	0.00315	0.00201	0.03690
44	0.00749	0.00705	0.01189	0.85113	0.02731	0.00881	0.01101	0.01013	0.00793	0.01013	0.00705	0.01057	0.00529	0.00396	0.00396	0.00132	0.00529	0.00352	0.00176	0.00440
45	0.00749	0.00705	0.01189	0.85113	0.02731	0.00881	0.01101	0.01013	0.00793	0.01013	0.00705	0.01057	0.00529	0.00396	0.00396	0.00132	0.00529	0.00352	0.00176	0.00440
46	0.00577	0.00384	0.00432	0.00432	0.00432	0.00384	0.00240	0.00577	0.00577	0.00769	0.01249	0.02595	0.01441	0.86066	0.02018	0.00384	0.00384	0.00577	0.00240	0.00240
47	0.88866	0.00767	0.00583	0.00521	0.00767	0.00889	0.00429	0.01166	0.00675	0.01779	0.00552	0.00644	0.00429	0.00368	0.00245	0.00123	0.00307	0.00215	0.00245	0.00429
48	0.00689	0.00344	0.00517	0.00517	0.00517	0.00344	0.00344	0.00517	0.00517	0.00689	0.00689	0.01205	0.00689	0.01377	0.01550	0.88464	0.00344	0.00344	0.00172	0.00172
49	0.01060	0.86304	0.02078	0.00678	0.01018	0.01569	0.00678	0.01187	0.00806	0.00933	0.00551	0.00636	0.00509	0.00339	0.00254	0.00085	0.00424	0.00212	0.00170	0.00509
50	0.00953	0.00786	0.00825	0.00747	0.00954	0.00902	0.00580	0.01946	0.71703	0.01634	0.01570	0.01479	0.01184	0.00528	0.00386	0.00129	0.00296	0.00438	0.12369	0.00592
51	0.00867	0.00867	0.01214	0.01041	0.01041	0.01214	0.00867	0.00954	0.00607	0.00954	0.00520	0.00867	0.00520	0.00694	0.01301	0.00173	0.85340	0.00347	0.00173	0.00434
52	0.88866	0.00767	0.00583	0.00521	0.00767	0.00889	0.00429	0.01166	0.00675	0.01779	0.00552	0.00644	0.00429	0.00368	0.00245	0.00123	0.00307	0.00215	0.00245	0.00429
53	0.00502	0.00360	0.00477	0.00539	0.00579	0.00335	0.00370	0.00600	0.00848	0.01154	0.22120	0.65468	0.02897	0.01136	0.00497	0.00152	0.00219	0.01026	0.00385	0.00335
54	0.00822	0.00705	0.00822	0.00587	0.00940	0.00529	0.00470	0.00998	0.00822	0.01292	0.00705	0.00822	0.00587	0.00294	0.00294	0.00059	0.00294	0.00235	0.00235	0.88490
55	0.00514	0.00403	0.00464	0.00449	0.00563	0.00354	0.00337	0.00656	0.01010	0.01323	0.42591	0.03401	0.44700	0.00910	0.00468	0.00129	0.00194	0.00779	0.00401	0.00354
56	0.00795	0.02051	0.84011	0.01130	0.01716	0.00921	0.01465	0.01256	0.00837	0.01256	0.00712	0.00837	0.00502	0.00377	0.00377	0.00126	0.00586	0.00293	0.00167	0.00586
57	0.00816	0.00798	0.01176	0.01004	0.01041	0.01070	0.05617	0.00928	0.00632	0.00967	0.00636	0.01006	0.00611	0.01089	0.16463	0.00256	0.64912	0.00368	0.00182	0.00425
58	0.00742	0.03749	0.66823	0.00987	0.01484	0.00829	0.01234	0.01129	0.00849	0.01214	0.01310	0.01375	0.15623	0.00490	0.00391	0.00126	0.00512	0.00390	0.00204	0.00538
59	0.00469	0.00402	0.00402	0.00402	0.00536	0.00335	0.00301	0.00569	0.00904	0.01071	0.04017	0.03816	0.83432	0.01004	0.00469	0.00134	0.00201	0.00837	0.00368	0.00335
60	0.01060	0.86304	0.02078	0.00678	0.01018	0.01569	0.00678	0.01187	0.00806	0.00933	0.00551	0.00636	0.00509	0.00339	0.00254	0.00085	0.00424	0.00212	0.00170	0.00509
61	0.00981	0.00942	0.01609	0.02434	0.83592	0.00942	0.01217	0.01217	0.00903	0.01295	0.00746	0.00981	0.00628	0.00353	0.00393	0.00118	0.00471	0.00353	0.00196	0.00628
62	0.00987	0.00945	0.03889	0.08881	0.63969	0.00925	0.05139	0.02377	0.02390	0.04297	0.00811	0.01058	0.00662	0.00377	0.00399	0.00121	0.00479	0.01474	0.00214	0.00606

[dist]
# distance from previous block
# <min> <max>
0	4

[block]
# block no. 2 follows, 68 sequences, length 116
# corresponding to MSA columns:
# 1296-1411
name=unknown_C
#
# <colnr> <probs for GDERKNQSTAVLIFYWHMCP>
#	G	D	E	R	K	N	Q	S	T	A	V	L	I	F	Y	W	H	M	C	P
0	0.00502	0.00366	0.00485	0.00562	0.00583	0.00357	0.00378	0.00568	0.00743	0.00996	0.02072	0.77900	0.02479	0.06251	0.00624	0.00175	0.03219	0.01067	0.00354	0.00321
1	0.70090	0.03568	0.00768	0.00639	0.00886	0.13558	0.03153	0.01233	0.00755	0.01614	0.00569	0.00668	0.00450	0.00372	0.00270	0.00119	0.00384	0.00229	0.00235	0.00440
2	0.00494	0.00408	0.00436	0.00443	0.00569	0.00350	0.00342	0.00609	0.00922	0.01125	0.10290	0.03813	0.68631	0.00998	0.00477	0.00138	0.00217	0.09023	0.00373	0.00341
3	0.01140	0.00985	0.01196	0.07995	0.18607	0.04716	0.02248	0.25538	0.29026	0.01734	0.01091	0.01136	0.00825	0.00462	0.00408	0.00125	0.01445	0.00384	0.00325	0.00615
4	0.66709	0.00819	0.00685	0.00588	0.00836	0.02111	0.00482	0.15522	0.00902	0.01876	0.00670	0.00751	0.00510	0.00394	0.00276	0.00120	0.00328	0.00250	0.05702	0.00470
5	0.00991	0.00918	0.01491	0.08902	0.65531	0.00933	0.01125	0.07621	0.00965	0.01365	0.00773	0.01958	0.00645	0.00374	0.00390	0.00117	0.00462	0.00357	0.00214	0.04870
6	0.01127	0.20534	0.36185	0.00948	0.01373	0.03558	0.05347	0.01410	0.00912	0.21496	0.00882	0.00928	0.00628	0.00403	0.00382	0.00117	0.02630	0.00310	0.00251	0.00580
7	0.02679	0.53910	0.03537	0.00695	0.01028	0.01208	0.00660	0.01442	0.00916	0.29157	0.00899	0.00883	0.00668	0.00392	0.00306	0.00099	0.00396	0.00277	0.00280	0.00566
8	0.00557	0.00405	0.00524	0.00494	0.00590	0.00372	0.00371	0.00740	0.01112	0.01565	0.79616	0.03002	0.07524	0.00820	0.00468	0.00125	0.00188	0.00723	0.00433	0.00372
9	0.00687	0.04121	0.12111	0.02048	0.02937	0.00573	0.00700	0.00878	0.00827	0.03094	0.01590	0.10118	0.01670	0.08106	0.10997	0.00238	0.00478	0.38131	0.00297	0.00401
10	0.01224	0.02445	0.08509	0.05006	0.39736	0.02521	0.04666	0.01453	0.00972	0.28017	0.01003	0.01084	0.00722	0.00402	0.00394	0.00120	0.00453	0.00364	0.00288	0.00622
11	0.00574	0.00417	0.00550	0.00614	0.00685	0.00408	0.00488	0.00700	0.00825	0.01073	0.02199	0.20704	0.12514	0.10186	0.06608	0.00225	0.00368	0.40181	0.00342	0.00338
12	0.88866	0.00767	0.00583	0.00521	0.00767	0.00889	0.00429	0.01166	0.00675	0.01779	0.00552	0.00644	0.00429	0.00368	0.00245	0.00123	0.00307	0.00215	0.00245	0.00429
13	0.00475	0.00388	0.00421	0.00447	0.00551	0.00333	0.00325	0.00569	0.00866	0.01057	0.03501	0.25462	0.60755	0.01068	0.00480	0.00142	0.00211	0.02249	0.00368	0.00332
14	0.01135	0.31652	0.24280	0.00947	0.07897	0.01054	0.00905	0.01372	0.00900	0.20353	0.00855	0.00895	0.00631	0.00383	0.00335	0.00106	0.00445	0.00290	0.00249	0.05315
15	0.01114	0.01187	0.07215	0.03013	0.52804	0.17187	0.03615	0.01337	0.00956	0.06689	0.00773	0.00948	0.00618	0.00375	0.00387	0.00116	0.00525	0.00337	0.00215	0.00590
16	0.00566	0.00425	0.00637	0.00637	0.00708	0.00496	0.00496	0.00708	0.00637	0.00920	0.01062	0.01558	0.00991	0.02974	0.84494	0.00637	0.01062	0.00425	0.00212	0.00354
17	0.01481	0.01890	0.01124	0.01021	0.01226	0.84474	0.00766	0.01583	0.01124	0.00970	0.00613	0.00715	0.00511	0.00409	0.00358	0.00102	0.00715	0.00255	0.00204	0.00460
18	0.01438	0.05956	0.16803	0.06553	0.01295	0.09946	0.00818	0.05034	0.01066	0.45357	0.01157	0.01106	0.00768	0.00444	0.00382	0.00119	0.00448	0.00347	0.00354	0.00609
19	0.00839	0.02992	0.71092	0.05962	0.06061	0.00917	0.01391	0.01261	0.00848	0.03987	0.00739	0.00872	0.00526	0.00380	0.00378	0.00125	0.00566	0.00302	0.00180	0.00582
20	0.00739	0.00370	0.00370	0.00370	0.00462	0.00370	0.00277	0.00924	0.00831	0.01478	0.01293	0.01478	0.01016	0.00462	0.00277	0.00092	0.00185	0.00370	0.88267	0.00370
21	0.00770	0.00727	0.01228	0.77441	0.10234	0.00887	0.01112	0.01032	0.00803	0.01039	0.00709	0.01050	0.00538	0.00392	0.00396	0.00131	0.00523	0.00352	0.00178	0.00458
22	0.01596	0.03364	0.07247	0.00846	0.04070	0.02697	0.00712	0.17549	0.01237	0.54525	0.01300	0.01185	0.00848	0.00468	0.00391	0.00120	0.00391	0.00372	0.00422	0.00657
23	0.00475	0.00402	0.00411	0.00409	0.00540	0.00338	0.00307	0.00582	0.00920	0.01109	0.09767	0.03754	0.77658	0.00990	0.00469	0.00133	0.00200	0.00828	0.00373	0.00338
24	0.00560	0.00405	0.00528	0.00497	0.00591	0.00374	0.00373	0.00746	0.01119	0.01582	0.82190	0.02975	0.04939	0.00813	0.00468	0.00125	0.00187	0.00719	0.00435	0.00374
25	0.00641	0.00458	0.00636	0.00722	0.00813	0.00459	0.00625	0.01859	0.00916	0.01194	0.02089	0.09059	0.02280	0.01096	0.00543	0.00181	0.00358	0.75338	0.00366	0.00367
26	0.00805	0.00735	0.01104	0.62396	0.02268	0.00897	0.00974	0.01278	0.21035	0.01176	0.00961	0.01239	0.00737	0.00447	0.00402	0.00134	0.00472	0.02218	0.00237	0.00485
27	0.00567	0.00421	0.00615	0.00615	0.00679	0.00484	0.00468	0.00694	0.00631	0.00904	0.01082	0.01668	0.01039	0.11798	0.75736	0.00610	0.00990	0.00441	0.00215	0.00342
28	0.01612	0.00833	0.01076	0.04538	0.01201	0.00822	0.03953	0.27784	0.01347	0.50624	0.01298	0.01197	0.00847	0.00475	0.00401	0.00122	0.00391	0.00386	0.00435	0.00659
29	0.08612	0.15643	0.12620	0.00884	0.03887	0.06541	0.00789	0.18649	0.08198	0.16500	0.00944	0.00957	0.00687	0.00436	0.00382	0.00117	0.02941	0.00320	0.00306	0.00587
30	0.00808	0.06049	0.80123	0.01109	0.01683	0.00952	0.01428	0.01252	0.00836	0.01240	0.00704	0.00828	0.00503	0.00375	0.00371	0.00124	0.00578	0.00289	0.00168	0.00582
31	0.00689	0.00344	0.00517	0.00517	0.00517	0.00344	0.00344	0.00517	0.00517	0.00689	0.00689	0.01205	0.00689	0.01377	0.01550	0.88464	0.00344	0.00344	0.00172	0.00172
32	0.00768	0.00774	0.04371	0.75721	0.08754	0.00887	0.01124	0.01038	0.00803	0.01043	0.00708	0.01043	0.00535	0.00392	0.00395	0.00131	0.00526	0.00350	0.00177	0.00460
33	0.01055	0.02341	0.06934	0.16070	0.18271	0.01889	0.13399	0.14110	0.06543	0.07337	0.02157	0.01069	0.00708	0.00430	0.00462	0.00128	0.05889	0.00379	0.00260	0.00569
34	0.00947	0.00813	0.00884	0.00832	0.03524	0.00928	0.00625	0.01949	0.72534	0.01619	0.06250	0.01635	0.01365	0.01905	0.00435	0.00138	0.00314	0.02306	0.00396	0.00601
35	0.00499	0.00402	0.00444	0.00435	0.00554	0.00347	0.00326	0.00627	0.00972	0.01238	0.29676	0.04710	0.56488	0.00945	0.00469	0.00131	0.00197	0.00802	0.00390	0.00347
36	0.23783	0.16550	0.39240	0.01803	0.05235	0.01031	0.01003	0.01254	0.04470	0.01352	0.00684	0.00789	0.00522	0.00374	0.00323	0.00118	0.00466	0.00269	0.00200	0.00534
37	0.00755	0.00711	0.01200	0.82971	0.04826	0.00882	0.01104	0.01018	0.00796	0.01020	0.00706	0.01055	0.00531	0.00395	0.00396	0.00132	0.00527	0.00352	0.00177	0.00445
38	0.00528	0.00379	0.00508	0.00586	0.00635	0.00360	0.00432	0.00636	0.00834	0.01110	0.09773	0.56334	0.04718	0.01160	0.00512	0.00162	0.00258	0.20364	0.00374	0.00338
39	0.88866	0.00767	0.00583	0.00521	0.00767	0.00889	0.00429	0.01166	0.00675	0.01779	0.00552	0.00644	0.00429	0.00368	0.00245	0.00123	0.00307	0.00215	0.00245	0.00429
40	0.00749	0.00705	0.01189	0.85113	0.02731	0.00881	0.01101	0.01013	0.00793	0.01013	0.00705	0.01057	0.00529	0.00396	0.00396	0.00132	0.00529	0.00352	0.00176	0.00440
41	0.00689	0.00344	0.00517	0.00517	0.00517	0.00344	0.00344	0.00517	0.00517	0.00689	0.00689	0.01205	0.00689	0.01377	0.01550	0.88464	0.00344	0.00344	0.00172	0.00172
42	0.00472	0.00402	0.00407	0.00405	0.00538	0.00336	0.00304	0.00576	0.00912	0.01091	0.07087	0.03783	0.80349	0.00997	0.00469	0.00134	0.00200	0.00832	0.00371	0.00336
43	0.01052	0.83720	0.04591	0.00692	0.01039	0.01549	0.00703	0.01189	0.00807	0.00943	0.00556	0.00642	0.00509	0.00340	0.00258	0.00086	0.00429	0.00214	0.00170	0.00511
44	0.00582	0.00390	0.00449	0.00456	0.00463	0.00390	0.00272	0.00596	0.00603	0.00802	0.01316	0.02743	0.01508	0.79369	0.01902	0.00368	0.00383	0.06909	0.00250	0.00250
45	0.01046	0.79686	0.05351	0.00753	0.03048	0.01520	0.01861	0.01192	0.00811	0.00959	0.00566	0.00658	0.00513	0.00341	0.00266	0.00088	0.00435	0.00222	0.00171	0.00515
46	0.01383	0.05004	0.01185	0.03322	0.01265	0.70373	0.03168	0.01531	0.03795	0.01001	0.00657	0.00774	0.00545	0.00455	0.01711	0.00115	0.02768	0.00274	0.00208	0.00467
47	0.07519	0.78321	0.01943	0.00665	0.00998	0.01498	0.00656	0.01182	0.00796	0.01002	0.00554	0.00640	0.00505	0.00340	0.00255	0.00087	0.00413	0.00213	0.00176	0.02237
48	0.00566	0.00425	0.00637	0.00637	0.00708	0.00496	0.00496	0.00708	0.00637	0.00920	0.01062	0.01558	0.00991	0.02974	0.84494	0.00637	0.01062	0.00425	0.00212	0.00354
49	0.00977	0.00937	0.01601	0.04063	0.81999	0.00941	0.01215	0.01213	0.00901	0.01290	0.00745	0.00983	0.00626	0.00354	0.00393	0.00118	0.00472	0.00353	0.00196	0.00624
50	0.01003	0.00860	0.00906	0.00810	0.01037	0.00994	0.00632	0.04709	0.80246	0.01686	0.01592	0.01462	0.01193	0.00536	0.00403	0.00134	0.00318	0.00445	0.00403	0.00629
51	0.00572	0.00409	0.00563	0.00654	0.00716	0.00399	0.00523	0.00707	0.00847	0.01112	0.02136	0.39160	0.02427	0.01158	0.00530	0.00173	0.00307	0.46893	0.00366	0.00347
52	0.00994	0.37113	0.01421	0.00797	0.02154	0.19428	0.03234	0.01128	0.00829	0.00953	0.00735	0.00959	0.00664	0.01175	0.26518	0.00263	0.00695	0.00298	0.00192	0.00452
53	0.00840	0.00682	0.00785	0.00627	0.00901	0.00602	0.00491	0.02135	0.18003	0.03989	0.06647	0.08297	0.03105	0.00484	0.00355	0.00092	0.00286	0.00407	0.00308	0.50964
54	0.01153	0.02428	0.09115	0.01068	0.09777	0.06844	0.02999	0.27797	0.27716	0.01762	0.01123	0.03698	0.00869	0.00485	0.00396	0.00124	0.00432	0.00396	0.00331	0.01487
55	0.00576	0.00387	0.00445	0.00445	0.00450	0.00391	0.00256	0.00585	0.00580	0.00778	0.01238	0.02530	0.01413	0.80890	0.07155	0.00400	0.00427	0.00567	0.00239	0.00247
56	0.00639	0.00456	0.00639	0.00730	0.00821	0.00456	0.00639	0.00821	0.00913	0.01187	0.02099	0.04472	0.02282	0.01095	0.00548	0.00183	0.00365	0.80924	0.00365	0.00365
57	0.00800	0.02021	0.81506	0.01147	0.01727	0.00923	0.03940	0.01256	0.00840	0.01256	0.00714	0.00844	0.00505	0.00375	0.00379	0.00126	0.00589	0.00298	0.00168	0.00584
58	0.01447	0.01081	0.01156	0.00900	0.01207	0.01201	0.00739	0.72999	0.11233	0.02402	0.01028	0.01013	0.00736	0.00483	0.00397	0.00121	0.00422	0.00368	0.00397	0.00669
59	0.00640	0.00681	0.13371	0.00594	0.00772	0.00494	0.00540	0.00920	0.06579	0.01459	0.43478	0.06522	0.08747	0.00713	0.00425	0.00124	0.00260	0.00615	0.12651	0.00418
60	0.00689	0.00344	0.00517	0.00517	0.00517	0.00344	0.00344	0.00517	0.00517	0.00689	0.00689	0.01205	0.00689	0.01377	0.01550	0.88464	0.00344	0.00344	0.00172	0.00172
61	0.00685	0.00347	0.00520	0.00520	0.00522	0.00349	0.00349	0.00522	0.00520	0.00696	0.00700	0.01216	0.00698	0.01426	0.04094	0.85770	0.00366	0.00347	0.00173	0.00178
62	0.00968	0.00497	0.00652	0.00561	0.00731	0.00442	0.00439	0.01137	0.01109	0.29556	0.48987	0.02483	0.09371	0.00718	0.00444	0.00125	0.00239	0.00619	0.00449	0.00473
63	0.00580	0.00384	0.00433	0.00433	0.00438	0.00383	0.00246	0.00591	0.00597	0.00810	0.02706	0.03772	0.01485	0.80560	0.01912	0.00367	0.00372	0.00580	0.03103	0.00248
64	0.07196	0.00934	0.01496	0.02045	0.62868	0.00944	0.04633	0.07825	0.00979	0.06128	0.00798	0.00980	0.00637	0.00371	0.00386	0.00119	0.00458	0.00352	0.00233	0.00617
65	0.00910	0.01284	0.21827	0.02768	0.04428	0.00981	0.53485	0.02305	0.05515	0.01300	0.00825	0.01032	0.00612	0.00359	0.00438	0.00131	0.00618	0.00418	0.00206	0.00555
66	0.00484	0.00347	0.00460	0.00548	0.00574	0.00323	0.00367	0.00556	0.00768	0.01022	0.03487	0.82603	0.04532	0.01230	0.00505	0.00160	0.00229	0.01114	0.00369	0.00323
67	0.00654	0.00463	0.00605	0.00576	0.00595	0.00526	0.00400	0.00677	0.00597	0.02453	0.01048	0.01957	0.01124	0.46048	0.17836	0.10603	0.12842	0.00483	0.00222	0.00291
68	0.00975	0.33950	0.22417	0.03723	0.19878	0.02999	0.03504	0.03402	0.02120	0.01173	0.02057	0.00852	0.00606	0.00369	0.00339	0.00108	0.00487	0.00293	0.00191	0.00557
69	0.00970	0.00941	0.01637	0.05418	0.75859	0.00943	0.05949	0.01212	0.00901	0.01284	0.00748	0.00989	0.00623	0.00354	0.00397	0.00119	0.00485	0.00360	0.00196	0.00616
70	0.47264	0.32170	0.03598	0.00655	0.02001	0.06666	0.00583	0.01204	0.00760	0.01394	0.00563	0.00656	0.00469	0.00360	0.00262	0.00107	0.00387	0.00220	0.00212	0.00468
71	0.00961	0.00777	0.01425	0.03703	0.02649	0.00748	0.34696	0.03946	0.01896	0.14484	0.06828	0.15916	0.01339	0.00616	0.00483	0.00139	0.02548	0.06035	0.00310	0.00500
72	0.00560	0.00405	0.00528	0.00497	0.00591	0.00373	0.00373	0.00745	0.01118	0.01581	0.81990	0.02977	0.05140	0.00814	0.00468	0.00125	0.00187	0.00719	0.00435	0.00373
73	0.00566	0.00425	0.00637	0.00637	0.00708	0.00496	0.00496	0.00708	0.00637	0.00920	0.01062	0.01558	0.00991	0.02974	0.84494	0.00637	0.01062	0.00425	0.00212	0.00354
74	0.00780	0.00758	0.01328	0.63288	0.04970	0.00903	0.11475	0.01033	0.00801	0.01051	0.00754	0.03794	0.00608	0.00435	0.00471	0.00136	0.06382	0.00392	0.00186	0.00454
75	0.80923	0.00769	0.00620	0.00543	0.00794	0.00877	0.00448	0.03195	0.00734	0.07276	0.00629	0.00699	0.00472	0.00379	0.00259	0.00123	0.00312	0.00230	0.00265	0.00452
76	0.00673	0.00478	0.00665	0.00640	0.00713	0.00516	0.02358	0.03404	0.00743	0.05716	0.02499	0.23255	0.02770	0.15510	0.32302	0.00372	0.06109	0.00632	0.00281	0.00365
77	0.00807	0.00770	0.01322	0.63764	0.20802	0.00899	0.03894	0.01067	0.00822	0.01085	0.00717	0.01041	0.00553	0.00385	0.00398	0.00129	0.00520	0.00357	0.00182	0.00486
78	0.00556	0.00405	0.00523	0.00493	0.00589	0.00372	0.00370	0.00738	0.01110	0.01560	0.78764	0.03011	0.08379	0.00822	0.00468	0.00125	0.00188	0.00724	0.00432	0.00372
79	0.00630	0.00450	0.00629	0.00720	0.00807	0.00449	0.00623	0.00806	0.00904	0.01177	0.02104	0.09105	0.02301	0.01104	0.00545	0.00181	0.00357	0.76379	0.00365	0.00363
80	0.00822	0.00705	0.00822	0.00587	0.00940	0.00529	0.00470	0.00998	0.00822	0.01292	0.00705	0.00822	0.00587	0.00294	0.00294	0.00059	0.00294	0.00235	0.00235	0.88490
81	0.00567	0.00422	0.00622	0.00622	0.00688	0.00487	0.00477	0.00698	0.00633	0.00909	0.01076	0.01634	0.01025	0.09125	0.78389	0.00618	0.01012	0.00436	0.00214	0.00346
82	0.01500	0.01107	0.01186	0.00911	0.01227	0.01226	0.00752	0.81125	0.03022	0.02487	0.00961	0.00959	0.00682	0.00477	0.00397	0.00119	0.00435	0.00358	0.00397	0.00674
83	0.00984	0.00862	0.00891	0.00806	0.01025	0.03016	0.00628	0.02044	0.77770	0.01629	0.02727	0.01553	0.01254	0.00552	0.00407	0.00135	0.00323	0.02384	0.00398	0.00614
84	0.31471	0.00696	0.00778	0.00630	0.00897	0.00690	0.00517	0.04181	0.01000	0.45556	0.08712	0.01243	0.01036	0.00478	0.00352	0.00123	0.00316	0.00364	0.00399	0.00563
85	0.00599	0.00357	0.00421	0.00469	0.00525	0.00345	0.00328	0.00723	0.00800	0.01234	0.03741	0.46101	0.01931	0.00883	0.00403	0.00129	0.00209	0.00778	0.39678	0.00345
86	0.01065	0.00979	0.00889	0.00801	0.01011	0.14849	0.00618	0.03846	0.57575	0.02783	0.01406	0.02218	0.01074	0.00514	0.00385	0.00125	0.00371	0.00413	0.08504	0.00574
87	0.00986	0.00852	0.00897	0.00807	0.01031	0.00986	0.00628	0.02107	0.82876	0.01659	0.01614	0.01479	0.01210	0.00538	0.00403	0.00134	0.00314	0.00448	0.00403	0.00628
88	0.00944	0.00701	0.00835	0.00602	0.00949	0.00535	0.00484	0.01117	0.00862	0.11806	0.00814	0.00889	0.00637	0.00319	0.00307	0.00067	0.00299	0.00256	0.00267	0.77309
89	0.00484	0.00347	0.00460	0.00549	0.00575	0.00323	0.00367	0.00555	0.00767	0.01021	0.03333	0.83143	0.04144	0.01232	0.00505	0.00160	0.00229	0.01116	0.00369	0.00323
90	0.01516	0.01097	0.01181	0.00906	0.01223	0.01209	0.00748	0.79711	0.01841	0.05091	0.00971	0.00965	0.00684	0.00476	0.00397	0.00119	0.00433	0.00358	0.00400	0.00674
91	0.01418	0.01781	0.01184	0.01118	0.05931	0.74839	0.02780	0.01533	0.01089	0.00996	0.00622	0.00744	0.00520	0.00413	0.00394	0.00106	0.03589	0.00269	0.00203	0.00470
92	0.00660	0.00474	0.00518	0.00498	0.00524	0.02381	0.00310	0.05270	0.00675	0.00891	0.01229	0.02480	0.01383	0.74246	0.01820	0.00351	0.02466	0.03294	0.00251	0.00279
93	0.00795	0.02051	0.84011	0.01130	0.01716	0.00921	0.01465	0.01256	0.00837	0.01256	0.00712	0.00837	0.00502	0.00377	0.00377	0.00126	0.00586	0.00293	0.00167	0.00586
94	0.01763	0.00701	0.00936	0.00718	0.01025	0.00621	0.00593	0.06683	0.01178	0.79056	0.01528	0.01326	0.00963	0.00490	0.00399	0.00122	0.00343	0.00396	0.00485	0.00675
95	0.20852	0.01117	0.01621	0.01264	0.04349	0.13621	0.40912	0.07534	0.00980	0.02974	0.00741	0.00913	0.00563	0.00368	0.00392	0.00125	0.00563	0.00365	0.00232	0.00516
96	0.00950	0.01145	0.11365	0.01477	0.01871	0.00978	0.60717	0.08898	0.01004	0.01372	0.00883	0.04831	0.00707	0.00402	0.00453	0.00133	0.00614	0.01431	0.00225	0.00542
97	0.01417	0.14094	0.03698	0.00955	0.01198	0.63929	0.00763	0.02642	0.01080	0.05812	0.00667	0.00747	0.00540	0.00403	0.00346	0.00102	0.00643	0.00260	0.00217	0.00486
98	0.00574	0.00480	0.03483	0.00654	0.00742	0.00510	0.00529	0.00727	0.00644	0.00932	0.01050	0.01533	0.00975	0.02885	0.81623	0.00620	0.01046	0.00420	0.00211	0.00362
99	0.00925	0.00911	0.01634	0.17891	0.54274	0.00933	0.14157	0.01181	0.00890	0.01242	0.01735	0.01033	0.00642	0.00364	0.00406	0.00123	0.00510	0.00376	0.00196	0.00575
100	0.00980	0.66785	0.13381	0.00740	0.01089	0.01373	0.00775	0.01155	0.00814	0.00995	0.00716	0.03787	0.00680	0.00418	0.00297	0.00099	0.00437	0.04787	0.00187	0.00505
101	0.00632	0.00459	0.00586	0.00562	0.02115	0.00440	0.00414	0.00896	0.08046	0.03584	0.70923	0.02784	0.05472	0.00777	0.00459	0.00126	0.00207	0.00683	0.00429	0.00406
102	0.01142	0.02366	0.01473	0.01151	0.01431	0.27821	0.28616	0.10205	0.10493	0.01337	0.02308	0.03896	0.03673	0.00457	0.00413	0.00121	0.00570	0.00417	0.00262	0.01849
103	0.01060	0.86304	0.02078	0.00678	0.01018	0.01569	0.00678	0.01187	0.00806	0.00933	0.00551	0.00636	0.00509	0.00339	0.00254	0.00085	0.00424	0.00212	0.00170	0.00509
104	0.00822	0.00705	0.00822	0.00587	0.00940	0.00529	0.00470	0.00998	0.00822	0.01292	0.00705	0.00822	0.00587	0.00294	0.00294	0.00059	0.00294	0.00235	0.00235	0.88490
105	0.01739	0.00694	0.00925	0.00712	0.01015	0.00617	0.00587	0.05579	0.02619	0.77610	0.01534	0.01335	0.00972	0.00491	0.00397	0.00122	0.00339	0.00397	0.01646	0.00670
106	0.00537	0.00404	0.00496	0.00475	0.00578	0.00363	0.00355	0.00700	0.01062	0.01451	0.62206	0.04172	0.24014	0.00865	0.00468	0.00127	0.00191	0.00752	0.00418	0.00363
107	0.00785	0.00643	0.00722	0.00660	0.00825	0.00699	0.00507	0.01468	0.44700	0.01612	0.37633	0.02195	0.04560	0.00670	0.00433	0.00130	0.00255	0.00577	0.00417	0.00508
108	0.00538	0.00404	0.00496	0.00473	0.00574	0.00364	0.00353	0.00699	0.01055	0.01441	0.61630	0.03167	0.23645	0.02808	0.00503	0.00133	0.00195	0.00744	0.00415	0.00361
109	0.18513	0.00920	0.00974	0.00777	0.01065	0.02285	0.00638	0.38324	0.07874	0.21560	0.01087	0.01087	0.00768	0.00473	0.00370	0.00123	0.00381	0.01779	0.00386	0.00614
110	0.00574	0.00384	0.00435	0.00437	0.00440	0.00383	0.00246	0.00580	0.00594	0.00794	0.03150	0.04647	0.01523	0.82034	0.01945	0.00373	0.00376	0.00593	0.00248	0.00245
111	0.00900	0.02773	0.00915	0.00672	0.01945	0.07882	0.01749	0.02158	0.02037	0.01277	0.00711	0.00825	0.00590	0.00312	0.00305	0.00067	0.00343	0.00246	0.00234	0.74058
112	0.00514	0.00370	0.00483	0.00544	0.00587	0.00346	0.00374	0.01826	0.00850	0.01149	0.18141	0.66395	0.04660	0.01140	0.00496	0.00153	0.00224	0.01028	0.00382	0.00338
113	0.00588	0.00452	0.00587	0.02678	0.03736	0.01339	0.01252	0.00754	0.02933	0.02583	0.37876	0.27324	0.14558	0.00918	0.00471	0.00137	0.00237	0.00814	0.00386	0.00377
114	0.17877	0.44641	0.12121	0.00766	0.03101	0.02509	0.00740	0.07120	0.00870	0.01281	0.00616	0.00707	0.00512	0.00358	0.00286	0.00099	0.00421	0.00239	0.00205	0.05529
115	0.01015	0.63492	0.04705	0.00803	0.01136	0.01351	0.10427	0.01184	0.00854	0.03307	0.05923	0.00950	0.00779	0.00391	0.00308	0.00098	0.00440	0.02127	0.00203	0.00507

[dist]
# distance from previous block
# <min> <max>
0	20

[block]
# block no. 3 follows, 68 sequences, length 53
# corresponding to MSA columns:
# 1470-1522
name=unknown_D
#
# <colnr> <probs for GDERKNQSTAVLIFYWHMCP>
#	G	D	E	R	K	N	Q	S	T	A	V	L	I	F	Y	W	H	M	C	P
0	0.00876	0.02362	0.23715	0.01689	0.03384	0.00691	0.02713	0.02462	0.00861	0.04789	0.00748	0.00860	0.00582	0.00332	0.00330	0.00085	0.00396	0.00269	0.00227	0.52628
1	0.02522	0.04323	0.15381	0.01479	0.28353	0.21282	0.03923	0.08431	0.08078	0.01340	0.00792	0.00918	0.00624	0.00396	0.00378	0.00116	0.00536	0.00325	0.00229	0.00573
2	0.00921	0.00784	0.00840	0.00764	0.00966	0.00894	0.00590	0.01900	0.70887	0.01624	0.10153	0.05203	0.01534	0.00596	0.00414	0.00135	0.00297	0.00505	0.00405	0.00588
3	0.01097	0.06335	0.03411	0.00874	0.03010	0.04487	0.09597	0.28387	0.01187	0.05139	0.02926	0.02737	0.00885	0.02914	0.05076	0.04903	0.01454	0.02294	0.12775	0.00513
4	0.00505	0.00358	0.00453	0.00518	0.00542	0.00338	0.00337	0.00562	0.00732	0.00972	0.03672	0.61868	0.06016	0.20188	0.00842	0.00209	0.00262	0.00983	0.00341	0.00305
5	0.00509	0.00367	0.00483	0.00531	0.00580	0.00340	0.00369	0.00619	0.00885	0.01210	0.29924	0.56156	0.04365	0.01091	0.00492	0.00148	0.00215	0.00982	0.00391	0.00340
6	0.01660	0.00665	0.00886	0.00691	0.00983	0.00585	0.00567	0.01853	0.04797	0.74880	0.01723	0.01513	0.06259	0.00526	0.00403	0.00124	0.00328	0.00429	0.00479	0.00651
7	0.00681	0.00349	0.00524	0.00524	0.00529	0.00354	0.00354	0.00529	0.00524	0.00704	0.00713	0.01228	0.00708	0.01479	0.06848	0.82853	0.00390	0.00349	0.00175	0.00184
8	0.00986	0.00852	0.00897	0.00807	0.01031	0.00986	0.00628	0.02107	0.82876	0.01659	0.01614	0.01479	0.01210	0.00538	0.00403	0.00134	0.00314	0.00448	0.00403	0.00628
9	0.00986	0.00852	0.00897	0.00807	0.01031	0.00986	0.00628	0.02107	0.82876	0.01659	0.01614	0.01479	0.01210	0.00538	0.00403	0.00134	0.00314	0.00448	0.00403	0.00628
10	0.00986	0.00852	0.00897	0.00807	0.01031	0.00986	0.00628	0.02107	0.82876	0.01659	0.01614	0.01479	0.01210	0.00538	0.00403	0.00134	0.00314	0.00448	0.00403	0.00628
11	0.00822	0.00705	0.00822	0.00587	0.00940	0.00529	0.00470	0.00998	0.00822	0.01292	0.00705	0.00822	0.00587	0.00294	0.00294	0.00059	0.00294	0.00235	0.00235	0.88490
12	0.00684	0.00347	0.00521	0.00521	0.00523	0.00350	0.00350	0.00523	0.00521	0.00697	0.00702	0.01218	0.00700	0.01435	0.04522	0.85317	0.00370	0.00347	0.00174	0.00179
13	0.00986	0.00852	0.00897	0.00807	0.01031	0.00986	0.00628	0.02107	0.82876	0.01659	0.01614	0.01479	0.01210	0.00538	0.00403	0.00134	0.00314	0.00448	0.00403	0.00628
14	0.00482	0.00348	0.00457	0.00545	0.00573	0.00323	0.00365	0.00553	0.00766	0.01015	0.02268	0.82119	0.06257	0.01231	0.00504	0.00160	0.00229	0.01114	0.00368	0.00323
15	0.00822	0.00705	0.00822	0.00587	0.00940	0.00529	0.00470	0.00998	0.00822	0.01292	0.00705	0.00822	0.00587	0.00294	0.00294	0.00059	0.00294	0.00235	0.00235	0.88490
16	0.01520	0.01068	0.01161	0.00893	0.01207	0.01170	0.00737	0.73858	0.03404	0.09397	0.01017	0.00996	0.00711	0.00478	0.00397	0.00120	0.00425	0.00362	0.00405	0.00673
17	0.01358	0.01685	0.01142	0.01025	0.01189	0.67804	0.00786	0.01457	0.01020	0.00967	0.00594	0.00746	0.00513	0.00466	0.00546	0.00116	0.17658	0.00274	0.00198	0.00454
18	0.00577	0.00442	0.00540	0.00584	0.00659	0.00440	0.00418	0.00831	0.13871	0.01177	0.08954	0.53941	0.09670	0.01066	0.00485	0.00153	0.00244	0.05191	0.00379	0.00378
19	0.26165	0.00731	0.00814	0.00662	0.00931	0.02742	0.00539	0.05618	0.01017	0.49408	0.01265	0.06511	0.00904	0.00501	0.00361	0.00124	0.00336	0.00388	0.00402	0.00578
20	0.00490	0.00357	0.00463	0.00544	0.00582	0.00330	0.00374	0.00570	0.00788	0.01037	0.03954	0.72135	0.10904	0.01203	0.00503	0.00159	0.00232	0.04679	0.00369	0.00326
21	0.01173	0.00497	0.00599	0.00510	0.00691	0.00458	0.00405	0.01344	0.00958	0.35828	0.01406	0.01425	0.01002	0.00474	0.00328	0.00105	0.00248	0.00382	0.51671	0.00497
22	0.00966	0.00502	0.00664	0.00572	0.00738	0.00454	0.00447	0.01161	0.02743	0.28385	0.55122	0.02407	0.02792	0.00701	0.00444	0.00124	0.00239	0.00608	0.00453	0.00477
23	0.01135	0.01279	0.01178	0.01028	0.01121	0.33878	0.00823	0.04643	0.00863	0.01026	0.00575	0.00811	0.00523	0.00573	0.00893	0.00143	0.48547	0.00311	0.00195	0.00454
24	0.00877	0.00867	0.06023	0.00674	0.02064	0.05922	0.00562	0.01066	0.00847	0.02310	0.00711	0.00825	0.00583	0.00309	0.00305	0.00067	0.00342	0.00243	0.00231	0.75171
25	0.02038	0.53087	0.22978	0.00868	0.03326	0.08310	0.00898	0.01253	0.02141	0.01049	0.00619	0.00717	0.00521	0.00358	0.00300	0.00099	0.00488	0.00244	0.00177	0.00529
26	0.00573	0.00393	0.00469	0.00477	0.00487	0.00403	0.00292	0.00596	0.00606	0.00816	0.01325	0.10259	0.01514	0.67981	0.08964	0.00378	0.01773	0.02179	0.00251	0.00263
27	0.00859	0.04578	0.59313	0.01083	0.01575	0.02182	0.06001	0.01422	0.16594	0.01319	0.00883	0.00965	0.00644	0.00404	0.00383	0.00126	0.00535	0.00330	0.00215	0.00587
28	0.00566	0.00425	0.00637	0.00637	0.00708	0.00496	0.00496	0.00708	0.00637	0.00920	0.01062	0.01558	0.00991	0.02974	0.84494	0.00637	0.01062	0.00425	0.00212	0.00354
29	0.00568	0.00407	0.00487	0.00477	0.00586	0.00361	0.00354	0.00703	0.00985	0.05004	0.36898	0.15038	0.34812	0.00934	0.00470	0.00133	0.00205	0.00808	0.00402	0.00365
30	0.00918	0.00873	0.01479	0.02154	0.70385	0.00865	0.03287	0.01143	0.00914	0.01297	0.06203	0.03465	0.04384	0.00433	0.00406	0.00120	0.00440	0.00420	0.00224	0.00589
31	0.00476	0.00402	0.00412	0.00410	0.00540	0.00338	0.00307	0.00583	0.00921	0.01113	0.10428	0.03747	0.76994	0.00989	0.00469	0.00133	0.00200	0.00827	0.00374	0.00338
32	0.00727	0.00615	0.00884	0.05475	0.05328	0.00749	0.01433	0.03004	0.00703	0.01779	0.01835	0.13420	0.01078	0.09372	0.21663	0.03686	0.27124	0.00506	0.00230	0.00390
