[name]
unknown

[dist]
# distance from previous block
# <min> <max>
0	40

[block]
# block no. 0 follows, 72 sequences, length 75
# corresponding to MSA columns:
# 40-114
name=unknown_A
#
# <colnr> <probs for GDERKNQSTAVLIFYWHMCP>
#	G	D	E	R	K	N	Q	S	T	A	V	L	I	F	Y	W	H	M	C	P
0	0.01235	0.01483	0.01138	0.03277	0.07522	0.59181	0.06776	0.03568	0.01021	0.01016	0.00759	0.01031	0.01804	0.04320	0.00436	0.00118	0.00614	0.04044	0.00210	0.00447
1	0.00876	0.00979	0.02081	0.01558	0.06055	0.00923	0.72917	0.01194	0.02544	0.01213	0.00920	0.01967	0.04069	0.00360	0.00443	0.00127	0.00600	0.00462	0.00204	0.00508
2	0.00814	0.00690	0.00801	0.00575	0.00910	0.00533	0.00461	0.04355	0.00828	0.01284	0.00684	0.00792	0.00565	0.00288	0.00285	0.00059	0.00287	0.00230	0.00231	0.85330
3	0.07350	0.01011	0.01084	0.00848	0.01128	0.05636	0.04075	0.59819	0.01543	0.06079	0.05841	0.01058	0.00825	0.00466	0.00376	0.00115	0.00413	0.01382	0.00358	0.00592
4	0.18643	0.04957	0.00994	0.00838	0.01058	0.49953	0.00650	0.07637	0.07794	0.03141	0.00696	0.00758	0.00550	0.00397	0.00324	0.00105	0.00536	0.00260	0.00237	0.00469
5	0.00883	0.01004	0.02190	0.01570	0.01944	0.00942	0.80708	0.01196	0.00891	0.01208	0.00803	0.03319	0.00627	0.00343	0.00449	0.00129	0.00628	0.00465	0.00196	0.00506
6	0.00491	0.00412	0.00418	0.00407	0.00541	0.00356	0.00308	0.03966	0.00907	0.01092	0.05541	0.03518	0.78865	0.00935	0.00445	0.00127	0.00201	0.00779	0.00355	0.00334
7	0.00934	0.00882	0.01477	0.11734	0.71593	0.00906	0.01133	0.04534	0.00890	0.01256	0.00717	0.00946	0.00592	0.00347	0.00376	0.00114	0.00455	0.00338	0.00193	0.00582
8	0.00470	0.00333	0.00438	0.00518	0.00538	0.00313	0.00342	0.00530	0.00711	0.00948	0.02013	0.79195	0.02411	0.08550	0.00609	0.00172	0.00233	0.01033	0.00342	0.00301
9	0.00943	0.00815	0.00858	0.00772	0.00986	0.00943	0.00600	0.02015	0.83621	0.01586	0.01544	0.01415	0.01158	0.00515	0.00386	0.00129	0.00300	0.00429	0.00386	0.00600
10	0.01417	0.01808	0.01075	0.00977	0.01172	0.85149	0.00733	0.01514	0.01075	0.00928	0.00586	0.00684	0.00489	0.00391	0.00342	0.00098	0.00684	0.00244	0.00195	0.00440
11	0.00537	0.00388	0.00507	0.00477	0.00567	0.00358	0.00358	0.00716	0.01074	0.01521	0.84106	0.02833	0.03578	0.00775	0.00447	0.00119	0.00179	0.00686	0.00417	0.00358
12	0.01452	0.01045	0.01128	0.00864	0.01168	0.01151	0.00714	0.79714	0.01755	0.05757	0.00935	0.00926	0.00657	0.00456	0.00379	0.00114	0.00413	0.00343	0.00383	0.00645
13	0.00469	0.00360	0.00430	0.00472	0.00543	0.00321	0.00335	0.00561	0.00821	0.01055	0.11879	0.43583	0.33696	0.01052	0.00467	0.00141	0.00208	0.02927	0.00359	0.00319
14	0.00533	0.00388	0.00502	0.00473	0.00564	0.00356	0.00355	0.00709	0.01065	0.01500	0.80781	0.02867	0.06916	0.00783	0.00447	0.00120	0.00179	0.00691	0.00415	0.00356
15	0.00747	0.00705	0.01192	0.74350	0.13784	0.00851	0.01068	0.00996	0.00773	0.01006	0.00679	0.01001	0.00519	0.00374	0.00379	0.00125	0.00498	0.00337	0.00171	0.00446
16	0.00489	0.00351	0.00473	0.00556	0.00592	0.00335	0.00397	0.00576	0.00748	0.00992	0.02070	0.68181	0.04079	0.01228	0.03891	0.00175	0.00272	0.13934	0.00346	0.00316
17	0.00908	0.00870	0.01484	0.13910	0.72965	0.00893	0.01149	0.01137	0.00849	0.01202	0.00708	0.00949	0.00588	0.00344	0.00376	0.00115	0.00458	0.00338	0.00185	0.00576
18	0.00925	0.00887	0.01515	0.07482	0.79259	0.00897	0.01157	0.01152	0.00857	0.01222	0.00711	0.00943	0.00595	0.00340	0.00376	0.00113	0.00454	0.00338	0.00187	0.00590
19	0.64516	0.00831	0.05524	0.00594	0.00859	0.03810	0.01536	0.01265	0.00750	0.16260	0.00713	0.00753	0.00513	0.00374	0.00274	0.00117	0.00332	0.00245	0.00270	0.00463
20	0.34024	0.00827	0.01151	0.05975	0.48779	0.00879	0.00876	0.01135	0.00776	0.01398	0.00642	0.00822	0.00525	0.00345	0.00323	0.00115	0.00395	0.00288	0.00204	0.00520
21	0.00939	0.00901	0.01539	0.02328	0.84306	0.00901	0.01164	0.01164	0.00864	0.01239	0.00713	0.00939	0.00601	0.00338	0.00375	0.00113	0.00451	0.00338	0.00188	0.00601
22	0.00721	0.00679	0.01146	0.83925	0.04409	0.00844	0.01056	0.00973	0.00761	0.00975	0.00675	0.01010	0.00508	0.00378	0.00379	0.00126	0.00504	0.00337	0.00169	0.00425
23	0.00551	0.00369	0.00421	0.00421	0.00424	0.00372	0.00239	0.00556	0.00554	0.00741	0.01188	0.02443	0.01362	0.83397	0.05182	0.00377	0.00393	0.00546	0.00229	0.00234
24	0.00761	0.01962	0.84707	0.01081	0.01641	0.00881	0.01401	0.01201	0.00801	0.01201	0.00681	0.00801	0.00480	0.00360	0.00360	0.00120	0.00560	0.00280	0.00160	0.00560
25	0.00462	0.00375	0.00410	0.00422	0.00526	0.00323	0.00309	0.00563	0.00866	0.01078	0.13739	0.18470	0.59179	0.00978	0.00455	0.00132	0.00195	0.00836	0.00360	0.00323
26	0.01702	0.00645	0.00880	0.00675	0.00968	0.00557	0.00557	0.01848	0.01085	0.84568	0.01496	0.01291	0.00939	0.00469	0.00381	0.00117	0.00323	0.00381	0.00469	0.00645
27	0.00713	0.00365	0.00366	0.00364	0.00455	0.00368	0.00273	0.00911	0.02789	0.01418	0.01245	0.01414	0.00977	0.00444	0.00268	0.00089	0.00180	0.00355	0.86649	0.00359
28	0.00542	0.00406	0.00610	0.00610	0.00677	0.00474	0.00474	0.00677	0.00610	0.00880	0.01016	0.01490	0.00948	0.02844	0.85169	0.00610	0.01016	0.00406	0.00203	0.00339
29	0.00926	0.00935	0.01736	0.02123	0.61169	0.00917	0.24144	0.01178	0.00872	0.01232	0.00729	0.00962	0.00594	0.00333	0.00396	0.00117	0.00504	0.00369	0.00189	0.00576
30	0.01417	0.01808	0.01075	0.00977	0.01172	0.85149	0.00733	0.01514	0.01075	0.00928	0.00586	0.00684	0.00489	0.00391	0.00342	0.00098	0.00684	0.00244	0.00195	0.00440
31	0.00939	0.00895	0.01489	0.02213	0.78144	0.00904	0.01122	0.01227	0.06984	0.01265	0.00775	0.00974	0.00642	0.00351	0.00376	0.00114	0.00439	0.00345	0.00202	0.00601
32	0.00566	0.00390	0.00508	0.00486	0.00577	0.00358	0.00362	0.00729	0.01028	0.04367	0.69347	0.12002	0.06208	0.00816	0.00449	0.00123	0.00189	0.00722	0.00410	0.00361
33	0.02462	0.00673	0.01205	0.10559	0.02836	0.00673	0.28774	0.03067	0.04822	0.01161	0.03566	0.32016	0.01445	0.00699	0.00446	0.00138	0.00415	0.04343	0.00275	0.00424
34	0.00884	0.23548	0.57417	0.00949	0.01430	0.01040	0.01154	0.04550	0.00843	0.03930	0.00678	0.00772	0.00504	0.00359	0.00332	0.00110	0.00507	0.00266	0.00180	0.00548
35	0.00610	0.00359	0.00527	0.00527	0.00550	0.00382	0.00371	0.00561	0.00538	0.00741	0.00824	0.01374	0.00815	0.08651	0.30131	0.51686	0.00567	0.00373	0.00183	0.00229
36	0.00717	0.00704	0.03072	0.83800	0.02590	0.00843	0.01061	0.00974	0.00759	0.00974	0.00674	0.01006	0.00505	0.00379	0.00379	0.00126	0.00507	0.00336	0.00168	0.00425
37	0.01266	0.01235	0.08565	0.02134	0.11383	0.17102	0.02509	0.40824	0.06851	0.03150	0.00850	0.00905	0.00631	0.00421	0.00372	0.00113	0.00481	0.00326	0.00297	0.00584
38	0.75828	0.00775	0.00688	0.02640	0.09715	0.02837	0.00513	0.01126	0.00681	0.01617	0.00553	0.00661	0.00435	0.00352	0.00256	0.00117	0.00324	0.00223	0.00227	0.00432
39	0.00689	0.00480	0.00560	0.00511	0.00645	0.01851	0.00391	0.02518	0.07129	0.09328	0.47370	0.02708	0.22835	0.00760	0.00434	0.00121	0.00218	0.00652	0.00400	0.00401
40	0.00765	0.01892	0.79299	0.03063	0.01678	0.00883	0.04827	0.01196	0.00804	0.01196	0.00684	0.00815	0.00485	0.00359	0.00364	0.00121	0.00563	0.00289	0.00162	0.00555
41	0.00960	0.00893	0.01166	0.01464	0.37612	0.04330	0.00853	0.01621	0.43912	0.01407	0.01140	0.01176	0.00886	0.00432	0.00380	0.00120	0.00382	0.00381	0.00291	0.00594
42	0.01047	0.79988	0.01914	0.00674	0.00990	0.07159	0.00656	0.02260	0.00805	0.00915	0.00536	0.00618	0.00489	0.00331	0.00252	0.00083	0.00425	0.00207	0.00167	0.00486
43	0.00462	0.00340	0.00433	0.00505	0.00545	0.00311	0.00342	0.00535	0.00755	0.00989	0.04164	0.71831	0.15113	0.01144	0.00478	0.00149	0.00215	0.01027	0.00354	0.00311
44	0.01066	0.73689	0.03557	0.00688	0.01014	0.01445	0.00674	0.12094	0.00907	0.01099	0.00582	0.00653	0.00508	0.00343	0.00264	0.00086	0.00410	0.00223	0.00191	0.00509
45	0.01012	0.10624	0.47534	0.01001	0.01412	0.29848	0.01095	0.01302	0.00892	0.01076	0.00632	0.00741	0.00484	0.00367	0.00342	0.00108	0.00587	0.00260	0.00172	0.00511
46	0.00537	0.00388	0.00507	0.00477	0.00567	0.00358	0.00358	0.00716	0.01074	0.01521	0.84106	0.02833	0.03578	0.00775	0.00447	0.00119	0.00179	0.00686	0.00417	0.00358
47	0.00463	0.00339	0.00435	0.00507	0.00546	0.00311	0.00344	0.00536	0.00755	0.00993	0.04926	0.72797	0.13366	0.01145	0.00478	0.00149	0.00215	0.01029	0.00354	0.00311
48	0.00895	0.01023	0.02238	0.01598	0.01982	0.00959	0.82928	0.01215	0.00895	0.01215	0.00767	0.01023	0.00575	0.00320	0.00448	0.00128	0.00639	0.00448	0.00192	0.00512
49	0.00480	0.00405	0.00417	0.00411	0.00540	0.00353	0.00309	0.00629	0.04828	0.01094	0.10688	0.03473	0.73213	0.00923	0.00445	0.00127	0.00196	0.00773	0.00359	0.00337
50	0.00949	0.08763	0.11294	0.00812	0.01086	0.09968	0.02014	0.07364	0.00858	0.02696	0.00649	0.00793	0.00537	0.00405	0.00510	0.00101	0.18572	0.00270	0.00211	0.32147
51	0.02054	0.01270	0.01467	0.01153	0.01434	0.30388	0.30381	0.12599	0.12922	0.01333	0.00832	0.00941	0.00636	0.00391	0.00390	0.00115	0.00573	0.00357	0.00247	0.00516
52	0.00528	0.00387	0.00494	0.00467	0.00561	0.00354	0.00351	0.00698	0.01052	0.01469	0.75755	0.02918	0.11961	0.00795	0.00447	0.00120	0.00180	0.00698	0.00411	0.00354
53	0.00551	0.00368	0.00417	0.00417	0.00418	0.00370	0.00234	0.00554	0.00553	0.00738	0.01192	0.02464	0.01371	0.85153	0.03438	0.00372	0.00379	0.00549	0.00229	0.00232
54	0.00645	0.00504	0.00594	0.00597	0.00701	0.01867	0.01473	0.03635	0.16440	0.02748	0.10553	0.39403	0.12233	0.00920	0.00452	0.00141	0.00257	0.06079	0.00363	0.00394
55	0.01419	0.01743	0.01080	0.00968	0.01173	0.77917	0.00732	0.08536	0.01136	0.01054	0.00614	0.00703	0.00502	0.00396	0.00345	0.00099	0.00661	0.00253	0.00211	0.00457
56	0.00573	0.00403	0.00523	0.00488	0.00585	0.00375	0.00368	0.00770	0.02778	0.03504	0.80430	0.02767	0.03465	0.00763	0.00444	0.00119	0.00185	0.00673	0.00418	0.00370
57	0.01399	0.01043	0.01141	0.00871	0.01177	0.01139	0.02237	0.77488	0.01718	0.02312	0.00896	0.00907	0.00640	0.00444	0.00376	0.00111	0.00415	0.00338	0.00368	0.04981
58	0.00933	0.00896	0.01530	0.04275	0.82399	0.00900	0.01161	0.01159	0.00861	0.01233	0.00712	0.00940	0.00599	0.00339	0.00376	0.00113	0.00452	0.00338	0.00187	0.00597
59	0.83847	0.00728	0.00578	0.00510	0.00748	0.00832	0.00420	0.01161	0.00673	0.06905	0.00589	0.00658	0.00444	0.00359	0.00244	0.00117	0.00295	0.00216	0.00249	0.00425
60	0.00922	0.02774	0.13028	0.01267	0.01610	0.00853	0.48860	0.01198	0.00871	0.10595	0.00963	0.10076	0.00804	0.00448	0.00460	0.00129	0.03926	0.00475	0.00234	0.00507
61	0.01679	0.00518	0.00610	0.00567	0.00699	0.00530	0.00432	0.01938	0.22936	0.04492	0.46657	0.07278	0.07697	0.00726	0.00429	0.00125	0.00225	0.01631	0.00400	0.00431
62	0.01677	0.00647	0.00874	0.00672	0.00962	0.00565	0.00555	0.03324	0.01093	0.81412	0.01480	0.01286	0.00934	0.00469	0.00379	0.00117	0.00322	0.00380	0.02213	0.00640
63	0.01050	0.00941	0.00987	0.02779	0.09464	0.12260	0.00638	0.21850	0.01086	0.01485	0.00741	0.00841	0.00587	0.00352	0.00326	0.00085	0.00390	0.00274	0.02636	0.41229
64	0.01187	0.01070	0.01186	0.03497	0.27120	0.19055	0.00846	0.16026	0.08482	0.09634	0.00896	0.01042	0.00703	0.00436	0.00420	0.00116	0.04933	0.02520	0.00272	0.00557
65	0.02209	0.25748	0.25521	0.00871	0.01253	0.03177	0.06827	0.06332	0.02098	0.21202	0.00861	0.00890	0.00618	0.00382	0.00338	0.00108	0.00452	0.00299	0.00256	0.00557
66	0.00973	0.70047	0.17209	0.00733	0.01099	0.02575	0.00789	0.01153	0.00780	0.00950	0.00556	0.00645	0.00486	0.00332	0.00266	0.00089	0.00438	0.00218	0.00162	0.00500
67	0.00467	0.00330	0.00441	0.00527	0.00549	0.00309	0.00351	0.00527	0.00720	0.00960	0.02053	0.84210	0.02460	0.01192	0.00510	0.02460	0.00223	0.01059	0.00347	0.00304
68	0.00965	0.01703	0.05325	0.01310	0.14495	0.02780	0.33102	0.03368	0.05842	0.11802	0.03314	0.07630	0.03678	0.00476	0.00419	0.00125	0.00474	0.02403	0.00268	0.00522
69	0.02032	0.00884	0.01479	0.04451	0.75792	0.00897	0.01119	0.01190	0.02881	0.03097	0.00744	0.00954	0.00615	0.00352	0.00389	0.00114	0.01880	0.00339	0.00199	0.00591
70	0.01428	0.00644	0.00804	0.00636	0.00885	0.00605	0.00519	0.13881	0.01125	0.53293	0.01416	0.01322	0.03138	0.00504	0.01378	0.00118	0.00314	0.00382	0.17031	0.00578
71	0.00556	0.00366	0.00417	0.00417	0.00417	0.00366	0.00234	0.00549	0.00549	0.00732	0.01171	0.02423	0.01347	0.82873	0.01910	0.04311	0.00366	0.00542	0.00227	0.00227
72	0.65573	0.00830	0.03505	0.00682	0.05433	0.04172	0.03323	0.01123	0.00703	0.01562	0.00569	0.00675	0.00448	0.00344	0.00263	0.00110	0.00337	0.00227	0.00226	0.09894
73	0.07256	0.00815	0.00960	0.02613	0.14327	0.02055	0.00681	0.07611	0.41457	0.07806	0.02574	0.01273	0.00970	0.00466	0.00370	0.00120	0.00341	0.02317	0.00333	0.05653
74	0.07935	0.15616	0.06430	0.00943	0.11972	0.05811	0.00712	0.04469	0.27068	0.03355	0.03974	0.02201	0.00916	0.00451	0.00347	0.00113	0.00376	0.02935	0.00279	0.04096

[dist]
# distance from previous block
# <min> <max>
1	35

[block]
# block no. 1 follows, 72 sequences, length 62
# corresponding to MSA columns:
# 163-220,222-225
name=unknown_B
#
# <colnr> <probs for GDERKNQSTAVLIFYWHMCP>
#	G	D	E	R	K	N	Q	S	T	A	V	L	I	F	Y	W	H	M	C	P
0	0.00756	0.00692	0.00917	0.06032	0.03458	0.05729	0.11964	0.05490	0.13310	0.01312	0.19072	0.08655	0.15235	0.00673	0.00429	0.00128	0.00347	0.05041	0.00324	0.00436
1	0.02348	0.49540	0.13463	0.00811	0.01913	0.09222	0.05159	0.01239	0.02336	0.06340	0.00653	0.00734	0.00534	0.00352	0.00305	0.00095	0.01445	0.00250	0.00194	0.03068
2	0.00948	0.20565	0.29908	0.01060	0.13050	0.00984	0.02042	0.07029	0.05421	0.06610	0.04202	0.02986	0.00755	0.00406	0.00346	0.00110	0.00441	0.00327	0.00229	0.02582
3	0.00470	0.00385	0.00414	0.00407	0.00525	0.00329	0.00305	0.00586	0.00915	0.01145	0.23263	0.03452	0.64656	0.00916	0.00448	0.00126	0.00189	0.00773	0.00368	0.00329
4	0.00479	0.00384	0.00436	0.01564	0.00566	0.00338	0.00332	0.00594	0.00894	0.01132	0.21540	0.12993	0.52849	0.00940	0.00454	0.00131	0.00202	0.03480	0.00364	0.00330
5	0.00682	0.00692	0.08228	0.04329	0.19518	0.00591	0.07556	0.00870	0.02120	0.02823	0.01465	0.39012	0.02749	0.00838	0.02990	0.00152	0.00380	0.04297	0.00277	0.00431
6	0.00781	0.05093	0.74856	0.01107	0.01644	0.00911	0.08022	0.01200	0.00807	0.01191	0.00682	0.00812	0.00488	0.00356	0.00363	0.00119	0.00561	0.00291	0.00163	0.00554
7	0.00448	0.00384	0.00384	0.00384	0.00512	0.00320	0.00288	0.00544	0.00864	0.01025	0.03842	0.03650	0.84152	0.00960	0.00448	0.00128	0.00192	0.00800	0.00352	0.00320
8	0.00466	0.00333	0.00445	0.00533	0.00557	0.00312	0.00359	0.00535	0.00730	0.00973	0.02088	0.84076	0.02499	0.01184	0.00485	0.00155	0.00224	0.03384	0.00352	0.00309
9	0.00979	0.05450	0.04103	0.08961	0.38430	0.10989	0.08874	0.02750	0.04769	0.03943	0.00843	0.03380	0.01851	0.01331	0.00406	0.00118	0.01710	0.00364	0.00214	0.00533
10	0.00937	0.00910	0.01501	0.05569	0.76580	0.02760	0.01139	0.01156	0.00855	0.01211	0.00702	0.00932	0.00591	0.00351	0.00403	0.00115	0.03181	0.00336	0.00186	0.00584
11	0.89350	0.00733	0.00557	0.00499	0.00733	0.00851	0.00411	0.01115	0.00645	0.01702	0.00528	0.00616	0.00411	0.00352	0.00235	0.00117	0.00293	0.00205	0.00235	0.00411
12	0.00779	0.08123	0.78706	0.01050	0.01593	0.00926	0.01347	0.01196	0.00799	0.01179	0.00669	0.00787	0.00481	0.00358	0.00352	0.00117	0.00549	0.00275	0.00160	0.00555
13	0.00486	0.00372	0.00461	0.00497	0.00571	0.00338	0.01132	0.00585	0.00819	0.01055	0.10973	0.38541	0.30111	0.03723	0.00517	0.00150	0.00228	0.08767	0.00353	0.00321
14	0.00895	0.01023	0.02238	0.01598	0.01982	0.00959	0.82928	0.01215	0.00895	0.01215	0.00767	0.01023	0.00575	0.00320	0.00448	0.00128	0.00639	0.00448	0.00192	0.00512
15	0.00515	0.00374	0.00486	0.00485	0.00560	0.00344	0.00353	0.00663	0.00982	0.01367	0.61037	0.22812	0.06838	0.00882	0.00456	0.00128	0.00189	0.00784	0.00399	0.00344
16	0.54914	0.00948	0.00771	0.00658	0.00897	0.12376	0.00533	0.18151	0.00948	0.03625	0.00637	0.00707	0.00484	0.00389	0.00308	0.00115	0.02561	0.00246	0.00263	0.00469
17	0.01803	0.10342	0.69489	0.01015	0.01525	0.04609	0.01262	0.01226	0.00816	0.03588	0.00683	0.00789	0.00494	0.00361	0.00347	0.00115	0.00541	0.00273	0.00172	0.00549
18	0.00918	0.00888	0.01453	0.07401	0.73151	0.03322	0.01109	0.01134	0.00857	0.01201	0.00767	0.04665	0.00675	0.00379	0.00379	0.00115	0.00451	0.00367	0.00194	0.00572
19	0.00761	0.01962	0.84707	0.01081	0.01641	0.00881	0.01401	0.01201	0.00801	0.01201	0.00681	0.00801	0.00480	0.00360	0.00360	0.00120	0.00560	0.00280	0.00160	0.00560
20	0.00716	0.00674	0.01138	0.85760	0.02612	0.00843	0.01053	0.00969	0.00758	0.00969	0.00674	0.01011	0.00506	0.00379	0.00379	0.00126	0.00506	0.00337	0.00169	0.00421
21	0.08515	0.04200	0.07338	0.03060	0.06527	0.06094	0.16358	0.09116	0.09308	0.18039	0.00982	0.03577	0.00739	0.00435	0.00411	0.00121	0.03976	0.00373	0.00288	0.00543
22	0.01051	0.05695	0.06543	0.00902	0.01121	0.00798	0.14789	0.01223	0.00850	0.26477	0.03947	0.09657	0.02191	0.00633	0.03144	0.00147	0.19588	0.00452	0.00293	0.00499
23	0.00874	0.09605	0.16680	0.01127	0.04644	0.07106	0.26694	0.01122	0.00861	0.03736	0.02018	0.04871	0.02727	0.00511	0.00446	0.00128	0.04237	0.11908	0.00226	0.00479
24	0.01846	0.00360	0.00461	0.00532	0.00569	0.00346	0.00367	0.00572	0.01613	0.00991	0.02148	0.71007	0.08886	0.02960	0.00523	0.00157	0.01831	0.04170	0.00344	0.00316
25	0.02695	0.15983	0.31181	0.00952	0.01333	0.12354	0.07019	0.14273	0.04017	0.03722	0.02571	0.00864	0.00620	0.00388	0.00349	0.00110	0.00504	0.00300	0.00227	0.00538
26	0.01011	0.04138	0.02832	0.25374	0.14048	0.10826	0.11041	0.13269	0.04334	0.04329	0.02647	0.01072	0.00694	0.00409	0.00383	0.00118	0.00493	0.02231	0.00238	0.00512
27	0.00590	0.00479	0.00637	0.00755	0.11857	0.00461	0.00488	0.00796	0.06866	0.01220	0.23310	0.19761	0.22383	0.00851	0.00448	0.00133	0.00251	0.07978	0.00349	0.00388
28	0.00897	0.00993	0.07626	0.13096	0.06242	0.13619	0.10825	0.04627	0.02352	0.01051	0.00698	0.00969	0.00589	0.00755	0.08757	0.08484	0.17453	0.00339	0.00192	0.00436
29	0.01065	0.01996	0.01183	0.27261	0.20122	0.31497	0.00910	0.01252	0.01790	0.04659	0.00758	0.00941	0.02332	0.00397	0.00383	0.00113	0.02345	0.00315	0.00202	0.00478
30	0.00791	0.12236	0.74701	0.01029	0.01561	0.00956	0.01310	0.01193	0.00797	0.01164	0.00662	0.00777	0.00481	0.00356	0.00346	0.00115	0.00542	0.00271	0.00160	0.00552
31	0.00510	0.00395	0.00459	0.00462	0.00561	0.00358	0.00349	0.00647	0.02173	0.01174	0.27933	0.06225	0.39843	0.07263	0.00567	0.00149	0.00222	0.10014	0.00363	0.00332
32	0.00860	0.00447	0.00577	0.00533	0.00671	0.00398	0.00403	0.00984	0.00936	0.26387	0.20565	0.26356	0.14803	0.00818	0.00432	0.00129	0.00236	0.00713	0.03329	0.00425
33	0.05874	0.08263	0.08267	0.03398	0.01145	0.07455	0.03877	0.13016	0.35631	0.01485	0.01078	0.03293	0.00843	0.00471	0.00402	0.00121	0.04169	0.00369	0.00299	0.00546
34	0.00552	0.00526	0.05735	0.00529	0.00670	0.00431	0.01710	0.00723	0.05230	0.03249	0.04609	0.19832	0.49220	0.00910	0.00471	0.00134	0.02924	0.01843	0.00338	0.00363
35	0.00528	0.00398	0.00489	0.00464	0.00566	0.00365	0.00349	0.00712	0.03186	0.01414	0.64360	0.02975	0.21170	0.00809	0.00446	0.00121	0.00185	0.00704	0.00402	0.00356
36	0.02796	0.00805	0.00955	0.00746	0.01028	0.00814	0.00612	0.32025	0.07729	0.43124	0.04461	0.01209	0.00941	0.00478	0.00381	0.00117	0.00350	0.00379	0.00424	0.00627
37	0.10534	0.07065	0.25119	0.00858	0.01221	0.00903	0.04974	0.13641	0.10387	0.20169	0.00973	0.00975	0.00682	0.00411	0.00354	0.00117	0.00421	0.00324	0.00298	0.00573
38	0.00882	0.00843	0.01381	0.18499	0.60152	0.02792	0.01091	0.01106	0.00849	0.01171	0.00800	0.01197	0.00698	0.00400	0.00387	0.00120	0.00459	0.06436	0.00196	0.00543
39	0.00678	0.00403	0.00441	0.00448	0.00535	0.00408	0.00328	0.03604	0.06256	0.01348	0.04764	0.23195	0.01470	0.00651	0.00340	0.00110	0.00204	0.00557	0.53893	0.00368
40	0.00518	0.00387	0.00483	0.00467	0.00562	0.00351	0.00351	0.00676	0.01012	0.01387	0.62132	0.05917	0.20151	0.00836	0.00451	0.00124	0.00188	0.03260	0.00400	0.00348
41	0.01131	0.59128	0.03476	0.00758	0.01048	0.27005	0.00691	0.01253	0.00864	0.00910	0.00549	0.00636	0.00487	0.00345	0.00276	0.00087	0.00494	0.00217	0.00172	0.00474
42	0.00786	0.00674	0.00786	0.00562	0.00899	0.00506	0.00449	0.00955	0.00786	0.01236	0.00674	0.00786	0.00562	0.00281	0.00281	0.00056	0.00281	0.00225	0.00225	0.88990
43	0.04440	0.00952	0.06200	0.15471	0.15957	0.08663	0.07807	0.09563	0.09776	0.07422	0.09089	0.01174	0.00940	0.00434	0.00382	0.00118	0.00443	0.00377	0.00269	0.00522
44	0.01136	0.00910	0.00966	0.00811	0.01060	0.01033	0.00647	0.33353	0.51969	0.01897	0.01299	0.01220	0.00959	0.00492	0.00383	0.00123	0.00345	0.00395	0.00383	0.00618
45	0.04441	0.00955	0.03013	0.03743	0.55830	0.02778	0.15738	0.04742	0.00896	0.01283	0.00715	0.00931	0.00582	0.00350	0.00401	0.00117	0.02372	0.00349	0.00197	0.00567
46	0.00784	0.00743	0.01260	0.60340	0.27503	0.00860	0.01087	0.01028	0.00790	0.01051	0.00686	0.00989	0.00535	0.00367	0.00378	0.00122	0.00489	0.00337	0.00174	0.00476
47	0.00717	0.00585	0.00816	0.22354	0.04863	0.00560	0.00607	0.00913	0.00890	0.03775	0.29286	0.01567	0.01594	0.00484	0.00370	0.00100	0.00312	0.00421	0.00282	0.29505
48	0.00572	0.00456	0.00665	0.00644	0.00707	0.00549	0.00507	0.00701	0.00625	0.00901	0.02432	0.01526	0.04544	0.02466	0.69977	0.00527	0.11228	0.00419	0.00209	0.00347
49	0.00896	0.00769	0.00837	0.00699	0.00959	0.00793	0.00549	0.03026	0.52999	0.01477	0.01226	0.01185	0.00939	0.00431	0.00349	0.00103	0.00295	0.00355	0.00329	0.31783
50	0.00834	0.00646	0.00744	0.00615	0.00838	0.00619	0.00482	0.08176	0.20444	0.04959	0.24530	0.03480	0.03005	0.00529	0.00372	0.00102	0.00267	0.00448	0.00345	0.28564
51	0.46301	0.00807	0.00749	0.00646	0.00883	0.00925	0.00522	0.16592	0.23397	0.01774	0.00890	0.00914	0.00673	0.00490	0.02861	0.00135	0.00340	0.00297	0.00302	0.00504
52	0.00595	0.00430	0.00589	0.00669	0.00757	0.00424	0.00578	0.00762	0.00872	0.01130	0.03503	0.06110	0.08022	0.01040	0.00516	0.00170	0.00332	0.72805	0.00351	0.00346
53	0.00452	0.00384	0.00390	0.00388	0.00515	0.00322	0.00291	0.00552	0.00874	0.01046	0.07343	0.03614	0.80637	0.00952	0.00448	0.00128	0.00192	0.00795	0.00355	0.00322
54	0.01885	0.06106	0.55662	0.01089	0.03895	0.00958	0.06105	0.04117	0.00811	0.02024	0.00674	0.00829	0.00509	0.00437	0.01723	0.00131	0.12037	0.00299	0.00176	0.00534
55	0.00939	0.00901	0.01539	0.02328	0.84306	0.00901	0.01164	0.01164	0.00864	0.01239	0.00713	0.00939	0.00601	0.00338	0.00375	0.00113	0.00451	0.00338	0.00188	0.00601
56	0.04197	0.00641	0.00857	0.00664	0.00946	0.00564	0.00546	0.02695	0.01075	0.77717	0.03631	0.02672	0.01014	0.00485	0.00380	0.00118	0.00318	0.00395	0.00458	0.00626
57	0.00509	0.00364	0.00494	0.00582	0.00624	0.00348	0.00434	0.00609	0.00772	0.01021	0.02064	0.60590	0.02406	0.01144	0.00497	0.00160	0.00261	0.26450	0.00351	0.00321
58	0.03347	0.28838	0.06833	0.00880	0.05363	0.11007	0.05712	0.05541	0.04466	0.11570	0.04769	0.01943	0.02165	0.00435	0.00380	0.00108	0.04639	0.01246	0.00250	0.00508
59	0.02877	0.12373	0.38123	0.01013	0.01402	0.03420	0.15202	0.01139	0.00843	0.03006	0.03317	0.01411	0.00858	0.00469	0.00385	0.00124	0.00503	0.12823	0.00212	0.00499
60	0.00632	0.00383	0.00499	0.00521	0.00598	0.00350	0.00371	0.00734	0.00844	0.11230	0.16774	0.52408	0.08468	0.00987	0.00456	0.00139	0.00222	0.00880	0.03146	0.00360
61	0.24438	0.00878	0.01066	0.01132	0.20851	0.00995	0.00755	0.25350	0.01887	0.02762	0.00738	0.00915	0.00595	0.00447	0.00477	0.00124	0.13609	0.02188	0.00263	0.00530

[dist]
# distance from previous block
# <min> <max>
0	82

[block]
# block no. 2 follows, 72 sequences, length 23
# corresponding to MSA columns:
# 312-334
name=unknown_C
#
# <colnr> <probs for GDERKNQSTAVLIFYWHMCP>
#	G	D	E	R	K	N	Q	S	T	A	V	L	I	F	Y	W	H	M	C	P
0	0.00666	0.00507	0.00594	0.00578	0.01635	0.00553	0.00397	0.02563	0.20644	0.01047	0.04638	0.06651	0.01377	0.41565	0.13299	0.00312	0.01810	0.00525	0.00279	0.00360
1	0.26787	0.00989	0.00958	0.00777	0.01024	0.07521	0.00636	0.42852	0.01267	0.04879	0.00759	0.00814	0.00563	0.00440	0.00412	0.00118	0.08059	0.00295	0.00308	0.00541
2	0.00560	0.00419	0.00532	0.00494	0.00606	0.00377	0.00371	0.00740	0.02255	0.01429	0.64358	0.09131	0.05831	0.00764	0.00434	0.00117	0.00197	0.01768	0.00390	0.09228
3	0.00971	0.00975	0.01013	0.04678	0.19059	0.22103	0.00730	0.06257	0.06832	0.02225	0.23889	0.01431	0.01434	0.00517	0.00446	0.00116	0.06150	0.00417	0.00280	0.00476
4	0.02473	0.03758	0.00883	0.00695	0.00924	0.00692	0.05790	0.03813	0.25372	0.11544	0.09774	0.08591	0.04017	0.02405	0.00411	0.00117	0.00307	0.00466	0.00337	0.17630
5	0.15627	0.06359	0.01023	0.00881	0.05064	0.30387	0.00664	0.09119	0.19066	0.04042	0.00845	0.00886	0.00657	0.00423	0.00366	0.00112	0.03411	0.00297	0.00266	0.00506
6	0.00919	0.00881	0.01504	0.09695	0.77092	0.00896	0.01154	0.01147	0.00854	0.01215	0.00710	0.00945	0.00592	0.00342	0.00376	0.00114	0.00455	0.00338	0.00186	0.00585
7	0.03996	0.01070	0.01032	0.00823	0.01103	0.16661	0.03200	0.34338	0.10590	0.05056	0.00883	0.00911	0.00660	0.00409	0.00352	0.00102	0.00427	0.00311	0.00309	0.17769
8	0.01501	0.00681	0.00867	0.00685	0.00956	0.00639	0.00559	0.08228	0.11347	0.61808	0.04508	0.01416	0.04007	0.00502	0.00387	0.00119	0.00318	0.00410	0.00446	0.00618
9	0.00939	0.00901	0.01539	0.02328	0.84306	0.00901	0.01164	0.01164	0.00864	0.01239	0.00713	0.00939	0.00601	0.00338	0.00375	0.00113	0.00451	0.00338	0.00188	0.00601
10	0.01146	0.00818	0.00995	0.00799	0.01040	0.00859	0.06886	0.42445	0.05905	0.10473	0.03183	0.14212	0.08298	0.00611	0.00408	0.00124	0.00364	0.00517	0.00369	0.00547
11	0.00895	0.01023	0.02238	0.01598	0.01982	0.00959	0.82928	0.01215	0.00895	0.01215	0.00767	0.01023	0.00575	0.00320	0.00448	0.00128	0.00639	0.00448	0.00192	0.00512
12	0.01480	0.00615	0.00823	0.00647	0.00904	0.00546	0.00528	0.04870	0.01111	0.66229	0.16466	0.01556	0.01406	0.00524	0.00393	0.00118	0.00300	0.00435	0.00456	0.00593
13	0.04145	0.00463	0.00552	0.00577	0.00655	0.00468	0.00410	0.12459	0.02558	0.01216	0.01902	0.66395	0.04683	0.01029	0.00456	0.00145	0.00252	0.00916	0.00352	0.00367
14	0.00825	0.22424	0.60524	0.00955	0.01438	0.01024	0.01173	0.01202	0.03557	0.01132	0.00681	0.00802	0.00519	0.01780	0.00359	0.00115	0.00511	0.00271	0.00169	0.00539
15	0.01248	0.00544	0.00712	0.00597	0.00802	0.00491	0.00473	0.01427	0.04339	0.50207	0.10192	0.13722	0.01454	0.00603	0.00389	0.00120	0.00274	0.00512	0.11366	0.00529
16	0.00484	0.00393	0.00435	0.00457	0.00572	0.00345	0.00360	0.00595	0.00861	0.01046	0.03379	0.07137	0.63339	0.00988	0.00466	0.00139	0.00227	0.18101	0.00352	0.00326
17	0.00913	0.00875	0.01493	0.12010	0.74826	0.00894	0.01151	0.01141	0.00851	0.01208	0.00709	0.00947	0.00590	0.00343	0.00376	0.00114	0.00457	0.00338	0.00186	0.00580
18	0.00982	0.00588	0.00918	0.00809	0.04036	0.00544	0.12568	0.02858	0.02723	0.28047	0.08228	0.30310	0.02813	0.00729	0.00435	0.00133	0.00328	0.02111	0.00367	0.00476
19	0.00461	0.00335	0.00435	0.00514	0.00546	0.00309	0.00346	0.00530	0.00740	0.00974	0.02264	0.78194	0.10626	0.01166	0.00481	0.00151	0.00217	0.01051	0.00352	0.00309
20	0.03106	0.00714	0.01158	0.00926	0.02956	0.03283	0.29578	0.04421	0.02681	0.01282	0.18592	0.02158	0.26277	0.00618	0.00433	0.00124	0.00383	0.00582	0.00299	0.00427
21	0.01282	0.01067	0.20127	0.02637	0.03042	0.02369	0.01804	0.18295	0.06915	0.33366	0.02078	0.01105	0.00791	0.00507	0.02756	0.00132	0.00430	0.00354	0.00345	0.00600
22	0.06877	0.06818	0.07619	0.08418	0.27424	0.05280	0.00887	0.04389	0.02534	0.03161	0.00722	0.02633	0.00616	0.00552	0.02980	0.05481	0.12586	0.00329	0.00204	0.00490

[dist]
# distance from previous block
# <min> <max>
0	1

[block]
# block no. 3 follows, 72 sequences, length 19
# corresponding to MSA columns:
# 336-354
name=unknown_D
#
# <colnr> <probs for GDERKNQSTAVLIFYWHMCP>
#	G	D	E	R	K	N	Q	S	T	A	V	L	I	F	Y	W	H	M	C	P
0	0.03128	0.06211	0.04704	0.01390	0.05621	0.04028	0.52804	0.14819	0.01031	0.01393	0.00759	0.00946	0.00573	0.00348	0.00409	0.00120	0.00570	0.00391	0.00221	0.00533
1	0.00679	0.00613	0.02456	0.00579	0.02208	0.03760	0.01658	0.02143	0.05290	0.02607	0.10611	0.05748	0.33427	0.00664	0.00400	0.00107	0.01278	0.00555	0.00310	0.24906
2	0.00457	0.00373	0.00400	0.00417	0.00518	0.00320	0.00301	0.00546	0.00831	0.01016	0.05416	0.20369	0.62769	0.03907	0.00506	0.00141	0.00203	0.00845	0.00350	0.00316
3	0.00840	0.00706	0.00815	0.00587	0.00921	0.00560	0.00471	0.07639	0.00868	0.01330	0.00693	0.00797	0.00569	0.00295	0.00289	0.00061	0.00292	0.00234	0.00237	0.81797
4	0.00473	0.00380	0.00423	0.00424	0.00531	0.00329	0.00314	0.00589	0.00906	0.01152	0.25262	0.11986	0.54028	0.00934	0.00452	0.00128	0.00191	0.00798	0.00370	0.00329
5	0.01148	0.00836	0.10862	0.03510	0.01182	0.00679	0.12338	0.07945	0.02902	0.33041	0.13776	0.01608	0.02332	0.00521	0.00408	0.00123	0.00387	0.05501	0.00358	0.00542
6	0.00716	0.00674	0.01138	0.85760	0.02612	0.00843	0.01053	0.00969	0.00758	0.00969	0.00674	0.01011	0.00506	0.00379	0.00379	0.00126	0.00506	0.00337	0.00169	0.00421
7	0.01613	0.00664	0.00910	0.00701	0.00987	0.00591	0.02540	0.05955	0.01113	0.74289	0.04050	0.01365	0.01019	0.00485	0.00387	0.00118	0.00331	0.01799	0.00454	0.00628
8	0.00808	0.00812	0.01491	0.44977	0.17074	0.00899	0.21921	0.01064	0.00803	0.01077	0.00696	0.00992	0.00540	0.00371	0.00440	0.00126	0.04889	0.00365	0.00178	0.00476
9	0.00611	0.00437	0.00611	0.00698	0.00786	0.00437	0.00611	0.00786	0.00873	0.01135	0.02008	0.04278	0.02183	0.01048	0.00524	0.00175	0.00349	0.81753	0.00349	0.00349
10	0.00813	0.03149	0.01289	0.54796	0.28561	0.00887	0.01069	0.02988	0.00817	0.01087	0.00688	0.00974	0.00539	0.00366	0.00374	0.00120	0.00483	0.00334	0.00179	0.00486
11	0.00483	0.00368	0.00445	0.00463	0.00543	0.00329	0.00333	0.00598	0.00891	0.01177	0.30939	0.30545	0.29568	0.00971	0.00460	0.00134	0.00197	0.00852	0.00375	0.00329
12	0.00832	0.00774	0.01280	0.51856	0.31497	0.00880	0.01076	0.05224	0.00848	0.01137	0.00700	0.00980	0.00546	0.00368	0.00378	0.00121	0.00482	0.00338	0.00186	0.00496
13	0.00567	0.00398	0.00466	0.00451	0.00566	0.00348	0.00337	0.00691	0.00935	0.07032	0.30236	0.12242	0.42568	0.00889	0.00447	0.00127	0.00200	0.00763	0.00382	0.00354
14	0.00916	0.02451	0.00801	0.00693	0.00885	0.00794	0.00539	0.06721	0.50842	0.06868	0.12984	0.05599	0.04972	0.02660	0.00435	0.00132	0.00288	0.00500	0.00384	0.00536
15	0.01835	0.00420	0.00494	0.00516	0.00609	0.01847	0.00399	0.00792	0.00851	0.05946	0.09830	0.22178	0.11815	0.00842	0.00420	0.00132	0.00245	0.18430	0.22040	0.00357
16	0.02044	0.02765	0.05778	0.00748	0.02602	0.06977	0.02270	0.14155	0.06236	0.07118	0.00837	0.02249	0.00657	0.00367	0.00326	0.00086	0.00365	0.00291	0.00270	0.43858
17	0.03874	0.03662	0.02349	0.02545	0.09684	0.10428	0.02628	0.13467	0.18663	0.12971	0.06044	0.06821	0.02227	0.00524	0.00384	0.00120	0.00387	0.02357	0.00328	0.00536
18	0.04630	0.02243	0.07663	0.04364	0.29919	0.06999	0.03997	0.14708	0.05969	0.07754	0.00870	0.03314	0.00687	0.00405	0.00367	0.00113	0.00439	0.00348	0.00258	0.04953

[dist]
# distance from previous block
# <min> <max>
1	71

[block]
# block no. 4 follows, 72 sequences, length 9
# corresponding to MSA columns:
# 426-434
name=unknown_E
#
# <colnr> <probs for GDERKNQSTAVLIFYWHMCP>
#	G	D	E	R	K	N	Q	S	T	A	V	L	I	F	Y	W	H	M	C	P
0	0.00795	0.02494	0.04239	0.11757	0.38829	0.02596	0.03029	0.01054	0.06249	0.01180	0.05151	0.02999	0.17012	0.00511	0.00394	0.00119	0.00394	0.00458	0.00242	0.00499
1	0.03516	0.23612	0.40439	0.00894	0.01325	0.01029	0.03591	0.08910	0.00899	0.05986	0.00707	0.00790	0.00530	0.00360	0.00327	0.00105	0.00471	0.00271	0.00206	0.06031
2	0.00890	0.03826	0.07896	0.12054	0.37673	0.00921	0.16461	0.01162	0.03438	0.02975	0.00812	0.01021	0.02558	0.00386	0.00445	0.00121	0.06263	0.00364	0.00198	0.00537
3	0.00519	0.00381	0.00427	0.00437	0.00542	0.00331	0.00319	0.00621	0.00857	0.04467	0.10362	0.22769	0.51608	0.00959	0.00447	0.00132	0.00202	0.00823	0.03461	0.00335
4	0.00794	0.00695	0.03834	0.02424	0.15406	0.04686	0.02364	0.04950	0.09746	0.05826	0.11744	0.28311	0.04597	0.00731	0.00425	0.00130	0.00329	0.02234	0.00322	0.00454
5	0.08181	0.01014	0.12518	0.00980	0.10311	0.04900	0.07326	0.12741	0.03556	0.05979	0.02896	0.00922	0.00668	0.00367	0.00342	0.00099	0.00407	0.00305	0.00254	0.26236
6	0.01956	0.00540	0.02408	0.00638	0.02422	0.03320	0.00468	0.07691	0.02928	0.01129	0.03794	0.39895	0.04355	0.08138	0.10154	0.00213	0.02542	0.04757	0.02288	0.00366
7	0.00685	0.00437	0.00508	0.00479	0.00606	0.00397	0.00362	0.02692	0.02355	0.11913	0.16550	0.09052	0.36315	0.07686	0.00552	0.00146	0.00235	0.03825	0.04831	0.00376
8	0.04784	0.20748	0.26719	0.03500	0.04155	0.03579	0.00855	0.03559	0.07988	0.10201	0.00972	0.05897	0.02666	0.02343	0.00378	0.00118	0.00427	0.00351	0.00242	0.00518

[dist]
# distance from previous block
# <min> <max>
4	12

[block]
# block no. 5 follows, 72 sequences, length 24
# corresponding to MSA columns:
# 447-455,462-476
name=unknown_F
#
# <colnr> <probs for GDERKNQSTAVLIFYWHMCP>
#	G	D	E	R	K	N	Q	S	T	A	V	L	I	F	Y	W	H	M	C	P
0	0.39495	0.03972	0.07245	0.00710	0.02538	0.03027	0.01765	0.16587	0.04434	0.10067	0.00875	0.02671	0.02593	0.00421	0.00313	0.00115	0.00358	0.00303	0.00286	0.02225
1	0.03790	0.30657	0.09111	0.00999	0.12711	0.01128	0.03092	0.17903	0.06809	0.03793	0.00804	0.00948	0.00652	0.00397	0.00330	0.00105	0.00416	0.02967	0.00245	0.03141
2	0.04063	0.06890	0.38399	0.00942	0.03264	0.02540	0.05919	0.07632	0.06812	0.04441	0.04302	0.02822	0.03555	0.02897	0.00413	0.00125	0.00457	0.01914	0.00239	0.02374
3	0.00655	0.00362	0.00516	0.00511	0.00531	0.00371	0.00350	0.02953	0.00565	0.00764	0.00835	0.04202	0.02009	0.05722	0.10264	0.66864	0.00399	0.00382	0.01535	0.00211
4	0.00817	0.01652	0.61263	0.00991	0.01440	0.03902	0.01178	0.04501	0.08066	0.01278	0.04038	0.01022	0.00714	0.00422	0.00398	0.00122	0.03427	0.02042	0.02185	0.00541
5	0.00779	0.00443	0.00549	0.03002	0.00678	0.00424	0.00398	0.02771	0.02038	0.14533	0.19877	0.12012	0.11826	0.00786	0.03759	0.01147	0.00262	0.02107	0.22206	0.00401
6	0.00684	0.03629	0.00636	0.00549	0.00695	0.00554	0.00424	0.02984	0.21117	0.04015	0.30118	0.07546	0.24070	0.00752	0.00424	0.00124	0.00233	0.00642	0.00380	0.00425
7	0.51816	0.00651	0.00612	0.00538	0.00753	0.00703	0.00437	0.02488	0.02584	0.16691	0.06674	0.03710	0.01971	0.00470	0.00303	0.00119	0.00284	0.03069	0.05677	0.00448
8	0.00524	0.00395	0.00510	0.00524	0.00577	0.00382	0.03040	0.00629	0.03936	0.00949	0.03722	0.39012	0.13108	0.25607	0.05123	0.00232	0.00314	0.00802	0.00307	0.00308
9	0.00543	0.00397	0.00441	0.00423	0.00547	0.00343	0.00320	0.00667	0.00930	0.05270	0.25493	0.03231	0.55131	0.00867	0.00438	0.00124	0.00194	0.00733	0.03562	0.00348
10	0.00927	0.54198	0.27331	0.00783	0.01167	0.04010	0.00869	0.01146	0.00799	0.01006	0.02579	0.00784	0.02276	0.00361	0.00291	0.00096	0.00453	0.00251	0.00172	0.00501
11	0.00786	0.00674	0.00786	0.00562	0.00899	0.00506	0.00449	0.00955	0.00786	0.01236	0.00674	0.00786	0.00562	0.00281	0.00281	0.00056	0.00281	0.00225	0.00225	0.88990
12	0.49131	0.00657	0.00604	0.00535	0.00729	0.00724	0.00429	0.10721	0.00900	0.01676	0.21339	0.01458	0.05353	0.02161	0.00353	0.00124	0.00278	0.02106	0.00305	0.00416
13	0.01300	0.03990	0.03125	0.00968	0.04961	0.16854	0.10514	0.21417	0.03913	0.21339	0.05251	0.01146	0.00865	0.00449	0.00382	0.00114	0.00459	0.02070	0.00324	0.00558
14	0.00543	0.00387	0.00521	0.00525	0.00563	0.00423	0.00368	0.00619	0.00590	0.00824	0.01133	0.05254	0.01189	0.37609	0.47242	0.00491	0.00715	0.00493	0.00220	0.00292
15	0.00803	0.00763	0.01295	0.53020	0.34670	0.00866	0.01097	0.01045	0.00800	0.01075	0.00690	0.00983	0.00543	0.00363	0.00378	0.00121	0.00484	0.00337	0.00176	0.00492
16	0.08497	0.11560	0.10079	0.03729	0.05317	0.02450	0.05675	0.04066	0.10348	0.12660	0.09169	0.07731	0.02714	0.01996	0.00393	0.00121	0.00371	0.00425	0.00293	0.02406
17	0.00458	0.00353	0.00419	0.00469	0.00535	0.00314	0.00326	0.00538	0.00789	0.01002	0.04377	0.51417	0.35469	0.01088	0.00469	0.00143	0.00208	0.00959	0.00353	0.00314
18	0.06552	0.04358	0.00846	0.00694	0.00882	0.17643	0.00548	0.18618	0.06387	0.03210	0.29643	0.01700	0.04527	0.00575	0.00387	0.00114	0.00362	0.02152	0.00338	0.00464
19	0.00997	0.39845	0.23397	0.00804	0.01167	0.03072	0.00840	0.05935	0.14774	0.04631	0.00801	0.00841	0.00625	0.00381	0.00314	0.00103	0.00432	0.00277	0.00225	0.00540
20	0.00524	0.00367	0.00441	0.00477	0.00527	0.00343	0.00319	0.00605	0.02168	0.02832	0.05153	0.43254	0.17575	0.21072	0.00806	0.00195	0.00251	0.00849	0.01934	0.00307
21	0.00578	0.00381	0.00459	0.00483	0.02088	0.00353	0.00340	0.00706	0.00864	0.03672	0.22518	0.24101	0.19090	0.02963	0.00451	0.00129	0.00206	0.00719	0.19551	0.00346
22	0.21598	0.03593	0.12574	0.05643	0.03787	0.11079	0.17320	0.07965	0.03987	0.03624	0.00741	0.02436	0.00579	0.00395	0.00377	0.00119	0.03137	0.00324	0.00228	0.00494
23	0.22283	0.01188	0.07347	0.01120	0.13834	0.22359	0.10238	0.09182	0.03596	0.04411	0.00714	0.00821	0.00549	0.00376	0.00341	0.00113	0.00490	0.00296	0.00234	0.00507

[dist]
# distance from previous block
# <min> <max>
1	13

[block]
# block no. 6 follows, 72 sequences, length 10
# corresponding to MSA columns:
# 496-499,503,504,526-529
name=unknown_G
#
# <colnr> <probs for GDERKNQSTAVLIFYWHMCP>
#	G	D	E	R	K	N	Q	S	T	A	V	L	I	F	Y	W	H	M	C	P
0	0.04670	0.00926	0.08791	0.34566	0.09267	0.04669	0.11336	0.06120	0.07689	0.01214	0.00853	0.01109	0.01896	0.00479	0.02917	0.00138	0.00506	0.02154	0.00215	0.00485
1	0.00549	0.00380	0.00484	0.00495	0.00576	0.00346	0.00361	0.00676	0.00918	0.04792	0.38009	0.31584	0.15321	0.00939	0.00459	0.00134	0.00206	0.03038	0.00385	0.00347
2	0.08801	0.01726	0.66120	0.01097	0.01605	0.00888	0.12152	0.01195	0.00799	0.01248	0.00678	0.00814	0.00487	0.00354	0.00361	0.00121	0.00547	0.00296	0.00171	0.00540
3	0.00729	0.00580	0.00721	0.00744	0.08293	0.00598	0.00516	0.07838	0.18723	0.01518	0.41418	0.05743	0.07179	0.00690	0.00426	0.00124	0.00257	0.03074	0.00378	0.00451
4	0.00486	0.00353	0.00464	0.00545	0.00587	0.00331	0.00391	0.00574	0.00763	0.01002	0.02231	0.65040	0.09651	0.01144	0.00488	0.00155	0.00240	0.14887	0.00352	0.00316
5	0.08403	0.37101	0.13240	0.00770	0.01096	0.07194	0.00746	0.14236	0.09383	0.03472	0.00742	0.00789	0.00585	0.00380	0.00306	0.00102	0.00427	0.00266	0.00235	0.00528
6	0.00705	0.00539	0.00625	0.00633	0.00728	0.02615	0.00488	0.07688	0.12091	0.01188	0.03678	0.16442	0.01782	0.20135	0.00796	0.00200	0.00335	0.28628	0.00328	0.00377
7	0.01298	0.00746	0.00881	0.04612	0.03498	0.06343	0.00597	0.13191	0.06092	0.39699	0.08202	0.10754	0.01243	0.00562	0.00395	0.00121	0.00348	0.00468	0.00394	0.00556
8	0.08333	0.04351	0.11137	0.00664	0.00909	0.02267	0.00600	0.08619	0.04627	0.21269	0.29952	0.01676	0.02911	0.00553	0.00384	0.00117	0.00316	0.00455	0.00362	0.00498
9	0.02494	0.00738	0.04113	0.00752	0.07215	0.07613	0.00545	0.03276	0.20317	0.03959	0.15538	0.03350	0.18041	0.08432	0.00543	0.00145	0.00322	0.01834	0.00329	0.00446

[dist]
# distance from previous block
# <min> <max>
0	13

# created by:
# /home/cegg/simao/soft/augustus-3.2.1/scripts/msa2prfl.pl ./align_prep/EOG092C52XD.fa
