[name]
unknown

[dist]
# distance from previous block
# <min> <max>
0	468

[block]
# block no. 0 follows, 67 sequences, length 19
# corresponding to MSA columns:
# 597-612,614-616
name=unknown_A
#
# <colnr> <probs for GDERKNQSTAVLIFYWHMCP>
#	G	D	E	R	K	N	Q	S	T	A	V	L	I	F	Y	W	H	M	C	P
0	0.02708	0.01950	0.14334	0.02641	0.11431	0.05542	0.04818	0.05246	0.04354	0.09472	0.03907	0.04424	0.00842	0.00448	0.00423	0.00112	0.04735	0.00367	0.00267	0.21981
1	0.09067	0.00693	0.02293	0.00644	0.00918	0.00596	0.02081	0.05609	0.00956	0.19452	0.05215	0.07146	0.05756	0.03355	0.00423	0.00114	0.00318	0.02203	0.00332	0.32828
2	0.00832	0.00713	0.00832	0.00594	0.00950	0.00535	0.00475	0.01010	0.00832	0.01307	0.00713	0.00832	0.00594	0.00297	0.00297	0.00059	0.00297	0.00238	0.00238	0.88357
3	0.01130	0.06418	0.14151	0.05882	0.10952	0.05122	0.02258	0.15191	0.08094	0.11056	0.00964	0.03010	0.00738	0.00431	0.00377	0.00113	0.00444	0.00352	0.00289	0.13027
4	0.03539	0.15126	0.01322	0.13059	0.08774	0.42564	0.00835	0.02902	0.00996	0.02500	0.00664	0.00819	0.00549	0.00457	0.02079	0.00120	0.02719	0.00283	0.00205	0.00490
5	0.00674	0.00356	0.00505	0.00505	0.00505	0.00356	0.00327	0.00535	0.00535	0.00713	0.00810	0.01500	0.00849	0.18269	0.01662	0.70771	0.00356	0.00395	0.00188	0.00188
6	0.00893	0.02386	0.25430	0.15680	0.08384	0.05275	0.08981	0.04612	0.02362	0.04463	0.06638	0.03989	0.05252	0.00526	0.01590	0.00136	0.02215	0.00424	0.00242	0.00523
7	0.02549	0.04227	0.42004	0.05571	0.05203	0.00882	0.02080	0.06260	0.07011	0.03796	0.02624	0.03992	0.02683	0.00447	0.00382	0.00121	0.00479	0.00364	0.00239	0.09086
8	0.00626	0.00488	0.00648	0.00596	0.00733	0.00454	0.05652	0.00840	0.05986	0.03859	0.28941	0.08979	0.30391	0.02201	0.00501	0.00142	0.00260	0.07921	0.00388	0.00394
9	0.00579	0.00426	0.00639	0.00639	0.00707	0.00494	0.00494	0.00707	0.00639	0.00920	0.01056	0.01559	0.00988	0.02931	0.80376	0.04820	0.01040	0.00426	0.00213	0.00349
10	0.04894	0.21986	0.06342	0.06898	0.01255	0.19408	0.00771	0.12997	0.04219	0.12058	0.00836	0.00898	0.00635	0.00428	0.00380	0.00112	0.03424	0.00301	0.01611	0.00546
11	0.03837	0.00801	0.11089	0.07060	0.12905	0.00680	0.02205	0.03684	0.06444	0.05338	0.10112	0.22542	0.05527	0.02740	0.00492	0.00144	0.02072	0.01542	0.00311	0.00477
12	0.00544	0.00421	0.00500	0.00502	0.00604	0.00387	0.00371	0.00727	0.04805	0.01321	0.36276	0.17743	0.30303	0.00957	0.00479	0.00138	0.00212	0.02940	0.00403	0.00367
13	0.00912	0.00842	0.05661	0.23004	0.33155	0.00828	0.00993	0.03545	0.04835	0.05371	0.09625	0.01389	0.01051	0.00466	0.00406	0.00126	0.00437	0.02896	0.03916	0.00542
14	0.00966	0.02827	0.26671	0.02424	0.21387	0.00820	0.03137	0.03163	0.03680	0.12040	0.01083	0.12355	0.00946	0.02439	0.00489	0.01723	0.02571	0.00457	0.00263	0.00559
15	0.00675	0.00575	0.03265	0.00845	0.00987	0.00534	0.10083	0.00879	0.00910	0.01196	0.01947	0.05799	0.04139	0.01064	0.03438	0.00191	0.00428	0.62310	0.00339	0.00394
16	0.00767	0.00723	0.01221	0.81506	0.06121	0.00894	0.01119	0.01033	0.00807	0.01037	0.00715	0.01066	0.00539	0.00399	0.00401	0.00133	0.00532	0.00356	0.00179	0.00453
17	0.01194	0.01000	0.08577	0.05316	0.12636	0.02150	0.07703	0.25745	0.04516	0.14578	0.03352	0.07182	0.03164	0.00521	0.00417	0.00127	0.00440	0.00451	0.00335	0.00596
18	0.03539	0.03865	0.03318	0.09346	0.30181	0.04385	0.00910	0.05553	0.12703	0.03033	0.01006	0.05188	0.00870	0.00494	0.00444	0.00126	0.04865	0.04275	0.00261	0.05639

[dist]
# distance from previous block
# <min> <max>
0	4

[block]
# block no. 1 follows, 67 sequences, length 15
# corresponding to MSA columns:
# 621-635
name=unknown_B
#
# <colnr> <probs for GDERKNQSTAVLIFYWHMCP>
#	G	D	E	R	K	N	Q	S	T	A	V	L	I	F	Y	W	H	M	C	P
0	0.01808	0.00585	0.01684	0.03913	0.02083	0.01821	0.06065	0.02152	0.00918	0.07445	0.15301	0.06281	0.24660	0.09561	0.03171	0.00171	0.02479	0.02467	0.00332	0.07101
1	0.04490	0.03627	0.03632	0.03093	0.10017	0.11958	0.00661	0.02657	0.12222	0.02575	0.10788	0.09132	0.13149	0.00668	0.00449	0.00130	0.03272	0.04449	0.00312	0.02717
2	0.01579	0.00747	0.00936	0.00749	0.01038	0.00722	0.00608	0.05247	0.22413	0.59034	0.01570	0.01383	0.01040	0.00508	0.00404	0.00127	0.00339	0.00415	0.00470	0.00670
3	0.01014	0.00707	0.00850	0.00617	0.00964	0.00545	0.00497	0.01188	0.00891	0.16849	0.00877	0.00932	0.00669	0.00335	0.00317	0.00072	0.00305	0.00269	0.00286	0.71815
4	0.00568	0.00410	0.00536	0.00505	0.00599	0.00378	0.00378	0.00757	0.01135	0.01608	0.83192	0.02996	0.03784	0.00820	0.00473	0.00126	0.00189	0.00725	0.00441	0.00378
5	0.01072	0.86147	0.02102	0.00686	0.01029	0.01587	0.00686	0.01201	0.00815	0.00944	0.00558	0.00643	0.00515	0.00343	0.00257	0.00086	0.00429	0.00214	0.00172	0.00515
6	0.02985	0.03556	0.00936	0.00823	0.02899	0.02493	0.00630	0.04966	0.59152	0.03657	0.06926	0.04833	0.01342	0.00574	0.00427	0.00134	0.02217	0.00473	0.00386	0.00593
7	0.00656	0.00506	0.00777	0.00781	0.00900	0.00494	0.07860	0.00852	0.00955	0.01268	0.14994	0.06147	0.02402	0.00997	0.00533	0.00170	0.00364	0.58592	0.00366	0.00385
8	0.88738	0.00776	0.00589	0.00527	0.00776	0.00900	0.00434	0.01179	0.00683	0.01799	0.00558	0.00651	0.00434	0.00372	0.00248	0.00124	0.00310	0.00217	0.00248	0.00434
9	0.04313	0.00425	0.00430	0.00410	0.00526	0.00431	0.00314	0.03556	0.00880	0.04719	0.01278	0.01440	0.00992	0.00465	0.00288	0.00097	0.00206	0.00368	0.78465	0.00398
10	0.04537	0.10922	0.41706	0.00943	0.01382	0.00955	0.01056	0.07726	0.00983	0.21434	0.00917	0.00953	0.00638	0.00425	0.00405	0.00123	0.03707	0.00317	0.00271	0.00601
11	0.00997	0.00920	0.07127	0.32067	0.04760	0.03625	0.09074	0.11664	0.05168	0.08472	0.03528	0.01456	0.00902	0.00497	0.00422	0.00134	0.00491	0.07895	0.00275	0.00524
12	0.03206	0.00492	0.00585	0.00586	0.00706	0.02699	0.00435	0.00890	0.00881	0.15851	0.02265	0.43924	0.15635	0.00992	0.00471	0.00147	0.00274	0.06372	0.00382	0.03208
13	0.14363	0.00728	0.00966	0.03416	0.01085	0.00667	0.08504	0.01269	0.00883	0.21869	0.02124	0.01083	0.00755	0.02788	0.04233	0.00134	0.01958	0.00330	0.00299	0.32547
14	0.00862	0.12167	0.08587	0.04920	0.03546	0.05440	0.10400	0.05606	0.05706	0.01198	0.03369	0.10305	0.08767	0.00721	0.01729	0.06856	0.03628	0.05470	0.00264	0.00459

[dist]
# distance from previous block
# <min> <max>
1	26

[block]
# block no. 2 follows, 67 sequences, length 34
# corresponding to MSA columns:
# 662-695
name=unknown_C
#
# <colnr> <probs for GDERKNQSTAVLIFYWHMCP>
#	G	D	E	R	K	N	Q	S	T	A	V	L	I	F	Y	W	H	M	C	P
0	0.01150	0.23744	0.03946	0.00894	0.05719	0.05226	0.01744	0.23447	0.13377	0.03211	0.02657	0.02888	0.03019	0.00463	0.00360	0.00110	0.00415	0.00359	0.00300	0.06973
1	0.00933	0.00851	0.09254	0.00682	0.01050	0.00595	0.01908	0.02415	0.00893	0.09803	0.03228	0.00958	0.00722	0.00345	0.00326	0.00077	0.00337	0.00281	0.00265	0.65077
2	0.00872	0.03325	0.01406	0.28725	0.46279	0.00896	0.02271	0.01104	0.00869	0.01184	0.00966	0.04542	0.04960	0.00441	0.00404	0.00126	0.00473	0.00411	0.00207	0.00542
3	0.01049	0.27812	0.03243	0.05194	0.04069	0.20568	0.00700	0.02265	0.09047	0.02696	0.09913	0.02511	0.06918	0.00507	0.00377	0.00111	0.01886	0.00384	0.00260	0.00491
4	0.00777	0.02339	0.02839	0.18856	0.10396	0.02083	0.14617	0.03337	0.00805	0.01091	0.00935	0.03047	0.00845	0.11007	0.24941	0.00309	0.00686	0.00434	0.00213	0.00443
5	0.00757	0.00713	0.01203	0.84942	0.02762	0.00891	0.01114	0.01025	0.00802	0.01025	0.00713	0.01069	0.00535	0.00401	0.00401	0.00134	0.00535	0.00356	0.00178	0.00446
6	0.00550	0.00381	0.00475	0.00506	0.00524	0.00383	0.00321	0.00593	0.00653	0.00881	0.01553	0.30103	0.01793	0.46380	0.12808	0.00349	0.00431	0.00747	0.00282	0.00286
7	0.01033	0.01001	0.01847	0.02942	0.01693	0.01059	0.46877	0.08814	0.02586	0.06327	0.00818	0.01047	0.00630	0.00454	0.00662	0.00143	0.20867	0.00427	0.00236	0.00538
8	0.00787	0.00646	0.00717	0.00681	0.00827	0.00713	0.00511	0.02443	0.42970	0.01422	0.07829	0.20820	0.08429	0.05024	0.00541	0.00154	0.02236	0.00662	0.02093	0.00494
9	0.00488	0.00351	0.00463	0.00554	0.00580	0.00326	0.00370	0.00559	0.00773	0.01026	0.02270	0.83015	0.05243	0.01249	0.00511	0.00162	0.00232	0.01131	0.00372	0.00326
10	0.00578	0.00460	0.00525	0.00503	0.00627	0.00433	0.00378	0.00839	0.10596	0.01388	0.39422	0.05386	0.35624	0.00879	0.00467	0.00132	0.00211	0.00754	0.00408	0.00391
11	0.11891	0.00905	0.01022	0.00792	0.01100	0.00940	0.00654	0.40323	0.01447	0.35093	0.01164	0.01088	0.00778	0.00475	0.00384	0.00122	0.00386	0.00361	0.00421	0.00653
12	0.00521	0.00380	0.00494	0.00567	0.00606	0.00364	0.00386	0.00654	0.04887	0.01107	0.09197	0.74285	0.02679	0.01183	0.00503	0.00158	0.00233	0.01070	0.00380	0.00346
13	0.00656	0.00481	0.00700	0.00768	0.00870	0.00479	0.03184	0.00845	0.00924	0.01203	0.02082	0.04416	0.02255	0.01084	0.00551	0.00183	0.00379	0.78200	0.00364	0.00375
14	0.00495	0.00354	0.00473	0.00566	0.00592	0.00331	0.00384	0.00570	0.00774	0.01031	0.02207	0.82290	0.02638	0.01250	0.00514	0.00164	0.00238	0.04430	0.00372	0.00328
15	0.01525	0.01123	0.01204	0.00923	0.01244	0.01244	0.00762	0.82067	0.01886	0.02528	0.00963	0.00963	0.00682	0.00481	0.00401	0.00120	0.00441	0.00361	0.00401	0.00682
16	0.01566	0.01057	0.01163	0.00891	0.01211	0.01146	0.00736	0.70066	0.01775	0.14684	0.01056	0.01023	0.00729	0.00484	0.00402	0.00121	0.00426	0.00367	0.00415	0.00682
17	0.00947	0.01082	0.02366	0.01690	0.02096	0.01014	0.81947	0.01285	0.00947	0.01285	0.00811	0.01082	0.00609	0.00338	0.00473	0.00135	0.00676	0.00473	0.00203	0.00541
18	0.00998	0.00862	0.00907	0.00816	0.01043	0.00998	0.00635	0.02131	0.82679	0.01678	0.01632	0.01496	0.01224	0.00544	0.00408	0.00136	0.00317	0.00453	0.00408	0.00635
19	0.00976	0.00936	0.01598	0.08219	0.77775	0.00949	0.01223	0.01216	0.00905	0.01290	0.00751	0.00998	0.00628	0.00360	0.00397	0.00120	0.00481	0.00357	0.00197	0.00622
20	0.01072	0.86147	0.02102	0.00686	0.01029	0.01587	0.00686	0.01201	0.00815	0.00944	0.00558	0.00643	0.00515	0.00343	0.00257	0.00086	0.00429	0.00214	0.00172	0.00515
21	0.00932	0.01339	0.35725	0.00949	0.01350	0.00880	0.04363	0.01569	0.29670	0.06610	0.01219	0.01225	0.03783	0.00459	0.00392	0.00125	0.00443	0.00380	0.00289	0.08298
22	0.00652	0.00478	0.00613	0.04753	0.00762	0.00471	0.00445	0.00936	0.09426	0.03965	0.64067	0.04210	0.06113	0.00776	0.00461	0.00128	0.00225	0.00681	0.00423	0.00414
23	0.01162	0.01244	0.00970	0.00890	0.01095	0.34308	0.00682	0.01797	0.42990	0.01351	0.01272	0.04369	0.01046	0.00546	0.00400	0.00126	0.00479	0.04405	0.00324	0.00542
24	0.06616	0.06300	0.00958	0.00706	0.00957	0.00724	0.00583	0.06620	0.01033	0.50146	0.01289	0.01305	0.00907	0.04282	0.10321	0.00195	0.04509	0.00385	0.01580	0.00585
25	0.03691	0.06069	0.07841	0.00991	0.04852	0.00740	0.21406	0.01186	0.00985	0.14636	0.20236	0.03854	0.05988	0.00540	0.00423	0.00123	0.00409	0.00503	0.00318	0.05211
26	0.01675	0.00668	0.00899	0.00701	0.00991	0.00588	0.00575	0.01868	0.04084	0.74351	0.07924	0.01496	0.01218	0.00523	0.00409	0.00125	0.00329	0.00430	0.00489	0.00657
27	0.00713	0.00482	0.00636	0.00665	0.00783	0.00471	0.00558	0.00938	0.05199	0.06961	0.18237	0.03789	0.09721	0.00972	0.00513	0.00162	0.00314	0.48088	0.00395	0.00404
28	0.02054	0.00829	0.03663	0.11118	0.12878	0.05253	0.05317	0.04697	0.06733	0.09107	0.02141	0.12204	0.01076	0.01845	0.05480	0.01714	0.09353	0.03761	0.00280	0.00497
29	0.03991	0.01348	0.01212	0.20966	0.14508	0.41449	0.02038	0.01426	0.05666	0.02635	0.00739	0.00906	0.00587	0.00408	0.00378	0.00116	0.00596	0.00312	0.00217	0.00501
30	0.00497	0.00366	0.00468	0.00546	0.00592	0.00337	0.00380	0.00580	0.00802	0.01045	0.02504	0.66925	0.15654	0.01207	0.00509	0.00160	0.00237	0.06488	0.00372	0.00331
31	0.00877	0.02065	0.01377	0.19834	0.11621	0.03482	0.17520	0.01184	0.08280	0.02209	0.02062	0.01495	0.02343	0.00630	0.04016	0.00162	0.11874	0.08236	0.00238	0.00495
32	0.01016	0.06299	0.26685	0.07457	0.05693	0.07296	0.06028	0.07025	0.20795	0.04552	0.01010	0.02700	0.00770	0.00447	0.00392	0.00126	0.00494	0.00370	0.00267	0.00581
33	0.05618	0.02169	0.24339	0.05753	0.06705	0.02299	0.07774	0.02653	0.02456	0.08020	0.00898	0.01154	0.00723	0.03751	0.19398	0.00254	0.04933	0.00368	0.00228	0.00509

[dist]
# distance from previous block
# <min> <max>
2	110

[block]
# block no. 3 follows, 67 sequences, length 42
# corresponding to MSA columns:
# 808-837,840-851
name=unknown_D
#
# <colnr> <probs for GDERKNQSTAVLIFYWHMCP>
#	G	D	E	R	K	N	Q	S	T	A	V	L	I	F	Y	W	H	M	C	P
0	0.31066	0.14635	0.10649	0.00771	0.01088	0.04484	0.06625	0.07593	0.00902	0.05002	0.02034	0.03286	0.02031	0.00420	0.00324	0.00114	0.00409	0.00313	0.01384	0.06869
1	0.69997	0.00800	0.00694	0.00603	0.00853	0.00913	0.01879	0.07574	0.06464	0.03544	0.00737	0.03168	0.00586	0.00420	0.00286	0.00126	0.00326	0.00279	0.00279	0.00472
2	0.00495	0.00363	0.00456	0.00524	0.00566	0.00334	0.00353	0.00569	0.00791	0.01035	0.04916	0.64148	0.15878	0.06827	0.00606	0.00172	0.00237	0.01042	0.00366	0.00324
3	0.01122	0.01019	0.00884	0.00784	0.00992	0.18684	0.00608	0.12332	0.37549	0.01603	0.01260	0.01261	0.00961	0.00492	0.00371	0.00118	0.00393	0.00383	0.18635	0.00550
4	0.00541	0.00378	0.00483	0.00531	0.00592	0.00345	0.00370	0.00638	0.00864	0.03697	0.16389	0.56734	0.14704	0.01122	0.00496	0.00151	0.00224	0.01003	0.00388	0.00348
5	0.02393	0.23141	0.47277	0.01018	0.02865	0.01917	0.04865	0.02786	0.00889	0.05726	0.03127	0.00897	0.00640	0.00390	0.00356	0.00116	0.00521	0.00303	0.00204	0.00568
6	0.13434	0.05141	0.01074	0.00830	0.01111	0.19219	0.00673	0.28341	0.04695	0.20184	0.00980	0.00965	0.00696	0.00451	0.00366	0.00117	0.00457	0.00325	0.00349	0.00591
7	0.00512	0.00392	0.00473	0.00515	0.00599	0.00354	0.00380	0.00623	0.00889	0.01140	0.12850	0.33869	0.34038	0.01091	0.00498	0.00150	0.00233	0.10672	0.00380	0.00342
8	0.00600	0.00476	0.02800	0.05559	0.00800	0.00432	0.02159	0.03359	0.00841	0.03658	0.03639	0.58771	0.10599	0.03656	0.00536	0.00160	0.00280	0.00954	0.00354	0.00367
9	0.01326	0.04390	0.12183	0.04058	0.11791	0.06840	0.05759	0.08276	0.06256	0.31224	0.01106	0.01118	0.00772	0.00462	0.00423	0.02250	0.00457	0.00366	0.00331	0.00610
10	0.00877	0.00509	0.00628	0.00571	0.00732	0.00469	0.00446	0.02604	0.05329	0.20707	0.25331	0.08807	0.22822	0.00818	0.00457	0.00135	0.00255	0.06116	0.01935	0.00454
11	0.01135	0.40104	0.10086	0.00795	0.01149	0.01275	0.00762	0.21208	0.08520	0.02320	0.00796	0.00845	0.00632	0.00397	0.00324	0.00101	0.00426	0.00285	0.00259	0.08580
12	0.00882	0.06261	0.29461	0.00869	0.01269	0.01820	0.05798	0.03803	0.00908	0.04963	0.05384	0.06144	0.00881	0.00435	0.00366	0.00104	0.00432	0.00364	0.00244	0.29612
13	0.05199	0.06880	0.18775	0.01171	0.17203	0.04891	0.02452	0.07501	0.07516	0.13088	0.03352	0.01118	0.02766	0.00434	0.00377	0.00117	0.00445	0.00355	0.00281	0.06077
14	0.00826	0.03873	0.17246	0.09244	0.05910	0.00805	0.09517	0.02897	0.13630	0.03483	0.11727	0.11784	0.03980	0.01277	0.00455	0.00135	0.01878	0.00529	0.00293	0.00510
15	0.00488	0.00376	0.00447	0.00498	0.00570	0.00335	0.00350	0.00576	0.00841	0.01069	0.05388	0.48520	0.35408	0.01143	0.00496	0.00151	0.00222	0.02415	0.00374	0.00333
16	0.01278	0.34572	0.04011	0.00885	0.01183	0.28231	0.04190	0.10824	0.03450	0.05513	0.01972	0.00829	0.00633	0.00404	0.00336	0.00103	0.00530	0.00284	0.00239	0.00532
17	0.05941	0.09875	0.30975	0.04949	0.08545	0.09303	0.08579	0.06809	0.02478	0.04732	0.00773	0.00924	0.00591	0.02021	0.00419	0.00126	0.01863	0.00322	0.00219	0.00557
18	0.00760	0.00449	0.01916	0.00576	0.00674	0.00412	0.00436	0.00885	0.00836	0.13390	0.01791	0.39574	0.01861	0.03534	0.07886	0.00194	0.00336	0.07437	0.16657	0.00396
19	0.00474	0.00406	0.00406	0.00406	0.00542	0.00339	0.00305	0.00576	0.00914	0.01083	0.04063	0.03860	0.83241	0.01016	0.00474	0.00135	0.00203	0.00846	0.00372	0.00339
20	0.08596	0.00840	0.02698	0.09007	0.05541	0.10333	0.05266	0.06283	0.00902	0.12182	0.00909	0.01118	0.00716	0.00810	0.08393	0.12096	0.04659	0.00352	0.08842	0.00460
21	0.01954	0.00897	0.01347	0.01666	0.43458	0.00899	0.04305	0.12076	0.07196	0.09875	0.01756	0.01171	0.02004	0.00423	0.00395	0.00118	0.00427	0.01411	0.02195	0.06426
22	0.00565	0.00410	0.00533	0.00502	0.00598	0.00377	0.00376	0.00752	0.01129	0.01595	0.81121	0.03018	0.05864	0.00825	0.00473	0.00126	0.00190	0.00728	0.00440	0.00377
23	0.81655	0.00804	0.00639	0.00560	0.00814	0.00928	0.00461	0.07748	0.00780	0.01859	0.00591	0.00677	0.00454	0.00381	0.00261	0.00124	0.00321	0.00229	0.00261	0.00454
24	0.00583	0.00389	0.00437	0.00437	0.00437	0.00389	0.00243	0.00583	0.00583	0.00778	0.01264	0.02624	0.01458	0.85906	0.02041	0.00389	0.00389	0.00583	0.00243	0.00243
25	0.00819	0.00741	0.01048	0.00920	0.00925	0.01003	0.00747	0.00861	0.00599	0.00912	0.00603	0.00999	0.00597	0.01020	0.08105	0.16866	0.62319	0.00357	0.00178	0.00382
26	0.01197	0.01367	0.01148	0.22399	0.06024	0.43322	0.00866	0.02743	0.13207	0.01138	0.00805	0.00948	0.00636	0.00433	0.00399	0.00118	0.02199	0.00321	0.00231	0.00497
27	0.00946	0.01004	0.01179	0.50797	0.09738	0.20529	0.00991	0.01185	0.03072	0.01060	0.00841	0.03564	0.02538	0.00443	0.00396	0.00126	0.00551	0.00371	0.00203	0.00467
28	0.00993	0.00953	0.01628	0.02462	0.83404	0.00953	0.01231	0.01231	0.00913	0.01310	0.00754	0.00993	0.00635	0.00357	0.00397	0.00119	0.00476	0.00357	0.00199	0.00635
29	0.01368	0.00788	0.00925	0.00773	0.01039	0.00822	0.00618	0.03981	0.44397	0.38242	0.01594	0.01425	0.01108	0.00521	0.00406	0.00130	0.00331	0.00429	0.00447	0.00657
30	0.09963	0.08856	0.07698	0.04383	0.26650	0.04310	0.08421	0.04682	0.02877	0.06289	0.02488	0.05025	0.02497	0.00457	0.00418	0.00124	0.03677	0.00391	0.00246	0.00550
31	0.00620	0.00499	0.00647	0.00642	0.00712	0.04662	0.00487	0.00746	0.00662	0.00917	0.01072	0.01646	0.01028	0.11828	0.71254	0.00590	0.00983	0.00438	0.00217	0.00351
32	0.00484	0.00391	0.00431	0.00459	0.00560	0.00338	0.00332	0.00581	0.00879	0.01085	0.05996	0.27450	0.56122	0.01081	0.00486	0.00144	0.00214	0.02256	0.00375	0.00337
33	0.01010	0.00944	0.01604	0.06558	0.72888	0.00953	0.03703	0.03529	0.00941	0.02889	0.00776	0.01005	0.00637	0.00365	0.00400	0.00120	0.00482	0.00362	0.00209	0.00625
34	0.01828	0.00981	0.09044	0.17383	0.22210	0.00895	0.21497	0.04010	0.03307	0.06611	0.00955	0.05907	0.00790	0.00450	0.00425	0.00132	0.00516	0.02270	0.00240	0.00551
35	0.01247	0.00725	0.00868	0.00751	0.00985	0.00748	0.00602	0.04848	0.34240	0.32566	0.04333	0.05957	0.01376	0.00622	0.00427	0.00137	0.00328	0.08198	0.00437	0.00605
36	0.01575	0.00675	0.00873	0.00692	0.00968	0.00617	0.00566	0.05945	0.05832	0.63011	0.03010	0.01524	0.03566	0.00529	0.00400	0.00124	0.00327	0.01919	0.07213	0.00635
37	0.00891	0.03735	0.29052	0.08172	0.08926	0.00831	0.09816	0.04474	0.03133	0.06921	0.11353	0.05278	0.03025	0.00501	0.00412	0.00127	0.00469	0.00443	0.00264	0.02179
38	0.00586	0.03051	0.01895	0.08869	0.02621	0.00497	0.01374	0.00757	0.03422	0.01118	0.03621	0.12546	0.44070	0.00929	0.00472	0.00144	0.00291	0.13017	0.00340	0.00379
39	0.00488	0.00351	0.00463	0.00553	0.00580	0.00326	0.00370	0.00559	0.00773	0.01026	0.02280	0.82553	0.05698	0.01247	0.00510	0.00162	0.00232	0.01129	0.00372	0.00326
40	0.00829	0.00838	0.05101	0.37680	0.11212	0.02430	0.12481	0.02754	0.00888	0.02471	0.07616	0.03958	0.02191	0.03028	0.00504	0.00141	0.03602	0.01567	0.00229	0.00478
41	0.01046	0.42281	0.22455	0.00919	0.04963	0.04639	0.00907	0.07703	0.05223	0.02740	0.00767	0.03330	0.00642	0.00408	0.00329	0.00107	0.00472	0.00299	0.00216	0.00555

[dist]
# distance from previous block
# <min> <max>
0	3

[block]
# block no. 4 follows, 67 sequences, length 29
# corresponding to MSA columns:
# 855-878,888-892
name=unknown_E
#
# <colnr> <probs for GDERKNQSTAVLIFYWHMCP>
#	G	D	E	R	K	N	Q	S	T	A	V	L	I	F	Y	W	H	M	C	P
0	0.00989	0.10599	0.12623	0.09083	0.20346	0.10765	0.13884	0.03003	0.03085	0.02196	0.00869	0.05527	0.00753	0.00451	0.00412	0.00124	0.01777	0.02755	0.00219	0.00538
1	0.00655	0.00524	0.02487	0.00621	0.00649	0.00581	0.00455	0.00692	0.00601	0.00847	0.01014	0.01897	0.01089	0.42575	0.17994	0.09438	0.16885	0.00478	0.00216	0.00304
2	0.18660	0.27110	0.04619	0.00951	0.05767	0.21654	0.06807	0.03699	0.00917	0.03063	0.00643	0.00757	0.00529	0.00386	0.00349	0.00109	0.02996	0.00269	0.00213	0.00505
3	0.53915	0.00901	0.00827	0.00679	0.00956	0.01018	0.00560	0.31101	0.01141	0.04504	0.00738	0.00788	0.00543	0.00416	0.00309	0.00123	0.00360	0.00276	0.00312	0.00533
4	0.01072	0.86147	0.02102	0.00686	0.01029	0.01587	0.00686	0.01201	0.00815	0.00944	0.00558	0.00643	0.00515	0.00343	0.00257	0.00086	0.00429	0.00214	0.00172	0.00515
5	0.00504	0.00408	0.00448	0.00441	0.00564	0.00352	0.00333	0.00632	0.00977	0.01235	0.26448	0.03629	0.59014	0.00962	0.00475	0.00134	0.00203	0.02498	0.00392	0.00351
6	0.00832	0.00713	0.00832	0.00594	0.00950	0.00535	0.00475	0.01010	0.00832	0.01307	0.00713	0.00832	0.00594	0.00297	0.00297	0.00059	0.00297	0.00238	0.00238	0.88357
7	0.01054	0.26283	0.01475	0.03327	0.16829	0.03120	0.03165	0.09905	0.17636	0.01383	0.00894	0.00977	0.00719	0.00437	0.01519	0.00114	0.00428	0.00324	0.00259	0.10154
8	0.01063	0.14302	0.05151	0.00836	0.01099	0.09466	0.00701	0.03828	0.55811	0.01494	0.01303	0.01241	0.00995	0.00490	0.00378	0.00124	0.00392	0.00387	0.00339	0.00598
9	0.00607	0.00424	0.00490	0.00478	0.00602	0.00368	0.00355	0.00725	0.00949	0.07652	0.19889	0.16143	0.45318	0.02201	0.00494	0.00139	0.00220	0.00819	0.00392	0.01734
10	0.00972	0.13819	0.43891	0.02420	0.05284	0.00976	0.03768	0.03740	0.04497	0.08730	0.02586	0.00959	0.00674	0.00398	0.00368	0.00117	0.00500	0.00318	0.00229	0.05754
11	0.45999	0.18378	0.20307	0.00719	0.01070	0.01051	0.00743	0.03745	0.00795	0.03205	0.00629	0.00720	0.00487	0.00374	0.00289	0.00117	0.00405	0.00243	0.00224	0.00500
12	0.00521	0.00383	0.00486	0.00555	0.00603	0.00363	0.00387	0.00634	0.03229	0.01060	0.03744	0.61279	0.11644	0.05991	0.00594	0.00173	0.00251	0.07399	0.00367	0.00336
13	0.00699	0.00537	0.00595	0.00608	0.00716	0.04256	0.00473	0.00990	0.12416	0.01349	0.17810	0.16317	0.07296	0.00855	0.00453	0.00141	0.00280	0.19153	0.14653	0.00404
14	0.01485	0.02881	0.04685	0.02173	0.06080	0.01048	0.00777	0.48316	0.05015	0.21754	0.01105	0.01073	0.00764	0.00472	0.00398	0.00122	0.00422	0.00369	0.00394	0.00667
15	0.00487	0.00354	0.00460	0.00545	0.00578	0.00327	0.00366	0.00560	0.00781	0.01029	0.02377	0.78273	0.09915	0.01235	0.00508	0.00160	0.00230	0.01114	0.00372	0.00327
16	0.00890	0.04945	0.00942	0.00696	0.04121	0.05687	0.00533	0.01063	0.00852	0.01270	0.00701	0.00822	0.00587	0.00309	0.00303	0.00066	0.00336	0.00242	0.00231	0.75404
17	0.88738	0.00776	0.00589	0.00527	0.00776	0.00900	0.00434	0.01179	0.00683	0.01799	0.00558	0.00651	0.00434	0.00372	0.00248	0.00124	0.00310	0.00217	0.00248	0.00434
18	0.00565	0.00410	0.00532	0.00502	0.00597	0.00377	0.00376	0.00751	0.01129	0.01593	0.80830	0.03022	0.06156	0.00826	0.00473	0.00126	0.00190	0.00729	0.00439	0.00377
19	0.88738	0.00776	0.00589	0.00527	0.00776	0.00900	0.00434	0.01179	0.00683	0.01799	0.00558	0.00651	0.00434	0.00372	0.00248	0.00124	0.00310	0.00217	0.00248	0.00434
20	0.00854	0.00759	0.00838	0.00613	0.00956	0.04307	0.00487	0.01027	0.00844	0.01286	0.00740	0.02615	0.00634	0.00322	0.00304	0.00064	0.00315	0.00258	0.00239	0.82538
21	0.00993	0.00953	0.01628	0.02462	0.83404	0.00953	0.01231	0.01231	0.00913	0.01310	0.00754	0.00993	0.00635	0.00357	0.00397	0.00119	0.00476	0.00357	0.00199	0.00635
22	0.00638	0.00459	0.00635	0.00724	0.00818	0.00456	0.00631	0.00819	0.00923	0.01195	0.02211	0.04494	0.05957	0.01104	0.00550	0.00182	0.00362	0.77104	0.00369	0.00368
23	0.32008	0.00736	0.00825	0.00659	0.00948	0.00729	0.00544	0.05576	0.01022	0.51276	0.01196	0.01097	0.00784	0.00453	0.00349	0.00124	0.00335	0.00337	0.00405	0.00596
24	0.00625	0.00502	0.00688	0.00657	0.00701	0.00599	0.00497	0.00720	0.00643	0.00912	0.01214	0.03618	0.05845	0.21935	0.42589	0.00456	0.16736	0.00490	0.00227	0.00344
25	0.00489	0.00349	0.00465	0.00558	0.00582	0.00326	0.00372	0.00558	0.00768	0.01024	0.02210	0.85644	0.02653	0.01256	0.00512	0.00163	0.00233	0.01140	0.00372	0.00326
26	0.01018	0.00533	0.00680	0.00604	0.00767	0.00519	0.02836	0.03000	0.07342	0.23892	0.02910	0.16514	0.01349	0.00779	0.05479	0.00153	0.00321	0.00537	0.30287	0.00481
27	0.00556	0.00470	0.04574	0.00646	0.00720	0.00400	0.00516	0.00682	0.00823	0.01094	0.02109	0.54886	0.02435	0.01165	0.00519	0.00168	0.00295	0.27227	0.00361	0.00353
28	0.02498	0.01076	0.01847	0.01352	0.01705	0.01098	0.46569	0.30220	0.01267	0.03068	0.00861	0.01028	0.00635	0.00409	0.00482	0.00131	0.04466	0.00422	0.00278	0.00587

[dist]
# distance from previous block
# <min> <max>
0	3

[block]
# block no. 5 follows, 67 sequences, length 25
# corresponding to MSA columns:
# 896-909,917-927
name=unknown_F
#
# <colnr> <probs for GDERKNQSTAVLIFYWHMCP>
#	G	D	E	R	K	N	Q	S	T	A	V	L	I	F	Y	W	H	M	C	P
0	0.23499	0.00758	0.00878	0.00692	0.00988	0.00744	0.00571	0.11236	0.01119	0.53615	0.01253	0.01139	0.00816	0.00464	0.00364	0.00124	0.00345	0.00352	0.00423	0.00620
1	0.00695	0.00379	0.00584	0.00566	0.00588	0.00375	0.02988	0.00563	0.00567	0.00751	0.00871	0.01448	0.03372	0.01334	0.01452	0.78696	0.00355	0.04025	0.00190	0.00200
2	0.47626	0.10942	0.00959	0.02528	0.04197	0.20005	0.00595	0.01298	0.00832	0.04894	0.00638	0.00741	0.00509	0.00445	0.02264	0.00127	0.00449	0.00247	0.00236	0.00467
3	0.00734	0.00678	0.01075	0.20582	0.27200	0.00698	0.04270	0.00942	0.02162	0.01165	0.03705	0.11343	0.22509	0.00653	0.00436	0.00133	0.00390	0.00588	0.00268	0.00469
4	0.01068	0.06341	0.01006	0.00839	0.01025	0.33074	0.02546	0.03050	0.15093	0.01243	0.12146	0.03571	0.08061	0.00606	0.00443	0.00124	0.03848	0.05143	0.00300	0.00472
5	0.03820	0.16976	0.28875	0.00838	0.01191	0.00927	0.00884	0.07350	0.02683	0.11788	0.09908	0.07599	0.01144	0.00533	0.00403	0.00123	0.02388	0.01744	0.00285	0.00541
6	0.88738	0.00776	0.00589	0.00527	0.00776	0.00900	0.00434	0.01179	0.00683	0.01799	0.00558	0.00651	0.00434	0.00372	0.00248	0.00124	0.00310	0.00217	0.00248	0.00434
7	0.00482	0.00407	0.00417	0.00415	0.00547	0.00342	0.00311	0.00591	0.00933	0.01128	0.10832	0.03786	0.76444	0.00999	0.00474	0.00135	0.00202	0.00836	0.00378	0.00342
8	0.79796	0.00735	0.00568	0.00512	0.00744	0.00846	0.00419	0.01154	0.00699	0.01768	0.00635	0.00737	0.00495	0.00382	0.00251	0.00121	0.00298	0.00233	0.09180	0.00428
9	0.00568	0.00410	0.00536	0.00505	0.00599	0.00378	0.00378	0.00757	0.01135	0.01608	0.83192	0.02996	0.03784	0.00820	0.00473	0.00126	0.00189	0.00725	0.00441	0.00378
10	0.01072	0.86147	0.02102	0.00686	0.01029	0.01587	0.00686	0.01201	0.00815	0.00944	0.00558	0.00643	0.00515	0.00343	0.00257	0.00086	0.00429	0.00214	0.00172	0.00515
11	0.00638	0.00485	0.00597	0.00559	0.00674	0.00482	0.00422	0.00984	0.14947	0.01603	0.66982	0.05176	0.03317	0.00786	0.00463	0.00129	0.00212	0.00691	0.00434	0.00420
12	0.00877	0.00877	0.01228	0.01053	0.01053	0.01228	0.00877	0.00965	0.00614	0.00965	0.00526	0.00877	0.00526	0.00702	0.01316	0.00175	0.85172	0.00351	0.00175	0.00439
13	0.00556	0.00404	0.00524	0.00506	0.00595	0.00372	0.00375	0.00730	0.01091	0.01530	0.72123	0.10938	0.07013	0.00870	0.00477	0.00130	0.00194	0.00770	0.00432	0.00372
14	0.00894	0.08222	0.01304	0.01021	0.01051	0.01259	0.00861	0.00985	0.00631	0.00963	0.00529	0.00857	0.00525	0.00671	0.01225	0.00168	0.77873	0.00339	0.00175	0.00445
15	0.00757	0.00713	0.01203	0.84942	0.02762	0.00891	0.01114	0.01025	0.00802	0.01025	0.00713	0.01069	0.00535	0.00401	0.00401	0.00134	0.00535	0.00356	0.00178	0.00446
16	0.00485	0.00385	0.00432	0.00466	0.00555	0.00336	0.00330	0.00574	0.00857	0.01067	0.05372	0.33967	0.49247	0.03379	0.00530	0.00152	0.00219	0.00945	0.00371	0.00332
17	0.01251	0.00802	0.00895	0.00751	0.00997	0.00863	0.00599	0.17247	0.36789	0.20971	0.01447	0.01363	0.01039	0.00510	0.00388	0.00124	0.00329	0.00413	0.12601	0.00619
18	0.01259	0.01502	0.01345	0.01385	0.18687	0.49961	0.09025	0.01413	0.01024	0.01082	0.00721	0.03976	0.00631	0.00443	0.00446	0.00117	0.05933	0.00339	0.00209	0.00502
19	0.00625	0.00504	0.00774	0.24096	0.01304	0.00543	0.02623	0.00793	0.00831	0.01087	0.01733	0.34105	0.01904	0.00949	0.00494	0.00161	0.00371	0.26413	0.00313	0.00378
20	0.00624	0.00354	0.00496	0.00521	0.00531	0.00346	0.00344	0.00539	0.00605	0.00803	0.01253	0.23957	0.03793	0.08797	0.01294	0.54365	0.00317	0.00595	0.00239	0.00226
21	0.61829	0.02132	0.00844	0.07473	0.11654	0.04402	0.00625	0.03011	0.00768	0.01628	0.00607	0.00743	0.00480	0.00383	0.00309	0.00124	0.02030	0.00254	0.00235	0.00469
22	0.00697	0.00348	0.00522	0.00522	0.00522	0.00348	0.00348	0.00522	0.00522	0.00697	0.00697	0.01219	0.00697	0.01393	0.01567	0.88332	0.00348	0.00348	0.00174	0.00174
23	0.00774	0.00709	0.00892	0.00784	0.00867	0.05625	0.03303	0.00974	0.05238	0.01317	0.36601	0.03599	0.02046	0.00718	0.00758	0.00143	0.30726	0.00535	0.03969	0.00423
24	0.02128	0.19198	0.02890	0.07792	0.23940	0.04527	0.06253	0.10146	0.04545	0.07884	0.00828	0.00950	0.00647	0.00388	0.00364	0.00111	0.00461	0.00328	0.00249	0.06373

[dist]
# distance from previous block
# <min> <max>
0	5

[block]
# block no. 6 follows, 67 sequences, length 38
# corresponding to MSA columns:
# 933-970
name=unknown_G
#
# <colnr> <probs for GDERKNQSTAVLIFYWHMCP>
#	G	D	E	R	K	N	Q	S	T	A	V	L	I	F	Y	W	H	M	C	P
0	0.03031	0.00780	0.00850	0.00735	0.00963	0.00852	0.00579	0.10742	0.45298	0.13045	0.03293	0.02810	0.01157	0.00530	0.00388	0.00126	0.00313	0.00434	0.11727	0.02346
1	0.01053	0.02573	0.02955	0.05260	0.55601	0.06578	0.02220	0.07084	0.10119	0.01397	0.00853	0.01024	0.00688	0.00392	0.00395	0.00120	0.00479	0.00360	0.00235	0.00615
2	0.05242	0.07242	0.02504	0.00925	0.04073	0.14389	0.03509	0.03136	0.51339	0.01498	0.01255	0.01219	0.00959	0.00483	0.00383	0.00126	0.00415	0.00387	0.00332	0.00586
3	0.00906	0.00741	0.02720	0.00616	0.00974	0.00548	0.00507	0.01089	0.00856	0.07663	0.00780	0.00873	0.00623	0.00314	0.00307	0.00066	0.00307	0.00252	0.00256	0.79603
4	0.00812	0.04430	0.81538	0.01130	0.01716	0.00950	0.01459	0.01268	0.00846	0.01261	0.00715	0.00841	0.00508	0.00380	0.00378	0.00126	0.00588	0.00294	0.00169	0.00591
5	0.03016	0.02237	0.26493	0.01241	0.07155	0.00974	0.19134	0.05307	0.00913	0.09036	0.02269	0.01066	0.02493	0.00466	0.00579	0.00136	0.16314	0.00380	0.00233	0.00554
6	0.01052	0.00854	0.00909	0.00806	0.01037	0.00976	0.00630	0.06117	0.72979	0.05258	0.01588	0.01464	0.01182	0.00537	0.00404	0.00134	0.00321	0.00445	0.02674	0.00633
7	0.00757	0.00713	0.01203	0.84942	0.02762	0.00891	0.01114	0.01025	0.00802	0.01025	0.00713	0.01069	0.00535	0.00401	0.00401	0.00134	0.00535	0.00356	0.00178	0.00446
8	0.03184	0.00651	0.04666	0.02805	0.19507	0.00591	0.00675	0.00990	0.03398	0.10065	0.06558	0.36358	0.05153	0.00821	0.00465	0.00142	0.01653	0.01519	0.00332	0.00467
9	0.01305	0.05404	0.20326	0.03238	0.02584	0.17608	0.05573	0.02314	0.02079	0.29432	0.01057	0.03186	0.00764	0.00494	0.01812	0.00129	0.00516	0.00361	0.01242	0.00576
10	0.00489	0.00349	0.00465	0.00558	0.00582	0.00326	0.00372	0.00558	0.00768	0.01024	0.02210	0.85644	0.02653	0.01256	0.00512	0.00163	0.00233	0.01140	0.00372	0.00326
11	0.00863	0.01668	0.50478	0.01367	0.01883	0.00965	0.34424	0.01276	0.00888	0.01276	0.00757	0.00943	0.00549	0.00363	0.00419	0.00130	0.00627	0.00369	0.00183	0.00571
12	0.03770	0.05471	0.07938	0.00993	0.07016	0.01114	0.00812	0.52913	0.01548	0.10481	0.03362	0.01031	0.00772	0.00466	0.00390	0.00120	0.00434	0.00359	0.00363	0.00647
13	0.00697	0.00348	0.00522	0.00522	0.00522	0.00348	0.00348	0.00522	0.00522	0.00697	0.00697	0.01219	0.00697	0.01393	0.01567	0.88332	0.00348	0.00348	0.00174	0.00174
14	0.00494	0.00358	0.00468	0.00550	0.00585	0.00332	0.00374	0.00574	0.00796	0.01056	0.05655	0.74910	0.08148	0.01219	0.00509	0.00160	0.00232	0.02875	0.00375	0.00330
15	0.00832	0.00713	0.00832	0.00594	0.00950	0.00535	0.00475	0.01010	0.00832	0.01307	0.00713	0.00832	0.00594	0.00297	0.00297	0.00059	0.00297	0.00238	0.00238	0.88357
16	0.00899	0.00885	0.04803	0.33488	0.28388	0.00924	0.03887	0.03852	0.03621	0.02385	0.00775	0.01033	0.00613	0.00448	0.01798	0.00135	0.06047	0.00357	0.00209	0.05453
17	0.03346	0.29383	0.28536	0.02392	0.08655	0.02972	0.04950	0.05523	0.00898	0.01224	0.00773	0.00895	0.02983	0.00397	0.00372	0.00112	0.03077	0.00301	0.00198	0.03011
18	0.00642	0.00559	0.02517	0.10729	0.16986	0.00558	0.00665	0.00785	0.00774	0.01059	0.01494	0.40179	0.01645	0.04573	0.14697	0.00240	0.00471	0.00738	0.00280	0.00408
19	0.00723	0.00440	0.00650	0.04136	0.00691	0.00497	0.00454	0.00608	0.00548	0.00750	0.00683	0.01188	0.00678	0.02679	0.01491	0.70577	0.12454	0.00353	0.00176	0.00224
20	0.08265	0.00779	0.01071	0.17793	0.10771	0.03371	0.03236	0.04629	0.00843	0.06235	0.02609	0.01127	0.00738	0.02758	0.12647	0.00207	0.12936	0.00359	0.00235	0.09391
21	0.00869	0.18817	0.55005	0.01055	0.04838	0.01043	0.01208	0.01282	0.05585	0.01242	0.03704	0.00926	0.00675	0.00396	0.00360	0.00118	0.00520	0.00306	0.00196	0.01853
22	0.00484	0.00404	0.00417	0.00419	0.00542	0.00342	0.00309	0.00586	0.00907	0.01098	0.08392	0.06778	0.72304	0.04572	0.00541	0.00147	0.00211	0.00839	0.00371	0.00336
23	0.01477	0.01867	0.01127	0.01024	0.01232	0.80803	0.00769	0.01624	0.04555	0.01011	0.00662	0.00756	0.00546	0.00419	0.00364	0.00105	0.00706	0.00266	0.00215	0.00472
24	0.06292	0.00736	0.00940	0.02117	0.12387	0.01901	0.00636	0.06411	0.04276	0.01249	0.00774	0.02728	0.00686	0.01657	0.00730	0.17931	0.10872	0.00331	0.00232	0.27113
25	0.00552	0.00413	0.00547	0.00597	0.00658	0.00399	0.01717	0.00720	0.06113	0.01157	0.11823	0.58884	0.05546	0.01122	0.00502	0.00157	0.00251	0.08103	0.00380	0.00360
26	0.00501	0.00359	0.00475	0.00562	0.00593	0.00336	0.00384	0.00579	0.00786	0.01045	0.04010	0.75778	0.04717	0.02529	0.00536	0.00166	0.00241	0.05703	0.00372	0.00328
27	0.00568	0.00410	0.00536	0.00505	0.00599	0.00378	0.00378	0.00757	0.01135	0.01608	0.83192	0.02996	0.03784	0.00820	0.00473	0.00126	0.00189	0.00725	0.00441	0.00378
28	0.88738	0.00776	0.00589	0.00527	0.00776	0.00900	0.00434	0.01179	0.00683	0.01799	0.00558	0.00651	0.00434	0.00372	0.00248	0.00124	0.00310	0.00217	0.00248	0.00434
29	0.00571	0.00386	0.00451	0.00463	0.00469	0.00387	0.00272	0.00587	0.00609	0.00815	0.01370	0.12704	0.01581	0.71438	0.05960	0.00374	0.00404	0.00644	0.00257	0.00259
30	0.88738	0.00776	0.00589	0.00527	0.00776	0.00900	0.00434	0.01179	0.00683	0.01799	0.00558	0.00651	0.00434	0.00372	0.00248	0.00124	0.00310	0.00217	0.00248	0.00434
31	0.00947	0.01082	0.02366	0.01690	0.02096	0.01014	0.81947	0.01285	0.00947	0.01285	0.00811	0.01082	0.00609	0.00338	0.00473	0.00135	0.00676	0.00473	0.00203	0.00541
32	0.00881	0.00725	0.03806	0.00748	0.03394	0.00725	0.00581	0.07035	0.32732	0.05913	0.28794	0.04525	0.06130	0.00669	0.00436	0.00132	0.00292	0.01553	0.00405	0.00527
33	0.00538	0.00416	0.00474	0.00461	0.00578	0.00368	0.00344	0.00688	0.02272	0.02345	0.34751	0.06530	0.45749	0.02096	0.00495	0.00136	0.00205	0.00795	0.00400	0.00361
34	0.00778	0.02929	0.00447	0.00398	0.00504	0.00433	0.00305	0.03087	0.00868	0.01506	0.01277	0.01456	0.01004	0.00464	0.00283	0.00094	0.00201	0.00369	0.83213	0.00386
35	0.02465	0.00489	0.02798	0.03159	0.03762	0.00440	0.00502	0.00740	0.01943	0.01182	0.12300	0.48300	0.02360	0.01009	0.00480	0.00150	0.00279	0.11176	0.00352	0.06112
36	0.00981	0.00784	0.00900	0.00655	0.01004	0.00660	0.00529	0.15235	0.01025	0.03927	0.00782	0.00870	0.00621	0.00335	0.00318	0.00072	0.00324	0.00264	0.00274	0.70439
37	0.00730	0.00678	0.03172	0.30587	0.05845	0.03490	0.02804	0.03082	0.01013	0.01372	0.40333	0.01970	0.02105	0.00600	0.00435	0.00128	0.00375	0.00532	0.00313	0.00437

[dist]
# distance from previous block
# <min> <max>
1	3

[block]
# block no. 7 follows, 67 sequences, length 7
# corresponding to MSA columns:
# 974-980
name=unknown_H
#
# <colnr> <probs for GDERKNQSTAVLIFYWHMCP>
#	G	D	E	R	K	N	Q	S	T	A	V	L	I	F	Y	W	H	M	C	P
0	0.04439	0.00797	0.01178	0.25803	0.20623	0.00795	0.03138	0.04393	0.00895	0.04909	0.00767	0.00967	0.00601	0.00362	0.00363	0.00105	0.00427	0.00318	0.00229	0.28891
1	0.00930	0.04656	0.01349	0.38435	0.30554	0.11006	0.01061	0.01153	0.00880	0.01116	0.00778	0.04875	0.00664	0.00424	0.00394	0.00124	0.00519	0.00375	0.00197	0.00512
2	0.00729	0.00411	0.00467	0.09147	0.00702	0.00429	0.00362	0.00902	0.00806	0.01361	0.01241	0.01585	0.01028	0.10614	0.00502	0.00133	0.00247	0.00397	0.68571	0.00366
3	0.26576	0.26708	0.13059	0.10734	0.01263	0.01114	0.00769	0.06078	0.04000	0.03227	0.00692	0.00808	0.00545	0.00409	0.00339	0.02258	0.00423	0.00269	0.00225	0.00504
4	0.02600	0.08790	0.21709	0.00841	0.01126	0.00772	0.08064	0.09349	0.00972	0.01332	0.07973	0.20235	0.10394	0.00707	0.00430	0.00134	0.00402	0.03402	0.00294	0.00475
5	0.00843	0.00733	0.09115	0.00532	0.00691	0.10405	0.00464	0.01049	0.00877	0.01411	0.01165	0.01336	0.00913	0.00452	0.00300	0.00098	0.00293	0.00352	0.68565	0.00407
6	0.01042	0.19434	0.11651	0.04710	0.03275	0.02869	0.00770	0.14490	0.12513	0.06452	0.04477	0.06408	0.02500	0.00594	0.02969	0.00135	0.00432	0.01692	0.00297	0.03290

[dist]
# distance from previous block
# <min> <max>
1	9

[block]
# block no. 8 follows, 67 sequences, length 15
# corresponding to MSA columns:
# 990-1004
name=unknown_I
#
# <colnr> <probs for GDERKNQSTAVLIFYWHMCP>
#	G	D	E	R	K	N	Q	S	T	A	V	L	I	F	Y	W	H	M	C	P
0	0.39097	0.17720	0.02618	0.03971	0.11152	0.02488	0.03219	0.04423	0.04356	0.03074	0.00680	0.00797	0.00545	0.00394	0.00346	0.00119	0.03985	0.00274	0.00236	0.00505
1	0.00517	0.00375	0.00494	0.00561	0.00610	0.00353	0.00399	0.00618	0.00840	0.01123	0.13562	0.58129	0.08181	0.01220	0.03125	0.00173	0.00264	0.08741	0.00377	0.00339
2	0.00749	0.00409	0.00448	0.00497	0.05294	0.00406	0.00337	0.00935	0.00849	0.01465	0.01405	0.01576	0.04842	0.00486	0.00296	0.00097	0.00204	0.00395	0.78923	0.00387
3	0.03516	0.05940	0.01128	0.06150	0.15783	0.14626	0.00725	0.05575	0.00957	0.03603	0.00792	0.00919	0.02134	0.00367	0.00340	0.00092	0.00429	0.00290	0.00237	0.36396
4	0.08734	0.02957	0.05890	0.04417	0.02736	0.04185	0.00740	0.33531	0.01357	0.29815	0.01089	0.01056	0.00740	0.00460	0.00383	0.00121	0.00421	0.00352	0.00381	0.00633
5	0.01233	0.00894	0.11930	0.10667	0.08824	0.00735	0.00808	0.09730	0.01102	0.33428	0.10163	0.01473	0.04596	0.00558	0.01935	0.00135	0.00411	0.00429	0.00363	0.00585
6	0.04596	0.20112	0.08014	0.09408	0.03439	0.08201	0.03859	0.02310	0.07237	0.01200	0.09244	0.03379	0.11237	0.03219	0.02795	0.00141	0.00438	0.00440	0.00261	0.00470
7	0.08286	0.00788	0.02705	0.18038	0.26484	0.00810	0.02367	0.08264	0.00989	0.04068	0.12800	0.05339	0.01230	0.00522	0.00408	0.00128	0.00412	0.03877	0.00277	0.02208
8	0.15240	0.00930	0.07488	0.03529	0.35072	0.03455	0.00878	0.05384	0.02144	0.02902	0.09948	0.01352	0.05769	0.02434	0.00420	0.00128	0.00409	0.00401	0.00261	0.01855
9	0.03924	0.05637	0.02932	0.01113	0.20757	0.05672	0.02735	0.02649	0.05808	0.05001	0.11334	0.19482	0.04684	0.00683	0.00445	0.02013	0.00367	0.01499	0.00305	0.02962
10	0.04150	0.00769	0.06696	0.04843	0.05055	0.04586	0.00627	0.03897	0.10181	0.06485	0.14839	0.16898	0.05793	0.00695	0.00424	0.00129	0.00338	0.03956	0.00338	0.09300
11	0.04909	0.01113	0.14746	0.06432	0.16553	0.09256	0.02379	0.10142	0.03847	0.08603	0.06329	0.03886	0.05403	0.00493	0.00396	0.00122	0.00451	0.00410	0.00283	0.04248
12	0.04503	0.04881	0.06301	0.02654	0.32663	0.02403	0.03736	0.06371	0.04318	0.09678	0.04331	0.09222	0.02923	0.00530	0.00427	0.02050	0.00418	0.00451	0.00279	0.01861
13	0.13384	0.00919	0.08154	0.06460	0.17854	0.02741	0.00802	0.07459	0.08566	0.08676	0.08599	0.01328	0.01036	0.00474	0.00381	0.00121	0.00396	0.03769	0.00296	0.08585
14	0.05828	0.00805	0.02973	0.21768	0.17191	0.02849	0.08059	0.04346	0.03128	0.09135	0.09684	0.04346	0.04801	0.01806	0.00439	0.00133	0.00436	0.01486	0.00280	0.00510

[dist]
# distance from previous block
# <min> <max>
3	390

# created by:
# /home/cegg/simao/soft/augustus-3.2.1/scripts/msa2prfl.pl ./align_prep/EOG092C3TX5.fa
