[name]
unknown

[dist]
# distance from previous block
# <min> <max>
0	25

[block]
# block no. 0 follows, 61 sequences, length 21
# corresponding to MSA columns:
# 32-47,49-53
name=unknown_A
#
# <colnr> <probs for GDERKNQSTAVLIFYWHMCP>
#	G	D	E	R	K	N	Q	S	T	A	V	L	I	F	Y	W	H	M	C	P
0	0.00907	0.00835	0.01391	0.19937	0.46850	0.00874	0.01118	0.01141	0.00936	0.01290	0.01138	0.12066	0.01104	0.00593	0.00459	0.00144	0.00481	0.07920	0.00249	0.00569
1	0.03982	0.05167	0.01034	0.00854	0.01074	0.00982	0.04654	0.01865	0.56715	0.01581	0.01509	0.05018	0.01207	0.00705	0.00591	0.11253	0.00367	0.00483	0.00375	0.00586
2	0.00819	0.00744	0.01225	0.35569	0.27343	0.00816	0.01020	0.01045	0.00909	0.01229	0.05306	0.19616	0.01289	0.00641	0.00460	0.00145	0.00464	0.00589	0.00259	0.00511
3	0.01107	0.00830	0.01186	0.48551	0.02180	0.02719	0.00971	0.11386	0.01094	0.14136	0.05298	0.01271	0.00862	0.00481	0.00442	0.00135	0.01635	0.00404	0.00295	0.05019
4	0.00862	0.05099	0.05489	0.56484	0.06754	0.00990	0.01113	0.03829	0.00886	0.01169	0.00797	0.01148	0.00631	0.00710	0.08399	0.00194	0.04364	0.00379	0.00204	0.00501
5	0.04261	0.00902	0.01084	0.11570	0.07998	0.01040	0.00801	0.06880	0.47558	0.03027	0.01426	0.04959	0.01123	0.00578	0.00484	0.00146	0.04692	0.00475	0.00369	0.00627
6	0.00859	0.00991	0.11719	0.48441	0.19183	0.00940	0.03529	0.01155	0.00894	0.01206	0.00886	0.06662	0.00747	0.00477	0.00437	0.00142	0.00552	0.00435	0.00209	0.00536
7	0.01148	0.70137	0.02071	0.11309	0.01342	0.01555	0.00790	0.01307	0.00892	0.05129	0.00676	0.00788	0.00581	0.00385	0.00304	0.00101	0.00470	0.00260	0.00203	0.00552
8	0.00620	0.00491	0.00689	0.00848	0.11024	0.00469	0.00530	0.00745	0.00887	0.01198	0.08660	0.45546	0.12411	0.01319	0.08928	0.00212	0.00371	0.02056	0.00361	0.02636
9	0.01070	0.74347	0.02026	0.00699	0.01039	0.01534	0.00685	0.01204	0.00889	0.01033	0.01078	0.01130	0.10915	0.00460	0.00306	0.00099	0.00430	0.00317	0.00212	0.00529
10	0.00903	0.00959	0.03506	0.01448	0.01770	0.00880	0.56148	0.01155	0.00935	0.01266	0.02478	0.11725	0.02322	0.00653	0.00661	0.11258	0.00603	0.00589	0.00243	0.00496
11	0.00549	0.00450	0.00496	0.03876	0.00689	0.00397	0.00377	0.00685	0.01018	0.01277	0.18351	0.03779	0.62022	0.01008	0.00500	0.00142	0.00230	0.00849	0.02930	0.00377
12	0.00991	0.00916	0.02867	0.04235	0.18146	0.00991	0.14609	0.07008	0.02483	0.03947	0.01946	0.01300	0.00828	0.05892	0.11965	0.00239	0.19192	0.00437	0.01467	0.00543
13	0.05704	0.06878	0.11653	0.00944	0.03614	0.13272	0.01913	0.15153	0.01203	0.19478	0.01297	0.12993	0.02831	0.00605	0.00423	0.00133	0.00476	0.00486	0.00350	0.00593
14	0.01163	0.51555	0.09465	0.00836	0.01186	0.06908	0.00814	0.11375	0.01046	0.01277	0.00938	0.01014	0.06297	0.00464	0.00381	0.00110	0.04060	0.00316	0.00233	0.00563
15	0.00681	0.10993	0.00767	0.00649	0.02242	0.00556	0.00479	0.00786	0.00890	0.04458	0.02423	0.49561	0.15730	0.01120	0.00505	0.00159	0.00292	0.06930	0.00375	0.00403
16	0.00952	0.05361	0.02845	0.15929	0.05505	0.04060	0.02237	0.06944	0.10666	0.07423	0.01584	0.29438	0.02826	0.00786	0.00466	0.00148	0.00409	0.01566	0.00342	0.00515
17	0.01338	0.16942	0.02978	0.04487	0.01324	0.10997	0.02551	0.33985	0.13374	0.01855	0.01065	0.05328	0.00861	0.00524	0.00405	0.00126	0.00489	0.00404	0.00340	0.00628
18	0.04139	0.00879	0.06065	0.03198	0.10133	0.00723	0.05435	0.05225	0.00948	0.08171	0.00861	0.01037	0.00685	0.00518	0.00538	0.11214	0.00410	0.00328	0.00266	0.39227
19	0.03459	0.06213	0.12741	0.07557	0.31979	0.00937	0.03734	0.02494	0.03748	0.10378	0.01372	0.01475	0.11051	0.00505	0.00425	0.00132	0.00473	0.00441	0.00277	0.00610
20	0.01037	0.01015	0.01375	0.07137	0.13722	0.07759	0.09483	0.07482	0.02955	0.01333	0.00940	0.01205	0.04151	0.03424	0.00759	0.00149	0.23823	0.00404	0.00244	0.11604

[dist]
# distance from previous block
# <min> <max>
2	29

[block]
# block no. 1 follows, 61 sequences, length 47
# corresponding to MSA columns:
# 83-129
name=unknown_B
#
# <colnr> <probs for GDERKNQSTAVLIFYWHMCP>
#	G	D	E	R	K	N	Q	S	T	A	V	L	I	F	Y	W	H	M	C	P
0	0.01332	0.11630	0.06458	0.02596	0.03426	0.20778	0.03052	0.08859	0.06148	0.14733	0.01043	0.04709	0.00844	0.03010	0.00506	0.00133	0.04857	0.00390	0.00307	0.05190
1	0.04218	0.01043	0.02854	0.01335	0.09499	0.03947	0.25140	0.06130	0.29345	0.01586	0.01264	0.07139	0.01034	0.00537	0.00485	0.00144	0.02862	0.00507	0.00320	0.00610
2	0.00918	0.01042	0.13113	0.01448	0.30327	0.00784	0.01791	0.01172	0.00935	0.01384	0.02463	0.04587	0.03688	0.00436	0.00393	0.00107	0.00430	0.00386	0.00244	0.34350
3	0.00994	0.09375	0.00873	0.00667	0.00859	0.00619	0.00523	0.03464	0.00995	0.19677	0.04800	0.34831	0.05642	0.00886	0.00464	0.00141	0.00316	0.04277	0.00395	0.10202
4	0.01166	0.45779	0.01611	0.00753	0.01947	0.04127	0.00664	0.06435	0.01029	0.10818	0.06878	0.08609	0.03220	0.00542	0.00360	0.00111	0.00411	0.00415	0.00292	0.04832
5	0.00849	0.01891	0.65582	0.01101	0.01644	0.00909	0.01357	0.02572	0.00920	0.01369	0.04345	0.01123	0.00772	0.04336	0.03255	0.00162	0.00600	0.00354	0.00209	0.06650
6	0.01066	0.48580	0.18186	0.00865	0.01249	0.03568	0.00892	0.01450	0.13844	0.01213	0.00863	0.01967	0.00721	0.00526	0.03247	0.00132	0.00507	0.00311	0.00230	0.00581
7	0.00809	0.00709	0.01102	0.04464	0.36039	0.00715	0.00848	0.01051	0.06681	0.01283	0.01595	0.39508	0.01720	0.00844	0.00484	0.00151	0.00381	0.00778	0.00314	0.00522
8	0.00993	0.00748	0.00880	0.00649	0.01007	0.00586	0.00519	0.01214	0.03865	0.10478	0.01124	0.01180	0.05636	0.00399	0.00348	0.00080	0.00319	0.00323	0.00302	0.69350
9	0.81284	0.00825	0.00661	0.00582	0.00854	0.00941	0.00479	0.01330	0.00772	0.08135	0.00684	0.00759	0.00513	0.00410	0.00279	0.00133	0.00336	0.00249	0.00287	0.00487
10	0.03175	0.00456	0.00536	0.00617	0.00663	0.03323	0.00427	0.00690	0.00844	0.01146	0.02200	0.70216	0.02588	0.02911	0.00562	0.00175	0.00280	0.05283	0.03546	0.00361
11	0.75054	0.00818	0.00688	0.00596	0.00873	0.00917	0.00491	0.01391	0.00808	0.13971	0.00764	0.00814	0.00556	0.00420	0.00291	0.00133	0.00338	0.00263	0.00306	0.00506
12	0.00942	0.01091	0.08855	0.12088	0.06243	0.00963	0.47508	0.01267	0.00979	0.02899	0.01127	0.05069	0.03729	0.00493	0.00491	0.00147	0.00625	0.04690	0.00241	0.00553
13	0.00782	0.00687	0.00945	0.00854	0.00871	0.00891	0.00668	0.00858	0.00663	0.00978	0.00944	0.04999	0.00997	0.20649	0.17766	0.02699	0.42647	0.00486	0.00222	0.00393
14	0.00672	0.00537	0.00774	0.00733	0.00824	0.00625	0.00578	0.00823	0.00717	0.01052	0.03174	0.01591	0.01066	0.02683	0.65908	0.00576	0.10335	0.00446	0.00234	0.06651
15	0.00803	0.00401	0.00401	0.00401	0.00502	0.00401	0.00301	0.01004	0.00903	0.01606	0.01405	0.01606	0.01104	0.00502	0.00301	0.00100	0.00201	0.00401	0.87253	0.00401
16	0.00633	0.00512	0.00649	0.00621	0.02053	0.00481	0.03263	0.00892	0.08153	0.01487	0.39652	0.09570	0.28543	0.00932	0.00504	0.00143	0.00247	0.00814	0.00428	0.00423
17	0.00982	0.03405	0.50310	0.01201	0.01679	0.01052	0.08718	0.04912	0.00945	0.05167	0.00802	0.00965	0.00595	0.00464	0.00567	0.00141	0.13316	0.00349	0.00217	0.04213
18	0.00803	0.00401	0.00401	0.00401	0.00502	0.00401	0.00301	0.01004	0.00903	0.01606	0.01405	0.01606	0.01104	0.00502	0.00301	0.00100	0.00201	0.00401	0.87253	0.00401
19	0.01822	0.11397	0.01170	0.00772	0.01110	0.00796	0.00654	0.05155	0.01220	0.68995	0.01534	0.01351	0.00988	0.00512	0.00413	0.00128	0.00383	0.00406	0.00485	0.00710
20	0.00980	0.00936	0.01594	0.30169	0.55319	0.01001	0.01279	0.01247	0.00940	0.01303	0.00795	0.01094	0.00646	0.00400	0.00428	0.00133	0.00533	0.00383	0.00206	0.00613
21	0.00694	0.00491	0.00699	0.00676	0.00709	0.00573	0.00499	0.00723	0.00642	0.00909	0.01004	0.01680	0.01005	0.15933	0.37499	0.23986	0.11281	0.00455	0.00219	0.00322
22	0.00626	0.00422	0.00501	0.00512	0.00528	0.00428	0.00317	0.00659	0.00668	0.00905	0.01445	0.07707	0.01632	0.66485	0.09416	0.00411	0.00469	0.04428	0.02153	0.00287
23	0.00944	0.07517	0.54872	0.01044	0.01567	0.00952	0.01246	0.02899	0.03345	0.05803	0.03925	0.01145	0.03625	0.00453	0.00401	0.00127	0.00537	0.00356	0.00239	0.09003
24	0.01358	0.12593	0.01350	0.00966	0.01264	0.13488	0.03603	0.30072	0.26152	0.01888	0.01154	0.01185	0.00883	0.00511	0.00411	0.00128	0.00484	0.01502	0.00361	0.00648
25	0.01993	0.23767	0.19297	0.01041	0.01443	0.01138	0.13326	0.10673	0.01090	0.12324	0.01032	0.04153	0.00841	0.00494	0.00407	0.00129	0.00516	0.04565	0.00285	0.01488
26	0.01042	0.03176	0.02292	0.03927	0.04594	0.07249	0.02034	0.04817	0.04582	0.12198	0.07717	0.02782	0.11011	0.03590	0.08256	0.01802	0.16859	0.01247	0.00320	0.00506
27	0.01661	0.11755	0.01276	0.00890	0.01207	0.16110	0.00734	0.23025	0.04592	0.32656	0.01195	0.01132	0.00828	0.00494	0.00405	0.00123	0.00481	0.00369	0.00401	0.00665
28	0.00570	0.00437	0.00634	0.05063	0.00822	0.00422	0.03933	0.00671	0.00838	0.01111	0.02236	0.69082	0.04563	0.04103	0.00598	0.00180	0.00298	0.03697	0.00376	0.00366
29	0.02477	0.06865	0.02418	0.07356	0.16976	0.06862	0.04463	0.07356	0.06026	0.07138	0.16727	0.07739	0.01531	0.00605	0.00476	0.00135	0.03449	0.00517	0.00327	0.00557
30	0.05581	0.01035	0.09980	0.06842	0.04155	0.00996	0.02311	0.11591	0.21828	0.15740	0.03280	0.02238	0.00990	0.00550	0.00530	0.00143	0.09337	0.00426	0.01820	0.00627
31	0.00942	0.00942	0.01319	0.01131	0.01131	0.01319	0.00942	0.01037	0.00660	0.01037	0.00565	0.00942	0.00565	0.00754	0.01414	0.00188	0.84073	0.00377	0.00188	0.00471
32	0.01681	0.00758	0.02767	0.16504	0.09106	0.01740	0.11863	0.01953	0.08608	0.01267	0.05725	0.16316	0.06954	0.00840	0.02676	0.08462	0.01401	0.00614	0.00291	0.00473
33	0.01058	0.00897	0.01482	0.28403	0.44978	0.00952	0.01178	0.01338	0.03235	0.09136	0.00941	0.02870	0.00747	0.00439	0.00431	0.00135	0.00508	0.00409	0.00247	0.00615
34	0.43315	0.00991	0.00940	0.00771	0.01069	0.01119	0.00633	0.33798	0.08348	0.03902	0.00901	0.00932	0.00662	0.00467	0.00352	0.00133	0.00392	0.00323	0.00354	0.00599
35	0.01086	0.01030	0.01733	0.02588	0.79415	0.01034	0.01305	0.04033	0.01016	0.01452	0.00818	0.01065	0.00684	0.00388	0.00427	0.00128	0.00510	0.00384	0.00221	0.00684
36	0.00826	0.00769	0.00842	0.02270	0.00959	0.09915	0.04755	0.01081	0.07132	0.01440	0.27706	0.08228	0.12216	0.00712	0.00450	0.00123	0.00344	0.00614	0.00362	0.19255
37	0.00942	0.00942	0.01319	0.01131	0.01131	0.01319	0.00942	0.01037	0.00660	0.01037	0.00565	0.00942	0.00565	0.00754	0.01414	0.00188	0.84073	0.00377	0.00188	0.00471
38	0.01056	0.01013	0.01730	0.06003	0.78897	0.01021	0.01317	0.01313	0.00976	0.01395	0.00808	0.01070	0.00678	0.00386	0.00427	0.00129	0.00514	0.00384	0.00212	0.00674
39	0.00824	0.00776	0.01311	0.80462	0.06250	0.00960	0.01201	0.01110	0.00866	0.01113	0.00767	0.01145	0.00579	0.00429	0.00430	0.00143	0.00572	0.00383	0.00192	0.00487
40	0.00818	0.00778	0.01324	0.72124	0.06251	0.00935	0.04788	0.01097	0.00880	0.01130	0.00963	0.01304	0.04900	0.00461	0.00438	0.00143	0.00560	0.00417	0.00205	0.00486
41	0.00731	0.00444	0.00578	0.00579	0.00677	0.00407	0.00420	0.00876	0.01036	0.10487	0.33665	0.35714	0.05672	0.01016	0.00505	0.00149	0.00241	0.00902	0.05483	0.00419
42	0.01033	0.00982	0.01660	0.16790	0.66828	0.01018	0.01291	0.02770	0.00980	0.01378	0.00807	0.01080	0.00664	0.00394	0.00427	0.00131	0.00522	0.00384	0.00213	0.00648
43	0.00983	0.09188	0.16216	0.03826	0.13734	0.02304	0.20713	0.01261	0.00965	0.06825	0.01202	0.12390	0.01959	0.00585	0.00458	0.00142	0.00533	0.05887	0.00267	0.00564
44	0.00528	0.00383	0.00499	0.00583	0.00622	0.00354	0.00394	0.00613	0.00859	0.01138	0.06758	0.73595	0.09478	0.01303	0.00544	0.00170	0.00245	0.01175	0.00404	0.00354
45	0.01095	0.00988	0.05311	0.15094	0.38510	0.02988	0.05350	0.01414	0.06612	0.11077	0.01077	0.06683	0.00887	0.00489	0.00440	0.00136	0.00499	0.00453	0.00275	0.00621
46	0.09244	0.05919	0.51837	0.01159	0.04853	0.01024	0.04148	0.03242	0.05209	0.05996	0.01878	0.00994	0.00666	0.00433	0.00411	0.00135	0.01655	0.00339	0.00235	0.00621

[dist]
# distance from previous block
# <min> <max>
1	2

[block]
# block no. 2 follows, 61 sequences, length 26
# corresponding to MSA columns:
# 132-136,147-167
name=unknown_C
#
# <colnr> <probs for GDERKNQSTAVLIFYWHMCP>
#	G	D	E	R	K	N	Q	S	T	A	V	L	I	F	Y	W	H	M	C	P
0	0.01120	0.00741	0.00902	0.00663	0.01020	0.00579	0.00534	0.01306	0.00989	0.20229	0.05139	0.01145	0.00913	0.00397	0.00355	0.00084	0.00324	0.00323	0.00331	0.62906
1	0.00655	0.00513	0.00760	0.00739	0.00805	0.00622	0.00580	0.00795	0.00686	0.00999	0.01080	0.01600	0.01013	0.02918	0.72319	0.02442	0.10409	0.00450	0.00225	0.00390
2	0.02985	0.00988	0.01040	0.00897	0.01164	0.01130	0.00709	0.20290	0.61505	0.02014	0.01564	0.01457	0.01164	0.00565	0.00433	0.00142	0.00371	0.00459	0.00433	0.00689
3	0.00912	0.00979	0.01748	0.01316	0.01610	0.04221	0.43165	0.01159	0.00952	0.01270	0.01484	0.05133	0.14895	0.00587	0.00620	0.00146	0.12388	0.00563	0.00256	0.06595
4	0.00919	0.04295	0.34867	0.06129	0.25419	0.00935	0.04419	0.01254	0.00939	0.03386	0.03297	0.10263	0.00959	0.00520	0.00434	0.00137	0.00532	0.00462	0.00234	0.00601
5	0.00827	0.04914	0.58386	0.01049	0.01543	0.00905	0.01265	0.01283	0.05235	0.01408	0.12092	0.04612	0.03576	0.00538	0.00428	0.00137	0.00527	0.00440	0.00251	0.00585
6	0.01878	0.00821	0.01054	0.00808	0.01143	0.00763	0.00667	0.16643	0.01379	0.67722	0.01576	0.01386	0.01005	0.00530	0.00433	0.00133	0.00386	0.00425	0.00514	0.00733
7	0.00988	0.22837	0.46033	0.04041	0.01578	0.06598	0.01213	0.01329	0.00927	0.02952	0.00860	0.03914	0.00721	0.00470	0.00388	0.00128	0.00570	0.03658	0.00210	0.00583
8	0.01651	0.00747	0.01099	0.17642	0.01508	0.00709	0.03151	0.01848	0.01146	0.61742	0.01498	0.01468	0.00985	0.00522	0.00439	0.00137	0.00420	0.02167	0.00451	0.00669
9	0.05997	0.00716	0.00948	0.00738	0.01051	0.00633	0.00607	0.01971	0.01201	0.72803	0.05622	0.01519	0.01187	0.00543	0.00426	0.00133	0.00353	0.00440	0.02417	0.00697
10	0.02413	0.00623	0.00781	0.03019	0.00921	0.01615	0.00531	0.03962	0.02775	0.32729	0.32074	0.02437	0.12848	0.00732	0.00468	0.00136	0.00299	0.00619	0.00471	0.00547
11	0.84549	0.00880	0.00656	0.00588	0.00852	0.04161	0.00481	0.01284	0.00752	0.01899	0.00602	0.00703	0.00470	0.00402	0.00271	0.00132	0.00350	0.00235	0.00265	0.00468
12	0.00596	0.00479	0.00613	0.00627	0.00714	0.02118	0.03636	0.00731	0.02490	0.01187	0.09643	0.44049	0.19283	0.03087	0.07145	0.00207	0.00346	0.00969	0.01702	0.00378
13	0.48724	0.05159	0.00920	0.09199	0.01171	0.16851	0.00641	0.01364	0.04910	0.01589	0.02835	0.00885	0.00642	0.00453	0.00362	0.01352	0.01914	0.00289	0.00258	0.00484
14	0.02591	0.00688	0.00899	0.11637	0.02909	0.00733	0.03751	0.03127	0.22673	0.01525	0.19144	0.12128	0.06319	0.00760	0.00475	0.00146	0.00348	0.05963	0.00380	0.03803
15	0.02853	0.43783	0.14425	0.00886	0.01262	0.13241	0.03577	0.01336	0.00941	0.02640	0.00783	0.03398	0.01739	0.00425	0.00339	0.00106	0.00518	0.00306	0.00214	0.07228
16	0.05342	0.04625	0.02553	0.03167	0.27367	0.36184	0.00965	0.02728	0.03329	0.04429	0.02062	0.02114	0.00722	0.00453	0.00420	0.00123	0.02253	0.00347	0.00246	0.00574
17	0.27328	0.02230	0.03109	0.11146	0.11838	0.03945	0.03778	0.01114	0.02829	0.01348	0.00919	0.01479	0.00869	0.25390	0.00900	0.00217	0.00454	0.00409	0.00246	0.00453
18	0.08773	0.02006	0.03308	0.13437	0.08759	0.00799	0.11175	0.04210	0.04075	0.02910	0.01388	0.15105	0.04564	0.00767	0.03662	0.00165	0.00471	0.07308	0.00295	0.06824
19	0.01033	0.04287	0.08960	0.24445	0.05644	0.06358	0.07814	0.03837	0.03905	0.07774	0.05299	0.01236	0.00877	0.02098	0.01914	0.00143	0.02730	0.00395	0.00264	0.10986
20	0.04677	0.03574	0.04463	0.18386	0.04450	0.05551	0.03745	0.12763	0.15568	0.08912	0.04172	0.03968	0.00983	0.00523	0.00448	0.00135	0.02671	0.00429	0.00327	0.04256
21	0.03519	0.02752	0.01057	0.07395	0.08835	0.03773	0.04272	0.10231	0.07020	0.09814	0.26306	0.04010	0.01908	0.02141	0.00483	0.00139	0.00385	0.02143	0.00378	0.03440
22	0.03066	0.08530	0.25435	0.08780	0.10647	0.03095	0.03793	0.07155	0.09523	0.05907	0.03243	0.02915	0.03440	0.00489	0.00414	0.00132	0.00505	0.00405	0.00276	0.02250
23	0.05906	0.07351	0.05047	0.02724	0.13171	0.04268	0.09314	0.06879	0.05381	0.12522	0.06655	0.10667	0.01225	0.01828	0.01904	0.00147	0.00460	0.00504	0.00325	0.03723
24	0.00998	0.04041	0.13945	0.02453	0.05111	0.03312	0.03325	0.04592	0.05134	0.13206	0.05255	0.06469	0.13036	0.00919	0.07884	0.00191	0.02205	0.05713	0.00337	0.01874
25	0.03287	0.16024	0.08929	0.04232	0.20802	0.05196	0.00917	0.05328	0.03918	0.07164	0.05619	0.05496	0.01086	0.00533	0.00408	0.00127	0.00460	0.05047	0.00285	0.05141

[dist]
# distance from previous block
# <min> <max>
0	76

# created by:
# /home/cegg/simao/soft/augustus-3.2.1/scripts/msa2prfl.pl ./align_prep/EOG092C5S4U.fa
