[name]
unknown

[dist]
# distance from previous block
# <min> <max>
0	57

[block]
# block no. 0 follows, 71 sequences, length 22
# corresponding to MSA columns:
# 72-93
name=unknown_A
#
# <colnr> <probs for GDERKNQSTAVLIFYWHMCP>
#	G	D	E	R	K	N	Q	S	T	A	V	L	I	F	Y	W	H	M	C	P
0	0.00579	0.00365	0.00487	0.00550	0.00599	0.00337	0.00381	0.00656	0.00772	0.08094	0.02090	0.74951	0.03804	0.01131	0.00481	0.00153	0.00235	0.03626	0.00366	0.00342
1	0.01439	0.01194	0.01132	0.00897	0.01183	0.15327	0.00727	0.66828	0.04005	0.02144	0.00883	0.00896	0.00640	0.00451	0.00377	0.00113	0.00464	0.00331	0.00352	0.00616
2	0.08308	0.01877	0.77382	0.01043	0.01581	0.00888	0.01331	0.01207	0.00796	0.01257	0.00675	0.00794	0.00480	0.00364	0.00353	0.00121	0.00544	0.00277	0.00168	0.00554
3	0.00758	0.04555	0.74742	0.01027	0.01545	0.00865	0.01302	0.01170	0.00832	0.01232	0.07777	0.00978	0.00753	0.00399	0.00368	0.00120	0.00529	0.00316	0.00184	0.00547
4	0.01060	0.79519	0.01931	0.00684	0.01001	0.08630	0.00663	0.01181	0.00805	0.00905	0.00538	0.00622	0.00492	0.00334	0.00255	0.00083	0.00434	0.00209	0.00167	0.00488
5	0.08335	0.00816	0.04762	0.01058	0.01303	0.03331	0.36932	0.01036	0.02004	0.04905	0.01224	0.27163	0.01222	0.02535	0.00469	0.00141	0.00456	0.01600	0.00264	0.00444
6	0.00960	0.00964	0.01861	0.05695	0.28449	0.02147	0.44690	0.01230	0.00892	0.05666	0.00783	0.01010	0.00603	0.00351	0.00443	0.00124	0.02979	0.00402	0.00206	0.00545
7	0.00467	0.00334	0.00445	0.00534	0.00556	0.00311	0.00356	0.00534	0.00734	0.00979	0.02113	0.86275	0.02536	0.01201	0.00489	0.00156	0.00222	0.01090	0.00356	0.00311
8	0.00943	0.00905	0.01545	0.04687	0.81849	0.00909	0.01174	0.01171	0.00870	0.01245	0.00720	0.00951	0.00605	0.00343	0.00380	0.00114	0.00457	0.00342	0.00189	0.00602
9	0.05452	0.17338	0.08041	0.00832	0.01127	0.17971	0.00731	0.24549	0.10587	0.08499	0.00867	0.00884	0.00649	0.00418	0.00342	0.00108	0.00458	0.00301	0.00288	0.00557
10	0.00890	0.29683	0.50928	0.00973	0.02728	0.05201	0.02335	0.01208	0.00815	0.01099	0.00635	0.00746	0.00492	0.00353	0.00326	0.00107	0.00521	0.00259	0.00165	0.00536
11	0.00467	0.00334	0.00445	0.00534	0.00556	0.00311	0.00356	0.00534	0.00734	0.00979	0.02113	0.86275	0.02536	0.01201	0.00489	0.00156	0.00222	0.01090	0.00356	0.00311
12	0.00874	0.28109	0.53944	0.00957	0.01431	0.03702	0.02320	0.01217	0.02135	0.01116	0.00653	0.00759	0.00500	0.00356	0.00329	0.00109	0.00519	0.00263	0.00168	0.00540
13	0.00649	0.00497	0.00614	0.00670	0.00761	0.02957	0.00551	0.03464	0.04981	0.01162	0.02965	0.19321	0.04653	0.03531	0.00544	0.00170	0.00332	0.51461	0.00349	0.00366
14	0.00488	0.00355	0.00464	0.00546	0.00579	0.00337	0.00373	0.00593	0.03414	0.01006	0.02122	0.78968	0.03859	0.01170	0.00487	0.00155	0.00230	0.04173	0.00357	0.00323
15	0.00597	0.00404	0.00530	0.00492	0.00592	0.00371	0.00371	0.00777	0.01086	0.05387	0.80102	0.02792	0.03494	0.00769	0.00449	0.00121	0.00188	0.00679	0.00425	0.00375
16	0.00828	0.08743	0.64540	0.01120	0.01636	0.00961	0.12024	0.03615	0.00849	0.01226	0.00694	0.00826	0.00504	0.00359	0.00367	0.00119	0.00560	0.00301	0.00173	0.00557
17	0.00769	0.00682	0.01096	0.70055	0.04999	0.00822	0.00981	0.01063	0.05952	0.04122	0.00934	0.01194	0.04894	0.00424	0.00387	0.00127	0.00473	0.00372	0.00206	0.00446
18	0.00469	0.00339	0.00444	0.00524	0.00555	0.00314	0.00353	0.00542	0.00755	0.01003	0.05243	0.78650	0.07047	0.01173	0.00486	0.00153	0.00219	0.01060	0.00358	0.00314
19	0.01787	0.00834	0.01265	0.04259	0.35304	0.03845	0.10872	0.02687	0.15706	0.02494	0.01180	0.13653	0.03358	0.00523	0.00406	0.00125	0.00416	0.00491	0.00263	0.00532
20	0.07312	0.07904	0.68290	0.01023	0.01537	0.00943	0.02964	0.03615	0.00827	0.01265	0.00674	0.00790	0.00488	0.00363	0.00349	0.00118	0.00533	0.00278	0.00175	0.00552
21	0.01161	0.15507	0.03940	0.00779	0.02126	0.02966	0.01464	0.34520	0.02595	0.05577	0.00837	0.02646	0.00655	0.00402	0.00336	0.00096	0.00387	0.00307	0.00294	0.23406

[dist]
# distance from previous block
# <min> <max>
1	3

[block]
# block no. 1 follows, 71 sequences, length 48
# corresponding to MSA columns:
# 97-144
name=unknown_B
#
# <colnr> <probs for GDERKNQSTAVLIFYWHMCP>
#	G	D	E	R	K	N	Q	S	T	A	V	L	I	F	Y	W	H	M	C	P
0	0.01073	0.02742	0.07928	0.04292	0.06247	0.00854	0.04114	0.11266	0.30200	0.15066	0.04273	0.03093	0.02383	0.00485	0.00386	0.00121	0.00368	0.00410	0.00343	0.04356
1	0.09432	0.08255	0.11226	0.02117	0.06419	0.09136	0.04209	0.34528	0.05333	0.04522	0.00823	0.00878	0.00610	0.00411	0.00356	0.00113	0.00456	0.00314	0.00288	0.00573
2	0.00481	0.00356	0.00502	0.00568	0.00601	0.00332	0.02929	0.00556	0.00739	0.00987	0.02071	0.83613	0.02475	0.01174	0.00488	0.00155	0.00236	0.01070	0.00351	0.00318
3	0.00577	0.00444	0.00648	0.00633	0.00694	0.00529	0.00493	0.00708	0.00627	0.00917	0.02691	0.01507	0.00989	0.05186	0.71187	0.00545	0.08126	0.00413	0.02740	0.00346
4	0.07066	0.04950	0.11909	0.16681	0.33544	0.04118	0.03548	0.02911	0.00861	0.04557	0.00829	0.03255	0.01952	0.00406	0.00370	0.00119	0.00464	0.01722	0.00211	0.00528
5	0.02057	0.00797	0.02717	0.00872	0.09848	0.00702	0.03913	0.08196	0.08209	0.05178	0.00819	0.00911	0.00645	0.00349	0.00350	0.00085	0.02566	0.00288	0.00258	0.51238
6	0.01444	0.00727	0.00909	0.00724	0.00984	0.00719	0.00591	0.22170	0.04290	0.47789	0.01319	0.03451	0.00925	0.00796	0.11132	0.00182	0.00436	0.00399	0.00411	0.00602
7	0.00470	0.00336	0.00448	0.00537	0.00560	0.00314	0.00361	0.00539	0.00737	0.00982	0.02112	0.84787	0.02530	0.01199	0.00490	0.00156	0.00225	0.02551	0.00356	0.00312
8	0.00915	0.15052	0.53988	0.00969	0.01423	0.09502	0.01133	0.02898	0.03408	0.03559	0.02162	0.00877	0.01716	0.00387	0.00348	0.00113	0.00525	0.00290	0.00193	0.00541
9	0.01268	0.00864	0.01310	0.01035	0.03710	0.00867	0.21817	0.19894	0.10069	0.26934	0.01180	0.01309	0.00862	0.00469	0.00427	0.00126	0.02062	0.04855	0.00352	0.00590
10	0.00487	0.00361	0.00459	0.00530	0.00584	0.00333	0.00382	0.00576	0.00784	0.01015	0.02456	0.57578	0.18829	0.01134	0.00488	0.00154	0.00236	0.12940	0.00356	0.00320
11	0.00885	0.00845	0.01440	0.26208	0.60783	0.00894	0.01145	0.01120	0.00843	0.01174	0.00710	0.00970	0.00580	0.00354	0.00381	0.00118	0.00471	0.00341	0.00184	0.00555
12	0.01030	0.10861	0.18583	0.03538	0.02627	0.13010	0.00829	0.07564	0.32031	0.03096	0.02402	0.01066	0.00822	0.00440	0.00362	0.00117	0.00442	0.00342	0.00281	0.00557
13	0.00745	0.00507	0.00587	0.00552	0.00632	0.00520	0.00380	0.16369	0.00873	0.04218	0.01466	0.25391	0.03233	0.39784	0.02821	0.00253	0.00348	0.00660	0.00306	0.00354
14	0.00453	0.00388	0.00388	0.00388	0.00518	0.00324	0.00291	0.00550	0.00874	0.01036	0.03884	0.03690	0.83978	0.00971	0.00453	0.00129	0.00194	0.00809	0.00356	0.00324
15	0.00881	0.00838	0.01424	0.31846	0.50478	0.00899	0.03673	0.03235	0.00860	0.01185	0.00714	0.00977	0.00574	0.00359	0.00383	0.00119	0.00480	0.00345	0.00188	0.00541
16	0.01050	0.08407	0.05616	0.00824	0.01071	0.13562	0.00683	0.06478	0.54835	0.01470	0.01243	0.01187	0.00944	0.00473	0.00369	0.00120	0.00392	0.00373	0.00329	0.00573
17	0.01472	0.01050	0.01136	0.00871	0.01177	0.01154	0.00720	0.78315	0.01763	0.07012	0.00954	0.00942	0.00669	0.00461	0.00384	0.00115	0.00417	0.00347	0.00389	0.00652
18	0.00954	0.00824	0.00867	0.00780	0.00997	0.00954	0.00607	0.02037	0.83441	0.01604	0.01561	0.01431	0.01170	0.00520	0.00390	0.00130	0.00303	0.00433	0.00390	0.00607
19	0.01394	0.01042	0.01115	0.00869	0.01165	0.01159	0.00713	0.72594	0.12168	0.02313	0.01002	0.00985	0.00718	0.00468	0.00384	0.00117	0.00407	0.00356	0.00384	0.00646
20	0.01458	0.01074	0.01151	0.00882	0.01189	0.01189	0.00729	0.82855	0.01803	0.02416	0.00921	0.00921	0.00652	0.00460	0.00384	0.00115	0.00422	0.00345	0.00384	0.00652
21	0.00613	0.00438	0.00613	0.00701	0.00787	0.00438	0.00610	0.00787	0.00878	0.01142	0.02033	0.06733	0.02216	0.01063	0.00528	0.00176	0.00349	0.79188	0.00353	0.00352
22	0.00954	0.00824	0.00867	0.00780	0.00997	0.00954	0.00607	0.02037	0.83441	0.01604	0.01561	0.01431	0.01170	0.00520	0.00390	0.00130	0.00303	0.00433	0.00390	0.00607
23	0.01648	0.00769	0.00962	0.00737	0.01037	0.00737	0.00609	0.24268	0.01293	0.61724	0.01349	0.01199	0.00867	0.00471	0.00385	0.00118	0.00353	0.00374	0.00449	0.00652
24	0.00543	0.00392	0.00513	0.00482	0.00573	0.00362	0.00362	0.00724	0.01085	0.01538	0.83931	0.02864	0.03618	0.00784	0.00452	0.00121	0.00181	0.00693	0.00422	0.00362
25	0.00795	0.00681	0.00795	0.00568	0.00909	0.00511	0.00454	0.00965	0.00795	0.01249	0.00681	0.00795	0.00568	0.00284	0.00284	0.00057	0.00284	0.00227	0.00227	0.88869
26	0.00971	0.00904	0.01537	0.02306	0.81752	0.00901	0.01159	0.01197	0.00879	0.03633	0.00744	0.00959	0.00617	0.00345	0.00380	0.00114	0.00452	0.00343	0.00198	0.00609
27	0.00795	0.00681	0.00795	0.00568	0.00909	0.00511	0.00454	0.00965	0.00795	0.01249	0.00681	0.00795	0.00568	0.00284	0.00284	0.00057	0.00284	0.00227	0.00227	0.88869
28	0.00467	0.00334	0.00445	0.00534	0.00556	0.00311	0.00356	0.00534	0.00734	0.00979	0.02113	0.86275	0.02536	0.01201	0.00489	0.00156	0.00222	0.01090	0.00356	0.00311
29	0.00949	0.00911	0.01556	0.02353	0.84133	0.00911	0.01177	0.01177	0.00873	0.01253	0.00721	0.00949	0.00607	0.00342	0.00380	0.00114	0.00456	0.00342	0.00190	0.00607
30	0.00565	0.00387	0.00448	0.00443	0.00446	0.00399	0.00260	0.00573	0.00561	0.00754	0.01181	0.02422	0.01351	0.80825	0.05086	0.00375	0.02908	0.00545	0.00229	0.00242
31	0.00467	0.00334	0.00445	0.00534	0.00556	0.00311	0.00356	0.00534	0.00734	0.00979	0.02113	0.86275	0.02536	0.01201	0.00489	0.00156	0.00222	0.01090	0.00356	0.00311
32	0.00745	0.00692	0.01140	0.78327	0.02500	0.00864	0.01038	0.03058	0.00789	0.01018	0.00710	0.01084	0.00551	0.00411	0.00421	0.00130	0.03823	0.02091	0.00180	0.00430
33	0.00813	0.00696	0.00822	0.00620	0.03034	0.00536	0.00479	0.02751	0.00819	0.01275	0.00688	0.00802	0.00571	0.00289	0.00289	0.00060	0.00291	0.00233	0.00230	0.84704
34	0.00927	0.00819	0.01064	0.00907	0.00970	0.02103	0.00741	0.13094	0.01806	0.03755	0.01848	0.04115	0.00727	0.06129	0.02495	0.00177	0.57263	0.00386	0.00227	0.00446
35	0.00549	0.00407	0.00599	0.00599	0.00661	0.00470	0.00457	0.00673	0.00611	0.00877	0.01043	0.01596	0.00997	0.10350	0.77585	0.00594	0.00968	0.00424	0.00208	0.00333
36	0.02827	0.06099	0.25614	0.00775	0.02770	0.02505	0.00770	0.01122	0.02208	0.06042	0.01738	0.00914	0.00634	0.03533	0.00379	0.00098	0.00392	0.00275	0.00223	0.41081
37	0.02268	0.29418	0.14121	0.00832	0.03838	0.02060	0.02667	0.12214	0.11516	0.03801	0.00970	0.08206	0.01954	0.00464	0.00341	0.00109	0.00404	0.00366	0.00256	0.04193
38	0.00487	0.00348	0.00468	0.00556	0.00587	0.00328	0.00390	0.00568	0.00754	0.01001	0.02102	0.75538	0.02493	0.01183	0.00495	0.00158	0.00240	0.11632	0.00356	0.00317
39	0.03536	0.00731	0.03690	0.00816	0.04074	0.00727	0.11280	0.01422	0.32126	0.06496	0.07173	0.01563	0.06842	0.00510	0.00377	0.00120	0.00324	0.00447	0.17238	0.00507
40	0.04218	0.04184	0.14202	0.05143	0.25753	0.03262	0.06340	0.10691	0.04051	0.17076	0.00904	0.00987	0.00659	0.00393	0.00373	0.00117	0.00453	0.00340	0.00269	0.00585
41	0.00561	0.00387	0.00481	0.00505	0.00585	0.00353	0.00360	0.00685	0.02731	0.05819	0.18837	0.44579	0.20666	0.01010	0.00466	0.00140	0.00216	0.00894	0.00377	0.00350
42	0.00606	0.00499	0.00772	0.03259	0.00834	0.00589	0.04952	0.00742	0.00629	0.00905	0.00955	0.01457	0.00902	0.07991	0.62781	0.00508	0.10651	0.00412	0.00201	0.00356
43	0.00930	0.35110	0.39601	0.00864	0.01284	0.01109	0.00991	0.02808	0.03588	0.05515	0.00719	0.00813	0.00559	0.00472	0.04009	0.00128	0.00501	0.00270	0.00193	0.00535
44	0.02529	0.02063	0.09621	0.04067	0.26997	0.04042	0.12021	0.19576	0.10852	0.03135	0.00873	0.00988	0.00663	0.00395	0.00385	0.00119	0.00471	0.00356	0.00260	0.00586
45	0.00666	0.00333	0.00500	0.00500	0.00500	0.00333	0.00333	0.00500	0.00500	0.00666	0.00666	0.01166	0.00666	0.01332	0.01499	0.88844	0.00333	0.00333	0.00167	0.00167
46	0.04832	0.01827	0.04885	0.00729	0.02946	0.01981	0.00595	0.17116	0.13752	0.04023	0.03292	0.01990	0.00796	0.00399	0.00334	0.00093	0.00335	0.00317	0.02123	0.37635
47	0.06600	0.25108	0.10634	0.00899	0.07895	0.01995	0.03393	0.09863	0.05100	0.19047	0.02038	0.00937	0.00693	0.00395	0.00333	0.00106	0.00405	0.00306	0.00278	0.03975

[dist]
# distance from previous block
# <min> <max>
2	101

[block]
# block no. 2 follows, 71 sequences, length 18
# corresponding to MSA columns:
# 249-266
name=unknown_C
#
# <colnr> <probs for GDERKNQSTAVLIFYWHMCP>
#	G	D	E	R	K	N	Q	S	T	A	V	L	I	F	Y	W	H	M	C	P
0	0.00855	0.31035	0.02986	0.00743	0.00953	0.11811	0.07403	0.01002	0.01964	0.01027	0.07036	0.19803	0.06381	0.00631	0.00392	0.00116	0.02286	0.02898	0.00251	0.00426
1	0.00867	0.00820	0.01392	0.15224	0.60109	0.00842	0.02949	0.01096	0.00881	0.01241	0.09989	0.01176	0.00927	0.00397	0.00390	0.00117	0.00438	0.00383	0.00213	0.00549
2	0.02114	0.11122	0.01156	0.00898	0.07238	0.01870	0.05391	0.26524	0.13884	0.09935	0.06132	0.03453	0.05814	0.02247	0.00412	0.00122	0.00376	0.00420	0.00335	0.00557
3	0.01042	0.00835	0.02030	0.00920	0.07874	0.04026	0.05185	0.36897	0.01249	0.03404	0.03387	0.23507	0.01271	0.04864	0.00494	0.00139	0.00385	0.01646	0.00335	0.00510
4	0.00491	0.00350	0.00447	0.00515	0.00543	0.00330	0.00345	0.00554	0.00719	0.00950	0.02050	0.61710	0.07069	0.16416	0.00751	0.00194	0.00255	0.05676	0.00334	0.00300
5	0.01711	0.00668	0.00899	0.00689	0.00986	0.00586	0.00570	0.04815	0.01123	0.81416	0.01491	0.01291	0.00938	0.00474	0.00386	0.00119	0.00330	0.00384	0.00471	0.00653
6	0.01024	0.78065	0.07464	0.00693	0.01036	0.01464	0.00709	0.04067	0.00818	0.00977	0.00557	0.00639	0.00497	0.00335	0.00259	0.00086	0.00421	0.00215	0.00172	0.00503
7	0.00560	0.00427	0.00499	0.00486	0.00604	0.00394	0.00374	0.00762	0.06404	0.02910	0.34821	0.04652	0.37182	0.00870	0.00454	0.00130	0.00213	0.07506	0.00386	0.00366
8	0.00471	0.00339	0.00447	0.00532	0.00561	0.00316	0.00360	0.00542	0.00744	0.00986	0.02190	0.80349	0.06148	0.01187	0.00489	0.00155	0.00225	0.03291	0.00356	0.00313
9	0.01458	0.01074	0.01151	0.00882	0.01189	0.01189	0.00729	0.82855	0.01803	0.02416	0.00921	0.00921	0.00652	0.00460	0.00384	0.00115	0.00422	0.00345	0.00384	0.00652
10	0.00540	0.00392	0.00508	0.00479	0.00571	0.00360	0.00359	0.00718	0.01078	0.01520	0.81149	0.02893	0.06411	0.00790	0.00452	0.00121	0.00181	0.00697	0.00420	0.00360
11	0.00472	0.00347	0.00445	0.00521	0.00562	0.00320	0.00359	0.00549	0.00762	0.00995	0.02372	0.70015	0.14598	0.01160	0.00486	0.00153	0.00225	0.04988	0.00356	0.00315
12	0.38831	0.00733	0.00778	0.00627	0.00899	0.00752	0.00517	0.09688	0.00979	0.41080	0.01038	0.00977	0.00693	0.00423	0.00322	0.00118	0.00323	0.00306	0.00365	0.00552
13	0.00626	0.00451	0.00622	0.00702	0.00794	0.00455	0.00610	0.00830	0.03381	0.01172	0.04375	0.04196	0.02216	0.01035	0.00523	0.00174	0.00347	0.76775	0.00356	0.00361
14	0.01002	0.00848	0.00894	0.00790	0.01016	0.00976	0.00619	0.09811	0.75588	0.01682	0.01499	0.01381	0.01121	0.00514	0.00390	0.00129	0.00315	0.00425	0.00390	0.00611
15	0.00558	0.00419	0.00607	0.00602	0.00660	0.00487	0.00458	0.00675	0.00608	0.00872	0.01035	0.01617	0.01002	0.13756	0.71566	0.00570	0.03543	0.00428	0.00208	0.00330
16	0.09573	0.00992	0.01065	0.00823	0.01122	0.01083	0.00680	0.65487	0.01611	0.12314	0.00957	0.00940	0.00666	0.00452	0.00370	0.00116	0.00399	0.00337	0.00381	0.00630
17	0.02933	0.61095	0.15024	0.00793	0.03256	0.04830	0.02343	0.01162	0.00809	0.01008	0.03321	0.00740	0.00597	0.00353	0.00283	0.00093	0.00442	0.00244	0.00176	0.00499

[dist]
# distance from previous block
# <min> <max>
0	1

[block]
# block no. 3 follows, 71 sequences, length 14
# corresponding to MSA columns:
# 268-281
name=unknown_D
#
# <colnr> <probs for GDERKNQSTAVLIFYWHMCP>
#	G	D	E	R	K	N	Q	S	T	A	V	L	I	F	Y	W	H	M	C	P
0	0.01023	0.18062	0.32075	0.00958	0.03431	0.17052	0.00964	0.06671	0.13858	0.01241	0.00792	0.00857	0.00610	0.00393	0.00344	0.00110	0.00507	0.00290	0.00220	0.00542
1	0.41091	0.16536	0.14366	0.00783	0.04137	0.06997	0.03082	0.03316	0.04312	0.01418	0.00630	0.00722	0.00496	0.00363	0.00289	0.00112	0.00408	0.00247	0.00216	0.00480
2	0.00889	0.00880	0.03540	0.16595	0.48522	0.01967	0.06267	0.03189	0.01902	0.01220	0.00788	0.04666	0.00673	0.00387	0.00382	0.00115	0.00458	0.00371	0.00203	0.06983
3	0.00771	0.00760	0.01267	0.38800	0.04984	0.02131	0.13922	0.00973	0.00748	0.01010	0.00789	0.07974	0.00713	0.02219	0.01917	0.00151	0.19825	0.00422	0.00192	0.00432
4	0.07396	0.49171	0.28768	0.00789	0.01186	0.01224	0.00883	0.01199	0.00793	0.04629	0.00625	0.00708	0.00504	0.00348	0.00290	0.00099	0.00449	0.00238	0.00182	0.00518
5	0.01220	0.00889	0.00963	0.00796	0.01052	0.00986	0.00639	0.33430	0.40640	0.10312	0.01297	0.01219	0.00940	0.00490	0.00383	0.00122	0.00348	0.00392	0.03262	0.00621
6	0.00472	0.00337	0.00449	0.00531	0.00557	0.00314	0.00356	0.00545	0.00755	0.01012	0.06934	0.81361	0.02600	0.01177	0.00487	0.00154	0.00220	0.01067	0.00360	0.00314
7	0.00878	0.00773	0.01272	0.24137	0.44522	0.00827	0.01007	0.02810	0.00843	0.04774	0.00848	0.04446	0.00732	0.01980	0.05015	0.00153	0.02374	0.01875	0.00212	0.00521
8	0.00562	0.00416	0.00578	0.00572	0.00617	0.00474	0.00419	0.00656	0.00597	0.00847	0.01061	0.01784	0.01073	0.28123	0.56572	0.00525	0.04149	0.00452	0.00212	0.00312
9	0.00784	0.00670	0.01109	0.77787	0.02471	0.00819	0.01009	0.01031	0.00788	0.06042	0.00750	0.01052	0.00552	0.00391	0.00380	0.00126	0.00489	0.00344	0.02968	0.00437
10	0.00481	0.00350	0.00450	0.00525	0.00564	0.00326	0.00363	0.00557	0.00756	0.00989	0.02288	0.66153	0.12533	0.04728	0.00549	0.00163	0.00235	0.07326	0.00351	0.00313
11	0.00581	0.00522	0.04775	0.05655	0.05535	0.00462	0.03989	0.00706	0.00781	0.02820	0.05293	0.56638	0.06691	0.00968	0.00482	0.00145	0.02396	0.00872	0.00320	0.00369
12	0.20926	0.00867	0.00920	0.00728	0.01005	0.00932	0.00599	0.40402	0.03869	0.20877	0.01003	0.00979	0.00697	0.00442	0.00347	0.00116	0.00359	0.00327	0.04019	0.00586
13	0.08837	0.10292	0.07869	0.02637	0.12001	0.09655	0.01709	0.11502	0.03174	0.04543	0.02861	0.00887	0.00651	0.00398	0.00395	0.00105	0.06242	0.00295	0.00241	0.15706

[dist]
# distance from previous block
# <min> <max>
1	9

[block]
# block no. 4 follows, 71 sequences, length 30
# corresponding to MSA columns:
# 291-320
name=unknown_E
#
# <colnr> <probs for GDERKNQSTAVLIFYWHMCP>
#	G	D	E	R	K	N	Q	S	T	A	V	L	I	F	Y	W	H	M	C	P
0	0.01066	0.12968	0.21878	0.00992	0.06142	0.06019	0.05471	0.17112	0.09554	0.06506	0.02253	0.02114	0.00714	0.00418	0.00372	0.00113	0.01523	0.00333	0.00263	0.04189
1	0.02890	0.58105	0.04136	0.00718	0.01028	0.10747	0.00673	0.04316	0.06466	0.04095	0.00669	0.00727	0.00561	0.00359	0.00282	0.00091	0.00430	0.00240	0.00206	0.03260
2	0.00626	0.00495	0.00563	0.00492	0.00679	0.00409	0.00375	0.01929	0.00839	0.03706	0.02359	0.12777	0.38084	0.02704	0.02556	0.00127	0.00261	0.01965	0.00312	0.28742
3	0.51231	0.02499	0.15194	0.00682	0.00988	0.00843	0.03564	0.05531	0.00810	0.08702	0.03229	0.00864	0.01953	0.00393	0.00298	0.00118	0.00362	0.00277	0.00257	0.02207
4	0.03604	0.09891	0.01132	0.00833	0.03143	0.04174	0.00668	0.53673	0.01464	0.04380	0.04617	0.07375	0.00914	0.01896	0.00400	0.00119	0.00399	0.00399	0.00345	0.00575
5	0.00666	0.00333	0.00500	0.00500	0.00500	0.00333	0.00333	0.00500	0.00500	0.00666	0.00666	0.01166	0.00666	0.01332	0.01499	0.88844	0.00333	0.00333	0.00167	0.00167
6	0.89233	0.00741	0.00564	0.00504	0.00741	0.00860	0.00415	0.01127	0.00653	0.01720	0.00534	0.00623	0.00415	0.00356	0.00237	0.00119	0.00297	0.00208	0.00237	0.00415
7	0.00860	0.00874	0.01171	0.01006	0.01013	0.04189	0.00835	0.00945	0.00605	0.00923	0.00507	0.00834	0.00503	0.00661	0.01225	0.00165	0.82761	0.00332	0.00169	0.00420
8	0.00769	0.01983	0.84538	0.01093	0.01659	0.00890	0.01417	0.01214	0.00810	0.01214	0.00688	0.00810	0.00486	0.00364	0.00364	0.00121	0.00567	0.00283	0.00162	0.00567
9	0.00548	0.00411	0.00616	0.00616	0.00685	0.00479	0.00479	0.00685	0.00616	0.00890	0.01027	0.01506	0.00959	0.02876	0.85006	0.00616	0.01027	0.00411	0.00205	0.00342
10	0.00594	0.00456	0.00552	0.00543	0.00656	0.00444	0.00424	0.02174	0.09892	0.01371	0.40580	0.05772	0.19324	0.00849	0.00459	0.00134	0.00232	0.14771	0.00390	0.00382
11	0.00730	0.00688	0.01161	0.83263	0.04931	0.00854	0.01068	0.00985	0.00770	0.00987	0.00683	0.01020	0.00514	0.00382	0.00383	0.00127	0.00510	0.00341	0.00171	0.00431
12	0.00839	0.00839	0.01174	0.01007	0.01007	0.01174	0.00839	0.00923	0.00587	0.00923	0.00503	0.00839	0.00503	0.00671	0.01258	0.00168	0.85823	0.00336	0.00168	0.00419
13	0.00467	0.00336	0.00442	0.00527	0.00554	0.00312	0.00353	0.00535	0.00740	0.00981	0.02193	0.82541	0.06218	0.01191	0.00488	0.00155	0.00221	0.01077	0.00356	0.00312
14	0.01695	0.00694	0.00915	0.00702	0.00999	0.00625	0.00580	0.09776	0.01166	0.76394	0.01455	0.01267	0.00920	0.00473	0.00385	0.00118	0.00336	0.00382	0.00466	0.00652
15	0.05398	0.00470	0.00599	0.00586	0.00705	0.00442	0.00430	0.04172	0.00870	0.23667	0.01823	0.55503	0.01923	0.00932	0.00444	0.00142	0.00262	0.00825	0.00383	0.00423
16	0.00769	0.01983	0.84538	0.01093	0.01659	0.00890	0.01417	0.01214	0.00810	0.01214	0.00688	0.00810	0.00486	0.00364	0.00364	0.00121	0.00567	0.00283	0.00162	0.00567
17	0.00459	0.00373	0.00407	0.00431	0.00530	0.00321	0.00311	0.00549	0.00839	0.01030	0.05022	0.26851	0.59479	0.01032	0.00463	0.00137	0.00202	0.00886	0.00357	0.00321
18	0.79929	0.00752	0.02275	0.00525	0.00765	0.00834	0.00443	0.02232	0.00692	0.03356	0.00697	0.00815	0.03070	0.00393	0.00257	0.00120	0.00302	0.01871	0.00249	0.00422
19	0.04479	0.05841	0.57815	0.01070	0.01553	0.00919	0.11253	0.02229	0.05238	0.03512	0.00809	0.00915	0.01906	0.00379	0.00368	0.00121	0.00529	0.00317	0.00195	0.00552
20	0.00871	0.03693	0.37219	0.00813	0.01158	0.00716	0.00885	0.05852	0.03300	0.12050	0.24389	0.02831	0.01522	0.01488	0.00412	0.00124	0.00396	0.01466	0.00301	0.00513
21	0.00603	0.00472	0.00633	0.00620	0.00690	0.02968	0.00474	0.02762	0.00653	0.00915	0.01021	0.01561	0.00975	0.11475	0.70200	0.00555	0.02451	0.00418	0.00212	0.00343
22	0.08242	0.01106	0.05587	0.02190	0.01313	0.19206	0.22016	0.07205	0.06877	0.13708	0.01674	0.03575	0.00754	0.02550	0.01300	0.00130	0.00511	0.00380	0.00274	0.01403
23	0.00992	0.07404	0.17089	0.04261	0.18837	0.06914	0.00866	0.03849	0.02924	0.13559	0.04045	0.03604	0.03979	0.03271	0.04670	0.00150	0.00466	0.02337	0.00261	0.00522
24	0.00761	0.00773	0.02347	0.49704	0.02077	0.04531	0.15426	0.01014	0.02520	0.01047	0.02590	0.07935	0.02863	0.00520	0.02083	0.00139	0.02593	0.00438	0.00205	0.00434
25	0.00679	0.00637	0.06505	0.03832	0.02981	0.00541	0.12893	0.02430	0.02348	0.05317	0.15242	0.25688	0.14138	0.00829	0.02202	0.00145	0.00345	0.02514	0.00322	0.00411
26	0.08669	0.02973	0.33412	0.03971	0.03720	0.06135	0.02501	0.04243	0.12569	0.09187	0.05422	0.03786	0.00868	0.00449	0.00368	0.00121	0.00447	0.00361	0.00262	0.00537
27	0.02449	0.10216	0.14590	0.03252	0.14351	0.10048	0.02521	0.08748	0.01006	0.20623	0.03201	0.00988	0.00722	0.00408	0.00373	0.00111	0.01803	0.00324	0.00275	0.03992
28	0.05666	0.32882	0.31831	0.02896	0.01265	0.01110	0.00920	0.08380	0.01988	0.04016	0.00712	0.02540	0.00570	0.00380	0.00317	0.00105	0.00452	0.00278	0.00206	0.03486
29	0.07946	0.08216	0.32288	0.05142	0.09045	0.00900	0.05238	0.07708	0.02223	0.13289	0.00873	0.03978	0.00663	0.00413	0.00361	0.00118	0.00461	0.00339	0.00246	0.00554

[dist]
# distance from previous block
# <min> <max>
0	36

[block]
# block no. 5 follows, 71 sequences, length 53
# corresponding to MSA columns:
# 378-412,432-449
name=unknown_F
#
# <colnr> <probs for GDERKNQSTAVLIFYWHMCP>
#	G	D	E	R	K	N	Q	S	T	A	V	L	I	F	Y	W	H	M	C	P
0	0.01070	0.13245	0.02540	0.02651	0.02738	0.02068	0.02890	0.26663	0.08636	0.03257	0.00881	0.03704	0.00708	0.00408	0.00339	0.00096	0.00374	0.00323	0.00287	0.27122
1	0.00846	0.00747	0.00996	0.02703	0.14703	0.02352	0.07192	0.02076	0.33606	0.02746	0.11706	0.03269	0.08427	0.01454	0.02177	0.00138	0.00359	0.02249	0.00326	0.01928
2	0.04356	0.23219	0.23223	0.02198	0.14885	0.02124	0.09948	0.02940	0.07435	0.05073	0.00769	0.00876	0.00595	0.00367	0.00345	0.00111	0.00473	0.00307	0.00211	0.00549
3	0.00967	0.51361	0.13591	0.02611	0.04448	0.01245	0.07408	0.04763	0.01638	0.02228	0.02305	0.00812	0.00606	0.00464	0.03983	0.00120	0.00476	0.00274	0.00190	0.00509
4	0.00480	0.00352	0.00452	0.00519	0.00561	0.00328	0.00354	0.00577	0.02219	0.01039	0.08695	0.69698	0.11042	0.01133	0.00481	0.00150	0.00218	0.01018	0.00362	0.00322
5	0.00643	0.00526	0.01436	0.13651	0.04112	0.00542	0.02061	0.00867	0.06444	0.03289	0.26315	0.17916	0.11576	0.00777	0.00477	0.00134	0.03866	0.04637	0.00334	0.00397
6	0.02230	0.27797	0.13186	0.02554	0.09229	0.08405	0.13021	0.04734	0.03034	0.09324	0.00755	0.00857	0.00584	0.00373	0.00363	0.00108	0.02388	0.00304	0.00220	0.00535
7	0.00486	0.00366	0.00522	0.00575	0.00618	0.00340	0.03932	0.00565	0.00747	0.00992	0.02121	0.79479	0.05501	0.01154	0.00486	0.00154	0.00240	0.01052	0.00349	0.00321
8	0.12053	0.00742	0.00884	0.00696	0.00978	0.00730	0.00572	0.15393	0.07290	0.53126	0.01295	0.01170	0.00852	0.00461	0.00366	0.00118	0.00335	0.00361	0.01963	0.00616
9	0.00557	0.00426	0.00586	0.01910	0.07561	0.00414	0.00474	0.02034	0.02447	0.01060	0.02018	0.59108	0.06477	0.01996	0.00494	0.00154	0.00268	0.11322	0.00339	0.00354
10	0.00888	0.09853	0.17195	0.04648	0.09766	0.02277	0.09516	0.10477	0.11904	0.01372	0.08844	0.03843	0.06779	0.00493	0.00387	0.00119	0.00424	0.00427	0.00268	0.00521
11	0.00497	0.00357	0.00420	0.00464	0.00532	0.00323	0.00325	0.00592	0.00805	0.01080	0.06763	0.45425	0.28328	0.01015	0.00449	0.00138	0.00206	0.00891	0.11066	0.00323
12	0.00675	0.00432	0.00557	0.00506	0.00624	0.00398	0.00386	0.02612	0.01090	0.09776	0.69434	0.02713	0.07796	0.00757	0.00444	0.00121	0.00201	0.00662	0.00423	0.00395
13	0.00807	0.03190	0.02774	0.00630	0.02592	0.00582	0.00504	0.01045	0.06414	0.01272	0.03514	0.00905	0.00707	0.00321	0.00299	0.00067	0.00295	0.00260	0.00241	0.73579
14	0.00553	0.00394	0.00516	0.00516	0.00548	0.00411	0.01845	0.00619	0.01572	0.00838	0.01287	0.14456	0.01423	0.48247	0.24719	0.00401	0.00536	0.00591	0.00244	0.00284
15	0.00552	0.00375	0.00439	0.00452	0.00463	0.00374	0.00270	0.01690	0.00610	0.00816	0.01372	0.18492	0.01590	0.66710	0.03932	0.00334	0.00362	0.00653	0.00257	0.00256
16	0.00467	0.00335	0.00443	0.00530	0.00555	0.00312	0.00354	0.00534	0.00738	0.00980	0.02164	0.83911	0.04867	0.01195	0.00488	0.00155	0.00222	0.01082	0.00356	0.00312
17	0.02399	0.00947	0.03386	0.07186	0.48304	0.02406	0.07282	0.09167	0.09366	0.02069	0.00822	0.00993	0.00653	0.00385	0.00409	0.00119	0.02941	0.00355	0.00230	0.00581
18	0.00948	0.00880	0.01170	0.00985	0.01039	0.01177	0.00819	0.15385	0.00802	0.01186	0.00577	0.00853	0.00530	0.00634	0.01104	0.00158	0.70748	0.00337	0.00206	0.00460
19	0.01432	0.01827	0.01087	0.00988	0.01185	0.84986	0.00741	0.01531	0.01087	0.00938	0.00593	0.00691	0.00494	0.00395	0.00346	0.00099	0.00691	0.00247	0.00198	0.00444
20	0.21801	0.00702	0.00918	0.00711	0.01001	0.00662	0.06697	0.01650	0.00981	0.59127	0.01232	0.01128	0.00799	0.00436	0.00356	0.00119	0.00343	0.00350	0.00399	0.00588
21	0.00769	0.01983	0.84538	0.01093	0.01659	0.00890	0.01417	0.01214	0.00810	0.01214	0.00688	0.00810	0.00486	0.00364	0.00364	0.00121	0.00567	0.00283	0.00162	0.00567
22	0.05304	0.00762	0.06913	0.00691	0.01007	0.00605	0.00605	0.02951	0.01952	0.60648	0.02375	0.01189	0.00876	0.00441	0.00365	0.00111	0.00336	0.00354	0.00406	0.12109
23	0.01015	0.83275	0.05398	0.00674	0.01012	0.01491	0.00687	0.01151	0.00780	0.00915	0.00539	0.00623	0.00492	0.00330	0.00251	0.00084	0.00416	0.00208	0.00164	0.00495
24	0.01720	0.00653	0.00890	0.00682	0.00979	0.00564	0.00564	0.01869	0.01097	0.84399	0.01513	0.01305	0.00949	0.00475	0.00386	0.00119	0.00326	0.00386	0.00475	0.00653
25	0.00564	0.00395	0.00501	0.00472	0.00570	0.00362	0.00355	0.00736	0.01053	0.03047	0.71242	0.02850	0.11026	0.00781	0.00443	0.00120	0.00185	0.00684	0.04250	0.00363
26	0.01025	0.86756	0.02009	0.00656	0.00984	0.01517	0.00656	0.01148	0.00779	0.00902	0.00533	0.00615	0.00492	0.00328	0.00246	0.00082	0.00410	0.00205	0.00164	0.00492
27	0.00466	0.00338	0.00440	0.00521	0.00553	0.00313	0.00350	0.00535	0.00746	0.00984	0.02268	0.79041	0.09670	0.01181	0.00486	0.00153	0.00220	0.01065	0.00356	0.00313
28	0.00507	0.00358	0.00480	0.00566	0.00605	0.00341	0.00411	0.00601	0.00769	0.01029	0.02070	0.65955	0.02419	0.01149	0.00492	0.00158	0.00250	0.18625	0.02893	0.00322
29	0.00850	0.00755	0.06852	0.00766	0.00954	0.00696	0.07493	0.27321	0.01098	0.01474	0.01547	0.37831	0.05099	0.04769	0.00509	0.00147	0.00353	0.00700	0.00332	0.00454
30	0.00780	0.05666	0.80953	0.01074	0.01630	0.00918	0.01384	0.01211	0.00808	0.01201	0.00681	0.00801	0.00486	0.00363	0.00359	0.00120	0.00560	0.00280	0.00162	0.00563
31	0.00492	0.00372	0.00458	0.00511	0.00573	0.00346	0.00359	0.00616	0.03894	0.01061	0.08384	0.55134	0.21609	0.01087	0.00476	0.00147	0.00220	0.03569	0.00362	0.00330
32	0.03860	0.06712	0.76973	0.01048	0.01590	0.00925	0.01339	0.01208	0.00802	0.01214	0.00674	0.00792	0.00484	0.00362	0.00353	0.00119	0.00548	0.00276	0.00165	0.00557
33	0.01062	0.00776	0.00798	0.00681	0.00891	0.06876	0.00551	0.30452	0.01250	0.11108	0.02961	0.02177	0.24716	0.00676	0.00414	0.00125	0.00345	0.09905	0.03742	0.00494
34	0.00462	0.00386	0.00403	0.00404	0.00525	0.00327	0.00301	0.00566	0.00888	0.01082	0.11594	0.07197	0.72622	0.00963	0.00455	0.00130	0.00194	0.00810	0.00362	0.00327
35	0.00972	0.33230	0.38449	0.00930	0.03625	0.04532	0.01014	0.08701	0.00906	0.02350	0.00660	0.00753	0.00514	0.00361	0.00321	0.00104	0.00490	0.00261	0.00190	0.01634
36	0.00928	0.10391	0.17175	0.04434	0.34143	0.00938	0.10562	0.03517	0.00890	0.04818	0.04776	0.02612	0.00761	0.00396	0.00393	0.00116	0.02023	0.00362	0.00213	0.00553
37	0.00466	0.00359	0.00427	0.00476	0.00544	0.00320	0.00333	0.00550	0.00804	0.01023	0.05669	0.49203	0.35305	0.01093	0.00474	0.00144	0.00211	0.01922	0.00358	0.00319
38	0.04833	0.00666	0.02155	0.00608	0.02033	0.00557	0.00483	0.05141	0.03637	0.07407	0.17259	0.01342	0.03535	0.00437	0.00338	0.00086	0.00280	0.00361	0.00299	0.48544
39	0.02441	0.08369	0.11889	0.04074	0.18360	0.02679	0.24996	0.03514	0.00876	0.01236	0.00708	0.00889	0.00560	0.00333	0.00366	0.00106	0.00492	0.00329	0.00199	0.17585
40	0.00574	0.00427	0.00561	0.00585	0.02955	0.00466	0.00385	0.00630	0.00611	0.00844	0.01244	0.15763	0.01387	0.44069	0.20684	0.00369	0.07322	0.00587	0.00240	0.00296
41	0.00526	0.00381	0.00497	0.00490	0.00568	0.00351	0.00359	0.00684	0.01014	0.01420	0.66586	0.18456	0.05496	0.00867	0.00459	0.00127	0.00189	0.00770	0.00408	0.00351
42	0.02779	0.80207	0.04826	0.00669	0.01003	0.01461	0.00676	0.01166	0.00785	0.02768	0.00560	0.00637	0.00500	0.00333	0.00253	0.00085	0.00411	0.00212	0.00172	0.00497
43	0.00862	0.08742	0.47833	0.01213	0.15564	0.02250	0.02912	0.04703	0.00884	0.02919	0.04958	0.03910	0.00755	0.00414	0.00369	0.00117	0.00496	0.00343	0.00204	0.00550
44	0.02404	0.18483	0.07523	0.00948	0.03077	0.52099	0.00780	0.02291	0.03581	0.01006	0.00621	0.00722	0.00518	0.00394	0.00367	0.00102	0.04163	0.00254	0.00195	0.00473
45	0.01022	0.00915	0.00881	0.00788	0.01004	0.09792	0.00611	0.04214	0.66978	0.03915	0.01526	0.01419	0.04179	0.00521	0.00387	0.00126	0.00344	0.00424	0.00371	0.00582
46	0.00591	0.00410	0.00578	0.00571	0.00631	0.00456	0.00423	0.00695	0.00619	0.03759	0.01087	0.01739	0.01062	0.22784	0.62214	0.00540	0.00846	0.00445	0.00221	0.00327
47	0.07947	0.03734	0.06160	0.02809	0.03515	0.00849	0.13591	0.17522	0.04037	0.26338	0.01008	0.01024	0.00703	0.00406	0.00369	0.00113	0.00413	0.00347	0.00325	0.08789
48	0.00731	0.00688	0.01162	0.83197	0.04996	0.00854	0.01068	0.00985	0.00770	0.00988	0.00683	0.01020	0.00514	0.00382	0.00383	0.00127	0.00510	0.00341	0.00171	0.00431
49	0.00589	0.00412	0.00531	0.00495	0.00596	0.00384	0.00373	0.00792	0.03460	0.04100	0.76790	0.02797	0.05672	0.00772	0.00448	0.00121	0.00189	0.00680	0.00421	0.00377
50	0.05222	0.00387	0.00385	0.00376	0.00479	0.00390	0.00285	0.00937	0.00806	0.04189	0.01223	0.01385	0.00953	0.00443	0.00270	0.00092	0.00190	0.00351	0.81268	0.00370
51	0.00660	0.00625	0.01032	0.02840	0.01062	0.04083	0.23981	0.01973	0.00811	0.01068	0.01587	0.53553	0.01781	0.00877	0.00483	0.00145	0.01928	0.00831	0.00296	0.00385
52	0.00550	0.00412	0.00616	0.00619	0.00688	0.00478	0.00483	0.00688	0.00624	0.00897	0.01055	0.01585	0.00993	0.02825	0.82654	0.00604	0.01008	0.02670	0.00210	0.00343

[dist]
# distance from previous block
# <min> <max>
0	4

[block]
# block no. 6 follows, 71 sequences, length 50
# corresponding to MSA columns:
# 454-496,686-692
name=unknown_G
#
# <colnr> <probs for GDERKNQSTAVLIFYWHMCP>
#	G	D	E	R	K	N	Q	S	T	A	V	L	I	F	Y	W	H	M	C	P
0	0.00624	0.00426	0.00550	0.00504	0.00611	0.00398	0.00383	0.03552	0.01110	0.05089	0.77619	0.02732	0.03404	0.00760	0.00447	0.00120	0.00195	0.00669	0.00423	0.00384
1	0.01121	0.01237	0.00951	0.00789	0.01050	0.40263	0.00609	0.04657	0.02218	0.01146	0.00666	0.00773	0.00551	0.00395	0.01704	0.00091	0.01799	0.00249	0.00221	0.39510
2	0.00488	0.00346	0.00456	0.00524	0.00547	0.00336	0.00348	0.00551	0.00696	0.00935	0.01876	0.65766	0.02218	0.14398	0.08393	0.00231	0.00318	0.00947	0.00323	0.00302
3	0.00470	0.00336	0.00448	0.00532	0.00557	0.00314	0.00356	0.00542	0.00749	0.01003	0.05590	0.82730	0.02582	0.01183	0.00488	0.00154	0.00221	0.01073	0.00359	0.00314
4	0.00975	0.00739	0.03634	0.00681	0.00929	0.00698	0.00557	0.06839	0.29155	0.13496	0.13200	0.03017	0.02994	0.00518	0.00378	0.00111	0.00299	0.01410	0.00361	0.20009
5	0.00739	0.00639	0.00824	0.00662	0.00890	0.02738	0.05055	0.02522	0.00756	0.01117	0.00822	0.01113	0.00730	0.04413	0.28949	0.00266	0.02168	0.00319	0.00219	0.45057
6	0.00795	0.00681	0.00795	0.00568	0.00909	0.00511	0.00454	0.00965	0.00795	0.01249	0.00681	0.00795	0.00568	0.00284	0.00284	0.00057	0.00284	0.00227	0.00227	0.88869
7	0.00954	0.63067	0.25071	0.00778	0.01173	0.01342	0.00869	0.01167	0.00788	0.00989	0.00576	0.00669	0.00490	0.00338	0.00279	0.00093	0.00454	0.00227	0.00163	0.00513
8	0.01117	0.67630	0.01801	0.00731	0.01029	0.20315	0.00675	0.01234	0.00848	0.00910	0.00546	0.00632	0.00492	0.00343	0.00268	0.00086	0.00473	0.00214	0.00172	0.00481
9	0.00756	0.08317	0.14073	0.03878	0.05300	0.02923	0.07879	0.01065	0.09304	0.02262	0.23986	0.05212	0.09357	0.00592	0.00434	0.00122	0.03279	0.00509	0.00292	0.00460
10	0.01094	0.02331	0.03936	0.07815	0.03771	0.08819	0.20563	0.09888	0.10510	0.15358	0.04599	0.05917	0.00964	0.01194	0.00418	0.00125	0.00462	0.01403	0.00301	0.00532
11	0.00563	0.00386	0.00437	0.00435	0.00451	0.00386	0.00258	0.00604	0.02560	0.00812	0.04142	0.02563	0.04981	0.75385	0.02892	0.00347	0.00365	0.01932	0.00249	0.00253
12	0.00469	0.00335	0.00446	0.00533	0.00556	0.00312	0.00356	0.00537	0.00741	0.00989	0.03623	0.84736	0.02556	0.01194	0.00489	0.00155	0.00222	0.01083	0.00357	0.00312
13	0.00861	0.00939	0.05801	0.40378	0.21686	0.06903	0.11088	0.01124	0.02208	0.01093	0.00704	0.00971	0.00551	0.00379	0.00420	0.00124	0.03749	0.00346	0.00183	0.00492
14	0.00959	0.00757	0.00825	0.00734	0.00940	0.00849	0.00572	0.03684	0.64332	0.07233	0.13202	0.01613	0.01490	0.00553	0.00398	0.00128	0.00290	0.00465	0.00400	0.00576
15	0.01592	0.00644	0.00851	0.00665	0.00941	0.00576	0.00545	0.03304	0.04967	0.72025	0.02794	0.01337	0.00999	0.00479	0.00379	0.00117	0.00315	0.00390	0.06453	0.00626
16	0.00766	0.00686	0.00982	0.13070	0.01131	0.00899	0.00738	0.02992	0.00659	0.02439	0.00729	0.01144	0.00683	0.06703	0.21220	0.00280	0.43915	0.00370	0.00192	0.00400
17	0.03158	0.26109	0.06461	0.02259	0.06666	0.01037	0.03598	0.13292	0.09498	0.20506	0.01041	0.01038	0.02865	0.00422	0.00344	0.00109	0.00396	0.00331	0.00300	0.00570
18	0.00463	0.00393	0.00401	0.00405	0.00529	0.00335	0.00301	0.00577	0.02404	0.01043	0.03732	0.08717	0.77436	0.00977	0.00454	0.00131	0.00198	0.00819	0.00357	0.00328
19	0.00548	0.00411	0.00616	0.00616	0.00685	0.00479	0.00479	0.00685	0.00616	0.00890	0.01027	0.01506	0.00959	0.02876	0.85006	0.00616	0.01027	0.00411	0.00205	0.00342
20	0.00725	0.00589	0.00886	0.23399	0.13763	0.00637	0.00718	0.04912	0.00868	0.04003	0.09496	0.27125	0.03809	0.00723	0.00459	0.00136	0.03245	0.03795	0.00287	0.00425
21	0.01078	0.02312	0.06849	0.05103	0.24791	0.00996	0.14704	0.22480	0.10217	0.04459	0.00891	0.01008	0.00673	0.00404	0.00410	0.00120	0.02279	0.00367	0.00269	0.00589
22	0.00723	0.00762	0.06788	0.00876	0.01830	0.03628	0.08097	0.00868	0.00660	0.00946	0.00813	0.01262	0.00767	0.09337	0.33468	0.00350	0.27849	0.00389	0.00191	0.00394
23	0.10066	0.11469	0.05277	0.03615	0.19307	0.17341	0.02476	0.16949	0.01040	0.02667	0.00690	0.00816	0.00550	0.00399	0.00399	0.00112	0.05770	0.00294	0.00231	0.00531
24	0.00865	0.01010	0.08608	0.19635	0.19896	0.00925	0.41012	0.01163	0.00861	0.01179	0.00737	0.00995	0.00564	0.00343	0.00415	0.00125	0.00570	0.00391	0.00185	0.00521
25	0.00536	0.00393	0.00522	0.00550	0.00576	0.00419	0.00381	0.00597	0.00651	0.00890	0.01534	0.38288	0.02693	0.23229	0.19192	0.02334	0.05900	0.00739	0.00276	0.00302
26	0.01040	0.00789	0.00873	0.00728	0.00988	0.00826	0.00576	0.07263	0.49901	0.11037	0.01314	0.01239	0.00974	0.00458	0.00365	0.00111	0.00310	0.00376	0.00363	0.20471
27	0.00875	0.05404	0.34023	0.02447	0.03673	0.00964	0.40037	0.04676	0.00896	0.01253	0.00749	0.01870	0.00565	0.00356	0.00404	0.00123	0.00584	0.00374	0.00190	0.00539
28	0.01697	0.00690	0.00913	0.00700	0.00997	0.00619	0.00578	0.08986	0.01159	0.77194	0.01461	0.01271	0.00923	0.00473	0.00385	0.00118	0.00335	0.00382	0.00467	0.00652
29	0.00505	0.00379	0.00477	0.00538	0.00610	0.00351	0.00408	0.00612	0.00820	0.01050	0.04087	0.39408	0.25490	0.01090	0.00489	0.00153	0.00249	0.22601	0.00356	0.00327
30	0.00998	0.00693	0.02084	0.00690	0.00887	0.05071	0.04017	0.07105	0.14011	0.19141	0.25916	0.02011	0.05026	0.00618	0.00413	0.00123	0.00313	0.06000	0.04388	0.00495
31	0.00473	0.00348	0.00443	0.00506	0.00552	0.00319	0.00346	0.00556	0.00793	0.01046	0.10960	0.64561	0.15448	0.01121	0.00480	0.00148	0.00214	0.01004	0.00363	0.00319
32	0.01650	0.03572	0.00970	0.00720	0.01016	0.03649	0.00596	0.13217	0.01186	0.67209	0.01365	0.01207	0.00876	0.00465	0.00379	0.00116	0.00355	0.00369	0.00442	0.00640
33	0.00471	0.00389	0.00416	0.00427	0.00544	0.00334	0.00324	0.00577	0.00877	0.01067	0.07839	0.08931	0.68346	0.00983	0.00461	0.00134	0.00207	0.06985	0.00359	0.00327
34	0.00769	0.00727	0.01231	0.69017	0.18877	0.00864	0.01087	0.01019	0.00788	0.01034	0.00689	0.01008	0.00530	0.00375	0.00383	0.00125	0.00500	0.00341	0.00174	0.00462
35	0.00478	0.00344	0.00456	0.00540	0.00571	0.00322	0.00372	0.00555	0.00755	0.01002	0.03589	0.76531	0.05225	0.01177	0.00490	0.00156	0.00230	0.06535	0.00357	0.00316
36	0.24436	0.11627	0.01103	0.00837	0.01053	0.40767	0.03614	0.02667	0.00896	0.01173	0.00582	0.00704	0.00487	0.00435	0.01722	0.00117	0.06881	0.00250	0.00205	0.00445
37	0.01055	0.74875	0.05237	0.00707	0.01031	0.09817	0.00695	0.01189	0.00811	0.00918	0.00545	0.00630	0.00492	0.00336	0.00261	0.00085	0.00444	0.00212	0.00167	0.00490
38	0.00818	0.03397	0.12886	0.09881	0.12890	0.02642	0.00790	0.02367	0.01964	0.07299	0.05227	0.05863	0.07623	0.01730	0.04226	0.00150	0.02015	0.10978	0.00267	0.06991
39	0.03169	0.35937	0.29847	0.00884	0.03855	0.03457	0.00924	0.07199	0.03249	0.05863	0.00708	0.00781	0.00550	0.00366	0.00316	0.00103	0.00461	0.00264	0.00208	0.01860
40	0.06541	0.00383	0.00486	0.00559	0.00611	0.00372	0.00400	0.00640	0.00757	0.02955	0.01981	0.67450	0.02311	0.01108	0.00475	0.00155	0.00247	0.11885	0.00350	0.00332
41	0.00478	0.00395	0.00421	0.00417	0.00539	0.00341	0.00314	0.00605	0.02140	0.01131	0.17508	0.05033	0.66358	0.00938	0.00454	0.00129	0.00196	0.01900	0.00368	0.00335
42	0.00838	0.00899	0.07521	0.34063	0.32858	0.00890	0.08772	0.01898	0.01934	0.01144	0.00735	0.01023	0.00587	0.00418	0.01795	0.00132	0.02599	0.01194	0.00187	0.00515
43	0.01160	0.08004	0.27049	0.01954	0.09444	0.04621	0.04610	0.21424	0.01119	0.14802	0.00882	0.01736	0.00638	0.00408	0.00369	0.00115	0.00474	0.00329	0.00274	0.00588
44	0.00898	0.55305	0.02856	0.00616	0.00872	0.01122	0.00578	0.01052	0.01705	0.03706	0.20972	0.01252	0.01306	0.00560	0.04015	0.00117	0.00376	0.00345	0.01890	0.00459
45	0.00556	0.00372	0.00425	0.00430	0.00437	0.00372	0.00250	0.00568	0.00578	0.00777	0.01286	0.05875	0.02530	0.77310	0.03982	0.00359	0.00377	0.01543	0.01729	0.00243
46	0.01032	0.25396	0.31874	0.00971	0.04104	0.20774	0.02268	0.01294	0.02532	0.03364	0.01758	0.00789	0.00563	0.00375	0.00341	0.00106	0.01483	0.00269	0.00189	0.00517
47	0.04526	0.01792	0.02402	0.00924	0.08420	0.00823	0.04230	0.26614	0.01262	0.39935	0.04306	0.01163	0.00882	0.00456	0.00383	0.00117	0.00379	0.00374	0.00391	0.00620
48	0.01102	0.00717	0.00822	0.00679	0.00933	0.00717	0.00539	0.03723	0.36387	0.22649	0.01401	0.01320	0.03289	0.00468	0.00362	0.00109	0.00298	0.00383	0.05664	0.18439
