[name]
unknown

[dist]
# distance from previous block
# <min> <max>
11	79

[block]
# block no. 0 follows, 67 sequences, length 13
# corresponding to MSA columns:
# 100-112
name=unknown_A
#
# <colnr> <probs for GDERKNQSTAVLIFYWHMCP>
#	G	D	E	R	K	N	Q	S	T	A	V	L	I	F	Y	W	H	M	C	P
0	0.02142	0.00761	0.02316	0.01916	0.03392	0.02065	0.04609	0.22606	0.07333	0.08799	0.02438	0.28829	0.03877	0.02352	0.00468	0.00139	0.00357	0.00644	0.00362	0.04597
1	0.28525	0.00663	0.00694	0.02488	0.00840	0.00728	0.00495	0.03483	0.13335	0.08278	0.05239	0.11348	0.06848	0.05847	0.03809	0.00169	0.04134	0.00489	0.00323	0.02264
2	0.01129	0.13289	0.13116	0.06060	0.09678	0.05297	0.07695	0.07465	0.04444	0.14644	0.02375	0.01036	0.00726	0.00500	0.02201	0.00135	0.09027	0.00352	0.00265	0.00565
3	0.01432	0.01078	0.01152	0.00904	0.01209	0.01201	0.00740	0.68094	0.16008	0.02379	0.01080	0.01056	0.00777	0.00492	0.00402	0.00123	0.00420	0.00377	0.00402	0.00674
4	0.00775	0.00651	0.00866	0.03210	0.07779	0.04558	0.02094	0.05413	0.06811	0.02221	0.01038	0.01426	0.00923	0.04570	0.51994	0.00453	0.04130	0.00414	0.00239	0.00434
5	0.01052	0.00852	0.00963	0.01984	0.01081	0.02473	0.03719	0.13221	0.50214	0.05706	0.04122	0.05306	0.02303	0.00683	0.04317	0.00157	0.00386	0.00478	0.00387	0.00595
6	0.00653	0.00520	0.00737	0.00696	0.00737	0.00637	0.00536	0.00741	0.00632	0.00916	0.02906	0.01572	0.01002	0.14039	0.45593	0.06978	0.20112	0.00434	0.00212	0.00347
7	0.00764	0.00644	0.00865	0.00777	0.00820	0.00809	0.00609	0.04524	0.00701	0.02585	0.01046	0.05027	0.04073	0.18759	0.20026	0.00319	0.36566	0.00469	0.00230	0.00388
8	0.01470	0.01071	0.01151	0.00894	0.01201	0.01184	0.00735	0.71858	0.07791	0.04408	0.01037	0.01028	0.00740	0.00486	0.00398	0.00121	0.00422	0.00369	0.02967	0.00670
9	0.01057	0.04425	0.07730	0.00799	0.02465	0.03739	0.04097	0.11142	0.06994	0.10846	0.06139	0.02078	0.00910	0.00420	0.00360	0.00098	0.00377	0.00345	0.00302	0.35675
10	0.00689	0.09801	0.00741	0.01883	0.03835	0.00564	0.00447	0.00886	0.04844	0.04287	0.32435	0.05700	0.24203	0.02477	0.00462	0.00129	0.00252	0.00651	0.05300	0.00411
11	0.00847	0.00706	0.00855	0.07497	0.01091	0.00579	0.00534	0.01072	0.04641	0.03503	0.00833	0.03982	0.00704	0.00357	0.00321	0.00075	0.00316	0.00295	0.00253	0.71539
12	0.01003	0.09837	0.09542	0.03929	0.09694	0.00909	0.05842	0.09145	0.12365	0.07537	0.03250	0.02897	0.03851	0.00557	0.03426	0.00135	0.02626	0.00390	0.00285	0.12781

[dist]
# distance from previous block
# <min> <max>
1	38

[block]
# block no. 1 follows, 67 sequences, length 32
# corresponding to MSA columns:
# 151-182
name=unknown_B
#
# <colnr> <probs for GDERKNQSTAVLIFYWHMCP>
#	G	D	E	R	K	N	Q	S	T	A	V	L	I	F	Y	W	H	M	C	P
0	0.16880	0.06527	0.07975	0.03684	0.04014	0.09322	0.00722	0.13675	0.11277	0.06657	0.03634	0.01001	0.00767	0.00437	0.00374	0.00115	0.02545	0.00323	0.00291	0.09781
1	0.18411	0.07690	0.08589	0.01864	0.03138	0.02544	0.02173	0.09511	0.17808	0.06021	0.03808	0.02213	0.02334	0.00455	0.00351	0.00116	0.00374	0.00353	0.01360	0.10887
2	0.02643	0.01002	0.15147	0.00856	0.06140	0.02567	0.01983	0.04789	0.00919	0.09713	0.00822	0.00922	0.00633	0.00422	0.02626	0.00103	0.00406	0.00286	0.00255	0.47765
3	0.00639	0.00393	0.00474	0.00466	0.00550	0.00389	0.00346	0.00774	0.00855	0.01302	0.21571	0.02127	0.10216	0.03416	0.13594	0.08000	0.00347	0.00521	0.33672	0.00348
4	0.00678	0.00453	0.00542	0.02067	0.00676	0.00418	0.00406	0.00861	0.03544	0.08270	0.28701	0.03089	0.31271	0.01922	0.00475	0.00136	0.00236	0.07943	0.07917	0.00396
5	0.00505	0.00361	0.00483	0.00570	0.00602	0.00339	0.00394	0.00590	0.00798	0.01066	0.06170	0.75149	0.02681	0.01223	0.00513	0.00163	0.00241	0.07442	0.00375	0.00332
6	0.88738	0.00776	0.00589	0.00527	0.00776	0.00900	0.00434	0.01179	0.00683	0.01799	0.00558	0.00651	0.00434	0.00372	0.00248	0.00124	0.00310	0.00217	0.00248	0.00434
7	0.00555	0.00409	0.00518	0.00491	0.00591	0.00373	0.00368	0.00732	0.01105	0.01535	0.72210	0.03116	0.14812	0.00847	0.00473	0.00127	0.00191	0.00742	0.00432	0.00373
8	0.01072	0.86147	0.02102	0.00686	0.01029	0.01587	0.00686	0.01201	0.00815	0.00944	0.00558	0.00643	0.00515	0.00343	0.00257	0.00086	0.00429	0.00214	0.00172	0.00515
9	0.00804	0.02074	0.83828	0.01143	0.01736	0.00931	0.01482	0.01270	0.00847	0.01270	0.00720	0.00847	0.00508	0.00381	0.00381	0.00127	0.00593	0.00296	0.00169	0.00593
10	0.01799	0.00683	0.00931	0.00714	0.01024	0.00589	0.00589	0.01954	0.01148	0.83682	0.01582	0.01365	0.00993	0.00496	0.00403	0.00124	0.00341	0.00403	0.00496	0.00683
11	0.88738	0.00776	0.00589	0.00527	0.00776	0.00900	0.00434	0.01179	0.00683	0.01799	0.00558	0.00651	0.00434	0.00372	0.00248	0.00124	0.00310	0.00217	0.00248	0.00434
12	0.00757	0.00713	0.01203	0.84942	0.02762	0.00891	0.01114	0.01025	0.00802	0.01025	0.00713	0.01069	0.00535	0.00401	0.00401	0.00134	0.00535	0.00356	0.00178	0.00446
13	0.88738	0.00776	0.00589	0.00527	0.00776	0.00900	0.00434	0.01179	0.00683	0.01799	0.00558	0.00651	0.00434	0.00372	0.00248	0.00124	0.00310	0.00217	0.00248	0.00434
14	0.00832	0.00713	0.00832	0.00594	0.00950	0.00535	0.00475	0.01010	0.00832	0.01307	0.00713	0.00832	0.00594	0.00297	0.00297	0.00059	0.00297	0.00238	0.00238	0.88357
15	0.00645	0.00425	0.00556	0.00514	0.00621	0.00391	0.00389	0.00832	0.01129	0.06485	0.76436	0.02864	0.03554	0.00792	0.00464	0.00125	0.00198	0.00698	0.02485	0.00396
16	0.00500	0.00358	0.00477	0.00564	0.00596	0.00335	0.00387	0.00581	0.00791	0.01053	0.04715	0.76894	0.04150	0.01230	0.00512	0.00163	0.00239	0.05749	0.00374	0.00330
17	0.88738	0.00776	0.00589	0.00527	0.00776	0.00900	0.00434	0.01179	0.00683	0.01799	0.00558	0.00651	0.00434	0.00372	0.00248	0.00124	0.00310	0.00217	0.00248	0.00434
18	0.00871	0.00722	0.00843	0.00605	0.00959	0.00554	0.00485	0.03067	0.00865	0.03182	0.00739	0.00847	0.00605	0.00306	0.00302	0.00062	0.00302	0.00244	0.00248	0.84192
19	0.00636	0.00473	0.00699	0.00755	0.00851	0.00466	0.04416	0.00810	0.00900	0.01177	0.02075	0.16970	0.02282	0.01095	0.00544	0.00179	0.00362	0.64576	0.00362	0.00371
20	0.00580	0.00423	0.00547	0.00514	0.00612	0.00396	0.00386	0.00797	0.03504	0.01610	0.80823	0.02952	0.03710	0.00812	0.00471	0.00126	0.00193	0.00717	0.00441	0.00386
21	0.00573	0.00430	0.00645	0.00645	0.00716	0.00501	0.00501	0.00716	0.00645	0.00931	0.01074	0.01576	0.01003	0.03008	0.84316	0.00645	0.01074	0.00430	0.00215	0.00358
22	0.61887	0.00786	0.00719	0.00603	0.00871	0.00861	0.00497	0.08447	0.00891	0.19946	0.00820	0.00836	0.00579	0.00409	0.00296	0.00124	0.00329	0.00271	0.00316	0.00511
23	0.00749	0.00452	0.00555	0.00522	0.00661	0.00398	0.00398	0.00884	0.01003	0.16144	0.26730	0.13810	0.31687	0.00898	0.00469	0.00136	0.00233	0.03444	0.00415	0.00412
24	0.01304	0.00637	0.00796	0.00652	0.00852	0.00612	0.00499	0.12890	0.01049	0.41138	0.01384	0.03299	0.01123	0.26903	0.04848	0.00230	0.00403	0.00468	0.00389	0.00525
25	0.00575	0.00423	0.00609	0.00609	0.00669	0.00482	0.00457	0.00693	0.00634	0.00905	0.01107	0.01754	0.01080	0.17145	0.70285	0.00601	0.00957	0.00456	0.00220	0.00338
26	0.00717	0.00415	0.00469	0.00480	0.00568	0.00408	0.00349	0.05059	0.00888	0.03705	0.03597	0.30723	0.03876	0.00765	0.00380	0.00122	0.00221	0.00661	0.46216	0.00381
27	0.00860	0.00731	0.00869	0.02469	0.02379	0.02263	0.02641	0.01213	0.16458	0.03261	0.02623	0.10468	0.01011	0.00472	0.00358	0.00094	0.00319	0.00403	0.00292	0.50818
28	0.00803	0.00724	0.07858	0.07788	0.09724	0.00630	0.05479	0.02530	0.03259	0.09074	0.14475	0.19742	0.09162	0.00746	0.00476	0.00139	0.02666	0.03927	0.00330	0.00467
29	0.01173	0.11267	0.13629	0.02440	0.04022	0.03238	0.03202	0.22154	0.08295	0.09894	0.00925	0.00972	0.00687	0.00423	0.00391	0.00111	0.02658	0.00328	0.00297	0.13894
30	0.02663	0.01800	0.00639	0.02569	0.00725	0.00485	0.02434	0.01761	0.00719	0.02554	0.01481	0.27143	0.02675	0.17126	0.31750	0.00377	0.00601	0.01871	0.00279	0.00348
31	0.01116	0.02733	0.14251	0.01217	0.07931	0.02363	0.17040	0.22496	0.02233	0.06570	0.03620	0.01101	0.00762	0.00479	0.00548	0.00133	0.12974	0.01577	0.00276	0.00579

[dist]
# distance from previous block
# <min> <max>
3	20

[block]
# block no. 2 follows, 67 sequences, length 24
# corresponding to MSA columns:
# 297-309,317-327
name=unknown_C
#
# <colnr> <probs for GDERKNQSTAVLIFYWHMCP>
#	G	D	E	R	K	N	Q	S	T	A	V	L	I	F	Y	W	H	M	C	P
0	0.00676	0.00585	0.00819	0.00790	0.02076	0.00722	0.00617	0.00810	0.02200	0.01018	0.03362	0.15035	0.05849	0.01579	0.28101	0.00322	0.29439	0.05358	0.00254	0.00390
1	0.48951	0.02208	0.06084	0.02351	0.03868	0.00984	0.03303	0.04706	0.00774	0.05421	0.00646	0.00789	0.00510	0.00448	0.00499	0.00134	0.17324	0.00280	0.00241	0.00479
2	0.00583	0.00389	0.00437	0.00437	0.00437	0.00389	0.00243	0.00583	0.00583	0.00778	0.01264	0.02624	0.01458	0.85906	0.02041	0.00389	0.00389	0.00583	0.00243	0.00243
3	0.01371	0.49705	0.01609	0.00710	0.01035	0.04272	0.00652	0.01510	0.00957	0.33194	0.00959	0.00928	0.00701	0.00405	0.00318	0.00101	0.00406	0.00290	0.00299	0.00578
4	0.01072	0.86147	0.02102	0.00686	0.01029	0.01587	0.00686	0.01201	0.00815	0.00944	0.00558	0.00643	0.00515	0.00343	0.00257	0.00086	0.00429	0.00214	0.00172	0.00515
5	0.01525	0.01123	0.01204	0.00923	0.01244	0.01244	0.00762	0.82067	0.01886	0.02528	0.00963	0.00963	0.00682	0.00481	0.00401	0.00120	0.00441	0.00361	0.00401	0.00682
6	0.00993	0.00953	0.01628	0.02462	0.83404	0.00953	0.01231	0.01231	0.00913	0.01310	0.00754	0.00993	0.00635	0.00357	0.00397	0.00119	0.00476	0.00357	0.00199	0.00635
7	0.00925	0.00715	0.00964	0.01114	0.21540	0.00739	0.00693	0.01424	0.27046	0.09162	0.28991	0.01865	0.01921	0.00586	0.00427	0.00127	0.00316	0.00517	0.00375	0.00553
8	0.00489	0.00349	0.00465	0.00558	0.00582	0.00326	0.00372	0.00558	0.00768	0.01024	0.02210	0.85644	0.02653	0.01256	0.00512	0.00163	0.00233	0.01140	0.00372	0.00326
9	0.01097	0.02573	0.01052	0.01026	0.10947	0.05114	0.00723	0.08440	0.57604	0.04814	0.01400	0.01333	0.01052	0.00504	0.00401	0.00130	0.00370	0.00418	0.00371	0.00630
10	0.01198	0.23607	0.07399	0.00740	0.01070	0.00942	0.00679	0.04471	0.02678	0.24331	0.00932	0.00954	0.00691	0.00410	0.00396	0.00101	0.05948	0.00299	0.00293	0.22859
11	0.05343	0.07794	0.23423	0.02758	0.01202	0.02201	0.00819	0.04623	0.06440	0.21864	0.04223	0.05452	0.00943	0.02143	0.00408	0.00123	0.00413	0.00386	0.00310	0.09132
12	0.00753	0.00659	0.03798	0.07372	0.15057	0.00631	0.00654	0.03074	0.10877	0.03046	0.33040	0.06060	0.08778	0.03834	0.00500	0.00139	0.00315	0.00594	0.00350	0.00469
13	0.00757	0.00713	0.01203	0.84942	0.02762	0.00891	0.01114	0.01025	0.00802	0.01025	0.00713	0.01069	0.00535	0.00401	0.00401	0.00134	0.00535	0.00356	0.00178	0.00446
14	0.01133	0.02656	0.12523	0.15194	0.03078	0.01001	0.09461	0.29808	0.07031	0.07020	0.02520	0.04947	0.00827	0.00481	0.00410	0.00128	0.00473	0.00412	0.00309	0.00586
15	0.01135	0.07391	0.17237	0.05137	0.06430	0.11421	0.06965	0.15351	0.11490	0.06738	0.00968	0.02783	0.00755	0.00463	0.00415	0.00124	0.02543	0.01801	0.00278	0.00576
16	0.00489	0.00349	0.00465	0.00558	0.00582	0.00326	0.00372	0.00558	0.00768	0.01024	0.02210	0.85644	0.02653	0.01256	0.00512	0.00163	0.00233	0.01140	0.00372	0.00326
17	0.00603	0.00405	0.00526	0.00579	0.00625	0.00395	0.00424	0.00682	0.00763	0.02724	0.01858	0.27980	0.03449	0.26923	0.01026	0.03431	0.00330	0.26631	0.00327	0.00317
18	0.02264	0.04969	0.17093	0.14168	0.18256	0.03745	0.10685	0.10943	0.02614	0.05946	0.00830	0.01005	0.00630	0.00497	0.03529	0.00144	0.01524	0.00355	0.00235	0.00569
19	0.00996	0.02768	0.05737	0.02591	0.17789	0.00844	0.05345	0.08240	0.21485	0.08743	0.04173	0.09872	0.02910	0.00598	0.00427	0.00134	0.00392	0.06057	0.00333	0.00566
20	0.00517	0.00395	0.00475	0.00521	0.00597	0.00362	0.00376	0.00636	0.02584	0.01101	0.07721	0.40338	0.30187	0.04185	0.00554	0.00161	0.00240	0.08337	0.00372	0.00341
21	0.02558	0.05083	0.08736	0.00562	0.00734	0.00584	0.00499	0.05616	0.02848	0.01393	0.03243	0.03420	0.06302	0.00908	0.13356	0.00190	0.00399	0.00420	0.42727	0.00422
22	0.04927	0.07701	0.08515	0.03296	0.02393	0.07784	0.02213	0.20243	0.25970	0.04547	0.04052	0.01158	0.00914	0.00481	0.00403	0.00124	0.02387	0.00374	0.01931	0.00586
23	0.03764	0.15472	0.08163	0.00870	0.03722	0.03548	0.06486	0.07489	0.01835	0.08152	0.00864	0.04288	0.00724	0.00433	0.00405	0.00104	0.05377	0.01831	0.00257	0.26217

[dist]
# distance from previous block
# <min> <max>
0	26

[block]
# block no. 3 follows, 67 sequences, length 22
# corresponding to MSA columns:
# 354-375
name=unknown_D
#
# <colnr> <probs for GDERKNQSTAVLIFYWHMCP>
#	G	D	E	R	K	N	Q	S	T	A	V	L	I	F	Y	W	H	M	C	P
0	0.02332	0.19503	0.15957	0.04480	0.14093	0.04583	0.04744	0.08052	0.10624	0.07730	0.00882	0.00963	0.00674	0.00403	0.00363	0.00115	0.00468	0.00326	0.00254	0.03454
1	0.07204	0.04571	0.02625	0.03909	0.01263	0.28261	0.08650	0.14332	0.04040	0.03700	0.02234	0.00929	0.00656	0.00490	0.00516	0.03824	0.08839	0.00327	0.00254	0.03377
2	0.03123	0.00419	0.00489	0.00496	0.00587	0.00408	0.00366	0.02282	0.02760	0.01408	0.26665	0.22906	0.08079	0.00825	0.00422	0.00128	0.00216	0.02953	0.25094	0.00374
3	0.73590	0.00832	0.04839	0.00621	0.02760	0.00883	0.00519	0.01200	0.00717	0.04835	0.00634	0.00730	0.00486	0.00390	0.00296	0.00125	0.02728	0.00240	0.03123	0.00455
4	0.00660	0.00370	0.00547	0.00547	0.00564	0.00387	0.00379	0.00572	0.00555	0.00758	0.00819	0.01384	0.00813	0.06548	0.21498	0.62280	0.00525	0.00381	0.00188	0.00222
5	0.03023	0.00815	0.00981	0.00760	0.01064	0.03658	0.00625	0.18930	0.01292	0.60845	0.01397	0.01249	0.00902	0.00488	0.00397	0.00122	0.00373	0.00386	0.02028	0.00666
6	0.00792	0.00637	0.00712	0.00649	0.00813	0.00684	0.00499	0.04029	0.38090	0.01628	0.35439	0.02270	0.08255	0.00688	0.00436	0.00130	0.00256	0.00589	0.02902	0.00501
7	0.00979	0.02615	0.03612	0.25569	0.10743	0.00952	0.00873	0.13092	0.25441	0.02858	0.01147	0.01336	0.01852	0.00546	0.02407	0.00143	0.00444	0.03234	0.01595	0.00560
8	0.02847	0.00656	0.00758	0.00653	0.00835	0.00679	0.00512	0.20040	0.10605	0.09370	0.35550	0.07156	0.02206	0.00676	0.00429	0.00126	0.00282	0.00573	0.05542	0.00505
9	0.00535	0.00403	0.00505	0.00566	0.00646	0.00373	0.00436	0.00653	0.00870	0.01112	0.04871	0.33404	0.27356	0.01125	0.00512	0.00160	0.00264	0.25492	0.00373	0.00344
10	0.01377	0.01020	0.01093	0.00870	0.01159	0.01133	0.00708	0.57807	0.20857	0.04486	0.01151	0.01121	0.00832	0.00496	0.00398	0.00123	0.00399	0.00384	0.03927	0.00659
11	0.01384	0.00696	0.00888	0.00662	0.00992	0.00566	0.00540	0.01549	0.01012	0.48333	0.01209	0.01136	0.00822	0.00411	0.00358	0.00096	0.00322	0.00332	0.00385	0.38305
12	0.00904	0.00834	0.01439	0.32679	0.05845	0.03737	0.24650	0.01169	0.02282	0.06629	0.03940	0.04525	0.00857	0.01781	0.00477	0.00137	0.02918	0.01392	0.03317	0.00488
13	0.01201	0.65741	0.04766	0.00716	0.01061	0.01384	0.00701	0.04317	0.00911	0.14847	0.00750	0.00783	0.00601	0.00375	0.00291	0.00095	0.00420	0.00254	0.00234	0.00552
14	0.00477	0.00403	0.00413	0.00417	0.00545	0.00339	0.00310	0.00580	0.00913	0.01095	0.06183	0.08197	0.76715	0.01023	0.00476	0.00137	0.00204	0.00859	0.00374	0.00339
15	0.12348	0.01053	0.01108	0.00861	0.01171	0.01163	0.00711	0.66569	0.03077	0.06576	0.00956	0.00954	0.00676	0.00470	0.00382	0.00121	0.00418	0.00347	0.00387	0.00651
16	0.03033	0.00958	0.01127	0.05893	0.01274	0.03514	0.03559	0.42084	0.03423	0.27250	0.01159	0.01180	0.00808	0.00488	0.00404	0.00124	0.00426	0.02250	0.00401	0.00644
17	0.65314	0.00943	0.00721	0.00636	0.00876	0.13570	0.00512	0.01305	0.00791	0.08864	0.00657	0.00732	0.00499	0.00399	0.00309	0.00122	0.02783	0.00244	0.00262	0.00461
18	0.00656	0.00483	0.00704	0.00771	0.00874	0.00480	0.03384	0.00846	0.00924	0.01203	0.02079	0.04408	0.02251	0.01082	0.00551	0.00183	0.00380	0.78003	0.00364	0.00375
19	0.00599	0.00469	0.00582	0.00632	0.00684	0.03348	0.01599	0.03337	0.00823	0.01081	0.01973	0.60959	0.02299	0.05757	0.02000	0.00182	0.02330	0.10645	0.00350	0.00349
20	0.02446	0.00799	0.01346	0.54451	0.19178	0.00914	0.07217	0.04400	0.00879	0.01191	0.00752	0.01054	0.00578	0.00392	0.00400	0.00129	0.00516	0.00364	0.02495	0.00499
21	0.02133	0.00730	0.00966	0.17562	0.10318	0.02238	0.00697	0.05472	0.04816	0.07034	0.01890	0.01241	0.00807	0.09661	0.06959	0.00174	0.00452	0.00360	0.00258	0.26233

[dist]
# distance from previous block
# <min> <max>
1	8

[block]
# block no. 4 follows, 67 sequences, length 20
# corresponding to MSA columns:
# 384-403
name=unknown_E
#
# <colnr> <probs for GDERKNQSTAVLIFYWHMCP>
#	G	D	E	R	K	N	Q	S	T	A	V	L	I	F	Y	W	H	M	C	P
0	0.04499	0.00876	0.00903	0.00758	0.02740	0.12451	0.02471	0.03749	0.10539	0.13197	0.10163	0.01344	0.02653	0.00469	0.00369	0.00103	0.00370	0.01766	0.01276	0.29305
1	0.03399	0.00483	0.00649	0.00632	0.00735	0.00542	0.00492	0.00880	0.08241	0.02862	0.06739	0.01788	0.06943	0.02361	0.60775	0.00501	0.00846	0.00473	0.00266	0.00393
2	0.01498	0.01911	0.01137	0.01033	0.01240	0.84295	0.00775	0.01601	0.01137	0.00982	0.00620	0.00723	0.00517	0.00413	0.00362	0.00103	0.00723	0.00258	0.00207	0.00465
3	0.00488	0.00351	0.00463	0.00553	0.00580	0.00326	0.00370	0.00559	0.00773	0.01026	0.02277	0.82723	0.05531	0.01248	0.00511	0.00162	0.00232	0.01130	0.00372	0.00326
4	0.01498	0.01911	0.01137	0.01033	0.01240	0.84295	0.00775	0.01601	0.01137	0.00982	0.00620	0.00723	0.00517	0.00413	0.00362	0.00103	0.00723	0.00258	0.00207	0.00465
5	0.01296	0.02192	0.22522	0.08997	0.02877	0.01785	0.02406	0.01583	0.04091	0.41493	0.04003	0.03024	0.00935	0.00478	0.00401	0.00126	0.00432	0.00396	0.00354	0.00608
6	0.00936	0.01061	0.02308	0.01658	0.02053	0.00996	0.79201	0.01269	0.00946	0.01282	0.00856	0.01198	0.00666	0.00364	0.00476	0.00137	0.00666	0.03183	0.00208	0.00535
7	0.01728	0.00797	0.01002	0.00768	0.01081	0.00760	0.00634	0.22790	0.01340	0.62575	0.01421	0.01260	0.00912	0.00492	0.00403	0.00123	0.00367	0.00392	0.00472	0.00682
8	0.00827	0.00783	0.04911	0.04920	0.01160	0.00861	0.09394	0.03253	0.00807	0.03708	0.01155	0.04927	0.01168	0.06938	0.00909	0.00181	0.31656	0.21750	0.00258	0.00435
9	0.01095	0.67588	0.08721	0.00786	0.01140	0.08345	0.02951	0.03518	0.00878	0.01027	0.00594	0.00687	0.00522	0.00356	0.00286	0.00093	0.00474	0.00236	0.00182	0.00522
10	0.01482	0.00697	0.00886	0.00713	0.00980	0.00662	0.00577	0.05595	0.15193	0.54640	0.12626	0.01590	0.01396	0.00548	0.00413	0.00126	0.00321	0.00454	0.00469	0.00633
11	0.00998	0.00862	0.00907	0.00816	0.01043	0.00998	0.00635	0.02131	0.82679	0.01678	0.01632	0.01496	0.01224	0.00544	0.00408	0.00136	0.00317	0.00453	0.00408	0.00635
12	0.00583	0.00437	0.00508	0.00505	0.00621	0.00402	0.00389	0.00761	0.04280	0.02713	0.25875	0.03441	0.37700	0.05446	0.00559	0.00152	0.00240	0.12249	0.02771	0.00368
13	0.05487	0.13949	0.14415	0.00963	0.05658	0.06898	0.06298	0.07505	0.02827	0.16714	0.01094	0.09119	0.00930	0.00529	0.00405	0.00125	0.01923	0.04318	0.00293	0.00549
14	0.00487	0.00354	0.00460	0.00545	0.00578	0.00327	0.00366	0.00560	0.00781	0.01029	0.02377	0.78284	0.09904	0.01235	0.00508	0.00160	0.00230	0.01114	0.00372	0.00327
15	0.00477	0.00403	0.00413	0.00418	0.00545	0.00339	0.00310	0.00579	0.00911	0.01093	0.05935	0.08601	0.76559	0.01025	0.00476	0.00137	0.00205	0.00860	0.00374	0.00339
16	0.00897	0.05727	0.03470	0.33590	0.19077	0.02598	0.21404	0.01182	0.02698	0.01162	0.00749	0.01023	0.00587	0.00387	0.00444	0.00129	0.03785	0.00377	0.00194	0.00520
17	0.36746	0.06293	0.18691	0.02006	0.02955	0.00956	0.08763	0.04337	0.03834	0.06968	0.00759	0.00859	0.00566	0.00398	0.00356	0.00125	0.02729	0.00297	0.01842	0.00520
18	0.00635	0.00434	0.00553	0.00519	0.00627	0.00404	0.00390	0.00844	0.03865	0.05354	0.66484	0.07144	0.07525	0.00820	0.00465	0.00128	0.00204	0.00721	0.02490	0.00396
19	0.00515	0.00381	0.00493	0.00542	0.00599	0.00365	0.00385	0.00613	0.00808	0.01073	0.09958	0.46491	0.15654	0.04866	0.12019	0.00231	0.00350	0.03971	0.00352	0.00336

[dist]
# distance from previous block
# <min> <max>
0	1

[block]
# block no. 5 follows, 67 sequences, length 8
# corresponding to MSA columns:
# 405,431-437
name=unknown_F
#
# <colnr> <probs for GDERKNQSTAVLIFYWHMCP>
#	G	D	E	R	K	N	Q	S	T	A	V	L	I	F	Y	W	H	M	C	P
0	0.01180	0.25604	0.15715	0.02451	0.05813	0.04029	0.08476	0.08832	0.02937	0.16956	0.02237	0.02458	0.00742	0.00424	0.00365	0.00114	0.00470	0.00344	0.00273	0.00579
1	0.00915	0.00915	0.07756	0.31206	0.16776	0.00891	0.11333	0.10103	0.00976	0.03428	0.00960	0.07625	0.00828	0.00491	0.00423	0.00133	0.00501	0.03976	0.00241	0.00523
2	0.68197	0.00835	0.00751	0.03994	0.00953	0.04663	0.03899	0.01177	0.00728	0.01647	0.00589	0.00710	0.00464	0.00378	0.00304	0.00120	0.02843	0.00241	0.00239	0.07267
3	0.00552	0.00413	0.00535	0.00516	0.00613	0.00396	0.00390	0.00716	0.00996	0.01377	0.52464	0.02860	0.17287	0.01300	0.17541	0.00233	0.00372	0.00687	0.00383	0.00367
4	0.01259	0.06611	0.03306	0.05524	0.11897	0.39334	0.08275	0.01468	0.04243	0.08603	0.03563	0.02531	0.00760	0.00435	0.00385	0.00114	0.00579	0.00347	0.00246	0.00520
5	0.00521	0.00387	0.00486	0.00506	0.00582	0.00352	0.00362	0.00650	0.00960	0.01297	0.38824	0.33393	0.18173	0.01016	0.00487	0.00141	0.00208	0.00900	0.00403	0.00352
6	0.03021	0.11428	0.09619	0.09135	0.14475	0.01060	0.06914	0.13644	0.16360	0.04793	0.00957	0.01053	0.00728	0.00432	0.00408	0.00123	0.02868	0.00360	0.02037	0.00585
7	0.00843	0.03896	0.43533	0.03650	0.04823	0.00972	0.03535	0.01147	0.00805	0.03409	0.00953	0.01116	0.06959	0.00512	0.00626	0.00139	0.21992	0.00363	0.00198	0.00530

[dist]
# distance from previous block
# <min> <max>
0	2

[block]
# block no. 6 follows, 67 sequences, length 21
# corresponding to MSA columns:
# 440-459,484
name=unknown_G
#
# <colnr> <probs for GDERKNQSTAVLIFYWHMCP>
#	G	D	E	R	K	N	Q	S	T	A	V	L	I	F	Y	W	H	M	C	P
0	0.00637	0.00428	0.00501	0.00471	0.00600	0.00378	0.00357	0.00786	0.01023	0.07883	0.37576	0.03138	0.37330	0.00855	0.00455	0.00128	0.00207	0.00729	0.06135	0.00385
1	0.00575	0.00422	0.00605	0.00605	0.00663	0.00480	0.00452	0.00691	0.00633	0.00902	0.01110	0.01775	0.01089	0.18783	0.68660	0.00596	0.00944	0.00459	0.00220	0.00336
2	0.00543	0.00409	0.00502	0.00478	0.00584	0.00368	0.00359	0.00709	0.01076	0.01469	0.62133	0.03226	0.24930	0.00872	0.00473	0.00129	0.00193	0.00758	0.00423	0.00368
3	0.01072	0.86147	0.02102	0.00686	0.01029	0.01587	0.00686	0.01201	0.00815	0.00944	0.00558	0.00643	0.00515	0.00343	0.00257	0.00086	0.00429	0.00214	0.00172	0.00515
4	0.01177	0.00812	0.00909	0.00781	0.01034	0.00880	0.00616	0.02036	0.59630	0.20871	0.01576	0.01433	0.01140	0.00521	0.00402	0.00130	0.00322	0.00431	0.00421	0.04878
5	0.00524	0.00393	0.00485	0.00494	0.00580	0.00355	0.00358	0.00660	0.00985	0.01325	0.42309	0.24494	0.23608	0.00982	0.00483	0.00138	0.00204	0.00863	0.00406	0.00355
6	0.88738	0.00776	0.00589	0.00527	0.00776	0.00900	0.00434	0.01179	0.00683	0.01799	0.00558	0.00651	0.00434	0.00372	0.00248	0.00124	0.00310	0.00217	0.00248	0.00434
7	0.00962	0.04193	0.01085	0.00900	0.07930	0.12555	0.06257	0.03140	0.04811	0.01280	0.00941	0.01044	0.05241	0.00380	0.00343	0.00086	0.00403	0.00313	0.00245	0.47892
8	0.01119	0.00748	0.00884	0.00671	0.00996	0.00651	0.00540	0.05311	0.13193	0.20897	0.01068	0.01063	0.00787	0.00390	0.00344	0.00089	0.00317	0.00315	0.00332	0.50285
9	0.02495	0.00969	0.13506	0.00955	0.09030	0.02562	0.02459	0.10252	0.07518	0.24676	0.10675	0.02491	0.05501	0.00525	0.00406	0.00123	0.00388	0.00439	0.00358	0.04673
10	0.01160	0.04571	0.01154	0.00959	0.06238	0.00972	0.07011	0.21770	0.29569	0.09781	0.05254	0.01388	0.04197	0.00510	0.00405	0.00124	0.00382	0.00431	0.00370	0.03753
11	0.00596	0.00452	0.00672	0.00662	0.00726	0.00536	0.00516	0.00721	0.00637	0.00922	0.01025	0.01519	0.00961	0.02801	0.75713	0.04699	0.05856	0.00421	0.00211	0.00354
12	0.00966	0.01168	0.11504	0.01608	0.05912	0.00985	0.63899	0.01326	0.02848	0.04442	0.00847	0.01071	0.00627	0.00355	0.00455	0.00133	0.00636	0.00444	0.00215	0.00559
13	0.01325	0.03531	0.02548	0.10893	0.25737	0.02230	0.03652	0.06580	0.01058	0.34710	0.01123	0.01218	0.00802	0.00444	0.00401	0.00124	0.00435	0.02237	0.00333	0.00619
14	0.00878	0.02696	0.03331	0.11926	0.53437	0.00855	0.01049	0.01089	0.00842	0.01184	0.00849	0.04344	0.00761	0.03394	0.09449	0.02236	0.00534	0.00397	0.00204	0.00544
15	0.00489	0.00349	0.00465	0.00558	0.00582	0.00326	0.00372	0.00558	0.00768	0.01024	0.02210	0.85644	0.02653	0.01256	0.00512	0.00163	0.00233	0.01140	0.00372	0.00326
16	0.01053	0.01429	0.33444	0.01229	0.04887	0.01001	0.20060	0.20094	0.04933	0.04730	0.00906	0.02805	0.00675	0.00424	0.00413	0.00128	0.00542	0.00385	0.00260	0.00603
17	0.05548	0.01970	0.04050	0.26436	0.11078	0.01001	0.08892	0.22338	0.03565	0.07836	0.00872	0.01031	0.00641	0.00427	0.00420	0.00128	0.02561	0.00365	0.00275	0.00567
18	0.00671	0.00570	0.00802	0.14325	0.02020	0.00615	0.04399	0.02701	0.02569	0.02339	0.13641	0.13601	0.22789	0.05875	0.01565	0.00162	0.09982	0.00664	0.00312	0.00398
19	0.00588	0.00387	0.00441	0.00441	0.00441	0.00387	0.00247	0.00581	0.00581	0.00775	0.01242	0.02571	0.01429	0.82664	0.02023	0.03762	0.00387	0.00574	0.00240	0.00240
20	0.00829	0.00713	0.00846	0.03819	0.01020	0.00548	0.00500	0.01010	0.00830	0.01296	0.00713	0.00841	0.00592	0.00301	0.00301	0.00062	0.00306	0.00242	0.00235	0.84996

[dist]
# distance from previous block
# <min> <max>
0	3

[block]
# block no. 7 follows, 67 sequences, length 37
# corresponding to MSA columns:
# 488-493,495-525
name=unknown_H
#
# <colnr> <probs for GDERKNQSTAVLIFYWHMCP>
#	G	D	E	R	K	N	Q	S	T	A	V	L	I	F	Y	W	H	M	C	P
0	0.19529	0.01018	0.05704	0.00861	0.01124	0.06843	0.05227	0.11850	0.27341	0.08620	0.01068	0.01081	0.00794	0.00478	0.00439	0.00131	0.06640	0.00359	0.00325	0.00569
1	0.00764	0.00489	0.00588	0.00542	0.00694	0.00446	0.01858	0.02440	0.05223	0.14213	0.12845	0.15172	0.37395	0.00874	0.00455	0.00134	0.00246	0.00747	0.04453	0.00423
2	0.02495	0.07640	0.04806	0.05908	0.49281	0.05352	0.02725	0.06082	0.04243	0.05461	0.00832	0.01939	0.00673	0.00394	0.00385	0.00119	0.00477	0.00354	0.00233	0.00602
3	0.00541	0.00399	0.00446	0.00440	0.00510	0.00367	0.00295	0.00612	0.00813	0.01050	0.17751	0.03137	0.33300	0.35348	0.01133	0.02243	0.00279	0.00706	0.00329	0.00304
4	0.00966	0.00831	0.00879	0.00793	0.01012	0.00955	0.00616	0.02035	0.77223	0.01660	0.05099	0.01618	0.03389	0.00567	0.00412	0.00136	0.00309	0.00475	0.00409	0.00617
5	0.00568	0.00410	0.00536	0.00505	0.00599	0.00378	0.00378	0.00757	0.01135	0.01608	0.83192	0.02996	0.03784	0.00820	0.00473	0.00126	0.00189	0.00725	0.00441	0.00378
6	0.01420	0.00844	0.06187	0.02440	0.01104	0.00776	0.00671	0.07646	0.25213	0.43750	0.01470	0.01341	0.01000	0.00499	0.00399	0.00127	0.00355	0.00406	0.03704	0.00647
7	0.01099	0.01025	0.01464	0.01996	0.59262	0.07205	0.01073	0.10421	0.04832	0.02995	0.00822	0.00993	0.00664	0.00384	0.00391	0.00117	0.00474	0.00351	0.00239	0.04192
8	0.00993	0.00953	0.01628	0.02462	0.83404	0.00953	0.01231	0.01231	0.00913	0.01310	0.00754	0.00993	0.00635	0.00357	0.00397	0.00119	0.00476	0.00357	0.00199	0.00635
9	0.01799	0.00683	0.00931	0.00714	0.01024	0.00589	0.00589	0.01954	0.01148	0.83682	0.01582	0.01365	0.00993	0.00496	0.00403	0.00124	0.00341	0.00403	0.00496	0.00683
10	0.01072	0.86147	0.02102	0.00686	0.01029	0.01587	0.00686	0.01201	0.00815	0.00944	0.00558	0.00643	0.00515	0.00343	0.00257	0.00086	0.00429	0.00214	0.00172	0.00515
11	0.01537	0.03213	0.01203	0.00899	0.01220	0.01196	0.00746	0.73201	0.01796	0.09420	0.01006	0.00989	0.00704	0.00479	0.00398	0.00120	0.00432	0.00361	0.00404	0.00678
12	0.00556	0.00448	0.00599	0.00752	0.10548	0.00419	0.00463	0.00678	0.02588	0.01088	0.02517	0.51831	0.23873	0.01069	0.00486	0.00150	0.00256	0.00953	0.00352	0.00373
13	0.00576	0.00416	0.00577	0.00577	0.00626	0.00465	0.00417	0.00673	0.00625	0.00881	0.01136	0.01916	0.01151	0.29932	0.57595	0.00561	0.00852	0.00480	0.00224	0.00321
14	0.00882	0.00703	0.00899	0.00867	0.14086	0.00581	0.00573	0.01070	0.00858	0.04443	0.00835	0.00970	0.00676	0.00338	0.00315	0.00076	0.00312	0.00282	0.12432	0.58800
15	0.00598	0.00420	0.00445	0.00433	0.00556	0.00384	0.00329	0.03172	0.00957	0.01321	0.15051	0.03002	0.44834	0.00821	0.00420	0.00123	0.00207	0.01999	0.24565	0.00365
16	0.00568	0.00410	0.00536	0.00505	0.00599	0.00378	0.00378	0.00757	0.01135	0.01608	0.83192	0.02996	0.03784	0.00820	0.00473	0.00126	0.00189	0.00725	0.00441	0.00378
17	0.20481	0.01048	0.01070	0.00837	0.01142	0.01169	0.00691	0.64485	0.01624	0.02369	0.00875	0.00895	0.00628	0.00458	0.00368	0.00121	0.00413	0.00330	0.00368	0.00628
18	0.01451	0.00641	0.00842	0.00680	0.00934	0.00584	0.00548	0.01710	0.09429	0.57665	0.17216	0.03703	0.01590	0.00581	0.00420	0.00127	0.00307	0.00488	0.00474	0.00611
19	0.01799	0.00683	0.00931	0.00714	0.01024	0.00589	0.00589	0.01954	0.01148	0.83682	0.01582	0.01365	0.00993	0.00496	0.00403	0.00124	0.00341	0.00403	0.00496	0.00683
20	0.01525	0.01123	0.01204	0.00923	0.01244	0.01244	0.00762	0.82067	0.01886	0.02528	0.00963	0.00963	0.00682	0.00481	0.00401	0.00120	0.00441	0.00361	0.00401	0.00682
21	0.00546	0.00409	0.00506	0.00482	0.00586	0.00369	0.00361	0.00714	0.01084	0.01486	0.64705	0.03198	0.22348	0.00866	0.00473	0.00128	0.00192	0.00754	0.00425	0.00369
22	0.00884	0.00450	0.00551	0.00499	0.00635	0.00420	0.00387	0.01065	0.01014	0.17663	0.32294	0.02112	0.02093	0.00622	0.00384	0.00114	0.00223	0.02517	0.35636	0.00436
23	0.01799	0.00683	0.00931	0.00714	0.01024	0.00589	0.00589	0.01954	0.01148	0.83682	0.01582	0.01365	0.00993	0.00496	0.00403	0.00124	0.00341	0.00403	0.00496	0.00683
24	0.00993	0.00953	0.01628	0.02462	0.83404	0.00953	0.01231	0.01231	0.00913	0.01310	0.00754	0.00993	0.00635	0.00357	0.00397	0.00119	0.00476	0.00357	0.00199	0.00635
25	0.00568	0.00410	0.00536	0.00505	0.00599	0.00378	0.00378	0.00757	0.01135	0.01608	0.83192	0.02996	0.03784	0.00820	0.00473	0.00126	0.00189	0.00725	0.00441	0.00378
26	0.01011	0.00868	0.00915	0.00819	0.01048	0.01004	0.00638	0.04204	0.80584	0.01700	0.01615	0.01482	0.01210	0.00542	0.00408	0.00136	0.00321	0.00451	0.00408	0.00636
27	0.00757	0.00713	0.01203	0.84942	0.02762	0.00891	0.01114	0.01025	0.00802	0.01025	0.00713	0.01069	0.00535	0.00401	0.00401	0.00134	0.00535	0.00356	0.00178	0.00446
28	0.01072	0.86147	0.02102	0.00686	0.01029	0.01587	0.00686	0.01201	0.00815	0.00944	0.00558	0.00643	0.00515	0.00343	0.00257	0.00086	0.00429	0.00214	0.00172	0.00515
29	0.01070	0.00574	0.00778	0.06343	0.00955	0.00547	0.02206	0.02615	0.02343	0.32557	0.14609	0.08221	0.13761	0.05495	0.02210	0.00157	0.02345	0.02320	0.00400	0.00495
30	0.01133	0.02552	0.00796	0.00667	0.00854	0.09069	0.02440	0.05579	0.02528	0.27025	0.03050	0.14024	0.08578	0.04506	0.02178	0.02046	0.00361	0.00542	0.11584	0.00487
31	0.00508	0.00376	0.00467	0.00513	0.00578	0.00342	0.00361	0.00611	0.00876	0.01162	0.18367	0.48649	0.20812	0.01102	0.00492	0.00149	0.00219	0.02133	0.01945	0.00340
32	0.02257	0.10862	0.52401	0.03261	0.06105	0.03129	0.05465	0.03779	0.00872	0.01251	0.00698	0.00850	0.00527	0.00400	0.00438	0.00125	0.06525	0.00305	0.00183	0.00567
33	0.12270	0.02920	0.04762	0.00747	0.03044	0.05873	0.03877	0.07609	0.03637	0.10863	0.19344	0.03788	0.03547	0.04246	0.03297	0.03540	0.01850	0.00466	0.03849	0.00469
34	0.00705	0.00443	0.00603	0.00598	0.00666	0.00447	0.02179	0.06432	0.00794	0.03067	0.02593	0.30109	0.01533	0.01291	0.09310	0.25928	0.00379	0.03566	0.09027	0.00330
35	0.02422	0.02607	0.01995	0.10159	0.12064	0.07945	0.02383	0.02348	0.03498	0.03813	0.06805	0.03002	0.03714	0.04575	0.20341	0.02022	0.04212	0.01945	0.01614	0.02538
36	0.02479	0.07378	0.20826	0.07957	0.06498	0.01713	0.02788	0.04322	0.01730	0.03778	0.01005	0.03167	0.03897	0.13644	0.05588	0.03762	0.05119	0.00403	0.00226	0.03721

[dist]
# distance from previous block
# <min> <max>
1	47

[block]
# block no. 8 follows, 67 sequences, length 28
# corresponding to MSA columns:
# 576-602,609
name=unknown_I
#
# <colnr> <probs for GDERKNQSTAVLIFYWHMCP>
#	G	D	E	R	K	N	Q	S	T	A	V	L	I	F	Y	W	H	M	C	P
0	0.07121	0.04477	0.13176	0.00874	0.06112	0.09911	0.00737	0.09322	0.07402	0.13698	0.08284	0.01458	0.09329	0.00520	0.00385	0.00119	0.00406	0.00413	0.01837	0.04419
1	0.00609	0.00398	0.00533	0.04033	0.00658	0.00397	0.00393	0.00645	0.04147	0.00930	0.03378	0.29878	0.08209	0.09730	0.01033	0.31818	0.00305	0.02340	0.00283	0.00284
2	0.88738	0.00776	0.00589	0.00527	0.00776	0.00900	0.00434	0.01179	0.00683	0.01799	0.00558	0.00651	0.00434	0.00372	0.00248	0.00124	0.00310	0.00217	0.00248	0.00434
3	0.01525	0.01123	0.01204	0.00923	0.01244	0.01244	0.00762	0.82067	0.01886	0.02528	0.00963	0.00963	0.00682	0.00481	0.00401	0.00120	0.00441	0.00361	0.00401	0.00682
4	0.88738	0.00776	0.00589	0.00527	0.00776	0.00900	0.00434	0.01179	0.00683	0.01799	0.00558	0.00651	0.00434	0.00372	0.00248	0.00124	0.00310	0.00217	0.00248	0.00434
5	0.00573	0.00430	0.00645	0.00645	0.00716	0.00501	0.00501	0.00716	0.00645	0.00931	0.01074	0.01576	0.01003	0.03008	0.84316	0.00645	0.01074	0.00430	0.00215	0.00358
6	0.00856	0.00727	0.00845	0.00606	0.00961	0.00559	0.00485	0.03847	0.00869	0.01350	0.00722	0.00836	0.00597	0.00303	0.00301	0.00062	0.00302	0.00242	0.00243	0.85288
7	0.14461	0.01052	0.01100	0.00855	0.01164	0.01163	0.00706	0.66396	0.01673	0.06152	0.00931	0.00935	0.00660	0.00466	0.00379	0.00121	0.00417	0.00342	0.00383	0.00645
8	0.01072	0.86147	0.02102	0.00686	0.01029	0.01587	0.00686	0.01201	0.00815	0.00944	0.00558	0.00643	0.00515	0.00343	0.00257	0.00086	0.00429	0.00214	0.00172	0.00515
9	0.06227	0.00809	0.04434	0.00696	0.01043	0.00656	0.02541	0.07879	0.00991	0.21866	0.00943	0.00971	0.00688	0.00370	0.00337	0.00089	0.00342	0.00296	0.00312	0.48510
10	0.01060	0.01140	0.01376	0.25620	0.38482	0.23157	0.01076	0.01271	0.00941	0.01141	0.00707	0.00943	0.00575	0.00385	0.00389	0.00119	0.00559	0.00331	0.00195	0.00536
11	0.00962	0.00741	0.00779	0.00704	0.00900	0.00837	0.00547	0.04128	0.57899	0.03083	0.01529	0.01478	0.01154	0.00522	0.00375	0.00124	0.00288	0.00429	0.22950	0.00570
12	0.00882	0.00758	0.01034	0.01028	0.13282	0.02051	0.08370	0.11099	0.17929	0.01626	0.31343	0.01962	0.05686	0.00610	0.00438	0.00127	0.00344	0.00544	0.00364	0.00522
13	0.07914	0.00896	0.05784	0.02482	0.11830	0.02594	0.03743	0.10768	0.07947	0.35438	0.04367	0.01270	0.02187	0.00476	0.00395	0.00125	0.00396	0.00394	0.00376	0.00618
14	0.00688	0.00354	0.00531	0.00531	0.00536	0.00359	0.00359	0.00536	0.00531	0.00713	0.00723	0.01244	0.00718	0.01508	0.07426	0.82123	0.00400	0.00354	0.00177	0.00187
15	0.00501	0.00361	0.00477	0.00566	0.00600	0.00337	0.00391	0.00581	0.00787	0.01041	0.02284	0.75526	0.06140	0.01234	0.00514	0.00163	0.00242	0.07552	0.00372	0.00330
16	0.01030	0.00984	0.03706	0.21644	0.41219	0.07439	0.02545	0.02805	0.02335	0.06879	0.00798	0.01015	0.00628	0.00405	0.00444	0.00125	0.04856	0.00354	0.00220	0.00568
17	0.08989	0.05348	0.11513	0.18429	0.07794	0.11742	0.06441	0.13710	0.01061	0.07028	0.03675	0.01005	0.00699	0.00421	0.00380	0.00122	0.00507	0.00342	0.00255	0.00540
18	0.01352	0.04126	0.09074	0.00998	0.01254	0.45849	0.02570	0.11540	0.04423	0.06353	0.00777	0.00863	0.00604	0.00448	0.00442	0.00116	0.06913	0.00303	0.01471	0.00524
19	0.00649	0.00565	0.03135	0.03858	0.00971	0.00517	0.10977	0.00841	0.00935	0.01260	0.19327	0.10816	0.08438	0.04034	0.00554	0.00162	0.00353	0.29743	0.02472	0.00391
20	0.01011	0.40388	0.08017	0.04106	0.07161	0.05419	0.00827	0.03649	0.06580	0.01126	0.03009	0.00945	0.00704	0.00453	0.00478	0.00115	0.13544	0.01738	0.00210	0.00520
21	0.00928	0.06464	0.01101	0.02185	0.09448	0.00731	0.04498	0.05586	0.03549	0.02696	0.00769	0.00889	0.00624	0.00331	0.00326	0.00079	0.00355	0.00278	0.00245	0.58918
22	0.00569	0.00429	0.00528	0.00537	0.00621	0.00411	0.00387	0.00787	0.08121	0.01342	0.38468	0.29901	0.12048	0.03333	0.00524	0.00147	0.00222	0.00846	0.00403	0.00375
23	0.00589	0.00392	0.00451	0.00456	0.00461	0.00392	0.00268	0.00596	0.00601	0.00800	0.01300	0.02701	0.01489	0.79280	0.01947	0.02297	0.00387	0.05095	0.00249	0.00249
24	0.86020	0.00773	0.00600	0.00533	0.00783	0.00890	0.00439	0.01203	0.00697	0.04360	0.00590	0.00674	0.00452	0.00376	0.00253	0.00124	0.00311	0.00223	0.00256	0.00442
25	0.00662	0.00361	0.00507	0.00509	0.00512	0.00363	0.00331	0.00544	0.00546	0.00731	0.00868	0.03291	0.00918	0.20187	0.04911	0.63560	0.00383	0.00420	0.00195	0.00200
26	0.30994	0.07007	0.02692	0.00703	0.05787	0.00789	0.00546	0.04599	0.00832	0.01512	0.00724	0.00876	0.00594	0.00364	0.00293	0.00095	0.00329	0.01586	0.05932	0.33746
27	0.07814	0.00953	0.01041	0.02337	0.05181	0.13855	0.07415	0.12073	0.03421	0.05376	0.02766	0.04321	0.02219	0.04250	0.03859	0.00143	0.02336	0.00381	0.01809	0.18449

[dist]
# distance from previous block
# <min> <max>
0	1

[block]
# block no. 9 follows, 67 sequences, length 14
# corresponding to MSA columns:
# 611-624
name=unknown_J
#
# <colnr> <probs for GDERKNQSTAVLIFYWHMCP>
#	G	D	E	R	K	N	Q	S	T	A	V	L	I	F	Y	W	H	M	C	P
0	0.00645	0.00864	0.22714	0.00693	0.00921	0.00537	0.00686	0.00879	0.02561	0.03077	0.15279	0.14305	0.19767	0.05885	0.00553	0.00156	0.00343	0.09386	0.00325	0.00422
1	0.00797	0.00473	0.00574	0.00533	0.00668	0.00453	0.00415	0.01044	0.07014	0.11974	0.35894	0.02500	0.08218	0.00711	0.00420	0.00124	0.00232	0.06466	0.21059	0.00431
2	0.00757	0.00713	0.01203	0.84942	0.02762	0.00891	0.01114	0.01025	0.00802	0.01025	0.00713	0.01069	0.00535	0.00401	0.00401	0.00134	0.00535	0.00356	0.00178	0.00446
3	0.00582	0.00393	0.00457	0.00457	0.00464	0.00399	0.00267	0.00596	0.00589	0.00792	0.01246	0.02526	0.01415	0.78135	0.09753	0.00413	0.00453	0.00569	0.00240	0.00254
4	0.01525	0.01123	0.01204	0.00923	0.01244	0.01244	0.00762	0.82067	0.01886	0.02528	0.00963	0.00963	0.00682	0.00481	0.00401	0.00120	0.00441	0.00361	0.00401	0.00682
5	0.00697	0.00348	0.00522	0.00522	0.00522	0.00348	0.00348	0.00522	0.00522	0.00697	0.00697	0.01219	0.00697	0.01393	0.01567	0.88332	0.00348	0.00348	0.00174	0.00174
6	0.21122	0.00911	0.01428	0.04729	0.09469	0.00928	0.27531	0.08034	0.06222	0.14370	0.00929	0.01036	0.00674	0.00400	0.00391	0.00128	0.00473	0.00377	0.00287	0.00562
7	0.00983	0.00849	0.00900	0.00797	0.01035	0.00958	0.00621	0.02036	0.75758	0.01646	0.01555	0.01440	0.01171	0.00523	0.00399	0.00130	0.00316	0.00435	0.00394	0.08053
8	0.01138	0.00580	0.00714	0.00598	0.00801	0.00542	0.00475	0.08084	0.03369	0.32566	0.22990	0.02065	0.11240	0.00637	0.00413	0.00122	0.00273	0.00532	0.12340	0.00520
9	0.01036	0.03195	0.03172	0.09264	0.53676	0.00978	0.07457	0.07221	0.04419	0.04462	0.00833	0.01027	0.00660	0.00382	0.00400	0.00122	0.00484	0.00367	0.00231	0.00613
10	0.00991	0.34259	0.09720	0.00843	0.01148	0.07149	0.06694	0.01426	0.21478	0.01264	0.10255	0.01183	0.01071	0.00456	0.00355	0.00112	0.00429	0.00363	0.00266	0.00536
11	0.00790	0.00512	0.00677	0.06838	0.00906	0.00509	0.00545	0.07612	0.00965	0.11081	0.04575	0.35834	0.06934	0.00975	0.00488	0.00155	0.00314	0.19493	0.00377	0.00419
12	0.00506	0.00368	0.00480	0.00562	0.00604	0.00342	0.00395	0.00593	0.00807	0.01063	0.04452	0.67430	0.10192	0.01207	0.00512	0.00162	0.00243	0.09376	0.00374	0.00333
13	0.00856	0.19138	0.40677	0.00975	0.05352	0.00948	0.01042	0.01183	0.03021	0.03704	0.06830	0.04902	0.02836	0.00515	0.00384	0.00124	0.00469	0.06275	0.00234	0.00534

[dist]
# distance from previous block
# <min> <max>
1	48

[block]
# block no. 10 follows, 67 sequences, length 10
# corresponding to MSA columns:
# 673-682
name=unknown_K
#
# <colnr> <probs for GDERKNQSTAVLIFYWHMCP>
#	G	D	E	R	K	N	Q	S	T	A	V	L	I	F	Y	W	H	M	C	P
0	0.38185	0.02864	0.00835	0.00656	0.00937	0.00821	0.00543	0.10242	0.03261	0.30955	0.01037	0.01055	0.00732	0.00445	0.00333	0.00122	0.00339	0.02083	0.00358	0.04197
1	0.00799	0.00599	0.03505	0.02865	0.02055	0.00570	0.00532	0.01000	0.03939	0.11263	0.29238	0.05213	0.13332	0.00747	0.01794	0.00137	0.10254	0.00579	0.05987	0.05592
2	0.04444	0.01124	0.18303	0.11264	0.19003	0.03076	0.07726	0.04887	0.00936	0.09220	0.03584	0.01041	0.00717	0.00417	0.00440	0.00123	0.05247	0.00353	0.00240	0.07857
3	0.00633	0.00455	0.00540	0.00503	0.00622	0.00426	0.00378	0.04121	0.03250	0.03537	0.48896	0.02979	0.23453	0.04615	0.00530	0.00139	0.00219	0.00707	0.03609	0.00389
4	0.00907	0.24080	0.23667	0.02898	0.13107	0.01040	0.04798	0.04784	0.04494	0.01287	0.10337	0.01249	0.04800	0.00457	0.00372	0.00116	0.00452	0.00377	0.00237	0.00542
5	0.00681	0.00359	0.00538	0.00538	0.00547	0.00368	0.00368	0.00547	0.00538	0.00726	0.00744	0.01264	0.00735	0.01598	0.12036	0.77238	0.00440	0.00359	0.00179	0.00197
6	0.00891	0.03226	0.25383	0.00794	0.01168	0.04443	0.00805	0.05810	0.02327	0.04324	0.02505	0.01304	0.09585	0.00460	0.00380	0.00103	0.01818	0.02025	0.00256	0.32393
7	0.01032	0.40800	0.23451	0.00792	0.01165	0.01128	0.00846	0.02813	0.00911	0.11361	0.07269	0.03092	0.02883	0.00450	0.00339	0.00108	0.00433	0.00340	0.00246	0.00540
8	0.00979	0.32821	0.34878	0.01006	0.03297	0.03953	0.08153	0.01267	0.00874	0.04564	0.02704	0.00865	0.00624	0.00378	0.00345	0.00110	0.00516	0.00296	0.00196	0.02173
