[name]
unknown

[dist]
# distance from previous block
# <min> <max>
0	130

[block]
# block no. 0 follows, 81 sequences, length 8
# corresponding to MSA columns:
# 147-154
name=unknown_A
#
# <colnr> <probs for GDERKNQSTAVLIFYWHMCP>
#	G	D	E	R	K	N	Q	S	T	A	V	L	I	F	Y	W	H	M	C	P
0	0.00768	0.07221	0.07923	0.12576	0.09271	0.00808	0.05988	0.02139	0.11146	0.03857	0.00885	0.08206	0.00781	0.00486	0.00500	0.00118	0.17581	0.02651	0.06665	0.00433
1	0.00548	0.00550	0.07439	0.00507	0.00660	0.00451	0.00422	0.00787	0.11962	0.01068	0.12561	0.12111	0.32439	0.05193	0.00472	0.00124	0.02601	0.00587	0.00296	0.09224
2	0.00791	0.00695	0.00917	0.01116	0.31597	0.04113	0.00654	0.01082	0.14529	0.05190	0.04062	0.01405	0.15919	0.00447	0.00342	0.00098	0.00314	0.00387	0.00252	0.16090
3	0.00797	0.00881	0.13832	0.03237	0.05328	0.13862	0.07567	0.00966	0.00833	0.11714	0.01866	0.01842	0.34732	0.00561	0.00368	0.00109	0.00365	0.00469	0.00261	0.00410
4	0.00663	0.00666	0.13861	0.00689	0.07045	0.00503	0.00563	0.00938	0.10019	0.08100	0.37656	0.10696	0.05960	0.00616	0.00383	0.00113	0.00262	0.00538	0.00320	0.00410
5	0.07534	0.00726	0.01102	0.01482	0.50780	0.00739	0.00808	0.07819	0.00821	0.09910	0.00779	0.01006	0.00646	0.06820	0.07409	0.00157	0.00422	0.00322	0.00219	0.00498
6	0.08219	0.00727	0.01166	0.14792	0.57115	0.00759	0.00900	0.00972	0.00726	0.01079	0.00675	0.00985	0.00592	0.09321	0.00478	0.00129	0.00398	0.00318	0.00176	0.00473
7	0.00841	0.00721	0.01030	0.24345	0.21300	0.00828	0.00795	0.15788	0.07993	0.01241	0.00761	0.00945	0.00601	0.00470	0.03331	0.00127	0.10622	0.00318	0.07481	0.00464

[dist]
# distance from previous block
# <min> <max>
0	1

[block]
# block no. 1 follows, 81 sequences, length 49
# corresponding to MSA columns:
# 156-204
name=unknown_B
#
# <colnr> <probs for GDERKNQSTAVLIFYWHMCP>
#	G	D	E	R	K	N	Q	S	T	A	V	L	I	F	Y	W	H	M	C	P
0	0.00938	0.00853	0.00960	0.03218	0.18648	0.10375	0.01658	0.04632	0.44417	0.04945	0.01095	0.01093	0.01790	0.00414	0.00350	0.00109	0.01128	0.00346	0.00285	0.02745
1	0.02310	0.00774	0.01239	0.06139	0.64423	0.01918	0.00941	0.01082	0.04477	0.04696	0.00832	0.01061	0.03220	0.00364	0.00353	0.00106	0.01202	0.03184	0.00199	0.01480
2	0.02929	0.00845	0.09982	0.17331	0.32399	0.00780	0.04575	0.03878	0.06838	0.05634	0.00747	0.01914	0.00587	0.00355	0.00365	0.00106	0.03422	0.00314	0.01082	0.05917
3	0.00509	0.00343	0.00403	0.00394	0.00399	0.00342	0.01470	0.00511	0.00506	0.00675	0.01075	0.02223	0.01235	0.85261	0.01732	0.01665	0.00338	0.00498	0.00208	0.00212
4	0.00907	0.00943	0.02964	0.03785	0.39078	0.19627	0.00809	0.04990	0.03101	0.02171	0.03510	0.01189	0.06966	0.02246	0.00402	0.00110	0.03178	0.03349	0.00211	0.00465
5	0.00652	0.00614	0.01036	0.87029	0.02379	0.00768	0.00959	0.00883	0.00691	0.00883	0.00614	0.00921	0.00461	0.00345	0.00345	0.00115	0.00461	0.00307	0.00154	0.00384
6	0.00696	0.00660	0.00913	0.00797	0.00802	0.00897	0.00646	0.00764	0.00527	0.00804	0.00589	0.01034	0.00609	0.14014	0.08293	0.00212	0.66894	0.00338	0.00163	0.00347
7	0.00794	0.00862	0.01651	0.01269	0.03882	0.00942	0.50562	0.01002	0.00707	0.01004	0.00605	0.00863	0.00498	0.00410	0.00679	0.00129	0.33174	0.00365	0.00166	0.00435
8	0.01313	0.00968	0.01037	0.00795	0.01071	0.01071	0.00657	0.84552	0.01624	0.02177	0.00829	0.00829	0.00587	0.00415	0.00346	0.00104	0.00380	0.00311	0.00346	0.00587
9	0.00920	0.83011	0.01743	0.00592	0.00875	0.03167	0.00582	0.01021	0.00699	0.00806	0.00486	0.00574	0.00449	0.00330	0.00265	0.03340	0.00372	0.00190	0.00149	0.00432
10	0.00672	0.00630	0.01050	0.75555	0.03513	0.00767	0.03925	0.01694	0.04510	0.00933	0.00690	0.02518	0.00540	0.00368	0.00351	0.00116	0.00449	0.01154	0.00170	0.00396
11	0.00497	0.00356	0.00484	0.00483	0.00522	0.00391	0.00343	0.00575	0.00550	0.00773	0.04062	0.01745	0.01100	0.34962	0.51126	0.00455	0.00673	0.00430	0.00201	0.00271
12	0.00824	0.03622	0.01140	0.01409	0.41680	0.01804	0.00835	0.00975	0.00729	0.06228	0.00839	0.05916	0.00795	0.00503	0.00553	0.00122	0.21717	0.09640	0.00206	0.00463
13	0.06770	0.00593	0.00882	0.59555	0.02942	0.00712	0.00778	0.05441	0.01971	0.01078	0.00715	0.00958	0.00543	0.00358	0.00319	0.00108	0.00389	0.00303	0.15199	0.00388
14	0.00476	0.00345	0.00449	0.00439	0.00512	0.00318	0.00323	0.00621	0.00923	0.01293	0.70061	0.15940	0.05463	0.00770	0.00413	0.00114	0.00169	0.00684	0.00369	0.00318
15	0.13325	0.18361	0.01174	0.05738	0.24002	0.00910	0.00699	0.15446	0.00894	0.08735	0.00681	0.00771	0.00529	0.00334	0.00295	0.00095	0.00358	0.00263	0.00226	0.07162
16	0.00849	0.02036	0.37594	0.01856	0.04101	0.00744	0.01573	0.09934	0.09317	0.07196	0.00772	0.00831	0.00566	0.00341	0.00317	0.00096	0.00395	0.00273	0.00222	0.20987
17	0.01349	0.00985	0.00990	0.00791	0.02143	0.12402	0.00635	0.56759	0.01408	0.17714	0.00888	0.00867	0.00618	0.00408	0.00341	0.00102	0.00397	0.00306	0.00336	0.00562
18	0.00604	0.00313	0.00467	0.00463	0.00463	0.00321	0.00313	0.00461	0.00452	0.00607	0.00596	0.01042	0.00596	0.01183	0.01344	0.87420	0.02748	0.00300	0.00150	0.00156
19	0.00649	0.00609	0.01026	0.85630	0.02349	0.00760	0.00949	0.00876	0.00690	0.00883	0.00635	0.02323	0.00490	0.00357	0.00347	0.00116	0.00456	0.00318	0.00156	0.00382
20	0.00838	0.00807	0.01358	0.05511	0.75206	0.00838	0.01031	0.01034	0.00761	0.01094	0.00632	0.00849	0.00536	0.00334	0.00408	0.00107	0.07652	0.00307	0.00169	0.00526
21	0.00740	0.00689	0.01027	0.00733	0.01050	0.00557	0.20130	0.00925	0.00740	0.01121	0.00634	0.00767	0.00515	0.00264	0.00291	0.00066	0.00332	0.00252	0.00198	0.68968
22	0.00795	0.00761	0.01281	0.25328	0.58468	0.00816	0.01015	0.01010	0.01653	0.01052	0.00640	0.00874	0.00525	0.00332	0.00376	0.00108	0.03993	0.00308	0.00167	0.00495
23	0.83638	0.00645	0.00504	0.00453	0.00657	0.00742	0.00371	0.00989	0.00617	0.01538	0.06789	0.00711	0.00588	0.00349	0.00228	0.00107	0.00260	0.00220	0.00226	0.00371
24	0.00410	0.00344	0.00357	0.00367	0.00471	0.00290	0.00270	0.00494	0.00771	0.00927	0.03294	0.14182	0.74840	0.00902	0.00412	0.00120	0.00178	0.00762	0.00321	0.00290
25	0.00919	0.81590	0.01734	0.00599	0.00888	0.01329	0.00588	0.01094	0.06961	0.00860	0.00549	0.00609	0.00489	0.00308	0.00231	0.00077	0.00362	0.00200	0.00163	0.00451
26	0.02356	0.01306	0.00933	0.00814	0.01007	0.52058	0.00626	0.25707	0.01134	0.01258	0.00734	0.07151	0.00632	0.00428	0.00328	0.00097	0.00506	0.00307	0.02174	0.00444
27	0.00710	0.00609	0.00886	0.50311	0.08182	0.05115	0.00762	0.00902	0.00748	0.04626	0.06786	0.07500	0.00862	0.00433	0.00344	0.00110	0.00385	0.00379	0.09962	0.00388
28	0.00489	0.00353	0.00464	0.00453	0.00530	0.00328	0.00343	0.00644	0.00941	0.01322	0.73107	0.08987	0.03093	0.00753	0.00415	0.00115	0.00177	0.06794	0.00371	0.00322
29	0.00655	0.00701	0.07343	0.80647	0.02314	0.00770	0.00983	0.00898	0.00694	0.00898	0.00614	0.00907	0.00459	0.00344	0.00344	0.00115	0.00464	0.00303	0.00153	0.00393
30	0.00687	0.00733	0.07400	0.67533	0.15183	0.00778	0.00998	0.00926	0.00708	0.00936	0.00620	0.00897	0.00472	0.00338	0.00344	0.00113	0.00456	0.00303	0.00156	0.00418
31	0.03456	0.07148	0.01157	0.59438	0.20404	0.00824	0.00936	0.00937	0.00709	0.00952	0.00608	0.00868	0.00476	0.00333	0.00331	0.00109	0.00437	0.00294	0.00159	0.00424
32	0.00576	0.00403	0.00465	0.00443	0.00471	0.00425	0.00285	0.06771	0.00624	0.00855	0.04124	0.07594	0.01286	0.64239	0.01423	0.00276	0.05061	0.00505	0.03913	0.00260
33	0.04046	0.00836	0.07487	0.33719	0.40117	0.03417	0.00989	0.02672	0.00764	0.01814	0.00634	0.00855	0.00501	0.00329	0.00337	0.00108	0.00436	0.00297	0.00170	0.00474
34	0.88844	0.00673	0.00516	0.00460	0.00675	0.00780	0.00379	0.02381	0.00605	0.01560	0.00487	0.00566	0.00378	0.00322	0.00216	0.00107	0.00269	0.00189	0.00216	0.00378
35	0.00942	0.00996	0.04764	0.02523	0.01281	0.18689	0.30776	0.02002	0.18593	0.07113	0.00929	0.05696	0.00744	0.00463	0.02793	0.00123	0.00487	0.00383	0.00239	0.00465
36	0.00664	0.00470	0.00605	0.06708	0.00791	0.00428	0.03280	0.00822	0.04202	0.12157	0.02865	0.10796	0.34155	0.01687	0.00397	0.00114	0.00255	0.06806	0.00302	0.12495
37	0.00995	0.04601	0.09046	0.03493	0.06484	0.00671	0.01606	0.14825	0.02338	0.21021	0.10761	0.02084	0.00945	0.00403	0.00329	0.00094	0.00324	0.00333	0.00292	0.19356
38	0.00594	0.00663	0.14862	0.00747	0.00915	0.00495	0.06419	0.00800	0.00783	0.01046	0.01552	0.04933	0.01636	0.00808	0.00447	0.00147	0.00366	0.62147	0.00280	0.00359
39	0.00716	0.00614	0.00716	0.00512	0.00819	0.00461	0.00409	0.00870	0.00716	0.01126	0.00614	0.00716	0.00512	0.00256	0.00256	0.00051	0.00256	0.00205	0.00205	0.89971
40	0.07385	0.00944	0.01119	0.01313	0.35433	0.10623	0.00793	0.28173	0.08284	0.01493	0.00748	0.00837	0.00580	0.00363	0.00331	0.00103	0.00403	0.00298	0.00247	0.00531
41	0.00464	0.00406	0.00478	0.00562	0.10512	0.00355	0.00359	0.00568	0.00794	0.00973	0.06112	0.03007	0.72588	0.00802	0.00400	0.00115	0.00202	0.00676	0.00305	0.00323
42	0.78637	0.00670	0.00592	0.08232	0.04318	0.00776	0.00454	0.01005	0.00605	0.01473	0.00500	0.00605	0.00389	0.00322	0.00231	0.00107	0.00290	0.00203	0.00207	0.00382
43	0.00495	0.00362	0.00516	0.00516	0.00564	0.00410	0.00383	0.00592	0.00544	0.00773	0.00961	0.01557	0.00950	0.21416	0.67784	0.00507	0.00795	0.00399	0.00190	0.00287
44	0.66862	0.00682	0.00693	0.05475	0.15453	0.00769	0.00531	0.01006	0.00635	0.01423	0.00564	0.00747	0.00464	0.00342	0.00252	0.00108	0.00304	0.03080	0.00207	0.00403
45	0.01233	0.00953	0.01044	0.00929	0.10192	0.05295	0.00686	0.61481	0.08438	0.04946	0.00862	0.00873	0.00625	0.00405	0.00344	0.00104	0.00384	0.00314	0.00322	0.00570
46	0.01200	0.05846	0.01042	0.00845	0.01061	0.60000	0.05200	0.04176	0.00950	0.06077	0.00609	0.00687	0.00486	0.00345	0.00309	0.00087	0.00540	0.00239	0.00200	0.10100
47	0.00963	0.03564	0.01312	0.02661	0.63228	0.10289	0.01619	0.03546	0.01638	0.06871	0.00693	0.00847	0.00558	0.00326	0.00336	0.00101	0.00424	0.00299	0.00195	0.00529
48	0.00832	0.00749	0.04646	0.06217	0.55956	0.00703	0.00888	0.01026	0.00807	0.08763	0.07330	0.04266	0.05475	0.00410	0.00354	0.00107	0.00368	0.00380	0.00222	0.00500

[dist]
# distance from previous block
# <min> <max>
0	20

[block]
# block no. 2 follows, 81 sequences, length 68
# corresponding to MSA columns:
# 225-292
name=unknown_C
#
# <colnr> <probs for GDERKNQSTAVLIFYWHMCP>
#	G	D	E	R	K	N	Q	S	T	A	V	L	I	F	Y	W	H	M	C	P
0	0.00776	0.00663	0.00705	0.00644	0.00818	0.00749	0.00497	0.01580	0.68519	0.01367	0.06187	0.05411	0.09491	0.00549	0.00364	0.00118	0.00255	0.00463	0.00349	0.00498
1	0.00704	0.00664	0.01121	0.58887	0.26880	0.00766	0.00966	0.00921	0.00718	0.00955	0.00671	0.04014	0.00552	0.00361	0.00348	0.00112	0.00436	0.00331	0.00165	0.00428
2	0.00710	0.06117	0.00922	0.00751	0.00783	0.03903	0.00607	0.00780	0.00554	0.00798	0.00626	0.01078	0.00644	0.16517	0.10867	0.00223	0.53273	0.00336	0.00166	0.00345
3	0.00500	0.00368	0.00498	0.00553	0.00615	0.00358	0.01613	0.00642	0.03768	0.00996	0.06002	0.41947	0.05850	0.00964	0.00446	0.00143	0.00251	0.32908	0.01266	0.00311
4	0.02870	0.00489	0.00586	0.04183	0.00758	0.02510	0.00484	0.04243	0.13052	0.03611	0.01697	0.29723	0.05457	0.00828	0.00419	0.00137	0.00281	0.27994	0.00316	0.00363
5	0.00716	0.00614	0.00716	0.00512	0.00819	0.00461	0.00409	0.00870	0.00716	0.01126	0.00614	0.00716	0.00512	0.00256	0.00256	0.00051	0.00256	0.00205	0.00205	0.89971
6	0.01253	0.06485	0.01023	0.00800	0.01026	0.37806	0.00637	0.38800	0.01242	0.02667	0.00702	0.00749	0.00535	0.00382	0.00319	0.00095	0.00473	0.00266	0.04254	0.00486
7	0.88229	0.00667	0.00520	0.02454	0.00708	0.00775	0.00388	0.01012	0.00590	0.01535	0.00484	0.00570	0.00376	0.00321	0.00217	0.00107	0.00272	0.00190	0.00212	0.00374
8	0.00607	0.00538	0.00754	0.02863	0.02534	0.00682	0.00551	0.00686	0.00566	0.00823	0.00919	0.18340	0.00998	0.12042	0.17107	0.00246	0.38741	0.00476	0.00199	0.00328
9	0.00776	0.00735	0.01248	0.26910	0.56613	0.00784	0.00996	0.00984	0.00746	0.01039	0.00654	0.00902	0.00539	0.00444	0.05081	0.00131	0.00453	0.00311	0.00167	0.00486
10	0.00974	0.00799	0.08924	0.04671	0.27727	0.03747	0.00757	0.02470	0.09293	0.22464	0.13508	0.01217	0.01061	0.00420	0.00352	0.00107	0.00349	0.00365	0.00284	0.00510
11	0.00533	0.00349	0.00418	0.00412	0.00446	0.00340	0.00265	0.00581	0.00636	0.03898	0.17172	0.05830	0.04403	0.57112	0.03326	0.00269	0.00304	0.03190	0.00260	0.00256
12	0.00459	0.00340	0.00459	0.05244	0.00627	0.00332	0.00375	0.00565	0.02216	0.00966	0.12221	0.62665	0.04689	0.00970	0.00431	0.00135	0.00219	0.06469	0.00319	0.00299
13	0.00481	0.00360	0.00447	0.00424	0.00514	0.00330	0.00318	0.00646	0.02593	0.01301	0.68396	0.02696	0.18744	0.00733	0.00407	0.00110	0.00167	0.00640	0.00368	0.00324
14	0.01081	0.00922	0.01054	0.04585	0.07224	0.15304	0.07202	0.23172	0.02661	0.11473	0.00780	0.00913	0.00604	0.03092	0.02664	0.00128	0.14159	0.00315	0.02188	0.00477
15	0.01270	0.01590	0.00959	0.00870	0.01047	0.82009	0.00653	0.02994	0.00983	0.00886	0.00559	0.00649	0.00462	0.00359	0.00310	0.00089	0.00603	0.00227	0.03080	0.00402
16	0.00580	0.00529	0.06863	0.00513	0.00658	0.00439	0.00427	0.00850	0.12566	0.03076	0.44497	0.06923	0.12464	0.00666	0.00406	0.02051	0.00219	0.00561	0.00335	0.05375
17	0.01829	0.04269	0.02218	0.17065	0.42352	0.08784	0.04276	0.09981	0.00879	0.04101	0.00670	0.00841	0.00529	0.00334	0.00337	0.00103	0.00437	0.00299	0.00195	0.00500
18	0.03095	0.64286	0.22874	0.00686	0.01034	0.01211	0.00757	0.01049	0.00706	0.00902	0.00515	0.00598	0.00440	0.00304	0.00248	0.00084	0.00402	0.00202	0.00149	0.00458
19	0.00444	0.00320	0.00420	0.00461	0.00505	0.00297	0.00320	0.00540	0.00774	0.01056	0.30657	0.55545	0.05482	0.00946	0.00428	0.00129	0.00187	0.00851	0.00341	0.00297
20	0.00818	0.29665	0.45474	0.00887	0.04999	0.05824	0.00970	0.01130	0.05369	0.01010	0.00614	0.00703	0.00479	0.00326	0.00295	0.00097	0.00454	0.00240	0.00161	0.00486
21	0.00656	0.00418	0.00527	0.00518	0.00624	0.00391	0.00380	0.00836	0.08946	0.13050	0.09695	0.46982	0.05008	0.00818	0.00401	0.00123	0.00223	0.02547	0.00335	0.07523
22	0.00421	0.00301	0.00401	0.00481	0.00501	0.00281	0.00321	0.00481	0.00661	0.00882	0.01904	0.87634	0.02285	0.01082	0.00441	0.00140	0.00200	0.00982	0.00321	0.00281
23	0.00502	0.00390	0.00492	0.00563	0.03585	0.00385	0.00388	0.00697	0.11472	0.00987	0.02899	0.55535	0.12245	0.00937	0.00425	0.00134	0.00223	0.07492	0.00320	0.00329
24	0.03902	0.00497	0.00622	0.00640	0.00755	0.00518	0.00545	0.15094	0.00920	0.01246	0.01596	0.08124	0.01680	0.00833	0.00437	0.00145	0.00316	0.59209	0.02557	0.00364
25	0.00696	0.00679	0.00988	0.00852	0.00879	0.00897	0.05443	0.00786	0.00586	0.00879	0.04484	0.14044	0.00861	0.00664	0.00955	0.00146	0.65181	0.00426	0.00188	0.00366
26	0.03082	0.01405	0.00936	0.02065	0.01046	0.62834	0.00642	0.05795	0.16864	0.01044	0.00714	0.00762	0.00566	0.00379	0.00319	0.00096	0.00535	0.00259	0.00220	0.00437
27	0.04547	0.03539	0.01197	0.33730	0.36111	0.02122	0.02698	0.05370	0.04618	0.01105	0.00665	0.00874	0.00526	0.00338	0.00342	0.00108	0.01151	0.00303	0.00183	0.00472
28	0.00827	0.00681	0.00822	0.06446	0.04013	0.00757	0.03582	0.15091	0.38258	0.01399	0.11186	0.01412	0.01176	0.09126	0.03550	0.00150	0.00336	0.00408	0.00308	0.00472
29	0.00502	0.00370	0.00519	0.00516	0.00559	0.00421	0.00380	0.00591	0.00540	0.00767	0.00958	0.01586	0.00960	0.25529	0.61598	0.00486	0.02840	0.00404	0.00191	0.00283
30	0.01303	0.00519	0.00676	0.00538	0.00757	0.00458	0.00438	0.01441	0.00921	0.63555	0.01376	0.01270	0.03565	0.00436	0.00325	0.00101	0.00259	0.00354	0.21191	0.00517
31	0.09626	0.00595	0.00775	0.00600	0.00862	0.00532	0.00496	0.01623	0.00952	0.78263	0.01283	0.01120	0.00811	0.00418	0.00335	0.00107	0.00292	0.00333	0.00408	0.00568
32	0.00731	0.01652	0.75044	0.00948	0.01420	0.00807	0.01183	0.02232	0.09320	0.02419	0.00714	0.00794	0.00508	0.00345	0.00331	0.00110	0.00482	0.00271	0.00174	0.00516
33	0.00411	0.00350	0.00353	0.00353	0.00468	0.00293	0.00264	0.00501	0.00793	0.00947	0.06025	0.03302	0.83030	0.00870	0.00408	0.00116	0.00175	0.00726	0.00323	0.00293
34	0.04620	0.00618	0.00831	0.09580	0.01042	0.00581	0.00559	0.06919	0.00984	0.68702	0.01219	0.01105	0.00780	0.00414	0.00342	0.00108	0.00316	0.00335	0.00386	0.00559
35	0.00854	0.00793	0.01054	0.00887	0.00936	0.01060	0.00738	0.15557	0.00722	0.01068	0.00520	0.00769	0.00477	0.00571	0.00995	0.00143	0.71951	0.00304	0.00185	0.00415
36	0.13701	0.01103	0.00862	0.00736	0.00954	0.37294	0.00577	0.11018	0.05917	0.23335	0.00828	0.00821	0.00594	0.00383	0.00314	0.00099	0.00439	0.00270	0.00278	0.00476
37	0.00482	0.00353	0.00451	0.00427	0.00512	0.00323	0.00320	0.00638	0.00960	0.01344	0.77963	0.02649	0.10845	0.00722	0.00408	0.00109	0.00164	0.00634	0.00375	0.00323
38	0.21996	0.00898	0.00914	0.00716	0.00978	0.01002	0.00591	0.65136	0.01383	0.02031	0.00748	0.00767	0.00538	0.00393	0.00315	0.00104	0.00354	0.00282	0.00315	0.00538
39	0.01378	0.00811	0.00930	0.00715	0.00982	0.00845	0.00590	0.52119	0.01368	0.32328	0.01031	0.00968	0.00693	0.00419	0.00343	0.00104	0.00342	0.00324	0.03129	0.00579
40	0.01638	0.00707	0.01185	0.47914	0.38036	0.00791	0.00989	0.01944	0.00745	0.01871	0.00638	0.00891	0.00502	0.00331	0.00343	0.00109	0.00435	0.00307	0.00167	0.00458
41	0.00979	0.01052	0.01254	0.01708	0.57875	0.25156	0.00926	0.01186	0.04603	0.01062	0.00651	0.00808	0.00541	0.00329	0.00334	0.00099	0.00465	0.00287	0.00181	0.00506
42	0.00652	0.00614	0.01036	0.87029	0.02379	0.00768	0.00959	0.00883	0.00691	0.00883	0.00614	0.00921	0.00461	0.00345	0.00345	0.00115	0.00461	0.00307	0.00154	0.00384
43	0.00497	0.00377	0.00429	0.00410	0.00520	0.00339	0.00309	0.00659	0.04994	0.03752	0.35426	0.03812	0.45662	0.00778	0.00404	0.00114	0.00179	0.00663	0.00349	0.00327
44	0.04181	0.19252	0.29242	0.00729	0.01052	0.03547	0.00767	0.02012	0.06655	0.19149	0.03008	0.06620	0.00764	0.00413	0.00316	0.00103	0.00381	0.00324	0.00244	0.01244
45	0.00409	0.00347	0.00353	0.00357	0.00468	0.00291	0.00266	0.00495	0.00781	0.00931	0.03415	0.07788	0.81155	0.00886	0.00410	0.00118	0.00176	0.00742	0.00321	0.00291
46	0.00448	0.00334	0.00417	0.00433	0.00500	0.00303	0.00311	0.00560	0.00828	0.01115	0.39159	0.32153	0.20428	0.00872	0.00419	0.00121	0.00178	0.00771	0.00347	0.00303
47	0.01198	0.03027	0.25076	0.00835	0.03588	0.13003	0.01855	0.11641	0.00978	0.34002	0.00920	0.00902	0.00623	0.00379	0.00334	0.00104	0.00422	0.00295	0.00285	0.00533
48	0.00716	0.00758	0.07062	0.55367	0.27515	0.00786	0.01012	0.00951	0.00722	0.00972	0.00625	0.00888	0.00485	0.00333	0.00343	0.00111	0.00449	0.00304	0.00158	0.00442
49	0.01550	0.00588	0.00802	0.00615	0.00882	0.00508	0.00508	0.01684	0.00989	0.85944	0.01363	0.01176	0.00855	0.00428	0.00347	0.00107	0.00294	0.00347	0.00428	0.00588
50	0.00862	0.03916	0.04116	0.10945	0.63536	0.00821	0.04604	0.01073	0.00782	0.05068	0.00675	0.00866	0.00544	0.00317	0.00341	0.00104	0.00419	0.00308	0.00180	0.00523
51	0.00912	0.03413	0.16220	0.00987	0.10301	0.00678	0.18757	0.03115	0.02300	0.20760	0.10775	0.01325	0.08011	0.00433	0.00365	0.00109	0.00386	0.00398	0.00270	0.00484
52	0.00445	0.00339	0.00419	0.00489	0.00518	0.02436	0.00331	0.00509	0.00670	0.00880	0.01896	0.79190	0.05365	0.01110	0.03486	0.00153	0.00236	0.00932	0.00312	0.00285
53	0.74375	0.06581	0.00649	0.00509	0.00728	0.07266	0.00421	0.04119	0.00663	0.01471	0.00498	0.00575	0.00392	0.00325	0.00227	0.00103	0.00305	0.00194	0.00212	0.00389
54	0.00456	0.00351	0.00417	0.00403	0.00497	0.00312	0.00301	0.00588	0.00897	0.01199	0.51968	0.04821	0.34979	0.00780	0.00409	0.00112	0.00168	0.00673	0.00356	0.00312
55	0.00798	0.00749	0.01236	0.02817	0.64920	0.00781	0.00931	0.00981	0.00765	0.01108	0.06164	0.03777	0.00778	0.00393	0.00430	0.00109	0.09543	0.00350	0.02872	0.00498
56	0.00478	0.00346	0.00451	0.00439	0.00513	0.00319	0.00324	0.00626	0.00932	0.01309	0.72705	0.13807	0.04934	0.00760	0.00412	0.00113	0.00168	0.00674	0.00371	0.00319
57	0.00825	0.00720	0.00745	0.00677	0.00860	0.02611	0.00524	0.01693	0.74729	0.01389	0.03326	0.03992	0.05363	0.00510	0.00357	0.00117	0.00271	0.00427	0.00346	0.00518
58	0.01290	0.01646	0.00979	0.00890	0.01068	0.86472	0.00667	0.01379	0.00979	0.00845	0.00534	0.00623	0.00445	0.00356	0.00311	0.00089	0.00623	0.00222	0.00178	0.00400
59	0.14993	0.00680	0.03822	0.03686	0.03649	0.00595	0.00519	0.06532	0.00845	0.26985	0.02671	0.00891	0.00655	0.00345	0.00295	0.00087	0.00297	0.00270	0.00282	0.31899
60	0.06234	0.00856	0.05935	0.02546	0.37964	0.07023	0.00809	0.03942	0.11910	0.11282	0.00912	0.03813	0.00746	0.00406	0.00343	0.00109	0.00380	0.04036	0.00244	0.00509
61	0.28985	0.00625	0.00718	0.00571	0.00822	0.00608	0.00471	0.04121	0.00885	0.57175	0.01073	0.00975	0.00698	0.00394	0.00306	0.00107	0.00288	0.00297	0.00359	0.00522
62	0.00710	0.00672	0.01140	0.63038	0.25923	0.00783	0.00988	0.00933	0.00718	0.00952	0.00624	0.00902	0.00485	0.00335	0.00344	0.00112	0.00446	0.00307	0.00158	0.00430
63	0.00441	0.00322	0.00415	0.00454	0.00503	0.00296	0.00317	0.00536	0.00773	0.01045	0.28417	0.52870	0.10444	0.00944	0.00427	0.00128	0.00186	0.00846	0.00339	0.00296
64	0.01945	0.00639	0.00849	0.25218	0.02943	0.01899	0.02453	0.07042	0.19801	0.14000	0.11988	0.01444	0.03643	0.00478	0.00362	0.00114	0.00336	0.04093	0.00296	0.00457
65	0.00833	0.00768	0.09722	0.00754	0.05584	0.00706	0.00604	0.15242	0.28459	0.05317	0.06683	0.18762	0.01250	0.00568	0.00366	0.00115	0.00302	0.00486	0.00314	0.03163
66	0.00767	0.06704	0.60399	0.00994	0.01439	0.00836	0.13112	0.04818	0.00794	0.03259	0.03265	0.00821	0.00554	0.00339	0.00337	0.00108	0.00491	0.00289	0.00173	0.00500
67	0.04142	0.00981	0.29568	0.00746	0.03478	0.00633	0.00745	0.08928	0.00926	0.23466	0.16189	0.01347	0.06421	0.00463	0.00350	0.00108	0.00347	0.00380	0.00294	0.00487

[dist]
# distance from previous block
# <min> <max>
0	2

# created by:
# /home/cegg/simao/soft/augustus-3.2.1/scripts/msa2prfl.pl ./align_prep/EOG092C5E5Z.fa
