[name]
unknown

[dist]
# distance from previous block
# <min> <max>
0	165

[block]
# block no. 0 follows, 72 sequences, length 7
# corresponding to MSA columns:
# 181-187
name=unknown_A
#
# <colnr> <probs for GDERKNQSTAVLIFYWHMCP>
#	G	D	E	R	K	N	Q	S	T	A	V	L	I	F	Y	W	H	M	C	P
0	0.04098	0.00418	0.00490	0.00474	0.00524	0.00412	0.00309	0.00742	0.00649	0.10590	0.01299	0.05291	0.01392	0.63676	0.01525	0.00306	0.00353	0.06883	0.00271	0.00297
1	0.00554	0.00418	0.00620	0.00598	0.00660	0.00458	0.03872	0.00660	0.00615	0.00865	0.01117	0.07059	0.01135	0.23028	0.56026	0.00502	0.00792	0.00486	0.00219	0.00317
2	0.02759	0.01197	0.17843	0.07562	0.21006	0.11595	0.03993	0.06837	0.18557	0.03582	0.00897	0.00990	0.00681	0.00401	0.00371	0.00118	0.00472	0.00337	0.00245	0.00556
3	0.65362	0.00794	0.00683	0.00589	0.00832	0.00912	0.00481	0.13965	0.10501	0.01795	0.00706	0.00755	0.00534	0.00387	0.00275	0.00118	0.00313	0.00253	0.00275	0.00469
4	0.08632	0.00859	0.01168	0.12700	0.07237	0.00929	0.10321	0.26466	0.08272	0.12578	0.03629	0.01068	0.00768	0.00436	0.00406	0.00121	0.03181	0.00365	0.00309	0.00555
5	0.77163	0.00809	0.00610	0.00538	0.00777	0.07083	0.00437	0.01134	0.00686	0.01614	0.00542	0.00632	0.00426	0.00350	0.00246	0.00112	0.00322	0.00209	0.00231	0.06077
6	0.01052	0.11583	0.11322	0.00900	0.03866	0.02582	0.12749	0.05227	0.06839	0.17902	0.05431	0.02493	0.00861	0.00410	0.00359	0.00105	0.00406	0.00356	0.00283	0.15273

[dist]
# distance from previous block
# <min> <max>
0	34

[block]
# block no. 1 follows, 72 sequences, length 26
# corresponding to MSA columns:
# 222-247
name=unknown_B
#
# <colnr> <probs for GDERKNQSTAVLIFYWHMCP>
#	G	D	E	R	K	N	Q	S	T	A	V	L	I	F	Y	W	H	M	C	P
0	0.00900	0.01094	0.11793	0.03101	0.16116	0.00923	0.54829	0.01211	0.00879	0.03049	0.00761	0.00985	0.00575	0.00331	0.00420	0.00123	0.00583	0.00402	0.00194	0.01731
1	0.00549	0.00367	0.00414	0.00417	0.00417	0.00366	0.00233	0.00551	0.00556	0.00742	0.01220	0.04802	0.01410	0.84309	0.01890	0.00362	0.00364	0.00566	0.00233	0.00232
2	0.00915	0.01015	0.05904	0.04252	0.31636	0.00937	0.44774	0.03551	0.00901	0.01250	0.00745	0.00978	0.00580	0.00334	0.00413	0.00122	0.00557	0.00394	0.00194	0.00547
3	0.00898	0.09784	0.59901	0.01044	0.01536	0.00928	0.08352	0.03779	0.00861	0.08363	0.00751	0.00847	0.00534	0.00366	0.00359	0.00117	0.00528	0.00298	0.00196	0.00559
4	0.01046	0.17166	0.01286	0.00916	0.01054	0.25469	0.02402	0.04332	0.00816	0.00978	0.00596	0.02877	0.00556	0.00547	0.01800	0.00133	0.37088	0.00305	0.00188	0.00443
5	0.00847	0.00789	0.02541	0.00663	0.00996	0.05592	0.05304	0.01041	0.02277	0.02531	0.00703	0.00813	0.00573	0.00298	0.00299	0.00066	0.00332	0.00246	0.00226	0.73860
6	0.00985	0.68478	0.16571	0.00738	0.01099	0.04743	0.00785	0.01162	0.00788	0.00948	0.00557	0.00645	0.00486	0.00333	0.00268	0.00089	0.00444	0.00218	0.00163	0.00498
7	0.01601	0.00807	0.00980	0.00752	0.01049	0.00798	0.00621	0.33358	0.01356	0.52677	0.01269	0.01143	0.00825	0.00464	0.00381	0.00116	0.00359	0.00366	0.00434	0.00645
8	0.00659	0.00329	0.00494	0.00494	0.00494	0.00329	0.00329	0.00494	0.00494	0.00659	0.00659	0.01153	0.00659	0.01318	0.01482	0.88966	0.00329	0.00329	0.00165	0.00165
9	0.00770	0.00726	0.01250	0.01098	0.07889	0.00720	0.29131	0.04284	0.13803	0.01244	0.02927	0.28090	0.02725	0.00669	0.00443	0.00136	0.00407	0.02935	0.00291	0.00463
10	0.00673	0.00586	0.00937	0.39476	0.08532	0.00659	0.02947	0.02093	0.00802	0.01054	0.03557	0.14543	0.03710	0.03148	0.02474	0.00155	0.00425	0.13582	0.00246	0.00401
11	0.00881	0.00490	0.00635	0.00551	0.00704	0.00455	0.00429	0.03264	0.04403	0.23198	0.57036	0.02323	0.02715	0.00677	0.00426	0.00119	0.00228	0.00587	0.00429	0.00450
12	0.06210	0.56330	0.01546	0.00619	0.00933	0.01169	0.00580	0.01099	0.00772	0.03358	0.00603	0.00694	0.00525	0.00386	0.02481	0.00092	0.00383	0.00219	0.00191	0.21812
13	0.01043	0.10817	0.05095	0.03416	0.28433	0.06909	0.14507	0.03413	0.03258	0.11880	0.02118	0.02165	0.02417	0.00411	0.00378	0.00115	0.00464	0.02375	0.00244	0.00543
14	0.00455	0.00384	0.00395	0.00399	0.00522	0.00324	0.00301	0.00554	0.00864	0.01034	0.05062	0.06210	0.77932	0.00967	0.00452	0.00130	0.00197	0.03144	0.00353	0.00321
15	0.00462	0.00330	0.00440	0.00528	0.00550	0.00308	0.00352	0.00528	0.00726	0.00968	0.02090	0.86424	0.02508	0.01188	0.00484	0.00154	0.00220	0.01078	0.00352	0.00308
16	0.00963	0.01385	0.33749	0.01244	0.01678	0.00963	0.34332	0.16850	0.01032	0.02963	0.00775	0.00921	0.00559	0.00364	0.00400	0.00122	0.00561	0.00362	0.00221	0.00558
17	0.00916	0.06939	0.16519	0.08316	0.11918	0.09114	0.06777	0.11320	0.03524	0.01227	0.00845	0.02795	0.00726	0.07269	0.08886	0.00184	0.00544	0.01470	0.00221	0.00490
18	0.01508	0.00956	0.01073	0.00822	0.01123	0.01019	0.00679	0.62427	0.01606	0.23254	0.01059	0.01007	0.00720	0.00459	0.00380	0.00115	0.00393	0.00352	0.00402	0.00645
19	0.04429	0.01204	0.08989	0.02112	0.01250	0.20365	0.10341	0.19542	0.17344	0.05871	0.02988	0.01016	0.00762	0.00429	0.00373	0.00115	0.00479	0.00347	0.00291	0.01754
20	0.00924	0.00972	0.02442	0.00751	0.00888	0.29365	0.00583	0.08109	0.00889	0.01048	0.03275	0.02526	0.02510	0.06759	0.35666	0.00332	0.01961	0.00376	0.00227	0.00398
21	0.00898	0.00711	0.03050	0.00672	0.00946	0.00608	0.04217	0.11042	0.01953	0.08796	0.08326	0.04576	0.04382	0.00478	0.00371	0.00095	0.01827	0.04678	0.00296	0.42081
22	0.00890	0.01063	0.07222	0.01433	0.01792	0.03963	0.65122	0.02259	0.00881	0.01192	0.00765	0.01031	0.00595	0.02446	0.02849	0.00144	0.02506	0.00420	0.00194	0.03232
23	0.01139	0.00875	0.00941	0.00795	0.01040	0.00985	0.00633	0.25586	0.54295	0.07357	0.01356	0.01260	0.00994	0.00494	0.00384	0.00124	0.00336	0.00400	0.00390	0.00616
24	0.00939	0.00901	0.01539	0.02328	0.84306	0.00901	0.01164	0.01164	0.00864	0.01239	0.00713	0.00939	0.00601	0.00338	0.00375	0.00113	0.00451	0.00338	0.00188	0.00601
25	0.00556	0.00404	0.00555	0.00550	0.00594	0.00456	0.00398	0.00645	0.00592	0.00842	0.01065	0.01803	0.01081	0.30912	0.53355	0.00507	0.03182	0.00452	0.01746	0.00304

[dist]
# distance from previous block
# <min> <max>
0	2

[block]
# block no. 2 follows, 72 sequences, length 15
# corresponding to MSA columns:
# 250-264
name=unknown_C
#
# <colnr> <probs for GDERKNQSTAVLIFYWHMCP>
#	G	D	E	R	K	N	Q	S	T	A	V	L	I	F	Y	W	H	M	C	P
0	0.00454	0.00360	0.00409	0.00449	0.00529	0.00315	0.00317	0.00537	0.00802	0.00999	0.03057	0.40732	0.47576	0.01062	0.00464	0.00140	0.00205	0.00925	0.00352	0.00315
1	0.37644	0.00693	0.00755	0.00608	0.00878	0.00695	0.00502	0.03834	0.00925	0.48265	0.01083	0.01003	0.00714	0.00421	0.00321	0.00117	0.00313	0.00308	0.00371	0.00549
2	0.00477	0.00344	0.00472	0.00543	0.00574	0.00339	0.00375	0.00556	0.00704	0.00952	0.01887	0.70351	0.02213	0.01502	0.16510	0.00240	0.00371	0.00951	0.00324	0.00314
3	0.17782	0.00964	0.01549	0.03527	0.01514	0.00995	0.40128	0.23791	0.03303	0.01634	0.00780	0.00925	0.00577	0.00370	0.00385	0.00122	0.00500	0.00369	0.00256	0.00529
4	0.00518	0.00388	0.00446	0.00447	0.00545	0.00351	0.00329	0.02495	0.00915	0.01218	0.26673	0.18850	0.37194	0.00900	0.00440	0.00127	0.00198	0.00776	0.06851	0.00339
5	0.00491	0.00354	0.00488	0.00559	0.00596	0.00351	0.00399	0.00580	0.00718	0.00967	0.01879	0.62672	0.02183	0.01488	0.16514	0.00242	0.00383	0.08492	0.00324	0.00318
6	0.01097	0.48258	0.14809	0.00794	0.01138	0.10156	0.00790	0.16686	0.00999	0.01228	0.00630	0.00704	0.00516	0.00362	0.00298	0.00095	0.00462	0.00246	0.00206	0.00523
7	0.01111	0.05996	0.02611	0.07146	0.36786	0.15472	0.03247	0.18680	0.01078	0.01385	0.00717	0.00873	0.00573	0.00381	0.00384	0.00111	0.02349	0.00317	0.00226	0.00557
8	0.00592	0.16731	0.00754	0.00540	0.00637	0.00552	0.00414	0.00697	0.00818	0.01086	0.21722	0.44841	0.02342	0.03485	0.00474	0.00139	0.00253	0.03241	0.00328	0.00353
9	0.17278	0.00451	0.00425	0.00412	0.00557	0.00423	0.00316	0.00663	0.00836	0.01183	0.08172	0.03025	0.63328	0.00834	0.00408	0.00125	0.00210	0.00681	0.00334	0.00340
10	0.01018	0.00881	0.01194	0.02852	0.07380	0.05056	0.15934	0.24053	0.13463	0.02624	0.03634	0.04435	0.01103	0.00558	0.00420	0.00130	0.00432	0.13992	0.00314	0.00526
11	0.00803	0.00668	0.00752	0.02845	0.00901	0.00756	0.00544	0.03916	0.51768	0.01397	0.03586	0.17564	0.03118	0.00876	0.08550	0.00179	0.00357	0.00558	0.00356	0.00505
12	0.00794	0.00733	0.01139	0.53527	0.16019	0.00862	0.00975	0.01195	0.16460	0.01135	0.00878	0.01156	0.00686	0.00414	0.00383	0.00126	0.00454	0.02361	0.00217	0.00484
13	0.00659	0.00329	0.00494	0.00494	0.00494	0.00329	0.00329	0.00494	0.00494	0.00659	0.00659	0.01153	0.00659	0.01318	0.01482	0.88966	0.00329	0.00329	0.00165	0.00165
14	0.17706	0.00937	0.01319	0.01880	0.62254	0.07212	0.00989	0.01181	0.00838	0.01303	0.00669	0.00858	0.00556	0.00345	0.00346	0.00112	0.00438	0.00306	0.00197	0.00553

[dist]
# distance from previous block
# <min> <max>
0	3

[block]
# block no. 3 follows, 72 sequences, length 150
# corresponding to MSA columns:
# 268-329,331-389,394-422
name=unknown_D
#
# <colnr> <probs for GDERKNQSTAVLIFYWHMCP>
#	G	D	E	R	K	N	Q	S	T	A	V	L	I	F	Y	W	H	M	C	P
0	0.00900	0.10993	0.17568	0.20444	0.08231	0.08471	0.08604	0.01146	0.00864	0.06139	0.07655	0.02366	0.00825	0.00408	0.00366	0.00113	0.00478	0.00351	0.00216	0.03862
1	0.09293	0.36298	0.32892	0.00804	0.01195	0.03281	0.00898	0.02382	0.02042	0.02256	0.03604	0.00791	0.00607	0.00364	0.00303	0.00102	0.00448	0.00259	0.00190	0.01990
2	0.04057	0.01091	0.10299	0.01462	0.01829	0.00963	0.65690	0.01187	0.00853	0.01208	0.00730	0.00972	0.00554	0.00351	0.00491	0.00130	0.07025	0.00414	0.00188	0.00506
3	0.00741	0.00629	0.01030	0.51924	0.07187	0.00724	0.06187	0.00975	0.00784	0.01120	0.00826	0.01107	0.00636	0.00387	0.00353	0.00115	0.00424	0.00347	0.22776	0.01729
4	0.00784	0.02554	0.01323	0.01020	0.02743	0.00710	0.35274	0.06603	0.02062	0.03624	0.10980	0.12674	0.15874	0.00616	0.00447	0.00128	0.01248	0.00600	0.00289	0.00449
5	0.80604	0.00805	0.00606	0.00538	0.00773	0.06210	0.00439	0.02366	0.00699	0.03418	0.00558	0.00639	0.00430	0.00359	0.00247	0.00116	0.00321	0.00214	0.00239	0.00421
6	0.00451	0.00384	0.00388	0.00387	0.00514	0.00321	0.00291	0.00550	0.00872	0.01042	0.06642	0.03621	0.81341	0.00954	0.00448	0.00128	0.00192	0.00796	0.00354	0.00321
7	0.00726	0.00684	0.01156	0.82013	0.06281	0.00845	0.01058	0.00978	0.00763	0.00981	0.00676	0.01008	0.00510	0.00377	0.00379	0.00126	0.00503	0.00337	0.00169	0.00429
8	0.01380	0.03054	0.01075	0.00959	0.01158	0.78508	0.00723	0.01540	0.06319	0.00969	0.00646	0.00729	0.00531	0.00398	0.00343	0.00099	0.00655	0.00255	0.00207	0.00451
9	0.00551	0.00368	0.00417	0.00417	0.00418	0.00369	0.00233	0.00553	0.00552	0.00738	0.01192	0.02467	0.01372	0.85431	0.03162	0.00371	0.00377	0.00549	0.00229	0.00231
10	0.00481	0.00384	0.00431	0.00423	0.00533	0.00333	0.00316	0.00606	0.00935	0.01203	0.32952	0.06310	0.51950	0.00901	0.00449	0.00126	0.00188	0.00769	0.00376	0.00333
11	0.00542	0.00386	0.00500	0.00471	0.00561	0.00357	0.00354	0.00719	0.01061	0.01510	0.80042	0.02794	0.04598	0.00766	0.00441	0.00118	0.00179	0.00676	0.03568	0.00357
12	0.34750	0.01186	0.06296	0.00859	0.01129	0.26962	0.11786	0.03966	0.00894	0.07949	0.00677	0.00767	0.00511	0.00373	0.00321	0.00113	0.00484	0.00273	0.00235	0.00469
13	0.00595	0.00410	0.00541	0.00564	0.00639	0.00401	0.01585	0.00716	0.00794	0.03219	0.09321	0.11969	0.08930	0.18265	0.06639	0.00226	0.00351	0.29450	0.05058	0.00329
14	0.00555	0.00444	0.00464	0.00449	0.00591	0.00404	0.00344	0.00768	0.10305	0.04083	0.04437	0.03319	0.68292	0.00892	0.00441	0.00129	0.00214	0.03143	0.00361	0.00365
15	0.00471	0.00377	0.00421	0.00427	0.00530	0.00327	0.00314	0.00581	0.00891	0.01130	0.21953	0.15943	0.53397	0.00952	0.00453	0.00130	0.00193	0.00816	0.00367	0.00327
16	0.05608	0.02097	0.09330	0.01359	0.19770	0.01780	0.20610	0.26225	0.05012	0.03262	0.00825	0.00944	0.00617	0.00383	0.00384	0.00118	0.00480	0.00356	0.00262	0.00577
17	0.00722	0.00554	0.01684	0.00622	0.00730	0.02552	0.00493	0.07462	0.06112	0.03446	0.13436	0.20425	0.06114	0.00878	0.03447	0.00153	0.06703	0.13479	0.10592	0.00397
18	0.02284	0.00762	0.00818	0.00661	0.00882	0.00819	0.00535	0.43486	0.03947	0.08246	0.01089	0.01134	0.00799	0.00452	0.00336	0.00105	0.00318	0.00350	0.32440	0.00535
19	0.02058	0.09604	0.05798	0.03748	0.04366	0.17275	0.15690	0.33902	0.01259	0.01594	0.00754	0.00854	0.00570	0.00393	0.00369	0.00111	0.00518	0.00324	0.00262	0.00550
20	0.01079	0.54108	0.02899	0.00727	0.01025	0.06847	0.00667	0.11869	0.15195	0.01212	0.00758	0.00794	0.00623	0.00379	0.00294	0.00095	0.00410	0.00264	0.00231	0.00525
21	0.00853	0.28189	0.55387	0.00933	0.01407	0.02776	0.01132	0.01181	0.00797	0.01101	0.00631	0.00739	0.00485	0.00348	0.00322	0.00106	0.00508	0.00254	0.00163	0.02689
22	0.01064	0.06431	0.26964	0.00880	0.02844	0.02124	0.03681	0.08648	0.12351	0.19962	0.05224	0.01290	0.03811	0.00470	0.00378	0.00119	0.00415	0.02476	0.00306	0.00561
23	0.00861	0.00739	0.03343	0.02974	0.06907	0.04207	0.03308	0.13862	0.15783	0.04417	0.16843	0.16015	0.07803	0.00667	0.00416	0.00126	0.00326	0.00578	0.00345	0.00478
24	0.00519	0.00363	0.00460	0.01686	0.00552	0.00355	0.00344	0.00574	0.00675	0.00895	0.01704	0.42009	0.01992	0.35213	0.01063	0.00241	0.00298	0.10474	0.00300	0.00283
25	0.00865	0.01000	0.10783	0.30343	0.24215	0.06245	0.11104	0.01129	0.01812	0.02104	0.01945	0.00974	0.00594	0.00383	0.00428	0.00122	0.04920	0.00345	0.00187	0.00501
26	0.01149	0.01017	0.03308	0.09742	0.16283	0.08989	0.05719	0.26077	0.16280	0.06159	0.00954	0.01021	0.00710	0.00421	0.00380	0.00117	0.00448	0.00354	0.00296	0.00577
27	0.00910	0.04198	0.34299	0.01282	0.02717	0.11350	0.35038	0.01235	0.00868	0.01156	0.00695	0.00875	0.00523	0.00354	0.00415	0.00120	0.02924	0.00345	0.00178	0.00519
28	0.00832	0.00793	0.01342	0.41555	0.44103	0.00879	0.01105	0.01067	0.00808	0.01105	0.00690	0.00970	0.00554	0.00364	0.00396	0.00120	0.02288	0.00337	0.00178	0.00512
29	0.03880	0.01018	0.06241	0.00800	0.01054	0.16102	0.01876	0.06248	0.30718	0.21939	0.02072	0.03402	0.01973	0.00486	0.00375	0.00119	0.00399	0.00387	0.00349	0.00562
30	0.00491	0.00351	0.00470	0.00528	0.00555	0.00350	0.00358	0.00561	0.00678	0.00917	0.01747	0.57373	0.02035	0.13940	0.17496	0.00275	0.00399	0.00868	0.00305	0.00303
31	0.00461	0.00362	0.00417	0.00450	0.00532	0.00318	0.00320	0.00551	0.00825	0.01041	0.09451	0.37281	0.44571	0.01039	0.00463	0.00138	0.00202	0.00904	0.00357	0.00318
32	0.06156	0.01686	0.01066	0.00998	0.04115	0.74650	0.00733	0.02652	0.01044	0.01002	0.00591	0.00696	0.00491	0.00393	0.00356	0.00101	0.02375	0.00249	0.00199	0.00446
33	0.00939	0.00901	0.01539	0.02328	0.84306	0.00901	0.01164	0.01164	0.00864	0.01239	0.00713	0.00939	0.00601	0.00338	0.00375	0.00113	0.00451	0.00338	0.00188	0.00601
34	0.00738	0.00480	0.00590	0.00584	0.00689	0.00472	0.00431	0.12771	0.00932	0.09425	0.01977	0.50100	0.10108	0.01029	0.03478	0.00158	0.00288	0.03390	0.01966	0.00395
35	0.01278	0.31093	0.01389	0.00864	0.01104	0.56360	0.00704	0.01384	0.00970	0.00916	0.00566	0.00658	0.00488	0.00368	0.00308	0.00092	0.00588	0.00230	0.00184	0.00456
36	0.00478	0.00346	0.00454	0.00536	0.00567	0.00328	0.00363	0.00574	0.03001	0.00989	0.02097	0.81258	0.03548	0.01164	0.00482	0.00153	0.00225	0.02766	0.00353	0.00317
37	0.00781	0.00580	0.00666	0.00603	0.00762	0.00607	0.00465	0.01312	0.34558	0.07727	0.36797	0.02219	0.10033	0.00664	0.00418	0.00124	0.00240	0.00570	0.00402	0.00474
38	0.00462	0.00332	0.00438	0.00523	0.00549	0.00308	0.00350	0.00529	0.00731	0.00970	0.02153	0.83467	0.05425	0.01180	0.00483	0.00153	0.00219	0.01068	0.00352	0.00308
39	0.00528	0.00387	0.00494	0.00467	0.00561	0.00354	0.00351	0.00698	0.01052	0.01469	0.75784	0.02918	0.11932	0.00795	0.00447	0.00120	0.00180	0.00698	0.00411	0.00354
40	0.01111	0.01022	0.01706	0.01250	0.01587	0.02102	0.45523	0.33378	0.02407	0.01685	0.00849	0.00994	0.00624	0.00381	0.00412	0.00121	0.00532	0.00400	0.03359	0.00559
41	0.00463	0.00385	0.00405	0.00400	0.00522	0.00327	0.00300	0.00573	0.00900	0.01109	0.17524	0.03511	0.70417	0.00929	0.00448	0.00127	0.00190	0.00781	0.00363	0.00327
42	0.00461	0.00333	0.00437	0.00519	0.00548	0.00309	0.00348	0.00529	0.00735	0.00972	0.02202	0.81161	0.07700	0.01174	0.00482	0.00152	0.00218	0.01060	0.00352	0.00309
43	0.00939	0.00901	0.01539	0.02328	0.84306	0.00901	0.01164	0.01164	0.00864	0.01239	0.00713	0.00939	0.00601	0.00338	0.00375	0.00113	0.00451	0.00338	0.00188	0.00601
44	0.00898	0.01015	0.02193	0.01645	0.07217	0.00955	0.77729	0.01212	0.00893	0.01216	0.00764	0.01018	0.00577	0.00321	0.00443	0.00127	0.00627	0.00441	0.00192	0.00517
45	0.00853	0.20900	0.63046	0.00969	0.01467	0.01007	0.01201	0.01211	0.00805	0.04283	0.00677	0.00776	0.00499	0.00356	0.00335	0.00111	0.00517	0.00267	0.00172	0.00547
46	0.00659	0.00329	0.00494	0.00494	0.00494	0.00329	0.00329	0.00494	0.00494	0.00659	0.00659	0.01153	0.00659	0.01318	0.01482	0.88966	0.00329	0.00329	0.00165	0.00165
47	0.00786	0.00674	0.00786	0.00562	0.00899	0.00506	0.00449	0.00955	0.00786	0.01236	0.00674	0.00786	0.00562	0.00281	0.00281	0.00056	0.00281	0.00225	0.00225	0.88990
48	0.00903	0.03969	0.04615	0.03992	0.04630	0.01061	0.17858	0.01066	0.00711	0.06320	0.00640	0.00901	0.00545	0.00534	0.00891	0.00147	0.50208	0.00353	0.00191	0.00465
49	0.01311	0.06983	0.04137	0.06393	0.04082	0.67575	0.00784	0.01438	0.01019	0.02084	0.00608	0.00721	0.00499	0.00384	0.00341	0.00100	0.00638	0.00254	0.00194	0.00454
50	0.00659	0.00329	0.00494	0.00494	0.00494	0.00329	0.00329	0.00494	0.00494	0.00659	0.00659	0.01153	0.00659	0.01318	0.01482	0.88966	0.00329	0.00329	0.00165	0.00165
51	0.00832	0.00711	0.00859	0.00618	0.00954	0.00564	0.03344	0.06184	0.00854	0.01308	0.00692	0.00803	0.00568	0.00293	0.00293	0.00062	0.00302	0.00240	0.00233	0.80285
52	0.02556	0.10876	0.09759	0.00928	0.02290	0.20923	0.07417	0.07320	0.31355	0.01337	0.00979	0.01002	0.00752	0.00423	0.00359	0.00114	0.00467	0.00335	0.00271	0.00538
53	0.00552	0.00368	0.00414	0.00414	0.00414	0.00368	0.00230	0.00552	0.00552	0.00735	0.01195	0.02482	0.01379	0.86672	0.01930	0.00368	0.00368	0.00552	0.00230	0.00230
54	0.00449	0.00381	0.00388	0.00393	0.00515	0.00319	0.00292	0.00543	0.00856	0.01021	0.03731	0.08913	0.78960	0.00975	0.00451	0.00130	0.00194	0.00818	0.00352	0.00319
55	0.01012	0.04093	0.00956	0.00766	0.03969	0.23174	0.00580	0.05845	0.04649	0.01223	0.00699	0.00794	0.00572	0.00334	0.00310	0.00077	0.00407	0.00249	0.00229	0.50060
56	0.00761	0.01962	0.84707	0.01081	0.01641	0.00881	0.01401	0.01201	0.00801	0.01201	0.00681	0.00801	0.00480	0.00360	0.00360	0.00120	0.00560	0.00280	0.00160	0.00560
57	0.00454	0.00367	0.00404	0.00432	0.00525	0.00317	0.00310	0.00542	0.00823	0.01014	0.04533	0.30124	0.56771	0.01030	0.00460	0.00136	0.00201	0.00887	0.00353	0.00317
58	0.00514	0.00406	0.00460	0.00443	0.00557	0.00367	0.00333	0.00693	0.04894	0.01272	0.38498	0.03159	0.44147	0.00852	0.00442	0.00124	0.00191	0.00727	0.01572	0.00350
59	0.05638	0.06532	0.14498	0.00913	0.03851	0.02210	0.05925	0.29412	0.08866	0.10605	0.01016	0.05940	0.00797	0.00471	0.00373	0.00118	0.00419	0.01536	0.00311	0.00569
60	0.01479	0.01002	0.01101	0.00844	0.01146	0.01087	0.00697	0.71361	0.01683	0.14212	0.00995	0.00965	0.00687	0.00457	0.00380	0.00114	0.00404	0.00347	0.00392	0.00645
61	0.01254	0.00881	0.00938	0.00740	0.00988	0.00966	0.00604	0.62045	0.01531	0.02141	0.00994	0.01039	0.00729	0.00452	0.00350	0.00107	0.00356	0.00345	0.22971	0.00570
62	0.00873	0.00824	0.01321	0.24488	0.20470	0.01882	0.11098	0.02049	0.05748	0.03403	0.00736	0.00972	0.00591	0.00423	0.00549	0.00126	0.17158	0.00348	0.00203	0.06741
63	0.03656	0.00865	0.00957	0.00785	0.01038	0.00950	0.00637	0.39192	0.24576	0.12769	0.01201	0.01251	0.00896	0.00644	0.05774	0.00152	0.00404	0.03280	0.00377	0.00596
64	0.03028	0.01293	0.01108	0.00899	0.01167	0.27806	0.00719	0.55695	0.01538	0.01914	0.00801	0.00833	0.00591	0.00433	0.00365	0.00109	0.00500	0.00308	0.00318	0.00576
65	0.00553	0.00470	0.05831	0.00555	0.00638	0.00379	0.00422	0.00665	0.01699	0.04002	0.07964	0.55854	0.05456	0.08597	0.03116	0.00177	0.00280	0.00871	0.00332	0.02141
66	0.02611	0.01325	0.01077	0.00891	0.01148	0.34581	0.00705	0.41926	0.05145	0.02858	0.00805	0.00840	0.00604	0.00425	0.00360	0.00106	0.00511	0.00301	0.00301	0.03480
67	0.00481	0.00373	0.00438	0.00448	0.00539	0.00330	0.00326	0.00597	0.00901	0.01174	0.29785	0.22706	0.38639	0.00953	0.00456	0.00131	0.00194	0.00828	0.00374	0.00330
68	0.00707	0.00353	0.00353	0.00353	0.00442	0.00353	0.00265	0.00884	0.00795	0.01414	0.01237	0.01414	0.00972	0.00442	0.00265	0.00088	0.00177	0.00353	0.88777	0.00353
69	0.00771	0.01888	0.78265	0.01121	0.01668	0.00887	0.07769	0.01202	0.00808	0.01202	0.00687	0.00818	0.00488	0.00357	0.00367	0.00121	0.00567	0.00293	0.00163	0.00557
70	0.01417	0.01808	0.01075	0.00977	0.01172	0.85149	0.00733	0.01514	0.01075	0.00928	0.00586	0.00684	0.00489	0.00391	0.00342	0.00098	0.00684	0.00244	0.00195	0.00440
71	0.01417	0.01808	0.01075	0.00977	0.01172	0.85149	0.00733	0.01514	0.01075	0.00928	0.00586	0.00684	0.00489	0.00391	0.00342	0.00098	0.00684	0.00244	0.00195	0.00440
72	0.00596	0.00426	0.00594	0.00682	0.00763	0.00424	0.00586	0.00760	0.00859	0.01119	0.02016	0.12367	0.02215	0.01062	0.00520	0.00173	0.00337	0.73809	0.00350	0.00345
73	0.00816	0.00576	0.05933	0.00552	0.00736	0.00465	0.00464	0.04649	0.02173	0.19162	0.27746	0.05513	0.28226	0.00739	0.00425	0.00123	0.00252	0.00626	0.00387	0.00435
74	0.00457	0.00385	0.00396	0.00396	0.00521	0.00325	0.00299	0.00559	0.00876	0.01055	0.08341	0.03616	0.77941	0.00952	0.00450	0.00129	0.00195	0.02431	0.00356	0.00323
75	0.00465	0.00331	0.00439	0.00524	0.00545	0.00310	0.00348	0.00529	0.00720	0.00960	0.02058	0.83430	0.02468	0.04237	0.00536	0.00162	0.00225	0.01059	0.00348	0.00305
76	0.00843	0.00804	0.01367	0.38106	0.49273	0.00876	0.01116	0.01080	0.00818	0.01123	0.00697	0.00970	0.00560	0.00356	0.00377	0.00119	0.00474	0.00338	0.00179	0.00524
77	0.00470	0.00336	0.00450	0.00528	0.00556	0.00317	0.00357	0.00545	0.00744	0.01000	0.07267	0.78074	0.02521	0.01221	0.03507	0.00168	0.00246	0.01029	0.00351	0.00312
78	0.00465	0.00332	0.00443	0.00531	0.00555	0.00311	0.00357	0.00533	0.00729	0.00971	0.02089	0.84799	0.02502	0.01185	0.00485	0.00154	0.00223	0.02674	0.00352	0.00309
79	0.01463	0.01028	0.01117	0.00856	0.01159	0.01125	0.00707	0.76272	0.01725	0.09241	0.00959	0.00942	0.00669	0.00456	0.00380	0.00114	0.00409	0.00345	0.00387	0.00645
80	0.00761	0.01962	0.84707	0.01081	0.01641	0.00881	0.01401	0.01201	0.00801	0.01201	0.00681	0.00801	0.00480	0.00360	0.00360	0.00120	0.00560	0.00280	0.00160	0.00560
81	0.00761	0.01962	0.84707	0.01081	0.01641	0.00881	0.01401	0.01201	0.00801	0.01201	0.00681	0.00801	0.00480	0.00360	0.00360	0.00120	0.00560	0.00280	0.00160	0.00560
82	0.00509	0.00387	0.00469	0.00448	0.00550	0.00346	0.00336	0.00662	0.01008	0.01366	0.59065	0.03088	0.28716	0.00833	0.00448	0.00122	0.00183	0.00722	0.00397	0.00346
83	0.00552	0.00368	0.00414	0.00414	0.00414	0.00368	0.00230	0.00552	0.00552	0.00735	0.01195	0.02482	0.01379	0.86672	0.01930	0.00368	0.00368	0.00552	0.00230	0.00230
84	0.00991	0.74616	0.12247	0.00709	0.01060	0.03124	0.00744	0.01151	0.00781	0.00931	0.00548	0.00634	0.00486	0.00330	0.00260	0.00086	0.00430	0.00213	0.00163	0.00495
85	0.00546	0.00389	0.00520	0.00520	0.00556	0.00425	0.00362	0.00620	0.00583	0.00814	0.01098	0.01945	0.01146	0.41283	0.47000	0.00499	0.00719	0.00473	0.00215	0.00289
86	0.01442	0.01062	0.01138	0.00873	0.01176	0.01176	0.00721	0.83041	0.01783	0.02390	0.00911	0.00911	0.00645	0.00455	0.00379	0.00114	0.00417	0.00341	0.00379	0.00645
87	0.01443	0.02571	0.03634	0.00914	0.01236	0.00751	0.18807	0.11146	0.02083	0.51496	0.01224	0.01161	0.00804	0.00429	0.00392	0.00119	0.00412	0.00385	0.00381	0.00610
88	0.03917	0.23929	0.60335	0.00949	0.01437	0.01040	0.01172	0.01181	0.00787	0.01139	0.00636	0.00744	0.00480	0.00351	0.00326	0.00110	0.00511	0.00258	0.00163	0.00536
89	0.00914	0.01015	0.03725	0.01613	0.10027	0.00944	0.68735	0.01250	0.03850	0.02836	0.00802	0.01029	0.00604	0.00332	0.00435	0.00126	0.00601	0.00432	0.00203	0.00527
90	0.00575	0.00411	0.00570	0.00658	0.00729	0.00406	0.00549	0.00724	0.00838	0.01095	0.02028	0.23931	0.02261	0.01081	0.00514	0.00170	0.00318	0.62452	0.00350	0.00339
91	0.00926	0.00799	0.00841	0.00758	0.00969	0.00921	0.00589	0.01963	0.80669	0.01566	0.01626	0.01495	0.04118	0.00530	0.00388	0.00129	0.00296	0.00442	0.00385	0.00590
92	0.01050	0.01021	0.01844	0.01344	0.01695	0.01018	0.54827	0.24002	0.06426	0.01565	0.00857	0.01017	0.00632	0.00370	0.00425	0.00124	0.00556	0.00417	0.00256	0.00554
93	0.01386	0.00731	0.03856	0.00714	0.00981	0.01547	0.01677	0.03726	0.18226	0.53144	0.04913	0.04429	0.01865	0.00515	0.00389	0.00121	0.00326	0.00428	0.00425	0.00602
94	0.00939	0.00901	0.01539	0.02328	0.84306	0.00901	0.01164	0.01164	0.00864	0.01239	0.00713	0.00939	0.00601	0.00338	0.00375	0.00113	0.00451	0.00338	0.00188	0.00601
95	0.01153	0.00681	0.00809	0.03114	0.00954	0.00699	0.00552	0.03646	0.34554	0.32331	0.07803	0.01665	0.09229	0.00555	0.00394	0.00123	0.00298	0.00461	0.00410	0.00568
96	0.00827	0.00809	0.01261	0.18158	0.39850	0.05460	0.07079	0.01047	0.02593	0.01127	0.01093	0.11917	0.06139	0.00498	0.00398	0.00122	0.00440	0.00466	0.00220	0.00495
97	0.01211	0.01196	0.03059	0.04046	0.06470	0.31715	0.05040	0.07132	0.04872	0.12916	0.00812	0.00955	0.00639	0.03460	0.00567	0.00128	0.14710	0.00325	0.00250	0.00495
98	0.00473	0.00338	0.00452	0.00540	0.00567	0.00317	0.00371	0.00547	0.00737	0.00980	0.02084	0.80530	0.02485	0.01178	0.00487	0.00155	0.00229	0.06867	0.00352	0.00311
99	0.00924	0.00886	0.01514	0.07698	0.79047	0.00897	0.01157	0.01151	0.00857	0.01222	0.00711	0.00943	0.00595	0.00341	0.00376	0.00114	0.00454	0.00338	0.00186	0.00589
100	0.01033	0.04040	0.01911	0.00945	0.03403	0.20857	0.12871	0.07008	0.25176	0.03479	0.07587	0.06595	0.02394	0.00508	0.00391	0.00119	0.00444	0.00436	0.00298	0.00507
101	0.01166	0.00964	0.01345	0.02568	0.01355	0.01027	0.22339	0.36932	0.21013	0.04785	0.01903	0.01096	0.00787	0.00436	0.00400	0.00121	0.00444	0.00395	0.00331	0.00592
102	0.00597	0.00429	0.00591	0.00673	0.00759	0.00425	0.00581	0.00761	0.00862	0.01118	0.02085	0.07222	0.06032	0.02369	0.00541	0.00175	0.00337	0.73752	0.00348	0.00345
103	0.02465	0.02306	0.00665	0.03735	0.05978	0.00614	0.00465	0.11460	0.10598	0.02736	0.04115	0.01324	0.00985	0.00452	0.00312	0.00101	0.00260	0.00366	0.50618	0.00445
104	0.17415	0.06104	0.01208	0.01016	0.09391	0.15996	0.12810	0.09505	0.03047	0.17796	0.00862	0.01768	0.00639	0.00397	0.00349	0.00113	0.00454	0.00324	0.00278	0.00527
105	0.00763	0.01943	0.83039	0.01091	0.01648	0.00882	0.03050	0.01201	0.00803	0.01201	0.00682	0.00805	0.00482	0.00359	0.00362	0.00120	0.00562	0.00284	0.00161	0.00560
106	0.00552	0.00368	0.00414	0.00414	0.00414	0.00368	0.00230	0.00552	0.00552	0.00735	0.01195	0.02482	0.01379	0.86672	0.01930	0.00368	0.00368	0.00552	0.00230	0.00230
107	0.04752	0.01223	0.24542	0.00881	0.01252	0.00959	0.02347	0.37517	0.06076	0.06737	0.00876	0.00909	0.00627	0.00409	0.00360	0.00111	0.00431	0.00317	0.00299	0.09376
108	0.00922	0.08212	0.25961	0.01190	0.06921	0.00916	0.26138	0.09848	0.00942	0.05258	0.00900	0.09396	0.00759	0.00441	0.00394	0.00121	0.00505	0.00420	0.00229	0.00530
109	0.00458	0.00385	0.00398	0.00395	0.00518	0.00324	0.00296	0.00563	0.00888	0.01080	0.12753	0.03559	0.75207	0.00940	0.00448	0.00127	0.00191	0.00788	0.00359	0.00324
110	0.00550	0.00373	0.00439	0.00439	0.00448	0.00381	0.00261	0.00568	0.00559	0.00754	0.01172	0.02354	0.01323	0.75885	0.12641	0.00399	0.00451	0.00533	0.00226	0.00244
111	0.00987	0.01109	0.09896	0.03879	0.28592	0.08164	0.27812	0.04224	0.06238	0.04164	0.00803	0.00974	0.00617	0.00360	0.00396	0.00119	0.00529	0.00367	0.00216	0.00552
112	0.00472	0.00334	0.00437	0.00515	0.00535	0.00315	0.00338	0.00531	0.00707	0.00942	0.01991	0.77094	0.02383	0.10690	0.00645	0.00178	0.00236	0.01020	0.00338	0.00299
113	0.00701	0.00354	0.00356	0.00356	0.00441	0.00354	0.00264	0.00872	0.00787	0.01390	0.01236	0.01452	0.00987	0.03518	0.00325	0.00098	0.00184	0.00361	0.85618	0.00349
114	0.00966	0.00851	0.01006	0.00835	0.01018	0.09395	0.09369	0.25526	0.03850	0.01418	0.03242	0.04382	0.05559	0.06247	0.17791	0.00237	0.07133	0.00432	0.00278	0.00465
115	0.00812	0.07878	0.59343	0.01197	0.04614	0.00942	0.17562	0.01198	0.00820	0.01183	0.00688	0.00836	0.00504	0.00349	0.00370	0.00119	0.00561	0.00310	0.00168	0.00547
116	0.00513	0.00388	0.00474	0.00457	0.00558	0.00349	0.00346	0.00667	0.01005	0.01361	0.57516	0.03125	0.27347	0.00840	0.00450	0.00124	0.00189	0.03548	0.00396	0.00346
117	0.00465	0.00332	0.00443	0.00531	0.00554	0.00310	0.00356	0.00532	0.00729	0.00971	0.02089	0.85034	0.02503	0.01186	0.00485	0.00154	0.00222	0.02444	0.00352	0.00309
118	0.02254	0.15942	0.33802	0.04938	0.01411	0.13082	0.06824	0.03047	0.03636	0.10488	0.00770	0.00852	0.00567	0.00376	0.00347	0.00111	0.00513	0.00293	0.00216	0.00531
119	0.02126	0.05151	0.05464	0.02709	0.29446	0.06307	0.13874	0.06034	0.19867	0.02753	0.00931	0.01065	0.00730	0.00398	0.00380	0.00118	0.00457	0.01375	0.00250	0.00564
120	0.12421	0.00684	0.00837	0.00669	0.00942	0.00657	0.00546	0.01785	0.14489	0.60787	0.01384	0.01228	0.00909	0.00462	0.00364	0.00119	0.00315	0.00367	0.00427	0.00609
121	0.01117	0.15032	0.04101	0.00905	0.01172	0.15269	0.09293	0.19312	0.21762	0.01461	0.03175	0.01007	0.00783	0.00437	0.00392	0.00113	0.03505	0.00342	0.00281	0.00541
122	0.01047	0.00966	0.02743	0.06202	0.33567	0.00968	0.23459	0.19914	0.02482	0.03688	0.00805	0.00975	0.00615	0.00369	0.00396	0.00118	0.00493	0.00371	0.00242	0.00577
123	0.00995	0.00799	0.03499	0.00684	0.00991	0.00714	0.01413	0.15952	0.14701	0.08281	0.02669	0.01039	0.01941	0.00389	0.00334	0.00089	0.00321	0.00314	0.00302	0.44574
124	0.02418	0.01015	0.01114	0.06255	0.01250	0.01126	0.00728	0.72291	0.03838	0.03004	0.00908	0.00928	0.00648	0.00447	0.00376	0.00114	0.00415	0.00340	0.00362	0.02423
125	0.00462	0.00330	0.00440	0.00528	0.00550	0.00308	0.00352	0.00528	0.00726	0.00968	0.02090	0.86424	0.02508	0.01188	0.00484	0.00154	0.00220	0.01078	0.00352	0.00308
126	0.00485	0.00388	0.00421	0.00415	0.00535	0.00333	0.00313	0.00600	0.00909	0.02122	0.20436	0.04526	0.63713	0.00921	0.00449	0.00127	0.00194	0.02412	0.00367	0.00332
127	0.00844	0.00791	0.01158	0.04204	0.40966	0.06088	0.04613	0.02422	0.03110	0.02532	0.15040	0.05350	0.08553	0.00527	0.00410	0.00119	0.01159	0.01350	0.00262	0.00499
128	0.01605	0.00683	0.00893	0.00695	0.00978	0.00623	0.00574	0.11601	0.01162	0.69786	0.03370	0.01385	0.01008	0.00495	0.00388	0.00119	0.00332	0.03223	0.00453	0.00628
129	0.01063	0.00811	0.00878	0.00767	0.00996	0.00913	0.00603	0.07148	0.68867	0.11239	0.01498	0.01369	0.01100	0.00506	0.00385	0.00126	0.00310	0.00418	0.00395	0.00608
130	0.00462	0.00330	0.00440	0.00528	0.00550	0.00308	0.00352	0.00528	0.00726	0.00968	0.02090	0.86424	0.02508	0.01188	0.00484	0.00154	0.00220	0.01078	0.00352	0.00308
131	0.04575	0.04596	0.54275	0.01089	0.04012	0.13624	0.05768	0.01227	0.00830	0.01157	0.00651	0.00787	0.00489	0.00376	0.00400	0.00118	0.05046	0.00283	0.00172	0.00524
132	0.01140	0.00829	0.00905	0.00771	0.01011	0.00922	0.00612	0.16745	0.55745	0.13629	0.01417	0.01305	0.01030	0.00496	0.00382	0.00124	0.00323	0.00405	0.01597	0.00612
133	0.00474	0.00340	0.00447	0.00527	0.00557	0.00318	0.00359	0.00546	0.00737	0.00979	0.03333	0.74843	0.05314	0.04308	0.00538	0.00162	0.00231	0.05332	0.00348	0.00309
134	0.00462	0.00330	0.00440	0.00528	0.00550	0.00308	0.00352	0.00528	0.00726	0.00968	0.02090	0.86424	0.02508	0.01188	0.00484	0.00154	0.00220	0.01078	0.00352	0.00308
135	0.00755	0.00682	0.01136	0.68795	0.12851	0.00816	0.01012	0.00998	0.00778	0.01934	0.00724	0.01031	0.00552	0.00379	0.00371	0.00122	0.00476	0.00339	0.05809	0.00442
136	0.00548	0.00383	0.00492	0.00492	0.00519	0.00410	0.00327	0.00602	0.00575	0.00793	0.01124	0.02087	0.01207	0.53279	0.35088	0.00464	0.00626	0.00494	0.00219	0.00273
137	0.00490	0.00343	0.00421	0.00482	0.00527	0.00317	0.00328	0.00570	0.00750	0.01017	0.02251	0.60633	0.15613	0.04268	0.00509	0.00151	0.00216	0.00935	0.09870	0.00312
138	0.04411	0.01454	0.01119	0.00970	0.01155	0.55179	0.05750	0.03095	0.00969	0.03927	0.00631	0.00770	0.00523	0.00479	0.02212	0.00121	0.14085	0.00279	0.00206	0.02665
139	0.00662	0.00331	0.00485	0.00485	0.00491	0.00331	0.00325	0.00519	0.00513	0.00707	0.00696	0.01169	0.00679	0.01262	0.01405	0.83314	0.00320	0.00331	0.05799	0.00177
140	0.00455	0.00383	0.00386	0.00386	0.00506	0.00323	0.00284	0.00545	0.00845	0.01006	0.03674	0.03576	0.78889	0.06411	0.00542	0.00143	0.00203	0.00785	0.00344	0.00314
141	0.00786	0.00674	0.00786	0.00562	0.00899	0.00506	0.00449	0.00955	0.00786	0.01236	0.00674	0.00786	0.00562	0.00281	0.00281	0.00056	0.00281	0.00225	0.00225	0.88990
142	0.00584	0.00422	0.00523	0.00555	0.00625	0.01619	0.00396	0.04056	0.01891	0.03959	0.03026	0.56432	0.09036	0.02058	0.09938	0.00198	0.00330	0.01869	0.00336	0.02147
143	0.55782	0.03986	0.01965	0.08611	0.01012	0.13421	0.00558	0.02439	0.03642	0.01461	0.00661	0.00763	0.02168	0.00384	0.00295	0.00115	0.01829	0.00249	0.00228	0.00429
144	0.00543	0.00402	0.00589	0.00589	0.00650	0.00463	0.00449	0.00664	0.00604	0.00865	0.01034	0.01592	0.00993	0.11499	0.76575	0.00585	0.00949	0.00421	0.00206	0.00327
145	0.00496	0.00394	0.00407	0.00398	0.00531	0.00330	0.00300	0.00597	0.00880	0.04023	0.06825	0.03535	0.78105	0.00936	0.00446	0.00127	0.00196	0.00781	0.00359	0.00333
146	0.00550	0.00374	0.00446	0.00446	0.00457	0.00385	0.00270	0.00572	0.00561	0.00759	0.01166	0.02320	0.01309	0.72991	0.15515	0.00407	0.00473	0.00528	0.00225	0.00248
147	0.00852	0.14218	0.57067	0.01108	0.04507	0.05406	0.09357	0.01208	0.00822	0.01144	0.00663	0.00794	0.00496	0.00352	0.00352	0.00114	0.00548	0.00286	0.00166	0.00540
148	0.00994	0.00848	0.00936	0.00812	0.01042	0.00968	0.03550	0.10471	0.72100	0.01657	0.01450	0.01348	0.01083	0.00501	0.00387	0.00127	0.00325	0.00420	0.00378	0.00602
149	0.01097	0.11860	0.01151	0.02035	0.04069	0.33371	0.03890	0.03873	0.06001	0.01128	0.00688	0.00785	0.00564	0.00353	0.00321	0.00087	0.00481	0.00260	0.00217	0.27767

[dist]
# distance from previous block
# <min> <max>
6	12

[block]
# block no. 4 follows, 72 sequences, length 23
# corresponding to MSA columns:
# 435-457
name=unknown_E
#
# <colnr> <probs for GDERKNQSTAVLIFYWHMCP>
#	G	D	E	R	K	N	Q	S	T	A	V	L	I	F	Y	W	H	M	C	P
0	0.00830	0.00814	0.01340	0.48282	0.31794	0.03796	0.05602	0.01071	0.00815	0.01078	0.00690	0.00974	0.00543	0.00362	0.00380	0.00121	0.00499	0.00340	0.00178	0.00491
1	0.00550	0.00375	0.00451	0.00451	0.00463	0.00388	0.00276	0.00575	0.00562	0.00763	0.01161	0.02295	0.01298	0.70890	0.17601	0.00413	0.00490	0.00524	0.00225	0.00250
2	0.00476	0.00337	0.00441	0.00519	0.00540	0.00318	0.00344	0.00537	0.00709	0.00945	0.01983	0.74435	0.02367	0.11270	0.00656	0.00180	0.00241	0.03064	0.00338	0.00300
3	0.04406	0.03489	0.36835	0.00888	0.03247	0.04024	0.00931	0.07652	0.04005	0.08667	0.05919	0.01278	0.01849	0.00459	0.00368	0.00116	0.00437	0.06469	0.00256	0.08705
4	0.00866	0.02624	0.11729	0.00705	0.00962	0.02097	0.02336	0.13676	0.10273	0.05144	0.23610	0.03514	0.05648	0.00550	0.00386	0.00111	0.00326	0.01185	0.00329	0.13930
5	0.00919	0.01831	0.03912	0.06416	0.01095	0.00635	0.03131	0.07357	0.00899	0.09420	0.03495	0.00934	0.00695	0.00349	0.00340	0.00081	0.02289	0.00283	0.00257	0.55663
6	0.00915	0.39449	0.36634	0.00909	0.01332	0.01153	0.07552	0.02873	0.00826	0.02933	0.01869	0.00776	0.00550	0.00352	0.00318	0.00103	0.00484	0.00269	0.00179	0.00525
7	0.00696	0.00541	0.00600	0.00568	0.00659	0.00595	0.00395	0.01118	0.32000	0.01078	0.01369	0.02007	0.03134	0.43842	0.09531	0.00296	0.00402	0.00496	0.00289	0.00383
8	0.00712	0.00664	0.01116	0.82204	0.02536	0.00826	0.01035	0.00961	0.00763	0.00976	0.00730	0.01148	0.00576	0.00407	0.00385	0.00128	0.00499	0.03740	0.00176	0.00418
9	0.01371	0.02978	0.01016	0.00909	0.03961	0.49484	0.00676	0.03095	0.06859	0.19750	0.00950	0.05616	0.00755	0.00459	0.00362	0.00108	0.00532	0.00338	0.00281	0.00500
10	0.00523	0.00402	0.00472	0.00458	0.00562	0.00364	0.00341	0.03193	0.00980	0.01299	0.41889	0.11091	0.35291	0.00878	0.00449	0.00126	0.00195	0.00758	0.00384	0.00347
11	0.01086	0.00793	0.00869	0.00758	0.00988	0.00884	0.00596	0.04268	0.67286	0.15715	0.01518	0.01380	0.01106	0.00505	0.00385	0.00126	0.00307	0.00418	0.00400	0.00609
12	0.00470	0.00340	0.00446	0.00528	0.00561	0.00316	0.00363	0.00544	0.00744	0.00982	0.02207	0.75812	0.08157	0.01164	0.00484	0.00153	0.00226	0.05838	0.00352	0.00311
13	0.00914	0.00927	0.03638	0.07844	0.66157	0.00904	0.11692	0.01158	0.00859	0.01217	0.00717	0.00951	0.00588	0.00339	0.00385	0.00116	0.00481	0.00351	0.00186	0.00576
14	0.02851	0.00363	0.00362	0.00360	0.00447	0.00366	0.00267	0.00871	0.00778	0.01383	0.01218	0.01454	0.00981	0.05200	0.00356	0.00104	0.00190	0.00361	0.81738	0.00348
15	0.00465	0.00331	0.00439	0.00524	0.00546	0.00310	0.00348	0.00529	0.00721	0.00961	0.02062	0.83767	0.02473	0.03894	0.00530	0.00161	0.00225	0.01061	0.00348	0.00306
16	0.01083	0.00813	0.00884	0.00768	0.01000	0.00913	0.00605	0.08761	0.66071	0.12426	0.01485	0.01357	0.01086	0.00504	0.00385	0.00126	0.00313	0.00415	0.00396	0.00610
17	0.00761	0.01962	0.84707	0.01081	0.01641	0.00881	0.01401	0.01201	0.00801	0.01201	0.00681	0.00801	0.00480	0.00360	0.00360	0.00120	0.00560	0.00280	0.00160	0.00560
18	0.00475	0.00385	0.00422	0.00412	0.00529	0.00332	0.00309	0.00596	0.00928	0.01176	0.28261	0.03401	0.59639	0.00904	0.00448	0.00125	0.00188	0.00766	0.00372	0.00332
19	0.38857	0.00821	0.00816	0.00660	0.00920	0.00897	0.00541	0.30877	0.01134	0.15630	0.02193	0.00927	0.00664	0.03069	0.00367	0.00124	0.00344	0.00302	0.00329	0.00528
20	0.22719	0.00921	0.00915	0.00751	0.01000	0.10045	0.03945	0.28901	0.02720	0.12386	0.00946	0.01097	0.00722	0.00452	0.00344	0.00116	0.00391	0.04804	0.06303	0.00523
21	0.00466	0.00337	0.00438	0.00514	0.00545	0.00312	0.00345	0.00538	0.00746	0.00990	0.05616	0.75415	0.08047	0.03109	0.00513	0.00156	0.00220	0.01031	0.00352	0.00309
22	0.00993	0.02470	0.10060	0.06102	0.09036	0.16975	0.27376	0.04126	0.05520	0.02365	0.00809	0.00972	0.02165	0.00388	0.00431	0.00117	0.04872	0.00356	0.00212	0.04657

[dist]
# distance from previous block
# <min> <max>
3	14

[block]
# block no. 5 follows, 72 sequences, length 21
# corresponding to MSA columns:
# 569-589
name=unknown_F
#
# <colnr> <probs for GDERKNQSTAVLIFYWHMCP>
#	G	D	E	R	K	N	Q	S	T	A	V	L	I	F	Y	W	H	M	C	P
0	0.02648	0.04650	0.39532	0.02289	0.04873	0.01617	0.08337	0.07756	0.04799	0.08257	0.00901	0.02369	0.02319	0.00456	0.02298	0.00127	0.00490	0.00337	0.00232	0.05713
1	0.00921	0.00909	0.01651	0.03326	0.55306	0.00905	0.21794	0.01189	0.03359	0.02215	0.00786	0.02783	0.00652	0.00365	0.00413	0.00119	0.02154	0.00384	0.00201	0.00566
2	0.00606	0.00466	0.00551	0.00551	0.00623	0.00485	0.01461	0.00880	0.18891	0.01029	0.01730	0.28193	0.07799	0.29625	0.05180	0.00240	0.00330	0.00697	0.00309	0.00351
3	0.02040	0.00417	0.00535	0.00495	0.00604	0.00381	0.02231	0.00744	0.00980	0.05776	0.52831	0.06761	0.18807	0.05095	0.00516	0.00135	0.00213	0.00690	0.00387	0.00361
4	0.00794	0.00682	0.04306	0.00975	0.13554	0.02455	0.09104	0.03629	0.05264	0.08731	0.04359	0.24643	0.11898	0.00741	0.00435	0.00134	0.00348	0.07183	0.00315	0.00450
5	0.00607	0.00423	0.00549	0.00591	0.00657	0.00423	0.00450	0.04970	0.00805	0.02624	0.01810	0.31072	0.03876	0.14974	0.06715	0.00224	0.00355	0.28213	0.00324	0.00336
6	0.00537	0.00368	0.00412	0.00415	0.00429	0.00360	0.00241	0.00550	0.00591	0.00775	0.01503	0.06076	0.09896	0.74362	0.01719	0.00334	0.00344	0.00599	0.00247	0.00242
7	0.00986	0.01049	0.09178	0.01186	0.10733	0.07744	0.20259	0.03414	0.32254	0.04924	0.01104	0.01220	0.00848	0.00437	0.00397	0.00124	0.00458	0.02842	0.00283	0.00558
8	0.05399	0.04232	0.19182	0.02722	0.01133	0.30410	0.00796	0.01181	0.02046	0.03105	0.02273	0.09960	0.01040	0.00581	0.00386	0.00124	0.00499	0.14245	0.00242	0.00443
9	0.00859	0.00609	0.00710	0.00631	0.00798	0.00640	0.00489	0.05474	0.32273	0.10478	0.37975	0.03978	0.02209	0.00638	0.00414	0.00123	0.00253	0.00548	0.00408	0.00494
10	0.00532	0.00386	0.00517	0.00598	0.00660	0.00371	0.00471	0.00653	0.00808	0.01053	0.02200	0.39914	0.09308	0.01101	0.00500	0.00162	0.00280	0.39806	0.00351	0.00329
11	0.05446	0.01091	0.11006	0.00995	0.01294	0.08443	0.18135	0.11217	0.30581	0.03629	0.01080	0.01178	0.00823	0.00444	0.00388	0.00123	0.00452	0.02828	0.00294	0.00552
12	0.03545	0.00870	0.02116	0.01952	0.09276	0.00877	0.24171	0.18283	0.14347	0.06563	0.02647	0.01414	0.11217	0.00479	0.00405	0.00122	0.00426	0.00446	0.00303	0.00540
13	0.00505	0.00407	0.00449	0.00435	0.00552	0.00366	0.00326	0.00677	0.05253	0.01208	0.29635	0.03241	0.51796	0.02886	0.00479	0.00131	0.00198	0.00738	0.00372	0.00345
