[name]
unknown

[dist]
# distance from previous block
# <min> <max>
0	670

[block]
# block no. 0 follows, 77 sequences, length 24
# corresponding to MSA columns:
# 670-693
name=unknown_A
#
# <colnr> <probs for GDERKNQSTAVLIFYWHMCP>
#	G	D	E	R	K	N	Q	S	T	A	V	L	I	F	Y	W	H	M	C	P
0	0.02285	0.00672	0.00800	0.00724	0.00894	0.00717	0.01997	0.36325	0.01174	0.01572	0.01402	0.09322	0.01397	0.03248	0.00468	0.00143	0.00353	0.35725	0.00336	0.00448
1	0.30690	0.02017	0.00817	0.00654	0.00890	0.00911	0.00532	0.41547	0.04193	0.03443	0.00871	0.03416	0.02176	0.04379	0.00382	0.00121	0.00336	0.00320	0.01809	0.00497
2	0.10040	0.01747	0.00510	0.00484	0.00558	0.01402	0.00336	0.04459	0.00713	0.05145	0.08305	0.26596	0.02449	0.31792	0.03722	0.00221	0.00308	0.00617	0.00283	0.00315
3	0.05145	0.00809	0.01079	0.66955	0.02172	0.13144	0.03775	0.01009	0.00762	0.00955	0.00624	0.00896	0.00475	0.00358	0.00350	0.00116	0.00499	0.00304	0.00167	0.00405
4	0.00546	0.00365	0.00428	0.00433	0.00482	0.00351	0.00286	0.00637	0.03124	0.03399	0.13625	0.19198	0.10856	0.37614	0.01014	0.00219	0.00262	0.00645	0.06227	0.00289
5	0.00438	0.00313	0.00417	0.00501	0.00522	0.00292	0.00334	0.00501	0.00689	0.00918	0.01983	0.87124	0.02379	0.01127	0.00459	0.00146	0.00209	0.01023	0.00334	0.00292
6	0.00939	0.50130	0.03659	0.00721	0.00953	0.08309	0.02014	0.06218	0.00782	0.00956	0.00622	0.04620	0.00584	0.00530	0.04830	0.00123	0.13111	0.00275	0.00181	0.00444
7	0.00513	0.00352	0.00446	0.00491	0.00547	0.00327	0.00340	0.00618	0.03170	0.05043	0.08516	0.61395	0.13109	0.02744	0.00472	0.00142	0.00212	0.00900	0.00343	0.00319
8	0.00499	0.00363	0.00450	0.00446	0.00516	0.00337	0.00323	0.00619	0.00864	0.01177	0.46461	0.08703	0.14926	0.16462	0.00686	0.00163	0.00217	0.06134	0.00346	0.00308
9	0.00823	0.00786	0.01338	0.29149	0.58701	0.00837	0.01070	0.01045	0.00787	0.01093	0.00665	0.00912	0.00541	0.00333	0.00357	0.00111	0.00444	0.00320	0.00172	0.00515
10	0.00731	0.00623	0.00730	0.00531	0.00836	0.00470	0.00422	0.00886	0.00743	0.01160	0.00705	0.04971	0.00623	0.00308	0.00276	0.00058	0.00264	0.00253	0.00219	0.85191
11	0.00513	0.00344	0.00395	0.00405	0.00408	0.00342	0.00232	0.00520	0.00543	0.00724	0.01234	0.12397	0.01435	0.77143	0.01668	0.00325	0.00332	0.00582	0.00232	0.00227
12	0.01526	0.00647	0.09851	0.00664	0.01937	0.00536	0.03484	0.03669	0.12197	0.06564	0.26816	0.15523	0.05007	0.00702	0.00412	0.00125	0.00284	0.09301	0.00336	0.00416
13	0.04723	0.00701	0.00839	0.00617	0.00924	0.00605	0.03056	0.12968	0.00917	0.12591	0.00773	0.00827	0.00586	0.00318	0.00296	0.00073	0.00301	0.00255	0.00265	0.58364
14	0.00520	0.00361	0.00432	0.00438	0.00492	0.00347	0.00296	0.00580	0.00666	0.03665	0.05077	0.16416	0.22096	0.34663	0.12118	0.00272	0.00357	0.00645	0.00277	0.00282
15	0.00447	0.00327	0.00421	0.00488	0.00528	0.00302	0.00338	0.00523	0.00728	0.00957	0.06094	0.68340	0.13171	0.01074	0.00455	0.00142	0.00209	0.04820	0.00337	0.00298
16	0.00746	0.00639	0.00746	0.00533	0.00852	0.00480	0.00426	0.00906	0.00746	0.01172	0.00639	0.00746	0.00533	0.00266	0.00266	0.00053	0.00266	0.00213	0.00213	0.89558
17	0.00764	0.15019	0.68831	0.00984	0.01474	0.00929	0.04968	0.01130	0.00759	0.01095	0.00627	0.00741	0.00461	0.00335	0.00328	0.00109	0.00512	0.00262	0.00154	0.00519
18	0.00495	0.00367	0.00461	0.00437	0.00528	0.00333	0.00328	0.00651	0.00984	0.01361	0.70852	0.02821	0.17518	0.00766	0.00424	0.00115	0.00172	0.00669	0.00385	0.00333
19	0.00890	0.00758	0.03914	0.08986	0.04133	0.00733	0.19817	0.11259	0.12342	0.10938	0.03032	0.03353	0.17203	0.00511	0.00391	0.00118	0.00383	0.00466	0.00292	0.00481
20	0.01343	0.00802	0.01062	0.00812	0.01088	0.00806	0.10313	0.36287	0.01270	0.34823	0.02485	0.05401	0.00848	0.00462	0.00374	0.00113	0.00372	0.00391	0.00372	0.00577
21	0.00725	0.00618	0.00724	0.00531	0.00830	0.00467	0.00420	0.00879	0.00742	0.01155	0.00729	0.06499	0.00656	0.00324	0.00279	0.00059	0.00263	0.00267	0.00221	0.83612
22	0.08230	0.13594	0.46787	0.00895	0.01302	0.06546	0.05820	0.01177	0.00796	0.07733	0.03477	0.00825	0.00589	0.00357	0.00324	0.00107	0.00472	0.00277	0.00193	0.00500
23	0.02621	0.00685	0.01039	0.62913	0.06178	0.00828	0.00906	0.03341	0.15726	0.01087	0.00792	0.01014	0.00596	0.00382	0.00358	0.00119	0.00436	0.00333	0.00204	0.00444

[dist]
# distance from previous block
# <min> <max>
1	6

[block]
# block no. 1 follows, 77 sequences, length 210
# corresponding to MSA columns:
# 700-804,806-811,818-904,913-924
name=unknown_B
#
# <colnr> <probs for GDERKNQSTAVLIFYWHMCP>
#	G	D	E	R	K	N	Q	S	T	A	V	L	I	F	Y	W	H	M	C	P
0	0.00822	0.01230	0.26441	0.01329	0.01727	0.01728	0.54201	0.02057	0.02492	0.01158	0.00712	0.00907	0.00528	0.00328	0.00417	0.00120	0.02754	0.00372	0.00178	0.00499
1	0.00853	0.00816	0.01392	0.17196	0.70420	0.00845	0.01085	0.01071	0.00801	0.01130	0.00670	0.00902	0.00554	0.00327	0.00357	0.00109	0.00437	0.00320	0.00175	0.00540
2	0.00479	0.00342	0.00439	0.00478	0.00521	0.00322	0.00333	0.00568	0.00763	0.01031	0.22967	0.42938	0.06115	0.14236	0.00662	0.00169	0.00228	0.06782	0.00332	0.00296
3	0.03138	0.00385	0.00478	0.00513	0.00602	0.00362	0.00405	0.00654	0.00824	0.02826	0.14791	0.20638	0.24167	0.00930	0.00448	0.00139	0.00240	0.27792	0.00341	0.00325
4	0.00619	0.00316	0.00475	0.00475	0.00478	0.00320	0.00320	0.00478	0.00475	0.00636	0.00644	0.01111	0.00640	0.01330	0.06107	0.84587	0.00349	0.00316	0.00158	0.00165
5	0.00895	0.00773	0.00813	0.00732	0.00935	0.00895	0.00569	0.01911	0.84465	0.01505	0.01464	0.01342	0.01098	0.00488	0.00366	0.00122	0.00285	0.00407	0.00366	0.00569
6	0.39673	0.00623	0.00627	0.00537	0.00749	0.00655	0.00433	0.02655	0.08802	0.23374	0.10956	0.01291	0.07321	0.00470	0.00314	0.00113	0.00268	0.00357	0.00325	0.00456
7	0.00481	0.00355	0.00446	0.00457	0.00529	0.00326	0.00330	0.00616	0.02007	0.01203	0.44166	0.29881	0.15226	0.00881	0.00433	0.00125	0.00186	0.00780	0.01252	0.00322
8	0.01136	0.00759	0.00851	0.00714	0.00946	0.00822	0.00569	0.16384	0.46198	0.21968	0.03283	0.01295	0.02451	0.00481	0.00366	0.00117	0.00305	0.00393	0.00384	0.00577
9	0.00442	0.00320	0.00418	0.00489	0.00520	0.00296	0.00330	0.00513	0.00717	0.00954	0.07182	0.76628	0.07683	0.01089	0.00455	0.00142	0.00205	0.00983	0.00338	0.00296
10	0.00465	0.00325	0.00429	0.00501	0.00528	0.00306	0.00339	0.00531	0.00693	0.01836	0.03437	0.74389	0.02288	0.07464	0.00560	0.00161	0.00225	0.04903	0.00328	0.00293
11	0.05418	0.00386	0.00383	0.00376	0.00504	0.00335	0.00285	0.00566	0.00817	0.02027	0.06008	0.03251	0.76689	0.00868	0.00413	0.00121	0.00189	0.00720	0.00331	0.00313
12	0.00521	0.00359	0.00443	0.00443	0.00461	0.00376	0.00282	0.00556	0.00538	0.00735	0.01087	0.02096	0.01196	0.64123	0.24913	0.00412	0.00517	0.00485	0.00211	0.00246
13	0.00443	0.00317	0.00423	0.00506	0.00529	0.00296	0.00342	0.00509	0.00693	0.00924	0.01980	0.84263	0.02368	0.01122	0.00460	0.00147	0.00213	0.03835	0.00334	0.00294
14	0.00496	0.00367	0.00463	0.00439	0.00529	0.00334	0.00329	0.00654	0.00988	0.01370	0.72374	0.02807	0.15990	0.00762	0.00424	0.00114	0.00172	0.00667	0.00386	0.00334
15	0.00786	0.00472	0.00601	0.00602	0.00722	0.00469	0.00497	0.09198	0.00909	0.12118	0.01636	0.15105	0.01640	0.00797	0.00422	0.00137	0.00291	0.39142	0.14064	0.00391
16	0.15798	0.00951	0.00986	0.00767	0.01044	0.01057	0.00634	0.69303	0.01506	0.03283	0.00812	0.00823	0.00579	0.00416	0.00337	0.00109	0.00375	0.00303	0.00339	0.00576
17	0.00837	0.01057	0.10213	0.01468	0.01849	0.00902	0.75804	0.01151	0.00840	0.01151	0.00720	0.00950	0.00537	0.00307	0.00416	0.00121	0.00599	0.00409	0.00179	0.00490
18	0.00496	0.00382	0.00461	0.00477	0.00574	0.00350	0.00377	0.00641	0.02264	0.01135	0.25780	0.08012	0.35500	0.00888	0.00444	0.00132	0.00219	0.21194	0.00351	0.00324
19	0.00746	0.00639	0.00746	0.00533	0.00852	0.00480	0.00426	0.00906	0.00746	0.01172	0.00639	0.00746	0.00533	0.00266	0.00266	0.00053	0.00266	0.00213	0.00213	0.89558
20	0.00438	0.00313	0.00417	0.00501	0.00522	0.00292	0.00334	0.00501	0.00689	0.00918	0.01983	0.87124	0.02379	0.01127	0.00459	0.00146	0.00209	0.01023	0.00334	0.00292
21	0.00515	0.00380	0.00549	0.00549	0.00603	0.00434	0.00413	0.00624	0.00569	0.00813	0.00990	0.01561	0.00964	0.16026	0.72693	0.00542	0.00867	0.00407	0.00197	0.00305
22	0.89899	0.00696	0.00529	0.00473	0.00696	0.00807	0.00390	0.01057	0.00612	0.01614	0.00501	0.00584	0.00390	0.00334	0.00223	0.00111	0.00278	0.00195	0.00223	0.00390
23	0.00425	0.00364	0.00364	0.00364	0.00486	0.00304	0.00273	0.00516	0.00820	0.00972	0.03644	0.03462	0.84969	0.00911	0.00425	0.00121	0.00182	0.00759	0.00334	0.00304
24	0.00559	0.00382	0.00488	0.00480	0.00576	0.00350	0.00371	0.00702	0.00928	0.05905	0.46949	0.10526	0.17515	0.00821	0.00434	0.00125	0.00205	0.11970	0.00373	0.00343
25	0.01308	0.03932	0.01078	0.00818	0.01092	0.06443	0.00671	0.68292	0.09344	0.02061	0.00888	0.00885	0.00643	0.00429	0.00354	0.00107	0.00401	0.00321	0.00343	0.00590
26	0.01299	0.00982	0.01063	0.00891	0.05762	0.03521	0.00690	0.65719	0.10256	0.04740	0.00925	0.00920	0.00665	0.00430	0.00359	0.00109	0.00390	0.00331	0.00348	0.00599
27	0.04023	0.54424	0.19998	0.00742	0.01079	0.12515	0.00774	0.01138	0.00771	0.00941	0.00539	0.00627	0.00458	0.00324	0.00267	0.00088	0.00448	0.00214	0.00160	0.00468
28	0.05490	0.01822	0.00881	0.00727	0.00957	0.04174	0.00582	0.32452	0.34910	0.04164	0.03943	0.01260	0.06067	0.00485	0.00359	0.00114	0.00332	0.00384	0.00349	0.00547
29	0.01355	0.00944	0.01121	0.00887	0.03817	0.01011	0.05780	0.64525	0.01518	0.13960	0.00928	0.00922	0.00646	0.00422	0.00364	0.00109	0.00397	0.00335	0.00355	0.00603
30	0.00962	0.87575	0.01885	0.00615	0.00923	0.01423	0.00615	0.01077	0.00731	0.00846	0.00500	0.00577	0.00462	0.00308	0.00231	0.00077	0.00385	0.00192	0.00154	0.00462
31	0.00748	0.00648	0.00768	0.00558	0.00858	0.00518	0.00448	0.00903	0.00734	0.01153	0.00629	0.00748	0.00529	0.00289	0.00323	0.00060	0.05575	0.00219	0.00210	0.84081
32	0.00477	0.00347	0.00442	0.00506	0.00538	0.00337	0.00341	0.00594	0.05822	0.00936	0.01884	0.71341	0.03013	0.09401	0.00586	0.00164	0.00229	0.02413	0.00325	0.00303
33	0.03399	0.00449	0.00713	0.00653	0.00746	0.00492	0.09085	0.00691	0.00609	0.00886	0.00994	0.06151	0.00961	0.09051	0.62868	0.00474	0.00814	0.00430	0.00202	0.00331
34	0.00619	0.00314	0.00464	0.00464	0.00464	0.00314	0.00307	0.00472	0.00472	0.00629	0.00653	0.01164	0.00663	0.06038	0.01429	0.84575	0.00314	0.00324	0.00160	0.00160
35	0.00487	0.00349	0.00472	0.00553	0.00595	0.00336	0.00412	0.00590	0.01558	0.00973	0.01953	0.60566	0.02271	0.01079	0.00470	0.00152	0.00247	0.26297	0.00333	0.00307
36	0.00679	0.00639	0.01079	0.86494	0.02477	0.00799	0.00999	0.00919	0.00719	0.00919	0.00639	0.00959	0.00480	0.00360	0.00360	0.00120	0.00480	0.00320	0.00160	0.00400
37	0.00804	0.05307	0.00699	0.00618	0.00761	0.00492	0.01300	0.02332	0.00904	0.18041	0.13741	0.02980	0.06987	0.00787	0.00437	0.00138	0.00300	0.42618	0.00353	0.00400
38	0.00530	0.00392	0.00513	0.00566	0.00653	0.00375	0.00473	0.00674	0.00839	0.01085	0.11501	0.08881	0.19815	0.00956	0.00471	0.00149	0.00274	0.51189	0.00339	0.00324
39	0.00477	0.00345	0.00460	0.00537	0.00582	0.00327	0.00399	0.00571	0.00737	0.00967	0.02076	0.57794	0.08037	0.01074	0.00467	0.00150	0.00242	0.24119	0.00333	0.00304
40	0.01614	0.00612	0.00835	0.00640	0.00918	0.00529	0.00529	0.01753	0.01030	0.85364	0.01419	0.01224	0.00890	0.00445	0.00362	0.00111	0.00306	0.00362	0.00445	0.00612
41	0.01376	0.00994	0.01071	0.00821	0.01109	0.01096	0.00678	0.81151	0.01669	0.05063	0.00882	0.00876	0.00621	0.00432	0.00360	0.00108	0.00393	0.00325	0.00363	0.00612
42	0.01318	0.01630	0.01084	0.00953	0.01155	0.75979	0.05317	0.06486	0.01051	0.00981	0.00584	0.00680	0.00477	0.00371	0.00332	0.00095	0.00631	0.00248	0.00196	0.00433
43	0.00679	0.00639	0.01079	0.86494	0.02477	0.00799	0.00999	0.00919	0.00719	0.00919	0.00639	0.00959	0.00480	0.00360	0.00360	0.00120	0.00480	0.00320	0.00160	0.00400
44	0.89899	0.00696	0.00529	0.00473	0.00696	0.00807	0.00390	0.01057	0.00612	0.01614	0.00501	0.00584	0.00390	0.00334	0.00223	0.00111	0.00278	0.00195	0.00223	0.00390
45	0.00895	0.00773	0.00813	0.00732	0.00935	0.00895	0.00569	0.01911	0.84465	0.01505	0.01464	0.01342	0.01098	0.00488	0.00366	0.00122	0.00285	0.00407	0.00366	0.00569
46	0.00438	0.00313	0.00417	0.00501	0.00522	0.00292	0.00334	0.00501	0.00689	0.00918	0.01983	0.87124	0.02379	0.01127	0.00459	0.00146	0.00209	0.01023	0.00334	0.00292
47	0.00577	0.00412	0.00577	0.00660	0.00742	0.00412	0.00576	0.00741	0.00826	0.01074	0.01906	0.05435	0.02075	0.00996	0.00496	0.00165	0.00329	0.81339	0.00331	0.00331
48	0.00774	0.20619	0.67197	0.00936	0.01418	0.00964	0.01173	0.01126	0.00753	0.01075	0.00614	0.00720	0.00457	0.00334	0.00317	0.00106	0.00499	0.00250	0.00152	0.00516
49	0.00438	0.00313	0.00417	0.00501	0.00522	0.00292	0.00334	0.00501	0.00689	0.00918	0.01983	0.87124	0.02379	0.01127	0.00459	0.00146	0.00209	0.01023	0.00334	0.00292
50	0.89899	0.00696	0.00529	0.00473	0.00696	0.00807	0.00390	0.01057	0.00612	0.01614	0.00501	0.00584	0.00390	0.00334	0.00223	0.00111	0.00278	0.00195	0.00223	0.00390
51	0.00493	0.00406	0.00438	0.00423	0.00544	0.00372	0.00319	0.00696	0.09266	0.01140	0.23224	0.03060	0.56677	0.00826	0.00419	0.00119	0.00189	0.00697	0.00352	0.00339
52	0.06564	0.00856	0.00902	0.00749	0.00984	0.00962	0.00600	0.41308	0.34758	0.01846	0.01144	0.05836	0.00891	0.00487	0.00359	0.00116	0.00334	0.00388	0.00352	0.00563
53	0.00746	0.00639	0.00746	0.00533	0.00852	0.00480	0.00426	0.00906	0.00746	0.01172	0.00639	0.00746	0.00533	0.00266	0.00266	0.00053	0.00266	0.00213	0.00213	0.89558
54	0.00446	0.00365	0.00393	0.00386	0.00498	0.00312	0.00289	0.00556	0.00868	0.01087	0.23497	0.03272	0.65044	0.00868	0.00425	0.00119	0.00179	0.00733	0.00349	0.00312
55	0.00462	0.00363	0.00418	0.00410	0.00510	0.00319	0.00305	0.00586	0.00899	0.01173	0.38838	0.07778	0.44961	0.00847	0.00427	0.00119	0.00178	0.00727	0.00361	0.00319
56	0.01042	0.00846	0.00896	0.00762	0.00992	0.00964	0.00605	0.27470	0.58667	0.01742	0.01277	0.01193	0.00946	0.00470	0.00364	0.00118	0.00319	0.00381	0.00364	0.00583
57	0.01399	0.00957	0.01048	0.00803	0.01090	0.01040	0.00664	0.73334	0.01606	0.12968	0.00935	0.00910	0.00648	0.00434	0.00360	0.00108	0.00384	0.00329	0.00371	0.00612
58	0.54996	0.00819	0.00746	0.00613	0.00861	0.00929	0.00506	0.33724	0.01038	0.01871	0.00644	0.00694	0.00477	0.00373	0.00277	0.00110	0.00325	0.00246	0.00277	0.00477
59	0.00575	0.00412	0.00571	0.00646	0.00728	0.00411	0.00558	0.00747	0.01744	0.01099	0.07001	0.06355	0.02150	0.00976	0.00490	0.00161	0.00317	0.74390	0.00336	0.00333
60	0.00451	0.00361	0.00401	0.00399	0.00501	0.00313	0.00295	0.00560	0.00859	0.01092	0.25707	0.09550	0.54985	0.02361	0.00452	0.00125	0.00184	0.00745	0.00349	0.00311
61	0.00533	0.00371	0.00465	0.00501	0.00541	0.00366	0.00366	0.00608	0.00676	0.00890	0.04397	0.09886	0.04846	0.42530	0.01130	0.00249	0.00319	0.30774	0.00279	0.00273
62	0.00849	0.00970	0.02122	0.01516	0.01880	0.00910	0.83808	0.01152	0.00849	0.01152	0.00728	0.00970	0.00546	0.00303	0.00424	0.00121	0.00606	0.00424	0.00182	0.00485
63	0.00510	0.00339	0.00434	0.00485	0.00512	0.00323	0.00323	0.00564	0.00662	0.03696	0.01719	0.55315	0.02008	0.25418	0.00845	0.00203	0.00259	0.05796	0.00305	0.00284
64	0.00446	0.00319	0.00426	0.00510	0.00534	0.00299	0.00348	0.00514	0.00696	0.00927	0.01978	0.82504	0.02362	0.01120	0.00461	0.00147	0.00216	0.05565	0.00334	0.00294
65	0.04268	0.00734	0.01168	0.00885	0.01164	0.00700	0.23835	0.04661	0.11200	0.39818	0.06787	0.01230	0.00960	0.00426	0.00379	0.00115	0.00381	0.00397	0.00348	0.00545
66	0.65564	0.00745	0.00633	0.00553	0.00776	0.03657	0.00455	0.11186	0.00794	0.06292	0.00687	0.00877	0.00554	0.00395	0.00268	0.00114	0.00310	0.05457	0.00257	0.00426
67	0.01118	0.00777	0.00862	0.00726	0.00954	0.00849	0.00577	0.23303	0.42595	0.16629	0.01331	0.06595	0.01014	0.00506	0.00369	0.00118	0.00313	0.00416	0.00376	0.00571
68	0.04290	0.04026	0.11871	0.02165	0.12768	0.14136	0.22958	0.01112	0.00775	0.01049	0.00606	0.00812	0.00498	0.00400	0.00553	0.00121	0.20905	0.00317	0.00173	0.00465
69	0.00456	0.00337	0.00427	0.00486	0.00536	0.00311	0.00345	0.00539	0.00744	0.00970	0.06896	0.55868	0.18558	0.02768	0.00482	0.00145	0.00217	0.09283	0.00335	0.00300
70	0.00436	0.00353	0.00388	0.00403	0.00499	0.00305	0.00293	0.00529	0.00810	0.01006	0.11301	0.21927	0.58610	0.00941	0.00433	0.00126	0.00187	0.00807	0.00340	0.00305
71	0.00891	0.29563	0.19221	0.03462	0.09255	0.02223	0.09942	0.06352	0.02860	0.01084	0.00620	0.00764	0.00507	0.00371	0.00424	0.00107	0.11407	0.00279	0.00178	0.00490
72	0.00517	0.00384	0.00488	0.00450	0.00553	0.00345	0.00339	0.00680	0.00986	0.01389	0.73306	0.02629	0.09684	0.00720	0.00415	0.00110	0.00177	0.00632	0.00380	0.05816
73	0.01120	0.44451	0.02774	0.02218	0.02177	0.38799	0.01819	0.01236	0.00862	0.00876	0.00535	0.00627	0.00465	0.00337	0.00280	0.00086	0.00509	0.00218	0.00169	0.00444
74	0.00540	0.00381	0.00499	0.00531	0.00580	0.00385	0.00390	0.02969	0.00690	0.00929	0.02615	0.27397	0.01705	0.22013	0.14082	0.02858	0.00396	0.18987	0.00278	0.01774
75	0.03632	0.25413	0.09710	0.00896	0.03560	0.09250	0.09847	0.25725	0.06231	0.01405	0.00717	0.00786	0.00555	0.00366	0.00322	0.00101	0.00444	0.00285	0.00237	0.00519
76	0.00676	0.00640	0.00582	0.00600	0.01613	0.16918	0.00425	0.05322	0.00854	0.01043	0.09804	0.46654	0.10945	0.01658	0.00432	0.00129	0.00301	0.00754	0.00310	0.00342
77	0.00881	0.00841	0.01416	0.02105	0.79940	0.00832	0.01062	0.01092	0.00815	0.01175	0.00674	0.00881	0.00567	0.00317	0.00351	0.00104	0.00417	0.00314	0.00180	0.06035
78	0.00966	0.06116	0.37853	0.00997	0.02759	0.05192	0.09584	0.21740	0.05167	0.02689	0.00744	0.00831	0.00545	0.00376	0.00373	0.00112	0.02894	0.00302	0.00224	0.00537
79	0.00962	0.87575	0.01885	0.00615	0.00923	0.01423	0.00615	0.01077	0.00731	0.00846	0.00500	0.00577	0.00462	0.00308	0.00231	0.00077	0.00385	0.00192	0.00154	0.00462
80	0.00714	0.00678	0.01158	0.69420	0.15387	0.00803	0.03365	0.00951	0.00744	0.00975	0.02052	0.00977	0.00544	0.00358	0.00362	0.00118	0.00470	0.00328	0.00167	0.00428
81	0.00904	0.04434	0.44013	0.00805	0.01178	0.03169	0.00905	0.01200	0.03221	0.20027	0.02055	0.03996	0.11595	0.00471	0.00358	0.00114	0.00413	0.00379	0.00257	0.00506
82	0.00492	0.00383	0.00521	0.00566	0.00613	0.01592	0.04001	0.00606	0.03960	0.00956	0.01884	0.75978	0.02211	0.01051	0.00453	0.00144	0.00240	0.03709	0.00326	0.00314
83	0.00551	0.00417	0.00554	0.00536	0.00561	0.00481	0.00382	0.00612	0.00551	0.00776	0.00998	0.03202	0.01061	0.41905	0.34693	0.00411	0.11372	0.00451	0.00202	0.00282
84	0.12660	0.09143	0.01628	0.01124	0.01433	0.03400	0.47634	0.10425	0.00903	0.02215	0.00719	0.00884	0.00547	0.00332	0.00359	0.00111	0.00492	0.00350	0.05167	0.00476
85	0.17892	0.00666	0.00705	0.00612	0.00817	0.00713	0.00487	0.09801	0.27469	0.16443	0.05212	0.04369	0.10894	0.00536	0.00352	0.00118	0.00280	0.01794	0.00348	0.00492
86	0.02682	0.00569	0.00757	0.00608	0.00843	0.00506	0.00491	0.01547	0.03404	0.66896	0.05547	0.09313	0.01152	0.00522	0.00368	0.00114	0.00285	0.00436	0.03407	0.00555
87	0.00882	0.00991	0.02013	0.01451	0.01802	0.03842	0.75919	0.03546	0.03549	0.01186	0.00749	0.00968	0.00562	0.00315	0.00417	0.00120	0.00592	0.00414	0.00193	0.00489
88	0.00874	0.00838	0.01431	0.08686	0.78763	0.00850	0.01096	0.01090	0.00811	0.01155	0.00674	0.00896	0.00563	0.00324	0.00356	0.00108	0.00431	0.00320	0.00177	0.00557
89	0.00458	0.00324	0.00424	0.00484	0.00514	0.00304	0.00326	0.00534	0.00727	0.00988	0.14154	0.67784	0.02436	0.06713	0.00541	0.00154	0.00211	0.00924	0.01706	0.00295
90	0.00510	0.00339	0.00387	0.00410	0.00443	0.00326	0.00262	0.00564	0.00640	0.00889	0.01685	0.25529	0.11991	0.39904	0.01043	0.00225	0.00262	0.00661	0.13663	0.00267
91	0.01598	0.00637	0.00850	0.00652	0.00931	0.00566	0.00539	0.06968	0.01072	0.80090	0.01384	0.01201	0.00873	0.00444	0.00362	0.00111	0.00312	0.00359	0.00440	0.00612
92	0.00448	0.00347	0.00401	0.00430	0.00504	0.00309	0.00305	0.00532	0.00771	0.00978	0.09801	0.32092	0.41305	0.06984	0.00537	0.00146	0.00206	0.03275	0.00331	0.00298
93	0.00457	0.00351	0.00401	0.00424	0.00510	0.00307	0.00304	0.00546	0.00796	0.02402	0.10305	0.31950	0.48047	0.00961	0.00436	0.00129	0.00192	0.00833	0.00341	0.00308
94	0.00449	0.00338	0.00419	0.00479	0.00535	0.00308	0.00343	0.00531	0.00741	0.00950	0.02451	0.54336	0.26038	0.01051	0.00453	0.00141	0.00214	0.09588	0.00334	0.00300
95	0.01235	0.00822	0.00915	0.00743	0.00995	0.00889	0.00600	0.34041	0.31758	0.20719	0.01254	0.01163	0.02251	0.00463	0.00364	0.00114	0.00331	0.00370	0.00381	0.00591
96	0.00561	0.00367	0.00452	0.00452	0.00515	0.00342	0.00314	0.00647	0.00774	0.06224	0.24997	0.20005	0.12032	0.26189	0.00841	0.00191	0.00246	0.03520	0.01023	0.00306
97	0.89899	0.00696	0.00529	0.00473	0.00696	0.00807	0.00390	0.01057	0.00612	0.01614	0.00501	0.00584	0.00390	0.00334	0.00223	0.00111	0.00278	0.00195	0.00223	0.00390
98	0.00872	0.00949	0.01938	0.01404	0.01747	0.00915	0.71528	0.04088	0.10339	0.01230	0.00816	0.01009	0.00611	0.00329	0.00416	0.00121	0.00563	0.00419	0.00209	0.00499
99	0.02646	0.00629	0.00841	0.00645	0.00923	0.00555	0.00533	0.04968	0.01051	0.81116	0.01386	0.01203	0.00874	0.00443	0.00360	0.00111	0.00309	0.00358	0.00439	0.00610
100	0.00755	0.00562	0.00628	0.00585	0.00734	0.00597	0.00446	0.01286	0.39186	0.07434	0.13065	0.13467	0.12712	0.00662	0.00389	0.00121	0.00241	0.01334	0.05343	0.00453
101	0.00578	0.00381	0.00500	0.00467	0.00561	0.00349	0.00351	0.00739	0.00998	0.07044	0.73736	0.07294	0.04140	0.00740	0.00422	0.00115	0.00181	0.00653	0.00395	0.00355
102	0.00598	0.00516	0.00892	0.00755	0.00886	0.00531	0.18661	0.02255	0.00733	0.01028	0.14657	0.06324	0.01324	0.05625	0.43107	0.00359	0.00675	0.00478	0.00236	0.00359
103	0.00504	0.00367	0.00474	0.00447	0.00534	0.00337	0.00335	0.00669	0.01006	0.01414	0.79933	0.02735	0.08404	0.00746	0.00424	0.00114	0.00170	0.00657	0.00392	0.00337
104	0.00541	0.00364	0.00454	0.00484	0.00532	0.00348	0.00330	0.02950	0.00709	0.04439	0.02644	0.46640	0.10477	0.20012	0.03249	0.01818	0.00273	0.03130	0.00307	0.00299
105	0.00967	0.00808	0.00854	0.00747	0.00963	0.00928	0.00587	0.14384	0.71875	0.01621	0.01373	0.01269	0.01024	0.00479	0.00365	0.00120	0.00302	0.00394	0.00365	0.00576
106	0.89899	0.00696	0.00529	0.00473	0.00696	0.00807	0.00390	0.01057	0.00612	0.01614	0.00501	0.00584	0.00390	0.00334	0.00223	0.00111	0.00278	0.00195	0.00223	0.00390
107	0.00631	0.00572	0.00537	0.00566	0.00624	0.14285	0.00400	0.00716	0.02169	0.00904	0.03092	0.39058	0.03949	0.19835	0.00739	0.00182	0.00326	0.10825	0.00286	0.00307
108	0.00514	0.00385	0.00578	0.00578	0.00642	0.00450	0.00450	0.00642	0.00578	0.00835	0.00963	0.01413	0.00899	0.02698	0.85933	0.00578	0.00963	0.00385	0.00193	0.00321
109	0.89899	0.00696	0.00529	0.00473	0.00696	0.00807	0.00390	0.01057	0.00612	0.01614	0.00501	0.00584	0.00390	0.00334	0.00223	0.00111	0.00278	0.00195	0.00223	0.00390
110	0.00956	0.05058	0.01259	0.07864	0.05324	0.12494	0.20496	0.08265	0.02215	0.04854	0.01453	0.00859	0.00577	0.00331	0.00337	0.00093	0.00443	0.00302	0.00220	0.26599
111	0.00733	0.00622	0.00723	0.00529	0.00822	0.00481	0.00416	0.00908	0.03123	0.01156	0.01829	0.00888	0.00635	0.05628	0.00367	0.00074	0.00271	0.00244	0.00220	0.80332
112	0.03053	0.01024	0.07272	0.01181	0.21296	0.03699	0.03611	0.44159	0.05928	0.03979	0.00829	0.00889	0.00613	0.00394	0.00356	0.00109	0.00417	0.00322	0.00289	0.00578
113	0.01033	0.45298	0.12993	0.00733	0.01049	0.06161	0.00718	0.12781	0.09748	0.05302	0.00721	0.00759	0.00570	0.00359	0.00290	0.00094	0.00407	0.00254	0.00221	0.00508
114	0.00441	0.00324	0.00415	0.00486	0.00524	0.00298	0.00333	0.00511	0.00713	0.00931	0.02226	0.71942	0.14608	0.01090	0.00455	0.00143	0.00209	0.03721	0.00334	0.00295
115	0.81465	0.00735	0.00563	0.00504	0.00724	0.03665	0.00411	0.01123	0.05776	0.01583	0.00562	0.00633	0.00436	0.00345	0.00235	0.00111	0.00291	0.00209	0.00230	0.00402
116	0.01111	0.00559	0.00736	0.00673	0.05956	0.00509	0.00492	0.02780	0.06064	0.42372	0.07017	0.08931	0.11602	0.01752	0.00433	0.03196	0.00280	0.00479	0.00372	0.04685
117	0.51072	0.00665	0.00660	0.00554	0.00781	0.00712	0.02805	0.05191	0.03677	0.17579	0.05628	0.01057	0.05985	0.00422	0.00291	0.00112	0.00287	0.00308	0.00292	0.01923
118	0.00537	0.00422	0.00509	0.05232	0.00666	0.00405	0.00377	0.05734	0.00932	0.01229	0.35906	0.02721	0.36864	0.00893	0.05844	0.00146	0.00256	0.00640	0.00342	0.00343
119	0.00800	0.00492	0.00527	0.00466	0.00596	0.00511	0.00364	0.19498	0.01010	0.01567	0.15386	0.01463	0.01274	0.00476	0.00305	0.00094	0.00219	0.00386	0.54167	0.00398
120	0.05451	0.00349	0.00416	0.00458	0.00503	0.00338	0.00310	0.00580	0.00702	0.01010	0.09070	0.50686	0.06489	0.13557	0.00623	0.00164	0.00225	0.00798	0.07976	0.00295
121	0.00438	0.00315	0.00415	0.00495	0.00520	0.00293	0.00331	0.00501	0.00694	0.00920	0.02051	0.83673	0.05786	0.01118	0.00458	0.00145	0.00208	0.01012	0.00334	0.00293
122	0.00437	0.00316	0.00414	0.00492	0.00520	0.00293	0.00330	0.00502	0.00697	0.00922	0.02085	0.81986	0.07452	0.01114	0.00457	0.00145	0.00207	0.01006	0.00334	0.00293
123	0.00459	0.00367	0.00412	0.00405	0.00513	0.00320	0.00307	0.00580	0.00889	0.01138	0.31652	0.03215	0.53945	0.00853	0.00427	0.00120	0.00183	0.03543	0.00355	0.00317
124	0.00489	0.00358	0.00436	0.00463	0.00512	0.00342	0.00314	0.00606	0.04539	0.01008	0.18329	0.38989	0.11878	0.19183	0.00733	0.00178	0.00231	0.00785	0.00323	0.00300
125	0.00849	0.00970	0.02122	0.01516	0.01880	0.00910	0.83808	0.01152	0.00849	0.01152	0.00728	0.00970	0.00546	0.00303	0.00424	0.00121	0.00606	0.00424	0.00182	0.00485
126	0.00438	0.00316	0.00414	0.00493	0.00520	0.00293	0.00331	0.00502	0.00696	0.00921	0.02075	0.82471	0.06972	0.01115	0.00457	0.00145	0.00207	0.01008	0.00334	0.00293
127	0.00537	0.00378	0.00470	0.00466	0.00559	0.00347	0.00358	0.00673	0.00897	0.04034	0.40548	0.06603	0.22600	0.05328	0.00505	0.00136	0.00213	0.13045	0.01972	0.00330
128	0.00644	0.00414	0.00486	0.00451	0.00528	0.00400	0.00309	0.03186	0.03859	0.08570	0.21901	0.02394	0.12398	0.41691	0.01080	0.00226	0.00279	0.00560	0.00306	0.00318
129	0.01560	0.00699	0.00888	0.00681	0.00961	0.00657	0.00563	0.19734	0.01174	0.67179	0.01298	0.01145	0.00829	0.00442	0.00361	0.00111	0.00326	0.00353	0.00427	0.00612
130	0.48790	0.00786	0.00751	0.00612	0.00864	0.00870	0.00505	0.28302	0.01023	0.13307	0.00746	0.00764	0.00531	0.00381	0.00287	0.00110	0.00321	0.00260	0.00298	0.00493
131	0.00500	0.00378	0.00451	0.00484	0.00550	0.00362	0.00348	0.00644	0.06457	0.00989	0.07215	0.33511	0.22221	0.13614	0.00648	0.00168	0.00240	0.10586	0.00323	0.00311
132	0.00445	0.00367	0.00392	0.00393	0.00503	0.00317	0.00293	0.00559	0.01898	0.01045	0.15347	0.08465	0.66242	0.00894	0.00427	0.00122	0.00185	0.01450	0.00343	0.00312
133	0.00527	0.00397	0.00491	0.00462	0.00560	0.00376	0.00348	0.00749	0.07146	0.01388	0.68571	0.02685	0.13462	0.00739	0.00420	0.00115	0.00180	0.00646	0.00386	0.00352
134	0.00441	0.00360	0.00393	0.00416	0.00516	0.00312	0.00312	0.00534	0.00797	0.00972	0.03188	0.18577	0.62614	0.00957	0.00438	0.00130	0.00200	0.08206	0.00334	0.00304
135	0.00443	0.00316	0.00423	0.00506	0.00529	0.00296	0.00342	0.00509	0.00693	0.00923	0.01980	0.84471	0.02369	0.01123	0.00460	0.00147	0.00213	0.03630	0.00334	0.00293
136	0.00438	0.00313	0.00417	0.00501	0.00522	0.00292	0.00334	0.00501	0.00689	0.00918	0.01983	0.87124	0.02379	0.01127	0.00459	0.00146	0.00209	0.01023	0.00334	0.00292
137	0.00962	0.87575	0.01885	0.00615	0.00923	0.01423	0.00615	0.01077	0.00731	0.00846	0.00500	0.00577	0.00462	0.00308	0.00231	0.00077	0.00385	0.00192	0.00154	0.00462
138	0.00721	0.01861	0.85495	0.01025	0.01557	0.00835	0.01329	0.01139	0.00759	0.01139	0.00646	0.00759	0.00456	0.00342	0.00342	0.00114	0.00532	0.00266	0.00152	0.00532
139	0.00438	0.00313	0.00417	0.00501	0.00522	0.00292	0.00334	0.00501	0.00689	0.00918	0.01983	0.87124	0.02379	0.01127	0.00459	0.00146	0.00209	0.01023	0.00334	0.00292
140	0.00451	0.00322	0.00426	0.00505	0.00530	0.00303	0.00339	0.01612	0.00702	0.00936	0.01968	0.85974	0.02356	0.01118	0.00458	0.00146	0.00211	0.01013	0.00334	0.00296
141	0.00942	0.00960	0.01872	0.01353	0.01695	0.00933	0.65363	0.15432	0.03111	0.02250	0.00816	0.00998	0.01712	0.00340	0.00411	0.00119	0.00553	0.00411	0.00222	0.00508
142	0.00890	0.00855	0.01460	0.02208	0.85115	0.00855	0.01104	0.01104	0.00819	0.01175	0.00677	0.00890	0.00570	0.00320	0.00356	0.00107	0.00427	0.00320	0.00178	0.00570
143	0.89899	0.00696	0.00529	0.00473	0.00696	0.00807	0.00390	0.01057	0.00612	0.01614	0.00501	0.00584	0.00390	0.00334	0.00223	0.00111	0.00278	0.00195	0.00223	0.00390
144	0.00514	0.00385	0.00578	0.00578	0.00642	0.00450	0.00450	0.00642	0.00578	0.00835	0.00963	0.01413	0.00899	0.02698	0.85933	0.00578	0.00963	0.00385	0.00193	0.00321
145	0.89899	0.00696	0.00529	0.00473	0.00696	0.00807	0.00390	0.01057	0.00612	0.01614	0.00501	0.00584	0.00390	0.00334	0.00223	0.00111	0.00278	0.00195	0.00223	0.00390
146	0.00440	0.00319	0.00412	0.00484	0.00514	0.00295	0.00324	0.00503	0.00696	0.00916	0.02113	0.76475	0.10186	0.03860	0.00500	0.00150	0.00211	0.00982	0.00330	0.00291
147	0.88536	0.00711	0.00536	0.00480	0.00702	0.02118	0.00394	0.01063	0.00618	0.01603	0.00502	0.00585	0.00391	0.00334	0.00224	0.00111	0.00284	0.00195	0.00222	0.00390
148	0.01364	0.01096	0.01072	0.00840	0.01115	0.11706	0.00685	0.73615	0.01607	0.02094	0.00825	0.00837	0.00593	0.00424	0.00355	0.00106	0.00427	0.00312	0.00338	0.00587
149	0.89899	0.00696	0.00529	0.00473	0.00696	0.00807	0.00390	0.01057	0.00612	0.01614	0.00501	0.00584	0.00390	0.00334	0.00223	0.00111	0.00278	0.00195	0.00223	0.00390
150	0.00444	0.00365	0.00391	0.00385	0.00498	0.00312	0.00288	0.00553	0.00865	0.01079	0.22241	0.03284	0.66304	0.00871	0.00425	0.00120	0.00179	0.00734	0.00348	0.00312
151	0.01360	0.01228	0.01061	0.00859	0.01114	0.27572	0.00687	0.58183	0.01482	0.01834	0.00768	0.00797	0.00565	0.00413	0.00349	0.00103	0.00475	0.00295	0.00305	0.00551
152	0.00437	0.00317	0.00414	0.00491	0.00519	0.00293	0.00330	0.00502	0.00698	0.00922	0.02097	0.81351	0.08078	0.01112	0.00457	0.00144	0.00207	0.01004	0.00334	0.00293
153	0.00523	0.00349	0.00392	0.00392	0.00392	0.00349	0.00218	0.00523	0.00523	0.00697	0.01133	0.02354	0.01308	0.87359	0.01831	0.00349	0.00349	0.00523	0.00218	0.00218
154	0.00548	0.00467	0.00485	0.00464	0.00603	0.00454	0.00354	0.00875	0.21617	0.01132	0.07603	0.02899	0.58636	0.00797	0.00411	0.00122	0.00209	0.01608	0.00345	0.00372
155	0.01546	0.00597	0.00813	0.00628	0.00895	0.00517	0.00517	0.01687	0.01029	0.80210	0.06548	0.01314	0.01044	0.00463	0.00366	0.00111	0.00298	0.00379	0.00442	0.00595
156	0.01015	0.00746	0.00813	0.00710	0.00924	0.00833	0.00558	0.05768	0.65519	0.13784	0.01419	0.01302	0.01039	0.00477	0.00361	0.00118	0.00289	0.00394	0.03360	0.00570
157	0.01288	0.01621	0.01022	0.00979	0.05763	0.78304	0.00704	0.01387	0.01001	0.00900	0.00667	0.00757	0.03312	0.00386	0.00329	0.00094	0.00621	0.00254	0.00190	0.00422
158	0.00504	0.00428	0.00444	0.00428	0.00543	0.03220	0.00322	0.00660	0.04396	0.01147	0.30423	0.03021	0.51541	0.00817	0.00419	0.00118	0.00198	0.00691	0.00351	0.00330
159	0.00824	0.00380	0.00417	0.00385	0.00500	0.00367	0.00297	0.00987	0.00799	0.15034	0.01213	0.01322	0.00917	0.00423	0.00269	0.00088	0.00190	0.00340	0.74866	0.00380
160	0.00729	0.01811	0.80858	0.01053	0.01575	0.00840	0.05916	0.01140	0.00764	0.01140	0.00650	0.00771	0.00461	0.00340	0.00346	0.00114	0.00536	0.00275	0.00154	0.00529
161	0.01194	0.01075	0.01328	0.06273	0.01387	0.12956	0.21205	0.46822	0.01329	0.01714	0.00773	0.00866	0.00566	0.00387	0.00371	0.00110	0.00488	0.00335	0.00279	0.00540
162	0.00444	0.00373	0.00383	0.00378	0.00498	0.00317	0.00284	0.01576	0.00848	0.01028	0.10562	0.03363	0.76933	0.00890	0.00424	0.00121	0.00184	0.00744	0.00340	0.00311
163	0.00510	0.00373	0.00441	0.00447	0.00516	0.00352	0.00325	0.00615	0.01831	0.01023	0.21203	0.02980	0.24248	0.27856	0.00872	0.00197	0.00257	0.14124	0.01536	0.00293
164	0.00625	0.00312	0.00469	0.00469	0.00469	0.00312	0.00312	0.00469	0.00469	0.00625	0.00625	0.01093	0.00625	0.01250	0.01406	0.89535	0.00312	0.00312	0.00156	0.00156
165	0.00905	0.00894	0.01409	0.07345	0.74842	0.06075	0.01072	0.01113	0.00825	0.01141	0.00667	0.00880	0.00558	0.00326	0.00354	0.00107	0.00444	0.00315	0.00177	0.00550
166	0.01548	0.00621	0.00824	0.00635	0.00905	0.00551	0.00524	0.06270	0.01054	0.76480	0.01418	0.01247	0.02317	0.00452	0.00359	0.00110	0.00304	0.00366	0.03419	0.00598
167	0.00517	0.00352	0.00402	0.00410	0.00423	0.00347	0.00246	0.00534	0.00565	0.00745	0.01366	0.06099	0.06534	0.73602	0.01612	0.00316	0.00332	0.05128	0.00236	0.00233
168	0.01445	0.00883	0.01002	0.00768	0.01053	0.00930	0.00635	0.57983	0.01482	0.28494	0.01039	0.00977	0.00700	0.00436	0.00360	0.00109	0.00367	0.00336	0.00387	0.00612
169	0.00734	0.00623	0.00726	0.00525	0.00827	0.00472	0.00415	0.00884	0.00734	0.01146	0.00667	0.00835	0.00576	0.05110	0.00353	0.00070	0.00271	0.00230	0.00213	0.84589
170	0.00911	0.00805	0.00948	0.03750	0.16723	0.03029	0.00685	0.01714	0.62615	0.02846	0.01267	0.01226	0.00960	0.00449	0.00363	0.00118	0.00327	0.00383	0.00321	0.00561
171	0.00843	0.00700	0.00760	0.00683	0.00866	0.00789	0.00533	0.06899	0.60893	0.01530	0.17324	0.01645	0.01532	0.00546	0.00380	0.00121	0.00271	0.02794	0.00370	0.00522
172	0.00571	0.00437	0.00520	0.00487	0.00585	0.00437	0.00365	0.07745	0.01932	0.01186	0.28335	0.04943	0.26382	0.10605	0.11222	0.00201	0.02781	0.00606	0.00321	0.00340
173	0.01146	0.04341	0.00990	0.00887	0.03690	0.56088	0.00658	0.03403	0.06479	0.00950	0.00682	0.00870	0.00594	0.06058	0.05737	0.00145	0.06382	0.00281	0.00201	0.00418
174	0.00917	0.00781	0.00807	0.00713	0.00917	0.02981	0.00559	0.12436	0.61978	0.01535	0.02612	0.01506	0.08246	0.00526	0.00372	0.00120	0.00299	0.01796	0.00358	0.00541
175	0.69960	0.00663	0.00571	0.00495	0.00722	0.00732	0.00407	0.01145	0.00694	0.15773	0.00831	0.00853	0.05178	0.00385	0.00257	0.00112	0.00278	0.00254	0.00267	0.00423
176	0.00717	0.00691	0.01104	0.77638	0.08292	0.03667	0.00996	0.00950	0.00736	0.00936	0.00639	0.00944	0.00485	0.00357	0.00358	0.00118	0.00481	0.00317	0.00162	0.00412
177	0.89899	0.00696	0.00529	0.00473	0.00696	0.00807	0.00390	0.01057	0.00612	0.01614	0.00501	0.00584	0.00390	0.00334	0.00223	0.00111	0.00278	0.00195	0.00223	0.00390
178	0.00735	0.01618	0.00767	0.00707	0.08784	0.01456	0.01539	0.01000	0.12209	0.03561	0.05111	0.06674	0.14156	0.00484	0.00337	0.00090	0.00274	0.00412	0.00271	0.39815
179	0.00726	0.01831	0.82690	0.01042	0.01568	0.00838	0.04104	0.01140	0.00762	0.01140	0.00648	0.00767	0.00459	0.00340	0.00345	0.00114	0.00534	0.00271	0.00153	0.00530
180	0.00531	0.00367	0.00441	0.05191	0.00522	0.00379	0.00274	0.00552	0.00537	0.00718	0.01096	0.02223	0.01239	0.77759	0.06479	0.00349	0.00391	0.00504	0.00213	0.00234
181	0.00740	0.08378	0.79138	0.00994	0.01509	0.00880	0.01275	0.01134	0.00757	0.01117	0.00634	0.00746	0.00456	0.00339	0.00333	0.00111	0.00520	0.00260	0.00152	0.00526
182	0.89899	0.00696	0.00529	0.00473	0.00696	0.00807	0.00390	0.01057	0.00612	0.01614	0.00501	0.00584	0.00390	0.00334	0.00223	0.00111	0.00278	0.00195	0.00223	0.00390
183	0.01525	0.00644	0.00834	0.00645	0.00912	0.00590	0.00531	0.11877	0.01095	0.69907	0.01335	0.01187	0.00858	0.00442	0.00355	0.00109	0.00309	0.00355	0.05895	0.00595
184	0.00473	0.00353	0.00440	0.00451	0.00525	0.00320	0.00328	0.00594	0.00875	0.01180	0.41733	0.26497	0.20434	0.01711	0.00449	0.00128	0.00189	0.02639	0.00362	0.00317
185	0.00451	0.00364	0.00401	0.00395	0.00502	0.00314	0.00295	0.00565	0.00877	0.01113	0.28231	0.05400	0.58104	0.00863	0.00426	0.00120	0.00179	0.00733	0.00353	0.00314
186	0.01566	0.00712	0.00880	0.00679	0.00956	0.03494	0.00559	0.14698	0.01134	0.69418	0.01302	0.01148	0.00832	0.00441	0.00360	0.00110	0.00332	0.00351	0.00423	0.00606
187	0.00490	0.00353	0.00443	0.00500	0.00530	0.00346	0.00335	0.00602	0.05806	0.00916	0.01774	0.61014	0.02068	0.18744	0.00736	0.00187	0.00247	0.04303	0.00312	0.00296
188	0.00512	0.00352	0.00402	0.00399	0.00420	0.00343	0.00240	0.00542	0.00612	0.00816	0.11788	0.03938	0.08350	0.68102	0.01518	0.00298	0.00311	0.00567	0.00252	0.00241
189	0.00801	0.00773	0.01066	0.00914	0.00934	0.01060	0.00759	0.05470	0.00616	0.00942	0.00526	0.00832	0.00508	0.00754	0.06692	0.00182	0.76278	0.00320	0.00171	0.00401
190	0.00441	0.00315	0.00420	0.00499	0.00522	0.00294	0.00334	0.00507	0.00700	0.00936	0.04773	0.84283	0.02413	0.01114	0.00458	0.00145	0.00207	0.01010	0.00336	0.00294
191	0.00446	0.00318	0.00422	0.00503	0.00525	0.00298	0.00338	0.00510	0.00688	0.00916	0.01950	0.81375	0.02331	0.04127	0.00508	0.00154	0.00218	0.03753	0.00330	0.00291
192	0.08354	0.00437	0.00517	0.00495	0.00592	0.00427	0.00364	0.01942	0.00753	0.14605	0.09269	0.11152	0.05053	0.29553	0.00872	0.00201	0.00290	0.11489	0.03293	0.00343
193	0.00881	0.00671	0.00746	0.00653	0.00836	0.00733	0.00511	0.11910	0.43824	0.06722	0.24458	0.01696	0.03682	0.00557	0.00382	0.00117	0.00266	0.00469	0.00378	0.00508
194	0.00672	0.00509	0.00826	0.45319	0.04226	0.00594	0.00700	0.01850	0.00627	0.00818	0.00637	0.01014	0.00547	0.00746	0.00813	0.38917	0.00404	0.00317	0.00162	0.00302
195	0.00938	0.05830	0.01222	0.07642	0.40536	0.17438	0.00849	0.01113	0.00831	0.01080	0.00633	0.00801	0.00529	0.00321	0.00325	0.00092	0.00439	0.00274	0.00184	0.18925
196	0.01127	0.47016	0.01491	0.00805	0.03828	0.38456	0.00667	0.01236	0.00860	0.00872	0.00531	0.00619	0.00466	0.00336	0.00276	0.00085	0.00502	0.00214	0.00168	0.00446
197	0.00890	0.00855	0.01460	0.02208	0.85115	0.00855	0.01104	0.01104	0.00819	0.01175	0.00677	0.00890	0.00570	0.00320	0.00356	0.00107	0.00427	0.00320	0.00178	0.00570
198	0.06927	0.00718	0.01145	0.02416	0.21698	0.00719	0.18028	0.04468	0.08852	0.08710	0.01117	0.11806	0.03611	0.07569	0.00498	0.00137	0.00388	0.00463	0.00258	0.00471
199	0.00866	0.00650	0.00990	0.61383	0.02004	0.03571	0.00857	0.01072	0.00786	0.17004	0.01661	0.03632	0.00655	0.00470	0.02802	0.00131	0.00455	0.00351	0.00224	0.00435
200	0.01614	0.00612	0.00835	0.00640	0.00918	0.00529	0.00529	0.01753	0.01030	0.85364	0.01419	0.01224	0.00890	0.00445	0.00362	0.00111	0.00306	0.00362	0.00445	0.00612
201	0.00439	0.00318	0.00415	0.00490	0.00519	0.00294	0.00330	0.00505	0.00704	0.00932	0.03608	0.79399	0.08514	0.01104	0.00456	0.00144	0.00206	0.00996	0.00335	0.00294
202	0.00653	0.00596	0.01010	0.14715	0.13965	0.00630	0.13364	0.00834	0.00762	0.01052	0.14525	0.04306	0.05642	0.05010	0.17463	0.00221	0.04171	0.00458	0.00228	0.00396
203	0.00739	0.06598	0.78040	0.01019	0.01532	0.00871	0.04064	0.01136	0.00761	0.01123	0.00640	0.00756	0.00459	0.00339	0.00338	0.00112	0.00526	0.00267	0.00153	0.00526
204	0.01531	0.00614	0.00816	0.00631	0.00900	0.00539	0.00519	0.05118	0.01044	0.76700	0.01532	0.01347	0.06043	0.00473	0.00366	0.00112	0.00302	0.00385	0.00435	0.00593
205	0.00526	0.00353	0.00408	0.00416	0.00424	0.00353	0.00250	0.00540	0.00551	0.00733	0.01215	0.04538	0.01394	0.78406	0.01692	0.00329	0.00344	0.07070	0.00230	0.00229
206	0.00523	0.00371	0.00522	0.00522	0.00565	0.00414	0.00380	0.00600	0.00557	0.00786	0.00988	0.01644	0.00991	0.25129	0.58442	0.05906	0.00761	0.00418	0.00197	0.00284
207	0.00679	0.00639	0.01079	0.86494	0.02477	0.00799	0.00999	0.00919	0.00719	0.00919	0.00639	0.00959	0.00480	0.00360	0.00360	0.00120	0.00480	0.00320	0.00160	0.00400
208	0.00902	0.10845	0.21463	0.01139	0.02624	0.00946	0.35924	0.11255	0.03415	0.02421	0.00726	0.00866	0.00544	0.00334	0.00364	0.00109	0.00505	0.00335	0.00204	0.05079
209	0.04173	0.06232	0.01057	0.14604	0.01297	0.60157	0.00727	0.02889	0.00939	0.00935	0.00574	0.00710	0.00472	0.00402	0.01493	0.00105	0.02384	0.00248	0.00184	0.00418

[dist]
# distance from previous block
# <min> <max>
0	7

[block]
# block no. 2 follows, 77 sequences, length 91
# corresponding to MSA columns:
# 932-940,942-957,959-992,1001-1010,1033-1054
name=unknown_C
#
# <colnr> <probs for GDERKNQSTAVLIFYWHMCP>
#	G	D	E	R	K	N	Q	S	T	A	V	L	I	F	Y	W	H	M	C	P
0	0.00481	0.00326	0.00434	0.00503	0.00536	0.00302	0.00341	0.00552	0.00716	0.03802	0.05855	0.80254	0.02376	0.01085	0.00454	0.00143	0.00210	0.00983	0.00341	0.00305
1	0.00753	0.00646	0.00749	0.00542	0.00856	0.00499	0.00433	0.00953	0.04674	0.01188	0.00678	0.00774	0.00559	0.00277	0.00271	0.00057	0.00267	0.00222	0.00220	0.85382
2	0.01344	0.01714	0.01019	0.00927	0.01112	0.85915	0.00695	0.01436	0.01019	0.00880	0.00556	0.00649	0.00463	0.00371	0.00324	0.00093	0.00649	0.00232	0.00185	0.00417
3	0.00507	0.00369	0.00466	0.00503	0.00582	0.00345	0.00395	0.00637	0.00834	0.01113	0.19769	0.20254	0.20406	0.00917	0.00445	0.00137	0.00231	0.26626	0.05144	0.00319
4	0.00667	0.00454	0.00566	0.00577	0.00661	0.00460	0.00454	0.07350	0.03629	0.04415	0.01615	0.06471	0.05156	0.25285	0.00870	0.02422	0.00327	0.37985	0.00303	0.00334
