[name]
unknown

[dist]
# distance from previous block
# <min> <max>
1	124

[block]
# block no. 0 follows, 66 sequences, length 82
# corresponding to MSA columns:
# 182-202,205-265
name=unknown_A
#
# <colnr> <probs for GDERKNQSTAVLIFYWHMCP>
#	G	D	E	R	K	N	Q	S	T	A	V	L	I	F	Y	W	H	M	C	P
0	0.02677	0.33047	0.05651	0.04821	0.03833	0.02379	0.07188	0.17850	0.01102	0.09966	0.00959	0.02610	0.03213	0.00440	0.00354	0.00112	0.00447	0.00346	0.02441	0.00565
1	0.02416	0.04863	0.01941	0.11840	0.12935	0.06396	0.09917	0.11161	0.05068	0.07804	0.03394	0.10321	0.01041	0.06258	0.01619	0.00154	0.01582	0.00479	0.00287	0.00522
2	0.02077	0.02275	0.03442	0.06431	0.12139	0.02019	0.03742	0.00907	0.05875	0.01166	0.04007	0.25511	0.19285	0.02464	0.02873	0.00162	0.02621	0.02263	0.00310	0.00431
3	0.01250	0.00811	0.01232	0.03965	0.04179	0.04370	0.18447	0.06196	0.01909	0.32052	0.04865	0.09391	0.01131	0.00657	0.04346	0.00154	0.00468	0.00495	0.01964	0.02116
4	0.00893	0.00739	0.00854	0.00633	0.00975	0.00601	0.00504	0.01192	0.10998	0.03926	0.00864	0.00942	0.00693	0.00338	0.00318	0.00072	0.00304	0.00273	0.00270	0.74613
5	0.00998	0.00791	0.02618	0.27382	0.09949	0.00861	0.00833	0.18123	0.04753	0.05012	0.01097	0.02912	0.02518	0.00499	0.00418	0.00127	0.02675	0.02863	0.15049	0.00523
6	0.00585	0.00395	0.00452	0.00453	0.00461	0.00394	0.00262	0.00598	0.00618	0.00826	0.03633	0.04555	0.03047	0.77294	0.04520	0.00384	0.00402	0.00607	0.00256	0.00257
7	0.03012	0.06083	0.12269	0.08418	0.07649	0.01765	0.00793	0.07539	0.01835	0.13618	0.08038	0.03668	0.01068	0.02146	0.14640	0.00216	0.02341	0.00413	0.00289	0.04203
8	0.00749	0.00494	0.00597	0.00571	0.00689	0.00478	0.00423	0.03104	0.08630	0.09874	0.23186	0.17380	0.14771	0.12172	0.00685	0.00175	0.00273	0.04940	0.00395	0.00413
9	0.02261	0.06938	0.02571	0.15242	0.07986	0.21178	0.07634	0.13366	0.01062	0.01323	0.00716	0.00899	0.00574	0.00431	0.00477	0.00120	0.09269	0.00325	0.00230	0.07399
10	0.23713	0.00869	0.02789	0.04249	0.11065	0.00851	0.06677	0.11796	0.01038	0.22023	0.00945	0.00994	0.00673	0.00410	0.00359	0.00118	0.00400	0.00331	0.00318	0.10382
11	0.17334	0.16142	0.11546	0.04065	0.03359	0.09089	0.03966	0.22596	0.03207	0.02588	0.00759	0.00848	0.00581	0.00417	0.00364	0.00118	0.01895	0.00301	0.00265	0.00561
12	0.01083	0.14107	0.15863	0.03335	0.04666	0.12149	0.28317	0.06615	0.02437	0.03471	0.00771	0.00935	0.00594	0.00393	0.00433	0.00123	0.03577	0.00359	0.00218	0.00554
13	0.00506	0.00411	0.00449	0.00442	0.00565	0.00354	0.00330	0.00633	0.00985	0.01244	0.26196	0.05206	0.59309	0.00977	0.00480	0.00135	0.00202	0.00828	0.00396	0.00354
14	0.00986	0.09518	0.18918	0.14994	0.12251	0.02554	0.11997	0.05164	0.05106	0.05868	0.03364	0.01066	0.00731	0.00426	0.00441	0.00127	0.04463	0.00367	0.01101	0.00559
15	0.00534	0.00428	0.00482	0.00475	0.00596	0.00378	0.00352	0.00691	0.03478	0.01258	0.25225	0.13270	0.46979	0.00967	0.00477	0.00136	0.00211	0.00829	0.00393	0.02842
16	0.00494	0.00365	0.00463	0.00537	0.00582	0.00333	0.00365	0.00574	0.00813	0.01064	0.05038	0.69273	0.16180	0.01217	0.00510	0.00159	0.00229	0.01091	0.00379	0.00333
17	0.03218	0.08543	0.06091	0.09116	0.11034	0.07650	0.07879	0.12154	0.10264	0.03977	0.01967	0.01099	0.00762	0.00718	0.09665	0.00180	0.01790	0.00366	0.00264	0.03264
18	0.04110	0.05057	0.19149	0.01016	0.02599	0.03685	0.06621	0.24000	0.17241	0.03144	0.01007	0.02971	0.00773	0.00487	0.00461	0.00130	0.06263	0.00381	0.00302	0.00602
19	0.00841	0.00721	0.00841	0.00601	0.00961	0.00541	0.00481	0.01022	0.00841	0.01322	0.00721	0.00841	0.00601	0.00300	0.00300	0.00060	0.00300	0.00240	0.00240	0.88222
20	0.01312	0.04937	0.06933	0.06138	0.04811	0.04707	0.02636	0.24243	0.10366	0.20860	0.05810	0.01264	0.02146	0.00497	0.00415	0.00125	0.01423	0.00400	0.00365	0.00615
21	0.02563	0.15097	0.32509	0.01080	0.01500	0.03468	0.16543	0.06562	0.00970	0.06944	0.03670	0.01006	0.00713	0.00434	0.01149	0.00127	0.02139	0.00349	0.02615	0.00564
22	0.00590	0.00393	0.00442	0.00442	0.00442	0.00393	0.00246	0.00590	0.00590	0.00787	0.01278	0.02655	0.01475	0.85742	0.02065	0.00393	0.00393	0.00590	0.00246	0.00246
23	0.00605	0.00477	0.00743	0.00708	0.00792	0.00548	0.04309	0.00753	0.00667	0.00959	0.01089	0.03641	0.01030	0.04327	0.74080	0.00596	0.03630	0.00455	0.00220	0.00370
24	0.03816	0.12248	0.18682	0.04808	0.08719	0.08349	0.10436	0.18636	0.01926	0.03420	0.00840	0.03200	0.00670	0.02002	0.00416	0.00126	0.00523	0.00359	0.00252	0.00573
25	0.00988	0.00904	0.05774	0.04363	0.08517	0.00941	0.01807	0.07960	0.42964	0.04069	0.01414	0.10894	0.01178	0.00601	0.00478	0.00139	0.05565	0.00501	0.00351	0.00588
26	0.00499	0.00355	0.00469	0.00559	0.00582	0.00333	0.00370	0.00566	0.00768	0.01024	0.02191	0.81604	0.02627	0.05221	0.00590	0.00175	0.00243	0.01127	0.00370	0.00326
27	0.00832	0.00758	0.01243	0.05703	0.52030	0.00761	0.00955	0.01034	0.02147	0.01226	0.01241	0.27738	0.01293	0.00654	0.00439	0.00135	0.00404	0.00613	0.00259	0.00535
28	0.04775	0.21327	0.16401	0.00960	0.01292	0.10805	0.09706	0.09235	0.06041	0.04858	0.00840	0.01028	0.00683	0.04515	0.01311	0.00137	0.03949	0.01354	0.00242	0.00540
29	0.05001	0.00813	0.01289	0.08372	0.48722	0.00841	0.01019	0.03385	0.00924	0.01320	0.01127	0.04025	0.02269	0.00567	0.00450	0.00138	0.02056	0.16885	0.00250	0.00547
30	0.00484	0.00411	0.00417	0.00416	0.00551	0.00344	0.00312	0.00591	0.00935	0.01121	0.07796	0.03864	0.79345	0.01018	0.00479	0.00137	0.00205	0.00851	0.00380	0.00344
31	0.07189	0.00826	0.04898	0.16021	0.09113	0.00825	0.03525	0.18149	0.02665	0.09714	0.01245	0.19227	0.01150	0.00633	0.00425	0.00137	0.00413	0.02997	0.00320	0.00528
32	0.08582	0.01102	0.01225	0.14338	0.13503	0.20404	0.05972	0.06960	0.04467	0.09272	0.02030	0.02616	0.00720	0.00461	0.00458	0.00127	0.06605	0.00362	0.00262	0.00533
33	0.01802	0.00719	0.00959	0.00736	0.01050	0.00639	0.00608	0.07157	0.01210	0.78243	0.01560	0.01355	0.00984	0.00501	0.00408	0.00125	0.00352	0.00405	0.00496	0.00690
34	0.00950	0.01181	0.16766	0.10316	0.44089	0.02682	0.11647	0.01289	0.04723	0.01296	0.00799	0.01015	0.00631	0.00378	0.00409	0.00126	0.00533	0.00368	0.00204	0.00599
35	0.00961	0.07710	0.11279	0.33617	0.12279	0.06943	0.02162	0.07630	0.01887	0.01220	0.00720	0.00961	0.00568	0.00435	0.00493	0.00130	0.09941	0.00338	0.00204	0.00522
36	0.00804	0.00743	0.01217	0.79850	0.02702	0.00922	0.01107	0.04815	0.00860	0.01107	0.00731	0.01074	0.00548	0.00413	0.00417	0.00135	0.01542	0.00361	0.00191	0.00462
37	0.00503	0.00410	0.00444	0.00440	0.00563	0.00352	0.00328	0.00626	0.00974	0.01222	0.23033	0.06242	0.61475	0.00987	0.00480	0.00136	0.00203	0.00836	0.00394	0.00352
38	0.00583	0.00398	0.00481	0.00486	0.00500	0.00410	0.00299	0.00612	0.00611	0.00827	0.01296	0.06938	0.01459	0.66595	0.16457	0.00427	0.00507	0.00593	0.00248	0.00271
39	0.00493	0.00377	0.00451	0.00509	0.00576	0.00338	0.00354	0.00576	0.00831	0.01057	0.02913	0.52783	0.32343	0.02414	0.00527	0.00158	0.00229	0.02361	0.00375	0.00334
40	0.01612	0.01004	0.01133	0.00871	0.01191	0.01064	0.00719	0.57502	0.03168	0.25741	0.01166	0.01101	0.00790	0.00493	0.00407	0.00123	0.00415	0.00379	0.00434	0.00689
41	0.01313	0.01006	0.01076	0.00880	0.01162	0.01129	0.00709	0.44206	0.37670	0.04460	0.01293	0.01225	0.00942	0.00516	0.00409	0.00129	0.00388	0.00408	0.00412	0.00669
42	0.00494	0.00353	0.00471	0.00565	0.00588	0.00330	0.00377	0.00565	0.00777	0.01036	0.02236	0.85477	0.02683	0.01271	0.00518	0.00165	0.00235	0.01153	0.00377	0.00330
43	0.00580	0.00435	0.00652	0.00652	0.00724	0.00507	0.00507	0.00724	0.00652	0.00942	0.01087	0.01594	0.01014	0.03043	0.84134	0.00652	0.01087	0.00435	0.00217	0.00362
44	0.00496	0.00404	0.00436	0.00444	0.00559	0.00347	0.00325	0.00604	0.00929	0.01151	0.14036	0.13897	0.61230	0.02673	0.00515	0.00144	0.00211	0.00872	0.00383	0.00344
45	0.88607	0.00785	0.00596	0.00534	0.00785	0.00910	0.00439	0.01193	0.00690	0.01820	0.00565	0.00659	0.00439	0.00377	0.00251	0.00126	0.00314	0.00220	0.00251	0.00439
46	0.01080	0.01009	0.05338	0.07441	0.51196	0.00993	0.03390	0.11816	0.05652	0.04874	0.00867	0.01043	0.00681	0.00406	0.00426	0.00125	0.02416	0.00370	0.00249	0.00629
47	0.01124	0.03291	0.25646	0.01024	0.04636	0.03665	0.00963	0.22752	0.26751	0.03397	0.01092	0.01102	0.00803	0.00469	0.00408	0.00128	0.01430	0.00369	0.00318	0.00633
48	0.00847	0.04543	0.66866	0.01239	0.01797	0.00978	0.15525	0.01285	0.00873	0.01277	0.00739	0.00892	0.00532	0.00377	0.00398	0.00129	0.00609	0.00329	0.00177	0.00588
49	0.04511	0.07375	0.01243	0.08756	0.09846	0.05989	0.03107	0.04675	0.12461	0.03782	0.00881	0.03677	0.00756	0.01465	0.03379	0.00160	0.26793	0.00385	0.00247	0.00514
50	0.00889	0.08068	0.65589	0.01182	0.03712	0.03226	0.06674	0.03781	0.00903	0.01294	0.00728	0.00861	0.00530	0.00383	0.00383	0.00125	0.00589	0.00308	0.00183	0.00591
51	0.00498	0.00357	0.00470	0.00556	0.00584	0.00333	0.00371	0.00570	0.00783	0.01042	0.03926	0.79390	0.04718	0.03610	0.00559	0.00170	0.00238	0.01121	0.00374	0.00329
52	0.00563	0.00419	0.00491	0.00483	0.00600	0.00371	0.00364	0.00700	0.00994	0.03816	0.31175	0.09509	0.42648	0.01001	0.02027	0.00147	0.00229	0.03694	0.00402	0.00368
53	0.02378	0.28317	0.20175	0.00951	0.04975	0.03349	0.03590	0.08205	0.07249	0.09336	0.00975	0.02007	0.03220	0.01194	0.00394	0.00118	0.02402	0.00339	0.00257	0.00571
54	0.01046	0.00630	0.00720	0.00638	0.00817	0.02052	0.00498	0.03815	0.20726	0.19805	0.09241	0.07121	0.03845	0.00683	0.02990	0.00141	0.01912	0.00501	0.22300	0.00519
55	0.00492	0.00379	0.00451	0.00502	0.00574	0.00337	0.00350	0.00581	0.00852	0.01088	0.06890	0.49738	0.34001	0.01155	0.00501	0.00152	0.00222	0.01017	0.00380	0.00337
56	0.04714	0.13987	0.09007	0.13820	0.02692	0.04268	0.18812	0.15819	0.01060	0.04941	0.00792	0.00961	0.00604	0.00464	0.02032	0.00135	0.04745	0.00354	0.00243	0.00550
57	0.01004	0.18740	0.21992	0.07318	0.09660	0.02696	0.09585	0.07450	0.06530	0.04037	0.00876	0.04604	0.00715	0.00442	0.00406	0.00123	0.02654	0.00369	0.00234	0.00566
58	0.01688	0.00765	0.03076	0.04680	0.01149	0.00680	0.00656	0.09101	0.02151	0.67793	0.02971	0.01349	0.00996	0.00500	0.00408	0.00126	0.00367	0.00406	0.00468	0.00671
59	0.00505	0.00360	0.00482	0.00577	0.00605	0.00338	0.00394	0.00583	0.00787	0.01047	0.02230	0.80292	0.02661	0.01261	0.00521	0.00166	0.00244	0.06237	0.00376	0.00332
60	0.01749	0.06165	0.07802	0.30773	0.14976	0.02530	0.03525	0.11165	0.08062	0.07109	0.00907	0.01921	0.00688	0.00429	0.00397	0.00127	0.00488	0.00368	0.00257	0.00562
61	0.01159	0.03745	0.05697	0.17955	0.18294	0.05365	0.04040	0.05342	0.06421	0.19976	0.03121	0.02723	0.00850	0.00493	0.01500	0.00134	0.01916	0.00394	0.00297	0.00579
62	0.01313	0.01566	0.03346	0.05267	0.17499	0.50354	0.05089	0.04929	0.04661	0.01181	0.00730	0.00868	0.00590	0.00410	0.00385	0.00114	0.00638	0.00311	0.00222	0.00527
63	0.00950	0.02195	0.06805	0.00855	0.08469	0.00673	0.01753	0.05694	0.00931	0.05972	0.00814	0.00964	0.00657	0.00350	0.00334	0.00081	0.00357	0.01756	0.00257	0.60130
64	0.02228	0.25692	0.12626	0.01170	0.08148	0.10103	0.15831	0.07912	0.05591	0.02103	0.00760	0.00891	0.00606	0.00401	0.00410	0.00117	0.04304	0.00327	0.00222	0.00559
65	0.00495	0.00355	0.00470	0.00560	0.00588	0.00330	0.00375	0.00568	0.00785	0.01044	0.03160	0.82407	0.04841	0.01260	0.00516	0.00164	0.00234	0.01141	0.00377	0.00330
66	0.00952	0.00955	0.02692	0.11838	0.44184	0.01004	0.13653	0.01258	0.06418	0.01268	0.00798	0.01046	0.00651	0.00420	0.00530	0.00133	0.11025	0.00385	0.00210	0.00580
67	0.00584	0.00401	0.00522	0.00527	0.00606	0.00370	0.00382	0.00734	0.01016	0.03506	0.50839	0.29430	0.04939	0.00956	0.00483	0.00139	0.00210	0.00852	0.03132	0.00373
68	0.01035	0.00828	0.00943	0.00810	0.00990	0.03264	0.00645	0.28639	0.14991	0.01646	0.04538	0.01389	0.01024	0.05018	0.24483	0.00293	0.08193	0.00423	0.00322	0.00527
69	0.00522	0.00399	0.00448	0.00464	0.00545	0.00360	0.00323	0.00607	0.00844	0.01069	0.10603	0.17088	0.40776	0.20642	0.00855	0.00202	0.00258	0.03319	0.00353	0.00323
70	0.00571	0.00460	0.00687	0.00694	0.00759	0.00457	0.07053	0.00691	0.02034	0.01089	0.04110	0.64706	0.04235	0.01129	0.00559	0.00162	0.05083	0.04805	0.00354	0.00362
71	0.00780	0.00589	0.00680	0.00656	0.00796	0.00618	0.00495	0.02939	0.29582	0.05262	0.15398	0.24216	0.09098	0.02431	0.00495	0.00149	0.00275	0.04661	0.00405	0.00474
72	0.01085	0.85986	0.02126	0.00694	0.01041	0.01605	0.00694	0.01215	0.00824	0.00955	0.00564	0.00651	0.00521	0.00347	0.00260	0.00087	0.00434	0.00217	0.00174	0.00521
73	0.17013	0.00598	0.00725	0.00631	0.00832	0.00602	0.00504	0.02853	0.00913	0.32219	0.03403	0.07042	0.02463	0.01183	0.21379	0.00258	0.00504	0.00444	0.05929	0.00505
74	0.00707	0.00672	0.00637	0.00680	0.00738	0.15676	0.00481	0.00787	0.00838	0.01025	0.01835	0.61512	0.02146	0.03021	0.00566	0.00160	0.04444	0.03382	0.00333	0.00360
75	0.00766	0.00721	0.01217	0.84767	0.02794	0.00901	0.01127	0.01037	0.00811	0.01037	0.00721	0.01082	0.00541	0.00406	0.00406	0.00135	0.00541	0.00361	0.00180	0.00451
76	0.54265	0.00834	0.00757	0.00634	0.00895	0.00934	0.00520	0.21275	0.01037	0.07485	0.00796	0.00853	0.00587	0.00420	0.00303	0.00122	0.00339	0.00281	0.07150	0.00514
77	0.01028	0.00871	0.00921	0.00825	0.01057	0.01005	0.00643	0.02993	0.80258	0.03084	0.01643	0.01506	0.01229	0.00549	0.00413	0.00137	0.00323	0.00457	0.00414	0.00643
78	0.00766	0.00721	0.01217	0.84767	0.02794	0.00901	0.01127	0.01037	0.00811	0.01037	0.00721	0.01082	0.00541	0.00406	0.00406	0.00135	0.00541	0.00361	0.00180	0.00451
79	0.00836	0.01707	0.60328	0.01053	0.01568	0.00842	0.05009	0.01226	0.00863	0.03598	0.00837	0.05447	0.00663	0.00421	0.00385	0.00120	0.00531	0.00348	0.00204	0.14014
80	0.14710	0.03346	0.05262	0.00818	0.02591	0.00924	0.00682	0.18699	0.14606	0.24559	0.01193	0.03791	0.00877	0.00553	0.01901	0.00138	0.03982	0.00388	0.00374	0.00606
81	0.03292	0.00795	0.02944	0.00748	0.05856	0.02151	0.00569	0.01164	0.02756	0.08274	0.00814	0.00905	0.00644	0.00333	0.00320	0.00075	0.00331	0.00268	0.00262	0.67499

[dist]
# distance from previous block
# <min> <max>
1	6

[block]
# block no. 1 follows, 66 sequences, length 14
# corresponding to MSA columns:
# 283-296
name=unknown_B
#
# <colnr> <probs for GDERKNQSTAVLIFYWHMCP>
#	G	D	E	R	K	N	Q	S	T	A	V	L	I	F	Y	W	H	M	C	P
0	0.01285	0.00897	0.00953	0.00762	0.01013	0.00983	0.00619	0.54418	0.04615	0.02209	0.01105	0.01157	0.00816	0.00485	0.00369	0.00114	0.00364	0.00373	0.26869	0.00594
1	0.01252	0.00918	0.00980	0.00787	0.01053	0.00999	0.00636	0.46943	0.15937	0.02123	0.01144	0.01163	0.00848	0.00483	0.00377	0.00115	0.00366	0.00376	0.17023	0.06478
2	0.04274	0.00658	0.00871	0.00682	0.00969	0.00576	0.00559	0.01786	0.01130	0.70477	0.06745	0.01629	0.06650	0.00554	0.00412	0.00126	0.00325	0.00452	0.00483	0.00641
3	0.01281	0.01020	0.01149	0.02683	0.04388	0.04105	0.03147	0.50295	0.10593	0.02050	0.01146	0.10702	0.00960	0.00580	0.00458	0.00131	0.03865	0.00465	0.00368	0.00614
4	0.00618	0.00430	0.00543	0.00592	0.00661	0.00411	0.00422	0.06071	0.00890	0.03931	0.02308	0.63534	0.10347	0.01159	0.00506	0.00159	0.00260	0.06404	0.00383	0.00370
5	0.00503	0.00362	0.00478	0.00562	0.00595	0.00337	0.00382	0.00584	0.00807	0.01077	0.06992	0.75923	0.05303	0.01234	0.00515	0.00162	0.00236	0.03234	0.00381	0.00334
6	0.05067	0.00668	0.00829	0.03411	0.00968	0.00658	0.00563	0.16682	0.01175	0.32749	0.10203	0.22211	0.01619	0.00715	0.00435	0.00135	0.00326	0.00609	0.00425	0.00550
7	0.03086	0.00899	0.04209	0.06985	0.04051	0.02475	0.05352	0.12598	0.04553	0.01487	0.00795	0.00922	0.00629	0.00367	0.00370	0.00092	0.02416	0.00299	0.00259	0.48157
8	0.00494	0.00353	0.00471	0.00565	0.00588	0.00330	0.00377	0.00565	0.00777	0.01036	0.02236	0.85477	0.02683	0.01271	0.00518	0.00165	0.00235	0.01153	0.00377	0.00330
9	0.00720	0.02411	0.02739	0.00744	0.05927	0.00544	0.03465	0.02154	0.07873	0.05924	0.24105	0.21524	0.16314	0.00858	0.00468	0.00139	0.00284	0.02989	0.00379	0.00438
10	0.01054	0.01983	0.14223	0.15823	0.16842	0.00895	0.04525	0.07280	0.07031	0.13979	0.01111	0.03888	0.03439	0.01449	0.00474	0.00135	0.04603	0.00413	0.00280	0.00574
11	0.00963	0.10651	0.29530	0.07469	0.13533	0.00981	0.12406	0.03351	0.04086	0.06551	0.00916	0.04235	0.00739	0.00440	0.00401	0.00127	0.00522	0.02295	0.00230	0.00573
12	0.00631	0.00478	0.00623	0.00597	0.00619	0.00552	0.00419	0.00687	0.00613	0.00861	0.01111	0.02077	0.01198	0.48423	0.26575	0.00439	0.13051	0.00509	0.00227	0.00310
13	0.42437	0.04861	0.01013	0.00812	0.05560	0.00883	0.08867	0.06144	0.00851	0.01614	0.00668	0.00789	0.00530	0.00358	0.00306	0.00107	0.00371	0.00268	0.00247	0.23312

[dist]
# distance from previous block
# <min> <max>
0	1

[block]
# block no. 2 follows, 66 sequences, length 13
# corresponding to MSA columns:
# 298-310
name=unknown_C
#
# <colnr> <probs for GDERKNQSTAVLIFYWHMCP>
#	G	D	E	R	K	N	Q	S	T	A	V	L	I	F	Y	W	H	M	C	P
0	0.09192	0.43170	0.14049	0.00880	0.03000	0.09235	0.02281	0.05777	0.00899	0.01194	0.00625	0.00741	0.00527	0.00397	0.00381	0.00108	0.06558	0.00260	0.00198	0.00527
1	0.00796	0.00780	0.01402	0.71720	0.02688	0.00921	0.13789	0.01078	0.00834	0.01078	0.00737	0.01084	0.00553	0.00396	0.00417	0.00135	0.00563	0.00379	0.00184	0.00466
2	0.00606	0.00422	0.00530	0.00498	0.00607	0.00384	0.00375	0.00783	0.01106	0.04177	0.65993	0.03056	0.15364	0.00836	0.00470	0.00128	0.00198	0.00730	0.03349	0.00387
3	0.00917	0.29402	0.27305	0.09683	0.03783	0.01177	0.02110	0.02262	0.02047	0.01109	0.00694	0.00924	0.00587	0.04633	0.00556	0.00135	0.11658	0.00308	0.00186	0.00522
4	0.00567	0.00416	0.00473	0.00461	0.00581	0.00365	0.00345	0.00703	0.00993	0.03890	0.29486	0.08320	0.45874	0.00934	0.00470	0.00133	0.00206	0.00797	0.04621	0.00368
5	0.00947	0.00747	0.01056	0.48589	0.01971	0.02951	0.00872	0.13387	0.00967	0.06275	0.00873	0.01240	0.00700	0.08403	0.00650	0.07179	0.00484	0.00383	0.01865	0.00460
6	0.00564	0.00395	0.00526	0.00610	0.00657	0.00382	0.00456	0.00672	0.00817	0.01093	0.02102	0.49343	0.02418	0.07589	0.00641	0.00187	0.00292	0.27453	0.03465	0.00340
7	0.00583	0.00422	0.00590	0.00590	0.00641	0.00474	0.00430	0.00685	0.00634	0.00896	0.01143	0.01907	0.01150	0.27429	0.59934	0.00576	0.00882	0.00480	0.00226	0.00328
8	0.00861	0.00799	0.01212	0.24277	0.14904	0.00996	0.00947	0.01025	0.00752	0.03022	0.00848	0.01249	0.03570	0.04782	0.00891	0.00165	0.36820	0.02205	0.00205	0.00469
9	0.01124	0.00962	0.00981	0.00837	0.01096	0.05117	0.00660	0.17756	0.55006	0.01797	0.01381	0.01306	0.01036	0.00508	0.00399	0.00126	0.00364	0.00410	0.00385	0.08748
10	0.00944	0.00857	0.00892	0.00661	0.01006	0.08316	0.00526	0.05765	0.00932	0.01363	0.00727	0.00839	0.00599	0.00322	0.00313	0.00068	0.00349	0.00250	0.00247	0.75025
11	0.01266	0.04532	0.08633	0.01114	0.09829	0.25567	0.02078	0.08087	0.10688	0.11866	0.03242	0.01050	0.00790	0.00478	0.00483	0.00124	0.08974	0.00350	0.00285	0.00564
12	0.00566	0.00422	0.00585	0.00726	0.08220	0.00409	0.00444	0.00652	0.00767	0.01045	0.03730	0.57956	0.02228	0.13095	0.05296	0.00217	0.00325	0.00937	0.02028	0.00351

[dist]
# distance from previous block
# <min> <max>
4	7

[block]
# block no. 3 follows, 66 sequences, length 12
# corresponding to MSA columns:
# 318-329
name=unknown_D
#
# <colnr> <probs for GDERKNQSTAVLIFYWHMCP>
#	G	D	E	R	K	N	Q	S	T	A	V	L	I	F	Y	W	H	M	C	P
0	0.01096	0.00945	0.03032	0.17223	0.36036	0.02810	0.04257	0.12797	0.03245	0.08591	0.02277	0.01119	0.00740	0.02068	0.00455	0.00131	0.01941	0.00380	0.00263	0.00594
1	0.00573	0.00425	0.00548	0.00571	0.00639	0.00427	0.00418	0.00715	0.04008	0.01154	0.16352	0.32109	0.13208	0.03836	0.11135	0.04213	0.02891	0.04694	0.01730	0.00354
2	0.00663	0.00465	0.00551	0.00534	0.00658	0.00433	0.00401	0.00881	0.07842	0.07418	0.27409	0.15048	0.29557	0.02888	0.00513	0.00145	0.00236	0.03547	0.00407	0.00403
3	0.05950	0.00725	0.00827	0.00597	0.00951	0.00562	0.00478	0.01032	0.00833	0.01351	0.00712	0.00831	0.00592	0.00305	0.00298	0.00064	0.00301	0.00239	0.00241	0.83112
4	0.01013	0.00921	0.01443	0.19093	0.42080	0.02797	0.05524	0.07586	0.00983	0.03824	0.00792	0.01010	0.00627	0.00378	0.00395	0.00118	0.00484	0.00354	0.00227	0.10351
5	0.00766	0.00721	0.01217	0.84767	0.02794	0.00901	0.01127	0.01037	0.00811	0.01037	0.00721	0.01082	0.00541	0.00406	0.00406	0.00135	0.00541	0.00361	0.00180	0.00451
6	0.00545	0.00399	0.00451	0.00456	0.00512	0.00377	0.00298	0.00602	0.00750	0.00964	0.07035	0.09499	0.28470	0.42270	0.05413	0.00289	0.00342	0.00722	0.00309	0.00298
7	0.01411	0.12554	0.01266	0.01026	0.03801	0.68282	0.00772	0.01523	0.01094	0.01002	0.00735	0.00832	0.03179	0.00427	0.00357	0.00104	0.00669	0.00278	0.00210	0.00478
8	0.00814	0.02099	0.83640	0.01156	0.01756	0.00942	0.01499	0.01285	0.00857	0.01285	0.00728	0.00857	0.00514	0.00385	0.00385	0.00128	0.00600	0.00300	0.00171	0.00600
9	0.72965	0.00757	0.00623	0.00560	0.00799	0.00860	0.00462	0.04308	0.00776	0.04209	0.00808	0.01021	0.02506	0.00446	0.00286	0.00128	0.00317	0.04927	0.02793	0.00449
10	0.00645	0.00397	0.00536	0.00537	0.00556	0.00407	0.00365	0.00575	0.00621	0.00821	0.01376	0.12417	0.10701	0.14409	0.01381	0.47969	0.05259	0.00550	0.00236	0.00241
11	0.88607	0.00785	0.00596	0.00534	0.00785	0.00910	0.00439	0.01193	0.00690	0.01820	0.00565	0.00659	0.00439	0.00377	0.00251	0.00126	0.00314	0.00220	0.00251	0.00439

[dist]
# distance from previous block
# <min> <max>
0	1

[block]
# block no. 4 follows, 66 sequences, length 12
# corresponding to MSA columns:
# 331-342
name=unknown_E
#
# <colnr> <probs for GDERKNQSTAVLIFYWHMCP>
#	G	D	E	R	K	N	Q	S	T	A	V	L	I	F	Y	W	H	M	C	P
0	0.00655	0.00514	0.00610	0.00642	0.00732	0.00539	0.00458	0.01059	0.25711	0.01263	0.05589	0.56264	0.02293	0.01032	0.00484	0.00155	0.00260	0.00923	0.00391	0.00427
1	0.00877	0.00873	0.01829	0.01360	0.01650	0.00826	0.56792	0.01081	0.00849	0.01146	0.00866	0.01325	0.00734	0.00653	0.00761	0.22204	0.00583	0.04940	0.00207	0.00444
2	0.00888	0.00888	0.01243	0.01065	0.01065	0.01243	0.00888	0.00976	0.00621	0.00976	0.00533	0.00888	0.00533	0.00710	0.01331	0.00178	0.84999	0.00355	0.00178	0.00444
3	0.04197	0.00541	0.00705	0.00712	0.00865	0.00527	0.00601	0.01116	0.05393	0.16518	0.01999	0.08085	0.04940	0.00929	0.00500	0.00164	0.00347	0.48625	0.00392	0.02843
4	0.01004	0.00964	0.01647	0.02490	0.83211	0.00964	0.01245	0.01245	0.00924	0.01325	0.00763	0.01004	0.00643	0.00361	0.00402	0.00120	0.00482	0.00361	0.00201	0.00643
5	0.00532	0.00387	0.00474	0.00504	0.00577	0.00359	0.00358	0.00631	0.00859	0.01145	0.15058	0.33928	0.25830	0.03097	0.06330	0.03507	0.00284	0.00870	0.04932	0.00339
6	0.00580	0.00435	0.00652	0.00652	0.00724	0.00507	0.00507	0.00724	0.00652	0.00942	0.01087	0.01594	0.01014	0.03043	0.84134	0.00652	0.01087	0.00435	0.00217	0.00362
7	0.77767	0.00734	0.00569	0.00514	0.00746	0.00844	0.00420	0.01162	0.00710	0.01782	0.00659	0.00764	0.00513	0.00388	0.00255	0.00122	0.00298	0.00239	0.11078	0.00432
8	0.00844	0.00475	0.00579	0.00527	0.00632	0.00448	0.00371	0.00966	0.03330	0.17762	0.18682	0.02560	0.08654	0.37716	0.01150	0.00244	0.00319	0.02180	0.02171	0.00390
9	0.01085	0.85986	0.02126	0.00694	0.01041	0.01605	0.00694	0.01215	0.00824	0.00955	0.00564	0.00651	0.00521	0.00347	0.00260	0.00087	0.00434	0.00217	0.00174	0.00521
10	0.01192	0.58898	0.05738	0.00805	0.01134	0.18481	0.00756	0.06863	0.00967	0.01089	0.00613	0.00699	0.00532	0.00373	0.00298	0.00095	0.00504	0.00240	0.00197	0.00526
11	0.00985	0.23551	0.45825	0.01012	0.01475	0.05673	0.02761	0.06984	0.03980	0.01282	0.00730	0.00835	0.00558	0.00397	0.00377	0.00118	0.02389	0.00292	0.00200	0.00576

[dist]
# distance from previous block
# <min> <max>
0	1

[block]
# block no. 5 follows, 66 sequences, length 9
# corresponding to MSA columns:
# 344-352
name=unknown_F
#
# <colnr> <probs for GDERKNQSTAVLIFYWHMCP>
#	G	D	E	R	K	N	Q	S	T	A	V	L	I	F	Y	W	H	M	C	P
0	0.00515	0.00407	0.00464	0.00461	0.00573	0.00356	0.00341	0.00646	0.00991	0.01281	0.32239	0.11110	0.47218	0.00979	0.00483	0.00136	0.00203	0.00840	0.00402	0.00356
1	0.00515	0.00411	0.00465	0.00485	0.00597	0.00361	0.00369	0.00635	0.00934	0.01169	0.13438	0.14791	0.52482	0.01047	0.00494	0.00146	0.00228	0.10699	0.00385	0.00350
2	0.00512	0.00393	0.00474	0.00531	0.00609	0.00355	0.00390	0.00612	0.00858	0.01086	0.02962	0.41461	0.34334	0.01153	0.00509	0.00157	0.00244	0.12643	0.00376	0.00341
3	0.01506	0.01118	0.01197	0.00926	0.01244	0.01241	0.00762	0.76368	0.07457	0.02498	0.01021	0.01011	0.00728	0.00491	0.00406	0.00123	0.00438	0.00372	0.00406	0.00687
4	0.88607	0.00785	0.00596	0.00534	0.00785	0.00910	0.00439	0.01193	0.00690	0.01820	0.00565	0.00659	0.00439	0.00377	0.00251	0.00126	0.00314	0.00220	0.00251	0.00439
5	0.01667	0.00762	0.01199	0.00897	0.01228	0.00672	0.14976	0.01857	0.01125	0.68926	0.01462	0.01330	0.00935	0.00474	0.00421	0.00128	0.00405	0.00421	0.00450	0.00665
6	0.01520	0.01792	0.01162	0.01025	0.01255	0.69430	0.00782	0.15840	0.01284	0.01270	0.00689	0.00775	0.00552	0.00430	0.00373	0.00108	0.00681	0.00280	0.00244	0.00509
7	0.00576	0.00487	0.00808	0.00760	0.00858	0.00454	0.14791	0.00696	0.00817	0.01086	0.02083	0.66249	0.06527	0.01094	0.00509	0.00158	0.00313	0.01018	0.00346	0.00369
8	0.04186	0.01152	0.01111	0.00870	0.01182	0.13236	0.00705	0.50287	0.01542	0.05054	0.00888	0.00920	0.00653	0.00441	0.00376	0.00109	0.00454	0.00325	0.00346	0.16162

[dist]
# distance from previous block
# <min> <max>
0	1

[block]
# block no. 6 follows, 66 sequences, length 17
# corresponding to MSA columns:
# 354-370
name=unknown_G
#
# <colnr> <probs for GDERKNQSTAVLIFYWHMCP>
#	G	D	E	R	K	N	Q	S	T	A	V	L	I	F	Y	W	H	M	C	P
0	0.01148	0.04997	0.08542	0.10049	0.09497	0.17235	0.04312	0.17006	0.11045	0.01471	0.00897	0.01067	0.00708	0.00467	0.00456	0.00126	0.06235	0.01992	0.02191	0.00560
1	0.01147	0.61850	0.09583	0.00786	0.01150	0.03610	0.00785	0.14648	0.01016	0.01253	0.00649	0.00726	0.00548	0.00376	0.00299	0.00097	0.00459	0.00251	0.00213	0.00555
2	0.00602	0.00467	0.00694	0.00682	0.00749	0.00560	0.00534	0.00743	0.00650	0.00944	0.01047	0.01543	0.00980	0.02876	0.78197	0.00618	0.07103	0.00429	0.00214	0.00368
3	0.00590	0.00393	0.00442	0.00442	0.00442	0.00393	0.00246	0.00590	0.00590	0.00787	0.01278	0.02655	0.01475	0.85742	0.02065	0.00393	0.00393	0.00590	0.00246	0.00246
4	0.00985	0.00835	0.00907	0.00841	0.03605	0.00945	0.00634	0.07096	0.64707	0.01705	0.07537	0.01693	0.05541	0.00585	0.00420	0.00135	0.00319	0.00490	0.00406	0.00611
5	0.01407	0.15563	0.01312	0.05257	0.01298	0.66430	0.00787	0.01524	0.01079	0.00989	0.00622	0.00736	0.00523	0.00406	0.00351	0.00103	0.00673	0.00259	0.00202	0.00478
6	0.00766	0.00721	0.01217	0.84767	0.02794	0.00901	0.01127	0.01037	0.00811	0.01037	0.00721	0.01082	0.00541	0.00406	0.00406	0.00135	0.00541	0.00361	0.00180	0.00451
7	0.00896	0.00974	0.02041	0.03833	0.01894	0.00926	0.64838	0.01227	0.03132	0.01288	0.02745	0.06442	0.00947	0.00472	0.00483	0.00142	0.00611	0.06356	0.00238	0.00518
8	0.01085	0.85986	0.02126	0.00694	0.01041	0.01605	0.00694	0.01215	0.00824	0.00955	0.00564	0.00651	0.00521	0.00347	0.00260	0.00087	0.00434	0.00217	0.00174	0.00521
9	0.00766	0.00721	0.01217	0.84767	0.02794	0.00901	0.01127	0.01037	0.00811	0.01037	0.00721	0.01082	0.00541	0.00406	0.00406	0.00135	0.00541	0.00361	0.00180	0.00451
10	0.00580	0.00435	0.00652	0.00652	0.00724	0.00507	0.00507	0.00724	0.00652	0.00942	0.01087	0.01594	0.01014	0.03043	0.84134	0.00652	0.01087	0.00435	0.00217	0.00362
11	0.00673	0.00584	0.00793	0.00746	0.00799	0.00710	0.00596	0.00785	0.00746	0.01043	0.05812	0.09672	0.14073	0.04716	0.18484	0.00277	0.30349	0.08489	0.00271	0.00383
12	0.00747	0.00567	0.01993	0.02871	0.04253	0.00564	0.02661	0.04540	0.00957	0.07190	0.20020	0.27378	0.10784	0.00877	0.00553	0.00144	0.08412	0.01934	0.03131	0.00424
13	0.00570	0.00394	0.00446	0.00453	0.00473	0.00386	0.00270	0.00591	0.00645	0.00846	0.01683	0.08690	0.11381	0.67263	0.03983	0.00353	0.00378	0.00658	0.00270	0.00267
14	0.01184	0.04015	0.05923	0.04279	0.13712	0.05376	0.12669	0.27765	0.10838	0.03380	0.00971	0.01119	0.00747	0.00504	0.02014	0.00137	0.02584	0.01878	0.00300	0.00608
15	0.10093	0.05065	0.07055	0.00894	0.01203	0.16997	0.00767	0.42954	0.01452	0.05869	0.00871	0.00909	0.00638	0.00450	0.00371	0.00117	0.00486	0.00322	0.02886	0.00600
16	0.03669	0.00972	0.03007	0.08176	0.26456	0.04518	0.12820	0.03254	0.03469	0.06417	0.00800	0.01015	0.00641	0.00455	0.00595	0.00134	0.18018	0.00369	0.01457	0.03758

[dist]
# distance from previous block
# <min> <max>
1	2

[block]
# block no. 7 follows, 66 sequences, length 22
# corresponding to MSA columns:
# 373-394
name=unknown_H
#
# <colnr> <probs for GDERKNQSTAVLIFYWHMCP>
#	G	D	E	R	K	N	Q	S	T	A	V	L	I	F	Y	W	H	M	C	P
0	0.00517	0.00378	0.00458	0.00504	0.00553	0.00349	0.00337	0.00589	0.00800	0.01046	0.08866	0.45546	0.19228	0.17934	0.00814	0.00201	0.00257	0.00947	0.00356	0.00320
1	0.01295	0.00822	0.00930	0.00782	0.01034	0.02343	0.00621	0.12812	0.36609	0.27029	0.07662	0.03758	0.01312	0.00565	0.00417	0.00131	0.00341	0.00466	0.00437	0.00633
2	0.04260	0.43840	0.13994	0.00878	0.01240	0.09768	0.05614	0.11814	0.01008	0.01281	0.00681	0.00778	0.00556	0.00382	0.00322	0.00104	0.00496	0.00272	0.02168	0.00545
3	0.00622	0.00453	0.00663	0.00651	0.00722	0.00525	0.00502	0.00755	0.00659	0.03065	0.01097	0.01647	0.01034	0.09228	0.72992	0.00603	0.03750	0.00443	0.00226	0.00364
4	0.00604	0.00426	0.00577	0.00580	0.00633	0.00454	0.01870	0.00706	0.00692	0.00992	0.01372	0.14325	0.01441	0.25986	0.32718	0.00409	0.01959	0.04351	0.09575	0.00331
5	0.06811	0.02198	0.01838	0.04639	0.00889	0.00725	0.00549	0.10476	0.00840	0.10685	0.01008	0.01549	0.00932	0.24625	0.10127	0.09542	0.11461	0.00424	0.00270	0.00413
6	0.07465	0.13553	0.08760	0.08526	0.14813	0.04717	0.08313	0.19862	0.02640	0.06377	0.00827	0.00942	0.00625	0.00408	0.00376	0.00120	0.00489	0.00336	0.00266	0.00587
7	0.00514	0.00382	0.00458	0.00503	0.00561	0.00350	0.00344	0.00593	0.00817	0.01056	0.07790	0.42629	0.25259	0.14120	0.00743	0.00190	0.00251	0.02753	0.00361	0.00325
8	0.00776	0.00724	0.01051	0.00912	0.00989	0.00891	0.07925	0.00976	0.06771	0.01130	0.06632	0.15478	0.05657	0.00887	0.04791	0.00183	0.40676	0.00564	0.02551	0.00434
9	0.01003	0.07839	0.12787	0.18097	0.10171	0.10411	0.14204	0.06423	0.06864	0.01274	0.00833	0.03111	0.00670	0.00435	0.00442	0.00128	0.04168	0.00376	0.00224	0.00540
10	0.10106	0.00627	0.00793	0.02457	0.00924	0.00629	0.04334	0.03337	0.13073	0.22374	0.01736	0.30144	0.04626	0.02347	0.00467	0.00147	0.00319	0.00672	0.00387	0.00501
11	0.00613	0.00450	0.00534	0.00518	0.00629	0.00421	0.00384	0.00824	0.06948	0.03906	0.37233	0.10875	0.25814	0.06491	0.00582	0.00153	0.00231	0.02605	0.00405	0.00386
12	0.04165	0.00916	0.01006	0.00798	0.01078	0.00983	0.00651	0.45693	0.09761	0.17466	0.01193	0.01166	0.00842	0.00491	0.00386	0.00121	0.00377	0.00380	0.11891	0.00637
13	0.02536	0.11083	0.01403	0.16298	0.06744	0.03809	0.06682	0.37959	0.03872	0.03514	0.00885	0.01848	0.00669	0.00444	0.00391	0.00122	0.00480	0.00361	0.00303	0.00597
14	0.00552	0.00399	0.00499	0.00536	0.00578	0.00395	0.00369	0.00627	0.00749	0.01001	0.04125	0.34382	0.12089	0.24643	0.08637	0.00268	0.02140	0.05417	0.02275	0.00318
15	0.01555	0.01116	0.01205	0.00924	0.01248	0.01227	0.00763	0.78118	0.01873	0.06347	0.01003	0.00993	0.00705	0.00488	0.00406	0.00122	0.00442	0.00367	0.00410	0.00690
16	0.00601	0.00439	0.00603	0.00595	0.00636	0.00498	0.00429	0.00684	0.00625	0.00882	0.01117	0.01921	0.01144	0.31793	0.49198	0.03028	0.04778	0.00483	0.00224	0.00320
17	0.00850	0.02618	0.03406	0.25787	0.15881	0.02759	0.14387	0.05196	0.03043	0.01229	0.01112	0.19727	0.01069	0.00585	0.00438	0.00137	0.00480	0.00552	0.00249	0.00496
18	0.00589	0.00406	0.00519	0.00531	0.00617	0.00370	0.00387	0.00725	0.00982	0.04900	0.37791	0.31562	0.14799	0.01005	0.00492	0.00143	0.00221	0.03177	0.00413	0.00372
19	0.00873	0.03113	0.10056	0.06522	0.08556	0.00826	0.10882	0.07392	0.10511	0.03684	0.04748	0.18519	0.03507	0.00705	0.01994	0.00149	0.04975	0.02177	0.00299	0.00511
20	0.00871	0.00721	0.04628	0.00692	0.02221	0.00597	0.00562	0.03349	0.00860	0.07545	0.01021	0.10506	0.00923	0.00743	0.08855	0.00151	0.05277	0.00397	0.04407	0.45675
21	0.06057	0.05632	0.03493	0.02394	0.03229	0.06347	0.00722	0.39246	0.12440	0.04135	0.02328	0.01103	0.02503	0.00474	0.00380	0.00117	0.00420	0.00362	0.02184	0.06433

[dist]
# distance from previous block
# <min> <max>
2	36

[block]
# block no. 8 follows, 66 sequences, length 13
# corresponding to MSA columns:
# 438-450
name=unknown_I
#
# <colnr> <probs for GDERKNQSTAVLIFYWHMCP>
#	G	D	E	R	K	N	Q	S	T	A	V	L	I	F	Y	W	H	M	C	P
0	0.09441	0.07701	0.12573	0.01036	0.04316	0.04269	0.15388	0.11477	0.06061	0.10849	0.00928	0.01050	0.00699	0.00415	0.00380	0.00118	0.00472	0.01897	0.00282	0.10648
1	0.35855	0.10512	0.01071	0.04346	0.10392	0.04926	0.00670	0.11692	0.04099	0.08665	0.00785	0.00860	0.00597	0.00404	0.00322	0.00118	0.00395	0.00288	0.00279	0.03724
2	0.00623	0.00430	0.00573	0.00567	0.00616	0.00460	0.00402	0.00700	0.00685	0.03350	0.05643	0.07997	0.04324	0.31067	0.34689	0.03712	0.03011	0.00564	0.00262	0.00325
3	0.01079	0.05007	0.14744	0.06435	0.10240	0.04537	0.04699	0.15241	0.11844	0.07501	0.04746	0.02264	0.03291	0.00512	0.00442	0.00130	0.03427	0.02982	0.00302	0.00578
4	0.00523	0.00387	0.00520	0.00583	0.00633	0.00361	0.01871	0.00615	0.00815	0.01073	0.04713	0.62315	0.10434	0.04271	0.00573	0.00171	0.00259	0.09174	0.00371	0.00338
5	0.03244	0.05019	0.12677	0.02482	0.01067	0.02318	0.03013	0.14191	0.08871	0.05533	0.16365	0.03422	0.10639	0.03501	0.01880	0.00146	0.03201	0.00504	0.01417	0.00510
6	0.00733	0.00393	0.00555	0.00542	0.00564	0.00395	0.00370	0.04409	0.00615	0.00814	0.00900	0.01364	0.05109	0.01345	0.01470	0.79285	0.00349	0.00380	0.00198	0.00210
7	0.00867	0.06187	0.00977	0.06268	0.05473	0.04922	0.00585	0.01041	0.00853	0.01240	0.00830	0.07607	0.00756	0.00397	0.00331	0.00081	0.00351	0.00327	0.00239	0.60666
8	0.07434	0.16879	0.07234	0.01053	0.08911	0.09545	0.04978	0.15981	0.08109	0.06157	0.02270	0.01007	0.00729	0.00455	0.00437	0.00121	0.06627	0.01228	0.00275	0.00569
9	0.07440	0.12834	0.07268	0.05780	0.06448	0.06875	0.02142	0.24018	0.11398	0.02598	0.00894	0.00982	0.00690	0.01856	0.00392	0.00119	0.00449	0.00330	0.00289	0.07196
10	0.01276	0.10523	0.03447	0.01052	0.04280	0.43478	0.04528	0.06236	0.09379	0.01204	0.03165	0.00928	0.00711	0.00458	0.00453	0.00117	0.07690	0.00319	0.00240	0.00515
11	0.12241	0.07510	0.01770	0.01931	0.03517	0.03359	0.00556	0.07822	0.05971	0.14272	0.06424	0.10675	0.13266	0.00628	0.00391	0.00122	0.00332	0.00511	0.00345	0.08356
12	0.08732	0.05352	0.03938	0.00736	0.00964	0.03230	0.01620	0.08047	0.04310	0.23629	0.01292	0.08039	0.04217	0.04632	0.00563	0.00140	0.09494	0.00442	0.05295	0.05329

[dist]
# distance from previous block
# <min> <max>
1	25

[block]
# block no. 9 follows, 66 sequences, length 19
# corresponding to MSA columns:
# 477-495
name=unknown_J
#
# <colnr> <probs for GDERKNQSTAVLIFYWHMCP>
#	G	D	E	R	K	N	Q	S	T	A	V	L	I	F	Y	W	H	M	C	P
0	0.06907	0.05295	0.07716	0.13427	0.19373	0.06273	0.08795	0.04110	0.05244	0.07952	0.00895	0.03770	0.00722	0.00520	0.02792	0.00143	0.04890	0.00381	0.00246	0.00549
1	0.00582	0.00395	0.00474	0.00480	0.00501	0.00398	0.00299	0.00602	0.00630	0.00840	0.01485	0.07382	0.07476	0.58611	0.12587	0.05667	0.00459	0.00608	0.00255	0.00269
2	0.05038	0.00683	0.03248	0.08202	0.14723	0.00668	0.05430	0.02676	0.02715	0.01294	0.14107	0.10177	0.23264	0.00727	0.00494	0.00136	0.05033	0.00625	0.00309	0.00450
3	0.02595	0.02968	0.12652	0.09671	0.16824	0.04221	0.04604	0.13206	0.08007	0.11282	0.01103	0.05117	0.02864	0.00480	0.00404	0.00126	0.00461	0.00410	0.00293	0.02713
4	0.01037	0.08657	0.03686	0.07953	0.14504	0.02170	0.08738	0.04147	0.08398	0.12322	0.06290	0.02832	0.01018	0.00654	0.05132	0.00161	0.08810	0.02662	0.00286	0.00546
5	0.04068	0.00778	0.00938	0.00745	0.01024	0.00770	0.00607	0.20954	0.07943	0.44950	0.06072	0.03411	0.01135	0.00535	0.00405	0.00125	0.00349	0.00432	0.04118	0.00640
6	0.04541	0.01056	0.09434	0.08874	0.02588	0.01074	0.00841	0.29103	0.20948	0.04076	0.01064	0.02933	0.00815	0.00521	0.00508	0.00135	0.10166	0.00392	0.00329	0.00600
7	0.02718	0.05177	0.06141	0.02993	0.14418	0.04636	0.06713	0.15271	0.10348	0.10950	0.01130	0.01227	0.04443	0.01866	0.02969	0.00146	0.06091	0.00395	0.00301	0.02069
8	0.00901	0.00709	0.06849	0.04700	0.03370	0.00637	0.00621	0.03380	0.15689	0.14971	0.09615	0.25465	0.08041	0.00787	0.00470	0.00141	0.02097	0.00680	0.00378	0.00499
9	0.00508	0.00366	0.00481	0.00554	0.00589	0.00345	0.00375	0.00590	0.00800	0.01072	0.08744	0.68430	0.05906	0.04586	0.04432	0.00192	0.00276	0.01052	0.00370	0.00333
10	0.01078	0.05743	0.14044	0.09163	0.09559	0.04153	0.10857	0.11168	0.14074	0.07736	0.01005	0.03255	0.00775	0.00462	0.00442	0.00129	0.03944	0.00393	0.00280	0.01740
11	0.06663	0.12474	0.09312	0.02090	0.10901	0.05662	0.02409	0.07358	0.05889	0.08443	0.00876	0.01030	0.00697	0.00421	0.00392	0.00110	0.03712	0.02557	0.00264	0.18739
12	0.00543	0.00379	0.00460	0.00504	0.00527	0.00364	0.00321	0.00587	0.00705	0.00931	0.01914	0.39232	0.07379	0.40228	0.01231	0.00269	0.00311	0.03506	0.00316	0.00293
13	0.00678	0.00624	0.00884	0.00780	0.00939	0.03343	0.14973	0.00949	0.11179	0.01203	0.04794	0.30613	0.23732	0.00903	0.00482	0.00146	0.00337	0.02675	0.00347	0.00419
14	0.01020	0.01011	0.05946	0.07652	0.22574	0.04729	0.10414	0.09667	0.09506	0.03910	0.01002	0.03896	0.02597	0.00568	0.02901	0.00149	0.11220	0.00417	0.00258	0.00563
15	0.04036	0.02857	0.01232	0.10452	0.08041	0.02050	0.10214	0.15943	0.07515	0.06380	0.02161	0.01042	0.00731	0.00401	0.00377	0.00108	0.00426	0.00348	0.00287	0.25400
16	0.00926	0.03225	0.04261	0.04543	0.09504	0.02067	0.07025	0.08241	0.08266	0.02985	0.03173	0.01233	0.01941	0.03587	0.03859	0.16591	0.08826	0.00386	0.00250	0.09109
17	0.01020	0.00944	0.05835	0.15520	0.12300	0.06978	0.04181	0.08145	0.07505	0.08522	0.02972	0.06282	0.02815	0.00596	0.03235	0.00144	0.05059	0.00428	0.00280	0.07237
18	0.01102	0.05501	0.06352	0.06851	0.06931	0.03202	0.06495	0.14612	0.10658	0.13071	0.05152	0.07405	0.03146	0.02885	0.00455	0.00134	0.00415	0.00466	0.03256	0.01911

[dist]
# distance from previous block
# <min> <max>
2	32

[block]
# block no. 10 follows, 66 sequences, length 18
# corresponding to MSA columns:
# 529-546
name=unknown_K
#
# <colnr> <probs for GDERKNQSTAVLIFYWHMCP>
#	G	D	E	R	K	N	Q	S	T	A	V	L	I	F	Y	W	H	M	C	P
0	0.04015	0.07591	0.13204	0.04976	0.06489	0.06524	0.04826	0.17545	0.05933	0.04657	0.05876	0.02757	0.00933	0.04165	0.00507	0.00136	0.04428	0.01414	0.00284	0.03737
1	0.08408	0.03601	0.15837	0.04523	0.09484	0.07177	0.04835	0.12809	0.08450	0.03826	0.03853	0.05105	0.00862	0.00471	0.00398	0.00122	0.01678	0.00384	0.00276	0.07901
2	0.09332	0.13341	0.10588	0.01012	0.08608	0.08455	0.07324	0.08679	0.08527	0.04134	0.02700	0.06018	0.03192	0.00483	0.00374	0.00119	0.00446	0.00396	0.02561	0.03712
3	0.04879	0.01795	0.06187	0.03988	0.10692	0.03222	0.03985	0.11400	0.05893	0.13354	0.03975	0.02463	0.00961	0.08794	0.06985	0.00185	0.00468	0.00405	0.01458	0.08910
4	0.01086	0.47703	0.01807	0.03170	0.12263	0.05026	0.05981	0.06664	0.04262	0.01195	0.00698	0.00812	0.00590	0.00368	0.00321	0.00099	0.00459	0.00280	0.00211	0.07005
5	0.00985	0.00783	0.00855	0.00766	0.00978	0.00878	0.00595	0.01909	0.63694	0.06685	0.15464	0.01763	0.01664	0.00595	0.00424	0.00135	0.00301	0.00502	0.00424	0.00601
6	0.00821	0.01847	0.00857	0.07801	0.03100	0.00703	0.03945	0.09685	0.13808	0.02962	0.08732	0.08381	0.11309	0.11970	0.04606	0.03332	0.02497	0.02869	0.00326	0.00450
7	0.00542	0.00406	0.00496	0.00494	0.00585	0.00368	0.00362	0.00682	0.01000	0.01346	0.44286	0.14246	0.24251	0.06114	0.00583	0.00153	0.00218	0.03106	0.00405	0.00357
8	0.00601	0.00448	0.00634	0.03654	0.00742	0.00507	0.00480	0.00701	0.00665	0.00925	0.01297	0.04781	0.05944	0.16045	0.49848	0.05841	0.04233	0.02083	0.00234	0.00336
9	0.00800	0.00671	0.00798	0.00609	0.00922	0.00520	0.00489	0.00978	0.00863	0.01318	0.04822	0.03936	0.00982	0.00433	0.00340	0.00078	0.00300	0.07808	0.00267	0.73067
10	0.00551	0.00419	0.00512	0.00537	0.00622	0.00393	0.00390	0.00732	0.05692	0.01269	0.26421	0.34776	0.20782	0.01038	0.00493	0.00147	0.00227	0.04228	0.00399	0.00368
11	0.04867	0.00640	0.00733	0.00643	0.00834	0.00635	0.00498	0.18336	0.03680	0.18321	0.03390	0.21455	0.20927	0.02537	0.00478	0.00142	0.00305	0.00681	0.00403	0.00497
12	0.00996	0.01097	0.02317	0.01659	0.02064	0.01041	0.76420	0.06590	0.01020	0.01382	0.00831	0.01086	0.00620	0.00352	0.00474	0.00136	0.00668	0.00471	0.00218	0.00557
13	0.00895	0.00501	0.00630	0.00600	0.00713	0.00479	0.00449	0.04329	0.00883	0.19079	0.01790	0.12038	0.06370	0.31373	0.01052	0.00240	0.00352	0.17467	0.00358	0.00403
14	0.33575	0.02989	0.00854	0.00709	0.00958	0.00977	0.00571	0.14704	0.29689	0.03768	0.06451	0.01183	0.00999	0.00488	0.00352	0.00128	0.00334	0.00366	0.00350	0.00556
