[name]
unknown

[dist]
# distance from previous block
# <min> <max>
0	436

[block]
# block no. 0 follows, 70 sequences, length 6
# corresponding to MSA columns:
# 438-443
name=unknown_A
#
# <colnr> <probs for GDERKNQSTAVLIFYWHMCP>
#	G	D	E	R	K	N	Q	S	T	A	V	L	I	F	Y	W	H	M	C	P
0	0.00657	0.00559	0.00666	0.00685	0.00767	0.04908	0.00564	0.00787	0.00833	0.01063	0.02088	0.06782	0.18406	0.05718	0.00697	0.00174	0.12842	0.41131	0.00315	0.00357
1	0.11721	0.00481	0.00513	0.00480	0.00547	0.00500	0.00316	0.07037	0.00752	0.01124	0.13210	0.02226	0.01557	0.56387	0.01411	0.00286	0.00342	0.00523	0.00276	0.00310
2	0.00901	0.00951	0.11644	0.06249	0.43252	0.00838	0.00984	0.01255	0.12909	0.04166	0.00939	0.01235	0.00792	0.11536	0.00590	0.00153	0.00440	0.00381	0.00233	0.00551
3	0.00892	0.00828	0.01256	0.15193	0.42328	0.03448	0.00969	0.01131	0.04195	0.01200	0.00788	0.01028	0.00650	0.00423	0.00500	0.00122	0.12924	0.00347	0.11256	0.00520
4	0.13771	0.09010	0.03590	0.00585	0.00740	0.02705	0.00454	0.14408	0.00848	0.01244	0.01008	0.06304	0.01036	0.38698	0.01059	0.00229	0.00380	0.00444	0.00258	0.03228
5	0.02002	0.08561	0.04255	0.00688	0.02510	0.07199	0.01860	0.04577	0.14709	0.02755	0.14801	0.08362	0.20505	0.02662	0.00457	0.00130	0.01486	0.01706	0.00328	0.00445

[dist]
# distance from previous block
# <min> <max>
4	7

[block]
# block no. 1 follows, 70 sequences, length 24
# corresponding to MSA columns:
# 451-474
name=unknown_B
#
# <colnr> <probs for GDERKNQSTAVLIFYWHMCP>
#	G	D	E	R	K	N	Q	S	T	A	V	L	I	F	Y	W	H	M	C	P
0	0.00981	0.00921	0.01360	0.24009	0.24984	0.07458	0.11847	0.09168	0.02780	0.04235	0.00921	0.01107	0.04257	0.00405	0.00392	0.00119	0.00490	0.00373	0.00231	0.03961
1	0.01232	0.00950	0.01168	0.00926	0.01210	0.01034	0.10507	0.35532	0.32929	0.08458	0.01209	0.01173	0.00876	0.00473	0.00399	0.00124	0.00400	0.00400	0.00375	0.00625
2	0.01065	0.00981	0.01292	0.01507	0.36242	0.12477	0.07274	0.06124	0.03496	0.07876	0.00995	0.02532	0.04803	0.00414	0.00380	0.00110	0.00453	0.00370	0.00250	0.11361
3	0.00506	0.00376	0.00472	0.00494	0.00569	0.00342	0.00357	0.00631	0.00923	0.01243	0.36670	0.32569	0.19164	0.00987	0.00473	0.00138	0.00205	0.03154	0.00388	0.00340
4	0.00960	0.00921	0.01574	0.02380	0.83957	0.00921	0.01190	0.01190	0.00883	0.01267	0.00729	0.00960	0.00614	0.00345	0.00384	0.00115	0.00461	0.00345	0.00192	0.00614
5	0.01423	0.01068	0.01178	0.00908	0.01214	0.01180	0.03206	0.74836	0.07213	0.02352	0.00969	0.00969	0.00692	0.00465	0.00390	0.00118	0.00426	0.00358	0.00382	0.00652
6	0.01474	0.01086	0.01163	0.00892	0.01202	0.01202	0.00737	0.82664	0.01823	0.02443	0.00931	0.00931	0.00659	0.00465	0.00388	0.00116	0.00427	0.00349	0.00388	0.00659
7	0.00777	0.00496	0.00610	0.00543	0.00688	0.00470	0.00419	0.05141	0.06308	0.13148	0.51898	0.02596	0.13883	0.00741	0.00440	0.00123	0.00226	0.00639	0.00421	0.00433
8	0.00930	0.01023	0.02212	0.04598	0.02023	0.00966	0.77549	0.01249	0.00915	0.03354	0.00800	0.01052	0.00595	0.00333	0.00453	0.00130	0.00640	0.00452	0.00202	0.00523
9	0.00742	0.00699	0.01181	0.81795	0.06241	0.00864	0.01082	0.00999	0.00780	0.01003	0.00691	0.01030	0.00521	0.00386	0.00387	0.00129	0.00514	0.00345	0.00173	0.00439
10	0.16527	0.00958	0.01056	0.00870	0.02825	0.10656	0.08737	0.18451	0.11346	0.20080	0.03972	0.01084	0.00830	0.00446	0.00368	0.00119	0.00415	0.00357	0.00340	0.00563
11	0.00482	0.00381	0.00447	0.00481	0.00555	0.00349	0.00341	0.00568	0.00818	0.01038	0.06893	0.40093	0.40062	0.02625	0.00525	0.00148	0.02595	0.00920	0.00356	0.00325
12	0.00799	0.00757	0.01284	0.61012	0.26579	0.00879	0.01110	0.01049	0.00807	0.01072	0.00701	0.01012	0.00545	0.00375	0.00386	0.00125	0.00500	0.00345	0.00178	0.00485
13	0.01340	0.00901	0.02939	0.00943	0.01244	0.03438	0.16582	0.17923	0.13719	0.32248	0.01244	0.03771	0.00886	0.00472	0.00405	0.00124	0.00422	0.00418	0.00374	0.00607
14	0.05020	0.01012	0.01446	0.01863	0.53543	0.08242	0.06117	0.11094	0.02928	0.03877	0.00781	0.00946	0.00623	0.00372	0.00380	0.00116	0.00475	0.00342	0.00232	0.00592
15	0.00491	0.00360	0.00443	0.00489	0.00538	0.00332	0.00331	0.00569	0.00788	0.01036	0.12154	0.48970	0.18099	0.12712	0.00685	0.00178	0.00235	0.00926	0.00351	0.00312
16	0.00617	0.00461	0.00550	0.00563	0.00650	0.01807	0.00412	0.04844	0.06233	0.02252	0.23446	0.40247	0.08583	0.00960	0.00464	0.00141	0.00242	0.04966	0.02186	0.00375
17	0.02706	0.12768	0.28962	0.00977	0.02412	0.02995	0.07465	0.18670	0.08009	0.10031	0.00887	0.00934	0.00642	0.00406	0.00365	0.00116	0.00476	0.00325	0.00269	0.00584
18	0.00923	0.00926	0.02712	0.03351	0.01611	0.00904	0.48199	0.03119	0.20313	0.04290	0.02677	0.03660	0.04506	0.00446	0.00437	0.00131	0.00511	0.00482	0.00272	0.00533
19	0.00571	0.00405	0.00564	0.00566	0.00618	0.00444	0.00419	0.00645	0.00628	0.00868	0.01271	0.01948	0.06906	0.17800	0.48228	0.11285	0.02011	0.04292	0.00225	0.00304
20	0.00875	0.02130	0.05000	0.00869	0.12304	0.03101	0.00625	0.01091	0.03131	0.03384	0.00736	0.00851	0.00599	0.00315	0.00311	0.00074	0.00340	0.00258	0.00230	0.63775
21	0.08085	0.13743	0.03968	0.02281	0.10088	0.02571	0.04208	0.00922	0.00800	0.04046	0.05385	0.23779	0.06120	0.03272	0.06590	0.00169	0.01830	0.00571	0.00269	0.01303
22	0.00524	0.02192	0.06542	0.00577	0.00659	0.00404	0.00445	0.00648	0.02870	0.01019	0.02085	0.64560	0.08549	0.04673	0.00538	0.00160	0.00263	0.02611	0.00337	0.00343
23	0.02438	0.01370	0.38142	0.02282	0.03137	0.05250	0.00979	0.08450	0.11139	0.07645	0.01923	0.05758	0.00790	0.00451	0.00373	0.00118	0.00457	0.00363	0.00260	0.08674

[dist]
# distance from previous block
# <min> <max>
1	91

[block]
# block no. 2 follows, 70 sequences, length 17
# corresponding to MSA columns:
# 566-582
name=unknown_C
#
# <colnr> <probs for GDERKNQSTAVLIFYWHMCP>
#	G	D	E	R	K	N	Q	S	T	A	V	L	I	F	Y	W	H	M	C	P
0	0.02581	0.00485	0.00620	0.00598	0.00683	0.00524	0.00449	0.00876	0.09648	0.03768	0.25936	0.18420	0.03469	0.06757	0.16454	0.00244	0.07128	0.00642	0.00333	0.00384
1	0.00548	0.05175	0.00540	0.00478	0.00597	0.00410	0.00359	0.00646	0.00839	0.03046	0.04243	0.26924	0.45046	0.02384	0.00476	0.00138	0.00232	0.03591	0.00346	0.03985
2	0.01042	0.54153	0.22592	0.00797	0.01182	0.04742	0.00857	0.04033	0.00862	0.05663	0.00649	0.00724	0.00527	0.00356	0.00296	0.00097	0.00462	0.00244	0.00192	0.00529
3	0.00992	0.07929	0.41838	0.01012	0.03721	0.07275	0.05659	0.05791	0.01914	0.11129	0.02004	0.05787	0.00751	0.02016	0.00405	0.00124	0.00503	0.00364	0.00238	0.00548
4	0.00559	0.00392	0.00459	0.00471	0.00568	0.00345	0.00339	0.00657	0.00869	0.06313	0.13231	0.29197	0.39999	0.04143	0.00521	0.00146	0.00219	0.00856	0.00371	0.00346
5	0.00555	0.00362	0.00454	0.00476	0.00532	0.00336	0.00334	0.00566	0.00723	0.00941	0.05094	0.21039	0.26638	0.04060	0.00858	0.29049	0.00259	0.03520	0.03929	0.00273
6	0.00844	0.00720	0.00863	0.00620	0.00964	0.00567	0.02630	0.05510	0.00863	0.01328	0.00705	0.00817	0.00579	0.00298	0.00297	0.00063	0.00304	0.00242	0.00238	0.81547
7	0.00990	0.00979	0.01544	0.02293	0.78754	0.06196	0.01162	0.01212	0.00896	0.01247	0.00721	0.00943	0.00607	0.00349	0.00382	0.00114	0.00476	0.00339	0.00192	0.00604
8	0.00960	0.00921	0.01574	0.02380	0.83957	0.00921	0.01190	0.01190	0.00883	0.01267	0.00729	0.00960	0.00614	0.00345	0.00384	0.00115	0.00461	0.00345	0.00192	0.00614
9	0.04074	0.04534	0.31446	0.00896	0.01295	0.00933	0.00933	0.24670	0.04539	0.21412	0.00987	0.00982	0.00677	0.00427	0.00371	0.00119	0.00447	0.00330	0.00315	0.00612
10	0.04398	0.02643	0.03343	0.01154	0.01495	0.02208	0.33934	0.31783	0.02521	0.04758	0.00851	0.00968	0.00625	0.00393	0.00413	0.00119	0.01636	0.00378	0.00284	0.06098
11	0.00529	0.00367	0.00471	0.00517	0.00576	0.00335	0.00360	0.00625	0.00840	0.04035	0.17654	0.57062	0.13025	0.01080	0.00479	0.00146	0.00217	0.00966	0.00377	0.00338
12	0.04130	0.10667	0.21070	0.00814	0.01114	0.05862	0.04470	0.05914	0.16644	0.02427	0.13905	0.01489	0.07188	0.02153	0.00410	0.00124	0.00403	0.00422	0.00287	0.00507
13	0.00785	0.00580	0.00813	0.00734	0.00864	0.00592	0.08462	0.10255	0.06105	0.07934	0.03541	0.46821	0.04463	0.00894	0.00504	0.00145	0.04933	0.00795	0.00350	0.00429
14	0.00574	0.00422	0.00513	0.00514	0.00623	0.00391	0.00398	0.00751	0.03986	0.03616	0.32005	0.09629	0.29686	0.00943	0.01737	0.00144	0.00239	0.13079	0.00386	0.00365
15	0.00960	0.00921	0.01574	0.02380	0.83957	0.00921	0.01190	0.01190	0.00883	0.01267	0.00729	0.00960	0.00614	0.00345	0.00384	0.00115	0.00461	0.00345	0.00192	0.00614
16	0.07289	0.00393	0.00414	0.00428	0.00510	0.00392	0.00306	0.00804	0.00770	0.02697	0.01544	0.21787	0.05243	0.08486	0.00488	0.00137	0.00221	0.00567	0.47175	0.00347

[dist]
# distance from previous block
# <min> <max>
1	3

[block]
# block no. 3 follows, 70 sequences, length 9
# corresponding to MSA columns:
# 587-595
name=unknown_D
#
# <colnr> <probs for GDERKNQSTAVLIFYWHMCP>
#	G	D	E	R	K	N	Q	S	T	A	V	L	I	F	Y	W	H	M	C	P
0	0.04922	0.49357	0.27737	0.00822	0.01215	0.08045	0.00901	0.01212	0.00817	0.01051	0.00593	0.00690	0.00492	0.00350	0.00294	0.00098	0.00482	0.00236	0.00171	0.00514
1	0.00828	0.00814	0.01337	0.34853	0.16949	0.00992	0.07613	0.01028	0.00745	0.01042	0.00643	0.00958	0.00538	0.00473	0.00692	0.00140	0.29355	0.00352	0.00177	0.00469
2	0.00629	0.00462	0.00506	0.00490	0.00605	0.03789	0.00364	0.00758	0.00956	0.07002	0.29748	0.15105	0.33247	0.00875	0.00447	0.00128	0.00225	0.00752	0.03544	0.00368
3	0.01143	0.00987	0.01384	0.01063	0.01355	0.04755	0.25454	0.30489	0.15053	0.04562	0.05162	0.01258	0.00927	0.02466	0.00452	0.00130	0.00470	0.01998	0.00323	0.00570
4	0.00482	0.00357	0.00448	0.00511	0.00561	0.00327	0.00354	0.00564	0.00787	0.01026	0.06153	0.59663	0.18820	0.03989	0.00537	0.00159	0.00228	0.04357	0.00359	0.00319
5	0.00529	0.00393	0.00558	0.00580	0.00638	0.00429	0.00432	0.00641	0.00664	0.00923	0.01479	0.22509	0.06010	0.06265	0.55519	0.00470	0.00760	0.00614	0.00255	0.00332
6	0.00956	0.00673	0.00762	0.00664	0.00850	0.00707	0.00518	0.20166	0.19988	0.09281	0.19294	0.11808	0.08934	0.00684	0.00420	0.00127	0.00288	0.00579	0.02795	0.00508
7	0.00633	0.00425	0.00533	0.00544	0.02567	0.00397	0.00381	0.03119	0.00935	0.06018	0.31800	0.24063	0.13271	0.07794	0.00571	0.00151	0.00233	0.00752	0.05443	0.00368
8	0.05218	0.36531	0.05929	0.00963	0.06755	0.25121	0.04242	0.03265	0.00896	0.01055	0.00595	0.00719	0.00511	0.00382	0.00376	0.00103	0.06404	0.00256	0.00188	0.00492

[dist]
# distance from previous block
# <min> <max>
0	19

[block]
# block no. 4 follows, 70 sequences, length 10
# corresponding to MSA columns:
# 615-624
name=unknown_E
#
# <colnr> <probs for GDERKNQSTAVLIFYWHMCP>
#	G	D	E	R	K	N	Q	S	T	A	V	L	I	F	Y	W	H	M	C	P
0	0.26968	0.06765	0.01087	0.02873	0.04322	0.19398	0.05185	0.15359	0.06595	0.03412	0.00736	0.00822	0.00571	0.00410	0.00368	0.00116	0.03960	0.00289	0.00259	0.00505
1	0.00856	0.04873	0.30605	0.03157	0.14243	0.01941	0.13170	0.01300	0.14255	0.01266	0.03512	0.02540	0.01920	0.01982	0.00442	0.00129	0.02653	0.00383	0.00227	0.00547
2	0.00708	0.00562	0.00662	0.00525	0.00763	0.00448	0.00407	0.00862	0.00877	0.03600	0.19086	0.03519	0.13686	0.03833	0.00421	0.00098	0.00255	0.00454	0.00301	0.48933
3	0.00494	0.00363	0.00469	0.00517	0.00572	0.00337	0.00364	0.00597	0.00840	0.01126	0.20873	0.52365	0.12614	0.01143	0.03295	0.00162	0.00242	0.02926	0.00370	0.00330
4	0.00565	0.00376	0.00436	0.00451	0.00462	0.00374	0.00274	0.00591	0.00612	0.00829	0.01364	0.10473	0.01556	0.69321	0.01672	0.00331	0.00353	0.05970	0.03734	0.00256
5	0.00571	0.00381	0.00461	0.00461	0.00481	0.00391	0.00289	0.00595	0.00590	0.00808	0.01240	0.02268	0.03836	0.60327	0.16782	0.05864	0.00480	0.00524	0.03393	0.00258
6	0.00950	0.01184	0.08181	0.01541	0.01930	0.08128	0.69646	0.01267	0.00924	0.01216	0.00762	0.01000	0.00574	0.00336	0.00442	0.00128	0.00652	0.00427	0.00194	0.00520
7	0.00967	0.00872	0.01274	0.01122	0.07997	0.02171	0.12472	0.15542	0.00917	0.03030	0.00790	0.04957	0.00700	0.00702	0.05795	0.00171	0.36148	0.00397	0.02052	0.01923
8	0.07153	0.16011	0.00900	0.03648	0.00795	0.00705	0.04304	0.00811	0.00690	0.00961	0.01119	0.04208	0.01198	0.36344	0.05477	0.00257	0.02967	0.11870	0.00236	0.00347
9	0.04442	0.49638	0.03083	0.00839	0.07064	0.09448	0.00696	0.04695	0.08624	0.02509	0.00776	0.05224	0.00690	0.00414	0.00305	0.00100	0.00423	0.00301	0.00220	0.00511

[dist]
# distance from previous block
# <min> <max>
0	5

[block]
# block no. 5 follows, 70 sequences, length 49
# corresponding to MSA columns:
# 630-642,674-709
name=unknown_F
#
# <colnr> <probs for GDERKNQSTAVLIFYWHMCP>
#	G	D	E	R	K	N	Q	S	T	A	V	L	I	F	Y	W	H	M	C	P
0	0.00943	0.08341	0.15245	0.00709	0.01069	0.04608	0.00670	0.01183	0.03926	0.09521	0.00826	0.00899	0.01530	0.00360	0.00333	0.01250	0.00371	0.00270	0.00243	0.47702
1	0.00504	0.00376	0.00470	0.00507	0.00565	0.00356	0.00350	0.00582	0.00732	0.00965	0.02174	0.43574	0.18516	0.12915	0.12480	0.00244	0.00355	0.00848	0.00317	0.03168
2	0.00503	0.00388	0.00476	0.00495	0.00579	0.00369	0.00366	0.00610	0.00807	0.01046	0.10707	0.19923	0.34247	0.06027	0.17576	0.00250	0.00388	0.04586	0.00329	0.00329
3	0.00804	0.00689	0.00804	0.00574	0.00919	0.00517	0.00459	0.00976	0.00804	0.01263	0.00689	0.00804	0.00574	0.00287	0.00287	0.00057	0.00287	0.00230	0.00230	0.88745
4	0.01021	0.02905	0.01086	0.00899	0.01050	0.01115	0.00734	0.17688	0.31847	0.01493	0.00995	0.01084	0.00792	0.00571	0.00742	0.00143	0.34620	0.00375	0.00297	0.00544
5	0.00472	0.00337	0.00450	0.00540	0.00562	0.00315	0.00360	0.00540	0.00742	0.00990	0.02137	0.86122	0.02564	0.01215	0.00495	0.00157	0.00225	0.01102	0.00360	0.00315
6	0.00869	0.00792	0.01293	0.38158	0.34960	0.00892	0.01055	0.02179	0.04053	0.03296	0.00766	0.01032	0.00609	0.00477	0.03161	0.00141	0.05196	0.00352	0.00201	0.00517
7	0.00506	0.00378	0.00467	0.00517	0.00572	0.00357	0.00356	0.00637	0.04835	0.01071	0.10183	0.56044	0.15809	0.05671	0.00560	0.00160	0.00228	0.00956	0.00361	0.00332
8	0.00513	0.00372	0.00486	0.00507	0.00571	0.00345	0.00362	0.00643	0.00933	0.01286	0.44859	0.37410	0.06898	0.01011	0.01841	0.00145	0.00215	0.00868	0.00392	0.00343
9	0.00848	0.00848	0.01187	0.01018	0.01018	0.01187	0.00848	0.00933	0.00594	0.00933	0.00509	0.00848	0.00509	0.00679	0.01272	0.00170	0.85666	0.00339	0.00170	0.00424
10	0.00927	0.00863	0.01523	0.20655	0.47249	0.00889	0.12942	0.02210	0.00881	0.04559	0.00801	0.03305	0.00656	0.00383	0.00399	0.00122	0.00489	0.00384	0.00207	0.00554
11	0.00563	0.00398	0.00535	0.00535	0.00577	0.00437	0.00378	0.00647	0.00605	0.00857	0.01119	0.01926	0.01146	0.36229	0.49087	0.00508	0.00747	0.00473	0.02930	0.00302
12	0.00804	0.00689	0.00804	0.00574	0.00919	0.00517	0.00459	0.00976	0.00804	0.01263	0.00689	0.00804	0.00574	0.00287	0.00287	0.00057	0.00287	0.00230	0.00230	0.88745
13	0.01831	0.24234	0.09904	0.01053	0.03956	0.01977	0.22685	0.02242	0.04328	0.04322	0.01809	0.01037	0.00688	0.02937	0.05501	0.01293	0.08231	0.01263	0.00211	0.00497
14	0.07360	0.00523	0.00645	0.00571	0.00754	0.00488	0.00458	0.01238	0.00935	0.34884	0.04236	0.08438	0.08795	0.00714	0.02941	0.00140	0.00299	0.09050	0.17053	0.00479
15	0.00535	0.00368	0.00449	0.00478	0.00492	0.00365	0.00298	0.00571	0.00638	0.00857	0.03113	0.28626	0.01796	0.51498	0.06868	0.00316	0.00368	0.01815	0.00278	0.00271
16	0.00812	0.00714	0.00869	0.00695	0.04410	0.01674	0.02489	0.01011	0.03338	0.01251	0.00783	0.04804	0.00685	0.00350	0.00328	0.00071	0.01968	0.00289	0.00237	0.73221
17	0.00987	0.00840	0.01144	0.18484	0.15941	0.00938	0.03343	0.14723	0.24896	0.03318	0.02397	0.02386	0.00867	0.00470	0.00430	0.00126	0.03965	0.01506	0.00294	0.02945
18	0.00514	0.00388	0.00475	0.00469	0.00562	0.00349	0.00346	0.00659	0.00993	0.01343	0.51476	0.13989	0.25221	0.00899	0.00462	0.00129	0.00192	0.00785	0.00400	0.00349
19	0.11800	0.00882	0.01615	0.28562	0.06710	0.00928	0.37906	0.02463	0.03077	0.01253	0.00744	0.00994	0.00563	0.00359	0.00401	0.00128	0.00542	0.00382	0.00202	0.00490
20	0.00580	0.00420	0.00496	0.00468	0.00589	0.00378	0.00354	0.00755	0.03496	0.05198	0.45353	0.03114	0.35676	0.00846	0.00453	0.00126	0.00199	0.00726	0.00401	0.00371
21	0.01036	0.86609	0.02032	0.00663	0.00995	0.01534	0.00663	0.01161	0.00788	0.00912	0.00539	0.00622	0.00498	0.00332	0.00249	0.00083	0.00415	0.00207	0.00166	0.00498
22	0.00749	0.00715	0.01231	0.78330	0.05787	0.00869	0.04870	0.01010	0.00786	0.01013	0.00695	0.01031	0.00524	0.00383	0.00391	0.00129	0.00521	0.00350	0.00174	0.00442
23	0.89114	0.00750	0.00570	0.00510	0.00750	0.00870	0.00420	0.01140	0.00660	0.01739	0.00540	0.00630	0.00420	0.00360	0.00240	0.00120	0.00300	0.00210	0.00240	0.00420
24	0.03800	0.00650	0.00874	0.00676	0.00965	0.00568	0.00557	0.01817	0.01098	0.78383	0.05330	0.01376	0.01072	0.00491	0.00389	0.00120	0.00322	0.00400	0.00472	0.00640
25	0.00478	0.00410	0.00411	0.00408	0.00542	0.00352	0.00307	0.00615	0.04073	0.01070	0.03836	0.03643	0.80601	0.00964	0.00456	0.00131	0.00201	0.00803	0.00361	0.00338
26	0.00851	0.00810	0.01377	0.42067	0.45119	0.00893	0.01136	0.01095	0.00831	0.01135	0.00710	0.00995	0.00568	0.00366	0.00386	0.00122	0.00487	0.00345	0.00183	0.00526
27	0.00612	0.00422	0.00491	0.03741	0.00552	0.00436	0.00297	0.04402	0.00632	0.00843	0.01183	0.02381	0.01330	0.77143	0.03732	0.00360	0.00399	0.00542	0.00239	0.00265
28	0.00525	0.00385	0.00492	0.00487	0.00570	0.00352	0.00357	0.00677	0.01009	0.01396	0.60061	0.18234	0.12232	0.00891	0.00464	0.00129	0.00192	0.00787	0.00407	0.00352
29	0.00474	0.00341	0.00451	0.00539	0.00565	0.00317	0.00362	0.00544	0.00748	0.00994	0.02184	0.82593	0.04755	0.01206	0.00494	0.00157	0.00226	0.02372	0.00360	0.00316
30	0.07972	0.00979	0.01109	0.00894	0.03820	0.01054	0.02503	0.58381	0.01561	0.15192	0.01001	0.01019	0.00707	0.00461	0.00381	0.00118	0.00407	0.01428	0.00380	0.00633
31	0.86293	0.00747	0.00580	0.00516	0.00757	0.00860	0.00425	0.01164	0.00674	0.04402	0.00572	0.00652	0.00437	0.00364	0.00245	0.00120	0.00301	0.00216	0.00248	0.00428
32	0.01734	0.00668	0.00905	0.00694	0.00994	0.00582	0.00573	0.03447	0.01123	0.82648	0.01518	0.01312	0.00954	0.00480	0.00390	0.00120	0.00332	0.00389	0.00478	0.00660
33	0.01256	0.04155	0.01099	0.00931	0.01143	0.46179	0.03016	0.03817	0.23049	0.03882	0.00900	0.00943	0.00706	0.00448	0.00416	0.00113	0.05426	0.00317	0.00264	0.01944
34	0.00490	0.00377	0.00452	0.00495	0.00575	0.00339	0.00364	0.00591	0.00844	0.01076	0.09100	0.36834	0.35817	0.01071	0.00482	0.00146	0.00225	0.10030	0.00365	0.00329
35	0.00625	0.00446	0.00625	0.00714	0.00803	0.00446	0.00625	0.00803	0.00892	0.01160	0.02053	0.04373	0.02231	0.01071	0.00535	0.00178	0.00357	0.81348	0.00357	0.00357
36	0.01089	0.00510	0.00597	0.00511	0.00686	0.00487	0.00405	0.05452	0.02969	0.28708	0.03553	0.01485	0.03581	0.00489	0.00330	0.00104	0.00246	0.00395	0.47924	0.00480
37	0.00802	0.00689	0.00815	0.03140	0.00972	0.00527	0.00478	0.00977	0.00803	0.01255	0.00689	0.00811	0.00572	0.00290	0.00290	0.00060	0.00294	0.00233	0.00228	0.86076
38	0.89114	0.00750	0.00570	0.00510	0.00750	0.00870	0.00420	0.01140	0.00660	0.01739	0.00540	0.00630	0.00420	0.00360	0.00240	0.00120	0.00300	0.00210	0.00240	0.00420
39	0.00481	0.00344	0.00456	0.00542	0.00569	0.00322	0.00368	0.00552	0.00747	0.00993	0.02141	0.79415	0.03811	0.03081	0.00529	0.00163	0.00234	0.04581	0.00357	0.00315
40	0.00943	0.00811	0.00858	0.00775	0.00987	0.00935	0.00602	0.01993	0.79291	0.01609	0.04110	0.02972	0.01284	0.00546	0.00398	0.00132	0.00302	0.00458	0.00395	0.00601
41	0.01474	0.01086	0.01163	0.00892	0.01202	0.01202	0.00737	0.82664	0.01823	0.02443	0.00931	0.00931	0.00659	0.00465	0.00388	0.00116	0.00427	0.00349	0.00388	0.00659
42	0.01124	0.02129	0.01130	0.01266	0.31012	0.00705	0.00761	0.02312	0.01862	0.23691	0.01947	0.01031	0.00737	0.00372	0.00354	0.00098	0.00364	0.00324	0.00289	0.28494
43	0.86194	0.00752	0.00580	0.00519	0.00758	0.00873	0.00426	0.01170	0.03396	0.01735	0.00574	0.00657	0.00445	0.00365	0.00245	0.00120	0.00300	0.00217	0.00245	0.00426
44	0.55137	0.00715	0.00698	0.00580	0.00843	0.00753	0.00478	0.01431	0.00835	0.33816	0.00925	0.00898	0.00630	0.00407	0.00298	0.00120	0.00312	0.00280	0.00333	0.00513
45	0.00866	0.02745	0.03665	0.35169	0.20025	0.06103	0.00931	0.04154	0.00837	0.03685	0.00781	0.01083	0.00638	0.02214	0.11962	0.03555	0.00568	0.00349	0.00202	0.00469
46	0.00488	0.00341	0.00450	0.00536	0.00563	0.00320	0.00363	0.00564	0.00749	0.01015	0.02094	0.80066	0.02482	0.01175	0.00485	0.00155	0.00226	0.03147	0.04460	0.00318
47	0.00809	0.02967	0.04071	0.00597	0.00950	0.00558	0.00502	0.00991	0.00804	0.01253	0.00685	0.00800	0.00569	0.00291	0.00289	0.00061	0.00301	0.00231	0.00225	0.83045
48	0.06787	0.23256	0.20467	0.00810	0.02304	0.08491	0.02530	0.03795	0.00874	0.03758	0.03291	0.03035	0.01445	0.00391	0.00322	0.00098	0.00434	0.00295	0.00218	0.17396

[dist]
# distance from previous block
# <min> <max>
0	58

[block]
# block no. 6 follows, 70 sequences, length 55
# corresponding to MSA columns:
# 770-824
name=unknown_G
#
# <colnr> <probs for GDERKNQSTAVLIFYWHMCP>
#	G	D	E	R	K	N	Q	S	T	A	V	L	I	F	Y	W	H	M	C	P
0	0.15653	0.09744	0.28825	0.00845	0.01219	0.10661	0.00873	0.08679	0.00942	0.10629	0.00755	0.00820	0.00555	0.00386	0.00341	0.00111	0.01400	0.00275	0.00241	0.07048
1	0.00514	0.00369	0.00466	0.00517	0.00572	0.00346	0.00361	0.00595	0.00763	0.02734	0.02346	0.51291	0.19525	0.07159	0.07638	0.00206	0.00304	0.03631	0.00341	0.00323
2	0.01842	0.04942	0.32680	0.00954	0.08192	0.00753	0.02179	0.01126	0.00834	0.04876	0.03295	0.02862	0.00697	0.00376	0.00353	0.00098	0.01433	0.00306	0.00218	0.31984
3	0.01135	0.00890	0.09084	0.01493	0.38475	0.00751	0.02722	0.01363	0.01987	0.26664	0.04322	0.04117	0.02480	0.00449	0.00392	0.00119	0.00406	0.00404	0.00299	0.02451
4	0.49671	0.24576	0.06363	0.00644	0.00919	0.07306	0.00591	0.01174	0.00735	0.01392	0.00553	0.00652	0.00455	0.00367	0.00294	0.00110	0.03314	0.00221	0.00209	0.00453
5	0.01035	0.03999	0.20481	0.02685	0.05037	0.00934	0.08139	0.10177	0.27124	0.10311	0.03743	0.01174	0.00895	0.00454	0.00406	0.00125	0.02004	0.00383	0.00307	0.00587
6	0.02354	0.00512	0.00593	0.00506	0.00696	0.00438	0.00390	0.00844	0.03445	0.04057	0.24132	0.03824	0.23797	0.01639	0.02166	0.00118	0.00250	0.00553	0.02215	0.27469
7	0.00589	0.00406	0.00530	0.00493	0.00593	0.00372	0.00372	0.00770	0.01094	0.04472	0.79519	0.02854	0.04891	0.00785	0.00455	0.00122	0.00188	0.00692	0.00428	0.00376
8	0.07030	0.00573	0.00705	0.00592	0.00795	0.00540	0.00471	0.03812	0.05982	0.34782	0.30504	0.02037	0.09287	0.00629	0.00410	0.00122	0.00266	0.00527	0.00426	0.00508
9	0.00490	0.00394	0.00437	0.00426	0.00543	0.00341	0.00320	0.00618	0.00959	0.01227	0.32218	0.03435	0.55397	0.00915	0.00458	0.00128	0.00192	0.00777	0.00384	0.00341
10	0.02699	0.02071	0.07226	0.02662	0.04711	0.15022	0.04058	0.01075	0.06839	0.02008	0.02082	0.06244	0.01877	0.07686	0.13698	0.00227	0.04960	0.11183	0.03248	0.00424
11	0.01687	0.00655	0.00887	0.00685	0.00977	0.00571	0.00564	0.01857	0.02731	0.80047	0.04064	0.01371	0.01047	0.00490	0.00392	0.00120	0.00325	0.00400	0.00477	0.00650
12	0.00780	0.01789	0.69183	0.01138	0.01657	0.00883	0.11110	0.01195	0.00818	0.01209	0.00728	0.00891	0.00533	0.00525	0.05755	0.00156	0.00612	0.00315	0.00170	0.00553
13	0.74211	0.03850	0.00692	0.00581	0.00819	0.12264	0.00473	0.01196	0.00724	0.01604	0.00548	0.00639	0.00433	0.00364	0.00255	0.00116	0.00358	0.00215	0.00232	0.00427
14	0.00960	0.00921	0.01574	0.02380	0.83957	0.00921	0.01190	0.01190	0.00883	0.01267	0.00729	0.00960	0.00614	0.00345	0.00384	0.00115	0.00461	0.00345	0.00192	0.00614
15	0.00836	0.10188	0.66435	0.01068	0.02844	0.00971	0.02995	0.04044	0.03878	0.01251	0.00739	0.01750	0.00549	0.00382	0.00362	0.00119	0.00539	0.00300	0.00183	0.00567
16	0.00998	0.01368	0.24614	0.00989	0.01230	0.18526	0.00945	0.06532	0.04331	0.02882	0.00742	0.03796	0.00630	0.00576	0.02551	0.00145	0.28099	0.00339	0.00212	0.00494
17	0.01535	0.00676	0.02721	0.00670	0.00965	0.00561	0.00561	0.02625	0.01072	0.67756	0.03326	0.01436	0.05847	0.00497	0.00386	0.00115	0.00322	0.00405	0.00442	0.08081
18	0.00663	0.00376	0.00447	0.00461	0.00540	0.00359	0.00335	0.00807	0.00858	0.05450	0.16462	0.28086	0.01977	0.00760	0.00384	0.00120	0.00204	0.01667	0.39682	0.00363
19	0.10017	0.00626	0.00812	0.00669	0.00923	0.00572	0.00554	0.01613	0.01021	0.61519	0.01529	0.05234	0.01146	0.00579	0.00399	0.00129	0.00326	0.11314	0.00435	0.00581
20	0.00509	0.00395	0.00463	0.00446	0.00555	0.00349	0.00334	0.00655	0.01003	0.01331	0.48631	0.03263	0.38918	0.00876	0.00458	0.00126	0.00189	0.00753	0.00397	0.00349
21	0.89114	0.00750	0.00570	0.00510	0.00750	0.00870	0.00420	0.01140	0.00660	0.01739	0.00540	0.00630	0.00420	0.00360	0.00240	0.00120	0.00300	0.00210	0.00240	0.00420
22	0.00648	0.00598	0.04213	0.00982	0.20793	0.00526	0.00604	0.00815	0.02588	0.01159	0.11458	0.25261	0.14851	0.06361	0.00536	0.00146	0.00305	0.02470	0.00304	0.05383
23	0.00607	0.00465	0.00560	0.00603	0.00679	0.00482	0.00431	0.00937	0.21122	0.01166	0.01970	0.59361	0.02163	0.01016	0.00465	0.00150	0.00249	0.04223	0.02958	0.00392
24	0.00834	0.00744	0.02918	0.02492	0.33955	0.00710	0.08736	0.02566	0.04259	0.05050	0.13380	0.11624	0.04937	0.00599	0.00428	0.00128	0.00384	0.05461	0.00288	0.00505
25	0.00758	0.00504	0.01477	0.00740	0.03661	0.00480	0.01705	0.00953	0.03335	0.10960	0.08560	0.12815	0.03363	0.00929	0.00491	0.00158	0.00328	0.46959	0.01416	0.00409
26	0.33257	0.06434	0.01007	0.00768	0.02920	0.01082	0.00624	0.44184	0.01297	0.03872	0.00772	0.00811	0.00568	0.00416	0.00325	0.00116	0.00378	0.00290	0.00317	0.00561
27	0.02696	0.00823	0.00876	0.00774	0.01000	0.00937	0.00607	0.06177	0.70807	0.06217	0.02580	0.01446	0.02260	0.00527	0.00393	0.00130	0.00311	0.00435	0.00396	0.00608
28	0.01005	0.21186	0.34137	0.01206	0.16155	0.02154	0.04874	0.04923	0.00903	0.08870	0.00756	0.00858	0.00570	0.00369	0.00350	0.00112	0.00493	0.00299	0.00210	0.00571
29	0.00867	0.31364	0.55795	0.00952	0.01441	0.01120	0.01166	0.01205	0.00808	0.01118	0.00641	0.00750	0.00493	0.00356	0.00327	0.00109	0.00518	0.00259	0.00164	0.00547
30	0.00531	0.00415	0.00486	0.00504	0.00618	0.00378	0.00404	0.00682	0.02243	0.01174	0.16183	0.03715	0.45688	0.00963	0.00477	0.00142	0.00241	0.23455	0.01354	0.00347
31	0.00942	0.00893	0.03153	0.18037	0.63397	0.00902	0.01149	0.02152	0.00879	0.03707	0.00747	0.00981	0.00604	0.00359	0.00384	0.00118	0.00469	0.00345	0.00199	0.00580
32	0.01094	0.03651	0.23097	0.01350	0.25522	0.02319	0.01022	0.20784	0.06581	0.07777	0.00905	0.02607	0.00689	0.00420	0.00380	0.00119	0.00460	0.00349	0.00269	0.00606
33	0.00732	0.00645	0.00975	0.01206	0.29787	0.00621	0.05311	0.00964	0.05719	0.03012	0.17111	0.03412	0.27616	0.00654	0.00427	0.00124	0.00322	0.00584	0.00309	0.00469
34	0.23754	0.01440	0.01017	0.01033	0.10873	0.52190	0.00715	0.01407	0.00961	0.02463	0.00614	0.00722	0.00500	0.00384	0.00326	0.00107	0.00563	0.00253	0.00213	0.00465
35	0.00987	0.00934	0.01548	0.02313	0.80371	0.02618	0.01167	0.01213	0.00892	0.03165	0.00745	0.00962	0.00620	0.00350	0.00383	0.00115	0.00462	0.00344	0.00199	0.00612
36	0.79918	0.05810	0.00680	0.00541	0.00785	0.04794	0.00449	0.01160	0.00688	0.01655	0.00543	0.00633	0.00428	0.00360	0.00246	0.00117	0.00325	0.00212	0.00234	0.00426
37	0.00690	0.00597	0.00707	0.00607	0.00763	0.03584	0.01857	0.00829	0.00888	0.03110	0.21948	0.02265	0.25967	0.00700	0.00544	0.00119	0.13523	0.02044	0.00313	0.18945
38	0.51054	0.00652	0.00622	0.00541	0.00755	0.00698	0.00437	0.02256	0.00861	0.15981	0.21168	0.01310	0.01312	0.00488	0.00321	0.00120	0.00278	0.00364	0.00329	0.00451
39	0.00528	0.00399	0.00483	0.00475	0.00580	0.00360	0.00365	0.00681	0.00999	0.01340	0.46892	0.03303	0.31081	0.00879	0.00462	0.00130	0.00204	0.08596	0.01891	0.00352
40	0.00856	0.17834	0.65334	0.01013	0.01529	0.01032	0.01258	0.04730	0.00856	0.01221	0.00676	0.00786	0.00500	0.00366	0.00347	0.00115	0.00537	0.00274	0.00174	0.00563
41	0.02111	0.09414	0.13421	0.00827	0.01065	0.23179	0.01874	0.02884	0.10822	0.04313	0.02753	0.14929	0.02782	0.00612	0.00394	0.00124	0.00456	0.07294	0.00276	0.00472
42	0.18205	0.00519	0.00564	0.00513	0.00680	0.00502	0.00397	0.00996	0.02777	0.17251	0.16667	0.10482	0.24762	0.02265	0.00429	0.00131	0.00248	0.00604	0.01588	0.00420
43	0.00865	0.00831	0.01125	0.00968	0.00997	0.01134	0.00801	0.02556	0.08084	0.01044	0.00644	0.00928	0.00592	0.00652	0.01136	0.00162	0.72889	0.00349	0.03799	0.00443
44	0.00604	0.00463	0.00666	0.00643	0.00689	0.00555	0.00491	0.00695	0.00603	0.00869	0.00963	0.01533	0.00940	0.12966	0.56917	0.07088	0.12366	0.00418	0.00203	0.00330
45	0.00473	0.00345	0.00446	0.00524	0.00559	0.00317	0.00353	0.00547	0.00766	0.01010	0.04457	0.75570	0.10846	0.01180	0.00490	0.00154	0.00221	0.01063	0.00362	0.00317
46	0.81197	0.00796	0.00610	0.00542	0.00782	0.04082	0.00443	0.02229	0.02297	0.03358	0.00587	0.00666	0.00451	0.00368	0.00252	0.00119	0.00318	0.00221	0.00248	0.00433
47	0.01036	0.86609	0.02032	0.00663	0.00995	0.01534	0.00663	0.01161	0.00788	0.00912	0.00539	0.00622	0.00498	0.00332	0.00249	0.00083	0.00415	0.00207	0.00166	0.00498
48	0.46015	0.23657	0.01023	0.00581	0.00862	0.02742	0.00506	0.03637	0.00764	0.01445	0.00585	0.00676	0.00481	0.00346	0.00257	0.00099	0.00339	0.00219	0.01307	0.14459
49	0.00474	0.00338	0.00449	0.00537	0.00559	0.00316	0.00357	0.00540	0.00739	0.00985	0.02118	0.84420	0.02541	0.02949	0.00525	0.00162	0.00228	0.01091	0.00357	0.00313
50	0.00670	0.00339	0.00509	0.00509	0.00511	0.00341	0.00341	0.00511	0.00509	0.00680	0.00684	0.01189	0.00682	0.01393	0.03962	0.86133	0.00357	0.00339	0.00170	0.00174
51	0.03328	0.02770	0.01180	0.11621	0.25563	0.17330	0.02119	0.07236	0.04187	0.07385	0.02755	0.05784	0.00827	0.00487	0.01179	0.00123	0.02343	0.01333	0.01930	0.00521
52	0.00574	0.00464	0.02152	0.00564	0.00633	0.00451	0.00414	0.02033	0.06066	0.01060	0.06850	0.35533	0.12359	0.16726	0.03414	0.00205	0.04237	0.05595	0.00326	0.00343
53	0.07498	0.12010	0.07445	0.03271	0.06012	0.09310	0.09443	0.13123	0.02612	0.05124	0.06961	0.04789	0.02634	0.00476	0.00403	0.00116	0.03876	0.00387	0.02238	0.02271
54	0.00774	0.00772	0.11122	0.03267	0.05238	0.00664	0.00645	0.07354	0.16504	0.03840	0.07744	0.19863	0.10865	0.04147	0.00521	0.01144	0.02217	0.02527	0.00327	0.00463

[dist]
# distance from previous block
# <min> <max>
0	5

# created by:
# /home/cegg/simao/soft/augustus-3.2.1/scripts/msa2prfl.pl ./align_prep/EOG092C4PIQ.fa
