[name]
unknown

[dist]
# distance from previous block
# <min> <max>
0	70

[block]
# block no. 0 follows, 68 sequences, length 17
# corresponding to MSA columns:
# 70-74,76-87
name=unknown_A
#
# <colnr> <probs for GDERKNQSTAVLIFYWHMCP>
#	G	D	E	R	K	N	Q	S	T	A	V	L	I	F	Y	W	H	M	C	P
0	0.00819	0.00571	0.00738	0.00771	0.02842	0.00582	0.00629	0.12744	0.02920	0.05547	0.01927	0.11710	0.04360	0.00956	0.00505	0.00164	0.00357	0.51052	0.00373	0.00433
1	0.01068	0.46684	0.11507	0.00817	0.01148	0.03617	0.03572	0.12118	0.03765	0.02846	0.01881	0.03312	0.01816	0.00429	0.00362	0.00106	0.03879	0.00310	0.00228	0.00534
2	0.01032	0.05979	0.04616	0.03972	0.03902	0.00731	0.06251	0.07121	0.10816	0.19729	0.10844	0.10246	0.08639	0.00613	0.00415	0.00125	0.00351	0.00530	0.00359	0.03728
3	0.00979	0.04908	0.07362	0.14664	0.33982	0.00899	0.04939	0.03452	0.08505	0.08135	0.06077	0.02565	0.00908	0.00435	0.00397	0.00123	0.00448	0.00396	0.00257	0.00570
4	0.00870	0.09648	0.51044	0.03762	0.01578	0.00964	0.09245	0.04032	0.06063	0.02921	0.00974	0.01071	0.05251	0.00421	0.00383	0.00123	0.00528	0.00349	0.00212	0.00562
5	0.00568	0.00405	0.00496	0.00514	0.00602	0.00371	0.00369	0.00713	0.03544	0.04549	0.23639	0.37000	0.23725	0.01016	0.00479	0.00142	0.00218	0.00895	0.00392	0.00363
6	0.02356	0.05058	0.11283	0.09404	0.18261	0.06377	0.01914	0.06402	0.05513	0.03568	0.07871	0.09219	0.05098	0.00584	0.01650	0.00131	0.00434	0.01545	0.00271	0.03060
7	0.03050	0.06513	0.11355	0.07800	0.17032	0.00958	0.03605	0.20799	0.06453	0.07330	0.05533	0.03293	0.02146	0.01887	0.00418	0.00126	0.00434	0.00398	0.00294	0.00575
8	0.00798	0.00644	0.00900	0.12842	0.05946	0.03773	0.05616	0.02867	0.04669	0.07618	0.02965	0.36473	0.03715	0.00806	0.00516	0.00144	0.06895	0.00706	0.01673	0.00436
9	0.08146	0.00606	0.00828	0.05937	0.12280	0.00615	0.03003	0.05294	0.00999	0.05145	0.29956	0.07806	0.12774	0.00695	0.00454	0.00130	0.02570	0.01972	0.00343	0.00445
10	0.03331	0.05319	0.07265	0.08793	0.51229	0.03163	0.02221	0.06951	0.00959	0.04858	0.00769	0.00958	0.00613	0.00378	0.00393	0.00119	0.01527	0.00339	0.00219	0.00596
11	0.02400	0.06704	0.08866	0.01037	0.01355	0.10039	0.21569	0.06006	0.05085	0.23562	0.03249	0.04023	0.00862	0.00462	0.00430	0.00124	0.02949	0.00409	0.00307	0.00564
12	0.00488	0.00356	0.00461	0.00543	0.00581	0.00329	0.00372	0.00565	0.00781	0.01026	0.02380	0.73582	0.11374	0.01210	0.00504	0.00159	0.00232	0.04364	0.00368	0.00325
13	0.03685	0.04882	0.17367	0.01072	0.04180	0.07827	0.16426	0.11201	0.11519	0.04049	0.06291	0.02865	0.03726	0.00479	0.00425	0.00125	0.02643	0.00414	0.00277	0.00547
14	0.02373	0.00963	0.03616	0.01958	0.58357	0.02119	0.03010	0.07905	0.04320	0.08921	0.02084	0.01051	0.00725	0.00391	0.00394	0.00120	0.00454	0.00365	0.00251	0.00624
15	0.02556	0.00797	0.00988	0.00772	0.01056	0.04313	0.04153	0.16527	0.01223	0.51212	0.03581	0.03824	0.02279	0.01492	0.00419	0.00124	0.00374	0.00422	0.01879	0.02009
16	0.00900	0.00681	0.00898	0.02374	0.11358	0.02539	0.03727	0.07190	0.08527	0.10702	0.18488	0.09967	0.11811	0.02954	0.00511	0.00136	0.03807	0.00581	0.00352	0.02498

[dist]
# distance from previous block
# <min> <max>
2	7

[block]
# block no. 1 follows, 68 sequences, length 11
# corresponding to MSA columns:
# 106-116
name=unknown_B
#
# <colnr> <probs for GDERKNQSTAVLIFYWHMCP>
#	G	D	E	R	K	N	Q	S	T	A	V	L	I	F	Y	W	H	M	C	P
0	0.02742	0.06804	0.13542	0.00854	0.01132	0.12746	0.02831	0.06967	0.17882	0.13042	0.08697	0.02787	0.03283	0.00520	0.00431	0.00124	0.04340	0.00407	0.00319	0.00548
1	0.00615	0.00422	0.00492	0.00472	0.00599	0.00368	0.00355	0.00744	0.00977	0.08639	0.27542	0.11098	0.44381	0.00922	0.00466	0.00133	0.00212	0.00789	0.00400	0.00376
2	0.00594	0.00449	0.00569	0.00643	0.05919	0.00423	0.00426	0.02896	0.02635	0.03223	0.10697	0.37467	0.26085	0.02687	0.03250	0.00164	0.00273	0.00864	0.00361	0.00375
3	0.09466	0.09842	0.13788	0.07761	0.12405	0.05399	0.05309	0.13490	0.04884	0.04791	0.00891	0.03133	0.02157	0.00433	0.00381	0.00119	0.01800	0.00349	0.00253	0.03350
4	0.00503	0.00383	0.00436	0.00469	0.00559	0.00340	0.00340	0.00606	0.00862	0.01109	0.07306	0.31557	0.43195	0.01044	0.00472	0.00142	0.00216	0.04130	0.05998	0.00336
5	0.00504	0.00359	0.00478	0.00566	0.00596	0.00339	0.00392	0.00582	0.00768	0.01021	0.02139	0.73763	0.02539	0.04604	0.00571	0.00172	0.00251	0.09671	0.00363	0.00323
6	0.08608	0.06509	0.22817	0.07070	0.17191	0.08718	0.09274	0.03521	0.05339	0.03145	0.00790	0.02357	0.00623	0.00404	0.00391	0.00122	0.02017	0.00339	0.00217	0.00548
7	0.00886	0.04653	0.06411	0.12979	0.11122	0.03189	0.05772	0.05183	0.13577	0.04709	0.05510	0.05135	0.10308	0.00635	0.03102	0.01739	0.00427	0.00468	0.00285	0.03912
8	0.00488	0.00351	0.00455	0.00535	0.00564	0.00327	0.00356	0.00555	0.00757	0.01001	0.02245	0.75472	0.07722	0.06412	0.00596	0.00173	0.00238	0.01075	0.00360	0.00318
9	0.00998	0.09869	0.07236	0.08273	0.46724	0.08749	0.07346	0.01230	0.00893	0.01191	0.00705	0.00920	0.00583	0.00372	0.00410	0.00118	0.03290	0.00334	0.00190	0.00569
10	0.01090	0.08199	0.05937	0.05898	0.38324	0.05319	0.06009	0.11477	0.07671	0.04990	0.00854	0.00993	0.00667	0.00393	0.00385	0.00118	0.00478	0.00350	0.00247	0.00600

[dist]
# distance from previous block
# <min> <max>
3	5

[block]
# block no. 2 follows, 68 sequences, length 21
# corresponding to MSA columns:
# 123-143
name=unknown_C
#
# <colnr> <probs for GDERKNQSTAVLIFYWHMCP>
#	G	D	E	R	K	N	Q	S	T	A	V	L	I	F	Y	W	H	M	C	P
0	0.01102	0.00953	0.00950	0.00825	0.01059	0.07143	0.00648	0.18160	0.55597	0.01773	0.06326	0.01406	0.01203	0.00532	0.00403	0.00128	0.00360	0.00432	0.00389	0.00609
1	0.00909	0.03427	0.66134	0.01122	0.04758	0.00939	0.01313	0.06202	0.04860	0.05489	0.00810	0.00902	0.00576	0.00395	0.00379	0.00124	0.00544	0.00310	0.00210	0.00598
2	0.00970	0.29365	0.33380	0.01221	0.17050	0.01138	0.03196	0.03181	0.02424	0.03587	0.00715	0.00834	0.00562	0.00368	0.00344	0.00111	0.00497	0.00290	0.00194	0.00573
3	0.00720	0.00493	0.00629	0.00622	0.00733	0.00479	0.02362	0.06531	0.06226	0.08324	0.05451	0.46061	0.12950	0.00999	0.00478	0.00149	0.00272	0.05731	0.00382	0.00408
4	0.00482	0.00349	0.00456	0.00542	0.00572	0.00323	0.00363	0.00553	0.00769	0.01016	0.02313	0.80100	0.08247	0.01226	0.00503	0.00159	0.00228	0.01107	0.00368	0.00323
5	0.00762	0.00711	0.01193	0.71463	0.10973	0.00857	0.01069	0.01018	0.00824	0.01077	0.05683	0.01164	0.00732	0.00417	0.00400	0.00130	0.00502	0.00374	0.00194	0.00456
6	0.01146	0.07883	0.28141	0.01056	0.04564	0.03296	0.07969	0.20882	0.05925	0.11009	0.02422	0.01007	0.00714	0.00429	0.00400	0.00122	0.01801	0.00348	0.00284	0.00601
7	0.01062	0.00889	0.00939	0.00822	0.01060	0.01022	0.00646	0.13780	0.71079	0.01781	0.01517	0.01402	0.01132	0.00529	0.00402	0.00132	0.00332	0.00435	0.00402	0.00634
8	0.04832	0.04186	0.01520	0.14510	0.64795	0.00955	0.01144	0.01183	0.00873	0.01261	0.00724	0.00964	0.00600	0.00360	0.00381	0.00119	0.00470	0.00342	0.00194	0.00587
9	0.00883	0.00479	0.00594	0.00529	0.00695	0.00418	0.00409	0.01020	0.01019	0.25794	0.24236	0.09238	0.31478	0.00819	0.00451	0.00130	0.00240	0.00697	0.00423	0.00445
10	0.88866	0.00767	0.00583	0.00521	0.00767	0.00889	0.00429	0.01166	0.00675	0.01779	0.00552	0.00644	0.00429	0.00368	0.00245	0.00123	0.00307	0.00215	0.00245	0.00429
11	0.00564	0.00436	0.00569	0.00604	0.04273	0.00413	0.00427	0.00717	0.00990	0.01351	0.45416	0.15289	0.18218	0.00905	0.00499	0.00136	0.02623	0.05807	0.00391	0.00371
12	0.00990	0.00707	0.07018	0.00644	0.00857	0.00611	0.00540	0.06283	0.13946	0.21752	0.12477	0.02157	0.17158	0.12313	0.00641	0.00163	0.00319	0.00545	0.00382	0.00497
13	0.00598	0.00415	0.00521	0.00493	0.00601	0.00374	0.00370	0.00761	0.01063	0.05418	0.60194	0.07203	0.18796	0.00854	0.00466	0.00128	0.00199	0.00745	0.00423	0.00378
14	0.40093	0.01191	0.00851	0.00757	0.00990	0.31311	0.00592	0.04079	0.10071	0.05594	0.00756	0.00808	0.00582	0.00411	0.00316	0.00116	0.00462	0.00269	0.00265	0.00483
15	0.05361	0.00972	0.05512	0.08843	0.66203	0.00936	0.04007	0.01202	0.00881	0.01294	0.00733	0.00967	0.00603	0.00358	0.00387	0.00120	0.00480	0.00347	0.00196	0.00598
16	0.00571	0.00457	0.00710	0.00683	0.00759	0.00438	0.10559	0.00691	0.02167	0.01046	0.05416	0.53535	0.02165	0.13586	0.03290	0.00203	0.00335	0.02713	0.00327	0.00346
17	0.00824	0.00781	0.01325	0.58471	0.28787	0.00901	0.01138	0.01079	0.00828	0.01104	0.00718	0.01033	0.00561	0.00383	0.00395	0.00128	0.00510	0.00353	0.00183	0.00501
18	0.10035	0.01032	0.01304	0.01273	0.18460	0.07627	0.11064	0.23561	0.11385	0.06748	0.00932	0.01011	0.00700	0.00431	0.00411	0.00123	0.02647	0.00362	0.00300	0.00593
19	0.01106	0.01127	0.01116	0.00960	0.01081	0.22531	0.00773	0.15925	0.00984	0.01243	0.00810	0.01015	0.04237	0.00732	0.05862	0.00171	0.39266	0.00352	0.00233	0.00475
20	0.03460	0.05181	0.03499	0.00984	0.10949	0.00898	0.03613	0.25072	0.04310	0.12811	0.00925	0.00971	0.00685	0.00398	0.00359	0.00102	0.00392	0.00323	0.00313	0.24755

[dist]
# distance from previous block
# <min> <max>
0	2

[block]
# block no. 3 follows, 68 sequences, length 30
# corresponding to MSA columns:
# 146-166,177-185
name=unknown_D
#
# <colnr> <probs for GDERKNQSTAVLIFYWHMCP>
#	G	D	E	R	K	N	Q	S	T	A	V	L	I	F	Y	W	H	M	C	P
0	0.01320	0.20900	0.04771	0.00910	0.01166	0.41287	0.00762	0.08218	0.04617	0.06394	0.00730	0.00804	0.00584	0.00425	0.00398	0.00107	0.05580	0.00278	0.00236	0.00513
1	0.01027	0.03089	0.08312	0.01435	0.34517	0.00819	0.01945	0.05732	0.02143	0.09987	0.02787	0.01009	0.00723	0.00379	0.00378	0.00104	0.01596	0.00330	0.00253	0.23434
2	0.00994	0.18956	0.32608	0.03785	0.11526	0.03380	0.03952	0.06610	0.02267	0.05977	0.00773	0.00903	0.00595	0.00495	0.03869	0.00138	0.02086	0.00310	0.00213	0.00564
3	0.00511	0.00403	0.00460	0.00446	0.00561	0.00353	0.00334	0.00650	0.01003	0.01306	0.39972	0.03429	0.47330	0.00916	0.00468	0.00130	0.00195	0.00783	0.00399	0.00353
4	0.04300	0.00847	0.01069	0.00945	0.09263	0.03105	0.02384	0.21946	0.01276	0.46155	0.03756	0.01217	0.00915	0.00474	0.00395	0.00121	0.00387	0.00385	0.00415	0.00644
5	0.03966	0.14151	0.07911	0.21610	0.20400	0.02463	0.10485	0.09989	0.01933	0.02358	0.00744	0.00937	0.00581	0.00380	0.00375	0.00119	0.00501	0.00336	0.00215	0.00546
6	0.00660	0.00523	0.02922	0.00714	0.04063	0.01460	0.03558	0.02387	0.03886	0.05703	0.06508	0.55767	0.05259	0.01018	0.00481	0.00150	0.00286	0.03901	0.00360	0.00394
7	0.03740	0.00661	0.00845	0.00673	0.00926	0.00615	0.00546	0.11129	0.01206	0.51306	0.22105	0.01690	0.01627	0.00566	0.00412	0.00123	0.00310	0.00469	0.00459	0.00592
8	0.02812	0.00899	0.01317	0.08999	0.41950	0.00940	0.00975	0.16074	0.07907	0.10406	0.00973	0.01152	0.00755	0.00430	0.00397	0.00123	0.00436	0.02556	0.00285	0.00614
9	0.00905	0.06591	0.49152	0.03821	0.19986	0.00987	0.04972	0.06666	0.00922	0.01323	0.00730	0.00882	0.00548	0.00375	0.00379	0.00122	0.00543	0.00316	0.00191	0.00590
10	0.00515	0.00400	0.00475	0.00514	0.00609	0.00360	0.00394	0.00631	0.00887	0.01118	0.08829	0.23492	0.41319	0.01066	0.00494	0.00150	0.00241	0.17792	0.00372	0.00341
11	0.00570	0.00433	0.00515	0.00484	0.00600	0.00397	0.00366	0.04074	0.01082	0.01458	0.53990	0.03158	0.29690	0.00860	0.00465	0.00127	0.00202	0.00741	0.00412	0.00374
12	0.06357	0.01004	0.01176	0.11454	0.21375	0.12385	0.02040	0.16986	0.07907	0.04778	0.00969	0.02432	0.02303	0.00536	0.02876	0.00138	0.02623	0.01833	0.00275	0.00552
13	0.02188	0.02789	0.03032	0.06810	0.51405	0.05971	0.03305	0.12821	0.05243	0.01447	0.00804	0.00980	0.00644	0.00386	0.00389	0.00119	0.00480	0.00350	0.00234	0.00605
14	0.00689	0.00344	0.00517	0.00517	0.00517	0.00344	0.00344	0.00517	0.00517	0.00689	0.00689	0.01205	0.00689	0.01377	0.01550	0.88464	0.00344	0.00344	0.00172	0.00172
15	0.00915	0.00874	0.01489	0.26115	0.60432	0.00925	0.01184	0.01158	0.00871	0.01214	0.00734	0.01003	0.00600	0.00366	0.00394	0.00122	0.00488	0.00353	0.00191	0.00574
16	0.04760	0.22232	0.06970	0.02579	0.17777	0.05007	0.06628	0.10078	0.06579	0.07727	0.02333	0.00958	0.00698	0.00411	0.00392	0.00115	0.03609	0.00329	0.00252	0.00567
17	0.02865	0.19017	0.12059	0.00783	0.01087	0.03169	0.02191	0.07000	0.08044	0.24936	0.02342	0.06223	0.05209	0.00520	0.00399	0.00120	0.02740	0.00409	0.00326	0.00562
18	0.00541	0.00403	0.00504	0.00488	0.00586	0.00366	0.00366	0.00706	0.01057	0.01450	0.61658	0.06616	0.19831	0.00876	0.00472	0.00130	0.00197	0.02972	0.00418	0.00364
19	0.04722	0.08051	0.21640	0.03446	0.10324	0.17485	0.12847	0.08943	0.03958	0.02604	0.00755	0.00887	0.00579	0.00393	0.00390	0.00119	0.01762	0.00324	0.00221	0.00551
20	0.01108	0.00916	0.04697	0.11573	0.31299	0.05088	0.05433	0.03723	0.02462	0.18160	0.01966	0.03568	0.02168	0.00454	0.00417	0.00123	0.01885	0.01715	0.00277	0.02967
21	0.06108	0.01273	0.27972	0.02466	0.10722	0.03592	0.14101	0.07597	0.03112	0.09437	0.03340	0.05504	0.00815	0.00454	0.00413	0.00127	0.01750	0.00400	0.00256	0.00561
22	0.07956	0.02372	0.01475	0.06625	0.57136	0.00933	0.05268	0.05041	0.00919	0.01367	0.00735	0.00945	0.00603	0.00357	0.00376	0.00115	0.00457	0.00338	0.00211	0.06772
23	0.06107	0.02013	0.02920	0.10433	0.26862	0.08866	0.02667	0.05677	0.06409	0.10097	0.01011	0.04081	0.02179	0.00461	0.00396	0.00121	0.01304	0.02736	0.00268	0.05392
24	0.07750	0.03228	0.05130	0.05851	0.12400	0.03208	0.03980	0.19170	0.04307	0.19019	0.01097	0.06016	0.01878	0.00479	0.00385	0.00120	0.00413	0.00398	0.00326	0.04846
25	0.08098	0.00943	0.03712	0.11165	0.35026	0.03438	0.02631	0.11343	0.03185	0.12147	0.00872	0.01005	0.00657	0.00404	0.00398	0.00121	0.02004	0.00346	0.00266	0.02238
26	0.11130	0.02410	0.01106	0.02632	0.16924	0.00849	0.06221	0.15807	0.06516	0.11248	0.03194	0.11502	0.03196	0.00546	0.00412	0.00126	0.01937	0.00467	0.00318	0.03458
27	0.08911	0.02670	0.01179	0.03304	0.12319	0.02852	0.09054	0.20137	0.07693	0.10096	0.04484	0.01243	0.03474	0.00460	0.00385	0.00118	0.00409	0.01901	0.00316	0.08997
28	0.07769	0.00894	0.03553	0.04737	0.10847	0.02111	0.07518	0.19813	0.10424	0.12486	0.05298	0.03765	0.00979	0.00529	0.01833	0.00132	0.00419	0.01944	0.00329	0.04619
29	0.03709	0.03221	0.03774	0.03195	0.04991	0.05580	0.06966	0.13998	0.07621	0.23723	0.03075	0.03514	0.00924	0.00477	0.00389	0.00117	0.00408	0.02756	0.00343	0.11220

[dist]
# distance from previous block
# <min> <max>
3	98

[block]
# block no. 4 follows, 68 sequences, length 20
# corresponding to MSA columns:
# 286-305
name=unknown_E
#
# <colnr> <probs for GDERKNQSTAVLIFYWHMCP>
#	G	D	E	R	K	N	Q	S	T	A	V	L	I	F	Y	W	H	M	C	P
0	0.04040	0.03888	0.02590	0.02334	0.15177	0.10807	0.03396	0.23698	0.05712	0.09686	0.01029	0.05020	0.01993	0.00472	0.00384	0.00116	0.00440	0.01246	0.00308	0.07663
1	0.07598	0.04164	0.04642	0.05236	0.12815	0.00921	0.10662	0.12777	0.13546	0.13081	0.03863	0.01869	0.00862	0.00444	0.00398	0.00122	0.01464	0.00384	0.00309	0.04841
2	0.04442	0.04827	0.03689	0.06771	0.13671	0.04074	0.02043	0.08493	0.13396	0.09987	0.02284	0.01236	0.02725	0.00470	0.00400	0.02181	0.00395	0.02855	0.00294	0.15768
3	0.03340	0.02732	0.01024	0.01791	0.16366	0.02150	0.02234	0.14667	0.05197	0.06336	0.04996	0.03075	0.01007	0.09595	0.08486	0.02036	0.03107	0.01780	0.00286	0.09797
4	0.04579	0.02010	0.03497	0.02685	0.18236	0.05289	0.03718	0.10899	0.14444	0.11163	0.02515	0.01388	0.05497	0.05013	0.07154	0.00177	0.00466	0.00414	0.00306	0.00551
5	0.19159	0.00753	0.00809	0.00751	0.05677	0.04072	0.00553	0.13148	0.06803	0.11547	0.20859	0.02507	0.04111	0.03022	0.00442	0.00129	0.01564	0.00447	0.00353	0.03293
6	0.02794	0.21036	0.01277	0.05880	0.08083	0.08498	0.00705	0.10476	0.02772	0.09906	0.00876	0.05355	0.00742	0.02031	0.00426	0.00112	0.04953	0.00343	0.00263	0.13472
7	0.09209	0.02578	0.03884	0.00857	0.07575	0.05709	0.01557	0.10377	0.13976	0.07128	0.03788	0.02649	0.03032	0.00442	0.00355	0.00105	0.00366	0.00355	0.00302	0.25757
8	0.18153	0.09867	0.17297	0.01032	0.12543	0.02846	0.02445	0.09975	0.04009	0.09285	0.02913	0.01049	0.00736	0.00425	0.00352	0.00118	0.00428	0.02774	0.00267	0.03485
9	0.02926	0.03192	0.02204	0.01346	0.30934	0.00796	0.04844	0.04763	0.07137	0.02742	0.03620	0.04859	0.00850	0.00411	0.00367	0.00103	0.00386	0.00370	0.00254	0.27899
10	0.04924	0.00714	0.01148	0.77392	0.02563	0.00886	0.01048	0.01069	0.04412	0.01078	0.00738	0.01056	0.00554	0.00401	0.00390	0.00132	0.00509	0.00350	0.00189	0.00448
11	0.01289	0.01238	0.01134	0.07238	0.08606	0.27887	0.00793	0.21258	0.17835	0.05432	0.00960	0.01010	0.00727	0.00456	0.00405	0.00119	0.02399	0.00344	0.00302	0.00569
12	0.02821	0.00680	0.00825	0.00713	0.02400	0.00704	0.00537	0.18211	0.07029	0.17241	0.03448	0.04209	0.01020	0.12331	0.02666	0.14346	0.04131	0.00426	0.00328	0.05935
13	0.01003	0.08796	0.06847	0.04137	0.50070	0.00974	0.02948	0.06587	0.04677	0.03943	0.03786	0.01108	0.02564	0.00405	0.00386	0.00118	0.00451	0.00368	0.00236	0.00596
14	0.04219	0.01071	0.02920	0.00893	0.04597	0.18374	0.00683	0.12619	0.27848	0.14270	0.03067	0.03181	0.03471	0.00514	0.00391	0.00123	0.00423	0.00405	0.00353	0.00577
15	0.01035	0.70921	0.06373	0.00713	0.01045	0.04373	0.00708	0.01229	0.04712	0.01015	0.04270	0.00792	0.00684	0.00374	0.00281	0.00092	0.00427	0.00251	0.00194	0.00511
16	0.46203	0.07126	0.02130	0.00981	0.15821	0.09554	0.03786	0.02910	0.00818	0.01518	0.00656	0.00785	0.00526	0.00374	0.00299	0.00116	0.00400	0.00266	0.05249	0.00482
17	0.00553	0.00411	0.00510	0.00482	0.00589	0.00370	0.00361	0.00721	0.01060	0.01470	0.62884	0.04650	0.18735	0.00835	0.00460	0.00125	0.00193	0.00728	0.02006	0.02860
18	0.03577	0.31885	0.07452	0.01040	0.12268	0.19941	0.00812	0.06276	0.06421	0.03103	0.01925	0.00844	0.00638	0.00391	0.00330	0.00104	0.00490	0.00283	0.00225	0.01995
19	0.05143	0.02590	0.00716	0.02058	0.02517	0.01912	0.00490	0.01222	0.29365	0.01308	0.09254	0.09144	0.09869	0.12785	0.04102	0.01781	0.01721	0.00559	0.03020	0.00445

[dist]
# distance from previous block
# <min> <max>
2	11

[block]
# block no. 5 follows, 68 sequences, length 23
# corresponding to MSA columns:
# 318-340
name=unknown_F
#
# <colnr> <probs for GDERKNQSTAVLIFYWHMCP>
#	G	D	E	R	K	N	Q	S	T	A	V	L	I	F	Y	W	H	M	C	P
0	0.40036	0.14418	0.04372	0.03534	0.01052	0.14041	0.02393	0.06790	0.00874	0.01468	0.02215	0.00763	0.00553	0.00394	0.00329	0.00114	0.03096	0.00258	0.00232	0.03068
1	0.01090	0.40298	0.06651	0.00808	0.01077	0.17803	0.00735	0.07688	0.01913	0.01136	0.04730	0.03043	0.02334	0.00468	0.00405	0.00108	0.07227	0.01769	0.00223	0.00496
2	0.02116	0.03100	0.05745	0.08815	0.41484	0.02113	0.05745	0.08129	0.06008	0.03642	0.00824	0.00992	0.00650	0.00378	0.00383	0.00115	0.00461	0.00347	0.00235	0.08718
3	0.00884	0.00641	0.00759	0.00681	0.00856	0.00671	0.02157	0.05613	0.31615	0.09963	0.21498	0.14051	0.07490	0.00724	0.00438	0.00134	0.00280	0.00627	0.00408	0.00508
4	0.00749	0.00705	0.01189	0.85113	0.02731	0.00881	0.01101	0.01013	0.00793	0.01013	0.00705	0.01057	0.00529	0.00396	0.00396	0.00132	0.00529	0.00352	0.00176	0.00440
5	0.01180	0.55424	0.03827	0.00799	0.01100	0.26999	0.00724	0.01341	0.03604	0.00976	0.00609	0.00693	0.00532	0.00368	0.00294	0.00093	0.00514	0.00235	0.00188	0.00500
6	0.13614	0.01012	0.01099	0.05626	0.13743	0.15574	0.03718	0.13149	0.03365	0.18059	0.01004	0.01213	0.00778	0.00467	0.00381	0.00123	0.00458	0.05752	0.00309	0.00555
7	0.00852	0.00521	0.00563	0.00510	0.00647	0.00538	0.00396	0.14639	0.03758	0.02799	0.12380	0.04183	0.03378	0.00561	0.00345	0.00108	0.00239	0.01863	0.51290	0.00432
8	0.00586	0.00430	0.00505	0.02081	0.00642	0.00395	0.00377	0.03095	0.01941	0.03979	0.19359	0.22673	0.37368	0.00959	0.00467	0.00137	0.00226	0.01798	0.02617	0.00368
9	0.32159	0.03635	0.09971	0.08647	0.21175	0.00935	0.00838	0.09664	0.00913	0.04274	0.02313	0.00887	0.00608	0.00390	0.00335	0.00120	0.00412	0.00300	0.00244	0.02184
10	0.00830	0.00444	0.00596	0.00601	0.00710	0.00405	0.00448	0.00939	0.00894	0.21965	0.06692	0.49276	0.04546	0.01007	0.00480	0.00151	0.00267	0.08928	0.00403	0.00419
11	0.00530	0.00400	0.00490	0.00540	0.00613	0.00374	0.00397	0.00662	0.03398	0.01099	0.07310	0.38721	0.24445	0.05207	0.00570	0.00165	0.00252	0.14119	0.00366	0.00341
12	0.00567	0.00423	0.00629	0.00629	0.00696	0.00491	0.00485	0.00703	0.00635	0.00914	0.01070	0.01601	0.01010	0.06454	0.81040	0.00627	0.01034	0.00431	0.00214	0.00349
13	0.01232	0.42244	0.01562	0.00831	0.01107	0.32466	0.00710	0.05421	0.08974	0.01095	0.00698	0.00763	0.00586	0.00391	0.00314	0.00098	0.00523	0.00258	0.00217	0.00510
14	0.33892	0.00763	0.00824	0.00662	0.00942	0.00781	0.00545	0.12785	0.01066	0.40397	0.02928	0.01070	0.00796	0.00450	0.00343	0.00122	0.00336	0.00332	0.00386	0.00577
15	0.00487	0.00350	0.00463	0.00553	0.00581	0.00326	0.00374	0.00560	0.00767	0.01019	0.02233	0.81306	0.04826	0.01232	0.00506	0.00161	0.00233	0.03333	0.00368	0.00324
16	0.01443	0.00674	0.04628	0.00660	0.00928	0.00554	0.00561	0.02732	0.01090	0.58559	0.10201	0.01606	0.04702	0.00538	0.00396	0.00120	0.00313	0.00442	0.09259	0.00594
17	0.00715	0.00570	0.00753	0.00820	0.11303	0.01906	0.02581	0.07572	0.00884	0.01207	0.09927	0.09566	0.12624	0.17826	0.14203	0.00260	0.01425	0.00583	0.04878	0.00398
18	0.16164	0.28167	0.13920	0.11318	0.03636	0.03760	0.03054	0.01136	0.00818	0.01196	0.00832	0.01297	0.00758	0.00468	0.00344	0.00120	0.00450	0.11867	0.00214	0.00480
19	0.01362	0.03321	0.01153	0.09019	0.02842	0.01094	0.00760	0.57081	0.04300	0.08201	0.02250	0.01149	0.00797	0.00489	0.00397	0.00122	0.00424	0.02878	0.01736	0.00626
20	0.09088	0.19258	0.15218	0.01693	0.02631	0.06194	0.01704	0.04978	0.22040	0.03026	0.02530	0.03811	0.00844	0.00525	0.02398	0.00132	0.02766	0.00355	0.00269	0.00540
21	0.01282	0.10896	0.19324	0.00878	0.03414	0.02232	0.00831	0.01510	0.02426	0.37598	0.01099	0.02243	0.00777	0.00478	0.00482	0.00124	0.10547	0.00354	0.02918	0.00588
22	0.02477	0.04510	0.04878	0.01958	0.01073	0.00841	0.00638	0.23693	0.04583	0.03174	0.03610	0.02773	0.00799	0.00433	0.00395	0.00098	0.04587	0.01293	0.00293	0.37895

[dist]
# distance from previous block
# <min> <max>
0	3

[block]
# block no. 6 follows, 68 sequences, length 18
# corresponding to MSA columns:
# 344-361
name=unknown_G
#
# <colnr> <probs for GDERKNQSTAVLIFYWHMCP>
#	G	D	E	R	K	N	Q	S	T	A	V	L	I	F	Y	W	H	M	C	P
0	0.02348	0.02640	0.04610	0.00671	0.00968	0.03743	0.00565	0.16158	0.02830	0.06204	0.04994	0.01463	0.12879	0.00492	0.00362	0.00097	0.00337	0.01501	0.00308	0.36829
1	0.01071	0.20144	0.18439	0.05026	0.11649	0.06597	0.07351	0.12613	0.05681	0.04378	0.02889	0.00956	0.00693	0.00403	0.00366	0.00114	0.00493	0.00329	0.00241	0.00568
2	0.00937	0.11715	0.09641	0.01746	0.02329	0.02074	0.05733	0.11046	0.06353	0.08383	0.04033	0.18394	0.07948	0.00676	0.00463	0.00132	0.04900	0.02686	0.00313	0.00497
3	0.00505	0.00401	0.00453	0.00445	0.00559	0.00349	0.00332	0.00637	0.00982	0.01268	0.34472	0.06839	0.49473	0.00939	0.00470	0.00131	0.00197	0.00803	0.00394	0.00349
4	0.00584	0.00404	0.00534	0.00618	0.03989	0.00378	0.00411	0.00671	0.00798	0.05044	0.03561	0.53424	0.12553	0.08348	0.02337	0.00183	0.00278	0.05180	0.00354	0.00350
5	0.02678	0.08542	0.09134	0.03760	0.12890	0.05300	0.05540	0.12509	0.06992	0.16546	0.04277	0.02547	0.03065	0.00484	0.00412	0.00122	0.02344	0.01977	0.00308	0.00573
6	0.00834	0.00715	0.01070	0.25386	0.23052	0.00779	0.00855	0.03181	0.10434	0.03907	0.06708	0.07752	0.08401	0.00566	0.00434	0.00131	0.02097	0.01556	0.01644	0.00500
7	0.01651	0.00675	0.00896	0.00695	0.00983	0.00602	0.00571	0.06641	0.01171	0.71203	0.07466	0.01446	0.01164	0.00512	0.00401	0.00122	0.00329	0.00419	0.02407	0.00646
8	0.00773	0.00667	0.00992	0.13682	0.26520	0.00687	0.00783	0.04769	0.03877	0.01327	0.16095	0.04016	0.13587	0.00645	0.00435	0.00131	0.00362	0.08647	0.01527	0.00477
9	0.06983	0.12671	0.26605	0.00941	0.05399	0.00956	0.00916	0.12517	0.01049	0.25405	0.00959	0.00970	0.00668	0.00422	0.00377	0.00119	0.01823	0.00320	0.00300	0.00603
10	0.00524	0.00416	0.00473	0.00460	0.00576	0.00372	0.00344	0.00693	0.03596	0.01306	0.37185	0.06197	0.44602	0.00916	0.00467	0.00131	0.00200	0.00784	0.00398	0.00360
11	0.00812	0.07361	0.78848	0.01102	0.01672	0.00962	0.01415	0.01251	0.00835	0.01235	0.00701	0.00824	0.00503	0.00374	0.00369	0.00123	0.00576	0.00288	0.00168	0.00581
12	0.01169	0.01065	0.11727	0.04599	0.14897	0.08472	0.04248	0.11638	0.04805	0.18426	0.02479	0.06986	0.00894	0.00540	0.01652	0.00134	0.04977	0.00416	0.00303	0.00571
13	0.01335	0.01067	0.20318	0.00868	0.01200	0.04366	0.04401	0.03192	0.02820	0.42689	0.01213	0.01265	0.00847	0.03598	0.00505	0.00136	0.05210	0.01868	0.02508	0.00595
14	0.02750	0.00515	0.00681	0.00611	0.00782	0.00469	0.00490	0.01180	0.01054	0.31386	0.30861	0.07497	0.05636	0.00765	0.00453	0.00136	0.00276	0.13547	0.00434	0.00478
15	0.00740	0.00631	0.00651	0.00648	0.02053	0.11773	0.00447	0.00803	0.00716	0.02995	0.02609	0.13071	0.01316	0.32485	0.19449	0.03560	0.04924	0.00548	0.00250	0.00333
16	0.01161	0.08689	0.05149	0.05225	0.25034	0.12467	0.02246	0.05639	0.07566	0.14328	0.03789	0.01143	0.02841	0.00445	0.00405	0.00118	0.02540	0.00365	0.00278	0.00571
17	0.01062	0.06551	0.05091	0.03108	0.05257	0.08499	0.04544	0.06569	0.02645	0.17552	0.06242	0.12731	0.02599	0.06591	0.00587	0.00147	0.06608	0.01750	0.01372	0.00495

[dist]
# distance from previous block
# <min> <max>
3	9

[block]
# block no. 7 follows, 68 sequences, length 15
# corresponding to MSA columns:
# 373-387
name=unknown_H
#
# <colnr> <probs for GDERKNQSTAVLIFYWHMCP>
#	G	D	E	R	K	N	Q	S	T	A	V	L	I	F	Y	W	H	M	C	P
0	0.06733	0.11088	0.07999	0.01174	0.19845	0.05257	0.04889	0.04718	0.04140	0.14855	0.02044	0.00981	0.00704	0.00389	0.00355	0.00108	0.00427	0.00322	0.00268	0.13702
1	0.05668	0.13906	0.19513	0.00955	0.02736	0.06816	0.09729	0.07204	0.02166	0.17367	0.02841	0.01214	0.00817	0.00454	0.00378	0.00120	0.00473	0.05486	0.00281	0.01876
2	0.00566	0.00425	0.00637	0.00637	0.00708	0.00496	0.00496	0.00708	0.00637	0.00920	0.01062	0.01558	0.00991	0.02974	0.84494	0.00637	0.01062	0.00425	0.00212	0.00354
3	0.00853	0.00811	0.01377	0.48198	0.38834	0.00908	0.01153	0.01104	0.00842	0.01139	0.00723	0.01023	0.00573	0.00377	0.00395	0.00126	0.00503	0.00353	0.00185	0.00524
4	0.04516	0.12904	0.10793	0.06386	0.06356	0.14302	0.06122	0.12196	0.08534	0.07548	0.00954	0.01055	0.02747	0.00433	0.00369	0.00116	0.00486	0.01384	0.00267	0.02532
5	0.00938	0.00903	0.01556	0.17204	0.66728	0.00933	0.03575	0.01182	0.00884	0.01244	0.00740	0.00997	0.00609	0.00360	0.00395	0.00121	0.00487	0.00356	0.00193	0.00592
6	0.03920	0.00438	0.00543	0.00574	0.00669	0.00439	0.00446	0.00741	0.04213	0.01132	0.06492	0.20395	0.23003	0.01399	0.16650	0.00246	0.00415	0.17588	0.00338	0.00360
7	0.00761	0.00728	0.01263	0.79778	0.02689	0.00889	0.06283	0.01029	0.00802	0.01029	0.00711	0.01058	0.00533	0.00392	0.00401	0.00132	0.00537	0.00360	0.00178	0.00446
8	0.06983	0.00894	0.00957	0.00770	0.01033	0.00968	0.00625	0.46829	0.10962	0.07320	0.07400	0.01507	0.10872	0.00565	0.00401	0.00123	0.00361	0.00445	0.00393	0.00590
9	0.00501	0.00364	0.00458	0.00520	0.00562	0.00338	0.00353	0.00576	0.00783	0.01029	0.06766	0.57999	0.13671	0.10876	0.00673	0.00181	0.00245	0.03428	0.00357	0.00319
10	0.00647	0.00480	0.00587	0.00576	0.00648	0.00517	0.00412	0.03727	0.10365	0.01033	0.01473	0.06872	0.05908	0.33954	0.26620	0.00386	0.00564	0.04602	0.00277	0.00352
11	0.00967	0.00757	0.01065	0.00881	0.01093	0.00777	0.14756	0.22986	0.08689	0.05339	0.06145	0.18863	0.03346	0.03875	0.00513	0.00148	0.00391	0.08553	0.00354	0.00503
12	0.01483	0.01833	0.01128	0.01013	0.01226	0.78390	0.00765	0.07480	0.01178	0.01082	0.00638	0.00732	0.00523	0.00414	0.00360	0.00103	0.00695	0.00263	0.00218	0.00475
13	0.00491	0.00357	0.00458	0.00527	0.00566	0.00330	0.00356	0.00569	0.00794	0.01051	0.08354	0.67321	0.11446	0.04689	0.00562	0.00165	0.00230	0.01042	0.00368	0.00324
14	0.00854	0.00809	0.01325	0.12213	0.57663	0.00818	0.01026	0.01067	0.00889	0.01217	0.01370	0.01536	0.16549	0.00484	0.00408	0.00123	0.00426	0.00446	0.00227	0.00549

[dist]
# distance from previous block
# <min> <max>
0	2

[block]
# block no. 8 follows, 68 sequences, length 50
# corresponding to MSA columns:
# 390-439
name=unknown_I
#
# <colnr> <probs for GDERKNQSTAVLIFYWHMCP>
#	G	D	E	R	K	N	Q	S	T	A	V	L	I	F	Y	W	H	M	C	P
0	0.08430	0.05103	0.02198	0.01153	0.15533	0.26157	0.01911	0.23354	0.03107	0.02494	0.00860	0.06330	0.00728	0.00467	0.00373	0.00116	0.00503	0.00361	0.00275	0.00547
1	0.01465	0.01863	0.01126	0.01022	0.01221	0.82315	0.00769	0.01567	0.01110	0.00970	0.00610	0.00719	0.00511	0.00416	0.00382	0.00104	0.02909	0.00258	0.00203	0.00459
2	0.00953	0.00717	0.00941	0.11775	0.03179	0.00616	0.02707	0.02243	0.01965	0.12342	0.00865	0.02425	0.00679	0.00358	0.00335	0.00084	0.00345	0.00301	0.00266	0.56905
3	0.14742	0.19379	0.18710	0.02773	0.02520	0.02535	0.04926	0.12790	0.05371	0.11459	0.00841	0.00893	0.00620	0.00402	0.00342	0.00116	0.00446	0.00304	0.00267	0.00563
4	0.00485	0.00346	0.00459	0.00550	0.00572	0.00323	0.00365	0.00553	0.00755	0.01007	0.02165	0.84035	0.02597	0.03048	0.00538	0.00166	0.00233	0.01115	0.00365	0.00320
5	0.15461	0.00754	0.01146	0.53093	0.15940	0.00878	0.00984	0.01117	0.00808	0.05170	0.00728	0.00990	0.00551	0.00389	0.00371	0.00128	0.00473	0.00332	0.00206	0.00481
6	0.02339	0.02184	0.18781	0.09356	0.12141	0.06043	0.07293	0.04885	0.02341	0.08677	0.03133	0.01196	0.04159	0.03789	0.00555	0.00137	0.09685	0.00380	0.00242	0.02687
7	0.05987	0.05742	0.04378	0.33432	0.14919	0.08990	0.06252	0.08776	0.00966	0.05766	0.00762	0.00964	0.00578	0.00394	0.00380	0.00122	0.00511	0.00336	0.00225	0.00521
8	0.00531	0.00401	0.00490	0.00475	0.00576	0.00360	0.00354	0.00686	0.01039	0.01411	0.56398	0.08357	0.25689	0.00891	0.00470	0.00130	0.00194	0.00776	0.00413	0.00360
9	0.00628	0.00478	0.00563	0.00582	0.00671	0.02610	0.00431	0.00844	0.08963	0.03094	0.20401	0.31223	0.10794	0.05131	0.02443	0.00169	0.00282	0.09938	0.00375	0.00378
10	0.08022	0.01182	0.05337	0.02217	0.03490	0.14836	0.00754	0.42908	0.05878	0.06873	0.00962	0.04067	0.00736	0.00479	0.00382	0.00120	0.00462	0.00362	0.00338	0.00595
11	0.72842	0.00876	0.00701	0.02196	0.02564	0.08717	0.01700	0.02255	0.00748	0.01668	0.00608	0.00762	0.00490	0.00389	0.00274	0.00122	0.00361	0.02044	0.00243	0.00440
12	0.02055	0.30751	0.33324	0.02318	0.10023	0.02329	0.03572	0.01224	0.00835	0.03923	0.00697	0.00834	0.00555	0.00468	0.03460	0.00131	0.02482	0.00286	0.00187	0.00547
13	0.00505	0.00411	0.00450	0.00455	0.00569	0.00364	0.00335	0.00654	0.03940	0.01172	0.17083	0.15408	0.55276	0.00989	0.00471	0.00136	0.00207	0.00844	0.00381	0.00350
14	0.01130	0.02943	0.07519	0.01916	0.03204	0.01971	0.02196	0.24818	0.22593	0.07785	0.01174	0.04995	0.00925	0.00498	0.00388	0.00118	0.00387	0.02205	0.00344	0.12891
15	0.01123	0.00684	0.00831	0.00641	0.00937	0.00588	0.00514	0.02418	0.10098	0.27664	0.07564	0.01324	0.03626	0.00448	0.00360	0.00096	0.00300	0.00368	0.00357	0.40059
16	0.04150	0.15016	0.24728	0.00993	0.06914	0.00956	0.05555	0.10625	0.02045	0.13577	0.07297	0.01155	0.00903	0.01363	0.00390	0.00120	0.00448	0.01535	0.00277	0.01953
17	0.00853	0.00822	0.03169	0.32418	0.26978	0.03110	0.03783	0.01971	0.03806	0.02071	0.01785	0.01263	0.00755	0.06411	0.04842	0.00172	0.02844	0.02238	0.00211	0.00496
18	0.00539	0.00370	0.00448	0.00483	0.00497	0.00359	0.00297	0.00576	0.00676	0.00907	0.05867	0.35270	0.02024	0.48365	0.01344	0.00283	0.00314	0.00800	0.00301	0.00279
19	0.02315	0.00505	0.00632	0.00552	0.00713	0.00470	0.00431	0.03566	0.02574	0.22035	0.42771	0.02356	0.09174	0.00729	0.01741	0.00130	0.00251	0.00589	0.08007	0.00460
20	0.00982	0.00879	0.01020	0.05349	0.17142	0.11072	0.01943	0.08300	0.17481	0.04404	0.19332	0.02944	0.02677	0.00571	0.00419	0.00126	0.00393	0.04112	0.00331	0.00525
21	0.00667	0.00445	0.00602	0.00675	0.00769	0.00444	0.00582	0.00848	0.00902	0.02374	0.01977	0.05187	0.02087	0.00998	0.00506	0.00168	0.00337	0.67075	0.12988	0.00369
22	0.02185	0.14436	0.02650	0.02805	0.03276	0.01140	0.00709	0.24267	0.40851	0.01749	0.01189	0.01155	0.00897	0.00476	0.00375	0.00122	0.00379	0.00375	0.00348	0.00614
23	0.01163	0.06693	0.01141	0.00894	0.05287	0.02531	0.00700	0.26842	0.04729	0.08520	0.03158	0.00997	0.00747	0.00471	0.00523	0.00114	0.15127	0.00334	0.00303	0.19726
24	0.01071	0.24455	0.21941	0.01289	0.19820	0.05782	0.06888	0.05578	0.00944	0.07580	0.00755	0.00870	0.00586	0.00374	0.00355	0.00111	0.00502	0.00307	0.00216	0.00575
25	0.00856	0.21311	0.65282	0.01027	0.01556	0.01069	0.01285	0.01240	0.00830	0.01182	0.00675	0.00791	0.00504	0.00368	0.00349	0.00116	0.00549	0.00274	0.00168	0.00568
26	0.00550	0.00392	0.00533	0.00623	0.00673	0.00379	0.00477	0.00664	0.00818	0.01078	0.02125	0.49977	0.02451	0.03384	0.00563	0.00176	0.00290	0.34145	0.00364	0.00338
27	0.01438	0.00752	0.01119	0.01247	0.26530	0.00701	0.00788	0.03712	0.01065	0.49874	0.01336	0.01465	0.00964	0.00494	0.00408	0.00126	0.00383	0.06573	0.00388	0.00637
28	0.01350	0.01035	0.01105	0.00841	0.01163	0.02928	0.00689	0.61920	0.01610	0.02189	0.00888	0.00917	0.00651	0.00433	0.00372	0.00105	0.00410	0.00327	0.00355	0.20712
29	0.01019	0.12104	0.53616	0.01065	0.05550	0.02157	0.01190	0.03240	0.00912	0.14305	0.00833	0.00901	0.00589	0.00392	0.00366	0.00119	0.00519	0.00304	0.00226	0.00593
30	0.00981	0.06941	0.42277	0.01095	0.05603	0.00998	0.03539	0.09753	0.00936	0.07433	0.00772	0.00903	0.00578	0.00472	0.01782	0.00135	0.12410	0.00319	0.00221	0.02852
31	0.00685	0.00623	0.01072	0.35391	0.04718	0.00677	0.11894	0.00888	0.00826	0.01091	0.04325	0.28073	0.01435	0.00714	0.00453	0.00144	0.00428	0.05885	0.00263	0.00416
32	0.00870	0.00823	0.01388	0.31583	0.49557	0.00883	0.01120	0.01111	0.00874	0.01204	0.04539	0.01154	0.02371	0.00402	0.00399	0.00123	0.00473	0.00379	0.00203	0.00544
33	0.01110	0.00963	0.10746	0.05223	0.31366	0.00809	0.12643	0.01356	0.00948	0.22158	0.01070	0.05046	0.00846	0.00457	0.00414	0.00127	0.00466	0.03380	0.00281	0.00590
34	0.00934	0.01336	0.36120	0.04737	0.20014	0.00852	0.10108	0.01273	0.02457	0.09939	0.00954	0.06893	0.00773	0.00451	0.00405	0.00128	0.00508	0.01314	0.00233	0.00573
35	0.00877	0.37128	0.13095	0.00790	0.04064	0.05484	0.02597	0.01057	0.00869	0.02101	0.05075	0.06870	0.14093	0.00566	0.00361	0.00113	0.00408	0.03739	0.00241	0.00473
36	0.00950	0.05883	0.41176	0.13222	0.07378	0.04671	0.01931	0.05337	0.00926	0.08426	0.00936	0.03161	0.03412	0.00435	0.00384	0.00123	0.00517	0.00353	0.00224	0.00555
37	0.00978	0.03161	0.26423	0.04999	0.40713	0.00905	0.02678	0.03129	0.00921	0.07999	0.02679	0.02132	0.00709	0.00397	0.00390	0.00121	0.00489	0.00356	0.00222	0.00599
38	0.00537	0.00388	0.00457	0.00492	0.00580	0.00342	0.00351	0.00627	0.00845	0.04796	0.03004	0.42770	0.39948	0.01096	0.00485	0.00147	0.00223	0.02194	0.00374	0.00345
39	0.01052	0.01285	0.28553	0.08152	0.10087	0.04816	0.10357	0.02602	0.04268	0.15701	0.02188	0.01044	0.00697	0.00432	0.00467	0.00129	0.06993	0.00359	0.00251	0.00570
40	0.00953	0.01100	0.16815	0.08163	0.41966	0.00898	0.08835	0.04200	0.00924	0.05067	0.00861	0.02609	0.00707	0.00461	0.02067	0.00135	0.00512	0.02926	0.00219	0.00582
41	0.00918	0.08160	0.42229	0.01280	0.04702	0.04773	0.25731	0.02702	0.00903	0.02423	0.00792	0.00948	0.01854	0.00375	0.00397	0.00123	0.00588	0.00351	0.00192	0.00559
42	0.01468	0.01825	0.01120	0.01011	0.01220	0.78375	0.00762	0.05253	0.03437	0.01059	0.00656	0.00747	0.00538	0.00415	0.00361	0.00104	0.00691	0.00265	0.00219	0.00474
43	0.00552	0.00395	0.00534	0.00620	0.00674	0.00382	0.00477	0.00668	0.00822	0.01080	0.02168	0.46079	0.04690	0.04063	0.00574	0.00177	0.00292	0.35052	0.00362	0.00338
44	0.00838	0.05276	0.00959	0.04130	0.20155	0.05984	0.00631	0.00934	0.00739	0.04708	0.00994	0.02630	0.01015	0.39159	0.03115	0.00253	0.07393	0.00452	0.00228	0.00406
45	0.01120	0.11083	0.06448	0.03650	0.40936	0.18469	0.01819	0.01322	0.00942	0.06434	0.00768	0.00970	0.00633	0.00394	0.00386	0.00114	0.01821	0.01909	0.00214	0.00566
46	0.01739	0.00739	0.00960	0.00736	0.01044	0.00677	0.00608	0.13682	0.01242	0.71966	0.01475	0.01291	0.00937	0.00489	0.00398	0.00122	0.00352	0.00393	0.00477	0.00675
47	0.00804	0.00812	0.01602	0.07658	0.08055	0.00787	0.42449	0.01062	0.00906	0.01223	0.04916	0.11675	0.01265	0.00599	0.00475	0.00143	0.00517	0.14321	0.00257	0.00474
48	0.38521	0.00672	0.00669	0.00581	0.00788	0.00722	0.00465	0.08652	0.04664	0.10045	0.28458	0.01557	0.01651	0.00546	0.00356	0.00124	0.00282	0.00425	0.00355	0.00467
49	0.03018	0.00674	0.00876	0.00666	0.00975	0.00567	0.00545	0.01648	0.01050	0.59337	0.04354	0.01269	0.00978	0.00452	0.00373	0.00107	0.00321	0.00367	0.00422	0.22000

[dist]
# distance from previous block
# <min> <max>
0	2

[block]
# block no. 9 follows, 68 sequences, length 36
# corresponding to MSA columns:
# 442-477
name=unknown_J
#
# <colnr> <probs for GDERKNQSTAVLIFYWHMCP>
#	G	D	E	R	K	N	Q	S	T	A	V	L	I	F	Y	W	H	M	C	P
0	0.09201	0.00812	0.03691	0.01086	0.10004	0.00790	0.15805	0.01420	0.17921	0.13549	0.03570	0.01878	0.01192	0.00573	0.00429	0.00139	0.00414	0.16660	0.00328	0.00538
1	0.01120	0.01029	0.22370	0.00770	0.01113	0.02628	0.00761	0.03578	0.02882	0.29299	0.08536	0.03432	0.07225	0.00516	0.00391	0.00116	0.00381	0.00422	0.00342	0.13089
2	0.03279	0.01526	0.45848	0.01267	0.07163	0.00904	0.20686	0.01273	0.04423	0.02894	0.02224	0.01041	0.02620	0.00394	0.00399	0.00126	0.00551	0.00364	0.00207	0.02812
3	0.00894	0.02611	0.07850	0.30946	0.29531	0.00937	0.15506	0.01193	0.02961	0.02638	0.00772	0.01025	0.00598	0.00374	0.00404	0.00126	0.00528	0.00369	0.00198	0.00541
4	0.01637	0.00903	0.01061	0.00814	0.01126	0.00921	0.00672	0.43924	0.01516	0.41336	0.01244	0.01142	0.00821	0.00483	0.00398	0.00121	0.00389	0.00377	0.00442	0.00675
5	0.00595	0.00851	0.22448	0.00677	0.03145	0.00517	0.00653	0.00819	0.00949	0.01275	0.25837	0.02710	0.36486	0.00766	0.00442	0.00129	0.00306	0.00646	0.00330	0.00420
6	0.01216	0.00966	0.01026	0.00853	0.01119	0.01093	0.00683	0.37449	0.47160	0.02029	0.01322	0.01247	0.00974	0.00511	0.00400	0.00128	0.00368	0.00408	0.00400	0.00648
7	0.01071	0.64544	0.03595	0.00808	0.05270	0.03621	0.00719	0.02821	0.11008	0.02252	0.00720	0.00780	0.00611	0.00372	0.00290	0.00095	0.00423	0.00257	0.00210	0.00535
8	0.01288	0.00801	0.02265	0.18296	0.01443	0.00821	0.03981	0.18458	0.08260	0.30911	0.01268	0.04390	0.00945	0.00522	0.00412	0.00130	0.00410	0.04442	0.00371	0.00587
9	0.00545	0.00372	0.00450	0.00486	0.00498	0.00364	0.00301	0.00576	0.00655	0.00872	0.01620	0.33054	0.01902	0.52172	0.01415	0.00296	0.00327	0.03530	0.00291	0.00274
10	0.00909	0.01057	0.11651	0.10305	0.10583	0.00953	0.29152	0.01465	0.24725	0.01365	0.03077	0.01197	0.00840	0.00419	0.00422	0.00131	0.00507	0.00422	0.00258	0.00564
11	0.00739	0.00370	0.00370	0.00370	0.00462	0.00370	0.00277	0.00924	0.00831	0.01478	0.01293	0.01478	0.01016	0.00462	0.00277	0.00092	0.00185	0.00370	0.88267	0.00370
12	0.75710	0.00847	0.00666	0.00581	0.00832	0.04865	0.00475	0.07953	0.00804	0.03450	0.00609	0.00687	0.00465	0.00381	0.00266	0.00121	0.00337	0.00232	0.00261	0.00456
13	0.00944	0.00916	0.01505	0.20405	0.63726	0.03212	0.01179	0.01182	0.00885	0.01225	0.00733	0.00991	0.00603	0.00364	0.00392	0.00120	0.00490	0.00350	0.00192	0.00583
14	0.00739	0.00370	0.00370	0.00370	0.00462	0.00370	0.00277	0.00924	0.00831	0.01478	0.01293	0.01478	0.01016	0.00462	0.00277	0.00092	0.00185	0.00370	0.88267	0.00370
15	0.26999	0.00887	0.01288	0.01808	0.55536	0.00938	0.00969	0.01190	0.00823	0.01424	0.00679	0.00877	0.00565	0.00372	0.00388	0.00122	0.04054	0.00312	0.00210	0.00561
16	0.00911	0.01175	0.14087	0.01620	0.11034	0.00990	0.54583	0.01234	0.00895	0.01248	0.00784	0.01066	0.00611	0.00379	0.00503	0.00134	0.06315	0.01692	0.00196	0.00543
17	0.00907	0.00826	0.01374	0.42373	0.39551	0.00913	0.01129	0.03912	0.00888	0.03266	0.00753	0.01026	0.00590	0.00382	0.00395	0.00125	0.00494	0.00354	0.00201	0.00540
18	0.00969	0.00985	0.03868	0.08528	0.68991	0.03074	0.05352	0.01215	0.00900	0.01263	0.00741	0.00981	0.00613	0.00358	0.00395	0.00119	0.00495	0.00355	0.00194	0.00604
19	0.00655	0.00436	0.00534	0.00500	0.00608	0.00422	0.00378	0.00907	0.06870	0.03517	0.59579	0.02528	0.02963	0.00715	0.00424	0.00119	0.00199	0.00622	0.17625	0.00398
20	0.01281	0.00952	0.01083	0.10915	0.01331	0.01062	0.00747	0.47192	0.18881	0.06906	0.01183	0.01243	0.02252	0.00506	0.00403	0.00126	0.00409	0.02529	0.00376	0.00622
21	0.00566	0.00425	0.00637	0.00637	0.00708	0.00496	0.00496	0.00708	0.00637	0.00920	0.01062	0.01558	0.00991	0.02974	0.84494	0.00637	0.01062	0.00425	0.00212	0.00354
22	0.00882	0.00703	0.00869	0.09948	0.01110	0.00810	0.00641	0.16685	0.23554	0.01431	0.01159	0.01393	0.00953	0.03740	0.33917	0.00338	0.00660	0.00414	0.00297	0.00497
23	0.00924	0.01153	0.09320	0.01625	0.02042	0.00996	0.75256	0.01269	0.00927	0.01269	0.00794	0.01050	0.00593	0.00338	0.00460	0.00133	0.00661	0.00453	0.00198	0.00539
24	0.01275	0.00568	0.00777	0.00693	0.00899	0.00512	0.00571	0.01426	0.01021	0.48749	0.01803	0.13256	0.01578	0.00766	0.00457	0.00145	0.00332	0.24199	0.00438	0.00538
