[name]
unknown

[dist]
# distance from previous block
# <min> <max>
0	72

[block]
# block no. 0 follows, 69 sequences, length 53
# corresponding to MSA columns:
# 101-128,176-187,190-202
name=unknown_A
#
# <colnr> <probs for GDERKNQSTAVLIFYWHMCP>
#	G	D	E	R	K	N	Q	S	T	A	V	L	I	F	Y	W	H	M	C	P
0	0.02240	0.09589	0.13679	0.00949	0.04677	0.11703	0.03885	0.19279	0.12365	0.05895	0.02646	0.01134	0.02996	0.00458	0.00384	0.00116	0.01393	0.01917	0.00290	0.04403
1	0.02279	0.12457	0.08288	0.04777	0.08613	0.05926	0.06472	0.15021	0.01899	0.06614	0.03432	0.02989	0.04170	0.00458	0.00386	0.00111	0.01959	0.02155	0.00269	0.11725
2	0.06255	0.18736	0.21081	0.00959	0.05030	0.07650	0.07376	0.05437	0.07972	0.04195	0.01900	0.02744	0.02922	0.00420	0.00352	0.00111	0.00463	0.00336	0.00237	0.05825
3	0.02220	0.26588	0.20840	0.01080	0.14298	0.02460	0.00917	0.08739	0.08395	0.02802	0.03090	0.03743	0.00794	0.00437	0.00351	0.00113	0.00443	0.01899	0.00238	0.00554
4	0.00912	0.05798	0.00799	0.00615	0.00808	0.03295	0.02244	0.02884	0.03470	0.18158	0.24533	0.02235	0.20387	0.00675	0.00451	0.00120	0.03729	0.01568	0.00371	0.06950
5	0.01018	0.00879	0.06153	0.09608	0.30311	0.00850	0.03471	0.07170	0.07462	0.12475	0.03161	0.06125	0.03478	0.00498	0.00456	0.00127	0.05483	0.00431	0.00280	0.00563
6	0.05213	0.06266	0.06827	0.01034	0.12900	0.00907	0.03679	0.21917	0.04841	0.17366	0.04364	0.04684	0.00903	0.00472	0.00393	0.00117	0.01722	0.00388	0.00326	0.05678
7	0.00982	0.00687	0.00909	0.25248	0.03605	0.03204	0.00696	0.11421	0.00965	0.15180	0.01178	0.14372	0.01056	0.07377	0.01837	0.00154	0.01822	0.01289	0.03809	0.04210
8	0.00614	0.00419	0.00472	0.00454	0.00479	0.00418	0.00268	0.03896	0.00633	0.00852	0.01221	0.03936	0.01386	0.78236	0.01844	0.00354	0.00376	0.00559	0.00246	0.03335
9	0.06772	0.01031	0.01046	0.25565	0.01552	0.21407	0.00789	0.10367	0.04631	0.16580	0.00892	0.01004	0.00652	0.00503	0.02664	0.00134	0.03287	0.00331	0.00278	0.00513
10	0.03327	0.12101	0.04577	0.01053	0.15776	0.04812	0.04220	0.14072	0.01045	0.10932	0.01064	0.01122	0.06875	0.00423	0.00356	0.00104	0.00406	0.00345	0.00276	0.17114
11	0.30094	0.09188	0.02922	0.02108	0.18776	0.16289	0.04996	0.03991	0.02645	0.01375	0.00650	0.00788	0.00529	0.00384	0.00360	0.00116	0.03791	0.00280	0.00219	0.00501
12	0.00575	0.03329	0.00561	0.00550	0.00619	0.03135	0.00393	0.00660	0.00811	0.02674	0.07459	0.50155	0.19055	0.04020	0.00559	0.00154	0.03696	0.00907	0.00347	0.00343
13	0.00590	0.00385	0.00483	0.00489	0.00521	0.00366	0.00311	0.00582	0.00622	0.00844	0.01309	0.23764	0.01496	0.38411	0.01374	0.20349	0.00325	0.00634	0.00255	0.06895
14	0.01114	0.47412	0.07819	0.00817	0.03646	0.04270	0.02317	0.12430	0.02458	0.07385	0.00824	0.06403	0.00716	0.00433	0.00322	0.00103	0.00428	0.00324	0.00242	0.00536
15	0.01052	0.08208	0.06000	0.05250	0.15459	0.02447	0.06891	0.07842	0.11671	0.09945	0.00907	0.01006	0.00696	0.00417	0.00441	0.00114	0.07310	0.00340	0.00266	0.13736
16	0.01178	0.12924	0.10865	0.01199	0.17127	0.04432	0.05314	0.19567	0.09858	0.10556	0.00925	0.00984	0.00692	0.00420	0.00392	0.00117	0.02225	0.00341	0.00285	0.00599
17	0.00880	0.00789	0.04073	0.00714	0.00873	0.09083	0.03833	0.09668	0.13137	0.04216	0.18166	0.04567	0.01604	0.20438	0.04526	0.00206	0.01957	0.00511	0.00320	0.00440
18	0.00736	0.00588	0.00974	0.10613	0.01165	0.00571	0.17106	0.00943	0.03131	0.08308	0.18405	0.22609	0.11704	0.00751	0.00456	0.00136	0.00349	0.00697	0.00333	0.00425
19	0.02028	0.21465	0.16009	0.03030	0.08581	0.04706	0.05307	0.05249	0.03799	0.14611	0.02444	0.00954	0.00692	0.00403	0.00381	0.00110	0.03295	0.00316	0.00253	0.06367
20	0.03215	0.09176	0.11804	0.12937	0.15267	0.02382	0.07867	0.13217	0.06619	0.12388	0.00903	0.01003	0.00664	0.00405	0.00378	0.00119	0.00467	0.00346	0.00268	0.00576
21	0.00543	0.00407	0.00569	0.00624	0.02254	0.00428	0.00446	0.01381	0.00732	0.01004	0.03904	0.41932	0.04410	0.03322	0.31037	0.00332	0.02430	0.03600	0.00300	0.00343
22	0.01891	0.00979	0.03853	0.24592	0.19412	0.09486	0.06355	0.04828	0.13509	0.05375	0.00882	0.01048	0.00676	0.00424	0.00438	0.00126	0.04986	0.00360	0.00242	0.00537
23	0.02684	0.10220	0.08021	0.03635	0.15567	0.16329	0.17361	0.06570	0.06072	0.05041	0.00844	0.03681	0.00683	0.00414	0.00391	0.00118	0.01227	0.00365	0.00236	0.00541
24	0.01811	0.06746	0.27559	0.01110	0.05593	0.00963	0.14627	0.15889	0.05284	0.11772	0.00940	0.01080	0.00697	0.02078	0.00422	0.00128	0.00496	0.01951	0.00271	0.00585
25	0.00563	0.00444	0.00609	0.00593	0.00671	0.00494	0.00459	0.00693	0.00735	0.01017	0.11427	0.02114	0.17373	0.04057	0.50212	0.00433	0.06957	0.00532	0.00264	0.00352
26	0.01215	0.09933	0.14824	0.03430	0.10552	0.00854	0.03021	0.03346	0.04310	0.32225	0.04442	0.01189	0.02216	0.00465	0.00441	0.00122	0.06141	0.00371	0.00319	0.00584
27	0.01233	0.13564	0.12318	0.01012	0.06409	0.16477	0.07089	0.08738	0.09447	0.16932	0.02438	0.01012	0.00748	0.00422	0.00370	0.00114	0.00485	0.00337	0.00286	0.00569
28	0.01519	0.01100	0.01141	0.00886	0.01191	0.06739	0.00727	0.67773	0.01711	0.11756	0.00988	0.00971	0.00691	0.00468	0.00390	0.00117	0.00439	0.00351	0.00390	0.00653
29	0.12012	0.01024	0.12347	0.02616	0.12967	0.00889	0.19455	0.08469	0.09109	0.10059	0.03796	0.01171	0.03456	0.00429	0.00392	0.00125	0.00456	0.00392	0.00278	0.00558
30	0.00813	0.00697	0.00813	0.00581	0.00929	0.00523	0.00465	0.00987	0.00813	0.01277	0.00697	0.00813	0.00581	0.00290	0.00290	0.00058	0.00290	0.00232	0.00232	0.88619
31	0.00562	0.00411	0.00584	0.00584	0.00638	0.00465	0.00433	0.00671	0.00616	0.00876	0.01092	0.01773	0.01081	0.21882	0.65865	0.00573	0.00898	0.00454	0.00216	0.00324
32	0.00973	0.01003	0.02529	0.17323	0.43394	0.10509	0.04828	0.02468	0.00888	0.01185	0.00702	0.00940	0.00578	0.00387	0.00449	0.00120	0.06696	0.00337	0.00194	0.04498
33	0.00790	0.00693	0.00982	0.00867	0.00872	0.00928	0.00698	0.00815	0.00580	0.00874	0.00597	0.00994	0.00592	0.01029	0.07634	0.22787	0.57391	0.00348	0.00174	0.00357
34	0.32027	0.00737	0.00793	0.00646	0.00906	0.00765	0.01346	0.12298	0.03892	0.32423	0.04076	0.01106	0.00845	0.00451	0.00337	0.00119	0.00323	0.00337	0.06024	0.00549
35	0.00659	0.00508	0.00618	0.00603	0.02903	0.00513	0.00439	0.02075	0.17422	0.01524	0.52983	0.05925	0.07045	0.02101	0.00468	0.00130	0.00226	0.00653	0.02780	0.00424
36	0.00490	0.00392	0.00438	0.00439	0.00549	0.00340	0.00325	0.00610	0.00938	0.01194	0.25692	0.12283	0.52999	0.00965	0.00467	0.00133	0.00198	0.00825	0.00383	0.00340
37	0.01056	0.10965	0.03051	0.07234	0.07424	0.08226	0.07192	0.16984	0.06331	0.01389	0.00794	0.00935	0.01471	0.00439	0.00498	0.00116	0.13134	0.00328	0.00245	0.12189
38	0.08511	0.21639	0.11429	0.01098	0.13650	0.10895	0.06730	0.06449	0.00933	0.05711	0.00709	0.00822	0.00562	0.00371	0.00349	0.00106	0.01798	0.00287	0.00221	0.07731
39	0.00477	0.00345	0.00451	0.00536	0.00566	0.00319	0.00360	0.00547	0.00760	0.01005	0.02280	0.80547	0.07935	0.01213	0.00498	0.00157	0.00226	0.01096	0.00364	0.00319
40	0.00531	0.00392	0.00465	0.00473	0.00546	0.00363	0.00336	0.00632	0.00858	0.01129	0.24952	0.11689	0.25890	0.22490	0.00860	0.00199	0.00257	0.07269	0.00351	0.00319
41	0.01171	0.39671	0.07228	0.00923	0.01243	0.21211	0.10313	0.08988	0.00993	0.02958	0.00658	0.00759	0.00540	0.00374	0.00337	0.00101	0.01533	0.00274	0.00208	0.00518
42	0.00998	0.61105	0.08630	0.00807	0.04195	0.01334	0.03465	0.02490	0.00822	0.01037	0.00596	0.00702	0.00521	0.00343	0.00302	0.00090	0.02198	0.00237	0.00180	0.09949
43	0.01010	0.31605	0.13614	0.00998	0.06803	0.03488	0.10017	0.05230	0.13922	0.02777	0.00824	0.00903	0.00652	0.00380	0.00340	0.00106	0.00454	0.00309	0.00231	0.06335
44	0.00485	0.00346	0.00451	0.00531	0.00555	0.00324	0.00351	0.00549	0.00740	0.00982	0.02141	0.75909	0.05214	0.08655	0.00630	0.00178	0.00240	0.01057	0.00353	0.00312
45	0.00478	0.00341	0.00455	0.00546	0.00569	0.00318	0.00364	0.00546	0.00751	0.01001	0.02161	0.85966	0.02593	0.01228	0.00500	0.00159	0.00227	0.01114	0.00364	0.00318
46	0.00819	0.00868	0.09216	0.57829	0.11770	0.00881	0.03780	0.02880	0.00834	0.03336	0.00757	0.02556	0.00586	0.00407	0.00409	0.00129	0.01905	0.00362	0.00193	0.00483
47	0.04837	0.01107	0.02458	0.11221	0.10799	0.16422	0.06530	0.27000	0.02050	0.10997	0.00878	0.00966	0.00642	0.00422	0.00381	0.00117	0.00494	0.00340	0.01769	0.00568
48	0.00740	0.00450	0.00589	0.00530	0.00656	0.00414	0.00406	0.00942	0.02998	0.13605	0.69718	0.02662	0.03243	0.00749	0.00451	0.00123	0.00210	0.00657	0.00439	0.00419
49	0.00762	0.00712	0.01187	0.64820	0.14059	0.00851	0.01045	0.01009	0.00819	0.01083	0.06935	0.01171	0.00775	0.00425	0.00421	0.00129	0.02769	0.00376	0.00196	0.00457
50	0.01098	0.22356	0.09264	0.03622	0.29738	0.07133	0.00942	0.08238	0.06183	0.06656	0.00800	0.00907	0.00632	0.00384	0.00352	0.00110	0.00462	0.00311	0.00234	0.00578
51	0.00786	0.02028	0.84191	0.01117	0.01697	0.00910	0.01448	0.01242	0.00828	0.01242	0.00704	0.00828	0.00497	0.00372	0.00372	0.00124	0.00579	0.00290	0.00166	0.00579
52	0.00613	0.00434	0.00474	0.00453	0.00585	0.00388	0.00342	0.04004	0.00959	0.05616	0.14639	0.08004	0.51746	0.00879	0.00440	0.00127	0.00213	0.00740	0.08970	0.00370

[dist]
# distance from previous block
# <min> <max>
1	13

[block]
# block no. 1 follows, 69 sequences, length 12
# corresponding to MSA columns:
# 216-227
name=unknown_B
#
# <colnr> <probs for GDERKNQSTAVLIFYWHMCP>
#	G	D	E	R	K	N	Q	S	T	A	V	L	I	F	Y	W	H	M	C	P
0	0.13723	0.01487	0.25139	0.01101	0.05580	0.23419	0.08918	0.05387	0.00922	0.01276	0.00658	0.00806	0.00515	0.00411	0.00451	0.00122	0.09075	0.00297	0.00203	0.00510
1	0.00511	0.00375	0.00453	0.00474	0.00550	0.00336	0.00337	0.00587	0.00851	0.01102	0.19051	0.28014	0.33850	0.01067	0.00595	0.10120	0.00221	0.00835	0.00356	0.00317
2	0.11096	0.02471	0.02558	0.02849	0.01209	0.04467	0.09470	0.26332	0.01103	0.07986	0.00784	0.00920	0.00603	0.00497	0.00628	0.00134	0.24301	0.00342	0.01717	0.00535
3	0.00583	0.00376	0.00437	0.00437	0.00437	0.00376	0.00249	0.00563	0.00563	0.00751	0.01173	0.02410	0.01341	0.76648	0.01943	0.10333	0.00376	0.00544	0.00230	0.00230
4	0.01021	0.01039	0.10349	0.06386	0.03199	0.06276	0.00771	0.05401	0.54654	0.04584	0.01322	0.01276	0.00984	0.00488	0.00392	0.00128	0.00390	0.00400	0.00343	0.00597
5	0.00832	0.02620	0.18989	0.03472	0.11501	0.02196	0.17123	0.01134	0.04469	0.01232	0.00921	0.10437	0.00818	0.00444	0.00386	0.00112	0.00457	0.00416	0.00225	0.22218
6	0.01002	0.00991	0.01561	0.02318	0.78527	0.06254	0.01175	0.01226	0.00907	0.01260	0.00729	0.00954	0.00614	0.00353	0.00386	0.00115	0.00481	0.00343	0.00195	0.00610
7	0.00794	0.01863	0.72298	0.01144	0.01677	0.00910	0.08447	0.01220	0.00838	0.01244	0.03086	0.00909	0.00598	0.00390	0.00409	0.00126	0.02990	0.00318	0.00176	0.00565
8	0.00975	0.00842	0.00886	0.00798	0.01019	0.00975	0.00621	0.02083	0.83069	0.01640	0.01596	0.01463	0.01197	0.00532	0.00399	0.00133	0.00310	0.00443	0.00399	0.00621
9	0.01048	0.86458	0.02054	0.00671	0.01006	0.01551	0.00671	0.01174	0.00797	0.00922	0.00545	0.00629	0.00503	0.00335	0.00252	0.00084	0.00419	0.00210	0.00168	0.00503
10	0.00463	0.00397	0.00397	0.00397	0.00530	0.00331	0.00298	0.00563	0.00894	0.01059	0.03971	0.03773	0.83618	0.00993	0.00463	0.00132	0.00199	0.00827	0.00364	0.00331
11	0.00571	0.00416	0.00613	0.00613	0.00684	0.00482	0.00476	0.00714	0.00643	0.00946	0.01065	0.01535	0.00982	0.02779	0.79175	0.00595	0.00994	0.00416	0.05951	0.00351

[dist]
# distance from previous block
# <min> <max>
0	17

[block]
# block no. 2 follows, 69 sequences, length 12
# corresponding to MSA columns:
# 245-256
name=unknown_C
#
# <colnr> <probs for GDERKNQSTAVLIFYWHMCP>
#	G	D	E	R	K	N	Q	S	T	A	V	L	I	F	Y	W	H	M	C	P
0	0.00937	0.00894	0.01484	0.13686	0.60898	0.00930	0.03953	0.01271	0.09620	0.01279	0.00825	0.01036	0.00668	0.00374	0.00392	0.00121	0.00464	0.00363	0.00213	0.00592
1	0.00499	0.00395	0.00448	0.00442	0.00553	0.00345	0.00329	0.00628	0.00967	0.01249	0.33782	0.08140	0.48966	0.00934	0.00465	0.00130	0.00195	0.00799	0.00389	0.00345
2	0.01012	0.01061	0.01121	0.01002	0.04414	0.23435	0.08565	0.05269	0.08458	0.01106	0.00825	0.01145	0.00735	0.09147	0.09372	0.02028	0.20262	0.00370	0.00226	0.00451
3	0.00925	0.01058	0.02313	0.01652	0.02049	0.00991	0.82353	0.01256	0.00925	0.01256	0.00793	0.01058	0.00595	0.00330	0.00463	0.00132	0.00661	0.00463	0.00198	0.00529
4	0.01272	0.00990	0.01054	0.00858	0.01133	0.01114	0.00692	0.48387	0.36282	0.02118	0.01219	0.01162	0.00891	0.00497	0.00395	0.00124	0.00380	0.00391	0.00395	0.00647
5	0.80491	0.00752	0.00599	0.00522	0.00775	0.00845	0.00428	0.01136	0.00681	0.01713	0.00560	0.00654	0.00440	0.00357	0.00247	0.00115	0.00302	0.00214	0.00242	0.08927
6	0.01048	0.86458	0.02054	0.00671	0.01006	0.01551	0.00671	0.01174	0.00797	0.00922	0.00545	0.00629	0.00503	0.00335	0.00252	0.00084	0.00419	0.00210	0.00168	0.00503
7	0.00486	0.00345	0.00452	0.00535	0.00556	0.00324	0.00352	0.00548	0.00734	0.00979	0.02075	0.78264	0.02485	0.09078	0.00638	0.00180	0.00242	0.01064	0.00352	0.00311
8	0.01606	0.00756	0.00948	0.00736	0.01027	0.00723	0.00605	0.19868	0.04262	0.58423	0.05776	0.01336	0.01056	0.00500	0.00398	0.00121	0.00347	0.00404	0.00458	0.00650
9	0.01470	0.01711	0.01124	0.00988	0.01213	0.67616	0.00755	0.18081	0.01260	0.01268	0.00674	0.00755	0.00538	0.00418	0.00361	0.00104	0.00651	0.00273	0.00241	0.00498
10	0.00481	0.00353	0.00453	0.00531	0.00572	0.00325	0.00364	0.00558	0.00777	0.01016	0.02421	0.70990	0.14373	0.01189	0.00497	0.00156	0.00228	0.04030	0.00364	0.00322
11	0.01274	0.32845	0.01492	0.00829	0.01113	0.07589	0.00723	0.36053	0.01261	0.04265	0.00749	0.00812	0.00589	0.00436	0.00420	0.00109	0.08301	0.00293	0.00277	0.00568

[dist]
# distance from previous block
# <min> <max>
0	2

[block]
# block no. 3 follows, 69 sequences, length 7
# corresponding to MSA columns:
# 259-265
name=unknown_D
#
# <colnr> <probs for GDERKNQSTAVLIFYWHMCP>
#	G	D	E	R	K	N	Q	S	T	A	V	L	I	F	Y	W	H	M	C	P
0	0.50466	0.00724	0.00685	0.00684	0.05236	0.04774	0.00503	0.01022	0.00687	0.01406	0.00749	0.03746	0.00682	0.06143	0.16633	0.00237	0.04665	0.00319	0.00232	0.00408
1	0.00476	0.00347	0.00449	0.00531	0.00565	0.00320	0.00357	0.00548	0.00765	0.01007	0.02344	0.77664	0.10777	0.01204	0.00497	0.00157	0.00225	0.01085	0.00364	0.00320
2	0.04391	0.28733	0.05077	0.00907	0.09414	0.03187	0.00724	0.14155	0.07143	0.04245	0.00776	0.00848	0.00620	0.00381	0.00339	0.00098	0.02083	0.00282	0.00250	0.16347
3	0.05182	0.25489	0.12088	0.00757	0.03840	0.00919	0.00687	0.05388	0.00856	0.10623	0.00756	0.00874	0.00603	0.00489	0.00468	0.11491	0.00391	0.00275	0.00233	0.18590
4	0.03381	0.10715	0.44279	0.01070	0.06054	0.05627	0.03249	0.09742	0.03411	0.07719	0.00797	0.00878	0.00580	0.00391	0.00363	0.00118	0.00515	0.00304	0.00227	0.00578
5	0.01053	0.12867	0.35211	0.01010	0.01426	0.03575	0.10964	0.08509	0.05014	0.12516	0.00916	0.03654	0.00690	0.00422	0.00377	0.00120	0.00501	0.00353	0.00252	0.00572
6	0.00651	0.00515	0.00793	0.17877	0.01164	0.00530	0.07301	0.00835	0.04694	0.04982	0.01805	0.48647	0.06831	0.00902	0.00463	0.00146	0.00330	0.00821	0.00319	0.00391

[dist]
# distance from previous block
# <min> <max>
0	1

[block]
# block no. 4 follows, 69 sequences, length 70
# corresponding to MSA columns:
# 267-295,308-336,344-355
name=unknown_E
#
# <colnr> <probs for GDERKNQSTAVLIFYWHMCP>
#	G	D	E	R	K	N	Q	S	T	A	V	L	I	F	Y	W	H	M	C	P
0	0.07634	0.03579	0.10488	0.01029	0.10734	0.08549	0.00815	0.30140	0.01275	0.20517	0.00959	0.00969	0.00675	0.00431	0.00372	0.00117	0.00445	0.00332	0.00331	0.00611
1	0.04115	0.00809	0.04454	0.30599	0.27330	0.00830	0.06536	0.01096	0.02430	0.03998	0.00940	0.09802	0.00839	0.00487	0.00420	0.00130	0.01899	0.02559	0.00224	0.00502
2	0.00480	0.00342	0.00454	0.00543	0.00566	0.00320	0.00361	0.00546	0.00747	0.00996	0.02142	0.84290	0.02569	0.02936	0.00530	0.00164	0.00231	0.01104	0.00361	0.00317
3	0.02890	0.00735	0.00955	0.00768	0.06294	0.00588	0.05653	0.01057	0.00834	0.04441	0.00734	0.00854	0.00595	0.00306	0.00310	0.00070	0.00327	0.00260	0.00238	0.72092
4	0.01346	0.01255	0.01103	0.00919	0.01153	0.26403	0.00730	0.42216	0.06148	0.01758	0.00890	0.03817	0.00711	0.00561	0.02672	0.00132	0.06957	0.00355	0.00313	0.00562
5	0.00486	0.00350	0.00461	0.00538	0.00572	0.00325	0.00366	0.00567	0.00789	0.01055	0.09257	0.74541	0.05692	0.01180	0.00496	0.00155	0.00225	0.02249	0.00370	0.00324
6	0.00614	0.00463	0.00619	0.04164	0.04738	0.00484	0.00471	0.02040	0.08506	0.01079	0.04083	0.39040	0.01818	0.10758	0.13222	0.02662	0.00405	0.02064	0.02402	0.00367
7	0.00988	0.00923	0.06568	0.17112	0.30716	0.00888	0.10658	0.03485	0.11614	0.09299	0.00968	0.03391	0.00755	0.00420	0.00402	0.00125	0.00466	0.00396	0.00254	0.00571
8	0.00483	0.00347	0.00459	0.00538	0.00569	0.00323	0.00363	0.00561	0.00782	0.01046	0.08390	0.77432	0.04876	0.01189	0.00496	0.00156	0.00223	0.01076	0.00369	0.00323
9	0.00757	0.00714	0.01205	0.79369	0.08483	0.00875	0.01097	0.01016	0.00792	0.01022	0.00700	0.01040	0.00530	0.00389	0.00392	0.00130	0.00519	0.00348	0.00176	0.00449
10	0.01150	0.47983	0.07384	0.00879	0.01213	0.15266	0.09946	0.04565	0.00929	0.06425	0.00675	0.00762	0.00550	0.00364	0.00315	0.00099	0.00500	0.00268	0.00206	0.00520
11	0.03488	0.00640	0.00811	0.00653	0.00912	0.00582	0.00529	0.04857	0.05809	0.57455	0.01915	0.05136	0.14249	0.00596	0.00406	0.00125	0.00310	0.00490	0.00447	0.00591
12	0.00487	0.00363	0.00455	0.00525	0.00579	0.00332	0.00370	0.00571	0.00796	0.01028	0.02580	0.60106	0.21634	0.01161	0.00495	0.00155	0.00231	0.07443	0.00364	0.00325
13	0.00560	0.00420	0.00630	0.00630	0.00700	0.00490	0.00490	0.00700	0.00630	0.00910	0.01050	0.01540	0.00980	0.02940	0.84669	0.00630	0.01050	0.00420	0.00210	0.00350
14	0.01490	0.01098	0.01177	0.00902	0.01216	0.01216	0.00745	0.82470	0.01843	0.02471	0.00941	0.00941	0.00667	0.00471	0.00392	0.00118	0.00431	0.00353	0.00392	0.00667
15	0.01033	0.10819	0.23283	0.02741	0.06787	0.03538	0.14865	0.10722	0.00997	0.08414	0.02295	0.01826	0.00671	0.00394	0.00384	0.00113	0.01417	0.00341	0.00242	0.09117
16	0.00945	0.05783	0.34464	0.02226	0.09726	0.00910	0.11418	0.06114	0.08152	0.06978	0.05129	0.01103	0.01791	0.00417	0.00388	0.00121	0.00487	0.00365	0.00246	0.03237
17	0.00569	0.00385	0.00453	0.00453	0.00462	0.00394	0.00269	0.00586	0.00578	0.00779	0.01212	0.02437	0.01369	0.75784	0.12357	0.00411	0.00464	0.00551	0.00234	0.00252
18	0.00740	0.00697	0.01176	0.85280	0.02700	0.00871	0.01089	0.01002	0.00784	0.01002	0.00697	0.01045	0.00523	0.00392	0.00392	0.00131	0.00523	0.00348	0.00174	0.00436
19	0.02706	0.26202	0.07349	0.02715	0.14566	0.16216	0.06519	0.10035	0.02415	0.03168	0.00701	0.00824	0.00568	0.00390	0.00382	0.00109	0.04083	0.00295	0.00217	0.00538
20	0.00577	0.00403	0.00533	0.00534	0.00569	0.00429	0.00371	0.00635	0.00657	0.00907	0.08679	0.07296	0.02481	0.34850	0.27325	0.07814	0.02798	0.02597	0.00252	0.00293
21	0.00532	0.00388	0.00478	0.00494	0.00574	0.00354	0.00358	0.00652	0.00915	0.02243	0.31804	0.25488	0.22674	0.06494	0.00575	0.00155	0.00223	0.04878	0.00381	0.00341
22	0.04735	0.00971	0.03597	0.14075	0.01537	0.01010	0.14277	0.37893	0.01320	0.12141	0.00928	0.01017	0.00658	0.00434	0.00415	0.00124	0.02273	0.00368	0.01642	0.00587
23	0.08091	0.06705	0.05858	0.04699	0.11582	0.00898	0.06532	0.08150	0.05593	0.09638	0.00947	0.01181	0.01580	0.02632	0.13237	0.00209	0.09893	0.01808	0.00258	0.00511
24	0.00523	0.00399	0.00480	0.00461	0.00566	0.00356	0.00345	0.00677	0.01031	0.01389	0.55314	0.04372	0.30916	0.00873	0.00463	0.00127	0.00190	0.00755	0.00408	0.00356
25	0.01024	0.00844	0.00898	0.00798	0.01026	0.00968	0.00623	0.04908	0.77023	0.04872	0.01571	0.01439	0.01169	0.00528	0.00398	0.00132	0.00315	0.00438	0.00402	0.00624
26	0.66216	0.01725	0.00883	0.00743	0.03161	0.03016	0.10307	0.06434	0.00798	0.02776	0.00621	0.00727	0.00476	0.00369	0.00287	0.00121	0.00370	0.00258	0.00247	0.00463
27	0.01044	0.00576	0.00629	0.00539	0.00712	0.00592	0.00427	0.17479	0.04425	0.13784	0.01263	0.01339	0.00940	0.00467	0.00320	0.00103	0.00260	0.00370	0.54250	0.00481
28	0.88991	0.00758	0.00576	0.00516	0.00758	0.00879	0.00425	0.01152	0.00667	0.01759	0.00546	0.00637	0.00425	0.00364	0.00243	0.00121	0.00303	0.00212	0.00243	0.00425
29	0.00918	0.04911	0.04563	0.01148	0.24630	0.00734	0.00744	0.02814	0.00864	0.04326	0.00734	0.00872	0.00600	0.00331	0.00345	0.00084	0.02017	0.00278	0.00227	0.48859
30	0.00480	0.00343	0.00457	0.00544	0.00569	0.00320	0.00364	0.00553	0.00763	0.01020	0.04947	0.83125	0.02631	0.01214	0.00499	0.00158	0.00226	0.01101	0.00366	0.00320
31	0.01490	0.01098	0.01177	0.00902	0.01216	0.01216	0.00745	0.82470	0.01843	0.02471	0.00941	0.00941	0.00667	0.00471	0.00392	0.00118	0.00431	0.00353	0.00392	0.00667
32	0.71602	0.00799	0.03221	0.00570	0.00835	0.00853	0.00486	0.04301	0.00769	0.10818	0.00679	0.00735	0.00499	0.00380	0.00270	0.00120	0.00320	0.00240	0.00272	0.02231
33	0.00938	0.00835	0.02905	0.17520	0.20006	0.00868	0.05563	0.18736	0.07610	0.01522	0.10407	0.02708	0.07644	0.00513	0.00411	0.00125	0.00414	0.00452	0.00292	0.00533
34	0.00968	0.00938	0.01626	0.02370	0.79824	0.00934	0.05128	0.01206	0.00894	0.01280	0.00740	0.00975	0.00620	0.00348	0.00392	0.00117	0.00475	0.00355	0.00194	0.00617
35	0.00963	0.00871	0.01075	0.03587	0.05984	0.04032	0.09294	0.01792	0.56824	0.02492	0.02681	0.01550	0.01153	0.00528	0.00413	0.00133	0.00379	0.05319	0.00351	0.00580
36	0.01048	0.86458	0.02054	0.00671	0.01006	0.01551	0.00671	0.01174	0.00797	0.00922	0.00545	0.00629	0.00503	0.00335	0.00252	0.00084	0.00419	0.00210	0.00168	0.00503
37	0.03888	0.00447	0.00601	0.00683	0.00771	0.00447	0.00581	0.00784	0.00874	0.01169	0.02077	0.14994	0.04247	0.01073	0.00523	0.00174	0.00337	0.65616	0.00357	0.00357
38	0.01584	0.00970	0.01080	0.00833	0.01140	0.03565	0.00686	0.51495	0.01566	0.31261	0.01145	0.01073	0.00769	0.00474	0.00392	0.00118	0.00405	0.00364	0.00419	0.00660
39	0.00564	0.00414	0.00461	0.00445	0.00571	0.00367	0.00338	0.00714	0.02477	0.04081	0.26092	0.03266	0.49828	0.00879	0.00448	0.00128	0.00203	0.02113	0.06249	0.00362
40	0.01466	0.01633	0.01096	0.00969	0.01181	0.67685	0.02122	0.01579	0.01095	0.12726	0.02081	0.00842	0.00624	0.00428	0.00388	0.00107	0.02962	0.00286	0.00245	0.00484
41	0.00795	0.05763	0.04053	0.00657	0.00833	0.04025	0.00535	0.08131	0.19937	0.01471	0.28708	0.09534	0.11109	0.00708	0.00439	0.00127	0.01748	0.00596	0.00368	0.00465
42	0.00560	0.00420	0.00630	0.00630	0.00700	0.00490	0.00490	0.00700	0.00630	0.00910	0.01050	0.01540	0.00980	0.02940	0.84669	0.00630	0.01050	0.00420	0.00210	0.00350
43	0.04641	0.03226	0.00982	0.10121	0.01221	0.05832	0.02258	0.06535	0.54313	0.01554	0.04200	0.01329	0.01077	0.00499	0.00388	0.00128	0.00369	0.00410	0.00347	0.00571
44	0.03577	0.00960	0.08442	0.02516	0.40246	0.00827	0.06149	0.02661	0.02523	0.01310	0.00738	0.00918	0.00601	0.00346	0.00375	0.00103	0.01821	0.00316	0.00211	0.25362
45	0.80769	0.00807	0.00631	0.00559	0.00796	0.03486	0.00458	0.04052	0.00721	0.01737	0.00561	0.00656	0.00438	0.00378	0.00280	0.00122	0.02649	0.00222	0.00245	0.00434
46	0.00815	0.00447	0.00456	0.00425	0.00541	0.00460	0.00326	0.09979	0.00936	0.01574	0.01241	0.01404	0.00967	0.00458	0.00287	0.00094	0.00210	0.00364	0.78616	0.00399
47	0.00802	0.00774	0.01087	0.00948	0.00959	0.01063	0.00781	0.00894	0.00604	0.00933	0.00621	0.01018	0.00616	0.03667	0.14468	0.00250	0.69564	0.00362	0.00180	0.00411
48	0.00478	0.00341	0.00455	0.00546	0.00569	0.00318	0.00364	0.00546	0.00751	0.01001	0.02161	0.85966	0.02593	0.01228	0.00500	0.00159	0.00227	0.01114	0.00364	0.00318
49	0.00483	0.00345	0.00461	0.00549	0.00575	0.00323	0.00371	0.00557	0.00762	0.01017	0.03863	0.82080	0.02607	0.01215	0.00501	0.00159	0.00230	0.03214	0.00365	0.00321
50	0.01012	0.00980	0.00750	0.00693	0.00856	0.28639	0.00523	0.01348	0.17729	0.01288	0.01152	0.07203	0.00968	0.00501	0.00343	0.00106	0.00393	0.00390	0.30109	0.05016
51	0.00858	0.00858	0.01201	0.01029	0.01029	0.01201	0.00858	0.00943	0.00600	0.00943	0.00515	0.00858	0.00515	0.00686	0.01287	0.00172	0.85505	0.00343	0.00172	0.00429
52	0.01048	0.86458	0.02054	0.00671	0.01006	0.01551	0.00671	0.01174	0.00797	0.00922	0.00545	0.00629	0.00503	0.00335	0.00252	0.00084	0.00419	0.00210	0.00168	0.00503
53	0.01048	0.86458	0.02054	0.00671	0.01006	0.01551	0.00671	0.01174	0.00797	0.00922	0.00545	0.00629	0.00503	0.00335	0.00252	0.00084	0.00419	0.00210	0.00168	0.00503
54	0.00622	0.00450	0.00571	0.00522	0.00631	0.00430	0.00397	0.06569	0.01162	0.01636	0.77677	0.02787	0.03483	0.00778	0.00457	0.00123	0.00203	0.00684	0.00429	0.00391
55	0.00470	0.00397	0.00407	0.00404	0.00534	0.00334	0.00303	0.00576	0.00910	0.01098	0.09939	0.03710	0.77626	0.00979	0.00463	0.00132	0.00198	0.00819	0.00369	0.00334
56	0.76007	0.00809	0.00665	0.00573	0.00826	0.00929	0.00472	0.13219	0.00842	0.01865	0.00605	0.00682	0.00461	0.00380	0.00265	0.00121	0.00322	0.00233	0.00265	0.00461
57	0.01296	0.01002	0.01067	0.00863	0.01142	0.01125	0.00698	0.52211	0.32418	0.02158	0.01188	0.01138	0.00866	0.00494	0.00395	0.00123	0.00386	0.00387	0.00395	0.00649
58	0.00740	0.00697	0.01176	0.85280	0.02700	0.00871	0.01089	0.01002	0.00784	0.01002	0.00697	0.01045	0.00523	0.00392	0.00392	0.00131	0.00523	0.00348	0.00174	0.00436
59	0.00746	0.00682	0.01133	0.67756	0.10224	0.00818	0.01014	0.00992	0.00807	0.01069	0.03852	0.04029	0.00741	0.00434	0.00393	0.00128	0.00480	0.00389	0.03868	0.00444
60	0.00523	0.00398	0.00481	0.00463	0.00567	0.00356	0.00346	0.00677	0.01030	0.01390	0.55451	0.05466	0.29673	0.00875	0.00464	0.00127	0.00191	0.00759	0.00408	0.00356
61	0.01490	0.01098	0.01177	0.00902	0.01216	0.01216	0.00745	0.82470	0.01843	0.02471	0.00941	0.00941	0.00667	0.00471	0.00392	0.00118	0.00431	0.00353	0.00392	0.00667
62	0.00567	0.00404	0.00557	0.00557	0.00601	0.00448	0.00399	0.00650	0.00606	0.00852	0.01103	0.01881	0.01124	0.31427	0.53877	0.03154	0.00799	0.00469	0.00218	0.00306
63	0.00463	0.00397	0.00397	0.00397	0.00530	0.00331	0.00298	0.00563	0.00894	0.01059	0.03971	0.03773	0.83618	0.00993	0.00463	0.00132	0.00199	0.00827	0.00364	0.00331
64	0.00478	0.00341	0.00455	0.00546	0.00569	0.00318	0.00364	0.00546	0.00751	0.01001	0.02161	0.85966	0.02593	0.01228	0.00500	0.00159	0.00227	0.01114	0.00364	0.00318
65	0.00560	0.00420	0.00630	0.00630	0.00700	0.00490	0.00490	0.00700	0.00630	0.00910	0.01050	0.01540	0.00980	0.02940	0.84669	0.00630	0.01050	0.00420	0.00210	0.00350
66	0.00494	0.00353	0.00473	0.00564	0.00594	0.00332	0.00392	0.00574	0.00766	0.01019	0.02152	0.77429	0.02558	0.01213	0.00505	0.00161	0.00241	0.09493	0.00364	0.00323
67	0.00846	0.00731	0.00799	0.00649	0.00915	0.02942	0.00507	0.01311	0.26917	0.01401	0.08030	0.04506	0.01121	0.00452	0.00349	0.00093	0.00295	0.00376	0.01629	0.46129
68	0.04038	0.51626	0.11946	0.00766	0.02934	0.07110	0.00733	0.01118	0.00812	0.01013	0.00819	0.09528	0.02236	0.00539	0.03192	0.00119	0.00454	0.00337	0.00198	0.00482
69	0.00876	0.02159	0.02544	0.02568	0.01013	0.00623	0.00529	0.08050	0.02389	0.01374	0.00732	0.00838	0.00595	0.00315	0.00304	0.00068	0.00316	0.00250	0.00245	0.74212

[dist]
# distance from previous block
# <min> <max>
1	21

[block]
# block no. 5 follows, 69 sequences, length 17
# corresponding to MSA columns:
# 377-393
name=unknown_F
#
# <colnr> <probs for GDERKNQSTAVLIFYWHMCP>
#	G	D	E	R	K	N	Q	S	T	A	V	L	I	F	Y	W	H	M	C	P
0	0.00845	0.06278	0.05051	0.15218	0.12578	0.03849	0.06290	0.01167	0.11984	0.02452	0.04831	0.04936	0.08238	0.01703	0.00481	0.00128	0.06466	0.01425	0.00256	0.05823
1	0.06552	0.00777	0.03731	0.02307	0.07079	0.00694	0.04579	0.01234	0.12595	0.07734	0.04898	0.04088	0.00907	0.00427	0.00380	0.00100	0.03224	0.00355	0.00281	0.38058
2	0.00681	0.00340	0.00511	0.00511	0.00511	0.00340	0.00340	0.00511	0.00511	0.00681	0.00681	0.01192	0.00681	0.01362	0.01532	0.88594	0.00340	0.00340	0.00170	0.00170
3	0.03686	0.07100	0.09201	0.03617	0.42156	0.02886	0.21427	0.01216	0.00882	0.01247	0.00724	0.00937	0.00583	0.00347	0.00388	0.00118	0.00520	0.00353	0.00193	0.02419
4	0.01087	0.06644	0.09978	0.00805	0.05203	0.02157	0.00684	0.10138	0.00996	0.16675	0.00921	0.01048	0.00709	0.00391	0.00342	0.00093	0.00372	0.03192	0.00287	0.38278
5	0.01003	0.03301	0.36244	0.03003	0.04161	0.05146	0.03381	0.09600	0.00919	0.07959	0.00746	0.00893	0.00565	0.00466	0.00594	0.00133	0.20797	0.00322	0.00220	0.00548
6	0.00658	0.06140	0.00654	0.00561	0.00609	0.00477	0.00413	0.00625	0.00575	0.00782	0.00823	0.01326	0.00802	0.04737	0.31299	0.48104	0.00602	0.00368	0.00187	0.00259
7	0.88991	0.00758	0.00576	0.00516	0.00758	0.00879	0.00425	0.01152	0.00667	0.01759	0.00546	0.00637	0.00425	0.00364	0.00243	0.00121	0.00303	0.00212	0.00243	0.00425
8	0.88991	0.00758	0.00576	0.00516	0.00758	0.00879	0.00425	0.01152	0.00667	0.01759	0.00546	0.00637	0.00425	0.00364	0.00243	0.00121	0.00303	0.00212	0.00243	0.00425
9	0.18865	0.00774	0.00882	0.00696	0.00985	0.03440	0.00572	0.11167	0.01117	0.55640	0.01249	0.01131	0.00813	0.00457	0.00363	0.00120	0.00351	0.00349	0.00417	0.00613
10	0.00478	0.00341	0.00455	0.00546	0.00569	0.00318	0.00364	0.00546	0.00751	0.01001	0.02161	0.85966	0.02593	0.01228	0.00500	0.00159	0.00227	0.01114	0.00364	0.00318
11	0.00755	0.01124	0.27814	0.58273	0.02378	0.00884	0.01204	0.01079	0.00798	0.01079	0.00699	0.00975	0.00514	0.00386	0.00386	0.00129	0.00541	0.00330	0.00171	0.00482
12	0.00478	0.00341	0.00455	0.00546	0.00569	0.00318	0.00364	0.00546	0.00751	0.01001	0.02161	0.85966	0.02593	0.01228	0.00500	0.00159	0.00227	0.01114	0.00364	0.00318
13	0.00565	0.00399	0.00526	0.00526	0.00559	0.00433	0.00360	0.00633	0.00599	0.00833	0.01146	0.02069	0.01210	0.45921	0.42002	0.00501	0.00704	0.00497	0.00224	0.00292
14	0.00863	0.08716	0.00932	0.00593	0.00938	0.00620	0.00487	0.01032	0.00821	0.03681	0.00708	0.00811	0.00585	0.00300	0.00290	0.00062	0.00304	0.00235	0.00234	0.77789
15	0.00933	0.00673	0.00769	0.00673	0.00859	0.00714	0.00525	0.12038	0.30591	0.09195	0.31246	0.04104	0.04708	0.00649	0.00425	0.00127	0.00277	0.00552	0.00416	0.00523
16	0.00806	0.08094	0.08971	0.03243	0.13463	0.04492	0.04143	0.04796	0.09268	0.01292	0.13656	0.04187	0.19160	0.02198	0.00438	0.00127	0.00369	0.00523	0.00296	0.00478

[dist]
# distance from previous block
# <min> <max>
2	11

[block]
# block no. 6 follows, 69 sequences, length 37
# corresponding to MSA columns:
# 405-441
name=unknown_G
#
# <colnr> <probs for GDERKNQSTAVLIFYWHMCP>
#	G	D	E	R	K	N	Q	S	T	A	V	L	I	F	Y	W	H	M	C	P
0	0.09533	0.04836	0.01092	0.05085	0.20002	0.25187	0.00759	0.04587	0.03265	0.01220	0.01977	0.12004	0.02642	0.00516	0.00390	0.00117	0.02185	0.00414	0.00243	0.03947
1	0.00692	0.00711	0.09052	0.00686	0.00885	0.00599	0.05197	0.01105	0.19870	0.01415	0.32122	0.05458	0.13117	0.02255	0.00463	0.00132	0.00294	0.01654	0.00360	0.03933
2	0.00808	0.00687	0.00801	0.00579	0.00915	0.00523	0.00462	0.00996	0.02032	0.01292	0.02638	0.00881	0.00668	0.00308	0.00296	0.00061	0.00287	0.00248	0.01544	0.83973
3	0.03931	0.06448	0.10767	0.03778	0.07279	0.00855	0.06862	0.13968	0.04123	0.09195	0.02144	0.13622	0.03023	0.01598	0.04293	0.00154	0.05587	0.00480	0.01381	0.00515
4	0.01114	0.04199	0.00948	0.00703	0.00992	0.05498	0.00569	0.15596	0.08227	0.13422	0.05444	0.01082	0.00874	0.00419	0.00367	0.00094	0.02341	0.00326	0.01914	0.35869
5	0.00942	0.51576	0.08037	0.00895	0.10904	0.01220	0.00744	0.01176	0.06739	0.01092	0.07199	0.02663	0.02383	0.02514	0.00355	0.00107	0.00403	0.00325	0.00217	0.00508
6	0.00780	0.00592	0.00749	0.03943	0.00860	0.00554	0.00482	0.00908	0.02516	0.05063	0.07790	0.01357	0.01012	0.12053	0.05567	0.09608	0.07728	0.00366	0.00250	0.37823
7	0.01108	0.02391	0.03000	0.00753	0.00988	0.00905	0.01560	0.40195	0.12877	0.02831	0.10060	0.01567	0.05119	0.05412	0.00486	0.00135	0.00357	0.02128	0.07578	0.00550
8	0.01044	0.00694	0.01068	0.03081	0.30723	0.00680	0.02106	0.01238	0.01893	0.22742	0.14214	0.08967	0.01392	0.00555	0.00442	0.00124	0.03625	0.00489	0.04380	0.00542
9	0.00954	0.00835	0.03244	0.04510	0.29932	0.00838	0.02262	0.19959	0.05504	0.01592	0.15467	0.01561	0.07479	0.00573	0.02201	0.00132	0.00397	0.00456	0.01556	0.00547
10	0.00482	0.00382	0.00432	0.00452	0.00546	0.00334	0.00325	0.00584	0.00880	0.01111	0.14815	0.26141	0.48527	0.02550	0.00501	0.00143	0.00208	0.00884	0.00371	0.00331
11	0.00796	0.00632	0.00747	0.00584	0.00847	0.00527	0.00458	0.06227	0.02421	0.03129	0.17842	0.07818	0.02764	0.00498	0.00355	0.00087	0.00273	0.00422	0.00304	0.53270
12	0.00886	0.00695	0.00820	0.00590	0.00935	0.00527	0.00473	0.01059	0.00837	0.07677	0.00763	0.00853	0.00611	0.00305	0.00298	0.00063	0.00294	0.00245	0.00252	0.81818
13	0.01363	0.00880	0.01406	0.03072	0.04574	0.00861	0.24611	0.16051	0.04403	0.35150	0.01148	0.01158	0.00782	0.00436	0.00432	0.00125	0.02175	0.00405	0.00356	0.00613
14	0.00660	0.00375	0.00497	0.00490	0.00498	0.00378	0.00312	0.02619	0.00567	0.00756	0.00894	0.01698	0.00958	0.33012	0.01676	0.53417	0.00358	0.00427	0.00201	0.00208
15	0.10176	0.03634	0.01079	0.00953	0.01162	0.74459	0.00722	0.01516	0.01060	0.01038	0.00599	0.00698	0.00497	0.00398	0.00340	0.00103	0.00660	0.00248	0.00205	0.00453
16	0.00943	0.01085	0.02273	0.01631	0.02021	0.03794	0.79620	0.01266	0.00932	0.01246	0.00787	0.01046	0.00592	0.00333	0.00459	0.00131	0.00662	0.00456	0.00198	0.00526
17	0.00508	0.00374	0.00442	0.00480	0.00532	0.00348	0.00324	0.00572	0.00746	0.00956	0.02395	0.34056	0.25348	0.24817	0.02534	0.00223	0.00283	0.04433	0.00326	0.00302
18	0.01327	0.00742	0.00887	0.00707	0.00959	0.00739	0.00574	0.27548	0.04011	0.33539	0.17875	0.01679	0.06485	0.00576	0.00412	0.00122	0.00326	0.00472	0.00434	0.00586
19	0.00569	0.00381	0.00433	0.00438	0.00441	0.00380	0.00251	0.00575	0.00583	0.00777	0.01281	0.04830	0.01477	0.81864	0.01920	0.00369	0.00376	0.02570	0.00244	0.00243
20	0.00570	0.00380	0.00428	0.00428	0.00428	0.00380	0.00238	0.00570	0.00570	0.00760	0.01235	0.02566	0.01425	0.86222	0.01995	0.00380	0.00380	0.00570	0.00238	0.00238
21	0.01068	0.01059	0.19765	0.02666	0.14386	0.00821	0.04818	0.02498	0.19239	0.19610	0.07924	0.01293	0.01048	0.00468	0.00410	0.00125	0.01492	0.00402	0.00319	0.00591
22	0.00551	0.00401	0.00518	0.00489	0.00583	0.00368	0.00367	0.00732	0.01100	0.01550	0.80079	0.02965	0.07204	0.00810	0.00462	0.00124	0.00186	0.00714	0.00429	0.00368
23	0.00909	0.01012	0.02112	0.03500	0.08008	0.02176	0.68660	0.01214	0.00920	0.01245	0.02595	0.04128	0.00732	0.00377	0.00455	0.00131	0.00618	0.00477	0.00208	0.00521
24	0.00813	0.00697	0.00813	0.00581	0.00929	0.00523	0.00465	0.00987	0.00813	0.01277	0.00697	0.00813	0.00581	0.00290	0.00290	0.00058	0.00290	0.00232	0.00232	0.88619
25	0.88991	0.00758	0.00576	0.00516	0.00758	0.00879	0.00425	0.01152	0.00667	0.01759	0.00546	0.00637	0.00425	0.00364	0.00243	0.00121	0.00303	0.00212	0.00243	0.00425
26	0.00733	0.01020	0.23650	0.12215	0.10651	0.00771	0.06157	0.00968	0.00763	0.01081	0.00996	0.14544	0.00970	0.08199	0.06914	0.00195	0.09018	0.00485	0.00214	0.00459
27	0.01490	0.01098	0.01177	0.00902	0.01216	0.01216	0.00745	0.82470	0.01843	0.02471	0.00941	0.00941	0.00667	0.00471	0.00392	0.00118	0.00431	0.00353	0.00392	0.00667
28	0.00569	0.00384	0.00448	0.00448	0.00455	0.00391	0.00263	0.00583	0.00576	0.00775	0.01217	0.02463	0.01381	0.77925	0.10232	0.00405	0.00447	0.00555	0.00235	0.00249
29	0.00858	0.00858	0.01201	0.01029	0.01029	0.01201	0.00858	0.00943	0.00600	0.00943	0.00515	0.00858	0.00515	0.00686	0.01287	0.00172	0.85505	0.00343	0.00172	0.00429
30	0.01205	0.56127	0.01742	0.00753	0.01081	0.01432	0.00697	0.30060	0.01168	0.01473	0.00686	0.00740	0.00561	0.00383	0.00302	0.00096	0.00424	0.00261	0.00247	0.00561
31	0.00555	0.00401	0.00524	0.00493	0.00586	0.00370	0.00370	0.00740	0.01110	0.01572	0.83570	0.02928	0.03699	0.00801	0.00462	0.00123	0.00185	0.00709	0.00432	0.00370
32	0.00792	0.01987	0.80745	0.01140	0.01712	0.00914	0.04853	0.01242	0.00832	0.01242	0.00707	0.00837	0.00501	0.00371	0.00376	0.00124	0.00583	0.00297	0.00167	0.00577
33	0.00786	0.02028	0.84191	0.01117	0.01697	0.00910	0.01448	0.01242	0.00828	0.01242	0.00704	0.00828	0.00497	0.00372	0.00372	0.00124	0.00579	0.00290	0.00166	0.00579
34	0.00555	0.00401	0.00524	0.00493	0.00586	0.00370	0.00370	0.00740	0.01110	0.01572	0.83570	0.02928	0.03699	0.00801	0.00462	0.00123	0.00185	0.00709	0.00432	0.00370
35	0.00637	0.00503	0.00750	0.13616	0.08311	0.00543	0.00590	0.00802	0.00809	0.02524	0.19769	0.01948	0.07603	0.06566	0.32920	0.00334	0.00609	0.00506	0.00271	0.00389
36	0.00729	0.02492	0.04063	0.05264	0.02734	0.03482	0.00605	0.00917	0.02845	0.03310	0.40120	0.02012	0.04809	0.02213	0.03261	0.00152	0.18828	0.00534	0.00318	0.01310

[dist]
# distance from previous block
# <min> <max>
1	14

[block]
# block no. 7 follows, 69 sequences, length 23
# corresponding to MSA columns:
# 456-473,488-492
name=unknown_H
#
# <colnr> <probs for GDERKNQSTAVLIFYWHMCP>
#	G	D	E	R	K	N	Q	S	T	A	V	L	I	F	Y	W	H	M	C	P
0	0.09624	0.00773	0.01244	0.38824	0.30929	0.00860	0.03014	0.01077	0.00831	0.01209	0.03569	0.01195	0.00736	0.00418	0.00387	0.00127	0.00465	0.04018	0.00206	0.00497
1	0.00938	0.02000	0.03131	0.03913	0.03137	0.04776	0.09623	0.11174	0.01932	0.07796	0.16670	0.01733	0.07862	0.01762	0.00564	0.00132	0.12517	0.04098	0.00308	0.05935
2	0.00740	0.00697	0.01176	0.85280	0.02700	0.00871	0.01089	0.01002	0.00784	0.01002	0.00697	0.01045	0.00523	0.00392	0.00392	0.00131	0.00523	0.00348	0.00174	0.00436
3	0.00538	0.00383	0.00517	0.00595	0.00645	0.00368	0.00448	0.00649	0.00822	0.01093	0.08458	0.49669	0.02527	0.04203	0.00565	0.00171	0.00274	0.27376	0.00364	0.00334
4	0.05516	0.00948	0.01066	0.00821	0.01128	0.01000	0.00678	0.53561	0.01564	0.28004	0.01113	0.01051	0.00751	0.00470	0.00386	0.00119	0.00395	0.00360	0.00415	0.00656
5	0.00476	0.00391	0.00418	0.00425	0.00540	0.00334	0.00314	0.00581	0.00903	0.01112	0.13012	0.12808	0.65335	0.00997	0.00467	0.00134	0.00200	0.00846	0.00372	0.00334
6	0.01339	0.01087	0.01481	0.01103	0.01439	0.01156	0.22631	0.60690	0.01597	0.02145	0.00902	0.00972	0.00647	0.00433	0.00411	0.00122	0.00493	0.00382	0.00340	0.00630
7	0.88991	0.00758	0.00576	0.00516	0.00758	0.00879	0.00425	0.01152	0.00667	0.01759	0.00546	0.00637	0.00425	0.00364	0.00243	0.00121	0.00303	0.00212	0.00243	0.00425
8	0.00681	0.00340	0.00511	0.00511	0.00511	0.00340	0.00340	0.00511	0.00511	0.00681	0.00681	0.01192	0.00681	0.01362	0.01532	0.88594	0.00340	0.00340	0.00170	0.00170
9	0.00568	0.00387	0.00464	0.00464	0.00477	0.00400	0.00283	0.00593	0.00581	0.00787	0.01202	0.02381	0.01345	0.71234	0.16874	0.00425	0.00501	0.00543	0.00233	0.00258
10	0.00858	0.00858	0.01201	0.01029	0.01029	0.01201	0.00858	0.00943	0.00600	0.00943	0.00515	0.00858	0.00515	0.00686	0.01287	0.00172	0.85505	0.00343	0.00172	0.00429
11	0.00679	0.00509	0.00672	0.17447	0.05305	0.00499	0.00533	0.00818	0.00869	0.09176	0.02666	0.05427	0.46438	0.04822	0.02301	0.00153	0.00318	0.00654	0.00320	0.00395
12	0.00890	0.00678	0.00806	0.00591	0.00920	0.00519	0.00471	0.01058	0.00840	0.09380	0.00847	0.04729	0.00710	0.00352	0.00310	0.00069	0.00292	0.00288	0.00263	0.75988
13	0.00870	0.02332	0.05661	0.01401	0.01744	0.02708	0.60765	0.01164	0.00929	0.01254	0.09044	0.01350	0.05174	0.00426	0.00480	0.00131	0.03355	0.00485	0.00227	0.00500
14	0.00806	0.01275	0.35825	0.00987	0.09451	0.02789	0.00946	0.03128	0.00881	0.01280	0.05260	0.02259	0.07064	0.00430	0.00363	0.00104	0.00430	0.00353	0.00226	0.26142
15	0.77875	0.07509	0.04722	0.00557	0.00823	0.00933	0.00493	0.01158	0.00685	0.01669	0.00553	0.00645	0.00434	0.00362	0.00250	0.00119	0.00326	0.00216	0.00233	0.00438
16	0.00786	0.02028	0.84191	0.01117	0.01697	0.00910	0.01448	0.01242	0.00828	0.01242	0.00704	0.00828	0.00497	0.00372	0.00372	0.00124	0.00579	0.00290	0.00166	0.00579
17	0.00883	0.23851	0.35440	0.00953	0.07254	0.00975	0.00973	0.01162	0.00837	0.03205	0.02806	0.00921	0.02708	0.00375	0.00332	0.00101	0.00452	0.00289	0.00200	0.16280
18	0.79330	0.03720	0.04666	0.00555	0.00819	0.00895	0.00486	0.01179	0.00692	0.03998	0.00581	0.00665	0.00446	0.00367	0.00253	0.00120	0.00321	0.00221	0.00243	0.00441
19	0.00562	0.00412	0.00590	0.00590	0.00647	0.00468	0.00441	0.00675	0.00618	0.00881	0.01086	0.01741	0.01067	0.19279	0.68449	0.00581	0.00919	0.00449	0.00215	0.00328
20	0.04763	0.03712	0.19393	0.00737	0.03044	0.03790	0.00689	0.07458	0.04013	0.04382	0.23467	0.02066	0.19650	0.00639	0.00410	0.00123	0.00345	0.00527	0.00323	0.00468
21	0.07763	0.03935	0.25556	0.00971	0.09185	0.00774	0.04525	0.03141	0.00862	0.04216	0.03035	0.00904	0.00648	0.00355	0.00338	0.00098	0.00416	0.00290	0.00224	0.32765
22	0.47623	0.06071	0.13579	0.00664	0.00957	0.06173	0.00623	0.05317	0.00801	0.01516	0.00758	0.00896	0.03504	0.04257	0.00368	0.00126	0.00384	0.00273	0.00235	0.05874

[dist]
# distance from previous block
# <min> <max>
7	16

[block]
# block no. 8 follows, 69 sequences, length 6
# corresponding to MSA columns:
# 511-516
name=unknown_I
#
# <colnr> <probs for GDERKNQSTAVLIFYWHMCP>
#	G	D	E	R	K	N	Q	S	T	A	V	L	I	F	Y	W	H	M	C	P
