[name]
unknown

[dist]
# distance from previous block
# <min> <max>
0	62

[block]
# block no. 0 follows, 67 sequences, length 12
# corresponding to MSA columns:
# 83-94
name=unknown_A
#
# <colnr> <probs for GDERKNQSTAVLIFYWHMCP>
#	G	D	E	R	K	N	Q	S	T	A	V	L	I	F	Y	W	H	M	C	P
0	0.05818	0.00807	0.03129	0.03214	0.01072	0.03308	0.02981	0.15673	0.09358	0.11993	0.03702	0.07142	0.01266	0.00639	0.00444	0.00133	0.02446	0.16161	0.00351	0.10363
1	0.00984	0.04652	0.04570	0.07799	0.03253	0.03297	0.06169	0.13254	0.25594	0.02731	0.08535	0.05809	0.01230	0.00542	0.00408	0.00125	0.00394	0.02689	0.00331	0.07634
2	0.00610	0.00487	0.00525	0.00523	0.00603	0.03917	0.00365	0.02583	0.03550	0.01144	0.18360	0.19128	0.20409	0.21979	0.03846	0.00218	0.00314	0.00752	0.00344	0.00344
3	0.00574	0.00417	0.00526	0.02932	0.00656	0.00387	0.00388	0.00731	0.01012	0.03071	0.47349	0.11402	0.21773	0.00959	0.03455	0.00150	0.00241	0.00758	0.02850	0.00371
4	0.00553	0.00377	0.00474	0.00520	0.00563	0.00352	0.00347	0.00623	0.00784	0.03545	0.08471	0.52056	0.10075	0.18358	0.00812	0.00202	0.00262	0.00945	0.00355	0.00325
5	0.00832	0.00713	0.00832	0.00594	0.00950	0.00535	0.00475	0.01010	0.00832	0.01307	0.00713	0.00832	0.00594	0.00297	0.00297	0.00059	0.00297	0.00238	0.00238	0.88357
6	0.88738	0.00776	0.00589	0.00527	0.00776	0.00900	0.00434	0.01179	0.00683	0.01799	0.00558	0.00651	0.00434	0.00372	0.00248	0.00124	0.00310	0.00217	0.00248	0.00434
7	0.00986	0.54516	0.23670	0.00863	0.01256	0.01359	0.03798	0.01243	0.03486	0.01067	0.00643	0.00750	0.00540	0.00375	0.00347	0.00104	0.04023	0.00259	0.00180	0.00537
8	0.03456	0.05725	0.09344	0.06353	0.08999	0.02479	0.10161	0.07164	0.10336	0.04188	0.05027	0.03304	0.08977	0.02088	0.00481	0.00130	0.05001	0.00442	0.00278	0.06068
9	0.00541	0.00395	0.00469	0.00489	0.00576	0.00352	0.00348	0.00646	0.00900	0.03550	0.19003	0.31744	0.33741	0.04687	0.00552	0.00154	0.00223	0.00899	0.00384	0.00348
10	0.02317	0.23375	0.02850	0.03464	0.01098	0.03140	0.04036	0.05003	0.04319	0.03275	0.01947	0.03361	0.02021	0.00397	0.00341	0.00090	0.01854	0.00310	0.00244	0.36558
11	0.00967	0.04894	0.00903	0.03140	0.02001	0.04213	0.02590	0.12525	0.01040	0.10604	0.07122	0.07946	0.13278	0.04422	0.02974	0.00141	0.01797	0.00498	0.00325	0.18620

[dist]
# distance from previous block
# <min> <max>
1	20

[block]
# block no. 1 follows, 67 sequences, length 14
# corresponding to MSA columns:
# 115-128
name=unknown_B
#
# <colnr> <probs for GDERKNQSTAVLIFYWHMCP>
#	G	D	E	R	K	N	Q	S	T	A	V	L	I	F	Y	W	H	M	C	P
0	0.03791	0.03274	0.06833	0.02628	0.19538	0.09556	0.02783	0.13030	0.10370	0.10409	0.01052	0.02594	0.03021	0.00466	0.00431	0.00121	0.04431	0.00375	0.00292	0.05005
1	0.06780	0.02453	0.02469	0.02704	0.14045	0.08037	0.06500	0.13069	0.18126	0.04237	0.09888	0.05658	0.02448	0.00533	0.00414	0.00127	0.01186	0.00453	0.00321	0.00553
2	0.01126	0.04177	0.05071	0.01044	0.11920	0.08456	0.03983	0.11562	0.17528	0.09162	0.01098	0.01130	0.03040	0.00434	0.00376	0.00110	0.00417	0.00358	0.00305	0.18704
3	0.00612	0.00477	0.00563	0.00573	0.00671	0.00472	0.00410	0.00903	0.16040	0.01244	0.15286	0.38409	0.12721	0.05711	0.00559	0.00157	0.00249	0.00843	0.00378	0.03722
4	0.00961	0.00864	0.01281	0.12562	0.31360	0.02052	0.05421	0.05706	0.17833	0.03336	0.03775	0.03185	0.03665	0.00496	0.00455	0.00131	0.04231	0.01839	0.00277	0.00568
5	0.00526	0.00374	0.00466	0.00523	0.00581	0.00339	0.00359	0.00606	0.00816	0.03285	0.04811	0.60088	0.20816	0.03735	0.00546	0.00161	0.00232	0.01025	0.00374	0.00337
6	0.82805	0.00799	0.00631	0.00554	0.00807	0.00923	0.00457	0.06682	0.00764	0.01849	0.00586	0.00673	0.00451	0.00380	0.00259	0.00124	0.00319	0.00227	0.00259	0.00451
7	0.00886	0.00764	0.00940	0.00684	0.01023	0.00635	0.03936	0.06534	0.00898	0.01373	0.00725	0.00853	0.00597	0.00330	0.00359	0.00072	0.04289	0.00261	0.00244	0.74594
8	0.79147	0.00869	0.00652	0.00583	0.00821	0.07571	0.00475	0.01206	0.00717	0.01709	0.00562	0.00664	0.00444	0.00385	0.00289	0.00124	0.02877	0.00224	0.00243	0.00437
9	0.00506	0.00373	0.00469	0.00526	0.00581	0.00342	0.00366	0.00597	0.00837	0.01101	0.12133	0.53937	0.17689	0.04630	0.00565	0.00164	0.00234	0.04241	0.00375	0.00333
10	0.03236	0.00658	0.00949	0.22191	0.01378	0.00764	0.03810	0.05868	0.08676	0.05069	0.05009	0.08600	0.01092	0.01227	0.22643	0.00273	0.07359	0.00473	0.00270	0.00455
11	0.00842	0.02482	0.02893	0.02713	0.08242	0.00792	0.09647	0.05482	0.02240	0.03775	0.11876	0.08931	0.01307	0.03812	0.06564	0.00180	0.17672	0.00497	0.07084	0.02967
12	0.00824	0.16487	0.03370	0.00766	0.02881	0.04092	0.06444	0.07848	0.06543	0.01245	0.06579	0.19102	0.13494	0.04762	0.02493	0.00153	0.00382	0.01779	0.00306	0.00450
13	0.04739	0.00861	0.06577	0.02267	0.03223	0.00729	0.03611	0.10208	0.09317	0.01480	0.03212	0.02569	0.00803	0.00516	0.04270	0.00118	0.00391	0.00330	0.00273	0.44507

[dist]
# distance from previous block
# <min> <max>
0	32

[block]
# block no. 2 follows, 67 sequences, length 14
# corresponding to MSA columns:
# 163-176
name=unknown_C
#
# <colnr> <probs for GDERKNQSTAVLIFYWHMCP>
#	G	D	E	R	K	N	Q	S	T	A	V	L	I	F	Y	W	H	M	C	P
0	0.03635	0.13743	0.04548	0.03410	0.02553	0.06192	0.21289	0.17376	0.06823	0.04876	0.02586	0.01061	0.02224	0.00441	0.00448	0.00122	0.05723	0.00376	0.00271	0.02302
1	0.03836	0.07921	0.16933	0.04534	0.06382	0.06931	0.04273	0.12706	0.14945	0.01486	0.04672	0.03032	0.02950	0.00479	0.00385	0.00120	0.00448	0.01594	0.00280	0.06094
2	0.00527	0.00422	0.00483	0.00479	0.00596	0.00376	0.00355	0.00670	0.02709	0.01198	0.20014	0.15730	0.44991	0.01075	0.04842	0.00161	0.00256	0.00810	0.00374	0.03931
3	0.02168	0.00571	0.00706	0.03680	0.03284	0.00571	0.02665	0.03231	0.15608	0.06854	0.19244	0.10613	0.25098	0.03283	0.00496	0.00142	0.00279	0.00677	0.00380	0.00448
4	0.01208	0.00723	0.00874	0.00666	0.00973	0.00632	0.00538	0.09461	0.05012	0.28541	0.06405	0.01209	0.00981	0.00431	0.00359	0.00096	0.00317	0.00350	0.02595	0.38631
5	0.00894	0.00724	0.00777	0.00699	0.00887	0.02398	0.00546	0.07354	0.40413	0.03932	0.13213	0.02091	0.15203	0.00738	0.02968	0.00148	0.01713	0.02089	0.02684	0.00528
6	0.00951	0.00926	0.01184	0.20181	0.11539	0.13469	0.09317	0.05882	0.04971	0.03167	0.11942	0.05592	0.05134	0.00543	0.00453	0.00129	0.03391	0.00471	0.00273	0.00490
7	0.01593	0.00722	0.00929	0.00728	0.01020	0.00668	0.00595	0.10034	0.06281	0.60928	0.01483	0.04030	0.01009	0.00588	0.02928	0.00138	0.00366	0.00418	0.00456	0.05085
8	0.88738	0.00776	0.00589	0.00527	0.00776	0.00900	0.00434	0.01179	0.00683	0.01799	0.00558	0.00651	0.00434	0.00372	0.00248	0.00124	0.00310	0.00217	0.00248	0.00434
9	0.00782	0.00725	0.06601	0.02211	0.03598	0.03171	0.08294	0.03667	0.06023	0.05919	0.12898	0.15983	0.14535	0.03790	0.00554	0.02732	0.01271	0.05060	0.00333	0.01854
10	0.00551	0.00490	0.06210	0.02422	0.00715	0.00391	0.00465	0.00662	0.00811	0.02822	0.07997	0.65547	0.05596	0.02662	0.00522	0.00159	0.00265	0.00998	0.00359	0.00357
11	0.08973	0.01023	0.02203	0.00938	0.06440	0.20564	0.03518	0.04810	0.06618	0.04263	0.13986	0.02920	0.04112	0.00602	0.01740	0.00136	0.13344	0.00423	0.02908	0.00478
12	0.00860	0.02421	0.02794	0.03835	0.02131	0.00824	0.09217	0.08920	0.13329	0.03631	0.14713	0.05958	0.11455	0.00748	0.03444	0.00156	0.14214	0.00541	0.00322	0.00486
13	0.05100	0.28088	0.05725	0.00842	0.03730	0.02650	0.05567	0.11059	0.12243	0.04458	0.04661	0.04527	0.03985	0.02654	0.00401	0.00120	0.00405	0.00390	0.00282	0.03111

[dist]
# distance from previous block
# <min> <max>
4	17

[block]
# block no. 3 follows, 67 sequences, length 7
# corresponding to MSA columns:
# 194-200
name=unknown_D
#
# <colnr> <probs for GDERKNQSTAVLIFYWHMCP>
#	G	D	E	R	K	N	Q	S	T	A	V	L	I	F	Y	W	H	M	C	P
0	0.00774	0.00557	0.00699	0.07161	0.00854	0.03895	0.00504	0.07549	0.04690	0.01093	0.10276	0.06952	0.01232	0.03617	0.10953	0.35962	0.02179	0.00462	0.00256	0.00333
1	0.00714	0.00588	0.00619	0.00574	0.00717	0.04444	0.00439	0.10084	0.06575	0.01459	0.29947	0.08720	0.30006	0.00848	0.00460	0.00132	0.00264	0.02601	0.00394	0.00417
2	0.00848	0.20431	0.37922	0.00865	0.01252	0.03357	0.00965	0.04023	0.03957	0.01236	0.06625	0.07123	0.08726	0.00533	0.00378	0.00120	0.00456	0.00424	0.00239	0.00520
3	0.08069	0.00795	0.00937	0.02224	0.01008	0.05582	0.05168	0.18727	0.05634	0.06439	0.01139	0.11995	0.01040	0.05399	0.17642	0.00252	0.06683	0.00481	0.00303	0.00484
4	0.03309	0.08982	0.03046	0.03125	0.04118	0.30076	0.00747	0.13382	0.16318	0.04479	0.00901	0.00948	0.00698	0.00438	0.00381	0.00112	0.01977	0.00317	0.00281	0.06366
5	0.12905	0.00899	0.00987	0.05784	0.01122	0.07136	0.05932	0.24609	0.07487	0.03685	0.00991	0.01365	0.00854	0.17558	0.00732	0.00177	0.02376	0.01957	0.00300	0.03143
6	0.23243	0.00807	0.01099	0.13482	0.26274	0.00832	0.02917	0.01161	0.04091	0.01398	0.00769	0.03383	0.00643	0.00389	0.00346	0.00113	0.00398	0.00327	0.00230	0.18098

[dist]
# distance from previous block
# <min> <max>
0	24

[block]
# block no. 4 follows, 67 sequences, length 28
# corresponding to MSA columns:
# 225-252
name=unknown_E
#
# <colnr> <probs for GDERKNQSTAVLIFYWHMCP>
#	G	D	E	R	K	N	Q	S	T	A	V	L	I	F	Y	W	H	M	C	P
0	0.00778	0.00739	0.01249	0.75577	0.07037	0.00910	0.02623	0.01038	0.00803	0.01043	0.00709	0.01058	0.00541	0.00409	0.00439	0.00135	0.03916	0.00358	0.00180	0.00457
1	0.00573	0.00430	0.00645	0.00645	0.00716	0.00501	0.00501	0.00716	0.00645	0.00931	0.01074	0.01576	0.01003	0.03008	0.84316	0.00645	0.01074	0.00430	0.00215	0.00358
2	0.00618	0.00512	0.00583	0.00543	0.00678	0.02156	0.02208	0.00828	0.07521	0.03228	0.22232	0.06358	0.45865	0.00889	0.00500	0.00135	0.03630	0.00747	0.00380	0.00391
3	0.00893	0.00711	0.00838	0.00602	0.00955	0.00538	0.00482	0.01069	0.00852	0.06494	0.00768	0.00865	0.00619	0.00310	0.00304	0.00063	0.00300	0.00248	0.00254	0.82836
4	0.01318	0.00849	0.02566	0.06382	0.01249	0.02166	0.07929	0.17532	0.11713	0.30325	0.07280	0.01354	0.01076	0.00559	0.02270	0.00138	0.02410	0.00423	0.01858	0.00603
5	0.00873	0.00712	0.02565	0.00769	0.00993	0.01698	0.09733	0.01263	0.17816	0.09210	0.26628	0.04962	0.04491	0.00606	0.00449	0.00122	0.02664	0.00533	0.00362	0.13553
6	0.43596	0.01144	0.00982	0.03409	0.02469	0.25321	0.07980	0.03856	0.00901	0.03752	0.00652	0.00764	0.00508	0.00387	0.00319	0.00117	0.00479	0.00269	0.00240	0.02854
7	0.01006	0.65401	0.22269	0.00799	0.01204	0.01425	0.00883	0.01218	0.00823	0.01024	0.00598	0.00694	0.00513	0.00352	0.00288	0.00096	0.00469	0.00235	0.00171	0.00534
8	0.00762	0.00574	0.00689	0.02489	0.00806	0.01902	0.01338	0.12141	0.00938	0.03223	0.03237	0.39101	0.03059	0.10647	0.03035	0.00176	0.00335	0.00733	0.00331	0.14484
9	0.00555	0.00408	0.00520	0.00494	0.00592	0.00373	0.00370	0.00732	0.01102	0.01535	0.72264	0.04902	0.12956	0.00852	0.00474	0.00128	0.00192	0.00748	0.00432	0.00373
10	0.00491	0.00399	0.00436	0.00444	0.00557	0.00343	0.00326	0.00602	0.00929	0.01160	0.16544	0.15248	0.59087	0.01018	0.00479	0.00138	0.00205	0.00868	0.00384	0.00343
11	0.55212	0.00711	0.00675	0.00573	0.00823	0.00759	0.00469	0.01361	0.00850	0.24924	0.06457	0.01040	0.00839	0.00441	0.00308	0.00123	0.00307	0.00309	0.03319	0.00499
12	0.00865	0.00774	0.01134	0.00933	0.02119	0.00800	0.19818	0.04163	0.32025	0.02811	0.13743	0.02864	0.12087	0.02359	0.01544	0.00145	0.00385	0.00554	0.00352	0.00524
13	0.00529	0.00408	0.00484	0.00475	0.00583	0.00363	0.00357	0.00678	0.01024	0.01358	0.45143	0.06700	0.35878	0.00926	0.00478	0.00133	0.00203	0.03510	0.00408	0.00360
14	0.00866	0.00777	0.01048	0.00887	0.01053	0.02195	0.11052	0.05942	0.22808	0.02488	0.09232	0.09404	0.10120	0.00696	0.00627	0.00145	0.17727	0.02113	0.00327	0.00494
15	0.16621	0.00848	0.01123	0.16530	0.08706	0.03829	0.05128	0.06147	0.02212	0.10682	0.00861	0.01045	0.02223	0.00587	0.03925	0.00157	0.18266	0.00353	0.00253	0.00504
16	0.05276	0.00909	0.01139	0.21674	0.06699	0.02383	0.02468	0.31352	0.09325	0.07436	0.05511	0.01166	0.00871	0.00473	0.00411	0.00127	0.01489	0.00386	0.00326	0.00578
17	0.07719	0.00794	0.00953	0.00788	0.00995	0.00868	0.03151	0.23642	0.08157	0.16452	0.02279	0.03361	0.03638	0.09567	0.03550	0.00179	0.09810	0.03207	0.00351	0.00538
18	0.24791	0.00733	0.00848	0.00691	0.00956	0.00737	0.02669	0.08563	0.05589	0.34162	0.08672	0.01406	0.01117	0.00510	0.00373	0.00125	0.00335	0.03837	0.00390	0.03497
19	0.00930	0.41490	0.45512	0.00929	0.01405	0.01239	0.01109	0.01238	0.00832	0.01117	0.00644	0.00751	0.00511	0.00363	0.00323	0.00108	0.00516	0.00258	0.00170	0.00556
20	0.17463	0.00745	0.00886	0.01651	0.00967	0.02031	0.05738	0.18531	0.02864	0.11793	0.10266	0.03519	0.01209	0.07899	0.10876	0.00213	0.00461	0.02062	0.00334	0.00495
21	0.00613	0.00430	0.00604	0.00597	0.00652	0.00481	0.00439	0.00709	0.00639	0.02868	0.01129	0.02914	0.01122	0.23812	0.56630	0.02981	0.02346	0.00474	0.00229	0.00333
22	0.00777	0.00708	0.01030	0.24399	0.16366	0.02608	0.00821	0.02777	0.03658	0.01121	0.03203	0.03981	0.10052	0.04863	0.12530	0.00220	0.09734	0.00464	0.00237	0.00453
23	0.00654	0.00408	0.00506	0.00481	0.00580	0.00383	0.00361	0.00836	0.01046	0.04496	0.56164	0.06017	0.02939	0.00737	0.00423	0.00119	0.00196	0.00642	0.22625	0.00386
24	0.01174	0.22913	0.01370	0.00840	0.01116	0.02454	0.06470	0.24715	0.09278	0.08683	0.03954	0.03967	0.05262	0.00525	0.00425	0.00120	0.04485	0.01362	0.00321	0.00565
25	0.00487	0.00376	0.00445	0.00493	0.00566	0.00334	0.00345	0.00576	0.00848	0.01080	0.07321	0.47675	0.35751	0.01134	0.00494	0.00150	0.00218	0.00997	0.00376	0.00334
26	0.23859	0.00872	0.01005	0.00802	0.01082	0.00930	0.07718	0.22094	0.14884	0.12630	0.01041	0.01093	0.00771	0.03405	0.00419	0.00132	0.00382	0.00356	0.01447	0.05077
27	0.04057	0.18430	0.01231	0.00759	0.01081	0.06809	0.00641	0.26224	0.03008	0.09745	0.00853	0.00888	0.00648	0.00399	0.00337	0.00097	0.00403	0.00293	0.00302	0.23795

[dist]
# distance from previous block
# <min> <max>
3	10

[block]
# block no. 5 follows, 67 sequences, length 8
# corresponding to MSA columns:
# 263-270
name=unknown_F
#
# <colnr> <probs for GDERKNQSTAVLIFYWHMCP>
#	G	D	E	R	K	N	Q	S	T	A	V	L	I	F	Y	W	H	M	C	P
0	0.01415	0.00622	0.00825	0.00661	0.00907	0.00558	0.00534	0.05556	0.01181	0.54946	0.26133	0.01836	0.01818	0.00593	0.00424	0.00125	0.00300	0.00498	0.00475	0.00591
1	0.00871	0.00733	0.00869	0.00751	0.00939	0.04569	0.07932	0.14529	0.15507	0.03247	0.06293	0.17140	0.20954	0.03183	0.00495	0.00143	0.00343	0.00665	0.00363	0.00477
2	0.00486	0.00360	0.00454	0.00528	0.00574	0.00328	0.00359	0.00562	0.00797	0.01036	0.02581	0.69304	0.18753	0.01208	0.00504	0.00157	0.00227	0.01081	0.00372	0.00328
3	0.09087	0.11052	0.01047	0.00682	0.01014	0.04354	0.00566	0.17023	0.01036	0.01535	0.00725	0.00814	0.00584	0.00351	0.00311	0.00082	0.00360	0.00258	0.00262	0.48856
4	0.04811	0.00649	0.01017	0.00831	0.01000	0.00656	0.17670	0.03184	0.02291	0.10506	0.08693	0.01988	0.03733	0.23163	0.09019	0.00253	0.04830	0.04986	0.00293	0.00426
5	0.00595	0.00718	0.17158	0.00707	0.00856	0.00478	0.00645	0.00756	0.00801	0.01089	0.01809	0.46195	0.02043	0.03986	0.00584	0.03266	0.00342	0.17273	0.00320	0.00380
6	0.01696	0.00997	0.01015	0.00810	0.01101	0.17416	0.00654	0.14441	0.01261	0.54438	0.01293	0.01174	0.00849	0.00477	0.00395	0.00119	0.00433	0.00368	0.00424	0.00639
7	0.00581	0.00397	0.00479	0.00479	0.00493	0.00411	0.00295	0.00610	0.00595	0.00808	0.01226	0.02415	0.01367	0.69344	0.18479	0.00440	0.00526	0.00553	0.00237	0.00266

[dist]
# distance from previous block
# <min> <max>
0	7

[block]
# block no. 6 follows, 67 sequences, length 25
# corresponding to MSA columns:
# 290,324-327,329-348
name=unknown_G
#
# <colnr> <probs for GDERKNQSTAVLIFYWHMCP>
#	G	D	E	R	K	N	Q	S	T	A	V	L	I	F	Y	W	H	M	C	P
0	0.00854	0.01553	0.51120	0.00968	0.01460	0.00814	0.02970	0.01265	0.05628	0.03530	0.00796	0.00900	0.00590	0.00369	0.00361	0.00108	0.00487	0.00296	0.00212	0.25720
1	0.45968	0.01157	0.00855	0.00752	0.00991	0.28503	0.02226	0.05114	0.00927	0.06308	0.00716	0.01937	0.00577	0.00424	0.00316	0.00119	0.00463	0.01918	0.00259	0.00470
2	0.01726	0.00696	0.00928	0.00716	0.01017	0.00618	0.00590	0.06574	0.01190	0.75134	0.05337	0.01417	0.01104	0.00511	0.00406	0.00124	0.00340	0.00416	0.00488	0.00668
3	0.01221	0.00969	0.01006	0.00850	0.01109	0.04196	0.00676	0.26067	0.50616	0.06692	0.01390	0.01299	0.01021	0.00518	0.00404	0.00129	0.00371	0.00415	0.00404	0.00645
4	0.00947	0.00907	0.01546	0.18330	0.67889	0.00941	0.01208	0.01191	0.00892	0.01255	0.00746	0.01007	0.00616	0.00366	0.00398	0.00122	0.00488	0.00357	0.00195	0.00599
5	0.00927	0.00886	0.01510	0.25377	0.61000	0.00936	0.01198	0.01174	0.00882	0.01231	0.00743	0.01014	0.00607	0.00369	0.00398	0.00123	0.00493	0.00357	0.00193	0.00583
6	0.01338	0.01437	0.01084	0.00951	0.01177	0.43073	0.00735	0.15743	0.25138	0.01454	0.00973	0.00996	0.00753	0.00472	0.00409	0.00118	0.02962	0.00336	0.00299	0.00552
7	0.00824	0.00781	0.01323	0.61559	0.25623	0.00909	0.01147	0.01083	0.00833	0.01106	0.00725	0.01048	0.00563	0.00389	0.00400	0.00130	0.00518	0.00357	0.00184	0.00499
8	0.00823	0.00703	0.00822	0.00591	0.00939	0.00530	0.00472	0.01002	0.00841	0.01316	0.03339	0.00901	0.00696	0.00314	0.00303	0.00062	0.00294	0.00253	0.00244	0.85556
9	0.01211	0.03723	0.01306	0.01069	0.01306	0.46273	0.16704	0.02444	0.08446	0.01167	0.05733	0.03334	0.02571	0.00484	0.00403	0.00118	0.00603	0.02370	0.00251	0.00486
10	0.00488	0.00351	0.00464	0.00554	0.00580	0.00326	0.00370	0.00559	0.00772	0.01026	0.02268	0.83098	0.05161	0.01249	0.00511	0.00162	0.00232	0.01131	0.00372	0.00326
11	0.02241	0.00993	0.02226	0.05173	0.38344	0.10008	0.06822	0.03021	0.00971	0.11554	0.02503	0.01066	0.01659	0.00402	0.00408	0.00115	0.02190	0.00359	0.00251	0.09693
12	0.00843	0.00690	0.00781	0.00662	0.00847	0.08226	0.04816	0.06208	0.01072	0.07522	0.31043	0.04190	0.16928	0.01556	0.01542	0.00129	0.01647	0.00587	0.00362	0.10349
13	0.80387	0.04918	0.00719	0.00575	0.00831	0.02786	0.02492	0.01192	0.00706	0.01727	0.00566	0.00663	0.00444	0.00371	0.00257	0.00122	0.00334	0.00224	0.00242	0.00442
14	0.01318	0.15666	0.03860	0.00857	0.01162	0.03593	0.07657	0.18814	0.12058	0.23487	0.01164	0.03518	0.00860	0.00474	0.00381	0.00119	0.00414	0.00386	0.03608	0.00604
15	0.00653	0.00416	0.00543	0.00590	0.00658	0.00396	0.00415	0.00801	0.05605	0.09134	0.05876	0.67042	0.02453	0.01118	0.00494	0.00156	0.00249	0.02631	0.00390	0.00382
16	0.00580	0.00413	0.00525	0.00496	0.00597	0.00377	0.00372	0.00757	0.01101	0.02889	0.70707	0.04232	0.12298	0.00836	0.00469	0.00127	0.00194	0.00733	0.01920	0.00378
17	0.00573	0.00428	0.00637	0.00637	0.00707	0.00497	0.00492	0.00712	0.00642	0.00926	0.01081	0.01611	0.01018	0.05835	0.81510	0.00636	0.01051	0.00435	0.00216	0.00354
18	0.04809	0.00679	0.00897	0.00695	0.00993	0.00602	0.00573	0.03374	0.01131	0.75402	0.01522	0.01339	0.00969	0.00490	0.00392	0.00123	0.00335	0.00395	0.04622	0.00659
19	0.00772	0.00730	0.01217	0.77402	0.05115	0.00913	0.01103	0.01027	0.00794	0.01030	0.00703	0.01055	0.00537	0.00418	0.00456	0.00136	0.05605	0.00356	0.00179	0.00451
20	0.00553	0.00406	0.00518	0.00497	0.00592	0.00371	0.00370	0.00726	0.01090	0.01517	0.69907	0.08041	0.12182	0.00867	0.00475	0.00129	0.00193	0.00763	0.00430	0.00371
21	0.01169	0.00751	0.00858	0.00723	0.00940	0.00786	0.00576	0.31507	0.08672	0.14926	0.08417	0.13302	0.02956	0.00656	0.00418	0.00129	0.00332	0.03266	0.09062	0.00555
22	0.03470	0.00784	0.02978	0.03485	0.03431	0.05491	0.03155	0.21623	0.03096	0.05871	0.07900	0.26951	0.02595	0.03053	0.00482	0.00143	0.00367	0.02643	0.01999	0.00484
23	0.01552	0.03904	0.00927	0.00696	0.00976	0.00645	0.00572	0.03538	0.07302	0.62523	0.08938	0.01567	0.03921	0.00540	0.00407	0.00124	0.00327	0.00442	0.00466	0.00634
24	0.09259	0.09877	0.09151	0.00863	0.01109	0.22438	0.00753	0.10675	0.00995	0.03519	0.00887	0.02405	0.03988	0.00595	0.03834	0.00141	0.11779	0.01727	0.00244	0.05762

[dist]
# distance from previous block
# <min> <max>
4	7

[block]
# block no. 7 follows, 67 sequences, length 11
# corresponding to MSA columns:
# 357-367
name=unknown_H
#
# <colnr> <probs for GDERKNQSTAVLIFYWHMCP>
#	G	D	E	R	K	N	Q	S	T	A	V	L	I	F	Y	W	H	M	C	P
0	0.01011	0.00697	0.00826	0.00641	0.00931	0.00608	0.00511	0.05424	0.10433	0.15885	0.12257	0.01377	0.03230	0.00459	0.00362	0.00094	0.00298	0.00379	0.00342	0.44236
1	0.00804	0.02074	0.83828	0.01143	0.01736	0.00931	0.01482	0.01270	0.00847	0.01270	0.00720	0.00847	0.00508	0.00381	0.00381	0.00127	0.00593	0.00296	0.00169	0.00593
2	0.00490	0.00370	0.00453	0.00511	0.00571	0.00333	0.00353	0.00577	0.00836	0.01082	0.08448	0.56330	0.25879	0.01157	0.00498	0.00152	0.00221	0.01027	0.00377	0.00333
3	0.00924	0.01689	0.57257	0.01034	0.01507	0.00944	0.01209	0.13433	0.09169	0.01459	0.00846	0.00955	0.00619	0.00484	0.00470	0.06341	0.00525	0.00325	0.00228	0.00581
4	0.00733	0.00377	0.00387	0.00385	0.00478	0.00374	0.00288	0.00920	0.00865	0.01505	0.08055	0.01619	0.01255	0.00496	0.00296	0.00096	0.00187	0.00403	0.80907	0.00374
5	0.00622	0.00444	0.00563	0.00536	0.00643	0.00415	0.00403	0.00762	0.00920	0.03412	0.34595	0.04358	0.10634	0.14924	0.09157	0.00223	0.00345	0.09084	0.00355	0.07605
6	0.01195	0.50466	0.01691	0.00809	0.01093	0.20928	0.00718	0.09888	0.00990	0.01122	0.00631	0.00737	0.00549	0.00477	0.03046	0.00116	0.04573	0.00254	0.00206	0.00512
7	0.03358	0.00819	0.01004	0.00743	0.01082	0.00738	0.04501	0.19595	0.01134	0.17644	0.00940	0.00973	0.00688	0.00382	0.00349	0.00091	0.00357	0.00309	0.00324	0.44969
8	0.03113	0.08228	0.03179	0.00894	0.02315	0.02866	0.07974	0.21999	0.22441	0.12942	0.03452	0.03102	0.04661	0.00516	0.00400	0.00125	0.00401	0.00429	0.00362	0.00599
9	0.05524	0.00881	0.00909	0.00831	0.02834	0.04318	0.00628	0.07514	0.58176	0.01610	0.01403	0.01445	0.01100	0.07560	0.00562	0.00155	0.03171	0.00432	0.00365	0.00582
10	0.60904	0.00938	0.00856	0.06230	0.05279	0.11152	0.04614	0.01222	0.00769	0.01574	0.00598	0.00733	0.00473	0.00386	0.00322	0.00124	0.02884	0.00255	0.00232	0.00455

[dist]
# distance from previous block
# <min> <max>
2	6

[block]
# block no. 8 follows, 67 sequences, length 6
# corresponding to MSA columns:
# 375-380
name=unknown_I
#
# <colnr> <probs for GDERKNQSTAVLIFYWHMCP>
#	G	D	E	R	K	N	Q	S	T	A	V	L	I	F	Y	W	H	M	C	P
0	0.61693	0.01025	0.00718	0.00648	0.00876	0.21007	0.00513	0.01252	0.00823	0.01589	0.06172	0.00828	0.00681	0.00413	0.00291	0.00119	0.00402	0.00262	0.00251	0.00438
1	0.00661	0.00501	0.00591	0.00598	0.00671	0.00535	0.00420	0.00977	0.20484	0.01097	0.01623	0.24046	0.01707	0.29946	0.10077	0.00286	0.00404	0.04679	0.00320	0.00378
2	0.67674	0.00860	0.00738	0.00623	0.00889	0.00983	0.00514	0.20716	0.00973	0.01975	0.00656	0.00727	0.00494	0.00399	0.00285	0.00123	0.00342	0.00252	0.00285	0.00494
3	0.00951	0.03254	0.19987	0.00808	0.01143	0.00821	0.00777	0.21930	0.01106	0.01564	0.03833	0.11022	0.03648	0.00531	0.00410	0.00112	0.02964	0.00428	0.00288	0.24424
4	0.00738	0.00540	0.00640	0.00636	0.00739	0.00548	0.00462	0.20246	0.01047	0.01391	0.02030	0.59832	0.07457	0.01053	0.00483	0.00151	0.00281	0.00933	0.00379	0.00413
5	0.01219	0.09168	0.07231	0.01256	0.21214	0.04576	0.02621	0.25199	0.05617	0.10431	0.04908	0.02950	0.00888	0.00463	0.00391	0.00119	0.00443	0.00384	0.00313	0.00611

[dist]
# distance from previous block
# <min> <max>
6	37

[block]
# block no. 9 follows, 67 sequences, length 11
# corresponding to MSA columns:
# 419-429
name=unknown_J
#
# <colnr> <probs for GDERKNQSTAVLIFYWHMCP>
#	G	D	E	R	K	N	Q	S	T	A	V	L	I	F	Y	W	H	M	C	P
0	0.00683	0.00444	0.00522	0.00498	0.00615	0.00421	0.00374	0.00911	0.06708	0.06109	0.35106	0.09593	0.16363	0.00778	0.00427	0.00124	0.00212	0.00669	0.19041	0.00401
1	0.03998	0.01135	0.04959	0.00932	0.03236	0.05101	0.00768	0.57454	0.05314	0.03700	0.00934	0.00958	0.00679	0.00459	0.00400	0.00117	0.01717	0.00344	0.00358	0.07440
2	0.00577	0.00453	0.00630	0.00642	0.00720	0.00436	0.05330	0.00756	0.07174	0.01117	0.05114	0.58442	0.05482	0.05091	0.00568	0.00166	0.00278	0.04334	0.00358	0.02334
3	0.25693	0.00907	0.01066	0.08543	0.07377	0.07153	0.07324	0.10661	0.00972	0.09661	0.02754	0.03228	0.00718	0.00448	0.00415	0.00123	0.05673	0.00346	0.00276	0.06660
4	0.00603	0.00445	0.00601	0.03830	0.02677	0.00463	0.00483	0.00699	0.00746	0.00996	0.01676	0.24412	0.01888	0.27351	0.05800	0.00264	0.03529	0.22904	0.00304	0.00330
5	0.01349	0.00619	0.00753	0.00618	0.00847	0.00592	0.00497	0.06870	0.07961	0.42911	0.01451	0.01395	0.01004	0.00489	0.00361	0.00114	0.00292	0.00395	0.30911	0.00571
6	0.02905	0.00763	0.02828	0.67503	0.06169	0.00882	0.03623	0.03244	0.00849	0.03707	0.00793	0.03583	0.00620	0.00427	0.00402	0.00133	0.00515	0.00381	0.00203	0.00470
7	0.00902	0.06329	0.12108	0.30240	0.09366	0.02481	0.06807	0.05586	0.02099	0.04308	0.00928	0.06308	0.02440	0.01476	0.00490	0.00135	0.06855	0.00411	0.00225	0.00506
8	0.00515	0.00380	0.00490	0.00557	0.00612	0.00345	0.00386	0.00599	0.00791	0.01053	0.02268	0.70351	0.08978	0.01175	0.00498	0.00156	0.00240	0.04836	0.00364	0.05407
9	0.00563	0.00426	0.00578	0.00701	0.05420	0.00410	0.00479	0.00700	0.03319	0.01099	0.02221	0.56379	0.08061	0.01137	0.00508	0.00162	0.00274	0.16836	0.00363	0.00363
10	0.02110	0.10684	0.04848	0.05788	0.02967	0.01833	0.00618	0.07173	0.00876	0.10408	0.01249	0.09284	0.01240	0.22473	0.01877	0.00207	0.05298	0.10340	0.00289	0.00437

[dist]
# distance from previous block
# <min> <max>
1	43

[block]
# block no. 10 follows, 67 sequences, length 6
# corresponding to MSA columns:
# 473-476,479,480
name=unknown_K
#
# <colnr> <probs for GDERKNQSTAVLIFYWHMCP>
#	G	D	E	R	K	N	Q	S	T	A	V	L	I	F	Y	W	H	M	C	P
0	0.00563	0.00394	0.00490	0.00517	0.00590	0.00360	0.00367	0.00668	0.00886	0.03959	0.21484	0.37049	0.18669	0.08411	0.00626	0.00168	0.00239	0.03834	0.00381	0.00347
1	0.00497	0.00353	0.00463	0.00548	0.00569	0.00331	0.00361	0.00561	0.00751	0.01002	0.02126	0.78216	0.02546	0.08830	0.00649	0.00183	0.00247	0.01090	0.00361	0.00318
2	0.01029	0.09626	0.22220	0.03238	0.10259	0.06753	0.04406	0.10682	0.02774	0.05213	0.00864	0.05010	0.00705	0.00425	0.00370	0.00111	0.00473	0.00348	0.00246	0.15250
3	0.00827	0.01044	0.22172	0.02762	0.07061	0.04736	0.06627	0.01132	0.07010	0.06784	0.03794	0.19531	0.09150	0.00739	0.02356	0.00148	0.00437	0.02903	0.00293	0.00493
4	0.00497	0.00363	0.00468	0.00535	0.00580	0.00334	0.00366	0.00586	0.00831	0.01106	0.12892	0.65974	0.11644	0.01174	0.00503	0.00155	0.00224	0.01054	0.00381	0.00334
5	0.41703	0.00791	0.00802	0.00655	0.00926	0.00841	0.00538	0.16291	0.01069	0.26476	0.05529	0.01053	0.00833	0.00454	0.00335	0.00124	0.00337	0.00328	0.00362	0.00551

[dist]
# distance from previous block
# <min> <max>
1	15

[block]
# block no. 11 follows, 67 sequences, length 20
# corresponding to MSA columns:
# 496-515
name=unknown_L
#
# <colnr> <probs for GDERKNQSTAVLIFYWHMCP>
#	G	D	E	R	K	N	Q	S	T	A	V	L	I	F	Y	W	H	M	C	P
0	0.16539	0.00817	0.01140	0.11736	0.25390	0.02089	0.02812	0.05978	0.00864	0.01351	0.03560	0.07400	0.00874	0.01736	0.02532	0.00151	0.12570	0.01725	0.00239	0.00498
1	0.06653	0.00464	0.00520	0.00507	0.00605	0.00459	0.00361	0.00872	0.06296	0.06129	0.13711	0.13526	0.12925	0.23266	0.00850	0.00200	0.00279	0.02455	0.09552	0.00369
2	0.11707	0.00913	0.06189	0.04354	0.09089	0.00796	0.15250	0.06434	0.00957	0.13895	0.00864	0.00969	0.00640	0.00370	0.00364	0.00107	0.00427	0.00330	0.00272	0.26074
3	0.00573	0.00384	0.00441	0.00451	0.00454	0.00382	0.00258	0.00580	0.00604	0.00805	0.01371	0.12020	0.01593	0.76325	0.01868	0.00363	0.00371	0.00646	0.00258	0.00252
4	0.00820	0.07012	0.79028	0.01116	0.01694	0.00970	0.01435	0.01266	0.00845	0.01251	0.00710	0.00835	0.00508	0.00379	0.00374	0.00125	0.00583	0.00292	0.00169	0.00588
5	0.00765	0.00546	0.00621	0.00575	0.00735	0.00539	0.00445	0.02797	0.18924	0.08919	0.21151	0.05908	0.30201	0.00812	0.00452	0.00134	0.00250	0.03771	0.02002	0.00453
6	0.01705	0.00681	0.00909	0.00707	0.01006	0.00602	0.00581	0.01911	0.05488	0.76115	0.01681	0.01468	0.04184	0.00519	0.00406	0.00125	0.00335	0.00423	0.00487	0.00667
7	0.00611	0.00455	0.00530	0.00499	0.00628	0.00421	0.00378	0.00842	0.07730	0.04408	0.42258	0.03155	0.34868	0.00863	0.00466	0.00131	0.00211	0.00739	0.00413	0.00395
8	0.88738	0.00776	0.00589	0.00527	0.00776	0.00900	0.00434	0.01179	0.00683	0.01799	0.00558	0.00651	0.00434	0.00372	0.00248	0.00124	0.00310	0.00217	0.00248	0.00434
9	0.00711	0.00579	0.00874	0.32550	0.07193	0.00632	0.00749	0.02308	0.00910	0.03330	0.13989	0.12304	0.09851	0.00716	0.00449	0.00140	0.00376	0.10075	0.01842	0.00423
10	0.01498	0.01911	0.01137	0.01033	0.01240	0.84295	0.00775	0.01601	0.01137	0.00982	0.00620	0.00723	0.00517	0.00413	0.00362	0.00103	0.00723	0.00258	0.00207	0.00465
11	0.88738	0.00776	0.00589	0.00527	0.00776	0.00900	0.00434	0.01179	0.00683	0.01799	0.00558	0.00651	0.00434	0.00372	0.00248	0.00124	0.00310	0.00217	0.00248	0.00434
12	0.00829	0.00748	0.01242	0.44260	0.29375	0.00832	0.01042	0.01061	0.00854	0.03268	0.02463	0.08596	0.02766	0.00486	0.00413	0.00131	0.00470	0.00445	0.00220	0.00501
13	0.00533	0.00403	0.00485	0.00475	0.00571	0.00363	0.00348	0.00676	0.01008	0.01354	0.47801	0.09693	0.28237	0.05592	0.00563	0.00146	0.00208	0.00787	0.00404	0.00354
14	0.00706	0.00377	0.00560	0.00551	0.00551	0.00395	0.00377	0.00546	0.00527	0.00711	0.00688	0.01201	0.00688	0.01356	0.01554	0.83630	0.04873	0.00348	0.00174	0.00188
15	0.00538	0.00404	0.00493	0.00484	0.00579	0.00366	0.00357	0.00685	0.01014	0.01370	0.49589	0.10129	0.24900	0.04969	0.00553	0.00145	0.00210	0.02450	0.00406	0.00357
16	0.03609	0.24059	0.04347	0.06006	0.29598	0.12047	0.00924	0.05651	0.00945	0.02271	0.00709	0.00870	0.00589	0.00388	0.00376	0.00110	0.03227	0.00301	0.03422	0.00550
17	0.04686	0.00810	0.00900	0.00734	0.00984	0.00858	0.00592	0.31320	0.13801	0.20530	0.01296	0.04314	0.00959	0.00516	0.00380	0.00121	0.00342	0.00410	0.15850	0.00598
18	0.17405	0.08513	0.23856	0.01101	0.14109	0.05046	0.00935	0.06856	0.04109	0.11913	0.00838	0.00909	0.00618	0.00401	0.00351	0.00119	0.00457	0.00306	0.00258	0.01902
19	0.02539	0.18288	0.17534	0.00978	0.02753	0.14683	0.05183	0.17775	0.10474	0.04790	0.00863	0.00917	0.00654	0.00420	0.00364	0.00115	0.00507	0.00318	0.00267	0.00578

[dist]
# distance from previous block
# <min> <max>
3	61

[block]
# block no. 12 follows, 67 sequences, length 11
# corresponding to MSA columns:
# 580-590
name=unknown_M
#
# <colnr> <probs for GDERKNQSTAVLIFYWHMCP>
#	G	D	E	R	K	N	Q	S	T	A	V	L	I	F	Y	W	H	M	C	P
0	0.00869	0.00696	0.00766	0.00705	0.00887	0.00765	0.00541	0.01628	0.51979	0.04749	0.15119	0.10282	0.07925	0.00693	0.00434	0.00137	0.00281	0.00593	0.00411	0.00542
1	0.00500	0.00383	0.00460	0.00499	0.00577	0.00343	0.00356	0.00605	0.00885	0.01145	0.15969	0.39860	0.32513	0.01093	0.00493	0.00147	0.00219	0.03229	0.00383	0.00340
2	0.03763	0.00736	0.06249	0.00775	0.02708	0.00612	0.03463	0.01588	0.03535	0.50757	0.03493	0.07338	0.01177	0.00643	0.02992	0.00145	0.00375	0.04063	0.04998	0.00590
3	0.00728	0.00436	0.00537	0.00516	0.00638	0.00397	0.00395	0.00880	0.00992	0.11943	0.29297	0.12023	0.19871	0.00841	0.00448	0.00132	0.00230	0.06671	0.12625	0.00402
4	0.30651	0.00635	0.00688	0.02199	0.02964	0.00676	0.00499	0.05745	0.00891	0.13381	0.07379	0.02725	0.07945	0.00936	0.13624	0.00207	0.00426	0.02222	0.05749	0.00459
5	0.03084	0.03400	0.01338	0.50974	0.09850	0.07431	0.08844	0.01208	0.03808	0.05124	0.00786	0.01043	0.00594	0.00399	0.00397	0.00128	0.00532	0.00358	0.00210	0.00494
6	0.01066	0.00698	0.07681	0.00648	0.00857	0.00593	0.00552	0.08577	0.04837	0.24038	0.08196	0.08390	0.01342	0.06711	0.05410	0.00170	0.00363	0.00487	0.18879	0.00504
7	0.00495	0.00378	0.00446	0.00488	0.00558	0.00339	0.00338	0.00582	0.00840	0.01075	0.09048	0.42438	0.33647	0.06682	0.00595	0.00164	0.00228	0.00959	0.00369	0.00329
8	0.00935	0.03858	0.10239	0.16159	0.19757	0.03199	0.13156	0.01246	0.06197	0.07429	0.04122	0.05878	0.03656	0.00489	0.00417	0.00129	0.00479	0.01862	0.00255	0.00537
9	0.08468	0.06451	0.23748	0.07686	0.10892	0.07203	0.04869	0.04792	0.03064	0.14114	0.00925	0.02517	0.00707	0.00437	0.00380	0.00124	0.00491	0.02310	0.00260	0.00565
10	0.03609	0.04719	0.00713	0.03566	0.00807	0.00641	0.00473	0.04344	0.16330	0.09500	0.11648	0.02872	0.03730	0.03547	0.00425	0.00127	0.00278	0.02790	0.29410	0.00470

[dist]
# distance from previous block
# <min> <max>
0	83

# created by:
# /home/cegg/simao/soft/augustus-3.2.1/scripts/msa2prfl.pl ./align_prep/EOG092C4V3H.fa
