[name]
unknown

[dist]
# distance from previous block
# <min> <max>
0	91

[block]
# block no. 0 follows, 76 sequences, length 6
# corresponding to MSA columns:
# 91-96
name=unknown_A
#
# <colnr> <probs for GDERKNQSTAVLIFYWHMCP>
#	G	D	E	R	K	N	Q	S	T	A	V	L	I	F	Y	W	H	M	C	P
0	0.00709	0.00624	0.00655	0.00701	0.00804	0.12554	0.00585	0.00922	0.06975	0.01080	0.01704	0.09016	0.01810	0.00886	0.00465	0.00152	0.00368	0.59309	0.00317	0.00362
1	0.11845	0.09925	0.01377	0.00973	0.01239	0.14641	0.30477	0.05543	0.00924	0.05997	0.12623	0.01094	0.00941	0.00399	0.00360	0.00110	0.00465	0.00368	0.00242	0.00458
2	0.00572	0.00390	0.00505	0.00501	0.00572	0.00411	0.00373	0.04254	0.00706	0.01007	0.05577	0.10200	0.10744	0.06478	0.34920	0.08570	0.00533	0.00501	0.12874	0.00314
3	0.00656	0.00432	0.00547	0.00486	0.00624	0.00377	0.00370	0.00807	0.00946	0.10407	0.49857	0.09538	0.09565	0.00693	0.00402	0.00109	0.00205	0.00604	0.00369	0.13007
4	0.22765	0.00798	0.02722	0.24836	0.05529	0.09166	0.00689	0.01076	0.00750	0.07491	0.00672	0.00839	0.00522	0.00463	0.04074	0.00127	0.03936	0.00273	0.00211	0.13059
5	0.22493	0.00903	0.01021	0.25598	0.17546	0.12524	0.00794	0.12749	0.00900	0.01335	0.00640	0.00807	0.00497	0.00361	0.00324	0.00111	0.00437	0.00281	0.00212	0.00467

[dist]
# distance from previous block
# <min> <max>
7	17

[block]
# block no. 1 follows, 76 sequences, length 18
# corresponding to MSA columns:
# 114-131
name=unknown_B
#
# <colnr> <probs for GDERKNQSTAVLIFYWHMCP>
#	G	D	E	R	K	N	Q	S	T	A	V	L	I	F	Y	W	H	M	C	P
0	0.00431	0.00362	0.00374	0.00384	0.00495	0.00305	0.00283	0.00520	0.00813	0.00976	0.03487	0.13208	0.75228	0.00946	0.00434	0.00126	0.00187	0.00798	0.00337	0.00305
1	0.01358	0.01732	0.01030	0.00936	0.01124	0.85768	0.00702	0.01451	0.01030	0.00890	0.00562	0.00655	0.00468	0.00375	0.00328	0.00094	0.00655	0.00234	0.00187	0.00421
2	0.00754	0.00620	0.00722	0.00527	0.00830	0.00470	0.00420	0.00908	0.00770	0.03991	0.00948	0.01019	0.08185	0.00334	0.00287	0.00062	0.00263	0.00270	0.00234	0.78386
3	0.01392	0.00679	0.00842	0.00659	0.00914	0.00648	0.00539	0.21781	0.01190	0.51865	0.08987	0.01424	0.06378	0.00503	0.00375	0.00112	0.00311	0.00408	0.00417	0.00574
4	0.00904	0.00781	0.00822	0.00740	0.00945	0.00904	0.00575	0.01931	0.84303	0.01520	0.01479	0.01356	0.01109	0.00493	0.00370	0.00123	0.00288	0.00411	0.00370	0.00575
5	0.00450	0.00322	0.00417	0.00490	0.00514	0.00301	0.00324	0.00509	0.00687	0.00910	0.02003	0.75481	0.06100	0.08927	0.00588	0.00165	0.00222	0.00975	0.00327	0.00289
6	0.01306	0.00981	0.01048	0.00821	0.01098	0.01092	0.00673	0.70844	0.14736	0.02169	0.00968	0.00949	0.00696	0.00445	0.00365	0.00111	0.00382	0.00340	0.00365	0.00611
7	0.89794	0.00703	0.00534	0.00478	0.00703	0.00815	0.00394	0.01068	0.00619	0.01631	0.00506	0.00590	0.00394	0.00337	0.00225	0.00112	0.00281	0.00197	0.00225	0.00394
8	0.03285	0.00571	0.00755	0.00597	0.00841	0.00499	0.00487	0.01524	0.01011	0.66630	0.10736	0.01590	0.08767	0.00522	0.00375	0.00114	0.00282	0.00430	0.00429	0.00555
9	0.00615	0.00641	0.00501	0.00482	0.00617	0.17400	0.00361	0.00708	0.00869	0.00963	0.03058	0.02929	0.67942	0.00811	0.00409	0.00117	0.00278	0.00660	0.00307	0.00330
10	0.00972	0.87446	0.01905	0.00622	0.00933	0.01438	0.00622	0.01088	0.00738	0.00855	0.00505	0.00583	0.00466	0.00311	0.00233	0.00078	0.00389	0.00194	0.00155	0.00466
11	0.00506	0.00381	0.00469	0.00445	0.00542	0.00350	0.00334	0.00682	0.03139	0.01355	0.64802	0.02852	0.21246	0.00776	0.00427	0.00116	0.00177	0.00675	0.00386	0.00341
12	0.00435	0.00368	0.00376	0.00374	0.00494	0.00309	0.00280	0.00532	0.00841	0.01012	0.08768	0.03449	0.79707	0.00909	0.00429	0.00122	0.00183	0.00760	0.00341	0.00309
13	0.00514	0.00372	0.00486	0.00457	0.00543	0.00343	0.00343	0.00686	0.01029	0.01457	0.84768	0.02715	0.03429	0.00743	0.00429	0.00114	0.00171	0.00657	0.00400	0.00343
14	0.00494	0.00371	0.00457	0.00436	0.00530	0.00334	0.00327	0.00646	0.00980	0.01342	0.65090	0.02905	0.23179	0.00786	0.00429	0.00116	0.00175	0.00684	0.00385	0.00334
15	0.00792	0.03171	0.57350	0.01278	0.14549	0.00875	0.12717	0.02961	0.00809	0.01178	0.00671	0.00816	0.00495	0.00338	0.00357	0.00114	0.00526	0.00299	0.00166	0.00537
16	0.05240	0.11308	0.01478	0.17121	0.02939	0.05529	0.25399	0.04875	0.02290	0.01088	0.00635	0.00855	0.00514	0.00402	0.00534	0.00122	0.18705	0.00329	0.00185	0.00452
17	0.00822	0.02899	0.30521	0.02195	0.06374	0.00726	0.08361	0.01127	0.04461	0.05984	0.00752	0.00886	0.00578	0.00339	0.00341	0.00096	0.01538	0.01352	0.00208	0.30439

[dist]
# distance from previous block
# <min> <max>
0	37

[block]
# block no. 2 follows, 76 sequences, length 11
# corresponding to MSA columns:
# 169-179
name=unknown_C
#
# <colnr> <probs for GDERKNQSTAVLIFYWHMCP>
#	G	D	E	R	K	N	Q	S	T	A	V	L	I	F	Y	W	H	M	C	P
0	0.05702	0.60970	0.01528	0.00623	0.00885	0.04452	0.00579	0.03016	0.05187	0.00973	0.00747	0.04181	0.02923	0.00545	0.06237	0.00123	0.00416	0.00273	0.00192	0.00449
1	0.65661	0.00718	0.03750	0.00554	0.02068	0.00773	0.00455	0.01103	0.09131	0.01520	0.02121	0.03580	0.03305	0.00491	0.03388	0.00132	0.00312	0.00282	0.00245	0.00411
2	0.00931	0.09564	0.30053	0.02673	0.01206	0.07723	0.00863	0.11405	0.22432	0.02960	0.05905	0.01035	0.00834	0.00420	0.00347	0.00111	0.00424	0.00329	0.00258	0.00528
3	0.00463	0.00340	0.00469	0.05801	0.00657	0.00331	0.00388	0.00541	0.00703	0.00934	0.01917	0.78674	0.02274	0.01086	0.00459	0.00147	0.00232	0.03955	0.00326	0.00303
4	0.01195	0.00671	0.00920	0.13601	0.03891	0.02180	0.01643	0.08118	0.01984	0.40578	0.03857	0.03559	0.00902	0.00623	0.05706	0.00148	0.07816	0.01754	0.00335	0.00520
5	0.00747	0.00426	0.00435	0.00410	0.00520	0.00445	0.00314	0.06624	0.08565	0.01434	0.01191	0.01322	0.00927	0.00431	0.00272	0.00090	0.00196	0.00345	0.74926	0.00380
6	0.01302	0.00978	0.01046	0.00820	0.01097	0.01090	0.00671	0.70050	0.15536	0.02162	0.00974	0.00954	0.00700	0.00446	0.00365	0.00111	0.00381	0.00341	0.00365	0.00611
7	0.00767	0.06808	0.07616	0.00584	0.00923	0.00580	0.00517	0.00946	0.00754	0.01159	0.00637	0.00743	0.00527	0.00278	0.00273	0.00060	0.00299	0.00218	0.00206	0.76105
8	0.00548	0.00345	0.00411	0.00411	0.00411	0.00345	0.00238	0.00518	0.00518	0.00691	0.01047	0.02135	0.01189	0.70785	0.01768	0.17389	0.00345	0.00488	0.00208	0.00208
9	0.00808	0.00834	0.01330	0.01076	0.01153	0.01072	0.18235	0.00936	0.00620	0.00936	0.00531	0.00834	0.00493	0.00567	0.01032	0.00151	0.68468	0.00341	0.00164	0.00417
10	0.00493	0.00361	0.00463	0.00458	0.00535	0.00331	0.00335	0.00637	0.00949	0.01315	0.61818	0.18178	0.11109	0.00832	0.00435	0.00121	0.00180	0.00737	0.00383	0.00331

[dist]
# distance from previous block
# <min> <max>
22	74

[block]
# block no. 3 follows, 76 sequences, length 18
# corresponding to MSA columns:
# 264-281
name=unknown_D
#
# <colnr> <probs for GDERKNQSTAVLIFYWHMCP>
#	G	D	E	R	K	N	Q	S	T	A	V	L	I	F	Y	W	H	M	C	P
0	0.00500	0.00399	0.00499	0.00544	0.06205	0.00360	0.00367	0.00634	0.00908	0.01204	0.39543	0.09160	0.36713	0.00817	0.00427	0.00120	0.00197	0.00708	0.00355	0.00340
1	0.09513	0.07710	0.00930	0.00626	0.00923	0.00667	0.06161	0.07762	0.00844	0.01309	0.06311	0.00881	0.00721	0.00327	0.00291	0.00075	0.00308	0.00265	0.00234	0.54140
2	0.00896	0.24351	0.17251	0.02006	0.04587	0.05144	0.05487	0.06579	0.00832	0.05918	0.00805	0.01090	0.00687	0.00749	0.13114	0.00176	0.01806	0.05825	0.00210	0.02489
3	0.02621	0.42024	0.16783	0.00768	0.01099	0.11087	0.00766	0.14750	0.00949	0.05160	0.00643	0.00704	0.00510	0.00352	0.00292	0.00094	0.00443	0.00242	0.00208	0.00505
4	0.00547	0.06331	0.00589	0.00549	0.00620	0.00427	0.00422	0.00659	0.00770	0.02280	0.14034	0.39566	0.02171	0.03089	0.08340	0.00186	0.00319	0.18453	0.00319	0.00328
5	0.00641	0.00713	0.09284	0.02469	0.02134	0.00572	0.26523	0.00835	0.00814	0.03156	0.06317	0.22084	0.21533	0.00685	0.00426	0.00127	0.00370	0.00646	0.00272	0.00399
6	0.01993	0.00809	0.00872	0.00768	0.00960	0.09084	0.06142	0.04000	0.49117	0.05643	0.02621	0.14052	0.01203	0.00563	0.00382	0.00123	0.00337	0.00484	0.00337	0.00510
7	0.16027	0.01035	0.07816	0.00793	0.01093	0.01052	0.00694	0.63319	0.01451	0.02089	0.00794	0.00817	0.00568	0.00412	0.00339	0.00110	0.00391	0.00301	0.00324	0.00574
8	0.00697	0.00579	0.00693	0.00531	0.00784	0.00467	0.00414	0.00838	0.00706	0.01087	0.00744	0.01013	0.00670	0.09132	0.13205	0.00162	0.00383	0.00272	0.00213	0.67410
9	0.00663	0.00593	0.06228	0.00538	0.00677	0.07285	0.00436	0.00792	0.00872	0.09302	0.19672	0.22635	0.27300	0.00806	0.00417	0.00123	0.00262	0.00692	0.00337	0.00367
10	0.00799	0.00744	0.00646	0.00603	0.00733	0.21490	0.00454	0.03046	0.02298	0.05794	0.29587	0.14030	0.12772	0.00697	0.00401	0.00115	0.00320	0.02563	0.00326	0.02583
11	0.06672	0.00888	0.02959	0.00978	0.07914	0.00923	0.12234	0.37573	0.11687	0.04342	0.01015	0.09356	0.00833	0.00477	0.00374	0.00117	0.00392	0.00412	0.00311	0.00544
12	0.00838	0.00628	0.00833	0.00643	0.00903	0.02192	0.08557	0.00990	0.00808	0.13624	0.01178	0.13920	0.06546	0.00476	0.00340	0.00089	0.00302	0.00418	0.00273	0.46443
13	0.01037	0.06636	0.02220	0.00686	0.02665	0.00744	0.00546	0.23258	0.11292	0.17261	0.12858	0.11172	0.05311	0.00578	0.00377	0.00115	0.00304	0.00481	0.01952	0.00506
14	0.01940	0.03205	0.01032	0.03775	0.08149	0.03103	0.04228	0.36698	0.05665	0.13106	0.01036	0.04062	0.01556	0.08934	0.00512	0.00136	0.00388	0.01627	0.00318	0.00531
15	0.01016	0.04973	0.05479	0.00895	0.10513	0.02208	0.01748	0.36184	0.01202	0.03429	0.02493	0.01497	0.12195	0.00513	0.00370	0.00110	0.00367	0.07024	0.00301	0.07481
16	0.00777	0.04810	0.04899	0.00685	0.06588	0.02518	0.00519	0.06965	0.00826	0.03175	0.01130	0.08590	0.09004	0.07473	0.00448	0.00107	0.00312	0.00386	0.00246	0.40542
17	0.04822	0.14410	0.16733	0.05824	0.08512	0.00861	0.11700	0.06624	0.02161	0.02993	0.03232	0.03350	0.01525	0.00372	0.00332	0.00100	0.00414	0.00320	0.00212	0.15502

[dist]
# distance from previous block
# <min> <max>
22	330

[block]
# block no. 4 follows, 76 sequences, length 8
# corresponding to MSA columns:
# 723-730
name=unknown_E
#
# <colnr> <probs for GDERKNQSTAVLIFYWHMCP>
#	G	D	E	R	K	N	Q	S	T	A	V	L	I	F	Y	W	H	M	C	P
0	0.29417	0.00738	0.06098	0.04846	0.05606	0.00680	0.06020	0.04381	0.00753	0.02405	0.02815	0.03989	0.00706	0.06636	0.00409	0.00118	0.00335	0.00312	0.03944	0.19790
1	0.01019	0.49865	0.07248	0.04893	0.01129	0.14063	0.03641	0.06793	0.06371	0.01036	0.00628	0.00710	0.00523	0.00346	0.00286	0.00091	0.00446	0.00243	0.00190	0.00480
2	0.00606	0.06121	0.00727	0.00696	0.06746	0.00523	0.03255	0.00751	0.04181	0.03093	0.06840	0.34789	0.10082	0.04518	0.09169	0.00186	0.03945	0.03118	0.00290	0.00362
3	0.00695	0.10084	0.10395	0.12722	0.04250	0.04555	0.00673	0.00932	0.06324	0.01085	0.12645	0.07082	0.06631	0.05072	0.00466	0.00135	0.00362	0.15226	0.00264	0.00402
4	0.00645	0.08480	0.05953	0.03529	0.04219	0.00587	0.00518	0.07169	0.06859	0.01140	0.08124	0.38791	0.10977	0.00799	0.00407	0.00127	0.00280	0.00699	0.00306	0.00391
5	0.04011	0.41144	0.05907	0.08765	0.05003	0.01086	0.08603	0.03667	0.00759	0.01007	0.00622	0.00840	0.00550	0.06603	0.00440	0.00113	0.04101	0.00274	0.00178	0.06328
6	0.00780	0.05778	0.04194	0.04066	0.00837	0.00542	0.00539	0.04698	0.01972	0.13001	0.06936	0.07643	0.10192	0.06974	0.00521	0.00147	0.00317	0.27003	0.00320	0.03540
7	0.11261	0.16020	0.09585	0.05556	0.01020	0.02919	0.00640	0.04431	0.18605	0.11076	0.01005	0.07198	0.00833	0.02910	0.03875	0.00138	0.01815	0.00361	0.00269	0.00481

[dist]
# distance from previous block
# <min> <max>
82	526

[block]
# block no. 5 follows, 76 sequences, length 37
# corresponding to MSA columns:
# 1479-1515
name=unknown_F
#
# <colnr> <probs for GDERKNQSTAVLIFYWHMCP>
#	G	D	E	R	K	N	Q	S	T	A	V	L	I	F	Y	W	H	M	C	P
0	0.15234	0.02955	0.07303	0.08547	0.09027	0.03217	0.02100	0.13584	0.08200	0.07811	0.02752	0.02575	0.02574	0.01432	0.00348	0.00109	0.00366	0.00326	0.00264	0.11277
1	0.08591	0.00854	0.04639	0.03309	0.02793	0.03942	0.06012	0.20225	0.15134	0.11024	0.04267	0.03306	0.00857	0.00459	0.01063	0.00113	0.01580	0.01239	0.00305	0.10286
2	0.03634	0.00831	0.05589	0.07634	0.12726	0.03275	0.06247	0.16050	0.05357	0.18189	0.06051	0.02292	0.03277	0.01608	0.01487	0.00120	0.00391	0.00375	0.00298	0.04569
3	0.19259	0.03694	0.05807	0.03669	0.17913	0.03259	0.03778	0.10746	0.05602	0.07940	0.03794	0.02791	0.00728	0.01544	0.00374	0.00113	0.02906	0.00324	0.00253	0.05508
4	0.03258	0.24351	0.13180	0.01655	0.02910	0.06343	0.05941	0.08359	0.06210	0.04274	0.06557	0.02071	0.03868	0.00547	0.05039	0.00129	0.01723	0.00334	0.00233	0.03020
5	0.06628	0.07188	0.04025	0.02585	0.06700	0.02708	0.04769	0.12315	0.06662	0.04477	0.00996	0.09251	0.03842	0.00448	0.00343	0.00099	0.01362	0.00371	0.01335	0.23897
6	0.09349	0.07777	0.04925	0.04151	0.23508	0.15830	0.03981	0.07470	0.07240	0.03020	0.00721	0.00842	0.00575	0.00406	0.01906	0.00113	0.02279	0.00290	0.00218	0.05400
7	0.00793	0.02076	0.01207	0.34054	0.32718	0.00797	0.04149	0.01060	0.05742	0.02643	0.03978	0.02455	0.00724	0.00449	0.02875	0.00127	0.00445	0.00355	0.00201	0.03152
8	0.01049	0.16228	0.01211	0.06186	0.05723	0.29607	0.04364	0.05579	0.12579	0.01089	0.03446	0.00910	0.00689	0.02063	0.00433	0.00111	0.07749	0.00302	0.00219	0.00463
9	0.00516	0.00383	0.00548	0.00546	0.00608	0.00429	0.00414	0.00633	0.00622	0.00881	0.07187	0.01715	0.05091	0.11066	0.67068	0.00505	0.00815	0.00441	0.00219	0.00314
10	0.01162	0.00552	0.00687	0.00561	0.00766	0.00502	0.00445	0.08160	0.00997	0.45289	0.07217	0.01866	0.18111	0.08203	0.00509	0.00135	0.00281	0.00476	0.03589	0.00492
11	0.00842	0.00791	0.01333	0.06942	0.70035	0.00804	0.01013	0.01040	0.00789	0.01121	0.00729	0.01036	0.00640	0.06732	0.04498	0.00149	0.00455	0.00342	0.00182	0.00528
12	0.00977	0.00799	0.00843	0.00735	0.00949	0.00913	0.00578	0.16492	0.64950	0.01649	0.01355	0.01270	0.01012	0.00479	0.00362	0.00119	0.00301	0.00392	0.05256	0.00570
13	0.00450	0.00328	0.00418	0.00487	0.00522	0.00303	0.00330	0.00517	0.00708	0.00927	0.02168	0.69245	0.12853	0.05840	0.00537	0.00156	0.00219	0.03366	0.00331	0.00294
14	0.00698	0.00654	0.01073	0.71512	0.09233	0.00788	0.00962	0.00958	0.03745	0.00974	0.00846	0.01116	0.05151	0.00395	0.00367	0.00120	0.00456	0.00351	0.00180	0.00419
15	0.00443	0.00316	0.00422	0.00506	0.00527	0.00295	0.00337	0.00506	0.00696	0.00928	0.02003	0.86990	0.02404	0.01139	0.00464	0.00148	0.00211	0.01033	0.00337	0.00295
16	0.02386	0.05670	0.00915	0.00757	0.00971	0.11091	0.00596	0.05849	0.64358	0.01448	0.01271	0.01194	0.00962	0.00464	0.00355	0.00116	0.00343	0.00370	0.00334	0.00550
17	0.01353	0.01028	0.01090	0.00845	0.01119	0.03503	0.00696	0.77528	0.01635	0.02184	0.00845	0.00863	0.00607	0.00444	0.00402	0.00111	0.04471	0.00324	0.00349	0.00602
18	0.00933	0.50302	0.23180	0.00862	0.06548	0.03688	0.02007	0.05660	0.00816	0.01043	0.00588	0.00684	0.00488	0.00331	0.00283	0.00092	0.00438	0.00235	0.01324	0.00497
19	0.05733	0.01073	0.12005	0.01415	0.01795	0.00904	0.69221	0.01157	0.00834	0.01188	0.00713	0.00933	0.00532	0.00313	0.00408	0.00121	0.00585	0.00397	0.00182	0.00490
20	0.00446	0.00319	0.00426	0.00510	0.00533	0.00298	0.00344	0.00512	0.00699	0.00932	0.02001	0.84894	0.02396	0.01135	0.00465	0.00148	0.00214	0.03093	0.00337	0.00296
21	0.00913	0.00876	0.02595	0.08815	0.60323	0.00885	0.07827	0.08324	0.00893	0.01253	0.00714	0.00948	0.00587	0.00351	0.00383	0.00112	0.02032	0.01422	0.00196	0.00551
22	0.02499	0.03471	0.02743	0.00955	0.14991	0.01881	0.04569	0.21396	0.03521	0.17308	0.01046	0.01221	0.00804	0.01743	0.00370	0.00112	0.00354	0.04586	0.15909	0.00522
23	0.00465	0.00332	0.00447	0.00531	0.00562	0.00314	0.00376	0.00544	0.00718	0.00953	0.01991	0.74179	0.02356	0.01118	0.00470	0.00151	0.00230	0.13626	0.00337	0.00301
24	0.15020	0.21716	0.02787	0.00894	0.08068	0.40447	0.00678	0.02957	0.00882	0.01060	0.00563	0.00663	0.00473	0.00353	0.00300	0.00095	0.01308	0.00231	0.01057	0.00446
25	0.00443	0.00316	0.00422	0.00506	0.00527	0.00295	0.00337	0.00506	0.00696	0.00928	0.02003	0.86990	0.02404	0.01139	0.00464	0.00148	0.00211	0.01033	0.00337	0.00295
26	0.00930	0.00937	0.01356	0.08569	0.50973	0.09939	0.05821	0.02620	0.06805	0.01154	0.00716	0.00908	0.00587	0.00368	0.00422	0.00113	0.06731	0.00326	0.00195	0.00528
27	0.00747	0.00670	0.03932	0.01763	0.11006	0.02082	0.03033	0.05780	0.01590	0.02678	0.00825	0.02054	0.00716	0.01235	0.32468	0.00273	0.01442	0.00325	0.00215	0.27166
28	0.89794	0.00703	0.00534	0.00478	0.00703	0.00815	0.00394	0.01068	0.00619	0.01631	0.00506	0.00590	0.00394	0.00337	0.00225	0.00112	0.00281	0.00197	0.00225	0.00394
29	0.00893	0.01124	0.33198	0.03456	0.12764	0.00699	0.01544	0.02856	0.02158	0.14968	0.05862	0.01181	0.03278	0.00416	0.00356	0.00108	0.00406	0.02983	0.00247	0.11502
30	0.01358	0.01732	0.01030	0.00936	0.01124	0.85768	0.00702	0.01451	0.01030	0.00890	0.00562	0.00655	0.00468	0.00375	0.00328	0.00094	0.00655	0.00234	0.00187	0.00421
31	0.00976	0.17501	0.12748	0.00927	0.07264	0.02895	0.06404	0.15854	0.20857	0.02273	0.00897	0.00977	0.00698	0.00394	0.00337	0.00105	0.00402	0.01795	0.00258	0.06438
32	0.00479	0.00363	0.00448	0.00486	0.00563	0.00332	0.00368	0.00591	0.00824	0.01069	0.16852	0.29226	0.28802	0.00974	0.00454	0.00138	0.00220	0.17146	0.00348	0.00315
33	0.01012	0.00822	0.03174	0.00873	0.09828	0.00859	0.00641	0.31213	0.25185	0.04015	0.07404	0.01431	0.09568	0.00510	0.00374	0.00115	0.00330	0.00419	0.01683	0.00543
34	0.00528	0.00353	0.00401	0.00401	0.00402	0.00355	0.00226	0.00531	0.00530	0.00708	0.01141	0.02356	0.01312	0.85245	0.03819	0.00358	0.00367	0.00525	0.00220	0.00223
35	0.02736	0.00910	0.01138	0.01239	0.26995	0.00989	0.00790	0.37942	0.20345	0.01761	0.00947	0.00987	0.00714	0.00413	0.00361	0.00112	0.00382	0.00343	0.00306	0.00591
36	0.00541	0.00389	0.00488	0.00467	0.00559	0.00361	0.00348	0.03349	0.00982	0.02765	0.59422	0.13353	0.14004	0.00802	0.00430	0.00119	0.00188	0.00704	0.00384	0.00346

[dist]
# distance from previous block
# <min> <max>
2	7

[block]
# block no. 6 follows, 76 sequences, length 85
# corresponding to MSA columns:
# 1523-1607
name=unknown_G
#
# <colnr> <probs for GDERKNQSTAVLIFYWHMCP>
#	G	D	E	R	K	N	Q	S	T	A	V	L	I	F	Y	W	H	M	C	P
0	0.01414	0.00682	0.00976	0.00859	0.09551	0.00625	0.05231	0.08329	0.01054	0.59177	0.04090	0.01259	0.03028	0.00447	0.00371	0.00112	0.00338	0.00380	0.00393	0.01685
1	0.00809	0.00679	0.00950	0.05571	0.01937	0.00717	0.13789	0.01363	0.36966	0.06244	0.14099	0.04036	0.08094	0.01574	0.00414	0.00125	0.00327	0.01494	0.00330	0.00483
2	0.00626	0.00353	0.00397	0.00399	0.00484	0.00337	0.00294	0.00772	0.00813	0.04213	0.16109	0.15276	0.08133	0.00632	0.00335	0.00104	0.00182	0.00538	0.49662	0.00340
3	0.00960	0.07595	0.08057	0.04262	0.02914	0.02211	0.09846	0.15851	0.31730	0.02656	0.02608	0.01096	0.01791	0.00430	0.00382	0.00114	0.02720	0.00360	0.00288	0.04131
4	0.07905	0.00734	0.00889	0.00687	0.00966	0.00717	0.00567	0.24216	0.01193	0.56445	0.01213	0.01091	0.00786	0.00438	0.00355	0.00112	0.00332	0.00343	0.00410	0.00602
5	0.00920	0.01831	0.01030	0.16469	0.17706	0.16045	0.00768	0.07903	0.10163	0.02080	0.01940	0.01060	0.00710	0.03853	0.10911	0.00179	0.04551	0.00336	0.01082	0.00462
6	0.00481	0.00364	0.00452	0.00504	0.00579	0.00335	0.00387	0.00587	0.00790	0.01007	0.05076	0.32881	0.30046	0.01015	0.00462	0.00144	0.00236	0.24001	0.00339	0.00312
7	0.00528	0.00369	0.00495	0.00495	0.00528	0.00402	0.00343	0.00587	0.00554	0.00772	0.01035	0.01840	0.01081	0.40562	0.44328	0.04492	0.00665	0.00448	0.00204	0.00270
8	0.00478	0.00343	0.00453	0.01928	0.00554	0.00332	0.00342	0.00562	0.00733	0.00998	0.18322	0.51396	0.02327	0.12812	0.06489	0.00198	0.00279	0.00834	0.00321	0.00298
9	0.00631	0.00316	0.00473	0.00473	0.00473	0.00316	0.00316	0.00473	0.00473	0.00631	0.00631	0.01105	0.00631	0.01263	0.01420	0.89426	0.00316	0.00316	0.00158	0.00158
10	0.01998	0.16852	0.06471	0.25271	0.28378	0.07262	0.00943	0.02740	0.00799	0.01045	0.00636	0.00858	0.00525	0.00358	0.00365	0.00108	0.03634	0.01099	0.00174	0.00483
11	0.00903	0.05508	0.00924	0.00734	0.00856	0.01648	0.02250	0.18198	0.00850	0.06705	0.00779	0.01028	0.00663	0.01088	0.18883	0.13719	0.21830	0.00333	0.02691	0.00411
12	0.01826	0.39606	0.08342	0.00801	0.04412	0.15216	0.00701	0.02328	0.18756	0.02485	0.00782	0.00850	0.00639	0.00377	0.00300	0.00097	0.00422	0.01348	0.00218	0.00495
13	0.00777	0.19962	0.04906	0.00624	0.00820	0.01657	0.01816	0.01138	0.20548	0.04540	0.25919	0.01687	0.06774	0.02636	0.02721	0.00128	0.02150	0.00448	0.00305	0.00444
14	0.00790	0.00712	0.01015	0.05702	0.14458	0.00628	0.07789	0.03249	0.00792	0.01183	0.00709	0.03796	0.00608	0.00330	0.00336	0.00080	0.02540	0.00291	0.00211	0.54782
15	0.00462	0.00369	0.00413	0.00404	0.00511	0.00320	0.00302	0.00583	0.00901	0.01159	0.34029	0.04599	0.52949	0.00858	0.00430	0.00120	0.00180	0.00730	0.00361	0.00320
16	0.00511	0.00370	0.00466	0.00442	0.00532	0.00339	0.00332	0.00673	0.00995	0.01398	0.72104	0.02754	0.12805	0.00751	0.00422	0.00114	0.00173	0.00658	0.03822	0.00339
17	0.00446	0.00369	0.00391	0.00386	0.00501	0.00314	0.00289	0.00554	0.00868	0.01075	0.19632	0.03344	0.68804	0.00886	0.00429	0.00121	0.00182	0.00745	0.00350	0.00314
18	0.01382	0.01018	0.01091	0.00836	0.01127	0.01127	0.00691	0.83748	0.01709	0.02291	0.00873	0.00873	0.00618	0.00436	0.00364	0.00109	0.00400	0.00327	0.00364	0.00618
19	0.00972	0.87446	0.01905	0.00622	0.00933	0.01438	0.00622	0.01088	0.00738	0.00855	0.00505	0.00583	0.00466	0.00311	0.00233	0.00078	0.00389	0.00194	0.00155	0.00466
20	0.00434	0.00368	0.00374	0.00373	0.00494	0.00309	0.00279	0.00530	0.00838	0.01006	0.07754	0.03458	0.80725	0.00912	0.00430	0.00122	0.00183	0.00762	0.00341	0.00309
21	0.00972	0.87446	0.01905	0.00622	0.00933	0.01438	0.00622	0.01088	0.00738	0.00855	0.00505	0.00583	0.00466	0.00311	0.00233	0.00078	0.00389	0.00194	0.00155	0.00466
22	0.89794	0.00703	0.00534	0.00478	0.00703	0.00815	0.00394	0.01068	0.00619	0.01631	0.00506	0.00590	0.00394	0.00337	0.00225	0.00112	0.00281	0.00197	0.00225	0.00394
23	0.00904	0.00781	0.00822	0.00740	0.00945	0.00904	0.00575	0.01931	0.84303	0.01520	0.01479	0.01356	0.01109	0.00493	0.00370	0.00123	0.00288	0.00411	0.00370	0.00575
24	0.00431	0.00368	0.00370	0.00370	0.00492	0.00307	0.00277	0.00524	0.00832	0.00990	0.05094	0.03484	0.83395	0.00917	0.00430	0.00123	0.00184	0.00765	0.00339	0.00307
25	0.00904	0.00781	0.00822	0.00740	0.00945	0.00904	0.00575	0.01931	0.84303	0.01520	0.01479	0.01356	0.01109	0.00493	0.00370	0.00123	0.00288	0.00411	0.00370	0.00575
26	0.00900	0.00864	0.01475	0.02231	0.84960	0.00864	0.01115	0.01115	0.00828	0.01187	0.00684	0.00900	0.00576	0.00324	0.00360	0.00108	0.00432	0.00324	0.00180	0.00576
27	0.01382	0.01018	0.01091	0.00836	0.01127	0.01127	0.00691	0.83748	0.01709	0.02291	0.00873	0.00873	0.00618	0.00436	0.00364	0.00109	0.00400	0.00327	0.00364	0.00618
28	0.00972	0.87446	0.01905	0.00622	0.00933	0.01438	0.00622	0.01088	0.00738	0.00855	0.00505	0.00583	0.00466	0.00311	0.00233	0.00078	0.00389	0.00194	0.00155	0.00466
29	0.07619	0.00571	0.00740	0.00597	0.00827	0.00517	0.00483	0.01478	0.02550	0.59353	0.15744	0.05463	0.01374	0.00525	0.00371	0.00115	0.00279	0.00436	0.00419	0.00539
30	0.00476	0.00335	0.00460	0.03105	0.00602	0.00323	0.00378	0.00538	0.00693	0.00920	0.01857	0.71049	0.02191	0.01113	0.00533	0.06571	0.00237	0.08008	0.00319	0.00292
31	0.89794	0.00703	0.00534	0.00478	0.00703	0.00815	0.00394	0.01068	0.00619	0.01631	0.00506	0.00590	0.00394	0.00337	0.00225	0.00112	0.00281	0.00197	0.00225	0.00394
32	0.00795	0.00795	0.01113	0.00954	0.00954	0.01113	0.00795	0.00875	0.00557	0.00875	0.00477	0.00795	0.00477	0.00636	0.01193	0.00159	0.86562	0.00318	0.00159	0.00398
33	0.00498	0.00366	0.00466	0.00457	0.00539	0.00336	0.00340	0.00645	0.00954	0.01317	0.61734	0.12079	0.13398	0.02110	0.00456	0.00124	0.00185	0.03283	0.00381	0.00331
34	0.00497	0.00343	0.00444	0.00494	0.00524	0.00340	0.00340	0.00568	0.00659	0.00903	0.01631	0.45581	0.01868	0.21338	0.10764	0.00245	0.00341	0.07579	0.05256	0.00287
35	0.03406	0.06012	0.00952	0.00789	0.00996	0.38952	0.00614	0.03007	0.27382	0.08689	0.00960	0.00960	0.00732	0.00418	0.00334	0.00104	0.00456	0.00305	0.04441	0.00489
36	0.00572	0.00402	0.00546	0.00614	0.00687	0.00398	0.00507	0.00719	0.01910	0.02447	0.01910	0.19265	0.04300	0.05859	0.02324	0.00180	0.00321	0.56383	0.00328	0.00328
37	0.00458	0.00370	0.00404	0.00408	0.00514	0.00322	0.00307	0.00562	0.00841	0.01046	0.15547	0.05914	0.60295	0.04987	0.00503	0.00136	0.00202	0.06532	0.00341	0.00310
38	0.89794	0.00703	0.00534	0.00478	0.00703	0.00815	0.00394	0.01068	0.00619	0.01631	0.00506	0.00590	0.00394	0.00337	0.00225	0.00112	0.00281	0.00197	0.00225	0.00394
39	0.00757	0.00718	0.01218	0.58472	0.29833	0.00826	0.01045	0.00991	0.00760	0.01014	0.00658	0.00946	0.00515	0.00350	0.00362	0.00117	0.00467	0.00323	0.00168	0.00461
40	0.00972	0.87446	0.01905	0.00622	0.00933	0.01438	0.00622	0.01088	0.00738	0.00855	0.00505	0.00583	0.00466	0.00311	0.00233	0.00078	0.00389	0.00194	0.00155	0.00466
41	0.00631	0.00316	0.00473	0.00473	0.00473	0.00316	0.00316	0.00473	0.00473	0.00631	0.00631	0.01105	0.00631	0.01263	0.01420	0.89426	0.00316	0.00316	0.00158	0.00158
42	0.00904	0.00781	0.00822	0.00740	0.00945	0.00904	0.00575	0.01931	0.84303	0.01520	0.01479	0.01356	0.01109	0.00493	0.00370	0.00123	0.00288	0.00411	0.00370	0.00575
43	0.00795	0.00795	0.01113	0.00954	0.00954	0.01113	0.00795	0.00875	0.00557	0.00875	0.00477	0.00795	0.00477	0.00636	0.01193	0.00159	0.86562	0.00318	0.00159	0.00398
44	0.05018	0.00584	0.00769	0.00704	0.05500	0.00552	0.04752	0.07275	0.02086	0.15937	0.05250	0.18300	0.13709	0.00638	0.00403	0.00115	0.02454	0.02304	0.00318	0.13332
45	0.89794	0.00703	0.00534	0.00478	0.00703	0.00815	0.00394	0.01068	0.00619	0.01631	0.00506	0.00590	0.00394	0.00337	0.00225	0.00112	0.00281	0.00197	0.00225	0.00394
46	0.00504	0.00371	0.00472	0.00447	0.00537	0.00339	0.00335	0.00666	0.01005	0.01400	0.75034	0.02809	0.13199	0.00764	0.00429	0.00115	0.00173	0.00670	0.00393	0.00339
47	0.01631	0.00619	0.00843	0.00647	0.00928	0.00534	0.00534	0.01771	0.01040	0.85211	0.01434	0.01237	0.00900	0.00450	0.00365	0.00112	0.00309	0.00365	0.00450	0.00619
48	0.00966	0.02148	0.01416	0.01908	0.64677	0.03849	0.03940	0.10649	0.01957	0.01302	0.00709	0.00887	0.00580	0.00338	0.00357	0.00106	0.00435	0.00321	0.00205	0.03249
49	0.00443	0.00316	0.00422	0.00506	0.00527	0.00295	0.00337	0.00506	0.00696	0.00928	0.02003	0.86990	0.02404	0.01139	0.00464	0.00148	0.00211	0.01033	0.00337	0.00295
50	0.00517	0.00376	0.00526	0.00531	0.00576	0.00419	0.00387	0.00610	0.00576	0.00812	0.01076	0.06452	0.01100	0.24738	0.59071	0.00499	0.00768	0.00462	0.00209	0.00296
51	0.01057	0.00897	0.00958	0.00806	0.01038	0.04672	0.03473	0.25313	0.52836	0.01691	0.01224	0.01165	0.00912	0.00467	0.00381	0.00118	0.01685	0.00378	0.00350	0.00575
52	0.00909	0.50486	0.21446	0.00995	0.14370	0.02893	0.02258	0.01116	0.00767	0.00983	0.00573	0.00684	0.00484	0.00322	0.00285	0.00092	0.00440	0.00237	0.00160	0.00500
53	0.00430	0.00366	0.00371	0.00375	0.00493	0.00306	0.00279	0.00521	0.00822	0.00979	0.03603	0.07407	0.80953	0.00931	0.00431	0.00124	0.00185	0.00780	0.00338	0.00306
54	0.01016	0.00714	0.06709	0.04556	0.05639	0.02606	0.02310	0.07827	0.06750	0.26015	0.18225	0.01479	0.02096	0.00701	0.08222	0.00156	0.00386	0.00417	0.03683	0.00494
55	0.03387	0.00834	0.01087	0.34921	0.10628	0.12077	0.04967	0.05809	0.00895	0.16631	0.00858	0.04020	0.00661	0.00411	0.00363	0.00115	0.00454	0.01164	0.00242	0.00476
56	0.01359	0.01699	0.01033	0.00932	0.01124	0.81804	0.00702	0.05305	0.01062	0.00955	0.00576	0.00666	0.00475	0.00377	0.00329	0.00094	0.00643	0.00238	0.00196	0.00431
57	0.88348	0.00720	0.00542	0.00485	0.00710	0.02205	0.00399	0.01075	0.00625	0.01619	0.00507	0.00591	0.00395	0.00338	0.00227	0.00112	0.00287	0.00197	0.00224	0.00394
58	0.00519	0.00389	0.00581	0.00581	0.00645	0.00453	0.00450	0.00647	0.00583	0.00841	0.00976	0.01444	0.00916	0.04139	0.84383	0.00580	0.00963	0.00392	0.00195	0.00323
59	0.01149	0.01362	0.01176	0.06052	0.21754	0.51064	0.02840	0.01285	0.00920	0.00970	0.00594	0.00752	0.00498	0.00382	0.00412	0.00105	0.07774	0.00273	0.00182	0.00458
60	0.00445	0.00365	0.00384	0.00391	0.00495	0.00313	0.00287	0.00534	0.00808	0.00984	0.07176	0.09257	0.67536	0.06884	0.00532	0.00141	0.00200	0.02633	0.00332	0.00302
61	0.00534	0.00386	0.00519	0.00582	0.00652	0.00374	0.00473	0.00669	0.00817	0.01075	0.11120	0.21860	0.07956	0.03572	0.00521	0.00160	0.00280	0.47790	0.00339	0.00322
62	0.00519	0.00389	0.00584	0.00584	0.00649	0.00454	0.00454	0.00649	0.00584	0.00844	0.00974	0.01428	0.00909	0.02726	0.85787	0.00584	0.00974	0.00389	0.00195	0.00325
63	0.00443	0.00316	0.00422	0.00506	0.00527	0.00295	0.00337	0.00506	0.00696	0.00928	0.02003	0.86990	0.02404	0.01139	0.00464	0.00148	0.00211	0.01033	0.00337	0.00295
64	0.00931	0.00794	0.00837	0.00745	0.00955	0.00916	0.00582	0.06498	0.79693	0.01563	0.01445	0.01329	0.01082	0.00490	0.00369	0.00122	0.00294	0.00406	0.00369	0.00578
65	0.01458	0.00895	0.01015	0.00778	0.01066	0.00945	0.00643	0.58524	0.01503	0.27805	0.01045	0.00985	0.00705	0.00440	0.00364	0.00110	0.00372	0.00339	0.00390	0.00618
66	0.00686	0.00646	0.01090	0.86353	0.02503	0.00807	0.01009	0.00929	0.00727	0.00929	0.00646	0.00969	0.00484	0.00363	0.00363	0.00121	0.00484	0.00323	0.00161	0.00404
67	0.03737	0.00862	0.00967	0.00742	0.01029	0.01769	0.00610	0.47736	0.02403	0.25888	0.01005	0.00961	0.00689	0.00421	0.00351	0.00105	0.00359	0.00323	0.00368	0.09677
68	0.00667	0.00428	0.00520	0.00482	0.00608	0.00393	0.00366	0.01903	0.05304	0.12720	0.36275	0.11245	0.26133	0.00777	0.00420	0.00120	0.00207	0.00670	0.00381	0.00381
69	0.85630	0.00716	0.00610	0.00527	0.00759	0.00820	0.04292	0.01073	0.00630	0.01609	0.00517	0.00609	0.00401	0.00336	0.00234	0.00113	0.00297	0.00208	0.00223	0.00398
70	0.00847	0.00963	0.02100	0.01505	0.01864	0.00903	0.81488	0.01147	0.00854	0.01158	0.00768	0.03202	0.00599	0.00328	0.00430	0.00123	0.00602	0.00445	0.00188	0.00485
71	0.01534	0.00709	0.00908	0.00702	0.00969	0.00685	0.00580	0.18162	0.01147	0.63874	0.01268	0.01139	0.00820	0.00458	0.00411	0.00114	0.05142	0.00355	0.00416	0.00606
72	0.00934	0.68478	0.03019	0.00670	0.00951	0.05149	0.05229	0.01053	0.00738	0.00863	0.00588	0.00795	0.00558	0.09186	0.00415	0.00110	0.00412	0.00245	0.00165	0.00442
73	0.01064	0.00801	0.00898	0.05520	0.01053	0.00894	0.00616	0.33044	0.32180	0.06601	0.01242	0.03088	0.03087	0.02118	0.04709	0.00146	0.00375	0.01669	0.00347	0.00549
74	0.00904	0.00781	0.00822	0.00740	0.00945	0.00904	0.00575	0.01931	0.84303	0.01520	0.01479	0.01356	0.01109	0.00493	0.00370	0.00123	0.00288	0.00411	0.00370	0.00575
75	0.00711	0.00737	0.05832	0.73004	0.10868	0.00815	0.01039	0.00960	0.00739	0.00967	0.00650	0.00951	0.00492	0.00358	0.00362	0.00119	0.00482	0.00320	0.00163	0.00429
76	0.05445	0.14975	0.05404	0.00866	0.05012	0.09512	0.06458	0.17083	0.07968	0.21400	0.00915	0.00920	0.00660	0.00396	0.00346	0.00106	0.01388	0.00310	0.00293	0.00542
77	0.00523	0.00391	0.00584	0.00589	0.00655	0.00452	0.00462	0.00655	0.00598	0.00857	0.01027	0.01577	0.00975	0.02630	0.81026	0.00561	0.00938	0.04973	0.00203	0.00325
78	0.00445	0.00318	0.00424	0.00505	0.00528	0.00297	0.00338	0.00511	0.00705	0.00943	0.04340	0.84610	0.02433	0.01127	0.00463	0.00147	0.00210	0.01023	0.00339	0.00297
79	0.01034	0.03483	0.02266	0.18625	0.26231	0.19889	0.01862	0.02179	0.05710	0.09966	0.00766	0.00912	0.00593	0.00402	0.01197	0.00115	0.03743	0.00310	0.00218	0.00497
80	0.48154	0.00922	0.00835	0.05544	0.06626	0.14059	0.03076	0.13487	0.00874	0.01528	0.00604	0.00705	0.00467	0.00359	0.00285	0.00109	0.00387	0.00246	0.01285	0.00447
81	0.00464	0.00370	0.00416	0.00404	0.00512	0.00321	0.00303	0.00588	0.00910	0.01175	0.36554	0.03180	0.51820	0.00849	0.00429	0.00119	0.00179	0.00723	0.00363	0.00321
82	0.00817	0.05753	0.09117	0.03789	0.06873	0.07873	0.03985	0.09245	0.00983	0.05093	0.29023	0.07513	0.03260	0.00585	0.01329	0.00117	0.00349	0.00480	0.03379	0.00436
83	0.00858	0.00980	0.02145	0.01532	0.01900	0.00919	0.83640	0.01164	0.00858	0.01164	0.00735	0.00980	0.00551	0.00306	0.00429	0.00123	0.00613	0.00429	0.00184	0.00490
84	0.04366	0.46080	0.12381	0.00760	0.01054	0.25580	0.00726	0.01188	0.00822	0.00937	0.00580	0.01793	0.00511	0.00355	0.00281	0.00091	0.00478	0.01390	0.00172	0.00456

[dist]
# distance from previous block
# <min> <max>
1	2

[block]
# block no. 7 follows, 76 sequences, length 22
# corresponding to MSA columns:
# 1610-1631
name=unknown_H
#
# <colnr> <probs for GDERKNQSTAVLIFYWHMCP>
#	G	D	E	R	K	N	Q	S	T	A	V	L	I	F	Y	W	H	M	C	P
0	0.00634	0.02603	0.00582	0.00536	0.00618	0.03507	0.00409	0.01711	0.01576	0.03231	0.03682	0.02519	0.02902	0.10185	0.45809	0.01310	0.01600	0.00405	0.15843	0.00337
1	0.00865	0.00838	0.02621	0.20468	0.27340	0.00880	0.16030	0.06344	0.15885	0.01253	0.02135	0.01035	0.00691	0.00378	0.00388	0.00117	0.01627	0.00363	0.00225	0.00518
2	0.00452	0.00324	0.00430	0.00509	0.00537	0.00303	0.00347	0.00524	0.00718	0.00957	0.05370	0.78375	0.04004	0.01113	0.00463	0.00147	0.00214	0.04573	0.00340	0.00299
3	0.00754	0.00646	0.00754	0.00538	0.00861	0.00484	0.00431	0.00915	0.00754	0.01184	0.00646	0.00754	0.00538	0.00269	0.00269	0.00054	0.00269	0.00215	0.00215	0.89449
4	0.00829	0.23833	0.13143	0.14377	0.13051	0.02664	0.06704	0.01989	0.00776	0.01930	0.03004	0.03242	0.01587	0.01422	0.02505	0.00120	0.04385	0.00321	0.00186	0.03934
5	0.89794	0.00703	0.00534	0.00478	0.00703	0.00815	0.00394	0.01068	0.00619	0.01631	0.00506	0.00590	0.00394	0.00337	0.00225	0.00112	0.00281	0.00197	0.00225	0.00394
6	0.00754	0.00646	0.00754	0.00538	0.00861	0.00484	0.00431	0.00915	0.00754	0.01184	0.00646	0.00754	0.00538	0.00269	0.00269	0.00054	0.00269	0.00215	0.00215	0.89449
7	0.00587	0.00453	0.00545	0.00508	0.00620	0.00453	0.00385	0.00924	0.17704	0.01437	0.62412	0.02497	0.08649	0.00705	0.00417	0.00117	0.00196	0.00616	0.00390	0.00387
8	0.00430	0.00365	0.00372	0.00377	0.00493	0.00306	0.00280	0.00521	0.00820	0.00978	0.03577	0.08710	0.79667	0.00934	0.00432	0.00124	0.00186	0.00784	0.00337	0.00306
9	0.00544	0.00413	0.00566	0.00619	0.00662	0.00442	0.00485	0.00650	0.00733	0.00989	0.01772	0.43858	0.02024	0.01014	0.00563	0.00155	0.10820	0.31397	0.01971	0.00323
10	0.01379	0.01105	0.01083	0.00848	0.01127	0.11482	0.00692	0.73680	0.01626	0.02119	0.00835	0.00846	0.00600	0.00429	0.00359	0.00107	0.00431	0.00316	0.00342	0.00594
11	0.00754	0.00646	0.00754	0.00538	0.00861	0.00484	0.00431	0.00915	0.00754	0.01184	0.00646	0.00754	0.00538	0.00269	0.00269	0.00054	0.00269	0.00215	0.00215	0.89449
12	0.00942	0.76978	0.12112	0.00673	0.01011	0.01365	0.00710	0.01096	0.00742	0.00891	0.00523	0.00606	0.00466	0.00315	0.00247	0.00082	0.00407	0.00203	0.00155	0.00475
13	0.19701	0.00658	0.00971	0.68028	0.02119	0.00809	0.00878	0.00958	0.00704	0.01078	0.00616	0.00888	0.00465	0.00358	0.00334	0.00119	0.00441	0.00296	0.00175	0.00402
14	0.00711	0.00587	0.00653	0.00624	0.00763	0.00644	0.00469	0.01333	0.47695	0.01339	0.13661	0.23218	0.05369	0.00710	0.00405	0.00128	0.00247	0.00618	0.00365	0.00460
15	0.00513	0.00375	0.00475	0.00526	0.00591	0.00357	0.00407	0.00617	0.00761	0.00981	0.04121	0.21774	0.18515	0.14398	0.00687	0.00182	0.00277	0.33821	0.00320	0.00303
16	0.05212	0.00800	0.11180	0.02668	0.01038	0.00640	0.00648	0.02806	0.07950	0.59715	0.01259	0.01143	0.00821	0.00437	0.00372	0.00115	0.01879	0.00348	0.00384	0.00586
17	0.01585	0.00693	0.00889	0.00682	0.00965	0.00644	0.00563	0.16955	0.01164	0.69853	0.01330	0.01170	0.00848	0.00447	0.00365	0.00112	0.00326	0.00358	0.00434	0.00618
18	0.00445	0.00324	0.00414	0.00485	0.00518	0.00299	0.00325	0.00509	0.00705	0.00926	0.02174	0.73401	0.12442	0.04546	0.00515	0.00153	0.00213	0.00981	0.00333	0.00294
19	0.00686	0.00637	0.01006	0.44032	0.05700	0.00806	0.00846	0.00865	0.00661	0.00910	0.00678	0.01023	0.00578	0.00929	0.18786	0.00228	0.20730	0.00336	0.00169	0.00394
20	0.00712	0.00673	0.01137	0.76062	0.12591	0.00814	0.01022	0.00951	0.00739	0.00960	0.00651	0.00960	0.00496	0.00359	0.00363	0.00120	0.00478	0.00323	0.00164	0.00425
21	0.00734	0.01844	0.82014	0.01056	0.01586	0.00847	0.04637	0.01152	0.00771	0.01152	0.00656	0.00776	0.00464	0.00344	0.00349	0.00115	0.00540	0.00275	0.00155	0.00535

[dist]
# distance from previous block
# <min> <max>
0	17

[block]
# block no. 8 follows, 76 sequences, length 23
# corresponding to MSA columns:
# 1649-1671
name=unknown_I
#
# <colnr> <probs for GDERKNQSTAVLIFYWHMCP>
#	G	D	E	R	K	N	Q	S	T	A	V	L	I	F	Y	W	H	M	C	P
0	0.00491	0.00367	0.00458	0.00455	0.00541	0.00334	0.00341	0.00632	0.00935	0.01271	0.52692	0.12861	0.21077	0.00843	0.00437	0.00123	0.00188	0.05249	0.00375	0.00329
1	0.00465	0.00376	0.00449	0.00448	0.00549	0.00360	0.00341	0.00574	0.00752	0.00955	0.06444	0.02739	0.51783	0.01543	0.30245	0.00284	0.00459	0.00630	0.00290	0.00315
2	0.00475	0.00353	0.00465	0.04055	0.00632	0.00338	0.00389	0.00563	0.00729	0.00950	0.02124	0.56904	0.13147	0.04450	0.00515	0.00154	0.00242	0.12884	0.00325	0.00304
3	0.00762	0.00723	0.01226	0.56696	0.31573	0.00827	0.01047	0.00994	0.00762	0.01020	0.00659	0.00945	0.00517	0.00349	0.00362	0.00116	0.00466	0.00323	0.00168	0.00464
4	0.00866	0.00835	0.01442	0.14683	0.69795	0.00857	0.04015	0.01089	0.00814	0.01148	0.00680	0.00913	0.00561	0.00329	0.00363	0.00110	0.00446	0.00327	0.00177	0.00547
5	0.00754	0.00646	0.00754	0.00538	0.00861	0.00484	0.00431	0.00915	0.00754	0.01184	0.00646	0.00754	0.00538	0.00269	0.00269	0.00054	0.00269	0.00215	0.00215	0.89449
6	0.00738	0.01726	0.73365	0.01024	0.01485	0.00882	0.01265	0.01112	0.00737	0.01112	0.00627	0.00771	0.00463	0.00387	0.00466	0.00121	0.12771	0.00276	0.00154	0.00517
7	0.00568	0.10852	0.04040	0.00495	0.00628	0.00490	0.00413	0.00732	0.00953	0.01306	0.59688	0.04151	0.11731	0.00706	0.00404	0.00112	0.00217	0.01803	0.00352	0.00361
8	0.00529	0.00352	0.00396	0.00396	0.00396	0.00352	0.00220	0.00529	0.00529	0.00705	0.01145	0.02378	0.01321	0.87227	0.01850	0.00352	0.00352	0.00529	0.00220	0.00220
9	0.00900	0.00864	0.01475	0.02231	0.84960	0.00864	0.01115	0.01115	0.00828	0.01187	0.00684	0.00900	0.00576	0.00324	0.00360	0.00108	0.00432	0.00324	0.00180	0.00576
10	0.00531	0.00401	0.00509	0.00563	0.00660	0.00379	0.00476	0.00671	0.00834	0.01050	0.02545	0.03887	0.31291	0.00975	0.00476	0.00152	0.00282	0.53658	0.00336	0.00325
11	0.01597	0.00673	0.00877	0.00672	0.00955	0.00615	0.00556	0.12933	0.01131	0.73921	0.01357	0.01187	0.00861	0.00448	0.00365	0.00112	0.00322	0.00360	0.00438	0.00618
12	0.00735	0.00420	0.00441	0.00422	0.00531	0.00440	0.00322	0.01042	0.14318	0.03750	0.01232	0.01355	0.00959	0.00523	0.03513	0.00111	0.00223	0.00353	0.68926	0.00385
13	0.00443	0.00316	0.00422	0.00506	0.00527	0.00295	0.00337	0.00506	0.00696	0.00928	0.02003	0.86990	0.02404	0.01139	0.00464	0.00148	0.00211	0.01033	0.00337	0.00295
14	0.00862	0.00927	0.04540	0.53743	0.12466	0.15477	0.00969	0.04848	0.00838	0.01026	0.00647	0.00894	0.00498	0.00363	0.00356	0.00114	0.00506	0.00306	0.00177	0.00443
15	0.00979	0.74636	0.01790	0.00670	0.00969	0.04796	0.02999	0.01172	0.07370	0.00918	0.00591	0.00659	0.00520	0.00328	0.00253	0.00083	0.00398	0.00220	0.00175	0.00474
16	0.00438	0.00363	0.00384	0.00397	0.00505	0.00310	0.00295	0.00530	0.00816	0.00988	0.05040	0.14003	0.70205	0.00947	0.00436	0.00127	0.00192	0.03378	0.00339	0.00307
17	0.00793	0.00726	0.01275	0.24412	0.22487	0.00768	0.17274	0.02720	0.00809	0.03710	0.00931	0.08272	0.00846	0.00479	0.00427	0.00125	0.03840	0.07795	0.01852	0.00458
18	0.03268	0.04685	0.04286	0.16334	0.04068	0.23318	0.01819	0.24866	0.01106	0.07245	0.00736	0.00843	0.00553	0.00432	0.01606	0.00115	0.03679	0.00296	0.00249	0.00498
19	0.00446	0.00327	0.00419	0.00484	0.00523	0.00300	0.00330	0.00520	0.00736	0.00971	0.07844	0.70156	0.13443	0.01083	0.00457	0.00142	0.00205	0.00972	0.00342	0.00300
20	0.00525	0.00366	0.00465	0.00465	0.00488	0.00389	0.00305	0.00572	0.00549	0.00755	0.01083	0.02033	0.01171	0.56506	0.32365	0.00437	0.00578	0.00478	0.00211	0.00258
21	0.47180	0.03205	0.01541	0.00568	0.01613	0.08599	0.01305	0.02165	0.01742	0.03657	0.04466	0.01974	0.00760	0.15286	0.01717	0.00157	0.01577	0.00305	0.00235	0.01949
22	0.20758	0.13646	0.12705	0.01860	0.09298	0.04462	0.00681	0.04426	0.01725	0.03599	0.00717	0.03984	0.01531	0.00375	0.00314	0.00098	0.02271	0.00278	0.00214	0.17057

[dist]
# distance from previous block
# <min> <max>
0	90

[block]
# block no. 9 follows, 76 sequences, length 42
# corresponding to MSA columns:
# 1766-1807
name=unknown_J
#
# <colnr> <probs for GDERKNQSTAVLIFYWHMCP>
#	G	D	E	R	K	N	Q	S	T	A	V	L	I	F	Y	W	H	M	C	P
0	0.03386	0.00776	0.01748	0.33942	0.05889	0.05819	0.05105	0.07652	0.05794	0.02804	0.02033	0.01751	0.00637	0.00533	0.05377	0.00140	0.06524	0.00330	0.00214	0.09546
