[name]
unknown

[dist]
# distance from previous block
# <min> <max>
0	499

[block]
# block no. 0 follows, 64 sequences, length 16
# corresponding to MSA columns:
# 636-651
name=unknown_A
#
# <colnr> <probs for GDERKNQSTAVLIFYWHMCP>
#	G	D	E	R	K	N	Q	S	T	A	V	L	I	F	Y	W	H	M	C	P
0	0.01379	0.06409	0.05545	0.00878	0.01164	0.11400	0.00753	0.23387	0.10279	0.20364	0.01310	0.01628	0.01043	0.00580	0.00424	0.00133	0.00453	0.11881	0.00381	0.00610
1	0.00500	0.00421	0.00433	0.00430	0.00566	0.00354	0.00322	0.00613	0.00967	0.01171	0.11293	0.03917	0.75527	0.01034	0.00491	0.00139	0.00209	0.00865	0.00392	0.00354
2	0.00608	0.00514	0.00779	0.03727	0.09672	0.00487	0.06688	0.00738	0.00871	0.01146	0.05022	0.47397	0.18676	0.01031	0.00501	0.00153	0.00306	0.00936	0.00348	0.00398
3	0.00615	0.00433	0.00551	0.00521	0.00630	0.00396	0.00392	0.00792	0.01119	0.04257	0.64284	0.05003	0.14998	0.00948	0.03085	0.00150	0.00233	0.00758	0.00440	0.00395
4	0.01562	0.01506	0.01195	0.00999	0.01263	0.40042	0.00787	0.35254	0.01485	0.07561	0.00859	0.00907	0.00643	0.00475	0.00431	0.00119	0.03675	0.00327	0.00319	0.00591
5	0.02769	0.00892	0.01017	0.03357	0.08498	0.07588	0.02379	0.05264	0.12689	0.06622	0.02481	0.04621	0.00882	0.00440	0.00370	0.00101	0.00385	0.00366	0.00298	0.38981
6	0.00986	0.00829	0.01054	0.30981	0.07532	0.05620	0.00834	0.18366	0.03537	0.01519	0.04566	0.09965	0.01048	0.00554	0.00413	0.00131	0.00443	0.00471	0.10642	0.00511
7	0.00980	0.01120	0.02451	0.01751	0.02171	0.01050	0.81303	0.01331	0.00980	0.01331	0.00840	0.01120	0.00630	0.00350	0.00490	0.00140	0.00700	0.00490	0.00210	0.00560
8	0.00901	0.00973	0.08265	0.33893	0.38390	0.00945	0.03591	0.01201	0.02907	0.01241	0.00886	0.01149	0.03020	0.00414	0.00416	0.00131	0.00521	0.00385	0.00206	0.00567
9	0.65236	0.00859	0.02295	0.05546	0.06424	0.03114	0.00588	0.02631	0.00797	0.06465	0.00710	0.02535	0.00559	0.00416	0.00300	0.00129	0.00365	0.00279	0.00267	0.00485
10	0.01552	0.01980	0.01177	0.01070	0.01284	0.83735	0.00803	0.01659	0.01177	0.01017	0.00642	0.00749	0.00535	0.00428	0.00375	0.00107	0.00749	0.00268	0.00214	0.00482
11	0.02700	0.00838	0.00971	0.00772	0.04823	0.03789	0.02398	0.07110	0.00959	0.01445	0.00755	0.00877	0.00618	0.00332	0.00326	0.00074	0.00353	0.00267	0.00255	0.70337
12	0.00538	0.00404	0.00499	0.00515	0.00600	0.00364	0.00371	0.00672	0.00998	0.01339	0.37678	0.29237	0.23182	0.01043	0.00503	0.00145	0.00214	0.00918	0.00417	0.00364
13	0.00506	0.00371	0.00476	0.00555	0.00597	0.00341	0.00376	0.00587	0.00827	0.01086	0.04887	0.71785	0.13571	0.01254	0.00524	0.00164	0.00236	0.01127	0.00388	0.00341
14	0.04233	0.09898	0.11400	0.01203	0.13593	0.08277	0.05993	0.15592	0.13306	0.06160	0.00958	0.01027	0.00727	0.00438	0.00402	0.00122	0.01630	0.00354	0.00290	0.04397
15	0.00959	0.00975	0.09767	0.00883	0.02076	0.10618	0.02689	0.07386	0.00902	0.04615	0.00978	0.04471	0.00858	0.02839	0.19200	0.02888	0.16614	0.00410	0.10406	0.00467

[dist]
# distance from previous block
# <min> <max>
0	2

[block]
# block no. 1 follows, 64 sequences, length 10
# corresponding to MSA columns:
# 654-663
name=unknown_B
#
# <colnr> <probs for GDERKNQSTAVLIFYWHMCP>
#	G	D	E	R	K	N	Q	S	T	A	V	L	I	F	Y	W	H	M	C	P
0	0.00547	0.00415	0.00511	0.00556	0.00645	0.00379	0.00422	0.00673	0.00934	0.01206	0.14510	0.29392	0.29610	0.01121	0.00520	0.00158	0.00254	0.17393	0.00395	0.00359
1	0.00996	0.00972	0.01356	0.31942	0.22589	0.07996	0.04838	0.04043	0.15295	0.01314	0.00916	0.01125	0.00713	0.00443	0.00451	0.00134	0.03690	0.00384	0.00243	0.00560
2	0.02378	0.05324	0.01154	0.01013	0.06867	0.23235	0.04181	0.15386	0.06851	0.05704	0.05040	0.07999	0.04903	0.00692	0.04109	0.00151	0.03711	0.00459	0.00310	0.00535
3	0.00892	0.00660	0.00759	0.00676	0.00849	0.00690	0.00525	0.13250	0.20964	0.05116	0.34015	0.05471	0.07502	0.03531	0.00517	0.00145	0.00289	0.03213	0.00429	0.00507
4	0.11245	0.00809	0.00922	0.00765	0.04518	0.00755	0.00582	0.14912	0.04636	0.08736	0.04010	0.03800	0.00872	0.00434	0.00353	0.00098	0.00341	0.00345	0.00318	0.41549
5	0.00713	0.00419	0.00646	0.00674	0.04530	0.00422	0.02259	0.00619	0.00607	0.00817	0.00950	0.04000	0.03942	0.01525	0.10157	0.66413	0.00445	0.00418	0.00201	0.00243
6	0.00950	0.01500	0.42050	0.05039	0.03620	0.00971	0.03262	0.10949	0.07443	0.03360	0.02843	0.01136	0.00767	0.03767	0.04127	0.00169	0.06848	0.00372	0.00246	0.00582
7	0.00628	0.00474	0.00694	0.00651	0.00731	0.00505	0.04264	0.00740	0.00689	0.00974	0.04239	0.01915	0.01231	0.24756	0.49434	0.02880	0.00818	0.00492	0.00238	0.03646
8	0.17154	0.19649	0.11484	0.00867	0.03694	0.04453	0.00780	0.19509	0.03084	0.11249	0.03777	0.00979	0.00757	0.00443	0.00353	0.00119	0.00437	0.00322	0.00303	0.00587
9	0.06739	0.44358	0.13805	0.00895	0.05050	0.07951	0.00838	0.05252	0.00946	0.05754	0.00704	0.00788	0.00572	0.00383	0.00318	0.00104	0.00478	0.00265	0.00220	0.04579

[dist]
# distance from previous block
# <min> <max>
1	3

[block]
# block no. 2 follows, 64 sequences, length 16
# corresponding to MSA columns:
# 671-686
name=unknown_C
#
# <colnr> <probs for GDERKNQSTAVLIFYWHMCP>
#	G	D	E	R	K	N	Q	S	T	A	V	L	I	F	Y	W	H	M	C	P
0	0.00863	0.03466	0.00887	0.00848	0.09825	0.00648	0.00583	0.04742	0.09374	0.05691	0.20812	0.13438	0.03501	0.00663	0.00424	0.00120	0.00307	0.02227	0.00355	0.21226
1	0.01494	0.00787	0.00955	0.00747	0.01048	0.00751	0.00608	0.16827	0.08940	0.42105	0.04613	0.01351	0.01054	0.00501	0.00400	0.00119	0.00350	0.00404	0.05008	0.11938
2	0.01111	0.85652	0.02177	0.00711	0.01066	0.01644	0.00711	0.01244	0.00844	0.00977	0.00577	0.00666	0.00533	0.00355	0.00267	0.00089	0.00444	0.00222	0.00178	0.00533
3	0.00595	0.00440	0.00644	0.00644	0.00710	0.00506	0.00490	0.00727	0.00661	0.00947	0.01134	0.01752	0.01091	0.12207	0.74736	0.00638	0.01034	0.00463	0.00226	0.00358
4	0.05423	0.00910	0.14725	0.00962	0.01229	0.00701	0.20504	0.02191	0.00966	0.01403	0.25120	0.08481	0.03507	0.00945	0.10862	0.00203	0.00518	0.00579	0.00302	0.00470
5	0.00587	0.00434	0.00533	0.00536	0.00641	0.00393	0.00395	0.00745	0.02622	0.02882	0.31705	0.25790	0.22917	0.01004	0.00495	0.00144	0.00229	0.04018	0.00410	0.03518
6	0.57013	0.04204	0.04533	0.00719	0.00992	0.18077	0.00605	0.07170	0.00907	0.01687	0.00630	0.00722	0.00493	0.00402	0.00299	0.00123	0.00437	0.00248	0.00253	0.00485
7	0.04225	0.05016	0.01112	0.08078	0.03923	0.00820	0.06955	0.08131	0.08303	0.14024	0.03039	0.10003	0.02478	0.02781	0.00492	0.00131	0.04164	0.00470	0.00324	0.15530
8	0.04471	0.03966	0.01029	0.03865	0.02838	0.01048	0.00691	0.15707	0.49297	0.02897	0.01408	0.01476	0.01096	0.04346	0.00505	0.00149	0.01871	0.02342	0.00381	0.00619
9	0.00958	0.00790	0.00818	0.00742	0.00940	0.03740	0.00568	0.04331	0.49384	0.05030	0.06281	0.05345	0.13278	0.05254	0.00530	0.00153	0.00325	0.00567	0.00405	0.00562
10	0.22378	0.00708	0.00864	0.00707	0.00930	0.00738	0.10542	0.11686	0.01016	0.08316	0.02644	0.03423	0.00909	0.00476	0.00344	0.00119	0.00337	0.00389	0.32985	0.00491
11	0.00970	0.00536	0.00673	0.00591	0.00767	0.00489	0.00464	0.05022	0.01146	0.23757	0.34204	0.05493	0.17815	0.00797	0.00467	0.00134	0.00263	0.03516	0.02417	0.00483
12	0.00505	0.00366	0.00478	0.00567	0.00599	0.00338	0.00380	0.00580	0.00806	0.01065	0.02429	0.79220	0.08568	0.01283	0.00527	0.00167	0.00239	0.01159	0.00386	0.00338
13	0.00606	0.00406	0.00476	0.00476	0.00483	0.00413	0.00281	0.00615	0.00608	0.00818	0.01273	0.02572	0.01442	0.75069	0.09949	0.02953	0.00470	0.00582	0.00247	0.00261
14	0.00506	0.00361	0.00482	0.00578	0.00602	0.00337	0.00386	0.00578	0.00795	0.01060	0.02289	0.85131	0.02747	0.01301	0.00530	0.00169	0.00241	0.01181	0.00386	0.00337
15	0.01579	0.01163	0.01247	0.00956	0.01288	0.01288	0.00789	0.81426	0.01953	0.02618	0.00997	0.00997	0.00706	0.00499	0.00416	0.00125	0.00457	0.00374	0.00416	0.00706

[dist]
# distance from previous block
# <min> <max>
0	19

[block]
# block no. 3 follows, 64 sequences, length 18
# corresponding to MSA columns:
# 706-723
name=unknown_D
#
# <colnr> <probs for GDERKNQSTAVLIFYWHMCP>
#	G	D	E	R	K	N	Q	S	T	A	V	L	I	F	Y	W	H	M	C	P
0	0.00517	0.00367	0.00473	0.00558	0.00594	0.00341	0.00376	0.00597	0.00810	0.01087	0.02389	0.75343	0.08568	0.01246	0.00516	0.00163	0.00237	0.01122	0.04355	0.00341
1	0.00926	0.00883	0.01501	0.36908	0.49252	0.00960	0.01224	0.01185	0.00897	0.01233	0.00763	0.01061	0.00614	0.00389	0.00413	0.00130	0.00519	0.00370	0.00197	0.00575
2	0.00596	0.00436	0.00620	0.00620	0.00678	0.00494	0.00460	0.00711	0.00654	0.00929	0.01156	0.01871	0.01142	0.21270	0.65744	0.00609	0.00956	0.00480	0.00229	0.00345
3	0.00890	0.00882	0.01237	0.01066	0.01070	0.01228	0.00886	0.00985	0.00638	0.00998	0.00578	0.00951	0.00574	0.00867	0.06180	0.00210	0.79759	0.00368	0.00184	0.00449
4	0.00877	0.00769	0.01195	0.43713	0.13832	0.00876	0.03296	0.09957	0.00977	0.01311	0.01103	0.08901	0.04546	0.00535	0.00441	0.00136	0.01907	0.00471	0.04660	0.00500
5	0.00686	0.00427	0.00537	0.00573	0.00650	0.00401	0.00404	0.03556	0.00895	0.08132	0.03754	0.59061	0.08340	0.01097	0.00489	0.00154	0.00250	0.00977	0.09229	0.00389
6	0.00911	0.00883	0.01341	0.04470	0.26271	0.01100	0.00993	0.01062	0.00741	0.01108	0.00679	0.01021	0.00627	0.00833	0.08869	0.00208	0.47804	0.00373	0.00193	0.00509
7	0.00861	0.00738	0.00861	0.00615	0.00984	0.00554	0.00492	0.01046	0.00861	0.01354	0.00738	0.00861	0.00615	0.00308	0.00308	0.00062	0.00308	0.00246	0.00246	0.87941
8	0.00890	0.09364	0.69985	0.01121	0.01686	0.01037	0.01401	0.03875	0.04448	0.01345	0.00780	0.00892	0.00565	0.00402	0.00385	0.00128	0.00582	0.00309	0.00194	0.00612
9	0.00593	0.00445	0.00668	0.00668	0.00742	0.00519	0.00519	0.00742	0.00668	0.00964	0.01113	0.01632	0.01038	0.03115	0.83756	0.00668	0.01113	0.00445	0.00223	0.00371
10	0.00502	0.00419	0.00437	0.00437	0.00569	0.00354	0.00326	0.00615	0.00965	0.01177	0.12334	0.06867	0.71493	0.01040	0.00492	0.00140	0.00210	0.00875	0.00393	0.00354
11	0.00707	0.05561	0.00851	0.00725	0.00788	0.00716	0.00572	0.00788	0.00661	0.00937	0.01024	0.01511	0.03722	0.06669	0.42591	0.12114	0.19060	0.00427	0.00213	0.00366
12	0.03363	0.04694	0.01288	0.05960	0.16461	0.07728	0.05974	0.07554	0.27737	0.09513	0.01170	0.01247	0.00892	0.00485	0.00438	0.00132	0.02889	0.01538	0.00324	0.00614
13	0.00806	0.00760	0.01285	0.77181	0.09916	0.00929	0.01164	0.01080	0.00841	0.01087	0.00742	0.01100	0.00563	0.00411	0.00415	0.00137	0.00548	0.00369	0.00186	0.00479
14	0.00516	0.00406	0.00461	0.00494	0.00591	0.00358	0.00360	0.00612	0.00895	0.01112	0.05467	0.27043	0.49165	0.03114	0.00567	0.01828	0.00237	0.06051	0.00380	0.00344
15	0.01099	0.02801	0.10446	0.19979	0.26917	0.11634	0.09307	0.04367	0.01000	0.07299	0.00823	0.01023	0.00629	0.00403	0.00412	0.00127	0.00561	0.00363	0.00229	0.00580
16	0.09616	0.03352	0.01333	0.07486	0.36309	0.10725	0.03640	0.05480	0.03555	0.03977	0.01062	0.03521	0.04926	0.00480	0.00404	0.00127	0.00481	0.02702	0.00256	0.00568
17	0.00556	0.00414	0.00570	0.00684	0.04800	0.00402	0.00443	0.00634	0.00811	0.01090	0.05674	0.68696	0.05476	0.01213	0.00586	0.03433	0.02742	0.01055	0.00366	0.00354

[dist]
# distance from previous block
# <min> <max>
0	14

[block]
# block no. 4 follows, 64 sequences, length 25
# corresponding to MSA columns:
# 738-749,751-754,757-765
name=unknown_E
#
# <colnr> <probs for GDERKNQSTAVLIFYWHMCP>
#	G	D	E	R	K	N	Q	S	T	A	V	L	I	F	Y	W	H	M	C	P
0	0.00713	0.04495	0.00815	0.03724	0.03913	0.03443	0.00576	0.00853	0.00716	0.03024	0.01064	0.01591	0.00997	0.09884	0.59849	0.00535	0.02752	0.00435	0.00227	0.00396
1	0.03695	0.07688	0.03809	0.06843	0.12976	0.23834	0.03342	0.05982	0.08507	0.03396	0.10365	0.02076	0.01092	0.00581	0.03189	0.00140	0.00532	0.01141	0.00278	0.00533
2	0.00591	0.00464	0.00562	0.02827	0.00720	0.02838	0.00440	0.00760	0.07259	0.01123	0.03871	0.69605	0.02506	0.02755	0.00543	0.00168	0.00275	0.01945	0.00377	0.00370
3	0.00912	0.00863	0.01284	0.65418	0.10314	0.05437	0.01117	0.07501	0.00950	0.01211	0.00758	0.01072	0.00575	0.00418	0.00413	0.00134	0.00551	0.00364	0.00207	0.00501
4	0.00528	0.00416	0.00472	0.00469	0.00582	0.00365	0.00345	0.00657	0.01001	0.01290	0.30097	0.10683	0.47343	0.03235	0.00537	0.00146	0.00213	0.00854	0.00406	0.00361
5	0.00513	0.00376	0.00482	0.00555	0.00602	0.00345	0.00381	0.00601	0.00847	0.01117	0.08599	0.66515	0.13893	0.01230	0.00522	0.00162	0.00235	0.02289	0.00391	0.00344
6	0.00506	0.00363	0.00480	0.00573	0.00601	0.00338	0.00383	0.00579	0.00800	0.01062	0.02354	0.82417	0.05420	0.01293	0.00529	0.00168	0.00240	0.01171	0.00386	0.00338
7	0.00681	0.00489	0.00575	0.00561	0.00681	0.00479	0.00420	0.00983	0.13027	0.03922	0.31276	0.16090	0.17497	0.00881	0.00468	0.00138	0.00235	0.02711	0.08461	0.00424
8	0.00590	0.00442	0.00625	0.00655	0.00725	0.00442	0.02484	0.00727	0.00886	0.01205	0.17625	0.35559	0.03618	0.02832	0.10766	0.00230	0.02511	0.17342	0.00367	0.00369
9	0.00654	0.00474	0.00521	0.00498	0.00605	0.03505	0.00373	0.00834	0.01073	0.01540	0.49862	0.02774	0.13864	0.00776	0.00439	0.00123	0.00218	0.00665	0.20813	0.00389
10	0.01111	0.85652	0.02177	0.00711	0.01066	0.01644	0.00711	0.01244	0.00844	0.00977	0.00577	0.00666	0.00533	0.00355	0.00267	0.00089	0.00444	0.00222	0.00178	0.00533
11	0.00739	0.00541	0.00629	0.00596	0.02297	0.00513	0.00451	0.09151	0.03556	0.05564	0.28261	0.03183	0.36891	0.00881	0.00480	0.00137	0.00257	0.05021	0.00415	0.00435
12	0.01810	0.33449	0.08582	0.00881	0.03729	0.06594	0.02797	0.04016	0.09451	0.01252	0.00772	0.00871	0.00639	0.00401	0.00384	0.00102	0.05000	0.00288	0.00230	0.18753
13	0.03692	0.12142	0.10903	0.00996	0.01305	0.41520	0.02328	0.13894	0.01205	0.07167	0.00774	0.00844	0.00595	0.00430	0.00372	0.00113	0.00610	0.00297	0.00259	0.00555
14	0.00831	0.00773	0.01074	0.00941	0.00976	0.01029	0.00768	0.02554	0.00675	0.01024	0.00734	0.01176	0.00718	0.05847	0.20578	0.00302	0.56446	0.00392	0.00202	0.02960
15	0.01034	0.04196	0.31784	0.05163	0.04122	0.08260	0.21928	0.09881	0.03050	0.01406	0.00797	0.00968	0.00598	0.00416	0.00464	0.00132	0.04629	0.00367	0.00221	0.00583
16	0.01105	0.20117	0.30797	0.01017	0.03453	0.04412	0.05202	0.07890	0.05758	0.10041	0.02863	0.02800	0.00777	0.00444	0.00381	0.00121	0.00505	0.00353	0.00262	0.01704
17	0.01117	0.00748	0.00882	0.00740	0.00969	0.00761	0.00588	0.21580	0.09991	0.14285	0.10496	0.10600	0.03130	0.00814	0.05936	0.00163	0.01865	0.02528	0.01560	0.11246
18	0.00531	0.00402	0.00494	0.00554	0.00624	0.00371	0.00396	0.00653	0.02866	0.01131	0.05799	0.51452	0.24585	0.01186	0.00519	0.00161	0.00244	0.07288	0.00389	0.00355
19	0.00828	0.00761	0.01262	0.42740	0.22905	0.00845	0.03967	0.01094	0.02618	0.01216	0.05343	0.07891	0.00972	0.00498	0.00424	0.00134	0.00477	0.00459	0.02977	0.02588
20	0.00863	0.07086	0.66841	0.01255	0.08758	0.01003	0.01416	0.01286	0.00881	0.01298	0.02682	0.00931	0.00619	0.00411	0.00419	0.00130	0.03014	0.00319	0.00185	0.00603
21	0.00521	0.00374	0.00482	0.00562	0.00595	0.00350	0.00379	0.00593	0.00795	0.01048	0.02334	0.68259	0.08468	0.09211	0.00678	0.00190	0.00260	0.04196	0.00373	0.00332
22	0.01152	0.00879	0.00928	0.00786	0.01010	0.03337	0.00611	0.26499	0.30158	0.06258	0.06808	0.01714	0.04543	0.12638	0.00666	0.00171	0.00379	0.00485	0.00396	0.00583
23	0.06800	0.10051	0.08693	0.15078	0.40304	0.05339	0.05468	0.01260	0.00909	0.01280	0.00732	0.00956	0.00595	0.00381	0.00387	0.00123	0.00521	0.00340	0.00201	0.00581
24	0.00866	0.00679	0.00781	0.04104	0.04123	0.00727	0.00550	0.04148	0.33457	0.05101	0.08060	0.04055	0.16143	0.14509	0.00717	0.00181	0.00329	0.00588	0.00376	0.00505

[dist]
# distance from previous block
# <min> <max>
0	4

[block]
# block no. 5 follows, 64 sequences, length 25
# corresponding to MSA columns:
# 770-794
name=unknown_F
#
# <colnr> <probs for GDERKNQSTAVLIFYWHMCP>
#	G	D	E	R	K	N	Q	S	T	A	V	L	I	F	Y	W	H	M	C	P
0	0.02826	0.21943	0.14908	0.02667	0.02816	0.30847	0.04726	0.05695	0.01035	0.01206	0.00683	0.00801	0.00554	0.00394	0.00354	0.00107	0.00585	0.00281	0.00212	0.07361
1	0.00617	0.00463	0.00565	0.00577	0.00655	0.00466	0.00419	0.03097	0.04383	0.01248	0.15249	0.32860	0.16235	0.07182	0.03644	0.00187	0.04115	0.02751	0.04910	0.00377
2	0.01108	0.00892	0.01022	0.00872	0.01126	0.00992	0.04836	0.10819	0.58711	0.06750	0.03301	0.01601	0.04938	0.00570	0.00430	0.00138	0.00356	0.00481	0.00415	0.00641
3	0.00539	0.00408	0.00502	0.00540	0.00625	0.00370	0.00399	0.00663	0.00945	0.01233	0.20351	0.32230	0.27881	0.01107	0.00514	0.00154	0.00239	0.10541	0.00401	0.00359
4	0.00554	0.00422	0.00500	0.00508	0.00608	0.00382	0.00380	0.00687	0.00981	0.01282	0.29486	0.09782	0.34320	0.08624	0.00649	0.00169	0.00244	0.09665	0.00397	0.00358
5	0.00544	0.00395	0.00502	0.00547	0.00604	0.00369	0.00379	0.00671	0.02403	0.01234	0.23753	0.50168	0.09654	0.04955	0.00583	0.00165	0.00235	0.00992	0.01491	0.00356
6	0.10281	0.00637	0.00739	0.00608	0.00841	0.00617	0.00491	0.08019	0.01085	0.38325	0.01374	0.01354	0.00956	0.00489	0.00354	0.00117	0.00300	0.00383	0.32467	0.00563
7	0.00726	0.00424	0.00593	0.04390	0.00673	0.00443	0.00403	0.03814	0.00632	0.00847	0.00880	0.01566	0.00895	0.18496	0.07401	0.56515	0.00435	0.00417	0.00207	0.00242
8	0.06016	0.01129	0.01174	0.00923	0.01237	0.03005	0.00756	0.65716	0.11817	0.02435	0.01054	0.01044	0.00759	0.00499	0.00407	0.00126	0.00440	0.00376	0.00404	0.00682
9	0.01232	0.03684	0.00921	0.02246	0.00991	0.20576	0.00584	0.04502	0.02316	0.21884	0.05485	0.03688	0.01120	0.14569	0.06872	0.00203	0.00508	0.00429	0.00326	0.07863
10	0.01035	0.11425	0.44131	0.01103	0.01585	0.00976	0.12383	0.01385	0.00934	0.13568	0.02079	0.02167	0.00700	0.00422	0.00408	0.00126	0.01507	0.00357	0.00241	0.03468
11	0.00847	0.04936	0.77894	0.01186	0.01785	0.00990	0.04091	0.01314	0.00879	0.01305	0.00743	0.00878	0.00530	0.00392	0.00393	0.00130	0.00611	0.00310	0.00177	0.00609
12	0.03642	0.00628	0.00812	0.00649	0.00911	0.00559	0.00528	0.01712	0.01109	0.59737	0.05355	0.01548	0.02658	0.00530	0.00393	0.00123	0.00311	0.00431	0.17748	0.00616
13	0.44404	0.00801	0.00819	0.00666	0.00957	0.00838	0.00550	0.09772	0.01030	0.34854	0.01051	0.01007	0.00710	0.00449	0.00338	0.00128	0.00348	0.00318	0.00377	0.00580
14	0.02639	0.00981	0.01250	0.41615	0.09960	0.14210	0.02531	0.01190	0.03085	0.01120	0.01996	0.02265	0.00671	0.00536	0.02329	0.00150	0.12405	0.00373	0.00207	0.00485
15	0.00593	0.00445	0.00668	0.00668	0.00742	0.00519	0.00519	0.00742	0.00668	0.00964	0.01113	0.01632	0.01038	0.03115	0.83756	0.00668	0.01113	0.00445	0.00223	0.00371
16	0.00513	0.00386	0.00468	0.00521	0.00585	0.00349	0.00359	0.00601	0.00862	0.01116	0.09237	0.50741	0.26505	0.05010	0.00587	0.00168	0.00236	0.01030	0.00385	0.00342
17	0.03102	0.01384	0.31883	0.03854	0.07633	0.00955	0.07838	0.18282	0.01175	0.13335	0.05746	0.01145	0.00853	0.00455	0.00415	0.00130	0.00509	0.00383	0.00298	0.00624
18	0.15478	0.00658	0.00778	0.00760	0.03629	0.00700	0.03736	0.03244	0.20171	0.05697	0.03059	0.28782	0.03231	0.02710	0.01753	0.00160	0.00330	0.01901	0.02742	0.00482
19	0.02341	0.00442	0.00574	0.00570	0.00640	0.00459	0.00406	0.00778	0.00726	0.06787	0.01534	0.13766	0.05647	0.27243	0.32596	0.00421	0.00627	0.00610	0.03478	0.00355
20	0.01039	0.16652	0.05420	0.02025	0.58089	0.04462	0.01135	0.01264	0.00928	0.01262	0.00785	0.03668	0.00692	0.00401	0.00386	0.00118	0.00492	0.00362	0.00205	0.00615
21	0.01104	0.00894	0.01333	0.02705	0.04587	0.00916	0.20533	0.24524	0.06241	0.07419	0.02590	0.08849	0.09418	0.00629	0.00479	0.00140	0.02052	0.04673	0.00348	0.00567
22	0.00856	0.00707	0.00700	0.00661	0.00758	0.12044	0.00479	0.06683	0.00870	0.04445	0.01383	0.10934	0.04959	0.25635	0.19788	0.00331	0.02871	0.00554	0.04952	0.00388
23	0.04528	0.08525	0.51231	0.01167	0.07285	0.01003	0.03582	0.05015	0.03551	0.05620	0.00833	0.00955	0.00615	0.00513	0.03707	0.00149	0.00572	0.00326	0.00220	0.00603
24	0.01122	0.04601	0.01291	0.07440	0.08588	0.28030	0.04660	0.02703	0.04909	0.01115	0.00770	0.02873	0.00688	0.03357	0.02875	0.00160	0.23739	0.00367	0.00220	0.00493

[dist]
# distance from previous block
# <min> <max>
2	5

[block]
# block no. 6 follows, 64 sequences, length 8
# corresponding to MSA columns:
# 802-809
name=unknown_G
#
# <colnr> <probs for GDERKNQSTAVLIFYWHMCP>
#	G	D	E	R	K	N	Q	S	T	A	V	L	I	F	Y	W	H	M	C	P
0	0.04504	0.00729	0.03731	0.04139	0.07039	0.00633	0.00587	0.03422	0.05260	0.09626	0.08849	0.01668	0.07675	0.11237	0.00601	0.00143	0.00347	0.00437	0.00311	0.29063
1	0.04692	0.19450	0.11677	0.01037	0.07202	0.10616	0.03498	0.14781	0.14129	0.07591	0.00956	0.00996	0.00725	0.00440	0.00373	0.00119	0.00484	0.00337	0.00291	0.00606
2	0.06014	0.00681	0.00816	0.00769	0.04884	0.00679	0.00573	0.15364	0.05227	0.19081	0.07102	0.14834	0.15572	0.00775	0.00453	0.00141	0.00326	0.05773	0.00409	0.00529
3	0.00494	0.00409	0.00433	0.00453	0.00570	0.00348	0.00330	0.00592	0.00916	0.01109	0.03816	0.20563	0.66330	0.01103	0.00499	0.00146	0.00217	0.00939	0.00386	0.00348
4	0.00865	0.00930	0.07426	0.44546	0.23082	0.00932	0.09420	0.01152	0.00885	0.01193	0.00836	0.01258	0.00682	0.00434	0.00429	0.00137	0.00549	0.04515	0.00202	0.00529
5	0.34450	0.01146	0.18099	0.07937	0.05127	0.04174	0.02984	0.03368	0.02564	0.08071	0.00771	0.00888	0.00574	0.00416	0.00381	0.00128	0.03564	0.00300	0.00253	0.04805
6	0.03669	0.00833	0.01325	0.19489	0.23170	0.00890	0.10108	0.04658	0.06043	0.02654	0.05337	0.01542	0.03703	0.03297	0.00531	0.00145	0.04457	0.04926	0.00261	0.02963
7	0.00947	0.06219	0.11807	0.08451	0.12558	0.07156	0.18002	0.05313	0.02361	0.01354	0.10668	0.02645	0.03408	0.00577	0.03511	0.00146	0.00538	0.00444	0.00254	0.03641

[dist]
# distance from previous block
# <min> <max>
1	6

[block]
# block no. 7 follows, 64 sequences, length 9
# corresponding to MSA columns:
# 823-831
name=unknown_H
#
# <colnr> <probs for GDERKNQSTAVLIFYWHMCP>
#	G	D	E	R	K	N	Q	S	T	A	V	L	I	F	Y	W	H	M	C	P
0	0.01025	0.08281	0.01378	0.19327	0.12456	0.03015	0.08710	0.13597	0.05179	0.03081	0.03169	0.01431	0.04149	0.00522	0.00485	0.00134	0.06291	0.04949	0.02276	0.00544
1	0.04129	0.00493	0.00674	0.00779	0.07777	0.00499	0.00528	0.00773	0.00904	0.01276	0.20752	0.35764	0.05029	0.01105	0.04174	0.00178	0.04286	0.10121	0.00365	0.00395
2	0.00836	0.03733	0.13552	0.10140	0.01234	0.00716	0.03913	0.01216	0.12727	0.07642	0.24662	0.04343	0.08682	0.00670	0.00449	0.00136	0.00371	0.04124	0.00352	0.00502
3	0.06821	0.11793	0.27069	0.04736	0.01439	0.05187	0.04521	0.07459	0.16453	0.03938	0.00926	0.01008	0.00700	0.00454	0.00442	0.00130	0.05734	0.00343	0.00261	0.00585
4	0.00908	0.00513	0.00612	0.00550	0.00658	0.00502	0.00385	0.03322	0.05741	0.16695	0.14218	0.02315	0.01725	0.41394	0.01235	0.00259	0.00340	0.00559	0.07660	0.00409
5	0.00575	0.00396	0.00506	0.00559	0.00615	0.00367	0.00389	0.00666	0.00855	0.03825	0.10485	0.53191	0.11619	0.08803	0.00664	0.00183	0.00259	0.05307	0.00385	0.00351
6	0.01052	0.00852	0.01009	0.00867	0.01104	0.00946	0.06874	0.07018	0.56563	0.05095	0.01578	0.05414	0.01225	0.00569	0.00421	0.00137	0.00351	0.00489	0.07820	0.00617
7	0.14823	0.00935	0.01044	0.02556	0.04517	0.06277	0.06656	0.19915	0.16888	0.04570	0.10909	0.01404	0.02893	0.00524	0.00400	0.00129	0.00400	0.00429	0.04166	0.00565
8	0.03631	0.00499	0.00558	0.00503	0.00662	0.00434	0.00374	0.00757	0.00907	0.01249	0.17369	0.02891	0.31765	0.14737	0.00716	0.00167	0.00270	0.03849	0.00344	0.18319

[dist]
# distance from previous block
# <min> <max>
0	1

[block]
# block no. 8 follows, 64 sequences, length 25
# corresponding to MSA columns:
# 833-857
name=unknown_I
#
# <colnr> <probs for GDERKNQSTAVLIFYWHMCP>
#	G	D	E	R	K	N	Q	S	T	A	V	L	I	F	Y	W	H	M	C	P
0	0.15928	0.01024	0.01257	0.03302	0.30595	0.05650	0.00892	0.24873	0.01226	0.08449	0.00881	0.01008	0.00674	0.01968	0.00416	0.00130	0.00456	0.00349	0.00302	0.00620
1	0.00539	0.00415	0.00492	0.00489	0.00594	0.00369	0.00360	0.00683	0.01036	0.01371	0.41042	0.13743	0.35394	0.00987	0.00495	0.00139	0.00207	0.00855	0.00420	0.00369
2	0.01506	0.01883	0.01156	0.01050	0.01266	0.76403	0.00790	0.01707	0.08348	0.01081	0.00735	0.00820	0.00600	0.00440	0.00379	0.00110	0.00712	0.00285	0.00233	0.00497
3	0.01061	0.00957	0.01608	0.08826	0.71007	0.00969	0.01223	0.02748	0.00967	0.05436	0.00825	0.01053	0.00669	0.00383	0.00412	0.00125	0.00491	0.00372	0.00223	0.00646
4	0.01197	0.03164	0.04199	0.05230	0.05064	0.05205	0.00781	0.19761	0.43760	0.05135	0.01326	0.01286	0.00985	0.00512	0.00413	0.00132	0.00412	0.00414	0.00377	0.00647
5	0.01134	0.81124	0.02123	0.00730	0.01078	0.06087	0.00716	0.01266	0.00862	0.00979	0.00581	0.00671	0.00533	0.00359	0.00272	0.00090	0.00461	0.00225	0.00180	0.00530
6	0.01310	0.00631	0.00814	0.00664	0.00897	0.00578	0.00532	0.08498	0.01238	0.42564	0.30561	0.02119	0.06447	0.00661	0.00447	0.00130	0.00299	0.00558	0.00478	0.00575
7	0.05351	0.02519	0.07482	0.00700	0.00906	0.00625	0.02874	0.05629	0.04616	0.12834	0.24273	0.09526	0.08351	0.03019	0.06017	0.00179	0.00377	0.03862	0.00379	0.00481
8	0.06164	0.01157	0.05312	0.00953	0.02608	0.13198	0.04027	0.21664	0.22481	0.16349	0.01195	0.01161	0.00858	0.00488	0.00405	0.00128	0.00459	0.00384	0.00372	0.00635
9	0.00505	0.00374	0.00472	0.00548	0.00595	0.00341	0.00373	0.00586	0.00831	0.01084	0.04270	0.68429	0.17583	0.01246	0.00522	0.00163	0.00234	0.01116	0.00387	0.00341
10	0.00764	0.00597	0.03855	0.07615	0.08370	0.00543	0.00619	0.03381	0.00991	0.08227	0.19471	0.27322	0.09288	0.00889	0.00483	0.00147	0.00317	0.06305	0.00372	0.00446
11	0.06950	0.01960	0.01149	0.03402	0.13837	0.00991	0.00790	0.28319	0.13070	0.18427	0.01226	0.01363	0.00922	0.00518	0.00414	0.00132	0.00412	0.05089	0.00383	0.00647
12	0.05324	0.03644	0.02889	0.04972	0.08290	0.27332	0.02535	0.05069	0.18129	0.08361	0.01049	0.01159	0.00815	0.00479	0.00408	0.00124	0.02044	0.02062	0.04758	0.00559
13	0.00644	0.00435	0.00542	0.00584	0.04358	0.00448	0.00361	0.00717	0.00683	0.00987	0.01321	0.04021	0.02644	0.49355	0.17389	0.00384	0.00505	0.00546	0.13759	0.00318
14	0.49522	0.00909	0.00957	0.05736	0.18329	0.05186	0.00716	0.03483	0.04614	0.01639	0.00724	0.02207	0.00590	0.00425	0.00361	0.00130	0.03408	0.00302	0.00251	0.00511
15	0.01452	0.01198	0.01149	0.00928	0.01218	0.12630	0.00747	0.54232	0.14325	0.02208	0.01073	0.01075	0.00787	0.00498	0.00405	0.00123	0.00465	0.00375	0.04458	0.00653
16	0.00538	0.00388	0.00479	0.00528	0.00571	0.00363	0.00353	0.00615	0.00817	0.01082	0.11101	0.45346	0.13081	0.20032	0.00876	0.00214	0.00271	0.02656	0.00363	0.00327
17	0.01016	0.00970	0.04906	0.31720	0.30022	0.05066	0.05243	0.03927	0.00955	0.06967	0.00865	0.03382	0.00690	0.00436	0.00436	0.00132	0.02079	0.00394	0.00230	0.00564
18	0.04504	0.13457	0.17242	0.10333	0.01507	0.23598	0.04129	0.02894	0.08239	0.08066	0.00851	0.00947	0.00645	0.00429	0.00388	0.00121	0.01529	0.00321	0.00246	0.00552
19	0.01058	0.00527	0.00660	0.00584	0.00766	0.00461	0.00449	0.01179	0.01008	0.33845	0.06630	0.13780	0.27336	0.07475	0.00596	0.00161	0.00289	0.02280	0.00430	0.00486
20	0.00729	0.00482	0.00572	0.00535	0.00657	0.00447	0.00395	0.05126	0.01033	0.08877	0.28459	0.09242	0.25487	0.13796	0.00732	0.00178	0.00267	0.02183	0.00402	0.00400
21	0.05176	0.05348	0.09335	0.05508	0.05206	0.34664	0.02530	0.05347	0.04074	0.01234	0.02659	0.11306	0.00920	0.00553	0.00443	0.00126	0.04394	0.00423	0.00251	0.00502
22	0.01498	0.10586	0.05181	0.04795	0.03000	0.04973	0.05658	0.06379	0.01132	0.45243	0.02267	0.01391	0.00953	0.00504	0.00410	0.00127	0.00435	0.04447	0.00391	0.00630
23	0.07834	0.09361	0.05926	0.06364	0.02466	0.06672	0.04978	0.23645	0.07595	0.04780	0.05483	0.09235	0.01067	0.00552	0.00402	0.00128	0.00440	0.00450	0.02062	0.00562
24	0.04422	0.05529	0.09173	0.02601	0.03196	0.00838	0.01532	0.14766	0.03255	0.13468	0.02448	0.01225	0.00846	0.00460	0.00394	0.00110	0.02225	0.04047	0.03855	0.25608

[dist]
# distance from previous block
# <min> <max>
0	7

[block]
# block no. 9 follows, 64 sequences, length 26
# corresponding to MSA columns:
# 865-890
name=unknown_J
#
# <colnr> <probs for GDERKNQSTAVLIFYWHMCP>
#	G	D	E	R	K	N	Q	S	T	A	V	L	I	F	Y	W	H	M	C	P
0	0.08380	0.11384	0.40836	0.01119	0.07392	0.03577	0.03678	0.09305	0.02405	0.02719	0.03461	0.01009	0.02124	0.00428	0.00379	0.00125	0.00522	0.00335	0.00233	0.00588
1	0.06855	0.05927	0.24243	0.07812	0.12372	0.03912	0.22949	0.03196	0.00946	0.03956	0.00833	0.01094	0.00650	0.00410	0.00414	0.00132	0.00573	0.02936	0.00220	0.00571
2	0.03453	0.00432	0.00537	0.00572	0.00661	0.00401	0.00420	0.00759	0.00900	0.07143	0.10404	0.42683	0.17556	0.02808	0.00539	0.00163	0.00260	0.09537	0.00395	0.00379
3	0.12451	0.01030	0.09325	0.02256	0.08060	0.03362	0.04258	0.22662	0.01233	0.19135	0.03736	0.03623	0.00961	0.01787	0.00434	0.00136	0.00438	0.04160	0.00353	0.00601
4	0.03916	0.05146	0.02685	0.03894	0.04004	0.20991	0.02546	0.06841	0.03038	0.06343	0.05577	0.11097	0.04953	0.00763	0.03018	0.00152	0.00482	0.11563	0.02511	0.00481
5	0.00628	0.06620	0.00603	0.00499	0.00626	0.00463	0.00380	0.00760	0.00964	0.03643	0.21157	0.17734	0.34277	0.00930	0.00460	0.00135	0.00232	0.00795	0.08709	0.00385
6	0.10865	0.00985	0.07516	0.00835	0.03053	0.07304	0.05859	0.07006	0.02173	0.07755	0.09154	0.01143	0.00969	0.00425	0.00365	0.00103	0.00401	0.00346	0.00293	0.33450
7	0.79127	0.00837	0.00675	0.06667	0.00969	0.03638	0.00513	0.01224	0.00731	0.01778	0.00592	0.00709	0.00460	0.00389	0.00272	0.00129	0.00352	0.00237	0.00250	0.00452
8	0.00611	0.00388	0.00508	0.00537	0.00573	0.00372	0.00369	0.00603	0.00723	0.00947	0.04897	0.22271	0.12137	0.15280	0.01169	0.30558	0.00315	0.07172	0.00295	0.00276
9	0.82021	0.00830	0.00657	0.00576	0.00839	0.00958	0.00475	0.07059	0.00798	0.01919	0.00609	0.00698	0.00469	0.00394	0.00269	0.00128	0.00331	0.00236	0.00269	0.00469
10	0.04237	0.12139	0.33479	0.01141	0.06784	0.01036	0.09371	0.05477	0.09249	0.08051	0.00912	0.00996	0.00673	0.00412	0.00386	0.00124	0.00511	0.00343	0.00252	0.04428
11	0.00945	0.00819	0.01287	0.12532	0.30348	0.00847	0.07481	0.04169	0.11243	0.05128	0.13404	0.03893	0.05001	0.00538	0.00439	0.00132	0.00426	0.00497	0.00303	0.00565
12	0.01028	0.00987	0.01686	0.02550	0.82811	0.00987	0.01275	0.01275	0.00946	0.01357	0.00781	0.01028	0.00658	0.00370	0.00411	0.00123	0.00493	0.00370	0.00206	0.00658
13	0.00856	0.00546	0.00776	0.02142	0.06770	0.00508	0.03108	0.01060	0.02402	0.15793	0.48650	0.06743	0.07432	0.00763	0.00471	0.00133	0.00273	0.00675	0.00428	0.00472
14	0.02890	0.01192	0.11824	0.21371	0.22069	0.09978	0.11952	0.05722	0.02915	0.04918	0.00826	0.01030	0.00628	0.00406	0.00414	0.00129	0.00563	0.00369	0.00230	0.00574
15	0.02387	0.03733	0.04309	0.28343	0.07773	0.14087	0.08512	0.13234	0.03711	0.06446	0.00941	0.01107	0.02701	0.00444	0.00410	0.00128	0.00547	0.00375	0.00261	0.00551
16	0.00598	0.00389	0.00511	0.00548	0.00597	0.00368	0.00389	0.00609	0.00766	0.00995	0.05173	0.26988	0.17470	0.04968	0.00948	0.28471	0.00294	0.09308	0.00316	0.00292
17	0.00904	0.00926	0.08406	0.14291	0.20969	0.02554	0.07238	0.05527	0.05223	0.01375	0.02963	0.04408	0.06709	0.00521	0.00456	0.00131	0.04339	0.00453	0.12080	0.00529
18	0.02644	0.14657	0.16988	0.09843	0.15677	0.09533	0.06751	0.08982	0.05260	0.04623	0.00826	0.00962	0.00636	0.00410	0.00386	0.00122	0.00535	0.00338	0.00239	0.00588
19	0.01244	0.00614	0.00817	0.00693	0.00907	0.00594	0.00554	0.02565	0.08044	0.40107	0.14642	0.01792	0.02944	0.01224	0.21010	0.00263	0.00512	0.00490	0.00421	0.00562
20	0.00602	0.00415	0.00521	0.00527	0.00577	0.00403	0.00366	0.00688	0.00845	0.01152	0.27260	0.08347	0.04767	0.34647	0.03788	0.04741	0.00339	0.09356	0.00339	0.00319
21	0.01061	0.11580	0.23356	0.12419	0.04079	0.12387	0.03661	0.08708	0.14122	0.01383	0.00968	0.01068	0.02533	0.00447	0.00392	0.00125	0.00534	0.00353	0.00251	0.00574
22	0.03084	0.04233	0.31494	0.03665	0.11769	0.00888	0.09026	0.04093	0.03090	0.04439	0.01136	0.03473	0.01012	0.00567	0.00439	0.00142	0.00516	0.16117	0.00258	0.00559
23	0.00978	0.08048	0.01122	0.00853	0.07012	0.04652	0.03517	0.08055	0.00986	0.01416	0.02939	0.02838	0.00751	0.00377	0.00341	0.00083	0.00376	0.00308	0.00258	0.55090
24	0.00604	0.00403	0.00453	0.00453	0.00453	0.00403	0.00252	0.00604	0.00604	0.00805	0.01309	0.02718	0.01510	0.85402	0.02114	0.00403	0.00403	0.00604	0.00252	0.00252
25	0.00801	0.00821	0.06552	0.32701	0.10828	0.02867	0.02028	0.02415	0.08074	0.01253	0.05252	0.05282	0.14105	0.00601	0.00435	0.00137	0.00439	0.02347	0.02574	0.00487

[dist]
# distance from previous block
# <min> <max>
0	148

# created by:
# /home/cegg/simao/soft/augustus-3.2.1/scripts/msa2prfl.pl ./align_prep/EOG092C4HDL.fa
