[name]
unknown

[dist]
# distance from previous block
# <min> <max>
0	63

[block]
# block no. 0 follows, 68 sequences, length 9
# corresponding to MSA columns:
# 245-252,264
name=unknown_A
#
# <colnr> <probs for GDERKNQSTAVLIFYWHMCP>
#	G	D	E	R	K	N	Q	S	T	A	V	L	I	F	Y	W	H	M	C	P
0	0.00750	0.24140	0.02479	0.00723	0.03148	0.00786	0.07760	0.00883	0.00833	0.02316	0.01892	0.07341	0.23753	0.05874	0.03390	0.03018	0.00385	0.09846	0.00273	0.00410
1	0.01481	0.01890	0.01124	0.01021	0.01226	0.84474	0.00766	0.01583	0.01124	0.00970	0.00613	0.00715	0.00511	0.00409	0.00358	0.00102	0.00715	0.00255	0.00204	0.00460
2	0.11558	0.06585	0.14947	0.00760	0.01104	0.00783	0.00723	0.07956	0.01058	0.43480	0.03868	0.01141	0.00861	0.00451	0.00367	0.00119	0.00383	0.00350	0.00370	0.03136
3	0.01415	0.14197	0.01252	0.00949	0.01182	0.63648	0.00742	0.04646	0.03598	0.03911	0.00680	0.00758	0.00554	0.00408	0.00347	0.00102	0.00636	0.00264	0.00223	0.00488
4	0.00901	0.00752	0.00865	0.00625	0.00973	0.00610	0.00503	0.10406	0.00943	0.01432	0.00733	0.00837	0.00597	0.00315	0.00306	0.00066	0.00310	0.00249	0.00254	0.78324
5	0.00856	0.08657	0.07497	0.00788	0.03538	0.04731	0.00641	0.01462	0.38656	0.01363	0.05625	0.12828	0.10414	0.00653	0.00409	0.00130	0.00339	0.00548	0.00341	0.00521
6	0.00500	0.00399	0.00449	0.00445	0.00557	0.00347	0.00331	0.00627	0.00965	0.01239	0.30248	0.09810	0.50765	0.00958	0.00471	0.00133	0.00198	0.00819	0.00391	0.00347
7	0.00684	0.00626	0.00694	0.02282	0.08125	0.10192	0.00514	0.00785	0.00813	0.01034	0.06322	0.33339	0.10312	0.10553	0.08206	0.00213	0.03904	0.00734	0.00298	0.00370
8	0.01164	0.18269	0.24230	0.03779	0.01349	0.14530	0.02754	0.13813	0.04247	0.09226	0.00886	0.00942	0.02278	0.00419	0.00360	0.00113	0.00510	0.00314	0.00254	0.00563

[dist]
# distance from previous block
# <min> <max>
12	96

[block]
# block no. 1 follows, 68 sequences, length 28
# corresponding to MSA columns:
# 382-409
name=unknown_B
#
# <colnr> <probs for GDERKNQSTAVLIFYWHMCP>
#	G	D	E	R	K	N	Q	S	T	A	V	L	I	F	Y	W	H	M	C	P
0	0.04189	0.12368	0.25310	0.00869	0.01948	0.03043	0.04270	0.11312	0.02751	0.02039	0.02686	0.08301	0.00873	0.05266	0.01426	0.07055	0.02540	0.00400	0.00240	0.03114
1	0.01040	0.42929	0.11893	0.00795	0.01110	0.08718	0.01563	0.09004	0.03592	0.01886	0.00943	0.02327	0.03340	0.01268	0.00355	0.00112	0.00454	0.07926	0.00233	0.00512
2	0.05773	0.34073	0.24327	0.00975	0.06611	0.03949	0.05157	0.04695	0.02393	0.01209	0.01865	0.04482	0.00672	0.00408	0.00334	0.00109	0.00473	0.00316	0.00205	0.01974
3	0.03036	0.18622	0.22468	0.00812	0.01115	0.08458	0.00806	0.06986	0.02403	0.06638	0.02126	0.12596	0.02025	0.02325	0.06097	0.00935	0.00491	0.01309	0.00255	0.00498
4	0.03243	0.03992	0.20853	0.03287	0.03222	0.02003	0.00819	0.07848	0.15213	0.08328	0.05390	0.03233	0.05540	0.00588	0.01487	0.00134	0.01323	0.07440	0.00308	0.05750
5	0.00911	0.05070	0.38135	0.05793	0.02877	0.02728	0.01789	0.02839	0.02250	0.10828	0.08521	0.03839	0.02268	0.04091	0.00471	0.01307	0.00460	0.00393	0.00256	0.05173
6	0.02246	0.24044	0.58329	0.01008	0.01516	0.01087	0.02976	0.01246	0.00833	0.02350	0.00681	0.00794	0.00512	0.00367	0.00345	0.00115	0.00538	0.00276	0.00174	0.00564
7	0.04293	0.09498	0.05400	0.01592	0.02232	0.00689	0.01369	0.01091	0.02107	0.06289	0.03573	0.02488	0.02800	0.00380	0.00330	0.00082	0.01297	0.00301	0.00253	0.53935
8	0.00500	0.00427	0.00477	0.07047	0.00719	0.00383	0.00378	0.00621	0.00907	0.01098	0.07974	0.03573	0.70312	0.00949	0.00465	0.00135	0.00230	0.03103	0.00357	0.00346
9	0.07933	0.79609	0.01961	0.00666	0.00998	0.01516	0.00659	0.01186	0.00795	0.00999	0.00551	0.00637	0.00503	0.00341	0.00254	0.00088	0.00415	0.00212	0.00176	0.00503
10	0.01172	0.01377	0.34931	0.01976	0.03480	0.03314	0.06576	0.13606	0.03623	0.20690	0.00978	0.01011	0.00676	0.00417	0.00388	0.00121	0.00490	0.00343	0.00292	0.04539
11	0.00940	0.11616	0.05379	0.02709	0.03831	0.02873	0.55658	0.01220	0.00887	0.01188	0.00770	0.02900	0.00623	0.00388	0.00499	0.00130	0.07246	0.00426	0.00197	0.00520
12	0.00818	0.04388	0.75142	0.01092	0.01642	0.00945	0.01377	0.01320	0.07258	0.01278	0.00778	0.00882	0.00558	0.00388	0.00375	0.00125	0.00560	0.00303	0.00186	0.00587
13	0.00487	0.00399	0.00419	0.00418	0.00534	0.00342	0.00306	0.00587	0.00896	0.01098	0.11750	0.06049	0.66596	0.07650	0.00591	0.00153	0.00215	0.00813	0.00365	0.00331
14	0.00665	0.00431	0.00590	0.00574	0.00639	0.00465	0.00416	0.00760	0.00656	0.07362	0.01164	0.01890	0.01142	0.30753	0.50146	0.00512	0.00777	0.00474	0.00244	0.00341
15	0.11406	0.65886	0.10020	0.00708	0.01058	0.01411	0.00726	0.01212	0.02652	0.01081	0.00591	0.00676	0.00515	0.00351	0.00269	0.00094	0.00424	0.00226	0.00184	0.00510
16	0.00607	0.00438	0.00550	0.00598	0.00657	0.00432	0.00419	0.10212	0.00893	0.01191	0.02038	0.74277	0.02386	0.01149	0.00494	0.00156	0.00257	0.02512	0.00371	0.00364
17	0.00640	0.00517	0.00547	0.00515	0.00665	0.00495	0.00391	0.10355	0.07772	0.01306	0.06917	0.11261	0.55320	0.00918	0.00458	0.00134	0.00240	0.00771	0.00378	0.00400
18	0.01232	0.00758	0.01020	0.25954	0.03925	0.00800	0.00761	0.19706	0.01164	0.28492	0.01435	0.01453	0.10507	0.00516	0.00406	0.00126	0.00405	0.00426	0.00352	0.00563
19	0.01135	0.03509	0.01067	0.00897	0.02383	0.10953	0.00706	0.21075	0.33895	0.01621	0.01106	0.01139	0.00856	0.00623	0.04281	0.00151	0.11279	0.00376	0.00326	0.02623
20	0.00516	0.00439	0.00460	0.00434	0.00592	0.00361	0.00331	0.00629	0.00898	0.01110	0.05039	0.03463	0.70121	0.00919	0.00450	0.00126	0.00216	0.02791	0.00354	0.10751
21	0.01283	0.01019	0.01099	0.00924	0.03570	0.07210	0.02991	0.47337	0.12479	0.03998	0.01068	0.01176	0.00816	0.00717	0.08122	0.00169	0.00495	0.02375	0.02550	0.00602
22	0.01032	0.76191	0.01929	0.00668	0.01008	0.01446	0.00654	0.01165	0.00808	0.00975	0.00569	0.00658	0.00518	0.00334	0.00259	0.00082	0.00409	0.00215	0.00177	0.10903
23	0.00822	0.00705	0.00822	0.00587	0.00940	0.00529	0.00470	0.00998	0.00822	0.01292	0.00705	0.00822	0.00587	0.00294	0.00294	0.00059	0.00294	0.00235	0.00235	0.88490
24	0.00879	0.01940	0.74226	0.01104	0.01659	0.00957	0.01381	0.10827	0.00958	0.01403	0.00740	0.00851	0.00523	0.00388	0.00379	0.00125	0.00568	0.00301	0.00195	0.00596
25	0.00862	0.00848	0.01168	0.00987	0.01029	0.01133	0.00820	0.00959	0.00633	0.00994	0.00542	0.00862	0.00528	0.00647	0.01182	0.00160	0.75292	0.00334	0.00181	0.10837
26	0.00779	0.00669	0.00782	0.02715	0.00937	0.00515	0.00466	0.00948	0.00831	0.01259	0.01096	0.01182	0.10373	0.00380	0.00317	0.00069	0.00289	0.00309	0.00249	0.75835
27	0.03274	0.00636	0.00694	0.10623	0.00949	0.10358	0.00540	0.00796	0.00823	0.01066	0.07407	0.42881	0.07915	0.02132	0.00553	0.00149	0.07746	0.00781	0.00309	0.00368

[dist]
# distance from previous block
# <min> <max>
0	2

[block]
# block no. 2 follows, 68 sequences, length 16
# corresponding to MSA columns:
# 417-432
name=unknown_C
#
# <colnr> <probs for GDERKNQSTAVLIFYWHMCP>
#	G	D	E	R	K	N	Q	S	T	A	V	L	I	F	Y	W	H	M	C	P
0	0.00483	0.00345	0.00460	0.00552	0.00575	0.00322	0.00368	0.00552	0.00759	0.01012	0.02185	0.85807	0.02622	0.01242	0.00506	0.00161	0.00230	0.01127	0.00368	0.00322
1	0.33841	0.01255	0.32395	0.00811	0.01191	0.00878	0.00867	0.01411	0.11402	0.11163	0.00868	0.00908	0.00622	0.00408	0.00334	0.00125	0.00417	0.00296	0.00265	0.00543
2	0.00970	0.04031	0.10700	0.01301	0.01653	0.03723	0.45774	0.11498	0.01025	0.02638	0.00987	0.11946	0.00861	0.00479	0.00442	0.00132	0.00561	0.00503	0.00247	0.00529
3	0.00493	0.00357	0.00481	0.00558	0.00591	0.00345	0.00382	0.00573	0.00748	0.01002	0.02099	0.72325	0.04981	0.01458	0.11347	0.00222	0.00337	0.01027	0.00348	0.00327
4	0.07781	0.00834	0.00924	0.06175	0.03953	0.08301	0.00638	0.15100	0.01156	0.35033	0.01552	0.01564	0.11492	0.00547	0.00397	0.00124	0.00386	0.03095	0.00381	0.00566
5	0.00590	0.00465	0.00604	0.00558	0.00644	0.00478	0.00430	0.00755	0.01031	0.01449	0.63728	0.02788	0.12321	0.00817	0.00575	0.00132	0.11181	0.00683	0.00395	0.00377
6	0.12027	0.00485	0.00564	0.00520	0.00650	0.00477	0.00398	0.00907	0.04966	0.05095	0.60743	0.02572	0.07640	0.00738	0.00433	0.00125	0.00216	0.00633	0.00409	0.00404
7	0.01230	0.01249	0.01163	0.07316	0.06736	0.31624	0.05694	0.24237	0.02814	0.01465	0.00958	0.11846	0.00858	0.00529	0.00401	0.00120	0.00533	0.00427	0.00281	0.00520
8	0.00723	0.00498	0.00703	0.00671	0.02175	0.00455	0.06613	0.03232	0.00867	0.10593	0.02113	0.45656	0.14200	0.04895	0.00540	0.00154	0.00292	0.00848	0.00355	0.04418
9	0.01015	0.29026	0.15750	0.00885	0.04642	0.04146	0.05103	0.05898	0.00920	0.05240	0.01897	0.00843	0.00616	0.00359	0.00324	0.00094	0.00439	0.00277	0.00222	0.22304
10	0.00968	0.44795	0.12537	0.00973	0.01308	0.03167	0.17195	0.01173	0.00823	0.01049	0.00691	0.04403	0.00618	0.00416	0.00423	0.00112	0.08332	0.00326	0.00185	0.00508
11	0.00537	0.00440	0.00473	0.00438	0.00593	0.00366	0.00332	0.00662	0.00921	0.01186	0.14621	0.03229	0.58710	0.00867	0.00439	0.00121	0.00210	0.00726	0.03405	0.11721
12	0.00961	0.01999	0.16051	0.05952	0.04899	0.00991	0.14019	0.09367	0.12244	0.04499	0.01976	0.01081	0.00728	0.00597	0.03906	0.01893	0.17671	0.00381	0.00249	0.00537
13	0.00514	0.00389	0.00471	0.00480	0.00566	0.00350	0.00347	0.00641	0.00952	0.01267	0.36929	0.23515	0.27849	0.03271	0.00519	0.00143	0.00207	0.00850	0.00393	0.00346
14	0.03885	0.06796	0.02840	0.03942	0.06796	0.05700	0.01524	0.12258	0.32015	0.02735	0.02337	0.03688	0.06194	0.00547	0.00453	0.00129	0.06071	0.01211	0.00323	0.00556
15	0.09468	0.19090	0.04064	0.02372	0.02828	0.07478	0.02355	0.05392	0.02057	0.01260	0.00677	0.00816	0.00569	0.00463	0.03270	0.00114	0.07136	0.00266	0.00220	0.30105

[dist]
# distance from previous block
# <min> <max>
1	40

[block]
# block no. 3 follows, 68 sequences, length 83
# corresponding to MSA columns:
# 587-656,667-679
name=unknown_D
#
# <colnr> <probs for GDERKNQSTAVLIFYWHMCP>
#	G	D	E	R	K	N	Q	S	T	A	V	L	I	F	Y	W	H	M	C	P
0	0.00915	0.02820	0.20950	0.13072	0.04438	0.03782	0.05364	0.08942	0.15010	0.01322	0.00929	0.02395	0.00751	0.04474	0.03958	0.00164	0.09564	0.00380	0.00244	0.00528
1	0.00566	0.00407	0.00515	0.00490	0.00591	0.00370	0.00367	0.00735	0.01075	0.02962	0.66872	0.06519	0.15347	0.00851	0.00468	0.00128	0.00194	0.00746	0.00425	0.00372
2	0.00694	0.02544	0.03446	0.06605	0.02943	0.00590	0.03187	0.01825	0.15451	0.03128	0.12186	0.32412	0.08976	0.02517	0.00485	0.00146	0.00303	0.01783	0.00349	0.00430
3	0.00539	0.00402	0.00501	0.00482	0.00580	0.00364	0.00359	0.00703	0.01061	0.01459	0.63643	0.07130	0.19574	0.00870	0.00470	0.00128	0.00192	0.00761	0.00420	0.00364
4	0.00755	0.02813	0.41993	0.15174	0.09659	0.00826	0.01140	0.01070	0.00810	0.01154	0.00955	0.14722	0.00879	0.00606	0.02970	0.00148	0.03161	0.00449	0.00206	0.00510
5	0.00510	0.00387	0.00428	0.00443	0.00517	0.00349	0.00301	0.00585	0.00801	0.01017	0.07912	0.18011	0.40406	0.24247	0.00895	0.00206	0.00255	0.00803	0.01618	0.00310
6	0.00986	0.00852	0.00897	0.00807	0.01031	0.00986	0.00628	0.02107	0.82876	0.01659	0.01614	0.01479	0.01210	0.00538	0.00403	0.00134	0.00314	0.00448	0.00403	0.00628
7	0.00822	0.00705	0.00822	0.00587	0.00940	0.00529	0.00470	0.00998	0.00822	0.01292	0.00705	0.00822	0.00587	0.00294	0.00294	0.00059	0.00294	0.00235	0.00235	0.88490
8	0.00986	0.00852	0.00897	0.00807	0.01031	0.00986	0.00628	0.02107	0.82876	0.01659	0.01614	0.01479	0.01210	0.00538	0.00403	0.00134	0.00314	0.00448	0.00403	0.00628
9	0.00519	0.00428	0.00458	0.00446	0.00576	0.00381	0.00336	0.00697	0.05650	0.01219	0.21375	0.03494	0.61151	0.00935	0.00465	0.00132	0.00204	0.00788	0.00385	0.00360
10	0.01031	0.00921	0.00957	0.00787	0.01064	0.07375	0.02495	0.10597	0.40190	0.01576	0.01162	0.01148	0.00889	0.00441	0.00367	0.00107	0.00361	0.00357	0.00330	0.27847
11	0.00920	0.00856	0.01198	0.01022	0.01039	0.01178	0.00851	0.01010	0.00637	0.05707	0.00580	0.00895	0.00547	0.00682	0.01249	0.00171	0.80468	0.00350	0.00192	0.00448
12	0.00739	0.00370	0.00370	0.00370	0.00462	0.00370	0.00277	0.00924	0.00831	0.01478	0.01293	0.01478	0.01016	0.00462	0.00277	0.00092	0.00185	0.00370	0.88267	0.00370
13	0.10682	0.01066	0.01127	0.00875	0.01175	0.01193	0.00723	0.70999	0.01697	0.02371	0.00895	0.00917	0.00643	0.00472	0.00411	0.00121	0.03276	0.00342	0.00373	0.00640
14	0.00531	0.00380	0.00515	0.00607	0.00651	0.00364	0.00452	0.00636	0.00807	0.01066	0.02159	0.60600	0.02517	0.01197	0.00519	0.00168	0.00272	0.25857	0.00367	0.00335
15	0.01676	0.00739	0.00946	0.00734	0.01033	0.00691	0.00603	0.13032	0.05915	0.66358	0.01477	0.01304	0.00953	0.00491	0.00396	0.00122	0.00347	0.00395	0.02119	0.00666
16	0.00986	0.00852	0.00897	0.00807	0.01031	0.00986	0.00628	0.02107	0.82876	0.01659	0.01614	0.01479	0.01210	0.00538	0.00403	0.00134	0.00314	0.00448	0.00403	0.00628
17	0.00519	0.00375	0.00489	0.00521	0.00578	0.00347	0.00366	0.00640	0.00922	0.01266	0.38262	0.44521	0.05897	0.02755	0.00518	0.00148	0.00213	0.00924	0.00396	0.00344
18	0.00470	0.00398	0.00406	0.00412	0.00538	0.00334	0.00306	0.00568	0.00893	0.01067	0.03886	0.09668	0.77663	0.01021	0.00471	0.00136	0.00203	0.00858	0.00368	0.00334
19	0.88866	0.00767	0.00583	0.00521	0.00767	0.00889	0.00429	0.01166	0.00675	0.01779	0.00552	0.00644	0.00429	0.00368	0.00245	0.00123	0.00307	0.00215	0.00245	0.00429
20	0.00483	0.00345	0.00460	0.00552	0.00575	0.00322	0.00368	0.00552	0.00759	0.01012	0.02185	0.85807	0.02622	0.01242	0.00506	0.00161	0.00230	0.01127	0.00368	0.00322
21	0.51261	0.00754	0.00688	0.00587	0.00827	0.00837	0.00479	0.13129	0.03936	0.10380	0.00860	0.00912	0.00635	0.00416	0.00294	0.00118	0.00312	0.00285	0.12801	0.00490
22	0.00509	0.00395	0.00463	0.00464	0.00565	0.00349	0.00341	0.00641	0.00973	0.01277	0.36558	0.15313	0.38812	0.00959	0.00474	0.00134	0.00199	0.00829	0.00396	0.00349
23	0.00760	0.00713	0.01199	0.76048	0.08743	0.00868	0.01085	0.01019	0.00812	0.01054	0.03487	0.01115	0.00644	0.00407	0.00399	0.00131	0.00513	0.00365	0.00186	0.00452
24	0.00565	0.00404	0.00525	0.00495	0.00587	0.00374	0.00370	0.00749	0.01108	0.01574	0.80530	0.02928	0.03653	0.02200	0.00490	0.00128	0.00190	0.00708	0.02048	0.00372
25	0.00749	0.00705	0.01189	0.85113	0.02731	0.00881	0.01101	0.01013	0.00793	0.01013	0.00705	0.01057	0.00529	0.00396	0.00396	0.00132	0.00529	0.00352	0.00176	0.00440
26	0.00483	0.00345	0.00460	0.00552	0.00575	0.00322	0.00368	0.00552	0.00759	0.01012	0.02185	0.85807	0.02622	0.01242	0.00506	0.00161	0.00230	0.01127	0.00368	0.00322
27	0.00708	0.04411	0.49568	0.00933	0.01315	0.00745	0.03776	0.01024	0.00830	0.01185	0.03883	0.24124	0.02714	0.00651	0.00419	0.00135	0.00461	0.02385	0.00240	0.00493
28	0.00874	0.00955	0.03510	0.46408	0.04221	0.07164	0.28855	0.01154	0.00870	0.01110	0.00732	0.01029	0.00554	0.00375	0.00417	0.00130	0.00590	0.00383	0.00187	0.00482
29	0.01536	0.00827	0.00976	0.00761	0.01048	0.00836	0.00624	0.34264	0.04097	0.40064	0.02641	0.01231	0.00913	0.00489	0.00389	0.00119	0.00361	0.00386	0.07796	0.00643
30	0.00483	0.00345	0.00460	0.00552	0.00575	0.00322	0.00368	0.00552	0.00759	0.01012	0.02185	0.85807	0.02622	0.01242	0.00506	0.00161	0.00230	0.01127	0.00368	0.00322
31	0.00833	0.00712	0.00828	0.00594	0.00944	0.00543	0.00475	0.02001	0.01873	0.01311	0.00719	0.00832	0.00596	0.00299	0.00296	0.00060	0.00296	0.00239	0.00239	0.86310
32	0.02554	0.06269	0.04972	0.00678	0.01023	0.03887	0.00579	0.09974	0.02617	0.04790	0.01623	0.00875	0.00643	0.00344	0.00316	0.00078	0.00349	0.00266	0.00260	0.57902
33	0.02452	0.00919	0.01197	0.59431	0.08625	0.13344	0.01024	0.04874	0.00904	0.02513	0.00718	0.00993	0.00546	0.00400	0.00388	0.00126	0.00541	0.00337	0.00199	0.00472
34	0.00575	0.00398	0.00508	0.00508	0.00534	0.00424	0.00335	0.00623	0.00597	0.00822	0.01169	0.02189	0.01262	0.54139	0.31772	0.02493	0.00628	0.00516	0.00229	0.00280
35	0.00807	0.00765	0.01290	0.63745	0.22055	0.00902	0.01124	0.01061	0.00816	0.01080	0.00711	0.01035	0.00552	0.00392	0.00412	0.00129	0.02106	0.00352	0.00181	0.00485
36	0.00531	0.00401	0.00488	0.00472	0.00572	0.00360	0.00350	0.00684	0.01030	0.01396	0.54951	0.07256	0.26461	0.02678	0.00502	0.00135	0.00197	0.00768	0.00409	0.00357
37	0.01004	0.58332	0.06905	0.03204	0.04286	0.02318	0.00740	0.01306	0.12953	0.01089	0.01816	0.00913	0.02890	0.00397	0.00303	0.00099	0.00417	0.00285	0.00214	0.00527
38	0.00519	0.00402	0.00472	0.00459	0.00567	0.00355	0.00342	0.00664	0.01016	0.01346	0.46353	0.06168	0.38091	0.00909	0.00469	0.00130	0.00194	0.00783	0.00405	0.00355
39	0.00723	0.00655	0.00998	0.41807	0.11857	0.01965	0.00851	0.00950	0.03810	0.01073	0.02188	0.16149	0.06506	0.04269	0.00514	0.00148	0.02363	0.02499	0.00244	0.00432
40	0.00536	0.00396	0.00463	0.00475	0.00574	0.00358	0.00357	0.00672	0.00939	0.01257	0.25731	0.14955	0.35059	0.00940	0.00462	0.00135	0.00213	0.07567	0.08559	0.00350
41	0.00947	0.00907	0.01539	0.14386	0.66721	0.00936	0.03151	0.01222	0.03981	0.01267	0.00774	0.01013	0.00635	0.00366	0.00395	0.00121	0.00478	0.00360	0.00201	0.00598
42	0.00887	0.04215	0.44986	0.01328	0.19744	0.00897	0.03361	0.03593	0.01744	0.02734	0.02267	0.00925	0.00623	0.00374	0.00372	0.00115	0.00505	0.00315	0.00202	0.10815
43	0.76889	0.02321	0.00674	0.00582	0.00826	0.09319	0.00474	0.02796	0.00745	0.01697	0.00566	0.00657	0.00444	0.00374	0.00260	0.00120	0.00352	0.00222	0.00243	0.00439
44	0.01191	0.00940	0.01002	0.00842	0.01102	0.01064	0.00672	0.30826	0.51977	0.03842	0.01375	0.01287	0.01013	0.00515	0.00401	0.00129	0.00358	0.00414	0.00403	0.00645
45	0.00904	0.00881	0.01213	0.01034	0.01052	0.01215	0.00861	0.05615	0.00679	0.01043	0.00545	0.00872	0.00529	0.00681	0.01249	0.00170	0.80474	0.00348	0.00186	0.00448
46	0.01183	0.01959	0.01685	0.03334	0.01618	0.04740	0.40500	0.16945	0.07413	0.13303	0.02605	0.01134	0.00771	0.00414	0.00430	0.00127	0.00536	0.00425	0.00299	0.00579
47	0.01274	0.01071	0.01417	0.01081	0.01400	0.02927	0.20640	0.46356	0.16135	0.02015	0.01027	0.01070	0.00749	0.00451	0.00414	0.00125	0.00477	0.00398	0.00346	0.00627
48	0.02493	0.23381	0.45808	0.00928	0.01391	0.01037	0.01081	0.02599	0.01801	0.14749	0.00821	0.00875	0.00592	0.00389	0.00347	0.00115	0.00494	0.00291	0.00228	0.00580
49	0.02301	0.24756	0.10312	0.00957	0.02975	0.26062	0.03370	0.05188	0.00953	0.05271	0.00705	0.00882	0.00592	0.00444	0.00466	0.00115	0.11572	0.02358	0.00215	0.00508
50	0.01122	0.01157	0.16585	0.01308	0.01714	0.00908	0.44150	0.05431	0.02876	0.19216	0.00977	0.01092	0.00683	0.00387	0.00432	0.00129	0.00562	0.00416	0.00272	0.00583
51	0.00590	0.00408	0.00531	0.00507	0.00602	0.00375	0.00377	0.00762	0.01081	0.04187	0.70242	0.10445	0.06696	0.00847	0.00469	0.00128	0.00196	0.00749	0.00429	0.00378
52	0.01481	0.01890	0.01124	0.01021	0.01226	0.84474	0.00766	0.01583	0.01124	0.00970	0.00613	0.00715	0.00511	0.00409	0.00358	0.00102	0.00715	0.00255	0.00204	0.00460
53	0.00973	0.00934	0.01595	0.05263	0.80825	0.00940	0.01213	0.01210	0.00899	0.01286	0.00744	0.00984	0.00625	0.00355	0.00393	0.00118	0.00473	0.00353	0.00196	0.00622
54	0.00936	0.01070	0.02340	0.01671	0.02072	0.01003	0.82152	0.01270	0.00936	0.01270	0.00802	0.01070	0.00602	0.00334	0.00468	0.00134	0.00668	0.00468	0.00201	0.00535
55	0.00483	0.00345	0.00460	0.00552	0.00575	0.00322	0.00368	0.00552	0.00759	0.01012	0.02185	0.85807	0.02622	0.01242	0.00506	0.00161	0.00230	0.01127	0.00368	0.00322
56	0.15411	0.01372	0.01002	0.00893	0.02880	0.46193	0.00678	0.04766	0.01079	0.20867	0.00846	0.00870	0.00619	0.00423	0.00352	0.00111	0.00544	0.00289	0.00286	0.00518
57	0.01060	0.86304	0.02078	0.00678	0.01018	0.01569	0.00678	0.01187	0.00806	0.00933	0.00551	0.00636	0.00509	0.00339	0.00254	0.00085	0.00424	0.00212	0.00170	0.00509
58	0.00981	0.00942	0.01609	0.02434	0.83592	0.00942	0.01217	0.01217	0.00903	0.01295	0.00746	0.00981	0.00628	0.00353	0.00393	0.00118	0.00471	0.00353	0.00196	0.00628
59	0.00795	0.02051	0.84011	0.01130	0.01716	0.00921	0.01465	0.01256	0.00837	0.01256	0.00712	0.00837	0.00502	0.00377	0.00377	0.00126	0.00586	0.00293	0.00167	0.00586
60	0.00749	0.00705	0.01189	0.85113	0.02731	0.00881	0.01101	0.01013	0.00793	0.01013	0.00705	0.01057	0.00529	0.00396	0.00396	0.00132	0.00529	0.00352	0.00176	0.00440
61	0.00561	0.00405	0.00530	0.00499	0.00592	0.00374	0.00374	0.00748	0.01122	0.01590	0.83383	0.02962	0.03741	0.00811	0.00468	0.00125	0.00187	0.00717	0.00436	0.00374
62	0.01700	0.00678	0.00947	0.00731	0.01030	0.00592	0.03040	0.01868	0.02131	0.77567	0.01563	0.04181	0.01028	0.00512	0.00404	0.00124	0.00343	0.00426	0.00477	0.00658
63	0.01765	0.00697	0.00934	0.00716	0.01023	0.00615	0.00591	0.05961	0.01171	0.79787	0.01534	0.01330	0.00966	0.00490	0.00399	0.00122	0.00342	0.00397	0.00486	0.00675
64	0.01779	0.00675	0.00920	0.00705	0.01012	0.00583	0.00583	0.01932	0.01135	0.83867	0.01564	0.01350	0.00981	0.00491	0.00399	0.00123	0.00337	0.00399	0.00491	0.00675
65	0.00574	0.00363	0.00452	0.00515	0.00565	0.00345	0.00362	0.00681	0.00794	0.02189	0.01974	0.57098	0.03493	0.01020	0.00448	0.00144	0.00227	0.05493	0.22924	0.00341
66	0.00793	0.02011	0.82074	0.01116	0.01688	0.00907	0.01439	0.01239	0.00830	0.01242	0.00711	0.00846	0.00507	0.00400	0.00404	0.02175	0.00580	0.00294	0.00168	0.00576
67	0.01481	0.01890	0.01124	0.01021	0.01226	0.84474	0.00766	0.01583	0.01124	0.00970	0.00613	0.00715	0.00511	0.00409	0.00358	0.00102	0.00715	0.00255	0.00204	0.00460
68	0.06096	0.25959	0.18593	0.07132	0.04624	0.04636	0.06275	0.04086	0.02099	0.05709	0.00726	0.00839	0.00566	0.00367	0.00333	0.00105	0.00468	0.00285	0.00215	0.10887
69	0.01095	0.01010	0.01405	0.01106	0.01360	0.07551	0.23709	0.10225	0.23725	0.06870	0.01030	0.01122	0.00782	0.00480	0.00562	0.00134	0.14429	0.00404	0.00294	0.02707
70	0.00483	0.00345	0.00460	0.00552	0.00575	0.00322	0.00368	0.00552	0.00759	0.01012	0.02185	0.85807	0.02622	0.01242	0.00506	0.00161	0.00230	0.01127	0.00368	0.00322
71	0.00654	0.00491	0.00726	0.09479	0.07530	0.00488	0.02464	0.00797	0.00858	0.04794	0.07912	0.36361	0.07644	0.02196	0.00505	0.00155	0.00318	0.15899	0.00339	0.00391
72	0.39701	0.02729	0.12853	0.02397	0.03953	0.14524	0.02064	0.14014	0.01875	0.01630	0.00673	0.00767	0.00513	0.00394	0.00320	0.00119	0.00451	0.00269	0.00248	0.00508
73	0.00593	0.00438	0.00558	0.00543	0.00640	0.00422	0.00413	0.00834	0.06789	0.01498	0.62241	0.07188	0.04690	0.02823	0.00509	0.00139	0.00221	0.08658	0.00418	0.00385
74	0.00516	0.00387	0.00479	0.00492	0.00574	0.00349	0.00355	0.00648	0.00963	0.01296	0.40600	0.27745	0.22176	0.00984	0.00479	0.00138	0.00203	0.00867	0.00400	0.00349
75	0.08173	0.15416	0.15075	0.04516	0.05964	0.11922	0.06495	0.20529	0.01105	0.02329	0.00743	0.00881	0.00580	0.00414	0.00389	0.00117	0.03329	0.01229	0.00243	0.00551
76	0.09423	0.02965	0.01621	0.03322	0.42224	0.07297	0.20208	0.01260	0.02788	0.01295	0.00738	0.00951	0.00599	0.00370	0.00420	0.00123	0.03271	0.00358	0.00206	0.00562
77	0.00661	0.00434	0.00570	0.00636	0.00728	0.00433	0.00544	0.00845	0.00898	0.01268	0.03997	0.03703	0.02011	0.00934	0.00480	0.00159	0.00317	0.59217	0.21798	0.00366
78	0.00535	0.00369	0.00492	0.00572	0.00615	0.00345	0.00404	0.00621	0.00792	0.03170	0.02220	0.71065	0.05255	0.01197	0.00507	0.00162	0.00248	0.10724	0.00371	0.00337
79	0.02261	0.03202	0.27673	0.00972	0.05078	0.00927	0.00933	0.24945	0.04282	0.20128	0.01943	0.01917	0.00772	0.02656	0.00429	0.00129	0.00451	0.00361	0.00324	0.00618
80	0.03059	0.00934	0.03071	0.00819	0.01070	0.03033	0.00658	0.12367	0.63412	0.01729	0.01423	0.01333	0.01065	0.00510	0.00393	0.00128	0.00346	0.00415	0.00382	0.03853
81	0.00896	0.00442	0.00498	0.00458	0.00582	0.00440	0.00353	0.01091	0.02869	0.14100	0.02976	0.01502	0.01068	0.02497	0.02535	0.00121	0.02181	0.00389	0.64581	0.00421
82	0.08626	0.08802	0.05418	0.02066	0.23442	0.02054	0.04466	0.02173	0.03768	0.06009	0.15531	0.07625	0.01343	0.00580	0.02058	0.00132	0.02517	0.00458	0.02426	0.00508

[dist]
# distance from previous block
# <min> <max>
0	45

# created by:
# /home/cegg/simao/soft/augustus-3.2.1/scripts/msa2prfl.pl ./align_prep/EOG092C4IR2.fa
