[name]
unknown

[dist]
# distance from previous block
# <min> <max>
0	87

[block]
# block no. 0 follows, 60 sequences, length 9
# corresponding to MSA columns:
# 130-138
name=unknown_A
#
# <colnr> <probs for GDERKNQSTAVLIFYWHMCP>
#	G	D	E	R	K	N	Q	S	T	A	V	L	I	F	Y	W	H	M	C	P
0	0.00617	0.00623	0.09055	0.03168	0.00896	0.00480	0.00621	0.00779	0.00905	0.01197	0.02390	0.44235	0.11330	0.01170	0.00545	0.00175	0.00337	0.20700	0.00375	0.00402
1	0.01499	0.07347	0.09815	0.02692	0.01391	0.00950	0.08794	0.17453	0.01282	0.33651	0.01203	0.01182	0.00821	0.00469	0.00419	0.00125	0.00465	0.00390	0.00387	0.09665
2	0.13255	0.06884	0.28799	0.01316	0.06075	0.01034	0.24839	0.01302	0.00907	0.01409	0.00818	0.01044	0.00638	0.00691	0.08963	0.00195	0.00664	0.00380	0.00214	0.00574
3	0.00546	0.00396	0.00519	0.00613	0.00654	0.00369	0.00427	0.00636	0.00863	0.01136	0.02546	0.71060	0.08756	0.01332	0.00558	0.00177	0.00264	0.08384	0.00405	0.00360
4	0.01152	0.01076	0.01690	0.04664	0.30915	0.06503	0.19724	0.01508	0.09314	0.08066	0.00981	0.01159	0.00761	0.00440	0.00499	0.00135	0.05111	0.00418	0.00268	0.05616
5	0.05731	0.00893	0.01232	0.06885	0.11858	0.05277	0.11069	0.10946	0.02896	0.10842	0.01345	0.21558	0.01262	0.00668	0.00458	0.00141	0.00454	0.00601	0.00337	0.05547
6	0.08757	0.01128	0.08413	0.07199	0.03786	0.07909	0.19867	0.05487	0.06197	0.02753	0.00910	0.01116	0.00717	0.00716	0.08984	0.00187	0.02353	0.00388	0.00257	0.12877
7	0.13493	0.12995	0.01439	0.00964	0.01288	0.02977	0.14182	0.14085	0.03805	0.15291	0.05620	0.01172	0.00917	0.00479	0.00438	0.00128	0.03581	0.00390	0.00335	0.06423
8	0.53042	0.04239	0.00920	0.00748	0.01019	0.05861	0.05223	0.03403	0.02685	0.09189	0.00943	0.01277	0.00785	0.00507	0.00350	0.00140	0.00406	0.08442	0.00308	0.00514

[dist]
# distance from previous block
# <min> <max>
0	47

[block]
# block no. 1 follows, 60 sequences, length 69
# corresponding to MSA columns:
# 186-202,215-257,259-262,278-282
name=unknown_B
#
# <colnr> <probs for GDERKNQSTAVLIFYWHMCP>
#	G	D	E	R	K	N	Q	S	T	A	V	L	I	F	Y	W	H	M	C	P
0	0.08971	0.04881	0.08645	0.09028	0.02510	0.09744	0.16760	0.06646	0.01108	0.21541	0.01017	0.01101	0.00721	0.00441	0.00418	0.00130	0.00540	0.00382	0.00313	0.05100
1	0.08769	0.09165	0.04985	0.06958	0.05670	0.02862	0.31555	0.03252	0.01029	0.13088	0.02786	0.01198	0.00791	0.00436	0.00446	0.00135	0.01427	0.01589	0.00279	0.03579
2	0.04684	0.02304	0.29683	0.03181	0.09045	0.06024	0.15209	0.07578	0.05316	0.07341	0.03322	0.01194	0.00815	0.00460	0.00437	0.00138	0.00577	0.01797	0.00271	0.00625
3	0.03015	0.23658	0.15915	0.03167	0.04011	0.07482	0.03320	0.09751	0.03686	0.17767	0.03547	0.01090	0.00826	0.00462	0.00389	0.00123	0.00503	0.00354	0.00308	0.00627
4	0.03484	0.17024	0.46584	0.01127	0.01648	0.02891	0.08052	0.03930	0.00984	0.06935	0.00825	0.00936	0.00606	0.00413	0.00394	0.00128	0.00582	0.00328	0.00225	0.02906
5	0.05500	0.00768	0.02720	0.02181	0.02213	0.00722	0.02181	0.08254	0.03402	0.31287	0.05615	0.02307	0.02888	0.00705	0.00494	0.00149	0.02487	0.19581	0.00426	0.06121
6	0.00853	0.02406	0.01216	0.45622	0.15405	0.00868	0.01012	0.01141	0.04164	0.02977	0.10344	0.03727	0.07356	0.00562	0.00451	0.00142	0.00476	0.00498	0.00269	0.00513
7	0.15185	0.00979	0.01405	0.21698	0.08504	0.05826	0.17180	0.07739	0.03266	0.05876	0.02540	0.02585	0.02528	0.02293	0.00466	0.00145	0.00530	0.00427	0.00276	0.00552
8	0.03515	0.07840	0.01321	0.00970	0.01281	0.07172	0.06269	0.27764	0.15190	0.15105	0.01213	0.01279	0.00903	0.00528	0.00454	0.00133	0.02895	0.02695	0.00387	0.03084
9	0.00964	0.04537	0.00765	0.00655	0.00844	0.00575	0.00536	0.05418	0.01097	0.18693	0.04521	0.09416	0.30659	0.00955	0.00506	0.00155	0.00322	0.18470	0.00426	0.00485
10	0.00542	0.00405	0.00507	0.00575	0.00637	0.00369	0.00403	0.00642	0.00909	0.01185	0.08817	0.56266	0.20878	0.01264	0.00546	0.00168	0.00249	0.04864	0.00410	0.00364
11	0.03932	0.03191	0.01124	0.02431	0.01207	0.14798	0.01549	0.22576	0.04618	0.27965	0.07876	0.01361	0.01121	0.00641	0.03491	0.00151	0.00494	0.00421	0.00413	0.00641
12	0.03833	0.01055	0.01932	0.16054	0.03582	0.02819	0.44462	0.04388	0.05913	0.05920	0.00951	0.01175	0.00706	0.00410	0.00468	0.00140	0.00619	0.00453	0.00259	0.04862
13	0.00564	0.00440	0.00493	0.00495	0.00602	0.00395	0.00358	0.00677	0.00965	0.01225	0.17655	0.07168	0.46244	0.14417	0.03408	0.00210	0.00288	0.03646	0.00391	0.00361
14	0.00543	0.00384	0.00505	0.00602	0.00633	0.00359	0.00406	0.00626	0.00843	0.01134	0.02408	0.78951	0.04225	0.01332	0.00549	0.00175	0.00254	0.02643	0.03073	0.00357
15	0.01034	0.11950	0.38341	0.01123	0.01563	0.02619	0.07817	0.06014	0.08512	0.04623	0.00986	0.04864	0.00794	0.00510	0.00493	0.00139	0.06618	0.01133	0.00254	0.00613
16	0.01087	0.00915	0.00982	0.02300	0.01128	0.06997	0.00607	0.04991	0.10011	0.07042	0.00953	0.01029	0.00748	0.00399	0.00382	0.00090	0.02272	0.00310	0.00301	0.57456
17	0.04430	0.09543	0.37657	0.01130	0.01604	0.04518	0.10158	0.08622	0.01064	0.09474	0.00899	0.02070	0.00667	0.00445	0.00431	0.00131	0.02324	0.00359	0.00258	0.04216
18	0.01957	0.00742	0.01012	0.00776	0.01113	0.00641	0.00641	0.02126	0.01248	0.82254	0.01721	0.01484	0.01080	0.00540	0.00439	0.00135	0.00371	0.00439	0.00540	0.00742
19	0.01096	0.00704	0.01033	0.37965	0.01856	0.02554	0.00852	0.01301	0.00987	0.23745	0.03079	0.15203	0.01276	0.02541	0.00504	0.00155	0.00454	0.03829	0.00342	0.00525
20	0.01000	0.30062	0.53383	0.01064	0.01609	0.01244	0.01296	0.01375	0.00917	0.03293	0.00747	0.00860	0.00568	0.00404	0.00370	0.00123	0.00578	0.00295	0.00194	0.00618
21	0.00824	0.00775	0.01308	0.83624	0.03004	0.00969	0.01211	0.01114	0.00872	0.01114	0.00775	0.01163	0.00581	0.00436	0.00436	0.00145	0.00581	0.00388	0.00194	0.00484
22	0.00531	0.00380	0.00506	0.00607	0.00633	0.00354	0.00405	0.00607	0.00835	0.01113	0.02404	0.84388	0.02885	0.01366	0.00557	0.00177	0.00253	0.01240	0.00405	0.00354
23	0.30280	0.01071	0.01082	0.02789	0.03769	0.05614	0.02541	0.32555	0.06818	0.08058	0.00962	0.00998	0.00700	0.00476	0.00381	0.00133	0.00441	0.00347	0.00360	0.00625
24	0.00824	0.00775	0.01308	0.83624	0.03004	0.00969	0.01211	0.01114	0.00872	0.01114	0.00775	0.01163	0.00581	0.00436	0.00436	0.00145	0.00581	0.00388	0.00194	0.00484
25	0.00553	0.00443	0.00494	0.00481	0.00612	0.00384	0.00361	0.00699	0.01083	0.01389	0.32976	0.03850	0.53086	0.01026	0.00515	0.00144	0.00215	0.00872	0.00433	0.00384
26	0.03120	0.03099	0.01266	0.33957	0.05186	0.03009	0.02352	0.13791	0.01188	0.27043	0.01110	0.01213	0.00766	0.00477	0.00430	0.00137	0.00497	0.00397	0.00344	0.00618
27	0.00564	0.00412	0.00539	0.00628	0.00683	0.00386	0.00457	0.00670	0.00888	0.01160	0.02619	0.58842	0.12003	0.01303	0.00561	0.00178	0.00280	0.17057	0.00404	0.00366
28	0.00634	0.00463	0.00597	0.00561	0.00669	0.00436	0.00422	0.00877	0.04096	0.01752	0.78859	0.03200	0.04016	0.00881	0.00512	0.00138	0.00211	0.00778	0.00479	0.00422
29	0.01018	0.00985	0.01519	0.38331	0.39573	0.05487	0.01236	0.04269	0.00993	0.01318	0.00801	0.01099	0.00637	0.00418	0.00432	0.00136	0.00559	0.00382	0.00215	0.00591
30	0.02693	0.01152	0.21079	0.02688	0.03152	0.00731	0.02366	0.01298	0.00947	0.10446	0.00883	0.00984	0.00668	0.00376	0.00366	0.00097	0.00426	0.00305	0.00269	0.49075
31	0.01127	0.36092	0.23192	0.01113	0.01565	0.01369	0.15679	0.11562	0.01960	0.01419	0.00773	0.00901	0.00609	0.00405	0.00380	0.00120	0.00563	0.00332	0.00227	0.00612
32	0.00830	0.00777	0.01297	0.70206	0.08799	0.00949	0.01166	0.01100	0.00873	0.01136	0.00868	0.06029	0.00724	0.00497	0.00472	0.00147	0.02992	0.00437	0.00208	0.00492
33	0.01895	0.00773	0.01025	0.00788	0.01120	0.00693	0.00650	0.08546	0.01314	0.73455	0.03899	0.01498	0.01137	0.00548	0.00441	0.00135	0.00375	0.00445	0.00530	0.00733
34	0.01025	0.08924	0.05240	0.21916	0.08863	0.02909	0.18549	0.02541	0.12123	0.05036	0.02602	0.03262	0.02334	0.00497	0.00447	0.00140	0.00538	0.02205	0.00274	0.00576
35	0.01439	0.21447	0.09938	0.03439	0.01468	0.01085	0.14553	0.07542	0.01138	0.32017	0.01132	0.01141	0.00788	0.00453	0.00410	0.00127	0.00499	0.00385	0.00345	0.00654
36	0.00590	0.00440	0.00548	0.00531	0.00637	0.00398	0.00395	0.00766	0.01155	0.01584	0.59926	0.09452	0.20027	0.00971	0.00518	0.00142	0.00212	0.00849	0.00459	0.00398
37	0.00884	0.02198	0.78425	0.01253	0.01884	0.01017	0.03895	0.01401	0.02554	0.01391	0.00806	0.00943	0.00572	0.00417	0.00418	0.00139	0.00641	0.00331	0.00191	0.00644
38	0.02974	0.13653	0.04888	0.01101	0.01405	0.27732	0.14793	0.06828	0.07247	0.06171	0.01003	0.05305	0.00842	0.00560	0.02095	0.00139	0.00611	0.01808	0.00280	0.00565
39	0.00685	0.00571	0.00891	0.27397	0.01506	0.00653	0.02238	0.00881	0.00828	0.01106	0.01507	0.12369	0.06197	0.01719	0.30955	0.00360	0.00719	0.08728	0.00270	0.00419
40	0.00529	0.00389	0.00496	0.00582	0.00626	0.00356	0.00393	0.00610	0.00860	0.01123	0.02717	0.71922	0.15149	0.01326	0.00550	0.00172	0.00248	0.01190	0.00405	0.00356
41	0.00653	0.00561	0.00777	0.00884	0.11802	0.00520	0.04325	0.00832	0.03096	0.01288	0.10895	0.19639	0.37747	0.00994	0.00514	0.00152	0.00302	0.04206	0.00379	0.00434
42	0.00926	0.00869	0.01417	0.21854	0.19055	0.03803	0.13877	0.01224	0.03994	0.02121	0.01295	0.02255	0.01215	0.00647	0.00495	0.00157	0.00536	0.23447	0.00278	0.00532
43	0.00589	0.00426	0.00569	0.00663	0.00723	0.00406	0.00502	0.00711	0.00905	0.01184	0.02519	0.51001	0.08561	0.01291	0.00569	0.00183	0.00302	0.28116	0.00404	0.00372
44	0.04591	0.00651	0.00841	0.00688	0.00949	0.00580	0.00552	0.01637	0.01113	0.54076	0.02126	0.05267	0.15082	0.04074	0.05559	0.00184	0.00390	0.00555	0.00472	0.00613
45	0.06415	0.01035	0.01776	0.19405	0.06220	0.01073	0.32825	0.16259	0.01185	0.08107	0.00937	0.01141	0.00683	0.00429	0.00458	0.00141	0.00589	0.00435	0.00284	0.00605
46	0.04107	0.01048	0.01206	0.02599	0.01311	0.01157	0.05102	0.42106	0.23754	0.04007	0.01379	0.01523	0.02506	0.00583	0.00450	0.00142	0.00442	0.05487	0.00416	0.00677
47	0.77120	0.00954	0.00717	0.03261	0.00958	0.08469	0.00530	0.01319	0.00791	0.01849	0.00619	0.00730	0.00484	0.00410	0.00286	0.00133	0.00386	0.00245	0.00263	0.00476
48	0.01139	0.01176	0.02334	0.01687	0.02098	0.04210	0.66704	0.04408	0.01081	0.07072	0.00931	0.01172	0.00688	0.00399	0.00526	0.00145	0.02888	0.00492	0.00250	0.00599
49	0.00533	0.00409	0.00488	0.00539	0.00618	0.00365	0.00377	0.00634	0.00932	0.01195	0.10312	0.46404	0.33181	0.01223	0.00537	0.00162	0.00236	0.01077	0.00412	0.00365
50	0.00989	0.00929	0.01375	0.54736	0.05524	0.04612	0.06066	0.09135	0.07930	0.01363	0.00888	0.01168	0.00670	0.00460	0.00461	0.00143	0.02364	0.00400	0.00243	0.00543
51	0.24835	0.00960	0.01387	0.14748	0.03184	0.01078	0.18144	0.11960	0.01014	0.04358	0.00807	0.01024	0.00623	0.00548	0.02839	0.00162	0.11139	0.00378	0.00266	0.00548
52	0.01041	0.00994	0.01746	0.17155	0.55772	0.01016	0.10085	0.01315	0.00978	0.02879	0.00835	0.01110	0.00674	0.00396	0.00440	0.00133	0.00547	0.00401	0.00219	0.02263
53	0.00582	0.00434	0.00541	0.00535	0.00635	0.00393	0.00393	0.00747	0.01120	0.01526	0.52597	0.16378	0.20489	0.01013	0.00521	0.00146	0.00217	0.00889	0.00452	0.00393
54	0.09694	0.04784	0.02695	0.00907	0.01204	0.05296	0.00743	0.28705	0.35877	0.03626	0.01288	0.01242	0.00956	0.00529	0.00414	0.00136	0.00424	0.00408	0.00399	0.00672
55	0.00901	0.09598	0.75297	0.01199	0.01819	0.01076	0.01535	0.01375	0.00918	0.01350	0.00767	0.00901	0.00553	0.00411	0.00402	0.00134	0.00629	0.00314	0.00184	0.00637
56	0.01213	0.22382	0.23871	0.01156	0.09187	0.08251	0.03358	0.06329	0.05249	0.10065	0.00904	0.00981	0.00684	0.00429	0.00385	0.00121	0.00534	0.00331	0.00263	0.04304
57	0.01046	0.15270	0.25978	0.01400	0.01877	0.01155	0.37639	0.03376	0.01004	0.04255	0.00870	0.02586	0.00671	0.00411	0.00442	0.00135	0.00636	0.00419	0.00225	0.00605
58	0.00530	0.00403	0.00488	0.00550	0.00619	0.00361	0.00381	0.00622	0.00904	0.01160	0.06271	0.54726	0.28891	0.01261	0.00541	0.00166	0.00241	0.01117	0.00408	0.00361
59	0.00733	0.00626	0.00919	0.03865	0.24448	0.00601	0.00690	0.00932	0.01085	0.01485	0.35487	0.05263	0.20571	0.00793	0.00489	0.00139	0.00314	0.00703	0.00374	0.00484
60	0.13209	0.22256	0.25355	0.01154	0.05495	0.01226	0.12762	0.07829	0.01001	0.03178	0.00768	0.00905	0.00593	0.00413	0.00399	0.00128	0.02170	0.00329	0.00232	0.00600
61	0.00541	0.00414	0.00498	0.00553	0.00633	0.00371	0.00395	0.00645	0.00929	0.01189	0.08289	0.44969	0.32130	0.01230	0.00541	0.00165	0.00246	0.05486	0.00410	0.00366
62	0.00536	0.00385	0.00511	0.00610	0.00640	0.00359	0.00412	0.00617	0.00844	0.01121	0.02443	0.80261	0.04526	0.01356	0.00557	0.00177	0.00257	0.03627	0.00405	0.00356
63	0.05246	0.28518	0.13592	0.00979	0.01316	0.32634	0.00903	0.03744	0.02959	0.03168	0.00725	0.00824	0.00592	0.00434	0.00385	0.00115	0.02798	0.00284	0.00226	0.00558
64	0.29470	0.00957	0.01348	0.02229	0.03215	0.02827	0.21943	0.07338	0.01066	0.21384	0.01046	0.01194	0.00762	0.00462	0.00408	0.00139	0.00482	0.02803	0.00335	0.00593
65	0.00634	0.00452	0.00547	0.00542	0.00661	0.00404	0.00408	0.00785	0.01080	0.05054	0.34434	0.14416	0.32369	0.01036	0.00522	0.00150	0.00236	0.05426	0.00441	0.00402
66	0.01649	0.09111	0.09623	0.00918	0.01290	0.04097	0.00827	0.30741	0.01474	0.34017	0.01232	0.01166	0.00833	0.00502	0.00419	0.00129	0.00464	0.00384	0.00420	0.00706
67	0.06882	0.09235	0.18968	0.29163	0.09594	0.03991	0.05991	0.01364	0.04820	0.04768	0.00845	0.01051	0.00638	0.00427	0.00409	0.00135	0.00558	0.00360	0.00228	0.00573
68	0.03873	0.16226	0.10848	0.02003	0.06182	0.09530	0.14493	0.04067	0.04960	0.11258	0.04820	0.01196	0.00892	0.00471	0.00442	0.00128	0.03068	0.01558	0.00284	0.03702

[dist]
# distance from previous block
# <min> <max>
3	19

[block]
# block no. 2 follows, 60 sequences, length 6
# corresponding to MSA columns:
# 303-308
name=unknown_C
#
# <colnr> <probs for GDERKNQSTAVLIFYWHMCP>
#	G	D	E	R	K	N	Q	S	T	A	V	L	I	F	Y	W	H	M	C	P
0	0.16514	0.01160	0.13864	0.01130	0.10638	0.04136	0.06046	0.11022	0.15228	0.01776	0.12954	0.01399	0.01250	0.00523	0.00419	0.00137	0.00449	0.00433	0.00327	0.00596
1	0.03915	0.03431	0.11023	0.07903	0.47634	0.01028	0.03706	0.03524	0.05224	0.01460	0.00855	0.01064	0.00687	0.00404	0.00417	0.00128	0.00514	0.00372	0.00233	0.06477
2	0.00668	0.00533	0.00570	0.00528	0.00690	0.00491	0.00405	0.09969	0.01163	0.01470	0.18753	0.03651	0.57538	0.00996	0.00506	0.00143	0.00248	0.00834	0.00423	0.00420
3	0.00679	0.00532	0.00625	0.00586	0.00724	0.00521	0.00444	0.01046	0.15280	0.01644	0.51550	0.03166	0.19771	0.00883	0.00502	0.00141	0.00233	0.00764	0.00458	0.00452
4	0.00697	0.00541	0.00705	0.00797	0.10098	0.00545	0.00489	0.00882	0.06252	0.01213	0.16991	0.02670	0.11971	0.32733	0.11282	0.00315	0.00454	0.00641	0.00326	0.00399
5	0.01158	0.07750	0.06707	0.03716	0.01403	0.16945	0.14423	0.14544	0.06201	0.01623	0.17523	0.01491	0.01400	0.00540	0.00441	0.00130	0.00525	0.00463	0.02455	0.00561

[dist]
# distance from previous block
# <min> <max>
0	31

# created by:
# /home/cegg/simao/soft/augustus-3.2.1/scripts/msa2prfl.pl ./align_prep/EOG092C5N82.fa
