[name]
unknown

[dist]
# distance from previous block
# <min> <max>
0	1

[block]
# block no. 0 follows, 69 sequences, length 40
# corresponding to MSA columns:
# 8-47
name=unknown_A
#
# <colnr> <probs for GDERKNQSTAVLIFYWHMCP>
#	G	D	E	R	K	N	Q	S	T	A	V	L	I	F	Y	W	H	M	C	P
0	0.00628	0.00449	0.00626	0.00711	0.00801	0.00447	0.00619	0.00809	0.00913	0.01193	0.06076	0.04349	0.02327	0.01069	0.00538	0.00178	0.00352	0.77190	0.00364	0.00361
1	0.00499	0.00350	0.00449	0.00518	0.00536	0.00333	0.00335	0.00552	0.00709	0.00945	0.01945	0.66559	0.02321	0.21007	0.00848	0.00211	0.00263	0.00988	0.00335	0.00300
2	0.00579	0.00443	0.00647	0.00637	0.00696	0.00523	0.00490	0.00703	0.00623	0.00899	0.01034	0.01587	0.00990	0.09903	0.72654	0.00581	0.06026	0.00428	0.00210	0.00345
3	0.00490	0.00356	0.00451	0.00514	0.00559	0.00327	0.00350	0.00572	0.00797	0.01060	0.09638	0.63472	0.13519	0.03834	0.00536	0.00158	0.00224	0.01010	0.01809	0.00323
4	0.00490	0.00398	0.00434	0.00425	0.00546	0.00342	0.00319	0.00614	0.00956	0.01207	0.26946	0.03529	0.60550	0.00938	0.00463	0.00130	0.00195	0.00793	0.00384	0.00342
5	0.88991	0.00758	0.00576	0.00516	0.00758	0.00879	0.00425	0.01152	0.00667	0.01759	0.00546	0.00637	0.00425	0.00364	0.00243	0.00121	0.00303	0.00212	0.00243	0.00425
6	0.00476	0.00347	0.00449	0.00531	0.00565	0.00320	0.00357	0.00548	0.00765	0.01007	0.02347	0.77518	0.10921	0.01204	0.00497	0.00156	0.00224	0.01085	0.00364	0.00320
7	0.88991	0.00758	0.00576	0.00516	0.00758	0.00879	0.00425	0.01152	0.00667	0.01759	0.00546	0.00637	0.00425	0.00364	0.00243	0.00121	0.00303	0.00212	0.00243	0.00425
8	0.00489	0.00350	0.00468	0.00559	0.00587	0.00329	0.00384	0.00566	0.00762	0.01014	0.02154	0.79780	0.02567	0.01217	0.00504	0.00161	0.00238	0.07185	0.00364	0.00322
9	0.03284	0.00911	0.01023	0.00797	0.01076	0.00974	0.00655	0.51623	0.01512	0.21631	0.01098	0.01096	0.00770	0.01960	0.00431	0.00122	0.02559	0.00364	0.07490	0.00624
10	0.01018	0.52720	0.01601	0.00717	0.00981	0.03992	0.00655	0.11752	0.00905	0.01125	0.00697	0.00858	0.00618	0.00876	0.16802	0.00199	0.03513	0.00276	0.00207	0.00490
11	0.00813	0.01725	0.63416	0.01182	0.09916	0.00878	0.01289	0.01218	0.02271	0.01250	0.00718	0.00852	0.00531	0.00371	0.00386	0.00117	0.02438	0.00293	0.00180	0.10155
12	0.01026	0.01063	0.12149	0.04973	0.29553	0.00985	0.02412	0.13903	0.22857	0.02840	0.00997	0.01085	0.00762	0.00434	0.00420	0.00125	0.03160	0.00369	0.00278	0.00608
13	0.01048	0.86458	0.02054	0.00671	0.01006	0.01551	0.00671	0.01174	0.00797	0.00922	0.00545	0.00629	0.00503	0.00335	0.00252	0.00084	0.00419	0.00210	0.00168	0.00503
14	0.00472	0.00397	0.00409	0.00406	0.00535	0.00335	0.00305	0.00579	0.00914	0.01107	0.11434	0.03694	0.76125	0.00975	0.00463	0.00132	0.00197	0.00816	0.00370	0.00335
15	0.01010	0.00859	0.00906	0.00805	0.01033	0.00991	0.00629	0.07475	0.77620	0.01696	0.01552	0.01428	0.01161	0.00528	0.00398	0.00132	0.00318	0.00437	0.00398	0.00624
16	0.00535	0.00388	0.00505	0.00501	0.00580	0.00357	0.00366	0.00692	0.01025	0.01432	0.63329	0.20838	0.06183	0.00900	0.00471	0.00131	0.00195	0.00800	0.00415	0.00357
17	0.00977	0.00818	0.01319	0.38506	0.34800	0.00896	0.01064	0.07341	0.00937	0.08389	0.00805	0.01032	0.00611	0.00389	0.00391	0.00123	0.00477	0.00353	0.00225	0.00547
18	0.88991	0.00758	0.00576	0.00516	0.00758	0.00879	0.00425	0.01152	0.00667	0.01759	0.00546	0.00637	0.00425	0.00364	0.00243	0.00121	0.00303	0.00212	0.00243	0.00425
19	0.00485	0.00345	0.00459	0.00547	0.00570	0.00324	0.00367	0.00553	0.00749	0.00997	0.02129	0.81213	0.02547	0.03945	0.00549	0.00167	0.00236	0.03142	0.00360	0.00317
20	0.00867	0.06835	0.64659	0.01187	0.07841	0.06925	0.02394	0.01253	0.00848	0.01201	0.00688	0.00822	0.00509	0.00376	0.00383	0.00121	0.02065	0.00290	0.00171	0.00566
21	0.01086	0.00581	0.00703	0.00598	0.00809	0.00542	0.00474	0.01384	0.14578	0.34906	0.12994	0.02292	0.26029	0.00686	0.00425	0.00127	0.00270	0.00573	0.00428	0.00520
22	0.00522	0.00399	0.00478	0.00459	0.00565	0.00356	0.00344	0.00676	0.01032	0.01387	0.54891	0.03233	0.32493	0.00870	0.00463	0.00127	0.00190	0.00752	0.00407	0.00356
23	0.00919	0.00892	0.01560	0.19496	0.60801	0.00924	0.07336	0.01165	0.00873	0.01221	0.00733	0.00992	0.00599	0.00357	0.00395	0.00121	0.00492	0.00358	0.00190	0.00576
24	0.07407	0.07481	0.01418	0.11946	0.36077	0.07752	0.05171	0.12956	0.03637	0.01410	0.00753	0.00924	0.00600	0.00381	0.00370	0.00116	0.00477	0.00330	0.00229	0.00563
25	0.01284	0.00692	0.00795	0.00642	0.00869	0.00701	0.00520	0.27162	0.01247	0.27221	0.03470	0.01296	0.00959	0.00479	0.00354	0.00110	0.00308	0.00380	0.30956	0.00554
26	0.01117	0.05127	0.28208	0.01247	0.15761	0.01020	0.05433	0.25584	0.04594	0.06841	0.00869	0.00948	0.00634	0.00408	0.00383	0.00120	0.00486	0.00338	0.00270	0.00614
27	0.00780	0.00718	0.01196	0.75505	0.08781	0.00873	0.01077	0.01059	0.02863	0.02381	0.00736	0.01055	0.00554	0.00394	0.00392	0.00129	0.00510	0.00352	0.00186	0.00458
28	0.00545	0.00400	0.00510	0.00482	0.00579	0.00366	0.00362	0.00720	0.01085	0.01514	0.74594	0.03024	0.12711	0.00823	0.00462	0.00124	0.00186	0.00722	0.00424	0.00366
29	0.00560	0.00420	0.00630	0.00630	0.00700	0.00490	0.00490	0.00700	0.00630	0.00910	0.01050	0.01540	0.00980	0.02940	0.84669	0.00630	0.01050	0.00420	0.00210	0.00350
30	0.00478	0.00341	0.00455	0.00546	0.00569	0.00318	0.00364	0.00546	0.00751	0.01001	0.02161	0.85966	0.02593	0.01228	0.00500	0.00159	0.00227	0.01114	0.00364	0.00318
31	0.00786	0.02028	0.84191	0.01117	0.01697	0.00910	0.01448	0.01242	0.00828	0.01242	0.00704	0.00828	0.00497	0.00372	0.00372	0.00124	0.00579	0.00290	0.00166	0.00579
32	0.08214	0.00738	0.00951	0.00752	0.01004	0.00747	0.00622	0.07957	0.01061	0.58387	0.01261	0.01176	0.00834	0.00507	0.00523	0.00129	0.13748	0.00369	0.00410	0.00611
33	0.00560	0.00420	0.00630	0.00630	0.00700	0.00490	0.00490	0.00700	0.00630	0.00910	0.01050	0.01540	0.00980	0.02940	0.84669	0.00630	0.01050	0.00420	0.00210	0.00350
34	0.00975	0.00842	0.00886	0.00798	0.01019	0.00975	0.00621	0.02083	0.83069	0.01640	0.01596	0.01463	0.01197	0.00532	0.00399	0.00133	0.00310	0.00443	0.00399	0.00621
35	0.01514	0.01060	0.01153	0.00884	0.01197	0.01159	0.00730	0.75382	0.01780	0.09648	0.00994	0.00976	0.00693	0.00472	0.00392	0.00118	0.00423	0.00357	0.00400	0.00667
36	0.00472	0.00397	0.00405	0.00403	0.00529	0.00335	0.00300	0.00573	0.00895	0.01078	0.08307	0.03686	0.76472	0.03785	0.00514	0.00140	0.00204	0.00812	0.00364	0.00330
37	0.00478	0.00341	0.00455	0.00546	0.00569	0.00318	0.00364	0.00546	0.00751	0.01001	0.02161	0.85966	0.02593	0.01228	0.00500	0.00159	0.00227	0.01114	0.00364	0.00318
38	0.05130	0.00443	0.00572	0.00637	0.00719	0.00448	0.00514	0.00756	0.02544	0.01142	0.02106	0.28739	0.08355	0.01112	0.02628	0.00177	0.01668	0.41604	0.00350	0.00355
39	0.00867	0.07056	0.03479	0.00576	0.00756	0.00542	0.00477	0.01078	0.04211	0.19143	0.47904	0.02350	0.08619	0.00688	0.00426	0.00121	0.00253	0.00589	0.00408	0.00457

[dist]
# distance from previous block
# <min> <max>
1	3

[block]
# block no. 1 follows, 69 sequences, length 58
# corresponding to MSA columns:
# 51-72,76-107,109-112
name=unknown_B
#
# <colnr> <probs for GDERKNQSTAVLIFYWHMCP>
#	G	D	E	R	K	N	Q	S	T	A	V	L	I	F	Y	W	H	M	C	P
0	0.00894	0.00892	0.01643	0.05962	0.44495	0.00882	0.25017	0.01166	0.03126	0.01251	0.02520	0.08579	0.00859	0.00437	0.00422	0.00126	0.00495	0.00460	0.00220	0.00553
1	0.00948	0.07355	0.54473	0.02645	0.02588	0.00963	0.03428	0.11724	0.02741	0.05238	0.00798	0.00893	0.00573	0.00391	0.00368	0.00119	0.00519	0.00308	0.02213	0.01713
2	0.00860	0.04317	0.14950	0.15316	0.26728	0.00862	0.03261	0.06751	0.04621	0.01343	0.12455	0.01360	0.04561	0.00466	0.00397	0.00122	0.00438	0.00412	0.00248	0.00532
3	0.00478	0.00341	0.00455	0.00546	0.00569	0.00318	0.00364	0.00546	0.00751	0.01001	0.02161	0.85966	0.02593	0.01228	0.00500	0.00159	0.00227	0.01114	0.00364	0.00318
4	0.00797	0.03754	0.79289	0.01129	0.01696	0.00927	0.04581	0.01241	0.00831	0.01235	0.00704	0.00832	0.00501	0.00370	0.00373	0.00124	0.00579	0.00295	0.00167	0.00576
5	0.02346	0.03949	0.19764	0.01115	0.13745	0.02636	0.03421	0.12996	0.03754	0.30747	0.01063	0.01061	0.00733	0.00426	0.00383	0.00120	0.00442	0.00351	0.00325	0.00622
6	0.00557	0.00388	0.00491	0.00501	0.00524	0.00407	0.00327	0.00607	0.00607	0.00830	0.01275	0.10901	0.01412	0.52294	0.26776	0.00433	0.00566	0.00581	0.00242	0.00280
7	0.00560	0.00420	0.00630	0.00630	0.00700	0.00490	0.00490	0.00700	0.00630	0.00910	0.01050	0.01540	0.00980	0.02940	0.84669	0.00630	0.01050	0.00420	0.00210	0.00350
8	0.77733	0.00874	0.07378	0.00618	0.00895	0.00887	0.04386	0.01164	0.00692	0.01694	0.00570	0.00672	0.00438	0.00363	0.00263	0.00122	0.00342	0.00230	0.00234	0.00442
9	0.00865	0.00809	0.01316	0.41483	0.38408	0.02327	0.01086	0.02252	0.00855	0.01169	0.00747	0.01027	0.00593	0.00378	0.00383	0.00122	0.00481	0.00348	0.04833	0.00517
10	0.00973	0.11810	0.24293	0.00938	0.06506	0.00922	0.02424	0.16240	0.01014	0.01445	0.00730	0.00833	0.00566	0.00357	0.00337	0.00096	0.00431	0.00280	0.00232	0.29574
11	0.00507	0.00392	0.00461	0.00458	0.00560	0.00347	0.00338	0.00641	0.00976	0.01286	0.40015	0.12637	0.38108	0.00932	0.00467	0.00131	0.00196	0.00806	0.00395	0.00347
12	0.00548	0.00495	0.02629	0.00479	0.00628	0.00432	0.00377	0.00794	0.11247	0.01204	0.13974	0.03297	0.60697	0.00894	0.00453	0.00131	0.00221	0.00750	0.00372	0.00379
13	0.00506	0.00397	0.01465	0.00517	0.00588	0.00354	0.00370	0.00633	0.02802	0.01145	0.18810	0.49341	0.19493	0.01067	0.00481	0.00145	0.00219	0.00948	0.00376	0.00342
14	0.01696	0.00653	0.00889	0.00687	0.00979	0.00565	0.00565	0.01849	0.01121	0.79705	0.05866	0.01418	0.01114	0.00502	0.00398	0.00121	0.00326	0.00411	0.00482	0.00652
15	0.01063	0.77555	0.01953	0.00702	0.01018	0.05904	0.00679	0.01210	0.02755	0.00942	0.00572	0.00659	0.00520	0.00354	0.00290	0.00088	0.02839	0.00221	0.00175	0.00501
16	0.00740	0.00697	0.01176	0.85280	0.02700	0.00871	0.01089	0.01002	0.00784	0.01002	0.00697	0.01045	0.00523	0.00392	0.00392	0.00131	0.00523	0.00348	0.00174	0.00436
17	0.00837	0.19833	0.65141	0.01010	0.01528	0.01035	0.01262	0.01217	0.00827	0.01181	0.02350	0.00828	0.00563	0.00373	0.00349	0.00116	0.00538	0.00281	0.00171	0.00559
18	0.00623	0.00454	0.00631	0.00747	0.05100	0.00450	0.00564	0.00791	0.03169	0.02118	0.01979	0.28953	0.02195	0.04379	0.00572	0.00176	0.00325	0.46055	0.00351	0.00368
19	0.00551	0.00401	0.00519	0.00489	0.00584	0.00368	0.00367	0.00733	0.01101	0.01552	0.80472	0.02961	0.06809	0.00809	0.00462	0.00124	0.00185	0.00714	0.00429	0.00368
20	0.00786	0.02028	0.84191	0.01117	0.01697	0.00910	0.01448	0.01242	0.00828	0.01242	0.00704	0.00828	0.00497	0.00372	0.00372	0.00124	0.00579	0.00290	0.00166	0.00579
21	0.02183	0.00909	0.00998	0.00826	0.01074	0.01014	0.01669	0.43489	0.26850	0.01981	0.01238	0.05635	0.00985	0.00669	0.04838	0.00152	0.00410	0.02112	0.02369	0.00600
22	0.25566	0.12671	0.13461	0.06579	0.02842	0.09167	0.08714	0.10773	0.00946	0.04906	0.00701	0.00810	0.00532	0.00381	0.00332	0.00116	0.00468	0.00287	0.00235	0.00514
23	0.06111	0.02929	0.01105	0.00833	0.01136	0.01089	0.00690	0.62247	0.01624	0.14673	0.01011	0.00990	0.00704	0.00464	0.00379	0.00117	0.00404	0.00349	0.02504	0.00643
24	0.02269	0.67131	0.11135	0.00732	0.01993	0.03265	0.00742	0.01168	0.00816	0.02142	0.00761	0.00832	0.04886	0.00378	0.00282	0.00093	0.00430	0.00256	0.00184	0.00504
25	0.00939	0.19948	0.37839	0.01027	0.05480	0.00997	0.06592	0.03554	0.03605	0.07134	0.03041	0.01153	0.01928	0.00434	0.00369	0.00119	0.00487	0.04578	0.00227	0.00551
26	0.00464	0.00393	0.00401	0.00407	0.00532	0.00330	0.00302	0.00561	0.00884	0.01055	0.03847	0.09446	0.78026	0.01009	0.00466	0.00134	0.00201	0.00847	0.00364	0.00330
27	0.00480	0.00342	0.00454	0.00543	0.00565	0.00320	0.00361	0.00546	0.00746	0.00995	0.02138	0.83881	0.02564	0.03354	0.00538	0.00165	0.00231	0.01101	0.00361	0.00316
28	0.01023	0.09027	0.11322	0.23437	0.14692	0.04882	0.07847	0.04414	0.01777	0.11733	0.00837	0.02350	0.00641	0.00415	0.00418	0.00122	0.03942	0.00353	0.00232	0.00535
29	0.18025	0.37336	0.08450	0.02344	0.01138	0.21617	0.03897	0.01271	0.00856	0.01134	0.00586	0.00690	0.00492	0.00362	0.00296	0.00101	0.00492	0.00240	0.00192	0.00482
30	0.01750	0.00682	0.00919	0.00705	0.01008	0.00598	0.00582	0.04711	0.01147	0.81212	0.01526	0.01321	0.00960	0.00485	0.00394	0.00121	0.00337	0.00393	0.00482	0.00667
31	0.01030	0.41400	0.06032	0.07633	0.04676	0.03473	0.14063	0.02245	0.00866	0.07695	0.00818	0.02497	0.02758	0.00401	0.00364	0.00108	0.02886	0.00326	0.00212	0.00515
32	0.00979	0.01242	0.19931	0.02631	0.29806	0.09782	0.02069	0.03553	0.20668	0.01360	0.03478	0.01090	0.00813	0.00422	0.00387	0.00121	0.00473	0.00361	0.00250	0.00584
33	0.00825	0.10157	0.32217	0.00965	0.07855	0.00806	0.02900	0.03288	0.03066	0.04646	0.18359	0.03481	0.02714	0.00536	0.00395	0.00122	0.00418	0.04675	0.02063	0.00511
34	0.01089	0.74197	0.04278	0.00723	0.01050	0.11222	0.00703	0.01221	0.00834	0.00936	0.00557	0.00644	0.00503	0.00344	0.00267	0.00087	0.00457	0.00217	0.00172	0.00500
35	0.00533	0.00400	0.00494	0.00470	0.00572	0.00361	0.00353	0.00698	0.01058	0.01450	0.64634	0.03129	0.22711	0.00847	0.00463	0.00125	0.00188	0.00737	0.00415	0.00361
36	0.01676	0.00744	0.00951	0.00732	0.01032	0.00694	0.00604	0.17451	0.01261	0.66141	0.03557	0.01300	0.00983	0.00491	0.00396	0.00121	0.00349	0.00394	0.00466	0.00659
37	0.00554	0.00376	0.00436	0.00452	0.00460	0.00371	0.00267	0.00571	0.00612	0.00813	0.01456	0.16001	0.03296	0.69134	0.01695	0.00336	0.00352	0.02302	0.00263	0.00255
38	0.00491	0.00344	0.00454	0.00541	0.00568	0.00323	0.00364	0.00566	0.00756	0.01023	0.02122	0.81026	0.02520	0.01193	0.00491	0.00157	0.00228	0.02391	0.04122	0.00321
39	0.00555	0.00401	0.00524	0.00493	0.00586	0.00370	0.00370	0.00740	0.01110	0.01572	0.83570	0.02928	0.03699	0.00801	0.00462	0.00123	0.00185	0.00709	0.00432	0.00370
40	0.00555	0.00401	0.00524	0.00493	0.00586	0.00370	0.00370	0.00740	0.01110	0.01572	0.83570	0.02928	0.03699	0.00801	0.00462	0.00123	0.00185	0.00709	0.00432	0.00370
41	0.88991	0.00758	0.00576	0.00516	0.00758	0.00879	0.00425	0.01152	0.00667	0.01759	0.00546	0.00637	0.00425	0.00364	0.00243	0.00121	0.00303	0.00212	0.00243	0.00425
42	0.01048	0.86458	0.02054	0.00671	0.01006	0.01551	0.00671	0.01174	0.00797	0.00922	0.00545	0.00629	0.00503	0.00335	0.00252	0.00084	0.00419	0.00210	0.00168	0.00503
43	0.00799	0.00681	0.00798	0.00576	0.00911	0.00515	0.00460	0.00974	0.00829	0.01293	0.05077	0.00925	0.00746	0.00317	0.00299	0.00062	0.00285	0.00257	0.00243	0.83954
44	0.00561	0.00378	0.00441	0.00453	0.00460	0.00378	0.00268	0.00576	0.00599	0.00801	0.01352	0.12086	0.01562	0.72283	0.04288	0.00358	0.00382	0.02267	0.00254	0.00253
45	0.76682	0.00806	0.00661	0.00570	0.00823	0.00927	0.00470	0.12592	0.00833	0.01859	0.00601	0.00680	0.00459	0.00379	0.00264	0.00121	0.00321	0.00232	0.00264	0.00459
46	0.01759	0.00667	0.00910	0.00698	0.01001	0.00576	0.00576	0.01911	0.01122	0.84048	0.01547	0.01334	0.00970	0.00485	0.00394	0.00121	0.00334	0.00394	0.00485	0.00667
47	0.00975	0.00842	0.00886	0.00798	0.01019	0.00975	0.00621	0.02083	0.83069	0.01640	0.01596	0.01463	0.01197	0.00532	0.00399	0.00133	0.00310	0.00443	0.00399	0.00621
48	0.00975	0.00842	0.00886	0.00798	0.01019	0.00975	0.00621	0.02083	0.83069	0.01640	0.01596	0.01463	0.01197	0.00532	0.00399	0.00133	0.00310	0.00443	0.00399	0.00621
49	0.00858	0.00858	0.01201	0.01029	0.01029	0.01201	0.00858	0.00943	0.00600	0.00943	0.00515	0.00858	0.00515	0.00686	0.01287	0.00172	0.85505	0.00343	0.00172	0.00429
50	0.01052	0.00807	0.00879	0.00773	0.00997	0.00905	0.00605	0.07660	0.62966	0.09611	0.05876	0.03682	0.01305	0.00555	0.00404	0.00131	0.00312	0.00464	0.00408	0.00607
51	0.01048	0.86458	0.02054	0.00671	0.01006	0.01551	0.00671	0.01174	0.00797	0.00922	0.00545	0.00629	0.00503	0.00335	0.00252	0.00084	0.00419	0.00210	0.00168	0.00503
52	0.00479	0.00347	0.00450	0.00531	0.00562	0.00321	0.00355	0.00548	0.00757	0.00999	0.02277	0.77138	0.08926	0.03624	0.00540	0.00163	0.00230	0.01076	0.00360	0.00317
53	0.00581	0.00404	0.00514	0.00510	0.00599	0.00373	0.00374	0.00719	0.00974	0.05212	0.44506	0.24751	0.15852	0.00927	0.00482	0.00135	0.01507	0.00814	0.00402	0.00365
54	0.00477	0.00353	0.00446	0.00518	0.00562	0.00322	0.00352	0.00554	0.00785	0.01025	0.04516	0.69384	0.16921	0.01176	0.00493	0.00154	0.00221	0.01054	0.00366	0.00322
55	0.00740	0.00697	0.01176	0.85280	0.02700	0.00871	0.01089	0.01002	0.00784	0.01002	0.00697	0.01045	0.00523	0.00392	0.00392	0.00131	0.00523	0.00348	0.00174	0.00436
56	0.01650	0.00635	0.00852	0.00662	0.00943	0.00554	0.00544	0.01805	0.01090	0.75335	0.01518	0.01348	0.00974	0.00482	0.00382	0.00118	0.00318	0.00391	0.09761	0.00635
57	0.00821	0.02587	0.02823	0.55025	0.22493	0.00909	0.03013	0.01124	0.05273	0.01114	0.00755	0.01037	0.00584	0.00386	0.00390	0.00126	0.00499	0.00352	0.00192	0.00497

[dist]
# distance from previous block
# <min> <max>
0	2

[block]
# block no. 2 follows, 69 sequences, length 104
# corresponding to MSA columns:
# 122-225
name=unknown_C
#
# <colnr> <probs for GDERKNQSTAVLIFYWHMCP>
#	G	D	E	R	K	N	Q	S	T	A	V	L	I	F	Y	W	H	M	C	P
0	0.01044	0.03740	0.37923	0.07140	0.07913	0.01921	0.08027	0.13177	0.02024	0.11077	0.00850	0.00951	0.00606	0.00401	0.00396	0.00123	0.01522	0.00334	0.00245	0.00586
1	0.00672	0.01616	0.07657	0.05774	0.04272	0.00555	0.04120	0.06635	0.00861	0.01178	0.01592	0.49753	0.01773	0.00878	0.00448	0.00139	0.00328	0.02766	0.00310	0.08674
2	0.34350	0.02137	0.02589	0.00878	0.06244	0.20566	0.03862	0.14373	0.01006	0.02322	0.00688	0.01812	0.00547	0.00395	0.00321	0.00112	0.00448	0.00279	0.00253	0.06820
3	0.00469	0.00397	0.00405	0.00404	0.00533	0.00333	0.00303	0.00572	0.00904	0.01086	0.08314	0.04798	0.78179	0.00985	0.00464	0.00132	0.00198	0.00825	0.00368	0.00333
4	0.04518	0.00785	0.03254	0.02268	0.12424	0.00650	0.03825	0.01094	0.03622	0.02979	0.01684	0.00898	0.00640	0.00329	0.00331	0.00080	0.01242	0.00277	0.00236	0.58864
5	0.00693	0.00552	0.00661	0.00617	0.00749	0.00592	0.00476	0.02183	0.25551	0.01443	0.36359	0.02279	0.07734	0.01094	0.14707	0.00214	0.01545	0.01734	0.00375	0.00443
6	0.00906	0.02889	0.16043	0.30376	0.15265	0.02086	0.10364	0.08735	0.02340	0.02590	0.04101	0.01060	0.00701	0.00401	0.00395	0.00124	0.00511	0.00364	0.00218	0.00529
7	0.00849	0.00665	0.00716	0.00639	0.00817	0.02625	0.00499	0.11428	0.25684	0.04670	0.23456	0.02335	0.19600	0.00703	0.00430	0.00128	0.00279	0.02698	0.01290	0.00487
8	0.00495	0.00395	0.00437	0.00432	0.00543	0.00344	0.00319	0.00613	0.00936	0.01191	0.26555	0.06745	0.54129	0.04484	0.00528	0.00141	0.00203	0.00794	0.00378	0.00338
9	0.00844	0.00808	0.01080	0.00889	0.00998	0.00989	0.00735	0.00957	0.00667	0.01048	0.00571	0.00844	0.00535	0.00563	0.00976	0.00136	0.58954	0.00309	0.00190	0.27906
10	0.01464	0.01868	0.01111	0.01010	0.01212	0.84648	0.00757	0.01565	0.01111	0.00959	0.00606	0.00707	0.00505	0.00404	0.00353	0.00101	0.00707	0.00252	0.00202	0.00454
11	0.01711	0.00657	0.00894	0.00689	0.00984	0.00568	0.00568	0.01864	0.01122	0.80749	0.04828	0.01398	0.01080	0.00498	0.00397	0.00121	0.00328	0.00407	0.00483	0.00655
12	0.01490	0.01098	0.01177	0.00902	0.01216	0.01216	0.00745	0.82470	0.01843	0.02471	0.00941	0.00941	0.00667	0.00471	0.00392	0.00118	0.00431	0.00353	0.00392	0.00667
13	0.00485	0.00398	0.00427	0.00420	0.00543	0.00340	0.00315	0.00605	0.00945	0.01181	0.22961	0.03571	0.64552	0.00947	0.00463	0.00130	0.00195	0.00799	0.00380	0.00340
14	0.00594	0.00424	0.00588	0.00678	0.00752	0.00418	0.00566	0.00746	0.00865	0.01131	0.02097	0.24579	0.02339	0.01119	0.00531	0.00175	0.00328	0.61357	0.00362	0.00350
15	0.01361	0.01465	0.01075	0.00938	0.01170	0.47078	0.00724	0.19939	0.19634	0.01453	0.00903	0.00929	0.00696	0.00448	0.00372	0.00112	0.00556	0.00318	0.00289	0.00540
16	0.13644	0.00686	0.00868	0.00676	0.00971	0.00627	0.00558	0.02955	0.01070	0.71671	0.01402	0.01234	0.00892	0.00468	0.00374	0.00121	0.00331	0.00369	0.00451	0.00634
17	0.00517	0.00400	0.00458	0.00446	0.00560	0.00350	0.00334	0.00652	0.00981	0.02253	0.37060	0.06466	0.46290	0.00916	0.00464	0.00129	0.00196	0.00784	0.00394	0.00351
18	0.88991	0.00758	0.00576	0.00516	0.00758	0.00879	0.00425	0.01152	0.00667	0.01759	0.00546	0.00637	0.00425	0.00364	0.00243	0.00121	0.00303	0.00212	0.00243	0.00425
19	0.01598	0.00747	0.00927	0.00720	0.01006	0.00716	0.00592	0.20945	0.02435	0.56579	0.01381	0.01254	0.00904	0.00480	0.00384	0.00118	0.00344	0.00383	0.07847	0.00641
20	0.00837	0.00561	0.00595	0.00548	0.00696	0.00601	0.00422	0.05664	0.26136	0.03139	0.08235	0.03074	0.04597	0.00544	0.00348	0.00112	0.00240	0.00448	0.42739	0.00464
21	0.88991	0.00758	0.00576	0.00516	0.00758	0.00879	0.00425	0.01152	0.00667	0.01759	0.00546	0.00637	0.00425	0.00364	0.00243	0.00121	0.00303	0.00212	0.00243	0.00425
22	0.00477	0.00343	0.00453	0.00540	0.00567	0.00319	0.00361	0.00547	0.00756	0.01003	0.02233	0.82679	0.05834	0.01219	0.00499	0.00158	0.00226	0.01103	0.00364	0.00319
23	0.01103	0.01042	0.01987	0.01439	0.01809	0.04301	0.61627	0.07950	0.01033	0.12313	0.00898	0.01071	0.00647	0.00365	0.00444	0.00128	0.00601	0.00436	0.00252	0.00555
24	0.05266	0.00368	0.00468	0.00551	0.00588	0.00354	0.00377	0.00589	0.00752	0.01048	0.02070	0.78306	0.02463	0.01176	0.00488	0.00158	0.00237	0.04059	0.00357	0.00326
25	0.00560	0.00420	0.00630	0.00630	0.00700	0.00490	0.00490	0.00700	0.00630	0.00910	0.01050	0.01540	0.00980	0.02940	0.84669	0.00630	0.01050	0.00420	0.00210	0.00350
26	0.01361	0.01622	0.01227	0.01097	0.04270	0.60989	0.07037	0.08775	0.02961	0.01144	0.00672	0.00790	0.00547	0.00421	0.00421	0.00110	0.05555	0.00291	0.00221	0.00488
27	0.00570	0.00382	0.00439	0.00439	0.00443	0.00386	0.00252	0.00578	0.00574	0.00769	0.01225	0.02507	0.01400	0.81458	0.06725	0.00394	0.00418	0.00562	0.00236	0.00244
28	0.88991	0.00758	0.00576	0.00516	0.00758	0.00879	0.00425	0.01152	0.00667	0.01759	0.00546	0.00637	0.00425	0.00364	0.00243	0.00121	0.00303	0.00212	0.00243	0.00425
29	0.00925	0.01058	0.02313	0.01652	0.02049	0.00991	0.82353	0.01256	0.00925	0.01256	0.00793	0.01058	0.00595	0.00330	0.00463	0.00132	0.00661	0.00463	0.00198	0.00529
30	0.00988	0.00839	0.00887	0.00796	0.01019	0.00969	0.00620	0.02080	0.81748	0.02968	0.01595	0.01461	0.01193	0.00531	0.00399	0.00133	0.00311	0.00442	0.00400	0.00621
31	0.00537	0.00398	0.00501	0.00479	0.00576	0.00362	0.00358	0.00703	0.01061	0.01466	0.67445	0.06173	0.16790	0.00849	0.00464	0.00126	0.00189	0.00744	0.00418	0.00362
32	0.01490	0.01098	0.01177	0.00902	0.01216	0.01216	0.00745	0.82470	0.01843	0.02471	0.00941	0.00941	0.00667	0.00471	0.00392	0.00118	0.00431	0.00353	0.00392	0.00667
33	0.00556	0.00407	0.00537	0.00603	0.00680	0.00388	0.00481	0.00692	0.00876	0.01145	0.10150	0.28169	0.13842	0.01086	0.00511	0.00162	0.00282	0.38720	0.00369	0.00345
34	0.00619	0.00474	0.00596	0.00515	0.00671	0.00408	0.00393	0.00801	0.01036	0.01499	0.63052	0.02405	0.02927	0.00675	0.00420	0.00107	0.00211	0.00591	0.00382	0.22219
35	0.00570	0.00381	0.00433	0.00433	0.00435	0.00383	0.00244	0.00574	0.00572	0.00764	0.01230	0.02538	0.01413	0.83959	0.04242	0.00387	0.00398	0.00566	0.00237	0.00241
36	0.00576	0.00379	0.00440	0.00440	0.00442	0.00382	0.00253	0.00572	0.00569	0.00761	0.01198	0.02453	0.01368	0.78522	0.05063	0.05156	0.00403	0.00552	0.00233	0.00238
37	0.00975	0.04464	0.03113	0.00799	0.01021	0.06577	0.00638	0.01893	0.66849	0.01514	0.01497	0.06635	0.01190	0.00554	0.00395	0.00130	0.00343	0.00459	0.00368	0.00585
38	0.04601	0.36858	0.41242	0.00896	0.01340	0.03388	0.01038	0.04468	0.00856	0.01173	0.00638	0.00739	0.00503	0.00362	0.00317	0.00106	0.00499	0.00255	0.00180	0.00542
39	0.01228	0.08513	0.02416	0.00881	0.01126	0.29859	0.00705	0.14462	0.33816	0.01469	0.01049	0.01040	0.00805	0.00459	0.00369	0.00115	0.00479	0.00341	0.00307	0.00560
40	0.00678	0.00343	0.00514	0.00514	0.00516	0.00344	0.00344	0.00516	0.00514	0.00687	0.00691	0.01201	0.00689	0.01403	0.03717	0.86282	0.00359	0.00343	0.00171	0.00175
41	0.00859	0.00816	0.01385	0.40340	0.45299	0.00896	0.01142	0.01105	0.00843	0.01151	0.00740	0.01060	0.00602	0.00381	0.00392	0.00124	0.00490	0.01654	0.00188	0.00532
42	0.00813	0.00697	0.00813	0.00581	0.00929	0.00523	0.00465	0.00987	0.00813	0.01277	0.00697	0.00813	0.00581	0.00290	0.00290	0.00058	0.00290	0.00232	0.00232	0.88619
43	0.01256	0.42743	0.01596	0.00840	0.04397	0.05832	0.02842	0.17456	0.04491	0.13825	0.00836	0.00861	0.00642	0.00397	0.00324	0.00102	0.00428	0.00290	0.00273	0.00568
44	0.01490	0.01098	0.01177	0.00902	0.01216	0.01216	0.00745	0.82470	0.01843	0.02471	0.00941	0.00941	0.00667	0.00471	0.00392	0.00118	0.00431	0.00353	0.00392	0.00667
45	0.00605	0.00369	0.00468	0.00468	0.00479	0.00369	0.00293	0.00555	0.00569	0.00756	0.01169	0.02065	0.05632	0.45402	0.06395	0.33080	0.00393	0.00491	0.00218	0.00224
46	0.00556	0.00415	0.00604	0.00609	0.00671	0.00470	0.00462	0.00682	0.00658	0.00938	0.04588	0.09934	0.01271	0.07508	0.67081	0.00543	0.01925	0.00508	0.00235	0.00342
47	0.02651	0.61530	0.08427	0.00774	0.04344	0.05594	0.00722	0.01167	0.00808	0.01824	0.00622	0.00783	0.00564	0.05053	0.00370	0.00106	0.00439	0.00246	0.00181	0.03793
48	0.00814	0.00773	0.01304	0.57548	0.27620	0.00898	0.01118	0.01062	0.00813	0.01086	0.00705	0.01017	0.00553	0.00387	0.00414	0.00127	0.02739	0.00349	0.00180	0.00492
49	0.00483	0.00393	0.00427	0.00428	0.00544	0.00338	0.00318	0.00597	0.00926	0.01158	0.19895	0.10088	0.61094	0.00973	0.00466	0.00133	0.00198	0.00826	0.00378	0.00338
50	0.05658	0.00811	0.04228	0.12048	0.33474	0.04113	0.00895	0.01082	0.00840	0.06467	0.01020	0.10036	0.00957	0.00597	0.00507	0.05722	0.03327	0.07482	0.00242	0.00493
51	0.00809	0.06358	0.74391	0.01130	0.01685	0.00949	0.06866	0.01239	0.00833	0.01226	0.00701	0.00833	0.00504	0.00368	0.00372	0.00123	0.00577	0.00297	0.00168	0.00572
52	0.01464	0.01868	0.01111	0.01010	0.01212	0.84648	0.00757	0.01565	0.01111	0.00959	0.00606	0.00707	0.00505	0.00404	0.00353	0.00101	0.00707	0.00252	0.00202	0.00454
53	0.00781	0.01789	0.00907	0.41726	0.01674	0.02197	0.00756	0.00978	0.01809	0.09101	0.11125	0.16248	0.02211	0.04052	0.00495	0.00144	0.01396	0.01908	0.00279	0.00423
54	0.02160	0.16838	0.08013	0.12936	0.18590	0.11520	0.08065	0.10755	0.01834	0.04613	0.00745	0.00894	0.00582	0.00381	0.00364	0.00113	0.00508	0.00318	0.00223	0.00546
55	0.00496	0.00390	0.00451	0.00487	0.00569	0.00355	0.00348	0.01888	0.00837	0.01052	0.02993	0.40778	0.42241	0.02087	0.00510	0.00148	0.01445	0.02233	0.00360	0.00332
56	0.86601	0.03087	0.00616	0.00520	0.00765	0.00898	0.00431	0.01153	0.00671	0.01736	0.00546	0.00637	0.00427	0.00363	0.00243	0.00120	0.00306	0.00212	0.00241	0.00427
57	0.00491	0.00350	0.00465	0.00548	0.00576	0.00329	0.00373	0.00567	0.00765	0.01022	0.05171	0.76247	0.02580	0.04013	0.00550	0.00166	0.00237	0.04868	0.00362	0.00320
58	0.00858	0.00858	0.01201	0.01029	0.01029	0.01201	0.00858	0.00943	0.00600	0.00943	0.00515	0.00858	0.00515	0.00686	0.01287	0.00172	0.85505	0.00343	0.00172	0.00429
59	0.00983	0.00846	0.00891	0.00799	0.01022	0.00979	0.00622	0.03299	0.81840	0.01653	0.01586	0.01455	0.01189	0.00531	0.00399	0.00133	0.00312	0.00442	0.00399	0.00621
60	0.00478	0.00341	0.00455	0.00546	0.00569	0.00318	0.00364	0.00546	0.00751	0.01001	0.02161	0.85966	0.02593	0.01228	0.00500	0.00159	0.00227	0.01114	0.00364	0.00318
61	0.00629	0.00404	0.00506	0.00487	0.00586	0.00372	0.00364	0.00792	0.01010	0.05903	0.51191	0.12145	0.09390	0.00803	0.00438	0.00124	0.00201	0.01588	0.12691	0.00376
62	0.00478	0.00341	0.00455	0.00546	0.00569	0.00318	0.00364	0.00546	0.00751	0.01001	0.02161	0.85966	0.02593	0.01228	0.00500	0.00159	0.00227	0.01114	0.00364	0.00318
63	0.00535	0.00384	0.00496	0.00564	0.00604	0.00368	0.00385	0.04978	0.00821	0.01098	0.04593	0.78824	0.02523	0.01174	0.00493	0.00156	0.00237	0.01061	0.00368	0.00339
64	0.01048	0.86458	0.02054	0.00671	0.01006	0.01551	0.00671	0.01174	0.00797	0.00922	0.00545	0.00629	0.00503	0.00335	0.00252	0.00084	0.00419	0.00210	0.00168	0.00503
65	0.00464	0.00394	0.00400	0.00405	0.00532	0.00330	0.00301	0.00562	0.00886	0.01056	0.03872	0.08281	0.79174	0.01006	0.00465	0.00134	0.00200	0.00843	0.00364	0.00330
66	0.00964	0.00927	0.01570	0.02331	0.79238	0.00946	0.01184	0.01189	0.00877	0.01262	0.00725	0.00964	0.00615	0.00368	0.00437	0.00119	0.05130	0.00349	0.00193	0.00610
67	0.00555	0.00401	0.00524	0.00493	0.00586	0.00370	0.00370	0.00740	0.01110	0.01572	0.83570	0.02928	0.03699	0.00801	0.00462	0.00123	0.00185	0.00709	0.00432	0.00370
68	0.00947	0.00917	0.01593	0.09943	0.71881	0.00929	0.05643	0.01188	0.00885	0.01254	0.00737	0.00982	0.00611	0.00352	0.00393	0.00119	0.00482	0.00355	0.00192	0.00599
69	0.00786	0.02028	0.84191	0.01117	0.01697	0.00910	0.01448	0.01242	0.00828	0.01242	0.00704	0.00828	0.00497	0.00372	0.00372	0.00124	0.00579	0.00290	0.00166	0.00579
70	0.00908	0.01000	0.02076	0.01483	0.01872	0.00917	0.69381	0.01213	0.00908	0.01259	0.00778	0.01019	0.00593	0.00324	0.00435	0.00120	0.00602	0.00426	0.00204	0.14483
71	0.01423	0.02997	0.01151	0.00886	0.01175	0.07979	0.00724	0.69589	0.01701	0.02233	0.00972	0.05579	0.00756	0.00504	0.00392	0.00118	0.00442	0.00383	0.00370	0.00627
72	0.00651	0.04126	0.14838	0.00619	0.00803	0.00508	0.00562	0.01859	0.00840	0.05570	0.05546	0.29038	0.23414	0.02997	0.01611	0.03533	0.00315	0.01464	0.00318	0.01392
73	0.00816	0.01913	0.75193	0.01178	0.03516	0.00911	0.07234	0.01252	0.00841	0.02543	0.00724	0.00855	0.00514	0.00371	0.00380	0.00125	0.00579	0.00305	0.00174	0.00578
74	0.01456	0.07281	0.01169	0.00960	0.01188	0.65938	0.00741	0.10041	0.01168	0.05566	0.00688	0.00760	0.00547	0.00411	0.00353	0.00103	0.00639	0.00268	0.00235	0.00491
75	0.00561	0.00400	0.00542	0.00627	0.00684	0.00390	0.00492	0.00683	0.00820	0.01076	0.02095	0.38643	0.03641	0.05812	0.00603	0.00182	0.00303	0.41754	0.00356	0.00336
76	0.01638	0.00669	0.00885	0.00688	0.00977	0.00592	0.00567	0.06154	0.01142	0.72639	0.01689	0.01529	0.06640	0.00529	0.00401	0.00123	0.00330	0.01701	0.00470	0.00639
77	0.00753	0.00710	0.01199	0.80735	0.07147	0.00874	0.01095	0.01013	0.00790	0.01017	0.00699	0.01041	0.00528	0.00390	0.00392	0.00130	0.00519	0.00348	0.00175	0.00446
78	0.88991	0.00758	0.00576	0.00516	0.00758	0.00879	0.00425	0.01152	0.00667	0.01759	0.00546	0.00637	0.00425	0.00364	0.00243	0.00121	0.00303	0.00212	0.00243	0.00425
79	0.00756	0.00712	0.01189	0.69728	0.13310	0.00850	0.01061	0.01005	0.00804	0.01042	0.00879	0.01183	0.05026	0.00419	0.00395	0.00129	0.00498	0.00374	0.00187	0.00454
80	0.00750	0.00678	0.01056	0.05258	0.41567	0.01984	0.00816	0.00913	0.00843	0.01147	0.01513	0.30554	0.07912	0.00724	0.00436	0.00134	0.00366	0.02603	0.00269	0.00477
81	0.00498	0.00414	0.00466	0.05004	0.00659	0.00368	0.00356	0.00624	0.00933	0.01164	0.20593	0.03447	0.62262	0.00920	0.00459	0.00130	0.00213	0.00777	0.00368	0.00345
82	0.00561	0.00416	0.00611	0.00611	0.00674	0.00479	0.00466	0.00688	0.00624	0.00896	0.01068	0.01639	0.01023	0.10980	0.76688	0.00606	0.00985	0.00435	0.00213	0.00339
83	0.00806	0.01904	0.74281	0.01223	0.06222	0.00917	0.06751	0.01240	0.00838	0.01245	0.00711	0.00851	0.00510	0.00368	0.00379	0.00124	0.00579	0.00304	0.00169	0.00578
84	0.00840	0.05430	0.06833	0.01857	0.04321	0.00626	0.00582	0.01032	0.00817	0.02430	0.00709	0.00843	0.00587	0.01362	0.00322	0.00072	0.00330	0.00248	0.00225	0.70533
85	0.00869	0.00695	0.00819	0.00588	0.00933	0.00526	0.00471	0.01042	0.00831	0.06223	0.00748	0.00844	0.00604	0.00302	0.00297	0.00062	0.00293	0.00242	0.00247	0.83364
86	0.00726	0.00677	0.01136	0.80633	0.02583	0.00841	0.01049	0.00977	0.00782	0.01002	0.00777	0.05703	0.00636	0.00438	0.00398	0.00132	0.00506	0.00390	0.00185	0.00429
87	0.00562	0.00412	0.00588	0.00588	0.00644	0.00467	0.00438	0.00673	0.00618	0.00879	0.01088	0.01753	0.01072	0.20195	0.67540	0.00578	0.00911	0.00451	0.00216	0.00327
88	0.00632	0.00451	0.00632	0.00722	0.00812	0.00451	0.00632	0.00812	0.00902	0.01173	0.02076	0.04422	0.02256	0.01083	0.00541	0.00180	0.00361	0.81138	0.00361	0.00361
89	0.01181	0.05875	0.01056	0.00829	0.01082	0.05078	0.00666	0.33965	0.37601	0.01863	0.01258	0.05737	0.00988	0.00528	0.00391	0.00124	0.00379	0.00421	0.00372	0.00608
90	0.00552	0.00417	0.00484	0.00455	0.00582	0.00362	0.00344	0.00694	0.00994	0.03481	0.39818	0.03216	0.42162	0.00867	0.00455	0.00125	0.00199	0.00740	0.00393	0.03660
91	0.13850	0.02773	0.03872	0.00724	0.01032	0.03929	0.00611	0.19755	0.04404	0.22767	0.00975	0.00969	0.00694	0.00413	0.00352	0.00105	0.01220	0.00310	0.00336	0.20910
92	0.00914	0.00960	0.02849	0.01310	0.02529	0.00965	0.47414	0.01454	0.25623	0.01342	0.01082	0.05146	0.00864	0.00453	0.00488	0.00136	0.05185	0.00477	0.00264	0.00543
93	0.01206	0.00507	0.00629	0.00533	0.00721	0.00463	0.00422	0.01367	0.00961	0.40669	0.01454	0.05967	0.01074	0.00512	0.00343	0.00109	0.00257	0.00420	0.41879	0.00506
94	0.01124	0.00521	0.00648	0.00544	0.00744	0.00457	0.00430	0.01262	0.00999	0.40447	0.09049	0.02200	0.23912	0.03854	0.00463	0.00130	0.00266	0.00542	0.11912	0.00494
95	0.01960	0.07472	0.21814	0.03142	0.04327	0.05411	0.14378	0.25020	0.01166	0.03367	0.01707	0.02487	0.00738	0.00452	0.00396	0.00123	0.00510	0.04701	0.00265	0.00565
96	0.00920	0.01098	0.05711	0.01630	0.02034	0.00988	0.78996	0.01255	0.00921	0.01255	0.00789	0.01048	0.00591	0.00332	0.00459	0.00132	0.00658	0.00455	0.00197	0.00531
97	0.00590	0.00428	0.00561	0.00623	0.00699	0.00417	0.00491	0.04072	0.00892	0.01172	0.06604	0.36639	0.08306	0.01094	0.00509	0.00163	0.00289	0.35729	0.00367	0.00355
98	0.00482	0.00360	0.00449	0.00519	0.00567	0.00330	0.00354	0.00571	0.01957	0.01022	0.02523	0.67943	0.19148	0.01170	0.00491	0.00153	0.00223	0.01046	0.00364	0.00325
99	0.00909	0.02663	0.61071	0.01018	0.01504	0.00910	0.01217	0.13918	0.01004	0.04026	0.04258	0.04131	0.00749	0.00441	0.00383	0.00124	0.00517	0.00350	0.00229	0.00576
100	0.00644	0.04039	0.00586	0.00511	0.00656	0.00489	0.00391	0.00896	0.12457	0.05682	0.13959	0.12705	0.43780	0.00875	0.00446	0.00132	0.00232	0.00742	0.00376	0.00401
101	0.00836	0.01745	0.67673	0.01021	0.01522	0.00845	0.01258	0.04578	0.00884	0.05745	0.00981	0.06286	0.03985	0.00461	0.00386	0.00126	0.00523	0.00371	0.00213	0.00562
102	0.02840	0.03200	0.52375	0.02635	0.04951	0.00891	0.06520	0.07779	0.00925	0.05836	0.00849	0.05551	0.00664	0.00427	0.00382	0.00123	0.00517	0.00356	0.00219	0.02961
103	0.00922	0.07928	0.22967	0.01032	0.11796	0.06346	0.00879	0.09370	0.07425	0.03592	0.02040	0.11518	0.06658	0.00563	0.00394	0.00123	0.00431	0.02827	0.00269	0.02921

[dist]
# distance from previous block
# <min> <max>
6	51

[block]
# block no. 3 follows, 69 sequences, length 16
# corresponding to MSA columns:
# 278-293
name=unknown_D
#
# <colnr> <probs for GDERKNQSTAVLIFYWHMCP>
#	G	D	E	R	K	N	Q	S	T	A	V	L	I	F	Y	W	H	M	C	P
0	0.15707	0.03288	0.00888	0.00734	0.03091	0.04247	0.00569	0.07202	0.28450	0.05508	0.01035	0.01042	0.00789	0.00416	0.00335	0.00106	0.00334	0.00322	0.01949	0.23991
1	0.02589	0.11577	0.12751	0.02134	0.06288	0.05276	0.00736	0.08554	0.02266	0.08375	0.00783	0.00863	0.00605	0.00357	0.00327	0.00091	0.00400	0.00275	0.00249	0.35505
2	0.04063	0.30270	0.15819	0.03286	0.02406	0.09122	0.09585	0.09440	0.05657	0.02908	0.03462	0.00901	0.00682	0.00394	0.00342	0.00109	0.00485	0.00308	0.00228	0.00533
3	0.01143	0.00895	0.00988	0.00888	0.05439	0.00994	0.00670	0.28007	0.43796	0.05319	0.01484	0.01406	0.06125	0.00529	0.00400	0.00127	0.00352	0.00431	0.00387	0.00619
4	0.00554	0.00425	0.00535	0.00549	0.00650	0.00366	0.00385	0.00648	0.00770	0.01066	0.01884	0.63726	0.04798	0.01005	0.00451	0.00135	0.00241	0.00903	0.00334	0.20576
5	0.04312	0.00584	0.00750	0.00603	0.00842	0.00524	0.00489	0.01578	0.01040	0.56958	0.07563	0.01458	0.01163	0.00498	0.00368	0.00115	0.00288	0.00405	0.19891	0.00570
6	0.00505	0.00399	0.00454	0.00440	0.00555	0.00349	0.00330	0.00642	0.00991	0.01290	0.39824	0.03393	0.47621	0.00907	0.00463	0.00128	0.00192	0.00774	0.00394	0.00349
7	0.40617	0.00764	0.00796	0.00643	0.00921	0.00795	0.00531	0.12131	0.01014	0.36667	0.01021	0.00972	0.00687	0.00429	0.00326	0.00121	0.00333	0.00308	0.00365	0.00559
8	0.00864	0.00461	0.00583	0.00533	0.00679	0.00409	0.00406	0.00999	0.00983	0.24313	0.23735	0.18655	0.19734	0.00820	0.00441	0.00130	0.00237	0.00708	0.04876	0.00434
9	0.04062	0.00850	0.00979	0.00761	0.01048	0.00874	0.00626	0.40582	0.01429	0.34940	0.01202	0.01136	0.00812	0.00472	0.00378	0.00117	0.00366	0.00366	0.08366	0.00633
10	0.00740	0.00697	0.01176	0.85280	0.02700	0.00871	0.01089	0.01002	0.00784	0.01002	0.00697	0.01045	0.00523	0.00392	0.00392	0.00131	0.00523	0.00348	0.00174	0.00436
11	0.00525	0.00383	0.00496	0.00519	0.00591	0.00354	0.00380	0.00660	0.00948	0.01294	0.41434	0.31960	0.11060	0.00989	0.00482	0.00141	0.00214	0.06825	0.00396	0.00348
12	0.83502	0.00763	0.00596	0.00533	0.00774	0.00885	0.00437	0.01210	0.05806	0.01752	0.00611	0.00688	0.00473	0.00374	0.00252	0.00122	0.00304	0.00227	0.00252	0.00437
13	0.23173	0.03241	0.00978	0.00756	0.01039	0.03863	0.00622	0.39369	0.04922	0.15174	0.00953	0.00945	0.00675	0.00443	0.00348	0.00118	0.00383	0.00322	0.02089	0.00587
14	0.07279	0.09727	0.13790	0.04258	0.17111	0.00855	0.00824	0.07430	0.00927	0.10511	0.01947	0.02150	0.00697	0.02697	0.00389	0.00112	0.00407	0.00319	0.00252	0.18319
15	0.04905	0.23971	0.08956	0.03322	0.01160	0.02453	0.01895	0.13058	0.29500	0.03112	0.01013	0.01020	0.00776	0.00432	0.00346	0.00113	0.00399	0.00331	0.00292	0.02944

[dist]
# distance from previous block
# <min> <max>
2	16

[block]
# block no. 4 follows, 69 sequences, length 11
# corresponding to MSA columns:
# 310-320
name=unknown_E
#
# <colnr> <probs for GDERKNQSTAVLIFYWHMCP>
#	G	D	E	R	K	N	Q	S	T	A	V	L	I	F	Y	W	H	M	C	P
0	0.00532	0.00385	0.00432	0.00443	0.00490	0.00363	0.00286	0.00580	0.00709	0.00907	0.04149	0.10311	0.26057	0.47809	0.01311	0.00273	0.00307	0.04078	0.00296	0.00281
1	0.00809	0.00631	0.00955	0.01204	0.29629	0.00627	0.00699	0.00988	0.00964	0.08231	0.32655	0.05907	0.07040	0.02328	0.00511	0.00131	0.05326	0.00559	0.00327	0.00478
2	0.01441	0.00695	0.00869	0.00687	0.00945	0.00663	0.00560	0.18465	0.01254	0.48391	0.15355	0.01531	0.01373	0.00534	0.00399	0.00119	0.00320	0.00438	0.05364	0.00600
3	0.83497	0.00752	0.00597	0.00527	0.00773	0.00860	0.00434	0.01200	0.00696	0.06942	0.00609	0.00681	0.00459	0.00372	0.00252	0.00121	0.00305	0.00224	0.00258	0.00440
4	0.01066	0.00887	0.00938	0.00816	0.01054	0.01018	0.00642	0.16250	0.68754	0.01786	0.01480	0.01371	0.01103	0.00521	0.00398	0.00130	0.00332	0.00427	0.00398	0.00629
5	0.00486	0.00358	0.00458	0.00535	0.00580	0.00330	0.00372	0.00568	0.00784	0.01023	0.02446	0.66897	0.15604	0.01180	0.00497	0.00156	0.00232	0.06806	0.00364	0.00323
6	0.03026	0.01124	0.17670	0.05502	0.26903	0.02514	0.07358	0.07715	0.04838	0.14560	0.00902	0.01014	0.00665	0.00410	0.00427	0.00124	0.04044	0.00353	0.00260	0.00592
7	0.00841	0.04929	0.66772	0.01167	0.01702	0.00956	0.12598	0.04268	0.00878	0.01278	0.00719	0.00857	0.00517	0.00369	0.00381	0.00124	0.00579	0.00313	0.00179	0.00573
8	0.00486	0.00347	0.00464	0.00555	0.00581	0.00325	0.00378	0.00560	0.00758	0.01010	0.02156	0.81741	0.02575	0.01221	0.00503	0.00160	0.00234	0.05261	0.00364	0.00321
9	0.01305	0.00681	0.00847	0.02215	0.00950	0.00672	0.02132	0.17887	0.05076	0.36304	0.02827	0.09186	0.01109	0.00549	0.00385	0.00120	0.00322	0.00456	0.16411	0.00566
10	0.04888	0.16599	0.28636	0.03103	0.06647	0.04074	0.04826	0.11582	0.07207	0.04967	0.00799	0.00890	0.00604	0.00403	0.00384	0.00117	0.03165	0.00310	0.00235	0.00564

[dist]
# distance from previous block
# <min> <max>
0	40

[block]
# block no. 5 follows, 69 sequences, length 15
# corresponding to MSA columns:
# 365-379
name=unknown_F
#
# <colnr> <probs for GDERKNQSTAVLIFYWHMCP>
#	G	D	E	R	K	N	Q	S	T	A	V	L	I	F	Y	W	H	M	C	P
0	0.02389	0.08813	0.21062	0.00827	0.03573	0.02204	0.00781	0.05037	0.03308	0.09802	0.10782	0.01347	0.01099	0.02491	0.22023	0.00254	0.03064	0.00390	0.00264	0.00490
1	0.01023	0.46080	0.12093	0.02563	0.01095	0.01149	0.01968	0.03270	0.04419	0.10285	0.06117	0.03423	0.04122	0.00449	0.00327	0.00104	0.00403	0.00341	0.00248	0.00519
2	0.00815	0.00534	0.00633	0.00599	0.00701	0.00539	0.00433	0.16230	0.00949	0.08078	0.01642	0.28800	0.04073	0.26987	0.00930	0.00217	0.00331	0.06776	0.00340	0.00392
3	0.88991	0.00758	0.00576	0.00516	0.00758	0.00879	0.00425	0.01152	0.00667	0.01759	0.00546	0.00637	0.00425	0.00364	0.00243	0.00121	0.00303	0.00212	0.00243	0.00425
4	0.15176	0.03375	0.32998	0.03230	0.10669	0.00804	0.00945	0.01177	0.00819	0.06529	0.00806	0.05286	0.00654	0.00406	0.00345	0.00112	0.00433	0.00323	0.00224	0.15691
5	0.00813	0.00697	0.00813	0.00581	0.00929	0.00523	0.00465	0.00987	0.00813	0.01277	0.00697	0.00813	0.00581	0.00290	0.00290	0.00058	0.00290	0.00232	0.00232	0.88619
6	0.00478	0.00341	0.00455	0.00546	0.00569	0.00318	0.00364	0.00546	0.00751	0.01001	0.02161	0.85966	0.02593	0.01228	0.00500	0.00159	0.00227	0.01114	0.00364	0.00318
