[name]
unknown

[dist]
# distance from previous block
# <min> <max>
0	18

[block]
# block no. 0 follows, 73 sequences, length 20
# corresponding to MSA columns:
# 23-42
name=unknown_A
#
# <colnr> <probs for GDERKNQSTAVLIFYWHMCP>
#	G	D	E	R	K	N	Q	S	T	A	V	L	I	F	Y	W	H	M	C	P
0	0.00555	0.00397	0.00548	0.00635	0.00699	0.00389	0.00519	0.00692	0.00815	0.01068	0.02014	0.31714	0.02267	0.01083	0.00505	0.00166	0.00303	0.54953	0.00346	0.00332
1	0.00786	0.00770	0.01082	0.00938	0.00946	0.01066	0.00778	0.00874	0.00578	0.00899	0.00555	0.00901	0.00547	0.00920	0.11505	0.00218	0.75729	0.00337	0.00169	0.00401
2	0.01361	0.01086	0.01046	0.00845	0.01113	0.13983	0.00680	0.49602	0.15621	0.09284	0.01010	0.00985	0.00727	0.00452	0.00371	0.00113	0.00425	0.00341	0.00356	0.00599
3	0.01177	0.01028	0.01153	0.01140	0.18995	0.15506	0.04305	0.23876	0.01145	0.08448	0.00796	0.00878	0.00606	0.00374	0.00351	0.00099	0.00439	0.00304	0.00270	0.19109
4	0.70572	0.00758	0.00717	0.00732	0.09402	0.00881	0.00527	0.02840	0.00679	0.01581	0.00547	0.00667	0.00438	0.00376	0.00338	0.00120	0.07937	0.00231	0.00224	0.00431
5	0.00885	0.00847	0.01444	0.18925	0.68195	0.00880	0.01130	0.01113	0.00834	0.01173	0.00698	0.00943	0.00576	0.00342	0.00372	0.00114	0.00457	0.00334	0.00182	0.00559
6	0.89465	0.00726	0.00551	0.00493	0.00726	0.00842	0.00406	0.01103	0.00638	0.01683	0.00522	0.00609	0.00406	0.00348	0.00232	0.00116	0.00290	0.00203	0.00232	0.00406
7	0.00538	0.00480	0.00643	0.03553	0.09345	0.00436	0.05138	0.00668	0.00850	0.01050	0.03046	0.05170	0.60944	0.00842	0.00439	0.00129	0.00262	0.05788	0.00316	0.00361
8	0.01462	0.00993	0.01090	0.00836	0.01135	0.01078	0.00690	0.71830	0.01667	0.13895	0.00982	0.00953	0.00679	0.00452	0.00376	0.00113	0.00400	0.00343	0.00388	0.00638
9	0.25884	0.02125	0.00874	0.00704	0.02064	0.00894	0.00569	0.32279	0.06619	0.17903	0.01105	0.01075	0.05425	0.00453	0.00338	0.00115	0.00341	0.00337	0.00346	0.00549
10	0.01426	0.01051	0.01126	0.00863	0.01163	0.01163	0.00713	0.83224	0.01764	0.02364	0.00901	0.00901	0.00638	0.00450	0.00375	0.00113	0.00413	0.00338	0.00375	0.00638
11	0.01294	0.00577	0.00757	0.00631	0.00854	0.00522	0.00508	0.02719	0.05733	0.54548	0.06991	0.10501	0.06803	0.00624	0.00405	0.00124	0.00293	0.05142	0.00429	0.00546
12	0.00631	0.00531	0.00762	0.01012	0.24854	0.00510	0.00578	0.00798	0.04405	0.02341	0.04770	0.32553	0.23140	0.00821	0.00432	0.00131	0.00280	0.00733	0.00307	0.00411
13	0.00778	0.00667	0.00778	0.00556	0.00889	0.00500	0.00445	0.00945	0.00778	0.01223	0.00667	0.00778	0.00556	0.00278	0.00278	0.00056	0.00278	0.00222	0.00222	0.89108
14	0.00532	0.00395	0.00581	0.00586	0.00646	0.00453	0.00446	0.00653	0.00606	0.00866	0.01077	0.06384	0.01054	0.08230	0.75025	0.00562	0.00918	0.00449	0.00211	0.00326
15	0.01150	0.00883	0.01054	0.09997	0.09421	0.00977	0.00735	0.41599	0.17797	0.04659	0.05670	0.01140	0.00897	0.00461	0.00378	0.00117	0.00382	0.00375	0.01727	0.00581
16	0.00698	0.00630	0.00980	0.61222	0.02047	0.00760	0.00871	0.01022	0.10787	0.01068	0.06399	0.09999	0.00982	0.00500	0.00391	0.00128	0.00425	0.00443	0.00228	0.00422
17	0.01132	0.01039	0.04572	0.01941	0.01061	0.19831	0.00692	0.10295	0.23176	0.12433	0.02154	0.01364	0.00935	0.00530	0.00471	0.00125	0.09274	0.08146	0.00312	0.00519
18	0.00972	0.00622	0.00766	0.01716	0.00861	0.00561	0.01696	0.04741	0.09465	0.20609	0.11335	0.01436	0.01179	0.11603	0.00551	0.00129	0.00302	0.00387	0.00324	0.30746
19	0.00872	0.00782	0.00810	0.00602	0.00919	0.09256	0.00477	0.01030	0.00817	0.03884	0.00684	0.00784	0.00560	0.00295	0.00287	0.00062	0.00320	0.00229	0.00227	0.77103

[dist]
# distance from previous block
# <min> <max>
0	1

[block]
# block no. 1 follows, 73 sequences, length 44
# corresponding to MSA columns:
# 44-87
name=unknown_B
#
# <colnr> <probs for GDERKNQSTAVLIFYWHMCP>
#	G	D	E	R	K	N	Q	S	T	A	V	L	I	F	Y	W	H	M	C	P
0	0.01230	0.00887	0.06210	0.03492	0.02454	0.00860	0.00678	0.23568	0.25810	0.23174	0.01196	0.01135	0.00843	0.00450	0.00370	0.00115	0.00357	0.00362	0.00367	0.06439
1	0.00638	0.00332	0.00485	0.00483	0.00489	0.00330	0.00322	0.00506	0.00530	0.00712	0.06189	0.01323	0.00882	0.06020	0.01423	0.78294	0.00318	0.00361	0.00183	0.00179
2	0.00516	0.00358	0.00454	0.00506	0.00541	0.00345	0.00344	0.02138	0.00742	0.01009	0.07956	0.54978	0.02237	0.17087	0.00735	0.00187	0.00251	0.05392	0.03920	0.00304
3	0.00928	0.15899	0.01494	0.07337	0.54571	0.00996	0.00989	0.01234	0.10702	0.01189	0.00769	0.00932	0.00634	0.00355	0.00350	0.00109	0.00424	0.00322	0.00203	0.00563
4	0.03068	0.00650	0.00802	0.00844	0.10768	0.00686	0.00572	0.02566	0.33596	0.12131	0.09572	0.18007	0.02437	0.02029	0.00426	0.00131	0.00292	0.00556	0.00359	0.00507
5	0.01094	0.02969	0.02393	0.00774	0.01041	0.06938	0.00628	0.26049	0.35250	0.02544	0.01090	0.01065	0.00818	0.00437	0.00356	0.00107	0.00362	0.00343	0.00332	0.15409
6	0.00865	0.00667	0.02218	0.00701	0.06347	0.00583	0.00520	0.11404	0.03291	0.08566	0.11530	0.05922	0.10989	0.00514	0.00360	0.00096	0.00289	0.00432	0.00308	0.34399
7	0.02037	0.33276	0.37893	0.00903	0.01311	0.02514	0.07318	0.01161	0.00789	0.03696	0.00664	0.00787	0.00524	0.00481	0.05041	0.00132	0.00520	0.00270	0.00175	0.00510
8	0.01931	0.09493	0.45634	0.01101	0.01552	0.00955	0.19848	0.07702	0.02090	0.05112	0.00744	0.00862	0.00540	0.00358	0.00367	0.00116	0.00529	0.00318	0.00201	0.00546
9	0.00495	0.00382	0.00452	0.00435	0.00539	0.00339	0.00326	0.00639	0.00978	0.01305	0.51658	0.03130	0.36282	0.00841	0.00443	0.00122	0.00182	0.00724	0.00387	0.00339
10	0.00701	0.00699	0.09252	0.01015	0.21906	0.00574	0.01999	0.02606	0.01748	0.02778	0.40704	0.02029	0.08086	0.00597	0.00406	0.00116	0.00299	0.00529	0.03508	0.00447
11	0.01001	0.31682	0.29595	0.00973	0.05920	0.01112	0.06701	0.11549	0.00931	0.06217	0.00704	0.00791	0.00538	0.00358	0.00326	0.00104	0.00468	0.00279	0.00208	0.00543
12	0.00876	0.20781	0.01802	0.01223	0.06640	0.02227	0.41201	0.01088	0.00804	0.01061	0.00770	0.03450	0.00687	0.06086	0.00555	0.00135	0.07590	0.02362	0.00191	0.00469
13	0.00459	0.00381	0.00402	0.00399	0.00519	0.00324	0.00301	0.00568	0.00887	0.01091	0.16176	0.03496	0.70559	0.00923	0.00444	0.00126	0.00191	0.02070	0.00358	0.00323
14	0.01528	0.00393	0.00433	0.00427	0.00523	0.00371	0.00311	0.00741	0.04359	0.02539	0.18209	0.09537	0.27527	0.09420	0.00544	0.00141	0.00211	0.00632	0.21813	0.00340
15	0.00953	0.00883	0.01584	0.07545	0.58620	0.00877	0.16259	0.01191	0.00867	0.06438	0.00762	0.00971	0.00604	0.00342	0.00385	0.00115	0.00476	0.00357	0.00203	0.00569
16	0.00594	0.00497	0.00604	0.02690	0.00729	0.06028	0.00490	0.00701	0.00729	0.00956	0.01556	0.36402	0.01733	0.03458	0.21060	0.00266	0.05246	0.15644	0.00284	0.00335
17	0.07229	0.00722	0.00868	0.00679	0.00960	0.05642	0.00556	0.03675	0.01062	0.72529	0.01352	0.01190	0.00862	0.00452	0.00366	0.00115	0.00341	0.00357	0.00431	0.00612
18	0.00914	0.00942	0.01231	0.38405	0.29559	0.15317	0.00997	0.01177	0.05794	0.01077	0.00716	0.00945	0.00567	0.00371	0.00368	0.00116	0.00500	0.00323	0.00190	0.00490
19	0.00921	0.00883	0.01509	0.05298	0.81541	0.00889	0.01147	0.01145	0.00851	0.01216	0.00704	0.00931	0.00591	0.00336	0.00372	0.00112	0.00448	0.00334	0.00185	0.00588
20	0.89465	0.00726	0.00551	0.00493	0.00726	0.00842	0.00406	0.01103	0.00638	0.01683	0.00522	0.00609	0.00406	0.00348	0.00232	0.00116	0.00290	0.00203	0.00232	0.00406
21	0.00759	0.02521	0.00602	0.00574	0.00680	0.00424	0.00440	0.00888	0.01969	0.17430	0.13468	0.33567	0.03448	0.05385	0.00528	0.00153	0.00269	0.16137	0.00369	0.00389
22	0.00958	0.00794	0.00892	0.05212	0.03071	0.00869	0.00615	0.13641	0.49349	0.02334	0.05857	0.01291	0.01079	0.00473	0.00370	0.00115	0.00319	0.00392	0.00347	0.12024
23	0.00862	0.00674	0.00787	0.00590	0.00893	0.00553	0.00469	0.05939	0.05181	0.06590	0.00865	0.06227	0.00736	0.00368	0.00308	0.00073	0.00286	0.00302	0.00263	0.68035
24	0.01431	0.00953	0.01059	0.00809	0.01110	0.01013	0.00667	0.63541	0.01579	0.16928	0.00989	0.00960	0.00684	0.00442	0.00369	0.00110	0.00388	0.00337	0.00381	0.06250
25	0.00934	0.06568	0.13295	0.01433	0.07214	0.00951	0.55003	0.02995	0.00892	0.05848	0.00772	0.00963	0.00574	0.00334	0.00408	0.00121	0.00573	0.00392	0.00203	0.00527
26	0.00443	0.00380	0.00380	0.00380	0.00507	0.00317	0.00285	0.00538	0.00855	0.01014	0.03801	0.03611	0.84322	0.00950	0.00443	0.00127	0.00190	0.00792	0.00348	0.00317
27	0.89465	0.00726	0.00551	0.00493	0.00726	0.00842	0.00406	0.01103	0.00638	0.01683	0.00522	0.00609	0.00406	0.00348	0.00232	0.00116	0.00290	0.00203	0.00232	0.00406
28	0.00772	0.00727	0.01522	0.00624	0.00762	0.14705	0.00479	0.02570	0.16956	0.01431	0.52046	0.02123	0.02486	0.00644	0.00411	0.00116	0.00292	0.00546	0.00367	0.00421
29	0.00595	0.00497	0.00692	0.06147	0.10132	0.00493	0.02709	0.00816	0.07831	0.01194	0.22964	0.21555	0.19210	0.00841	0.02486	0.00140	0.00282	0.00696	0.00330	0.00390
30	0.00457	0.00326	0.00435	0.00522	0.00544	0.00305	0.00348	0.00522	0.00718	0.00958	0.02068	0.86570	0.02481	0.01175	0.00479	0.00152	0.00218	0.01067	0.00348	0.00305
31	0.00709	0.00667	0.01125	0.85913	0.02584	0.00834	0.01042	0.00959	0.00750	0.00959	0.00667	0.01000	0.00500	0.00375	0.00375	0.00125	0.00500	0.00333	0.00167	0.00417
32	0.01003	0.87041	0.01966	0.00642	0.00963	0.01485	0.00642	0.01123	0.00762	0.00883	0.00522	0.00602	0.00481	0.00321	0.00241	0.00080	0.00401	0.00201	0.00160	0.00481
33	0.01169	0.00972	0.11631	0.00857	0.01153	0.00863	0.08172	0.37909	0.01305	0.14941	0.10351	0.06812	0.01103	0.00512	0.00394	0.00118	0.00397	0.00432	0.00348	0.00562
34	0.00742	0.00709	0.01052	0.00903	0.00945	0.00929	0.06547	0.00848	0.00601	0.00906	0.00673	0.01088	0.00655	0.06531	0.20629	0.00275	0.55032	0.00367	0.00178	0.00388
35	0.78131	0.00738	0.00677	0.00573	0.00818	0.00829	0.05600	0.01157	0.00683	0.07123	0.00600	0.00679	0.00451	0.00354	0.00255	0.00117	0.00314	0.00230	0.00245	0.00428
36	0.00489	0.00382	0.00443	0.00428	0.00535	0.00336	0.00321	0.00627	0.00963	0.01270	0.45782	0.03189	0.42181	0.00855	0.00443	0.00122	0.00183	0.00733	0.00382	0.00336
37	0.33006	0.00731	0.00767	0.00617	0.00887	0.00744	0.00504	0.09906	0.07948	0.26958	0.00960	0.00935	0.00674	0.00397	0.00311	0.00108	0.00311	0.00292	0.00329	0.13618
38	0.00993	0.06274	0.01907	0.01495	0.11291	0.16506	0.53549	0.01246	0.00907	0.01133	0.00706	0.00916	0.00551	0.00332	0.00403	0.00117	0.00605	0.00379	0.00188	0.00502
39	0.00882	0.00490	0.00619	0.00546	0.00702	0.00457	0.00431	0.03829	0.04432	0.22929	0.39941	0.02360	0.09128	0.00680	0.00415	0.00120	0.00238	0.05663	0.05694	0.00443
40	0.00879	0.00883	0.05714	0.29543	0.48037	0.00889	0.01100	0.06297	0.00875	0.01208	0.00704	0.00943	0.00560	0.00356	0.00372	0.00116	0.00467	0.00331	0.00190	0.00537
41	0.00762	0.15393	0.00834	0.00569	0.00713	0.07041	0.00444	0.06396	0.07253	0.01198	0.25271	0.03284	0.09036	0.17901	0.02206	0.00169	0.00332	0.00506	0.00301	0.00389
42	0.00517	0.00383	0.00454	0.00435	0.00534	0.00344	0.00322	0.00653	0.00951	0.02234	0.48052	0.03027	0.32086	0.06217	0.00531	0.00136	0.00195	0.00701	0.01890	0.00336
43	0.00834	0.00684	0.00740	0.00684	0.00842	0.00769	0.00513	0.06652	0.53985	0.01409	0.01537	0.16078	0.01370	0.11454	0.00590	0.00160	0.00299	0.00544	0.00356	0.00501

[dist]
# distance from previous block
# <min> <max>
0	1

[block]
# block no. 2 follows, 73 sequences, length 11
# corresponding to MSA columns:
# 89-99
name=unknown_C
#
# <colnr> <probs for GDERKNQSTAVLIFYWHMCP>
#	G	D	E	R	K	N	Q	S	T	A	V	L	I	F	Y	W	H	M	C	P
0	0.89465	0.00726	0.00551	0.00493	0.00726	0.00842	0.00406	0.01103	0.00638	0.01683	0.00522	0.00609	0.00406	0.00348	0.00232	0.00116	0.00290	0.00203	0.00232	0.00406
1	0.01054	0.01246	0.08392	0.07593	0.18068	0.35282	0.02525	0.03233	0.00936	0.03680	0.00883	0.13686	0.00826	0.00493	0.00375	0.00114	0.00518	0.00405	0.00223	0.00469
2	0.00983	0.00872	0.01289	0.14324	0.44633	0.00937	0.00971	0.15550	0.13984	0.01438	0.00862	0.01008	0.00674	0.00388	0.00374	0.00116	0.00425	0.00349	0.00247	0.00575
3	0.00448	0.00362	0.00399	0.00428	0.00519	0.00313	0.00306	0.00533	0.00809	0.00995	0.03221	0.31340	0.56966	0.01025	0.00455	0.00135	0.00199	0.00884	0.00348	0.00313
4	0.00662	0.00490	0.00593	0.00600	0.00692	0.00502	0.00442	0.13101	0.08165	0.01292	0.10773	0.51833	0.02182	0.00955	0.00453	0.00142	0.00258	0.06116	0.00362	0.00388
5	0.00737	0.10154	0.09007	0.62281	0.02182	0.00877	0.00998	0.00984	0.00764	0.00984	0.00751	0.01181	0.00621	0.00417	0.00370	0.00123	0.00483	0.06475	0.00179	0.00431
6	0.00487	0.00378	0.00422	0.00418	0.00504	0.00346	0.00296	0.00573	0.00783	0.00992	0.12930	0.03043	0.46797	0.22020	0.08186	0.00225	0.00302	0.00684	0.00314	0.00301
7	0.00496	0.00340	0.00446	0.00525	0.00559	0.00323	0.00368	0.00583	0.00740	0.01017	0.01980	0.69660	0.02304	0.01091	0.00463	0.00149	0.00228	0.09789	0.08626	0.00313
8	0.00874	0.01025	0.14024	0.01933	0.58527	0.00859	0.08291	0.01133	0.00848	0.01210	0.00802	0.01165	0.00692	0.00389	0.00386	0.00118	0.00471	0.06497	0.00194	0.00562
9	0.04750	0.00978	0.08973	0.08573	0.20069	0.00928	0.00862	0.31279	0.03390	0.15131	0.00910	0.00968	0.00652	0.00409	0.00367	0.00115	0.00418	0.00334	0.00303	0.00591
10	0.01288	0.01693	0.10484	0.01002	0.01246	0.64038	0.04825	0.06535	0.01054	0.01052	0.00617	0.00724	0.00497	0.00392	0.00374	0.00104	0.03149	0.00264	0.00200	0.00464

[dist]
# distance from previous block
# <min> <max>
0	11

[block]
# block no. 3 follows, 73 sequences, length 68
# corresponding to MSA columns:
# 111-178
name=unknown_D
#
# <colnr> <probs for GDERKNQSTAVLIFYWHMCP>
#	G	D	E	R	K	N	Q	S	T	A	V	L	I	F	Y	W	H	M	C	P
0	0.79388	0.00847	0.00610	0.00548	0.00775	0.10507	0.00443	0.01148	0.00687	0.01596	0.00529	0.00617	0.00415	0.00353	0.00244	0.00114	0.00334	0.00208	0.00228	0.00410
1	0.00616	0.00540	0.00528	0.00563	0.00624	0.12039	0.00395	0.00711	0.00828	0.01071	0.15925	0.54321	0.02284	0.01747	0.00453	0.00137	0.00273	0.00837	0.05776	0.00333
2	0.05627	0.00594	0.00772	0.00614	0.00848	0.00535	0.00489	0.02695	0.00989	0.62669	0.06720	0.01501	0.01128	0.12386	0.00586	0.00150	0.00316	0.00411	0.00416	0.00552
3	0.00732	0.00627	0.00723	0.00531	0.00836	0.00475	0.00423	0.00889	0.00789	0.01194	0.01099	0.01169	0.12108	0.00371	0.00301	0.00065	0.00266	0.00301	0.00240	0.76864
4	0.00894	0.07568	0.35171	0.01044	0.06705	0.00911	0.10232	0.16890	0.02460	0.01415	0.07100	0.01165	0.05914	0.00435	0.00374	0.00116	0.00463	0.00369	0.00240	0.00534
5	0.00451	0.00377	0.00394	0.00400	0.00516	0.00319	0.00298	0.00549	0.00855	0.01036	0.07902	0.10278	0.72376	0.00960	0.00447	0.00129	0.00194	0.01848	0.00352	0.00318
6	0.00778	0.00667	0.00778	0.00556	0.00889	0.00500	0.00445	0.00945	0.00778	0.01223	0.00667	0.00778	0.00556	0.00278	0.00278	0.00056	0.00278	0.00222	0.00222	0.89108
7	0.00724	0.01701	0.70406	0.00990	0.01463	0.00830	0.01232	0.01100	0.00785	0.01151	0.00997	0.01097	0.09478	0.00440	0.00422	0.00123	0.06029	0.00336	0.00179	0.00520
8	0.01032	0.80744	0.01899	0.00666	0.00977	0.07676	0.00648	0.01151	0.00785	0.00885	0.00526	0.00607	0.00482	0.00326	0.00248	0.00081	0.00422	0.00204	0.00163	0.00478
9	0.00467	0.00334	0.00444	0.00515	0.00546	0.00312	0.00349	0.00548	0.00766	0.01033	0.13405	0.75018	0.02627	0.01119	0.00474	0.00148	0.00212	0.01013	0.00357	0.00312
10	0.00823	0.00744	0.06307	0.00864	0.06282	0.05845	0.06716	0.09737	0.00821	0.05530	0.00901	0.01207	0.00771	0.01645	0.41941	0.07076	0.01776	0.00368	0.00225	0.00421
11	0.00915	0.21848	0.01128	0.00732	0.00896	0.01633	0.02004	0.11852	0.00874	0.05581	0.00998	0.01625	0.00954	0.07396	0.05242	0.00821	0.16159	0.15556	0.03349	0.00438
12	0.00457	0.00326	0.00435	0.00522	0.00544	0.00305	0.00348	0.00522	0.00718	0.00958	0.02068	0.86570	0.02481	0.01175	0.00479	0.00152	0.00218	0.01067	0.00348	0.00305
13	0.00478	0.00381	0.00428	0.00417	0.00528	0.00332	0.00312	0.00606	0.00937	0.01209	0.35803	0.03289	0.52198	0.00877	0.00443	0.00123	0.00185	0.00747	0.00374	0.00332
14	0.00874	0.00831	0.01391	0.08940	0.66181	0.00864	0.01062	0.01087	0.00843	0.01204	0.06861	0.01066	0.00798	0.00390	0.00432	0.00116	0.05951	0.00359	0.00200	0.00550
15	0.00932	0.00940	0.01389	0.19964	0.58092	0.09942	0.01082	0.01148	0.00855	0.01136	0.00684	0.00917	0.00562	0.00349	0.00369	0.00113	0.00482	0.00324	0.00182	0.00539
16	0.01640	0.00708	0.00914	0.00701	0.00992	0.00655	0.00579	0.15567	0.01190	0.70832	0.01382	0.01213	0.00880	0.00462	0.00377	0.00115	0.00335	0.00371	0.00449	0.00638
17	0.00751	0.00754	0.00637	0.00593	0.00713	0.22758	0.00444	0.00898	0.01040	0.01297	0.53561	0.02329	0.11406	0.00686	0.00415	0.00113	0.00310	0.00575	0.00348	0.00371
18	0.01238	0.00861	0.00896	0.00732	0.00972	0.09841	0.01643	0.28374	0.07849	0.22812	0.06602	0.01560	0.12479	0.00548	0.00389	0.00116	0.00365	0.01803	0.00375	0.00544
19	0.00497	0.00371	0.00461	0.00462	0.00545	0.00336	0.00338	0.00633	0.00947	0.01285	0.49795	0.19931	0.21242	0.00890	0.00450	0.00127	0.00188	0.00782	0.00386	0.00336
20	0.00709	0.00667	0.01125	0.85913	0.02584	0.00834	0.01042	0.00959	0.00750	0.00959	0.00667	0.01000	0.00500	0.00375	0.00375	0.00125	0.00500	0.00333	0.00167	0.00417
21	0.00982	0.00963	0.01381	0.01957	0.65007	0.09936	0.01028	0.06438	0.00927	0.01250	0.00788	0.06161	0.00701	0.00399	0.00375	0.00112	0.00454	0.00370	0.00209	0.00562
22	0.00821	0.00821	0.01149	0.00985	0.00985	0.01149	0.00821	0.00903	0.00575	0.00903	0.00492	0.00821	0.00492	0.00657	0.01231	0.00164	0.86128	0.00328	0.00164	0.00410
23	0.00456	0.00341	0.00424	0.00490	0.00538	0.00309	0.00336	0.00530	0.00754	0.00974	0.02492	0.65151	0.22550	0.01118	0.00471	0.00146	0.00213	0.02053	0.00348	0.00308
24	0.00889	0.02655	0.51665	0.01150	0.10355	0.17931	0.02310	0.01205	0.00850	0.01120	0.00743	0.06054	0.00614	0.00410	0.00362	0.00115	0.00546	0.00326	0.00181	0.00518
25	0.00793	0.00850	0.07142	0.40579	0.03259	0.09817	0.00830	0.06058	0.04571	0.01150	0.09344	0.01473	0.11604	0.00497	0.00385	0.00120	0.00436	0.00417	0.00239	0.00435
26	0.01181	0.01424	0.00974	0.00886	0.01026	0.60163	0.00667	0.01268	0.00917	0.00893	0.00661	0.00937	0.00608	0.09855	0.06095	0.00166	0.11386	0.00295	0.00194	0.00403
27	0.00728	0.00674	0.01073	0.72237	0.02317	0.00803	0.00954	0.01012	0.05154	0.01019	0.00712	0.00998	0.00540	0.00372	0.00365	0.00118	0.00465	0.00326	0.00184	0.09948
28	0.04048	0.00873	0.01392	0.18137	0.61905	0.03831	0.01085	0.01122	0.00831	0.01176	0.00685	0.00921	0.00564	0.00348	0.00377	0.00114	0.01535	0.00326	0.00184	0.00546
29	0.01003	0.87041	0.01966	0.00642	0.00963	0.01485	0.00642	0.01123	0.00762	0.00883	0.00522	0.00602	0.00481	0.00321	0.00241	0.00080	0.00401	0.00201	0.00160	0.00481
30	0.00991	0.00998	0.01395	0.03131	0.61894	0.12922	0.02696	0.01240	0.05282	0.02145	0.00779	0.01022	0.00656	0.00374	0.00373	0.00113	0.00471	0.02754	0.00205	0.00560
31	0.01076	0.72269	0.01822	0.00680	0.00997	0.01429	0.00654	0.15227	0.00934	0.01137	0.00587	0.00653	0.00508	0.00343	0.00264	0.00086	0.00403	0.00224	0.00197	0.00508
32	0.05341	0.00865	0.00995	0.00766	0.01059	0.00895	0.00633	0.45797	0.01428	0.36615	0.01126	0.01045	0.00749	0.00452	0.00370	0.00114	0.00369	0.00348	0.00406	0.00628
33	0.00905	0.00867	0.01480	0.11279	0.75683	0.00885	0.01140	0.01131	0.00843	0.01197	0.00702	0.00936	0.00584	0.00339	0.00372	0.00113	0.00452	0.00334	0.00184	0.00575
34	0.00573	0.00422	0.00538	0.00520	0.00537	0.00475	0.00352	0.00615	0.00563	0.00783	0.01063	0.02032	0.01163	0.56337	0.22918	0.00403	0.09733	0.00486	0.00214	0.00274
35	0.00722	0.00686	0.01128	0.75367	0.02385	0.00873	0.01014	0.00952	0.00728	0.00952	0.00645	0.00978	0.00499	0.00410	0.00481	0.00130	0.11134	0.00333	0.00166	0.00416
36	0.00462	0.00330	0.00441	0.00528	0.00552	0.00309	0.00357	0.00531	0.00723	0.00964	0.02065	0.83644	0.02470	0.01170	0.00480	0.00153	0.00222	0.03941	0.00348	0.00306
37	0.06247	0.00534	0.00572	0.00515	0.00658	0.05623	0.06431	0.00683	0.00823	0.01034	0.02887	0.02922	0.58706	0.10048	0.00581	0.00150	0.00278	0.00668	0.00307	0.00334
38	0.00462	0.00327	0.00433	0.00519	0.00542	0.00306	0.00346	0.00530	0.00720	0.00967	0.02049	0.84692	0.02448	0.01159	0.00474	0.00151	0.00217	0.01051	0.02300	0.00306
39	0.00564	0.00532	0.00478	0.00461	0.00588	0.09448	0.00346	0.00675	0.00919	0.01101	0.19429	0.03135	0.59287	0.00853	0.00432	0.00122	0.00240	0.00710	0.00345	0.00337
40	0.00888	0.10853	0.53840	0.00962	0.01405	0.06151	0.01113	0.06597	0.12315	0.01267	0.00784	0.00855	0.00579	0.00382	0.00348	0.00114	0.00501	0.00291	0.00206	0.00550
41	0.01426	0.01051	0.01126	0.00863	0.01163	0.01163	0.00713	0.83224	0.01764	0.02364	0.00901	0.00901	0.00638	0.00450	0.00375	0.00113	0.00413	0.00338	0.00375	0.00638
42	0.00732	0.00691	0.01168	0.76937	0.11375	0.00840	0.01054	0.00979	0.00761	0.00987	0.00671	0.00993	0.00510	0.00371	0.00375	0.00124	0.00494	0.00334	0.00169	0.00436
43	0.00479	0.00382	0.00435	0.00459	0.00562	0.00337	0.00353	0.00589	0.00852	0.01059	0.08852	0.15102	0.53298	0.00983	0.00461	0.00138	0.00220	0.14764	0.00352	0.00323
44	0.00884	0.00894	0.01042	0.00910	0.00964	0.12639	0.00741	0.05308	0.00710	0.00977	0.00614	0.00917	0.00575	0.00979	0.15509	0.00227	0.55178	0.00330	0.00186	0.00413
45	0.00709	0.00667	0.01125	0.85913	0.02584	0.00834	0.01042	0.00959	0.00750	0.00959	0.00667	0.01000	0.00500	0.00375	0.00375	0.00125	0.00500	0.00333	0.00167	0.00417
46	0.00477	0.00332	0.00434	0.00508	0.00538	0.00311	0.00343	0.00557	0.00745	0.01021	0.07311	0.75718	0.02452	0.01102	0.00463	0.00146	0.00212	0.00996	0.06023	0.00311
47	0.10791	0.00671	0.00795	0.00639	0.00882	0.00658	0.00520	0.15698	0.03823	0.41264	0.13492	0.01515	0.06550	0.00526	0.00375	0.00117	0.00303	0.00424	0.00406	0.00550
48	0.00739	0.00698	0.01180	0.74383	0.13877	0.00842	0.01057	0.00985	0.00765	0.00995	0.00672	0.00990	0.00513	0.00369	0.00375	0.00123	0.00493	0.00334	0.00169	0.00441
49	0.00575	0.00460	0.00678	0.00656	0.00713	0.00563	0.00517	0.00702	0.00599	0.00875	0.00934	0.01384	0.00877	0.02516	0.73731	0.00542	0.12744	0.00392	0.00196	0.00345
50	0.00536	0.00402	0.00603	0.00603	0.00670	0.00469	0.00469	0.00670	0.00603	0.00871	0.01005	0.01474	0.00938	0.02814	0.85328	0.00603	0.01005	0.00402	0.00201	0.00335
51	0.00877	0.00838	0.01420	0.15246	0.68747	0.00862	0.01104	0.01100	0.00838	0.01177	0.00810	0.01035	0.03555	0.00363	0.00375	0.00114	0.00445	0.00350	0.00189	0.00557
52	0.07447	0.00866	0.06137	0.18733	0.10356	0.00913	0.00791	0.07084	0.40680	0.01444	0.01089	0.01136	0.00821	0.00437	0.00366	0.00123	0.00379	0.00364	0.00290	0.00544
53	0.00764	0.00788	0.09989	0.05738	0.30351	0.00680	0.00807	0.01067	0.08401	0.03177	0.30959	0.01684	0.02966	0.00523	0.00398	0.00117	0.00343	0.00468	0.00290	0.00491
54	0.28353	0.00776	0.01100	0.00941	0.05530	0.00806	0.20410	0.12271	0.00924	0.06375	0.00998	0.06808	0.00893	0.00509	0.00374	0.00128	0.00402	0.11656	0.00276	0.00470
55	0.00769	0.00657	0.01118	0.18089	0.02245	0.02063	0.21585	0.02232	0.00963	0.07067	0.36846	0.01793	0.01863	0.00536	0.00421	0.00121	0.00383	0.00512	0.00303	0.00433
56	0.00456	0.00355	0.00416	0.00458	0.00531	0.00314	0.00323	0.00542	0.00799	0.01012	0.06981	0.44118	0.39266	0.01052	0.00462	0.00139	0.00205	0.01907	0.00352	0.00313
57	0.00851	0.00676	0.00805	0.00579	0.00910	0.00522	0.01249	0.02726	0.00819	0.06632	0.00725	0.00815	0.00582	0.00294	0.00288	0.00061	0.00287	0.00237	0.00241	0.80702
58	0.18589	0.09958	0.00871	0.00574	0.00875	0.00705	0.00475	0.01125	0.06086	0.07240	0.00735	0.00801	0.00582	0.00325	0.00278	0.00079	0.00298	0.00240	0.00245	0.49917
59	0.01173	0.01291	0.00958	0.00862	0.01066	0.42480	0.00658	0.04293	0.39214	0.01273	0.02297	0.01049	0.00840	0.00451	0.00361	0.00112	0.00486	0.00335	0.00289	0.00513
60	0.00630	0.00333	0.00473	0.00473	0.00473	0.00333	0.00306	0.00500	0.00500	0.00667	0.00758	0.01404	0.00794	0.18430	0.01555	0.71315	0.00333	0.00370	0.00176	0.00176
61	0.00874	0.00835	0.01410	0.13222	0.69231	0.00853	0.01091	0.01094	0.00841	0.01179	0.00865	0.01080	0.05019	0.00372	0.00376	0.00114	0.00439	0.00358	0.00192	0.00556
62	0.00639	0.00513	0.00672	0.00578	0.00756	0.00480	0.00452	0.00783	0.00676	0.01016	0.00866	0.01204	0.00787	0.03870	0.47140	0.00365	0.00680	0.00329	0.00211	0.37983
63	0.00896	0.07115	0.43986	0.01232	0.18205	0.09964	0.01120	0.05528	0.00900	0.01229	0.05808	0.00924	0.00697	0.00383	0.00356	0.00112	0.00505	0.00308	0.00195	0.00537
64	0.01068	0.00724	0.00827	0.00699	0.00883	0.00772	0.00549	0.40809	0.01233	0.09195	0.01236	0.12480	0.01152	0.15290	0.05161	0.00191	0.00397	0.06501	0.00343	0.00488
65	0.01242	0.00644	0.00820	0.05174	0.00977	0.00633	0.00554	0.07460	0.15066	0.42615	0.18995	0.01580	0.01476	0.00530	0.00392	0.00119	0.00302	0.00444	0.00417	0.00559
66	0.00951	0.01026	0.17899	0.09967	0.01291	0.00902	0.00808	0.07062	0.47600	0.06588	0.01218	0.01193	0.00894	0.00457	0.00375	0.00124	0.00380	0.00376	0.00318	0.00573
67	0.01389	0.00663	0.05955	0.00675	0.00932	0.00531	0.00581	0.01544	0.00995	0.62663	0.01543	0.12424	0.01191	0.00591	0.00399	0.00125	0.00323	0.06485	0.00422	0.00569

[dist]
# distance from previous block
# <min> <max>
0	7

# created by:
# /home/cegg/simao/soft/augustus-3.2.1/scripts/msa2prfl.pl ./align_prep/EOG092C5Q82.fa
