[name]
unknown

[dist]
# distance from previous block
# <min> <max>
0	99

[block]
# block no. 0 follows, 64 sequences, length 11
# corresponding to MSA columns:
# 119-129
name=unknown_A
#
# <colnr> <probs for GDERKNQSTAVLIFYWHMCP>
#	G	D	E	R	K	N	Q	S	T	A	V	L	I	F	Y	W	H	M	C	P
0	0.00623	0.00492	0.00560	0.00585	0.00677	0.03821	0.00449	0.00749	0.00943	0.01212	0.19083	0.12035	0.21840	0.10439	0.00720	0.02243	0.00305	0.22494	0.00373	0.00357
1	0.01000	0.05993	0.19895	0.15444	0.05285	0.04595	0.14597	0.04859	0.09141	0.05895	0.02514	0.04551	0.00822	0.00473	0.00449	0.00134	0.03118	0.00416	0.00254	0.00563
2	0.01017	0.00895	0.01438	0.19198	0.44588	0.00944	0.03869	0.07452	0.04808	0.04106	0.00942	0.04550	0.00778	0.00444	0.00417	0.00129	0.00478	0.00414	0.02934	0.00597
3	0.00595	0.00489	0.00609	0.06609	0.00811	0.02581	0.00478	0.00690	0.00811	0.01047	0.02284	0.40123	0.19722	0.05666	0.05828	0.02087	0.05808	0.03073	0.00332	0.00356
4	0.00898	0.00562	0.00752	0.00692	0.00829	0.00610	0.00537	0.04462	0.09166	0.15177	0.01274	0.01652	0.01087	0.09332	0.50462	0.00476	0.00814	0.00454	0.00304	0.00462
5	0.00903	0.00813	0.00880	0.00642	0.01002	0.05530	0.00511	0.01083	0.00880	0.01333	0.00733	0.00855	0.00610	0.00315	0.00312	0.00064	0.00334	0.00247	0.00244	0.82710
6	0.00867	0.01118	0.26966	0.05521	0.01288	0.00734	0.02950	0.05536	0.07195	0.07159	0.04695	0.19270	0.05732	0.00662	0.00433	0.00134	0.00418	0.00569	0.00307	0.08445
7	0.03863	0.01186	0.15958	0.06582	0.10699	0.02508	0.16442	0.18217	0.01163	0.10233	0.02460	0.01093	0.00735	0.00434	0.00430	0.00129	0.01840	0.00386	0.03242	0.02397
8	0.00524	0.00382	0.00518	0.00588	0.00630	0.00377	0.00410	0.00614	0.00777	0.01043	0.02148	0.62939	0.06860	0.01671	0.18119	0.00273	0.00424	0.01008	0.00351	0.00345
9	0.01786	0.00712	0.00959	0.00749	0.01058	0.00630	0.00621	0.05088	0.01206	0.75358	0.01645	0.01580	0.01092	0.00549	0.00426	0.00132	0.00359	0.04859	0.00503	0.00689
10	0.05126	0.59052	0.24065	0.00831	0.01252	0.01426	0.00922	0.01262	0.00846	0.01110	0.00623	0.00724	0.00527	0.00367	0.00301	0.00102	0.00484	0.00245	0.00181	0.00551

[dist]
# distance from previous block
# <min> <max>
0	1

[block]
# block no. 1 follows, 64 sequences, length 14
# corresponding to MSA columns:
# 131-144
name=unknown_B
#
# <colnr> <probs for GDERKNQSTAVLIFYWHMCP>
#	G	D	E	R	K	N	Q	S	T	A	V	L	I	F	Y	W	H	M	C	P
0	0.03587	0.00967	0.01150	0.04819	0.06213	0.01022	0.00764	0.41037	0.07788	0.26505	0.01208	0.01164	0.00830	0.00494	0.00413	0.00128	0.00420	0.00391	0.00419	0.00682
1	0.00701	0.00368	0.00526	0.00526	0.00526	0.00368	0.00342	0.00552	0.00552	0.00736	0.00822	0.01512	0.00857	0.15853	0.01708	0.72895	0.00368	0.00403	0.00193	0.00193
2	0.01111	0.85652	0.02177	0.00711	0.01066	0.01644	0.00711	0.01244	0.00844	0.00977	0.00577	0.00666	0.00533	0.00355	0.00267	0.00089	0.00444	0.00222	0.00178	0.00533
3	0.01552	0.01980	0.01177	0.01070	0.01284	0.83735	0.00803	0.01659	0.01177	0.01017	0.00642	0.00749	0.00535	0.00428	0.00375	0.00107	0.00749	0.00268	0.00214	0.00482
4	0.00828	0.00677	0.00763	0.00697	0.00869	0.00738	0.00535	0.01552	0.44838	0.01704	0.38921	0.02264	0.02488	0.00695	0.00454	0.00136	0.00268	0.00599	0.00439	0.00535
5	0.88336	0.00803	0.00611	0.00546	0.00803	0.00932	0.00450	0.01221	0.00707	0.01864	0.00578	0.00675	0.00450	0.00386	0.00257	0.00129	0.00321	0.00225	0.00257	0.00450
6	0.00541	0.00395	0.00527	0.00619	0.02715	0.00365	0.00408	0.00621	0.00820	0.01102	0.06614	0.69971	0.05973	0.01217	0.00550	0.02881	0.00249	0.01070	0.00374	0.02986
7	0.00529	0.00392	0.00519	0.00598	0.00632	0.00382	0.00416	0.00609	0.00805	0.01070	0.02326	0.73344	0.07199	0.01257	0.00563	0.00169	0.03577	0.04892	0.00377	0.00345
8	0.00617	0.00449	0.00591	0.00591	0.00693	0.00411	0.03543	0.00764	0.03380	0.05324	0.14114	0.42410	0.23395	0.01073	0.00504	0.00152	0.00253	0.00954	0.00397	0.00386
9	0.11940	0.20501	0.43325	0.01034	0.01509	0.03555	0.07643	0.03728	0.00898	0.01341	0.00699	0.00824	0.00532	0.00385	0.00357	0.00121	0.00545	0.00293	0.00197	0.00570
10	0.01464	0.01010	0.00965	0.00784	0.01053	0.16856	0.00625	0.20374	0.01284	0.27291	0.01168	0.01162	0.00827	0.00471	0.00378	0.00112	0.00423	0.00358	0.15264	0.08131
11	0.01063	0.00810	0.00926	0.00709	0.01022	0.00745	0.00570	0.20912	0.03686	0.06570	0.01202	0.04910	0.06709	0.00483	0.00392	0.00097	0.02255	0.00385	0.00324	0.46232
12	0.00823	0.03248	0.15477	0.04441	0.01062	0.03702	0.00715	0.04361	0.04396	0.03980	0.14446	0.04776	0.04994	0.11277	0.09367	0.01579	0.05419	0.00500	0.00290	0.05147
13	0.04976	0.11922	0.09619	0.06775	0.02282	0.05910	0.04751	0.06256	0.04540	0.03571	0.04222	0.03701	0.03873	0.01884	0.00413	0.00114	0.01672	0.00374	0.00265	0.22878

[dist]
# distance from previous block
# <min> <max>
2	12

[block]
# block no. 2 follows, 64 sequences, length 22
# corresponding to MSA columns:
# 157-178
name=unknown_C
#
# <colnr> <probs for GDERKNQSTAVLIFYWHMCP>
#	G	D	E	R	K	N	Q	S	T	A	V	L	I	F	Y	W	H	M	C	P
0	0.11019	0.06041	0.10823	0.02281	0.11202	0.06691	0.04348	0.06375	0.04828	0.06449	0.03661	0.14792	0.01124	0.03459	0.00459	0.00138	0.00431	0.00489	0.00290	0.05099
1	0.05754	0.02206	0.04070	0.08989	0.18440	0.09122	0.06154	0.05928	0.02495	0.16168	0.01003	0.02661	0.00790	0.00506	0.01628	0.00134	0.03421	0.03001	0.00289	0.07239
2	0.01047	0.02283	0.01165	0.14220	0.10500	0.19651	0.05039	0.03564	0.03600	0.03167	0.03257	0.03269	0.05333	0.00472	0.00412	0.00113	0.02202	0.00388	0.01273	0.19046
3	0.06193	0.06900	0.01327	0.14830	0.17349	0.05367	0.05926	0.12315	0.14118	0.01534	0.06267	0.02400	0.00957	0.00480	0.00425	0.00129	0.02221	0.00406	0.00286	0.00570
4	0.00628	0.00433	0.00560	0.00527	0.00633	0.00395	0.00395	0.00811	0.01145	0.04794	0.70909	0.06843	0.08614	0.00869	0.00489	0.00133	0.00205	0.00766	0.00452	0.00399
5	0.00530	0.00379	0.00505	0.00580	0.00618	0.00358	0.00401	0.00624	0.00842	0.01134	0.12062	0.66138	0.02791	0.03771	0.02708	0.00185	0.00270	0.05372	0.00386	0.00345
6	0.00530	0.00389	0.00500	0.00571	0.00617	0.00366	0.00390	0.00652	0.03526	0.01143	0.09835	0.69084	0.08415	0.01218	0.00520	0.00162	0.00238	0.01096	0.00393	0.00354
7	0.01081	0.00809	0.00883	0.00784	0.01011	0.00902	0.00612	0.02014	0.62453	0.10943	0.07343	0.01643	0.01415	0.00573	0.00419	0.00136	0.00314	0.00479	0.05557	0.00629
8	0.00822	0.00866	0.00675	0.00636	0.00790	0.23378	0.00478	0.00981	0.03614	0.01232	0.20445	0.02827	0.40062	0.00820	0.00456	0.00129	0.00359	0.00668	0.00355	0.00406
9	0.01111	0.85652	0.02177	0.00711	0.01066	0.01644	0.00711	0.01244	0.00844	0.00977	0.00577	0.00666	0.00533	0.00355	0.00267	0.00089	0.00444	0.00222	0.00178	0.00533
10	0.00509	0.00364	0.00484	0.00577	0.00603	0.00339	0.00386	0.00585	0.00808	0.01080	0.04957	0.82406	0.02786	0.01286	0.00529	0.00167	0.00239	0.01167	0.00388	0.00339
11	0.01053	0.00902	0.00950	0.00849	0.01088	0.01042	0.00662	0.05036	0.79200	0.01769	0.01666	0.01530	0.01248	0.00561	0.00422	0.00140	0.00333	0.00466	0.00422	0.00659
12	0.03874	0.00933	0.08918	0.04276	0.14178	0.00839	0.06808	0.03967	0.17397	0.06815	0.02987	0.01364	0.03826	0.02804	0.06461	0.01827	0.01672	0.00415	0.00293	0.10345
13	0.02799	0.04466	0.02728	0.07755	0.02544	0.00864	0.07983	0.17533	0.01252	0.43617	0.01293	0.03332	0.00889	0.00495	0.00417	0.00129	0.00429	0.00417	0.00408	0.00651
14	0.00588	0.00425	0.00555	0.00523	0.00621	0.00392	0.00392	0.00784	0.01176	0.01666	0.82592	0.03103	0.03919	0.00849	0.00490	0.00131	0.00196	0.00751	0.00457	0.00392
15	0.01345	0.00594	0.00782	0.00652	0.00869	0.00542	0.00514	0.01529	0.03740	0.48143	0.11691	0.06993	0.01542	0.06698	0.04901	0.00176	0.00356	0.00521	0.07846	0.00566
16	0.01061	0.23971	0.20536	0.06749	0.03353	0.08636	0.09909	0.05018	0.03894	0.05077	0.04377	0.02562	0.00822	0.00448	0.00384	0.00121	0.00525	0.01761	0.00240	0.00556
17	0.00906	0.08712	0.66772	0.01236	0.07399	0.05350	0.01412	0.01325	0.00895	0.01276	0.00729	0.00864	0.00536	0.00392	0.00385	0.00126	0.00599	0.00303	0.00180	0.00604
18	0.01617	0.00660	0.00886	0.00706	0.00982	0.00579	0.00572	0.03395	0.01164	0.66627	0.07436	0.08454	0.03754	0.00618	0.00434	0.00132	0.00331	0.00516	0.00494	0.00644
19	0.00524	0.00417	0.00477	0.00494	0.00603	0.00360	0.00356	0.00630	0.00910	0.01160	0.10130	0.31874	0.43865	0.01082	0.00495	0.00145	0.00225	0.00938	0.00385	0.04931
20	0.05128	0.09122	0.16500	0.11059	0.06967	0.02669	0.02508	0.09358	0.02475	0.27610	0.01068	0.02040	0.00754	0.00453	0.00393	0.00126	0.00466	0.00365	0.00323	0.00616
21	0.01049	0.15610	0.01601	0.10245	0.27855	0.05522	0.09736	0.07391	0.03762	0.02497	0.00897	0.04722	0.00777	0.00542	0.03162	0.00143	0.01917	0.01764	0.00238	0.00569

[dist]
# distance from previous block
# <min> <max>
1	4

[block]
# block no. 3 follows, 64 sequences, length 6
# corresponding to MSA columns:
# 187-192
name=unknown_D
#
# <colnr> <probs for GDERKNQSTAVLIFYWHMCP>
#	G	D	E	R	K	N	Q	S	T	A	V	L	I	F	Y	W	H	M	C	P
0	0.11338	0.03761	0.01200	0.07356	0.09387	0.16048	0.00807	0.32200	0.04783	0.07847	0.00908	0.00971	0.00672	0.00453	0.00385	0.00123	0.00492	0.00340	0.00323	0.00606
1	0.00738	0.00484	0.00598	0.00572	0.00691	0.00457	0.00430	0.03113	0.04196	0.09267	0.33486	0.13683	0.14481	0.08998	0.00646	0.00168	0.00266	0.06897	0.00415	0.00414
2	0.00709	0.00462	0.00530	0.00491	0.00646	0.00398	0.00376	0.00844	0.01036	0.12898	0.22757	0.03415	0.52053	0.00927	0.00480	0.00136	0.00227	0.00781	0.00421	0.00411
3	0.00550	0.00414	0.00511	0.00529	0.00622	0.00376	0.00395	0.00692	0.01006	0.01337	0.34999	0.21723	0.25876	0.01035	0.00507	0.00147	0.00227	0.08272	0.00414	0.00367
4	0.01528	0.00781	0.00960	0.00764	0.01046	0.00766	0.00621	0.17868	0.10832	0.45767	0.13015	0.01586	0.01402	0.00564	0.00428	0.00129	0.00349	0.00462	0.00475	0.00656
5	0.00593	0.00445	0.00668	0.00668	0.00742	0.00519	0.00519	0.00742	0.00668	0.00964	0.01113	0.01632	0.01038	0.03115	0.83756	0.00668	0.01113	0.00445	0.00223	0.00371

[dist]
# distance from previous block
# <min> <max>
0	8

[block]
# block no. 4 follows, 64 sequences, length 13
# corresponding to MSA columns:
# 201-213
name=unknown_E
#
# <colnr> <probs for GDERKNQSTAVLIFYWHMCP>
#	G	D	E	R	K	N	Q	S	T	A	V	L	I	F	Y	W	H	M	C	P
0	0.00918	0.04909	0.01315	0.01073	0.01089	0.01290	0.00899	0.01011	0.00646	0.00999	0.00547	0.00897	0.00545	0.00709	0.01311	0.00177	0.80667	0.00357	0.00182	0.00458
1	0.00861	0.00738	0.00861	0.00615	0.00984	0.00554	0.00492	0.01046	0.00861	0.01354	0.00738	0.00861	0.00615	0.00308	0.00308	0.00062	0.00308	0.00246	0.00246	0.87941
2	0.00668	0.00517	0.00569	0.00520	0.00638	0.00490	0.00356	0.00869	0.10670	0.01101	0.04721	0.02603	0.19695	0.40599	0.01220	0.00252	0.00329	0.00601	0.00309	0.13273
3	0.00498	0.00416	0.00434	0.00439	0.00568	0.00352	0.00326	0.00607	0.00949	0.01151	0.08972	0.10212	0.71535	0.01059	0.00494	0.00142	0.00212	0.00892	0.00390	0.00352
4	0.00604	0.00403	0.00453	0.00453	0.00453	0.00403	0.00252	0.00604	0.00604	0.00805	0.01309	0.02718	0.01510	0.85402	0.02114	0.00403	0.00403	0.00604	0.00252	0.00252
5	0.02689	0.00883	0.01181	0.34689	0.08363	0.02643	0.00905	0.18616	0.01090	0.01504	0.00787	0.00999	0.00607	0.00415	0.00416	0.00117	0.03037	0.00337	0.00253	0.20470
6	0.40607	0.00943	0.00871	0.00703	0.01002	0.05054	0.00573	0.22905	0.01113	0.04659	0.00762	0.00827	0.00575	0.00407	0.00321	0.00113	0.00378	0.00278	0.00304	0.17605
7	0.00563	0.00377	0.00493	0.00548	0.00587	0.00353	0.00376	0.00585	0.00761	0.00991	0.02196	0.46908	0.14824	0.04406	0.00832	0.20061	0.00275	0.04225	0.00334	0.00303
8	0.01048	0.01005	0.01631	0.10339	0.65495	0.03372	0.03986	0.05625	0.00997	0.01386	0.00787	0.01029	0.00646	0.00382	0.00414	0.00125	0.00512	0.00371	0.00215	0.00633
9	0.01378	0.01043	0.01245	0.09663	0.05901	0.03613	0.04594	0.49145	0.04269	0.07851	0.01029	0.01165	0.00771	0.05798	0.00524	0.00144	0.00474	0.00396	0.00361	0.00635
10	0.00515	0.00401	0.00462	0.00500	0.00587	0.00356	0.00358	0.00611	0.00886	0.01115	0.06916	0.33306	0.42304	0.05318	0.00589	0.00165	0.00238	0.04645	0.00382	0.00344
11	0.06423	0.07781	0.03126	0.02970	0.01149	0.04554	0.00699	0.07579	0.57429	0.01688	0.01393	0.01325	0.01052	0.00518	0.00397	0.00133	0.00377	0.00413	0.00371	0.00625
12	0.06303	0.01883	0.00787	0.00698	0.00886	0.07867	0.02060	0.04668	0.04469	0.01300	0.01558	0.26164	0.05326	0.02573	0.00478	0.00136	0.01422	0.09189	0.00319	0.21913

[dist]
# distance from previous block
# <min> <max>
1	2

[block]
# block no. 5 follows, 64 sequences, length 45
# corresponding to MSA columns:
# 216-260
name=unknown_F
#
# <colnr> <probs for GDERKNQSTAVLIFYWHMCP>
#	G	D	E	R	K	N	Q	S	T	A	V	L	I	F	Y	W	H	M	C	P
0	0.01293	0.42414	0.01632	0.00870	0.01147	0.40081	0.00739	0.01417	0.01016	0.01028	0.04457	0.00819	0.00693	0.00413	0.00328	0.00099	0.00576	0.00268	0.00208	0.00502
1	0.01025	0.00791	0.00913	0.00706	0.01021	0.00718	0.00568	0.11584	0.11758	0.07123	0.03853	0.01253	0.02038	0.00444	0.00381	0.00095	0.01908	0.02934	0.00322	0.50567
2	0.00847	0.00895	0.01829	0.01447	0.06117	0.00848	0.52601	0.01109	0.00924	0.01251	0.01290	0.23089	0.03116	0.00622	0.00511	0.00147	0.01927	0.00671	0.00259	0.00501
3	0.00971	0.01087	0.02261	0.01644	0.02002	0.01081	0.68735	0.01299	0.02259	0.01291	0.00813	0.01098	0.00629	0.00406	0.00611	0.00146	0.12439	0.00472	0.00210	0.00547
4	0.03719	0.07914	0.06670	0.17628	0.04176	0.05544	0.08980	0.05703	0.03805	0.27271	0.01110	0.03871	0.00812	0.00471	0.00407	0.00129	0.00480	0.00401	0.00322	0.00588
5	0.01329	0.01033	0.01075	0.00866	0.01149	0.03418	0.00700	0.53967	0.15629	0.02206	0.01536	0.02770	0.11256	0.00591	0.00427	0.00130	0.00408	0.00464	0.00407	0.00641
6	0.00722	0.00428	0.00563	0.00592	0.00678	0.00389	0.00424	0.00826	0.00907	0.13479	0.09927	0.56104	0.08535	0.01116	0.00508	0.00158	0.00256	0.03575	0.00412	0.00401
7	0.00522	0.00394	0.00485	0.00550	0.00609	0.00365	0.00379	0.00641	0.03491	0.01113	0.04882	0.61894	0.20735	0.01209	0.00517	0.00160	0.00236	0.01077	0.00389	0.00352
8	0.03728	0.00941	0.02540	0.34419	0.27785	0.06213	0.09295	0.02509	0.00918	0.01235	0.00850	0.06139	0.00725	0.00449	0.00421	0.00133	0.00535	0.00419	0.00214	0.00533
9	0.00606	0.00378	0.00479	0.00545	0.00594	0.00357	0.00374	0.00706	0.00824	0.03967	0.02079	0.65466	0.02350	0.01110	0.00478	0.00153	0.00235	0.00995	0.17941	0.00360
10	0.01138	0.00590	0.00722	0.00614	0.00832	0.00531	0.00490	0.07007	0.01134	0.34295	0.10387	0.05326	0.30905	0.00787	0.00460	0.00136	0.00291	0.03384	0.00446	0.00524
11	0.01312	0.00956	0.01668	0.04894	0.07186	0.00926	0.34154	0.09415	0.06454	0.26915	0.01152	0.01221	0.00802	0.00434	0.00447	0.00134	0.00524	0.00442	0.00337	0.00629
12	0.01251	0.04091	0.17754	0.04947	0.06166	0.19431	0.04147	0.07190	0.01039	0.14948	0.00864	0.00983	0.00647	0.00508	0.01510	0.00138	0.13209	0.00343	0.00263	0.00571
13	0.72506	0.02197	0.00736	0.01971	0.02017	0.12394	0.00525	0.01280	0.00779	0.01714	0.00592	0.00697	0.00467	0.00391	0.00278	0.00125	0.00388	0.00235	0.00248	0.00458
14	0.00506	0.00421	0.00442	0.00437	0.00570	0.00357	0.00328	0.00626	0.00983	0.01207	0.16516	0.03857	0.70281	0.01020	0.00491	0.00139	0.00208	0.00857	0.00397	0.00357
15	0.06312	0.01042	0.01149	0.00887	0.01204	0.01125	0.00733	0.57676	0.01664	0.15354	0.01049	0.01037	0.00734	0.00494	0.00436	0.00125	0.03429	0.00366	0.00406	0.04778
16	0.00576	0.00422	0.00540	0.00515	0.00614	0.00386	0.00384	0.00759	0.01142	0.01594	0.72470	0.05812	0.11468	0.00883	0.00491	0.00133	0.00199	0.00777	0.00448	0.00386
17	0.00600	0.00450	0.00655	0.00650	0.00717	0.00518	0.00497	0.00736	0.00685	0.00983	0.04943	0.01785	0.01207	0.10435	0.70769	0.00608	0.02691	0.00472	0.00235	0.00363
18	0.01252	0.00841	0.00895	0.00727	0.00964	0.00913	0.00587	0.44909	0.05158	0.04173	0.01182	0.01245	0.00878	0.00496	0.00368	0.00115	0.00347	0.00384	0.33984	0.00581
19	0.00827	0.00709	0.00821	0.00597	0.00945	0.00535	0.00476	0.01004	0.00869	0.01332	0.01059	0.01151	0.08193	0.00376	0.00325	0.00069	0.00299	0.00304	0.00259	0.79850
20	0.00909	0.00909	0.01272	0.01091	0.01091	0.01272	0.00909	0.01000	0.00636	0.01000	0.00545	0.00909	0.00545	0.00727	0.01363	0.00182	0.84642	0.00364	0.00182	0.00454
21	0.01047	0.00899	0.00947	0.00848	0.01085	0.01040	0.00661	0.04182	0.80064	0.01760	0.01673	0.01536	0.01254	0.00562	0.00422	0.00140	0.00332	0.00467	0.00422	0.00659
22	0.01784	0.00739	0.00968	0.00748	0.01061	0.00670	0.00616	0.08556	0.03270	0.71799	0.01578	0.01387	0.01009	0.00513	0.00414	0.00128	0.00356	0.00414	0.03292	0.00695
23	0.00721	0.00484	0.00605	0.00578	0.00690	0.00466	0.00434	0.07552	0.01123	0.05271	0.44078	0.21355	0.05632	0.00902	0.00481	0.00139	0.00242	0.03350	0.05480	0.00418
24	0.01111	0.85652	0.02177	0.00711	0.01066	0.01644	0.00711	0.01244	0.00844	0.00977	0.00577	0.00666	0.00533	0.00355	0.00267	0.00089	0.00444	0.00222	0.00178	0.00533
25	0.01706	0.00903	0.01024	0.00806	0.01110	0.07388	0.00657	0.19390	0.03988	0.53210	0.02817	0.01306	0.00977	0.00511	0.00413	0.00126	0.00401	0.00403	0.02192	0.00675
26	0.02905	0.00672	0.00854	0.00709	0.01747	0.00643	0.01821	0.06967	0.09052	0.40266	0.17179	0.01721	0.01573	0.00573	0.00414	0.00126	0.00314	0.00478	0.11394	0.00594
27	0.00816	0.00718	0.00928	0.07566	0.14292	0.02889	0.00658	0.02541	0.03720	0.01332	0.12060	0.03841	0.12409	0.00624	0.01545	0.02307	0.01864	0.01536	0.00292	0.28061
28	0.64972	0.04681	0.02610	0.00692	0.01929	0.13006	0.01504	0.02737	0.00821	0.03041	0.00622	0.00717	0.00486	0.00394	0.00288	0.00124	0.00405	0.00244	0.00252	0.00474
29	0.82529	0.00818	0.00647	0.00569	0.00831	0.00941	0.00469	0.04883	0.00774	0.03650	0.00620	0.00705	0.00474	0.00393	0.00268	0.00128	0.00328	0.00236	0.00270	0.00467
30	0.00603	0.00489	0.00551	0.00560	0.00659	0.04169	0.00421	0.00750	0.01029	0.01352	0.37040	0.18152	0.22131	0.00992	0.00501	0.00145	0.00253	0.09420	0.00408	0.00375
31	0.06421	0.01804	0.01127	0.01012	0.01238	0.71908	0.00766	0.01666	0.01152	0.08179	0.00725	0.00803	0.00573	0.00433	0.00372	0.00110	0.00691	0.00278	0.00242	0.00499
32	0.01123	0.74090	0.02009	0.00726	0.01067	0.01548	0.00702	0.01370	0.09650	0.03362	0.00728	0.00783	0.00627	0.00382	0.00288	0.00096	0.00429	0.00254	0.00214	0.00551
33	0.00719	0.00435	0.02021	0.00583	0.00596	0.00441	0.00411	0.00598	0.00564	0.00767	0.00787	0.01404	0.00803	0.10577	0.04374	0.68195	0.05927	0.00389	0.00190	0.00220
34	0.00517	0.00372	0.00492	0.00584	0.00618	0.00348	0.00402	0.00599	0.00813	0.01076	0.02373	0.75770	0.06473	0.01279	0.00531	0.00169	0.00249	0.06608	0.00385	0.00341
35	0.03947	0.00596	0.00759	0.00624	0.00852	0.00540	0.00499	0.02739	0.01106	0.46688	0.15255	0.02961	0.05499	0.02600	0.00451	0.00132	0.00297	0.00500	0.13390	0.00566
36	0.01141	0.31542	0.04811	0.06161	0.07348	0.03991	0.07171	0.19853	0.04335	0.01466	0.00866	0.04832	0.00739	0.01318	0.01520	0.00127	0.01581	0.00366	0.00260	0.00572
37	0.33213	0.00666	0.00663	0.00592	0.01693	0.00682	0.00466	0.04286	0.03554	0.14851	0.06068	0.03210	0.22323	0.00638	0.00379	0.00131	0.00295	0.01390	0.02243	0.02659
38	0.00617	0.00415	0.00515	0.00524	0.00603	0.00381	0.00369	0.00732	0.00938	0.05381	0.28525	0.29122	0.15150	0.12303	0.00713	0.00180	0.00248	0.00864	0.02057	0.00365
39	0.06905	0.05959	0.03959	0.00798	0.01048	0.03994	0.01804	0.18242	0.23348	0.07866	0.08970	0.06479	0.04472	0.00623	0.00434	0.01306	0.00375	0.02467	0.00378	0.00572
40	0.31934	0.04322	0.04047	0.04509	0.05809	0.07230	0.09033	0.05236	0.03880	0.06737	0.00876	0.05775	0.00727	0.00499	0.01476	0.00135	0.02557	0.00364	0.00272	0.04583
41	0.20269	0.09038	0.05949	0.01760	0.05293	0.05478	0.03036	0.03520	0.07311	0.11771	0.06140	0.04608	0.00985	0.01920	0.01714	0.00136	0.03348	0.00385	0.00301	0.07037
42	0.04899	0.07168	0.04499	0.03850	0.08071	0.02777	0.04082	0.10567	0.05458	0.10999	0.04119	0.09794	0.04055	0.03855	0.00552	0.02340	0.04732	0.00477	0.00314	0.07393
43	0.05894	0.10194	0.09153	0.08401	0.05072	0.06702	0.01649	0.07610	0.06296	0.09209	0.04238	0.02261	0.07388	0.00569	0.02102	0.00134	0.03439	0.00405	0.04453	0.04834
44	0.06365	0.05180	0.10966	0.02591	0.08343	0.05668	0.03617	0.17776	0.03670	0.08063	0.11104	0.02463	0.03293	0.02042	0.01979	0.00141	0.02768	0.00426	0.01037	0.02506

[dist]
# distance from previous block
# <min> <max>
6	136

[block]
# block no. 6 follows, 64 sequences, length 14
# corresponding to MSA columns:
# 432-445
name=unknown_G
#
# <colnr> <probs for GDERKNQSTAVLIFYWHMCP>
#	G	D	E	R	K	N	Q	S	T	A	V	L	I	F	Y	W	H	M	C	P
0	0.08756	0.05286	0.09872	0.00881	0.04905	0.02975	0.02575	0.02117	0.00804	0.06325	0.01932	0.01533	0.03662	0.15190	0.07585	0.00226	0.16879	0.02942	0.01521	0.04033
1	0.02602	0.04905	0.30137	0.00956	0.01341	0.05433	0.04533	0.15241	0.04867	0.04142	0.03146	0.02771	0.06918	0.01893	0.00452	0.00130	0.02523	0.00403	0.01474	0.06132
2	0.31577	0.09982	0.14568	0.03040	0.04056	0.05993	0.00764	0.04627	0.04032	0.05027	0.03144	0.02588	0.00784	0.00463	0.00345	0.00124	0.00425	0.03776	0.00266	0.04417
3	0.03355	0.00748	0.06839	0.00702	0.00953	0.00635	0.00603	0.06715	0.07070	0.33418	0.16603	0.06105	0.05288	0.00643	0.00429	0.00132	0.00325	0.02278	0.06593	0.00567
4	0.83760	0.00798	0.00629	0.00556	0.00817	0.00915	0.00458	0.01264	0.00732	0.06163	0.00634	0.00714	0.00480	0.00392	0.00266	0.00129	0.00323	0.00235	0.00271	0.00463
5	0.02899	0.00580	0.02738	0.00727	0.00856	0.00597	0.00603	0.03935	0.06496	0.05731	0.01565	0.05662	0.02740	0.04019	0.33632	0.00372	0.02065	0.24037	0.00315	0.00430
6	0.88336	0.00803	0.00611	0.00546	0.00803	0.00932	0.00450	0.01221	0.00707	0.01864	0.00578	0.00675	0.00450	0.00386	0.00257	0.00129	0.00321	0.00225	0.00257	0.00450
7	0.00848	0.00747	0.01214	0.71921	0.04742	0.00907	0.01088	0.03029	0.03475	0.04110	0.00857	0.03758	0.00669	0.00452	0.00419	0.00138	0.00526	0.00400	0.00217	0.00484
8	0.00626	0.00490	0.00690	0.06038	0.02316	0.00473	0.04874	0.00778	0.02246	0.03175	0.11174	0.28166	0.21582	0.06313	0.04200	0.00189	0.00339	0.05590	0.00356	0.00386
9	0.07385	0.00489	0.00567	0.00531	0.00653	0.00478	0.00402	0.03388	0.01055	0.03281	0.44034	0.07190	0.18589	0.03486	0.00534	0.00142	0.02299	0.00708	0.04391	0.00399
10	0.01009	0.05859	0.13690	0.13425	0.10024	0.03513	0.05400	0.04862	0.29407	0.02871	0.02207	0.01206	0.00873	0.00474	0.00442	0.00134	0.03322	0.00397	0.00290	0.00597
11	0.00569	0.00384	0.00469	0.00509	0.00519	0.00374	0.00312	0.00591	0.00680	0.00907	0.01689	0.36723	0.01987	0.46986	0.01438	0.04111	0.00334	0.00832	0.00304	0.00284
12	0.03913	0.07862	0.10241	0.05233	0.11296	0.14006	0.03008	0.13140	0.06441	0.08288	0.00870	0.00980	0.00668	0.00462	0.00489	0.00126	0.09321	0.00341	0.00272	0.03044
13	0.01066	0.09807	0.22578	0.01213	0.09507	0.06687	0.10018	0.06900	0.08427	0.05865	0.03244	0.01118	0.02438	0.00474	0.00498	0.00131	0.08813	0.00378	0.00256	0.00583

[dist]
# distance from previous block
# <min> <max>
0	4

[block]
# block no. 7 follows, 64 sequences, length 15
# corresponding to MSA columns:
# 460-474
name=unknown_H
#
# <colnr> <probs for GDERKNQSTAVLIFYWHMCP>
#	G	D	E	R	K	N	Q	S	T	A	V	L	I	F	Y	W	H	M	C	P
0	0.02185	0.03398	0.04539	0.00770	0.03196	0.00713	0.02472	0.05338	0.06231	0.10179	0.02853	0.01042	0.00784	0.00431	0.01773	0.00099	0.01614	0.00313	0.00292	0.51779
1	0.02988	0.00665	0.02334	0.00859	0.02766	0.00631	0.15275	0.03097	0.09230	0.04504	0.23249	0.19485	0.08823	0.00788	0.00476	0.00142	0.00344	0.02059	0.01820	0.00465
2	0.03008	0.07226	0.03544	0.00904	0.04218	0.06958	0.03384	0.19809	0.12776	0.03128	0.02718	0.02621	0.00839	0.00508	0.02061	0.00121	0.02432	0.00360	0.00309	0.23077
3	0.00710	0.00460	0.00613	0.00683	0.04146	0.00439	0.00458	0.02578	0.03032	0.08707	0.05158	0.55733	0.04178	0.05309	0.00625	0.03236	0.00282	0.02875	0.00380	0.00395
4	0.10055	0.04547	0.06648	0.07307	0.05972	0.06045	0.05686	0.10377	0.08515	0.11984	0.03458	0.02526	0.04229	0.02520	0.00480	0.00137	0.03857	0.02244	0.00312	0.03100
5	0.01019	0.22320	0.25530	0.04345	0.03545	0.02753	0.07965	0.04458	0.07484	0.05751	0.00923	0.05510	0.00759	0.00463	0.00411	0.00123	0.03092	0.00374	0.00242	0.02931
6	0.00601	0.00421	0.00494	0.00508	0.00616	0.00369	0.00368	0.00709	0.00938	0.06769	0.12363	0.31386	0.40792	0.01077	0.00499	0.00148	0.00229	0.00935	0.00403	0.00375
7	0.00586	0.00443	0.00550	0.00523	0.00647	0.00395	0.02335	0.00731	0.01017	0.03842	0.32816	0.10730	0.39062	0.01034	0.03268	0.00156	0.00254	0.00820	0.00406	0.00381
8	0.02468	0.06477	0.09892	0.11919	0.19347	0.09436	0.08239	0.08480	0.02533	0.06551	0.02186	0.01995	0.00715	0.00440	0.00449	0.00126	0.04640	0.00369	0.00249	0.03490
9	0.01101	0.00979	0.01204	0.42126	0.03682	0.14174	0.02862	0.09591	0.01040	0.09567	0.00928	0.03958	0.00741	0.00494	0.00454	0.00135	0.03679	0.02510	0.00260	0.00515
10	0.00633	0.00445	0.00549	0.00536	0.00644	0.00416	0.00400	0.00820	0.03964	0.04842	0.39825	0.14125	0.19924	0.03015	0.03969	0.00167	0.00264	0.02636	0.02432	0.00394
11	0.06579	0.00866	0.01363	0.04015	0.46893	0.00854	0.02863	0.01434	0.02282	0.21569	0.03047	0.01303	0.02161	0.00452	0.00413	0.00128	0.00438	0.02407	0.00301	0.00631
12	0.04624	0.05819	0.10065	0.07985	0.11230	0.03103	0.07790	0.12558	0.04435	0.14561	0.05110	0.03753	0.00939	0.00493	0.00441	0.00130	0.03388	0.00413	0.02576	0.00586
13	0.16020	0.00930	0.03791	0.06494	0.07311	0.05097	0.02798	0.11549	0.05127	0.11011	0.02186	0.07143	0.00894	0.03545	0.00611	0.00149	0.14088	0.00423	0.00301	0.00534
14	0.00579	0.00404	0.00522	0.00591	0.00641	0.00384	0.00408	0.00710	0.04479	0.03591	0.04518	0.69801	0.05251	0.03069	0.00556	0.00170	0.00254	0.03318	0.00390	0.00364

[dist]
# distance from previous block
# <min> <max>
11	27

[block]
# block no. 8 follows, 64 sequences, length 19
# corresponding to MSA columns:
# 519-537
name=unknown_I
#
# <colnr> <probs for GDERKNQSTAVLIFYWHMCP>
#	G	D	E	R	K	N	Q	S	T	A	V	L	I	F	Y	W	H	M	C	P
0	0.06173	0.22520	0.06882	0.01913	0.04485	0.06878	0.05198	0.09442	0.14456	0.04243	0.02187	0.06848	0.00929	0.00509	0.00391	0.00122	0.01598	0.01752	0.00288	0.03186
1	0.00922	0.03240	0.03254	0.05172	0.09804	0.01937	0.02881	0.09412	0.08183	0.03771	0.03608	0.05419	0.11816	0.02611	0.02505	0.00158	0.12619	0.06589	0.00305	0.05794
2	0.02345	0.07278	0.10364	0.08493	0.14877	0.02083	0.06077	0.12726	0.06300	0.03059	0.01045	0.06719	0.00910	0.00525	0.00443	0.00130	0.03310	0.05005	0.02109	0.06203
3	0.00522	0.00421	0.00461	0.00451	0.00575	0.00364	0.00336	0.00651	0.01003	0.01270	0.26887	0.03699	0.57337	0.03531	0.00539	0.00145	0.00212	0.00832	0.00402	0.00360
4	0.04957	0.00999	0.01320	0.26818	0.16995	0.06023	0.04081	0.23410	0.04274	0.01612	0.00848	0.01044	0.00650	0.00498	0.02184	0.00142	0.02932	0.00368	0.00268	0.00576
5	0.01351	0.01065	0.01184	0.01105	0.10969	0.04303	0.00797	0.39515	0.27460	0.06020	0.01211	0.01189	0.00890	0.00502	0.00416	0.00129	0.00426	0.00402	0.00390	0.00676
6	0.00604	0.00433	0.00519	0.00495	0.00611	0.00388	0.00369	0.00752	0.01046	0.04748	0.43342	0.05044	0.32148	0.05273	0.02257	0.00160	0.00238	0.00778	0.00417	0.00381
7	0.29374	0.00753	0.00861	0.00685	0.00986	0.00736	0.00565	0.04455	0.01061	0.54522	0.01280	0.01164	0.00833	0.00473	0.00367	0.00128	0.00347	0.00355	0.00429	0.00625
8	0.00600	0.00446	0.00531	0.00524	0.00636	0.00412	0.00387	0.00800	0.05767	0.03449	0.35510	0.18099	0.29357	0.00972	0.00492	0.00141	0.00221	0.00845	0.00420	0.00392
9	0.00774	0.00387	0.00387	0.00387	0.00484	0.00387	0.00290	0.00968	0.00871	0.01549	0.01355	0.01549	0.01065	0.00484	0.00290	0.00097	0.00194	0.00387	0.87708	0.00387
10	0.01766	0.00710	0.00954	0.00727	0.01053	0.00605	0.00599	0.01929	0.01157	0.75120	0.01551	0.01360	0.00988	0.00494	0.00407	0.00122	0.00349	0.00401	0.00488	0.09222
11	0.88336	0.00803	0.00611	0.00546	0.00803	0.00932	0.00450	0.01221	0.00707	0.01864	0.00578	0.00675	0.00450	0.00386	0.00257	0.00129	0.00321	0.00225	0.00257	0.00450
12	0.01589	0.01148	0.01237	0.00948	0.01280	0.01265	0.00783	0.78658	0.01926	0.05423	0.01020	0.01012	0.00718	0.00499	0.00416	0.00125	0.00453	0.00375	0.00419	0.00706
13	0.88336	0.00803	0.00611	0.00546	0.00803	0.00932	0.00450	0.01221	0.00707	0.01864	0.00578	0.00675	0.00450	0.00386	0.00257	0.00129	0.00321	0.00225	0.00257	0.00450
14	0.37135	0.00839	0.00842	0.00702	0.00950	0.00928	0.00568	0.26597	0.01131	0.09777	0.00888	0.01024	0.00684	0.03162	0.07500	0.05654	0.00439	0.00329	0.00324	0.00527
15	0.21918	0.19494	0.01293	0.00806	0.01116	0.01275	0.00692	0.41286	0.03304	0.02024	0.00813	0.00860	0.00618	0.00447	0.00367	0.00119	0.02337	0.00308	0.00321	0.00601
16	0.00572	0.00425	0.00536	0.00534	0.00634	0.00390	0.00408	0.00741	0.01079	0.01469	0.52550	0.09282	0.19071	0.00954	0.00502	0.00142	0.00223	0.09678	0.00430	0.00379
17	0.00560	0.00386	0.00471	0.00513	0.00541	0.00369	0.00329	0.00621	0.00762	0.01034	0.08579	0.40650	0.05078	0.33489	0.01124	0.00252	0.00296	0.00882	0.03754	0.00311
18	0.05955	0.00949	0.03116	0.12075	0.34683	0.04230	0.04490	0.11271	0.01062	0.03381	0.02230	0.02848	0.00938	0.00518	0.00429	0.00135	0.00483	0.10366	0.00268	0.00573

[dist]
# distance from previous block
# <min> <max>
2	8

[block]
# block no. 9 follows, 64 sequences, length 40
# corresponding to MSA columns:
# 602-633,642-649
name=unknown_J
#
# <colnr> <probs for GDERKNQSTAVLIFYWHMCP>
#	G	D	E	R	K	N	Q	S	T	A	V	L	I	F	Y	W	H	M	C	P
0	0.06110	0.32351	0.08112	0.01109	0.14821	0.02195	0.03751	0.10713	0.02651	0.04293	0.04311	0.03203	0.02602	0.00456	0.00373	0.00115	0.01652	0.00357	0.00255	0.00569
1	0.01309	0.00594	0.00781	0.00635	0.00868	0.00519	0.00506	0.01475	0.01127	0.46367	0.25088	0.02009	0.04611	0.03349	0.00484	0.00134	0.00295	0.00525	0.04190	0.05133
2	0.01117	0.78612	0.03994	0.00782	0.03412	0.01598	0.00748	0.03827	0.00883	0.01049	0.00601	0.00692	0.00542	0.00361	0.00278	0.00092	0.00450	0.00233	0.00186	0.00544
3	0.00575	0.00395	0.00526	0.00587	0.00640	0.00371	0.00417	0.00684	0.00889	0.03275	0.17631	0.57022	0.02860	0.03403	0.00566	0.00169	0.00254	0.08978	0.00399	0.00360
4	0.00561	0.00417	0.00566	0.00596	0.00649	0.00439	0.00429	0.00662	0.00740	0.01010	0.03589	0.31377	0.08789	0.11384	0.34803	0.00396	0.02182	0.00764	0.00302	0.00346
5	0.00571	0.00403	0.00504	0.00519	0.00565	0.00393	0.00349	0.00650	0.00802	0.01086	0.19056	0.21039	0.08834	0.30667	0.10238	0.02526	0.00384	0.00762	0.00331	0.00320
6	0.01050	0.00892	0.00946	0.00848	0.01084	0.01027	0.00665	0.06602	0.74515	0.01768	0.01671	0.01637	0.01279	0.00582	0.00428	0.00142	0.00338	0.03456	0.00421	0.00650
7	0.88336	0.00803	0.00611	0.00546	0.00803	0.00932	0.00450	0.01221	0.00707	0.01864	0.00578	0.00675	0.00450	0.00386	0.00257	0.00129	0.00321	0.00225	0.00257	0.00450
8	0.00833	0.02149	0.83250	0.01184	0.01798	0.00965	0.01535	0.01315	0.00877	0.01315	0.00745	0.00877	0.00526	0.00395	0.00395	0.00132	0.00614	0.00307	0.00175	0.00614
9	0.00607	0.00444	0.00587	0.00664	0.00733	0.00439	0.00512	0.00803	0.06154	0.01207	0.06568	0.44489	0.02578	0.01170	0.00538	0.00173	0.00298	0.31265	0.00391	0.00378
10	0.08102	0.05802	0.01260	0.00923	0.01248	0.01260	0.02649	0.64349	0.06475	0.02388	0.00979	0.00990	0.00708	0.00482	0.00397	0.00124	0.00444	0.00363	0.00386	0.00671
11	0.00909	0.00909	0.01272	0.01091	0.01091	0.01272	0.00909	0.01000	0.00636	0.01000	0.00545	0.00909	0.00545	0.00727	0.01363	0.00182	0.84642	0.00364	0.00182	0.00454
12	0.00909	0.00909	0.01272	0.01091	0.01091	0.01272	0.00909	0.01000	0.00636	0.01000	0.00545	0.00909	0.00545	0.00727	0.01363	0.00182	0.84642	0.00364	0.00182	0.00454
13	0.01066	0.18482	0.46546	0.01029	0.01510	0.05534	0.02388	0.08326	0.01001	0.07485	0.00804	0.00898	0.00593	0.00461	0.02046	0.00132	0.00566	0.00308	0.00226	0.00600
14	0.01221	0.00581	0.00747	0.00629	0.00848	0.00518	0.00498	0.01417	0.04546	0.42146	0.20119	0.07186	0.16301	0.00733	0.00454	0.00134	0.00285	0.00621	0.00467	0.00550
15	0.00506	0.00361	0.00482	0.00578	0.00602	0.00337	0.00386	0.00578	0.00795	0.01060	0.02289	0.85131	0.02747	0.01301	0.00530	0.00169	0.00241	0.01181	0.00386	0.00337
16	0.04867	0.00739	0.01060	0.14568	0.11984	0.00751	0.00773	0.04680	0.01026	0.39016	0.01260	0.04839	0.00934	0.02530	0.06086	0.00175	0.03325	0.00430	0.00364	0.00593
17	0.01382	0.00591	0.00795	0.00665	0.00883	0.00534	0.00523	0.01517	0.01023	0.52061	0.03421	0.10536	0.02666	0.07495	0.08987	0.01280	0.00409	0.00529	0.04137	0.00565
18	0.00862	0.00825	0.00951	0.02146	0.21397	0.10504	0.00701	0.01192	0.14020	0.01358	0.15852	0.07182	0.18714	0.00703	0.00449	0.00133	0.00370	0.01804	0.00336	0.00501
19	0.03176	0.03154	0.40559	0.01070	0.01523	0.00880	0.09930	0.03753	0.03606	0.20686	0.01100	0.01315	0.00815	0.00478	0.00419	0.00135	0.00522	0.05976	0.00291	0.00612
20	0.01096	0.02886	0.05719	0.21955	0.15355	0.06028	0.11114	0.11942	0.04108	0.07738	0.01001	0.01352	0.00802	0.00478	0.00430	0.00134	0.00525	0.06494	0.00273	0.00570
21	0.82691	0.00880	0.00647	0.00580	0.00835	0.06318	0.00473	0.01249	0.00737	0.01809	0.00583	0.00680	0.00455	0.00388	0.00265	0.00127	0.00349	0.00228	0.00254	0.00452
22	0.02896	0.00839	0.01208	0.13004	0.23711	0.00889	0.04993	0.12073	0.10073	0.04197	0.06798	0.01664	0.12752	0.00557	0.00454	0.00133	0.02403	0.00484	0.00309	0.00562
23	0.02571	0.00824	0.00931	0.02647	0.01014	0.04212	0.00637	0.22151	0.10342	0.10352	0.11833	0.03348	0.01304	0.00660	0.00600	0.05452	0.10159	0.02021	0.08407	0.00536
24	0.00620	0.00428	0.00553	0.00528	0.00628	0.00392	0.00392	0.00795	0.01120	0.04431	0.66548	0.10224	0.08582	0.02271	0.00517	0.00139	0.00210	0.00782	0.00445	0.00393
25	0.00527	0.00421	0.00466	0.00465	0.00584	0.00367	0.00348	0.00652	0.00983	0.01243	0.22831	0.06344	0.54547	0.04534	0.00563	0.00152	0.00223	0.03995	0.00397	0.00357
26	0.00824	0.00611	0.00778	0.00708	0.00861	0.00629	0.05723	0.05695	0.20303	0.04751	0.14406	0.25917	0.04218	0.00805	0.00453	0.00140	0.00294	0.00713	0.11692	0.00479
27	0.00747	0.00469	0.00539	0.00531	0.00639	0.00472	0.00393	0.01047	0.11891	0.04169	0.20295	0.19083	0.02094	0.00748	0.00408	0.00126	0.00227	0.00646	0.35050	0.00425
28	0.10499	0.01119	0.03820	0.00752	0.00906	0.30610	0.00563	0.04337	0.00920	0.04373	0.01029	0.06592	0.01032	0.30599	0.00992	0.00220	0.00517	0.00449	0.00261	0.00411
29	0.00909	0.00909	0.01272	0.01091	0.01091	0.01272	0.00909	0.01000	0.00636	0.01000	0.00545	0.00909	0.00545	0.00727	0.01363	0.00182	0.84642	0.00364	0.00182	0.00454
30	0.01483	0.03003	0.01219	0.00933	0.01251	0.01256	0.00767	0.67220	0.14487	0.02443	0.01097	0.01076	0.00791	0.00506	0.00413	0.00126	0.00437	0.00386	0.00411	0.00695
31	0.01556	0.03643	0.01189	0.01049	0.01270	0.78528	0.00793	0.01666	0.01171	0.04493	0.00683	0.00776	0.00556	0.00430	0.00374	0.00108	0.00726	0.00273	0.00226	0.00492
32	0.01290	0.01020	0.01084	0.00897	0.01178	0.01153	0.00720	0.39430	0.44420	0.02151	0.01365	0.01290	0.01004	0.00533	0.00419	0.00133	0.00389	0.00425	0.00419	0.00680
33	0.00833	0.02149	0.83250	0.01184	0.01798	0.00965	0.01535	0.01315	0.00877	0.01315	0.00745	0.00877	0.00526	0.00395	0.00395	0.00132	0.00614	0.00307	0.00175	0.00614
34	0.00784	0.00738	0.01246	0.84404	0.02861	0.00923	0.01154	0.01061	0.00831	0.01061	0.00738	0.01107	0.00554	0.00415	0.00415	0.00138	0.00554	0.00369	0.00185	0.00461
35	0.52172	0.00797	0.00773	0.04907	0.06230	0.03023	0.00561	0.02854	0.00815	0.07073	0.00823	0.04656	0.00701	0.04068	0.00392	0.00137	0.00360	0.01393	0.00276	0.07989
36	0.00606	0.00421	0.00563	0.00563	0.00599	0.00457	0.00389	0.00667	0.00631	0.00878	0.01177	0.02098	0.01231	0.40053	0.41906	0.05964	0.00746	0.00511	0.00233	0.00305
37	0.00507	0.00364	0.00482	0.00573	0.00602	0.00339	0.00384	0.00583	0.00807	0.01075	0.04036	0.81253	0.04885	0.01285	0.00528	0.00167	0.00239	0.01164	0.00387	0.00339
38	0.03548	0.00893	0.01370	0.16799	0.19250	0.00953	0.10309	0.12641	0.02910	0.08539	0.03131	0.01130	0.00763	0.00487	0.00533	0.03063	0.07416	0.00389	0.00272	0.05604
39	0.01040	0.16420	0.15984	0.01027	0.09849	0.00973	0.03709	0.06752	0.06682	0.09928	0.07677	0.02990	0.04229	0.02456	0.00466	0.00129	0.03463	0.00415	0.01542	0.04270

[dist]
# distance from previous block
# <min> <max>
7	46

[block]
# block no. 10 follows, 64 sequences, length 18
# corresponding to MSA columns:
# 697-714
name=unknown_K
#
# <colnr> <probs for GDERKNQSTAVLIFYWHMCP>
#	G	D	E	R	K	N	Q	S	T	A	V	L	I	F	Y	W	H	M	C	P
0	0.06129	0.10111	0.16269	0.02163	0.17127	0.00959	0.04148	0.09208	0.03037	0.11240	0.02294	0.02329	0.00753	0.00423	0.00378	0.00116	0.00451	0.00350	0.00275	0.12239
1	0.36753	0.10669	0.07450	0.02919	0.07246	0.05985	0.03687	0.06853	0.03710	0.06163	0.00779	0.01831	0.00616	0.01587	0.00377	0.00129	0.02148	0.00306	0.00263	0.00529
2	0.03092	0.12879	0.00878	0.00608	0.00782	0.00671	0.00487	0.03369	0.00929	0.15006	0.13144	0.05553	0.12982	0.06796	0.08971	0.07455	0.01809	0.00534	0.01687	0.02368
3	0.11988	0.09302	0.34855	0.04200	0.04706	0.04484	0.06586	0.06603	0.03164	0.03625	0.01747	0.03045	0.01559	0.00443	0.00398	0.00128	0.02017	0.00350	0.00234	0.00567
4	0.00739	0.00538	0.00623	0.00564	0.00697	0.01820	0.00433	0.10949	0.01208	0.01695	0.52860	0.02688	0.10749	0.00825	0.02185	0.00138	0.00258	0.00662	0.09942	0.00428
5	0.01957	0.02995	0.04452	0.00707	0.03010	0.00634	0.00559	0.06363	0.03190	0.05050	0.14300	0.11209	0.20500	0.02619	0.14207	0.00232	0.06591	0.00645	0.00340	0.00440
6	0.00622	0.00431	0.00550	0.00528	0.00634	0.00392	0.00396	0.00793	0.01109	0.04854	0.60360	0.10375	0.13972	0.00908	0.00492	0.00136	0.00212	0.02397	0.00442	0.00394
7	0.01404	0.01002	0.01092	0.00856	0.01144	0.01089	0.00700	0.62915	0.01756	0.05433	0.11390	0.01378	0.03269	0.00557	0.00422	0.00125	0.00403	0.00437	0.03984	0.00645
8	0.02223	0.02958	0.38662	0.01469	0.20255	0.00944	0.11278	0.04477	0.00976	0.04824	0.05227	0.01158	0.02811	0.00432	0.00415	0.00130	0.00541	0.00387	0.00232	0.00603
9	0.01078	0.11615	0.12291	0.08539	0.02534	0.03279	0.00789	0.01486	0.16495	0.16936	0.08917	0.01566	0.01227	0.02094	0.03314	0.00152	0.00437	0.04170	0.02520	0.00560
10	0.01045	0.74927	0.01987	0.00705	0.01025	0.01502	0.00687	0.01181	0.00822	0.00976	0.00645	0.00788	0.00597	0.00703	0.10775	0.00162	0.00528	0.00250	0.00183	0.00513
11	0.02938	0.00975	0.04366	0.29646	0.18293	0.11288	0.00978	0.03034	0.00975	0.08863	0.05640	0.01326	0.02631	0.00487	0.00444	0.00131	0.03256	0.02480	0.01720	0.00528
12	0.01163	0.67616	0.03904	0.00792	0.01117	0.14081	0.00752	0.01299	0.00887	0.00992	0.00590	0.00693	0.00534	0.00382	0.00329	0.00096	0.03829	0.00237	0.00183	0.00524
13	0.00827	0.00699	0.00823	0.00604	0.00939	0.00533	0.00480	0.01013	0.00901	0.01393	0.11041	0.01143	0.01031	0.00376	0.00331	0.00070	0.00294	0.00310	0.00273	0.76922
14	0.00605	0.00481	0.00754	0.00709	0.00786	0.00474	0.10559	0.00707	0.00749	0.01014	0.01665	0.39976	0.01886	0.22554	0.14811	0.00307	0.00485	0.00827	0.00303	0.00350
15	0.09775	0.07199	0.17556	0.08402	0.05010	0.01799	0.18430	0.02398	0.07892	0.01418	0.10683	0.02888	0.01082	0.00509	0.01550	0.00138	0.00497	0.00429	0.01813	0.00533
16	0.11693	0.03728	0.00629	0.00540	0.00693	0.00577	0.00415	0.04175	0.06986	0.01473	0.28390	0.05068	0.27948	0.05276	0.00531	0.00148	0.00258	0.00673	0.00382	0.00415
17	0.00699	0.00506	0.03691	0.00595	0.00715	0.00443	0.00476	0.00838	0.00962	0.07410	0.34464	0.06823	0.11073	0.01264	0.12540	0.10211	0.00390	0.06141	0.00369	0.00389

[dist]
# distance from previous block
# <min> <max>
0	60

# created by:
# /home/cegg/simao/soft/augustus-3.2.1/scripts/msa2prfl.pl ./align_prep/EOG092C4JOE.fa
