[name]
unknown

[dist]
# distance from previous block
# <min> <max>
0	40

[block]
# block no. 0 follows, 76 sequences, length 58
# corresponding to MSA columns:
# 40-67,70-99
name=unknown_A
#
# <colnr> <probs for GDERKNQSTAVLIFYWHMCP>
#	G	D	E	R	K	N	Q	S	T	A	V	L	I	F	Y	W	H	M	C	P
0	0.00558	0.00440	0.00535	0.00527	0.03290	0.00381	0.00364	0.00659	0.00747	0.01026	0.09492	0.21704	0.17156	0.15640	0.00644	0.00152	0.00253	0.04072	0.00288	0.22071
1	0.00700	0.00672	0.01172	0.79756	0.02456	0.00816	0.07436	0.00947	0.00737	0.00947	0.00653	0.00970	0.00490	0.00359	0.00368	0.00121	0.00494	0.00331	0.00163	0.00410
2	0.02694	0.00868	0.04998	0.01157	0.01414	0.01765	0.44437	0.01118	0.05061	0.07074	0.00924	0.10299	0.00804	0.01826	0.01850	0.00139	0.12423	0.00461	0.00226	0.00462
3	0.03920	0.00724	0.10428	0.00728	0.02909	0.03733	0.07682	0.01760	0.04584	0.14756	0.09235	0.18512	0.11602	0.01617	0.00415	0.00126	0.00327	0.04003	0.02509	0.00430
4	0.00675	0.00378	0.00494	0.00517	0.00596	0.00344	0.00368	0.00759	0.00771	0.16601	0.01962	0.60423	0.07365	0.01923	0.00451	0.00139	0.00228	0.01619	0.04031	0.00357
5	0.01839	0.00703	0.00809	0.00727	0.02735	0.05522	0.04027	0.09103	0.25916	0.15356	0.04661	0.17664	0.05069	0.02440	0.01607	0.00133	0.00327	0.00528	0.00347	0.00487
6	0.05945	0.00937	0.01898	0.07342	0.06432	0.00911	0.65123	0.04619	0.00869	0.01223	0.00719	0.00948	0.00542	0.00319	0.00406	0.00120	0.00566	0.00398	0.00192	0.00489
7	0.03908	0.00442	0.00526	0.00490	0.00592	0.00425	0.00352	0.05527	0.00823	0.14740	0.12961	0.19344	0.09774	0.23809	0.00786	0.00183	0.00268	0.00614	0.04076	0.00359
8	0.00456	0.00329	0.00433	0.00500	0.00536	0.00306	0.00344	0.00538	0.00749	0.01003	0.12634	0.69718	0.06095	0.01074	0.00459	0.00143	0.00209	0.03824	0.00345	0.00303
9	0.05256	0.01396	0.01012	0.00897	0.02727	0.56126	0.04079	0.08144	0.02916	0.01101	0.00678	0.03951	0.00577	0.00395	0.00331	0.00096	0.00548	0.00282	0.00216	0.09271
10	0.00737	0.00405	0.00503	0.00476	0.00557	0.00376	0.00328	0.00801	0.00733	0.18767	0.07467	0.18889	0.08415	0.37720	0.01030	0.00223	0.00289	0.01631	0.00316	0.00337
11	0.10473	0.00561	0.00665	0.00567	0.00758	0.00541	0.00448	0.09709	0.00951	0.35527	0.02812	0.16284	0.06626	0.02247	0.00391	0.00121	0.00275	0.01306	0.09261	0.00475
12	0.00653	0.00476	0.00623	0.04202	0.00753	0.00512	0.01298	0.07976	0.07824	0.03707	0.01376	0.27067	0.01426	0.11697	0.24711	0.00288	0.00490	0.04273	0.00283	0.00365
13	0.00680	0.00500	0.00578	0.00522	0.00658	0.00493	0.00402	0.13114	0.06646	0.04024	0.38106	0.07284	0.22994	0.00742	0.00416	0.00119	0.00225	0.01728	0.00374	0.00396
14	0.00476	0.00341	0.00421	0.00463	0.00511	0.00313	0.00314	0.00549	0.00739	0.02154	0.11069	0.50006	0.17771	0.12357	0.00634	0.00166	0.00222	0.00867	0.00330	0.00297
15	0.01179	0.00772	0.00865	0.00705	0.00943	0.00816	0.00576	0.38310	0.13731	0.17988	0.01452	0.01521	0.09890	0.00535	0.00377	0.00116	0.00330	0.05621	0.03725	0.00550
16	0.12074	0.00867	0.00898	0.00737	0.00976	0.00975	0.00591	0.43145	0.27421	0.01877	0.01033	0.01075	0.00785	0.05394	0.00433	0.00128	0.00347	0.00349	0.00340	0.00554
17	0.08592	0.00688	0.00836	0.00664	0.00922	0.00674	0.00542	0.07704	0.13446	0.49910	0.01225	0.01120	0.00824	0.00439	0.00378	0.00111	0.03541	0.00342	0.00384	0.07659
18	0.00503	0.00355	0.00463	0.00485	0.00512	0.00370	0.00326	0.00561	0.00591	0.00808	0.01317	0.24469	0.01476	0.37412	0.28332	0.00372	0.00514	0.00618	0.00243	0.00273
19	0.00627	0.00435	0.00593	0.00653	0.00750	0.00432	0.00566	0.02820	0.00870	0.03618	0.04474	0.03867	0.05683	0.00962	0.00489	0.00161	0.00324	0.71987	0.00341	0.00349
20	0.04030	0.00449	0.00538	0.00533	0.00642	0.00436	0.00416	0.05486	0.01831	0.08107	0.09704	0.12122	0.19377	0.12427	0.00625	0.00165	0.00276	0.22148	0.00334	0.00355
21	0.00623	0.00321	0.00482	0.00482	0.00486	0.00326	0.00326	0.00486	0.00482	0.00647	0.00656	0.01128	0.00652	0.01370	0.07596	0.82922	0.00364	0.00321	0.00161	0.00170
22	0.00872	0.00853	0.02443	0.02091	0.76096	0.00836	0.04223	0.01088	0.00828	0.01176	0.00827	0.01054	0.04076	0.00358	0.00367	0.00110	0.00428	0.01527	0.00188	0.00557
23	0.50781	0.00646	0.00603	0.00538	0.00733	0.00712	0.00427	0.05569	0.06871	0.11561	0.00934	0.09415	0.00822	0.06533	0.00404	0.00135	0.00291	0.02319	0.00283	0.00423
24	0.00452	0.00329	0.00424	0.00487	0.00525	0.00304	0.00332	0.00528	0.00738	0.00978	0.09535	0.67169	0.11326	0.03143	0.00491	0.00147	0.00210	0.02243	0.00340	0.00300
25	0.20855	0.00899	0.00928	0.00729	0.00998	0.00992	0.00601	0.57168	0.01392	0.08022	0.00841	0.00851	0.00598	0.00415	0.00330	0.00109	0.00360	0.00302	0.03048	0.00560
26	0.00472	0.00354	0.00435	0.00448	0.00521	0.00320	0.00321	0.00587	0.00866	0.01160	0.37493	0.28059	0.23506	0.03187	0.00477	0.00133	0.00191	0.00794	0.00361	0.00316
27	0.00645	0.00398	0.00498	0.00483	0.00584	0.00363	0.00354	0.00767	0.02127	0.13182	0.24127	0.24606	0.20153	0.06277	0.03601	0.00156	0.00246	0.00716	0.00358	0.00358
28	0.00925	0.00645	0.00725	0.00656	0.00829	0.00698	0.00505	0.08404	0.41648	0.12866	0.01520	0.20474	0.01317	0.00622	0.00382	0.00123	0.00275	0.00532	0.06348	0.00506
29	0.01275	0.23420	0.01241	0.00840	0.01064	0.59505	0.00672	0.01377	0.00957	0.05692	0.00597	0.00670	0.00492	0.00363	0.00306	0.00091	0.00568	0.00231	0.00194	0.00444
30	0.01214	0.01045	0.00974	0.00806	0.01046	0.15500	0.00642	0.43126	0.24950	0.01795	0.01004	0.00992	0.00744	0.00441	0.00355	0.00109	0.00402	0.00335	0.03957	0.00561
31	0.00874	0.15893	0.24728	0.00858	0.04588	0.00923	0.00831	0.08163	0.00816	0.03378	0.00638	0.00764	0.00512	0.00379	0.00449	0.00101	0.14409	0.00261	0.00196	0.21239
32	0.01367	0.00992	0.01081	0.00833	0.01112	0.01102	0.00689	0.76869	0.01633	0.05658	0.00879	0.00884	0.00624	0.00445	0.00399	0.00111	0.04026	0.00328	0.00359	0.00609
33	0.00754	0.00646	0.00754	0.00538	0.00861	0.00484	0.00431	0.00915	0.00754	0.01184	0.00646	0.00754	0.00538	0.00269	0.00269	0.00054	0.00269	0.00215	0.00215	0.89449
34	0.00493	0.00378	0.00407	0.00396	0.00518	0.00322	0.00298	0.00599	0.00865	0.04601	0.15810	0.05133	0.67147	0.00879	0.00427	0.00122	0.00188	0.00739	0.00352	0.00325
35	0.00521	0.00376	0.00496	0.00478	0.00564	0.00350	0.00367	0.00693	0.01010	0.01421	0.76551	0.02852	0.03297	0.00769	0.00436	0.00120	0.00188	0.08776	0.00394	0.00342
36	0.00530	0.00368	0.00472	0.00446	0.00532	0.00343	0.00335	0.00701	0.01004	0.01448	0.76866	0.02586	0.03193	0.00713	0.00412	0.00112	0.00171	0.00627	0.08800	0.00343
37	0.00514	0.00372	0.00486	0.00457	0.00543	0.00343	0.00343	0.00686	0.01029	0.01457	0.84768	0.02715	0.03429	0.00743	0.00429	0.00114	0.00171	0.00657	0.00400	0.00343
38	0.00442	0.00321	0.00417	0.00493	0.00524	0.00296	0.00332	0.00508	0.00708	0.00933	0.02163	0.79046	0.10244	0.01118	0.00461	0.00145	0.00208	0.01008	0.00337	0.00296
39	0.01382	0.01018	0.01091	0.00836	0.01127	0.01127	0.00691	0.83748	0.01709	0.02291	0.00873	0.00873	0.00618	0.00436	0.00364	0.00109	0.00400	0.00327	0.00364	0.00618
40	0.61195	0.01081	0.27766	0.00657	0.00982	0.00825	0.00698	0.01095	0.00666	0.01477	0.00553	0.00647	0.00415	0.00340	0.00264	0.00113	0.00363	0.00220	0.00202	0.00440
41	0.01382	0.01018	0.01091	0.00836	0.01127	0.01127	0.00691	0.83748	0.01709	0.02291	0.00873	0.00873	0.00618	0.00436	0.00364	0.00109	0.00400	0.00327	0.00364	0.00618
42	0.00586	0.00418	0.00586	0.00669	0.00753	0.00418	0.00586	0.00753	0.00837	0.01088	0.01924	0.04100	0.02092	0.01004	0.00502	0.00167	0.00335	0.82513	0.00335	0.00335
43	0.00830	0.01669	0.69446	0.00977	0.01458	0.00836	0.01201	0.08590	0.00860	0.06037	0.00730	0.00831	0.00518	0.00458	0.03879	0.00134	0.00530	0.00284	0.00191	0.00540
44	0.00754	0.00646	0.00754	0.00538	0.00861	0.00484	0.00431	0.00915	0.00754	0.01184	0.00646	0.00754	0.00538	0.00269	0.00269	0.00054	0.00269	0.00215	0.00215	0.89449
45	0.22832	0.00649	0.00776	0.00611	0.00879	0.00617	0.00505	0.03764	0.00956	0.62918	0.01196	0.01072	0.00771	0.00422	0.00332	0.00112	0.00305	0.00324	0.00393	0.00564
46	0.00526	0.00355	0.00405	0.00405	0.00411	0.00356	0.00233	0.00534	0.00539	0.00718	0.01203	0.02362	0.03464	0.80992	0.05786	0.00357	0.00377	0.00528	0.00222	0.00227
47	0.00817	0.04515	0.09211	0.01270	0.06167	0.00875	0.45437	0.01067	0.00776	0.03149	0.00740	0.00991	0.00593	0.00697	0.12760	0.00189	0.09712	0.00380	0.00185	0.00468
48	0.00686	0.00646	0.01090	0.86353	0.02503	0.00807	0.01009	0.00929	0.00727	0.00929	0.00646	0.00969	0.00484	0.00363	0.00363	0.00121	0.00484	0.00323	0.00161	0.00404
49	0.89794	0.00703	0.00534	0.00478	0.00703	0.00815	0.00394	0.01068	0.00619	0.01631	0.00506	0.00590	0.00394	0.00337	0.00225	0.00112	0.00281	0.00197	0.00225	0.00394
50	0.00972	0.87446	0.01905	0.00622	0.00933	0.01438	0.00622	0.01088	0.00738	0.00855	0.00505	0.00583	0.00466	0.00311	0.00233	0.00078	0.00389	0.00194	0.00155	0.00466
51	0.00441	0.00344	0.00400	0.00439	0.00511	0.00303	0.00309	0.00523	0.00776	0.00982	0.07310	0.43354	0.40984	0.01015	0.00446	0.00134	0.00196	0.00888	0.00341	0.00303
52	0.00441	0.00321	0.00416	0.00492	0.00524	0.00296	0.00331	0.00508	0.00709	0.00933	0.02170	0.78709	0.10578	0.01117	0.00460	0.00145	0.00208	0.01007	0.00337	0.00296
53	0.00527	0.00348	0.00403	0.00409	0.00415	0.00344	0.00238	0.00525	0.00552	0.00732	0.02230	0.07838	0.04189	0.71796	0.01666	0.06445	0.00333	0.00556	0.00230	0.00225
54	0.00442	0.00318	0.00420	0.00501	0.00526	0.00296	0.00335	0.00507	0.00701	0.00930	0.02066	0.83860	0.05493	0.01130	0.00463	0.00147	0.00210	0.01023	0.00337	0.00296
55	0.02072	0.02828	0.00724	0.04343	0.02679	0.00594	0.00484	0.11497	0.12310	0.07883	0.00877	0.01159	0.00739	0.00918	0.03001	0.44913	0.00350	0.02035	0.00243	0.00351
56	0.01164	0.01400	0.00934	0.00844	0.01029	0.61629	0.00641	0.01292	0.03052	0.00954	0.00750	0.05892	0.00692	0.00449	0.00360	0.00098	0.02677	0.04678	0.00211	0.11254
57	0.00730	0.00671	0.01049	0.46663	0.11429	0.01678	0.03933	0.00933	0.00754	0.01032	0.04129	0.00989	0.00637	0.00390	0.00392	0.03867	0.00418	0.00316	0.00186	0.19805

[dist]
# distance from previous block
# <min> <max>
0	20

[block]
# block no. 1 follows, 76 sequences, length 12
# corresponding to MSA columns:
# 120-131
name=unknown_B
#
# <colnr> <probs for GDERKNQSTAVLIFYWHMCP>
#	G	D	E	R	K	N	Q	S	T	A	V	L	I	F	Y	W	H	M	C	P
0	0.02477	0.06243	0.14129	0.11880	0.05382	0.04664	0.10095	0.04400	0.01836	0.04286	0.02782	0.07351	0.00766	0.03092	0.00410	0.00112	0.02228	0.00362	0.00218	0.17285
1	0.00789	0.00647	0.00708	0.00642	0.00780	0.08172	0.02576	0.08304	0.15590	0.05491	0.12827	0.09814	0.07172	0.06052	0.18521	0.00230	0.00458	0.00506	0.00306	0.00415
2	0.04173	0.07083	0.18711	0.04997	0.28403	0.03490	0.06530	0.05420	0.04205	0.03451	0.00712	0.00874	0.00564	0.00442	0.03003	0.00128	0.06788	0.00309	0.00197	0.00518
3	0.00599	0.00430	0.00532	0.00494	0.00602	0.00417	0.00376	0.00838	0.09071	0.05339	0.59070	0.04376	0.13175	0.00733	0.00437	0.00118	0.02001	0.00634	0.00385	0.00374
4	0.84521	0.00764	0.00564	0.00505	0.00728	0.05881	0.00412	0.01091	0.00643	0.01586	0.00509	0.00594	0.00398	0.00340	0.00231	0.00111	0.00303	0.00199	0.00223	0.00395
5	0.00908	0.65016	0.23777	0.00730	0.01101	0.01282	0.00811	0.01105	0.00746	0.00933	0.00544	0.00631	0.00465	0.00320	0.00263	0.00088	0.00428	0.00214	0.00155	0.00485
6	0.00464	0.00374	0.00417	0.00417	0.00528	0.00326	0.00321	0.00583	0.00878	0.01107	0.23216	0.03363	0.57459	0.00885	0.00436	0.00125	0.00195	0.08237	0.00352	0.00318
7	0.00709	0.00530	0.00612	0.00538	0.00696	0.00525	0.00415	0.04149	0.20376	0.03248	0.38632	0.01908	0.03783	0.00573	0.00371	0.00105	0.00223	0.00491	0.09770	0.12346
8	0.00510	0.00371	0.00479	0.00452	0.00540	0.00341	0.00339	0.00677	0.01018	0.01432	0.80358	0.02757	0.07855	0.00753	0.00429	0.00115	0.00172	0.00663	0.00397	0.00341
9	0.00519	0.00375	0.00520	0.00522	0.00568	0.00414	0.00378	0.00611	0.00591	0.00833	0.04595	0.05066	0.01190	0.26672	0.54954	0.00481	0.00733	0.00465	0.00216	0.00294
10	0.00951	0.01312	0.23231	0.04481	0.20913	0.22140	0.09628	0.03728	0.00861	0.01080	0.00651	0.00831	0.00518	0.00421	0.00441	0.07332	0.00526	0.00297	0.00179	0.00479
11	0.00497	0.00375	0.00479	0.00462	0.00542	0.00344	0.02308	0.00616	0.00866	0.01172	0.42537	0.14323	0.20121	0.12983	0.00633	0.00154	0.00216	0.00708	0.00348	0.00315

[dist]
# distance from previous block
# <min> <max>
0	1

[block]
# block no. 2 follows, 76 sequences, length 16
# corresponding to MSA columns:
# 133-148
name=unknown_C
#
# <colnr> <probs for GDERKNQSTAVLIFYWHMCP>
#	G	D	E	R	K	N	Q	S	T	A	V	L	I	F	Y	W	H	M	C	P
0	0.56413	0.07839	0.05623	0.05577	0.09039	0.05284	0.00593	0.02276	0.00708	0.03030	0.00565	0.00671	0.00443	0.00341	0.00263	0.00109	0.00352	0.00227	0.00212	0.00435
1	0.06280	0.08316	0.02919	0.12148	0.37243	0.11963	0.01937	0.05090	0.03709	0.05980	0.00716	0.00863	0.00566	0.00354	0.00339	0.00107	0.00446	0.00299	0.00209	0.00516
2	0.00986	0.26980	0.22500	0.00843	0.04005	0.03905	0.02860	0.12298	0.06105	0.06167	0.00735	0.00795	0.00564	0.00354	0.00311	0.00096	0.00421	0.00268	0.00222	0.09584
3	0.00447	0.00377	0.00393	0.00394	0.00511	0.00328	0.00295	0.00565	0.02836	0.00998	0.05333	0.06162	0.74328	0.00995	0.04273	0.00144	0.00223	0.00748	0.00333	0.00315
4	0.00803	0.00644	0.00759	0.00544	0.00865	0.00487	0.00437	0.00964	0.00770	0.05935	0.00691	0.00781	0.00559	0.00279	0.00275	0.00057	0.00271	0.00224	0.00229	0.84427
5	0.00451	0.00371	0.00384	0.00391	0.00509	0.00317	0.00300	0.00551	0.00827	0.01003	0.03455	0.03470	0.75332	0.00910	0.00429	0.00125	0.00195	0.07202	0.03468	0.00310
6	0.00514	0.00372	0.00486	0.00457	0.00543	0.00343	0.00343	0.00686	0.01029	0.01457	0.84768	0.02715	0.03429	0.00743	0.00429	0.00114	0.00171	0.00657	0.00400	0.00343
7	0.00795	0.00795	0.01113	0.00954	0.00954	0.01113	0.00795	0.00875	0.00557	0.00875	0.00477	0.00795	0.00477	0.00636	0.01193	0.00159	0.86562	0.00318	0.00159	0.00398
8	0.00686	0.00646	0.01090	0.86353	0.02503	0.00807	0.01009	0.00929	0.00727	0.00929	0.00646	0.00969	0.00484	0.00363	0.00363	0.00121	0.00484	0.00323	0.00161	0.00404
9	0.00679	0.00427	0.00535	0.00492	0.00610	0.00403	0.00374	0.00898	0.07183	0.11723	0.53293	0.07500	0.08481	0.00708	0.00410	0.00116	0.00200	0.00617	0.04960	0.00389
10	0.00465	0.00358	0.00426	0.00440	0.00524	0.00319	0.00321	0.00577	0.00860	0.01125	0.29494	0.24217	0.35551	0.00920	0.00440	0.00127	0.00191	0.02973	0.00358	0.00316
11	0.00772	0.05554	0.18886	0.38797	0.22034	0.00868	0.05925	0.01042	0.00768	0.01047	0.00654	0.00890	0.00504	0.00344	0.00356	0.00114	0.00485	0.00311	0.00165	0.00481
12	0.00874	0.01006	0.13835	0.05410	0.21854	0.08489	0.07022	0.06912	0.10611	0.02276	0.10014	0.04589	0.02488	0.00457	0.00395	0.00115	0.02508	0.00398	0.00247	0.00499
13	0.00676	0.00605	0.00838	0.03176	0.00798	0.00777	0.02327	0.00741	0.00563	0.00823	0.00781	0.03100	0.00836	0.30318	0.07457	0.00254	0.45001	0.00412	0.00187	0.00332
14	0.40412	0.13760	0.05169	0.02266	0.00873	0.02180	0.02113	0.01027	0.00684	0.04428	0.02549	0.00869	0.03636	0.00541	0.05336	0.00139	0.10747	0.00271	0.00215	0.02784
15	0.09213	0.14775	0.08494	0.00853	0.07109	0.09897	0.02015	0.15095	0.13196	0.05367	0.04634	0.02664	0.02158	0.00427	0.00340	0.00107	0.01357	0.00329	0.00266	0.01705

[dist]
# distance from previous block
# <min> <max>
0	29

[block]
# block no. 3 follows, 76 sequences, length 17
# corresponding to MSA columns:
# 180-196
name=unknown_D
#
# <colnr> <probs for GDERKNQSTAVLIFYWHMCP>
#	G	D	E	R	K	N	Q	S	T	A	V	L	I	F	Y	W	H	M	C	P
0	0.00678	0.00625	0.02503	0.05220	0.22484	0.02587	0.06604	0.00801	0.00715	0.00980	0.02313	0.27449	0.01221	0.05071	0.05897	0.06945	0.06724	0.00564	0.00230	0.00390
1	0.00471	0.00357	0.00440	0.00488	0.00547	0.00337	0.00346	0.00586	0.03744	0.00971	0.03913	0.50329	0.22921	0.03752	0.04308	0.00167	0.00251	0.05431	0.00330	0.00310
2	0.00459	0.00332	0.00438	0.00512	0.00549	0.00310	0.00359	0.00539	0.00731	0.00968	0.05237	0.70110	0.07553	0.01096	0.00464	0.00147	0.00220	0.09334	0.00339	0.00302
3	0.00904	0.00781	0.00822	0.00740	0.00945	0.00904	0.00575	0.01931	0.84303	0.01520	0.01479	0.01356	0.01109	0.00493	0.00370	0.00123	0.00288	0.00411	0.00370	0.00575
4	0.00900	0.00864	0.01475	0.02231	0.84960	0.00864	0.01115	0.01115	0.00828	0.01187	0.00684	0.00900	0.00576	0.00324	0.00360	0.00108	0.00432	0.00324	0.00180	0.00576
5	0.89794	0.00703	0.00534	0.00478	0.00703	0.00815	0.00394	0.01068	0.00619	0.01631	0.00506	0.00590	0.00394	0.00337	0.00225	0.00112	0.00281	0.00197	0.00225	0.00394
6	0.00972	0.87446	0.01905	0.00622	0.00933	0.01438	0.00622	0.01088	0.00738	0.00855	0.00505	0.00583	0.00466	0.00311	0.00233	0.00078	0.00389	0.00194	0.00155	0.00466
7	0.01358	0.01732	0.01030	0.00936	0.01124	0.85768	0.00702	0.01451	0.01030	0.00890	0.00562	0.00655	0.00468	0.00375	0.00328	0.00094	0.00655	0.00234	0.00187	0.00421
8	0.01359	0.01692	0.01033	0.00931	0.01124	0.80954	0.00702	0.06132	0.01069	0.00969	0.00579	0.00668	0.00477	0.00378	0.00330	0.00095	0.00641	0.00239	0.00197	0.00433
9	0.02546	0.01662	0.05084	0.05706	0.11028	0.02367	0.04438	0.02668	0.00869	0.25449	0.06532	0.08626	0.02788	0.00623	0.05059	0.00138	0.03627	0.01547	0.00296	0.08949
10	0.15223	0.00625	0.03480	0.03638	0.00838	0.02128	0.01699	0.07045	0.02509	0.21037	0.16566	0.10323	0.10589	0.00639	0.01956	0.00126	0.00299	0.00496	0.00340	0.00443
11	0.01008	0.64530	0.01660	0.05550	0.01048	0.13219	0.00656	0.03625	0.00812	0.00916	0.00586	0.00757	0.00534	0.00353	0.00268	0.00087	0.00430	0.03331	0.00173	0.00456
12	0.00972	0.87446	0.01905	0.00622	0.00933	0.01438	0.00622	0.01088	0.00738	0.00855	0.00505	0.00583	0.00466	0.00311	0.00233	0.00078	0.00389	0.00194	0.00155	0.00466
13	0.00608	0.00532	0.03140	0.03277	0.00734	0.00514	0.00444	0.00997	0.23781	0.01295	0.31263	0.10896	0.19638	0.00728	0.00412	0.00122	0.00231	0.00628	0.00357	0.00402
14	0.13007	0.05583	0.25534	0.00739	0.01081	0.00785	0.00752	0.14132	0.00941	0.15787	0.03786	0.00941	0.00690	0.02672	0.00362	0.00110	0.00381	0.00294	0.00266	0.12158
15	0.00454	0.00324	0.00431	0.00513	0.00538	0.00304	0.00350	0.00522	0.00700	0.00932	0.01975	0.79493	0.02355	0.03496	0.00504	0.00154	0.00222	0.06103	0.00334	0.00296
16	0.00520	0.00386	0.00567	0.00567	0.00626	0.00445	0.00433	0.00638	0.00579	0.00831	0.00989	0.01516	0.00947	0.10585	0.77980	0.00563	0.00916	0.00402	0.00197	0.00315

[dist]
# distance from previous block
# <min> <max>
0	1

[block]
# block no. 4 follows, 76 sequences, length 8
# corresponding to MSA columns:
# 198-205
name=unknown_E
#
# <colnr> <probs for GDERKNQSTAVLIFYWHMCP>
#	G	D	E	R	K	N	Q	S	T	A	V	L	I	F	Y	W	H	M	C	P
0	0.04424	0.03123	0.07146	0.18686	0.18234	0.14751	0.05926	0.02579	0.00824	0.01103	0.00647	0.00831	0.00520	0.00381	0.02076	0.00108	0.00470	0.00284	0.00187	0.17699
1	0.48778	0.04180	0.00902	0.08481	0.19471	0.07878	0.00651	0.03771	0.00748	0.01401	0.00574	0.00706	0.00458	0.00342	0.00280	0.00109	0.00371	0.00243	0.00208	0.00447
2	0.00903	0.00917	0.01495	0.07769	0.10343	0.11198	0.39054	0.02982	0.00879	0.05718	0.01014	0.08396	0.04531	0.00448	0.00404	0.00120	0.00507	0.02630	0.00225	0.00465
3	0.02057	0.15417	0.04918	0.09219	0.07181	0.07264	0.07933	0.04312	0.00821	0.02242	0.02878	0.05893	0.16152	0.01859	0.06241	0.01409	0.01799	0.01757	0.00230	0.00417
4	0.00601	0.00470	0.00578	0.00574	0.00631	0.06496	0.00429	0.00668	0.00600	0.00805	0.00935	0.01504	0.00911	0.10672	0.53902	0.15786	0.00754	0.03196	0.00195	0.00293
5	0.00454	0.00330	0.00430	0.00500	0.00537	0.00306	0.00346	0.00532	0.00735	0.00973	0.07053	0.70385	0.09414	0.01089	0.00461	0.00145	0.00213	0.05455	0.00341	0.00301
6	0.00845	0.12536	0.20790	0.07447	0.03068	0.14525	0.07115	0.02940	0.04425	0.01064	0.04538	0.04122	0.06733	0.00574	0.04936	0.00136	0.03180	0.00365	0.00209	0.00451
7	0.00796	0.03334	0.03456	0.49474	0.16279	0.06870	0.05995	0.01022	0.00777	0.01008	0.00648	0.00903	0.00506	0.00345	0.00353	0.00110	0.00478	0.00310	0.00172	0.07166

[dist]
# distance from previous block
# <min> <max>
1	2

[block]
# block no. 5 follows, 76 sequences, length 41
# corresponding to MSA columns:
# 208-248
name=unknown_F
#
# <colnr> <probs for GDERKNQSTAVLIFYWHMCP>
#	G	D	E	R	K	N	Q	S	T	A	V	L	I	F	Y	W	H	M	C	P
0	0.00903	0.45714	0.17058	0.00833	0.01123	0.04943	0.05977	0.01079	0.00729	0.00934	0.00544	0.00686	0.00473	0.00383	0.00457	0.00104	0.17188	0.00248	0.00159	0.00466
1	0.00454	0.00364	0.00407	0.00418	0.00518	0.00317	0.00312	0.00559	0.00843	0.01058	0.16783	0.15449	0.55136	0.00927	0.00438	0.00127	0.00194	0.05036	0.00348	0.00313
2	0.00539	0.00438	0.00598	0.09233	0.07974	0.00423	0.00465	0.00692	0.00898	0.01206	0.39232	0.08939	0.24229	0.00752	0.00421	0.00121	0.00236	0.02913	0.00334	0.00356
3	0.65627	0.00807	0.00671	0.00572	0.00809	0.05271	0.00468	0.15419	0.00849	0.05767	0.00617	0.00674	0.00461	0.00362	0.00261	0.00111	0.00323	0.00229	0.00258	0.00445
4	0.05223	0.00729	0.00896	0.04149	0.17465	0.00784	0.00641	0.20879	0.18340	0.01531	0.06685	0.05330	0.08470	0.00513	0.00364	0.00114	0.00321	0.00431	0.06633	0.00502
5	0.00545	0.00378	0.00496	0.00462	0.00554	0.00348	0.00348	0.00716	0.01029	0.03770	0.82467	0.02674	0.03360	0.00735	0.00427	0.00114	0.00175	0.00649	0.00401	0.00351
6	0.00679	0.00610	0.00919	0.20690	0.20257	0.03253	0.03404	0.00859	0.00822	0.01113	0.22549	0.01722	0.04850	0.07374	0.07079	0.00170	0.00413	0.02585	0.00247	0.00405
7	0.62614	0.00677	0.00630	0.00530	0.00772	0.00729	0.00437	0.01285	0.00749	0.27398	0.00792	0.00790	0.00550	0.00372	0.00268	0.00112	0.00290	0.00249	0.00294	0.00463
8	0.00597	0.00467	0.00600	0.00583	0.00655	0.03659	0.00442	0.04980	0.00651	0.00900	0.00978	0.01508	0.00937	0.14758	0.66000	0.00508	0.00842	0.00401	0.00207	0.00328
9	0.00473	0.00358	0.00421	0.00439	0.00512	0.00324	0.00314	0.00567	0.00801	0.01039	0.20007	0.22158	0.33031	0.12507	0.00632	0.00160	0.00219	0.05402	0.00335	0.00302
10	0.00754	0.00646	0.00754	0.00538	0.00861	0.00484	0.00431	0.00915	0.00754	0.01184	0.00646	0.00754	0.00538	0.00269	0.00269	0.00054	0.00269	0.00215	0.00215	0.89449
11	0.00599	0.00456	0.00685	0.00685	0.05384	0.00480	0.06171	0.00708	0.01613	0.02964	0.01107	0.08724	0.01138	0.29730	0.34772	0.00383	0.01991	0.01860	0.00223	0.00325
12	0.00527	0.00360	0.00450	0.00453	0.00514	0.00335	0.00316	0.00633	0.00830	0.03323	0.38284	0.23118	0.08333	0.17611	0.00707	0.00168	0.00221	0.00715	0.02793	0.00312
13	0.89794	0.00703	0.00534	0.00478	0.00703	0.00815	0.00394	0.01068	0.00619	0.01631	0.00506	0.00590	0.00394	0.00337	0.00225	0.00112	0.00281	0.00197	0.00225	0.00394
14	0.00534	0.00385	0.00555	0.00576	0.00642	0.00420	0.00455	0.00643	0.00649	0.00890	0.01360	0.05265	0.06587	0.02063	0.52008	0.07792	0.00704	0.17924	0.00236	0.00311
15	0.01816	0.00380	0.00457	0.00446	0.00547	0.00344	0.00341	0.00650	0.00935	0.02198	0.48104	0.05131	0.29960	0.00820	0.00431	0.00122	0.00191	0.06421	0.00371	0.00333
16	0.00903	0.00797	0.00814	0.00734	0.00933	0.04014	0.00569	0.01856	0.77382	0.01494	0.05290	0.01393	0.01193	0.00500	0.00371	0.00122	0.00296	0.00416	0.00364	0.00559
17	0.00434	0.00366	0.00376	0.00378	0.00495	0.00308	0.00282	0.00529	0.00833	0.01003	0.07560	0.06545	0.77813	0.00920	0.00431	0.00123	0.00184	0.00772	0.00341	0.00308
18	0.00736	0.00381	0.00533	0.00534	0.00601	0.00359	0.00390	0.00744	0.00697	0.15380	0.03955	0.28510	0.01478	0.01040	0.00809	0.33636	0.00279	0.09342	0.00291	0.00305
19	0.00579	0.00382	0.00478	0.00502	0.00590	0.00348	0.00379	0.00682	0.00807	0.08527	0.07955	0.31290	0.25956	0.04104	0.00500	0.00146	0.00237	0.15856	0.00347	0.00335
20	0.05879	0.01255	0.01055	0.03998	0.01168	0.36480	0.04507	0.28899	0.08772	0.03371	0.00777	0.00828	0.00587	0.00402	0.00345	0.00105	0.00501	0.00294	0.00269	0.00506
21	0.00857	0.19759	0.46838	0.00866	0.01273	0.00952	0.00997	0.04309	0.09826	0.05239	0.00773	0.00853	0.00582	0.00486	0.04766	0.00132	0.00485	0.00281	0.00202	0.00522
22	0.00751	0.00746	0.00713	0.00658	0.00732	0.18961	0.00497	0.00827	0.00740	0.00912	0.10361	0.01668	0.11596	0.14403	0.12989	0.04865	0.17581	0.00436	0.00229	0.00335
23	0.00748	0.00659	0.00886	0.00802	0.11767	0.00540	0.04855	0.00923	0.00792	0.01194	0.06530	0.01082	0.03340	0.00348	0.00311	0.00073	0.00300	0.02267	0.00228	0.62356
24	0.13872	0.00534	0.00749	0.00742	0.07256	0.02742	0.07411	0.00771	0.00618	0.02949	0.00785	0.01143	0.01959	0.01264	0.20727	0.34128	0.00505	0.01338	0.00193	0.00314
25	0.00597	0.00370	0.00479	0.00508	0.00575	0.00342	0.00363	0.00682	0.00767	0.10169	0.08566	0.48218	0.09791	0.09363	0.00585	0.00160	0.00240	0.07551	0.00343	0.00331
26	0.00854	0.00817	0.01394	0.20074	0.67470	0.00852	0.01093	0.01076	0.00806	0.01133	0.00676	0.00914	0.00556	0.00332	0.00361	0.00111	0.00443	0.00324	0.00176	0.00539
27	0.00626	0.00575	0.06040	0.00629	0.02249	0.00550	0.01209	0.01626	0.16527	0.01017	0.03084	0.02537	0.05142	0.19354	0.33786	0.00347	0.00581	0.01271	0.00247	0.02603
28	0.10595	0.00515	0.00641	0.00556	0.00736	0.00480	0.00439	0.01190	0.02323	0.37788	0.20807	0.13927	0.04965	0.00638	0.00385	0.00120	0.00256	0.02788	0.00389	0.00464
29	0.02843	0.00376	0.00470	0.00511	0.00589	0.00351	0.00387	0.00640	0.00795	0.04185	0.09579	0.38082	0.20312	0.00981	0.00452	0.00141	0.00234	0.18405	0.00344	0.00325
30	0.00463	0.00336	0.00435	0.00503	0.00542	0.00314	0.00353	0.00541	0.00726	0.00955	0.04415	0.63016	0.10932	0.05064	0.00527	0.00156	0.00227	0.09863	0.00333	0.00299
31	0.62648	0.00629	0.00551	0.00491	0.00692	0.00691	0.00393	0.01063	0.00695	0.11920	0.04016	0.05169	0.04541	0.04757	0.00352	0.00127	0.00276	0.00318	0.00270	0.00402
32	0.11176	0.00401	0.00432	0.00441	0.00531	0.00389	0.00317	0.00654	0.01723	0.01992	0.11205	0.22773	0.26853	0.12431	0.00595	0.00156	0.00229	0.02645	0.04742	0.00315
33	0.04675	0.00417	0.00511	0.00551	0.00642	0.00409	0.00433	0.00747	0.05928	0.03197	0.06348	0.28464	0.16814	0.00940	0.00450	0.00144	0.00256	0.28393	0.00339	0.00343
34	0.63149	0.00669	0.00600	0.00514	0.00738	0.00733	0.00418	0.03455	0.00733	0.18378	0.00750	0.00831	0.00559	0.04376	0.00333	0.00123	0.00290	0.00253	0.02663	0.00435
35	0.07627	0.00371	0.00457	0.00509	0.00571	0.00357	0.00363	0.00623	0.00735	0.04094	0.05086	0.61732	0.08045	0.01009	0.00440	0.00142	0.00226	0.06957	0.00335	0.00320
36	0.05488	0.05145	0.00791	0.04803	0.00885	0.00721	0.00533	0.25275	0.06716	0.02861	0.06287	0.16477	0.04403	0.06270	0.01827	0.00147	0.00332	0.10281	0.00319	0.00438
37	0.04076	0.00522	0.00632	0.00550	0.00704	0.00512	0.00432	0.11973	0.03491	0.15106	0.47563	0.03274	0.06146	0.00653	0.00403	0.00116	0.00237	0.02789	0.00391	0.00430
38	0.00493	0.00355	0.00457	0.00512	0.01675	0.00338	0.00353	0.00577	0.00738	0.00984	0.13203	0.40722	0.08325	0.18037	0.00734	0.00184	0.00251	0.11446	0.00320	0.00297
39	0.00515	0.00373	0.00446	0.00471	0.00520	0.00359	0.00318	0.04573	0.00738	0.00971	0.06293	0.40743	0.14967	0.24139	0.01980	0.00201	0.00263	0.01526	0.00309	0.00296
40	0.05506	0.04974	0.01426	0.01091	0.03503	0.09687	0.31508	0.11007	0.19855	0.01339	0.00873	0.00990	0.00673	0.01574	0.00430	0.00120	0.04326	0.00364	0.00247	0.00506

[dist]
# distance from previous block
# <min> <max>
0	362

# created by:
# /home/cegg/simao/soft/augustus-3.2.1/scripts/msa2prfl.pl ./align_prep/EOG092C4ZUJ.fa
