[name]
unknown

[dist]
# distance from previous block
# <min> <max>
2	215

[block]
# block no. 0 follows, 75 sequences, length 16
# corresponding to MSA columns:
# 316-331
name=unknown_A
#
# <colnr> <probs for GDERKNQSTAVLIFYWHMCP>
#	G	D	E	R	K	N	Q	S	T	A	V	L	I	F	Y	W	H	M	C	P
0	0.00836	0.05536	0.00943	0.05206	0.00995	0.06989	0.03939	0.01136	0.15017	0.04127	0.13795	0.01285	0.03718	0.00490	0.00492	0.00108	0.14700	0.00375	0.00266	0.20047
1	0.00879	0.02756	0.03972	0.00649	0.02971	0.05966	0.00520	0.03751	0.00918	0.19768	0.09730	0.08866	0.15965	0.05258	0.00493	0.00140	0.00317	0.16321	0.00341	0.00422
2	0.00750	0.00916	0.17094	0.05513	0.01084	0.09069	0.05689	0.07859	0.03216	0.01174	0.06623	0.24832	0.01433	0.00754	0.02939	0.00144	0.00414	0.09804	0.00273	0.00420
3	0.01199	0.00882	0.04706	0.19785	0.01406	0.08565	0.03950	0.12401	0.13199	0.28506	0.01061	0.01074	0.00736	0.00422	0.00367	0.00116	0.00415	0.00347	0.00319	0.00543
4	0.01140	0.09924	0.15170	0.05120	0.03426	0.45653	0.00822	0.07864	0.00979	0.01060	0.00632	0.00755	0.00511	0.00495	0.04808	0.00126	0.00598	0.00261	0.00194	0.00464
5	0.00558	0.04926	0.00527	0.00455	0.00496	0.00423	0.00305	0.00604	0.00637	0.00866	0.15013	0.03473	0.01565	0.50150	0.13220	0.05342	0.00411	0.00514	0.00244	0.00269
6	0.05396	0.10769	0.57653	0.00875	0.01300	0.00831	0.01060	0.01073	0.00808	0.01208	0.14649	0.01075	0.00963	0.00412	0.00344	0.00112	0.00451	0.00325	0.00201	0.00495
7	0.00805	0.15948	0.53322	0.01029	0.05064	0.04334	0.06559	0.01129	0.00789	0.01095	0.00723	0.03879	0.00595	0.00388	0.00344	0.00112	0.00505	0.02695	0.00172	0.00510
8	0.00606	0.00319	0.00470	0.00484	0.00488	0.00316	0.00323	0.00484	0.00516	0.00688	0.00869	0.15428	0.00937	0.01255	0.01274	0.74430	0.00301	0.00440	0.00190	0.00183
9	0.00515	0.00384	0.00493	0.00556	0.00635	0.00362	0.00448	0.00638	0.00808	0.01031	0.02426	0.24678	0.23616	0.01027	0.00479	0.00152	0.00267	0.40826	0.00340	0.00321
10	0.00880	0.00843	0.01438	0.13646	0.73638	0.00865	0.01113	0.01102	0.00822	0.01164	0.00686	0.00919	0.00569	0.00333	0.00364	0.00111	0.00444	0.00327	0.00179	0.00558
11	0.00645	0.00665	0.14689	0.00685	0.00856	0.00477	0.00655	0.00839	0.00840	0.05830	0.05199	0.10594	0.09628	0.00865	0.00460	0.00149	0.00339	0.45886	0.00317	0.00383
12	0.01472	0.00687	0.00864	0.00672	0.00936	0.00653	0.00551	0.20009	0.01193	0.57282	0.08024	0.01292	0.01053	0.00475	0.00371	0.00112	0.00318	0.00384	0.03059	0.00594
13	0.00912	0.00747	0.00776	0.00690	0.00892	0.02868	0.00538	0.06291	0.58971	0.06093	0.01807	0.01680	0.15009	0.00562	0.00382	0.00122	0.00290	0.00464	0.00368	0.00537
14	0.00918	0.64899	0.23775	0.00738	0.01112	0.01296	0.00820	0.01116	0.00754	0.00943	0.00550	0.00638	0.00470	0.00323	0.00265	0.00088	0.00432	0.00216	0.00157	0.00490
15	0.01376	0.01630	0.01051	0.00929	0.01136	0.71516	0.00708	0.15173	0.01155	0.01135	0.00620	0.00699	0.00498	0.00389	0.00337	0.00097	0.00619	0.00252	0.00219	0.00459

[dist]
# distance from previous block
# <min> <max>
0	3

[block]
# block no. 1 follows, 75 sequences, length 22
# corresponding to MSA columns:
# 335-356
name=unknown_B
#
# <colnr> <probs for GDERKNQSTAVLIFYWHMCP>
#	G	D	E	R	K	N	Q	S	T	A	V	L	I	F	Y	W	H	M	C	P
0	0.01394	0.00692	0.00881	0.00687	0.00950	0.00660	0.02177	0.18242	0.04752	0.51124	0.09532	0.01356	0.02745	0.00485	0.00376	0.00113	0.00319	0.00398	0.00415	0.02702
1	0.05421	0.00887	0.01073	0.12041	0.20984	0.10533	0.01779	0.08028	0.16039	0.18047	0.00976	0.01025	0.00715	0.00404	0.00358	0.00113	0.00410	0.00336	0.00287	0.00544
2	0.01309	0.01619	0.01012	0.00919	0.01111	0.74041	0.00692	0.01533	0.12398	0.00986	0.00694	0.00759	0.00562	0.00395	0.00337	0.00099	0.00612	0.00261	0.00214	0.00447
3	0.01258	0.00944	0.01012	0.00810	0.01077	0.01052	0.00658	0.56371	0.26664	0.04594	0.01085	0.01041	0.00784	0.00459	0.00369	0.00115	0.00367	0.00357	0.00372	0.00612
4	0.00638	0.00319	0.00478	0.00478	0.00478	0.00319	0.00319	0.00478	0.00478	0.00638	0.00638	0.01116	0.00638	0.01276	0.01435	0.89314	0.00319	0.00319	0.00159	0.00159
5	0.01316	0.06690	0.01146	0.00937	0.01155	0.64230	0.04842	0.09354	0.03607	0.02478	0.00646	0.00727	0.00519	0.00382	0.00336	0.00098	0.00602	0.00261	0.00214	0.00459
6	0.00655	0.00456	0.00509	0.00476	0.00524	0.00472	0.00304	0.11916	0.02491	0.00979	0.03161	0.06583	0.01341	0.66875	0.01525	0.00301	0.00349	0.00533	0.00256	0.00292
7	0.04384	0.02470	0.00909	0.00692	0.00968	0.00633	0.03532	0.01752	0.12380	0.66135	0.01380	0.01222	0.00900	0.00449	0.00365	0.00115	0.00321	0.00369	0.00420	0.00604
8	0.00447	0.00320	0.00426	0.00511	0.00533	0.00298	0.00341	0.00511	0.00703	0.00938	0.02024	0.86853	0.02429	0.01151	0.00469	0.00149	0.00213	0.01044	0.00341	0.00298
9	0.00434	0.00372	0.00372	0.00372	0.00496	0.00310	0.00279	0.00527	0.00837	0.00992	0.03721	0.03535	0.84652	0.00930	0.00434	0.00124	0.00186	0.00775	0.00341	0.00310
10	0.00982	0.87313	0.01925	0.00628	0.00943	0.01453	0.00628	0.01100	0.00746	0.00864	0.00511	0.00589	0.00471	0.00314	0.00236	0.00079	0.00393	0.00196	0.00157	0.00471
11	0.00554	0.00599	0.12148	0.00648	0.00778	0.00511	0.00576	0.00722	0.00614	0.00892	0.00943	0.01373	0.00866	0.04321	0.72098	0.00520	0.00909	0.00380	0.00192	0.00355
12	0.00534	0.00356	0.00401	0.00401	0.00401	0.00356	0.00223	0.00534	0.00534	0.00712	0.01157	0.02403	0.01335	0.87092	0.01869	0.00356	0.00356	0.00534	0.00223	0.00223
13	0.00912	0.00789	0.01060	0.00897	0.00960	0.01035	0.00744	0.12221	0.00753	0.06145	0.00638	0.00896	0.00565	0.00784	0.08252	0.00188	0.62182	0.00332	0.00210	0.00439
14	0.01026	0.72461	0.04883	0.00687	0.00993	0.12934	0.00666	0.01152	0.00788	0.00880	0.00524	0.00606	0.00471	0.00324	0.00253	0.00082	0.00435	0.00205	0.00161	0.00468
15	0.03753	0.00397	0.00529	0.00593	0.00665	0.00391	0.00480	0.00692	0.00824	0.01124	0.13213	0.27285	0.02326	0.00993	0.00476	0.00154	0.00278	0.45150	0.00344	0.00330
16	0.01237	0.02751	0.12632	0.00918	0.01224	0.18033	0.04910	0.45053	0.06713	0.01741	0.00815	0.00855	0.00598	0.00411	0.00359	0.00109	0.00478	0.00312	0.00290	0.00562
17	0.00531	0.00410	0.00586	0.00733	0.12048	0.00391	0.00445	0.00639	0.00793	0.01089	0.21129	0.51902	0.02373	0.04532	0.00505	0.00144	0.00240	0.00836	0.00329	0.00345
18	0.00458	0.00330	0.00417	0.00481	0.00511	0.00307	0.00318	0.00516	0.00695	0.00913	0.02091	0.66225	0.11246	0.12872	0.00656	0.00175	0.00230	0.00945	0.00325	0.00289
19	0.00812	0.00774	0.01315	0.40096	0.47718	0.00847	0.01079	0.01042	0.00790	0.01082	0.00674	0.00941	0.00540	0.00345	0.00365	0.00115	0.00460	0.00327	0.00173	0.00503
20	0.00973	0.26531	0.39252	0.00898	0.01285	0.21284	0.00978	0.02951	0.00850	0.01038	0.00599	0.00697	0.00472	0.00348	0.00312	0.00100	0.00525	0.00243	0.00168	0.00496
21	0.47209	0.05486	0.02028	0.00881	0.15342	0.08059	0.00606	0.06411	0.02569	0.05214	0.00639	0.00726	0.00497	0.00353	0.00281	0.00108	0.00361	0.00246	0.00233	0.02750

[dist]
# distance from previous block
# <min> <max>
1	4

[block]
# block no. 2 follows, 75 sequences, length 32
# corresponding to MSA columns:
# 361-392
name=unknown_C
#
# <colnr> <probs for GDERKNQSTAVLIFYWHMCP>
#	G	D	E	R	K	N	Q	S	T	A	V	L	I	F	Y	W	H	M	C	P
0	0.30565	0.02547	0.00913	0.00753	0.00989	0.25396	0.00603	0.29525	0.01124	0.01632	0.00654	0.00718	0.00500	0.00392	0.00326	0.00107	0.02250	0.00258	0.00262	0.00485
1	0.00470	0.00377	0.00422	0.00421	0.00532	0.00329	0.00323	0.00591	0.00893	0.01131	0.25558	0.03369	0.55951	0.00888	0.00440	0.00125	0.00195	0.07305	0.00358	0.00322
2	0.01372	0.01750	0.01041	0.00946	0.01135	0.85618	0.00710	0.01467	0.01041	0.00899	0.00568	0.00662	0.00473	0.00378	0.00331	0.00095	0.00662	0.00237	0.00189	0.00426
3	0.00534	0.00356	0.00401	0.00401	0.00401	0.00356	0.00223	0.00534	0.00534	0.00712	0.01157	0.02403	0.01335	0.87092	0.01869	0.00356	0.00356	0.00534	0.00223	0.00223
4	0.00867	0.00991	0.02167	0.01548	0.01920	0.00929	0.83467	0.01176	0.00867	0.01176	0.00743	0.00991	0.00557	0.00310	0.00433	0.00124	0.00619	0.00433	0.00186	0.00495
5	0.00841	0.00806	0.01354	0.25295	0.55377	0.00877	0.01072	0.01056	0.00786	0.01102	0.00664	0.00920	0.00548	0.00364	0.00432	0.00117	0.07367	0.00327	0.00175	0.00519
6	0.01648	0.00625	0.00852	0.00653	0.00938	0.00540	0.00540	0.01790	0.01051	0.85056	0.01449	0.01250	0.00909	0.00455	0.00369	0.00114	0.00313	0.00369	0.00455	0.00625
7	0.01396	0.01029	0.01102	0.00845	0.01139	0.01139	0.00698	0.83577	0.01727	0.02315	0.00882	0.00882	0.00625	0.00441	0.00367	0.00110	0.00404	0.00331	0.00367	0.00625
8	0.00915	0.00428	0.00503	0.02435	0.00622	0.00403	0.00354	0.01074	0.00858	0.23517	0.04211	0.01548	0.07739	0.00485	0.00309	0.00098	0.00217	0.00395	0.53473	0.00416
9	0.00882	0.00756	0.00803	0.00724	0.00922	0.00868	0.00562	0.01850	0.77454	0.01531	0.08180	0.01481	0.01310	0.00519	0.00378	0.00124	0.00281	0.00435	0.00376	0.00562
10	0.00447	0.00320	0.00426	0.00511	0.00533	0.00298	0.00341	0.00511	0.00703	0.00938	0.02024	0.86853	0.02429	0.01151	0.00469	0.00149	0.00213	0.01044	0.00341	0.00298
11	0.00975	0.85051	0.04130	0.00640	0.00960	0.01437	0.00648	0.01101	0.00747	0.00872	0.00515	0.00594	0.00471	0.00315	0.00239	0.00080	0.00397	0.00198	0.00157	0.00473
12	0.89687	0.00710	0.00540	0.00483	0.00710	0.00824	0.00398	0.01080	0.00625	0.01648	0.00511	0.00597	0.00398	0.00341	0.00227	0.00114	0.00284	0.00199	0.00227	0.00398
13	0.00685	0.00342	0.00342	0.00342	0.00428	0.00342	0.00257	0.00856	0.00770	0.01369	0.01198	0.01369	0.00941	0.00428	0.00257	0.00086	0.00171	0.00342	0.89131	0.00342
14	0.00520	0.00380	0.00491	0.00476	0.00566	0.00351	0.00366	0.00686	0.01002	0.01393	0.69185	0.02954	0.10380	0.00793	0.00441	0.00122	0.00191	0.08969	0.00392	0.00343
15	0.00909	0.00873	0.01491	0.02254	0.84801	0.00873	0.01127	0.01127	0.00836	0.01200	0.00691	0.00909	0.00582	0.00327	0.00364	0.00109	0.00436	0.00327	0.00182	0.00582
16	0.00445	0.00372	0.00387	0.00383	0.00503	0.00315	0.00287	0.00548	0.00862	0.01052	0.13771	0.03436	0.74565	0.00908	0.00434	0.00123	0.00184	0.00761	0.00349	0.00315
17	0.00555	0.00373	0.00560	0.00560	0.00608	0.00421	0.00421	0.00608	0.00560	0.00794	0.00890	0.01354	0.00842	0.02354	0.62813	0.24640	0.00804	0.00373	0.00187	0.00282
18	0.01090	0.00877	0.00930	0.00783	0.01022	0.00996	0.00624	0.31881	0.53921	0.01822	0.01270	0.01191	0.00939	0.00477	0.00371	0.00119	0.00332	0.00384	0.00371	0.00597
19	0.03130	0.01057	0.01060	0.00839	0.01110	0.08243	0.00683	0.65875	0.09532	0.02085	0.00900	0.00903	0.00653	0.00442	0.00375	0.00111	0.01731	0.00328	0.00347	0.00596
20	0.00694	0.00653	0.01102	0.86210	0.02530	0.00816	0.01020	0.00938	0.00734	0.00938	0.00653	0.00979	0.00490	0.00367	0.00367	0.00122	0.00490	0.00326	0.00163	0.00408
21	0.00510	0.00375	0.00477	0.00451	0.00542	0.00342	0.00339	0.00673	0.01016	0.01416	0.74986	0.02838	0.13123	0.00772	0.00433	0.00117	0.00175	0.00677	0.00397	0.00342
22	0.00966	0.81809	0.07291	0.00655	0.00984	0.01415	0.00675	0.01104	0.00748	0.00883	0.00520	0.00601	0.00471	0.00316	0.00243	0.00081	0.00402	0.00201	0.00157	0.00476
23	0.01396	0.01029	0.01102	0.00845	0.01139	0.01139	0.00698	0.83577	0.01727	0.02315	0.00882	0.00882	0.00625	0.00441	0.00367	0.00110	0.00404	0.00331	0.00367	0.00625
24	0.00690	0.00412	0.00545	0.00492	0.00608	0.00375	0.00376	0.00856	0.01035	0.14173	0.70288	0.04220	0.03056	0.00714	0.00424	0.00116	0.00195	0.00627	0.00411	0.00388
25	0.13580	0.02581	0.00795	0.00622	0.00867	0.00621	0.00510	0.04711	0.06150	0.51844	0.10657	0.01375	0.01147	0.00485	0.00357	0.00115	0.00298	0.02335	0.00400	0.00549
26	0.01012	0.07857	0.02758	0.00762	0.00993	0.07185	0.00618	0.10811	0.56809	0.03508	0.02916	0.01213	0.00994	0.00469	0.00359	0.00116	0.00342	0.00376	0.00340	0.00561
27	0.00746	0.05270	0.81904	0.01030	0.01564	0.00877	0.01328	0.01161	0.00774	0.01151	0.00653	0.00768	0.00465	0.00348	0.00344	0.00115	0.00537	0.00268	0.00155	0.00540
28	0.00985	0.00773	0.00833	0.00738	0.00953	0.00877	0.00577	0.01936	0.76064	0.09652	0.01490	0.01359	0.01101	0.00494	0.00373	0.00124	0.00293	0.00411	0.00382	0.00586
29	0.71112	0.10826	0.00758	0.00562	0.02657	0.00911	0.00460	0.05591	0.00711	0.02931	0.00551	0.00629	0.00431	0.00345	0.00241	0.00109	0.00307	0.00211	0.00229	0.00427
30	0.00871	0.00831	0.01401	0.11664	0.70975	0.00843	0.01075	0.01088	0.00822	0.01167	0.00738	0.00958	0.02044	0.00340	0.00362	0.00109	0.00432	0.00331	0.00184	0.03765
31	0.00482	0.00345	0.00451	0.00523	0.00555	0.00329	0.00354	0.03514	0.00740	0.00987	0.01983	0.83745	0.02364	0.01125	0.00465	0.00148	0.00220	0.01018	0.00342	0.00310

[dist]
# distance from previous block
# <min> <max>
35	113

[block]
# block no. 3 follows, 75 sequences, length 24
# corresponding to MSA columns:
# 533-544,546-557
name=unknown_D
#
# <colnr> <probs for GDERKNQSTAVLIFYWHMCP>
#	G	D	E	R	K	N	Q	S	T	A	V	L	I	F	Y	W	H	M	C	P
0	0.00462	0.00347	0.00431	0.00491	0.00540	0.00322	0.00337	0.00567	0.03543	0.00981	0.04304	0.65890	0.18279	0.01077	0.00458	0.00143	0.00210	0.00962	0.00344	0.00311
1	0.00534	0.00368	0.00441	0.00479	0.03258	0.00365	0.00270	0.00551	0.00568	0.00761	0.01265	0.14339	0.01465	0.71977	0.01620	0.00318	0.00338	0.00600	0.00238	0.00245
2	0.00875	0.01009	0.13352	0.05847	0.69303	0.00867	0.01155	0.01124	0.00823	0.01183	0.00685	0.00893	0.00561	0.00332	0.00362	0.00111	0.00454	0.00319	0.00177	0.00568
3	0.00872	0.00840	0.01399	0.10754	0.64394	0.00903	0.01070	0.01073	0.00787	0.01128	0.00657	0.00901	0.00558	0.00376	0.00483	0.00118	0.12645	0.00326	0.00177	0.00538
4	0.01175	0.00619	0.00766	0.00660	0.00870	0.00614	0.00524	0.01589	0.27109	0.41242	0.03086	0.13606	0.01297	0.00600	0.00393	0.00125	0.00290	0.04484	0.00406	0.00546
5	0.01034	0.00627	0.00724	0.00624	0.00800	0.00645	0.00487	0.28851	0.02683	0.16649	0.01381	0.25900	0.01262	0.00647	0.00378	0.00118	0.00290	0.00548	0.15871	0.00480
6	0.02615	0.00647	0.02064	0.12791	0.01138	0.00607	0.00606	0.06303	0.02428	0.55082	0.10633	0.01344	0.01110	0.00472	0.00374	0.00115	0.00330	0.00391	0.00394	0.00558
7	0.00974	0.65297	0.16951	0.00722	0.01070	0.05727	0.00763	0.01147	0.00774	0.02912	0.00563	0.00642	0.00481	0.00327	0.00264	0.00087	0.00432	0.00216	0.00165	0.00486
8	0.00534	0.00356	0.00401	0.00401	0.00401	0.00356	0.00223	0.00534	0.00534	0.00712	0.01157	0.02403	0.01335	0.87092	0.01869	0.00356	0.00356	0.00534	0.00223	0.00223
9	0.00972	0.75045	0.01863	0.00859	0.12844	0.01371	0.00699	0.01104	0.00759	0.00912	0.00536	0.00635	0.00487	0.00316	0.00254	0.00083	0.00399	0.00215	0.00161	0.00487
10	0.00737	0.01900	0.85189	0.01047	0.01590	0.00853	0.01357	0.01163	0.00775	0.01163	0.00659	0.00775	0.00465	0.00349	0.00349	0.00116	0.00543	0.00271	0.00155	0.00543
11	0.85741	0.04563	0.00601	0.00489	0.00721	0.00852	0.00408	0.01081	0.00630	0.01613	0.00511	0.00596	0.00401	0.00340	0.00228	0.00112	0.00289	0.00199	0.00224	0.00401
12	0.77097	0.13002	0.00736	0.00504	0.00743	0.00913	0.00430	0.01082	0.00642	0.01537	0.00511	0.00596	0.00408	0.00337	0.00228	0.00109	0.00300	0.00199	0.00217	0.00408
13	0.01488	0.00700	0.00878	0.00688	0.00963	0.00666	0.00563	0.12008	0.12920	0.60552	0.01363	0.01208	0.00894	0.00454	0.00367	0.00113	0.00320	0.00367	0.00426	0.03064
14	0.09546	0.00818	0.01340	0.17203	0.50752	0.00859	0.06691	0.02781	0.00818	0.02560	0.00699	0.00940	0.00569	0.00351	0.00369	0.00114	0.01549	0.01324	0.00193	0.00523
15	0.64158	0.00802	0.00702	0.00588	0.00834	0.00915	0.00485	0.24933	0.00944	0.01841	0.00618	0.00679	0.00463	0.00370	0.00268	0.00113	0.00319	0.00237	0.00268	0.00463
16	0.00453	0.00328	0.00424	0.00499	0.00530	0.00304	0.00337	0.00519	0.00712	0.00938	0.02139	0.74867	0.09483	0.04052	0.00514	0.00154	0.00219	0.02891	0.00337	0.00298
17	0.00447	0.00320	0.00426	0.00511	0.00533	0.00298	0.00341	0.00511	0.00703	0.00938	0.02024	0.86853	0.02429	0.01151	0.00469	0.00149	0.00213	0.01044	0.00341	0.00298
18	0.00510	0.00366	0.00498	0.00581	0.00632	0.00353	0.00450	0.00621	0.00769	0.01010	0.02027	0.48741	0.04112	0.01086	0.00485	0.00157	0.00267	0.36679	0.00340	0.00316
19	0.01273	0.01550	0.01058	0.00945	0.01105	0.66805	0.00726	0.05160	0.00988	0.00962	0.00567	0.00697	0.00482	0.00428	0.00487	0.00107	0.15781	0.00256	0.00192	0.00431
20	0.00797	0.00724	0.00913	0.00814	0.00883	0.02479	0.00657	0.05103	0.15424	0.02061	0.02096	0.13376	0.03890	0.00699	0.00823	0.00147	0.44644	0.03792	0.00254	0.00426
21	0.00447	0.00320	0.00426	0.00511	0.00533	0.00298	0.00341	0.00511	0.00703	0.00938	0.02024	0.86853	0.02429	0.01151	0.00469	0.00149	0.00213	0.01044	0.00341	0.00298
22	0.08391	0.02106	0.01002	0.00983	0.12872	0.15195	0.00699	0.25696	0.01107	0.06691	0.00922	0.01288	0.00788	0.02070	0.00444	0.00122	0.05992	0.10579	0.02553	0.00499
23	0.00524	0.00372	0.00428	0.00425	0.00520	0.00332	0.00311	0.00610	0.02112	0.03023	0.15378	0.10366	0.46227	0.00933	0.00570	0.12782	0.00209	0.00685	0.03889	0.00306

[dist]
# distance from previous block
# <min> <max>
2	6

[block]
# block no. 4 follows, 75 sequences, length 18
# corresponding to MSA columns:
# 564-581
name=unknown_E
#
# <colnr> <probs for GDERKNQSTAVLIFYWHMCP>
#	G	D	E	R	K	N	Q	S	T	A	V	L	I	F	Y	W	H	M	C	P
0	0.03553	0.05495	0.12570	0.02202	0.07718	0.12325	0.11200	0.18533	0.09586	0.04023	0.03982	0.00971	0.00722	0.00450	0.01883	0.00121	0.03554	0.00335	0.00255	0.00522
1	0.51398	0.00587	0.00548	0.00520	0.00697	0.00639	0.00421	0.01004	0.00716	0.09198	0.01093	0.12819	0.02639	0.00568	0.00316	0.00125	0.00277	0.11510	0.04533	0.00393
2	0.00721	0.00642	0.01034	0.64957	0.08082	0.00768	0.00909	0.00972	0.04697	0.02613	0.00767	0.01156	0.00628	0.09962	0.00533	0.00147	0.00458	0.00354	0.00187	0.00412
3	0.00510	0.00408	0.02490	0.00428	0.00540	0.00344	0.00335	0.00657	0.00924	0.01265	0.41524	0.02855	0.35048	0.00776	0.00412	0.00116	0.00187	0.00663	0.10184	0.00337
4	0.00530	0.00380	0.00473	0.00454	0.00552	0.00343	0.00342	0.00679	0.00976	0.03594	0.58599	0.06223	0.21885	0.00806	0.00435	0.00120	0.00186	0.02692	0.00387	0.00344
5	0.00540	0.00363	0.00422	0.00431	0.00440	0.00363	0.00263	0.00559	0.00569	0.00755	0.01244	0.02596	0.01421	0.77574	0.01719	0.00335	0.00354	0.09579	0.00235	0.00235
6	0.00950	0.77731	0.01834	0.10092	0.01118	0.01383	0.00672	0.01082	0.00745	0.00872	0.00526	0.00632	0.00473	0.00320	0.00250	0.00083	0.00403	0.00211	0.00158	0.00464
7	0.04454	0.00703	0.00841	0.00680	0.00924	0.00701	0.00549	0.22086	0.08817	0.41917	0.01409	0.10679	0.03473	0.00542	0.00377	0.00118	0.00318	0.00444	0.00401	0.00567
8	0.08187	0.05190	0.00985	0.00739	0.01012	0.00966	0.00608	0.41889	0.16999	0.06940	0.00978	0.01005	0.00728	0.00430	0.00343	0.00107	0.00351	0.01812	0.00335	0.10395
9	0.12366	0.46520	0.01328	0.00608	0.00861	0.01097	0.00553	0.07850	0.05421	0.03448	0.02450	0.01175	0.06814	0.03491	0.00346	0.00108	0.00349	0.04527	0.00233	0.00455
10	0.01057	0.26426	0.11391	0.04016	0.10019	0.04794	0.00767	0.13559	0.07325	0.10811	0.05754	0.00968	0.00782	0.00399	0.00329	0.00103	0.00403	0.00310	0.00257	0.00529
11	0.00991	0.14088	0.02866	0.02255	0.16530	0.00807	0.04506	0.07635	0.03501	0.15866	0.12113	0.01336	0.03030	0.00460	0.00380	0.00107	0.02705	0.03189	0.00286	0.07349
12	0.12962	0.04677	0.06497	0.02026	0.05818	0.05703	0.03622	0.16806	0.04428	0.05876	0.05284	0.06818	0.04720	0.02249	0.02895	0.00133	0.00384	0.03747	0.01775	0.03581
13	0.07339	0.20650	0.08464	0.02471	0.16600	0.06641	0.06133	0.01201	0.08126	0.06864	0.04066	0.03340	0.03715	0.00417	0.00345	0.00107	0.01542	0.00341	0.00231	0.01405
14	0.09267	0.05261	0.09728	0.04790	0.07827	0.04673	0.12436	0.07655	0.04816	0.10287	0.08593	0.03141	0.01685	0.02873	0.00406	0.00121	0.00405	0.02876	0.01529	0.01630
15	0.05202	0.08229	0.22342	0.00869	0.04084	0.03158	0.05029	0.08941	0.12562	0.13674	0.03779	0.05048	0.03085	0.00459	0.00372	0.00115	0.01873	0.00374	0.00278	0.00524
16	0.05960	0.14274	0.15744	0.03506	0.09192	0.02245	0.02434	0.03478	0.07055	0.15273	0.02875	0.03725	0.03913	0.00446	0.00352	0.00110	0.01284	0.02759	0.00263	0.05113
17	0.19379	0.11927	0.20383	0.00834	0.05836	0.05167	0.02981	0.05913	0.05509	0.06005	0.03554	0.03676	0.01836	0.00416	0.00323	0.00109	0.00396	0.01670	0.00238	0.03848

[dist]
# distance from previous block
# <min> <max>
116	295

[block]
# block no. 5 follows, 75 sequences, length 13
# corresponding to MSA columns:
# 991-1003
name=unknown_F
#
# <colnr> <probs for GDERKNQSTAVLIFYWHMCP>
#	G	D	E	R	K	N	Q	S	T	A	V	L	I	F	Y	W	H	M	C	P
0	0.14700	0.09410	0.14760	0.10666	0.01116	0.05840	0.00696	0.01990	0.02469	0.05124	0.02093	0.05904	0.00936	0.07115	0.00464	0.00136	0.00394	0.11703	0.00237	0.04247
1	0.13656	0.20178	0.24671	0.00827	0.01130	0.01026	0.03372	0.07581	0.00796	0.05183	0.00642	0.00771	0.00510	0.00472	0.02973	0.00129	0.15129	0.00271	0.00200	0.00485
2	0.08776	0.09232	0.28284	0.03198	0.08556	0.05102	0.10730	0.06518	0.02287	0.08464	0.00739	0.00852	0.00551	0.00416	0.02123	0.00123	0.03019	0.00300	0.00214	0.00516
3	0.14744	0.28203	0.07417	0.02134	0.02700	0.17752	0.02773	0.03365	0.00807	0.01081	0.00750	0.11812	0.00722	0.00459	0.00344	0.00106	0.03850	0.00339	0.00205	0.00437
4	0.00572	0.00426	0.00549	0.00559	0.00633	0.00435	0.00432	0.00678	0.00796	0.04825	0.10972	0.29235	0.22622	0.00940	0.00544	0.00142	0.10290	0.14679	0.00331	0.00340
5	0.00510	0.00352	0.00459	0.00513	0.00543	0.00344	0.00360	0.00568	0.00674	0.00892	0.01711	0.40278	0.03676	0.22799	0.03911	0.05315	0.00306	0.16215	0.00295	0.00280
6	0.05804	0.19568	0.15011	0.00738	0.01040	0.07433	0.00705	0.15822	0.01035	0.17861	0.10606	0.01059	0.00929	0.00427	0.00334	0.00105	0.00393	0.00324	0.00288	0.00519
7	0.00526	0.00442	0.03793	0.00593	0.00670	0.00455	0.00473	0.00657	0.00606	0.00867	0.01079	0.09733	0.01063	0.05676	0.70981	0.00521	0.00869	0.00457	0.00210	0.00329
8	0.00570	0.00403	0.00453	0.00452	0.00478	0.00416	0.00276	0.00697	0.10308	0.00830	0.01281	0.10470	0.01416	0.68654	0.01559	0.00309	0.00335	0.00570	0.00252	0.00272
9	0.00956	0.77199	0.01789	0.00619	0.00934	0.01341	0.00606	0.01079	0.00748	0.00903	0.00527	0.00609	0.00480	0.00309	0.00240	0.00076	0.00379	0.00199	0.00164	0.10843
10	0.03562	0.05825	0.10362	0.02596	0.16317	0.04008	0.23608	0.05710	0.01940	0.08677	0.00819	0.01089	0.00670	0.10481	0.00566	0.00143	0.02547	0.00365	0.00221	0.00493
11	0.16321	0.00873	0.00915	0.12051	0.04018	0.14182	0.02295	0.07312	0.08848	0.24923	0.02161	0.01004	0.00716	0.00463	0.02253	0.00123	0.00414	0.00320	0.00300	0.00507
12	0.03935	0.00390	0.00521	0.00546	0.00607	0.00386	0.02242	0.00645	0.00718	0.03138	0.06439	0.39087	0.04447	0.13288	0.10596	0.00227	0.00351	0.11815	0.00306	0.00316

[dist]
# distance from previous block
# <min> <max>
5	11

[block]
# block no. 6 follows, 75 sequences, length 7
# corresponding to MSA columns:
# 1016-1022
name=unknown_G
#
# <colnr> <probs for GDERKNQSTAVLIFYWHMCP>
#	G	D	E	R	K	N	Q	S	T	A	V	L	I	F	Y	W	H	M	C	P
0	0.65181	0.00845	0.00669	0.00585	0.00814	0.08586	0.00473	0.10031	0.07362	0.01642	0.00634	0.00694	0.00486	0.00367	0.00263	0.00112	0.00332	0.00233	0.00250	0.00439
1	0.00847	0.00649	0.00858	0.08794	0.08654	0.00571	0.00572	0.01010	0.00787	0.10769	0.00849	0.07637	0.00730	0.00391	0.00353	0.00084	0.03717	0.00324	0.00244	0.52158
2	0.18304	0.06389	0.53460	0.00891	0.01318	0.08589	0.01042	0.01192	0.00778	0.03990	0.00640	0.00735	0.00468	0.00352	0.00318	0.00112	0.00487	0.00253	0.00182	0.00502
3	0.01033	0.00879	0.01026	0.00877	0.00964	0.13117	0.00716	0.01131	0.00729	0.17411	0.00716	0.00911	0.00592	0.00701	0.06256	0.00169	0.51779	0.00323	0.00225	0.00444
4	0.00662	0.00385	0.00534	0.00491	0.00555	0.00352	0.00342	0.00566	0.00534	0.00748	0.00641	0.01047	0.00620	0.01079	0.01207	0.71788	0.00310	0.00299	0.00171	0.17670
5	0.04297	0.00698	0.01132	0.28795	0.38489	0.00749	0.00910	0.00979	0.00835	0.01187	0.17149	0.01279	0.01111	0.00424	0.00373	0.00115	0.00396	0.00388	0.00221	0.00472
6	0.00719	0.00687	0.00608	0.00581	0.00708	0.17134	0.00447	0.06031	0.00976	0.01187	0.22961	0.08285	0.27505	0.00770	0.00420	0.00122	0.00309	0.09856	0.00328	0.00364

[dist]
# distance from previous block
# <min> <max>
0	5

[block]
# block no. 7 follows, 75 sequences, length 8
# corresponding to MSA columns:
# 1028-1035
name=unknown_H
#
# <colnr> <probs for GDERKNQSTAVLIFYWHMCP>
#	G	D	E	R	K	N	Q	S	T	A	V	L	I	F	Y	W	H	M	C	P
0	0.00855	0.00745	0.01183	0.52028	0.02019	0.00872	0.09799	0.09066	0.07693	0.05521	0.00784	0.01006	0.00583	0.00401	0.00428	0.00124	0.05865	0.00348	0.00218	0.00463
1	0.00961	0.00886	0.01126	0.37346	0.19227	0.13201	0.00899	0.07859	0.04641	0.06752	0.00841	0.01016	0.02866	0.00394	0.00363	0.00114	0.00468	0.00333	0.00221	0.00484
2	0.03168	0.00437	0.00528	0.03898	0.00674	0.00423	0.00386	0.02308	0.04711	0.07276	0.13027	0.22842	0.22004	0.09637	0.03534	0.00167	0.00273	0.02022	0.00330	0.02354
3	0.00817	0.00727	0.01176	0.14948	0.40433	0.00749	0.03994	0.02937	0.00861	0.03953	0.11213	0.01368	0.05850	0.00451	0.00412	0.00115	0.03728	0.02071	0.00233	0.03965
4	0.03790	0.12973	0.07889	0.13835	0.20826	0.07590	0.04843	0.02958	0.00840	0.05917	0.02550	0.01097	0.03074	0.00409	0.00373	0.00110	0.02994	0.03762	0.00212	0.03958
5	0.05705	0.03610	0.01014	0.09177	0.19428	0.09614	0.00718	0.04220	0.07130	0.13551	0.05252	0.01274	0.04459	0.02567	0.00437	0.00119	0.04698	0.02794	0.00268	0.03963
6	0.06494	0.06740	0.01005	0.08015	0.15281	0.14063	0.02753	0.03313	0.05176	0.07421	0.02853	0.08516	0.07028	0.01735	0.01778	0.00121	0.00405	0.01327	0.00253	0.05722
7	0.02829	0.04925	0.07383	0.08113	0.17797	0.10093	0.05538	0.07907	0.04642	0.08850	0.03605	0.09123	0.00866	0.00453	0.00362	0.00110	0.00418	0.00390	0.00252	0.06344

[dist]
# distance from previous block
# <min> <max>
2	43

[block]
# block no. 8 follows, 75 sequences, length 18
# corresponding to MSA columns:
# 1079-1096
name=unknown_I
#
# <colnr> <probs for GDERKNQSTAVLIFYWHMCP>
#	G	D	E	R	K	N	Q	S	T	A	V	L	I	F	Y	W	H	M	C	P
0	0.01642	0.03502	0.11077	0.01015	0.17118	0.02285	0.02588	0.02738	0.15441	0.17044	0.03530	0.03474	0.04856	0.00442	0.00357	0.00108	0.00359	0.00376	0.00289	0.11759
1	0.02419	0.00795	0.03683	0.22488	0.29420	0.00810	0.04398	0.06649	0.03346	0.07070	0.02920	0.03715	0.00718	0.00405	0.00399	0.00114	0.03910	0.00358	0.00227	0.06157
2	0.01013	0.02848	0.03367	0.04391	0.21565	0.03515	0.09736	0.09823	0.13778	0.11602	0.02486	0.01096	0.02469	0.00449	0.01998	0.00119	0.01654	0.00358	0.00273	0.07462
3	0.00828	0.00756	0.01206	0.38931	0.33169	0.00846	0.00980	0.07298	0.03605	0.01189	0.05304	0.01051	0.00718	0.00389	0.00387	0.00117	0.02180	0.00348	0.00206	0.00492
4	0.00904	0.00943	0.08504	0.10213	0.50348	0.05348	0.02174	0.01148	0.02839	0.04838	0.02452	0.01001	0.02356	0.00363	0.00361	0.00109	0.00438	0.00333	0.00204	0.05126
5	0.00879	0.06943	0.29515	0.05473	0.29702	0.00898	0.07934	0.05364	0.02165	0.03162	0.00709	0.00861	0.00546	0.00343	0.00353	0.00110	0.00473	0.00307	0.00191	0.04074
6	0.00918	0.00867	0.03690	0.07104	0.62836	0.00842	0.05074	0.01137	0.00830	0.05542	0.00722	0.00921	0.00584	0.00341	0.00384	0.00110	0.02657	0.00328	0.00196	0.04916
7	0.01955	0.05020	0.38745	0.01093	0.09770	0.00841	0.10673	0.03887	0.08729	0.08183	0.02980	0.03337	0.02320	0.00409	0.00366	0.00116	0.00459	0.00356	0.00229	0.00534
8	0.02228	0.06906	0.05686	0.00804	0.04618	0.02177	0.09587	0.02282	0.06634	0.12414	0.04974	0.01742	0.03999	0.01746	0.00397	0.00100	0.04001	0.00341	0.00261	0.29103
9	0.00694	0.00623	0.06454	0.00607	0.03333	0.04764	0.02004	0.03944	0.03289	0.04097	0.06804	0.07217	0.04465	0.45041	0.01147	0.00238	0.00359	0.00511	0.00257	0.04154
10	0.00860	0.01010	0.27436	0.00864	0.06697	0.00681	0.01645	0.04671	0.12222	0.13325	0.05905	0.11338	0.05764	0.03682	0.00439	0.00130	0.00373	0.02166	0.00291	0.00498
11	0.00449	0.00366	0.00392	0.00399	0.00501	0.00315	0.00291	0.00543	0.00829	0.01024	0.12042	0.12886	0.62770	0.04923	0.00504	0.00137	0.00196	0.00783	0.00342	0.00309
12	0.01007	0.71234	0.05763	0.00671	0.00988	0.06945	0.00662	0.02881	0.00793	0.02258	0.00549	0.00626	0.00484	0.00324	0.00254	0.00082	0.00412	0.00209	0.00171	0.03688
13	0.00530	0.00354	0.00402	0.00406	0.00407	0.00353	0.00228	0.00533	0.00542	0.00723	0.01199	0.06433	0.01387	0.82991	0.01803	0.00346	0.00349	0.00558	0.00228	0.00226
14	0.06350	0.03688	0.01326	0.03638	0.00707	0.00560	0.00419	0.10139	0.03571	0.04138	0.02218	0.23446	0.03397	0.29652	0.00903	0.00206	0.01795	0.03209	0.00285	0.00354
15	0.08070	0.12093	0.07693	0.00922	0.06944	0.07333	0.06463	0.18755	0.12499	0.11631	0.00898	0.01787	0.00674	0.00409	0.00359	0.00110	0.02217	0.00322	0.00281	0.00540
16	0.00760	0.09661	0.12650	0.03349	0.00979	0.02526	0.02802	0.02494	0.03036	0.03590	0.02690	0.12450	0.06388	0.04028	0.00400	0.00106	0.00339	0.00412	0.00242	0.31099
17	0.01931	0.21882	0.13140	0.00709	0.02132	0.08214	0.00643	0.03814	0.04477	0.02924	0.05818	0.20782	0.01210	0.01498	0.00370	0.00113	0.00367	0.03561	0.00252	0.06162

[dist]
# distance from previous block
# <min> <max>
20	49

[block]
# block no. 9 follows, 75 sequences, length 10
# corresponding to MSA columns:
# 1156-1165
name=unknown_J
#
# <colnr> <probs for GDERKNQSTAVLIFYWHMCP>
#	G	D	E	R	K	N	Q	S	T	A	V	L	I	F	Y	W	H	M	C	P
0	0.03614	0.02357	0.06479	0.12657	0.08559	0.14369	0.00768	0.20185	0.10470	0.05704	0.01011	0.03268	0.03434	0.00468	0.00376	0.00116	0.01524	0.03860	0.00273	0.00507
1	0.00840	0.11296	0.12434	0.11365	0.28882	0.02044	0.02532	0.05930	0.00840	0.01150	0.00836	0.08529	0.00768	0.00448	0.00380	0.00113	0.02591	0.03978	0.00206	0.04837
2	0.13404	0.12127	0.12624	0.00765	0.01064	0.09753	0.00701	0.24463	0.09019	0.04986	0.00810	0.02368	0.00623	0.00401	0.00322	0.00105	0.00406	0.00294	0.00269	0.05496
3	0.00816	0.10913	0.07179	0.31753	0.07171	0.04537	0.05861	0.01046	0.03520	0.03652	0.03600	0.03425	0.00716	0.02265	0.00472	0.00123	0.09193	0.00350	0.02965	0.00443
4	0.00986	0.01095	0.00978	0.02996	0.02521	0.34734	0.02272	0.01111	0.03617	0.00917	0.00675	0.00964	0.00615	0.06859	0.07693	0.02237	0.26590	0.00315	0.02430	0.00397
5	0.00575	0.00462	0.00650	0.04862	0.03139	0.00465	0.05567	0.00809	0.11577	0.01106	0.09186	0.49839	0.04760	0.00878	0.00433	0.00135	0.00262	0.00796	0.04130	0.00367
6	0.00447	0.00323	0.00423	0.00503	0.00531	0.00299	0.00337	0.00512	0.00711	0.00941	0.02122	0.82055	0.07163	0.01138	0.00467	0.00148	0.00212	0.01029	0.00341	0.00299
7	0.00782	0.05731	0.00833	0.00558	0.00879	0.00566	0.00453	0.00983	0.04630	0.01193	0.00684	0.00780	0.00567	0.00285	0.00275	0.00059	0.00280	0.00226	0.00221	0.80018
8	0.00931	0.59180	0.17269	0.00806	0.05972	0.03706	0.00785	0.01114	0.00766	0.00958	0.00558	0.00654	0.00481	0.00321	0.00269	0.00087	0.00424	0.00220	0.00162	0.05335
9	0.00982	0.87313	0.01925	0.00628	0.00943	0.01453	0.00628	0.01100	0.00746	0.00864	0.00511	0.00589	0.00471	0.00314	0.00236	0.00079	0.00393	0.00196	0.00157	0.00471

[dist]
# distance from previous block
# <min> <max>
0	1

[block]
# block no. 10 follows, 75 sequences, length 23
# corresponding to MSA columns:
# 1167-1189
name=unknown_K
#
# <colnr> <probs for GDERKNQSTAVLIFYWHMCP>
#	G	D	E	R	K	N	Q	S	T	A	V	L	I	F	Y	W	H	M	C	P
0	0.00651	0.00652	0.06576	0.02917	0.16496	0.00631	0.00681	0.00804	0.00736	0.01005	0.01542	0.02113	0.17828	0.06355	0.12731	0.00214	0.13548	0.13886	0.00239	0.00395
1	0.00841	0.00872	0.01192	0.04498	0.06560	0.08869	0.09106	0.00969	0.00692	0.00970	0.04712	0.00994	0.00682	0.00613	0.02807	0.00154	0.53024	0.01844	0.00183	0.00420
2	0.00523	0.00362	0.00421	0.00419	0.00443	0.00360	0.00258	0.00557	0.00609	0.00813	0.08275	0.02455	0.09226	0.64787	0.08727	0.00334	0.00378	0.00555	0.00246	0.00250
3	0.09487	0.07448	0.01049	0.00813	0.01052	0.26541	0.00652	0.31161	0.14218	0.01577	0.00816	0.00843	0.00622	0.00416	0.00348	0.00107	0.01752	0.00293	0.00283	0.00522
4	0.01213	0.00871	0.00947	0.00752	0.01016	0.00937	0.00611	0.50129	0.16004	0.09413	0.01293	0.01241	0.08549	0.00489	0.00370	0.00112	0.00349	0.00385	0.00367	0.04951
5	0.02593	0.11430	0.10166	0.17474	0.25068	0.00946	0.05227	0.11561	0.03024	0.07134	0.00753	0.00899	0.00575	0.00365	0.00357	0.00111	0.01251	0.00314	0.00221	0.00530
6	0.00886	0.10370	0.02486	0.19452	0.14873	0.09116	0.24925	0.03769	0.01862	0.01100	0.01616	0.04106	0.01515	0.00393	0.00376	0.00115	0.00502	0.01869	0.00197	0.00473
7	0.00454	0.00329	0.00421	0.00488	0.00520	0.00305	0.00327	0.00520	0.00715	0.00944	0.04614	0.69961	0.10776	0.07086	0.00561	0.00160	0.00219	0.00970	0.00335	0.00296
8	0.00559	0.00439	0.00540	0.00576	0.02266	0.00446	0.00413	0.00825	0.15461	0.01114	0.10998	0.36403	0.14553	0.01086	0.08365	0.00179	0.00301	0.04774	0.00337	0.00365
9	0.00902	0.00851	0.01162	0.38800	0.11820	0.08004	0.05817	0.12575	0.09237	0.01227	0.00780	0.00984	0.00600	0.00475	0.03457	0.00135	0.02139	0.00337	0.00219	0.00480
10	0.00472	0.00337	0.00451	0.00525	0.00554	0.00325	0.00365	0.00546	0.00698	0.00932	0.01888	0.67739	0.02224	0.06821	0.06492	0.00195	0.00288	0.08527	0.00323	0.00299
11	0.00586	0.04060	0.00493	0.00429	0.00457	0.00428	0.00264	0.03560	0.00593	0.00782	0.01178	0.02245	0.03952	0.73257	0.01678	0.04703	0.00352	0.00510	0.00226	0.00247
12	0.00556	0.00446	0.00560	0.00563	0.00658	0.00442	0.03091	0.00825	0.15735	0.01130	0.11464	0.40318	0.17508	0.00915	0.00442	0.00136	0.00236	0.04260	0.00349	0.00365
13	0.00873	0.00828	0.01407	0.02100	0.76975	0.00834	0.01065	0.01083	0.00813	0.01168	0.00718	0.00959	0.00613	0.00553	0.08295	0.00154	0.00487	0.00333	0.00183	0.00558
14	0.00777	0.00718	0.03866	0.00608	0.00944	0.00532	0.03816	0.02487	0.00784	0.01216	0.00661	0.00774	0.00543	0.00279	0.00283	0.00060	0.00298	0.00230	0.00217	0.80906
15	0.12345	0.00851	0.03912	0.07944	0.41293	0.04287	0.06052	0.01106	0.02345	0.04223	0.00783	0.03593	0.00679	0.03884	0.00444	0.00126	0.03300	0.02124	0.00209	0.00499
16	0.01003	0.00690	0.02504	0.00809	0.04293	0.00673	0.10932	0.12464	0.11957	0.19464	0.04619	0.10102	0.01170	0.10671	0.00563	0.00148	0.00353	0.02400	0.04699	0.00488
17	0.00799	0.00656	0.02087	0.22944	0.07591	0.00686	0.03859	0.06345	0.08446	0.07310	0.03666	0.11211	0.08977	0.01757	0.00450	0.01073	0.03663	0.01653	0.00270	0.06557
18	0.03789	0.00437	0.00542	0.00577	0.02457	0.00437	0.00431	0.04033	0.03828	0.01137	0.12062	0.21320	0.16761	0.04722	0.08429	0.00190	0.00325	0.17850	0.00324	0.00347
19	0.13470	0.00773	0.00889	0.05740	0.09201	0.04346	0.01569	0.18852	0.10096	0.10112	0.02036	0.04130	0.01688	0.02477	0.02050	0.00131	0.00372	0.06396	0.01957	0.03714
20	0.02865	0.00603	0.02635	0.12168	0.01574	0.01204	0.01367	0.05441	0.13007	0.07034	0.03987	0.10814	0.05615	0.08208	0.06753	0.00183	0.02199	0.11131	0.00294	0.02918
21	0.02325	0.03684	0.08792	0.28341	0.10241	0.04569	0.01578	0.05786	0.00775	0.02662	0.00827	0.02904	0.00757	0.20893	0.02519	0.00182	0.01161	0.00376	0.00203	0.01424
22	0.09399	0.00813	0.01039	0.19701	0.19447	0.09165	0.03031	0.06794	0.02026	0.08013	0.08622	0.02727	0.00880	0.00474	0.02285	0.00123	0.01488	0.00357	0.00245	0.03370

[dist]
# distance from previous block
# <min> <max>
63	166

[block]
# block no. 11 follows, 75 sequences, length 33
# corresponding to MSA columns:
# 1421-1453
name=unknown_L
#
# <colnr> <probs for GDERKNQSTAVLIFYWHMCP>
#	G	D	E	R	K	N	Q	S	T	A	V	L	I	F	Y	W	H	M	C	P
0	0.07258	0.02218	0.00940	0.00884	0.09742	0.03034	0.04047	0.22692	0.14905	0.04052	0.02225	0.13495	0.03491	0.00559	0.00376	0.00118	0.00347	0.04121	0.00313	0.05183
1	0.07759	0.00650	0.00904	0.40805	0.06934	0.02399	0.00747	0.07850	0.01706	0.01123	0.01747	0.11776	0.00866	0.08697	0.01929	0.00151	0.00416	0.00426	0.00222	0.02895
2	0.03979	0.00694	0.01134	0.41214	0.13897	0.00772	0.08564	0.03919	0.00791	0.02810	0.00855	0.11855	0.00768	0.00464	0.00404	0.00122	0.03229	0.00420	0.00208	0.03900
3	0.03148	0.00525	0.00650	0.05714	0.02522	0.00526	0.00469	0.12084	0.02620	0.07622	0.29364	0.14631	0.11387	0.02410	0.00439	0.00126	0.00262	0.02846	0.00353	0.02301
4	0.00808	0.00750	0.02478	0.50868	0.16958	0.01828	0.04135	0.05028	0.01976	0.03523	0.00803	0.01039	0.03186	0.00383	0.00377	0.00117	0.01449	0.00341	0.00196	0.03756
5	0.03716	0.07359	0.04830	0.06854	0.01080	0.05323	0.02810	0.04084	0.02081	0.03835	0.00682	0.00789	0.00546	0.00310	0.00294	0.00075	0.00347	0.00245	0.00219	0.54522
6	0.02341	0.07683	0.44755	0.03624	0.02713	0.11588	0.01944	0.04156	0.02719	0.03922	0.00801	0.07882	0.00669	0.00424	0.00348	0.00112	0.00486	0.00335	0.00202	0.03297
7	0.00673	0.00568	0.00814	0.00934	0.16872	0.03063	0.03132	0.00841	0.04209	0.02186	0.01070	0.10862	0.01059	0.12164	0.33650	0.00332	0.02548	0.02004	0.00226	0.02793
8	0.00532	0.00416	0.00596	0.00541	0.00645	0.00383	0.06375	0.00695	0.00965	0.01334	0.59475	0.10038	0.11623	0.01866	0.00457	0.00124	0.00217	0.02998	0.00372	0.00348
9	0.03999	0.03362	0.02281	0.01011	0.02310	0.34282	0.18033	0.15205	0.06736	0.06300	0.00774	0.00854	0.00587	0.00381	0.00358	0.00106	0.00533	0.00313	0.00247	0.02327
10	0.00612	0.00412	0.00585	0.00570	0.00637	0.00459	0.00430	0.00719	0.00617	0.06941	0.01067	0.04263	0.01025	0.16681	0.60609	0.00492	0.02891	0.00434	0.00223	0.00333
11	0.01471	0.00747	0.00910	0.00711	0.00980	0.00736	0.00582	0.30835	0.01267	0.49475	0.01289	0.07329	0.00918	0.00500	0.00376	0.00115	0.00338	0.00405	0.00415	0.00601
12	0.00758	0.00718	0.01218	0.61129	0.27108	0.00833	0.01052	0.00995	0.00765	0.01017	0.00664	0.00958	0.00517	0.00355	0.00366	0.00118	0.00474	0.00327	0.00169	0.00460
13	0.00684	0.00577	0.00841	0.19791	0.15224	0.00612	0.00657	0.03534	0.08115	0.01331	0.40483	0.01883	0.03642	0.00567	0.00400	0.00117	0.00305	0.00503	0.00308	0.00428
14	0.01586	0.00676	0.00878	0.00677	0.00958	0.00620	0.00558	0.12128	0.02725	0.71817	0.02543	0.01227	0.00913	0.00458	0.00370	0.00113	0.00322	0.00369	0.00441	0.00620
15	0.00894	0.00854	0.01444	0.08302	0.76435	0.00870	0.01104	0.01137	0.03211	0.01191	0.00711	0.00927	0.00591	0.00335	0.00364	0.00110	0.00436	0.00330	0.00186	0.00569
16	0.00805	0.00770	0.01321	0.42374	0.43446	0.00847	0.03086	0.01038	0.00788	0.01074	0.00674	0.00945	0.00537	0.00346	0.00367	0.00116	0.00466	0.00329	0.00173	0.00497
17	0.00580	0.00475	0.00528	0.00495	0.00590	0.06532	0.00372	0.00746	0.01036	0.01422	0.76908	0.02608	0.04857	0.00727	0.00426	0.00114	0.00209	0.00635	0.00387	0.00352
18	0.00994	0.84568	0.01896	0.00639	0.00949	0.04154	0.00631	0.01112	0.00756	0.00865	0.00512	0.00592	0.00471	0.00316	0.00239	0.00079	0.00401	0.00198	0.00158	0.00470
19	0.00500	0.00375	0.00463	0.00441	0.00537	0.00338	0.00331	0.00655	0.00993	0.01362	0.65886	0.02927	0.22256	0.00792	0.00433	0.00117	0.00176	0.00690	0.00390	0.00338
20	0.00758	0.00689	0.01123	0.45624	0.26229	0.00757	0.00933	0.00978	0.00796	0.02464	0.06851	0.01145	0.03020	0.00393	0.00366	0.00113	0.00424	0.00356	0.00200	0.06781
21	0.00766	0.00697	0.01136	0.31868	0.32666	0.00758	0.02666	0.01029	0.06713	0.02147	0.02521	0.13581	0.00915	0.00483	0.00384	0.00121	0.00410	0.00447	0.00220	0.00472
22	0.00480	0.00357	0.00451	0.00518	0.00560	0.00343	0.00354	0.00615	0.06648	0.00984	0.02110	0.74727	0.08301	0.01088	0.00460	0.00146	0.00217	0.00980	0.00343	0.00319
23	0.00900	0.00854	0.01418	0.02102	0.76434	0.00863	0.01073	0.01175	0.06762	0.01221	0.00784	0.01034	0.00664	0.00359	0.00368	0.00112	0.00423	0.02678	0.00200	0.00575
24	0.00949	0.32323	0.29778	0.00938	0.06109	0.12541	0.02554	0.02856	0.06755	0.01072	0.00661	0.00750	0.00527	0.00351	0.00311	0.00100	0.00480	0.00258	0.00182	0.00507
25	0.01181	0.02718	0.15892	0.00973	0.03610	0.55158	0.00821	0.03558	0.07556	0.01049	0.01915	0.00784	0.00575	0.00393	0.00358	0.00103	0.02414	0.00270	0.00204	0.00467
26	0.00506	0.00396	0.00467	0.00501	0.00591	0.00372	0.00380	0.00676	0.06735	0.01058	0.06669	0.27717	0.35408	0.00971	0.00454	0.00139	0.00229	0.16052	0.00346	0.00333
27	0.00658	0.00352	0.00504	0.00498	0.00512	0.00361	0.00338	0.00583	0.06429	0.00702	0.00699	0.01134	0.00672	0.01221	0.01360	0.82970	0.00317	0.00326	0.00175	0.00189
28	0.03788	0.05794	0.03200	0.12085	0.43000	0.02153	0.02501	0.10450	0.09904	0.01322	0.01841	0.00954	0.00653	0.00369	0.00355	0.00111	0.00422	0.00329	0.00224	0.00545
29	0.25859	0.00944	0.09289	0.08588	0.01114	0.06877	0.00663	0.21177	0.03634	0.08874	0.03700	0.00966	0.02556	0.00420	0.00337	0.00113	0.01626	0.00308	0.02462	0.00491
30	0.00497	0.00387	0.00466	0.00495	0.00590	0.00346	0.00374	0.00609	0.01576	0.01021	0.04118	0.33229	0.31698	0.00970	0.00448	0.00136	0.00231	0.15828	0.00333	0.06647
31	0.13214	0.17748	0.17896	0.01687	0.13074	0.07415	0.04422	0.06833	0.04547	0.03631	0.00717	0.02902	0.00583	0.00397	0.00355	0.01803	0.01776	0.00294	0.00211	0.00497
32	0.00763	0.09019	0.07168	0.01488	0.06542	0.04345	0.13247	0.04377	0.02217	0.03873	0.08484	0.09186	0.12625	0.10696	0.02535	0.00828	0.00395	0.01536	0.00260	0.00414

[dist]
# distance from previous block
# <min> <max>
0	67

[block]
# block no. 12 follows, 75 sequences, length 40
# corresponding to MSA columns:
# 1523-1562
name=unknown_M
#
# <colnr> <probs for GDERKNQSTAVLIFYWHMCP>
#	G	D	E	R	K	N	Q	S	T	A	V	L	I	F	Y	W	H	M	C	P
0	0.07694	0.00413	0.00467	0.00446	0.00560	0.00387	0.00337	0.00711	0.02785	0.02992	0.43712	0.06378	0.30222	0.00783	0.00416	0.00120	0.00194	0.00669	0.00367	0.00347
