[name]
unknown

[dist]
# distance from previous block
# <min> <max>
0	22

[block]
# block no. 0 follows, 68 sequences, length 12
# corresponding to MSA columns:
# 22-33
name=unknown_A
#
# <colnr> <probs for GDERKNQSTAVLIFYWHMCP>
#	G	D	E	R	K	N	Q	S	T	A	V	L	I	F	Y	W	H	M	C	P
0	0.03837	0.16702	0.16446	0.00918	0.04654	0.03618	0.03965	0.10623	0.11858	0.08437	0.01012	0.05702	0.00831	0.00474	0.00378	0.00117	0.01441	0.02366	0.00280	0.06337
1	0.01102	0.18800	0.09154	0.02544	0.01155	0.03080	0.06350	0.07184	0.12256	0.15370	0.02641	0.02203	0.03215	0.00457	0.00363	0.00111	0.00402	0.01369	0.03910	0.08332
2	0.03226	0.07363	0.08276	0.00869	0.01141	0.06038	0.08144	0.08200	0.33182	0.01505	0.07735	0.05989	0.01183	0.00522	0.00394	0.00123	0.00397	0.00442	0.00322	0.04948
3	0.00520	0.00392	0.00476	0.00497	0.00574	0.00364	0.00359	0.00627	0.00856	0.01122	0.19014	0.23120	0.27552	0.11065	0.06890	0.00208	0.00300	0.05379	0.00355	0.00332
4	0.01078	0.14791	0.14732	0.01003	0.07829	0.02987	0.09567	0.05535	0.02773	0.17097	0.02272	0.10029	0.00932	0.01672	0.00406	0.00121	0.00437	0.00425	0.00284	0.06029
5	0.01120	0.02840	0.17081	0.03146	0.02855	0.02947	0.13128	0.14245	0.05560	0.17674	0.01230	0.04226	0.05510	0.00591	0.03948	0.00146	0.00486	0.00424	0.00309	0.02535
6	0.00556	0.00367	0.00483	0.00552	0.00598	0.00338	0.00376	0.00632	0.00789	0.05743	0.02261	0.76017	0.07429	0.01185	0.00498	0.00157	0.00234	0.01068	0.00375	0.00343
7	0.00823	0.05760	0.14869	0.45564	0.09548	0.00960	0.11176	0.01110	0.00821	0.01103	0.00705	0.00985	0.00541	0.00391	0.00431	0.00129	0.04062	0.00349	0.00179	0.00496
8	0.06205	0.18690	0.10259	0.04061	0.21965	0.00994	0.02737	0.05476	0.03001	0.21530	0.00923	0.00981	0.00678	0.00399	0.00358	0.00115	0.00432	0.00326	0.00277	0.00593
9	0.00903	0.02915	0.00883	0.05815	0.01015	0.00739	0.05083	0.15653	0.16353	0.05759	0.17178	0.02089	0.19186	0.00648	0.00422	0.00126	0.00319	0.00549	0.03867	0.00498
10	0.00485	0.00349	0.00460	0.00545	0.00574	0.00324	0.00366	0.00559	0.00776	0.01034	0.05025	0.80170	0.05424	0.01219	0.00503	0.00159	0.00228	0.01103	0.00370	0.00324
11	0.02640	0.00584	0.00601	0.00595	0.00712	0.05199	0.00439	0.01095	0.21427	0.01341	0.13136	0.27473	0.08867	0.00807	0.00425	0.00133	0.00265	0.00697	0.13141	0.00424

[dist]
# distance from previous block
# <min> <max>
2	5

[block]
# block no. 1 follows, 68 sequences, length 18
# corresponding to MSA columns:
# 39-56
name=unknown_B
#
# <colnr> <probs for GDERKNQSTAVLIFYWHMCP>
#	G	D	E	R	K	N	Q	S	T	A	V	L	I	F	Y	W	H	M	C	P
0	0.02320	0.05328	0.08260	0.00745	0.00975	0.05011	0.01544	0.11470	0.19997	0.06578	0.17167	0.11795	0.04371	0.00640	0.00413	0.00127	0.00346	0.00538	0.00358	0.02015
1	0.00931	0.02343	0.04675	0.00949	0.11542	0.06729	0.05945	0.01128	0.00885	0.05346	0.02722	0.02283	0.01895	0.00363	0.00340	0.00085	0.00383	0.00310	0.00243	0.50901
2	0.00481	0.00352	0.00453	0.00534	0.00570	0.00324	0.00360	0.00554	0.00777	0.01019	0.02407	0.75894	0.12393	0.01213	0.00502	0.00158	0.00227	0.01092	0.00368	0.00324
3	0.01403	0.05687	0.01118	0.00963	0.11014	0.00821	0.00704	0.08716	0.03682	0.42470	0.01159	0.01131	0.00804	0.00472	0.00485	0.00120	0.10181	0.00360	0.00366	0.08344
4	0.00944	0.06560	0.04936	0.07033	0.03777	0.21342	0.02288	0.04245	0.03043	0.01128	0.08459	0.11898	0.04080	0.05943	0.00629	0.00145	0.12374	0.00482	0.00256	0.00440
5	0.00759	0.00724	0.01249	0.80758	0.02696	0.00887	0.05331	0.01026	0.00800	0.01026	0.00710	0.01058	0.00532	0.00393	0.00400	0.00132	0.00536	0.00358	0.00177	0.00445
6	0.00580	0.00398	0.00477	0.00488	0.00510	0.00403	0.00316	0.00619	0.00632	0.00843	0.01405	0.02748	0.03629	0.65172	0.10147	0.00379	0.00446	0.10282	0.00256	0.00269
7	0.00749	0.00705	0.01189	0.85113	0.02731	0.00881	0.01101	0.01013	0.00793	0.01013	0.00705	0.01057	0.00529	0.00396	0.00396	0.00132	0.00529	0.00352	0.00176	0.00440
8	0.01745	0.00695	0.00929	0.00716	0.01020	0.00618	0.00590	0.04718	0.03723	0.78473	0.01545	0.01340	0.00978	0.00492	0.00399	0.00123	0.00340	0.00399	0.00485	0.00673
9	0.00502	0.00359	0.00482	0.00574	0.00605	0.00338	0.00401	0.00585	0.00778	0.01033	0.02175	0.75973	0.02581	0.01224	0.00511	0.00164	0.00246	0.10775	0.00368	0.00327
10	0.00577	0.00384	0.00432	0.00432	0.00432	0.00384	0.00240	0.00577	0.00577	0.00769	0.01249	0.02595	0.01441	0.86066	0.02018	0.00384	0.00384	0.00577	0.00240	0.00240
11	0.01224	0.01138	0.02630	0.00877	0.01115	0.19605	0.00706	0.31358	0.20668	0.01704	0.01077	0.01204	0.00850	0.00795	0.10562	0.00184	0.00546	0.02866	0.00328	0.00565
12	0.00483	0.00345	0.00460	0.00552	0.00575	0.00322	0.00368	0.00552	0.00759	0.01012	0.02185	0.85807	0.02622	0.01242	0.00506	0.00161	0.00230	0.01127	0.00368	0.00322
13	0.00967	0.00944	0.01533	0.13862	0.69374	0.03967	0.01184	0.01202	0.00896	0.01244	0.00735	0.00982	0.00610	0.00361	0.00392	0.00119	0.00488	0.00350	0.00194	0.00596
14	0.09690	0.02359	0.00973	0.00809	0.00974	0.12354	0.00657	0.09901	0.03678	0.15589	0.00907	0.01023	0.00700	0.00555	0.01796	0.00137	0.25307	0.00337	0.11751	0.00502
15	0.00546	0.00395	0.00500	0.00524	0.00597	0.00368	0.00379	0.00664	0.00908	0.02852	0.28264	0.36444	0.17248	0.02923	0.00533	0.00150	0.01601	0.04368	0.00386	0.00350
16	0.21467	0.02523	0.00909	0.00783	0.07360	0.00695	0.00585	0.01573	0.00967	0.46985	0.01144	0.01081	0.00770	0.00425	0.00347	0.00114	0.00337	0.00329	0.00374	0.11229
17	0.06033	0.02489	0.14998	0.04528	0.05759	0.05755	0.05067	0.23328	0.08125	0.08868	0.03547	0.01119	0.01750	0.00452	0.00379	0.00120	0.00441	0.00364	0.06303	0.00573

[dist]
# distance from previous block
# <min> <max>
1	17

[block]
# block no. 2 follows, 68 sequences, length 10
# corresponding to MSA columns:
# 74-83
name=unknown_C
#
# <colnr> <probs for GDERKNQSTAVLIFYWHMCP>
#	G	D	E	R	K	N	Q	S	T	A	V	L	I	F	Y	W	H	M	C	P
0	0.02731	0.11659	0.21922	0.09054	0.20968	0.00916	0.02558	0.03025	0.00878	0.06305	0.00896	0.05668	0.02254	0.00434	0.00382	0.00116	0.01603	0.00365	0.00223	0.08045
1	0.01636	0.00686	0.00905	0.00703	0.00990	0.00618	0.00577	0.08789	0.01197	0.68714	0.09556	0.01474	0.01226	0.00521	0.00405	0.00123	0.00331	0.00426	0.00477	0.00645
2	0.00557	0.00421	0.00488	0.00485	0.00595	0.00382	0.00358	0.00728	0.04782	0.03303	0.28576	0.17437	0.38542	0.00949	0.00470	0.00135	0.00210	0.00820	0.00394	0.00367
3	0.00950	0.25316	0.16021	0.16356	0.14534	0.04214	0.09822	0.01218	0.02412	0.02727	0.00718	0.00900	0.00573	0.00422	0.02129	0.00125	0.00525	0.00316	0.00191	0.00532
4	0.02743	0.00537	0.00681	0.00584	0.00782	0.00489	0.00462	0.01059	0.00882	0.23228	0.04950	0.01958	0.20681	0.01280	0.23701	0.00258	0.00492	0.00493	0.00337	0.14403
5	0.00651	0.00504	0.00540	0.00510	0.00665	0.00473	0.00395	0.07002	0.07722	0.04239	0.06673	0.05739	0.57485	0.00911	0.00460	0.00135	0.00242	0.04875	0.00380	0.00400
6	0.06134	0.07850	0.01088	0.00869	0.07330	0.03725	0.00662	0.19403	0.01196	0.39601	0.01167	0.01129	0.00804	0.00564	0.04073	0.00139	0.00415	0.00356	0.02879	0.00614
7	0.08281	0.09115	0.33694	0.01170	0.14489	0.02323	0.03493	0.01405	0.05056	0.15974	0.00888	0.00955	0.00641	0.00397	0.00365	0.00120	0.00477	0.00320	0.00250	0.00587
8	0.22684	0.00745	0.00805	0.00657	0.00915	0.00769	0.00535	0.16223	0.06626	0.31270	0.01308	0.01252	0.04995	0.00485	0.00353	0.00120	0.00324	0.00369	0.08999	0.00565
9	0.00657	0.00464	0.00523	0.00490	0.00549	0.00454	0.00310	0.06846	0.00720	0.00973	0.01343	0.08958	0.03975	0.63100	0.01584	0.00312	0.00363	0.00584	0.00266	0.07530

[dist]
# distance from previous block
# <min> <max>
0	2

[block]
# block no. 3 follows, 68 sequences, length 21
# corresponding to MSA columns:
# 86-105,108
name=unknown_D
#
# <colnr> <probs for GDERKNQSTAVLIFYWHMCP>
#	G	D	E	R	K	N	Q	S	T	A	V	L	I	F	Y	W	H	M	C	P
0	0.04051	0.47079	0.01685	0.00801	0.01123	0.01362	0.04826	0.29195	0.01172	0.01521	0.00753	0.03406	0.00634	0.00415	0.00322	0.00103	0.00431	0.00304	0.00258	0.00559
1	0.00955	0.17739	0.06555	0.00993	0.13445	0.00902	0.04465	0.08065	0.00926	0.01322	0.00707	0.00833	0.00581	0.00334	0.00323	0.00086	0.00394	0.00273	0.00224	0.40878
2	0.01478	0.01108	0.01248	0.00951	0.01272	0.01218	0.04889	0.78155	0.01817	0.02436	0.00944	0.00958	0.00671	0.00469	0.00400	0.00120	0.00448	0.00363	0.00387	0.00667
3	0.01384	0.04321	0.24415	0.00811	0.01191	0.00705	0.00822	0.01625	0.01025	0.50550	0.04599	0.01222	0.00925	0.00458	0.00385	0.00119	0.00403	0.00368	0.00374	0.04297
4	0.00483	0.00345	0.00460	0.00552	0.00575	0.00322	0.00368	0.00552	0.00759	0.01012	0.02185	0.85807	0.02622	0.01242	0.00506	0.00161	0.00230	0.01127	0.00368	0.00322
5	0.00483	0.00345	0.00460	0.00552	0.00575	0.00322	0.00368	0.00552	0.00759	0.01012	0.02185	0.85807	0.02622	0.01242	0.00506	0.00161	0.00230	0.01127	0.00368	0.00322
6	0.12609	0.00919	0.01474	0.02181	0.72634	0.00935	0.01113	0.01210	0.00873	0.01359	0.00720	0.00937	0.00602	0.00355	0.00373	0.00118	0.00449	0.00335	0.00203	0.00602
7	0.00867	0.00867	0.01214	0.01041	0.01041	0.01214	0.00867	0.00954	0.00607	0.00954	0.00520	0.00867	0.00520	0.00694	0.01301	0.00173	0.85340	0.00347	0.00173	0.00434
8	0.00795	0.02051	0.84011	0.01130	0.01716	0.00921	0.01465	0.01256	0.00837	0.01256	0.00712	0.00837	0.00502	0.00377	0.00377	0.00126	0.00586	0.00293	0.00167	0.00586
9	0.04134	0.00386	0.00493	0.00543	0.00597	0.00368	0.00384	0.00646	0.00860	0.01206	0.24434	0.53249	0.02795	0.03061	0.00522	0.00156	0.00232	0.05214	0.00379	0.00341
10	0.01779	0.00675	0.00920	0.00705	0.01012	0.00583	0.00583	0.01932	0.01135	0.83867	0.01564	0.01350	0.00981	0.00491	0.00399	0.00123	0.00337	0.00399	0.00491	0.00675
11	0.00566	0.00425	0.00637	0.00637	0.00708	0.00496	0.00496	0.00708	0.00637	0.00920	0.01062	0.01558	0.00991	0.02974	0.84494	0.00637	0.01062	0.00425	0.00212	0.00354
12	0.00663	0.00385	0.00438	0.00425	0.00518	0.00371	0.00319	0.00849	0.00956	0.01526	0.36315	0.02111	0.02179	0.00611	0.00358	0.00106	0.00186	0.00518	0.50796	0.00371
13	0.00488	0.00351	0.00464	0.00553	0.00583	0.00327	0.00375	0.00563	0.00770	0.01021	0.02252	0.79680	0.05694	0.01228	0.00506	0.00161	0.00234	0.04058	0.00368	0.00324
14	0.88866	0.00767	0.00583	0.00521	0.00767	0.00889	0.00429	0.01166	0.00675	0.01779	0.00552	0.00644	0.00429	0.00368	0.00245	0.00123	0.00307	0.00215	0.00245	0.00429
15	0.00936	0.01070	0.02340	0.01671	0.02072	0.01003	0.82152	0.01270	0.00936	0.01270	0.00802	0.01070	0.00602	0.00334	0.00468	0.00134	0.00668	0.00468	0.00201	0.00535
16	0.00869	0.00709	0.00766	0.00706	0.00893	0.00775	0.00554	0.10570	0.42234	0.01543	0.02089	0.07971	0.17384	0.00725	0.00434	0.00138	0.00302	0.08626	0.02187	0.00523
17	0.21085	0.00869	0.01171	0.08031	0.39514	0.04883	0.00882	0.02937	0.00886	0.09256	0.00867	0.06377	0.00732	0.00435	0.00366	0.00123	0.00421	0.00371	0.00250	0.00546
18	0.01248	0.15856	0.01336	0.03654	0.07061	0.45034	0.04849	0.05060	0.01048	0.02333	0.04097	0.03850	0.00745	0.00443	0.00376	0.00108	0.01863	0.00326	0.00225	0.00487
19	0.02046	0.08322	0.02196	0.03998	0.04374	0.00722	0.03601	0.05846	0.08244	0.05751	0.01349	0.19564	0.02493	0.02655	0.00461	0.00130	0.02087	0.08468	0.00304	0.17389
20	0.01097	0.06898	0.12708	0.02814	0.02446	0.00893	0.00777	0.10579	0.08527	0.19289	0.02121	0.01192	0.00833	0.02667	0.13160	0.00211	0.12571	0.00373	0.00299	0.00545

[dist]
# distance from previous block
# <min> <max>
0	1

[block]
# block no. 4 follows, 68 sequences, length 12
# corresponding to MSA columns:
# 110-121
name=unknown_E
#
# <colnr> <probs for GDERKNQSTAVLIFYWHMCP>
#	G	D	E	R	K	N	Q	S	T	A	V	L	I	F	Y	W	H	M	C	P
0	0.04461	0.00690	0.00868	0.00681	0.00958	0.00644	0.00558	0.10347	0.03069	0.60193	0.01433	0.01303	0.00940	0.00483	0.00378	0.00119	0.00327	0.00386	0.11534	0.00627
1	0.00897	0.00577	0.03122	0.00590	0.00752	0.03020	0.00467	0.02663	0.03777	0.20479	0.25944	0.17531	0.11566	0.00775	0.00437	0.00129	0.00268	0.00668	0.05882	0.00453
2	0.00953	0.03697	0.02614	0.00940	0.09397	0.00711	0.10241	0.03821	0.03857	0.06999	0.00815	0.00925	0.00641	0.00336	0.00339	0.00085	0.00374	0.00297	0.00252	0.52704
3	0.00732	0.00573	0.00733	0.00671	0.02730	0.00586	0.02006	0.02395	0.07733	0.04136	0.07299	0.04633	0.12098	0.12686	0.16846	0.00255	0.07620	0.00506	0.01982	0.13780
4	0.00483	0.00345	0.00460	0.00552	0.00575	0.00322	0.00368	0.00552	0.00759	0.01012	0.02185	0.85807	0.02622	0.01242	0.00506	0.00161	0.00230	0.01127	0.00368	0.00322
5	0.02545	0.00931	0.11547	0.46837	0.05930	0.02912	0.07891	0.02533	0.04146	0.02656	0.02226	0.03321	0.02834	0.00440	0.00401	0.00130	0.00505	0.00393	0.01338	0.00484
6	0.02557	0.16634	0.12821	0.03709	0.10670	0.08349	0.04967	0.11100	0.04154	0.15301	0.02025	0.00977	0.00697	0.00425	0.00404	0.00117	0.03917	0.00331	0.00273	0.00574
7	0.00639	0.00440	0.00560	0.02561	0.00671	0.00414	0.00400	0.00849	0.03851	0.05798	0.63301	0.02823	0.11750	0.00784	0.00454	0.00125	0.00209	0.00684	0.03291	0.00396
8	0.00578	0.00412	0.00528	0.00587	0.00648	0.00400	0.00420	0.00755	0.07617	0.03259	0.06926	0.61287	0.04984	0.01117	0.00495	0.00157	0.00250	0.08838	0.00378	0.00364
9	0.00936	0.06125	0.21911	0.07078	0.09158	0.03977	0.03098	0.05671	0.04750	0.10150	0.01267	0.17780	0.04004	0.00593	0.00406	0.00129	0.00431	0.00508	0.01507	0.00521
10	0.01176	0.59716	0.01772	0.00775	0.01076	0.22161	0.00701	0.03802	0.03779	0.01015	0.00616	0.00695	0.00539	0.00368	0.00290	0.00092	0.00493	0.00235	0.00193	0.00506
11	0.00885	0.05222	0.07300	0.07073	0.11584	0.05404	0.09929	0.02213	0.09987	0.05283	0.03501	0.19289	0.01241	0.00618	0.00437	0.00131	0.02040	0.03205	0.00282	0.04376

[dist]
# distance from previous block
# <min> <max>
0	2

[block]
# block no. 5 follows, 68 sequences, length 20
# corresponding to MSA columns:
# 124-130,132-144
name=unknown_F
#
# <colnr> <probs for GDERKNQSTAVLIFYWHMCP>
#	G	D	E	R	K	N	Q	S	T	A	V	L	I	F	Y	W	H	M	C	P
0	0.04743	0.08301	0.16208	0.01165	0.12129	0.22952	0.05953	0.09504	0.02388	0.11766	0.00823	0.00901	0.00614	0.00403	0.00369	0.00115	0.00535	0.00314	0.00254	0.00563
1	0.00848	0.01529	0.43324	0.01327	0.01793	0.00945	0.35070	0.01230	0.00880	0.01263	0.04014	0.01019	0.00673	0.00389	0.00455	0.00131	0.03983	0.00385	0.00192	0.00550
2	0.01055	0.46277	0.03115	0.00949	0.01262	0.02955	0.20006	0.01236	0.00850	0.06764	0.00711	0.00847	0.00585	0.00387	0.00412	0.00108	0.07950	0.00306	0.03712	0.00514
3	0.02786	0.00823	0.09047	0.00659	0.00955	0.02895	0.00581	0.07079	0.02535	0.15171	0.08411	0.01289	0.03564	0.00446	0.00349	0.00097	0.00327	0.00359	0.10945	0.31683
4	0.00610	0.00447	0.00599	0.00675	0.00773	0.00436	0.00582	0.00779	0.00911	0.01167	0.02422	0.04362	0.15949	0.01080	0.00534	0.00174	0.00337	0.67435	0.00366	0.00360
5	0.00742	0.00420	0.00515	0.00476	0.00590	0.00393	0.00362	0.00925	0.01026	0.09732	0.47687	0.02303	0.02552	0.00662	0.00397	0.00114	0.00201	0.00569	0.29931	0.00402
6	0.00749	0.00705	0.01189	0.85113	0.02731	0.00881	0.01101	0.01013	0.00793	0.01013	0.00705	0.01057	0.00529	0.00396	0.00396	0.00132	0.00529	0.00352	0.00176	0.00440
7	0.00867	0.00867	0.01214	0.01041	0.01041	0.01214	0.00867	0.00954	0.00607	0.00954	0.00520	0.00867	0.00520	0.00694	0.01301	0.00173	0.85340	0.00347	0.00173	0.00434
8	0.00795	0.02051	0.84011	0.01130	0.01716	0.00921	0.01465	0.01256	0.00837	0.01256	0.00712	0.00837	0.00502	0.00377	0.00377	0.00126	0.00586	0.00293	0.00167	0.00586
9	0.01760	0.00705	0.00939	0.00720	0.01027	0.00627	0.00595	0.07476	0.01185	0.78253	0.01522	0.01322	0.00960	0.00490	0.00399	0.00122	0.00344	0.00396	0.00484	0.00675
10	0.12806	0.00697	0.00884	0.00687	0.00987	0.00638	0.00568	0.03873	0.01095	0.71402	0.01420	0.01250	0.00904	0.00475	0.00379	0.00123	0.00336	0.00374	0.00457	0.00644
11	0.00795	0.02051	0.84011	0.01130	0.01716	0.00921	0.01465	0.01256	0.00837	0.01256	0.00712	0.00837	0.00502	0.00377	0.00377	0.00126	0.00586	0.00293	0.00167	0.00586
12	0.01769	0.00690	0.00930	0.00713	0.01020	0.00606	0.00589	0.04789	0.01161	0.80974	0.01542	0.01335	0.00971	0.00490	0.00399	0.00123	0.00341	0.00397	0.00487	0.00675
13	0.00506	0.00365	0.00484	0.00571	0.00610	0.00343	0.00405	0.00593	0.00790	0.01041	0.02270	0.69286	0.06894	0.01208	0.00510	0.00163	0.00249	0.13017	0.00368	0.00329
14	0.80298	0.00758	0.00616	0.00540	0.00791	0.00859	0.00444	0.01241	0.00720	0.09855	0.00652	0.00713	0.00484	0.00380	0.00260	0.00123	0.00310	0.00233	0.00270	0.00454
15	0.01749	0.00796	0.00940	0.00737	0.01033	0.08923	0.00601	0.01898	0.01134	0.75625	0.01470	0.01286	0.00935	0.00483	0.00395	0.00121	0.00375	0.00384	0.00462	0.00653
16	0.00487	0.00369	0.00436	0.00486	0.00547	0.00333	0.00331	0.00561	0.00793	0.01009	0.02754	0.47896	0.31716	0.09589	0.00643	0.00173	0.00235	0.00967	0.00355	0.00318
17	0.52695	0.00799	0.00717	0.00611	0.00848	0.02319	0.00497	0.18324	0.01008	0.04114	0.11182	0.01048	0.00935	0.00454	0.00313	0.00121	0.00323	0.00319	0.02894	0.00480
18	0.07170	0.40402	0.09746	0.00828	0.03574	0.08767	0.00756	0.08379	0.00920	0.05642	0.00696	0.00827	0.00582	0.02621	0.02004	0.01240	0.04839	0.00273	0.00219	0.00516
19	0.01031	0.00781	0.06701	0.00973	0.11670	0.00678	0.04797	0.08074	0.06375	0.19562	0.07399	0.18215	0.02434	0.00637	0.00423	0.00128	0.00359	0.02288	0.00350	0.07126

[dist]
# distance from previous block
# <min> <max>
0	26

[block]
# block no. 6 follows, 68 sequences, length 11
# corresponding to MSA columns:
# 171-181
name=unknown_G
#
# <colnr> <probs for GDERKNQSTAVLIFYWHMCP>
#	G	D	E	R	K	N	Q	S	T	A	V	L	I	F	Y	W	H	M	C	P
0	0.14365	0.21249	0.18745	0.03853	0.01211	0.02681	0.00813	0.17463	0.02404	0.07848	0.03036	0.00976	0.02915	0.00428	0.00339	0.00114	0.00432	0.00313	0.00268	0.00549
1	0.01416	0.02644	0.01143	0.00870	0.01163	0.04106	0.02633	0.63734	0.01652	0.06943	0.01070	0.01110	0.03004	0.03044	0.00441	0.00126	0.00429	0.00376	0.03470	0.00627
2	0.00488	0.00355	0.00461	0.00535	0.00573	0.00328	0.00363	0.00570	0.00802	0.01066	0.09165	0.71708	0.09754	0.01185	0.00500	0.00156	0.00224	0.01067	0.00374	0.00328
3	0.06231	0.20715	0.20914	0.00785	0.01171	0.02966	0.02291	0.01275	0.04220	0.09823	0.00788	0.00856	0.00605	0.00362	0.00322	0.00097	0.00416	0.00273	0.00237	0.25653
4	0.00644	0.04205	0.00605	0.00547	0.00659	0.00471	0.00418	0.00813	0.04858	0.05822	0.17927	0.25216	0.24345	0.00933	0.00484	0.00140	0.02556	0.06035	0.02936	0.00385
5	0.00483	0.00345	0.00460	0.00552	0.00575	0.00322	0.00368	0.00552	0.00759	0.01012	0.02185	0.85807	0.02622	0.01242	0.00506	0.00161	0.00230	0.01127	0.00368	0.00322
6	0.00910	0.01162	0.16747	0.25292	0.23428	0.06871	0.13385	0.01244	0.04859	0.01199	0.00769	0.00995	0.00593	0.00380	0.00400	0.00125	0.00548	0.00357	0.00197	0.00541
7	0.00937	0.04381	0.19890	0.07758	0.31491	0.00952	0.13433	0.05495	0.02077	0.02486	0.02622	0.01016	0.00674	0.00427	0.01827	0.00131	0.01670	0.00361	0.00212	0.02160
8	0.00747	0.00482	0.00650	0.05493	0.00792	0.00520	0.00476	0.03470	0.00762	0.09207	0.03212	0.07873	0.01255	0.20572	0.31307	0.00372	0.03079	0.02302	0.07052	0.00378
9	0.00788	0.00570	0.00853	0.28220	0.02812	0.00616	0.02622	0.04568	0.00857	0.09742	0.03818	0.26666	0.01447	0.09277	0.03752	0.00184	0.00410	0.02084	0.00296	0.00419
10	0.01018	0.26442	0.08935	0.03994	0.24052	0.06083	0.03638	0.05584	0.02856	0.02669	0.04658	0.00983	0.00753	0.00404	0.00375	0.00110	0.02748	0.00325	0.03829	0.00545

[dist]
# distance from previous block
# <min> <max>
3	5

[block]
# block no. 7 follows, 68 sequences, length 22
# corresponding to MSA columns:
# 188-207,209,210
name=unknown_H
#
# <colnr> <probs for GDERKNQSTAVLIFYWHMCP>
#	G	D	E	R	K	N	Q	S	T	A	V	L	I	F	Y	W	H	M	C	P
0	0.00777	0.04412	0.10221	0.09370	0.05380	0.00613	0.00656	0.01016	0.04425	0.09067	0.23939	0.11366	0.11307	0.00677	0.00423	0.00125	0.00324	0.00584	0.00333	0.04985
1	0.01067	0.01033	0.22431	0.00783	0.01109	0.00717	0.00773	0.13983	0.02248	0.19694	0.22024	0.01525	0.01483	0.00524	0.00400	0.00118	0.00373	0.00433	0.01556	0.07724
2	0.00530	0.00404	0.00486	0.00466	0.00573	0.00361	0.00349	0.00687	0.01048	0.01413	0.56364	0.03252	0.30870	0.00876	0.00468	0.00128	0.00192	0.00758	0.00413	0.00361
3	0.00780	0.00718	0.01160	0.62599	0.07841	0.00854	0.02755	0.02649	0.06293	0.01156	0.07432	0.01268	0.01953	0.00444	0.00405	0.00131	0.00480	0.00397	0.00221	0.00465
4	0.00841	0.04651	0.59920	0.01256	0.01785	0.00964	0.22496	0.01257	0.00862	0.01248	0.00730	0.00891	0.00528	0.00364	0.00396	0.00126	0.00602	0.00336	0.00176	0.00570
5	0.00986	0.00852	0.00897	0.00807	0.01031	0.00986	0.00628	0.02107	0.82876	0.01659	0.01614	0.01479	0.01210	0.00538	0.00403	0.00134	0.00314	0.00448	0.00403	0.00628
6	0.00850	0.00429	0.00452	0.00425	0.00545	0.00429	0.00326	0.02964	0.03773	0.08188	0.01319	0.01455	0.01012	0.00467	0.00294	0.00097	0.00208	0.00374	0.75982	0.00411
7	0.00801	0.09362	0.64900	0.01047	0.01543	0.00942	0.03006	0.01191	0.00829	0.01211	0.03631	0.00944	0.00650	0.00556	0.05588	0.00155	0.02597	0.00314	0.00181	0.00553
8	0.00480	0.00374	0.00437	0.00481	0.00558	0.00330	0.00338	0.00569	0.00843	0.01067	0.06905	0.44313	0.39669	0.01113	0.00487	0.00147	0.00215	0.00975	0.00371	0.00330
9	0.01755	0.00713	0.00944	0.00724	0.01031	0.00640	0.00598	0.08982	0.01199	0.76727	0.01510	0.01315	0.00955	0.00489	0.00399	0.00122	0.00346	0.00395	0.00482	0.00675
10	0.00551	0.00409	0.00456	0.00452	0.00574	0.00352	0.00336	0.00664	0.00932	0.05323	0.16353	0.14166	0.56065	0.00978	0.00470	0.00135	0.00209	0.00833	0.00385	0.00357
11	0.07506	0.26828	0.19876	0.00958	0.08639	0.05667	0.00870	0.03603	0.00935	0.20333	0.00853	0.00891	0.00626	0.00394	0.00337	0.00110	0.00452	0.00293	0.00259	0.00571
12	0.00829	0.00786	0.01333	0.56763	0.30457	0.00902	0.01141	0.01083	0.00831	0.01110	0.00719	0.01031	0.00563	0.00382	0.00395	0.00127	0.00509	0.00353	0.00183	0.00505
13	0.00494	0.00429	0.00453	0.00445	0.00568	0.00389	0.00338	0.00592	0.00882	0.01063	0.03759	0.05481	0.76490	0.00990	0.00521	0.00137	0.05460	0.00813	0.00356	0.00341
14	0.00903	0.01565	0.43564	0.04150	0.13588	0.10002	0.04938	0.03324	0.02043	0.01252	0.03848	0.04646	0.00754	0.00444	0.00422	0.00125	0.03310	0.00365	0.00206	0.00550
15	0.03007	0.00485	0.05700	0.00577	0.00628	0.00434	0.00440	0.00614	0.00564	0.00795	0.00784	0.03270	0.00781	0.05721	0.09950	0.62834	0.02617	0.00376	0.00186	0.00237
16	0.00916	0.21064	0.38255	0.01007	0.03017	0.03222	0.08406	0.02545	0.02091	0.04401	0.05416	0.01007	0.00760	0.00558	0.05559	0.00148	0.00548	0.00330	0.00210	0.00540
17	0.01118	0.01232	0.03360	0.01010	0.01173	0.30477	0.07255	0.04443	0.06360	0.03769	0.00877	0.04401	0.01796	0.01510	0.00693	0.00139	0.26462	0.03212	0.00238	0.00475
18	0.13288	0.05338	0.01174	0.03357	0.06278	0.01168	0.00745	0.56409	0.02845	0.02151	0.00857	0.00905	0.00630	0.00451	0.00392	0.00120	0.02604	0.00331	0.00340	0.00616
19	0.06966	0.11498	0.30694	0.00941	0.05217	0.00866	0.06142	0.01174	0.03927	0.04010	0.01015	0.03767	0.05780	0.02696	0.00402	0.00119	0.00444	0.00360	0.00227	0.13755
20	0.05288	0.07444	0.19069	0.02315	0.15770	0.00865	0.08248	0.03542	0.02481	0.26867	0.02407	0.02280	0.00781	0.00426	0.00384	0.00121	0.00450	0.00367	0.00297	0.00597
21	0.16277	0.02844	0.06131	0.18713	0.11856	0.05101	0.00829	0.09658	0.00982	0.18445	0.00913	0.03171	0.00684	0.00440	0.00386	0.00124	0.02271	0.00347	0.00284	0.00543

[dist]
# distance from previous block
# <min> <max>
1	20

[block]
# block no. 8 follows, 68 sequences, length 6
# corresponding to MSA columns:
# 232-237
name=unknown_I
#
# <colnr> <probs for GDERKNQSTAVLIFYWHMCP>
#	G	D	E	R	K	N	Q	S	T	A	V	L	I	F	Y	W	H	M	C	P
0	0.04233	0.06850	0.13832	0.09359	0.06599	0.11647	0.11213	0.03146	0.04558	0.09134	0.01063	0.01170	0.06941	0.00458	0.00440	0.00122	0.05590	0.00373	0.00246	0.03025
1	0.02989	0.02935	0.15849	0.09314	0.09104	0.05688	0.07493	0.05336	0.03508	0.09581	0.01148	0.06748	0.06190	0.00483	0.00389	0.00118	0.00446	0.00415	0.00264	0.12003
2	0.09595	0.01036	0.08573	0.00790	0.01092	0.06069	0.00688	0.35489	0.01300	0.07930	0.03978	0.04879	0.00851	0.00476	0.00367	0.00112	0.00400	0.00367	0.03774	0.12230
3	0.00989	0.18806	0.06904	0.00721	0.00961	0.08472	0.00632	0.02893	0.04666	0.12423	0.04236	0.18128	0.01320	0.00644	0.00391	0.00121	0.00381	0.08151	0.00306	0.08855
4	0.00693	0.00490	0.00751	0.00674	0.00771	0.00514	0.07920	0.00809	0.00683	0.07032	0.01133	0.01817	0.01094	0.28189	0.45118	0.00475	0.00763	0.00474	0.00240	0.00359
5	0.07515	0.03210	0.03395	0.00762	0.02925	0.03655	0.00612	0.13130	0.20279	0.18355	0.01546	0.04114	0.09410	0.00559	0.00389	0.00123	0.00348	0.02712	0.01958	0.05004

[dist]
# distance from previous block
# <min> <max>
1	2

[block]
# block no. 9 follows, 68 sequences, length 8
# corresponding to MSA columns:
# 240-247
name=unknown_J
#
# <colnr> <probs for GDERKNQSTAVLIFYWHMCP>
#	G	D	E	R	K	N	Q	S	T	A	V	L	I	F	Y	W	H	M	C	P
0	0.00570	0.00487	0.00558	0.00525	0.00640	0.00491	0.00406	0.00753	0.06270	0.01206	0.20306	0.03130	0.51242	0.00896	0.00563	0.00137	0.10358	0.00728	0.00362	0.00374
1	0.01060	0.86304	0.02078	0.00678	0.01018	0.01569	0.00678	0.01187	0.00806	0.00933	0.00551	0.00636	0.00509	0.00339	0.00254	0.00085	0.00424	0.00212	0.00170	0.00509
2	0.00822	0.00705	0.00822	0.00587	0.00940	0.00529	0.00470	0.00998	0.00822	0.01292	0.00705	0.00822	0.00587	0.00294	0.00294	0.00059	0.00294	0.00235	0.00235	0.88490
3	0.01779	0.00675	0.00920	0.00705	0.01012	0.00583	0.00583	0.01932	0.01135	0.83867	0.01564	0.01350	0.00981	0.00491	0.00399	0.00123	0.00337	0.00399	0.00491	0.00675
4	0.00792	0.00671	0.00800	0.00593	0.00912	0.00525	0.00473	0.00964	0.00800	0.01248	0.00747	0.00910	0.00635	0.00613	0.10334	0.00128	0.00385	0.00258	0.00232	0.77980
5	0.01032	0.00739	0.00870	0.00641	0.00978	0.00612	0.00517	0.07627	0.04499	0.14180	0.00897	0.00942	0.00682	0.00349	0.00323	0.00077	0.00313	0.00279	0.00295	0.64150
6	0.00842	0.00576	0.00708	0.00683	0.00819	0.00601	0.00535	0.11639	0.11851	0.08743	0.01781	0.25303	0.04483	0.03213	0.10527	0.00214	0.00406	0.16260	0.00365	0.00451
7	0.03159	0.02623	0.09115	0.00799	0.05259	0.00742	0.00664	0.13961	0.04989	0.17470	0.04344	0.01532	0.14062	0.00528	0.00406	0.00113	0.02471	0.00423	0.00335	0.17006

[dist]
# distance from previous block
# <min> <max>
1	15

[block]
# block no. 10 follows, 68 sequences, length 32
# corresponding to MSA columns:
# 267-298
name=unknown_K
#
# <colnr> <probs for GDERKNQSTAVLIFYWHMCP>
#	G	D	E	R	K	N	Q	S	T	A	V	L	I	F	Y	W	H	M	C	P
0	0.03134	0.03192	0.08873	0.03501	0.18180	0.04796	0.07771	0.10621	0.02238	0.06932	0.00970	0.05757	0.00829	0.00810	0.11925	0.00192	0.01773	0.02244	0.00258	0.06002
1	0.02427	0.21413	0.04886	0.01068	0.12765	0.11482	0.02397	0.18936	0.12478	0.02366	0.00885	0.02851	0.00715	0.00430	0.00356	0.00110	0.00455	0.00334	0.00271	0.03376
2	0.00533	0.00416	0.00477	0.00462	0.00572	0.00372	0.00339	0.00683	0.02822	0.01265	0.34284	0.07213	0.38793	0.07327	0.00581	0.00149	0.00215	0.00762	0.00383	0.02351
3	0.01993	0.13796	0.26058	0.01056	0.11139	0.00943	0.03591	0.09086	0.02575	0.05848	0.00871	0.00961	0.02884	0.00387	0.00352	0.00106	0.00448	0.00312	0.00236	0.17356
4	0.02195	0.05793	0.30838	0.01337	0.19642	0.03060	0.07763	0.10708	0.01948	0.06990	0.05305	0.01043	0.00774	0.00411	0.00388	0.00121	0.00499	0.00354	0.00244	0.00587
5	0.00499	0.00357	0.00472	0.00551	0.00584	0.00334	0.00377	0.00581	0.00791	0.01058	0.08302	0.72258	0.03757	0.03523	0.00546	0.00165	0.00237	0.04912	0.00370	0.00326
6	0.07297	0.01069	0.13602	0.20353	0.15623	0.00943	0.23656	0.07285	0.00934	0.01341	0.00796	0.01096	0.00626	0.00397	0.00407	0.00129	0.00538	0.03161	0.00213	0.00534
7	0.01917	0.08015	0.08949	0.06663	0.30185	0.03251	0.07960	0.09158	0.02877	0.09379	0.02748	0.02069	0.00761	0.02779	0.00445	0.00127	0.01518	0.00372	0.00253	0.00575
8	0.00784	0.05532	0.08472	0.00825	0.03998	0.03651	0.08183	0.01216	0.22470	0.02168	0.06098	0.09911	0.23689	0.00688	0.00427	0.00131	0.00353	0.00595	0.00325	0.00482
9	0.00494	0.00357	0.00480	0.00560	0.00592	0.00342	0.00384	0.00573	0.00754	0.01008	0.02125	0.73312	0.04862	0.01407	0.08959	0.00209	0.00316	0.02588	0.00352	0.00326
10	0.00789	0.00787	0.00673	0.00699	0.00793	0.22620	0.00518	0.00915	0.02526	0.01082	0.06279	0.40171	0.04824	0.00941	0.00465	0.00144	0.00377	0.13435	0.01587	0.00375
11	0.01115	0.75363	0.01954	0.00723	0.01045	0.12314	0.00690	0.01239	0.00847	0.00938	0.00559	0.00646	0.00509	0.00348	0.00268	0.00087	0.00462	0.00218	0.00174	0.00502
12	0.01006	0.05046	0.05646	0.05203	0.06527	0.00916	0.28362	0.02550	0.20239	0.09561	0.02209	0.01249	0.03404	0.00431	0.00411	0.00124	0.00471	0.00422	0.00286	0.05938
13	0.05526	0.08298	0.14750	0.02258	0.17104	0.12330	0.04127	0.23367	0.05774	0.01583	0.00803	0.00901	0.00615	0.00408	0.00371	0.00117	0.00501	0.00323	0.00259	0.00585
14	0.00771	0.00753	0.08905	0.02171	0.18753	0.00634	0.07099	0.02021	0.05069	0.05777	0.02665	0.39330	0.02802	0.00790	0.00451	0.00141	0.00366	0.00725	0.00306	0.00472
15	0.00988	0.02846	0.00893	0.00647	0.00965	0.00693	0.00523	0.15924	0.04854	0.04399	0.00863	0.00940	0.00676	0.00359	0.00319	0.00079	0.00317	0.00282	0.06917	0.56515
16	0.00488	0.00350	0.00464	0.00554	0.00582	0.00327	0.00375	0.00561	0.00767	0.01019	0.02225	0.81304	0.04466	0.01232	0.00507	0.00161	0.00234	0.03693	0.00368	0.00324
17	0.00576	0.00387	0.00448	0.00448	0.00453	0.00393	0.00259	0.00586	0.00581	0.00780	0.01235	0.02516	0.01408	0.79801	0.08236	0.00403	0.00435	0.00565	0.00238	0.00249
18	0.00795	0.02510	0.35740	0.02973	0.17309	0.00828	0.10832	0.01108	0.00853	0.01220	0.03692	0.09546	0.00959	0.00630	0.04556	0.00156	0.01517	0.04032	0.00217	0.00528
19	0.00749	0.00705	0.01189	0.85113	0.02731	0.00881	0.01101	0.01013	0.00793	0.01013	0.00705	0.01057	0.00529	0.00396	0.00396	0.00132	0.00529	0.00352	0.00176	0.00440
20	0.00566	0.00425	0.00637	0.00637	0.00708	0.00496	0.00496	0.00708	0.00637	0.00920	0.01062	0.01558	0.00991	0.02974	0.84494	0.00637	0.01062	0.00425	0.00212	0.00354
21	0.00766	0.00723	0.01221	0.78879	0.08827	0.00886	0.01110	0.01028	0.00801	0.01034	0.00708	0.01051	0.00536	0.00393	0.00396	0.00131	0.00524	0.00352	0.00178	0.00455
22	0.01713	0.00660	0.00899	0.00694	0.00989	0.00571	0.00571	0.01868	0.01134	0.79407	0.06000	0.01437	0.01131	0.00508	0.00402	0.00123	0.00329	0.00416	0.00488	0.00658
23	0.00639	0.00456	0.00639	0.00730	0.00821	0.00456	0.00639	0.00821	0.00913	0.01187	0.02099	0.04472	0.02282	0.01095	0.00548	0.00183	0.00365	0.80924	0.00365	0.00365
24	0.00577	0.00384	0.00432	0.00432	0.00432	0.00384	0.00240	0.00577	0.00577	0.00769	0.01249	0.02595	0.01441	0.86066	0.02018	0.00384	0.00384	0.00577	0.00240	0.00240
25	0.10077	0.00694	0.00963	0.28460	0.01538	0.00737	0.00738	0.04386	0.02575	0.37527	0.01121	0.01186	0.00771	0.00635	0.06723	0.00165	0.00455	0.00366	0.00336	0.00548
26	0.00483	0.00345	0.00460	0.00552	0.00575	0.00322	0.00368	0.00552	0.00759	0.01012	0.02185	0.85807	0.02622	0.01242	0.00506	0.00161	0.00230	0.01127	0.00368	0.00322
27	0.00749	0.00705	0.01189	0.85113	0.02731	0.00881	0.01101	0.01013	0.00793	0.01013	0.00705	0.01057	0.00529	0.00396	0.00396	0.00132	0.00529	0.00352	0.00176	0.00440
28	0.01176	0.58262	0.04636	0.00796	0.01104	0.26216	0.00732	0.01307	0.00901	0.00955	0.00575	0.00667	0.00509	0.00361	0.00289	0.00091	0.00516	0.00228	0.00180	0.00497
29	0.00578	0.01738	0.00522	0.02438	0.00655	0.00399	0.00387	0.00703	0.03091	0.05046	0.04853	0.36627	0.33782	0.03204	0.01896	0.00159	0.00256	0.02946	0.00363	0.00359
30	0.44909	0.02330	0.00748	0.00617	0.00861	0.07070	0.00501	0.03318	0.00911	0.23874	0.09192	0.01093	0.00934	0.00452	0.00322	0.00120	0.00337	0.00324	0.01588	0.00499
31	0.04460	0.02955	0.01080	0.03195	0.01176	0.07448	0.02919	0.32910	0.32544	0.03160	0.01184	0.03272	0.00901	0.00501	0.00392	0.00125	0.00408	0.00398	0.00363	0.00608

[dist]
# distance from previous block
# <min> <max>
2	11

[block]
# block no. 11 follows, 68 sequences, length 10
# corresponding to MSA columns:
# 310-319
name=unknown_L
#
# <colnr> <probs for GDERKNQSTAVLIFYWHMCP>
#	G	D	E	R	K	N	Q	S	T	A	V	L	I	F	Y	W	H	M	C	P
0	0.01669	0.03451	0.01016	0.00755	0.01062	0.00773	0.00626	0.20053	0.04001	0.60182	0.01396	0.01242	0.00905	0.00484	0.00394	0.00121	0.00362	0.00385	0.00457	0.00668
1	0.00590	0.00405	0.00479	0.00463	0.00571	0.00365	0.00346	0.00742	0.00999	0.03995	0.41612	0.07730	0.27529	0.00840	0.00444	0.00125	0.00198	0.00723	0.11476	0.00368
2	0.00796	0.13141	0.20769	0.02464	0.03259	0.06450	0.05972	0.02709	0.00835	0.01103	0.01205	0.30033	0.01269	0.02164	0.01786	0.00145	0.04604	0.00590	0.00249	0.00456
3	0.01624	0.00727	0.01054	0.01041	0.17052	0.00653	0.00706	0.01793	0.01090	0.67829	0.01405	0.01278	0.00913	0.00464	0.00398	0.00122	0.00363	0.00390	0.00434	0.00666
4	0.00479	0.00359	0.00445	0.00514	0.00565	0.00325	0.00351	0.00556	0.00795	0.01027	0.02646	0.65184	0.22948	0.01182	0.00497	0.00154	0.00223	0.01054	0.00368	0.00325
5	0.18632	0.00706	0.00849	0.00671	0.00958	0.00674	0.00552	0.05060	0.03255	0.60000	0.01336	0.01203	0.00869	0.00467	0.00365	0.00122	0.00330	0.00362	0.02971	0.00617
6	0.01058	0.16154	0.23851	0.06504	0.13359	0.01077	0.01003	0.14121	0.09447	0.06373	0.00865	0.00953	0.00652	0.00415	0.00388	0.00119	0.02496	0.00325	0.00253	0.00589
7	0.71951	0.00749	0.00648	0.00557	0.00814	0.00830	0.00459	0.01314	0.00764	0.17723	0.00749	0.00781	0.00537	0.00392	0.00275	0.00123	0.00313	0.00250	0.00293	0.00477
8	0.00539	0.00381	0.00432	0.00448	0.00478	0.00363	0.00275	0.00571	0.00673	0.00872	0.01958	0.18009	0.17582	0.54073	0.01441	0.00295	0.00321	0.00728	0.00288	0.00274
9	0.05604	0.12558	0.05946	0.04124	0.12103	0.21187	0.00807	0.07818	0.08147	0.15199	0.00900	0.00950	0.00675	0.00423	0.00375	0.00114	0.01913	0.00317	0.00278	0.00561

[dist]
# distance from previous block
# <min> <max>
1	2

[block]
# block no. 12 follows, 68 sequences, length 52
# corresponding to MSA columns:
# 323-374
name=unknown_M
#
# <colnr> <probs for GDERKNQSTAVLIFYWHMCP>
#	G	D	E	R	K	N	Q	S	T	A	V	L	I	F	Y	W	H	M	C	P
0	0.02773	0.14747	0.09442	0.02001	0.09195	0.02368	0.00736	0.13392	0.03584	0.01425	0.00746	0.00847	0.00598	0.00355	0.00326	0.00090	0.00394	0.00275	0.00243	0.36465
1	0.01507	0.01111	0.01190	0.00912	0.01230	0.01230	0.00754	0.82270	0.01864	0.02499	0.00952	0.00952	0.00674	0.00476	0.00397	0.00119	0.00436	0.00357	0.00397	0.00674
2	0.01739	0.00684	0.00922	0.00705	0.01014	0.00593	0.00582	0.03377	0.01137	0.79379	0.01522	0.01323	0.00962	0.00483	0.00395	0.00120	0.00338	0.00392	0.00480	0.03855
3	0.00483	0.00345	0.00460	0.00552	0.00575	0.00322	0.00368	0.00552	0.00759	0.01012	0.02185	0.85807	0.02622	0.01242	0.00506	0.00161	0.00230	0.01127	0.00368	0.00322
4	0.00577	0.00384	0.00432	0.00432	0.00432	0.00384	0.00240	0.00577	0.00577	0.00769	0.01249	0.02595	0.01441	0.86066	0.02018	0.00384	0.00384	0.00577	0.00240	0.00240
5	0.00854	0.00812	0.01379	0.47744	0.39278	0.00909	0.01153	0.01105	0.00843	0.01141	0.00723	0.01023	0.00574	0.00377	0.00395	0.00126	0.00503	0.00353	0.00185	0.00525
6	0.00867	0.00867	0.01214	0.01041	0.01041	0.01214	0.00867	0.00954	0.00607	0.00954	0.00520	0.00867	0.00520	0.00694	0.01301	0.00173	0.85340	0.00347	0.00173	0.00434
7	0.00795	0.02051	0.84011	0.01130	0.01716	0.00921	0.01465	0.01256	0.00837	0.01256	0.00712	0.00837	0.00502	0.00377	0.00377	0.00126	0.00586	0.00293	0.00167	0.00586
8	0.00479	0.00402	0.00416	0.00413	0.00542	0.00339	0.00309	0.00589	0.00928	0.01129	0.12886	0.03720	0.74526	0.00983	0.00468	0.00133	0.00199	0.00823	0.00376	0.00339
9	0.01681	0.00646	0.00868	0.00674	0.00960	0.00563	0.00554	0.01837	0.01106	0.76082	0.01539	0.01362	0.00985	0.00488	0.00387	0.00120	0.00323	0.00396	0.08784	0.00646
10	0.00572	0.00403	0.00529	0.00529	0.00562	0.00437	0.00360	0.00638	0.00605	0.00840	0.01161	0.02108	0.01230	0.47036	0.40759	0.00503	0.00703	0.00505	0.00227	0.00294
11	0.00550	0.00405	0.00515	0.00487	0.00586	0.00369	0.00365	0.00727	0.01096	0.01528	0.73916	0.03064	0.13247	0.00834	0.00468	0.00126	0.00189	0.00731	0.00428	0.00369
12	0.00575	0.00385	0.00439	0.00445	0.00448	0.00384	0.00256	0.00582	0.00592	0.00789	0.01305	0.05598	0.01506	0.80761	0.01925	0.00371	0.00378	0.02766	0.00248	0.00247
13	0.88866	0.00767	0.00583	0.00521	0.00767	0.00889	0.00429	0.01166	0.00675	0.01779	0.00552	0.00644	0.00429	0.00368	0.00245	0.00123	0.00307	0.00215	0.00245	0.00429
14	0.00928	0.01127	0.07159	0.01639	0.02051	0.00998	0.77391	0.01269	0.00930	0.01269	0.00797	0.01056	0.00596	0.00337	0.00463	0.00133	0.00664	0.00458	0.00199	0.00538
15	0.00524	0.00383	0.00502	0.00582	0.00638	0.00361	0.00435	0.00629	0.00820	0.01068	0.02396	0.52734	0.12881	0.01171	0.00513	0.00164	0.00264	0.23232	0.00367	0.00336
16	0.16602	0.03324	0.00925	0.02872	0.01000	0.00876	0.04867	0.32257	0.01210	0.04620	0.01107	0.08122	0.02533	0.00515	0.00357	0.00118	0.00354	0.00411	0.17413	0.00518
17	0.01227	0.08248	0.01245	0.00973	0.01136	0.28455	0.00791	0.17049	0.01048	0.02937	0.00658	0.00825	0.00556	0.00525	0.00712	0.00131	0.32441	0.00309	0.00233	0.00500
18	0.00850	0.00724	0.00852	0.00649	0.03055	0.00571	0.00501	0.03943	0.02432	0.01347	0.01989	0.00876	0.00651	0.00314	0.00305	0.00065	0.00302	0.00254	0.00246	0.80074
19	0.01238	0.01936	0.00853	0.00694	0.00880	0.00636	0.00563	0.01380	0.00983	0.43084	0.13742	0.06092	0.03630	0.00710	0.03510	0.00150	0.14267	0.00485	0.04632	0.00534
20	0.01379	0.00974	0.01063	0.00836	0.01122	0.01058	0.00683	0.59100	0.09364	0.09499	0.05231	0.01293	0.05496	0.00529	0.00405	0.00122	0.00391	0.00413	0.00406	0.00637
21	0.00528	0.00414	0.00499	0.00511	0.02705	0.00369	0.00365	0.00673	0.01003	0.01329	0.42915	0.08160	0.37281	0.00906	0.00468	0.00131	0.00203	0.00782	0.00397	0.00361
22	0.00835	0.02931	0.00944	0.00654	0.01008	0.00583	0.05295	0.01019	0.00828	0.01281	0.00707	0.00832	0.00586	0.00297	0.00303	0.00064	0.00319	0.00248	0.00231	0.81034
23	0.01412	0.00819	0.00992	0.02865	0.02649	0.01952	0.00646	0.26745	0.01253	0.34407	0.01162	0.01179	0.00818	0.02851	0.02627	0.00138	0.05466	0.00370	0.04394	0.07256
24	0.00492	0.00352	0.00471	0.00563	0.00590	0.00330	0.00384	0.00568	0.00768	0.01022	0.02180	0.81008	0.02602	0.01234	0.00509	0.00162	0.00238	0.05836	0.00368	0.00325
25	0.00699	0.00567	0.00686	0.00674	0.03983	0.00572	0.02849	0.05796	0.17907	0.01391	0.17216	0.16639	0.24714	0.00817	0.00447	0.00134	0.00264	0.00709	0.03497	0.00439
26	0.02015	0.02685	0.29592	0.06467	0.31100	0.00901	0.02342	0.05012	0.01989	0.10630	0.00854	0.00987	0.00634	0.00390	0.00383	0.00121	0.00488	0.00337	0.02477	0.00598
27	0.00870	0.00539	0.00680	0.02298	0.00784	0.00526	0.00469	0.06509	0.07897	0.15602	0.52514	0.04489	0.02733	0.00710	0.00443	0.00125	0.00248	0.00616	0.01483	0.00466
28	0.00537	0.00359	0.00479	0.00559	0.00593	0.00333	0.00377	0.00610	0.00775	0.04482	0.02159	0.82270	0.02554	0.01211	0.00502	0.00159	0.00235	0.01097	0.00373	0.00337
29	0.17944	0.01047	0.07092	0.04248	0.15382	0.05895	0.06419	0.22360	0.02192	0.08818	0.00843	0.00946	0.00628	0.00489	0.02870	0.00137	0.01502	0.00333	0.00284	0.00569
30	0.01154	0.35969	0.01532	0.16870	0.02604	0.32445	0.00802	0.01299	0.00921	0.00968	0.00606	0.00754	0.00515	0.00382	0.00338	0.00102	0.01818	0.00259	0.00184	0.00478
31	0.03366	0.02091	0.16632	0.02682	0.14906	0.00758	0.03051	0.02122	0.13642	0.09086	0.07200	0.10502	0.01266	0.02882	0.00454	0.00136	0.00396	0.04710	0.00301	0.03817
32	0.06306	0.03408	0.25115	0.04008	0.11243	0.22037	0.03229	0.13010	0.04205	0.01394	0.00746	0.00863	0.00571	0.00405	0.00385	0.00118	0.01868	0.00307	0.00228	0.00554
33	0.00799	0.02022	0.81596	0.01146	0.01727	0.00923	0.03851	0.01256	0.00840	0.01256	0.00714	0.00844	0.00505	0.00375	0.00379	0.00126	0.00588	0.00298	0.00168	0.00584
34	0.01366	0.06901	0.08118	0.00806	0.01085	0.00817	0.02543	0.10885	0.01102	0.41761	0.08523	0.01334	0.01075	0.00525	0.00499	0.00127	0.10072	0.01489	0.00380	0.00594
35	0.17511	0.12452	0.11566	0.00756	0.01093	0.00984	0.00704	0.21201	0.01053	0.04035	0.00736	0.00815	0.00567	0.00389	0.00354	0.00103	0.03405	0.00274	0.00265	0.21737
36	0.00639	0.00456	0.00639	0.00730	0.00821	0.00456	0.00639	0.00821	0.00913	0.01187	0.02099	0.04472	0.02282	0.01095	0.00548	0.00183	0.00365	0.80924	0.00365	0.00365
37	0.00561	0.00405	0.00530	0.00499	0.00592	0.00374	0.00374	0.00748	0.01122	0.01590	0.83383	0.02962	0.03741	0.00811	0.00468	0.00125	0.00187	0.00717	0.00436	0.00374
38	0.00749	0.00705	0.01189	0.85113	0.02731	0.00881	0.01101	0.01013	0.00793	0.01013	0.00705	0.01057	0.00529	0.00396	0.00396	0.00132	0.00529	0.00352	0.00176	0.00440
39	0.00867	0.00867	0.01214	0.01041	0.01041	0.01214	0.00867	0.00954	0.00607	0.00954	0.00520	0.00867	0.00520	0.00694	0.01301	0.00173	0.85340	0.00347	0.00173	0.00434
40	0.00795	0.02051	0.84011	0.01130	0.01716	0.00921	0.01465	0.01256	0.00837	0.01256	0.00712	0.00837	0.00502	0.00377	0.00377	0.00126	0.00586	0.00293	0.00167	0.00586
41	0.01779	0.00675	0.00920	0.00705	0.01012	0.00583	0.00583	0.01932	0.01135	0.83867	0.01564	0.01350	0.00981	0.00491	0.00399	0.00123	0.00337	0.00399	0.00491	0.00675
42	0.01728	0.00663	0.00904	0.00697	0.00995	0.00574	0.00574	0.01883	0.01134	0.80421	0.04991	0.01417	0.01097	0.00504	0.00402	0.00123	0.00331	0.00412	0.00488	0.00662
