[name]
unknown

[dist]
# distance from previous block
# <min> <max>
0	128

[block]
# block no. 0 follows, 71 sequences, length 51
# corresponding to MSA columns:
# 186-236
name=unknown_A
#
# <colnr> <probs for GDERKNQSTAVLIFYWHMCP>
#	G	D	E	R	K	N	Q	S	T	A	V	L	I	F	Y	W	H	M	C	P
0	0.00770	0.00626	0.00716	0.00591	0.00826	0.01498	0.00461	0.01095	0.15655	0.02870	0.12831	0.08400	0.03190	0.00519	0.00356	0.00095	0.00270	0.02741	0.03149	0.43339
1	0.00537	0.00391	0.00502	0.00475	0.00566	0.00359	0.00354	0.00708	0.01060	0.01488	0.76850	0.02912	0.08974	0.02559	0.00483	0.00126	0.00186	0.00698	0.00414	0.00357
2	0.12865	0.00637	0.00796	0.00632	0.00893	0.00588	0.00517	0.03740	0.01050	0.59472	0.10883	0.01459	0.03738	0.00510	0.00376	0.00119	0.00304	0.00410	0.00432	0.00578
3	0.00543	0.00375	0.00426	0.00428	0.00451	0.00365	0.00259	0.00572	0.00641	0.00845	0.07187	0.05093	0.11109	0.66810	0.01609	0.00317	0.00334	0.02115	0.00265	0.00256
4	0.00795	0.00681	0.00795	0.00568	0.00909	0.00511	0.00454	0.00965	0.00795	0.01249	0.00681	0.00795	0.00568	0.00284	0.00284	0.00057	0.00284	0.00227	0.00227	0.88869
5	0.00967	0.00830	0.00874	0.00783	0.01002	0.00960	0.00610	0.04172	0.81284	0.01625	0.01544	0.01417	0.01157	0.00519	0.00390	0.00130	0.00307	0.00431	0.00390	0.00608
6	0.00769	0.01983	0.84538	0.01093	0.01659	0.00890	0.01417	0.01214	0.00810	0.01214	0.00688	0.00810	0.00486	0.00364	0.00364	0.00121	0.00567	0.00283	0.00162	0.00567
7	0.00954	0.00824	0.00867	0.00780	0.00997	0.00954	0.00607	0.02037	0.83441	0.01604	0.01561	0.01431	0.01170	0.00520	0.00390	0.00130	0.00303	0.00433	0.00390	0.00607
8	0.00543	0.00392	0.00513	0.00482	0.00573	0.00362	0.00362	0.00724	0.01085	0.01538	0.83931	0.02864	0.03618	0.00784	0.00452	0.00121	0.00181	0.00693	0.00422	0.00362
9	0.00548	0.00411	0.00616	0.00616	0.00685	0.00479	0.00479	0.00685	0.00616	0.00890	0.01027	0.01506	0.00959	0.02876	0.85006	0.00616	0.01027	0.00411	0.00205	0.00342
10	0.89233	0.00741	0.00564	0.00504	0.00741	0.00860	0.00415	0.01127	0.00653	0.01720	0.00534	0.00623	0.00415	0.00356	0.00237	0.00119	0.00297	0.00208	0.00237	0.00415
11	0.00467	0.00334	0.00445	0.00534	0.00556	0.00311	0.00356	0.00534	0.00734	0.00979	0.02113	0.86275	0.02536	0.01201	0.00489	0.00156	0.00222	0.01090	0.00356	0.00311
12	0.68669	0.00734	0.00648	0.00552	0.00804	0.00810	0.00455	0.03799	0.00779	0.18612	0.00746	0.00771	0.00531	0.00383	0.00272	0.00119	0.00307	0.00248	0.00290	0.00471
13	0.13726	0.00676	0.00852	0.00663	0.00952	0.00621	0.00548	0.03926	0.01055	0.70865	0.01363	0.01201	0.00868	0.00458	0.00365	0.00119	0.00325	0.00360	0.00440	0.00620
14	0.01162	0.31453	0.01374	0.02412	0.03273	0.11079	0.00675	0.26069	0.01137	0.03800	0.01969	0.05244	0.00723	0.00444	0.00353	0.00103	0.02571	0.00325	0.02756	0.03078
15	0.01429	0.00647	0.00821	0.00649	0.00910	0.00589	0.00529	0.11156	0.01143	0.57378	0.05337	0.01722	0.14801	0.00568	0.00399	0.00120	0.00309	0.00464	0.00442	0.00586
16	0.00728	0.02228	0.00724	0.03137	0.00844	0.02174	0.01699	0.03338	0.30426	0.01221	0.01591	0.32756	0.01588	0.02942	0.09128	0.02756	0.00374	0.01579	0.00331	0.00436
17	0.01174	0.10075	0.01197	0.25809	0.01581	0.38633	0.00818	0.12635	0.01056	0.01161	0.00669	0.00825	0.00529	0.00395	0.00351	0.00108	0.00564	0.00286	0.01665	0.00471
18	0.02361	0.13964	0.17094	0.00850	0.01202	0.02235	0.02961	0.28988	0.10831	0.05300	0.00880	0.00913	0.00654	0.00405	0.00349	0.00107	0.00423	0.00312	0.00287	0.09883
19	0.06040	0.13617	0.10914	0.08016	0.08299	0.03806	0.09153	0.15130	0.05487	0.10944	0.02201	0.01001	0.01860	0.00407	0.00360	0.00114	0.00446	0.00337	0.00267	0.01602
20	0.02969	0.00705	0.00895	0.00699	0.00979	0.00662	0.00573	0.14334	0.03375	0.63226	0.01416	0.03697	0.00947	0.00492	0.00382	0.00119	0.00332	0.00397	0.03170	0.00629
21	0.00690	0.00438	0.00559	0.00518	0.00633	0.00408	0.00392	0.03204	0.02248	0.10308	0.56602	0.12249	0.07143	0.00789	0.00443	0.00124	0.00211	0.00693	0.01949	0.00397
22	0.00964	0.00981	0.06724	0.14838	0.28802	0.05682	0.09847	0.14645	0.01009	0.01357	0.00864	0.07265	0.00746	0.00442	0.00393	0.00120	0.00477	0.01551	0.00234	0.03057
23	0.27506	0.01054	0.02459	0.11874	0.14147	0.19619	0.00758	0.10687	0.00938	0.01407	0.00691	0.02094	0.00568	0.00412	0.00359	0.00117	0.02896	0.01703	0.00230	0.00481
24	0.00459	0.00386	0.00398	0.00401	0.00523	0.00325	0.00298	0.00559	0.00878	0.01060	0.08118	0.07829	0.75511	0.00973	0.00455	0.00130	0.00195	0.00817	0.00360	0.00325
25	0.00548	0.00391	0.00526	0.00531	0.00568	0.00426	0.00371	0.00625	0.00598	0.00834	0.01157	0.06214	0.01218	0.37222	0.46538	0.00492	0.00717	0.00506	0.00224	0.00295
26	0.01179	0.00850	0.03581	0.08273	0.29599	0.00842	0.00863	0.13692	0.06492	0.22821	0.01097	0.01154	0.03297	0.00452	0.00424	0.01299	0.02814	0.00372	0.00307	0.00590
27	0.01238	0.00590	0.00753	0.02105	0.00875	0.00547	0.00504	0.01487	0.11141	0.47843	0.05784	0.09337	0.12141	0.03277	0.00456	0.00133	0.00295	0.00529	0.00423	0.00543
28	0.00949	0.00911	0.01556	0.02353	0.84133	0.00911	0.01177	0.01177	0.00873	0.01253	0.00721	0.00949	0.00607	0.00342	0.00380	0.00114	0.00456	0.00342	0.00190	0.00607
29	0.43264	0.01055	0.00995	0.08107	0.06790	0.21946	0.09038	0.02572	0.00831	0.01391	0.00605	0.00743	0.00477	0.00365	0.00311	0.00115	0.00462	0.00265	0.00216	0.00451
30	0.00724	0.00681	0.01150	0.85604	0.02641	0.00852	0.01065	0.00980	0.00767	0.00980	0.00681	0.01022	0.00511	0.00383	0.00383	0.00128	0.00511	0.00341	0.00170	0.00426
31	0.00795	0.00681	0.00795	0.00568	0.00909	0.00511	0.00454	0.00965	0.00795	0.01249	0.00681	0.00795	0.00568	0.00284	0.00284	0.00057	0.00284	0.00227	0.00227	0.88869
32	0.01432	0.00951	0.01112	0.00853	0.01154	0.06889	0.07072	0.37712	0.01370	0.28255	0.01112	0.01077	0.02240	0.00447	0.00381	0.00112	0.00415	0.00360	0.00373	0.06682
33	0.01025	0.86756	0.02009	0.00656	0.00984	0.01517	0.00656	0.01148	0.00779	0.00902	0.00533	0.00615	0.00492	0.00328	0.00246	0.00082	0.00410	0.00205	0.00164	0.00492
34	0.01432	0.01827	0.01087	0.00988	0.01185	0.84986	0.00741	0.01531	0.01087	0.00938	0.00593	0.00691	0.00494	0.00395	0.00346	0.00099	0.00691	0.00247	0.00198	0.00444
35	0.00795	0.00681	0.00795	0.00568	0.00909	0.00511	0.00454	0.00965	0.00795	0.01249	0.00681	0.00795	0.00568	0.00284	0.00284	0.00057	0.00284	0.00227	0.00227	0.88869
36	0.00467	0.00334	0.00445	0.00534	0.00556	0.00311	0.00356	0.00534	0.00734	0.00979	0.02113	0.86275	0.02536	0.01201	0.00489	0.00156	0.00222	0.01090	0.00356	0.00311
37	0.00470	0.00403	0.00409	0.00398	0.00538	0.00333	0.00300	0.00571	0.00870	0.01047	0.03722	0.03543	0.79752	0.00936	0.00445	0.00126	0.00199	0.00780	0.00350	0.04810
38	0.00644	0.00473	0.00577	0.00527	0.00648	0.00462	0.00402	0.05901	0.07945	0.02811	0.64350	0.02668	0.09599	0.00752	0.00442	0.00122	0.00209	0.00655	0.00413	0.00401
39	0.00884	0.00829	0.01160	0.00990	0.01005	0.01143	0.00825	0.00971	0.00613	0.05152	0.00554	0.00862	0.00526	0.00661	0.01214	0.00165	0.81492	0.00338	0.00183	0.00431
40	0.00547	0.00396	0.00488	0.00462	0.00565	0.00357	0.00346	0.00702	0.01021	0.03230	0.60441	0.03025	0.23312	0.02831	0.00486	0.00129	0.00192	0.00712	0.00403	0.00356
41	0.04825	0.02762	0.01024	0.00780	0.01053	0.01013	0.00644	0.57435	0.01516	0.11832	0.00998	0.01005	0.00710	0.00457	0.00377	0.00113	0.01866	0.00343	0.10647	0.00601
42	0.03567	0.20064	0.01326	0.00823	0.01132	0.01254	0.00705	0.62684	0.01547	0.02063	0.00825	0.00845	0.00611	0.00428	0.00349	0.00108	0.00416	0.00311	0.00331	0.00611
43	0.00542	0.00429	0.00594	0.07876	0.00806	0.00430	0.02787	0.01649	0.01928	0.01058	0.08072	0.44832	0.14687	0.02992	0.04796	0.00174	0.01626	0.04051	0.00328	0.00344
44	0.01040	0.24340	0.15050	0.07819	0.08276	0.06315	0.05770	0.11479	0.05699	0.05122	0.01654	0.00887	0.00623	0.00390	0.00364	0.00109	0.02452	0.00305	0.00229	0.02079
45	0.00700	0.00612	0.01091	0.00960	0.01127	0.00600	0.24123	0.00902	0.00866	0.01145	0.01602	0.06558	0.01673	0.00853	0.00550	0.02692	0.02323	0.50929	0.00298	0.00394
46	0.00493	0.00344	0.00458	0.00536	0.00566	0.00323	0.00363	0.00565	0.00744	0.02165	0.04149	0.78128	0.02479	0.03111	0.02207	0.00169	0.00244	0.02286	0.00353	0.00317
47	0.00942	0.05011	0.12630	0.32924	0.13513	0.14313	0.04019	0.04652	0.02540	0.02231	0.00729	0.02232	0.00576	0.00396	0.00385	0.00119	0.01766	0.00330	0.00197	0.00494
48	0.05947	0.05521	0.11348	0.27648	0.04658	0.02561	0.02626	0.17115	0.12465	0.05121	0.00873	0.00993	0.00645	0.00412	0.00367	0.00120	0.00451	0.00335	0.00260	0.00534
49	0.00539	0.00419	0.00570	0.03472	0.08058	0.00405	0.00448	0.00652	0.01873	0.01032	0.03011	0.50990	0.15120	0.03848	0.03399	0.00167	0.00282	0.02486	0.02878	0.00349
50	0.00518	0.00377	0.00463	0.00493	0.00564	0.00346	0.00347	0.00637	0.02670	0.02776	0.19060	0.43305	0.21812	0.04145	0.00522	0.00149	0.00217	0.00896	0.00368	0.00335

[dist]
# distance from previous block
# <min> <max>
1	38

[block]
# block no. 1 follows, 71 sequences, length 25
# corresponding to MSA columns:
# 275-299
name=unknown_B
#
# <colnr> <probs for GDERKNQSTAVLIFYWHMCP>
#	G	D	E	R	K	N	Q	S	T	A	V	L	I	F	Y	W	H	M	C	P
0	0.00891	0.03696	0.13810	0.02431	0.03212	0.12512	0.00703	0.01171	0.09406	0.04300	0.04952	0.08148	0.03407	0.01869	0.00440	0.00112	0.05724	0.00393	0.00255	0.22568
1	0.00495	0.00387	0.00450	0.00463	0.00557	0.00352	0.00344	0.00602	0.00846	0.01078	0.14775	0.13513	0.43994	0.07231	0.07002	0.00189	0.00284	0.06770	0.00345	0.00325
2	0.00892	0.00768	0.00848	0.00627	0.00946	0.03927	0.00502	0.10472	0.00926	0.01373	0.02588	0.00853	0.00643	0.00327	0.00320	0.00069	0.01874	0.00254	0.00247	0.71543
3	0.01044	0.05986	0.18405	0.03279	0.09903	0.01633	0.02328	0.08773	0.03195	0.17158	0.03777	0.05037	0.00841	0.00439	0.00376	0.00109	0.01648	0.00362	0.00281	0.15426
4	0.00857	0.00717	0.06522	0.05070	0.00911	0.04834	0.00548	0.11560	0.02390	0.12145	0.12870	0.05460	0.31694	0.00716	0.00422	0.00125	0.00313	0.02047	0.00353	0.00447
5	0.00554	0.00409	0.00606	0.00606	0.00675	0.00474	0.00471	0.00693	0.00624	0.00911	0.01036	0.01503	0.00959	0.02780	0.81667	0.00595	0.00994	0.00409	0.03690	0.00343
6	0.00864	0.02893	0.14570	0.15841	0.08971	0.03508	0.14870	0.05408	0.01721	0.02887	0.02010	0.07781	0.01946	0.00499	0.00541	0.00132	0.14438	0.00417	0.00216	0.00488
7	0.00981	0.00739	0.05082	0.02217	0.05932	0.01488	0.00577	0.06661	0.01957	0.17969	0.07916	0.01422	0.10405	0.00466	0.00357	0.00096	0.00316	0.00385	0.00313	0.34722
8	0.00468	0.00339	0.00443	0.00523	0.00554	0.00314	0.00352	0.00540	0.00753	0.00998	0.04459	0.78407	0.08087	0.01174	0.00486	0.00153	0.00219	0.01060	0.00358	0.00314
9	0.00559	0.00436	0.00497	0.00505	0.00631	0.00403	0.00403	0.00750	0.06515	0.02746	0.09924	0.03575	0.50233	0.00937	0.00466	0.00140	0.00242	0.20313	0.00365	0.00360
10	0.00971	0.15904	0.26187	0.09500	0.17051	0.06683	0.04635	0.10068	0.02262	0.01261	0.00702	0.00848	0.00546	0.00372	0.00364	0.00113	0.01487	0.00301	0.00200	0.00546
11	0.00914	0.00816	0.03739	0.26827	0.24350	0.00859	0.07998	0.02008	0.02548	0.09430	0.00941	0.01180	0.03945	0.00447	0.00490	0.00128	0.09985	0.01798	0.01088	0.00510
12	0.00552	0.00381	0.00452	0.00460	0.00466	0.00390	0.00278	0.00570	0.00587	0.00789	0.01314	0.14751	0.01519	0.68067	0.05174	0.00344	0.02782	0.00624	0.00248	0.00254
13	0.00666	0.00333	0.00500	0.00500	0.00500	0.00333	0.00333	0.00500	0.00500	0.00666	0.00666	0.01166	0.00666	0.01332	0.01499	0.88844	0.00333	0.00333	0.00167	0.00167
14	0.00795	0.00681	0.00795	0.00568	0.00909	0.00511	0.00454	0.00965	0.00795	0.01249	0.00681	0.00795	0.00568	0.00284	0.00284	0.00057	0.00284	0.00227	0.00227	0.88869
15	0.89233	0.00741	0.00564	0.00504	0.00741	0.00860	0.00415	0.01127	0.00653	0.01720	0.00534	0.00623	0.00415	0.00356	0.00237	0.00119	0.00297	0.00208	0.00237	0.00415
16	0.02763	0.00695	0.00810	0.00586	0.00920	0.00547	0.00471	0.04001	0.00850	0.07165	0.00746	0.00832	0.00595	0.00305	0.00294	0.00065	0.00292	0.00242	0.00250	0.77571
17	0.00470	0.00338	0.00446	0.00532	0.00560	0.00315	0.00359	0.00540	0.00743	0.00985	0.02182	0.81229	0.05759	0.01189	0.00489	0.00155	0.00224	0.02818	0.00356	0.00313
18	0.01014	0.00854	0.00901	0.00792	0.01020	0.00982	0.00621	0.11703	0.73677	0.01701	0.01484	0.01370	0.01108	0.00513	0.00389	0.00128	0.00318	0.00423	0.00389	0.00612
19	0.00466	0.00366	0.00419	0.00458	0.00538	0.00323	0.00325	0.00549	0.00806	0.01006	0.03013	0.38607	0.45171	0.03593	0.00514	0.00149	0.00215	0.02815	0.00352	0.00316
20	0.00465	0.00343	0.00436	0.00510	0.00550	0.00313	0.00345	0.00537	0.00757	0.00988	0.02406	0.72633	0.15989	0.01163	0.00483	0.00151	0.00218	0.01044	0.00356	0.00313
21	0.00514	0.00357	0.00442	0.00485	0.00506	0.00343	0.00311	0.00564	0.00691	0.00925	0.07289	0.42579	0.03275	0.36479	0.01093	0.00243	0.00285	0.03027	0.00309	0.00283
22	0.00842	0.01791	0.00901	0.06205	0.06966	0.02435	0.00564	0.02834	0.00829	0.02452	0.00720	0.02242	0.00604	0.00323	0.00315	0.00072	0.01227	0.00263	0.00228	0.68186
23	0.01000	0.00865	0.00871	0.08817	0.06266	0.17549	0.00626	0.08679	0.08060	0.09846	0.18543	0.07166	0.06134	0.00581	0.00398	0.00118	0.00384	0.00483	0.01729	0.01885
24	0.05616	0.07586	0.03252	0.03576	0.08191	0.08147	0.00628	0.06436	0.03938	0.01290	0.01997	0.00932	0.03076	0.00368	0.00338	0.00087	0.02373	0.00283	0.00235	0.41652

[dist]
# distance from previous block
# <min> <max>
6	29

[block]
# block no. 2 follows, 71 sequences, length 21
# corresponding to MSA columns:
# 330-350
name=unknown_C
#
# <colnr> <probs for GDERKNQSTAVLIFYWHMCP>
#	G	D	E	R	K	N	Q	S	T	A	V	L	I	F	Y	W	H	M	C	P
0	0.54644	0.06917	0.00848	0.00683	0.02860	0.10963	0.02828	0.04334	0.03539	0.04657	0.02371	0.00782	0.00571	0.01276	0.00310	0.00117	0.01343	0.00257	0.00248	0.00453
1	0.00749	0.00696	0.01206	0.00999	0.03130	0.00684	0.28566	0.08217	0.00891	0.01209	0.01443	0.36451	0.04601	0.00742	0.00497	0.00138	0.05034	0.00703	0.00284	0.03760
2	0.00982	0.09590	0.10005	0.02266	0.07736	0.03727	0.05001	0.13226	0.05176	0.03282	0.00766	0.00867	0.00602	0.00362	0.00359	0.00094	0.02861	0.00289	0.00243	0.32565
3	0.00982	0.00822	0.00906	0.00837	0.04079	0.00940	0.00632	0.12256	0.62461	0.01631	0.01399	0.01354	0.01064	0.00717	0.07987	0.00171	0.00389	0.00417	0.00365	0.00589
4	0.00566	0.00435	0.00471	0.00459	0.00520	0.03545	0.00309	0.00650	0.00817	0.01079	0.30114	0.04608	0.16156	0.37399	0.01089	0.00229	0.00285	0.00647	0.00320	0.00302
5	0.36888	0.00662	0.00719	0.00592	0.00843	0.00663	0.00483	0.01463	0.00899	0.43533	0.04124	0.03977	0.00885	0.00462	0.00329	0.00119	0.00302	0.00348	0.02178	0.00529
6	0.00792	0.00445	0.00557	0.00502	0.00641	0.00397	0.00383	0.00933	0.00992	0.20181	0.36669	0.06836	0.21302	0.04074	0.00491	0.00133	0.00226	0.00654	0.03382	0.00411
7	0.00724	0.00681	0.01150	0.85604	0.02641	0.00852	0.01065	0.00980	0.00767	0.00980	0.00681	0.01022	0.00511	0.00383	0.00383	0.00128	0.00511	0.00341	0.00170	0.00426
8	0.00576	0.00423	0.00559	0.00628	0.00717	0.00409	0.00530	0.00726	0.00862	0.01104	0.02348	0.09379	0.17119	0.03683	0.00557	0.00173	0.00316	0.59200	0.00350	0.00341
9	0.00795	0.00681	0.00795	0.00568	0.00909	0.00511	0.00454	0.00965	0.00795	0.01249	0.00681	0.00795	0.00568	0.00284	0.00284	0.00057	0.00284	0.00227	0.00227	0.88869
10	0.03433	0.11087	0.02709	0.07977	0.09790	0.03776	0.01761	0.37447	0.01303	0.15647	0.00908	0.00945	0.00652	0.00421	0.00363	0.00113	0.00426	0.00328	0.00320	0.00594
11	0.04545	0.02739	0.01125	0.00928	0.01080	0.18142	0.00754	0.26053	0.02165	0.01422	0.00693	0.02327	0.00588	0.00539	0.00723	0.00133	0.34972	0.00328	0.00248	0.00497
12	0.00856	0.00764	0.04194	0.00981	0.16810	0.00625	0.03624	0.03188	0.01755	0.04923	0.02030	0.07301	0.00822	0.00407	0.00343	0.00089	0.00342	0.02122	0.00248	0.48577
13	0.00582	0.03649	0.00595	0.00582	0.03812	0.00457	0.00410	0.03344	0.00882	0.01195	0.21678	0.28088	0.19578	0.02152	0.03746	0.00153	0.02669	0.00754	0.05314	0.00361
14	0.01483	0.00636	0.00830	0.00661	0.00924	0.00574	0.00537	0.03117	0.07791	0.64831	0.04502	0.03931	0.07303	0.00546	0.00396	0.00121	0.00308	0.00451	0.00452	0.00605
15	0.00620	0.00523	0.00806	0.41650	0.01582	0.00598	0.00709	0.03118	0.00781	0.01021	0.01387	0.42624	0.01503	0.00785	0.00435	0.00141	0.00368	0.00707	0.00267	0.00377
16	0.02663	0.08743	0.06391	0.08521	0.01156	0.00800	0.00672	0.12638	0.07968	0.36109	0.01223	0.06128	0.00916	0.03807	0.00435	0.00129	0.00373	0.00402	0.00358	0.00568
17	0.00471	0.00346	0.00437	0.00503	0.00545	0.00318	0.00341	0.00545	0.00764	0.01000	0.05427	0.66134	0.16139	0.04438	0.00538	0.00158	0.00222	0.01008	0.00354	0.00312
18	0.00510	0.00407	0.00416	0.00408	0.00542	0.00348	0.00308	0.02293	0.00894	0.03024	0.03662	0.05328	0.76443	0.00941	0.00446	0.00128	0.00202	0.00784	0.02577	0.00339
19	0.01129	0.08652	0.12622	0.09046	0.14818	0.00861	0.04892	0.06493	0.02909	0.24785	0.00990	0.03033	0.00736	0.00517	0.03360	0.00137	0.03813	0.00361	0.00283	0.00562
20	0.00695	0.00579	0.04054	0.07788	0.06770	0.00546	0.03542	0.01736	0.03406	0.07464	0.04931	0.36452	0.13003	0.01883	0.00508	0.00142	0.05041	0.00736	0.00316	0.00407

[dist]
# distance from previous block
# <min> <max>
0	1

[block]
# block no. 3 follows, 71 sequences, length 28
# corresponding to MSA columns:
# 352-379
name=unknown_D
#
# <colnr> <probs for GDERKNQSTAVLIFYWHMCP>
#	G	D	E	R	K	N	Q	S	T	A	V	L	I	F	Y	W	H	M	C	P
0	0.32244	0.26278	0.01155	0.02796	0.00980	0.16857	0.01623	0.02797	0.04768	0.03256	0.03692	0.00791	0.00628	0.00384	0.00288	0.00105	0.00413	0.00256	0.00228	0.00462
1	0.08338	0.00626	0.00821	0.09099	0.06490	0.00655	0.02783	0.03446	0.15477	0.13664	0.17163	0.13886	0.01629	0.02525	0.00439	0.00134	0.00316	0.01684	0.00347	0.00477
2	0.00824	0.00681	0.00798	0.00571	0.00911	0.00513	0.00458	0.00993	0.00804	0.03822	0.00707	0.00811	0.00580	0.00290	0.00287	0.00059	0.00285	0.00232	0.00235	0.86140
3	0.00478	0.00357	0.00446	0.00498	0.00556	0.00324	0.00349	0.00570	0.00817	0.01071	0.13544	0.54306	0.21097	0.01089	0.00477	0.00146	0.00214	0.02976	0.00365	0.00322
4	0.01640	0.00651	0.00876	0.00677	0.00962	0.00573	0.00557	0.04632	0.01121	0.76518	0.06479	0.01386	0.01100	0.00493	0.00390	0.00119	0.00321	0.00403	0.00468	0.00635
5	0.08347	0.00649	0.00850	0.00664	0.00946	0.00578	0.00545	0.01767	0.01051	0.75290	0.01458	0.04114	0.00962	0.00490	0.00378	0.00120	0.00321	0.00396	0.00452	0.00623
6	0.00795	0.00681	0.00795	0.00568	0.00909	0.00511	0.00454	0.00965	0.00795	0.01249	0.00681	0.00795	0.00568	0.00284	0.00284	0.00057	0.00284	0.00227	0.00227	0.88869
7	0.01458	0.01074	0.01151	0.00882	0.01189	0.01189	0.00729	0.82855	0.01803	0.02416	0.00921	0.00921	0.00652	0.00460	0.00384	0.00115	0.00422	0.00345	0.00384	0.00652
8	0.01720	0.00653	0.00890	0.00682	0.00979	0.00564	0.00564	0.01869	0.01097	0.84399	0.01513	0.01305	0.00949	0.00475	0.00386	0.00119	0.00326	0.00386	0.00475	0.00653
9	0.01432	0.01827	0.01087	0.00988	0.01185	0.84986	0.00741	0.01531	0.01087	0.00938	0.00593	0.00691	0.00494	0.00395	0.00346	0.00099	0.00691	0.00247	0.00198	0.00444
10	0.01260	0.00695	0.00907	0.01968	0.08162	0.00675	0.01624	0.14618	0.06272	0.37950	0.04640	0.09286	0.09040	0.00586	0.00404	0.00123	0.00331	0.00495	0.00398	0.00568
11	0.01458	0.01074	0.01151	0.00882	0.01189	0.01189	0.00729	0.82855	0.01803	0.02416	0.00921	0.00921	0.00652	0.00460	0.00384	0.00115	0.00422	0.00345	0.00384	0.00652
12	0.45945	0.00794	0.00726	0.00645	0.00876	0.00917	0.00515	0.05490	0.37315	0.01703	0.01007	0.00994	0.00761	0.00434	0.00312	0.00124	0.00306	0.00314	0.00312	0.00511
13	0.00876	0.00852	0.01289	0.42780	0.34420	0.06469	0.01061	0.03564	0.00860	0.01128	0.00732	0.02943	0.00599	0.00389	0.00382	0.00121	0.00492	0.00352	0.00191	0.00503
14	0.00779	0.00668	0.00776	0.00559	0.00890	0.00502	0.00447	0.00946	0.00799	0.01239	0.00834	0.00933	0.04540	0.00317	0.00292	0.00060	0.00280	0.00255	0.00233	0.84653
15	0.01458	0.01074	0.01151	0.00882	0.01189	0.01189	0.00729	0.82855	0.01803	0.02416	0.00921	0.00921	0.00652	0.00460	0.00384	0.00115	0.00422	0.00345	0.00384	0.00652
16	0.00793	0.00673	0.00784	0.00563	0.00897	0.00507	0.00450	0.00964	0.00795	0.01254	0.00696	0.00811	0.00579	0.00288	0.00284	0.00058	0.00281	0.00230	0.02490	0.86604
17	0.00978	0.00827	0.00876	0.00777	0.00996	0.00950	0.00607	0.08287	0.74056	0.01665	0.04534	0.01443	0.01220	0.00525	0.00392	0.00129	0.00308	0.00436	0.00391	0.00601
18	0.01001	0.00768	0.02194	0.07410	0.06347	0.00826	0.02965	0.09074	0.33015	0.11905	0.01354	0.10774	0.01122	0.00573	0.00442	0.00131	0.04418	0.02452	0.02684	0.00545
19	0.01597	0.00625	0.00850	0.00661	0.00936	0.00542	0.00542	0.01748	0.01096	0.75694	0.10171	0.01469	0.01229	0.00507	0.00393	0.00119	0.00311	0.00418	0.00469	0.00622
20	0.04961	0.04591	0.22409	0.02414	0.06985	0.00951	0.28477	0.11658	0.00978	0.08264	0.00800	0.00942	0.00586	0.00391	0.00428	0.01433	0.02596	0.00357	0.00232	0.00550
21	0.00839	0.00839	0.01174	0.01007	0.01007	0.01174	0.00839	0.00923	0.00587	0.00923	0.00503	0.00839	0.00503	0.00671	0.01258	0.00168	0.85823	0.00336	0.00168	0.00419
22	0.00637	0.00413	0.00543	0.00498	0.00605	0.00378	0.00378	0.00815	0.01086	0.08140	0.77363	0.02740	0.03405	0.00759	0.00447	0.00120	0.00192	0.00669	0.00426	0.00385
23	0.00674	0.00529	0.03593	0.03111	0.03725	0.01741	0.00510	0.00788	0.00742	0.06696	0.06312	0.14769	0.06150	0.15191	0.21333	0.02702	0.04419	0.06378	0.00277	0.00362
24	0.00957	0.20144	0.09233	0.06994	0.07306	0.07533	0.02021	0.03217	0.06699	0.03811	0.02642	0.00961	0.00676	0.03346	0.00631	0.00132	0.22679	0.00322	0.00210	0.00486
25	0.01025	0.86756	0.02009	0.00656	0.00984	0.01517	0.00656	0.01148	0.00779	0.00902	0.00533	0.00615	0.00492	0.00328	0.00246	0.00082	0.00410	0.00205	0.00164	0.00492
26	0.00498	0.00356	0.00465	0.00542	0.00572	0.00341	0.00371	0.00588	0.02438	0.00984	0.02013	0.70287	0.02378	0.08893	0.00623	0.00176	0.00248	0.07566	0.00345	0.00314
27	0.18926	0.17073	0.04147	0.03028	0.12327	0.11910	0.09473	0.03162	0.00835	0.02299	0.00722	0.01003	0.00627	0.02256	0.02378	0.01807	0.03186	0.04160	0.00211	0.00472

[dist]
# distance from previous block
# <min> <max>
1	18

[block]
# block no. 4 follows, 71 sequences, length 24
# corresponding to MSA columns:
# 398-421
name=unknown_E
#
# <colnr> <probs for GDERKNQSTAVLIFYWHMCP>
#	G	D	E	R	K	N	Q	S	T	A	V	L	I	F	Y	W	H	M	C	P
0	0.07959	0.00840	0.03555	0.30677	0.36051	0.03730	0.00993	0.02423	0.00848	0.01223	0.04880	0.01045	0.00715	0.00387	0.00368	0.00118	0.00450	0.00344	0.02892	0.00503
1	0.00489	0.00381	0.00430	0.00440	0.00541	0.00335	0.00326	0.00604	0.00896	0.01153	0.20998	0.16510	0.48304	0.00951	0.00455	0.00132	0.00200	0.03125	0.03399	0.00332
2	0.08625	0.11905	0.23962	0.00879	0.04875	0.04679	0.03163	0.07975	0.02700	0.04117	0.01831	0.00840	0.00595	0.00359	0.00325	0.00099	0.00426	0.00276	0.00226	0.22141
3	0.00602	0.00399	0.00524	0.01587	0.00644	0.00391	0.00408	0.01556	0.02221	0.06265	0.03484	0.46847	0.07453	0.05630	0.11103	0.00218	0.00350	0.06905	0.03064	0.00349
4	0.00469	0.00391	0.00419	0.00416	0.00537	0.00341	0.00314	0.00576	0.00869	0.01064	0.10220	0.03429	0.70031	0.01124	0.07921	0.00172	0.00267	0.00764	0.00348	0.00328
5	0.00482	0.00357	0.00446	0.00491	0.00548	0.00325	0.00340	0.00575	0.00826	0.01093	0.18433	0.50648	0.19461	0.03470	0.00516	0.00150	0.00213	0.00940	0.00365	0.00322
6	0.01020	0.77798	0.08080	0.00695	0.01040	0.01461	0.00715	0.03722	0.00814	0.00973	0.00557	0.00639	0.00497	0.00335	0.00259	0.00086	0.00422	0.00215	0.00171	0.00503
7	0.79105	0.06035	0.03299	0.00536	0.00790	0.00895	0.00465	0.01148	0.00675	0.03503	0.00561	0.00644	0.00434	0.00357	0.00245	0.00116	0.00313	0.00214	0.00236	0.00430
8	0.82697	0.00833	0.06769	0.00548	0.00809	0.00862	0.00489	0.01134	0.00664	0.01683	0.00545	0.00637	0.00420	0.00357	0.00247	0.00119	0.00317	0.00213	0.00232	0.00426
9	0.01056	0.04355	0.09727	0.00735	0.01965	0.00701	0.00655	0.10878	0.00981	0.18418	0.01002	0.01258	0.00804	0.00443	0.00379	0.00100	0.02980	0.08257	0.00297	0.35011
10	0.00768	0.00395	0.00403	0.00387	0.00490	0.00398	0.00294	0.04457	0.00854	0.03247	0.01242	0.01405	0.00968	0.00448	0.00276	0.00091	0.00192	0.00357	0.82952	0.00376
11	0.12175	0.13523	0.17275	0.03847	0.10769	0.07584	0.07192	0.07576	0.03888	0.05872	0.00790	0.01849	0.01417	0.00390	0.00350	0.00112	0.01193	0.00310	0.00230	0.03658
12	0.00572	0.00451	0.00568	0.00557	0.03141	0.00438	0.00406	0.02688	0.01011	0.01382	0.53466	0.02850	0.24176	0.00804	0.00498	0.00125	0.05432	0.00683	0.00381	0.00370
13	0.89233	0.00741	0.00564	0.00504	0.00741	0.00860	0.00415	0.01127	0.00653	0.01720	0.00534	0.00623	0.00415	0.00356	0.00237	0.00119	0.00297	0.00208	0.00237	0.00415
14	0.00505	0.00368	0.00476	0.00497	0.00562	0.00338	0.00354	0.00633	0.00926	0.01272	0.44553	0.37146	0.09006	0.00969	0.00468	0.00136	0.00199	0.00865	0.00390	0.00338
15	0.00769	0.01983	0.84538	0.01093	0.01659	0.00890	0.01417	0.01214	0.00810	0.01214	0.00688	0.00810	0.00486	0.00364	0.00364	0.00121	0.00567	0.00283	0.00162	0.00567
16	0.01458	0.01074	0.01151	0.00882	0.01189	0.01189	0.00729	0.82855	0.01803	0.02416	0.00921	0.00921	0.00652	0.00460	0.00384	0.00115	0.00422	0.00345	0.00384	0.00652
17	0.00967	0.00830	0.00874	0.00783	0.01002	0.00960	0.00610	0.04172	0.81285	0.01625	0.01544	0.01417	0.01157	0.00519	0.00390	0.00130	0.00307	0.00431	0.00390	0.00608
18	0.00531	0.00391	0.00496	0.00470	0.00565	0.00357	0.00352	0.00700	0.01057	0.01470	0.73124	0.02976	0.14467	0.00809	0.00452	0.00122	0.00183	0.00709	0.00413	0.00357
19	0.00529	0.00382	0.00480	0.00470	0.00543	0.00355	0.00336	0.00663	0.00951	0.01316	0.55868	0.11739	0.10213	0.13657	0.00680	0.00163	0.00215	0.00725	0.00381	0.00334
20	0.03797	0.60335	0.01653	0.00688	0.00974	0.06062	0.00634	0.08135	0.05928	0.01107	0.00749	0.07025	0.00696	0.00420	0.00290	0.00095	0.00403	0.00299	0.00215	0.00494
21	0.58556	0.00628	0.00544	0.00495	0.00690	0.00697	0.00397	0.01014	0.00701	0.05286	0.01088	0.01178	0.11209	0.00651	0.05624	0.04540	0.00325	0.00321	0.05661	0.00394
22	0.00600	0.00487	0.00528	0.00564	0.00636	0.06615	0.00401	0.00723	0.03793	0.03374	0.06200	0.52377	0.13949	0.01144	0.05631	0.00172	0.00308	0.01807	0.00343	0.00348
23	0.06392	0.05996	0.02430	0.09164	0.01077	0.15179	0.01502	0.13049	0.04795	0.02447	0.04943	0.04910	0.00894	0.00483	0.00400	0.00112	0.05860	0.00366	0.17653	0.02349

[dist]
# distance from previous block
# <min> <max>
0	13

[block]
# block no. 5 follows, 71 sequences, length 19
# corresponding to MSA columns:
# 435-453
name=unknown_F
#
# <colnr> <probs for GDERKNQSTAVLIFYWHMCP>
#	G	D	E	R	K	N	Q	S	T	A	V	L	I	F	Y	W	H	M	C	P
0	0.04675	0.00920	0.06068	0.03524	0.03980	0.09108	0.02182	0.07152	0.04720	0.01336	0.04348	0.00925	0.00714	0.00362	0.00341	0.00086	0.01977	0.00284	0.00243	0.47053
1	0.04102	0.00578	0.00671	0.00536	0.00783	0.00467	0.00416	0.00846	0.00810	0.01226	0.08234	0.11856	0.09886	0.00585	0.02645	0.00100	0.00279	0.00439	0.00273	0.55268
2	0.00905	0.03139	0.00845	0.16373	0.02681	0.06080	0.01959	0.02239	0.02039	0.17446	0.16876	0.12767	0.04820	0.00678	0.00424	0.00130	0.00353	0.09464	0.00336	0.00445
3	0.00487	0.00378	0.00443	0.00451	0.00545	0.00334	0.00329	0.00607	0.00918	0.01198	0.31285	0.20494	0.39248	0.00954	0.00460	0.00132	0.00195	0.00827	0.00379	0.00334
4	0.00467	0.00334	0.00445	0.00534	0.00556	0.00311	0.00356	0.00534	0.00734	0.00979	0.02113	0.86275	0.02536	0.01201	0.00489	0.00156	0.00222	0.01090	0.00356	0.00311
5	0.00724	0.00681	0.01150	0.85604	0.02641	0.00852	0.01065	0.00980	0.00767	0.00980	0.00681	0.01022	0.00511	0.00383	0.00383	0.00128	0.00511	0.00341	0.00170	0.00426
6	0.00844	0.00663	0.00785	0.00574	0.00897	0.00505	0.00457	0.01008	0.00813	0.07011	0.00806	0.04845	0.00687	0.00340	0.00301	0.00066	0.00284	0.00279	0.00250	0.78584
7	0.89233	0.00741	0.00564	0.00504	0.00741	0.00860	0.00415	0.01127	0.00653	0.01720	0.00534	0.00623	0.00415	0.00356	0.00237	0.00119	0.00297	0.00208	0.00237	0.00415
8	0.77517	0.00764	0.00650	0.00612	0.04404	0.00870	0.00471	0.05658	0.00741	0.04608	0.00597	0.00677	0.00455	0.00365	0.00257	0.00118	0.00311	0.00227	0.00252	0.00445
9	0.00512	0.00380	0.00460	0.00459	0.00536	0.00346	0.00326	0.00631	0.00911	0.01226	0.41219	0.15406	0.22584	0.12506	0.00661	0.00162	0.00216	0.00762	0.00371	0.00328
10	0.12377	0.00912	0.00967	0.00843	0.04212	0.01025	0.00651	0.33650	0.36103	0.03521	0.01146	0.01107	0.00845	0.00468	0.00368	0.00122	0.00355	0.00366	0.00362	0.00601
11	0.00655	0.00461	0.00612	0.00621	0.04299	0.00449	0.00447	0.00782	0.00849	0.07619	0.20212	0.11557	0.18420	0.04043	0.14698	0.01798	0.03678	0.04247	0.00327	0.04225
12	0.00848	0.12056	0.66969	0.00990	0.01496	0.00928	0.01236	0.01229	0.00821	0.05582	0.00734	0.00836	0.00530	0.00369	0.00347	0.00115	0.00520	0.00282	0.03555	0.00554
13	0.00962	0.18144	0.32401	0.01108	0.03689	0.02464	0.20534	0.03470	0.00887	0.08300	0.00806	0.01008	0.00624	0.00386	0.00371	0.00117	0.00521	0.03455	0.00211	0.00541
14	0.00465	0.00376	0.00410	0.00429	0.00527	0.00325	0.00309	0.00558	0.00847	0.01047	0.08622	0.22467	0.57875	0.03358	0.00502	0.00142	0.00205	0.00859	0.00357	0.00321
15	0.00812	0.01051	0.25094	0.27733	0.09322	0.00782	0.04058	0.02612	0.03032	0.06472	0.07781	0.04844	0.03820	0.00471	0.00393	0.00125	0.00458	0.00411	0.00235	0.00496
16	0.02453	0.01115	0.14833	0.10299	0.12251	0.09733	0.05984	0.13517	0.04002	0.14857	0.00955	0.02395	0.00732	0.00445	0.00397	0.00121	0.01598	0.03482	0.00276	0.00553
17	0.00712	0.00425	0.00502	0.00483	0.00585	0.00423	0.00367	0.02000	0.02426	0.07401	0.15953	0.12390	0.10406	0.00761	0.03343	0.00133	0.03455	0.02003	0.35851	0.00381
18	0.21422	0.00612	0.03016	0.02171	0.03105	0.00579	0.01719	0.01904	0.02332	0.04665	0.09259	0.21193	0.07613	0.00673	0.00391	0.00123	0.01574	0.04073	0.00303	0.13274

[dist]
# distance from previous block
# <min> <max>
7	73

[block]
# block no. 6 follows, 71 sequences, length 32
# corresponding to MSA columns:
# 527-558
name=unknown_G
#
# <colnr> <probs for GDERKNQSTAVLIFYWHMCP>
#	G	D	E	R	K	N	Q	S	T	A	V	L	I	F	Y	W	H	M	C	P
0	0.05083	0.07145	0.24038	0.00947	0.07742	0.05588	0.01943	0.07960	0.04850	0.18519	0.01107	0.03301	0.04419	0.03288	0.00430	0.00127	0.01362	0.01323	0.00282	0.00545
1	0.07536	0.00743	0.01021	0.01088	0.20851	0.02184	0.04354	0.01448	0.10769	0.29722	0.04631	0.01361	0.06029	0.00468	0.00376	0.00117	0.00353	0.00401	0.03364	0.03185
2	0.00759	0.00700	0.05724	0.00597	0.00883	0.00529	0.00502	0.01007	0.06475	0.02648	0.17464	0.03702	0.01277	0.00434	0.00337	0.00082	0.00280	0.00365	0.00281	0.55952
3	0.00794	0.00723	0.02144	0.38676	0.03359	0.02136	0.02193	0.05322	0.20047	0.01260	0.06951	0.03715	0.05639	0.00534	0.00404	0.00130	0.00407	0.04820	0.00276	0.00470
4	0.01210	0.00737	0.00849	0.00715	0.00951	0.00776	0.00569	0.08825	0.39673	0.28836	0.06593	0.01434	0.01195	0.00512	0.00385	0.00122	0.00307	0.00422	0.05291	0.00597
5	0.00795	0.00681	0.00795	0.00568	0.00909	0.00511	0.00454	0.00965	0.00795	0.01249	0.00681	0.00795	0.00568	0.00284	0.00284	0.00057	0.00284	0.00227	0.00227	0.88869
6	0.89233	0.00741	0.00564	0.00504	0.00741	0.00860	0.00415	0.01127	0.00653	0.01720	0.00534	0.00623	0.00415	0.00356	0.00237	0.00119	0.00297	0.00208	0.00237	0.00415
7	0.00695	0.00550	0.00840	0.00862	0.03789	0.00552	0.08879	0.03194	0.04323	0.01213	0.01809	0.03665	0.01903	0.00922	0.00507	0.00166	0.00386	0.65014	0.00334	0.00397
8	0.00940	0.00902	0.01540	0.05794	0.80765	0.00909	0.01172	0.01169	0.00869	0.01241	0.00720	0.00952	0.00603	0.00343	0.00380	0.00114	0.00458	0.00342	0.00189	0.00600
9	0.00548	0.00411	0.00616	0.00616	0.00685	0.00479	0.00479	0.00685	0.00616	0.00890	0.01027	0.01506	0.00959	0.02876	0.85006	0.00616	0.01027	0.00411	0.00205	0.00342
10	0.00861	0.00821	0.01404	0.31290	0.51731	0.00879	0.02826	0.01099	0.00837	0.01154	0.00745	0.01069	0.00617	0.00376	0.00387	0.00121	0.00476	0.02586	0.00188	0.00535
11	0.00839	0.00839	0.01174	0.01007	0.01007	0.01174	0.00839	0.00923	0.00587	0.00923	0.00503	0.00839	0.00503	0.00671	0.01258	0.00168	0.85823	0.00336	0.00168	0.00419
12	0.00548	0.00411	0.00616	0.00616	0.00685	0.00479	0.00479	0.00685	0.00616	0.00890	0.01027	0.01506	0.00959	0.02876	0.85006	0.00616	0.01027	0.00411	0.00205	0.00342
13	0.01473	0.01024	0.01117	0.00859	0.01163	0.01118	0.00709	0.72544	0.03623	0.10937	0.00997	0.00972	0.00695	0.00463	0.00384	0.00116	0.00409	0.00351	0.00393	0.00651
14	0.00795	0.00681	0.00795	0.00568	0.00909	0.00511	0.00454	0.00965	0.00795	0.01249	0.00681	0.00795	0.00568	0.00284	0.00284	0.00057	0.00284	0.00227	0.00227	0.88869
15	0.01049	0.01036	0.06126	0.15429	0.23474	0.09697	0.01951	0.17886	0.11918	0.02522	0.00942	0.01061	0.02879	0.00427	0.00396	0.00119	0.01920	0.00355	0.00259	0.00555
16	0.04195	0.00711	0.00836	0.00678	0.00911	0.06831	0.00548	0.03599	0.01064	0.53000	0.14862	0.01500	0.02636	0.00533	0.00432	0.00120	0.04662	0.00423	0.01901	0.00560
17	0.03300	0.00826	0.03064	0.14226	0.25754	0.00803	0.01900	0.07458	0.09350	0.03640	0.00843	0.01017	0.00669	0.00375	0.00355	0.00104	0.00396	0.01569	0.00243	0.24108
18	0.00584	0.00427	0.00550	0.00538	0.02437	0.00408	0.00384	0.03007	0.02799	0.01468	0.67753	0.06391	0.03190	0.07696	0.00570	0.00142	0.00213	0.00677	0.00397	0.00368
19	0.00571	0.00473	0.02864	0.01942	0.00660	0.00425	0.00407	0.00790	0.07612	0.02343	0.35270	0.11065	0.24270	0.05230	0.02938	0.00155	0.00253	0.01993	0.00368	0.00370
20	0.00508	0.00354	0.00467	0.00537	0.00579	0.00329	0.00373	0.00593	0.00784	0.02813	0.08426	0.69547	0.06230	0.01135	0.00485	0.00152	0.00228	0.05771	0.00363	0.00326
21	0.00517	0.00371	0.00453	0.00479	0.00524	0.00362	0.00323	0.00585	0.00697	0.00928	0.04195	0.26299	0.16139	0.29537	0.13124	0.00286	0.00382	0.01926	0.02580	0.00295
22	0.01956	0.07659	0.25781	0.05797	0.06728	0.03022	0.00848	0.02685	0.09588	0.04089	0.13100	0.08254	0.03191	0.00542	0.00395	0.00122	0.01536	0.01497	0.02715	0.00492
23	0.10421	0.01854	0.02447	0.05043	0.05071	0.03289	0.00596	0.08470	0.12970	0.11950	0.02658	0.02365	0.03987	0.02546	0.00410	0.00998	0.01706	0.00353	0.00299	0.22568
24	0.17230	0.08664	0.04615	0.00804	0.04900	0.03715	0.03734	0.18798	0.07492	0.04751	0.05897	0.04082	0.04582	0.00528	0.01805	0.01135	0.01298	0.00375	0.00292	0.05302
25	0.04452	0.02993	0.08466	0.05679	0.07100	0.06781	0.01689	0.11969	0.15235	0.14842	0.01069	0.03879	0.00833	0.03735	0.01837	0.00134	0.01356	0.00374	0.02136	0.05441
26	0.06740	0.09990	0.16660	0.02765	0.06346	0.03820	0.05627	0.05989	0.03553	0.04904	0.06966	0.02741	0.06537	0.00492	0.00411	0.02645	0.02188	0.01274	0.00251	0.10098
27	0.07632	0.09368	0.10651	0.06663	0.04912	0.05509	0.02822	0.09049	0.01676	0.06371	0.02868	0.02683	0.01914	0.05291	0.00462	0.00124	0.02654	0.04071	0.00251	0.15030
28	0.08540	0.04559	0.08369	0.02340	0.02883	0.03744	0.06579	0.09226	0.07558	0.06925	0.04666	0.06656	0.11938	0.00532	0.00386	0.00114	0.01651	0.00441	0.00291	0.12602
29	0.09008	0.09759	0.03701	0.04502	0.11185	0.05380	0.02430	0.11554	0.08982	0.08615	0.04075	0.01859	0.02508	0.00484	0.02083	0.00120	0.02704	0.00344	0.01513	0.09195
30	0.08500	0.05784	0.05653	0.02821	0.05055	0.02228	0.02778	0.09224	0.07140	0.10591	0.07661	0.08961	0.10238	0.01771	0.01874	0.03169	0.00353	0.01316	0.00310	0.04573
31	0.10045	0.04684	0.07789	0.02946	0.10327	0.02922	0.02848	0.13450	0.04915	0.07049	0.08784	0.07596	0.01122	0.02995	0.00437	0.00126	0.02067	0.03193	0.00292	0.06413

[dist]
# distance from previous block
# <min> <max>
1	52

[block]
# block no. 7 follows, 71 sequences, length 10
# corresponding to MSA columns:
# 611-620
name=unknown_H
#
# <colnr> <probs for GDERKNQSTAVLIFYWHMCP>
#	G	D	E	R	K	N	Q	S	T	A	V	L	I	F	Y	W	H	M	C	P
0	0.09759	0.03682	0.09684	0.07685	0.05660	0.05701	0.07051	0.09383	0.03578	0.06524	0.03989	0.05325	0.03225	0.01948	0.00424	0.00121	0.03408	0.01880	0.01935	0.09038
1	0.10036	0.09380	0.05584	0.13059	0.08776	0.06830	0.03075	0.13409	0.05358	0.07253	0.02534	0.03844	0.02730	0.00476	0.01631	0.00121	0.00429	0.00354	0.00264	0.04853
2	0.05306	0.00818	0.04072	0.06396	0.11856	0.10426	0.02398	0.04007	0.00939	0.08174	0.14750	0.03971	0.08334	0.02383	0.01738	0.00124	0.00382	0.00438	0.01615	0.11871
3	0.04344	0.00803	0.03126	0.12387	0.16409	0.04349	0.04630	0.08141	0.05128	0.09875	0.03956	0.07042	0.05960	0.00536	0.00420	0.00123	0.02837	0.04683	0.00283	0.04965
4	0.03464	0.02700	0.01231	0.30113	0.29571	0.05418	0.00964	0.04626	0.03538	0.03569	0.03918	0.01131	0.00744	0.00427	0.00423	0.00123	0.04650	0.02665	0.00220	0.00506
5	0.00547	0.00394	0.00460	0.00451	0.00555	0.00348	0.00331	0.00664	0.00918	0.04929	0.29417	0.13013	0.39766	0.05822	0.00540	0.00143	0.00209	0.00771	0.00376	0.00344
6	0.71194	0.00723	0.00631	0.00541	0.00790	0.00799	0.00446	0.01280	0.00744	0.18763	0.00736	0.00763	0.00525	0.00380	0.00268	0.00119	0.00303	0.00244	0.00286	0.00464
7	0.00517	0.00389	0.00460	0.00464	0.00551	0.00356	0.00337	0.00657	0.02665	0.01209	0.32252	0.17015	0.28778	0.07915	0.00577	0.00151	0.00214	0.02627	0.02531	0.00336
8	0.00538	0.00383	0.00487	0.00535	0.00610	0.00353	0.00401	0.00648	0.00844	0.03399	0.11118	0.39213	0.21272	0.01055	0.00483	0.00149	0.00241	0.17567	0.00366	0.00338
9	0.02678	0.00706	0.00916	0.28755	0.03900	0.02563	0.00730	0.10220	0.15793	0.05028	0.04873	0.10273	0.01119	0.02617	0.00446	0.00134	0.01612	0.03438	0.03727	0.00474

[dist]
# distance from previous block
# <min> <max>
17	95

[block]
# block no. 8 follows, 71 sequences, length 19
# corresponding to MSA columns:
# 720-738
name=unknown_I
#
# <colnr> <probs for GDERKNQSTAVLIFYWHMCP>
#	G	D	E	R	K	N	Q	S	T	A	V	L	I	F	Y	W	H	M	C	P
0	0.04110	0.07274	0.05677	0.13238	0.06882	0.08105	0.05210	0.22510	0.07866	0.04569	0.00850	0.02551	0.00661	0.00431	0.00406	0.00116	0.04387	0.00341	0.00267	0.04549
1	0.03276	0.31735	0.09634	0.03963	0.04407	0.10084	0.04505	0.08671	0.13900	0.01249	0.00793	0.00871	0.00633	0.00393	0.00343	0.00106	0.02078	0.00294	0.02542	0.00523
2	0.19401	0.00713	0.00822	0.02870	0.09044	0.02008	0.01437	0.02566	0.12301	0.08000	0.03147	0.05164	0.04967	0.00529	0.02514	0.00121	0.00338	0.01794	0.00287	0.21975
3	0.03926	0.02226	0.20119	0.06589	0.19585	0.02617	0.07748	0.06319	0.05215	0.15025	0.00967	0.01060	0.02875	0.00417	0.00411	0.00121	0.03606	0.00354	0.00257	0.00564
4	0.04097	0.13282	0.26761	0.01583	0.01192	0.05608	0.04613	0.10810	0.05465	0.03005	0.10427	0.03886	0.03510	0.01229	0.00382	0.00118	0.00433	0.01744	0.01348	0.00507
5	0.00670	0.00478	0.00544	0.02263	0.00681	0.00453	0.00393	0.04516	0.07014	0.08109	0.13786	0.06047	0.45450	0.00923	0.04501	0.00150	0.00269	0.00680	0.02677	0.00395
6	0.04459	0.00773	0.01126	0.00856	0.01156	0.00737	0.14495	0.10833	0.07290	0.50024	0.01285	0.01205	0.00853	0.00446	0.00389	0.00120	0.00385	0.00389	0.02568	0.00611
7	0.00947	0.00835	0.01415	0.29761	0.03873	0.00930	0.22737	0.07909	0.04583	0.08294	0.00838	0.01095	0.00642	0.00439	0.00527	0.00133	0.12391	0.01918	0.00233	0.00498
8	0.23870	0.01126	0.00997	0.26446	0.05717	0.30401	0.00776	0.04370	0.00895	0.01226	0.00623	0.00795	0.00491	0.00381	0.00332	0.00114	0.00513	0.00274	0.00206	0.00448
9	0.00477	0.00346	0.00449	0.00523	0.00559	0.00321	0.00357	0.00554	0.00763	0.01011	0.06307	0.70515	0.09052	0.03347	0.00524	0.00158	0.00227	0.03840	0.00356	0.00314
10	0.00557	0.00374	0.00427	0.00427	0.00430	0.00377	0.00244	0.00563	0.00560	0.00750	0.01200	0.02463	0.01374	0.82670	0.05779	0.00383	0.00402	0.00551	0.00231	0.00237
11	0.10044	0.13759	0.03186	0.00840	0.06616	0.00929	0.00671	0.19091	0.01097	0.31716	0.01005	0.00999	0.00709	0.00513	0.03123	0.00130	0.04334	0.00325	0.00335	0.00579
12	0.40581	0.00710	0.02763	0.01648	0.00890	0.00715	0.02525	0.02883	0.02646	0.27495	0.04978	0.03559	0.00876	0.00574	0.04384	0.00145	0.00354	0.01452	0.00326	0.00495
13	0.00480	0.00342	0.00457	0.00543	0.00570	0.00322	0.00371	0.00553	0.00740	0.00985	0.02085	0.78359	0.02484	0.03329	0.00529	0.00163	0.00235	0.06788	0.00353	0.00312
14	0.00691	0.00634	0.01045	0.70974	0.02289	0.00780	0.00951	0.00913	0.00753	0.00972	0.00868	0.11646	0.00784	0.02612	0.00455	0.00138	0.02452	0.00439	0.00195	0.00407
15	0.02101	0.09776	0.21347	0.03684	0.07342	0.02963	0.02863	0.08572	0.18594	0.05726	0.03171	0.04364	0.00873	0.01698	0.03375	0.00141	0.02222	0.00378	0.00269	0.00542
16	0.00493	0.00351	0.00466	0.00535	0.00570	0.00331	0.00371	0.00579	0.00780	0.01049	0.12157	0.65047	0.02583	0.05625	0.00565	0.00164	0.00236	0.07424	0.00357	0.00317
17	0.00988	0.74604	0.13840	0.00719	0.01081	0.01427	0.00765	0.01158	0.00783	0.00947	0.00555	0.00643	0.00491	0.00333	0.00263	0.00088	0.00432	0.00216	0.00164	0.00503
18	0.03951	0.06957	0.21590	0.16422	0.17006	0.02185	0.06399	0.07202	0.03623	0.04202	0.00850	0.03072	0.01935	0.00465	0.02421	0.00131	0.00492	0.00351	0.00218	0.00529

[dist]
# distance from previous block
# <min> <max>
0	21

[block]
# block no. 9 follows, 71 sequences, length 12
# corresponding to MSA columns:
# 760-771
name=unknown_J
#
# <colnr> <probs for GDERKNQSTAVLIFYWHMCP>
#	G	D	E	R	K	N	Q	S	T	A	V	L	I	F	Y	W	H	M	C	P
0	0.24231	0.07406	0.09933	0.02470	0.11766	0.11145	0.00724	0.03185	0.05016	0.05951	0.00917	0.02993	0.04465	0.02263	0.02585	0.00135	0.03762	0.00330	0.00241	0.00482
