[name]
unknown

[dist]
# distance from previous block
# <min> <max>
0	118

[block]
# block no. 0 follows, 72 sequences, length 6
# corresponding to MSA columns:
# 146-151
name=unknown_A
#
# <colnr> <probs for GDERKNQSTAVLIFYWHMCP>
#	G	D	E	R	K	N	Q	S	T	A	V	L	I	F	Y	W	H	M	C	P
0	0.00641	0.03295	0.00596	0.00577	0.00678	0.00435	0.00448	0.03433	0.00865	0.06153	0.09074	0.37513	0.09844	0.00967	0.00462	0.00144	0.00267	0.20584	0.00354	0.03669
1	0.00468	0.00362	0.00418	0.00450	0.00523	0.00322	0.00314	0.00552	0.00802	0.01018	0.09041	0.35812	0.39748	0.07682	0.00577	0.00156	0.00216	0.00881	0.00348	0.00311
2	0.08892	0.53178	0.04416	0.00753	0.01062	0.06569	0.07029	0.04779	0.03124	0.03629	0.03055	0.00773	0.00615	0.00360	0.00288	0.00095	0.00425	0.00259	0.00205	0.00492
3	0.04412	0.02225	0.04637	0.00913	0.07508	0.03281	0.09245	0.03565	0.18498	0.19637	0.05878	0.03915	0.04184	0.00511	0.00388	0.00120	0.00368	0.04337	0.00331	0.06047
4	0.04851	0.11409	0.08420	0.00859	0.01148	0.08839	0.10781	0.12797	0.07899	0.09160	0.05481	0.01169	0.00870	0.01841	0.00401	0.00115	0.01917	0.03442	0.00278	0.08323
5	0.08204	0.17919	0.07554	0.02521	0.01125	0.02969	0.07625	0.05508	0.11006	0.19815	0.01001	0.01114	0.00761	0.00423	0.00345	0.00110	0.00394	0.04004	0.00291	0.07312

[dist]
# distance from previous block
# <min> <max>
0	47

[block]
# block no. 1 follows, 72 sequences, length 16
# corresponding to MSA columns:
# 199-214
name=unknown_B
#
# <colnr> <probs for GDERKNQSTAVLIFYWHMCP>
#	G	D	E	R	K	N	Q	S	T	A	V	L	I	F	Y	W	H	M	C	P
0	0.00895	0.02723	0.06968	0.03801	0.01113	0.00693	0.15575	0.04200	0.05543	0.14725	0.21701	0.05708	0.02703	0.04818	0.00545	0.00138	0.05917	0.01444	0.00319	0.00470
1	0.00718	0.06012	0.08552	0.00637	0.00846	0.00564	0.04180	0.03959	0.02820	0.06246	0.10973	0.19813	0.18040	0.00721	0.00408	0.00120	0.00299	0.03112	0.00315	0.11665
2	0.06654	0.47986	0.01562	0.00729	0.01029	0.05507	0.06128	0.07606	0.00903	0.07172	0.03598	0.00886	0.00684	0.00379	0.00298	0.00094	0.00406	0.02120	0.00227	0.06032
3	0.03342	0.11035	0.37734	0.00925	0.01323	0.03438	0.05626	0.12184	0.05842	0.08211	0.03780	0.02067	0.02001	0.00419	0.00360	0.00115	0.00467	0.00335	0.00247	0.00548
4	0.02173	0.09471	0.32819	0.00931	0.01329	0.00995	0.05588	0.22556	0.10079	0.03839	0.00845	0.00901	0.00620	0.00394	0.00356	0.00112	0.00458	0.00313	0.00257	0.05964
5	0.37797	0.08092	0.07945	0.00705	0.00980	0.08198	0.00625	0.16078	0.08237	0.05030	0.00777	0.00870	0.00599	0.00407	0.00307	0.00115	0.00384	0.02084	0.00271	0.00499
6	0.03633	0.00773	0.01119	0.21575	0.24046	0.03290	0.03108	0.09886	0.02775	0.10686	0.08906	0.06574	0.01029	0.00476	0.00388	0.00120	0.00409	0.00421	0.00274	0.00513
7	0.00795	0.00635	0.00753	0.00584	0.00865	0.00511	0.00464	0.04776	0.00841	0.03762	0.00963	0.11242	0.00912	0.00451	0.00328	0.00080	0.00286	0.05491	0.00262	0.65999
8	0.05018	0.03748	0.01127	0.26242	0.13596	0.02317	0.05991	0.08176	0.06853	0.03389	0.10352	0.06418	0.01060	0.00490	0.00417	0.00123	0.03522	0.00425	0.00257	0.00479
9	0.00547	0.00367	0.00420	0.00425	0.00428	0.00368	0.00243	0.00554	0.00562	0.00751	0.01234	0.06594	0.01423	0.80127	0.04171	0.00364	0.00378	0.00573	0.00235	0.00237
10	0.10223	0.00750	0.00957	0.00787	0.04820	0.00709	0.05153	0.09840	0.07805	0.33852	0.01082	0.01050	0.00753	0.00403	0.00348	0.00105	0.00342	0.00330	0.00346	0.20346
11	0.03063	0.00786	0.06137	0.00644	0.00981	0.00609	0.00555	0.08624	0.00935	0.18046	0.00857	0.00896	0.00636	0.00341	0.00314	0.00079	0.00320	0.00270	0.00284	0.55622
12	0.03739	0.00635	0.06965	0.00629	0.00830	0.00517	0.00528	0.05587	0.00978	0.32922	0.13011	0.24681	0.05933	0.00719	0.00416	0.00128	0.00290	0.00619	0.00389	0.00484
13	0.02622	0.00951	0.01194	0.04035	0.25904	0.07298	0.03118	0.24267	0.08682	0.13074	0.02284	0.01030	0.00742	0.00416	0.00374	0.00114	0.00424	0.00350	0.00304	0.02819
14	0.01157	0.10636	0.08975	0.03973	0.11894	0.09509	0.04246	0.04284	0.03728	0.22460	0.00914	0.02106	0.00683	0.00416	0.00410	0.00110	0.05927	0.00327	0.00272	0.07972
15	0.05537	0.00896	0.04091	0.00942	0.07101	0.02764	0.08069	0.28646	0.05725	0.16033	0.05551	0.02345	0.06353	0.00497	0.00419	0.00120	0.03605	0.00408	0.00337	0.00559

[dist]
# distance from previous block
# <min> <max>
1	10

[block]
# block no. 2 follows, 72 sequences, length 53
# corresponding to MSA columns:
# 225-277
name=unknown_C
#
# <colnr> <probs for GDERKNQSTAVLIFYWHMCP>
#	G	D	E	R	K	N	Q	S	T	A	V	L	I	F	Y	W	H	M	C	P
0	0.10146	0.01963	0.05260	0.02260	0.06650	0.03407	0.01680	0.05990	0.16217	0.07950	0.02597	0.05233	0.08365	0.00545	0.00373	0.00117	0.00340	0.07592	0.00305	0.13010
1	0.05014	0.02440	0.00963	0.06522	0.19728	0.00713	0.01577	0.07946	0.06414	0.12809	0.13107	0.01622	0.07572	0.05902	0.00493	0.00133	0.01453	0.01717	0.00308	0.03570
2	0.06276	0.00530	0.00693	0.04539	0.07036	0.00547	0.00515	0.00981	0.08889	0.08965	0.25787	0.14885	0.06280	0.01729	0.06422	0.00165	0.02515	0.02482	0.00341	0.00421
3	0.00833	0.00769	0.02312	0.28378	0.38182	0.00809	0.04906	0.01054	0.00824	0.03954	0.02632	0.06466	0.00809	0.00492	0.02106	0.00133	0.02077	0.02551	0.00210	0.00502
4	0.07553	0.00633	0.00754	0.04739	0.04863	0.01920	0.01631	0.09507	0.07442	0.07994	0.14828	0.11562	0.12187	0.01649	0.00408	0.00120	0.00297	0.00530	0.00331	0.11052
5	0.05238	0.04171	0.62146	0.01139	0.01642	0.00912	0.17098	0.01198	0.00810	0.01220	0.00685	0.00829	0.00495	0.00351	0.00368	0.00120	0.00558	0.00307	0.00170	0.00541
6	0.01911	0.00853	0.02750	0.06091	0.01110	0.03726	0.02370	0.22171	0.34114	0.03143	0.04981	0.03186	0.01150	0.03714	0.00454	0.00136	0.00368	0.06884	0.00347	0.00541
7	0.00729	0.00653	0.01079	0.76769	0.02412	0.00798	0.00990	0.00969	0.00776	0.03403	0.00887	0.01239	0.04553	0.00429	0.00387	0.00128	0.00481	0.02707	0.00191	0.00421
8	0.00923	0.00869	0.01449	0.16970	0.65939	0.00904	0.01123	0.05032	0.00889	0.01246	0.00716	0.00950	0.00586	0.00351	0.00376	0.00115	0.00459	0.00338	0.00193	0.00571
9	0.00507	0.00387	0.00466	0.00446	0.00548	0.00345	0.00335	0.00658	0.01004	0.01355	0.57291	0.03106	0.30497	0.00837	0.00448	0.00122	0.00183	0.00724	0.00396	0.00345
10	0.05028	0.00682	0.00832	0.06518	0.01033	0.00578	0.01341	0.04335	0.00857	0.12089	0.00829	0.02651	0.00662	0.00350	0.00311	0.00078	0.00311	0.01247	0.00263	0.60003
11	0.00473	0.00385	0.00418	0.00410	0.00527	0.00331	0.00307	0.00592	0.00922	0.01161	0.25957	0.03425	0.61951	0.00909	0.00448	0.00126	0.00188	0.00769	0.00370	0.00331
12	0.00786	0.00674	0.00786	0.00562	0.00899	0.00506	0.00449	0.00955	0.00786	0.01236	0.00674	0.00786	0.00562	0.00281	0.00281	0.00056	0.00281	0.00225	0.00225	0.88990
13	0.02577	0.00663	0.00773	0.00563	0.00885	0.00511	0.00450	0.00945	0.00775	0.01228	0.00687	0.00816	0.00577	0.00404	0.04326	0.00084	0.00316	0.00233	0.00224	0.82962
14	0.00856	0.00874	0.01158	0.00995	0.01004	0.04948	0.00825	0.00940	0.00603	0.00913	0.00502	0.00823	0.00497	0.00651	0.01204	0.00163	0.82132	0.00328	0.00167	0.00416
15	0.00716	0.00674	0.01138	0.85760	0.02612	0.00843	0.01053	0.00969	0.00758	0.00969	0.00674	0.01011	0.00506	0.00379	0.00379	0.00126	0.00506	0.00337	0.00169	0.00421
16	0.00594	0.00426	0.00581	0.00658	0.00740	0.00422	0.00561	0.00750	0.00846	0.01097	0.02043	0.06842	0.06045	0.06885	0.00615	0.00185	0.00339	0.69692	0.00341	0.00338
17	0.01111	0.00848	0.00915	0.00783	0.01022	0.00954	0.00620	0.17898	0.59996	0.09352	0.01415	0.01305	0.01037	0.00499	0.00384	0.00125	0.00325	0.00407	0.00392	0.00613
18	0.00828	0.00673	0.00791	0.00567	0.00902	0.00508	0.00454	0.00995	0.00800	0.04993	0.00711	0.00809	0.00579	0.00289	0.00285	0.00059	0.00283	0.00232	0.00236	0.85007
19	0.00462	0.00332	0.00438	0.00523	0.00549	0.00309	0.00350	0.00529	0.00731	0.00970	0.02157	0.83274	0.05615	0.01180	0.00483	0.00153	0.00219	0.01068	0.00352	0.00309
20	0.00911	0.00873	0.01489	0.12822	0.74030	0.00894	0.01150	0.01139	0.00850	0.01205	0.00708	0.00948	0.00589	0.00343	0.00376	0.00114	0.00457	0.00338	0.00185	0.00578
21	0.02238	0.01103	0.05129	0.10627	0.16494	0.23526	0.03879	0.03476	0.04027	0.22285	0.01823	0.00996	0.00690	0.00409	0.00382	0.00114	0.01660	0.00331	0.00273	0.00537
22	0.01205	0.22764	0.09951	0.00803	0.01091	0.18289	0.00726	0.14474	0.04902	0.13648	0.04324	0.00947	0.00750	0.00448	0.01277	0.00111	0.02284	0.00305	0.01173	0.00529
23	0.00659	0.00329	0.00494	0.00494	0.00494	0.00329	0.00329	0.00494	0.00494	0.00659	0.00659	0.01153	0.00659	0.01318	0.01482	0.88966	0.00329	0.00329	0.00165	0.00165
24	0.00806	0.00658	0.00752	0.00621	0.00850	0.00625	0.00491	0.10382	0.15526	0.01430	0.12975	0.04977	0.08094	0.00545	0.00385	0.00102	0.01942	0.04049	0.00318	0.34472
25	0.01032	0.01093	0.03261	0.01942	0.58114	0.15362	0.06972	0.04284	0.02068	0.01231	0.00713	0.00904	0.00586	0.00353	0.00375	0.00112	0.00503	0.00330	0.00199	0.00567
26	0.00486	0.00388	0.00409	0.00413	0.00535	0.00329	0.00310	0.00585	0.00864	0.03030	0.05289	0.09629	0.72165	0.00964	0.00451	0.00131	0.00201	0.03136	0.00356	0.00329
27	0.00543	0.00402	0.00587	0.00587	0.00647	0.00462	0.00446	0.00663	0.00603	0.00864	0.01037	0.01604	0.00998	0.12526	0.75555	0.00582	0.00941	0.00423	0.00206	0.00326
28	0.08207	0.00816	0.04484	0.00690	0.00996	0.00733	0.03068	0.10977	0.18234	0.01488	0.02272	0.00961	0.00731	0.00369	0.00322	0.00089	0.00323	0.00297	0.00277	0.44666
29	0.00811	0.00673	0.00789	0.00565	0.00901	0.00507	0.00452	0.00979	0.00794	0.03439	0.00696	0.00800	0.00572	0.00286	0.00284	0.00058	0.00282	0.00229	0.00231	0.86654
30	0.00467	0.00336	0.00444	0.00528	0.00557	0.00313	0.00359	0.00538	0.00738	0.00977	0.02168	0.79574	0.06272	0.01172	0.00484	0.00154	0.00223	0.04034	0.00352	0.00310
31	0.00577	0.00431	0.00540	0.00505	0.00608	0.00417	0.00381	0.00845	0.09484	0.01518	0.74174	0.02704	0.04853	0.00752	0.00441	0.00120	0.00192	0.00662	0.00413	0.00382
32	0.00802	0.14674	0.70920	0.01037	0.02922	0.00974	0.01285	0.01191	0.00797	0.01155	0.00658	0.00774	0.00483	0.00355	0.00343	0.00114	0.00535	0.00270	0.00161	0.00550
33	0.00792	0.00875	0.07642	0.00961	0.01046	0.02753	0.04825	0.00927	0.00675	0.00984	0.00897	0.01415	0.05263	0.00681	0.00985	0.00158	0.58045	0.10458	0.00200	0.00418
34	0.00576	0.00359	0.00472	0.00532	0.00581	0.00335	0.00370	0.00661	0.00763	0.07014	0.01977	0.70373	0.02262	0.01072	0.00461	0.00147	0.00229	0.04162	0.07317	0.00337
35	0.18838	0.00840	0.01278	0.02760	0.58395	0.00871	0.02149	0.02707	0.00823	0.01329	0.00729	0.03536	0.00635	0.02079	0.00393	0.00121	0.01429	0.00340	0.00206	0.00541
36	0.00464	0.00332	0.00442	0.00527	0.00551	0.00310	0.00352	0.00534	0.00737	0.00985	0.04594	0.83872	0.02541	0.01176	0.00483	0.00153	0.00219	0.01066	0.00354	0.00310
37	0.00874	0.03602	0.02117	0.01504	0.01863	0.00936	0.75078	0.01173	0.00883	0.01192	0.00844	0.04893	0.00691	0.00373	0.00444	0.00129	0.00608	0.02095	0.00201	0.00498
38	0.00545	0.00386	0.00499	0.00471	0.00560	0.00358	0.00353	0.00724	0.01059	0.01515	0.79890	0.02761	0.03446	0.00758	0.00438	0.00118	0.00179	0.00669	0.04912	0.00358
39	0.00716	0.00674	0.01138	0.85760	0.02612	0.00843	0.01053	0.00969	0.00758	0.00969	0.00674	0.01011	0.00506	0.00379	0.00379	0.00126	0.00506	0.00337	0.00169	0.00421
40	0.00607	0.00434	0.00605	0.00686	0.00774	0.00432	0.00597	0.00782	0.00884	0.01156	0.06562	0.04198	0.02260	0.01033	0.00520	0.00172	0.00340	0.77257	0.00353	0.00350
41	0.01417	0.01808	0.01075	0.00977	0.01172	0.85149	0.00733	0.01514	0.01075	0.00928	0.00586	0.00684	0.00489	0.00391	0.00342	0.00098	0.00684	0.00244	0.00195	0.00440
42	0.00561	0.00437	0.00530	0.00509	0.00629	0.00392	0.00375	0.00739	0.05322	0.01228	0.27996	0.27950	0.15583	0.00844	0.00431	0.00123	0.00218	0.01846	0.00355	0.13931
43	0.02433	0.00869	0.01487	0.10761	0.49670	0.00884	0.12350	0.03565	0.00886	0.07537	0.00771	0.00972	0.00607	0.00362	0.00410	0.00117	0.03197	0.00351	0.00214	0.02558
44	0.03588	0.03454	0.04877	0.21268	0.11772	0.13658	0.00844	0.08678	0.21034	0.04094	0.00914	0.01015	0.00695	0.00421	0.00382	0.00118	0.02069	0.00337	0.00258	0.00525
45	0.00882	0.00843	0.01437	0.23624	0.63453	0.00886	0.01136	0.01114	0.00837	0.01170	0.00703	0.00957	0.00576	0.00348	0.00376	0.00116	0.00465	0.00338	0.00183	0.00555
46	0.01174	0.00725	0.00925	0.08638	0.01125	0.00760	0.05200	0.14017	0.21065	0.25499	0.01257	0.01242	0.00892	0.00457	0.00366	0.00116	0.00342	0.00382	0.15261	0.00557
47	0.00525	0.00386	0.00492	0.00469	0.00560	0.00352	0.00350	0.00692	0.01042	0.01453	0.73410	0.05327	0.11912	0.00806	0.00448	0.00121	0.00181	0.00709	0.00409	0.00352
48	0.00773	0.06010	0.80764	0.01060	0.01610	0.00910	0.01365	0.01198	0.00799	0.01186	0.00673	0.00792	0.00481	0.00359	0.00355	0.00118	0.00553	0.00277	0.00160	0.00557
49	0.00493	0.00351	0.00446	0.00513	0.00563	0.00323	0.00358	0.00574	0.00766	0.02365	0.02368	0.64245	0.16697	0.01116	0.00475	0.00149	0.00224	0.05873	0.01783	0.00319
50	0.00765	0.00724	0.01226	0.67337	0.20651	0.00856	0.01078	0.01012	0.00782	0.01029	0.00683	0.00995	0.00527	0.00370	0.00378	0.00123	0.00493	0.00337	0.00173	0.00461
51	0.01072	0.00935	0.02365	0.00802	0.01038	0.06342	0.00641	0.17983	0.57739	0.02928	0.03100	0.01286	0.01050	0.00497	0.00383	0.00123	0.00350	0.00402	0.00370	0.00594
52	0.01328	0.01079	0.01072	0.00856	0.01108	0.11164	0.00696	0.60735	0.01531	0.02015	0.00921	0.00967	0.02413	0.00503	0.01529	0.00121	0.06544	0.00340	0.04497	0.00579

[dist]
# distance from previous block
# <min> <max>
0	1

[block]
# block no. 3 follows, 72 sequences, length 7
# corresponding to MSA columns:
# 279-285
name=unknown_D
#
# <colnr> <probs for GDERKNQSTAVLIFYWHMCP>
#	G	D	E	R	K	N	Q	S	T	A	V	L	I	F	Y	W	H	M	C	P
0	0.02986	0.01001	0.13119	0.11844	0.46530	0.00868	0.03579	0.06081	0.00891	0.01271	0.00864	0.01048	0.04622	0.00381	0.00373	0.00115	0.00455	0.00349	0.00204	0.03421
1	0.00877	0.11596	0.05076	0.00897	0.02854	0.04709	0.05055	0.05457	0.01972	0.03368	0.00760	0.03862	0.00713	0.07334	0.09918	0.00205	0.34336	0.00368	0.00207	0.00437
2	0.00883	0.00754	0.00805	0.00741	0.00932	0.00864	0.00569	0.01830	0.73269	0.01509	0.01612	0.12030	0.01326	0.00599	0.00398	0.00132	0.00290	0.00510	0.00382	0.00564
3	0.00827	0.00903	0.12464	0.02460	0.06225	0.03515	0.00683	0.03727	0.26598	0.01363	0.08853	0.07174	0.02933	0.00502	0.00370	0.00110	0.00342	0.00423	0.00295	0.20231
4	0.01008	0.45197	0.21238	0.04921	0.01230	0.05198	0.00852	0.05210	0.03214	0.05328	0.00670	0.00756	0.00536	0.00368	0.00328	0.00100	0.02879	0.00255	0.00196	0.00516
5	0.00890	0.03899	0.04625	0.00683	0.00951	0.04794	0.04208	0.07446	0.08952	0.06685	0.13751	0.03112	0.05926	0.00474	0.00357	0.00096	0.00327	0.00397	0.00299	0.32128
6	0.48700	0.00855	0.10098	0.00626	0.00887	0.00796	0.00563	0.11269	0.00844	0.05841	0.00844	0.11431	0.00744	0.00473	0.00308	0.00119	0.00331	0.00350	0.00270	0.04654

[dist]
# distance from previous block
# <min> <max>
0	27

[block]
# block no. 4 follows, 72 sequences, length 41
# corresponding to MSA columns:
# 313-353
name=unknown_E
#
# <colnr> <probs for GDERKNQSTAVLIFYWHMCP>
#	G	D	E	R	K	N	Q	S	T	A	V	L	I	F	Y	W	H	M	C	P
0	0.08880	0.00694	0.00856	0.00679	0.00945	0.00669	0.00558	0.11175	0.05203	0.55842	0.03689	0.01359	0.03774	0.00498	0.00392	0.00120	0.01911	0.01740	0.00422	0.00595
1	0.00474	0.00348	0.00448	0.00521	0.00565	0.00322	0.00365	0.00556	0.00766	0.01003	0.04196	0.66141	0.13871	0.01135	0.00482	0.00151	0.00226	0.07763	0.00353	0.00314
2	0.00905	0.00982	0.01969	0.01437	0.01788	0.00956	0.66892	0.01371	0.17008	0.01287	0.00918	0.01099	0.00689	0.00358	0.00436	0.00128	0.00573	0.00444	0.00230	0.00529
3	0.00948	0.00875	0.01431	0.09373	0.66675	0.00899	0.01094	0.08002	0.00932	0.01308	0.00782	0.01085	0.00664	0.00382	0.00382	0.00117	0.00448	0.03817	0.00209	0.00578
4	0.65275	0.00724	0.00644	0.00555	0.00799	0.00803	0.00455	0.01330	0.07692	0.17439	0.00797	0.00811	0.00574	0.00388	0.00275	0.00118	0.00300	0.00258	0.00292	0.00471
5	0.01238	0.00912	0.19441	0.00757	0.01065	0.00639	0.00735	0.05355	0.02526	0.43539	0.04068	0.01415	0.00992	0.00688	0.07500	0.00162	0.00430	0.05183	0.02791	0.00565
6	0.00988	0.73329	0.03854	0.00661	0.00966	0.05538	0.00647	0.01121	0.00812	0.00954	0.07548	0.00804	0.00746	0.00366	0.00268	0.00086	0.00404	0.00247	0.00185	0.00475
7	0.00552	0.00368	0.00414	0.00414	0.00414	0.00368	0.00230	0.00552	0.00552	0.00735	0.01195	0.02482	0.01379	0.86672	0.01930	0.00368	0.00368	0.00552	0.00230	0.00230
8	0.07963	0.00407	0.00479	0.00472	0.00569	0.00385	0.00350	0.00689	0.00945	0.01361	0.50003	0.16517	0.16806	0.00839	0.00436	0.00126	0.00198	0.00729	0.00380	0.00348
9	0.00969	0.00996	0.09527	0.11875	0.47372	0.00915	0.08800	0.09687	0.00951	0.04142	0.00758	0.00951	0.00591	0.00360	0.00382	0.00117	0.00478	0.00344	0.00213	0.00573
10	0.01530	0.00611	0.00820	0.00642	0.00904	0.00537	0.00525	0.02935	0.01081	0.70729	0.09880	0.01448	0.01205	0.00499	0.00382	0.00116	0.00302	0.00410	0.04842	0.00602
11	0.08001	0.00409	0.00481	0.00476	0.00515	0.00438	0.00314	0.00634	0.00576	0.00857	0.01089	0.02047	0.01177	0.55882	0.25168	0.00415	0.00544	0.00482	0.00223	0.00276
12	0.03224	0.00773	0.00868	0.07846	0.01085	0.04949	0.00605	0.08512	0.29588	0.28065	0.01303	0.01245	0.00922	0.00467	0.00366	0.00118	0.00342	0.00377	0.08779	0.00568
13	0.00519	0.00383	0.00494	0.00567	0.00613	0.00376	0.00402	0.00681	0.07699	0.01038	0.02035	0.70197	0.02359	0.01116	0.00480	0.00154	0.00241	0.09954	0.00355	0.00337
14	0.87111	0.00742	0.00572	0.00508	0.00745	0.00859	0.00419	0.03202	0.00674	0.01719	0.00538	0.00624	0.00417	0.00355	0.00238	0.00117	0.00297	0.00209	0.00238	0.00417
15	0.00648	0.00391	0.00453	0.00436	0.00460	0.00384	0.00257	0.00660	0.00596	0.07771	0.01220	0.02382	0.01342	0.79437	0.01800	0.00347	0.00364	0.00537	0.00250	0.00265
16	0.01101	0.64315	0.10087	0.00696	0.01039	0.01285	0.00709	0.01259	0.00825	0.14585	0.00701	0.00739	0.00560	0.00352	0.00278	0.00091	0.00408	0.00240	0.00212	0.00520
17	0.00658	0.00459	0.00615	0.00656	0.07633	0.00431	0.00442	0.00849	0.04088	0.07855	0.48994	0.13188	0.11097	0.00776	0.00439	0.00124	0.00224	0.00685	0.00386	0.00400
18	0.00981	0.48990	0.20638	0.00894	0.01267	0.09394	0.10849	0.01197	0.00822	0.01005	0.00597	0.00710	0.00496	0.00338	0.00304	0.00097	0.00496	0.00254	0.00169	0.00502
19	0.01014	0.86900	0.01987	0.00649	0.00973	0.01501	0.00649	0.01136	0.00771	0.00892	0.00527	0.00608	0.00487	0.00324	0.00243	0.00081	0.00406	0.00203	0.00162	0.00487
20	0.01674	0.00689	0.00907	0.00696	0.00990	0.00623	0.00575	0.10391	0.01159	0.75922	0.01435	0.01251	0.00908	0.00468	0.00381	0.00117	0.00333	0.00377	0.00460	0.00645
21	0.00466	0.00383	0.00411	0.00416	0.00532	0.00328	0.00313	0.00574	0.00882	0.01086	0.13526	0.08672	0.66100	0.00955	0.00453	0.00130	0.00198	0.03888	0.00360	0.00325
22	0.01697	0.00654	0.00885	0.00679	0.00972	0.00569	0.00561	0.03431	0.01099	0.82966	0.01485	0.01283	0.00933	0.00469	0.00381	0.00117	0.00325	0.00381	0.00468	0.00645
23	0.00471	0.00340	0.00447	0.00530	0.00563	0.00317	0.00364	0.00545	0.00744	0.00982	0.02194	0.76143	0.07542	0.01165	0.00484	0.00154	0.00226	0.06126	0.00352	0.00311
24	0.00466	0.00338	0.00441	0.00518	0.00552	0.00313	0.00352	0.00541	0.00752	0.00995	0.05008	0.75361	0.09156	0.01153	0.00481	0.00151	0.00219	0.02538	0.00354	0.00311
25	0.00716	0.00674	0.01138	0.85760	0.02612	0.00843	0.01053	0.00969	0.00758	0.00969	0.00674	0.01011	0.00506	0.00379	0.00379	0.00126	0.00506	0.00337	0.00169	0.00421
26	0.00475	0.00343	0.00453	0.00532	0.00566	0.00320	0.00368	0.00555	0.00757	0.01004	0.05278	0.73049	0.06574	0.01151	0.00484	0.00153	0.00227	0.07043	0.00354	0.00314
27	0.00971	0.72281	0.12997	0.00703	0.01060	0.01380	0.00742	0.01138	0.00775	0.00947	0.00553	0.00641	0.00489	0.00328	0.00260	0.00085	0.00422	0.00214	0.00164	0.03850
28	0.04820	0.62698	0.17192	0.00735	0.01098	0.01340	0.00782	0.05672	0.00827	0.01067	0.00577	0.00661	0.00491	0.00340	0.00272	0.00092	0.00430	0.00225	0.00177	0.00506
29	0.00460	0.00337	0.00432	0.00508	0.00545	0.00310	0.00343	0.00530	0.00745	0.00976	0.02330	0.75075	0.13702	0.01157	0.00479	0.00150	0.00216	0.01040	0.00352	0.00310
30	0.00542	0.00404	0.00596	0.00596	0.00658	0.00467	0.00457	0.00668	0.00605	0.00870	0.01029	0.01560	0.00979	0.08802	0.79253	0.00592	0.00970	0.00417	0.00205	0.00331
31	0.00469	0.00388	0.00413	0.00415	0.00531	0.00335	0.00308	0.00591	0.02354	0.01092	0.13752	0.10349	0.65789	0.00948	0.00450	0.00129	0.00195	0.00802	0.00361	0.00329
32	0.00875	0.26843	0.41564	0.03216	0.01517	0.03224	0.15426	0.01186	0.00814	0.01099	0.00648	0.00785	0.00500	0.00344	0.00341	0.00110	0.00530	0.00287	0.00167	0.00523
33	0.01168	0.00926	0.00984	0.00817	0.01072	0.01048	0.00655	0.38596	0.46674	0.01949	0.01258	0.01187	0.00926	0.00488	0.00383	0.00122	0.00353	0.00389	0.00383	0.00620
34	0.00552	0.00368	0.00414	0.00414	0.00414	0.00368	0.00230	0.00552	0.00552	0.00735	0.01195	0.02482	0.01379	0.86672	0.01930	0.00368	0.00368	0.00552	0.00230	0.00230
35	0.00768	0.05553	0.79102	0.01053	0.01592	0.00896	0.01350	0.01188	0.00801	0.01186	0.00707	0.00878	0.00523	0.00376	0.00359	0.00120	0.00549	0.02283	0.00165	0.00552
36	0.00464	0.00386	0.00406	0.00405	0.00527	0.00328	0.00306	0.00573	0.00892	0.01091	0.14107	0.03562	0.71544	0.00939	0.00450	0.00128	0.00195	0.03011	0.00360	0.00326
37	0.00932	0.00899	0.01547	0.04255	0.80375	0.00901	0.03174	0.01161	0.00862	0.01232	0.00714	0.00942	0.00598	0.00338	0.00377	0.00113	0.00456	0.00341	0.00187	0.00594
38	0.01014	0.86900	0.01987	0.00649	0.00973	0.01501	0.00649	0.01136	0.00771	0.00892	0.00527	0.00608	0.00487	0.00324	0.00243	0.00081	0.00406	0.00203	0.00162	0.00487
39	0.00533	0.00388	0.00502	0.00474	0.00565	0.00356	0.00355	0.00709	0.01066	0.01502	0.81042	0.02864	0.06654	0.00782	0.00447	0.00120	0.00179	0.00690	0.00415	0.00356
40	0.00921	0.00884	0.01508	0.08774	0.77994	0.00897	0.01155	0.01149	0.00855	0.01218	0.00710	0.00944	0.00593	0.00341	0.00376	0.00114	0.00455	0.00338	0.00186	0.00587

[dist]
# distance from previous block
# <min> <max>
0	1

[block]
# block no. 5 follows, 72 sequences, length 36
# corresponding to MSA columns:
# 355-390
name=unknown_F
#
# <colnr> <probs for GDERKNQSTAVLIFYWHMCP>
#	G	D	E	R	K	N	Q	S	T	A	V	L	I	F	Y	W	H	M	C	P
0	0.00976	0.00821	0.00852	0.00756	0.00965	0.04040	0.00594	0.10835	0.58868	0.02998	0.08042	0.01592	0.02673	0.00552	0.00395	0.00127	0.00318	0.03649	0.00380	0.00566
1	0.00482	0.00344	0.00463	0.00547	0.00579	0.00325	0.00384	0.00564	0.00753	0.01002	0.04151	0.74335	0.02496	0.01161	0.00488	0.00156	0.00235	0.10867	0.00353	0.00314
2	0.11870	0.01024	0.06972	0.01000	0.01203	0.09291	0.16025	0.04664	0.12517	0.01261	0.02959	0.00962	0.00681	0.00487	0.00643	0.00134	0.27249	0.00349	0.00228	0.00479
3	0.79427	0.05738	0.00682	0.00537	0.00780	0.02702	0.01780	0.01124	0.00668	0.01622	0.00536	0.00627	0.00422	0.00350	0.00242	0.00114	0.00314	0.00210	0.00229	0.01898
4	0.00972	0.58997	0.22068	0.00799	0.01175	0.06168	0.03060	0.01176	0.00799	0.00978	0.00574	0.00671	0.00488	0.00337	0.00283	0.00093	0.00466	0.00231	0.00164	0.00503
5	0.00997	0.00871	0.01124	0.00950	0.01013	0.05099	0.00787	0.06581	0.00742	0.10414	0.00642	0.00880	0.00557	0.00615	0.01046	0.00154	0.66520	0.00334	0.00216	0.00457
6	0.00537	0.00444	0.00727	0.00721	0.02259	0.00417	0.12487	0.00645	0.00756	0.01012	0.01870	0.70758	0.02184	0.01043	0.00478	0.00150	0.00288	0.02555	0.00326	0.00344
7	0.15851	0.00908	0.00974	0.00765	0.01050	0.00982	0.00629	0.48221	0.06181	0.19168	0.01005	0.00970	0.00697	0.00445	0.00357	0.00116	0.00371	0.00332	0.00375	0.00604
8	0.00716	0.00674	0.01138	0.85760	0.02612	0.00843	0.01053	0.00969	0.00758	0.00969	0.00674	0.01011	0.00506	0.00379	0.00379	0.00126	0.00506	0.00337	0.00169	0.00421
9	0.04734	0.00648	0.00869	0.00669	0.00960	0.00568	0.00552	0.01823	0.01070	0.81701	0.01463	0.01268	0.00921	0.00465	0.00376	0.00117	0.00322	0.00375	0.00461	0.00637
10	0.00464	0.00385	0.00406	0.00400	0.00522	0.00327	0.00300	0.00574	0.00901	0.01111	0.17828	0.03508	0.70112	0.00928	0.00448	0.00127	0.00190	0.00780	0.00364	0.00327
11	0.84287	0.00728	0.00576	0.00509	0.00747	0.00834	0.00419	0.01157	0.00671	0.06489	0.00584	0.00655	0.00441	0.00359	0.00243	0.00117	0.00295	0.00216	0.00248	0.00424
12	0.00716	0.00674	0.01138	0.85760	0.02612	0.00843	0.01053	0.00969	0.00758	0.00969	0.00674	0.01011	0.00506	0.00379	0.00379	0.00126	0.00506	0.00337	0.00169	0.00421
13	0.00449	0.00382	0.00386	0.00390	0.00514	0.00320	0.00291	0.00544	0.00859	0.01022	0.03773	0.06919	0.80928	0.00969	0.00450	0.00129	0.00193	0.00811	0.00352	0.00320
14	0.01582	0.00619	0.00842	0.00655	0.00927	0.00537	0.00537	0.01732	0.01084	0.76076	0.09943	0.01449	0.01209	0.00501	0.00388	0.00118	0.00308	0.00413	0.00464	0.00616
15	0.89350	0.00733	0.00557	0.00499	0.00733	0.00851	0.00411	0.01115	0.00645	0.01702	0.00528	0.00616	0.00411	0.00352	0.00235	0.00117	0.00293	0.00205	0.00235	0.00411
16	0.00944	0.00950	0.04555	0.03175	0.59879	0.00946	0.08428	0.05873	0.00888	0.01266	0.00707	0.00930	0.00585	0.00376	0.00466	0.00120	0.08798	0.00345	0.00196	0.00573
17	0.10143	0.65313	0.06691	0.00694	0.01013	0.04455	0.02745	0.01141	0.00770	0.01004	0.00558	0.00657	0.00493	0.00399	0.02514	0.00103	0.00436	0.00221	0.00173	0.00478
18	0.89350	0.00733	0.00557	0.00499	0.00733	0.00851	0.00411	0.01115	0.00645	0.01702	0.00528	0.00616	0.00411	0.00352	0.00235	0.00117	0.00293	0.00205	0.00235	0.00411
19	0.00910	0.00872	0.01488	0.13020	0.73837	0.00894	0.01150	0.01139	0.00850	0.01204	0.00708	0.00948	0.00589	0.00343	0.00376	0.00114	0.00458	0.00338	0.00185	0.00578
20	0.00935	0.00768	0.00825	0.00740	0.00946	0.00873	0.00576	0.01886	0.72597	0.04857	0.09308	0.01543	0.01377	0.00537	0.00391	0.00127	0.00290	0.00451	0.00392	0.00579
21	0.00903	0.00864	0.01474	0.15803	0.71112	0.00892	0.01146	0.01132	0.00847	0.01195	0.00707	0.00950	0.00585	0.00345	0.00376	0.00115	0.00459	0.00338	0.00185	0.00572
22	0.00551	0.00370	0.00426	0.00426	0.00431	0.00375	0.00246	0.00560	0.00555	0.00745	0.01183	0.02418	0.01351	0.81269	0.07295	0.00383	0.00409	0.00542	0.00228	0.00237
23	0.01565	0.00673	0.00875	0.00689	0.00967	0.00621	0.00563	0.03579	0.12787	0.69411	0.03138	0.01331	0.01016	0.00482	0.00383	0.00119	0.00319	0.00393	0.00455	0.00633
24	0.00449	0.00383	0.00386	0.00388	0.00513	0.00320	0.00290	0.00544	0.00861	0.01023	0.03799	0.05667	0.82162	0.00966	0.00449	0.00129	0.00193	0.00807	0.00352	0.00320
25	0.00761	0.01962	0.84707	0.01081	0.01641	0.00881	0.01401	0.01201	0.00801	0.01201	0.00681	0.00801	0.00480	0.00360	0.00360	0.00120	0.00560	0.00280	0.00160	0.00560
26	0.01417	0.01808	0.01075	0.00977	0.01172	0.85149	0.00733	0.01514	0.01075	0.00928	0.00586	0.00684	0.00489	0.00391	0.00342	0.00098	0.00684	0.00244	0.00195	0.00440
27	0.01552	0.00658	0.00862	0.00680	0.00954	0.00602	0.00555	0.01825	0.12254	0.69992	0.04833	0.01370	0.01075	0.00488	0.00385	0.00119	0.00314	0.00400	0.00456	0.00628
28	0.01243	0.00964	0.01027	0.00832	0.01101	0.01083	0.00673	0.50800	0.34347	0.02070	0.01162	0.01111	0.00849	0.00479	0.00382	0.00120	0.00371	0.00376	0.00382	0.00627
29	0.00758	0.00714	0.01195	0.70040	0.15750	0.00855	0.01059	0.01028	0.02977	0.01029	0.00704	0.01010	0.00538	0.00376	0.00379	0.00124	0.00491	0.00340	0.00177	0.00455
30	0.00943	0.00815	0.00858	0.00772	0.00986	0.00943	0.00600	0.02015	0.83621	0.01586	0.01544	0.01415	0.01158	0.00515	0.00386	0.00129	0.00300	0.00429	0.00386	0.00600
31	0.00716	0.00674	0.01138	0.85760	0.02612	0.00843	0.01053	0.00969	0.00758	0.00969	0.00674	0.01011	0.00506	0.00379	0.00379	0.00126	0.00506	0.00337	0.00169	0.00421
32	0.00465	0.00382	0.00409	0.00408	0.00524	0.00326	0.00304	0.00574	0.00895	0.01110	0.18045	0.07684	0.65683	0.00939	0.00450	0.00128	0.00191	0.00794	0.00364	0.00326
33	0.00537	0.00388	0.00507	0.00477	0.00567	0.00358	0.00358	0.00716	0.01074	0.01521	0.84106	0.02833	0.03578	0.00775	0.00447	0.00119	0.00179	0.00686	0.00417	0.00358
34	0.00467	0.00337	0.00442	0.00517	0.00549	0.00312	0.00349	0.00543	0.00759	0.01013	0.08349	0.75955	0.06711	0.01146	0.00479	0.00150	0.00216	0.01035	0.00357	0.00312
35	0.01683	0.00654	0.00911	0.00696	0.00991	0.00567	0.02446	0.01834	0.01081	0.82658	0.01480	0.01285	0.00930	0.00466	0.00383	0.00118	0.00330	0.00383	0.00463	0.00642

[dist]
# distance from previous block
# <min> <max>
0	1

[block]
# block no. 6 follows, 72 sequences, length 47
# corresponding to MSA columns:
# 392-438
name=unknown_G
#
# <colnr> <probs for GDERKNQSTAVLIFYWHMCP>
#	G	D	E	R	K	N	Q	S	T	A	V	L	I	F	Y	W	H	M	C	P
0	0.11862	0.73613	0.01783	0.00641	0.00950	0.04092	0.00622	0.01145	0.00765	0.00993	0.00529	0.00612	0.00477	0.00330	0.00245	0.00086	0.00401	0.00204	0.00172	0.00476
1	0.01150	0.00927	0.01124	0.00899	0.01169	0.01020	0.10392	0.35140	0.36833	0.03296	0.01184	0.01159	0.00870	0.00465	0.00388	0.00121	0.00386	0.00393	0.02482	0.00603
2	0.00904	0.00871	0.01481	0.12755	0.67710	0.00909	0.02746	0.01126	0.00835	0.01186	0.00697	0.00943	0.00582	0.00361	0.00426	0.00118	0.05258	0.00340	0.00184	0.00566
3	0.00460	0.00385	0.00400	0.00396	0.00519	0.00325	0.00297	0.00567	0.00892	0.01090	0.14413	0.03542	0.73540	0.00936	0.00448	0.00127	0.00190	0.00785	0.00361	0.00325
4	0.00834	0.00829	0.01151	0.00988	0.00995	0.01154	0.00822	0.00950	0.03375	0.00935	0.00533	0.00849	0.00520	0.00659	0.01216	0.00165	0.83094	0.00335	0.00173	0.00421
5	0.00449	0.00383	0.00386	0.00388	0.00513	0.00320	0.00290	0.00544	0.00861	0.01023	0.03801	0.05595	0.82233	0.00966	0.00449	0.00129	0.00193	0.00807	0.00352	0.00320
6	0.00470	0.00336	0.00448	0.00534	0.00559	0.00315	0.00362	0.00540	0.00731	0.00973	0.02074	0.81459	0.02478	0.02333	0.00505	0.00158	0.00228	0.04837	0.00350	0.00309
7	0.89350	0.00733	0.00557	0.00499	0.00733	0.00851	0.00411	0.01115	0.00645	0.01702	0.00528	0.00616	0.00411	0.00352	0.00235	0.00117	0.00293	0.00205	0.00235	0.00411
8	0.36944	0.00836	0.00822	0.03534	0.00986	0.03575	0.00563	0.20489	0.10401	0.17005	0.00917	0.00915	0.00653	0.00418	0.00321	0.00117	0.00348	0.00300	0.00325	0.00531
9	0.00550	0.00371	0.00429	0.00428	0.00436	0.00374	0.00250	0.00565	0.00575	0.00774	0.04339	0.02435	0.01436	0.78281	0.06959	0.00373	0.00400	0.00548	0.00235	0.00241
10	0.01005	0.00961	0.05013	0.06798	0.20729	0.04090	0.19482	0.11822	0.15132	0.05454	0.00987	0.05095	0.00787	0.00431	0.00398	0.00122	0.00463	0.00410	0.00266	0.00555
11	0.04160	0.04475	0.03463	0.00965	0.01153	0.62423	0.02163	0.02755	0.00981	0.00987	0.00581	0.00713	0.00491	0.00425	0.00467	0.00109	0.12791	0.00260	0.00193	0.00445
12	0.00483	0.00386	0.00397	0.00396	0.00521	0.00326	0.00296	0.00585	0.00868	0.02524	0.06149	0.06284	0.74282	0.00934	0.00441	0.00127	0.00194	0.00782	0.03697	0.00328
13	0.10227	0.00828	0.01194	0.26917	0.24716	0.04888	0.02849	0.01134	0.00793	0.08025	0.00707	0.00928	0.00558	0.00417	0.00502	0.00126	0.14171	0.00324	0.00207	0.00491
14	0.00523	0.00401	0.00491	0.00525	0.00626	0.00369	0.00425	0.00659	0.00887	0.01130	0.13724	0.08685	0.37215	0.00983	0.00479	0.00146	0.00252	0.31784	0.00360	0.00336
15	0.01664	0.00634	0.00860	0.00663	0.00948	0.00550	0.00546	0.01812	0.01075	0.81427	0.01486	0.01296	0.00940	0.00468	0.00377	0.00116	0.00317	0.00380	0.03805	0.00634
16	0.00757	0.00731	0.01282	0.69062	0.11293	0.00860	0.08626	0.01013	0.00782	0.01021	0.00687	0.01004	0.00522	0.00369	0.00385	0.00125	0.00512	0.00347	0.00173	0.00449
17	0.00930	0.29933	0.44468	0.00907	0.01342	0.05104	0.01044	0.06935	0.03927	0.01183	0.00673	0.00762	0.00519	0.00362	0.00323	0.00106	0.00496	0.00263	0.00186	0.00538
18	0.01591	0.00822	0.00990	0.00759	0.01056	0.00820	0.00627	0.36285	0.01381	0.49714	0.01248	0.01130	0.00814	0.00463	0.00381	0.00116	0.00363	0.00364	0.00431	0.00645
19	0.00490	0.00386	0.00443	0.00428	0.00538	0.00338	0.00321	0.00626	0.00964	0.01261	0.42063	0.03261	0.45784	0.00872	0.00448	0.00124	0.00186	0.00746	0.00383	0.00338
20	0.00619	0.00431	0.00534	0.00491	0.00595	0.00414	0.00373	0.06479	0.01092	0.01569	0.68942	0.02539	0.03079	0.00715	0.00422	0.00115	0.00195	0.00624	0.10394	0.00377
21	0.01454	0.03680	0.01156	0.00857	0.01161	0.02199	0.03371	0.63042	0.01596	0.16135	0.00988	0.00966	0.00685	0.00448	0.00377	0.00114	0.00412	0.00346	0.00379	0.00633
22	0.00462	0.00330	0.00440	0.00528	0.00550	0.00308	0.00352	0.00528	0.00726	0.00968	0.02090	0.86424	0.02508	0.01188	0.00484	0.00154	0.00220	0.01078	0.00352	0.00308
23	0.00456	0.00385	0.00396	0.00393	0.00517	0.00324	0.00295	0.00560	0.00884	0.01070	0.11252	0.03574	0.76713	0.00943	0.00448	0.00127	0.00191	0.00790	0.00358	0.00324
24	0.00474	0.00344	0.00466	0.03254	0.00622	0.00328	0.00381	0.00548	0.00731	0.00972	0.02043	0.81703	0.02436	0.01159	0.00482	0.00154	0.00232	0.03012	0.00346	0.00313
25	0.89350	0.00733	0.00557	0.00499	0.00733	0.00851	0.00411	0.01115	0.00645	0.01702	0.00528	0.00616	0.00411	0.00352	0.00235	0.00117	0.00293	0.00205	0.00235	0.00411
26	0.01360	0.01015	0.01211	0.01077	0.12048	0.01104	0.03187	0.64339	0.01578	0.06109	0.00900	0.00934	0.00648	0.00441	0.00399	0.00115	0.02209	0.00346	0.00349	0.00630
27	0.00825	0.00732	0.00866	0.00626	0.00960	0.03027	0.04045	0.02952	0.00824	0.01254	0.00681	0.00797	0.00562	0.00290	0.00292	0.00062	0.00312	0.00238	0.00226	0.80430
28	0.00794	0.00681	0.00790	0.00572	0.00903	0.00526	0.00457	0.01005	0.04714	0.01252	0.00715	0.00816	0.00590	0.00292	0.00286	0.00060	0.00282	0.00234	0.00232	0.84799
29	0.78915	0.00772	0.00626	0.00543	0.00786	0.00889	0.00448	0.10841	0.00780	0.01783	0.00573	0.00651	0.00439	0.00364	0.00252	0.00117	0.00308	0.00222	0.00252	0.00439
30	0.00939	0.00901	0.01539	0.02328	0.84306	0.00901	0.01164	0.01164	0.00864	0.01239	0.00713	0.00939	0.00601	0.00338	0.00375	0.00113	0.00451	0.00338	0.00188	0.00601
31	0.00537	0.00389	0.00507	0.00481	0.00572	0.00359	0.00363	0.00713	0.01062	0.01497	0.79624	0.02896	0.05616	0.00788	0.00450	0.00121	0.00184	0.03070	0.00414	0.00357
32	0.00542	0.00404	0.00596	0.00596	0.00659	0.00467	0.00457	0.00668	0.00605	0.00870	0.01028	0.01559	0.00978	0.08693	0.79361	0.00593	0.00971	0.00416	0.00205	0.00331
33	0.44608	0.00831	0.00760	0.00644	0.00880	0.09150	0.00522	0.03364	0.04774	0.25569	0.00870	0.00874	0.00617	0.00415	0.00348	0.00118	0.04573	0.00280	0.00306	0.00496
34	0.14400	0.01507	0.01043	0.00951	0.03129	0.59556	0.02673	0.03081	0.01871	0.01094	0.00595	0.00712	0.00493	0.00405	0.00399	0.00108	0.07078	0.00256	0.00205	0.00445
35	0.00462	0.00330	0.00440	0.00528	0.00550	0.00308	0.00352	0.00528	0.00726	0.00968	0.02090	0.86424	0.02508	0.01188	0.00484	0.00154	0.00220	0.01078	0.00352	0.00308
36	0.00797	0.00737	0.01217	0.68101	0.11296	0.00876	0.03711	0.06725	0.00846	0.01105	0.00698	0.00997	0.00528	0.00378	0.00381	0.00124	0.00498	0.00341	0.00186	0.00459
37	0.00983	0.00868	0.00896	0.06746	0.04521	0.09404	0.00640	0.08466	0.45503	0.04316	0.06008	0.01495	0.07440	0.00527	0.00388	0.00122	0.00355	0.00433	0.00345	0.00542
38	0.00542	0.00394	0.00494	0.00469	0.00571	0.00362	0.00354	0.00698	0.00994	0.03143	0.58289	0.02892	0.21658	0.00955	0.06358	0.00155	0.00243	0.00686	0.00389	0.00354
39	0.12050	0.00760	0.00906	0.00703	0.00992	0.00747	0.00581	0.22033	0.01207	0.54205	0.01235	0.01116	0.00803	0.00452	0.00363	0.00116	0.00343	0.00351	0.00419	0.00617
40	0.04115	0.00901	0.01016	0.00786	0.01080	0.02366	0.00647	0.46610	0.02830	0.33989	0.01130	0.01053	0.00757	0.00458	0.00375	0.00115	0.00380	0.00353	0.00407	0.00634
41	0.00698	0.00650	0.01089	0.79813	0.02468	0.00805	0.01004	0.00938	0.00756	0.00969	0.00773	0.06971	0.00645	0.00436	0.00386	0.00128	0.00486	0.00389	0.00181	0.00413
42	0.00708	0.00591	0.00915	0.00847	0.00991	0.03293	0.15759	0.02987	0.00885	0.02933	0.01708	0.18194	0.01823	0.00890	0.00490	0.00157	0.00392	0.45729	0.00319	0.00389
43	0.00886	0.00847	0.01444	0.22055	0.64990	0.00887	0.01138	0.01118	0.00839	0.01175	0.00704	0.00956	0.00578	0.00348	0.00376	0.00116	0.00464	0.00338	0.00183	0.00558
44	0.00870	0.01674	0.55790	0.01181	0.01666	0.04915	0.20224	0.06930	0.00904	0.01274	0.00712	0.00854	0.00514	0.00359	0.00381	0.00120	0.00575	0.00322	0.00184	0.00549
45	0.00711	0.00663	0.01113	0.81727	0.02525	0.00823	0.01032	0.00960	0.00764	0.00977	0.00737	0.01166	0.00585	0.00411	0.00386	0.00129	0.00498	0.04197	0.00177	0.00418
46	0.00680	0.00415	0.00518	0.00497	0.00552	0.00420	0.00336	0.00748	0.01810	0.09962	0.01278	0.02210	0.03036	0.53627	0.19315	0.00377	0.00495	0.03153	0.00259	0.00309

[dist]
# distance from previous block
# <min> <max>
0	1

# created by:
# /home/cegg/simao/soft/augustus-3.2.1/scripts/msa2prfl.pl ./align_prep/EOG092C4X4U.fa
