[name]
unknown

[dist]
# distance from previous block
# <min> <max>
0	52

[block]
# block no. 0 follows, 74 sequences, length 31
# corresponding to MSA columns:
# 65-95
name=unknown_A
#
# <colnr> <probs for GDERKNQSTAVLIFYWHMCP>
#	G	D	E	R	K	N	Q	S	T	A	V	L	I	F	Y	W	H	M	C	P
0	0.02414	0.00582	0.00746	0.04055	0.06577	0.03304	0.00545	0.09012	0.00869	0.15287	0.03296	0.06511	0.03329	0.01864	0.01756	0.22407	0.00353	0.13692	0.00290	0.03109
1	0.00744	0.00511	0.00647	0.03981	0.02741	0.00506	0.01294	0.06628	0.08937	0.10551	0.21912	0.18663	0.16473	0.00795	0.01458	0.01165	0.00266	0.01952	0.00361	0.00415
2	0.13104	0.00960	0.00979	0.00768	0.01049	0.03879	0.00630	0.56120	0.04362	0.02026	0.00847	0.00910	0.00632	0.00424	0.00343	0.00107	0.00381	0.01819	0.00329	0.10330
3	0.00489	0.00351	0.00436	0.00463	0.00512	0.00325	0.00316	0.00566	0.00777	0.01037	0.21903	0.36420	0.15246	0.15237	0.00731	0.03523	0.00229	0.00808	0.00333	0.00297
4	0.00647	0.00447	0.00577	0.00544	0.00653	0.00442	0.00406	0.02244	0.04193	0.06960	0.11643	0.16246	0.06377	0.10880	0.27182	0.00294	0.00488	0.00562	0.00292	0.08925
5	0.00695	0.00505	0.00597	0.00570	0.00687	0.00518	0.00422	0.01076	0.24816	0.06177	0.25481	0.21239	0.04730	0.06770	0.00536	0.01143	0.00245	0.01598	0.00367	0.01829
6	0.00744	0.00636	0.00736	0.00546	0.00848	0.00493	0.00432	0.00934	0.03902	0.01201	0.00933	0.03888	0.05879	0.00355	0.00296	0.00065	0.00268	0.00291	0.00238	0.77316
7	0.00525	0.00371	0.00447	0.00469	0.00525	0.00350	0.00318	0.00627	0.03380	0.02973	0.13485	0.35254	0.16876	0.21738	0.00799	0.00190	0.00245	0.00793	0.00328	0.00309
8	0.04222	0.00521	0.00636	0.00545	0.00731	0.00474	0.00429	0.05797	0.00988	0.33841	0.13642	0.10941	0.24300	0.00701	0.00405	0.00122	0.00255	0.00590	0.00396	0.00463
9	0.00530	0.00398	0.00597	0.00597	0.00663	0.00464	0.00464	0.00663	0.00597	0.00862	0.00994	0.01458	0.00928	0.02784	0.85484	0.00597	0.00994	0.00398	0.00199	0.00331
10	0.06003	0.00409	0.00472	0.00470	0.00570	0.00383	0.00345	0.02918	0.00880	0.03763	0.26145	0.26094	0.26946	0.02338	0.00456	0.00133	0.00211	0.00762	0.00358	0.00343
11	0.18373	0.00628	0.00700	0.00594	0.00803	0.00637	0.00472	0.08096	0.10493	0.29348	0.07569	0.06342	0.07928	0.04292	0.00427	0.00130	0.00290	0.01142	0.01242	0.00493
12	0.06670	0.00409	0.00456	0.00441	0.00543	0.00386	0.00324	0.00682	0.03286	0.01233	0.36335	0.06311	0.30925	0.09710	0.00573	0.00146	0.00212	0.00673	0.00352	0.00333
13	0.00478	0.00341	0.00443	0.00503	0.00547	0.00318	0.00352	0.00570	0.00781	0.01054	0.14402	0.61342	0.08240	0.01057	0.00461	0.00143	0.00213	0.05287	0.03156	0.00313
14	0.07674	0.00431	0.00512	0.00494	0.00602	0.00411	0.00367	0.01613	0.01698	0.09965	0.27804	0.19516	0.15041	0.08478	0.00553	0.00148	0.00235	0.03738	0.00357	0.00362
15	0.45533	0.00674	0.00625	0.00548	0.00754	0.00741	0.00440	0.11689	0.06875	0.05447	0.08920	0.04367	0.11030	0.00514	0.00319	0.00118	0.00280	0.00386	0.00304	0.00436
16	0.08743	0.00803	0.00884	0.00710	0.00953	0.00858	0.00577	0.42228	0.06681	0.14981	0.11812	0.02938	0.02769	0.00542	0.01646	0.00122	0.00344	0.00402	0.01457	0.00552
17	0.00567	0.00366	0.00482	0.00536	0.00581	0.00347	0.00381	0.00644	0.00729	0.06182	0.01855	0.53826	0.02127	0.14923	0.00702	0.00186	0.00266	0.14651	0.00332	0.00317
18	0.04298	0.00531	0.00672	0.05928	0.00838	0.00546	0.00497	0.11579	0.01884	0.12515	0.11099	0.07917	0.07095	0.05375	0.07034	0.09800	0.00363	0.11312	0.00318	0.00398
19	0.04121	0.00546	0.00628	0.00584	0.00733	0.00562	0.00445	0.01204	0.26730	0.12364	0.16978	0.16538	0.11831	0.02640	0.00443	0.00133	0.00251	0.02448	0.00375	0.00447
20	0.00610	0.00378	0.00437	0.00423	0.00444	0.00371	0.00250	0.00625	0.00592	0.06006	0.04313	0.02369	0.01403	0.78318	0.01740	0.00335	0.00350	0.00534	0.00246	0.00255
21	0.08020	0.00901	0.00969	0.00762	0.01031	0.00976	0.00624	0.58870	0.03019	0.11038	0.01154	0.04002	0.05954	0.00496	0.00369	0.00115	0.00367	0.00382	0.00368	0.00582
22	0.00924	0.00781	0.00921	0.12656	0.05182	0.05578	0.00675	0.24501	0.08936	0.01406	0.02449	0.01397	0.06892	0.03312	0.14410	0.00206	0.06137	0.02889	0.00276	0.00472
23	0.00574	0.00478	0.00632	0.01595	0.01785	0.02725	0.06606	0.01719	0.00770	0.01003	0.11116	0.21448	0.20608	0.16899	0.03370	0.03411	0.03014	0.01630	0.00293	0.00323
24	0.00561	0.00433	0.00639	0.00623	0.00681	0.00517	0.00487	0.00679	0.00607	0.00880	0.04066	0.01435	0.00973	0.02453	0.71294	0.03871	0.08870	0.00398	0.00202	0.00333
25	0.00721	0.00660	0.01098	0.71602	0.08969	0.00801	0.00983	0.00963	0.03068	0.00968	0.00686	0.01004	0.00530	0.00429	0.00438	0.05687	0.00474	0.00332	0.00172	0.00416
26	0.02851	0.00827	0.01350	0.31121	0.44854	0.02517	0.04879	0.04081	0.00846	0.02146	0.00697	0.00938	0.00554	0.00351	0.00369	0.00116	0.00467	0.00331	0.00189	0.00518
27	0.00844	0.03417	0.03010	0.55929	0.08424	0.04277	0.00953	0.06496	0.00832	0.04657	0.00706	0.00965	0.00539	0.00456	0.02792	0.00134	0.04596	0.00325	0.00194	0.00453
28	0.00899	0.00819	0.01387	0.10053	0.34945	0.01992	0.18388	0.02569	0.08093	0.06248	0.02185	0.07337	0.02503	0.00435	0.00394	0.00120	0.00443	0.00429	0.00238	0.00523
29	0.01143	0.00590	0.00720	0.03001	0.00852	0.03687	0.00494	0.04478	0.02812	0.41944	0.06620	0.12659	0.13990	0.00667	0.00421	0.01623	0.00298	0.03117	0.00392	0.00493
30	0.02078	0.00799	0.02531	0.12511	0.13171	0.05887	0.10947	0.03713	0.08487	0.23264	0.05281	0.07705	0.00989	0.00476	0.00387	0.00119	0.00407	0.00428	0.00302	0.00520

[dist]
# distance from previous block
# <min> <max>
2	5

[block]
# block no. 1 follows, 74 sequences, length 6
# corresponding to MSA columns:
# 103-108
name=unknown_B
#
# <colnr> <probs for GDERKNQSTAVLIFYWHMCP>
#	G	D	E	R	K	N	Q	S	T	A	V	L	I	F	Y	W	H	M	C	P
0	0.00578	0.00479	0.02450	0.04886	0.00779	0.00459	0.02472	0.03949	0.03064	0.01078	0.08827	0.33155	0.07100	0.04138	0.16442	0.00228	0.00411	0.04017	0.00297	0.05192
1	0.03152	0.03563	0.35757	0.01078	0.07256	0.00811	0.15318	0.03117	0.02511	0.09898	0.02653	0.00928	0.00634	0.00359	0.00358	0.00109	0.00469	0.00320	0.00220	0.11489
2	0.01032	0.00821	0.06577	0.00664	0.00996	0.00666	0.00574	0.18476	0.01019	0.13477	0.00825	0.00867	0.00615	0.00343	0.00315	0.00080	0.00328	0.00270	0.00282	0.51774
3	0.00560	0.00352	0.00471	0.00476	0.00521	0.00341	0.00337	0.00549	0.00660	0.00871	0.10946	0.08367	0.17385	0.05594	0.08815	0.39697	0.00336	0.03224	0.00251	0.00247
4	0.00638	0.00439	0.00498	0.00468	0.00506	0.00456	0.00295	0.09936	0.00680	0.00912	0.01127	0.02192	0.01241	0.71668	0.07166	0.00347	0.00407	0.00507	0.00240	0.00278
5	0.11162	0.15466	0.01110	0.00851	0.12298	0.00878	0.00615	0.16910	0.00950	0.01423	0.00669	0.00765	0.00541	0.00331	0.00295	0.00084	0.00345	0.00251	0.00235	0.34823

[dist]
# distance from previous block
# <min> <max>
1	5

[block]
# block no. 2 follows, 74 sequences, length 13
# corresponding to MSA columns:
# 114-126
name=unknown_C
#
# <colnr> <probs for GDERKNQSTAVLIFYWHMCP>
#	G	D	E	R	K	N	Q	S	T	A	V	L	I	F	Y	W	H	M	C	P
0	0.01082	0.01243	0.01209	0.01024	0.01154	0.36656	0.09306	0.04050	0.00845	0.00981	0.00565	0.00774	0.00496	0.00495	0.00736	0.00129	0.38337	0.00301	0.00184	0.00434
1	0.00726	0.09715	0.09721	0.02652	0.03907	0.00707	0.03058	0.00975	0.08450	0.02735	0.03415	0.14907	0.04906	0.00867	0.11639	0.00178	0.06508	0.01203	0.00248	0.13485
2	0.01177	0.06926	0.09722	0.00893	0.01221	0.05207	0.16401	0.07197	0.07141	0.27915	0.00999	0.01009	0.00702	0.00386	0.00360	0.00107	0.00422	0.00338	0.00300	0.11576
3	0.00843	0.00659	0.01071	0.58318	0.09811	0.00766	0.00922	0.01057	0.00790	0.12712	0.00860	0.06541	0.00689	0.00439	0.00402	0.00124	0.02941	0.00383	0.00219	0.00452
4	0.01059	0.39827	0.11062	0.00826	0.05193	0.19532	0.00734	0.03914	0.00890	0.05950	0.02916	0.00909	0.04968	0.00393	0.00307	0.00095	0.00455	0.00280	0.00208	0.00483
5	0.00523	0.00429	0.03292	0.00489	0.00590	0.00359	0.00371	0.00657	0.03531	0.04040	0.10657	0.37782	0.33988	0.00964	0.00446	0.00134	0.00218	0.00842	0.00350	0.00340
6	0.00547	0.00418	0.00612	0.00603	0.00660	0.00494	0.00465	0.00666	0.00590	0.00852	0.00979	0.01498	0.00936	0.09322	0.74064	0.00553	0.05808	0.00405	0.00199	0.00327
7	0.00609	0.00507	0.03173	0.00697	0.05643	0.00456	0.07968	0.00728	0.00762	0.03778	0.12334	0.17321	0.11304	0.23582	0.05568	0.00217	0.00358	0.04363	0.00288	0.00346
8	0.01131	0.01074	0.16458	0.00886	0.01196	0.03405	0.08286	0.28752	0.13478	0.12977	0.01043	0.03391	0.00790	0.04869	0.00455	0.00130	0.00424	0.00378	0.00315	0.00562
9	0.00455	0.00331	0.00430	0.00502	0.00536	0.00305	0.00339	0.00528	0.00741	0.00982	0.06753	0.74844	0.09642	0.01121	0.00469	0.00147	0.00211	0.01010	0.00348	0.00305
10	0.00746	0.00627	0.00974	0.05902	0.32033	0.00632	0.02822	0.05734	0.02507	0.03025	0.04670	0.35888	0.01480	0.00701	0.00416	0.00129	0.00339	0.00645	0.00278	0.00454
11	0.03205	0.10370	0.19043	0.02673	0.01325	0.05588	0.16016	0.11011	0.02898	0.06082	0.00729	0.00869	0.00561	0.00419	0.00509	0.00120	0.15770	0.00320	0.01986	0.00505
12	0.00748	0.02216	0.00970	0.01956	0.08498	0.00613	0.14361	0.06258	0.02997	0.04646	0.03281	0.22744	0.06920	0.00738	0.00449	0.00135	0.01991	0.15944	0.04115	0.00421

[dist]
# distance from previous block
# <min> <max>
2	19

[block]
# block no. 3 follows, 74 sequences, length 70
# corresponding to MSA columns:
# 146-215
name=unknown_D
#
# <colnr> <probs for GDERKNQSTAVLIFYWHMCP>
#	G	D	E	R	K	N	Q	S	T	A	V	L	I	F	Y	W	H	M	C	P
0	0.00790	0.00502	0.00627	0.00522	0.00712	0.00426	0.00406	0.00958	0.01958	0.16282	0.37784	0.04449	0.08378	0.00599	0.00383	0.00102	0.00230	0.00515	0.00360	0.24016
1	0.00857	0.00819	0.03590	0.00745	0.00982	0.03739	0.02275	0.07098	0.03627	0.01207	0.00658	0.00813	0.00554	0.00404	0.00549	0.00095	0.23616	0.00270	0.00217	0.47885
2	0.01567	0.26970	0.39899	0.07094	0.01415	0.01027	0.05713	0.01764	0.04871	0.01098	0.00695	0.02516	0.00555	0.00363	0.00325	0.00106	0.00474	0.00286	0.00178	0.03082
3	0.02607	0.00933	0.01882	0.01305	0.28571	0.06886	0.04420	0.22341	0.08149	0.07702	0.01918	0.03884	0.00752	0.00425	0.00385	0.00112	0.02174	0.00361	0.00280	0.04913
4	0.00544	0.00431	0.00585	0.00542	0.00645	0.00410	0.04675	0.00734	0.04584	0.01305	0.49167	0.14237	0.16203	0.00811	0.00457	0.00125	0.01979	0.01837	0.00371	0.00357
5	0.00469	0.00345	0.00451	0.00530	0.01653	0.00320	0.00362	0.00550	0.00754	0.00995	0.06592	0.67056	0.11892	0.01097	0.00469	0.00147	0.00220	0.05440	0.00346	0.00311
6	0.00835	0.00794	0.01358	0.16940	0.57499	0.00817	0.04636	0.01058	0.00847	0.01187	0.08351	0.01144	0.02121	0.00385	0.00379	0.00114	0.00431	0.00373	0.00203	0.00527
7	0.01622	0.00689	0.00896	0.00688	0.00976	0.00633	0.00568	0.12992	0.02060	0.72675	0.01386	0.01214	0.00882	0.00458	0.00373	0.00115	0.00328	0.00368	0.00446	0.00631
8	0.01641	0.00625	0.00853	0.00657	0.00939	0.00541	0.00541	0.01783	0.01055	0.83183	0.01476	0.03007	0.00950	0.00474	0.00375	0.00116	0.00314	0.00387	0.00457	0.00625
9	0.00452	0.00323	0.00431	0.00517	0.00538	0.00301	0.00345	0.00517	0.00711	0.00948	0.02046	0.86713	0.02455	0.01163	0.00474	0.00151	0.00215	0.01055	0.00345	0.00301
10	0.00469	0.00336	0.00447	0.00519	0.00553	0.00315	0.00360	0.00553	0.00759	0.01018	0.11264	0.71288	0.03654	0.01107	0.00472	0.00148	0.00218	0.05860	0.00352	0.00310
11	0.00944	0.00914	0.04646	0.47294	0.02677	0.16926	0.01545	0.02330	0.00857	0.10561	0.01963	0.05218	0.00681	0.00431	0.00380	0.00118	0.01495	0.00357	0.00219	0.00446
12	0.00701	0.00660	0.01113	0.86063	0.02556	0.00825	0.01031	0.00948	0.00742	0.00948	0.00660	0.00990	0.00495	0.00371	0.00371	0.00124	0.00495	0.00330	0.00165	0.00412
13	0.28127	0.00669	0.00773	0.00614	0.00884	0.00649	0.00507	0.03894	0.00952	0.57509	0.01163	0.01054	0.00755	0.00424	0.00330	0.00115	0.00310	0.00320	0.00388	0.00563
14	0.00912	0.00534	0.00709	0.00695	0.05219	0.00516	0.00525	0.02463	0.09569	0.23167	0.28054	0.04199	0.03243	0.00694	0.00427	0.00129	0.00278	0.17814	0.00390	0.00462
15	0.00878	0.06276	0.60823	0.00956	0.01419	0.00854	0.02147	0.01301	0.07902	0.10916	0.00834	0.00916	0.00598	0.02122	0.00383	0.00121	0.00489	0.00301	0.00213	0.00551
16	0.03982	0.40590	0.01350	0.00665	0.00940	0.07411	0.00590	0.04922	0.04400	0.24371	0.06670	0.00984	0.00841	0.00407	0.00308	0.00098	0.00372	0.00298	0.00283	0.00516
17	0.00470	0.00369	0.00425	0.00429	0.00525	0.00324	0.00315	0.00586	0.00892	0.01155	0.30295	0.16544	0.44518	0.00915	0.00444	0.00127	0.00188	0.00789	0.00366	0.00324
18	0.01987	0.01492	0.04899	0.39881	0.22089	0.00892	0.12084	0.01046	0.01681	0.01065	0.00671	0.00944	0.00530	0.00380	0.00457	0.00124	0.08789	0.00340	0.00175	0.00474
19	0.00725	0.00666	0.01090	0.75988	0.04498	0.00815	0.00986	0.04547	0.00787	0.01016	0.00739	0.05186	0.00599	0.00412	0.00376	0.00124	0.00476	0.00366	0.00183	0.00421
20	0.00800	0.00586	0.00668	0.00599	0.00755	0.00604	0.00472	0.19083	0.07673	0.06376	0.09039	0.13321	0.28166	0.00775	0.00457	0.00129	0.03863	0.05844	0.00358	0.00432
21	0.00579	0.00438	0.00533	0.01652	0.00644	0.00437	0.00414	0.04295	0.04297	0.01083	0.08915	0.16264	0.26512	0.06731	0.00654	0.07039	0.03279	0.15580	0.00321	0.00332
22	0.00920	0.00951	0.07696	0.11179	0.35118	0.00886	0.21231	0.07148	0.03164	0.03941	0.02908	0.01005	0.00665	0.00363	0.00394	0.00117	0.01195	0.00366	0.00214	0.00541
23	0.00493	0.00388	0.00454	0.00505	0.00568	0.02049	0.00359	0.00605	0.03123	0.01011	0.05946	0.53078	0.23008	0.01047	0.00460	0.00142	0.00226	0.05874	0.00345	0.00320
24	0.00803	0.00778	0.01361	0.45319	0.35559	0.00857	0.07894	0.01045	0.00795	0.01075	0.00683	0.00962	0.00538	0.00350	0.00375	0.00118	0.00484	0.00339	0.00174	0.00490
25	0.00824	0.06587	0.42640	0.00974	0.01363	0.03206	0.10694	0.05022	0.12247	0.01794	0.03544	0.07729	0.00835	0.00449	0.00372	0.00119	0.00471	0.00385	0.00226	0.00519
26	0.02237	0.17956	0.02862	0.01968	0.08383	0.08042	0.03008	0.11957	0.02667	0.17970	0.05270	0.10556	0.01022	0.01840	0.00380	0.00114	0.00381	0.01374	0.01509	0.00503
27	0.02068	0.01011	0.14661	0.07361	0.54220	0.00848	0.02883	0.02346	0.00860	0.09069	0.00764	0.00932	0.00592	0.00350	0.00366	0.00113	0.00451	0.00326	0.00207	0.00571
28	0.04167	0.00740	0.01129	0.00845	0.01144	0.00664	0.22158	0.02248	0.07763	0.06114	0.03284	0.01100	0.00770	0.00462	0.03905	0.00114	0.00402	0.02905	0.00249	0.39837
29	0.01223	0.00662	0.01014	0.00779	0.01031	0.00609	0.14159	0.03460	0.00990	0.45187	0.11292	0.01505	0.05818	0.02377	0.00461	0.00122	0.04098	0.00436	0.00371	0.04406
30	0.00497	0.00342	0.00415	0.00463	0.00510	0.00319	0.00317	0.00581	0.00744	0.01023	0.06772	0.49158	0.14132	0.09473	0.00579	0.00158	0.00220	0.02098	0.11894	0.00305
31	0.05592	0.01243	0.11525	0.01034	0.01333	0.21167	0.19972	0.15564	0.08721	0.06087	0.00812	0.00900	0.00605	0.00396	0.00398	0.00115	0.03434	0.00331	0.00251	0.00519
32	0.01730	0.00852	0.01052	0.02269	0.11551	0.09040	0.08967	0.18426	0.08865	0.10190	0.06730	0.04999	0.07186	0.00541	0.00397	0.00120	0.00396	0.05865	0.00315	0.00510
33	0.00509	0.00358	0.00454	0.00525	0.00561	0.01659	0.00356	0.00578	0.00732	0.03893	0.02046	0.80233	0.04461	0.01120	0.00467	0.00148	0.00225	0.01011	0.00346	0.00315
34	0.00511	0.00380	0.00528	0.00564	0.00604	0.00404	0.00412	0.00595	0.00680	0.00932	0.04529	0.44392	0.04623	0.01601	0.26123	0.04006	0.05316	0.03201	0.00285	0.00314
35	0.00926	0.04788	0.05291	0.01528	0.18354	0.03594	0.47512	0.04636	0.03378	0.02664	0.00798	0.03343	0.00636	0.00358	0.00404	0.00119	0.00541	0.00404	0.00207	0.00522
36	0.00945	0.02193	0.08559	0.31323	0.24864	0.15395	0.00991	0.03839	0.03894	0.03468	0.00715	0.00911	0.00555	0.00369	0.00361	0.00113	0.00498	0.00313	0.00197	0.00497
37	0.89577	0.00718	0.00546	0.00488	0.00718	0.00833	0.00402	0.01091	0.00632	0.01665	0.00517	0.00603	0.00402	0.00345	0.00230	0.00115	0.00287	0.00201	0.00230	0.00402
38	0.06299	0.00857	0.00990	0.00795	0.01033	0.01899	0.05921	0.51360	0.01371	0.04723	0.02194	0.17145	0.01010	0.00570	0.00385	0.00119	0.00372	0.00474	0.01946	0.00536
39	0.00481	0.00373	0.00437	0.00430	0.00529	0.00330	0.00319	0.00611	0.00932	0.01228	0.41711	0.09756	0.39786	0.00872	0.00441	0.00123	0.00184	0.00752	0.00375	0.00330
40	0.83916	0.03236	0.00606	0.00505	0.00740	0.00862	0.00419	0.03979	0.00674	0.01666	0.00530	0.00613	0.00412	0.00347	0.00235	0.00114	0.00295	0.00206	0.00233	0.00412
41	0.00974	0.70365	0.11814	0.00702	0.01038	0.04320	0.00724	0.01168	0.04246	0.00939	0.00578	0.00654	0.00503	0.00332	0.00261	0.00086	0.00420	0.00218	0.00169	0.00488
42	0.00917	0.59638	0.26332	0.00807	0.03571	0.01274	0.00866	0.01131	0.00765	0.00972	0.00565	0.00660	0.00478	0.00328	0.00276	0.00091	0.00443	0.00225	0.00159	0.00501
43	0.00559	0.00390	0.00513	0.00545	0.00610	0.00389	0.00393	0.00717	0.06105	0.04711	0.10280	0.49157	0.05228	0.01330	0.15794	0.00224	0.00362	0.02016	0.00332	0.00346
44	0.00668	0.00361	0.00501	0.00497	0.00522	0.01116	0.00341	0.00576	0.00556	0.04393	0.00933	0.03879	0.03485	0.09702	0.04287	0.63872	0.00346	0.03553	0.00200	0.00212
45	0.00976	0.04665	0.07078	0.07058	0.16590	0.10648	0.29115	0.02297	0.08925	0.05347	0.00803	0.00960	0.00615	0.00368	0.00407	0.00117	0.02939	0.00358	0.00216	0.00518
46	0.00859	0.00824	0.03030	0.47075	0.04685	0.02076	0.16773	0.13998	0.00939	0.01233	0.00771	0.01106	0.00604	0.00399	0.00389	0.00123	0.00502	0.03935	0.00210	0.00469
47	0.00522	0.00359	0.00442	0.00458	0.00473	0.00366	0.00288	0.00556	0.00582	0.00787	0.01307	0.18264	0.01489	0.56622	0.15574	0.00360	0.00438	0.00614	0.00243	0.00257
48	0.05046	0.00814	0.09350	0.03961	0.01268	0.00706	0.28811	0.03932	0.07698	0.03560	0.01262	0.28707	0.01976	0.00625	0.00420	0.00131	0.00417	0.00602	0.00268	0.00447
49	0.00969	0.00794	0.02221	0.22573	0.03490	0.13083	0.04974	0.01184	0.05481	0.18027	0.03969	0.07911	0.08802	0.03104	0.00433	0.00127	0.00413	0.01708	0.00285	0.00454
50	0.04934	0.00900	0.17375	0.00863	0.04776	0.00648	0.07644	0.01445	0.02015	0.44740	0.01777	0.06803	0.00881	0.00489	0.00406	0.02631	0.00384	0.00397	0.00338	0.00555
51	0.00753	0.01449	0.56174	0.00928	0.01345	0.00746	0.04514	0.02487	0.02655	0.04766	0.09650	0.03508	0.05160	0.00480	0.00381	0.00121	0.00460	0.03692	0.00227	0.00505
52	0.04825	0.00885	0.01494	0.03974	0.67796	0.01986	0.08736	0.01162	0.00846	0.03713	0.00715	0.00921	0.00584	0.00335	0.00368	0.00112	0.00452	0.00335	0.00194	0.00567
53	0.00665	0.03584	0.55076	0.00864	0.01235	0.00701	0.01013	0.00966	0.00754	0.01083	0.01083	0.19549	0.02417	0.06488	0.00487	0.00142	0.00448	0.02776	0.00210	0.00462
54	0.00587	0.00504	0.02501	0.00642	0.00769	0.01441	0.08603	0.00759	0.03467	0.02823	0.12777	0.23993	0.21403	0.00885	0.00456	0.00139	0.00287	0.17269	0.00334	0.00361
55	0.00785	0.12493	0.64367	0.04754	0.01572	0.00942	0.06023	0.01175	0.02489	0.01136	0.00669	0.00794	0.00491	0.00350	0.00345	0.00114	0.00526	0.00280	0.00164	0.00532
56	0.00849	0.04112	0.17730	0.00675	0.00892	0.03419	0.00628	0.01022	0.00851	0.20101	0.07456	0.30538	0.05079	0.00763	0.01724	0.00135	0.00340	0.02919	0.00323	0.00443
57	0.00753	0.04817	0.82209	0.01044	0.01584	0.00883	0.01346	0.01173	0.00783	0.01165	0.00661	0.00777	0.00470	0.00351	0.00349	0.00116	0.00543	0.00272	0.00157	0.00546
58	0.00524	0.00362	0.00438	0.00463	0.00526	0.00330	0.00318	0.00601	0.00767	0.04659	0.10877	0.38748	0.23178	0.15627	0.00697	0.00175	0.00233	0.00829	0.00336	0.00311
59	0.00800	0.00722	0.01128	0.18082	0.33918	0.03111	0.04343	0.03332	0.00866	0.02191	0.09141	0.03278	0.02046	0.04296	0.00466	0.00134	0.00414	0.11027	0.00238	0.00467
60	0.00883	0.42441	0.39295	0.00860	0.01279	0.01155	0.03398	0.03523	0.00801	0.01065	0.00624	0.00756	0.00506	0.00348	0.00304	0.00100	0.00471	0.01510	0.00168	0.00512
61	0.00562	0.00414	0.00486	0.00465	0.00570	0.00397	0.00349	0.00802	0.09174	0.01360	0.46930	0.06157	0.19745	0.00752	0.00414	0.00118	0.00191	0.00650	0.10100	0.00364
62	0.00726	0.00513	0.04100	0.00542	0.00687	0.00441	0.00439	0.03791	0.03832	0.13107	0.47663	0.09075	0.10478	0.00735	0.00425	0.00121	0.00230	0.02296	0.00390	0.00408
63	0.03270	0.04487	0.08891	0.11162	0.04013	0.03801	0.17134	0.06266	0.03938	0.15678	0.01094	0.02229	0.00917	0.00501	0.00399	0.00126	0.00448	0.14874	0.00276	0.00495
64	0.00761	0.05606	0.78753	0.01030	0.01558	0.00890	0.01315	0.01198	0.03403	0.01174	0.00686	0.00794	0.00491	0.00356	0.00348	0.00116	0.00534	0.00276	0.00164	0.00547
65	0.01557	0.00614	0.00817	0.00638	0.00905	0.00543	0.00523	0.01736	0.04067	0.74851	0.01445	0.01278	0.00929	0.00459	0.00364	0.00113	0.00303	0.00373	0.07881	0.00606
66	0.01111	0.04593	0.25819	0.01064	0.04808	0.46453	0.06400	0.01328	0.00938	0.01022	0.00652	0.00823	0.00528	0.00381	0.00349	0.00106	0.00604	0.02363	0.00183	0.00476
67	0.03654	0.00867	0.03496	0.08957	0.03015	0.06085	0.04270	0.16465	0.20260	0.22810	0.01168	0.03211	0.00867	0.00471	0.00376	0.00119	0.00387	0.02625	0.00341	0.00557
68	0.00500	0.00353	0.00457	0.00494	0.00520	0.00356	0.00330	0.00558	0.00632	0.00854	0.01554	0.38008	0.02947	0.31194	0.18113	0.00313	0.00424	0.01838	0.00274	0.00282
69	0.01009	0.00861	0.05984	0.06331	0.19653	0.00803	0.20642	0.07578	0.01936	0.16290	0.10361	0.01206	0.00965	0.00427	0.00431	0.00119	0.04200	0.00401	0.00273	0.00531

[dist]
# distance from previous block
# <min> <max>
0	3

[block]
# block no. 4 follows, 74 sequences, length 40
# corresponding to MSA columns:
# 219-227,229-237,246-262,265-269
name=unknown_E
#
# <colnr> <probs for GDERKNQSTAVLIFYWHMCP>
#	G	D	E	R	K	N	Q	S	T	A	V	L	I	F	Y	W	H	M	C	P
0	0.00868	0.03431	0.15591	0.01080	0.16641	0.02698	0.08771	0.03881	0.00843	0.03279	0.00698	0.00831	0.00553	0.00316	0.00327	0.00088	0.00405	0.00278	0.00208	0.39213
1	0.53101	0.05217	0.03413	0.00672	0.00918	0.18591	0.02921	0.06955	0.00826	0.03620	0.00591	0.00671	0.00458	0.00361	0.00275	0.00109	0.00399	0.00232	0.00231	0.00441
2	0.00636	0.00333	0.00497	0.00503	0.00512	0.00336	0.00348	0.00512	0.00515	0.00687	0.00753	0.01357	0.00762	0.01338	0.05155	0.78999	0.00354	0.06048	0.00176	0.00181
3	0.53630	0.00686	0.00620	0.00528	0.00758	0.02575	0.00427	0.02670	0.00773	0.10852	0.08651	0.02017	0.02865	0.00415	0.00284	0.00108	0.00286	0.00295	0.00277	0.11284
4	0.03338	0.00959	0.01856	0.01456	0.09644	0.02620	0.58970	0.05480	0.00913	0.03829	0.00785	0.02580	0.00609	0.00342	0.00411	0.00119	0.00554	0.00411	0.00211	0.04914
5	0.00752	0.00590	0.00716	0.00703	0.04953	0.02064	0.03043	0.06833	0.19724	0.04777	0.12717	0.16946	0.11939	0.08093	0.00545	0.00148	0.00292	0.04395	0.00341	0.00429
6	0.00469	0.00369	0.00396	0.00406	0.00489	0.00328	0.00283	0.00540	0.00756	0.00929	0.02896	0.10775	0.53837	0.21947	0.01970	0.00192	0.00247	0.02566	0.00313	0.00292
7	0.00531	0.00361	0.00423	0.00424	0.00441	0.00354	0.00255	0.00567	0.00642	0.00871	0.15910	0.08385	0.01806	0.65760	0.01534	0.00302	0.00317	0.00599	0.00266	0.00252
8	0.06874	0.00974	0.09413	0.01055	0.01385	0.04190	0.33808	0.05751	0.01804	0.10120	0.04200	0.01032	0.00720	0.00373	0.00391	0.00111	0.02122	0.01209	0.00244	0.14226
9	0.00894	0.00700	0.00752	0.00667	0.00843	0.01959	0.00517	0.21620	0.30609	0.01598	0.10358	0.14619	0.05828	0.00634	0.00392	0.00122	0.00289	0.00534	0.06570	0.00496
10	0.01448	0.00577	0.00760	0.00603	0.00846	0.00511	0.00491	0.02756	0.01014	0.66064	0.02591	0.03398	0.00994	0.00476	0.00357	0.00111	0.00288	0.00389	0.15756	0.00570
11	0.01234	0.01277	0.01225	0.07244	0.07905	0.38085	0.10630	0.15539	0.02774	0.06764	0.00741	0.00848	0.00567	0.00396	0.00390	0.00109	0.03223	0.00308	0.00240	0.00500
12	0.00820	0.03951	0.70977	0.01038	0.01539	0.00901	0.03589	0.06930	0.00852	0.02814	0.00691	0.00802	0.00493	0.00367	0.00376	0.00117	0.02730	0.00284	0.00178	0.00549
13	0.00542	0.00401	0.00478	0.00505	0.00610	0.00367	0.00407	0.00661	0.00838	0.03313	0.04639	0.03645	0.43288	0.06972	0.00566	0.00159	0.00262	0.31680	0.00340	0.00327
14	0.00852	0.01659	0.00686	0.00585	0.00735	0.02606	0.06191	0.03117	0.02327	0.17027	0.15189	0.13015	0.06470	0.01943	0.01469	0.00124	0.00278	0.02124	0.23186	0.00417
15	0.04164	0.00749	0.05238	0.00820	0.01015	0.02718	0.15961	0.03925	0.04956	0.18659	0.01795	0.04731	0.00962	0.21551	0.02040	0.00190	0.08421	0.01383	0.00277	0.00445
16	0.02086	0.01490	0.01127	0.00976	0.01164	0.60291	0.06491	0.03305	0.00989	0.06336	0.00639	0.00754	0.00516	0.00419	0.00461	0.00108	0.11915	0.00275	0.00209	0.00449
17	0.00900	0.02664	0.38828	0.02026	0.03067	0.04841	0.13505	0.07053	0.13186	0.04843	0.00912	0.04931	0.00708	0.00418	0.00375	0.00119	0.00488	0.00364	0.00233	0.00537
18	0.02963	0.00653	0.00982	0.10834	0.22040	0.00655	0.02888	0.01205	0.05773	0.22747	0.09325	0.08098	0.04310	0.00544	0.00402	0.00122	0.01217	0.04427	0.00313	0.00503
19	0.00595	0.00441	0.00606	0.00608	0.00682	0.00449	0.03718	0.02954	0.04372	0.02962	0.03601	0.37862	0.06213	0.08079	0.08754	0.02475	0.03107	0.11869	0.00310	0.00342
20	0.00797	0.00714	0.01205	0.49901	0.16089	0.00814	0.07592	0.03736	0.01765	0.02989	0.00728	0.01048	0.00577	0.00447	0.00473	0.06353	0.02372	0.01766	0.00189	0.00445
21	0.00941	0.08017	0.19625	0.25322	0.05668	0.07511	0.08851	0.05776	0.06066	0.07555	0.00781	0.00926	0.00577	0.00375	0.00360	0.00115	0.00491	0.00320	0.00215	0.00505
22	0.02546	0.01920	0.00908	0.39239	0.07481	0.02527	0.00752	0.03021	0.03828	0.04434	0.09867	0.01762	0.15257	0.00545	0.00391	0.00123	0.00380	0.04344	0.00257	0.00420
23	0.00617	0.00456	0.00605	0.00585	0.00676	0.00468	0.02751	0.08046	0.02744	0.02503	0.09550	0.28447	0.08769	0.06453	0.22516	0.01366	0.00455	0.02333	0.00304	0.00357
24	0.01700	0.21345	0.16861	0.01043	0.13131	0.10541	0.05830	0.04319	0.00866	0.06346	0.00915	0.05601	0.04319	0.00471	0.01462	0.00115	0.02861	0.01562	0.00216	0.00495
25	0.01132	0.12931	0.19167	0.04739	0.11506	0.07738	0.05891	0.14934	0.01022	0.16206	0.00826	0.00891	0.00599	0.00380	0.00350	0.00109	0.00462	0.00308	0.00255	0.00554
26	0.00515	0.00422	0.00486	0.00476	0.00596	0.00388	0.01784	0.01482	0.05747	0.01116	0.13742	0.06086	0.52821	0.02218	0.02347	0.00143	0.00239	0.08702	0.00347	0.00342
27	0.02945	0.12654	0.09836	0.02212	0.06139	0.07379	0.14721	0.01088	0.02386	0.06707	0.03757	0.10555	0.02096	0.03257	0.00462	0.00121	0.05443	0.00416	0.00233	0.07593
28	0.02075	0.16749	0.13519	0.05392	0.20312	0.02898	0.00850	0.06920	0.00920	0.18911	0.02349	0.02960	0.01968	0.00412	0.00363	0.00109	0.02164	0.00333	0.00256	0.00541
29	0.00840	0.02669	0.02482	0.25803	0.10775	0.02421	0.16322	0.02793	0.07862	0.06274	0.02016	0.05035	0.00884	0.06509	0.00500	0.00141	0.00451	0.05524	0.00238	0.00462
30	0.02018	0.00755	0.03899	0.21729	0.26015	0.00762	0.00846	0.05868	0.08366	0.11570	0.06669	0.06136	0.02814	0.00470	0.00380	0.00119	0.00389	0.00415	0.00269	0.00511
31	0.02017	0.08148	0.24707	0.00999	0.08308	0.10219	0.06213	0.03414	0.09396	0.12026	0.00956	0.04046	0.02391	0.00421	0.00364	0.00111	0.01343	0.00345	0.00246	0.04331
32	0.00963	0.04278	0.25231	0.02168	0.05536	0.01753	0.08832	0.09787	0.04692	0.15000	0.09706	0.05554	0.03879	0.00484	0.00382	0.00117	0.00414	0.00417	0.00285	0.00523
33	0.00768	0.01867	0.39918	0.00870	0.04601	0.06596	0.01774	0.02203	0.01740	0.03679	0.01074	0.12712	0.03774	0.05700	0.01670	0.01678	0.00441	0.00429	0.08049	0.00457
34	0.03921	0.02845	0.14883	0.05242	0.18350	0.02892	0.01997	0.07911	0.05520	0.08098	0.06035	0.09415	0.09480	0.00533	0.00379	0.00118	0.00378	0.00456	0.01049	0.00495
35	0.01031	0.05326	0.28875	0.02812	0.16748	0.00797	0.08670	0.02723	0.00889	0.22415	0.02002	0.04458	0.00737	0.00410	0.00370	0.00116	0.00448	0.00360	0.00256	0.00555
36	0.00732	0.04332	0.11124	0.13235	0.15611	0.00650	0.04526	0.02448	0.00733	0.02021	0.02054	0.08342	0.06643	0.01615	0.00683	0.23844	0.00394	0.00420	0.00206	0.00387
37	0.00634	0.06437	0.00626	0.00564	0.02936	0.00441	0.00396	0.00595	0.00588	0.00781	0.01031	0.09335	0.04826	0.04005	0.10286	0.49533	0.00389	0.04415	0.00203	0.01980
38	0.09175	0.12262	0.29982	0.03178	0.05299	0.04689	0.12560	0.01232	0.01929	0.11453	0.02655	0.02566	0.00655	0.00383	0.00346	0.00113	0.00468	0.00322	0.00221	0.00513
39	0.00802	0.01844	0.05624	0.06937	0.24285	0.01521	0.05562	0.03092	0.02683	0.06099	0.06281	0.15903	0.03184	0.00657	0.04829	0.00140	0.00401	0.00486	0.01261	0.08409

[dist]
# distance from previous block
# <min> <max>
0	191

# created by:
# /home/cegg/simao/soft/augustus-3.2.1/scripts/msa2prfl.pl ./align_prep/EOG092C58AK.fa
