[name]
unknown

[dist]
# distance from previous block
# <min> <max>
0	23

[block]
# block no. 0 follows, 50 sequences, length 14
# corresponding to MSA columns:
# 24-37
name=unknown_A
#
# <colnr> <probs for GDERKNQSTAVLIFYWHMCP>
#	G	D	E	R	K	N	Q	S	T	A	V	L	I	F	Y	W	H	M	C	P
0	0.00836	0.04608	0.00878	0.00867	0.00999	0.00659	0.00741	0.01108	0.04976	0.01528	0.10450	0.04864	0.02823	0.05995	0.00759	0.00228	0.00437	0.56319	0.00450	0.00476
1	0.01692	0.05227	0.01506	0.01109	0.01479	0.01365	0.05344	0.52457	0.05840	0.08186	0.09406	0.01518	0.01296	0.00629	0.00505	0.00151	0.00516	0.00505	0.00484	0.00785
2	0.05374	0.02027	0.07602	0.01177	0.01501	0.53988	0.00956	0.01920	0.05822	0.05275	0.00922	0.01017	0.00727	0.00508	0.00443	0.00130	0.00757	0.00343	0.00292	0.09220
3	0.01219	0.05339	0.01564	0.17573	0.08469	0.07468	0.12074	0.05143	0.05201	0.07899	0.05567	0.05851	0.05755	0.00620	0.00504	0.00150	0.00564	0.00554	0.00341	0.08141
4	0.01055	0.05549	0.16314	0.05073	0.01584	0.00935	0.13561	0.05323	0.03020	0.06767	0.12498	0.05588	0.14221	0.00728	0.00525	0.00155	0.00513	0.00645	0.00370	0.05576
5	0.03825	0.00927	0.08898	0.01052	0.05327	0.00739	0.09246	0.01439	0.01321	0.18364	0.39863	0.02546	0.02795	0.00766	0.00545	0.00157	0.00415	0.00686	0.00474	0.00618
6	0.33333	0.01044	0.01055	0.00831	0.01205	0.01072	0.00681	0.21377	0.01351	0.11361	0.01021	0.01069	0.00750	0.00493	0.00395	0.00133	0.00428	0.00350	0.00391	0.21659
7	0.01279	0.03395	0.05258	0.12519	0.11593	0.08347	0.04063	0.09518	0.16391	0.04438	0.03764	0.01504	0.01083	0.04853	0.00639	0.00169	0.03797	0.00475	0.00346	0.06567
8	0.00803	0.00664	0.04908	0.00675	0.00859	0.00547	0.00552	0.01087	0.05073	0.05988	0.50493	0.03622	0.20814	0.01006	0.00574	0.00160	0.00284	0.00869	0.00513	0.00509
9	0.00713	0.00530	0.00779	0.00779	0.00861	0.00611	0.00596	0.00876	0.00795	0.01141	0.01355	0.02069	0.01294	0.10428	0.73883	0.00774	0.01263	0.00550	0.00270	0.00433
10	0.01148	0.15039	0.24918	0.27592	0.02394	0.01284	0.09490	0.03657	0.01091	0.05611	0.00931	0.01172	0.00696	0.00489	0.00497	0.00154	0.02521	0.00410	0.00249	0.00658
11	0.01368	0.01202	0.03214	0.07954	0.09060	0.05399	0.16422	0.14864	0.13887	0.08661	0.02702	0.04609	0.03139	0.00663	0.01728	0.00172	0.03319	0.00552	0.00382	0.00707
12	0.00656	0.00529	0.00587	0.00569	0.00723	0.00471	0.00428	0.00872	0.04322	0.01607	0.31177	0.04299	0.49678	0.01153	0.00585	0.00164	0.00252	0.00979	0.00495	0.00453
13	0.00614	0.00503	0.00541	0.00537	0.00690	0.00431	0.00401	0.00761	0.01187	0.01479	0.20362	0.07317	0.61002	0.01222	0.00591	0.00167	0.00250	0.01034	0.00481	0.00431

[dist]
# distance from previous block
# <min> <max>
0	1

[block]
# block no. 1 follows, 50 sequences, length 52
# corresponding to MSA columns:
# 39-90
name=unknown_B
#
# <colnr> <probs for GDERKNQSTAVLIFYWHMCP>
#	G	D	E	R	K	N	Q	S	T	A	V	L	I	F	Y	W	H	M	C	P
0	0.02345	0.34874	0.25759	0.01166	0.01662	0.07596	0.07323	0.02849	0.04393	0.04694	0.00944	0.02636	0.00764	0.00491	0.00423	0.00137	0.00631	0.00376	0.00259	0.00679
1	0.02601	0.34623	0.23015	0.01111	0.01604	0.05360	0.03576	0.12583	0.02949	0.06871	0.00948	0.01030	0.00729	0.00487	0.00418	0.00135	0.00605	0.00355	0.00292	0.00709
2	0.00720	0.00524	0.00678	0.00637	0.00759	0.00491	0.00479	0.00986	0.03451	0.02001	0.77070	0.03674	0.04619	0.01010	0.00586	0.00157	0.00239	0.00892	0.00548	0.00479
3	0.00662	0.00523	0.00574	0.00567	0.00719	0.00465	0.00429	0.00863	0.03578	0.01559	0.23014	0.05786	0.50426	0.01161	0.00579	0.00166	0.00260	0.03615	0.04606	0.00448
4	0.05020	0.12212	0.08504	0.01154	0.01514	0.37053	0.02455	0.09139	0.04455	0.12430	0.01030	0.01082	0.00776	0.00524	0.00446	0.00137	0.00697	0.00368	0.00332	0.00672
5	0.05532	0.07255	0.17033	0.01219	0.03682	0.10275	0.03351	0.25736	0.02996	0.13238	0.01123	0.01174	0.00809	0.00552	0.00515	0.00150	0.03825	0.00411	0.00378	0.00747
6	0.01176	0.00837	0.00944	0.00800	0.01031	0.00861	0.00631	0.29064	0.01673	0.04369	0.30246	0.05837	0.13320	0.00881	0.00540	0.00155	0.00359	0.00738	0.05929	0.00609
7	0.01034	0.01002	0.03410	0.51848	0.17150	0.01124	0.03360	0.03996	0.03159	0.01464	0.03508	0.01447	0.02236	0.00534	0.00533	0.00163	0.02684	0.00474	0.00259	0.00616
8	0.05827	0.03173	0.15728	0.00992	0.01367	0.02747	0.07236	0.06271	0.04711	0.05073	0.22779	0.02036	0.05556	0.00663	0.00495	0.00144	0.00466	0.00565	0.00387	0.13784
9	0.01263	0.65941	0.18841	0.00972	0.01464	0.01801	0.01060	0.01511	0.01021	0.01258	0.00735	0.00853	0.00638	0.00436	0.00352	0.00117	0.00576	0.00288	0.00213	0.00660
10	0.00724	0.00484	0.00548	0.00546	0.00550	0.00483	0.00307	0.00732	0.00747	0.00999	0.04049	0.03277	0.01905	0.79879	0.02475	0.00473	0.00475	0.00731	0.00310	0.00307
11	0.01083	0.20238	0.58496	0.01333	0.01988	0.01343	0.05873	0.01561	0.01051	0.01490	0.00856	0.01013	0.00640	0.00460	0.00446	0.00147	0.00697	0.00358	0.00213	0.00712
12	0.01217	0.11928	0.52794	0.01345	0.01945	0.15456	0.03882	0.03186	0.01142	0.01499	0.00858	0.01007	0.00643	0.00476	0.00455	0.00147	0.00741	0.00356	0.00226	0.00697
13	0.10751	0.00988	0.01032	0.00908	0.01159	0.09579	0.00729	0.12602	0.01323	0.21679	0.03764	0.04609	0.01445	0.04383	0.12296	0.00270	0.00621	0.10801	0.00435	0.00627
14	0.86003	0.00964	0.00733	0.00655	0.00964	0.01118	0.00540	0.01465	0.00848	0.02236	0.00694	0.00810	0.00540	0.00463	0.00308	0.00154	0.00386	0.00270	0.00308	0.00540
15	0.00657	0.00510	0.00600	0.00584	0.00724	0.00452	0.00442	0.00844	0.01279	0.01689	0.43245	0.04273	0.37808	0.01141	0.00592	0.00165	0.00251	0.03791	0.00507	0.00448
16	0.09456	0.44824	0.20767	0.01036	0.01516	0.04303	0.03119	0.05149	0.03144	0.01502	0.00811	0.00926	0.00664	0.00459	0.00380	0.00130	0.00585	0.00318	0.00246	0.00666
17	0.01148	0.13949	0.46840	0.01380	0.03916	0.01257	0.10231	0.05033	0.01136	0.04243	0.01040	0.01182	0.02787	0.00488	0.00467	0.00148	0.00671	0.00405	0.00253	0.03427
18	0.05997	0.09352	0.12862	0.02343	0.01830	0.03171	0.23436	0.12433	0.03058	0.15677	0.02324	0.01402	0.00935	0.00531	0.00499	0.00155	0.00628	0.02292	0.00360	0.00718
19	0.00923	0.00742	0.00851	0.00783	0.00971	0.00788	0.00599	0.01641	0.33385	0.02010	0.44335	0.02990	0.06180	0.00886	0.00554	0.00162	0.00302	0.00767	0.00528	0.00601
20	0.00611	0.00436	0.00577	0.00689	0.00717	0.00408	0.00457	0.00695	0.00946	0.01262	0.02706	0.79382	0.03244	0.04408	0.00703	0.00212	0.00296	0.01393	0.00457	0.00401
21	0.01101	0.10800	0.23810	0.05927	0.02108	0.01229	0.31089	0.01482	0.01088	0.03326	0.01213	0.04527	0.04807	0.00555	0.00574	0.00162	0.04760	0.00529	0.00260	0.00654
22	0.01170	0.28060	0.42713	0.01208	0.01770	0.01413	0.03406	0.01604	0.04071	0.04558	0.00937	0.01107	0.00731	0.00499	0.00477	0.00145	0.03681	0.01506	0.00244	0.00699
23	0.00612	0.00437	0.00583	0.00699	0.00730	0.00409	0.00470	0.00702	0.00959	0.01277	0.02745	0.80471	0.03287	0.01558	0.00637	0.00203	0.00293	0.03061	0.00463	0.00406
24	0.01118	0.01144	0.02186	0.23393	0.27964	0.01171	0.30008	0.01469	0.01122	0.01534	0.03358	0.01377	0.00864	0.00467	0.00533	0.00161	0.00694	0.00512	0.00251	0.00673
25	0.01206	0.05230	0.03659	0.32428	0.11896	0.05850	0.13517	0.05113	0.04846	0.05888	0.01112	0.05063	0.00895	0.00545	0.00507	0.00159	0.00644	0.00503	0.00291	0.00646
26	0.19299	0.00983	0.02831	0.03981	0.13803	0.04128	0.00806	0.13229	0.01314	0.01998	0.18343	0.08176	0.07660	0.00750	0.00491	0.00157	0.00433	0.00621	0.00397	0.00601
27	0.00866	0.00433	0.00649	0.00649	0.00649	0.00433	0.00433	0.00649	0.00649	0.00866	0.00866	0.01515	0.00866	0.01732	0.01948	0.85498	0.00433	0.00433	0.00216	0.00216
28	0.01096	0.01749	0.30797	0.08144	0.04069	0.01209	0.40835	0.01584	0.02654	0.01575	0.00976	0.01245	0.00719	0.00451	0.00536	0.00164	0.00775	0.00493	0.00239	0.00691
29	0.01355	0.01283	0.09928	0.03021	0.14139	0.04914	0.11143	0.10817	0.13051	0.11474	0.03532	0.06778	0.02300	0.00647	0.00537	0.00162	0.01610	0.02201	0.00388	0.00719
30	0.01220	0.01183	0.01961	0.10311	0.70591	0.02914	0.01504	0.01516	0.01128	0.01586	0.00929	0.01235	0.00775	0.00451	0.00493	0.00149	0.00606	0.00441	0.00245	0.00763
31	0.00627	0.00452	0.00593	0.00672	0.00725	0.00419	0.00460	0.00745	0.01056	0.01424	0.18440	0.62638	0.07024	0.01437	0.00624	0.00192	0.00276	0.01295	0.00480	0.00419
32	0.01576	0.01077	0.01214	0.00990	0.01298	0.01161	0.00798	0.37454	0.13041	0.14331	0.05345	0.07635	0.07117	0.00761	0.00565	0.00161	0.03615	0.00608	0.00504	0.00747
33	0.05515	0.03106	0.26576	0.03736	0.01938	0.04900	0.17761	0.11252	0.03359	0.15302	0.01153	0.01251	0.00810	0.00509	0.00496	0.00156	0.00657	0.00448	0.00341	0.00733
34	0.01241	0.00949	0.01065	0.02720	0.01214	0.01039	0.00735	0.28680	0.20209	0.02146	0.04066	0.23968	0.01889	0.05073	0.00649	0.00188	0.00428	0.02608	0.00475	0.00657
35	0.07165	0.06641	0.04735	0.30676	0.19232	0.06149	0.09656	0.02749	0.01075	0.01484	0.00870	0.01185	0.00691	0.00493	0.00542	0.00158	0.05197	0.00425	0.00242	0.00636
36	0.00824	0.00561	0.00716	0.00660	0.00805	0.00527	0.00501	0.01117	0.05598	0.06709	0.68063	0.03530	0.06493	0.00983	0.00578	0.00158	0.00256	0.00863	0.00548	0.00509
37	0.02029	0.00912	0.01206	0.00947	0.01318	0.00853	0.02766	0.04204	0.14672	0.62545	0.01934	0.01704	0.01262	0.00622	0.00504	0.00157	0.00433	0.00513	0.00586	0.00833
38	0.01332	0.19887	0.10288	0.04047	0.04279	0.07204	0.10771	0.03483	0.14267	0.07821	0.01142	0.02404	0.00902	0.00567	0.00590	0.00154	0.09419	0.00443	0.00315	0.00685
39	0.00737	0.00509	0.00620	0.00606	0.00626	0.00506	0.02360	0.00761	0.00763	0.01016	0.01638	0.05542	0.01875	0.74286	0.02347	0.00455	0.00486	0.04233	0.00313	0.00322
40	0.03803	0.05262	0.07840	0.00932	0.01334	0.02687	0.00814	0.17493	0.11696	0.04894	0.01272	0.01417	0.02640	0.02682	0.00494	0.00134	0.00465	0.01938	0.00374	0.31829
41	0.03293	0.03916	0.01041	0.03858	0.01063	0.02850	0.05349	0.08966	0.00965	0.06443	0.00990	0.01466	0.00879	0.03682	0.01435	0.52184	0.00495	0.00444	0.00281	0.00402
42	0.01448	0.54632	0.03720	0.00974	0.03623	0.05118	0.00877	0.04683	0.07707	0.09595	0.00979	0.01027	0.00792	0.00478	0.00377	0.00121	0.00528	0.00334	0.00296	0.02691
43	0.04370	0.02716	0.07212	0.00930	0.01359	0.04472	0.05271	0.05343	0.04572	0.05396	0.04407	0.01227	0.00954	0.00457	0.00419	0.00107	0.00460	0.00374	0.00329	0.49626
44	0.01305	0.05435	0.11426	0.12283	0.14432	0.02419	0.10478	0.06218	0.01210	0.13743	0.01271	0.05040	0.02815	0.00552	0.00491	0.00148	0.00579	0.00494	0.00331	0.09331
45	0.04878	0.02680	0.03219	0.00932	0.02185	0.05481	0.03423	0.12164	0.01263	0.03621	0.04159	0.08754	0.01356	0.02079	0.00506	0.00138	0.00459	0.08333	0.00365	0.34005
46	0.06264	0.07844	0.16578	0.02814	0.02463	0.02349	0.05463	0.04407	0.02861	0.14727	0.08242	0.03840	0.01367	0.02067	0.04242	0.00184	0.00555	0.04174	0.00367	0.09194
47	0.04622	0.05083	0.07756	0.03987	0.01468	0.00948	0.06445	0.06871	0.04203	0.08491	0.01092	0.03074	0.00870	0.00580	0.02818	0.00139	0.02073	0.00401	0.00331	0.38747
48	0.02741	0.03549	0.08355	0.00962	0.01312	0.04559	0.03501	0.09157	0.14976	0.11236	0.05480	0.01851	0.09121	0.01820	0.03727	0.00174	0.01790	0.00523	0.00406	0.14759
49	0.01365	0.01109	0.06685	0.01075	0.03384	0.06826	0.09721	0.01606	0.01190	0.21490	0.04561	0.04511	0.04919	0.02229	0.00547	0.00143	0.02178	0.01597	0.00387	0.24475
50	0.04255	0.03487	0.02980	0.06819	0.01613	0.04533	0.13507	0.10061	0.02779	0.16867	0.07975	0.03320	0.02595	0.00577	0.00488	0.00141	0.00520	0.00507	0.00395	0.16582
51	0.03913	0.01103	0.04401	0.03128	0.01514	0.04991	0.12062	0.07036	0.04506	0.19471	0.03366	0.03309	0.03594	0.00586	0.00529	0.00142	0.03676	0.01635	0.00394	0.20645

[dist]
# distance from previous block
# <min> <max>
37	347

[block]
# block no. 2 follows, 50 sequences, length 18
# corresponding to MSA columns:
# 653-670
name=unknown_C
#
# <colnr> <probs for GDERKNQSTAVLIFYWHMCP>
#	G	D	E	R	K	N	Q	S	T	A	V	L	I	F	Y	W	H	M	C	P
0	0.05175	0.16675	0.11588	0.02741	0.01387	0.01037	0.03050	0.01724	0.03527	0.26404	0.05354	0.05077	0.02498	0.00607	0.00458	0.00142	0.00476	0.01786	0.00401	0.09891
1	0.01083	0.11167	0.23578	0.00971	0.01338	0.00956	0.00972	0.04932	0.05921	0.09459	0.03309	0.24860	0.05515	0.00863	0.00513	0.00163	0.00478	0.00731	0.00378	0.02813
2	0.03569	0.15417	0.05999	0.02973	0.03863	0.02151	0.03764	0.03016	0.01097	0.10683	0.04172	0.24315	0.03874	0.02126	0.00565	0.00162	0.02770	0.02115	0.00374	0.06992
3	0.07101	0.64001	0.04955	0.00889	0.01308	0.06446	0.00865	0.03913	0.01069	0.01341	0.00728	0.00836	0.00643	0.00439	0.00339	0.00113	0.00546	0.00280	0.00234	0.03952
4	0.01214	0.19739	0.38012	0.01230	0.03398	0.04571	0.01324	0.06471	0.16173	0.01671	0.01085	0.01160	0.00823	0.00511	0.00447	0.00147	0.00617	0.00389	0.00289	0.00727
5	0.01287	0.65852	0.16675	0.00969	0.01447	0.04070	0.01036	0.01522	0.01031	0.01248	0.00732	0.00849	0.00638	0.00438	0.00352	0.00117	0.00581	0.00287	0.00214	0.00656
6	0.01678	0.08941	0.27215	0.01048	0.01541	0.00975	0.01098	0.01997	0.01265	0.43327	0.04889	0.01491	0.01133	0.00570	0.00479	0.00151	0.00529	0.00453	0.00443	0.00776
7	0.00608	0.00502	0.00533	0.00533	0.00687	0.00428	0.00397	0.00749	0.01170	0.01444	0.16363	0.08252	0.64137	0.01239	0.00591	0.00168	0.00252	0.01046	0.00476	0.00428
8	0.16692	0.07674	0.01375	0.01143	0.01421	0.61042	0.00881	0.01863	0.01285	0.01396	0.00752	0.00876	0.00624	0.00499	0.00416	0.00131	0.00783	0.00308	0.00263	0.00575
9	0.01895	0.01396	0.01496	0.01147	0.01546	0.01546	0.00947	0.77711	0.02344	0.03141	0.01197	0.01197	0.00848	0.00598	0.00499	0.00150	0.00548	0.00449	0.00499	0.00848
10	0.01281	0.70414	0.14531	0.00940	0.01415	0.01847	0.01005	0.01506	0.01019	0.01235	0.00724	0.00839	0.00638	0.00434	0.00344	0.00115	0.00564	0.00282	0.00213	0.00655
11	0.00607	0.00434	0.00578	0.00694	0.00723	0.00405	0.00463	0.00694	0.00954	0.01272	0.02747	0.82157	0.03297	0.01562	0.00636	0.00202	0.00289	0.01417	0.00463	0.00405
12	0.01333	0.82783	0.02612	0.00853	0.01279	0.01972	0.00853	0.01493	0.01013	0.01173	0.00693	0.00800	0.00640	0.00426	0.00320	0.00107	0.00533	0.00267	0.00213	0.00640
13	0.01333	0.82783	0.02612	0.00853	0.01279	0.01972	0.00853	0.01493	0.01013	0.01173	0.00693	0.00800	0.00640	0.00426	0.00320	0.00107	0.00533	0.00267	0.00213	0.00640
14	0.01556	0.03560	0.01353	0.01004	0.01405	0.01267	0.00823	0.45086	0.10053	0.02527	0.01180	0.01208	0.00882	0.00535	0.00456	0.00128	0.00479	0.00411	0.00432	0.25654
15	0.01297	0.64134	0.16860	0.00972	0.01454	0.01802	0.01040	0.05075	0.01082	0.01340	0.00754	0.00865	0.00648	0.00443	0.00357	0.00118	0.00571	0.00294	0.00226	0.00667
16	0.01314	0.57802	0.17153	0.00991	0.01470	0.01756	0.01047	0.08082	0.03753	0.01449	0.00820	0.00917	0.00686	0.00459	0.00371	0.00122	0.00568	0.00312	0.00247	0.00681
17	0.06930	0.51396	0.21685	0.00979	0.01455	0.01610	0.01064	0.01497	0.01021	0.02888	0.00872	0.03454	0.00770	0.00499	0.00378	0.00129	0.00563	0.01921	0.00240	0.00650

[dist]
# distance from previous block
# <min> <max>
0	1

[block]
# block no. 3 follows, 50 sequences, length 7
# corresponding to MSA columns:
# 672-678
name=unknown_D
#
# <colnr> <probs for GDERKNQSTAVLIFYWHMCP>
#	G	D	E	R	K	N	Q	S	T	A	V	L	I	F	Y	W	H	M	C	P
0	0.08142	0.10377	0.13414	0.04296	0.03865	0.07239	0.02872	0.01291	0.01093	0.03589	0.11777	0.19251	0.01792	0.00786	0.00512	0.00155	0.02025	0.00658	0.00343	0.06523
1	0.08332	0.21635	0.12049	0.03640	0.01353	0.11962	0.00883	0.03617	0.01162	0.09696	0.03623	0.07110	0.11657	0.00681	0.00452	0.00145	0.00529	0.00525	0.00337	0.00611
2	0.09968	0.24311	0.16022	0.00974	0.01410	0.01257	0.03192	0.08282	0.01185	0.09551	0.04503	0.01346	0.00995	0.02588	0.00473	0.00143	0.00519	0.02544	0.00323	0.10414
3	0.09172	0.24533	0.20944	0.01113	0.01552	0.06895	0.07417	0.03210	0.01127	0.08360	0.05402	0.03721	0.01008	0.00550	0.00472	0.00144	0.03006	0.00424	0.00296	0.00655
4	0.14314	0.15542	0.29400	0.01069	0.01522	0.08071	0.01135	0.01565	0.03527	0.04555	0.05839	0.01361	0.01019	0.00560	0.00473	0.00149	0.03264	0.03435	0.00289	0.02913
5	0.08050	0.25592	0.28610	0.01129	0.01613	0.04836	0.07500	0.01519	0.01107	0.04406	0.10135	0.01316	0.01142	0.00526	0.00438	0.00142	0.00593	0.00415	0.00280	0.00652
6	0.11759	0.30983	0.26017	0.01001	0.01490	0.01345	0.01088	0.01530	0.01041	0.06558	0.00964	0.01230	0.00798	0.00507	0.00403	0.00136	0.00553	0.04608	0.00271	0.07719

[dist]
# distance from previous block
# <min> <max>
0	11

[block]
# block no. 4 follows, 50 sequences, length 48
# corresponding to MSA columns:
# 690-732,749-753
name=unknown_E
#
# <colnr> <probs for GDERKNQSTAVLIFYWHMCP>
#	G	D	E	R	K	N	Q	S	T	A	V	L	I	F	Y	W	H	M	C	P
0	0.23313	0.28307	0.19142	0.00970	0.01421	0.04461	0.00994	0.06582	0.02634	0.06819	0.00884	0.00968	0.00682	0.00478	0.00383	0.00138	0.00546	0.00325	0.00290	0.00663
1	0.15225	0.02889	0.09711	0.01008	0.01404	0.12334	0.05487	0.06958	0.03449	0.13847	0.02435	0.01339	0.04322	0.00533	0.00441	0.00136	0.00533	0.00413	0.00360	0.17176
2	0.09349	0.30525	0.06181	0.00863	0.01152	0.03810	0.00787	0.02312	0.01058	0.01466	0.08302	0.10976	0.05296	0.00761	0.00530	0.00150	0.06172	0.06167	0.00320	0.03824
3	0.43484	0.02834	0.16467	0.00939	0.01345	0.01085	0.05571	0.04509	0.02580	0.06753	0.06349	0.01191	0.00944	0.00516	0.00403	0.00152	0.00483	0.00380	0.00330	0.03685
4	0.01452	0.29691	0.03279	0.01179	0.01491	0.25137	0.08422	0.01626	0.01128	0.04728	0.00846	0.01081	0.00730	0.00563	0.00621	0.01310	0.12673	0.01888	0.00255	0.01900
5	0.00719	0.00576	0.00668	0.01860	0.00833	0.00559	0.00507	0.02894	0.06575	0.01482	0.10903	0.22368	0.36619	0.03707	0.00684	0.00189	0.02477	0.05455	0.00460	0.00463
6	0.00753	0.00559	0.00722	0.00760	0.00888	0.00541	0.00621	0.01015	0.04568	0.01656	0.28171	0.07533	0.14088	0.01219	0.00632	0.00193	0.00347	0.34771	0.00491	0.00470
7	0.00627	0.00452	0.00580	0.00664	0.00706	0.00427	0.00444	0.00714	0.00948	0.01257	0.04782	0.60939	0.09370	0.11087	0.04305	0.00257	0.00353	0.01254	0.00438	0.00398
8	0.01077	0.00508	0.00543	0.00512	0.00659	0.00495	0.00392	0.01305	0.01089	0.10690	0.01665	0.01840	0.01273	0.00585	0.00366	0.00120	0.00254	0.00469	0.75650	0.00508
9	0.00810	0.00624	0.00765	0.00808	0.00925	0.00647	0.00609	0.01260	0.19798	0.01592	0.10916	0.39109	0.02937	0.01252	0.00610	0.00195	0.00342	0.15804	0.00482	0.00516
10	0.00712	0.00534	0.00801	0.00801	0.00890	0.00623	0.00623	0.00890	0.00801	0.01157	0.01335	0.01958	0.01246	0.03738	0.80507	0.00801	0.01335	0.00534	0.00267	0.00445
11	0.01274	0.68540	0.16337	0.00954	0.01435	0.01828	0.01028	0.01508	0.01020	0.01245	0.00729	0.00844	0.00638	0.00435	0.00347	0.00116	0.00569	0.00285	0.00213	0.00657
12	0.01213	0.01163	0.01986	0.08570	0.74023	0.01179	0.01519	0.01512	0.01125	0.01603	0.00934	0.01240	0.00781	0.00448	0.00494	0.00149	0.00597	0.00444	0.00245	0.00773
13	0.00697	0.00509	0.00655	0.00618	0.00740	0.00467	0.00464	0.00925	0.01392	0.01953	0.73893	0.03799	0.09949	0.01036	0.00588	0.00158	0.00236	0.00912	0.00543	0.00467
14	0.01241	0.01234	0.02035	0.01562	0.01916	0.06800	0.39103	0.01792	0.17984	0.05880	0.01393	0.08479	0.01155	0.00625	0.00634	0.00171	0.06364	0.00621	0.00344	0.00668
15	0.00948	0.00895	0.01496	0.77741	0.03339	0.01126	0.01371	0.01270	0.00986	0.01270	0.00876	0.01318	0.00664	0.00515	0.00549	0.00168	0.04249	0.00443	0.00221	0.00553
16	0.00849	0.00668	0.00813	0.00749	0.00900	0.00699	0.00573	0.01355	0.19573	0.01984	0.57439	0.03167	0.03773	0.00932	0.00615	0.00162	0.03877	0.00801	0.00524	0.00549
17	0.01234	0.01184	0.02023	0.03059	0.79373	0.01184	0.01530	0.01530	0.01135	0.01628	0.00938	0.01234	0.00790	0.00444	0.00493	0.00148	0.00592	0.00444	0.00247	0.00790
18	0.01892	0.02067	0.01363	0.01209	0.01490	0.63311	0.00920	0.03699	0.04765	0.13172	0.01015	0.01067	0.00774	0.00538	0.00461	0.00135	0.00798	0.00361	0.00327	0.00634
19	0.01221	0.01210	0.01877	0.18148	0.59121	0.06756	0.01462	0.01512	0.01128	0.01531	0.00916	0.01229	0.00755	0.00460	0.00491	0.00150	0.00628	0.00435	0.00243	0.00729
20	0.00871	0.00465	0.00709	0.06330	0.00845	0.00480	0.00500	0.00693	0.00674	0.00895	0.00867	0.01502	0.00852	0.01645	0.01846	0.79486	0.00449	0.00434	0.00217	0.00240
21	0.01234	0.01184	0.02023	0.03059	0.79373	0.01184	0.01530	0.01530	0.01135	0.01628	0.00938	0.01234	0.00790	0.00444	0.00493	0.00148	0.00592	0.00444	0.00247	0.00790
22	0.00880	0.00487	0.00508	0.00501	0.00617	0.00482	0.00369	0.01118	0.02915	0.01783	0.09241	0.02315	0.06412	0.06436	0.00544	0.00150	0.00255	0.00563	0.63965	0.00459
23	0.01166	0.00999	0.01002	0.00887	0.01118	0.07878	0.00687	0.13212	0.28316	0.02047	0.25084	0.02486	0.09189	0.00832	0.00569	0.02337	0.00402	0.00666	0.00485	0.00637
24	0.00639	0.00450	0.00584	0.00678	0.00706	0.00428	0.00451	0.00717	0.00923	0.01228	0.02528	0.63866	0.03005	0.16271	0.00985	0.00255	0.00333	0.05132	0.00433	0.00389
25	0.01180	0.01130	0.01926	0.17414	0.65438	0.01170	0.01503	0.01483	0.01110	0.01563	0.00928	0.01251	0.00767	0.00454	0.00494	0.00151	0.00605	0.00444	0.00242	0.00746
26	0.01337	0.78432	0.04796	0.00880	0.01311	0.03953	0.00884	0.01508	0.01024	0.01186	0.00701	0.00809	0.00639	0.00430	0.00328	0.00109	0.00548	0.00271	0.00214	0.00641
27	0.86003	0.00964	0.00733	0.00655	0.00964	0.01118	0.00540	0.01465	0.00848	0.02236	0.00694	0.00810	0.00540	0.00463	0.00308	0.00154	0.00386	0.00270	0.00308	0.00540
28	0.00671	0.00510	0.00622	0.00626	0.00754	0.00461	0.00479	0.00858	0.01253	0.01664	0.39258	0.10082	0.29447	0.01184	0.00604	0.00173	0.00272	0.10129	0.00503	0.00447
29	0.00981	0.00560	0.00730	0.00707	0.00858	0.00505	0.00535	0.01149	0.01224	0.17520	0.25925	0.27499	0.12150	0.01157	0.00592	0.00177	0.00308	0.06382	0.00520	0.00521
30	0.05124	0.01230	0.01262	0.01094	0.01336	0.08509	0.00870	0.15364	0.38385	0.02014	0.01469	0.03328	0.01159	0.00696	0.00706	0.00171	0.15644	0.00504	0.00419	0.00715
31	0.00821	0.00569	0.00687	0.00644	0.00805	0.00523	0.00494	0.02665	0.03775	0.07229	0.42375	0.05743	0.26748	0.01072	0.00583	0.00164	0.00275	0.03810	0.00520	0.00498
32	0.06285	0.06059	0.01487	0.01253	0.01533	0.67781	0.03872	0.01933	0.01355	0.02964	0.00797	0.00924	0.00654	0.00505	0.00442	0.00131	0.00842	0.00330	0.00265	0.00588
33	0.56261	0.01050	0.01028	0.15711	0.01519	0.05730	0.02403	0.01440	0.00908	0.01896	0.00737	0.00947	0.00583	0.00507	0.00472	0.00161	0.07492	0.00326	0.00280	0.00548
34	0.01193	0.01150	0.01897	0.17117	0.62541	0.02653	0.01477	0.01516	0.02757	0.01566	0.00948	0.01258	0.00780	0.00460	0.00494	0.00151	0.00607	0.00444	0.00248	0.00743
35	0.01221	0.55952	0.28467	0.01043	0.01573	0.01700	0.01184	0.01521	0.01026	0.01308	0.00760	0.00884	0.00637	0.00442	0.00371	0.00124	0.00601	0.00301	0.00212	0.00672
36	0.00717	0.00528	0.00782	0.00782	0.00863	0.00610	0.00599	0.00874	0.00793	0.01138	0.01337	0.02024	0.01270	0.08339	0.73875	0.02966	0.01262	0.00543	0.00268	0.00431
37	0.00897	0.00605	0.00752	0.00730	0.00870	0.00593	0.00539	0.02844	0.11279	0.08552	0.32686	0.29742	0.05696	0.01121	0.00584	0.00174	0.00298	0.00991	0.00517	0.00529
38	0.00725	0.00483	0.00544	0.00544	0.00544	0.00483	0.00302	0.00725	0.00725	0.00966	0.01571	0.03262	0.01812	0.82483	0.02537	0.00483	0.00483	0.00725	0.00302	0.00302
39	0.13160	0.01105	0.01621	0.01279	0.01526	0.02247	0.17605	0.07537	0.01098	0.13538	0.01022	0.01301	0.00815	0.04268	0.00985	0.00194	0.29274	0.00468	0.00325	0.00632
40	0.01181	0.01130	0.01928	0.17206	0.65640	0.01170	0.01503	0.01483	0.01110	0.01564	0.00928	0.01251	0.00767	0.00454	0.00494	0.00151	0.00605	0.00444	0.00242	0.00747
41	0.10140	0.00774	0.00928	0.00753	0.01052	0.00731	0.00611	0.05544	0.01301	0.45609	0.01704	0.01632	0.01159	0.00590	0.00437	0.00143	0.00370	0.00465	0.25350	0.00705
42	0.01404	0.01491	0.01726	0.01398	0.01731	0.21824	0.22232	0.06108	0.29313	0.01747	0.01361	0.01513	0.01061	0.00581	0.00542	0.00160	0.02309	0.02444	0.00364	0.00691
43	0.73101	0.00895	0.00723	0.00651	0.00931	0.01020	0.00529	0.01386	0.00933	0.02200	0.12556	0.01250	0.01170	0.00547	0.00351	0.00155	0.00363	0.00365	0.00345	0.00529
44	0.01051	0.06538	0.73015	0.01382	0.02090	0.01213	0.01758	0.04512	0.01100	0.01619	0.00896	0.01045	0.00640	0.00476	0.00467	0.00155	0.00719	0.00366	0.00222	0.00736
45	0.01164	0.00721	0.00874	0.00773	0.00927	0.00753	0.00566	0.14538	0.02788	0.13333	0.01548	0.04135	0.01456	0.34450	0.19347	0.00434	0.00671	0.00612	0.00384	0.00525
46	0.01049	0.05999	0.73534	0.01386	0.02096	0.01208	0.01764	0.04513	0.01100	0.01621	0.00897	0.01047	0.00640	0.00476	0.00468	0.00155	0.00721	0.00367	0.00222	0.00737
47	0.00852	0.00438	0.00644	0.00643	0.00648	0.00437	0.00428	0.00665	0.00683	0.00915	0.03922	0.01692	0.01063	0.05926	0.01926	0.77760	0.00428	0.00466	0.00234	0.00231

[dist]
# distance from previous block
# <min> <max>
0	53

# created by:
# /home/cegg/simao/soft/augustus-3.2.1/scripts/msa2prfl.pl ./align_prep/EOG092C56EC.fa
