[name]
unknown

[dist]
# distance from previous block
# <min> <max>
0	127

[block]
# block no. 0 follows, 70 sequences, length 16
# corresponding to MSA columns:
# 186-192,198-206
name=unknown_A
#
# <colnr> <probs for GDERKNQSTAVLIFYWHMCP>
#	G	D	E	R	K	N	Q	S	T	A	V	L	I	F	Y	W	H	M	C	P
0	0.01088	0.29128	0.09646	0.02765	0.10220	0.20868	0.09674	0.05199	0.03447	0.01129	0.00711	0.00895	0.00597	0.00386	0.00343	0.00106	0.00525	0.02556	0.00203	0.00515
1	0.00774	0.02844	0.02079	0.00602	0.00824	0.04002	0.00475	0.04497	0.00794	0.02122	0.00973	0.02721	0.03343	0.12254	0.19189	0.00235	0.00492	0.00356	0.00238	0.41187
2	0.02597	0.12740	0.12383	0.08138	0.08669	0.04113	0.03819	0.08456	0.06649	0.18208	0.05271	0.01087	0.00834	0.00434	0.00393	0.00116	0.02941	0.00348	0.00286	0.02518
3	0.00884	0.08337	0.25504	0.08781	0.27434	0.02205	0.07858	0.01177	0.02000	0.03012	0.03607	0.03174	0.00723	0.00408	0.00409	0.00120	0.03262	0.00358	0.00201	0.00545
4	0.04221	0.00679	0.00886	0.00689	0.00975	0.00616	0.00566	0.06317	0.03633	0.70786	0.05387	0.01357	0.01062	0.00492	0.00389	0.00120	0.00327	0.00399	0.00463	0.00637
5	0.00783	0.01714	0.66192	0.04948	0.01610	0.00857	0.04175	0.01222	0.04499	0.02464	0.05610	0.01049	0.02342	0.00413	0.00381	0.00124	0.00528	0.00338	0.00199	0.00551
6	0.01116	0.05531	0.04511	0.12360	0.05857	0.03716	0.15844	0.12927	0.09711	0.15687	0.02394	0.01253	0.00833	0.00449	0.00398	0.00123	0.00457	0.04235	0.00299	0.02296
7	0.00676	0.00653	0.06526	0.04876	0.08642	0.00559	0.07793	0.03459	0.03036	0.03472	0.08574	0.23109	0.23193	0.00798	0.00447	0.00135	0.00327	0.02986	0.00318	0.00421
8	0.00593	0.00407	0.00582	0.00591	0.00655	0.00444	0.00440	0.00704	0.00665	0.04752	0.01305	0.19094	0.01339	0.10041	0.55964	0.00481	0.00777	0.00570	0.00254	0.00344
9	0.00810	0.00778	0.01320	0.09059	0.38828	0.01859	0.13199	0.01034	0.02434	0.01172	0.01257	0.13981	0.07683	0.00600	0.02086	0.00138	0.00447	0.02576	0.00238	0.00502
10	0.01070	0.08111	0.29644	0.01132	0.05581	0.03610	0.16780	0.09587	0.06659	0.12726	0.00898	0.00973	0.00646	0.00393	0.00383	0.00120	0.00508	0.00346	0.00254	0.00579
11	0.00502	0.00415	0.00520	0.00502	0.00618	0.00365	0.04246	0.00621	0.00896	0.01136	0.17184	0.18880	0.49195	0.00963	0.00466	0.00135	0.00224	0.02426	0.00364	0.00342
12	0.00489	0.00371	0.00447	0.00497	0.00561	0.00340	0.00347	0.00589	0.02339	0.01033	0.05432	0.49737	0.27631	0.05043	0.00550	0.00158	0.00227	0.03528	0.00357	0.00324
13	0.01319	0.10087	0.04837	0.02582	0.06428	0.12542	0.04775	0.38601	0.03179	0.09278	0.00897	0.02170	0.00671	0.00436	0.00372	0.00113	0.00469	0.00340	0.00312	0.00590
14	0.03521	0.11500	0.10529	0.05913	0.24761	0.06550	0.10954	0.08658	0.04047	0.05878	0.00807	0.02325	0.00640	0.00395	0.00386	0.00116	0.01888	0.00344	0.00231	0.00557
15	0.08474	0.12836	0.02542	0.02374	0.10535	0.07580	0.09091	0.08330	0.09852	0.07302	0.00840	0.00919	0.00649	0.00377	0.00342	0.00103	0.00421	0.00310	0.00259	0.16865

[dist]
# distance from previous block
# <min> <max>
2	14

[block]
# block no. 1 follows, 70 sequences, length 60
# corresponding to MSA columns:
# 221-236,238-281
name=unknown_B
#
# <colnr> <probs for GDERKNQSTAVLIFYWHMCP>
#	G	D	E	R	K	N	Q	S	T	A	V	L	I	F	Y	W	H	M	C	P
0	0.03289	0.32096	0.25141	0.00849	0.02808	0.03149	0.00872	0.04890	0.06766	0.11680	0.00842	0.00934	0.00650	0.00399	0.00329	0.00107	0.00443	0.02075	0.00240	0.02443
1	0.04133	0.06953	0.03082	0.02128	0.25646	0.02162	0.04588	0.06664	0.01003	0.31942	0.01023	0.01084	0.00737	0.00422	0.00406	0.00117	0.03510	0.01258	0.00312	0.02830
2	0.01071	0.11809	0.07688	0.05070	0.04267	0.00766	0.02795	0.06914	0.04295	0.24442	0.10709	0.07202	0.05626	0.02342	0.02299	0.00136	0.01247	0.00465	0.00336	0.00521
3	0.00780	0.00529	0.00714	0.05012	0.09057	0.00522	0.00535	0.04118	0.05998	0.11921	0.07197	0.34959	0.09352	0.03963	0.00504	0.00148	0.00294	0.03617	0.00352	0.00430
4	0.00996	0.01026	0.01449	0.31176	0.19958	0.15761	0.16521	0.04173	0.00929	0.03250	0.00730	0.00964	0.00565	0.00374	0.00393	0.00121	0.00555	0.00351	0.00202	0.00506
5	0.00873	0.17579	0.42119	0.00982	0.02392	0.07762	0.06714	0.01226	0.05892	0.01152	0.00972	0.04017	0.05818	0.00439	0.00362	0.00116	0.00506	0.00352	0.00203	0.00524
6	0.00802	0.00799	0.01528	0.01388	0.16644	0.00796	0.36467	0.01054	0.02892	0.01133	0.00919	0.02882	0.00806	0.05856	0.21403	0.00265	0.02153	0.01528	0.00210	0.00474
7	0.00778	0.02005	0.84367	0.01105	0.01678	0.00900	0.01432	0.01228	0.00818	0.01228	0.00696	0.00818	0.00491	0.00368	0.00368	0.00123	0.00573	0.00286	0.00164	0.00573
8	0.03942	0.00867	0.02482	0.00857	0.01101	0.04636	0.10303	0.15452	0.28043	0.11604	0.06699	0.08059	0.01196	0.00597	0.02247	0.00138	0.00395	0.00470	0.00358	0.00556
9	0.01512	0.00616	0.00804	0.00634	0.00891	0.00553	0.00518	0.04986	0.01087	0.63725	0.04112	0.01377	0.01040	0.00484	0.00371	0.00115	0.00303	0.00393	0.15881	0.00598
10	0.00473	0.00360	0.00436	0.00493	0.00556	0.00323	0.00344	0.00556	0.00801	0.01025	0.04370	0.54336	0.30244	0.01123	0.00483	0.00148	0.00218	0.03028	0.00361	0.00321
11	0.00561	0.00439	0.00508	0.00521	0.00606	0.02325	0.00380	0.02473	0.03191	0.01225	0.27771	0.29285	0.20424	0.04068	0.00522	0.00147	0.00235	0.04594	0.00374	0.00351
12	0.10378	0.02447	0.32016	0.04667	0.14783	0.06221	0.04445	0.11541	0.00965	0.04352	0.00785	0.03628	0.00614	0.00410	0.00373	0.00120	0.01143	0.00333	0.00226	0.00551
13	0.00472	0.00337	0.00450	0.00540	0.00562	0.00315	0.00360	0.00540	0.00742	0.00990	0.02137	0.86122	0.02564	0.01215	0.00495	0.00157	0.00225	0.01102	0.00360	0.00315
14	0.79806	0.00752	0.00612	0.00535	0.00781	0.00855	0.00440	0.03447	0.00727	0.08265	0.00629	0.00692	0.00469	0.00372	0.00256	0.00120	0.00306	0.00228	0.00263	0.00445
15	0.03863	0.08098	0.33491	0.07361	0.12797	0.04028	0.16775	0.03808	0.03868	0.01254	0.00735	0.00897	0.00557	0.00365	0.00376	0.00120	0.00538	0.00329	0.00194	0.00547
16	0.00476	0.00353	0.00448	0.00517	0.00563	0.00325	0.00356	0.00556	0.00776	0.01013	0.04114	0.65503	0.17585	0.01201	0.02544	0.00164	0.00241	0.02588	0.00358	0.00320
17	0.00592	0.00423	0.00632	0.00625	0.00702	0.00487	0.00487	0.00731	0.00639	0.03602	0.01054	0.01516	0.00969	0.02829	0.82100	0.00607	0.01015	0.00415	0.00217	0.00356
18	0.04651	0.00768	0.05215	0.43648	0.05631	0.00792	0.07787	0.04013	0.00901	0.09901	0.10993	0.01263	0.00964	0.00441	0.00394	0.00125	0.00452	0.00394	0.01188	0.00477
19	0.01040	0.49520	0.04902	0.03165	0.06837	0.02517	0.00721	0.05724	0.11461	0.05048	0.03553	0.02453	0.00767	0.00407	0.00313	0.00101	0.00403	0.00303	0.00237	0.00530
20	0.01874	0.01103	0.16104	0.05342	0.04177	0.04924	0.25229	0.06296	0.10149	0.05862	0.01019	0.08638	0.00855	0.00490	0.00458	0.00131	0.04675	0.01892	0.00255	0.00525
21	0.06292	0.02422	0.02904	0.06352	0.36491	0.14294	0.09705	0.02750	0.00876	0.01195	0.00670	0.00888	0.00558	0.00405	0.00501	0.00123	0.12523	0.00330	0.00195	0.00528
22	0.01089	0.14361	0.04508	0.11920	0.14287	0.19078	0.14866	0.02928	0.00938	0.07718	0.00798	0.02821	0.00652	0.00404	0.00374	0.00114	0.00531	0.01879	0.00220	0.00513
23	0.02890	0.00731	0.00922	0.00873	0.10516	0.00707	0.00615	0.07694	0.14457	0.22841	0.02636	0.06408	0.03978	0.00499	0.00398	0.00111	0.02678	0.00413	0.00344	0.20290
24	0.04313	0.18420	0.13819	0.01152	0.11550	0.09915	0.14295	0.03590	0.06524	0.10701	0.00827	0.00917	0.00627	0.00384	0.00368	0.00113	0.01375	0.00324	0.00238	0.00549
25	0.10775	0.11117	0.27568	0.01422	0.31654	0.00960	0.01067	0.02774	0.00861	0.07265	0.00737	0.00865	0.00566	0.00365	0.00348	0.00115	0.00463	0.00299	0.00210	0.00570
26	0.00476	0.00342	0.00452	0.00537	0.00566	0.00319	0.00362	0.00549	0.00756	0.01005	0.03690	0.80382	0.05307	0.01196	0.00494	0.00156	0.00226	0.02507	0.00361	0.00317
27	0.01264	0.00680	0.00944	0.11567	0.05103	0.01924	0.03293	0.03721	0.06735	0.42470	0.13608	0.02821	0.01304	0.00516	0.00400	0.00122	0.00350	0.00441	0.02174	0.00562
28	0.02897	0.19135	0.36905	0.01013	0.02319	0.11576	0.09134	0.03269	0.02584	0.04701	0.00748	0.02702	0.00587	0.00389	0.00352	0.00113	0.00530	0.00309	0.00202	0.00535
29	0.00548	0.00376	0.00473	0.00511	0.00551	0.00359	0.00340	0.00642	0.02854	0.03049	0.12325	0.49042	0.03831	0.22244	0.00851	0.00205	0.00261	0.00878	0.00341	0.00318
30	0.00478	0.00390	0.00422	0.00422	0.00538	0.00334	0.00313	0.00591	0.00918	0.01147	0.20137	0.08893	0.62151	0.00958	0.00460	0.00131	0.00195	0.00813	0.00374	0.00334
31	0.00942	0.00793	0.01145	0.16435	0.14884	0.00807	0.07119	0.02675	0.19096	0.07521	0.00963	0.01073	0.00735	0.00395	0.00384	0.00110	0.01871	0.00349	0.00267	0.22435
32	0.00965	0.06886	0.12347	0.08260	0.05876	0.05363	0.14364	0.10626	0.11762	0.02446	0.00917	0.04905	0.00750	0.00504	0.01759	0.00134	0.08822	0.00390	0.02398	0.00525
33	0.01434	0.01010	0.01094	0.00849	0.01145	0.01107	0.00698	0.68519	0.06505	0.08574	0.01028	0.01011	0.00726	0.00469	0.00384	0.00116	0.00402	0.00358	0.03925	0.00645
34	0.00754	0.00696	0.01104	0.63380	0.02237	0.00841	0.03596	0.01125	0.13028	0.01090	0.00914	0.05932	0.00745	0.00511	0.02342	0.00143	0.00485	0.00407	0.00218	0.00452
35	0.01155	0.09235	0.14555	0.00860	0.01188	0.02730	0.03065	0.27587	0.18524	0.08314	0.02451	0.01054	0.00794	0.00457	0.00389	0.01610	0.00415	0.00349	0.00319	0.04949
36	0.00620	0.00434	0.00555	0.00532	0.00605	0.00443	0.00384	0.02274	0.03170	0.03952	0.30775	0.08930	0.04620	0.22435	0.16401	0.00282	0.02296	0.00617	0.00326	0.00348
37	0.00553	0.00395	0.00530	0.00607	0.00664	0.00383	0.00473	0.00672	0.00813	0.01067	0.04024	0.35955	0.05296	0.07751	0.00627	0.00183	0.00297	0.39027	0.00350	0.00330
38	0.12259	0.00892	0.00967	0.00822	0.02480	0.02802	0.02028	0.42064	0.08861	0.05850	0.01162	0.07291	0.00989	0.00570	0.00394	0.00128	0.00384	0.09139	0.00358	0.00561
39	0.02768	0.01056	0.01217	0.01011	0.04944	0.11433	0.11038	0.39092	0.05203	0.05641	0.05341	0.02992	0.02420	0.00487	0.00429	0.00120	0.03515	0.00398	0.00327	0.00570
40	0.00591	0.00427	0.00476	0.00468	0.00515	0.00429	0.00298	0.02190	0.07220	0.00931	0.03716	0.07233	0.13526	0.57155	0.02987	0.00302	0.00344	0.00618	0.00280	0.00296
41	0.01719	0.00692	0.00920	0.00705	0.01006	0.00618	0.00582	0.08021	0.01164	0.78018	0.01484	0.01290	0.00937	0.00479	0.00390	0.00120	0.00337	0.00387	0.00473	0.00660
42	0.00951	0.00913	0.01559	0.05405	0.80996	0.00919	0.01186	0.01183	0.00879	0.01256	0.00728	0.00962	0.00611	0.00347	0.00384	0.00116	0.00463	0.00345	0.00191	0.00607
43	0.01630	0.00836	0.01009	0.00773	0.01077	0.00831	0.00639	0.35242	0.01404	0.50457	0.01282	0.01159	0.00836	0.00474	0.00389	0.00118	0.00370	0.00373	0.00442	0.00660
44	0.00960	0.00921	0.01574	0.02380	0.83957	0.00921	0.01190	0.01190	0.00883	0.01267	0.00729	0.00960	0.00614	0.00345	0.00384	0.00115	0.00461	0.00345	0.00192	0.00614
45	0.01019	0.00830	0.00885	0.00779	0.01005	0.00944	0.00611	0.09541	0.68931	0.04687	0.03258	0.01479	0.03207	0.00535	0.00397	0.00129	0.00314	0.00443	0.00397	0.00607
46	0.01656	0.00698	0.00928	0.00717	0.01011	0.00633	0.01609	0.07663	0.04611	0.72365	0.02951	0.01322	0.00991	0.00484	0.00392	0.00120	0.00337	0.00395	0.00465	0.00651
47	0.00960	0.00921	0.01574	0.02380	0.83957	0.00921	0.01190	0.01190	0.00883	0.01267	0.00729	0.00960	0.00614	0.00345	0.00384	0.00115	0.00461	0.00345	0.00192	0.00614
48	0.00501	0.00381	0.00464	0.00501	0.00572	0.00351	0.00353	0.00636	0.03847	0.01136	0.18227	0.45914	0.23597	0.01049	0.00475	0.00143	0.00213	0.00928	0.00374	0.00339
49	0.00523	0.00393	0.00485	0.00486	0.00573	0.00360	0.00355	0.00684	0.02770	0.01331	0.48078	0.20655	0.20044	0.00915	0.00464	0.00132	0.00197	0.00805	0.00398	0.00352
50	0.00814	0.00773	0.01311	0.55418	0.32054	0.00883	0.01118	0.01063	0.00814	0.01090	0.00704	0.01007	0.00552	0.00372	0.00386	0.00124	0.00496	0.00345	0.00179	0.00497
51	0.00967	0.00901	0.01341	0.03802	0.01382	0.02393	0.26860	0.06778	0.41628	0.02666	0.01229	0.03133	0.00946	0.00553	0.03486	0.00148	0.00464	0.00446	0.00314	0.00563
52	0.00478	0.00341	0.00455	0.00542	0.00568	0.00319	0.00366	0.00550	0.00754	0.01007	0.04068	0.82347	0.02583	0.01201	0.00495	0.00157	0.00227	0.02863	0.00361	0.00317
53	0.00467	0.00371	0.00420	0.00455	0.00541	0.00324	0.00323	0.00556	0.00834	0.01041	0.05843	0.36751	0.48572	0.01069	0.00473	0.00141	0.00207	0.00928	0.00362	0.00324
54	0.01925	0.62031	0.22989	0.00783	0.01172	0.03412	0.00859	0.01187	0.00802	0.01002	0.00580	0.00674	0.00495	0.00343	0.00282	0.00094	0.00461	0.00229	0.00167	0.00515
55	0.00700	0.08803	0.00953	0.00912	0.12645	0.01650	0.06907	0.00827	0.00760	0.02676	0.01363	0.32467	0.01475	0.09097	0.12632	0.00226	0.01497	0.01653	0.02358	0.00400
56	0.00556	0.00376	0.00436	0.00442	0.00449	0.00378	0.00258	0.00570	0.00582	0.00778	0.01297	0.07489	0.02430	0.75198	0.06900	0.00375	0.00405	0.00590	0.00242	0.00248
57	0.05134	0.20585	0.17403	0.02063	0.04264	0.05577	0.02643	0.16666	0.11563	0.06314	0.00854	0.00903	0.00646	0.00408	0.00357	0.00112	0.01699	0.00307	0.00263	0.02240
58	0.05534	0.10315	0.07901	0.02776	0.12915	0.05804	0.11665	0.07881	0.10497	0.12249	0.00941	0.03080	0.00728	0.00428	0.00403	0.00118	0.03513	0.00361	0.00271	0.02620
59	0.02204	0.00453	0.02754	0.00447	0.00589	0.00368	0.00353	0.00654	0.00912	0.03181	0.17206	0.07022	0.59293	0.00908	0.00449	0.00129	0.00212	0.00765	0.00365	0.01736

[dist]
# distance from previous block
# <min> <max>
0	7

[block]
# block no. 2 follows, 70 sequences, length 39
# corresponding to MSA columns:
# 299-318,321,329-346
name=unknown_C
#
# <colnr> <probs for GDERKNQSTAVLIFYWHMCP>
#	G	D	E	R	K	N	Q	S	T	A	V	L	I	F	Y	W	H	M	C	P
0	0.01316	0.00966	0.01037	0.00825	0.01102	0.01067	0.00672	0.57337	0.18165	0.05186	0.01192	0.01159	0.03407	0.00494	0.00386	0.00119	0.00381	0.00384	0.04177	0.00627
1	0.00730	0.00601	0.00813	0.05608	0.02568	0.00630	0.06869	0.08854	0.17249	0.01314	0.06599	0.37977	0.05272	0.00870	0.02043	0.00149	0.00327	0.00741	0.00344	0.00440
2	0.00989	0.54428	0.15083	0.02942	0.01216	0.01273	0.06287	0.03565	0.00839	0.02746	0.00627	0.00729	0.00523	0.00342	0.00295	0.00094	0.00448	0.00250	0.00185	0.07140
3	0.00718	0.13909	0.00836	0.00620	0.02585	0.00643	0.02527	0.00956	0.11369	0.05381	0.08060	0.19416	0.24866	0.04225	0.00482	0.00138	0.00284	0.02236	0.00332	0.00416
4	0.00906	0.01109	0.07663	0.01599	0.02003	0.00975	0.77237	0.01241	0.00909	0.01241	0.00779	0.01031	0.00582	0.00330	0.00452	0.00130	0.00648	0.00446	0.00194	0.00526
5	0.00498	0.00409	0.00458	0.00479	0.02206	0.00357	0.00357	0.00620	0.00915	0.01136	0.15100	0.03624	0.62188	0.00951	0.00465	0.00134	0.00216	0.09179	0.00366	0.00342
6	0.01086	0.10744	0.10354	0.02310	0.09253	0.04252	0.08968	0.13335	0.03674	0.14512	0.02738	0.03162	0.00824	0.02587	0.08553	0.01948	0.00506	0.00378	0.00279	0.00536
7	0.00755	0.00479	0.00591	0.00534	0.00673	0.00453	0.00410	0.01020	0.09761	0.13238	0.51788	0.02581	0.12456	0.00734	0.00436	0.00123	0.00218	0.00634	0.02687	0.00429
8	0.00837	0.00611	0.00665	0.00620	0.00780	0.00660	0.00473	0.02747	0.39614	0.05770	0.04389	0.13716	0.08876	0.00655	0.00392	0.00126	0.00260	0.00556	0.17761	0.00491
9	0.00871	0.00985	0.10153	0.15716	0.41846	0.02431	0.10729	0.01155	0.03354	0.01211	0.02534	0.02519	0.03942	0.00407	0.00397	0.00122	0.00485	0.00391	0.00206	0.00544
10	0.01048	0.22126	0.28467	0.01116	0.10030	0.02607	0.06774	0.20782	0.01071	0.01443	0.00722	0.00827	0.00553	0.00378	0.00352	0.00111	0.00496	0.00300	0.00224	0.00574
11	0.01176	0.00990	0.00838	0.00718	0.00915	0.21777	0.00560	0.25963	0.05847	0.04385	0.01022	0.01126	0.00789	0.02619	0.00380	0.00111	0.00402	0.00340	0.29547	0.00495
12	0.00489	0.00399	0.00413	0.00409	0.00540	0.00336	0.00310	0.00594	0.00899	0.02590	0.07942	0.03657	0.76618	0.00965	0.00458	0.00131	0.00201	0.02347	0.00366	0.00336
13	0.00929	0.18240	0.46521	0.01021	0.02978	0.03145	0.07477	0.01278	0.03442	0.07520	0.00807	0.03548	0.00626	0.00399	0.00358	0.00116	0.00512	0.00323	0.00206	0.00552
14	0.00653	0.00345	0.00496	0.00496	0.00498	0.00347	0.00325	0.00520	0.00518	0.00693	0.00770	0.01401	0.00797	0.14653	0.04217	0.72166	0.00365	0.00375	0.00180	0.00184
15	0.01695	0.00683	0.00905	0.00696	0.00992	0.00610	0.00574	0.07712	0.01154	0.76250	0.01480	0.01295	0.00939	0.00478	0.00387	0.00119	0.00333	0.00386	0.02659	0.00652
16	0.00801	0.00723	0.02574	0.08437	0.23394	0.01470	0.02616	0.01199	0.18994	0.03008	0.18111	0.01901	0.12447	0.00580	0.00415	0.00125	0.00345	0.02045	0.00313	0.00502
17	0.01233	0.03772	0.09687	0.06701	0.17437	0.05808	0.03510	0.25738	0.06105	0.14742	0.00949	0.01005	0.00686	0.00421	0.00381	0.00118	0.00454	0.00347	0.00304	0.00603
18	0.00905	0.04065	0.65860	0.01080	0.01587	0.08424	0.03339	0.08008	0.00928	0.01296	0.00705	0.00818	0.00508	0.00377	0.00367	0.00119	0.00570	0.00291	0.00186	0.00566
19	0.00925	0.00894	0.01412	0.26131	0.52206	0.04284	0.01115	0.03529	0.00879	0.01198	0.00711	0.00966	0.00580	0.00374	0.00412	0.00120	0.03180	0.00341	0.00192	0.00550
20	0.00708	0.00662	0.01130	0.69668	0.02357	0.00796	0.05426	0.00945	0.00778	0.01004	0.00885	0.12263	0.00791	0.00493	0.00406	0.00133	0.00486	0.00451	0.00198	0.00420
21	0.08568	0.00700	0.00768	0.00646	0.00851	0.02222	0.02671	0.23725	0.05460	0.07065	0.16424	0.04177	0.23809	0.00672	0.00411	0.00124	0.00304	0.00554	0.00372	0.00478
22	0.00564	0.00376	0.00423	0.00423	0.00423	0.00376	0.00235	0.00564	0.00564	0.00752	0.01222	0.02537	0.01409	0.86375	0.01973	0.00376	0.00376	0.00564	0.00235	0.00235
23	0.00501	0.00384	0.00570	0.00611	0.00658	0.00358	0.05742	0.00586	0.00754	0.01006	0.02048	0.80551	0.02435	0.01156	0.00492	0.00156	0.00253	0.01060	0.00349	0.00329
24	0.00847	0.00820	0.01350	0.47846	0.35759	0.03027	0.02654	0.01091	0.00830	0.01107	0.00705	0.00995	0.00557	0.00370	0.00386	0.00123	0.00501	0.00345	0.00181	0.00508
25	0.00910	0.01014	0.01903	0.01418	0.01696	0.05329	0.56503	0.01159	0.00845	0.01147	0.00767	0.04394	0.00645	0.00446	0.00638	0.00139	0.19918	0.00446	0.00197	0.00488
26	0.01433	0.06849	0.01233	0.00921	0.01207	0.22124	0.04021	0.48598	0.01492	0.07110	0.00854	0.00882	0.00625	0.00435	0.00372	0.00111	0.00497	0.00322	0.00324	0.00591
27	0.00472	0.00337	0.00450	0.00540	0.00562	0.00315	0.00360	0.00540	0.00742	0.00990	0.02137	0.86122	0.02564	0.01215	0.00495	0.00157	0.00225	0.01102	0.00360	0.00315
28	0.00911	0.01631	0.53713	0.03298	0.01667	0.00946	0.14954	0.11372	0.03721	0.02971	0.00785	0.00907	0.00561	0.00381	0.00388	0.00124	0.00553	0.00332	0.00211	0.00575
29	0.00712	0.00581	0.00636	0.00605	0.00755	0.00612	0.00457	0.01252	0.36877	0.02622	0.12281	0.15567	0.23914	0.00789	0.00435	0.00134	0.00250	0.00676	0.00385	0.00460
30	0.00815	0.00773	0.01312	0.55275	0.32193	0.00883	0.01118	0.01063	0.00814	0.01091	0.00704	0.01007	0.00552	0.00372	0.00386	0.00124	0.00496	0.00345	0.00179	0.00497
31	0.00472	0.00340	0.00448	0.00534	0.00561	0.00315	0.00357	0.00540	0.00748	0.00992	0.02209	0.82819	0.05821	0.01205	0.00493	0.00156	0.00224	0.01091	0.00360	0.00315
32	0.01062	0.00572	0.00706	0.00590	0.00785	0.00537	0.00469	0.11712	0.01154	0.29340	0.30997	0.02176	0.13628	0.00659	0.00419	0.00121	0.00266	0.00555	0.03755	0.00497
33	0.19942	0.05331	0.03582	0.00743	0.01007	0.09813	0.00617	0.10578	0.22580	0.19502	0.01905	0.01062	0.00810	0.00448	0.00348	0.00119	0.00378	0.00335	0.00340	0.00560
34	0.00496	0.00368	0.00492	0.00585	0.03187	0.00347	0.00384	0.00579	0.00763	0.01018	0.05819	0.66826	0.08836	0.03387	0.04795	0.00182	0.00273	0.00990	0.00347	0.00327
35	0.00592	0.00491	0.00785	0.00731	0.00814	0.00541	0.08812	0.00724	0.00685	0.00962	0.01284	0.24454	0.01349	0.03507	0.44512	0.00402	0.07296	0.01452	0.00247	0.00360
36	0.00555	0.00403	0.00564	0.00610	0.00671	0.00423	0.00474	0.00677	0.00730	0.00988	0.01660	0.21701	0.03416	0.08568	0.32569	0.00357	0.00583	0.24425	0.00291	0.00333
37	0.02418	0.13485	0.20159	0.01154	0.08984	0.01645	0.20639	0.02752	0.04162	0.10635	0.02100	0.08394	0.00834	0.00451	0.00388	0.00121	0.00479	0.00416	0.00246	0.00538
38	0.01111	0.03475	0.01348	0.01707	0.48616	0.07786	0.00958	0.09167	0.08190	0.09302	0.02124	0.01043	0.00741	0.00451	0.02187	0.00126	0.00458	0.00353	0.00260	0.00596

[dist]
# distance from previous block
# <min> <max>
0	1

[block]
# block no. 3 follows, 70 sequences, length 103
# corresponding to MSA columns:
# 348-370,375-380,382-384,387-415,435-476
name=unknown_D
#
# <colnr> <probs for GDERKNQSTAVLIFYWHMCP>
#	G	D	E	R	K	N	Q	S	T	A	V	L	I	F	Y	W	H	M	C	P
0	0.07859	0.00975	0.05420	0.02351	0.21435	0.00952	0.29830	0.04374	0.11645	0.03489	0.00876	0.02159	0.00687	0.00405	0.00456	0.00128	0.05775	0.00395	0.00238	0.00550
1	0.01163	0.03611	0.02711	0.01159	0.05220	0.10646	0.25420	0.24022	0.04754	0.07096	0.00957	0.05646	0.00771	0.00465	0.00439	0.00124	0.03509	0.01449	0.00286	0.00553
2	0.00587	0.00453	0.00650	0.00638	0.00706	0.00535	0.00493	0.00756	0.04204	0.00924	0.01046	0.01548	0.00982	0.07887	0.71743	0.00563	0.05293	0.00422	0.00216	0.00355
3	0.00815	0.00769	0.01208	0.08197	0.21310	0.03845	0.12471	0.03741	0.04924	0.01142	0.00964	0.05136	0.01973	0.01174	0.24922	0.00272	0.06019	0.00424	0.00221	0.00474
4	0.00958	0.36820	0.30153	0.00984	0.06648	0.02259	0.05790	0.01217	0.00831	0.04806	0.00674	0.00779	0.00533	0.00350	0.00321	0.00102	0.00478	0.00268	0.00187	0.05840
5	0.03574	0.00736	0.00939	0.00721	0.01022	0.00687	0.00596	0.16013	0.01225	0.68133	0.01403	0.01237	0.00895	0.00475	0.00386	0.00119	0.00346	0.00379	0.00459	0.00655
6	0.00471	0.00344	0.00443	0.00521	0.00557	0.00316	0.00352	0.00542	0.00760	0.00997	0.02362	0.75761	0.12780	0.01185	0.00490	0.00154	0.00221	0.01066	0.00360	0.00316
7	0.05655	0.08722	0.01202	0.02206	0.11253	0.05837	0.07481	0.09591	0.32392	0.06087	0.02477	0.02234	0.00899	0.00453	0.00374	0.00119	0.00399	0.00382	0.00312	0.01927
8	0.00489	0.00368	0.00461	0.00534	0.00576	0.01350	0.00367	0.00566	0.00764	0.00998	0.02307	0.69520	0.12880	0.01230	0.03415	0.00170	0.00259	0.03073	0.00353	0.00320
9	0.00549	0.00449	0.00454	0.00442	0.00579	0.02046	0.00333	0.00698	0.04721	0.03854	0.07391	0.05892	0.69364	0.00930	0.00452	0.00130	0.00216	0.00778	0.00366	0.00355
10	0.01265	0.18933	0.05416	0.00965	0.02846	0.45594	0.04552	0.05792	0.07537	0.02603	0.00714	0.00793	0.00576	0.00395	0.00342	0.00103	0.00576	0.00277	0.00221	0.00500
11	0.15977	0.09930	0.11246	0.00787	0.01081	0.04809	0.00711	0.21295	0.22066	0.02924	0.04762	0.01051	0.00850	0.00450	0.00349	0.00118	0.00391	0.00338	0.00309	0.00557
12	0.00472	0.00337	0.00450	0.00540	0.00562	0.00315	0.00360	0.00540	0.00742	0.00990	0.02137	0.86122	0.02564	0.01215	0.00495	0.00157	0.00225	0.01102	0.00360	0.00315
13	0.00472	0.00337	0.00450	0.00540	0.00562	0.00315	0.00360	0.00540	0.00742	0.00990	0.02137	0.86122	0.02564	0.01215	0.00495	0.00157	0.00225	0.01102	0.00360	0.00315
14	0.00842	0.00783	0.01243	0.38897	0.29790	0.00873	0.02443	0.03168	0.10510	0.01201	0.01004	0.01213	0.05515	0.00425	0.00392	0.00125	0.00455	0.00386	0.00222	0.00515
15	0.00781	0.01984	0.82510	0.01117	0.01686	0.00902	0.03268	0.01228	0.00821	0.01228	0.00698	0.00824	0.00493	0.00367	0.00370	0.00123	0.00575	0.00290	0.00164	0.00572
16	0.00504	0.00353	0.00459	0.00520	0.00543	0.00344	0.00344	0.00566	0.00696	0.00941	0.01827	0.59172	0.02144	0.19026	0.08634	0.00245	0.00331	0.00911	0.02138	0.00302
17	0.00945	0.00907	0.01548	0.07542	0.78905	0.00917	0.01183	0.01177	0.00876	0.01249	0.00727	0.00964	0.00608	0.00348	0.00384	0.00116	0.00464	0.00345	0.00191	0.00603
18	0.00836	0.00795	0.01351	0.47375	0.39925	0.00889	0.01129	0.01082	0.00824	0.01117	0.00707	0.01000	0.00561	0.00368	0.00386	0.00123	0.00491	0.00345	0.00181	0.00515
19	0.00486	0.00346	0.00459	0.00543	0.00569	0.00326	0.00368	0.00558	0.00749	0.00999	0.03672	0.76341	0.02514	0.05148	0.00565	0.00168	0.00238	0.05283	0.00355	0.00314
20	0.01036	0.86609	0.02032	0.00663	0.00995	0.01534	0.00663	0.01161	0.00788	0.00912	0.00539	0.00622	0.00498	0.00332	0.00249	0.00083	0.00415	0.00207	0.00166	0.00498
21	0.01036	0.86609	0.02032	0.00663	0.00995	0.01534	0.00663	0.01161	0.00788	0.00912	0.00539	0.00622	0.00498	0.00332	0.00249	0.00083	0.00415	0.00207	0.00166	0.00498
22	0.00960	0.00921	0.01574	0.02380	0.83957	0.00921	0.01190	0.01190	0.00883	0.01267	0.00729	0.00960	0.00614	0.00345	0.00384	0.00115	0.00461	0.00345	0.00192	0.00614
23	0.00738	0.00569	0.00663	0.00626	0.00775	0.01786	0.00488	0.14089	0.00981	0.01314	0.03234	0.27247	0.10404	0.03697	0.00496	0.00142	0.00304	0.17772	0.00338	0.14338
24	0.00850	0.00654	0.00786	0.03725	0.00903	0.00672	0.03234	0.27034	0.02096	0.01668	0.27741	0.04407	0.20115	0.00718	0.00436	0.00126	0.00301	0.03697	0.00378	0.00460
25	0.00475	0.00340	0.00453	0.00543	0.00567	0.00318	0.00365	0.00545	0.00745	0.00993	0.02135	0.84437	0.02557	0.01212	0.00496	0.00158	0.00228	0.02757	0.00360	0.00316
26	0.00665	0.00521	0.00618	0.00574	0.00701	0.00536	0.00436	0.01107	0.24771	0.01552	0.56719	0.04377	0.04422	0.00729	0.00440	0.00126	0.00220	0.00637	0.00415	0.00435
27	0.00818	0.15257	0.71471	0.01036	0.01571	0.01000	0.01312	0.01217	0.00814	0.01178	0.00671	0.00788	0.00492	0.00363	0.00350	0.00117	0.00548	0.00274	0.00164	0.00561
28	0.00545	0.00396	0.00514	0.00484	0.00577	0.00364	0.00363	0.00725	0.01089	0.01536	0.80792	0.02927	0.06630	0.00800	0.00457	0.00122	0.00183	0.00705	0.00424	0.00364
29	0.00857	0.00910	0.01677	0.01286	0.01482	0.01031	0.40526	0.01064	0.00752	0.01080	0.00685	0.00998	0.00584	0.00685	0.07524	0.00187	0.37617	0.00403	0.00186	0.00466
30	0.00472	0.00339	0.00448	0.00535	0.00561	0.00315	0.00358	0.00540	0.00746	0.00991	0.02190	0.83675	0.04977	0.01208	0.00494	0.00157	0.00224	0.01094	0.00360	0.00315
31	0.00474	0.00339	0.00451	0.00539	0.00563	0.00316	0.00360	0.00544	0.00750	0.01002	0.03894	0.84331	0.02588	0.01205	0.00494	0.00157	0.00224	0.01093	0.00361	0.00316
32	0.00778	0.02005	0.84367	0.01105	0.01678	0.00900	0.01432	0.01228	0.00818	0.01228	0.00696	0.00818	0.00491	0.00368	0.00368	0.00123	0.00573	0.00286	0.00164	0.00573
33	0.01453	0.01018	0.01103	0.00850	0.01148	0.01113	0.00701	0.72651	0.01719	0.08204	0.00991	0.00985	0.00698	0.00466	0.00382	0.00115	0.00407	0.00353	0.04999	0.00644
34	0.00839	0.00811	0.01415	0.44993	0.36166	0.00895	0.07126	0.01091	0.00830	0.01123	0.00713	0.01004	0.00562	0.00366	0.00391	0.00124	0.00504	0.00353	0.00182	0.00513
35	0.00677	0.00427	0.00538	0.00495	0.00619	0.00382	0.00377	0.00834	0.01044	0.11778	0.54451	0.05583	0.19701	0.00806	0.00450	0.00125	0.00205	0.00699	0.00418	0.00393
36	0.00653	0.00490	0.00680	0.04320	0.00805	0.02890	0.00523	0.00791	0.00665	0.04773	0.01026	0.01477	0.00935	0.04922	0.68941	0.00536	0.03450	0.00408	0.01348	0.00367
37	0.00821	0.00809	0.01152	0.08302	0.01142	0.01118	0.00846	0.00924	0.00611	0.00936	0.00556	0.00904	0.00537	0.00786	0.06153	0.00193	0.73275	0.00344	0.00172	0.00420
38	0.09061	0.00760	0.01053	0.01045	0.16972	0.00741	0.02235	0.07280	0.01045	0.48903	0.01194	0.02216	0.00818	0.00458	0.00419	0.00122	0.04321	0.00371	0.00376	0.00612
39	0.00501	0.00374	0.00470	0.00539	0.00589	0.00353	0.00375	0.00626	0.04675	0.01036	0.02361	0.66622	0.14021	0.01142	0.00487	0.00153	0.00231	0.04751	0.00361	0.00333
40	0.34172	0.00767	0.00954	0.36154	0.05614	0.00910	0.00783	0.08300	0.01582	0.02478	0.00667	0.00867	0.00509	0.00398	0.00373	0.00126	0.04368	0.00295	0.00224	0.00460
41	0.01430	0.05526	0.01139	0.00984	0.01190	0.81205	0.00745	0.01531	0.01085	0.00947	0.00597	0.00696	0.00499	0.00397	0.00345	0.00099	0.00687	0.00248	0.00198	0.00452
42	0.00555	0.00467	0.00613	0.00580	0.00695	0.00441	0.05234	0.00708	0.04029	0.01116	0.09890	0.28497	0.33987	0.00938	0.00499	0.00138	0.04207	0.02873	0.00343	0.04192
43	0.01147	0.00693	0.00844	0.00637	0.00945	0.00587	0.00514	0.05307	0.05824	0.29146	0.05077	0.01122	0.00893	0.00399	0.00341	0.00089	0.00304	0.00324	0.00340	0.45466
44	0.00937	0.00894	0.01521	0.02294	0.80090	0.00893	0.01151	0.01160	0.00876	0.01254	0.00794	0.04909	0.00705	0.00386	0.00389	0.00117	0.00450	0.00381	0.00200	0.00600
45	0.08045	0.00816	0.00968	0.00748	0.01047	0.00814	0.00617	0.30177	0.01327	0.49489	0.01247	0.01133	0.00815	0.00466	0.00378	0.00119	0.00362	0.00362	0.00430	0.00642
46	0.00864	0.00834	0.01366	0.41824	0.43216	0.03027	0.01125	0.01104	0.00837	0.01127	0.00707	0.00988	0.00565	0.00367	0.00385	0.00121	0.00493	0.00343	0.00183	0.00523
47	0.03705	0.00670	0.00891	0.00690	0.00985	0.00595	0.00568	0.01880	0.04909	0.78505	0.01509	0.01310	0.00958	0.00479	0.00387	0.00120	0.00328	0.00388	0.00470	0.00652
48	0.01696	0.00730	0.00943	0.00723	0.01025	0.00674	0.00597	0.15206	0.01227	0.70743	0.01431	0.01255	0.00910	0.00477	0.00390	0.00119	0.00346	0.00383	0.00465	0.00660
49	0.00495	0.00355	0.00466	0.00548	0.00577	0.00335	0.00369	0.02421	0.00767	0.01023	0.02109	0.84171	0.02520	0.01197	0.00492	0.00157	0.00230	0.01085	0.00361	0.00323
50	0.00952	0.00819	0.00861	0.00774	0.00991	0.00941	0.00602	0.03557	0.78104	0.01613	0.01667	0.01536	0.04758	0.00545	0.00397	0.00131	0.00304	0.00453	0.00393	0.00602
51	0.03321	0.01003	0.01103	0.00848	0.01154	0.01084	0.00700	0.66180	0.02624	0.16457	0.01033	0.00997	0.00712	0.00466	0.00385	0.00117	0.00406	0.00354	0.00401	0.00654
52	0.01709	0.00708	0.00930	0.00713	0.01014	0.00642	0.00589	0.11120	0.01191	0.74880	0.01461	0.01275	0.00925	0.00478	0.00390	0.00120	0.00341	0.00385	0.00469	0.00660
53	0.00745	0.00702	0.01187	0.80647	0.07364	0.00865	0.01083	0.01002	0.00781	0.01006	0.00691	0.01029	0.00522	0.00385	0.00387	0.00128	0.00514	0.00345	0.00173	0.00441
54	0.00964	0.00833	0.00877	0.00789	0.01008	0.00964	0.00614	0.02060	0.83257	0.01622	0.01578	0.01446	0.01183	0.00526	0.00394	0.00131	0.00307	0.00438	0.00394	0.00614
55	0.01525	0.00891	0.01025	0.00794	0.01089	0.00927	0.00653	0.46005	0.05299	0.32958	0.01196	0.01117	0.00807	0.00473	0.00385	0.00118	0.00377	0.00369	0.03347	0.00647
56	0.01739	0.00660	0.00900	0.00690	0.00990	0.00570	0.00570	0.01889	0.01110	0.84226	0.01529	0.01320	0.00960	0.00480	0.00390	0.00120	0.00330	0.00390	0.00480	0.00660
57	0.01526	0.01519	0.01047	0.00915	0.01143	0.60976	0.00701	0.03034	0.01114	0.23121	0.00852	0.00868	0.00625	0.00422	0.00361	0.00105	0.00596	0.00289	0.00277	0.00509
58	0.01534	0.00989	0.01104	0.00846	0.01154	0.01059	0.00699	0.64308	0.01661	0.21028	0.01067	0.01019	0.00728	0.00469	0.00388	0.00117	0.00405	0.00358	0.00409	0.00659
59	0.00494	0.00394	0.00443	0.00431	0.00546	0.00343	0.00323	0.00627	0.00969	0.01251	0.35912	0.03396	0.51688	0.00906	0.00458	0.00127	0.00191	0.00771	0.00387	0.00343
60	0.00554	0.00415	0.00623	0.00623	0.00692	0.00485	0.00485	0.00692	0.00623	0.00900	0.01038	0.01523	0.00969	0.02908	0.84839	0.00623	0.01038	0.00415	0.00208	0.00346
61	0.00785	0.00483	0.00495	0.00472	0.00596	0.00518	0.00360	0.01203	0.22168	0.01491	0.01346	0.01446	0.01043	0.00471	0.00303	0.00101	0.00213	0.00381	0.65699	0.00427
62	0.00828	0.00698	0.00811	0.00590	0.00922	0.00546	0.00471	0.05273	0.00856	0.01316	0.00750	0.03642	0.00645	0.00327	0.00299	0.00064	0.00292	0.00265	0.00242	0.81162
63	0.00865	0.00740	0.00833	0.00645	0.00951	0.00665	0.00511	0.02853	0.25729	0.01394	0.00962	0.01000	0.00760	0.00363	0.00321	0.00081	0.00296	0.00295	0.00282	0.60453
64	0.00693	0.00542	0.00655	0.00649	0.00740	0.03020	0.01522	0.03562	0.09765	0.04704	0.05232	0.46569	0.06873	0.00951	0.00529	0.00147	0.07259	0.04288	0.00348	0.01952
65	0.00598	0.00465	0.00559	0.00602	0.00679	0.00480	0.00430	0.00924	0.21075	0.01153	0.02056	0.59621	0.04908	0.01032	0.00470	0.00151	0.00249	0.03789	0.00368	0.00390
66	0.00851	0.00926	0.01956	0.01436	0.01771	0.00870	0.66754	0.01148	0.00923	0.01249	0.06207	0.01581	0.02616	0.00451	0.00466	0.00135	0.00582	0.09354	0.00232	0.00491
67	0.05489	0.00705	0.00891	0.00694	0.00986	0.03091	0.00570	0.01852	0.03816	0.75446	0.01461	0.01276	0.00930	0.00474	0.00382	0.00120	0.00339	0.00380	0.00458	0.00642
68	0.19166	0.01382	0.27922	0.02118	0.01409	0.13808	0.15385	0.04918	0.00910	0.07676	0.00737	0.00848	0.00539	0.00380	0.00365	0.00120	0.01265	0.00307	0.00225	0.00521
69	0.00472	0.00337	0.00450	0.00540	0.00562	0.00315	0.00360	0.00540	0.00742	0.00990	0.02137	0.86122	0.02564	0.01215	0.00495	0.00157	0.00225	0.01102	0.00360	0.00315
70	0.01036	0.86609	0.02032	0.00663	0.00995	0.01534	0.00663	0.01161	0.00788	0.00912	0.00539	0.00622	0.00498	0.00332	0.00249	0.00083	0.00415	0.00207	0.00166	0.00498
71	0.00600	0.00429	0.00542	0.00611	0.00678	0.01666	0.00475	0.02263	0.02437	0.01140	0.01964	0.41036	0.02189	0.01045	0.00484	0.00157	0.00286	0.32933	0.08715	0.00350
72	0.00851	0.00914	0.01910	0.01422	0.01748	0.00864	0.63955	0.01156	0.02002	0.01228	0.01092	0.01753	0.02071	0.00487	0.00472	0.00140	0.00583	0.16629	0.00233	0.00488
73	0.01486	0.01067	0.01152	0.00883	0.01193	0.01174	0.00729	0.79024	0.01791	0.06129	0.00958	0.00948	0.00673	0.00466	0.00388	0.00117	0.00422	0.00351	0.00392	0.00659
74	0.89114	0.00750	0.00570	0.00510	0.00750	0.00870	0.00420	0.01140	0.00660	0.01739	0.00540	0.00630	0.00420	0.00360	0.00240	0.00120	0.00300	0.00210	0.00240	0.00420
75	0.00540	0.00439	0.00551	0.00582	0.03708	0.00397	0.02153	0.00682	0.00925	0.01176	0.17691	0.03567	0.46107	0.00931	0.00473	0.00139	0.00250	0.18973	0.00362	0.00356
76	0.00472	0.00340	0.00447	0.00533	0.00561	0.00315	0.00357	0.00541	0.00749	0.00992	0.02220	0.82302	0.06331	0.01204	0.00493	0.00156	0.00224	0.01089	0.00360	0.00315
77	0.00907	0.00947	0.01173	0.01014	0.01048	0.10645	0.02413	0.01003	0.00671	0.00951	0.00596	0.00999	0.00589	0.00658	0.01118	0.00161	0.70412	0.04088	0.00182	0.00426
78	0.01494	0.00607	0.00792	0.00631	0.00883	0.00544	0.00515	0.03521	0.02167	0.62978	0.01481	0.02555	0.01002	0.00493	0.00370	0.00116	0.00302	0.01532	0.17424	0.00593
79	0.03423	0.05663	0.74663	0.01060	0.01594	0.03414	0.01337	0.01226	0.00822	0.01220	0.00700	0.00849	0.00513	0.00377	0.00361	0.00121	0.00559	0.01371	0.00170	0.00559
80	0.01019	0.75246	0.10950	0.00717	0.01074	0.01457	0.00749	0.03242	0.00817	0.00985	0.00566	0.00651	0.00501	0.00339	0.00265	0.00088	0.00432	0.00220	0.00171	0.00510
81	0.03552	0.00881	0.01486	0.11078	0.69717	0.00902	0.02237	0.01158	0.00865	0.01248	0.00753	0.01043	0.00637	0.00368	0.00385	0.00119	0.00462	0.02332	0.00195	0.00581
82	0.01032	0.85186	0.03416	0.00671	0.01007	0.01523	0.00676	0.01162	0.00788	0.00917	0.00542	0.00625	0.00497	0.00332	0.00251	0.00084	0.00417	0.00209	0.00166	0.00499
83	0.00561	0.00400	0.00555	0.00555	0.00599	0.00445	0.00399	0.00645	0.00600	0.00845	0.01087	0.01842	0.01103	0.29950	0.55471	0.03159	0.00803	0.00461	0.00215	0.00305
84	0.01105	0.01184	0.01331	0.01712	0.45477	0.25892	0.01828	0.01433	0.13848	0.01227	0.00824	0.00959	0.00669	0.00390	0.00376	0.00113	0.00510	0.00333	0.00226	0.00564
85	0.00964	0.00833	0.00877	0.00789	0.01008	0.00964	0.00614	0.02060	0.83257	0.01622	0.01578	0.01446	0.01183	0.00526	0.00394	0.00131	0.00307	0.00438	0.00394	0.00614
86	0.03175	0.00675	0.00903	0.00693	0.00993	0.00595	0.00573	0.04524	0.01126	0.80182	0.01493	0.01295	0.00941	0.00477	0.00387	0.00120	0.00333	0.00386	0.00473	0.00656
87	0.00559	0.00393	0.00510	0.00510	0.00541	0.00423	0.00344	0.00620	0.00590	0.00817	0.01141	0.02093	0.01217	0.49831	0.38254	0.00484	0.00666	0.00499	0.00223	0.00284
88	0.01474	0.01086	0.01163	0.00892	0.01202	0.01202	0.00737	0.82664	0.01823	0.02443	0.00931	0.00931	0.00659	0.00465	0.00388	0.00116	0.00427	0.00349	0.00388	0.00659
89	0.00554	0.00415	0.00623	0.00623	0.00692	0.00485	0.00485	0.00692	0.00623	0.00900	0.01038	0.01523	0.00969	0.02908	0.84839	0.00623	0.01038	0.00415	0.00208	0.00346
90	0.00561	0.00375	0.00424	0.00426	0.00427	0.00374	0.00239	0.00563	0.00569	0.00759	0.01249	0.05013	0.01444	0.83853	0.01929	0.00369	0.00371	0.00580	0.00239	0.00237
91	0.00527	0.00397	0.00493	0.00493	0.00561	0.00404	0.00352	0.00612	0.00686	0.00902	0.01989	0.02507	0.26804	0.26916	0.34224	0.00397	0.00582	0.00584	0.00263	0.00307
92	0.00778	0.02005	0.84367	0.01105	0.01678	0.00900	0.01432	0.01228	0.00818	0.01228	0.00696	0.00818	0.00491	0.00368	0.00368	0.00123	0.00573	0.00286	0.00164	0.00573
93	0.01586	0.00800	0.00974	0.00758	0.01053	0.00792	0.00622	0.25257	0.09462	0.52392	0.01361	0.01220	0.00895	0.00480	0.00390	0.00120	0.00356	0.00383	0.00445	0.00655
94	0.00535	0.00369	0.00455	0.00496	0.00514	0.00362	0.00321	0.00579	0.00660	0.00879	0.01627	0.33515	0.01896	0.45473	0.03338	0.00284	0.00335	0.07794	0.00291	0.00278
95	0.00825	0.17526	0.69262	0.01024	0.01553	0.01017	0.01291	0.01215	0.00813	0.01170	0.00667	0.00782	0.00492	0.00362	0.00346	0.00115	0.00544	0.00272	0.00164	0.00559
96	0.66919	0.00906	0.00702	0.00611	0.00855	0.10654	0.00495	0.09016	0.00841	0.05127	0.00625	0.00695	0.00474	0.00380	0.00273	0.00117	0.00360	0.00235	0.00259	0.00456
97	0.00558	0.00399	0.00533	0.00529	0.00564	0.00422	0.01790	0.00622	0.00607	0.00836	0.01225	0.09360	0.01331	0.46406	0.32684	0.00445	0.00614	0.00553	0.00235	0.00288
98	0.01173	0.02029	0.01141	0.00937	0.01088	0.11886	0.00767	0.26682	0.03116	0.06317	0.02355	0.00934	0.00659	0.00559	0.00776	0.00138	0.38311	0.00342	0.00270	0.00519
99	0.03064	0.01070	0.01098	0.00886	0.01154	0.13333	0.04478	0.37094	0.15668	0.13234	0.01072	0.02346	0.00786	0.00476	0.00406	0.00120	0.02390	0.00369	0.00357	0.00599
100	0.00867	0.00889	0.01765	0.01314	0.01616	0.00850	0.56189	0.08642	0.00966	0.01305	0.02511	0.19029	0.01065	0.00535	0.00459	0.00135	0.00534	0.00588	0.00252	0.00489
101	0.08326	0.43982	0.10642	0.00762	0.01100	0.02938	0.01883	0.13654	0.04999	0.07342	0.00743	0.00789	0.00583	0.00380	0.00305	0.00101	0.00422	0.00267	0.00240	0.00541
102	0.02967	0.41717	0.26906	0.00826	0.01209	0.02843	0.00888	0.03566	0.12641	0.01996	0.00757	0.00817	0.00601	0.00378	0.00313	0.00104	0.00450	0.00271	0.00209	0.00541

[dist]
# distance from previous block
# <min> <max>
1	6

[block]
# block no. 4 follows, 70 sequences, length 18
# corresponding to MSA columns:
# 499-516
name=unknown_E
#
# <colnr> <probs for GDERKNQSTAVLIFYWHMCP>
#	G	D	E	R	K	N	Q	S	T	A	V	L	I	F	Y	W	H	M	C	P
0	0.04373	0.00862	0.01315	0.33399	0.40480	0.04228	0.01058	0.04866	0.02258	0.01225	0.00744	0.02148	0.00604	0.00385	0.00380	0.00121	0.00478	0.00348	0.00201	0.00529
1	0.01660	0.00705	0.00918	0.00713	0.01007	0.00648	0.00586	0.08039	0.07395	0.71746	0.01488	0.01300	0.00954	0.00482	0.00390	0.00121	0.00335	0.00390	0.00466	0.00656
2	0.01903	0.00577	0.00687	0.00618	0.00774	0.00591	0.03823	0.07980	0.18668	0.03025	0.12800	0.17112	0.12163	0.00709	0.00407	0.00125	0.00266	0.00613	0.14087	0.03075
3	0.03890	0.04100	0.01155	0.02986	0.04454	0.00794	0.14205	0.14764	0.07059	0.17539	0.05562	0.09098	0.02635	0.00526	0.00399	0.00120	0.00387	0.01891	0.00333	0.08104
4	0.01291	0.00615	0.00791	0.00645	0.00874	0.00572	0.00518	0.06289	0.07369	0.47405	0.24076	0.03169	0.03464	0.00591	0.00412	0.00122	0.00289	0.00497	0.00449	0.00563
5	0.00474	0.00343	0.00445	0.00525	0.00555	0.00318	0.00351	0.00542	0.00747	0.00986	0.02243	0.77137	0.08689	0.03984	0.00540	0.00163	0.00228	0.01063	0.00356	0.00313
6	0.00954	0.00970	0.01699	0.06715	0.57585	0.03926	0.19995	0.01204	0.00892	0.01234	0.00735	0.00974	0.00599	0.00345	0.00400	0.00119	0.00517	0.00368	0.00192	0.00577
7	0.00565	0.00412	0.00605	0.00605	0.00676	0.00476	0.00470	0.00707	0.00636	0.00937	0.01054	0.01518	0.00971	0.02741	0.79119	0.00587	0.00980	0.00412	0.06182	0.00347
8	0.00611	0.00437	0.00609	0.00695	0.00779	0.00434	0.00598	0.00781	0.00887	0.01158	0.04278	0.10534	0.02295	0.01074	0.00530	0.00175	0.00342	0.73070	0.00359	0.00354
9	0.00472	0.00337	0.00450	0.00540	0.00562	0.00315	0.00360	0.00540	0.00742	0.00990	0.02137	0.86122	0.02564	0.01215	0.00495	0.00157	0.00225	0.01102	0.00360	0.00315
10	0.00486	0.00347	0.00465	0.00555	0.00584	0.00326	0.00383	0.00563	0.00755	0.01005	0.02129	0.78926	0.02535	0.01202	0.00498	0.00159	0.00237	0.08167	0.00360	0.00319
11	0.00950	0.00598	0.00623	0.00541	0.00702	0.00640	0.00426	0.23908	0.06987	0.01738	0.01193	0.01301	0.00913	0.00461	0.00313	0.00101	0.00259	0.00363	0.57520	0.00463
12	0.00958	0.00927	0.01605	0.02347	0.80387	0.00924	0.04735	0.01192	0.00884	0.01265	0.00732	0.00963	0.00613	0.00345	0.00387	0.00116	0.00469	0.00350	0.00192	0.00610
13	0.00474	0.00393	0.00414	0.00409	0.00533	0.00334	0.00307	0.00587	0.00920	0.01135	0.17663	0.03587	0.70010	0.00949	0.00458	0.00129	0.00194	0.00798	0.00371	0.00334
14	0.00660	0.00473	0.00647	0.00721	0.00820	0.00478	0.00629	0.04198	0.00931	0.01213	0.02006	0.04230	0.02166	0.01046	0.00529	0.00176	0.00360	0.77988	0.00358	0.00370
15	0.00482	0.00383	0.02536	0.00546	0.00589	0.00332	0.00384	0.00564	0.00763	0.01018	0.05045	0.77522	0.06058	0.01169	0.00489	0.00154	0.00231	0.01055	0.00357	0.00324
16	0.05234	0.01775	0.01078	0.00974	0.01179	0.78417	0.00734	0.04225	0.01104	0.01033	0.00608	0.00704	0.00501	0.00400	0.00346	0.00101	0.00673	0.00251	0.00208	0.00455
17	0.00746	0.00476	0.00633	0.00627	0.00724	0.00458	0.02794	0.09281	0.00905	0.11415	0.01897	0.64335	0.02111	0.01020	0.00470	0.00148	0.00271	0.00917	0.00373	0.00399

[dist]
# distance from previous block
# <min> <max>
0	4

[block]
# block no. 5 follows, 70 sequences, length 13
# corresponding to MSA columns:
# 530-535,585-591
name=unknown_F
#
