[name]
unknown

[dist]
# distance from previous block
# <min> <max>
0	88

[block]
# block no. 0 follows, 73 sequences, length 46
# corresponding to MSA columns:
# 92-137
name=unknown_A
#
# <colnr> <probs for GDERKNQSTAVLIFYWHMCP>
#	G	D	E	R	K	N	Q	S	T	A	V	L	I	F	Y	W	H	M	C	P
0	0.01090	0.02373	0.01113	0.09987	0.04754	0.19554	0.06748	0.17102	0.10086	0.05270	0.02938	0.01317	0.00863	0.00500	0.00445	0.00122	0.06309	0.08653	0.00276	0.00499
1	0.00900	0.03217	0.06166	0.18621	0.39208	0.06385	0.05471	0.01142	0.02744	0.04155	0.05310	0.01082	0.00763	0.02755	0.00416	0.00121	0.00462	0.00355	0.00208	0.00516
2	0.00690	0.00440	0.00581	0.00560	0.00658	0.00424	0.02448	0.04789	0.00827	0.10689	0.07468	0.31944	0.12090	0.08209	0.10144	0.02299	0.00348	0.02566	0.02459	0.00365
3	0.06524	0.02604	0.05683	0.03006	0.16097	0.02843	0.21129	0.02757	0.05160	0.08774	0.06764	0.10680	0.03061	0.00519	0.00423	0.02336	0.00421	0.00469	0.00264	0.00487
4	0.00813	0.00735	0.01137	0.34366	0.04514	0.02092	0.12172	0.05141	0.11531	0.03217	0.08655	0.03251	0.03834	0.00479	0.00439	0.00125	0.04958	0.00424	0.01657	0.00461
5	0.00718	0.00641	0.01056	0.06319	0.07686	0.00647	0.19145	0.01006	0.11065	0.03182	0.05479	0.23170	0.07930	0.00705	0.00458	0.00136	0.02399	0.07531	0.00294	0.00433
6	0.00526	0.00390	0.00555	0.00561	0.00624	0.00434	0.00423	0.00635	0.00625	0.00873	0.01321	0.07264	0.08289	0.08888	0.64145	0.02595	0.00818	0.00488	0.00224	0.00319
7	0.02988	0.00956	0.02010	0.12842	0.01998	0.00934	0.68733	0.01162	0.00856	0.01176	0.00736	0.00998	0.00555	0.00331	0.00442	0.00127	0.02059	0.00420	0.00187	0.00490
8	0.07357	0.00742	0.03087	0.03822	0.06833	0.00769	0.05004	0.12325	0.06049	0.18148	0.04491	0.01325	0.04963	0.04476	0.09642	0.00186	0.09588	0.00396	0.00300	0.00497
9	0.00618	0.00453	0.00625	0.00610	0.00682	0.01798	0.02416	0.01425	0.02185	0.04496	0.02085	0.20010	0.03104	0.09412	0.40520	0.03495	0.03551	0.01919	0.00256	0.00341
10	0.00527	0.00351	0.00461	0.00518	0.00565	0.00322	0.00356	0.00607	0.00772	0.05432	0.08686	0.70753	0.07053	0.01093	0.00469	0.00146	0.00218	0.00984	0.00360	0.00327
11	0.01003	0.87041	0.01966	0.00642	0.00963	0.01485	0.00642	0.01123	0.00762	0.00883	0.00522	0.00602	0.00481	0.00321	0.00241	0.00080	0.00401	0.00201	0.00160	0.00481
12	0.00847	0.00858	0.05658	0.24908	0.27835	0.00833	0.19226	0.02161	0.00846	0.04028	0.00881	0.03070	0.02022	0.00414	0.00399	0.00123	0.00488	0.04694	0.00207	0.00502
13	0.01010	0.00723	0.00806	0.00680	0.00870	0.00777	0.00535	0.38272	0.09932	0.03625	0.12110	0.11981	0.04886	0.00660	0.00460	0.05521	0.00314	0.00502	0.05842	0.00495
14	0.00866	0.00691	0.00759	0.00683	0.00868	0.00767	0.00529	0.01656	0.58848	0.05616	0.20205	0.01770	0.03960	0.00577	0.00397	0.00125	0.00268	0.00489	0.00392	0.00534
15	0.05465	0.00670	0.00766	0.00552	0.00880	0.00518	0.00443	0.00953	0.00771	0.01247	0.00659	0.00769	0.00548	0.00282	0.00275	0.00059	0.00279	0.00221	0.00223	0.84420
16	0.00640	0.00557	0.00801	0.00733	0.00770	0.00691	0.03351	0.00732	0.00610	0.00885	0.00993	0.13760	0.01054	0.14380	0.27209	0.00327	0.31451	0.00495	0.00213	0.00347
17	0.00741	0.00587	0.00685	0.00653	0.02795	0.00622	0.00490	0.02712	0.34011	0.03344	0.30352	0.03901	0.08585	0.00743	0.03491	0.00142	0.00279	0.03874	0.00376	0.01619
18	0.01949	0.00612	0.00870	0.08538	0.19036	0.00632	0.00667	0.02190	0.12294	0.08117	0.03166	0.21258	0.01359	0.03233	0.04616	0.00160	0.00370	0.07365	0.00297	0.03272
19	0.05070	0.00908	0.17970	0.06154	0.01112	0.06657	0.06163	0.00919	0.00728	0.01041	0.06173	0.01210	0.00864	0.01386	0.33344	0.03507	0.05823	0.00364	0.00201	0.00406
20	0.00709	0.00667	0.01125	0.85913	0.02584	0.00834	0.01042	0.00959	0.00750	0.00959	0.00667	0.01000	0.00500	0.00375	0.00375	0.00125	0.00500	0.00333	0.00167	0.00417
21	0.00652	0.00326	0.00489	0.00489	0.00489	0.00326	0.00326	0.00489	0.00489	0.00652	0.00652	0.01140	0.00652	0.01303	0.01466	0.89084	0.00326	0.00326	0.00163	0.00163
22	0.07953	0.00506	0.00584	0.00552	0.00696	0.00496	0.00421	0.03510	0.09888	0.15097	0.09948	0.24460	0.19690	0.00803	0.00419	0.00131	0.00250	0.03808	0.00369	0.00419
23	0.40708	0.00679	0.00683	0.00574	0.00805	0.00716	0.00465	0.06983	0.05656	0.25227	0.06253	0.01205	0.04950	0.03142	0.00367	0.00125	0.00298	0.00344	0.00333	0.00486
24	0.00783	0.00630	0.00690	0.00646	0.00782	0.00698	0.00476	0.06195	0.44395	0.01333	0.03805	0.18341	0.01485	0.17186	0.00695	0.00176	0.00298	0.00576	0.00346	0.00463
25	0.36007	0.00623	0.00619	0.00546	0.00735	0.00661	0.00427	0.07531	0.04682	0.14227	0.07007	0.08925	0.08222	0.07703	0.00466	0.00141	0.00288	0.00439	0.00318	0.00434
26	0.24131	0.00522	0.00555	0.00507	0.00653	0.00537	0.00391	0.02298	0.04962	0.07694	0.37025	0.04561	0.07042	0.05205	0.00456	0.00133	0.00241	0.01369	0.01326	0.00395
27	0.01254	0.00392	0.00498	0.00547	0.00605	0.00377	0.00387	0.03422	0.02781	0.04997	0.01971	0.63338	0.04710	0.04837	0.00528	0.00157	0.00246	0.06898	0.01715	0.00340
28	0.00545	0.00447	0.00522	0.00542	0.00593	0.05085	0.03150	0.00613	0.00730	0.00937	0.04837	0.48828	0.10202	0.20249	0.00785	0.00192	0.00286	0.00842	0.00309	0.00304
29	0.03322	0.00448	0.00543	0.00515	0.00612	0.00434	0.00368	0.02893	0.04158	0.14508	0.14663	0.21423	0.03757	0.24296	0.00824	0.00193	0.00277	0.01927	0.04468	0.00371
30	0.00513	0.00364	0.00455	0.00498	0.00557	0.00339	0.00349	0.00630	0.02848	0.02656	0.14863	0.52353	0.14146	0.02949	0.00490	0.00145	0.00215	0.02189	0.03112	0.00328
31	0.00546	0.00364	0.00409	0.00409	0.00409	0.00364	0.00227	0.00546	0.00546	0.00727	0.01182	0.02455	0.01364	0.86815	0.01910	0.00364	0.00364	0.00546	0.00227	0.00227
32	0.02858	0.00477	0.03062	0.00549	0.00631	0.00445	0.00418	0.03313	0.03500	0.04435	0.07037	0.16656	0.02667	0.31772	0.00974	0.00223	0.00318	0.18080	0.02252	0.00333
33	0.02774	0.00394	0.00492	0.00529	0.00593	0.00383	0.00373	0.00721	0.07022	0.04043	0.10956	0.54648	0.06707	0.01016	0.00505	0.04843	0.00229	0.01659	0.01772	0.00341
34	0.00730	0.00695	0.01124	0.77160	0.06501	0.02809	0.01018	0.00973	0.00772	0.00988	0.03267	0.01045	0.00599	0.00386	0.00376	0.00123	0.00492	0.00342	0.00176	0.00424
35	0.00463	0.00381	0.00407	0.00401	0.00519	0.00325	0.00300	0.00576	0.00901	0.01123	0.21812	0.03430	0.66242	0.00909	0.00443	0.00125	0.00187	0.00766	0.00363	0.00325
36	0.00517	0.00377	0.00454	0.00457	0.00518	0.00355	0.00314	0.00634	0.02715	0.01123	0.32766	0.17879	0.15386	0.23858	0.00840	0.00191	0.00239	0.00725	0.00341	0.00311
37	0.00550	0.00380	0.00487	0.00520	0.00580	0.00366	0.00372	0.00659	0.02797	0.03856	0.10340	0.38546	0.11114	0.10866	0.07500	0.02419	0.00309	0.07687	0.00329	0.00323
38	0.04537	0.00699	0.01615	0.05335	0.01014	0.00696	0.00580	0.15210	0.11052	0.38799	0.08495	0.03088	0.01901	0.00563	0.01572	0.03149	0.00337	0.00409	0.00390	0.00557
39	0.08569	0.05230	0.06042	0.03703	0.01754	0.00969	0.61322	0.01166	0.00834	0.01205	0.00706	0.00936	0.00540	0.00341	0.00450	0.00125	0.05036	0.00393	0.00188	0.00491
40	0.77255	0.00741	0.00628	0.00576	0.03282	0.00842	0.00452	0.05172	0.00726	0.06651	0.00604	0.00673	0.00454	0.00360	0.00252	0.00116	0.00303	0.00224	0.00252	0.00437
41	0.00631	0.00336	0.00493	0.00493	0.00499	0.00343	0.00331	0.00511	0.00505	0.00679	0.00731	0.01287	0.00741	0.08913	0.09442	0.72963	0.00393	0.00352	0.00172	0.00185
42	0.00545	0.00416	0.00631	0.05112	0.00771	0.00488	0.00499	0.00685	0.00611	0.00876	0.00987	0.01449	0.00915	0.02685	0.80838	0.00578	0.00978	0.00398	0.00199	0.00339
43	0.00502	0.00382	0.00425	0.00424	0.00536	0.00329	0.00314	0.00609	0.00880	0.03936	0.17227	0.14342	0.56900	0.00932	0.00446	0.00128	0.00196	0.00795	0.00363	0.00332
44	0.00552	0.01845	0.00525	0.00472	0.00577	0.00391	0.00359	0.03172	0.01045	0.01442	0.67506	0.02838	0.16317	0.00779	0.00437	0.00119	0.00190	0.00678	0.00397	0.00359
45	0.01067	0.00485	0.00577	0.00501	0.00670	0.00462	0.00398	0.01287	0.06061	0.31592	0.01359	0.01443	0.00998	0.00470	0.00319	0.00103	0.00240	0.02902	0.48596	0.00469

[dist]
# distance from previous block
# <min> <max>
0	2

[block]
# block no. 1 follows, 73 sequences, length 22
# corresponding to MSA columns:
# 140-161
name=unknown_B
#
# <colnr> <probs for GDERKNQSTAVLIFYWHMCP>
#	G	D	E	R	K	N	Q	S	T	A	V	L	I	F	Y	W	H	M	C	P
0	0.00489	0.00369	0.00497	0.00562	0.00582	0.00378	0.00389	0.00555	0.00706	0.00953	0.01932	0.79155	0.02309	0.01131	0.00544	0.00153	0.07646	0.01003	0.00332	0.00314
1	0.53618	0.00671	0.00599	0.00527	0.00720	0.03154	0.00412	0.02285	0.00713	0.13982	0.00795	0.01051	0.00665	0.14625	0.02306	0.02574	0.00335	0.00296	0.00265	0.00408
2	0.00446	0.00371	0.00389	0.00404	0.00513	0.00315	0.00296	0.00536	0.00832	0.01004	0.03508	0.17614	0.70507	0.00988	0.00449	0.00131	0.00195	0.00838	0.00348	0.00315
3	0.00559	0.00414	0.00596	0.00589	0.00655	0.00475	0.00450	0.02732	0.00626	0.00893	0.01021	0.01563	0.00975	0.11615	0.74393	0.00565	0.00922	0.00416	0.00208	0.00331
4	0.00491	0.00365	0.00508	0.00550	0.00589	0.00344	0.03790	0.00561	0.00709	0.00941	0.01946	0.66227	0.05044	0.13205	0.00679	0.00181	0.00258	0.02985	0.00325	0.00304
5	0.00456	0.00332	0.00430	0.00508	0.00540	0.00306	0.00342	0.00524	0.00732	0.00963	0.02245	0.78068	0.10869	0.01152	0.00475	0.00150	0.00215	0.01038	0.00348	0.00306
6	0.01267	0.01541	0.01085	0.00968	0.01119	0.63251	0.00747	0.03732	0.00970	0.00957	0.00569	0.00717	0.00490	0.00451	0.00547	0.00113	0.20585	0.00265	0.00192	0.00435
7	0.09693	0.00497	0.00759	0.00692	0.00810	0.00485	0.15102	0.00758	0.00754	0.01139	0.01563	0.48298	0.01717	0.00836	0.00420	0.00136	0.00298	0.03811	0.11871	0.00358
8	0.00577	0.00406	0.00457	0.00456	0.00480	0.00417	0.00276	0.00692	0.09094	0.00836	0.01301	0.10310	0.01447	0.69862	0.01618	0.00319	0.00343	0.00582	0.00255	0.00272
9	0.00454	0.00340	0.00422	0.00487	0.00535	0.00308	0.00333	0.00526	0.00752	0.00971	0.02494	0.66149	0.22627	0.01120	0.00470	0.00146	0.00211	0.00999	0.00348	0.00308
10	0.14199	0.00623	0.00780	0.00630	0.00881	0.00577	0.00510	0.03176	0.00984	0.61521	0.01398	0.10960	0.01026	0.00529	0.00368	0.00120	0.00305	0.00430	0.00416	0.00567
11	0.00546	0.00364	0.00409	0.00409	0.00409	0.00364	0.00227	0.00546	0.00546	0.00727	0.01182	0.02455	0.01364	0.86815	0.01910	0.00364	0.00364	0.00546	0.00227	0.00227
12	0.00488	0.00332	0.00421	0.00492	0.00528	0.00311	0.00334	0.00569	0.00735	0.01018	0.02052	0.70912	0.06757	0.01067	0.00449	0.00142	0.00211	0.00958	0.11912	0.00311
13	0.00962	0.00897	0.01329	0.01045	0.01321	0.00959	0.28127	0.09151	0.48648	0.01519	0.01214	0.01225	0.00907	0.00439	0.00402	0.00126	0.00419	0.00422	0.00317	0.00569
14	0.00778	0.00667	0.00778	0.00556	0.00889	0.00500	0.00445	0.00945	0.00778	0.01223	0.00667	0.00778	0.00556	0.00278	0.00278	0.00056	0.00278	0.00222	0.00222	0.89108
15	0.00852	0.00811	0.01350	0.07016	0.68647	0.00813	0.01032	0.01060	0.00848	0.01182	0.01108	0.01283	0.11523	0.00417	0.00381	0.00114	0.00416	0.00394	0.00206	0.00547
16	0.09716	0.11719	0.00628	0.00451	0.00518	0.00557	0.00303	0.00678	0.00588	0.00852	0.01052	0.04300	0.01181	0.64341	0.01481	0.00296	0.00357	0.00480	0.00222	0.00281
17	0.01058	0.75811	0.01856	0.00671	0.00989	0.01443	0.00651	0.11845	0.00893	0.01076	0.00571	0.00641	0.00502	0.00338	0.00258	0.00084	0.00403	0.00219	0.00189	0.00502
18	0.00793	0.00893	0.11740	0.00674	0.00968	0.09217	0.00605	0.00984	0.00831	0.01180	0.05338	0.04917	0.00955	0.00446	0.00338	0.00088	0.00354	0.09204	0.00240	0.50235
19	0.01193	0.00861	0.00927	0.00733	0.00989	0.00920	0.00598	0.58305	0.01504	0.06143	0.03208	0.01588	0.20213	0.00574	0.00393	0.00116	0.00352	0.00452	0.00374	0.00558
20	0.00756	0.00592	0.00614	0.00596	0.00716	0.10372	0.00433	0.02335	0.00835	0.09616	0.04146	0.49006	0.04119	0.00882	0.01516	0.00133	0.00302	0.00747	0.00326	0.11959
21	0.00919	0.26763	0.30164	0.01039	0.02372	0.01058	0.20684	0.02157	0.04206	0.05039	0.00724	0.00839	0.00552	0.00347	0.00344	0.00108	0.00500	0.00306	0.00194	0.01685

[dist]
# distance from previous block
# <min> <max>
1	4

[block]
# block no. 2 follows, 73 sequences, length 7
# corresponding to MSA columns:
# 166-172
name=unknown_C
#
# <colnr> <probs for GDERKNQSTAVLIFYWHMCP>
#	G	D	E	R	K	N	Q	S	T	A	V	L	I	F	Y	W	H	M	C	P
0	0.00958	0.21029	0.26315	0.00848	0.01171	0.13616	0.02958	0.03367	0.00854	0.07110	0.00817	0.01079	0.00684	0.00732	0.11681	0.00174	0.00566	0.05347	0.00210	0.00485
1	0.01004	0.26190	0.29293	0.00991	0.06514	0.11573	0.03715	0.10351	0.04850	0.01218	0.00688	0.00780	0.00538	0.00365	0.00328	0.00104	0.00493	0.00274	0.00201	0.00531
2	0.06648	0.25469	0.34737	0.00959	0.01368	0.04401	0.11937	0.08197	0.00880	0.01226	0.00648	0.00761	0.00499	0.00350	0.00328	0.00107	0.00498	0.00277	0.00188	0.00520
3	0.09525	0.00666	0.11793	0.00621	0.00795	0.00524	0.00557	0.00907	0.07647	0.04646	0.08736	0.21470	0.14765	0.00805	0.00424	0.00137	0.00295	0.14964	0.00324	0.00399
4	0.00815	0.13110	0.62860	0.00962	0.01434	0.00901	0.01183	0.01173	0.00807	0.04867	0.00801	0.01082	0.00640	0.00415	0.00356	0.00118	0.00506	0.07252	0.00188	0.00531
5	0.09337	0.20477	0.32736	0.00788	0.01164	0.00916	0.00863	0.04460	0.00883	0.16566	0.07661	0.00991	0.00812	0.00405	0.00330	0.00109	0.00416	0.00307	0.00251	0.00526
6	0.62755	0.12210	0.00783	0.07540	0.00896	0.00885	0.00486	0.01060	0.00700	0.01502	0.07693	0.00828	0.00692	0.00383	0.00263	0.00112	0.00313	0.00254	0.00233	0.00413

[dist]
# distance from previous block
# <min> <max>
1	37

[block]
# block no. 3 follows, 73 sequences, length 57
# corresponding to MSA columns:
# 210-266
name=unknown_D
#
# <colnr> <probs for GDERKNQSTAVLIFYWHMCP>
#	G	D	E	R	K	N	Q	S	T	A	V	L	I	F	Y	W	H	M	C	P
0	0.00858	0.05673	0.10519	0.18531	0.07441	0.04135	0.22805	0.06580	0.03985	0.02153	0.01074	0.01357	0.07501	0.00449	0.00396	0.00122	0.00489	0.05221	0.00225	0.00484
1	0.06941	0.57593	0.04619	0.00684	0.00998	0.01293	0.00655	0.12241	0.04205	0.06711	0.00681	0.00726	0.00553	0.00358	0.00277	0.00093	0.00391	0.00243	0.00223	0.00515
2	0.05041	0.35001	0.36512	0.00900	0.01308	0.08008	0.06197	0.01185	0.00801	0.01071	0.00605	0.00714	0.00481	0.00342	0.00310	0.00102	0.00497	0.00252	0.00168	0.00506
3	0.00768	0.03381	0.76645	0.01104	0.01640	0.00889	0.08045	0.01188	0.00799	0.01184	0.00678	0.00807	0.00483	0.00353	0.00361	0.00119	0.00558	0.00289	0.00161	0.00549
4	0.00586	0.00396	0.00446	0.00436	0.00451	0.00401	0.00257	0.04262	0.00607	0.00809	0.01187	0.02424	0.01349	0.81086	0.01811	0.00348	0.00366	0.02293	0.00237	0.00248
5	0.00771	0.00731	0.01238	0.62153	0.25856	0.00850	0.01073	0.01013	0.00780	0.01034	0.00678	0.00980	0.00527	0.00363	0.00374	0.00121	0.00485	0.00334	0.00172	0.00467
6	0.00778	0.00667	0.00778	0.00556	0.00889	0.00500	0.00445	0.00945	0.00778	0.01223	0.00667	0.00778	0.00556	0.00278	0.00278	0.00056	0.00278	0.00222	0.00222	0.89108
7	0.00537	0.00365	0.00407	0.00407	0.00417	0.00360	0.00232	0.00545	0.00571	0.00751	0.01396	0.02549	0.08137	0.79804	0.01790	0.00344	0.00350	0.00566	0.00237	0.00235
8	0.00498	0.00415	0.00438	0.00426	0.00554	0.00373	0.00322	0.00685	0.07661	0.01139	0.16748	0.03298	0.64349	0.00884	0.00438	0.00125	0.00197	0.00743	0.00362	0.00345
9	0.00709	0.00667	0.01125	0.85913	0.02584	0.00834	0.01042	0.00959	0.00750	0.00959	0.00667	0.01000	0.00500	0.00375	0.00375	0.00125	0.00500	0.00333	0.00167	0.00417
10	0.00765	0.00758	0.01120	0.78978	0.02468	0.07731	0.01016	0.01003	0.00776	0.00955	0.00660	0.00974	0.00499	0.00376	0.00372	0.00123	0.00515	0.00326	0.00169	0.00418
11	0.00457	0.00326	0.00435	0.00522	0.00544	0.00305	0.00348	0.00522	0.00718	0.00958	0.02068	0.86570	0.02481	0.01175	0.00479	0.00152	0.00218	0.01067	0.00348	0.00305
12	0.00794	0.00676	0.00787	0.00563	0.00896	0.00516	0.00451	0.02961	0.00802	0.01251	0.00673	0.00781	0.00558	0.00282	0.00280	0.00057	0.00281	0.00225	0.00226	0.86940
13	0.00752	0.01941	0.84871	0.01069	0.01624	0.00871	0.01386	0.01188	0.00792	0.01188	0.00673	0.00792	0.00475	0.00356	0.00356	0.00119	0.00554	0.00277	0.00158	0.00554
14	0.00556	0.00360	0.00417	0.00417	0.00417	0.00360	0.00237	0.00540	0.00540	0.00720	0.01129	0.02324	0.01293	0.78260	0.01865	0.09239	0.00360	0.00524	0.00221	0.00221
15	0.00930	0.07985	0.05355	0.02030	0.65672	0.00948	0.08223	0.02248	0.00859	0.01209	0.00696	0.00903	0.00578	0.00334	0.00366	0.00111	0.00463	0.00330	0.00185	0.00576
16	0.00544	0.00369	0.00434	0.00434	0.00442	0.00377	0.00258	0.00561	0.00553	0.00746	0.01160	0.02331	0.01310	0.76186	0.12465	0.00394	0.00445	0.00527	0.00224	0.00241
17	0.00652	0.00326	0.00489	0.00489	0.00489	0.00326	0.00326	0.00489	0.00489	0.00652	0.00652	0.01140	0.00652	0.01303	0.01466	0.89084	0.00326	0.00326	0.00163	0.00163
18	0.00622	0.00530	0.00754	0.00722	0.00761	0.00662	0.00575	0.00730	0.00635	0.00917	0.01104	0.16582	0.01164	0.01664	0.35503	0.00343	0.28997	0.07153	0.00227	0.00355
19	0.02086	0.01096	0.01033	0.02930	0.01106	0.22632	0.04345	0.39449	0.01282	0.03785	0.00840	0.01842	0.00681	0.07583	0.02326	0.05362	0.00490	0.00342	0.00288	0.00501
20	0.02585	0.00736	0.00892	0.00695	0.00965	0.00723	0.00571	0.26167	0.02438	0.49069	0.03155	0.01202	0.00900	0.00464	0.00367	0.00113	0.00332	0.00369	0.07653	0.00605
21	0.00885	0.00713	0.00777	0.00708	0.00901	0.00798	0.00556	0.01713	0.62636	0.05437	0.07678	0.01841	0.06655	0.00592	0.00400	0.00129	0.00286	0.06369	0.00383	0.00543
22	0.00753	0.00708	0.01198	0.60756	0.21256	0.00823	0.02165	0.00993	0.00790	0.01047	0.03847	0.01112	0.00668	0.00392	0.00380	0.00123	0.00474	0.01875	0.00184	0.00455
23	0.01549	0.00608	0.00827	0.00646	0.00912	0.00528	0.00529	0.01696	0.01066	0.75148	0.09468	0.03020	0.01209	0.00507	0.00385	0.00117	0.00304	0.00419	0.00457	0.00605
24	0.00706	0.00586	0.00608	0.00564	0.00726	0.01856	0.00433	0.01225	0.36321	0.02584	0.10343	0.02410	0.34780	0.00705	0.00406	0.00124	0.00243	0.00590	0.04343	0.00447
25	0.14763	0.00526	0.00600	0.00548	0.00701	0.00522	0.00417	0.04230	0.05415	0.19564	0.13233	0.22052	0.08394	0.04486	0.00458	0.00136	0.00261	0.00599	0.02667	0.00428
26	0.07796	0.00425	0.00462	0.00465	0.00571	0.00403	0.00341	0.00710	0.04534	0.03623	0.11103	0.20027	0.36673	0.08290	0.00557	0.00152	0.00230	0.02957	0.00340	0.00341
27	0.23166	0.00816	0.00874	0.00691	0.00962	0.00865	0.00569	0.35009	0.01237	0.26793	0.00995	0.00963	0.00682	0.00429	0.00336	0.00113	0.00344	0.00317	0.04270	0.00568
28	0.00508	0.00368	0.00447	0.00481	0.00515	0.00357	0.00317	0.01871	0.00704	0.00928	0.04148	0.43913	0.12613	0.28306	0.00941	0.00215	0.01941	0.00829	0.00308	0.00290
29	0.01760	0.00381	0.00466	0.00471	0.00533	0.00362	0.00325	0.00663	0.02288	0.03036	0.30849	0.24742	0.09367	0.20984	0.00787	0.00185	0.00239	0.00737	0.01505	0.00320
30	0.00926	0.00451	0.00550	0.00513	0.00649	0.00428	0.00402	0.02784	0.01865	0.23190	0.01507	0.15499	0.01323	0.00629	0.00359	0.00116	0.00244	0.09201	0.38937	0.00427
31	0.01209	0.00933	0.00996	0.00815	0.01075	0.01048	0.00656	0.45095	0.38650	0.03617	0.01194	0.01133	0.00872	0.00477	0.00378	0.00119	0.00359	0.00377	0.00380	0.00618
32	0.00622	0.00395	0.00477	0.00479	0.00522	0.00400	0.00321	0.02752	0.06425	0.00955	0.03203	0.16194	0.04609	0.25587	0.01116	0.24015	0.00292	0.00551	0.10806	0.00280
33	0.00700	0.00497	0.00546	0.00500	0.00569	0.00517	0.00331	0.13448	0.05723	0.01051	0.01341	0.02207	0.07352	0.60032	0.01462	0.02265	0.00354	0.00519	0.00267	0.00318
34	0.00983	0.04629	0.21705	0.10671	0.02152	0.03484	0.04900	0.23203	0.06712	0.02332	0.03841	0.00964	0.00700	0.00397	0.00358	0.00108	0.00442	0.00323	0.00256	0.11841
35	0.00612	0.00406	0.00467	0.00443	0.00565	0.00354	0.00331	0.00716	0.00886	0.10340	0.18937	0.05900	0.48004	0.06617	0.00559	0.02162	0.00219	0.01768	0.00361	0.00350
36	0.00597	0.00421	0.00468	0.00456	0.00488	0.00436	0.00280	0.00742	0.11200	0.00877	0.04678	0.02320	0.01421	0.71018	0.01631	0.00319	0.00345	0.00533	0.01490	0.00281
37	0.01140	0.57749	0.01656	0.00753	0.01031	0.30285	0.00670	0.01252	0.00866	0.00895	0.00542	0.00628	0.00482	0.00344	0.00274	0.00086	0.00496	0.00215	0.00172	0.00465
38	0.00480	0.00376	0.00434	0.00431	0.00532	0.00330	0.00319	0.00604	0.00924	0.01203	0.35654	0.11510	0.44065	0.00900	0.00447	0.00126	0.00188	0.00774	0.00374	0.00330
39	0.00778	0.00667	0.00778	0.00556	0.00889	0.00500	0.00445	0.00945	0.00778	0.01223	0.00667	0.00778	0.00556	0.00278	0.00278	0.00056	0.00278	0.00222	0.00222	0.89108
40	0.00531	0.00383	0.00501	0.00472	0.00560	0.00354	0.00354	0.00708	0.01062	0.01504	0.84277	0.02802	0.03540	0.00767	0.00442	0.00118	0.00177	0.00678	0.00413	0.00354
41	0.00543	0.00374	0.00460	0.00460	0.00477	0.00391	0.00290	0.00578	0.00561	0.00765	0.01136	0.02200	0.01253	0.64975	0.23598	0.00426	0.00530	0.00508	0.00220	0.00255
42	0.00687	0.00387	0.00534	0.00524	0.00550	0.00403	0.00360	0.00679	0.11030	0.00768	0.00762	0.01173	0.00714	0.01203	0.01329	0.77828	0.00322	0.00338	0.00191	0.00217
43	0.00778	0.00667	0.00778	0.00556	0.00889	0.00500	0.00445	0.00945	0.00778	0.01223	0.00667	0.00778	0.00556	0.00278	0.00278	0.00056	0.00278	0.00222	0.00222	0.89108
44	0.00476	0.00381	0.00425	0.00414	0.00527	0.00330	0.00310	0.00601	0.00931	0.01195	0.33499	0.03312	0.54511	0.00883	0.00443	0.00123	0.00185	0.00750	0.00372	0.00330
45	0.00457	0.00326	0.00435	0.00522	0.00544	0.00305	0.00348	0.00522	0.00718	0.00958	0.02068	0.86570	0.02481	0.01175	0.00479	0.00152	0.00218	0.01067	0.00348	0.00305
46	0.00491	0.00361	0.00460	0.00480	0.00547	0.00330	0.00343	0.00613	0.00900	0.01227	0.41674	0.35939	0.13344	0.00951	0.00457	0.00133	0.00195	0.00846	0.00379	0.00330
47	0.00553	0.00403	0.00514	0.00529	0.00629	0.00375	0.00428	0.00709	0.00943	0.02524	0.34966	0.03472	0.22433	0.00900	0.00468	0.00139	0.00241	0.29052	0.00375	0.00346
48	0.00536	0.00402	0.00603	0.00603	0.00670	0.00469	0.00469	0.00670	0.00603	0.00871	0.01005	0.01474	0.00938	0.02814	0.85328	0.00603	0.01005	0.00402	0.00201	0.00335
49	0.00577	0.00353	0.00439	0.00439	0.00441	0.00355	0.00264	0.00532	0.00530	0.00709	0.01018	0.02033	0.01138	0.58763	0.04203	0.26941	0.00371	0.00476	0.00207	0.00211
50	0.00533	0.00359	0.00400	0.00419	0.00486	0.00334	0.00290	0.00628	0.00761	0.01067	0.06869	0.21264	0.24969	0.17301	0.00690	0.00169	0.00227	0.01659	0.21267	0.00307
51	0.04522	0.00418	0.00471	0.00475	0.00589	0.00387	0.00364	0.00704	0.04028	0.03063	0.18003	0.13170	0.41692	0.00898	0.00442	0.00133	0.00220	0.09717	0.00359	0.00347
52	0.00469	0.00336	0.00448	0.00533	0.00562	0.00315	0.00368	0.00544	0.00733	0.00972	0.02097	0.78121	0.04159	0.01159	0.00481	0.00153	0.00228	0.07665	0.00348	0.00308
53	0.00576	0.00396	0.00454	0.00441	0.00468	0.00397	0.00270	0.03005	0.02459	0.00914	0.13768	0.03696	0.01684	0.68141	0.01589	0.00311	0.00333	0.00565	0.00265	0.00268
54	0.03468	0.00565	0.00655	0.00581	0.00726	0.00584	0.00439	0.08787	0.15701	0.13798	0.16838	0.03011	0.03957	0.19418	0.04534	0.00195	0.00327	0.02343	0.03638	0.00437
55	0.00467	0.00336	0.00427	0.00495	0.00524	0.00313	0.00327	0.00527	0.00710	0.00934	0.02121	0.68163	0.10092	0.11896	0.00655	0.00176	0.00233	0.00975	0.00333	0.00296
56	0.00926	0.00793	0.00834	0.00751	0.00960	0.00916	0.00584	0.01961	0.81383	0.01564	0.01518	0.01400	0.01140	0.00507	0.00378	0.00126	0.00293	0.00422	0.02956	0.00587

[dist]
# distance from previous block
# <min> <max>
0	19

[block]
# block no. 4 follows, 73 sequences, length 24
# corresponding to MSA columns:
# 286-309
name=unknown_E
#
# <colnr> <probs for GDERKNQSTAVLIFYWHMCP>
#	G	D	E	R	K	N	Q	S	T	A	V	L	I	F	Y	W	H	M	C	P
0	0.00607	0.00416	0.00561	0.00623	0.00708	0.00413	0.00532	0.00777	0.00869	0.01187	0.10514	0.03723	0.02151	0.02616	0.00508	0.00161	0.00309	0.62480	0.10501	0.00345
1	0.00718	0.00675	0.01118	0.65039	0.15108	0.00795	0.00989	0.00950	0.00776	0.01005	0.00962	0.01230	0.08248	0.00422	0.00381	0.00123	0.00463	0.00376	0.00186	0.00435
2	0.00768	0.00693	0.01147	0.52937	0.25030	0.00794	0.00983	0.01002	0.00783	0.01083	0.00741	0.01026	0.00579	0.00371	0.00361	0.00117	0.00448	0.00336	0.10343	0.00458
3	0.00796	0.00875	0.01841	0.01349	0.01664	0.00817	0.65984	0.01063	0.00864	0.01156	0.01190	0.11059	0.08515	0.00473	0.00447	0.00129	0.00544	0.00546	0.00223	0.00465
4	0.00478	0.00409	0.00474	0.08296	0.00717	0.00382	0.00376	0.00592	0.00817	0.00992	0.03191	0.03125	0.67031	0.01111	0.10167	0.00181	0.00312	0.00705	0.00315	0.00328
5	0.02602	0.00945	0.03085	0.01465	0.14883	0.02597	0.48037	0.02483	0.00928	0.17808	0.00887	0.01032	0.00639	0.00353	0.00410	0.00121	0.00531	0.00400	0.00247	0.00546
6	0.00847	0.00831	0.01148	0.00980	0.00993	0.01150	0.00816	0.04401	0.00625	0.00965	0.00510	0.00824	0.00499	0.00648	0.01195	0.00162	0.82486	0.00329	0.00173	0.00420
7	0.00586	0.00426	0.00579	0.00655	0.00746	0.00419	0.00568	0.00750	0.00863	0.01110	0.02194	0.04161	0.11578	0.01027	0.00510	0.00167	0.00328	0.72646	0.00346	0.00342
8	0.00598	0.08473	0.00766	0.10698	0.10438	0.00564	0.00527	0.00746	0.01934	0.01047	0.05608	0.06097	0.46689	0.00754	0.00412	0.00123	0.00283	0.03570	0.00294	0.00381
9	0.00904	0.00867	0.01479	0.11527	0.75440	0.00885	0.01139	0.01130	0.00843	0.01196	0.00701	0.00936	0.00584	0.00339	0.00372	0.00113	0.00452	0.00334	0.00184	0.00575
10	0.00548	0.00420	0.00626	0.00619	0.00683	0.00498	0.00484	0.00680	0.00602	0.00872	0.00983	0.01446	0.00919	0.02723	0.81792	0.00585	0.04585	0.00399	0.00199	0.00338
11	0.00861	0.00840	0.01344	0.35713	0.48135	0.04477	0.01089	0.01089	0.00822	0.01106	0.00685	0.00946	0.00552	0.00353	0.00371	0.00116	0.00477	0.00330	0.00178	0.00516
12	0.00536	0.00402	0.00603	0.00603	0.00670	0.00469	0.00469	0.00670	0.00603	0.00871	0.01005	0.01474	0.00938	0.02814	0.85328	0.00603	0.01005	0.00402	0.00201	0.00335
13	0.00686	0.00667	0.00587	0.00563	0.00673	0.17917	0.00417	0.00818	0.00983	0.01228	0.42344	0.12361	0.17792	0.00770	0.00425	0.00119	0.00288	0.00655	0.00348	0.00358
14	0.00778	0.00667	0.00778	0.00556	0.00889	0.00500	0.00445	0.00945	0.00778	0.01223	0.00667	0.00778	0.00556	0.00278	0.00278	0.00056	0.00278	0.00222	0.00222	0.89108
15	0.00547	0.00354	0.00422	0.00434	0.00436	0.00351	0.00255	0.00536	0.00561	0.00749	0.01235	0.13327	0.01425	0.65350	0.01669	0.10956	0.00340	0.00588	0.00235	0.00230
16	0.01043	0.48304	0.01482	0.00687	0.00957	0.02487	0.00613	0.17805	0.12578	0.01265	0.00801	0.00946	0.00688	0.08354	0.00443	0.00120	0.00390	0.00292	0.00242	0.00505
17	0.00575	0.00502	0.00486	0.00490	0.00573	0.08180	0.00348	0.00651	0.00785	0.00958	0.07353	0.13821	0.34839	0.18533	0.04871	0.02320	0.00322	0.03784	0.00302	0.00308
18	0.66976	0.00741	0.00649	0.00561	0.00800	0.00832	0.00464	0.10568	0.00819	0.09396	0.00725	0.00880	0.00566	0.00404	0.00276	0.00118	0.00310	0.04190	0.00275	0.00451
19	0.00881	0.00843	0.01437	0.20420	0.66730	0.00879	0.01128	0.01110	0.00832	0.01168	0.00697	0.00944	0.00574	0.00343	0.00372	0.00114	0.00457	0.00334	0.00182	0.00556
20	0.01031	0.10707	0.01364	0.03607	0.48441	0.00909	0.00917	0.01350	0.12555	0.12790	0.02120	0.01035	0.00746	0.00383	0.00360	0.00111	0.00400	0.00343	0.00252	0.00580
21	0.00919	0.00730	0.01060	0.17070	0.21515	0.03526	0.04174	0.04346	0.07060	0.12341	0.03339	0.01374	0.08498	0.00729	0.10121	0.00173	0.00473	0.00405	0.00265	0.01881
22	0.00582	0.00460	0.00689	0.13316	0.02143	0.00536	0.00552	0.00762	0.03600	0.00934	0.04479	0.01495	0.01005	0.06231	0.60930	0.00476	0.00831	0.00410	0.00212	0.00356
23	0.13335	0.00802	0.00967	0.07832	0.19324	0.08464	0.00716	0.09746	0.02696	0.07807	0.01997	0.01057	0.00716	0.00977	0.20806	0.00232	0.01469	0.00334	0.00244	0.00480

[dist]
# distance from previous block
# <min> <max>
0	8

# created by:
# /home/cegg/simao/soft/augustus-3.2.1/scripts/msa2prfl.pl ./align_prep/EOG092C5G2T.fa
