[name]
unknown

[dist]
# distance from previous block
# <min> <max>
0	361

[block]
# block no. 0 follows, 70 sequences, length 98
# corresponding to MSA columns:
# 368-418,424,442,443,449-492
name=unknown_A
#
# <colnr> <probs for GDERKNQSTAVLIFYWHMCP>
#	G	D	E	R	K	N	Q	S	T	A	V	L	I	F	Y	W	H	M	C	P
0	0.01902	0.37867	0.14633	0.00863	0.01187	0.20825	0.05120	0.05507	0.00942	0.01110	0.04591	0.00883	0.01543	0.00395	0.00324	0.00101	0.00505	0.01000	0.00203	0.00498
1	0.00875	0.01331	0.27083	0.01452	0.01894	0.00956	0.55873	0.01259	0.03031	0.01247	0.00778	0.00987	0.00574	0.00345	0.00429	0.00128	0.00620	0.00405	0.00191	0.00540
2	0.00546	0.00396	0.00514	0.00485	0.00578	0.00365	0.00364	0.00726	0.01091	0.01539	0.81364	0.02921	0.06056	0.00798	0.00457	0.00122	0.00183	0.00705	0.00425	0.00365
3	0.10723	0.03291	0.01007	0.00908	0.07431	0.19788	0.06853	0.05075	0.00991	0.17589	0.05902	0.08743	0.05405	0.01986	0.00412	0.00124	0.00429	0.02547	0.00306	0.00488
4	0.13480	0.18214	0.01393	0.00899	0.01201	0.08395	0.14406	0.20674	0.05790	0.10706	0.00847	0.00898	0.00631	0.00400	0.00348	0.00112	0.00451	0.00320	0.00285	0.00550
5	0.00778	0.02005	0.84367	0.01105	0.01678	0.00900	0.01432	0.01228	0.00818	0.01228	0.00696	0.00818	0.00491	0.00368	0.00368	0.00123	0.00573	0.00286	0.00164	0.00573
6	0.00517	0.00369	0.00501	0.00590	0.00632	0.00353	0.00437	0.00616	0.00786	0.01039	0.02112	0.62361	0.02467	0.01173	0.00507	0.00164	0.00263	0.24426	0.00359	0.00327
7	0.01063	0.01165	0.01226	0.23554	0.19800	0.29986	0.02344	0.03642	0.03133	0.01097	0.00725	0.03130	0.00609	0.00429	0.00440	0.00119	0.06514	0.00336	0.00204	0.00487
8	0.00960	0.00921	0.01574	0.02380	0.83957	0.00921	0.01190	0.01190	0.00883	0.01267	0.00729	0.00960	0.00614	0.00345	0.00384	0.00115	0.00461	0.00345	0.00192	0.00614
9	0.00619	0.00442	0.00618	0.00708	0.00794	0.00441	0.00615	0.00793	0.00887	0.01154	0.02056	0.07394	0.02243	0.01076	0.00534	0.00178	0.00352	0.78382	0.00357	0.00355
10	0.00788	0.00716	0.01103	0.00917	0.02978	0.00732	0.20934	0.01313	0.28529	0.01493	0.33717	0.01906	0.01997	0.00577	0.00435	0.00127	0.00348	0.00544	0.00353	0.00493
11	0.01648	0.02406	0.01001	0.00747	0.01049	0.00659	0.04256	0.08851	0.01151	0.70594	0.01433	0.02440	0.00930	0.00479	0.00391	0.00120	0.00353	0.00396	0.00451	0.00646
12	0.00564	0.00376	0.00423	0.00423	0.00423	0.00376	0.00235	0.00564	0.00564	0.00752	0.01222	0.02537	0.01409	0.86375	0.01973	0.00376	0.00376	0.00564	0.00235	0.00235
13	0.00458	0.00393	0.00393	0.00393	0.00524	0.00327	0.00295	0.00556	0.00884	0.01047	0.03927	0.03731	0.83800	0.00982	0.00458	0.00131	0.00196	0.00818	0.00360	0.00327
14	0.00906	0.00958	0.07334	0.20649	0.50963	0.02346	0.04298	0.03579	0.00884	0.01225	0.00757	0.02981	0.00628	0.00381	0.00389	0.00120	0.00486	0.00362	0.00196	0.00558
15	0.00928	0.01009	0.02079	0.01851	0.25908	0.00963	0.58834	0.01227	0.00906	0.01249	0.00768	0.01021	0.00596	0.00332	0.00436	0.00126	0.00597	0.00425	0.00195	0.00549
16	0.00778	0.02005	0.84367	0.01105	0.01678	0.00900	0.01432	0.01228	0.00818	0.01228	0.00696	0.00818	0.00491	0.00368	0.00368	0.00123	0.00573	0.00286	0.00164	0.00573
17	0.01739	0.00660	0.00900	0.00690	0.00990	0.00570	0.00570	0.01889	0.01110	0.84226	0.01529	0.01320	0.00960	0.00480	0.00390	0.00120	0.00330	0.00390	0.00480	0.00660
18	0.00693	0.04405	0.20878	0.04280	0.04345	0.00667	0.09764	0.01760	0.02299	0.01154	0.03787	0.26148	0.02939	0.00752	0.00444	0.00142	0.00408	0.14418	0.00276	0.00441
19	0.00778	0.02005	0.84367	0.01105	0.01678	0.00900	0.01432	0.01228	0.00818	0.01228	0.00696	0.00818	0.00491	0.00368	0.00368	0.00123	0.00573	0.00286	0.00164	0.00573
20	0.00960	0.00921	0.01574	0.02380	0.83957	0.00921	0.01190	0.01190	0.00883	0.01267	0.00729	0.00960	0.00614	0.00345	0.00384	0.00115	0.00461	0.00345	0.00192	0.00614
21	0.08421	0.00678	0.00882	0.00681	0.00977	0.00610	0.00563	0.03998	0.01094	0.75718	0.01438	0.01256	0.00910	0.00470	0.00378	0.00120	0.00330	0.00375	0.00459	0.00641
22	0.00809	0.00774	0.01280	0.57760	0.25730	0.01837	0.01097	0.01051	0.00803	0.01067	0.00693	0.01002	0.00544	0.00386	0.00418	0.00126	0.03617	0.00344	0.00178	0.00483
23	0.00778	0.02005	0.84367	0.01105	0.01678	0.00900	0.01432	0.01228	0.00818	0.01228	0.00696	0.00818	0.00491	0.00368	0.00368	0.00123	0.00573	0.00286	0.00164	0.00573
24	0.00462	0.00391	0.00399	0.00401	0.00527	0.00328	0.00299	0.00563	0.00888	0.01065	0.06980	0.06114	0.78300	0.00981	0.00459	0.00131	0.00197	0.00822	0.00363	0.00328
25	0.00892	0.01097	0.17471	0.14081	0.21954	0.01758	0.20377	0.01172	0.00848	0.04403	0.00796	0.01108	0.00640	0.00417	0.00482	0.00130	0.07905	0.03738	0.00201	0.00530
26	0.00533	0.00409	0.00493	0.00514	0.00598	0.00387	0.00371	0.00725	0.07611	0.01215	0.25283	0.35551	0.21730	0.00984	0.00468	0.00140	0.00215	0.02036	0.00381	0.00357
27	0.00937	0.00894	0.01522	0.02294	0.80096	0.00893	0.01151	0.01160	0.00876	0.01254	0.00794	0.04903	0.00704	0.00386	0.00389	0.00117	0.00450	0.00380	0.00200	0.00600
28	0.03973	0.00689	0.00902	0.00698	0.00994	0.00622	0.00575	0.05617	0.04327	0.75077	0.01478	0.01289	0.00940	0.00478	0.00386	0.00120	0.00333	0.00385	0.00466	0.00652
29	0.01068	0.70471	0.06574	0.00744	0.01075	0.11195	0.02136	0.01211	0.00828	0.00940	0.00559	0.00649	0.00499	0.00342	0.00271	0.00088	0.00461	0.00221	0.00170	0.00497
30	0.00807	0.01799	0.66689	0.01219	0.01753	0.00918	0.18903	0.01231	0.00839	0.01231	0.00715	0.00867	0.00512	0.00359	0.00388	0.00124	0.00590	0.00323	0.00171	0.00562
31	0.00778	0.02005	0.84367	0.01105	0.01678	0.00900	0.01432	0.01228	0.00818	0.01228	0.00696	0.00818	0.00491	0.00368	0.00368	0.00123	0.00573	0.00286	0.00164	0.00573
32	0.00591	0.00397	0.00503	0.00497	0.00530	0.00415	0.00329	0.00646	0.00618	0.03005	0.04382	0.02194	0.01344	0.54031	0.28457	0.00439	0.00580	0.00517	0.00240	0.00287
33	0.01302	0.01291	0.30718	0.00925	0.01319	0.07431	0.04702	0.08861	0.02110	0.35842	0.01071	0.01046	0.00715	0.00426	0.00382	0.00120	0.00469	0.00342	0.00323	0.00605
34	0.00498	0.00438	0.00429	0.00428	0.00557	0.02811	0.00325	0.00604	0.00900	0.01072	0.07450	0.03629	0.74337	0.00960	0.00458	0.00132	0.00217	0.04064	0.00358	0.00334
35	0.00778	0.02005	0.84367	0.01105	0.01678	0.00900	0.01432	0.01228	0.00818	0.01228	0.00696	0.00818	0.00491	0.00368	0.00368	0.00123	0.00573	0.00286	0.00164	0.00573
36	0.00951	0.00912	0.01558	0.05611	0.80795	0.00919	0.01185	0.01182	0.00879	0.01256	0.00728	0.00962	0.00610	0.00347	0.00384	0.00116	0.00463	0.00345	0.00191	0.00607
37	0.05509	0.00876	0.00984	0.00778	0.01065	0.03083	0.00635	0.31762	0.12597	0.36709	0.01245	0.01145	0.00842	0.00473	0.00382	0.00120	0.00371	0.00370	0.00416	0.00637
38	0.03619	0.00989	0.03590	0.08389	0.53534	0.05422	0.02145	0.11835	0.01010	0.04641	0.00771	0.00950	0.00611	0.00373	0.00379	0.00116	0.00469	0.00338	0.00228	0.00591
39	0.00477	0.00372	0.00432	0.00474	0.00549	0.00332	0.00332	0.00575	0.02027	0.01034	0.04844	0.44496	0.38844	0.02714	0.00504	0.00149	0.00215	0.00946	0.00360	0.00325
40	0.00546	0.00393	0.00511	0.00488	0.00572	0.00364	0.00360	0.00716	0.01060	0.01497	0.76700	0.06800	0.03519	0.04142	0.00518	0.00133	0.00192	0.00715	0.00416	0.00358
41	0.00793	0.00729	0.01183	0.75260	0.08379	0.02630	0.01063	0.01043	0.00799	0.03450	0.00715	0.01030	0.00536	0.00388	0.00387	0.00127	0.00511	0.00344	0.00183	0.00451
42	0.01050	0.01148	0.08657	0.01330	0.03813	0.09317	0.44934	0.09339	0.06045	0.06211	0.00908	0.03812	0.00702	0.00402	0.00424	0.00125	0.00570	0.00425	0.00247	0.00542
43	0.00784	0.01961	0.80566	0.01129	0.01694	0.00904	0.05188	0.01228	0.00823	0.01228	0.00700	0.00829	0.00496	0.00366	0.00372	0.00123	0.00577	0.00294	0.00165	0.00571
44	0.02393	0.00848	0.01056	0.00863	0.01112	0.00922	0.11813	0.18632	0.40959	0.02744	0.01524	0.01485	0.08775	0.00522	0.00400	0.00126	0.00363	0.00450	0.04442	0.00570
45	0.04651	0.14244	0.01261	0.00857	0.01124	0.09620	0.10103	0.20339	0.02693	0.16604	0.03709	0.05112	0.03222	0.00497	0.00403	0.00117	0.02929	0.01658	0.00315	0.00540
46	0.03147	0.01049	0.00995	0.02201	0.01099	0.23534	0.00655	0.12415	0.02786	0.43916	0.01137	0.01071	0.00769	0.00459	0.00402	0.00116	0.02947	0.00342	0.00372	0.00587
47	0.00461	0.00390	0.00399	0.00407	0.00530	0.00328	0.00303	0.00558	0.00874	0.01045	0.03782	0.09394	0.77265	0.00999	0.00462	0.00133	0.00200	0.01784	0.00360	0.00327
48	0.01035	0.79637	0.06371	0.00697	0.01037	0.03942	0.00707	0.01176	0.00798	0.00930	0.00549	0.00635	0.00497	0.00336	0.00258	0.00086	0.00431	0.00213	0.00167	0.00500
49	0.04351	0.00840	0.01023	0.00806	0.01089	0.04452	0.05954	0.18553	0.11903	0.41537	0.03053	0.01975	0.01673	0.00483	0.00391	0.00121	0.00378	0.00397	0.00408	0.00616
50	0.01080	0.02496	0.03445	0.01015	0.01262	0.21210	0.21085	0.03854	0.15170	0.08588	0.06256	0.06827	0.01038	0.02136	0.00459	0.00128	0.02714	0.00443	0.00286	0.00506
51	0.00567	0.00418	0.00575	0.00573	0.00624	0.00469	0.00420	0.00681	0.02012	0.00879	0.01172	0.03184	0.02569	0.26319	0.54356	0.00514	0.02399	0.01724	0.00225	0.00320
52	0.02102	0.10482	0.55586	0.01034	0.02540	0.03133	0.05150	0.02402	0.00877	0.12004	0.00791	0.00872	0.00561	0.00379	0.00361	0.00118	0.00525	0.00300	0.00212	0.00570
53	0.00974	0.09459	0.02760	0.13571	0.44544	0.00929	0.05824	0.03621	0.00907	0.06797	0.02466	0.01159	0.00745	0.00404	0.00384	0.00118	0.00457	0.04098	0.00224	0.00558
54	0.00935	0.00897	0.01530	0.11185	0.75340	0.00915	0.01178	0.01169	0.00871	0.01237	0.00725	0.00967	0.00604	0.00350	0.00384	0.00117	0.00467	0.00345	0.00190	0.00595
55	0.00645	0.00496	0.00691	0.14860	0.03394	0.00527	0.01671	0.02768	0.02047	0.02669	0.05706	0.23083	0.05496	0.23944	0.00889	0.00207	0.02839	0.07426	0.00289	0.00354
56	0.00960	0.00919	0.01553	0.02334	0.81560	0.00922	0.01173	0.01215	0.03263	0.01277	0.00754	0.00974	0.00631	0.00351	0.00384	0.00116	0.00456	0.00348	0.00198	0.00614
57	0.08171	0.00985	0.05003	0.05516	0.22182	0.00924	0.42339	0.01262	0.02610	0.06012	0.00802	0.01005	0.00607	0.00351	0.00410	0.00125	0.00542	0.00393	0.00217	0.00544
58	0.01466	0.00655	0.02476	0.00665	0.00930	0.00565	0.00551	0.05798	0.01114	0.62126	0.10253	0.04247	0.06240	0.00563	0.00404	0.00122	0.00313	0.00466	0.00452	0.00597
59	0.03631	0.01266	0.30277	0.01777	0.03030	0.00915	0.03286	0.22952	0.10757	0.10753	0.01096	0.03605	0.02941	0.00473	0.00386	0.00124	0.00445	0.01396	0.00302	0.00587
60	0.00555	0.00411	0.00551	0.03878	0.00728	0.00400	0.00472	0.00709	0.02027	0.01191	0.21477	0.29367	0.08987	0.01009	0.00491	0.00152	0.00267	0.26608	0.00368	0.00350
61	0.01383	0.00992	0.03689	0.01169	0.15415	0.03142	0.07976	0.36464	0.01352	0.22922	0.01021	0.01036	0.00713	0.00432	0.00392	0.00118	0.00439	0.00364	0.00349	0.00632
62	0.00899	0.00980	0.02055	0.05744	0.13378	0.00938	0.63703	0.01191	0.00889	0.01213	0.00787	0.02213	0.00618	0.00375	0.00476	0.02780	0.00605	0.00442	0.00196	0.00518
63	0.00914	0.00979	0.01979	0.08605	0.27112	0.00953	0.51135	0.01206	0.00894	0.01229	0.00760	0.01018	0.00590	0.00337	0.00429	0.00126	0.00584	0.00414	0.00193	0.00543
64	0.00458	0.00393	0.00393	0.00393	0.00524	0.00327	0.00295	0.00556	0.00884	0.01047	0.03927	0.03731	0.83800	0.00982	0.00458	0.00131	0.00196	0.00818	0.00360	0.00327
65	0.03285	0.00791	0.00899	0.00809	0.04212	0.02568	0.00613	0.05355	0.44448	0.25606	0.04283	0.03171	0.01155	0.00520	0.00392	0.00126	0.00327	0.00430	0.00404	0.00606
66	0.00892	0.00869	0.01585	0.21417	0.35164	0.00891	0.22868	0.01171	0.03017	0.03082	0.00890	0.01159	0.03059	0.00389	0.00410	0.00125	0.00509	0.01761	0.00208	0.00535
67	0.01474	0.01086	0.01163	0.00892	0.01202	0.01202	0.00737	0.82664	0.01823	0.02443	0.00931	0.00931	0.00659	0.00465	0.00388	0.00116	0.00427	0.00349	0.00388	0.00659
68	0.04511	0.01061	0.00919	0.00827	0.01044	0.19723	0.00638	0.03271	0.60288	0.01490	0.01308	0.01239	0.00992	0.00490	0.00378	0.00124	0.00396	0.00386	0.00345	0.00570
69	0.00617	0.00497	0.00758	0.00663	0.00801	0.00459	0.12279	0.00773	0.00931	0.04493	0.27708	0.19125	0.23734	0.00852	0.00478	0.00135	0.01707	0.03248	0.00358	0.00381
70	0.05575	0.00801	0.00891	0.00795	0.04867	0.04876	0.00601	0.13868	0.20967	0.28264	0.01571	0.05362	0.08730	0.00554	0.00392	0.00124	0.00344	0.00451	0.00390	0.00577
71	0.01448	0.01848	0.01099	0.00999	0.01199	0.84819	0.00749	0.01548	0.01099	0.00949	0.00599	0.00699	0.00499	0.00400	0.00350	0.00100	0.00699	0.00250	0.00200	0.00449
72	0.00964	0.00939	0.01541	0.05976	0.77921	0.03429	0.01172	0.01192	0.00884	0.01245	0.00724	0.00955	0.00606	0.00349	0.00383	0.00115	0.00470	0.00343	0.00191	0.00601
73	0.01157	0.00815	0.00893	0.00773	0.01000	0.04182	0.00624	0.18378	0.31950	0.16803	0.02845	0.01749	0.02926	0.00649	0.02628	0.00144	0.00373	0.11148	0.00391	0.00574
74	0.00732	0.00689	0.01163	0.85444	0.02670	0.00861	0.01077	0.00991	0.00775	0.00991	0.00689	0.01034	0.00517	0.00388	0.00388	0.00129	0.00517	0.00345	0.00172	0.00431
75	0.00472	0.00338	0.00449	0.00538	0.00562	0.00315	0.00359	0.00540	0.00744	0.00990	0.02161	0.84994	0.03676	0.01211	0.00494	0.00157	0.00225	0.01098	0.00360	0.00315
76	0.00869	0.00917	0.05307	0.35102	0.37182	0.03105	0.09686	0.01127	0.00846	0.01145	0.00714	0.00985	0.00564	0.00363	0.00391	0.00122	0.00515	0.00352	0.00183	0.00526
77	0.00558	0.00415	0.00550	0.00524	0.00627	0.00374	0.03390	0.00701	0.00964	0.03675	0.41654	0.20520	0.22790	0.00901	0.00463	0.00132	0.00217	0.00796	0.00389	0.00360
78	0.00472	0.00337	0.00450	0.00540	0.00562	0.00315	0.00360	0.00540	0.00742	0.00990	0.02137	0.86122	0.02564	0.01215	0.00495	0.00157	0.00225	0.01102	0.00360	0.00315
79	0.14486	0.01014	0.03636	0.00969	0.02524	0.04900	0.13671	0.30683	0.08026	0.08943	0.00899	0.00961	0.00658	0.00441	0.00437	0.00124	0.06401	0.00349	0.00310	0.00568
80	0.01322	0.00852	0.07785	0.05586	0.04496	0.00758	0.03417	0.12531	0.11149	0.38965	0.03798	0.01353	0.02460	0.00488	0.00395	0.00123	0.00378	0.01925	0.01618	0.00603
81	0.00780	0.00738	0.01250	0.67821	0.19916	0.00874	0.01101	0.01033	0.00798	0.01049	0.00698	0.01018	0.00537	0.00379	0.00387	0.00126	0.00505	0.00345	0.00176	0.00470
82	0.00891	0.11704	0.34853	0.01288	0.01739	0.03524	0.38040	0.01236	0.00867	0.01188	0.00714	0.00894	0.00536	0.00346	0.00394	0.00121	0.00594	0.00353	0.00180	0.00538
83	0.00856	0.04222	0.57296	0.01239	0.07631	0.00926	0.13726	0.01280	0.04370	0.03715	0.00770	0.00899	0.00559	0.00369	0.00381	0.00123	0.00554	0.00324	0.00190	0.00570
84	0.00650	0.00501	0.00657	0.00642	0.00708	0.01509	0.01621	0.03709	0.00855	0.03144	0.18166	0.37003	0.03887	0.02221	0.01782	0.00157	0.13552	0.05674	0.03193	0.00371
85	0.00472	0.00340	0.00447	0.00533	0.00561	0.00315	0.00357	0.00541	0.00749	0.00992	0.02220	0.82307	0.06326	0.01204	0.00493	0.00156	0.00224	0.01089	0.00360	0.00315
86	0.01061	0.37940	0.16269	0.00969	0.01322	0.16768	0.14258	0.01283	0.01863	0.03011	0.00653	0.00769	0.00531	0.00360	0.00340	0.00103	0.01525	0.00279	0.00187	0.00510
87	0.06522	0.28328	0.21361	0.01914	0.05770	0.11394	0.03704	0.10299	0.03424	0.02922	0.00699	0.00789	0.00549	0.00375	0.00328	0.00107	0.00489	0.00276	0.00214	0.00536
88	0.00482	0.00376	0.00441	0.00468	0.00554	0.00335	0.00338	0.00586	0.00865	0.01108	0.15964	0.31309	0.40474	0.01070	0.02137	0.00149	0.00224	0.02423	0.00368	0.00330
89	0.00582	0.00392	0.00444	0.00439	0.00447	0.00396	0.00253	0.02277	0.00592	0.00791	0.01210	0.02473	0.01381	0.82096	0.04412	0.00378	0.00397	0.00555	0.00237	0.00247
90	0.01998	0.19344	0.45647	0.00986	0.01431	0.03350	0.05628	0.08361	0.03350	0.03239	0.00748	0.02018	0.00573	0.00390	0.00361	0.00115	0.01401	0.00302	0.00205	0.00555
91	0.01042	0.08159	0.23606	0.07546	0.08206	0.01903	0.09444	0.06710	0.07120	0.14756	0.02652	0.02172	0.00747	0.00429	0.00416	0.00122	0.03785	0.00360	0.00262	0.00562
92	0.01496	0.00674	0.00866	0.00694	0.00962	0.00632	0.00563	0.01836	0.17336	0.61657	0.07757	0.01464	0.01208	0.00513	0.00396	0.00122	0.00314	0.00423	0.00459	0.00628
93	0.05549	0.02411	0.11690	0.33291	0.23322	0.03396	0.05987	0.02157	0.01684	0.03313	0.02171	0.01950	0.00634	0.00390	0.00380	0.00123	0.00493	0.00349	0.00201	0.00511
94	0.06215	0.04639	0.14866	0.02408	0.31471	0.05271	0.06279	0.10681	0.04201	0.09054	0.00831	0.00945	0.00629	0.00385	0.00372	0.00117	0.00471	0.00333	0.00246	0.00584
95	0.04214	0.05308	0.14013	0.10994	0.34407	0.02705	0.10337	0.05791	0.00913	0.04015	0.00785	0.03377	0.00636	0.00389	0.00381	0.00119	0.00490	0.00359	0.00212	0.00556
96	0.00478	0.00349	0.00450	0.00518	0.00559	0.00321	0.00353	0.00559	0.00791	0.01049	0.09902	0.69025	0.11921	0.01149	0.00487	0.00151	0.00218	0.01033	0.00366	0.00321
97	0.08533	0.07285	0.01056	0.02418	0.15049	0.04362	0.01634	0.11056	0.07381	0.15127	0.03366	0.04567	0.05697	0.03858	0.00467	0.00131	0.03064	0.02832	0.00310	0.01809

[dist]
# distance from previous block
# <min> <max>
2	15

[block]
# block no. 1 follows, 70 sequences, length 20
# corresponding to MSA columns:
# 509-527,531
name=unknown_B
#
# <colnr> <probs for GDERKNQSTAVLIFYWHMCP>
#	G	D	E	R	K	N	Q	S	T	A	V	L	I	F	Y	W	H	M	C	P
0	0.01098	0.51978	0.07774	0.00980	0.12460	0.08984	0.00802	0.07477	0.00920	0.03425	0.00640	0.00733	0.00538	0.00357	0.00300	0.00095	0.00457	0.00252	0.00198	0.00532
1	0.06469	0.01074	0.16029	0.03682	0.29152	0.00879	0.12390	0.05711	0.05230	0.08811	0.02287	0.01011	0.00688	0.00382	0.00381	0.00118	0.00464	0.00352	0.00243	0.04647
2	0.11761	0.13577	0.05421	0.01045	0.16204	0.02614	0.02618	0.12097	0.02869	0.23061	0.01917	0.00979	0.00708	0.00405	0.00347	0.00112	0.00399	0.00321	0.00302	0.03244
3	0.02482	0.03742	0.08465	0.21494	0.35890	0.03753	0.08019	0.01235	0.04251	0.05815	0.00787	0.00987	0.00610	0.00372	0.00382	0.00120	0.00490	0.00346	0.00210	0.00549
4	0.00561	0.00466	0.03278	0.00638	0.00724	0.00498	0.00515	0.00709	0.00629	0.00910	0.01028	0.01501	0.00954	0.02827	0.82161	0.00607	0.01024	0.00411	0.00206	0.00353
5	0.02226	0.01009	0.12801	0.08398	0.24109	0.02769	0.12407	0.05259	0.08555	0.07973	0.05512	0.03162	0.00887	0.00432	0.00395	0.00122	0.00456	0.00399	0.02575	0.00552
6	0.10018	0.08571	0.10522	0.03900	0.12687	0.01703	0.13729	0.04403	0.07661	0.07398	0.00825	0.00933	0.00629	0.00367	0.00352	0.00109	0.00435	0.00321	0.00243	0.15195
7	0.00608	0.00431	0.00519	0.00507	0.00604	0.00411	0.00370	0.00799	0.07159	0.05013	0.30192	0.14818	0.19997	0.11939	0.03126	0.00178	0.00261	0.02332	0.00370	0.00365
8	0.00495	0.00366	0.00512	0.00579	0.00620	0.00343	0.02653	0.00579	0.00761	0.01011	0.02135	0.75815	0.04396	0.01174	0.00496	0.00158	0.00246	0.06981	0.00355	0.00324
9	0.02147	0.01034	0.15915	0.07534	0.35540	0.01887	0.06272	0.02409	0.04615	0.06992	0.07185	0.02286	0.00894	0.00424	0.00402	0.00121	0.01615	0.00384	0.01788	0.00557
10	0.41429	0.06233	0.03782	0.03919	0.05999	0.17986	0.01951	0.11017	0.00929	0.02671	0.00638	0.00736	0.00497	0.00380	0.00304	0.00114	0.00436	0.00257	0.00240	0.00481
11	0.00521	0.00366	0.00481	0.00549	0.00591	0.00346	0.00379	0.00632	0.02956	0.02589	0.10490	0.71407	0.02601	0.01136	0.00488	0.00153	0.00229	0.03384	0.00370	0.00335
12	0.00515	0.00403	0.00446	0.00446	0.00563	0.00352	0.00333	0.00648	0.02401	0.02816	0.18747	0.11536	0.55640	0.00952	0.00461	0.00133	0.00205	0.02681	0.00376	0.00346
13	0.00530	0.00487	0.06146	0.02421	0.00702	0.00400	0.00457	0.00687	0.03916	0.01131	0.16526	0.59352	0.03697	0.01035	0.00473	0.00147	0.00250	0.00930	0.00356	0.00355
14	0.00827	0.01662	0.54999	0.01294	0.01803	0.00929	0.30455	0.01233	0.00853	0.01233	0.00727	0.00900	0.00526	0.00353	0.00400	0.00126	0.00602	0.00348	0.00175	0.00555
15	0.54622	0.00749	0.00707	0.00591	0.00845	0.00813	0.00486	0.10579	0.00911	0.20756	0.03146	0.00904	0.00674	0.00414	0.00298	0.00119	0.00315	0.00284	0.02288	0.00499
16	0.00688	0.00416	0.00537	0.00559	0.00631	0.00395	0.00399	0.00797	0.02949	0.11953	0.03715	0.42744	0.04287	0.17211	0.02109	0.00201	0.00295	0.09402	0.00352	0.00359
17	0.00530	0.00416	0.02688	0.00567	0.00619	0.00402	0.00416	0.00626	0.00680	0.00940	0.01564	0.38959	0.01750	0.14452	0.30052	0.00350	0.00541	0.02357	0.01768	0.00322
18	0.02015	0.01623	0.01226	0.11189	0.11648	0.00753	0.15298	0.04903	0.05001	0.29179	0.01302	0.05449	0.04775	0.00524	0.01383	0.00132	0.00427	0.02294	0.00326	0.00553
19	0.00485	0.00353	0.00460	0.00540	0.00580	0.00328	0.00377	0.00565	0.00771	0.01011	0.02316	0.70154	0.11019	0.01177	0.00495	0.00157	0.00234	0.08300	0.00360	0.00320

[dist]
# distance from previous block
# <min> <max>
0	1

[block]
# block no. 2 follows, 70 sequences, length 32
# corresponding to MSA columns:
# 533-564
name=unknown_C
#
# <colnr> <probs for GDERKNQSTAVLIFYWHMCP>
#	G	D	E	R	K	N	Q	S	T	A	V	L	I	F	Y	W	H	M	C	P
0	0.05237	0.01514	0.00747	0.00729	0.00842	0.15254	0.02781	0.02603	0.00879	0.04751	0.01577	0.31017	0.01707	0.00874	0.00488	0.00147	0.04121	0.22581	0.01762	0.00390
1	0.00846	0.07580	0.73497	0.01057	0.01596	0.00947	0.01332	0.04507	0.00864	0.03282	0.00715	0.00822	0.00510	0.00372	0.00362	0.00120	0.00551	0.00286	0.00181	0.00574
2	0.06530	0.08788	0.05216	0.02048	0.11463	0.06175	0.00682	0.10332	0.02675	0.05460	0.00753	0.00846	0.00594	0.00350	0.00321	0.00089	0.00383	0.00272	0.00247	0.36774
3	0.01038	0.12161	0.11993	0.03496	0.30516	0.06711	0.06839	0.10608	0.02708	0.04473	0.05181	0.01012	0.00763	0.00396	0.00372	0.00113	0.00474	0.00345	0.00235	0.00565
4	0.03651	0.00422	0.00510	0.00487	0.00602	0.00384	0.00367	0.00767	0.00992	0.07375	0.45596	0.10848	0.23812	0.00847	0.00450	0.00128	0.00207	0.01779	0.00400	0.00374
5	0.00838	0.00758	0.03934	0.00948	0.07690	0.00725	0.14866	0.06456	0.19268	0.04961	0.14677	0.03896	0.16432	0.00651	0.02015	0.00137	0.00370	0.00547	0.00333	0.00498
6	0.00580	0.00403	0.00503	0.00481	0.00585	0.00363	0.00360	0.00732	0.01020	0.05386	0.55093	0.10408	0.20925	0.00856	0.00458	0.00127	0.00197	0.00747	0.00409	0.00367
7	0.00878	0.00825	0.03009	0.36673	0.17776	0.02467	0.06295	0.08514	0.02104	0.02827	0.00876	0.03150	0.02724	0.00562	0.04598	0.00152	0.05475	0.00385	0.00218	0.00494
8	0.08174	0.00579	0.00705	0.00595	0.00787	0.00563	0.00472	0.05287	0.04270	0.32567	0.24122	0.03818	0.03237	0.02588	0.00445	0.00126	0.02111	0.00487	0.08567	0.00500
9	0.00746	0.00692	0.01132	0.70042	0.07892	0.00838	0.01015	0.01038	0.05116	0.01063	0.03863	0.03370	0.00729	0.00429	0.00393	0.00129	0.00482	0.00383	0.00200	0.00447
10	0.02724	0.01175	0.23163	0.01526	0.33988	0.00865	0.06753	0.05662	0.02472	0.05780	0.00785	0.00929	0.00603	0.00360	0.00371	0.00112	0.00467	0.00325	0.00220	0.11720
11	0.04264	0.00826	0.03799	0.15210	0.17856	0.00802	0.11744	0.07713	0.02600	0.20225	0.03829	0.01228	0.02380	0.00433	0.00392	0.00121	0.00432	0.01452	0.02497	0.02196
12	0.01036	0.86609	0.02032	0.00663	0.00995	0.01534	0.00663	0.01161	0.00788	0.00912	0.00539	0.00622	0.00498	0.00332	0.00249	0.00083	0.00415	0.00207	0.00166	0.00498
13	0.00835	0.00704	0.05660	0.06713	0.12415	0.01399	0.04551	0.04219	0.02697	0.09978	0.18156	0.05745	0.05805	0.03545	0.09731	0.00188	0.03753	0.01366	0.02077	0.00463
14	0.03076	0.35583	0.20907	0.01047	0.09659	0.01149	0.09268	0.05363	0.00890	0.07045	0.00712	0.00814	0.00558	0.00358	0.00329	0.00105	0.00470	0.00286	0.00207	0.02173
15	0.00654	0.00441	0.00574	0.00582	0.02020	0.00410	0.01954	0.00821	0.05281	0.09409	0.19064	0.38311	0.17088	0.00946	0.00462	0.00139	0.00238	0.00838	0.00381	0.00387
16	0.00895	0.00476	0.00619	0.00548	0.00701	0.00427	0.00423	0.01063	0.02279	0.26188	0.42493	0.10037	0.10770	0.00752	0.00440	0.00126	0.00234	0.00652	0.00429	0.00449
17	0.03659	0.02850	0.18561	0.07438	0.35391	0.07494	0.07257	0.01236	0.04014	0.02693	0.01897	0.02733	0.00671	0.00388	0.00379	0.00118	0.00495	0.00350	0.00207	0.02170
18	0.07944	0.03224	0.09086	0.05947	0.27817	0.03078	0.05441	0.23607	0.01126	0.05743	0.00799	0.00921	0.00604	0.00389	0.00370	0.00116	0.00457	0.00330	0.00261	0.02740
19	0.01358	0.00593	0.00787	0.00657	0.00883	0.00534	0.00525	0.04349	0.02592	0.55642	0.04640	0.16596	0.02683	0.01911	0.00442	0.00133	0.00309	0.04363	0.00441	0.00561
20	0.03275	0.00522	0.00655	0.00643	0.05692	0.00477	0.01837	0.02747	0.02597	0.19294	0.09221	0.10829	0.36038	0.03808	0.00487	0.00137	0.00267	0.00665	0.00372	0.00435
21	0.04962	0.24535	0.25150	0.01073	0.10378	0.01052	0.08926	0.05925	0.01714	0.05448	0.02587	0.00878	0.00628	0.00370	0.00341	0.00108	0.00467	0.00301	0.00214	0.04944
22	0.02867	0.24840	0.21894	0.02621	0.06324	0.04871	0.09549	0.09045	0.00967	0.12355	0.00790	0.00869	0.00589	0.00378	0.00347	0.00110	0.00484	0.00304	0.00236	0.00558
23	0.01426	0.00590	0.00788	0.00631	0.00880	0.00512	0.00511	0.01572	0.01072	0.63220	0.11345	0.05066	0.09434	0.00594	0.00408	0.00123	0.00296	0.00496	0.00457	0.00580
24	0.01152	0.00864	0.07638	0.03122	0.16698	0.00774	0.05211	0.12187	0.07940	0.24493	0.06553	0.03608	0.04833	0.00514	0.00405	0.00124	0.00389	0.02574	0.00344	0.00577
25	0.03676	0.02818	0.13590	0.03859	0.40713	0.05086	0.04465	0.05553	0.06237	0.07646	0.00844	0.00980	0.00650	0.00382	0.00376	0.00117	0.00467	0.00340	0.01619	0.00585
26	0.01693	0.04978	0.45625	0.06361	0.04101	0.05149	0.05963	0.04520	0.04462	0.03931	0.06710	0.01101	0.02860	0.00426	0.00379	0.00121	0.00506	0.00351	0.00222	0.00539
27	0.00557	0.00401	0.00557	0.00560	0.00609	0.00446	0.00407	0.00656	0.00615	0.00873	0.01131	0.04709	0.01146	0.25764	0.57411	0.00528	0.00811	0.00479	0.02026	0.00315
28	0.03296	0.01107	0.15718	0.03220	0.55883	0.02395	0.01145	0.02880	0.04247	0.03689	0.00773	0.00951	0.00616	0.00371	0.00394	0.00118	0.02058	0.00335	0.00208	0.00595
29	0.00944	0.09187	0.41552	0.01346	0.20807	0.00973	0.05124	0.06478	0.03922	0.04936	0.00777	0.00897	0.00582	0.00374	0.00369	0.00118	0.00507	0.00315	0.00209	0.00584
30	0.00877	0.01004	0.14011	0.01385	0.29083	0.03687	0.08301	0.05572	0.05141	0.03364	0.02901	0.05592	0.14249	0.00530	0.00428	0.00124	0.02499	0.00469	0.00256	0.00527
31	0.01131	0.00809	0.00882	0.00755	0.00974	0.03717	0.00602	0.24887	0.25358	0.12928	0.08475	0.05828	0.02282	0.02686	0.00451	0.00135	0.00348	0.06803	0.00391	0.00559

[dist]
# distance from previous block
# <min> <max>
15	43

[block]
# block no. 3 follows, 70 sequences, length 8
# corresponding to MSA columns:
# 615-622
name=unknown_D
#
# <colnr> <probs for GDERKNQSTAVLIFYWHMCP>
#	G	D	E	R	K	N	Q	S	T	A	V	L	I	F	Y	W	H	M	C	P
0	0.06063	0.00784	0.00834	0.00686	0.00906	0.00842	0.00549	0.42947	0.04062	0.04157	0.04893	0.05663	0.11431	0.03299	0.00433	0.00126	0.00333	0.00464	0.11003	0.00524
1	0.01433	0.00706	0.00904	0.02690	0.03471	0.02585	0.00603	0.07453	0.03969	0.53698	0.01491	0.05860	0.03823	0.00545	0.00423	0.00123	0.02863	0.02994	0.00415	0.03949
2	0.89114	0.00750	0.00570	0.00510	0.00750	0.00870	0.00420	0.01140	0.00660	0.01739	0.00540	0.00630	0.00420	0.00360	0.00240	0.00120	0.00300	0.00210	0.00240	0.00420
3	0.89114	0.00750	0.00570	0.00510	0.00750	0.00870	0.00420	0.01140	0.00660	0.01739	0.00540	0.00630	0.00420	0.00360	0.00240	0.00120	0.00300	0.00210	0.00240	0.00420
4	0.00616	0.00409	0.00526	0.00494	0.00594	0.00374	0.00368	0.00776	0.01038	0.06896	0.63874	0.07624	0.09585	0.04472	0.00520	0.00135	0.00204	0.00707	0.00413	0.00374
5	0.00729	0.00557	0.00698	0.04171	0.08397	0.00552	0.00505	0.10624	0.03448	0.04258	0.20040	0.06792	0.27545	0.06288	0.02072	0.00152	0.00298	0.02104	0.00349	0.00421
6	0.03926	0.00409	0.00490	0.00496	0.00597	0.00375	0.00370	0.00704	0.00921	0.04847	0.29299	0.23157	0.26343	0.00936	0.00460	0.00136	0.00218	0.05576	0.00382	0.00357
7	0.00871	0.00674	0.00752	0.00688	0.02264	0.02289	0.00521	0.17352	0.21247	0.03064	0.20459	0.09524	0.09994	0.02391	0.00501	0.03694	0.00298	0.02565	0.00375	0.00477

[dist]
# distance from previous block
# <min> <max>
0	2

[block]
# block no. 4 follows, 70 sequences, length 40
# corresponding to MSA columns:
# 625-664
name=unknown_E
#
# <colnr> <probs for GDERKNQSTAVLIFYWHMCP>
#	G	D	E	R	K	N	Q	S	T	A	V	L	I	F	Y	W	H	M	C	P
0	0.20227	0.05088	0.01026	0.04217	0.07420	0.25236	0.01480	0.10098	0.10985	0.04703	0.00812	0.00928	0.00645	0.03606	0.00414	0.00124	0.01925	0.00305	0.00261	0.00500
1	0.70176	0.01911	0.00711	0.05587	0.02775	0.02472	0.00514	0.07752	0.00785	0.03510	0.00607	0.00701	0.00463	0.00373	0.00269	0.00119	0.00336	0.00237	0.00250	0.00451
2	0.00883	0.00843	0.01435	0.30389	0.56547	0.00901	0.01152	0.01123	0.00846	0.01173	0.00716	0.00984	0.00581	0.00360	0.00385	0.00120	0.00480	0.00345	0.00185	0.00552
3	0.00460	0.00393	0.00396	0.00395	0.00525	0.00328	0.00296	0.00561	0.00889	0.01059	0.05832	0.03711	0.81887	0.00977	0.00458	0.00131	0.00196	0.00815	0.00362	0.00328
4	0.00897	0.13670	0.28723	0.08000	0.09168	0.02207	0.00974	0.05866	0.17352	0.01334	0.07291	0.01112	0.00898	0.00433	0.00367	0.00118	0.00445	0.00351	0.00247	0.00549
5	0.00504	0.00387	0.00452	0.00451	0.00551	0.00345	0.00333	0.00635	0.00942	0.01246	0.34657	0.13517	0.38698	0.00959	0.02053	0.00139	0.00210	0.00788	0.02791	0.00342
6	0.01205	0.45420	0.01561	0.00805	0.01074	0.36101	0.00692	0.03550	0.02336	0.00990	0.01616	0.00745	0.01680	0.00381	0.00302	0.00093	0.00526	0.00247	0.00196	0.00480
7	0.01448	0.01848	0.01099	0.00999	0.01199	0.84819	0.00749	0.01548	0.01099	0.00949	0.00599	0.00699	0.00499	0.00400	0.00350	0.00100	0.00699	0.00250	0.00200	0.00449
8	0.00976	0.00839	0.00883	0.00791	0.01013	0.00970	0.00616	0.03911	0.81387	0.01641	0.01563	0.01435	0.01171	0.00525	0.00394	0.00131	0.00310	0.00436	0.00394	0.00615
9	0.00495	0.00349	0.00444	0.00509	0.00530	0.00330	0.00330	0.00550	0.00713	0.00950	0.03950	0.63151	0.03990	0.20818	0.00834	0.00206	0.00258	0.00963	0.00333	0.00298
10	0.04384	0.25605	0.55062	0.02647	0.01475	0.01077	0.02394	0.01201	0.00804	0.01155	0.00647	0.00764	0.00492	0.00357	0.00331	0.00112	0.00518	0.00265	0.00168	0.00542
11	0.00995	0.01599	0.57565	0.01010	0.01491	0.00838	0.04303	0.03607	0.04135	0.17428	0.00915	0.00966	0.00629	0.00399	0.00375	0.00122	0.00506	0.00322	0.02208	0.00587
12	0.00732	0.00689	0.01163	0.85444	0.02670	0.00861	0.01077	0.00991	0.00775	0.00991	0.00689	0.01034	0.00517	0.00388	0.00388	0.00129	0.00517	0.00345	0.00172	0.00431
13	0.00472	0.00337	0.00450	0.00540	0.00562	0.00315	0.00360	0.00540	0.00742	0.00990	0.02137	0.86122	0.02564	0.01215	0.00495	0.00157	0.00225	0.01102	0.00360	0.00315
14	0.01869	0.05418	0.09334	0.29508	0.23866	0.04722	0.02883	0.06556	0.03981	0.04951	0.02758	0.01018	0.00668	0.00394	0.00378	0.00120	0.00481	0.00343	0.00221	0.00530
15	0.00475	0.00355	0.00444	0.00512	0.00563	0.00323	0.00355	0.00555	0.00782	0.01011	0.02560	0.63008	0.21933	0.01153	0.00488	0.00152	0.00224	0.04427	0.00360	0.00320
16	0.00617	0.00375	0.00499	0.00551	0.00607	0.00345	0.00381	0.00699	0.00795	0.10016	0.04804	0.72454	0.02396	0.01106	0.00478	0.00151	0.00234	0.00997	0.02140	0.00355
17	0.00979	0.02674	0.41237	0.02204	0.08623	0.06563	0.12914	0.15623	0.01028	0.01412	0.00756	0.00914	0.00567	0.02301	0.00419	0.00126	0.00550	0.00331	0.00215	0.00566
18	0.00929	0.21051	0.34053	0.00932	0.01317	0.01026	0.06959	0.03601	0.07959	0.06414	0.02359	0.01057	0.04694	0.00436	0.00412	0.00118	0.05578	0.00338	0.00227	0.00539
19	0.00979	0.12093	0.27257	0.11005	0.09708	0.04504	0.05832	0.10285	0.07239	0.04336	0.00835	0.02775	0.00647	0.00408	0.00369	0.00118	0.00492	0.00338	0.00229	0.00553
20	0.04176	0.00624	0.00814	0.00731	0.02770	0.02000	0.00591	0.03713	0.01034	0.47969	0.02822	0.05312	0.01380	0.00672	0.00431	0.00138	0.00343	0.23519	0.00418	0.00544
21	0.00552	0.00358	0.00478	0.00549	0.00589	0.00331	0.00373	0.00624	0.00765	0.06192	0.02099	0.80822	0.02464	0.01169	0.00488	0.00155	0.00231	0.01058	0.00367	0.00336
22	0.00804	0.00689	0.00804	0.00574	0.00919	0.00517	0.00459	0.00976	0.00804	0.01263	0.00689	0.00804	0.00574	0.00287	0.00287	0.00057	0.00287	0.00230	0.00230	0.88745
23	0.02850	0.01142	0.27455	0.02360	0.03800	0.00766	0.04154	0.08442	0.02602	0.37465	0.04279	0.01151	0.00850	0.00442	0.00385	0.00121	0.00429	0.00364	0.00338	0.00605
24	0.00488	0.00391	0.00438	0.00442	0.00553	0.00341	0.00332	0.00607	0.00922	0.01166	0.22335	0.10559	0.54428	0.00961	0.00465	0.00133	0.00203	0.04523	0.00375	0.00337
25	0.03470	0.00691	0.01144	0.82813	0.02611	0.00862	0.01056	0.00995	0.00772	0.01014	0.00684	0.01021	0.00514	0.00387	0.00383	0.00129	0.00510	0.00340	0.00174	0.00430
26	0.00762	0.00930	0.19856	0.04489	0.05543	0.03266	0.02700	0.01095	0.11823	0.04615	0.11198	0.19679	0.03080	0.05154	0.00521	0.00146	0.02151	0.02231	0.00296	0.00463
27	0.01029	0.12986	0.19619	0.02289	0.02541	0.05533	0.00798	0.02575	0.22737	0.14057	0.03431	0.07185	0.01019	0.00510	0.00376	0.00121	0.00406	0.01934	0.00304	0.00551
28	0.00478	0.00344	0.00454	0.00540	0.00570	0.00320	0.00367	0.00551	0.00754	0.00999	0.02207	0.79619	0.05876	0.01200	0.00495	0.00157	0.00229	0.04164	0.00360	0.00317
29	0.00563	0.00379	0.00438	0.00438	0.00444	0.00384	0.00254	0.00574	0.00568	0.00763	0.01207	0.02459	0.01375	0.79931	0.08371	0.00395	0.00427	0.00552	0.00233	0.00243
30	0.85592	0.04183	0.00628	0.00516	0.00760	0.00896	0.00430	0.01140	0.00665	0.01706	0.00540	0.00629	0.00423	0.00359	0.00240	0.00118	0.00304	0.00210	0.00237	0.00423
31	0.01712	0.01836	0.09602	0.03124	0.27124	0.00754	0.02501	0.02842	0.00850	0.02033	0.01066	0.01200	0.09906	0.00428	0.00419	0.00104	0.06125	0.00356	0.00225	0.27792
32	0.01457	0.01573	0.01122	0.00960	0.01200	0.54637	0.00745	0.30827	0.01360	0.01488	0.00719	0.00783	0.00557	0.00423	0.00363	0.00106	0.00601	0.00286	0.00268	0.00525
33	0.00927	0.01023	0.18338	0.01109	0.17319	0.00718	0.05268	0.02690	0.01749	0.08883	0.03363	0.00971	0.00704	0.00357	0.00350	0.00096	0.00403	0.00310	0.00240	0.35183
34	0.01356	0.01560	0.01069	0.00949	0.01162	0.58500	0.00725	0.11414	0.15723	0.01248	0.00811	0.00862	0.00640	0.00434	0.00377	0.00109	0.02005	0.00297	0.00256	0.00503
35	0.00741	0.00698	0.01178	0.82358	0.05690	0.00864	0.01081	0.00998	0.00779	0.01001	0.00691	0.01031	0.00520	0.00386	0.00387	0.00129	0.00515	0.00345	0.00173	0.00437
36	0.00957	0.00892	0.01496	0.09396	0.71871	0.00910	0.01144	0.01223	0.04172	0.03061	0.00777	0.00993	0.00636	0.00359	0.00385	0.00117	0.00456	0.00350	0.00205	0.00599
37	0.00593	0.00425	0.00505	0.00488	0.00490	0.00461	0.00303	0.00604	0.00568	0.00774	0.01145	0.02341	0.01307	0.75721	0.03797	0.00360	0.09094	0.00537	0.00228	0.00257
38	0.00656	0.04046	0.03523	0.01601	0.03155	0.04445	0.00481	0.00761	0.01733	0.00882	0.01061	0.04400	0.01099	0.34715	0.31458	0.00402	0.04557	0.00468	0.00219	0.00337
39	0.01087	0.51254	0.03055	0.00789	0.01078	0.12734	0.03227	0.05074	0.13027	0.01108	0.00727	0.00793	0.00609	0.00389	0.00337	0.00099	0.03615	0.00268	0.00215	0.00515

[dist]
# distance from previous block
# <min> <max>
0	0

# created by:
# /home/cegg/simao/soft/augustus-3.2.1/scripts/msa2prfl.pl ./align_prep/EOG092C54E5.fa
