[name]
unknown

[dist]
# distance from previous block
# <min> <max>
0	133

[block]
# block no. 0 follows, 59 sequences, length 7
# corresponding to MSA columns:
# 133-139
name=unknown_A
#
# <colnr> <probs for GDERKNQSTAVLIFYWHMCP>
#	G	D	E	R	K	N	Q	S	T	A	V	L	I	F	Y	W	H	M	C	P
0	0.00944	0.00742	0.00895	0.00755	0.01015	0.00700	0.01958	0.09085	0.09407	0.03134	0.04350	0.02156	0.06173	0.00779	0.04421	0.00153	0.01835	0.15409	0.03733	0.32355
1	0.08637	0.00557	0.00594	0.00562	0.00642	0.00578	0.00367	0.05742	0.05720	0.01184	0.01472	0.07449	0.04105	0.56199	0.01630	0.00331	0.00399	0.00617	0.00303	0.02911
2	0.03291	0.05834	0.00998	0.00888	0.05907	0.05718	0.05183	0.07792	0.03426	0.05059	0.01520	0.25613	0.03197	0.11610	0.03616	0.05582	0.00441	0.00678	0.00327	0.03321
3	0.04001	0.16205	0.18424	0.04265	0.01351	0.06445	0.02771	0.11520	0.02585	0.04079	0.01100	0.01231	0.05595	0.00657	0.04463	0.00160	0.08185	0.00383	0.06011	0.00570
4	0.00957	0.03171	0.01099	0.05956	0.06146	0.05860	0.05535	0.08093	0.04109	0.01388	0.01065	0.02755	0.00933	0.03529	0.22939	0.00288	0.02513	0.02036	0.05293	0.16337
5	0.18585	0.06140	0.03088	0.10619	0.20784	0.01061	0.00897	0.16871	0.02652	0.06730	0.01098	0.01208	0.05363	0.00483	0.00399	0.00132	0.00452	0.00385	0.00305	0.02747
6	0.06470	0.25365	0.07526	0.00967	0.06132	0.02433	0.03909	0.09118	0.05161	0.11132	0.00985	0.04077	0.00795	0.00461	0.00374	0.00115	0.00450	0.00360	0.00298	0.13871

[dist]
# distance from previous block
# <min> <max>
0	1

[block]
# block no. 1 follows, 59 sequences, length 15
# corresponding to MSA columns:
# 141-155
name=unknown_B
#
# <colnr> <probs for GDERKNQSTAVLIFYWHMCP>
#	G	D	E	R	K	N	Q	S	T	A	V	L	I	F	Y	W	H	M	C	P
0	0.00968	0.00679	0.00748	0.00659	0.00877	0.00671	0.00515	0.07154	0.20836	0.12808	0.07926	0.02859	0.37990	0.00837	0.00483	0.00144	0.00297	0.00695	0.00443	0.02411
1	0.01047	0.02843	0.21559	0.13561	0.16795	0.01045	0.17278	0.06212	0.06352	0.04481	0.03860	0.01209	0.00827	0.00448	0.00452	0.00140	0.00578	0.00424	0.00259	0.00629
2	0.03072	0.04965	0.25659	0.00956	0.02929	0.03009	0.00948	0.05495	0.04025	0.25806	0.04178	0.02569	0.00949	0.00489	0.00413	0.00126	0.00466	0.00390	0.00347	0.13211
3	0.51658	0.17816	0.01120	0.02437	0.01044	0.12798	0.00629	0.01353	0.00851	0.01598	0.00626	0.00750	0.00517	0.00430	0.00359	0.00128	0.04885	0.00256	0.00244	0.00501
4	0.01294	0.44046	0.04806	0.04234	0.01354	0.03486	0.04203	0.20977	0.07364	0.03106	0.00864	0.00933	0.00688	0.00442	0.00363	0.00116	0.00495	0.00323	0.00281	0.00626
5	0.00574	0.00419	0.00557	0.03617	0.00739	0.00405	0.00444	0.00686	0.03289	0.01138	0.02374	0.72185	0.05910	0.01321	0.00599	0.03551	0.00275	0.01154	0.00395	0.00368
6	0.05258	0.00660	0.00838	0.00691	0.00937	0.00608	0.00553	0.03852	0.04075	0.42053	0.27955	0.02217	0.07005	0.00694	0.00466	0.00139	0.00312	0.00582	0.00500	0.00605
7	0.00569	0.00451	0.00503	0.00523	0.00637	0.00401	0.00381	0.02628	0.00998	0.01249	0.08922	0.25733	0.49521	0.02976	0.00571	0.00164	0.00247	0.02734	0.00413	0.00380
8	0.03431	0.00500	0.00630	0.00603	0.00741	0.00454	0.00449	0.01004	0.01070	0.17187	0.25975	0.29011	0.15215	0.01007	0.00512	0.00153	0.00263	0.00880	0.00455	0.00459
9	0.00865	0.00709	0.01073	0.00921	0.01007	0.00828	0.09477	0.05914	0.00790	0.01115	0.00949	0.04283	0.00933	0.11289	0.15023	0.20166	0.23543	0.00476	0.00236	0.00401
10	0.00626	0.00480	0.00624	0.00654	0.00742	0.00456	0.02875	0.03804	0.02756	0.01259	0.05010	0.50414	0.18106	0.02940	0.00584	0.00176	0.00290	0.07403	0.00405	0.00395
11	0.06529	0.01086	0.01278	0.14146	0.09796	0.02848	0.00907	0.40381	0.11757	0.05253	0.01080	0.01149	0.00790	0.00503	0.00431	0.00137	0.00482	0.00400	0.00371	0.00677
12	0.00858	0.00811	0.01360	0.74674	0.08802	0.00999	0.01227	0.01143	0.00885	0.01150	0.00781	0.01164	0.00597	0.00449	0.00475	0.00148	0.03381	0.00392	0.00198	0.00506
13	0.05925	0.52978	0.09667	0.00850	0.01220	0.07912	0.00828	0.03791	0.10764	0.01279	0.00795	0.00863	0.00663	0.00421	0.00330	0.00111	0.00493	0.00286	0.00236	0.00588
14	0.01247	0.04272	0.01245	0.03888	0.05202	0.27018	0.05958	0.05970	0.08283	0.07168	0.04091	0.13848	0.01192	0.00654	0.00539	0.00141	0.07903	0.00521	0.00314	0.00546

[dist]
# distance from previous block
# <min> <max>
0	1

[block]
# block no. 2 follows, 59 sequences, length 8
# corresponding to MSA columns:
# 157-164
name=unknown_C
#
# <colnr> <probs for GDERKNQSTAVLIFYWHMCP>
#	G	D	E	R	K	N	Q	S	T	A	V	L	I	F	Y	W	H	M	C	P
0	0.00713	0.00578	0.00813	0.00738	0.00887	0.00549	0.08776	0.02887	0.04184	0.03167	0.05686	0.29378	0.23335	0.05175	0.03156	0.00188	0.01886	0.03238	0.00376	0.04289
1	0.00954	0.02962	0.01410	0.05795	0.19979	0.02836	0.15618	0.05536	0.08956	0.01488	0.08491	0.07019	0.10242	0.00663	0.00486	0.00147	0.00470	0.06066	0.00322	0.00562
2	0.01088	0.00806	0.01006	0.00748	0.01108	0.00670	0.03727	0.07469	0.01044	0.11452	0.01001	0.03831	0.00812	0.00536	0.03919	0.00114	0.00397	0.00348	0.00313	0.59612
3	0.00699	0.00612	0.05023	0.00633	0.00788	0.00525	0.00505	0.01007	0.12121	0.04089	0.21983	0.23078	0.25243	0.01003	0.00514	0.00153	0.00274	0.00870	0.00426	0.00453
4	0.00811	0.00709	0.00912	0.09908	0.08182	0.02361	0.00701	0.01207	0.17236	0.01409	0.14726	0.07012	0.14926	0.01020	0.07919	0.00202	0.06200	0.03702	0.00356	0.00501
5	0.00629	0.00438	0.00551	0.00587	0.00676	0.00398	0.00427	0.00755	0.00996	0.04891	0.18980	0.39888	0.21030	0.01176	0.00544	0.00164	0.00256	0.06789	0.00431	0.00395
6	0.01111	0.09371	0.13560	0.07444	0.19274	0.03319	0.12781	0.04710	0.12330	0.04937	0.00996	0.01148	0.00767	0.00457	0.00470	0.00137	0.03806	0.00402	0.02346	0.00633
7	0.01245	0.05418	0.08201	0.03225	0.08801	0.00966	0.02124	0.17589	0.07350	0.13215	0.03259	0.04515	0.00962	0.00513	0.00447	0.00124	0.02950	0.00416	0.00347	0.18334

[dist]
# distance from previous block
# <min> <max>
0	22

[block]
# block no. 3 follows, 59 sequences, length 16
# corresponding to MSA columns:
# 187-202
name=unknown_D
#
# <colnr> <probs for GDERKNQSTAVLIFYWHMCP>
#	G	D	E	R	K	N	Q	S	T	A	V	L	I	F	Y	W	H	M	C	P
0	0.54110	0.10128	0.08551	0.04017	0.05348	0.04197	0.02182	0.01367	0.03952	0.01715	0.00703	0.00822	0.00552	0.00416	0.00319	0.00132	0.00429	0.00278	0.00255	0.00528
1	0.05228	0.02363	0.26023	0.01589	0.25039	0.01016	0.07654	0.05096	0.04111	0.10669	0.01929	0.01128	0.00760	0.00454	0.00465	0.00138	0.03472	0.00389	0.01819	0.00657
2	0.00859	0.00841	0.06721	0.00827	0.01037	0.01895	0.05040	0.03540	0.25320	0.01635	0.27369	0.04605	0.09670	0.02305	0.00566	0.00154	0.04152	0.02525	0.00406	0.00534
3	0.00644	0.00483	0.01688	0.00582	0.00641	0.00463	0.00398	0.00795	0.06638	0.01152	0.11848	0.26960	0.06475	0.31237	0.04358	0.03737	0.00363	0.00828	0.00353	0.00357
4	0.01509	0.01837	0.01444	0.01229	0.01477	0.60442	0.11767	0.05262	0.02759	0.01218	0.00743	0.00891	0.00607	0.00472	0.00492	0.00126	0.06617	0.00334	0.00239	0.00536
5	0.01296	0.01217	0.01079	0.00956	0.01212	0.19112	0.00741	0.07897	0.54526	0.04826	0.01496	0.01411	0.01123	0.00560	0.00437	0.00140	0.00459	0.00442	0.00404	0.00664
6	0.00882	0.00834	0.01427	0.62279	0.16930	0.00977	0.04121	0.01170	0.00917	0.01204	0.00868	0.01337	0.00701	0.00466	0.00451	0.00147	0.00575	0.03976	0.00211	0.00528
7	0.00637	0.00450	0.00590	0.00590	0.00627	0.00487	0.00403	0.00712	0.00674	0.00937	0.01293	0.02342	0.01368	0.45960	0.40441	0.00562	0.00786	0.00562	0.00253	0.00328
8	0.87598	0.00854	0.00649	0.00581	0.00854	0.00991	0.00478	0.01298	0.00752	0.01982	0.00615	0.00717	0.00478	0.00410	0.00273	0.00137	0.00342	0.00239	0.00273	0.00478
9	0.01402	0.01062	0.02478	0.09229	0.01460	0.03383	0.04060	0.37869	0.06031	0.11140	0.02431	0.01226	0.00863	0.00656	0.03807	0.00164	0.08415	0.00418	0.03255	0.00651
10	0.00641	0.00434	0.00512	0.00512	0.00523	0.00445	0.00306	0.00662	0.00651	0.00879	0.01364	0.02735	0.01538	0.73585	0.13049	0.00466	0.00529	0.00620	0.00263	0.00285
11	0.01025	0.03202	0.06664	0.06756	0.04376	0.06136	0.00723	0.04029	0.00992	0.04469	0.00877	0.03731	0.00732	0.00405	0.00366	0.00092	0.00416	0.00326	0.00268	0.54416
12	0.00975	0.00965	0.01329	0.01142	0.01159	0.01336	0.00949	0.01148	0.05972	0.01115	0.00660	0.01011	0.00630	0.00762	0.01383	0.00190	0.78172	0.00394	0.00210	0.00497
13	0.01444	0.15457	0.01517	0.04936	0.12252	0.15998	0.00899	0.32585	0.03376	0.03739	0.00899	0.00984	0.00693	0.00465	0.00404	0.00122	0.00539	0.00349	0.00317	0.03027
14	0.02907	0.33084	0.07744	0.04617	0.03532	0.03493	0.00835	0.06966	0.22868	0.02901	0.01127	0.03556	0.00938	0.00518	0.00386	0.00127	0.00456	0.03033	0.00301	0.00611
15	0.00629	0.00457	0.00607	0.00695	0.00774	0.00440	0.00554	0.00774	0.00948	0.01228	0.02594	0.31529	0.11850	0.03555	0.00629	0.00195	0.00335	0.41419	0.00404	0.00383

[dist]
# distance from previous block
# <min> <max>
0	2

[block]
# block no. 4 follows, 59 sequences, length 8
# corresponding to MSA columns:
# 205-212
name=unknown_E
#
# <colnr> <probs for GDERKNQSTAVLIFYWHMCP>
#	G	D	E	R	K	N	Q	S	T	A	V	L	I	F	Y	W	H	M	C	P
0	0.00900	0.04138	0.01292	0.04140	0.23495	0.00814	0.09783	0.06708	0.01109	0.01501	0.15051	0.08257	0.09902	0.00734	0.00494	0.00148	0.00429	0.10232	0.00335	0.00538
1	0.00969	0.00945	0.05335	0.10954	0.19130	0.00798	0.03406	0.03431	0.00969	0.01439	0.00807	0.00999	0.00655	0.00367	0.00379	0.00098	0.00436	0.00322	0.00245	0.48317
2	0.00737	0.00443	0.00638	0.00629	0.00676	0.00473	0.00451	0.00738	0.00670	0.04018	0.01073	0.01736	0.01044	0.13909	0.36928	0.34093	0.00737	0.00461	0.00236	0.00312
3	0.87598	0.00854	0.00649	0.00581	0.00854	0.00991	0.00478	0.01298	0.00752	0.01982	0.00615	0.00717	0.00478	0.00410	0.00273	0.00137	0.00342	0.00239	0.00273	0.00478
4	0.01484	0.05432	0.07489	0.01011	0.01369	0.01249	0.03303	0.49764	0.13186	0.07257	0.01193	0.01250	0.00878	0.00538	0.00440	0.00136	0.00477	0.02419	0.00410	0.00713
5	0.01056	0.01154	0.02392	0.02086	0.23259	0.01099	0.59341	0.01399	0.01033	0.01422	0.00877	0.01165	0.00678	0.00378	0.00499	0.00144	0.00687	0.00488	0.00222	0.00623
6	0.00603	0.00448	0.00543	0.00566	0.00674	0.00409	0.00435	0.00758	0.01052	0.01397	0.26051	0.15772	0.29545	0.01083	0.00533	0.00158	0.00255	0.14645	0.04680	0.00391
7	0.07094	0.00745	0.01014	0.26860	0.01627	0.00782	0.00777	0.04124	0.03004	0.19461	0.09574	0.05257	0.03671	0.00577	0.00463	0.00136	0.02869	0.00478	0.00349	0.11139

[dist]
# distance from previous block
# <min> <max>
2	69

[block]
# block no. 5 follows, 59 sequences, length 45
# corresponding to MSA columns:
# 283-327
name=unknown_F
#
# <colnr> <probs for GDERKNQSTAVLIFYWHMCP>
#	G	D	E	R	K	N	Q	S	T	A	V	L	I	F	Y	W	H	M	C	P
0	0.01597	0.06718	0.01298	0.05819	0.11497	0.25978	0.00843	0.04069	0.02272	0.31297	0.01126	0.01135	0.00800	0.00476	0.00415	0.00125	0.00543	0.00366	0.00351	0.03274
1	0.29923	0.02031	0.02390	0.08038	0.14373	0.07669	0.00822	0.11031	0.03161	0.11706	0.00898	0.01000	0.00670	0.00460	0.00409	0.00135	0.02993	0.00338	0.00308	0.01643
2	0.01167	0.00979	0.01171	0.09347	0.07046	0.06277	0.04544	0.28229	0.05005	0.01721	0.02387	0.01517	0.00981	0.16653	0.06699	0.00231	0.02072	0.00454	0.00320	0.03198
3	0.77093	0.00855	0.00704	0.00612	0.00894	0.00969	0.00505	0.03590	0.00837	0.09576	0.00734	0.00801	0.00544	0.00426	0.00294	0.00137	0.00349	0.00263	0.00304	0.00512
4	0.00641	0.00432	0.00499	0.00499	0.00505	0.00438	0.00289	0.00653	0.00647	0.00869	0.01376	0.02802	0.01567	0.78293	0.08381	0.00450	0.00486	0.00629	0.00265	0.00277
5	0.00642	0.00477	0.00543	0.00528	0.00671	0.00423	0.00404	0.00816	0.03113	0.05095	0.24696	0.06107	0.48514	0.01034	0.00522	0.00150	0.00241	0.05176	0.00438	0.00412
6	0.00889	0.00852	0.01199	0.01050	0.01066	0.01165	0.00863	0.00996	0.00682	0.01049	0.00724	0.01176	0.00715	0.03652	0.17861	0.00304	0.64683	0.00411	0.00204	0.00459
7	0.00557	0.00414	0.00517	0.00564	0.00634	0.00377	0.00394	0.00671	0.00973	0.01291	0.21705	0.46876	0.19724	0.02456	0.00570	0.00167	0.00241	0.01069	0.00426	0.00374
8	0.00543	0.00393	0.00515	0.00609	0.00646	0.00365	0.00414	0.00628	0.00867	0.01148	0.03917	0.75734	0.07697	0.01355	0.00562	0.00178	0.00258	0.03399	0.00411	0.00362
9	0.00962	0.00924	0.01600	0.22357	0.06446	0.00961	0.23537	0.01223	0.00919	0.03350	0.00835	0.01129	0.00666	0.00565	0.04164	0.00160	0.10948	0.00406	0.00229	0.18620
10	0.00916	0.00785	0.00916	0.00654	0.01047	0.00589	0.00523	0.01112	0.00916	0.01439	0.00785	0.00916	0.00654	0.00327	0.00327	0.00065	0.00327	0.00262	0.00262	0.87178
11	0.01145	0.00972	0.01025	0.00908	0.01166	0.01120	0.00710	0.08528	0.74670	0.01922	0.01739	0.01601	0.01301	0.00594	0.00449	0.00148	0.00360	0.00491	0.00449	0.00703
12	0.00942	0.00784	0.00919	0.00657	0.01049	0.00590	0.00526	0.01138	0.00924	0.03429	0.00809	0.00930	0.00665	0.00333	0.00330	0.00067	0.00328	0.00266	0.00269	0.85044
13	0.00889	0.02228	0.78693	0.01255	0.01879	0.01040	0.01603	0.01384	0.00921	0.01384	0.00783	0.00934	0.00560	0.00435	0.00464	0.00142	0.04244	0.00329	0.00187	0.00645
14	0.00753	0.00596	0.00652	0.00695	0.00776	0.06590	0.00495	0.06113	0.02306	0.03374	0.03325	0.63343	0.03526	0.01205	0.00539	0.00170	0.00322	0.04400	0.00404	0.00415
15	0.00767	0.00384	0.00575	0.00575	0.00575	0.00384	0.00384	0.00575	0.00575	0.00767	0.00767	0.01343	0.00767	0.01534	0.01726	0.87150	0.00384	0.00384	0.00192	0.00192
16	0.01115	0.00957	0.01008	0.00902	0.01155	0.01106	0.00703	0.04527	0.78719	0.01874	0.01777	0.01631	0.01332	0.00597	0.00449	0.00149	0.00353	0.00496	0.00449	0.00701
17	0.00946	0.00754	0.00961	0.00861	0.01021	0.04970	0.08017	0.12039	0.04139	0.06680	0.03247	0.39016	0.06634	0.00976	0.00568	0.00162	0.04905	0.03225	0.00387	0.00492
18	0.03772	0.01082	0.01192	0.00924	0.01253	0.01163	0.00760	0.58937	0.01830	0.15710	0.04619	0.01244	0.00962	0.00545	0.00436	0.00132	0.00441	0.00419	0.03861	0.00717
19	0.00542	0.00387	0.00516	0.00612	0.00641	0.00361	0.00410	0.00624	0.00863	0.01155	0.05818	0.80728	0.02974	0.01363	0.00562	0.00178	0.00254	0.01236	0.00413	0.00361
20	0.00931	0.03307	0.00992	0.00738	0.04225	0.00642	0.00563	0.01128	0.00919	0.01427	0.00782	0.00917	0.00653	0.00331	0.00330	0.00069	0.00339	0.00266	0.00258	0.81183
21	0.00966	0.00966	0.01353	0.01160	0.01160	0.01353	0.00966	0.01063	0.00676	0.01063	0.00580	0.00966	0.00580	0.00773	0.01449	0.00193	0.83670	0.00387	0.00193	0.00483
22	0.00834	0.00785	0.01325	0.83417	0.03042	0.00981	0.01227	0.01128	0.00883	0.01128	0.00785	0.01178	0.00589	0.00442	0.00442	0.00147	0.00589	0.00393	0.00196	0.00491
23	0.01099	0.00949	0.00999	0.00899	0.01148	0.01099	0.00699	0.02347	0.80925	0.01848	0.01798	0.01648	0.01348	0.00599	0.00449	0.00150	0.00350	0.00499	0.00449	0.00699
24	0.01042	0.01191	0.02606	0.01862	0.02308	0.01117	0.80119	0.01415	0.01042	0.01415	0.00894	0.01191	0.00670	0.00372	0.00521	0.00149	0.00745	0.00521	0.00223	0.00596
25	0.00562	0.00449	0.00503	0.00490	0.00621	0.00390	0.00367	0.00712	0.01101	0.01418	0.34436	0.03880	0.51442	0.01035	0.00522	0.00145	0.00218	0.00880	0.00440	0.00390
26	0.00602	0.00434	0.00570	0.00571	0.00655	0.00401	0.00415	0.00775	0.01142	0.01599	0.60374	0.24905	0.03834	0.01031	0.00532	0.00150	0.00221	0.00921	0.00466	0.00401
27	0.00631	0.00473	0.00710	0.00710	0.00789	0.00552	0.00552	0.00789	0.00710	0.01025	0.01183	0.01735	0.01104	0.03312	0.82728	0.00710	0.01183	0.00473	0.00237	0.00394
28	0.01094	0.04530	0.01021	0.00868	0.01097	0.03290	0.00684	0.03272	0.57189	0.05240	0.05140	0.06599	0.01512	0.00670	0.00482	0.00150	0.02481	0.03613	0.00427	0.00642
29	0.01082	0.00812	0.00958	0.00706	0.01077	0.00668	0.00568	0.04781	0.04730	0.10808	0.00951	0.01025	0.00740	0.00382	0.00372	0.00083	0.01861	0.00302	0.00310	0.67784
30	0.01181	0.84744	0.02314	0.00756	0.01134	0.01748	0.00756	0.01323	0.00897	0.01039	0.00614	0.00708	0.00567	0.00378	0.00283	0.00094	0.00472	0.00236	0.00189	0.00567
31	0.00962	0.00725	0.00856	0.00760	0.00948	0.00782	0.00610	0.27339	0.01255	0.01672	0.01968	0.02304	0.19334	0.01740	0.30883	0.00355	0.00679	0.05961	0.00356	0.00510
32	0.05428	0.01168	0.01264	0.00972	0.01321	0.01275	0.00803	0.68406	0.01932	0.11302	0.01115	0.01093	0.00776	0.00527	0.00435	0.00133	0.00468	0.00396	0.00446	0.00739
33	0.00630	0.00462	0.00660	0.00663	0.00725	0.00522	0.00493	0.00755	0.00701	0.00995	0.01260	0.04339	0.01254	0.18992	0.64754	0.00640	0.01010	0.00529	0.00248	0.00369
34	0.00537	0.00448	0.00469	0.00463	0.00606	0.00379	0.00348	0.00663	0.01043	0.01279	0.15901	0.04109	0.70063	0.01087	0.00522	0.00148	0.00221	0.00912	0.00421	0.00379
35	0.00729	0.00571	0.00691	0.00717	0.00826	0.00596	0.00546	0.03405	0.16852	0.01381	0.04804	0.36974	0.10820	0.01111	0.00566	0.00173	0.02713	0.15658	0.00414	0.00454
36	0.01093	0.01155	0.06213	0.01418	0.01732	0.02404	0.37244	0.13207	0.04538	0.01553	0.01019	0.03663	0.00862	0.00565	0.00682	0.00158	0.16445	0.05189	0.00274	0.00586
37	0.00848	0.00792	0.01275	0.61605	0.07225	0.03179	0.03114	0.01098	0.00877	0.01130	0.00880	0.04477	0.00733	0.00726	0.06352	0.03950	0.00615	0.00432	0.00210	0.00481
38	0.00544	0.00407	0.00504	0.00578	0.00639	0.00370	0.00402	0.00634	0.00892	0.01149	0.02942	0.58445	0.23285	0.02683	0.00583	0.00177	0.00258	0.04737	0.00408	0.00363
39	0.08703	0.10860	0.03633	0.34296	0.03498	0.27159	0.02140	0.01383	0.00998	0.01202	0.00730	0.00961	0.00580	0.00434	0.00394	0.00128	0.00618	0.00327	0.01442	0.00514
40	0.01020	0.00525	0.00651	0.00582	0.00757	0.00473	0.00454	0.01194	0.01123	0.23929	0.24025	0.06175	0.17035	0.00800	0.00464	0.00137	0.00265	0.02988	0.16905	0.00498
41	0.10640	0.00980	0.01322	0.35466	0.19898	0.06592	0.02178	0.06476	0.07185	0.01475	0.03087	0.01169	0.00769	0.00458	0.00423	0.00139	0.00528	0.00390	0.00256	0.00570
42	0.00950	0.00799	0.00938	0.04254	0.01131	0.01752	0.00569	0.03859	0.00969	0.02857	0.03277	0.01037	0.00781	0.00448	0.02723	0.00094	0.00372	0.00298	0.00276	0.72616
43	0.68792	0.00934	0.00784	0.04932	0.01035	0.05780	0.01621	0.04440	0.00847	0.01875	0.00671	0.00798	0.00524	0.00431	0.00332	0.00136	0.02610	0.00269	0.02698	0.00492
44	0.04099	0.08277	0.01315	0.00991	0.03320	0.01302	0.00796	0.48513	0.21290	0.03785	0.01197	0.01173	0.00879	0.00527	0.00425	0.00134	0.00446	0.00405	0.00413	0.00713

[dist]
# distance from previous block
# <min> <max>
0	1

[block]
# block no. 6 follows, 59 sequences, length 20
# corresponding to MSA columns:
# 329-333,352-366
name=unknown_G
#
# <colnr> <probs for GDERKNQSTAVLIFYWHMCP>
#	G	D	E	R	K	N	Q	S	T	A	V	L	I	F	Y	W	H	M	C	P
0	0.00955	0.00845	0.01156	0.35617	0.07028	0.03066	0.00935	0.09001	0.13140	0.01521	0.14477	0.01628	0.02636	0.00630	0.02144	0.00156	0.03726	0.00484	0.00313	0.00545
1	0.00624	0.00450	0.00563	0.00562	0.00668	0.00408	0.00420	0.00788	0.01117	0.03320	0.45054	0.16749	0.20952	0.01040	0.00532	0.00152	0.00235	0.05509	0.00454	0.00405
2	0.00530	0.00445	0.00460	0.00462	0.00603	0.00375	0.00344	0.00648	0.01018	0.01232	0.09978	0.07367	0.72799	0.01113	0.00524	0.00150	0.00224	0.00935	0.00416	0.00375
3	0.00886	0.02285	0.82190	0.01259	0.01912	0.01026	0.01632	0.01399	0.00932	0.01399	0.00793	0.00932	0.00559	0.00420	0.00420	0.00140	0.00653	0.00326	0.00186	0.00653
4	0.01955	0.00794	0.01051	0.00806	0.01149	0.00712	0.00666	0.08971	0.01335	0.75111	0.01683	0.01465	0.01063	0.00545	0.00444	0.00136	0.00385	0.00440	0.00537	0.00752
5	0.87598	0.00854	0.00649	0.00581	0.00854	0.00991	0.00478	0.01298	0.00752	0.01982	0.00615	0.00717	0.00478	0.00410	0.00273	0.00137	0.00342	0.00239	0.00273	0.00478
6	0.01437	0.00894	0.01024	0.00865	0.01152	0.00955	0.00689	0.06193	0.49019	0.30021	0.01741	0.01568	0.01229	0.00577	0.00447	0.00144	0.00366	0.00475	0.00483	0.00720
7	0.87598	0.00854	0.00649	0.00581	0.00854	0.00991	0.00478	0.01298	0.00752	0.01982	0.00615	0.00717	0.00478	0.00410	0.00273	0.00137	0.00342	0.00239	0.00273	0.00478
8	0.01679	0.01237	0.01325	0.01016	0.01370	0.01370	0.00839	0.80251	0.02077	0.02783	0.01060	0.01060	0.00751	0.00530	0.00442	0.00133	0.00486	0.00398	0.00442	0.00751
9	0.77329	0.00842	0.00694	0.00605	0.00887	0.00950	0.00499	0.01401	0.00813	0.11583	0.00750	0.00812	0.00552	0.00426	0.00294	0.00137	0.00346	0.00264	0.00306	0.00511
10	0.01679	0.01237	0.01325	0.01016	0.01370	0.01370	0.00839	0.80251	0.02077	0.02783	0.01060	0.01060	0.00751	0.00530	0.00442	0.00133	0.00486	0.00398	0.00442	0.00751
11	0.00646	0.00433	0.00495	0.00501	0.00507	0.00433	0.00294	0.00658	0.00664	0.00884	0.01448	0.03014	0.01661	0.79548	0.02151	0.00415	0.00427	0.05268	0.00276	0.00276
12	0.01346	0.01072	0.01138	0.00949	0.01243	0.01214	0.00759	0.35601	0.47268	0.02247	0.01483	0.01397	0.01093	0.00570	0.00446	0.00142	0.00408	0.00456	0.00446	0.00721
13	0.00966	0.00966	0.01353	0.01160	0.01160	0.01353	0.00966	0.01063	0.00676	0.01063	0.00580	0.00966	0.00580	0.00773	0.01449	0.00193	0.83670	0.00387	0.00193	0.00483
14	0.01781	0.00862	0.01093	0.00855	0.01163	0.00853	0.00702	0.17055	0.04856	0.55591	0.01522	0.01417	0.01013	0.02447	0.00557	0.00147	0.06438	0.00438	0.00490	0.00719
15	0.01132	0.00685	0.00798	0.00692	0.00869	0.00684	0.00516	0.20332	0.01195	0.17751	0.01929	0.16168	0.11111	0.22987	0.00951	0.00222	0.00378	0.00682	0.00408	0.00511
16	0.01671	0.00734	0.00960	0.00770	0.01060	0.00670	0.00625	0.08442	0.02794	0.58316	0.08236	0.07733	0.03126	0.00660	0.00464	0.00141	0.00360	0.02041	0.00516	0.00681
17	0.00844	0.00798	0.01327	0.77451	0.02905	0.01008	0.01208	0.01124	0.00868	0.01124	0.00770	0.01162	0.00588	0.00466	0.00515	0.00151	0.06614	0.00392	0.00196	0.00490
18	0.01544	0.00929	0.01049	0.00861	0.01160	0.03054	0.00692	0.15890	0.29527	0.34119	0.01734	0.01578	0.04636	0.00585	0.00448	0.00141	0.00390	0.00473	0.00480	0.00710
19	0.00733	0.00502	0.00621	0.00575	0.00710	0.00465	0.00436	0.03366	0.02846	0.06889	0.54843	0.06797	0.17687	0.00922	0.00514	0.00142	0.00236	0.00801	0.00471	0.00444

[dist]
# distance from previous block
# <min> <max>
0	79

[block]
# block no. 7 follows, 59 sequences, length 26
# corresponding to MSA columns:
# 446-471
name=unknown_H
#
# <colnr> <probs for GDERKNQSTAVLIFYWHMCP>
#	G	D	E	R	K	N	Q	S	T	A	V	L	I	F	Y	W	H	M	C	P
0	0.77633	0.00904	0.00801	0.00762	0.05507	0.02678	0.03565	0.01316	0.00787	0.01911	0.00639	0.00758	0.00500	0.00409	0.00295	0.00136	0.00377	0.00260	0.00267	0.00496
1	0.02641	0.00995	0.01694	0.14391	0.38031	0.01082	0.12297	0.01316	0.00941	0.05585	0.00831	0.01111	0.00673	0.00476	0.00634	0.00148	0.15902	0.00410	0.00230	0.00612
2	0.00593	0.00426	0.00561	0.00578	0.00653	0.00395	0.00414	0.00752	0.01099	0.01531	0.52002	0.33472	0.03702	0.01082	0.00537	0.00154	0.00226	0.00969	0.00458	0.00395
3	0.00721	0.00508	0.00641	0.00618	0.00654	0.00565	0.00432	0.02789	0.00728	0.01036	0.01271	0.04544	0.01342	0.41640	0.17563	0.06126	0.08913	0.02030	0.07540	0.00339
4	0.01541	0.01169	0.01248	0.00988	0.01317	0.01305	0.00806	0.61749	0.20803	0.02561	0.01235	0.01200	0.00893	0.00547	0.00444	0.00137	0.00454	0.00422	0.00444	0.00739
5	0.00638	0.00444	0.00563	0.00563	0.00591	0.00472	0.00369	0.00694	0.00666	0.00916	0.01318	0.02480	0.01428	0.55660	0.30823	0.00528	0.00696	0.00582	0.00257	0.00313
6	0.00886	0.02285	0.82190	0.01259	0.01912	0.01026	0.01632	0.01399	0.00932	0.01399	0.00793	0.00932	0.00559	0.00420	0.00420	0.00140	0.00653	0.00326	0.00186	0.00653
7	0.00641	0.00435	0.00517	0.00517	0.00529	0.00447	0.00311	0.00665	0.00653	0.00882	0.01360	0.02714	0.01529	0.72066	0.14555	0.00471	0.00544	0.00616	0.00263	0.00287
8	0.01061	0.01125	0.01339	0.01157	0.01188	0.12667	0.00951	0.01160	0.00756	0.01065	0.00594	0.00943	0.00578	0.00729	0.01303	0.00182	0.72144	0.00372	0.00198	0.00487
9	0.01110	0.01634	0.43030	0.04683	0.09352	0.03330	0.04239	0.04108	0.01042	0.13494	0.03899	0.02425	0.00835	0.00481	0.00463	0.00139	0.02919	0.00394	0.00271	0.02155
10	0.02940	0.06469	0.15565	0.00969	0.01345	0.00902	0.11660	0.07884	0.07997	0.03222	0.11258	0.01497	0.03742	0.00511	0.00424	0.00122	0.00450	0.01664	0.00311	0.21070
11	0.00834	0.00785	0.01325	0.83417	0.03042	0.00981	0.01227	0.01128	0.00883	0.01128	0.00785	0.01178	0.00589	0.00442	0.00442	0.00147	0.00589	0.00393	0.00196	0.00491
12	0.00926	0.00575	0.00790	0.00721	0.00835	0.00628	0.00556	0.02890	0.00873	0.15484	0.08110	0.01927	0.01389	0.15226	0.39221	0.00456	0.08106	0.00513	0.00319	0.00456
13	0.06454	0.02780	0.28980	0.01297	0.08876	0.07802	0.12975	0.03608	0.03495	0.05295	0.03411	0.06166	0.03024	0.00529	0.00475	0.00142	0.03378	0.00452	0.00265	0.00596
14	0.01065	0.01168	0.10527	0.03369	0.39141	0.01036	0.16840	0.04312	0.09613	0.02829	0.01100	0.02940	0.03073	0.00463	0.00459	0.00140	0.00547	0.00456	0.00263	0.00657
15	0.01241	0.00588	0.00795	0.00722	0.00922	0.00530	0.00582	0.01405	0.01126	0.38007	0.11460	0.17099	0.05007	0.00902	0.00513	0.00159	0.00336	0.17570	0.00480	0.00555
16	0.00932	0.02271	0.01411	0.17024	0.26390	0.00892	0.10354	0.03012	0.02503	0.02550	0.04661	0.13830	0.01240	0.02021	0.00536	0.00151	0.03701	0.02055	0.03914	0.00551
17	0.01155	0.03443	0.24270	0.05462	0.19001	0.00971	0.05956	0.01547	0.07740	0.16343	0.03985	0.02535	0.00931	0.00498	0.00485	0.00141	0.04162	0.00424	0.00300	0.00651
18	0.00886	0.02285	0.82190	0.01259	0.01912	0.01026	0.01632	0.01399	0.00932	0.01399	0.00793	0.00932	0.00559	0.00420	0.00420	0.00140	0.00653	0.00326	0.00186	0.00653
19	0.00582	0.00426	0.00486	0.00511	0.00567	0.00396	0.00334	0.00643	0.00823	0.01054	0.04610	0.22475	0.26279	0.35945	0.01253	0.00273	0.00320	0.02342	0.00353	0.00327
20	0.04541	0.01324	0.23525	0.09854	0.17483	0.01007	0.08744	0.06917	0.03405	0.14862	0.01001	0.01131	0.00723	0.00457	0.00467	0.00141	0.03090	0.00393	0.00286	0.00652
21	0.03418	0.24113	0.27095	0.04882	0.03205	0.01233	0.07195	0.10788	0.01092	0.10107	0.00877	0.00978	0.00652	0.00438	0.00413	0.00128	0.02149	0.00341	0.00262	0.00633
22	0.00991	0.01007	0.01349	0.01159	0.01167	0.04250	0.00962	0.01088	0.00697	0.01064	0.00583	0.00960	0.00579	0.00762	0.01412	0.00190	0.80719	0.00383	0.00194	0.00484
23	0.62011	0.02790	0.03792	0.00848	0.06392	0.06409	0.02257	0.04216	0.00878	0.04113	0.00693	0.00805	0.00537	0.00427	0.00340	0.00135	0.02284	0.00276	0.00273	0.00523
24	0.00555	0.00399	0.00526	0.00621	0.00658	0.00374	0.00428	0.00642	0.00862	0.01140	0.02486	0.72085	0.06190	0.03494	0.00609	0.00186	0.00272	0.07709	0.00406	0.00361
25	0.03189	0.29602	0.13224	0.00877	0.02438	0.02556	0.02165	0.06846	0.08111	0.01356	0.01367	0.12148	0.07464	0.01635	0.00455	0.00135	0.02785	0.01588	0.00285	0.01775

[dist]
# distance from previous block
# <min> <max>
0	13

[block]
# block no. 8 follows, 59 sequences, length 15
# corresponding to MSA columns:
# 523-537
name=unknown_I
#
# <colnr> <probs for GDERKNQSTAVLIFYWHMCP>
#	G	D	E	R	K	N	Q	S	T	A	V	L	I	F	Y	W	H	M	C	P
0	0.00664	0.00508	0.00616	0.00579	0.00706	0.00488	0.00437	0.00977	0.10366	0.01693	0.60705	0.03253	0.15528	0.00901	0.00513	0.00142	0.00227	0.00784	0.00470	0.00443
1	0.00939	0.01020	0.09425	0.08828	0.02747	0.00991	0.12208	0.01564	0.29893	0.01499	0.06631	0.03082	0.07183	0.00667	0.01974	0.00162	0.09751	0.00525	0.00330	0.00583
2	0.00578	0.00444	0.00533	0.00554	0.00653	0.00401	0.00398	0.00731	0.02825	0.01345	0.24266	0.33533	0.27851	0.01129	0.00531	0.00156	0.00237	0.00991	0.00428	0.02418
3	0.01168	0.01050	0.03866	0.02357	0.03631	0.06332	0.04015	0.03909	0.55295	0.06851	0.01559	0.01507	0.01170	0.00692	0.04429	0.00172	0.00459	0.00468	0.00402	0.00668
4	0.01021	0.01049	0.01309	0.01124	0.01162	0.09535	0.02782	0.01126	0.00751	0.01086	0.00656	0.01046	0.00636	0.03703	0.01310	0.00189	0.67497	0.00389	0.03150	0.00479
5	0.00890	0.00783	0.01310	0.79394	0.02949	0.00965	0.01198	0.01178	0.00902	0.05067	0.00832	0.01193	0.00613	0.00447	0.00442	0.00147	0.00578	0.00395	0.00213	0.00503
6	0.01251	0.72317	0.02155	0.00813	0.01168	0.13922	0.00770	0.01389	0.00951	0.01045	0.00624	0.00722	0.00567	0.00389	0.00301	0.00097	0.00521	0.00243	0.00195	0.00559
7	0.00726	0.00474	0.00623	0.00573	0.00695	0.00434	0.00434	0.00931	0.01251	0.07728	0.75571	0.03166	0.03939	0.00876	0.00515	0.00139	0.00221	0.00772	0.00491	0.00442
8	0.00740	0.00436	0.00521	0.00521	0.00617	0.00460	0.00398	0.00924	0.00852	0.01401	0.01491	0.01802	0.04927	0.01551	0.30021	0.00324	0.00559	0.00458	0.51594	0.00404
9	0.05744	0.04114	0.12154	0.08934	0.19819	0.23605	0.04173	0.03306	0.02299	0.09368	0.00872	0.01017	0.00667	0.00444	0.00429	0.00130	0.01708	0.00353	0.00258	0.00606
10	0.12274	0.47021	0.07766	0.03811	0.03512	0.07803	0.00817	0.04364	0.00950	0.01277	0.00750	0.04819	0.00681	0.00456	0.00354	0.00115	0.02136	0.00316	0.00224	0.00554
11	0.84083	0.00850	0.00665	0.00589	0.00865	0.00977	0.00485	0.01333	0.00773	0.05268	0.00661	0.00750	0.00504	0.00416	0.00280	0.00137	0.00343	0.00248	0.00285	0.00490
12	0.00642	0.00428	0.00482	0.00482	0.00482	0.00428	0.00268	0.00642	0.00642	0.00856	0.01392	0.02890	0.01606	0.84478	0.02248	0.00428	0.00428	0.00642	0.00268	0.00268
13	0.13762	0.06455	0.07978	0.02058	0.01034	0.03044	0.00671	0.10080	0.12637	0.01565	0.01579	0.32499	0.01617	0.00836	0.00454	0.00153	0.00380	0.02325	0.00357	0.00517
14	0.03293	0.11317	0.00789	0.00593	0.00744	0.04591	0.00460	0.00869	0.01002	0.03147	0.16762	0.19112	0.29314	0.03942	0.00547	0.00155	0.00305	0.02259	0.00380	0.00418

[dist]
# distance from previous block
# <min> <max>
1	39

[block]
# block no. 9 follows, 59 sequences, length 22
# corresponding to MSA columns:
# 577-598
name=unknown_J
#
# <colnr> <probs for GDERKNQSTAVLIFYWHMCP>
#	G	D	E	R	K	N	Q	S	T	A	V	L	I	F	Y	W	H	M	C	P
0	0.02488	0.10145	0.00973	0.00668	0.00943	0.04117	0.02720	0.01036	0.02476	0.01358	0.09974	0.07968	0.17452	0.00643	0.00409	0.00109	0.00337	0.00535	0.00319	0.35332
1	0.10288	0.06989	0.09596	0.03303	0.11369	0.22599	0.04056	0.05563	0.01086	0.07427	0.01106	0.03149	0.05635	0.00564	0.01970	0.00141	0.02187	0.00395	0.02009	0.00566
2	0.10642	0.00701	0.00896	0.00717	0.01003	0.00637	0.00583	0.01792	0.01208	0.57142	0.18049	0.01791	0.01662	0.00606	0.00442	0.00137	0.00338	0.00496	0.00506	0.00654
3	0.01261	0.42321	0.10455	0.00940	0.01283	0.21122	0.00880	0.03885	0.08269	0.01214	0.00769	0.00860	0.00643	0.00442	0.00394	0.00114	0.04049	0.00293	0.00229	0.00577
4	0.03990	0.00771	0.00958	0.00763	0.01047	0.00737	0.00620	0.16489	0.01375	0.45877	0.14937	0.03369	0.01565	0.00615	0.00448	0.00135	0.00357	0.00504	0.04781	0.00663
5	0.00588	0.00450	0.00539	0.00517	0.00637	0.00401	0.00387	0.00762	0.01162	0.01563	0.53735	0.03642	0.32053	0.00981	0.00521	0.00143	0.00214	0.00847	0.00459	0.00401
6	0.00642	0.00428	0.00482	0.00482	0.00482	0.00428	0.00268	0.00642	0.00642	0.00856	0.01392	0.02890	0.01606	0.84478	0.02248	0.00428	0.00428	0.00642	0.00268	0.00268
7	0.00538	0.00384	0.00512	0.00615	0.00641	0.00359	0.00410	0.00615	0.00846	0.01127	0.02434	0.84190	0.02921	0.01384	0.00564	0.00179	0.00256	0.01256	0.00410	0.00359
8	0.01181	0.84744	0.02314	0.00756	0.01134	0.01748	0.00756	0.01323	0.00897	0.01039	0.00614	0.00708	0.00567	0.00378	0.00283	0.00094	0.00472	0.00236	0.00189	0.00567
9	0.00541	0.00387	0.00515	0.00613	0.00641	0.00361	0.00410	0.00623	0.00860	0.01151	0.05344	0.81212	0.02967	0.01366	0.00562	0.00178	0.00254	0.01239	0.00413	0.00361
10	0.00916	0.00785	0.00916	0.00654	0.01047	0.00589	0.00523	0.01112	0.00916	0.01439	0.00785	0.00916	0.00654	0.00327	0.00327	0.00065	0.00327	0.00262	0.00262	0.87178
11	0.01857	0.00814	0.01085	0.00904	0.04909	0.00748	0.00707	0.11318	0.01339	0.65889	0.01641	0.01561	0.01088	0.00563	0.00450	0.00138	0.00397	0.03342	0.00514	0.00736
12	0.00916	0.00785	0.00916	0.00654	0.01047	0.00589	0.00523	0.01112	0.00916	0.01439	0.00785	0.00916	0.00654	0.00327	0.00327	0.00065	0.00327	0.00262	0.00262	0.87178
13	0.00767	0.00384	0.00575	0.00575	0.00575	0.00384	0.00384	0.00575	0.00575	0.00767	0.00767	0.01343	0.00767	0.01534	0.01726	0.87150	0.00384	0.00384	0.00192	0.00192
14	0.00939	0.24066	0.26981	0.03184	0.02819	0.02570	0.05045	0.01284	0.06685	0.01265	0.01158	0.16182	0.01113	0.00624	0.00440	0.00138	0.01973	0.02718	0.00257	0.00560
15	0.01982	0.00752	0.01025	0.00786	0.01127	0.00649	0.00649	0.02152	0.01264	0.82029	0.01742	0.01503	0.01093	0.00547	0.00444	0.00137	0.00376	0.00444	0.00547	0.00752
16	0.00535	0.00417	0.00487	0.00535	0.00621	0.00368	0.00376	0.00635	0.00942	0.01192	0.07621	0.43017	0.39209	0.01236	0.00542	0.00163	0.00239	0.01082	0.00414	0.00368
17	0.01029	0.00932	0.05390	0.04870	0.09459	0.00778	0.03305	0.04539	0.00982	0.06075	0.00847	0.00999	0.00676	0.00394	0.00436	0.00097	0.05578	0.00317	0.00269	0.53029
18	0.01100	0.01136	0.04105	0.01126	0.01202	0.11274	0.00944	0.03575	0.00827	0.04527	0.00712	0.03173	0.00666	0.00721	0.01189	0.00177	0.62415	0.00398	0.00225	0.00509
19	0.04045	0.00491	0.00630	0.00656	0.00754	0.00465	0.00467	0.03652	0.00953	0.14465	0.02206	0.64671	0.02456	0.01181	0.00529	0.00169	0.00287	0.01055	0.00428	0.00441
20	0.01201	0.16076	0.02806	0.01225	0.17303	0.05393	0.00849	0.14576	0.18065	0.04141	0.10150	0.01373	0.01214	0.00520	0.00417	0.00127	0.00442	0.00425	0.00340	0.03357
21	0.01014	0.02430	0.05958	0.40304	0.16866	0.02391	0.04659	0.08402	0.03413	0.02781	0.03297	0.01209	0.00772	0.00466	0.00468	0.00141	0.02816	0.00407	0.01632	0.00575

[dist]
# distance from previous block
# <min> <max>
0	42

[block]
# block no. 10 follows, 59 sequences, length 51
# corresponding to MSA columns:
# 641-647,651-678,683-698
name=unknown_K
#
# <colnr> <probs for GDERKNQSTAVLIFYWHMCP>
#	G	D	E	R	K	N	Q	S	T	A	V	L	I	F	Y	W	H	M	C	P
0	0.01171	0.00719	0.00897	0.00710	0.00980	0.00649	0.00569	0.07879	0.01197	0.22755	0.25996	0.01821	0.01860	0.00599	0.00476	0.00118	0.03922	0.00492	0.00418	0.26774
1	0.00558	0.00418	0.00515	0.00579	0.00650	0.00382	0.00413	0.00659	0.00917	0.01183	0.06381	0.47730	0.25007	0.04258	0.00615	0.00180	0.00266	0.08513	0.00408	0.00367
2	0.01420	0.19834	0.01534	0.11940	0.07733	0.23307	0.00901	0.16974	0.01260	0.08581	0.00858	0.00967	0.00663	0.00459	0.00410	0.00122	0.01814	0.00334	0.00284	0.00603
3	0.00982	0.00956	0.02567	0.09853	0.14263	0.02886	0.10952	0.02117	0.02209	0.01380	0.01869	0.01054	0.00704	0.00423	0.00512	0.00114	0.09515	0.00357	0.00242	0.37047
4	0.01268	0.28063	0.04707	0.06022	0.08770	0.13064	0.02904	0.13610	0.08021	0.02729	0.02001	0.01002	0.00738	0.00469	0.00440	0.00124	0.04848	0.00344	0.00270	0.00607
5	0.02225	0.01118	0.10459	0.12312	0.26199	0.02028	0.06195	0.12462	0.07535	0.04836	0.05389	0.01360	0.03273	0.00495	0.00445	0.00138	0.00506	0.00439	0.01953	0.00634
6	0.01125	0.00854	0.01145	0.04236	0.12847	0.00829	0.04993	0.16857	0.04072	0.09915	0.08169	0.04030	0.11687	0.00596	0.00445	0.00126	0.00400	0.00513	0.00364	0.16796
7	0.10163	0.00662	0.00751	0.00668	0.00848	0.00688	0.00518	0.07912	0.14928	0.06308	0.46855	0.02446	0.02795	0.01932	0.00496	0.00144	0.00283	0.00632	0.00454	0.00516
8	0.18851	0.00852	0.01170	0.31639	0.04683	0.02142	0.02580	0.02469	0.00823	0.01324	0.00751	0.01081	0.00625	0.00806	0.09120	0.00212	0.19790	0.00369	0.00222	0.00491
9	0.00535	0.00433	0.00476	0.00500	0.00616	0.00374	0.00364	0.00645	0.00982	0.01212	0.08342	0.23492	0.56831	0.01172	0.00533	0.00157	0.00234	0.02313	0.00414	0.00373
10	0.00823	0.00412	0.00412	0.00412	0.00515	0.00412	0.00309	0.01029	0.00926	0.01647	0.01441	0.01647	0.01132	0.00515	0.00309	0.00103	0.00206	0.00412	0.86930	0.00412
11	0.00934	0.00628	0.00648	0.00608	0.00770	0.00688	0.00466	0.01560	0.33151	0.01728	0.01585	0.01647	0.01219	0.00549	0.00365	0.00122	0.00264	0.00447	0.52095	0.00527
12	0.00642	0.00430	0.00491	0.00491	0.00494	0.00433	0.00279	0.00648	0.00645	0.00863	0.01383	0.02842	0.01585	0.81111	0.05587	0.00440	0.00460	0.00635	0.00266	0.00273
13	0.01679	0.01237	0.01325	0.01016	0.01370	0.01370	0.00839	0.80251	0.02077	0.02783	0.01060	0.01060	0.00751	0.00530	0.00442	0.00133	0.00486	0.00398	0.00442	0.00751
14	0.00916	0.00785	0.00916	0.00654	0.01047	0.00589	0.00523	0.01112	0.00916	0.01439	0.00785	0.00916	0.00654	0.00327	0.00327	0.00065	0.00327	0.00262	0.00262	0.87178
15	0.00823	0.00412	0.00412	0.00412	0.00515	0.00412	0.00309	0.01029	0.00926	0.01647	0.01441	0.01647	0.01132	0.00515	0.00309	0.00103	0.00206	0.00412	0.86930	0.00412
16	0.00540	0.00444	0.00473	0.00491	0.00619	0.00382	0.00367	0.00651	0.00979	0.01184	0.04014	0.13004	0.65213	0.03695	0.00585	0.00165	0.00246	0.06172	0.00406	0.00370
17	0.00886	0.02285	0.82190	0.01259	0.01912	0.01026	0.01632	0.01399	0.00932	0.01399	0.00793	0.00932	0.00559	0.00420	0.00420	0.00140	0.00653	0.00326	0.00186	0.00653
18	0.01042	0.01191	0.02606	0.01862	0.02308	0.01117	0.80119	0.01415	0.01042	0.01415	0.00894	0.01191	0.00670	0.00372	0.00521	0.00149	0.00745	0.00521	0.00223	0.00596
19	0.00669	0.00462	0.00600	0.00559	0.00674	0.00423	0.00422	0.00872	0.01240	0.04628	0.75294	0.03276	0.07404	0.00899	0.00518	0.00139	0.00215	0.00792	0.00485	0.00427
20	0.00988	0.17407	0.03849	0.01109	0.01416	0.01058	0.25470	0.03452	0.15677	0.02458	0.03893	0.13200	0.05040	0.00636	0.00464	0.00143	0.00487	0.02375	0.00314	0.00563
21	0.01014	0.00948	0.02913	0.36124	0.38156	0.01018	0.03689	0.01286	0.00952	0.04820	0.00842	0.01141	0.00662	0.00436	0.00485	0.00141	0.04151	0.00398	0.00222	0.00601
22	0.01151	0.00955	0.01014	0.00900	0.01157	0.01097	0.00704	0.05711	0.75086	0.04332	0.01764	0.01618	0.01315	0.00595	0.00449	0.00149	0.00356	0.00493	0.00452	0.00703
23	0.00713	0.00473	0.00572	0.00550	0.00677	0.00433	0.00414	0.00905	0.02941	0.06960	0.38437	0.11589	0.22556	0.00946	0.00501	0.00144	0.00235	0.02303	0.08224	0.00428
24	0.01353	0.02502	0.18569	0.02524	0.08024	0.05582	0.05640	0.27762	0.12415	0.09538	0.01111	0.01149	0.00801	0.00490	0.00438	0.00136	0.00529	0.00399	0.00349	0.00690
25	0.01404	0.00859	0.06756	0.00807	0.01091	0.00762	0.00696	0.08757	0.12026	0.36126	0.13061	0.01806	0.01536	0.00680	0.02356	0.00153	0.02124	0.02798	0.05556	0.00645
26	0.00570	0.00407	0.00549	0.00652	0.00691	0.00386	0.00466	0.00671	0.00877	0.01163	0.02417	0.69507	0.02851	0.01353	0.00572	0.00184	0.00284	0.15621	0.00409	0.00368
27	0.01009	0.01348	0.18360	0.43235	0.03502	0.14841	0.04539	0.03357	0.00999	0.01239	0.00880	0.01140	0.02757	0.00456	0.00435	0.00140	0.00631	0.00380	0.00213	0.00539
28	0.02282	0.08037	0.21996	0.12488	0.14621	0.01089	0.12015	0.07959	0.05837	0.05838	0.00970	0.03221	0.00753	0.00460	0.00435	0.00138	0.00560	0.00411	0.00261	0.00630
29	0.00917	0.02242	0.10723	0.00914	0.01080	0.11948	0.03599	0.01079	0.00905	0.05305	0.01466	0.32117	0.01557	0.02030	0.06190	0.00201	0.14121	0.01723	0.01414	0.00470
30	0.74027	0.05897	0.00809	0.00633	0.00910	0.01058	0.00530	0.05042	0.00831	0.03605	0.00658	0.00757	0.00512	0.00427	0.00320	0.00136	0.02809	0.00255	0.00280	0.00502
31	0.00738	0.00394	0.00553	0.00553	0.00553	0.00394	0.00356	0.00591	0.00591	0.00788	0.00915	0.01709	0.00966	0.21169	0.01850	0.66621	0.00394	0.00445	0.00210	0.00210
32	0.00980	0.02052	0.01975	0.00784	0.01951	0.00774	0.02657	0.12131	0.20401	0.05817	0.24555	0.08080	0.06166	0.02812	0.00522	0.00151	0.00332	0.03132	0.04178	0.00550
33	0.01217	0.44454	0.21367	0.00972	0.01396	0.11759	0.02404	0.09382	0.01073	0.01314	0.00716	0.00818	0.00586	0.00413	0.00351	0.00113	0.00563	0.00285	0.00219	0.00600
34	0.00555	0.00513	0.03411	0.00500	0.00657	0.00404	0.00399	0.00699	0.01048	0.01310	0.18999	0.05195	0.62653	0.01056	0.00519	0.00147	0.00237	0.00890	0.00417	0.00391
35	0.01065	0.17097	0.35055	0.01166	0.04458	0.01180	0.07765	0.11766	0.07491	0.01544	0.01051	0.01253	0.02998	0.00488	0.00419	0.00135	0.00554	0.03622	0.00261	0.00632
36	0.00773	0.00581	0.00755	0.00821	0.00946	0.00606	0.00699	0.01155	0.15011	0.01407	0.02247	0.07242	0.02346	0.01117	0.00580	0.00193	0.00391	0.62258	0.00414	0.00456
37	0.00632	0.00474	0.00647	0.00601	0.00707	0.00453	0.02726	0.00817	0.01111	0.01555	0.57391	0.03064	0.08588	0.07605	0.11450	0.00237	0.00370	0.00745	0.00424	0.00405
38	0.00897	0.05288	0.79281	0.01241	0.01883	0.01052	0.01600	0.01396	0.00931	0.01386	0.00786	0.00924	0.00560	0.00418	0.00415	0.00138	0.00646	0.00323	0.00187	0.00650
39	0.00678	0.00524	0.00603	0.00574	0.00712	0.00505	0.00435	0.02742	0.10709	0.01581	0.38288	0.06662	0.28134	0.00937	0.00506	0.00145	0.00241	0.02023	0.03558	0.00441
40	0.01250	0.04509	0.01369	0.01043	0.01319	0.04276	0.19914	0.11682	0.01188	0.21704	0.02873	0.22724	0.01447	0.00724	0.00488	0.00148	0.00468	0.01903	0.00387	0.00583
41	0.19384	0.00974	0.01042	0.00895	0.01082	0.11569	0.05361	0.04215	0.03321	0.09124	0.05259	0.06835	0.06252	0.00775	0.04198	0.00175	0.18238	0.00477	0.00312	0.00512
42	0.00957	0.00922	0.01587	0.42758	0.35255	0.01031	0.05540	0.01235	0.00934	0.01271	0.00802	0.01136	0.00638	0.00431	0.00482	0.00142	0.03691	0.00400	0.00207	0.00582
43	0.00973	0.01026	0.04458	0.37840	0.09432	0.05679	0.17167	0.01372	0.09391	0.01313	0.00977	0.01343	0.00776	0.00469	0.00459	0.00145	0.00590	0.03669	0.00242	0.02679
44	0.00658	0.00495	0.00650	0.00644	0.00708	0.00531	0.00481	0.00717	0.00794	0.01054	0.03551	0.12201	0.22631	0.06985	0.17180	0.16057	0.10084	0.03925	0.00303	0.00351
45	0.01060	0.15456	0.50677	0.01128	0.01637	0.08697	0.02478	0.02668	0.00981	0.04803	0.00861	0.02196	0.01583	0.00458	0.00439	0.00133	0.03573	0.00340	0.00217	0.00617
