[name]
unknown

[dist]
# distance from previous block
# <min> <max>
0	137

[block]
# block no. 0 follows, 74 sequences, length 8
# corresponding to MSA columns:
# 210-217
name=unknown_A
#
# <colnr> <probs for GDERKNQSTAVLIFYWHMCP>
#	G	D	E	R	K	N	Q	S	T	A	V	L	I	F	Y	W	H	M	C	P
0	0.00549	0.00436	0.04014	0.00552	0.00607	0.00392	0.00412	0.00633	0.00685	0.03242	0.01631	0.43087	0.01860	0.21535	0.07871	0.00237	0.02435	0.09214	0.00295	0.00312
1	0.11197	0.03216	0.05009	0.29505	0.05712	0.04427	0.08882	0.01075	0.05305	0.04626	0.02423	0.04806	0.04843	0.00493	0.01437	0.00129	0.04191	0.02059	0.00225	0.00443
2	0.00600	0.00443	0.00533	0.00490	0.00617	0.00400	0.00369	0.05351	0.00972	0.03405	0.40996	0.14058	0.19920	0.00779	0.00421	0.00117	0.00210	0.00676	0.00367	0.09278
3	0.09371	0.04921	0.09389	0.02395	0.03762	0.00648	0.02163	0.05409	0.03613	0.20866	0.23719	0.03275	0.03155	0.00589	0.02654	0.00127	0.00330	0.00439	0.02694	0.00479
4	0.03702	0.01032	0.05042	0.02964	0.34911	0.15754	0.05311	0.05372	0.04420	0.07063	0.04878	0.00989	0.00743	0.00381	0.00360	0.00107	0.00453	0.00331	0.00235	0.05954
5	0.05284	0.00628	0.00704	0.00596	0.00765	0.03348	0.02773	0.18275	0.01059	0.10348	0.15601	0.03896	0.08613	0.00556	0.00386	0.00110	0.03209	0.00451	0.22952	0.00445
6	0.00837	0.03463	0.09406	0.02596	0.06804	0.00618	0.02503	0.01054	0.02602	0.05681	0.00722	0.00826	0.00574	0.00306	0.00301	0.00074	0.00333	0.00252	0.00224	0.60825
7	0.06931	0.34076	0.01408	0.00827	0.04872	0.12655	0.02364	0.24954	0.03296	0.01405	0.00677	0.00742	0.00543	0.00369	0.00304	0.00096	0.00430	0.00261	0.00239	0.03553

[dist]
# distance from previous block
# <min> <max>
0	7

[block]
# block no. 1 follows, 74 sequences, length 14
# corresponding to MSA columns:
# 228-241
name=unknown_B
#
# <colnr> <probs for GDERKNQSTAVLIFYWHMCP>
#	G	D	E	R	K	N	Q	S	T	A	V	L	I	F	Y	W	H	M	C	P
0	0.03622	0.00653	0.02548	0.00627	0.00858	0.03864	0.02463	0.01358	0.07552	0.39585	0.13871	0.01765	0.14053	0.00559	0.00384	0.00114	0.00297	0.00465	0.00386	0.04973
1	0.00558	0.02477	0.00572	0.02947	0.00650	0.00464	0.00409	0.01853	0.03953	0.00951	0.03860	0.39478	0.02978	0.18396	0.11376	0.00244	0.05147	0.03079	0.00286	0.00322
2	0.16911	0.00837	0.03099	0.02279	0.01022	0.02173	0.02720	0.15327	0.29641	0.19111	0.01133	0.01085	0.00811	0.00446	0.00363	0.00119	0.01671	0.00348	0.00347	0.00559
3	0.01387	0.01769	0.01052	0.00956	0.01148	0.85465	0.00717	0.01482	0.01052	0.00908	0.00574	0.00669	0.00478	0.00383	0.00335	0.00096	0.00669	0.00239	0.00191	0.00430
4	0.00621	0.00421	0.00558	0.07528	0.06687	0.00421	0.00427	0.00761	0.00810	0.02483	0.18960	0.14489	0.07654	0.05946	0.02132	0.02709	0.00260	0.00561	0.26220	0.00352
5	0.00772	0.00427	0.00538	0.00512	0.00629	0.00397	0.00389	0.02129	0.02105	0.17459	0.22414	0.22645	0.07843	0.00764	0.00407	0.00123	0.00227	0.05026	0.14796	0.00397
6	0.04792	0.00592	0.03409	0.00583	0.00801	0.00513	0.00482	0.02845	0.02718	0.41740	0.06118	0.01839	0.18424	0.05014	0.06789	0.00164	0.00342	0.00471	0.00375	0.01991
7	0.00528	0.00384	0.00485	0.00465	0.00555	0.00358	0.00347	0.00710	0.02991	0.01410	0.67367	0.08078	0.10338	0.00783	0.00433	0.00119	0.00182	0.00688	0.03431	0.00349
8	0.01319	0.01117	0.01049	0.00849	0.01087	0.19651	0.00684	0.46767	0.01371	0.07003	0.00822	0.00871	0.00610	0.00446	0.00438	0.00110	0.08729	0.00311	0.03346	0.03418
9	0.04062	0.00810	0.08468	0.02877	0.00999	0.02417	0.00567	0.02467	0.04531	0.04557	0.00730	0.00830	0.00581	0.00356	0.01675	0.00083	0.01783	0.00249	0.00230	0.61726
10	0.11756	0.03084	0.04747	0.10966	0.02164	0.02847	0.21741	0.17091	0.00999	0.04111	0.05251	0.01270	0.04932	0.00499	0.02202	0.00130	0.01657	0.03817	0.00258	0.00480
11	0.00962	0.68215	0.08060	0.00678	0.00991	0.04762	0.00677	0.01157	0.05253	0.00965	0.04830	0.00765	0.00664	0.00355	0.00268	0.00087	0.00403	0.00242	0.00184	0.00480
12	0.00536	0.00354	0.00413	0.00419	0.00433	0.00347	0.00250	0.00531	0.00574	0.00754	0.01417	0.08294	0.09316	0.62502	0.01599	0.10889	0.00329	0.00573	0.00237	0.00231
13	0.11426	0.05154	0.01023	0.05408	0.03862	0.05968	0.09214	0.01130	0.00816	0.10775	0.00733	0.00833	0.00566	0.00324	0.00308	0.00086	0.00366	0.00268	0.00236	0.41504

[dist]
# distance from previous block
# <min> <max>
1	7

[block]
# block no. 2 follows, 74 sequences, length 7
# corresponding to MSA columns:
# 249-255
name=unknown_C
#
# <colnr> <probs for GDERKNQSTAVLIFYWHMCP>
#	G	D	E	R	K	N	Q	S	T	A	V	L	I	F	Y	W	H	M	C	P
0	0.00747	0.04173	0.02188	0.03752	0.02438	0.03319	0.07104	0.02609	0.14480	0.03039	0.05840	0.10515	0.16632	0.04533	0.00509	0.00130	0.05505	0.02021	0.00289	0.10178
1	0.00653	0.00521	0.00676	0.00623	0.00725	0.03415	0.00483	0.00765	0.00645	0.03139	0.00933	0.04758	0.00886	0.05809	0.49446	0.03615	0.08843	0.00389	0.00211	0.13464
2	0.00572	0.00387	0.00475	0.00458	0.00554	0.00349	0.00336	0.00697	0.00918	0.06875	0.41462	0.13282	0.24047	0.07259	0.00546	0.00141	0.00207	0.00718	0.00374	0.00344
3	0.00654	0.00523	0.00676	0.06792	0.05562	0.03146	0.02994	0.06870	0.00871	0.03763	0.06933	0.40295	0.15900	0.00868	0.00437	0.00134	0.00288	0.02596	0.00322	0.00377
4	0.00527	0.00371	0.00451	0.00460	0.00540	0.00337	0.00332	0.00639	0.00860	0.03698	0.29365	0.24348	0.23561	0.07319	0.00550	0.00146	0.00211	0.02977	0.02978	0.00327
5	0.04303	0.29573	0.03423	0.12004	0.09157	0.22726	0.00763	0.04998	0.04560	0.04308	0.00668	0.00775	0.00540	0.00364	0.00312	0.00099	0.00476	0.00263	0.00204	0.00484
6	0.37178	0.11219	0.04051	0.02678	0.03530	0.09236	0.05606	0.05667	0.00819	0.09300	0.00715	0.03873	0.00578	0.00402	0.00334	0.00112	0.03711	0.00288	0.00240	0.00462

[dist]
# distance from previous block
# <min> <max>
3	32

[block]
# block no. 3 follows, 74 sequences, length 9
# corresponding to MSA columns:
# 299-307
name=unknown_D
#
# <colnr> <probs for GDERKNQSTAVLIFYWHMCP>
#	G	D	E	R	K	N	Q	S	T	A	V	L	I	F	Y	W	H	M	C	P
0	0.00891	0.00810	0.07180	0.05756	0.03655	0.00654	0.14720	0.05095	0.00872	0.09898	0.02176	0.03871	0.00741	0.00380	0.00347	0.00093	0.00381	0.02615	0.00248	0.39617
1	0.00844	0.03425	0.02536	0.15040	0.01275	0.00667	0.06815	0.04809	0.03598	0.04708	0.00735	0.00866	0.00576	0.00320	0.00316	0.00081	0.00356	0.00273	0.00227	0.52534
2	0.83259	0.00714	0.00562	0.00493	0.00729	0.00809	0.00405	0.01080	0.00642	0.01633	0.00527	0.00615	0.00413	0.00340	0.00233	0.00111	0.00286	0.00202	0.00229	0.06722
3	0.03478	0.02970	0.06771	0.00787	0.01980	0.02573	0.08268	0.04590	0.18716	0.05958	0.02491	0.10201	0.01072	0.00681	0.05102	0.00150	0.07830	0.04162	0.11756	0.00464
4	0.00507	0.00384	0.00417	0.00409	0.00526	0.00329	0.00304	0.00610	0.00868	0.04588	0.15074	0.07345	0.62691	0.03694	0.00485	0.00132	0.00198	0.00755	0.00355	0.00329
5	0.62310	0.00741	0.00674	0.03371	0.00858	0.00834	0.00479	0.13190	0.00842	0.09663	0.00719	0.03660	0.00558	0.00399	0.00277	0.00116	0.00312	0.00270	0.00274	0.00454
6	0.00813	0.00468	0.00589	0.00563	0.00685	0.00441	0.00419	0.00990	0.07896	0.19772	0.01680	0.32810	0.03423	0.11923	0.00610	0.00161	0.00276	0.07820	0.03084	0.05575
7	0.08644	0.01041	0.00969	0.00797	0.01050	0.17246	0.00643	0.37720	0.07511	0.14996	0.00989	0.01082	0.00740	0.00460	0.00360	0.00113	0.00422	0.04321	0.00338	0.00556
8	0.18547	0.18949	0.03836	0.03307	0.10563	0.04529	0.02889	0.04606	0.00861	0.13303	0.06813	0.08487	0.00936	0.00461	0.00328	0.00110	0.00363	0.00368	0.00264	0.00478

[dist]
# distance from previous block
# <min> <max>
0	15

[block]
# block no. 4 follows, 74 sequences, length 10
# corresponding to MSA columns:
# 323-332
name=unknown_E
#
# <colnr> <probs for GDERKNQSTAVLIFYWHMCP>
#	G	D	E	R	K	N	Q	S	T	A	V	L	I	F	Y	W	H	M	C	P
0	0.00888	0.00779	0.00897	0.03512	0.03891	0.12788	0.07102	0.01079	0.05296	0.09106	0.03513	0.12861	0.03767	0.04059	0.00465	0.00118	0.03511	0.04066	0.00271	0.22029
1	0.00875	0.00935	0.01634	0.01228	0.01506	0.07558	0.50091	0.06017	0.00923	0.01206	0.04470	0.01451	0.07951	0.00468	0.00487	0.00127	0.06684	0.05696	0.00230	0.00464
2	0.00701	0.00660	0.01113	0.86063	0.02556	0.00825	0.01031	0.00948	0.00742	0.00948	0.00660	0.00990	0.00495	0.00371	0.00371	0.00124	0.00495	0.00330	0.00165	0.00412
3	0.01039	0.03187	0.03376	0.07162	0.02822	0.00883	0.17068	0.11371	0.30562	0.12965	0.01175	0.02921	0.00889	0.00456	0.00388	0.00122	0.00403	0.02339	0.00318	0.00553
4	0.00668	0.00394	0.00593	0.00646	0.07176	0.00411	0.00406	0.00560	0.00520	0.00708	0.00677	0.01186	0.00681	0.07124	0.01383	0.71404	0.04745	0.00338	0.00167	0.00212
5	0.15837	0.00568	0.00644	0.00562	0.00751	0.00564	0.00450	0.07692	0.02670	0.27246	0.05751	0.09069	0.07409	0.00587	0.00359	0.00119	0.00274	0.05936	0.13048	0.00465
6	0.41179	0.03430	0.01045	0.10015	0.09187	0.03432	0.11510	0.09250	0.02741	0.04065	0.00671	0.00795	0.00511	0.00359	0.00311	0.00115	0.00396	0.00283	0.00234	0.00471
7	0.00538	0.00361	0.00463	0.00480	0.00529	0.00347	0.00332	0.00596	0.03606	0.00966	0.15210	0.26302	0.14547	0.07678	0.03011	0.23512	0.00267	0.00681	0.00295	0.00279
8	0.13203	0.00931	0.00969	0.00759	0.01041	0.02874	0.00622	0.51545	0.06508	0.09570	0.00906	0.00902	0.00648	0.00422	0.00344	0.00108	0.00372	0.00314	0.00345	0.07618
9	0.00623	0.01712	0.00668	0.03243	0.05045	0.00462	0.03838	0.02085	0.04121	0.04765	0.06704	0.42846	0.06044	0.04757	0.00515	0.00151	0.00285	0.11443	0.00327	0.00367

[dist]
# distance from previous block
# <min> <max>
1	6

[block]
# block no. 5 follows, 74 sequences, length 8
# corresponding to MSA columns:
# 340-347
name=unknown_F
#
# <colnr> <probs for GDERKNQSTAVLIFYWHMCP>
#	G	D	E	R	K	N	Q	S	T	A	V	L	I	F	Y	W	H	M	C	P
0	0.00939	0.42563	0.07848	0.00934	0.01262	0.01176	0.22270	0.05555	0.03395	0.01097	0.00685	0.00874	0.00579	0.00363	0.00355	0.00102	0.03537	0.02690	0.00192	0.03586
1	0.00855	0.05353	0.17238	0.06494	0.01206	0.00784	0.06647	0.12999	0.09349	0.02766	0.09140	0.01314	0.04202	0.00505	0.02225	0.00119	0.00401	0.03054	0.00267	0.15083
2	0.00601	0.00395	0.00494	0.00465	0.00565	0.00358	0.00344	0.00739	0.00954	0.08243	0.51479	0.07719	0.17578	0.07754	0.00552	0.00140	0.00206	0.00679	0.00383	0.00354
3	0.00862	0.04098	0.08266	0.05103	0.02374	0.05249	0.13048	0.05089	0.20169	0.03133	0.06416	0.03346	0.03981	0.00571	0.03393	0.00135	0.05060	0.02908	0.00271	0.06527
4	0.10912	0.00464	0.00543	0.00494	0.00641	0.00435	0.00381	0.00940	0.00913	0.19488	0.27645	0.12300	0.17736	0.00713	0.00396	0.00120	0.00226	0.00604	0.04645	0.00404
5	0.02565	0.05165	0.34210	0.12250	0.05293	0.02572	0.09831	0.06902	0.08760	0.05782	0.02634	0.00960	0.00652	0.00384	0.00364	0.00117	0.00481	0.00328	0.00222	0.00528
6	0.02454	0.02798	0.00807	0.02908	0.00901	0.02427	0.02154	0.13239	0.06026	0.10500	0.11093	0.09342	0.08182	0.00537	0.00363	0.00102	0.00300	0.00451	0.00318	0.25098
7	0.00521	0.00379	0.00516	0.00530	0.00578	0.00408	0.00384	0.00611	0.00620	0.00854	0.01355	0.12600	0.05755	0.23565	0.46041	0.00440	0.00669	0.03639	0.00237	0.00300

[dist]
# distance from previous block
# <min> <max>
2	9

[block]
# block no. 6 follows, 74 sequences, length 16
# corresponding to MSA columns:
# 361-376
name=unknown_G
#
# <colnr> <probs for GDERKNQSTAVLIFYWHMCP>
#	G	D	E	R	K	N	Q	S	T	A	V	L	I	F	Y	W	H	M	C	P
0	0.11415	0.11706	0.07028	0.02223	0.04504	0.06585	0.20354	0.06596	0.03604	0.07553	0.00818	0.00926	0.02523	0.00379	0.00377	0.00109	0.03945	0.00322	0.01182	0.07853
1	0.01064	0.03851	0.08952	0.00778	0.01045	0.03674	0.06354	0.13552	0.05912	0.19043	0.05920	0.02726	0.02945	0.00480	0.00416	0.00112	0.05506	0.02965	0.03740	0.10965
2	0.00557	0.00414	0.00588	0.00583	0.00656	0.00461	0.00445	0.00700	0.03381	0.00892	0.01067	0.05083	0.01034	0.07888	0.64765	0.03758	0.00825	0.02746	0.00216	0.03942
3	0.00600	0.00369	0.00476	0.00513	0.00583	0.00333	0.00360	0.00678	0.00774	0.11299	0.02232	0.63677	0.14607	0.01043	0.00456	0.00143	0.00224	0.00930	0.00359	0.00344
4	0.49713	0.00882	0.09337	0.00773	0.05830	0.00842	0.05076	0.07953	0.00818	0.12275	0.00707	0.00775	0.00516	0.00374	0.00318	0.00116	0.02691	0.00265	0.00257	0.00481
5	0.01232	0.01059	0.10744	0.00870	0.01159	0.05726	0.04395	0.38157	0.10464	0.13891	0.01015	0.03937	0.00755	0.00468	0.00413	0.00118	0.04322	0.00366	0.00331	0.00578
6	0.00571	0.00391	0.00492	0.00508	0.00595	0.00362	0.00384	0.00702	0.01958	0.05922	0.22827	0.24551	0.20083	0.04846	0.00521	0.00147	0.00234	0.14202	0.00362	0.00342
7	0.00958	0.55111	0.16250	0.00868	0.07957	0.05422	0.00805	0.01202	0.06485	0.01002	0.00628	0.00713	0.00530	0.00341	0.00283	0.00093	0.00433	0.00240	0.00177	0.00503
8	0.00511	0.00364	0.00452	0.00483	0.00558	0.00329	0.00349	0.00614	0.00833	0.03869	0.18636	0.40896	0.24354	0.00994	0.00456	0.00137	0.00210	0.05265	0.00361	0.00327
9	0.00788	0.08965	0.59702	0.05946	0.01530	0.00897	0.04916	0.05405	0.00830	0.01187	0.01767	0.03793	0.00603	0.01647	0.00376	0.00119	0.00510	0.00317	0.00181	0.00521
10	0.00477	0.00368	0.00435	0.00438	0.00530	0.00327	0.00321	0.00599	0.00907	0.01194	0.36837	0.17848	0.36573	0.00904	0.00444	0.00126	0.00187	0.00785	0.00371	0.00327
11	0.42166	0.15642	0.07331	0.00635	0.00908	0.03883	0.00576	0.14093	0.02395	0.04349	0.00670	0.00735	0.00514	0.00369	0.00275	0.00107	0.00354	0.00245	0.04282	0.00471
12	0.00561	0.00372	0.00445	0.00446	0.00460	0.00381	0.00273	0.00591	0.03427	0.00760	0.01141	0.05647	0.01270	0.63527	0.08328	0.10986	0.00397	0.00520	0.00225	0.00241
13	0.00996	0.00621	0.00891	0.17351	0.09756	0.03516	0.02886	0.01139	0.00852	0.27161	0.06475	0.07510	0.02947	0.05398	0.05485	0.05410	0.00407	0.00442	0.00298	0.00458
14	0.07098	0.00900	0.01080	0.16140	0.06342	0.08446	0.06588	0.22329	0.10758	0.04884	0.00897	0.04120	0.00714	0.02195	0.00429	0.00122	0.03747	0.00362	0.00273	0.02573
15	0.06590	0.00801	0.02857	0.24372	0.27229	0.03607	0.05565	0.03281	0.04661	0.04247	0.02997	0.01214	0.05570	0.00419	0.00369	0.00116	0.00425	0.02221	0.00225	0.03234

[dist]
# distance from previous block
# <min> <max>
0	13

[block]
# block no. 7 follows, 74 sequences, length 51
# corresponding to MSA columns:
# 390-422,426-443
name=unknown_H
#
# <colnr> <probs for GDERKNQSTAVLIFYWHMCP>
#	G	D	E	R	K	N	Q	S	T	A	V	L	I	F	Y	W	H	M	C	P
0	0.03973	0.21233	0.12729	0.00749	0.01056	0.06545	0.00702	0.14802	0.08907	0.09446	0.04396	0.00932	0.00742	0.00400	0.00338	0.00100	0.01898	0.00297	0.00266	0.10491
1	0.04297	0.06075	0.21164	0.03590	0.01163	0.04187	0.06033	0.06072	0.13385	0.07639	0.09346	0.01286	0.04494	0.00528	0.02989	0.00128	0.00417	0.01228	0.00272	0.05706
2	0.00919	0.02732	0.08012	0.00764	0.01076	0.00665	0.11338	0.08684	0.02776	0.10784	0.09140	0.01095	0.00909	0.00445	0.02634	0.00104	0.00373	0.00334	0.00272	0.36942
3	0.00518	0.00370	0.00476	0.00487	0.00523	0.00387	0.00331	0.00581	0.00604	0.00821	0.01404	0.12839	0.07336	0.39262	0.32010	0.00403	0.00560	0.00571	0.00239	0.00280
4	0.01064	0.59070	0.03760	0.00765	0.04107	0.09137	0.00683	0.11557	0.03483	0.01112	0.01899	0.00714	0.00567	0.00354	0.00279	0.00089	0.00422	0.00240	0.00200	0.00499
5	0.03910	0.00937	0.08371	0.01106	0.01406	0.00854	0.35255	0.06125	0.03696	0.16330	0.04442	0.01070	0.00754	0.00416	0.00494	0.00123	0.10689	0.00388	0.00260	0.03375
6	0.03335	0.61430	0.21979	0.00739	0.01108	0.02625	0.00807	0.01144	0.00768	0.02360	0.00569	0.00653	0.00480	0.00330	0.00269	0.00090	0.00434	0.00220	0.00166	0.00494
7	0.04615	0.19106	0.43907	0.00958	0.02845	0.00948	0.09063	0.01132	0.01621	0.02984	0.02114	0.00951	0.02992	0.00454	0.02973	0.00126	0.01234	0.01284	0.00186	0.00505
8	0.00491	0.00351	0.00475	0.00561	0.00600	0.00335	0.00412	0.00584	0.00749	0.00991	0.02024	0.64668	0.02370	0.01126	0.00484	0.00156	0.00249	0.22716	0.00344	0.00312
9	0.02300	0.00869	0.12774	0.00782	0.01088	0.00689	0.06485	0.12410	0.03435	0.43061	0.09400	0.01318	0.02714	0.00471	0.00381	0.00116	0.00365	0.00395	0.00374	0.00573
10	0.02450	0.07535	0.02724	0.06958	0.25921	0.08456	0.10600	0.07098	0.07865	0.07520	0.00826	0.02238	0.00656	0.00432	0.01619	0.00121	0.04994	0.00343	0.00234	0.01411
11	0.03752	0.00649	0.01954	0.04708	0.00912	0.04939	0.05354	0.02120	0.01634	0.09892	0.14537	0.13956	0.08101	0.02372	0.03615	0.01888	0.17486	0.01443	0.00289	0.00401
12	0.00536	0.00364	0.00417	0.00417	0.00432	0.00359	0.00249	0.00559	0.00602	0.00802	0.07366	0.02566	0.05383	0.73846	0.01671	0.00325	0.00338	0.03279	0.00248	0.00242
13	0.00667	0.00550	0.03228	0.03511	0.02554	0.01525	0.01549	0.05020	0.09253	0.04820	0.14883	0.25451	0.17964	0.00838	0.01789	0.00138	0.01649	0.02706	0.01508	0.00396
14	0.00933	0.03477	0.02657	0.20147	0.41701	0.04941	0.03327	0.06178	0.03556	0.03968	0.00805	0.00994	0.02464	0.00381	0.00391	0.00115	0.02889	0.00339	0.00209	0.00528
15	0.02716	0.00838	0.00884	0.03546	0.04726	0.15641	0.04605	0.09428	0.10859	0.14303	0.05781	0.12972	0.01171	0.03871	0.00450	0.01058	0.00385	0.01814	0.04479	0.00472
16	0.00547	0.00368	0.00447	0.00447	0.00468	0.00384	0.00284	0.00589	0.00568	0.00793	0.01130	0.02135	0.01225	0.61704	0.21747	0.00400	0.00500	0.00494	0.05513	0.00258
17	0.02761	0.12819	0.29288	0.03232	0.02709	0.09001	0.12206	0.08818	0.00916	0.07442	0.00720	0.00828	0.00537	0.00370	0.00378	0.00110	0.03642	0.00297	0.00211	0.03717
18	0.15853	0.02190	0.02563	0.00862	0.01095	0.43299	0.03322	0.19885	0.02548	0.01387	0.00702	0.00841	0.00565	0.00409	0.00335	0.00106	0.00525	0.02791	0.00245	0.00476
19	0.00765	0.00807	0.01571	0.01185	0.01437	0.00799	0.50036	0.01029	0.04386	0.01141	0.04695	0.10932	0.09487	0.00534	0.00520	0.00132	0.09323	0.00540	0.00236	0.00447
20	0.00520	0.00396	0.00456	0.00450	0.00566	0.00347	0.00345	0.00640	0.00881	0.03065	0.21174	0.06137	0.46850	0.03536	0.00485	0.00134	0.00215	0.09918	0.00353	0.03531
21	0.00516	0.00363	0.00455	0.00507	0.02438	0.00352	0.00318	0.00567	0.00668	0.00895	0.07516	0.33900	0.03507	0.41135	0.01130	0.00245	0.00291	0.04628	0.00289	0.00278
22	0.01319	0.00815	0.01074	0.00834	0.01113	0.00832	0.10711	0.24655	0.17599	0.32320	0.01217	0.01155	0.00838	0.00445	0.00378	0.00116	0.00371	0.00379	0.03232	0.00598
23	0.00755	0.00659	0.01817	0.02596	0.02773	0.01886	0.01718	0.00954	0.03803	0.02349	0.09321	0.05047	0.02382	0.00394	0.00317	0.00076	0.00286	0.00333	0.00252	0.62282
24	0.53800	0.03619	0.02364	0.01722	0.00866	0.09753	0.00512	0.03203	0.16892	0.01523	0.00756	0.02285	0.00598	0.00396	0.00282	0.00115	0.00341	0.00269	0.00255	0.00450
25	0.00876	0.01093	0.11397	0.01457	0.01842	0.00927	0.68962	0.04692	0.00900	0.01232	0.00773	0.02638	0.00592	0.00340	0.00426	0.00124	0.00600	0.00427	0.00195	0.00508
26	0.02120	0.00651	0.03181	0.15989	0.09294	0.00634	0.06679	0.03592	0.05309	0.01176	0.12632	0.04040	0.05554	0.02665	0.08239	0.03972	0.00418	0.00428	0.00249	0.13179
27	0.03372	0.00383	0.00452	0.00490	0.00562	0.00364	0.00349	0.00649	0.04279	0.02198	0.05277	0.44663	0.21991	0.05793	0.00526	0.00152	0.00228	0.05219	0.02727	0.00325
28	0.02030	0.00415	0.00522	0.00508	0.00616	0.00383	0.00380	0.00765	0.02268	0.08989	0.26962	0.24902	0.15733	0.00984	0.06260	0.00159	0.00271	0.03333	0.00358	0.04164
29	0.00545	0.00383	0.00486	0.00531	0.00576	0.00378	0.00395	0.00628	0.00704	0.00922	0.01738	0.14684	0.06391	0.35189	0.02938	0.00250	0.00338	0.32344	0.00293	0.00288
30	0.00927	0.54787	0.27169	0.00841	0.04739	0.01249	0.00883	0.03777	0.00799	0.01027	0.00582	0.00676	0.00484	0.00333	0.00283	0.00093	0.00445	0.00232	0.00166	0.00508
31	0.00559	0.02503	0.00558	0.00517	0.00563	0.00463	0.00371	0.00635	0.00644	0.00886	0.10079	0.03280	0.05064	0.37802	0.26312	0.00366	0.05673	0.03189	0.00242	0.00296
32	0.00887	0.00944	0.06594	0.22346	0.26747	0.06842	0.05174	0.05554	0.01879	0.01135	0.00675	0.00910	0.00548	0.00412	0.00518	0.00123	0.15715	0.00327	0.02177	0.00491
33	0.57424	0.00977	0.00736	0.00639	0.00872	0.18158	0.00512	0.13029	0.00885	0.02984	0.00598	0.00669	0.00459	0.00369	0.00274	0.00110	0.00383	0.00231	0.00246	0.00445
34	0.00659	0.00627	0.03567	0.02155	0.00883	0.03721	0.10252	0.00881	0.07026	0.02214	0.15888	0.07674	0.18393	0.04114	0.08029	0.00180	0.07030	0.06026	0.00295	0.00387
35	0.00860	0.06929	0.03969	0.02050	0.11814	0.18903	0.00624	0.01010	0.00830	0.01050	0.03264	0.01239	0.10007	0.02548	0.10231	0.00155	0.00476	0.00343	0.00218	0.23481
36	0.00489	0.00347	0.00437	0.00481	0.00512	0.00331	0.00321	0.00552	0.00702	0.00937	0.08883	0.46226	0.07070	0.24621	0.03519	0.00218	0.00278	0.03475	0.00313	0.00288
37	0.00865	0.08682	0.03297	0.13286	0.25246	0.01970	0.07514	0.08728	0.03179	0.03341	0.02445	0.09659	0.04934	0.03159	0.00427	0.00125	0.00412	0.02005	0.00240	0.00486
38	0.13195	0.00470	0.00551	0.00517	0.00656	0.00449	0.00392	0.00937	0.00830	0.20898	0.10045	0.25288	0.14428	0.03905	0.03187	0.00151	0.00272	0.01487	0.01945	0.00399
39	0.00836	0.00690	0.00895	0.05414	0.13447	0.02115	0.02672	0.06761	0.24797	0.04635	0.15231	0.03776	0.06321	0.00659	0.03418	0.00141	0.01539	0.05842	0.00323	0.00488
40	0.00511	0.00379	0.00476	0.00452	0.00546	0.00344	0.00339	0.00672	0.01016	0.01407	0.70855	0.02907	0.17142	0.00789	0.00438	0.00118	0.00177	0.00690	0.00398	0.00344
41	0.00864	0.00865	0.04876	0.23835	0.35407	0.04411	0.01723	0.05086	0.09748	0.01219	0.04388	0.02603	0.00779	0.00451	0.02073	0.00126	0.00450	0.00364	0.00220	0.00514
42	0.15936	0.02875	0.02913	0.03083	0.01076	0.10191	0.05469	0.13599	0.29902	0.08331	0.01032	0.01044	0.00770	0.01725	0.00369	0.00120	0.00387	0.00339	0.00309	0.00531
43	0.00564	0.00402	0.00496	0.00479	0.00577	0.00376	0.00356	0.00759	0.05697	0.04073	0.50299	0.14651	0.16472	0.00815	0.00434	0.00123	0.00194	0.00714	0.02158	0.00360
44	0.04753	0.02958	0.09850	0.06921	0.03830	0.04034	0.34965	0.09163	0.11486	0.01320	0.01964	0.01012	0.00668	0.00457	0.03222	0.00136	0.02149	0.00376	0.00229	0.00509
45	0.00646	0.00489	0.00561	0.01815	0.00663	0.03619	0.00406	0.02848	0.08780	0.03563	0.24270	0.26921	0.08501	0.03493	0.00526	0.03946	0.01704	0.01347	0.04273	0.01628
46	0.04846	0.04143	0.00603	0.00522	0.00642	0.00449	0.02929	0.01614	0.02015	0.05623	0.29048	0.20765	0.20347	0.02411	0.00451	0.00130	0.00234	0.02514	0.00352	0.00363
47	0.04935	0.59072	0.14067	0.01725	0.02704	0.05501	0.00754	0.04447	0.00814	0.02241	0.00575	0.00660	0.00487	0.00335	0.00271	0.00090	0.00429	0.00224	0.00177	0.00491
48	0.10254	0.00397	0.00468	0.00511	0.00583	0.00385	0.00363	0.00641	0.02092	0.01097	0.08397	0.57573	0.08135	0.00981	0.00435	0.00140	0.00226	0.03808	0.00333	0.03182
49	0.12428	0.03377	0.04284	0.07101	0.02510	0.09378	0.06366	0.18101	0.08334	0.14316	0.00933	0.02161	0.00712	0.00442	0.00387	0.00116	0.03745	0.02818	0.00292	0.02199
50	0.06665	0.22671	0.10194	0.00746	0.01007	0.03596	0.04222	0.05784	0.07686	0.07561	0.02985	0.02262	0.03704	0.00531	0.00374	0.00118	0.02100	0.15376	0.00266	0.02152

[dist]
# distance from previous block
# <min> <max>
2	22

[block]
# block no. 8 follows, 74 sequences, length 6
# corresponding to MSA columns:
# 466-471
name=unknown_I
#
# <colnr> <probs for GDERKNQSTAVLIFYWHMCP>
#	G	D	E	R	K	N	Q	S	T	A	V	L	I	F	Y	W	H	M	C	P
0	0.03327	0.00707	0.01044	0.34514	0.18293	0.00804	0.00854	0.03373	0.15199	0.03124	0.03676	0.04231	0.02486	0.00476	0.00403	0.00124	0.02700	0.03943	0.00245	0.00478
1	0.74571	0.00676	0.00559	0.00496	0.00714	0.00763	0.00405	0.01092	0.00703	0.06647	0.09738	0.00880	0.00772	0.00397	0.00261	0.00115	0.00277	0.00263	0.00263	0.00410
2	0.00489	0.00391	0.00449	0.00445	0.00538	0.00363	0.00331	0.00594	0.00848	0.01089	0.22055	0.09625	0.46538	0.07635	0.00589	0.00147	0.03764	0.03449	0.00343	0.00319
3	0.00523	0.00401	0.00492	0.00527	0.00598	0.00396	0.00380	0.00718	0.09846	0.01060	0.08510	0.43025	0.16464	0.03603	0.07148	0.00183	0.00288	0.05160	0.00338	0.00341
4	0.00761	0.00804	0.09890	0.00704	0.00894	0.07261	0.00619	0.04840	0.22440	0.01266	0.05888	0.05816	0.15266	0.00719	0.00422	0.00134	0.00342	0.21170	0.00324	0.00442
5	0.02465	0.07992	0.10227	0.05523	0.17082	0.03685	0.03497	0.17823	0.08960	0.04068	0.00830	0.02314	0.00651	0.00385	0.00345	0.00104	0.00411	0.00319	0.00252	0.13066

[dist]
# distance from previous block
# <min> <max>
9	14

[block]
# block no. 9 follows, 74 sequences, length 7
# corresponding to MSA columns:
# 487-493
name=unknown_J
#
# <colnr> <probs for GDERKNQSTAVLIFYWHMCP>
#	G	D	E	R	K	N	Q	S	T	A	V	L	I	F	Y	W	H	M	C	P
0	0.11927	0.08907	0.11232	0.00681	0.02807	0.04327	0.00592	0.06735	0.00858	0.09122	0.04515	0.14716	0.03746	0.03899	0.00403	0.00117	0.00342	0.00431	0.00271	0.14372
1	0.00475	0.00368	0.00420	0.00434	0.00519	0.00328	0.00313	0.00571	0.00824	0.01052	0.17280	0.17822	0.42720	0.10685	0.00612	0.00157	0.00217	0.04550	0.00342	0.00309
2	0.01077	0.01257	0.03644	0.05586	0.27901	0.35741	0.06284	0.01247	0.00902	0.01049	0.00631	0.00805	0.00524	0.00373	0.00413	0.00107	0.06592	0.00292	0.00186	0.05389
3	0.00466	0.00347	0.00437	0.00494	0.00548	0.00317	0.00349	0.00554	0.00780	0.01019	0.09711	0.55544	0.20202	0.01069	0.00466	0.00144	0.00215	0.06677	0.00350	0.00311
4	0.00928	0.00898	0.05971	0.03552	0.53740	0.00853	0.04714	0.06671	0.06677	0.03766	0.03537	0.01185	0.00802	0.00405	0.00381	0.00116	0.00427	0.04583	0.00231	0.00562
5	0.13320	0.00814	0.01003	0.02686	0.14883	0.04118	0.03872	0.16365	0.01026	0.17414	0.04618	0.00988	0.00751	0.00390	0.00339	0.00103	0.00366	0.00318	0.00294	0.16334
6	0.07816	0.00966	0.01033	0.00863	0.05394	0.04510	0.00669	0.53537	0.04717	0.09769	0.00904	0.00909	0.00647	0.00422	0.00353	0.00108	0.00390	0.00320	0.00342	0.06328

[dist]
# distance from previous block
# <min> <max>
3	69

[block]
# block no. 10 follows, 74 sequences, length 51
# corresponding to MSA columns:
# 564-614
name=unknown_K
#
# <colnr> <probs for GDERKNQSTAVLIFYWHMCP>
#	G	D	E	R	K	N	Q	S	T	A	V	L	I	F	Y	W	H	M	C	P
0	0.07222	0.00756	0.00969	0.06577	0.03030	0.00739	0.04290	0.18532	0.03732	0.35410	0.01057	0.01032	0.00723	0.00407	0.00351	0.00106	0.00355	0.00331	0.00348	0.14033
1	0.01272	0.13318	0.01241	0.01080	0.12333	0.54824	0.00762	0.08907	0.01047	0.01076	0.00612	0.00713	0.00507	0.00372	0.00329	0.00097	0.00577	0.00255	0.00202	0.00476
2	0.01413	0.00775	0.01060	0.00847	0.04652	0.00734	0.08130	0.20906	0.01168	0.45916	0.01152	0.01088	0.00768	0.00419	0.00369	0.00109	0.00367	0.00353	0.00378	0.09396
3	0.00452	0.00372	0.00398	0.00401	0.00512	0.00318	0.00297	0.00555	0.00863	0.01066	0.14932	0.10632	0.66050	0.00934	0.00442	0.00126	0.00189	0.00791	0.00354	0.00318
4	0.00459	0.00364	0.00397	0.00412	0.00500	0.00319	0.00291	0.00541	0.00796	0.00988	0.08150	0.19010	0.53932	0.11413	0.00621	0.00158	0.00213	0.00798	0.00334	0.00303
5	0.01171	0.00939	0.01262	0.19328	0.10908	0.14503	0.15063	0.06005	0.01835	0.23926	0.00907	0.01005	0.00644	0.00388	0.00377	0.00115	0.00484	0.00347	0.00269	0.00524
6	0.00838	0.00704	0.00859	0.00619	0.00947	0.00566	0.04000	0.07476	0.00856	0.02563	0.00694	0.00797	0.00562	0.00293	0.00291	0.00063	0.00301	0.00241	0.00234	0.77096
7	0.05211	0.56563	0.01605	0.00723	0.01003	0.23441	0.00649	0.05250	0.00875	0.00991	0.00550	0.00630	0.00481	0.00342	0.00270	0.00087	0.00464	0.00216	0.00181	0.00468
8	0.00540	0.00360	0.00405	0.00405	0.00405	0.00360	0.00225	0.00540	0.00540	0.00720	0.01170	0.02429	0.01349	0.86955	0.01889	0.00360	0.00360	0.00540	0.00225	0.00225
9	0.00935	0.04595	0.01525	0.02155	0.77026	0.03410	0.02665	0.01149	0.00848	0.01189	0.00688	0.00899	0.00579	0.00331	0.00362	0.00109	0.00449	0.00324	0.00183	0.00577
10	0.00526	0.00354	0.00409	0.00423	0.00426	0.00350	0.00244	0.00536	0.00567	0.00757	0.01311	0.16080	0.01529	0.73060	0.01660	0.00326	0.00336	0.00623	0.00244	0.00237
11	0.00836	0.05976	0.67533	0.01051	0.01548	0.04495	0.07151	0.01216	0.00813	0.05014	0.00698	0.00807	0.00498	0.00354	0.00353	0.00115	0.00541	0.00285	0.00175	0.00540
12	0.01027	0.70359	0.04280	0.00704	0.01019	0.05830	0.02670	0.06231	0.03141	0.01001	0.00580	0.00655	0.00506	0.00335	0.00264	0.00086	0.00419	0.00223	0.00180	0.00489
13	0.00544	0.00388	0.00536	0.00622	0.00683	0.00380	0.00504	0.00675	0.00801	0.01050	0.01995	0.34912	0.02255	0.01077	0.00498	0.00163	0.00295	0.51952	0.00343	0.00327
14	0.89577	0.00718	0.00546	0.00488	0.00718	0.00833	0.00402	0.01091	0.00632	0.01665	0.00517	0.00603	0.00402	0.00345	0.00230	0.00115	0.00287	0.00201	0.00230	0.00402
15	0.00452	0.00377	0.00395	0.00390	0.00510	0.00319	0.00293	0.00559	0.00878	0.01079	0.16478	0.03446	0.71723	0.00911	0.00439	0.00124	0.00186	0.00766	0.00355	0.00319
16	0.89577	0.00718	0.00546	0.00488	0.00718	0.00833	0.00402	0.01091	0.00632	0.01665	0.00517	0.00603	0.00402	0.00345	0.00230	0.00115	0.00287	0.00201	0.00230	0.00402
17	0.89577	0.00718	0.00546	0.00488	0.00718	0.00833	0.00402	0.01091	0.00632	0.01665	0.00517	0.00603	0.00402	0.00345	0.00230	0.00115	0.00287	0.00201	0.00230	0.00402
18	0.00452	0.00323	0.00431	0.00517	0.00538	0.00301	0.00345	0.00517	0.00711	0.00948	0.02046	0.86713	0.02455	0.01163	0.00474	0.00151	0.00215	0.01055	0.00345	0.00301
19	0.04438	0.79989	0.04180	0.00647	0.00962	0.01422	0.00649	0.01109	0.00747	0.00913	0.00520	0.00605	0.00473	0.00325	0.00258	0.00083	0.01842	0.00203	0.00162	0.00474
20	0.01105	0.13350	0.06794	0.03680	0.14106	0.07896	0.03864	0.09285	0.19886	0.13977	0.01818	0.01022	0.00759	0.00409	0.00352	0.00111	0.00411	0.00335	0.00285	0.00556
21	0.00755	0.01846	0.78406	0.01098	0.01633	0.00868	0.07924	0.01177	0.00791	0.01177	0.00673	0.00801	0.00478	0.00349	0.00359	0.00118	0.00555	0.00287	0.00159	0.00545
22	0.00535	0.00361	0.00403	0.00403	0.00410	0.00358	0.00228	0.00539	0.00555	0.00734	0.01297	0.02485	0.05433	0.82730	0.01818	0.00348	0.00351	0.00552	0.00231	0.00229
23	0.10961	0.00947	0.01100	0.00861	0.01140	0.03470	0.09721	0.43359	0.14359	0.07929	0.01865	0.00990	0.00725	0.00432	0.00364	0.00115	0.00399	0.00348	0.00338	0.00576
24	0.01122	0.12181	0.04392	0.01063	0.12322	0.07630	0.11889	0.03924	0.21671	0.18461	0.01037	0.01049	0.00762	0.00404	0.00361	0.00112	0.00419	0.00350	0.00291	0.00558
25	0.00439	0.00376	0.00376	0.00376	0.00501	0.00313	0.00282	0.00533	0.00846	0.01003	0.03760	0.03572	0.84489	0.00940	0.00439	0.00125	0.00188	0.00783	0.00345	0.00313
26	0.00540	0.00360	0.00405	0.00405	0.00405	0.00360	0.00225	0.00540	0.00540	0.00720	0.01170	0.02429	0.01349	0.86955	0.01889	0.00360	0.00360	0.00540	0.00225	0.00225
27	0.00701	0.00660	0.01113	0.86063	0.02556	0.00825	0.01031	0.00948	0.00742	0.00948	0.00660	0.00990	0.00495	0.00371	0.00371	0.00124	0.00495	0.00330	0.00165	0.00412
28	0.00701	0.00660	0.01113	0.86063	0.02556	0.00825	0.01031	0.00948	0.00742	0.00948	0.00660	0.00990	0.00495	0.00371	0.00371	0.00124	0.00495	0.00330	0.00165	0.00412
29	0.01609	0.00619	0.00843	0.00651	0.00928	0.00536	0.00536	0.01754	0.01062	0.80800	0.05540	0.01338	0.01046	0.00474	0.00376	0.00115	0.00309	0.00388	0.00457	0.00618
30	0.00540	0.00360	0.00405	0.00405	0.00405	0.00360	0.00225	0.00540	0.00540	0.00720	0.01170	0.02429	0.01349	0.86955	0.01889	0.00360	0.00360	0.00540	0.00225	0.00225
31	0.01606	0.00728	0.00868	0.00682	0.00954	0.08270	0.00555	0.01746	0.01061	0.74784	0.03838	0.01254	0.00955	0.00461	0.00372	0.00113	0.00344	0.00370	0.00434	0.00605
32	0.01411	0.01040	0.01114	0.00854	0.01151	0.01151	0.00706	0.83402	0.01745	0.02339	0.00891	0.00891	0.00631	0.00446	0.00371	0.00111	0.00408	0.00334	0.00371	0.00631
33	0.00701	0.00660	0.01113	0.86063	0.02556	0.00825	0.01031	0.00948	0.00742	0.00948	0.00660	0.00990	0.00495	0.00371	0.00371	0.00124	0.00495	0.00330	0.00165	0.00412
34	0.00453	0.00376	0.00396	0.00393	0.00511	0.00319	0.00294	0.00559	0.00876	0.01079	0.16611	0.04924	0.70099	0.00915	0.00439	0.00124	0.00186	0.00770	0.00355	0.00319
35	0.00523	0.00358	0.00412	0.00421	0.00434	0.00353	0.00250	0.00541	0.00582	0.00769	0.01444	0.11755	0.07356	0.68814	0.04211	0.00328	0.00351	0.00609	0.00246	0.00243
36	0.00835	0.00698	0.00805	0.00581	0.00907	0.00562	0.00467	0.09331	0.00869	0.01325	0.00683	0.00782	0.00558	0.00292	0.00285	0.00061	0.00288	0.00232	0.00235	0.80205
37	0.00786	0.00688	0.00869	0.00622	0.00954	0.00534	0.05953	0.02163	0.00791	0.01225	0.00669	0.00787	0.00552	0.00280	0.00287	0.00060	0.00300	0.00236	0.00220	0.82023
38	0.41292	0.09585	0.08705	0.01757	0.00956	0.02190	0.01977	0.05390	0.01769	0.22021	0.00800	0.00817	0.00568	0.00378	0.00293	0.00111	0.00350	0.00265	0.00279	0.00495
39	0.00483	0.03025	0.00485	0.00497	0.00557	0.00352	0.00354	0.00575	0.00790	0.01041	0.14590	0.54945	0.15714	0.01035	0.00457	0.00140	0.00215	0.04078	0.00348	0.00318
40	0.00638	0.00409	0.00505	0.00464	0.00587	0.00363	0.00354	0.00786	0.00992	0.11445	0.50892	0.02823	0.26783	0.00775	0.00430	0.00119	0.00196	0.00668	0.00396	0.00374
41	0.00884	0.12118	0.61068	0.01022	0.05005	0.00904	0.02302	0.01235	0.00814	0.10227	0.00737	0.00822	0.00526	0.00358	0.00343	0.00112	0.00501	0.00280	0.00191	0.00550
42	0.00931	0.00890	0.02887	0.04476	0.75048	0.00872	0.04481	0.01157	0.00849	0.03787	0.00722	0.00932	0.00593	0.00335	0.00370	0.00111	0.00448	0.00335	0.00191	0.00580
43	0.00475	0.00339	0.00456	0.00542	0.00574	0.00321	0.00383	0.00556	0.00733	0.00973	0.02033	0.74052	0.02406	0.01142	0.00480	0.00154	0.00235	0.13495	0.00344	0.00308
44	0.75266	0.08604	0.00699	0.00519	0.00759	0.02485	0.00437	0.01138	0.00673	0.05906	0.00567	0.00638	0.00437	0.00349	0.00240	0.00111	0.00306	0.00210	0.00234	0.00421
45	0.00451	0.00374	0.00405	0.00410	0.00521	0.00328	0.00306	0.00550	0.00822	0.01005	0.06584	0.09246	0.67854	0.01117	0.08183	0.00170	0.00263	0.00763	0.00334	0.00316
46	0.00954	0.05200	0.01639	0.07349	0.10310	0.06386	0.39061	0.11695	0.03633	0.01292	0.00831	0.02839	0.00680	0.00392	0.00398	0.00118	0.00521	0.03663	0.00224	0.02815
47	0.00812	0.00812	0.01137	0.00975	0.00975	0.01137	0.00812	0.00893	0.00568	0.00893	0.00487	0.00812	0.00487	0.00650	0.01218	0.00162	0.86276	0.00325	0.00162	0.00406
48	0.00541	0.00376	0.00482	0.00456	0.00543	0.00350	0.00342	0.00715	0.01026	0.01479	0.76867	0.02646	0.03270	0.00729	0.00422	0.00114	0.00175	0.00642	0.08474	0.00350
49	0.00904	0.00867	0.01479	0.08072	0.78964	0.00878	0.01132	0.01126	0.00838	0.01194	0.00696	0.00924	0.00582	0.00334	0.00368	0.00111	0.00445	0.00331	0.00182	0.00576
50	0.89577	0.00718	0.00546	0.00488	0.00718	0.00833	0.00402	0.01091	0.00632	0.01665	0.00517	0.00603	0.00402	0.00345	0.00230	0.00115	0.00287	0.00201	0.00230	0.00402

[dist]
# distance from previous block
# <min> <max>
0	11

[block]
# block no. 11 follows, 74 sequences, length 25
# corresponding to MSA columns:
# 626-650
name=unknown_L
#
# <colnr> <probs for GDERKNQSTAVLIFYWHMCP>
#	G	D	E	R	K	N	Q	S	T	A	V	L	I	F	Y	W	H	M	C	P
0	0.00459	0.00359	0.00419	0.00459	0.00538	0.00318	0.00333	0.00550	0.00800	0.01007	0.06086	0.37082	0.42191	0.01029	0.00458	0.00139	0.00210	0.06902	0.00347	0.00312
1	0.00454	0.00327	0.00430	0.00509	0.00537	0.00303	0.00342	0.00523	0.00727	0.00966	0.04486	0.80517	0.06224	0.01141	0.00471	0.00149	0.00213	0.01032	0.00346	0.00303
2	0.00452	0.00323	0.00431	0.00517	0.00538	0.00301	0.00345	0.00517	0.00711	0.00948	0.02046	0.86713	0.02455	0.01163	0.00474	0.00151	0.00215	0.01055	0.00345	0.00301
3	0.00564	0.00433	0.00603	0.00585	0.00625	0.00510	0.00436	0.00654	0.00578	0.00826	0.00987	0.01657	0.00997	0.26034	0.52808	0.00482	0.10281	0.00429	0.00202	0.00310
4	0.89577	0.00718	0.00546	0.00488	0.00718	0.00833	0.00402	0.01091	0.00632	0.01665	0.00517	0.00603	0.00402	0.00345	0.00230	0.00115	0.00287	0.00201	0.00230	0.00402
5	0.00770	0.00660	0.00770	0.00550	0.00880	0.00495	0.00440	0.00935	0.00770	0.01210	0.00660	0.00770	0.00550	0.00275	0.00275	0.00055	0.00275	0.00220	0.00220	0.89224
6	0.00770	0.00660	0.00770	0.00550	0.00880	0.00495	0.00440	0.00935	0.00770	0.01210	0.00660	0.00770	0.00550	0.00275	0.00275	0.00055	0.00275	0.00220	0.00220	0.89224
7	0.89577	0.00718	0.00546	0.00488	0.00718	0.00833	0.00402	0.01091	0.00632	0.01665	0.00517	0.00603	0.00402	0.00345	0.00230	0.00115	0.00287	0.00201	0.00230	0.00402
8	0.00923	0.00797	0.00839	0.00755	0.00965	0.00923	0.00588	0.01972	0.83969	0.01553	0.01511	0.01385	0.01133	0.00504	0.00378	0.00126	0.00294	0.00420	0.00378	0.00588
9	0.89577	0.00718	0.00546	0.00488	0.00718	0.00833	0.00402	0.01091	0.00632	0.01665	0.00517	0.00603	0.00402	0.00345	0.00230	0.00115	0.00287	0.00201	0.00230	0.00402
10	0.00919	0.00882	0.01507	0.02278	0.84640	0.00882	0.01139	0.01139	0.00845	0.01213	0.00698	0.00919	0.00588	0.00331	0.00367	0.00110	0.00441	0.00331	0.00184	0.00588
11	0.00923	0.00797	0.00839	0.00755	0.00965	0.00923	0.00588	0.01972	0.83969	0.01553	0.01511	0.01385	0.01133	0.00504	0.00378	0.00126	0.00294	0.00420	0.00378	0.00588
12	0.00452	0.00323	0.00431	0.00517	0.00538	0.00301	0.00345	0.00517	0.00711	0.00948	0.02046	0.86713	0.02455	0.01163	0.00474	0.00151	0.00215	0.01055	0.00345	0.00301
13	0.00463	0.00380	0.00412	0.00430	0.00543	0.00329	0.00332	0.00567	0.00839	0.01015	0.03394	0.08566	0.67500	0.00966	0.00452	0.00134	0.00212	0.12804	0.00344	0.00317
14	0.01665	0.00632	0.00861	0.00660	0.00948	0.00546	0.00546	0.01809	0.01062	0.84897	0.01464	0.01263	0.00919	0.00459	0.00373	0.00115	0.00316	0.00373	0.00459	0.00632
15	0.00701	0.00660	0.01113	0.86063	0.02556	0.00825	0.01031	0.00948	0.00742	0.00948	0.00660	0.00990	0.00495	0.00371	0.00371	0.00124	0.00495	0.00330	0.00165	0.00412
16	0.00882	0.00964	0.02001	0.03815	0.21684	0.00922	0.61668	0.01171	0.00865	0.01189	0.00736	0.00981	0.00567	0.00319	0.00420	0.00122	0.00578	0.00410	0.00186	0.00519
17	0.00440	0.00370	0.00383	0.00393	0.00506	0.00312	0.00290	0.00531	0.00830	0.00996	0.03551	0.13735	0.74462	0.00967	0.00443	0.00128	0.00191	0.00817	0.00345	0.00312
18	0.82005	0.00745	0.00594	0.00520	0.00755	0.00860	0.00428	0.08161	0.00727	0.01723	0.00549	0.00628	0.00422	0.00353	0.00242	0.00115	0.00298	0.00212	0.00242	0.00422
19	0.00931	0.00892	0.01408	0.02046	0.71615	0.02928	0.01056	0.01257	0.11788	0.01250	0.00802	0.00974	0.00657	0.00355	0.00368	0.00112	0.00427	0.00340	0.00209	0.00584
20	0.00636	0.00446	0.00613	0.00686	0.00780	0.00448	0.00596	0.00838	0.03880	0.03145	0.01937	0.04015	0.02070	0.00993	0.00504	0.00168	0.00339	0.77202	0.00346	0.00358
21	0.00455	0.00324	0.00430	0.00513	0.00534	0.00303	0.00341	0.00518	0.00705	0.00941	0.02019	0.84119	0.02421	0.03803	0.00517	0.00157	0.00220	0.01039	0.00341	0.00299
22	0.01367	0.01739	0.01096	0.00980	0.01178	0.82165	0.03941	0.01471	0.01045	0.00919	0.00581	0.00682	0.00481	0.00380	0.00339	0.00097	0.00668	0.00247	0.00191	0.00433
23	0.09138	0.00680	0.00851	0.00662	0.00938	0.00639	0.00546	0.12010	0.01111	0.63959	0.04653	0.01220	0.00942	0.00460	0.00363	0.00114	0.00319	0.00366	0.00427	0.00601
24	0.00793	0.00768	0.01232	0.54845	0.27392	0.03510	0.01046	0.01021	0.00777	0.01025	0.00662	0.00952	0.00522	0.00369	0.00400	0.00120	0.03601	0.00327	0.00171	0.00466

[dist]
# distance from previous block
# <min> <max>
0	1

[block]
# block no. 12 follows, 74 sequences, length 59
# corresponding to MSA columns:
# 652-710
name=unknown_M
#
# <colnr> <probs for GDERKNQSTAVLIFYWHMCP>
#	G	D	E	R	K	N	Q	S	T	A	V	L	I	F	Y	W	H	M	C	P
0	0.00748	0.01851	0.80014	0.01048	0.01584	0.00849	0.02957	0.01166	0.00785	0.01177	0.00668	0.00787	0.00475	0.00349	0.00351	0.00115	0.00539	0.00275	0.00160	0.04101
1	0.00770	0.00660	0.00770	0.00550	0.00880	0.00495	0.00440	0.00935	0.00770	0.01210	0.00660	0.00770	0.00550	0.00275	0.00275	0.00055	0.00275	0.00220	0.00220	0.89224
2	0.00907	0.00868	0.01480	0.02235	0.82558	0.00868	0.01119	0.01124	0.00842	0.01206	0.00732	0.03042	0.00634	0.00351	0.00370	0.00111	0.00435	0.00349	0.00188	0.00581
3	0.00468	0.00377	0.00416	0.00406	0.00519	0.00326	0.00305	0.00589	0.00915	0.01165	0.30759	0.03305	0.57389	0.00879	0.00438	0.00122	0.00184	0.00746	0.00366	0.00326
4	0.00497	0.00378	0.00456	0.00437	0.00537	0.00338	0.00328	0.00645	0.00983	0.01327	0.57685	0.03038	0.30361	0.00819	0.00438	0.00120	0.00179	0.00708	0.00387	0.00338
5	0.01387	0.01748	0.01054	0.00953	0.01148	0.83075	0.00717	0.03804	0.01072	0.00949	0.00583	0.00676	0.00482	0.00384	0.00336	0.00096	0.00662	0.00242	0.00196	0.00436
6	0.89577	0.00718	0.00546	0.00488	0.00718	0.00833	0.00402	0.01091	0.00632	0.01665	0.00517	0.00603	0.00402	0.00345	0.00230	0.00115	0.00287	0.00201	0.00230	0.00402
7	0.00770	0.00660	0.00770	0.00550	0.00880	0.00495	0.00440	0.00935	0.00770	0.01210	0.00660	0.00770	0.00550	0.00275	0.00275	0.00055	0.00275	0.00220	0.00220	0.89224
8	0.00744	0.01920	0.85032	0.01058	0.01607	0.00862	0.01371	0.01176	0.00784	0.01176	0.00666	0.00784	0.00470	0.00353	0.00353	0.00118	0.00549	0.00274	0.00157	0.00549
9	0.00492	0.00383	0.00449	0.00446	0.00552	0.00341	0.00344	0.00627	0.00932	0.01215	0.36929	0.03307	0.42231	0.00874	0.00446	0.00127	0.00199	0.09404	0.00371	0.00332
10	0.00456	0.00325	0.00429	0.00512	0.00532	0.00304	0.00339	0.00518	0.00703	0.00937	0.02005	0.82751	0.02403	0.05196	0.00540	0.00161	0.00222	0.01031	0.00339	0.00298
11	0.01395	0.01521	0.01073	0.00921	0.01149	0.56759	0.00713	0.29373	0.01288	0.01396	0.00682	0.00745	0.00530	0.00404	0.00347	0.00101	0.00581	0.00271	0.00253	0.00499
12	0.00919	0.00882	0.01507	0.02278	0.84640	0.00882	0.01139	0.01139	0.00845	0.01213	0.00698	0.00919	0.00588	0.00331	0.00367	0.00110	0.00441	0.00331	0.00184	0.00588
