[name]
unknown

[dist]
# distance from previous block
# <min> <max>
17	857

[block]
# block no. 0 follows, 68 sequences, length 19
# corresponding to MSA columns:
# 1040-1058
name=unknown_A
#
# <colnr> <probs for GDERKNQSTAVLIFYWHMCP>
#	G	D	E	R	K	N	Q	S	T	A	V	L	I	F	Y	W	H	M	C	P
0	0.02780	0.05107	0.07544	0.09162	0.06184	0.08736	0.08324	0.04910	0.06578	0.14914	0.07675	0.04247	0.05938	0.00513	0.00407	0.00122	0.01341	0.00436	0.02502	0.02581
1	0.06585	0.03082	0.06151	0.10155	0.14651	0.08270	0.10742	0.03456	0.00903	0.07592	0.01187	0.08720	0.07845	0.01448	0.00473	0.01853	0.03558	0.00455	0.00255	0.02622
2	0.03765	0.05735	0.08690	0.20063	0.13882	0.02048	0.15383	0.03298	0.00927	0.14081	0.02943	0.02826	0.02296	0.00433	0.00414	0.00126	0.01904	0.00395	0.00253	0.00538
3	0.03866	0.04794	0.07388	0.06885	0.06091	0.11215	0.03549	0.06000	0.09664	0.09789	0.04758	0.03487	0.02561	0.02666	0.05423	0.01461	0.05260	0.01763	0.00281	0.03098
4	0.01872	0.02792	0.05017	0.27218	0.08965	0.04482	0.09639	0.03993	0.07564	0.08245	0.05861	0.04752	0.06877	0.00507	0.00411	0.00128	0.00453	0.00452	0.00271	0.00503
5	0.32916	0.08078	0.04275	0.05525	0.01084	0.16056	0.01739	0.04948	0.00912	0.09741	0.06594	0.00954	0.00768	0.00439	0.00371	0.00119	0.04430	0.00303	0.00266	0.00482
6	0.05322	0.20824	0.00958	0.00618	0.02396	0.10090	0.00494	0.00953	0.00957	0.03211	0.24120	0.03397	0.23880	0.00674	0.00391	0.00116	0.00322	0.00544	0.00315	0.00419
7	0.02085	0.16101	0.04117	0.00914	0.01168	0.13826	0.11338	0.06946	0.02178	0.12752	0.11595	0.01180	0.01033	0.00487	0.00487	0.00119	0.10506	0.00377	0.00280	0.02512
8	0.04643	0.25109	0.17760	0.02598	0.01341	0.06788	0.11693	0.11678	0.04139	0.03781	0.02699	0.00927	0.00670	0.00480	0.02984	0.00130	0.01484	0.00321	0.00234	0.00541
9	0.00678	0.00577	0.05301	0.00665	0.05229	0.00490	0.00501	0.04287	0.04089	0.04888	0.40476	0.11585	0.18079	0.00807	0.00454	0.00130	0.00254	0.00702	0.00387	0.00421
10	0.00608	0.00443	0.00560	0.00517	0.00624	0.00418	0.00391	0.05098	0.01153	0.01617	0.75674	0.02890	0.06893	0.00801	0.00464	0.00125	0.00201	0.00703	0.00431	0.00389
11	0.01094	0.00771	0.01077	0.34115	0.11191	0.05237	0.00853	0.01372	0.07122	0.23673	0.07074	0.01329	0.02421	0.00469	0.00401	0.00126	0.00433	0.00402	0.00305	0.00534
12	0.01088	0.04646	0.17396	0.03440	0.10374	0.07861	0.26490	0.07052	0.02555	0.10216	0.00847	0.00990	0.00627	0.00399	0.00446	0.00125	0.04270	0.00371	0.00240	0.00567
13	0.00835	0.00817	0.01140	0.00986	0.00990	0.01130	0.00813	0.00920	0.00607	0.00942	0.00590	0.00999	0.00596	0.05385	0.06009	0.00211	0.76069	0.00364	0.00179	0.00419
14	0.00566	0.00425	0.00637	0.00637	0.00708	0.00496	0.00496	0.00708	0.00637	0.00920	0.01062	0.01558	0.00991	0.02974	0.84494	0.00637	0.01062	0.00425	0.00212	0.00354
15	0.01462	0.05788	0.01168	0.01006	0.01216	0.80645	0.00762	0.01565	0.01109	0.00969	0.00610	0.00711	0.00511	0.00405	0.00353	0.00101	0.00702	0.00253	0.00203	0.00462
16	0.01257	0.12418	0.13354	0.00964	0.04528	0.02548	0.09396	0.09180	0.07360	0.28252	0.03117	0.01243	0.00886	0.00461	0.00390	0.00121	0.00438	0.03158	0.00332	0.00597
17	0.00730	0.00618	0.00990	0.53355	0.04715	0.00716	0.00862	0.00966	0.00910	0.03788	0.26488	0.01657	0.01547	0.00527	0.00419	0.00129	0.00414	0.00467	0.00268	0.00433
18	0.00875	0.00728	0.00864	0.06822	0.01088	0.00630	0.00545	0.01210	0.14115	0.04072	0.00880	0.00963	0.00697	0.00347	0.00322	0.00078	0.00316	0.00283	0.00266	0.64896

[dist]
# distance from previous block
# <min> <max>
0	4

[block]
# block no. 1 follows, 68 sequences, length 7
# corresponding to MSA columns:
# 1063-1069
name=unknown_B
#
# <colnr> <probs for GDERKNQSTAVLIFYWHMCP>
#	G	D	E	R	K	N	Q	S	T	A	V	L	I	F	Y	W	H	M	C	P
0	0.00847	0.08001	0.20746	0.00882	0.01139	0.13528	0.08137	0.01055	0.00850	0.01089	0.07344	0.01568	0.05576	0.12302	0.08193	0.00205	0.04950	0.02918	0.00228	0.00443
1	0.00662	0.00599	0.00914	0.11812	0.01125	0.00629	0.11947	0.00880	0.05356	0.01191	0.17497	0.11281	0.20608	0.04767	0.00613	0.00150	0.08607	0.00649	0.00310	0.00404
2	0.34286	0.05491	0.00913	0.00684	0.00967	0.00909	0.00569	0.18597	0.05340	0.27096	0.01003	0.00969	0.00696	0.00436	0.00333	0.00120	0.00350	0.00313	0.00357	0.00571
3	0.05498	0.00922	0.01205	0.19585	0.34500	0.11565	0.00934	0.04273	0.00960	0.01291	0.10888	0.01306	0.04489	0.00458	0.00394	0.00121	0.00459	0.00398	0.00240	0.00514
4	0.05421	0.07109	0.08706	0.19566	0.13382	0.05208	0.05763	0.02945	0.02470	0.01222	0.09487	0.03806	0.01047	0.04221	0.00516	0.00139	0.05325	0.02953	0.00235	0.00479
5	0.04896	0.00823	0.01272	0.03891	0.03567	0.00848	0.20321	0.16925	0.03597	0.17328	0.00969	0.01124	0.00725	0.00687	0.04386	0.12797	0.04637	0.00389	0.00297	0.00522
6	0.13157	0.00827	0.01123	0.50488	0.13477	0.07668	0.00958	0.01095	0.00836	0.01186	0.05019	0.01061	0.00696	0.00409	0.00375	0.00126	0.00487	0.00344	0.00205	0.00463

[dist]
# distance from previous block
# <min> <max>
0	2

[block]
# block no. 2 follows, 68 sequences, length 26
# corresponding to MSA columns:
# 1072-1097
name=unknown_C
#
# <colnr> <probs for GDERKNQSTAVLIFYWHMCP>
#	G	D	E	R	K	N	Q	S	T	A	V	L	I	F	Y	W	H	M	C	P
0	0.00975	0.03622	0.06874	0.05489	0.06466	0.11203	0.06347	0.01584	0.36626	0.02386	0.05909	0.04825	0.01115	0.00551	0.01485	0.00135	0.03118	0.00436	0.00308	0.00548
1	0.00981	0.26982	0.20664	0.00917	0.05341	0.05821	0.03484	0.06882	0.00918	0.06007	0.00963	0.13082	0.00896	0.02841	0.02444	0.00135	0.00471	0.00416	0.00240	0.00515
2	0.01507	0.01111	0.01190	0.00912	0.01230	0.01230	0.00754	0.82270	0.01864	0.02499	0.00952	0.00952	0.00674	0.00476	0.00397	0.00119	0.00436	0.00357	0.00397	0.00674
3	0.00848	0.00760	0.01046	0.12129	0.14311	0.00682	0.02917	0.01085	0.04015	0.01264	0.00746	0.00911	0.00610	0.00333	0.00347	0.00084	0.01607	0.00286	0.00226	0.55793
4	0.00469	0.00402	0.00402	0.00402	0.00536	0.00335	0.00301	0.00569	0.00904	0.01071	0.04017	0.03816	0.83432	0.01004	0.00469	0.00134	0.00201	0.00837	0.00368	0.00335
5	0.00658	0.00580	0.00839	0.05178	0.25672	0.00570	0.00639	0.00805	0.00835	0.01091	0.02228	0.03901	0.35643	0.07493	0.11925	0.00216	0.00429	0.00597	0.00276	0.00423
6	0.51721	0.00855	0.00963	0.03023	0.27888	0.03614	0.00719	0.01225	0.00786	0.05033	0.00663	0.00795	0.00522	0.00370	0.00307	0.00121	0.00380	0.00272	0.00237	0.00506
7	0.00492	0.00352	0.00470	0.00562	0.00589	0.00330	0.00384	0.00568	0.00768	0.01022	0.02180	0.81067	0.02603	0.01234	0.00508	0.00162	0.00238	0.05777	0.00368	0.00325
8	0.00803	0.00760	0.01288	0.65735	0.21682	0.00895	0.01128	0.01061	0.00819	0.01079	0.00714	0.01039	0.00552	0.00386	0.00395	0.00129	0.00515	0.00353	0.00181	0.00484
9	0.01394	0.01381	0.01159	0.03614	0.07315	0.37390	0.00786	0.31802	0.01367	0.04021	0.04033	0.00943	0.00722	0.00452	0.00397	0.00113	0.01936	0.00328	0.00292	0.00555
10	0.00572	0.00384	0.00442	0.00450	0.00455	0.00384	0.00261	0.00583	0.00596	0.00796	0.01321	0.07572	0.01523	0.77615	0.03327	0.00371	0.00387	0.02459	0.00250	0.00250
11	0.01481	0.01890	0.01124	0.01021	0.01226	0.84474	0.00766	0.01583	0.01124	0.00970	0.00613	0.00715	0.00511	0.00409	0.00358	0.00102	0.00715	0.00255	0.00204	0.00460
12	0.01481	0.01890	0.01124	0.01021	0.01226	0.84474	0.00766	0.01583	0.01124	0.00970	0.00613	0.00715	0.00511	0.00409	0.00358	0.00102	0.00715	0.00255	0.00204	0.00460
13	0.00994	0.00449	0.00635	0.00573	0.00663	0.00426	0.00414	0.00947	0.02649	0.23671	0.00967	0.01289	0.00802	0.03385	0.01217	0.59617	0.00343	0.00368	0.00267	0.00324
14	0.00500	0.00401	0.00446	0.00438	0.00555	0.00347	0.00327	0.00627	0.00971	0.01240	0.30085	0.05985	0.54787	0.00948	0.00469	0.00132	0.00197	0.00806	0.00391	0.00347
15	0.00981	0.00942	0.01609	0.02434	0.83592	0.00942	0.01217	0.01217	0.00903	0.01295	0.00746	0.00981	0.00628	0.00353	0.00393	0.00118	0.00471	0.00353	0.00196	0.00628
16	0.01215	0.00897	0.01007	0.00816	0.01053	0.00998	0.00659	0.56214	0.03107	0.02000	0.01009	0.01204	0.00806	0.06037	0.20833	0.00260	0.00582	0.00388	0.00343	0.00571
17	0.00730	0.00520	0.00615	0.00596	0.00727	0.00531	0.00475	0.03518	0.16037	0.03129	0.27319	0.02770	0.08474	0.00768	0.00441	0.00135	0.00261	0.18518	0.14005	0.00430
18	0.00497	0.00373	0.00463	0.00526	0.00582	0.00345	0.00364	0.00603	0.02789	0.01061	0.05040	0.61973	0.20400	0.01157	0.00495	0.00154	0.00226	0.02247	0.00371	0.00334
19	0.00485	0.00399	0.00429	0.00442	0.00559	0.00342	0.00331	0.00592	0.00903	0.01104	0.08787	0.12671	0.65303	0.01022	0.00477	0.00139	0.00212	0.05095	0.00372	0.00337
20	0.19136	0.11758	0.05043	0.02780	0.01461	0.02662	0.33186	0.03400	0.05590	0.08214	0.00817	0.00950	0.00614	0.00382	0.00395	0.00124	0.02359	0.00357	0.00244	0.00527
21	0.01020	0.01021	0.01425	0.14095	0.53891	0.11959	0.01094	0.03882	0.02837	0.01256	0.00790	0.01074	0.00663	0.00398	0.00394	0.00120	0.00504	0.02794	0.00211	0.00572
22	0.00599	0.00421	0.00554	0.00534	0.00563	0.00441	0.02522	0.00633	0.00604	0.00823	0.01165	0.02248	0.01274	0.56805	0.19678	0.06006	0.02300	0.02325	0.00230	0.00275
23	0.03129	0.00824	0.00954	0.00764	0.01037	0.00852	0.00621	0.28429	0.15910	0.31852	0.08572	0.01416	0.02747	0.00530	0.00403	0.00124	0.00350	0.00426	0.00432	0.00628
24	0.02558	0.00766	0.01143	0.16141	0.20206	0.00781	0.04324	0.02999	0.00834	0.02498	0.00823	0.05841	0.00729	0.01698	0.03537	0.00134	0.08446	0.00371	0.00223	0.25950
25	0.06912	0.17556	0.03840	0.10089	0.06504	0.05450	0.01872	0.03195	0.01866	0.03209	0.02706	0.00944	0.00670	0.03173	0.00438	0.00109	0.05683	0.00295	0.00223	0.25264

[dist]
# distance from previous block
# <min> <max>
1	34

[block]
# block no. 3 follows, 68 sequences, length 20
# corresponding to MSA columns:
# 1138-1157
name=unknown_D
#
# <colnr> <probs for GDERKNQSTAVLIFYWHMCP>
#	G	D	E	R	K	N	Q	S	T	A	V	L	I	F	Y	W	H	M	C	P
0	0.13467	0.10778	0.00823	0.00637	0.00785	0.03872	0.03132	0.00988	0.05752	0.06984	0.02650	0.29896	0.03285	0.08322	0.00578	0.02389	0.00332	0.04612	0.00310	0.00407
1	0.00790	0.00667	0.00918	0.08120	0.21685	0.03375	0.00693	0.06120	0.04228	0.02874	0.21190	0.21402	0.04877	0.00718	0.00440	0.00132	0.00338	0.00641	0.00326	0.00467
2	0.00547	0.00401	0.00507	0.00488	0.00578	0.00367	0.00359	0.00710	0.01053	0.01464	0.66438	0.07408	0.12462	0.04813	0.00542	0.00140	0.00200	0.00746	0.00416	0.00361
3	0.00492	0.00355	0.00463	0.00541	0.00575	0.00330	0.00366	0.00568	0.00781	0.01035	0.05442	0.72333	0.08010	0.03977	0.00553	0.00166	0.00235	0.03089	0.00366	0.00323
4	0.01004	0.68545	0.19348	0.00774	0.01165	0.01432	0.00844	0.01202	0.00812	0.01001	0.00585	0.00678	0.00507	0.00347	0.00280	0.00093	0.00458	0.00229	0.00169	0.00525
5	0.00527	0.00392	0.00496	0.00558	0.00628	0.00365	0.00421	0.00637	0.00845	0.01092	0.06367	0.38821	0.21427	0.03583	0.00550	0.00165	0.00261	0.22160	0.00367	0.00336
6	0.64904	0.00685	0.00573	0.00509	0.00732	0.00766	0.00415	0.01188	0.00744	0.08911	0.00778	0.00860	0.00587	0.00396	0.00265	0.00117	0.00287	0.00260	0.16584	0.00440
7	0.00775	0.00380	0.00389	0.00381	0.00481	0.00377	0.00288	0.00959	0.00842	0.04354	0.01303	0.01474	0.01015	0.00463	0.00281	0.00093	0.00190	0.00371	0.85203	0.00380
8	0.88866	0.00767	0.00583	0.00521	0.00767	0.00889	0.00429	0.01166	0.00675	0.01779	0.00552	0.00644	0.00429	0.00368	0.00245	0.00123	0.00307	0.00215	0.00245	0.00429
9	0.00981	0.00942	0.01609	0.02434	0.83592	0.00942	0.01217	0.01217	0.00903	0.01295	0.00746	0.00981	0.00628	0.00353	0.00393	0.00118	0.00471	0.00353	0.00196	0.00628
10	0.88866	0.00767	0.00583	0.00521	0.00767	0.00889	0.00429	0.01166	0.00675	0.01779	0.00552	0.00644	0.00429	0.00368	0.00245	0.00123	0.00307	0.00215	0.00245	0.00429
11	0.88866	0.00767	0.00583	0.00521	0.00767	0.00889	0.00429	0.01166	0.00675	0.01779	0.00552	0.00644	0.00429	0.00368	0.00245	0.00123	0.00307	0.00215	0.00245	0.00429
12	0.01060	0.86304	0.02078	0.00678	0.01018	0.01569	0.00678	0.01187	0.00806	0.00933	0.00551	0.00636	0.00509	0.00339	0.00254	0.00085	0.00424	0.00212	0.00170	0.00509
13	0.00490	0.00352	0.00467	0.00553	0.00583	0.00328	0.00376	0.00567	0.00777	0.01035	0.04411	0.79163	0.04332	0.01221	0.00506	0.00160	0.00233	0.03753	0.00370	0.00325
14	0.20404	0.01078	0.00996	0.15416	0.02631	0.25543	0.04916	0.04244	0.05358	0.02722	0.00938	0.06975	0.03424	0.01508	0.00404	0.00126	0.02230	0.00379	0.00248	0.00460
15	0.00981	0.00942	0.01609	0.02434	0.83592	0.00942	0.01217	0.01217	0.00903	0.01295	0.00746	0.00981	0.00628	0.00353	0.00393	0.00118	0.00471	0.00353	0.00196	0.00628
16	0.00703	0.00370	0.00529	0.00523	0.00556	0.00380	0.00368	0.00642	0.00596	0.03062	0.00857	0.01306	0.00792	0.01507	0.15680	0.59140	0.00447	0.00363	0.11934	0.00243
17	0.16203	0.02872	0.15364	0.02431	0.07000	0.01940	0.27413	0.08998	0.00968	0.06738	0.03046	0.02692	0.00708	0.00409	0.00402	0.00127	0.01520	0.00381	0.00248	0.00541
18	0.01025	0.00909	0.01434	0.04971	0.22928	0.06138	0.22494	0.08279	0.00968	0.08348	0.00966	0.04010	0.00838	0.14129	0.00675	0.00166	0.00505	0.00443	0.00252	0.00521
19	0.01416	0.00627	0.00847	0.00678	0.00928	0.00562	0.02341	0.04266	0.02574	0.56403	0.14375	0.05508	0.04919	0.00592	0.00417	0.00125	0.00311	0.00500	0.02021	0.00588

[dist]
# distance from previous block
# <min> <max>
0	2

[block]
# block no. 4 follows, 68 sequences, length 25
# corresponding to MSA columns:
# 1160-1184
name=unknown_E
#
# <colnr> <probs for GDERKNQSTAVLIFYWHMCP>
#	G	D	E	R	K	N	Q	S	T	A	V	L	I	F	Y	W	H	M	C	P
0	0.20249	0.02043	0.07116	0.20421	0.06041	0.07198	0.03134	0.03435	0.03862	0.01340	0.03907	0.00958	0.00672	0.00413	0.00404	0.00118	0.05713	0.00313	0.00227	0.12435
1	0.00624	0.00456	0.00532	0.00489	0.00632	0.00404	0.00372	0.00811	0.04356	0.05901	0.37660	0.03027	0.36013	0.00828	0.00451	0.00125	0.00213	0.00707	0.00397	0.06001
2	0.08347	0.19033	0.11477	0.09982	0.13003	0.01100	0.10224	0.15967	0.01029	0.03553	0.00805	0.00937	0.02076	0.00394	0.00361	0.00116	0.00475	0.00328	0.00237	0.00555
3	0.05183	0.02582	0.18778	0.01017	0.01280	0.00756	0.23413	0.00974	0.00804	0.01160	0.01223	0.29282	0.01268	0.03742	0.00561	0.00151	0.06496	0.00628	0.00251	0.00451
4	0.00551	0.00402	0.00570	0.00589	0.00639	0.00443	0.00431	0.00656	0.00653	0.00917	0.01323	0.19212	0.01398	0.15086	0.54670	0.00500	0.00788	0.00593	0.00249	0.00330
5	0.00533	0.00400	0.00483	0.00470	0.00563	0.00364	0.00343	0.00671	0.00983	0.01326	0.47702	0.06640	0.26482	0.08872	0.02288	0.00163	0.00229	0.00750	0.00391	0.00348
6	0.77475	0.00746	0.00611	0.00536	0.00783	0.00843	0.00441	0.01236	0.00726	0.10116	0.00676	0.00740	0.00502	0.00383	0.00262	0.00122	0.00306	0.00238	0.02805	0.00453
7	0.02759	0.00426	0.00514	0.00511	0.00621	0.00388	0.00379	0.00796	0.00918	0.10545	0.19126	0.25872	0.24695	0.02835	0.00493	0.00143	0.00233	0.03574	0.04791	0.00381
8	0.01060	0.86304	0.02078	0.00678	0.01018	0.01569	0.00678	0.01187	0.00806	0.00933	0.00551	0.00636	0.00509	0.00339	0.00254	0.00085	0.00424	0.00212	0.00170	0.00509
9	0.00622	0.00519	0.00562	0.00490	0.00682	0.00445	0.00378	0.04212	0.03878	0.01249	0.09774	0.02838	0.50832	0.00782	0.00422	0.00115	0.00235	0.00652	0.00345	0.20969
10	0.01714	0.00779	0.00985	0.00755	0.01064	0.00737	0.00624	0.21149	0.01309	0.64404	0.01418	0.01254	0.00908	0.00487	0.00398	0.00122	0.00361	0.00389	0.00468	0.00675
11	0.08221	0.32667	0.12264	0.02718	0.01202	0.17730	0.03033	0.03461	0.00941	0.13271	0.00754	0.00813	0.00579	0.00387	0.00324	0.00105	0.00490	0.00273	0.00236	0.00531
12	0.00786	0.00513	0.02344	0.00576	0.00729	0.00450	0.01970	0.00992	0.04007	0.15745	0.46703	0.06160	0.13834	0.00779	0.00455	0.00129	0.00243	0.02730	0.00421	0.00435
13	0.01507	0.01111	0.01190	0.00912	0.01230	0.01230	0.00754	0.82270	0.01864	0.02499	0.00952	0.00952	0.00674	0.00476	0.00397	0.00119	0.00436	0.00357	0.00397	0.00674
14	0.00504	0.00401	0.00452	0.00449	0.00563	0.00350	0.00337	0.00633	0.00968	0.01240	0.29759	0.07517	0.51493	0.00955	0.00472	0.00133	0.00202	0.02832	0.00390	0.00348
15	0.02425	0.18954	0.29180	0.07267	0.07498	0.03368	0.14231	0.04028	0.02891	0.01236	0.02677	0.01015	0.00674	0.00398	0.00374	0.00119	0.00526	0.02393	0.00203	0.00541
16	0.00898	0.01310	0.22946	0.01512	0.01945	0.00990	0.58846	0.01255	0.00899	0.01255	0.00769	0.01004	0.00574	0.00358	0.00475	0.00133	0.03678	0.00419	0.00191	0.00544
17	0.04951	0.00671	0.00898	0.00699	0.00997	0.00590	0.00579	0.01866	0.01110	0.78007	0.01545	0.01431	0.01006	0.00507	0.00398	0.00125	0.00337	0.03152	0.00477	0.00655
18	0.00821	0.00768	0.01227	0.45621	0.08559	0.03172	0.08838	0.02549	0.00817	0.02614	0.00876	0.02520	0.02731	0.06976	0.02899	0.00167	0.07786	0.00404	0.00204	0.00451
19	0.02661	0.16516	0.24273	0.05191	0.12628	0.03354	0.05379	0.11415	0.00999	0.09088	0.00828	0.02916	0.00643	0.00416	0.00385	0.00118	0.02044	0.00335	0.00240	0.00572
20	0.00749	0.00705	0.01189	0.85113	0.02731	0.00881	0.01101	0.01013	0.00793	0.01013	0.00705	0.01057	0.00529	0.00396	0.00396	0.00132	0.00529	0.00352	0.00176	0.00440
21	0.00597	0.00432	0.00631	0.00622	0.00674	0.00501	0.00470	0.00683	0.00615	0.00878	0.01006	0.01578	0.00973	0.10549	0.62145	0.11682	0.05005	0.00425	0.00208	0.00324
22	0.01918	0.04866	0.14950	0.26507	0.03031	0.07650	0.08236	0.11926	0.03493	0.04980	0.00872	0.02792	0.01455	0.00450	0.00432	0.00127	0.04058	0.01497	0.00238	0.00522
23	0.04980	0.08778	0.07449	0.05288	0.08287	0.05135	0.11486	0.24673	0.12005	0.03378	0.00926	0.01052	0.00713	0.03580	0.00444	0.00130	0.00472	0.00363	0.00287	0.00576
24	0.00740	0.00642	0.00755	0.00792	0.02290	0.09661	0.04009	0.02566	0.00930	0.01159	0.01913	0.13907	0.05836	0.00982	0.00526	0.01725	0.00394	0.50453	0.00336	0.00383

[dist]
# distance from previous block
# <min> <max>
0	24

[block]
# block no. 5 follows, 68 sequences, length 23
# corresponding to MSA columns:
# 1209-1231
name=unknown_F
#
# <colnr> <probs for GDERKNQSTAVLIFYWHMCP>
#	G	D	E	R	K	N	Q	S	T	A	V	L	I	F	Y	W	H	M	C	P
0	0.12527	0.06974	0.01148	0.18098	0.03943	0.25130	0.04054	0.03793	0.00942	0.06969	0.00718	0.00859	0.00558	0.00389	0.00357	0.00109	0.01556	0.00290	0.00230	0.11355
1	0.02856	0.04092	0.03536	0.19754	0.03793	0.05198	0.04044	0.03355	0.02170	0.04145	0.01013	0.13664	0.00940	0.00753	0.08270	0.00165	0.02165	0.00445	0.02379	0.17263
2	0.05615	0.07110	0.01929	0.22643	0.06479	0.08254	0.00710	0.03577	0.03431	0.02828	0.06702	0.15083	0.09398	0.00626	0.00402	0.00127	0.00397	0.01374	0.00274	0.03042
3	0.00584	0.00402	0.00483	0.00481	0.00506	0.00406	0.00305	0.00622	0.00622	0.00845	0.03249	0.02529	0.01464	0.66279	0.12693	0.00392	0.00465	0.05022	0.00248	0.02401
4	0.00972	0.19214	0.19387	0.01108	0.05779	0.03238	0.14246	0.03699	0.00854	0.04864	0.00718	0.00898	0.00580	0.00528	0.03989	0.00144	0.15304	0.00326	0.00203	0.03948
5	0.09614	0.00661	0.00847	0.00668	0.00942	0.00603	0.00547	0.04063	0.01112	0.63326	0.12010	0.01481	0.01278	0.00520	0.00393	0.00123	0.00318	0.00422	0.00458	0.00613
6	0.00807	0.02974	0.21193	0.12653	0.04743	0.00826	0.08405	0.05495	0.04254	0.01261	0.02243	0.04718	0.10456	0.01896	0.00504	0.00134	0.08030	0.00446	0.08476	0.00486
7	0.00561	0.00378	0.00437	0.00452	0.00456	0.00374	0.00262	0.00573	0.00607	0.00809	0.01405	0.16447	0.01638	0.71945	0.01766	0.00347	0.00359	0.00668	0.00262	0.00254
8	0.00864	0.00592	0.00743	0.00662	0.00768	0.03075	0.01394	0.00972	0.01833	0.16049	0.04194	0.04012	0.14938	0.17031	0.13839	0.01802	0.16002	0.00524	0.00299	0.00408
9	0.01017	0.00651	0.00820	0.02856	0.00946	0.00643	0.03023	0.01465	0.24525	0.22059	0.24378	0.01915	0.06267	0.00599	0.00417	0.00123	0.00293	0.00514	0.00408	0.07080
10	0.19529	0.00688	0.00962	0.01109	0.20699	0.00722	0.05005	0.01036	0.00806	0.07973	0.01212	0.22740	0.01227	0.03748	0.00526	0.00148	0.06436	0.04687	0.00283	0.00465
11	0.01060	0.86304	0.02078	0.00678	0.01018	0.01569	0.00678	0.01187	0.00806	0.00933	0.00551	0.00636	0.00509	0.00339	0.00254	0.00085	0.00424	0.00212	0.00170	0.00509
12	0.02566	0.00422	0.00438	0.00421	0.00535	0.00426	0.00320	0.01047	0.05410	0.06400	0.01330	0.03142	0.01045	0.00482	0.00295	0.00099	0.00204	0.00388	0.74628	0.00402
13	0.00581	0.00392	0.00487	0.00487	0.00504	0.00409	0.00308	0.00605	0.00588	0.00801	0.01171	0.02262	0.01288	0.61004	0.21864	0.05687	0.00545	0.00526	0.00229	0.00264
14	0.42263	0.00902	0.04267	0.05171	0.03514	0.00961	0.01818	0.18930	0.11184	0.04513	0.00859	0.00960	0.00651	0.00432	0.00330	0.00125	0.00371	0.01920	0.00299	0.00528
15	0.00896	0.04887	0.46224	0.02829	0.04325	0.07088	0.04485	0.03270	0.04686	0.02319	0.01816	0.02741	0.00690	0.00506	0.02150	0.00139	0.08028	0.02171	0.00207	0.00544
16	0.01162	0.00857	0.00951	0.00756	0.01013	0.01807	0.00602	0.41658	0.05458	0.03941	0.00995	0.05759	0.00822	0.02705	0.01743	0.09544	0.00387	0.00384	0.00331	0.19123
17	0.00537	0.00384	0.00460	0.00496	0.00574	0.00342	0.00348	0.00626	0.00845	0.04289	0.08221	0.44400	0.32026	0.03875	0.00535	0.00155	0.00226	0.00948	0.00373	0.00341
18	0.27193	0.06152	0.17124	0.02816	0.01088	0.00878	0.00715	0.09442	0.06014	0.05137	0.03822	0.01130	0.06563	0.00454	0.00351	0.00117	0.01651	0.00335	0.00273	0.08746
19	0.01015	0.33341	0.15201	0.03904	0.10886	0.03721	0.00856	0.07983	0.02603	0.03787	0.06680	0.00972	0.00803	0.00402	0.00336	0.00104	0.00439	0.00309	0.00231	0.06427
20	0.00787	0.00535	0.03158	0.02685	0.03312	0.00452	0.00469	0.00949	0.02268	0.17384	0.17925	0.08246	0.37249	0.00823	0.00451	0.00132	0.00260	0.02094	0.00389	0.00432
21	0.02811	0.06707	0.05756	0.01612	0.01824	0.01474	0.00497	0.01725	0.00850	0.01191	0.13116	0.29281	0.07774	0.04996	0.00491	0.00133	0.00294	0.00662	0.00309	0.18497
22	0.00745	0.03614	0.21133	0.00728	0.01030	0.02387	0.02960	0.05854	0.03344	0.01264	0.03642	0.09519	0.25351	0.00645	0.00403	0.00118	0.00362	0.00539	0.00285	0.16077

[dist]
# distance from previous block
# <min> <max>
0	23

[block]
# block no. 6 follows, 68 sequences, length 56
# corresponding to MSA columns:
# 1283-1321,1325-1341
name=unknown_G
#
# <colnr> <probs for GDERKNQSTAVLIFYWHMCP>
#	G	D	E	R	K	N	Q	S	T	A	V	L	I	F	Y	W	H	M	C	P
0	0.22241	0.02420	0.00741	0.10753	0.03579	0.04125	0.00548	0.08917	0.00897	0.02630	0.02869	0.19071	0.02833	0.01972	0.00391	0.00131	0.00334	0.01743	0.13376	0.00429
1	0.18318	0.07689	0.05742	0.21056	0.05387	0.02943	0.00771	0.05530	0.06954	0.13935	0.00959	0.05959	0.00761	0.00464	0.00367	0.00124	0.01141	0.00367	0.00278	0.01257
2	0.19506	0.02486	0.05584	0.14474	0.03964	0.02107	0.04893	0.02878	0.01568	0.03363	0.00912	0.01491	0.00860	0.26594	0.00857	0.00202	0.00421	0.02364	0.00236	0.05239
3	0.31911	0.00722	0.00807	0.02728	0.02642	0.00681	0.04217	0.01045	0.00775	0.01438	0.00774	0.05687	0.00688	0.00399	0.00307	0.00097	0.00323	0.02267	0.00246	0.42246
4	0.00599	0.00386	0.00448	0.00444	0.00475	0.00383	0.00280	0.00659	0.00704	0.01011	0.14148	0.03525	0.01725	0.54317	0.04525	0.01813	0.00346	0.00566	0.13362	0.00285
5	0.01052	0.82801	0.02042	0.00693	0.01019	0.01554	0.00686	0.01178	0.00797	0.00934	0.00550	0.00646	0.00509	0.00354	0.00297	0.00088	0.03906	0.00218	0.00170	0.00506
6	0.00756	0.00539	0.00592	0.00550	0.00678	0.05575	0.00418	0.00973	0.05630	0.08758	0.45586	0.06144	0.10687	0.00750	0.00435	0.00124	0.00246	0.02013	0.09132	0.00413
7	0.00557	0.00405	0.00525	0.00495	0.00590	0.00373	0.00371	0.00741	0.01113	0.01569	0.80164	0.02996	0.06974	0.00818	0.00468	0.00125	0.00188	0.00722	0.00434	0.00373
8	0.01432	0.01032	0.01119	0.00874	0.01172	0.01135	0.00716	0.66573	0.09841	0.06829	0.04429	0.01108	0.00870	0.00497	0.00400	0.00121	0.00409	0.00383	0.00404	0.00657
9	0.00822	0.00560	0.00694	0.00696	0.00834	0.00574	0.00577	0.09947	0.08720	0.06719	0.03156	0.11207	0.05961	0.00900	0.00481	0.00156	0.00331	0.41195	0.06034	0.00439
10	0.00827	0.00846	0.01719	0.01328	0.01616	0.00803	0.52398	0.01106	0.00927	0.01240	0.01276	0.02312	0.01215	0.00612	0.00497	0.00152	0.00558	0.29836	0.00261	0.00473
11	0.00577	0.00384	0.00432	0.00432	0.00432	0.00384	0.00240	0.00577	0.00577	0.00769	0.01249	0.02595	0.01441	0.86066	0.02018	0.00384	0.00384	0.00577	0.00240	0.00240
12	0.01046	0.00560	0.00618	0.00536	0.00707	0.00570	0.00423	0.11703	0.07852	0.16431	0.01325	0.01387	0.00982	0.00475	0.00325	0.00105	0.00255	0.00380	0.53834	0.00485
13	0.00589	0.00423	0.00575	0.00659	0.00732	0.00414	0.00540	0.00732	0.00861	0.01122	0.02176	0.25500	0.05886	0.04033	0.00584	0.00182	0.00324	0.53958	0.00362	0.00348
14	0.00867	0.00867	0.01214	0.01041	0.01041	0.01214	0.00867	0.00954	0.00607	0.00954	0.00520	0.00867	0.00520	0.00694	0.01301	0.00173	0.85340	0.00347	0.00173	0.00434
15	0.00566	0.00425	0.00637	0.00637	0.00708	0.00496	0.00496	0.00708	0.00637	0.00920	0.01062	0.01558	0.00991	0.02974	0.84494	0.00637	0.01062	0.00425	0.00212	0.00354
16	0.01758	0.00708	0.00941	0.00721	0.01029	0.00632	0.00596	0.08061	0.01190	0.77660	0.01518	0.01319	0.00958	0.00490	0.00399	0.00122	0.00345	0.00396	0.00484	0.00675
17	0.00582	0.00383	0.00436	0.00436	0.00436	0.00383	0.00245	0.00574	0.00574	0.00765	0.01224	0.02532	0.01407	0.82217	0.01997	0.04387	0.00383	0.00566	0.00237	0.00237
18	0.00848	0.04831	0.75661	0.01112	0.01673	0.00931	0.03573	0.01281	0.00851	0.04596	0.00743	0.00857	0.00525	0.00379	0.00376	0.00124	0.00573	0.00299	0.00181	0.00586
19	0.01279	0.01052	0.01047	0.00868	0.01133	0.08098	0.00693	0.39727	0.35870	0.02997	0.01214	0.01166	0.00894	0.00496	0.00395	0.00124	0.00404	0.00388	0.01523	0.00633
20	0.00846	0.01856	0.72722	0.01063	0.01598	0.00875	0.01335	0.02868	0.00891	0.05598	0.06032	0.01001	0.00737	0.00412	0.00384	0.00125	0.00545	0.00327	0.00206	0.00579
21	0.01765	0.09036	0.32296	0.02223	0.04204	0.01732	0.15891	0.03888	0.00938	0.14640	0.04253	0.01078	0.00760	0.00426	0.00433	0.00125	0.04326	0.01172	0.00249	0.00566
22	0.00980	0.00940	0.01485	0.03953	0.69846	0.04331	0.01120	0.03934	0.00932	0.01297	0.00848	0.06947	0.00763	0.00423	0.00399	0.00121	0.00464	0.00404	0.00215	0.00597
23	0.01457	0.00607	0.00812	0.00648	0.00899	0.00534	0.00526	0.01632	0.02383	0.61352	0.18990	0.01735	0.02785	0.00566	0.00411	0.00123	0.00298	0.00473	0.03173	0.00596
24	0.00775	0.00740	0.01207	0.77066	0.06142	0.02260	0.01092	0.01029	0.00796	0.01022	0.00698	0.01041	0.00532	0.00406	0.00429	0.00133	0.03655	0.00351	0.00177	0.00449
25	0.07741	0.00769	0.01048	0.16208	0.02392	0.04170	0.13149	0.04530	0.16372	0.01389	0.03288	0.02496	0.04989	0.00537	0.00401	0.00130	0.00409	0.07988	0.11515	0.00478
26	0.00728	0.00487	0.00658	0.00713	0.00824	0.00485	0.00608	0.00957	0.05796	0.07176	0.03772	0.08830	0.03401	0.01020	0.00523	0.00172	0.00346	0.62726	0.00378	0.00400
27	0.00495	0.00358	0.00471	0.00558	0.00593	0.00334	0.00387	0.00575	0.00780	0.01030	0.02285	0.74311	0.07288	0.01216	0.00507	0.00161	0.00240	0.07716	0.00368	0.00326
28	0.02225	0.07929	0.17116	0.15140	0.14541	0.02694	0.04905	0.03824	0.12002	0.01257	0.01075	0.10714	0.02809	0.00514	0.00407	0.00128	0.01506	0.00444	0.00244	0.00525
29	0.01481	0.01890	0.01124	0.01021	0.01226	0.84474	0.00766	0.01583	0.01124	0.00970	0.00613	0.00715	0.00511	0.00409	0.00358	0.00102	0.00715	0.00255	0.00204	0.00460
30	0.00576	0.00410	0.00529	0.00496	0.00596	0.00375	0.00373	0.00758	0.01109	0.02975	0.77125	0.02986	0.08563	0.00817	0.00467	0.00125	0.00190	0.00719	0.00433	0.00377
31	0.01498	0.00891	0.01026	0.00810	0.01102	0.00932	0.00661	0.36690	0.16198	0.32432	0.02711	0.01229	0.00937	0.00498	0.00400	0.00123	0.00373	0.00395	0.00433	0.00661
32	0.30591	0.02590	0.02318	0.16442	0.27622	0.04321	0.00856	0.06718	0.00875	0.01463	0.00707	0.02576	0.00578	0.00395	0.00342	0.00122	0.00429	0.00315	0.00226	0.00514
33	0.01260	0.00789	0.00973	0.00792	0.01024	0.00840	0.02625	0.32856	0.04239	0.21446	0.01163	0.03573	0.00888	0.01052	0.17941	0.02920	0.02741	0.00408	0.01903	0.00566
34	0.00483	0.00345	0.00460	0.00552	0.00575	0.00322	0.00368	0.00552	0.00759	0.01012	0.02185	0.85807	0.02622	0.01242	0.00506	0.00161	0.00230	0.01127	0.00368	0.00322
35	0.00868	0.00790	0.01317	0.33998	0.42634	0.00854	0.01070	0.01106	0.00871	0.02587	0.04222	0.01176	0.02433	0.00409	0.00394	0.00123	0.00462	0.00379	0.03779	0.00530
36	0.00903	0.00780	0.01125	0.09417	0.32050	0.00772	0.00822	0.08284	0.05291	0.02750	0.08369	0.03066	0.07340	0.00477	0.00390	0.00112	0.00379	0.00422	0.00273	0.16978
37	0.85305	0.04236	0.00643	0.00528	0.00777	0.00917	0.00439	0.01166	0.00680	0.01745	0.00552	0.00644	0.00433	0.00367	0.00246	0.00121	0.00311	0.00215	0.00242	0.00433
38	0.88866	0.00767	0.00583	0.00521	0.00767	0.00889	0.00429	0.01166	0.00675	0.01779	0.00552	0.00644	0.00429	0.00368	0.00245	0.00123	0.00307	0.00215	0.00245	0.00429
39	0.00748	0.00638	0.00932	0.32980	0.05735	0.00740	0.00764	0.01081	0.12305	0.02363	0.17921	0.01643	0.03052	0.02721	0.08617	0.00186	0.04906	0.00463	0.01753	0.00449
40	0.00573	0.00385	0.00443	0.00452	0.00457	0.00383	0.00265	0.00585	0.00602	0.00801	0.01343	0.07936	0.01551	0.77215	0.01862	0.00362	0.00374	0.03906	0.00253	0.00251
41	0.00486	0.00391	0.00417	0.00431	0.00530	0.00340	0.00305	0.00571	0.00845	0.01035	0.05077	0.16196	0.58997	0.11790	0.00670	0.00170	0.00228	0.00846	0.00353	0.00322
42	0.88866	0.00767	0.00583	0.00521	0.00767	0.00889	0.00429	0.01166	0.00675	0.01779	0.00552	0.00644	0.00429	0.00368	0.00245	0.00123	0.00307	0.00215	0.00245	0.00429
43	0.00895	0.00705	0.00756	0.00688	0.00873	0.00790	0.00532	0.01713	0.56341	0.02761	0.13173	0.01688	0.01534	0.00563	0.00391	0.00126	0.00274	0.00473	0.15176	0.00549
44	0.05084	0.00422	0.00432	0.00433	0.00566	0.00373	0.00331	0.00630	0.00901	0.01150	0.08193	0.04818	0.67495	0.00959	0.00458	0.00135	0.00215	0.05154	0.01906	0.00344
45	0.00810	0.00694	0.00808	0.00581	0.00926	0.00522	0.00464	0.00984	0.00825	0.01284	0.00817	0.00924	0.03402	0.00318	0.00300	0.00061	0.00290	0.00255	0.00239	0.85495
46	0.01332	0.32350	0.01478	0.00882	0.01151	0.42677	0.00733	0.12851	0.01113	0.01173	0.00638	0.00720	0.00533	0.00393	0.00326	0.00098	0.00570	0.00254	0.00219	0.00508
47	0.01516	0.01031	0.02800	0.00864	0.01187	0.01073	0.00724	0.62201	0.01664	0.17715	0.01052	0.01019	0.00725	0.00469	0.00392	0.00117	0.00415	0.00359	0.00403	0.04274
48	0.00996	0.59951	0.19680	0.00825	0.02837	0.03413	0.00858	0.01211	0.02004	0.01021	0.00619	0.00726	0.00532	0.00421	0.02360	0.00110	0.01493	0.00244	0.00175	0.00524
49	0.00620	0.00519	0.02736	0.00721	0.06906	0.00469	0.06017	0.00751	0.00875	0.01208	0.33244	0.09579	0.06586	0.24818	0.00927	0.02371	0.00315	0.00655	0.00325	0.00360
50	0.00482	0.00376	0.00426	0.00465	0.00551	0.00330	0.00329	0.00571	0.00840	0.01056	0.03159	0.38980	0.46558	0.01092	0.00480	0.00144	0.00213	0.00949	0.02667	0.00330
51	0.08668	0.00696	0.00895	0.22875	0.04863	0.00772	0.00697	0.17972	0.03185	0.03621	0.06117	0.14927	0.06267	0.02424	0.02568	0.00151	0.00396	0.02127	0.00307	0.00470
52	0.01061	0.09724	0.28521	0.01012	0.05533	0.05066	0.05666	0.09090	0.02111	0.13944	0.00918	0.01050	0.00693	0.01752	0.11928	0.00193	0.00582	0.00342	0.00255	0.00558
53	0.09418	0.00873	0.01358	0.20704	0.40552	0.02044	0.03543	0.02450	0.00851	0.04060	0.00724	0.00965	0.00585	0.00409	0.00481	0.00128	0.09764	0.00343	0.00207	0.00542
54	0.00516	0.00382	0.00472	0.00496	0.00572	0.00346	0.00356	0.00623	0.00908	0.01205	0.28894	0.32169	0.24543	0.01042	0.00527	0.03763	0.00215	0.02253	0.00382	0.00337
55	0.01070	0.08285	0.11655	0.11588	0.06326	0.17740	0.04144	0.05442	0.01850	0.10304	0.14088	0.01308	0.02531	0.00480	0.00388	0.00117	0.00475	0.00391	0.01308	0.00510

[dist]
# distance from previous block
# <min> <max>
1	145

[block]
# block no. 7 follows, 68 sequences, length 16
# corresponding to MSA columns:
# 1514-1529
name=unknown_H
#
# <colnr> <probs for GDERKNQSTAVLIFYWHMCP>
#	G	D	E	R	K	N	Q	S	T	A	V	L	I	F	Y	W	H	M	C	P
0	0.13260	0.12412	0.33101	0.03841	0.03568	0.06222	0.03176	0.05921	0.04299	0.02334	0.00723	0.00833	0.00551	0.00385	0.00357	0.00115	0.01910	0.00286	0.00214	0.06492
1	0.06712	0.12111	0.07711	0.02379	0.19701	0.10552	0.00816	0.06233	0.10547	0.04744	0.03075	0.02460	0.02022	0.01437	0.03264	0.00134	0.00461	0.00351	0.00258	0.05032
2	0.03904	0.00595	0.00782	0.06191	0.04725	0.02054	0.01883	0.01034	0.00874	0.16213	0.06239	0.24642	0.01530	0.04048	0.00500	0.00137	0.02301	0.05208	0.01645	0.15496
3	0.05092	0.04906	0.26136	0.06710	0.08438	0.01006	0.03429	0.25455	0.02426	0.05621	0.02219	0.00983	0.00671	0.00512	0.03279	0.00140	0.01782	0.00339	0.00269	0.00585
4	0.00626	0.00366	0.00472	0.00472	0.00478	0.00363	0.00294	0.00547	0.00562	0.00744	0.01104	0.01973	0.04870	0.40768	0.01718	0.43388	0.00356	0.00475	0.00213	0.00211
5	0.83857	0.00810	0.03100	0.00591	0.03039	0.00892	0.00482	0.01170	0.00686	0.01750	0.00562	0.00659	0.00437	0.00368	0.00253	0.00123	0.00319	0.00221	0.00242	0.00439
6	0.01481	0.01890	0.01124	0.01021	0.01226	0.84474	0.00766	0.01583	0.01124	0.00970	0.00613	0.00715	0.00511	0.00409	0.00358	0.00102	0.00715	0.00255	0.00204	0.00460
7	0.04043	0.13211	0.11112	0.04861	0.04533	0.02308	0.02369	0.47060	0.01422	0.04092	0.00844	0.00900	0.00619	0.00430	0.00370	0.00116	0.00459	0.00326	0.00311	0.00615
8	0.00515	0.00391	0.00453	0.00464	0.00562	0.00354	0.00341	0.00635	0.00895	0.01178	0.18851	0.18841	0.40896	0.01120	0.06663	0.00172	0.00266	0.00807	0.06251	0.00344
9	0.00567	0.00422	0.00625	0.00625	0.00692	0.00489	0.00481	0.00700	0.00634	0.00912	0.01073	0.01617	0.01017	0.07748	0.79756	0.00623	0.01023	0.00434	0.00214	0.00347
10	0.02810	0.00940	0.04544	0.36732	0.21660	0.03698	0.04457	0.13715	0.03582	0.01365	0.00776	0.01005	0.00596	0.00405	0.00410	0.00126	0.02066	0.00353	0.00225	0.00537
11	0.00533	0.00404	0.00492	0.00470	0.00575	0.00362	0.00352	0.00695	0.01057	0.01435	0.59612	0.03218	0.27609	0.00869	0.00468	0.00127	0.00191	0.00753	0.00416	0.00362
12	0.00893	0.00867	0.06315	0.32611	0.13375	0.00903	0.04796	0.03190	0.16910	0.04503	0.05953	0.01230	0.00894	0.00462	0.00456	0.00131	0.05331	0.00397	0.00257	0.00527
13	0.00577	0.00384	0.00432	0.00432	0.00432	0.00384	0.00240	0.00577	0.00577	0.00769	0.01249	0.02595	0.01441	0.86066	0.02018	0.00384	0.00384	0.00577	0.00240	0.00240
14	0.00991	0.28720	0.14210	0.00774	0.02415	0.05092	0.00737	0.02227	0.03154	0.05834	0.00790	0.00870	0.02192	0.00369	0.00331	0.00091	0.01984	0.00270	0.00224	0.28726
15	0.20983	0.03098	0.12174	0.04755	0.14740	0.15609	0.08037	0.03519	0.05132	0.01360	0.02267	0.00910	0.00628	0.00445	0.01752	0.00130	0.03407	0.00316	0.00224	0.00514

[dist]
# distance from previous block
# <min> <max>
1	18

[block]
# block no. 8 follows, 68 sequences, length 17
# corresponding to MSA columns:
# 1568-1576,1585-1592
name=unknown_I
#
# <colnr> <probs for GDERKNQSTAVLIFYWHMCP>
#	G	D	E	R	K	N	Q	S	T	A	V	L	I	F	Y	W	H	M	C	P
0	0.04524	0.00562	0.03889	0.04714	0.00724	0.00570	0.00438	0.03937	0.03275	0.00956	0.01087	0.04452	0.01168	0.51380	0.01534	0.08102	0.07634	0.00502	0.00238	0.00314
1	0.05277	0.03464	0.02857	0.42920	0.10568	0.06783	0.00900	0.01088	0.03087	0.01129	0.02879	0.01091	0.00682	0.04143	0.00461	0.01532	0.00473	0.00342	0.00206	0.10120
2	0.05394	0.00896	0.06422	0.00729	0.01078	0.00752	0.03011	0.16869	0.06323	0.01571	0.00807	0.00889	0.00631	0.00355	0.00329	0.00085	0.00354	0.00282	0.00272	0.52951
3	0.00954	0.00653	0.00820	0.00627	0.00920	0.00529	0.02592	0.01142	0.02497	0.16863	0.08914	0.04279	0.04528	0.00464	0.00356	0.00090	0.00297	0.01994	0.00317	0.51164
4	0.00581	0.00395	0.00504	0.00504	0.00527	0.00418	0.00330	0.00615	0.00592	0.00813	0.01152	0.02168	0.01246	0.53624	0.28653	0.06266	0.00601	0.00512	0.00227	0.00273
5	0.88866	0.00767	0.00583	0.00521	0.00767	0.00889	0.00429	0.01166	0.00675	0.01779	0.00552	0.00644	0.00429	0.00368	0.00245	0.00123	0.00307	0.00215	0.00245	0.00429
6	0.00902	0.00847	0.01070	0.00904	0.01006	0.14663	0.13685	0.00941	0.00723	0.00930	0.00698	0.01076	0.00643	0.03539	0.01077	0.31538	0.21022	0.00359	0.04025	0.00352
7	0.02757	0.03321	0.01316	0.23869	0.43862	0.00855	0.01043	0.01083	0.00864	0.01196	0.00996	0.03152	0.02481	0.00492	0.00410	0.00130	0.00457	0.10969	0.00220	0.00524
8	0.00566	0.00425	0.00637	0.00637	0.00708	0.00496	0.00496	0.00708	0.00637	0.00920	0.01062	0.01558	0.00991	0.02974	0.84494	0.00637	0.01062	0.00425	0.00212	0.00354
9	0.01102	0.03009	0.00990	0.05974	0.01130	0.18970	0.00684	0.16183	0.23112	0.01420	0.01088	0.01389	0.00915	0.03443	0.00599	0.08117	0.04431	0.06641	0.00300	0.00502
10	0.00572	0.00401	0.00516	0.00516	0.00545	0.00430	0.00345	0.00630	0.00601	0.00831	0.01173	0.02170	0.01257	0.52068	0.35764	0.00488	0.00662	0.00514	0.00229	0.00287
11	0.00674	0.00459	0.00583	0.00554	0.00581	0.00503	0.00377	0.05014	0.00643	0.00879	0.01022	0.01912	0.01095	0.44127	0.12984	0.20322	0.07295	0.00473	0.00224	0.00279
12	0.00496	0.00354	0.00474	0.00566	0.00595	0.00333	0.00390	0.00574	0.00771	0.01026	0.02178	0.79302	0.02595	0.01230	0.00509	0.00163	0.00241	0.07510	0.00368	0.00325
13	0.00886	0.05095	0.36965	0.01248	0.10022	0.02586	0.14114	0.02260	0.05461	0.02820	0.04425	0.03725	0.00793	0.00451	0.00472	0.00129	0.07396	0.00384	0.00217	0.00551
14	0.00964	0.55664	0.31874	0.00843	0.01272	0.01333	0.00964	0.01212	0.00817	0.01050	0.00610	0.00709	0.00506	0.00353	0.00299	0.00100	0.00483	0.00241	0.00169	0.00537
15	0.01766	0.00696	0.00933	0.00715	0.01023	0.00614	0.00591	0.05827	0.01170	0.79922	0.01535	0.01330	0.00967	0.00490	0.00399	0.00123	0.00342	0.00397	0.00486	0.00675
16	0.00541	0.00405	0.00502	0.00478	0.00580	0.00366	0.00358	0.00709	0.01075	0.01478	0.66211	0.03146	0.20983	0.00852	0.00468	0.00127	0.00190	0.00743	0.00422	0.00366

[dist]
# distance from previous block
# <min> <max>
1	2

[block]
# block no. 9 follows, 68 sequences, length 36
# corresponding to MSA columns:
# 1595-1630
name=unknown_J
#
# <colnr> <probs for GDERKNQSTAVLIFYWHMCP>
#	G	D	E	R	K	N	Q	S	T	A	V	L	I	F	Y	W	H	M	C	P
0	0.00656	0.00425	0.00545	0.00503	0.00617	0.00387	0.00381	0.00833	0.01095	0.08132	0.67169	0.02862	0.10540	0.00791	0.00456	0.00124	0.00200	0.00691	0.03197	0.00395
1	0.00822	0.00705	0.00822	0.00587	0.00940	0.00529	0.00470	0.00998	0.00822	0.01292	0.00705	0.00822	0.00587	0.00294	0.00294	0.00059	0.00294	0.00235	0.00235	0.88490
2	0.00795	0.02051	0.84011	0.01130	0.01716	0.00921	0.01465	0.01256	0.00837	0.01256	0.00712	0.00837	0.00502	0.00377	0.00377	0.00126	0.00586	0.00293	0.00167	0.00586
3	0.00567	0.00422	0.00624	0.00624	0.00691	0.00489	0.00479	0.00700	0.00633	0.00911	0.01074	0.01623	0.01020	0.08251	0.79256	0.00621	0.01019	0.00434	0.00214	0.00347
4	0.00541	0.00393	0.00510	0.00505	0.00586	0.00362	0.00369	0.00699	0.01037	0.01447	0.62934	0.20133	0.07183	0.00909	0.00476	0.00133	0.00197	0.00807	0.00419	0.00362
5	0.00553	0.00405	0.00518	0.00490	0.00587	0.00371	0.00368	0.00732	0.01103	0.01543	0.76264	0.03038	0.10889	0.00828	0.00468	0.00126	0.00188	0.00728	0.00430	0.00371
6	0.00826	0.09448	0.01048	0.03987	0.01052	0.00729	0.04256	0.00992	0.00791	0.01179	0.00760	0.04833	0.00684	0.00510	0.04215	0.00110	0.09003	0.00309	0.00223	0.55045
7	0.00655	0.00357	0.00491	0.00491	0.00491	0.00357	0.00313	0.00535	0.00535	0.00713	0.00859	0.01628	0.00918	0.27169	0.01692	0.61639	0.00357	0.00415	0.00193	0.00193
8	0.00865	0.14590	0.62763	0.03709	0.01622	0.02909	0.03375	0.01248	0.00840	0.02146	0.00694	0.00824	0.00513	0.00378	0.00377	0.00120	0.02001	0.00288	0.00174	0.00564
9	0.01286	0.02899	0.03077	0.00798	0.01067	0.09155	0.03634	0.10978	0.17631	0.28201	0.07709	0.01421	0.02794	0.00546	0.01563	0.00127	0.00396	0.01492	0.00383	0.04844
10	0.00557	0.00376	0.00438	0.00458	0.00463	0.00371	0.00267	0.00571	0.00615	0.00820	0.01447	0.20172	0.01691	0.68148	0.01699	0.00337	0.00352	0.00693	0.00267	0.00258
11	0.00715	0.00760	0.08850	0.51070	0.01995	0.00756	0.00923	0.01016	0.04606	0.01217	0.22499	0.01556	0.01402	0.00510	0.00414	0.00130	0.00434	0.00447	0.00254	0.00445
12	0.02473	0.02784	0.09083	0.02993	0.03294	0.08349	0.08782	0.20648	0.02228	0.32304	0.01098	0.01089	0.00751	0.00483	0.01708	0.00129	0.00471	0.00366	0.00354	0.00615
13	0.00496	0.00360	0.00472	0.00557	0.00595	0.00335	0.00388	0.00578	0.00784	0.01033	0.02318	0.72011	0.08813	0.01210	0.00507	0.00161	0.00240	0.08446	0.00368	0.00327
14	0.01604	0.00645	0.00849	0.00668	0.00943	0.00577	0.00546	0.01813	0.05460	0.69008	0.01532	0.01373	0.00998	0.00490	0.00384	0.00119	0.00317	0.00398	0.11641	0.00633
15	0.01111	0.14502	0.33669	0.04051	0.01426	0.00955	0.06711	0.07457	0.02257	0.19736	0.00952	0.02625	0.00697	0.01651	0.00398	0.00123	0.00484	0.00346	0.00268	0.00582
16	0.03275	0.33085	0.45707	0.00951	0.01420	0.01176	0.03138	0.04902	0.00870	0.01207	0.00661	0.00769	0.00513	0.00366	0.00331	0.00110	0.00514	0.00268	0.00182	0.00556
17	0.00594	0.00445	0.00638	0.00627	0.00697	0.00511	0.00481	0.02507	0.00685	0.00979	0.05494	0.01692	0.01160	0.09694	0.69539	0.00568	0.02654	0.00450	0.00230	0.00354
18	0.46537	0.07539	0.00938	0.00792	0.04368	0.28632	0.00604	0.04298	0.00886	0.01455	0.00595	0.00692	0.00479	0.00383	0.00295	0.00113	0.00462	0.00239	0.00230	0.00463
19	0.00500	0.00357	0.00480	0.00572	0.00603	0.00337	0.00398	0.00582	0.00776	0.01032	0.02176	0.76741	0.02584	0.01226	0.00511	0.00163	0.00245	0.10022	0.00368	0.00327
