[name]
unknown

[dist]
# distance from previous block
# <min> <max>
0	123

[block]
# block no. 0 follows, 82 sequences, length 16
# corresponding to MSA columns:
# 128-143
name=unknown_A
#
# <colnr> <probs for GDERKNQSTAVLIFYWHMCP>
#	G	D	E	R	K	N	Q	S	T	A	V	L	I	F	Y	W	H	M	C	P
0	0.00612	0.00433	0.00572	0.00635	0.00725	0.02585	0.00552	0.00767	0.00800	0.04670	0.01759	0.03661	0.01882	0.00908	0.00463	0.00154	0.00322	0.77857	0.00316	0.00329
1	0.00704	0.00727	0.05099	0.53238	0.16375	0.00766	0.12419	0.00941	0.00720	0.00973	0.00648	0.00909	0.00496	0.00330	0.00345	0.00110	0.00454	0.00316	0.04009	0.00422
2	0.00733	0.06396	0.67500	0.01015	0.01477	0.03379	0.12634	0.01090	0.00740	0.01062	0.00614	0.00737	0.00446	0.00319	0.00329	0.00107	0.00511	0.00269	0.00149	0.00493
3	0.00430	0.00327	0.00400	0.00439	0.00501	0.00293	0.00310	0.00512	0.00724	0.00942	0.09511	0.50815	0.26962	0.00955	0.00421	0.00128	0.00193	0.03304	0.00320	0.02513
4	0.00780	0.00721	0.01175	0.34095	0.36099	0.00801	0.03406	0.07647	0.00787	0.01077	0.00667	0.02266	0.00547	0.00443	0.03833	0.00128	0.04568	0.00320	0.00179	0.00460
5	0.00415	0.00340	0.00366	0.00375	0.00472	0.00291	0.00275	0.00506	0.00782	0.00965	0.12148	0.15802	0.64319	0.00879	0.00409	0.00118	0.00176	0.00748	0.00324	0.00291
6	0.00827	0.13917	0.30725	0.01174	0.14198	0.00929	0.19880	0.08308	0.00814	0.01132	0.00626	0.00771	0.00484	0.00329	0.00368	0.00105	0.04457	0.00291	0.00172	0.00492
7	0.00847	0.00813	0.01388	0.02100	0.85844	0.00813	0.01050	0.01050	0.00779	0.01118	0.00643	0.00847	0.00542	0.00305	0.00339	0.00102	0.00406	0.00305	0.00169	0.00542
8	0.00416	0.00301	0.00393	0.00466	0.00494	0.00279	0.00313	0.00477	0.00664	0.00877	0.02006	0.81328	0.08612	0.01056	0.00434	0.00137	0.00197	0.00953	0.00318	0.00279
9	0.00683	0.00472	0.00550	0.00485	0.00606	0.00479	0.00376	0.17306	0.02809	0.01509	0.50923	0.01940	0.02208	0.00580	0.00359	0.00101	0.00206	0.00495	0.17536	0.00378
10	0.00413	0.00322	0.00375	0.00415	0.00481	0.00284	0.00291	0.00488	0.00722	0.00912	0.05176	0.46100	0.40872	0.00965	0.00421	0.00127	0.00186	0.00846	0.00319	0.00284
11	0.01176	0.01464	0.00933	0.00846	0.01002	0.73566	0.00640	0.01269	0.00938	0.00880	0.07453	0.00784	0.00668	0.00398	0.00373	0.00094	0.06679	0.00258	0.00191	0.00389
12	0.00442	0.00365	0.00376	0.00379	0.00489	0.00323	0.00282	0.00583	0.05917	0.00964	0.03098	0.10927	0.69403	0.00842	0.00397	0.00116	0.00181	0.00709	0.03903	0.00304
13	0.01009	0.00734	0.00713	0.00590	0.00771	0.07700	0.00471	0.41270	0.01167	0.01664	0.00926	0.01003	0.00699	0.00401	0.00294	0.00091	0.00301	0.00306	0.39438	0.00452
14	0.00584	0.00394	0.00503	0.00464	0.00565	0.00374	0.00352	0.00802	0.07373	0.07320	0.71172	0.04547	0.02869	0.00672	0.00396	0.00109	0.00180	0.00591	0.00376	0.00356
15	0.78609	0.00655	0.00571	0.11836	0.00884	0.00766	0.00447	0.00988	0.00596	0.01448	0.00494	0.00602	0.00382	0.00321	0.00229	0.00107	0.00290	0.00201	0.00204	0.00372

[dist]
# distance from previous block
# <min> <max>
0	1

[block]
# block no. 1 follows, 82 sequences, length 24
# corresponding to MSA columns:
# 145-168
name=unknown_B
#
# <colnr> <probs for GDERKNQSTAVLIFYWHMCP>
#	G	D	E	R	K	N	Q	S	T	A	V	L	I	F	Y	W	H	M	C	P
0	0.15681	0.01379	0.54886	0.00930	0.06154	0.00762	0.05032	0.01048	0.00705	0.01164	0.00596	0.00710	0.00440	0.00314	0.00304	0.00102	0.00439	0.00247	0.00164	0.08941
1	0.01236	0.00993	0.01021	0.08953	0.01183	0.09732	0.00680	0.68312	0.01456	0.01901	0.00771	0.00809	0.00556	0.00398	0.00339	0.00102	0.00408	0.00299	0.00307	0.00544
2	0.61904	0.05839	0.08748	0.00556	0.00810	0.00828	0.00507	0.11326	0.00745	0.05255	0.00570	0.00630	0.00427	0.00333	0.00245	0.00104	0.00308	0.00214	0.00227	0.00422
3	0.01058	0.63590	0.01532	0.00625	0.00899	0.11692	0.00581	0.01169	0.00774	0.14398	0.00621	0.00655	0.00504	0.00321	0.00250	0.00080	0.00385	0.00213	0.00194	0.00457
4	0.00738	0.00683	0.01124	0.59234	0.24807	0.00792	0.00960	0.05749	0.00763	0.01014	0.00630	0.00889	0.00486	0.00336	0.00341	0.00110	0.00438	0.00304	0.00168	0.00435
5	0.00417	0.00298	0.00397	0.00476	0.00496	0.00278	0.00318	0.00476	0.00655	0.00873	0.01885	0.87755	0.02262	0.01072	0.00437	0.00139	0.00198	0.00972	0.00318	0.00278
6	0.00957	0.11087	0.05051	0.00743	0.00959	0.22326	0.00611	0.01578	0.50371	0.01194	0.01033	0.01001	0.00794	0.00410	0.00322	0.00104	0.00379	0.00315	0.00272	0.00492
7	0.00768	0.00765	0.01065	0.53549	0.20584	0.11297	0.00902	0.00970	0.00742	0.00943	0.00631	0.00879	0.00493	0.00338	0.00332	0.00106	0.00451	0.00295	0.04477	0.00415
8	0.04038	0.00584	0.00786	0.00604	0.00867	0.00510	0.00499	0.01648	0.00968	0.83699	0.01325	0.01147	0.00833	0.00420	0.00340	0.00106	0.00290	0.00340	0.00417	0.00576
9	0.01354	0.00662	0.00821	0.00641	0.00888	0.00640	0.00525	0.22987	0.03761	0.53808	0.09177	0.01211	0.01009	0.00447	0.00349	0.00106	0.00300	0.00362	0.00396	0.00556
10	0.00847	0.00813	0.01388	0.02100	0.85844	0.00813	0.01050	0.01050	0.00779	0.01118	0.00643	0.00847	0.00542	0.00305	0.00339	0.00102	0.00406	0.00305	0.00169	0.00542
11	0.00484	0.00350	0.00457	0.00430	0.00511	0.00323	0.00323	0.00646	0.00968	0.01372	0.85664	0.02555	0.03228	0.00699	0.00403	0.00108	0.00161	0.00619	0.00377	0.00323
12	0.00417	0.00298	0.00397	0.00476	0.00496	0.00278	0.00318	0.00476	0.00655	0.00873	0.01885	0.87755	0.02262	0.01072	0.00437	0.00139	0.00198	0.00972	0.00318	0.00278
13	0.00706	0.01652	0.75786	0.01113	0.11845	0.00797	0.01238	0.01079	0.00729	0.01088	0.00618	0.00737	0.00447	0.00323	0.00327	0.00108	0.00493	0.00259	0.00147	0.00510
14	0.00807	0.00923	0.02018	0.01442	0.01788	0.00865	0.84602	0.01096	0.00807	0.01096	0.00692	0.00923	0.00519	0.00288	0.00404	0.00115	0.00577	0.00404	0.00173	0.00461
15	0.00416	0.00302	0.00392	0.00464	0.00493	0.00279	0.00312	0.00478	0.00667	0.00878	0.02035	0.79778	0.10143	0.01052	0.00434	0.00137	0.00196	0.00949	0.00318	0.00279
16	0.01123	0.00870	0.00927	0.00751	0.00993	0.00978	0.00607	0.52007	0.34594	0.01870	0.01047	0.01001	0.00764	0.00432	0.00345	0.00108	0.00335	0.00339	0.00345	0.00566
17	0.79401	0.11414	0.00661	0.00466	0.00688	0.00839	0.00397	0.01008	0.00596	0.01445	0.00476	0.00555	0.00379	0.00314	0.00213	0.00102	0.00277	0.00185	0.00204	0.00379
18	0.00807	0.00923	0.02018	0.01442	0.01788	0.00865	0.84602	0.01096	0.00807	0.01096	0.00692	0.00923	0.00519	0.00288	0.00404	0.00115	0.00577	0.00404	0.00173	0.00461
19	0.00883	0.11505	0.01018	0.00894	0.12660	0.00920	0.01985	0.06376	0.56981	0.01347	0.01132	0.01096	0.00865	0.00415	0.00332	0.00108	0.00312	0.00346	0.00295	0.00530
20	0.00701	0.00572	0.00661	0.00484	0.00760	0.00439	0.00385	0.00853	0.00710	0.01134	0.00670	0.00779	0.00552	0.00271	0.00252	0.00054	0.00242	0.00217	0.11220	0.79043
21	0.00494	0.00373	0.00529	0.02670	0.00604	0.00353	0.04383	0.00631	0.00857	0.01196	0.57452	0.16631	0.02679	0.08975	0.00534	0.00135	0.00211	0.00648	0.00335	0.00312
22	0.00634	0.00540	0.00794	0.00782	0.08775	0.00592	0.08642	0.00885	0.14809	0.00927	0.00962	0.01450	0.00904	0.25008	0.26731	0.00306	0.06286	0.00399	0.00213	0.00360
23	0.01285	0.00965	0.01017	0.00786	0.01055	0.02787	0.00647	0.80343	0.04292	0.02106	0.00834	0.00832	0.00594	0.00411	0.00342	0.00103	0.00378	0.00309	0.00339	0.00577

[dist]
# distance from previous block
# <min> <max>
0	23

[block]
# block no. 2 follows, 82 sequences, length 124
# corresponding to MSA columns:
# 192-284,286-316
name=unknown_C
#
# <colnr> <probs for GDERKNQSTAVLIFYWHMCP>
#	G	D	E	R	K	N	Q	S	T	A	V	L	I	F	Y	W	H	M	C	P
0	0.00847	0.00813	0.01388	0.02100	0.85844	0.00813	0.01050	0.01050	0.00779	0.01118	0.00643	0.00847	0.00542	0.00305	0.00339	0.00102	0.00406	0.00305	0.00169	0.00542
1	0.01498	0.00641	0.00830	0.00637	0.00903	0.00591	0.00526	0.14723	0.01078	0.72886	0.01266	0.01110	0.00805	0.00421	0.00344	0.00105	0.00304	0.00338	0.00411	0.00582
2	0.00664	0.00626	0.01058	0.79718	0.09657	0.00765	0.00959	0.00889	0.00692	0.00895	0.00611	0.00906	0.00464	0.00339	0.00342	0.00113	0.00452	0.00304	0.00154	0.00394
3	0.00475	0.00356	0.00517	0.00532	0.00589	0.00397	0.00407	0.00587	0.00583	0.00819	0.01205	0.15086	0.04785	0.02211	0.66878	0.00455	0.00754	0.02850	0.00214	0.00301
4	0.00851	0.00735	0.00773	0.00696	0.00890	0.00851	0.00541	0.01818	0.85226	0.01431	0.01392	0.01276	0.01044	0.00464	0.00348	0.00116	0.00271	0.00387	0.00348	0.00541
5	0.00457	0.00343	0.00423	0.00414	0.00497	0.00309	0.00306	0.00589	0.00888	0.01206	0.56110	0.11579	0.24063	0.00780	0.00407	0.00113	0.00168	0.00682	0.00355	0.00309
6	0.00646	0.00608	0.01026	0.87156	0.02356	0.00760	0.00950	0.00874	0.00684	0.00874	0.00608	0.00912	0.00456	0.00342	0.00342	0.00114	0.00456	0.00304	0.00152	0.00380
7	0.07222	0.00834	0.00821	0.01755	0.00928	0.09222	0.00566	0.11933	0.51045	0.06684	0.01123	0.01072	0.00837	0.00438	0.00365	0.00112	0.03874	0.00339	0.00315	0.00514
8	0.00502	0.00330	0.00376	0.00376	0.00376	0.00330	0.00211	0.00495	0.00495	0.00660	0.01057	0.02188	0.01216	0.84285	0.01724	0.04149	0.00330	0.00489	0.00205	0.00205
9	0.85275	0.00678	0.00561	0.00488	0.00705	0.00779	0.02768	0.03430	0.00618	0.01540	0.00492	0.00574	0.00381	0.00319	0.00221	0.00106	0.00277	0.00195	0.00214	0.00379
10	0.00404	0.00347	0.00347	0.00347	0.00462	0.00289	0.00260	0.00491	0.00780	0.00924	0.03465	0.03292	0.85706	0.00866	0.00404	0.00116	0.00173	0.00722	0.00318	0.00289
11	0.00646	0.00608	0.01026	0.87156	0.02356	0.00760	0.00950	0.00874	0.00684	0.00874	0.00608	0.00912	0.00456	0.00342	0.00342	0.00114	0.00456	0.00304	0.00152	0.00380
12	0.00646	0.00608	0.01026	0.87156	0.02356	0.00760	0.00950	0.00874	0.00684	0.00874	0.00608	0.00912	0.00456	0.00342	0.00342	0.00114	0.00456	0.00304	0.00152	0.00380
13	0.01278	0.01630	0.00969	0.00881	0.01058	0.86605	0.00661	0.01366	0.00969	0.00837	0.00529	0.00617	0.00441	0.00353	0.00308	0.00088	0.00617	0.00220	0.00176	0.00397
14	0.00686	0.01769	0.86206	0.00975	0.01481	0.00794	0.01264	0.01083	0.00722	0.01083	0.00614	0.00722	0.00433	0.00325	0.00325	0.00108	0.00506	0.00253	0.00144	0.00506
15	0.00840	0.00853	0.04997	0.02052	0.82255	0.00812	0.01059	0.01051	0.00776	0.01116	0.00642	0.00841	0.00537	0.00306	0.00338	0.00102	0.00411	0.00303	0.00168	0.00540
16	0.00404	0.00347	0.00347	0.00347	0.00462	0.00289	0.00260	0.00491	0.00780	0.00924	0.03465	0.03292	0.85706	0.00866	0.00404	0.00116	0.00173	0.00722	0.00318	0.00289
17	0.01481	0.00668	0.00847	0.00649	0.00916	0.00630	0.00536	0.20572	0.01122	0.66974	0.01229	0.01086	0.00786	0.00420	0.00344	0.00105	0.00311	0.00336	0.00405	0.00582
18	0.00543	0.00364	0.00452	0.00425	0.00513	0.00348	0.00320	0.00739	0.04576	0.02661	0.65798	0.02253	0.02682	0.00632	0.00371	0.00103	0.00168	0.00551	0.16166	0.00336
19	0.00813	0.00827	0.01031	0.00885	0.00914	0.08518	0.00731	0.04436	0.00609	0.00881	0.00481	0.00751	0.00462	0.00606	0.02611	0.00150	0.74457	0.00294	0.00161	0.00384
20	0.00488	0.00349	0.00454	0.00428	0.00508	0.00323	0.00321	0.00649	0.00962	0.01369	0.83562	0.02523	0.03169	0.00692	0.00399	0.00107	0.00161	0.00611	0.02602	0.00323
21	0.00877	0.00805	0.00779	0.00703	0.00889	0.09194	0.00544	0.01723	0.73355	0.01370	0.04960	0.01267	0.01080	0.00463	0.00347	0.00113	0.00300	0.00381	0.00333	0.00518
22	0.00457	0.00349	0.00419	0.00402	0.00494	0.00311	0.00301	0.00592	0.00903	0.01218	0.57378	0.02809	0.31610	0.00757	0.00404	0.00110	0.00165	0.00654	0.00356	0.00311
23	0.00725	0.00643	0.01061	0.74943	0.02198	0.00774	0.04605	0.06092	0.00757	0.04010	0.00651	0.00916	0.00481	0.00347	0.00345	0.00113	0.00451	0.00310	0.00174	0.00403
24	0.90395	0.00662	0.00503	0.00450	0.00662	0.00767	0.00370	0.01006	0.00582	0.01535	0.00476	0.00556	0.00370	0.00318	0.00212	0.00106	0.00265	0.00185	0.00212	0.00370
25	0.00753	0.03903	0.10474	0.00691	0.03400	0.00573	0.07761	0.00944	0.00729	0.03853	0.00636	0.00742	0.00509	0.00273	0.00278	0.00067	0.00319	0.00232	0.00198	0.63666
26	0.00847	0.00813	0.01388	0.02100	0.85844	0.00813	0.01050	0.01050	0.00779	0.01118	0.00643	0.00847	0.00542	0.00305	0.00339	0.00102	0.00406	0.00305	0.00169	0.00542
27	0.01532	0.00587	0.00797	0.00611	0.00875	0.00509	0.00505	0.02664	0.00987	0.85074	0.01343	0.01160	0.00844	0.00423	0.00344	0.00106	0.00292	0.00344	0.00422	0.00582
28	0.00667	0.02341	0.62910	0.00985	0.07976	0.00726	0.01092	0.00996	0.00717	0.01050	0.00773	0.04127	0.00655	0.00557	0.06474	0.00144	0.00500	0.06670	0.00168	0.00471
29	0.00714	0.12334	0.75886	0.00927	0.01407	0.00863	0.01181	0.01076	0.00719	0.01049	0.00597	0.00701	0.00434	0.00321	0.00312	0.00104	0.00488	0.00244	0.00145	0.00497
30	0.00414	0.00343	0.00362	0.00365	0.00470	0.00292	0.00271	0.00506	0.00791	0.00967	0.11981	0.09218	0.71117	0.00863	0.00406	0.00116	0.00174	0.00729	0.00324	0.00292
31	0.00416	0.00299	0.00395	0.00472	0.00495	0.00278	0.00316	0.00477	0.00659	0.00875	0.01936	0.85027	0.04957	0.01065	0.00436	0.00138	0.00198	0.00964	0.00318	0.00278
32	0.00752	0.05461	0.67527	0.01017	0.07225	0.06257	0.01150	0.01128	0.04403	0.01073	0.00638	0.00740	0.00468	0.00330	0.00321	0.00105	0.00489	0.00257	0.00157	0.00500
33	0.00769	0.00709	0.01016	0.68346	0.04881	0.07405	0.00889	0.03977	0.03167	0.04634	0.00665	0.00905	0.00496	0.00351	0.00340	0.00111	0.00452	0.00302	0.00179	0.00407
34	0.68412	0.00642	0.00575	0.00489	0.00714	0.00702	0.00403	0.01169	0.00680	0.22450	0.00692	0.00706	0.00488	0.00344	0.00244	0.00106	0.00271	0.00225	0.00264	0.00423
35	0.00417	0.00298	0.00397	0.00476	0.00496	0.00278	0.00318	0.00476	0.00655	0.00873	0.01885	0.87755	0.02262	0.01072	0.00437	0.00139	0.00198	0.00972	0.00318	0.00278
36	0.00814	0.00780	0.01330	0.15880	0.72318	0.00804	0.01034	0.01021	0.00764	0.01078	0.00638	0.00857	0.00528	0.00311	0.00339	0.00104	0.00414	0.00305	0.00167	0.00516
37	0.00481	0.00350	0.00453	0.00427	0.00509	0.00322	0.00321	0.00640	0.00962	0.01356	0.82803	0.02581	0.06098	0.00705	0.00403	0.00108	0.00162	0.00622	0.00375	0.00322
38	0.00833	0.00789	0.01339	0.04867	0.80093	0.00794	0.01018	0.01035	0.00774	0.01115	0.00659	0.00864	0.00551	0.00309	0.00335	0.00101	0.00399	0.00305	0.03291	0.00529
39	0.00686	0.01769	0.86206	0.00975	0.01481	0.00794	0.01264	0.01083	0.00722	0.01083	0.00614	0.00722	0.00433	0.00325	0.00325	0.00108	0.00506	0.00253	0.00144	0.00506
40	0.00490	0.00362	0.00528	0.00528	0.00581	0.00416	0.00400	0.00597	0.00543	0.00778	0.00936	0.01456	0.00904	0.13239	0.76016	0.00522	0.00843	0.00383	0.00186	0.00293
41	0.00709	0.01609	0.70266	0.01063	0.01539	0.00808	0.17043	0.01086	0.00738	0.01086	0.00629	0.00760	0.00450	0.00318	0.00340	0.00110	0.00519	0.00281	0.00150	0.00497
42	0.00417	0.00298	0.00397	0.00476	0.00496	0.00278	0.00318	0.00476	0.00655	0.00873	0.01885	0.87755	0.02262	0.01072	0.00437	0.00139	0.00198	0.00972	0.00318	0.00278
43	0.00740	0.00701	0.01067	0.52117	0.18386	0.03813	0.02032	0.03716	0.00749	0.00997	0.00620	0.00859	0.00484	0.00325	0.00329	0.00102	0.00425	0.00289	0.00169	0.12079
44	0.04655	0.02507	0.08917	0.14919	0.41764	0.07859	0.00909	0.01795	0.02547	0.04285	0.00685	0.01636	0.00556	0.00454	0.04972	0.00128	0.00452	0.00298	0.00183	0.00479
45	0.02258	0.00733	0.01080	0.43004	0.20916	0.00837	0.00874	0.17211	0.07489	0.01231	0.00717	0.00902	0.00544	0.00356	0.00340	0.00109	0.00412	0.00310	0.00209	0.00468
46	0.01165	0.01318	0.00840	0.00760	0.00925	0.63999	0.00574	0.04168	0.00944	0.04016	0.00681	0.00770	0.00544	0.00366	0.00298	0.00088	0.00509	0.00247	0.17394	0.00395
47	0.00497	0.00332	0.00373	0.00373	0.00373	0.00332	0.00207	0.00497	0.00497	0.00663	0.01078	0.02239	0.01244	0.87978	0.01741	0.00332	0.00332	0.00497	0.00207	0.00207
48	0.01300	0.00981	0.01025	0.00790	0.01061	0.03907	0.00651	0.81931	0.01587	0.02112	0.00812	0.00814	0.00577	0.00409	0.00341	0.00102	0.00384	0.00305	0.00337	0.00576
49	0.00955	0.09330	0.42344	0.00893	0.01268	0.14398	0.07874	0.01219	0.00811	0.15768	0.00750	0.00809	0.01365	0.00346	0.00323	0.00102	0.00476	0.00274	0.00202	0.00490
50	0.00907	0.00815	0.00829	0.00776	0.04658	0.06956	0.00579	0.06482	0.70741	0.01416	0.01265	0.01184	0.00953	0.00446	0.00345	0.00113	0.00307	0.00367	0.00328	0.00533
51	0.90395	0.00662	0.00503	0.00450	0.00662	0.00767	0.00370	0.01006	0.00582	0.01535	0.00476	0.00556	0.00370	0.00318	0.00212	0.00106	0.00265	0.00185	0.00212	0.00370
52	0.01156	0.01347	0.00865	0.00784	0.00952	0.64041	0.00592	0.04997	0.07546	0.01003	0.00691	0.00770	0.00555	0.00370	0.00303	0.00090	0.00515	0.00251	0.12765	0.00405
53	0.00497	0.00332	0.00373	0.00373	0.00373	0.00332	0.00207	0.00497	0.00497	0.00663	0.01078	0.02239	0.01244	0.87978	0.01741	0.00332	0.00332	0.00497	0.00207	0.00207
54	0.90395	0.00662	0.00503	0.00450	0.00662	0.00767	0.00370	0.01006	0.00582	0.01535	0.00476	0.00556	0.00370	0.00318	0.00212	0.00106	0.00265	0.00185	0.00212	0.00370
55	0.00492	0.00329	0.00375	0.00380	0.00382	0.00328	0.00215	0.00496	0.00508	0.00678	0.01134	0.08142	0.01314	0.81979	0.01651	0.00318	0.00322	0.00530	0.00215	0.00212
56	0.90395	0.00662	0.00503	0.00450	0.00662	0.00767	0.00370	0.01006	0.00582	0.01535	0.00476	0.00556	0.00370	0.00318	0.00212	0.00106	0.00265	0.00185	0.00212	0.00370
57	0.00414	0.00347	0.00360	0.00357	0.00468	0.00293	0.00268	0.00510	0.00803	0.00980	0.13754	0.03200	0.75382	0.00845	0.00404	0.00115	0.00172	0.00709	0.00325	0.00293
58	0.00993	0.14923	0.09795	0.01006	0.04216	0.06736	0.24366	0.24782	0.05031	0.02191	0.00709	0.00808	0.00538	0.00348	0.00351	0.00103	0.02075	0.00308	0.00224	0.00498
59	0.00686	0.01769	0.86206	0.00975	0.01481	0.00794	0.01264	0.01083	0.00722	0.01083	0.00614	0.00722	0.00433	0.00325	0.00325	0.00108	0.00506	0.00253	0.00144	0.00506
60	0.00748	0.00748	0.01048	0.00898	0.00898	0.01048	0.00748	0.00823	0.00524	0.00823	0.00449	0.00748	0.00449	0.00599	0.01123	0.00150	0.87352	0.00299	0.00150	0.00374
61	0.00404	0.00347	0.00347	0.00347	0.00462	0.00289	0.00260	0.00491	0.00780	0.00924	0.03465	0.03292	0.85706	0.00866	0.00404	0.00116	0.00173	0.00722	0.00318	0.00289
62	0.00915	0.88184	0.01793	0.00585	0.00878	0.01354	0.00585	0.01024	0.00695	0.00805	0.00476	0.00549	0.00439	0.00293	0.00219	0.00073	0.00366	0.00183	0.00146	0.00439
63	0.00417	0.00298	0.00397	0.00476	0.00496	0.00278	0.00318	0.00476	0.00655	0.00873	0.01885	0.87755	0.02262	0.01072	0.00437	0.00139	0.00198	0.00972	0.00318	0.00278
64	0.88734	0.00680	0.00511	0.00458	0.00669	0.02366	0.00376	0.01012	0.00589	0.01522	0.00477	0.00557	0.00372	0.00318	0.00213	0.00106	0.00271	0.00186	0.00211	0.00371
65	0.00498	0.00364	0.00400	0.00398	0.00515	0.00313	0.00306	0.00593	0.00787	0.06982	0.03069	0.08540	0.67018	0.00855	0.00408	0.00120	0.00196	0.08002	0.00325	0.00311
66	0.00824	0.00789	0.01347	0.11896	0.76228	0.00807	0.01038	0.01030	0.00768	0.01089	0.00639	0.00854	0.00532	0.00309	0.00339	0.00103	0.00412	0.00305	0.00167	0.00523
67	0.00489	0.00367	0.00550	0.00550	0.00611	0.00428	0.00428	0.00611	0.00550	0.00794	0.00916	0.01344	0.00855	0.02566	0.86623	0.00550	0.00916	0.00367	0.00183	0.00305
68	0.00904	0.84373	0.05516	0.00602	0.00905	0.01329	0.00615	0.01027	0.00696	0.00817	0.00482	0.00556	0.00439	0.00294	0.00224	0.00075	0.00372	0.00186	0.00146	0.00442
69	0.00715	0.00613	0.00712	0.00515	0.00814	0.00473	0.00411	0.00903	0.04372	0.01128	0.00642	0.00734	0.00530	0.00262	0.00257	0.00053	0.00254	0.00211	0.00209	0.86189
70	0.33015	0.06879	0.00848	0.00635	0.00875	0.08944	0.00524	0.27452	0.03354	0.13349	0.00736	0.00749	0.00533	0.00367	0.00284	0.00101	0.00344	0.00255	0.00278	0.00478
71	0.00414	0.00345	0.00345	0.00345	0.00459	0.00290	0.00259	0.00504	0.00777	0.00939	0.03365	0.03206	0.82096	0.00846	0.00397	0.00114	0.00173	0.00705	0.04128	0.00290
72	0.90395	0.00662	0.00503	0.00450	0.00662	0.00767	0.00370	0.01006	0.00582	0.01535	0.00476	0.00556	0.00370	0.00318	0.00212	0.00106	0.00265	0.00185	0.00212	0.00370
73	0.00404	0.00347	0.00347	0.00347	0.00462	0.00289	0.00260	0.00491	0.00780	0.00924	0.03465	0.03292	0.85706	0.00866	0.00404	0.00116	0.00173	0.00722	0.00318	0.00289
74	0.00493	0.00348	0.00457	0.00457	0.00486	0.00377	0.00312	0.00552	0.00522	0.00726	0.01001	0.01812	0.01058	0.47258	0.42208	0.00436	0.00610	0.00435	0.00196	0.00254
75	0.90395	0.00662	0.00503	0.00450	0.00662	0.00767	0.00370	0.01006	0.00582	0.01535	0.00476	0.00556	0.00370	0.00318	0.00212	0.00106	0.00265	0.00185	0.00212	0.00370
76	0.00556	0.00389	0.00543	0.00618	0.00695	0.00386	0.00532	0.00706	0.00780	0.02361	0.01810	0.10386	0.01974	0.00947	0.00468	0.00155	0.00305	0.75756	0.00317	0.00316
77	0.00936	0.76870	0.01670	0.00615	0.00889	0.09371	0.00591	0.01045	0.00724	0.00816	0.00528	0.00674	0.00494	0.00322	0.00237	0.00078	0.00388	0.03168	0.00155	0.00431
78	0.00497	0.00334	0.00383	0.00383	0.00387	0.00337	0.00220	0.00504	0.00500	0.00671	0.01068	0.02187	0.01221	0.83028	0.06661	0.00344	0.00366	0.00490	0.00206	0.00213
79	0.00538	0.00403	0.00551	0.00538	0.00608	0.00457	0.00409	0.04290	0.04332	0.00869	0.01042	0.01497	0.03853	0.12917	0.65546	0.00469	0.00766	0.00393	0.00205	0.00315
80	0.00583	0.00360	0.00447	0.00416	0.00512	0.00333	0.00315	0.00738	0.00909	0.07297	0.58288	0.02252	0.07571	0.00631	0.00367	0.00103	0.00171	0.00547	0.17822	0.00338
81	0.00545	0.06404	0.00492	0.00395	0.00496	0.00387	0.00307	0.00690	0.00847	0.01232	0.42201	0.02172	0.15853	0.00613	0.00344	0.00099	0.00177	0.00520	0.25904	0.00324
82	0.00506	0.00363	0.00498	0.00573	0.00635	0.00355	0.00470	0.00633	0.00751	0.00983	0.03527	0.29002	0.04050	0.00976	0.00459	0.00150	0.00274	0.55175	0.00317	0.00303
83	0.40259	0.01840	0.04372	0.00704	0.06697	0.02342	0.00544	0.08956	0.26023	0.03903	0.00825	0.00841	0.00621	0.00373	0.00284	0.00108	0.00305	0.00273	0.00263	0.00466
84	0.00670	0.00633	0.01070	0.76890	0.12433	0.00766	0.00962	0.00895	0.00695	0.00903	0.00612	0.00904	0.00466	0.00338	0.00342	0.00113	0.00450	0.00304	0.00154	0.00400
85	0.00769	0.00626	0.00772	0.02680	0.06156	0.00503	0.00471	0.02033	0.00737	0.05692	0.00651	0.00749	0.00526	0.00274	0.00277	0.00060	0.01302	0.00222	0.00212	0.75286
86	0.90395	0.00662	0.00503	0.00450	0.00662	0.00767	0.00370	0.01006	0.00582	0.01535	0.00476	0.00556	0.00370	0.00318	0.00212	0.00106	0.00265	0.00185	0.00212	0.00370
87	0.05546	0.09506	0.21457	0.00806	0.04702	0.09068	0.05419	0.01142	0.00792	0.20696	0.02083	0.06219	0.00786	0.03021	0.03807	0.00130	0.00421	0.03699	0.00242	0.00458
88	0.00651	0.00613	0.01035	0.85041	0.04432	0.00761	0.00952	0.00878	0.00686	0.00880	0.00609	0.00910	0.00458	0.00341	0.00342	0.00114	0.00455	0.00304	0.00152	0.00384
89	0.00473	0.00349	0.00442	0.00419	0.00504	0.00318	0.00314	0.00624	0.00942	0.01309	0.74124	0.02659	0.14807	0.00723	0.00404	0.00109	0.00163	0.00633	0.00368	0.00318
90	0.02201	0.00723	0.00853	0.00669	0.00921	0.00736	0.00548	0.31450	0.10464	0.42096	0.01906	0.01064	0.00791	0.00424	0.00339	0.00105	0.00313	0.00336	0.03497	0.00564
91	0.00758	0.00736	0.01209	0.43248	0.36743	0.02924	0.04596	0.01000	0.03578	0.01002	0.00651	0.00890	0.00514	0.00329	0.00343	0.00108	0.00438	0.00309	0.00167	0.00456
92	0.00651	0.00613	0.01035	0.85041	0.04432	0.00761	0.00952	0.00878	0.00686	0.00880	0.00609	0.00910	0.00458	0.00341	0.00342	0.00114	0.00455	0.00304	0.00152	0.00384
93	0.00746	0.00710	0.01196	0.36298	0.48435	0.00768	0.00975	0.00954	0.00741	0.01011	0.00754	0.00981	0.04264	0.00345	0.00343	0.00107	0.00416	0.00323	0.00169	0.00465
94	0.00732	0.00673	0.01107	0.62273	0.06522	0.01976	0.06781	0.02262	0.00712	0.04262	0.00632	0.00898	0.00481	0.00366	0.00422	0.00116	0.08900	0.00311	0.00168	0.00405
95	0.00824	0.00475	0.00642	0.04374	0.10066	0.00477	0.02286	0.01817	0.02170	0.16747	0.01873	0.07337	0.00938	0.00459	0.00330	0.00099	0.03144	0.02298	0.43243	0.00403
96	0.00764	0.00726	0.01173	0.31895	0.38798	0.01728	0.04338	0.01063	0.10304	0.01073	0.04261	0.00990	0.00678	0.00352	0.00346	0.00108	0.00408	0.00330	0.00192	0.00471
97	0.14974	0.00824	0.00894	0.00761	0.05523	0.03924	0.00587	0.39732	0.05055	0.22980	0.00907	0.00881	0.00630	0.00394	0.00322	0.00104	0.00343	0.00298	0.00328	0.00539
98	0.00781	0.00695	0.01054	0.41066	0.20830	0.00792	0.01723	0.08128	0.12478	0.02145	0.04771	0.01018	0.00704	0.00378	0.00360	0.00111	0.01964	0.00332	0.00213	0.00456
99	0.00451	0.00348	0.00411	0.00395	0.00490	0.00309	0.00296	0.00581	0.00889	0.01184	0.51171	0.02864	0.37837	0.00769	0.00404	0.00111	0.00166	0.00662	0.00352	0.00309
100	0.90395	0.00662	0.00503	0.00450	0.00662	0.00767	0.00370	0.01006	0.00582	0.01535	0.00476	0.00556	0.00370	0.00318	0.00212	0.00106	0.00265	0.00185	0.00212	0.00370
101	0.01120	0.00939	0.00874	0.01572	0.11351	0.27840	0.00593	0.09043	0.03627	0.21207	0.02235	0.02122	0.01903	0.10715	0.02406	0.00136	0.00431	0.00332	0.00265	0.01290
102	0.03433	0.00974	0.01092	0.04778	0.15912	0.15206	0.06374	0.32943	0.03596	0.03105	0.00722	0.00805	0.00548	0.00356	0.00329	0.00097	0.00420	0.00289	0.00250	0.08770
103	0.00759	0.00780	0.01225	0.00997	0.01060	0.01014	0.16051	0.00873	0.00576	0.00873	0.00493	0.00780	0.00462	0.00542	0.00991	0.00143	0.71517	0.00318	0.00154	0.00390
104	0.00717	0.00678	0.01150	0.48345	0.34399	0.00758	0.02243	0.00933	0.00738	0.00998	0.05265	0.00977	0.00641	0.00346	0.00345	0.00109	0.00423	0.00323	0.00171	0.00440
105	0.00521	0.00419	0.00474	0.00452	0.00564	0.00408	0.00341	0.00803	0.16839	0.01197	0.35867	0.06341	0.33020	0.00732	0.00395	0.00113	0.00188	0.00628	0.00347	0.00350
106	0.01019	0.02625	0.01036	0.06958	0.19202	0.22564	0.00729	0.17188	0.19198	0.01277	0.00810	0.00888	0.00632	0.00442	0.02802	0.00115	0.01482	0.00301	0.00241	0.00491
107	0.00861	0.00776	0.01382	0.15634	0.46302	0.00778	0.17224	0.01077	0.00784	0.08271	0.00706	0.00895	0.00548	0.00316	0.00350	0.00105	0.00433	0.00324	0.00190	0.03043
108	0.01576	0.14302	0.62052	0.00869	0.01300	0.00840	0.01842	0.01102	0.02139	0.06313	0.02786	0.02153	0.00568	0.00349	0.00314	0.00104	0.00453	0.00272	0.00175	0.00491
109	0.00794	0.40924	0.44640	0.00816	0.01219	0.01051	0.04209	0.01057	0.00713	0.00957	0.00554	0.00651	0.00439	0.00309	0.00280	0.00093	0.00445	0.00227	0.00146	0.00474
110	0.05010	0.00702	0.00780	0.00664	0.00882	0.00762	0.00528	0.07525	0.52054	0.24180	0.01325	0.01206	0.01929	0.00448	0.00341	0.00112	0.00282	0.00365	0.00361	0.00545
111	0.00565	0.00497	0.02821	0.00694	0.06952	0.00438	0.09872	0.00722	0.00829	0.03387	0.20353	0.02676	0.31268	0.00714	0.00409	0.00120	0.00272	0.16756	0.00301	0.00352
112	0.01056	0.00910	0.03355	0.06472	0.34365	0.13239	0.09256	0.04925	0.02611	0.19237	0.00803	0.00897	0.00594	0.00346	0.00342	0.00103	0.00431	0.00311	0.00235	0.00512
113	0.00594	0.00297	0.00446	0.00446	0.00446	0.00297	0.00297	0.00446	0.00446	0.00594	0.00594	0.01040	0.00594	0.01188	0.01337	0.90048	0.00297	0.00297	0.00149	0.00149
114	0.00497	0.00333	0.00381	0.00381	0.00384	0.00336	0.00218	0.00503	0.00500	0.00669	0.01070	0.02196	0.01225	0.83942	0.05752	0.00342	0.00359	0.00491	0.00206	0.00212
115	0.00751	0.00695	0.01156	0.08511	0.60503	0.00701	0.00883	0.00947	0.00813	0.01154	0.19262	0.01226	0.01123	0.00394	0.00353	0.00104	0.00357	0.00373	0.00213	0.00481
116	0.01658	0.11480	0.07027	0.01156	0.07218	0.11279	0.38050	0.08046	0.07549	0.02165	0.00710	0.00842	0.00545	0.00326	0.00349	0.00104	0.00493	0.00327	0.00199	0.00476
117	0.00760	0.00758	0.01039	0.53100	0.16235	0.10644	0.00879	0.01015	0.06501	0.00971	0.04344	0.00963	0.00629	0.00361	0.00341	0.00109	0.00441	0.00314	0.00181	0.00418
118	0.00495	0.00342	0.00424	0.00424	0.00442	0.00359	0.00271	0.00530	0.00513	0.00701	0.01031	0.01979	0.01131	0.63239	0.26326	0.00395	0.00501	0.00460	0.00200	0.00236
119	0.00850	0.61607	0.24004	0.00726	0.01077	0.01185	0.04469	0.01043	0.00707	0.00891	0.00521	0.00611	0.00441	0.00301	0.00255	0.00084	0.00412	0.00211	0.00147	0.00457
120	0.67268	0.00641	0.00579	0.00491	0.00717	0.00699	0.00405	0.01178	0.00685	0.23539	0.00704	0.00714	0.00494	0.00345	0.00246	0.00106	0.00272	0.00227	0.00267	0.00426
121	0.00539	0.09603	0.07920	0.00470	0.00640	0.00500	0.00416	0.01859	0.07051	0.01051	0.15862	0.02487	0.48966	0.00698	0.00373	0.00109	0.00230	0.00579	0.00297	0.00351
122	0.00456	0.00336	0.00427	0.00432	0.00501	0.00307	0.00313	0.00581	0.00862	0.01184	0.53189	0.24973	0.13534	0.00818	0.00412	0.00117	0.00173	0.00725	0.00354	0.00307
123	0.00561	0.00442	0.00626	0.23089	0.01040	0.00478	0.00524	0.06531	0.01604	0.01034	0.10924	0.41675	0.01740	0.01646	0.00416	0.00129	0.00284	0.06641	0.00282	0.00335

[dist]
# distance from previous block
# <min> <max>
0	13

# created by:
# /home/cegg/simao/soft/augustus-3.2.1/scripts/msa2prfl.pl ./align_prep/EOG092C53PI.fa
