[name]
unknown

[dist]
# distance from previous block
# <min> <max>
0	40

[block]
# block no. 0 follows, 63 sequences, length 8
# corresponding to MSA columns:
# 328-335
name=unknown_A
#
# <colnr> <probs for GDERKNQSTAVLIFYWHMCP>
#	G	D	E	R	K	N	Q	S	T	A	V	L	I	F	Y	W	H	M	C	P
0	0.01103	0.71614	0.01969	0.00721	0.01051	0.07836	0.00691	0.01234	0.00889	0.01005	0.00912	0.00976	0.07718	0.00427	0.00298	0.00096	0.00453	0.00286	0.00201	0.00519
1	0.00826	0.00621	0.00680	0.00616	0.00764	0.06049	0.00471	0.03357	0.08262	0.08316	0.53753	0.02724	0.10327	0.00786	0.00474	0.00132	0.00269	0.00675	0.00440	0.00458
2	0.08457	0.00773	0.00974	0.00757	0.01075	0.00722	0.00624	0.09357	0.04125	0.66304	0.01518	0.01339	0.00974	0.00511	0.00410	0.00130	0.00364	0.00406	0.00488	0.00694
3	0.00967	0.20848	0.60064	0.01064	0.01609	0.01110	0.01311	0.01357	0.00898	0.06004	0.00769	0.00871	0.00564	0.00397	0.00372	0.00123	0.00567	0.00298	0.00198	0.00608
4	0.01457	0.01086	0.01166	0.00920	0.01220	0.01203	0.00747	0.66330	0.10488	0.02418	0.01145	0.04150	0.00885	0.04189	0.00499	0.00142	0.00438	0.00428	0.00413	0.00676
5	0.00564	0.00420	0.00569	0.00595	0.00663	0.00391	0.02665	0.00683	0.00920	0.01240	0.23187	0.43761	0.09350	0.06917	0.00635	0.00175	0.00263	0.06247	0.00395	0.00360
6	0.70602	0.00934	0.00715	0.00624	0.00891	0.08622	0.00505	0.04512	0.00822	0.01802	0.00620	0.00716	0.00485	0.00393	0.00281	0.00123	0.00370	0.00239	0.00262	0.06482
7	0.00520	0.00419	0.00464	0.00468	0.00586	0.00363	0.00345	0.00643	0.00991	0.01250	0.21372	0.13571	0.55434	0.01049	0.00501	0.00143	0.00213	0.00896	0.00406	0.00363

[dist]
# distance from previous block
# <min> <max>
1	2

[block]
# block no. 1 follows, 63 sequences, length 22
# corresponding to MSA columns:
# 338-359
name=unknown_B
#
# <colnr> <probs for GDERKNQSTAVLIFYWHMCP>
#	G	D	E	R	K	N	Q	S	T	A	V	L	I	F	Y	W	H	M	C	P
0	0.00524	0.00392	0.00489	0.00559	0.00615	0.00361	0.00386	0.00629	0.02295	0.01117	0.04680	0.62988	0.19338	0.01237	0.00526	0.00164	0.00241	0.02713	0.00393	0.00352
1	0.07163	0.06792	0.01238	0.01000	0.04407	0.29960	0.03518	0.18200	0.05616	0.06061	0.00852	0.00920	0.00657	0.00438	0.00388	0.00113	0.01589	0.00318	0.00291	0.10478
2	0.01061	0.49428	0.23452	0.01094	0.11824	0.03056	0.01014	0.01304	0.00889	0.02492	0.00675	0.00792	0.00562	0.00376	0.00328	0.00107	0.00506	0.00271	0.00189	0.00579
3	0.01044	0.36455	0.34288	0.00981	0.03264	0.04914	0.01061	0.04379	0.04922	0.02430	0.00813	0.00900	0.02060	0.00410	0.00350	0.00114	0.00522	0.00297	0.00211	0.00585
4	0.00964	0.00534	0.00696	0.00605	0.00777	0.00485	0.00470	0.01188	0.04359	0.23305	0.52632	0.04860	0.02933	0.00752	0.00469	0.00131	0.00251	0.00654	0.00467	0.03468
5	0.01121	0.00581	0.00750	0.00666	0.00846	0.00544	0.00511	0.05958	0.04876	0.31194	0.21152	0.26103	0.02240	0.00835	0.00473	0.00143	0.00291	0.00728	0.00459	0.00528
6	0.00976	0.02443	0.17209	0.21350	0.25091	0.01005	0.06432	0.05302	0.06636	0.03237	0.00913	0.01117	0.01929	0.00438	0.00461	0.00135	0.04118	0.00384	0.00232	0.00591
7	0.05430	0.02884	0.04620	0.03163	0.01118	0.11586	0.00687	0.09458	0.03352	0.32912	0.08749	0.01361	0.01124	0.00532	0.00454	0.00128	0.04956	0.00406	0.06488	0.00591
8	0.00512	0.00366	0.00488	0.00585	0.00610	0.00341	0.00390	0.00585	0.00805	0.01073	0.02317	0.84952	0.02780	0.01317	0.00537	0.00171	0.00244	0.01195	0.00390	0.00341
9	0.01728	0.00751	0.00962	0.00752	0.01057	0.00697	0.00616	0.10018	0.06146	0.64088	0.01575	0.01406	0.01025	0.00520	0.00414	0.00128	0.00355	0.00419	0.06654	0.00689
10	0.04105	0.00904	0.01414	0.19164	0.04048	0.05744	0.23012	0.09375	0.01050	0.01393	0.01211	0.04277	0.01129	0.00622	0.00477	0.00151	0.00540	0.20601	0.00279	0.00503
11	0.01097	0.77577	0.09871	0.00765	0.01149	0.01598	0.00798	0.01266	0.00857	0.01021	0.00601	0.00695	0.00539	0.00363	0.00282	0.00094	0.00466	0.00233	0.00180	0.00547
12	0.00588	0.00429	0.00552	0.00522	0.00624	0.00394	0.00391	0.00780	0.01174	0.01647	0.76915	0.03204	0.09458	0.00874	0.00496	0.00133	0.00199	0.00769	0.00458	0.00394
13	0.00865	0.08739	0.76678	0.01160	0.01761	0.01030	0.01487	0.01326	0.00885	0.01304	0.00741	0.00871	0.00533	0.00396	0.00389	0.00130	0.00608	0.00304	0.00178	0.00615
14	0.00601	0.00448	0.00661	0.00661	0.00731	0.00518	0.00507	0.00741	0.00671	0.00965	0.01139	0.01725	0.01083	0.08642	0.78115	0.00658	0.01078	0.00461	0.00227	0.00367
15	0.00799	0.00754	0.01262	0.80932	0.02825	0.00948	0.01158	0.01072	0.00833	0.01072	0.00739	0.01113	0.00560	0.00433	0.00458	0.00142	0.03876	0.00373	0.00187	0.00467
16	0.00524	0.00421	0.00465	0.00479	0.00595	0.00367	0.00356	0.00639	0.00956	0.01190	0.12886	0.14333	0.56219	0.03427	0.00552	0.00155	0.00231	0.05454	0.00395	0.00357
17	0.22701	0.00834	0.01015	0.03976	0.01094	0.00991	0.03464	0.10612	0.03845	0.09141	0.01002	0.11668	0.00907	0.00646	0.00691	0.00152	0.26001	0.00453	0.00298	0.00509
18	0.00910	0.01385	0.26467	0.01506	0.01959	0.00980	0.50881	0.01282	0.00946	0.01320	0.00937	0.07672	0.00775	0.00444	0.00470	0.00141	0.00646	0.00496	0.00216	0.00565
19	0.00560	0.00423	0.00517	0.00504	0.00609	0.00380	0.00374	0.00721	0.01091	0.01476	0.53201	0.10497	0.26194	0.00958	0.00500	0.00138	0.00206	0.00834	0.00436	0.00380
20	0.00522	0.00410	0.00474	0.00503	0.00601	0.00361	0.00366	0.00634	0.00943	0.01198	0.14532	0.29323	0.43448	0.01119	0.00512	0.00152	0.00227	0.03918	0.00400	0.00358
21	0.00842	0.01495	0.44668	0.01060	0.01493	0.02719	0.11514	0.01205	0.00987	0.04437	0.17828	0.01629	0.07208	0.00542	0.00439	0.00134	0.00509	0.00472	0.00270	0.00549

[dist]
# distance from previous block
# <min> <max>
0	2

[block]
# block no. 2 follows, 63 sequences, length 38
# corresponding to MSA columns:
# 362-399
name=unknown_C
#
# <colnr> <probs for GDERKNQSTAVLIFYWHMCP>
#	G	D	E	R	K	N	Q	S	T	A	V	L	I	F	Y	W	H	M	C	P
0	0.00988	0.01675	0.49809	0.01232	0.01740	0.00954	0.17766	0.01470	0.07947	0.09378	0.00973	0.02531	0.00709	0.00433	0.00426	0.00136	0.00582	0.00390	0.00244	0.00618
1	0.01840	0.00789	0.01021	0.00783	0.01110	0.00727	0.00647	0.14622	0.01326	0.70148	0.01555	0.01364	0.00989	0.00518	0.00422	0.00129	0.00374	0.00416	0.00504	0.00715
2	0.00887	0.00607	0.00688	0.00643	0.00792	0.03912	0.00489	0.08560	0.03343	0.12823	0.16428	0.25403	0.18188	0.00929	0.00497	0.00146	0.01342	0.03448	0.00415	0.00459
3	0.00938	0.01030	0.09545	0.29893	0.47869	0.00975	0.01275	0.01222	0.00911	0.01269	0.00773	0.01052	0.00617	0.00392	0.00416	0.00131	0.00532	0.00368	0.00198	0.00595
4	0.00603	0.00408	0.00469	0.00471	0.00484	0.00402	0.00276	0.00628	0.00683	0.00918	0.09386	0.06543	0.03355	0.71542	0.01874	0.00365	0.00376	0.00658	0.00284	0.00274
5	0.00752	0.00585	0.00858	0.01077	0.14444	0.00591	0.00779	0.00992	0.04019	0.01296	0.01968	0.04008	0.02085	0.01008	0.00548	0.00180	0.00404	0.63603	0.00359	0.00444
6	0.00842	0.00801	0.01353	0.66122	0.15493	0.00962	0.02490	0.01110	0.00853	0.01123	0.00747	0.01099	0.00578	0.00426	0.00464	0.00140	0.04330	0.00375	0.00190	0.00500
7	0.01065	0.01025	0.09343	0.01099	0.01236	0.01140	0.05862	0.01223	0.00775	0.13640	0.00760	0.01008	0.00630	0.00646	0.01082	0.00168	0.58159	0.00379	0.00237	0.00522
8	0.21991	0.00984	0.01044	0.00819	0.01135	0.01058	0.00676	0.43906	0.01499	0.21253	0.01062	0.01031	0.00730	0.00481	0.00383	0.00128	0.00406	0.00353	0.00406	0.00654
9	0.10695	0.00985	0.01462	0.18279	0.51943	0.05339	0.01138	0.02882	0.00940	0.01379	0.00756	0.01001	0.00616	0.00391	0.00398	0.00128	0.00505	0.00353	0.00214	0.00595
10	0.00803	0.00753	0.01249	0.81084	0.02828	0.00938	0.01149	0.01118	0.03884	0.01100	0.00783	0.01138	0.00588	0.00426	0.00421	0.00140	0.00552	0.00377	0.00196	0.00474
11	0.01060	0.07144	0.05233	0.02386	0.09985	0.03258	0.00795	0.03342	0.58390	0.01625	0.01427	0.01374	0.01084	0.00518	0.00412	0.00135	0.00391	0.00429	0.00364	0.00647
12	0.00908	0.00718	0.00856	0.04196	0.03112	0.00779	0.01886	0.01593	0.41879	0.06157	0.14713	0.10759	0.07267	0.00725	0.00459	0.00144	0.00316	0.02566	0.00412	0.00554
13	0.00529	0.00378	0.00507	0.00604	0.00636	0.00356	0.00419	0.00614	0.00821	0.01091	0.02308	0.76995	0.02745	0.01302	0.00541	0.00173	0.00258	0.08990	0.00390	0.00346
14	0.08442	0.00858	0.00890	0.00808	0.01020	0.04043	0.00635	0.09188	0.45691	0.02770	0.01495	0.05462	0.01233	0.00879	0.08608	0.01479	0.00438	0.05103	0.00379	0.00579
15	0.04509	0.00800	0.00859	0.00767	0.00985	0.00889	0.00596	0.03617	0.56150	0.01751	0.18443	0.01815	0.01766	0.00610	0.00430	0.00136	0.00306	0.00512	0.00420	0.04639
16	0.03991	0.11109	0.07366	0.01310	0.09490	0.10544	0.23857	0.16441	0.03786	0.02783	0.00870	0.01012	0.00667	0.00414	0.00407	0.00124	0.00557	0.00376	0.04306	0.00590
17	0.01124	0.85479	0.02203	0.00719	0.01079	0.01663	0.00719	0.01259	0.00854	0.00989	0.00584	0.00674	0.00539	0.00360	0.00270	0.00090	0.00450	0.00225	0.00180	0.00539
18	0.00542	0.00435	0.00486	0.00488	0.00610	0.00386	0.00365	0.00699	0.03150	0.01283	0.22831	0.11728	0.51072	0.01030	0.00501	0.00144	0.00221	0.03248	0.00409	0.00373
19	0.03202	0.12866	0.16199	0.00943	0.01318	0.10253	0.00890	0.32154	0.01384	0.15376	0.00965	0.00977	0.00688	0.00458	0.00389	0.00121	0.00502	0.00338	0.00334	0.00644
20	0.00992	0.01034	0.03043	0.03224	0.14628	0.14344	0.17347	0.01203	0.01854	0.03299	0.01169	0.13140	0.01143	0.00701	0.02038	0.00157	0.10193	0.09723	0.00263	0.00506
21	0.01873	0.00737	0.00989	0.00758	0.01084	0.00650	0.00626	0.05713	0.01239	0.79180	0.01628	0.01411	0.01026	0.00520	0.00423	0.00130	0.00363	0.00421	0.00516	0.00715
22	0.00653	0.00403	0.00534	0.00594	0.00646	0.00373	0.00404	0.00731	0.00832	0.09094	0.02193	0.71820	0.02534	0.06271	0.00622	0.00181	0.00265	0.01084	0.00395	0.00373
23	0.00916	0.00876	0.01494	0.43105	0.37779	0.00970	0.04225	0.01210	0.03032	0.01234	0.00796	0.01098	0.00629	0.00402	0.00422	0.00134	0.00533	0.00381	0.00203	0.00563
24	0.00709	0.00479	0.00605	0.00566	0.00686	0.00450	0.00426	0.03903	0.02974	0.06822	0.56823	0.12882	0.09275	0.00888	0.00492	0.00137	0.00228	0.00780	0.00450	0.00425
25	0.00539	0.00398	0.00550	0.04044	0.02807	0.00384	0.00443	0.00624	0.00807	0.01077	0.02197	0.78026	0.02615	0.02637	0.00555	0.00172	0.00266	0.01131	0.00375	0.00353
26	0.01395	0.33036	0.01576	0.00974	0.02629	0.51651	0.00786	0.01516	0.01062	0.01020	0.00628	0.00732	0.00543	0.00405	0.00339	0.00102	0.00639	0.00255	0.00203	0.00510
27	0.00605	0.00438	0.00527	0.00499	0.00622	0.00389	0.00377	0.00769	0.01107	0.04323	0.51464	0.03406	0.32088	0.00921	0.00494	0.00136	0.00209	0.00794	0.00439	0.00393
28	0.00882	0.13752	0.71812	0.01132	0.01717	0.01072	0.01437	0.01321	0.00883	0.01284	0.00731	0.00858	0.00533	0.00394	0.00381	0.00127	0.00597	0.00299	0.00178	0.00610
29	0.00872	0.00747	0.00872	0.00623	0.00996	0.00560	0.00498	0.01058	0.00872	0.01370	0.00747	0.00872	0.00623	0.00311	0.00311	0.00062	0.00311	0.00249	0.00249	0.87796
30	0.00547	0.00403	0.00525	0.00589	0.00648	0.00363	0.00401	0.00632	0.00811	0.01102	0.02163	0.76694	0.02568	0.01218	0.00514	0.00160	0.00251	0.01102	0.00376	0.08931
31	0.00592	0.00442	0.00657	0.00667	0.00737	0.00507	0.00512	0.00734	0.00688	0.00985	0.01243	0.09833	0.01221	0.02972	0.75406	0.00626	0.01039	0.00524	0.00241	0.00372
32	0.84183	0.00830	0.00648	0.00572	0.00836	0.00960	0.00471	0.04941	0.00774	0.01921	0.00605	0.00698	0.00467	0.00396	0.00268	0.00130	0.00332	0.00235	0.00268	0.00467
33	0.00657	0.00526	0.00755	0.00719	0.00793	0.00624	0.00562	0.00792	0.00677	0.00990	0.01042	0.01579	0.00991	0.07450	0.63787	0.00565	0.12398	0.00439	0.00222	0.04431
34	0.00990	0.22183	0.22395	0.01051	0.01394	0.01192	0.10791	0.07122	0.06526	0.01303	0.00875	0.06003	0.00757	0.00546	0.01544	0.00141	0.14003	0.00393	0.00232	0.00559
35	0.03088	0.11473	0.02677	0.00887	0.01197	0.10787	0.03186	0.37757	0.03282	0.02866	0.02577	0.04415	0.00827	0.00489	0.00387	0.00115	0.00461	0.00376	0.02574	0.10580
36	0.11431	0.01056	0.00991	0.00865	0.01074	0.14874	0.00680	0.11750	0.27285	0.06061	0.02798	0.02382	0.00971	0.03553	0.03017	0.00162	0.09744	0.00404	0.00338	0.00564
37	0.00991	0.04364	0.03406	0.31161	0.01873	0.05956	0.11356	0.11161	0.04799	0.04250	0.02627	0.11080	0.01031	0.00572	0.00443	0.00140	0.00509	0.03484	0.00280	0.00518

[dist]
# distance from previous block
# <min> <max>
16	37

[block]
# block no. 3 follows, 63 sequences, length 48
# corresponding to MSA columns:
# 445-458,460,461,464-495
name=unknown_D
#
# <colnr> <probs for GDERKNQSTAVLIFYWHMCP>
#	G	D	E	R	K	N	Q	S	T	A	V	L	I	F	Y	W	H	M	C	P
0	0.00603	0.02574	0.00579	0.00537	0.00646	0.00440	0.00399	0.03758	0.01066	0.01428	0.39569	0.21825	0.23048	0.00989	0.00497	0.00142	0.00229	0.00863	0.00420	0.00389
1	0.04298	0.26320	0.49369	0.01025	0.01521	0.08294	0.01205	0.01337	0.00897	0.01227	0.00690	0.00807	0.00532	0.00390	0.00355	0.00118	0.00572	0.00279	0.00185	0.00580
2	0.01114	0.77989	0.07790	0.00760	0.01135	0.03295	0.00779	0.01272	0.00863	0.01014	0.00598	0.00691	0.00539	0.00364	0.00281	0.00093	0.00468	0.00232	0.00180	0.00544
3	0.00919	0.11371	0.61720	0.01213	0.05186	0.04275	0.03809	0.01323	0.00892	0.01271	0.00728	0.00874	0.00543	0.00407	0.00425	0.00129	0.03820	0.00310	0.00182	0.00601
4	0.00852	0.04696	0.80601	0.01184	0.01797	0.00997	0.01528	0.01329	0.00887	0.01321	0.00749	0.00881	0.00533	0.00398	0.00395	0.00132	0.00616	0.00308	0.00178	0.00619
5	0.00618	0.00437	0.00533	0.00506	0.00624	0.00391	0.00381	0.00767	0.01081	0.04530	0.48386	0.03315	0.30109	0.00946	0.00546	0.04089	0.00219	0.01710	0.00427	0.00385
6	0.01063	0.67414	0.19735	0.00823	0.01240	0.01514	0.00900	0.01274	0.00861	0.01063	0.00621	0.00721	0.00538	0.00368	0.00298	0.00099	0.00487	0.00243	0.00179	0.00557
7	0.00604	0.00405	0.00461	0.00467	0.00469	0.00403	0.00264	0.00610	0.00625	0.00833	0.01393	0.08446	0.01615	0.79413	0.02029	0.00391	0.00396	0.00652	0.00264	0.00261
8	0.00943	0.31749	0.54347	0.01028	0.01557	0.01220	0.01257	0.01306	0.00876	0.01210	0.00694	0.00812	0.00535	0.00385	0.00353	0.00118	0.00560	0.00280	0.00178	0.00592
9	0.01032	0.00963	0.01590	0.18148	0.61587	0.01008	0.01232	0.06856	0.01006	0.01405	0.00798	0.01054	0.00649	0.00392	0.00417	0.00128	0.00509	0.00375	0.00219	0.00631
10	0.00599	0.00402	0.00533	0.00574	0.00636	0.00372	0.00402	0.00717	0.00950	0.04807	0.28806	0.54251	0.03098	0.01131	0.00518	0.00156	0.00234	0.01018	0.00420	0.00376
11	0.00509	0.00412	0.00453	0.00480	0.00588	0.00356	0.00349	0.00612	0.00926	0.01141	0.06382	0.25280	0.56867	0.01126	0.00509	0.00150	0.00225	0.02889	0.00393	0.00354
12	0.01361	0.01624	0.01271	0.18080	0.03298	0.55706	0.03939	0.05102	0.01126	0.01130	0.00693	0.00868	0.00560	0.00439	0.00425	0.00119	0.03231	0.00310	0.00218	0.00499
13	0.01306	0.04764	0.25134	0.01177	0.05204	0.02273	0.16664	0.05205	0.02556	0.29835	0.01110	0.01139	0.00759	0.00438	0.00423	0.00131	0.00524	0.00391	0.00322	0.00645
14	0.00935	0.01153	0.23155	0.00818	0.01254	0.00713	0.02238	0.03433	0.02257	0.05079	0.00815	0.00921	0.00631	0.00355	0.00348	0.00089	0.00409	0.00285	0.00249	0.54861
15	0.00615	0.00486	0.00717	0.00955	0.15455	0.00467	0.00566	0.00726	0.00840	0.01136	0.02037	0.66153	0.02382	0.01139	0.00517	0.00163	0.00297	0.04591	0.00357	0.00402
16	0.00811	0.00687	0.00802	0.00599	0.00924	0.00526	0.00473	0.00988	0.00898	0.01362	0.06440	0.03946	0.07762	0.00442	0.00346	0.00077	0.00294	0.00366	0.00279	0.71979
17	0.01033	0.00949	0.03006	0.13544	0.39644	0.00952	0.09126	0.03016	0.09432	0.05615	0.00965	0.01212	0.00770	0.00430	0.00435	0.00130	0.01483	0.02329	0.00255	0.05673
18	0.00569	0.00414	0.00535	0.00536	0.00620	0.00381	0.00390	0.00731	0.01081	0.01502	0.57916	0.23171	0.08618	0.00984	0.00506	0.00142	0.00210	0.00874	0.00440	0.00381
19	0.00903	0.00766	0.00889	0.00638	0.01009	0.00592	0.00511	0.04517	0.00919	0.01425	0.00758	0.00878	0.00627	0.00320	0.00316	0.00065	0.00318	0.00255	0.00256	0.84038
20	0.00869	0.00831	0.01312	0.60023	0.18172	0.03420	0.01138	0.01174	0.04527	0.01162	0.00836	0.03216	0.00669	0.00441	0.00421	0.00137	0.00536	0.00396	0.00208	0.00512
21	0.16886	0.23737	0.13579	0.02292	0.01177	0.01016	0.07977	0.03105	0.00888	0.03415	0.03354	0.15439	0.01107	0.00590	0.00383	0.00130	0.00431	0.03726	0.00264	0.00502
22	0.00784	0.00594	0.00707	0.00615	0.00821	0.00537	0.00486	0.03004	0.08647	0.04486	0.27214	0.02525	0.12646	0.00715	0.00440	0.00121	0.00277	0.09218	0.01903	0.24259
23	0.02340	0.01165	0.01107	0.03434	0.01253	0.13607	0.00750	0.31234	0.36806	0.01958	0.01250	0.01216	0.00930	0.00519	0.00416	0.00131	0.00452	0.00403	0.00384	0.00648
24	0.00627	0.00407	0.00504	0.00512	0.00524	0.00414	0.00321	0.00625	0.00630	0.00847	0.01289	0.05764	0.01443	0.57505	0.10495	0.13459	0.00469	0.03647	0.00251	0.00265
25	0.01141	0.00938	0.01020	0.00886	0.01123	0.01087	0.00702	0.13464	0.62058	0.04271	0.01524	0.01437	0.01141	0.00571	0.00496	0.00143	0.06473	0.00452	0.00412	0.00659
26	0.02782	0.00752	0.00968	0.00762	0.01069	0.00700	0.00623	0.05440	0.11562	0.65588	0.04068	0.01473	0.01139	0.00535	0.00424	0.00132	0.00354	0.00435	0.00499	0.00696
27	0.00920	0.00920	0.01288	0.01104	0.01104	0.01288	0.00920	0.01012	0.00644	0.01012	0.00552	0.00920	0.00552	0.00736	0.01380	0.00184	0.84457	0.00368	0.00184	0.00460
28	0.00730	0.00365	0.00548	0.00548	0.00548	0.00365	0.00365	0.00548	0.00548	0.00730	0.00730	0.01278	0.00730	0.01460	0.01643	0.87769	0.00365	0.00365	0.00183	0.00183
29	0.00529	0.00382	0.00503	0.00591	0.00624	0.00362	0.00398	0.00637	0.03072	0.01108	0.04344	0.80541	0.02769	0.01285	0.00532	0.00169	0.00245	0.01164	0.00393	0.00352
30	0.01879	0.00727	0.00983	0.00753	0.01079	0.00635	0.00622	0.03988	0.01222	0.80929	0.01643	0.01420	0.01033	0.00520	0.00423	0.00130	0.00360	0.00422	0.00518	0.00715
31	0.00551	0.00427	0.00501	0.00485	0.00601	0.00378	0.00363	0.00707	0.01083	0.01436	0.47009	0.04796	0.38238	0.00956	0.00497	0.00137	0.00205	0.00822	0.00430	0.00378
32	0.00854	0.05418	0.79901	0.01180	0.01791	0.01003	0.01521	0.01328	0.00886	0.01318	0.00748	0.00879	0.00533	0.00398	0.00394	0.00131	0.00615	0.00307	0.00178	0.00618
33	0.88196	0.00813	0.00618	0.00553	0.00813	0.00943	0.00455	0.01236	0.00715	0.01886	0.00585	0.00683	0.00455	0.00390	0.00260	0.00130	0.00325	0.00228	0.00260	0.00455
34	0.00588	0.00429	0.00552	0.00521	0.00624	0.00394	0.00391	0.00780	0.01173	0.01646	0.76712	0.03206	0.09662	0.00874	0.00496	0.00133	0.00199	0.00769	0.00458	0.00394
35	0.00992	0.01134	0.02481	0.01772	0.02197	0.01063	0.81077	0.01347	0.00992	0.01347	0.00850	0.01134	0.00638	0.00354	0.00496	0.00142	0.00709	0.00496	0.00213	0.00567
36	0.00872	0.00747	0.00872	0.00623	0.00996	0.00560	0.00498	0.01058	0.00872	0.01370	0.00747	0.00872	0.00623	0.00311	0.00311	0.00062	0.00311	0.00249	0.00249	0.87796
37	0.01321	0.00738	0.00983	0.00824	0.01066	0.00721	0.05399	0.16374	0.05145	0.33244	0.01690	0.19136	0.01479	0.00745	0.00468	0.00146	0.00376	0.09117	0.00437	0.00591
38	0.00528	0.00446	0.00460	0.00453	0.00595	0.00387	0.00341	0.00688	0.04306	0.01212	0.11372	0.03860	0.71847	0.01025	0.00494	0.00141	0.00217	0.00859	0.00399	0.00372
39	0.00944	0.00714	0.00846	0.00623	0.00967	0.00548	0.00497	0.01122	0.00915	0.09712	0.02600	0.02826	0.05028	0.00402	0.00340	0.00077	0.00307	0.00329	0.00291	0.70913
40	0.00960	0.04755	0.16364	0.01571	0.01999	0.01067	0.58100	0.01312	0.00952	0.01312	0.00848	0.01163	0.00661	0.00402	0.00512	0.00141	0.04452	0.02655	0.00209	0.00565
41	0.01570	0.02004	0.01191	0.01083	0.01300	0.83539	0.00812	0.01679	0.01191	0.01029	0.00650	0.00758	0.00541	0.00433	0.00379	0.00108	0.00758	0.00271	0.00217	0.00487
42	0.00872	0.00747	0.00872	0.00623	0.00996	0.00560	0.00498	0.01058	0.00872	0.01370	0.00747	0.00872	0.00623	0.00311	0.00311	0.00062	0.00311	0.00249	0.00249	0.87796
43	0.01067	0.00965	0.00928	0.03966	0.01107	0.14245	0.00637	0.05994	0.29483	0.04979	0.01388	0.15256	0.01225	0.00615	0.00416	0.00126	0.00400	0.00510	0.00349	0.16342
44	0.01946	0.00741	0.02872	0.04154	0.01053	0.00682	0.01506	0.06326	0.15425	0.13886	0.04053	0.19001	0.02863	0.00653	0.00421	0.00124	0.00335	0.00561	0.00368	0.23031
45	0.02157	0.01884	0.01055	0.00859	0.02197	0.14132	0.03694	0.19686	0.04773	0.21456	0.04175	0.03092	0.10351	0.00565	0.00419	0.00123	0.00433	0.00453	0.00380	0.08116
46	0.00935	0.28980	0.36278	0.00899	0.01363	0.01098	0.01018	0.01245	0.01842	0.01244	0.03291	0.00894	0.00671	0.00385	0.00342	0.00105	0.00485	0.00286	0.00205	0.18433
47	0.01020	0.00738	0.00879	0.08173	0.06108	0.04244	0.01534	0.10062	0.06075	0.15316	0.02264	0.08822	0.27650	0.00730	0.00449	0.00134	0.00357	0.00614	0.00373	0.04456

[dist]
# distance from previous block
# <min> <max>
1	5

[block]
# block no. 4 follows, 63 sequences, length 8
# corresponding to MSA columns:
# 501-508
name=unknown_E
#
# <colnr> <probs for GDERKNQSTAVLIFYWHMCP>
#	G	D	E	R	K	N	Q	S	T	A	V	L	I	F	Y	W	H	M	C	P
0	0.02968	0.04589	0.04690	0.09776	0.06302	0.00683	0.00684	0.02523	0.02682	0.20305	0.04806	0.21007	0.01372	0.00653	0.00422	0.00128	0.00364	0.00564	0.00346	0.15140
1	0.14890	0.04246	0.00849	0.00833	0.09596	0.00695	0.00580	0.01184	0.08539	0.09669	0.15293	0.09191	0.08089	0.02712	0.00464	0.00141	0.00321	0.06470	0.00358	0.05880
2	0.01005	0.05777	0.15857	0.00835	0.01164	0.00763	0.05738	0.05270	0.06979	0.13460	0.07082	0.11016	0.05816	0.00589	0.00416	0.00123	0.00395	0.00504	0.00331	0.16882
3	0.01186	0.00944	0.01302	0.21025	0.27886	0.06028	0.00989	0.10004	0.06946	0.14054	0.04709	0.01233	0.00891	0.00462	0.00421	0.00130	0.00478	0.00401	0.00302	0.00609
4	0.53566	0.00821	0.00901	0.07811	0.07008	0.00884	0.04538	0.01301	0.00822	0.10153	0.00753	0.00862	0.00564	0.00396	0.00318	0.00125	0.00378	0.00286	0.00274	0.08239
5	0.01281	0.00867	0.04803	0.01003	0.11275	0.00759	0.02475	0.07265	0.10105	0.28511	0.07080	0.01335	0.01084	0.00476	0.00403	0.00116	0.00378	0.00402	0.00377	0.20003
6	0.12272	0.04590	0.01118	0.05267	0.11709	0.12640	0.04129	0.09733	0.11857	0.05482	0.01431	0.06154	0.10747	0.00570	0.00407	0.00131	0.00441	0.00465	0.00313	0.00545
7	0.11236	0.00881	0.00881	0.00757	0.00987	0.10552	0.00595	0.12412	0.09250	0.19620	0.10408	0.09294	0.01372	0.00769	0.05657	0.00164	0.00431	0.00488	0.00384	0.03861

[dist]
# distance from previous block
# <min> <max>
10	67

[block]
# block no. 5 follows, 63 sequences, length 32
# corresponding to MSA columns:
# 578-609
name=unknown_F
#
# <colnr> <probs for GDERKNQSTAVLIFYWHMCP>
#	G	D	E	R	K	N	Q	S	T	A	V	L	I	F	Y	W	H	M	C	P
0	0.05636	0.06929	0.04233	0.01029	0.01316	0.44781	0.07058	0.09570	0.02946	0.07403	0.00801	0.00882	0.00619	0.00430	0.00382	0.00114	0.00619	0.00310	0.00264	0.04679
1	0.02771	0.00719	0.00849	0.00784	0.03947	0.05343	0.04136	0.04613	0.14906	0.07427	0.32849	0.05368	0.08029	0.02053	0.00486	0.00138	0.00325	0.02092	0.00402	0.02764
2	0.05071	0.02703	0.25105	0.04071	0.02768	0.05828	0.13099	0.10868	0.09103	0.10145	0.00973	0.01053	0.00704	0.00430	0.00407	0.00127	0.00527	0.00366	0.00284	0.06366
3	0.03849	0.00601	0.00873	0.00779	0.03779	0.00582	0.10872	0.04390	0.03430	0.02745	0.37109	0.04359	0.10888	0.12106	0.00701	0.00173	0.00330	0.01627	0.00374	0.00432
4	0.01032	0.00993	0.01708	0.05652	0.56614	0.02388	0.12527	0.01280	0.00939	0.03466	0.00816	0.01077	0.00672	0.00499	0.03444	0.00151	0.05514	0.00394	0.00215	0.00619
5	0.00913	0.00843	0.01127	0.00864	0.04067	0.02845	0.10967	0.01119	0.00894	0.01350	0.00755	0.00910	0.00622	0.00332	0.00364	0.00079	0.02240	0.00289	0.00241	0.69179
6	0.00792	0.00525	0.00695	0.00676	0.00797	0.00495	0.02945	0.06564	0.03045	0.10135	0.01985	0.59430	0.02193	0.01055	0.00497	0.00154	0.00293	0.00948	0.00392	0.06385
7	0.00633	0.00438	0.00570	0.00533	0.00640	0.00402	0.00401	0.00825	0.01176	0.04342	0.75771	0.04371	0.06578	0.00862	0.00494	0.00133	0.00205	0.00760	0.00461	0.00405
8	0.01033	0.00999	0.01728	0.04288	0.77682	0.01000	0.04486	0.01288	0.00956	0.01366	0.00792	0.01046	0.00663	0.00375	0.00419	0.00126	0.00509	0.00379	0.00208	0.00658
9	0.00956	0.00963	0.01474	0.01203	0.01283	0.01253	0.13489	0.04058	0.00748	0.01125	0.00616	0.00957	0.00571	0.00667	0.01205	0.00175	0.68184	0.00388	0.00197	0.00486
10	0.00582	0.00444	0.00537	0.00515	0.00628	0.00408	0.00385	0.00788	0.04125	0.01518	0.55438	0.05992	0.25247	0.00920	0.00495	0.00137	0.00209	0.00798	0.00439	0.00393
11	0.00519	0.00380	0.00488	0.00560	0.00607	0.00349	0.00382	0.00610	0.00864	0.01146	0.11093	0.66507	0.12472	0.01238	0.00527	0.00163	0.00235	0.01112	0.00398	0.00349
12	0.01598	0.01177	0.01262	0.00967	0.01304	0.01304	0.00799	0.81202	0.01976	0.02649	0.01009	0.01009	0.00715	0.00505	0.00421	0.00126	0.00463	0.00378	0.00421	0.00715
13	0.00971	0.00937	0.01488	0.19674	0.53020	0.04137	0.01173	0.01213	0.00939	0.01289	0.03538	0.01299	0.00833	0.00454	0.00458	0.00133	0.03240	0.04397	0.00221	0.00587
14	0.00843	0.02174	0.83048	0.01198	0.01819	0.00976	0.01553	0.01331	0.00888	0.01331	0.00754	0.00888	0.00533	0.00399	0.00399	0.00133	0.00621	0.00311	0.00178	0.00621
15	0.00571	0.00420	0.00552	0.00624	0.00660	0.00417	0.00433	0.03465	0.00844	0.01131	0.02198	0.76755	0.02610	0.01261	0.00567	0.00170	0.03630	0.02950	0.00383	0.00360
16	0.00898	0.00969	0.01978	0.01561	0.08842	0.00908	0.56519	0.01196	0.00997	0.01341	0.06639	0.01715	0.12012	0.00499	0.00491	0.00141	0.00584	0.01923	0.00256	0.00533
17	0.00530	0.00448	0.03410	0.00583	0.00656	0.00374	0.00430	0.00631	0.00851	0.01112	0.03807	0.60986	0.18597	0.01220	0.00525	0.00164	0.00257	0.04677	0.00384	0.00357
18	0.00599	0.00442	0.00641	0.00645	0.00708	0.00504	0.00486	0.00727	0.00672	0.00959	0.01194	0.04743	0.01173	0.13552	0.70238	0.00624	0.01003	0.00497	0.00235	0.00359
19	0.00608	0.00419	0.00518	0.00518	0.00538	0.00440	0.00329	0.00649	0.00629	0.00859	0.01270	0.02451	0.01398	0.62817	0.24371	0.00481	0.00604	0.00567	0.00247	0.00288
20	0.01146	0.38294	0.18066	0.00882	0.01251	0.12591	0.00880	0.04300	0.10348	0.04482	0.00936	0.00984	0.03317	0.00437	0.00348	0.00112	0.00502	0.00312	0.00242	0.00571
21	0.00954	0.00915	0.01568	0.30755	0.53418	0.00978	0.02895	0.01217	0.00918	0.01269	0.00777	0.01070	0.00629	0.00390	0.00419	0.00130	0.00525	0.00377	0.00201	0.00595
22	0.00545	0.00412	0.00504	0.00514	0.00606	0.00370	0.00373	0.00685	0.01023	0.01369	0.39145	0.24615	0.26233	0.01037	0.00507	0.00145	0.00214	0.00910	0.00423	0.00370
23	0.00923	0.00787	0.01055	0.04932	0.03047	0.02620	0.12392	0.07695	0.23443	0.02857	0.15664	0.01991	0.11786	0.00623	0.00444	0.00134	0.00372	0.00552	0.08151	0.00532
24	0.07688	0.02728	0.09519	0.00978	0.04515	0.05897	0.02321	0.29191	0.08927	0.22305	0.01141	0.01114	0.00796	0.00481	0.00404	0.00128	0.00454	0.00374	0.00381	0.00661
25	0.01708	0.00773	0.00988	0.00768	0.01074	0.00723	0.00630	0.15373	0.02916	0.60625	0.08569	0.01511	0.01245	0.00548	0.00429	0.00130	0.00361	0.00446	0.00497	0.00687
26	0.00534	0.00395	0.00495	0.00551	0.00612	0.00363	0.00388	0.00633	0.00885	0.01161	0.12639	0.49478	0.19119	0.05160	0.00602	0.00173	0.00248	0.05822	0.00393	0.00350
27	0.01769	0.00524	0.00639	0.00704	0.04003	0.00529	0.00485	0.03035	0.14603	0.01296	0.06092	0.47156	0.12722	0.01060	0.00501	0.00158	0.00275	0.03630	0.00392	0.00426
28	0.01233	0.39721	0.01601	0.00786	0.01129	0.03825	0.00700	0.23511	0.04115	0.03159	0.01810	0.00880	0.00681	0.00411	0.00333	0.00099	0.00431	0.00293	0.00278	0.15001
29	0.02336	0.13845	0.23813	0.01071	0.09553	0.01004	0.02461	0.06927	0.09675	0.05503	0.00909	0.01004	0.00700	0.00497	0.03120	0.00131	0.00486	0.00328	0.00258	0.16378
30	0.02269	0.25370	0.06980	0.00904	0.01238	0.10998	0.02564	0.24566	0.10838	0.07932	0.00968	0.01923	0.00743	0.00461	0.00373	0.00117	0.00482	0.00342	0.00313	0.00615
31	0.05623	0.02707	0.05643	0.01849	0.03890	0.15493	0.05646	0.11872	0.06712	0.02411	0.03078	0.04797	0.01815	0.00537	0.02563	0.00125	0.00481	0.00378	0.00285	0.24095

[dist]
# distance from previous block
# <min> <max>
1	15

[block]
# block no. 6 follows, 63 sequences, length 35
# corresponding to MSA columns:
# 679-713
name=unknown_G
#
# <colnr> <probs for GDERKNQSTAVLIFYWHMCP>
#	G	D	E	R	K	N	Q	S	T	A	V	L	I	F	Y	W	H	M	C	P
0	0.00730	0.00554	0.00795	0.04158	0.10171	0.01465	0.02629	0.00905	0.05539	0.04338	0.01780	0.38525	0.03642	0.02210	0.07080	0.06549	0.00404	0.07772	0.00333	0.00419
1	0.00866	0.00839	0.01464	0.57687	0.19421	0.00968	0.08347	0.01142	0.00874	0.01159	0.00761	0.01100	0.00589	0.00413	0.00451	0.00138	0.02687	0.00385	0.00193	0.00517
2	0.01230	0.02848	0.09616	0.00996	0.02546	0.12825	0.09088	0.13211	0.13952	0.13938	0.09609	0.04659	0.01222	0.00583	0.01649	0.00139	0.00485	0.00460	0.00353	0.00592
3	0.01784	0.00852	0.01079	0.00834	0.01156	0.05518	0.04266	0.08573	0.03124	0.65931	0.01511	0.01347	0.00972	0.00508	0.00423	0.00129	0.00405	0.00415	0.00478	0.00694
4	0.04897	0.00702	0.00939	0.00728	0.01038	0.00617	0.00599	0.01947	0.01185	0.75285	0.06306	0.01503	0.01190	0.00535	0.00421	0.00130	0.00347	0.00435	0.00508	0.00688
5	0.00528	0.00376	0.00486	0.00564	0.00591	0.00356	0.00372	0.00594	0.00781	0.01037	0.02229	0.67908	0.05899	0.12991	0.03004	0.00216	0.00289	0.01081	0.00367	0.00331
6	0.09655	0.03174	0.10447	0.00878	0.01211	0.07688	0.02623	0.14354	0.12482	0.30024	0.02507	0.01197	0.00893	0.00489	0.00401	0.00129	0.00439	0.00382	0.00387	0.00642
7	0.01626	0.01178	0.01228	0.00951	0.01280	0.06007	0.00781	0.68457	0.01851	0.10797	0.01055	0.01038	0.00738	0.00502	0.00418	0.00126	0.00469	0.00377	0.00419	0.00702
8	0.00529	0.00384	0.00499	0.00561	0.00611	0.00355	0.00386	0.00632	0.00900	0.01212	0.19973	0.61053	0.08952	0.01198	0.00525	0.00160	0.00232	0.01077	0.00406	0.00355
9	0.00910	0.00959	0.08428	0.54904	0.14143	0.00984	0.04313	0.08012	0.00965	0.01285	0.00781	0.01080	0.00589	0.00417	0.00421	0.00136	0.00554	0.00374	0.00210	0.00534
10	0.04623	0.07430	0.05967	0.01001	0.03027	0.09747	0.04188	0.21970	0.20987	0.02613	0.01031	0.01101	0.00797	0.00612	0.03760	0.00155	0.09694	0.00377	0.00317	0.00602
11	0.01095	0.76924	0.10506	0.00768	0.01155	0.01593	0.00805	0.01266	0.00858	0.01024	0.00602	0.00696	0.00539	0.00364	0.00283	0.00094	0.00467	0.00234	0.00180	0.00548
12	0.01112	0.00855	0.03249	0.00719	0.01070	0.02246	0.00593	0.07170	0.10424	0.13988	0.01016	0.01047	0.00766	0.00392	0.00354	0.00089	0.00349	0.00313	0.00321	0.53924
13	0.81940	0.00819	0.00652	0.00573	0.00838	0.00939	0.00472	0.03528	0.00773	0.05486	0.00645	0.00725	0.00488	0.00399	0.00272	0.00130	0.00331	0.00241	0.00276	0.00474
14	0.00513	0.00373	0.00481	0.00566	0.00602	0.00345	0.00380	0.00588	0.00816	0.01073	0.02491	0.74559	0.10929	0.03418	0.00573	0.00174	0.00245	0.01149	0.00387	0.00341
15	0.04427	0.00938	0.01452	0.01174	0.01288	0.01179	0.15416	0.01165	0.00755	0.07756	0.00697	0.00991	0.00603	0.00636	0.01098	0.00170	0.59144	0.00390	0.00219	0.00500
16	0.04530	0.01108	0.02186	0.01580	0.01980	0.04234	0.65605	0.01435	0.01013	0.10656	0.00924	0.01135	0.00673	0.00378	0.00474	0.00139	0.00656	0.00468	0.00250	0.00576
17	0.00512	0.00366	0.00488	0.00585	0.00610	0.00341	0.00390	0.00585	0.00805	0.01073	0.02317	0.84952	0.02780	0.01317	0.00537	0.00171	0.00244	0.01195	0.00390	0.00341
18	0.00610	0.00440	0.00562	0.00568	0.00654	0.00418	0.00411	0.00820	0.05771	0.02741	0.46468	0.31357	0.05579	0.01001	0.00505	0.00146	0.00225	0.00892	0.00434	0.00397
19	0.00882	0.00756	0.00876	0.00636	0.01002	0.00589	0.00508	0.01127	0.05611	0.01393	0.00804	0.00912	0.00661	0.00326	0.00318	0.00067	0.00313	0.00262	0.00260	0.82697
20	0.00601	0.00450	0.00676	0.00676	0.00751	0.00525	0.00525	0.00751	0.00676	0.00976	0.01126	0.01651	0.01051	0.03153	0.83560	0.00676	0.01126	0.00450	0.00225	0.00375
21	0.00586	0.00397	0.00466	0.00490	0.00496	0.00391	0.00289	0.00605	0.00660	0.00880	0.01573	0.23370	0.01842	0.64179	0.01738	0.00348	0.00366	0.00758	0.00289	0.00276
22	0.00591	0.00438	0.00525	0.00510	0.00625	0.00395	0.00380	0.00765	0.02668	0.03207	0.45012	0.11092	0.30329	0.00959	0.00497	0.00139	0.00214	0.00831	0.00432	0.00390
23	0.01098	0.01144	0.01901	0.17418	0.02080	0.09188	0.43742	0.12838	0.02500	0.01453	0.00844	0.01081	0.00634	0.00406	0.00470	0.00137	0.01831	0.00431	0.00241	0.00561
24	0.00637	0.00419	0.00511	0.00507	0.00511	0.00434	0.00310	0.00622	0.00609	0.00821	0.01213	0.03630	0.01367	0.63751	0.06746	0.13794	0.03052	0.00565	0.00242	0.00258
25	0.00614	0.00443	0.00512	0.00486	0.00620	0.00387	0.00368	0.00761	0.01067	0.05854	0.36239	0.03530	0.45697	0.00950	0.00492	0.00137	0.00215	0.00809	0.00427	0.00392
26	0.14590	0.00809	0.00931	0.00757	0.01033	0.01897	0.00622	0.14863	0.05581	0.40384	0.01359	0.01415	0.00966	0.00539	0.00428	0.00133	0.02980	0.04596	0.05491	0.00626
27	0.00952	0.09377	0.62016	0.01200	0.04220	0.06607	0.04503	0.01374	0.01989	0.02899	0.00768	0.00894	0.00562	0.00400	0.00392	0.00128	0.00606	0.00314	0.00193	0.00607
28	0.08601	0.01016	0.01801	0.09964	0.35150	0.01030	0.28169	0.06589	0.01004	0.01464	0.00803	0.01047	0.00631	0.00382	0.00430	0.00133	0.00559	0.00403	0.00226	0.00598
29	0.00578	0.00439	0.00533	0.00508	0.00622	0.00399	0.00381	0.00773	0.02902	0.01536	0.59064	0.03355	0.25543	0.00910	0.00495	0.00135	0.00205	0.00789	0.00442	0.00391
30	0.06085	0.00842	0.00893	0.00797	0.01023	0.00955	0.00622	0.05073	0.61655	0.03521	0.12254	0.01699	0.01562	0.00594	0.00427	0.00140	0.00320	0.00494	0.00424	0.00621
31	0.07056	0.02625	0.01230	0.01021	0.01122	0.05923	0.04991	0.02573	0.07114	0.03417	0.00920	0.01148	0.05375	0.00663	0.01008	0.00164	0.52527	0.00397	0.00237	0.00490
32	0.04526	0.05019	0.02133	0.07612	0.02432	0.28125	0.08319	0.10890	0.02534	0.07051	0.04763	0.01050	0.00786	0.00499	0.00540	0.00130	0.12422	0.00362	0.00270	0.00536
33	0.00592	0.00460	0.00641	0.00670	0.00740	0.00451	0.04006	0.01604	0.03155	0.01177	0.06930	0.57799	0.07715	0.01169	0.00556	0.00167	0.02895	0.08516	0.00381	0.00377
34	0.04348	0.13013	0.02477	0.20323	0.34438	0.05852	0.01065	0.11098	0.01045	0.01407	0.00762	0.00971	0.00614	0.00403	0.00389	0.00123	0.00511	0.00341	0.00228	0.00591

[dist]
# distance from previous block
# <min> <max>
3	17

[block]
# block no. 7 follows, 63 sequences, length 44
# corresponding to MSA columns:
# 747-769,788-808
name=unknown_H
#
# <colnr> <probs for GDERKNQSTAVLIFYWHMCP>
#	G	D	E	R	K	N	Q	S	T	A	V	L	I	F	Y	W	H	M	C	P
0	0.00655	0.00497	0.00588	0.00570	0.00692	0.00483	0.00424	0.00965	0.13463	0.03108	0.38470	0.15998	0.20631	0.00926	0.00491	0.00142	0.00233	0.00806	0.00431	0.00426
1	0.00520	0.00374	0.00495	0.00586	0.00620	0.00349	0.00400	0.00602	0.00826	0.01096	0.04027	0.76706	0.05917	0.01291	0.00536	0.00170	0.00248	0.04502	0.00392	0.00345
2	0.01003	0.04526	0.18871	0.16416	0.04217	0.03426	0.07482	0.10083	0.21967	0.01499	0.01125	0.01247	0.02740	0.01751	0.01712	0.00147	0.00514	0.00405	0.00282	0.00589
3	0.01023	0.00929	0.01561	0.02868	0.01534	0.00942	0.33967	0.05635	0.21877	0.06252	0.08516	0.01603	0.02962	0.00525	0.00492	0.00140	0.02918	0.03067	0.00328	0.02862
4	0.00695	0.00496	0.00657	0.00716	0.00823	0.00491	0.00600	0.02440	0.03913	0.02928	0.07737	0.13239	0.08562	0.01104	0.00552	0.00179	0.00344	0.53723	0.00398	0.00403
5	0.00607	0.00437	0.00593	0.00678	0.00751	0.00423	0.00544	0.00754	0.00924	0.01214	0.07220	0.32752	0.06124	0.01193	0.00556	0.00180	0.00318	0.43969	0.00393	0.00370
6	0.04356	0.13373	0.40752	0.05724	0.06580	0.01095	0.07745	0.04033	0.00902	0.01308	0.00771	0.03312	0.00621	0.00446	0.00469	0.00132	0.07251	0.00350	0.00201	0.00576
7	0.00622	0.00427	0.00568	0.00614	0.00693	0.00402	0.00467	0.00763	0.00970	0.04154	0.23835	0.36226	0.07078	0.01115	0.00530	0.00163	0.00269	0.20308	0.00413	0.00381
8	0.00931	0.00649	0.00721	0.00648	0.00843	0.00661	0.00502	0.05224	0.26979	0.12300	0.09892	0.06393	0.27312	0.00776	0.00454	0.00138	0.00282	0.00651	0.04119	0.00524
9	0.04695	0.10881	0.12793	0.00981	0.01285	0.04648	0.08691	0.17510	0.03553	0.08719	0.00925	0.01079	0.00720	0.00847	0.11681	0.01718	0.08058	0.00367	0.00281	0.00568
10	0.01833	0.00800	0.01028	0.00788	0.01115	0.00744	0.00651	0.16601	0.01345	0.68142	0.01539	0.01353	0.00981	0.00517	0.00422	0.00129	0.00377	0.00415	0.00502	0.00715
11	0.00529	0.00381	0.00504	0.00589	0.00629	0.00356	0.00409	0.00620	0.00846	0.01124	0.06812	0.70212	0.06757	0.01267	0.00536	0.00169	0.00251	0.07264	0.00394	0.00349
12	0.00611	0.00447	0.00525	0.00543	0.00648	0.00413	0.00394	0.00784	0.05886	0.04651	0.11125	0.32466	0.33854	0.02564	0.01637	0.00163	0.00254	0.02246	0.00401	0.00388
13	0.01141	0.23775	0.22712	0.08389	0.01581	0.08927	0.08238	0.11668	0.03965	0.04638	0.00811	0.00924	0.00618	0.00414	0.00378	0.00120	0.00550	0.00326	0.00240	0.00586
14	0.01570	0.02004	0.01191	0.01083	0.01300	0.83539	0.00812	0.01679	0.01191	0.01029	0.00650	0.00758	0.00541	0.00433	0.00379	0.00108	0.00758	0.00271	0.00217	0.00487
15	0.01038	0.04938	0.13081	0.01459	0.24778	0.02949	0.09886	0.06767	0.08865	0.02581	0.00886	0.01025	0.00694	0.00393	0.00395	0.00115	0.00484	0.00354	0.00252	0.19062
16	0.01298	0.01074	0.01163	0.05539	0.05240	0.07258	0.00797	0.32848	0.25243	0.04762	0.01157	0.01205	0.00873	0.02171	0.00531	0.00141	0.07295	0.00404	0.00365	0.00638
17	0.00532	0.00406	0.00513	0.00570	0.00621	0.00389	0.00397	0.00617	0.00844	0.01107	0.06238	0.59442	0.19293	0.02571	0.00589	0.00167	0.03905	0.01066	0.00382	0.00350
18	0.00643	0.00475	0.00551	0.00544	0.00569	0.02842	0.00352	0.00685	0.00645	0.00865	0.01239	0.02381	0.01360	0.60608	0.22270	0.00461	0.02412	0.00556	0.00245	0.00296
19	0.00597	0.00416	0.00524	0.00561	0.00645	0.00378	0.00408	0.00715	0.00942	0.04780	0.17882	0.41715	0.20451	0.01128	0.00519	0.00157	0.00245	0.07153	0.00409	0.00375
20	0.01097	0.52439	0.24743	0.00872	0.01295	0.04461	0.00950	0.01361	0.03218	0.05100	0.00719	0.00800	0.00583	0.00387	0.00322	0.00106	0.00501	0.00267	0.00204	0.00573
21	0.00877	0.00730	0.00858	0.00624	0.00981	0.00552	0.00496	0.01059	0.00876	0.03033	0.00832	0.04444	0.00723	0.00358	0.00323	0.00068	0.00309	0.00293	0.00261	0.82303
22	0.00601	0.00450	0.00676	0.00676	0.00751	0.00525	0.00525	0.00751	0.00676	0.00976	0.01126	0.01651	0.01051	0.03153	0.83560	0.00676	0.01126	0.00450	0.00225	0.00375
23	0.00834	0.00497	0.00616	0.00578	0.00723	0.00453	0.00435	0.01028	0.05420	0.17568	0.24812	0.21683	0.21844	0.00931	0.00487	0.00144	0.00251	0.00808	0.00438	0.00452
24	0.04237	0.00953	0.04577	0.00940	0.01111	0.02696	0.00793	0.12065	0.07730	0.12600	0.01040	0.04768	0.02567	0.00641	0.00833	0.00153	0.36954	0.00418	0.00302	0.04622
25	0.04540	0.01013	0.01383	0.01100	0.04813	0.03154	0.17029	0.29675	0.03979	0.15044	0.01047	0.01112	0.00756	0.00539	0.03331	0.00142	0.00502	0.00393	0.00349	0.10099
26	0.00518	0.00381	0.00487	0.00566	0.00613	0.00350	0.00390	0.00604	0.00845	0.01108	0.05054	0.67486	0.14768	0.01260	0.00531	0.00166	0.00243	0.03890	0.00392	0.00347
27	0.00808	0.00541	0.00652	0.00636	0.00768	0.00539	0.00502	0.09293	0.04601	0.05780	0.15734	0.14718	0.10766	0.02936	0.00521	0.00155	0.00297	0.19041	0.11273	0.00440
28	0.01135	0.00754	0.00909	0.00663	0.01024	0.00598	0.00536	0.03904	0.00986	0.20654	0.00971	0.01008	0.00724	0.00367	0.00341	0.00080	0.00327	0.00294	0.00319	0.64404
29	0.01019	0.00782	0.00891	0.00670	0.00996	0.00683	0.00537	0.16808	0.01096	0.03763	0.00943	0.04280	0.00779	0.00411	0.00343	0.00084	0.00329	0.00330	0.08549	0.56707
30	0.00581	0.00440	0.00507	0.00497	0.00619	0.00392	0.00370	0.00745	0.02982	0.03341	0.32233	0.11625	0.42167	0.00990	0.00497	0.00141	0.00217	0.00851	0.00421	0.00385
31	0.00516	0.00369	0.00491	0.00583	0.00611	0.00344	0.00391	0.00594	0.00822	0.01100	0.05803	0.81389	0.02832	0.01297	0.00535	0.00169	0.00242	0.01176	0.00393	0.00344
32	0.01127	0.00943	0.00996	0.00872	0.01124	0.01083	0.00685	0.13800	0.70147	0.01889	0.01608	0.01487	0.01200	0.00561	0.00427	0.00140	0.00352	0.00461	0.00427	0.00673
33	0.00777	0.00453	0.00494	0.00498	0.00604	0.00455	0.00367	0.01044	0.09341	0.04348	0.01760	0.20224	0.05207	0.00710	0.00376	0.00122	0.00227	0.00603	0.51974	0.00419
34	0.00582	0.00389	0.00503	0.00570	0.00623	0.00358	0.00391	0.00671	0.00853	0.04586	0.05790	0.68668	0.08968	0.01215	0.00518	0.00163	0.00243	0.01092	0.03454	0.00362
35	0.00570	0.00424	0.00537	0.00578	0.00657	0.00398	0.00428	0.00730	0.03281	0.01292	0.23998	0.36943	0.15652	0.01112	0.00522	0.00158	0.00249	0.11688	0.00410	0.00374
36	0.40385	0.00816	0.00868	0.02901	0.01020	0.00903	0.00603	0.05461	0.05874	0.26846	0.01007	0.01021	0.00713	0.00484	0.00451	0.00137	0.09270	0.00329	0.00349	0.00562
37	0.04090	0.00909	0.01413	0.36573	0.31275	0.01007	0.02448	0.12843	0.01054	0.03207	0.00817	0.01067	0.00629	0.00416	0.00415	0.00132	0.00514	0.00373	0.00239	0.00581
38	0.03952	0.01032	0.01443	0.13566	0.31521	0.06498	0.06419	0.15605	0.05018	0.01534	0.00858	0.01068	0.00683	0.00553	0.03986	0.00155	0.04875	0.00379	0.00256	0.00598
39	0.00514	0.00382	0.00482	0.00554	0.00604	0.00353	0.00378	0.00596	0.00828	0.01077	0.02651	0.63427	0.19090	0.02965	0.03819	0.00189	0.00275	0.01091	0.00381	0.00344
40	0.66469	0.00824	0.02000	0.00588	0.00870	0.00878	0.00489	0.02403	0.03410	0.01792	0.00673	0.00768	0.00527	0.00387	0.00279	0.00119	0.00327	0.00246	0.01894	0.15059
