[name]
unknown

[dist]
# distance from previous block
# <min> <max>
0	182

[block]
# block no. 0 follows, 72 sequences, length 16
# corresponding to MSA columns:
# 255-270
name=unknown_A
#
# <colnr> <probs for GDERKNQSTAVLIFYWHMCP>
#	G	D	E	R	K	N	Q	S	T	A	V	L	I	F	Y	W	H	M	C	P
0	0.14966	0.04412	0.12277	0.02197	0.02703	0.09218	0.13311	0.09000	0.05129	0.07253	0.05573	0.02404	0.00866	0.00446	0.00364	0.00117	0.00440	0.04555	0.00265	0.04504
1	0.00909	0.05988	0.10419	0.01086	0.16178	0.02232	0.09214	0.09334	0.04133	0.03693	0.05972	0.02382	0.04698	0.00415	0.00360	0.00102	0.00398	0.00364	0.00251	0.21872
2	0.01098	0.02812	0.00972	0.13704	0.07554	0.12088	0.00669	0.06154	0.03362	0.19572	0.02751	0.01160	0.05277	0.00425	0.00354	0.00102	0.00394	0.00343	0.01913	0.19299
3	0.03424	0.04410	0.00907	0.00726	0.04381	0.10848	0.00552	0.14391	0.05188	0.01418	0.04149	0.01031	0.03466	0.00391	0.00322	0.00086	0.00352	0.00304	0.05467	0.38188
4	0.07897	0.02579	0.08468	0.03480	0.06037	0.00705	0.09467	0.04357	0.02452	0.09318	0.02560	0.00921	0.00659	0.00345	0.00329	0.00091	0.00372	0.00295	0.00248	0.39421
5	0.00971	0.06666	0.16136	0.04940	0.05751	0.03562	0.04844	0.14843	0.03953	0.09670	0.13136	0.02156	0.03471	0.05545	0.00471	0.00129	0.00405	0.00409	0.00291	0.02648
6	0.02528	0.04004	0.00814	0.00631	0.00868	0.00604	0.00507	0.06141	0.07330	0.35117	0.04095	0.11467	0.05930	0.00634	0.02765	0.00127	0.00319	0.01622	0.00373	0.14125
7	0.00577	0.00471	0.00656	0.07501	0.10734	0.00464	0.00534	0.00737	0.03127	0.01102	0.09334	0.29398	0.20539	0.00897	0.00454	0.00140	0.00281	0.12354	0.00324	0.00373
8	0.01382	0.00922	0.02249	0.09973	0.04747	0.17019	0.01929	0.05838	0.03438	0.41590	0.01146	0.01209	0.00809	0.00477	0.00404	0.02150	0.00431	0.03390	0.00345	0.00553
9	0.00545	0.00394	0.00487	0.00482	0.00569	0.00365	0.00352	0.00702	0.03262	0.02952	0.44412	0.17685	0.17900	0.05923	0.00540	0.00143	0.00209	0.02350	0.00382	0.00347
10	0.03965	0.00610	0.00796	0.00635	0.00886	0.00550	0.00516	0.01622	0.05913	0.62000	0.13524	0.01595	0.04585	0.00532	0.00390	0.00119	0.00295	0.00440	0.00446	0.00582
11	0.01143	0.05292	0.06629	0.03759	0.20205	0.30610	0.08201	0.10078	0.08145	0.01254	0.00754	0.00873	0.00596	0.00385	0.00364	0.00110	0.00540	0.00313	0.00225	0.00528
12	0.00530	0.00366	0.00463	0.00484	0.00505	0.00372	0.00313	0.00574	0.00621	0.00845	0.04079	0.22973	0.01629	0.44643	0.17542	0.02428	0.00449	0.00653	0.00259	0.00273
13	0.00467	0.00334	0.00445	0.00525	0.00551	0.00311	0.00352	0.00541	0.00750	0.01006	0.07749	0.80656	0.02582	0.01160	0.00482	0.00152	0.00217	0.01051	0.00357	0.00311
14	0.00739	0.00687	0.01150	0.64273	0.16012	0.00815	0.01014	0.00973	0.00766	0.01006	0.00738	0.01136	0.00602	0.03570	0.03193	0.00149	0.00505	0.02051	0.00179	0.00440
15	0.11926	0.08692	0.02977	0.05045	0.02859	0.09034	0.06343	0.26709	0.02263	0.03152	0.00717	0.00848	0.00563	0.00472	0.00522	0.03443	0.13364	0.00309	0.00255	0.00507

[dist]
# distance from previous block
# <min> <max>
0	3

[block]
# block no. 1 follows, 72 sequences, length 12
# corresponding to MSA columns:
# 274-285
name=unknown_B
#
# <colnr> <probs for GDERKNQSTAVLIFYWHMCP>
#	G	D	E	R	K	N	Q	S	T	A	V	L	I	F	Y	W	H	M	C	P
0	0.01125	0.01017	0.05925	0.01286	0.15992	0.05123	0.23298	0.19168	0.01098	0.11308	0.00851	0.00960	0.00627	0.00372	0.00384	0.00111	0.00479	0.00354	0.00267	0.10254
1	0.23428	0.21628	0.19206	0.00706	0.01010	0.05358	0.00707	0.02582	0.05246	0.03279	0.03164	0.06065	0.05304	0.00457	0.00316	0.00112	0.00389	0.00339	0.00234	0.00470
2	0.00497	0.00365	0.00476	0.00539	0.00593	0.00335	0.00383	0.00587	0.00767	0.01025	0.05262	0.64981	0.07048	0.01098	0.00475	0.00149	0.00234	0.10071	0.00348	0.04769
3	0.00939	0.00901	0.01539	0.02328	0.84306	0.00901	0.01164	0.01164	0.00864	0.01239	0.00713	0.00939	0.00601	0.00338	0.00375	0.00113	0.00451	0.00338	0.00188	0.00601
4	0.00820	0.00744	0.01167	0.00909	0.01155	0.02653	0.25545	0.02963	0.10482	0.04405	0.12520	0.07167	0.06544	0.00534	0.00427	0.00117	0.02459	0.02550	0.01390	0.15449
5	0.00738	0.00696	0.01176	0.77737	0.10468	0.00848	0.01064	0.00988	0.00768	0.00995	0.00678	0.01004	0.00515	0.00375	0.00379	0.00125	0.00500	0.00337	0.00170	0.00439
6	0.00867	0.00796	0.01079	0.03383	0.07201	0.02940	0.13899	0.03444	0.38175	0.01442	0.14267	0.01523	0.03548	0.00502	0.00399	0.00121	0.00361	0.00455	0.00324	0.05273
7	0.58070	0.00647	0.00556	0.00495	0.00697	0.00723	0.00400	0.04953	0.00778	0.05133	0.07008	0.00976	0.00788	0.00411	0.00269	0.00112	0.00270	0.00283	0.17013	0.00417
8	0.00636	0.00417	0.00502	0.00498	0.00610	0.00377	0.00369	0.00782	0.04066	0.10863	0.16130	0.27454	0.32151	0.00924	0.00450	0.00134	0.00221	0.02665	0.00378	0.00372
9	0.00494	0.00357	0.00456	0.00510	0.00533	0.00350	0.00338	0.00549	0.00687	0.00915	0.01910	0.58412	0.06541	0.20530	0.03008	0.00213	0.02682	0.00906	0.00315	0.00295
10	0.05833	0.12153	0.05227	0.01036	0.01319	0.39388	0.19352	0.04692	0.00990	0.05592	0.00683	0.00795	0.00534	0.00370	0.00352	0.00106	0.00583	0.00296	0.00213	0.00485
11	0.61457	0.00974	0.06912	0.00656	0.00921	0.09916	0.02415	0.08664	0.00822	0.03439	0.00607	0.00688	0.00461	0.00368	0.00277	0.00115	0.00375	0.00237	0.00242	0.00454

[dist]
# distance from previous block
# <min> <max>
0	1

[block]
# block no. 2 follows, 72 sequences, length 8
# corresponding to MSA columns:
# 287-294
name=unknown_C
#
# <colnr> <probs for GDERKNQSTAVLIFYWHMCP>
#	G	D	E	R	K	N	Q	S	T	A	V	L	I	F	Y	W	H	M	C	P
0	0.05224	0.01102	0.14787	0.21160	0.29523	0.08653	0.08344	0.01194	0.04244	0.01176	0.00717	0.00921	0.00560	0.00362	0.00371	0.00118	0.00505	0.00327	0.00190	0.00520
1	0.00779	0.13315	0.01273	0.51289	0.01990	0.00927	0.06396	0.01040	0.04894	0.01029	0.03403	0.03106	0.00689	0.00417	0.00409	0.00120	0.04744	0.00354	0.00194	0.03630
2	0.00738	0.00608	0.00896	0.04432	0.27455	0.00607	0.00669	0.03429	0.02832	0.03659	0.27885	0.04935	0.11234	0.04018	0.00494	0.00132	0.01958	0.03258	0.00310	0.00450
3	0.00924	0.57542	0.23808	0.00801	0.01180	0.01275	0.04255	0.01138	0.00777	0.00987	0.00597	0.00710	0.00507	0.00431	0.03566	0.00114	0.00480	0.00241	0.00164	0.00502
4	0.00551	0.00390	0.00502	0.00527	0.00569	0.00401	0.00380	0.00630	0.00662	0.00886	0.01522	0.08306	0.05582	0.38948	0.20361	0.00354	0.00492	0.18383	0.00264	0.00290
5	0.00552	0.00368	0.00414	0.00414	0.00414	0.00368	0.00230	0.00552	0.00552	0.00735	0.01195	0.02482	0.01379	0.86672	0.01930	0.00368	0.00368	0.00552	0.00230	0.00230
6	0.00821	0.00781	0.01326	0.46526	0.41028	0.00870	0.01105	0.01061	0.00808	0.01096	0.00693	0.00977	0.00550	0.00360	0.00377	0.00120	0.00480	0.00337	0.00178	0.00506
7	0.20271	0.00479	0.00555	0.00524	0.00638	0.00512	0.00400	0.00825	0.00785	0.04914	0.28269	0.01834	0.01739	0.10336	0.26020	0.00292	0.00482	0.00468	0.00295	0.00363

[dist]
# distance from previous block
# <min> <max>
0	8

[block]
# block no. 3 follows, 72 sequences, length 16
# corresponding to MSA columns:
# 303-318
name=unknown_D
#
# <colnr> <probs for GDERKNQSTAVLIFYWHMCP>
#	G	D	E	R	K	N	Q	S	T	A	V	L	I	F	Y	W	H	M	C	P
0	0.00944	0.00888	0.01485	0.05526	0.75452	0.00902	0.01124	0.04860	0.00895	0.01273	0.00727	0.00952	0.00607	0.00400	0.02251	0.00124	0.00464	0.00340	0.00196	0.00590
1	0.04217	0.00748	0.01058	0.55036	0.02027	0.02798	0.00894	0.13989	0.03169	0.05126	0.00789	0.01030	0.00592	0.00569	0.06259	0.00157	0.00509	0.00340	0.00227	0.00466
2	0.07111	0.00553	0.00695	0.00576	0.00777	0.00502	0.00447	0.01343	0.00919	0.49427	0.04139	0.06457	0.08036	0.16497	0.00671	0.00167	0.00308	0.00484	0.00392	0.00498
3	0.00548	0.00470	0.03866	0.00508	0.00624	0.00393	0.01911	0.02196	0.01998	0.02695	0.20570	0.20795	0.33278	0.07727	0.00567	0.00150	0.00240	0.00766	0.00349	0.00348
4	0.00795	0.06470	0.01301	0.57989	0.24151	0.00902	0.01056	0.01032	0.00787	0.01035	0.00675	0.00965	0.00530	0.00365	0.00369	0.00120	0.00484	0.00328	0.00173	0.00473
5	0.01504	0.00625	0.00825	0.00651	0.00903	0.00562	0.00523	0.04671	0.03284	0.67247	0.03837	0.02719	0.01078	0.09120	0.00540	0.00143	0.00324	0.00417	0.00437	0.00589
6	0.00466	0.00340	0.00430	0.00500	0.00535	0.00314	0.00335	0.00532	0.00733	0.00960	0.02273	0.69027	0.13842	0.07090	0.00579	0.00165	0.00226	0.01003	0.00344	0.00304
7	0.00727	0.00897	0.14526	0.00985	0.07688	0.06637	0.12924	0.00975	0.06348	0.01103	0.01359	0.37457	0.01437	0.00737	0.00459	0.00136	0.03219	0.01680	0.00269	0.00435
8	0.01344	0.02982	0.01155	0.00978	0.08421	0.01115	0.00740	0.62897	0.10237	0.04803	0.00970	0.00971	0.00701	0.00449	0.00377	0.00115	0.00405	0.00348	0.00361	0.00633
9	0.00871	0.12603	0.18501	0.03458	0.01160	0.02699	0.01949	0.06746	0.00864	0.01247	0.00671	0.00782	0.00537	0.00322	0.00306	0.00081	0.00387	0.00249	0.00211	0.46357
10	0.03059	0.09343	0.10832	0.00826	0.04092	0.06376	0.04409	0.07434	0.01004	0.38080	0.01964	0.01211	0.02691	0.06420	0.00472	0.00131	0.00407	0.00362	0.00331	0.00555
11	0.00542	0.00405	0.00602	0.00602	0.00667	0.00470	0.00464	0.00672	0.00607	0.00875	0.01023	0.01530	0.00965	0.06225	0.81812	0.00600	0.00990	0.00412	0.00204	0.00334
12	0.03013	0.00882	0.11424	0.02572	0.15568	0.00728	0.06857	0.02731	0.09790	0.31976	0.07579	0.01310	0.02913	0.00457	0.00387	0.00119	0.00385	0.00399	0.00334	0.00574
13	0.01001	0.00940	0.02827	0.01970	0.62582	0.02927	0.05175	0.07177	0.03961	0.03912	0.00780	0.00956	0.00628	0.00356	0.00376	0.00112	0.00450	0.00342	0.00219	0.03310
14	0.00980	0.00672	0.01080	0.01295	0.31783	0.00637	0.06229	0.01150	0.00904	0.21851	0.06850	0.20012	0.03675	0.00603	0.00412	0.00125	0.00355	0.00555	0.00314	0.00517
15	0.01041	0.00866	0.01382	0.17791	0.23301	0.00915	0.15168	0.14814	0.06519	0.09589	0.00880	0.01032	0.00657	0.00397	0.00414	0.00121	0.02894	0.00368	0.01298	0.00554

[dist]
# distance from previous block
# <min> <max>
0	5

[block]
# block no. 4 follows, 72 sequences, length 9
# corresponding to MSA columns:
# 324-332
name=unknown_E
#
# <colnr> <probs for GDERKNQSTAVLIFYWHMCP>
#	G	D	E	R	K	N	Q	S	T	A	V	L	I	F	Y	W	H	M	C	P
0	0.16430	0.03496	0.04641	0.00724	0.04210	0.09777	0.01973	0.07418	0.02110	0.04342	0.05529	0.28272	0.06812	0.00701	0.00401	0.00127	0.01732	0.00585	0.00297	0.00421
1	0.00596	0.08029	0.00652	0.00555	0.00637	0.00489	0.00415	0.02432	0.00779	0.02927	0.14800	0.36561	0.01988	0.05926	0.21143	0.00262	0.00438	0.00715	0.00306	0.00350
2	0.00768	0.00667	0.00815	0.00701	0.08230	0.00523	0.00497	0.00934	0.00801	0.01216	0.00979	0.01072	0.08520	0.00351	0.00305	0.00068	0.00287	0.00289	0.00234	0.72744
3	0.00862	0.00878	0.11828	0.00973	0.15676	0.00689	0.00722	0.02861	0.11501	0.05750	0.05347	0.01189	0.05374	0.00414	0.00362	0.00097	0.01675	0.00346	0.00263	0.33196
4	0.00521	0.00408	0.00482	0.00452	0.00575	0.00354	0.00339	0.00661	0.00949	0.01277	0.41770	0.07762	0.33622	0.00825	0.00435	0.00119	0.00195	0.00711	0.00372	0.08170
5	0.04317	0.06170	0.04288	0.02277	0.06594	0.07647	0.00652	0.04412	0.36682	0.08888	0.06275	0.01336	0.04105	0.00518	0.01534	0.00124	0.00365	0.00394	0.00326	0.03096
6	0.04053	0.27328	0.05546	0.00831	0.03472	0.18718	0.00703	0.17299	0.08377	0.03467	0.00804	0.03958	0.00666	0.00418	0.00326	0.00102	0.00450	0.00304	0.00251	0.02927
7	0.00920	0.09055	0.24632	0.25798	0.03335	0.07093	0.00982	0.08920	0.02546	0.04912	0.03872	0.02101	0.00686	0.00425	0.00393	0.01238	0.02045	0.00329	0.00217	0.00499
8	0.01039	0.09662	0.26012	0.00971	0.05911	0.04282	0.07839	0.02770	0.07170	0.18273	0.05219	0.01126	0.00842	0.00420	0.00366	0.00113	0.00441	0.01998	0.00271	0.05274

[dist]
# distance from previous block
# <min> <max>
0	14

[block]
# block no. 5 follows, 72 sequences, length 21
# corresponding to MSA columns:
# 347-367
name=unknown_F
#
# <colnr> <probs for GDERKNQSTAVLIFYWHMCP>
#	G	D	E	R	K	N	Q	S	T	A	V	L	I	F	Y	W	H	M	C	P
0	0.01009	0.18541	0.33914	0.03881	0.08123	0.01060	0.02956	0.18550	0.03141	0.04270	0.00753	0.00842	0.00563	0.00379	0.00346	0.00111	0.00475	0.00296	0.00227	0.00565
1	0.01375	0.00580	0.00776	0.00631	0.00863	0.00512	0.00506	0.03517	0.01051	0.60444	0.11000	0.12147	0.03655	0.00607	0.00403	0.00122	0.00292	0.00513	0.00444	0.00562
2	0.00816	0.00998	0.21018	0.16180	0.08046	0.02245	0.08115	0.03337	0.05159	0.06034	0.08668	0.03144	0.07413	0.02974	0.00453	0.00130	0.02105	0.00428	0.02254	0.00482
3	0.04572	0.05857	0.08533	0.04406	0.13336	0.24627	0.02760	0.03576	0.08359	0.13551	0.02333	0.01018	0.00722	0.00424	0.00383	0.00113	0.02767	0.01881	0.00258	0.00523
4	0.00700	0.00458	0.00557	0.00533	0.00651	0.00442	0.00398	0.00957	0.12021	0.10608	0.29895	0.22451	0.13221	0.00814	0.00432	0.00128	0.00223	0.00711	0.04396	0.00405
5	0.00518	0.00358	0.00429	0.00464	0.00480	0.00347	0.00290	0.00552	0.00638	0.00844	0.01648	0.32174	0.05154	0.49858	0.01308	0.00275	0.00308	0.03808	0.00282	0.00266
6	0.03226	0.00737	0.01016	0.07650	0.19786	0.04772	0.06045	0.05232	0.04804	0.02751	0.16508	0.03371	0.14599	0.00581	0.00471	0.00124	0.07092	0.00494	0.00282	0.00462
7	0.00857	0.03200	0.04131	0.02558	0.04120	0.02799	0.08159	0.13240	0.07081	0.07168	0.01503	0.34627	0.03429	0.00754	0.00443	0.00134	0.01867	0.03152	0.00322	0.00457
8	0.00484	0.00358	0.00456	0.00522	0.00569	0.00335	0.00364	0.00591	0.02744	0.01033	0.07368	0.64284	0.12867	0.01110	0.00477	0.00149	0.00223	0.05386	0.00357	0.00322
9	0.03186	0.00578	0.00566	0.00496	0.00683	0.06616	0.00379	0.00759	0.00858	0.01128	0.08028	0.07472	0.41447	0.00710	0.00389	0.00106	0.00257	0.00588	0.00306	0.25450
10	0.00811	0.04178	0.01174	0.12644	0.15832	0.00697	0.13498	0.01007	0.00830	0.05551	0.01117	0.12755	0.02575	0.00533	0.00395	0.00117	0.00401	0.08657	0.00248	0.16980
11	0.01120	0.00912	0.00900	0.00762	0.00927	0.14601	0.00590	0.25756	0.04661	0.09522	0.00966	0.01307	0.00835	0.19717	0.06072	0.00205	0.10000	0.00383	0.00291	0.00473
12	0.03564	0.00716	0.01199	0.04488	0.01259	0.00695	0.25445	0.02604	0.08443	0.22550	0.01345	0.12241	0.01171	0.01588	0.00447	0.00137	0.00416	0.10869	0.00324	0.00500
13	0.00509	0.00359	0.00454	0.00505	0.00535	0.00348	0.00342	0.00570	0.00689	0.00911	0.01844	0.42930	0.06301	0.28790	0.04070	0.00241	0.00310	0.09696	0.00307	0.00289
14	0.00852	0.00454	0.00581	0.00523	0.00651	0.00419	0.00389	0.00961	0.00868	0.24706	0.17488	0.07518	0.14786	0.18321	0.09564	0.00224	0.00350	0.00586	0.00358	0.00402
15	0.00502	0.00382	0.00530	0.00564	0.00620	0.00359	0.03695	0.00622	0.03135	0.01066	0.12087	0.65916	0.06940	0.01071	0.00473	0.00147	0.00233	0.00972	0.00354	0.00331
16	0.00748	0.00688	0.01061	0.54263	0.03516	0.00737	0.03094	0.00975	0.00773	0.01067	0.00677	0.00937	0.00527	0.00345	0.00349	0.00103	0.00435	0.00304	0.00188	0.29212
17	0.00624	0.00424	0.00529	0.00494	0.00600	0.00399	0.00371	0.02206	0.04145	0.05655	0.60748	0.06235	0.09044	0.02441	0.00463	0.00125	0.00201	0.00663	0.04254	0.00379
18	0.00988	0.20520	0.15222	0.02295	0.06585	0.03492	0.08966	0.12715	0.10346	0.04483	0.02658	0.01129	0.06457	0.00438	0.00374	0.00112	0.02079	0.00357	0.00253	0.00532
19	0.00858	0.00819	0.01399	0.27955	0.55499	0.00869	0.02464	0.01093	0.00837	0.01163	0.02980	0.01014	0.00652	0.00362	0.00380	0.00117	0.00463	0.00349	0.00188	0.00537
20	0.23315	0.00521	0.00566	0.00561	0.01661	0.00531	0.01080	0.03823	0.02943	0.04573	0.06882	0.35938	0.09856	0.00814	0.01104	0.00136	0.00263	0.01391	0.00323	0.03720

[dist]
# distance from previous block
# <min> <max>
3	21

[block]
# block no. 6 follows, 72 sequences, length 11
# corresponding to MSA columns:
# 393-403
name=unknown_G
#
# <colnr> <probs for GDERKNQSTAVLIFYWHMCP>
#	G	D	E	R	K	N	Q	S	T	A	V	L	I	F	Y	W	H	M	C	P
0	0.13651	0.04602	0.03064	0.00937	0.12408	0.18192	0.00662	0.14569	0.05040	0.01466	0.14258	0.01273	0.05121	0.00478	0.00356	0.00110	0.00404	0.00373	0.00281	0.02755
1	0.08227	0.04228	0.01299	0.08633	0.39025	0.00894	0.05740	0.11597	0.03097	0.03260	0.07537	0.01077	0.00840	0.00398	0.00368	0.00114	0.00415	0.00357	0.00245	0.02651
2	0.28131	0.14909	0.04870	0.10920	0.06160	0.03217	0.02259	0.13428	0.08203	0.01484	0.00719	0.00817	0.00558	0.00379	0.00310	0.00111	0.00394	0.00278	0.00242	0.02610
3	0.00848	0.00713	0.00973	0.00961	0.13571	0.03823	0.06930	0.07627	0.00884	0.05206	0.04322	0.15495	0.01098	0.04270	0.06610	0.00156	0.03660	0.00470	0.00265	0.22120
4	0.00752	0.00616	0.00903	0.13005	0.17929	0.00589	0.00653	0.00871	0.00732	0.01057	0.03552	0.01054	0.00716	0.00751	0.07478	0.18918	0.00414	0.00316	0.00201	0.29491
5	0.00991	0.00963	0.05721	0.07703	0.01131	0.14506	0.00685	0.06464	0.27972	0.06680	0.08245	0.04238	0.03010	0.00538	0.00443	0.00123	0.05983	0.01955	0.00312	0.02338
6	0.00480	0.00347	0.00454	0.00508	0.00552	0.00321	0.00350	0.00576	0.00820	0.01109	0.22579	0.61171	0.07181	0.01073	0.00473	0.00144	0.00208	0.00966	0.00368	0.00321
7	0.00928	0.02845	0.02465	0.08605	0.20266	0.09779	0.27446	0.01164	0.02268	0.05850	0.03409	0.04744	0.07591	0.00449	0.00405	0.00120	0.00494	0.00442	0.00233	0.00497
8	0.00567	0.00478	0.00601	0.07295	0.00810	0.00451	0.03029	0.00776	0.07593	0.01157	0.15241	0.15621	0.36279	0.00810	0.00430	0.00125	0.00249	0.00701	0.00335	0.07451
9	0.01037	0.01154	0.15539	0.00833	0.01099	0.17068	0.01817	0.17995	0.12409	0.04973	0.07121	0.01360	0.05928	0.00694	0.07280	0.00157	0.00493	0.02237	0.00294	0.00511
10	0.00989	0.08756	0.03075	0.06474	0.01343	0.07483	0.20827	0.04324	0.06758	0.08003	0.00814	0.00925	0.00623	0.00350	0.00351	0.00098	0.00443	0.00319	0.00241	0.27805

[dist]
# distance from previous block
# <min> <max>
0	1

[block]
# block no. 7 follows, 72 sequences, length 83
# corresponding to MSA columns:
# 405-451,453-488
name=unknown_H
#
# <colnr> <probs for GDERKNQSTAVLIFYWHMCP>
#	G	D	E	R	K	N	Q	S	T	A	V	L	I	F	Y	W	H	M	C	P
0	0.00899	0.00989	0.04948	0.04736	0.27422	0.03614	0.36434	0.01190	0.04009	0.01199	0.02166	0.01071	0.00672	0.00386	0.00475	0.00125	0.06966	0.01972	0.00201	0.00526
1	0.01171	0.00923	0.04742	0.01246	0.01602	0.00816	0.50105	0.01446	0.02197	0.30189	0.01029	0.01114	0.00707	0.00376	0.00420	0.00124	0.00521	0.00418	0.00290	0.00561
2	0.02216	0.14354	0.24287	0.00818	0.01976	0.05340	0.02947	0.05071	0.07959	0.05966	0.07187	0.08313	0.05055	0.01732	0.00407	0.00123	0.01556	0.03938	0.00265	0.00489
3	0.00758	0.00438	0.00540	0.00523	0.00616	0.00418	0.00372	0.00899	0.06270	0.15709	0.06417	0.25787	0.07944	0.22178	0.00829	0.02344	0.00279	0.02726	0.04583	0.00371
4	0.09833	0.19597	0.10098	0.08023	0.07472	0.04834	0.16032	0.05187	0.03887	0.06530	0.01799	0.00945	0.02299	0.00384	0.00358	0.00112	0.01552	0.00325	0.00224	0.00508
5	0.02164	0.24078	0.10227	0.00762	0.04388	0.00864	0.03644	0.02115	0.00826	0.08192	0.00710	0.00796	0.00566	0.00324	0.00298	0.00081	0.00370	0.00252	0.00221	0.39123
6	0.00977	0.57452	0.14708	0.00745	0.01072	0.08255	0.00763	0.01149	0.00811	0.02103	0.00707	0.02924	0.00655	0.00407	0.00296	0.00097	0.00444	0.05768	0.00186	0.00483
7	0.02357	0.03528	0.19599	0.00806	0.01060	0.00670	0.04529	0.07425	0.00930	0.13155	0.04591	0.10542	0.01361	0.00770	0.03921	0.00157	0.01702	0.22120	0.00306	0.00471
8	0.00595	0.00480	0.00703	0.00673	0.00730	0.00593	0.00533	0.00722	0.00607	0.00895	0.00928	0.01373	0.00869	0.02423	0.69054	0.00523	0.15954	0.00392	0.01600	0.00352
9	0.00543	0.00400	0.00577	0.00577	0.00633	0.00456	0.00433	0.00656	0.00600	0.00856	0.01046	0.01657	0.01021	0.16960	0.71152	0.00569	0.00907	0.00431	0.00208	0.00320
10	0.05675	0.00505	0.00631	0.00556	0.00715	0.00479	0.00439	0.02813	0.04390	0.22314	0.45501	0.02326	0.05350	0.00677	0.00418	0.00122	0.00241	0.05145	0.01256	0.00447
11	0.00657	0.00330	0.00493	0.00493	0.00493	0.00330	0.00328	0.00495	0.00495	0.00660	0.00667	0.01172	0.00669	0.02565	0.01489	0.87670	0.00330	0.00333	0.00166	0.00166
12	0.00718	0.00681	0.00592	0.00604	0.00674	0.18149	0.00417	0.02169	0.03553	0.00952	0.01596	0.39096	0.05309	0.21686	0.00799	0.00192	0.00360	0.01830	0.00291	0.00333
13	0.00566	0.00412	0.00605	0.00600	0.00656	0.00475	0.00459	0.00663	0.00606	0.00867	0.02390	0.01562	0.00994	0.07052	0.65977	0.09688	0.03920	0.01985	0.00206	0.00318
14	0.00989	0.13828	0.40418	0.00990	0.01385	0.22560	0.05548	0.01308	0.04540	0.02259	0.02380	0.00831	0.00588	0.00378	0.00347	0.00110	0.00552	0.00285	0.00191	0.00515
15	0.44809	0.00725	0.00776	0.00749	0.10296	0.00727	0.02178	0.01066	0.00725	0.03064	0.00643	0.00795	0.00528	0.03467	0.00334	0.00107	0.00318	0.00247	0.00230	0.28217
16	0.01089	0.00909	0.01104	0.04388	0.20811	0.05097	0.00755	0.32372	0.01997	0.02476	0.04922	0.03716	0.00816	0.00427	0.00364	0.00104	0.00396	0.00355	0.00289	0.17614
17	0.01019	0.02202	0.01578	0.01171	0.01492	0.09128	0.39570	0.12764	0.14187	0.01408	0.00879	0.01003	0.00667	0.00372	0.00396	0.00114	0.00514	0.00381	0.00253	0.10905
18	0.00596	0.00406	0.00543	0.00563	0.03248	0.00378	0.00385	0.00632	0.01525	0.00979	0.11775	0.19375	0.10735	0.03223	0.03040	0.29589	0.00291	0.03539	0.00274	0.08904
19	0.01860	0.00675	0.00975	0.11965	0.22949	0.00735	0.00774	0.04098	0.16125	0.01220	0.01175	0.03115	0.01076	0.03140	0.11739	0.02004	0.00475	0.15162	0.00264	0.00473
20	0.00844	0.20092	0.03503	0.13190	0.01330	0.02990	0.14740	0.01203	0.16066	0.02300	0.04989	0.05235	0.06596	0.00512	0.00380	0.00120	0.00414	0.04766	0.00257	0.00473
21	0.00692	0.00587	0.00885	0.01106	0.24628	0.00602	0.02492	0.02548	0.05387	0.01115	0.02770	0.12858	0.08836	0.04342	0.21110	0.00257	0.00512	0.08577	0.00264	0.00430
22	0.00678	0.00395	0.00518	0.00532	0.00610	0.00362	0.00377	0.00770	0.00824	0.14279	0.13239	0.49971	0.05316	0.08201	0.00584	0.00161	0.00244	0.02209	0.00369	0.00363
23	0.16756	0.00538	0.00641	0.00616	0.00748	0.00587	0.01763	0.04985	0.07307	0.03486	0.01413	0.11967	0.07035	0.01418	0.27783	0.01635	0.00531	0.10116	0.00284	0.00392
24	0.27662	0.00659	0.00731	0.00602	0.00835	0.00666	0.00488	0.09675	0.01015	0.34069	0.16623	0.03138	0.01278	0.00505	0.00352	0.00118	0.00295	0.00396	0.00378	0.00514
25	0.05944	0.00466	0.00560	0.00508	0.00654	0.00423	0.00384	0.00955	0.00912	0.23136	0.19537	0.13208	0.23375	0.07569	0.00540	0.00145	0.00247	0.00647	0.00380	0.00410
26	0.45761	0.00575	0.00551	0.00526	0.00693	0.00615	0.00405	0.00988	0.00734	0.11540	0.01288	0.29426	0.04239	0.00667	0.00344	0.00130	0.00269	0.00540	0.00307	0.00402
27	0.02002	0.00482	0.00619	0.00578	0.00725	0.00446	0.00458	0.01053	0.03951	0.24755	0.19040	0.12133	0.12560	0.03536	0.00490	0.00142	0.00270	0.15933	0.00394	0.00432
28	0.00530	0.00375	0.00471	0.00487	0.00566	0.00339	0.00352	0.00649	0.00901	0.03861	0.33822	0.33657	0.19441	0.00959	0.00460	0.00135	0.00204	0.02071	0.00381	0.00341
29	0.03823	0.00572	0.00716	0.00605	0.00802	0.00535	0.00476	0.08783	0.02371	0.37934	0.17215	0.13688	0.08149	0.02010	0.00433	0.00127	0.00279	0.00564	0.00413	0.00504
30	0.20420	0.00506	0.00555	0.00503	0.00662	0.00493	0.00389	0.00964	0.00895	0.16920	0.24550	0.09941	0.17519	0.02509	0.00421	0.00128	0.00241	0.00574	0.01401	0.00409
31	0.00511	0.00388	0.00456	0.00464	0.00567	0.00345	0.00352	0.00635	0.00909	0.02511	0.25400	0.13898	0.42114	0.00939	0.00459	0.00133	0.00210	0.08999	0.00372	0.00337
32	0.00504	0.00350	0.00433	0.00483	0.00499	0.00337	0.00308	0.00546	0.00659	0.00876	0.01730	0.47828	0.02883	0.37124	0.01093	0.00244	0.00286	0.03241	0.00301	0.00276
33	0.05855	0.00648	0.00807	0.00657	0.00910	0.00612	0.00530	0.01694	0.15327	0.56691	0.01638	0.05297	0.06529	0.00536	0.00384	0.00122	0.00304	0.00440	0.00430	0.00589
34	0.19264	0.00460	0.00495	0.00484	0.00603	0.00454	0.00359	0.00779	0.00832	0.06167	0.21898	0.22745	0.17933	0.05285	0.00485	0.00142	0.00234	0.00677	0.00344	0.00360
35	0.00524	0.00387	0.00490	0.00464	0.00559	0.00353	0.00348	0.00692	0.01044	0.01451	0.72857	0.02947	0.14870	0.00801	0.00447	0.00121	0.00181	0.00702	0.00408	0.00353
36	0.02494	0.00378	0.00474	0.00532	0.00594	0.00370	0.00405	0.00701	0.00789	0.01144	0.04799	0.36728	0.02035	0.03379	0.00481	0.00149	0.00252	0.23973	0.19990	0.00332
37	0.00569	0.00398	0.00499	0.00493	0.00524	0.00424	0.00327	0.02538	0.00601	0.00825	0.01126	0.02098	0.01211	0.55293	0.31036	0.00446	0.00596	0.00496	0.00224	0.00278
38	0.00786	0.00674	0.00786	0.00562	0.00899	0.00506	0.00449	0.00955	0.00786	0.01236	0.00674	0.00786	0.00562	0.00281	0.00281	0.00056	0.00281	0.00225	0.00225	0.88990
39	0.00464	0.00332	0.00442	0.00527	0.00551	0.00309	0.00352	0.00533	0.00736	0.00984	0.04422	0.84047	0.02539	0.01176	0.00483	0.00153	0.00219	0.01067	0.00354	0.00309
40	0.00659	0.00329	0.00494	0.00494	0.00494	0.00329	0.00329	0.00494	0.00494	0.00659	0.00659	0.01153	0.00659	0.01318	0.01482	0.88966	0.00329	0.00329	0.00165	0.00165
41	0.00786	0.00674	0.00786	0.00562	0.00899	0.00506	0.00449	0.00955	0.00786	0.01236	0.00674	0.00786	0.00562	0.00281	0.00281	0.00056	0.00281	0.00225	0.00225	0.88990
42	0.00773	0.00638	0.00754	0.10846	0.02371	0.05477	0.00562	0.06966	0.03350	0.04381	0.06556	0.18338	0.08922	0.00746	0.02786	0.00135	0.02046	0.08036	0.00299	0.16017
43	0.00844	0.00681	0.00938	0.02519	0.19656	0.00703	0.03572	0.17765	0.02868	0.01367	0.08921	0.01974	0.06276	0.18245	0.03221	0.00189	0.00396	0.09122	0.00289	0.00454
44	0.00551	0.00393	0.00539	0.00625	0.00685	0.00384	0.00500	0.00679	0.00808	0.01061	0.02025	0.36973	0.02297	0.02769	0.00535	0.00170	0.00298	0.48030	0.00348	0.00330
45	0.00740	0.00698	0.01180	0.76971	0.11218	0.00849	0.01065	0.00990	0.00769	0.00997	0.00678	0.01003	0.00516	0.00375	0.00379	0.00125	0.00500	0.00337	0.00171	0.00440
46	0.00689	0.02745	0.01194	0.28159	0.05937	0.00702	0.20765	0.00896	0.00818	0.01074	0.05410	0.18565	0.10221	0.00607	0.00424	0.00130	0.00425	0.00578	0.00244	0.00417
47	0.74461	0.00710	0.00581	0.00515	0.00741	0.00807	0.00420	0.03178	0.02720	0.04337	0.03683	0.00862	0.03611	0.00414	0.00281	0.01448	0.00290	0.00260	0.00259	0.00420
48	0.01897	0.00521	0.00630	0.00556	0.00692	0.00520	0.00430	0.13306	0.04706	0.04307	0.64214	0.02402	0.02904	0.00700	0.00429	0.00119	0.00226	0.00607	0.00410	0.00422
49	0.00627	0.00374	0.00553	0.00547	0.00580	0.00404	0.00395	0.02172	0.00565	0.00781	0.00806	0.01283	0.00774	0.01910	0.34841	0.51995	0.00605	0.00360	0.00184	0.00243
50	0.00542	0.00406	0.00610	0.00610	0.00677	0.00474	0.00474	0.00677	0.00610	0.00880	0.01016	0.01490	0.00948	0.02844	0.85169	0.00610	0.01016	0.00406	0.00203	0.00339
51	0.00468	0.00338	0.00443	0.00516	0.00549	0.00313	0.00349	0.00544	0.00762	0.01017	0.08978	0.75052	0.06984	0.01142	0.00479	0.00150	0.00215	0.01031	0.00357	0.00313
52	0.01442	0.01062	0.01138	0.00873	0.01176	0.01176	0.00721	0.83041	0.01783	0.02390	0.00911	0.00911	0.00645	0.00455	0.00379	0.00114	0.00417	0.00341	0.00379	0.00645
53	0.00562	0.00388	0.00520	0.00565	0.00633	0.00372	0.00445	0.00656	0.00818	0.01076	0.14306	0.17324	0.12499	0.01062	0.00647	0.14107	0.00279	0.33100	0.00331	0.00311
54	0.64431	0.00708	0.00649	0.00549	0.00800	0.00767	0.00452	0.01323	0.00771	0.25261	0.00803	0.00808	0.00561	0.00385	0.00276	0.00117	0.00302	0.00255	0.00301	0.00477
55	0.03745	0.00501	0.00636	0.00593	0.00737	0.00477	0.00470	0.04876	0.00940	0.24092	0.12416	0.14031	0.03802	0.08408	0.00565	0.00156	0.00294	0.18589	0.04242	0.00431
56	0.00488	0.00350	0.00466	0.00544	0.00580	0.00328	0.00379	0.00566	0.00739	0.00986	0.02025	0.73505	0.02398	0.03393	0.00521	0.00160	0.00239	0.09590	0.00346	0.02399
57	0.70539	0.00687	0.00572	0.00510	0.00728	0.00777	0.00417	0.03093	0.00712	0.06127	0.00711	0.00848	0.01256	0.00415	0.00290	0.02437	0.00291	0.02195	0.06981	0.00416
58	0.00467	0.00335	0.00440	0.00519	0.00545	0.00312	0.00346	0.00535	0.00735	0.00979	0.04721	0.78628	0.04643	0.04183	0.00533	0.00160	0.00223	0.01040	0.00350	0.00307
59	0.00465	0.00361	0.00421	0.00459	0.00534	0.00320	0.00324	0.00552	0.00810	0.01028	0.08520	0.40345	0.39233	0.03127	0.00501	0.00145	0.00210	0.01975	0.00354	0.00316
60	0.69316	0.00707	0.00607	0.00530	0.00761	0.00790	0.00433	0.04148	0.00755	0.11414	0.02816	0.03020	0.00628	0.00404	0.00270	0.00118	0.00294	0.00269	0.02277	0.00441
61	0.02942	0.00385	0.00503	0.00535	0.00604	0.00358	0.00377	0.00720	0.00820	0.10361	0.15113	0.61338	0.02450	0.01020	0.00460	0.00143	0.00227	0.00915	0.00372	0.00356
62	0.00545	0.00365	0.00416	0.00422	0.00424	0.00363	0.00239	0.00550	0.00565	0.00753	0.01263	0.08877	0.01465	0.80159	0.01820	0.00351	0.00356	0.00592	0.00239	0.00236
63	0.00560	0.00385	0.00433	0.00433	0.00455	0.00380	0.00262	0.02195	0.00621	0.00815	0.01484	0.04737	0.08992	0.71807	0.01676	0.00328	0.00348	0.03585	0.00251	0.00253
64	0.07737	0.00531	0.00675	0.00575	0.00768	0.00483	0.00453	0.01260	0.00991	0.41619	0.22669	0.12238	0.07087	0.00658	0.00404	0.00123	0.00263	0.00558	0.00417	0.00492
65	0.00544	0.00418	0.00512	0.00553	0.00650	0.00398	0.00441	0.00722	0.05312	0.01118	0.07801	0.17257	0.30452	0.00995	0.00479	0.00149	0.00261	0.31234	0.00357	0.00347
66	0.01617	0.00675	0.00887	0.00687	0.00972	0.00612	0.00565	0.07943	0.04137	0.72704	0.04089	0.01316	0.01009	0.00480	0.00384	0.00118	0.00324	0.00390	0.00458	0.00635
67	0.00463	0.00379	0.00401	0.00405	0.00514	0.00325	0.00295	0.00557	0.00851	0.01042	0.10079	0.10160	0.65854	0.06318	0.00544	0.00144	0.00204	0.00798	0.00350	0.00317
68	0.00535	0.00375	0.00449	0.00452	0.00512	0.00349	0.00306	0.00620	0.00804	0.02686	0.26335	0.17541	0.17395	0.28877	0.00936	0.00208	0.00253	0.00726	0.00334	0.00306
69	0.00716	0.00674	0.01138	0.85760	0.02612	0.00843	0.01053	0.00969	0.00758	0.00969	0.00674	0.01011	0.00506	0.00379	0.00379	0.00126	0.00506	0.00337	0.00169	0.00421
70	0.00484	0.00344	0.00450	0.00513	0.00544	0.00323	0.00346	0.00561	0.00759	0.01024	0.13144	0.65139	0.02536	0.09543	0.00622	0.00171	0.00232	0.02609	0.00349	0.00308
71	0.00464	0.00384	0.00400	0.00397	0.00513	0.00327	0.00293	0.00565	0.00872	0.01068	0.13199	0.03491	0.70179	0.05533	0.00528	0.00140	0.00200	0.00774	0.00353	0.00320
72	0.00491	0.00360	0.00437	0.00482	0.00527	0.00338	0.00322	0.00576	0.02487	0.00974	0.06219	0.49082	0.17441	0.17553	0.00752	0.00188	0.00243	0.00893	0.00332	0.00304
73	0.00593	0.00398	0.00533	0.00524	0.00561	0.00432	0.00365	0.00642	0.00586	0.02983	0.01062	0.01869	0.01098	0.38887	0.37456	0.08549	0.02499	0.00460	0.00217	0.00285
74	0.03969	0.00387	0.00442	0.00444	0.00539	0.00363	0.00327	0.00727	0.00874	0.03648	0.24265	0.19702	0.20242	0.00796	0.00401	0.00121	0.00198	0.00685	0.21521	0.00349
75	0.00478	0.00377	0.00430	0.00440	0.00537	0.00331	0.00323	0.00589	0.00886	0.01133	0.22783	0.17859	0.47217	0.02256	0.00479	0.00135	0.00200	0.02855	0.00366	0.00326
76	0.01080	0.00882	0.00934	0.00799	0.01038	0.01007	0.00633	0.24190	0.61223	0.01806	0.01370	0.01277	0.01017	0.00498	0.00384	0.00125	0.00332	0.00405	0.00384	0.00613
77	0.00588	0.00414	0.00554	0.00589	0.02041	0.00418	0.00429	0.00738	0.04785	0.03715	0.11754	0.27544	0.06969	0.05781	0.18812	0.04018	0.00422	0.09768	0.00316	0.00346
78	0.00652	0.00445	0.00529	0.00487	0.00591	0.00412	0.00342	0.00795	0.05165	0.06781	0.21736	0.09472	0.10949	0.29886	0.00929	0.00201	0.00275	0.00604	0.00323	0.09424
79	0.00817	0.00499	0.00609	0.00550	0.00681	0.00486	0.00410	0.02983	0.11827	0.16632	0.31772	0.08692	0.07389	0.14158	0.00660	0.00162	0.00260	0.00604	0.00383	0.00423
80	0.00812	0.00467	0.00590	0.00549	0.00673	0.00449	0.00418	0.01013	0.06841	0.18337	0.25192	0.14729	0.05809	0.06793	0.02758	0.00156	0.01302	0.04947	0.07750	0.00415
81	0.01039	0.00883	0.01084	0.05207	0.19054	0.03927	0.00726	0.26042	0.01116	0.01564	0.00751	0.00864	0.00590	0.00355	0.00338	0.00091	0.00385	0.00291	0.00260	0.35432
82	0.00846	0.03107	0.06758	0.05462	0.10768	0.02873	0.04424	0.03598	0.00838	0.01238	0.00685	0.00825	0.00557	0.00309	0.00314	0.00078	0.00366	0.00261	0.00214	0.56480

[dist]
# distance from previous block
# <min> <max>
0	3

[block]
# block no. 8 follows, 72 sequences, length 32
# corresponding to MSA columns:
# 492-523
name=unknown_I
#
# <colnr> <probs for GDERKNQSTAVLIFYWHMCP>
#	G	D	E	R	K	N	Q	S	T	A	V	L	I	F	Y	W	H	M	C	P
0	0.72724	0.00712	0.00601	0.00524	0.00766	0.00787	0.00432	0.01144	0.00697	0.07695	0.00663	0.00808	0.00524	0.00379	0.00259	0.00114	0.00296	0.03091	0.00255	0.07529
1	0.00492	0.00361	0.00415	0.00443	0.00490	0.00334	0.00289	0.00545	0.00710	0.00910	0.03804	0.30052	0.26089	0.32189	0.00999	0.00223	0.00265	0.00798	0.00309	0.00284
2	0.00659	0.00329	0.00494	0.00494	0.00494	0.00329	0.00329	0.00494	0.00494	0.00659	0.00659	0.01153	0.00659	0.01318	0.01482	0.88966	0.00329	0.00329	0.00165	0.00165
3	0.00457	0.00348	0.00421	0.00480	0.00537	0.00312	0.00331	0.00534	0.00773	0.00987	0.02680	0.58566	0.29986	0.01112	0.00472	0.00145	0.00211	0.00985	0.00352	0.00312
4	0.00549	0.00379	0.00470	0.00470	0.00490	0.00398	0.00300	0.00588	0.00568	0.00777	0.01143	0.02195	0.01254	0.62427	0.26005	0.00438	0.00555	0.00510	0.00222	0.00261
5	0.00786	0.00674	0.00786	0.00562	0.00899	0.00506	0.00449	0.00955	0.00786	0.01236	0.00674	0.00786	0.00562	0.00281	0.00281	0.00056	0.00281	0.00225	0.00225	0.88990
6	0.01350	0.03813	0.01185	0.01087	0.06538	0.73470	0.04870	0.01468	0.01045	0.00962	0.00602	0.00715	0.00500	0.00382	0.00347	0.00100	0.00660	0.00259	0.00194	0.00455
7	0.00465	0.00331	0.00439	0.00524	0.00545	0.00310	0.00348	0.00529	0.00720	0.00960	0.02059	0.83468	0.02469	0.04198	0.00535	0.00162	0.00225	0.01060	0.00348	0.00305
8	0.00566	0.00362	0.00433	0.00435	0.00437	0.00363	0.00256	0.00546	0.00549	0.00734	0.01130	0.04475	0.01284	0.68662	0.04219	0.14200	0.00376	0.00527	0.00222	0.00225
9	0.00937	0.03651	0.67604	0.00997	0.01504	0.00836	0.01231	0.01317	0.00852	0.16335	0.00825	0.00885	0.00564	0.00379	0.00361	0.00119	0.00514	0.00297	0.00216	0.00574
10	0.01014	0.86900	0.01987	0.00649	0.00973	0.01501	0.00649	0.01136	0.00771	0.00892	0.00527	0.00608	0.00487	0.00324	0.00243	0.00081	0.00406	0.00203	0.00162	0.00487
11	0.00594	0.00376	0.00455	0.00435	0.00525	0.00356	0.00327	0.00772	0.00980	0.01485	0.56203	0.02355	0.02701	0.00663	0.00386	0.00109	0.00178	0.00574	0.30169	0.00356
12	0.75627	0.00785	0.00648	0.00557	0.00803	0.00902	0.00459	0.13904	0.00823	0.01809	0.00588	0.00662	0.00447	0.00368	0.00257	0.00117	0.00313	0.00227	0.00257	0.00447
13	0.00542	0.00375	0.00441	0.00432	0.00466	0.00362	0.00272	0.00602	0.00728	0.00993	0.26990	0.02648	0.06104	0.55895	0.01399	0.00279	0.00301	0.00605	0.00294	0.00274
14	0.00526	0.00376	0.00457	0.00472	0.00534	0.00353	0.00335	0.00628	0.00821	0.01109	0.25168	0.17558	0.16037	0.21792	0.00815	0.00192	0.00251	0.08650	0.03616	0.00311
15	0.00929	0.51552	0.34590	0.00820	0.01237	0.01236	0.00944	0.01177	0.00789	0.02805	0.00608	0.00699	0.00494	0.00342	0.00292	0.00097	0.00465	0.00237	0.00168	0.00519
16	0.01442	0.01062	0.01138	0.00873	0.01176	0.01176	0.00721	0.83041	0.01783	0.02390	0.00911	0.00911	0.00645	0.00455	0.00379	0.00114	0.00417	0.00341	0.00379	0.00645
17	0.00552	0.00368	0.00414	0.00414	0.00414	0.00368	0.00230	0.00552	0.00552	0.00735	0.01195	0.02482	0.01379	0.86672	0.01930	0.00368	0.00368	0.00552	0.00230	0.00230
18	0.00744	0.00708	0.01176	0.24950	0.32210	0.00734	0.07508	0.00953	0.00846	0.01125	0.04935	0.01666	0.19836	0.00509	0.00402	0.00122	0.00410	0.00467	0.00230	0.00469
19	0.00786	0.00674	0.00786	0.00562	0.00899	0.00506	0.00449	0.00955	0.00786	0.01236	0.00674	0.00786	0.00562	0.00281	0.00281	0.00056	0.00281	0.00225	0.00225	0.88990
20	0.00521	0.00368	0.00475	0.00511	0.00565	0.00346	0.00356	0.00646	0.02882	0.02549	0.27064	0.51070	0.05073	0.05069	0.00536	0.00152	0.00217	0.00898	0.00369	0.00333
21	0.00630	0.00379	0.00576	0.00608	0.03961	0.00403	0.00413	0.00584	0.00549	0.00759	0.00784	0.01260	0.00756	0.01804	0.30300	0.54883	0.00571	0.00356	0.00179	0.00242
22	0.34743	0.04675	0.15315	0.00691	0.01010	0.00808	0.00663	0.06989	0.00903	0.29460	0.00906	0.00894	0.00619	0.00399	0.00316	0.00116	0.00363	0.00287	0.00307	0.00535
23	0.00689	0.00366	0.00513	0.00500	0.00521	0.00368	0.00336	0.01952	0.00556	0.04121	0.00812	0.01408	0.00813	0.16474	0.06111	0.63303	0.00375	0.00375	0.00194	0.00213
24	0.19328	0.21505	0.07556	0.04320	0.01163	0.02293	0.10027	0.01093	0.00716	0.02815	0.00584	0.00767	0.00494	0.00437	0.00574	0.00124	0.25274	0.00284	0.00189	0.00458
25	0.02299	0.09444	0.45206	0.06821	0.04581	0.03060	0.01028	0.01056	0.00807	0.01138	0.05086	0.05351	0.06243	0.00569	0.04183	0.00139	0.00493	0.00375	0.00202	0.01916
26	0.00878	0.03084	0.08986	0.00908	0.12192	0.01910	0.00683	0.08323	0.15118	0.02394	0.10908	0.01225	0.02573	0.00428	0.00352	0.00098	0.00341	0.00358	0.00281	0.28960
27	0.03808	0.04602	0.16528	0.01462	0.36859	0.03513	0.02325	0.02525	0.01852	0.07088	0.00915	0.01127	0.03529	0.00402	0.00363	0.00111	0.00434	0.03633	0.00224	0.08700
28	0.02707	0.00937	0.08663	0.02776	0.38378	0.03550	0.04283	0.05672	0.04865	0.03099	0.00853	0.04007	0.00708	0.00403	0.00386	0.00111	0.02880	0.00355	0.07315	0.08052
29	0.03107	0.02564	0.06911	0.02971	0.41114	0.00784	0.00900	0.05735	0.00858	0.03798	0.00905	0.01209	0.02325	0.00863	0.16402	0.00207	0.00538	0.03652	0.00220	0.04938
30	0.09131	0.03216	0.01183	0.01445	0.39594	0.00877	0.00842	0.17138	0.03713	0.04287	0.03219	0.02655	0.04374	0.00459	0.00373	0.00117	0.00389	0.04473	0.00269	0.02248
31	0.03080	0.00751	0.01161	0.01548	0.45516	0.00772	0.02023	0.07001	0.04006	0.02803	0.03461	0.04144	0.04529	0.02034	0.15285	0.00207	0.00510	0.00411	0.00238	0.00518

[dist]
# distance from previous block
# <min> <max>
0	151

# created by:
# /home/cegg/simao/soft/augustus-3.2.1/scripts/msa2prfl.pl ./align_prep/EOG092C51AW.fa
