[name]
unknown

[dist]
# distance from previous block
# <min> <max>
0	38

[block]
# block no. 0 follows, 64 sequences, length 15
# corresponding to MSA columns:
# 44-58
name=unknown_A
#
# <colnr> <probs for GDERKNQSTAVLIFYWHMCP>
#	G	D	E	R	K	N	Q	S	T	A	V	L	I	F	Y	W	H	M	C	P
0	0.00780	0.01748	0.06879	0.02524	0.00904	0.02283	0.00574	0.03287	0.15621	0.05542	0.08146	0.25110	0.18623	0.00867	0.00481	0.00144	0.01792	0.01690	0.00372	0.02634
1	0.01065	0.00526	0.00668	0.00594	0.00770	0.00474	0.00463	0.01228	0.02248	0.31392	0.15585	0.11461	0.13497	0.04069	0.00513	0.00146	0.00280	0.04735	0.09792	0.00493
2	0.00955	0.00908	0.01493	0.23893	0.37665	0.02225	0.09881	0.06797	0.00999	0.01348	0.02948	0.01323	0.06820	0.00452	0.00428	0.00130	0.00506	0.00428	0.00235	0.00567
3	0.02344	0.05267	0.01204	0.11657	0.01380	0.06475	0.06100	0.18992	0.14494	0.05965	0.02601	0.08833	0.01026	0.00592	0.00526	0.00139	0.09517	0.02007	0.00323	0.00557
4	0.00516	0.00368	0.00493	0.00589	0.00618	0.00346	0.00402	0.00595	0.00805	0.01071	0.02284	0.80430	0.02726	0.01292	0.00533	0.00170	0.00249	0.05788	0.00385	0.00340
5	0.00661	0.00436	0.00543	0.00535	0.00647	0.00390	0.00398	0.00800	0.01021	0.08730	0.33576	0.22599	0.23994	0.00987	0.00495	0.00144	0.00230	0.02994	0.00425	0.00396
6	0.00981	0.00895	0.01529	0.32005	0.16066	0.00966	0.18630	0.11774	0.01035	0.02962	0.00896	0.01254	0.00714	0.00572	0.04687	0.00163	0.00581	0.03503	0.00240	0.00546
7	0.00916	0.00733	0.00958	0.05685	0.02009	0.00801	0.06797	0.13499	0.15957	0.03334	0.04069	0.06545	0.06689	0.17189	0.04565	0.00216	0.05816	0.01973	0.01762	0.00486
8	0.00609	0.00441	0.00543	0.00514	0.00623	0.00414	0.00387	0.00835	0.04598	0.01593	0.63522	0.03034	0.13330	0.00835	0.00473	0.00130	0.00203	0.00728	0.06790	0.00398
9	0.03133	0.00628	0.00792	0.00674	0.00892	0.00593	0.00546	0.08020	0.03789	0.34469	0.24496	0.02377	0.08156	0.00712	0.00456	0.00137	0.00309	0.08812	0.00458	0.00551
10	0.00760	0.00704	0.01177	0.75808	0.02636	0.00872	0.01082	0.01020	0.00820	0.01056	0.00837	0.05470	0.00692	0.00599	0.04671	0.00167	0.00566	0.00415	0.00197	0.00450
11	0.18103	0.00783	0.00902	0.00733	0.01005	0.00796	0.02550	0.15953	0.06787	0.32327	0.02919	0.04111	0.05765	0.00557	0.00396	0.00131	0.00353	0.01643	0.03592	0.00596
12	0.00603	0.00405	0.00465	0.00465	0.00469	0.00409	0.00267	0.00612	0.00608	0.00814	0.01298	0.02657	0.01484	0.80785	0.06695	0.00418	0.00443	0.00595	0.00250	0.00258
13	0.00595	0.00440	0.00641	0.00641	0.00706	0.00505	0.00486	0.00725	0.00660	0.00945	0.01137	0.01765	0.01096	0.13229	0.73721	0.00635	0.01025	0.00465	0.00226	0.00356
14	0.08108	0.28272	0.24126	0.00983	0.01394	0.04746	0.10178	0.06891	0.02961	0.01340	0.00723	0.00841	0.00571	0.00389	0.00364	0.00114	0.01738	0.00299	0.00216	0.05749

[dist]
# distance from previous block
# <min> <max>
0	6

[block]
# block no. 1 follows, 64 sequences, length 14
# corresponding to MSA columns:
# 65-78
name=unknown_B
#
# <colnr> <probs for GDERKNQSTAVLIFYWHMCP>
#	G	D	E	R	K	N	Q	S	T	A	V	L	I	F	Y	W	H	M	C	P
0	0.12584	0.05896	0.00976	0.02652	0.04926	0.03539	0.00624	0.04318	0.28578	0.06582	0.10498	0.01365	0.01217	0.00499	0.00378	0.00119	0.00348	0.00400	0.00346	0.14156
1	0.03379	0.02133	0.06612	0.20917	0.22215	0.05439	0.00977	0.09025	0.00994	0.04347	0.00808	0.01018	0.00637	0.00527	0.04183	0.00143	0.02485	0.00341	0.00238	0.13581
2	0.00783	0.02719	0.01052	0.00883	0.00981	0.00856	0.06552	0.03258	0.00740	0.01079	0.03003	0.01367	0.00899	0.06079	0.34941	0.00378	0.29403	0.00420	0.00221	0.04385
3	0.00615	0.00464	0.00532	0.00507	0.00643	0.00427	0.00385	0.00819	0.06053	0.04553	0.27603	0.03316	0.45051	0.01074	0.05940	0.00171	0.00278	0.00767	0.00404	0.00398
4	0.00575	0.00405	0.00497	0.00529	0.00613	0.00362	0.00375	0.00681	0.00921	0.04795	0.16058	0.43378	0.27052	0.01117	0.00507	0.00152	0.00229	0.00984	0.00403	0.00367
5	0.00534	0.00414	0.00482	0.00482	0.00587	0.00366	0.00353	0.00667	0.01007	0.01317	0.34398	0.14423	0.39233	0.03204	0.00538	0.00147	0.00214	0.00861	0.00410	0.00362
6	0.00551	0.00406	0.00518	0.00574	0.00644	0.00378	0.00425	0.00668	0.00905	0.01189	0.14505	0.39951	0.17264	0.03740	0.00574	0.00170	0.00262	0.16531	0.00392	0.00354
7	0.01105	0.79647	0.02142	0.00841	0.06864	0.01597	0.00751	0.01246	0.00851	0.01004	0.00592	0.00692	0.00542	0.00356	0.00277	0.00091	0.00448	0.00233	0.00180	0.00542
8	0.01407	0.00757	0.01249	0.00959	0.01258	0.00681	0.20450	0.01605	0.01073	0.47597	0.01597	0.04062	0.04644	0.04406	0.00530	0.00150	0.00434	0.06131	0.00409	0.00601
9	0.00510	0.00375	0.00479	0.00551	0.00598	0.00344	0.00376	0.00597	0.00847	0.01117	0.08882	0.66975	0.14365	0.01230	0.00521	0.00162	0.00233	0.01103	0.00391	0.00344
10	0.00772	0.02677	0.00657	0.00607	0.00737	0.04170	0.00457	0.01015	0.09879	0.08186	0.19978	0.22514	0.16229	0.03700	0.00529	0.00151	0.00283	0.04606	0.02423	0.00430
11	0.00831	0.00778	0.01112	0.18363	0.11642	0.05819	0.10095	0.05783	0.01993	0.01227	0.03681	0.10554	0.13754	0.08235	0.04153	0.00183	0.00482	0.00577	0.00276	0.00462
12	0.00964	0.00935	0.01272	0.01164	0.07583	0.06964	0.06374	0.01094	0.00768	0.04676	0.00898	0.01179	0.05516	0.00831	0.06908	0.00199	0.51576	0.00405	0.00218	0.00479
13	0.04839	0.01254	0.11480	0.00941	0.03280	0.11830	0.00812	0.33229	0.04019	0.07234	0.02470	0.01001	0.00735	0.00447	0.00385	0.00114	0.00470	0.00338	0.00327	0.14795

[dist]
# distance from previous block
# <min> <max>
0	4

[block]
# block no. 2 follows, 64 sequences, length 13
# corresponding to MSA columns:
# 83,85-96
name=unknown_C
#
# <colnr> <probs for GDERKNQSTAVLIFYWHMCP>
#	G	D	E	R	K	N	Q	S	T	A	V	L	I	F	Y	W	H	M	C	P
0	0.05583	0.00601	0.00776	0.00646	0.00867	0.00554	0.00516	0.01467	0.03997	0.42118	0.30838	0.02056	0.03832	0.00734	0.03384	0.00149	0.00318	0.00541	0.00465	0.00559
1	0.00535	0.00388	0.00506	0.00580	0.00629	0.00363	0.00412	0.00634	0.00856	0.01134	0.09481	0.58822	0.09305	0.03638	0.00574	0.00173	0.00257	0.10979	0.00388	0.00346
2	0.01077	0.00890	0.01280	0.23782	0.10577	0.00961	0.06908	0.14760	0.09880	0.06992	0.00946	0.01103	0.00714	0.00446	0.00464	0.00126	0.05619	0.00376	0.00284	0.12813
3	0.01087	0.44114	0.19713	0.00804	0.01175	0.01185	0.00845	0.01304	0.00919	0.12754	0.05365	0.04976	0.00942	0.00480	0.00349	0.00113	0.00444	0.02622	0.00256	0.00555
4	0.04557	0.38275	0.27701	0.00869	0.01291	0.01234	0.00948	0.07866	0.00975	0.08922	0.00875	0.00932	0.03090	0.00417	0.00340	0.00112	0.00479	0.00300	0.00237	0.00580
5	0.01060	0.61899	0.13042	0.00851	0.01229	0.04634	0.06228	0.01256	0.00884	0.01077	0.04043	0.00830	0.00680	0.00384	0.00312	0.00100	0.00486	0.00275	0.00193	0.00538
6	0.00571	0.00401	0.00522	0.00599	0.00650	0.00380	0.00421	0.00692	0.03415	0.03154	0.02349	0.68848	0.06934	0.01231	0.00526	0.00167	0.00258	0.08131	0.00390	0.00362
7	0.09597	0.00751	0.00962	0.02894	0.06539	0.00729	0.00648	0.07066	0.05562	0.48671	0.06272	0.01490	0.04493	0.00537	0.00425	0.00130	0.01732	0.00433	0.00436	0.00633
8	0.09847	0.00681	0.01001	0.04026	0.08458	0.00728	0.09795	0.04548	0.00870	0.03993	0.06766	0.11835	0.05721	0.08919	0.13826	0.00250	0.07446	0.00556	0.00284	0.00448
9	0.04082	0.00526	0.00718	0.19884	0.01185	0.00555	0.00592	0.00906	0.04897	0.06134	0.07942	0.37091	0.10110	0.00915	0.00475	0.00151	0.00324	0.02746	0.00349	0.00415
10	0.00558	0.00406	0.00534	0.00599	0.00664	0.00382	0.00449	0.00683	0.00913	0.01211	0.15772	0.43838	0.10786	0.01164	0.00530	0.00165	0.00265	0.20324	0.00397	0.00359
11	0.54021	0.12747	0.01004	0.00751	0.04996	0.03840	0.00593	0.13060	0.00949	0.03823	0.00678	0.00759	0.00527	0.00402	0.00297	0.00121	0.00382	0.00260	0.00272	0.00517
12	0.00765	0.00616	0.03835	0.00668	0.00810	0.04333	0.00549	0.00968	0.05577	0.08014	0.06566	0.17912	0.19192	0.02983	0.00557	0.01387	0.00332	0.24140	0.00379	0.00418

[dist]
# distance from previous block
# <min> <max>
1	4

[block]
# block no. 3 follows, 64 sequences, length 25
# corresponding to MSA columns:
# 101-118,120-126
name=unknown_D
#
# <colnr> <probs for GDERKNQSTAVLIFYWHMCP>
#	G	D	E	R	K	N	Q	S	T	A	V	L	I	F	Y	W	H	M	C	P
0	0.00910	0.00763	0.01043	0.15486	0.08072	0.00797	0.03466	0.06401	0.12729	0.04318	0.12478	0.03791	0.05144	0.00554	0.00476	0.00125	0.05738	0.00466	0.00312	0.16932
1	0.01054	0.00999	0.01518	0.05982	0.60882	0.04056	0.01134	0.05161	0.07692	0.01422	0.00857	0.01054	0.00699	0.00393	0.00405	0.00122	0.00480	0.00368	0.00235	0.05488
2	0.00941	0.31221	0.44401	0.01030	0.03963	0.01201	0.01159	0.01261	0.00854	0.01183	0.00677	0.00809	0.00538	0.00394	0.00398	0.00116	0.04979	0.00279	0.00181	0.04415
3	0.00565	0.00408	0.00520	0.00575	0.00637	0.00384	0.00411	0.02773	0.00913	0.01226	0.14768	0.54462	0.10169	0.01156	0.00515	0.00159	0.00247	0.07229	0.02522	0.00361
4	0.10599	0.00939	0.01198	0.27362	0.01709	0.08286	0.06923	0.07618	0.06269	0.05537	0.04716	0.01127	0.00788	0.00502	0.00563	0.00140	0.14573	0.00380	0.00260	0.00510
5	0.02856	0.00939	0.01442	0.08548	0.48013	0.00951	0.02695	0.12424	0.01072	0.06454	0.00866	0.01076	0.00691	0.02464	0.00444	0.00127	0.00468	0.00368	0.00257	0.07845
6	0.00633	0.00470	0.00624	0.00624	0.00710	0.00468	0.02455	0.00793	0.04442	0.04292	0.13128	0.38360	0.15057	0.03665	0.06254	0.00198	0.04337	0.02731	0.00373	0.00387
7	0.00872	0.00473	0.00553	0.00531	0.00671	0.00448	0.00422	0.02989	0.00977	0.13489	0.04563	0.06394	0.15298	0.00740	0.00408	0.00129	0.00259	0.13069	0.37282	0.00433
8	0.34513	0.00952	0.00909	0.00759	0.01027	0.10604	0.02477	0.07992	0.07454	0.24067	0.01018	0.01021	0.00725	0.00523	0.02455	0.00141	0.02125	0.00329	0.00345	0.00562
9	0.00886	0.00814	0.01281	0.21188	0.38918	0.00855	0.01003	0.01210	0.08663	0.01340	0.09598	0.03667	0.03781	0.00494	0.00423	0.00128	0.00436	0.00452	0.00260	0.04602
10	0.00506	0.00361	0.00482	0.00578	0.00602	0.00337	0.00386	0.00578	0.00795	0.01060	0.02289	0.85131	0.02747	0.01301	0.00530	0.00169	0.00241	0.01181	0.00386	0.00337
11	0.00802	0.00719	0.02450	0.33734	0.13152	0.00785	0.00880	0.04500	0.02683	0.02476	0.12555	0.10734	0.07303	0.00636	0.00491	0.00140	0.04651	0.00550	0.00282	0.00479
12	0.07433	0.10316	0.39229	0.03209	0.01468	0.05823	0.02997	0.11051	0.04282	0.03087	0.03544	0.04104	0.00781	0.00462	0.00385	0.00127	0.00520	0.00360	0.00248	0.00578
13	0.03877	0.59675	0.01932	0.00815	0.01148	0.01411	0.07187	0.01342	0.00886	0.12245	0.00742	0.00819	0.00607	0.00399	0.00369	0.00105	0.05382	0.00279	0.00229	0.00552
14	0.19219	0.00777	0.01156	0.50779	0.07944	0.00913	0.04713	0.02556	0.00844	0.01314	0.00768	0.01093	0.00600	0.00421	0.00383	0.00134	0.00489	0.01831	0.03589	0.00478
15	0.00530	0.00380	0.00494	0.00576	0.00611	0.00358	0.00397	0.00609	0.00801	0.01057	0.02292	0.65072	0.06925	0.09245	0.00682	0.00192	0.00268	0.08803	0.00373	0.00334
16	0.00601	0.00414	0.00499	0.00512	0.00610	0.00371	0.00371	0.00727	0.00964	0.05170	0.23550	0.29888	0.28144	0.01025	0.00489	0.00144	0.00223	0.00895	0.05026	0.00376
17	0.01292	0.00888	0.01197	0.04072	0.15981	0.00916	0.05597	0.25877	0.06744	0.17738	0.04280	0.01357	0.02600	0.02731	0.00460	0.00134	0.00418	0.00426	0.06668	0.00623
18	0.00942	0.02466	0.00840	0.05219	0.00985	0.04674	0.00584	0.12539	0.11619	0.07245	0.28611	0.02358	0.12208	0.00724	0.00479	0.00135	0.02549	0.04923	0.00398	0.00499
19	0.00823	0.00785	0.03799	0.00958	0.01043	0.00941	0.06337	0.01978	0.00706	0.02895	0.00828	0.01267	0.00775	0.06005	0.28031	0.00345	0.41425	0.00411	0.00211	0.00438
20	0.01071	0.00864	0.01046	0.18027	0.08149	0.04768	0.00783	0.14955	0.20132	0.07659	0.06167	0.01670	0.07507	0.02687	0.00472	0.00141	0.00418	0.02574	0.00346	0.00564
21	0.00920	0.00981	0.01757	0.42440	0.04813	0.06034	0.34574	0.01216	0.00918	0.01180	0.00776	0.01089	0.00588	0.00388	0.00444	0.00137	0.00625	0.00413	0.00198	0.00510
22	0.01180	0.01078	0.01225	0.17272	0.04972	0.18128	0.07210	0.12277	0.03067	0.08353	0.00933	0.02139	0.00753	0.00516	0.00501	0.03010	0.04974	0.03740	0.00275	0.08398
23	0.00820	0.02057	0.78878	0.01149	0.01736	0.00934	0.01474	0.01287	0.00893	0.01334	0.05072	0.00995	0.00706	0.00419	0.00400	0.00131	0.00592	0.00330	0.00190	0.00602
24	0.00721	0.02432	0.09885	0.02283	0.04067	0.00643	0.07446	0.01002	0.08021	0.01222	0.05482	0.18005	0.06382	0.06607	0.09755	0.00220	0.00470	0.10062	0.00306	0.04987

[dist]
# distance from previous block
# <min> <max>
1	28

[block]
# block no. 4 follows, 64 sequences, length 39
# corresponding to MSA columns:
# 170-208
name=unknown_E
#
# <colnr> <probs for GDERKNQSTAVLIFYWHMCP>
#	G	D	E	R	K	N	Q	S	T	A	V	L	I	F	Y	W	H	M	C	P
0	0.03835	0.09294	0.03410	0.01197	0.04261	0.14036	0.27504	0.06448	0.02663	0.17366	0.00974	0.01108	0.00727	0.02597	0.02606	0.00146	0.00576	0.00393	0.00286	0.00574
1	0.03820	0.01080	0.03683	0.01275	0.05055	0.08264	0.33272	0.10424	0.10227	0.01482	0.01034	0.05331	0.00864	0.01852	0.02307	0.00147	0.00559	0.02402	0.00274	0.06647
2	0.00849	0.00801	0.01354	0.57375	0.26662	0.00924	0.01166	0.01110	0.00864	0.01150	0.00799	0.03679	0.00653	0.00429	0.00418	0.00135	0.00526	0.00394	0.00197	0.00516
3	0.02966	0.00819	0.00960	0.00795	0.03552	0.02882	0.02456	0.17795	0.04787	0.12656	0.02733	0.07247	0.03567	0.02986	0.02482	0.00130	0.00385	0.00427	0.00341	0.30035
4	0.00729	0.00587	0.00695	0.06965	0.00904	0.02197	0.00514	0.06869	0.10901	0.01500	0.33902	0.07034	0.16545	0.02507	0.04575	0.00168	0.00326	0.02249	0.00391	0.00440
5	0.11681	0.05193	0.10409	0.01929	0.02752	0.27073	0.06628	0.07124	0.10091	0.01402	0.00838	0.02387	0.00673	0.00441	0.00396	0.00119	0.02486	0.00330	0.00255	0.07793
6	0.00829	0.00776	0.01293	0.62808	0.18237	0.00914	0.01131	0.01117	0.02747	0.01162	0.04452	0.01192	0.00742	0.00429	0.00418	0.00135	0.00521	0.00389	0.00206	0.00501
7	0.03110	0.04553	0.11501	0.00977	0.01263	0.02675	0.11451	0.04091	0.35798	0.02314	0.06274	0.01527	0.02925	0.00622	0.02889	0.00154	0.04239	0.02729	0.00329	0.00579
8	0.00601	0.00439	0.00656	0.00656	0.00724	0.00508	0.00504	0.00728	0.00659	0.00947	0.01096	0.01638	0.01033	0.05016	0.77368	0.05350	0.01055	0.00444	0.00221	0.00358
9	0.00602	0.00431	0.00609	0.00609	0.00661	0.00483	0.00446	0.00699	0.00646	0.00914	0.01143	0.01883	0.01141	0.23342	0.59917	0.04528	0.00904	0.00480	0.00228	0.00333
10	0.00599	0.00437	0.00637	0.00637	0.00699	0.00500	0.00481	0.00718	0.00656	0.00937	0.01125	0.01756	0.01087	0.13359	0.70935	0.03402	0.01000	0.00462	0.00225	0.00350
11	0.00508	0.00416	0.00439	0.00449	0.00574	0.00356	0.00335	0.00620	0.00945	0.01160	0.08463	0.11142	0.67252	0.01053	0.00492	0.00143	0.00216	0.02854	0.02230	0.00353
12	0.01068	0.49881	0.04776	0.00999	0.10254	0.06006	0.00819	0.01223	0.00848	0.01068	0.00618	0.00768	0.00555	0.00410	0.00449	0.00106	0.12132	0.00266	0.00189	0.07566
13	0.00605	0.00448	0.00625	0.00625	0.00684	0.00499	0.00465	0.00724	0.01839	0.00990	0.05053	0.09499	0.04427	0.13832	0.50415	0.04527	0.03577	0.00558	0.00258	0.00350
14	0.00923	0.00885	0.03502	0.27873	0.11291	0.00939	0.10541	0.03250	0.12138	0.02416	0.00908	0.01129	0.00708	0.00483	0.01715	0.00139	0.08184	0.00384	0.02264	0.10327
15	0.00965	0.02559	0.14482	0.08416	0.05631	0.00973	0.15210	0.05941	0.00921	0.05830	0.02971	0.05180	0.00807	0.00562	0.01838	0.00147	0.19337	0.00421	0.00242	0.07568
16	0.01180	0.00610	0.00748	0.00640	0.00820	0.00592	0.00479	0.01470	0.14926	0.33730	0.09702	0.02012	0.01510	0.26701	0.00946	0.00215	0.00345	0.00517	0.02339	0.00519
17	0.00618	0.00439	0.00481	0.00467	0.00600	0.00390	0.00351	0.00778	0.02970	0.04974	0.17921	0.06974	0.49231	0.00922	0.00463	0.00134	0.00216	0.00778	0.10905	0.00386
18	0.01207	0.67421	0.01959	0.00789	0.01114	0.19530	0.00731	0.01334	0.00917	0.00986	0.00592	0.00684	0.00533	0.00371	0.00290	0.00093	0.00511	0.00232	0.00186	0.00522
19	0.04760	0.00691	0.00828	0.00679	0.00908	0.02103	0.00544	0.14240	0.01274	0.32807	0.30510	0.01918	0.01984	0.00624	0.00431	0.00127	0.00312	0.00519	0.04175	0.00566
20	0.00573	0.00472	0.00510	0.00492	0.00632	0.00434	0.00371	0.00816	0.09646	0.01326	0.23919	0.03509	0.53908	0.00948	0.00483	0.00138	0.00219	0.00801	0.00408	0.00394
21	0.01028	0.00987	0.01686	0.02550	0.82811	0.00987	0.01275	0.01275	0.00946	0.01357	0.00781	0.01028	0.00658	0.00370	0.00411	0.00123	0.00493	0.00370	0.00206	0.00658
22	0.00679	0.00384	0.00568	0.00571	0.00591	0.00402	0.00398	0.00595	0.00583	0.00796	0.00887	0.03867	0.00889	0.04851	0.22425	0.60115	0.00549	0.00415	0.00200	0.00236
23	0.00873	0.00829	0.01406	0.54636	0.31936	0.00946	0.01198	0.01139	0.00872	0.01169	0.00754	0.01079	0.00592	0.00399	0.00414	0.00133	0.00532	0.00369	0.00192	0.00533
24	0.00575	0.00428	0.00541	0.00553	0.00652	0.00394	0.00428	0.00738	0.01047	0.01407	0.42174	0.11329	0.20816	0.00994	0.00510	0.00148	0.00240	0.16229	0.00420	0.00376
25	0.00959	0.00680	0.00932	0.00826	0.00925	0.00818	0.00666	0.04572	0.03382	0.13768	0.01078	0.02817	0.00960	0.05019	0.25451	0.03801	0.28638	0.03968	0.00278	0.00462
26	0.02503	0.01016	0.04267	0.07657	0.28069	0.04657	0.15008	0.10345	0.07458	0.03498	0.01026	0.02910	0.00863	0.02106	0.01742	0.00147	0.00522	0.05352	0.00269	0.00585
27	0.00556	0.00422	0.00521	0.00566	0.00660	0.00387	0.00439	0.00689	0.00944	0.01214	0.13928	0.23911	0.30641	0.01111	0.00523	0.00160	0.00262	0.22309	0.00395	0.00362
28	0.06178	0.17557	0.01228	0.20759	0.01428	0.05730	0.04347	0.03218	0.05800	0.02960	0.22443	0.01580	0.01518	0.00543	0.00416	0.00125	0.01806	0.01590	0.00292	0.00484
29	0.01071	0.01105	0.06730	0.06626	0.33620	0.06538	0.14455	0.08562	0.02703	0.03782	0.03451	0.02764	0.00796	0.00449	0.00483	0.00132	0.05481	0.00411	0.00246	0.00595
30	0.08333	0.04793	0.06817	0.11197	0.11025	0.01871	0.09931	0.02181	0.09923	0.05109	0.04145	0.04931	0.07296	0.00576	0.00484	0.00139	0.05792	0.04650	0.00283	0.00524
31	0.00561	0.00421	0.00490	0.00502	0.00613	0.00371	0.00374	0.00686	0.00973	0.03348	0.20554	0.19628	0.43211	0.01049	0.00501	0.00146	0.00227	0.05573	0.00404	0.00368
32	0.02897	0.21696	0.16104	0.04946	0.29638	0.01149	0.12881	0.01300	0.03283	0.01264	0.00755	0.00938	0.00610	0.00376	0.00382	0.00120	0.00527	0.00341	0.00201	0.00593
33	0.13243	0.22539	0.10854	0.02991	0.06725	0.02023	0.05077	0.11265	0.05708	0.11208	0.02879	0.00995	0.00740	0.00433	0.00372	0.00120	0.01630	0.00332	0.00283	0.00583
34	0.03984	0.12680	0.15171	0.10264	0.09926	0.06042	0.07760	0.07579	0.06890	0.03479	0.02606	0.04611	0.03229	0.00487	0.00399	0.00126	0.00493	0.01756	0.00259	0.02259
35	0.02993	0.00557	0.00704	0.00708	0.01617	0.01577	0.02302	0.04689	0.08766	0.05600	0.07619	0.31955	0.05732	0.01975	0.07210	0.00201	0.00378	0.14607	0.00376	0.00432
36	0.05799	0.10394	0.03826	0.23006	0.12815	0.03991	0.03802	0.07114	0.08467	0.03486	0.09018	0.01308	0.02966	0.00484	0.00415	0.00128	0.01769	0.00404	0.00271	0.00537
37	0.01243	0.01182	0.01213	0.01162	0.13791	0.23174	0.04660	0.10441	0.04798	0.07808	0.02104	0.00995	0.00721	0.00422	0.00410	0.00108	0.02968	0.00332	0.00279	0.22190
38	0.06671	0.09842	0.23434	0.00949	0.04291	0.09510	0.02209	0.04961	0.09524	0.07346	0.05578	0.01227	0.00930	0.05780	0.04178	0.00164	0.00512	0.00371	0.00272	0.02253

[dist]
# distance from previous block
# <min> <max>
0	1

[block]
# block no. 5 follows, 64 sequences, length 9
# corresponding to MSA columns:
# 210-218
name=unknown_F
#
# <colnr> <probs for GDERKNQSTAVLIFYWHMCP>
#	G	D	E	R	K	N	Q	S	T	A	V	L	I	F	Y	W	H	M	C	P
0	0.08703	0.02853	0.03445	0.00778	0.01017	0.06556	0.03077	0.17474	0.14862	0.09200	0.07263	0.09126	0.10865	0.02356	0.00457	0.00139	0.00378	0.00534	0.00372	0.00543
1	0.05387	0.20451	0.37125	0.01066	0.05574	0.08311	0.02653	0.01432	0.07079	0.06043	0.00818	0.00904	0.00619	0.00406	0.00364	0.00120	0.00532	0.00306	0.00224	0.00586
2	0.02796	0.01026	0.01361	0.18062	0.19626	0.11611	0.09938	0.05816	0.03061	0.02860	0.00799	0.00994	0.00630	0.00386	0.00391	0.00114	0.00509	0.00344	0.00236	0.19440
3	0.01015	0.01029	0.01658	0.06088	0.45087	0.06799	0.16861	0.01294	0.03529	0.01310	0.00878	0.01231	0.00745	0.00426	0.00452	0.00129	0.02568	0.04603	0.00223	0.04072
4	0.44061	0.10957	0.26127	0.00765	0.01142	0.00985	0.00813	0.01223	0.00786	0.01541	0.00692	0.03430	0.00565	0.00410	0.00312	0.00123	0.00422	0.00281	0.00226	0.05141
5	0.00601	0.00430	0.00631	0.00635	0.00695	0.00488	0.00478	0.00706	0.00657	0.00935	0.01149	0.05564	0.01128	0.09477	0.66171	0.08250	0.00950	0.00485	0.00229	0.00343
6	0.00702	0.00553	0.00823	0.05143	0.12243	0.00544	0.04562	0.00843	0.00894	0.02673	0.18902	0.06583	0.11406	0.17890	0.03896	0.03750	0.00385	0.07490	0.00318	0.00401
7	0.00774	0.00387	0.00387	0.00387	0.00484	0.00387	0.00290	0.00968	0.00871	0.01549	0.01355	0.01549	0.01065	0.00484	0.00290	0.00097	0.00194	0.00387	0.87708	0.00387
8	0.02267	0.02724	0.02872	0.04072	0.02673	0.01917	0.00575	0.03630	0.05672	0.03952	0.01085	0.11893	0.02343	0.00488	0.00361	0.00094	0.00336	0.00409	0.00284	0.52353

[dist]
# distance from previous block
# <min> <max>
1	3

[block]
# block no. 6 follows, 64 sequences, length 14
# corresponding to MSA columns:
# 222-235
name=unknown_G
#
# <colnr> <probs for GDERKNQSTAVLIFYWHMCP>
#	G	D	E	R	K	N	Q	S	T	A	V	L	I	F	Y	W	H	M	C	P
0	0.00798	0.06429	0.00514	0.00410	0.00525	0.00476	0.00320	0.00987	0.00869	0.01508	0.01300	0.01486	0.01027	0.00475	0.00289	0.00096	0.00211	0.00375	0.81505	0.00397
1	0.20368	0.00968	0.03769	0.03525	0.35470	0.03775	0.06881	0.04273	0.04736	0.01484	0.00977	0.04333	0.03428	0.00470	0.00412	0.00131	0.02243	0.01944	0.00250	0.00562
2	0.03383	0.00959	0.01341	0.07369	0.28078	0.03737	0.04832	0.14014	0.08779	0.19688	0.01075	0.01147	0.00785	0.00453	0.00436	0.00129	0.02435	0.00389	0.00327	0.00642
3	0.01016	0.01347	0.26823	0.07295	0.17589	0.04888	0.03409	0.13447	0.09094	0.01563	0.08553	0.01217	0.00976	0.00467	0.00416	0.00129	0.00504	0.00395	0.00272	0.00601
4	0.00620	0.00418	0.00587	0.00585	0.00630	0.00453	0.00420	0.00676	0.00669	0.00938	0.07533	0.01911	0.01307	0.20457	0.43316	0.17706	0.00738	0.00487	0.00239	0.00309
5	0.01268	0.07021	0.03517	0.00958	0.05038	0.01135	0.00758	0.29264	0.37955	0.06670	0.01301	0.01246	0.00959	0.00510	0.00408	0.00130	0.00398	0.00407	0.00391	0.00667
6	0.00986	0.00979	0.08680	0.01063	0.01395	0.00851	0.24375	0.04099	0.19790	0.07549	0.01426	0.04352	0.07030	0.00527	0.00438	0.00130	0.00457	0.03232	0.00316	0.12325
7	0.00550	0.00468	0.04425	0.00626	0.00692	0.00392	0.00477	0.00659	0.00823	0.01094	0.02238	0.62866	0.05435	0.04137	0.00584	0.00178	0.00285	0.13347	0.00371	0.00355
8	0.00969	0.41367	0.42061	0.00983	0.01468	0.01287	0.04182	0.01282	0.00865	0.01157	0.00670	0.00787	0.00533	0.00374	0.00338	0.00112	0.00537	0.00274	0.00178	0.00574
9	0.01120	0.00545	0.00722	0.00615	0.00809	0.00484	0.00488	0.01295	0.01160	0.35779	0.41117	0.02502	0.07557	0.00731	0.00462	0.00132	0.00269	0.03218	0.00474	0.00521
10	0.11076	0.08166	0.00736	0.00607	0.00741	0.00618	0.00471	0.03569	0.00912	0.05510	0.10257	0.33542	0.13465	0.00931	0.00486	0.00147	0.03180	0.04817	0.00360	0.00414
11	0.04154	0.29444	0.01642	0.02575	0.07087	0.04393	0.06489	0.21319	0.02597	0.03420	0.00762	0.00886	0.00617	0.00457	0.00498	0.00122	0.12382	0.00323	0.00259	0.00576
12	0.00746	0.00621	0.00775	0.02127	0.10371	0.05359	0.00586	0.05910	0.00921	0.02472	0.03986	0.54608	0.02103	0.01022	0.00537	0.00156	0.04463	0.02466	0.00347	0.00422
13	0.00709	0.00613	0.06099	0.03545	0.00866	0.00512	0.02451	0.04405	0.00920	0.04339	0.12708	0.25062	0.10150	0.11256	0.02494	0.02017	0.00345	0.04589	0.00342	0.06579

[dist]
# distance from previous block
# <min> <max>
2	8

[block]
# block no. 7 follows, 64 sequences, length 7
# corresponding to MSA columns:
# 244-250
name=unknown_H
#
# <colnr> <probs for GDERKNQSTAVLIFYWHMCP>
#	G	D	E	R	K	N	Q	S	T	A	V	L	I	F	Y	W	H	M	C	P
0	0.26926	0.04028	0.09016	0.04681	0.01209	0.08303	0.04104	0.09049	0.17134	0.05936	0.03235	0.02912	0.00844	0.00475	0.00367	0.00130	0.00429	0.00363	0.00307	0.00552
1	0.24822	0.00970	0.12910	0.00800	0.01071	0.02777	0.06248	0.05424	0.09861	0.03839	0.04241	0.09308	0.11131	0.00623	0.00423	0.00138	0.02379	0.02227	0.00310	0.00500
2	0.00614	0.00421	0.00489	0.00491	0.00516	0.00410	0.00301	0.00641	0.00654	0.00879	0.01412	0.08479	0.01615	0.69754	0.01813	0.00356	0.00386	0.06142	0.00270	0.04357
3	0.00710	0.00665	0.09402	0.06508	0.00961	0.00529	0.00599	0.00901	0.02604	0.07327	0.14291	0.28305	0.15351	0.00944	0.02152	0.00156	0.02629	0.02309	0.00357	0.03301
4	0.00774	0.00387	0.00387	0.00387	0.00484	0.00387	0.00290	0.00968	0.00871	0.01549	0.01355	0.01549	0.01065	0.00484	0.00290	0.00097	0.00194	0.00387	0.87708	0.00387
5	0.01114	0.26577	0.15039	0.01059	0.04967	0.03267	0.08090	0.12210	0.04336	0.04347	0.00782	0.00906	0.00622	0.00445	0.00495	0.00122	0.11609	0.00325	0.00240	0.03448
6	0.00782	0.04037	0.00921	0.18278	0.08464	0.05056	0.00685	0.04074	0.06072	0.01347	0.22529	0.12595	0.12069	0.00726	0.00451	0.00135	0.00362	0.00629	0.00332	0.00457

[dist]
# distance from previous block
# <min> <max>
0	2

[block]
# block no. 8 follows, 64 sequences, length 10
# corresponding to MSA columns:
# 253-262
name=unknown_I
#
# <colnr> <probs for GDERKNQSTAVLIFYWHMCP>
#	G	D	E	R	K	N	Q	S	T	A	V	L	I	F	Y	W	H	M	C	P
0	0.00774	0.00387	0.00387	0.00387	0.00484	0.00387	0.00290	0.00968	0.00871	0.01549	0.01355	0.01549	0.01065	0.00484	0.00290	0.00097	0.00194	0.00387	0.87708	0.00387
1	0.29829	0.10306	0.08575	0.05723	0.04335	0.07077	0.10343	0.11016	0.00966	0.01564	0.00694	0.00843	0.00544	0.00420	0.00415	0.00128	0.06145	0.00307	0.00241	0.00529
2	0.07590	0.00937	0.08393	0.04104	0.01124	0.03524	0.00716	0.10496	0.16450	0.16751	0.01180	0.01383	0.00931	0.10850	0.06297	0.00204	0.07773	0.00411	0.00333	0.00554
3	0.00763	0.00961	0.18882	0.03558	0.01143	0.00647	0.03650	0.01084	0.06783	0.01399	0.19220	0.05184	0.08425	0.00574	0.00410	0.00114	0.00363	0.00492	0.00304	0.26043
4	0.00516	0.00373	0.00488	0.00563	0.00603	0.00345	0.00383	0.00606	0.00852	0.01141	0.12659	0.70473	0.07000	0.01231	0.00523	0.00162	0.00234	0.01110	0.00395	0.00345
5	0.00850	0.07004	0.06590	0.05157	0.06024	0.02200	0.06383	0.08457	0.09931	0.01533	0.28473	0.02120	0.12274	0.00652	0.00443	0.00130	0.00364	0.00564	0.00350	0.00503
6	0.00886	0.19605	0.24715	0.07621	0.01408	0.01074	0.04570	0.01126	0.00804	0.01125	0.00765	0.03855	0.00687	0.06130	0.00662	0.00145	0.15949	0.00356	0.00198	0.08319
7	0.04315	0.35004	0.06950	0.04375	0.02577	0.21169	0.00771	0.01354	0.04013	0.04605	0.06092	0.01063	0.03542	0.00456	0.00365	0.00110	0.02159	0.00324	0.00238	0.00517
8	0.04196	0.29244	0.28712	0.00866	0.01277	0.01115	0.00933	0.03493	0.07306	0.06739	0.02555	0.03576	0.00769	0.00436	0.00351	0.00113	0.00459	0.00330	0.00245	0.07285
9	0.06752	0.14303	0.14954	0.02994	0.01297	0.15664	0.00856	0.18645	0.08069	0.01552	0.00820	0.00898	0.00635	0.00432	0.00387	0.00115	0.02611	0.00308	0.00267	0.08441

[dist]
# distance from previous block
# <min> <max>
3	9

[block]
# block no. 9 follows, 64 sequences, length 26
# corresponding to MSA columns:
# 272-297
name=unknown_J
#
# <colnr> <probs for GDERKNQSTAVLIFYWHMCP>
#	G	D	E	R	K	N	Q	S	T	A	V	L	I	F	Y	W	H	M	C	P
0	0.34107	0.04704	0.10753	0.02935	0.06135	0.07930	0.00725	0.05785	0.08565	0.02297	0.02226	0.07956	0.01928	0.00517	0.00358	0.00131	0.00414	0.01742	0.00279	0.00513
1	0.20153	0.01113	0.06578	0.04529	0.13655	0.09975	0.00823	0.22739	0.01163	0.03115	0.00983	0.04151	0.04210	0.00501	0.00428	0.00130	0.04528	0.00377	0.00290	0.00561
2	0.01020	0.08998	0.04286	0.01532	0.14138	0.05169	0.31818	0.03361	0.00904	0.01233	0.00720	0.00979	0.00597	0.00462	0.00677	0.00141	0.22819	0.00394	0.00203	0.00546
3	0.02199	0.35467	0.30946	0.01096	0.09808	0.01202	0.03605	0.01298	0.00892	0.05758	0.00835	0.00960	0.02679	0.00406	0.00351	0.00114	0.00505	0.01093	0.00208	0.00578
4	0.00984	0.00904	0.03167	0.24180	0.22779	0.03694	0.08604	0.03316	0.10502	0.06179	0.01141	0.03912	0.02584	0.00510	0.00436	0.00137	0.00492	0.05649	0.00270	0.00558
5	0.00809	0.00666	0.00791	0.00751	0.00892	0.05165	0.03233	0.12173	0.01041	0.01366	0.04534	0.26774	0.07419	0.01043	0.04216	0.00177	0.02878	0.20020	0.00355	0.05697
6	0.06540	0.01127	0.09998	0.05019	0.05573	0.07949	0.13459	0.09215	0.17701	0.14186	0.01155	0.01290	0.00865	0.00482	0.00420	0.00134	0.00489	0.03470	0.00325	0.00603
7	0.00905	0.02354	0.01397	0.53504	0.28772	0.00946	0.01167	0.01166	0.00880	0.03866	0.00779	0.01084	0.00603	0.00403	0.00411	0.00132	0.00526	0.00368	0.00202	0.00535
8	0.00552	0.00385	0.00490	0.00552	0.00574	0.00373	0.00364	0.00611	0.00741	0.00987	0.01933	0.50224	0.02276	0.29280	0.02719	0.00258	0.00322	0.06707	0.00338	0.00313
9	0.01154	0.01301	0.01027	0.02692	0.01171	0.43440	0.03417	0.02428	0.01066	0.01131	0.01246	0.04569	0.01256	0.00715	0.00491	0.00143	0.03699	0.28329	0.00279	0.00447
10	0.02753	0.16048	0.11444	0.04022	0.12725	0.07704	0.03236	0.05059	0.01951	0.11289	0.06403	0.02433	0.03988	0.01501	0.00471	0.00129	0.05348	0.02665	0.00278	0.00553
11	0.00984	0.01134	0.07178	0.01629	0.02040	0.00998	0.70022	0.01323	0.00974	0.04348	0.00927	0.04736	0.00730	0.00400	0.00483	0.00140	0.00662	0.00506	0.00227	0.00559
12	0.00708	0.00522	0.00609	0.00599	0.00698	0.00529	0.00435	0.08466	0.08997	0.01354	0.14864	0.24945	0.09945	0.16992	0.00795	0.00197	0.00298	0.05776	0.02870	0.00402
13	0.04844	0.11763	0.09122	0.16986	0.20763	0.02587	0.10334	0.05254	0.00978	0.09752	0.00880	0.01117	0.00686	0.00422	0.00400	0.00127	0.00512	0.02652	0.00245	0.00577
14	0.05406	0.00720	0.00879	0.00862	0.11167	0.01833	0.00568	0.02512	0.05200	0.02878	0.05628	0.01466	0.01042	0.19364	0.00788	0.00165	0.04013	0.00392	0.00269	0.34845
15	0.00516	0.00413	0.00453	0.00468	0.00576	0.00360	0.00342	0.00621	0.00922	0.01146	0.10825	0.16172	0.55079	0.06658	0.00607	0.00163	0.00233	0.03716	0.00383	0.00347
16	0.00713	0.04623	0.02651	0.09308	0.04808	0.00666	0.05214	0.02375	0.12543	0.01264	0.06030	0.15647	0.30899	0.00820	0.00462	0.00141	0.00332	0.00712	0.00341	0.00452
17	0.05309	0.35137	0.17587	0.04915	0.12285	0.03676	0.00953	0.05049	0.04185	0.06204	0.00775	0.00875	0.00613	0.00396	0.00343	0.00113	0.00482	0.00295	0.00227	0.00580
18	0.12641	0.00608	0.01920	0.00658	0.00787	0.02975	0.00510	0.03928	0.04351	0.07048	0.01668	0.26860	0.05874	0.04008	0.13288	0.03141	0.01885	0.07098	0.00332	0.00418
19	0.00518	0.00373	0.00494	0.00585	0.00620	0.00349	0.00404	0.00601	0.00815	0.01077	0.02372	0.75145	0.06466	0.01278	0.00532	0.00169	0.00250	0.07225	0.00385	0.00341
20	0.00939	0.00909	0.01573	0.13230	0.43943	0.00897	0.13591	0.01189	0.00917	0.01298	0.00849	0.04973	0.00731	0.00408	0.00415	0.00121	0.00496	0.00409	0.00218	0.12893
21	0.00975	0.01010	0.08068	0.13804	0.38459	0.00932	0.13595	0.03215	0.03352	0.04359	0.01033	0.03627	0.03769	0.00451	0.00432	0.00132	0.00514	0.01444	0.00238	0.00590
22	0.00693	0.00545	0.00586	0.00546	0.00709	0.00525	0.00418	0.05605	0.13826	0.03740	0.14071	0.05615	0.49750	0.00907	0.00475	0.00139	0.00246	0.00762	0.00407	0.00435
23	0.01035	0.62865	0.24301	0.00840	0.01266	0.01458	0.00936	0.01263	0.00853	0.01070	0.00623	0.00724	0.00531	0.00366	0.00301	0.00100	0.00491	0.00245	0.00177	0.00555
24	0.08695	0.18776	0.12261	0.04866	0.03740	0.05344	0.05759	0.16404	0.03814	0.11965	0.03923	0.01035	0.00781	0.00442	0.00374	0.00120	0.00472	0.00345	0.00295	0.00590
25	0.00904	0.00652	0.00789	0.00770	0.04691	0.01762	0.00584	0.15010	0.03649	0.07544	0.21488	0.06374	0.15246	0.00836	0.00498	0.00145	0.01833	0.16339	0.00404	0.00482

[dist]
# distance from previous block
# <min> <max>
0	1

[block]
# block no. 10 follows, 64 sequences, length 21
# corresponding to MSA columns:
# 299-319
name=unknown_K
#
# <colnr> <probs for GDERKNQSTAVLIFYWHMCP>
#	G	D	E	R	K	N	Q	S	T	A	V	L	I	F	Y	W	H	M	C	P
0	0.00867	0.05369	0.04974	0.09229	0.02866	0.04022	0.04393	0.04410	0.11740	0.04302	0.28287	0.02030	0.07545	0.00679	0.01659	0.00139	0.03235	0.01641	0.00348	0.02267
1	0.00514	0.00405	0.00464	0.00485	0.00584	0.00355	0.00350	0.00627	0.00948	0.01208	0.18646	0.26813	0.44960	0.01084	0.00502	0.00146	0.00216	0.00939	0.00399	0.00355
2	0.00898	0.00897	0.09335	0.02268	0.01156	0.00626	0.04116	0.01121	0.00879	0.04293	0.00776	0.00899	0.00621	0.00328	0.00330	0.00076	0.00362	0.00271	0.00246	0.70502
3	0.04392	0.17972	0.19785	0.02913	0.02967	0.00960	0.03493	0.07214	0.01018	0.15516	0.06604	0.01164	0.02083	0.01391	0.00390	0.00117	0.00438	0.00355	0.00289	0.10940
4	0.01159	0.01200	0.00901	0.00821	0.00979	0.36186	0.00607	0.12115	0.04146	0.01267	0.04166	0.06954	0.01167	0.19686	0.00793	0.00185	0.00530	0.03657	0.03036	0.00447
5	0.01138	0.39464	0.04885	0.00910	0.05067	0.13047	0.00767	0.04732	0.20262	0.01261	0.00906	0.00965	0.00740	0.00530	0.03568	0.00131	0.00496	0.00313	0.00254	0.00565
6	0.03958	0.00464	0.00529	0.00490	0.00585	0.00432	0.00332	0.00748	0.00829	0.03579	0.20151	0.02716	0.13999	0.40367	0.01223	0.00253	0.00314	0.00627	0.00326	0.08077
7	0.03663	0.10201	0.37954	0.00935	0.01352	0.00893	0.02425	0.01391	0.00946	0.21004	0.05023	0.01237	0.03913	0.00582	0.03652	0.00149	0.03434	0.00376	0.00284	0.00587
8	0.01107	0.05870	0.02496	0.05503	0.08843	0.02372	0.02202	0.09827	0.17146	0.15910	0.05352	0.09662	0.06827	0.01791	0.00456	0.00139	0.00381	0.03176	0.00370	0.00569
9	0.01266	0.00619	0.00820	0.00686	0.00878	0.00593	0.00536	0.07796	0.00982	0.35924	0.01349	0.04762	0.04233	0.00947	0.04746	0.24703	0.03649	0.00438	0.00363	0.04710
10	0.00631	0.00525	0.04590	0.00625	0.00737	0.00441	0.03687	0.00748	0.00884	0.04336	0.16009	0.33235	0.16841	0.04601	0.03156	0.05887	0.01493	0.00842	0.00359	0.00375
11	0.06456	0.03211	0.04711	0.02943	0.11283	0.03647	0.02473	0.10158	0.05341	0.33736	0.02451	0.03805	0.02718	0.00502	0.00403	0.00125	0.00407	0.00413	0.00377	0.04840
12	0.13392	0.01099	0.06466	0.08894	0.17143	0.11605	0.08913	0.04020	0.06721	0.05707	0.02275	0.01158	0.04215	0.00470	0.00462	0.00132	0.06141	0.00381	0.00259	0.00549
13	0.01314	0.01035	0.01169	0.06299	0.07372	0.16755	0.04968	0.11380	0.01126	0.21903	0.02776	0.07464	0.00976	0.00613	0.01822	0.00143	0.09939	0.02054	0.00329	0.00563
14	0.06352	0.00569	0.00742	0.12580	0.06399	0.00573	0.00577	0.03679	0.01018	0.03820	0.26865	0.06699	0.21905	0.00777	0.00456	0.00136	0.00304	0.03954	0.00361	0.02233
15	0.01112	0.03824	0.06776	0.00846	0.07382	0.00698	0.00667	0.04218	0.03818	0.19463	0.03538	0.01204	0.03899	0.00426	0.00365	0.00097	0.00358	0.00348	0.00319	0.40644
16	0.01040	0.04224	0.03673	0.00836	0.04287	0.00701	0.06877	0.09474	0.04181	0.17270	0.23953	0.09487	0.04415	0.00652	0.00441	0.00127	0.00346	0.00572	0.00388	0.07057
17	0.04224	0.00922	0.05747	0.05090	0.05423	0.04100	0.21017	0.05157	0.01009	0.06019	0.09567	0.04401	0.08177	0.00532	0.00445	0.00125	0.01918	0.01502	0.00290	0.14336
18	0.08297	0.07952	0.02865	0.28998	0.05613	0.08441	0.00855	0.11455	0.02611	0.04769	0.03918	0.03851	0.00803	0.00461	0.00384	0.00122	0.00473	0.00371	0.00263	0.07498
19	0.02247	0.29202	0.08126	0.01043	0.07241	0.06924	0.11213	0.06244	0.05232	0.06378	0.05879	0.01077	0.00855	0.00494	0.00452	0.05759	0.00483	0.00354	0.00253	0.00544
20	0.03740	0.02473	0.10102	0.05657	0.03021	0.00893	0.13524	0.15578	0.07908	0.14522	0.03728	0.05357	0.01010	0.03016	0.00474	0.00138	0.00456	0.02281	0.00332	0.05789

[dist]
# distance from previous block
# <min> <max>
7	50

[block]
# block no. 11 follows, 64 sequences, length 11
# corresponding to MSA columns:
# 375-385
name=unknown_L
#
# <colnr> <probs for GDERKNQSTAVLIFYWHMCP>
#	G	D	E	R	K	N	Q	S	T	A	V	L	I	F	Y	W	H	M	C	P
0	0.02917	0.01033	0.03421	0.05166	0.09841	0.14746	0.05817	0.03062	0.19162	0.12220	0.08225	0.04020	0.02328	0.00523	0.00416	0.00126	0.00448	0.00443	0.00332	0.05756
1	0.29071	0.07418	0.04850	0.04612	0.10867	0.04130	0.05870	0.13428	0.01042	0.06951	0.04064	0.01129	0.00795	0.00457	0.00365	0.00127	0.00435	0.03554	0.00287	0.00547
2	0.07035	0.12256	0.03278	0.00926	0.04302	0.02937	0.12280	0.06225	0.01011	0.16171	0.03133	0.01033	0.00763	0.00397	0.00364	0.00104	0.00423	0.00336	0.00293	0.26733
3	0.07089	0.07235	0.15698	0.01066	0.10848	0.00915	0.03544	0.10313	0.04569	0.24941	0.01053	0.01069	0.00745	0.00432	0.00383	0.00120	0.00438	0.00349	0.00326	0.08866
4	0.10629	0.06665	0.05587	0.01119	0.12486	0.03292	0.06001	0.19252	0.14301	0.12098	0.01160	0.01180	0.03457	0.00473	0.00394	0.00127	0.00437	0.00386	0.00335	0.00621
5	0.00533	0.00407	0.00475	0.00493	0.00580	0.00366	0.00352	0.00642	0.00926	0.01198	0.20928	0.22819	0.35291	0.10160	0.00677	0.00174	0.00240	0.03003	0.00387	0.00347
6	0.08492	0.09532	0.14717	0.07140	0.07074	0.02603	0.02537	0.07920	0.06629	0.10047	0.06469	0.01217	0.03023	0.00509	0.00502	0.00132	0.10228	0.00383	0.00285	0.00560
7	0.00554	0.00420	0.00510	0.00494	0.00601	0.00376	0.00368	0.00715	0.01085	0.01466	0.54187	0.07747	0.28089	0.00936	0.00492	0.00136	0.00203	0.00813	0.00431	0.00376
8	0.01164	0.06825	0.07629	0.00975	0.01242	0.15751	0.08794	0.16214	0.07268	0.05892	0.11714	0.01531	0.01233	0.00565	0.00484	0.00132	0.05629	0.06090	0.00319	0.00550
9	0.00542	0.00415	0.00493	0.00535	0.00623	0.00378	0.00400	0.00651	0.00890	0.01125	0.06128	0.25221	0.36581	0.07963	0.00649	0.00178	0.00267	0.16236	0.00377	0.00347
10	0.07431	0.00954	0.05505	0.00922	0.01214	0.00946	0.10496	0.16292	0.28432	0.11717	0.06543	0.03126	0.03460	0.00545	0.00424	0.00135	0.00402	0.00466	0.00382	0.00611

[dist]
# distance from previous block
# <min> <max>
5	13

[block]
# block no. 12 follows, 64 sequences, length 20
# corresponding to MSA columns:
# 399-418
name=unknown_M
#
# <colnr> <probs for GDERKNQSTAVLIFYWHMCP>
#	G	D	E	R	K	N	Q	S	T	A	V	L	I	F	Y	W	H	M	C	P
0	0.01194	0.00997	0.16991	0.06720	0.05576	0.00756	0.04597	0.03210	0.09193	0.29993	0.01419	0.13102	0.01154	0.00600	0.00436	0.00138	0.00426	0.02537	0.00363	0.00597
1	0.00847	0.04739	0.31740	0.13528	0.10738	0.00885	0.11648	0.01169	0.00911	0.03228	0.03766	0.04928	0.09054	0.00510	0.00426	0.00133	0.00520	0.00455	0.00232	0.00543
2	0.01130	0.05340	0.18772	0.11870	0.13838	0.11959	0.11567	0.01425	0.02832	0.12508	0.00901	0.01078	0.00678	0.00430	0.00435	0.00129	0.02792	0.01490	0.00246	0.00579
3	0.01228	0.04709	0.12882	0.11028	0.08392	0.09149	0.05516	0.01452	0.01002	0.27103	0.01195	0.09709	0.00951	0.00527	0.00414	0.00130	0.00474	0.00450	0.03116	0.00573
4	0.00928	0.03888	0.20479	0.26297	0.08754	0.02206	0.11892	0.02434	0.10969	0.03525	0.00953	0.02521	0.00743	0.00448	0.00421	0.00135	0.00538	0.02072	0.00237	0.00560
5	0.01171	0.01022	0.13704	0.13440	0.29996	0.00840	0.03096	0.01432	0.00991	0.24017	0.02959	0.02512	0.00859	0.00457	0.00419	0.00130	0.00474	0.01567	0.00295	0.00619
6	0.01031	0.14990	0.42111	0.07501	0.03122	0.01009	0.07462	0.01370	0.00921	0.13161	0.00896	0.03096	0.00669	0.00426	0.00390	0.00126	0.00539	0.00352	0.00234	0.00592
7	0.09839	0.01135	0.20546	0.06100	0.22455	0.00856	0.08741	0.01314	0.00936	0.13343	0.03639	0.06368	0.01948	0.00481	0.00411	0.00132	0.00478	0.00428	0.00270	0.00581
8	0.00915	0.09430	0.02546	0.03923	0.35849	0.03022	0.08244	0.01171	0.05186	0.01256	0.03521	0.06585	0.09840	0.01834	0.02147	0.00144	0.03100	0.00488	0.00252	0.00547
9	0.01215	0.09337	0.04939	0.29475	0.03638	0.00839	0.00849	0.03440	0.00993	0.31224	0.01206	0.09058	0.00937	0.00529	0.00411	0.00132	0.00439	0.00446	0.00330	0.00565
10	0.01012	0.01178	0.21918	0.03373	0.21083	0.00868	0.14711	0.01347	0.04395	0.12027	0.03789	0.05225	0.03078	0.00502	0.00448	0.00135	0.01582	0.02466	0.00273	0.00591
11	0.01072	0.01120	0.03614	0.03319	0.07468	0.01065	0.60778	0.11933	0.01106	0.02995	0.00868	0.01099	0.00646	0.00376	0.00470	0.00137	0.00643	0.00460	0.00241	0.00588
12	0.01552	0.01980	0.01177	0.01070	0.01284	0.83735	0.00803	0.01659	0.01177	0.01017	0.00642	0.00749	0.00535	0.00428	0.00375	0.00107	0.00749	0.00268	0.00214	0.00482
13	0.01554	0.09312	0.03696	0.00776	0.01088	0.00730	0.04441	0.01751	0.02968	0.57847	0.05058	0.04046	0.03740	0.00544	0.00414	0.00127	0.00372	0.00452	0.00443	0.00642
14	0.00524	0.00374	0.00500	0.00586	0.00621	0.00351	0.00405	0.00614	0.00838	0.01123	0.08972	0.73012	0.02821	0.01254	0.00530	0.00167	0.00247	0.06326	0.00391	0.00345
15	0.00962	0.00735	0.00872	0.00628	0.00992	0.00559	0.00504	0.01145	0.00894	0.09598	0.00829	0.00917	0.00657	0.00328	0.00319	0.00068	0.00312	0.00263	0.00273	0.79143
16	0.01111	0.01038	0.16622	0.00834	0.01146	0.00822	0.02900	0.24671	0.03259	0.13076	0.18881	0.01841	0.10752	0.00617	0.00439	0.00130	0.00392	0.00511	0.00384	0.00576
17	0.00727	0.00423	0.00626	0.00608	0.00615	0.00466	0.00430	0.00606	0.00563	0.00773	0.00744	0.01265	0.00736	0.01541	0.09882	0.70515	0.08698	0.00370	0.00185	0.00226
18	0.00804	0.00705	0.00965	0.00863	0.00904	0.00906	0.00699	0.00907	0.00719	0.03605	0.03472	0.01785	0.08291	0.09402	0.12355	0.00263	0.47036	0.05661	0.00244	0.00415
19	0.01162	0.00928	0.05598	0.00979	0.07067	0.00918	0.02722	0.21129	0.25991	0.11338	0.04123	0.12209	0.01299	0.00628	0.00438	0.00138	0.00385	0.01939	0.00393	0.00616

[dist]
# distance from previous block
# <min> <max>
1	8

[block]
# block no. 13 follows, 64 sequences, length 7
# corresponding to MSA columns:
# 427-433
name=unknown_N
#
# <colnr> <probs for GDERKNQSTAVLIFYWHMCP>
