[name]
unknown

[dist]
# distance from previous block
# <min> <max>
4	31

[block]
# block no. 0 follows, 69 sequences, length 12
# corresponding to MSA columns:
# 43-54
name=unknown_A
#
# <colnr> <probs for GDERKNQSTAVLIFYWHMCP>
#	G	D	E	R	K	N	Q	S	T	A	V	L	I	F	Y	W	H	M	C	P
0	0.31556	0.06326	0.07142	0.00630	0.00881	0.03245	0.00548	0.04200	0.06837	0.04186	0.04985	0.10379	0.06217	0.00530	0.00337	0.00117	0.00328	0.00411	0.00284	0.10863
1	0.00928	0.25456	0.44320	0.01019	0.01470	0.06238	0.09060	0.03230	0.00866	0.01157	0.00679	0.00827	0.00532	0.02170	0.00381	0.00117	0.00543	0.00289	0.00179	0.00540
2	0.00795	0.13491	0.61335	0.01006	0.01488	0.00938	0.03502	0.01163	0.00830	0.01191	0.03655	0.07288	0.00769	0.00445	0.00371	0.00121	0.00519	0.00360	0.00191	0.00541
3	0.00776	0.01846	0.73188	0.01150	0.06852	0.00872	0.01354	0.01193	0.00836	0.01232	0.00929	0.01038	0.06193	0.00413	0.00380	0.00124	0.00546	0.00330	0.00181	0.00565
4	0.01425	0.35414	0.01403	0.00737	0.01037	0.14469	0.00643	0.01558	0.00989	0.37226	0.00992	0.00949	0.00707	0.00412	0.00330	0.00103	0.00428	0.00297	0.00312	0.00567
5	0.08579	0.00867	0.06254	0.00761	0.01075	0.00785	0.00660	0.19863	0.05367	0.49743	0.01280	0.01165	0.00840	0.00467	0.00380	0.00121	0.00368	0.00366	0.00420	0.00640
6	0.01520	0.06789	0.02835	0.00797	0.01100	0.05415	0.00670	0.28564	0.08134	0.38253	0.01213	0.01122	0.00822	0.00467	0.00382	0.00117	0.00395	0.00362	0.00404	0.00639
7	0.00829	0.00922	0.12389	0.09968	0.02919	0.03952	0.12925	0.01268	0.19248	0.04098	0.14123	0.06996	0.05935	0.02121	0.00451	0.00134	0.00411	0.00512	0.00302	0.00495
8	0.05525	0.00409	0.00497	0.00553	0.00611	0.00399	0.00383	0.04986	0.00814	0.01127	0.02128	0.70955	0.07912	0.01123	0.00477	0.00153	0.00241	0.01003	0.00359	0.00344
9	0.00989	0.01086	0.06916	0.03618	0.54128	0.07004	0.14302	0.02709	0.00917	0.01259	0.00732	0.00954	0.00597	0.00364	0.00420	0.00120	0.02748	0.00357	0.00196	0.00584
10	0.00494	0.00348	0.00450	0.00526	0.00544	0.00329	0.00342	0.00550	0.00720	0.00959	0.02002	0.71639	0.02392	0.15829	0.00757	0.00197	0.00254	0.01021	0.00342	0.00305
11	0.80417	0.00808	0.00613	0.00542	0.00788	0.04834	0.00442	0.01164	0.00696	0.01697	0.00556	0.00649	0.00436	0.00362	0.00250	0.00117	0.00322	0.00215	0.00240	0.04851

[dist]
# distance from previous block
# <min> <max>
4	16

[block]
# block no. 1 follows, 69 sequences, length 18
# corresponding to MSA columns:
# 73-90
name=unknown_B
#
# <colnr> <probs for GDERKNQSTAVLIFYWHMCP>
#	G	D	E	R	K	N	Q	S	T	A	V	L	I	F	Y	W	H	M	C	P
0	0.00839	0.00707	0.12295	0.02932	0.00908	0.00535	0.00601	0.01095	0.07088	0.17053	0.25251	0.20388	0.02108	0.03096	0.00483	0.00141	0.00307	0.03337	0.00373	0.00461
1	0.21493	0.11514	0.05062	0.00725	0.00991	0.03093	0.08129	0.05625	0.05337	0.04612	0.04010	0.02684	0.14258	0.00509	0.00371	0.00115	0.02296	0.00403	0.00276	0.08497
2	0.01122	0.00594	0.00690	0.00595	0.00792	0.00593	0.00474	0.05118	0.16841	0.26607	0.01427	0.01514	0.01061	0.00504	0.00352	0.00113	0.00275	0.03932	0.34805	0.02590
3	0.00478	0.00341	0.00455	0.00546	0.00569	0.00318	0.00364	0.00546	0.00751	0.01001	0.02161	0.85966	0.02593	0.01228	0.00500	0.00159	0.00227	0.01114	0.00364	0.00318
4	0.01120	0.01021	0.00928	0.00822	0.01023	0.18561	0.00639	0.25422	0.22033	0.01594	0.01297	0.16044	0.01174	0.00691	0.02540	0.00141	0.00436	0.03643	0.00343	0.00529
5	0.00554	0.00441	0.00539	0.00550	0.00635	0.00433	0.00400	0.00716	0.05992	0.01135	0.12728	0.40045	0.21943	0.01033	0.02075	0.00152	0.05191	0.00855	0.00355	0.04230
6	0.01516	0.01057	0.01151	0.00882	0.01195	0.01154	0.00729	0.74744	0.01774	0.10294	0.00999	0.00979	0.00696	0.00472	0.00392	0.00118	0.00422	0.00357	0.00401	0.00667
7	0.00786	0.02028	0.84191	0.01117	0.01697	0.00910	0.01448	0.01242	0.00828	0.01242	0.00704	0.00828	0.00497	0.00372	0.00372	0.00124	0.00579	0.00290	0.00166	0.00579
8	0.01170	0.00570	0.00735	0.00612	0.00815	0.00528	0.00487	0.03751	0.06426	0.39369	0.34015	0.01969	0.02059	0.00612	0.00415	0.00121	0.00268	0.00519	0.05027	0.00531
9	0.01014	0.00897	0.04837	0.31870	0.23569	0.05231	0.00992	0.04674	0.04516	0.11567	0.00851	0.01043	0.00641	0.00435	0.00453	0.02006	0.04281	0.00351	0.00238	0.00533
10	0.00548	0.00526	0.07198	0.00597	0.00688	0.00433	0.00471	0.02580	0.00789	0.01059	0.03993	0.53202	0.12427	0.04513	0.06042	0.00191	0.03168	0.00892	0.00329	0.00353
11	0.00517	0.00378	0.00482	0.00516	0.00580	0.00349	0.00371	0.00633	0.00891	0.01200	0.29461	0.38135	0.13363	0.04847	0.00553	0.00155	0.00226	0.06625	0.00381	0.00337
12	0.00480	0.00369	0.00430	0.00474	0.00543	0.00329	0.00327	0.00559	0.00806	0.01020	0.04500	0.43799	0.36719	0.07048	0.00588	0.00163	0.00225	0.00947	0.00357	0.00319
13	0.01047	0.05600	0.28278	0.07326	0.12977	0.20417	0.03754	0.07024	0.07549	0.01267	0.00768	0.00892	0.00589	0.00394	0.00372	0.00117	0.00552	0.00312	0.00214	0.00550
14	0.04148	0.01022	0.12748	0.12909	0.07882	0.06260	0.09118	0.04505	0.03675	0.28185	0.02957	0.01118	0.00777	0.00434	0.00413	0.00124	0.02485	0.00368	0.00304	0.00569
15	0.02253	0.00580	0.00795	0.09852	0.02393	0.00585	0.02623	0.02051	0.07799	0.16983	0.12745	0.27045	0.01734	0.00733	0.00463	0.00133	0.03632	0.00639	0.00353	0.06609
16	0.04730	0.13081	0.12683	0.00765	0.05100	0.00696	0.00649	0.00982	0.02762	0.08227	0.07305	0.30547	0.01630	0.03147	0.00468	0.00141	0.01339	0.05000	0.00304	0.00444
17	0.05454	0.07339	0.15757	0.02407	0.18159	0.05456	0.06037	0.06609	0.03772	0.12639	0.04673	0.05309	0.02418	0.01773	0.00407	0.00124	0.00444	0.00399	0.00272	0.00550

[dist]
# distance from previous block
# <min> <max>
0	110

[block]
# block no. 2 follows, 69 sequences, length 35
# corresponding to MSA columns:
# 209-243
name=unknown_C
#
# <colnr> <probs for GDERKNQSTAVLIFYWHMCP>
#	G	D	E	R	K	N	Q	S	T	A	V	L	I	F	Y	W	H	M	C	P
0	0.16451	0.02910	0.10004	0.05123	0.03207	0.00666	0.01600	0.01058	0.04543	0.07452	0.11015	0.01583	0.10316	0.04252	0.07791	0.00171	0.00401	0.00421	0.00284	0.10750
1	0.15712	0.02988	0.08199	0.00822	0.01101	0.25296	0.04351	0.06220	0.00983	0.06823	0.06843	0.00961	0.00785	0.00416	0.00362	0.00106	0.02250	0.00305	0.00256	0.15221
2	0.01054	0.19778	0.21203	0.02959	0.01257	0.12226	0.03230	0.09370	0.00970	0.06965	0.00935	0.03249	0.03062	0.00489	0.00435	0.00120	0.06959	0.04980	0.00239	0.00518
3	0.05501	0.01210	0.00980	0.03357	0.01137	0.30245	0.00679	0.08277	0.39386	0.01447	0.01097	0.01088	0.00839	0.00464	0.00372	0.00118	0.00464	0.00350	0.00311	0.02677
4	0.01095	0.15277	0.32428	0.01031	0.08192	0.02953	0.04353	0.01371	0.00906	0.20449	0.00877	0.00930	0.00629	0.00383	0.00356	0.00111	0.00470	0.00308	0.00250	0.07630
5	0.00690	0.07646	0.00695	0.00552	0.00693	0.02561	0.00437	0.00927	0.07857	0.04800	0.43896	0.03561	0.17523	0.00775	0.00440	0.00126	0.00248	0.05779	0.00386	0.00408
6	0.00554	0.00410	0.00537	0.00576	0.00637	0.00417	0.00421	0.00716	0.05525	0.01070	0.08928	0.36456	0.06113	0.08500	0.18030	0.00271	0.00425	0.09739	0.00329	0.00346
7	0.01055	0.05189	0.01290	0.05897	0.22765	0.14249	0.07618	0.04096	0.07666	0.07780	0.03239	0.03812	0.03370	0.00545	0.02735	0.00137	0.07377	0.00398	0.00256	0.00528
8	0.01015	0.01022	0.01602	0.02211	0.69422	0.07905	0.07452	0.02368	0.00927	0.01269	0.00734	0.00955	0.00610	0.00354	0.00391	0.00116	0.00500	0.00350	0.00198	0.00601
9	0.00947	0.00808	0.00861	0.00784	0.00996	0.00926	0.00615	0.03320	0.73817	0.01606	0.01679	0.01721	0.03380	0.00581	0.00410	0.00136	0.00313	0.06109	0.00395	0.00596
10	0.00689	0.00593	0.00920	0.09970	0.12773	0.00604	0.07644	0.03656	0.03031	0.01192	0.07047	0.28331	0.09530	0.00818	0.00474	0.00143	0.01668	0.10186	0.00308	0.00423
11	0.02496	0.34965	0.28547	0.00891	0.01278	0.09620	0.04552	0.02109	0.03744	0.03766	0.02862	0.00884	0.01946	0.00390	0.00330	0.00107	0.00493	0.00289	0.00203	0.00528
12	0.00571	0.00434	0.00643	0.00637	0.00703	0.00511	0.00495	0.00704	0.00627	0.00907	0.01038	0.01549	0.00978	0.05480	0.79212	0.00606	0.03924	0.00422	0.00210	0.00349
13	0.00536	0.00367	0.00471	0.00512	0.00565	0.00345	0.00360	0.00653	0.00869	0.01224	0.27433	0.46240	0.02725	0.03717	0.00514	0.00149	0.00218	0.03193	0.09571	0.00338
14	0.01104	0.17884	0.13243	0.03197	0.13679	0.17676	0.03203	0.09771	0.14061	0.01314	0.00827	0.00911	0.00650	0.00403	0.00357	0.00112	0.00499	0.00313	0.00239	0.00557
15	0.01012	0.03129	0.05368	0.00857	0.01070	0.16803	0.06522	0.03917	0.20336	0.07304	0.08518	0.04238	0.08363	0.00590	0.00483	0.00128	0.07564	0.02981	0.00313	0.00501
16	0.00570	0.00382	0.00438	0.00438	0.00441	0.00385	0.00250	0.00576	0.00573	0.00768	0.01226	0.02515	0.01403	0.82131	0.06057	0.00392	0.00413	0.00563	0.00236	0.00243
17	0.01531	0.00857	0.01037	0.06718	0.01210	0.00884	0.00684	0.35121	0.06136	0.39774	0.01240	0.01159	0.00827	0.00475	0.00394	0.00121	0.00386	0.00377	0.00420	0.00648
18	0.00761	0.00706	0.01157	0.67555	0.10184	0.00848	0.01028	0.01056	0.04859	0.01098	0.06311	0.01185	0.00778	0.00422	0.00397	0.00129	0.00484	0.00377	0.00204	0.00458
19	0.00572	0.00381	0.00440	0.00440	0.00444	0.00385	0.00253	0.00576	0.00572	0.00766	0.01213	0.02481	0.01386	0.79984	0.06318	0.02340	0.00414	0.00557	0.00235	0.00242
20	0.03998	0.00930	0.01339	0.19800	0.42431	0.06593	0.02067	0.06232	0.06311	0.01295	0.00786	0.01001	0.00632	0.00454	0.02507	0.00134	0.02370	0.00347	0.00218	0.00554
21	0.01049	0.30218	0.11155	0.05325	0.03287	0.11895	0.09043	0.05456	0.16539	0.01224	0.00828	0.00909	0.00656	0.00395	0.00345	0.00110	0.00485	0.00312	0.00231	0.00538
22	0.00965	0.00957	0.05166	0.04598	0.24918	0.03150	0.19225	0.06265	0.11803	0.03978	0.01021	0.03914	0.02785	0.00499	0.02518	0.00136	0.02611	0.00416	0.00253	0.04820
23	0.00971	0.14537	0.45589	0.01095	0.03511	0.03332	0.10133	0.09442	0.02680	0.04036	0.00758	0.00864	0.00559	0.00379	0.00367	0.00118	0.00536	0.00310	0.00209	0.00572
24	0.01281	0.01165	0.03771	0.00922	0.03516	0.19285	0.00725	0.24230	0.31009	0.08272	0.01140	0.01108	0.00841	0.00473	0.00386	0.00120	0.00446	0.00365	0.00347	0.00599
25	0.00856	0.00504	0.00622	0.00551	0.00709	0.00473	0.00427	0.01119	0.09798	0.19575	0.41408	0.02496	0.15030	0.00719	0.00434	0.00124	0.00233	0.00617	0.03850	0.00456
26	0.07091	0.01144	0.19930	0.07561	0.05799	0.00947	0.13843	0.16197	0.10347	0.03890	0.00996	0.01107	0.03513	0.00516	0.03098	0.00143	0.02682	0.00375	0.00264	0.00555
27	0.01410	0.00996	0.13916	0.00892	0.01231	0.04582	0.09607	0.04474	0.07256	0.47709	0.01287	0.02959	0.00876	0.00466	0.00399	0.00124	0.00424	0.00396	0.00379	0.00618
28	0.00645	0.00420	0.00536	0.00495	0.00608	0.00382	0.00376	0.00819	0.01079	0.07993	0.66161	0.02845	0.11778	0.00786	0.00451	0.00123	0.00198	0.00686	0.03230	0.00389
29	0.00811	0.03353	0.36835	0.31766	0.01892	0.03116	0.01127	0.02435	0.02949	0.03534	0.01017	0.01177	0.07456	0.00440	0.00385	0.00126	0.00510	0.00361	0.00205	0.00506
30	0.03809	0.01020	0.12722	0.31394	0.08205	0.03259	0.21357	0.03220	0.00888	0.06991	0.00819	0.03113	0.00627	0.00399	0.00404	0.00128	0.00536	0.00384	0.00215	0.00512
31	0.00619	0.00459	0.00540	0.00558	0.00656	0.00449	0.00402	0.02872	0.12623	0.04025	0.06531	0.45375	0.21378	0.01007	0.00469	0.00145	0.00239	0.00887	0.00377	0.00388
32	0.00524	0.00380	0.00487	0.00554	0.00594	0.00367	0.00378	0.02571	0.02988	0.01043	0.02098	0.71328	0.05060	0.05753	0.02660	0.00180	0.00264	0.02082	0.00355	0.00332
33	0.06778	0.01053	0.02135	0.15085	0.10796	0.16118	0.02769	0.22538	0.01889	0.06577	0.00924	0.03323	0.02735	0.00446	0.00376	0.00116	0.00474	0.00356	0.00278	0.05233
34	0.05684	0.09845	0.01242	0.09140	0.17116	0.09745	0.00808	0.17669	0.03038	0.16112	0.00921	0.02002	0.00701	0.00440	0.00394	0.00117	0.02890	0.01274	0.00292	0.00569

[dist]
# distance from previous block
# <min> <max>
0	25

[block]
# block no. 3 follows, 69 sequences, length 29
# corresponding to MSA columns:
# 288,289,297-305,309-326
name=unknown_D
#
# <colnr> <probs for GDERKNQSTAVLIFYWHMCP>
#	G	D	E	R	K	N	Q	S	T	A	V	L	I	F	Y	W	H	M	C	P
0	0.16445	0.07885	0.25678	0.02234	0.03067	0.07225	0.11012	0.02663	0.02934	0.06894	0.00755	0.00863	0.00566	0.00399	0.01290	0.00119	0.00487	0.00299	0.00225	0.08960
1	0.00494	0.00353	0.00463	0.00543	0.00572	0.00331	0.00369	0.00567	0.00758	0.01006	0.03638	0.71747	0.04872	0.06967	0.00602	0.00174	0.00244	0.05627	0.00356	0.00317
2	0.01000	0.00965	0.09679	0.00964	0.03196	0.03163	0.03914	0.01444	0.24453	0.11281	0.05023	0.01193	0.00924	0.00561	0.00710	0.00142	0.30169	0.00393	0.00289	0.00535
3	0.00903	0.00956	0.08552	0.03199	0.22694	0.02325	0.18676	0.03628	0.00885	0.02867	0.00820	0.01133	0.00693	0.06936	0.00505	0.00128	0.00468	0.01981	0.00220	0.22432
4	0.00569	0.00383	0.00444	0.00444	0.00450	0.00389	0.00258	0.00581	0.00575	0.00773	0.01220	0.02480	0.01388	0.79315	0.08852	0.00401	0.00436	0.00558	0.00235	0.00247
5	0.00786	0.02028	0.84191	0.01117	0.01697	0.00910	0.01448	0.01242	0.00828	0.01242	0.00704	0.00828	0.00497	0.00372	0.00372	0.00124	0.00579	0.00290	0.00166	0.00579
6	0.00711	0.00636	0.00982	0.28304	0.07995	0.00689	0.06951	0.01014	0.09921	0.01193	0.10715	0.08861	0.11262	0.02251	0.00465	0.00140	0.00389	0.06797	0.00285	0.00439
7	0.01586	0.00730	0.00933	0.00744	0.02404	0.00687	0.00598	0.17487	0.01249	0.59036	0.06693	0.01358	0.01082	0.00500	0.00395	0.00120	0.00341	0.00405	0.03016	0.00638
8	0.00966	0.01038	0.02245	0.01606	0.01998	0.00971	0.78364	0.01288	0.00935	0.05295	0.00830	0.01071	0.00613	0.00338	0.00459	0.00132	0.00645	0.00459	0.00212	0.00536
9	0.00475	0.00351	0.00445	0.00519	0.00562	0.00321	0.00352	0.00549	0.00776	0.01011	0.02486	0.71204	0.17146	0.01186	0.00494	0.00154	0.00222	0.01063	0.00364	0.00321
10	0.52190	0.00694	0.00672	0.00567	0.00817	0.00730	0.00464	0.01349	0.00845	0.28440	0.04242	0.01131	0.05507	0.00456	0.00313	0.00122	0.00303	0.00326	0.00336	0.00496
11	0.01376	0.01319	0.01094	0.00919	0.01174	0.30743	0.00724	0.37362	0.18182	0.01765	0.00956	0.00965	0.00718	0.00460	0.00380	0.00115	0.00504	0.00336	0.00326	0.00582
12	0.00478	0.00341	0.00455	0.00546	0.00569	0.00318	0.00364	0.00546	0.00751	0.01001	0.02161	0.85966	0.02593	0.01228	0.00500	0.00159	0.00227	0.01114	0.00364	0.00318
13	0.00853	0.00589	0.07671	0.00509	0.00680	0.00485	0.00444	0.06203	0.00946	0.09476	0.08610	0.01623	0.05920	0.00514	0.00329	0.00104	0.00248	0.00418	0.53948	0.00431
14	0.00743	0.00484	0.00530	0.00448	0.00629	0.00420	0.00344	0.00917	0.00826	0.01377	0.04059	0.01370	0.03245	0.02036	0.00324	0.00087	0.00225	0.00347	0.50238	0.31350
15	0.09105	0.26393	0.32028	0.00851	0.01244	0.02334	0.00928	0.04544	0.07856	0.06780	0.00835	0.00980	0.00657	0.00413	0.00336	0.00114	0.00455	0.03372	0.00231	0.00545
16	0.05291	0.26808	0.11934	0.00809	0.01121	0.07677	0.00754	0.15870	0.20088	0.01461	0.00923	0.02152	0.00730	0.00432	0.00338	0.00111	0.00426	0.00319	0.02201	0.00556
17	0.01439	0.00633	0.00833	0.00661	0.00916	0.00569	0.00537	0.06719	0.01139	0.58011	0.15827	0.01669	0.04343	0.00618	0.02616	0.00134	0.00327	0.00460	0.00454	0.02095
18	0.00873	0.29000	0.56041	0.00987	0.01484	0.01117	0.03067	0.01220	0.00820	0.01140	0.00655	0.00769	0.00501	0.00360	0.00336	0.00111	0.00530	0.00268	0.00167	0.00554
19	0.00786	0.02028	0.84191	0.01117	0.01697	0.00910	0.01448	0.01242	0.00828	0.01242	0.00704	0.00828	0.00497	0.00372	0.00372	0.00124	0.00579	0.00290	0.00166	0.00579
20	0.01715	0.00654	0.00887	0.00683	0.00978	0.00567	0.00563	0.01868	0.01109	0.80530	0.01535	0.01340	0.00972	0.00484	0.00389	0.00120	0.00327	0.00393	0.04230	0.00654
21	0.00920	0.00875	0.01486	0.10253	0.71214	0.00890	0.01144	0.01146	0.00874	0.01238	0.00815	0.05861	0.00725	0.00404	0.00395	0.00120	0.00458	0.00393	0.00202	0.00586
22	0.01235	0.00886	0.00992	0.02493	0.02644	0.00976	0.00667	0.28468	0.38978	0.13348	0.04126	0.01305	0.01052	0.00508	0.00398	0.00126	0.00356	0.00412	0.00402	0.00630
23	0.00486	0.00351	0.00466	0.00542	0.00575	0.00332	0.00369	0.00566	0.00769	0.01028	0.06494	0.73366	0.05851	0.01294	0.05333	0.00183	0.00271	0.01041	0.00359	0.00323
24	0.00472	0.00397	0.00409	0.00406	0.00535	0.00335	0.00304	0.00579	0.00913	0.01106	0.11265	0.03696	0.76295	0.00975	0.00463	0.00132	0.00197	0.00817	0.00370	0.00335
25	0.00813	0.00697	0.00813	0.00581	0.00929	0.00523	0.00465	0.00987	0.00813	0.01277	0.00697	0.00813	0.00581	0.00290	0.00290	0.00058	0.00290	0.00232	0.00232	0.88619
26	0.01458	0.01082	0.01158	0.00895	0.01203	0.01201	0.00737	0.77401	0.06964	0.02418	0.00982	0.00974	0.00700	0.00474	0.00393	0.00119	0.00424	0.00359	0.00393	0.00664
27	0.00476	0.00349	0.00447	0.00525	0.00563	0.00320	0.00355	0.00548	0.00771	0.01009	0.02416	0.74375	0.14020	0.01195	0.00495	0.00155	0.00223	0.01074	0.00364	0.00320
28	0.07139	0.00999	0.10714	0.05846	0.04501	0.06213	0.14970	0.07217	0.04742	0.23408	0.06613	0.01227	0.01881	0.00501	0.02165	0.00134	0.00466	0.00394	0.00313	0.00555

[dist]
# distance from previous block
# <min> <max>
4	11

[block]
# block no. 4 follows, 69 sequences, length 14
# corresponding to MSA columns:
# 338-351
name=unknown_E
#
# <colnr> <probs for GDERKNQSTAVLIFYWHMCP>
#	G	D	E	R	K	N	Q	S	T	A	V	L	I	F	Y	W	H	M	C	P
0	0.00928	0.24546	0.24262	0.07462	0.07381	0.02323	0.14254	0.01236	0.04227	0.04086	0.02881	0.03238	0.00709	0.00400	0.00364	0.00115	0.00499	0.00347	0.00208	0.00533
1	0.00480	0.00348	0.00454	0.00533	0.00567	0.00321	0.00359	0.00555	0.00776	0.01028	0.05626	0.76697	0.08421	0.01194	0.00496	0.00156	0.00224	0.01077	0.00367	0.00321
2	0.00926	0.05171	0.21583	0.01388	0.03707	0.06946	0.46160	0.01281	0.04060	0.01224	0.00816	0.03418	0.00642	0.00380	0.00421	0.00126	0.00603	0.00410	0.00202	0.00534
3	0.05344	0.06367	0.27521	0.09944	0.01469	0.05165	0.06141	0.05877	0.09435	0.13658	0.02428	0.01055	0.01628	0.00423	0.00374	0.00121	0.00474	0.00344	0.00267	0.01965
4	0.00568	0.00394	0.00487	0.00527	0.00606	0.00362	0.00378	0.00679	0.02564	0.05905	0.02585	0.49661	0.25487	0.01160	0.03553	0.00167	0.00262	0.03938	0.00366	0.00352
5	0.00486	0.00350	0.00447	0.00521	0.00561	0.00323	0.00353	0.00565	0.00779	0.01038	0.04443	0.71327	0.12079	0.01164	0.00487	0.00153	0.00221	0.01045	0.03335	0.00323
6	0.02354	0.33368	0.13066	0.07796	0.11377	0.09375	0.05046	0.05127	0.05279	0.01162	0.00695	0.00824	0.00567	0.00377	0.00351	0.00108	0.02109	0.00288	0.00200	0.00531
7	0.00823	0.13651	0.60929	0.01083	0.01586	0.00982	0.09301	0.01203	0.00830	0.01188	0.00754	0.04569	0.00599	0.00401	0.00370	0.00121	0.00550	0.00332	0.00178	0.00552
8	0.00511	0.00384	0.00478	0.00524	0.00599	0.00352	0.00389	0.00625	0.00873	0.01137	0.15797	0.36281	0.25598	0.01070	0.00490	0.00149	0.00234	0.13798	0.00374	0.00337
9	0.05250	0.06793	0.01243	0.09999	0.01357	0.09318	0.12060	0.22702	0.11431	0.05407	0.04776	0.04270	0.00901	0.00524	0.02125	0.00132	0.00468	0.00401	0.00303	0.00540
10	0.03481	0.01115	0.10902	0.08725	0.30373	0.09605	0.06968	0.04754	0.11458	0.07456	0.00893	0.01019	0.00680	0.00399	0.00387	0.00121	0.00488	0.00352	0.00247	0.00576
11	0.00599	0.00456	0.00562	0.00597	0.00656	0.02725	0.00438	0.00689	0.00782	0.04034	0.02102	0.48179	0.12644	0.03991	0.05948	0.00193	0.06495	0.08224	0.00336	0.00348
12	0.00842	0.04650	0.08405	0.36324	0.15969	0.00880	0.13701	0.01109	0.00848	0.03235	0.00860	0.01289	0.00711	0.00431	0.00404	0.00129	0.00509	0.06903	0.02308	0.00495
13	0.09709	0.05867	0.01265	0.14526	0.29165	0.05478	0.01889	0.10025	0.13860	0.01430	0.00850	0.00987	0.00667	0.00400	0.00366	0.00118	0.00440	0.00336	0.00249	0.02372

[dist]
# distance from previous block
# <min> <max>
0	60

# created by:
# /home/cegg/simao/soft/augustus-3.2.1/scripts/msa2prfl.pl ./align_prep/EOG092C5NLC.fa
