[name]
unknown

[dist]
# distance from previous block
# <min> <max>
0	246

[block]
# block no. 0 follows, 75 sequences, length 8
# corresponding to MSA columns:
# 282-289
name=unknown_A
#
# <colnr> <probs for GDERKNQSTAVLIFYWHMCP>
#	G	D	E	R	K	N	Q	S	T	A	V	L	I	F	Y	W	H	M	C	P
0	0.00580	0.00414	0.00578	0.00663	0.00742	0.00412	0.00571	0.00740	0.00834	0.01086	0.01951	0.11029	0.02140	0.01026	0.00504	0.00167	0.00328	0.75562	0.00338	0.00335
1	0.00696	0.10772	0.03224	0.08956	0.00877	0.02685	0.00496	0.02481	0.03935	0.06967	0.07519	0.05205	0.40614	0.00699	0.00417	0.00118	0.03074	0.00572	0.00301	0.00392
2	0.89687	0.00710	0.00540	0.00483	0.00710	0.00824	0.00398	0.01080	0.00625	0.01648	0.00511	0.00597	0.00398	0.00341	0.00227	0.00114	0.00284	0.00199	0.00227	0.00398
3	0.00858	0.00477	0.00552	0.00484	0.00623	0.00470	0.00378	0.11192	0.01008	0.13156	0.26067	0.01702	0.01650	0.00530	0.00339	0.00101	0.00220	0.00441	0.39336	0.00418
4	0.01532	0.00650	0.00858	0.00672	0.00940	0.00596	0.00556	0.10440	0.01097	0.69341	0.01391	0.01341	0.00930	0.00568	0.03737	0.00134	0.00350	0.03836	0.00430	0.00601
5	0.00592	0.00423	0.00592	0.00676	0.00761	0.00423	0.00592	0.00761	0.00845	0.01099	0.01945	0.04143	0.02114	0.01015	0.00507	0.00169	0.00338	0.82329	0.00338	0.00338
6	0.00587	0.00489	0.00608	0.00601	0.00670	0.06648	0.00458	0.00705	0.00619	0.00845	0.00967	0.01463	0.00919	0.09295	0.72761	0.00536	0.00910	0.00393	0.00198	0.00327
7	0.00737	0.01900	0.85189	0.01047	0.01590	0.00853	0.01357	0.01163	0.00775	0.01163	0.00659	0.00775	0.00465	0.00349	0.00349	0.00116	0.00543	0.00271	0.00155	0.00543

[dist]
# distance from previous block
# <min> <max>
1	20

[block]
# block no. 1 follows, 75 sequences, length 96
# corresponding to MSA columns:
# 329-424
name=unknown_B
#
# <colnr> <probs for GDERKNQSTAVLIFYWHMCP>
#	G	D	E	R	K	N	Q	S	T	A	V	L	I	F	Y	W	H	M	C	P
0	0.00573	0.00382	0.00489	0.00457	0.00552	0.00352	0.00345	0.00743	0.01013	0.04525	0.72733	0.02593	0.05046	0.00717	0.00416	0.00113	0.00179	0.00629	0.07789	0.00356
1	0.00820	0.00785	0.01336	0.35538	0.48662	0.00858	0.02274	0.01046	0.00789	0.01087	0.00671	0.00935	0.00542	0.00351	0.00389	0.00116	0.02791	0.00328	0.00174	0.00507
2	0.00520	0.00375	0.00491	0.00462	0.00549	0.00347	0.00347	0.00693	0.01040	0.01473	0.84608	0.02743	0.03465	0.00751	0.00433	0.00116	0.00173	0.00664	0.00404	0.00347
3	0.88306	0.00715	0.00549	0.00489	0.00717	0.00829	0.00402	0.02370	0.00642	0.01658	0.00517	0.00601	0.00401	0.00342	0.00229	0.00114	0.00286	0.00201	0.00229	0.00401
4	0.00790	0.00779	0.01015	0.01943	0.00928	0.04778	0.00725	0.00913	0.03997	0.00909	0.01978	0.00997	0.00640	0.05902	0.07507	0.00199	0.65081	0.00345	0.00181	0.00393
5	0.00926	0.57690	0.11488	0.00726	0.01040	0.03249	0.05169	0.01090	0.00766	0.03786	0.00734	0.00833	0.03946	0.00506	0.05660	0.00122	0.01358	0.00262	0.00179	0.00469
6	0.10738	0.01508	0.31700	0.02998	0.02698	0.28613	0.08091	0.02687	0.03097	0.01158	0.00673	0.00819	0.00522	0.00371	0.00340	0.00110	0.00540	0.01468	0.01391	0.00479
7	0.00448	0.00325	0.00423	0.00499	0.00530	0.00300	0.00336	0.00516	0.00720	0.00951	0.03514	0.78406	0.09429	0.01125	0.00465	0.00146	0.00210	0.01015	0.00342	0.00300
8	0.00512	0.00375	0.00482	0.00466	0.00554	0.00345	0.00352	0.00673	0.00997	0.01387	0.69456	0.06313	0.11018	0.00797	0.00438	0.00120	0.00184	0.04794	0.00392	0.00341
9	0.89687	0.00710	0.00540	0.00483	0.00710	0.00824	0.00398	0.01080	0.00625	0.01648	0.00511	0.00597	0.00398	0.00341	0.00227	0.00114	0.00284	0.00199	0.00227	0.00398
10	0.00737	0.01900	0.85189	0.01047	0.01590	0.00853	0.01357	0.01163	0.00775	0.01163	0.00659	0.00775	0.00465	0.00349	0.00349	0.00116	0.00543	0.00271	0.00155	0.00543
11	0.00506	0.00375	0.00472	0.00448	0.00540	0.00341	0.00336	0.00667	0.01008	0.01397	0.71868	0.02868	0.16252	0.00779	0.00433	0.00117	0.00175	0.00682	0.00394	0.00341
12	0.00434	0.00372	0.00372	0.00372	0.00496	0.00310	0.00279	0.00527	0.00837	0.00992	0.03721	0.03535	0.84652	0.00930	0.00434	0.00124	0.00186	0.00775	0.00341	0.00310
13	0.00752	0.00697	0.01151	0.71832	0.12874	0.00837	0.01019	0.04602	0.00791	0.01032	0.00668	0.00966	0.00507	0.00365	0.00367	0.00120	0.00479	0.00327	0.00175	0.00440
14	0.00435	0.00368	0.00377	0.00384	0.00499	0.00309	0.00284	0.00526	0.00826	0.00988	0.03577	0.10599	0.77681	0.00949	0.00437	0.00126	0.00188	0.00798	0.00341	0.00309
15	0.01021	0.31894	0.26075	0.00841	0.01187	0.15921	0.00863	0.09540	0.04993	0.02039	0.00659	0.00735	0.00522	0.00365	0.00324	0.00100	0.01965	0.00254	0.00197	0.00506
16	0.44230	0.00789	0.00812	0.02249	0.08419	0.07640	0.03184	0.02799	0.00805	0.20805	0.00787	0.00843	0.00573	0.00477	0.04054	0.00133	0.00382	0.00274	0.00272	0.00474
17	0.00977	0.84249	0.02946	0.00671	0.02897	0.01432	0.00649	0.01101	0.00749	0.00876	0.00517	0.00599	0.00474	0.00315	0.00240	0.00080	0.00396	0.00200	0.00158	0.00475
18	0.00831	0.00807	0.01424	0.17475	0.53545	0.00828	0.11033	0.01054	0.00812	0.01130	0.00786	0.07139	0.00695	0.00392	0.00380	0.00116	0.00452	0.00392	0.00190	0.00519
19	0.01485	0.00597	0.00799	0.00627	0.00885	0.00524	0.00513	0.01653	0.03327	0.72202	0.07517	0.01447	0.04177	0.00494	0.00374	0.00114	0.00295	0.00406	0.01976	0.00587
20	0.00915	0.00786	0.00827	0.00741	0.00949	0.00905	0.00577	0.04080	0.80022	0.01544	0.01530	0.01408	0.03047	0.00507	0.00375	0.00124	0.00291	0.00421	0.00373	0.00576
21	0.00465	0.00378	0.00386	0.00381	0.00508	0.00316	0.00287	0.00561	0.00848	0.02956	0.05842	0.03460	0.80527	0.00914	0.00433	0.00124	0.00189	0.00763	0.00345	0.00318
22	0.00867	0.00991	0.02167	0.01548	0.01920	0.00929	0.83467	0.01176	0.00867	0.01176	0.00743	0.00991	0.00557	0.00310	0.00433	0.00124	0.00619	0.00433	0.00186	0.00495
23	0.00520	0.00375	0.00491	0.00462	0.00549	0.00347	0.00347	0.00693	0.01040	0.01473	0.84608	0.02743	0.03465	0.00751	0.00433	0.00116	0.00173	0.00664	0.00404	0.00347
24	0.00525	0.00394	0.00590	0.00590	0.00656	0.00459	0.00459	0.00656	0.00590	0.00853	0.00984	0.01443	0.00918	0.02755	0.85637	0.00590	0.00984	0.00394	0.00197	0.00328
25	0.00737	0.01900	0.85189	0.01047	0.01590	0.00853	0.01357	0.01163	0.00775	0.01163	0.00659	0.00775	0.00465	0.00349	0.00349	0.00116	0.00543	0.00271	0.00155	0.00543
26	0.00737	0.01900	0.85189	0.01047	0.01590	0.00853	0.01357	0.01163	0.00775	0.01163	0.00659	0.00775	0.00465	0.00349	0.00349	0.00116	0.00543	0.00271	0.00155	0.00543
27	0.00914	0.00789	0.00830	0.00747	0.00955	0.00914	0.00581	0.01952	0.84138	0.01536	0.01495	0.01370	0.01121	0.00498	0.00374	0.00125	0.00291	0.00415	0.00374	0.00581
28	0.03108	0.00804	0.00954	0.00735	0.01021	0.00812	0.00606	0.37004	0.03236	0.46008	0.01189	0.01082	0.00782	0.00448	0.00366	0.00112	0.00351	0.00351	0.00411	0.00620
29	0.89687	0.00710	0.00540	0.00483	0.00710	0.00824	0.00398	0.01080	0.00625	0.01648	0.00511	0.00597	0.00398	0.00341	0.00227	0.00114	0.00284	0.00199	0.00227	0.00398
30	0.00499	0.00363	0.00472	0.00482	0.00553	0.00336	0.00355	0.00638	0.00925	0.01277	0.52595	0.25564	0.08080	0.00885	0.00447	0.00128	0.00194	0.05495	0.00380	0.00331
31	0.04183	0.00808	0.03674	0.08551	0.07130	0.00866	0.04301	0.04327	0.51251	0.05122	0.01255	0.01309	0.00959	0.00468	0.00372	0.00123	0.00346	0.03106	0.01303	0.00547
32	0.00518	0.00383	0.00503	0.00469	0.00562	0.00351	0.01419	0.00687	0.01022	0.01432	0.77277	0.02782	0.09694	0.00759	0.00433	0.00116	0.00180	0.00670	0.00397	0.00346
33	0.85358	0.00761	0.00564	0.00506	0.00731	0.04980	0.00413	0.01099	0.00645	0.01611	0.00514	0.00600	0.00401	0.00343	0.00232	0.00113	0.00303	0.00201	0.00225	0.00399
34	0.00982	0.87313	0.01925	0.00628	0.00943	0.01453	0.00628	0.01100	0.00746	0.00864	0.00511	0.00589	0.00471	0.00314	0.00236	0.00079	0.00393	0.00196	0.00157	0.00471
35	0.00764	0.00660	0.00799	0.04087	0.03652	0.00515	0.00481	0.00932	0.00763	0.01186	0.00654	0.00775	0.00543	0.00278	0.00279	0.00059	0.00286	0.00226	0.00214	0.82847
36	0.00530	0.00378	0.00490	0.00461	0.00551	0.00347	0.00346	0.00700	0.01032	0.02466	0.80307	0.02758	0.06740	0.00755	0.00432	0.00116	0.00175	0.00665	0.00402	0.00348
37	0.00573	0.00536	0.07799	0.00683	0.05670	0.00430	0.01928	0.00727	0.03439	0.03973	0.06399	0.51776	0.07572	0.02034	0.02659	0.00152	0.00288	0.02681	0.00316	0.00364
38	0.00714	0.00665	0.01099	0.78863	0.04918	0.00809	0.00994	0.02231	0.00754	0.00978	0.00658	0.00967	0.00497	0.00363	0.00363	0.00119	0.00478	0.00322	0.00169	0.04038
39	0.00921	0.00774	0.00824	0.00738	0.00939	0.00886	0.00573	0.09240	0.70203	0.01561	0.01480	0.07948	0.01177	0.00544	0.00381	0.00125	0.00295	0.00456	0.00371	0.00563
40	0.77784	0.00701	0.00583	0.00520	0.00717	0.00827	0.00424	0.01036	0.00615	0.01537	0.00541	0.00703	0.00451	0.04619	0.00391	0.00130	0.07588	0.00226	0.00221	0.00390
41	0.00900	0.00887	0.03784	0.02053	0.70357	0.00864	0.05969	0.01122	0.00830	0.02629	0.00739	0.01017	0.00629	0.00363	0.00403	0.00114	0.03605	0.02984	0.00190	0.00562
42	0.00765	0.00664	0.00807	0.00576	0.00904	0.00504	0.03120	0.00933	0.00765	0.01196	0.00656	0.00769	0.00544	0.00273	0.00277	0.00057	0.00283	0.00225	0.00217	0.86465
43	0.00447	0.00320	0.00426	0.00511	0.00533	0.00298	0.00341	0.00511	0.00703	0.00938	0.02024	0.86853	0.02429	0.01151	0.00469	0.00149	0.00213	0.01044	0.00341	0.00298
44	0.01326	0.00953	0.01021	0.00791	0.01063	0.01049	0.00651	0.74011	0.01620	0.03274	0.00922	0.00937	0.00661	0.00440	0.00356	0.00108	0.00379	0.00332	0.09512	0.00596
45	0.00539	0.00380	0.00497	0.00465	0.00555	0.00350	0.00350	0.00712	0.01040	0.02915	0.83173	0.02718	0.03421	0.00746	0.00432	0.00115	0.00176	0.00659	0.00405	0.00351
46	0.00737	0.01900	0.85189	0.01047	0.01590	0.00853	0.01357	0.01163	0.00775	0.01163	0.00659	0.00775	0.00465	0.00349	0.00349	0.00116	0.00543	0.00271	0.00155	0.00543
47	0.00447	0.00320	0.00426	0.00511	0.00533	0.00298	0.00341	0.00511	0.00703	0.00938	0.02024	0.86853	0.02429	0.01151	0.00469	0.00149	0.00213	0.01044	0.00341	0.00298
48	0.89687	0.00710	0.00540	0.00483	0.00710	0.00824	0.00398	0.01080	0.00625	0.01648	0.00511	0.00597	0.00398	0.00341	0.00227	0.00114	0.00284	0.00199	0.00227	0.00398
49	0.00762	0.00653	0.00762	0.00544	0.00870	0.00490	0.00435	0.00925	0.00762	0.01197	0.00653	0.00762	0.00544	0.00272	0.00272	0.00054	0.00272	0.00218	0.00218	0.89338
50	0.89687	0.00710	0.00540	0.00483	0.00710	0.00824	0.00398	0.01080	0.00625	0.01648	0.00511	0.00597	0.00398	0.00341	0.00227	0.00114	0.00284	0.00199	0.00227	0.00398
51	0.00457	0.00327	0.00436	0.00519	0.00547	0.00307	0.00356	0.00528	0.00715	0.00949	0.02051	0.79914	0.03962	0.01138	0.00471	0.00150	0.00221	0.06311	0.00341	0.00301
52	0.00604	0.00418	0.00554	0.00610	0.00683	0.00416	0.00492	0.04342	0.00823	0.02533	0.01833	0.26060	0.02027	0.08008	0.00594	0.00174	0.00305	0.47179	0.02011	0.00336
53	0.15237	0.04697	0.42812	0.00902	0.01292	0.14898	0.01823	0.11079	0.01790	0.01328	0.00651	0.00742	0.00483	0.00363	0.00326	0.00110	0.00497	0.00262	0.00200	0.00507
54	0.04899	0.01258	0.00963	0.00903	0.04734	0.40948	0.00665	0.06651	0.32635	0.01273	0.00942	0.00953	0.00730	0.00424	0.00347	0.00108	0.00479	0.00313	0.00272	0.00503
55	0.00434	0.00372	0.00372	0.00372	0.00496	0.00310	0.00279	0.00527	0.00837	0.00992	0.03721	0.03535	0.84652	0.00930	0.00434	0.00124	0.00186	0.00775	0.00341	0.00310
56	0.00525	0.00386	0.00554	0.00553	0.00610	0.00435	0.00416	0.00639	0.00613	0.00873	0.06432	0.02743	0.01163	0.14866	0.66874	0.00520	0.00830	0.00440	0.00216	0.00313
57	0.00982	0.87313	0.01925	0.00628	0.00943	0.01453	0.00628	0.01100	0.00746	0.00864	0.00511	0.00589	0.00471	0.00314	0.00236	0.00079	0.00393	0.00196	0.00157	0.00471
58	0.89687	0.00710	0.00540	0.00483	0.00710	0.00824	0.00398	0.01080	0.00625	0.01648	0.00511	0.00597	0.00398	0.00341	0.00227	0.00114	0.00284	0.00199	0.00227	0.00398
59	0.00461	0.00393	0.00400	0.00394	0.00521	0.00341	0.00297	0.00604	0.04929	0.01040	0.07174	0.03394	0.76983	0.00901	0.00431	0.00124	0.00191	0.00753	0.00345	0.00325
60	0.00867	0.00991	0.02167	0.01548	0.01920	0.00929	0.83467	0.01176	0.00867	0.01176	0.00743	0.00991	0.00557	0.00310	0.00433	0.00124	0.00619	0.00433	0.00186	0.00495
61	0.00694	0.00653	0.01102	0.86210	0.02530	0.00816	0.01020	0.00938	0.00734	0.00938	0.00653	0.00979	0.00490	0.00367	0.00367	0.00122	0.00490	0.00326	0.00163	0.00408
62	0.00790	0.00669	0.00777	0.00557	0.00882	0.00518	0.00447	0.04565	0.00804	0.01246	0.00663	0.00767	0.00548	0.00279	0.00276	0.00057	0.00278	0.00223	0.00224	0.85431
63	0.00447	0.00320	0.00426	0.00511	0.00533	0.00298	0.00341	0.00511	0.00703	0.00938	0.02024	0.86853	0.02429	0.01151	0.00469	0.00149	0.00213	0.01044	0.00341	0.00298
64	0.00851	0.00938	0.11618	0.24795	0.44133	0.00848	0.06513	0.01105	0.00810	0.03870	0.00705	0.00928	0.00552	0.00344	0.00368	0.00115	0.00472	0.00329	0.00183	0.00526
65	0.08101	0.14608	0.04604	0.00877	0.07746	0.02810	0.05139	0.16870	0.06455	0.27748	0.00973	0.00960	0.00687	0.00400	0.00338	0.00108	0.00383	0.00318	0.00314	0.00562
66	0.00438	0.00372	0.00377	0.00376	0.00498	0.00312	0.00282	0.00534	0.00846	0.01013	0.07283	0.03500	0.81077	0.00922	0.00434	0.00124	0.00185	0.00770	0.00344	0.00312
67	0.01088	0.00819	0.01265	0.07323	0.15953	0.00844	0.16615	0.21557	0.01056	0.15713	0.00925	0.01134	0.00714	0.05518	0.03630	0.00149	0.03240	0.01647	0.00278	0.00531
68	0.00830	0.17833	0.48501	0.02046	0.05583	0.05287	0.01878	0.03184	0.00809	0.02225	0.00761	0.08050	0.00650	0.00414	0.00339	0.00110	0.00481	0.00329	0.00184	0.00505
69	0.00823	0.06319	0.05903	0.01987	0.22910	0.02345	0.10167	0.03286	0.02552	0.06909	0.06860	0.17173	0.03897	0.00588	0.00409	0.00122	0.01531	0.05482	0.00266	0.00468
70	0.01318	0.00951	0.01054	0.00871	0.04500	0.01044	0.00684	0.60473	0.15035	0.08695	0.01019	0.00991	0.00726	0.00447	0.00368	0.00113	0.00380	0.00347	0.00368	0.00616
71	0.11484	0.06658	0.06448	0.01514	0.31253	0.10962	0.24156	0.01176	0.00835	0.01187	0.00656	0.00837	0.00526	0.00330	0.00354	0.00111	0.00500	0.00319	0.00186	0.00508
72	0.03892	0.05277	0.04542	0.00829	0.01130	0.01127	0.00709	0.71310	0.04111	0.02154	0.00862	0.00870	0.00619	0.00430	0.00356	0.00109	0.00402	0.00320	0.00345	0.00606
73	0.00435	0.00370	0.00374	0.00377	0.00497	0.00310	0.00281	0.00527	0.00832	0.00990	0.03658	0.06597	0.81631	0.00938	0.00435	0.00125	0.00187	0.00785	0.00341	0.00310
74	0.00526	0.00390	0.00573	0.00573	0.00633	0.00450	0.00438	0.00645	0.00585	0.00840	0.00999	0.01529	0.00956	0.10322	0.78120	0.00569	0.00927	0.00406	0.00199	0.00318
75	0.00434	0.00372	0.00372	0.00372	0.00496	0.00310	0.00279	0.00527	0.00837	0.00992	0.03721	0.03535	0.84652	0.00930	0.00434	0.00124	0.00186	0.00775	0.00341	0.00310
76	0.00762	0.00653	0.00762	0.00544	0.00870	0.00490	0.00435	0.00925	0.00762	0.01197	0.00653	0.00762	0.00544	0.00272	0.00272	0.00054	0.00272	0.00218	0.00218	0.89338
77	0.00719	0.00693	0.01099	0.83076	0.02478	0.03932	0.01009	0.00958	0.00746	0.00937	0.00650	0.00968	0.00489	0.00368	0.00366	0.00121	0.00496	0.00323	0.00164	0.00409
78	0.89687	0.00710	0.00540	0.00483	0.00710	0.00824	0.00398	0.01080	0.00625	0.01648	0.00511	0.00597	0.00398	0.00341	0.00227	0.00114	0.00284	0.00199	0.00227	0.00398
79	0.00471	0.00389	0.00416	0.00413	0.00532	0.00341	0.00315	0.00611	0.03563	0.01091	0.16303	0.03370	0.65117	0.00892	0.00436	0.00125	0.00195	0.04743	0.00352	0.00326
80	0.01251	0.25958	0.07600	0.00760	0.01040	0.22225	0.00677	0.07098	0.00967	0.23897	0.00838	0.00859	0.00621	0.00487	0.04075	0.00120	0.00477	0.00277	0.00262	0.00511
81	0.00930	0.00575	0.00685	0.00604	0.00781	0.00580	0.00472	0.02147	0.27656	0.22667	0.22280	0.07067	0.09303	0.00636	0.00401	0.00122	0.00255	0.01954	0.00396	0.00489
82	0.00851	0.12513	0.05147	0.00743	0.05105	0.03759	0.05697	0.01030	0.00789	0.03505	0.00661	0.00771	0.00541	0.00295	0.00290	0.00071	0.00346	0.00241	0.00208	0.57437
83	0.01568	0.00664	0.00868	0.00664	0.00949	0.00596	0.00548	0.10070	0.01103	0.71569	0.01349	0.01190	0.00863	0.00444	0.00363	0.00110	0.00318	0.00358	0.01437	0.04970
84	0.00447	0.00320	0.00426	0.00511	0.00533	0.00298	0.00341	0.00511	0.00703	0.00938	0.02024	0.86853	0.02429	0.01151	0.00469	0.00149	0.00213	0.01044	0.00341	0.00298
85	0.01110	0.58478	0.02569	0.00717	0.01013	0.12436	0.00661	0.17071	0.00975	0.01152	0.00591	0.00657	0.00501	0.00347	0.00275	0.00087	0.00432	0.00228	0.00202	0.00496
86	0.00708	0.00666	0.01116	0.80689	0.06462	0.00820	0.01018	0.00965	0.02184	0.00961	0.00669	0.00983	0.00505	0.00368	0.00367	0.00122	0.00484	0.00328	0.00168	0.00419
87	0.02025	0.02829	0.21016	0.01076	0.12525	0.07120	0.04148	0.18561	0.20771	0.02995	0.02703	0.01002	0.00745	0.00411	0.00361	0.00114	0.00434	0.00337	0.00270	0.00558
88	0.00745	0.00608	0.00921	0.09049	0.30477	0.00611	0.00700	0.02015	0.00858	0.06625	0.13966	0.09374	0.17183	0.02164	0.00450	0.00124	0.02874	0.00533	0.00278	0.00445
89	0.02508	0.04036	0.05611	0.01785	0.50143	0.01685	0.17334	0.03911	0.01592	0.02800	0.00776	0.04729	0.00657	0.00369	0.00374	0.00113	0.00461	0.00371	0.00201	0.00544
90	0.00617	0.00333	0.00499	0.00499	0.00511	0.00345	0.00345	0.00511	0.00499	0.00678	0.00702	0.01177	0.00690	0.01550	0.17062	0.72848	0.00442	0.00333	0.00166	0.00191
91	0.02125	0.48200	0.14493	0.00803	0.01886	0.02632	0.06672	0.01121	0.02198	0.04022	0.00626	0.00748	0.00527	0.00473	0.04537	0.00122	0.07011	0.00256	0.00178	0.01369
92	0.00534	0.00357	0.00404	0.00404	0.00405	0.00358	0.00227	0.00536	0.00535	0.00715	0.01154	0.02387	0.01328	0.85642	0.03310	0.00360	0.00367	0.00532	0.00222	0.00224
93	0.00919	0.04209	0.06420	0.08907	0.18277	0.07836	0.00786	0.05087	0.35571	0.01342	0.06034	0.01175	0.00952	0.00438	0.00364	0.00115	0.00387	0.00368	0.00279	0.00534
94	0.00821	0.00688	0.00793	0.00572	0.00895	0.00550	0.00460	0.08616	0.00851	0.01301	0.00674	0.00773	0.00551	0.00288	0.00281	0.00060	0.00284	0.00228	0.00232	0.81083
95	0.21538	0.00778	0.00721	0.00637	0.00836	0.09102	0.00500	0.09219	0.22291	0.10301	0.03733	0.07404	0.06526	0.00520	0.00342	0.00116	0.00318	0.00408	0.04235	0.00476

[dist]
# distance from previous block
# <min> <max>
1	75

[block]
# block no. 2 follows, 75 sequences, length 21
# corresponding to MSA columns:
# 500-520
name=unknown_C
#
# <colnr> <probs for GDERKNQSTAVLIFYWHMCP>
#	G	D	E	R	K	N	Q	S	T	A	V	L	I	F	Y	W	H	M	C	P
0	0.02079	0.00863	0.04022	0.07812	0.54434	0.01901	0.04005	0.08014	0.00926	0.02554	0.09026	0.01090	0.00861	0.00384	0.00371	0.00111	0.00420	0.00361	0.00222	0.00542
1	0.00619	0.00550	0.01993	0.00543	0.02212	0.08810	0.00407	0.00777	0.01002	0.02558	0.60056	0.02565	0.15068	0.00721	0.00420	0.00115	0.00237	0.00621	0.00366	0.00361
2	0.80875	0.00828	0.08926	0.00539	0.00797	0.00827	0.00493	0.01088	0.00640	0.01600	0.00526	0.00614	0.00404	0.00342	0.00239	0.00114	0.00310	0.00206	0.00220	0.00412
3	0.00957	0.72434	0.07966	0.00671	0.00992	0.01355	0.00678	0.01189	0.09010	0.00953	0.00619	0.00680	0.00535	0.00335	0.00258	0.00086	0.00394	0.00224	0.00178	0.00488
4	0.00795	0.00743	0.01017	0.00882	0.00915	0.00995	0.00728	0.06948	0.00676	0.01011	0.03345	0.03878	0.00725	0.00864	0.09446	0.00198	0.64484	0.01747	0.00196	0.00405
5	0.00448	0.00359	0.00401	0.00418	0.00512	0.00312	0.00303	0.00544	0.00829	0.01039	0.13442	0.24325	0.53853	0.00963	0.00443	0.00129	0.00191	0.00829	0.00349	0.00312
6	0.01207	0.01001	0.03834	0.00916	0.07254	0.09347	0.00700	0.32334	0.27768	0.10132	0.01082	0.01051	0.00788	0.00443	0.00365	0.00114	0.00391	0.00350	0.00340	0.00585
7	0.83119	0.00706	0.00556	0.00487	0.00722	0.00799	0.00401	0.01068	0.00635	0.01615	0.00522	0.00609	0.00409	0.00336	0.00231	0.00109	0.00283	0.00200	0.00227	0.06966
8	0.89687	0.00710	0.00540	0.00483	0.00710	0.00824	0.00398	0.01080	0.00625	0.01648	0.00511	0.00597	0.00398	0.00341	0.00227	0.00114	0.00284	0.00199	0.00227	0.00398
9	0.00982	0.87313	0.01925	0.00628	0.00943	0.01453	0.00628	0.01100	0.00746	0.00864	0.00511	0.00589	0.00471	0.00314	0.00236	0.00079	0.00393	0.00196	0.00157	0.00471
10	0.00469	0.00373	0.00416	0.00408	0.00514	0.00326	0.00304	0.00585	0.00890	0.01137	0.29609	0.03244	0.53548	0.04453	0.00495	0.00132	0.00192	0.02231	0.00356	0.00319
11	0.00546	0.00354	0.00441	0.00441	0.00464	0.00356	0.00283	0.00537	0.00563	0.00745	0.01301	0.02105	0.10426	0.46382	0.12909	0.20792	0.00413	0.00493	0.00218	0.00232
12	0.83753	0.00705	0.00561	0.00494	0.00726	0.00805	0.00407	0.01127	0.00654	0.07270	0.00575	0.00641	0.00432	0.00349	0.00237	0.00114	0.00286	0.00210	0.00243	0.00413
13	0.04074	0.00779	0.00838	0.00754	0.03963	0.02220	0.00569	0.27868	0.29419	0.01629	0.04805	0.01579	0.06676	0.09106	0.00526	0.00143	0.00335	0.03865	0.00339	0.00513
14	0.00510	0.00375	0.00477	0.00452	0.00543	0.00342	0.00339	0.00674	0.01017	0.01418	0.75432	0.02833	0.12675	0.00771	0.00433	0.00116	0.00175	0.00677	0.00397	0.00342
15	0.00658	0.03480	0.02027	0.00871	0.11779	0.01784	0.06663	0.00777	0.00651	0.00909	0.03202	0.01511	0.00955	0.23175	0.31280	0.01370	0.07933	0.00413	0.00201	0.00361
16	0.00737	0.01900	0.85189	0.01047	0.01590	0.00853	0.01357	0.01163	0.00775	0.01163	0.00659	0.00775	0.00465	0.00349	0.00349	0.00116	0.00543	0.00271	0.00155	0.00543
17	0.01372	0.01750	0.01041	0.00946	0.01135	0.85618	0.00710	0.01467	0.01041	0.00899	0.00568	0.00662	0.00473	0.00378	0.00331	0.00095	0.00662	0.00237	0.00189	0.00426
18	0.01265	0.01108	0.09387	0.00853	0.01154	0.05034	0.00745	0.58628	0.13330	0.03340	0.00941	0.00936	0.00677	0.00437	0.00365	0.00112	0.00412	0.00333	0.00340	0.00601
19	0.00458	0.00324	0.00423	0.00498	0.00516	0.00305	0.00326	0.00514	0.00682	0.00910	0.01917	0.76360	0.02293	0.11829	0.00643	0.00175	0.00231	0.00981	0.00326	0.00289
20	0.00471	0.00354	0.00434	0.00466	0.00534	0.00321	0.00334	0.00572	0.00820	0.01077	0.21581	0.37038	0.25355	0.03964	0.00501	0.00143	0.00208	0.05163	0.00351	0.00312

[dist]
# distance from previous block
# <min> <max>
0	1

[block]
# block no. 3 follows, 75 sequences, length 12
# corresponding to MSA columns:
# 522-533
name=unknown_D
#
# <colnr> <probs for GDERKNQSTAVLIFYWHMCP>
#	G	D	E	R	K	N	Q	S	T	A	V	L	I	F	Y	W	H	M	C	P
0	0.00996	0.27152	0.15823	0.05696	0.05853	0.17622	0.00794	0.05419	0.05129	0.03881	0.06278	0.00944	0.02143	0.00396	0.00323	0.00101	0.00454	0.00296	0.00216	0.00485
1	0.00765	0.00752	0.01050	0.00916	0.00918	0.01036	0.00754	0.00844	0.00578	0.00890	0.00648	0.10039	0.00691	0.00697	0.01126	0.00159	0.77168	0.00399	0.00180	0.00391
2	0.00922	0.00903	0.01398	0.13622	0.65978	0.06294	0.01074	0.03303	0.00859	0.01174	0.00683	0.00902	0.00563	0.00339	0.00362	0.00110	0.00457	0.00321	0.00185	0.00549
3	0.00447	0.00369	0.00394	0.00402	0.00512	0.00315	0.00300	0.00547	0.00841	0.01030	0.10104	0.11393	0.67625	0.00939	0.00440	0.00127	0.00192	0.03364	0.00346	0.00313
4	0.00508	0.00366	0.00493	0.00572	0.00627	0.00352	0.00443	0.00618	0.00772	0.01009	0.02097	0.46720	0.07463	0.01079	0.00483	0.00156	0.00264	0.35322	0.00340	0.00316
5	0.00480	0.00342	0.00450	0.00501	0.00540	0.00322	0.00348	0.00573	0.00782	0.01063	0.22390	0.54894	0.02586	0.07429	0.00566	0.00157	0.00221	0.05701	0.00348	0.00307
6	0.04221	0.00819	0.00909	0.00678	0.00987	0.07954	0.05709	0.11511	0.00910	0.01329	0.00675	0.00777	0.00544	0.00308	0.00298	0.00072	0.00345	0.00246	0.00233	0.61478
7	0.00762	0.00653	0.00762	0.00544	0.00870	0.00490	0.00435	0.00925	0.00762	0.01197	0.00653	0.00762	0.00544	0.00272	0.00272	0.00054	0.00272	0.00218	0.00218	0.89338
8	0.00773	0.04624	0.01204	0.54069	0.23326	0.03650	0.00988	0.00991	0.00770	0.01000	0.00718	0.04968	0.00603	0.00392	0.00364	0.00117	0.00464	0.00352	0.00177	0.00451
9	0.07876	0.04723	0.00895	0.00711	0.04673	0.00645	0.00555	0.07292	0.01025	0.59524	0.02632	0.03999	0.00910	0.00460	0.00354	0.00112	0.00318	0.00371	0.02347	0.00578
10	0.00755	0.00598	0.00919	0.43912	0.04256	0.00692	0.00793	0.04792	0.00807	0.07284	0.01106	0.16236	0.01058	0.00602	0.00444	0.00133	0.04769	0.10185	0.00246	0.00412
11	0.89687	0.00710	0.00540	0.00483	0.00710	0.00824	0.00398	0.01080	0.00625	0.01648	0.00511	0.00597	0.00398	0.00341	0.00227	0.00114	0.00284	0.00199	0.00227	0.00398

[dist]
# distance from previous block
# <min> <max>
0	1

[block]
# block no. 4 follows, 75 sequences, length 103
# corresponding to MSA columns:
# 535-637
name=unknown_E
#
# <colnr> <probs for GDERKNQSTAVLIFYWHMCP>
#	G	D	E	R	K	N	Q	S	T	A	V	L	I	F	Y	W	H	M	C	P
0	0.00869	0.00787	0.03273	0.00855	0.07812	0.00854	0.00626	0.01739	0.67204	0.01474	0.06244	0.04354	0.01239	0.00517	0.00379	0.00123	0.00300	0.00440	0.00352	0.00557
1	0.00453	0.00371	0.00399	0.00396	0.00509	0.00317	0.00296	0.00562	0.00876	0.01093	0.21032	0.06249	0.64372	0.00899	0.00435	0.00123	0.00184	0.00761	0.00355	0.00317
2	0.00917	0.00786	0.00870	0.00838	0.06411	0.00894	0.00611	0.05843	0.70715	0.01540	0.03808	0.02953	0.01153	0.00504	0.00376	0.00123	0.00301	0.00424	0.00361	0.00571
3	0.00792	0.00647	0.00948	0.16638	0.15922	0.00745	0.00714	0.10705	0.00766	0.01057	0.00735	0.01125	0.00664	0.08549	0.08873	0.16696	0.13483	0.00350	0.00198	0.00394
4	0.00438	0.00370	0.00381	0.00385	0.00502	0.00313	0.00287	0.00531	0.00828	0.00993	0.04603	0.07375	0.77891	0.00979	0.02356	0.00136	0.00205	0.00778	0.00339	0.00310
5	0.01528	0.00643	0.00840	0.00652	0.00923	0.01579	0.00535	0.04857	0.03071	0.71853	0.06476	0.01312	0.01046	0.00468	0.00371	0.00112	0.00310	0.00382	0.00438	0.02605
6	0.06147	0.06778	0.44470	0.00882	0.03160	0.00844	0.00970	0.09526	0.03025	0.03198	0.00703	0.00790	0.00522	0.00347	0.00323	0.00101	0.00439	0.00265	0.00206	0.17302
7	0.01103	0.02570	0.08223	0.01526	0.42913	0.06166	0.02824	0.04396	0.00922	0.20216	0.00855	0.00947	0.00637	0.00362	0.00357	0.00107	0.00426	0.00321	0.00250	0.04878
8	0.89687	0.00710	0.00540	0.00483	0.00710	0.00824	0.00398	0.01080	0.00625	0.01648	0.00511	0.00597	0.00398	0.00341	0.00227	0.00114	0.00284	0.00199	0.00227	0.00398
9	0.01146	0.09908	0.21980	0.00945	0.03154	0.04198	0.06073	0.41023	0.02665	0.04227	0.00792	0.00845	0.00576	0.00394	0.00353	0.00109	0.00456	0.00308	0.00274	0.00572
10	0.00525	0.00392	0.00582	0.00582	0.00645	0.00455	0.00449	0.00651	0.00588	0.00847	0.00991	0.01484	0.00936	0.06388	0.82028	0.00580	0.00957	0.00400	0.00198	0.00323
11	0.01017	0.00873	0.00924	0.00887	0.07697	0.07069	0.00644	0.08539	0.57597	0.05810	0.01312	0.01246	0.01872	0.00477	0.00388	0.00120	0.02229	0.00388	0.00344	0.00569
12	0.00504	0.00368	0.00474	0.00461	0.00543	0.00338	0.00341	0.00658	0.00982	0.01369	0.68137	0.13152	0.09674	0.00814	0.00438	0.00120	0.00179	0.00720	0.00392	0.00338
13	0.00943	0.42736	0.21665	0.00833	0.04264	0.04030	0.04132	0.01184	0.03822	0.06698	0.05925	0.00872	0.00718	0.00369	0.00305	0.00097	0.00426	0.00279	0.00203	0.00499
14	0.00879	0.44220	0.37491	0.00849	0.01260	0.01152	0.04382	0.01158	0.02647	0.02031	0.00617	0.00711	0.00492	0.00335	0.00297	0.00098	0.00463	0.00245	0.00166	0.00507
15	0.00787	0.01882	0.02124	0.01250	0.34325	0.03350	0.00727	0.01123	0.15608	0.01282	0.18777	0.01606	0.09331	0.00503	0.00378	0.00111	0.00329	0.00445	0.00280	0.05783
16	0.00475	0.00364	0.00435	0.00438	0.00526	0.00324	0.00321	0.00598	0.00903	0.01197	0.39514	0.18451	0.33345	0.00891	0.00440	0.00125	0.00185	0.00775	0.00369	0.00324
17	0.00463	0.00333	0.00445	0.00524	0.00556	0.00315	0.00365	0.00539	0.00716	0.00951	0.02035	0.73855	0.04974	0.01187	0.03419	0.00165	0.00250	0.08267	0.00336	0.00303
18	0.00748	0.03805	0.73192	0.07207	0.04019	0.00866	0.01295	0.01159	0.02292	0.01148	0.00671	0.00800	0.00482	0.00352	0.00348	0.00116	0.00528	0.00278	0.00160	0.00533
19	0.00594	0.00464	0.00552	0.00533	0.00642	0.00469	0.00402	0.00942	0.19910	0.01357	0.43949	0.13779	0.10484	0.00773	0.00427	0.00125	0.00213	0.03616	0.00380	0.00390
20	0.00740	0.02961	0.75555	0.01092	0.06809	0.00842	0.01292	0.01136	0.00781	0.01155	0.00774	0.00885	0.03629	0.00369	0.00351	0.00116	0.00521	0.00293	0.00164	0.00536
21	0.00632	0.00511	0.00480	0.00468	0.00494	0.08854	0.00284	0.00680	0.03719	0.00762	0.01111	0.02192	0.01242	0.75225	0.01660	0.00321	0.00384	0.00500	0.00225	0.00256
22	0.00971	0.39417	0.23483	0.00935	0.04378	0.14015	0.08437	0.02598	0.00830	0.01013	0.00592	0.00703	0.00485	0.00335	0.00305	0.00097	0.00495	0.00251	0.00169	0.00492
23	0.79806	0.04679	0.00649	0.00558	0.03151	0.04033	0.00441	0.01096	0.00652	0.01571	0.00519	0.00608	0.00409	0.00341	0.00235	0.00111	0.00308	0.00204	0.00221	0.00407
24	0.09822	0.00876	0.06238	0.01697	0.52907	0.01754	0.06763	0.01107	0.01996	0.02714	0.09799	0.01084	0.00879	0.00380	0.00361	0.00112	0.00410	0.00356	0.00217	0.00528
25	0.00872	0.00898	0.07327	0.01744	0.56246	0.00846	0.00982	0.01270	0.17857	0.01284	0.06262	0.01112	0.00869	0.00391	0.00369	0.00113	0.00397	0.00363	0.00233	0.00564
26	0.00944	0.00856	0.03930	0.00934	0.06892	0.02046	0.05287	0.14572	0.35458	0.02434	0.01068	0.01167	0.00842	0.03702	0.05701	0.00162	0.12806	0.00378	0.00293	0.00527
27	0.03242	0.11495	0.30703	0.01179	0.16361	0.04880	0.06721	0.13619	0.02777	0.01316	0.00745	0.00938	0.00592	0.00381	0.00349	0.00111	0.00476	0.03369	0.00209	0.00534
28	0.00604	0.00550	0.03756	0.00681	0.00737	0.00630	0.00551	0.00715	0.00602	0.00878	0.02849	0.07027	0.00984	0.10487	0.43544	0.00393	0.24033	0.00433	0.00202	0.00344
29	0.11958	0.00802	0.00903	0.01989	0.09557	0.00866	0.00620	0.25046	0.23440	0.01645	0.01012	0.01163	0.00806	0.03436	0.00397	0.00119	0.00340	0.03670	0.01966	0.10265
30	0.00578	0.00413	0.00576	0.00661	0.00739	0.00411	0.00568	0.00737	0.00832	0.01084	0.01952	0.11969	0.02144	0.01027	0.00504	0.00167	0.00326	0.74638	0.00338	0.00334
31	0.00623	0.00437	0.00601	0.00653	0.01815	0.00450	0.00530	0.03841	0.00803	0.03019	0.01645	0.10562	0.01749	0.05913	0.17273	0.00255	0.00456	0.47759	0.01268	0.00347
32	0.00832	0.00889	0.01598	0.01229	0.01398	0.01036	0.38329	0.01017	0.00701	0.01017	0.00601	0.00889	0.00516	0.00492	0.00855	0.00144	0.47470	0.00372	0.00172	0.00444
33	0.00822	0.00754	0.04899	0.00758	0.03183	0.01585	0.02450	0.09096	0.41532	0.01427	0.07754	0.13789	0.06102	0.00624	0.00412	0.00126	0.01913	0.01932	0.00342	0.00499
34	0.00638	0.00319	0.00478	0.00478	0.00478	0.00319	0.00319	0.00478	0.00478	0.00638	0.00638	0.01116	0.00638	0.01276	0.01435	0.89314	0.00319	0.00319	0.00159	0.00159
35	0.00785	0.00667	0.00774	0.00555	0.00880	0.00514	0.00445	0.04024	0.00798	0.01239	0.00661	0.00766	0.00547	0.00278	0.00276	0.00056	0.00277	0.00222	0.00223	0.86011
36	0.00520	0.00375	0.00491	0.00462	0.00549	0.00347	0.00347	0.00693	0.01040	0.01473	0.84608	0.02743	0.03465	0.00751	0.00433	0.00116	0.00173	0.00664	0.00404	0.00347
37	0.00694	0.00653	0.01102	0.86210	0.02530	0.00816	0.01020	0.00938	0.00734	0.00938	0.00653	0.00979	0.00490	0.00367	0.00367	0.00122	0.00490	0.00326	0.00163	0.00408
38	0.00887	0.00519	0.00658	0.00589	0.02649	0.00494	0.00447	0.06022	0.07163	0.22391	0.45647	0.02166	0.07559	0.00641	0.00407	0.00116	0.00237	0.00552	0.00403	0.00453
39	0.00781	0.00652	0.00764	0.00546	0.00872	0.00491	0.00437	0.00944	0.00768	0.03038	0.00670	0.00772	0.00552	0.00276	0.00274	0.00056	0.00273	0.00221	0.00223	0.87390
40	0.00694	0.00653	0.01102	0.86210	0.02530	0.00816	0.01020	0.00938	0.00734	0.00938	0.00653	0.00979	0.00490	0.00367	0.00367	0.00122	0.00490	0.00326	0.00163	0.00408
41	0.00762	0.00653	0.00762	0.00544	0.00870	0.00490	0.00435	0.00925	0.00762	0.01197	0.00653	0.00762	0.00544	0.00272	0.00272	0.00054	0.00272	0.00218	0.00218	0.89338
42	0.00682	0.00493	0.00591	0.00535	0.00663	0.00496	0.00410	0.05655	0.15477	0.04724	0.57447	0.02340	0.05673	0.00677	0.00413	0.00116	0.00212	0.00588	0.02397	0.00412
43	0.03244	0.02251	0.00957	0.00889	0.09551	0.11564	0.00641	0.07294	0.26310	0.30423	0.02286	0.01146	0.00880	0.00443	0.00361	0.00113	0.00368	0.00357	0.00352	0.00571
44	0.00792	0.09470	0.67619	0.01049	0.01545	0.03848	0.08386	0.01169	0.00790	0.01128	0.00650	0.00773	0.00474	0.00343	0.00345	0.00113	0.00540	0.00278	0.00159	0.00528
45	0.00899	0.00872	0.01445	0.09893	0.75451	0.02728	0.01108	0.01117	0.00831	0.01169	0.00685	0.00910	0.00571	0.00332	0.00363	0.00110	0.00446	0.00325	0.00180	0.00562
46	0.00513	0.00428	0.01537	0.00669	0.03736	0.00402	0.06677	0.00611	0.00731	0.00978	0.02711	0.66322	0.06526	0.01014	0.00482	0.00145	0.02835	0.03036	0.00317	0.00331
47	0.01177	0.00873	0.03227	0.00856	0.03969	0.02800	0.05324	0.26710	0.24764	0.17212	0.02580	0.01238	0.00907	0.00466	0.00375	0.00116	0.00367	0.03440	0.00354	0.03244
48	0.01567	0.00672	0.00874	0.00670	0.00956	0.00607	0.00552	0.10412	0.02433	0.70916	0.01351	0.01189	0.00865	0.00445	0.00365	0.00111	0.00320	0.00359	0.00433	0.04905
49	0.03055	0.54943	0.02468	0.00705	0.00978	0.18900	0.00638	0.04268	0.05970	0.01009	0.03633	0.00743	0.00624	0.00360	0.00277	0.00088	0.00434	0.00241	0.00195	0.00469
50	0.00836	0.02725	0.02110	0.00958	0.07214	0.06211	0.13731	0.10109	0.04717	0.02085	0.01962	0.01205	0.00784	0.08101	0.25001	0.00275	0.10941	0.00379	0.00223	0.00434
51	0.00765	0.00665	0.00812	0.00580	0.00908	0.00505	0.03432	0.00934	0.00765	0.01196	0.00656	0.00770	0.00544	0.00273	0.00278	0.00057	0.00285	0.00225	0.00216	0.86131
52	0.00473	0.00330	0.00419	0.00479	0.00494	0.00315	0.00307	0.00518	0.00654	0.00872	0.01773	0.62388	0.02112	0.26048	0.00875	0.00209	0.00255	0.00896	0.00307	0.00276
53	0.00462	0.00340	0.00410	0.00458	0.00501	0.00313	0.00305	0.00523	0.00712	0.00922	0.04209	0.50164	0.21460	0.16607	0.00713	0.00180	0.00232	0.00880	0.00321	0.00289
54	0.00790	0.00659	0.00724	0.00658	0.00828	0.00736	0.00508	0.01557	0.58106	0.01516	0.27531	0.01800	0.01856	0.00577	0.00392	0.00122	0.00254	0.00493	0.00383	0.00508
55	0.89687	0.00710	0.00540	0.00483	0.00710	0.00824	0.00398	0.01080	0.00625	0.01648	0.00511	0.00597	0.00398	0.00341	0.00227	0.00114	0.00284	0.00199	0.00227	0.00398
56	0.00867	0.00991	0.02167	0.01548	0.01920	0.00929	0.83467	0.01176	0.00867	0.01176	0.00743	0.00991	0.00557	0.00310	0.00433	0.00124	0.00619	0.00433	0.00186	0.00495
57	0.00694	0.00653	0.01102	0.86210	0.02530	0.00816	0.01020	0.00938	0.00734	0.00938	0.00653	0.00979	0.00490	0.00367	0.00367	0.00122	0.00490	0.00326	0.00163	0.00408
58	0.00502	0.00373	0.00467	0.00447	0.00539	0.00338	0.00334	0.00656	0.00991	0.01366	0.66926	0.05923	0.18184	0.00798	0.00435	0.00118	0.00177	0.00698	0.00391	0.00338
59	0.00447	0.00320	0.00426	0.00511	0.00533	0.00298	0.00341	0.00511	0.00703	0.00938	0.02024	0.86853	0.02429	0.01151	0.00469	0.00149	0.00213	0.01044	0.00341	0.00298
60	0.00982	0.87313	0.01925	0.00628	0.00943	0.01453	0.00628	0.01100	0.00746	0.00864	0.00511	0.00589	0.00471	0.00314	0.00236	0.00079	0.00393	0.00196	0.00157	0.00471
61	0.01493	0.00798	0.00952	0.00734	0.01015	0.00804	0.00605	0.37815	0.02673	0.44850	0.03587	0.01133	0.00860	0.00458	0.00370	0.00112	0.00349	0.00361	0.00413	0.00616
62	0.00453	0.00323	0.00432	0.00517	0.00541	0.00303	0.00350	0.00520	0.00708	0.00943	0.02021	0.83868	0.02418	0.01146	0.00470	0.00150	0.00218	0.03978	0.00341	0.00300
63	0.00534	0.00357	0.00407	0.00407	0.00409	0.00360	0.00230	0.00538	0.00536	0.00717	0.01151	0.02371	0.01321	0.84272	0.04671	0.00364	0.00377	0.00529	0.00222	0.00226
64	0.00762	0.00653	0.00762	0.00544	0.00870	0.00490	0.00435	0.00925	0.00762	0.01197	0.00653	0.00762	0.00544	0.00272	0.00272	0.00054	0.00272	0.00218	0.00218	0.89338
65	0.02390	0.00564	0.00587	0.00505	0.00658	0.00600	0.00400	0.26780	0.01074	0.01673	0.03118	0.01237	0.00894	0.00438	0.00295	0.00095	0.00246	0.00344	0.57668	0.00432
66	0.00517	0.00375	0.00487	0.00459	0.00547	0.00345	0.00344	0.00688	0.01033	0.01458	0.82152	0.02767	0.05930	0.00756	0.00433	0.00116	0.00174	0.00668	0.00402	0.00345
67	0.00851	0.00966	0.02102	0.01509	0.01868	0.00905	0.80359	0.01152	0.00861	0.01168	0.00791	0.04202	0.00627	0.00341	0.00435	0.00125	0.00604	0.00456	0.00192	0.00488
68	0.89687	0.00710	0.00540	0.00483	0.00710	0.00824	0.00398	0.01080	0.00625	0.01648	0.00511	0.00597	0.00398	0.00341	0.00227	0.00114	0.00284	0.00199	0.00227	0.00398
69	0.89687	0.00710	0.00540	0.00483	0.00710	0.00824	0.00398	0.01080	0.00625	0.01648	0.00511	0.00597	0.00398	0.00341	0.00227	0.00114	0.00284	0.00199	0.00227	0.00398
70	0.00914	0.00789	0.00830	0.00747	0.00955	0.00914	0.00581	0.01952	0.84138	0.01536	0.01495	0.01370	0.01121	0.00498	0.00374	0.00125	0.00291	0.00415	0.00374	0.00581
71	0.00815	0.00653	0.00723	0.00653	0.00826	0.00722	0.00505	0.01549	0.55104	0.04523	0.26179	0.01809	0.03203	0.00579	0.00392	0.00121	0.00255	0.00493	0.00385	0.00509
72	0.01281	0.00529	0.00668	0.00542	0.00752	0.00480	0.00438	0.03416	0.00962	0.51755	0.01341	0.01286	0.00914	0.00444	0.00327	0.00103	0.00262	0.00358	0.33621	0.00519
73	0.00434	0.00372	0.00372	0.00372	0.00496	0.00310	0.00279	0.00527	0.00837	0.00992	0.03721	0.03535	0.84652	0.00930	0.00434	0.00124	0.00186	0.00775	0.00341	0.00310
74	0.00762	0.00653	0.00762	0.00544	0.00870	0.00490	0.00435	0.00925	0.00762	0.01197	0.00653	0.00762	0.00544	0.00272	0.00272	0.00054	0.00272	0.00218	0.00218	0.89338
75	0.89687	0.00710	0.00540	0.00483	0.00710	0.00824	0.00398	0.01080	0.00625	0.01648	0.00511	0.00597	0.00398	0.00341	0.00227	0.00114	0.00284	0.00199	0.00227	0.00398
76	0.01648	0.00625	0.00852	0.00653	0.00938	0.00540	0.00540	0.01790	0.01051	0.85056	0.01449	0.01250	0.00909	0.00455	0.00369	0.00114	0.00313	0.00369	0.00455	0.00625
77	0.00534	0.00356	0.00401	0.00401	0.00401	0.00356	0.00223	0.00534	0.00534	0.00712	0.01157	0.02403	0.01335	0.87092	0.01869	0.00356	0.00356	0.00534	0.00223	0.00223
78	0.89687	0.00710	0.00540	0.00483	0.00710	0.00824	0.00398	0.01080	0.00625	0.01648	0.00511	0.00597	0.00398	0.00341	0.00227	0.00114	0.00284	0.00199	0.00227	0.00398
79	0.00700	0.00347	0.00351	0.00347	0.00436	0.00346	0.00261	0.00871	0.00775	0.02747	0.01202	0.01367	0.00941	0.00428	0.00259	0.00086	0.00173	0.00343	0.87672	0.00347
80	0.89687	0.00710	0.00540	0.00483	0.00710	0.00824	0.00398	0.01080	0.00625	0.01648	0.00511	0.00597	0.00398	0.00341	0.00227	0.00114	0.00284	0.00199	0.00227	0.00398
81	0.00909	0.00873	0.01491	0.02254	0.84801	0.00873	0.01127	0.01127	0.00836	0.01200	0.00691	0.00909	0.00582	0.00327	0.00364	0.00109	0.00436	0.00327	0.00182	0.00582
82	0.00914	0.00789	0.00830	0.00747	0.00955	0.00914	0.00581	0.01952	0.84138	0.01536	0.01495	0.01370	0.01121	0.00498	0.00374	0.00125	0.00291	0.00415	0.00374	0.00581
83	0.00520	0.00375	0.00491	0.00462	0.00549	0.00347	0.00347	0.00693	0.01040	0.01473	0.84608	0.02743	0.03465	0.00751	0.00433	0.00116	0.00173	0.00664	0.00404	0.00347
84	0.00434	0.00372	0.00372	0.00372	0.00496	0.00310	0.00279	0.00527	0.00837	0.00992	0.03721	0.03535	0.84652	0.00930	0.00434	0.00124	0.00186	0.00775	0.00341	0.00310
85	0.01396	0.01029	0.01102	0.00845	0.01139	0.01139	0.00698	0.83577	0.01727	0.02315	0.00882	0.00882	0.00625	0.00441	0.00367	0.00110	0.00404	0.00331	0.00367	0.00625
86	0.00867	0.00991	0.02167	0.01548	0.01920	0.00929	0.83467	0.01176	0.00867	0.01176	0.00743	0.00991	0.00557	0.00310	0.00433	0.00124	0.00619	0.00433	0.00186	0.00495
87	0.01461	0.00926	0.01038	0.00796	0.01087	0.00986	0.00658	0.62665	0.01554	0.23470	0.01027	0.00976	0.00697	0.00444	0.00368	0.00111	0.00381	0.00341	0.00390	0.00625
88	0.00472	0.00342	0.00447	0.00488	0.00537	0.00316	0.00340	0.00576	0.00827	0.01128	0.31088	0.53634	0.06439	0.01001	0.00455	0.00136	0.00198	0.00899	0.00363	0.00316
89	0.01396	0.01029	0.01102	0.00845	0.01139	0.01139	0.00698	0.83577	0.01727	0.02315	0.00882	0.00882	0.00625	0.00441	0.00367	0.00110	0.00404	0.00331	0.00367	0.00625
90	0.00909	0.00873	0.01491	0.02254	0.84801	0.00873	0.01127	0.01127	0.00836	0.01200	0.00691	0.00909	0.00582	0.00327	0.00364	0.00109	0.00436	0.00327	0.00182	0.00582
91	0.00530	0.00371	0.00474	0.00474	0.00500	0.00396	0.00315	0.00581	0.00556	0.00767	0.01090	0.02030	0.01173	0.54270	0.34470	0.00447	0.00600	0.00479	0.00213	0.00264
92	0.01396	0.01029	0.01102	0.00845	0.01139	0.01139	0.00698	0.83577	0.01727	0.02315	0.00882	0.00882	0.00625	0.00441	0.00367	0.00110	0.00404	0.00331	0.00367	0.00625
93	0.01372	0.01750	0.01041	0.00946	0.01135	0.85618	0.00710	0.01467	0.01041	0.00899	0.00568	0.00662	0.00473	0.00378	0.00331	0.00095	0.00662	0.00237	0.00189	0.00426
94	0.01378	0.01020	0.01092	0.00841	0.01132	0.01131	0.00694	0.80543	0.04790	0.02286	0.00905	0.00900	0.00643	0.00443	0.00368	0.00111	0.00400	0.00334	0.00368	0.00623
95	0.00998	0.83871	0.01889	0.00641	0.00950	0.04839	0.00632	0.01115	0.00758	0.00865	0.00513	0.00592	0.00471	0.00317	0.00240	0.00079	0.00404	0.00198	0.00158	0.00469
96	0.01978	0.00474	0.00525	0.00483	0.00626	0.03173	0.00370	0.00861	0.02574	0.16513	0.19431	0.07954	0.40432	0.00819	0.02009	0.00130	0.00242	0.00655	0.00366	0.00385
97	0.00437	0.00373	0.00376	0.00378	0.00501	0.00312	0.00285	0.00531	0.00837	0.00994	0.03688	0.03546	0.83157	0.00932	0.00435	0.00125	0.00189	0.02253	0.00341	0.00311
98	0.00499	0.00385	0.00458	0.00440	0.00543	0.00348	0.00332	0.00664	0.02945	0.01294	0.52026	0.03020	0.32699	0.00814	0.00433	0.00120	0.00183	0.02077	0.00380	0.00339
99	0.00525	0.00394	0.00590	0.00590	0.00656	0.00459	0.00459	0.00656	0.00590	0.00853	0.00984	0.01443	0.00918	0.02755	0.85637	0.00590	0.00984	0.00394	0.00197	0.00328
