[name]
unknown

[dist]
# distance from previous block
# <min> <max>
0	110

[block]
# block no. 0 follows, 82 sequences, length 16
# corresponding to MSA columns:
# 120-135
name=unknown_A
#
# <colnr> <probs for GDERKNQSTAVLIFYWHMCP>
#	G	D	E	R	K	N	Q	S	T	A	V	L	I	F	Y	W	H	M	C	P
0	0.02378	0.00458	0.00614	0.08036	0.00822	0.00450	0.00482	0.00734	0.02264	0.00974	0.02830	0.08470	0.01163	0.02248	0.20761	0.03092	0.00440	0.21294	0.00236	0.22255
1	0.00415	0.00334	0.00374	0.00395	0.00480	0.00293	0.00286	0.00498	0.00744	0.00925	0.06643	0.27130	0.54986	0.00984	0.03790	0.00139	0.00209	0.00774	0.00315	0.00288
2	0.18005	0.00582	0.00698	0.00557	0.00792	0.00548	0.00456	0.04354	0.00910	0.57135	0.04634	0.01228	0.06115	0.00441	0.00323	0.00106	0.00274	0.00347	0.01986	0.00509
3	0.00584	0.00435	0.00508	0.00508	0.00599	0.00430	0.00372	0.16230	0.00873	0.01143	0.04719	0.48903	0.20068	0.00889	0.00412	0.00126	0.00227	0.02310	0.00324	0.00339
4	0.73633	0.00652	0.00541	0.00460	0.00689	0.00709	0.00377	0.00979	0.00606	0.01456	0.00501	0.00584	0.00396	0.00306	0.00219	0.00096	0.00263	0.00188	0.00210	0.17134
5	0.00615	0.00432	0.00497	0.00491	0.00576	0.00434	0.00355	0.16263	0.00846	0.01158	0.01726	0.44059	0.11965	0.06601	0.00476	0.00134	0.00232	0.00700	0.12103	0.00337
6	0.00648	0.01504	0.70180	0.00873	0.01299	0.00706	0.01088	0.01001	0.00768	0.01137	0.16509	0.01065	0.00956	0.00395	0.00340	0.00108	0.00441	0.00321	0.00188	0.00471
7	0.70822	0.17028	0.00761	0.00486	0.00715	0.00886	0.00420	0.03687	0.00636	0.01418	0.00487	0.00563	0.00390	0.00316	0.00217	0.00100	0.00287	0.00189	0.00204	0.00390
8	0.01344	0.00888	0.00983	0.00754	0.01026	0.00957	0.00623	0.69185	0.01491	0.17841	0.00920	0.00885	0.00631	0.00413	0.00343	0.00103	0.00360	0.00315	0.00357	0.00582
9	0.01491	0.00652	0.00837	0.00642	0.00908	0.00607	0.00530	0.17186	0.01097	0.70397	0.01251	0.01100	0.00797	0.00421	0.00344	0.00105	0.00307	0.00337	0.00408	0.00582
10	0.01278	0.01630	0.00969	0.00881	0.01058	0.86605	0.00661	0.01366	0.00969	0.00837	0.00529	0.00617	0.00441	0.00353	0.00308	0.00088	0.00617	0.00220	0.00176	0.00397
11	0.00847	0.00813	0.01388	0.02100	0.85844	0.00813	0.01050	0.01050	0.00779	0.01118	0.00643	0.00847	0.00542	0.00305	0.00339	0.00102	0.00406	0.00305	0.00169	0.00542
12	0.00416	0.00302	0.00392	0.00465	0.00493	0.00279	0.00312	0.00478	0.00666	0.00878	0.02025	0.80267	0.09660	0.01053	0.00434	0.00137	0.00196	0.00950	0.00318	0.00279
13	0.90395	0.00662	0.00503	0.00450	0.00662	0.00767	0.00370	0.01006	0.00582	0.01535	0.00476	0.00556	0.00370	0.00318	0.00212	0.00106	0.00265	0.00185	0.00212	0.00370
14	0.00590	0.00374	0.00466	0.00430	0.00539	0.00335	0.00327	0.00727	0.00913	0.11158	0.52515	0.04235	0.22830	0.00709	0.00394	0.00109	0.00180	0.00612	0.02214	0.00344
15	0.85232	0.03156	0.00538	0.00453	0.00663	0.00771	0.00375	0.00996	0.00597	0.01509	0.02943	0.00613	0.00455	0.00328	0.00217	0.00105	0.00265	0.00198	0.00215	0.00371

[dist]
# distance from previous block
# <min> <max>
0	31

[block]
# block no. 1 follows, 82 sequences, length 44
# corresponding to MSA columns:
# 167-210
name=unknown_B
#
# <colnr> <probs for GDERKNQSTAVLIFYWHMCP>
#	G	D	E	R	K	N	Q	S	T	A	V	L	I	F	Y	W	H	M	C	P
0	0.00780	0.05974	0.23959	0.02487	0.16494	0.03374	0.07241	0.04883	0.16128	0.01180	0.06059	0.03002	0.04247	0.00421	0.00346	0.00108	0.00394	0.02217	0.00227	0.00481
1	0.00435	0.00348	0.00390	0.00381	0.00484	0.00303	0.00287	0.00550	0.00848	0.01087	0.33088	0.03035	0.54643	0.00807	0.00405	0.00113	0.00171	0.01984	0.00339	0.00301
2	0.00422	0.00302	0.00403	0.00478	0.00502	0.00282	0.00323	0.00488	0.00669	0.00895	0.04858	0.82676	0.02290	0.01055	0.00436	0.00138	0.00200	0.02982	0.00320	0.00280
3	0.01283	0.00779	0.00884	0.00689	0.00935	0.00818	0.00562	0.49200	0.04294	0.26839	0.01024	0.01034	0.00725	0.05174	0.00415	0.00116	0.00336	0.00332	0.04011	0.00549
4	0.01278	0.01630	0.00969	0.00881	0.01058	0.86605	0.00661	0.01366	0.00969	0.00837	0.00529	0.00617	0.00441	0.00353	0.00308	0.00088	0.00617	0.00220	0.00176	0.00397
5	0.00515	0.00652	0.17380	0.00612	0.05329	0.00429	0.00530	0.00688	0.00801	0.01088	0.25492	0.14995	0.26739	0.00699	0.00386	0.00113	0.00254	0.00603	0.00289	0.02404
6	0.00646	0.00608	0.01026	0.87156	0.02356	0.00760	0.00950	0.00874	0.00684	0.00874	0.00608	0.00912	0.00456	0.00342	0.00342	0.00114	0.00456	0.00304	0.00152	0.00380
7	0.00798	0.25204	0.01180	0.02587	0.08330	0.00972	0.00654	0.00904	0.00658	0.05211	0.05329	0.03336	0.04171	0.02458	0.00672	0.00121	0.36493	0.00327	0.00189	0.00405
8	0.00851	0.00735	0.00773	0.00696	0.00890	0.00851	0.00541	0.01818	0.85226	0.01431	0.01392	0.01276	0.01044	0.00464	0.00348	0.00116	0.00271	0.00387	0.00348	0.00541
9	0.00505	0.00377	0.00527	0.00519	0.00559	0.00434	0.00383	0.00590	0.00534	0.00759	0.00937	0.01565	0.00943	0.26618	0.57967	0.00466	0.05447	0.00400	0.00188	0.00281
10	0.00555	0.00454	0.00474	0.00444	0.00552	0.06393	0.00336	0.01983	0.00915	0.03509	0.48530	0.02601	0.30543	0.00719	0.00394	0.00109	0.00204	0.00613	0.00343	0.00328
11	0.00990	0.00773	0.00839	0.00687	0.00926	0.00832	0.00549	0.26186	0.42633	0.05252	0.01090	0.01041	0.00808	0.00411	0.00330	0.00101	0.00300	0.00331	0.00325	0.15595
12	0.00715	0.00625	0.00780	0.00557	0.00864	0.00478	0.04980	0.00874	0.00715	0.01114	0.00613	0.00721	0.00507	0.00255	0.00262	0.00054	0.00271	0.00214	0.00201	0.85200
13	0.00823	0.00623	0.00788	0.00571	0.00870	0.00491	0.04701	0.00996	0.02471	0.11988	0.00723	0.00790	0.00562	0.00281	0.00275	0.00062	0.00275	0.00235	0.00232	0.72244
14	0.90395	0.00662	0.00503	0.00450	0.00662	0.00767	0.00370	0.01006	0.00582	0.01535	0.00476	0.00556	0.00370	0.00318	0.00212	0.00106	0.00265	0.00185	0.00212	0.00370
15	0.00778	0.01322	0.47811	0.00912	0.01278	0.00836	0.06349	0.04354	0.23511	0.02487	0.00837	0.00896	0.00616	0.00383	0.00389	0.00113	0.06102	0.00305	0.00213	0.00508
16	0.90395	0.00662	0.00503	0.00450	0.00662	0.00767	0.00370	0.01006	0.00582	0.01535	0.00476	0.00556	0.00370	0.00318	0.00212	0.00106	0.00265	0.00185	0.00212	0.00370
17	0.00497	0.00332	0.00373	0.00373	0.00373	0.00332	0.00207	0.00497	0.00497	0.00663	0.01078	0.02239	0.01244	0.87978	0.01741	0.00332	0.00332	0.00497	0.00207	0.00207
18	0.00486	0.00409	0.00634	0.00648	0.04983	0.00379	0.10374	0.00589	0.00715	0.00942	0.05385	0.54140	0.17210	0.00887	0.00420	0.00129	0.00248	0.00811	0.00295	0.00317
19	0.00694	0.00595	0.00691	0.00499	0.00793	0.00447	0.00398	0.00842	0.00713	0.01105	0.00753	0.00841	0.04838	0.00284	0.00261	0.00054	0.00249	0.00229	0.00209	0.85505
20	0.03233	0.00736	0.01054	0.25900	0.25573	0.00804	0.00807	0.19520	0.05238	0.08152	0.03094	0.00978	0.00661	0.02330	0.00371	0.00112	0.00386	0.00322	0.00240	0.00490
21	0.00907	0.65768	0.11113	0.00789	0.09907	0.01199	0.00707	0.01060	0.00719	0.04347	0.00544	0.00625	0.00466	0.00303	0.00249	0.00081	0.00383	0.00210	0.00160	0.00463
22	0.00877	0.00699	0.00755	0.00673	0.00864	0.00792	0.00525	0.01732	0.73664	0.07619	0.06790	0.01350	0.01170	0.00476	0.00351	0.00115	0.00265	0.00398	0.00355	0.00530
23	0.01535	0.00582	0.00794	0.00609	0.00873	0.00503	0.00503	0.01667	0.00979	0.86081	0.01350	0.01164	0.00847	0.00423	0.00344	0.00106	0.00291	0.00344	0.00423	0.00582
24	0.00731	0.00731	0.09993	0.26257	0.20821	0.00663	0.05450	0.00928	0.00736	0.07995	0.01010	0.16550	0.03854	0.00490	0.00379	0.00115	0.02212	0.00442	0.00214	0.00430
25	0.00748	0.00748	0.01048	0.00898	0.00898	0.01048	0.00748	0.00823	0.00524	0.00823	0.00449	0.00748	0.00449	0.00599	0.01123	0.00150	0.87352	0.00299	0.00150	0.00374
26	0.00748	0.00748	0.01048	0.00898	0.00898	0.01048	0.00748	0.00823	0.00524	0.00823	0.00449	0.00748	0.00449	0.00599	0.01123	0.00150	0.87352	0.00299	0.00150	0.00374
27	0.00692	0.00645	0.01082	0.66019	0.10561	0.00759	0.05166	0.04310	0.00753	0.00989	0.05246	0.00992	0.00624	0.00358	0.00348	0.00112	0.00438	0.00326	0.00175	0.00406
28	0.01016	0.06173	0.09782	0.11464	0.04901	0.18129	0.07885	0.11248	0.06922	0.11779	0.00808	0.03934	0.00628	0.00395	0.00362	0.00105	0.03444	0.00318	0.00235	0.00471
29	0.00717	0.00624	0.04716	0.03012	0.02630	0.10141	0.02367	0.00707	0.00578	0.02073	0.01915	0.01038	0.00635	0.04646	0.02057	0.46282	0.12956	0.01163	0.01477	0.00266
30	0.00606	0.00374	0.00437	0.00408	0.00512	0.00334	0.00300	0.00709	0.00804	0.12403	0.23166	0.04454	0.33186	0.13948	0.00588	0.00143	0.00210	0.00589	0.06505	0.00326
31	0.00538	0.00376	0.00471	0.00469	0.00551	0.00355	0.00349	0.04190	0.01691	0.04270	0.36357	0.25228	0.12943	0.03911	0.00460	0.00128	0.00205	0.06841	0.00343	0.00325
32	0.03250	0.03431	0.05624	0.33869	0.09912	0.04492	0.05399	0.07601	0.07727	0.02114	0.00695	0.00860	0.00533	0.00337	0.00324	0.00100	0.00408	0.00290	0.00198	0.12837
33	0.00442	0.00323	0.00417	0.00454	0.00503	0.00300	0.00317	0.00547	0.01731	0.01042	0.28681	0.53145	0.08967	0.00930	0.00423	0.00127	0.00186	0.00834	0.00337	0.00296
34	0.00600	0.00385	0.00459	0.00436	0.00541	0.00349	0.00322	0.00733	0.03996	0.12173	0.23649	0.14555	0.30855	0.08761	0.00521	0.00135	0.00207	0.00648	0.00338	0.00336
35	0.00859	0.03323	0.05466	0.15420	0.43879	0.04687	0.04869	0.06746	0.00826	0.04423	0.00740	0.05874	0.00628	0.00369	0.00343	0.00106	0.00417	0.00340	0.00195	0.00490
36	0.00769	0.09100	0.09508	0.22473	0.21127	0.01557	0.16302	0.02303	0.00763	0.02775	0.03067	0.04026	0.02541	0.00372	0.00358	0.00108	0.01871	0.00348	0.00183	0.00450
37	0.01381	0.00627	0.00785	0.00610	0.00855	0.00594	0.00501	0.18369	0.01075	0.59025	0.01215	0.01108	0.00797	0.00418	0.00331	0.00102	0.00293	0.00334	0.11031	0.00551
38	0.00447	0.00321	0.00411	0.00469	0.00515	0.00299	0.00336	0.00533	0.00709	0.00946	0.07479	0.56078	0.12845	0.01967	0.00442	0.00136	0.00208	0.11598	0.03973	0.00288
39	0.00901	0.04531	0.09018	0.11671	0.18166	0.01930	0.03784	0.07869	0.03897	0.15313	0.06884	0.04961	0.02188	0.00427	0.00359	0.00106	0.02346	0.00366	0.04810	0.00473
40	0.00853	0.16064	0.29790	0.02406	0.24059	0.00871	0.07437	0.02490	0.02010	0.07946	0.01496	0.01849	0.00564	0.00335	0.00321	0.00101	0.00430	0.00290	0.00187	0.00502
41	0.03209	0.00628	0.00810	0.00628	0.00888	0.00581	0.00517	0.09699	0.05610	0.71710	0.01284	0.01125	0.00823	0.00422	0.00341	0.00106	0.00298	0.00340	0.00407	0.00576
42	0.41426	0.02309	0.06599	0.03073	0.16171	0.15936	0.03203	0.01841	0.00722	0.02162	0.00561	0.00677	0.00445	0.00328	0.00281	0.00102	0.01314	0.00234	0.02192	0.00422
43	0.00449	0.00362	0.00424	0.01859	0.02186	0.00325	0.00318	0.00572	0.01914	0.01061	0.27183	0.10799	0.48485	0.00813	0.00405	0.00116	0.00185	0.01907	0.00330	0.00308

[dist]
# distance from previous block
# <min> <max>
3	5

[block]
# block no. 2 follows, 82 sequences, length 73
# corresponding to MSA columns:
# 218-290
name=unknown_C
#
# <colnr> <probs for GDERKNQSTAVLIFYWHMCP>
#	G	D	E	R	K	N	Q	S	T	A	V	L	I	F	Y	W	H	M	C	P
0	0.00873	0.61332	0.12153	0.00785	0.03391	0.01179	0.11579	0.01043	0.00719	0.02123	0.00558	0.01869	0.00483	0.00309	0.00265	0.00085	0.00408	0.00237	0.00157	0.00453
1	0.00429	0.00332	0.00392	0.00409	0.00486	0.00294	0.00294	0.00528	0.00792	0.01028	0.24919	0.29006	0.38095	0.00885	0.00414	0.00121	0.00178	0.00771	0.00333	0.00294
2	0.00956	0.77012	0.01687	0.00618	0.00896	0.08016	0.00594	0.02782	0.00736	0.01923	0.00498	0.00571	0.00447	0.00307	0.00246	0.00077	0.01847	0.00192	0.00156	0.00439
3	0.00597	0.00341	0.00393	0.00389	0.00470	0.00334	0.00290	0.00753	0.01956	0.03976	0.20277	0.11293	0.03465	0.00668	0.04855	0.00120	0.00210	0.00473	0.48815	0.00325
4	0.00426	0.00343	0.00367	0.00367	0.00461	0.00297	0.00266	0.00511	0.00768	0.00953	0.14029	0.07528	0.61283	0.10228	0.00550	0.00139	0.00190	0.00697	0.00314	0.00284
5	0.00836	0.00384	0.00430	0.00387	0.00509	0.00370	0.00301	0.02389	0.00787	0.18957	0.01160	0.01245	0.00866	0.00404	0.00263	0.00086	0.00190	0.00324	0.69737	0.00378
6	0.00493	0.00351	0.00471	0.00471	0.00505	0.00385	0.00329	0.00560	0.00526	0.00736	0.00988	0.01744	0.01029	0.40752	0.48673	0.00452	0.00655	0.00425	0.00194	0.00262
7	0.00851	0.00735	0.00773	0.00696	0.00890	0.00851	0.00541	0.01818	0.85226	0.01431	0.01392	0.01276	0.01044	0.00464	0.00348	0.00116	0.00271	0.00387	0.00348	0.00541
8	0.00854	0.00797	0.01427	0.11424	0.57295	0.00800	0.15654	0.01071	0.00784	0.05560	0.00685	0.00884	0.00544	0.00312	0.00351	0.00106	0.00436	0.00324	0.00181	0.00512
9	0.90395	0.00662	0.00503	0.00450	0.00662	0.00767	0.00370	0.01006	0.00582	0.01535	0.00476	0.00556	0.00370	0.00318	0.00212	0.00106	0.00265	0.00185	0.00212	0.00370
10	0.00709	0.00608	0.00709	0.00507	0.00811	0.00456	0.00405	0.00861	0.00709	0.01115	0.00608	0.00709	0.00507	0.00253	0.00253	0.00051	0.00253	0.00203	0.00203	0.90069
11	0.90395	0.00662	0.00503	0.00450	0.00662	0.00767	0.00370	0.01006	0.00582	0.01535	0.00476	0.00556	0.00370	0.00318	0.00212	0.00106	0.00265	0.00185	0.00212	0.00370
12	0.00537	0.00388	0.00531	0.00598	0.00680	0.00382	0.00518	0.00689	0.00796	0.01035	0.06349	0.03748	0.08256	0.00926	0.00464	0.00152	0.00296	0.73023	0.00318	0.00313
13	0.81195	0.00664	0.00573	0.00493	0.00713	0.00752	0.03116	0.01055	0.00618	0.07505	0.00545	0.00611	0.00409	0.00324	0.00227	0.00106	0.00277	0.00204	0.00225	0.00388
14	0.02272	0.00658	0.00910	0.00695	0.00961	0.00609	0.07548	0.12204	0.03173	0.59947	0.01202	0.03023	0.00804	0.00418	0.00346	0.00105	0.00322	0.00352	0.00377	0.04074
15	0.00765	0.00595	0.00693	0.00506	0.00789	0.00467	0.00405	0.03621	0.00753	0.05509	0.00693	0.00781	0.00556	0.00279	0.00260	0.00057	0.00252	0.00223	0.07384	0.75412
16	0.00417	0.00298	0.00397	0.00476	0.00496	0.00278	0.00318	0.00476	0.00655	0.00873	0.01885	0.87755	0.02262	0.01072	0.00437	0.00139	0.00198	0.00972	0.00318	0.00278
17	0.01680	0.00845	0.01393	0.01056	0.01302	0.02981	0.38866	0.15829	0.09418	0.03607	0.05048	0.01107	0.01846	0.00415	0.00468	0.00117	0.10667	0.02645	0.00241	0.00468
18	0.01147	0.00778	0.00867	0.00691	0.00922	0.00837	0.00561	0.48643	0.12512	0.13783	0.12721	0.01179	0.01053	0.00459	0.00350	0.00105	0.00316	0.00367	0.02172	0.00535
19	0.05572	0.00388	0.00467	0.00438	0.00533	0.00378	0.00332	0.00744	0.05872	0.01373	0.69043	0.02283	0.03574	0.00644	0.00378	0.00106	0.00174	0.00560	0.06803	0.00338
20	0.01342	0.00545	0.00736	0.00579	0.00810	0.00477	0.00472	0.02543	0.00985	0.69730	0.16552	0.01411	0.01273	0.00473	0.00355	0.00106	0.00269	0.00393	0.00414	0.00535
21	0.00500	0.00396	0.00455	0.00460	0.00551	0.00384	0.00337	0.00734	0.14189	0.01086	0.20811	0.26055	0.28631	0.02336	0.00428	0.00125	0.00197	0.01659	0.00334	0.00332
22	0.08953	0.00481	0.00605	0.00508	0.00677	0.00444	0.00398	0.01131	0.00893	0.39965	0.30379	0.02897	0.01679	0.07602	0.00466	0.00125	0.00244	0.00446	0.01672	0.00435
23	0.01397	0.00561	0.00752	0.00589	0.00832	0.00491	0.00482	0.01553	0.03267	0.74395	0.08002	0.01345	0.03794	0.00460	0.00351	0.00107	0.00277	0.00379	0.00414	0.00551
24	0.00657	0.00619	0.01045	0.82677	0.06752	0.00763	0.00955	0.00883	0.00689	0.00887	0.00610	0.00909	0.00461	0.00340	0.00342	0.00113	0.00453	0.00304	0.00153	0.00389
25	0.00816	0.00638	0.00708	0.00649	0.00820	0.00710	0.00511	0.01533	0.59795	0.07104	0.08303	0.04043	0.02811	0.00556	0.00369	0.00120	0.00264	0.09410	0.00351	0.00490
26	0.00436	0.00306	0.00389	0.00453	0.00484	0.00286	0.00305	0.00502	0.00663	0.00893	0.01923	0.69796	0.08943	0.05587	0.00491	0.00144	0.00203	0.02054	0.05864	0.00278
27	0.01391	0.00813	0.00937	0.00718	0.00989	0.00846	0.00593	0.52733	0.01366	0.34469	0.01025	0.00953	0.00684	0.00416	0.00343	0.00104	0.00344	0.00322	0.00373	0.00582
28	0.00516	0.00500	0.05136	0.00638	0.00734	0.02830	0.10298	0.00643	0.02163	0.00928	0.01649	0.63161	0.03046	0.00900	0.00423	0.00133	0.00278	0.05414	0.00288	0.00322
29	0.00480	0.00354	0.00481	0.00563	0.02889	0.00349	0.00404	0.00594	0.02859	0.00920	0.01759	0.51712	0.03977	0.03330	0.07491	0.00180	0.00295	0.20762	0.00300	0.00301
30	0.00562	0.00344	0.00496	0.00491	0.00509	0.00376	0.00348	0.00522	0.00497	0.00692	0.00784	0.06089	0.00798	0.08101	0.21722	0.49230	0.05672	0.00368	0.02185	0.00215
31	0.19335	0.15984	0.06226	0.04172	0.09840	0.32406	0.03983	0.02571	0.00803	0.01052	0.00540	0.00650	0.00442	0.00327	0.00283	0.00094	0.00462	0.00229	0.00178	0.00425
32	0.00680	0.00622	0.00992	0.04624	0.49837	0.00613	0.00755	0.00848	0.00791	0.01090	0.12687	0.08403	0.15601	0.00516	0.00367	0.00108	0.00319	0.00471	0.00234	0.00442
33	0.00713	0.02634	0.08987	0.00565	0.00888	0.00513	0.01502	0.00889	0.00711	0.01105	0.00607	0.00710	0.00498	0.00262	0.00261	0.00057	0.00284	0.00209	0.00195	0.78409
34	0.00422	0.00309	0.00397	0.00460	0.00497	0.00284	0.00315	0.00492	0.00691	0.00910	0.06507	0.70107	0.13514	0.01022	0.00431	0.00135	0.00196	0.02709	0.00321	0.00282
35	0.00466	0.00349	0.00432	0.00413	0.00502	0.00316	0.00311	0.00609	0.00921	0.01260	0.64923	0.02748	0.22936	0.00742	0.00405	0.00110	0.00166	0.01715	0.00362	0.00315
36	0.65476	0.00644	0.00568	0.00475	0.00709	0.00685	0.00389	0.01037	0.00642	0.08996	0.00579	0.00639	0.00439	0.00315	0.00231	0.00095	0.00265	0.00203	0.00229	0.17385
37	0.00484	0.00350	0.00457	0.00430	0.00511	0.00323	0.00323	0.00646	0.00968	0.01372	0.85664	0.02555	0.03228	0.00699	0.00403	0.00108	0.00161	0.00619	0.00377	0.00323
38	0.01278	0.01630	0.00969	0.00881	0.01058	0.86605	0.00661	0.01366	0.00969	0.00837	0.00529	0.00617	0.00441	0.00353	0.00308	0.00088	0.00617	0.00220	0.00176	0.00397
39	0.00748	0.00748	0.01048	0.00898	0.00898	0.01048	0.00748	0.00823	0.00524	0.00823	0.00449	0.00748	0.00449	0.00599	0.01123	0.00150	0.87352	0.00299	0.00150	0.00374
40	0.00638	0.00319	0.00319	0.00319	0.00399	0.00319	0.00239	0.00797	0.00717	0.01275	0.01116	0.01275	0.00877	0.00399	0.00239	0.00080	0.00159	0.00319	0.89877	0.00319
41	0.00465	0.00349	0.00431	0.00410	0.00499	0.00315	0.00308	0.00608	0.00923	0.01264	0.65912	0.02732	0.23047	0.00739	0.00404	0.00109	0.00164	0.00643	0.00362	0.00315
42	0.71047	0.00644	0.00566	0.00484	0.00708	0.00710	0.00399	0.01150	0.00669	0.19943	0.00666	0.00688	0.00474	0.00341	0.00240	0.00106	0.00270	0.00220	0.00258	0.00417
43	0.00748	0.00748	0.01048	0.00898	0.00898	0.01048	0.00748	0.00823	0.00524	0.00823	0.00449	0.00748	0.00449	0.00599	0.01123	0.00150	0.87352	0.00299	0.00150	0.00374
44	0.00404	0.00347	0.00347	0.00347	0.00462	0.00289	0.00260	0.00491	0.00780	0.00924	0.03465	0.03292	0.85706	0.00866	0.00404	0.00116	0.00173	0.00722	0.00318	0.00289
45	0.00686	0.01769	0.86206	0.00975	0.01481	0.00794	0.01264	0.01083	0.00722	0.01083	0.00614	0.00722	0.00433	0.00325	0.00325	0.00108	0.00506	0.00253	0.00144	0.00506
46	0.00561	0.00405	0.00558	0.00632	0.00715	0.00408	0.00551	0.00745	0.03515	0.01037	0.01798	0.03775	0.01939	0.00929	0.00468	0.00156	0.00314	0.80856	0.00316	0.00322
47	0.90395	0.00662	0.00503	0.00450	0.00662	0.00767	0.00370	0.01006	0.00582	0.01535	0.00476	0.00556	0.00370	0.00318	0.00212	0.00106	0.00265	0.00185	0.00212	0.00370
48	0.00639	0.00600	0.01005	0.84489	0.02298	0.00746	0.00929	0.00862	0.00687	0.00876	0.00696	0.00985	0.03075	0.00358	0.00344	0.00114	0.00447	0.00317	0.00157	0.00377
49	0.00738	0.00945	0.30239	0.00771	0.03586	0.00616	0.04052	0.02005	0.07860	0.10463	0.01024	0.11303	0.00937	0.16472	0.04089	0.00172	0.02590	0.01484	0.00232	0.00423
50	0.00412	0.00347	0.00357	0.00354	0.00466	0.00292	0.00266	0.00505	0.00797	0.00965	0.10908	0.03225	0.78238	0.00851	0.00404	0.00115	0.00172	0.00713	0.00323	0.00292
51	0.00851	0.00735	0.00773	0.00696	0.00890	0.00851	0.00541	0.01818	0.85226	0.01431	0.01392	0.01276	0.01044	0.00464	0.00348	0.00116	0.00271	0.00387	0.00348	0.00541
52	0.48199	0.00800	0.00920	0.02013	0.20301	0.07079	0.08603	0.03604	0.00715	0.02715	0.00565	0.00687	0.00445	0.00324	0.00288	0.00105	0.01761	0.00246	0.00201	0.00430
53	0.01497	0.00643	0.00831	0.00637	0.00903	0.00592	0.00526	0.15003	0.01080	0.72602	0.01265	0.01109	0.00804	0.00421	0.00344	0.00105	0.00305	0.00338	0.00410	0.00582
54	0.00879	0.16134	0.06441	0.04447	0.12148	0.08905	0.14568	0.05284	0.07342	0.03963	0.03363	0.02452	0.01602	0.00386	0.00364	0.00931	0.03413	0.01684	0.00209	0.05484
55	0.01258	0.03535	0.00992	0.00872	0.01050	0.79853	0.00661	0.04037	0.00973	0.00879	0.00535	0.00625	0.00445	0.00359	0.00327	0.00090	0.02702	0.00224	0.00180	0.00403
56	0.00709	0.00608	0.00709	0.00507	0.00811	0.00456	0.00405	0.00861	0.00709	0.01115	0.00608	0.00709	0.00507	0.00253	0.00253	0.00051	0.00253	0.00203	0.00203	0.90069
57	0.00508	0.00389	0.00470	0.00443	0.00541	0.00371	0.00334	0.00739	0.09682	0.01296	0.61903	0.02557	0.18064	0.00705	0.00398	0.00110	0.00175	0.00613	0.00363	0.00339
58	0.00470	0.00349	0.00438	0.00416	0.00503	0.00317	0.00312	0.00619	0.00936	0.01295	0.71589	0.02681	0.17351	0.00728	0.00404	0.00109	0.00163	0.00636	0.00366	0.00317
59	0.00417	0.00298	0.00397	0.00476	0.00496	0.00278	0.00318	0.00476	0.00655	0.00873	0.01885	0.87755	0.02262	0.01072	0.00437	0.00139	0.00198	0.00972	0.00318	0.00278
60	0.00489	0.00367	0.00550	0.00550	0.00611	0.00428	0.00428	0.00611	0.00550	0.00794	0.00916	0.01344	0.00855	0.02566	0.86623	0.00550	0.00916	0.00367	0.00183	0.00305
61	0.00596	0.00374	0.00493	0.00449	0.00550	0.00342	0.00342	0.00755	0.00969	0.10422	0.76656	0.02407	0.02973	0.00670	0.00397	0.00107	0.00175	0.00589	0.00382	0.00350
62	0.01300	0.00958	0.01027	0.00787	0.01061	0.01061	0.00650	0.84704	0.01608	0.02156	0.00821	0.00821	0.00582	0.00411	0.00342	0.00103	0.00376	0.00308	0.00342	0.00582
63	0.90395	0.00662	0.00503	0.00450	0.00662	0.00767	0.00370	0.01006	0.00582	0.01535	0.00476	0.00556	0.00370	0.00318	0.00212	0.00106	0.00265	0.00185	0.00212	0.00370
64	0.90395	0.00662	0.00503	0.00450	0.00662	0.00767	0.00370	0.01006	0.00582	0.01535	0.00476	0.00556	0.00370	0.00318	0.00212	0.00106	0.00265	0.00185	0.00212	0.00370
65	0.01278	0.01630	0.00969	0.00881	0.01058	0.86605	0.00661	0.01366	0.00969	0.00837	0.00529	0.00617	0.00441	0.00353	0.00308	0.00088	0.00617	0.00220	0.00176	0.00397
66	0.00893	0.00756	0.00797	0.00705	0.00906	0.00870	0.00552	0.09566	0.77410	0.01499	0.01339	0.01234	0.01001	0.00459	0.00348	0.00115	0.00281	0.00379	0.00348	0.00545
67	0.00807	0.00923	0.02018	0.01442	0.01788	0.00865	0.84602	0.01096	0.00807	0.01096	0.00692	0.00923	0.00519	0.00288	0.00404	0.00115	0.00577	0.00404	0.00173	0.00461
68	0.00464	0.00349	0.00430	0.00410	0.00499	0.00314	0.00307	0.00607	0.00922	0.01262	0.65422	0.02737	0.23538	0.00740	0.00404	0.00110	0.00164	0.00644	0.00362	0.00314
69	0.00405	0.00345	0.00348	0.00351	0.00463	0.00288	0.00262	0.00490	0.00776	0.00922	0.03415	0.05987	0.83043	0.00873	0.00405	0.00116	0.00174	0.00730	0.00318	0.00288
70	0.01510	0.00621	0.00818	0.00627	0.00893	0.00561	0.00518	0.10288	0.01044	0.77368	0.01295	0.01129	0.00819	0.00422	0.00344	0.00106	0.00300	0.00340	0.00415	0.00582
71	0.00493	0.00372	0.00558	0.02992	0.00653	0.00434	0.00436	0.00615	0.00552	0.00792	0.00913	0.01359	0.00856	0.05127	0.81577	0.00531	0.00885	0.00369	0.00183	0.00305
72	0.03828	0.00868	0.00960	0.00749	0.00996	0.03131	0.00617	0.55530	0.01342	0.20564	0.00893	0.00879	0.00621	0.00423	0.00397	0.00107	0.06893	0.00310	0.00338	0.00555

[dist]
# distance from previous block
# <min> <max>
0	1

[block]
# block no. 3 follows, 82 sequences, length 44
# corresponding to MSA columns:
# 292-335
name=unknown_D
#
# <colnr> <probs for GDERKNQSTAVLIFYWHMCP>
#	G	D	E	R	K	N	Q	S	T	A	V	L	I	F	Y	W	H	M	C	P
0	0.07742	0.00933	0.01505	0.14086	0.12232	0.12447	0.41423	0.01079	0.00782	0.01057	0.00628	0.00837	0.00488	0.00318	0.00379	0.00110	0.03008	0.00332	0.00172	0.00441
1	0.00664	0.00600	0.00993	0.64281	0.13299	0.00715	0.00879	0.00877	0.00692	0.00934	0.00669	0.00955	0.00522	0.00460	0.04931	0.00133	0.00450	0.00309	0.07243	0.00393
2	0.00489	0.00367	0.00550	0.00550	0.00611	0.00428	0.00428	0.00611	0.00550	0.00794	0.00916	0.01344	0.00855	0.02566	0.86623	0.00550	0.00916	0.00367	0.00183	0.00305
3	0.00684	0.00649	0.01114	0.63365	0.17189	0.00755	0.05391	0.00900	0.00699	0.00920	0.00640	0.00962	0.00511	0.04360	0.00409	0.00122	0.00448	0.00318	0.00159	0.00405
4	0.00408	0.00347	0.00351	0.00350	0.00464	0.00290	0.00263	0.00498	0.00788	0.00944	0.07060	0.03260	0.82099	0.00859	0.00404	0.00115	0.00173	0.00717	0.00320	0.00290
5	0.00497	0.00335	0.00389	0.00389	0.00394	0.00340	0.00227	0.00508	0.00502	0.00675	0.01063	0.02158	0.01209	0.80318	0.09354	0.00351	0.00384	0.00486	0.00205	0.00216
6	0.90395	0.00662	0.00503	0.00450	0.00662	0.00767	0.00370	0.01006	0.00582	0.01535	0.00476	0.00556	0.00370	0.00318	0.00212	0.00106	0.00265	0.00185	0.00212	0.00370
7	0.00686	0.01769	0.86206	0.00975	0.01481	0.00794	0.01264	0.01083	0.00722	0.01083	0.00614	0.00722	0.00433	0.00325	0.00325	0.00108	0.00506	0.00253	0.00144	0.00506
8	0.00943	0.00714	0.00776	0.00684	0.00887	0.00804	0.00536	0.01797	0.73931	0.12780	0.01387	0.01261	0.01018	0.00459	0.00348	0.00115	0.00273	0.00381	0.00358	0.00547
9	0.00416	0.00299	0.00396	0.00473	0.00495	0.00278	0.00316	0.00477	0.00658	0.00875	0.01929	0.85406	0.04583	0.01066	0.00436	0.00138	0.00198	0.00965	0.00318	0.00278
10	0.00915	0.88184	0.01793	0.00585	0.00878	0.01354	0.00585	0.01024	0.00695	0.00805	0.00476	0.00549	0.00439	0.00293	0.00219	0.00073	0.00366	0.00183	0.00146	0.00439
11	0.00463	0.00414	0.00397	0.00388	0.00504	0.04395	0.00292	0.00574	0.02255	0.00984	0.13495	0.03039	0.69977	0.00814	0.00399	0.00113	0.00194	0.00680	0.00319	0.00302
12	0.01535	0.00582	0.00794	0.00609	0.00873	0.00503	0.00503	0.01667	0.00979	0.86081	0.01350	0.01164	0.00847	0.00423	0.00344	0.00106	0.00291	0.00344	0.00423	0.00582
13	0.00508	0.00359	0.00439	0.00413	0.00513	0.00321	0.00312	0.00646	0.00912	0.05130	0.57062	0.02713	0.27929	0.00737	0.00401	0.00110	0.00171	0.00637	0.00361	0.00324
14	0.90395	0.00662	0.00503	0.00450	0.00662	0.00767	0.00370	0.01006	0.00582	0.01535	0.00476	0.00556	0.00370	0.00318	0.00212	0.00106	0.00265	0.00185	0.00212	0.00370
15	0.01279	0.01601	0.00972	0.00877	0.01058	0.82864	0.00660	0.05010	0.00997	0.00895	0.00542	0.00626	0.00447	0.00355	0.00310	0.00089	0.00606	0.00224	0.00184	0.00405
16	0.00671	0.00333	0.00348	0.00338	0.00426	0.00327	0.00256	0.00829	0.00743	0.05178	0.05632	0.01338	0.01001	0.00416	0.00253	0.00082	0.00166	0.00336	0.80997	0.00331
17	0.00415	0.00303	0.00392	0.00463	0.00493	0.00279	0.00312	0.00478	0.00668	0.00878	0.02046	0.79170	0.10744	0.01051	0.00433	0.00137	0.00196	0.00947	0.00318	0.00279
18	0.00915	0.88184	0.01793	0.00585	0.00878	0.01354	0.00585	0.01024	0.00695	0.00805	0.00476	0.00549	0.00439	0.00293	0.00219	0.00073	0.00366	0.00183	0.00146	0.00439
19	0.00662	0.00625	0.01055	0.80292	0.09094	0.00764	0.00958	0.00888	0.00692	0.00894	0.00611	0.00907	0.00463	0.00339	0.00342	0.00113	0.00452	0.00304	0.00153	0.00393
20	0.00513	0.00338	0.00391	0.00390	0.00410	0.00329	0.00235	0.00537	0.00570	0.02986	0.07555	0.08868	0.05341	0.68485	0.01443	0.00284	0.00300	0.00549	0.00239	0.00235
21	0.01535	0.00582	0.00794	0.00609	0.00873	0.00503	0.00503	0.01667	0.00979	0.86081	0.01350	0.01164	0.00847	0.00423	0.00344	0.00106	0.00291	0.00344	0.00423	0.00582
22	0.00646	0.00608	0.01026	0.87156	0.02356	0.00760	0.00950	0.00874	0.00684	0.00874	0.00608	0.00912	0.00456	0.00342	0.00342	0.00114	0.00456	0.00304	0.00152	0.00380
23	0.00709	0.00555	0.00673	0.00602	0.00755	0.00587	0.04299	0.01206	0.37673	0.06495	0.18222	0.07613	0.13228	0.00708	0.04972	0.00138	0.00281	0.00515	0.00335	0.00432
24	0.00444	0.00316	0.00399	0.00453	0.00499	0.00287	0.00311	0.00514	0.00698	0.02917	0.05530	0.66582	0.17783	0.01003	0.00427	0.00133	0.00194	0.00897	0.00322	0.00289
25	0.18509	0.04793	0.05682	0.09677	0.23762	0.19609	0.02359	0.01107	0.00767	0.04831	0.00624	0.00795	0.00505	0.00348	0.00328	0.00102	0.03030	0.01699	0.01030	0.00443
26	0.00410	0.00326	0.00368	0.00402	0.00477	0.00284	0.00285	0.00485	0.00726	0.00902	0.02787	0.39565	0.49870	0.00955	0.00418	0.00126	0.00184	0.00830	0.00318	0.00284
27	0.01008	0.03697	0.00910	0.02653	0.00973	0.00793	0.00545	0.42417	0.01154	0.01615	0.00709	0.00764	0.00540	0.00335	0.00298	0.00079	0.00323	0.00257	0.00269	0.40663
28	0.01278	0.01630	0.00969	0.00881	0.01058	0.86605	0.00661	0.01366	0.00969	0.00837	0.00529	0.00617	0.00441	0.00353	0.00308	0.00088	0.00617	0.00220	0.00176	0.00397
29	0.00924	0.62555	0.10044	0.00621	0.00912	0.02163	0.00626	0.01975	0.00728	0.08767	0.00648	0.00743	0.01658	0.03116	0.03170	0.00105	0.00391	0.00230	0.00180	0.00446
30	0.00709	0.00608	0.00709	0.00507	0.00811	0.00456	0.00405	0.00861	0.00709	0.01115	0.00608	0.00709	0.00507	0.00253	0.00253	0.00051	0.00253	0.00203	0.00203	0.90069
31	0.01321	0.00757	0.00874	0.00678	0.00927	0.00781	0.00555	0.45456	0.01278	0.33712	0.01047	0.01033	0.00725	0.04000	0.00395	0.00112	0.00331	0.00330	0.05138	0.00553
32	0.00709	0.00608	0.00709	0.00507	0.00811	0.00456	0.00405	0.00861	0.00709	0.01115	0.00608	0.00709	0.00507	0.00253	0.00253	0.00051	0.00253	0.00203	0.00203	0.90069
33	0.90395	0.00662	0.00503	0.00450	0.00662	0.00767	0.00370	0.01006	0.00582	0.01535	0.00476	0.00556	0.00370	0.00318	0.00212	0.00106	0.00265	0.00185	0.00212	0.00370
34	0.00508	0.00373	0.00558	0.02595	0.00650	0.00417	0.01565	0.00622	0.00581	0.02602	0.01072	0.14974	0.01073	0.04332	0.65885	0.00454	0.00760	0.00464	0.00209	0.00308
35	0.01279	0.01587	0.00973	0.00875	0.01058	0.81102	0.00660	0.06727	0.01010	0.00922	0.00548	0.00630	0.00450	0.00356	0.00311	0.00089	0.00601	0.00226	0.00187	0.00408
36	0.00415	0.00347	0.00361	0.00357	0.00468	0.00293	0.00268	0.00511	0.00804	0.00982	0.14107	0.03197	0.75028	0.00845	0.00404	0.00114	0.00172	0.00709	0.00325	0.00293
37	0.00683	0.01741	0.84414	0.00968	0.01464	0.00786	0.01249	0.01075	0.00724	0.01082	0.00639	0.00788	0.00465	0.00338	0.00328	0.00109	0.00502	0.01996	0.00148	0.00502
38	0.00736	0.00784	0.01600	0.04016	0.13519	0.00747	0.54704	0.00969	0.00775	0.01053	0.00942	0.14581	0.03030	0.00430	0.00398	0.00117	0.00479	0.00484	0.00198	0.00437
39	0.02450	0.00641	0.11986	0.00733	0.08102	0.04412	0.00575	0.00768	0.00715	0.04774	0.01376	0.36279	0.01478	0.00921	0.07929	0.00164	0.00361	0.13219	0.02756	0.00361
40	0.01535	0.00582	0.00794	0.00609	0.00873	0.00503	0.00503	0.01667	0.00979	0.86081	0.01350	0.01164	0.00847	0.00423	0.00344	0.00106	0.00291	0.00344	0.00423	0.00582
41	0.00807	0.00768	0.01271	0.14597	0.66495	0.01891	0.00985	0.02296	0.00774	0.01081	0.00706	0.05484	0.00620	0.00353	0.00344	0.00105	0.00405	0.00339	0.00177	0.00502
42	0.03436	0.00884	0.09536	0.09899	0.52305	0.02382	0.07844	0.01920	0.00762	0.01091	0.00683	0.04409	0.00583	0.00350	0.00361	0.00107	0.02450	0.00330	0.00174	0.00494
43	0.72514	0.00642	0.00530	0.00463	0.00671	0.00724	0.00379	0.04981	0.00662	0.04888	0.00585	0.00657	0.00446	0.00331	0.00227	0.00102	0.00262	0.00209	0.07704	0.03024

[dist]
# distance from previous block
# <min> <max>
1	30

[block]
# block no. 4 follows, 82 sequences, length 26
# corresponding to MSA columns:
# 366-391
name=unknown_E
#
# <colnr> <probs for GDERKNQSTAVLIFYWHMCP>
#	G	D	E	R	K	N	Q	S	T	A	V	L	I	F	Y	W	H	M	C	P
0	0.00815	0.01832	0.01914	0.23994	0.23230	0.12285	0.03275	0.05415	0.02221	0.01067	0.09996	0.02927	0.00838	0.00416	0.00416	0.00109	0.08270	0.00344	0.00202	0.00433
1	0.00438	0.00314	0.00424	0.00481	0.00507	0.00312	0.00329	0.00504	0.00620	0.00838	0.01621	0.62911	0.01893	0.09543	0.17309	0.00237	0.00350	0.00810	0.00281	0.00277
2	0.00445	0.00332	0.00413	0.00431	0.00497	0.00304	0.00310	0.00550	0.00795	0.01064	0.32985	0.31222	0.21773	0.03381	0.02120	0.00136	0.00199	0.02415	0.00333	0.00296
3	0.00804	0.19457	0.25135	0.00803	0.05113	0.04390	0.04471	0.01028	0.01992	0.05814	0.01821	0.02445	0.00595	0.00513	0.07214	0.00126	0.01394	0.00272	0.00187	0.16424
4	0.00432	0.00316	0.00409	0.00478	0.00512	0.00298	0.00328	0.00522	0.02924	0.00897	0.01983	0.76363	0.08190	0.01036	0.00433	0.00137	0.00203	0.03933	0.00318	0.00287
5	0.00709	0.00608	0.00709	0.00507	0.00811	0.00456	0.00405	0.00861	0.00709	0.01115	0.00608	0.00709	0.00507	0.00253	0.00253	0.00051	0.00253	0.00203	0.00203	0.90069
6	0.00488	0.00366	0.00545	0.00544	0.00606	0.00422	0.00422	0.00613	0.00571	0.00823	0.05222	0.01405	0.00976	0.02471	0.82242	0.00527	0.00878	0.00379	0.00193	0.00306
7	0.09128	0.00644	0.00729	0.00619	0.00826	0.00679	0.00492	0.05762	0.36455	0.28157	0.10352	0.02557	0.01151	0.00470	0.00341	0.00111	0.00269	0.00385	0.00362	0.00513
8	0.00570	0.00445	0.00529	0.00491	0.00602	0.00452	0.00373	0.00927	0.21924	0.01357	0.59226	0.02286	0.08169	0.00652	0.00390	0.00110	0.00189	0.00568	0.00366	0.00375
9	0.00847	0.00813	0.01388	0.02100	0.85844	0.00813	0.01050	0.01050	0.00779	0.01118	0.00643	0.00847	0.00542	0.00305	0.00339	0.00102	0.00406	0.00305	0.00169	0.00542
10	0.90395	0.00662	0.00503	0.00450	0.00662	0.00767	0.00370	0.01006	0.00582	0.01535	0.00476	0.00556	0.00370	0.00318	0.00212	0.00106	0.00265	0.00185	0.00212	0.00370
11	0.00551	0.00394	0.00551	0.00630	0.00709	0.00394	0.00551	0.00709	0.00787	0.01024	0.01811	0.03859	0.01969	0.00945	0.00472	0.00157	0.00315	0.83542	0.00315	0.00315
12	0.00915	0.88184	0.01793	0.00585	0.00878	0.01354	0.00585	0.01024	0.00695	0.00805	0.00476	0.00549	0.00439	0.00293	0.00219	0.00073	0.00366	0.00183	0.00146	0.00439
13	0.00518	0.00338	0.00403	0.00413	0.00490	0.00315	0.00308	0.00646	0.00799	0.02376	0.26482	0.18522	0.16392	0.00734	0.00371	0.00111	0.00183	0.06607	0.23683	0.00311
14	0.01238	0.00905	0.00974	0.00760	0.01016	0.00998	0.00628	0.77264	0.01533	0.02066	0.00879	0.00979	0.00658	0.00435	0.00344	0.00104	0.00364	0.04109	0.04187	0.00558
15	0.00488	0.00336	0.00418	0.00456	0.00478	0.00331	0.00311	0.00538	0.00602	0.00796	0.01448	0.24820	0.01667	0.46398	0.01125	0.00244	0.00293	0.18742	0.00259	0.00249
16	0.08978	0.00898	0.00957	0.00742	0.01007	0.00988	0.00612	0.68855	0.03917	0.08365	0.00848	0.00837	0.00597	0.00405	0.00331	0.00104	0.00357	0.00302	0.00337	0.00562
17	0.90395	0.00662	0.00503	0.00450	0.00662	0.00767	0.00370	0.01006	0.00582	0.01535	0.00476	0.00556	0.00370	0.00318	0.00212	0.00106	0.00265	0.00185	0.00212	0.00370
18	0.00418	0.00345	0.00368	0.00372	0.00477	0.00295	0.00279	0.00514	0.00793	0.00974	0.12635	0.08548	0.68721	0.00863	0.00408	0.00117	0.00178	0.03077	0.00324	0.00293
19	0.00480	0.00326	0.00430	0.00500	0.02023	0.00300	0.00335	0.00548	0.00685	0.05211	0.01981	0.74079	0.09805	0.01006	0.00427	0.00134	0.00205	0.00906	0.00320	0.00299
20	0.04897	0.00762	0.00906	0.00714	0.00961	0.00801	0.02789	0.32097	0.14261	0.33414	0.01077	0.01010	0.00738	0.00423	0.00368	0.00108	0.03430	0.00331	0.00357	0.00556
21	0.04392	0.00691	0.00871	0.07211	0.03309	0.02771	0.04181	0.21254	0.05975	0.13853	0.01990	0.01140	0.02133	0.07996	0.11408	0.00185	0.08730	0.00348	0.01115	0.00449
22	0.00721	0.00436	0.00519	0.00466	0.00610	0.00400	0.00360	0.00922	0.09078	0.20112	0.24037	0.06057	0.33547	0.00694	0.00387	0.00112	0.00207	0.00589	0.00359	0.00387
23	0.02062	0.37726	0.25702	0.00990	0.15574	0.01024	0.03925	0.02852	0.00754	0.05594	0.00606	0.00702	0.00482	0.00314	0.00286	0.00092	0.00415	0.00243	0.00171	0.00486
24	0.06093	0.02369	0.12468	0.04140	0.10042	0.04408	0.03494	0.13408	0.04841	0.23059	0.01859	0.04490	0.05903	0.00440	0.00341	0.00108	0.00362	0.01396	0.00285	0.00496
25	0.00497	0.00356	0.00494	0.00563	0.04265	0.00353	0.00391	0.00577	0.00657	0.02433	0.02674	0.39094	0.10113	0.02408	0.19238	0.06237	0.00382	0.08702	0.00272	0.00297

[dist]
# distance from previous block
# <min> <max>
1	116

[block]
# block no. 5 follows, 82 sequences, length 59
# corresponding to MSA columns:
# 508-566
name=unknown_F
#
# <colnr> <probs for GDERKNQSTAVLIFYWHMCP>
#	G	D	E	R	K	N	Q	S	T	A	V	L	I	F	Y	W	H	M	C	P
0	0.09229	0.24573	0.18250	0.00827	0.04496	0.01800	0.09073	0.08451	0.08554	0.05372	0.00696	0.00765	0.00535	0.00335	0.00302	0.00096	0.01171	0.00264	0.00208	0.05002
1	0.02793	0.02347	0.16603	0.06632	0.15440	0.02032	0.04509	0.03752	0.04758	0.02647	0.06221	0.11929	0.09079	0.00494	0.00348	0.00106	0.00346	0.00431	0.01368	0.08166
2	0.00527	0.02829	0.07466	0.00537	0.00675	0.00452	0.06481	0.00657	0.00750	0.00998	0.20835	0.02282	0.29521	0.16243	0.02487	0.00160	0.03816	0.00547	0.00270	0.02467
3	0.00847	0.00726	0.00772	0.02958	0.00913	0.01937	0.00544	0.06114	0.71736	0.01419	0.02950	0.05477	0.01097	0.00491	0.00352	0.00116	0.00280	0.00411	0.00339	0.00520
4	0.00756	0.00572	0.00771	0.05718	0.14071	0.00534	0.00535	0.03014	0.07182	0.09230	0.26754	0.01436	0.02798	0.00448	0.00338	0.00092	0.00267	0.00389	0.00285	0.24810
5	0.00999	0.04268	0.37801	0.02458	0.01207	0.00683	0.06967	0.01258	0.00810	0.31999	0.00908	0.00941	0.00623	0.00492	0.05492	0.00133	0.00446	0.00303	0.01700	0.00510
6	0.00921	0.83121	0.01724	0.00583	0.00868	0.01299	0.00576	0.01030	0.00703	0.03489	0.00540	0.02858	0.00500	0.00317	0.00229	0.00076	0.00359	0.00209	0.00160	0.00439
7	0.00417	0.00305	0.00393	0.00462	0.00495	0.00281	0.00314	0.00482	0.00672	0.00882	0.02082	0.75941	0.12706	0.01044	0.00433	0.00136	0.00197	0.02160	0.00318	0.00280
8	0.00638	0.00319	0.00319	0.00319	0.00399	0.00319	0.00239	0.00797	0.00717	0.01275	0.01116	0.01275	0.00877	0.00399	0.00239	0.00080	0.00159	0.00319	0.89877	0.00319
9	0.00501	0.00354	0.00449	0.00445	0.00465	0.00382	0.00294	0.00543	0.00515	0.00710	0.01008	0.01905	0.01095	0.57608	0.29627	0.00399	0.02808	0.00449	0.00198	0.00244
10	0.01275	0.00934	0.01004	0.00777	0.01045	0.01034	0.00639	0.77134	0.07278	0.04063	0.00872	0.00860	0.00619	0.00415	0.00343	0.00104	0.00367	0.00314	0.00344	0.00579
11	0.00474	0.00318	0.00425	0.00489	0.00525	0.00296	0.00339	0.00547	0.00691	0.04365	0.05946	0.75042	0.02234	0.01020	0.00433	0.00137	0.00207	0.05892	0.00325	0.00295
12	0.00807	0.00923	0.02018	0.01442	0.01788	0.00865	0.84602	0.01096	0.00807	0.01096	0.00692	0.00923	0.00519	0.00288	0.00404	0.00115	0.00577	0.00404	0.00173	0.00461
13	0.00686	0.01769	0.86206	0.00975	0.01481	0.00794	0.01264	0.01083	0.00722	0.01083	0.00614	0.00722	0.00433	0.00325	0.00325	0.00108	0.00506	0.00253	0.00144	0.00506
14	0.00911	0.00816	0.00783	0.00701	0.00885	0.11634	0.00545	0.01647	0.62795	0.05622	0.02759	0.01269	0.04004	0.00493	0.01323	0.00117	0.02491	0.00377	0.00323	0.00506
15	0.02435	0.00375	0.00472	0.00469	0.00560	0.00349	0.00351	0.00715	0.02734	0.09565	0.32750	0.26877	0.14104	0.00804	0.00406	0.00121	0.00201	0.06027	0.00348	0.00336
16	0.00496	0.00335	0.00393	0.00393	0.00399	0.00342	0.00232	0.00510	0.00503	0.00678	0.01060	0.02139	0.01201	0.78517	0.11143	0.00356	0.00396	0.00483	0.00205	0.00218
17	0.01458	0.00705	0.00870	0.00667	0.00934	0.00685	0.00551	0.28720	0.01184	0.58739	0.01177	0.01053	0.00760	0.00419	0.00343	0.00105	0.00319	0.00332	0.00397	0.00582
18	0.00685	0.00440	0.00592	0.00624	0.00734	0.00435	0.00539	0.05074	0.00849	0.09905	0.01780	0.03401	0.05181	0.00860	0.00450	0.00148	0.00310	0.67310	0.00328	0.00355
19	0.00417	0.00298	0.00397	0.00476	0.00496	0.00278	0.00318	0.00476	0.00655	0.00873	0.01885	0.87755	0.02262	0.01072	0.00437	0.00139	0.00198	0.00972	0.00318	0.00278
20	0.00477	0.00349	0.00447	0.00423	0.00507	0.00320	0.00317	0.00631	0.00951	0.01331	0.78144	0.02623	0.10773	0.00715	0.00404	0.00108	0.00162	0.00628	0.00371	0.00320
21	0.00686	0.01769	0.86206	0.00975	0.01481	0.00794	0.01264	0.01083	0.00722	0.01083	0.00614	0.00722	0.00433	0.00325	0.00325	0.00108	0.00506	0.00253	0.00144	0.00506
22	0.04081	0.00367	0.00383	0.00374	0.00487	0.00325	0.00282	0.00566	0.02245	0.01049	0.20033	0.02997	0.64022	0.00803	0.00395	0.00114	0.00176	0.00673	0.00326	0.00303
23	0.00908	0.00738	0.00787	0.00696	0.00897	0.00843	0.00545	0.05853	0.76860	0.05774	0.01362	0.01248	0.01012	0.00459	0.00348	0.00115	0.00277	0.00381	0.00352	0.00545
24	0.00686	0.01769	0.86206	0.00975	0.01481	0.00794	0.01264	0.01083	0.00722	0.01083	0.00614	0.00722	0.00433	0.00325	0.00325	0.00108	0.00506	0.00253	0.00144	0.00506
25	0.00646	0.00608	0.01026	0.87156	0.02356	0.00760	0.00950	0.00874	0.00684	0.00874	0.00608	0.00912	0.00456	0.00342	0.00342	0.00114	0.00456	0.00304	0.00152	0.00380
26	0.01484	0.00575	0.00774	0.00599	0.00854	0.00503	0.00493	0.01635	0.02731	0.80868	0.01341	0.01171	0.00852	0.00423	0.00340	0.00105	0.00285	0.00344	0.04053	0.00571
27	0.00545	0.00389	0.00544	0.00623	0.00699	0.00388	0.00540	0.00698	0.00781	0.01017	0.01815	0.07841	0.01983	0.00951	0.00471	0.00157	0.00309	0.79622	0.00315	0.00313
28	0.01502	0.00635	0.00826	0.00634	0.00900	0.00581	0.00523	0.13314	0.01067	0.74310	0.01275	0.01116	0.00810	0.00422	0.00344	0.00105	0.00303	0.00339	0.00412	0.00582
29	0.00690	0.00644	0.00882	0.00773	0.00778	0.00870	0.00624	0.00757	0.00536	0.00825	0.00647	0.05544	0.00678	0.13099	0.01132	0.00172	0.66100	0.00364	0.04544	0.00343
30	0.00554	0.00435	0.00495	0.00463	0.00566	0.03176	0.00350	0.02340	0.07705	0.02384	0.58454	0.04240	0.16142	0.00695	0.00395	0.00109	0.00193	0.00602	0.00357	0.00345
31	0.52374	0.05164	0.02218	0.02420	0.00877	0.21716	0.02939	0.06764	0.00762	0.01338	0.00524	0.00609	0.00412	0.00331	0.00255	0.00100	0.00380	0.00212	0.00205	0.00400
32	0.03195	0.00882	0.00961	0.00746	0.01010	0.00962	0.00614	0.65981	0.07111	0.12613	0.00922	0.00894	0.00645	0.00414	0.00339	0.00104	0.00354	0.00315	0.01366	0.00572
