[name]
unknown

[dist]
# distance from previous block
# <min> <max>
0	461

[block]
# block no. 0 follows, 66 sequences, length 24
# corresponding to MSA columns:
# 474,475,477-482,487-502
name=unknown_A
#
# <colnr> <probs for GDERKNQSTAVLIFYWHMCP>
#	G	D	E	R	K	N	Q	S	T	A	V	L	I	F	Y	W	H	M	C	P
0	0.04939	0.03379	0.06420	0.04260	0.01131	0.04407	0.01649	0.18632	0.11336	0.10286	0.03358	0.06094	0.03624	0.00569	0.00401	0.00124	0.00390	0.06522	0.02340	0.10139
1	0.04630	0.23808	0.09743	0.06264	0.15089	0.16843	0.02143	0.01297	0.00920	0.06436	0.00829	0.04956	0.01594	0.00438	0.00369	0.00113	0.01699	0.00338	0.00223	0.02269
2	0.00632	0.00489	0.00682	0.00654	0.00762	0.00541	0.00508	0.00844	0.06105	0.01023	0.01095	0.01543	0.01002	0.04452	0.69109	0.00558	0.00949	0.00422	0.00233	0.08397
3	0.02640	0.04658	0.09031	0.02827	0.05314	0.05349	0.04223	0.21353	0.08910	0.18087	0.07259	0.01223	0.00987	0.00501	0.00460	0.00127	0.05708	0.00394	0.00346	0.00602
4	0.07705	0.07684	0.03834	0.07102	0.10715	0.17578	0.01984	0.18390	0.08622	0.09938	0.00911	0.00977	0.00683	0.00440	0.00390	0.00120	0.01721	0.00334	0.00295	0.00579
5	0.00773	0.00409	0.00582	0.00567	0.00602	0.00412	0.00395	0.04522	0.00651	0.04403	0.00904	0.07293	0.00897	0.01361	0.03919	0.69582	0.00371	0.01893	0.00220	0.00243
6	0.01187	0.03616	0.09788	0.00893	0.01203	0.01104	0.00779	0.31879	0.39741	0.01947	0.01251	0.01204	0.00923	0.00499	0.00401	0.00128	0.00400	0.00396	0.00374	0.02287
7	0.00951	0.06580	0.01486	0.27817	0.34128	0.05007	0.05207	0.01242	0.06238	0.01196	0.00778	0.01023	0.00628	0.00410	0.00453	0.00127	0.05616	0.00359	0.00206	0.00549
8	0.01062	0.07775	0.42806	0.02699	0.03512	0.03223	0.03312	0.04931	0.09073	0.13943	0.00972	0.02069	0.00705	0.00431	0.00387	0.00125	0.00507	0.00345	0.00263	0.01863
9	0.05676	0.10882	0.11736	0.08048	0.03609	0.02424	0.31306	0.10584	0.01017	0.05377	0.00877	0.05046	0.00703	0.00426	0.00411	0.00127	0.00544	0.00413	0.00244	0.00551
10	0.00501	0.00356	0.00469	0.00557	0.00579	0.00334	0.00368	0.00567	0.00764	0.01019	0.02172	0.79973	0.02603	0.06884	0.00621	0.00180	0.00246	0.01116	0.00368	0.00324
11	0.00507	0.00405	0.00454	0.00456	0.00569	0.00352	0.00337	0.00630	0.00967	0.01232	0.25201	0.13448	0.52007	0.01003	0.00484	0.00138	0.00205	0.00859	0.00396	0.00352
12	0.01219	0.06414	0.20529	0.07525	0.09314	0.03799	0.11680	0.09911	0.02245	0.21914	0.00987	0.01055	0.00694	0.00420	0.00401	0.00125	0.00506	0.00364	0.00291	0.00609
13	0.00828	0.00853	0.04906	0.56920	0.17263	0.00942	0.05032	0.01094	0.00829	0.01109	0.00722	0.01046	0.00561	0.00413	0.00466	0.00135	0.05836	0.00363	0.00185	0.00496
14	0.00521	0.00420	0.00504	0.06069	0.00718	0.00385	0.00392	0.00647	0.00933	0.01189	0.19839	0.20550	0.44389	0.00996	0.00482	0.00141	0.00231	0.00860	0.00378	0.00355
15	0.00986	0.00879	0.06091	0.06085	0.09215	0.03785	0.14771	0.03786	0.11961	0.12049	0.02644	0.13350	0.05082	0.02213	0.00489	0.00143	0.01761	0.03863	0.00318	0.00530
16	0.00962	0.03885	0.38844	0.07549	0.01622	0.04894	0.12544	0.01301	0.02287	0.10271	0.00927	0.04667	0.00729	0.02636	0.02893	0.00152	0.02664	0.00389	0.00231	0.00552
17	0.00502	0.00368	0.00490	0.02700	0.00645	0.00349	0.00394	0.00582	0.00784	0.01037	0.02294	0.75829	0.07928	0.01277	0.02585	0.00174	0.00262	0.01096	0.00368	0.00334
18	0.00843	0.05214	0.70704	0.01228	0.04119	0.00976	0.08783	0.01282	0.00866	0.01275	0.00731	0.00875	0.00527	0.00379	0.00390	0.00127	0.00597	0.00315	0.00175	0.00593
19	0.07429	0.03254	0.03768	0.12409	0.03884	0.09134	0.10153	0.21252	0.04058	0.10181	0.00909	0.01052	0.00681	0.00463	0.00468	0.00129	0.07173	0.01315	0.01724	0.00563
20	0.02836	0.04034	0.14438	0.15598	0.06488	0.06140	0.20739	0.05918	0.03070	0.04130	0.00946	0.04329	0.01899	0.00485	0.01428	0.00136	0.01793	0.01993	0.01264	0.02335
21	0.01805	0.02259	0.04602	0.00751	0.03515	0.04150	0.02888	0.05419	0.05661	0.05242	0.02831	0.49791	0.04098	0.00935	0.00464	0.00145	0.00323	0.00831	0.00349	0.03942
22	0.09287	0.03344	0.10313	0.06376	0.13835	0.09386	0.03896	0.07694	0.04178	0.17299	0.03166	0.04199	0.01768	0.00473	0.00399	0.00124	0.01366	0.00387	0.00299	0.02211
23	0.02070	0.01090	0.11401	0.15340	0.12376	0.08630	0.07547	0.11518	0.04961	0.06333	0.04411	0.04520	0.01965	0.00503	0.01406	0.00131	0.00497	0.00409	0.00271	0.04620

[dist]
# distance from previous block
# <min> <max>
1	65

[block]
# block no. 1 follows, 66 sequences, length 9
# corresponding to MSA columns:
# 570-578
name=unknown_B
#
# <colnr> <probs for GDERKNQSTAVLIFYWHMCP>
#	G	D	E	R	K	N	Q	S	T	A	V	L	I	F	Y	W	H	M	C	P
0	0.03803	0.02636	0.06864	0.05016	0.19812	0.03322	0.00804	0.10394	0.09606	0.09489	0.04136	0.01334	0.04075	0.04159	0.02924	0.00146	0.00429	0.00397	0.02880	0.07774
1	0.03757	0.00869	0.03364	0.07405	0.14765	0.05807	0.02393	0.09143	0.05283	0.09911	0.08378	0.05864	0.04789	0.01798	0.01969	0.00139	0.06089	0.00454	0.00305	0.07517
2	0.00988	0.00836	0.01314	0.06086	0.30694	0.00818	0.10285	0.07057	0.04893	0.07030	0.04751	0.05123	0.04686	0.00494	0.00433	0.01742	0.00427	0.00443	0.00277	0.11621
3	0.01022	0.03481	0.01250	0.06663	0.36486	0.02241	0.00881	0.04915	0.04698	0.08798	0.05026	0.03600	0.03002	0.00447	0.00390	0.00113	0.00407	0.00396	0.00274	0.15911
4	0.04837	0.02420	0.02551	0.09577	0.26932	0.00869	0.05537	0.07714	0.05396	0.06387	0.04567	0.04978	0.00902	0.00459	0.00420	0.00120	0.02912	0.00403	0.00270	0.12751
5	0.00987	0.05869	0.01476	0.14780	0.41063	0.05613	0.06208	0.01271	0.05933	0.02840	0.00898	0.01090	0.02852	0.00397	0.00392	0.00118	0.00482	0.00366	0.00223	0.07139
6	0.08658	0.02211	0.03024	0.09245	0.22631	0.00862	0.07874	0.04179	0.07999	0.09385	0.02405	0.02839	0.00788	0.00424	0.00399	0.00118	0.01934	0.00373	0.00271	0.14382
7	0.02859	0.03618	0.07056	0.06819	0.15190	0.03226	0.04655	0.10910	0.01024	0.09022	0.02828	0.03587	0.00777	0.00423	0.00391	0.00108	0.01924	0.00356	0.00272	0.24954
8	0.03759	0.00846	0.03689	0.29366	0.36617	0.00868	0.02902	0.01148	0.02473	0.02822	0.04309	0.05381	0.00852	0.00447	0.00406	0.00127	0.00469	0.00413	0.00225	0.02880

[dist]
# distance from previous block
# <min> <max>
0	2

[block]
# block no. 2 follows, 66 sequences, length 29
# corresponding to MSA columns:
# 581-609
name=unknown_C
#
# <colnr> <probs for GDERKNQSTAVLIFYWHMCP>
#	G	D	E	R	K	N	Q	S	T	A	V	L	I	F	Y	W	H	M	C	P
0	0.01108	0.65103	0.04795	0.00777	0.01118	0.05760	0.02950	0.06433	0.00912	0.01097	0.00613	0.00709	0.00538	0.00368	0.00314	0.00094	0.02555	0.00243	0.00194	0.04319
1	0.00756	0.00514	0.00623	0.00552	0.00681	0.00466	0.00391	0.02242	0.00760	0.06228	0.03268	0.08020	0.02958	0.33873	0.02012	0.07807	0.01467	0.04461	0.00280	0.22643
2	0.04592	0.03478	0.02569	0.03081	0.04130	0.02072	0.04254	0.48968	0.07414	0.10393	0.01027	0.01043	0.00737	0.00502	0.01606	0.00129	0.00447	0.00367	0.00369	0.02821
3	0.02149	0.00959	0.03082	0.18811	0.38579	0.05669	0.04097	0.07135	0.02849	0.07648	0.00909	0.04688	0.00742	0.00437	0.00407	0.00126	0.00489	0.00397	0.00248	0.00580
4	0.00772	0.00663	0.04492	0.00831	0.00950	0.00719	0.05946	0.00930	0.00711	0.07115	0.00979	0.01386	0.00874	0.03775	0.49670	0.00451	0.18668	0.00416	0.00228	0.00424
5	0.02496	0.03694	0.01080	0.00889	0.04644	0.15654	0.00681	0.20943	0.08932	0.03610	0.00873	0.00947	0.00682	0.00427	0.00410	0.00104	0.05104	0.00313	0.02136	0.26381
6	0.00983	0.00853	0.01087	0.07769	0.13875	0.00948	0.03825	0.07346	0.46251	0.01593	0.03065	0.02694	0.02783	0.00536	0.00417	0.00134	0.00378	0.02474	0.02392	0.00598
7	0.00765	0.00722	0.01232	0.77987	0.02674	0.00884	0.04142	0.01035	0.00831	0.01072	0.04279	0.01166	0.00686	0.00422	0.00412	0.00135	0.00531	0.00381	0.00193	0.00451
8	0.00731	0.00614	0.00887	0.04217	0.18777	0.00676	0.00644	0.02456	0.00745	0.01038	0.01224	0.19757	0.01341	0.27877	0.04074	0.00245	0.13433	0.00607	0.00253	0.00402
9	0.00499	0.00412	0.00438	0.00432	0.00560	0.00351	0.00324	0.00620	0.00971	0.01206	0.20466	0.03723	0.66621	0.00986	0.00479	0.00135	0.00203	0.00831	0.00391	0.00351
10	0.01820	0.00690	0.00942	0.00722	0.01036	0.00596	0.00596	0.01977	0.01161	0.83492	0.01601	0.01381	0.01004	0.00502	0.00408	0.00126	0.00345	0.00408	0.00502	0.00690
11	0.00509	0.00363	0.00465	0.00537	0.00566	0.00340	0.00354	0.00574	0.00767	0.01017	0.03937	0.67203	0.07277	0.13181	0.00733	0.00195	0.00255	0.01047	0.00360	0.00320
12	0.00905	0.00854	0.01457	0.15798	0.56224	0.00880	0.03939	0.01138	0.00896	0.01249	0.00948	0.07648	0.00875	0.00480	0.00423	0.00131	0.00474	0.04894	0.00221	0.00569
13	0.00556	0.00391	0.00449	0.00463	0.00494	0.00374	0.00286	0.00596	0.00709	0.00930	0.07198	0.16910	0.14126	0.53115	0.01460	0.00299	0.00325	0.00735	0.00301	0.00284
14	0.01601	0.00751	0.00936	0.00734	0.01021	0.00719	0.00601	0.17170	0.05333	0.54726	0.04306	0.01377	0.01057	0.00511	0.00401	0.00123	0.00346	0.00411	0.07223	0.00653
15	0.00580	0.00435	0.00652	0.00652	0.00724	0.00507	0.00507	0.00724	0.00652	0.00942	0.01087	0.01594	0.01014	0.03043	0.84134	0.00652	0.01087	0.00435	0.00217	0.00362
16	0.00690	0.04668	0.04997	0.00711	0.00834	0.00569	0.05674	0.04806	0.00871	0.03389	0.03397	0.52537	0.04066	0.00984	0.00515	0.00151	0.04335	0.02277	0.04127	0.00404
17	0.88607	0.00785	0.00596	0.00534	0.00785	0.00910	0.00439	0.01193	0.00690	0.01820	0.00565	0.00659	0.00439	0.00377	0.00251	0.00126	0.00314	0.00220	0.00251	0.00439
18	0.09318	0.00651	0.03314	0.02253	0.17490	0.00625	0.06397	0.01851	0.00714	0.04835	0.00757	0.01112	0.00666	0.00925	0.01019	0.46736	0.00409	0.00352	0.00208	0.00368
19	0.04162	0.05620	0.05261	0.14004	0.04468	0.37750	0.00831	0.03355	0.01006	0.06072	0.00763	0.03285	0.00628	0.00441	0.00407	0.00114	0.03989	0.00318	0.00230	0.07295
20	0.00615	0.00485	0.00714	0.00694	0.00756	0.00588	0.00544	0.00750	0.00647	0.00942	0.01028	0.01542	0.00972	0.05011	0.72427	0.00591	0.10683	0.00430	0.00214	0.00368
21	0.21653	0.01445	0.01070	0.00915	0.01168	0.41813	0.02746	0.21807	0.01230	0.01588	0.00705	0.00785	0.00548	0.00424	0.00352	0.00115	0.00562	0.00283	0.00268	0.00521
22	0.88607	0.00785	0.00596	0.00534	0.00785	0.00910	0.00439	0.01193	0.00690	0.01820	0.00565	0.00659	0.00439	0.00377	0.00251	0.00126	0.00314	0.00220	0.00251	0.00439
23	0.00529	0.00370	0.00473	0.00533	0.00552	0.00360	0.00345	0.00582	0.00712	0.00954	0.01875	0.55171	0.02214	0.27085	0.06074	0.00264	0.00335	0.00938	0.00327	0.00306
24	0.01412	0.01292	0.33550	0.00905	0.01328	0.03823	0.00959	0.01691	0.01041	0.48032	0.01221	0.01150	0.00793	0.00453	0.00398	0.00126	0.00460	0.00360	0.00361	0.00646
25	0.00776	0.00558	0.00707	0.00658	0.00737	0.02839	0.00499	0.02487	0.00768	0.08069	0.04878	0.06460	0.08127	0.15975	0.24430	0.05932	0.13054	0.01329	0.01338	0.00378
26	0.01012	0.01029	0.02084	0.01522	0.01860	0.01026	0.61983	0.01320	0.02637	0.07361	0.00853	0.01094	0.00645	0.00413	0.00599	0.00142	0.13193	0.00455	0.00227	0.00544
27	0.08951	0.00909	0.00971	0.00968	0.12392	0.13000	0.00661	0.04666	0.03015	0.15309	0.01045	0.06802	0.00893	0.03898	0.02078	0.00134	0.02129	0.02350	0.00298	0.19533
28	0.18540	0.12105	0.22374	0.00895	0.03158	0.10640	0.00862	0.08292	0.03185	0.03342	0.01602	0.02832	0.00670	0.00443	0.00381	0.00119	0.03529	0.01705	0.00242	0.05085

[dist]
# distance from previous block
# <min> <max>
0	7

[block]
# block no. 3 follows, 66 sequences, length 22
# corresponding to MSA columns:
# 623-636,643-650
name=unknown_D
#
# <colnr> <probs for GDERKNQSTAVLIFYWHMCP>
#	G	D	E	R	K	N	Q	S	T	A	V	L	I	F	Y	W	H	M	C	P
0	0.09221	0.05331	0.00958	0.00774	0.01025	0.00989	0.00618	0.07801	0.54526	0.07085	0.01485	0.01391	0.03451	0.00522	0.00388	0.00130	0.00333	0.00419	0.00384	0.03168
1	0.00985	0.05334	0.02143	0.05686	0.07580	0.05084	0.02377	0.03483	0.03155	0.06264	0.00794	0.00914	0.00634	0.00359	0.00364	0.00087	0.02930	0.00286	0.00250	0.51293
2	0.00567	0.00416	0.00567	0.01854	0.00689	0.00403	0.02538	0.00701	0.04355	0.02443	0.04531	0.63888	0.04764	0.05664	0.03108	0.00187	0.00291	0.02314	0.00363	0.00356
3	0.00872	0.00741	0.00857	0.00621	0.00975	0.00584	0.00497	0.03901	0.03994	0.01380	0.00765	0.00872	0.00628	0.00317	0.00308	0.00065	0.00306	0.00253	0.00253	0.81809
4	0.01095	0.00900	0.00955	0.00837	0.01080	0.01030	0.00657	0.12109	0.70482	0.03746	0.01565	0.01443	0.01164	0.00541	0.00412	0.00135	0.00337	0.00446	0.00414	0.00649
5	0.00541	0.00413	0.00496	0.00476	0.00586	0.00369	0.00357	0.00702	0.01070	0.01442	0.55454	0.03336	0.31487	0.00899	0.00479	0.00131	0.00196	0.00777	0.00422	0.00369
6	0.00814	0.02099	0.83640	0.01156	0.01756	0.00942	0.01499	0.01285	0.00857	0.01285	0.00728	0.00857	0.00514	0.00385	0.00385	0.00128	0.00600	0.00300	0.00171	0.00600
7	0.42857	0.01381	0.38263	0.00847	0.01262	0.00911	0.02418	0.01276	0.00794	0.05685	0.00696	0.00793	0.00505	0.00386	0.00324	0.00127	0.00452	0.00270	0.00227	0.00527
8	0.00812	0.01338	0.38689	0.01036	0.05712	0.00844	0.03404	0.01295	0.14956	0.01388	0.13364	0.01572	0.03668	0.00547	0.00467	0.00135	0.04900	0.03911	0.01417	0.00547
9	0.00496	0.00375	0.00454	0.00511	0.00572	0.00338	0.00351	0.00579	0.00833	0.01071	0.06021	0.54057	0.27982	0.03686	0.00550	0.00161	0.00229	0.01026	0.00376	0.00333
10	0.00604	0.00379	0.00491	0.00519	0.00539	0.00369	0.00337	0.01876	0.00673	0.00891	0.01561	0.31072	0.05623	0.23729	0.01268	0.28489	0.00317	0.00719	0.00278	0.00265
11	0.01005	0.10223	0.21515	0.08001	0.35825	0.06505	0.03316	0.02661	0.00926	0.03643	0.00777	0.02414	0.00629	0.00395	0.00385	0.00120	0.00523	0.00343	0.00205	0.00588
12	0.01774	0.00721	0.00955	0.00737	0.01048	0.00647	0.00607	0.06186	0.04411	0.76005	0.01570	0.01365	0.00997	0.00503	0.00408	0.00126	0.00350	0.00408	0.00494	0.00689
13	0.00526	0.00374	0.00501	0.00591	0.00626	0.00356	0.00419	0.00613	0.00796	0.01056	0.02180	0.67981	0.02571	0.04895	0.00592	0.00178	0.00266	0.14776	0.00370	0.00333
14	0.00975	0.00982	0.09304	0.06426	0.04502	0.14141	0.02117	0.04306	0.10073	0.08200	0.11934	0.15796	0.01507	0.00692	0.01787	0.00140	0.01489	0.01636	0.03498	0.00494
15	0.01024	0.00958	0.01426	0.10844	0.53824	0.05315	0.01084	0.05465	0.07535	0.02567	0.03758	0.01183	0.00825	0.00424	0.00407	0.00124	0.00472	0.01920	0.00243	0.00602
16	0.01341	0.00684	0.00817	0.00674	0.00915	0.00677	0.00541	0.08716	0.17226	0.38465	0.03973	0.01507	0.03022	0.00526	0.00386	0.00121	0.00308	0.00428	0.19074	0.00597
17	0.00836	0.00741	0.01207	0.41571	0.26886	0.00843	0.01010	0.01075	0.00840	0.01191	0.00828	0.01131	0.00660	0.00492	0.02942	0.00142	0.03468	0.00366	0.13275	0.00496
18	0.00501	0.00357	0.00474	0.00566	0.00590	0.00335	0.00379	0.00572	0.00775	0.01033	0.02206	0.81124	0.02639	0.03761	0.00565	0.00172	0.00243	0.03007	0.00373	0.00328
19	0.00511	0.00412	0.00455	0.00444	0.00568	0.00356	0.00333	0.00644	0.01000	0.01275	0.30668	0.03610	0.56377	0.00961	0.00479	0.00134	0.00201	0.00815	0.00400	0.00356
20	0.03579	0.08950	0.07966	0.00737	0.04384	0.00735	0.00591	0.02201	0.10814	0.10221	0.01078	0.02329	0.00957	0.22626	0.00817	0.01684	0.00380	0.00397	0.00280	0.19274
21	0.04088	0.07274	0.14321	0.02587	0.01208	0.00865	0.02401	0.15904	0.01039	0.03867	0.00805	0.00958	0.00639	0.00393	0.00374	0.00098	0.02885	0.02076	0.00262	0.37956

[dist]
# distance from previous block
# <min> <max>
1	44

[block]
# block no. 4 follows, 66 sequences, length 29
# corresponding to MSA columns:
# 699-727
name=unknown_E
#
# <colnr> <probs for GDERKNQSTAVLIFYWHMCP>
#	G	D	E	R	K	N	Q	S	T	A	V	L	I	F	Y	W	H	M	C	P
0	0.04434	0.23099	0.23886	0.01044	0.05500	0.04966	0.10819	0.04939	0.01980	0.04075	0.01996	0.02486	0.00719	0.06255	0.00498	0.00137	0.02065	0.00349	0.00221	0.00536
1	0.36305	0.16604	0.04889	0.01962	0.04167	0.02208	0.03213	0.06045	0.00886	0.06395	0.03946	0.00976	0.02549	0.00419	0.00312	0.00115	0.00373	0.00302	0.04667	0.03667
2	0.00740	0.00400	0.00459	0.00451	0.00533	0.00403	0.00329	0.00883	0.01894	0.03763	0.06007	0.03187	0.01236	0.08308	0.08383	0.08661	0.00314	0.00436	0.53255	0.00358
3	0.23954	0.10428	0.22148	0.04922	0.10486	0.11327	0.04720	0.05299	0.00909	0.01411	0.00676	0.00811	0.00525	0.00384	0.00343	0.00120	0.00504	0.00287	0.00214	0.00533
4	0.00604	0.00403	0.00538	0.00538	0.00567	0.00432	0.00365	0.00633	0.00605	0.00835	0.01113	0.02015	0.01173	0.39991	0.34299	0.14232	0.00660	0.00492	0.00224	0.00281
5	0.03744	0.01296	0.16417	0.00960	0.01330	0.01182	0.00892	0.62072	0.04430	0.02273	0.00941	0.00962	0.00669	0.00467	0.00398	0.00124	0.00467	0.00352	0.00359	0.00665
6	0.00868	0.00825	0.01401	0.49445	0.37317	0.00928	0.01178	0.01126	0.00860	0.01161	0.00739	0.01048	0.00585	0.00387	0.00404	0.00129	0.00516	0.00361	0.00189	0.00533
7	0.00820	0.00397	0.00412	0.00399	0.00506	0.00391	0.00302	0.01007	0.00869	0.06425	0.01340	0.01505	0.01038	0.00474	0.00291	0.00096	0.00198	0.00380	0.82751	0.00397
8	0.88607	0.00785	0.00596	0.00534	0.00785	0.00910	0.00439	0.01193	0.00690	0.01820	0.00565	0.00659	0.00439	0.00377	0.00251	0.00126	0.00314	0.00220	0.00251	0.00439
9	0.00766	0.00721	0.01217	0.84767	0.02794	0.00901	0.01127	0.01037	0.00811	0.01037	0.00721	0.01082	0.00541	0.00406	0.00406	0.00135	0.00541	0.00361	0.00180	0.00451
10	0.01009	0.00872	0.00917	0.00826	0.01055	0.01009	0.00642	0.02156	0.82478	0.01697	0.01651	0.01514	0.01238	0.00550	0.00413	0.00138	0.00321	0.00459	0.00413	0.00642
11	0.01085	0.85986	0.02126	0.00694	0.01041	0.01605	0.00694	0.01215	0.00824	0.00955	0.00564	0.00651	0.00521	0.00347	0.00260	0.00087	0.00434	0.00217	0.00174	0.00521
12	0.00991	0.00821	0.01367	0.39993	0.36716	0.00892	0.01115	0.01235	0.00900	0.10829	0.00842	0.01084	0.00638	0.00398	0.00404	0.00128	0.00493	0.00367	0.00227	0.00560
13	0.88607	0.00785	0.00596	0.00534	0.00785	0.00910	0.00439	0.01193	0.00690	0.01820	0.00565	0.00659	0.00439	0.00377	0.00251	0.00126	0.00314	0.00220	0.00251	0.00439
14	0.00574	0.00415	0.00542	0.00510	0.00606	0.00383	0.00383	0.00766	0.01148	0.01627	0.82997	0.03031	0.03828	0.00829	0.00479	0.00128	0.00191	0.00734	0.00447	0.00383
15	0.01542	0.01136	0.01218	0.00933	0.01258	0.01258	0.00771	0.81858	0.01908	0.02557	0.00974	0.00974	0.00690	0.00487	0.00406	0.00122	0.00446	0.00365	0.00406	0.00690
16	0.15715	0.00728	0.00900	0.00702	0.01007	0.00680	0.00580	0.05886	0.01123	0.66315	0.01403	0.01245	0.00898	0.00481	0.00383	0.00125	0.00345	0.00376	0.00457	0.00650
17	0.00941	0.00571	0.02908	0.00638	0.00769	0.00525	0.00498	0.06724	0.00911	0.19323	0.01594	0.10011	0.01590	0.31998	0.01060	0.00241	0.00374	0.18551	0.00352	0.00421
18	0.57798	0.01041	0.00790	0.03260	0.00989	0.18103	0.00563	0.07187	0.00898	0.05244	0.00658	0.00741	0.00503	0.00400	0.00298	0.00121	0.00418	0.00251	0.00262	0.00475
19	0.00958	0.01094	0.02394	0.01710	0.02120	0.01026	0.81737	0.01300	0.00958	0.01300	0.00821	0.01094	0.00616	0.00342	0.00479	0.00137	0.00684	0.00479	0.00205	0.00547
20	0.00568	0.00414	0.00534	0.00504	0.00603	0.00380	0.00378	0.00754	0.01135	0.01595	0.78205	0.03084	0.08640	0.00841	0.00479	0.00128	0.00192	0.00741	0.00442	0.00380
21	0.00518	0.00411	0.00466	0.00455	0.00573	0.00359	0.00340	0.00656	0.01012	0.01310	0.36101	0.05703	0.48750	0.00953	0.00480	0.00134	0.00201	0.00814	0.00405	0.00359
22	0.24817	0.01056	0.01002	0.00806	0.01097	0.09675	0.00657	0.39619	0.01388	0.14733	0.00926	0.00928	0.00654	0.00453	0.00361	0.00122	0.00425	0.00322	0.00359	0.00600
23	0.00500	0.00370	0.00467	0.00530	0.00583	0.00338	0.00364	0.00589	0.00843	0.01108	0.10983	0.61571	0.17911	0.01179	0.00507	0.00156	0.00225	0.01054	0.00384	0.00338
24	0.00835	0.07496	0.04479	0.32005	0.08183	0.05975	0.00819	0.00939	0.00752	0.00958	0.01897	0.01113	0.00662	0.02299	0.00811	0.28213	0.01642	0.00347	0.00187	0.00387
25	0.00624	0.00434	0.00564	0.00529	0.00639	0.00395	0.00400	0.00805	0.01106	0.04454	0.68626	0.07352	0.05265	0.00835	0.00474	0.00129	0.00209	0.03127	0.00434	0.03598
26	0.00808	0.00747	0.01215	0.77029	0.04346	0.00920	0.01099	0.04033	0.03740	0.01121	0.00764	0.01091	0.00573	0.00413	0.00406	0.00134	0.00528	0.00364	0.00197	0.00470
27	0.01477	0.01097	0.01187	0.00926	0.01232	0.01220	0.00765	0.74380	0.04693	0.02444	0.01032	0.01123	0.00766	0.00517	0.00431	0.00126	0.02218	0.03295	0.00400	0.00672
28	0.02921	0.05706	0.03685	0.05931	0.03933	0.39483	0.02756	0.13134	0.04629	0.11584	0.00876	0.02024	0.00671	0.00446	0.00380	0.00115	0.00572	0.00327	0.00281	0.00547

[dist]
# distance from previous block
# <min> <max>
1	87

[block]
# block no. 5 follows, 66 sequences, length 23
# corresponding to MSA columns:
# 824-846
name=unknown_F
#
# <colnr> <probs for GDERKNQSTAVLIFYWHMCP>
#	G	D	E	R	K	N	Q	S	T	A	V	L	I	F	Y	W	H	M	C	P
0	0.00834	0.03779	0.73722	0.03732	0.01725	0.00942	0.01407	0.02875	0.00875	0.01297	0.00729	0.00861	0.00523	0.00383	0.00380	0.00124	0.00577	0.00298	0.00180	0.04757
1	0.00555	0.00412	0.00490	0.00517	0.00604	0.00378	0.00375	0.00650	0.00864	0.03663	0.06273	0.34358	0.37312	0.04855	0.00588	0.00162	0.02392	0.04832	0.00372	0.00350
2	0.02798	0.11704	0.02484	0.02728	0.07225	0.04705	0.13231	0.01111	0.00885	0.01257	0.03452	0.01087	0.04607	0.00387	0.00364	0.00094	0.01583	0.00335	0.01214	0.38751
3	0.00580	0.00435	0.00652	0.00652	0.00724	0.00507	0.00507	0.00724	0.00652	0.00942	0.01087	0.01594	0.01014	0.03043	0.84134	0.00652	0.01087	0.00435	0.00217	0.00362
4	0.01785	0.00502	0.00591	0.00539	0.00686	0.00474	0.00415	0.00944	0.04292	0.08785	0.19726	0.09186	0.20729	0.00753	0.00460	0.00124	0.04025	0.01914	0.15370	0.08699
5	0.02229	0.08238	0.03038	0.07920	0.12165	0.06190	0.11114	0.13025	0.14547	0.06398	0.01971	0.01178	0.00811	0.02488	0.00498	0.00134	0.05650	0.01548	0.00286	0.00572
6	0.00534	0.00425	0.00497	0.02491	0.00650	0.00388	0.00383	0.00690	0.03323	0.01230	0.21785	0.17979	0.42509	0.01000	0.00486	0.00142	0.00227	0.04510	0.00389	0.00362
7	0.00493	0.00360	0.00464	0.00547	0.00584	0.00331	0.00369	0.00567	0.00794	0.01043	0.02453	0.76020	0.12000	0.01243	0.00513	0.00162	0.00232	0.01119	0.00377	0.00331
8	0.01516	0.01934	0.01150	0.01045	0.01254	0.84113	0.00784	0.01620	0.01150	0.00993	0.00627	0.00732	0.00523	0.00418	0.00366	0.00105	0.00732	0.00261	0.00209	0.00470
9	0.07117	0.00860	0.01313	0.41040	0.03947	0.02208	0.11743	0.12380	0.01010	0.09819	0.00841	0.01055	0.00614	0.00428	0.00441	0.00133	0.03901	0.00370	0.00254	0.00525
10	0.00605	0.00486	0.00556	0.00583	0.00654	0.04447	0.00417	0.00735	0.02932	0.02393	0.18976	0.47490	0.13090	0.01058	0.00522	0.00150	0.03234	0.00929	0.00379	0.00366
11	0.00494	0.00353	0.00471	0.00565	0.00588	0.00330	0.00377	0.00565	0.00777	0.01036	0.02236	0.85477	0.02683	0.01271	0.00518	0.00165	0.00235	0.01153	0.00377	0.00330
12	0.00841	0.00721	0.00841	0.00601	0.00961	0.00541	0.00481	0.01022	0.00841	0.01322	0.00721	0.00841	0.00601	0.00300	0.00300	0.00060	0.00300	0.00240	0.00240	0.88222
13	0.01046	0.14357	0.10100	0.01896	0.01144	0.04593	0.01715	0.08401	0.03256	0.07624	0.01999	0.00919	0.00677	0.00379	0.00353	0.00092	0.02057	0.00288	0.00261	0.38844
14	0.01158	0.60318	0.04014	0.00758	0.01096	0.01454	0.00721	0.14067	0.08865	0.03057	0.00760	0.00806	0.00627	0.00393	0.00305	0.00099	0.00428	0.00270	0.00240	0.00565
15	0.00484	0.00411	0.00417	0.00415	0.00551	0.00344	0.00312	0.00590	0.00935	0.01120	0.07638	0.03865	0.79503	0.01019	0.00479	0.00137	0.00205	0.00851	0.00380	0.00344
16	0.00795	0.00751	0.01269	0.74723	0.12611	0.00909	0.01141	0.01062	0.00825	0.01072	0.00726	0.01072	0.00553	0.00400	0.00405	0.00133	0.00534	0.00361	0.00183	0.00474
17	0.00561	0.00422	0.00491	0.00476	0.00598	0.00371	0.00362	0.00707	0.01026	0.03386	0.37600	0.03498	0.43681	0.00934	0.00481	0.00135	0.00210	0.04280	0.00410	0.00370
18	0.00755	0.00604	0.00764	0.00731	0.00833	0.00664	0.02666	0.10557	0.13028	0.01312	0.01760	0.44934	0.03331	0.02309	0.03809	0.00178	0.09065	0.01912	0.00352	0.00437
19	0.07261	0.00778	0.03552	0.00741	0.01061	0.00682	0.00629	0.08524	0.01184	0.69020	0.01456	0.01285	0.00927	0.00489	0.00397	0.00125	0.00360	0.00389	0.00468	0.00672
20	0.00649	0.00376	0.00526	0.00523	0.00561	0.00366	0.00367	0.00591	0.00694	0.00928	0.14829	0.01946	0.11063	0.01338	0.05166	0.56839	0.00344	0.02399	0.00252	0.00244
21	0.01146	0.00645	0.00707	0.00591	0.00786	0.00666	0.00472	0.24469	0.01204	0.14385	0.01265	0.01337	0.00933	0.00481	0.00338	0.00107	0.00287	0.00379	0.49285	0.00516
22	0.00765	0.00591	0.00712	0.00588	0.00825	0.00471	0.00443	0.00902	0.00824	0.04837	0.01254	0.27093	0.01303	0.04667	0.00456	0.00111	0.00287	0.00546	0.00294	0.53031

[dist]
# distance from previous block
# <min> <max>
1	2

[block]
# block no. 6 follows, 66 sequences, length 20
# corresponding to MSA columns:
# 853-872
name=unknown_G
#
# <colnr> <probs for GDERKNQSTAVLIFYWHMCP>
#	G	D	E	R	K	N	Q	S	T	A	V	L	I	F	Y	W	H	M	C	P
0	0.03368	0.05513	0.00961	0.04184	0.01065	0.00695	0.00552	0.06999	0.00920	0.04358	0.00755	0.00866	0.00609	0.00339	0.00334	0.00076	0.02065	0.00261	0.00255	0.65825
1	0.01085	0.03550	0.11162	0.00943	0.07688	0.00849	0.02497	0.17874	0.05202	0.08495	0.01916	0.03241	0.00769	0.00427	0.00387	0.00104	0.02130	0.00345	0.00296	0.31041
2	0.30998	0.23154	0.05224	0.00828	0.05281	0.11819	0.00686	0.06836	0.08039	0.02732	0.00729	0.00801	0.00581	0.00399	0.00310	0.00113	0.00431	0.00269	0.00248	0.00521
3	0.00590	0.00393	0.00442	0.00442	0.00442	0.00393	0.00246	0.00590	0.00590	0.00787	0.01278	0.02655	0.01475	0.85742	0.02065	0.00393	0.00393	0.00590	0.00246	0.00246
4	0.01360	0.34160	0.01558	0.00860	0.01173	0.16034	0.00744	0.36426	0.01354	0.01660	0.00754	0.00806	0.00595	0.00421	0.00342	0.00105	0.00492	0.00289	0.00281	0.00586
5	0.01786	0.00745	0.00976	0.00748	0.01063	0.00678	0.00618	0.11817	0.01253	0.73523	0.01523	0.01331	0.00966	0.00500	0.00408	0.00125	0.00358	0.00403	0.00490	0.00690
6	0.00766	0.00721	0.01217	0.84767	0.02794	0.00901	0.01127	0.01037	0.00811	0.01037	0.00721	0.01082	0.00541	0.00406	0.00406	0.00135	0.00541	0.00361	0.00180	0.00451
7	0.00601	0.00414	0.00483	0.00476	0.00479	0.00431	0.00282	0.00611	0.00594	0.00801	0.01241	0.02541	0.01419	0.78880	0.05579	0.00396	0.03699	0.00574	0.00242	0.00259
8	0.01497	0.09036	0.01292	0.00926	0.01238	0.12185	0.00766	0.63898	0.01708	0.02204	0.00891	0.00912	0.00652	0.00465	0.00387	0.00116	0.00483	0.00338	0.00359	0.00646
9	0.00756	0.00378	0.00378	0.00378	0.00473	0.00378	0.00284	0.00945	0.00851	0.01513	0.01324	0.01513	0.01040	0.00473	0.00284	0.00095	0.00189	0.00378	0.87994	0.00378
10	0.00843	0.04879	0.05649	0.17686	0.20400	0.02048	0.07520	0.03181	0.05611	0.01215	0.03698	0.06356	0.04048	0.00852	0.11516	0.01155	0.02151	0.00453	0.00239	0.00503
11	0.02517	0.01117	0.22331	0.01106	0.12042	0.02000	0.03241	0.14271	0.00987	0.07067	0.00916	0.01167	0.00741	0.04098	0.17221	0.05131	0.02893	0.00371	0.00252	0.00532
12	0.00868	0.00765	0.01191	0.71062	0.02519	0.00932	0.01054	0.11720	0.00957	0.01252	0.00773	0.01081	0.00576	0.00418	0.00402	0.00132	0.00517	0.00362	0.02937	0.00480
13	0.00980	0.00934	0.01408	0.11250	0.03583	0.01149	0.13525	0.11803	0.05562	0.01293	0.00729	0.00994	0.00611	0.00568	0.00888	0.00155	0.43449	0.00382	0.00226	0.00510
14	0.00568	0.00424	0.00628	0.00641	0.00706	0.00484	0.00490	0.00703	0.00669	0.00954	0.01239	0.12685	0.01235	0.02809	0.73078	0.00588	0.00974	0.00530	0.00238	0.00358
15	0.00909	0.00891	0.01579	0.32176	0.41095	0.00957	0.11835	0.01169	0.00879	0.01208	0.00749	0.01041	0.00599	0.00384	0.00439	0.00130	0.02835	0.00376	0.00193	0.00555
16	0.00579	0.00432	0.00638	0.00633	0.00709	0.00491	0.00491	0.00730	0.00718	0.01032	0.11917	0.01784	0.01386	0.02750	0.73073	0.00583	0.00968	0.00474	0.00248	0.00365
17	0.00619	0.00401	0.00466	0.00472	0.00500	0.00388	0.00287	0.00645	0.00672	0.04418	0.01680	0.15955	0.08400	0.61539	0.01615	0.00324	0.00350	0.00694	0.00289	0.00286
18	0.00575	0.00396	0.00438	0.00438	0.00456	0.00387	0.00254	0.00589	0.00634	0.00828	0.01653	0.02820	0.12261	0.74541	0.01855	0.00359	0.00368	0.00625	0.00263	0.00259
19	0.01017	0.00927	0.02290	0.16841	0.05738	0.04089	0.03243	0.12749	0.31447	0.01536	0.03232	0.02470	0.00945	0.00518	0.00502	0.00135	0.08841	0.00415	0.00312	0.02755

[dist]
# distance from previous block
# <min> <max>
1	42

[block]
# block no. 7 follows, 66 sequences, length 47
# corresponding to MSA columns:
# 918-935,1051-1066,1076-1088
name=unknown_H
#
# <colnr> <probs for GDERKNQSTAVLIFYWHMCP>
#	G	D	E	R	K	N	Q	S	T	A	V	L	I	F	Y	W	H	M	C	P
0	0.42386	0.06502	0.04510	0.02010	0.06203	0.00917	0.06695	0.04230	0.03191	0.01545	0.00806	0.06904	0.00706	0.00525	0.02584	0.00139	0.03196	0.00347	0.01683	0.04920
1	0.17886	0.08811	0.07323	0.03075	0.02010	0.06671	0.03891	0.03624	0.03599	0.01193	0.01920	0.02398	0.00722	0.01768	0.06973	0.25162	0.00471	0.00338	0.00222	0.01945
2	0.00497	0.00355	0.00473	0.00563	0.00589	0.00331	0.00377	0.00572	0.00790	0.01057	0.05157	0.82495	0.02725	0.01255	0.00516	0.00163	0.00234	0.01138	0.00379	0.00331
3	0.02496	0.78247	0.02018	0.00712	0.01045	0.06221	0.00694	0.01230	0.00843	0.00975	0.00598	0.00731	0.00554	0.00366	0.00272	0.00090	0.00448	0.01763	0.00181	0.00514
4	0.00491	0.00398	0.00436	0.00456	0.00562	0.00343	0.00331	0.00594	0.00908	0.01126	0.10295	0.23214	0.57293	0.01069	0.00489	0.00143	0.00211	0.00917	0.00383	0.00343
5	0.04889	0.30356	0.34350	0.00948	0.03717	0.01167	0.01016	0.05946	0.03391	0.04308	0.02049	0.00863	0.00622	0.00401	0.00366	0.00114	0.02797	0.00290	0.00215	0.02195
6	0.01191	0.00640	0.00949	0.13207	0.12037	0.00619	0.00707	0.01355	0.00976	0.37420	0.01537	0.22367	0.01349	0.00681	0.00439	0.00138	0.00365	0.03095	0.00380	0.00549
7	0.00654	0.00467	0.00654	0.00747	0.00841	0.00467	0.00654	0.00841	0.00934	0.01214	0.02148	0.04576	0.02335	0.01121	0.00560	0.00187	0.00374	0.80480	0.00374	0.00374
8	0.00920	0.03537	0.05755	0.47477	0.08623	0.09598	0.12212	0.02482	0.03328	0.01145	0.00756	0.01028	0.00578	0.00398	0.00406	0.00129	0.00568	0.00362	0.00198	0.00500
9	0.00929	0.14770	0.36515	0.03605	0.11466	0.01030	0.15116	0.01285	0.03163	0.03922	0.00856	0.03093	0.01641	0.00408	0.00390	0.00124	0.00542	0.00363	0.00207	0.00573
10	0.12342	0.00702	0.00900	0.00699	0.01005	0.00634	0.00577	0.01882	0.01104	0.73590	0.01475	0.01293	0.00936	0.00487	0.00389	0.00126	0.00341	0.00385	0.00472	0.00660
11	0.01734	0.00676	0.00909	0.00704	0.01002	0.00591	0.00579	0.03160	0.01158	0.76261	0.03680	0.01423	0.01074	0.00509	0.00404	0.00124	0.00336	0.00414	0.04595	0.00668
12	0.08878	0.03346	0.02677	0.10149	0.37282	0.03077	0.08339	0.06925	0.03236	0.06517	0.00935	0.03872	0.02124	0.00432	0.00397	0.00125	0.00470	0.00393	0.00251	0.00578
13	0.00696	0.00605	0.00936	0.24340	0.11736	0.00695	0.00768	0.00856	0.00768	0.01048	0.01252	0.25203	0.01319	0.05110	0.11367	0.00226	0.09407	0.02999	0.00252	0.00417
14	0.00556	0.00396	0.00530	0.00565	0.00601	0.00413	0.00392	0.00635	0.00686	0.00938	0.01568	0.30407	0.01759	0.26406	0.29080	0.00396	0.00572	0.03496	0.00285	0.00318
15	0.00688	0.01181	0.36394	0.00884	0.02502	0.00669	0.04373	0.00980	0.00923	0.01298	0.18970	0.11320	0.12377	0.00693	0.00461	0.00137	0.02037	0.03349	0.00289	0.00477
16	0.86651	0.00793	0.00610	0.00543	0.00795	0.00918	0.00447	0.03005	0.00718	0.01837	0.00574	0.00666	0.00445	0.00379	0.00255	0.00125	0.00317	0.00223	0.00255	0.00445
17	0.00845	0.06488	0.40404	0.02387	0.01341	0.00852	0.02242	0.09742	0.03006	0.01383	0.05311	0.14271	0.03330	0.00571	0.00405	0.00127	0.00459	0.00476	0.00259	0.06101
18	0.00905	0.00919	0.01271	0.03615	0.01152	0.03700	0.03098	0.01006	0.00652	0.00988	0.00549	0.00894	0.00535	0.00682	0.01251	0.00173	0.77628	0.00356	0.00179	0.00448
19	0.01085	0.85986	0.02126	0.00694	0.01041	0.01605	0.00694	0.01215	0.00824	0.00955	0.00564	0.00651	0.00521	0.00347	0.00260	0.00087	0.00434	0.00217	0.00174	0.00521
20	0.00589	0.00396	0.00454	0.00454	0.00458	0.00400	0.00260	0.00598	0.00593	0.00795	0.01268	0.02596	0.01449	0.81116	0.06655	0.00408	0.00432	0.00581	0.00244	0.00252
21	0.00766	0.00721	0.01217	0.84767	0.02794	0.00901	0.01127	0.01037	0.00811	0.01037	0.00721	0.01082	0.00541	0.00406	0.00406	0.00135	0.00541	0.00361	0.00180	0.00451
22	0.01516	0.01934	0.01150	0.01045	0.01254	0.84113	0.00784	0.01620	0.01150	0.00993	0.00627	0.00732	0.00523	0.00418	0.00366	0.00105	0.00732	0.00261	0.00209	0.00470
23	0.00570	0.00387	0.00460	0.00485	0.00497	0.00381	0.00297	0.00599	0.00663	0.00885	0.03768	0.22154	0.01857	0.60184	0.01598	0.00324	0.00350	0.03978	0.00287	0.00274
24	0.00756	0.00378	0.00378	0.00378	0.00473	0.00378	0.00284	0.00945	0.00851	0.01513	0.01324	0.01513	0.01040	0.00473	0.00284	0.00095	0.00189	0.00378	0.87994	0.00378
25	0.00985	0.00945	0.01613	0.09030	0.76819	0.00959	0.01236	0.01229	0.00915	0.01302	0.00760	0.01010	0.00635	0.00365	0.00402	0.00122	0.00487	0.00361	0.00199	0.00627
26	0.00521	0.00393	0.00482	0.00502	0.00584	0.00354	0.00361	0.00648	0.00961	0.01282	0.34169	0.31353	0.24844	0.01033	0.00492	0.00143	0.00210	0.00910	0.00404	0.00354
27	0.01085	0.85986	0.02126	0.00694	0.01041	0.01605	0.00694	0.01215	0.00824	0.00955	0.00564	0.00651	0.00521	0.00347	0.00260	0.00087	0.00434	0.00217	0.00174	0.00521
28	0.36046	0.00753	0.00777	0.00637	0.02446	0.00725	0.00503	0.01284	0.04360	0.13629	0.00829	0.00880	0.00624	0.00373	0.00303	0.00100	0.00317	0.00268	0.00290	0.34857
29	0.06058	0.01052	0.01169	0.00898	0.01219	0.02269	0.03514	0.59305	0.02976	0.11328	0.01009	0.01005	0.00711	0.00468	0.00394	0.00120	0.00431	0.00360	0.00390	0.05323
30	0.01004	0.00964	0.01647	0.02490	0.83211	0.00964	0.01245	0.01245	0.00924	0.01325	0.00763	0.01004	0.00643	0.00361	0.00402	0.00120	0.00482	0.00361	0.00201	0.00643
31	0.00959	0.01094	0.02275	0.01642	0.02030	0.03877	0.75709	0.01282	0.00957	0.01279	0.00870	0.04425	0.00694	0.00381	0.00476	0.00137	0.00668	0.00498	0.00212	0.00536
32	0.00486	0.00405	0.00424	0.00438	0.00560	0.00344	0.00325	0.00586	0.00906	0.01091	0.03827	0.14213	0.70980	0.01060	0.00486	0.00142	0.00213	0.02794	0.00377	0.00342
33	0.02433	0.01041	0.12126	0.00924	0.04682	0.02383	0.00773	0.05948	0.52049	0.05563	0.04623	0.01386	0.01138	0.00515	0.00405	0.00131	0.00375	0.00424	0.00366	0.02715
34	0.01414	0.02841	0.01132	0.02231	0.01228	0.64394	0.00767	0.09646	0.02256	0.01167	0.00804	0.03085	0.02166	0.00480	0.00412	0.00113	0.03545	0.01595	0.00240	0.00487
35	0.00645	0.00486	0.00631	0.00601	0.00622	0.00564	0.00424	0.00696	0.00616	0.00873	0.01089	0.02022	0.01168	0.46092	0.22692	0.02811	0.14839	0.00499	0.02320	0.00310
36	0.02006	0.01226	0.24506	0.08987	0.16735	0.05733	0.02841	0.05584	0.06828	0.03850	0.10336	0.01308	0.03138	0.00484	0.00437	0.00128	0.03358	0.00403	0.01557	0.00554
37	0.00766	0.00721	0.01217	0.84767	0.02794	0.00901	0.01127	0.01037	0.00811	0.01037	0.00721	0.01082	0.00541	0.00406	0.00406	0.00135	0.00541	0.00361	0.00180	0.00451
38	0.04068	0.02205	0.07722	0.28811	0.08972	0.06601	0.00902	0.01386	0.22795	0.01307	0.04662	0.02325	0.03259	0.01792	0.00438	0.00135	0.01418	0.00411	0.00269	0.00523
39	0.00519	0.00415	0.00466	0.00461	0.00583	0.00362	0.00351	0.00654	0.00996	0.01270	0.28849	0.03667	0.53614	0.00970	0.00484	0.00137	0.00210	0.05237	0.00399	0.00357
40	0.00626	0.02894	0.03196	0.01611	0.01723	0.02640	0.00448	0.01780	0.02730	0.01047	0.06795	0.25789	0.09209	0.22597	0.13535	0.00285	0.00442	0.01995	0.00304	0.00353
41	0.05240	0.02336	0.15585	0.06532	0.05348	0.01076	0.03593	0.31856	0.02725	0.02681	0.00859	0.02166	0.00674	0.01571	0.04240	0.00159	0.12134	0.00366	0.00282	0.00578
42	0.01635	0.00733	0.00941	0.00738	0.01026	0.00683	0.00604	0.15147	0.01258	0.60888	0.04921	0.04372	0.01159	0.02026	0.00446	0.00132	0.00353	0.01814	0.00473	0.00652
43	0.04267	0.31259	0.09040	0.04623	0.13142	0.05149	0.03107	0.12704	0.04558	0.01336	0.00744	0.00880	0.00609	0.00480	0.01879	0.03306	0.01833	0.00304	0.00227	0.00551
44	0.00489	0.00409	0.00419	0.00419	0.00545	0.00347	0.00309	0.00590	0.00914	0.01100	0.07089	0.05010	0.74297	0.05579	0.00565	0.00151	0.00215	0.00841	0.00373	0.00339
45	0.01959	0.12481	0.22029	0.00914	0.05811	0.02376	0.04315	0.03544	0.01897	0.01289	0.14496	0.10631	0.09129	0.00654	0.00442	0.00131	0.02453	0.04683	0.00283	0.00485
46	0.04024	0.02193	0.24309	0.04377	0.07429	0.00845	0.04734	0.02491	0.00839	0.02133	0.01888	0.07133	0.00767	0.00484	0.00515	0.00121	0.12864	0.00377	0.01415	0.21059

[dist]
# distance from previous block
# <min> <max>
2	61

[block]
# block no. 8 follows, 66 sequences, length 46
# corresponding to MSA columns:
# 1152-1197
name=unknown_I
#
# <colnr> <probs for GDERKNQSTAVLIFYWHMCP>
#	G	D	E	R	K	N	Q	S	T	A	V	L	I	F	Y	W	H	M	C	P
0	0.09986	0.14450	0.17013	0.02087	0.01174	0.08738	0.02235	0.02212	0.02096	0.03584	0.00861	0.02084	0.03666	0.00403	0.00345	0.00100	0.01498	0.00300	0.00231	0.26936
1	0.10031	0.26435	0.05348	0.04338	0.22290	0.07262	0.02635	0.02268	0.02635	0.02565	0.00713	0.01921	0.00604	0.00398	0.00382	0.00111	0.04334	0.00302	0.00212	0.05217
2	0.00582	0.00421	0.00534	0.00558	0.00630	0.00404	0.00414	0.02142	0.00911	0.01223	0.24355	0.21090	0.11456	0.14517	0.03689	0.00208	0.00305	0.15844	0.00369	0.00348
3	0.00592	0.00439	0.00632	0.00629	0.00691	0.00505	0.00478	0.00717	0.00650	0.00934	0.01120	0.01768	0.01087	0.14417	0.68246	0.00589	0.02875	0.01635	0.01646	0.00348
4	0.00843	0.00555	0.00679	0.00605	0.00753	0.00573	0.01875	0.10405	0.07089	0.06533	0.24572	0.01960	0.04560	0.01032	0.14500	0.00208	0.00399	0.00513	0.21890	0.00453
5	0.00573	0.00389	0.00450	0.00463	0.00473	0.00382	0.00272	0.00593	0.00646	0.00862	0.04509	0.15072	0.03655	0.67996	0.01738	0.00343	0.00358	0.00686	0.00276	0.00266
6	0.01161	0.40110	0.05375	0.00873	0.02241	0.24168	0.00765	0.02475	0.08058	0.01082	0.00752	0.00845	0.01845	0.00429	0.00402	0.00107	0.07337	0.00281	0.01177	0.00515
7	0.00510	0.00370	0.00482	0.00543	0.00589	0.00342	0.00373	0.00608	0.00865	0.01164	0.19380	0.62424	0.08525	0.01161	0.00507	0.00155	0.00224	0.01044	0.00391	0.00342
8	0.00761	0.00723	0.02522	0.29716	0.11664	0.00816	0.02065	0.00998	0.03832	0.01201	0.15095	0.03262	0.09923	0.00610	0.00587	0.00140	0.14871	0.00495	0.00261	0.00459
9	0.86194	0.00782	0.00606	0.00539	0.00792	0.00901	0.00444	0.01214	0.00704	0.04091	0.00594	0.00679	0.00455	0.00380	0.00255	0.00126	0.00315	0.00225	0.00258	0.00446
10	0.03252	0.01062	0.01131	0.04126	0.01258	0.02472	0.00747	0.56683	0.21118	0.02252	0.01112	0.01097	0.00808	0.00496	0.00404	0.00126	0.00422	0.00383	0.00392	0.00661
11	0.01820	0.00690	0.00942	0.00722	0.01036	0.00596	0.00596	0.01977	0.01161	0.83492	0.01601	0.01381	0.01004	0.00502	0.00408	0.00126	0.00345	0.00408	0.00502	0.00690
12	0.00590	0.00393	0.00442	0.00442	0.00442	0.00393	0.00246	0.00590	0.00590	0.00787	0.01278	0.02655	0.01475	0.85742	0.02065	0.00393	0.00393	0.00590	0.00246	0.00246
13	0.00494	0.00353	0.00471	0.00565	0.00588	0.00330	0.00377	0.00565	0.00777	0.01036	0.02236	0.85477	0.02683	0.01271	0.00518	0.00165	0.00235	0.01153	0.00377	0.00330
14	0.00678	0.00370	0.00555	0.00555	0.00571	0.00386	0.00386	0.00571	0.00555	0.00756	0.00787	0.01311	0.00772	0.01763	0.19448	0.69252	0.00511	0.00370	0.00185	0.00216
15	0.00964	0.01014	0.01231	0.01063	0.01088	0.11293	0.00875	0.01054	0.00685	0.00978	0.00544	0.00869	0.00531	0.00675	0.01214	0.00169	0.74779	0.00344	0.00181	0.00447
16	0.00946	0.01071	0.02329	0.01674	0.02073	0.01005	0.78720	0.01283	0.00957	0.01296	0.00870	0.01224	0.00680	0.00371	0.00482	0.00139	0.00672	0.03456	0.00211	0.00541
17	0.00559	0.00414	0.00521	0.00494	0.00597	0.00376	0.00371	0.00736	0.01112	0.01541	0.70193	0.03172	0.16686	0.00862	0.00479	0.00129	0.00194	0.00754	0.00435	0.00376
18	0.00766	0.00721	0.01217	0.84767	0.02794	0.00901	0.01127	0.01037	0.00811	0.01037	0.00721	0.01082	0.00541	0.00406	0.00406	0.00135	0.00541	0.00361	0.00180	0.00451
19	0.00887	0.00752	0.00900	0.00793	0.00853	0.05340	0.00642	0.04116	0.00782	0.01226	0.00863	0.01152	0.00747	0.01979	0.03184	0.00158	0.43366	0.00364	0.31469	0.00426
20	0.00592	0.00442	0.00571	0.00639	0.00739	0.00421	0.00535	0.00747	0.00919	0.01167	0.02703	0.10797	0.24912	0.01107	0.00534	0.00171	0.00316	0.51950	0.00375	0.00361
21	0.00630	0.00442	0.00589	0.00607	0.00709	0.00420	0.00495	0.00813	0.01046	0.03342	0.42775	0.03684	0.08162	0.00954	0.00511	0.00153	0.00271	0.33598	0.00413	0.00384
22	0.05505	0.00736	0.00950	0.00734	0.01044	0.00674	0.00605	0.08728	0.02704	0.71609	0.01504	0.01318	0.00958	0.00496	0.00401	0.00125	0.00352	0.00397	0.00482	0.00679
23	0.00634	0.00591	0.00544	0.00523	0.00652	0.10269	0.00391	0.00766	0.01022	0.01259	0.29915	0.05289	0.44885	0.00896	0.00467	0.00131	0.00264	0.00753	0.00380	0.00371
24	0.00494	0.00353	0.00471	0.00565	0.00588	0.00330	0.00377	0.00565	0.00777	0.01036	0.02236	0.85477	0.02683	0.01271	0.00518	0.00165	0.00235	0.01153	0.00377	0.00330
25	0.00588	0.00392	0.00443	0.00446	0.00446	0.00392	0.00249	0.00589	0.00595	0.00793	0.01302	0.04691	0.01505	0.83665	0.02027	0.00388	0.00389	0.00604	0.00249	0.00248
26	0.00553	0.00386	0.00505	0.00581	0.00622	0.00365	0.00399	0.02940	0.00824	0.02581	0.02221	0.77636	0.04091	0.01226	0.00513	0.00163	0.00247	0.03420	0.00380	0.00348
27	0.00578	0.00419	0.00521	0.00492	0.00602	0.00378	0.00370	0.00749	0.01099	0.03134	0.63684	0.03194	0.21543	0.00867	0.00477	0.00130	0.00198	0.00755	0.00432	0.00380
