[name]
unknown

[dist]
# distance from previous block
# <min> <max>
0	696

[block]
# block no. 0 follows, 81 sequences, length 21
# corresponding to MSA columns:
# 696-716
name=unknown_A
#
# <colnr> <probs for GDERKNQSTAVLIFYWHMCP>
#	G	D	E	R	K	N	Q	S	T	A	V	L	I	F	Y	W	H	M	C	P
0	0.01223	0.00908	0.00968	0.00771	0.01022	0.03015	0.00635	0.66314	0.08524	0.04734	0.00967	0.01116	0.00742	0.00461	0.00356	0.00109	0.00369	0.06866	0.00343	0.00558
1	0.00724	0.00660	0.02955	0.02779	0.01586	0.02328	0.07130	0.03751	0.38415	0.01251	0.10019	0.15351	0.04145	0.00667	0.03347	0.00135	0.01251	0.02752	0.00311	0.00444
2	0.02800	0.08898	0.04962	0.05303	0.05718	0.10836	0.02805	0.05245	0.04156	0.33676	0.02907	0.01197	0.07426	0.00435	0.00343	0.00104	0.01079	0.01316	0.00300	0.00493
3	0.13227	0.02792	0.14683	0.00600	0.00823	0.02944	0.01342	0.02345	0.03194	0.04337	0.01962	0.19954	0.01017	0.00564	0.01952	0.00112	0.00314	0.03521	0.07302	0.17016
4	0.00889	0.00706	0.00843	0.00704	0.07568	0.00623	0.00518	0.19027	0.00929	0.04708	0.00693	0.00770	0.00544	0.00301	0.00286	0.00069	0.00296	0.00241	0.00241	0.60042
5	0.00988	0.00846	0.02378	0.00825	0.06968	0.07474	0.00613	0.09723	0.56379	0.08103	0.01212	0.01143	0.00899	0.00438	0.00346	0.00112	0.00326	0.00358	0.00327	0.00542
6	0.00875	0.09592	0.29499	0.03821	0.04687	0.01833	0.07054	0.05800	0.00814	0.10713	0.00706	0.00791	0.00523	0.00321	0.00311	0.00092	0.00406	0.00265	0.00207	0.21691
7	0.02666	0.03389	0.12214	0.09760	0.08179	0.05019	0.08460	0.03301	0.08219	0.21926	0.00925	0.03568	0.00705	0.01253	0.00404	0.00113	0.05413	0.01549	0.00257	0.02682
8	0.00788	0.19476	0.60362	0.00902	0.01348	0.00940	0.03306	0.07083	0.00790	0.01114	0.00608	0.00706	0.00452	0.00327	0.00310	0.00102	0.00474	0.00249	0.00161	0.00501
9	0.00728	0.00774	0.03324	0.10821	0.17538	0.15565	0.02860	0.00908	0.04578	0.00982	0.02519	0.13610	0.19935	0.00588	0.00383	0.00113	0.01672	0.02467	0.00238	0.00394
10	0.00956	0.00967	0.17117	0.13293	0.14121	0.03713	0.11439	0.09954	0.02753	0.15861	0.01582	0.02385	0.01291	0.00384	0.00365	0.00110	0.01719	0.01252	0.00238	0.00500
11	0.00756	0.00584	0.02320	0.06207	0.02339	0.07247	0.02996	0.05980	0.02126	0.11674	0.13617	0.28776	0.04014	0.00709	0.00394	0.00121	0.00298	0.07175	0.02284	0.00383
12	0.02698	0.03056	0.07611	0.00780	0.01009	0.28525	0.00649	0.09890	0.31896	0.07617	0.00970	0.00984	0.00735	0.00413	0.00332	0.00105	0.00420	0.01537	0.00277	0.00495
13	0.03998	0.26592	0.15310	0.00899	0.11854	0.05601	0.03748	0.06018	0.03366	0.08165	0.03023	0.02248	0.04514	0.00394	0.00318	0.00099	0.01198	0.01965	0.00216	0.00472
14	0.03090	0.08190	0.10716	0.00880	0.08788	0.01782	0.04728	0.19812	0.13707	0.19556	0.00990	0.04623	0.00745	0.00416	0.00338	0.00107	0.00365	0.00343	0.00295	0.00531
15	0.00440	0.00315	0.00422	0.00494	0.00525	0.00296	0.00346	0.00519	0.00700	0.00937	0.08489	0.72191	0.02331	0.01039	0.00442	0.00140	0.00210	0.09551	0.00325	0.00288
16	0.00520	0.07384	0.02881	0.00496	0.00607	0.00451	0.00410	0.00648	0.01760	0.01010	0.15413	0.12990	0.31670	0.02447	0.00459	0.00128	0.03380	0.16719	0.00303	0.00323
17	0.01800	0.08102	0.29049	0.02666	0.07521	0.02006	0.19550	0.03506	0.04344	0.16913	0.00803	0.00879	0.00573	0.00343	0.00342	0.00107	0.00452	0.00312	0.00222	0.00511
18	0.00670	0.03714	0.63198	0.00883	0.01286	0.00748	0.02081	0.01032	0.04298	0.01043	0.00713	0.00895	0.00556	0.03209	0.14010	0.00186	0.00558	0.00286	0.00163	0.00469
19	0.00427	0.00305	0.00408	0.00488	0.00511	0.00286	0.00331	0.00492	0.00667	0.00889	0.01901	0.83861	0.02271	0.01077	0.00443	0.00141	0.00206	0.04694	0.00321	0.00282
20	0.00751	0.00754	0.03882	0.27112	0.40313	0.00765	0.09057	0.00991	0.02977	0.01066	0.05359	0.03965	0.00737	0.00371	0.00356	0.00110	0.00421	0.00358	0.00187	0.00468

[dist]
# distance from previous block
# <min> <max>
0	2

[block]
# block no. 1 follows, 81 sequences, length 11
# corresponding to MSA columns:
# 719-729
name=unknown_B
#
# <colnr> <probs for GDERKNQSTAVLIFYWHMCP>
#	G	D	E	R	K	N	Q	S	T	A	V	L	I	F	Y	W	H	M	C	P
0	0.35034	0.06682	0.00892	0.02845	0.08157	0.37324	0.00591	0.02953	0.00803	0.01164	0.00529	0.00626	0.00430	0.00336	0.00273	0.00097	0.00444	0.00218	0.00192	0.00409
1	0.00899	0.00846	0.00820	0.00717	0.00887	0.18424	0.05536	0.14508	0.21197	0.01268	0.05431	0.04883	0.06215	0.06758	0.00463	0.00127	0.00371	0.07168	0.03049	0.00432
2	0.00496	0.00344	0.00419	0.00419	0.00439	0.00357	0.00266	0.00530	0.00528	0.00713	0.01153	0.02087	0.04821	0.63330	0.22322	0.00379	0.00472	0.00480	0.00208	0.00237
3	0.00719	0.10837	0.71710	0.00913	0.01388	0.00840	0.01149	0.01073	0.00726	0.01066	0.00605	0.00710	0.00443	0.00320	0.00312	0.00102	0.00479	0.00245	0.00150	0.06214
4	0.06679	0.05007	0.03569	0.00724	0.00978	0.03831	0.00606	0.42227	0.17372	0.03520	0.00893	0.02557	0.00678	0.00412	0.00339	0.00102	0.01874	0.00313	0.00303	0.08015
5	0.00842	0.13398	0.32244	0.02360	0.03759	0.00784	0.02528	0.06401	0.02105	0.07990	0.02395	0.00864	0.00600	0.00342	0.00307	0.00092	0.00391	0.01905	0.00207	0.20487
6	0.01006	0.07444	0.24589	0.00939	0.03552	0.03309	0.16283	0.12396	0.03228	0.18525	0.03341	0.02337	0.00692	0.00378	0.00346	0.00107	0.00431	0.00331	0.00252	0.00513
7	0.05975	0.14165	0.57452	0.06775	0.01379	0.00862	0.01052	0.01104	0.00731	0.06555	0.00639	0.00736	0.00463	0.00331	0.00308	0.00104	0.00458	0.00251	0.00169	0.00489
8	0.07401	0.00793	0.03396	0.02612	0.00958	0.03187	0.00587	0.18346	0.39100	0.12131	0.01182	0.01265	0.00902	0.00465	0.00347	0.00114	0.00321	0.06037	0.00332	0.00523
9	0.01726	0.06575	0.15851	0.15890	0.12337	0.02592	0.13031	0.02334	0.00790	0.06244	0.06762	0.04144	0.07456	0.00430	0.00371	0.00110	0.02317	0.00382	0.00213	0.00444
10	0.00810	0.00834	0.06923	0.17021	0.33964	0.06916	0.03295	0.01086	0.08965	0.04065	0.03811	0.04984	0.03925	0.00417	0.00353	0.00109	0.00402	0.01435	0.00215	0.00471

[dist]
# distance from previous block
# <min> <max>
1	5

[block]
# block no. 2 follows, 81 sequences, length 21
# corresponding to MSA columns:
# 735-755
name=unknown_C
#
# <colnr> <probs for GDERKNQSTAVLIFYWHMCP>
#	G	D	E	R	K	N	Q	S	T	A	V	L	I	F	Y	W	H	M	C	P
0	0.03187	0.06826	0.34195	0.00878	0.07930	0.04443	0.03488	0.02299	0.02972	0.03203	0.15703	0.01238	0.02888	0.03173	0.01783	0.01296	0.02419	0.01419	0.00218	0.00443
1	0.00856	0.02129	0.12533	0.13681	0.16584	0.03081	0.10560	0.05228	0.02278	0.12621	0.04683	0.04126	0.08209	0.00440	0.00360	0.00111	0.00398	0.01415	0.00241	0.00467
2	0.00565	0.00385	0.00492	0.00459	0.00557	0.00361	0.00349	0.00760	0.05083	0.06344	0.68367	0.04874	0.07111	0.00702	0.00403	0.00111	0.00181	0.02170	0.00376	0.00349
3	0.00420	0.00305	0.00397	0.00470	0.00498	0.00282	0.00316	0.00482	0.00672	0.00886	0.02040	0.80439	0.09391	0.01065	0.00438	0.00138	0.00198	0.00960	0.00321	0.00282
4	0.24596	0.02666	0.13479	0.02212	0.10315	0.03317	0.09285	0.03512	0.03634	0.16595	0.00789	0.03464	0.00600	0.00379	0.00344	0.00110	0.03686	0.00304	0.00240	0.00473
5	0.00774	0.01839	0.03679	0.20985	0.12645	0.03097	0.03386	0.10914	0.06850	0.04058	0.02056	0.13458	0.09481	0.00539	0.00391	0.00116	0.02906	0.02146	0.00249	0.00431
6	0.00433	0.00316	0.00402	0.00458	0.00497	0.00292	0.00314	0.00504	0.00698	0.00920	0.08417	0.62029	0.13983	0.05874	0.00509	0.00146	0.00205	0.03401	0.00319	0.00283
7	0.00953	0.07894	0.02926	0.05055	0.05167	0.07663	0.47679	0.08657	0.02198	0.07296	0.00732	0.00885	0.00546	0.00324	0.00368	0.00108	0.00511	0.00351	0.00208	0.00480
8	0.05871	0.02777	0.06594	0.12095	0.19547	0.06381	0.08391	0.01853	0.07347	0.13137	0.01932	0.03486	0.00735	0.04928	0.02400	0.00130	0.00415	0.01283	0.00233	0.00465
9	0.00473	0.00337	0.00425	0.00462	0.00526	0.00307	0.00335	0.00567	0.00763	0.03319	0.15907	0.44697	0.21097	0.00944	0.00429	0.00131	0.00202	0.08443	0.00333	0.00302
10	0.02200	0.00509	0.00602	0.00542	0.00683	0.00521	0.00414	0.01176	0.26070	0.15829	0.31180	0.07616	0.01877	0.04926	0.00440	0.00123	0.00231	0.00506	0.04128	0.00429
11	0.00818	0.14020	0.20113	0.06729	0.20740	0.04634	0.14552	0.01068	0.02366	0.03415	0.03291	0.02315	0.02745	0.00361	0.00345	0.00104	0.01401	0.00324	0.00185	0.00475
12	0.02176	0.04378	0.45796	0.02705	0.17787	0.04178	0.08207	0.01134	0.00777	0.07698	0.01600	0.00816	0.00529	0.00333	0.00334	0.00107	0.00472	0.00286	0.00180	0.00507
13	0.00502	0.00338	0.00391	0.00396	0.00402	0.00339	0.00234	0.00515	0.00521	0.00695	0.01136	0.04407	0.01301	0.79377	0.04250	0.00329	0.00349	0.04085	0.00216	0.00219
14	0.00510	0.00359	0.00460	0.00431	0.00521	0.00328	0.00324	0.00665	0.00958	0.03723	0.74634	0.02618	0.11736	0.00716	0.00406	0.00109	0.00168	0.00628	0.00375	0.00330
15	0.00711	0.00678	0.03648	0.18545	0.25554	0.00697	0.09058	0.00929	0.03801	0.02776	0.00859	0.02871	0.02506	0.03608	0.17038	0.00206	0.03843	0.02053	0.00191	0.00427
16	0.00800	0.07164	0.03897	0.22288	0.18195	0.04378	0.13688	0.02091	0.08853	0.03017	0.04516	0.01074	0.04345	0.00389	0.00380	0.00110	0.03809	0.00349	0.00205	0.00454
17	0.00597	0.00396	0.00505	0.00463	0.00568	0.00370	0.00355	0.02589	0.03066	0.08061	0.68854	0.02466	0.07253	0.00686	0.00401	0.00110	0.00185	0.02341	0.00378	0.00356
18	0.20663	0.00739	0.00787	0.00629	0.00865	0.00791	0.00516	0.36564	0.02449	0.20806	0.00913	0.00912	0.00643	0.00450	0.02425	0.00114	0.00328	0.00296	0.08603	0.00509
19	0.00716	0.00667	0.02696	0.19268	0.27802	0.01897	0.05895	0.00944	0.05647	0.03655	0.03615	0.10060	0.11754	0.00502	0.00368	0.00113	0.00363	0.01965	0.00229	0.01844
20	0.00960	0.02377	0.14052	0.12263	0.25438	0.08892	0.03346	0.08780	0.00889	0.12998	0.03111	0.03894	0.00688	0.00384	0.00344	0.00106	0.00424	0.00330	0.00228	0.00497

[dist]
# distance from previous block
# <min> <max>
1	7

[block]
# block no. 3 follows, 81 sequences, length 52
# corresponding to MSA columns:
# 763-814
name=unknown_D
#
# <colnr> <probs for GDERKNQSTAVLIFYWHMCP>
#	G	D	E	R	K	N	Q	S	T	A	V	L	I	F	Y	W	H	M	C	P
0	0.04714	0.03485	0.03682	0.00586	0.02250	0.00464	0.01922	0.00867	0.03928	0.14421	0.10224	0.24875	0.10698	0.00775	0.01345	0.00130	0.00270	0.14667	0.00321	0.00377
1	0.00975	0.03309	0.02498	0.00545	0.00741	0.00471	0.02608	0.02319	0.02372	0.38480	0.08616	0.07789	0.25285	0.01900	0.00394	0.00115	0.00259	0.00519	0.00359	0.00446
2	0.00898	0.11140	0.05699	0.25137	0.26514	0.13847	0.02202	0.07307	0.02121	0.01062	0.00627	0.00802	0.00500	0.00335	0.00325	0.00102	0.00455	0.00281	0.00179	0.00467
3	0.01031	0.29208	0.11056	0.00777	0.03711	0.15209	0.03154	0.07649	0.04323	0.12250	0.02904	0.01488	0.00639	0.00425	0.02762	0.00106	0.00429	0.00272	0.00224	0.02383
4	0.02164	0.00614	0.00788	0.00616	0.00861	0.00573	0.00504	0.12671	0.02115	0.63621	0.03049	0.01184	0.00877	0.02013	0.02604	0.00121	0.00313	0.00350	0.04407	0.00554
5	0.70109	0.00639	0.00570	0.10444	0.00859	0.00741	0.00442	0.01834	0.02328	0.01438	0.01861	0.03487	0.02077	0.00369	0.00247	0.00109	0.00284	0.00250	0.01538	0.00375
6	0.81906	0.00673	0.00543	0.00475	0.00694	0.00768	0.00391	0.03720	0.00646	0.06854	0.00547	0.00608	0.00411	0.00330	0.00226	0.00107	0.00273	0.00201	0.00231	0.00394
7	0.00845	0.00837	0.06374	0.10941	0.65677	0.00794	0.01026	0.01060	0.00779	0.04624	0.00698	0.00933	0.00575	0.00335	0.00352	0.00106	0.01232	0.02109	0.00181	0.00523
8	0.00431	0.00351	0.00381	0.00373	0.00480	0.00301	0.00280	0.00539	0.00840	0.01058	0.26179	0.03119	0.62807	0.00828	0.00408	0.00114	0.00172	0.00700	0.00337	0.00301
9	0.00513	0.00376	0.02286	0.00416	0.00439	0.00365	0.00268	0.00546	0.00531	0.00732	0.02885	0.02082	0.01215	0.70578	0.11045	0.00339	0.01526	0.00476	0.03146	0.00235
10	0.00875	0.00732	0.00779	0.00693	0.00895	0.00833	0.00540	0.01793	0.79201	0.04027	0.01374	0.01263	0.01027	0.00459	0.00348	0.00114	0.00273	0.00382	0.00348	0.04042
11	0.00528	0.00373	0.00476	0.00467	0.00503	0.00403	0.00320	0.03624	0.00566	0.00781	0.01010	0.01827	0.01066	0.48694	0.37449	0.00419	0.00586	0.00440	0.00204	0.00265
12	0.90299	0.00668	0.00508	0.00454	0.00668	0.00775	0.00374	0.01015	0.00588	0.01550	0.00481	0.00561	0.00374	0.00321	0.00214	0.00107	0.00267	0.00187	0.00214	0.00374
13	0.01313	0.00968	0.01037	0.00795	0.01071	0.01071	0.00657	0.84552	0.01624	0.02177	0.00829	0.00829	0.00587	0.00415	0.00346	0.00104	0.00380	0.00311	0.00346	0.00587
14	0.00493	0.00363	0.00523	0.00525	0.00576	0.00412	0.00394	0.00595	0.00550	0.00784	0.00981	0.04146	0.00968	0.15736	0.70739	0.00508	0.00812	0.00409	0.00193	0.00292
15	0.00695	0.00630	0.01050	0.75907	0.09190	0.00763	0.00944	0.01793	0.00715	0.02751	0.00643	0.00926	0.00484	0.00346	0.00344	0.00113	0.00447	0.00308	0.01548	0.00403
16	0.00421	0.00301	0.00401	0.00481	0.00501	0.00281	0.00321	0.00481	0.00661	0.00882	0.01904	0.87634	0.02285	0.01082	0.00441	0.00140	0.00200	0.00982	0.00321	0.00281
17	0.90299	0.00668	0.00508	0.00454	0.00668	0.00775	0.00374	0.01015	0.00588	0.01550	0.00481	0.00561	0.00374	0.00321	0.00214	0.00107	0.00267	0.00187	0.00214	0.00374
18	0.00516	0.00359	0.00471	0.00439	0.00526	0.00331	0.00331	0.00679	0.00978	0.03570	0.83348	0.02544	0.03197	0.00699	0.00406	0.00109	0.00166	0.00618	0.00382	0.00333
19	0.00640	0.00584	0.00765	0.00695	0.00731	0.04188	0.00553	0.00723	0.00572	0.00817	0.02308	0.01227	0.04427	0.07405	0.32149	0.03064	0.38281	0.00362	0.00180	0.00330
20	0.70668	0.02964	0.00634	0.00521	0.00743	0.00804	0.01443	0.10624	0.00734	0.04803	0.00597	0.00717	0.00468	0.00353	0.00244	0.00107	0.00289	0.02641	0.00238	0.00408
21	0.00776	0.00640	0.00805	0.04607	0.04542	0.00521	0.02449	0.03586	0.00761	0.04765	0.00656	0.00760	0.00528	0.00275	0.00274	0.00062	0.00285	0.00228	0.00214	0.73264
22	0.81151	0.03199	0.00591	0.00514	0.02506	0.02582	0.00410	0.03691	0.00637	0.01525	0.00497	0.00577	0.00388	0.00323	0.00223	0.00105	0.00284	0.00194	0.00214	0.00387
23	0.01358	0.00896	0.00993	0.00761	0.01036	0.00965	0.00629	0.68974	0.01505	0.17924	0.00930	0.00895	0.00638	0.00417	0.00346	0.00104	0.00364	0.00318	0.00361	0.00588
24	0.00924	0.88067	0.01810	0.00591	0.00887	0.01367	0.00591	0.01034	0.00702	0.00813	0.00480	0.00554	0.00443	0.00296	0.00222	0.00074	0.00369	0.00185	0.00148	0.00443
25	0.00413	0.00350	0.00357	0.00359	0.00473	0.00294	0.00270	0.00503	0.00790	0.00944	0.05152	0.04421	0.81230	0.00876	0.00410	0.00118	0.00178	0.02250	0.00322	0.00293
26	0.00924	0.88067	0.01810	0.00591	0.00887	0.01367	0.00591	0.01034	0.00702	0.00813	0.00480	0.00554	0.00443	0.00296	0.00222	0.00074	0.00369	0.00185	0.00148	0.00443
27	0.00894	0.00727	0.00778	0.00693	0.00890	0.00830	0.00541	0.03064	0.77123	0.05971	0.03579	0.01309	0.01094	0.00472	0.00353	0.00116	0.00273	0.00393	0.00356	0.00544
28	0.00420	0.00302	0.00399	0.00476	0.00500	0.00281	0.00319	0.00482	0.00666	0.00884	0.01962	0.84551	0.05330	0.01075	0.00440	0.00139	0.00199	0.00973	0.00321	0.00281
29	0.00552	0.00345	0.00413	0.00406	0.00489	0.00326	0.00306	0.00701	0.00850	0.02746	0.40386	0.07530	0.08880	0.00648	0.00356	0.00104	0.00175	0.04324	0.30140	0.00323
30	0.00517	0.00364	0.00471	0.00442	0.00529	0.00337	0.00332	0.00688	0.02269	0.03355	0.79174	0.03887	0.04909	0.00706	0.00406	0.00109	0.00169	0.00622	0.00379	0.00334
31	0.07649	0.00472	0.00595	0.00505	0.00669	0.00438	0.00399	0.01097	0.02457	0.33418	0.42663	0.01826	0.02006	0.00556	0.00363	0.00107	0.00222	0.00472	0.03654	0.00433
32	0.00716	0.00614	0.00716	0.00512	0.00819	0.00461	0.00409	0.00870	0.00716	0.01126	0.00614	0.00716	0.00512	0.00256	0.00256	0.00051	0.00256	0.00205	0.00205	0.89971
33	0.00851	0.00820	0.02701	0.20869	0.51330	0.05960	0.03870	0.01057	0.00791	0.04781	0.03221	0.00922	0.00614	0.00336	0.00345	0.00106	0.00430	0.00316	0.00185	0.00493
34	0.00715	0.00703	0.00900	0.00793	0.00825	0.06977	0.01707	0.00802	0.00584	0.00838	0.03047	0.02532	0.00691	0.05648	0.18123	0.00235	0.54009	0.00343	0.00173	0.00355
35	0.00477	0.00353	0.00446	0.00423	0.00509	0.00321	0.00317	0.00630	0.00951	0.01321	0.73874	0.02686	0.14948	0.00730	0.00408	0.00110	0.00165	0.00640	0.00372	0.00321
36	0.01679	0.03992	0.05515	0.00785	0.04205	0.02267	0.02298	0.22317	0.37069	0.05674	0.01107	0.02016	0.00860	0.03019	0.03536	0.00134	0.00361	0.02334	0.00310	0.00522
37	0.00645	0.00601	0.00996	0.73514	0.07248	0.00726	0.00900	0.00861	0.00708	0.00913	0.03391	0.01114	0.05159	0.01412	0.00367	0.00117	0.00431	0.00342	0.00171	0.00385
38	0.00849	0.15775	0.46843	0.00939	0.06200	0.03623	0.02332	0.05791	0.01451	0.06537	0.00686	0.02789	0.00531	0.00363	0.00349	0.00105	0.03881	0.00277	0.00184	0.00496
39	0.00881	0.65244	0.14750	0.00703	0.01013	0.02781	0.03289	0.01040	0.00704	0.00867	0.00508	0.00606	0.00446	0.00320	0.00301	0.00086	0.05652	0.00210	0.00149	0.00450
40	0.00501	0.00341	0.00409	0.00409	0.00420	0.00353	0.00250	0.00523	0.00512	0.00694	0.01059	0.02097	0.01185	0.72381	0.17139	0.00375	0.00442	0.00478	0.00205	0.00227
41	0.00502	0.00335	0.00380	0.00383	0.00385	0.00335	0.00217	0.00505	0.00510	0.00680	0.01118	0.04104	0.01290	0.84618	0.01710	0.00328	0.00332	0.01842	0.00213	0.00213
42	0.04148	0.04625	0.23804	0.05150	0.08663	0.03974	0.09313	0.08410	0.19116	0.04833	0.00850	0.02107	0.00646	0.00382	0.00357	0.00110	0.02458	0.00320	0.00231	0.00503
43	0.00589	0.07267	0.08462	0.01940	0.02577	0.00598	0.00527	0.00750	0.02876	0.01011	0.21364	0.03380	0.13755	0.06981	0.12521	0.00193	0.13227	0.01381	0.00249	0.00354
44	0.00503	0.00340	0.00401	0.00413	0.00426	0.00340	0.00257	0.00528	0.00554	0.00739	0.03388	0.07280	0.01433	0.70470	0.03013	0.00304	0.00332	0.08820	0.00231	0.00229
45	0.00704	0.07790	0.14072	0.00637	0.00916	0.00595	0.03635	0.00885	0.00701	0.03415	0.00787	0.05601	0.01995	0.00673	0.12725	0.00146	0.01633	0.00298	0.00201	0.42591
46	0.05577	0.23187	0.20545	0.01720	0.05410	0.03303	0.05600	0.05518	0.03922	0.06114	0.02376	0.00781	0.00570	0.00330	0.00294	0.00091	0.00390	0.00258	0.00202	0.13812
47	0.00522	0.00517	0.09262	0.00569	0.00682	0.00406	0.00489	0.02422	0.03747	0.01036	0.08718	0.36523	0.10757	0.00884	0.00427	0.00135	0.00263	0.21997	0.00309	0.00335
48	0.00425	0.00306	0.00401	0.00476	0.00501	0.00285	0.00320	0.00487	0.00667	0.00883	0.01966	0.79661	0.06503	0.02934	0.00468	0.00144	0.00205	0.02767	0.00318	0.00280
49	0.03072	0.00859	0.12910	0.32815	0.15163	0.04621	0.07336	0.03142	0.02219	0.01857	0.08366	0.01784	0.00773	0.00378	0.00346	0.00109	0.00426	0.00338	0.03049	0.00436
50	0.05104	0.04518	0.27248	0.05919	0.18749	0.04653	0.03085	0.09976	0.03716	0.12637	0.00761	0.00841	0.00554	0.00351	0.00329	0.00105	0.00426	0.00288	0.00223	0.00516
51	0.00675	0.06091	0.01541	0.22225	0.03847	0.02631	0.00636	0.04431	0.06548	0.01692	0.04269	0.10845	0.02383	0.02057	0.00449	0.03415	0.00348	0.25289	0.00256	0.00371

[dist]
# distance from previous block
# <min> <max>
3	175

[block]
# block no. 4 follows, 81 sequences, length 30
# corresponding to MSA columns:
# 1320-1349
name=unknown_E
#
# <colnr> <probs for GDERKNQSTAVLIFYWHMCP>
#	G	D	E	R	K	N	Q	S	T	A	V	L	I	F	Y	W	H	M	C	P
0	0.00795	0.03684	0.21393	0.03187	0.02511	0.02370	0.01785	0.05357	0.42108	0.01283	0.02558	0.09517	0.00978	0.00480	0.00351	0.00115	0.00348	0.00403	0.00279	0.00499
1	0.00797	0.16021	0.55901	0.00948	0.05305	0.08358	0.01059	0.02341	0.00765	0.01046	0.02577	0.00742	0.00513	0.00339	0.00326	0.00102	0.01963	0.00253	0.00159	0.00486
2	0.00506	0.00369	0.00473	0.07982	0.00677	0.00352	0.00375	0.00615	0.00769	0.04132	0.16211	0.28413	0.26186	0.03937	0.00458	0.00131	0.00224	0.05469	0.02408	0.00312
3	0.01105	0.00731	0.00811	0.00665	0.00893	0.03916	0.00534	0.19856	0.24332	0.23862	0.08664	0.01263	0.01048	0.00456	0.00347	0.00105	0.00305	0.02428	0.00353	0.08326
4	0.22218	0.03072	0.00749	0.00643	0.06294	0.00640	0.00479	0.07986	0.03987	0.14414	0.06850	0.03171	0.00821	0.00386	0.00293	0.00092	0.00279	0.01110	0.01886	0.24631
5	0.00574	0.00492	0.00552	0.00563	0.05326	0.07856	0.00392	0.00727	0.00954	0.01293	0.67759	0.02364	0.08494	0.00665	0.00395	0.00107	0.00218	0.00579	0.00347	0.00342
6	0.00778	0.00779	0.10450	0.02332	0.09279	0.00580	0.01326	0.02456	0.06313	0.04707	0.02136	0.00827	0.00604	0.00303	0.00290	0.00073	0.00310	0.00251	0.00218	0.55989
7	0.03655	0.49376	0.20592	0.08222	0.01156	0.03202	0.00771	0.03208	0.03015	0.03140	0.00581	0.00670	0.00472	0.00321	0.00268	0.00090	0.00408	0.00225	0.00168	0.00460
8	0.09219	0.00607	0.00771	0.00602	0.00859	0.00556	0.00496	0.05047	0.03025	0.70400	0.01331	0.01177	0.03435	0.00433	0.00338	0.00107	0.00291	0.00345	0.00400	0.00559
9	0.03350	0.00411	0.00507	0.00490	0.00541	0.00452	0.00343	0.00713	0.07905	0.03000	0.01031	0.01743	0.01044	0.43517	0.30770	0.00374	0.02872	0.00428	0.00218	0.00292
10	0.08364	0.00407	0.00492	0.00455	0.00559	0.00396	0.00346	0.00773	0.05009	0.04026	0.71437	0.02299	0.02827	0.00653	0.00386	0.00109	0.00181	0.00567	0.00366	0.00349
11	0.00716	0.00614	0.00716	0.00512	0.00819	0.00461	0.00409	0.00870	0.00716	0.01126	0.00614	0.00716	0.00512	0.00256	0.00256	0.00051	0.00256	0.00205	0.00205	0.89971
12	0.08257	0.00372	0.00380	0.00381	0.00491	0.00337	0.00284	0.00566	0.00776	0.01041	0.11849	0.11567	0.58115	0.00815	0.00389	0.00116	0.00184	0.00684	0.03093	0.00302
13	0.00416	0.00346	0.00364	0.00374	0.00478	0.00294	0.00278	0.00504	0.00779	0.00943	0.05588	0.12764	0.71788	0.00895	0.00414	0.00120	0.00181	0.02860	0.00322	0.00292
14	0.00924	0.03168	0.01300	0.02990	0.64213	0.08297	0.00949	0.03486	0.06867	0.03430	0.00713	0.00867	0.00580	0.00330	0.00337	0.00102	0.00415	0.00304	0.00195	0.00532
15	0.00648	0.00454	0.00571	0.00626	0.07988	0.00450	0.00411	0.00856	0.12155	0.08117	0.06061	0.17182	0.13691	0.20649	0.00704	0.00170	0.00268	0.05914	0.02728	0.00357
16	0.00796	0.02565	0.23699	0.01585	0.49937	0.02140	0.01822	0.01087	0.05075	0.01142	0.06251	0.00949	0.00719	0.00348	0.00341	0.00105	0.00418	0.00316	0.00187	0.00518
17	0.00479	0.00349	0.00433	0.00449	0.00498	0.00348	0.00318	0.00550	0.00630	0.00830	0.04011	0.11039	0.18061	0.32291	0.19059	0.00294	0.00408	0.09431	0.00254	0.00268
18	0.02280	0.08269	0.01025	0.03075	0.05282	0.05521	0.06370	0.31285	0.03455	0.05863	0.08317	0.03420	0.01023	0.01292	0.00384	0.00782	0.01057	0.09931	0.00897	0.00474
19	0.68179	0.06219	0.09649	0.00549	0.00801	0.03217	0.00506	0.05432	0.00675	0.01470	0.00515	0.00594	0.00398	0.00326	0.00236	0.00104	0.00315	0.00202	0.00208	0.00405
20	0.00425	0.00351	0.00372	0.00367	0.00477	0.00299	0.00275	0.00527	0.00826	0.01024	0.20023	0.03175	0.68983	0.00841	0.00408	0.00115	0.00173	0.00708	0.00333	0.00299
21	0.01010	0.15567	0.12792	0.00849	0.08424	0.00947	0.00719	0.36051	0.01103	0.01510	0.00686	0.00751	0.00525	0.00344	0.00305	0.00089	0.00375	0.00262	0.00243	0.17448
22	0.00418	0.00347	0.00365	0.00372	0.00477	0.00296	0.00277	0.00508	0.00782	0.00949	0.07083	0.09916	0.71763	0.02190	0.00433	0.00123	0.00183	0.02906	0.00322	0.00292
23	0.00924	0.88067	0.01810	0.00591	0.00887	0.01367	0.00591	0.01034	0.00702	0.00813	0.00480	0.00554	0.00443	0.00296	0.00222	0.00074	0.00369	0.00185	0.00148	0.00443
24	0.00434	0.00306	0.00397	0.00465	0.00481	0.00289	0.00303	0.00484	0.00636	0.00848	0.01775	0.74169	0.02123	0.14769	0.00649	0.00171	0.00222	0.00906	0.00303	0.00269
25	0.00469	0.00373	0.00426	0.00441	0.00528	0.00349	0.00319	0.00647	0.09045	0.01038	0.15666	0.30529	0.37152	0.00876	0.00413	0.00123	0.00191	0.00762	0.00333	0.00318
26	0.00529	0.00347	0.00401	0.00407	0.00429	0.00348	0.00260	0.01412	0.00579	0.00807	0.03143	0.03370	0.01333	0.64542	0.03230	0.00286	0.00323	0.08539	0.09473	0.00241
27	0.06427	0.00622	0.00785	0.00611	0.00865	0.00580	0.00503	0.10599	0.02557	0.66015	0.01244	0.01112	0.00804	0.00420	0.00334	0.00105	0.00294	0.00334	0.05228	0.00561
28	0.00743	0.00685	0.01055	0.68351	0.08989	0.02991	0.00922	0.08097	0.00785	0.01018	0.00639	0.00904	0.00484	0.00352	0.00351	0.00112	0.01370	0.00305	0.01432	0.00414
29	0.00431	0.00319	0.00405	0.00461	0.00507	0.00292	0.00323	0.00510	0.00718	0.00942	0.09342	0.60983	0.17301	0.01006	0.00434	0.00134	0.00199	0.05078	0.00326	0.00288

[dist]
# distance from previous block
# <min> <max>
8	11

[block]
# block no. 5 follows, 81 sequences, length 21
# corresponding to MSA columns:
# 1361-1381
name=unknown_F
#
# <colnr> <probs for GDERKNQSTAVLIFYWHMCP>
#	G	D	E	R	K	N	Q	S	T	A	V	L	I	F	Y	W	H	M	C	P
0	0.00472	0.01298	0.00478	0.00523	0.01510	0.00330	0.01820	0.00541	0.00684	0.00900	0.03640	0.55436	0.09247	0.02887	0.00530	0.06340	0.00235	0.12542	0.00301	0.00285
1	0.03226	0.24013	0.08143	0.00822	0.05980	0.12178	0.02354	0.14389	0.20193	0.03273	0.01732	0.00851	0.00652	0.00373	0.00307	0.00098	0.00394	0.00283	0.00242	0.00497
2	0.00453	0.00333	0.00429	0.00493	0.00531	0.00320	0.00341	0.00573	0.05464	0.00939	0.04840	0.73526	0.05210	0.01022	0.00435	0.00138	0.00207	0.04122	0.00324	0.00299
3	0.05464	0.04860	0.09675	0.03820	0.16443	0.07301	0.09736	0.09822	0.05188	0.04947	0.01058	0.11729	0.06459	0.00475	0.00361	0.00110	0.01442	0.00413	0.00237	0.00459
4	0.03015	0.53819	0.07663	0.00762	0.04019	0.20215	0.02686	0.02643	0.00786	0.00900	0.00520	0.00607	0.00450	0.00314	0.00260	0.00083	0.00441	0.00210	0.00161	0.00444
5	0.01031	0.22745	0.01368	0.01152	0.22723	0.22439	0.06098	0.11335	0.02626	0.01101	0.00612	0.00729	0.00506	0.00344	0.00340	0.00095	0.03824	0.00264	0.00191	0.00478
6	0.04898	0.13107	0.09108	0.00908	0.07998	0.40539	0.00717	0.08694	0.04128	0.04475	0.00656	0.02066	0.00531	0.00363	0.00307	0.00095	0.00491	0.00257	0.00206	0.00455
7	0.00459	0.05286	0.00490	0.00485	0.00536	0.00355	0.00348	0.00533	0.00682	0.00891	0.01958	0.65753	0.10974	0.01054	0.03057	0.00148	0.00237	0.06152	0.00307	0.00294
8	0.00421	0.00301	0.00401	0.00481	0.00501	0.00281	0.00321	0.00481	0.00661	0.00882	0.01904	0.87634	0.02285	0.01082	0.00441	0.00140	0.00200	0.00982	0.00321	0.00281
9	0.00705	0.00728	0.05934	0.54372	0.21876	0.00767	0.02888	0.00949	0.02135	0.00975	0.00699	0.01050	0.00568	0.00367	0.00352	0.00114	0.00444	0.04477	0.00169	0.00431
10	0.55233	0.00994	0.00713	0.00631	0.00832	0.27829	0.01735	0.04295	0.00752	0.01327	0.00513	0.00601	0.00409	0.00342	0.00276	0.00102	0.02607	0.00209	0.00205	0.00392
11	0.00450	0.00318	0.00414	0.00477	0.00515	0.00298	0.00336	0.00535	0.00710	0.00962	0.09052	0.64115	0.06290	0.00993	0.00430	0.00135	0.00205	0.08529	0.04945	0.00291
12	0.00968	0.69080	0.07063	0.00652	0.00954	0.04803	0.00645	0.10568	0.00820	0.00988	0.00531	0.00600	0.00459	0.00314	0.00246	0.00080	0.00390	0.00205	0.00171	0.00462
13	0.00764	0.16679	0.63757	0.00936	0.01388	0.04432	0.05306	0.01096	0.00739	0.01036	0.00596	0.00705	0.00443	0.00322	0.00313	0.00103	0.00494	0.00249	0.00149	0.00492
14	0.00947	0.00782	0.04581	0.20453	0.24242	0.03460	0.04051	0.05912	0.07284	0.16145	0.02850	0.00981	0.00677	0.00364	0.00342	0.00105	0.00391	0.00321	0.00242	0.05868
15	0.04389	0.20487	0.23339	0.00653	0.00933	0.05224	0.00673	0.04998	0.05022	0.07106	0.00810	0.00885	0.00618	0.00359	0.00280	0.00093	0.00353	0.00268	0.23063	0.00447
16	0.00523	0.00386	0.00506	0.00497	0.00586	0.00360	0.03337	0.00683	0.05581	0.04380	0.26602	0.33915	0.18528	0.00842	0.00415	0.00123	0.00208	0.01860	0.00339	0.00330
17	0.00636	0.00588	0.00980	0.71740	0.06911	0.00712	0.00888	0.00844	0.00693	0.00897	0.00772	0.11378	0.00686	0.00432	0.00357	0.00117	0.00426	0.00388	0.00175	0.00381
18	0.03757	0.00838	0.00914	0.00710	0.00964	0.00904	0.00584	0.61569	0.01410	0.14204	0.00928	0.00919	0.00651	0.00413	0.00331	0.00102	0.00342	0.00314	0.09591	0.00554
19	0.00435	0.00315	0.00411	0.00463	0.00502	0.00291	0.00319	0.00519	0.00737	0.00994	0.20165	0.64363	0.07227	0.00989	0.00432	0.00132	0.00191	0.00890	0.00334	0.00291
20	0.09302	0.01513	0.00927	0.00841	0.01023	0.74441	0.00635	0.01370	0.05164	0.00939	0.00573	0.00651	0.00469	0.00358	0.00305	0.00092	0.00573	0.00228	0.00190	0.00405

[dist]
# distance from previous block
# <min> <max>
0	7

[block]
# block no. 6 follows, 81 sequences, length 91
# corresponding to MSA columns:
# 1389-1479
name=unknown_G
#
# <colnr> <probs for GDERKNQSTAVLIFYWHMCP>
#	G	D	E	R	K	N	Q	S	T	A	V	L	I	F	Y	W	H	M	C	P
0	0.90299	0.00668	0.00508	0.00454	0.00668	0.00775	0.00374	0.01015	0.00588	0.01550	0.00481	0.00561	0.00374	0.00321	0.00214	0.00107	0.00267	0.00187	0.00214	0.00374
1	0.00984	0.00855	0.00837	0.00715	0.00923	0.09807	0.00563	0.23271	0.43757	0.01557	0.08975	0.01200	0.01056	0.00458	0.00348	0.00108	0.00327	0.00368	0.00329	0.03564
2	0.00652	0.00614	0.01036	0.87029	0.02379	0.00768	0.00959	0.00883	0.00691	0.00883	0.00614	0.00921	0.00461	0.00345	0.00345	0.00115	0.00461	0.00307	0.00154	0.00384
3	0.00501	0.00366	0.00487	0.00456	0.00540	0.00341	0.01395	0.01962	0.00964	0.01359	0.77300	0.08452	0.03115	0.00723	0.00409	0.00111	0.00174	0.00642	0.00373	0.00329
4	0.00908	0.00711	0.00769	0.00683	0.00880	0.00803	0.00533	0.01770	0.73645	0.09370	0.04125	0.01340	0.01949	0.00477	0.00353	0.00116	0.00271	0.00397	0.00359	0.00541
5	0.00955	0.77549	0.03595	0.00630	0.00918	0.09830	0.00614	0.01070	0.00730	0.00822	0.00489	0.00565	0.00443	0.00302	0.00233	0.00076	0.00398	0.00190	0.00151	0.00441
6	0.01701	0.09602	0.62228	0.05387	0.01427	0.00826	0.04017	0.01111	0.00746	0.07008	0.00685	0.00826	0.00504	0.00345	0.00325	0.00107	0.00476	0.02010	0.00172	0.00496
7	0.00422	0.00352	0.00370	0.00379	0.00488	0.00300	0.00289	0.00516	0.00787	0.00950	0.05266	0.06778	0.73830	0.00885	0.00415	0.00121	0.00187	0.07049	0.00322	0.00294
8	0.00422	0.00303	0.00401	0.00479	0.00503	0.00283	0.00322	0.00485	0.00667	0.00886	0.01951	0.83945	0.04780	0.01074	0.00440	0.00140	0.00201	0.02114	0.00321	0.00281
9	0.02844	0.04864	0.12320	0.23303	0.01463	0.10038	0.07027	0.11480	0.09432	0.09136	0.00774	0.00884	0.00571	0.00377	0.00369	0.00109	0.04008	0.00303	0.00227	0.00471
10	0.00462	0.00336	0.00485	0.00528	0.00569	0.00313	0.04219	0.00535	0.00679	0.02551	0.02868	0.80891	0.02188	0.01028	0.00437	0.00138	0.00219	0.00939	0.00317	0.00296
11	0.00482	0.00353	0.00453	0.00428	0.00512	0.00323	0.00321	0.00639	0.00962	0.01348	0.78813	0.02641	0.09991	0.00720	0.00408	0.00109	0.00164	0.00633	0.00375	0.00323
12	0.00716	0.00614	0.00716	0.00512	0.00819	0.00461	0.00409	0.00870	0.00716	0.01126	0.00614	0.00716	0.00512	0.00256	0.00256	0.00051	0.00256	0.00205	0.00205	0.89971
13	0.00976	0.07907	0.17110	0.04035	0.13702	0.28141	0.15390	0.03948	0.00857	0.02018	0.00612	0.00751	0.00482	0.00336	0.00349	0.00101	0.02365	0.00279	0.00175	0.00464
14	0.00683	0.00631	0.02472	0.01742	0.11882	0.00581	0.09968	0.01745	0.10621	0.01212	0.22909	0.01528	0.08358	0.00472	0.00372	0.00098	0.02419	0.00420	0.00267	0.21621
15	0.02591	0.04867	0.07339	0.04938	0.14405	0.05200	0.08261	0.06498	0.16197	0.09850	0.04958	0.01111	0.04190	0.00431	0.01171	0.00111	0.03338	0.00348	0.00255	0.03942
16	0.00685	0.00550	0.00607	0.00549	0.00689	0.02376	0.00423	0.05545	0.29799	0.02759	0.40423	0.02059	0.10900	0.00615	0.00382	0.00112	0.00226	0.00526	0.00359	0.00418
17	0.00502	0.00335	0.00377	0.00377	0.00377	0.00335	0.00209	0.00502	0.00502	0.00670	0.01088	0.02261	0.01256	0.87859	0.01758	0.00335	0.00335	0.00502	0.00209	0.00209
18	0.00710	0.00684	0.01144	0.56051	0.17618	0.00822	0.04033	0.00917	0.00691	0.00929	0.00601	0.00886	0.00478	0.00373	0.00457	0.00118	0.12603	0.00310	0.00157	0.00416
19	0.03986	0.11787	0.03912	0.00730	0.04756	0.03566	0.03595	0.08829	0.10542	0.01117	0.01376	0.13286	0.14273	0.00642	0.02229	0.00126	0.10721	0.03863	0.00255	0.00411
20	0.01463	0.00629	0.00816	0.00634	0.00893	0.00580	0.00521	0.10123	0.05636	0.70772	0.03321	0.01180	0.00896	0.00435	0.00349	0.00107	0.00299	0.00353	0.00414	0.00579
21	0.00431	0.00311	0.00410	0.00486	0.00511	0.00294	0.00326	0.00513	0.02678	0.00895	0.01892	0.85571	0.02255	0.01068	0.00439	0.00140	0.00202	0.00968	0.00321	0.00287
22	0.00652	0.00614	0.01036	0.87029	0.02379	0.00768	0.00959	0.00883	0.00691	0.00883	0.00614	0.00921	0.00461	0.00345	0.00345	0.00115	0.00461	0.00307	0.00154	0.00384
23	0.05070	0.00512	0.00625	0.00517	0.00707	0.00483	0.00411	0.01341	0.07511	0.45987	0.02459	0.01270	0.00915	0.05302	0.00392	0.00113	0.00254	0.00349	0.25305	0.00476
24	0.00425	0.00353	0.00373	0.00373	0.00484	0.00301	0.00284	0.00525	0.00810	0.00992	0.13193	0.03262	0.71890	0.00858	0.00411	0.00118	0.00180	0.04543	0.00328	0.00297
25	0.00851	0.00816	0.01395	0.03905	0.83953	0.00820	0.01058	0.01056	0.00785	0.01123	0.00649	0.00856	0.00545	0.00309	0.00342	0.00103	0.00411	0.00308	0.00171	0.00544
26	0.00443	0.00321	0.00432	0.00490	0.00524	0.00316	0.00344	0.00518	0.00648	0.00868	0.01769	0.60620	0.06021	0.05139	0.15693	0.00222	0.00339	0.04715	0.00292	0.00285
27	0.00600	0.00300	0.00450	0.00450	0.00450	0.00300	0.00300	0.00450	0.00450	0.00600	0.00600	0.01050	0.00600	0.01200	0.01350	0.89949	0.00300	0.00300	0.00150	0.00150
28	0.06322	0.00606	0.00795	0.00613	0.00877	0.00543	0.00506	0.04757	0.00991	0.78255	0.01295	0.01130	0.00819	0.00421	0.00340	0.00107	0.00296	0.00337	0.00413	0.00576
29	0.00840	0.00888	0.01713	0.02318	0.19494	0.03086	0.53126	0.01872	0.02233	0.02636	0.00729	0.02322	0.00584	0.00338	0.00422	0.00114	0.04510	0.01377	0.00186	0.01212
30	0.00739	0.00720	0.01837	0.61347	0.12741	0.03602	0.07750	0.04277	0.00760	0.00989	0.00637	0.00903	0.00486	0.00340	0.00348	0.00112	0.00463	0.00312	0.01216	0.00420
31	0.00661	0.00623	0.01051	0.83509	0.05833	0.00770	0.00964	0.00890	0.00695	0.00893	0.00615	0.00918	0.00464	0.00344	0.00345	0.00115	0.00458	0.00307	0.00154	0.00391
32	0.06615	0.00587	0.00813	0.00633	0.00882	0.00530	0.04375	0.01521	0.00920	0.69041	0.01244	0.01144	0.00813	0.00567	0.06399	0.00138	0.00347	0.00342	0.02545	0.00544
33	0.00435	0.00349	0.00389	0.00383	0.00484	0.00303	0.00285	0.00547	0.00846	0.01080	0.30466	0.06126	0.55437	0.00827	0.00409	0.00115	0.00172	0.00704	0.00340	0.00303
34	0.00521	0.00393	0.00570	0.00562	0.00633	0.00456	0.00438	0.02083	0.03636	0.00859	0.02472	0.01368	0.00909	0.02443	0.80361	0.00524	0.00879	0.00374	0.00197	0.00322
35	0.37276	0.00715	0.00742	0.00595	0.00843	0.00757	0.00491	0.22186	0.00986	0.30917	0.00874	0.00841	0.00594	0.00381	0.00293	0.00106	0.00305	0.00274	0.00321	0.00502
36	0.01240	0.01487	0.00979	0.00878	0.01039	0.71925	0.00670	0.01329	0.00926	0.05152	0.00566	0.00667	0.00467	0.00389	0.00411	0.00097	0.10944	0.00238	0.00187	0.00407
37	0.00545	0.00375	0.00449	0.00419	0.00533	0.00329	0.00317	0.00672	0.00886	0.07923	0.41500	0.05790	0.35318	0.00753	0.00401	0.00111	0.00182	0.00646	0.00354	0.02497
38	0.00617	0.00486	0.00552	0.00556	0.00635	0.07352	0.00432	0.02034	0.00747	0.03613	0.12943	0.04983	0.04408	0.15245	0.20708	0.00263	0.00458	0.23382	0.00271	0.00317
39	0.87503	0.00657	0.00502	0.00450	0.00660	0.00761	0.00370	0.01009	0.00592	0.01542	0.00501	0.00584	0.00390	0.00323	0.00215	0.00106	0.00264	0.00191	0.03007	0.00373
40	0.00500	0.00346	0.00431	0.00431	0.00450	0.00365	0.00277	0.00537	0.00519	0.00710	0.01039	0.01984	0.01136	0.61790	0.27664	0.00402	0.00515	0.00462	0.00202	0.00240
41	0.00635	0.00507	0.00598	0.00483	0.00684	0.00409	0.00365	0.00753	0.00678	0.01024	0.00925	0.11428	0.00930	0.14896	0.00536	0.00115	0.00261	0.04202	0.04282	0.56288
42	0.90299	0.00668	0.00508	0.00454	0.00668	0.00775	0.00374	0.01015	0.00588	0.01550	0.00481	0.00561	0.00374	0.00321	0.00214	0.00107	0.00267	0.00187	0.00214	0.00374
43	0.90299	0.00668	0.00508	0.00454	0.00668	0.00775	0.00374	0.01015	0.00588	0.01550	0.00481	0.00561	0.00374	0.00321	0.00214	0.00107	0.00267	0.00187	0.00214	0.00374
44	0.00484	0.00353	0.00455	0.00429	0.00513	0.00324	0.00322	0.00642	0.00966	0.01358	0.80536	0.02626	0.08263	0.00716	0.00407	0.00109	0.00164	0.00631	0.00377	0.00324
45	0.01489	0.00599	0.00815	0.00629	0.00891	0.00531	0.01717	0.03096	0.03806	0.78570	0.03211	0.01201	0.00906	0.00433	0.00350	0.00107	0.00296	0.00355	0.00419	0.00579
46	0.00578	0.00313	0.00462	0.00462	0.00471	0.00322	0.00315	0.00478	0.00469	0.00634	0.00677	0.01166	0.00678	0.06398	0.14193	0.71331	0.00396	0.00322	0.00159	0.00177
47	0.05584	0.00613	0.00802	0.00618	0.00883	0.00552	0.00510	0.06423	0.01007	0.77273	0.01292	0.01128	0.00818	0.00422	0.00341	0.00107	0.00298	0.00338	0.00413	0.00578
48	0.00506	0.00374	0.00490	0.00552	0.00632	0.00359	0.00460	0.00636	0.00776	0.00992	0.02213	0.14637	0.20740	0.00953	0.00457	0.00147	0.00271	0.54179	0.00319	0.00307
49	0.00514	0.00357	0.00444	0.00492	0.00545	0.00350	0.00354	0.03639	0.03842	0.01021	0.02607	0.56318	0.04561	0.02161	0.00430	0.00134	0.00219	0.10084	0.11615	0.00311
50	0.00509	0.00376	0.00478	0.00449	0.00537	0.00356	0.00338	0.00718	0.05847	0.01382	0.79344	0.02518	0.04441	0.00695	0.00404	0.00109	0.00170	0.00613	0.00378	0.00338
51	0.01535	0.00585	0.00797	0.00612	0.00877	0.00505	0.00505	0.01669	0.00989	0.84739	0.02562	0.01196	0.00889	0.00432	0.00348	0.00107	0.00292	0.00351	0.00427	0.00584
52	0.00666	0.00628	0.01061	0.81296	0.08005	0.00771	0.00966	0.00895	0.00697	0.00899	0.00616	0.00917	0.00466	0.00343	0.00345	0.00114	0.00457	0.00307	0.00155	0.00395
53	0.00450	0.00360	0.00403	0.00391	0.00496	0.00318	0.00294	0.00587	0.02730	0.01122	0.35649	0.02987	0.51385	0.00800	0.00407	0.00114	0.00172	0.00681	0.00345	0.00311
54	0.00652	0.00330	0.00331	0.00328	0.00411	0.00331	0.00247	0.01858	0.00736	0.01299	0.01123	0.01282	0.00882	0.00403	0.00243	0.00081	0.00164	0.00322	0.88653	0.00325
55	0.00815	0.00932	0.02038	0.01456	0.01805	0.00874	0.84450	0.01107	0.00815	0.01107	0.00699	0.00932	0.00524	0.00291	0.00408	0.00116	0.00582	0.00408	0.00175	0.00466
56	0.00437	0.00312	0.00419	0.00499	0.00526	0.00294	0.00348	0.00508	0.00677	0.00900	0.01895	0.77867	0.02250	0.01067	0.00445	0.00142	0.00214	0.10593	0.00320	0.00285
57	0.00494	0.00369	0.00549	0.00549	0.00608	0.00428	0.00424	0.00613	0.00553	0.00797	0.00931	0.01390	0.00878	0.05673	0.83428	0.00547	0.00904	0.00375	0.00186	0.00305
58	0.00716	0.00614	0.00716	0.00512	0.00819	0.00461	0.00409	0.00870	0.00716	0.01126	0.00614	0.00716	0.00512	0.00256	0.00256	0.00051	0.00256	0.00205	0.00205	0.89971
59	0.01081	0.01202	0.01051	0.02751	0.17344	0.45588	0.04247	0.06036	0.00934	0.02805	0.00748	0.01078	0.00660	0.00419	0.00358	0.00103	0.02250	0.09278	0.01631	0.00435
60	0.04842	0.00637	0.04986	0.00649	0.02777	0.00525	0.00540	0.01537	0.00945	0.70702	0.04336	0.04062	0.00944	0.00448	0.00346	0.00108	0.00298	0.00367	0.00394	0.00555
61	0.00868	0.04622	0.00665	0.00538	0.00701	0.04638	0.00425	0.06247	0.17160	0.14300	0.17243	0.02591	0.05027	0.00496	0.00329	0.00100	0.00252	0.00408	0.20952	0.02437
62	0.13161	0.00769	0.03911	0.00661	0.00928	0.00746	0.00560	0.29390	0.03095	0.36432	0.02029	0.00974	0.00711	0.01224	0.00339	0.00106	0.00324	0.00311	0.00348	0.03980
63	0.16942	0.00648	0.00736	0.00593	0.00812	0.00658	0.00476	0.20281	0.00967	0.32396	0.00986	0.01093	0.00735	0.09936	0.06461	0.00159	0.00355	0.00322	0.00319	0.05125
64	0.02327	0.03494	0.02081	0.00689	0.07311	0.00599	0.00503	0.03065	0.24070	0.10218	0.34569	0.03578	0.01874	0.00565	0.00372	0.00112	0.00252	0.03535	0.00342	0.00444
65	0.00437	0.00368	0.00382	0.00376	0.00492	0.00321	0.00283	0.00573	0.04707	0.01001	0.11490	0.04196	0.72490	0.00842	0.00406	0.00116	0.00179	0.00706	0.00328	0.00307
66	0.00465	0.00345	0.00433	0.00425	0.00505	0.00313	0.00313	0.00599	0.00899	0.01232	0.58767	0.14513	0.18335	0.00790	0.00412	0.00115	0.00170	0.00694	0.00361	0.00313
67	0.08164	0.02124	0.09404	0.04002	0.04164	0.16653	0.04990	0.21492	0.03456	0.04573	0.00831	0.03922	0.00671	0.01887	0.00346	0.00106	0.00404	0.01816	0.10536	0.00457
68	0.00778	0.00740	0.01257	0.28538	0.56580	0.00790	0.01006	0.00988	0.00748	0.01040	0.00649	0.00894	0.00532	0.00404	0.03525	0.00123	0.00445	0.00310	0.00166	0.00487
69	0.00502	0.00337	0.00390	0.00390	0.00394	0.00342	0.00226	0.00511	0.00506	0.00679	0.01077	0.02195	0.01227	0.81629	0.07950	0.00351	0.00378	0.00493	0.00208	0.00217
70	0.00502	0.00335	0.00377	0.00377	0.00377	0.00335	0.00209	0.00502	0.00502	0.00670	0.01088	0.02261	0.01256	0.87859	0.01758	0.00335	0.00335	0.00502	0.00209	0.00209
71	0.03071	0.00872	0.15950	0.12761	0.08279	0.05741	0.04061	0.03153	0.05049	0.02923	0.01039	0.06291	0.08770	0.03492	0.02566	0.02935	0.09287	0.00385	0.01082	0.02295
72	0.00452	0.00370	0.00403	0.00406	0.00509	0.00334	0.00300	0.00608	0.06721	0.01019	0.13677	0.16280	0.55976	0.00857	0.00409	0.00119	0.00184	0.00731	0.00331	0.00312
73	0.00491	0.00355	0.00475	0.00521	0.00575	0.00356	0.00401	0.00592	0.00684	0.00906	0.03460	0.24152	0.08657	0.12810	0.15483	0.00242	0.00381	0.28886	0.00283	0.00291
74	0.02752	0.02352	0.05260	0.03260	0.07629	0.03189	0.00636	0.25821	0.08620	0.06777	0.00958	0.08841	0.00822	0.00810	0.12925	0.02313	0.05111	0.01188	0.00270	0.00466
75	0.00805	0.01554	0.10231	0.12263	0.23773	0.01678	0.25130	0.05870	0.05460	0.01141	0.00807	0.02501	0.02484	0.00386	0.01057	0.00116	0.02411	0.01659	0.00195	0.00480
76	0.00600	0.00300	0.00450	0.00450	0.00450	0.00300	0.00300	0.00450	0.00450	0.00600	0.00600	0.01050	0.00600	0.01200	0.01350	0.89949	0.00300	0.00300	0.00150	0.00150
77	0.00987	0.02032	0.02522	0.08640	0.25329	0.12099	0.09500	0.09169	0.04165	0.09935	0.00755	0.00868	0.00575	0.00340	0.00334	0.00098	0.00421	0.00300	0.01091	0.10840
