[name]
unknown

[dist]
# distance from previous block
# <min> <max>
2	549

[block]
# block no. 0 follows, 70 sequences, length 14
# corresponding to MSA columns:
# 625-630,632-639
name=unknown_A
#
# <colnr> <probs for GDERKNQSTAVLIFYWHMCP>
#	G	D	E	R	K	N	Q	S	T	A	V	L	I	F	Y	W	H	M	C	P
0	0.04903	0.03207	0.08417	0.06568	0.07563	0.02271	0.03077	0.09166	0.04384	0.13873	0.05884	0.03854	0.00896	0.00441	0.00386	0.00107	0.02777	0.00361	0.00289	0.21576
1	0.04103	0.12136	0.21442	0.01168	0.16406	0.07358	0.05531	0.03215	0.04934	0.13331	0.00906	0.04579	0.00715	0.00420	0.00364	0.00115	0.00465	0.00349	0.00249	0.02215
2	0.04020	0.08860	0.08018	0.05422	0.26404	0.07001	0.10820	0.09679	0.07186	0.07627	0.00843	0.00963	0.00645	0.00386	0.00374	0.00116	0.00478	0.00341	0.00246	0.00570
3	0.00736	0.00452	0.00554	0.00523	0.00653	0.00407	0.00391	0.00888	0.03725	0.15321	0.20347	0.20777	0.23617	0.04863	0.00519	0.00143	0.00240	0.02177	0.00386	0.03283
4	0.04559	0.00994	0.15452	0.15788	0.05760	0.04693	0.11946	0.02565	0.02840	0.15022	0.04544	0.03377	0.03672	0.00484	0.00400	0.00126	0.00460	0.04688	0.00271	0.02359
5	0.02536	0.11277	0.37568	0.06647	0.12003	0.02785	0.07344	0.02928	0.00873	0.06742	0.00817	0.02396	0.00647	0.00409	0.00372	0.00120	0.00508	0.03272	0.00209	0.00546
6	0.00834	0.02182	0.00670	0.00624	0.00757	0.00465	0.02255	0.00998	0.04376	0.20329	0.06665	0.34532	0.09017	0.00912	0.00462	0.00145	0.00282	0.13685	0.00385	0.00426
7	0.00537	0.00369	0.00487	0.00556	0.00602	0.00347	0.00396	0.00625	0.00784	0.03332	0.04973	0.61103	0.05933	0.05373	0.00568	0.00168	0.00252	0.12907	0.00359	0.00329
8	0.03480	0.07079	0.14428	0.08879	0.38858	0.07074	0.05397	0.05221	0.00922	0.04005	0.00732	0.00907	0.00577	0.00365	0.00370	0.00115	0.00497	0.00323	0.00205	0.00565
9	0.02170	0.00854	0.02555	0.06959	0.25423	0.03569	0.21274	0.02435	0.03293	0.03466	0.01075	0.10512	0.01008	0.00546	0.00464	0.00134	0.03862	0.09653	0.00245	0.00504
10	0.00602	0.00392	0.00519	0.00577	0.00642	0.00369	0.00429	0.00701	0.00806	0.06853	0.02155	0.50561	0.07952	0.05095	0.00564	0.00168	0.00270	0.20638	0.00362	0.00346
11	0.05007	0.09903	0.01374	0.04694	0.20658	0.16122	0.08553	0.12696	0.02483	0.13588	0.00842	0.00932	0.00634	0.00394	0.00366	0.00112	0.00486	0.00327	0.00265	0.00561
12	0.00581	0.00422	0.00567	0.00568	0.00664	0.00387	0.04214	0.00710	0.02708	0.05562	0.09815	0.44150	0.23321	0.01015	0.00474	0.00144	0.00246	0.03726	0.00365	0.00359
13	0.09537	0.02545	0.07285	0.04827	0.04943	0.13659	0.16456	0.09027	0.00985	0.09153	0.01027	0.09165	0.00909	0.00524	0.00411	0.00127	0.01569	0.07085	0.00270	0.00496

[dist]
# distance from previous block
# <min> <max>
4	13

[block]
# block no. 1 follows, 70 sequences, length 23
# corresponding to MSA columns:
# 653-664,666-676
name=unknown_B
#
# <colnr> <probs for GDERKNQSTAVLIFYWHMCP>
#	G	D	E	R	K	N	Q	S	T	A	V	L	I	F	Y	W	H	M	C	P
0	0.27474	0.00896	0.05445	0.05207	0.10720	0.00868	0.14820	0.06988	0.02901	0.09108	0.00777	0.00897	0.00582	0.00378	0.00368	0.00117	0.02710	0.00316	0.00253	0.09174
1	0.05541	0.00992	0.10046	0.02846	0.31874	0.00878	0.10460	0.12640	0.01998	0.07663	0.00929	0.05088	0.01836	0.00423	0.00386	0.00118	0.00447	0.00387	0.00255	0.05193
2	0.07997	0.01269	0.04384	0.01119	0.04942	0.30506	0.21984	0.03109	0.03965	0.03913	0.00734	0.00867	0.00574	0.00374	0.00383	0.00109	0.02032	0.00319	0.00224	0.11198
3	0.03188	0.00820	0.04681	0.18531	0.20667	0.00791	0.14569	0.01203	0.05355	0.09647	0.12873	0.01313	0.01085	0.00439	0.00401	0.00122	0.00438	0.00416	0.00264	0.03197
4	0.00941	0.00963	0.05534	0.05876	0.76523	0.00918	0.01197	0.01183	0.00875	0.01253	0.00726	0.00956	0.00604	0.00348	0.00383	0.00116	0.00468	0.00343	0.00190	0.00604
5	0.04867	0.46119	0.09126	0.00930	0.08194	0.04371	0.06434	0.01302	0.03354	0.10929	0.00738	0.00809	0.00586	0.00363	0.00310	0.00101	0.00442	0.00274	0.00219	0.00534
6	0.00628	0.00458	0.00609	0.00666	0.00758	0.00459	0.00555	0.00829	0.05624	0.01130	0.01946	0.09326	0.04874	0.06375	0.03185	0.02277	0.00359	0.56965	0.00340	0.02637
7	0.22402	0.02813	0.12828	0.01068	0.17380	0.05434	0.00801	0.06936	0.00957	0.24460	0.00904	0.00937	0.00640	0.00400	0.00344	0.00117	0.00411	0.00309	0.00293	0.00566
8	0.02096	0.35670	0.15911	0.00905	0.02508	0.02680	0.07180	0.21301	0.02789	0.04455	0.00743	0.00814	0.00575	0.00382	0.00332	0.00105	0.00462	0.00290	0.00241	0.00561
9	0.00671	0.00583	0.00829	0.00762	0.00798	0.00753	0.00607	0.00776	0.00606	0.00900	0.00845	0.01344	0.00825	0.09241	0.44620	0.00422	0.34457	0.00398	0.00195	0.00367
10	0.00933	0.00870	0.01485	0.06197	0.70893	0.00873	0.03109	0.01155	0.00874	0.03024	0.00836	0.06451	0.00742	0.00406	0.00393	0.00119	0.00450	0.00398	0.00208	0.00585
11	0.00564	0.00376	0.00423	0.00423	0.00423	0.00376	0.00235	0.00564	0.00564	0.00752	0.01222	0.02537	0.01409	0.86375	0.01973	0.00376	0.00376	0.00564	0.00235	0.00235
12	0.00673	0.00337	0.00505	0.00505	0.00505	0.00337	0.00337	0.00505	0.00505	0.00673	0.00673	0.01178	0.00673	0.01347	0.01515	0.88721	0.00337	0.00337	0.00168	0.00168
13	0.05587	0.01053	0.02705	0.08642	0.32226	0.12881	0.13801	0.08614	0.01002	0.08606	0.00794	0.00952	0.00608	0.00377	0.00384	0.00117	0.00509	0.00346	0.00237	0.00558
14	0.00985	0.00843	0.00888	0.00793	0.01016	0.00974	0.00619	0.05350	0.79933	0.01655	0.01551	0.01425	0.01162	0.00523	0.00394	0.00131	0.00312	0.00435	0.00394	0.00615
15	0.00915	0.01046	0.02288	0.01634	0.02026	0.00980	0.82549	0.01242	0.00915	0.01242	0.00784	0.01046	0.00588	0.00327	0.00458	0.00131	0.00654	0.00458	0.00196	0.00523
16	0.00808	0.00703	0.00861	0.00615	0.00962	0.00535	0.03640	0.00986	0.00808	0.01262	0.00693	0.00813	0.00575	0.00289	0.00294	0.00060	0.00301	0.00239	0.00228	0.85327
17	0.00549	0.00396	0.00518	0.00488	0.00579	0.00366	0.00366	0.00732	0.01097	0.01555	0.83752	0.02896	0.03658	0.00793	0.00457	0.00122	0.00183	0.00701	0.00427	0.00366
18	0.00906	0.00690	0.00826	0.02622	0.02564	0.00595	0.00522	0.05256	0.08268	0.08759	0.04244	0.02229	0.03413	0.00420	0.00339	0.00086	0.00304	0.03459	0.00291	0.54208
19	0.01012	0.02564	0.01461	0.20051	0.29277	0.00967	0.13523	0.18705	0.02193	0.02635	0.00833	0.03515	0.00667	0.00408	0.00398	0.00122	0.00483	0.00385	0.00242	0.00559
20	0.00572	0.00419	0.00501	0.00506	0.00555	0.00413	0.00332	0.00668	0.04624	0.00924	0.01572	0.28695	0.04781	0.41263	0.04564	0.00270	0.02040	0.00704	0.00284	0.06312
21	0.24388	0.47628	0.06405	0.00697	0.01009	0.03181	0.03074	0.02437	0.06024	0.01229	0.00629	0.00707	0.00525	0.00357	0.00273	0.00100	0.00400	0.00238	0.00205	0.00491
22	0.04184	0.14891	0.64467	0.01029	0.03229	0.00988	0.01247	0.01232	0.00817	0.03555	0.00690	0.00798	0.00505	0.00365	0.00346	0.00116	0.00529	0.00276	0.00176	0.00559

[dist]
# distance from previous block
# <min> <max>
2	20

[block]
# block no. 2 follows, 70 sequences, length 7
# corresponding to MSA columns:
# 697-703
name=unknown_C
#
# <colnr> <probs for GDERKNQSTAVLIFYWHMCP>
#	G	D	E	R	K	N	Q	S	T	A	V	L	I	F	Y	W	H	M	C	P
0	0.00948	0.08359	0.34269	0.02876	0.08217	0.00886	0.02934	0.05217	0.10005	0.08678	0.02541	0.02583	0.00741	0.00411	0.00364	0.00113	0.00449	0.00337	0.00247	0.09824
1	0.04080	0.28923	0.47546	0.00953	0.01416	0.01120	0.04343	0.05330	0.00858	0.01207	0.00655	0.00764	0.00503	0.00360	0.00330	0.00110	0.00508	0.00268	0.00180	0.00546
2	0.89114	0.00750	0.00570	0.00510	0.00750	0.00870	0.00420	0.01140	0.00660	0.01739	0.00540	0.00630	0.00420	0.00360	0.00240	0.00120	0.00300	0.00210	0.00240	0.00420
3	0.00847	0.00719	0.04198	0.00606	0.00919	0.00551	0.00504	0.02764	0.03542	0.05739	0.03989	0.01016	0.00774	0.02493	0.03181	0.00097	0.00326	0.00285	0.02268	0.65183
4	0.00477	0.00385	0.00412	0.00420	0.00523	0.00334	0.00302	0.00569	0.00856	0.01055	0.09981	0.12727	0.60601	0.08893	0.00602	0.00156	0.00215	0.00817	0.00354	0.00320
5	0.00886	0.19894	0.28288	0.06967	0.20001	0.03448	0.05992	0.01159	0.00839	0.01142	0.03218	0.03222	0.00681	0.00397	0.00377	0.00115	0.02323	0.00332	0.00188	0.00533
6	0.03773	0.04111	0.08102	0.02473	0.04675	0.00678	0.02481	0.06650	0.05011	0.08941	0.08022	0.03314	0.12215	0.00521	0.00386	0.00107	0.01805	0.01955	0.00298	0.24483

[dist]
# distance from previous block
# <min> <max>
3	5

[block]
# block no. 3 follows, 70 sequences, length 7
# corresponding to MSA columns:
# 709-715
name=unknown_D
#
# <colnr> <probs for GDERKNQSTAVLIFYWHMCP>
#	G	D	E	R	K	N	Q	S	T	A	V	L	I	F	Y	W	H	M	C	P
0	0.00982	0.24046	0.16534	0.07062	0.11431	0.03091	0.08846	0.01254	0.04383	0.09682	0.04661	0.02976	0.00826	0.00426	0.00362	0.00114	0.00457	0.02101	0.00235	0.00530
1	0.00616	0.00465	0.00541	0.00497	0.00619	0.00440	0.00376	0.09092	0.01083	0.01453	0.46741	0.02942	0.28481	0.04318	0.00512	0.00135	0.00220	0.00696	0.00394	0.00378
2	0.00904	0.06194	0.01069	0.16966	0.07153	0.02702	0.02665	0.12785	0.00990	0.01382	0.09256	0.01084	0.00889	0.00394	0.00348	0.00095	0.00379	0.00330	0.00254	0.34162
3	0.00991	0.10279	0.04200	0.05116	0.40894	0.03968	0.10871	0.03654	0.10596	0.02771	0.00827	0.00983	0.00660	0.00372	0.00376	0.00115	0.00469	0.00348	0.00224	0.02287
4	0.00863	0.08262	0.41739	0.01022	0.07215	0.03389	0.02544	0.03091	0.07640	0.02787	0.05360	0.03714	0.00819	0.00423	0.00364	0.00113	0.00466	0.00345	0.00225	0.09616
5	0.05716	0.00850	0.09415	0.02823	0.01053	0.00636	0.00598	0.04858	0.04087	0.06253	0.00777	0.00863	0.00606	0.00331	0.00310	0.00079	0.00333	0.00260	0.00250	0.59901
6	0.04939	0.02648	0.00748	0.00623	0.00803	0.00565	0.02356	0.07135	0.00860	0.13130	0.01382	0.16384	0.06207	0.06243	0.19129	0.00242	0.00471	0.00516	0.00302	0.15315

[dist]
# distance from previous block
# <min> <max>
1	2

[block]
# block no. 4 follows, 70 sequences, length 47
# corresponding to MSA columns:
# 718-764
name=unknown_E
#
# <colnr> <probs for GDERKNQSTAVLIFYWHMCP>
#	G	D	E	R	K	N	Q	S	T	A	V	L	I	F	Y	W	H	M	C	P
0	0.02344	0.00401	0.00503	0.00577	0.00626	0.02028	0.00412	0.00651	0.00780	0.03614	0.02043	0.68683	0.02384	0.01138	0.00489	0.00157	0.00257	0.12218	0.00358	0.00336
1	0.00600	0.00477	0.00586	0.00548	0.00681	0.00433	0.00411	0.00717	0.00822	0.02301	0.10489	0.30507	0.19424	0.00877	0.01453	0.00131	0.05542	0.02751	0.00325	0.20925
2	0.06057	0.11806	0.19791	0.01207	0.20683	0.05482	0.02012	0.08059	0.04007	0.09347	0.00804	0.00893	0.00610	0.00377	0.00348	0.00109	0.00452	0.00303	0.00240	0.07411
3	0.37338	0.21027	0.22936	0.00724	0.01079	0.02211	0.00759	0.03396	0.00781	0.02537	0.00611	0.00703	0.00477	0.00358	0.00285	0.00109	0.00407	0.00237	0.00209	0.03815
4	0.00563	0.00380	0.00444	0.00444	0.00452	0.00388	0.00262	0.00578	0.00570	0.00768	0.01202	0.02427	0.01362	0.77356	0.10928	0.00403	0.00447	0.00548	0.00232	0.00247
5	0.01979	0.01827	0.71972	0.05497	0.01653	0.02267	0.01327	0.01236	0.03863	0.01242	0.03146	0.00909	0.00609	0.00388	0.00371	0.00123	0.00547	0.00306	0.00182	0.00557
6	0.00671	0.00338	0.00503	0.00503	0.00503	0.00338	0.00334	0.00506	0.00506	0.00675	0.00686	0.01211	0.00691	0.03372	0.01526	0.86616	0.00338	0.00342	0.00170	0.00170
7	0.00935	0.03997	0.00746	0.02952	0.00814	0.00647	0.00484	0.16757	0.06953	0.09580	0.29493	0.01788	0.01820	0.00573	0.00380	0.00113	0.00271	0.00477	0.20748	0.00474
8	0.00969	0.07256	0.05534	0.00824	0.02176	0.06499	0.01546	0.04102	0.56913	0.01473	0.01421	0.06003	0.02523	0.00534	0.00386	0.00126	0.00358	0.00440	0.00345	0.00571
9	0.00534	0.00398	0.00507	0.00537	0.00622	0.00366	0.00410	0.00668	0.00905	0.01208	0.25951	0.26733	0.17734	0.00993	0.00480	0.00144	0.00238	0.18420	0.00375	0.02776
10	0.01071	0.73460	0.05537	0.00720	0.01048	0.10782	0.00707	0.01207	0.00824	0.00930	0.00553	0.00639	0.00497	0.00341	0.00265	0.00087	0.00453	0.00215	0.00170	0.00495
11	0.00498	0.00377	0.00462	0.00502	0.00577	0.00340	0.00361	0.00597	0.00833	0.01087	0.12183	0.43273	0.25956	0.02596	0.00504	0.00148	0.00225	0.06542	0.00362	0.02577
12	0.03323	0.14169	0.20587	0.00908	0.02953	0.14290	0.02246	0.02712	0.27510	0.01285	0.01021	0.04607	0.00831	0.00463	0.00362	0.00118	0.00455	0.01358	0.00261	0.00539
13	0.01140	0.54631	0.01726	0.01976	0.04223	0.19777	0.02918	0.04287	0.03204	0.02076	0.00624	0.00712	0.00536	0.00360	0.00295	0.00093	0.00483	0.00244	0.00194	0.00502
14	0.03416	0.25330	0.24967	0.02066	0.04558	0.04048	0.03069	0.06628	0.03219	0.02296	0.00697	0.00797	0.00551	0.00355	0.00321	0.00098	0.00450	0.00268	0.00207	0.16660
15	0.08254	0.04482	0.15320	0.01225	0.17854	0.08425	0.10044	0.06378	0.04613	0.12443	0.03454	0.02137	0.01961	0.00423	0.00384	0.00119	0.01307	0.00361	0.00262	0.00553
16	0.00870	0.06283	0.41027	0.01305	0.01772	0.00970	0.37114	0.01237	0.00861	0.02580	0.00737	0.00916	0.00542	0.00354	0.00414	0.00125	0.01805	0.00360	0.00183	0.00546
17	0.00555	0.00413	0.00498	0.00540	0.00606	0.01416	0.00384	0.02709	0.02183	0.02234	0.07099	0.54960	0.16453	0.01066	0.00486	0.00147	0.01553	0.03632	0.02722	0.00344
18	0.00940	0.08416	0.20448	0.06207	0.31485	0.03344	0.15809	0.03239	0.03173	0.02197	0.00747	0.00928	0.00584	0.00359	0.00382	0.00118	0.00520	0.00341	0.00197	0.00565
19	0.00839	0.18620	0.66855	0.01017	0.01536	0.02375	0.01270	0.01220	0.00817	0.01161	0.00663	0.00778	0.00492	0.00362	0.00345	0.00115	0.00544	0.00270	0.00165	0.00556
20	0.00529	0.00382	0.00497	0.00496	0.00572	0.00353	0.00361	0.00680	0.01001	0.01398	0.61363	0.22334	0.05632	0.02033	0.00486	0.00134	0.00196	0.00796	0.00407	0.00351
21	0.00579	0.00479	0.03745	0.02253	0.00699	0.00492	0.00470	0.00685	0.00614	0.00870	0.01045	0.01733	0.01041	0.24969	0.53699	0.02752	0.02896	0.00445	0.00211	0.00324
22	0.00836	0.19122	0.33087	0.01037	0.09630	0.00937	0.05658	0.01165	0.05059	0.02345	0.14163	0.03326	0.01115	0.00455	0.00369	0.00115	0.00445	0.00382	0.00232	0.00522
23	0.00472	0.00337	0.00450	0.00540	0.00562	0.00315	0.00360	0.00540	0.00742	0.00990	0.02137	0.86122	0.02564	0.01215	0.00495	0.00157	0.00225	0.01102	0.00360	0.00315
24	0.00477	0.00341	0.00455	0.00545	0.00569	0.00319	0.00368	0.00547	0.00747	0.00995	0.02134	0.83739	0.02554	0.01210	0.00496	0.00158	0.00229	0.03442	0.00360	0.00316
25	0.01127	0.01086	0.00925	0.00822	0.01015	0.27436	0.00640	0.15795	0.19494	0.03390	0.01036	0.01179	0.00834	0.00984	0.18225	0.00222	0.00604	0.01652	0.03033	0.00502
26	0.28512	0.06876	0.24860	0.00824	0.01898	0.11220	0.02064	0.01216	0.00813	0.06368	0.02017	0.03734	0.00668	0.00474	0.01604	0.00128	0.03784	0.02230	0.00228	0.00484
27	0.01144	0.01340	0.01144	0.01008	0.01107	0.42364	0.00799	0.01236	0.00842	0.00941	0.00553	0.00775	0.00504	0.00541	0.00818	0.00135	0.43832	0.00295	0.00184	0.00437
28	0.00555	0.00413	0.00609	0.00609	0.00673	0.00477	0.00467	0.00683	0.00619	0.00890	0.01051	0.01594	0.01000	0.08731	0.79058	0.00606	0.00992	0.00426	0.00210	0.00338
29	0.00546	0.00396	0.00515	0.00485	0.00578	0.00365	0.00364	0.00727	0.01091	0.01541	0.81528	0.02919	0.05892	0.00798	0.00457	0.00122	0.00183	0.00704	0.00425	0.00365
30	0.00778	0.02005	0.84367	0.01105	0.01678	0.00900	0.01432	0.01228	0.00818	0.01228	0.00696	0.00818	0.00491	0.00368	0.00368	0.00123	0.00573	0.00286	0.00164	0.00573
31	0.01036	0.86609	0.02032	0.00663	0.00995	0.01534	0.00663	0.01161	0.00788	0.00912	0.00539	0.00622	0.00498	0.00332	0.00249	0.00083	0.00415	0.00207	0.00166	0.00498
32	0.05699	0.42671	0.03912	0.07508	0.10425	0.04865	0.03945	0.03059	0.04164	0.04434	0.00727	0.03156	0.00620	0.00383	0.00313	0.00101	0.00431	0.00293	0.00210	0.03085
33	0.00956	0.44031	0.27590	0.00858	0.01238	0.03429	0.02990	0.04434	0.02871	0.01108	0.01855	0.00787	0.00576	0.00420	0.01808	0.00113	0.03961	0.00267	0.00186	0.00522
34	0.03216	0.00746	0.02303	0.00723	0.01028	0.00674	0.00606	0.13772	0.01202	0.69362	0.01410	0.01242	0.00898	0.00474	0.00387	0.00119	0.00348	0.00379	0.00457	0.00654
35	0.02116	0.00733	0.05053	0.00788	0.00978	0.00725	0.02615	0.12220	0.22849	0.02910	0.03727	0.03887	0.01607	0.00766	0.00459	0.00150	0.00364	0.37206	0.00360	0.00486
36	0.00558	0.00373	0.00425	0.00430	0.00431	0.00372	0.00243	0.00562	0.00575	0.00766	0.01278	0.07729	0.01481	0.81086	0.01881	0.00362	0.00366	0.00597	0.00243	0.00240
37	0.00732	0.00689	0.01163	0.85444	0.02670	0.00861	0.01077	0.00991	0.00775	0.00991	0.00689	0.01034	0.00517	0.00388	0.00388	0.00129	0.00517	0.00345	0.00172	0.00431
38	0.00564	0.00376	0.00423	0.00423	0.00423	0.00376	0.00235	0.00564	0.00564	0.00752	0.01222	0.02537	0.01409	0.86375	0.01973	0.00376	0.00376	0.00564	0.00235	0.00235
39	0.01219	0.15941	0.01416	0.05028	0.20536	0.40633	0.04455	0.01373	0.00973	0.04026	0.00665	0.00799	0.00547	0.00375	0.00348	0.00104	0.00572	0.00283	0.00201	0.00506
40	0.00554	0.00415	0.00623	0.00623	0.00692	0.00485	0.00485	0.00692	0.00623	0.00900	0.01038	0.01523	0.00969	0.02908	0.84839	0.00623	0.01038	0.00415	0.00208	0.00346
41	0.04449	0.00996	0.01070	0.00878	0.03231	0.01106	0.00697	0.59414	0.17118	0.02181	0.01145	0.01122	0.03821	0.00489	0.00386	0.00120	0.00392	0.00378	0.00378	0.00629
42	0.02409	0.00838	0.03219	0.11310	0.15457	0.03584	0.03072	0.04442	0.07379	0.21659	0.02118	0.01073	0.00751	0.00424	0.00432	0.00114	0.06283	0.00346	0.00292	0.14798
43	0.02442	0.09765	0.36464	0.02418	0.01378	0.01014	0.02124	0.25693	0.01137	0.07551	0.02082	0.00905	0.00628	0.00410	0.00376	0.00116	0.01716	0.00313	0.00262	0.03209
44	0.00560	0.00388	0.00436	0.00436	0.00458	0.00383	0.00261	0.00603	0.02294	0.00839	0.04807	0.04158	0.09336	0.70449	0.01691	0.00331	0.00347	0.01701	0.00262	0.00260
45	0.00496	0.00351	0.00439	0.00500	0.00523	0.00332	0.00323	0.00547	0.00704	0.00930	0.02003	0.59130	0.07143	0.23656	0.00882	0.00213	0.00263	0.00943	0.00327	0.00295
46	0.02194	0.05689	0.07403	0.14346	0.28931	0.20668	0.03292	0.01263	0.02036	0.04195	0.00726	0.01876	0.00592	0.00399	0.00415	0.00117	0.04810	0.00324	0.00202	0.00522

[dist]
# distance from previous block
# <min> <max>
0	1

[block]
# block no. 5 follows, 70 sequences, length 18
# corresponding to MSA columns:
# 766-783
name=unknown_F
#
# <colnr> <probs for GDERKNQSTAVLIFYWHMCP>
#	G	D	E	R	K	N	Q	S	T	A	V	L	I	F	Y	W	H	M	C	P
0	0.04490	0.00695	0.00896	0.00692	0.00983	0.00636	0.00571	0.09989	0.01156	0.70240	0.01427	0.01263	0.00913	0.00473	0.00380	0.00118	0.00333	0.00379	0.03724	0.00641
1	0.00507	0.00357	0.00477	0.00564	0.00600	0.00339	0.00403	0.00597	0.00770	0.01033	0.02095	0.69338	0.02457	0.01166	0.00495	0.00159	0.00246	0.14929	0.03144	0.00324
2	0.00820	0.00745	0.01232	0.04327	0.40243	0.00752	0.07748	0.01089	0.06294	0.01228	0.01253	0.09133	0.01233	0.00620	0.00440	0.00138	0.00421	0.21514	0.00262	0.00508
3	0.01097	0.00766	0.00895	0.00671	0.00978	0.00697	0.00545	0.19337	0.01071	0.14403	0.00890	0.00940	0.00668	0.00378	0.00361	0.00086	0.03483	0.00291	0.03858	0.48586
4	0.00804	0.00689	0.00804	0.00574	0.00919	0.00517	0.00459	0.00976	0.00804	0.01263	0.00689	0.00804	0.00574	0.00287	0.00287	0.00057	0.00287	0.00230	0.00230	0.88745
5	0.83762	0.00817	0.00602	0.00540	0.00777	0.05994	0.00440	0.01165	0.00687	0.01691	0.00543	0.00634	0.00425	0.00362	0.00247	0.00119	0.00324	0.00212	0.00237	0.00422
6	0.00656	0.00396	0.00623	0.00585	0.00620	0.00404	0.05196	0.00587	0.00556	0.00754	0.00795	0.01357	0.00789	0.09392	0.16251	0.59768	0.00483	0.00379	0.00183	0.00227
7	0.00838	0.00791	0.02225	0.16739	0.28725	0.02083	0.06767	0.01929	0.04206	0.02688	0.06361	0.04314	0.04242	0.02550	0.03880	0.00154	0.10351	0.00432	0.00231	0.00493
8	0.02305	0.00932	0.04131	0.05167	0.58743	0.01811	0.05410	0.03357	0.02011	0.04624	0.00824	0.01011	0.01972	0.00365	0.00381	0.00114	0.00454	0.00350	0.00216	0.05823
9	0.00963	0.24153	0.32991	0.02484	0.03138	0.03234	0.04379	0.08277	0.09028	0.02407	0.01868	0.00886	0.00632	0.00400	0.00379	0.00114	0.03596	0.00303	0.00217	0.00550
10	0.00670	0.00357	0.00533	0.00528	0.00533	0.00372	0.00362	0.00531	0.00516	0.00697	0.00694	0.01193	0.00689	0.01436	0.07337	0.79952	0.02896	0.00342	0.00171	0.00188
11	0.00831	0.00828	0.01109	0.00960	0.00989	0.05336	0.03400	0.00921	0.00637	0.00935	0.00662	0.05138	0.00671	0.02980	0.07309	0.01820	0.64493	0.00387	0.00186	0.00408
12	0.00614	0.00431	0.00542	0.02199	0.00650	0.00387	0.00382	0.00779	0.01034	0.06085	0.57232	0.02832	0.19383	0.00779	0.00444	0.00121	0.00206	0.00676	0.00401	0.04822
13	0.84667	0.00730	0.00559	0.00502	0.00735	0.00844	0.00412	0.01128	0.00667	0.01725	0.00576	0.00671	0.00449	0.00364	0.00241	0.00118	0.00294	0.00218	0.04682	0.00417
14	0.00538	0.00394	0.00504	0.00480	0.00573	0.00361	0.00359	0.00709	0.01067	0.01490	0.73798	0.05280	0.11354	0.00822	0.00458	0.00124	0.00185	0.00723	0.00418	0.00361
15	0.00732	0.00689	0.01163	0.85444	0.02670	0.00861	0.01077	0.00991	0.00775	0.00991	0.00689	0.01034	0.00517	0.00388	0.00388	0.00129	0.00517	0.00345	0.00172	0.00431
16	0.00965	0.00524	0.00676	0.00579	0.00748	0.00488	0.00454	0.04741	0.04477	0.26479	0.52014	0.02276	0.02613	0.00673	0.00431	0.00121	0.00243	0.00581	0.00440	0.00477
17	0.05069	0.00842	0.01141	0.04878	0.22498	0.00878	0.03354	0.16655	0.15846	0.18946	0.05089	0.01202	0.00930	0.00452	0.00387	0.00121	0.00387	0.00387	0.00338	0.00601

[dist]
# distance from previous block
# <min> <max>
0	13

[block]
# block no. 6 follows, 70 sequences, length 17
# corresponding to MSA columns:
# 802-818
name=unknown_G
#
# <colnr> <probs for GDERKNQSTAVLIFYWHMCP>
#	G	D	E	R	K	N	Q	S	T	A	V	L	I	F	Y	W	H	M	C	P
0	0.25864	0.03806	0.01190	0.25672	0.25424	0.05944	0.04570	0.01141	0.00800	0.01288	0.00652	0.00864	0.00519	0.00364	0.00341	0.00119	0.00453	0.00301	0.00200	0.00488
1	0.00907	0.00858	0.01424	0.14018	0.63718	0.00889	0.01103	0.01187	0.05933	0.01237	0.00836	0.04646	0.00719	0.00400	0.00390	0.00120	0.00449	0.00383	0.00209	0.00575
2	0.00478	0.00342	0.00457	0.00547	0.00572	0.00320	0.00370	0.00550	0.00748	0.00996	0.02133	0.82939	0.02551	0.01209	0.00496	0.00158	0.00230	0.04226	0.00360	0.00317
3	0.00549	0.00394	0.00494	0.00469	0.00565	0.00361	0.00352	0.00723	0.01056	0.01491	0.69728	0.02900	0.12475	0.00793	0.00446	0.00121	0.00184	0.00693	0.05843	0.00361
4	0.09452	0.00679	0.00877	0.00679	0.00974	0.00612	0.00561	0.03876	0.01088	0.74860	0.01427	0.01249	0.00904	0.00469	0.00377	0.00120	0.00330	0.00373	0.00456	0.00639
5	0.00692	0.00455	0.00511	0.00478	0.00518	0.00463	0.00295	0.08648	0.00705	0.03710	0.01203	0.02339	0.01321	0.75089	0.01765	0.00342	0.00379	0.00537	0.00258	0.00291
6	0.00463	0.00393	0.00399	0.00397	0.00526	0.00329	0.00298	0.00565	0.00894	0.01072	0.07751	0.03691	0.79961	0.00973	0.00458	0.00130	0.00196	0.00813	0.00363	0.00329
7	0.04291	0.00891	0.00983	0.00770	0.01042	0.00952	0.00629	0.51847	0.02861	0.18501	0.01090	0.01106	0.00776	0.02965	0.00418	0.00122	0.00375	0.00362	0.09411	0.00608
8	0.43120	0.00702	0.00743	0.00605	0.00876	0.00712	0.00499	0.01534	0.00897	0.45160	0.01061	0.00993	0.00704	0.00423	0.00319	0.00120	0.00316	0.00305	0.00366	0.00546
9	0.00526	0.00430	0.00469	0.00453	0.00580	0.00391	0.00341	0.00731	0.07756	0.01240	0.26557	0.03303	0.54053	0.00890	0.00453	0.00128	0.00202	0.00753	0.00382	0.00362
10	0.00810	0.00698	0.00832	0.00640	0.03945	0.00532	0.00486	0.00984	0.00807	0.01263	0.00691	0.00810	0.00576	0.00289	0.00291	0.00060	0.00293	0.00234	0.00228	0.85534
11	0.00757	0.00510	0.00618	0.00582	0.00721	0.00503	0.00452	0.01066	0.15333	0.11689	0.27255	0.10852	0.17574	0.00809	0.00461	0.00135	0.01485	0.08366	0.00398	0.00434
12	0.01023	0.14663	0.14862	0.03512	0.04911	0.07193	0.05313	0.07784	0.21035	0.06094	0.01040	0.03098	0.02196	0.00501	0.01882	0.00128	0.03578	0.00366	0.00271	0.00549
13	0.00481	0.00367	0.00440	0.00488	0.00557	0.00330	0.00345	0.00570	0.00816	0.01043	0.07227	0.45093	0.32462	0.03442	0.00522	0.00153	0.00223	0.04760	0.00360	0.00322
14	0.02017	0.03765	0.03055	0.47619	0.15757	0.04427	0.07315	0.03754	0.00857	0.02683	0.00733	0.00998	0.00564	0.00384	0.00391	0.00123	0.01585	0.00343	0.03148	0.00483
15	0.00577	0.00410	0.00514	0.00499	0.00597	0.00380	0.00370	0.00760	0.03829	0.04116	0.54102	0.15603	0.15053	0.00865	0.00459	0.00129	0.00200	0.00760	0.00407	0.00371
16	0.00805	0.00808	0.01111	0.68132	0.02327	0.11112	0.00988	0.01034	0.00802	0.00978	0.00707	0.01033	0.00552	0.00596	0.07324	0.00166	0.00582	0.00339	0.00179	0.00426

[dist]
# distance from previous block
# <min> <max>
4	6

[block]
# block no. 7 follows, 70 sequences, length 93
# corresponding to MSA columns:
# 826-911,937-943
name=unknown_H
#
# <colnr> <probs for GDERKNQSTAVLIFYWHMCP>
#	G	D	E	R	K	N	Q	S	T	A	V	L	I	F	Y	W	H	M	C	P
0	0.00910	0.09056	0.03621	0.12896	0.20521	0.05053	0.06715	0.02197	0.09350	0.01190	0.00810	0.01053	0.00676	0.02199	0.00460	0.00118	0.06495	0.02107	0.00219	0.14354
1	0.04196	0.00702	0.00796	0.00655	0.00873	0.00724	0.00527	0.28002	0.04135	0.20737	0.09540	0.03971	0.01198	0.00529	0.00370	0.00115	0.00308	0.01691	0.20395	0.00537
2	0.01084	0.00751	0.00855	0.00705	0.00921	0.00793	0.00564	0.33048	0.12483	0.10111	0.31148	0.01786	0.02853	0.00600	0.00415	0.00121	0.00310	0.00499	0.00412	0.00543
3	0.02607	0.01979	0.82632	0.01093	0.01659	0.00900	0.01411	0.01226	0.00815	0.01238	0.00692	0.00815	0.00490	0.00368	0.00366	0.00123	0.00567	0.00285	0.00165	0.00570
4	0.00490	0.00394	0.00436	0.00426	0.00543	0.00341	0.00319	0.00617	0.00958	0.01223	0.31639	0.03441	0.55978	0.00916	0.00458	0.00128	0.00192	0.00778	0.00383	0.00341
5	0.01440	0.03603	0.01118	0.00992	0.01194	0.83094	0.00747	0.01540	0.01092	0.00948	0.00598	0.00698	0.00499	0.00398	0.00347	0.00100	0.00693	0.00249	0.00199	0.00450
6	0.00563	0.00379	0.00438	0.00438	0.00443	0.00384	0.00254	0.00573	0.00568	0.00763	0.01208	0.02461	0.01376	0.80085	0.08219	0.00394	0.00426	0.00553	0.00233	0.00243
7	0.00479	0.00345	0.00456	0.00542	0.00573	0.00322	0.00370	0.00554	0.00756	0.01001	0.02213	0.78272	0.06210	0.01197	0.00495	0.00157	0.00230	0.05149	0.00360	0.00318
8	0.00730	0.00381	0.00395	0.00387	0.00484	0.00381	0.00292	0.00936	0.03131	0.02574	0.07375	0.01551	0.01195	0.00479	0.00290	0.00094	0.00186	0.00389	0.78376	0.00373
9	0.00515	0.00395	0.00472	0.00453	0.00559	0.00352	0.00340	0.00667	0.01019	0.01368	0.54357	0.03203	0.33170	0.00862	0.00458	0.00125	0.00188	0.00744	0.00402	0.00352
10	0.00848	0.00848	0.01187	0.01018	0.01018	0.01187	0.00848	0.00933	0.00594	0.00933	0.00509	0.00848	0.00509	0.00679	0.01272	0.00170	0.85666	0.00339	0.00170	0.00424
11	0.00953	0.00915	0.01562	0.04690	0.81696	0.00919	0.01187	0.01184	0.00880	0.01259	0.00728	0.00962	0.00611	0.00347	0.00384	0.00116	0.00462	0.00345	0.00191	0.00609
12	0.00939	0.00920	0.01633	0.05047	0.68848	0.00917	0.11733	0.01182	0.00884	0.01252	0.00763	0.01044	0.00641	0.00360	0.00397	0.00119	0.00485	0.02051	0.00195	0.00591
13	0.00472	0.00337	0.00450	0.00540	0.00562	0.00315	0.00360	0.00540	0.00742	0.00990	0.02137	0.86122	0.02564	0.01215	0.00495	0.00157	0.00225	0.01102	0.00360	0.00315
14	0.00732	0.00689	0.01163	0.85444	0.02670	0.00861	0.01077	0.00991	0.00775	0.00991	0.00689	0.01034	0.00517	0.00388	0.00388	0.00129	0.00517	0.00345	0.00172	0.00431
15	0.13183	0.01064	0.02107	0.00836	0.01135	0.05203	0.00694	0.61857	0.01576	0.07258	0.00896	0.00902	0.00636	0.00448	0.00366	0.00116	0.00419	0.00327	0.00362	0.00616
16	0.00951	0.00913	0.01559	0.05375	0.81025	0.00919	0.01186	0.01183	0.00879	0.01257	0.00728	0.00962	0.00611	0.00347	0.00384	0.00116	0.00463	0.00345	0.00191	0.00607
17	0.00732	0.00689	0.01163	0.85444	0.02670	0.00861	0.01077	0.00991	0.00775	0.00991	0.00689	0.01034	0.00517	0.00388	0.00388	0.00129	0.00517	0.00345	0.00172	0.00431
18	0.00477	0.00341	0.00455	0.00545	0.00570	0.00319	0.00368	0.00548	0.00747	0.00995	0.02134	0.83655	0.02554	0.01210	0.00496	0.00158	0.00229	0.03525	0.00360	0.00316
19	0.01589	0.00693	0.00895	0.00709	0.00993	0.00646	0.00578	0.01922	0.17044	0.68202	0.01539	0.01344	0.01003	0.00489	0.00391	0.00122	0.00325	0.00399	0.00463	0.00651
20	0.00804	0.00689	0.00804	0.00574	0.00919	0.00517	0.00459	0.00976	0.00804	0.01263	0.00689	0.00804	0.00574	0.00287	0.00287	0.00057	0.00287	0.00230	0.00230	0.88745
21	0.00537	0.00396	0.00502	0.00485	0.00577	0.00365	0.00360	0.00712	0.02107	0.01448	0.66372	0.10111	0.12886	0.00847	0.00460	0.00126	0.00190	0.00746	0.00413	0.00360
22	0.00478	0.00342	0.00457	0.00547	0.00572	0.00320	0.00370	0.00550	0.00748	0.00996	0.02134	0.82966	0.02551	0.01209	0.00496	0.00158	0.00230	0.04201	0.00360	0.00317
23	0.00458	0.00393	0.00393	0.00393	0.00524	0.00327	0.00295	0.00556	0.00884	0.01047	0.03927	0.03731	0.83800	0.00982	0.00458	0.00131	0.00196	0.00818	0.00360	0.00327
24	0.00943	0.00906	0.01558	0.04543	0.77170	0.00909	0.03560	0.01176	0.00881	0.01256	0.00765	0.01054	0.00654	0.00365	0.00390	0.00118	0.00465	0.02493	0.00196	0.00600
25	0.00778	0.02005	0.84367	0.01105	0.01678	0.00900	0.01432	0.01228	0.00818	0.01228	0.00696	0.00818	0.00491	0.00368	0.00368	0.00123	0.00573	0.00286	0.00164	0.00573
26	0.00494	0.00394	0.00443	0.00431	0.00546	0.00343	0.00323	0.00627	0.00969	0.01251	0.35924	0.03396	0.51676	0.00906	0.00458	0.00127	0.00191	0.00771	0.00387	0.00343
27	0.00963	0.00838	0.00914	0.00811	0.01035	0.00965	0.02782	0.02038	0.81077	0.01612	0.01557	0.01436	0.01168	0.00521	0.00396	0.00131	0.00316	0.00439	0.00389	0.00611
28	0.00732	0.00689	0.01163	0.85444	0.02670	0.00861	0.01077	0.00991	0.00775	0.00991	0.00689	0.01034	0.00517	0.00388	0.00388	0.00129	0.00517	0.00345	0.00172	0.00431
29	0.00732	0.00706	0.01242	0.67223	0.02401	0.00829	0.11466	0.00984	0.00795	0.01025	0.00894	0.05508	0.03668	0.00444	0.00405	0.00131	0.00508	0.00415	0.00192	0.00433
30	0.00736	0.00467	0.00521	0.00480	0.00599	0.00473	0.00368	0.08438	0.05503	0.01577	0.31225	0.01977	0.03857	0.00593	0.00360	0.00107	0.00211	0.00498	0.41607	0.00403
31	0.01200	0.01442	0.01049	0.00949	0.01090	0.55957	0.00731	0.01302	0.00929	0.00939	0.00643	0.00846	0.00568	0.00812	0.12543	0.00188	0.17893	0.00291	0.00195	0.00430
32	0.00615	0.00520	0.00817	0.06749	0.17535	0.00511	0.04562	0.00749	0.00806	0.01089	0.05465	0.50486	0.05352	0.00909	0.00461	0.00143	0.00312	0.02214	0.00308	0.00397
33	0.00849	0.05865	0.17401	0.07688	0.12007	0.05059	0.13260	0.01132	0.04634	0.02466	0.00970	0.06188	0.02509	0.02064	0.05112	0.00154	0.04681	0.00407	0.07065	0.00490
34	0.56510	0.19144	0.04178	0.00642	0.02098	0.08541	0.00556	0.02440	0.00754	0.01477	0.00560	0.00651	0.00453	0.00359	0.00261	0.00110	0.00375	0.00220	0.00219	0.00451
35	0.00516	0.00424	0.00458	0.00444	0.00571	0.00381	0.00335	0.00704	0.06594	0.01216	0.24067	0.03362	0.57746	0.00902	0.00454	0.00129	0.00201	0.00762	0.00379	0.00357
36	0.00622	0.00359	0.00489	0.00489	0.00496	0.00367	0.00317	0.00546	0.00539	0.00726	0.00906	0.01695	0.00965	0.31488	0.10746	0.47991	0.00427	0.00425	0.00196	0.00211
37	0.00913	0.01031	0.02108	0.01530	0.01874	0.03319	0.71050	0.01205	0.00884	0.01195	0.00769	0.01053	0.00599	0.01772	0.02056	0.00146	0.07352	0.00443	0.00195	0.00505
38	0.07159	0.00665	0.00879	0.00679	0.00975	0.00588	0.00561	0.01843	0.01082	0.79109	0.01468	0.01277	0.00926	0.00472	0.00381	0.00120	0.00328	0.00379	0.00465	0.00645
39	0.00514	0.00392	0.00456	0.00483	0.00572	0.00355	0.00346	0.00648	0.04038	0.02410	0.11855	0.37025	0.37442	0.01030	0.00469	0.00141	0.00213	0.00899	0.00371	0.00343
40	0.00559	0.00423	0.00632	0.00630	0.00698	0.00496	0.00491	0.00696	0.00623	0.00901	0.01030	0.01512	0.00962	0.02871	0.83456	0.00616	0.02439	0.00414	0.00207	0.00347
41	0.00972	0.00837	0.00881	0.00791	0.01011	0.00968	0.00616	0.03356	0.81947	0.01635	0.01568	0.01438	0.01175	0.00525	0.00394	0.00131	0.00309	0.00437	0.00394	0.00614
42	0.20928	0.00665	0.00794	0.00635	0.00899	0.00635	0.00520	0.04331	0.01033	0.54187	0.10265	0.01326	0.01125	0.00487	0.00364	0.00120	0.00310	0.00383	0.00418	0.00575
43	0.89114	0.00750	0.00570	0.00510	0.00750	0.00870	0.00420	0.01140	0.00660	0.01739	0.00540	0.00630	0.00420	0.00360	0.00240	0.00120	0.00300	0.00210	0.00240	0.00420
44	0.00742	0.00528	0.00599	0.00543	0.00687	0.02634	0.00417	0.04897	0.08162	0.09317	0.41669	0.04002	0.22754	0.00767	0.00440	0.00125	0.00237	0.00656	0.00404	0.00421
45	0.00534	0.00391	0.00494	0.00481	0.00564	0.00363	0.00352	0.00680	0.00978	0.01351	0.56528	0.09128	0.13346	0.08546	0.03365	0.00165	0.00235	0.01765	0.00388	0.00345
46	0.00471	0.00342	0.00445	0.00527	0.00559	0.00316	0.00354	0.00541	0.00755	0.00995	0.02296	0.78791	0.09793	0.01194	0.00492	0.00155	0.00222	0.01077	0.00360	0.00316
47	0.00804	0.00689	0.00804	0.00574	0.00919	0.00517	0.00459	0.00976	0.00804	0.01263	0.00689	0.00804	0.00574	0.00287	0.00287	0.00057	0.00287	0.00230	0.00230	0.88745
48	0.03369	0.00903	0.01100	0.06091	0.17439	0.01000	0.00781	0.23375	0.36106	0.03962	0.01158	0.01164	0.00867	0.00461	0.00386	0.00123	0.00382	0.00384	0.00338	0.00611
49	0.00795	0.00681	0.00793	0.00570	0.00909	0.00512	0.00455	0.00965	0.00806	0.01258	0.00772	0.00879	0.02710	0.00305	0.00291	0.00059	0.00285	0.00245	0.00233	0.86477
50	0.00539	0.00398	0.00489	0.00470	0.00572	0.00358	0.00353	0.00695	0.01026	0.02503	0.57493	0.05924	0.24931	0.00857	0.00459	0.00126	0.00192	0.01852	0.00406	0.00358
51	0.03739	0.01014	0.01103	0.00853	0.01156	0.01106	0.00703	0.67166	0.05245	0.12411	0.01022	0.00993	0.00713	0.00467	0.00385	0.00118	0.00406	0.00354	0.00396	0.00651
52	0.00952	0.00782	0.00898	0.06661	0.02515	0.00881	0.01755	0.11166	0.51019	0.02704	0.11114	0.03318	0.01372	0.00547	0.00401	0.00128	0.00324	0.00463	0.02439	0.00564
53	0.00833	0.00431	0.00450	0.00418	0.00536	0.00435	0.00321	0.07005	0.00904	0.05952	0.01254	0.01401	0.00967	0.00454	0.00286	0.00094	0.00207	0.00362	0.77292	0.00399
54	0.00762	0.00747	0.01345	0.71888	0.02566	0.00881	0.14254	0.01031	0.00798	0.01031	0.00704	0.01036	0.00528	0.00378	0.00399	0.00129	0.00539	0.00363	0.00176	0.00446
55	0.00554	0.00415	0.00623	0.00623	0.00692	0.00485	0.00485	0.00692	0.00623	0.00900	0.01038	0.01523	0.00969	0.02908	0.84839	0.00623	0.01038	0.00415	0.00208	0.00346
56	0.00701	0.00542	0.00701	0.00654	0.00756	0.02019	0.03547	0.00995	0.16405	0.03515	0.01206	0.01781	0.01123	0.22769	0.39362	0.00416	0.00680	0.02179	0.00261	0.00388
57	0.00848	0.00848	0.01187	0.01018	0.01018	0.01187	0.00848	0.00933	0.00594	0.00933	0.00509	0.00848	0.00509	0.00679	0.01272	0.00170	0.85666	0.00339	0.00170	0.00424
58	0.00732	0.00689	0.01163	0.85444	0.02670	0.00861	0.01077	0.00991	0.00775	0.00991	0.00689	0.01034	0.00517	0.00388	0.00388	0.00129	0.00517	0.00345	0.00172	0.00431
59	0.01271	0.00903	0.00970	0.00750	0.01052	0.06301	0.00608	0.31799	0.03193	0.17406	0.00995	0.02176	0.00742	0.00428	0.00358	0.00099	0.00375	0.01615	0.00342	0.28618
60	0.00473	0.00351	0.00442	0.00514	0.00560	0.00320	0.00352	0.00549	0.00774	0.01005	0.02498	0.67586	0.19046	0.01164	0.00488	0.00153	0.00222	0.02823	0.00360	0.00318
61	0.01333	0.23206	0.01360	0.00928	0.01165	0.61975	0.02523	0.01444	0.01016	0.00946	0.00588	0.00687	0.00501	0.00381	0.00327	0.00096	0.00626	0.00244	0.00191	0.00463
62	0.00698	0.00404	0.00556	0.00514	0.00585	0.00371	0.00362	0.00631	0.00633	0.02813	0.08725	0.01380	0.03886	0.01104	0.01169	0.61955	0.00310	0.00374	0.00216	0.13315
63	0.02572	0.02291	0.05748	0.03191	0.14350	0.02853	0.19886	0.11737	0.05783	0.06763	0.01029	0.09936	0.00887	0.00480	0.00402	0.00120	0.00450	0.02210	0.00272	0.09040
64	0.00954	0.00918	0.01555	0.02313	0.79919	0.00934	0.01173	0.01177	0.00869	0.01250	0.00718	0.00954	0.00609	0.00362	0.00427	0.00118	0.04609	0.00345	0.00191	0.00605
65	0.00472	0.00337	0.00450	0.00540	0.00562	0.00315	0.00360	0.00540	0.00742	0.00990	0.02137	0.86122	0.02564	0.01215	0.00495	0.00157	0.00225	0.01102	0.00360	0.00315
66	0.00618	0.00505	0.00663	0.00634	0.00707	0.02601	0.00492	0.00774	0.02684	0.01078	0.18265	0.04710	0.05984	0.03196	0.42104	0.00379	0.11470	0.00507	0.02262	0.00365
67	0.00935	0.28003	0.46305	0.01042	0.07734	0.02144	0.01116	0.02638	0.00848	0.04904	0.00690	0.00792	0.00527	0.00362	0.00334	0.00109	0.00503	0.00272	0.00185	0.00557
68	0.00624	0.00476	0.00561	0.00527	0.00647	0.00474	0.00399	0.00968	0.16782	0.01484	0.51710	0.04259	0.13537	0.00757	0.00436	0.00124	0.00209	0.00656	0.04962	0.00407
69	0.73060	0.02113	0.02097	0.00705	0.07478	0.05849	0.00525	0.02142	0.00722	0.01643	0.00566	0.00667	0.00445	0.00362	0.00262	0.00118	0.00344	0.00226	0.00233	0.00444
70	0.00564	0.00376	0.00423	0.00423	0.00423	0.00376	0.00235	0.00564	0.00564	0.00752	0.01222	0.02537	0.01409	0.86375	0.01973	0.00376	0.00376	0.00564	0.00235	0.00235
71	0.01316	0.00983	0.01055	0.00841	0.01119	0.01092	0.00684	0.57604	0.21463	0.03944	0.03496	0.01130	0.00885	0.00490	0.00389	0.00120	0.00384	0.00382	0.01988	0.00634
72	0.05266	0.04908	0.00981	0.03279	0.01014	0.00747	0.03978	0.05092	0.01961	0.12707	0.00842	0.01023	0.00683	0.04048	0.07244	0.00153	0.12445	0.00315	0.00259	0.33056
73	0.00542	0.00385	0.00531	0.00562	0.00623	0.00358	0.03077	0.00643	0.00820	0.03230	0.14184	0.58151	0.07136	0.02885	0.00511	0.00153	0.00240	0.03300	0.02328	0.00339
74	0.00804	0.00689	0.00804	0.00574	0.00919	0.00517	0.00459	0.00976	0.00804	0.01263	0.00689	0.00804	0.00574	0.00287	0.00287	0.00057	0.00287	0.00230	0.00230	0.88745
75	0.03392	0.03496	0.02052	0.19375	0.02489	0.00794	0.05525	0.07316	0.03904	0.19155	0.00953	0.02872	0.00726	0.00439	0.00432	0.00114	0.06629	0.01399	0.00284	0.18653
76	0.35298	0.06615	0.00977	0.00846	0.04705	0.35624	0.00640	0.02612	0.02145	0.01300	0.00593	0.00703	0.00487	0.00397	0.00360	0.00112	0.05669	0.00246	0.00217	0.00453
77	0.01227	0.00893	0.01122	0.03191	0.05335	0.00955	0.06244	0.44858	0.03705	0.09298	0.05280	0.01564	0.01055	0.00554	0.00430	0.00128	0.01663	0.11556	0.00362	0.00581
78	0.01010	0.00871	0.01038	0.02134	0.16527	0.00971	0.00737	0.10075	0.57155	0.01625	0.01327	0.01287	0.01005	0.00480	0.00390	0.00126	0.00350	0.00407	0.00350	0.02133
79	0.00809	0.00801	0.07734	0.02666	0.24126	0.02535	0.02237	0.01008	0.00871	0.04292	0.05363	0.08491	0.08385	0.00555	0.00394	0.00113	0.00368	0.07783	0.00264	0.21204
80	0.01331	0.02900	0.06291	0.00897	0.02942	0.02636	0.10243	0.14006	0.08169	0.35964	0.01223	0.03556	0.00879	0.00469	0.00392	0.00119	0.00404	0.01844	0.00367	0.05367
81	0.04090	0.02056	0.04028	0.36241	0.06930	0.02979	0.12680	0.04581	0.02751	0.01132	0.00804	0.01137	0.00657	0.04214	0.13880	0.00214	0.00599	0.00372	0.00202	0.00454
82	0.00728	0.00704	0.03030	0.01053	0.01258	0.00661	0.31474	0.00954	0.00879	0.01175	0.03208	0.09263	0.01576	0.02240	0.00540	0.00160	0.02456	0.37934	0.00287	0.00420
83	0.00625	0.00495	0.00586	0.00610	0.05687	0.01954	0.00423	0.00850	0.07743	0.03870	0.36594	0.05224	0.32257	0.00808	0.00445	0.00126	0.00230	0.00694	0.00381	0.00396
84	0.01175	0.00760	0.01083	0.26416	0.09835	0.04027	0.03853	0.02300	0.08269	0.31632	0.01186	0.03608	0.01912	0.00470	0.00396	0.00125	0.00420	0.01661	0.00322	0.00550
85	0.00893	0.00912	0.05514	0.17667	0.33670	0.05912	0.07751	0.03145	0.00876	0.02994	0.00920	0.09395	0.00836	0.00530	0.02059	0.00136	0.02961	0.03094	0.00220	0.00513
86	0.00733	0.00688	0.00702	0.00680	0.00767	0.16260	0.00517	0.00853	0.00712	0.00913	0.00964	0.01429	0.00905	0.08683	0.58635	0.00482	0.02778	0.00393	0.02545	0.00359
87	0.01158	0.02368	0.08318	0.07446	0.15536	0.00848	0.05726	0.04136	0.12778	0.26362	0.02040	0.02209	0.00830	0.00465	0.00469	0.00126	0.07906	0.00385	0.00313	0.00581
88	0.00495	0.00353	0.00457	0.00518	0.00563	0.00328	0.00358	0.00589	0.00816	0.01106	0.15980	0.62652	0.07980	0.01101	0.00479	0.00148	0.00217	0.02253	0.03280	0.00326
89	0.02527	0.00733	0.03136	0.02052	0.00972	0.00551	0.00502	0.02255	0.00820	0.02257	0.00700	0.00813	0.00574	0.00298	0.00293	0.00063	0.00302	0.00237	0.00232	0.80684
90	0.03989	0.17414	0.14700	0.01103	0.14143	0.11254	0.03601	0.11485	0.03727	0.10742	0.00810	0.00881	0.00613	0.00387	0.00348	0.00108	0.00470	0.00302	0.00250	0.03670
91	0.03415	0.04408	0.12259	0.06324	0.16960	0.10562	0.05403	0.05297	0.11744	0.04015	0.06087	0.01117	0.01830	0.00457	0.00463	0.00123	0.08392	0.00365	0.00249	0.00531
92	0.02466	0.00781	0.00844	0.00722	0.00965	0.00833	0.00564	0.03813	0.55809	0.04473	0.02254	0.01350	0.02160	0.02363	0.00405	0.00120	0.00305	0.00397	0.00357	0.19016

[dist]
# distance from previous block
# <min> <max>
1	25

[block]
# block no. 8 follows, 70 sequences, length 22
# corresponding to MSA columns:
# 975-996
name=unknown_I
#
# <colnr> <probs for GDERKNQSTAVLIFYWHMCP>
#	G	D	E	R	K	N	Q	S	T	A	V	L	I	F	Y	W	H	M	C	P
0	0.00919	0.02076	0.04358	0.07327	0.22694	0.02160	0.05076	0.07821	0.00929	0.04626	0.03573	0.07311	0.00845	0.00435	0.00391	0.00105	0.02607	0.00382	0.00248	0.26117
1	0.72452	0.00908	0.00696	0.00677	0.05309	0.12264	0.00506	0.01198	0.00731	0.01607	0.00558	0.00657	0.00441	0.00364	0.00263	0.00117	0.00363	0.00223	0.00232	0.00434
2	0.00493	0.00349	0.00452	0.00515	0.00548	0.00326	0.00345	0.00557	0.00757	0.01008	0.08853	0.63542	0.08055	0.07729	0.00647	0.03958	0.00236	0.00975	0.00348	0.00308
3	0.00748	0.00705	0.01191	0.79748	0.08244	0.00865	0.01084	0.01004	0.00783	0.01009	0.00692	0.01029	0.00523	0.00385	0.00387	0.00128	0.00513	0.00345	0.00174	0.00443
4	0.00849	0.02320	0.28821	0.04863	0.04365	0.00699	0.00851	0.02627	0.03355	0.07287	0.02819	0.08876	0.00848	0.00444	0.00358	0.00104	0.00400	0.00370	0.00245	0.29497
