[name]
unknown

[dist]
# distance from previous block
# <min> <max>
0	92

[block]
# block no. 0 follows, 66 sequences, length 27
# corresponding to MSA columns:
# 92-118
name=unknown_A
#
# <colnr> <probs for GDERKNQSTAVLIFYWHMCP>
#	G	D	E	R	K	N	Q	S	T	A	V	L	I	F	Y	W	H	M	C	P
0	0.05915	0.00832	0.01221	0.40053	0.19084	0.00936	0.00990	0.15249	0.01035	0.03286	0.00925	0.01199	0.03189	0.00446	0.00401	0.00129	0.00476	0.02355	0.00247	0.02032
1	0.01105	0.01084	0.03193	0.05362	0.21038	0.12757	0.08317	0.17312	0.07576	0.01469	0.00887	0.01076	0.00712	0.00762	0.10843	0.00191	0.05119	0.00374	0.00259	0.00563
2	0.00638	0.07006	0.14579	0.00738	0.00902	0.00597	0.03754	0.00817	0.02687	0.01093	0.01719	0.52872	0.01948	0.03544	0.00541	0.00159	0.02465	0.03223	0.00313	0.00406
3	0.00766	0.00721	0.01217	0.84767	0.02794	0.00901	0.01127	0.01037	0.00811	0.01037	0.00721	0.01082	0.00541	0.00406	0.00406	0.00135	0.00541	0.00361	0.00180	0.00451
4	0.01820	0.00690	0.00942	0.00722	0.01036	0.00596	0.00596	0.01977	0.01161	0.83492	0.01601	0.01381	0.01004	0.00502	0.00408	0.00126	0.00345	0.00408	0.00502	0.00690
5	0.00756	0.00378	0.00378	0.00378	0.00473	0.00378	0.00284	0.00945	0.00851	0.01513	0.01324	0.01513	0.01040	0.00473	0.00284	0.00095	0.00189	0.00378	0.87994	0.00378
6	0.00590	0.00421	0.00580	0.00674	0.00739	0.00412	0.00542	0.00730	0.00871	0.01142	0.02184	0.37170	0.02475	0.01181	0.00543	0.00178	0.00318	0.48520	0.00375	0.00356
7	0.09093	0.00499	0.00571	0.00578	0.00676	0.02397	0.00429	0.04447	0.00984	0.01419	0.32910	0.33057	0.04261	0.00946	0.00471	0.00144	0.00256	0.06090	0.00389	0.00383
8	0.00756	0.00378	0.00378	0.00378	0.00473	0.00378	0.00284	0.00945	0.00851	0.01513	0.01324	0.01513	0.01040	0.00473	0.00284	0.00095	0.00189	0.00378	0.87994	0.00378
9	0.25910	0.01015	0.01026	0.00811	0.01113	0.01129	0.00669	0.54437	0.03241	0.05533	0.00899	0.00913	0.00644	0.00458	0.00363	0.00123	0.00403	0.00328	0.00366	0.00619
10	0.00521	0.00428	0.00517	0.00502	0.00616	0.00381	0.03252	0.00630	0.00888	0.01114	0.10767	0.14686	0.51367	0.07606	0.04723	0.00185	0.00283	0.00831	0.00359	0.00345
11	0.00546	0.00418	0.00502	0.00496	0.00598	0.00380	0.00366	0.00720	0.03290	0.01382	0.45096	0.14600	0.28232	0.00944	0.00482	0.00136	0.00205	0.00822	0.00414	0.00370
12	0.00878	0.00863	0.01724	0.06031	0.06744	0.00828	0.46704	0.01148	0.00936	0.04200	0.02580	0.10299	0.01168	0.00580	0.00485	0.00146	0.00548	0.13375	0.00263	0.00500
13	0.01008	0.00907	0.03485	0.03437	0.01146	0.02448	0.02930	0.11416	0.45831	0.01632	0.01374	0.06247	0.01109	0.00554	0.00435	0.00130	0.02897	0.01997	0.00358	0.10657
14	0.03621	0.00761	0.01050	0.00861	0.01080	0.02832	0.13581	0.05087	0.15349	0.10407	0.04471	0.08607	0.01211	0.07926	0.07721	0.00197	0.03426	0.02529	0.00321	0.08963
15	0.04010	0.03159	0.01308	0.03859	0.13496	0.18841	0.09888	0.16654	0.03152	0.14038	0.04039	0.01201	0.00857	0.00466	0.00405	0.00123	0.00508	0.03112	0.00308	0.00577
16	0.04078	0.16509	0.26640	0.15690	0.12710	0.01065	0.07742	0.01259	0.03403	0.03506	0.00751	0.00927	0.00580	0.00393	0.00402	0.00123	0.03141	0.00325	0.00200	0.00555
17	0.00587	0.00394	0.00442	0.00442	0.00446	0.00392	0.00248	0.00590	0.00600	0.00796	0.01359	0.02691	0.03812	0.83315	0.02020	0.00386	0.00388	0.00598	0.00250	0.00249
18	0.00865	0.00775	0.01120	0.28624	0.16767	0.03762	0.03125	0.06719	0.05620	0.02333	0.04839	0.07381	0.06843	0.00694	0.04571	0.00160	0.01753	0.03287	0.00267	0.00494
19	0.00987	0.15621	0.07345	0.19506	0.25295	0.03841	0.02296	0.05854	0.02799	0.03802	0.03486	0.03680	0.00821	0.00450	0.00388	0.00122	0.00477	0.02447	0.00234	0.00549
20	0.01008	0.17979	0.23086	0.02553	0.09800	0.10581	0.08368	0.05125	0.00927	0.02376	0.00826	0.01005	0.02789	0.01844	0.04903	0.00152	0.05593	0.00337	0.00208	0.00538
21	0.88607	0.00785	0.00596	0.00534	0.00785	0.00910	0.00439	0.01193	0.00690	0.01820	0.00565	0.00659	0.00439	0.00377	0.00251	0.00126	0.00314	0.00220	0.00251	0.00439
22	0.00756	0.00378	0.00378	0.00378	0.00473	0.00378	0.00284	0.00945	0.00851	0.01513	0.01324	0.01513	0.01040	0.00473	0.00284	0.00095	0.00189	0.00378	0.87994	0.00378
23	0.03438	0.02983	0.03838	0.00621	0.00987	0.00594	0.00522	0.01041	0.00837	0.01326	0.00713	0.00832	0.00591	0.00307	0.00301	0.00065	0.00315	0.00241	0.00236	0.80212
24	0.01516	0.01934	0.01150	0.01045	0.01254	0.84113	0.00784	0.01620	0.01150	0.00993	0.00627	0.00732	0.00523	0.00418	0.00366	0.00105	0.00732	0.00261	0.00209	0.00470
25	0.00756	0.00378	0.00378	0.00378	0.00473	0.00378	0.00284	0.00945	0.00851	0.01513	0.01324	0.01513	0.01040	0.00473	0.00284	0.00095	0.00189	0.00378	0.87994	0.00378
26	0.00886	0.07501	0.48595	0.01107	0.01597	0.00965	0.12362	0.03756	0.03303	0.01313	0.00759	0.00897	0.00568	0.00381	0.00402	0.00119	0.02566	0.00319	0.00200	0.12405

[dist]
# distance from previous block
# <min> <max>
0	1

[block]
# block no. 1 follows, 66 sequences, length 6
# corresponding to MSA columns:
# 120-125
name=unknown_B
#
# <colnr> <probs for GDERKNQSTAVLIFYWHMCP>
#	G	D	E	R	K	N	Q	S	T	A	V	L	I	F	Y	W	H	M	C	P
0	0.00612	0.00426	0.00541	0.00565	0.02663	0.00409	0.00383	0.00712	0.00836	0.04267	0.19266	0.16729	0.14201	0.24679	0.09542	0.00264	0.00367	0.02853	0.00339	0.00346
1	0.00516	0.00371	0.00478	0.00549	0.00586	0.00348	0.00375	0.00595	0.00794	0.01051	0.05866	0.62010	0.08678	0.10106	0.00678	0.00186	0.00256	0.05862	0.00366	0.00327
2	0.03550	0.08367	0.15555	0.03361	0.01437	0.16179	0.14955	0.07377	0.00958	0.03618	0.00758	0.03440	0.00629	0.00484	0.00580	0.00133	0.17515	0.00361	0.00221	0.00522
3	0.00632	0.00652	0.09309	0.00683	0.00806	0.04134	0.00583	0.00787	0.00847	0.01117	0.06604	0.29147	0.06504	0.07316	0.08309	0.00222	0.00416	0.21229	0.00327	0.00376
4	0.01098	0.00938	0.03068	0.16941	0.24446	0.05707	0.12695	0.04638	0.04959	0.14336	0.01072	0.04865	0.02459	0.00461	0.00420	0.00129	0.00492	0.00428	0.00275	0.00572
5	0.42028	0.06186	0.00961	0.07173	0.05851	0.08720	0.00654	0.04934	0.03838	0.06268	0.00724	0.00848	0.00568	0.00498	0.02719	0.00140	0.06857	0.00285	0.00255	0.00491

[dist]
# distance from previous block
# <min> <max>
8	13

[block]
# block no. 2 follows, 66 sequences, length 11
# corresponding to MSA columns:
# 139-149
name=unknown_C
#
# <colnr> <probs for GDERKNQSTAVLIFYWHMCP>
#	G	D	E	R	K	N	Q	S	T	A	V	L	I	F	Y	W	H	M	C	P
0	0.11156	0.04452	0.07556	0.00897	0.01234	0.02259	0.15701	0.04131	0.10605	0.07255	0.02701	0.03595	0.00813	0.00419	0.00369	0.00110	0.00416	0.00367	0.00280	0.25685
1	0.00952	0.00848	0.01050	0.04391	0.05855	0.07497	0.09016	0.17051	0.09496	0.01573	0.19306	0.04347	0.09051	0.00765	0.05376	0.00160	0.01890	0.00532	0.00339	0.00506
2	0.00605	0.00432	0.00538	0.00527	0.00543	0.00470	0.00343	0.00643	0.00606	0.00833	0.01191	0.02309	0.01314	0.61917	0.20662	0.00439	0.05567	0.00541	0.00235	0.00284
3	0.00932	0.26581	0.43256	0.06053	0.07349	0.01148	0.01167	0.03475	0.04242	0.01227	0.00727	0.00850	0.00561	0.00383	0.00353	0.00116	0.00523	0.00292	0.00191	0.00575
4	0.88607	0.00785	0.00596	0.00534	0.00785	0.00910	0.00439	0.01193	0.00690	0.01820	0.00565	0.00659	0.00439	0.00377	0.00251	0.00126	0.00314	0.00220	0.00251	0.00439
5	0.00608	0.00432	0.00574	0.00595	0.00680	0.00411	0.01836	0.00784	0.03851	0.03174	0.26693	0.34864	0.06741	0.01015	0.00495	0.00151	0.00253	0.13030	0.03436	0.00378
6	0.00529	0.00428	0.00471	0.00462	0.00587	0.00380	0.00346	0.00698	0.04275	0.01270	0.26494	0.06724	0.53974	0.00961	0.00478	0.00135	0.00207	0.00817	0.00398	0.00366
7	0.19659	0.00757	0.00867	0.00705	0.00980	0.00763	0.00574	0.08839	0.11445	0.44255	0.01336	0.01324	0.00933	0.03576	0.00439	0.00138	0.00347	0.02036	0.00418	0.00609
8	0.00607	0.00440	0.00599	0.00623	0.00709	0.00416	0.02914	0.02751	0.00922	0.03142	0.14984	0.42532	0.10611	0.01083	0.00509	0.00157	0.00273	0.15970	0.00385	0.00372
9	0.09592	0.03523	0.00696	0.02642	0.03760	0.02058	0.00500	0.01057	0.04499	0.10941	0.09441	0.05325	0.16762	0.02666	0.00452	0.00139	0.00299	0.12195	0.13015	0.00439
10	0.01188	0.26124	0.07811	0.01299	0.17979	0.23017	0.09426	0.03071	0.00983	0.04499	0.00711	0.00843	0.00579	0.00380	0.00358	0.00109	0.00557	0.00303	0.00210	0.00551

[dist]
# distance from previous block
# <min> <max>
2	13

[block]
# block no. 3 follows, 66 sequences, length 35
# corresponding to MSA columns:
# 164-198
name=unknown_D
#
# <colnr> <probs for GDERKNQSTAVLIFYWHMCP>
#	G	D	E	R	K	N	Q	S	T	A	V	L	I	F	Y	W	H	M	C	P
0	0.04209	0.01265	0.19944	0.05883	0.32596	0.07159	0.04218	0.08228	0.06043	0.02495	0.02470	0.02121	0.00726	0.00419	0.00397	0.00125	0.00508	0.00364	0.00237	0.00595
1	0.01542	0.01136	0.01218	0.00933	0.01258	0.01258	0.00771	0.81858	0.01908	0.02557	0.00974	0.00974	0.00690	0.00487	0.00406	0.00122	0.00446	0.00365	0.00406	0.00690
2	0.00712	0.00372	0.00545	0.00532	0.00551	0.00362	0.00359	0.00554	0.00545	0.00737	0.00706	0.01213	0.00699	0.01351	0.01518	0.83572	0.00350	0.00346	0.00180	0.04795
3	0.05189	0.00434	0.00540	0.00508	0.00613	0.00409	0.00383	0.00781	0.01116	0.01617	0.75620	0.02940	0.06715	0.00813	0.00467	0.00128	0.00198	0.00711	0.00434	0.00384
4	0.11116	0.00710	0.00910	0.00706	0.01014	0.00644	0.00583	0.03610	0.01127	0.73000	0.01476	0.01295	0.00937	0.00488	0.00391	0.00125	0.00344	0.00387	0.00473	0.00664
5	0.00912	0.00937	0.05778	0.30911	0.48669	0.00942	0.01200	0.01201	0.03238	0.01234	0.00772	0.01038	0.00618	0.00384	0.00403	0.00127	0.00504	0.00361	0.00198	0.00574
6	0.00699	0.00376	0.00565	0.04948	0.00650	0.00388	0.00394	0.00564	0.00550	0.00733	0.00741	0.01294	0.00737	0.04762	0.04282	0.77182	0.00388	0.00365	0.00181	0.00200
7	0.00849	0.00875	0.01748	0.01375	0.05199	0.00830	0.50898	0.04288	0.00947	0.01278	0.01285	0.22286	0.03094	0.00615	0.00484	0.00144	0.00535	0.02513	0.00264	0.00494
8	0.00861	0.00792	0.01216	0.72218	0.02558	0.02714	0.01077	0.08853	0.00918	0.01181	0.00738	0.01058	0.00555	0.00423	0.00434	0.00135	0.03233	0.00359	0.00203	0.00474
9	0.00588	0.00473	0.00527	0.00535	0.00639	0.02464	0.00394	0.00782	0.07738	0.01237	0.20742	0.23040	0.31605	0.01004	0.00523	0.03333	0.00243	0.03377	0.00384	0.00371
10	0.03757	0.50201	0.10470	0.00874	0.03551	0.08352	0.02919	0.09041	0.03336	0.03149	0.00694	0.00775	0.00572	0.00381	0.00314	0.00102	0.00477	0.00266	0.00217	0.00550
11	0.23211	0.01073	0.03642	0.02664	0.14501	0.11596	0.09629	0.13112	0.08024	0.01595	0.00967	0.01096	0.04262	0.00449	0.00386	0.00126	0.01570	0.01282	0.00271	0.00542
12	0.00736	0.00600	0.00766	0.02390	0.05182	0.04581	0.02423	0.05417	0.00760	0.01044	0.01070	0.01741	0.01049	0.26360	0.37037	0.00430	0.04119	0.00458	0.03458	0.00377
13	0.00727	0.02600	0.03808	0.05811	0.02332	0.01449	0.03782	0.03628	0.04959	0.04361	0.43503	0.02575	0.14476	0.00737	0.00454	0.00129	0.00290	0.02187	0.01755	0.00437
14	0.02591	0.00801	0.01077	0.21451	0.12754	0.02685	0.00778	0.05172	0.00941	0.11288	0.00841	0.00989	0.00641	0.00372	0.00359	0.00100	0.00407	0.00313	0.00260	0.36180
15	0.88607	0.00785	0.00596	0.00534	0.00785	0.00910	0.00439	0.01193	0.00690	0.01820	0.00565	0.00659	0.00439	0.00377	0.00251	0.00126	0.00314	0.00220	0.00251	0.00439
16	0.00670	0.00449	0.00576	0.00596	0.00697	0.00425	0.00457	0.00856	0.04849	0.07517	0.21606	0.28844	0.12209	0.01013	0.00499	0.00153	0.00263	0.17520	0.00404	0.00395
17	0.00580	0.00435	0.00652	0.00652	0.00724	0.00507	0.00507	0.00724	0.00652	0.00942	0.01087	0.01594	0.01014	0.03043	0.84134	0.00652	0.01087	0.00435	0.00217	0.00362
18	0.04290	0.00682	0.00911	0.00704	0.01008	0.00597	0.00580	0.01917	0.01136	0.78161	0.01561	0.01365	0.00989	0.00497	0.00399	0.00124	0.00339	0.00401	0.03665	0.00672
19	0.00618	0.00463	0.00565	0.00554	0.00670	0.00442	0.00428	0.00870	0.08291	0.02611	0.44129	0.06536	0.20052	0.00898	0.00484	0.00140	0.00234	0.11200	0.00417	0.00398
20	0.00894	0.00844	0.01386	0.28487	0.43216	0.00913	0.02595	0.01204	0.06866	0.01255	0.03387	0.01232	0.03732	0.00433	0.00425	0.00128	0.01823	0.00399	0.00223	0.00558
21	0.00567	0.00415	0.00535	0.00520	0.00617	0.00383	0.00395	0.00745	0.01095	0.01521	0.66095	0.06846	0.11263	0.00889	0.00486	0.00134	0.00208	0.06480	0.00432	0.00376
22	0.02878	0.13242	0.12394	0.01083	0.10436	0.13153	0.02315	0.17036	0.15470	0.01550	0.05801	0.01094	0.00890	0.00456	0.00380	0.00119	0.00475	0.00358	0.00287	0.00582
23	0.84796	0.00780	0.00611	0.00542	0.00796	0.00896	0.00446	0.01227	0.00711	0.05407	0.00610	0.00691	0.00464	0.00382	0.00258	0.00126	0.00315	0.00228	0.00262	0.00450
24	0.00921	0.03007	0.07082	0.27282	0.15951	0.03016	0.17511	0.04051	0.03932	0.03718	0.04345	0.03423	0.03046	0.00451	0.00422	0.00130	0.00517	0.00430	0.00236	0.00529
25	0.00530	0.00375	0.00486	0.00551	0.00601	0.00343	0.00377	0.00615	0.00823	0.02687	0.07664	0.69581	0.09981	0.01188	0.00506	0.00157	0.00233	0.01069	0.00381	0.01852
26	0.02993	0.04129	0.00910	0.00625	0.00978	0.00629	0.00508	0.04949	0.00904	0.05573	0.00768	0.00863	0.00619	0.00323	0.00308	0.00069	0.00315	0.00253	0.00259	0.74022
27	0.00924	0.26255	0.22293	0.00919	0.01305	0.02959	0.11713	0.01192	0.02115	0.03214	0.04287	0.01150	0.06163	0.00477	0.02019	0.00119	0.00483	0.00353	0.00224	0.11837
28	0.00941	0.25791	0.38168	0.01027	0.04761	0.03211	0.02163	0.04707	0.00898	0.01225	0.04335	0.00950	0.01836	0.00435	0.00440	0.00120	0.07924	0.00315	0.00200	0.00552
29	0.00632	0.00463	0.00579	0.00590	0.03274	0.00439	0.00422	0.00833	0.05455	0.04425	0.36150	0.09607	0.22906	0.05053	0.04692	0.00174	0.00280	0.03240	0.00393	0.00395
30	0.00630	0.00720	0.11660	0.12029	0.01116	0.00563	0.03854	0.00874	0.04189	0.01259	0.20525	0.07883	0.28519	0.01885	0.00479	0.00140	0.00332	0.02592	0.00332	0.00419
31	0.07439	0.20689	0.15766	0.02625	0.03658	0.01736	0.02698	0.09051	0.04069	0.21852	0.02295	0.03720	0.00810	0.00485	0.01299	0.00124	0.00439	0.00357	0.00305	0.00584
32	0.01030	0.18032	0.15749	0.03896	0.01220	0.03858	0.05180	0.03114	0.10434	0.13368	0.03892	0.11931	0.01107	0.00622	0.02427	0.00139	0.01633	0.01532	0.00297	0.00539
33	0.00535	0.00373	0.00486	0.00563	0.00608	0.00344	0.00389	0.00616	0.00808	0.03207	0.02392	0.71858	0.10203	0.01221	0.00513	0.00162	0.00242	0.04759	0.00380	0.00342
34	0.00930	0.07817	0.54371	0.01050	0.03280	0.02912	0.03204	0.01294	0.00888	0.07410	0.00848	0.00946	0.02201	0.00393	0.00372	0.00117	0.00528	0.00311	0.00211	0.10916

[dist]
# distance from previous block
# <min> <max>
0	5

[block]
# block no. 4 follows, 66 sequences, length 9
# corresponding to MSA columns:
# 204-212
name=unknown_E
#
# <colnr> <probs for GDERKNQSTAVLIFYWHMCP>
#	G	D	E	R	K	N	Q	S	T	A	V	L	I	F	Y	W	H	M	C	P
0	0.07861	0.00816	0.03773	0.05380	0.09659	0.02091	0.07380	0.02190	0.18597	0.05458	0.09202	0.01558	0.06808	0.01776	0.06919	0.00175	0.06201	0.00454	0.00304	0.03397
1	0.00638	0.00501	0.00668	0.00628	0.00755	0.00527	0.00488	0.00869	0.07241	0.01131	0.09933	0.01804	0.06877	0.02137	0.52664	0.00448	0.00775	0.00473	0.00271	0.11170
2	0.00700	0.00636	0.00955	0.34493	0.06872	0.00743	0.00795	0.00884	0.00826	0.01091	0.07477	0.03472	0.18666	0.02311	0.06933	0.00184	0.11773	0.00519	0.00251	0.00421
3	0.07005	0.00880	0.04639	0.00714	0.01028	0.06313	0.00606	0.09666	0.01002	0.07971	0.00976	0.01337	0.00835	0.00454	0.00357	0.00098	0.00372	0.10119	0.00290	0.45337
4	0.00805	0.11187	0.01328	0.74447	0.02579	0.00988	0.01074	0.01058	0.00813	0.01027	0.00702	0.01029	0.00538	0.00398	0.00388	0.00129	0.00528	0.00343	0.00179	0.00459
5	0.01003	0.40429	0.12814	0.00870	0.01213	0.05206	0.07221	0.04248	0.04627	0.01179	0.00880	0.01264	0.00795	0.00462	0.00352	0.00111	0.00469	0.10121	0.00226	0.06511
6	0.30632	0.00982	0.12981	0.07480	0.03509	0.06417	0.05184	0.01138	0.00851	0.04600	0.01295	0.02996	0.10878	0.00559	0.00379	0.00134	0.00420	0.08831	0.00267	0.00467
7	0.01231	0.17785	0.01258	0.00829	0.01111	0.05830	0.00691	0.33721	0.23747	0.01833	0.04361	0.01222	0.03624	0.00504	0.00382	0.00119	0.00408	0.00386	0.00352	0.00608
8	0.01005	0.26304	0.22633	0.00854	0.01191	0.00995	0.06483	0.02531	0.00869	0.12110	0.02495	0.01283	0.00845	0.14245	0.01955	0.00169	0.01732	0.01543	0.00243	0.00516

[dist]
# distance from previous block
# <min> <max>
0	7

# created by:
# /home/cegg/simao/soft/augustus-3.2.1/scripts/msa2prfl.pl ./align_prep/EOG092C5JQL.fa
