[name]
unknown

[dist]
# distance from previous block
# <min> <max>
15	209

[block]
# block no. 0 follows, 74 sequences, length 20
# corresponding to MSA columns:
# 261-280
name=unknown_A
#
# <colnr> <probs for GDERKNQSTAVLIFYWHMCP>
#	G	D	E	R	K	N	Q	S	T	A	V	L	I	F	Y	W	H	M	C	P
0	0.01066	0.30305	0.04910	0.00756	0.02157	0.14011	0.00653	0.12573	0.14464	0.04775	0.05815	0.01040	0.03422	0.00427	0.00325	0.00101	0.00405	0.00318	0.00263	0.02215
1	0.02849	0.00830	0.01030	0.02269	0.04537	0.00900	0.08482	0.13255	0.47141	0.07957	0.01234	0.01194	0.00912	0.00449	0.00373	0.00118	0.00351	0.00385	0.00342	0.05389
2	0.00816	0.00810	0.01458	0.31323	0.26657	0.00835	0.21156	0.01063	0.00809	0.01114	0.00694	0.00948	0.00545	0.00335	0.00376	0.00113	0.00487	0.00345	0.00182	0.09938
3	0.00727	0.00688	0.01153	0.74406	0.10487	0.00843	0.01032	0.00965	0.00745	0.00972	0.00656	0.00975	0.00504	0.00379	0.00406	0.00124	0.04014	0.00330	0.00167	0.00429
4	0.00460	0.00329	0.00440	0.00526	0.00551	0.00308	0.00358	0.00530	0.00718	0.00956	0.02042	0.82372	0.02438	0.01156	0.00476	0.00152	0.00222	0.05320	0.00344	0.00304
5	0.00454	0.00377	0.00397	0.00396	0.00508	0.00328	0.00293	0.00547	0.00815	0.00988	0.05692	0.03326	0.70917	0.06567	0.06590	0.00174	0.00256	0.00737	0.00328	0.00310
6	0.00525	0.00379	0.00496	0.00467	0.00555	0.00350	0.00350	0.00700	0.01051	0.01488	0.84444	0.02773	0.03502	0.00759	0.00438	0.00117	0.00175	0.00671	0.00409	0.00350
7	0.00519	0.00379	0.00487	0.00460	0.00551	0.00347	0.00345	0.00688	0.01035	0.01452	0.78325	0.02833	0.09644	0.00773	0.00438	0.00117	0.00176	0.00680	0.00404	0.00347
8	0.00452	0.00323	0.00431	0.00517	0.00538	0.00301	0.00345	0.00517	0.00711	0.00948	0.02046	0.86713	0.02455	0.01163	0.00474	0.00151	0.00215	0.01055	0.00345	0.00301
9	0.01191	0.05268	0.26001	0.00869	0.01234	0.00999	0.00870	0.45072	0.01319	0.09159	0.00869	0.00896	0.00613	0.00413	0.00356	0.00111	0.00433	0.00314	0.03424	0.00589
10	0.01001	0.01109	0.01595	0.02609	0.07154	0.21853	0.41273	0.04104	0.00940	0.02284	0.00841	0.01250	0.00717	0.00423	0.00429	0.00122	0.02473	0.09134	0.00214	0.00475
11	0.01665	0.00632	0.00861	0.00660	0.00948	0.00546	0.00546	0.01809	0.01062	0.84897	0.01464	0.01263	0.00919	0.00459	0.00373	0.00115	0.00316	0.00373	0.00459	0.00632
12	0.00991	0.00663	0.00743	0.00612	0.00798	0.00708	0.03926	0.33452	0.04091	0.01758	0.01076	0.01174	0.00815	0.00435	0.00315	0.00099	0.00289	0.00348	0.47233	0.00473
13	0.00452	0.00323	0.00431	0.00517	0.00538	0.00301	0.00345	0.00517	0.00711	0.00948	0.02046	0.86713	0.02455	0.01163	0.00474	0.00151	0.00215	0.01055	0.00345	0.00301
14	0.00744	0.01920	0.85032	0.01058	0.01607	0.00862	0.01371	0.01176	0.00784	0.01176	0.00666	0.00784	0.00470	0.00353	0.00353	0.00118	0.00549	0.00274	0.00157	0.00549
15	0.01052	0.00810	0.00829	0.00730	0.00946	0.06665	0.00571	0.01822	0.58991	0.15696	0.01576	0.01449	0.06165	0.00514	0.00378	0.00122	0.00317	0.00422	0.00377	0.00567
16	0.00597	0.00487	0.00702	0.00665	0.00717	0.00604	0.00527	0.00719	0.00613	0.00906	0.04387	0.01386	0.00947	0.03825	0.59227	0.00461	0.19934	0.00394	0.02553	0.00347
17	0.00930	0.00824	0.01390	0.17505	0.63827	0.00848	0.01078	0.01151	0.00841	0.06949	0.00744	0.00955	0.00594	0.00347	0.00369	0.00113	0.00442	0.00334	0.00199	0.00559
18	0.00859	0.00519	0.00728	0.00619	0.00789	0.00478	0.06927	0.02842	0.00965	0.23210	0.23365	0.06862	0.21864	0.00717	0.00445	0.00125	0.02317	0.05564	0.00375	0.00432
19	0.11184	0.00978	0.00967	0.00777	0.01039	0.07753	0.00630	0.49615	0.10306	0.05414	0.05013	0.00999	0.00798	0.00448	0.00354	0.00111	0.00385	0.00336	0.00344	0.02547

[dist]
# distance from previous block
# <min> <max>
1	18

[block]
# block no. 1 follows, 74 sequences, length 15
# corresponding to MSA columns:
# 299-313
name=unknown_B
#
# <colnr> <probs for GDERKNQSTAVLIFYWHMCP>
#	G	D	E	R	K	N	Q	S	T	A	V	L	I	F	Y	W	H	M	C	P
0	0.12321	0.08657	0.05836	0.00884	0.04967	0.12138	0.09191	0.10691	0.02823	0.04613	0.00718	0.00852	0.00572	0.00375	0.00366	0.00101	0.04616	0.01511	0.00233	0.18534
1	0.31603	0.00780	0.03160	0.27300	0.21383	0.00845	0.00815	0.04543	0.00784	0.04613	0.00661	0.00840	0.00507	0.00358	0.00321	0.00116	0.00401	0.00286	0.00212	0.00472
2	0.24902	0.13674	0.36877	0.00828	0.01216	0.00972	0.03433	0.08459	0.04164	0.01383	0.00661	0.00748	0.00496	0.00358	0.00308	0.00111	0.00436	0.00260	0.00206	0.00506
3	0.04874	0.30096	0.25531	0.00768	0.01122	0.01029	0.00812	0.13173	0.00954	0.09191	0.06798	0.00970	0.02376	0.00405	0.00321	0.00104	0.00410	0.00302	0.00242	0.00519
4	0.00886	0.00855	0.01422	0.08525	0.66114	0.00915	0.01083	0.01089	0.00797	0.01146	0.00664	0.00909	0.00566	0.00380	0.00492	0.00119	0.12982	0.00330	0.00179	0.00548
5	0.00531	0.00395	0.00581	0.00581	0.00642	0.00456	0.00445	0.00653	0.00592	0.00850	0.01008	0.01536	0.00962	0.09571	0.78743	0.00577	0.00943	0.00409	0.00201	0.00323
6	0.01272	0.00815	0.01043	0.00816	0.01080	0.02747	0.09256	0.27529	0.10699	0.28311	0.07631	0.01244	0.01006	0.00568	0.04105	0.00137	0.00402	0.00394	0.00372	0.00573
7	0.00452	0.00323	0.00431	0.00517	0.00538	0.00301	0.00345	0.00517	0.00711	0.00948	0.02046	0.86713	0.02455	0.01163	0.00474	0.00151	0.00215	0.01055	0.00345	0.00301
8	0.00452	0.00323	0.00431	0.00517	0.00538	0.00301	0.00345	0.00517	0.00711	0.00948	0.02046	0.86713	0.02455	0.01163	0.00474	0.00151	0.00215	0.01055	0.00345	0.00301
9	0.01387	0.01769	0.01052	0.00956	0.01148	0.85465	0.00717	0.01482	0.01052	0.00908	0.00574	0.00669	0.00478	0.00383	0.00335	0.00096	0.00669	0.00239	0.00191	0.00430
10	0.04820	0.00607	0.00632	0.00537	0.00703	0.00649	0.00427	0.29735	0.01126	0.01736	0.05853	0.01257	0.00962	0.00452	0.00308	0.00098	0.00260	0.00354	0.49036	0.00448
11	0.00992	0.87178	0.01945	0.00635	0.00953	0.01469	0.00635	0.01111	0.00754	0.00873	0.00516	0.00595	0.00476	0.00318	0.00238	0.00079	0.00397	0.00198	0.00159	0.00476
12	0.00918	0.61627	0.26845	0.00762	0.01149	0.01287	0.00856	0.01131	0.00763	0.00964	0.00561	0.00652	0.00475	0.00328	0.00272	0.00091	0.00442	0.00221	0.00158	0.00498
13	0.00818	0.00829	0.01230	0.01027	0.01060	0.01119	0.08118	0.00919	0.00596	0.00919	0.00511	0.00829	0.00494	0.00620	0.01149	0.00159	0.78689	0.00335	0.00165	0.00414
14	0.00723	0.00761	0.01435	0.01178	0.08707	0.00726	0.42240	0.00938	0.00845	0.01109	0.01784	0.01882	0.29916	0.00553	0.00477	0.00126	0.05379	0.00543	0.00241	0.00437

[dist]
# distance from previous block
# <min> <max>
0	1

[block]
# block no. 2 follows, 74 sequences, length 120
# corresponding to MSA columns:
# 315,316,319-364,374-386,395-410,412-454
name=unknown_C
#
# <colnr> <probs for GDERKNQSTAVLIFYWHMCP>
#	G	D	E	R	K	N	Q	S	T	A	V	L	I	F	Y	W	H	M	C	P
0	0.00524	0.00397	0.00474	0.00469	0.00563	0.00366	0.00345	0.04541	0.00941	0.01254	0.36535	0.22675	0.27759	0.00894	0.00443	0.00127	0.00200	0.00780	0.00372	0.00341
1	0.00497	0.00358	0.00480	0.00562	0.00609	0.00341	0.00421	0.00596	0.00762	0.01001	0.02102	0.57012	0.06258	0.01109	0.00484	0.00156	0.00253	0.26338	0.00344	0.00315
2	0.01021	0.00745	0.01194	0.34287	0.30924	0.00794	0.00947	0.04217	0.00887	0.20053	0.00863	0.01023	0.00628	0.00380	0.00370	0.00117	0.00432	0.00340	0.00246	0.00531
3	0.00913	0.00877	0.01497	0.04315	0.82645	0.00881	0.01137	0.01135	0.00843	0.01206	0.00697	0.00920	0.00586	0.00332	0.00368	0.00111	0.00442	0.00331	0.00183	0.00584
4	0.00643	0.00476	0.00633	0.00687	0.00781	0.00499	0.00582	0.00900	0.10199	0.02148	0.01862	0.10831	0.01977	0.00958	0.00518	0.00163	0.03398	0.62031	0.00341	0.00372
5	0.54447	0.02001	0.00797	0.00723	0.03252	0.29192	0.02545	0.01226	0.00786	0.01379	0.00547	0.00644	0.00437	0.00356	0.00274	0.00108	0.00429	0.00223	0.00214	0.00420
6	0.00744	0.00687	0.01130	0.78501	0.05926	0.00843	0.01020	0.04879	0.00794	0.01026	0.00672	0.00982	0.00505	0.00373	0.00371	0.00123	0.00488	0.00330	0.00176	0.00430
7	0.00996	0.83962	0.03403	0.00649	0.00968	0.03133	0.00650	0.01120	0.00761	0.00879	0.00520	0.00600	0.00476	0.00319	0.00242	0.00080	0.00405	0.00201	0.00159	0.00477
8	0.00456	0.00388	0.00399	0.00391	0.00522	0.00322	0.00293	0.00554	0.00841	0.01019	0.04984	0.06398	0.76124	0.00913	0.00432	0.00123	0.00193	0.00764	0.00340	0.04544
9	0.01469	0.00899	0.01021	0.00788	0.01078	0.00948	0.00649	0.53621	0.05440	0.28515	0.01103	0.01033	0.00746	0.00453	0.00372	0.00113	0.00374	0.00351	0.00400	0.00629
10	0.00902	0.38936	0.35518	0.00848	0.01243	0.01139	0.02583	0.02667	0.06304	0.03019	0.00675	0.00760	0.00532	0.00360	0.00334	0.00103	0.03117	0.00259	0.00184	0.00518
11	0.01558	0.00633	0.00849	0.00662	0.00932	0.00567	0.00544	0.04649	0.02984	0.74007	0.03422	0.01299	0.00976	0.00578	0.04424	0.00138	0.00348	0.00381	0.00441	0.00610
12	0.00701	0.00660	0.01113	0.86063	0.02556	0.00825	0.01031	0.00948	0.00742	0.00948	0.00660	0.00990	0.00495	0.00371	0.00371	0.00124	0.00495	0.00330	0.00165	0.00412
13	0.00770	0.00660	0.00770	0.00550	0.00880	0.00495	0.00440	0.00935	0.00770	0.01210	0.00660	0.00770	0.00550	0.00275	0.00275	0.00055	0.00275	0.00220	0.00220	0.89224
14	0.00992	0.87178	0.01945	0.00635	0.00953	0.01469	0.00635	0.01111	0.00754	0.00873	0.00516	0.00595	0.00476	0.00318	0.00238	0.00079	0.00397	0.00198	0.00159	0.00476
15	0.00439	0.00376	0.00376	0.00376	0.00501	0.00313	0.00282	0.00533	0.00846	0.01003	0.03760	0.03572	0.84489	0.00940	0.00439	0.00125	0.00188	0.00783	0.00345	0.00313
16	0.00903	0.00758	0.00805	0.00730	0.00928	0.00870	0.00565	0.01865	0.76278	0.02608	0.01528	0.05656	0.01191	0.00534	0.00379	0.00126	0.00287	0.00449	0.02975	0.00567
17	0.00812	0.00812	0.01137	0.00975	0.00975	0.01137	0.00812	0.00893	0.00568	0.00893	0.00487	0.00812	0.00487	0.00650	0.01218	0.00162	0.86276	0.00325	0.00162	0.00406
18	0.00876	0.01001	0.02190	0.01564	0.01940	0.00939	0.83292	0.01189	0.00876	0.01189	0.00751	0.01001	0.00563	0.00313	0.00438	0.00125	0.00626	0.00438	0.00188	0.00501
19	0.00692	0.00346	0.00346	0.00346	0.00432	0.00346	0.00259	0.00865	0.00778	0.01384	0.01211	0.01384	0.00951	0.00432	0.00259	0.00086	0.00173	0.00346	0.89016	0.00346
20	0.00452	0.00323	0.00431	0.00517	0.00538	0.00301	0.00345	0.00517	0.00711	0.00948	0.02046	0.86713	0.02455	0.01163	0.00474	0.00151	0.00215	0.01055	0.00345	0.00301
21	0.00459	0.00328	0.00439	0.00525	0.00549	0.00307	0.00357	0.00529	0.00717	0.00955	0.02042	0.82787	0.02440	0.01156	0.00476	0.00152	0.00221	0.04913	0.00344	0.00303
22	0.00985	0.00784	0.00841	0.00747	0.00964	0.00892	0.00584	0.01959	0.77060	0.08498	0.01507	0.01375	0.01115	0.00500	0.00377	0.00125	0.00296	0.00416	0.00385	0.00591
23	0.00452	0.00323	0.00431	0.00517	0.00538	0.00301	0.00345	0.00517	0.00711	0.00948	0.02046	0.86713	0.02455	0.01163	0.00474	0.00151	0.00215	0.01055	0.00345	0.00301
24	0.00452	0.00323	0.00431	0.00517	0.00538	0.00301	0.00345	0.00517	0.00711	0.00948	0.02046	0.86713	0.02455	0.01163	0.00474	0.00151	0.00215	0.01055	0.00345	0.00301
25	0.00992	0.87178	0.01945	0.00635	0.00953	0.01469	0.00635	0.01111	0.00754	0.00873	0.00516	0.00595	0.00476	0.00318	0.00238	0.00079	0.00397	0.00198	0.00159	0.00476
26	0.01415	0.01034	0.01110	0.00851	0.01148	0.01142	0.00703	0.82241	0.01735	0.03514	0.00899	0.00896	0.00635	0.00446	0.00371	0.00111	0.00407	0.00335	0.00373	0.00631
27	0.00770	0.00660	0.00770	0.00550	0.00880	0.00495	0.00440	0.00935	0.00770	0.01210	0.00660	0.00770	0.00550	0.00275	0.00275	0.00055	0.00275	0.00220	0.00220	0.89224
28	0.00458	0.00359	0.00415	0.00439	0.00523	0.00316	0.00315	0.00556	0.00836	0.01068	0.17092	0.31311	0.43025	0.00984	0.00450	0.00132	0.00195	0.00855	0.00356	0.00316
29	0.01387	0.01751	0.01053	0.00954	0.01148	0.83416	0.00717	0.03473	0.01069	0.00943	0.00581	0.00675	0.00482	0.00384	0.00336	0.00096	0.00663	0.00241	0.00196	0.00435
30	0.00910	0.00873	0.01490	0.05786	0.81203	0.00880	0.01135	0.01131	0.00841	0.01202	0.00697	0.00922	0.00584	0.00332	0.00368	0.00111	0.00443	0.00331	0.00183	0.00581
31	0.01665	0.00632	0.00861	0.00660	0.00948	0.00546	0.00546	0.01809	0.01062	0.84897	0.01464	0.01263	0.00919	0.00459	0.00373	0.00115	0.00316	0.00373	0.00459	0.00632
32	0.89577	0.00718	0.00546	0.00488	0.00718	0.00833	0.00402	0.01091	0.00632	0.01665	0.00517	0.00603	0.00402	0.00345	0.00230	0.00115	0.00287	0.00201	0.00230	0.00402
33	0.00741	0.00670	0.01101	0.15384	0.44148	0.00692	0.00871	0.00917	0.00785	0.01083	0.01098	0.23158	0.01131	0.03115	0.00445	0.00132	0.00386	0.03448	0.00229	0.00466
34	0.00463	0.00331	0.00443	0.00529	0.00556	0.00311	0.00364	0.00536	0.00722	0.00960	0.02040	0.80467	0.02431	0.01152	0.00477	0.00152	0.00225	0.07192	0.00344	0.00305
35	0.00876	0.01001	0.02190	0.01564	0.01940	0.00939	0.83292	0.01189	0.00876	0.01189	0.00751	0.01001	0.00563	0.00313	0.00438	0.00125	0.00626	0.00438	0.00188	0.00501
36	0.00494	0.00378	0.00453	0.00434	0.00535	0.00337	0.00326	0.00640	0.00977	0.01314	0.55435	0.03060	0.32620	0.00824	0.00438	0.00120	0.00180	0.00712	0.00386	0.00337
37	0.00531	0.00396	0.00589	0.00589	0.00653	0.00460	0.00455	0.00658	0.00594	0.00856	0.01001	0.01497	0.00945	0.06114	0.82177	0.00587	0.00969	0.00403	0.00200	0.00327
38	0.00440	0.00376	0.00378	0.00378	0.00502	0.00314	0.00283	0.00536	0.00850	0.01012	0.05320	0.03557	0.82923	0.00937	0.00439	0.00125	0.00188	0.00781	0.00346	0.00314
39	0.00856	0.00869	0.01461	0.01149	0.01285	0.01047	0.27690	0.03944	0.00720	0.01966	0.00634	0.02825	0.00566	0.00542	0.00907	0.00148	0.52382	0.00379	0.00186	0.00445
40	0.00954	0.00812	0.00856	0.00762	0.00977	0.00937	0.00595	0.07031	0.78861	0.01602	0.01472	0.01354	0.01102	0.00500	0.00377	0.00125	0.00301	0.00414	0.00377	0.00590
41	0.02567	0.00733	0.00906	0.00708	0.00988	0.00712	0.00581	0.18132	0.10511	0.58043	0.01344	0.01195	0.00879	0.00460	0.00372	0.00115	0.00332	0.00369	0.00430	0.00624
42	0.00881	0.00824	0.01414	0.22959	0.60061	0.00862	0.03407	0.01109	0.00826	0.03084	0.00708	0.00947	0.00572	0.00343	0.00370	0.00114	0.00457	0.00335	0.00186	0.00543
43	0.70625	0.02858	0.00684	0.00608	0.02470	0.15416	0.00476	0.01160	0.00711	0.01508	0.00530	0.00621	0.00420	0.00350	0.00251	0.00111	0.00358	0.00210	0.00221	0.00412
44	0.00537	0.00394	0.00506	0.00475	0.00568	0.00370	0.00357	0.00742	0.04011	0.01479	0.79529	0.02742	0.05375	0.00754	0.00436	0.00117	0.00180	0.00665	0.00406	0.00358
45	0.00452	0.00323	0.00431	0.00517	0.00538	0.00301	0.00345	0.00517	0.00711	0.00948	0.02046	0.86713	0.02455	0.01163	0.00474	0.00151	0.00215	0.01055	0.00345	0.00301
46	0.00444	0.00376	0.00384	0.00382	0.00505	0.00316	0.00286	0.00543	0.00859	0.01033	0.08848	0.03522	0.79382	0.00929	0.00439	0.00125	0.00187	0.00776	0.00349	0.00316
47	0.00743	0.01891	0.83069	0.03047	0.01629	0.00861	0.01363	0.01170	0.00783	0.01170	0.00666	0.00788	0.00471	0.00353	0.00353	0.00118	0.00547	0.00276	0.00157	0.00545
48	0.00529	0.00381	0.00489	0.00461	0.00554	0.00348	0.00346	0.00695	0.01029	0.02327	0.75479	0.03737	0.10680	0.00776	0.00438	0.00118	0.00178	0.00682	0.00403	0.00349
49	0.01371	0.01483	0.01076	0.00923	0.01141	0.53473	0.00717	0.29111	0.01266	0.01391	0.00677	0.00750	0.00530	0.00415	0.00384	0.00104	0.04165	0.00275	0.00251	0.00497
50	0.00770	0.00660	0.00770	0.00550	0.00880	0.00495	0.00440	0.00935	0.00770	0.01210	0.00660	0.00770	0.00550	0.00275	0.00275	0.00055	0.00275	0.00220	0.00220	0.89224
51	0.02410	0.00847	0.01017	0.00878	0.03487	0.00979	0.04411	0.19967	0.38420	0.05015	0.01115	0.01129	0.00844	0.00496	0.00516	0.00127	0.14930	0.00376	0.02481	0.00556
52	0.00523	0.00379	0.00493	0.00464	0.00553	0.00349	0.00348	0.00696	0.01045	0.01474	0.82080	0.02796	0.05876	0.00764	0.00438	0.00117	0.00175	0.00675	0.00407	0.00349
53	0.00701	0.00660	0.01113	0.86063	0.02556	0.00825	0.01031	0.00948	0.00742	0.00948	0.00660	0.00990	0.00495	0.00371	0.00371	0.00124	0.00495	0.00330	0.00165	0.00412
54	0.00439	0.00376	0.00376	0.00376	0.00501	0.00313	0.00282	0.00533	0.00846	0.01003	0.03760	0.03572	0.84489	0.00940	0.00439	0.00125	0.00188	0.00783	0.00345	0.00313
55	0.00770	0.00660	0.00770	0.00550	0.00880	0.00495	0.00440	0.00935	0.00770	0.01210	0.00660	0.00770	0.00550	0.00275	0.00275	0.00055	0.00275	0.00220	0.00220	0.89224
56	0.00701	0.00660	0.01113	0.86063	0.02556	0.00825	0.01031	0.00948	0.00742	0.00948	0.00660	0.00990	0.00495	0.00371	0.00371	0.00124	0.00495	0.00330	0.00165	0.00412
57	0.00923	0.00797	0.00839	0.00755	0.00965	0.00923	0.00588	0.01972	0.83969	0.01553	0.01511	0.01385	0.01133	0.00504	0.00378	0.00126	0.00294	0.00420	0.00378	0.00588
58	0.00540	0.00360	0.00405	0.00405	0.00405	0.00360	0.00225	0.00540	0.00540	0.00720	0.01170	0.02429	0.01349	0.86955	0.01889	0.00360	0.00360	0.00540	0.00225	0.00225
59	0.00919	0.00882	0.01507	0.02278	0.84640	0.00882	0.01139	0.01139	0.00845	0.01213	0.00698	0.00919	0.00588	0.00331	0.00367	0.00110	0.00441	0.00331	0.00184	0.00588
60	0.00701	0.00660	0.01113	0.86063	0.02556	0.00825	0.01031	0.00948	0.00742	0.00948	0.00660	0.00990	0.00495	0.00371	0.00371	0.00124	0.00495	0.00330	0.00165	0.00412
61	0.00540	0.00360	0.00405	0.00405	0.00405	0.00360	0.00225	0.00540	0.00540	0.00720	0.01170	0.02429	0.01349	0.86955	0.01889	0.00360	0.00360	0.00540	0.00225	0.00225
62	0.04211	0.00857	0.00977	0.00754	0.01038	0.00893	0.00622	0.48359	0.01429	0.32173	0.01099	0.01035	0.00740	0.00447	0.00364	0.00112	0.00363	0.00345	0.03568	0.00614
63	0.89577	0.00718	0.00546	0.00488	0.00718	0.00833	0.00402	0.01091	0.00632	0.01665	0.00517	0.00603	0.00402	0.00345	0.00230	0.00115	0.00287	0.00201	0.00230	0.00402
64	0.00452	0.00323	0.00431	0.00517	0.00538	0.00301	0.00345	0.00517	0.00711	0.00948	0.02046	0.86713	0.02455	0.01163	0.00474	0.00151	0.00215	0.01055	0.00345	0.00301
65	0.00593	0.00426	0.00592	0.00675	0.00761	0.00424	0.00589	0.00762	0.00854	0.01108	0.02018	0.04169	0.04549	0.01023	0.00511	0.00170	0.00337	0.79757	0.00342	0.00341
66	0.00525	0.00379	0.00496	0.00467	0.00555	0.00350	0.00350	0.00700	0.01051	0.01488	0.84444	0.02773	0.03502	0.00759	0.00438	0.00117	0.00175	0.00671	0.00409	0.00350
67	0.00876	0.01001	0.02190	0.01564	0.01940	0.00939	0.83292	0.01189	0.00876	0.01189	0.00751	0.01001	0.00563	0.00313	0.00438	0.00125	0.00626	0.00438	0.00188	0.00501
68	0.00452	0.00323	0.00431	0.00517	0.00538	0.00301	0.00345	0.00517	0.00711	0.00948	0.02046	0.86713	0.02455	0.01163	0.00474	0.00151	0.00215	0.01055	0.00345	0.00301
69	0.00452	0.00323	0.00431	0.00517	0.00538	0.00301	0.00345	0.00517	0.00711	0.00948	0.02046	0.86713	0.02455	0.01163	0.00474	0.00151	0.00215	0.01055	0.00345	0.00301
70	0.00813	0.00815	0.01156	0.00985	0.00992	0.01133	0.02291	0.00899	0.00574	0.00899	0.00492	0.00815	0.00489	0.00644	0.01204	0.00162	0.84740	0.00327	0.00163	0.00408
71	0.00841	0.00844	0.03419	0.32059	0.48841	0.01945	0.04540	0.01079	0.00811	0.01113	0.00684	0.00941	0.00549	0.00346	0.00371	0.00116	0.00473	0.00332	0.00177	0.00519
72	0.00473	0.00350	0.00470	0.00543	0.00564	0.00347	0.00373	0.00540	0.00705	0.00947	0.01963	0.81072	0.02347	0.01134	0.00514	0.00152	0.04752	0.02112	0.00335	0.00308
73	0.01388	0.01030	0.01147	0.00908	0.03513	0.01132	0.02648	0.78230	0.01692	0.03228	0.00889	0.00899	0.00632	0.00439	0.00373	0.00112	0.00413	0.00337	0.00363	0.00627
74	0.00439	0.00376	0.00376	0.00376	0.00501	0.00313	0.00282	0.00533	0.00846	0.01003	0.03760	0.03572	0.84489	0.00940	0.00439	0.00125	0.00188	0.00783	0.00345	0.00313
75	0.00708	0.00669	0.01111	0.76028	0.05930	0.00828	0.01004	0.00942	0.00741	0.00959	0.00740	0.01051	0.02859	0.00399	0.00413	0.00125	0.04565	0.00342	0.00171	0.00417
76	0.13055	0.00996	0.01069	0.00826	0.01116	0.01103	0.02986	0.70207	0.01574	0.02218	0.00838	0.00856	0.00599	0.00428	0.00354	0.00112	0.00399	0.00319	0.00347	0.00597
77	0.00679	0.00559	0.02425	0.00590	0.00733	0.00560	0.00469	0.01146	0.28827	0.02534	0.42212	0.02406	0.07670	0.00693	0.00421	0.00125	0.00238	0.06895	0.00384	0.00435
78	0.02453	0.12137	0.01147	0.00908	0.02545	0.56716	0.01811	0.02823	0.13983	0.01047	0.00722	0.00784	0.00585	0.00392	0.00331	0.00100	0.00563	0.00268	0.00220	0.00467
79	0.36229	0.00913	0.00889	0.00710	0.00980	0.01025	0.00586	0.50896	0.01305	0.02073	0.00743	0.00777	0.00541	0.00406	0.00315	0.00113	0.00361	0.00282	0.00315	0.00541
80	0.01005	0.01236	0.19628	0.01211	0.10280	0.09262	0.22241	0.18693	0.01044	0.01408	0.00730	0.00864	0.00550	0.00355	0.00370	0.00109	0.00510	0.00326	0.00223	0.09954
81	0.00756	0.06013	0.81043	0.01038	0.01575	0.00891	0.01336	0.01172	0.00782	0.01161	0.00659	0.00775	0.00470	0.00351	0.00347	0.00116	0.00541	0.00271	0.00157	0.00545
82	0.00886	0.00842	0.01429	0.05160	0.76408	0.00846	0.01086	0.01105	0.00854	0.01221	0.05972	0.01038	0.00768	0.00359	0.00372	0.00111	0.00426	0.00352	0.00197	0.00567
83	0.00452	0.00323	0.00431	0.00517	0.00538	0.00301	0.00345	0.00517	0.00711	0.00948	0.02046	0.86713	0.02455	0.01163	0.00474	0.00151	0.00215	0.01055	0.00345	0.00301
84	0.00452	0.00324	0.00429	0.00514	0.00538	0.00302	0.00343	0.00517	0.00714	0.00949	0.02086	0.84768	0.04374	0.01158	0.00473	0.00150	0.00215	0.01049	0.00345	0.00302
85	0.00859	0.00852	0.03372	0.23284	0.60798	0.00868	0.02390	0.01093	0.00818	0.01145	0.00689	0.00935	0.00561	0.00341	0.00369	0.00114	0.00460	0.00331	0.00178	0.00542
86	0.00531	0.00385	0.00501	0.00471	0.00560	0.00358	0.00354	0.00718	0.02216	0.01489	0.83278	0.02753	0.03469	0.00755	0.00437	0.00117	0.00177	0.00668	0.00408	0.00354
87	0.00443	0.00376	0.00382	0.00381	0.00504	0.00315	0.00286	0.00542	0.00857	0.01028	0.08010	0.03530	0.80223	0.00931	0.00439	0.00125	0.00187	0.00777	0.00348	0.00315
88	0.00919	0.00892	0.01586	0.03236	0.71592	0.00885	0.12111	0.01151	0.00850	0.02152	0.00713	0.00935	0.00587	0.00330	0.00377	0.00112	0.00465	0.00346	0.00187	0.00575
89	0.01387	0.01769	0.01052	0.00956	0.01148	0.85465	0.00717	0.01482	0.01052	0.00908	0.00574	0.00669	0.00478	0.00383	0.00335	0.00096	0.00669	0.00239	0.00191	0.00430
90	0.00770	0.00660	0.00770	0.00550	0.00880	0.00495	0.00440	0.00935	0.00770	0.01210	0.00660	0.00770	0.00550	0.00275	0.00275	0.00055	0.00275	0.00220	0.00220	0.89224
91	0.00454	0.00377	0.00397	0.00392	0.00511	0.00320	0.00294	0.00562	0.00882	0.01087	0.17786	0.03433	0.70411	0.00909	0.00439	0.00124	0.00186	0.00764	0.00356	0.00320
92	0.00957	0.00806	0.00854	0.00755	0.00969	0.00925	0.00591	0.10171	0.72574	0.01624	0.03594	0.02321	0.01158	0.00512	0.00380	0.00124	0.00301	0.00425	0.00377	0.00583
93	0.01005	0.78800	0.01915	0.00697	0.01011	0.05438	0.04778	0.01133	0.00774	0.00891	0.00531	0.00619	0.00481	0.00320	0.00253	0.00082	0.00421	0.00212	0.00162	0.00475
94	0.00774	0.00756	0.01064	0.00924	0.00932	0.01046	0.00765	0.00862	0.00572	0.00889	0.00556	0.00899	0.00547	0.00938	0.12585	0.00221	0.74772	0.00335	0.00167	0.00396
95	0.00456	0.00325	0.00430	0.00512	0.00532	0.00304	0.00339	0.00518	0.00703	0.00937	0.02006	0.82902	0.02405	0.05042	0.00538	0.00160	0.00222	0.01032	0.00339	0.00298
96	0.00770	0.00660	0.00770	0.00550	0.00880	0.00495	0.00440	0.00935	0.00770	0.01210	0.00660	0.00770	0.00550	0.00275	0.00275	0.00055	0.00275	0.00220	0.00220	0.89224
97	0.00865	0.00702	0.00796	0.00634	0.00898	0.00664	0.00502	0.05993	0.25499	0.04697	0.02165	0.03108	0.04209	0.00422	0.00351	0.00090	0.02374	0.00342	0.00294	0.45392
98	0.01230	0.01445	0.01185	0.01316	0.24132	0.54695	0.01907	0.05258	0.01015	0.01064	0.00651	0.02297	0.00552	0.00387	0.00358	0.00102	0.01438	0.00287	0.00200	0.00482
99	0.00778	0.00460	0.00471	0.00440	0.00559	0.00485	0.00338	0.07413	0.11900	0.01480	0.01226	0.01346	0.00951	0.00443	0.00284	0.00094	0.00207	0.00355	0.70372	0.00400
100	0.00687	0.00639	0.01018	0.56121	0.05405	0.00785	0.00887	0.00890	0.00742	0.00981	0.04896	0.02367	0.06854	0.00562	0.03220	0.00144	0.11781	0.01420	0.00196	0.00404
101	0.00919	0.00882	0.01507	0.02278	0.84640	0.00882	0.01139	0.01139	0.00845	0.01213	0.00698	0.00919	0.00588	0.00331	0.00367	0.00110	0.00441	0.00331	0.00184	0.00588
102	0.00504	0.00376	0.00447	0.00441	0.00539	0.00333	0.00326	0.00633	0.00927	0.02891	0.40410	0.13464	0.35609	0.00875	0.00441	0.00124	0.00188	0.00758	0.00376	0.00335
103	0.00959	0.00789	0.00840	0.00751	0.00964	0.00905	0.00586	0.01965	0.80025	0.05518	0.01509	0.01379	0.01123	0.00501	0.00377	0.00125	0.00295	0.00417	0.00382	0.00590
104	0.00460	0.00328	0.00436	0.00520	0.00543	0.00308	0.00350	0.00527	0.00711	0.00947	0.02017	0.81292	0.02411	0.03672	0.00517	0.00158	0.00224	0.03940	0.00341	0.00301
105	0.01411	0.01040	0.01114	0.00854	0.01151	0.01151	0.00706	0.83402	0.01745	0.02339	0.00891	0.00891	0.00631	0.00446	0.00371	0.00111	0.00408	0.00334	0.00371	0.00631
106	0.10803	0.00446	0.00497	0.00474	0.00532	0.00473	0.00315	0.03128	0.03587	0.03135	0.01059	0.01924	0.01114	0.54617	0.11702	0.04787	0.00425	0.00458	0.00235	0.00291
107	0.00976	0.77563	0.09860	0.00681	0.01018	0.02864	0.00707	0.01124	0.00762	0.00903	0.00531	0.00615	0.00476	0.00322	0.00251	0.00083	0.00416	0.00206	0.00159	0.00482
108	0.01576	0.00669	0.00873	0.00674	0.00952	0.00609	0.00555	0.11703	0.01145	0.70554	0.05647	0.01295	0.01016	0.00473	0.00376	0.00115	0.00320	0.00384	0.00446	0.00617
109	0.00788	0.01881	0.14661	0.00858	0.09605	0.00626	0.04607	0.01009	0.00785	0.01200	0.00667	0.00796	0.00541	0.00296	0.00304	0.00074	0.00355	0.00250	0.00204	0.60492
110	0.00657	0.00495	0.00593	0.00535	0.00681	0.00471	0.00406	0.00967	0.15537	0.04358	0.41824	0.10812	0.07592	0.00689	0.00406	0.00114	0.00220	0.00600	0.00368	0.12677
111	0.00596	0.00495	0.00737	0.05078	0.03582	0.00479	0.08645	0.00826	0.05303	0.01354	0.52198	0.02519	0.12179	0.00698	0.00432	0.00121	0.00259	0.03759	0.00355	0.00384
112	0.00785	0.00769	0.01170	0.62261	0.17147	0.05958	0.01010	0.01014	0.00779	0.01001	0.00660	0.00949	0.00512	0.00364	0.00374	0.00118	0.01395	0.00321	0.00172	0.03243
113	0.00519	0.00382	0.00487	0.00489	0.00570	0.00354	0.00357	0.00678	0.02939	0.01286	0.48473	0.27449	0.07641	0.00869	0.00442	0.00126	0.00197	0.02342	0.01270	0.03131
114	0.01031	0.00925	0.01369	0.28740	0.02642	0.04057	0.20885	0.30509	0.03484	0.01522	0.00786	0.00956	0.00578	0.00387	0.00386	0.00119	0.00496	0.00357	0.00251	0.00519
115	0.00936	0.40038	0.20217	0.07998	0.06732	0.03151	0.04754	0.06482	0.04465	0.01109	0.00653	0.00765	0.00526	0.00348	0.00309	0.00100	0.00455	0.00265	0.00186	0.00509
116	0.00530	0.00397	0.00592	0.00592	0.00656	0.00461	0.00458	0.00660	0.00595	0.00858	0.00999	0.01482	0.00938	0.04874	0.83408	0.00591	0.00978	0.00401	0.00199	0.00329
117	0.00474	0.00361	0.00438	0.00465	0.00541	0.00324	0.00337	0.00583	0.00853	0.01118	0.24592	0.32741	0.29999	0.00974	0.00454	0.00134	0.00202	0.04727	0.00362	0.00320
118	0.04254	0.12562	0.26202	0.01673	0.06444	0.00843	0.02667	0.05952	0.04427	0.04598	0.00724	0.00814	0.00558	0.00339	0.00316	0.00094	0.00404	0.00267	0.00215	0.26648
119	0.02489	0.03597	0.01062	0.02847	0.15977	0.02842	0.01830	0.13497	0.41524	0.07780	0.01166	0.01148	0.00873	0.00446	0.00375	0.00118	0.01153	0.00371	0.00326	0.00581

[dist]
# distance from previous block
# <min> <max>
0	1

[block]
# block no. 3 follows, 74 sequences, length 57
# corresponding to MSA columns:
# 456-512
name=unknown_D
#
# <colnr> <probs for GDERKNQSTAVLIFYWHMCP>
#	G	D	E	R	K	N	Q	S	T	A	V	L	I	F	Y	W	H	M	C	P
0	0.00457	0.00335	0.00429	0.00495	0.00535	0.00307	0.00337	0.00534	0.00757	0.01000	0.09211	0.68948	0.13092	0.01100	0.00466	0.00145	0.00208	0.00988	0.00350	0.00307
1	0.16865	0.24093	0.08456	0.00711	0.03487	0.04294	0.03292	0.02230	0.00773	0.01202	0.00600	0.00704	0.00496	0.00315	0.00275	0.00084	0.00368	0.00228	0.00199	0.31328
2	0.00902	0.11086	0.19217	0.03158	0.06876	0.02040	0.06986	0.10152	0.03675	0.02332	0.00717	0.00824	0.00558	0.00336	0.00324	0.00092	0.00413	0.00277	0.00217	0.29819
3	0.03634	0.40638	0.03885	0.01030	0.17524	0.12262	0.00754	0.02548	0.12382	0.01094	0.00708	0.00789	0.00590	0.00358	0.00301	0.00097	0.00428	0.00265	0.00204	0.00510
4	0.00818	0.02529	0.45184	0.02323	0.05098	0.00924	0.18958	0.01143	0.00777	0.03327	0.00675	0.00854	0.00510	0.00395	0.00515	0.00126	0.14831	0.00323	0.00174	0.00516
5	0.01395	0.01139	0.01106	0.00871	0.01147	0.13118	0.00709	0.70069	0.01622	0.02106	0.00838	0.00858	0.00607	0.00441	0.00384	0.00110	0.02220	0.00320	0.00341	0.00598
6	0.00455	0.00367	0.00404	0.00415	0.00516	0.00317	0.00304	0.00556	0.00854	0.01068	0.15979	0.18264	0.57300	0.00952	0.00445	0.00129	0.00191	0.00814	0.00355	0.00317
7	0.00807	0.00391	0.00439	0.00406	0.00521	0.00375	0.00312	0.00976	0.00855	0.13186	0.12311	0.01551	0.01286	0.00480	0.00299	0.00095	0.00193	0.00393	0.64736	0.00387
8	0.00519	0.00377	0.00481	0.00457	0.00542	0.00347	0.00338	0.00676	0.01001	0.01401	0.72472	0.04106	0.09392	0.05641	0.00520	0.00132	0.00187	0.00678	0.00392	0.00340
9	0.00607	0.00378	0.00441	0.00426	0.00451	0.00370	0.00255	0.00631	0.00616	0.05924	0.08445	0.02388	0.01511	0.74164	0.01670	0.00324	0.00341	0.00541	0.00255	0.00261
10	0.00505	0.00379	0.00468	0.00446	0.00542	0.00342	0.00334	0.00662	0.01003	0.01376	0.65724	0.02958	0.22292	0.00801	0.00438	0.00119	0.00178	0.00697	0.00394	0.00342
11	0.89577	0.00718	0.00546	0.00488	0.00718	0.00833	0.00402	0.01091	0.00632	0.01665	0.00517	0.00603	0.00402	0.00345	0.00230	0.00115	0.00287	0.00201	0.00230	0.00402
12	0.01661	0.00639	0.00866	0.00664	0.00951	0.00557	0.00549	0.03331	0.01075	0.83356	0.01454	0.01256	0.00913	0.00459	0.00373	0.00115	0.00318	0.00373	0.00458	0.00632
13	0.00596	0.00425	0.00595	0.00681	0.00765	0.00425	0.00594	0.00765	0.00852	0.01108	0.01967	0.05585	0.02142	0.01028	0.00512	0.00171	0.00340	0.80768	0.00342	0.00341
14	0.01665	0.00632	0.00861	0.00660	0.00948	0.00546	0.00546	0.01809	0.01062	0.84897	0.01464	0.01263	0.00919	0.00459	0.00373	0.00115	0.00316	0.00373	0.00459	0.00632
15	0.00828	0.00792	0.01258	0.29863	0.30910	0.00943	0.00997	0.03167	0.00755	0.01062	0.00630	0.00911	0.00529	0.00439	0.00614	0.00130	0.25188	0.00329	0.00176	0.00478
16	0.89577	0.00718	0.00546	0.00488	0.00718	0.00833	0.00402	0.01091	0.00632	0.01665	0.00517	0.00603	0.00402	0.00345	0.00230	0.00115	0.00287	0.00201	0.00230	0.00402
17	0.00981	0.00977	0.13516	0.09113	0.26930	0.02449	0.03442	0.07020	0.04795	0.11339	0.00824	0.00940	0.00620	0.00366	0.00366	0.00106	0.01572	0.00316	0.00239	0.14086
18	0.00992	0.87178	0.01945	0.00635	0.00953	0.01469	0.00635	0.01111	0.00754	0.00873	0.00516	0.00595	0.00476	0.00318	0.00238	0.00079	0.00397	0.00198	0.00159	0.00476
19	0.01225	0.28444	0.01315	0.00838	0.01071	0.51047	0.00681	0.02432	0.07874	0.00969	0.00638	0.00709	0.00534	0.00373	0.00308	0.00093	0.00549	0.00243	0.00199	0.00460
20	0.00546	0.00358	0.00409	0.00409	0.00409	0.00358	0.00230	0.00537	0.00537	0.00715	0.01140	0.02356	0.01310	0.82122	0.01865	0.05372	0.00358	0.00528	0.00221	0.00221
21	0.02921	0.00632	0.00844	0.00653	0.00929	0.00559	0.00538	0.04385	0.01077	0.76253	0.06113	0.01326	0.01047	0.00474	0.00375	0.00115	0.00310	0.00386	0.00450	0.00612
22	0.00992	0.87178	0.01945	0.00635	0.00953	0.01469	0.00635	0.01111	0.00754	0.00873	0.00516	0.00595	0.00476	0.00318	0.00238	0.00079	0.00397	0.00198	0.00159	0.00476
23	0.11638	0.10973	0.28664	0.00878	0.01220	0.00939	0.05957	0.09115	0.00882	0.15227	0.00770	0.00848	0.00561	0.00406	0.00435	0.00117	0.10310	0.00295	0.00239	0.00525
24	0.00536	0.00367	0.00471	0.00483	0.00526	0.00369	0.00338	0.00574	0.00636	0.00844	0.03527	0.08996	0.13843	0.28030	0.19111	0.14203	0.00446	0.06185	0.00249	0.00268
25	0.00642	0.00461	0.00652	0.00720	0.11811	0.00432	0.00467	0.00822	0.01024	0.06157	0.68573	0.02440	0.02967	0.00685	0.00425	0.00116	0.00219	0.00609	0.00381	0.00398
26	0.00992	0.87178	0.01945	0.00635	0.00953	0.01469	0.00635	0.01111	0.00754	0.00873	0.00516	0.00595	0.00476	0.00318	0.00238	0.00079	0.00397	0.00198	0.00159	0.00476
27	0.00796	0.18358	0.64258	0.00979	0.01467	0.00976	0.03375	0.01169	0.02011	0.01122	0.00671	0.00813	0.00508	0.00357	0.00336	0.00111	0.00514	0.01484	0.00164	0.00531
28	0.00981	0.00873	0.01432	0.02074	0.73468	0.00878	0.01069	0.05088	0.03696	0.05690	0.00775	0.00951	0.00626	0.00349	0.00368	0.00111	0.00428	0.00336	0.00214	0.00592
29	0.00448	0.00376	0.00389	0.00386	0.00507	0.00317	0.00289	0.00550	0.00867	0.01054	0.12201	0.03489	0.76016	0.00921	0.00439	0.00124	0.00187	0.00772	0.00351	0.00317
30	0.31942	0.00867	0.00880	0.00699	0.00971	0.00950	0.00577	0.42727	0.01258	0.14458	0.00847	0.00847	0.00595	0.00413	0.00323	0.00113	0.00353	0.00294	0.00336	0.00552
31	0.00445	0.00363	0.00394	0.00415	0.00513	0.00312	0.00300	0.00535	0.00821	0.01008	0.06531	0.24147	0.60949	0.00988	0.00447	0.00131	0.00194	0.00846	0.00347	0.00312
32	0.01411	0.01040	0.01114	0.00854	0.01151	0.01151	0.00706	0.83402	0.01745	0.02339	0.00891	0.00891	0.00631	0.00446	0.00371	0.00111	0.00408	0.00334	0.00371	0.00631
33	0.02804	0.20368	0.11859	0.00956	0.01239	0.44788	0.09769	0.01317	0.00921	0.00979	0.00590	0.00704	0.00485	0.00359	0.00335	0.00099	0.01530	0.00256	0.00180	0.00462
34	0.00531	0.00394	0.00577	0.00577	0.00637	0.00454	0.00440	0.00651	0.00591	0.00847	0.01012	0.01555	0.00970	0.11204	0.77121	0.00573	0.00931	0.00412	0.00201	0.00321
35	0.01110	0.00858	0.00935	0.00716	0.01007	0.02482	0.00580	0.43101	0.02368	0.03333	0.00881	0.05724	0.00713	0.00421	0.00340	0.00092	0.00348	0.00332	0.00310	0.34349
36	0.00452	0.00323	0.00431	0.00517	0.00538	0.00301	0.00345	0.00517	0.00711	0.00948	0.02046	0.86713	0.02455	0.01163	0.00474	0.00151	0.00215	0.01055	0.00345	0.00301
37	0.01411	0.01040	0.01114	0.00854	0.01151	0.01151	0.00706	0.83402	0.01745	0.02339	0.00891	0.00891	0.00631	0.00446	0.00371	0.00111	0.00408	0.00334	0.00371	0.00631
38	0.01665	0.00632	0.00861	0.00660	0.00948	0.00546	0.00546	0.01809	0.01062	0.84897	0.01464	0.01263	0.00919	0.00459	0.00373	0.00115	0.00316	0.00373	0.00459	0.00632
39	0.01431	0.01046	0.01089	0.00843	0.01134	0.05884	0.00693	0.71819	0.01648	0.09274	0.00922	0.00910	0.00647	0.00443	0.00369	0.00111	0.00415	0.00332	0.00369	0.00620
40	0.00609	0.00417	0.00532	0.00491	0.00598	0.00393	0.00373	0.00830	0.05750	0.06182	0.72436	0.02635	0.05852	0.00733	0.00431	0.00117	0.00190	0.00644	0.00408	0.00378
41	0.01613	0.00643	0.00860	0.00667	0.00949	0.00572	0.00549	0.01820	0.06903	0.79025	0.01468	0.01272	0.00934	0.00463	0.00374	0.00116	0.00314	0.00377	0.00454	0.00629
42	0.00705	0.00372	0.00374	0.00369	0.00463	0.00379	0.00278	0.00928	0.05499	0.01393	0.01228	0.01384	0.00962	0.00436	0.00266	0.00089	0.00180	0.00350	0.83986	0.00360
43	0.24575	0.00948	0.00961	0.00755	0.01034	0.01058	0.00623	0.60441	0.01441	0.03518	0.00802	0.00822	0.00576	0.00419	0.00334	0.00112	0.00375	0.00300	0.00336	0.00571
44	0.00906	0.00869	0.01484	0.07033	0.79982	0.00879	0.01133	0.01128	0.00839	0.01198	0.00696	0.00923	0.00583	0.00333	0.00368	0.00111	0.00444	0.00331	0.00183	0.00578
45	0.00528	0.00359	0.00407	0.00412	0.00422	0.00353	0.00239	0.00541	0.00578	0.00766	0.02922	0.08259	0.06183	0.74612	0.01683	0.00328	0.00337	0.00591	0.00243	0.00237
46	0.00690	0.00381	0.00394	0.00395	0.00486	0.00390	0.00294	0.00925	0.07653	0.01359	0.01310	0.08997	0.01101	0.00504	0.00288	0.00095	0.00187	0.00415	0.73774	0.00362
47	0.00775	0.00660	0.00873	0.00765	0.00798	0.00875	0.00627	0.00908	0.02466	0.01068	0.00745	0.01011	0.00653	0.00576	0.00887	0.00137	0.56344	0.00334	0.29109	0.00390
48	0.20203	0.00740	0.03229	0.00661	0.00943	0.00697	0.00559	0.11524	0.02864	0.53059	0.01173	0.01067	0.00766	0.00431	0.00342	0.00115	0.00327	0.00330	0.00390	0.00580
49	0.01037	0.00480	0.00629	0.00566	0.00725	0.00438	0.00444	0.01187	0.02253	0.37139	0.08588	0.21192	0.01600	0.00690	0.00396	0.00124	0.00261	0.07520	0.14271	0.00462
50	0.00744	0.01920	0.85032	0.01058	0.01607	0.00862	0.01371	0.01176	0.00784	0.01176	0.00666	0.00784	0.00470	0.00353	0.00353	0.00118	0.00549	0.00274	0.00157	0.00549
51	0.00981	0.64104	0.17237	0.00738	0.01090	0.06114	0.00778	0.03495	0.00805	0.00973	0.00558	0.00643	0.00480	0.00331	0.00269	0.00088	0.00441	0.00219	0.00166	0.00492
52	0.00844	0.00480	0.00610	0.00556	0.00673	0.00466	0.00414	0.05753	0.02190	0.20629	0.20416	0.23739	0.03211	0.11947	0.00637	0.00157	0.03234	0.00640	0.02993	0.00408
53	0.00630	0.00324	0.00478	0.00483	0.00484	0.00322	0.00321	0.00487	0.00499	0.00665	0.00744	0.06198	0.00773	0.04002	0.01407	0.81147	0.00317	0.00372	0.00174	0.00171
54	0.36937	0.32342	0.07907	0.00698	0.03035	0.10840	0.01525	0.01153	0.00745	0.01235	0.00542	0.00635	0.00450	0.00339	0.00260	0.00100	0.00400	0.00216	0.00192	0.00450
55	0.00457	0.00377	0.00402	0.00395	0.00513	0.00321	0.00296	0.00568	0.00889	0.01106	0.20884	0.03403	0.67301	0.00902	0.00439	0.00124	0.00185	0.00760	0.00358	0.00321
56	0.00511	0.00375	0.00487	0.00500	0.00574	0.00344	0.02215	0.00606	0.00807	0.02621	0.17977	0.35766	0.22829	0.04772	0.02767	0.02701	0.00246	0.03243	0.00341	0.00319

[dist]
# distance from previous block
# <min> <max>
0	0

# created by:
# /home/cegg/simao/soft/augustus-3.2.1/scripts/msa2prfl.pl ./align_prep/EOG092C54Q4.fa
