[name]
unknown

[dist]
# distance from previous block
# <min> <max>
17	590

[block]
# block no. 0 follows, 71 sequences, length 89
# corresponding to MSA columns:
# 649-737
name=unknown_A
#
# <colnr> <probs for GDERKNQSTAVLIFYWHMCP>
#	G	D	E	R	K	N	Q	S	T	A	V	L	I	F	Y	W	H	M	C	P
0	0.53616	0.02827	0.00804	0.00843	0.14378	0.00828	0.00567	0.03197	0.02766	0.08352	0.03010	0.04072	0.00694	0.00465	0.02072	0.00129	0.00340	0.00304	0.00263	0.00471
1	0.10710	0.02731	0.03191	0.00891	0.01140	0.08179	0.14691	0.08491	0.30207	0.02306	0.02671	0.08916	0.01004	0.00505	0.00383	0.00124	0.00404	0.00439	0.00306	0.02709
2	0.00765	0.00786	0.04947	0.69624	0.07064	0.02469	0.01056	0.01054	0.04211	0.01029	0.00714	0.01014	0.00542	0.00394	0.00406	0.00127	0.02826	0.00340	0.00181	0.00450
3	0.00820	0.00733	0.00799	0.00588	0.00909	0.05282	0.00466	0.00986	0.00825	0.01245	0.04457	0.00883	0.00702	0.00313	0.00295	0.00062	0.00302	0.00249	0.00234	0.79850
4	0.00469	0.00402	0.00407	0.00397	0.00536	0.00332	0.00299	0.00569	0.00870	0.01045	0.03739	0.03559	0.80190	0.00940	0.00445	0.00126	0.00198	0.00783	0.00350	0.04344
5	0.00556	0.00423	0.00640	0.04475	0.00773	0.00496	0.00506	0.00698	0.00623	0.00894	0.01011	0.01484	0.00938	0.02762	0.81163	0.00594	0.01004	0.00408	0.00204	0.00346
6	0.00501	0.00365	0.00503	0.04422	0.00686	0.00355	0.00427	0.00593	0.00758	0.01004	0.02036	0.70241	0.02395	0.01143	0.00491	0.00158	0.00255	0.12998	0.00347	0.00323
7	0.01013	0.82906	0.05757	0.00676	0.01015	0.01489	0.00691	0.01151	0.00780	0.00916	0.00540	0.00624	0.00492	0.00330	0.00251	0.00084	0.00417	0.00209	0.00164	0.00495
8	0.00744	0.04371	0.00676	0.00644	0.00756	0.00488	0.00541	0.00893	0.00880	0.10364	0.09478	0.03457	0.02020	0.11645	0.00672	0.00185	0.00339	0.51120	0.00349	0.00378
9	0.00930	0.01036	0.02212	0.01583	0.01967	0.00980	0.79017	0.04935	0.00946	0.01282	0.00782	0.01029	0.00585	0.00329	0.00449	0.00129	0.00636	0.00448	0.00203	0.00523
10	0.01716	0.00659	0.00894	0.00685	0.00982	0.00573	0.00566	0.03045	0.01108	0.83208	0.01504	0.01299	0.00945	0.00474	0.00386	0.00119	0.00328	0.00385	0.00473	0.00653
11	0.00954	0.00824	0.00867	0.00780	0.00997	0.00954	0.00607	0.02037	0.83441	0.01604	0.01561	0.01431	0.01170	0.00520	0.00390	0.00130	0.00303	0.00433	0.00390	0.00607
12	0.00978	0.00836	0.00881	0.00785	0.01006	0.00965	0.00613	0.05930	0.79508	0.01643	0.01530	0.01406	0.01145	0.00517	0.00390	0.00129	0.00309	0.00429	0.00390	0.00609
13	0.00795	0.00681	0.00795	0.00568	0.00909	0.00511	0.00454	0.00965	0.00795	0.01249	0.00681	0.00795	0.00568	0.00284	0.00284	0.00057	0.00284	0.00227	0.00227	0.88869
14	0.00701	0.00561	0.00652	0.00632	0.00763	0.00598	0.00485	0.01222	0.33930	0.01420	0.26943	0.15881	0.04190	0.00780	0.00442	0.00136	0.00256	0.09567	0.00390	0.00450
15	0.01025	0.86756	0.02009	0.00656	0.00984	0.01517	0.00656	0.01148	0.00779	0.00902	0.00533	0.00615	0.00492	0.00328	0.00246	0.00082	0.00410	0.00205	0.00164	0.00492
16	0.00788	0.00674	0.00790	0.00569	0.00903	0.00510	0.00455	0.00958	0.00790	0.01240	0.00691	0.00814	0.00579	0.00354	0.02589	0.00072	0.00304	0.00232	0.00227	0.86460
17	0.00724	0.00681	0.01150	0.85604	0.02641	0.00852	0.01065	0.00980	0.00767	0.00980	0.00681	0.01022	0.00511	0.00383	0.00383	0.00128	0.00511	0.00341	0.00170	0.00426
18	0.00543	0.00392	0.00513	0.00482	0.00573	0.00362	0.00362	0.00724	0.01085	0.01538	0.83931	0.02864	0.03618	0.00784	0.00452	0.00121	0.00181	0.00693	0.00422	0.00362
19	0.00472	0.00338	0.00449	0.00530	0.00557	0.00315	0.00356	0.00547	0.00758	0.01017	0.07638	0.80643	0.02609	0.01173	0.00487	0.00153	0.00220	0.01063	0.00360	0.00315
20	0.01060	0.81066	0.01946	0.00666	0.00992	0.01480	0.00657	0.04560	0.00829	0.03031	0.00573	0.00645	0.00510	0.00337	0.00255	0.00084	0.00408	0.00215	0.00181	0.00503
21	0.01430	0.00719	0.00984	0.01965	0.13472	0.00686	0.00665	0.04717	0.12186	0.53246	0.04835	0.01317	0.01024	0.00472	0.00388	0.00120	0.00342	0.00396	0.00411	0.00625
22	0.00618	0.00441	0.00618	0.00706	0.00794	0.00441	0.00618	0.00794	0.00883	0.01147	0.02030	0.04325	0.02207	0.01059	0.00530	0.00177	0.00353	0.81553	0.00353	0.00353
23	0.00500	0.00362	0.00479	0.00561	0.00606	0.00342	0.00409	0.00594	0.00779	0.01021	0.02239	0.61168	0.09086	0.01151	0.00495	0.00158	0.00249	0.19123	0.00355	0.00322
24	0.00831	0.00799	0.04671	0.00903	0.14539	0.01762	0.01590	0.01035	0.01863	0.01248	0.00699	0.00830	0.00577	0.00302	0.00307	0.00071	0.00335	0.00254	0.00219	0.67164
25	0.00549	0.00385	0.00496	0.00501	0.00528	0.00410	0.00334	0.00605	0.00590	0.00813	0.01188	0.06727	0.01289	0.49614	0.33863	0.00454	0.00616	0.00530	0.00229	0.00279
26	0.00562	0.00423	0.00621	0.00610	0.00670	0.00441	0.05051	0.00661	0.00664	0.00909	0.01368	0.18380	0.01482	0.25780	0.32587	0.00390	0.00602	0.08229	0.00255	0.00316
27	0.00930	0.00789	0.00867	0.00818	0.04414	0.00896	0.00609	0.02798	0.70671	0.02473	0.09055	0.01535	0.01363	0.00536	0.00395	0.00128	0.00300	0.00452	0.00386	0.00585
28	0.50213	0.12986	0.11999	0.00680	0.00973	0.07244	0.01865	0.05784	0.00791	0.01493	0.00596	0.00696	0.00470	0.00423	0.02335	0.00124	0.00408	0.00237	0.00221	0.00461
29	0.00616	0.00576	0.03691	0.00832	0.04361	0.00512	0.16312	0.01584	0.00826	0.01110	0.08531	0.36815	0.08021	0.06647	0.00569	0.00159	0.00343	0.07809	0.00308	0.00379
30	0.00549	0.00404	0.00584	0.00584	0.00642	0.00462	0.00439	0.00664	0.00607	0.00866	0.01056	0.01668	0.01029	0.16386	0.71591	0.00577	0.00921	0.00435	0.00210	0.00325
31	0.89233	0.00741	0.00564	0.00504	0.00741	0.00860	0.00415	0.01127	0.00653	0.01720	0.00534	0.00623	0.00415	0.00356	0.00237	0.00119	0.00297	0.00208	0.00237	0.00415
32	0.01432	0.01827	0.01087	0.00988	0.01185	0.84986	0.00741	0.01531	0.01087	0.00938	0.00593	0.00691	0.00494	0.00395	0.00346	0.00099	0.00691	0.00247	0.00198	0.00444
33	0.00861	0.00707	0.00821	0.00591	0.00929	0.00557	0.00475	0.06380	0.00869	0.03331	0.00717	0.00816	0.00583	0.00300	0.00293	0.00062	0.00294	0.00239	0.00243	0.80933
34	0.02970	0.00837	0.01160	0.00995	0.01000	0.01167	0.00829	0.00928	0.00589	0.00942	0.00504	0.00834	0.00501	0.00663	0.01234	0.00167	0.83761	0.00332	0.00169	0.00419
35	0.01458	0.01074	0.01151	0.00882	0.01189	0.01189	0.00729	0.82855	0.01803	0.02416	0.00921	0.00921	0.00652	0.00460	0.00384	0.00115	0.00422	0.00345	0.00384	0.00652
36	0.00904	0.00910	0.01165	0.60844	0.07304	0.14607	0.00996	0.06731	0.00897	0.01089	0.00686	0.00957	0.00524	0.00388	0.00377	0.00121	0.00531	0.00326	0.00191	0.00456
37	0.00954	0.00824	0.00867	0.00780	0.00997	0.00954	0.00607	0.02037	0.83441	0.01604	0.01561	0.01431	0.01170	0.00520	0.00390	0.00130	0.00303	0.00433	0.00390	0.00607
38	0.00839	0.00839	0.01174	0.01007	0.01007	0.01174	0.00839	0.00923	0.00587	0.00923	0.00503	0.00839	0.00503	0.00671	0.01258	0.00168	0.85823	0.00336	0.00168	0.00419
39	0.01568	0.00738	0.01020	0.00805	0.02812	0.00686	0.06042	0.10430	0.05808	0.62797	0.01378	0.01240	0.00894	0.00461	0.00389	0.00119	0.00359	0.00386	0.00433	0.01636
40	0.00548	0.00408	0.00603	0.00603	0.00667	0.00472	0.00463	0.00676	0.00612	0.00880	0.01039	0.01573	0.00987	0.08420	0.79501	0.00600	0.00984	0.00421	0.00207	0.00335
41	0.89233	0.00741	0.00564	0.00504	0.00741	0.00860	0.00415	0.01127	0.00653	0.01720	0.00534	0.00623	0.00415	0.00356	0.00237	0.00119	0.00297	0.00208	0.00237	0.00415
42	0.00666	0.00333	0.00500	0.00500	0.00500	0.00333	0.00333	0.00500	0.00500	0.00666	0.00666	0.01166	0.00666	0.01332	0.01499	0.88844	0.00333	0.00333	0.00167	0.00167
43	0.00850	0.01902	0.76341	0.01065	0.01601	0.04366	0.01340	0.01264	0.00837	0.05907	0.00731	0.00833	0.00512	0.00372	0.00365	0.00120	0.00558	0.00288	0.00181	0.00566
44	0.01278	0.00838	0.00941	0.00779	0.01038	0.00906	0.00624	0.21296	0.42032	0.23828	0.01395	0.01275	0.00988	0.00494	0.00387	0.00123	0.00338	0.00400	0.00411	0.00630
45	0.00914	0.19323	0.55111	0.00986	0.01448	0.11329	0.01160	0.02399	0.00848	0.01130	0.00645	0.00757	0.00491	0.00366	0.00350	0.00111	0.01661	0.00264	0.00170	0.00536
46	0.03091	0.00940	0.03120	0.07344	0.59152	0.03127	0.08289	0.02052	0.03880	0.03313	0.00765	0.00969	0.00617	0.00359	0.00391	0.00117	0.01342	0.00349	0.00206	0.00578
47	0.03102	0.00920	0.17506	0.00761	0.01104	0.00642	0.00729	0.03513	0.01039	0.62493	0.01332	0.03233	0.00879	0.00468	0.00381	0.00120	0.00373	0.00378	0.00403	0.00623
48	0.00546	0.00405	0.00510	0.00482	0.00580	0.00376	0.00362	0.00746	0.03641	0.01486	0.72721	0.02908	0.12206	0.00796	0.00450	0.00122	0.00186	0.00698	0.00414	0.00365
49	0.00796	0.09877	0.74831	0.01065	0.01605	0.00951	0.03322	0.01208	0.00809	0.01185	0.00676	0.00797	0.00489	0.00360	0.00355	0.00118	0.00554	0.00280	0.00163	0.00558
50	0.00976	0.17211	0.22806	0.02173	0.14171	0.09787	0.10190	0.01309	0.08496	0.04686	0.00834	0.03002	0.00676	0.00403	0.00362	0.00114	0.00496	0.01555	0.00216	0.00537
51	0.04997	0.00666	0.00884	0.00681	0.00975	0.00590	0.00562	0.03875	0.01098	0.79238	0.01461	0.01270	0.00922	0.00470	0.00380	0.00119	0.00328	0.00378	0.00463	0.00644
52	0.00724	0.00681	0.01150	0.85604	0.02641	0.00852	0.01065	0.00980	0.00767	0.00980	0.00681	0.01022	0.00511	0.00383	0.00383	0.00128	0.00511	0.00341	0.00170	0.00426
53	0.03830	0.04178	0.31580	0.03046	0.26998	0.00881	0.09161	0.02172	0.00881	0.11274	0.01935	0.00955	0.00632	0.00372	0.00374	0.00118	0.00489	0.00333	0.00220	0.00573
54	0.00837	0.00937	0.06720	0.01089	0.04607	0.06657	0.13088	0.00997	0.00700	0.00997	0.00665	0.00980	0.00599	0.00960	0.15937	0.00232	0.43022	0.00357	0.00181	0.00439
55	0.00509	0.00391	0.00466	0.00451	0.00555	0.00348	0.00339	0.00656	0.00996	0.01330	0.50494	0.04116	0.34748	0.00866	0.00454	0.00125	0.00190	0.02228	0.00394	0.00346
56	0.01705	0.00676	0.00905	0.00693	0.00991	0.00599	0.00573	0.06449	0.01137	0.79763	0.01479	0.01283	0.00932	0.00474	0.00385	0.00118	0.00332	0.00383	0.00469	0.00652
57	0.01187	0.34946	0.02310	0.03326	0.10549	0.12564	0.02498	0.18491	0.03555	0.06093	0.00742	0.00814	0.00588	0.00382	0.00325	0.00101	0.00457	0.00283	0.00243	0.00544
58	0.00487	0.00354	0.00460	0.00520	0.00566	0.00327	0.00363	0.00582	0.00817	0.01095	0.17448	0.60292	0.09565	0.01098	0.00481	0.00148	0.00218	0.04486	0.00368	0.00324
59	0.00461	0.00389	0.00399	0.00397	0.00523	0.00327	0.00298	0.00566	0.00893	0.01080	0.11017	0.03616	0.76817	0.00954	0.00453	0.00129	0.00193	0.00799	0.00362	0.00327
60	0.61157	0.01001	0.00753	0.00709	0.04012	0.19802	0.00540	0.02438	0.00773	0.01504	0.00559	0.00664	0.00447	0.00379	0.00312	0.00116	0.03947	0.00229	0.00226	0.00433
61	0.01663	0.00636	0.00860	0.00664	0.00949	0.00552	0.00547	0.01813	0.01081	0.79707	0.01498	0.01312	0.00951	0.00473	0.00379	0.00117	0.00318	0.00384	0.05461	0.00636
62	0.03172	0.68198	0.04292	0.00720	0.01038	0.07384	0.02422	0.02400	0.05491	0.01002	0.00611	0.00686	0.00533	0.00347	0.00271	0.00089	0.00431	0.00231	0.00185	0.00498
63	0.00964	0.00748	0.02499	0.00696	0.02248	0.00609	0.04259	0.07584	0.02108	0.11531	0.01786	0.00978	0.00694	0.00349	0.00323	0.00078	0.00325	0.01771	0.00273	0.60178
64	0.00967	0.00909	0.01514	0.06273	0.75525	0.00924	0.01146	0.05786	0.00921	0.01305	0.00731	0.00951	0.00605	0.00350	0.00380	0.00115	0.00456	0.00342	0.00200	0.00601
65	0.00833	0.23253	0.63831	0.00983	0.01490	0.01048	0.01226	0.01198	0.00802	0.01136	0.00649	0.00761	0.00487	0.00355	0.00335	0.00112	0.00527	0.00264	0.00162	0.00548
66	0.00460	0.00389	0.00398	0.00396	0.00522	0.00327	0.00297	0.00564	0.00891	0.01076	0.10340	0.03623	0.77497	0.00956	0.00453	0.00129	0.00193	0.00800	0.00361	0.00327
67	0.00467	0.00387	0.00406	0.00404	0.00523	0.00329	0.00300	0.00572	0.00890	0.01091	0.13951	0.05287	0.70055	0.03031	0.00490	0.00135	0.00197	0.00794	0.00361	0.00326
68	0.00558	0.00372	0.00418	0.00418	0.00418	0.00372	0.00232	0.00558	0.00558	0.00743	0.01208	0.02509	0.01394	0.86525	0.01952	0.00372	0.00372	0.00558	0.00232	0.00232
69	0.00954	0.00824	0.00867	0.00780	0.00997	0.00954	0.00607	0.02037	0.83441	0.01604	0.01561	0.01431	0.01170	0.00520	0.00390	0.00130	0.00303	0.00433	0.00390	0.00607
70	0.01458	0.01074	0.01151	0.00882	0.01189	0.01189	0.00729	0.82855	0.01803	0.02416	0.00921	0.00921	0.00652	0.00460	0.00384	0.00115	0.00422	0.00345	0.00384	0.00652
71	0.89233	0.00741	0.00564	0.00504	0.00741	0.00860	0.00415	0.01127	0.00653	0.01720	0.00534	0.00623	0.00415	0.00356	0.00237	0.00119	0.00297	0.00208	0.00237	0.00415
72	0.01720	0.00653	0.00890	0.00682	0.00979	0.00564	0.00564	0.01869	0.01097	0.84399	0.01513	0.01305	0.00949	0.00475	0.00386	0.00119	0.00326	0.00386	0.00475	0.00653
73	0.00954	0.00824	0.00867	0.00780	0.00997	0.00954	0.00607	0.02037	0.83441	0.01604	0.01561	0.01431	0.01170	0.00520	0.00390	0.00130	0.00303	0.00433	0.00390	0.00607
74	0.00769	0.01983	0.84538	0.01093	0.01659	0.00890	0.01417	0.01214	0.00810	0.01214	0.00688	0.00810	0.00486	0.00364	0.00364	0.00121	0.00567	0.00283	0.00162	0.00567
75	0.01424	0.01026	0.01109	0.00861	0.01159	0.01131	0.00708	0.70587	0.09528	0.06975	0.01015	0.00991	0.00718	0.00467	0.00384	0.00117	0.00405	0.00356	0.00389	0.00648
76	0.01432	0.01827	0.01087	0.00988	0.01185	0.84986	0.00741	0.01531	0.01087	0.00938	0.00593	0.00691	0.00494	0.00395	0.00346	0.00099	0.00691	0.00247	0.00198	0.00444
77	0.01433	0.01812	0.01088	0.00986	0.01185	0.83237	0.00741	0.03228	0.01101	0.00969	0.00600	0.00696	0.00497	0.00396	0.00347	0.00099	0.00686	0.00249	0.00201	0.00449
78	0.00622	0.00436	0.00590	0.00660	0.00749	0.00430	0.00554	0.00799	0.03001	0.03390	0.02133	0.17250	0.07309	0.01047	0.00511	0.00167	0.00320	0.59314	0.00358	0.00359
79	0.02666	0.00764	0.00894	0.00708	0.00966	0.00770	0.00577	0.34040	0.01343	0.32198	0.09896	0.03331	0.08984	0.00561	0.00398	0.00119	0.00335	0.00453	0.00415	0.00581
80	0.00466	0.00381	0.00412	0.00422	0.00530	0.00326	0.00309	0.00568	0.00877	0.01086	0.13002	0.16143	0.62178	0.00984	0.00459	0.00132	0.00197	0.00838	0.00364	0.00326
81	0.00949	0.00911	0.01556	0.02353	0.84133	0.00911	0.01177	0.01177	0.00873	0.01253	0.00721	0.00949	0.00607	0.00342	0.00380	0.00114	0.00456	0.00342	0.00190	0.00607
82	0.89233	0.00741	0.00564	0.00504	0.00741	0.00860	0.00415	0.01127	0.00653	0.01720	0.00534	0.00623	0.00415	0.00356	0.00237	0.00119	0.00297	0.00208	0.00237	0.00415
83	0.00521	0.00388	0.00485	0.00467	0.00561	0.00352	0.00348	0.00680	0.01025	0.01410	0.63923	0.07740	0.18998	0.00843	0.00455	0.00124	0.00186	0.00738	0.00406	0.00352
84	0.03398	0.00688	0.00887	0.00679	0.00978	0.00611	0.00558	0.06695	0.03095	0.65416	0.01355	0.01208	0.00878	0.00449	0.00370	0.00111	0.00326	0.00361	0.00432	0.11506
85	0.00764	0.00733	0.01185	0.74129	0.09790	0.02893	0.01061	0.01009	0.00779	0.01001	0.00679	0.01003	0.00519	0.00387	0.00403	0.00127	0.02584	0.00338	0.00173	0.00442
86	0.00558	0.00372	0.00418	0.00418	0.00418	0.00372	0.00232	0.00558	0.00558	0.00743	0.01208	0.02509	0.01394	0.86525	0.01952	0.00372	0.00372	0.00558	0.00232	0.00232
87	0.00597	0.00469	0.00647	0.00622	0.00657	0.00560	0.00464	0.00682	0.00599	0.00857	0.01035	0.05204	0.01072	0.26594	0.43182	0.00450	0.15302	0.00469	0.00213	0.00322
88	0.23464	0.00837	0.01224	0.05333	0.50857	0.01981	0.02653	0.01132	0.00810	0.02217	0.00758	0.05696	0.00665	0.00397	0.00351	0.00118	0.00410	0.00351	0.00214	0.00530

[dist]
# distance from previous block
# <min> <max>
1	20

[block]
# block no. 1 follows, 71 sequences, length 81
# corresponding to MSA columns:
# 758-838
name=unknown_B
#
# <colnr> <probs for GDERKNQSTAVLIFYWHMCP>
#	G	D	E	R	K	N	Q	S	T	A	V	L	I	F	Y	W	H	M	C	P
0	0.02430	0.00883	0.05283	0.11302	0.42288	0.00881	0.00960	0.02634	0.21282	0.01320	0.01116	0.01232	0.05839	0.00432	0.00384	0.00121	0.00410	0.00388	0.00250	0.00564
1	0.00921	0.00875	0.01486	0.04911	0.76420	0.00880	0.01139	0.01147	0.00870	0.01237	0.00800	0.01158	0.00702	0.00387	0.00389	0.00118	0.00451	0.05321	0.00199	0.00586
2	0.00978	0.01000	0.01341	0.13558	0.50355	0.14289	0.01012	0.01183	0.00884	0.01164	0.00691	0.00901	0.00571	0.00350	0.00364	0.00107	0.00482	0.00314	0.00192	0.10264
3	0.00839	0.00839	0.01174	0.01007	0.01007	0.01174	0.00839	0.00923	0.00587	0.00923	0.00503	0.00839	0.00503	0.00671	0.01258	0.00168	0.85823	0.00336	0.00168	0.00419
4	0.00463	0.00385	0.00397	0.00399	0.00515	0.00327	0.00293	0.00556	0.00856	0.01033	0.06402	0.06839	0.72947	0.06220	0.00546	0.00145	0.00206	0.00801	0.00351	0.00319
5	0.00457	0.00389	0.00394	0.00392	0.00520	0.00325	0.00294	0.00558	0.00883	0.01057	0.07323	0.03654	0.80526	0.00963	0.00453	0.00129	0.00194	0.00804	0.00359	0.00325
6	0.00969	0.00831	0.00875	0.00783	0.01003	0.00961	0.00611	0.04441	0.81013	0.01628	0.01542	0.01415	0.01155	0.00518	0.00390	0.00130	0.00307	0.00431	0.00390	0.00608
7	0.00976	0.00776	0.00836	0.00745	0.00950	0.00875	0.00579	0.10557	0.59725	0.04625	0.03972	0.08197	0.01282	0.00572	0.00395	0.00128	0.00303	0.00480	0.03452	0.00574
8	0.00865	0.00947	0.01971	0.17778	0.07240	0.00932	0.60457	0.01165	0.00876	0.01178	0.00810	0.01074	0.02071	0.00348	0.00435	0.00128	0.00600	0.00430	0.00192	0.00502
9	0.00914	0.00789	0.00829	0.00749	0.00959	0.00904	0.00582	0.01919	0.76877	0.01559	0.01745	0.01610	0.07753	0.00556	0.00395	0.00130	0.00295	0.00463	0.00387	0.00584
10	0.00769	0.01983	0.84538	0.01093	0.01659	0.00890	0.01417	0.01214	0.00810	0.01214	0.00688	0.00810	0.00486	0.00364	0.00364	0.00121	0.00567	0.00283	0.00162	0.00567
11	0.00839	0.00839	0.01174	0.01007	0.01007	0.01174	0.00839	0.00923	0.00587	0.00923	0.00503	0.00839	0.00503	0.00671	0.01258	0.00168	0.85823	0.00336	0.00168	0.00419
12	0.00949	0.00911	0.01556	0.02353	0.84133	0.00911	0.01177	0.01177	0.00873	0.01253	0.00721	0.00949	0.00607	0.00342	0.00380	0.00114	0.00456	0.00342	0.00190	0.00607
13	0.00751	0.00392	0.00396	0.00383	0.00483	0.00398	0.00290	0.04883	0.00853	0.01478	0.01235	0.01405	0.00967	0.00447	0.00274	0.00091	0.00191	0.00357	0.84357	0.00372
14	0.00540	0.00392	0.00509	0.00480	0.00571	0.00361	0.00360	0.00719	0.01080	0.01524	0.81781	0.02886	0.05776	0.00789	0.00452	0.00121	0.00181	0.00697	0.00420	0.00361
15	0.00467	0.00335	0.00443	0.00530	0.00555	0.00312	0.00354	0.00534	0.00738	0.00980	0.02166	0.83835	0.04942	0.01194	0.00488	0.00155	0.00222	0.01082	0.00356	0.00312
16	0.00963	0.66340	0.21885	0.00761	0.01147	0.01366	0.00839	0.01164	0.00786	0.00977	0.00570	0.00662	0.00491	0.00337	0.00275	0.00092	0.00448	0.00224	0.00164	0.00510
17	0.01481	0.00985	0.01090	0.00841	0.01142	0.01064	0.00693	0.64221	0.05649	0.17257	0.01059	0.01015	0.00731	0.00466	0.00384	0.00116	0.00399	0.00357	0.00400	0.00650
18	0.00959	0.00434	0.00507	0.00460	0.00598	0.00408	0.00355	0.01120	0.00876	0.23437	0.01399	0.09122	0.01115	0.00523	0.00319	0.00103	0.00222	0.00432	0.57181	0.00432
19	0.00724	0.00681	0.01150	0.85604	0.02641	0.00852	0.01065	0.00980	0.00767	0.00980	0.00681	0.01022	0.00511	0.00383	0.00383	0.00128	0.00511	0.00341	0.00170	0.00426
20	0.01031	0.04965	0.01085	0.00952	0.08263	0.02043	0.00717	0.12243	0.00923	0.13457	0.10190	0.01200	0.00980	0.02601	0.01887	0.02504	0.33811	0.00384	0.00275	0.00487
21	0.00501	0.00358	0.00483	0.00572	0.00609	0.00340	0.00414	0.00592	0.00767	0.01016	0.02095	0.68059	0.02463	0.01170	0.00498	0.00160	0.00251	0.18976	0.00355	0.00321
22	0.04348	0.00970	0.05771	0.01325	0.05370	0.00887	0.50248	0.09747	0.00985	0.02255	0.02460	0.01390	0.09012	0.00438	0.00431	0.00128	0.00531	0.02954	0.00242	0.00509
23	0.01029	0.45772	0.21842	0.00851	0.02396	0.15939	0.00861	0.01276	0.04942	0.01024	0.00635	0.00721	0.00526	0.00358	0.00301	0.00097	0.00493	0.00245	0.00181	0.00509
24	0.00795	0.08218	0.74342	0.01086	0.01627	0.00941	0.05395	0.01210	0.00812	0.01192	0.00681	0.00806	0.00491	0.00360	0.00360	0.00119	0.00559	0.00286	0.00164	0.00559
25	0.89233	0.00741	0.00564	0.00504	0.00741	0.00860	0.00415	0.01127	0.00653	0.01720	0.00534	0.00623	0.00415	0.00356	0.00237	0.00119	0.00297	0.00208	0.00237	0.00415
26	0.00567	0.00372	0.00421	0.00421	0.00428	0.00374	0.00242	0.00582	0.00575	0.00790	0.01205	0.02412	0.01355	0.78634	0.04443	0.00362	0.00380	0.00541	0.05653	0.00243
27	0.00890	0.38655	0.47569	0.00901	0.01360	0.01166	0.01077	0.02414	0.00811	0.01097	0.00624	0.00727	0.00491	0.00350	0.00313	0.00104	0.00497	0.00250	0.00166	0.00536
28	0.00525	0.00391	0.00488	0.00464	0.00562	0.00354	0.00348	0.00690	0.01044	0.01440	0.68311	0.03025	0.19299	0.00820	0.00452	0.00122	0.00183	0.00716	0.00409	0.00354
29	0.00954	0.00824	0.00867	0.00780	0.00997	0.00954	0.00607	0.02037	0.83441	0.01604	0.01561	0.01431	0.01170	0.00520	0.00390	0.00130	0.00303	0.00433	0.00390	0.00607
30	0.00550	0.00402	0.00570	0.00570	0.00623	0.00454	0.00422	0.00655	0.00603	0.00856	0.01069	0.01740	0.01060	0.22348	0.65671	0.00559	0.00874	0.00445	0.00212	0.00317
31	0.00467	0.00334	0.00445	0.00534	0.00556	0.00311	0.00356	0.00534	0.00734	0.00979	0.02113	0.86275	0.02536	0.01201	0.00489	0.00156	0.00222	0.01090	0.00356	0.00311
32	0.03942	0.00896	0.03368	0.00763	0.06081	0.10100	0.00580	0.07508	0.00908	0.01322	0.00688	0.00797	0.00561	0.00319	0.00305	0.00074	0.00360	0.00247	0.00232	0.60950
33	0.00543	0.00392	0.00513	0.00482	0.00573	0.00362	0.00362	0.00724	0.01085	0.01538	0.83931	0.02864	0.03618	0.00784	0.00452	0.00121	0.00181	0.00693	0.00422	0.00362
34	0.05300	0.17690	0.02913	0.02371	0.08292	0.18026	0.30615	0.02888	0.00909	0.01140	0.00755	0.05103	0.00654	0.00397	0.00374	0.00114	0.00545	0.01220	0.00203	0.00490
35	0.01129	0.02443	0.13331	0.03298	0.17004	0.11617	0.06765	0.21051	0.05362	0.05833	0.00826	0.00924	0.00622	0.00400	0.00392	0.00113	0.02357	0.00328	0.00260	0.05946
36	0.01255	0.12617	0.05904	0.00963	0.02019	0.47513	0.04257	0.10330	0.03880	0.01147	0.00676	0.00783	0.00551	0.00470	0.02646	0.00119	0.03887	0.00278	0.00217	0.00487
37	0.89233	0.00741	0.00564	0.00504	0.00741	0.00860	0.00415	0.01127	0.00653	0.01720	0.00534	0.00623	0.00415	0.00356	0.00237	0.00119	0.00297	0.00208	0.00237	0.00415
38	0.00497	0.00377	0.00499	0.01643	0.00611	0.00376	0.00393	0.00575	0.00751	0.01004	0.05413	0.69791	0.08190	0.01124	0.00532	0.00153	0.05473	0.01931	0.00345	0.00323
39	0.00477	0.00389	0.00422	0.00414	0.00533	0.00334	0.00310	0.00597	0.00931	0.01172	0.25582	0.03466	0.62195	0.00920	0.00453	0.00127	0.00191	0.00778	0.00374	0.00334
40	0.01175	0.48110	0.01617	0.03844	0.03447	0.20199	0.00716	0.14647	0.01019	0.01172	0.00621	0.00706	0.00523	0.00367	0.00300	0.00094	0.00480	0.00246	0.00209	0.00508
41	0.00502	0.00365	0.00481	0.00559	0.00608	0.00343	0.00411	0.00599	0.00787	0.01032	0.03529	0.58179	0.10173	0.01140	0.00495	0.00158	0.00249	0.19711	0.00356	0.00323
42	0.00984	0.15968	0.32316	0.01223	0.16153	0.06041	0.07042	0.02400	0.05940	0.07249	0.00785	0.00886	0.00594	0.00372	0.00356	0.00113	0.00498	0.00308	0.00211	0.00560
43	0.00883	0.34219	0.33110	0.00929	0.01328	0.01082	0.11081	0.01151	0.00819	0.03155	0.02796	0.06342	0.00721	0.00412	0.00341	0.00109	0.00479	0.00339	0.00193	0.00513
44	0.00467	0.00334	0.00445	0.00534	0.00556	0.00311	0.00356	0.00534	0.00734	0.00979	0.02113	0.86275	0.02536	0.01201	0.00489	0.00156	0.00222	0.01090	0.00356	0.00311
45	0.00846	0.01541	0.52051	0.07435	0.20831	0.00886	0.03690	0.01231	0.03028	0.03814	0.00747	0.00896	0.00551	0.00367	0.00373	0.00121	0.00525	0.00313	0.00186	0.00568
46	0.01437	0.09402	0.05045	0.02996	0.10484	0.13296	0.01896	0.03118	0.01028	0.45772	0.01110	0.01065	0.00755	0.00424	0.00365	0.00112	0.00425	0.00337	0.00343	0.00589
47	0.01641	0.00754	0.00949	0.00769	0.03469	0.03195	0.00609	0.12451	0.02665	0.67208	0.01385	0.01228	0.00890	0.00467	0.00384	0.00118	0.00353	0.00376	0.00444	0.00644
48	0.00460	0.00387	0.00401	0.00410	0.00531	0.00327	0.00308	0.00559	0.00866	0.01037	0.03703	0.08822	0.75792	0.00989	0.00458	0.00133	0.00202	0.03936	0.00356	0.00324
49	0.00757	0.00712	0.01189	0.73464	0.12023	0.00862	0.01064	0.01034	0.03221	0.01030	0.00712	0.01026	0.00542	0.00383	0.00383	0.00126	0.00499	0.00344	0.00179	0.00452
50	0.00816	0.05972	0.00921	0.00704	0.07033	0.00600	0.00519	0.00986	0.00799	0.01225	0.00694	0.01932	0.00592	0.00303	0.00291	0.00064	0.00303	0.00246	0.00222	0.75777
51	0.00987	0.54007	0.18669	0.00867	0.03640	0.06440	0.04825	0.01227	0.04287	0.01023	0.00629	0.00724	0.00527	0.00348	0.00296	0.00096	0.00467	0.00249	0.00177	0.00514
52	0.00954	0.00824	0.00867	0.00780	0.00997	0.00954	0.00607	0.02037	0.83441	0.01604	0.01561	0.01431	0.01170	0.00520	0.00390	0.00130	0.00303	0.00433	0.00390	0.00607
53	0.01118	0.00586	0.00699	0.00581	0.00778	0.00567	0.00465	0.15373	0.01127	0.28348	0.15971	0.01748	0.07356	0.00562	0.00375	0.00113	0.00272	0.01367	0.22092	0.00502
54	0.00490	0.00343	0.00432	0.00500	0.00542	0.00318	0.00341	0.00572	0.00763	0.01037	0.03757	0.67644	0.11640	0.01099	0.00464	0.00146	0.00214	0.00984	0.08397	0.00318
55	0.00596	0.00404	0.00525	0.00487	0.00590	0.00370	0.00368	0.00771	0.01075	0.05546	0.75930	0.02829	0.07493	0.00778	0.00449	0.00121	0.00189	0.00684	0.00421	0.00374
56	0.01449	0.01070	0.01146	0.00880	0.01186	0.01185	0.00727	0.81459	0.03213	0.02402	0.00932	0.00929	0.00661	0.00461	0.00384	0.00115	0.00420	0.00347	0.00384	0.00651
57	0.00479	0.00389	0.00424	0.00416	0.00534	0.00335	0.00312	0.00601	0.00935	0.01182	0.27147	0.03450	0.60624	0.00917	0.00453	0.00127	0.00190	0.00776	0.00375	0.00335
58	0.00610	0.00439	0.00607	0.00691	0.00781	0.00436	0.00602	0.00783	0.00882	0.01142	0.02120	0.04294	0.06187	0.01055	0.00526	0.00174	0.00345	0.77622	0.00353	0.00352
59	0.06804	0.00727	0.00870	0.00714	0.00976	0.00731	0.00580	0.07287	0.24719	0.46713	0.01447	0.01395	0.01010	0.00503	0.00383	0.00124	0.00325	0.03652	0.00425	0.00613
60	0.00536	0.00392	0.00503	0.00475	0.00568	0.00359	0.00356	0.00710	0.01069	0.01498	0.77629	0.02929	0.09944	0.00799	0.00452	0.00121	0.00182	0.00703	0.00417	0.00359
61	0.01432	0.01827	0.01087	0.00988	0.01185	0.84986	0.00741	0.01531	0.01087	0.00938	0.00593	0.00691	0.00494	0.00395	0.00346	0.00099	0.00691	0.00247	0.00198	0.00444
62	0.01432	0.01827	0.01087	0.00988	0.01185	0.84986	0.00741	0.01531	0.01087	0.00938	0.00593	0.00691	0.00494	0.00395	0.00346	0.00099	0.00691	0.00247	0.00198	0.00444
63	0.00769	0.01983	0.84538	0.01093	0.01659	0.00890	0.01417	0.01214	0.00810	0.01214	0.00688	0.00810	0.00486	0.00364	0.00364	0.00121	0.00567	0.00283	0.00162	0.00567
64	0.00504	0.00432	0.00437	0.00428	0.00566	0.00387	0.00323	0.00701	0.09227	0.01093	0.03649	0.03461	0.75600	0.00925	0.00447	0.00130	0.00205	0.00771	0.00359	0.00352
65	0.89233	0.00741	0.00564	0.00504	0.00741	0.00860	0.00415	0.01127	0.00653	0.01720	0.00534	0.00623	0.00415	0.00356	0.00237	0.00119	0.00297	0.00208	0.00237	0.00415
66	0.00579	0.00433	0.00543	0.00508	0.00611	0.00417	0.00383	0.00843	0.08869	0.01531	0.74021	0.02750	0.05514	0.00764	0.00446	0.00122	0.00193	0.00672	0.00417	0.00384
67	0.00493	0.00394	0.00433	0.00442	0.00559	0.00344	0.00343	0.00613	0.00896	0.01122	0.13268	0.04943	0.59812	0.00948	0.00458	0.00134	0.00213	0.11261	0.02989	0.00333
68	0.00932	0.01036	0.02208	0.01580	0.01964	0.00980	0.78749	0.05202	0.00949	0.01286	0.00783	0.01029	0.00585	0.00330	0.00449	0.00129	0.00635	0.00447	0.00203	0.00524
69	0.00809	0.05959	0.00870	0.00573	0.00913	0.00573	0.00467	0.00977	0.00794	0.01228	0.00672	0.00784	0.00563	0.00287	0.00282	0.00058	0.00292	0.00226	0.00223	0.83450
70	0.00480	0.00368	0.00443	0.00488	0.00561	0.00330	0.00352	0.00577	0.00830	0.01065	0.10362	0.41592	0.33008	0.01066	0.00475	0.00144	0.00218	0.06956	0.00362	0.00324
71	0.00977	0.02296	0.30037	0.03871	0.36384	0.00880	0.01148	0.01260	0.00859	0.12181	0.00797	0.00939	0.00600	0.00388	0.00427	0.00120	0.05712	0.00325	0.00216	0.00581
72	0.00838	0.01829	0.73274	0.01120	0.03171	0.00875	0.05899	0.01254	0.00834	0.06316	0.00744	0.00855	0.00522	0.00368	0.00371	0.00122	0.00554	0.00300	0.00183	0.00570
73	0.00453	0.00388	0.00388	0.00388	0.00518	0.00324	0.00291	0.00550	0.00874	0.01036	0.03884	0.03690	0.83978	0.00971	0.00453	0.00129	0.00194	0.00809	0.00356	0.00324
74	0.84879	0.00758	0.00593	0.00523	0.00764	0.00876	0.00431	0.05181	0.00710	0.01755	0.00553	0.00638	0.00427	0.00361	0.00245	0.00118	0.00303	0.00214	0.00245	0.00427
75	0.01077	0.02344	0.10835	0.09321	0.38138	0.02599	0.09290	0.02618	0.00922	0.17803	0.00875	0.01008	0.00647	0.00375	0.00384	0.00118	0.00470	0.00351	0.00245	0.00582
76	0.00497	0.00373	0.00431	0.00464	0.00551	0.00327	0.00332	0.00585	0.00825	0.03239	0.04889	0.38751	0.44261	0.01053	0.00468	0.00141	0.00211	0.01912	0.00361	0.00328
77	0.00714	0.00371	0.00395	0.00389	0.00485	0.00362	0.00292	0.00883	0.00839	0.04392	0.08544	0.05597	0.04720	0.00534	0.00306	0.00098	0.00187	0.00440	0.70088	0.00365
78	0.00821	0.00762	0.01259	0.60812	0.20191	0.00888	0.02591	0.06047	0.00856	0.01132	0.00707	0.01000	0.00542	0.00378	0.00384	0.00124	0.00496	0.00343	0.00188	0.00481
79	0.01090	0.09368	0.15267	0.03818	0.31780	0.01024	0.03441	0.22937	0.01109	0.05378	0.00788	0.00907	0.00600	0.00382	0.00368	0.00113	0.00462	0.00325	0.00247	0.00596
80	0.01043	0.01141	0.01230	0.05781	0.27914	0.27829	0.00902	0.01182	0.00847	0.01029	0.00635	0.00870	0.00555	0.00559	0.03678	0.02498	0.21330	0.00312	0.00186	0.00479

[dist]
# distance from previous block
# <min> <max>
0	7

[block]
# block no. 2 follows, 71 sequences, length 46
# corresponding to MSA columns:
# 852-897
name=unknown_C
#
# <colnr> <probs for GDERKNQSTAVLIFYWHMCP>
#	G	D	E	R	K	N	Q	S	T	A	V	L	I	F	Y	W	H	M	C	P
0	0.16552	0.00910	0.01358	0.03198	0.65251	0.03904	0.01025	0.01178	0.00840	0.01320	0.00683	0.00883	0.00568	0.00347	0.00353	0.00114	0.00437	0.00315	0.00198	0.00565
1	0.00556	0.00409	0.00501	0.00469	0.00581	0.00368	0.00354	0.00728	0.02106	0.03150	0.59621	0.02969	0.23177	0.00809	0.00446	0.00121	0.00191	0.00702	0.00402	0.02339
2	0.00551	0.00380	0.00468	0.00470	0.00491	0.00393	0.00299	0.00593	0.00604	0.00825	0.05288	0.05936	0.01456	0.59971	0.20307	0.00404	0.00502	0.00555	0.00241	0.00267
3	0.00555	0.00371	0.00419	0.00421	0.00422	0.00370	0.00236	0.00557	0.00562	0.00750	0.01232	0.04704	0.01424	0.84289	0.01913	0.00366	0.00368	0.00572	0.00236	0.00234
4	0.00839	0.00839	0.01174	0.01007	0.01007	0.01174	0.00839	0.00923	0.00587	0.00923	0.00503	0.00839	0.00503	0.00671	0.01258	0.00168	0.85823	0.00336	0.00168	0.00419
5	0.00990	0.00824	0.00869	0.00769	0.00988	0.00947	0.00602	0.09645	0.71622	0.01672	0.01485	0.01382	0.01112	0.00511	0.00383	0.00127	0.00309	0.00421	0.04743	0.00599
6	0.01025	0.86756	0.02009	0.00656	0.00984	0.01517	0.00656	0.01148	0.00779	0.00902	0.00533	0.00615	0.00492	0.00328	0.00246	0.00082	0.00410	0.00205	0.00164	0.00492
7	0.10946	0.00654	0.00841	0.00655	0.00939	0.00589	0.00540	0.01764	0.01042	0.73405	0.01402	0.01236	0.00894	0.00461	0.00367	0.00118	0.00319	0.00366	0.02842	0.00619
8	0.01720	0.00653	0.00890	0.00682	0.00979	0.00564	0.00564	0.01869	0.01097	0.84399	0.01513	0.01305	0.00949	0.00475	0.00386	0.00119	0.00326	0.00386	0.00475	0.00653
9	0.00905	0.01034	0.02262	0.01616	0.02004	0.00970	0.82741	0.01228	0.00905	0.01228	0.00776	0.01034	0.00582	0.00323	0.00452	0.00129	0.00646	0.00452	0.00194	0.00517
10	0.06376	0.00657	0.00872	0.00673	0.00966	0.00579	0.00556	0.01829	0.01074	0.80001	0.01461	0.01269	0.00921	0.00468	0.00378	0.00119	0.00325	0.00376	0.00462	0.00640
11	0.00601	0.00406	0.00540	0.00512	0.00601	0.00395	0.00382	0.00751	0.00933	0.05490	0.52343	0.03944	0.04741	0.08770	0.17631	0.00243	0.00377	0.00619	0.00361	0.00359
12	0.89233	0.00741	0.00564	0.00504	0.00741	0.00860	0.00415	0.01127	0.00653	0.01720	0.00534	0.00623	0.00415	0.00356	0.00237	0.00119	0.00297	0.00208	0.00237	0.00415
13	0.00949	0.00911	0.01556	0.02353	0.84133	0.00911	0.01177	0.01177	0.00873	0.01253	0.00721	0.00949	0.00607	0.00342	0.00380	0.00114	0.00456	0.00342	0.00190	0.00607
14	0.00463	0.00389	0.00403	0.00403	0.00527	0.00328	0.00303	0.00568	0.00890	0.01079	0.10558	0.04866	0.74882	0.00960	0.00455	0.00130	0.00196	0.01913	0.00362	0.00327
15	0.00833	0.04245	0.01999	0.00648	0.03383	0.00602	0.00512	0.03907	0.00830	0.01272	0.00683	0.00798	0.00567	0.00300	0.00303	0.00064	0.01476	0.00236	0.00227	0.77115
16	0.00487	0.00379	0.00447	0.00479	0.00567	0.00338	0.00355	0.00596	0.00863	0.01100	0.14183	0.27924	0.40121	0.01022	0.00472	0.00141	0.00218	0.09615	0.00365	0.00329
17	0.01061	0.79299	0.01928	0.00685	0.01002	0.08846	0.00664	0.01182	0.00806	0.00905	0.00538	0.00622	0.00492	0.00334	0.00255	0.00083	0.00435	0.00209	0.00167	0.00488
18	0.00541	0.00392	0.00510	0.00480	0.00572	0.00361	0.00360	0.00720	0.01081	0.01527	0.82236	0.02882	0.05319	0.00788	0.00452	0.00121	0.00181	0.00696	0.00421	0.00361
19	0.01315	0.07974	0.07000	0.01087	0.08258	0.65878	0.00819	0.01451	0.01027	0.00982	0.00606	0.00716	0.00503	0.00384	0.00343	0.00100	0.00642	0.00254	0.00192	0.00470
20	0.01079	0.12310	0.32390	0.02876	0.20358	0.00894	0.01044	0.01355	0.00891	0.21888	0.00881	0.00944	0.00630	0.00382	0.00358	0.00114	0.00460	0.00313	0.00247	0.00585
21	0.00635	0.01816	0.00614	0.00660	0.00743	0.00443	0.00557	0.00782	0.01994	0.02079	0.03472	0.10624	0.02036	0.01050	0.00599	0.08236	0.00333	0.60587	0.02398	0.00342
22	0.12838	0.01546	0.01122	0.01109	0.10771	0.60696	0.04211	0.01424	0.00997	0.01089	0.00608	0.00727	0.00500	0.00381	0.00340	0.00104	0.00611	0.00261	0.00202	0.00463
23	0.00472	0.00389	0.00414	0.00408	0.00529	0.00332	0.00306	0.00586	0.00918	0.01139	0.20408	0.03519	0.67389	0.00932	0.00453	0.00128	0.00191	0.00785	0.00370	0.00332
24	0.05392	0.79453	0.01907	0.00657	0.00979	0.01473	0.00647	0.04065	0.00809	0.00997	0.00547	0.00626	0.00494	0.00334	0.00251	0.00085	0.00405	0.00210	0.00175	0.00494
25	0.00534	0.00356	0.00478	0.00549	0.00590	0.00332	0.00381	0.00615	0.00773	0.04629	0.05444	0.74157	0.02491	0.01144	0.00486	0.00154	0.00233	0.05958	0.00364	0.00331
26	0.00582	0.00416	0.00577	0.00666	0.00738	0.00411	0.00556	0.00733	0.00848	0.01108	0.02050	0.23642	0.02284	0.01093	0.00520	0.00172	0.00322	0.62586	0.00354	0.00343
27	0.01458	0.01074	0.01151	0.00882	0.01189	0.01189	0.00729	0.82855	0.01803	0.02416	0.00921	0.00921	0.00652	0.00460	0.00384	0.00115	0.00422	0.00345	0.00384	0.00652
28	0.00474	0.00392	0.00418	0.00426	0.00547	0.00336	0.00326	0.00584	0.00887	0.01081	0.09506	0.05312	0.69472	0.00970	0.00460	0.00133	0.00208	0.07778	0.00361	0.00329
29	0.01458	0.01074	0.01151	0.00882	0.01189	0.01189	0.00729	0.82855	0.01803	0.02416	0.00921	0.00921	0.00652	0.00460	0.00384	0.00115	0.00422	0.00345	0.00384	0.00652
30	0.42312	0.00881	0.00854	0.00688	0.00962	0.00979	0.00568	0.37476	0.01204	0.09544	0.00794	0.00817	0.00569	0.00413	0.00316	0.00117	0.00355	0.00285	0.00324	0.00542
31	0.00839	0.00839	0.01174	0.01007	0.01007	0.01174	0.00839	0.00923	0.00587	0.00923	0.00503	0.00839	0.00503	0.00671	0.01258	0.00168	0.85823	0.00336	0.00168	0.00419
32	0.00949	0.00911	0.01556	0.02353	0.84133	0.00911	0.01177	0.01177	0.00873	0.01253	0.00721	0.00949	0.00607	0.00342	0.00380	0.00114	0.00456	0.00342	0.00190	0.00607
33	0.00461	0.00383	0.00404	0.00419	0.00533	0.00327	0.00312	0.00557	0.00856	0.01033	0.03587	0.14296	0.70450	0.01004	0.00461	0.00135	0.00204	0.03899	0.00356	0.00323
34	0.00548	0.00411	0.00616	0.00616	0.00685	0.00479	0.00479	0.00685	0.00616	0.00890	0.01027	0.01506	0.00959	0.02876	0.85006	0.00616	0.01027	0.00411	0.00205	0.00342
35	0.89233	0.00741	0.00564	0.00504	0.00741	0.00860	0.00415	0.01127	0.00653	0.01720	0.00534	0.00623	0.00415	0.00356	0.00237	0.00119	0.00297	0.00208	0.00237	0.00415
36	0.00795	0.00681	0.00795	0.00568	0.00909	0.00511	0.00454	0.00965	0.00795	0.01249	0.00681	0.00795	0.00568	0.00284	0.00284	0.00057	0.00284	0.00227	0.00227	0.88869
37	0.00918	0.00872	0.01437	0.02135	0.72817	0.02338	0.01103	0.01138	0.00878	0.01235	0.00874	0.01344	0.00794	0.00427	0.00397	0.00121	0.00448	0.09942	0.00209	0.00574
38	0.89233	0.00741	0.00564	0.00504	0.00741	0.00860	0.00415	0.01127	0.00653	0.01720	0.00534	0.00623	0.00415	0.00356	0.00237	0.00119	0.00297	0.00208	0.00237	0.00415
39	0.00510	0.00398	0.00438	0.00431	0.00554	0.00343	0.00329	0.00630	0.00924	0.03094	0.20677	0.03491	0.61046	0.00924	0.00455	0.00130	0.00202	0.04713	0.00373	0.00341
40	0.89233	0.00741	0.00564	0.00504	0.00741	0.00860	0.00415	0.01127	0.00653	0.01720	0.00534	0.00623	0.00415	0.00356	0.00237	0.00119	0.00297	0.00208	0.00237	0.00415
41	0.03189	0.00628	0.00838	0.00651	0.00928	0.00550	0.00535	0.01762	0.01067	0.75277	0.02945	0.01330	0.00990	0.00476	0.00375	0.00116	0.00312	0.00386	0.07024	0.00621
42	0.00864	0.00434	0.00519	0.00490	0.00614	0.00407	0.00369	0.02899	0.00886	0.19047	0.04590	0.23311	0.05679	0.00685	0.00369	0.00116	0.00228	0.00586	0.37493	0.00414
43	0.00548	0.00409	0.00606	0.00606	0.00670	0.00473	0.00466	0.00678	0.00613	0.00882	0.01037	0.01560	0.00982	0.07395	0.80519	0.00603	0.00992	0.00419	0.00207	0.00336
44	0.00536	0.00391	0.00497	0.00471	0.00565	0.00358	0.00353	0.00708	0.01059	0.01484	0.74332	0.02927	0.11903	0.00798	0.00449	0.00121	0.00182	0.00700	0.01808	0.00358
45	0.00767	0.00743	0.01137	0.78400	0.02510	0.05006	0.01032	0.01045	0.03735	0.01000	0.00709	0.01020	0.00534	0.00389	0.00382	0.00126	0.00513	0.00339	0.00180	0.00433

[dist]
# distance from previous block
# <min> <max>
2	10

[block]
# block no. 3 follows, 71 sequences, length 39
# corresponding to MSA columns:
# 909-947
name=unknown_D
#
# <colnr> <probs for GDERKNQSTAVLIFYWHMCP>
#	G	D	E	R	K	N	Q	S	T	A	V	L	I	F	Y	W	H	M	C	P
0	0.00776	0.00665	0.00772	0.00558	0.00887	0.00501	0.00445	0.00942	0.00799	0.01237	0.00861	0.00957	0.05237	0.00322	0.00293	0.00061	0.00279	0.00260	0.00234	0.83912
1	0.00724	0.00681	0.01150	0.85604	0.02641	0.00852	0.01065	0.00980	0.00767	0.00980	0.00681	0.01022	0.00511	0.00383	0.00383	0.00128	0.00511	0.00341	0.00170	0.00426
2	0.00564	0.00418	0.00536	0.00488	0.00602	0.00375	0.00369	0.00742	0.01054	0.01500	0.74464	0.02693	0.05176	0.00742	0.00437	0.00115	0.00191	0.00653	0.00403	0.08479
3	0.00724	0.00681	0.01150	0.85604	0.02641	0.00852	0.01065	0.00980	0.00767	0.00980	0.00681	0.01022	0.00511	0.00383	0.00383	0.00128	0.00511	0.00341	0.00170	0.00426
4	0.00475	0.00352	0.00445	0.00511	0.00561	0.00322	0.00356	0.00557	0.00783	0.01020	0.05613	0.62312	0.19078	0.01132	0.00483	0.00150	0.00222	0.04954	0.00358	0.00318
5	0.00891	0.37179	0.42596	0.01000	0.06008	0.01155	0.03993	0.01185	0.00804	0.01087	0.00629	0.00744	0.00499	0.00346	0.00319	0.00105	0.00498	0.00260	0.00165	0.00536
6	0.00831	0.00680	0.00799	0.00572	0.00911	0.00513	0.00459	0.01000	0.00807	0.04445	0.00713	0.00815	0.00583	0.00291	0.00288	0.00059	0.00286	0.00233	0.00237	0.85479
7	0.00460	0.00364	0.00414	0.00455	0.00535	0.00318	0.00321	0.00543	0.00810	0.01010	0.03078	0.41281	0.46907	0.01076	0.00470	0.00141	0.00207	0.00937	0.00356	0.00318
8	0.00499	0.00413	0.00512	0.00493	0.00599	0.00366	0.04903	0.00593	0.00813	0.01008	0.04301	0.17934	0.51569	0.12250	0.00658	0.00167	0.00250	0.02020	0.00332	0.00321
9	0.01319	0.01047	0.01083	0.00868	0.01138	0.05397	0.00705	0.57286	0.20609	0.02103	0.01038	0.01024	0.00759	0.00478	0.00412	0.00119	0.03263	0.00360	0.00368	0.00623
10	0.89233	0.00741	0.00564	0.00504	0.00741	0.00860	0.00415	0.01127	0.00653	0.01720	0.00534	0.00623	0.00415	0.00356	0.00237	0.00119	0.00297	0.00208	0.00237	0.00415
11	0.89233	0.00741	0.00564	0.00504	0.00741	0.00860	0.00415	0.01127	0.00653	0.01720	0.00534	0.00623	0.00415	0.00356	0.00237	0.00119	0.00297	0.00208	0.00237	0.00415
12	0.89233	0.00741	0.00564	0.00504	0.00741	0.00860	0.00415	0.01127	0.00653	0.01720	0.00534	0.00623	0.00415	0.00356	0.00237	0.00119	0.00297	0.00208	0.00237	0.00415
13	0.00905	0.01034	0.02262	0.01616	0.02004	0.00970	0.82741	0.01228	0.00905	0.01228	0.00776	0.01034	0.00582	0.00323	0.00452	0.00129	0.00646	0.00452	0.00194	0.00517
14	0.00769	0.01983	0.84538	0.01093	0.01659	0.00890	0.01417	0.01214	0.00810	0.01214	0.00688	0.00810	0.00486	0.00364	0.00364	0.00121	0.00567	0.00283	0.00162	0.00567
15	0.00737	0.00694	0.01173	0.80943	0.07203	0.00855	0.01071	0.00991	0.00773	0.00995	0.00684	0.01018	0.00517	0.00381	0.00383	0.00127	0.00508	0.00341	0.00171	0.00436
16	0.89233	0.00741	0.00564	0.00504	0.00741	0.00860	0.00415	0.01127	0.00653	0.01720	0.00534	0.00623	0.00415	0.00356	0.00237	0.00119	0.00297	0.00208	0.00237	0.00415
17	0.00475	0.00340	0.00449	0.00534	0.00560	0.00318	0.00361	0.00544	0.00736	0.00979	0.02113	0.79458	0.03863	0.03734	0.00534	0.00162	0.00231	0.03945	0.00352	0.00311
18	0.00724	0.00681	0.01150	0.85604	0.02641	0.00852	0.01065	0.00980	0.00767	0.00980	0.00681	0.01022	0.00511	0.00383	0.00383	0.00128	0.00511	0.00341	0.00170	0.00426
19	0.01458	0.01074	0.01151	0.00882	0.01189	0.01189	0.00729	0.82855	0.01803	0.02416	0.00921	0.00921	0.00652	0.00460	0.00384	0.00115	0.00422	0.00345	0.00384	0.00652
20	0.89233	0.00741	0.00564	0.00504	0.00741	0.00860	0.00415	0.01127	0.00653	0.01720	0.00534	0.00623	0.00415	0.00356	0.00237	0.00119	0.00297	0.00208	0.00237	0.00415
21	0.00954	0.00824	0.00867	0.00780	0.00997	0.00954	0.00607	0.02037	0.83441	0.01604	0.01561	0.01431	0.01170	0.00520	0.00390	0.00130	0.00303	0.00433	0.00390	0.00607
22	0.00483	0.00347	0.00458	0.00520	0.00559	0.00322	0.00356	0.00574	0.00810	0.01097	0.19294	0.67297	0.04237	0.01110	0.00481	0.00148	0.00213	0.01002	0.00370	0.00322
