[name]
unknown

[dist]
# distance from previous block
# <min> <max>
0	56

[block]
# block no. 0 follows, 75 sequences, length 12
# corresponding to MSA columns:
# 66-77
name=unknown_A
#
# <colnr> <probs for GDERKNQSTAVLIFYWHMCP>
#	G	D	E	R	K	N	Q	S	T	A	V	L	I	F	Y	W	H	M	C	P
0	0.00624	0.00426	0.00596	0.00670	0.00760	0.00423	0.00582	0.00789	0.00848	0.04039	0.01930	0.06746	0.02082	0.00999	0.00501	0.00167	0.00333	0.76796	0.00342	0.00347
1	0.01429	0.00976	0.01070	0.00820	0.01113	0.01061	0.00677	0.72898	0.01639	0.13118	0.00956	0.00930	0.00662	0.00443	0.00368	0.00111	0.00392	0.00336	0.00379	0.00625
2	0.00517	0.11681	0.00619	0.00520	0.00584	0.00450	0.00375	0.00589	0.00715	0.00931	0.01911	0.71434	0.06274	0.01030	0.00437	0.00139	0.00235	0.00920	0.00317	0.00321
3	0.01408	0.00961	0.01054	0.00813	0.01102	0.01044	0.00670	0.68177	0.05601	0.13880	0.00991	0.00957	0.00688	0.00446	0.00368	0.00111	0.00386	0.00340	0.00380	0.00623
4	0.01272	0.03302	0.01175	0.01128	0.14553	0.40349	0.02854	0.26188	0.03302	0.01397	0.00709	0.00793	0.00555	0.00389	0.00349	0.00103	0.00532	0.00288	0.00246	0.00517
5	0.01005	0.00840	0.01407	0.02045	0.73851	0.00829	0.01050	0.01214	0.00864	0.12149	0.00790	0.00954	0.00625	0.00344	0.00364	0.00110	0.00420	0.00333	0.00217	0.00587
6	0.00467	0.00350	0.00468	0.00574	0.04318	0.00325	0.00369	0.00541	0.00724	0.00956	0.02156	0.73554	0.11656	0.01089	0.00460	0.00145	0.00220	0.00981	0.00334	0.00312
7	0.08146	0.01032	0.00989	0.00797	0.01060	0.13178	0.00644	0.46245	0.10667	0.12151	0.00946	0.00928	0.00676	0.00432	0.00352	0.00110	0.00408	0.00321	0.00342	0.00574
8	0.00457	0.00370	0.00406	0.00404	0.00512	0.00319	0.00300	0.00568	0.00880	0.01111	0.24164	0.08612	0.58817	0.00899	0.00436	0.00123	0.00185	0.00764	0.00357	0.00319
9	0.00941	0.04565	0.06158	0.08313	0.14157	0.07904	0.05744	0.04339	0.38833	0.02426	0.01094	0.01126	0.01909	0.00426	0.00365	0.00116	0.00403	0.00364	0.00278	0.00540
10	0.00983	0.78446	0.07046	0.00668	0.00991	0.04933	0.00677	0.01119	0.00760	0.00884	0.00522	0.00604	0.00471	0.00319	0.00247	0.00082	0.00413	0.00203	0.00158	0.00474
11	0.00492	0.00373	0.00455	0.00469	0.00548	0.00346	0.00339	0.00646	0.04383	0.01183	0.34375	0.30914	0.22289	0.00916	0.00443	0.00129	0.00195	0.00807	0.00367	0.00332

[dist]
# distance from previous block
# <min> <max>
0	3

[block]
# block no. 1 follows, 75 sequences, length 6
# corresponding to MSA columns:
# 81-86
name=unknown_B
#
# <colnr> <probs for GDERKNQSTAVLIFYWHMCP>
#	G	D	E	R	K	N	Q	S	T	A	V	L	I	F	Y	W	H	M	C	P
0	0.00985	0.47832	0.10114	0.00909	0.06754	0.07731	0.09596	0.03415	0.03537	0.03121	0.02505	0.00776	0.00590	0.00346	0.00300	0.00095	0.00446	0.00267	0.00190	0.00494
1	0.00467	0.00340	0.00441	0.00485	0.00534	0.00313	0.00337	0.00566	0.00812	0.01098	0.26253	0.55429	0.09532	0.01016	0.00456	0.00137	0.00199	0.00911	0.00359	0.00313
2	0.00971	0.00883	0.03757	0.01672	0.48419	0.00879	0.07020	0.07698	0.13186	0.06127	0.00898	0.01077	0.00715	0.00393	0.00395	0.00116	0.02527	0.02454	0.00243	0.00569
3	0.56125	0.27782	0.01005	0.00559	0.00811	0.06690	0.00491	0.01112	0.00691	0.01353	0.00515	0.00599	0.00426	0.00335	0.00237	0.00101	0.00343	0.00201	0.00203	0.00423
4	0.00919	0.00967	0.05295	0.02093	0.71703	0.04702	0.06646	0.01147	0.00845	0.01183	0.00687	0.00897	0.00570	0.00329	0.00366	0.00110	0.00464	0.00328	0.00181	0.00567
5	0.05415	0.00733	0.01113	0.65141	0.11305	0.04465	0.00976	0.00987	0.00745	0.01000	0.00638	0.00930	0.00494	0.00374	0.00395	0.00121	0.04254	0.00316	0.00170	0.00427

[dist]
# distance from previous block
# <min> <max>
0	10

[block]
# block no. 2 follows, 75 sequences, length 8
# corresponding to MSA columns:
# 97-104
name=unknown_C
#
# <colnr> <probs for GDERKNQSTAVLIFYWHMCP>
#	G	D	E	R	K	N	Q	S	T	A	V	L	I	F	Y	W	H	M	C	P
0	0.00532	0.00373	0.00480	0.00453	0.00540	0.00346	0.00340	0.00705	0.01020	0.01465	0.78642	0.02645	0.03285	0.00728	0.00421	0.00113	0.00173	0.00641	0.06750	0.00346
1	0.00982	0.87313	0.01925	0.00628	0.00943	0.01453	0.00628	0.01100	0.00746	0.00864	0.00511	0.00589	0.00471	0.00314	0.00236	0.00079	0.00393	0.00196	0.00157	0.00471
2	0.00534	0.00356	0.00401	0.00401	0.00401	0.00356	0.00223	0.00534	0.00534	0.00712	0.01157	0.02403	0.01335	0.87092	0.01869	0.00356	0.00356	0.00534	0.00223	0.00223
3	0.01372	0.01750	0.01041	0.00946	0.01135	0.85618	0.00710	0.01467	0.01041	0.00899	0.00568	0.00662	0.00473	0.00378	0.00331	0.00095	0.00662	0.00237	0.00189	0.00426
4	0.00520	0.00375	0.00491	0.00462	0.00549	0.00347	0.00347	0.00693	0.01040	0.01473	0.84608	0.02743	0.03465	0.00751	0.00433	0.00116	0.00173	0.00664	0.00404	0.00347
5	0.00762	0.00653	0.00762	0.00544	0.00870	0.00490	0.00435	0.00925	0.00762	0.01197	0.00653	0.00762	0.00544	0.00272	0.00272	0.00054	0.00272	0.00218	0.00218	0.89338
6	0.00488	0.00371	0.00529	0.00565	0.00617	0.00349	0.04786	0.00573	0.00723	0.00954	0.02009	0.62770	0.08033	0.06981	0.00564	0.00162	0.00254	0.08638	0.00324	0.00308
7	0.03921	0.59923	0.03878	0.00832	0.05171	0.05015	0.09834	0.01134	0.00784	0.03080	0.00618	0.00780	0.00544	0.00343	0.00282	0.00091	0.00428	0.02685	0.00178	0.00477

[dist]
# distance from previous block
# <min> <max>
1	4

[block]
# block no. 3 follows, 75 sequences, length 57
# corresponding to MSA columns:
# 109-152,157-169
name=unknown_D
#
# <colnr> <probs for GDERKNQSTAVLIFYWHMCP>
#	G	D	E	R	K	N	Q	S	T	A	V	L	I	F	Y	W	H	M	C	P
0	0.30574	0.04538	0.02929	0.01301	0.36191	0.03907	0.01704	0.02565	0.06581	0.01354	0.00712	0.02669	0.00595	0.01385	0.00331	0.00113	0.00378	0.00298	0.00217	0.01658
1	0.00930	0.01036	0.11645	0.02563	0.43252	0.07308	0.03444	0.01333	0.18135	0.03280	0.00905	0.01017	0.01857	0.00384	0.00373	0.00114	0.01298	0.00342	0.00227	0.00556
2	0.00454	0.00373	0.00400	0.00393	0.00508	0.00319	0.00295	0.00566	0.00884	0.01104	0.22487	0.03351	0.65817	0.00889	0.00434	0.00122	0.00183	0.00749	0.00356	0.00319
3	0.00937	0.00801	0.00844	0.00752	0.00964	0.00925	0.00587	0.06004	0.80046	0.01575	0.01464	0.01346	0.01096	0.00495	0.00373	0.00124	0.00296	0.00411	0.00373	0.00583
4	0.01376	0.01643	0.01050	0.00931	0.01136	0.73087	0.00708	0.13646	0.01143	0.01109	0.00614	0.00695	0.00496	0.00388	0.00337	0.00097	0.00624	0.00251	0.00216	0.00455
5	0.01198	0.01408	0.00962	0.00839	0.01062	0.57460	0.00638	0.03139	0.09087	0.01054	0.00683	0.00757	0.00554	0.00369	0.00323	0.00089	0.00538	0.00252	0.00217	0.19371
6	0.01067	0.00930	0.01821	0.01318	0.01663	0.03610	0.61275	0.01330	0.00916	0.20875	0.00903	0.01041	0.00637	0.00346	0.00415	0.00120	0.00549	0.00412	0.00249	0.00524
7	0.00694	0.00653	0.01102	0.86210	0.02530	0.00816	0.01020	0.00938	0.00734	0.00938	0.00653	0.00979	0.00490	0.00367	0.00367	0.00122	0.00490	0.00326	0.00163	0.00408
8	0.00434	0.00372	0.00372	0.00372	0.00496	0.00310	0.00279	0.00527	0.00837	0.00992	0.03721	0.03535	0.84652	0.00930	0.00434	0.00124	0.00186	0.00775	0.00341	0.00310
9	0.00746	0.00472	0.00586	0.00525	0.00655	0.01693	0.00403	0.00990	0.08390	0.14719	0.62828	0.02354	0.02808	0.00676	0.00416	0.00116	0.00213	0.00589	0.00406	0.00413
10	0.35374	0.00682	0.00783	0.00623	0.00889	0.00680	0.03205	0.04045	0.00903	0.47749	0.01049	0.00980	0.00693	0.00406	0.00317	0.00114	0.00315	0.00305	0.00356	0.00534
11	0.01625	0.00630	0.00852	0.00656	0.00938	0.00551	0.00541	0.01795	0.03639	0.82455	0.01450	0.01254	0.00916	0.00456	0.00369	0.00114	0.00312	0.00371	0.00452	0.00624
12	0.00463	0.00343	0.00434	0.00492	0.00538	0.00318	0.00338	0.00563	0.02544	0.01012	0.10569	0.64644	0.14258	0.01065	0.00458	0.00142	0.00207	0.00954	0.00348	0.00311
13	0.00769	0.00658	0.00774	0.02364	0.00909	0.00506	0.00451	0.02079	0.00774	0.01207	0.00656	0.00768	0.00544	0.00276	0.00275	0.00057	0.00278	0.00221	0.00219	0.86215
14	0.00922	0.00793	0.00835	0.00749	0.00958	0.00918	0.00583	0.03434	0.82641	0.01551	0.01484	0.01361	0.01112	0.00497	0.00374	0.00124	0.00293	0.00414	0.00374	0.00582
15	0.00440	0.00372	0.00380	0.00378	0.00499	0.00312	0.00283	0.00538	0.00850	0.01023	0.08909	0.03484	0.79445	0.00919	0.00434	0.00123	0.00185	0.00768	0.00345	0.00312
16	0.00896	0.00946	0.05930	0.04249	0.68047	0.02043	0.10208	0.01134	0.00837	0.01185	0.00692	0.00909	0.00569	0.00328	0.00370	0.00111	0.00467	0.00335	0.00180	0.00564
17	0.00562	0.00446	0.00654	0.00633	0.00688	0.00543	0.00496	0.00682	0.00585	0.00852	0.00924	0.01391	0.00875	0.05239	0.71831	0.00526	0.12159	0.00389	0.00193	0.00334
18	0.01311	0.00565	0.00754	0.00604	0.00831	0.00503	0.00489	0.03185	0.02227	0.58390	0.25088	0.01669	0.01633	0.00539	0.00388	0.00114	0.00275	0.00453	0.00437	0.00545
19	0.00461	0.00394	0.02355	0.00495	0.00578	0.00332	0.02464	0.00553	0.00768	0.00981	0.04396	0.48513	0.34338	0.01017	0.00451	0.00137	0.00219	0.00898	0.00334	0.00314
20	0.00883	0.35418	0.42062	0.00926	0.03908	0.04379	0.03428	0.03181	0.00802	0.01065	0.00606	0.00711	0.00478	0.00337	0.00307	0.00100	0.00484	0.00248	0.00164	0.00512
21	0.01044	0.01238	0.03958	0.03101	0.09125	0.32800	0.17724	0.02357	0.00857	0.01009	0.00602	0.00803	0.00505	0.00428	0.00583	0.00121	0.22799	0.00312	0.00181	0.00454
22	0.66281	0.00806	0.01931	0.00826	0.12608	0.04012	0.05469	0.01105	0.00686	0.01512	0.00554	0.00671	0.00438	0.00343	0.00277	0.00114	0.01485	0.00235	0.00215	0.00432
23	0.01444	0.00637	0.00831	0.00631	0.00919	0.00544	0.00518	0.04046	0.01008	0.64154	0.01269	0.01145	0.00829	0.00417	0.00348	0.00101	0.00304	0.00338	0.02305	0.18215
24	0.00945	0.00858	0.01428	0.10313	0.65249	0.00877	0.03903	0.06930	0.00897	0.03997	0.00727	0.00928	0.00586	0.00343	0.00367	0.00111	0.00442	0.00332	0.00202	0.00566
25	0.01333	0.00667	0.00861	0.00736	0.04381	0.00652	0.00569	0.13914	0.07394	0.48246	0.03952	0.01263	0.00953	0.00737	0.10639	0.00171	0.00403	0.00377	0.02183	0.00569
26	0.00519	0.00384	0.00485	0.00458	0.00552	0.00354	0.00344	0.00701	0.02750	0.01422	0.74171	0.02800	0.12153	0.00765	0.00432	0.00117	0.00177	0.00671	0.00397	0.00348
27	0.00478	0.00374	0.00433	0.00418	0.00523	0.00329	0.00314	0.00612	0.00941	0.01238	0.45086	0.03130	0.43134	0.00838	0.00434	0.00120	0.00180	0.00718	0.00373	0.00329
28	0.00447	0.00320	0.00426	0.00511	0.00533	0.00298	0.00341	0.00511	0.00703	0.00938	0.02024	0.86853	0.02429	0.01151	0.00469	0.00149	0.00213	0.01044	0.00341	0.00298
29	0.00877	0.00474	0.00654	0.00660	0.00798	0.00452	0.00568	0.01039	0.00898	0.23547	0.01790	0.03287	0.01757	0.00847	0.00463	0.00152	0.00326	0.57970	0.03026	0.00415
30	0.01396	0.01029	0.01102	0.00845	0.01139	0.01139	0.00698	0.83577	0.01727	0.02315	0.00882	0.00882	0.00625	0.00441	0.00367	0.00110	0.00404	0.00331	0.00367	0.00625
31	0.00804	0.00804	0.01125	0.00964	0.00964	0.01125	0.00804	0.00884	0.00562	0.00884	0.00482	0.00804	0.00482	0.00643	0.01205	0.00161	0.86420	0.00321	0.00161	0.00402
32	0.00454	0.00324	0.00433	0.00519	0.00543	0.00304	0.00352	0.00522	0.00709	0.00945	0.02021	0.83225	0.02415	0.01145	0.00470	0.00150	0.00219	0.04610	0.00341	0.00300
33	0.89687	0.00710	0.00540	0.00483	0.00710	0.00824	0.00398	0.01080	0.00625	0.01648	0.00511	0.00597	0.00398	0.00341	0.00227	0.00114	0.00284	0.00199	0.00227	0.00398
34	0.00694	0.00653	0.01102	0.86210	0.02530	0.00816	0.01020	0.00938	0.00734	0.00938	0.00653	0.00979	0.00490	0.00367	0.00367	0.00122	0.00490	0.00326	0.00163	0.00408
35	0.00762	0.00653	0.00762	0.00544	0.00870	0.00490	0.00435	0.00925	0.00762	0.01197	0.00653	0.00762	0.00544	0.00272	0.00272	0.00054	0.00272	0.00218	0.00218	0.89338
36	0.01175	0.45054	0.01488	0.00785	0.01038	0.43022	0.00669	0.01281	0.00892	0.00881	0.00539	0.00625	0.00472	0.00346	0.00283	0.00086	0.00526	0.00216	0.00173	0.00449
37	0.89687	0.00710	0.00540	0.00483	0.00710	0.00824	0.00398	0.01080	0.00625	0.01648	0.00511	0.00597	0.00398	0.00341	0.00227	0.00114	0.00284	0.00199	0.00227	0.00398
38	0.00931	0.01123	0.22190	0.02803	0.36610	0.00876	0.09626	0.09637	0.00914	0.05586	0.00775	0.03150	0.00616	0.00381	0.00397	0.00116	0.03158	0.00346	0.00212	0.00554
39	0.00789	0.00606	0.00859	0.23508	0.08272	0.00597	0.00643	0.03898	0.00896	0.08459	0.23652	0.01419	0.01365	0.00454	0.00361	0.00101	0.00325	0.00395	0.00277	0.23124
40	0.01029	0.01190	0.00903	0.00813	0.01984	0.48206	0.05243	0.01162	0.01016	0.02037	0.25907	0.01486	0.06468	0.00520	0.00374	0.00105	0.00478	0.00411	0.00265	0.00403
41	0.02326	0.12692	0.24239	0.00780	0.03303	0.00786	0.00772	0.06447	0.00886	0.19168	0.00819	0.00856	0.00595	0.00351	0.00317	0.00093	0.00384	0.00272	0.00252	0.24663
42	0.00908	0.02466	0.02801	0.02206	0.81977	0.00883	0.01122	0.01127	0.00834	0.01193	0.00687	0.00901	0.00578	0.00327	0.00361	0.00109	0.00437	0.00324	0.00181	0.00579
43	0.00522	0.00387	0.00569	0.00572	0.00631	0.00444	0.00436	0.00640	0.00591	0.00845	0.01041	0.05125	0.01014	0.09220	0.75551	0.00553	0.00903	0.00432	0.00205	0.00319
44	0.01351	0.01007	0.01077	0.00836	0.01122	0.01118	0.00687	0.76012	0.09364	0.02243	0.00939	0.00927	0.00671	0.00446	0.00368	0.00112	0.00394	0.00339	0.00368	0.00621
45	0.00451	0.00322	0.00430	0.00515	0.00538	0.00301	0.00347	0.00518	0.00707	0.00942	0.02022	0.84814	0.02421	0.01147	0.00470	0.00150	0.00216	0.03048	0.00341	0.00299
46	0.01038	0.00867	0.06226	0.08290	0.53427	0.00798	0.03419	0.01257	0.00871	0.18935	0.00848	0.00981	0.00636	0.00358	0.00366	0.00112	0.00426	0.00336	0.00237	0.00573
47	0.00753	0.00646	0.00752	0.00540	0.00861	0.00485	0.00431	0.00915	0.00764	0.01192	0.00731	0.00832	0.02694	0.00289	0.00276	0.00056	0.00270	0.00232	0.00221	0.87062
48	0.00515	0.00375	0.00484	0.00457	0.00546	0.00344	0.00342	0.00683	0.01027	0.01444	0.79700	0.02791	0.08391	0.00762	0.00433	0.00116	0.00174	0.00671	0.00400	0.00344
49	0.01261	0.00583	0.00807	0.00640	0.00868	0.00525	0.03830	0.05270	0.01072	0.52364	0.26693	0.01677	0.01659	0.00538	0.00391	0.00114	0.00287	0.00460	0.00424	0.00535
50	0.04247	0.07947	0.11361	0.00886	0.12115	0.00734	0.00698	0.05868	0.03384	0.21695	0.00896	0.02276	0.00669	0.00369	0.00324	0.00095	0.00354	0.00299	0.00273	0.25509
51	0.00741	0.01834	0.80399	0.01088	0.05058	0.00846	0.01332	0.01154	0.00782	0.01169	0.01935	0.00811	0.00516	0.00354	0.00351	0.00116	0.00533	0.00280	0.00160	0.00541
52	0.00453	0.00324	0.00431	0.00508	0.00534	0.00302	0.00341	0.00525	0.00729	0.00979	0.08358	0.80402	0.02509	0.01120	0.00466	0.00147	0.00210	0.01015	0.00346	0.00302
53	0.00881	0.01618	0.58612	0.01069	0.01543	0.00918	0.11347	0.17187	0.00972	0.01389	0.00713	0.00823	0.00508	0.00362	0.00363	0.00116	0.00525	0.00303	0.00200	0.00553
54	0.00912	0.00898	0.06172	0.13826	0.58669	0.00864	0.02792	0.04104	0.02987	0.04160	0.00739	0.00936	0.00588	0.00347	0.00365	0.00112	0.00444	0.00330	0.00199	0.00556
55	0.00498	0.00398	0.00627	0.00629	0.00692	0.00372	0.09855	0.00593	0.00732	0.00981	0.04349	0.74509	0.02246	0.01042	0.00464	0.00145	0.00258	0.00963	0.00325	0.00322
56	0.00456	0.00331	0.00433	0.00512	0.00540	0.00311	0.00344	0.00541	0.02393	0.00951	0.02067	0.82485	0.05009	0.01130	0.00466	0.00148	0.00214	0.01023	0.00342	0.00304

[dist]
# distance from previous block
# <min> <max>
1	3

[block]
# block no. 4 follows, 75 sequences, length 23
# corresponding to MSA columns:
# 174-187,190-198
name=unknown_E
#
# <colnr> <probs for GDERKNQSTAVLIFYWHMCP>
#	G	D	E	R	K	N	Q	S	T	A	V	L	I	F	Y	W	H	M	C	P
0	0.00869	0.00867	0.03393	0.07427	0.59704	0.00861	0.08955	0.01135	0.04744	0.01192	0.02960	0.01040	0.00695	0.00368	0.00398	0.00115	0.02812	0.01722	0.00197	0.00546
1	0.00992	0.10101	0.01188	0.03110	0.24070	0.04732	0.00739	0.18663	0.03414	0.01385	0.00714	0.00828	0.00575	0.00348	0.00339	0.00091	0.02028	0.00281	0.00234	0.26164
2	0.00515	0.00375	0.00485	0.00458	0.00546	0.00345	0.00343	0.00685	0.01029	0.01448	0.80509	0.02784	0.07579	0.00760	0.00433	0.00116	0.00174	0.00670	0.00401	0.00345
3	0.00804	0.00859	0.09684	0.00886	0.07909	0.03439	0.05868	0.01418	0.41483	0.01309	0.03534	0.03282	0.13173	0.02143	0.00416	0.00127	0.00344	0.02508	0.00309	0.00504
4	0.00533	0.00358	0.00405	0.00408	0.00413	0.00357	0.00234	0.00540	0.00550	0.00730	0.01243	0.02480	0.03441	0.82534	0.01795	0.00345	0.00351	0.02825	0.00229	0.00228
5	0.00775	0.00450	0.00571	0.00561	0.00673	0.00429	0.00411	0.00982	0.10744	0.19806	0.07924	0.47445	0.05983	0.00878	0.00431	0.00135	0.00240	0.00778	0.00375	0.00409
6	0.03365	0.19012	0.02712	0.00807	0.04900	0.19578	0.00645	0.09734	0.00903	0.01162	0.00611	0.00723	0.00513	0.00361	0.00377	0.00089	0.08233	0.00244	0.00207	0.25825
7	0.00966	0.70083	0.11759	0.00727	0.01065	0.05099	0.03897	0.01127	0.00767	0.00913	0.00540	0.00630	0.00474	0.00321	0.00261	0.00085	0.00431	0.00216	0.00159	0.00479
8	0.00752	0.00407	0.00414	0.00390	0.00495	0.00418	0.00298	0.08666	0.00861	0.01459	0.01168	0.01323	0.00911	0.00429	0.00267	0.00088	0.00193	0.00341	0.80751	0.00369
9	0.00520	0.00375	0.00491	0.00462	0.00549	0.00347	0.00347	0.00693	0.01040	0.01473	0.84608	0.02743	0.03465	0.00751	0.00433	0.00116	0.00173	0.00664	0.00404	0.00347
10	0.89687	0.00710	0.00540	0.00483	0.00710	0.00824	0.00398	0.01080	0.00625	0.01648	0.00511	0.00597	0.00398	0.00341	0.00227	0.00114	0.00284	0.00199	0.00227	0.00398
11	0.00929	0.05420	0.09148	0.02626	0.12435	0.00703	0.03694	0.07216	0.00876	0.09639	0.00751	0.00844	0.00580	0.00323	0.00315	0.00083	0.00358	0.00270	0.00236	0.43553
12	0.00835	0.15320	0.54605	0.01054	0.07099	0.03681	0.03241	0.03169	0.04003	0.01147	0.00671	0.00783	0.00506	0.00355	0.00351	0.00110	0.02092	0.00274	0.00173	0.00530
13	0.00572	0.00408	0.00515	0.00480	0.00582	0.00385	0.00363	0.00793	0.06096	0.03941	0.72320	0.02662	0.08003	0.00737	0.00428	0.00117	0.00185	0.00647	0.00400	0.00367
14	0.00796	0.03281	0.69757	0.01074	0.05528	0.05675	0.01249	0.01226	0.05886	0.01167	0.00704	0.00809	0.00511	0.00358	0.00348	0.00115	0.00526	0.00280	0.00172	0.00539
15	0.01044	0.07734	0.17940	0.01381	0.29582	0.05731	0.07554	0.09237	0.03239	0.11849	0.00804	0.00904	0.00602	0.00364	0.00356	0.00110	0.00459	0.00318	0.00233	0.00559
16	0.01068	0.00675	0.06027	0.05379	0.00956	0.00603	0.00571	0.03285	0.11765	0.35391	0.04540	0.03408	0.19542	0.00586	0.00426	0.00121	0.04311	0.00476	0.00364	0.00506
17	0.00571	0.00384	0.00484	0.00454	0.00549	0.00359	0.00342	0.00754	0.02345	0.03534	0.68524	0.02551	0.05965	0.00708	0.00410	0.00112	0.00179	0.00619	0.10800	0.00356
18	0.02942	0.04195	0.04279	0.01047	0.11412	0.41094	0.04717	0.05458	0.01002	0.15747	0.00818	0.04197	0.00649	0.00411	0.00349	0.00105	0.00520	0.00316	0.00248	0.00493
19	0.12373	0.05868	0.09880	0.01114	0.19899	0.12759	0.00802	0.19059	0.01048	0.12648	0.00780	0.00843	0.00578	0.00379	0.00335	0.00108	0.00434	0.00292	0.00261	0.00542
20	0.07069	0.00662	0.00872	0.00672	0.00951	0.00603	0.03073	0.06092	0.02614	0.66240	0.01303	0.01167	0.00842	0.00436	0.00356	0.00111	0.00320	0.00353	0.02260	0.04004
21	0.02053	0.05925	0.03462	0.01031	0.16676	0.03171	0.03546	0.17061	0.12000	0.17278	0.00961	0.00994	0.00710	0.01229	0.00361	0.00106	0.00376	0.00325	0.00298	0.12438
22	0.18132	0.25690	0.05381	0.00762	0.03630	0.17237	0.03799	0.02443	0.01820	0.04693	0.00621	0.00705	0.00503	0.00338	0.00284	0.00092	0.00420	0.00236	0.00205	0.13008

[dist]
# distance from previous block
# <min> <max>
0	23

[block]
# block no. 5 follows, 75 sequences, length 20
# corresponding to MSA columns:
# 222-241
name=unknown_F
#
# <colnr> <probs for GDERKNQSTAVLIFYWHMCP>
#	G	D	E	R	K	N	Q	S	T	A	V	L	I	F	Y	W	H	M	C	P
0	0.89687	0.00710	0.00540	0.00483	0.00710	0.00824	0.00398	0.01080	0.00625	0.01648	0.00511	0.00597	0.00398	0.00341	0.00227	0.00114	0.00284	0.00199	0.00227	0.00398
1	0.05121	0.03899	0.16067	0.01075	0.04573	0.00892	0.24770	0.18152	0.02600	0.17870	0.00889	0.00955	0.00625	0.00378	0.00373	0.00115	0.00466	0.00349	0.00275	0.00555
2	0.00502	0.00373	0.00467	0.00446	0.00538	0.00338	0.00333	0.00657	0.00992	0.01367	0.67003	0.05080	0.18955	0.00796	0.00434	0.00118	0.00177	0.00695	0.00391	0.00338
3	0.00475	0.00369	0.00408	0.00403	0.00492	0.00328	0.00286	0.00569	0.00826	0.01057	0.23367	0.05000	0.46486	0.17497	0.00711	0.00167	0.00216	0.00707	0.00334	0.00302
4	0.00447	0.00320	0.00426	0.00511	0.00533	0.00298	0.00341	0.00511	0.00703	0.00938	0.02024	0.86853	0.02429	0.01151	0.00469	0.00149	0.00213	0.01044	0.00341	0.00298
5	0.00447	0.00320	0.00426	0.00511	0.00533	0.00298	0.00341	0.00511	0.00703	0.00938	0.02024	0.86853	0.02429	0.01151	0.00469	0.00149	0.00213	0.01044	0.00341	0.00298
6	0.00737	0.01900	0.85189	0.01047	0.01590	0.00853	0.01357	0.01163	0.00775	0.01163	0.00659	0.00775	0.00465	0.00349	0.00349	0.00116	0.00543	0.00271	0.00155	0.00543
7	0.01372	0.01750	0.01041	0.00946	0.01135	0.85618	0.00710	0.01467	0.01041	0.00899	0.00568	0.00662	0.00473	0.00378	0.00331	0.00095	0.00662	0.00237	0.00189	0.00426
8	0.00450	0.00322	0.00429	0.00510	0.00533	0.00300	0.00341	0.00518	0.00716	0.00957	0.05076	0.83744	0.02467	0.01136	0.00467	0.00148	0.00212	0.01030	0.00343	0.00300
9	0.00694	0.00653	0.01102	0.86210	0.02530	0.00816	0.01020	0.00938	0.00734	0.00938	0.00653	0.00979	0.00490	0.00367	0.00367	0.00122	0.00490	0.00326	0.00163	0.00408
10	0.00533	0.00362	0.00431	0.00431	0.00441	0.00372	0.00260	0.00553	0.00543	0.00734	0.01130	0.02251	0.01269	0.73687	0.15184	0.00393	0.00456	0.00512	0.00218	0.00239
11	0.00804	0.00804	0.01125	0.00964	0.00964	0.01125	0.00804	0.00884	0.00562	0.00884	0.00482	0.00804	0.00482	0.00643	0.01205	0.00161	0.86420	0.00321	0.00161	0.00402
12	0.00666	0.00441	0.00500	0.00452	0.00610	0.00375	0.00347	0.02272	0.00882	0.13642	0.07700	0.08864	0.53121	0.00802	0.00413	0.00118	0.00217	0.00674	0.00352	0.07553
13	0.00737	0.01900	0.85189	0.01047	0.01590	0.00853	0.01357	0.01163	0.00775	0.01163	0.00659	0.00775	0.00465	0.00349	0.00349	0.00116	0.00543	0.00271	0.00155	0.00543
14	0.00737	0.01900	0.85189	0.01047	0.01590	0.00853	0.01357	0.01163	0.00775	0.01163	0.00659	0.00775	0.00465	0.00349	0.00349	0.00116	0.00543	0.00271	0.00155	0.00543
15	0.00737	0.01900	0.85189	0.01047	0.01590	0.00853	0.01357	0.01163	0.00775	0.01163	0.00659	0.00775	0.00465	0.00349	0.00349	0.00116	0.00543	0.00271	0.00155	0.00543
16	0.84592	0.00691	0.00537	0.00482	0.00701	0.00797	0.00395	0.01058	0.00649	0.01638	0.05316	0.00719	0.00573	0.00364	0.00239	0.00114	0.00278	0.00225	0.00237	0.00395
17	0.01276	0.01052	0.05972	0.01095	0.15296	0.01078	0.00808	0.64942	0.01522	0.02061	0.00837	0.00880	0.00608	0.00416	0.00366	0.00110	0.00418	0.00327	0.00324	0.00613
18	0.16946	0.00736	0.00913	0.10159	0.07111	0.00797	0.03727	0.23628	0.01044	0.09837	0.06378	0.01243	0.07161	0.00633	0.06632	0.00150	0.01751	0.00373	0.00293	0.00485
19	0.00887	0.00839	0.01392	0.02058	0.74733	0.00845	0.01048	0.01154	0.06078	0.01237	0.05526	0.01043	0.00780	0.00362	0.00368	0.00110	0.00412	0.00352	0.00207	0.00568

[dist]
# distance from previous block
# <min> <max>
1	6

[block]
# block no. 6 follows, 75 sequences, length 48
# corresponding to MSA columns:
# 248-295
name=unknown_G
#
# <colnr> <probs for GDERKNQSTAVLIFYWHMCP>
#	G	D	E	R	K	N	Q	S	T	A	V	L	I	F	Y	W	H	M	C	P
0	0.03736	0.45367	0.19875	0.00818	0.01171	0.03729	0.08070	0.02139	0.06856	0.04144	0.00675	0.00752	0.00540	0.00344	0.00297	0.00097	0.00440	0.00259	0.00191	0.00501
1	0.85338	0.03420	0.00580	0.00486	0.00714	0.00835	0.00403	0.01071	0.00633	0.01612	0.00568	0.00648	0.01880	0.00350	0.00231	0.00113	0.00286	0.00209	0.00227	0.00399
2	0.01026	0.01284	0.12867	0.01412	0.27782	0.27146	0.10119	0.03347	0.06943	0.01158	0.02963	0.00905	0.00647	0.00371	0.00362	0.00109	0.00523	0.00319	0.00205	0.00513
3	0.00909	0.00873	0.01491	0.02254	0.84801	0.00873	0.01127	0.01127	0.00836	0.01200	0.00691	0.00909	0.00582	0.00327	0.00364	0.00109	0.00436	0.00327	0.00182	0.00582
4	0.00637	0.00544	0.01737	0.00584	0.00732	0.00539	0.04036	0.01060	0.25648	0.01378	0.38985	0.02393	0.18884	0.00687	0.00415	0.00120	0.00235	0.00597	0.00370	0.00418
5	0.00909	0.00873	0.01491	0.02254	0.84801	0.00873	0.01127	0.01127	0.00836	0.01200	0.00691	0.00909	0.00582	0.00327	0.00364	0.00109	0.00436	0.00327	0.00182	0.00582
6	0.01625	0.00620	0.00845	0.00650	0.00930	0.00536	0.00536	0.01768	0.01051	0.83352	0.03144	0.01281	0.00961	0.00461	0.00371	0.00114	0.00310	0.00375	0.00454	0.00619
7	0.01110	0.55511	0.02867	0.00733	0.02423	0.03421	0.00667	0.23915	0.02746	0.02588	0.00654	0.00706	0.00536	0.00357	0.00283	0.00090	0.00402	0.00245	0.00225	0.00520
8	0.02278	0.02550	0.02249	0.01304	0.35366	0.00712	0.03442	0.01157	0.04540	0.10397	0.00803	0.00943	0.00640	0.02388	0.00368	0.00098	0.00364	0.00303	0.00233	0.29867
9	0.02404	0.09502	0.39820	0.00922	0.05312	0.02108	0.00962	0.06913	0.00924	0.25315	0.01841	0.00926	0.00643	0.00386	0.00345	0.00111	0.00442	0.00302	0.00261	0.00561
10	0.01163	0.24186	0.03138	0.01248	0.30818	0.00938	0.02460	0.03916	0.00904	0.26453	0.00877	0.00924	0.00649	0.00366	0.00332	0.00103	0.00392	0.00306	0.00263	0.00564
11	0.00511	0.00375	0.00478	0.00452	0.00543	0.00343	0.00339	0.00675	0.01018	0.01422	0.76001	0.02828	0.12104	0.00770	0.00433	0.00116	0.00175	0.00676	0.00398	0.00343
12	0.00950	0.12122	0.34408	0.01131	0.15376	0.00900	0.05062	0.01334	0.11277	0.12647	0.00863	0.00925	0.00633	0.00372	0.00347	0.00111	0.00447	0.00311	0.00230	0.00554
13	0.03819	0.01200	0.28690	0.01455	0.34169	0.02945	0.04181	0.03928	0.02587	0.12347	0.00797	0.00906	0.00590	0.00359	0.00357	0.00113	0.00458	0.00314	0.00221	0.00563
14	0.00534	0.00356	0.00401	0.00401	0.00401	0.00356	0.00223	0.00534	0.00534	0.00712	0.01157	0.02403	0.01335	0.87092	0.01869	0.00356	0.00356	0.00534	0.00223	0.00223
15	0.00694	0.00653	0.01102	0.86210	0.02530	0.00816	0.01020	0.00938	0.00734	0.00938	0.00653	0.00979	0.00490	0.00367	0.00367	0.00122	0.00490	0.00326	0.00163	0.00408
16	0.00993	0.03105	0.15797	0.04001	0.37542	0.00842	0.07317	0.03264	0.03692	0.14594	0.01973	0.00977	0.00662	0.00375	0.00393	0.00114	0.03228	0.00337	0.00233	0.00560
17	0.32538	0.04805	0.12397	0.00885	0.01204	0.02870	0.18554	0.18764	0.00954	0.02826	0.00676	0.00778	0.00502	0.00358	0.00323	0.00114	0.00430	0.00291	0.00238	0.00494
18	0.00447	0.00320	0.00426	0.00511	0.00533	0.00298	0.00341	0.00511	0.00703	0.00938	0.02024	0.86853	0.02429	0.01151	0.00469	0.00149	0.00213	0.01044	0.00341	0.00298
19	0.00967	0.00800	0.00855	0.00767	0.02217	0.00914	0.00593	0.13237	0.66851	0.01626	0.01393	0.01338	0.01052	0.00493	0.00370	0.00121	0.00305	0.01665	0.03861	0.00574
20	0.01246	0.00906	0.03819	0.02595	0.32829	0.03267	0.00845	0.24755	0.01148	0.23485	0.00939	0.00981	0.00672	0.00396	0.00365	0.00111	0.00405	0.00335	0.00305	0.00597
21	0.00447	0.00320	0.00426	0.00511	0.00533	0.00298	0.00341	0.00511	0.00703	0.00938	0.02024	0.86853	0.02429	0.01151	0.00469	0.00149	0.00213	0.01044	0.00341	0.00298
22	0.61840	0.00683	0.00639	0.00537	0.00782	0.00734	0.00443	0.01304	0.00760	0.28030	0.00808	0.00803	0.00560	0.00377	0.00272	0.00114	0.00293	0.00253	0.00299	0.00470
23	0.00975	0.82983	0.03467	0.00640	0.00955	0.01425	0.00641	0.01128	0.03362	0.00891	0.00544	0.00617	0.00492	0.00321	0.00242	0.00081	0.00392	0.00205	0.00164	0.00476
24	0.00501	0.00372	0.00467	0.00450	0.00539	0.00338	0.00335	0.00655	0.00987	0.01363	0.66526	0.07516	0.16984	0.00803	0.00435	0.00119	0.00178	0.00704	0.00390	0.00338
25	0.00526	0.00389	0.00570	0.00570	0.00628	0.00448	0.00433	0.00643	0.00584	0.00837	0.01003	0.01548	0.00964	0.11978	0.76476	0.00565	0.00915	0.00409	0.00200	0.00316
26	0.00471	0.00374	0.00424	0.00411	0.00519	0.00326	0.00308	0.00599	0.00925	0.01201	0.38805	0.03191	0.49438	0.00852	0.00434	0.00120	0.00180	0.00727	0.00368	0.00326
27	0.01372	0.01750	0.01041	0.00946	0.01135	0.85618	0.00710	0.01467	0.01041	0.00899	0.00568	0.00662	0.00473	0.00378	0.00331	0.00095	0.00662	0.00237	0.00189	0.00426
28	0.00982	0.87313	0.01925	0.00628	0.00943	0.01453	0.00628	0.01100	0.00746	0.00864	0.00511	0.00589	0.00471	0.00314	0.00236	0.00079	0.00393	0.00196	0.00157	0.00471
29	0.01648	0.00625	0.00852	0.00653	0.00938	0.00540	0.00540	0.01790	0.01051	0.85056	0.01449	0.01250	0.00909	0.00455	0.00369	0.00114	0.00313	0.00369	0.00455	0.00625
30	0.00534	0.00356	0.00401	0.00401	0.00401	0.00356	0.00223	0.00534	0.00534	0.00712	0.01157	0.02403	0.01335	0.87092	0.01869	0.00356	0.00356	0.00534	0.00223	0.00223
31	0.89687	0.00710	0.00540	0.00483	0.00710	0.00824	0.00398	0.01080	0.00625	0.01648	0.00511	0.00597	0.00398	0.00341	0.00227	0.00114	0.00284	0.00199	0.00227	0.00398
32	0.00925	0.00794	0.00837	0.00750	0.00959	0.00919	0.00584	0.03839	0.82232	0.01554	0.01481	0.01359	0.01110	0.00497	0.00374	0.00124	0.00293	0.00413	0.00374	0.00582
33	0.01621	0.00619	0.00844	0.00649	0.00928	0.00535	0.00535	0.01764	0.01051	0.83074	0.03421	0.01286	0.00970	0.00462	0.00371	0.00114	0.00309	0.00376	0.00453	0.00618
34	0.00804	0.00804	0.01125	0.00964	0.00964	0.01125	0.00804	0.00884	0.00562	0.00884	0.00482	0.00804	0.00482	0.00643	0.01205	0.00161	0.86420	0.00321	0.00161	0.00402
35	0.00694	0.00653	0.01102	0.86210	0.02530	0.00816	0.01020	0.00938	0.00734	0.00938	0.00653	0.00979	0.00490	0.00367	0.00367	0.00122	0.00490	0.00326	0.00163	0.00408
36	0.03255	0.00627	0.00845	0.00648	0.00932	0.00544	0.00535	0.01759	0.01037	0.81748	0.01415	0.01228	0.00892	0.00449	0.00365	0.00112	0.00311	0.00363	0.00445	0.02491
37	0.00804	0.00804	0.01125	0.00964	0.00964	0.01125	0.00804	0.00884	0.00562	0.00884	0.00482	0.00804	0.00482	0.00643	0.01205	0.00161	0.86420	0.00321	0.00161	0.00402
38	0.01405	0.01015	0.01094	0.00839	0.01132	0.01119	0.00693	0.80809	0.01704	0.05115	0.00901	0.00894	0.00634	0.00441	0.00367	0.00110	0.00401	0.00332	0.00370	0.00625
39	0.01396	0.01029	0.01102	0.00845	0.01139	0.01139	0.00698	0.83577	0.01727	0.02315	0.00882	0.00882	0.00625	0.00441	0.00367	0.00110	0.00404	0.00331	0.00367	0.00625
40	0.00570	0.00413	0.00562	0.00626	0.00715	0.00405	0.00538	0.00733	0.00866	0.01131	0.11251	0.03936	0.09372	0.00978	0.00493	0.00159	0.00307	0.66263	0.00346	0.00337
41	0.00548	0.00397	0.00511	0.00474	0.00568	0.00372	0.00358	0.03382	0.01062	0.01500	0.81891	0.02683	0.03373	0.00741	0.00431	0.00115	0.00181	0.00653	0.00403	0.00356
42	0.89687	0.00710	0.00540	0.00483	0.00710	0.00824	0.00398	0.01080	0.00625	0.01648	0.00511	0.00597	0.00398	0.00341	0.00227	0.00114	0.00284	0.00199	0.00227	0.00398
43	0.00509	0.00368	0.00451	0.00438	0.00506	0.00342	0.00308	0.00626	0.00880	0.01207	0.50782	0.06284	0.13647	0.21159	0.00774	0.00175	0.00220	0.00664	0.00350	0.00310
44	0.03189	0.45552	0.11749	0.01016	0.12599	0.10906	0.08167	0.01160	0.00804	0.00997	0.00580	0.00700	0.00492	0.00328	0.00295	0.00094	0.00465	0.00249	0.00168	0.00490
45	0.05381	0.00351	0.00442	0.00513	0.00551	0.00340	0.00349	0.00575	0.02274	0.01002	0.04123	0.78257	0.02320	0.01083	0.00453	0.00146	0.00217	0.00976	0.00337	0.00310
46	0.00774	0.03561	0.06536	0.01620	0.02369	0.00572	0.01657	0.00979	0.02843	0.01189	0.00671	0.00780	0.00551	0.00287	0.00283	0.00064	0.00305	0.00232	0.00214	0.74514
47	0.00855	0.02811	0.05724	0.02477	0.04353	0.01978	0.63717	0.01171	0.03561	0.01185	0.03084	0.01014	0.00649	0.00330	0.00410	0.00118	0.00562	0.00408	0.00197	0.05398

[dist]
# distance from previous block
# <min> <max>
0	1

[block]
# block no. 7 follows, 75 sequences, length 63
# corresponding to MSA columns:
# 297-314,350-394
name=unknown_H
#
# <colnr> <probs for GDERKNQSTAVLIFYWHMCP>
#	G	D	E	R	K	N	Q	S	T	A	V	L	I	F	Y	W	H	M	C	P
0	0.01563	0.00605	0.00824	0.00641	0.00908	0.00524	0.00525	0.01704	0.01042	0.78870	0.05501	0.03487	0.01072	0.00487	0.00375	0.00115	0.00303	0.00401	0.00449	0.00603
1	0.05323	0.00744	0.00910	0.00701	0.00985	0.00723	0.00579	0.25123	0.01226	0.57870	0.01247	0.01117	0.00806	0.00446	0.00363	0.00113	0.00337	0.00351	0.00420	0.00615
2	0.89687	0.00710	0.00540	0.00483	0.00710	0.00824	0.00398	0.01080	0.00625	0.01648	0.00511	0.00597	0.00398	0.00341	0.00227	0.00114	0.00284	0.00199	0.00227	0.00398
3	0.00531	0.00356	0.00408	0.00410	0.00413	0.00358	0.00234	0.00538	0.00541	0.00723	0.01175	0.04707	0.01352	0.81928	0.04599	0.00358	0.00373	0.00544	0.00225	0.00228
4	0.00447	0.00320	0.00426	0.00511	0.00533	0.00298	0.00341	0.00511	0.00703	0.00938	0.02024	0.86853	0.02429	0.01151	0.00469	0.00149	0.00213	0.01044	0.00341	0.00298
5	0.00549	0.00393	0.00538	0.00596	0.00670	0.00382	0.00489	0.00701	0.00867	0.01161	0.21850	0.18407	0.02495	0.00975	0.00483	0.00153	0.00276	0.48329	0.00355	0.00333
6	0.01019	0.00915	0.04520	0.01846	0.60420	0.02583	0.02917	0.07100	0.04234	0.09647	0.00809	0.00951	0.00632	0.00356	0.00365	0.00111	0.00429	0.00334	0.00229	0.00582
7	0.00904	0.00868	0.01482	0.04121	0.82972	0.00871	0.01125	0.01123	0.00834	0.01194	0.00690	0.00911	0.00580	0.00328	0.00364	0.00109	0.00438	0.00327	0.00181	0.00578
8	0.00737	0.01900	0.85189	0.01047	0.01590	0.00853	0.01357	0.01163	0.00775	0.01163	0.00659	0.00775	0.00465	0.00349	0.00349	0.00116	0.00543	0.00271	0.00155	0.00543
9	0.00447	0.00320	0.00426	0.00511	0.00533	0.00298	0.00341	0.00511	0.00703	0.00938	0.02024	0.86853	0.02429	0.01151	0.00469	0.00149	0.00213	0.01044	0.00341	0.00298
10	0.00848	0.30494	0.47033	0.00956	0.04477	0.01056	0.04202	0.01175	0.03477	0.02186	0.00651	0.00752	0.00502	0.00341	0.00316	0.00104	0.00480	0.00260	0.00169	0.00521
11	0.00526	0.00387	0.00556	0.00556	0.00609	0.00440	0.00416	0.00634	0.00580	0.00827	0.01015	0.01618	0.00994	0.18134	0.70362	0.00548	0.00869	0.00419	0.00201	0.00309
12	0.00534	0.00356	0.00401	0.00401	0.00401	0.00356	0.00223	0.00534	0.00534	0.00712	0.01157	0.02403	0.01335	0.87092	0.01869	0.00356	0.00356	0.00534	0.00223	0.00223
13	0.13130	0.00687	0.00843	0.00655	0.00933	0.00653	0.00541	0.12070	0.01081	0.63653	0.01254	0.01118	0.00806	0.00438	0.00351	0.00113	0.00320	0.00342	0.00414	0.00595
14	0.00895	0.00855	0.01491	0.03944	0.72393	0.00853	0.07576	0.01116	0.00836	0.02211	0.00751	0.02886	0.00645	0.00356	0.00374	0.00112	0.00444	0.01508	0.00191	0.00562
15	0.01456	0.00583	0.00791	0.00621	0.00871	0.00507	0.00507	0.01603	0.01049	0.70838	0.15594	0.01504	0.01344	0.00505	0.00380	0.00114	0.00289	0.00420	0.00446	0.00578
16	0.00448	0.00322	0.00426	0.00506	0.00532	0.00300	0.00339	0.00515	0.00713	0.00949	0.03518	0.82965	0.04832	0.01137	0.00467	0.00148	0.00212	0.01030	0.00342	0.00300
17	0.00737	0.01900	0.85189	0.01047	0.01590	0.00853	0.01357	0.01163	0.00775	0.01163	0.00659	0.00775	0.00465	0.00349	0.00349	0.00116	0.00543	0.00271	0.00155	0.00543
18	0.01285	0.01451	0.04040	0.01050	0.09221	0.51982	0.00770	0.15343	0.01100	0.04166	0.00662	0.00757	0.00525	0.00402	0.00395	0.00104	0.05766	0.00272	0.00225	0.00484
19	0.00762	0.00653	0.00762	0.00544	0.00870	0.00490	0.00435	0.00925	0.00762	0.01197	0.00653	0.00762	0.00544	0.00272	0.00272	0.00054	0.00272	0.00218	0.00218	0.89338
20	0.00898	0.09185	0.29215	0.01193	0.14589	0.01900	0.14222	0.03337	0.11995	0.05822	0.03530	0.00984	0.00712	0.00377	0.00362	0.00113	0.00464	0.00338	0.00224	0.00539
21	0.00717	0.00663	0.01089	0.78470	0.03849	0.00810	0.00985	0.03440	0.00772	0.01001	0.02148	0.01001	0.00549	0.00373	0.00366	0.00120	0.00475	0.00330	0.00175	0.02665
22	0.00762	0.00653	0.00762	0.00544	0.00870	0.00490	0.00435	0.00925	0.00762	0.01197	0.00653	0.00762	0.00544	0.00272	0.00272	0.00054	0.00272	0.00218	0.00218	0.89338
23	0.00534	0.00356	0.00401	0.00401	0.00401	0.00356	0.00223	0.00534	0.00534	0.00712	0.01157	0.02403	0.01335	0.87092	0.01869	0.00356	0.00356	0.00534	0.00223	0.00223
24	0.00447	0.00320	0.00426	0.00511	0.00533	0.00298	0.00341	0.00511	0.00703	0.00938	0.02024	0.86853	0.02429	0.01151	0.00469	0.00149	0.00213	0.01044	0.00341	0.00298
25	0.01632	0.00634	0.00856	0.00658	0.00941	0.00555	0.00543	0.03101	0.02397	0.82390	0.01441	0.01246	0.00908	0.00455	0.00369	0.00114	0.00314	0.00369	0.00452	0.00624
26	0.00434	0.00372	0.00372	0.00372	0.00496	0.00310	0.00279	0.00527	0.00837	0.00992	0.03721	0.03535	0.84652	0.00930	0.00434	0.00124	0.00186	0.00775	0.00341	0.00310
27	0.00450	0.00321	0.00428	0.00510	0.00533	0.00300	0.00341	0.00517	0.00713	0.00954	0.04526	0.84305	0.02461	0.01139	0.00468	0.00148	0.00212	0.01033	0.00343	0.00300
28	0.89687	0.00710	0.00540	0.00483	0.00710	0.00824	0.00398	0.01080	0.00625	0.01648	0.00511	0.00597	0.00398	0.00341	0.00227	0.00114	0.00284	0.00199	0.00227	0.00398
29	0.89687	0.00710	0.00540	0.00483	0.00710	0.00824	0.00398	0.01080	0.00625	0.01648	0.00511	0.00597	0.00398	0.00341	0.00227	0.00114	0.00284	0.00199	0.00227	0.00398
30	0.01633	0.00649	0.00867	0.00665	0.00950	0.00576	0.00549	0.06717	0.01092	0.80071	0.01415	0.01228	0.00892	0.00454	0.00369	0.00113	0.00318	0.00367	0.00449	0.00625
31	0.00909	0.00873	0.01491	0.02254	0.84801	0.00873	0.01127	0.01127	0.00836	0.01200	0.00691	0.00909	0.00582	0.00327	0.00364	0.00109	0.00436	0.00327	0.00182	0.00582
32	0.00515	0.00375	0.00484	0.00457	0.00545	0.00344	0.00342	0.00683	0.01027	0.01443	0.79655	0.02792	0.08437	0.00762	0.00433	0.00116	0.00174	0.00671	0.00400	0.00344
33	0.01421	0.00938	0.01060	0.02740	0.02683	0.01008	0.00682	0.64004	0.01554	0.18648	0.00985	0.00957	0.00677	0.00440	0.00368	0.00111	0.00389	0.00338	0.00377	0.00619
34	0.00982	0.87313	0.01925	0.00628	0.00943	0.01453	0.00628	0.01100	0.00746	0.00864	0.00511	0.00589	0.00471	0.00314	0.00236	0.00079	0.00393	0.00196	0.00157	0.00471
35	0.00909	0.00873	0.01491	0.02254	0.84801	0.00873	0.01127	0.01127	0.00836	0.01200	0.00691	0.00909	0.00582	0.00327	0.00364	0.00109	0.00436	0.00327	0.00182	0.00582
36	0.00434	0.00372	0.00372	0.00372	0.00496	0.00310	0.00279	0.00527	0.00837	0.00992	0.03721	0.03535	0.84652	0.00930	0.00434	0.00124	0.00186	0.00775	0.00341	0.00310
37	0.00852	0.00951	0.02031	0.01566	0.09296	0.00896	0.72481	0.01143	0.00857	0.01168	0.00794	0.04700	0.00641	0.00348	0.00429	0.00124	0.00585	0.00450	0.00192	0.00495
38	0.00447	0.00320	0.00426	0.00511	0.00533	0.00298	0.00341	0.00511	0.00703	0.00938	0.02024	0.86853	0.02429	0.01151	0.00469	0.00149	0.00213	0.01044	0.00341	0.00298
39	0.00436	0.00372	0.00374	0.00374	0.00497	0.00311	0.00280	0.00530	0.00841	0.01001	0.05208	0.03520	0.83160	0.00927	0.00434	0.00124	0.00186	0.00773	0.00342	0.00311
40	0.00940	0.60058	0.23663	0.00756	0.01123	0.06120	0.00824	0.01137	0.00771	0.00944	0.00553	0.00642	0.00470	0.00327	0.00271	0.00089	0.00447	0.00218	0.00158	0.00487
41	0.01373	0.01721	0.01043	0.00942	0.01136	0.82163	0.00709	0.04825	0.01069	0.00957	0.00581	0.00671	0.00479	0.00381	0.00333	0.00095	0.00652	0.00240	0.00197	0.00434
42	0.00476	0.00340	0.00459	0.00544	0.00578	0.00323	0.00391	0.00561	0.00732	0.00970	0.02008	0.70294	0.02366	0.01123	0.00476	0.00153	0.00238	0.17317	0.00340	0.00306
43	0.00447	0.00321	0.00425	0.00508	0.00532	0.00299	0.00339	0.00512	0.00707	0.00939	0.02071	0.84570	0.04682	0.01145	0.00468	0.00148	0.00212	0.01037	0.00341	0.00299
44	0.08590	0.68910	0.03500	0.00623	0.00934	0.01298	0.00609	0.02112	0.01861	0.00991	0.00543	0.00622	0.00481	0.00318	0.00244	0.00081	0.00376	0.00204	0.00173	0.07530
45	0.00908	0.00875	0.01504	0.02241	0.83204	0.00874	0.02714	0.01128	0.00837	0.01199	0.00692	0.00911	0.00581	0.00327	0.00365	0.00109	0.00440	0.00329	0.00182	0.00580
46	0.00520	0.00375	0.00491	0.00462	0.00549	0.00347	0.00347	0.00693	0.01040	0.01473	0.84608	0.02743	0.03465	0.00751	0.00433	0.00116	0.00173	0.00664	0.00404	0.00347
47	0.01207	0.37933	0.01415	0.00812	0.01054	0.50026	0.00675	0.01311	0.00916	0.00884	0.00544	0.00631	0.00472	0.00351	0.00291	0.00088	0.00548	0.00220	0.00176	0.00445
48	0.01145	0.00849	0.00976	0.02374	0.07827	0.00922	0.00661	0.44514	0.16040	0.06702	0.01232	0.06158	0.04783	0.00519	0.00379	0.00117	0.00357	0.02452	0.01425	0.00566
49	0.00453	0.00331	0.00428	0.00503	0.00539	0.00306	0.00345	0.00525	0.00726	0.00952	0.02222	0.73081	0.12178	0.01118	0.00466	0.00147	0.00216	0.04823	0.00341	0.00302
50	0.00442	0.00372	0.00384	0.00383	0.00502	0.00313	0.00286	0.00543	0.00855	0.01037	0.11436	0.04673	0.75686	0.00916	0.00434	0.00124	0.00185	0.00768	0.00347	0.00313
51	0.00452	0.00373	0.00397	0.00391	0.00507	0.00318	0.00293	0.00563	0.00880	0.01095	0.20991	0.03366	0.67318	0.00892	0.00434	0.00122	0.00183	0.00751	0.00355	0.00318
52	0.28604	0.00482	0.00431	0.00408	0.00545	0.00524	0.00319	0.00986	0.05258	0.01466	0.00999	0.01127	0.00781	0.00404	0.00254	0.00096	0.00213	0.00301	0.56429	0.00373
53	0.89687	0.00710	0.00540	0.00483	0.00710	0.00824	0.00398	0.01080	0.00625	0.01648	0.00511	0.00597	0.00398	0.00341	0.00227	0.00114	0.00284	0.00199	0.00227	0.00398
54	0.88035	0.00709	0.00546	0.00486	0.00715	0.00819	0.00400	0.01093	0.00633	0.03212	0.00529	0.00609	0.00407	0.00343	0.00230	0.00114	0.00285	0.00202	0.00232	0.00402
55	0.00592	0.00423	0.00592	0.00676	0.00761	0.00423	0.00592	0.00761	0.00845	0.01099	0.01945	0.04143	0.02114	0.01015	0.00507	0.00169	0.00338	0.82329	0.00338	0.00338
56	0.01614	0.00663	0.00874	0.00672	0.00955	0.00598	0.00554	0.08873	0.02435	0.76561	0.01401	0.01220	0.00888	0.00454	0.00369	0.00114	0.00320	0.00367	0.00446	0.00624
57	0.00534	0.00357	0.00407	0.00407	0.00410	0.00360	0.00231	0.00539	0.00536	0.00717	0.01151	0.02369	0.01320	0.84032	0.04910	0.00365	0.00379	0.00529	0.00222	0.00226
58	0.00914	0.00789	0.00830	0.00747	0.00955	0.00914	0.00581	0.01952	0.84138	0.01536	0.01495	0.01370	0.01121	0.00498	0.00374	0.00125	0.00291	0.00415	0.00374	0.00581
