[name]
unknown

[dist]
# distance from previous block
# <min> <max>
0	20

[block]
# block no. 0 follows, 65 sequences, length 9
# corresponding to MSA columns:
# 20-28
name=unknown_A
#
# <colnr> <probs for GDERKNQSTAVLIFYWHMCP>
#	G	D	E	R	K	N	Q	S	T	A	V	L	I	F	Y	W	H	M	C	P
0	0.04929	0.00801	0.00910	0.00758	0.04192	0.02802	0.00583	0.12848	0.03415	0.04306	0.05174	0.01319	0.00954	0.00448	0.00360	0.00095	0.00347	0.06658	0.00301	0.48801
1	0.01218	0.00863	0.01285	0.09936	0.11862	0.00884	0.12816	0.10821	0.15894	0.21966	0.03844	0.01406	0.04300	0.00495	0.00428	0.00131	0.00436	0.00445	0.00356	0.00612
2	0.00768	0.00605	0.02858	0.00685	0.00860	0.00532	0.04469	0.03879	0.07572	0.07028	0.01888	0.42146	0.07978	0.00882	0.00456	0.00137	0.00302	0.00787	0.00356	0.15813
3	0.00765	0.00383	0.00383	0.00383	0.00478	0.00383	0.00287	0.00956	0.00861	0.01530	0.01339	0.01530	0.01052	0.00478	0.00287	0.00096	0.00191	0.00383	0.87853	0.00383
4	0.01160	0.05053	0.24039	0.00897	0.01248	0.00771	0.07371	0.05328	0.01034	0.27969	0.09928	0.04068	0.01195	0.05428	0.02535	0.00157	0.00459	0.00447	0.00338	0.00575
5	0.00715	0.00604	0.00709	0.10229	0.03484	0.06688	0.00549	0.03077	0.00895	0.03721	0.05478	0.39822	0.14805	0.03328	0.00557	0.00156	0.03624	0.00825	0.00337	0.00396
6	0.00765	0.00383	0.00383	0.00383	0.00478	0.00383	0.00287	0.00956	0.00861	0.01530	0.01339	0.01530	0.01052	0.00478	0.00287	0.00096	0.00191	0.00383	0.87853	0.00383
7	0.06970	0.01115	0.04923	0.02901	0.21132	0.13209	0.10257	0.04784	0.00931	0.03344	0.00792	0.03369	0.00684	0.00492	0.00591	0.00134	0.17592	0.01848	0.00229	0.04703
8	0.03629	0.04613	0.05335	0.03607	0.06490	0.07007	0.02902	0.19402	0.20515	0.09232	0.02671	0.01256	0.00924	0.00488	0.00394	0.00124	0.00422	0.02058	0.05248	0.03684

[dist]
# distance from previous block
# <min> <max>
0	11

[block]
# block no. 1 follows, 65 sequences, length 32
# corresponding to MSA columns:
# 40-71
name=unknown_B
#
# <colnr> <probs for GDERKNQSTAVLIFYWHMCP>
#	G	D	E	R	K	N	Q	S	T	A	V	L	I	F	Y	W	H	M	C	P
0	0.00849	0.00805	0.01365	0.59327	0.27509	0.00931	0.01177	0.01114	0.00856	0.01139	0.00743	0.01070	0.00579	0.00397	0.00409	0.00132	0.00529	0.00365	0.00189	0.00516
1	0.01795	0.00700	0.00948	0.00725	0.01044	0.00601	0.00598	0.01955	0.01160	0.79458	0.01578	0.01372	0.00997	0.00498	0.00408	0.00124	0.00347	0.00405	0.00496	0.04792
2	0.00680	0.00538	0.00758	0.00736	0.03928	0.02182	0.07846	0.00849	0.02305	0.05131	0.25027	0.27845	0.16458	0.00926	0.00489	0.00144	0.00292	0.03074	0.00381	0.00410
3	0.00516	0.00407	0.00468	0.00494	0.00596	0.00359	0.00367	0.00631	0.00930	0.01175	0.13972	0.23426	0.46595	0.01080	0.00501	0.00148	0.00227	0.07366	0.00390	0.00351
4	0.00825	0.00748	0.01181	0.17279	0.38536	0.00771	0.00927	0.03670	0.00945	0.01281	0.06926	0.10917	0.13065	0.00610	0.00437	0.00133	0.00410	0.00553	0.00268	0.00518
5	0.00775	0.00730	0.01231	0.84587	0.02827	0.00912	0.01140	0.01049	0.00821	0.01049	0.00730	0.01094	0.00547	0.00410	0.00410	0.00137	0.00547	0.00365	0.00182	0.00456
6	0.00887	0.00728	0.00863	0.02446	0.01016	0.00557	0.00505	0.01071	0.00863	0.04457	0.00764	0.00877	0.00622	0.00314	0.00310	0.00065	0.00311	0.00252	0.00252	0.82837
7	0.01016	0.00975	0.01666	0.02520	0.83013	0.00975	0.01260	0.01260	0.00935	0.01341	0.00772	0.01016	0.00650	0.00366	0.00406	0.00122	0.00488	0.00366	0.00203	0.00650
8	0.01333	0.03611	0.01101	0.00967	0.01189	0.51290	0.00738	0.01829	0.31114	0.01267	0.01016	0.01031	0.00796	0.00471	0.00385	0.00118	0.00579	0.00337	0.00287	0.00541
9	0.24272	0.03966	0.00919	0.07414	0.01029	0.00912	0.00653	0.02429	0.00752	0.04470	0.01019	0.20692	0.01046	0.00711	0.00693	0.00153	0.27660	0.00510	0.00264	0.00438
10	0.01069	0.04302	0.06382	0.01397	0.01736	0.01037	0.47862	0.04797	0.00972	0.10276	0.00899	0.01161	0.00691	0.00447	0.00589	0.00141	0.13017	0.02421	0.00246	0.00558
11	0.01003	0.00918	0.01609	0.15948	0.49127	0.00937	0.12104	0.01254	0.00924	0.06148	0.00847	0.02694	0.00688	0.00402	0.00436	0.00128	0.02089	0.00398	0.00222	0.02124
12	0.00509	0.00389	0.00467	0.00505	0.00583	0.00348	0.00357	0.00613	0.00906	0.01174	0.16893	0.41303	0.32239	0.01119	0.00503	0.00150	0.00219	0.00983	0.00393	0.00348
13	0.00765	0.00383	0.00383	0.00383	0.00478	0.00383	0.00287	0.00956	0.00861	0.01530	0.01339	0.01530	0.01052	0.00478	0.00287	0.00096	0.00191	0.00383	0.87853	0.00383
14	0.01023	0.00903	0.01521	0.13294	0.61618	0.00917	0.02614	0.01261	0.00938	0.07328	0.00959	0.01168	0.03798	0.00408	0.00412	0.00125	0.00478	0.00390	0.00230	0.00614
15	0.04078	0.07747	0.30825	0.00967	0.03130	0.02532	0.06465	0.02273	0.03752	0.07514	0.02002	0.08136	0.00839	0.00471	0.00395	0.00118	0.01591	0.00391	0.00251	0.16524
16	0.00765	0.00383	0.00383	0.00383	0.00478	0.00383	0.00287	0.00956	0.00861	0.01530	0.01339	0.01530	0.01052	0.00478	0.00287	0.00096	0.00191	0.00383	0.87853	0.00383
17	0.00597	0.00398	0.00448	0.00448	0.00448	0.00398	0.00249	0.00597	0.00597	0.00796	0.01293	0.02686	0.01492	0.85574	0.02089	0.00398	0.00398	0.00597	0.00249	0.00249
18	0.00546	0.00405	0.00482	0.00498	0.00562	0.00393	0.00343	0.00624	0.00754	0.00982	0.02336	0.16283	0.27782	0.26969	0.17265	0.00322	0.00444	0.00742	0.01950	0.00319
19	0.01033	0.05621	0.06917	0.04384	0.03395	0.06690	0.07111	0.09140	0.08643	0.08856	0.02489	0.06729	0.00959	0.02309	0.12075	0.01287	0.11117	0.00442	0.00284	0.00520
20	0.00592	0.00437	0.00531	0.00506	0.00621	0.00400	0.00380	0.00789	0.03769	0.03090	0.54752	0.06160	0.24663	0.00893	0.00482	0.00133	0.00206	0.00775	0.00431	0.00389
21	0.00597	0.00398	0.00448	0.00448	0.00448	0.00398	0.00249	0.00597	0.00597	0.00796	0.01293	0.02686	0.01492	0.85574	0.02089	0.00398	0.00398	0.00597	0.00249	0.00249
22	0.00823	0.02123	0.83447	0.01170	0.01777	0.00953	0.01517	0.01300	0.00867	0.01300	0.00737	0.00867	0.00520	0.00390	0.00390	0.00130	0.00607	0.00303	0.00173	0.00607
23	0.01092	0.16004	0.06703	0.00831	0.01118	0.01104	0.00719	0.04568	0.54449	0.06890	0.01387	0.01305	0.01041	0.00504	0.00388	0.00128	0.00370	0.00404	0.00364	0.00630
24	0.00823	0.02123	0.83447	0.01170	0.01777	0.00953	0.01517	0.01300	0.00867	0.01300	0.00737	0.00867	0.00520	0.00390	0.00390	0.00130	0.00607	0.00303	0.00173	0.00607
25	0.00559	0.00447	0.00503	0.00484	0.00611	0.00406	0.00364	0.00766	0.06171	0.01369	0.36437	0.03433	0.45114	0.00926	0.00480	0.00135	0.00209	0.00790	0.00413	0.00383
26	0.00968	0.00883	0.01235	0.01052	0.01075	0.01209	0.00876	0.01062	0.00669	0.07050	0.00618	0.00935	0.00574	0.00703	0.01278	0.00176	0.78602	0.00363	0.00204	0.00467
27	0.01164	0.01543	0.16756	0.01124	0.01360	0.32826	0.06916	0.01354	0.00921	0.03798	0.00670	0.00864	0.00553	0.00509	0.00698	0.00137	0.27775	0.00323	0.00204	0.00505
28	0.01000	0.00860	0.00910	0.00820	0.01046	0.00991	0.00637	0.02115	0.78472	0.01714	0.05471	0.01603	0.01376	0.00570	0.00421	0.00139	0.00319	0.00477	0.00419	0.00637
29	0.00489	0.00416	0.00422	0.00420	0.00557	0.00348	0.00315	0.00597	0.00946	0.01132	0.07610	0.03912	0.79381	0.01031	0.00485	0.00138	0.00207	0.00861	0.00384	0.00348
30	0.00741	0.00657	0.04354	0.00689	0.00859	0.00621	0.03503	0.02801	0.23615	0.02618	0.26776	0.15339	0.13041	0.00811	0.00467	0.00140	0.00285	0.01811	0.00400	0.00473
31	0.06318	0.08374	0.12682	0.02066	0.02547	0.04548	0.03506	0.34820	0.10525	0.09119	0.00999	0.01017	0.00723	0.00458	0.00388	0.00123	0.00463	0.00353	0.00337	0.00633

[dist]
# distance from previous block
# <min> <max>
0	40

[block]
# block no. 2 follows, 65 sequences, length 80
# corresponding to MSA columns:
# 112-115,117-192
name=unknown_C
#
# <colnr> <probs for GDERKNQSTAVLIFYWHMCP>
#	G	D	E	R	K	N	Q	S	T	A	V	L	I	F	Y	W	H	M	C	P
0	0.03216	0.01281	0.02887	0.04356	0.04983	0.28633	0.00776	0.17279	0.14051	0.16855	0.01061	0.01063	0.00771	0.00469	0.00395	0.00121	0.00515	0.00353	0.00337	0.00597
1	0.10547	0.03306	0.02352	0.04029	0.29615	0.21369	0.05364	0.08424	0.01057	0.05918	0.00804	0.00997	0.00647	0.00422	0.00401	0.00122	0.01862	0.01950	0.00247	0.00569
2	0.00508	0.00367	0.00482	0.00568	0.00603	0.00341	0.00388	0.00589	0.00811	0.01075	0.04585	0.75130	0.07472	0.01253	0.00522	0.00165	0.00241	0.04180	0.00383	0.00337
3	0.00597	0.00398	0.00448	0.00448	0.00448	0.00398	0.00249	0.00597	0.00597	0.00796	0.01293	0.02686	0.01492	0.85574	0.02089	0.00398	0.00398	0.00597	0.00249	0.00249
4	0.00901	0.00849	0.04282	0.08226	0.14972	0.00884	0.11774	0.08524	0.05349	0.02411	0.04351	0.02740	0.00945	0.05492	0.16240	0.00250	0.10609	0.00440	0.00252	0.00510
5	0.00851	0.00743	0.01102	0.41264	0.06654	0.00756	0.01892	0.01081	0.00849	0.03617	0.00766	0.01010	0.00600	0.00411	0.01740	0.00114	0.00451	0.00320	0.00219	0.35559
6	0.88473	0.00794	0.00603	0.00540	0.00794	0.00921	0.00445	0.01207	0.00699	0.01842	0.00572	0.00667	0.00445	0.00381	0.00254	0.00127	0.00318	0.00222	0.00254	0.00445
7	0.00904	0.21141	0.61711	0.01070	0.01609	0.01114	0.02847	0.02923	0.00883	0.01250	0.00706	0.00826	0.00527	0.00382	0.00363	0.00120	0.00567	0.00289	0.00179	0.00589
8	0.00871	0.00821	0.01373	0.54394	0.29790	0.00940	0.01167	0.02264	0.02215	0.01180	0.00763	0.01074	0.00596	0.00399	0.00409	0.00132	0.00522	0.00367	0.00196	0.00528
9	0.00556	0.00419	0.00514	0.00490	0.00598	0.00377	0.00368	0.00726	0.01103	0.01507	0.62366	0.03296	0.24391	0.00891	0.00484	0.00132	0.00197	0.00775	0.00434	0.00377
10	0.06982	0.00704	0.00932	0.00719	0.01033	0.00622	0.00594	0.01953	0.01147	0.78464	0.01557	0.01354	0.00982	0.00501	0.00403	0.00127	0.00347	0.00401	0.00493	0.00684
11	0.00501	0.00416	0.00438	0.00433	0.00564	0.00353	0.00325	0.00620	0.00974	0.01199	0.17421	0.03801	0.69528	0.01006	0.00485	0.00137	0.00206	0.00845	0.00393	0.00353
12	0.82577	0.00787	0.00627	0.00553	0.00811	0.00899	0.00455	0.01261	0.00731	0.07386	0.00643	0.00717	0.00483	0.00390	0.00265	0.00127	0.00320	0.00235	0.00271	0.00462
13	0.01842	0.00699	0.00953	0.00730	0.01048	0.00603	0.00603	0.02000	0.01175	0.83298	0.01619	0.01397	0.01016	0.00508	0.00413	0.00127	0.00349	0.00413	0.00508	0.00699
14	0.01560	0.01150	0.01232	0.00944	0.01273	0.01273	0.00780	0.81645	0.01930	0.02587	0.00986	0.00986	0.00698	0.00493	0.00411	0.00123	0.00452	0.00370	0.00411	0.00698
15	0.88473	0.00794	0.00603	0.00540	0.00794	0.00921	0.00445	0.01207	0.00699	0.01842	0.00572	0.00667	0.00445	0.00381	0.00254	0.00127	0.00318	0.00222	0.00254	0.00445
16	0.88473	0.00794	0.00603	0.00540	0.00794	0.00921	0.00445	0.01207	0.00699	0.01842	0.00572	0.00667	0.00445	0.00381	0.00254	0.00127	0.00318	0.00222	0.00254	0.00445
17	0.01016	0.00975	0.01666	0.02520	0.83013	0.00975	0.01260	0.01260	0.00935	0.01341	0.00772	0.01016	0.00650	0.00366	0.00406	0.00122	0.00488	0.00366	0.00203	0.00650
18	0.01097	0.85821	0.02151	0.00702	0.01054	0.01624	0.00702	0.01229	0.00834	0.00966	0.00571	0.00658	0.00527	0.00351	0.00263	0.00088	0.00439	0.00219	0.00176	0.00527
19	0.01560	0.01150	0.01232	0.00944	0.01273	0.01273	0.00780	0.81645	0.01930	0.02587	0.00986	0.00986	0.00698	0.00493	0.00411	0.00123	0.00452	0.00370	0.00411	0.00698
20	0.01021	0.00882	0.00928	0.00835	0.01067	0.01021	0.00650	0.02181	0.82272	0.01717	0.01671	0.01532	0.01253	0.00557	0.00418	0.00139	0.00325	0.00464	0.00418	0.00650
21	0.00581	0.00420	0.00549	0.00516	0.00613	0.00387	0.00387	0.00775	0.01162	0.01646	0.82797	0.03066	0.03873	0.00839	0.00484	0.00129	0.00194	0.00742	0.00452	0.00387
22	0.00500	0.00357	0.00476	0.00572	0.00595	0.00333	0.00381	0.00572	0.00786	0.01048	0.02262	0.85306	0.02715	0.01286	0.00524	0.00167	0.00238	0.01167	0.00381	0.00333
23	0.01842	0.00699	0.00953	0.00730	0.01048	0.00603	0.00603	0.02000	0.01175	0.83298	0.01619	0.01397	0.01016	0.00508	0.00413	0.00127	0.00349	0.00413	0.00508	0.00699
24	0.01111	0.00863	0.01051	0.00880	0.01050	0.01020	0.00718	0.36081	0.01223	0.03261	0.00968	0.04175	0.00824	0.01216	0.21290	0.00271	0.21350	0.00414	0.01695	0.00537
25	0.00569	0.00420	0.00527	0.00512	0.00614	0.00383	0.00388	0.00744	0.01095	0.01510	0.60973	0.05545	0.17571	0.00897	0.00487	0.00135	0.00208	0.05233	0.01812	0.00378
26	0.00545	0.00392	0.00527	0.00615	0.00663	0.00373	0.00455	0.00653	0.00844	0.01116	0.04674	0.58945	0.04857	0.01225	0.00533	0.00171	0.00274	0.22409	0.00382	0.00347
27	0.01028	0.00969	0.01577	0.02303	0.72373	0.00987	0.01183	0.03092	0.09769	0.01409	0.00874	0.01071	0.00717	0.00389	0.00408	0.00124	0.00469	0.00376	0.00231	0.00651
28	0.00849	0.01987	0.00796	0.00738	0.00904	0.00797	0.00559	0.01617	0.52338	0.01496	0.06107	0.22270	0.01756	0.02787	0.01949	0.00160	0.00314	0.01637	0.00399	0.00538
29	0.00500	0.00357	0.00476	0.00572	0.00595	0.00333	0.00381	0.00572	0.00786	0.01048	0.02262	0.85306	0.02715	0.01286	0.00524	0.00167	0.00238	0.01167	0.00381	0.00333
30	0.01533	0.01956	0.01163	0.01058	0.01269	0.83926	0.00793	0.01639	0.01163	0.01005	0.00635	0.00740	0.00529	0.00423	0.00370	0.00106	0.00740	0.00264	0.00212	0.00476
31	0.00910	0.17129	0.61205	0.01143	0.05005	0.01078	0.02962	0.02681	0.00888	0.02365	0.00726	0.00849	0.00538	0.00384	0.00370	0.00122	0.00567	0.00297	0.00184	0.00596
32	0.00792	0.00747	0.01262	0.78715	0.08565	0.00917	0.01149	0.01064	0.00829	0.01070	0.00733	0.01089	0.00555	0.00407	0.00410	0.00136	0.00543	0.00365	0.00184	0.00470
33	0.00668	0.00560	0.00838	0.00777	0.00841	0.00690	0.02992	0.00802	0.00660	0.00966	0.00974	0.01477	0.00922	0.05445	0.60104	0.00528	0.19729	0.00429	0.00212	0.00386
34	0.02367	0.39668	0.02641	0.00935	0.03229	0.27254	0.04628	0.04630	0.01005	0.06489	0.00695	0.00786	0.00573	0.00402	0.00362	0.00105	0.03205	0.00274	0.00221	0.00531
35	0.00595	0.00434	0.00651	0.00651	0.00720	0.00503	0.00503	0.00720	0.00651	0.00937	0.01074	0.01589	0.01006	0.02970	0.78537	0.06402	0.01051	0.00434	0.00217	0.00354
36	0.82503	0.03876	0.01805	0.02107	0.00854	0.00946	0.00481	0.01206	0.00708	0.01788	0.00577	0.00677	0.00450	0.00381	0.00259	0.00126	0.00330	0.00226	0.00249	0.00450
37	0.00504	0.00372	0.00472	0.00541	0.00590	0.00340	0.00370	0.00591	0.00841	0.01106	0.08976	0.64969	0.16410	0.01209	0.00514	0.00159	0.00229	0.01082	0.00387	0.00340
38	0.01037	0.37989	0.31009	0.00976	0.02387	0.11310	0.04221	0.01325	0.03064	0.01130	0.00725	0.00830	0.01595	0.00388	0.00339	0.00109	0.00540	0.00282	0.00190	0.00553
39	0.00501	0.00369	0.00464	0.00539	0.00582	0.00338	0.00363	0.00576	0.00805	0.01049	0.02566	0.67375	0.17112	0.04573	0.00579	0.00171	0.00239	0.01090	0.00376	0.00332
40	0.00609	0.00440	0.00559	0.00536	0.00624	0.00439	0.00399	0.00792	0.03210	0.01394	0.46821	0.02719	0.08128	0.10718	0.12125	0.00233	0.02071	0.01768	0.06041	0.00374
41	0.00500	0.00357	0.00476	0.00572	0.00595	0.00333	0.00381	0.00572	0.00786	0.01048	0.02262	0.85306	0.02715	0.01286	0.00524	0.00167	0.00238	0.01167	0.00381	0.00333
42	0.00500	0.00359	0.00475	0.00567	0.00594	0.00334	0.00379	0.00572	0.00790	0.01050	0.02319	0.82886	0.05098	0.01279	0.00523	0.00166	0.00237	0.01158	0.00381	0.00334
43	0.01560	0.01150	0.01232	0.00944	0.01273	0.01273	0.00780	0.81645	0.01930	0.02587	0.00986	0.00986	0.00698	0.00493	0.00411	0.00123	0.00452	0.00370	0.00411	0.00698
44	0.00501	0.00416	0.00438	0.00433	0.00564	0.00353	0.00325	0.00620	0.00974	0.01199	0.17384	0.03802	0.69565	0.01006	0.00485	0.00137	0.00206	0.00845	0.00393	0.00353
45	0.01097	0.85821	0.02151	0.00702	0.01054	0.01624	0.00702	0.01229	0.00834	0.00966	0.00571	0.00658	0.00527	0.00351	0.00263	0.00088	0.00439	0.00219	0.00176	0.00527
46	0.00823	0.02123	0.83447	0.01170	0.01777	0.00953	0.01517	0.01300	0.00867	0.01300	0.00737	0.00867	0.00520	0.00390	0.00390	0.00130	0.00607	0.00303	0.00173	0.00607
47	0.88473	0.00794	0.00603	0.00540	0.00794	0.00921	0.00445	0.01207	0.00699	0.01842	0.00572	0.00667	0.00445	0.00381	0.00254	0.00127	0.00318	0.00222	0.00254	0.00445
48	0.00485	0.00416	0.00416	0.00416	0.00554	0.00347	0.00312	0.00589	0.00936	0.01109	0.04158	0.03950	0.82847	0.01040	0.00485	0.00139	0.00208	0.00866	0.00381	0.00347
49	0.00939	0.00835	0.01237	0.04024	0.36823	0.00870	0.03281	0.06573	0.16630	0.01531	0.16918	0.01637	0.03686	0.00536	0.00444	0.00130	0.01577	0.01436	0.00312	0.00579
50	0.88473	0.00794	0.00603	0.00540	0.00794	0.00921	0.00445	0.01207	0.00699	0.01842	0.00572	0.00667	0.00445	0.00381	0.00254	0.00127	0.00318	0.00222	0.00254	0.00445
51	0.00586	0.00440	0.00660	0.00660	0.00733	0.00513	0.00513	0.00733	0.00660	0.00953	0.01100	0.01613	0.01026	0.03079	0.83947	0.00660	0.01100	0.00440	0.00220	0.00367
52	0.00775	0.00730	0.01231	0.84587	0.02827	0.00912	0.01140	0.01049	0.00821	0.01049	0.00730	0.01094	0.00547	0.00410	0.00410	0.00137	0.00547	0.00365	0.00182	0.00456
53	0.01097	0.85821	0.02151	0.00702	0.01054	0.01624	0.00702	0.01229	0.00834	0.00966	0.00571	0.00658	0.00527	0.00351	0.00263	0.00088	0.00439	0.00219	0.00176	0.00527
54	0.01108	0.75840	0.02035	0.00734	0.01055	0.01558	0.00715	0.01237	0.00830	0.03921	0.00606	0.00705	0.00545	0.00387	0.00357	0.00097	0.07320	0.00238	0.00188	0.00527
55	0.01560	0.01150	0.01232	0.00944	0.01273	0.01273	0.00780	0.81645	0.01930	0.02587	0.00986	0.00986	0.00698	0.00493	0.00411	0.00123	0.00452	0.00370	0.00411	0.00698
56	0.00500	0.00357	0.00476	0.00572	0.00595	0.00333	0.00381	0.00572	0.00786	0.01048	0.02262	0.85306	0.02715	0.01286	0.00524	0.00167	0.00238	0.01167	0.00381	0.00333
57	0.01138	0.07199	0.54049	0.01011	0.01517	0.00895	0.01197	0.01500	0.00954	0.25197	0.00983	0.01008	0.00665	0.00422	0.00388	0.00126	0.00521	0.00330	0.00271	0.00628
58	0.01075	0.00870	0.00930	0.00828	0.01066	0.00994	0.00647	0.02169	0.76943	0.07078	0.01667	0.01523	0.01237	0.00554	0.00417	0.00138	0.00326	0.00461	0.00424	0.00653
59	0.00581	0.00420	0.00549	0.00516	0.00613	0.00387	0.00387	0.00775	0.01162	0.01646	0.82797	0.03066	0.03873	0.00839	0.00484	0.00129	0.00194	0.00742	0.00452	0.00387
60	0.01005	0.00965	0.01656	0.02453	0.78865	0.00963	0.03120	0.01250	0.00936	0.01337	0.00812	0.01117	0.00697	0.00386	0.00413	0.00124	0.00489	0.02564	0.00208	0.00640
61	0.00798	0.00764	0.01256	0.75522	0.02675	0.02340	0.04472	0.01094	0.03243	0.01079	0.00791	0.02780	0.00614	0.00430	0.00415	0.00137	0.00544	0.00387	0.00195	0.00464
62	0.01515	0.01925	0.01166	0.01058	0.01263	0.81474	0.00796	0.01620	0.01147	0.01004	0.00632	0.00745	0.00529	0.00432	0.00399	0.00108	0.03234	0.00267	0.00211	0.00475
63	0.01395	0.00928	0.01669	0.01259	0.04058	0.00864	0.37764	0.07599	0.01129	0.37177	0.01184	0.01222	0.00801	0.00428	0.00445	0.00132	0.00518	0.00441	0.00354	0.00631
64	0.00903	0.00945	0.11832	0.01207	0.12475	0.00765	0.20671	0.04265	0.03255	0.07572	0.20587	0.01883	0.09637	0.00573	0.00453	0.00132	0.00438	0.01560	0.00316	0.00531
65	0.00953	0.01217	0.11135	0.01670	0.02106	0.01029	0.72919	0.01313	0.00958	0.01313	0.00820	0.01081	0.00612	0.00351	0.00474	0.00138	0.00683	0.00465	0.00204	0.00559
66	0.00583	0.00437	0.00653	0.00657	0.00728	0.00507	0.00508	0.00727	0.00664	0.00956	0.01141	0.04630	0.01087	0.03014	0.80940	0.00642	0.01068	0.00466	0.00226	0.00365
67	0.21048	0.31338	0.13139	0.00927	0.03654	0.09769	0.08094	0.05505	0.00914	0.01345	0.00652	0.00767	0.00529	0.00378	0.00322	0.00112	0.00491	0.00273	0.00213	0.00529
68	0.00578	0.00414	0.00565	0.00659	0.00719	0.00401	0.00516	0.00707	0.00865	0.01136	0.02250	0.44859	0.03824	0.01208	0.00544	0.00177	0.00306	0.39537	0.00380	0.00355
69	0.00868	0.00819	0.06207	0.00647	0.01026	0.00575	0.00555	0.01069	0.00858	0.02850	0.00746	0.00862	0.00610	0.00313	0.00312	0.00067	0.00324	0.00250	0.00244	0.80799
70	0.00505	0.00361	0.00482	0.00577	0.00603	0.00338	0.00389	0.00580	0.00791	0.01053	0.02260	0.82906	0.02704	0.01281	0.00525	0.00167	0.00242	0.03519	0.00381	0.00335
71	0.00932	0.01373	0.31360	0.01886	0.46167	0.00951	0.02645	0.01295	0.04047	0.01345	0.02486	0.01074	0.00714	0.00402	0.00406	0.00127	0.00521	0.01437	0.00208	0.00624
72	0.00496	0.00416	0.00430	0.00427	0.00561	0.00351	0.00320	0.00609	0.00960	0.01168	0.12785	0.03853	0.74184	0.01018	0.00485	0.00138	0.00206	0.00853	0.00389	0.00351
73	0.00552	0.00401	0.00511	0.00518	0.00592	0.00370	0.00370	0.00692	0.01003	0.01381	0.48845	0.25354	0.10060	0.06737	0.00604	0.00158	0.00221	0.00858	0.00413	0.00360
74	0.30148	0.01033	0.01025	0.00811	0.01115	0.01157	0.00670	0.55187	0.01525	0.02342	0.00849	0.00881	0.00615	0.00456	0.00359	0.00124	0.00408	0.00321	0.00359	0.00615
75	0.00587	0.00436	0.00642	0.00642	0.00709	0.00503	0.00491	0.00722	0.00654	0.00940	0.01116	0.01702	0.01065	0.09977	0.77102	0.00638	0.01041	0.00453	0.00222	0.00357
76	0.06982	0.31211	0.06278	0.05692	0.21860	0.05462	0.03272	0.05497	0.00951	0.07071	0.00746	0.00874	0.00600	0.00389	0.00358	0.00112	0.01548	0.00302	0.00227	0.00571
77	0.00899	0.23732	0.59973	0.01051	0.01583	0.01129	0.02352	0.01297	0.02220	0.01221	0.00711	0.00827	0.00535	0.00382	0.00359	0.00119	0.00560	0.00287	0.00178	0.00586
78	0.00500	0.00357	0.00476	0.00572	0.00595	0.00333	0.00381	0.00572	0.00786	0.01048	0.02262	0.85306	0.02715	0.01286	0.00524	0.00167	0.00238	0.01167	0.00381	0.00333
79	0.00587	0.00439	0.00656	0.00656	0.00728	0.00511	0.00509	0.00731	0.00659	0.00950	0.01103	0.01630	0.01034	0.04425	0.82611	0.00655	0.01088	0.00442	0.00220	0.00365

[dist]
# distance from previous block
# <min> <max>
0	1

[block]
# block no. 3 follows, 65 sequences, length 76
# corresponding to MSA columns:
# 194-269
name=unknown_D
#
# <colnr> <probs for GDERKNQSTAVLIFYWHMCP>
#	G	D	E	R	K	N	Q	S	T	A	V	L	I	F	Y	W	H	M	C	P
0	0.63753	0.11498	0.00884	0.00643	0.00902	0.14290	0.00532	0.01279	0.00790	0.01599	0.00582	0.00678	0.00468	0.00384	0.00274	0.00119	0.00400	0.00229	0.00238	0.00460
1	0.00713	0.00357	0.00535	0.00535	0.00535	0.00357	0.00357	0.00535	0.00535	0.00713	0.00713	0.01248	0.00713	0.01426	0.01604	0.88057	0.00357	0.00357	0.00178	0.00178
2	0.01098	0.00920	0.00972	0.00851	0.01097	0.01057	0.00668	0.13515	0.70813	0.01841	0.01573	0.01454	0.01174	0.00548	0.00417	0.00137	0.00343	0.00451	0.00417	0.00657
3	0.00661	0.00472	0.00661	0.00756	0.00850	0.00472	0.00661	0.00850	0.00945	0.01228	0.02173	0.04630	0.02362	0.01134	0.00567	0.00189	0.00378	0.80250	0.00378	0.00378
4	0.01097	0.85821	0.02151	0.00702	0.01054	0.01624	0.00702	0.01229	0.00834	0.00966	0.00571	0.00658	0.00527	0.00351	0.00263	0.00088	0.00439	0.00219	0.00176	0.00527
5	0.01029	0.06735	0.25329	0.04287	0.11138	0.03388	0.31180	0.03694	0.00970	0.07081	0.00831	0.01005	0.00615	0.00381	0.00421	0.00129	0.00593	0.00383	0.00222	0.00587
6	0.00538	0.00418	0.00490	0.00472	0.00587	0.00369	0.00354	0.00692	0.01062	0.01408	0.47938	0.03458	0.38881	0.00928	0.00485	0.00133	0.00200	0.00797	0.00421	0.00369
7	0.00581	0.00420	0.00549	0.00516	0.00613	0.00387	0.00387	0.00775	0.01162	0.01646	0.82797	0.03066	0.03873	0.00839	0.00484	0.00129	0.00194	0.00742	0.00452	0.00387
8	0.04686	0.03001	0.29130	0.02546	0.04704	0.02124	0.02151	0.18835	0.01189	0.26056	0.01045	0.01051	0.00711	0.00446	0.00396	0.00126	0.00479	0.00351	0.00330	0.00642
9	0.00941	0.00995	0.10946	0.03394	0.01337	0.03991	0.21232	0.05113	0.18870	0.02511	0.07430	0.01430	0.02335	0.00485	0.00410	0.00127	0.00442	0.00447	0.17031	0.00535
10	0.00916	0.00509	0.00624	0.00548	0.00727	0.00450	0.00428	0.01090	0.03095	0.24721	0.28643	0.02879	0.32122	0.00812	0.00463	0.00132	0.00247	0.00687	0.00441	0.00467
11	0.88473	0.00794	0.00603	0.00540	0.00794	0.00921	0.00445	0.01207	0.00699	0.01842	0.00572	0.00667	0.00445	0.00381	0.00254	0.00127	0.00318	0.00222	0.00254	0.00445
12	0.00823	0.00764	0.01206	0.15698	0.42387	0.00781	0.00946	0.01061	0.03254	0.01259	0.05280	0.01896	0.20600	0.00574	0.00432	0.00130	0.00411	0.01708	0.00262	0.00529
13	0.00944	0.00902	0.01536	0.27160	0.58938	0.00956	0.01224	0.01196	0.00900	0.01253	0.00759	0.01040	0.00619	0.00379	0.00408	0.00126	0.00506	0.00365	0.00197	0.00592
14	0.39645	0.01331	0.00928	0.00814	0.01061	0.35714	0.00638	0.12900	0.01069	0.01598	0.00657	0.00743	0.00516	0.00415	0.00325	0.00118	0.00514	0.00261	0.00259	0.00494
15	0.01541	0.01714	0.01184	0.01024	0.01270	0.59110	0.00789	0.25660	0.01393	0.01480	0.00740	0.00814	0.00580	0.00444	0.00382	0.00111	0.00654	0.00296	0.00271	0.00543
16	0.00765	0.00383	0.00383	0.00383	0.00478	0.00383	0.00287	0.00956	0.00861	0.01530	0.01339	0.01530	0.01052	0.00478	0.00287	0.00096	0.00191	0.00383	0.87853	0.00383
17	0.01021	0.00882	0.00928	0.00835	0.01067	0.01021	0.00650	0.02181	0.82272	0.01717	0.01671	0.01532	0.01253	0.00557	0.00418	0.00139	0.00325	0.00464	0.00418	0.00650
18	0.00588	0.00431	0.00614	0.00613	0.00672	0.00487	0.00456	0.00706	0.00657	0.00935	0.02844	0.01863	0.01181	0.19954	0.65414	0.00595	0.00937	0.00478	0.00231	0.00343
19	0.00765	0.00383	0.00383	0.00383	0.00478	0.00383	0.00287	0.00956	0.00861	0.01530	0.01339	0.01530	0.01052	0.00478	0.00287	0.00096	0.00191	0.00383	0.87853	0.00383
20	0.88473	0.00794	0.00603	0.00540	0.00794	0.00921	0.00445	0.01207	0.00699	0.01842	0.00572	0.00667	0.00445	0.00381	0.00254	0.00127	0.00318	0.00222	0.00254	0.00445
21	0.00576	0.00419	0.00542	0.00511	0.00610	0.00385	0.00384	0.00765	0.01151	0.01619	0.78902	0.03110	0.07784	0.00849	0.00484	0.00130	0.00194	0.00748	0.00448	0.00385
22	0.00581	0.00391	0.00452	0.00468	0.00472	0.00387	0.00270	0.00593	0.00628	0.00837	0.01453	0.16277	0.01693	0.71709	0.01832	0.00360	0.00372	0.00691	0.00270	0.00263
23	0.00775	0.00730	0.01231	0.84587	0.02827	0.00912	0.01140	0.01049	0.00821	0.01049	0.00730	0.01094	0.00547	0.00410	0.00410	0.00137	0.00547	0.00365	0.00182	0.00456
24	0.00775	0.00730	0.01231	0.84587	0.02827	0.00912	0.01140	0.01049	0.00821	0.01049	0.00730	0.01094	0.00547	0.00410	0.00410	0.00137	0.00547	0.00365	0.00182	0.00456
25	0.00969	0.01107	0.02422	0.01730	0.02145	0.01038	0.81522	0.01315	0.00969	0.01315	0.00830	0.01107	0.00623	0.00346	0.00484	0.00138	0.00692	0.00484	0.00208	0.00554
26	0.01827	0.00722	0.00967	0.00741	0.01059	0.00638	0.00612	0.06082	0.01214	0.79161	0.01587	0.01376	0.01000	0.00507	0.00413	0.00127	0.00355	0.00411	0.00503	0.00699
27	0.00500	0.00357	0.00476	0.00572	0.00595	0.00333	0.00381	0.00572	0.00786	0.01048	0.02262	0.85306	0.02715	0.01286	0.00524	0.00167	0.00238	0.01167	0.00381	0.00333
28	0.01097	0.85821	0.02151	0.00702	0.01054	0.01624	0.00702	0.01229	0.00834	0.00966	0.00571	0.00658	0.00527	0.00351	0.00263	0.00088	0.00439	0.00219	0.00176	0.00527
29	0.00781	0.00735	0.01241	0.82735	0.04637	0.00913	0.01143	0.01054	0.00823	0.01055	0.00731	0.01093	0.00550	0.00409	0.00410	0.00136	0.00546	0.00365	0.00183	0.00460
30	0.85994	0.00791	0.00613	0.00545	0.00801	0.00912	0.00449	0.01229	0.00712	0.04173	0.00602	0.00688	0.00461	0.00385	0.00259	0.00127	0.00318	0.00228	0.00261	0.00452
31	0.03977	0.00725	0.00959	0.00737	0.01053	0.00646	0.00609	0.06139	0.01202	0.77062	0.01560	0.01358	0.00985	0.00504	0.00409	0.00127	0.00354	0.00406	0.00497	0.00692
32	0.03268	0.03991	0.06795	0.01142	0.16762	0.05320	0.02144	0.05931	0.01099	0.41611	0.02720	0.03605	0.00923	0.00489	0.00425	0.00126	0.02239	0.00403	0.00372	0.00636
33	0.00877	0.00763	0.02750	0.07332	0.30107	0.00757	0.02268	0.06933	0.03111	0.02662	0.05860	0.08959	0.02744	0.00706	0.00467	0.00147	0.00418	0.22315	0.00305	0.00519
34	0.00500	0.00357	0.00476	0.00572	0.00595	0.00333	0.00381	0.00572	0.00786	0.01048	0.02262	0.85306	0.02715	0.01286	0.00524	0.00167	0.00238	0.01167	0.00381	0.00333
35	0.55061	0.09832	0.08086	0.00747	0.02848	0.06407	0.02639	0.01287	0.02536	0.04004	0.00654	0.00754	0.00511	0.00397	0.00323	0.00124	0.02803	0.00256	0.00243	0.00489
36	0.00518	0.00417	0.00461	0.00450	0.00574	0.00360	0.00337	0.00652	0.01012	0.01291	0.30868	0.03650	0.56024	0.00972	0.00485	0.00135	0.00203	0.00824	0.00405	0.00360
37	0.04976	0.23233	0.03287	0.03903	0.26442	0.12294	0.07312	0.05410	0.00955	0.01247	0.00689	0.00867	0.00579	0.00403	0.00433	0.00117	0.06771	0.00316	0.00207	0.00559
38	0.00898	0.00898	0.01257	0.01078	0.01078	0.01257	0.00898	0.00988	0.00629	0.00988	0.00539	0.00898	0.00539	0.00718	0.01347	0.00180	0.84823	0.00359	0.00180	0.00449
39	0.00550	0.00415	0.00508	0.00492	0.00596	0.00373	0.00366	0.00711	0.01077	0.01463	0.56337	0.08152	0.25617	0.00921	0.00487	0.00134	0.00200	0.00802	0.00428	0.00373
40	0.00576	0.00419	0.00542	0.00511	0.00610	0.00385	0.00383	0.00765	0.01150	0.01619	0.78782	0.03111	0.07905	0.00849	0.00484	0.00130	0.00194	0.00749	0.00448	0.00385
41	0.01021	0.00882	0.00928	0.00835	0.01067	0.01021	0.00650	0.02181	0.82272	0.01717	0.01671	0.01532	0.01253	0.00557	0.00418	0.00139	0.00325	0.00464	0.00418	0.00650
42	0.88473	0.00794	0.00603	0.00540	0.00794	0.00921	0.00445	0.01207	0.00699	0.01842	0.00572	0.00667	0.00445	0.00381	0.00254	0.00127	0.00318	0.00222	0.00254	0.00445
43	0.00898	0.00898	0.01257	0.01078	0.01078	0.01257	0.00898	0.00988	0.00629	0.00988	0.00539	0.00898	0.00539	0.00718	0.01347	0.00180	0.84823	0.00359	0.00180	0.00449
44	0.01533	0.01956	0.01163	0.01058	0.01269	0.83926	0.00793	0.01639	0.01163	0.01005	0.00635	0.00740	0.00529	0.00423	0.00370	0.00106	0.00740	0.00264	0.00212	0.00476
45	0.01842	0.00699	0.00953	0.00730	0.01048	0.00603	0.00603	0.02000	0.01175	0.83298	0.01619	0.01397	0.01016	0.00508	0.00413	0.00127	0.00349	0.00413	0.00508	0.00699
46	0.01097	0.85821	0.02151	0.00702	0.01054	0.01624	0.00702	0.01229	0.00834	0.00966	0.00571	0.00658	0.00527	0.00351	0.00263	0.00088	0.00439	0.00219	0.00176	0.00527
47	0.01097	0.85821	0.02151	0.00702	0.01054	0.01624	0.00702	0.01229	0.00834	0.00966	0.00571	0.00658	0.00527	0.00351	0.00263	0.00088	0.00439	0.00219	0.00176	0.00527
48	0.00583	0.00436	0.00553	0.00574	0.00680	0.00405	0.00462	0.00750	0.01024	0.01357	0.33844	0.05167	0.23363	0.00999	0.00514	0.00153	0.00261	0.28096	0.00407	0.00373
49	0.01842	0.00699	0.00953	0.00730	0.01048	0.00603	0.00603	0.02000	0.01175	0.83298	0.01619	0.01397	0.01016	0.00508	0.00413	0.00127	0.00349	0.00413	0.00508	0.00699
50	0.00823	0.02123	0.83447	0.01170	0.01777	0.00953	0.01517	0.01300	0.00867	0.01300	0.00737	0.00867	0.00520	0.00390	0.00390	0.00130	0.00607	0.00303	0.00173	0.00607
51	0.01021	0.00882	0.00928	0.00835	0.01067	0.01021	0.00650	0.02181	0.82272	0.01717	0.01671	0.01532	0.01253	0.00557	0.00418	0.00139	0.00325	0.00464	0.00418	0.00650
52	0.00564	0.00419	0.00525	0.00498	0.00603	0.00380	0.00374	0.00741	0.01121	0.01549	0.68577	0.03226	0.18153	0.00875	0.00484	0.00131	0.00196	0.00765	0.00439	0.00380
53	0.00513	0.00367	0.00492	0.00587	0.00616	0.00345	0.00404	0.00595	0.00799	0.01063	0.02255	0.78668	0.02686	0.01274	0.00527	0.00169	0.00250	0.07674	0.00381	0.00337
54	0.00661	0.00472	0.00661	0.00756	0.00850	0.00472	0.00661	0.00850	0.00945	0.01228	0.02173	0.04630	0.02362	0.01134	0.00567	0.00189	0.00378	0.80250	0.00378	0.00378
55	0.01533	0.01956	0.01163	0.01058	0.01269	0.83926	0.00793	0.01639	0.01163	0.01005	0.00635	0.00740	0.00529	0.00423	0.00370	0.00106	0.00740	0.00264	0.00212	0.00476
56	0.00505	0.00386	0.00464	0.00510	0.00583	0.00345	0.00358	0.00604	0.00887	0.01146	0.13321	0.46147	0.30981	0.01142	0.00505	0.00152	0.00222	0.01007	0.00390	0.00345
57	0.00522	0.00372	0.00497	0.00589	0.00620	0.00352	0.00409	0.00605	0.00798	0.01060	0.02219	0.73163	0.02633	0.04116	0.00582	0.00177	0.00260	0.10315	0.00376	0.00336
58	0.00775	0.00730	0.01231	0.84587	0.02827	0.00912	0.01140	0.01049	0.00821	0.01049	0.00730	0.01094	0.00547	0.00410	0.00410	0.00137	0.00547	0.00365	0.00182	0.00456
59	0.88473	0.00794	0.00603	0.00540	0.00794	0.00921	0.00445	0.01207	0.00699	0.01842	0.00572	0.00667	0.00445	0.00381	0.00254	0.00127	0.00318	0.00222	0.00254	0.00445
60	0.01097	0.85821	0.02151	0.00702	0.01054	0.01624	0.00702	0.01229	0.00834	0.00966	0.00571	0.00658	0.00527	0.00351	0.00263	0.00088	0.00439	0.00219	0.00176	0.00527
61	0.00569	0.00419	0.00509	0.00531	0.00622	0.00384	0.00386	0.00723	0.03621	0.03110	0.23528	0.33715	0.25774	0.01054	0.00498	0.00148	0.00228	0.03406	0.00403	0.00371
62	0.02864	0.00752	0.00928	0.00703	0.01032	0.02497	0.00574	0.04024	0.01088	0.52033	0.01283	0.01187	0.00859	0.00440	0.00375	0.00106	0.00346	0.00352	0.00411	0.28148
63	0.00775	0.00730	0.01231	0.84587	0.02827	0.00912	0.01140	0.01049	0.00821	0.01049	0.00730	0.01094	0.00547	0.00410	0.00410	0.00137	0.00547	0.00365	0.00182	0.00456
64	0.00502	0.00359	0.00478	0.00570	0.00596	0.00335	0.00381	0.00576	0.00794	0.01061	0.03994	0.83538	0.02740	0.01276	0.00523	0.00166	0.00237	0.01158	0.00383	0.00335
65	0.16279	0.01397	0.34599	0.00930	0.01346	0.00961	0.00992	0.17940	0.01094	0.13852	0.00884	0.00936	0.00621	0.00436	0.00406	0.00127	0.03484	0.00320	0.00288	0.03109
66	0.02822	0.00794	0.01324	0.61153	0.22306	0.00934	0.01149	0.01103	0.00842	0.01137	0.00733	0.01062	0.00570	0.00404	0.00423	0.00134	0.02057	0.00362	0.00189	0.00503
67	0.05074	0.00858	0.00910	0.00733	0.00981	0.00930	0.00595	0.45912	0.03643	0.06657	0.01134	0.01183	0.00832	0.00486	0.00365	0.00115	0.00354	0.00372	0.28281	0.00585
68	0.01005	0.00850	0.00893	0.00806	0.01030	0.00980	0.00626	0.02103	0.77040	0.01705	0.01649	0.01531	0.01240	0.00552	0.00409	0.00136	0.00316	0.00459	0.06037	0.00633
69	0.01444	0.02453	0.09374	0.02777	0.01240	0.07584	0.00784	0.34204	0.03944	0.23536	0.01172	0.03548	0.00855	0.00546	0.01576	0.00133	0.00458	0.01528	0.02209	0.00635
70	0.00489	0.00416	0.00421	0.00420	0.00557	0.00348	0.00315	0.00596	0.00944	0.01129	0.07052	0.03918	0.79940	0.01032	0.00485	0.00138	0.00207	0.00862	0.00384	0.00348
71	0.00662	0.00520	0.01839	0.00597	0.00723	0.00502	0.00473	0.00991	0.14246	0.01427	0.27132	0.10625	0.15879	0.00881	0.00473	0.00143	0.00259	0.14413	0.07796	0.00420
72	0.01021	0.00882	0.00928	0.00835	0.01067	0.01021	0.00650	0.02181	0.82272	0.01717	0.01671	0.01532	0.01253	0.00557	0.00418	0.00139	0.00325	0.00464	0.00418	0.00650
73	0.31962	0.02315	0.08012	0.01146	0.05271	0.01029	0.27418	0.12771	0.03569	0.01690	0.00774	0.00918	0.00582	0.00391	0.00376	0.00130	0.00494	0.00351	0.00256	0.00547
74	0.26608	0.10344	0.01156	0.00845	0.03136	0.03565	0.01860	0.38367	0.05838	0.03343	0.00851	0.00890	0.00635	0.00441	0.00349	0.00121	0.00416	0.00315	0.00328	0.00594
75	0.01215	0.17779	0.15529	0.00956	0.06555	0.03631	0.00847	0.15330	0.07789	0.14736	0.03528	0.01060	0.00813	0.00439	0.00371	0.00113	0.00440	0.00341	0.00307	0.08221

[dist]
# distance from previous block
# <min> <max>
1	29

[block]
# block no. 4 follows, 65 sequences, length 74
# corresponding to MSA columns:
# 299-372
name=unknown_E
#
# <colnr> <probs for GDERKNQSTAVLIFYWHMCP>
#	G	D	E	R	K	N	Q	S	T	A	V	L	I	F	Y	W	H	M	C	P
0	0.05750	0.14707	0.06086	0.00755	0.01072	0.08208	0.00653	0.02457	0.22358	0.01396	0.02678	0.01029	0.00814	0.00412	0.00341	0.00100	0.00388	0.00314	0.00278	0.30206
1	0.00527	0.00427	0.00470	0.00459	0.00587	0.00374	0.00346	0.00681	0.02668	0.01285	0.27866	0.03642	0.56242	0.00970	0.00485	0.00136	0.00208	0.01856	0.00403	0.00365
2	0.01007	0.00942	0.01598	0.13457	0.68228	0.00965	0.02372	0.02525	0.00940	0.02894	0.00787	0.01035	0.00644	0.00376	0.00408	0.00124	0.00495	0.00368	0.00210	0.00624
3	0.00775	0.00730	0.01231	0.84587	0.02827	0.00912	0.01140	0.01049	0.00821	0.01049	0.00730	0.01094	0.00547	0.00410	0.00410	0.00137	0.00547	0.00365	0.00182	0.00456
4	0.01560	0.01150	0.01232	0.00944	0.01273	0.01273	0.00780	0.81645	0.01930	0.02587	0.00986	0.00986	0.00698	0.00493	0.00411	0.00123	0.00452	0.00370	0.00411	0.00698
5	0.01016	0.00975	0.01666	0.02520	0.83013	0.00975	0.01260	0.01260	0.00935	0.01341	0.00772	0.01016	0.00650	0.00366	0.00406	0.00122	0.00488	0.00366	0.00203	0.00650
6	0.00851	0.00730	0.00851	0.00608	0.00973	0.00547	0.00486	0.01034	0.00851	0.01338	0.00730	0.00851	0.00608	0.00304	0.00304	0.00061	0.00304	0.00243	0.00243	0.88083
7	0.00561	0.00383	0.00458	0.00493	0.00502	0.00374	0.00298	0.00588	0.00667	0.00889	0.01651	0.33160	0.01943	0.54485	0.01512	0.00313	0.00339	0.00807	0.00298	0.00280
8	0.00997	0.00948	0.01612	0.02425	0.78589	0.00948	0.01228	0.01238	0.00935	0.01335	0.00848	0.01211	0.00742	0.00407	0.00415	0.00126	0.00482	0.04667	0.00213	0.00636
9	0.00586	0.00440	0.00660	0.00660	0.00733	0.00513	0.00513	0.00733	0.00660	0.00953	0.01100	0.01613	0.01026	0.03079	0.83947	0.00660	0.01100	0.00440	0.00220	0.00367
10	0.01658	0.00773	0.00969	0.00762	0.01062	0.00741	0.00625	0.14481	0.09465	0.58166	0.01523	0.01400	0.01012	0.00519	0.00411	0.00127	0.00358	0.01634	0.03637	0.00677
11	0.00586	0.00440	0.00660	0.00660	0.00733	0.00513	0.00513	0.00733	0.00660	0.00953	0.01100	0.01613	0.01026	0.03079	0.83947	0.00660	0.01100	0.00440	0.00220	0.00367
12	0.00860	0.01865	0.62836	0.01312	0.01870	0.00975	0.21869	0.01304	0.00893	0.01304	0.00761	0.00928	0.00546	0.00379	0.00414	0.00132	0.00628	0.00349	0.00182	0.00593
13	0.01016	0.00975	0.01666	0.02520	0.83013	0.00975	0.01260	0.01260	0.00935	0.01341	0.00772	0.01016	0.00650	0.00366	0.00406	0.00122	0.00488	0.00366	0.00203	0.00650
14	0.00823	0.02123	0.83447	0.01170	0.01777	0.00953	0.01517	0.01300	0.00867	0.01300	0.00737	0.00867	0.00520	0.00390	0.00390	0.00130	0.00607	0.00303	0.00173	0.00607
15	0.00485	0.00416	0.00416	0.00416	0.00554	0.00347	0.00312	0.00589	0.00936	0.01109	0.04158	0.03950	0.82847	0.01040	0.00485	0.00139	0.00208	0.00866	0.00381	0.00347
16	0.00581	0.00420	0.00549	0.00516	0.00613	0.00387	0.00387	0.00775	0.01162	0.01646	0.82797	0.03066	0.03873	0.00839	0.00484	0.00129	0.00194	0.00742	0.00452	0.00387
17	0.00559	0.00399	0.00544	0.00639	0.00689	0.00384	0.00484	0.00674	0.00844	0.01114	0.02230	0.55819	0.02586	0.01230	0.00540	0.00175	0.00289	0.30072	0.00380	0.00350
18	0.00586	0.00440	0.00660	0.00660	0.00733	0.00513	0.00513	0.00733	0.00660	0.00953	0.01100	0.01613	0.01026	0.03079	0.83947	0.00660	0.01100	0.00440	0.00220	0.00367
19	0.01842	0.00699	0.00953	0.00730	0.01048	0.00603	0.00603	0.02000	0.01175	0.83298	0.01619	0.01397	0.01016	0.00508	0.00413	0.00127	0.00349	0.00413	0.00508	0.00699
20	0.00767	0.00706	0.01006	0.00902	0.00932	0.00945	0.00736	0.00879	0.00644	0.00975	0.00794	0.02801	0.00774	0.01664	0.34046	0.00370	0.50040	0.00407	0.00199	0.00414
21	0.00695	0.00578	0.00780	0.00719	0.00740	0.00720	0.00541	0.00767	0.00625	0.00904	0.00985	0.01784	0.01041	0.33951	0.24688	0.00397	0.29044	0.00473	0.00217	0.00349
22	0.01002	0.00959	0.01635	0.05177	0.78970	0.00965	0.01246	0.01246	0.00931	0.01330	0.00795	0.01081	0.00676	0.00380	0.00409	0.00124	0.00488	0.01743	0.00206	0.00639
23	0.01027	0.00996	0.01652	0.04723	0.76232	0.02905	0.02848	0.02288	0.00950	0.01340	0.00772	0.01013	0.00645	0.00370	0.00407	0.00122	0.00499	0.00366	0.00206	0.00639
24	0.00500	0.00357	0.00476	0.00572	0.00595	0.00333	0.00381	0.00572	0.00786	0.01048	0.02262	0.85306	0.02715	0.01286	0.00524	0.00167	0.00238	0.01167	0.00381	0.00333
25	0.01081	0.71327	0.03398	0.00731	0.01068	0.01520	0.00709	0.01376	0.13315	0.01087	0.00742	0.00796	0.00638	0.00383	0.00289	0.00096	0.00424	0.00258	0.00213	0.00547
26	0.00586	0.00440	0.00660	0.00660	0.00733	0.00513	0.00513	0.00733	0.00660	0.00953	0.01100	0.01613	0.01026	0.03079	0.83947	0.00660	0.01100	0.00440	0.00220	0.00367
27	0.00615	0.00428	0.00496	0.00486	0.00486	0.00450	0.00288	0.00620	0.00599	0.00807	0.01248	0.02579	0.01435	0.80479	0.02045	0.00385	0.05467	0.00583	0.00245	0.00261
28	0.01537	0.01138	0.01219	0.00940	0.01264	0.01262	0.00775	0.78199	0.05414	0.02549	0.01015	0.01009	0.00722	0.00496	0.00411	0.00124	0.00446	0.00374	0.00411	0.00696
29	0.01021	0.00882	0.00928	0.00835	0.01067	0.01021	0.00650	0.02181	0.82272	0.01717	0.01671	0.01532	0.01253	0.00557	0.00418	0.00139	0.00325	0.00464	0.00418	0.00650
30	0.00823	0.02123	0.83447	0.01170	0.01777	0.00953	0.01517	0.01300	0.00867	0.01300	0.00737	0.00867	0.00520	0.00390	0.00390	0.00130	0.00607	0.00303	0.00173	0.00607
31	0.00765	0.00383	0.00383	0.00383	0.00478	0.00383	0.00287	0.00956	0.00861	0.01530	0.01339	0.01530	0.01052	0.00478	0.00287	0.00096	0.00191	0.00383	0.87853	0.00383
32	0.00707	0.00585	0.00607	0.00561	0.00734	0.00578	0.00431	0.09777	0.16820	0.01387	0.03260	0.06072	0.55145	0.00895	0.00465	0.00138	0.00258	0.00745	0.00391	0.00443
33	0.00586	0.00440	0.00660	0.00660	0.00733	0.00513	0.00513	0.00733	0.00660	0.00953	0.01100	0.01613	0.01026	0.03079	0.83947	0.00660	0.01100	0.00440	0.00220	0.00367
34	0.01637	0.01027	0.01156	0.00886	0.01212	0.01090	0.00732	0.59918	0.01724	0.24605	0.01158	0.01098	0.00785	0.00497	0.00411	0.00124	0.00424	0.00381	0.00437	0.00698
35	0.00851	0.00730	0.00851	0.00608	0.00973	0.00547	0.00486	0.01034	0.00851	0.01338	0.00730	0.00851	0.00608	0.00304	0.00304	0.00061	0.00304	0.00243	0.00243	0.88083
36	0.00906	0.11099	0.64872	0.01093	0.01626	0.05891	0.01334	0.01365	0.05768	0.01272	0.00769	0.00877	0.00565	0.00398	0.00377	0.00125	0.00579	0.00302	0.00190	0.00593
37	0.11941	0.00710	0.00912	0.00708	0.01018	0.00640	0.00585	0.01908	0.01119	0.73802	0.01497	0.01312	0.00949	0.00493	0.00394	0.00127	0.00346	0.00391	0.00478	0.00669
38	0.00707	0.00496	0.00593	0.00560	0.00617	0.00529	0.00378	0.10080	0.00768	0.01045	0.01208	0.02214	0.01281	0.54569	0.22817	0.00433	0.00584	0.00530	0.00260	0.00331
39	0.10999	0.00737	0.01158	0.74789	0.02590	0.00913	0.01059	0.01067	0.00807	0.01141	0.00711	0.01045	0.00535	0.00407	0.00392	0.00136	0.00520	0.00348	0.00191	0.00455
