[name]
unknown

[dist]
# distance from previous block
# <min> <max>
0	41

[block]
# block no. 0 follows, 82 sequences, length 22
# corresponding to MSA columns:
# 45-66
name=unknown_A
#
# <colnr> <probs for GDERKNQSTAVLIFYWHMCP>
#	G	D	E	R	K	N	Q	S	T	A	V	L	I	F	Y	W	H	M	C	P
0	0.00553	0.00391	0.00548	0.00624	0.00700	0.00391	0.00543	0.00700	0.00777	0.01010	0.01773	0.03769	0.01925	0.00953	0.00500	0.03011	0.00314	0.80899	0.00310	0.00310
1	0.00660	0.00622	0.01051	0.81255	0.08148	0.00764	0.00957	0.00886	0.00691	0.00891	0.00610	0.00907	0.00462	0.00339	0.00342	0.00113	0.00453	0.00304	0.00153	0.00391
2	0.00821	0.09002	0.06873	0.03109	0.00999	0.05705	0.07382	0.02451	0.00767	0.06627	0.00744	0.00829	0.03298	0.00307	0.00286	0.00073	0.00337	0.00253	0.00209	0.49928
3	0.00417	0.00298	0.00397	0.00476	0.00496	0.00278	0.00318	0.00476	0.00655	0.00873	0.01885	0.87755	0.02262	0.01072	0.00437	0.00139	0.00198	0.00972	0.00318	0.00278
4	0.00868	0.00749	0.00870	0.04124	0.11252	0.00849	0.00622	0.07421	0.64633	0.01421	0.02602	0.01200	0.00965	0.00440	0.00347	0.00113	0.00300	0.00372	0.00319	0.00535
5	0.00771	0.21432	0.45206	0.00819	0.01207	0.00861	0.05590	0.01041	0.00734	0.05277	0.00818	0.00893	0.06381	0.00358	0.00319	0.00098	0.01750	0.00280	0.00176	0.05989
6	0.00819	0.22852	0.33799	0.05956	0.03133	0.00924	0.06568	0.04657	0.09126	0.04138	0.01601	0.00836	0.01769	0.00346	0.00310	0.00100	0.00421	0.00278	0.00192	0.02176
7	0.00686	0.01769	0.86206	0.00975	0.01481	0.00794	0.01264	0.01083	0.00722	0.01083	0.00614	0.00722	0.00433	0.00325	0.00325	0.00108	0.00506	0.00253	0.00144	0.00506
8	0.00800	0.00795	0.09295	0.00817	0.06815	0.00770	0.02981	0.08611	0.43978	0.01319	0.02759	0.09581	0.01071	0.03333	0.00425	0.00124	0.02646	0.03095	0.00297	0.00487
9	0.00844	0.06187	0.04952	0.05062	0.44017	0.04088	0.19535	0.01137	0.08707	0.01101	0.00707	0.00875	0.00566	0.00319	0.00345	0.00105	0.00443	0.00322	0.00184	0.00504
10	0.00871	0.00706	0.03357	0.03380	0.22102	0.00716	0.00663	0.01387	0.36531	0.12030	0.11745	0.01328	0.02766	0.00449	0.00352	0.00110	0.00303	0.00390	0.00305	0.00509
11	0.00464	0.00333	0.00432	0.00444	0.00499	0.00311	0.00316	0.00578	0.00822	0.01137	0.48330	0.29465	0.04385	0.08047	0.00526	0.00138	0.00192	0.02941	0.00341	0.00298
12	0.00514	0.00411	0.03205	0.00461	0.00494	0.00395	0.00325	0.00557	0.00565	0.00757	0.01302	0.09733	0.06313	0.57885	0.01336	0.00265	0.06352	0.08650	0.00228	0.00250
13	0.00981	0.06893	0.31582	0.00956	0.09376	0.10313	0.01829	0.12301	0.10250	0.11049	0.00798	0.00839	0.00581	0.00362	0.00326	0.00103	0.00432	0.00284	0.00232	0.00515
14	0.00847	0.00813	0.01388	0.02100	0.85844	0.00813	0.01050	0.01050	0.00779	0.01118	0.00643	0.00847	0.00542	0.00305	0.00339	0.00102	0.00406	0.00305	0.00169	0.00542
15	0.00483	0.00314	0.00420	0.00484	0.00518	0.00291	0.00328	0.00547	0.00674	0.05909	0.01854	0.82638	0.02179	0.01033	0.00431	0.00137	0.00204	0.00935	0.00324	0.00296
16	0.01270	0.03134	0.00980	0.06182	0.15106	0.00640	0.03375	0.05756	0.00925	0.53289	0.01089	0.01075	0.00740	0.02797	0.00394	0.00112	0.01928	0.00334	0.00333	0.00541
17	0.09009	0.02666	0.01846	0.00836	0.05807	0.38221	0.06935	0.04787	0.00831	0.03254	0.00744	0.06067	0.00694	0.12373	0.03342	0.00146	0.01523	0.00331	0.00204	0.00387
18	0.00491	0.00357	0.00503	0.00503	0.00548	0.00402	0.00369	0.00581	0.00536	0.00759	0.00959	0.01582	0.00959	0.25288	0.64041	0.00492	0.00761	0.00401	0.00190	0.00279
19	0.00541	0.00427	0.00471	0.00461	0.00580	0.00416	0.00355	0.00817	0.17334	0.02298	0.12872	0.07659	0.41937	0.00762	0.00394	0.00118	0.00206	0.08196	0.03807	0.00350
20	0.85024	0.00673	0.00527	0.00468	0.00681	0.00779	0.00384	0.03718	0.02985	0.01552	0.00513	0.00584	0.00396	0.00325	0.00220	0.00106	0.00268	0.00195	0.00220	0.00382
21	0.04379	0.28469	0.03629	0.20751	0.16471	0.07478	0.00766	0.06178	0.02238	0.04580	0.00619	0.00753	0.00496	0.00328	0.00294	0.00095	0.00407	0.00255	0.00184	0.01631

[dist]
# distance from previous block
# <min> <max>
0	1

[block]
# block no. 1 follows, 82 sequences, length 7
# corresponding to MSA columns:
# 68-74
name=unknown_B
#
# <colnr> <probs for GDERKNQSTAVLIFYWHMCP>
#	G	D	E	R	K	N	Q	S	T	A	V	L	I	F	Y	W	H	M	C	P
0	0.00540	0.00492	0.00517	0.00583	0.06501	0.09092	0.00386	0.00635	0.00779	0.00972	0.13857	0.34049	0.28667	0.00828	0.00402	0.00119	0.00242	0.00720	0.00301	0.00318
1	0.00932	0.06899	0.01050	0.00987	0.16759	0.08062	0.05430	0.12962	0.14732	0.07265	0.09808	0.03393	0.03057	0.00453	0.00401	0.00107	0.06586	0.00372	0.00268	0.00478
2	0.00830	0.04597	0.10954	0.07113	0.09686	0.13323	0.04593	0.05825	0.00742	0.02871	0.00677	0.00979	0.00600	0.10292	0.08349	0.00176	0.17491	0.00313	0.00183	0.00409
3	0.00464	0.00351	0.00427	0.00474	0.00524	0.00341	0.00325	0.00616	0.09252	0.00924	0.02010	0.61704	0.13936	0.06330	0.00503	0.00145	0.00210	0.00848	0.00314	0.00302
4	0.00446	0.00357	0.00401	0.00412	0.00503	0.00324	0.00300	0.00588	0.05591	0.01014	0.16381	0.23653	0.47070	0.00866	0.00409	0.00120	0.00183	0.00747	0.00329	0.00306
5	0.01019	0.28941	0.02753	0.00785	0.06847	0.14714	0.02815	0.10640	0.04977	0.11396	0.02448	0.09628	0.00781	0.00428	0.00310	0.00096	0.00384	0.00337	0.00241	0.00461
6	0.07272	0.15689	0.07691	0.14930	0.11952	0.13465	0.00717	0.02821	0.02951	0.01041	0.00594	0.00726	0.00482	0.00315	0.00288	0.00088	0.00402	0.00241	0.00180	0.18158

[dist]
# distance from previous block
# <min> <max>
1	17

[block]
# block no. 2 follows, 82 sequences, length 13
# corresponding to MSA columns:
# 92-104
name=unknown_C
#
# <colnr> <probs for GDERKNQSTAVLIFYWHMCP>
#	G	D	E	R	K	N	Q	S	T	A	V	L	I	F	Y	W	H	M	C	P
0	0.00774	0.00757	0.04730	0.06297	0.00848	0.16821	0.00509	0.10014	0.05051	0.01281	0.34259	0.04023	0.02977	0.00532	0.00352	0.00102	0.00313	0.00441	0.09534	0.00386
1	0.00464	0.00321	0.00380	0.00407	0.00421	0.00311	0.00248	0.00490	0.00568	0.00751	0.01496	0.31610	0.06610	0.53019	0.01215	0.00253	0.00277	0.00674	0.00252	0.00236
2	0.01967	0.00528	0.00824	0.50711	0.01624	0.00614	0.00711	0.00865	0.00686	0.10116	0.00950	0.04768	0.04736	0.06499	0.12790	0.00191	0.00469	0.00376	0.00205	0.00371
3	0.00440	0.00320	0.00423	0.00488	0.00528	0.00303	0.00350	0.00522	0.00690	0.00912	0.04788	0.61688	0.09580	0.01094	0.04538	0.00158	0.00245	0.12332	0.00313	0.00287
4	0.00869	0.00945	0.01279	0.01021	0.01168	0.16170	0.24647	0.04795	0.00749	0.00977	0.02160	0.00886	0.03056	0.00468	0.00703	0.00125	0.39060	0.00334	0.00179	0.00409
5	0.05602	0.04589	0.02622	0.09340	0.40147	0.20644	0.07027	0.01099	0.00793	0.01027	0.00594	0.00772	0.00491	0.00329	0.00353	0.00101	0.03553	0.00280	0.00170	0.00468
6	0.02793	0.29926	0.01547	0.04433	0.18923	0.04548	0.17944	0.13883	0.00884	0.01156	0.00615	0.00746	0.00498	0.00317	0.00309	0.00095	0.00431	0.00279	0.00189	0.00482
7	0.00743	0.10212	0.01160	0.59972	0.14540	0.05932	0.00908	0.00946	0.00716	0.00901	0.00594	0.00845	0.00466	0.00332	0.00326	0.00106	0.00448	0.00286	0.00155	0.00411
8	0.00483	0.00342	0.00436	0.00424	0.00500	0.00316	0.00314	0.00630	0.00909	0.01291	0.67177	0.11760	0.06784	0.00728	0.00396	0.00110	0.00166	0.00642	0.06277	0.00316
9	0.00476	0.00351	0.00477	0.00492	0.00544	0.00374	0.00364	0.00567	0.00594	0.00810	0.01402	0.12673	0.10392	0.17514	0.45488	0.00386	0.00601	0.05985	0.00228	0.00283
10	0.00464	0.00345	0.00486	0.00508	0.00559	0.00373	0.00376	0.00561	0.00592	0.00819	0.01360	0.25407	0.06853	0.05922	0.53251	0.00398	0.00642	0.00563	0.00230	0.00292
11	0.00470	0.00340	0.00432	0.00429	0.00494	0.00315	0.00309	0.00591	0.00847	0.01172	0.54797	0.16982	0.08825	0.10260	0.00556	0.00139	0.00190	0.02211	0.00343	0.00300
12	0.00898	0.00817	0.02026	0.19314	0.16998	0.06495	0.05155	0.21398	0.04866	0.01299	0.00775	0.05776	0.00641	0.00385	0.00337	0.00101	0.00396	0.00333	0.00229	0.11763

[dist]
# distance from previous block
# <min> <max>
0	2

[block]
# block no. 3 follows, 82 sequences, length 25
# corresponding to MSA columns:
# 107-126,129-133
name=unknown_D
#
# <colnr> <probs for GDERKNQSTAVLIFYWHMCP>
#	G	D	E	R	K	N	Q	S	T	A	V	L	I	F	Y	W	H	M	C	P
0	0.00563	0.00452	0.00493	0.02177	0.00613	0.04757	0.00373	0.06090	0.00842	0.02798	0.16028	0.26819	0.28817	0.00828	0.00407	0.00122	0.00233	0.06943	0.00320	0.00326
1	0.00987	0.00566	0.05012	0.03703	0.00843	0.01904	0.00530	0.02283	0.00858	0.38171	0.06225	0.11204	0.03351	0.00753	0.06122	0.00149	0.00340	0.16214	0.00341	0.00444
2	0.00948	0.03374	0.01182	0.13817	0.41268	0.23044	0.00869	0.01116	0.00812	0.04038	0.00624	0.00792	0.00508	0.00330	0.00340	0.00098	0.02148	0.00276	0.00178	0.04237
3	0.00706	0.00516	0.00710	0.00824	0.15287	0.04074	0.02863	0.00812	0.00726	0.11665	0.01380	0.40509	0.01470	0.06485	0.01905	0.00144	0.02687	0.03911	0.02954	0.00373
4	0.04421	0.00567	0.00713	0.00573	0.00792	0.00529	0.00464	0.08610	0.04005	0.53352	0.10406	0.03945	0.04678	0.00486	0.00346	0.00106	0.00269	0.00400	0.04830	0.00511
5	0.00960	0.00748	0.00803	0.00678	0.00886	0.00830	0.00539	0.31048	0.40230	0.03568	0.06134	0.02790	0.08251	0.00502	0.00355	0.00111	0.00293	0.00409	0.00346	0.00518
6	0.01110	0.00908	0.00942	0.00751	0.00981	0.10927	0.04743	0.51045	0.01999	0.02529	0.02603	0.01123	0.04100	0.04113	0.00401	0.00111	0.00383	0.03311	0.03779	0.04141
7	0.00446	0.00343	0.00404	0.00399	0.00486	0.00305	0.00293	0.00562	0.00849	0.01123	0.41928	0.10654	0.36941	0.03196	0.00444	0.00120	0.00174	0.00690	0.00342	0.00302
8	0.10559	0.00699	0.01974	0.00617	0.00893	0.00646	0.01468	0.19260	0.00993	0.33465	0.00921	0.00892	0.00636	0.00360	0.00305	0.00090	0.00302	0.00280	0.00316	0.25325
9	0.00696	0.00674	0.01059	0.65411	0.16729	0.04173	0.00928	0.00909	0.00716	0.00917	0.00727	0.00986	0.03937	0.00357	0.00343	0.00111	0.00442	0.00318	0.00163	0.00405
10	0.00907	0.31637	0.02855	0.00931	0.18292	0.01696	0.03469	0.05290	0.00790	0.07376	0.01680	0.00750	0.00550	0.00313	0.00294	0.00082	0.01853	0.00247	0.00198	0.20790
11	0.01130	0.01277	0.01161	0.03456	0.12724	0.48315	0.11674	0.08222	0.03273	0.03340	0.00637	0.00748	0.00504	0.00351	0.00343	0.00098	0.01826	0.00274	0.00199	0.00448
12	0.00414	0.00308	0.00386	0.00449	0.00489	0.00280	0.00306	0.00479	0.00681	0.00884	0.02212	0.70288	0.19518	0.01029	0.00430	0.00134	0.00193	0.00921	0.00318	0.00280
13	0.05074	0.00374	0.00466	0.00483	0.00568	0.00353	0.00369	0.00671	0.00790	0.06730	0.22419	0.27307	0.13920	0.02262	0.00435	0.00131	0.00220	0.16777	0.00331	0.00321
14	0.01103	0.00794	0.00872	0.00705	0.00919	0.00869	0.00574	0.61327	0.01346	0.03064	0.00968	0.01301	0.00808	0.08539	0.03054	0.00142	0.00372	0.08847	0.03893	0.00501
15	0.00488	0.00326	0.00409	0.00447	0.00503	0.00299	0.00314	0.00576	0.00731	0.04440	0.12056	0.53707	0.14401	0.00916	0.00409	0.00126	0.00193	0.01917	0.07444	0.00301
16	0.90395	0.00662	0.00503	0.00450	0.00662	0.00767	0.00370	0.01006	0.00582	0.01535	0.00476	0.00556	0.00370	0.00318	0.00212	0.00106	0.00265	0.00185	0.00212	0.00370
17	0.00745	0.00638	0.00699	0.00631	0.00802	0.00711	0.01879	0.01484	0.62306	0.01344	0.10900	0.03358	0.11935	0.00549	0.00364	0.00115	0.00250	0.00466	0.00344	0.00479
18	0.00613	0.00379	0.00457	0.00420	0.00509	0.00388	0.03829	0.00766	0.00743	0.01217	0.11112	0.01557	0.08765	0.00484	0.00339	0.00092	0.05979	0.00392	0.61632	0.00326
19	0.00436	0.00324	0.00384	0.00421	0.00469	0.00298	0.00287	0.00498	0.00672	0.00862	0.03937	0.39413	0.27354	0.18928	0.00697	0.00172	0.00222	0.04062	0.00296	0.00269
20	0.90395	0.00662	0.00503	0.00450	0.00662	0.00767	0.00370	0.01006	0.00582	0.01535	0.00476	0.00556	0.00370	0.00318	0.00212	0.00106	0.00265	0.00185	0.00212	0.00370
21	0.00815	0.00781	0.01331	0.15470	0.72720	0.00804	0.01034	0.01022	0.00764	0.01079	0.00638	0.00857	0.00528	0.00311	0.00339	0.00104	0.00414	0.00305	0.00167	0.00516
22	0.00494	0.00334	0.00377	0.00379	0.00387	0.00331	0.00219	0.00503	0.00519	0.00686	0.01216	0.02335	0.05453	0.81305	0.01640	0.00316	0.00323	0.02753	0.00216	0.00214
23	0.00919	0.00767	0.00830	0.05104	0.00994	0.00883	0.00581	0.16166	0.66409	0.01529	0.01253	0.01179	0.00934	0.00449	0.00347	0.00114	0.00298	0.00369	0.00337	0.00540
24	0.00833	0.00799	0.01364	0.07758	0.80290	0.00809	0.01043	0.01038	0.00773	0.01101	0.00641	0.00851	0.00536	0.00307	0.00339	0.00102	0.00410	0.00305	0.00168	0.00531

[dist]
# distance from previous block
# <min> <max>
1	14

[block]
# block no. 4 follows, 82 sequences, length 103
# corresponding to MSA columns:
# 154-165,174-204,212-242,278-306
name=unknown_E
#
# <colnr> <probs for GDERKNQSTAVLIFYWHMCP>
#	G	D	E	R	K	N	Q	S	T	A	V	L	I	F	Y	W	H	M	C	P
0	0.53306	0.09252	0.10016	0.00605	0.00854	0.11611	0.01482	0.05519	0.00717	0.01345	0.00547	0.01421	0.00442	0.00339	0.00251	0.00102	0.00354	0.01229	0.00202	0.00406
1	0.00856	0.00831	0.01266	0.11018	0.56490	0.06766	0.05019	0.05464	0.01423	0.01100	0.00675	0.00928	0.00573	0.05633	0.00425	0.00117	0.00428	0.00316	0.00181	0.00492
2	0.00497	0.00332	0.00373	0.00373	0.00373	0.00332	0.00207	0.00497	0.00497	0.00663	0.01078	0.02239	0.01244	0.87978	0.01741	0.00332	0.00332	0.00497	0.00207	0.00207
3	0.00683	0.00701	0.05604	0.57287	0.18107	0.00762	0.00935	0.00896	0.00686	0.00918	0.00633	0.00954	0.00514	0.05171	0.00456	0.00125	0.04689	0.00312	0.00158	0.00408
4	0.00423	0.00310	0.00392	0.00451	0.00487	0.00285	0.00306	0.00488	0.00678	0.00890	0.05230	0.66741	0.14528	0.05662	0.00501	0.00145	0.00202	0.01691	0.00314	0.00278
5	0.06964	0.05378	0.01023	0.06138	0.08336	0.00945	0.00710	0.00949	0.04734	0.04161	0.00588	0.00808	0.00514	0.00500	0.00790	0.00130	0.52523	0.00293	0.04112	0.00406
6	0.00421	0.00347	0.00370	0.00365	0.00473	0.00296	0.00273	0.00524	0.00820	0.01020	0.21142	0.03134	0.67969	0.00830	0.00404	0.00114	0.00171	0.00700	0.00330	0.00296
7	0.06628	0.00742	0.00776	0.00684	0.00887	0.00849	0.00537	0.08044	0.70588	0.04400	0.01289	0.01192	0.00959	0.00449	0.00339	0.00114	0.00279	0.00366	0.00341	0.00535
8	0.01434	0.00640	0.00810	0.00626	0.00881	0.00601	0.00515	0.17872	0.01086	0.64448	0.01232	0.01104	0.00797	0.00419	0.00337	0.00104	0.00300	0.00335	0.05894	0.00566
9	0.00419	0.00302	0.00397	0.00468	0.00495	0.00280	0.00315	0.00484	0.00675	0.00898	0.05638	0.79890	0.06382	0.01045	0.00434	0.00136	0.00196	0.00945	0.00320	0.00280
10	0.00940	0.28815	0.01897	0.00699	0.00928	0.15573	0.01307	0.08775	0.05465	0.01040	0.00593	0.00691	0.00502	0.00359	0.00391	0.00088	0.12749	0.00235	0.00193	0.18760
11	0.00478	0.00368	0.00463	0.00462	0.00541	0.00362	0.00354	0.00583	0.00754	0.01633	0.21127	0.10678	0.32013	0.01127	0.14637	0.02780	0.04204	0.06838	0.00297	0.00302
12	0.00418	0.00308	0.00391	0.00456	0.00494	0.00282	0.00311	0.00485	0.00683	0.00890	0.03098	0.70541	0.16933	0.01029	0.00431	0.00135	0.00196	0.02320	0.00318	0.00281
13	0.04828	0.00688	0.00841	0.00665	0.00907	0.00690	0.00551	0.25625	0.01832	0.48439	0.02067	0.01205	0.00832	0.00457	0.00376	0.00110	0.03594	0.05372	0.00374	0.00547
14	0.00819	0.00861	0.12455	0.10376	0.11652	0.00697	0.23496	0.02338	0.00787	0.08987	0.00781	0.01042	0.00621	0.00348	0.00347	0.00101	0.00424	0.05354	0.00207	0.18306
15	0.01622	0.00505	0.00693	0.00643	0.00677	0.01860	0.00504	0.00675	0.00537	0.00788	0.00754	0.01209	0.00739	0.10775	0.43123	0.05149	0.28913	0.00351	0.00173	0.00311
16	0.01477	0.00569	0.00775	0.00599	0.00853	0.00493	0.00493	0.01611	0.00978	0.81418	0.05991	0.01241	0.00978	0.00439	0.00347	0.00106	0.00284	0.00359	0.00421	0.00568
17	0.00746	0.00696	0.01016	0.27636	0.30357	0.03946	0.01527	0.06015	0.05451	0.01073	0.01146	0.05049	0.13002	0.00448	0.00354	0.00110	0.00379	0.00397	0.00213	0.00440
18	0.00651	0.00590	0.00707	0.00709	0.05375	0.09639	0.00520	0.00756	0.00607	0.00840	0.00789	0.01171	0.00738	0.06605	0.45278	0.01818	0.16919	0.00339	0.05613	0.00334
19	0.00847	0.00813	0.01388	0.02100	0.85844	0.00813	0.01050	0.01050	0.00779	0.01118	0.00643	0.00847	0.00542	0.00305	0.00339	0.00102	0.00406	0.00305	0.00169	0.00542
20	0.00461	0.00347	0.00427	0.00415	0.00502	0.00313	0.00312	0.00597	0.00896	0.01215	0.56780	0.07007	0.25649	0.00770	0.00407	0.00113	0.00171	0.02951	0.00356	0.00311
21	0.00607	0.00337	0.00512	0.00555	0.05636	0.00342	0.00353	0.00508	0.01505	0.00647	0.00624	0.01047	0.00610	0.01199	0.05814	0.78724	0.00336	0.00302	0.00154	0.00186
22	0.00435	0.00348	0.00389	0.00378	0.00481	0.00302	0.00284	0.00550	0.00851	0.01095	0.34759	0.03012	0.54306	0.00803	0.00404	0.00112	0.00169	0.00683	0.00340	0.00302
23	0.00834	0.00804	0.01384	0.07037	0.78813	0.00811	0.03200	0.01041	0.00774	0.01103	0.00643	0.00852	0.00536	0.00307	0.00341	0.00103	0.00414	0.00307	0.00168	0.00530
24	0.00869	0.04330	0.01859	0.00918	0.11978	0.03641	0.13698	0.11874	0.02035	0.03876	0.00679	0.00806	0.00540	0.00351	0.00364	0.05034	0.00363	0.00273	0.00214	0.36296
25	0.01279	0.01341	0.00999	0.00873	0.03244	0.50901	0.00665	0.32877	0.01206	0.02473	0.00653	0.00707	0.00502	0.00374	0.00322	0.00094	0.00516	0.00257	0.00242	0.00473
26	0.57899	0.00633	0.00609	0.00508	0.00739	0.00671	0.00419	0.01247	0.00727	0.32453	0.00796	0.00778	0.00545	0.00356	0.00260	0.00106	0.00274	0.00243	0.00289	0.00448
27	0.00693	0.01664	0.79372	0.00936	0.01413	0.00765	0.01193	0.01077	0.01501	0.02842	0.03241	0.00843	0.02253	0.00350	0.00330	0.00108	0.00482	0.00276	0.00162	0.00498
28	0.00551	0.00400	0.00575	0.00640	0.00722	0.00398	0.02272	0.00707	0.00782	0.01019	0.01791	0.07451	0.01952	0.00937	0.00470	0.00156	0.00315	0.78235	0.00312	0.00316
29	0.00926	0.00987	0.00809	0.00648	0.00905	0.31970	0.00503	0.02362	0.00819	0.01030	0.00582	0.00677	0.00484	0.00292	0.00275	0.00065	0.00388	0.00211	0.00195	0.55872
30	0.00491	0.00340	0.00423	0.00423	0.00446	0.00350	0.00273	0.00539	0.00569	0.00781	0.10713	0.05369	0.01423	0.55836	0.20272	0.00347	0.00436	0.00501	0.00226	0.00245
31	0.00422	0.00302	0.00402	0.00476	0.00500	0.00282	0.00321	0.00488	0.00672	0.00900	0.05963	0.82291	0.02305	0.01052	0.00436	0.00138	0.00198	0.02251	0.00320	0.00281
32	0.00489	0.00367	0.00550	0.00550	0.00611	0.00428	0.00428	0.00611	0.00550	0.00794	0.00916	0.01344	0.00855	0.02566	0.86623	0.00550	0.00916	0.00367	0.00183	0.00305
33	0.90395	0.00662	0.00503	0.00450	0.00662	0.00767	0.00370	0.01006	0.00582	0.01535	0.00476	0.00556	0.00370	0.00318	0.00212	0.00106	0.00265	0.00185	0.00212	0.00370
34	0.18098	0.01401	0.00885	0.00793	0.00983	0.64543	0.00605	0.07010	0.00940	0.01059	0.00539	0.00619	0.00437	0.00350	0.00292	0.00092	0.00534	0.00220	0.00194	0.00404
35	0.01004	0.05433	0.01047	0.00875	0.00972	0.41071	0.00700	0.01087	0.00741	0.00829	0.00488	0.00677	0.00445	0.00469	0.00698	0.00117	0.42543	0.00257	0.00162	0.00388
36	0.00632	0.00383	0.00490	0.00444	0.00556	0.00345	0.00340	0.00780	0.00941	0.13835	0.61241	0.02419	0.13246	0.00674	0.00392	0.00108	0.00182	0.00585	0.02050	0.00357
37	0.00473	0.00358	0.00514	0.00513	0.00581	0.00330	0.05426	0.00580	0.00770	0.02099	0.26540	0.50073	0.08653	0.00891	0.00421	0.00126	0.00210	0.00807	0.00327	0.00307
38	0.00829	0.00795	0.01357	0.09450	0.78629	0.00808	0.01041	0.01035	0.00771	0.01096	0.00640	0.00852	0.00534	0.00308	0.00339	0.00103	0.00411	0.00305	0.00168	0.00528
39	0.01475	0.00678	0.00853	0.00654	0.00921	0.00646	0.00541	0.22942	0.01140	0.64578	0.01214	0.01076	0.00779	0.00420	0.00344	0.00105	0.00313	0.00335	0.00403	0.00582
40	0.00748	0.00748	0.01048	0.00898	0.00898	0.01048	0.00748	0.00823	0.00524	0.00823	0.00449	0.00748	0.00449	0.00599	0.01123	0.00150	0.87352	0.00299	0.00150	0.00374
41	0.00458	0.00336	0.00430	0.00433	0.00502	0.00308	0.00315	0.00585	0.00868	0.01196	0.55307	0.24399	0.11968	0.00813	0.00412	0.00116	0.00172	0.00720	0.00355	0.00308
42	0.56482	0.00597	0.00548	0.00498	0.00656	0.00693	0.00399	0.04979	0.00635	0.01353	0.00688	0.06624	0.00621	0.03626	0.08751	0.00160	0.06387	0.00289	0.05653	0.00360
43	0.06141	0.00668	0.01094	0.58501	0.25221	0.00775	0.00942	0.00930	0.00704	0.00981	0.00610	0.00872	0.00474	0.00330	0.00333	0.00110	0.00431	0.00297	0.00160	0.00424
44	0.00526	0.00383	0.00496	0.00499	0.00582	0.00370	0.02059	0.00650	0.06219	0.00953	0.10223	0.06354	0.26811	0.00957	0.03193	0.18778	0.00269	0.20105	0.00283	0.00289
45	0.02425	0.00845	0.00911	0.00729	0.00978	0.00927	0.00591	0.48899	0.26828	0.06959	0.01010	0.00970	0.00731	0.00418	0.00337	0.00104	0.00331	0.00327	0.00340	0.05340
46	0.00758	0.28224	0.55113	0.00827	0.01255	0.00946	0.01004	0.01052	0.00713	0.01000	0.00571	0.00668	0.00440	0.00311	0.00288	0.00094	0.00447	0.00228	0.00149	0.05914
47	0.06378	0.63659	0.01534	0.00640	0.00905	0.17536	0.00589	0.03761	0.00770	0.00898	0.00497	0.00571	0.00440	0.00309	0.00240	0.00079	0.00408	0.00194	0.00162	0.00431
48	0.00584	0.00433	0.00464	0.00449	0.00566	0.00434	0.00338	0.00899	0.21011	0.02626	0.07484	0.11476	0.32630	0.00680	0.00360	0.00110	0.00198	0.00575	0.18323	0.00361
49	0.00737	0.00700	0.05354	0.00724	0.10685	0.00533	0.00532	0.03065	0.01596	0.01147	0.01846	0.00761	0.00553	0.00276	0.00272	0.00062	0.00287	0.00228	0.00203	0.70438
50	0.00665	0.06135	0.54457	0.00939	0.06384	0.00732	0.06053	0.00969	0.00741	0.01058	0.05080	0.07081	0.07378	0.00432	0.00343	0.00109	0.00432	0.00366	0.00185	0.00460
51	0.00852	0.00918	0.01049	0.05708	0.05541	0.17847	0.00758	0.00945	0.00634	0.00844	0.00484	0.00737	0.00453	0.00520	0.00878	0.00133	0.60871	0.00284	0.00156	0.00388
52	0.01133	0.05626	0.01344	0.00956	0.01249	0.00834	0.30984	0.20484	0.07222	0.25168	0.00945	0.00972	0.00659	0.00367	0.00359	0.00107	0.00417	0.00352	0.00293	0.00527
53	0.76324	0.00644	0.00542	0.00479	0.00676	0.00742	0.00393	0.01012	0.00622	0.06001	0.05212	0.00708	0.00557	0.00358	0.00274	0.00108	0.04516	0.00223	0.00229	0.00379
54	0.00494	0.00350	0.00447	0.00423	0.00507	0.00321	0.00317	0.00648	0.00941	0.02150	0.74588	0.03955	0.08777	0.00703	0.00397	0.00108	0.00164	0.00618	0.03773	0.00322
55	0.00473	0.00344	0.00417	0.00406	0.00471	0.00319	0.00287	0.00578	0.00806	0.01096	0.46222	0.04355	0.17446	0.22713	0.00742	0.00167	0.00210	0.02338	0.00321	0.00287
56	0.00464	0.00340	0.00432	0.00427	0.00499	0.00311	0.00311	0.00595	0.00880	0.01215	0.59454	0.17034	0.12783	0.03166	0.00446	0.00120	0.00174	0.00687	0.00355	0.00308
57	0.00517	0.00377	0.00502	0.00502	0.00555	0.00418	0.00367	0.00658	0.05691	0.00836	0.02077	0.07271	0.01095	0.23275	0.48372	0.00410	0.01288	0.01448	0.04046	0.00295
58	0.02740	0.02917	0.00977	0.00795	0.01024	0.31611	0.00631	0.39823	0.10205	0.04780	0.00785	0.00800	0.00584	0.00392	0.00326	0.00098	0.00446	0.00282	0.00280	0.00505
59	0.00703	0.00623	0.04993	0.00761	0.00935	0.00578	0.10872	0.10793	0.05384	0.01196	0.01410	0.02675	0.01422	0.00707	0.00423	0.00135	0.00358	0.50415	0.00288	0.05327
60	0.06072	0.09032	0.01024	0.09619	0.01117	0.32108	0.02331	0.14553	0.02413	0.06375	0.00660	0.00770	0.00521	0.00495	0.04973	0.00124	0.06897	0.00265	0.00216	0.00436
61	0.02729	0.76546	0.01677	0.00611	0.00894	0.05872	0.00589	0.06115	0.00763	0.00903	0.00499	0.00569	0.00446	0.00303	0.00232	0.00076	0.00378	0.00193	0.00161	0.00444
62	0.00583	0.00474	0.00531	0.00507	0.01228	0.01774	0.00379	0.03167	0.20675	0.01254	0.36054	0.09704	0.20942	0.00698	0.00390	0.00114	0.00207	0.00601	0.00346	0.00372
63	0.01662	0.00564	0.00654	0.00488	0.00754	0.00437	0.00386	0.00843	0.00708	0.01838	0.00730	0.05556	0.00639	0.00314	0.00262	0.00059	0.00242	0.00257	0.08527	0.75079
64	0.00416	0.00303	0.00392	0.00463	0.00493	0.00279	0.00312	0.00478	0.00667	0.00878	0.02044	0.79272	0.10643	0.01051	0.00433	0.00137	0.00196	0.00947	0.00318	0.00279
65	0.88733	0.00660	0.00508	0.00453	0.00665	0.00762	0.00373	0.01018	0.00590	0.03116	0.00493	0.00567	0.00379	0.00320	0.00214	0.00106	0.00265	0.00188	0.00216	0.00374
66	0.00497	0.00333	0.00381	0.00381	0.00384	0.00336	0.00217	0.00502	0.00500	0.00669	0.01071	0.02199	0.01227	0.84232	0.05464	0.00341	0.00357	0.00492	0.00206	0.00212
67	0.88102	0.00659	0.00510	0.00454	0.00667	0.00761	0.00374	0.01023	0.00592	0.03716	0.00499	0.00571	0.00383	0.00320	0.00215	0.00106	0.00265	0.00189	0.00217	0.00376
68	0.00487	0.00353	0.00439	0.00417	0.00508	0.00318	0.00313	0.00630	0.00921	0.03029	0.64313	0.04395	0.21134	0.00737	0.00403	0.00110	0.00167	0.00643	0.00364	0.00320
69	0.00922	0.00714	0.00776	0.00684	0.00879	0.00802	0.00546	0.15849	0.54785	0.05645	0.01321	0.01447	0.01039	0.00497	0.00354	0.00116	0.00289	0.08541	0.04275	0.00518
70	0.01468	0.00632	0.00818	0.00633	0.00894	0.00584	0.00521	0.10578	0.06153	0.71953	0.01295	0.01134	0.00830	0.00424	0.00344	0.00106	0.00299	0.00343	0.00410	0.00580
71	0.00705	0.00662	0.01099	0.40351	0.35464	0.00737	0.00908	0.00904	0.00731	0.00991	0.03990	0.04029	0.04396	0.00397	0.00374	0.00111	0.03179	0.00357	0.00180	0.00435
72	0.07437	0.00984	0.01008	0.00870	0.07457	0.08947	0.00660	0.63432	0.02123	0.02608	0.00766	0.00793	0.00557	0.00391	0.00330	0.00102	0.00392	0.00292	0.00305	0.00547
73	0.06291	0.00718	0.00763	0.00660	0.00873	0.00785	0.00524	0.10724	0.53715	0.01448	0.01181	0.01241	0.00924	0.00445	0.00332	0.00107	0.00282	0.04917	0.00316	0.13757
74	0.03094	0.05664	0.07406	0.00731	0.00976	0.09121	0.06360	0.15407	0.06671	0.24997	0.07013	0.03574	0.03902	0.00455	0.00356	0.00106	0.01711	0.01659	0.00306	0.00490
75	0.03948	0.20447	0.40615	0.00911	0.04959	0.00951	0.06138	0.13300	0.00857	0.03911	0.00639	0.00725	0.00477	0.00330	0.00307	0.00100	0.00441	0.00258	0.00188	0.00499
76	0.00906	0.00524	0.00639	0.00560	0.00714	0.00527	0.00433	0.09159	0.13020	0.25252	0.05690	0.10989	0.08028	0.08418	0.10480	0.00182	0.00343	0.01245	0.02459	0.00433
77	0.00751	0.00761	0.05182	0.48502	0.08809	0.05480	0.03524	0.06995	0.05289	0.01042	0.00744	0.06150	0.00615	0.00389	0.00343	0.00109	0.00427	0.00341	0.00191	0.04354
78	0.03710	0.05414	0.04778	0.30264	0.20493	0.09026	0.00809	0.01679	0.00783	0.09612	0.05274	0.05186	0.00746	0.00394	0.00335	0.00106	0.00406	0.00337	0.00209	0.00440
79	0.06150	0.00405	0.00536	0.00525	0.00627	0.00381	0.02337	0.00822	0.00747	0.20073	0.04565	0.49864	0.01742	0.00810	0.00392	0.00126	0.00234	0.04592	0.04710	0.00361
80	0.05689	0.51444	0.05458	0.00870	0.10361	0.04340	0.10232	0.01069	0.00733	0.04043	0.00562	0.00661	0.00472	0.00302	0.00267	0.00086	0.00399	0.00233	0.00168	0.02608
81	0.18755	0.00637	0.00739	0.05847	0.05034	0.00587	0.00482	0.00898	0.00675	0.01169	0.00574	0.00700	0.00475	0.00293	0.00302	0.00074	0.05071	0.00216	0.00197	0.57276
82	0.04268	0.00805	0.00788	0.00705	0.00885	0.09738	0.00551	0.06027	0.57813	0.02462	0.01171	0.01159	0.00900	0.00611	0.06906	0.00146	0.03352	0.00908	0.00306	0.00497
83	0.30059	0.07141	0.00897	0.00653	0.00904	0.04498	0.04202	0.24032	0.00994	0.22319	0.00796	0.00796	0.00559	0.00367	0.00293	0.00102	0.00338	0.00269	0.00291	0.00490
84	0.00433	0.00350	0.00390	0.00400	0.00500	0.00302	0.00299	0.00526	0.00766	0.00958	0.08519	0.19308	0.55820	0.00876	0.00409	0.00120	0.00189	0.05847	0.00317	0.03673
85	0.00654	0.00424	0.00515	0.00467	0.00585	0.00404	0.00355	0.02067	0.09481	0.11812	0.46326	0.02851	0.15109	0.05465	0.00461	0.00121	0.00203	0.00563	0.01765	0.00369
86	0.00760	0.00413	0.00514	0.00457	0.00590	0.00378	0.00354	0.00928	0.03684	0.21968	0.37443	0.03973	0.14012	0.00616	0.00366	0.00106	0.00199	0.00526	0.12326	0.00387
87	0.00473	0.00334	0.00379	0.00382	0.00413	0.00319	0.00238	0.00511	0.00612	0.00804	0.10837	0.08625	0.17093	0.56118	0.01254	0.00253	0.00274	0.00586	0.00254	0.00240
88	0.00698	0.00674	0.01039	0.62381	0.06617	0.02980	0.00899	0.00923	0.03854	0.00899	0.00610	0.00887	0.00481	0.00388	0.00474	0.00119	0.15218	0.00304	0.00161	0.00394
89	0.00804	0.00912	0.01960	0.01409	0.01734	0.00876	0.79519	0.01079	0.00790	0.01079	0.00677	0.00912	0.00515	0.00307	0.00447	0.00117	0.05837	0.00397	0.00172	0.00456
90	0.25613	0.00650	0.00715	0.00579	0.00814	0.00665	0.00474	0.11762	0.08548	0.40300	0.01037	0.00972	0.00704	0.00395	0.00302	0.00105	0.00285	0.00299	0.05274	0.00506
91	0.00915	0.88184	0.01793	0.00585	0.00878	0.01354	0.00585	0.01024	0.00695	0.00805	0.00476	0.00549	0.00439	0.00293	0.00219	0.00073	0.00366	0.00183	0.00146	0.00439
92	0.00763	0.00558	0.00568	0.00564	0.05299	0.10174	0.00401	0.00923	0.03756	0.12766	0.19679	0.01923	0.21857	0.00571	0.00346	0.00101	0.00251	0.00474	0.18648	0.00377
93	0.90395	0.00662	0.00503	0.00450	0.00662	0.00767	0.00370	0.01006	0.00582	0.01535	0.00476	0.00556	0.00370	0.00318	0.00212	0.00106	0.00265	0.00185	0.00212	0.00370
94	0.00698	0.06379	0.81703	0.00954	0.01448	0.00824	0.01228	0.01080	0.00721	0.01068	0.00606	0.00713	0.00434	0.00323	0.00319	0.00106	0.00498	0.00249	0.00145	0.00502
95	0.00489	0.00365	0.00545	0.00545	0.00604	0.00425	0.00421	0.00607	0.00548	0.00790	0.00921	0.01370	0.00867	0.05083	0.84121	0.00543	0.00899	0.00370	0.00184	0.00303
96	0.00421	0.00309	0.00395	0.00455	0.00493	0.00283	0.00310	0.00493	0.00699	0.00923	0.09221	0.68978	0.13742	0.01012	0.00429	0.00133	0.00192	0.00908	0.00323	0.00283
97	0.00646	0.00608	0.01026	0.87156	0.02356	0.00760	0.00950	0.00874	0.00684	0.00874	0.00608	0.00912	0.00456	0.00342	0.00342	0.00114	0.00456	0.00304	0.00152	0.00380
98	0.09193	0.42622	0.16811	0.05316	0.01076	0.10963	0.00726	0.04728	0.00754	0.00990	0.00528	0.00628	0.00439	0.00327	0.00294	0.00091	0.03693	0.00216	0.00165	0.00441
99	0.00688	0.01699	0.80361	0.00987	0.01476	0.00788	0.05317	0.01075	0.00731	0.01090	0.02335	0.00769	0.00494	0.00331	0.00330	0.00109	0.00502	0.00268	0.00151	0.00500
100	0.01720	0.60069	0.06578	0.02436	0.04147	0.01993	0.00646	0.02122	0.05241	0.08515	0.00624	0.00682	0.00513	0.00329	0.00282	0.00086	0.03146	0.00225	0.00186	0.00463
101	0.00871	0.03100	0.05424	0.05529	0.07440	0.06964	0.00642	0.05723	0.52289	0.02191	0.01238	0.01203	0.04994	0.00442	0.00342	0.00111	0.00332	0.00364	0.00294	0.00508
102	0.00448	0.00328	0.00420	0.00474	0.00520	0.00307	0.00335	0.02209	0.00724	0.00956	0.08607	0.62550	0.12684	0.00994	0.00431	0.00134	0.00205	0.07058	0.00322	0.00292

[dist]
# distance from previous block
# <min> <max>
0	33

# created by:
# /home/cegg/simao/soft/augustus-3.2.1/scripts/msa2prfl.pl ./align_prep/EOG092C4X4T.fa
