[name]
unknown

[dist]
# distance from previous block
# <min> <max>
0	50

[block]
# block no. 0 follows, 72 sequences, length 29
# corresponding to MSA columns:
# 86-114
name=unknown_A
#
# <colnr> <probs for GDERKNQSTAVLIFYWHMCP>
#	G	D	E	R	K	N	Q	S	T	A	V	L	I	F	Y	W	H	M	C	P
0	0.06086	0.11942	0.06013	0.08811	0.05203	0.14253	0.02628	0.07272	0.03928	0.08327	0.01967	0.01485	0.01839	0.00591	0.03426	0.00137	0.00465	0.13298	0.00262	0.02066
1	0.04448	0.23715	0.23840	0.00883	0.04973	0.04034	0.02301	0.12015	0.01793	0.07296	0.03896	0.07528	0.00819	0.00451	0.00343	0.00110	0.00431	0.00355	0.00245	0.00523
2	0.00846	0.10149	0.06145	0.39547	0.14625	0.06729	0.00930	0.02631	0.00824	0.02604	0.00805	0.08535	0.00707	0.00439	0.00367	0.00117	0.00465	0.00377	0.00200	0.02959
3	0.02595	0.06571	0.44626	0.01021	0.06241	0.08395	0.01059	0.05170	0.02459	0.08217	0.01753	0.03521	0.01922	0.00429	0.00400	0.00118	0.04419	0.00328	0.00219	0.00537
4	0.00786	0.00519	0.00654	0.00667	0.05632	0.01413	0.00476	0.02849	0.08628	0.13330	0.22034	0.12691	0.15655	0.00803	0.00494	0.05071	0.00267	0.07244	0.00367	0.00420
5	0.01068	0.00745	0.00958	0.17707	0.01292	0.00814	0.01986	0.23521	0.08126	0.15464	0.10150	0.04521	0.04691	0.00538	0.00442	0.00123	0.05126	0.00438	0.00338	0.01953
6	0.00835	0.00809	0.05062	0.49813	0.25353	0.00861	0.01054	0.02170	0.05422	0.03871	0.00764	0.01012	0.00584	0.00378	0.00378	0.00122	0.00474	0.00341	0.00198	0.00498
7	0.00527	0.00376	0.00479	0.00537	0.00579	0.00365	0.00365	0.00669	0.06742	0.02339	0.06761	0.68054	0.02368	0.07218	0.00577	0.00165	0.00236	0.00960	0.00351	0.00332
8	0.00653	0.00371	0.00524	0.00512	0.00517	0.00395	0.00348	0.00548	0.00521	0.00717	0.00759	0.01358	0.00778	0.14851	0.03061	0.64333	0.06082	0.00367	0.03105	0.00201
9	0.00696	0.00637	0.01055	0.58254	0.12988	0.00747	0.00932	0.00909	0.00766	0.01004	0.00953	0.17538	0.00906	0.00530	0.00399	0.00130	0.00443	0.00481	0.00207	0.00423
10	0.01072	0.00580	0.00709	0.00598	0.00788	0.00566	0.00474	0.08253	0.11487	0.29134	0.28827	0.01801	0.01821	0.00572	0.00389	0.00115	0.00262	0.00481	0.11562	0.00508
11	0.00772	0.00628	0.00718	0.17078	0.01025	0.11069	0.00535	0.04727	0.00702	0.00871	0.00803	0.02737	0.00777	0.14716	0.07854	0.33646	0.00471	0.00375	0.00196	0.00299
12	0.00847	0.00935	0.05834	0.57426	0.14036	0.12487	0.01044	0.01085	0.00819	0.01015	0.00668	0.00944	0.00515	0.00374	0.00372	0.00120	0.00525	0.00321	0.00175	0.00457
13	0.00943	0.00815	0.00858	0.00772	0.00986	0.00943	0.00600	0.02015	0.83621	0.01586	0.01544	0.01415	0.01158	0.00515	0.00386	0.00129	0.00300	0.00429	0.00386	0.00600
14	0.00740	0.00458	0.00562	0.00514	0.00653	0.00422	0.00394	0.00948	0.06747	0.15651	0.38493	0.07624	0.22800	0.00778	0.00435	0.00124	0.00220	0.01621	0.00403	0.00412
15	0.00765	0.00729	0.01065	0.04704	0.19846	0.00887	0.00785	0.00892	0.00721	0.01035	0.05991	0.02764	0.12023	0.03701	0.00869	0.00151	0.41986	0.00437	0.00216	0.00433
16	0.00775	0.01862	0.75906	0.01136	0.01678	0.00889	0.10101	0.01203	0.00811	0.01203	0.00690	0.00824	0.00491	0.00356	0.00370	0.00121	0.00569	0.00298	0.00164	0.00555
17	0.00582	0.00416	0.00578	0.00666	0.00740	0.00412	0.00561	0.00736	0.00845	0.01103	0.02024	0.20068	0.02245	0.01075	0.00516	0.00171	0.00324	0.66246	0.00350	0.00341
18	0.00591	0.00383	0.00484	0.00478	0.00564	0.00356	0.00355	0.00745	0.00956	0.04400	0.48798	0.17810	0.05423	0.00802	0.00426	0.00123	0.00197	0.02983	0.13769	0.00357
19	0.01020	0.00865	0.01276	0.20530	0.15943	0.07084	0.13342	0.06203	0.05814	0.12844	0.02226	0.03993	0.00763	0.00478	0.01856	0.00131	0.04470	0.00391	0.00256	0.00516
20	0.00983	0.75838	0.10647	0.00703	0.01044	0.01427	0.00732	0.01137	0.00769	0.00925	0.00543	0.00634	0.00486	0.00337	0.00281	0.00087	0.02558	0.00214	0.00162	0.00493
21	0.00716	0.00674	0.01138	0.85760	0.02612	0.00843	0.01053	0.00969	0.00758	0.00969	0.00674	0.01011	0.00506	0.00379	0.00379	0.00126	0.00506	0.00337	0.00169	0.00421
22	0.84960	0.02376	0.03192	0.00520	0.00766	0.00864	0.00446	0.01118	0.00653	0.01671	0.00533	0.00622	0.00414	0.00352	0.00239	0.00117	0.00304	0.00208	0.00231	0.00417
23	0.00543	0.00402	0.00589	0.00589	0.00649	0.00463	0.00448	0.00664	0.00603	0.00865	0.01035	0.01595	0.00994	0.11712	0.76364	0.00584	0.00947	0.00422	0.00206	0.00327
24	0.02373	0.02596	0.24731	0.00787	0.01060	0.00704	0.04830	0.06053	0.11229	0.06293	0.02964	0.09196	0.07706	0.09851	0.04636	0.00176	0.00427	0.03642	0.00278	0.00470
25	0.00628	0.00482	0.00559	0.00541	0.00656	0.00476	0.00406	0.09105	0.08604	0.01343	0.25287	0.23445	0.22790	0.00875	0.00446	0.00132	0.00233	0.03228	0.00376	0.00387
26	0.01323	0.05997	0.01024	0.00780	0.01042	0.07950	0.00636	0.28282	0.19761	0.22847	0.03522	0.01220	0.00932	0.00483	0.00376	0.00116	0.00380	0.02360	0.00376	0.00593
27	0.00894	0.19164	0.27035	0.05890	0.03688	0.04907	0.27878	0.01199	0.02099	0.01117	0.00683	0.00853	0.00528	0.00350	0.00383	0.00115	0.02200	0.00325	0.00177	0.00515
28	0.02407	0.17303	0.38205	0.01020	0.07538	0.03032	0.03561	0.04739	0.05468	0.05721	0.00824	0.01020	0.00653	0.00468	0.02635	0.00128	0.00494	0.04032	0.00214	0.00538

[dist]
# distance from previous block
# <min> <max>
0	2

[block]
# block no. 1 follows, 72 sequences, length 14
# corresponding to MSA columns:
# 117-130
name=unknown_B
#
# <colnr> <probs for GDERKNQSTAVLIFYWHMCP>
#	G	D	E	R	K	N	Q	S	T	A	V	L	I	F	Y	W	H	M	C	P
0	0.02175	0.14075	0.07221	0.01082	0.13765	0.21492	0.03005	0.04062	0.06654	0.03647	0.06556	0.00974	0.00791	0.00438	0.00452	0.00112	0.10439	0.00321	0.00228	0.02512
1	0.00532	0.00413	0.00495	0.00530	0.00625	0.00390	0.00411	0.00710	0.06182	0.01116	0.09369	0.23325	0.32057	0.00993	0.00472	0.00145	0.00244	0.21286	0.00359	0.00346
2	0.01257	0.17482	0.01229	0.00788	0.01085	0.02630	0.00665	0.46489	0.11692	0.04930	0.00914	0.00916	0.00680	0.00424	0.00346	0.00105	0.00391	0.00317	0.00327	0.07334
3	0.00493	0.00358	0.00480	0.03076	0.00622	0.00350	0.00385	0.00571	0.00716	0.00952	0.01928	0.62348	0.04410	0.09238	0.06775	0.00207	0.00308	0.06148	0.00324	0.00309
4	0.02409	0.38735	0.21647	0.00868	0.01235	0.07803	0.07962	0.05145	0.00889	0.07315	0.02336	0.00806	0.00594	0.00364	0.00318	0.00101	0.00473	0.00275	0.00206	0.00518
5	0.04157	0.21002	0.23266	0.12941	0.03544	0.03795	0.07790	0.05347	0.05323	0.01170	0.00790	0.06353	0.00670	0.00423	0.00364	0.00115	0.01900	0.00345	0.00205	0.00499
6	0.00552	0.00368	0.00414	0.00414	0.00414	0.00368	0.00230	0.00552	0.00552	0.00735	0.01195	0.02482	0.01379	0.86672	0.01930	0.00368	0.00368	0.00552	0.00230	0.00230
7	0.00785	0.00728	0.01194	0.30846	0.29603	0.00795	0.04679	0.02541	0.02935	0.01172	0.09291	0.04447	0.03737	0.00479	0.00429	0.00124	0.03594	0.01915	0.00227	0.00479
8	0.01161	0.05994	0.14114	0.07263	0.03976	0.02253	0.08463	0.15880	0.03038	0.22584	0.02612	0.01085	0.00749	0.00479	0.01719	0.00128	0.06257	0.01390	0.00297	0.00558
9	0.00902	0.03311	0.12643	0.15994	0.22405	0.00908	0.14565	0.06326	0.05371	0.03906	0.01963	0.02399	0.00706	0.00417	0.00432	0.00124	0.04664	0.02216	0.00221	0.00528
10	0.00585	0.02498	0.00615	0.00572	0.00630	0.00510	0.00433	0.00691	0.00633	0.00909	0.02985	0.01767	0.03293	0.20298	0.48215	0.00448	0.06787	0.01883	0.05923	0.00325
11	0.06996	0.00614	0.00701	0.03305	0.00850	0.00619	0.00489	0.07495	0.13906	0.17416	0.01243	0.02860	0.00974	0.00485	0.00339	0.00108	0.00285	0.05601	0.24888	0.10827
12	0.04569	0.29758	0.02510	0.03283	0.07653	0.16521	0.00685	0.06730	0.02937	0.06359	0.00909	0.06148	0.02749	0.00464	0.00343	0.00105	0.01459	0.03693	0.00238	0.02885
13	0.11841	0.07945	0.03750	0.00727	0.00999	0.11999	0.01574	0.15798	0.05322	0.17537	0.00979	0.01044	0.01931	0.00454	0.01356	0.00111	0.00398	0.02156	0.03228	0.10852

[dist]
# distance from previous block
# <min> <max>
0	4

[block]
# block no. 2 follows, 72 sequences, length 13
# corresponding to MSA columns:
# 135-147
name=unknown_C
#
# <colnr> <probs for GDERKNQSTAVLIFYWHMCP>
#	G	D	E	R	K	N	Q	S	T	A	V	L	I	F	Y	W	H	M	C	P
0	0.00731	0.00646	0.00764	0.00684	0.04579	0.06814	0.04762	0.00920	0.03460	0.02980	0.26824	0.06338	0.12857	0.00596	0.00388	0.00103	0.00292	0.00516	0.00312	0.25434
1	0.00973	0.46446	0.05811	0.00918	0.07041	0.08478	0.10493	0.03768	0.00869	0.01057	0.04006	0.02153	0.04711	0.00405	0.00320	0.00099	0.00447	0.01319	0.00201	0.00485
2	0.00781	0.00705	0.01153	0.64660	0.09831	0.00826	0.02756	0.04324	0.00833	0.02503	0.04476	0.01080	0.00670	0.00393	0.00380	0.00122	0.00474	0.00352	0.00198	0.03484
3	0.03686	0.02962	0.04387	0.04852	0.20153	0.13614	0.02767	0.19104	0.10915	0.10784	0.02488	0.01009	0.00736	0.00417	0.00369	0.00114	0.00447	0.00340	0.00289	0.00567
4	0.03911	0.00878	0.01207	0.07550	0.20706	0.05898	0.10771	0.14035	0.12686	0.04718	0.01070	0.06980	0.00921	0.00500	0.00398	0.00125	0.00432	0.06402	0.00281	0.00531
5	0.00517	0.00378	0.00498	0.00574	0.00635	0.00359	0.00442	0.00629	0.00801	0.01040	0.02298	0.43754	0.13529	0.01103	0.00494	0.00158	0.00266	0.31850	0.00351	0.00325
6	0.03377	0.01162	0.01135	0.03118	0.12569	0.29039	0.06297	0.14469	0.08965	0.05403	0.00888	0.01060	0.00708	0.00437	0.00387	0.00113	0.02374	0.03452	0.04531	0.00515
7	0.00547	0.00371	0.00424	0.00431	0.00442	0.00367	0.00257	0.00563	0.00588	0.00777	0.01384	0.05532	0.05089	0.75484	0.01742	0.00340	0.00354	0.04821	0.00246	0.00243
8	0.00932	0.02261	0.01110	0.00886	0.02196	0.00788	0.17068	0.22170	0.04572	0.04848	0.12046	0.07918	0.01281	0.06522	0.06652	0.02382	0.03834	0.01755	0.00305	0.00474
9	0.01312	0.00601	0.00764	0.00623	0.00850	0.00562	0.00501	0.04973	0.08736	0.50081	0.12744	0.03502	0.01348	0.00528	0.00379	0.00116	0.00285	0.00439	0.11098	0.00559
10	0.00955	0.00945	0.02375	0.18642	0.06796	0.15028	0.09135	0.10760	0.04561	0.03247	0.06447	0.05680	0.05741	0.00514	0.00464	0.00123	0.07436	0.00425	0.00254	0.00470
11	0.00904	0.00861	0.00980	0.04274	0.10934	0.10544	0.00656	0.05760	0.00854	0.01199	0.00724	0.04822	0.00643	0.00410	0.00453	0.00094	0.12340	0.00307	0.00221	0.43021
12	0.01138	0.03942	0.06411	0.07348	0.04006	0.04834	0.02032	0.33942	0.13301	0.05464	0.04259	0.01086	0.00819	0.00457	0.00407	0.00116	0.03802	0.01187	0.00314	0.05134

[dist]
# distance from previous block
# <min> <max>
0	24

[block]
# block no. 3 follows, 72 sequences, length 7
# corresponding to MSA columns:
# 174-180
name=unknown_D
#
# <colnr> <probs for GDERKNQSTAVLIFYWHMCP>
#	G	D	E	R	K	N	Q	S	T	A	V	L	I	F	Y	W	H	M	C	P
0	0.33225	0.11482	0.16207	0.04276	0.01260	0.06604	0.14625	0.03055	0.03776	0.01362	0.00651	0.00773	0.00501	0.00357	0.00316	0.00115	0.00451	0.00278	0.00209	0.00478
1	0.05366	0.00876	0.01304	0.05153	0.03365	0.03023	0.25817	0.13266	0.14914	0.02996	0.00985	0.06726	0.00805	0.00434	0.00386	0.00115	0.00437	0.00412	0.00274	0.13347
2	0.00473	0.00366	0.00424	0.00448	0.00528	0.00325	0.00317	0.00567	0.00835	0.01070	0.16194	0.30585	0.39417	0.06015	0.00546	0.00149	0.00209	0.00858	0.00356	0.00317
3	0.06638	0.00426	0.00560	0.00535	0.00601	0.00443	0.00385	0.00742	0.00651	0.09138	0.06613	0.07202	0.01163	0.15717	0.17521	0.27991	0.02669	0.00452	0.00247	0.00302
4	0.00586	0.00396	0.00495	0.00464	0.00568	0.00361	0.00350	0.00751	0.01024	0.05105	0.62795	0.02792	0.15406	0.00767	0.00432	0.00118	0.00187	0.00667	0.06371	0.00365
5	0.00750	0.01125	0.33329	0.00856	0.01101	0.00794	0.00881	0.01004	0.03859	0.03822	0.00833	0.01234	0.00745	0.15939	0.12018	0.00239	0.20463	0.00366	0.00198	0.00444
6	0.00550	0.00373	0.00441	0.00441	0.00450	0.00382	0.00264	0.00569	0.00560	0.00755	0.01170	0.02344	0.01319	0.75043	0.13477	0.00401	0.00458	0.00531	0.00226	0.00245

[dist]
# distance from previous block
# <min> <max>
3	6

[block]
# block no. 4 follows, 72 sequences, length 10
# corresponding to MSA columns:
# 187-196
name=unknown_E
#
# <colnr> <probs for GDERKNQSTAVLIFYWHMCP>
#	G	D	E	R	K	N	Q	S	T	A	V	L	I	F	Y	W	H	M	C	P
0	0.05289	0.06315	0.14636	0.05026	0.16991	0.02059	0.05106	0.06633	0.06433	0.10588	0.01885	0.03313	0.00718	0.00405	0.00371	0.00110	0.01963	0.00340	0.00252	0.11568
1	0.04486	0.01048	0.01228	0.01185	0.17550	0.10524	0.07074	0.35847	0.07062	0.05890	0.00875	0.00938	0.00652	0.00409	0.00371	0.00112	0.00449	0.00337	0.00301	0.03660
2	0.00508	0.00379	0.00462	0.00468	0.00549	0.00346	0.00342	0.00631	0.00907	0.01212	0.38054	0.15801	0.24422	0.08608	0.00591	0.00152	0.00216	0.05652	0.00369	0.00328
3	0.79196	0.00762	0.00614	0.00538	0.00777	0.00880	0.00442	0.07550	0.03817	0.01751	0.00596	0.00669	0.00457	0.00366	0.00252	0.00117	0.00303	0.00224	0.00252	0.00436
4	0.00665	0.00512	0.00687	0.00794	0.14363	0.00486	0.00504	0.00884	0.06419	0.05472	0.35726	0.05159	0.23384	0.00738	0.00431	0.00123	0.00248	0.02628	0.00360	0.00417
5	0.07173	0.00974	0.05573	0.01836	0.55422	0.03047	0.05244	0.09214	0.00954	0.05848	0.00760	0.00923	0.00600	0.00359	0.00368	0.00114	0.00451	0.00332	0.00224	0.00584
6	0.01042	0.00899	0.06214	0.04139	0.01339	0.00871	0.22434	0.09881	0.15179	0.14827	0.03526	0.01151	0.00829	0.00529	0.03425	0.00142	0.08726	0.00394	0.00293	0.04159
7	0.00582	0.00417	0.00529	0.00571	0.00659	0.00400	0.00452	0.00742	0.03898	0.03401	0.08318	0.20063	0.18533	0.06166	0.00571	0.00166	0.00278	0.33554	0.00353	0.00346
8	0.00805	0.00932	0.12122	0.42915	0.30266	0.00872	0.04544	0.01076	0.00805	0.01101	0.00692	0.00960	0.00538	0.00360	0.00378	0.00121	0.00500	0.00335	0.00175	0.00504
9	0.06362	0.04538	0.04805	0.04892	0.18013	0.10220	0.11275	0.03166	0.13169	0.10741	0.02801	0.03750	0.03705	0.00445	0.00376	0.00118	0.00437	0.00390	0.00270	0.00528

[dist]
# distance from previous block
# <min> <max>
0	3

[block]
# block no. 5 follows, 72 sequences, length 32
# corresponding to MSA columns:
# 200-231
name=unknown_F
#
# <colnr> <probs for GDERKNQSTAVLIFYWHMCP>
#	G	D	E	R	K	N	Q	S	T	A	V	L	I	F	Y	W	H	M	C	P
0	0.00548	0.00382	0.00454	0.00467	0.00491	0.00384	0.00294	0.00620	0.03678	0.00864	0.04876	0.17871	0.03185	0.56072	0.06175	0.00314	0.00363	0.02419	0.00269	0.00274
1	0.04239	0.00519	0.00571	0.00538	0.00673	0.04317	0.00409	0.00976	0.05304	0.14997	0.20105	0.17011	0.16989	0.00763	0.00413	0.00125	0.00252	0.03306	0.08085	0.00408
2	0.08565	0.02015	0.14553	0.01033	0.06720	0.05357	0.13895	0.10065	0.04615	0.04059	0.02422	0.01245	0.10374	0.00494	0.00506	0.00126	0.12822	0.00393	0.00247	0.00497
3	0.04009	0.00759	0.05360	0.07550	0.01059	0.02486	0.05048	0.02986	0.08693	0.01109	0.05209	0.01548	0.10811	0.06896	0.08046	0.00196	0.26173	0.01404	0.00241	0.00418
4	0.00539	0.00395	0.00489	0.00518	0.00599	0.00388	0.00389	0.00700	0.04639	0.01100	0.08431	0.27047	0.20925	0.01232	0.12976	0.00208	0.00343	0.10173	0.08568	0.00342
5	0.02451	0.12645	0.14609	0.00878	0.06095	0.03311	0.06195	0.10875	0.03566	0.11558	0.08902	0.09175	0.07060	0.00539	0.00380	0.00117	0.00390	0.00455	0.00293	0.00506
6	0.02266	0.12126	0.33542	0.01080	0.07839	0.03755	0.08196	0.14688	0.02865	0.08934	0.00797	0.00877	0.00582	0.00380	0.00358	0.00113	0.00489	0.00310	0.00237	0.00566
7	0.09438	0.05604	0.02668	0.05445	0.20727	0.13939	0.15944	0.05197	0.00888	0.01212	0.00824	0.01050	0.04053	0.00427	0.00456	0.00120	0.08970	0.02337	0.00210	0.00492
8	0.12273	0.02827	0.01129	0.01109	0.13196	0.44456	0.02683	0.09806	0.01027	0.02404	0.00642	0.00759	0.00520	0.00398	0.00389	0.00108	0.05294	0.00274	0.00220	0.00485
9	0.00557	0.00404	0.00489	0.00485	0.00548	0.00405	0.00344	0.00630	0.00700	0.02949	0.03558	0.05221	0.25701	0.33184	0.15714	0.00305	0.03291	0.04934	0.00278	0.00303
10	0.01989	0.00855	0.05175	0.10129	0.10391	0.02450	0.12724	0.08865	0.02635	0.07194	0.01875	0.01159	0.00730	0.05226	0.06808	0.00176	0.15964	0.01866	0.00235	0.03553
11	0.01048	0.02320	0.01025	0.13825	0.04750	0.08479	0.01671	0.08807	0.31450	0.09887	0.02276	0.01199	0.02448	0.00486	0.00461	0.00125	0.08516	0.00380	0.00308	0.00538
12	0.72942	0.00664	0.00542	0.00500	0.00701	0.00755	0.00400	0.01023	0.00692	0.01616	0.08181	0.08957	0.00894	0.00469	0.00277	0.00121	0.00276	0.00331	0.00262	0.00396
13	0.00454	0.00384	0.00393	0.00393	0.00517	0.00323	0.00294	0.00556	0.00876	0.01057	0.09234	0.04946	0.77377	0.00952	0.00449	0.00128	0.00192	0.00797	0.00357	0.00323
14	0.00516	0.00368	0.00456	0.00505	0.00550	0.00352	0.00357	0.00593	0.00725	0.00954	0.02049	0.35112	0.13578	0.23255	0.02540	0.00217	0.00292	0.14892	0.02391	0.00298
15	0.00485	0.00386	0.00435	0.00423	0.00535	0.00336	0.00317	0.00616	0.00951	0.01231	0.37197	0.03310	0.50668	0.00884	0.00448	0.00124	0.00187	0.00753	0.00379	0.00336
16	0.00776	0.00581	0.00677	0.00631	0.00763	0.00646	0.00479	0.05691	0.30779	0.03445	0.01405	0.06109	0.04577	0.08669	0.22815	0.03965	0.00485	0.00468	0.06597	0.00440
17	0.00996	0.00901	0.02093	0.01106	0.09789	0.06411	0.22054	0.11777	0.00999	0.07231	0.04822	0.01179	0.04117	0.00424	0.00428	0.00110	0.04997	0.01570	0.01108	0.17889
18	0.12863	0.01016	0.08620	0.00962	0.07330	0.12695	0.10987	0.09991	0.06606	0.08260	0.15712	0.01254	0.01147	0.00460	0.00374	0.00117	0.00423	0.00388	0.00291	0.00503
19	0.07440	0.00899	0.01004	0.00984	0.14287	0.11301	0.02296	0.12547	0.04505	0.13699	0.01965	0.05499	0.00781	0.00432	0.00364	0.00104	0.01717	0.00349	0.00288	0.19540
20	0.00547	0.00417	0.00524	0.00545	0.00650	0.00374	0.00421	0.00672	0.00836	0.01114	0.10798	0.29374	0.18001	0.00953	0.00459	0.00139	0.00252	0.22408	0.00343	0.11173
21	0.01167	0.00966	0.00981	0.00823	0.01072	0.05499	0.00655	0.34301	0.46610	0.01872	0.01240	0.01175	0.00918	0.00484	0.00381	0.00121	0.00367	0.00384	0.00373	0.00610
22	0.06491	0.00749	0.00852	0.00632	0.00951	0.00663	0.00513	0.16907	0.01008	0.12226	0.00817	0.00865	0.00617	0.00343	0.00310	0.00079	0.00313	0.00266	0.00287	0.55111
23	0.04365	0.00827	0.01027	0.00798	0.01087	0.00836	0.05455	0.30713	0.07752	0.35455	0.01204	0.01207	0.00840	0.00468	0.00381	0.00117	0.00372	0.03036	0.00394	0.03665
24	0.06461	0.00653	0.00834	0.00653	0.00922	0.00600	0.00536	0.07955	0.01099	0.64773	0.05786	0.01313	0.01029	0.00477	0.00370	0.00116	0.00313	0.00383	0.05127	0.00601
25	0.00868	0.00819	0.01018	0.23205	0.09936	0.15171	0.06539	0.01045	0.00876	0.06196	0.02607	0.12150	0.06297	0.00608	0.00414	0.00129	0.00448	0.10984	0.00257	0.00432
26	0.00932	0.00887	0.01385	0.14269	0.60061	0.04382	0.01064	0.05490	0.00917	0.01263	0.05133	0.01038	0.00742	0.00376	0.00379	0.00114	0.00452	0.00353	0.00208	0.00557
27	0.00666	0.00494	0.02678	0.00566	0.00690	0.00444	0.01995	0.04780	0.03917	0.07616	0.22037	0.24635	0.17769	0.04030	0.00504	0.00143	0.00255	0.06030	0.00367	0.00385
28	0.00483	0.00375	0.00437	0.00461	0.00548	0.00335	0.00339	0.00588	0.00854	0.01091	0.16563	0.23835	0.40892	0.04428	0.00522	0.00146	0.00216	0.07207	0.00358	0.00322
29	0.02546	0.02321	0.02829	0.03647	0.05530	0.07843	0.08577	0.06172	0.05609	0.17445	0.03851	0.02687	0.01803	0.00406	0.00354	0.00099	0.00386	0.00346	0.00289	0.27259
30	0.07496	0.00876	0.08587	0.02881	0.01074	0.00808	0.02277	0.23287	0.12033	0.20951	0.08292	0.05759	0.01094	0.00509	0.00379	0.00119	0.00357	0.00415	0.00360	0.02446
31	0.00706	0.00501	0.00598	0.00574	0.00701	0.00498	0.00448	0.05709	0.11614	0.06410	0.21989	0.09343	0.17307	0.06127	0.00540	0.00150	0.00266	0.15742	0.00373	0.00403

[dist]
# distance from previous block
# <min> <max>
1	9

[block]
# block no. 6 follows, 72 sequences, length 85
# corresponding to MSA columns:
# 241-283,286-327
name=unknown_G
#
# <colnr> <probs for GDERKNQSTAVLIFYWHMCP>
#	G	D	E	R	K	N	Q	S	T	A	V	L	I	F	Y	W	H	M	C	P
0	0.02239	0.00939	0.03287	0.09037	0.14519	0.10284	0.06142	0.10201	0.21267	0.01363	0.04552	0.02107	0.05349	0.02733	0.00464	0.00128	0.04192	0.00405	0.00276	0.00515
1	0.00513	0.00378	0.00435	0.00451	0.00549	0.00334	0.00332	0.00619	0.00860	0.03401	0.13758	0.24950	0.44260	0.00966	0.00452	0.00134	0.00206	0.03576	0.03495	0.00333
2	0.00773	0.05272	0.80022	0.01073	0.01621	0.00906	0.02800	0.01199	0.00801	0.01189	0.00676	0.00797	0.00482	0.00358	0.00357	0.00119	0.00556	0.00280	0.00161	0.00557
3	0.00832	0.04483	0.07139	0.00640	0.00821	0.00677	0.00549	0.02267	0.18956	0.09814	0.08626	0.03323	0.16721	0.00636	0.00498	0.02796	0.08687	0.00482	0.11599	0.00457
4	0.00550	0.00367	0.00414	0.00416	0.00416	0.00367	0.00232	0.00551	0.00554	0.00739	0.01210	0.03894	0.01398	0.85234	0.01906	0.00364	0.00365	0.00560	0.00232	0.00231
5	0.00830	0.00762	0.02641	0.01116	0.13884	0.02879	0.16530	0.08987	0.02371	0.03047	0.04172	0.22576	0.02051	0.00660	0.00484	0.00133	0.05995	0.06826	0.00279	0.03778
6	0.00748	0.08434	0.63275	0.00971	0.01435	0.00852	0.03323	0.01118	0.00832	0.01209	0.10883	0.03521	0.00920	0.00431	0.00368	0.00118	0.00494	0.00351	0.00198	0.00521
7	0.03816	0.09589	0.23307	0.00996	0.05365	0.03745	0.09133	0.15263	0.04535	0.19214	0.00918	0.00951	0.00649	0.00398	0.00363	0.00115	0.00458	0.00327	0.00281	0.00576
8	0.00962	0.42890	0.33620	0.00834	0.01239	0.02199	0.00936	0.08154	0.00874	0.02597	0.00648	0.00754	0.00522	0.01899	0.00334	0.00105	0.00467	0.00254	0.00187	0.00526
9	0.00467	0.00334	0.00446	0.00534	0.00558	0.00312	0.00361	0.00537	0.00731	0.00974	0.02088	0.83670	0.02497	0.01183	0.00485	0.00155	0.00224	0.03783	0.00352	0.00309
10	0.00518	0.00409	0.00602	0.00607	0.00685	0.00380	0.06994	0.00632	0.00810	0.01075	0.11750	0.52283	0.11998	0.01030	0.00476	0.00147	0.00258	0.08664	0.00347	0.00336
11	0.00538	0.00383	0.00481	0.00459	0.00528	0.00359	0.00325	0.00672	0.00943	0.01319	0.62079	0.02770	0.05160	0.21423	0.00804	0.00179	0.00225	0.00657	0.00371	0.00326
12	0.01417	0.01808	0.01075	0.00977	0.01172	0.85149	0.00733	0.01514	0.01075	0.00928	0.00586	0.00684	0.00489	0.00391	0.00342	0.00098	0.00684	0.00244	0.00195	0.00440
13	0.00482	0.00415	0.00459	0.00504	0.05477	0.00356	0.00343	0.00589	0.00875	0.01062	0.07587	0.03449	0.75259	0.00915	0.00444	0.00127	0.00207	0.00767	0.00346	0.00339
14	0.00944	0.00808	0.00854	0.00765	0.00978	0.00931	0.00596	0.04003	0.79081	0.01605	0.04021	0.01445	0.01218	0.00521	0.00388	0.00128	0.00299	0.00434	0.00387	0.00594
15	0.00874	0.00854	0.01337	0.07869	0.28141	0.01034	0.05632	0.03165	0.00738	0.01081	0.00623	0.00928	0.00558	0.00516	0.00822	0.00142	0.43830	0.01188	0.00182	0.00486
16	0.00830	0.00830	0.01162	0.00996	0.00996	0.01162	0.00830	0.00913	0.00581	0.00913	0.00498	0.00830	0.00498	0.00664	0.01245	0.00166	0.85977	0.00332	0.00166	0.00415
17	0.00799	0.04105	0.40644	0.00923	0.01274	0.00851	0.04564	0.06013	0.10080	0.01297	0.09764	0.01362	0.02493	0.02749	0.00495	0.00133	0.07344	0.04358	0.00242	0.00509
18	0.00544	0.00383	0.00495	0.00553	0.00594	0.00372	0.00381	0.06260	0.00788	0.01052	0.01922	0.73977	0.02264	0.01142	0.00537	0.05411	0.00243	0.02415	0.00343	0.00324
19	0.00537	0.00388	0.00507	0.00477	0.00567	0.00358	0.00358	0.00716	0.01074	0.01521	0.84106	0.02833	0.03578	0.00775	0.00447	0.00119	0.00179	0.00686	0.00417	0.00358
20	0.00786	0.00674	0.00786	0.00562	0.00899	0.00506	0.00449	0.00955	0.00786	0.01236	0.00674	0.00786	0.00562	0.00281	0.00281	0.00056	0.00281	0.00225	0.00225	0.88990
21	0.00885	0.00845	0.01421	0.15465	0.57228	0.00863	0.05299	0.01148	0.04094	0.01213	0.02248	0.00999	0.00658	0.00355	0.00376	0.00113	0.00448	0.00347	0.00199	0.05798
22	0.00830	0.00830	0.01162	0.00996	0.00996	0.01162	0.00830	0.00913	0.00581	0.00913	0.00498	0.00830	0.00498	0.00664	0.01245	0.00166	0.85977	0.00332	0.00166	0.00415
23	0.00609	0.01615	0.14942	0.21064	0.01244	0.00582	0.00696	0.00848	0.03034	0.01173	0.22256	0.03245	0.23623	0.00707	0.02632	0.00137	0.00354	0.00550	0.00287	0.00404
24	0.00559	0.00451	0.00617	0.06136	0.09214	0.00432	0.00476	0.00706	0.01695	0.01184	0.26411	0.26310	0.19889	0.00854	0.00444	0.00131	0.00247	0.01949	0.00341	0.01954
25	0.00481	0.00343	0.00460	0.00547	0.00577	0.00324	0.00382	0.00559	0.00742	0.00985	0.02070	0.75678	0.02457	0.02125	0.00505	0.00159	0.00237	0.10706	0.00350	0.00312
26	0.01319	0.01119	0.05213	0.00966	0.06366	0.08011	0.00766	0.57712	0.08603	0.03137	0.00924	0.00947	0.00675	0.00486	0.01894	0.00123	0.00448	0.00339	0.00340	0.00612
27	0.02021	0.13062	0.10867	0.18255	0.10282	0.00843	0.02868	0.01850	0.03497	0.06417	0.02276	0.01693	0.00666	0.00493	0.04503	0.00127	0.01541	0.00312	0.00217	0.18212
28	0.00875	0.13852	0.50566	0.00966	0.01409	0.01684	0.04663	0.06370	0.06629	0.03281	0.02070	0.01014	0.01840	0.00407	0.00358	0.00116	0.00493	0.02651	0.00211	0.00544
29	0.00775	0.06263	0.79415	0.01066	0.01612	0.00913	0.02441	0.01198	0.00800	0.01186	0.00674	0.00794	0.00482	0.00358	0.00356	0.00118	0.00554	0.00279	0.00161	0.00556
30	0.00918	0.00891	0.01551	0.08961	0.72605	0.00900	0.06281	0.01152	0.00857	0.01216	0.00714	0.00950	0.00592	0.00340	0.00380	0.00115	0.00467	0.00345	0.00186	0.00581
31	0.01027	0.00936	0.06192	0.08296	0.42527	0.06667	0.02139	0.04645	0.03275	0.11414	0.01648	0.01738	0.02681	0.00402	0.00373	0.00114	0.00436	0.00358	0.04578	0.00556
32	0.03297	0.01803	0.25457	0.02507	0.10578	0.01594	0.02079	0.11883	0.07925	0.20040	0.02736	0.04608	0.01731	0.01577	0.00397	0.00123	0.00420	0.00380	0.00298	0.00568
33	0.00466	0.00338	0.00441	0.00515	0.00549	0.00312	0.00348	0.00542	0.00760	0.01011	0.07973	0.74805	0.08253	0.01143	0.00479	0.00150	0.00215	0.01031	0.00357	0.00312
34	0.00467	0.00334	0.00437	0.00518	0.00541	0.00312	0.00343	0.00530	0.00719	0.00956	0.02083	0.79289	0.04576	0.06245	0.00569	0.00166	0.00228	0.01040	0.00345	0.00304
35	0.00977	0.04303	0.30770	0.07798	0.20166	0.07099	0.10031	0.02801	0.01949	0.09377	0.00780	0.00915	0.00577	0.00368	0.00372	0.00116	0.00515	0.00323	0.00210	0.00553
36	0.00788	0.00726	0.01183	0.54354	0.23391	0.00841	0.01012	0.01086	0.06424	0.01102	0.00771	0.01040	0.00597	0.00381	0.00373	0.00121	0.00461	0.00344	0.04527	0.00476
37	0.00535	0.00405	0.00603	0.04763	0.00748	0.00460	0.00479	0.00663	0.00639	0.00902	0.01205	0.17719	0.01225	0.02407	0.64812	0.00499	0.00839	0.00532	0.00230	0.00337
38	0.00762	0.00721	0.01220	0.68589	0.19425	0.00855	0.01076	0.01009	0.00780	0.01025	0.00682	0.00996	0.00525	0.00371	0.00378	0.00124	0.00494	0.00337	0.00172	0.00458
39	0.00476	0.00338	0.00428	0.00500	0.00539	0.00312	0.00339	0.00552	0.00747	0.01003	0.02244	0.71293	0.12079	0.01114	0.00466	0.00147	0.00214	0.01000	0.05896	0.00312
40	0.06161	0.00948	0.06642	0.03239	0.67208	0.00899	0.01093	0.01220	0.06592	0.01284	0.00757	0.00945	0.00619	0.00353	0.00367	0.00115	0.00438	0.00333	0.00202	0.00584
41	0.00766	0.10375	0.57449	0.00938	0.01392	0.00853	0.02311	0.01116	0.00821	0.01190	0.06542	0.01142	0.00811	0.00422	0.00360	0.00115	0.00485	0.05407	0.00195	0.07311
42	0.06364	0.06877	0.01020	0.00784	0.01039	0.01061	0.00636	0.31185	0.43376	0.01836	0.01184	0.01129	0.00882	0.00470	0.00365	0.00119	0.00349	0.00368	0.00359	0.00597
43	0.00935	0.06158	0.02150	0.01503	0.01872	0.06270	0.72902	0.01229	0.00899	0.01178	0.00742	0.00977	0.00565	0.00324	0.00429	0.00123	0.00628	0.00420	0.00190	0.00506
44	0.00472	0.00337	0.00452	0.00540	0.00566	0.00317	0.00370	0.00546	0.00736	0.00980	0.02085	0.80720	0.02486	0.01178	0.00487	0.00155	0.00229	0.06680	0.00352	0.00311
45	0.00786	0.00674	0.00786	0.00562	0.00899	0.00506	0.00449	0.00955	0.00786	0.01236	0.00674	0.00786	0.00562	0.00281	0.00281	0.00056	0.00281	0.00225	0.00225	0.88990
46	0.00746	0.00699	0.01148	0.74638	0.08183	0.00853	0.01033	0.01048	0.05961	0.01026	0.00731	0.01031	0.00553	0.00385	0.00379	0.00126	0.00489	0.00343	0.00183	0.00445
47	0.00459	0.00387	0.00400	0.00403	0.00528	0.00327	0.00306	0.00562	0.00872	0.01048	0.06617	0.03651	0.77263	0.00958	0.00452	0.00130	0.00199	0.04760	0.00354	0.00323
48	0.00728	0.00749	0.01515	0.03305	0.02409	0.00708	0.48155	0.00951	0.00830	0.01118	0.01271	0.31743	0.01309	0.00652	0.00460	0.00138	0.00476	0.02795	0.00253	0.00433
49	0.01696	0.00686	0.01047	0.16044	0.13598	0.00713	0.10147	0.05099	0.09599	0.04926	0.03410	0.13433	0.11725	0.01524	0.00438	0.00129	0.01518	0.01191	0.00280	0.02799
50	0.06366	0.04092	0.07890	0.06877	0.12017	0.02616	0.00773	0.12805	0.18415	0.17864	0.01808	0.01198	0.00839	0.00456	0.00380	0.00120	0.01280	0.03319	0.00318	0.00568
51	0.01014	0.86900	0.01987	0.00649	0.00973	0.01501	0.00649	0.01136	0.00771	0.00892	0.00527	0.00608	0.00487	0.00324	0.00243	0.00081	0.00406	0.00203	0.00162	0.00487
52	0.00768	0.00657	0.00787	0.04728	0.00963	0.00513	0.00474	0.00941	0.00802	0.01240	0.05615	0.00919	0.00738	0.00315	0.00296	0.00063	0.00286	0.00258	0.00233	0.79404
53	0.00525	0.00388	0.00491	0.00469	0.00564	0.00354	0.00354	0.00691	0.01037	0.01436	0.69860	0.02993	0.15782	0.00810	0.00449	0.00122	0.00185	0.02731	0.00406	0.00352
54	0.02736	0.00608	0.00806	0.00630	0.00895	0.00534	0.00517	0.01711	0.01041	0.72478	0.01449	0.01298	0.00936	0.00464	0.00364	0.00114	0.00303	0.00375	0.12135	0.00604
55	0.00729	0.00678	0.01136	0.62518	0.16582	0.00798	0.01000	0.00958	0.00773	0.01016	0.00826	0.09776	0.00728	0.00455	0.00389	0.00127	0.00467	0.00413	0.00191	0.00441
56	0.00557	0.00422	0.00611	0.00603	0.00658	0.00494	0.00459	0.00672	0.00600	0.00863	0.01014	0.01589	0.00983	0.13814	0.70061	0.00556	0.05090	0.00422	0.00205	0.00328
57	0.00502	0.00359	0.00482	0.00528	0.00558	0.00366	0.00362	0.00574	0.00659	0.00897	0.01614	0.46143	0.01851	0.18688	0.24251	0.00323	0.00470	0.00787	0.00286	0.00301
58	0.89350	0.00733	0.00557	0.00499	0.00733	0.00851	0.00411	0.01115	0.00645	0.01702	0.00528	0.00616	0.00411	0.00352	0.00235	0.00117	0.00293	0.00205	0.00235	0.00411
59	0.00760	0.00407	0.00545	0.00561	0.00650	0.00368	0.00400	0.00846	0.00815	0.21060	0.01981	0.64368	0.03706	0.01011	0.00459	0.00145	0.00244	0.00905	0.00380	0.00389
60	0.00868	0.00943	0.08698	0.22179	0.54862	0.00887	0.03828	0.01122	0.00834	0.01170	0.00703	0.00947	0.00567	0.00349	0.00377	0.00117	0.00479	0.00336	0.00181	0.00551
61	0.00844	0.00725	0.01195	0.67749	0.04132	0.00856	0.05850	0.06742	0.00860	0.06329	0.00748	0.01021	0.00549	0.00386	0.00383	0.00125	0.00495	0.00347	0.00204	0.00460
62	0.85462	0.00738	0.00577	0.00510	0.00748	0.00850	0.00420	0.02713	0.00678	0.03788	0.00560	0.00639	0.00428	0.00357	0.00241	0.00117	0.00297	0.00212	0.00243	0.00421
63	0.00910	0.11190	0.15067	0.01259	0.01623	0.07037	0.46191	0.01194	0.00889	0.02378	0.05961	0.01072	0.00757	0.00375	0.00410	0.00119	0.01428	0.01433	0.00204	0.00500
64	0.00533	0.00392	0.00500	0.00472	0.00566	0.00361	0.00354	0.00715	0.01973	0.01478	0.76085	0.02889	0.10682	0.00789	0.00447	0.00120	0.00181	0.00693	0.00411	0.00357
65	0.00540	0.00386	0.00495	0.00473	0.00551	0.00361	0.00346	0.00693	0.00994	0.01397	0.69624	0.02832	0.04149	0.12625	0.00654	0.00155	0.00210	0.02788	0.00389	0.00340
66	0.00892	0.01152	0.21519	0.03510	0.62989	0.00895	0.01219	0.01169	0.00847	0.01225	0.00705	0.00907	0.00570	0.00344	0.00372	0.00115	0.00478	0.00324	0.00181	0.00588
67	0.00448	0.00384	0.00384	0.00384	0.00512	0.00320	0.00288	0.00544	0.00864	0.01025	0.03842	0.03650	0.84152	0.00960	0.00448	0.00128	0.00192	0.00800	0.00352	0.00320
68	0.00614	0.00554	0.02744	0.00534	0.00694	0.00525	0.00424	0.01016	0.25386	0.01234	0.08908	0.03972	0.48227	0.00804	0.00430	0.00129	0.00237	0.02792	0.00362	0.00413
69	0.00716	0.00674	0.01138	0.85760	0.02612	0.00843	0.01053	0.00969	0.00758	0.00969	0.00674	0.01011	0.00506	0.00379	0.00379	0.00126	0.00506	0.00337	0.00169	0.00421
70	0.00949	0.00896	0.02284	0.15499	0.31255	0.08326	0.00873	0.06325	0.03774	0.03432	0.03326	0.00976	0.00687	0.00374	0.00370	0.00104	0.01691	0.00321	0.00225	0.18312
71	0.01442	0.01062	0.01138	0.00873	0.01176	0.01176	0.00721	0.83041	0.01783	0.02390	0.00911	0.00911	0.00645	0.00455	0.00379	0.00114	0.00417	0.00341	0.00379	0.00645
72	0.00777	0.01751	0.68808	0.07067	0.06626	0.00884	0.06474	0.01184	0.00807	0.01188	0.00688	0.00837	0.00495	0.00358	0.00368	0.00121	0.00555	0.00298	0.00164	0.00550
73	0.00943	0.00815	0.00858	0.00772	0.00986	0.00943	0.00600	0.02015	0.83621	0.01586	0.01544	0.01415	0.01158	0.00515	0.00386	0.00129	0.00300	0.00429	0.00386	0.00600
74	0.01620	0.00776	0.00961	0.00737	0.01033	0.00751	0.00609	0.27269	0.01304	0.58840	0.01313	0.01172	0.00847	0.00465	0.00381	0.00116	0.00352	0.00369	0.00441	0.00645
75	0.89350	0.00733	0.00557	0.00499	0.00733	0.00851	0.00411	0.01115	0.00645	0.01702	0.00528	0.00616	0.00411	0.00352	0.00235	0.00117	0.00293	0.00205	0.00235	0.00411
76	0.00742	0.00916	0.15971	0.63882	0.03815	0.00857	0.01089	0.01079	0.05963	0.01054	0.00730	0.00998	0.00544	0.00384	0.00376	0.00125	0.00501	0.00333	0.00181	0.00460
77	0.00774	0.00538	0.00720	0.00660	0.00784	0.00604	0.00523	0.15381	0.00848	0.06395	0.01027	0.01375	0.00894	0.02271	0.64792	0.00491	0.00866	0.00393	0.00251	0.00412
78	0.01247	0.00559	0.00716	0.00595	0.00810	0.01694	0.00473	0.01380	0.01005	0.52483	0.08991	0.11288	0.14216	0.00650	0.00406	0.00122	0.00281	0.00548	0.02011	0.00525
79	0.01191	0.00885	0.00978	0.00789	0.01025	0.00984	0.00636	0.57534	0.07259	0.01961	0.00993	0.01154	0.00784	0.06855	0.14977	0.00217	0.00508	0.00373	0.00339	0.00561
80	0.00542	0.00406	0.00610	0.00610	0.00677	0.00474	0.00474	0.00677	0.00610	0.00880	0.01016	0.01490	0.00948	0.02844	0.85169	0.00610	0.01016	0.00406	0.00203	0.00339
81	0.00732	0.00690	0.01165	0.79966	0.08285	0.00847	0.01061	0.00983	0.00766	0.00988	0.00677	0.01006	0.00512	0.00376	0.00379	0.00125	0.00502	0.00337	0.00170	0.00434
82	0.00497	0.00365	0.00439	0.00455	0.00531	0.00328	0.00324	0.00570	0.00819	0.01060	0.18986	0.23803	0.35376	0.02594	0.01590	0.10613	0.00225	0.00782	0.00339	0.00305
83	0.00738	0.00401	0.00460	0.00431	0.00540	0.00388	0.00328	0.00939	0.03309	0.08090	0.28013	0.01862	0.01816	0.00554	0.00337	0.00102	0.00193	0.00465	0.50648	0.00385
84	0.00594	0.00532	0.06397	0.05905	0.00796	0.00456	0.00501	0.00779	0.03972	0.02365	0.25172	0.12819	0.08870	0.14472	0.01772	0.00179	0.00306	0.13428	0.00327	0.00358

[dist]
# distance from previous block
# <min> <max>
0	82

# created by:
# /home/cegg/simao/soft/augustus-3.2.1/scripts/msa2prfl.pl ./align_prep/EOG092C4CGV.fa
