[name]
unknown

[dist]
# distance from previous block
# <min> <max>
0	83

[block]
# block no. 0 follows, 66 sequences, length 12
# corresponding to MSA columns:
# 83-94
name=unknown_A
#
# <colnr> <probs for GDERKNQSTAVLIFYWHMCP>
#	G	D	E	R	K	N	Q	S	T	A	V	L	I	F	Y	W	H	M	C	P
0	0.08241	0.00425	0.00504	0.02270	0.00649	0.00420	0.00392	0.00659	0.00776	0.01091	0.02230	0.42566	0.17639	0.09794	0.07088	0.00217	0.00330	0.04034	0.00336	0.00340
1	0.01085	0.01079	0.01491	0.12681	0.55434	0.12331	0.01131	0.07483	0.01016	0.01338	0.00755	0.00975	0.00617	0.00385	0.00398	0.00120	0.00521	0.00348	0.00215	0.00598
2	0.00492	0.00400	0.00436	0.00450	0.00562	0.00344	0.00329	0.00597	0.00919	0.01138	0.11726	0.19264	0.59823	0.01054	0.00487	0.00141	0.00210	0.00900	0.00384	0.00344
3	0.00795	0.00540	0.00770	0.18229	0.01105	0.00606	0.00583	0.08890	0.00756	0.01005	0.00856	0.02803	0.00821	0.08452	0.01195	0.44580	0.04162	0.03321	0.00217	0.00313
4	0.08093	0.01202	0.08415	0.00991	0.01326	0.06812	0.09089	0.44656	0.08603	0.05357	0.00966	0.00999	0.00697	0.00456	0.00398	0.00125	0.00478	0.00363	0.00344	0.00629
5	0.00601	0.00447	0.00615	0.00740	0.07024	0.00427	0.00516	0.00707	0.00848	0.01108	0.04058	0.30907	0.15720	0.01116	0.00608	0.07877	0.00302	0.25676	0.00346	0.00357
6	0.00996	0.00941	0.01652	0.10490	0.52351	0.00977	0.13292	0.01238	0.00901	0.04591	0.00781	0.01031	0.00633	0.00399	0.00495	0.00130	0.07919	0.00380	0.00210	0.00593
7	0.01017	0.01124	0.12865	0.06914	0.53403	0.00978	0.07338	0.07469	0.00991	0.02861	0.00791	0.01000	0.00627	0.00378	0.00406	0.00124	0.00512	0.00363	0.00217	0.00623
8	0.01178	0.09035	0.10145	0.04280	0.23570	0.13725	0.07643	0.11256	0.01078	0.09077	0.00894	0.04707	0.00724	0.00440	0.00394	0.00120	0.00519	0.00376	0.00257	0.00582
9	0.02282	0.02519	0.23081	0.03644	0.18601	0.02794	0.14426	0.13074	0.02954	0.09783	0.00916	0.02509	0.00688	0.00420	0.00409	0.00127	0.00523	0.00380	0.00262	0.00608
10	0.03266	0.10358	0.07695	0.01171	0.07309	0.02948	0.24112	0.04406	0.08135	0.16333	0.00981	0.01061	0.00720	0.00398	0.00395	0.00118	0.00487	0.00374	0.00283	0.09449
11	0.01276	0.03102	0.16033	0.03993	0.10850	0.02766	0.11151	0.04349	0.07638	0.31293	0.01167	0.02743	0.00827	0.00454	0.00410	0.00127	0.00467	0.00399	0.00332	0.00623

[dist]
# distance from previous block
# <min> <max>
2	33

[block]
# block no. 1 follows, 66 sequences, length 19
# corresponding to MSA columns:
# 128-146
name=unknown_B
#
# <colnr> <probs for GDERKNQSTAVLIFYWHMCP>
#	G	D	E	R	K	N	Q	S	T	A	V	L	I	F	Y	W	H	M	C	P
0	0.08474	0.00913	0.01085	0.02586	0.27280	0.09661	0.00785	0.10418	0.07783	0.02334	0.14013	0.06286	0.03884	0.00547	0.00406	0.00124	0.00404	0.00465	0.00305	0.02247
1	0.01098	0.00936	0.01318	0.09128	0.35159	0.06893	0.03489	0.05272	0.04801	0.11002	0.00957	0.05111	0.00786	0.00460	0.00455	0.00124	0.05352	0.00397	0.00265	0.06997
2	0.01039	0.00948	0.02417	0.08727	0.18222	0.08979	0.05243	0.08824	0.06528	0.05917	0.05783	0.01262	0.04826	0.00454	0.00404	0.00113	0.01509	0.00388	0.00280	0.18139
3	0.03441	0.00880	0.01292	0.06513	0.36831	0.03483	0.05558	0.06731	0.08364	0.04715	0.11853	0.01330	0.01129	0.00459	0.00406	0.00122	0.00426	0.00417	0.02256	0.03794
4	0.00679	0.00629	0.08063	0.00622	0.00780	0.00515	0.00519	0.00994	0.12633	0.04650	0.34283	0.20424	0.11908	0.00855	0.00467	0.00138	0.00264	0.00747	0.00396	0.00435
5	0.07314	0.00996	0.01099	0.00946	0.05658	0.01096	0.00727	0.44752	0.21929	0.09511	0.01161	0.01126	0.00836	0.00490	0.00397	0.00126	0.00399	0.00382	0.00395	0.00658
6	0.08976	0.00760	0.00915	0.00696	0.01019	0.00685	0.00570	0.11016	0.01116	0.43292	0.01185	0.01116	0.00803	0.00431	0.00363	0.00106	0.00342	0.00338	0.00394	0.25877
7	0.05869	0.00730	0.00921	0.00724	0.01020	0.00685	0.00593	0.07265	0.08499	0.63767	0.01503	0.01336	0.00978	0.00498	0.00396	0.00125	0.00343	0.00400	0.03687	0.00663
8	0.00845	0.00894	0.01781	0.19642	0.07529	0.00887	0.46006	0.01125	0.00909	0.01208	0.01185	0.06935	0.08160	0.00481	0.00460	0.00137	0.00566	0.00524	0.00226	0.00500
9	0.00587	0.00470	0.00535	0.00555	0.00659	0.00460	0.00401	0.00870	0.15591	0.01210	0.07461	0.36966	0.30656	0.01030	0.00483	0.00148	0.00238	0.00900	0.00387	0.00394
10	0.00766	0.00721	0.01217	0.84767	0.02794	0.00901	0.01127	0.01037	0.00811	0.01037	0.00721	0.01082	0.00541	0.00406	0.00406	0.00135	0.00541	0.00361	0.00180	0.00451
11	0.00559	0.00397	0.00507	0.00537	0.00608	0.00367	0.00381	0.00695	0.02359	0.03107	0.30154	0.44686	0.12002	0.01062	0.00496	0.00148	0.00221	0.00947	0.00404	0.00363
12	0.06099	0.01055	0.05259	0.04647	0.08965	0.00967	0.56643	0.01339	0.00948	0.08722	0.00864	0.01077	0.00636	0.00364	0.00446	0.00133	0.00606	0.00436	0.00232	0.00561
13	0.00990	0.00989	0.01493	0.17348	0.54779	0.07489	0.01156	0.01212	0.00894	0.01216	0.00724	0.00987	0.00605	0.00405	0.00482	0.00127	0.07979	0.00353	0.00196	0.00576
14	0.01085	0.85986	0.02126	0.00694	0.01041	0.01605	0.00694	0.01215	0.00824	0.00955	0.00564	0.00651	0.00521	0.00347	0.00260	0.00087	0.00434	0.00217	0.00174	0.00521
15	0.00502	0.00372	0.00468	0.00528	0.00583	0.00339	0.00364	0.00594	0.00854	0.01124	0.13027	0.58892	0.18537	0.01166	0.00505	0.00155	0.00224	0.01041	0.00386	0.00339
16	0.03391	0.12114	0.14140	0.00998	0.08568	0.03512	0.02250	0.12092	0.19611	0.11658	0.01284	0.01275	0.06378	0.00487	0.00386	0.00123	0.00424	0.00390	0.00319	0.00600
17	0.01034	0.15327	0.38344	0.06697	0.01533	0.08189	0.01111	0.13275	0.04240	0.01380	0.00756	0.00873	0.00573	0.00421	0.00415	0.00122	0.04611	0.00306	0.00220	0.00573
18	0.00508	0.00368	0.00481	0.00552	0.00595	0.00341	0.00381	0.00600	0.00839	0.01120	0.12524	0.66779	0.08607	0.01193	0.00511	0.00159	0.00232	0.03484	0.00385	0.00339

[dist]
# distance from previous block
# <min> <max>
1	9

[block]
# block no. 2 follows, 66 sequences, length 11
# corresponding to MSA columns:
# 157-167
name=unknown_C
#
# <colnr> <probs for GDERKNQSTAVLIFYWHMCP>
#	G	D	E	R	K	N	Q	S	T	A	V	L	I	F	Y	W	H	M	C	P
0	0.00556	0.00420	0.00525	0.00576	0.00645	0.00400	0.00404	0.00730	0.07391	0.01142	0.06756	0.61868	0.09359	0.01126	0.00497	0.00155	0.00243	0.03063	0.00378	0.03765
1	0.13197	0.00857	0.00884	0.00673	0.01000	0.05842	0.00541	0.11833	0.01006	0.08146	0.00798	0.00870	0.00618	0.00359	0.00320	0.00085	0.00352	0.00269	0.00283	0.52067
2	0.01021	0.03424	0.09497	0.12678	0.03911	0.02950	0.02116	0.18193	0.04926	0.03821	0.00930	0.06170	0.00768	0.00454	0.00390	0.00109	0.01735	0.00370	0.00278	0.26257
3	0.04131	0.00882	0.01085	0.00894	0.01159	0.00959	0.10847	0.09456	0.50522	0.01693	0.01350	0.01325	0.01017	0.00488	0.00399	0.00127	0.00370	0.00422	0.05213	0.07660
4	0.00640	0.00486	0.00624	0.00697	0.05776	0.00469	0.00515	0.00847	0.05462	0.01286	0.17221	0.03438	0.24456	0.00942	0.00531	0.03561	0.00288	0.27610	0.04761	0.00391
5	0.01051	0.00965	0.01327	0.08499	0.31667	0.06043	0.06437	0.10231	0.18009	0.01497	0.01000	0.01139	0.00782	0.00437	0.00421	0.00125	0.02450	0.00385	0.06946	0.00590
6	0.00690	0.00653	0.06939	0.00668	0.00815	0.00585	0.00546	0.01103	0.22634	0.01312	0.12499	0.23084	0.09648	0.07713	0.00600	0.00168	0.00305	0.09229	0.00369	0.00440
7	0.00958	0.14794	0.15459	0.03134	0.01313	0.06327	0.11562	0.07056	0.05991	0.02362	0.02907	0.07831	0.00889	0.00718	0.06877	0.00170	0.10474	0.00421	0.00243	0.00515
8	0.00619	0.00444	0.00511	0.00505	0.00568	0.00441	0.00340	0.00767	0.09273	0.01040	0.10244	0.06854	0.17526	0.36754	0.01263	0.09611	0.00316	0.02293	0.00311	0.00319
9	0.00882	0.00777	0.02447	0.00945	0.12053	0.00673	0.04683	0.05577	0.07131	0.02756	0.01153	0.10138	0.04772	0.00483	0.00372	0.00098	0.00348	0.00423	0.00280	0.44009
10	0.01110	0.38795	0.06126	0.05545	0.06257	0.09597	0.00790	0.13421	0.03300	0.01282	0.00754	0.00885	0.00627	0.00596	0.06703	0.00146	0.00523	0.00293	0.02712	0.00537

[dist]
# distance from previous block
# <min> <max>
1	7

[block]
# block no. 3 follows, 66 sequences, length 29
# corresponding to MSA columns:
# 175-203
name=unknown_D
#
# <colnr> <probs for GDERKNQSTAVLIFYWHMCP>
#	G	D	E	R	K	N	Q	S	T	A	V	L	I	F	Y	W	H	M	C	P
0	0.04839	0.25574	0.11917	0.05383	0.02687	0.08948	0.00793	0.11172	0.06030	0.11499	0.00989	0.01076	0.03343	0.03589	0.00415	0.00124	0.00460	0.00333	0.00274	0.00554
1	0.01138	0.46934	0.12015	0.00996	0.07506	0.10975	0.04110	0.09811	0.00994	0.01212	0.00661	0.00765	0.00551	0.00376	0.00323	0.00102	0.00504	0.00270	0.00205	0.00553
2	0.00773	0.00752	0.04270	0.00710	0.00913	0.06592	0.07405	0.07866	0.02323	0.01258	0.03546	0.17728	0.24235	0.06823	0.00555	0.00145	0.00356	0.00656	0.00317	0.12775
3	0.00723	0.00614	0.00668	0.00636	0.00760	0.06671	0.00464	0.03647	0.00838	0.01127	0.01532	0.37352	0.01716	0.12372	0.00696	0.00168	0.03457	0.06059	0.00309	0.20190
4	0.01153	0.01406	0.07091	0.07924	0.08728	0.42143	0.00839	0.02419	0.02543	0.01125	0.03510	0.08979	0.00882	0.00527	0.00450	0.00122	0.05808	0.00397	0.03475	0.00479
5	0.00560	0.00386	0.00457	0.00478	0.00498	0.00374	0.00293	0.00599	0.00700	0.00936	0.08845	0.23637	0.05326	0.53471	0.01470	0.00302	0.00328	0.00756	0.00302	0.00283
6	0.00909	0.03124	0.14068	0.03630	0.03970	0.12805	0.00771	0.03257	0.20531	0.01304	0.07257	0.07592	0.05717	0.02569	0.07812	0.00182	0.03222	0.00480	0.00294	0.00505
7	0.00501	0.00364	0.00470	0.00544	0.00583	0.00336	0.00368	0.00583	0.00816	0.01083	0.08689	0.69989	0.10187	0.02756	0.00539	0.00163	0.00232	0.01083	0.00380	0.00333
8	0.00933	0.00862	0.05480	0.04336	0.01121	0.03760	0.05952	0.05390	0.32393	0.05242	0.01749	0.04646	0.13584	0.00707	0.03412	0.00154	0.04519	0.01294	0.03932	0.00535
9	0.00529	0.00414	0.00445	0.00444	0.00571	0.00353	0.00330	0.00639	0.00940	0.03513	0.11617	0.11105	0.65656	0.01015	0.00481	0.00138	0.00211	0.00858	0.00387	0.00355
10	0.00995	0.05593	0.16218	0.09716	0.08336	0.01802	0.00913	0.15670	0.20363	0.01530	0.01870	0.02758	0.04730	0.00583	0.02855	0.00146	0.04648	0.00408	0.00291	0.00575
11	0.00825	0.00707	0.00822	0.00593	0.00943	0.00532	0.00473	0.01002	0.00845	0.01312	0.00871	0.00977	0.04246	0.00333	0.00308	0.00063	0.00296	0.00268	0.00246	0.84337
12	0.01048	0.70465	0.05527	0.04256	0.01251	0.01491	0.08880	0.01219	0.00839	0.01006	0.00603	0.00722	0.00531	0.00351	0.00293	0.00096	0.00470	0.00253	0.00177	0.00524
13	0.02864	0.04965	0.68789	0.01087	0.01622	0.00920	0.04297	0.01229	0.00869	0.01290	0.03918	0.01075	0.04466	0.00428	0.00389	0.00128	0.00557	0.00343	0.00194	0.00571
14	0.88607	0.00785	0.00596	0.00534	0.00785	0.00910	0.00439	0.01193	0.00690	0.01820	0.00565	0.00659	0.00439	0.00377	0.00251	0.00126	0.00314	0.00220	0.00251	0.00439
15	0.00611	0.00443	0.00585	0.00606	0.00689	0.00446	0.00474	0.00742	0.00798	0.01084	0.06525	0.04905	0.07914	0.17974	0.22076	0.00330	0.00525	0.27044	0.02289	0.03939
16	0.00580	0.00435	0.00652	0.00652	0.00724	0.00507	0.00507	0.00724	0.00652	0.00942	0.01087	0.01594	0.01014	0.03043	0.84134	0.00652	0.01087	0.00435	0.00217	0.00362
17	0.01014	0.00959	0.01430	0.18351	0.47993	0.07933	0.02754	0.01256	0.02631	0.05038	0.00857	0.04481	0.00722	0.00430	0.00427	0.00126	0.02410	0.00392	0.00223	0.00573
18	0.58245	0.04797	0.00762	0.02409	0.02958	0.04844	0.00518	0.05280	0.02141	0.02653	0.00754	0.04542	0.00635	0.00538	0.03659	0.00144	0.00378	0.00298	0.03984	0.00459
19	0.86549	0.00793	0.00611	0.00543	0.00796	0.00918	0.00447	0.03100	0.00719	0.01838	0.00575	0.00667	0.00445	0.00379	0.00255	0.00125	0.00317	0.00223	0.00255	0.00445
20	0.01020	0.00840	0.03527	0.12152	0.12319	0.00916	0.01770	0.11191	0.08177	0.10158	0.09931	0.03117	0.02204	0.00641	0.02995	0.00154	0.17608	0.00439	0.00302	0.00539
21	0.00585	0.00396	0.00451	0.00451	0.00460	0.00397	0.00260	0.00596	0.00606	0.00806	0.01383	0.02656	0.04730	0.78504	0.05807	0.00395	0.00418	0.00593	0.00250	0.00255
22	0.00967	0.03340	0.04496	0.11653	0.24502	0.09265	0.02386	0.03641	0.14275	0.01307	0.04128	0.02280	0.02365	0.00614	0.05065	0.00155	0.04938	0.00397	0.01179	0.03048
23	0.00590	0.00393	0.00442	0.00442	0.00442	0.00393	0.00246	0.00590	0.00590	0.00787	0.01278	0.02655	0.01475	0.85742	0.02065	0.00393	0.00393	0.00590	0.00246	0.00246
24	0.01191	0.09931	0.03410	0.03867	0.13807	0.14592	0.04401	0.19053	0.19610	0.01581	0.00987	0.01053	0.00762	0.00444	0.00384	0.00119	0.00477	0.00357	0.03384	0.00591
25	0.00620	0.00415	0.00495	0.00498	0.00545	0.00401	0.00328	0.00699	0.02084	0.03916	0.13492	0.13421	0.08499	0.47001	0.01346	0.00281	0.00325	0.05000	0.00321	0.00313
26	0.01109	0.08080	0.11631	0.01743	0.10412	0.06890	0.03405	0.02675	0.16203	0.16565	0.09178	0.01391	0.01143	0.04495	0.02211	0.00147	0.01420	0.00414	0.00320	0.00567
27	0.00539	0.00425	0.00453	0.00449	0.00550	0.00386	0.00318	0.00662	0.03868	0.01080	0.09082	0.03444	0.51240	0.22905	0.00889	0.00204	0.00261	0.02564	0.00349	0.00332
28	0.03440	0.07430	0.01242	0.04639	0.10299	0.52409	0.00817	0.05423	0.05811	0.01175	0.00719	0.00829	0.00586	0.00413	0.00364	0.00108	0.00615	0.00288	0.00228	0.03164

[dist]
# distance from previous block
# <min> <max>
0	1

[block]
# block no. 4 follows, 66 sequences, length 99
# corresponding to MSA columns:
# 205-259,261-304
name=unknown_E
#
# <colnr> <probs for GDERKNQSTAVLIFYWHMCP>
#	G	D	E	R	K	N	Q	S	T	A	V	L	I	F	Y	W	H	M	C	P
0	0.04248	0.15520	0.15453	0.01056	0.01403	0.09293	0.18146	0.05509	0.07645	0.03880	0.00842	0.02829	0.00674	0.00429	0.00435	0.00120	0.05569	0.00356	0.00237	0.06354
1	0.02208	0.03203	0.06076	0.01036	0.03640	0.52882	0.02650	0.04931	0.09124	0.04298	0.02897	0.01046	0.00763	0.00463	0.00384	0.00115	0.00614	0.02898	0.00257	0.00515
2	0.00583	0.00421	0.00581	0.00581	0.00629	0.00469	0.00419	0.00679	0.00631	0.00889	0.01152	0.01954	0.01170	0.31081	0.56309	0.00564	0.00852	0.00487	0.00227	0.00323
3	0.00841	0.00721	0.00841	0.00601	0.00961	0.00541	0.00481	0.01022	0.00841	0.01322	0.00721	0.00841	0.00601	0.00300	0.00300	0.00060	0.00300	0.00240	0.00240	0.88222
4	0.00722	0.00680	0.00899	0.00803	0.00855	0.00861	0.00654	0.00820	0.00732	0.01017	0.01801	0.02074	0.27518	0.02910	0.05993	0.00198	0.47644	0.03169	0.00253	0.00399
5	0.00947	0.23573	0.56180	0.01037	0.03068	0.01093	0.01233	0.01307	0.00868	0.06113	0.00739	0.00838	0.00547	0.00382	0.00355	0.00117	0.00540	0.00286	0.00192	0.00586
6	0.00892	0.00720	0.00847	0.00607	0.00965	0.00544	0.00487	0.01072	0.00858	0.05616	0.00767	0.00869	0.00622	0.00311	0.00306	0.00064	0.00303	0.00249	0.00254	0.83647
7	0.00841	0.00721	0.00841	0.00601	0.00961	0.00541	0.00481	0.01022	0.00841	0.01322	0.00721	0.00841	0.00601	0.00300	0.00300	0.00060	0.00300	0.00240	0.00240	0.88222
8	0.00967	0.00905	0.01487	0.07061	0.61352	0.00923	0.03470	0.03841	0.05756	0.01384	0.06258	0.01236	0.02695	0.00424	0.00412	0.00124	0.00456	0.00406	0.00239	0.00606
9	0.00607	0.00423	0.00545	0.00510	0.00616	0.00387	0.00384	0.00791	0.01132	0.04226	0.74374	0.03044	0.09760	0.00834	0.00476	0.00128	0.00197	0.00733	0.00443	0.00390
10	0.00878	0.00839	0.02308	0.09266	0.52366	0.01745	0.01782	0.01111	0.02612	0.01270	0.05574	0.10040	0.05773	0.00535	0.00441	0.00129	0.02039	0.00493	0.00244	0.00555
11	0.01778	0.00382	0.00387	0.00391	0.00481	0.00382	0.00289	0.00918	0.00837	0.01469	0.01359	0.05744	0.01129	0.03263	0.00352	0.00108	0.00199	0.00422	0.79737	0.00372
12	0.00780	0.00687	0.02421	0.04952	0.04360	0.01448	0.04200	0.02164	0.30572	0.01366	0.05754	0.28475	0.02777	0.00818	0.00464	0.00148	0.00334	0.07429	0.00363	0.00488
13	0.01078	0.01313	0.09234	0.01430	0.06384	0.17471	0.40301	0.05084	0.03390	0.01296	0.00785	0.00981	0.00607	0.00389	0.00467	0.00126	0.04338	0.00390	0.00218	0.04717
14	0.00995	0.00952	0.01591	0.05033	0.70981	0.00968	0.03548	0.01320	0.08071	0.01348	0.00841	0.01054	0.00691	0.00379	0.00405	0.00123	0.00476	0.00373	0.00219	0.00633
15	0.00481	0.00410	0.00415	0.00417	0.00550	0.00343	0.00311	0.00585	0.00925	0.01103	0.05368	0.05960	0.79696	0.01030	0.00480	0.00138	0.00206	0.00862	0.00378	0.00343
16	0.00581	0.00429	0.00623	0.00623	0.00685	0.00491	0.00471	0.00706	0.00643	0.00920	0.01113	0.01741	0.01078	0.14524	0.72740	0.00616	0.00990	0.00456	0.00221	0.00346
17	0.00888	0.00888	0.01243	0.01065	0.01065	0.01243	0.00888	0.00976	0.00621	0.00976	0.00533	0.00888	0.00533	0.00710	0.01331	0.00178	0.84999	0.00355	0.00178	0.00444
18	0.00841	0.00721	0.00841	0.00601	0.00961	0.00541	0.00481	0.01022	0.00841	0.01322	0.00721	0.00841	0.00601	0.00300	0.00300	0.00060	0.00300	0.00240	0.00240	0.88222
19	0.01516	0.01934	0.01150	0.01045	0.01254	0.84113	0.00784	0.01620	0.01150	0.00993	0.00627	0.00732	0.00523	0.00418	0.00366	0.00105	0.00732	0.00261	0.00209	0.00470
20	0.00492	0.00407	0.00431	0.00434	0.00558	0.00346	0.00322	0.00603	0.00941	0.01156	0.13504	0.09706	0.67657	0.01021	0.00482	0.00138	0.00206	0.00863	0.00385	0.00346
21	0.01097	0.83530	0.02097	0.00704	0.01048	0.04016	0.00697	0.01227	0.00834	0.00956	0.00566	0.00653	0.00521	0.00349	0.00263	0.00087	0.00443	0.00218	0.00175	0.00519
22	0.00540	0.00411	0.00536	0.03027	0.00692	0.00391	0.00416	0.00646	0.01801	0.01077	0.03925	0.62695	0.09936	0.01196	0.03300	0.00171	0.01559	0.01732	0.00356	0.05594
23	0.00985	0.15566	0.41883	0.01158	0.03625	0.08130	0.12716	0.05535	0.03333	0.01287	0.00763	0.00919	0.00586	0.00394	0.00381	0.00121	0.00574	0.01270	0.00202	0.00573
24	0.88607	0.00785	0.00596	0.00534	0.00785	0.00910	0.00439	0.01193	0.00690	0.01820	0.00565	0.00659	0.00439	0.00377	0.00251	0.00126	0.00314	0.00220	0.00251	0.00439
25	0.01356	0.01676	0.03695	0.01440	0.23491	0.59137	0.00930	0.01509	0.01080	0.01092	0.00667	0.00809	0.00555	0.00402	0.00376	0.00110	0.00660	0.00290	0.00206	0.00521
26	0.00545	0.00414	0.00502	0.00480	0.00588	0.00370	0.00360	0.00709	0.01080	0.01464	0.58760	0.03299	0.28167	0.00890	0.00479	0.00130	0.00196	0.00771	0.00425	0.00370
27	0.00756	0.00378	0.00378	0.00378	0.00473	0.00378	0.00284	0.00945	0.00851	0.01513	0.01324	0.01513	0.01040	0.00473	0.00284	0.00095	0.00189	0.00378	0.87994	0.00378
28	0.00494	0.00353	0.00471	0.00565	0.00588	0.00330	0.00377	0.00565	0.00777	0.01036	0.02236	0.85477	0.02683	0.01271	0.00518	0.00165	0.00235	0.01153	0.00377	0.00330
29	0.01516	0.01934	0.01150	0.01045	0.01254	0.84113	0.00784	0.01620	0.01150	0.00993	0.00627	0.00732	0.00523	0.00418	0.00366	0.00105	0.00732	0.00261	0.00209	0.00470
30	0.00483	0.00408	0.00418	0.00422	0.00552	0.00343	0.00314	0.00588	0.00925	0.01111	0.06655	0.07708	0.76626	0.01032	0.00481	0.00138	0.00206	0.00866	0.00379	0.00343
31	0.00494	0.00353	0.00471	0.00565	0.00588	0.00330	0.00377	0.00565	0.00777	0.01036	0.02236	0.85477	0.02683	0.01271	0.00518	0.00165	0.00235	0.01153	0.00377	0.00330
32	0.00766	0.00721	0.01217	0.84767	0.02794	0.00901	0.01127	0.01037	0.00811	0.01037	0.00721	0.01082	0.00541	0.00406	0.00406	0.00135	0.00541	0.00361	0.00180	0.00451
33	0.00817	0.02075	0.81756	0.01169	0.01764	0.00944	0.03359	0.01285	0.00859	0.01285	0.00730	0.00862	0.00516	0.00384	0.00388	0.00129	0.00602	0.00304	0.00172	0.00598
34	0.06315	0.80895	0.02035	0.00685	0.01026	0.01564	0.00679	0.01214	0.00816	0.01006	0.00564	0.00651	0.00516	0.00349	0.00260	0.00089	0.00427	0.00217	0.00178	0.00516
35	0.00705	0.00352	0.00529	0.00529	0.00529	0.00352	0.00352	0.00529	0.00529	0.00705	0.00705	0.01233	0.00705	0.01409	0.01586	0.88196	0.00352	0.00352	0.00176	0.00176
36	0.01192	0.01032	0.01411	0.01757	0.45123	0.02993	0.01010	0.27616	0.10675	0.01762	0.00931	0.01047	0.00724	0.00426	0.00403	0.00123	0.00458	0.00372	0.00292	0.00654
37	0.00900	0.00719	0.00847	0.00608	0.00966	0.00544	0.00488	0.01079	0.00860	0.06232	0.00774	0.00874	0.00625	0.00313	0.00307	0.00064	0.00303	0.00250	0.00256	0.82991
38	0.00922	0.00492	0.00654	0.00569	0.00726	0.00442	0.00442	0.01103	0.01152	0.24443	0.60311	0.02571	0.03041	0.00738	0.00459	0.00127	0.00234	0.00643	0.00462	0.00469
39	0.00500	0.00357	0.00477	0.00571	0.00597	0.00334	0.00386	0.00574	0.00782	0.01042	0.02233	0.82776	0.02672	0.01266	0.00519	0.00166	0.00240	0.03801	0.00377	0.00331
40	0.01362	0.30614	0.01487	0.00910	0.01178	0.46127	0.00750	0.09551	0.02496	0.01149	0.00658	0.00742	0.00551	0.00403	0.00335	0.00101	0.00594	0.00260	0.00220	0.00513
41	0.00502	0.00363	0.00475	0.00551	0.00588	0.00336	0.00374	0.00587	0.00824	0.01102	0.10896	0.72506	0.06972	0.01212	0.00512	0.00159	0.00229	0.01093	0.00384	0.00336
42	0.03301	0.01542	0.01558	0.01247	0.01533	0.46566	0.28412	0.05968	0.03738	0.01226	0.00744	0.00893	0.00585	0.00399	0.00406	0.00118	0.00677	0.00347	0.00226	0.00514
43	0.03208	0.00926	0.01097	0.00844	0.01161	0.00950	0.02156	0.41389	0.04232	0.37839	0.01260	0.01166	0.00840	0.00491	0.00406	0.00124	0.00400	0.00386	0.00442	0.00681
44	0.00544	0.00414	0.00500	0.00478	0.00587	0.00370	0.00359	0.00707	0.01076	0.01456	0.57594	0.03312	0.29337	0.00893	0.00479	0.00131	0.00196	0.00773	0.00424	0.00370
45	0.00611	0.00430	0.00518	0.00534	0.00648	0.00387	0.00414	0.00738	0.00939	0.06094	0.12947	0.16346	0.38167	0.02559	0.00526	0.00154	0.00254	0.16974	0.00390	0.00371
46	0.00558	0.00423	0.00503	0.00491	0.00590	0.00388	0.00362	0.00722	0.03032	0.01344	0.42585	0.06032	0.27876	0.09647	0.00645	0.00161	0.00228	0.03654	0.00399	0.00361
47	0.88607	0.00785	0.00596	0.00534	0.00785	0.00910	0.00439	0.01193	0.00690	0.01820	0.00565	0.00659	0.00439	0.00377	0.00251	0.00126	0.00314	0.00220	0.00251	0.00439
48	0.00496	0.00360	0.00469	0.00556	0.00590	0.00333	0.00376	0.00571	0.00791	0.01044	0.02383	0.77512	0.09046	0.01249	0.00516	0.00163	0.00236	0.02600	0.00377	0.00331
49	0.00847	0.00908	0.01647	0.01273	0.01538	0.07109	0.47734	0.01081	0.00915	0.01192	0.01288	0.27349	0.01305	0.00661	0.00485	0.00145	0.00538	0.03253	0.00264	0.00468
50	0.00603	0.00439	0.00565	0.00556	0.00586	0.00482	0.00383	0.00666	0.00638	0.00883	0.03108	0.02273	0.02813	0.48333	0.28806	0.00450	0.05668	0.02203	0.00242	0.00303
51	0.00493	0.00357	0.00467	0.00556	0.00586	0.00330	0.00373	0.00566	0.00786	0.01039	0.02348	0.80603	0.07485	0.01257	0.00516	0.00163	0.00234	0.01136	0.00377	0.00330
52	0.00586	0.00392	0.00444	0.00448	0.00449	0.00391	0.00252	0.00589	0.00598	0.00798	0.01320	0.06262	0.01528	0.82063	0.01998	0.00383	0.00386	0.00615	0.00252	0.00249
53	0.00519	0.00380	0.00505	0.00585	0.00615	0.00370	0.00405	0.00596	0.00781	0.01040	0.02208	0.73578	0.04912	0.03167	0.00581	0.00171	0.03040	0.05846	0.00367	0.00334
54	0.00849	0.06412	0.72522	0.01121	0.01666	0.01002	0.01403	0.03131	0.00865	0.01279	0.00713	0.00850	0.00519	0.00405	0.00436	0.00129	0.05631	0.00300	0.00177	0.00588
55	0.00834	0.00703	0.00814	0.00602	0.00929	0.00556	0.00476	0.01066	0.05721	0.01340	0.03219	0.01019	0.00771	0.03090	0.00369	0.00078	0.00299	0.00282	0.02189	0.75643
56	0.01470	0.01813	0.01130	0.01022	0.01236	0.74039	0.00770	0.04021	0.08654	0.01104	0.00732	0.00811	0.00593	0.00432	0.00371	0.00108	0.00686	0.00283	0.00234	0.00493
57	0.09824	0.00718	0.00886	0.00690	0.00991	0.00655	0.00564	0.06046	0.02715	0.48542	0.01265	0.01199	0.00859	0.00603	0.05375	0.00144	0.00383	0.00357	0.00403	0.17781
58	0.01191	0.20862	0.12752	0.08959	0.07689	0.09594	0.00918	0.26032	0.05540	0.01571	0.00807	0.00900	0.00621	0.00420	0.00365	0.00115	0.00498	0.00316	0.00264	0.00588
59	0.01085	0.85986	0.02126	0.00694	0.01041	0.01605	0.00694	0.01215	0.00824	0.00955	0.00564	0.00651	0.00521	0.00347	0.00260	0.00087	0.00434	0.00217	0.00174	0.00521
60	0.00841	0.00721	0.00841	0.00601	0.00961	0.00541	0.00481	0.01022	0.00841	0.01322	0.00721	0.00841	0.00601	0.00300	0.00300	0.00060	0.00300	0.00240	0.00240	0.88222
61	0.00494	0.00353	0.00471	0.00565	0.00588	0.00330	0.00377	0.00565	0.00777	0.01036	0.02236	0.85477	0.02683	0.01271	0.00518	0.00165	0.00235	0.01153	0.00377	0.00330
62	0.01454	0.01843	0.01106	0.01007	0.01212	0.79107	0.00755	0.01558	0.01136	0.00999	0.00835	0.00921	0.05454	0.00454	0.00373	0.00106	0.00700	0.00297	0.00219	0.00463
63	0.00975	0.00948	0.01663	0.05103	0.70401	0.00947	0.08618	0.01221	0.00918	0.01304	0.00815	0.03740	0.00703	0.00391	0.00413	0.00124	0.00495	0.00398	0.00206	0.00617
64	0.00913	0.21449	0.41864	0.01153	0.06047	0.01071	0.12632	0.01250	0.00890	0.02794	0.05665	0.00991	0.00746	0.00398	0.00376	0.00119	0.00537	0.00337	0.00201	0.00565
65	0.01746	0.00674	0.00918	0.00709	0.01010	0.00584	0.00584	0.01905	0.01160	0.78600	0.06464	0.01479	0.01173	0.00522	0.00412	0.00126	0.00336	0.00427	0.00499	0.00672
66	0.04620	0.00693	0.00930	0.00716	0.01028	0.00606	0.00591	0.01952	0.01146	0.80857	0.01567	0.01358	0.00986	0.00498	0.00403	0.00126	0.00344	0.00402	0.00494	0.00682
67	0.01040	0.21605	0.32296	0.01140	0.08424	0.12986	0.05497	0.03666	0.00937	0.03103	0.00762	0.01954	0.00623	0.00417	0.00382	0.00117	0.01950	0.02340	0.00204	0.00556
68	0.00891	0.42878	0.09122	0.00723	0.01002	0.01107	0.02020	0.01159	0.08684	0.01185	0.13594	0.08691	0.03172	0.00569	0.00362	0.00114	0.00381	0.03583	0.00268	0.00493
69	0.00513	0.00366	0.00490	0.00583	0.00613	0.00346	0.00405	0.00595	0.00791	0.01051	0.02210	0.75245	0.02625	0.02690	0.00549	0.00171	0.00253	0.09797	0.00374	0.00333
70	0.00876	0.03201	0.01096	0.40604	0.07328	0.00827	0.01703	0.04999	0.04237	0.07091	0.06837	0.07921	0.03760	0.00556	0.00459	0.00135	0.04256	0.01170	0.02460	0.00483
71	0.02268	0.01092	0.12042	0.07608	0.15746	0.08678	0.02852	0.11940	0.06202	0.09678	0.01089	0.12061	0.00944	0.00555	0.00467	0.00132	0.05336	0.00459	0.00289	0.00560
72	0.03530	0.29151	0.01469	0.00924	0.01181	0.51444	0.01837	0.02296	0.01862	0.01028	0.00621	0.00721	0.00530	0.00399	0.00343	0.00101	0.01617	0.00253	0.00202	0.00491
73	0.00812	0.00817	0.05064	0.51730	0.09541	0.00843	0.02644	0.01091	0.02903	0.01150	0.00794	0.01066	0.01691	0.00395	0.00398	0.00120	0.01486	0.00347	0.00202	0.16905
74	0.01023	0.12219	0.32775	0.04202	0.05880	0.08542	0.06295	0.07534	0.02117	0.05774	0.00884	0.03749	0.01669	0.00529	0.03199	0.00141	0.02321	0.00357	0.00230	0.00561
75	0.23545	0.00973	0.07262	0.16167	0.03922	0.05966	0.14608	0.04246	0.02067	0.06723	0.07127	0.01181	0.00865	0.00449	0.00395	0.00130	0.01482	0.02131	0.00262	0.00502
76	0.00590	0.00393	0.00442	0.00442	0.00442	0.00393	0.00246	0.00590	0.00590	0.00787	0.01278	0.02655	0.01475	0.85742	0.02065	0.00393	0.00393	0.00590	0.00246	0.00246
77	0.00971	0.02618	0.15133	0.05915	0.32474	0.00814	0.02628	0.03577	0.01952	0.10345	0.03248	0.05038	0.08580	0.00515	0.00411	0.00127	0.00436	0.01551	0.03099	0.00568
78	0.00961	0.03696	0.06045	0.41217	0.05714	0.04737	0.07605	0.08735	0.03669	0.04054	0.00800	0.01047	0.00611	0.00493	0.02300	0.00144	0.07069	0.00364	0.00224	0.00513
79	0.01289	0.03300	0.01056	0.02919	0.03855	0.59178	0.00722	0.01409	0.01953	0.03076	0.01033	0.08360	0.05822	0.00602	0.02251	0.01460	0.00625	0.00391	0.00241	0.00457
80	0.00574	0.00415	0.00542	0.00510	0.00606	0.00383	0.00383	0.00766	0.01148	0.01627	0.82997	0.03031	0.03828	0.00829	0.00479	0.00128	0.00191	0.00734	0.00447	0.00383
81	0.00952	0.00953	0.02985	0.39714	0.17614	0.08453	0.12717	0.02311	0.02046	0.04016	0.00795	0.01066	0.00614	0.00491	0.03446	0.00148	0.00577	0.00373	0.00209	0.00517
82	0.01127	0.02857	0.02153	0.07489	0.07918	0.09320	0.05904	0.11691	0.26046	0.08467	0.01256	0.06051	0.02620	0.00538	0.00459	0.00132	0.04624	0.00444	0.00328	0.00577
83	0.01550	0.00969	0.01095	0.00856	0.01165	0.01029	0.00702	0.47355	0.12873	0.26186	0.01252	0.01168	0.00858	0.00500	0.00407	0.00125	0.00399	0.00391	0.00435	0.00683
84	0.00639	0.00458	0.00636	0.00728	0.00817	0.00455	0.00627	0.00816	0.00922	0.01199	0.02192	0.10420	0.03894	0.01130	0.00556	0.00184	0.00360	0.73225	0.00374	0.00370
85	0.10395	0.00787	0.01128	0.30129	0.03608	0.02677	0.07490	0.06874	0.01698	0.22358	0.02622	0.03976	0.00864	0.00488	0.00405	0.00132	0.00451	0.03074	0.00309	0.00534
86	0.88607	0.00785	0.00596	0.00534	0.00785	0.00910	0.00439	0.01193	0.00690	0.01820	0.00565	0.00659	0.00439	0.00377	0.00251	0.00126	0.00314	0.00220	0.00251	0.00439
87	0.63476	0.00865	0.03166	0.02998	0.04484	0.03647	0.01548	0.03835	0.04313	0.02675	0.00689	0.00806	0.00539	0.00536	0.04873	0.00154	0.00401	0.00266	0.00256	0.00471
88	0.01139	0.01903	0.03725	0.02085	0.02946	0.07079	0.03106	0.28843	0.15524	0.03985	0.02500	0.03241	0.00955	0.02054	0.12158	0.00205	0.03353	0.02240	0.00331	0.02628
89	0.00544	0.00421	0.00511	0.00501	0.00597	0.00391	0.00371	0.00685	0.01003	0.01345	0.43181	0.13271	0.29422	0.02558	0.00541	0.00142	0.02941	0.00810	0.00403	0.00363
90	0.05263	0.19643	0.06985	0.17355	0.22868	0.10628	0.00961	0.02344	0.00890	0.02522	0.00736	0.02638	0.00628	0.02287	0.00422	0.00123	0.02646	0.00329	0.00204	0.00528
91	0.53578	0.02072	0.00838	0.00732	0.01797	0.14906	0.01681	0.09965	0.00917	0.01676	0.00706	0.00927	0.00588	0.00446	0.00348	0.00126	0.03530	0.04432	0.00262	0.00473
92	0.00730	0.04705	0.19428	0.01610	0.01148	0.00705	0.12375	0.01041	0.05826	0.02074	0.24341	0.02132	0.17100	0.00723	0.03152	0.00147	0.01416	0.00564	0.00311	0.00472
93	0.01025	0.00852	0.01254	0.07914	0.10204	0.00907	0.13031	0.19053	0.09037	0.03960	0.08229	0.01358	0.01039	0.00676	0.04714	0.04899	0.05164	0.02048	0.00300	0.04334
94	0.00583	0.00419	0.00575	0.00575	0.00621	0.00465	0.00411	0.00675	0.00629	0.00885	0.01157	0.01984	0.01184	0.33451	0.53958	0.00557	0.00832	0.00492	0.00228	0.00319
95	0.01070	0.78343	0.07543	0.00742	0.01105	0.02553	0.01744	0.01225	0.00832	0.00981	0.00579	0.00671	0.00521	0.00350	0.00273	0.00090	0.00452	0.00226	0.00174	0.00526
96	0.01048	0.03367	0.01221	0.37169	0.12396	0.28014	0.00959	0.02134	0.00947	0.01090	0.01722	0.01000	0.00621	0.00514	0.03684	0.00141	0.00599	0.00333	0.02559	0.00480
97	0.00569	0.00414	0.00535	0.00505	0.00603	0.00380	0.00378	0.00755	0.01135	0.01596	0.78427	0.03081	0.08417	0.00841	0.00479	0.00128	0.00192	0.00741	0.00443	0.00380
98	0.00571	0.00436	0.00580	0.05632	0.02326	0.00430	0.00473	0.00733	0.04474	0.01157	0.11142	0.47097	0.10298	0.02796	0.00533	0.00161	0.00274	0.10155	0.00368	0.00367

[dist]
# distance from previous block
# <min> <max>
0	18

# created by:
# /home/cegg/simao/soft/augustus-3.2.1/scripts/msa2prfl.pl ./align_prep/EOG092C5L1U.fa
