[name]
unknown

[dist]
# distance from previous block
# <min> <max>
0	91

[block]
# block no. 0 follows, 67 sequences, length 43
# corresponding to MSA columns:
# 109-151
name=unknown_A
#
# <colnr> <probs for GDERKNQSTAVLIFYWHMCP>
#	G	D	E	R	K	N	Q	S	T	A	V	L	I	F	Y	W	H	M	C	P
0	0.13780	0.22872	0.13020	0.00771	0.01984	0.04122	0.00725	0.07618	0.03549	0.11185	0.00893	0.04926	0.00733	0.00440	0.00334	0.00109	0.00408	0.01507	0.00268	0.10754
1	0.02049	0.07340	0.24251	0.03794	0.05575	0.00823	0.03511	0.05517	0.00992	0.24813	0.03223	0.01063	0.00769	0.00413	0.00372	0.00112	0.00436	0.00337	0.00296	0.14315
2	0.01151	0.62114	0.02790	0.02370	0.01117	0.16098	0.00729	0.04774	0.00911	0.01025	0.00590	0.00690	0.00523	0.00375	0.00322	0.00095	0.03391	0.00237	0.00188	0.00510
3	0.01002	0.00827	0.00894	0.03413	0.01056	0.00952	0.00633	0.09174	0.61744	0.01688	0.01530	0.01499	0.02164	0.00546	0.00419	0.00133	0.02173	0.01712	0.07842	0.00599
4	0.00484	0.00399	0.00414	0.00423	0.00537	0.00341	0.00306	0.00575	0.00874	0.01054	0.03668	0.11494	0.69218	0.07687	0.00600	0.00158	0.00220	0.00854	0.00362	0.00330
5	0.00849	0.00781	0.01276	0.65222	0.16467	0.00925	0.01110	0.06460	0.00893	0.01174	0.00737	0.01049	0.00562	0.00399	0.00400	0.00130	0.00518	0.00357	0.00197	0.00494
6	0.00484	0.00406	0.00415	0.00413	0.00542	0.00343	0.00307	0.00587	0.00917	0.01106	0.08905	0.03764	0.75511	0.03881	0.00527	0.00143	0.00209	0.00830	0.00372	0.00338
7	0.00502	0.00359	0.00481	0.00574	0.00604	0.00338	0.00396	0.00582	0.00781	0.01039	0.02203	0.78542	0.02622	0.01243	0.00516	0.00165	0.00245	0.08106	0.00372	0.00330
8	0.00510	0.00389	0.00469	0.00488	0.00574	0.00348	0.00351	0.00631	0.00943	0.01242	0.30260	0.29529	0.30762	0.01026	0.00486	0.00141	0.00208	0.00899	0.00396	0.00348
9	0.01468	0.00785	0.00937	0.00760	0.01036	0.00796	0.00614	0.12893	0.26550	0.43660	0.01502	0.01356	0.01024	0.00508	0.00399	0.00126	0.00341	0.00412	0.04178	0.00655
10	0.01036	0.00881	0.00929	0.00824	0.01058	0.01016	0.00644	0.07985	0.76762	0.01740	0.01583	0.01457	0.01185	0.00540	0.00408	0.00135	0.00326	0.00447	0.00408	0.00638
11	0.01072	0.86147	0.02102	0.00686	0.01029	0.01587	0.00686	0.01201	0.00815	0.00944	0.00558	0.00643	0.00515	0.00343	0.00257	0.00086	0.00429	0.00214	0.00172	0.00515
12	0.01399	0.01629	0.01067	0.00946	0.01164	0.62879	0.00720	0.12471	0.01207	0.01228	0.00877	0.00954	0.04853	0.00453	0.00368	0.00106	0.00624	0.00307	0.03977	0.02771
13	0.00877	0.00877	0.01228	0.01053	0.01053	0.01228	0.00877	0.00965	0.00614	0.00965	0.00526	0.00877	0.00526	0.00702	0.01316	0.00175	0.85172	0.00351	0.00175	0.00439
14	0.00546	0.00405	0.00509	0.00492	0.00588	0.00368	0.00366	0.00712	0.01071	0.01478	0.64013	0.09211	0.16987	0.00885	0.00476	0.00130	0.00195	0.00776	0.00425	0.00368
15	0.88738	0.00776	0.00589	0.00527	0.00776	0.00900	0.00434	0.01179	0.00683	0.01799	0.00558	0.00651	0.00434	0.00372	0.00248	0.00124	0.00310	0.00217	0.00248	0.00434
16	0.00657	0.00442	0.00641	0.00625	0.00709	0.00493	0.00482	0.00795	0.00698	0.06363	0.04611	0.01685	0.01148	0.07776	0.68634	0.00562	0.00930	0.00449	0.01926	0.00373
17	0.04841	0.01247	0.10293	0.02296	0.01175	0.29510	0.04967	0.01330	0.00954	0.13609	0.01043	0.10586	0.00940	0.03622	0.00544	0.00139	0.08243	0.03904	0.00271	0.00485
18	0.00804	0.02074	0.83828	0.01143	0.01736	0.00931	0.01482	0.01270	0.00847	0.01270	0.00720	0.00847	0.00508	0.00381	0.00381	0.00127	0.00593	0.00296	0.00169	0.00593
19	0.01021	0.01075	0.01299	0.41409	0.12485	0.20522	0.06020	0.05066	0.05040	0.01170	0.00760	0.00995	0.00589	0.00405	0.00396	0.00124	0.00565	0.00346	0.00211	0.00501
20	0.01062	0.82461	0.04345	0.00705	0.01049	0.01563	0.00711	0.01199	0.00813	0.00953	0.00562	0.00653	0.00515	0.00350	0.00278	0.00088	0.01789	0.00219	0.00172	0.00516
21	0.00905	0.00709	0.00837	0.00606	0.00953	0.00545	0.00486	0.01100	0.02370	0.07646	0.01902	0.00914	0.00679	0.00324	0.00310	0.00067	0.00299	0.00261	0.00263	0.78825
22	0.00526	0.00429	0.00468	0.00457	0.00584	0.00383	0.00343	0.00703	0.05208	0.01249	0.24411	0.05772	0.56152	0.00947	0.00471	0.00134	0.00206	0.00803	0.00392	0.00364
23	0.00834	0.00733	0.01179	0.70988	0.02493	0.00890	0.02361	0.01186	0.09266	0.04939	0.00850	0.01127	0.00628	0.00419	0.00403	0.00133	0.00506	0.00371	0.00217	0.00478
24	0.66600	0.00808	0.00811	0.03970	0.15847	0.00912	0.00611	0.01215	0.03540	0.01678	0.00636	0.00758	0.00502	0.00377	0.00286	0.00124	0.00349	0.00256	0.00242	0.00478
25	0.01083	0.51666	0.01854	0.03999	0.02908	0.09697	0.11162	0.04054	0.05151	0.01103	0.00729	0.00917	0.00633	0.00393	0.00326	0.00103	0.00488	0.03006	0.00207	0.00520
26	0.01072	0.86147	0.02102	0.00686	0.01029	0.01587	0.00686	0.01201	0.00815	0.00944	0.00558	0.00643	0.00515	0.00343	0.00257	0.00086	0.00429	0.00214	0.00172	0.00515
27	0.04585	0.01098	0.01174	0.00902	0.01221	0.01212	0.00745	0.76776	0.01821	0.04994	0.00968	0.00964	0.00683	0.00478	0.00396	0.00121	0.00434	0.00357	0.00399	0.00673
28	0.00661	0.00393	0.00525	0.00514	0.00553	0.00390	0.00356	0.00590	0.00634	0.02474	0.01518	0.01942	0.18944	0.09726	0.03981	0.52586	0.03252	0.00485	0.00232	0.00242
29	0.01031	0.01118	0.01346	0.19726	0.30384	0.23531	0.06530	0.01234	0.00953	0.01148	0.03013	0.03988	0.03365	0.00445	0.00402	0.00121	0.00545	0.00390	0.00214	0.00515
30	0.01176	0.00905	0.00974	0.00832	0.01086	0.01020	0.00659	0.19711	0.58591	0.08207	0.01481	0.01369	0.01087	0.00527	0.00406	0.00132	0.00347	0.00429	0.00413	0.00649
31	0.00579	0.00387	0.00439	0.00443	0.00444	0.00386	0.00248	0.00582	0.00591	0.00788	0.01304	0.06151	0.01509	0.82310	0.01976	0.00379	0.00382	0.00607	0.00248	0.00247
32	0.00941	0.23079	0.13039	0.14220	0.06431	0.05518	0.04512	0.01141	0.00788	0.01047	0.00622	0.00851	0.00532	0.00466	0.00627	0.00130	0.25070	0.00310	0.00178	0.00499
33	0.00804	0.02074	0.83828	0.01143	0.01736	0.00931	0.01482	0.01270	0.00847	0.01270	0.00720	0.00847	0.00508	0.00381	0.00381	0.00127	0.00593	0.00296	0.00169	0.00593
34	0.00518	0.00422	0.00460	0.00448	0.00574	0.00371	0.00337	0.00678	0.03532	0.01257	0.27352	0.03531	0.57219	0.00943	0.00472	0.00133	0.00203	0.00798	0.00394	0.00360
35	0.00616	0.00456	0.00596	0.00665	0.00746	0.00458	0.00529	0.00847	0.08660	0.01192	0.04896	0.33904	0.04007	0.01097	0.00520	0.00169	0.00305	0.39582	0.00377	0.00378
36	0.04253	0.08976	0.07020	0.11740	0.02348	0.05398	0.16186	0.06059	0.11108	0.01348	0.01037	0.01410	0.00866	0.00521	0.01592	0.00135	0.01823	0.08113	0.09564	0.00504
37	0.00524	0.00417	0.00556	0.00589	0.00652	0.00401	0.02992	0.00615	0.00805	0.01048	0.02522	0.56544	0.21876	0.01136	0.00544	0.00157	0.04649	0.03272	0.00357	0.00343
38	0.01794	0.00691	0.00936	0.00718	0.01028	0.00603	0.00593	0.03568	0.01163	0.82047	0.01570	0.01357	0.00986	0.00496	0.00403	0.00124	0.00343	0.00402	0.00494	0.00683
39	0.00877	0.00810	0.01352	0.18958	0.43578	0.00842	0.05287	0.03871	0.00969	0.01350	0.16807	0.01402	0.01228	0.00460	0.00417	0.00124	0.00442	0.00435	0.00249	0.00543
40	0.01092	0.15990	0.16983	0.01119	0.10769	0.07951	0.08103	0.07647	0.10729	0.08810	0.01053	0.03771	0.03327	0.00456	0.00382	0.00119	0.00478	0.00379	0.00268	0.00572
41	0.00969	0.01145	0.07677	0.17266	0.05565	0.20011	0.11503	0.02026	0.00865	0.01076	0.00745	0.02340	0.00633	0.00775	0.10721	0.00195	0.15452	0.00365	0.00198	0.00472
42	0.01115	0.54140	0.07339	0.03758	0.05471	0.17188	0.02572	0.01276	0.00883	0.01002	0.00601	0.00718	0.00524	0.00367	0.00317	0.00098	0.01690	0.00248	0.00180	0.00514

[dist]
# distance from previous block
# <min> <max>
0	2

[block]
# block no. 1 follows, 67 sequences, length 47
# corresponding to MSA columns:
# 154-200
name=unknown_B
#
# <colnr> <probs for GDERKNQSTAVLIFYWHMCP>
#	G	D	E	R	K	N	Q	S	T	A	V	L	I	F	Y	W	H	M	C	P
0	0.00611	0.00420	0.00550	0.00512	0.00614	0.00386	0.00386	0.00799	0.01136	0.04516	0.80301	0.02938	0.03685	0.00808	0.00471	0.00126	0.00195	0.00714	0.00443	0.00389
1	0.01072	0.86147	0.02102	0.00686	0.01029	0.01587	0.00686	0.01201	0.00815	0.00944	0.00558	0.00643	0.00515	0.00343	0.00257	0.00086	0.00429	0.00214	0.00172	0.00515
2	0.00688	0.00457	0.00619	0.00681	0.00766	0.00451	0.00566	0.00836	0.00872	0.05202	0.01954	0.06628	0.02110	0.15432	0.00797	0.00216	0.00367	0.60643	0.00354	0.00362
3	0.00537	0.00400	0.00500	0.00493	0.00585	0.00363	0.00363	0.00691	0.01037	0.01417	0.55447	0.15479	0.19361	0.00924	0.00479	0.00133	0.00198	0.00811	0.00417	0.00363
4	0.00496	0.00359	0.00469	0.00542	0.00581	0.00332	0.00368	0.00581	0.00818	0.01092	0.11196	0.71174	0.08122	0.01193	0.00505	0.00157	0.00226	0.01075	0.00380	0.00332
5	0.00634	0.00556	0.00981	0.00861	0.00989	0.00530	0.21940	0.00783	0.00818	0.01119	0.01758	0.55803	0.01978	0.00958	0.00506	0.00153	0.02040	0.02236	0.04967	0.00388
6	0.33789	0.00751	0.00818	0.00657	0.00941	0.00759	0.00542	0.08976	0.01037	0.44373	0.01143	0.01068	0.00759	0.00449	0.00343	0.00123	0.00336	0.00330	0.02221	0.00585
7	0.88738	0.00776	0.00589	0.00527	0.00776	0.00900	0.00434	0.01179	0.00683	0.01799	0.00558	0.00651	0.00434	0.00372	0.00248	0.00124	0.00310	0.00217	0.00248	0.00434
8	0.01072	0.86147	0.02102	0.00686	0.01029	0.01587	0.00686	0.01201	0.00815	0.00944	0.00558	0.00643	0.00515	0.00343	0.00257	0.00086	0.00429	0.00214	0.00172	0.00515
9	0.00494	0.00354	0.00471	0.00562	0.00590	0.00331	0.00381	0.00568	0.00776	0.01031	0.02240	0.81314	0.04075	0.01247	0.00513	0.00163	0.00237	0.03953	0.00372	0.00328
10	0.00583	0.00389	0.00437	0.00437	0.00437	0.00389	0.00243	0.00583	0.00583	0.00778	0.01264	0.02624	0.01458	0.85906	0.02041	0.00389	0.00389	0.00583	0.00243	0.00243
11	0.00877	0.00877	0.01228	0.01053	0.01053	0.01228	0.00877	0.00965	0.00614	0.00965	0.00526	0.00877	0.00526	0.00702	0.01316	0.00175	0.85172	0.00351	0.00175	0.00439
12	0.00781	0.19127	0.43152	0.00859	0.01261	0.00908	0.00997	0.01085	0.00881	0.01214	0.11904	0.02715	0.10789	0.00570	0.02006	0.00130	0.00464	0.00416	0.00233	0.00510
13	0.01440	0.01787	0.01131	0.01021	0.01220	0.73978	0.00773	0.03153	0.05347	0.01047	0.00674	0.00776	0.00557	0.00437	0.00415	0.00109	0.05165	0.00275	0.00219	0.00477
14	0.00951	0.00916	0.01578	0.16388	0.67316	0.00944	0.03642	0.01198	0.00895	0.01261	0.00749	0.01008	0.00617	0.00364	0.00400	0.00122	0.00492	0.00361	0.00195	0.00600
15	0.00832	0.00713	0.00832	0.00594	0.00950	0.00535	0.00475	0.01010	0.00832	0.01307	0.00713	0.00832	0.00594	0.00297	0.00297	0.00059	0.00297	0.00238	0.00238	0.88357
16	0.01458	0.01090	0.01166	0.00909	0.01218	0.01213	0.00746	0.72004	0.12056	0.02421	0.01047	0.01030	0.00750	0.00489	0.00402	0.00122	0.00426	0.00373	0.00402	0.00676
17	0.00848	0.00786	0.01294	0.50463	0.23080	0.00901	0.02968	0.05341	0.00885	0.01182	0.00827	0.06266	0.00701	0.00452	0.00428	0.00132	0.02330	0.00408	0.00208	0.00501
18	0.00981	0.07539	0.01473	0.03115	0.50301	0.00933	0.05278	0.01285	0.08720	0.05289	0.01049	0.01215	0.04804	0.00577	0.05581	0.00153	0.00486	0.00392	0.00240	0.00588
19	0.01466	0.00933	0.01039	0.00815	0.01104	0.00997	0.00667	0.50337	0.08085	0.19960	0.01185	0.01145	0.00827	0.00488	0.00390	0.00120	0.00385	0.00379	0.09031	0.00648
20	0.00558	0.00399	0.00541	0.00625	0.00681	0.00384	0.00481	0.00680	0.00850	0.01123	0.06472	0.46261	0.03661	0.02325	0.00547	0.00172	0.00287	0.33236	0.00373	0.00345
21	0.00654	0.00555	0.00690	0.00668	0.00743	0.05721	0.00517	0.00780	0.00693	0.00953	0.01237	0.01690	0.07087	0.07141	0.58977	0.00505	0.08289	0.00451	0.02284	0.00364
22	0.00954	0.02953	0.07126	0.04318	0.02992	0.02282	0.56473	0.03726	0.02840	0.01274	0.00784	0.01033	0.00604	0.00395	0.00551	0.00137	0.10385	0.00430	0.00207	0.00535
23	0.00796	0.00523	0.00650	0.00585	0.00730	0.00513	0.00449	0.01146	0.15369	0.11850	0.58785	0.02531	0.02989	0.00731	0.00453	0.00128	0.00231	0.00638	0.00442	0.00461
24	0.00609	0.00443	0.00572	0.00633	0.00737	0.00421	0.00532	0.00762	0.00915	0.02667	0.02669	0.09211	0.25277	0.01080	0.00526	0.00168	0.00313	0.51727	0.00373	0.00364
25	0.01135	0.00844	0.01324	0.30924	0.23907	0.00901	0.05183	0.11847	0.01049	0.17536	0.00932	0.01093	0.00675	0.00415	0.00404	0.00126	0.00476	0.00373	0.00276	0.00579
26	0.01147	0.00827	0.00917	0.00777	0.00998	0.00891	0.00612	0.40888	0.13425	0.06630	0.01568	0.22754	0.05364	0.00715	0.00434	0.00134	0.00352	0.00599	0.00399	0.00567
27	0.00488	0.00352	0.00463	0.00552	0.00580	0.00326	0.00369	0.00559	0.00774	0.01026	0.02292	0.82058	0.06185	0.01246	0.00510	0.00162	0.00231	0.01127	0.00372	0.00326
28	0.00765	0.00723	0.01204	0.79758	0.02657	0.00912	0.01099	0.01021	0.00790	0.01021	0.00701	0.01057	0.00534	0.00420	0.00458	0.00136	0.05765	0.00356	0.00178	0.00445
29	0.00796	0.01143	0.29759	0.03996	0.05200	0.00748	0.10034	0.02654	0.05786	0.03780	0.01325	0.18612	0.01286	0.00675	0.00447	0.00144	0.00462	0.12375	0.00274	0.00504
30	0.02329	0.01190	0.00923	0.06860	0.01110	0.40799	0.00656	0.01269	0.02461	0.06488	0.00887	0.01213	0.00779	0.10682	0.18455	0.00256	0.01503	0.00354	0.01355	0.00431
31	0.00800	0.00476	0.00486	0.00467	0.00588	0.00505	0.00355	0.01186	0.18022	0.01533	0.01376	0.01495	0.01069	0.00483	0.00307	0.00102	0.00214	0.00391	0.69715	0.00429
32	0.00558	0.00409	0.00573	0.00617	0.00670	0.00397	0.03016	0.00662	0.00798	0.01067	0.06966	0.45227	0.02339	0.12828	0.04900	0.00219	0.00336	0.17736	0.00345	0.00335
33	0.75205	0.00895	0.00679	0.00598	0.00848	0.07883	0.00486	0.07015	0.00807	0.01783	0.00593	0.00680	0.00459	0.00384	0.00269	0.00122	0.00354	0.00231	0.00256	0.00455
34	0.00983	0.57578	0.11602	0.07605	0.01240	0.03896	0.00815	0.01168	0.00839	0.01017	0.00756	0.01111	0.00704	0.00435	0.00318	0.00105	0.00460	0.08672	0.00194	0.00502
35	0.00951	0.00892	0.01485	0.26120	0.56136	0.00949	0.01174	0.05169	0.00929	0.01288	0.00753	0.01013	0.00609	0.00376	0.00398	0.00123	0.00491	0.00357	0.00203	0.00583
36	0.00870	0.00794	0.04988	0.00740	0.06087	0.00582	0.00575	0.01065	0.00847	0.03820	0.00742	0.00859	0.00604	0.00311	0.00311	0.00068	0.00324	0.00253	0.00240	0.75920
37	0.00651	0.00388	0.00417	0.00410	0.00510	0.00368	0.00306	0.00817	0.00914	0.01423	0.19690	0.02316	0.17996	0.02432	0.00398	0.00115	0.00195	0.00549	0.49740	0.00365
38	0.00963	0.01749	0.51425	0.03694	0.01660	0.10219	0.09539	0.08830	0.00984	0.01351	0.00740	0.00874	0.00541	0.00386	0.00386	0.00121	0.00584	0.00315	0.00203	0.05436
39	0.00501	0.00365	0.00461	0.00524	0.00566	0.00337	0.00353	0.00578	0.00801	0.01057	0.08706	0.61405	0.13484	0.08105	0.00629	0.00175	0.00238	0.01023	0.00367	0.00325
40	0.00834	0.04612	0.70477	0.01248	0.06785	0.00959	0.07042	0.01266	0.00857	0.01263	0.00723	0.00866	0.00523	0.00375	0.00384	0.00126	0.00586	0.00310	0.00174	0.00589
41	0.00523	0.00380	0.00477	0.00534	0.00585	0.00354	0.00375	0.00607	0.00807	0.01055	0.07312	0.46308	0.16276	0.11782	0.00711	0.01123	0.00261	0.09850	0.00358	0.00324
42	0.00557	0.00406	0.00511	0.00565	0.00621	0.00387	0.00391	0.05610	0.00874	0.01162	0.07929	0.68107	0.09055	0.01159	0.00499	0.00155	0.00240	0.01040	0.00379	0.00352
43	0.05345	0.01094	0.01149	0.00889	0.01198	0.02299	0.00732	0.74823	0.01789	0.02442	0.00952	0.00963	0.00680	0.00475	0.00390	0.00119	0.00431	0.00354	0.03217	0.00658
44	0.01058	0.81699	0.06425	0.00710	0.01067	0.01552	0.00728	0.01205	0.00817	0.00961	0.00566	0.00654	0.00514	0.00345	0.00264	0.00088	0.00438	0.00219	0.00171	0.00519
45	0.02584	0.00757	0.02236	0.00770	0.01089	0.00640	0.09173	0.03801	0.04427	0.24203	0.02055	0.05334	0.00907	0.00446	0.00372	0.00101	0.00357	0.02112	0.00329	0.38306
46	0.13071	0.04833	0.03605	0.00801	0.01072	0.09359	0.00672	0.28968	0.04657	0.15778	0.01018	0.01111	0.00764	0.00758	0.09998	0.00180	0.00505	0.01941	0.00338	0.00571

[dist]
# distance from previous block
# <min> <max>
3	9

[block]
# block no. 2 follows, 67 sequences, length 31
# corresponding to MSA columns:
# 210-240
name=unknown_C
#
# <colnr> <probs for GDERKNQSTAVLIFYWHMCP>
#	G	D	E	R	K	N	Q	S	T	A	V	L	I	F	Y	W	H	M	C	P
0	0.09723	0.00448	0.00491	0.00476	0.00518	0.00466	0.00300	0.02630	0.00655	0.00974	0.05507	0.02293	0.01405	0.63039	0.05862	0.03741	0.00404	0.00531	0.00254	0.00284
1	0.07330	0.08833	0.01014	0.05844	0.01105	0.16360	0.00614	0.06859	0.12467	0.02911	0.00879	0.00988	0.00704	0.02466	0.00374	0.00105	0.00414	0.00303	0.05053	0.25377
2	0.04814	0.05052	0.05475	0.06029	0.01204	0.12626	0.00807	0.06449	0.05652	0.11964	0.00806	0.00970	0.00644	0.01517	0.00741	0.00141	0.32154	0.00337	0.00254	0.02363
3	0.00566	0.00408	0.00515	0.00497	0.00595	0.00371	0.00369	0.00729	0.01065	0.02852	0.61349	0.10662	0.16756	0.00887	0.00476	0.00131	0.00198	0.00778	0.00425	0.00372
4	0.01498	0.01911	0.01137	0.01033	0.01240	0.84295	0.00775	0.01601	0.01137	0.00982	0.00620	0.00723	0.00517	0.00413	0.00362	0.00103	0.00723	0.00258	0.00207	0.00465
5	0.00573	0.00429	0.00640	0.00639	0.00712	0.00497	0.00497	0.00718	0.00663	0.00957	0.04223	0.01630	0.01109	0.02924	0.81101	0.00625	0.01040	0.00441	0.00224	0.00359
6	0.00845	0.01892	0.70710	0.01142	0.01686	0.00933	0.06360	0.06153	0.00913	0.01338	0.00795	0.03996	0.00604	0.00417	0.00393	0.00128	0.00575	0.00342	0.00193	0.00585
7	0.01098	0.81029	0.02043	0.00707	0.01042	0.06612	0.00692	0.01225	0.00834	0.00946	0.00561	0.00648	0.00515	0.00347	0.00264	0.00087	0.00447	0.00217	0.00174	0.00512
8	0.03270	0.00794	0.05974	0.02432	0.01036	0.00603	0.01609	0.01085	0.06106	0.01323	0.00851	0.04540	0.00733	0.00374	0.00325	0.00079	0.00325	0.01321	0.00250	0.66969
9	0.01341	0.27744	0.04603	0.00931	0.01194	0.55740	0.00775	0.01466	0.01027	0.00981	0.00605	0.00703	0.00516	0.00391	0.00330	0.00099	0.00628	0.00246	0.00194	0.00485
10	0.00571	0.00437	0.00498	0.00503	0.00596	0.00414	0.00360	0.05543	0.00872	0.01112	0.04659	0.22227	0.37224	0.14542	0.07305	0.00221	0.00324	0.01905	0.00343	0.00344
11	0.01498	0.01911	0.01137	0.01033	0.01240	0.84295	0.00775	0.01601	0.01137	0.00982	0.00620	0.00723	0.00517	0.00413	0.00362	0.00103	0.00723	0.00258	0.00207	0.00465
12	0.00555	0.00436	0.00505	0.00483	0.00602	0.00400	0.00364	0.00766	0.05998	0.01396	0.45656	0.03260	0.36344	0.00884	0.00469	0.00131	0.00203	0.00759	0.00411	0.00378
13	0.18064	0.03257	0.01009	0.00762	0.01066	0.00940	0.00633	0.34204	0.01349	0.33098	0.01110	0.01048	0.00748	0.00463	0.00369	0.00122	0.00378	0.00346	0.00402	0.00631
14	0.00487	0.00396	0.00432	0.00445	0.00555	0.00341	0.00325	0.00593	0.00912	0.01131	0.12510	0.18880	0.59520	0.01038	0.00481	0.00139	0.00207	0.00887	0.00380	0.00341
15	0.00832	0.00713	0.00832	0.00594	0.00950	0.00535	0.00475	0.01010	0.00832	0.01307	0.00713	0.00832	0.00594	0.00297	0.00297	0.00059	0.00297	0.00238	0.00238	0.88357
16	0.00568	0.00410	0.00528	0.00504	0.00594	0.00380	0.00375	0.00741	0.01084	0.01521	0.72285	0.03051	0.06413	0.06500	0.00580	0.00146	0.00209	0.03319	0.00423	0.00368
17	0.00583	0.00389	0.00437	0.00437	0.00437	0.00389	0.00243	0.00583	0.00583	0.00778	0.01264	0.02624	0.01458	0.85906	0.02041	0.00389	0.00389	0.00583	0.00243	0.00243
18	0.07553	0.00950	0.01049	0.00821	0.01115	0.01015	0.00673	0.53357	0.01565	0.20080	0.01139	0.05308	0.00839	0.00516	0.00394	0.00123	0.00395	0.00400	0.02067	0.00641
19	0.00474	0.00406	0.00406	0.00406	0.00542	0.00339	0.00305	0.00576	0.00914	0.01083	0.04063	0.03860	0.83241	0.01016	0.00474	0.00135	0.00203	0.00846	0.00372	0.00339
20	0.01125	0.00912	0.01190	0.00986	0.01093	0.01162	0.00820	0.19484	0.00961	0.10377	0.00741	0.00950	0.00613	0.00629	0.01008	0.00157	0.56649	0.00359	0.00262	0.00521
21	0.88738	0.00776	0.00589	0.00527	0.00776	0.00900	0.00434	0.01179	0.00683	0.01799	0.00558	0.00651	0.00434	0.00372	0.00248	0.00124	0.00310	0.00217	0.00248	0.00434
22	0.01498	0.01911	0.01137	0.01033	0.01240	0.84295	0.00775	0.01601	0.01137	0.00982	0.00620	0.00723	0.00517	0.00413	0.00362	0.00103	0.00723	0.00258	0.00207	0.00465
23	0.00877	0.00877	0.01228	0.01053	0.01053	0.01228	0.00877	0.00965	0.00614	0.00965	0.00526	0.00877	0.00526	0.00702	0.01316	0.00175	0.85172	0.00351	0.00175	0.00439
24	0.01072	0.86147	0.02102	0.00686	0.01029	0.01587	0.00686	0.01201	0.00815	0.00944	0.00558	0.00643	0.00515	0.00343	0.00257	0.00086	0.00429	0.00214	0.00172	0.00515
25	0.01072	0.86147	0.02102	0.00686	0.01029	0.01587	0.00686	0.01201	0.00815	0.00944	0.00558	0.00643	0.00515	0.00343	0.00257	0.00086	0.00429	0.00214	0.00172	0.00515
26	0.01149	0.00716	0.00873	0.00641	0.00982	0.00573	0.00519	0.03810	0.00961	0.26511	0.00986	0.00999	0.00719	0.00364	0.00333	0.00081	0.00315	0.00292	0.00322	0.58854
27	0.03971	0.01039	0.01338	0.01037	0.01346	0.02292	0.17293	0.39354	0.23315	0.03133	0.01103	0.01123	0.00807	0.00465	0.00412	0.00128	0.00455	0.00403	0.00356	0.00630
28	0.84315	0.00780	0.00605	0.00542	0.00789	0.00905	0.00444	0.01227	0.04816	0.01793	0.00613	0.00694	0.00474	0.00381	0.00256	0.00125	0.00311	0.00229	0.00256	0.00444
29	0.02667	0.32920	0.24991	0.00851	0.01232	0.01090	0.04089	0.02861	0.04390	0.10005	0.07556	0.01114	0.00905	0.00436	0.00350	0.00112	0.00447	0.02019	0.00250	0.01713
30	0.56895	0.05232	0.00847	0.00727	0.05898	0.02785	0.00554	0.10497	0.02119	0.05855	0.00693	0.00767	0.00529	0.00388	0.00290	0.00118	0.00352	0.00257	0.00272	0.04928

[dist]
# distance from previous block
# <min> <max>
0	7

[block]
# block no. 3 follows, 67 sequences, length 22
# corresponding to MSA columns:
# 248-269
name=unknown_D
#
# <colnr> <probs for GDERKNQSTAVLIFYWHMCP>
#	G	D	E	R	K	N	Q	S	T	A	V	L	I	F	Y	W	H	M	C	P
0	0.01003	0.00780	0.00902	0.09430	0.01097	0.10256	0.00663	0.06143	0.00918	0.15149	0.01332	0.26926	0.01328	0.02153	0.00646	0.00151	0.17520	0.02829	0.00314	0.00460
1	0.00513	0.00367	0.00489	0.00554	0.00586	0.00357	0.00377	0.00593	0.00759	0.01028	0.07254	0.62207	0.02412	0.09309	0.10962	0.00241	0.00348	0.00974	0.00345	0.00325
2	0.06824	0.00677	0.00720	0.00604	0.00803	0.00718	0.00484	0.26474	0.03019	0.09865	0.01181	0.01263	0.00881	0.00522	0.02045	0.00119	0.00311	0.00365	0.42616	0.00510
3	0.01389	0.00775	0.00944	0.00707	0.01037	0.00689	0.00579	0.16288	0.01165	0.38130	0.01145	0.01093	0.00787	0.00419	0.00363	0.00099	0.00343	0.00334	0.00383	0.33331
4	0.00547	0.00416	0.00517	0.00597	0.00643	0.02686	0.00429	0.00643	0.00824	0.01080	0.05765	0.63866	0.04374	0.01183	0.00512	0.00163	0.00267	0.14777	0.00370	0.00340
5	0.01062	0.83023	0.05138	0.00703	0.01056	0.01563	0.00716	0.01203	0.00816	0.00956	0.00564	0.00651	0.00514	0.00345	0.00262	0.00087	0.00435	0.00217	0.00171	0.00518
6	0.00527	0.00406	0.00508	0.00530	0.00602	0.00386	0.00385	0.00642	0.00904	0.01203	0.25236	0.36471	0.23245	0.01046	0.00528	0.00147	0.03963	0.02539	0.00383	0.00350
7	0.00493	0.00352	0.00469	0.00556	0.00583	0.00328	0.00373	0.00568	0.00786	0.01053	0.06212	0.81560	0.02708	0.01235	0.00510	0.00161	0.00231	0.01120	0.00376	0.00328
8	0.01304	0.01020	0.01612	0.01197	0.01526	0.02580	0.32878	0.27640	0.01271	0.17551	0.00986	0.01077	0.00699	0.00441	0.00491	0.00130	0.06256	0.00411	0.00322	0.00606
9	0.00934	0.00542	0.00685	0.00598	0.00766	0.00512	0.00470	0.06383	0.04764	0.20746	0.47890	0.02522	0.06977	0.00732	0.00452	0.00128	0.00254	0.03722	0.00444	0.00478
10	0.01456	0.00964	0.01064	0.00837	0.01129	0.01041	0.00684	0.52777	0.11664	0.16586	0.01177	0.01134	0.00826	0.00491	0.00394	0.00121	0.00392	0.00381	0.06225	0.00656
11	0.83032	0.06333	0.00688	0.00538	0.00792	0.00944	0.00451	0.01180	0.00691	0.01744	0.00558	0.00651	0.00440	0.00370	0.00249	0.00122	0.00318	0.00217	0.00243	0.00440
12	0.00494	0.00352	0.00467	0.00553	0.00577	0.00329	0.00368	0.00565	0.00773	0.01033	0.04608	0.80344	0.02646	0.04119	0.00563	0.00169	0.00237	0.01109	0.00370	0.00325
13	0.00527	0.00398	0.00480	0.00485	0.00580	0.00357	0.00357	0.00665	0.00985	0.01317	0.39048	0.18572	0.29539	0.00965	0.00479	0.00137	0.00206	0.02595	0.01951	0.00355
14	0.01498	0.01911	0.01137	0.01033	0.01240	0.84295	0.00775	0.01601	0.01137	0.00982	0.00620	0.00723	0.00517	0.00413	0.00362	0.00103	0.00723	0.00258	0.00207	0.00465
15	0.00684	0.00597	0.00809	0.00761	0.00820	0.03810	0.00606	0.00812	0.00655	0.00941	0.00920	0.01369	0.00865	0.02334	0.60400	0.00507	0.22120	0.00404	0.00205	0.00382
16	0.00587	0.00400	0.00481	0.00489	0.00506	0.00409	0.00309	0.00621	0.00619	0.00832	0.01309	0.02641	0.01467	0.68204	0.12666	0.00406	0.00477	0.07059	0.00250	0.00268
17	0.88738	0.00776	0.00589	0.00527	0.00776	0.00900	0.00434	0.01179	0.00683	0.01799	0.00558	0.00651	0.00434	0.00372	0.00248	0.00124	0.00310	0.00217	0.00248	0.00434
18	0.00915	0.00853	0.01471	0.36285	0.44062	0.00921	0.05154	0.01168	0.00875	0.03364	0.00762	0.01038	0.00602	0.00378	0.00403	0.00126	0.00507	0.00364	0.00198	0.00554
19	0.00676	0.00550	0.00698	0.00621	0.00768	0.00545	0.05198	0.03424	0.15531	0.01468	0.38925	0.02750	0.20237	0.04945	0.00538	0.00144	0.00264	0.01898	0.00394	0.00427
20	0.02946	0.10357	0.05942	0.00796	0.03801	0.06189	0.04210	0.02175	0.05723	0.08545	0.01072	0.06694	0.03678	0.00461	0.00355	0.00099	0.00381	0.02151	0.00273	0.34152
21	0.00810	0.05482	0.38794	0.05253	0.06811	0.04017	0.08606	0.01155	0.03910	0.01224	0.04668	0.14337	0.02115	0.00547	0.00412	0.00131	0.00497	0.00479	0.00232	0.00522

[dist]
# distance from previous block
# <min> <max>
0	21

[block]
# block no. 4 follows, 67 sequences, length 46
# corresponding to MSA columns:
# 291-336
name=unknown_E
#
# <colnr> <probs for GDERKNQSTAVLIFYWHMCP>
#	G	D	E	R	K	N	Q	S	T	A	V	L	I	F	Y	W	H	M	C	P
0	0.01264	0.08762	0.13152	0.00878	0.01197	0.09450	0.02637	0.22404	0.11240	0.16002	0.06342	0.02914	0.00984	0.00492	0.00391	0.00121	0.00443	0.00389	0.00342	0.00596
1	0.03561	0.57370	0.10115	0.00870	0.05051	0.03278	0.03779	0.01316	0.09242	0.01107	0.00704	0.00786	0.00594	0.00371	0.00302	0.00100	0.00449	0.00265	0.00201	0.00538
2	0.27467	0.06274	0.04856	0.02048	0.14959	0.31753	0.02514	0.02488	0.00934	0.02420	0.00648	0.00771	0.00522	0.00386	0.00332	0.00114	0.00523	0.00271	0.00220	0.00500
3	0.00475	0.00401	0.00412	0.00421	0.00546	0.00337	0.00311	0.00574	0.00900	0.01078	0.03883	0.11790	0.75427	0.01039	0.00478	0.00138	0.00206	0.00875	0.00372	0.00337
4	0.01060	0.02269	0.19278	0.02636	0.10956	0.08461	0.07420	0.03900	0.11649	0.11128	0.05157	0.01189	0.02322	0.00486	0.00508	0.00131	0.10225	0.00387	0.00274	0.00564
5	0.00597	0.00417	0.00507	0.00489	0.00602	0.00371	0.00365	0.00741	0.01019	0.06011	0.42656	0.12659	0.30250	0.00917	0.00474	0.00133	0.00207	0.00795	0.00413	0.00376
6	0.00991	0.00876	0.01338	0.13322	0.42226	0.02213	0.03086	0.08632	0.07109	0.03928	0.04087	0.01231	0.01967	0.00557	0.04474	0.00149	0.00485	0.01329	0.00254	0.01747
7	0.00832	0.00713	0.00832	0.00594	0.00950	0.00535	0.00475	0.01010	0.00832	0.01307	0.00713	0.00832	0.00594	0.00297	0.00297	0.00059	0.00297	0.00238	0.00238	0.88357
8	0.00512	0.00392	0.00469	0.00482	0.00573	0.00350	0.00349	0.00637	0.00956	0.01259	0.32450	0.25171	0.32934	0.01008	0.00484	0.00139	0.00206	0.00880	0.00398	0.00350
9	0.00513	0.00375	0.00485	0.00567	0.00603	0.00359	0.00383	0.00635	0.04744	0.01057	0.02227	0.79577	0.04540	0.01216	0.00506	0.00161	0.00236	0.01100	0.00374	0.00341
10	0.00510	0.00361	0.00456	0.00523	0.00546	0.00341	0.00339	0.00565	0.00732	0.00969	0.02078	0.62175	0.06280	0.21130	0.00869	0.00215	0.00268	0.00995	0.00342	0.00307
11	0.00902	0.01061	0.07172	0.18469	0.07304	0.00980	0.55587	0.01228	0.00909	0.01233	0.00782	0.01059	0.00589	0.00355	0.00448	0.00133	0.00630	0.00431	0.00196	0.00531
12	0.00993	0.00953	0.01628	0.02462	0.83404	0.00953	0.01231	0.01231	0.00913	0.01310	0.00754	0.00993	0.00635	0.00357	0.00397	0.00119	0.00476	0.00357	0.00199	0.00635
13	0.88738	0.00776	0.00589	0.00527	0.00776	0.00900	0.00434	0.01179	0.00683	0.01799	0.00558	0.00651	0.00434	0.00372	0.00248	0.00124	0.00310	0.00217	0.00248	0.00434
14	0.03434	0.06809	0.03151	0.11903	0.07513	0.15123	0.05342	0.14039	0.10133	0.04430	0.02151	0.04382	0.03603	0.01712	0.00449	0.00128	0.03387	0.01500	0.00280	0.00530
15	0.01037	0.00881	0.00929	0.00824	0.01058	0.01016	0.00644	0.08104	0.76643	0.01741	0.01582	0.01456	0.01184	0.00539	0.00408	0.00135	0.00327	0.00447	0.00408	0.00638
16	0.00955	0.00927	0.01542	0.11125	0.64217	0.02720	0.03887	0.01188	0.00887	0.01245	0.00756	0.01020	0.00634	0.00487	0.04055	0.00145	0.03061	0.00362	0.00197	0.00590
17	0.00493	0.00353	0.00470	0.00559	0.00586	0.00329	0.00377	0.00568	0.00781	0.01044	0.04638	0.81960	0.02681	0.01241	0.00511	0.00162	0.00233	0.02310	0.00374	0.00328
18	0.10073	0.00749	0.00893	0.00703	0.00994	0.04684	0.00576	0.03441	0.01106	0.67155	0.01415	0.01262	0.00911	0.00479	0.00382	0.00122	0.00353	0.00376	0.03689	0.00637
19	0.00511	0.00369	0.00490	0.00578	0.00617	0.00347	0.00410	0.00600	0.00798	0.01053	0.02287	0.69558	0.06509	0.01223	0.00516	0.00165	0.00252	0.13013	0.00372	0.00333
20	0.00575	0.00422	0.00604	0.00604	0.00662	0.00480	0.00451	0.00690	0.00633	0.00901	0.01111	0.01779	0.01091	0.19076	0.68369	0.00595	0.00941	0.00459	0.00220	0.00336
21	0.88738	0.00776	0.00589	0.00527	0.00776	0.00900	0.00434	0.01179	0.00683	0.01799	0.00558	0.00651	0.00434	0.00372	0.00248	0.00124	0.00310	0.00217	0.00248	0.00434
22	0.00544	0.00400	0.00504	0.00560	0.00635	0.00375	0.00423	0.00675	0.01896	0.01155	0.10239	0.37795	0.19930	0.01096	0.00502	0.00156	0.00254	0.19501	0.03011	0.00349
23	0.35778	0.00899	0.00892	0.00718	0.01004	0.03500	0.00590	0.27566	0.01204	0.22777	0.00951	0.00935	0.00659	0.00440	0.00341	0.00122	0.00373	0.00312	0.00359	0.00578
24	0.01510	0.01754	0.01142	0.01007	0.01235	0.68934	0.00768	0.14321	0.01255	0.03442	0.00700	0.00778	0.00555	0.00426	0.00369	0.00107	0.00668	0.00278	0.00245	0.00505
25	0.00549	0.00409	0.00512	0.00495	0.00596	0.00372	0.00373	0.00717	0.01072	0.01469	0.61758	0.05771	0.19712	0.00883	0.00477	0.00131	0.00200	0.03712	0.00423	0.00368
26	0.00780	0.00736	0.01245	0.76853	0.10670	0.00897	0.01125	0.01045	0.00813	0.01053	0.00717	0.01062	0.00544	0.00397	0.00401	0.00132	0.00529	0.00357	0.00180	0.00464
27	0.01066	0.84044	0.04146	0.00698	0.01047	0.01570	0.00706	0.01203	0.00816	0.00952	0.00562	0.00648	0.00515	0.00344	0.00260	0.00087	0.00433	0.00216	0.00172	0.00517
28	0.00863	0.07266	0.65916	0.01177	0.01723	0.00976	0.12115	0.01283	0.00865	0.03109	0.00741	0.00877	0.00533	0.00375	0.00386	0.00125	0.00588	0.00317	0.00181	0.00583
29	0.00757	0.00713	0.01203	0.84942	0.02762	0.00891	0.01114	0.01025	0.00802	0.01025	0.00713	0.01069	0.00535	0.00401	0.00401	0.00134	0.00535	0.00356	0.00178	0.00446
30	0.00543	0.00383	0.00506	0.00584	0.00621	0.00369	0.00420	0.00630	0.00778	0.01029	0.02041	0.52498	0.02380	0.14436	0.00761	0.00204	0.00291	0.20849	0.00351	0.00324
31	0.00763	0.00698	0.00843	0.00754	0.00792	0.07102	0.03045	0.00832	0.00672	0.00916	0.03793	0.01749	0.01080	0.36788	0.09404	0.00302	0.29430	0.00466	0.00220	0.00352
32	0.00748	0.00695	0.01181	0.55605	0.03817	0.00818	0.08757	0.00970	0.00772	0.01012	0.00819	0.01321	0.00706	0.13223	0.05258	0.00200	0.03076	0.00405	0.00193	0.00424
33	0.00962	0.01167	0.25705	0.00884	0.01208	0.00887	0.00862	0.04246	0.41318	0.07393	0.01394	0.09942	0.01123	0.00563	0.00410	0.00135	0.00397	0.00471	0.00339	0.00595
34	0.00567	0.00385	0.00463	0.00494	0.00508	0.00379	0.00311	0.00597	0.00657	0.00873	0.01560	0.23096	0.01811	0.56616	0.01532	0.01690	0.00348	0.07555	0.00284	0.00273
35	0.00890	0.00848	0.01285	0.55223	0.21991	0.05989	0.01093	0.01168	0.03716	0.02882	0.00768	0.01051	0.00592	0.00398	0.00398	0.00128	0.00520	0.00355	0.00200	0.00504
36	0.01218	0.36190	0.16525	0.00879	0.01241	0.13875	0.02287	0.13916	0.01066	0.08242	0.00750	0.00811	0.00582	0.00395	0.00334	0.00105	0.00502	0.00279	0.00240	0.00562
37	0.45379	0.01172	0.03333	0.05446	0.01090	0.26096	0.00651	0.03611	0.00860	0.01448	0.00599	0.00729	0.00481	0.00416	0.00385	0.00122	0.07242	0.00255	0.00228	0.00456
38	0.06999	0.01017	0.01356	0.24151	0.31478	0.14060	0.05630	0.01231	0.00896	0.03255	0.00764	0.00993	0.01621	0.00406	0.00431	0.00125	0.04508	0.00346	0.00207	0.00526
39	0.00557	0.00410	0.00521	0.00493	0.00593	0.00374	0.00370	0.00736	0.01110	0.01549	0.74240	0.03093	0.12774	0.00842	0.00473	0.00127	0.00191	0.00739	0.00434	0.00374
40	0.00973	0.00998	0.05456	0.22108	0.35156	0.06344	0.01050	0.03520	0.17741	0.01325	0.00920	0.01089	0.00719	0.00415	0.00397	0.00126	0.00479	0.00368	0.00241	0.00577
41	0.00609	0.00402	0.00509	0.00535	0.00561	0.00404	0.00370	0.00641	0.00669	0.00887	0.01432	0.05781	0.01599	0.48263	0.04594	0.11338	0.00399	0.20465	0.00269	0.00273
42	0.00729	0.02085	0.11132	0.00733	0.00883	0.03794	0.05025	0.04570	0.00782	0.01075	0.01190	0.09919	0.01214	0.24690	0.17207	0.01359	0.03827	0.04890	0.04509	0.00386
43	0.00790	0.00695	0.01173	0.35434	0.14712	0.00753	0.08501	0.01027	0.00907	0.03658	0.12616	0.03546	0.03300	0.00571	0.00441	0.00137	0.00450	0.10559	0.00263	0.00467
44	0.00832	0.00713	0.00832	0.00594	0.00950	0.00535	0.00475	0.01010	0.00832	0.01307	0.00713	0.00832	0.00594	0.00297	0.00297	0.00059	0.00297	0.00238	0.00238	0.88357
45	0.09340	0.11483	0.03155	0.06990	0.07527	0.09813	0.06905	0.16683	0.12003	0.05767	0.03312	0.03555	0.00834	0.00461	0.00376	0.00121	0.00453	0.00373	0.00293	0.00557

[dist]
# distance from previous block
# <min> <max>
0	20

[block]
# block no. 5 follows, 67 sequences, length 19
# corresponding to MSA columns:
# 357-375
name=unknown_F
#
# <colnr> <probs for GDERKNQSTAVLIFYWHMCP>
#	G	D	E	R	K	N	Q	S	T	A	V	L	I	F	Y	W	H	M	C	P
0	0.08956	0.37969	0.17190	0.00893	0.02893	0.06324	0.05869	0.06388	0.01978	0.04959	0.00701	0.00790	0.00558	0.00374	0.00321	0.00106	0.00476	0.00273	0.00217	0.02767
1	0.01031	0.38277	0.26576	0.04369	0.05636	0.02619	0.03810	0.07245	0.02298	0.03687	0.00712	0.00816	0.00562	0.00377	0.00334	0.00108	0.00495	0.00283	0.00205	0.00561
2	0.00676	0.00358	0.00523	0.00523	0.00528	0.00364	0.00349	0.00543	0.00538	0.00722	0.00782	0.01388	0.00797	0.10098	0.07772	0.72874	0.00406	0.00378	0.00184	0.00195
3	0.00582	0.00391	0.00448	0.00447	0.00454	0.00392	0.00257	0.00596	0.00612	0.00823	0.05270	0.02612	0.01558	0.79288	0.04397	0.00384	0.00399	0.00586	0.00252	0.00253
4	0.01500	0.01856	0.01141	0.01025	0.01240	0.78463	0.00774	0.07253	0.01189	0.01090	0.00644	0.00740	0.00528	0.00418	0.00364	0.00105	0.00703	0.00266	0.00220	0.00480
5	0.00501	0.00376	0.00458	0.00514	0.00574	0.00342	0.00359	0.00585	0.00818	0.01053	0.05189	0.49631	0.26172	0.06535	0.00599	0.00169	0.00240	0.05190	0.00366	0.00328
6	0.00555	0.00402	0.00528	0.00601	0.00663	0.00384	0.00461	0.00670	0.00839	0.01096	0.04427	0.38648	0.10837	0.06851	0.00626	0.00183	0.00291	0.31235	0.00364	0.00339
7	0.01011	0.00543	0.00655	0.00586	0.00749	0.00526	0.00451	0.07574	0.06101	0.22583	0.11498	0.18858	0.04206	0.00701	0.00406	0.00125	0.00265	0.00599	0.22080	0.00483
8	0.00536	0.00399	0.00495	0.00491	0.00579	0.00362	0.00358	0.00682	0.01012	0.01378	0.51097	0.16405	0.19937	0.03811	0.00533	0.00143	0.00206	0.00812	0.00409	0.00357
9	0.00877	0.00877	0.01228	0.01053	0.01053	0.01228	0.00877	0.00965	0.00614	0.00965	0.00526	0.00877	0.00526	0.00702	0.01316	0.00175	0.85172	0.00351	0.00175	0.00439
10	0.00947	0.01082	0.02366	0.01690	0.02096	0.01014	0.81947	0.01285	0.00947	0.01285	0.00811	0.01082	0.00609	0.00338	0.00473	0.00135	0.00676	0.00473	0.00203	0.00541
11	0.01498	0.01911	0.01137	0.01033	0.01240	0.84295	0.00775	0.01601	0.01137	0.00982	0.00620	0.00723	0.00517	0.00413	0.00362	0.00103	0.00723	0.00258	0.00207	0.00465
12	0.00837	0.00823	0.01220	0.28955	0.01621	0.01116	0.00956	0.00985	0.00677	0.00985	0.00588	0.00941	0.00529	0.00602	0.01012	0.00162	0.57021	0.00353	0.00176	0.00441
13	0.01003	0.00704	0.00921	0.00785	0.00928	0.00803	0.01822	0.03922	0.12920	0.17968	0.19555	0.01727	0.05956	0.00737	0.03213	0.00158	0.25528	0.00491	0.00353	0.00505
14	0.11047	0.00806	0.01010	0.06557	0.05166	0.04232	0.03664	0.07133	0.03837	0.42350	0.01220	0.01246	0.00848	0.00466	0.00384	0.00122	0.00390	0.02737	0.00380	0.06405
15	0.00844	0.00829	0.01182	0.08329	0.01176	0.01144	0.00870	0.00952	0.00633	0.00968	0.00584	0.00947	0.00563	0.00850	0.07495	0.00207	0.71458	0.00357	0.00179	0.00433
16	0.21231	0.00912	0.00889	0.00771	0.01019	0.03572	0.00612	0.14532	0.46811	0.03609	0.01248	0.01192	0.00931	0.00490	0.00369	0.00130	0.00348	0.00378	0.00366	0.00592
17	0.01045	0.04618	0.17253	0.04995	0.03376	0.11895	0.02647	0.02546	0.00929	0.13714	0.01079	0.01227	0.05697	0.05893	0.01919	0.00133	0.00465	0.00355	0.00263	0.19952
18	0.01031	0.00963	0.01175	0.01089	0.08680	0.06749	0.11273	0.06011	0.51310	0.01562	0.01365	0.04837	0.01073	0.00518	0.00416	0.00132	0.00410	0.00458	0.00346	0.00600

[dist]
# distance from previous block
# <min> <max>
0	1

[block]
# block no. 6 follows, 67 sequences, length 26
# corresponding to MSA columns:
# 377-402
name=unknown_G
#
# <colnr> <probs for GDERKNQSTAVLIFYWHMCP>
#	G	D	E	R	K	N	Q	S	T	A	V	L	I	F	Y	W	H	M	C	P
0	0.14764	0.01260	0.06175	0.00902	0.01201	0.22228	0.03871	0.28779	0.01297	0.14442	0.00889	0.00914	0.00637	0.00438	0.00370	0.00118	0.00496	0.00320	0.00321	0.00578
1	0.00817	0.00617	0.00712	0.00660	0.00772	0.06047	0.00502	0.11438	0.00859	0.04349	0.01094	0.01598	0.01004	0.15772	0.46456	0.00448	0.00778	0.00430	0.05246	0.00402
2	0.00543	0.00409	0.00507	0.00538	0.00611	0.00387	0.00382	0.00723	0.06246	0.01249	0.26639	0.44073	0.14102	0.01046	0.00488	0.00146	0.00221	0.00930	0.00395	0.00363
3	0.00897	0.00739	0.00858	0.00618	0.00971	0.00582	0.00496	0.06321	0.00907	0.03082	0.00747	0.00851	0.00608	0.00313	0.00306	0.00065	0.00307	0.00249	0.00254	0.80829
4	0.03500	0.11014	0.72575	0.01076	0.01631	0.01000	0.01365	0.01260	0.00838	0.01251	0.00698	0.00819	0.00507	0.00377	0.00364	0.00123	0.00567	0.00285	0.00172	0.00580
5	0.14931	0.04539	0.04619	0.03228	0.01265	0.32510	0.08799	0.07853	0.06224	0.04907	0.00799	0.00955	0.00636	0.00444	0.00413	0.00121	0.04732	0.02266	0.00252	0.00508
6	0.02714	0.00453	0.00566	0.00554	0.00631	0.00444	0.00399	0.00847	0.00776	0.12149	0.07422	0.05942	0.01720	0.42487	0.06000	0.00296	0.00395	0.15536	0.00319	0.00350
7	0.00516	0.00364	0.00454	0.00515	0.00537	0.00345	0.00330	0.00567	0.00719	0.00953	0.02012	0.56984	0.06001	0.26632	0.00969	0.00229	0.00278	0.00960	0.00334	0.00302
8	0.09760	0.14662	0.01131	0.00692	0.01034	0.00818	0.05284	0.06396	0.00900	0.04045	0.00722	0.00823	0.00585	0.00333	0.00306	0.00081	0.00353	0.00259	0.00245	0.51571
9	0.05002	0.50170	0.14738	0.02712	0.03492	0.05760	0.04561	0.05635	0.00894	0.01150	0.00628	0.00741	0.00528	0.00370	0.00328	0.00103	0.02206	0.00259	0.00191	0.00531
10	0.00823	0.10505	0.04235	0.00592	0.00713	0.00693	0.00452	0.14604	0.00842	0.01114	0.01060	0.01916	0.01108	0.47458	0.01412	0.09747	0.00406	0.01707	0.00253	0.00359
11	0.00653	0.00414	0.00533	0.00567	0.00654	0.00381	0.00418	0.00756	0.00860	0.09896	0.04983	0.44641	0.17269	0.03153	0.02392	0.00171	0.00277	0.11227	0.00381	0.00372
12	0.01084	0.63327	0.01860	0.02494	0.01090	0.06980	0.00731	0.04316	0.00849	0.01012	0.00576	0.00703	0.00523	0.00406	0.00424	0.00102	0.12588	0.00245	0.00183	0.00506
13	0.00513	0.00365	0.00476	0.00554	0.00584	0.00345	0.00377	0.00587	0.00769	0.01021	0.03478	0.66101	0.04673	0.10959	0.00689	0.00189	0.00260	0.07380	0.00358	0.00321
14	0.00553	0.00409	0.00515	0.00489	0.00590	0.00372	0.00367	0.00728	0.01100	0.01525	0.70640	0.03133	0.16388	0.00851	0.00473	0.00128	0.00191	0.00745	0.00431	0.00372
15	0.00527	0.00399	0.00483	0.00483	0.00577	0.00359	0.00354	0.00664	0.00989	0.01320	0.41811	0.16354	0.28824	0.03243	0.00523	0.00143	0.00208	0.01983	0.00402	0.00354
16	0.00697	0.00348	0.00522	0.00522	0.00522	0.00348	0.00348	0.00522	0.00522	0.00697	0.00697	0.01219	0.00697	0.01393	0.01567	0.88332	0.00348	0.00348	0.00174	0.00174
17	0.88738	0.00776	0.00589	0.00527	0.00776	0.00900	0.00434	0.01179	0.00683	0.01799	0.00558	0.00651	0.00434	0.00372	0.00248	0.00124	0.00310	0.00217	0.00248	0.00434
18	0.00877	0.00877	0.01228	0.01053	0.01053	0.01228	0.00877	0.00965	0.00614	0.00965	0.00526	0.00877	0.00526	0.00702	0.01316	0.00175	0.85172	0.00351	0.00175	0.00439
19	0.00804	0.02074	0.83828	0.01143	0.01736	0.00931	0.01482	0.01270	0.00847	0.01270	0.00720	0.00847	0.00508	0.00381	0.00381	0.00127	0.00593	0.00296	0.00169	0.00593
20	0.00877	0.00877	0.01228	0.01053	0.01053	0.01228	0.00877	0.00965	0.00614	0.00965	0.00526	0.00877	0.00526	0.00702	0.01316	0.00175	0.85172	0.00351	0.00175	0.00439
21	0.00894	0.28825	0.55152	0.01015	0.01522	0.01143	0.03836	0.01249	0.00840	0.01167	0.00671	0.00790	0.00513	0.00368	0.00345	0.00114	0.00543	0.00276	0.00171	0.00566
22	0.00777	0.00421	0.00470	0.00437	0.00548	0.00422	0.03268	0.03235	0.00874	0.01517	0.01280	0.01465	0.01003	0.00463	0.00291	0.00096	0.00212	0.00377	0.82456	0.00389
23	0.00590	0.00475	0.00653	0.16555	0.02502	0.00472	0.01689	0.00727	0.00862	0.03055	0.05937	0.28934	0.31266	0.00936	0.00472	0.00145	0.00296	0.03725	0.00336	0.00374
24	0.00650	0.00659	0.08510	0.00545	0.00774	0.00476	0.00477	0.04142	0.00939	0.03221	0.04104	0.04083	0.52023	0.00787	0.00428	0.00120	0.00271	0.00652	0.00333	0.16806
25	0.00890	0.27537	0.05579	0.00862	0.01108	0.06455	0.12293	0.01116	0.05138	0.01134	0.10243	0.04959	0.05834	0.01653	0.06944	0.00163	0.06941	0.00435	0.00245	0.00471

[dist]
# distance from previous block
# <min> <max>
0	2

[block]
