[name]
unknown

[dist]
# distance from previous block
# <min> <max>
0	115

[block]
# block no. 0 follows, 81 sequences, length 186
# corresponding to MSA columns:
# 118-303
name=unknown_A
#
# <colnr> <probs for GDERKNQSTAVLIFYWHMCP>
#	G	D	E	R	K	N	Q	S	T	A	V	L	I	F	Y	W	H	M	C	P
0	0.00557	0.00398	0.00557	0.00636	0.00716	0.00398	0.00557	0.00716	0.00795	0.01034	0.01829	0.03897	0.01988	0.00954	0.00477	0.00159	0.00318	0.83379	0.00318	0.00318
1	0.45959	0.00628	0.00655	0.00534	0.00775	0.00641	0.00441	0.01349	0.00788	0.43714	0.00922	0.00868	0.00614	0.00374	0.00281	0.00107	0.00281	0.00267	0.00321	0.00481
2	0.00652	0.00614	0.01036	0.87029	0.02379	0.00768	0.00959	0.00883	0.00691	0.00883	0.00614	0.00921	0.00461	0.00345	0.00345	0.00115	0.00461	0.00307	0.00154	0.00384
3	0.00652	0.00614	0.01036	0.87029	0.02379	0.00768	0.00959	0.00883	0.00691	0.00883	0.00614	0.00921	0.00461	0.00345	0.00345	0.00115	0.00461	0.00307	0.00154	0.00384
4	0.00716	0.00614	0.00716	0.00512	0.00819	0.00461	0.00409	0.00870	0.00716	0.01126	0.00614	0.00716	0.00512	0.00256	0.00256	0.00051	0.00256	0.00205	0.00205	0.89971
5	0.25445	0.00606	0.00717	0.00568	0.00818	0.00577	0.00468	0.01488	0.00874	0.62099	0.01122	0.01024	0.00731	0.01536	0.00330	0.00110	0.00287	0.00306	0.00367	0.00525
6	0.00674	0.00636	0.01075	0.77962	0.11277	0.00773	0.00970	0.00902	0.00701	0.00909	0.00618	0.00914	0.00470	0.00341	0.00345	0.00114	0.00455	0.00307	0.00155	0.00401
7	0.00644	0.00322	0.00322	0.00322	0.00402	0.00322	0.00241	0.00805	0.00724	0.01288	0.01127	0.01288	0.00885	0.00402	0.00241	0.00080	0.00161	0.00322	0.89777	0.00322
8	0.00494	0.00370	0.00555	0.00555	0.00617	0.00432	0.00432	0.00617	0.00555	0.00802	0.00925	0.01357	0.00864	0.02591	0.86490	0.00555	0.00925	0.00370	0.00185	0.00308
9	0.00652	0.00614	0.01036	0.87029	0.02379	0.00768	0.00959	0.00883	0.00691	0.00883	0.00614	0.00921	0.00461	0.00345	0.00345	0.00115	0.00461	0.00307	0.00154	0.00384
10	0.00490	0.00366	0.00547	0.00551	0.00611	0.00424	0.00426	0.00610	0.00561	0.00806	0.00978	0.05981	0.00940	0.02510	0.81879	0.00533	0.00886	0.00403	0.00192	0.00307
11	0.00629	0.00433	0.00641	0.00543	0.00671	0.00414	0.15437	0.00796	0.00743	0.01180	0.01389	0.08783	0.10685	0.00494	0.00308	0.00096	0.00242	0.00440	0.55734	0.00341
12	0.00918	0.00841	0.01352	0.01937	0.73989	0.00855	0.01004	0.12617	0.00903	0.01274	0.00675	0.00851	0.00553	0.00323	0.00342	0.00103	0.00406	0.00308	0.00195	0.00553
13	0.01230	0.01532	0.01038	0.01060	0.12783	0.74617	0.00722	0.01335	0.00952	0.00885	0.00550	0.00655	0.00459	0.00349	0.00316	0.00091	0.00594	0.00234	0.00177	0.00421
14	0.00844	0.00809	0.01382	0.06829	0.81084	0.00818	0.01055	0.01050	0.00781	0.01115	0.00648	0.00859	0.00542	0.00310	0.00342	0.00103	0.00413	0.00308	0.00170	0.00538
15	0.05799	0.00613	0.00717	0.00523	0.00819	0.00484	0.00421	0.00991	0.00747	0.12890	0.00710	0.00771	0.00552	0.00283	0.00266	0.00062	0.00262	0.00223	0.00236	0.72630
16	0.00494	0.00366	0.00536	0.00536	0.00591	0.00422	0.00408	0.00605	0.00550	0.00788	0.00943	0.01453	0.00905	0.11659	0.77479	0.00532	0.00863	0.00384	0.00188	0.00298
17	0.00664	0.00572	0.00672	0.00508	0.00759	0.00464	0.00404	0.00805	0.00730	0.01097	0.05548	0.01173	0.12230	0.00384	0.00334	0.00069	0.05106	0.00304	0.00227	0.67951
18	0.00855	0.00821	0.01402	0.02120	0.85704	0.00821	0.01060	0.01060	0.00787	0.01129	0.00650	0.00855	0.00547	0.00308	0.00342	0.00103	0.00410	0.00308	0.00171	0.00547
19	0.01313	0.00968	0.01037	0.00795	0.01071	0.01071	0.00657	0.84552	0.01624	0.02177	0.00829	0.00829	0.00587	0.00415	0.00346	0.00104	0.00380	0.00311	0.00346	0.00587
20	0.00664	0.00625	0.01056	0.82320	0.07000	0.00770	0.00965	0.00892	0.00696	0.00896	0.00616	0.00917	0.00465	0.00343	0.00345	0.00114	0.00458	0.00307	0.00154	0.00393
21	0.00498	0.00352	0.00465	0.00465	0.00495	0.00383	0.00319	0.00559	0.00528	0.00735	0.01008	0.01816	0.01063	0.45901	0.43452	0.00443	0.00625	0.00437	0.00197	0.00258
22	0.01065	0.01189	0.00754	0.00695	0.00840	0.56686	0.00521	0.01179	0.00895	0.01000	0.01988	0.00872	0.00632	0.00377	0.00290	0.00086	0.00463	0.00261	0.29835	0.00373
23	0.00664	0.00626	0.01057	0.82279	0.07041	0.00770	0.00965	0.00893	0.00696	0.00896	0.00616	0.00917	0.00465	0.00343	0.00345	0.00114	0.00458	0.00307	0.00154	0.00393
24	0.66284	0.00673	0.00604	0.00510	0.00739	0.00743	0.00421	0.07058	0.00741	0.18445	0.00682	0.00703	0.00485	0.00349	0.00250	0.00107	0.00281	0.00228	0.00266	0.00432
25	0.00491	0.00353	0.00460	0.00433	0.00514	0.00326	0.00325	0.00654	0.00974	0.01384	0.84273	0.02561	0.03224	0.00702	0.00405	0.00108	0.00163	0.00620	0.01703	0.00326
26	0.00716	0.00614	0.00716	0.00512	0.00819	0.00461	0.00409	0.00870	0.00716	0.01126	0.00614	0.00716	0.00512	0.00256	0.00256	0.00051	0.00256	0.00205	0.00205	0.89971
27	0.00911	0.83443	0.06326	0.00612	0.00919	0.01337	0.00628	0.01038	0.00703	0.00828	0.00488	0.00564	0.00443	0.00297	0.00227	0.00076	0.00377	0.00189	0.00148	0.00447
28	0.00949	0.00706	0.00806	0.00607	0.00885	0.00646	0.00490	0.27284	0.01019	0.07631	0.00809	0.05648	0.00660	0.00365	0.00301	0.00077	0.00295	0.00292	0.00272	0.50259
29	0.00855	0.00821	0.01402	0.02120	0.85704	0.00821	0.01060	0.01060	0.00787	0.01129	0.00650	0.00855	0.00547	0.00308	0.00342	0.00103	0.00410	0.00308	0.00171	0.00547
30	0.00414	0.00348	0.00360	0.00362	0.00472	0.00293	0.00269	0.00505	0.00794	0.00960	0.08798	0.07408	0.76087	0.00874	0.00410	0.00117	0.00175	0.00735	0.00325	0.00293
31	0.00791	0.00658	0.01079	0.64309	0.10163	0.00767	0.03324	0.05037	0.00776	0.08765	0.00699	0.00934	0.00513	0.00351	0.00347	0.00113	0.00440	0.00314	0.00190	0.00430
32	0.00430	0.00373	0.00401	0.00436	0.04600	0.00317	0.00301	0.00523	0.00787	0.00943	0.03361	0.03205	0.81441	0.00847	0.00405	0.00116	0.00186	0.00709	0.00314	0.00304
33	0.00543	0.00409	0.00545	0.00522	0.00543	0.00476	0.00373	0.00588	0.00521	0.00735	0.00909	0.01657	0.00964	0.40753	0.30481	0.05396	0.13714	0.00416	0.00189	0.00265
34	0.00924	0.88067	0.01810	0.00591	0.00887	0.01367	0.00591	0.01034	0.00702	0.00813	0.00480	0.00554	0.00443	0.00296	0.00222	0.00074	0.00369	0.00185	0.00148	0.00443
35	0.00491	0.00362	0.00452	0.00502	0.00550	0.00354	0.00347	0.05251	0.04816	0.00984	0.01908	0.73915	0.06748	0.01004	0.00429	0.00136	0.00213	0.00902	0.00324	0.00311
36	0.90299	0.00668	0.00508	0.00454	0.00668	0.00775	0.00374	0.01015	0.00588	0.01550	0.00481	0.00561	0.00374	0.00321	0.00214	0.00107	0.00267	0.00187	0.00214	0.00374
37	0.00763	0.00764	0.01119	0.58133	0.22475	0.09028	0.00956	0.00974	0.00742	0.00939	0.00615	0.00876	0.00480	0.00337	0.00341	0.00110	0.00464	0.00299	0.00160	0.00425
38	0.00817	0.00782	0.01334	0.17991	0.70130	0.00811	0.01041	0.01027	0.00769	0.01083	0.00643	0.00867	0.00531	0.00315	0.00343	0.00105	0.00420	0.00308	0.00168	0.00517
39	0.05778	0.00791	0.01235	0.25095	0.54692	0.04456	0.00978	0.01023	0.00758	0.01073	0.00626	0.00847	0.00510	0.00321	0.00335	0.00106	0.00425	0.00297	0.00169	0.00487
40	0.01550	0.00588	0.00802	0.00615	0.00882	0.00508	0.00508	0.01684	0.00989	0.85944	0.01363	0.01176	0.00855	0.00428	0.00347	0.00107	0.00294	0.00347	0.00428	0.00588
41	0.06376	0.01034	0.05671	0.00791	0.01827	0.20822	0.01419	0.14789	0.21287	0.02942	0.00810	0.00860	0.00627	0.00412	0.00422	0.00106	0.11280	0.00291	0.00251	0.07985
42	0.00555	0.00369	0.00474	0.00439	0.00534	0.00340	0.00332	0.00722	0.01849	0.06054	0.73252	0.02462	0.06128	0.00682	0.00396	0.00108	0.00172	0.00598	0.04192	0.00341
43	0.01686	0.61646	0.07117	0.00631	0.00895	0.02225	0.03773	0.00955	0.00717	0.00884	0.04315	0.12277	0.00811	0.00421	0.00274	0.00089	0.00358	0.00323	0.00183	0.00421
44	0.00836	0.38028	0.46044	0.00799	0.01206	0.01024	0.00947	0.01101	0.00732	0.05523	0.00601	0.00680	0.00462	0.00320	0.00284	0.00094	0.00440	0.00231	0.00162	0.00486
45	0.00495	0.00332	0.00379	0.00386	0.00388	0.00330	0.00219	0.00500	0.00517	0.00689	0.01163	0.10041	0.01350	0.79951	0.01638	0.00317	0.00323	0.00546	0.00219	0.00216
46	0.00739	0.00627	0.00729	0.00522	0.00828	0.00484	0.00419	0.04049	0.00751	0.01166	0.00622	0.00721	0.00515	0.00262	0.00259	0.00053	0.00261	0.00209	0.00210	0.86576
47	0.00591	0.00349	0.00442	0.00467	0.00521	0.00332	0.00321	0.00676	0.02003	0.10216	0.01596	0.51410	0.01754	0.15063	0.02814	0.00172	0.00248	0.00738	0.09975	0.00312
48	0.00664	0.00404	0.00410	0.05021	0.00564	0.04030	0.00322	0.00834	0.01966	0.01224	0.01140	0.03878	0.00948	0.00449	0.00270	0.00089	0.00208	0.04943	0.72305	0.00331
49	0.00561	0.00384	0.00442	0.00415	0.00529	0.00350	0.00315	0.00730	0.04954	0.07067	0.33704	0.02612	0.37074	0.00718	0.00386	0.00110	0.00182	0.00610	0.08517	0.00340
50	0.00864	0.00939	0.01012	0.00884	0.00928	0.20630	0.00718	0.00945	0.00634	0.00833	0.00498	0.00759	0.00474	0.00658	0.05678	0.00159	0.62561	0.00288	0.00159	0.00379
51	0.00437	0.00308	0.00410	0.00488	0.00514	0.00290	0.00336	0.00508	0.00673	0.00905	0.01876	0.78935	0.02222	0.01053	0.00438	0.00140	0.00208	0.07069	0.02904	0.00285
52	0.00495	0.00375	0.00497	0.00521	0.05233	0.00346	0.00359	0.00645	0.00924	0.01285	0.65636	0.08001	0.12925	0.00728	0.00406	0.00111	0.00181	0.00642	0.00358	0.00331
53	0.01293	0.00948	0.01015	0.00780	0.01051	0.01048	0.00644	0.81987	0.01597	0.02150	0.00839	0.00843	0.00597	0.00414	0.00342	0.00103	0.00373	0.00311	0.03085	0.00579
54	0.02226	0.16048	0.01023	0.00761	0.00932	0.45545	0.00608	0.01162	0.00850	0.05425	0.00769	0.05787	0.00720	0.00550	0.04039	0.00120	0.05366	0.07466	0.00206	0.00399
55	0.00756	0.01605	0.72926	0.00925	0.01388	0.00771	0.01154	0.04661	0.00796	0.05903	0.05379	0.00861	0.00624	0.00358	0.00334	0.00109	0.00474	0.00283	0.00183	0.00508
56	0.00575	0.00489	0.00760	0.13753	0.15855	0.00543	0.00607	0.00713	0.00646	0.00894	0.01113	0.16634	0.05202	0.01416	0.35252	0.00297	0.04212	0.00474	0.00207	0.00359
57	0.00700	0.01739	0.81325	0.01011	0.01513	0.00806	0.05972	0.01095	0.00734	0.01095	0.00624	0.00741	0.00442	0.00326	0.00333	0.00110	0.00515	0.00264	0.00147	0.00508
58	0.00881	0.01031	0.01892	0.01378	0.01703	0.12722	0.72853	0.01144	0.00838	0.01070	0.00676	0.00889	0.00513	0.00300	0.00394	0.00113	0.00588	0.00382	0.00175	0.00457
59	0.00417	0.00316	0.00385	0.00440	0.00490	0.00284	0.00303	0.00486	0.00701	0.00898	0.02400	0.61445	0.28154	0.01018	0.00431	0.00133	0.00193	0.00903	0.00321	0.00284
60	0.01293	0.00958	0.01025	0.00791	0.01064	0.01062	0.00652	0.80865	0.05344	0.02145	0.00855	0.00850	0.00608	0.00417	0.00346	0.00104	0.00375	0.00315	0.00346	0.00586
61	0.01310	0.00962	0.05762	0.00781	0.01069	0.00980	0.00671	0.68708	0.01488	0.13412	0.00890	0.00871	0.00615	0.00412	0.00345	0.00104	0.00376	0.00313	0.00345	0.00583
62	0.00700	0.01739	0.81368	0.01011	0.01513	0.00806	0.05930	0.01095	0.00734	0.01095	0.00624	0.00741	0.00442	0.00326	0.00333	0.00110	0.00515	0.00264	0.00147	0.00508
63	0.01540	0.00604	0.00812	0.00622	0.00890	0.00532	0.00514	0.05217	0.01016	0.82372	0.01340	0.01161	0.00844	0.00427	0.00347	0.00107	0.00298	0.00346	0.00424	0.00588
64	0.00422	0.00302	0.00403	0.00483	0.00504	0.00282	0.00323	0.00484	0.00663	0.00884	0.01903	0.86644	0.02281	0.01081	0.00441	0.00141	0.00202	0.01956	0.00321	0.00281
65	0.00706	0.06614	0.81355	0.00963	0.01461	0.00834	0.01238	0.01091	0.00728	0.01078	0.00612	0.00720	0.00438	0.00326	0.00322	0.00107	0.00503	0.00251	0.00146	0.00507
66	0.01502	0.00613	0.00811	0.00627	0.00891	0.00551	0.00516	0.05226	0.05679	0.77686	0.01343	0.01167	0.00855	0.00429	0.00348	0.00107	0.00296	0.00348	0.00420	0.00586
67	0.06882	0.00617	0.00799	0.00616	0.00881	0.00559	0.00509	0.06879	0.01005	0.75567	0.01276	0.01117	0.00809	0.00420	0.00339	0.00107	0.00298	0.00335	0.00410	0.00575
68	0.00652	0.00614	0.01036	0.87029	0.02379	0.00768	0.00959	0.00883	0.00691	0.00883	0.00614	0.00921	0.00461	0.00345	0.00345	0.00115	0.00461	0.00307	0.00154	0.00384
69	0.00416	0.00350	0.00360	0.00358	0.00471	0.00295	0.00268	0.00510	0.00805	0.00975	0.11164	0.03255	0.77874	0.00859	0.00408	0.00116	0.00174	0.00719	0.00326	0.00295
70	0.00884	0.00431	0.00487	0.00434	0.00571	0.00425	0.00338	0.01127	0.10022	0.21509	0.01214	0.01261	0.00897	0.00416	0.00279	0.00091	0.00205	0.00336	0.58664	0.00410
71	0.01416	0.00554	0.00750	0.00590	0.00830	0.00482	0.00481	0.01548	0.00963	0.75038	0.04969	0.05432	0.01028	0.00470	0.00351	0.00108	0.00279	0.00389	0.03771	0.00552
72	0.01261	0.01597	0.00983	0.00891	0.01059	0.81694	0.00672	0.01349	0.00954	0.00845	0.00529	0.00630	0.00445	0.00370	0.00357	0.00092	0.05468	0.00227	0.00176	0.00399
73	0.00849	0.00817	0.01383	0.02053	0.80960	0.00834	0.01043	0.01047	0.00772	0.01112	0.00639	0.00849	0.00542	0.00324	0.00386	0.00105	0.05267	0.00307	0.00170	0.00538
74	0.00494	0.00370	0.00555	0.00555	0.00617	0.00432	0.00432	0.00617	0.00555	0.00802	0.00925	0.01357	0.00864	0.02591	0.86490	0.00555	0.00925	0.00370	0.00185	0.00308
75	0.00490	0.00358	0.00466	0.00516	0.00586	0.00340	0.00410	0.00612	0.00783	0.01029	0.14241	0.23876	0.15598	0.02270	0.00464	0.00142	0.00242	0.35831	0.01442	0.00304
76	0.00673	0.00531	0.00605	0.00553	0.00685	0.00563	0.00425	0.06751	0.30176	0.01381	0.37917	0.02091	0.06558	0.05457	0.00462	0.00126	0.00233	0.04050	0.00353	0.00412
77	0.05800	0.00787	0.01272	0.01863	0.71808	0.00800	0.00957	0.01091	0.06298	0.01184	0.04309	0.00941	0.00686	0.00336	0.00338	0.00104	0.00383	0.00320	0.00194	0.00528
78	0.00841	0.00763	0.00732	0.00663	0.00811	0.14308	0.00518	0.02641	0.31729	0.05879	0.09843	0.02643	0.13106	0.01312	0.00450	0.00118	0.08371	0.04531	0.00305	0.00436
79	0.04004	0.00701	0.00819	0.00654	0.00893	0.00710	0.00531	0.28793	0.09229	0.38125	0.01303	0.05363	0.05381	0.00479	0.00350	0.00109	0.00307	0.00386	0.01320	0.00544
80	0.85965	0.04906	0.00571	0.00461	0.00679	0.00804	0.00385	0.01016	0.00593	0.01514	0.00481	0.00561	0.00377	0.00319	0.00214	0.00105	0.00272	0.00187	0.00211	0.00377
81	0.00806	0.00771	0.01314	0.22641	0.65567	0.00808	0.01036	0.01017	0.00763	0.01069	0.00641	0.00871	0.00526	0.00317	0.00343	0.00106	0.00423	0.00308	0.00167	0.00508
82	0.00846	0.59048	0.30150	0.00723	0.01091	0.01177	0.00822	0.01054	0.00711	0.00907	0.00527	0.00613	0.00441	0.00307	0.00257	0.00086	0.00417	0.00208	0.00147	0.00466
83	0.22747	0.00963	0.00847	0.00695	0.00933	0.19586	0.00559	0.28476	0.01097	0.19707	0.00795	0.00794	0.00562	0.00382	0.00307	0.00102	0.00388	0.00270	0.00295	0.00495
84	0.00501	0.00340	0.00404	0.00404	0.00413	0.00350	0.00243	0.00520	0.00510	0.00690	0.01064	0.02124	0.01196	0.74925	0.14611	0.00368	0.00424	0.00482	0.00206	0.00224
85	0.00756	0.00756	0.01058	0.00907	0.00907	0.01058	0.00756	0.00831	0.00529	0.00831	0.00453	0.00756	0.00453	0.00605	0.01134	0.00151	0.87227	0.00302	0.00151	0.00378
86	0.00451	0.00322	0.00433	0.00500	0.00532	0.00310	0.00355	0.00530	0.00680	0.00910	0.05365	0.63333	0.02156	0.05340	0.05280	0.00174	0.00262	0.12472	0.00310	0.00286
87	0.00660	0.00622	0.01050	0.83804	0.05545	0.00770	0.00963	0.00889	0.00694	0.00892	0.00615	0.00919	0.00464	0.00344	0.00345	0.00115	0.00459	0.00307	0.00154	0.00390
88	0.00471	0.00350	0.00438	0.00421	0.00506	0.00318	0.00314	0.00615	0.00928	0.01279	0.66519	0.06841	0.18212	0.00755	0.00409	0.00112	0.00167	0.00661	0.00367	0.00318
89	0.00712	0.00693	0.00975	0.64973	0.06081	0.09169	0.00862	0.00914	0.00724	0.00913	0.00707	0.05717	0.00587	0.00389	0.00342	0.00111	0.00444	0.00337	0.04969	0.00384
90	0.00786	0.00418	0.00548	0.00477	0.00611	0.00376	0.00371	0.00941	0.00962	0.24063	0.56589	0.02099	0.02431	0.00607	0.00379	0.00106	0.00199	0.00526	0.05947	0.01564
91	0.00737	0.00733	0.01068	0.00907	0.00931	0.00995	0.05214	0.00828	0.00547	0.00844	0.00507	0.00816	0.00492	0.00756	0.08335	0.00184	0.75263	0.00314	0.00155	0.00377
92	0.00723	0.00620	0.00719	0.00521	0.00823	0.00480	0.00416	0.00917	0.04807	0.01141	0.00652	0.00744	0.00538	0.00266	0.00260	0.00054	0.00257	0.00214	0.00212	0.85635
93	0.00507	0.00367	0.00466	0.00458	0.00485	0.00399	0.00310	0.00555	0.00536	0.00734	0.01134	0.01954	0.05609	0.51551	0.28898	0.00385	0.04730	0.00462	0.00205	0.00254
94	0.00785	0.00805	0.01054	0.00906	0.00916	0.05795	0.00751	0.00862	0.00554	0.00832	0.00458	0.00748	0.00453	0.00591	0.01088	0.00148	0.82424	0.00298	0.00153	0.00379
95	0.00480	0.00353	0.00450	0.00426	0.00511	0.00322	0.00319	0.00635	0.00958	0.01337	0.76796	0.02660	0.12016	0.00724	0.00408	0.00110	0.00164	0.00636	0.00374	0.00322
96	0.00448	0.00334	0.00417	0.00447	0.00507	0.00308	0.00316	0.00562	0.02445	0.01055	0.27462	0.44493	0.18097	0.00918	0.00423	0.00126	0.00186	0.00815	0.00339	0.00302
97	0.00652	0.00614	0.01036	0.87029	0.02379	0.00768	0.00959	0.00883	0.00691	0.00883	0.00614	0.00921	0.00461	0.00345	0.00345	0.00115	0.00461	0.00307	0.00154	0.00384
98	0.00408	0.00350	0.00350	0.00350	0.00467	0.00292	0.00262	0.00496	0.00787	0.00933	0.03500	0.03325	0.85564	0.00875	0.00408	0.00117	0.00175	0.00729	0.00321	0.00292
99	0.01290	0.01646	0.00979	0.00890	0.01068	0.86472	0.00667	0.01379	0.00979	0.00845	0.00534	0.00623	0.00445	0.00356	0.00311	0.00089	0.00623	0.00222	0.00178	0.00400
100	0.00855	0.00821	0.01402	0.02120	0.85704	0.00821	0.01060	0.01060	0.00787	0.01129	0.00650	0.00855	0.00547	0.00308	0.00342	0.00103	0.00410	0.00308	0.00171	0.00547
101	0.00556	0.00397	0.00555	0.00633	0.00712	0.00396	0.00553	0.00715	0.00798	0.01040	0.03186	0.03875	0.02009	0.00950	0.00476	0.00158	0.00316	0.82037	0.00319	0.00318
102	0.00421	0.00301	0.00401	0.00481	0.00501	0.00281	0.00321	0.00481	0.00661	0.00882	0.01904	0.87634	0.02285	0.01082	0.00441	0.00140	0.00200	0.00982	0.00321	0.00281
103	0.01289	0.00956	0.01023	0.00790	0.01062	0.01060	0.00651	0.80119	0.06097	0.02138	0.00860	0.00854	0.00613	0.00418	0.00346	0.00104	0.00374	0.00315	0.00346	0.00585
104	0.00644	0.00322	0.00322	0.00322	0.00402	0.00322	0.00241	0.00805	0.00724	0.01288	0.01127	0.01288	0.00885	0.00402	0.00241	0.00080	0.00161	0.00322	0.89777	0.00322
105	0.01550	0.00588	0.00802	0.00615	0.00882	0.00508	0.00508	0.01684	0.00989	0.85944	0.01363	0.01176	0.00855	0.00428	0.00347	0.00107	0.00294	0.00347	0.00428	0.00588
106	0.90299	0.00668	0.00508	0.00454	0.00668	0.00775	0.00374	0.01015	0.00588	0.01550	0.00481	0.00561	0.00374	0.00321	0.00214	0.00107	0.00267	0.00187	0.00214	0.00374
107	0.01550	0.00588	0.00802	0.00615	0.00882	0.00508	0.00508	0.01684	0.00989	0.85944	0.01363	0.01176	0.00855	0.00428	0.00347	0.00107	0.00294	0.00347	0.00428	0.00588
108	0.00924	0.88067	0.01810	0.00591	0.00887	0.01367	0.00591	0.01034	0.00702	0.00813	0.00480	0.00554	0.00443	0.00296	0.00222	0.00074	0.00369	0.00185	0.00148	0.00443
109	0.00652	0.00614	0.01036	0.87029	0.02379	0.00768	0.00959	0.00883	0.00691	0.00883	0.00614	0.00921	0.00461	0.00345	0.00345	0.00115	0.00461	0.00307	0.00154	0.00384
110	0.00421	0.00301	0.00401	0.00481	0.00501	0.00281	0.00321	0.00481	0.00661	0.00882	0.01904	0.87634	0.02285	0.01082	0.00441	0.00140	0.00200	0.00982	0.00321	0.00281
111	0.00827	0.00926	0.02018	0.01442	0.01790	0.00868	0.83088	0.01116	0.00818	0.02482	0.00710	0.00936	0.00530	0.00293	0.00407	0.00116	0.00578	0.00407	0.00179	0.00468
112	0.00867	0.00792	0.01064	0.00870	0.01102	0.00870	0.18758	0.04820	0.63625	0.01399	0.01231	0.01194	0.00922	0.00428	0.00363	0.00117	0.00345	0.00391	0.00313	0.00531
113	0.90299	0.00668	0.00508	0.00454	0.00668	0.00775	0.00374	0.01015	0.00588	0.01550	0.00481	0.00561	0.00374	0.00321	0.00214	0.00107	0.00267	0.00187	0.00214	0.00374
114	0.00557	0.00398	0.00557	0.00636	0.00716	0.00398	0.00557	0.00716	0.00795	0.01034	0.01829	0.03897	0.01988	0.00954	0.00477	0.00159	0.00318	0.83379	0.00318	0.00318
115	0.00652	0.00614	0.01036	0.87029	0.02379	0.00768	0.00959	0.00883	0.00691	0.00883	0.00614	0.00921	0.00461	0.00345	0.00345	0.00115	0.00461	0.00307	0.00154	0.00384
116	0.78234	0.00678	0.00608	0.00528	0.00735	0.01551	0.05089	0.00996	0.00606	0.01471	0.00554	0.04301	0.00467	0.00359	0.00260	0.00110	0.02629	0.00237	0.00214	0.00376
117	0.01497	0.00673	0.00855	0.00655	0.00924	0.00634	0.00541	0.20321	0.01132	0.67105	0.01243	0.01098	0.00795	0.00425	0.00347	0.00106	0.00313	0.00339	0.00409	0.00588
118	0.00553	0.00320	0.00433	0.00433	0.00439	0.00326	0.00279	0.00486	0.00480	0.00646	0.00815	0.01535	0.00872	0.33925	0.09726	0.47614	0.00374	0.00383	0.00176	0.00188
119	0.90299	0.00668	0.00508	0.00454	0.00668	0.00775	0.00374	0.01015	0.00588	0.01550	0.00481	0.00561	0.00374	0.00321	0.00214	0.00107	0.00267	0.00187	0.00214	0.00374
120	0.00855	0.00821	0.01402	0.02120	0.85704	0.00821	0.01060	0.01060	0.00787	0.01129	0.00650	0.00855	0.00547	0.00308	0.00342	0.00103	0.00410	0.00308	0.00171	0.00547
121	0.00793	0.00612	0.00724	0.00521	0.00824	0.00465	0.00418	0.00944	0.00741	0.08893	0.00683	0.00758	0.00543	0.00272	0.00264	0.00056	0.00259	0.00218	0.00225	0.81786
122	0.00816	0.00919	0.05571	0.00749	0.00869	0.26960	0.01337	0.00947	0.01653	0.02229	0.00756	0.01016	0.01876	0.01338	0.36396	0.00296	0.15407	0.00312	0.00183	0.00368
123	0.88874	0.02062	0.00529	0.00456	0.00672	0.00784	0.00378	0.01016	0.00590	0.01538	0.00481	0.00561	0.00375	0.00320	0.00214	0.00106	0.00269	0.00187	0.00213	0.00375
124	0.00697	0.00589	0.00740	0.20069	0.02174	0.00669	0.00580	0.04746	0.35396	0.01178	0.02245	0.26224	0.02005	0.00620	0.00377	0.00123	0.00299	0.00544	0.00296	0.00430
125	0.00886	0.00452	0.00588	0.00504	0.00656	0.00415	0.00395	0.01078	0.05046	0.30879	0.47406	0.01956	0.02182	0.00581	0.00375	0.00107	0.00214	0.00500	0.05353	0.00428
126	0.01524	0.00594	0.00801	0.00618	0.00882	0.00521	0.00509	0.01689	0.04183	0.82734	0.01365	0.01180	0.00863	0.00429	0.00348	0.00107	0.00293	0.00349	0.00425	0.00586
127	0.00652	0.00614	0.01036	0.87029	0.02379	0.00768	0.00959	0.00883	0.00691	0.00883	0.00614	0.00921	0.00461	0.00345	0.00345	0.00115	0.00461	0.00307	0.00154	0.00384
128	0.00484	0.00353	0.00456	0.00430	0.00513	0.00324	0.00322	0.00643	0.00967	0.01360	0.80933	0.02622	0.07864	0.00716	0.00407	0.00109	0.00164	0.00631	0.00377	0.00324
129	0.01081	0.11355	0.05137	0.04486	0.04238	0.40032	0.00646	0.10139	0.00933	0.05297	0.03129	0.00928	0.00655	0.09950	0.00471	0.00120	0.00485	0.00285	0.00211	0.00422
130	0.00433	0.00351	0.00371	0.00374	0.00472	0.00305	0.00275	0.00517	0.00762	0.00929	0.07495	0.03181	0.65772	0.11958	0.00584	0.00146	0.00203	0.05278	0.00310	0.00284
131	0.77793	0.05640	0.00620	0.00499	0.00714	0.08035	0.00411	0.01047	0.00627	0.01449	0.00485	0.00566	0.00384	0.00322	0.00222	0.00104	0.00303	0.00190	0.00207	0.00380
132	0.00807	0.00915	0.01985	0.06042	0.01836	0.00868	0.79975	0.01095	0.00809	0.01095	0.00694	0.00931	0.00521	0.00294	0.00404	0.00116	0.00576	0.00402	0.00174	0.00462
133	0.00496	0.00425	0.00506	0.08919	0.00718	0.00418	0.00386	0.00655	0.04883	0.01032	0.17192	0.02647	0.51727	0.00741	0.00434	0.00115	0.04873	0.00615	0.00304	0.02914
134	0.00421	0.00334	0.00379	0.00402	0.00483	0.00292	0.00289	0.00508	0.00767	0.00967	0.12115	0.30833	0.49141	0.00924	0.00419	0.00124	0.00182	0.00800	0.00327	0.00292
135	0.00467	0.00337	0.00428	0.00483	0.00527	0.00321	0.00351	0.00545	0.00682	0.00888	0.01952	0.40105	0.13262	0.16812	0.00685	0.00177	0.00250	0.21148	0.00300	0.00278
136	0.01326	0.00947	0.01024	0.00785	0.01061	0.01040	0.00648	0.79957	0.01589	0.06822	0.00859	0.00849	0.00602	0.00415	0.00346	0.00104	0.00375	0.00313	0.00350	0.00588
137	0.00496	0.00360	0.00423	0.00403	0.00507	0.00317	0.00304	0.00623	0.00888	0.04539	0.43851	0.03687	0.39975	0.00772	0.00404	0.00112	0.00174	0.00661	0.01182	0.00321
138	0.00652	0.00614	0.01036	0.87029	0.02379	0.00768	0.00959	0.00883	0.00691	0.00883	0.00614	0.00921	0.00461	0.00345	0.00345	0.00115	0.00461	0.00307	0.00154	0.00384
139	0.00859	0.00698	0.00734	0.00656	0.00840	0.00798	0.00511	0.07124	0.67819	0.01471	0.01329	0.01259	0.01000	0.00456	0.00336	0.00111	0.00265	0.00376	0.12840	0.00518
140	0.00781	0.00745	0.01268	0.33179	0.55225	0.00801	0.01023	0.00995	0.00752	0.01039	0.00637	0.00879	0.00515	0.00322	0.00343	0.00107	0.00429	0.00308	0.00165	0.00487
141	0.00858	0.59675	0.19951	0.00757	0.05760	0.01164	0.00755	0.01040	0.00713	0.00909	0.00527	0.00618	0.00452	0.00301	0.00253	0.00082	0.00396	0.00208	0.00152	0.05428
142	0.11360	0.01024	0.00998	0.00798	0.01047	0.19508	0.06469	0.38353	0.03392	0.12525	0.00800	0.00818	0.00575	0.00386	0.00328	0.00103	0.00420	0.00291	0.00293	0.00513
143	0.01072	0.01266	0.00858	0.00782	0.00916	0.57824	0.00581	0.02349	0.04941	0.00861	0.00683	0.00969	0.00629	0.15144	0.03884	0.00154	0.06231	0.00290	0.00193	0.00373
144	0.00771	0.00777	0.09964	0.26227	0.29537	0.00706	0.04062	0.01814	0.00782	0.07299	0.05605	0.04816	0.05314	0.00416	0.00356	0.00110	0.00398	0.00378	0.00210	0.00459
145	0.06070	0.15157	0.08084	0.00875	0.13795	0.00764	0.01502	0.02025	0.00831	0.35746	0.00892	0.00896	0.00631	0.00366	0.00344	0.00099	0.04020	0.00286	0.00276	0.07341
146	0.00722	0.05214	0.00694	0.04749	0.00765	0.03120	0.00465	0.01688	0.11660	0.10006	0.32759	0.05176	0.09075	0.01912	0.00455	0.00118	0.06670	0.04038	0.00322	0.00392
147	0.01082	0.00485	0.00646	0.00531	0.00719	0.00426	0.00424	0.01223	0.00972	0.49014	0.32893	0.01836	0.07119	0.00560	0.00374	0.00108	0.00238	0.00475	0.00403	0.00471
148	0.00519	0.00444	0.00620	0.04817	0.06370	0.01478	0.05798	0.00651	0.00800	0.01037	0.17441	0.17860	0.30705	0.00782	0.00412	0.00122	0.00253	0.09253	0.00302	0.00333
149	0.00693	0.01787	0.86069	0.00985	0.01495	0.00802	0.01276	0.01094	0.00729	0.01094	0.00620	0.00729	0.00438	0.00328	0.00328	0.00109	0.00511	0.00255	0.00146	0.00511
150	0.21591	0.00615	0.00741	0.00583	0.00838	0.00582	0.00481	0.03569	0.00914	0.64822	0.01151	0.01028	0.00740	0.00403	0.00317	0.00107	0.00290	0.00310	0.00377	0.00540
151	0.00422	0.00301	0.00401	0.00480	0.00500	0.00281	0.00319	0.00481	0.00660	0.00880	0.01895	0.86708	0.02274	0.02023	0.00455	0.00142	0.00202	0.00977	0.00319	0.00280
152	0.00652	0.00614	0.01036	0.87029	0.02379	0.00768	0.00959	0.00883	0.00691	0.00883	0.00614	0.00921	0.00461	0.00345	0.00345	0.00115	0.00461	0.00307	0.00154	0.00384
153	0.00652	0.00614	0.01036	0.87029	0.02379	0.00768	0.00959	0.00883	0.00691	0.00883	0.00614	0.00921	0.00461	0.00345	0.00345	0.00115	0.00461	0.00307	0.00154	0.00384
154	0.01412	0.00686	0.00840	0.00649	0.00906	0.00669	0.00535	0.27238	0.01166	0.53984	0.01181	0.01077	0.00775	0.00422	0.00339	0.00104	0.00311	0.00334	0.06803	0.00569
155	0.00741	0.00734	0.01356	0.33504	0.24463	0.00776	0.23117	0.00974	0.00759	0.01022	0.00759	0.01181	0.00642	0.00377	0.00373	0.00116	0.00466	0.08015	0.00179	0.00443
156	0.00617	0.00564	0.00659	0.00632	0.00702	0.10862	0.00494	0.00731	0.00604	0.00810	0.00829	0.01206	0.00770	0.02114	0.67195	0.00457	0.09902	0.00345	0.00181	0.00327
157	0.00855	0.00821	0.01402	0.02120	0.85704	0.00821	0.01060	0.01060	0.00787	0.01129	0.00650	0.00855	0.00547	0.00308	0.00342	0.00103	0.00410	0.00308	0.00171	0.00547
158	0.00498	0.00333	0.00378	0.00382	0.00383	0.00332	0.00215	0.00501	0.00511	0.00681	0.01132	0.06836	0.01311	0.83209	0.01688	0.00324	0.00328	0.00528	0.00215	0.00213
159	0.00782	0.00612	0.00723	0.00520	0.00824	0.00464	0.00417	0.00934	0.00738	0.07837	0.00673	0.00753	0.00539	0.00269	0.00263	0.00056	0.00259	0.00216	0.00222	0.82899
160	0.90299	0.00668	0.00508	0.00454	0.00668	0.00775	0.00374	0.01015	0.00588	0.01550	0.00481	0.00561	0.00374	0.00321	0.00214	0.00107	0.00267	0.00187	0.00214	0.00374
161	0.00764	0.00794	0.01370	0.44089	0.12857	0.05566	0.25061	0.00996	0.00750	0.00976	0.00634	0.00894	0.00489	0.00333	0.00384	0.00113	0.03004	0.00331	0.00163	0.00429
162	0.00766	0.00845	0.01810	0.01317	0.01622	0.00806	0.71508	0.01031	0.00775	0.01060	0.00734	0.00997	0.00576	0.00645	0.13668	0.00184	0.00635	0.00402	0.00176	0.00442
163	0.00784	0.00930	0.14378	0.03944	0.58719	0.00774	0.05491	0.01015	0.00777	0.01099	0.00893	0.01055	0.07879	0.00360	0.00349	0.00106	0.00416	0.00341	0.00180	0.00511
164	0.00424	0.00350	0.00372	0.00368	0.00477	0.00298	0.00276	0.00526	0.00822	0.01019	0.19227	0.04411	0.68545	0.00846	0.00409	0.00115	0.00173	0.00713	0.00332	0.00298
165	0.00515	0.00494	0.00770	0.03901	0.00849	0.00445	0.19618	0.00659	0.00801	0.00996	0.07296	0.02643	0.58246	0.00711	0.00406	0.00116	0.00279	0.00633	0.00284	0.00337
166	0.00521	0.00380	0.00483	0.00496	0.04152	0.00344	0.00350	0.00660	0.00902	0.04436	0.51351	0.06247	0.25510	0.00745	0.00405	0.00113	0.00186	0.02033	0.00353	0.00334
167	0.01313	0.00968	0.01037	0.00795	0.01071	0.01071	0.00657	0.84552	0.01624	0.02177	0.00829	0.00829	0.00587	0.00415	0.00346	0.00104	0.00380	0.00311	0.00346	0.00587
168	0.00932	0.04290	0.05473	0.03171	0.55763	0.10515	0.05442	0.08179	0.00873	0.01167	0.00646	0.00814	0.00527	0.00323	0.00337	0.00101	0.00445	0.00297	0.00184	0.00521
169	0.00907	0.01072	0.09507	0.01541	0.48041	0.21732	0.00918	0.01095	0.00829	0.01041	0.00828	0.01066	0.05138	0.00383	0.00343	0.00103	0.00455	0.04333	0.00185	0.00483
170	0.00594	0.00357	0.00505	0.00489	0.00492	0.00391	0.00337	0.00506	0.00472	0.00645	0.00685	0.01246	0.00712	0.16485	0.05030	0.60995	0.09369	0.00339	0.00162	0.00191
171	0.90299	0.00668	0.00508	0.00454	0.00668	0.00775	0.00374	0.01015	0.00588	0.01550	0.00481	0.00561	0.00374	0.00321	0.00214	0.00107	0.00267	0.00187	0.00214	0.00374
172	0.00502	0.00335	0.00377	0.00377	0.00377	0.00335	0.00209	0.00502	0.00502	0.00670	0.01088	0.02261	0.01256	0.87859	0.01758	0.00335	0.00335	0.00502	0.00209	0.00209
173	0.00885	0.00755	0.00796	0.00708	0.00908	0.00871	0.00553	0.06516	0.80358	0.01487	0.01373	0.01263	0.01028	0.00466	0.00351	0.00116	0.00279	0.00386	0.00351	0.00549
174	0.19518	0.04413	0.04976	0.00696	0.03107	0.23999	0.01721	0.04332	0.00803	0.02223	0.00580	0.00670	0.00467	0.00312	0.00273	0.00082	0.00389	0.00219	0.00201	0.31021
175	0.00440	0.00325	0.00404	0.00451	0.00499	0.00300	0.00315	0.00515	0.00705	0.00922	0.08775	0.49817	0.19527	0.08527	0.01747	0.00157	0.00221	0.05755	0.00314	0.00283
176	0.00913	0.16171	0.04847	0.20107	0.06216	0.12116	0.10056	0.06199	0.06574	0.06424	0.00769	0.04175	0.00632	0.02902	0.00370	0.00110	0.00437	0.00323	0.00209	0.00448
177	0.00724	0.00673	0.01095	0.62683	0.18967	0.00792	0.00948	0.03388	0.05458	0.01001	0.00672	0.00926	0.00515	0.00347	0.00345	0.00112	0.00438	0.00312	0.00174	0.00432
178	0.01696	0.24345	0.40497	0.00818	0.01205	0.00927	0.03907	0.04734	0.04881	0.10661	0.00715	0.00770	0.00527	0.00338	0.00304	0.00099	0.00426	0.00260	0.00200	0.02692
179	0.00712	0.07399	0.65612	0.00974	0.01425	0.00822	0.10015	0.01077	0.01850	0.01097	0.05337	0.00849	0.00612	0.00345	0.00334	0.00108	0.00486	0.00289	0.00165	0.00492
180	0.00496	0.00360	0.00504	0.00504	0.00547	0.00404	0.00367	0.00584	0.00540	0.00764	0.00973	0.01619	0.00977	0.27294	0.61942	0.00491	0.00754	0.00408	0.00192	0.00280
181	0.00639	0.00827	0.19331	0.00697	0.00902	0.07785	0.07800	0.00835	0.01650	0.03145	0.17158	0.18492	0.13267	0.00660	0.00391	0.00118	0.00336	0.05317	0.00272	0.00379
182	0.00844	0.08385	0.27565	0.14825	0.22157	0.00820	0.07232	0.01117	0.02138	0.09825	0.01472	0.00863	0.00554	0.00336	0.00334	0.00106	0.00442	0.00297	0.00190	0.00497
183	0.00663	0.01802	0.00850	0.10238	0.26580	0.00538	0.02284	0.00795	0.00727	0.06293	0.01308	0.43687	0.01412	0.00701	0.00391	0.00123	0.00308	0.00643	0.00259	0.00398
184	0.00784	0.00754	0.01226	0.34885	0.49102	0.03263	0.00994	0.00994	0.00754	0.01026	0.00650	0.00909	0.00529	0.00331	0.00342	0.00107	0.00432	0.01107	0.01334	0.00475
185	0.07867	0.14413	0.16613	0.01798	0.07030	0.10028	0.11979	0.03955	0.02200	0.19751	0.00774	0.00826	0.00560	0.00346	0.00318	0.00102	0.00429	0.00285	0.00232	0.00493

[dist]
# distance from previous block
# <min> <max>
2	5

[block]
# block no. 1 follows, 81 sequences, length 25
# corresponding to MSA columns:
# 309-333
name=unknown_B
#
# <colnr> <probs for GDERKNQSTAVLIFYWHMCP>
#	G	D	E	R	K	N	Q	S	T	A	V	L	I	F	Y	W	H	M	C	P
0	0.00617	0.00562	0.00921	0.21425	0.22165	0.00580	0.06900	0.00780	0.00740	0.00983	0.03311	0.22990	0.12527	0.00616	0.00387	0.00120	0.00342	0.03410	0.00234	0.00389
1	0.00819	0.14743	0.02453	0.00934	0.16134	0.09827	0.07989	0.00983	0.01594	0.04678	0.11674	0.07347	0.03866	0.00440	0.00331	0.00095	0.00358	0.01209	0.00230	0.14296
2	0.00980	0.54992	0.01462	0.07181	0.04024	0.04007	0.00627	0.03457	0.00784	0.12116	0.00723	0.00930	0.00620	0.00371	0.00277	0.00090	0.00373	0.06326	0.00205	0.00455
3	0.78451	0.00627	0.00502	0.00452	0.00648	0.00716	0.00368	0.00968	0.00639	0.01528	0.11700	0.00828	0.00755	0.00372	0.00239	0.00107	0.00253	0.00245	0.00236	0.00368
4	0.05526	0.08648	0.00850	0.00599	0.00836	0.03589	0.00498	0.15258	0.01010	0.43702	0.01192	0.01123	0.04568	0.00423	0.00319	0.00100	0.00305	0.00329	0.10613	0.00514
5	0.04643	0.00473	0.00620	0.00581	0.00660	0.00552	0.00453	0.04738	0.05923	0.01012	0.12051	0.01451	0.01139	0.07785	0.46434	0.00367	0.10150	0.00396	0.00228	0.00343
6	0.00569	0.00373	0.00492	0.00472	0.00560	0.00347	0.00363	0.00718	0.00921	0.07094	0.61937	0.05424	0.02799	0.04893	0.00478	0.00127	0.00202	0.11529	0.00365	0.00336
7	0.00978	0.00851	0.04468	0.01373	0.25765	0.00789	0.30951	0.09805	0.00915	0.15296	0.00932	0.01040	0.04433	0.00359	0.00369	0.00109	0.00443	0.00368	0.00239	0.00516
8	0.00487	0.00403	0.04277	0.00440	0.00493	0.00354	0.00314	0.00551	0.00613	0.00822	0.08351	0.13504	0.11563	0.45126	0.10977	0.00280	0.00360	0.00576	0.00246	0.00263
9	0.00495	0.00398	0.00473	0.00493	0.00565	0.00402	0.00357	0.00688	0.11839	0.00987	0.05377	0.44793	0.25543	0.00904	0.00454	0.00130	0.04674	0.00784	0.00318	0.00326
10	0.01848	0.00752	0.01002	0.19298	0.23549	0.04024	0.00744	0.18443	0.06250	0.04530	0.00806	0.01072	0.00668	0.11903	0.00526	0.00135	0.00393	0.00333	0.00232	0.03491
11	0.02222	0.01151	0.17094	0.03642	0.17044	0.18964	0.03078	0.12146	0.00917	0.05550	0.00669	0.00774	0.00513	0.00343	0.00340	0.00096	0.02411	0.00269	0.00208	0.12569
12	0.00793	0.00716	0.01138	0.09211	0.43914	0.00780	0.02108	0.00955	0.00736	0.05378	0.01020	0.01184	0.11751	0.00453	0.00515	0.00116	0.18202	0.00366	0.00198	0.00465
13	0.78560	0.00708	0.00578	0.00499	0.00721	0.00814	0.00411	0.12036	0.00725	0.01633	0.00527	0.00597	0.00402	0.00333	0.00231	0.00106	0.00282	0.00203	0.00231	0.00402
14	0.00954	0.03232	0.00945	0.14460	0.05335	0.11154	0.00634	0.23079	0.03362	0.02108	0.00706	0.01993	0.00558	0.00347	0.00310	0.00087	0.00376	0.00273	0.00235	0.29852
15	0.00545	0.00406	0.00482	0.00489	0.00571	0.00393	0.00354	0.11597	0.00855	0.01127	0.12632	0.47852	0.19582	0.00904	0.00417	0.00127	0.00214	0.00796	0.00332	0.00329
16	0.00858	0.07276	0.34719	0.00838	0.02493	0.00766	0.05783	0.05930	0.12612	0.12285	0.04781	0.07549	0.00877	0.00441	0.00346	0.00110	0.00393	0.01196	0.00251	0.00496
17	0.01002	0.10206	0.21457	0.04730	0.09577	0.07619	0.06603	0.09352	0.06278	0.15211	0.00794	0.00858	0.00580	0.00368	0.00362	0.00105	0.03863	0.00294	0.00233	0.00507
18	0.00944	0.01070	0.00854	0.12164	0.03064	0.43770	0.00625	0.02377	0.00803	0.00853	0.00684	0.00979	0.00614	0.08773	0.18778	0.00216	0.02589	0.00296	0.00181	0.00367
19	0.00605	0.00460	0.00586	0.00651	0.07701	0.00458	0.00444	0.11669	0.00838	0.01109	0.05973	0.30776	0.14512	0.08775	0.01315	0.00151	0.00272	0.13053	0.00303	0.00347
20	0.00908	0.05958	0.01223	0.33308	0.22624	0.03985	0.05985	0.16336	0.00916	0.04467	0.00686	0.00866	0.00523	0.00346	0.00340	0.00106	0.00435	0.00305	0.00205	0.00479
21	0.00757	0.04985	0.11106	0.34039	0.13709	0.03941	0.07022	0.00996	0.02972	0.04816	0.00831	0.08316	0.00725	0.00427	0.00354	0.00113	0.00430	0.03832	0.00196	0.00434
22	0.05297	0.00527	0.01999	0.00627	0.03056	0.00512	0.09266	0.00913	0.11803	0.09083	0.01355	0.10442	0.08422	0.30794	0.01740	0.00196	0.00324	0.00499	0.02784	0.00358
23	0.03270	0.00742	0.12028	0.00640	0.00916	0.00545	0.06382	0.04570	0.00803	0.15339	0.00914	0.07273	0.00739	0.00385	0.00306	0.00087	0.00308	0.00326	0.12064	0.32367
24	0.00981	0.12762	0.11023	0.19814	0.03614	0.05415	0.03596	0.09048	0.01531	0.18336	0.00792	0.00890	0.00581	0.00475	0.04980	0.00125	0.00437	0.00291	0.00234	0.05077

[dist]
# distance from previous block
# <min> <max>
0	32

# created by:
# /home/cegg/simao/soft/augustus-3.2.1/scripts/msa2prfl.pl ./align_prep/EOG092C4HB9.fa
