[name]
unknown

[dist]
# distance from previous block
# <min> <max>
0	62

[block]
# block no. 0 follows, 71 sequences, length 11
# corresponding to MSA columns:
# 62-72
name=unknown_A
#
# <colnr> <probs for GDERKNQSTAVLIFYWHMCP>
#	G	D	E	R	K	N	Q	S	T	A	V	L	I	F	Y	W	H	M	C	P
0	0.00519	0.00386	0.00465	0.00452	0.00536	0.00351	0.00325	0.00648	0.00940	0.01271	0.48189	0.06672	0.23435	0.13339	0.00672	0.00161	0.00214	0.00720	0.00375	0.00331
1	0.01061	0.00967	0.00909	0.00839	0.05069	0.19090	0.00622	0.21553	0.09442	0.03979	0.12989	0.07286	0.09365	0.00603	0.00440	0.00120	0.04367	0.00478	0.00328	0.00493
2	0.00532	0.00396	0.00465	0.00447	0.00559	0.00349	0.00336	0.00672	0.00981	0.03548	0.43518	0.05609	0.39456	0.00871	0.00452	0.00126	0.00192	0.00748	0.00392	0.00351
3	0.00974	0.00907	0.01492	0.08468	0.71146	0.00930	0.01131	0.07939	0.00942	0.01329	0.00735	0.00952	0.00604	0.00355	0.00380	0.00115	0.00457	0.00342	0.00204	0.00597
4	0.00878	0.00880	0.01090	0.00948	0.00968	0.09343	0.00773	0.00935	0.00627	0.00896	0.00530	0.00861	0.00521	0.00718	0.01195	0.10083	0.67865	0.00327	0.00171	0.00394
5	0.12283	0.00906	0.01325	0.01053	0.05171	0.05343	0.24505	0.12282	0.01069	0.30693	0.01012	0.01041	0.00696	0.00403	0.00384	0.00120	0.00454	0.00368	0.00323	0.00570
6	0.79731	0.00765	0.00698	0.00674	0.06468	0.00868	0.03723	0.01134	0.00678	0.01669	0.00556	0.00661	0.00435	0.00354	0.00255	0.00119	0.00321	0.00226	0.00232	0.00432
7	0.00976	0.00969	0.01448	0.02043	0.66276	0.08088	0.03008	0.01256	0.06915	0.01260	0.03517	0.01027	0.00737	0.00373	0.00382	0.00114	0.00460	0.00354	0.00213	0.00583
8	0.00853	0.03961	0.06791	0.05405	0.32876	0.00783	0.00840	0.03526	0.12349	0.03760	0.12931	0.07948	0.04006	0.00526	0.00395	0.00120	0.00370	0.00468	0.00280	0.01812
9	0.00642	0.00537	0.00791	0.00731	0.00795	0.00658	0.02970	0.02627	0.00648	0.00941	0.00941	0.04201	0.00904	0.04667	0.56441	0.00467	0.20046	0.00421	0.00207	0.00368
10	0.00963	0.36444	0.21892	0.00816	0.01191	0.08150	0.03789	0.01217	0.04113	0.02572	0.00668	0.00759	0.00542	0.00345	0.00305	0.00093	0.00454	0.00253	0.00192	0.15240

[dist]
# distance from previous block
# <min> <max>
4	5

[block]
# block no. 1 follows, 71 sequences, length 29
# corresponding to MSA columns:
# 89-109,116-123
name=unknown_B
#
# <colnr> <probs for GDERKNQSTAVLIFYWHMCP>
#	G	D	E	R	K	N	Q	S	T	A	V	L	I	F	Y	W	H	M	C	P
0	0.03966	0.02895	0.02153	0.00762	0.02312	0.05165	0.05080	0.08976	0.20474	0.06783	0.04139	0.04660	0.02558	0.00452	0.00356	0.00102	0.00348	0.00376	0.00305	0.28138
1	0.07932	0.23424	0.12695	0.00838	0.01164	0.08842	0.03394	0.22869	0.09255	0.04906	0.00811	0.00852	0.00616	0.00401	0.00333	0.00108	0.00445	0.00295	0.00266	0.00553
2	0.02859	0.13162	0.05969	0.00856	0.01153	0.03462	0.10165	0.16483	0.11339	0.23543	0.01129	0.06343	0.00863	0.00474	0.00375	0.00117	0.00408	0.00397	0.00333	0.00571
3	0.00990	0.00896	0.00918	0.00825	0.05132	0.08865	0.00612	0.09027	0.39761	0.01486	0.01147	0.03332	0.00905	0.00449	0.00359	0.00106	0.00352	0.00365	0.00317	0.24156
4	0.49209	0.00681	0.00655	0.00555	0.00794	0.00713	0.00448	0.02723	0.02875	0.15603	0.07997	0.04416	0.00907	0.00445	0.00303	0.00113	0.00290	0.00325	0.00303	0.10644
5	0.08913	0.01175	0.28424	0.00910	0.03215	0.02148	0.05473	0.12645	0.07090	0.13131	0.01132	0.09709	0.03347	0.00505	0.00381	0.00124	0.00427	0.00419	0.00289	0.00543
6	0.00908	0.19093	0.12600	0.00757	0.02529	0.00836	0.03340	0.02864	0.09363	0.11934	0.14646	0.06354	0.07646	0.00572	0.00409	0.00119	0.03191	0.02043	0.00304	0.00492
7	0.00518	0.00355	0.00430	0.00468	0.00478	0.00346	0.00286	0.00547	0.00634	0.00846	0.01601	0.38878	0.01890	0.49480	0.01317	0.00278	0.00307	0.00789	0.00286	0.00267
8	0.00932	0.00899	0.01550	0.08007	0.76114	0.00909	0.03616	0.01165	0.00867	0.01233	0.00720	0.00957	0.00600	0.00344	0.00382	0.00115	0.00465	0.00345	0.00189	0.00592
9	0.00887	0.09455	0.09674	0.00995	0.07844	0.04388	0.12357	0.06079	0.09207	0.04854	0.01049	0.06927	0.00937	0.05387	0.13747	0.00213	0.01564	0.03700	0.00252	0.00483
10	0.01020	0.02623	0.06728	0.07263	0.13548	0.00878	0.39705	0.02898	0.02623	0.13980	0.00921	0.01133	0.00688	0.00382	0.00414	0.00124	0.00525	0.02369	0.01631	0.00545
11	0.00536	0.00384	0.00470	0.00480	0.00569	0.00344	0.00350	0.00657	0.00917	0.04062	0.31715	0.27193	0.27510	0.00956	0.00462	0.00134	0.00205	0.02326	0.00383	0.00346
12	0.00667	0.00828	0.17878	0.00824	0.01029	0.00640	0.10962	0.02900	0.00713	0.01016	0.00940	0.01420	0.00861	0.13785	0.41773	0.00399	0.02351	0.00408	0.00203	0.00403
13	0.03853	0.05749	0.24151	0.02697	0.03047	0.04188	0.12119	0.30901	0.03497	0.04902	0.00825	0.00904	0.00598	0.00401	0.00375	0.00117	0.00493	0.00332	0.00270	0.00580
14	0.00556	0.00404	0.00573	0.03448	0.03560	0.00383	0.02492	0.00654	0.00787	0.04063	0.05910	0.63786	0.07556	0.01058	0.00474	0.00149	0.00254	0.03199	0.00347	0.00347
15	0.00930	0.00800	0.00845	0.00762	0.00973	0.00921	0.00592	0.01963	0.79030	0.01588	0.04062	0.01527	0.03215	0.00539	0.00393	0.00130	0.00297	0.00450	0.00390	0.00593
16	0.40806	0.03643	0.01007	0.03005	0.07104	0.10844	0.10318	0.06451	0.00846	0.01457	0.00763	0.04940	0.00672	0.00444	0.00346	0.00122	0.02017	0.04522	0.00240	0.00455
17	0.00529	0.00391	0.00493	0.00468	0.00564	0.00356	0.00351	0.00697	0.01053	0.01461	0.71654	0.02991	0.15943	0.00813	0.00452	0.00122	0.00183	0.00711	0.00412	0.00356
18	0.00829	0.01138	0.28904	0.00813	0.01231	0.00669	0.05921	0.01100	0.00818	0.04444	0.00722	0.00835	0.00556	0.00321	0.00325	0.00085	0.00403	0.00266	0.00213	0.50407
19	0.00792	0.00649	0.00821	0.00675	0.03380	0.00561	0.03648	0.03650	0.05439	0.03787	0.13153	0.05030	0.05265	0.00478	0.00370	0.00090	0.01967	0.01785	0.00287	0.48171
20	0.00992	0.24680	0.38207	0.00901	0.01316	0.02321	0.02787	0.12022	0.00963	0.06533	0.02810	0.00911	0.02220	0.00399	0.00351	0.00110	0.01404	0.00301	0.00223	0.00549
21	0.00820	0.00828	0.01222	0.66949	0.09228	0.09222	0.04293	0.01061	0.00813	0.01008	0.00680	0.00984	0.00520	0.00379	0.00382	0.00124	0.00530	0.00336	0.00176	0.00446
22	0.00844	0.00918	0.01944	0.01432	0.01762	0.00864	0.67271	0.01136	0.00903	0.01221	0.03735	0.04074	0.00944	0.00457	0.00463	0.00136	0.00582	0.10603	0.00226	0.00485
23	0.00955	0.00910	0.01542	0.03701	0.81168	0.00915	0.01166	0.02768	0.00889	0.01271	0.00724	0.00950	0.00607	0.00345	0.00380	0.00114	0.00456	0.00342	0.00193	0.00605
24	0.00498	0.00391	0.00472	0.00469	0.00568	0.00368	0.00352	0.00622	0.00857	0.01119	0.22782	0.07096	0.40492	0.02806	0.19113	0.00240	0.00379	0.00703	0.00337	0.00335
25	0.00538	0.00391	0.00523	0.00594	0.00659	0.00371	0.00459	0.00656	0.00812	0.01074	0.04836	0.45110	0.06059	0.01094	0.00496	0.00159	0.00273	0.32547	0.00353	0.02998
26	0.00598	0.00410	0.00506	0.00479	0.00582	0.00377	0.00358	0.02419	0.01014	0.04757	0.54022	0.08478	0.16420	0.03193	0.00484	0.00130	0.00202	0.00700	0.04505	0.00366
27	0.00944	0.00906	0.01547	0.04255	0.82272	0.00910	0.01174	0.01172	0.00871	0.01246	0.00720	0.00951	0.00605	0.00343	0.00380	0.00114	0.00457	0.00342	0.00189	0.00603
28	0.81803	0.00748	0.00618	0.00589	0.04123	0.00858	0.00453	0.01165	0.02470	0.03535	0.00585	0.00669	0.00451	0.00362	0.00250	0.00119	0.00304	0.00222	0.00244	0.00432

[dist]
# distance from previous block
# <min> <max>
4	18

[block]
# block no. 2 follows, 71 sequences, length 13
# corresponding to MSA columns:
# 144-156
name=unknown_C
#
# <colnr> <probs for GDERKNQSTAVLIFYWHMCP>
#	G	D	E	R	K	N	Q	S	T	A	V	L	I	F	Y	W	H	M	C	P
0	0.66535	0.00867	0.00744	0.00760	0.09527	0.08519	0.00539	0.03988	0.00767	0.03961	0.00600	0.00693	0.00466	0.00365	0.00271	0.00116	0.00354	0.00235	0.00240	0.00453
1	0.01076	0.00978	0.01721	0.01317	0.04408	0.02724	0.44257	0.12845	0.03281	0.10318	0.00854	0.01021	0.00636	0.00414	0.00540	0.00130	0.12280	0.00405	0.00253	0.00541
2	0.00959	0.00822	0.02984	0.00871	0.06227	0.04121	0.05498	0.04738	0.35933	0.07972	0.07560	0.02941	0.04852	0.00519	0.00390	0.00118	0.00345	0.02181	0.00340	0.10629
3	0.00514	0.00377	0.00433	0.00435	0.00496	0.00349	0.00291	0.00589	0.00786	0.01029	0.20125	0.11632	0.26782	0.33318	0.01024	0.00222	0.00261	0.00718	0.00324	0.00296
4	0.00632	0.00466	0.00621	0.00691	0.00788	0.00472	0.00591	0.00874	0.07646	0.01173	0.02078	0.07606	0.05775	0.01017	0.00513	0.00170	0.00336	0.67825	0.00356	0.00371
5	0.00553	0.00399	0.00536	0.00579	0.00656	0.00382	0.00460	0.00705	0.00923	0.01246	0.31035	0.20949	0.05896	0.00988	0.00491	0.00151	0.00259	0.33069	0.00378	0.00346
6	0.00522	0.00389	0.00497	0.00557	0.00633	0.00364	0.00434	0.00642	0.00841	0.01085	0.07202	0.32247	0.22159	0.01071	0.00493	0.00155	0.00260	0.29759	0.00359	0.00332
7	0.89233	0.00741	0.00564	0.00504	0.00741	0.00860	0.00415	0.01127	0.00653	0.01720	0.00534	0.00623	0.00415	0.00356	0.00237	0.00119	0.00297	0.00208	0.00237	0.00415
8	0.01063	0.00871	0.00961	0.00844	0.02955	0.05189	0.03962	0.08531	0.55056	0.08640	0.04526	0.01352	0.01116	0.00497	0.00389	0.00124	0.00347	0.00416	0.00372	0.02789
9	0.01068	0.00662	0.00810	0.00597	0.00917	0.00521	0.00482	0.01229	0.00891	0.26844	0.01049	0.01053	0.03604	0.00367	0.00321	0.00078	0.00294	0.00296	0.00308	0.58608
10	0.30633	0.20101	0.06351	0.02752	0.01018	0.01041	0.00632	0.20291	0.01003	0.08688	0.00777	0.03810	0.00615	0.00415	0.00307	0.00111	0.00373	0.00294	0.00273	0.00514
11	0.12823	0.08330	0.18590	0.00951	0.10896	0.02082	0.00807	0.08058	0.02194	0.22145	0.00929	0.02959	0.00686	0.00410	0.00344	0.00112	0.00403	0.00321	0.00285	0.06676
12	0.18480	0.12022	0.04535	0.03064	0.03730	0.10151	0.00576	0.02732	0.02092	0.09563	0.01197	0.24236	0.03178	0.00619	0.00360	0.00121	0.00361	0.00504	0.00281	0.02198

[dist]
# distance from previous block
# <min> <max>
5	11

[block]
# block no. 3 follows, 71 sequences, length 9
# corresponding to MSA columns:
# 170-176,188,189
name=unknown_D
#
# <colnr> <probs for GDERKNQSTAVLIFYWHMCP>
#	G	D	E	R	K	N	Q	S	T	A	V	L	I	F	Y	W	H	M	C	P
0	0.01146	0.02471	0.03234	0.01407	0.31006	0.04310	0.10499	0.04214	0.02864	0.22142	0.03002	0.01070	0.00765	0.00388	0.00378	0.00110	0.00428	0.00357	0.00282	0.09927
1	0.00796	0.00710	0.02450	0.00670	0.00849	0.06936	0.04006	0.07774	0.09836	0.03770	0.22539	0.02255	0.21079	0.00682	0.00458	0.00123	0.04268	0.04270	0.00342	0.06186
2	0.00790	0.00935	0.14600	0.08283	0.26013	0.02486	0.04758	0.02863	0.03565	0.01282	0.18728	0.03189	0.06178	0.00520	0.00440	0.00123	0.04038	0.00456	0.00257	0.00496
3	0.00703	0.00485	0.00537	0.00493	0.00543	0.00504	0.00313	0.13862	0.00759	0.01014	0.01162	0.02252	0.01274	0.72612	0.01698	0.00330	0.00380	0.00523	0.00257	0.00300
4	0.00561	0.00410	0.00524	0.00565	0.04070	0.00373	0.00394	0.00692	0.00924	0.04103	0.31837	0.23227	0.25203	0.00920	0.00460	0.00134	0.00219	0.04649	0.00377	0.00359
5	0.00769	0.01983	0.84538	0.01093	0.01659	0.00890	0.01417	0.01214	0.00810	0.01214	0.00688	0.00810	0.00486	0.00364	0.00364	0.00121	0.00567	0.00283	0.00162	0.00567
6	0.01006	0.72898	0.02050	0.00811	0.01149	0.01429	0.13926	0.01161	0.00799	0.00955	0.00572	0.00683	0.00507	0.00327	0.00279	0.00090	0.00448	0.00245	0.00169	0.00496
7	0.00580	0.00648	0.14111	0.00689	0.00832	0.00460	0.00633	0.00757	0.00823	0.01106	0.04530	0.33487	0.04742	0.00987	0.00483	0.00157	0.00329	0.33949	0.00326	0.00372
8	0.07565	0.15034	0.14580	0.00795	0.01094	0.06530	0.00738	0.07434	0.29696	0.08321	0.01080	0.03769	0.00837	0.00457	0.00351	0.00117	0.00396	0.00354	0.00298	0.00554

[dist]
# distance from previous block
# <min> <max>
4	10

[block]
# block no. 4 follows, 71 sequences, length 36
# corresponding to MSA columns:
# 200-216,249-267
name=unknown_E
#
# <colnr> <probs for GDERKNQSTAVLIFYWHMCP>
#	G	D	E	R	K	N	Q	S	T	A	V	L	I	F	Y	W	H	M	C	P
0	0.03002	0.08949	0.05859	0.04491	0.06541	0.12512	0.06732	0.04131	0.04079	0.35527	0.01072	0.01106	0.00759	0.00428	0.00369	0.00114	0.00439	0.01926	0.00322	0.01642
1	0.00804	0.06447	0.08736	0.00789	0.05047	0.04361	0.00636	0.03473	0.28923	0.01287	0.04994	0.13061	0.09521	0.03006	0.03022	0.00150	0.00362	0.04583	0.00317	0.00482
2	0.00813	0.00692	0.00805	0.00576	0.00916	0.00529	0.00462	0.03175	0.00822	0.01281	0.00688	0.00798	0.00570	0.00289	0.00287	0.00058	0.00288	0.00230	0.00231	0.86488
3	0.02738	0.00622	0.00750	0.00623	0.00838	0.00595	0.00503	0.15322	0.02719	0.29232	0.19945	0.02084	0.14515	0.00641	0.00412	0.00122	0.00289	0.04637	0.00410	0.03004
4	0.89233	0.00741	0.00564	0.00504	0.00741	0.00860	0.00415	0.01127	0.00653	0.01720	0.00534	0.00623	0.00415	0.00356	0.00237	0.00119	0.00297	0.00208	0.00237	0.00415
5	0.00479	0.00342	0.00438	0.00509	0.00535	0.00321	0.00335	0.00538	0.00718	0.00949	0.02089	0.69821	0.07080	0.13090	0.00691	0.00184	0.00242	0.01000	0.00339	0.00301
6	0.00788	0.00889	0.09489	0.07543	0.10625	0.00777	0.25966	0.01157	0.11737	0.01276	0.11640	0.03120	0.08845	0.00500	0.00419	0.00125	0.00440	0.01285	0.00264	0.03115
7	0.01432	0.01827	0.01087	0.00988	0.01185	0.84986	0.00741	0.01531	0.01087	0.00938	0.00593	0.00691	0.00494	0.00395	0.00346	0.00099	0.00691	0.00247	0.00198	0.00444
8	0.00514	0.00370	0.00497	0.00579	0.00621	0.00359	0.00423	0.00626	0.02242	0.01023	0.02040	0.62260	0.02374	0.02342	0.03024	0.00177	0.00280	0.19575	0.00350	0.00326
9	0.89233	0.00741	0.00564	0.00504	0.00741	0.00860	0.00415	0.01127	0.00653	0.01720	0.00534	0.00623	0.00415	0.00356	0.00237	0.00119	0.00297	0.00208	0.00237	0.00415
10	0.01432	0.01827	0.01087	0.00988	0.01185	0.84986	0.00741	0.01531	0.01087	0.00938	0.00593	0.00691	0.00494	0.00395	0.00346	0.00099	0.00691	0.00247	0.00198	0.00444
11	0.00954	0.00824	0.00867	0.00780	0.00997	0.00954	0.00607	0.02037	0.83441	0.01604	0.01561	0.01431	0.01170	0.00520	0.00390	0.00130	0.00303	0.00433	0.00390	0.00607
12	0.00715	0.00357	0.00357	0.00357	0.00447	0.00357	0.00268	0.00893	0.00804	0.01429	0.01251	0.01429	0.00983	0.00447	0.00268	0.00089	0.00179	0.00357	0.88654	0.00357
13	0.00548	0.00411	0.00616	0.00616	0.00685	0.00479	0.00479	0.00685	0.00616	0.00890	0.01027	0.01506	0.00959	0.02876	0.85006	0.00616	0.01027	0.00411	0.00205	0.00342
14	0.00558	0.00379	0.00513	0.00590	0.00642	0.00362	0.00442	0.00661	0.00789	0.03839	0.02046	0.55952	0.02354	0.03079	0.00532	0.00166	0.00270	0.26137	0.00356	0.00334
15	0.01433	0.01811	0.01088	0.00985	0.01185	0.83125	0.00741	0.03337	0.01102	0.00971	0.00600	0.00697	0.00497	0.00397	0.00347	0.00099	0.00685	0.00249	0.00202	0.00449
16	0.01530	0.00958	0.01079	0.00827	0.01131	0.01017	0.00683	0.60608	0.01609	0.24937	0.01083	0.01026	0.00734	0.00464	0.00384	0.00116	0.00396	0.00356	0.00409	0.00652
17	0.01092	0.00878	0.00934	0.00802	0.01042	0.00999	0.00634	0.20972	0.62131	0.03985	0.01409	0.01308	0.01043	0.00505	0.00388	0.00126	0.00332	0.00412	0.00391	0.00619
18	0.00476	0.00345	0.00450	0.00518	0.00556	0.00319	0.00353	0.00559	0.00788	0.01054	0.12709	0.70423	0.07766	0.01133	0.00482	0.00150	0.00215	0.01022	0.00364	0.00319
19	0.00905	0.01034	0.02262	0.01616	0.02004	0.00970	0.82741	0.01228	0.00905	0.01228	0.00776	0.01034	0.00582	0.00323	0.00452	0.00129	0.00646	0.00452	0.00194	0.00517
20	0.03632	0.00650	0.00774	0.00657	0.00875	0.00657	0.00524	0.03464	0.26934	0.32739	0.15519	0.01714	0.03938	0.00562	0.00394	0.00123	0.00286	0.01999	0.04005	0.00555
21	0.00479	0.00345	0.00457	0.00543	0.00575	0.00323	0.00376	0.00557	0.00752	0.00995	0.02175	0.76140	0.05669	0.01180	0.00491	0.00156	0.00232	0.07883	0.00356	0.00315
22	0.00663	0.00579	0.00929	0.52517	0.03196	0.00698	0.00813	0.00855	0.00704	0.00930	0.00837	0.01345	0.00742	0.13237	0.20115	0.00275	0.00609	0.00388	0.00188	0.00382
23	0.04470	0.00796	0.01090	0.15355	0.02818	0.02440	0.08476	0.17359	0.05259	0.27070	0.04728	0.02709	0.01888	0.00503	0.01513	0.00129	0.02106	0.00399	0.00339	0.00554
24	0.00483	0.00399	0.00427	0.00428	0.00550	0.00347	0.00325	0.00615	0.02619	0.01115	0.13666	0.05347	0.66358	0.00948	0.00456	0.00131	0.00203	0.04883	0.00365	0.00336
25	0.00851	0.14131	0.06336	0.01962	0.05648	0.03578	0.00603	0.01034	0.00815	0.01187	0.02996	0.00835	0.00635	0.00318	0.00297	0.00072	0.00345	0.00249	0.00215	0.57892
26	0.02451	0.15799	0.55166	0.00950	0.01429	0.00952	0.02999	0.03005	0.00830	0.01209	0.02234	0.00819	0.00559	0.00359	0.00338	0.00108	0.00497	0.00276	0.00181	0.09840
27	0.00478	0.00346	0.00453	0.00523	0.00560	0.00321	0.00358	0.00562	0.00787	0.01052	0.12030	0.70058	0.07287	0.01135	0.00484	0.00150	0.00218	0.02514	0.00364	0.00319
28	0.00933	0.00961	0.01699	0.21676	0.03486	0.06356	0.42778	0.04323	0.02515	0.03767	0.00789	0.02358	0.00611	0.00391	0.00470	0.00129	0.05647	0.00407	0.00209	0.00494
29	0.01835	0.22721	0.19958	0.00991	0.04598	0.08875	0.11116	0.05003	0.13057	0.02441	0.04048	0.00965	0.00742	0.00396	0.00351	0.00110	0.00474	0.00325	0.00231	0.01761
30	0.02812	0.01037	0.15366	0.03901	0.09205	0.07688	0.06012	0.09310	0.01028	0.26424	0.01142	0.04472	0.00904	0.00504	0.00397	0.00125	0.00444	0.08362	0.00313	0.00554
31	0.00474	0.00351	0.00443	0.00500	0.00551	0.00320	0.00344	0.00561	0.00805	0.01060	0.12812	0.60097	0.18068	0.01105	0.00478	0.00146	0.00212	0.00987	0.00364	0.00320
32	0.05711	0.02509	0.06071	0.01963	0.15805	0.06011	0.03523	0.10506	0.06076	0.05169	0.06266	0.24704	0.01364	0.02041	0.00430	0.00131	0.00373	0.00566	0.00299	0.00481
33	0.03758	0.07821	0.06462	0.04734	0.14252	0.17831	0.03496	0.09620	0.09412	0.12408	0.02083	0.01026	0.02245	0.00429	0.00388	0.00114	0.02769	0.00337	0.00272	0.00543
34	0.00681	0.00532	0.00680	0.02198	0.00750	0.02467	0.00486	0.08458	0.00735	0.01023	0.01000	0.01564	0.00962	0.18727	0.50477	0.00460	0.04617	0.00418	0.00226	0.03539
35	0.03370	0.08840	0.05245	0.05170	0.23798	0.10540	0.10441	0.04894	0.12085	0.04250	0.00865	0.01041	0.00695	0.03099	0.00418	0.00122	0.00468	0.01138	0.00238	0.03283

[dist]
# distance from previous block
# <min> <max>
2	31

[block]
# block no. 5 follows, 71 sequences, length 14
# corresponding to MSA columns:
# 308-321
name=unknown_F
#
# <colnr> <probs for GDERKNQSTAVLIFYWHMCP>
#	G	D	E	R	K	N	Q	S	T	A	V	L	I	F	Y	W	H	M	C	P
0	0.10721	0.22823	0.01401	0.05199	0.11726	0.06114	0.08348	0.07582	0.03807	0.12410	0.00792	0.00879	0.00608	0.00384	0.00357	0.00108	0.02760	0.00302	0.00249	0.03432
1	0.00493	0.00364	0.00460	0.00520	0.00569	0.00337	0.00359	0.00590	0.02207	0.01026	0.06303	0.62502	0.12544	0.04599	0.00538	0.00158	0.00230	0.03823	0.00352	0.02024
2	0.00870	0.00622	0.00715	0.00624	0.00814	0.00634	0.00486	0.03822	0.31034	0.11288	0.27845	0.02020	0.09648	0.00621	0.00407	0.00120	0.00259	0.00527	0.00394	0.07250
3	0.04445	0.00777	0.01678	0.09684	0.02633	0.08626	0.00606	0.12441	0.09015	0.18189	0.07270	0.11215	0.08847	0.00602	0.00396	0.00123	0.00358	0.00499	0.02097	0.00498
4	0.06145	0.01194	0.21582	0.01021	0.01399	0.00947	0.17330	0.25573	0.05686	0.11639	0.00913	0.00970	0.00646	0.00404	0.00382	0.00119	0.00473	0.00350	0.00290	0.02936
5	0.00481	0.00348	0.00462	0.00542	0.00577	0.00329	0.00376	0.00560	0.00746	0.00989	0.02151	0.72264	0.06753	0.01257	0.04424	0.00177	0.00267	0.06631	0.00349	0.00316
6	0.02799	0.00845	0.03822	0.38827	0.30765	0.02686	0.04787	0.02837	0.02040	0.03523	0.02951	0.01036	0.00652	0.00382	0.00383	0.00121	0.00480	0.00352	0.00203	0.00510
7	0.05974	0.27869	0.03200	0.11047	0.03195	0.14031	0.02979	0.10654	0.05984	0.07372	0.00753	0.00843	0.00589	0.00398	0.00361	0.00108	0.03608	0.00288	0.00237	0.00512
8	0.00566	0.00394	0.00474	0.00517	0.00582	0.00388	0.00366	0.00760	0.08614	0.01162	0.07013	0.50610	0.07276	0.00956	0.00436	0.00138	0.00221	0.02758	0.16417	0.00353
9	0.00549	0.00387	0.00504	0.00507	0.00539	0.00412	0.00343	0.00614	0.00608	0.00842	0.04080	0.06011	0.01347	0.45380	0.35752	0.00453	0.00626	0.00527	0.00234	0.00285
10	0.04090	0.04927	0.11617	0.05786	0.18299	0.12576	0.13867	0.05938	0.05936	0.03348	0.05738	0.02712	0.00815	0.00422	0.00400	0.00118	0.02283	0.00370	0.00234	0.00523
11	0.03370	0.08356	0.01420	0.05533	0.05164	0.14673	0.23136	0.12400	0.02948	0.07381	0.01021	0.01235	0.04812	0.00505	0.02530	0.00131	0.00520	0.04097	0.00258	0.00509
12	0.00563	0.00405	0.00549	0.00631	0.00699	0.00395	0.00512	0.00698	0.00828	0.01080	0.02122	0.28610	0.06325	0.03632	0.00556	0.00174	0.00307	0.51228	0.00350	0.00336
13	0.11904	0.08355	0.04422	0.06783	0.06045	0.06330	0.07751	0.29788	0.02819	0.07959	0.00856	0.02581	0.00649	0.00421	0.00357	0.00115	0.00439	0.00336	0.01537	0.00552

[dist]
# distance from previous block
# <min> <max>
0	6

[block]
# block no. 6 follows, 71 sequences, length 25
# corresponding to MSA columns:
# 338-345,347-350,413-425
name=unknown_G
#
# <colnr> <probs for GDERKNQSTAVLIFYWHMCP>
#	G	D	E	R	K	N	Q	S	T	A	V	L	I	F	Y	W	H	M	C	P
0	0.01014	0.00894	0.01103	0.01142	0.17735	0.03042	0.04637	0.12316	0.46382	0.01597	0.03522	0.01258	0.01002	0.00467	0.00389	0.00122	0.00372	0.00403	0.00333	0.02271
1	0.05889	0.00934	0.04260	0.02528	0.01384	0.02504	0.31187	0.08964	0.19611	0.01387	0.00959	0.01154	0.00759	0.05268	0.03368	0.00156	0.05319	0.00402	0.00259	0.03707
2	0.05556	0.27484	0.29628	0.01035	0.07293	0.04121	0.08965	0.03968	0.00862	0.04719	0.01603	0.00816	0.00563	0.00365	0.00344	0.00109	0.01556	0.00287	0.00197	0.00532
3	0.29669	0.03424	0.02245	0.01860	0.03580	0.04201	0.00606	0.23835	0.04391	0.10675	0.02495	0.00896	0.00661	0.00416	0.00346	0.00113	0.02444	0.00297	0.00303	0.07544
4	0.00572	0.00403	0.00498	0.00487	0.00555	0.00394	0.00345	0.00693	0.02377	0.02718	0.29385	0.02682	0.11698	0.29974	0.11515	0.00271	0.00366	0.04426	0.00321	0.00321
5	0.00933	0.02811	0.00908	0.04119	0.01033	0.07472	0.03515	0.06400	0.16459	0.06090	0.06227	0.03438	0.03221	0.00487	0.00366	0.00103	0.00351	0.05643	0.00301	0.30123
6	0.00784	0.00672	0.00782	0.00562	0.00896	0.00505	0.00449	0.00952	0.00798	0.01242	0.00787	0.00890	0.03312	0.00307	0.00290	0.00059	0.00281	0.00246	0.00231	0.85956
7	0.00720	0.00586	0.04034	0.01460	0.00805	0.02086	0.02471	0.03238	0.07230	0.07011	0.05266	0.24490	0.09772	0.06355	0.04086	0.00180	0.04513	0.14969	0.00331	0.00399
8	0.06302	0.02284	0.03759	0.02296	0.02776	0.07939	0.00557	0.05868	0.06188	0.10178	0.15873	0.18404	0.03088	0.02762	0.00457	0.00137	0.00334	0.10020	0.00342	0.00438
9	0.00537	0.00364	0.00428	0.00446	0.00455	0.00358	0.00265	0.00558	0.00616	0.00825	0.04399	0.21322	0.01731	0.64278	0.01569	0.00314	0.00331	0.00682	0.00267	0.00255
10	0.00484	0.00342	0.00446	0.00514	0.00549	0.00317	0.00348	0.00542	0.00748	0.00988	0.06107	0.67177	0.11017	0.01167	0.00560	0.06836	0.00226	0.00984	0.00345	0.00304
11	0.01145	0.01131	0.03915	0.04379	0.01307	0.21196	0.14988	0.14375	0.18721	0.07018	0.01104	0.03246	0.02869	0.00473	0.00395	0.00121	0.00490	0.02299	0.00295	0.00534
12	0.01009	0.00660	0.00811	0.02216	0.00924	0.03655	0.04494	0.07104	0.13765	0.22271	0.10689	0.09381	0.12769	0.00685	0.00426	0.00130	0.00321	0.07811	0.00383	0.00495
13	0.00479	0.00339	0.00441	0.00519	0.00538	0.00319	0.00340	0.00537	0.00711	0.00948	0.01993	0.75168	0.02385	0.12515	0.00683	0.00184	0.00242	0.01019	0.00340	0.00301
14	0.00739	0.00700	0.01194	0.79815	0.06502	0.00857	0.02849	0.00994	0.00775	0.00998	0.00685	0.01019	0.00517	0.00380	0.00385	0.00127	0.00511	0.00343	0.00172	0.00437
15	0.05225	0.00982	0.03278	0.05633	0.14865	0.12244	0.13174	0.10200	0.11270	0.05367	0.06256	0.02277	0.02871	0.00476	0.00395	0.00122	0.00455	0.04108	0.00279	0.00522
16	0.00862	0.00640	0.04361	0.00681	0.01858	0.02553	0.04097	0.04961	0.04480	0.13743	0.21083	0.11675	0.04536	0.04128	0.02070	0.00144	0.06495	0.00551	0.10638	0.00441
17	0.00810	0.00614	0.00634	0.00594	0.00683	0.11749	0.00427	0.00896	0.00744	0.10929	0.06054	0.01820	0.01213	0.32618	0.28167	0.00368	0.00608	0.00456	0.00260	0.00354
18	0.00799	0.00751	0.04226	0.00639	0.00991	0.00548	0.04427	0.00988	0.00801	0.01247	0.00686	0.00807	0.00565	0.00289	0.00295	0.00063	0.00313	0.00240	0.00223	0.81101
19	0.00891	0.01007	0.02178	0.07989	0.02052	0.00961	0.76543	0.01209	0.00894	0.01209	0.00769	0.01033	0.00576	0.00328	0.00447	0.00129	0.00636	0.00444	0.00192	0.00510
20	0.00558	0.00372	0.00418	0.00418	0.00418	0.00372	0.00232	0.00558	0.00558	0.00743	0.01208	0.02509	0.01394	0.86525	0.01952	0.00372	0.00372	0.00558	0.00232	0.00232
21	0.02990	0.02713	0.00992	0.00742	0.01039	0.02895	0.04484	0.05353	0.03037	0.69471	0.01390	0.01235	0.00893	0.00460	0.00382	0.00118	0.00356	0.00377	0.00437	0.00632
22	0.00801	0.01763	0.65427	0.01214	0.01739	0.00909	0.20307	0.01217	0.00832	0.01217	0.00708	0.00862	0.00508	0.00355	0.00385	0.00123	0.00585	0.00323	0.00169	0.00555
23	0.00818	0.00800	0.01387	0.32068	0.20024	0.02462	0.18594	0.01102	0.04223	0.01154	0.03638	0.01440	0.00861	0.00454	0.00415	0.00130	0.00495	0.09234	0.00217	0.00483
24	0.05050	0.31302	0.05040	0.09117	0.01239	0.01124	0.03772	0.15002	0.10978	0.12528	0.00884	0.00922	0.00664	0.00401	0.00331	0.00108	0.00408	0.00306	0.00275	0.00549

[dist]
# distance from previous block
# <min> <max>
2	13

[block]
# block no. 7 follows, 71 sequences, length 22
# corresponding to MSA columns:
# 448-457,459-470
name=unknown_H
#
# <colnr> <probs for GDERKNQSTAVLIFYWHMCP>
#	G	D	E	R	K	N	Q	S	T	A	V	L	I	F	Y	W	H	M	C	P
0	0.43281	0.00672	0.00670	0.04517	0.00827	0.02806	0.02486	0.02332	0.00712	0.03033	0.03015	0.01430	0.05092	0.17091	0.00692	0.00174	0.06573	0.03961	0.00249	0.00384
1	0.07489	0.00441	0.00575	0.00559	0.00638	0.00485	0.00415	0.00703	0.00614	0.00938	0.01014	0.01637	0.00999	0.22057	0.54923	0.00493	0.00781	0.00420	0.00215	0.04603
2	0.01365	0.00709	0.01049	0.01156	0.24161	0.00660	0.00745	0.03394	0.01025	0.49215	0.01341	0.01564	0.01000	0.00508	0.00401	0.00124	0.00368	0.10234	0.00378	0.00604
3	0.00883	0.00988	0.02134	0.01545	0.01909	0.00928	0.76326	0.01194	0.00903	0.01222	0.00874	0.01291	0.00709	0.00381	0.00459	0.00133	0.00623	0.06787	0.00206	0.00504
4	0.07804	0.01011	0.02130	0.01529	0.01905	0.00961	0.76311	0.01220	0.00885	0.01267	0.00757	0.01002	0.00569	0.00326	0.00436	0.00128	0.00619	0.00433	0.00197	0.00509
5	0.01025	0.86756	0.02009	0.00656	0.00984	0.01517	0.00656	0.01148	0.00779	0.00902	0.00533	0.00615	0.00492	0.00328	0.00246	0.00082	0.00410	0.00205	0.00164	0.00492
6	0.01720	0.00653	0.00890	0.00682	0.00979	0.00564	0.00564	0.01869	0.01097	0.84399	0.01513	0.01305	0.00949	0.00475	0.00386	0.00119	0.00326	0.00386	0.00475	0.00653
7	0.00783	0.04168	0.78150	0.01108	0.01659	0.00911	0.05561	0.01213	0.00814	0.01207	0.00688	0.00816	0.00491	0.00361	0.00366	0.00121	0.00567	0.00290	0.00164	0.00562
8	0.00769	0.01983	0.84538	0.01093	0.01659	0.00890	0.01417	0.01214	0.00810	0.01214	0.00688	0.00810	0.00486	0.00364	0.00364	0.00121	0.00567	0.00283	0.00162	0.00567
9	0.01130	0.00492	0.00626	0.00543	0.00717	0.00445	0.00424	0.01276	0.00943	0.39746	0.05748	0.15468	0.01359	0.00602	0.00368	0.00115	0.00254	0.00509	0.28747	0.00487
10	0.00611	0.00356	0.00497	0.00501	0.00514	0.00366	0.00335	0.00547	0.00544	0.00737	0.00923	0.05386	0.00975	0.22055	0.15783	0.48565	0.00456	0.00434	0.00197	0.00219
11	0.08566	0.00936	0.01061	0.00852	0.01119	0.02977	0.07048	0.37073	0.25049	0.04957	0.05559	0.01165	0.00943	0.00475	0.00382	0.00121	0.00385	0.00385	0.00359	0.00588
12	0.01041	0.00951	0.04608	0.03391	0.01681	0.00873	0.53298	0.05656	0.00954	0.15400	0.00924	0.01138	0.00685	0.04204	0.02226	0.00147	0.01611	0.00429	0.00252	0.00530
13	0.00461	0.00371	0.00411	0.00439	0.00532	0.00321	0.00315	0.00551	0.00836	0.01036	0.06284	0.30427	0.54595	0.01039	0.00465	0.00138	0.00203	0.00896	0.00358	0.00321
14	0.00528	0.00390	0.00471	0.00487	0.00560	0.00366	0.00349	0.00665	0.03351	0.01158	0.26393	0.23028	0.19721	0.13331	0.00678	0.00171	0.00236	0.05910	0.01879	0.00330
15	0.02598	0.02624	0.01328	0.02688	0.01309	0.19286	0.17791	0.18549	0.09871	0.03588	0.00838	0.02362	0.00664	0.00465	0.00528	0.00125	0.14241	0.00363	0.00261	0.00520
16	0.01183	0.00835	0.01138	0.00889	0.01155	0.03978	0.16331	0.17121	0.14560	0.22307	0.11015	0.01436	0.03717	0.00498	0.00405	0.00121	0.00392	0.00442	0.01916	0.00562
17	0.00520	0.00356	0.00473	0.00543	0.00583	0.00332	0.00378	0.00603	0.00776	0.03457	0.06935	0.69916	0.04079	0.02673	0.00513	0.00157	0.00235	0.06785	0.00361	0.00326
18	0.05735	0.03527	0.01243	0.41872	0.16101	0.02690	0.04990	0.09704	0.02148	0.03298	0.00743	0.00974	0.00569	0.00391	0.00394	0.00122	0.02738	0.00336	0.01928	0.00494
19	0.05226	0.04141	0.07783	0.04823	0.01330	0.11936	0.21644	0.07430	0.08500	0.05580	0.07680	0.02333	0.06557	0.00488	0.00399	0.00122	0.00469	0.02792	0.00274	0.00494
20	0.00918	0.02160	0.03560	0.01999	0.20451	0.04233	0.00705	0.10781	0.14688	0.05244	0.27992	0.01682	0.02852	0.00547	0.00403	0.00119	0.00341	0.00472	0.00335	0.00519
21	0.00632	0.00499	0.00561	0.00559	0.00649	0.03634	0.00390	0.05754	0.02839	0.01088	0.03209	0.47905	0.04136	0.14885	0.00687	0.00172	0.00285	0.00790	0.00318	0.11009

[dist]
# distance from previous block
# <min> <max>
3	49

[block]
# block no. 8 follows, 71 sequences, length 15
# corresponding to MSA columns:
# 520-534
name=unknown_I
#
# <colnr> <probs for GDERKNQSTAVLIFYWHMCP>
#	G	D	E	R	K	N	Q	S	T	A	V	L	I	F	Y	W	H	M	C	P
0	0.00946	0.20653	0.06202	0.17509	0.18091	0.05658	0.19413	0.03727	0.02149	0.01137	0.00693	0.00891	0.00554	0.00353	0.00364	0.00113	0.00514	0.00328	0.00189	0.00516
1	0.00721	0.08898	0.02182	0.02985	0.05165	0.04640	0.00569	0.02945	0.00745	0.03685	0.03239	0.08147	0.01069	0.03727	0.47850	0.00402	0.00752	0.01650	0.00232	0.00395
2	0.00564	0.00394	0.00504	0.00556	0.00599	0.00389	0.00414	0.00651	0.00730	0.00957	0.01769	0.17842	0.03956	0.34496	0.01077	0.00248	0.00334	0.33918	0.00306	0.00298
3	0.05095	0.00852	0.06333	0.13116	0.07171	0.00843	0.02489	0.14957	0.18593	0.14804	0.01198	0.03200	0.00951	0.00514	0.00395	0.00128	0.00394	0.08089	0.00327	0.00552
4	0.51201	0.00606	0.00519	0.00483	0.00670	0.00656	0.00382	0.03310	0.00772	0.01481	0.04645	0.07814	0.24983	0.00615	0.00330	0.00124	0.00261	0.00468	0.00291	0.00386
5	0.03256	0.02857	0.30582	0.11007	0.08777	0.06708	0.06927	0.07185	0.09352	0.02120	0.02558	0.02394	0.00692	0.00420	0.00407	0.00122	0.03530	0.00346	0.00224	0.00534
6	0.00564	0.00396	0.00483	0.00501	0.00538	0.00398	0.00342	0.00652	0.02913	0.00923	0.06552	0.10256	0.05153	0.48436	0.06996	0.00306	0.00379	0.13642	0.00282	0.00288
7	0.00906	0.02048	0.10733	0.14018	0.20018	0.06767	0.07143	0.05774	0.14297	0.01300	0.06524	0.02348	0.02751	0.00454	0.00418	0.00122	0.03209	0.00394	0.00248	0.00525
8	0.00998	0.00830	0.00980	0.09347	0.08850	0.00930	0.00703	0.20205	0.40420	0.01657	0.04706	0.01428	0.06210	0.00515	0.00393	0.00124	0.00354	0.00430	0.00347	0.00572
9	0.00858	0.03257	0.21703	0.00946	0.08741	0.00848	0.00819	0.06657	0.32235	0.01462	0.11536	0.02983	0.05251	0.00523	0.00391	0.00123	0.00371	0.00438	0.00310	0.00547
10	0.00641	0.00528	0.00663	0.03652	0.00820	0.00548	0.03500	0.01025	0.23600	0.01214	0.06482	0.31543	0.15467	0.00880	0.00452	0.00142	0.00275	0.07798	0.00356	0.00413
11	0.00973	0.01083	0.16681	0.03280	0.43717	0.00900	0.03228	0.08123	0.08818	0.05035	0.03812	0.01054	0.00762	0.00395	0.00383	0.00118	0.00449	0.00357	0.00241	0.00591
12	0.00891	0.19208	0.00907	0.00558	0.00747	0.03390	0.02664	0.06508	0.07810	0.02398	0.02184	0.01184	0.00867	0.00423	0.00293	0.00094	0.00289	0.00330	0.45961	0.03295
13	0.00947	0.33360	0.03710	0.00690	0.00940	0.03382	0.02033	0.05248	0.13262	0.06515	0.03012	0.15616	0.03221	0.00549	0.00347	0.00109	0.00355	0.00445	0.00278	0.05981
14	0.01010	0.05752	0.47826	0.00949	0.01383	0.05989	0.02846	0.04239	0.00914	0.16294	0.00914	0.03651	0.00691	0.00429	0.00369	0.00118	0.00494	0.02480	0.00243	0.03410

[dist]
# distance from previous block
# <min> <max>
7	12

[block]
# block no. 9 follows, 71 sequences, length 34
# corresponding to MSA columns:
# 547-553,575-582,584-602
name=unknown_J
#
# <colnr> <probs for GDERKNQSTAVLIFYWHMCP>
#	G	D	E	R	K	N	Q	S	T	A	V	L	I	F	Y	W	H	M	C	P
0	0.10188	0.04710	0.09102	0.00960	0.05752	0.03943	0.06220	0.37163	0.10337	0.04336	0.02991	0.00984	0.00733	0.00432	0.00367	0.00117	0.00427	0.00343	0.00313	0.00582
1	0.01796	0.05616	0.11109	0.03029	0.19319	0.04230	0.05226	0.11882	0.17717	0.01409	0.04263	0.01197	0.03263	0.02367	0.02237	0.00136	0.04015	0.00381	0.00266	0.00546
2	0.00833	0.18437	0.63090	0.01040	0.04405	0.01011	0.01235	0.02440	0.00825	0.01178	0.01819	0.00807	0.00537	0.00364	0.00343	0.00113	0.00525	0.00277	0.00170	0.00552
3	0.01002	0.10054	0.06624	0.06975	0.06600	0.05783	0.06860	0.12023	0.13626	0.06498	0.04191	0.02086	0.06307	0.00468	0.00395	0.00114	0.02598	0.00386	0.00282	0.07130
4	0.00722	0.12438	0.00704	0.00492	0.00577	0.00567	0.00346	0.03580	0.00717	0.05852	0.08276	0.03143	0.03576	0.52630	0.01364	0.03576	0.00352	0.00507	0.00261	0.00320
5	0.00679	0.00521	0.00629	0.03619	0.01924	0.02971	0.00469	0.07227	0.06132	0.02945	0.04402	0.45723	0.01902	0.10020	0.03316	0.00184	0.02791	0.03843	0.00328	0.00376
6	0.00932	0.04875	0.10322	0.01948	0.61959	0.02163	0.01103	0.03781	0.01898	0.01275	0.03718	0.01047	0.02520	0.00379	0.00376	0.00114	0.00451	0.00352	0.00206	0.00582
7	0.00469	0.00343	0.00442	0.00515	0.00553	0.00315	0.00349	0.00545	0.00767	0.01012	0.06297	0.73073	0.11598	0.01155	0.00484	0.00151	0.00217	0.01040	0.00359	0.00315
8	0.02408	0.12995	0.13117	0.02412	0.16040	0.26302	0.11328	0.04011	0.00939	0.01140	0.00658	0.00804	0.00532	0.00363	0.00363	0.00106	0.01585	0.00293	0.00194	0.04410
9	0.00715	0.00357	0.00357	0.00357	0.00447	0.00357	0.00268	0.00893	0.00804	0.01429	0.01251	0.01429	0.00983	0.00447	0.00268	0.00089	0.00179	0.00357	0.88654	0.00357
10	0.01039	0.01170	0.01132	0.00986	0.01064	0.29629	0.00793	0.01131	0.00764	0.00939	0.00540	0.00787	0.00502	0.00565	0.00916	0.00141	0.54089	0.00302	0.00180	0.03333
11	0.00453	0.00388	0.00388	0.00388	0.00518	0.00324	0.00291	0.00550	0.00874	0.01036	0.03884	0.03690	0.83978	0.00971	0.00453	0.00129	0.00194	0.00809	0.00356	0.00324
12	0.02980	0.20053	0.01315	0.00889	0.04782	0.07936	0.02790	0.38034	0.10089	0.04116	0.00942	0.00962	0.02582	0.00433	0.00351	0.00109	0.00425	0.00327	0.00306	0.00577
13	0.29924	0.00755	0.03704	0.00763	0.08477	0.02662	0.01779	0.10085	0.00942	0.09729	0.06457	0.01651	0.17922	0.00553	0.00358	0.00122	0.00326	0.03018	0.00308	0.00466
14	0.01105	0.10423	0.05101	0.01024	0.07928	0.03813	0.08667	0.23124	0.26142	0.03445	0.01054	0.01080	0.01714	0.00447	0.00404	0.00119	0.03155	0.00366	0.00306	0.00582
15	0.00870	0.00745	0.00789	0.00716	0.00914	0.00843	0.00555	0.01781	0.68570	0.01536	0.07531	0.01781	0.10525	0.00588	0.00401	0.00129	0.00283	0.00493	0.00389	0.00558
16	0.01422	0.01751	0.01078	0.00973	0.01176	0.78167	0.00733	0.04158	0.03815	0.02367	0.00650	0.00733	0.00529	0.00403	0.00349	0.00101	0.00664	0.00258	0.00214	0.00460
17	0.00672	0.00604	0.02612	0.00725	0.00757	0.00734	0.00571	0.00754	0.00592	0.00868	0.00863	0.01516	0.00893	0.26237	0.25636	0.00356	0.34646	0.00421	0.00197	0.00346
18	0.00523	0.00373	0.00509	0.00597	0.00644	0.00359	0.00452	0.00630	0.00789	0.01041	0.02083	0.56089	0.02415	0.01149	0.00504	0.00163	0.00271	0.30728	0.00355	0.00327
19	0.00785	0.00721	0.01175	0.36680	0.14619	0.00802	0.08635	0.05153	0.03517	0.01175	0.04233	0.04770	0.05110	0.00524	0.00443	0.00132	0.03427	0.07404	0.00235	0.00461
20	0.01110	0.39422	0.06662	0.00857	0.01170	0.14086	0.08385	0.08728	0.09911	0.03808	0.00754	0.00818	0.00604	0.00377	0.00321	0.00100	0.00470	0.00283	0.00227	0.01907
21	0.89233	0.00741	0.00564	0.00504	0.00741	0.00860	0.00415	0.01127	0.00653	0.01720	0.00534	0.00623	0.00415	0.00356	0.00237	0.00119	0.00297	0.00208	0.00237	0.00415
22	0.00465	0.00371	0.00418	0.00450	0.00540	0.00324	0.00325	0.00556	0.00832	0.01032	0.05242	0.31946	0.51723	0.01048	0.00468	0.00140	0.00208	0.03235	0.00358	0.00321
23	0.00735	0.00604	0.01722	0.03357	0.11694	0.03309	0.06943	0.03618	0.02035	0.06099	0.06176	0.38225	0.06181	0.01680	0.00465	0.00141	0.00333	0.05946	0.00320	0.00417
24	0.04895	0.16301	0.22701	0.00807	0.01154	0.08768	0.00811	0.04834	0.02002	0.27178	0.01064	0.01054	0.04401	0.00434	0.00364	0.00112	0.01955	0.00324	0.00287	0.00553
25	0.37515	0.03020	0.00875	0.00681	0.00956	0.02339	0.00563	0.28739	0.01144	0.19437	0.00872	0.00868	0.00611	0.00416	0.00320	0.00116	0.00354	0.00292	0.00334	0.00547
26	0.04401	0.00357	0.00458	0.00541	0.00576	0.00342	0.00371	0.00572	0.00738	0.01020	0.02039	0.78612	0.02427	0.01157	0.00480	0.00155	0.00232	0.04855	0.00351	0.00318
27	0.01009	0.15388	0.09441	0.01066	0.12717	0.15949	0.03945	0.05991	0.14459	0.01270	0.09585	0.01111	0.00962	0.00451	0.00409	0.00114	0.05012	0.00353	0.00252	0.00518
28	0.00878	0.03777	0.50271	0.01183	0.01651	0.00932	0.22425	0.03412	0.02772	0.04920	0.00763	0.00903	0.00552	0.00374	0.00418	0.00124	0.03560	0.00337	0.00195	0.00554
29	0.00979	0.05383	0.03469	0.01684	0.44036	0.04663	0.09665	0.04833	0.14099	0.01323	0.00851	0.00993	0.00680	0.00372	0.00375	0.00113	0.00451	0.00349	0.00231	0.05447
30	0.00473	0.00378	0.00425	0.00448	0.00546	0.00330	0.00330	0.00575	0.00861	0.01075	0.11023	0.23698	0.52457	0.01013	0.00466	0.00137	0.00208	0.04868	0.00362	0.00326
31	0.00825	0.01889	0.75338	0.01086	0.01623	0.02106	0.03182	0.06004	0.02148	0.01287	0.00716	0.00829	0.00508	0.00372	0.00368	0.00121	0.00558	0.00293	0.00180	0.00569
32	0.00934	0.00890	0.01515	0.02281	0.80447	0.00890	0.01152	0.01160	0.00873	0.01248	0.00779	0.01098	0.00678	0.00373	0.00386	0.00117	0.00451	0.03934	0.00197	0.00596
33	0.00975	0.05216	0.01157	0.24989	0.05385	0.21500	0.03590	0.04091	0.09324	0.01089	0.00791	0.03105	0.00662	0.00602	0.05587	0.00153	0.10760	0.00347	0.00215	0.00463

[dist]
# distance from previous block
# <min> <max>
0	6

[block]
# block no. 10 follows, 71 sequences, length 30
# corresponding to MSA columns:
# 609-631,638-644
name=unknown_K
#
# <colnr> <probs for GDERKNQSTAVLIFYWHMCP>
#	G	D	E	R	K	N	Q	S	T	A	V	L	I	F	Y	W	H	M	C	P
0	0.04594	0.22346	0.06485	0.00861	0.01121	0.28639	0.05082	0.05829	0.12447	0.01172	0.00859	0.05940	0.00748	0.00452	0.00344	0.00108	0.00494	0.01751	0.00238	0.00491
1	0.05025	0.00737	0.00904	0.00710	0.00993	0.00716	0.00582	0.15352	0.09902	0.56535	0.01373	0.01230	0.00903	0.00472	0.00377	0.00118	0.00335	0.00376	0.02728	0.00631
2	0.05695	0.02885	0.06568	0.00901	0.05709	0.02107	0.13320	0.02221	0.15924	0.01334	0.16290	0.03254	0.11609	0.01383	0.00462	0.00131	0.03737	0.05701	0.00304	0.00464
3	0.00549	0.00405	0.00589	0.00589	0.00648	0.00465	0.00446	0.00667	0.00608	0.00870	0.01052	0.01643	0.01018	0.14240	0.73722	0.00583	0.00938	0.00431	0.00209	0.00327
4	0.00971	0.06695	0.09846	0.00847	0.01110	0.03050	0.05557	0.14409	0.37163	0.01543	0.05362	0.03505	0.03878	0.00523	0.00413	0.00124	0.02785	0.01336	0.00326	0.00555
5	0.00858	0.00848	0.05576	0.10162	0.26127	0.02050	0.15635	0.06504	0.00968	0.03449	0.14261	0.02663	0.07062	0.00493	0.00413	0.00122	0.00433	0.01610	0.00261	0.00505
6	0.00938	0.05584	0.06485	0.06204	0.19741	0.03113	0.04884	0.07183	0.32023	0.01403	0.01280	0.01314	0.07222	0.00469	0.00384	0.00121	0.00399	0.00404	0.00288	0.00560
7	0.01249	0.05771	0.01271	0.04463	0.20604	0.01104	0.00835	0.51219	0.04561	0.01946	0.00892	0.01007	0.00681	0.00438	0.00378	0.00115	0.00427	0.02106	0.00317	0.00616
8	0.00832	0.00835	0.03587	0.40570	0.24902	0.00899	0.10297	0.02065	0.05673	0.01141	0.00766	0.01951	0.00607	0.00394	0.00426	0.00126	0.03865	0.00366	0.00195	0.00502
9	0.00459	0.00383	0.00400	0.00407	0.00524	0.00324	0.00301	0.00557	0.00871	0.01056	0.07743	0.11620	0.72072	0.00984	0.00457	0.00132	0.00196	0.00830	0.00359	0.00324
10	0.01306	0.05395	0.01088	0.00835	0.01107	0.07560	0.00679	0.43133	0.25361	0.07865	0.01104	0.01063	0.00804	0.00467	0.00376	0.00117	0.00401	0.00359	0.00366	0.00615
11	0.00773	0.00740	0.01281	0.66689	0.16541	0.00869	0.05634	0.01027	0.00793	0.01040	0.00694	0.01010	0.00532	0.00373	0.00387	0.00125	0.00509	0.00347	0.00175	0.00462
12	0.00516	0.00352	0.00468	0.00545	0.00583	0.00328	0.00376	0.00593	0.00758	0.03672	0.02134	0.76573	0.04555	0.01164	0.00488	0.00155	0.00233	0.05823	0.00360	0.00325
13	0.00795	0.00681	0.00795	0.00568	0.00909	0.00511	0.00454	0.00965	0.00795	0.01249	0.00681	0.00795	0.00568	0.00284	0.00284	0.00057	0.00284	0.00227	0.00227	0.88869
14	0.02275	0.00993	0.05951	0.03543	0.47712	0.02461	0.03799	0.14678	0.03995	0.04587	0.00796	0.00956	0.00628	0.00395	0.00432	0.00119	0.05508	0.00344	0.00237	0.00591
15	0.00570	0.00442	0.00611	0.00604	0.00667	0.01950	0.00460	0.00688	0.00623	0.00878	0.01100	0.01648	0.03142	0.12562	0.69219	0.00553	0.03305	0.00433	0.00211	0.00333
16	0.00467	0.00334	0.00445	0.00534	0.00556	0.00311	0.00356	0.00534	0.00734	0.00979	0.02113	0.86275	0.02536	0.01201	0.00489	0.00156	0.00222	0.01090	0.00356	0.00311
17	0.05858	0.00773	0.00819	0.00719	0.00946	0.00853	0.00562	0.01789	0.62474	0.04699	0.03785	0.01427	0.03714	0.00507	0.00374	0.00121	0.00295	0.00417	0.00368	0.09499
18	0.00547	0.00401	0.00503	0.00476	0.00573	0.00371	0.00357	0.00740	0.02966	0.01482	0.71136	0.02882	0.12191	0.00789	0.00446	0.00121	0.00185	0.00691	0.02780	0.00363
19	0.00876	0.00923	0.01449	0.01161	0.01267	0.04001	0.21721	0.01022	0.00685	0.01001	0.00576	0.00884	0.00523	0.00573	0.01021	0.00156	0.61179	0.00362	0.00175	0.00445
