[name]
unknown

[dist]
# distance from previous block
# <min> <max>
0	18

[block]
# block no. 0 follows, 62 sequences, length 7
# corresponding to MSA columns:
# 723-726,730-732
name=unknown_A
#
# <colnr> <probs for GDERKNQSTAVLIFYWHMCP>
#	G	D	E	R	K	N	Q	S	T	A	V	L	I	F	Y	W	H	M	C	P
0	0.03699	0.04675	0.10966	0.02197	0.03846	0.03683	0.00845	0.29678	0.05787	0.06871	0.06583	0.01644	0.01156	0.00596	0.00471	0.00137	0.03649	0.10278	0.00356	0.02883
1	0.05643	0.01179	0.12357	0.09058	0.25222	0.04194	0.03576	0.11969	0.13308	0.03887	0.00961	0.01095	0.00736	0.00458	0.00461	0.00135	0.04477	0.00379	0.00278	0.00626
2	0.00792	0.00636	0.00725	0.02628	0.03547	0.02447	0.00522	0.07690	0.13121	0.03422	0.21014	0.05864	0.28485	0.00994	0.06030	0.00176	0.00348	0.00691	0.00397	0.00472
3	0.00620	0.00412	0.00486	0.00495	0.00512	0.00418	0.00302	0.00656	0.00662	0.00917	0.01414	0.10068	0.01581	0.63023	0.10541	0.00399	0.00461	0.00640	0.06106	0.00288
4	0.01550	0.01148	0.01198	0.00941	0.01256	0.05478	0.00768	0.61845	0.07767	0.08154	0.04727	0.01177	0.00927	0.00529	0.00428	0.00129	0.00455	0.00405	0.00425	0.00694
5	0.00541	0.00399	0.00483	0.00523	0.00597	0.00358	0.00366	0.00617	0.00888	0.01140	0.10843	0.38831	0.32505	0.01205	0.00626	0.08138	0.00242	0.00973	0.00383	0.00342
6	0.04959	0.02418	0.16264	0.04137	0.04314	0.00879	0.05640	0.05523	0.06728	0.15543	0.09866	0.07736	0.01283	0.00615	0.00555	0.00144	0.10578	0.01919	0.00330	0.00567

[dist]
# distance from previous block
# <min> <max>
0	2

[block]
# block no. 1 follows, 62 sequences, length 8
# corresponding to MSA columns:
# 735-742
name=unknown_B
#
# <colnr> <probs for GDERKNQSTAVLIFYWHMCP>
#	G	D	E	R	K	N	Q	S	T	A	V	L	I	F	Y	W	H	M	C	P
0	0.56515	0.11864	0.00970	0.00761	0.05545	0.08471	0.00586	0.04341	0.00872	0.01704	0.04574	0.00851	0.00674	0.00421	0.00302	0.00124	0.00394	0.00274	0.00262	0.00494
1	0.01067	0.00982	0.01730	0.11722	0.58780	0.00990	0.11076	0.01331	0.00974	0.05969	0.00853	0.01097	0.00680	0.00390	0.00432	0.00131	0.00531	0.00397	0.00227	0.00641
2	0.34848	0.00975	0.01041	0.00833	0.01137	0.08863	0.08045	0.09746	0.01088	0.28017	0.01020	0.01020	0.00705	0.00450	0.00367	0.00130	0.00432	0.00339	0.00357	0.00587
3	0.00631	0.00461	0.00656	0.03269	0.00800	0.00443	0.04331	0.00734	0.00859	0.05212	0.02373	0.61936	0.11923	0.01170	0.00551	0.00165	0.02670	0.01049	0.00381	0.00385
4	0.01033	0.00991	0.01691	0.09044	0.76114	0.01006	0.01296	0.01289	0.00960	0.01366	0.00797	0.01060	0.00666	0.00383	0.00422	0.00128	0.00510	0.00379	0.00209	0.00658
5	0.00633	0.00404	0.00505	0.00546	0.00584	0.00385	0.00357	0.00699	0.00790	0.04837	0.05295	0.46727	0.02285	0.28308	0.01048	0.00243	0.00301	0.00922	0.04789	0.00340
6	0.01258	0.46310	0.04490	0.00864	0.01188	0.19522	0.00777	0.08277	0.11273	0.01263	0.00793	0.00852	0.00657	0.00421	0.00335	0.00106	0.00516	0.00286	0.00243	0.00568
7	0.01337	0.06503	0.01165	0.00884	0.01171	0.01166	0.00716	0.37669	0.32728	0.06004	0.01316	0.01322	0.00990	0.04470	0.00500	0.00145	0.00409	0.00424	0.00410	0.00671

[dist]
# distance from previous block
# <min> <max>
0	50

[block]
# block no. 2 follows, 62 sequences, length 12
# corresponding to MSA columns:
# 793-804
name=unknown_C
#
# <colnr> <probs for GDERKNQSTAVLIFYWHMCP>
#	G	D	E	R	K	N	Q	S	T	A	V	L	I	F	Y	W	H	M	C	P
0	0.04999	0.00897	0.07845	0.12048	0.17143	0.00808	0.00887	0.04243	0.05462	0.28622	0.03472	0.05916	0.01030	0.00639	0.03953	0.00159	0.00462	0.00449	0.00351	0.00615
1	0.01251	0.19723	0.29043	0.00992	0.03019	0.01049	0.04160	0.05271	0.03717	0.23049	0.01019	0.01039	0.00722	0.00433	0.00385	0.00122	0.00492	0.00341	0.00297	0.03876
2	0.01163	0.64128	0.13558	0.00815	0.01214	0.01514	0.00849	0.06747	0.00962	0.04685	0.00692	0.00769	0.00579	0.00387	0.00309	0.00101	0.00477	0.00259	0.00213	0.00578
3	0.00584	0.00549	0.05027	0.00564	0.00713	0.00444	0.00464	0.00783	0.04678	0.01289	0.16922	0.13398	0.43535	0.01022	0.00507	0.00150	0.00262	0.08314	0.00397	0.00397
4	0.04807	0.03311	0.35666	0.01395	0.15822	0.02908	0.09895	0.06149	0.02620	0.08069	0.00949	0.04839	0.00744	0.00457	0.00419	0.00134	0.00549	0.00397	0.00251	0.00620
5	0.03736	0.00887	0.04159	0.04471	0.08390	0.00760	0.04351	0.09247	0.03154	0.07352	0.02530	0.01066	0.00764	0.01774	0.00396	0.00101	0.00392	0.00330	0.00288	0.45851
6	0.00802	0.00672	0.00983	0.00867	0.00944	0.00819	0.04840	0.00926	0.00761	0.04800	0.05635	0.04887	0.06647	0.04697	0.26010	0.02508	0.32013	0.00507	0.00257	0.00427
7	0.00582	0.00410	0.00499	0.00537	0.00613	0.00370	0.00374	0.00676	0.00897	0.04253	0.10222	0.44656	0.25833	0.07244	0.00641	0.00177	0.00250	0.01006	0.00397	0.00363
8	0.04900	0.14998	0.15634	0.04757	0.15048	0.03671	0.05391	0.05196	0.05349	0.17817	0.02622	0.01099	0.00790	0.00441	0.00395	0.00126	0.00488	0.00363	0.00293	0.00623
9	0.07080	0.20722	0.15523	0.00957	0.03523	0.02364	0.09660	0.02427	0.03985	0.07344	0.05309	0.02100	0.00855	0.00427	0.00369	0.00112	0.00459	0.00351	0.00261	0.16172
10	0.00520	0.00388	0.00484	0.00551	0.00608	0.00352	0.00379	0.00610	0.00875	0.01139	0.07728	0.60870	0.21459	0.01245	0.00531	0.00164	0.00237	0.01110	0.00400	0.00352
11	0.02848	0.08540	0.07035	0.07942	0.06878	0.07541	0.02124	0.08827	0.06120	0.06687	0.10291	0.11208	0.09124	0.00652	0.00432	0.00132	0.00418	0.00546	0.00329	0.02327

[dist]
# distance from previous block
# <min> <max>
2	5

[block]
# block no. 3 follows, 62 sequences, length 25
# corresponding to MSA columns:
# 810-834
name=unknown_D
#
# <colnr> <probs for GDERKNQSTAVLIFYWHMCP>
#	G	D	E	R	K	N	Q	S	T	A	V	L	I	F	Y	W	H	M	C	P
0	0.00601	0.00435	0.00528	0.00516	0.00610	0.00405	0.00374	0.00778	0.02905	0.01465	0.47312	0.10872	0.16350	0.09033	0.00653	0.00164	0.00231	0.00789	0.05596	0.00381
1	0.00984	0.01402	0.31536	0.06829	0.09109	0.01012	0.06977	0.05520	0.24072	0.02713	0.01105	0.02494	0.00840	0.00519	0.01701	0.00147	0.01726	0.00408	0.00280	0.00627
2	0.00940	0.05607	0.42115	0.01518	0.24760	0.01009	0.01297	0.03773	0.04618	0.01409	0.04628	0.01139	0.02456	0.00449	0.00435	0.00132	0.02495	0.00373	0.00226	0.00623
3	0.00550	0.00423	0.00500	0.00500	0.00605	0.00376	0.00366	0.00690	0.01040	0.01370	0.37031	0.15719	0.35592	0.02650	0.00541	0.00149	0.00218	0.00885	0.00424	0.00373
4	0.00900	0.25632	0.01412	0.13623	0.04709	0.01137	0.00803	0.01093	0.03312	0.01129	0.08473	0.01303	0.03256	0.00878	0.10593	0.00201	0.20433	0.00396	0.00231	0.00486
5	0.00554	0.00391	0.00486	0.00539	0.00568	0.00371	0.00349	0.00615	0.00788	0.01048	0.07228	0.49368	0.07137	0.27319	0.01043	0.00243	0.00294	0.00980	0.00357	0.00323
6	0.27332	0.01008	0.03799	0.00834	0.01109	0.04102	0.04060	0.34460	0.01314	0.02028	0.02243	0.13790	0.00997	0.00595	0.00397	0.00136	0.00416	0.00468	0.00348	0.00564
7	0.88052	0.00823	0.00625	0.00560	0.00823	0.00955	0.00461	0.01251	0.00724	0.01909	0.00592	0.00691	0.00461	0.00395	0.00263	0.00132	0.00329	0.00230	0.00263	0.00461
8	0.01542	0.01952	0.01175	0.01069	0.01283	0.79362	0.00802	0.01656	0.01206	0.01073	0.04565	0.00883	0.00714	0.00459	0.00389	0.00111	0.00740	0.00298	0.00231	0.00489
9	0.01127	0.00948	0.01001	0.00880	0.01133	0.01091	0.00690	0.11984	0.71788	0.01891	0.01644	0.01518	0.01228	0.00569	0.00432	0.00142	0.00353	0.00469	0.00432	0.00680
10	0.00534	0.00409	0.00482	0.00524	0.00601	0.00373	0.00369	0.00625	0.00865	0.01099	0.04338	0.35111	0.35183	0.09751	0.04591	0.00209	0.00297	0.03917	0.00374	0.00347
11	0.80740	0.00854	0.00681	0.00595	0.00865	0.00985	0.00490	0.07995	0.00832	0.01974	0.00629	0.00719	0.00483	0.00405	0.00277	0.00131	0.00341	0.00243	0.00277	0.00483
12	0.00673	0.00526	0.02348	0.00549	0.00706	0.00455	0.00432	0.00904	0.05559	0.05173	0.43505	0.03149	0.28595	0.00869	0.00484	0.00134	0.00235	0.00745	0.00429	0.04530
13	0.14467	0.09638	0.53637	0.01008	0.01526	0.01005	0.01210	0.01336	0.00880	0.04637	0.00757	0.00867	0.00554	0.00398	0.00365	0.00125	0.00534	0.00293	0.00212	0.06553
14	0.01909	0.00724	0.00987	0.00757	0.01086	0.00625	0.00625	0.02074	0.01218	0.82687	0.01679	0.01448	0.01053	0.00527	0.00428	0.00132	0.00362	0.00428	0.00527	0.00724
15	0.03316	0.00794	0.00861	0.00700	0.00938	0.00839	0.00566	0.35684	0.01411	0.12902	0.01250	0.01303	0.00913	0.00504	0.00369	0.00117	0.00340	0.00391	0.36220	0.00583
16	0.00942	0.01174	0.19944	0.12805	0.21640	0.00905	0.15244	0.01279	0.03435	0.05655	0.02938	0.04133	0.06999	0.00497	0.00445	0.00137	0.00529	0.00467	0.00251	0.00581
17	0.03858	0.00810	0.06120	0.07111	0.06655	0.00695	0.02564	0.04055	0.01109	0.45680	0.05296	0.06840	0.04212	0.00602	0.00463	0.02005	0.00394	0.00491	0.00418	0.00621
18	0.00517	0.00377	0.00487	0.00574	0.00612	0.00347	0.00387	0.00595	0.00832	0.01093	0.02567	0.75664	0.11775	0.01304	0.00539	0.00170	0.00243	0.01174	0.00395	0.00347
19	0.27946	0.00840	0.00931	0.00738	0.01049	0.00852	0.00609	0.16267	0.01212	0.43577	0.01229	0.01141	0.00814	0.00484	0.00378	0.00131	0.00372	0.00360	0.00428	0.00644
20	0.01029	0.11323	0.37970	0.02668	0.12494	0.03498	0.02752	0.06461	0.02321	0.06127	0.00988	0.04972	0.02591	0.00471	0.00403	0.00128	0.00531	0.00384	0.00243	0.02646
21	0.00977	0.00601	0.00740	0.00710	0.04675	0.02315	0.00500	0.05824	0.03351	0.17415	0.29010	0.07918	0.05225	0.13408	0.00735	0.01348	0.00316	0.00634	0.03821	0.00476
22	0.00519	0.00392	0.00480	0.00549	0.00612	0.00354	0.00382	0.00607	0.00867	0.01111	0.02938	0.57945	0.26853	0.01251	0.00532	0.00165	0.00242	0.03455	0.00395	0.00351
23	0.01212	0.05448	0.07556	0.11796	0.18141	0.02022	0.03376	0.08930	0.04451	0.19893	0.01194	0.06785	0.02123	0.00512	0.00421	0.00130	0.00456	0.00441	0.00323	0.04791
24	0.01108	0.07367	0.10100	0.01282	0.16697	0.02983	0.05758	0.08905	0.32408	0.04037	0.02493	0.02951	0.01000	0.00501	0.00421	0.00134	0.00451	0.00430	0.00329	0.00644

[dist]
# distance from previous block
# <min> <max>
0	4

[block]
# block no. 4 follows, 62 sequences, length 34
# corresponding to MSA columns:
# 839-872
name=unknown_E
#
# <colnr> <probs for GDERKNQSTAVLIFYWHMCP>
#	G	D	E	R	K	N	Q	S	T	A	V	L	I	F	Y	W	H	M	C	P
0	0.01024	0.00915	0.01570	0.10821	0.48844	0.00921	0.10074	0.01299	0.03448	0.06741	0.01090	0.07569	0.02783	0.00487	0.00443	0.00135	0.00495	0.00475	0.00255	0.00612
1	0.01047	0.16833	0.05641	0.01673	0.37346	0.03038	0.06457	0.05870	0.05603	0.01375	0.01040	0.06134	0.03631	0.00477	0.00406	0.00124	0.00482	0.00425	0.00247	0.02151
2	0.01242	0.08850	0.01354	0.02170	0.09594	0.23713	0.03292	0.11855	0.14580	0.01430	0.02369	0.02306	0.00810	0.00526	0.00563	0.00133	0.13986	0.00376	0.00279	0.00571
3	0.00522	0.00384	0.00490	0.00565	0.00612	0.00352	0.00385	0.00610	0.00866	0.01141	0.08442	0.67041	0.14506	0.01262	0.00534	0.00166	0.00239	0.01132	0.00400	0.00352
4	0.00899	0.01182	0.19993	0.12444	0.22192	0.00929	0.15407	0.01264	0.04972	0.01384	0.11197	0.02650	0.01111	0.00481	0.00462	0.00137	0.02018	0.00454	0.00248	0.00576
5	0.00835	0.01209	0.29308	0.02420	0.04501	0.01967	0.02610	0.06303	0.08810	0.01556	0.26181	0.01965	0.08236	0.01667	0.00471	0.00139	0.00421	0.00532	0.00329	0.00539
6	0.01281	0.00586	0.00768	0.00639	0.00866	0.00512	0.00508	0.01443	0.01161	0.44799	0.24193	0.05266	0.14677	0.00736	0.00464	0.00136	0.00291	0.00623	0.00485	0.00565
7	0.04038	0.26350	0.03606	0.03242	0.01278	0.47376	0.00803	0.04692	0.01097	0.01132	0.00692	0.02541	0.00600	0.00436	0.00354	0.00108	0.00630	0.00287	0.00220	0.00517
8	0.00583	0.00400	0.00486	0.00524	0.00537	0.00393	0.00324	0.00618	0.00699	0.00934	0.01719	0.32810	0.02012	0.50281	0.04126	0.00329	0.00375	0.02244	0.00310	0.00296
9	0.01759	0.07528	0.01162	0.00816	0.01144	0.00891	0.00684	0.21294	0.01371	0.55141	0.01411	0.01274	0.00923	0.00514	0.00433	0.00128	0.01952	0.00400	0.00468	0.00705
10	0.01138	0.85302	0.02230	0.00728	0.01092	0.01684	0.00728	0.01274	0.00865	0.01001	0.00592	0.00683	0.00546	0.00364	0.00273	0.00091	0.00455	0.00228	0.00182	0.00546
11	0.00519	0.00416	0.00462	0.00494	0.00598	0.00363	0.00359	0.00618	0.00916	0.01128	0.03572	0.27164	0.53638	0.03480	0.00564	0.00162	0.00238	0.04565	0.00391	0.00354
12	0.00615	0.00426	0.00530	0.00530	0.00553	0.00448	0.00340	0.00661	0.00638	0.00874	0.01280	0.02449	0.01401	0.60403	0.26610	0.00494	0.00631	0.00570	0.00249	0.00295
13	0.01058	0.00914	0.00962	0.00866	0.01106	0.01058	0.00673	0.02261	0.81623	0.01780	0.01732	0.01588	0.01299	0.00577	0.00433	0.00144	0.00337	0.00481	0.00433	0.00673
14	0.58974	0.00939	0.00839	0.00697	0.00986	0.01065	0.00575	0.26667	0.01140	0.03597	0.00749	0.00810	0.00555	0.00434	0.00318	0.00130	0.00374	0.00283	0.00320	0.00549
15	0.00804	0.00756	0.01276	0.84023	0.02931	0.00945	0.01182	0.01087	0.00851	0.01087	0.00756	0.01134	0.00567	0.00425	0.00425	0.00142	0.00567	0.00378	0.00189	0.00473
16	0.00572	0.00413	0.00534	0.00611	0.00653	0.00397	0.00416	0.03601	0.02442	0.01175	0.04365	0.77928	0.02739	0.01276	0.00536	0.00170	0.00256	0.01153	0.00399	0.00367
17	0.00727	0.00607	0.00731	0.00864	0.12006	0.05873	0.00543	0.00865	0.00990	0.04280	0.18580	0.30181	0.20193	0.00962	0.00494	0.00146	0.00305	0.00846	0.00378	0.00429
18	0.01306	0.29710	0.06349	0.00962	0.04232	0.11728	0.00823	0.23044	0.13496	0.03067	0.00927	0.00962	0.00722	0.00451	0.00369	0.00116	0.00491	0.00328	0.00298	0.00620
19	0.00853	0.02201	0.82841	0.01213	0.01842	0.00988	0.01572	0.01348	0.00898	0.01348	0.00764	0.00898	0.00539	0.00404	0.00404	0.00135	0.00629	0.00314	0.00180	0.00629
20	0.00523	0.00432	0.00459	0.00452	0.00587	0.00368	0.00339	0.00650	0.01017	0.01262	0.20060	0.03910	0.66399	0.01036	0.00503	0.00142	0.00213	0.00872	0.00410	0.00368
21	0.00826	0.00691	0.00819	0.00611	0.00933	0.00534	0.00483	0.01017	0.00947	0.01451	0.17225	0.01347	0.01315	0.00427	0.00353	0.00077	0.00292	0.00357	0.00296	0.69998
22	0.00989	0.10516	0.21560	0.01176	0.04752	0.00958	0.21123	0.02580	0.05734	0.07008	0.01073	0.09361	0.00924	0.03621	0.00491	0.00141	0.00521	0.00469	0.00263	0.06740
23	0.03503	0.00881	0.01066	0.00821	0.01147	0.00869	0.00677	0.29740	0.01474	0.50720	0.01418	0.01287	0.00927	0.00518	0.00420	0.00129	0.00394	0.00407	0.02891	0.00710
24	0.00524	0.00379	0.00497	0.00590	0.00625	0.00352	0.00402	0.00605	0.00831	0.01098	0.02470	0.76273	0.08003	0.01310	0.00542	0.00172	0.00251	0.04332	0.00395	0.00348
25	0.05896	0.09505	0.15830	0.05653	0.07745	0.05409	0.06790	0.23009	0.08995	0.01709	0.00982	0.01084	0.02229	0.00532	0.02686	0.00144	0.00531	0.00371	0.00289	0.00614
26	0.01347	0.00799	0.00974	0.00805	0.01025	0.02416	0.00649	0.20590	0.01220	0.29446	0.03099	0.05612	0.03930	0.03830	0.11458	0.00220	0.09511	0.00480	0.02002	0.00586
27	0.00524	0.00387	0.00477	0.00546	0.00595	0.00354	0.00368	0.00599	0.00832	0.01078	0.02691	0.60109	0.20116	0.08396	0.00672	0.00187	0.00254	0.01091	0.00383	0.00341
28	0.00606	0.00399	0.00492	0.00551	0.00606	0.00385	0.00382	0.00756	0.03437	0.01277	0.08849	0.55911	0.02467	0.01075	0.00479	0.00152	0.00235	0.00960	0.20608	0.00373
29	0.01062	0.14924	0.07046	0.03197	0.04351	0.08881	0.02838	0.04406	0.18054	0.01410	0.00941	0.01015	0.00747	0.00411	0.00362	0.00103	0.00439	0.00323	0.00273	0.29218
30	0.04797	0.00818	0.01029	0.00802	0.01106	0.00791	0.02845	0.19944	0.03252	0.45318	0.11037	0.01508	0.01292	0.00550	0.00429	0.00130	0.00374	0.00450	0.00468	0.03063
31	0.00539	0.00388	0.00487	0.00548	0.00593	0.00359	0.00368	0.00608	0.00830	0.01090	0.06789	0.55759	0.15383	0.10230	0.00747	0.03264	0.00261	0.01043	0.00377	0.00336
32	0.00612	0.00539	0.04823	0.00668	0.02187	0.00460	0.00493	0.03820	0.03977	0.01241	0.07753	0.59891	0.09607	0.01154	0.00519	0.00162	0.00277	0.01032	0.00388	0.00398
33	0.01256	0.15709	0.05818	0.02669	0.19794	0.15750	0.06087	0.08111	0.05753	0.08290	0.00878	0.00991	0.00687	0.00432	0.00423	0.00121	0.03198	0.00345	0.00264	0.03423

[dist]
# distance from previous block
# <min> <max>
0	1

[block]
# block no. 5 follows, 62 sequences, length 59
# corresponding to MSA columns:
# 874-932
name=unknown_F
#
# <colnr> <probs for GDERKNQSTAVLIFYWHMCP>
#	G	D	E	R	K	N	Q	S	T	A	V	L	I	F	Y	W	H	M	C	P
0	0.03675	0.02817	0.03794	0.00999	0.09434	0.02396	0.04701	0.04965	0.13606	0.01495	0.04028	0.01109	0.00858	0.00432	0.00437	0.00106	0.05792	0.00348	0.00282	0.38726
1	0.03205	0.04494	0.01432	0.05722	0.21674	0.21875	0.05260	0.14673	0.05913	0.01480	0.00830	0.00996	0.00668	0.00515	0.02088	0.00140	0.07830	0.00358	0.00259	0.00587
2	0.00570	0.00384	0.00504	0.00586	0.00627	0.00356	0.00397	0.00652	0.00835	0.03661	0.02366	0.76674	0.05569	0.01273	0.00530	0.00168	0.00248	0.01149	0.03092	0.00360
3	0.01809	0.01058	0.10841	0.07370	0.06020	0.06565	0.03514	0.04687	0.18579	0.03311	0.13819	0.04668	0.01374	0.00613	0.00593	0.00145	0.13689	0.00482	0.00315	0.00550
4	0.00843	0.04165	0.22214	0.00841	0.01143	0.00851	0.00815	0.01486	0.32907	0.01450	0.03753	0.10304	0.14801	0.00730	0.01665	0.00150	0.00397	0.00578	0.00345	0.00561
5	0.00546	0.00420	0.00499	0.00506	0.00608	0.00373	0.00370	0.00684	0.01031	0.01359	0.35033	0.20583	0.34358	0.01048	0.00511	0.00146	0.00216	0.00912	0.00424	0.00373
6	0.01394	0.29132	0.01525	0.02831	0.01262	0.52266	0.00791	0.01518	0.01070	0.01028	0.00653	0.00776	0.00564	0.00499	0.02916	0.00122	0.00672	0.00267	0.00207	0.00507
7	0.00523	0.00373	0.00494	0.00588	0.00613	0.00348	0.00391	0.00596	0.00814	0.01087	0.03428	0.81060	0.02791	0.03950	0.00593	0.00180	0.00251	0.01185	0.00392	0.00344
8	0.01591	0.01317	0.01241	0.00984	0.01297	0.15618	0.00798	0.65013	0.01832	0.02366	0.00968	0.00992	0.00703	0.00498	0.00415	0.00124	0.00513	0.00364	0.02691	0.00675
9	0.01138	0.85302	0.02230	0.00728	0.01092	0.01684	0.00728	0.01274	0.00865	0.01001	0.00592	0.00683	0.00546	0.00364	0.00273	0.00091	0.00455	0.00228	0.00182	0.00546
10	0.01589	0.02028	0.01206	0.01096	0.01315	0.83338	0.00822	0.01699	0.01206	0.01041	0.00658	0.00767	0.00548	0.00438	0.00384	0.00110	0.00767	0.00274	0.00219	0.00493
11	0.01909	0.00724	0.00987	0.00757	0.01086	0.00625	0.00625	0.02074	0.01218	0.82687	0.01679	0.01448	0.01053	0.00527	0.00428	0.00132	0.00362	0.00428	0.00527	0.00724
12	0.00618	0.00414	0.00472	0.00472	0.00475	0.00417	0.00268	0.00624	0.00621	0.00831	0.01333	0.02744	0.01530	0.82094	0.05094	0.00422	0.00439	0.00613	0.00257	0.00262
13	0.88052	0.00823	0.00625	0.00560	0.00823	0.00955	0.00461	0.01251	0.00724	0.01909	0.00592	0.00691	0.00461	0.00395	0.00263	0.00132	0.00329	0.00230	0.00263	0.00461
14	0.22075	0.00568	0.00620	0.00632	0.02937	0.00551	0.00449	0.00857	0.00826	0.01362	0.03245	0.40707	0.07619	0.00883	0.00430	0.00141	0.00282	0.00759	0.00336	0.14722
15	0.01148	0.01157	0.01325	0.38264	0.02090	0.23482	0.08896	0.01478	0.09436	0.07269	0.00911	0.01106	0.00683	0.00446	0.00423	0.00133	0.00597	0.00376	0.00251	0.00528
16	0.07658	0.00876	0.00923	0.00802	0.01047	0.00982	0.00637	0.15932	0.45705	0.06241	0.02367	0.01517	0.01160	0.00560	0.00410	0.00136	0.00346	0.02571	0.09498	0.00630
17	0.01001	0.00731	0.03298	0.00912	0.03739	0.00643	0.16518	0.03659	0.01100	0.19574	0.18023	0.02381	0.22504	0.00778	0.03048	0.00154	0.00402	0.00627	0.00387	0.00521
18	0.01193	0.31443	0.22290	0.01051	0.08220	0.01143	0.04026	0.01448	0.00960	0.17665	0.00893	0.00954	0.00667	0.00405	0.00362	0.00114	0.00486	0.00315	0.00259	0.06108
19	0.01010	0.00826	0.01077	0.00786	0.01151	0.00692	0.08507	0.09482	0.01034	0.05538	0.02725	0.02237	0.00772	0.00378	0.00358	0.00084	0.00370	0.00325	0.00287	0.62361
20	0.00557	0.00405	0.00533	0.00616	0.00672	0.00381	0.00452	0.00666	0.00882	0.01159	0.05826	0.55886	0.10666	0.01254	0.00547	0.00173	0.00274	0.18295	0.00397	0.00359
21	0.00745	0.00917	0.21868	0.02525	0.01028	0.00577	0.00738	0.01010	0.01080	0.06569	0.42504	0.04412	0.09952	0.00759	0.00475	0.00138	0.00339	0.03508	0.00380	0.00476
22	0.01243	0.21521	0.07841	0.03937	0.04420	0.09461	0.02608	0.03864	0.01013	0.17210	0.02023	0.00994	0.00724	0.00426	0.00400	0.00108	0.03631	0.00319	0.00281	0.17977
23	0.00606	0.00418	0.00517	0.00527	0.00547	0.00432	0.00334	0.00648	0.00654	0.00890	0.01402	0.11247	0.01573	0.57665	0.20328	0.00448	0.00559	0.00645	0.00266	0.00295
24	0.00516	0.00381	0.00483	0.00564	0.00610	0.00348	0.00382	0.00596	0.00842	0.01097	0.02688	0.70702	0.16660	0.01289	0.00536	0.00168	0.00241	0.01155	0.00395	0.00348
25	0.04236	0.00996	0.01198	0.03754	0.03747	0.01059	0.04048	0.39398	0.12067	0.21675	0.02643	0.01236	0.00917	0.00513	0.00426	0.00132	0.00431	0.00413	0.00424	0.00687
26	0.02855	0.01223	0.03042	0.05686	0.16052	0.17599	0.10217	0.15585	0.03013	0.12756	0.00935	0.01053	0.00700	0.00468	0.00496	0.00132	0.06902	0.00378	0.00297	0.00611
27	0.01352	0.01128	0.01182	0.01005	0.01154	0.20080	0.00813	0.01511	0.04036	0.23117	0.00929	0.01058	0.00718	0.00609	0.00864	0.00152	0.39078	0.00369	0.00295	0.00550
28	0.00732	0.00607	0.00804	0.14196	0.04239	0.00640	0.00617	0.01094	0.14600	0.01471	0.32700	0.10686	0.08777	0.00766	0.00489	0.00139	0.02014	0.00666	0.00379	0.04384
29	0.03107	0.01004	0.01057	0.00840	0.01121	0.10808	0.01852	0.13163	0.06290	0.04255	0.00863	0.00987	0.00693	0.00540	0.03296	0.00126	0.11639	0.00321	0.00285	0.37753
30	0.00534	0.00387	0.00482	0.00549	0.00588	0.00359	0.00364	0.00603	0.00813	0.01066	0.03997	0.59097	0.13710	0.14414	0.00791	0.00206	0.00268	0.01065	0.00375	0.00335
31	0.01002	0.01291	0.17774	0.13391	0.12938	0.02670	0.34163	0.06001	0.03926	0.01410	0.00856	0.01085	0.00644	0.00398	0.00452	0.00138	0.00623	0.00419	0.00224	0.00594
32	0.00840	0.00886	0.06329	0.00947	0.01036	0.01034	0.00811	0.01057	0.06819	0.01195	0.10510	0.01640	0.11219	0.00796	0.02039	0.00174	0.51445	0.00489	0.00263	0.00470
33	0.00521	0.00371	0.00493	0.00589	0.00613	0.00347	0.00391	0.00593	0.00809	0.01079	0.02318	0.82585	0.02781	0.03562	0.00586	0.00179	0.00251	0.01194	0.00391	0.00343
34	0.00699	0.00611	0.00911	0.10756	0.20522	0.00629	0.00719	0.00871	0.00870	0.01153	0.02092	0.07401	0.26690	0.01411	0.22458	0.00284	0.00573	0.00615	0.00283	0.00453
35	0.00518	0.00370	0.00494	0.00592	0.00617	0.00346	0.00395	0.00592	0.00815	0.01086	0.02345	0.84768	0.02814	0.01333	0.00543	0.00173	0.00247	0.01210	0.00395	0.00346
36	0.01570	0.01605	0.01200	0.01026	0.01284	0.47043	0.00799	0.24935	0.06435	0.06826	0.00895	0.00940	0.00679	0.00481	0.00425	0.00120	0.02508	0.00331	0.00312	0.00586
37	0.01589	0.02028	0.01206	0.01096	0.01315	0.83338	0.00822	0.01699	0.01206	0.01041	0.00658	0.00767	0.00548	0.00438	0.00384	0.00110	0.00767	0.00274	0.00219	0.00493
38	0.01589	0.02028	0.01206	0.01096	0.01315	0.83338	0.00822	0.01699	0.01206	0.01041	0.00658	0.00767	0.00548	0.00438	0.00384	0.00110	0.00767	0.00274	0.00219	0.00493
39	0.88052	0.00823	0.00625	0.00560	0.00823	0.00955	0.00461	0.01251	0.00724	0.01909	0.00592	0.00691	0.00461	0.00395	0.00263	0.00132	0.00329	0.00230	0.00263	0.00461
40	0.00570	0.00406	0.00549	0.00644	0.00689	0.00390	0.00475	0.00678	0.00857	0.01133	0.02287	0.58886	0.02668	0.03910	0.00607	0.00187	0.00294	0.24024	0.00390	0.00356
41	0.88052	0.00823	0.00625	0.00560	0.00823	0.00955	0.00461	0.01251	0.00724	0.01909	0.00592	0.00691	0.00461	0.00395	0.00263	0.00132	0.00329	0.00230	0.00263	0.00461
42	0.00833	0.00709	0.00825	0.00611	0.00951	0.00539	0.00484	0.01011	0.00893	0.01363	0.02788	0.04399	0.07246	0.00426	0.00343	0.00075	0.00302	0.00351	0.00273	0.75579
43	0.04444	0.00915	0.12762	0.00866	0.03168	0.00777	0.02528	0.05384	0.02563	0.21467	0.01238	0.04945	0.02146	0.20125	0.00992	0.02536	0.11832	0.00476	0.00319	0.00517
44	0.32560	0.00750	0.00843	0.00677	0.00976	0.00736	0.00558	0.01751	0.01033	0.51727	0.01284	0.01182	0.00843	0.00479	0.00366	0.00131	0.00346	0.00357	0.02779	0.00622
45	0.81347	0.00832	0.00664	0.00583	0.00852	0.00954	0.00480	0.04160	0.00791	0.05301	0.00653	0.00735	0.00495	0.00405	0.00276	0.00132	0.00336	0.00244	0.00280	0.00481
46	0.01151	0.01025	0.14993	0.03908	0.03054	0.00844	0.00810	0.08339	0.23796	0.19195	0.04494	0.01822	0.11031	0.00611	0.00441	0.00139	0.00398	0.02939	0.00391	0.00617
47	0.00721	0.00569	0.00825	0.22289	0.06760	0.00602	0.00683	0.01999	0.02262	0.03452	0.12349	0.22636	0.10914	0.02459	0.01968	0.00164	0.00371	0.05513	0.03031	0.00434
48	0.00533	0.00431	0.00473	0.00465	0.00594	0.00371	0.00348	0.00667	0.01037	0.01313	0.27305	0.05252	0.57681	0.01021	0.00503	0.00141	0.00212	0.00866	0.00417	0.00371
49	0.26859	0.00780	0.00900	0.00713	0.01024	0.00762	0.00588	0.06480	0.01121	0.54564	0.01325	0.01204	0.00862	0.00488	0.00380	0.00131	0.00359	0.00368	0.00444	0.00648
50	0.10822	0.25063	0.14824	0.07582	0.16233	0.09751	0.05368	0.01350	0.03052	0.01281	0.00722	0.00879	0.00586	0.00395	0.00360	0.00119	0.00531	0.00308	0.00209	0.00567
51	0.01842	0.00776	0.01009	0.00776	0.01101	0.00709	0.00640	0.12219	0.01310	0.70224	0.01586	0.01397	0.01012	0.00524	0.00424	0.00130	0.00371	0.00421	0.02812	0.00715
52	0.00518	0.00370	0.00494	0.00592	0.00617	0.00346	0.00395	0.00592	0.00815	0.01086	0.02345	0.84768	0.02814	0.01333	0.00543	0.00173	0.00247	0.01210	0.00395	0.00346
53	0.00907	0.00860	0.08978	0.00864	0.02859	0.00788	0.05535	0.14812	0.10774	0.02367	0.03627	0.08944	0.04220	0.18246	0.12138	0.00271	0.02444	0.00555	0.00317	0.00495
54	0.01112	0.03350	0.32675	0.05321	0.14004	0.04275	0.08687	0.03270	0.05097	0.13121	0.00972	0.01119	0.00716	0.00447	0.00449	0.00135	0.02889	0.01474	0.00262	0.00626
55	0.00852	0.00687	0.00697	0.00707	0.00809	0.10717	0.00507	0.09803	0.01018	0.05885	0.01951	0.60307	0.02201	0.01085	0.00504	0.00158	0.00342	0.00957	0.00384	0.00428
56	0.07566	0.00797	0.01067	0.00839	0.01116	0.00799	0.03579	0.07293	0.01140	0.54977	0.01364	0.01292	0.00909	0.00586	0.02005	0.00148	0.11762	0.00407	0.01699	0.00655
57	0.01232	0.06583	0.09710	0.03762	0.19222	0.00913	0.13481	0.06144	0.01088	0.22732	0.04812	0.04540	0.01021	0.00502	0.00437	0.00133	0.00483	0.02254	0.00324	0.00624
58	0.02829	0.01117	0.01230	0.08330	0.24188	0.22117	0.01824	0.02943	0.01036	0.11867	0.01161	0.11272	0.03457	0.00573	0.00470	0.00133	0.04140	0.00474	0.00285	0.00554

[dist]
# distance from previous block
# <min> <max>
2	33

[block]
# block no. 6 follows, 62 sequences, length 30
# corresponding to MSA columns:
# 966-995
name=unknown_G
#
# <colnr> <probs for GDERKNQSTAVLIFYWHMCP>
#	G	D	E	R	K	N	Q	S	T	A	V	L	I	F	Y	W	H	M	C	P
0	0.02431	0.03550	0.05772	0.04523	0.20185	0.00788	0.02036	0.06523	0.05016	0.03045	0.22415	0.03274	0.07108	0.00595	0.00448	0.00126	0.01676	0.00514	0.00326	0.09649
1	0.01210	0.02595	0.01071	0.00797	0.01132	0.02388	0.00650	0.36763	0.03310	0.01941	0.01106	0.01152	0.05648	0.00465	0.00396	0.00102	0.01716	0.00357	0.00340	0.36860
2	0.01143	0.13211	0.01266	0.05789	0.06639	0.13344	0.02207	0.16999	0.03665	0.03250	0.01031	0.07310	0.00929	0.02913	0.08891	0.00188	0.03218	0.02588	0.00286	0.05134
3	0.00518	0.00370	0.00494	0.00592	0.00617	0.00346	0.00395	0.00592	0.00815	0.01086	0.02345	0.84768	0.02814	0.01333	0.00543	0.00173	0.00247	0.01210	0.00395	0.00346
4	0.00878	0.01507	0.40790	0.27122	0.14337	0.00983	0.03269	0.01290	0.03434	0.01287	0.00800	0.01023	0.00595	0.00411	0.00417	0.00136	0.00584	0.00354	0.00196	0.00587
5	0.00985	0.00822	0.00932	0.00895	0.05708	0.00913	0.00653	0.07400	0.51780	0.01793	0.19840	0.03280	0.01862	0.00640	0.00449	0.00140	0.00323	0.00546	0.00427	0.00610
6	0.00579	0.00424	0.00498	0.00489	0.00565	0.00392	0.00336	0.00687	0.00943	0.01260	0.33616	0.06542	0.22783	0.27856	0.01036	0.00227	0.00274	0.00771	0.00380	0.00343
7	0.00558	0.00465	0.00526	0.00505	0.00627	0.00433	0.00385	0.00690	0.01012	0.01292	0.25139	0.03638	0.55650	0.00999	0.00562	0.00144	0.05769	0.00828	0.00401	0.00378
8	0.00783	0.00399	0.00406	0.00404	0.00503	0.00397	0.00303	0.00981	0.00909	0.01593	0.05800	0.01673	0.01250	0.00516	0.00309	0.00101	0.00198	0.00417	0.82660	0.00397
9	0.88052	0.00823	0.00625	0.00560	0.00823	0.00955	0.00461	0.01251	0.00724	0.01909	0.00592	0.00691	0.00461	0.00395	0.00263	0.00132	0.00329	0.00230	0.00263	0.00461
10	0.00804	0.00756	0.01276	0.84023	0.02931	0.00945	0.01182	0.01087	0.00851	0.01087	0.00756	0.01134	0.00567	0.00425	0.00425	0.00142	0.00567	0.00378	0.00189	0.00473
11	0.01589	0.02028	0.01206	0.01096	0.01315	0.83338	0.00822	0.01699	0.01206	0.01041	0.00658	0.00767	0.00548	0.00438	0.00384	0.00110	0.00767	0.00274	0.00219	0.00493
12	0.00804	0.00756	0.01276	0.84023	0.02931	0.00945	0.01182	0.01087	0.00851	0.01087	0.00756	0.01134	0.00567	0.00425	0.00425	0.00142	0.00567	0.00378	0.00189	0.00473
13	0.00545	0.00380	0.00501	0.00594	0.00628	0.00358	0.00409	0.00635	0.00830	0.01128	0.02284	0.74670	0.02690	0.01274	0.00532	0.00170	0.00254	0.06341	0.05428	0.00352
14	0.00863	0.02131	0.77530	0.01251	0.01867	0.00994	0.06813	0.01349	0.00905	0.01349	0.00770	0.00915	0.00546	0.00401	0.00411	0.00135	0.00635	0.00327	0.00182	0.00625
15	0.01486	0.09706	0.01265	0.01019	0.01257	0.59825	0.00796	0.08226	0.02804	0.03023	0.00831	0.01078	0.00714	0.00491	0.00392	0.00116	0.00670	0.05526	0.00255	0.00519
16	0.74140	0.00905	0.06095	0.00621	0.00915	0.00926	0.00550	0.01335	0.00782	0.09511	0.00707	0.00777	0.00522	0.00408	0.00288	0.00132	0.00352	0.00255	0.00283	0.00497
17	0.06345	0.01161	0.01235	0.00951	0.01287	0.01284	0.00786	0.74879	0.01914	0.04404	0.01013	0.01013	0.00717	0.00505	0.00417	0.00128	0.00458	0.00376	0.00419	0.00709
18	0.01187	0.00657	0.00844	0.00775	0.00983	0.00642	0.00652	0.09419	0.05937	0.27841	0.04881	0.03053	0.05327	0.00847	0.00504	0.00161	0.00372	0.34926	0.00444	0.00549
19	0.05896	0.02550	0.08695	0.03210	0.10109	0.10635	0.03851	0.03004	0.10604	0.13624	0.02281	0.08845	0.02472	0.00536	0.00410	0.00125	0.00447	0.00448	0.00318	0.11940
20	0.01479	0.02514	0.02503	0.00783	0.01034	0.00730	0.00652	0.07004	0.01098	0.48688	0.02429	0.01435	0.01018	0.02189	0.15909	0.00241	0.07393	0.00426	0.01859	0.00618
21	0.00673	0.00373	0.00531	0.00556	0.00563	0.00367	0.00366	0.00570	0.00626	0.00835	0.01200	0.22671	0.01337	0.08632	0.01421	0.57855	0.00342	0.00605	0.00245	0.00232
22	0.14402	0.00780	0.00948	0.00743	0.01052	0.00746	0.00612	0.11432	0.01240	0.56960	0.05650	0.01376	0.01082	0.00523	0.00407	0.00131	0.00362	0.00411	0.00473	0.00669
23	0.00957	0.02481	0.04425	0.13363	0.39910	0.00825	0.01004	0.01181	0.00969	0.08022	0.06557	0.09159	0.08177	0.00578	0.00442	0.00135	0.00438	0.00524	0.00281	0.00570
24	0.22604	0.00743	0.00850	0.00702	0.00979	0.00744	0.00571	0.01775	0.11927	0.43728	0.03764	0.01389	0.01049	0.00575	0.02121	0.00145	0.00356	0.01449	0.03911	0.00619
25	0.00581	0.00409	0.00509	0.00538	0.00567	0.00411	0.00349	0.00636	0.00707	0.00948	0.01768	0.26113	0.06601	0.41675	0.15943	0.00376	0.00482	0.00776	0.00300	0.00310
26	0.03107	0.01025	0.09109	0.16587	0.19737	0.00938	0.05516	0.11273	0.04002	0.22838	0.01079	0.01170	0.00763	0.00451	0.00424	0.00133	0.00489	0.00394	0.00322	0.00642
27	0.01458	0.00924	0.02590	0.00893	0.04427	0.11152	0.02123	0.10698	0.02908	0.37926	0.07197	0.13116	0.01381	0.00641	0.00444	0.00135	0.00415	0.00536	0.00426	0.00611
28	0.00970	0.01004	0.01319	0.01126	0.01160	0.07398	0.04099	0.01074	0.00712	0.01041	0.00634	0.03563	0.00632	0.00725	0.01258	0.00178	0.72045	0.00397	0.00196	0.00468
29	0.24516	0.03304	0.03918	0.07320	0.18822	0.11967	0.02066	0.06897	0.05057	0.08603	0.00853	0.00965	0.00650	0.00425	0.00369	0.00126	0.00475	0.00327	0.00277	0.03063

[dist]
# distance from previous block
# <min> <max>
0	1

[block]
# block no. 7 follows, 62 sequences, length 20
# corresponding to MSA columns:
# 997-1016
name=unknown_H
#
# <colnr> <probs for GDERKNQSTAVLIFYWHMCP>
#	G	D	E	R	K	N	Q	S	T	A	V	L	I	F	Y	W	H	M	C	P
0	0.35780	0.10727	0.10231	0.02987	0.11913	0.04458	0.00810	0.09677	0.04540	0.01669	0.00768	0.02174	0.00617	0.00433	0.00355	0.00128	0.01611	0.00309	0.00260	0.00554
1	0.00537	0.00393	0.00505	0.00568	0.00622	0.00361	0.00395	0.00642	0.00911	0.01216	0.17788	0.57932	0.12234	0.01211	0.00532	0.00163	0.00238	0.02985	0.00409	0.00359
2	0.00940	0.00992	0.06561	0.12788	0.30527	0.00965	0.13316	0.01333	0.11418	0.01381	0.06021	0.01405	0.04801	0.00493	0.00497	0.00138	0.05124	0.00455	0.00258	0.00586
3	0.00916	0.01452	0.36423	0.01003	0.02449	0.06108	0.02212	0.05269	0.14002	0.01503	0.15303	0.01578	0.05543	0.00568	0.00471	0.00137	0.03735	0.00458	0.00298	0.00572
4	0.00581	0.00431	0.00541	0.00520	0.00624	0.00392	0.00388	0.00760	0.01146	0.01581	0.64925	0.07139	0.17543	0.00928	0.00504	0.00137	0.00205	0.00812	0.00452	0.00392
5	0.00954	0.00904	0.01535	0.40806	0.38370	0.00994	0.04935	0.04068	0.00952	0.01293	0.00790	0.01095	0.00624	0.00405	0.00427	0.00134	0.00543	0.00385	0.00208	0.00576
6	0.00614	0.00439	0.00604	0.00702	0.00769	0.00428	0.00562	0.00758	0.00909	0.01194	0.02292	0.38851	0.02604	0.01243	0.00569	0.00186	0.00330	0.46179	0.00393	0.00372
7	0.00745	0.00590	0.00781	0.00794	0.07862	0.00582	0.00541	0.03023	0.05756	0.01350	0.22554	0.02006	0.01806	0.12114	0.22874	0.00305	0.00540	0.00519	0.00315	0.14943
8	0.01004	0.01148	0.02511	0.01793	0.02224	0.01076	0.80846	0.01363	0.01004	0.01363	0.00861	0.01148	0.00646	0.00359	0.00502	0.00143	0.00717	0.00502	0.00215	0.00574
9	0.01589	0.02028	0.01206	0.01096	0.01315	0.83338	0.00822	0.01699	0.01206	0.01041	0.00658	0.00767	0.00548	0.00438	0.00384	0.00110	0.00767	0.00274	0.00219	0.00493
10	0.75910	0.10232	0.00823	0.00590	0.00867	0.01046	0.00500	0.03533	0.00776	0.01830	0.00605	0.00700	0.00478	0.00395	0.00269	0.00127	0.00347	0.00234	0.00259	0.00478
11	0.00510	0.00430	0.00433	0.00433	0.00568	0.00363	0.00319	0.00611	0.00947	0.01129	0.04121	0.04011	0.77079	0.06428	0.00609	0.00161	0.00228	0.00880	0.00386	0.00353
12	0.00788	0.00729	0.01217	0.76992	0.02735	0.00905	0.01115	0.01053	0.00834	0.01072	0.00797	0.01229	0.00630	0.04252	0.03848	0.00176	0.00584	0.00392	0.00194	0.00460
13	0.00999	0.01061	0.05003	0.01099	0.01445	0.09970	0.25203	0.04439	0.01015	0.01375	0.01001	0.01515	0.00884	0.00476	0.00427	0.00117	0.00519	0.11626	0.00261	0.31562
14	0.01102	0.09068	0.39283	0.04266	0.11428	0.04962	0.02314	0.05314	0.00993	0.10688	0.00854	0.00975	0.00628	0.00440	0.00463	0.00132	0.05895	0.00338	0.00239	0.00619
15	0.88052	0.00823	0.00625	0.00560	0.00823	0.00955	0.00461	0.01251	0.00724	0.01909	0.00592	0.00691	0.00461	0.00395	0.00263	0.00132	0.00329	0.00230	0.00263	0.00461
16	0.00580	0.00430	0.00479	0.00469	0.00586	0.00375	0.00343	0.00665	0.00944	0.02877	0.15424	0.03513	0.54927	0.06006	0.00728	0.09890	0.00245	0.00794	0.00377	0.00348
17	0.01278	0.10338	0.05095	0.06068	0.03289	0.01011	0.01965	0.25858	0.07838	0.14999	0.09231	0.02925	0.01192	0.00547	0.00419	0.00127	0.00418	0.02583	0.00376	0.04445
18	0.01146	0.00914	0.02574	0.02199	0.09482	0.06447	0.01784	0.01434	0.10700	0.17096	0.01206	0.06184	0.03027	0.00582	0.00622	0.00135	0.18384	0.00436	0.01563	0.14085
19	0.00516	0.00378	0.00486	0.00572	0.00612	0.00347	0.00386	0.00595	0.00834	0.01094	0.02596	0.74485	0.12936	0.01301	0.00538	0.00169	0.00243	0.01170	0.00395	0.00347

[dist]
# distance from previous block
# <min> <max>
0	1

[block]
# block no. 8 follows, 62 sequences, length 25
# corresponding to MSA columns:
# 1018-1042
name=unknown_I
#
# <colnr> <probs for GDERKNQSTAVLIFYWHMCP>
#	G	D	E	R	K	N	Q	S	T	A	V	L	I	F	Y	W	H	M	C	P
0	0.02179	0.02379	0.08296	0.06222	0.04671	0.05932	0.02690	0.20453	0.07420	0.09641	0.03225	0.07536	0.04452	0.00623	0.00500	0.00140	0.05940	0.04113	0.03010	0.00578
1	0.03807	0.07851	0.18041	0.07134	0.10306	0.07306	0.04062	0.04659	0.08069	0.06492	0.02470	0.01132	0.00786	0.00741	0.08776	0.00188	0.06980	0.00373	0.00256	0.00570
2	0.82443	0.00847	0.00668	0.00587	0.00855	0.00978	0.00483	0.06424	0.00807	0.01959	0.00620	0.00713	0.00478	0.00402	0.00274	0.00131	0.00338	0.00240	0.00274	0.00478
3	0.00520	0.00374	0.00490	0.00582	0.00612	0.00348	0.00389	0.00594	0.00818	0.01084	0.02418	0.79113	0.06593	0.03147	0.00577	0.00177	0.00249	0.01182	0.00392	0.00344
4	0.01357	0.00933	0.01247	0.13174	0.11188	0.02497	0.04634	0.24940	0.03864	0.20458	0.03798	0.01255	0.00903	0.00498	0.00456	0.00132	0.03083	0.00412	0.04539	0.00634
5	0.02705	0.05376	0.02318	0.02847	0.11664	0.08648	0.04193	0.02900	0.00857	0.05645	0.00938	0.04404	0.02190	0.06605	0.06412	0.00203	0.28815	0.00426	0.02356	0.00498
6	0.01286	0.01043	0.00851	0.00755	0.00952	0.28154	0.01746	0.01485	0.04543	0.18383	0.01360	0.04536	0.04066	0.00539	0.00380	0.00117	0.00439	0.00418	0.28439	0.00509
7	0.01176	0.03245	0.03299	0.04980	0.21761	0.03548	0.02013	0.14683	0.11083	0.08406	0.01030	0.02515	0.00802	0.00444	0.00399	0.00116	0.00437	0.00376	0.00310	0.19377
8	0.09814	0.13591	0.16107	0.02138	0.17301	0.17654	0.04252	0.03282	0.02529	0.05454	0.00799	0.02039	0.00641	0.00429	0.00400	0.00123	0.02301	0.00330	0.00235	0.00579
9	0.00517	0.00375	0.00489	0.00580	0.00614	0.00347	0.00390	0.00594	0.00827	0.01091	0.02495	0.78606	0.08880	0.01314	0.00540	0.00171	0.00244	0.01186	0.00395	0.00347
10	0.05356	0.03644	0.34745	0.12357	0.10290	0.01007	0.17787	0.01330	0.04769	0.01355	0.00859	0.03075	0.00667	0.00425	0.00423	0.00137	0.00583	0.00392	0.00213	0.00586
11	0.00649	0.00570	0.03246	0.00628	0.00753	0.00554	0.00504	0.00894	0.06999	0.01406	0.36397	0.04101	0.21069	0.01190	0.11703	0.00216	0.07624	0.00694	0.00382	0.00421
12	0.00528	0.00385	0.00489	0.00561	0.00603	0.00355	0.00378	0.00610	0.00846	0.01117	0.07534	0.64403	0.12722	0.06558	0.00638	0.00182	0.00251	0.01106	0.00391	0.00345
13	0.01151	0.82753	0.02198	0.00739	0.01099	0.04183	0.00731	0.01287	0.00875	0.01002	0.00594	0.00685	0.00546	0.00366	0.00276	0.00092	0.00465	0.00229	0.00183	0.00544
14	0.00529	0.00378	0.00506	0.00605	0.00634	0.00355	0.00413	0.00611	0.00825	0.01098	0.02339	0.79733	0.02791	0.01323	0.00546	0.00174	0.00256	0.06141	0.00395	0.00349
15	0.01017	0.01185	0.09274	0.01643	0.02067	0.01017	0.66981	0.01354	0.00983	0.04715	0.00881	0.01146	0.00658	0.00421	0.00544	0.04168	0.00679	0.00477	0.00224	0.00567
16	0.01138	0.85302	0.02230	0.00728	0.01092	0.01684	0.00728	0.01274	0.00865	0.01001	0.00592	0.00683	0.00546	0.00364	0.00273	0.00091	0.00455	0.00228	0.00182	0.00546
17	0.01589	0.02028	0.01206	0.01096	0.01315	0.83338	0.00822	0.01699	0.01206	0.01041	0.00658	0.00767	0.00548	0.00438	0.00384	0.00110	0.00767	0.00274	0.00219	0.00493
18	0.01102	0.00904	0.00963	0.00860	0.01105	0.01036	0.00671	0.02251	0.77521	0.05907	0.01729	0.01580	0.01286	0.00575	0.00433	0.00144	0.00338	0.00478	0.00438	0.00676
19	0.00758	0.00456	0.00542	0.00520	0.00587	0.00437	0.00342	0.00808	0.00760	0.10831	0.01839	0.05405	0.12568	0.54082	0.05518	0.00340	0.00408	0.03140	0.00316	0.00341
20	0.06964	0.00968	0.00966	0.00861	0.01107	0.04487	0.00672	0.06185	0.68772	0.01804	0.01574	0.01464	0.01182	0.00556	0.00419	0.00141	0.00361	0.00451	0.00412	0.00654
21	0.00941	0.00866	0.08409	0.03417	0.19200	0.00760	0.03155	0.03113	0.11466	0.08881	0.06131	0.16194	0.06682	0.02778	0.01441	0.00152	0.01607	0.00598	0.00332	0.03876
22	0.02417	0.06899	0.12446	0.09232	0.15633	0.04410	0.04285	0.07570	0.13821	0.02387	0.02124	0.08815	0.01053	0.00572	0.00454	0.00139	0.02416	0.04462	0.00288	0.00577
23	0.70264	0.00816	0.00706	0.00604	0.00882	0.00905	0.00497	0.03645	0.00841	0.14633	0.00779	0.00824	0.00565	0.00417	0.00295	0.00130	0.00338	0.00266	0.00309	0.02282
24	0.04065	0.03072	0.02909	0.00907	0.01240	0.01024	0.04810	0.39525	0.03654	0.28917	0.01237	0.01187	0.00843	0.00500	0.00416	0.00128	0.00430	0.00398	0.04050	0.00687

[dist]
# distance from previous block
# <min> <max>
0	4

[block]
# block no. 9 follows, 62 sequences, length 11
# corresponding to MSA columns:
# 1047-1057
name=unknown_J
#
# <colnr> <probs for GDERKNQSTAVLIFYWHMCP>
#	G	D	E	R	K	N	Q	S	T	A	V	L	I	F	Y	W	H	M	C	P
0	0.00966	0.00879	0.07039	0.21900	0.18682	0.00833	0.03846	0.06533	0.04407	0.08360	0.06658	0.06920	0.08085	0.02445	0.00484	0.00144	0.00452	0.00516	0.00300	0.00549
1	0.01520	0.00712	0.00948	0.00830	0.05639	0.00658	0.00628	0.03411	0.06149	0.53980	0.08764	0.01838	0.09756	0.00613	0.00465	0.00135	0.02331	0.00505	0.00474	0.00646
2	0.00552	0.00389	0.00501	0.00564	0.00611	0.00360	0.00388	0.00617	0.00841	0.01107	0.08370	0.54386	0.14048	0.03466	0.00687	0.08658	0.00260	0.03486	0.00376	0.00335
3	0.01752	0.00777	0.00998	0.00780	0.01094	0.00726	0.00639	0.10195	0.08270	0.64080	0.04914	0.01487	0.01162	0.00543	0.00431	0.00132	0.00364	0.00442	0.00506	0.00706
4	0.03727	0.10773	0.15477	0.06490	0.22521	0.06344	0.04866	0.09080	0.03377	0.10666	0.00956	0.01069	0.01921	0.00434	0.00401	0.00126	0.00517	0.00362	0.00269	0.00623
5	0.02886	0.00721	0.00839	0.00709	0.00923	0.04231	0.00566	0.07746	0.06325	0.29505	0.24484	0.02109	0.07605	0.00680	0.00488	0.00135	0.03764	0.02165	0.03561	0.00560
6	0.00633	0.00425	0.00549	0.00590	0.00666	0.00396	0.00421	0.00763	0.02337	0.06219	0.15373	0.51603	0.11190	0.01212	0.02716	0.00175	0.00273	0.03661	0.00411	0.00388
7	0.07233	0.05500	0.01058	0.03425	0.05845	0.00799	0.01837	0.09663	0.03036	0.06713	0.04832	0.01132	0.02685	0.00424	0.00378	0.00098	0.01987	0.00337	0.00297	0.42721
8	0.15645	0.01039	0.01090	0.03543	0.03956	0.12787	0.06593	0.19395	0.05572	0.03679	0.07643	0.02461	0.06717	0.01895	0.00487	0.00138	0.04737	0.00438	0.01644	0.00542
9	0.00720	0.00371	0.00547	0.00553	0.00554	0.00370	0.00366	0.00559	0.00573	0.00764	0.00863	0.06494	0.00901	0.04965	0.01615	0.78590	0.00364	0.00432	0.00201	0.00198
