[name]
unknown

[dist]
# distance from previous block
# <min> <max>
6	87

[block]
# block no. 0 follows, 85 sequences, length 41
# corresponding to MSA columns:
# 124-164
name=unknown_A
#
# <colnr> <probs for GDERKNQSTAVLIFYWHMCP>
#	G	D	E	R	K	N	Q	S	T	A	V	L	I	F	Y	W	H	M	C	P
0	0.00880	0.55110	0.07496	0.00646	0.00919	0.10565	0.03677	0.03934	0.00738	0.00879	0.00607	0.00717	0.02875	0.03357	0.00299	0.00086	0.00386	0.00225	0.00163	0.06441
1	0.01183	0.01482	0.00908	0.00818	0.00993	0.78756	0.00613	0.01270	0.00912	0.00827	0.00534	0.00650	0.00454	0.02810	0.00335	0.00090	0.00568	0.00220	0.00174	0.06403
2	0.59549	0.00684	0.00623	0.00524	0.00745	0.00763	0.00430	0.14946	0.05372	0.12606	0.00676	0.00697	0.00489	0.00344	0.00250	0.00103	0.00279	0.00230	0.00260	0.00429
3	0.84645	0.00639	0.00502	0.00441	0.00652	0.00725	0.00362	0.00967	0.00574	0.01464	0.00471	0.00550	0.00369	0.00304	0.00208	0.00099	0.00256	0.00181	0.00205	0.06385
4	0.00914	0.00735	0.00786	0.00674	0.00871	0.00830	0.00533	0.25361	0.52843	0.01571	0.06875	0.03306	0.01055	0.00465	0.00341	0.00109	0.00282	0.00382	0.01556	0.00514
5	0.00783	0.00565	0.00621	0.00542	0.00710	0.00588	0.00425	0.13431	0.27614	0.09981	0.12419	0.01884	0.25723	0.00579	0.00357	0.00108	0.00237	0.00481	0.02520	0.00433
6	0.00504	0.00321	0.00423	0.00466	0.00516	0.00294	0.00325	0.00579	0.00695	0.08217	0.08339	0.68511	0.06291	0.00948	0.00413	0.00129	0.00198	0.02209	0.00322	0.00300
7	0.27480	0.00582	0.00648	0.00521	0.00746	0.00570	0.00426	0.05815	0.00832	0.41803	0.03319	0.00956	0.00717	0.00375	0.00284	0.00097	0.00263	0.00283	0.07795	0.06488
8	0.00431	0.00358	0.00376	0.00376	0.00480	0.00320	0.00278	0.00572	0.06435	0.00949	0.08632	0.10050	0.65413	0.03308	0.00429	0.00120	0.00180	0.00687	0.00311	0.00296
9	0.01236	0.00728	0.00887	0.03110	0.08802	0.03693	0.00592	0.25619	0.06072	0.38633	0.03369	0.01020	0.00766	0.00405	0.00344	0.00102	0.01751	0.00324	0.02011	0.00533
10	0.55199	0.00633	0.00640	0.00551	0.00748	0.00699	0.05279	0.08795	0.03070	0.07116	0.00765	0.08531	0.00666	0.00470	0.02592	0.00119	0.00299	0.03193	0.00245	0.00391
11	0.03591	0.19052	0.16913	0.02139	0.11947	0.07316	0.03700	0.05704	0.02392	0.16510	0.00719	0.00771	0.00534	0.00327	0.00294	0.00091	0.00387	0.00257	0.00216	0.07138
12	0.02515	0.66238	0.02483	0.00619	0.02388	0.11298	0.00568	0.01975	0.01666	0.00836	0.00681	0.00737	0.06172	0.00333	0.00241	0.00078	0.00371	0.00224	0.00163	0.00416
13	0.00516	0.00376	0.00516	0.00500	0.02872	0.00379	0.05936	0.00566	0.00534	0.00740	0.01020	0.04867	0.01110	0.61627	0.11971	0.00308	0.00397	0.00463	0.05055	0.00247
14	0.00922	0.00515	0.00628	0.00540	0.00695	0.00518	0.00427	0.07265	0.10186	0.29112	0.07955	0.10039	0.11204	0.00557	0.00392	0.00108	0.06091	0.00454	0.11959	0.00432
15	0.00434	0.00337	0.00394	0.00383	0.00475	0.00297	0.00286	0.00555	0.00850	0.01123	0.46435	0.05212	0.40501	0.00763	0.00393	0.00109	0.00163	0.00656	0.00338	0.00297
16	0.00432	0.00327	0.00396	0.00423	0.00490	0.00297	0.00310	0.00526	0.00744	0.00968	0.19384	0.29029	0.29934	0.05600	0.00479	0.00133	0.00197	0.09733	0.00314	0.00282
17	0.01479	0.00585	0.00783	0.00601	0.00858	0.00518	0.00496	0.06128	0.00984	0.81924	0.01283	0.01113	0.00809	0.00411	0.00334	0.00103	0.00287	0.00332	0.00407	0.00565
18	0.61655	0.00676	0.00613	0.00515	0.00737	0.00753	0.00424	0.13413	0.03711	0.13795	0.00664	0.00687	0.00479	0.00341	0.00247	0.00103	0.00277	0.00226	0.00258	0.00425
19	0.00888	0.88522	0.01741	0.00569	0.00853	0.01315	0.00569	0.00995	0.00675	0.00782	0.00462	0.00533	0.00426	0.00284	0.00213	0.00071	0.00355	0.00178	0.00142	0.00426
20	0.00827	0.00714	0.00751	0.00676	0.00864	0.00827	0.00526	0.01766	0.85649	0.01390	0.01352	0.01240	0.01014	0.00451	0.00338	0.00113	0.00263	0.00376	0.00338	0.00526
21	0.00628	0.00591	0.00997	0.87523	0.02289	0.00738	0.00923	0.00849	0.00664	0.00849	0.00591	0.00886	0.00443	0.00332	0.00332	0.00111	0.00443	0.00295	0.00148	0.00369
22	0.00826	0.00818	0.01318	0.01041	0.02701	0.03242	0.30544	0.13392	0.00790	0.01097	0.00678	0.03212	0.01638	0.00458	0.00657	0.00124	0.34892	0.01957	0.00192	0.00422
23	0.01020	0.00763	0.00826	0.00673	0.00886	0.00841	0.00542	0.47209	0.23146	0.03390	0.11557	0.01182	0.02446	0.00454	0.00339	0.00103	0.00301	0.00364	0.03447	0.00510
24	0.01009	0.01020	0.19181	0.02917	0.01139	0.02412	0.06380	0.35227	0.16048	0.07816	0.02914	0.00925	0.00685	0.00387	0.00335	0.00104	0.00382	0.00316	0.00281	0.00521
25	0.65138	0.09828	0.11346	0.00528	0.00776	0.00806	0.00502	0.03435	0.00628	0.01367	0.00525	0.00655	0.00423	0.00326	0.00231	0.00101	0.00301	0.02499	0.00197	0.00388
26	0.00546	0.00405	0.00568	0.00559	0.00636	0.00459	0.00444	0.07430	0.00645	0.00904	0.00996	0.01590	0.00953	0.03711	0.67454	0.00447	0.00763	0.10962	0.00207	0.00318
27	0.12298	0.01063	0.00856	0.00726	0.00930	0.31190	0.00570	0.35008	0.03479	0.02267	0.03220	0.05473	0.00669	0.00412	0.00312	0.00098	0.00415	0.00300	0.00260	0.00452
28	0.00393	0.00337	0.00337	0.00337	0.00449	0.00281	0.00252	0.00477	0.00757	0.00898	0.03366	0.03198	0.86114	0.00842	0.00393	0.00112	0.00168	0.00701	0.00309	0.00281
29	0.01054	0.02419	0.02759	0.00992	0.01204	0.54323	0.23597	0.01199	0.00859	0.00883	0.00567	0.00711	0.00463	0.00409	0.03357	0.00111	0.04253	0.00271	0.00169	0.00401
30	0.01067	0.00833	0.00887	0.00725	0.00956	0.00939	0.00584	0.47644	0.39379	0.01778	0.01047	0.00997	0.00767	0.00422	0.00335	0.00106	0.00319	0.00334	0.00335	0.00548
31	0.00628	0.00591	0.00997	0.87523	0.02289	0.00738	0.00923	0.00849	0.00664	0.00849	0.00591	0.00886	0.00443	0.00332	0.00332	0.00111	0.00443	0.00295	0.00148	0.00369
32	0.00623	0.02995	0.08347	0.00706	0.05560	0.06529	0.02869	0.01510	0.07409	0.00880	0.00871	0.01257	0.00794	0.08682	0.46441	0.00350	0.01377	0.02255	0.00191	0.00354
33	0.01019	0.00820	0.16496	0.00782	0.03984	0.00634	0.07858	0.10026	0.04339	0.31711	0.01823	0.01299	0.03752	0.00481	0.02021	0.00117	0.01607	0.07476	0.03268	0.00488
34	0.00812	0.00681	0.00831	0.06028	0.09050	0.00636	0.00541	0.15642	0.09529	0.01276	0.00708	0.00789	0.00558	0.00304	0.00284	0.00073	0.00295	0.00248	0.00229	0.51487
35	0.00801	0.00767	0.01310	0.11538	0.76920	0.00784	0.01009	0.01001	0.00746	0.01059	0.00621	0.00829	0.00517	0.00300	0.00329	0.00100	0.00400	0.00296	0.00163	0.00509
36	0.00500	0.00357	0.00431	0.00410	0.00504	0.00326	0.00308	0.02933	0.00878	0.03740	0.49633	0.08487	0.26284	0.00726	0.00387	0.00108	0.00172	0.00629	0.02872	0.00316
37	0.00505	0.00357	0.00435	0.00426	0.00440	0.00384	0.00273	0.00546	0.02451	0.00688	0.00984	0.01906	0.01085	0.65550	0.15282	0.02848	0.04969	0.00445	0.00196	0.00231
38	0.00767	0.13603	0.07103	0.19549	0.20937	0.04085	0.15515	0.00966	0.00714	0.02182	0.00640	0.00867	0.00525	0.03431	0.03371	0.00122	0.01258	0.00297	0.02640	0.01428
39	0.00442	0.00320	0.00384	0.00409	0.00474	0.00294	0.00292	0.00531	0.00711	0.01705	0.12325	0.34697	0.29588	0.03437	0.05105	0.00146	0.00221	0.01776	0.06856	0.00284
40	0.46213	0.09493	0.01537	0.01761	0.07677	0.04029	0.00503	0.02210	0.21360	0.01333	0.00701	0.00744	0.00546	0.00342	0.00256	0.00101	0.00298	0.00242	0.00227	0.00425

[dist]
# distance from previous block
# <min> <max>
0	9

[block]
# block no. 1 follows, 85 sequences, length 23
# corresponding to MSA columns:
# 174-196
name=unknown_B
#
# <colnr> <probs for GDERKNQSTAVLIFYWHMCP>
#	G	D	E	R	K	N	Q	S	T	A	V	L	I	F	Y	W	H	M	C	P
0	0.09264	0.16074	0.07850	0.06760	0.12855	0.18604	0.03630	0.05431	0.11200	0.01074	0.00647	0.00744	0.00517	0.00343	0.00323	0.00097	0.03692	0.00257	0.00192	0.00444
1	0.00623	0.00391	0.00460	0.00440	0.00540	0.00366	0.00321	0.02957	0.04778	0.13345	0.05160	0.21409	0.28615	0.13571	0.02793	0.00156	0.00240	0.00621	0.02886	0.00330
2	0.00505	0.00356	0.00446	0.00435	0.00518	0.00336	0.00323	0.00667	0.04639	0.04146	0.46766	0.16319	0.14298	0.00834	0.05201	0.00134	0.00214	0.00630	0.02914	0.00319
3	0.00424	0.00316	0.00391	0.00437	0.00488	0.00290	0.00311	0.00502	0.00694	0.00901	0.08830	0.47588	0.22895	0.05784	0.00487	0.00139	0.00202	0.08740	0.00307	0.00276
4	0.05492	0.00709	0.00806	0.00642	0.00878	0.00739	0.00524	0.31969	0.14534	0.32410	0.01142	0.01064	0.03261	0.00420	0.00326	0.00103	0.00300	0.00331	0.03821	0.00531
5	0.08541	0.00509	0.00598	0.00524	0.00682	0.00514	0.00411	0.01162	0.20525	0.22595	0.30850	0.01732	0.03862	0.03332	0.00392	0.00114	0.00231	0.02650	0.00349	0.00425
6	0.03765	0.00925	0.00765	0.00681	0.00837	0.32048	0.03870	0.03089	0.20973	0.01164	0.22346	0.01274	0.01276	0.00453	0.00330	0.00098	0.00367	0.00363	0.04975	0.00402
7	0.90669	0.00643	0.00488	0.00437	0.00643	0.00745	0.00360	0.00977	0.00566	0.01491	0.00463	0.00540	0.00360	0.00308	0.00206	0.00103	0.00257	0.00180	0.00206	0.00360
8	0.00486	0.00326	0.00376	0.00380	0.00386	0.00327	0.00225	0.00497	0.00500	0.00667	0.01085	0.02247	0.01241	0.81607	0.03318	0.00317	0.00333	0.05266	0.00207	0.00209
9	0.05640	0.01570	0.02666	0.00606	0.00799	0.00561	0.02068	0.09276	0.00846	0.40923	0.01077	0.01254	0.00819	0.05952	0.18037	0.00206	0.02738	0.04196	0.00308	0.00457
10	0.09092	0.00572	0.00747	0.00578	0.00831	0.00510	0.00477	0.01565	0.00918	0.79235	0.01239	0.01081	0.00783	0.00403	0.00323	0.00103	0.00281	0.00321	0.00394	0.00548
11	0.00888	0.88522	0.01741	0.00569	0.00853	0.01315	0.00569	0.00995	0.00675	0.00782	0.00462	0.00533	0.00426	0.00284	0.00213	0.00071	0.00355	0.00178	0.00142	0.00426
12	0.53364	0.00639	0.00594	0.00506	0.00711	0.00704	0.00412	0.12799	0.03361	0.13560	0.03130	0.03159	0.00626	0.00374	0.00258	0.00102	0.00266	0.00263	0.04754	0.00416
13	0.00793	0.06374	0.16697	0.05710	0.09607	0.14344	0.04586	0.02544	0.02245	0.05542	0.02787	0.06773	0.06327	0.02853	0.05401	0.00136	0.04267	0.02400	0.00206	0.00410
14	0.01056	0.03347	0.24982	0.00727	0.01020	0.05929	0.02478	0.01317	0.07744	0.36999	0.01021	0.01104	0.00735	0.00484	0.02980	0.02251	0.00387	0.04666	0.00283	0.00492
15	0.00424	0.00303	0.00394	0.00442	0.00474	0.00283	0.00299	0.00497	0.00688	0.00929	0.18456	0.61908	0.04848	0.07782	0.00516	0.00143	0.00195	0.00833	0.00311	0.00273
16	0.00594	0.00445	0.00640	0.03433	0.14360	0.00438	0.01240	0.00745	0.02146	0.05967	0.32902	0.03104	0.09806	0.08745	0.11127	0.00179	0.00328	0.03169	0.00281	0.00352
17	0.00813	0.12207	0.17110	0.05919	0.31209	0.05780	0.04486	0.05490	0.02992	0.02062	0.03316	0.00927	0.03131	0.02742	0.00354	0.00104	0.00407	0.00300	0.00184	0.00467
18	0.00701	0.00689	0.01021	0.45802	0.17202	0.06705	0.04814	0.00931	0.05040	0.00942	0.03087	0.03571	0.05539	0.00394	0.00355	0.00108	0.02166	0.00349	0.00183	0.00401
19	0.00436	0.00314	0.00397	0.00439	0.00478	0.00295	0.00304	0.00509	0.00677	0.00900	0.13706	0.46398	0.10795	0.15236	0.00626	0.00160	0.00216	0.07545	0.00299	0.00269
20	0.02264	0.18906	0.01274	0.13500	0.31172	0.00834	0.07665	0.03662	0.00765	0.05763	0.03322	0.03577	0.00709	0.00374	0.00321	0.00100	0.00380	0.04765	0.00195	0.00452
21	0.00817	0.00771	0.01136	0.10013	0.01243	0.11434	0.27422	0.03018	0.09762	0.07227	0.00814	0.01006	0.00643	0.00849	0.20226	0.02094	0.00566	0.00341	0.00208	0.00410
22	0.00754	0.00802	0.13677	0.26119	0.04957	0.00702	0.12292	0.10459	0.00834	0.06563	0.05851	0.01237	0.11299	0.00423	0.00368	0.00109	0.02539	0.00372	0.00220	0.00425

[dist]
# distance from previous block
# <min> <max>
0	10

[block]
# block no. 2 follows, 85 sequences, length 7
# corresponding to MSA columns:
# 207-213
name=unknown_C
#
# <colnr> <probs for GDERKNQSTAVLIFYWHMCP>
#	G	D	E	R	K	N	Q	S	T	A	V	L	I	F	Y	W	H	M	C	P
0	0.00486	0.00348	0.00461	0.00458	0.00534	0.00321	0.03289	0.00597	0.00765	0.02855	0.26740	0.28868	0.16250	0.04088	0.00442	0.00125	0.00202	0.05888	0.06985	0.00300
1	0.00737	0.07900	0.20340	0.04475	0.32488	0.05539	0.02944	0.00968	0.02884	0.01019	0.03922	0.04288	0.07332	0.00412	0.00332	0.00103	0.00391	0.03285	0.00190	0.00451
2	0.00619	0.13220	0.03328	0.04163	0.03136	0.00544	0.06503	0.00681	0.02090	0.00820	0.04226	0.10031	0.04542	0.00797	0.00693	0.32141	0.00315	0.11659	0.00203	0.00290
3	0.00476	0.00352	0.00516	0.00516	0.00569	0.00405	0.00393	0.00582	0.00529	0.00758	0.00907	0.01398	0.00871	0.11589	0.77963	0.00512	0.00830	0.00370	0.00180	0.00287
4	0.00729	0.01008	0.24029	0.16563	0.23742	0.03827	0.06503	0.00958	0.00686	0.00965	0.00599	0.00826	0.00488	0.02410	0.02450	0.00125	0.13205	0.00291	0.00154	0.00443
5	0.00674	0.02772	0.00699	0.02843	0.00705	0.04113	0.02798	0.06286	0.03532	0.03959	0.04051	0.01434	0.00922	0.30512	0.18529	0.00271	0.14985	0.00383	0.00209	0.00324
6	0.00889	0.14991	0.04669	0.10130	0.07171	0.15004	0.12875	0.02346	0.10111	0.07249	0.00765	0.02972	0.00627	0.03624	0.03327	0.00122	0.02180	0.00311	0.00204	0.00432

[dist]
# distance from previous block
# <min> <max>
1	4

[block]
# block no. 3 follows, 85 sequences, length 19
# corresponding to MSA columns:
# 218-236
name=unknown_D
#
# <colnr> <probs for GDERKNQSTAVLIFYWHMCP>
#	G	D	E	R	K	N	Q	S	T	A	V	L	I	F	Y	W	H	M	C	P
0	0.00812	0.10124	0.05891	0.06462	0.27107	0.05627	0.02622	0.04346	0.02594	0.02719	0.01841	0.00831	0.00568	0.00365	0.02109	0.00096	0.02764	0.01408	0.00188	0.21525
1	0.00492	0.00371	0.00477	0.00517	0.00607	0.00345	0.00423	0.00613	0.00735	0.00954	0.02036	0.18376	0.20220	0.00874	0.00423	0.00133	0.00251	0.44925	0.00299	0.06929
2	0.06033	0.02672	0.02580	0.00741	0.04025	0.06150	0.00588	0.40076	0.14369	0.08515	0.00850	0.00849	0.00621	0.00375	0.00312	0.00095	0.00342	0.00287	0.00294	0.10224
3	0.00497	0.00351	0.00422	0.00422	0.00512	0.00318	0.00313	0.00626	0.03240	0.05793	0.27803	0.22703	0.31805	0.00806	0.00397	0.00116	0.00184	0.03048	0.00332	0.00312
4	0.02850	0.00867	0.06010	0.11287	0.21477	0.06313	0.07705	0.14213	0.05518	0.03519	0.00674	0.00816	0.00527	0.00362	0.00415	0.00104	0.10683	0.00292	0.00205	0.06161
5	0.01359	0.00731	0.00930	0.00707	0.00972	0.00726	0.05388	0.35111	0.01187	0.47719	0.01068	0.00984	0.00701	0.00399	0.00337	0.00102	0.00332	0.00323	0.00366	0.00559
6	0.00872	0.00412	0.00511	0.00454	0.00598	0.00368	0.00354	0.00989	0.00806	0.33576	0.04413	0.14061	0.17060	0.00596	0.00339	0.00104	0.00215	0.02388	0.21489	0.00396
7	0.01491	0.00566	0.00771	0.00591	0.00848	0.00488	0.00488	0.01619	0.00951	0.86479	0.01311	0.01131	0.00823	0.00411	0.00334	0.00103	0.00283	0.00334	0.00411	0.00566
8	0.00790	0.00739	0.01212	0.35622	0.09004	0.05082	0.20977	0.04178	0.00762	0.05889	0.02993	0.00919	0.00573	0.00355	0.00403	0.00110	0.07270	0.00325	0.02379	0.00418
9	0.00597	0.00516	0.00644	0.19469	0.03266	0.08023	0.00541	0.01714	0.00697	0.02386	0.01278	0.32797	0.01381	0.03281	0.07897	0.00166	0.00374	0.14403	0.00245	0.00324
10	0.00487	0.00329	0.00404	0.00428	0.00500	0.00293	0.00305	0.00568	0.00726	0.07195	0.10191	0.47070	0.28479	0.00898	0.00405	0.00123	0.00188	0.00791	0.00321	0.00299
11	0.00975	0.00835	0.01319	0.03104	0.01270	0.00879	0.32938	0.34210	0.01056	0.05260	0.00772	0.03228	0.00606	0.03561	0.00475	0.00118	0.08312	0.00359	0.00246	0.00476
12	0.00809	0.00783	0.00879	0.03218	0.08425	0.10034	0.01888	0.01300	0.39249	0.01133	0.05875	0.01135	0.03395	0.00473	0.00506	0.00115	0.19726	0.00353	0.00255	0.00450
13	0.00454	0.00349	0.00421	0.00456	0.00531	0.00327	0.00345	0.00587	0.04762	0.00946	0.07164	0.30107	0.31093	0.02727	0.00441	0.00132	0.00212	0.18342	0.00310	0.00294
14	0.00414	0.00296	0.00397	0.00474	0.00497	0.00278	0.00325	0.00479	0.00646	0.00859	0.01826	0.81912	0.02177	0.01032	0.00427	0.00136	0.00201	0.07043	0.00308	0.00273
15	0.00475	0.00356	0.00534	0.00534	0.00593	0.00415	0.00415	0.00593	0.00534	0.00771	0.00890	0.01305	0.00831	0.02492	0.87005	0.00534	0.00890	0.00356	0.00178	0.00297
16	0.37225	0.00757	0.00885	0.02363	0.00962	0.03794	0.13735	0.17640	0.07280	0.06681	0.00707	0.00784	0.00529	0.00453	0.04749	0.00126	0.00376	0.00273	0.00244	0.00437
17	0.00797	0.00782	0.01261	0.17470	0.61247	0.04118	0.02511	0.00989	0.00733	0.01015	0.00605	0.00821	0.00502	0.00320	0.00373	0.00103	0.05414	0.00294	0.00161	0.00482
18	0.00628	0.00591	0.00997	0.87523	0.02289	0.00738	0.00923	0.00849	0.00664	0.00849	0.00591	0.00886	0.00443	0.00332	0.00332	0.00111	0.00443	0.00295	0.00148	0.00369

[dist]
# distance from previous block
# <min> <max>
0	1

[block]
# block no. 4 follows, 85 sequences, length 16
# corresponding to MSA columns:
# 238-253
name=unknown_E
#
# <colnr> <probs for GDERKNQSTAVLIFYWHMCP>
#	G	D	E	R	K	N	Q	S	T	A	V	L	I	F	Y	W	H	M	C	P
0	0.10372	0.00357	0.00382	0.00383	0.00408	0.00367	0.00233	0.00542	0.00508	0.00757	0.01045	0.06796	0.01188	0.71580	0.01426	0.00283	0.00307	0.02629	0.00210	0.00225
1	0.00475	0.00319	0.00365	0.00373	0.00376	0.00316	0.00213	0.00481	0.00500	0.00667	0.01133	0.11599	0.01317	0.78749	0.01552	0.00302	0.00308	0.00534	0.00213	0.00209
2	0.00657	0.00563	0.00650	0.00475	0.00750	0.00425	0.00378	0.00797	0.00697	0.01063	0.00895	0.00964	0.09883	0.00311	0.00262	0.00056	0.00238	0.00252	0.00209	0.80474
3	0.00510	0.00397	0.00603	0.00672	0.09168	0.00446	0.00460	0.00628	0.00553	0.00793	0.00875	0.01322	0.00828	0.08675	0.71946	0.00475	0.00798	0.00360	0.00178	0.00313
4	0.00476	0.00352	0.00516	0.00516	0.00569	0.00405	0.00393	0.00582	0.00529	0.00758	0.00907	0.01398	0.00871	0.11606	0.77946	0.00512	0.00830	0.00370	0.00180	0.00287
5	0.00764	0.00521	0.00615	0.00529	0.00674	0.00532	0.00414	0.18004	0.10642	0.09058	0.47721	0.01865	0.03946	0.00569	0.00365	0.00104	0.00223	0.00486	0.02558	0.00410
6	0.00622	0.00515	0.00688	0.00620	0.00685	0.02722	0.03766	0.05671	0.04119	0.00857	0.00812	0.01278	0.00782	0.17903	0.35540	0.05705	0.16849	0.00359	0.00190	0.00316
7	0.00932	0.00620	0.00641	0.00552	0.00718	0.07895	0.00432	0.10390	0.15640	0.19016	0.11802	0.04141	0.02636	0.00463	0.00318	0.00097	0.00265	0.00378	0.20424	0.02639
8	0.00530	0.00410	0.00453	0.00436	0.00546	0.00396	0.00330	0.06967	0.08773	0.01123	0.16670	0.13455	0.39782	0.00745	0.00379	0.00112	0.00196	0.02722	0.05645	0.00331
9	0.00407	0.00303	0.00379	0.00432	0.00476	0.00275	0.00296	0.00477	0.00683	0.00892	0.07793	0.63515	0.20917	0.00973	0.00415	0.00128	0.00185	0.00868	0.00312	0.00275
10	0.39771	0.00583	0.00595	0.00500	0.00697	0.00612	0.00406	0.08932	0.00833	0.23321	0.17081	0.01106	0.01041	0.00416	0.00287	0.00102	0.00252	0.00315	0.02729	0.00422
11	0.90669	0.00643	0.00488	0.00437	0.00643	0.00745	0.00360	0.00977	0.00566	0.01491	0.00463	0.00540	0.00360	0.00308	0.00206	0.00103	0.00257	0.00180	0.00206	0.00360
12	0.00467	0.00364	0.00481	0.00589	0.09862	0.00345	0.00356	0.00539	0.00652	0.00856	0.04016	0.38198	0.20761	0.17776	0.03050	0.00172	0.00253	0.00705	0.00270	0.00289
13	0.00871	0.68965	0.12185	0.00622	0.00917	0.06280	0.00641	0.01013	0.00695	0.00836	0.00507	0.00587	0.00443	0.00296	0.00232	0.00076	0.00378	0.00194	0.03834	0.00427
14	0.00737	0.09130	0.59551	0.05251	0.11698	0.05976	0.01095	0.01050	0.00719	0.01009	0.00583	0.00704	0.00436	0.00313	0.00308	0.00101	0.00472	0.00246	0.00146	0.00477
15	0.11643	0.17033	0.31634	0.00796	0.02906	0.11240	0.02138	0.01152	0.12375	0.01063	0.00644	0.00720	0.00501	0.00342	0.00323	0.00099	0.04515	0.00245	0.00181	0.00450

[dist]
# distance from previous block
# <min> <max>
0	21

[block]
# block no. 5 follows, 85 sequences, length 16
# corresponding to MSA columns:
# 276-291
name=unknown_F
#
# <colnr> <probs for GDERKNQSTAVLIFYWHMCP>
#	G	D	E	R	K	N	Q	S	T	A	V	L	I	F	Y	W	H	M	C	P
0	0.00757	0.00905	0.17247	0.12862	0.40710	0.00763	0.00931	0.03789	0.09810	0.01119	0.04919	0.00967	0.01959	0.00355	0.00341	0.00104	0.01469	0.00316	0.00193	0.00484
1	0.54469	0.00595	0.00547	0.00457	0.00668	0.00617	0.00365	0.00964	0.00622	0.09642	0.00627	0.00780	0.00511	0.08403	0.00364	0.00112	0.00263	0.00227	0.00224	0.19544
2	0.01020	0.00518	0.01822	0.06223	0.04373	0.00483	0.00489	0.02208	0.03644	0.42956	0.07437	0.09283	0.01107	0.06302	0.07454	0.00155	0.00331	0.00416	0.03332	0.00449
3	0.00441	0.00325	0.00413	0.00420	0.00486	0.00297	0.00304	0.00560	0.00829	0.01136	0.51045	0.27238	0.13664	0.00805	0.00401	0.00114	0.00169	0.00713	0.00342	0.00297
4	0.00476	0.00351	0.00508	0.00508	0.00558	0.00401	0.00383	0.00577	0.00526	0.00752	0.00914	0.01438	0.00888	0.15535	0.74041	0.00502	0.00804	0.00375	0.00182	0.00282
5	0.04168	0.00870	0.00942	0.04849	0.01044	0.00969	0.00616	0.70733	0.05952	0.01946	0.00817	0.00833	0.00587	0.00395	0.00325	0.00100	0.00352	0.00300	0.03664	0.00537
6	0.00478	0.00342	0.00461	0.00461	0.00495	0.00376	0.00324	0.00546	0.00512	0.00717	0.00957	0.01676	0.00992	0.39093	0.50624	0.00444	0.00648	0.00410	0.00188	0.00256
7	0.00888	0.88522	0.01741	0.00569	0.00853	0.01315	0.00569	0.00995	0.00675	0.00782	0.00462	0.00533	0.00426	0.00284	0.00213	0.00071	0.00355	0.00178	0.00142	0.00426
8	0.00720	0.00555	0.00647	0.00484	0.00737	0.00447	0.00386	0.04265	0.00742	0.04323	0.04315	0.00864	0.00669	0.00349	0.02428	0.00071	0.00254	0.00240	0.10467	0.67037
9	0.00455	0.00336	0.00425	0.00409	0.00489	0.00306	0.00304	0.00594	0.00894	0.01238	0.68529	0.08095	0.15240	0.00726	0.00394	0.00108	0.00161	0.00638	0.00354	0.00306
10	0.90669	0.00643	0.00488	0.00437	0.00643	0.00745	0.00360	0.00977	0.00566	0.01491	0.00463	0.00540	0.00360	0.00308	0.00206	0.00103	0.00257	0.00180	0.00206	0.00360
11	0.05471	0.00926	0.00973	0.00759	0.01002	0.03889	0.00625	0.72920	0.01427	0.01940	0.00749	0.00774	0.00542	0.00404	0.00374	0.00102	0.05987	0.00290	0.00309	0.00536
12	0.00479	0.00352	0.00507	0.00510	0.00560	0.00399	0.00386	0.00580	0.00535	0.00760	0.00951	0.01544	0.00935	0.16174	0.69816	0.00485	0.00775	0.03784	0.00187	0.00282
13	0.11253	0.04356	0.60435	0.00873	0.01292	0.00819	0.04518	0.10644	0.00787	0.01214	0.00602	0.00696	0.00434	0.00322	0.00305	0.00103	0.00448	0.00248	0.00171	0.00480
14	0.00697	0.04900	0.08261	0.49239	0.15562	0.00770	0.03095	0.03755	0.04177	0.00971	0.00692	0.05181	0.00570	0.00364	0.00331	0.00107	0.00416	0.00324	0.00172	0.00418
15	0.00668	0.01220	0.47576	0.00797	0.01129	0.04943	0.04290	0.01042	0.10729	0.01140	0.19982	0.01223	0.02981	0.00425	0.00339	0.00105	0.00390	0.00355	0.00221	0.00444

[dist]
# distance from previous block
# <min> <max>
0	2

[block]
# block no. 6 follows, 85 sequences, length 30
# corresponding to MSA columns:
# 294-323
name=unknown_G
#
# <colnr> <probs for GDERKNQSTAVLIFYWHMCP>
#	G	D	E	R	K	N	Q	S	T	A	V	L	I	F	Y	W	H	M	C	P
0	0.00833	0.00703	0.01036	0.05578	0.03597	0.03635	0.20546	0.14844	0.06054	0.06219	0.09297	0.01289	0.00949	0.04795	0.02388	0.01966	0.00385	0.05569	0.00251	0.10069
1	0.00634	0.00353	0.00394	0.03147	0.00504	0.00367	0.00294	0.03027	0.03332	0.01983	0.03955	0.01251	0.00900	0.00578	0.06236	0.04359	0.00231	0.00323	0.67812	0.00319
2	0.00667	0.04722	0.01026	0.60538	0.05045	0.00711	0.06571	0.00873	0.00707	0.03649	0.06075	0.01065	0.03587	0.00368	0.00334	0.00107	0.00404	0.00331	0.02839	0.00381
3	0.01176	0.00498	0.00636	0.00512	0.00709	0.00452	0.00415	0.04972	0.00911	0.54102	0.07716	0.01248	0.00996	0.00425	0.00312	0.00096	0.00243	0.00347	0.23753	0.00480
4	0.26404	0.07480	0.00771	0.00585	0.00792	0.14826	0.00476	0.06330	0.00832	0.25797	0.06620	0.00914	0.00740	0.00503	0.05461	0.00123	0.00366	0.00276	0.00271	0.00434
5	0.90669	0.00643	0.00488	0.00437	0.00643	0.00745	0.00360	0.00977	0.00566	0.01491	0.00463	0.00540	0.00360	0.00308	0.00206	0.00103	0.00257	0.00180	0.00206	0.00360
6	0.01345	0.06752	0.00942	0.00669	0.00932	0.00795	0.00560	0.40031	0.01214	0.41763	0.01017	0.00937	0.00677	0.00397	0.00325	0.00099	0.00326	0.00307	0.00357	0.00556
7	0.17768	0.00627	0.00749	0.00586	0.00834	0.00606	0.00484	0.12420	0.00960	0.59908	0.01089	0.00979	0.00704	0.00391	0.00310	0.00102	0.00289	0.00301	0.00363	0.00528
8	0.07637	0.00708	0.01038	0.03537	0.01093	0.00698	0.18200	0.13784	0.08245	0.40017	0.01021	0.00992	0.00689	0.00376	0.00337	0.00105	0.00355	0.00332	0.00319	0.00517
9	0.03811	0.00841	0.00923	0.00765	0.04967	0.02642	0.00596	0.56855	0.05307	0.08708	0.04235	0.00895	0.00694	0.00394	0.00324	0.00097	0.00340	0.00305	0.00316	0.06985
10	0.00433	0.00308	0.00412	0.00485	0.00514	0.00293	0.00345	0.00506	0.00652	0.00865	0.01778	0.68040	0.02094	0.05499	0.00496	0.00148	0.00220	0.16336	0.00303	0.00273
11	0.00481	0.00349	0.00387	0.00380	0.00489	0.00300	0.00286	0.00576	0.00782	0.06803	0.12992	0.10644	0.61211	0.00812	0.00393	0.00113	0.00179	0.02195	0.00322	0.00303
12	0.00688	0.00697	0.01373	0.01063	0.01295	0.00668	0.50210	0.00957	0.05870	0.01060	0.03794	0.07652	0.01089	0.00516	0.00408	0.00124	0.00440	0.21465	0.00229	0.00401
13	0.00689	0.00591	0.00689	0.00492	0.00787	0.00443	0.00394	0.00837	0.00689	0.01083	0.00591	0.00689	0.00492	0.00246	0.00246	0.00049	0.00246	0.00197	0.00197	0.90353
14	0.00469	0.00320	0.00387	0.00414	0.00427	0.00316	0.00264	0.00500	0.00552	0.00733	0.01320	0.23899	0.01532	0.57058	0.01241	0.00257	0.00288	0.09553	0.00239	0.00230
15	0.00416	0.00296	0.00395	0.00471	0.00493	0.00279	0.00322	0.00479	0.00642	0.00854	0.01809	0.80404	0.02156	0.02991	0.00455	0.00140	0.00203	0.06619	0.00306	0.00271
16	0.00888	0.88522	0.01741	0.00569	0.00853	0.01315	0.00569	0.00995	0.00675	0.00782	0.00462	0.00533	0.00426	0.00284	0.00213	0.00071	0.00355	0.00178	0.00142	0.00426
17	0.01248	0.01384	0.00959	0.00828	0.01028	0.60669	0.00639	0.26989	0.01132	0.01205	0.00601	0.00660	0.00470	0.00360	0.00310	0.00090	0.00528	0.00240	0.00221	0.00440
18	0.00712	0.00739	0.01513	0.05209	0.01433	0.00710	0.58446	0.00944	0.03893	0.00984	0.00809	0.07230	0.00713	0.06236	0.00548	0.07232	0.00477	0.01595	0.00186	0.00392
19	0.00435	0.00338	0.00395	0.00381	0.00475	0.00298	0.00286	0.00559	0.00857	0.01134	0.48365	0.02809	0.40968	0.00753	0.00392	0.00108	0.00162	0.00647	0.00340	0.00298
20	0.15114	0.06779	0.06191	0.00686	0.00870	0.30107	0.00578	0.05025	0.04089	0.02949	0.00795	0.01173	0.00715	0.00682	0.10804	0.00155	0.00484	0.12204	0.00212	0.00387
21	0.08386	0.00483	0.00668	0.04213	0.23535	0.00496	0.00479	0.00684	0.00589	0.00869	0.00951	0.11321	0.01027	0.42212	0.02563	0.00218	0.00336	0.00449	0.00201	0.00318
22	0.00768	0.00730	0.01222	0.08308	0.66293	0.00764	0.00935	0.00948	0.00717	0.01023	0.00675	0.04951	0.00603	0.00437	0.03631	0.00121	0.06894	0.00328	0.00169	0.00482
23	0.01217	0.01543	0.00945	0.00857	0.01020	0.82943	0.00646	0.01302	0.00921	0.00813	0.00510	0.00605	0.00428	0.00354	0.00337	0.00088	0.04698	0.00218	0.00170	0.00384
24	0.00693	0.00678	0.01390	0.01051	0.01268	0.00642	0.53118	0.00854	0.00691	0.00931	0.00805	0.03822	0.00732	0.04068	0.00644	0.19275	0.00458	0.08343	0.00182	0.00355
25	0.00686	0.00720	0.08896	0.01482	0.04232	0.09561	0.04035	0.04816	0.05673	0.02666	0.04974	0.02070	0.05540	0.06327	0.32389	0.00277	0.04710	0.00368	0.00211	0.00369
26	0.12852	0.05494	0.12860	0.03525	0.03373	0.12371	0.00566	0.05285	0.01429	0.01160	0.16260	0.02376	0.06914	0.01171	0.00317	0.00096	0.00328	0.00340	0.03717	0.09565
27	0.00854	0.07921	0.10921	0.02343	0.01699	0.04654	0.01495	0.01055	0.05173	0.17101	0.02870	0.01064	0.06511	0.03877	0.00351	0.00092	0.00313	0.00297	0.00242	0.31167
28	0.22036	0.08205	0.08396	0.00755	0.08381	0.02174	0.05243	0.13681	0.00841	0.04512	0.08990	0.01719	0.00750	0.00357	0.00288	0.00093	0.00326	0.00283	0.00231	0.12739
29	0.13329	0.09459	0.11532	0.00742	0.04960	0.01948	0.02510	0.23857	0.09615	0.04879	0.00747	0.00821	0.00573	0.02184	0.03563	0.00116	0.00368	0.00271	0.00243	0.08283

[dist]
# distance from previous block
# <min> <max>
1	23

[block]
# block no. 7 follows, 85 sequences, length 33
# corresponding to MSA columns:
# 347-379
name=unknown_H
#
# <colnr> <probs for GDERKNQSTAVLIFYWHMCP>
#	G	D	E	R	K	N	Q	S	T	A	V	L	I	F	Y	W	H	M	C	P
0	0.02676	0.13207	0.04927	0.00674	0.03478	0.01553	0.00561	0.25607	0.13814	0.02373	0.00775	0.00811	0.00596	0.00341	0.00286	0.00084	0.00315	0.00262	0.03932	0.23728
1	0.00548	0.00523	0.06267	0.23367	0.04942	0.00486	0.03873	0.00702	0.00684	0.00943	0.04952	0.30097	0.04634	0.03120	0.00402	0.00121	0.00304	0.03973	0.08183	0.01879
2	0.02613	0.12258	0.41236	0.00886	0.06602	0.05241	0.03064	0.07421	0.01797	0.06363	0.02108	0.00755	0.00524	0.00328	0.00308	0.00096	0.01167	0.00255	0.00187	0.06793
3	0.02583	0.11666	0.39227	0.02865	0.04883	0.00827	0.06204	0.01119	0.14286	0.02307	0.02865	0.00866	0.00619	0.00453	0.04377	0.00124	0.03791	0.00287	0.00188	0.00465
4	0.01922	0.00436	0.00549	0.00479	0.00612	0.00414	0.00373	0.04374	0.05450	0.19875	0.55052	0.01977	0.02285	0.00581	0.00365	0.00103	0.00200	0.00501	0.04063	0.00390
5	0.00537	0.00702	0.20876	0.00654	0.03893	0.00454	0.04609	0.00713	0.00730	0.02452	0.07195	0.22448	0.22553	0.00691	0.00378	0.00117	0.00289	0.07112	0.03242	0.00355
6	0.02901	0.04896	0.16192	0.10608	0.16481	0.00784	0.08327	0.14671	0.04674	0.08653	0.01981	0.01042	0.03861	0.00381	0.00333	0.00105	0.00392	0.03010	0.00228	0.00478
7	0.00413	0.00306	0.00387	0.00444	0.00488	0.00280	0.00310	0.00485	0.00681	0.00888	0.05912	0.62999	0.18632	0.00979	0.00418	0.00130	0.00193	0.05468	0.00311	0.00276
8	0.00491	0.00368	0.00458	0.00432	0.00521	0.00350	0.00325	0.00701	0.07568	0.01292	0.71035	0.04031	0.09801	0.00682	0.00388	0.00106	0.00167	0.00598	0.00358	0.00327
9	0.00711	0.00657	0.01036	0.20304	0.41493	0.00704	0.00814	0.00976	0.09665	0.01066	0.08780	0.02338	0.05734	0.00412	0.00364	0.00107	0.02825	0.01358	0.00209	0.00448
10	0.00872	0.70268	0.01617	0.00785	0.13539	0.01195	0.00627	0.03178	0.00713	0.00865	0.00591	0.00671	0.03287	0.00308	0.00239	0.00077	0.00355	0.00216	0.00156	0.00440
11	0.01370	0.00634	0.00800	0.00622	0.00869	0.00603	0.00511	0.17410	0.05743	0.62357	0.04638	0.01128	0.00878	0.00422	0.00336	0.00103	0.00292	0.00341	0.00390	0.00553
12	0.00480	0.00323	0.00373	0.00376	0.00380	0.00325	0.00217	0.00489	0.00492	0.00659	0.01067	0.05249	0.01223	0.80411	0.06356	0.00327	0.00349	0.00493	0.00204	0.00209
13	0.00920	0.21489	0.01033	0.00718	0.03709	0.14924	0.00564	0.06308	0.40708	0.01154	0.00938	0.00968	0.00746	0.03983	0.00357	0.00106	0.00352	0.00300	0.00253	0.00469
14	0.22514	0.00811	0.00844	0.00662	0.00913	0.00886	0.00547	0.53311	0.01239	0.13929	0.00791	0.00784	0.00553	0.00379	0.00303	0.00101	0.00328	0.00276	0.00314	0.00516
15	0.01389	0.00551	0.00745	0.00578	0.00818	0.00483	0.00475	0.03241	0.00963	0.76606	0.09403	0.01253	0.01038	0.00437	0.00340	0.00103	0.00272	0.00359	0.00405	0.00541
16	0.04487	0.00590	0.00690	0.00584	0.00772	0.00610	0.00464	0.07654	0.29443	0.27240	0.22158	0.01453	0.01420	0.00486	0.00345	0.00106	0.00250	0.00405	0.00362	0.00482
17	0.00666	0.01719	0.86600	0.00947	0.01438	0.00772	0.01228	0.01052	0.00702	0.01052	0.00596	0.00702	0.00421	0.00316	0.00316	0.00105	0.00491	0.00246	0.00140	0.00491
18	0.00636	0.00596	0.00987	0.84017	0.02231	0.00742	0.00907	0.00886	0.04095	0.00871	0.00621	0.00900	0.00466	0.00337	0.00332	0.00111	0.00436	0.00299	0.00155	0.00375
19	0.00771	0.25738	0.04333	0.00789	0.00887	0.01093	0.00700	0.00864	0.00563	0.00804	0.00449	0.00671	0.00433	0.00487	0.00813	0.00123	0.59693	0.00257	0.00144	0.00386
20	0.00412	0.00337	0.00363	0.00357	0.00461	0.00289	0.00268	0.00514	0.00803	0.01006	0.23902	0.03020	0.65511	0.00801	0.00393	0.00110	0.00165	0.00676	0.00323	0.00289
21	0.00756	0.01238	0.42164	0.01159	0.18907	0.05023	0.08335	0.01029	0.00716	0.04115	0.00643	0.00803	0.00498	0.00499	0.07087	0.00139	0.05974	0.00282	0.00162	0.00469
22	0.00572	0.00446	0.00532	0.00492	0.00601	0.00459	0.00374	0.00951	0.25038	0.01349	0.61973	0.02129	0.02532	0.00614	0.00377	0.00107	0.00187	0.00537	0.00358	0.00374
23	0.85173	0.00652	0.00541	0.00535	0.05880	0.00748	0.00400	0.00979	0.00577	0.01466	0.00473	0.00557	0.00370	0.00308	0.00213	0.00103	0.00265	0.00187	0.00203	0.00370
24	0.00888	0.88522	0.01741	0.00569	0.00853	0.01315	0.00569	0.00995	0.00675	0.00782	0.00462	0.00533	0.00426	0.00284	0.00213	0.00071	0.00355	0.00178	0.00142	0.00426
25	0.54071	0.00645	0.00576	0.00511	0.00690	0.05385	0.00411	0.05262	0.00665	0.09291	0.00650	0.00785	0.00520	0.02738	0.15412	0.00182	0.01363	0.00241	0.00224	0.00376
26	0.00413	0.00294	0.00389	0.00458	0.00479	0.00276	0.00306	0.00473	0.00640	0.00855	0.04610	0.79199	0.02170	0.05846	0.00494	0.00145	0.00200	0.02180	0.00304	0.00268
27	0.00723	0.08990	0.42979	0.01075	0.01471	0.00829	0.34033	0.01032	0.00729	0.01026	0.00656	0.03735	0.00515	0.00324	0.00340	0.00106	0.00496	0.00321	0.00157	0.00461
28	0.00522	0.00366	0.00457	0.00473	0.00569	0.00338	0.00381	0.00653	0.01698	0.05739	0.17838	0.08772	0.30549	0.00823	0.00414	0.00126	0.00223	0.29422	0.00324	0.00313
29	0.00488	0.00355	0.00481	0.00535	0.03791	0.00359	0.00380	0.00587	0.00651	0.00892	0.09398	0.19248	0.05269	0.16681	0.20257	0.00255	0.00397	0.16483	0.03208	0.00286
30	0.00470	0.00365	0.00417	0.00399	0.00501	0.00334	0.00300	0.00642	0.06361	0.02165	0.40165	0.02713	0.41430	0.01774	0.00403	0.00111	0.00173	0.00628	0.00336	0.00314
31	0.00443	0.00341	0.00410	0.00402	0.00492	0.00308	0.00306	0.00568	0.00838	0.01114	0.44429	0.04074	0.35346	0.00835	0.03942	0.00128	0.00200	0.05192	0.00332	0.00299
32	0.00761	0.00755	0.08507	0.09666	0.12083	0.00743	0.00674	0.02995	0.45060	0.02148	0.05833	0.05018	0.01024	0.00457	0.00344	0.00111	0.00313	0.02750	0.00279	0.00479

[dist]
# distance from previous block
# <min> <max>
6	48

[block]
# block no. 8 follows, 85 sequences, length 8
# corresponding to MSA columns:
# 430-437
name=unknown_I
#
# <colnr> <probs for GDERKNQSTAVLIFYWHMCP>
#	G	D	E	R	K	N	Q	S	T	A	V	L	I	F	Y	W	H	M	C	P
0	0.00667	0.03896	0.23301	0.03774	0.02357	0.00641	0.02795	0.08019	0.14024	0.01201	0.17717	0.05094	0.11964	0.00524	0.00352	0.00108	0.00317	0.02564	0.00265	0.00421
1	0.00508	0.00481	0.05925	0.10368	0.00802	0.00448	0.01942	0.00654	0.02671	0.00903	0.10755	0.12989	0.13847	0.12243	0.17056	0.00224	0.03249	0.04383	0.00240	0.00312
2	0.00589	0.00522	0.04169	0.11263	0.06149	0.00531	0.01814	0.02901	0.04292	0.02683	0.04908	0.17963	0.05829	0.07953	0.15727	0.00210	0.07107	0.04812	0.00233	0.00345
3	0.00775	0.13565	0.10387	0.00746	0.08252	0.03211	0.03919	0.05053	0.00748	0.01077	0.00587	0.00690	0.00480	0.00275	0.00268	0.00069	0.00330	0.00221	0.00185	0.49164
4	0.00414	0.00296	0.00396	0.00473	0.00496	0.00278	0.00324	0.00478	0.00645	0.00858	0.01826	0.82251	0.02178	0.01033	0.00427	0.00136	0.00201	0.06709	0.00308	0.00272
5	0.00775	0.00741	0.01263	0.22810	0.65849	0.00777	0.00996	0.00978	0.00734	0.01028	0.00617	0.00838	0.00506	0.00305	0.00330	0.00102	0.00406	0.00296	0.00160	0.00488
6	0.00759	0.00721	0.01222	0.29356	0.42663	0.00781	0.07264	0.04576	0.00749	0.01031	0.00654	0.03551	0.00547	0.00347	0.00372	0.00107	0.04350	0.00323	0.00170	0.00456
7	0.00888	0.88522	0.01741	0.00569	0.00853	0.01315	0.00569	0.00995	0.00675	0.00782	0.00462	0.00533	0.00426	0.00284	0.00213	0.00071	0.00355	0.00178	0.00142	0.00426

[dist]
# distance from previous block
# <min> <max>
0	0

# created by:
# /home/cegg/simao/soft/augustus-3.2.1/scripts/msa2prfl.pl ./align_prep/EOG092C4IM8.fa
