[name]
unknown

[dist]
# distance from previous block
# <min> <max>
0	84

[block]
# block no. 0 follows, 52 sequences, length 57
# corresponding to MSA columns:
# 795-820,822-833,835-853
name=unknown_A
#
# <colnr> <probs for GDERKNQSTAVLIFYWHMCP>
#	G	D	E	R	K	N	Q	S	T	A	V	L	I	F	Y	W	H	M	C	P
0	0.05110	0.01095	0.08953	0.00912	0.01332	0.02200	0.02775	0.08336	0.03778	0.24910	0.01261	0.01321	0.00915	0.00496	0.00432	0.00122	0.00449	0.01890	0.00397	0.33317
1	0.01198	0.04634	0.39145	0.05764	0.04355	0.01055	0.07027	0.05911	0.03179	0.13088	0.05325	0.03042	0.03003	0.00556	0.00483	0.00153	0.00599	0.00469	0.00318	0.00695
2	0.01442	0.05487	0.11298	0.01100	0.03409	0.06823	0.05717	0.11269	0.10261	0.21469	0.01590	0.13567	0.01333	0.00707	0.00500	0.00157	0.00512	0.02249	0.00420	0.00690
3	0.00858	0.00770	0.01227	0.08524	0.13793	0.02886	0.08397	0.01079	0.00919	0.01263	0.01365	0.03853	0.04955	0.02273	0.45023	0.00500	0.00989	0.00544	0.00265	0.00518
4	0.00958	0.02429	0.77480	0.01355	0.02045	0.01098	0.01740	0.01503	0.01020	0.01524	0.00937	0.04066	0.00710	0.00500	0.00466	0.00155	0.00700	0.00396	0.00214	0.00704
5	0.01395	0.03177	0.24450	0.04410	0.01905	0.04599	0.19613	0.09409	0.05121	0.17895	0.02500	0.01315	0.00895	0.00509	0.00495	0.00153	0.00635	0.00460	0.00346	0.00717
6	0.01205	0.05683	0.27249	0.01466	0.07858	0.01220	0.15620	0.07155	0.19300	0.05075	0.01201	0.01297	0.00890	0.00514	0.00507	0.00155	0.02110	0.00455	0.00319	0.00724
7	0.00970	0.00935	0.01154	0.01040	0.01089	0.07918	0.00830	0.01089	0.00808	0.01137	0.00968	0.03011	0.00961	0.08883	0.26279	0.00403	0.41318	0.00486	0.00242	0.00479
8	0.00686	0.00495	0.00648	0.00610	0.00724	0.00457	0.00457	0.00914	0.01372	0.01943	0.79691	0.03620	0.04572	0.00991	0.00572	0.00152	0.00229	0.00876	0.00533	0.00457
9	0.01060	0.01060	0.01484	0.01272	0.01272	0.01484	0.01060	0.01166	0.00742	0.01166	0.00636	0.01060	0.00636	0.00848	0.01590	0.00212	0.82082	0.00424	0.00212	0.00530
10	0.05605	0.11060	0.15813	0.07096	0.09477	0.08045	0.12346	0.04281	0.02618	0.15336	0.03074	0.01243	0.00873	0.00495	0.00462	0.00145	0.00607	0.00423	0.00316	0.00683
11	0.00683	0.00495	0.00644	0.00607	0.00722	0.00456	0.00455	0.00909	0.01365	0.01928	0.77873	0.03645	0.06399	0.00996	0.00572	0.00153	0.00229	0.00880	0.00531	0.00456
12	0.00692	0.00519	0.00779	0.00779	0.00865	0.00606	0.00606	0.00865	0.00779	0.01125	0.01298	0.01904	0.01211	0.03634	0.81049	0.00779	0.01298	0.00519	0.00260	0.00433
13	0.01387	0.12684	0.29995	0.01305	0.01771	0.31266	0.08009	0.05465	0.01222	0.01429	0.00823	0.00967	0.00640	0.00471	0.00443	0.00137	0.00750	0.00351	0.00239	0.00646
14	0.01362	0.02844	0.30659	0.03030	0.05404	0.02672	0.17523	0.03101	0.02787	0.21853	0.03213	0.01336	0.00922	0.00504	0.00493	0.00153	0.00629	0.00457	0.00337	0.00721
15	0.00573	0.00491	0.00491	0.00491	0.00655	0.00409	0.00368	0.00695	0.01105	0.01309	0.04909	0.04664	0.79750	0.01227	0.00573	0.00164	0.00245	0.01023	0.00450	0.00409
16	0.02174	0.00825	0.01125	0.00862	0.01237	0.00712	0.00712	0.02362	0.01387	0.80282	0.01912	0.01649	0.01200	0.00600	0.00487	0.00150	0.00412	0.00487	0.00600	0.00825
17	0.06726	0.03123	0.03834	0.00902	0.01287	0.03089	0.00756	0.23782	0.08069	0.03524	0.02403	0.01156	0.00867	0.00489	0.00440	0.00117	0.02226	0.00370	0.00366	0.36472
18	0.01060	0.01060	0.01484	0.01272	0.01272	0.01484	0.01060	0.01166	0.00742	0.01166	0.00636	0.01060	0.00636	0.00848	0.01590	0.00212	0.82082	0.00424	0.00212	0.00530
19	0.00705	0.00470	0.00529	0.00529	0.00529	0.00470	0.00294	0.00705	0.00705	0.00940	0.01527	0.03171	0.01762	0.82969	0.02467	0.00470	0.00470	0.00705	0.00294	0.00294
20	0.01842	0.01357	0.01454	0.01115	0.01503	0.01503	0.00921	0.78330	0.02278	0.03054	0.01163	0.01163	0.00824	0.00582	0.00485	0.00145	0.00533	0.00436	0.00485	0.00824
21	0.01659	0.05483	0.10516	0.01305	0.04145	0.03227	0.17476	0.19342	0.01468	0.28493	0.01301	0.01317	0.00891	0.00522	0.00491	0.00149	0.00583	0.00461	0.00413	0.00757
22	0.01205	0.01041	0.01096	0.00986	0.01260	0.01205	0.00767	0.02575	0.79071	0.02027	0.01972	0.01808	0.01479	0.00657	0.00493	0.00164	0.00384	0.00548	0.00493	0.00767
23	0.00915	0.00861	0.01453	0.81804	0.03338	0.01077	0.01346	0.01238	0.00969	0.01238	0.00861	0.01292	0.00646	0.00484	0.00484	0.00161	0.00646	0.00431	0.00215	0.00538
24	0.00783	0.00656	0.01002	0.00922	0.01010	0.00793	0.04505	0.00949	0.00787	0.01147	0.01169	0.01767	0.01103	0.05974	0.59476	0.00632	0.16105	0.00511	0.00251	0.00456
25	0.01228	0.01137	0.01915	0.05818	0.73342	0.01146	0.01450	0.03292	0.01133	0.03522	0.00940	0.01213	0.00775	0.00441	0.00480	0.00145	0.00573	0.00433	0.00253	0.00762
26	0.01055	0.00860	0.01010	0.00724	0.01152	0.00649	0.00580	0.01269	0.01021	0.04963	0.00906	0.01033	0.00738	0.00369	0.00364	0.00075	0.00361	0.00296	0.00301	0.82273
27	0.00842	0.00421	0.00631	0.00631	0.00631	0.00421	0.00421	0.00631	0.00631	0.00842	0.00842	0.01473	0.00842	0.01684	0.01894	0.85901	0.00421	0.00421	0.00210	0.00210
28	0.01005	0.00861	0.01005	0.00718	0.01148	0.00646	0.00574	0.01220	0.01005	0.01579	0.00861	0.01005	0.00718	0.00359	0.00359	0.00072	0.00359	0.00287	0.00287	0.85932
29	0.00715	0.00553	0.00651	0.06441	0.00919	0.00518	0.00498	0.00930	0.04974	0.04430	0.16273	0.10140	0.46047	0.02770	0.00603	0.00171	0.00295	0.02164	0.00451	0.00457
30	0.00676	0.00495	0.00634	0.00600	0.00718	0.00453	0.00450	0.00896	0.01349	0.01890	0.73357	0.03708	0.10940	0.01011	0.00572	0.00153	0.00230	0.00889	0.00526	0.00453
31	0.01373	0.06781	0.32892	0.01203	0.03314	0.02428	0.02788	0.12167	0.13680	0.15095	0.01245	0.01265	0.00886	0.00535	0.00489	0.00151	0.02183	0.00421	0.00358	0.00745
32	0.02767	0.06851	0.12522	0.14528	0.16092	0.07564	0.07364	0.12181	0.06081	0.07861	0.01049	0.01206	0.00785	0.00495	0.00470	0.00147	0.00612	0.00421	0.00309	0.00696
33	0.00703	0.00476	0.00561	0.00561	0.00572	0.00488	0.00334	0.00726	0.00714	0.00964	0.01497	0.03006	0.01690	0.72616	0.12722	0.00510	0.00578	0.00681	0.00289	0.00312
34	0.00590	0.00422	0.00562	0.00675	0.00703	0.00394	0.00450	0.00675	0.00928	0.01237	0.02671	0.82653	0.03205	0.01518	0.00619	0.00197	0.00281	0.01378	0.00450	0.00394
35	0.01220	0.02513	0.06685	0.10483	0.13151	0.10465	0.08894	0.04894	0.08641	0.08001	0.01392	0.13118	0.01245	0.00682	0.00530	0.00159	0.02363	0.02852	0.02077	0.00632
36	0.06966	0.10754	0.12924	0.03130	0.05392	0.06968	0.02209	0.22860	0.06949	0.13523	0.01136	0.01176	0.00826	0.00533	0.00475	0.00145	0.02535	0.00402	0.00373	0.00724
37	0.00905	0.00908	0.01766	0.15185	0.01997	0.00896	0.35949	0.01185	0.01047	0.01392	0.01663	0.25812	0.04189	0.00819	0.00575	0.00176	0.00593	0.04087	0.00316	0.00539
38	0.01177	0.01061	0.07593	0.02498	0.09533	0.00850	0.06779	0.04102	0.03424	0.09889	0.01123	0.02400	0.01999	0.00467	0.00455	0.00115	0.02363	0.00399	0.01796	0.41976
39	0.01142	0.11160	0.01185	0.02146	0.03786	0.00880	0.00691	0.04014	0.08951	0.09869	0.06800	0.03990	0.05012	0.00643	0.00451	0.00128	0.00395	0.07879	0.01632	0.29246
40	0.74206	0.00911	0.00765	0.00688	0.00952	0.01073	0.00564	0.01363	0.00816	0.02027	0.00723	0.00894	0.00587	0.00732	0.06919	0.00205	0.05472	0.00293	0.00291	0.00518
41	0.01901	0.01179	0.01337	0.01032	0.01407	0.01249	0.00851	0.53246	0.03415	0.25324	0.01398	0.01332	0.00953	0.00656	0.02263	0.00161	0.00512	0.00455	0.00513	0.00815
42	0.00621	0.00483	0.00565	0.00565	0.00690	0.00427	0.00416	0.00782	0.01190	0.01558	0.35156	0.14880	0.38590	0.01170	0.00579	0.00164	0.00243	0.01011	0.00484	0.00427
43	0.86392	0.00937	0.00712	0.00637	0.00937	0.01087	0.00525	0.01425	0.00825	0.02174	0.00675	0.00787	0.00525	0.00450	0.00300	0.00150	0.00375	0.00262	0.00300	0.00525
44	0.00705	0.00472	0.00588	0.00635	0.00723	0.00426	0.00443	0.00812	0.01023	0.06662	0.08407	0.50532	0.20980	0.04388	0.00665	0.00193	0.00285	0.01175	0.00460	0.00427
45	0.01296	0.83261	0.02539	0.00829	0.01244	0.01917	0.00829	0.01451	0.00985	0.01140	0.00674	0.00777	0.00622	0.00415	0.00311	0.00104	0.00518	0.00259	0.00207	0.00622
46	0.00665	0.00495	0.00619	0.00588	0.00711	0.00448	0.00441	0.00874	0.01323	0.01827	0.65999	0.03811	0.18336	0.01034	0.00572	0.00154	0.00232	0.00903	0.00518	0.00448
47	0.86392	0.00937	0.00712	0.00637	0.00937	0.01087	0.00525	0.01425	0.00825	0.02174	0.00675	0.00787	0.00525	0.00450	0.00300	0.00150	0.00375	0.00262	0.00300	0.00525
48	0.00903	0.00452	0.00452	0.00452	0.00565	0.00452	0.00339	0.01129	0.01016	0.01807	0.01581	0.01807	0.01242	0.00565	0.00339	0.00113	0.00226	0.00452	0.85659	0.00452
49	0.86392	0.00937	0.00712	0.00637	0.00937	0.01087	0.00525	0.01425	0.00825	0.02174	0.00675	0.00787	0.00525	0.00450	0.00300	0.00150	0.00375	0.00262	0.00300	0.00525
50	0.01810	0.02310	0.01373	0.01248	0.01498	0.81024	0.00936	0.01935	0.01373	0.01186	0.00749	0.00874	0.00624	0.00499	0.00437	0.00125	0.00874	0.00312	0.00250	0.00562
51	0.86392	0.00937	0.00712	0.00637	0.00937	0.01087	0.00525	0.01425	0.00825	0.02174	0.00675	0.00787	0.00525	0.00450	0.00300	0.00150	0.00375	0.00262	0.00300	0.00525
52	0.01185	0.01137	0.01942	0.06864	0.76166	0.01148	0.01480	0.01475	0.01097	0.01566	0.00909	0.01204	0.00762	0.00434	0.00480	0.00145	0.00579	0.00432	0.00239	0.00756
53	0.00720	0.00564	0.00794	0.00791	0.00881	0.02617	0.00614	0.00892	0.00794	0.01126	0.01284	0.01878	0.01197	0.03556	0.79032	0.00762	0.01287	0.00514	0.00259	0.00436
54	0.00609	0.00451	0.00623	0.00706	0.00755	0.00420	0.02414	0.00706	0.00946	0.01254	0.02729	0.74990	0.06657	0.01472	0.00617	0.00195	0.00297	0.03313	0.00445	0.00402
55	0.27659	0.02991	0.01085	0.02226	0.06957	0.08963	0.00732	0.10645	0.07073	0.09666	0.02734	0.04407	0.01032	0.04635	0.00520	0.00161	0.00468	0.01982	0.00365	0.05699
56	0.02828	0.00527	0.00649	0.00613	0.00748	0.00491	0.00461	0.00986	0.03238	0.04749	0.57557	0.07433	0.14146	0.01003	0.00558	0.00155	0.00248	0.00874	0.02264	0.00471

[dist]
# distance from previous block
# <min> <max>
1	22

[block]
# block no. 1 follows, 52 sequences, length 22
# corresponding to MSA columns:
# 934-955
name=unknown_B
#
# <colnr> <probs for GDERKNQSTAVLIFYWHMCP>
#	G	D	E	R	K	N	Q	S	T	A	V	L	I	F	Y	W	H	M	C	P
0	0.01122	0.04953	0.04568	0.01195	0.12196	0.02610	0.06608	0.05909	0.01112	0.01634	0.00884	0.01051	0.00722	0.00396	0.00402	0.00099	0.00466	0.00339	0.00281	0.53452
1	0.08404	0.17983	0.01700	0.04240	0.12533	0.30313	0.04278	0.05246	0.03297	0.02910	0.00834	0.00988	0.00685	0.00490	0.00470	0.00135	0.04256	0.00350	0.00265	0.00624
2	0.00647	0.00484	0.00600	0.03067	0.00773	0.00446	0.00454	0.00812	0.01154	0.01560	0.33521	0.24920	0.23722	0.01160	0.00572	0.00166	0.00260	0.01017	0.04238	0.00430
3	0.00791	0.00552	0.00697	0.00673	0.00704	0.00604	0.00459	0.00846	0.00783	0.03557	0.03342	0.07158	0.01696	0.49763	0.11435	0.02241	0.09735	0.02671	0.01924	0.00368
4	0.00703	0.00518	0.00604	0.00626	0.00766	0.00466	0.00482	0.00875	0.02944	0.04863	0.08469	0.18300	0.43490	0.01242	0.00591	0.00178	0.00295	0.13685	0.00462	0.00442
5	0.00607	0.00469	0.00549	0.00578	0.00682	0.00416	0.00412	0.00737	0.01095	0.01414	0.20462	0.29719	0.36294	0.03515	0.00639	0.00180	0.00260	0.01097	0.00464	0.00411
6	0.67514	0.00912	0.00805	0.00688	0.01004	0.01003	0.00567	0.01635	0.00951	0.19683	0.00952	0.00980	0.00676	0.00483	0.00342	0.00150	0.00383	0.00313	0.00367	0.00592
7	0.01680	0.01237	0.01321	0.01035	0.01387	0.01365	0.00848	0.64503	0.07557	0.02823	0.01409	0.01402	0.04293	0.00614	0.00479	0.00145	0.00490	0.00470	0.06163	0.00777
8	0.01296	0.83261	0.02539	0.00829	0.01244	0.01917	0.00829	0.01451	0.00985	0.01140	0.00674	0.00777	0.00622	0.00415	0.00311	0.00104	0.00518	0.00259	0.00207	0.00622
9	0.00916	0.00862	0.01434	0.74791	0.03145	0.01084	0.01307	0.01222	0.00950	0.01231	0.00863	0.01298	0.00663	0.00604	0.03086	0.00184	0.05176	0.00433	0.00217	0.00535
10	0.01756	0.01274	0.01362	0.01054	0.01416	0.01406	0.00867	0.71226	0.02162	0.02939	0.01202	0.01223	0.00863	0.00580	0.00471	0.00142	0.00505	0.00438	0.08323	0.00790
11	0.04452	0.14980	0.14519	0.00952	0.01361	0.02699	0.00905	0.15148	0.06205	0.14790	0.03568	0.03553	0.02510	0.00559	0.00436	0.00134	0.00486	0.00434	0.01821	0.10489
12	0.24310	0.01385	0.05784	0.01055	0.03652	0.20506	0.04235	0.07536	0.01250	0.21986	0.01084	0.01113	0.00772	0.00506	0.00423	0.00142	0.00563	0.00370	0.00369	0.02959
13	0.00590	0.00422	0.00562	0.00675	0.00703	0.00394	0.00450	0.00675	0.00928	0.01237	0.02671	0.82653	0.03205	0.01518	0.00619	0.00197	0.00281	0.01378	0.00450	0.00394
14	0.00815	0.00545	0.00651	0.00608	0.00770	0.00490	0.00461	0.01034	0.04043	0.09927	0.37317	0.07139	0.32277	0.01049	0.00562	0.00159	0.00262	0.00900	0.00504	0.00486
15	0.14497	0.02883	0.08512	0.15758	0.15360	0.07317	0.09770	0.07142	0.06352	0.06417	0.01002	0.01180	0.00755	0.00485	0.00456	0.00151	0.00593	0.00413	0.00299	0.00661
16	0.00683	0.00471	0.00529	0.00561	0.00657	0.00444	0.00401	0.00816	0.01000	0.01401	0.03070	0.29122	0.29229	0.04071	0.00618	0.00173	0.02252	0.00960	0.23127	0.00414
17	0.05882	0.00811	0.01075	0.00834	0.01192	0.00715	0.00687	0.02248	0.01351	0.72554	0.03891	0.01667	0.01259	0.00602	0.00477	0.00149	0.00401	0.00486	0.02928	0.00791
18	0.01236	0.01072	0.01565	0.24319	0.13342	0.05800	0.08007	0.06487	0.03257	0.09544	0.02473	0.01331	0.00858	0.00707	0.04359	0.00191	0.14070	0.00457	0.00295	0.00630
19	0.07138	0.19455	0.14634	0.09388	0.07123	0.04595	0.13227	0.05255	0.04766	0.08548	0.00986	0.01129	0.00745	0.00471	0.00442	0.00143	0.00604	0.00398	0.00285	0.00669
20	0.00975	0.00972	0.07020	0.14855	0.03957	0.02591	0.04281	0.04556	0.01048	0.04775	0.03289	0.07410	0.17800	0.00930	0.03564	0.00195	0.18655	0.02262	0.00322	0.00543
21	0.15143	0.08596	0.06565	0.05591	0.02828	0.07390	0.17141	0.12147	0.02812	0.05096	0.02924	0.02793	0.00894	0.02478	0.00534	0.00156	0.03069	0.00445	0.02769	0.00627

[dist]
# distance from previous block
# <min> <max>
0	60

[block]
# block no. 2 follows, 52 sequences, length 14
# corresponding to MSA columns:
# 1042-1047,1049-1053,1055-1057
name=unknown_C
#
# <colnr> <probs for GDERKNQSTAVLIFYWHMCP>
#	G	D	E	R	K	N	Q	S	T	A	V	L	I	F	Y	W	H	M	C	P
0	0.01415	0.20835	0.15947	0.01158	0.01556	0.20426	0.04871	0.12699	0.01270	0.03155	0.00846	0.00979	0.00674	0.00501	0.00511	0.00134	0.06913	0.00350	0.00272	0.05487
1	0.02733	0.00607	0.00765	0.00701	0.00870	0.00578	0.00543	0.03993	0.04701	0.13956	0.46043	0.10111	0.06249	0.00964	0.00556	0.00161	0.00295	0.05119	0.00520	0.00534
2	0.06214	0.00556	0.00667	0.00645	0.00799	0.00516	0.00491	0.01052	0.01157	0.12092	0.24308	0.17827	0.20507	0.02996	0.00599	0.00174	0.00297	0.06429	0.02189	0.00483
3	0.00687	0.00518	0.00638	0.00619	0.00741	0.00485	0.00459	0.00947	0.05748	0.01766	0.54370	0.12314	0.16756	0.01068	0.00572	0.00160	0.00246	0.00937	0.00508	0.00460
4	0.08484	0.00837	0.01048	0.00822	0.01164	0.00777	0.00675	0.08325	0.01376	0.59613	0.01721	0.01561	0.01122	0.00583	0.00457	0.00146	0.00399	0.00462	0.09669	0.00762
5	0.01296	0.83261	0.02539	0.00829	0.01244	0.01917	0.00829	0.01451	0.00985	0.01140	0.00674	0.00777	0.00622	0.00415	0.00311	0.00104	0.00518	0.00259	0.00207	0.00622
6	0.43672	0.01030	0.00912	0.00777	0.01082	0.07572	0.00628	0.08553	0.04527	0.17561	0.01410	0.01395	0.07918	0.00575	0.00398	0.00149	0.00426	0.00408	0.00394	0.00614
7	0.00632	0.00475	0.00641	0.06906	0.00921	0.00463	0.00534	0.00748	0.00958	0.01254	0.02716	0.60402	0.10514	0.03411	0.00654	0.00200	0.00324	0.07412	0.00428	0.00408
8	0.01542	0.11156	0.01543	0.01146	0.03868	0.10852	0.05972	0.23507	0.03258	0.13815	0.01235	0.07473	0.01022	0.02250	0.00628	0.00157	0.09017	0.00495	0.00382	0.00680
9	0.00715	0.00611	0.00720	0.00769	0.00838	0.06906	0.03455	0.00823	0.00997	0.01285	0.06817	0.68500	0.02981	0.01364	0.00600	0.00187	0.00346	0.01233	0.00431	0.00421
10	0.01099	0.00858	0.01014	0.00729	0.01156	0.00651	0.00585	0.01312	0.01036	0.07902	0.00946	0.01057	0.00756	0.00378	0.00369	0.00078	0.00363	0.00303	0.00312	0.79095
11	0.00970	0.00924	0.01228	0.01081	0.01108	0.03580	0.00873	0.01084	0.00810	0.01198	0.06892	0.01578	0.01128	0.09723	0.11705	0.00304	0.54578	0.00497	0.00252	0.00489
12	0.03550	0.00924	0.01439	0.36465	0.07178	0.00938	0.08595	0.01319	0.01016	0.03902	0.00903	0.01186	0.00701	0.00433	0.00445	0.00129	0.00545	0.00392	0.00259	0.29680
13	0.03796	0.20527	0.17728	0.03268	0.03933	0.11661	0.01006	0.07894	0.01168	0.05116	0.00976	0.05608	0.00827	0.00515	0.00415	0.00127	0.00564	0.00389	0.00284	0.14200

[dist]
# distance from previous block
# <min> <max>
0	11

[block]
# block no. 3 follows, 52 sequences, length 33
# corresponding to MSA columns:
# 1077-1100,1118-1126
name=unknown_D
#
# <colnr> <probs for GDERKNQSTAVLIFYWHMCP>
#	G	D	E	R	K	N	Q	S	T	A	V	L	I	F	Y	W	H	M	C	P
0	0.03725	0.00952	0.01238	0.22573	0.08224	0.01061	0.00945	0.15473	0.17083	0.08460	0.03299	0.02727	0.05512	0.00724	0.03399	0.00178	0.00514	0.00515	0.02737	0.00662
1	0.00889	0.00517	0.00624	0.00590	0.00656	0.00496	0.00378	0.00947	0.00892	0.11459	0.11765	0.07138	0.02127	0.57368	0.01867	0.00373	0.00421	0.00733	0.00373	0.00389
2	0.01296	0.83261	0.02539	0.00829	0.01244	0.01917	0.00829	0.01451	0.00985	0.01140	0.00674	0.00777	0.00622	0.00415	0.00311	0.00104	0.00518	0.00259	0.00207	0.00622
3	0.00705	0.00470	0.00529	0.00529	0.00529	0.00470	0.00294	0.00705	0.00705	0.00940	0.01527	0.03171	0.01762	0.82969	0.02467	0.00470	0.00470	0.00705	0.00294	0.00294
4	0.01919	0.00769	0.01039	0.00816	0.01148	0.00668	0.00667	0.02110	0.01377	0.66982	0.13039	0.02012	0.03843	0.00673	0.00502	0.00151	0.00382	0.00557	0.00586	0.00761
5	0.00574	0.00485	0.00497	0.00508	0.00659	0.00408	0.00376	0.00694	0.01088	0.01302	0.04703	0.11843	0.72703	0.01254	0.00577	0.00167	0.00249	0.01055	0.00450	0.00408
6	0.01548	0.01073	0.01140	0.00907	0.01209	0.01173	0.00739	0.54130	0.01883	0.02663	0.01294	0.01365	0.00955	0.00576	0.00439	0.00135	0.00437	0.00441	0.27185	0.00707
7	0.00583	0.00491	0.00505	0.00501	0.00661	0.00413	0.00376	0.00714	0.01128	0.01364	0.11400	0.04573	0.73225	0.01207	0.00573	0.00163	0.00244	0.01010	0.00457	0.00413
8	0.02174	0.00825	0.01125	0.00862	0.01237	0.00712	0.00712	0.02362	0.01387	0.80282	0.01912	0.01649	0.01200	0.00600	0.00487	0.00150	0.00412	0.00487	0.00600	0.00825
9	0.00686	0.00495	0.00648	0.00610	0.00724	0.00457	0.00457	0.00914	0.01372	0.01943	0.79691	0.03620	0.04572	0.00991	0.00572	0.00152	0.00229	0.00876	0.00533	0.00457
10	0.00623	0.00487	0.00565	0.00558	0.00689	0.00428	0.00414	0.00787	0.01203	0.01574	0.36725	0.11286	0.40623	0.01152	0.00576	0.00162	0.00241	0.00992	0.00486	0.00428
11	0.01060	0.01060	0.01484	0.01272	0.01272	0.01484	0.01060	0.01166	0.00742	0.01166	0.00636	0.01060	0.00636	0.00848	0.01590	0.00212	0.82082	0.00424	0.00212	0.00530
12	0.01060	0.01060	0.01484	0.01272	0.01272	0.01484	0.01060	0.01166	0.00742	0.01166	0.00636	0.01060	0.00636	0.00848	0.01590	0.00212	0.82082	0.00424	0.00212	0.00530
13	0.00681	0.00446	0.00582	0.00643	0.00665	0.00433	0.00427	0.00703	0.00829	0.01102	0.02026	0.39888	0.02359	0.24915	0.01368	0.14729	0.00372	0.07128	0.00364	0.00338
14	0.01801	0.01210	0.01333	0.01041	0.01406	0.01311	0.00853	0.55436	0.10409	0.15609	0.01386	0.01331	0.00969	0.00592	0.00482	0.00147	0.00488	0.00457	0.02931	0.00807
15	0.01257	0.01095	0.01108	0.00984	0.01258	0.04903	0.00767	0.09945	0.62869	0.02043	0.01969	0.03723	0.04541	0.00686	0.00496	0.00161	0.00413	0.00564	0.00478	0.00740
16	0.01036	0.01056	0.11199	0.40467	0.04622	0.00927	0.01135	0.01345	0.01028	0.07407	0.02644	0.02962	0.00841	0.00491	0.00456	0.00138	0.00550	0.00421	0.00273	0.21000
17	0.01160	0.11639	0.48566	0.01258	0.01826	0.03675	0.05531	0.04396	0.03899	0.06682	0.01035	0.01147	0.02172	0.00497	0.00484	0.00147	0.02967	0.00387	0.00261	0.02268
18	0.00921	0.00869	0.01455	0.78588	0.03255	0.01093	0.01334	0.01235	0.00960	0.01235	0.00852	0.01283	0.00646	0.00499	0.00529	0.00164	0.03898	0.00430	0.00215	0.00538
19	0.00915	0.00861	0.01453	0.81804	0.03338	0.01077	0.01346	0.01238	0.00969	0.01238	0.00861	0.01292	0.00646	0.00484	0.00484	0.00161	0.00646	0.00431	0.00215	0.00538
20	0.00806	0.00690	0.01085	0.12111	0.03129	0.00673	0.11882	0.01059	0.02475	0.03403	0.29823	0.07428	0.21700	0.00896	0.00557	0.00160	0.00394	0.00810	0.00417	0.00502
21	0.05000	0.14496	0.21890	0.03185	0.04505	0.02253	0.14220	0.02813	0.05090	0.16610	0.01145	0.03047	0.00857	0.00514	0.00484	0.00149	0.02294	0.00438	0.00318	0.00692
22	0.07873	0.00816	0.01069	0.00831	0.01188	0.00726	0.00684	0.02235	0.01338	0.71240	0.03398	0.01635	0.01223	0.00597	0.00472	0.00149	0.00401	0.00479	0.02860	0.00787
23	0.00611	0.00487	0.00549	0.00557	0.00691	0.00425	0.00416	0.00760	0.01152	0.01465	0.23245	0.13060	0.49487	0.01205	0.00581	0.00167	0.00253	0.03997	0.00471	0.00421
24	0.05414	0.01147	0.05688	0.21444	0.27346	0.03172	0.05666	0.08652	0.01215	0.14000	0.01066	0.01258	0.00786	0.00488	0.00477	0.00151	0.00583	0.00434	0.00315	0.00700
25	0.04702	0.03340	0.17991	0.01250	0.01607	0.01210	0.11414	0.10584	0.02815	0.15776	0.01068	0.01215	0.00792	0.00598	0.00765	0.00167	0.21773	0.00436	0.01821	0.00678
26	0.00596	0.00477	0.00534	0.00560	0.00684	0.00415	0.00410	0.00723	0.01091	0.01364	0.12293	0.23306	0.50940	0.01275	0.00587	0.00172	0.00258	0.03444	0.00459	0.00412
27	0.00602	0.00433	0.00565	0.00666	0.00704	0.00404	0.00451	0.00690	0.00935	0.01236	0.02742	0.71505	0.07516	0.05273	0.00704	0.00209	0.00294	0.04237	0.00442	0.00392
28	0.04059	0.09298	0.09648	0.14245	0.09691	0.04147	0.05056	0.21092	0.05479	0.09310	0.01075	0.01199	0.00794	0.00518	0.00486	0.00148	0.02295	0.00417	0.00341	0.00705
29	0.01004	0.00815	0.01092	0.03966	0.22171	0.00851	0.00812	0.01489	0.18686	0.01690	0.04838	0.06183	0.08132	0.00671	0.00486	0.00146	0.02040	0.00577	0.21101	0.03252
30	0.00613	0.00445	0.00579	0.00653	0.00710	0.00412	0.00453	0.00733	0.01036	0.01392	0.18595	0.58906	0.09193	0.01384	0.00607	0.00186	0.00271	0.02956	0.00467	0.00409
31	0.01089	0.01001	0.01593	0.39017	0.24917	0.02944	0.04476	0.02825	0.04080	0.03904	0.05141	0.01399	0.00945	0.00521	0.00538	0.00157	0.04093	0.00464	0.00269	0.00628
32	0.05032	0.03336	0.02648	0.04403	0.08690	0.00877	0.04468	0.07457	0.02915	0.07290	0.03437	0.03117	0.00943	0.00469	0.00418	0.00111	0.00437	0.00395	0.00328	0.43228

[dist]
# distance from previous block
# <min> <max>
0	60

[block]
# block no. 4 follows, 52 sequences, length 14
# corresponding to MSA columns:
# 1187-1200
name=unknown_E
#
# <colnr> <probs for GDERKNQSTAVLIFYWHMCP>
#	G	D	E	R	K	N	Q	S	T	A	V	L	I	F	Y	W	H	M	C	P
0	0.57682	0.05223	0.04578	0.02658	0.05369	0.04839	0.03269	0.06788	0.01007	0.03703	0.00773	0.00895	0.00596	0.00462	0.00353	0.00147	0.00463	0.00308	0.00301	0.00584
1	0.78880	0.00927	0.00749	0.00657	0.00964	0.01054	0.00542	0.01508	0.00875	0.09141	0.00785	0.00864	0.00585	0.00463	0.00317	0.00150	0.00378	0.00282	0.00327	0.00552
2	0.01081	0.01280	0.13114	0.23464	0.21231	0.01150	0.15940	0.01609	0.13205	0.01547	0.01070	0.01314	0.00818	0.00481	0.00498	0.00157	0.00631	0.00466	0.00269	0.00677
3	0.06038	0.00689	0.00889	0.00740	0.00996	0.00624	0.00587	0.01712	0.01289	0.44004	0.22956	0.06827	0.02210	0.02843	0.00550	0.00159	0.00344	0.00635	0.05257	0.00650
4	0.00608	0.00434	0.00582	0.00695	0.00731	0.00409	0.00480	0.00705	0.00945	0.01257	0.02661	0.75560	0.03167	0.01502	0.00623	0.00199	0.00296	0.08298	0.00450	0.00398
5	0.00627	0.00487	0.00560	0.00552	0.00677	0.00431	0.00403	0.00781	0.01172	0.01529	0.33887	0.09140	0.40193	0.06567	0.00701	0.00182	0.00256	0.00967	0.00472	0.00419
6	0.00761	0.00564	0.00766	0.00749	0.00837	0.00638	0.00560	0.03847	0.04270	0.01199	0.01370	0.02135	0.01323	0.19855	0.58130	0.00664	0.01057	0.00556	0.00286	0.00433
7	0.00813	0.00493	0.00601	0.00567	0.00691	0.00465	0.00428	0.01039	0.01256	0.04814	0.51174	0.02952	0.03354	0.00836	0.00492	0.00139	0.00235	0.00723	0.28460	0.00469
8	0.00842	0.00421	0.00631	0.00631	0.00631	0.00421	0.00421	0.00631	0.00631	0.00842	0.00842	0.01473	0.00842	0.01684	0.01894	0.85901	0.00421	0.00421	0.00210	0.00210
9	0.02174	0.00825	0.01125	0.00862	0.01237	0.00712	0.00712	0.02362	0.01387	0.80282	0.01912	0.01649	0.01200	0.00600	0.00487	0.00150	0.00412	0.00487	0.00600	0.00825
10	0.00590	0.00422	0.00562	0.00675	0.00703	0.00394	0.00450	0.00675	0.00928	0.01237	0.02671	0.82653	0.03205	0.01518	0.00619	0.00197	0.00281	0.01378	0.00450	0.00394
11	0.00972	0.02507	0.80458	0.01381	0.02097	0.01125	0.01790	0.01535	0.01023	0.01535	0.00870	0.01023	0.00614	0.00460	0.00460	0.00153	0.00716	0.00358	0.00205	0.00716
12	0.01144	0.01307	0.02859	0.02042	0.02533	0.01225	0.78186	0.01552	0.01144	0.01552	0.00980	0.01307	0.00735	0.00408	0.00572	0.00163	0.00817	0.00572	0.00245	0.00654
13	0.17062	0.02995	0.13915	0.06188	0.18615	0.02936	0.04491	0.09236	0.02803	0.12545	0.01034	0.01153	0.00761	0.00483	0.00441	0.00146	0.00543	0.00394	0.00324	0.03934

[dist]
# distance from previous block
# <min> <max>
0	1

[block]
# block no. 5 follows, 52 sequences, length 7
# corresponding to MSA columns:
# 1202-1208
name=unknown_F
#
# <colnr> <probs for GDERKNQSTAVLIFYWHMCP>
#	G	D	E	R	K	N	Q	S	T	A	V	L	I	F	Y	W	H	M	C	P
0	0.08603	0.07132	0.06134	0.01285	0.14001	0.15319	0.00911	0.14042	0.08640	0.04536	0.01114	0.01433	0.00945	0.13002	0.00747	0.00191	0.00569	0.00435	0.00327	0.00636
1	0.01842	0.01357	0.01454	0.01115	0.01503	0.01503	0.00921	0.78330	0.02278	0.03054	0.01163	0.01163	0.00824	0.00582	0.00485	0.00145	0.00533	0.00436	0.00485	0.00824
2	0.00982	0.00929	0.01574	0.63324	0.21298	0.01094	0.01379	0.01297	0.01001	0.01319	0.00873	0.01270	0.00675	0.00472	0.00483	0.00157	0.00630	0.00431	0.00221	0.00592
3	0.00915	0.00861	0.01453	0.81804	0.03338	0.01077	0.01346	0.01238	0.00969	0.01238	0.00861	0.01292	0.00646	0.00484	0.00484	0.00161	0.00646	0.00431	0.00215	0.00538
4	0.66496	0.01158	0.01017	0.00861	0.01173	0.11777	0.08414	0.01506	0.00930	0.01980	0.00716	0.00851	0.00559	0.00452	0.00346	0.00148	0.00486	0.00300	0.00288	0.00543
5	0.00757	0.00470	0.00674	0.00674	0.00709	0.00505	0.00475	0.00740	0.00704	0.00975	0.01147	0.01944	0.01153	0.16560	0.34414	0.36241	0.00789	0.00510	0.00245	0.00316
6	0.03257	0.26678	0.12345	0.03456	0.09530	0.04219	0.02964	0.06040	0.10357	0.01515	0.00940	0.01095	0.00768	0.00532	0.00578	0.00145	0.12172	0.00377	0.02376	0.00655

[dist]
# distance from previous block
# <min> <max>
0	3

[block]
# block no. 6 follows, 52 sequences, length 13
# corresponding to MSA columns:
# 1257-1269
name=unknown_G
#
# <colnr> <probs for GDERKNQSTAVLIFYWHMCP>
#	G	D	E	R	K	N	Q	S	T	A	V	L	I	F	Y	W	H	M	C	P
0	0.01135	0.21261	0.31782	0.07275	0.04562	0.04230	0.06696	0.04590	0.01083	0.01476	0.00838	0.01009	0.00654	0.00440	0.00423	0.00131	0.00620	0.00350	0.00233	0.11213
1	0.01144	0.01307	0.02859	0.02042	0.02533	0.01225	0.78186	0.01552	0.01144	0.01552	0.00980	0.01307	0.00735	0.00408	0.00572	0.00163	0.00817	0.00572	0.00245	0.00654
2	0.01296	0.83261	0.02539	0.00829	0.01244	0.01917	0.00829	0.01451	0.00985	0.01140	0.00674	0.00777	0.00622	0.00415	0.00311	0.00104	0.00518	0.00259	0.00207	0.00622
3	0.00737	0.00587	0.00787	0.06765	0.01011	0.00578	0.03021	0.01046	0.07754	0.01734	0.47557	0.10729	0.13850	0.00987	0.00563	0.00160	0.00299	0.00872	0.00478	0.00483
4	0.00654	0.00458	0.00613	0.00705	0.00748	0.00443	0.00504	0.00750	0.00925	0.01229	0.02410	0.52608	0.02807	0.10406	0.03709	0.03422	0.00376	0.16429	0.00417	0.00388
5	0.05283	0.00519	0.00632	0.00596	0.00727	0.00485	0.00450	0.00915	0.01309	0.01877	0.66149	0.03597	0.13694	0.00991	0.00557	0.00154	0.00239	0.00862	0.00511	0.00455
6	0.01053	0.00890	0.01031	0.00741	0.01169	0.00696	0.00594	0.05683	0.01079	0.01664	0.00879	0.01014	0.00724	0.00372	0.00366	0.00076	0.00369	0.00296	0.00299	0.81006
7	0.00842	0.00421	0.00631	0.00631	0.00631	0.00421	0.00421	0.00631	0.00631	0.00842	0.00842	0.01473	0.00842	0.01684	0.01894	0.85901	0.00421	0.00421	0.00210	0.00210
8	0.00711	0.00542	0.00726	0.00766	0.06368	0.00502	0.00522	0.00933	0.01325	0.01853	0.66469	0.03553	0.11943	0.00975	0.00565	0.00153	0.00255	0.00860	0.00504	0.00474
9	0.00797	0.00608	0.00806	0.02794	0.04756	0.00622	0.00672	0.04203	0.08830	0.01471	0.02381	0.42112	0.02633	0.01263	0.00606	0.00196	0.00374	0.23949	0.00439	0.00486
10	0.01160	0.01082	0.01608	0.15077	0.26843	0.05038	0.08328	0.05923	0.06588	0.03195	0.01103	0.05648	0.00938	0.00678	0.03859	0.00177	0.05295	0.00492	0.00290	0.06679
11	0.08548	0.03194	0.05099	0.13853	0.19579	0.06221	0.03103	0.07438	0.07556	0.07599	0.03896	0.01413	0.00990	0.00528	0.00461	0.00145	0.00537	0.02543	0.00326	0.06971
12	0.05744	0.06282	0.01860	0.07374	0.28675	0.05224	0.16095	0.05949	0.06722	0.03552	0.00996	0.01200	0.00785	0.00457	0.00468	0.00142	0.00592	0.00432	0.00285	0.07165

[dist]
# distance from previous block
# <min> <max>
0	118

[block]
# block no. 7 follows, 52 sequences, length 27
# corresponding to MSA columns:
# 1391-1415,1472,1473
name=unknown_H
#
# <colnr> <probs for GDERKNQSTAVLIFYWHMCP>
#	G	D	E	R	K	N	Q	S	T	A	V	L	I	F	Y	W	H	M	C	P
0	0.06145	0.10475	0.21191	0.02146	0.06155	0.04193	0.06795	0.01538	0.02464	0.12440	0.12514	0.01509	0.01322	0.00559	0.00485	0.00143	0.02603	0.00458	0.02424	0.04440
1	0.03352	0.01370	0.16862	0.02880	0.11321	0.04039	0.08560	0.15024	0.03210	0.04877	0.09268	0.01404	0.01156	0.00525	0.00471	0.00138	0.00545	0.00452	0.00336	0.14212
2	0.04542	0.32275	0.14274	0.01126	0.06762	0.08437	0.02532	0.05361	0.05094	0.04072	0.00887	0.00992	0.00713	0.00452	0.00391	0.00122	0.00557	0.00332	0.00268	0.10813
3	0.02316	0.05984	0.18517	0.07554	0.15023	0.08648	0.08966	0.01495	0.03350	0.06391	0.04410	0.07041	0.03610	0.00583	0.00482	0.00148	0.00588	0.00511	0.00296	0.04085
4	0.01074	0.00876	0.00975	0.00908	0.03027	0.00958	0.00683	0.02020	0.50776	0.04452	0.18144	0.02379	0.08490	0.00760	0.00513	0.00159	0.00346	0.00645	0.00491	0.02326
5	0.00885	0.00754	0.01082	0.06656	0.22188	0.03033	0.00800	0.01032	0.00878	0.01199	0.01307	0.02100	0.03509	0.27249	0.21585	0.02284	0.02156	0.00553	0.00265	0.00486
6	0.00933	0.00922	0.01569	0.01271	0.01476	0.04042	0.26371	0.01157	0.00927	0.01277	0.01198	0.08465	0.01137	0.05238	0.28967	0.00401	0.13272	0.00595	0.00265	0.00516
7	0.00915	0.00861	0.01453	0.81804	0.03338	0.01077	0.01346	0.01238	0.00969	0.01238	0.00861	0.01292	0.00646	0.00484	0.00484	0.00161	0.00646	0.00431	0.00215	0.00538
8	0.00694	0.00512	0.00743	0.00743	0.00818	0.00587	0.00562	0.00843	0.00768	0.01099	0.01330	0.02083	0.01289	0.14852	0.69938	0.00735	0.01181	0.00545	0.00264	0.00413
9	0.00692	0.00519	0.00779	0.00779	0.00865	0.00606	0.00606	0.00865	0.00779	0.01125	0.01298	0.01904	0.01211	0.03634	0.81049	0.00779	0.01298	0.00519	0.00260	0.00433
10	0.01060	0.01060	0.01484	0.01272	0.01272	0.01484	0.01060	0.01166	0.00742	0.01166	0.00636	0.01060	0.00636	0.00848	0.01590	0.00212	0.82082	0.00424	0.00212	0.00530
11	0.00601	0.00429	0.00574	0.00687	0.00719	0.00402	0.00468	0.00693	0.00938	0.01249	0.02665	0.78488	0.03183	0.01509	0.00621	0.00198	0.00290	0.05441	0.00450	0.00396
12	0.00694	0.00511	0.00736	0.00736	0.00808	0.00583	0.00553	0.00838	0.00766	0.01093	0.01337	0.02120	0.01305	0.17165	0.67646	0.00726	0.01157	0.00551	0.00265	0.00409
13	0.01014	0.01028	0.05832	0.47092	0.23871	0.01091	0.01334	0.01389	0.05221	0.01411	0.00958	0.01295	0.00744	0.00488	0.00497	0.00156	0.02102	0.00434	0.03425	0.00619
14	0.01196	0.01557	0.24127	0.06312	0.37188	0.03023	0.09953	0.04452	0.01141	0.05045	0.00954	0.01177	0.00732	0.00455	0.00484	0.00150	0.00644	0.00426	0.00255	0.00728
15	0.79830	0.01004	0.00755	0.00676	0.00973	0.04815	0.00551	0.01484	0.03258	0.02124	0.00718	0.00823	0.00559	0.00459	0.00312	0.00149	0.00398	0.00274	0.00304	0.00534
16	0.00972	0.02507	0.80458	0.01381	0.02097	0.01125	0.01790	0.01535	0.01023	0.01535	0.00870	0.01023	0.00614	0.00460	0.00460	0.00153	0.00716	0.00358	0.00205	0.00716
17	0.00590	0.00425	0.00559	0.00666	0.00701	0.00394	0.00446	0.00676	0.00936	0.01240	0.02774	0.79052	0.06739	0.01505	0.00616	0.00195	0.00280	0.01361	0.00450	0.00394
18	0.01104	0.11415	0.51377	0.01223	0.01800	0.03756	0.02945	0.05562	0.04726	0.03095	0.05115	0.01188	0.00893	0.00498	0.00451	0.00144	0.00633	0.00390	0.00263	0.03423
19	0.01130	0.16747	0.48825	0.05628	0.01923	0.01295	0.03637	0.07168	0.03424	0.03289	0.00910	0.01049	0.00675	0.00476	0.00459	0.00146	0.01913	0.00365	0.00245	0.00697
20	0.01280	0.56481	0.02040	0.00882	0.01210	0.15477	0.00794	0.01422	0.01040	0.01160	0.00954	0.11059	0.00962	0.00658	0.02633	0.00138	0.00572	0.00415	0.00246	0.00578
21	0.00956	0.00561	0.00648	0.00588	0.00762	0.00512	0.00450	0.03574	0.01214	0.13526	0.21199	0.03199	0.28264	0.04092	0.00582	0.00160	0.00281	0.00758	0.18175	0.00501
22	0.05525	0.01137	0.18137	0.09992	0.08903	0.00853	0.05541	0.01328	0.02336	0.08855	0.12550	0.12359	0.05696	0.00734	0.00524	0.00160	0.01820	0.00639	0.02315	0.00595
23	0.03010	0.01172	0.10094	0.08395	0.05662	0.01024	0.08513	0.16240	0.03918	0.31743	0.01430	0.03064	0.01013	0.00574	0.00494	0.00154	0.00533	0.01785	0.00434	0.00746
24	0.01786	0.00814	0.01052	0.00843	0.01160	0.00758	0.00682	0.05634	0.10030	0.54064	0.15769	0.01996	0.01815	0.00675	0.00503	0.00152	0.00382	0.00561	0.00571	0.00753
25	0.70572	0.00996	0.03901	0.02663	0.03170	0.01063	0.00638	0.01467	0.00877	0.06295	0.00765	0.00876	0.00581	0.00462	0.00346	0.00149	0.01599	0.00290	0.00307	0.02984
26	0.66910	0.00891	0.00764	0.00670	0.00962	0.00994	0.00547	0.03230	0.00949	0.11439	0.03251	0.03629	0.00836	0.00524	0.00346	0.00150	0.00372	0.00352	0.02625	0.00559

[dist]
# distance from previous block
# <min> <max>
1	2

[block]
# block no. 8 follows, 52 sequences, length 18
# corresponding to MSA columns:
# 1476-1493
name=unknown_I
#
# <colnr> <probs for GDERKNQSTAVLIFYWHMCP>
#	G	D	E	R	K	N	Q	S	T	A	V	L	I	F	Y	W	H	M	C	P
0	0.00653	0.00490	0.00606	0.00586	0.00706	0.00442	0.00436	0.00848	0.01282	0.01751	0.57364	0.08678	0.22220	0.01079	0.00575	0.00158	0.00236	0.00941	0.00509	0.00442
1	0.00714	0.00641	0.05410	0.00743	0.02402	0.00543	0.00578	0.02452	0.01154	0.01594	0.31718	0.28304	0.12481	0.01125	0.00605	0.00170	0.03003	0.02874	0.03027	0.00462
2	0.09150	0.14098	0.24973	0.05974	0.10538	0.03768	0.01196	0.10793	0.04454	0.03902	0.01041	0.01346	0.00844	0.00535	0.00444	0.00148	0.00577	0.05252	0.00292	0.00675
3	0.07194	0.02846	0.08975	0.03535	0.01521	0.02734	0.03983	0.34941	0.12860	0.07124	0.01211	0.01256	0.00885	0.00575	0.00537	0.00153	0.05720	0.00436	0.02781	0.00733
4	0.86392	0.00937	0.00712	0.00637	0.00937	0.01087	0.00525	0.01425	0.00825	0.02174	0.00675	0.00787	0.00525	0.00450	0.00300	0.00150	0.00375	0.00262	0.00300	0.00525
5	0.00693	0.00515	0.00759	0.00759	0.00839	0.00595	0.00581	0.00853	0.00773	0.01110	0.01316	0.02004	0.01255	0.09912	0.74831	0.00754	0.01232	0.00534	0.00262	0.00422
6	0.01027	0.16310	0.67139	0.01287	0.01951	0.01261	0.01626	0.01520	0.01017	0.01467	0.00836	0.00981	0.00615	0.00453	0.00435	0.00145	0.00682	0.00341	0.00205	0.00700
7	0.01085	0.01023	0.01745	0.30298	0.47352	0.01095	0.03627	0.01386	0.01054	0.01472	0.00927	0.01263	0.00746	0.00456	0.00478	0.00149	0.00591	0.00436	0.04147	0.00670
8	0.01296	0.83261	0.02539	0.00829	0.01244	0.01917	0.00829	0.01451	0.00985	0.01140	0.00674	0.00777	0.00622	0.00415	0.00311	0.00104	0.00518	0.00259	0.00207	0.00622
9	0.01810	0.02310	0.01373	0.01248	0.01498	0.81024	0.00936	0.01935	0.01373	0.01186	0.00749	0.00874	0.00624	0.00499	0.00437	0.00125	0.00874	0.00312	0.00250	0.00562
10	0.00861	0.00477	0.00706	0.00688	0.00688	0.00514	0.00477	0.00678	0.00641	0.00870	0.00824	0.01437	0.00824	0.01610	0.01867	0.78381	0.07587	0.00421	0.00211	0.00238
11	0.00796	0.00451	0.00676	0.00676	0.00703	0.00477	0.00477	0.00703	0.00676	0.00928	0.00981	0.01605	0.00955	0.02280	0.26086	0.59885	0.00689	0.00451	0.00225	0.00278
12	0.01238	0.00615	0.00816	0.00697	0.00907	0.00551	0.00547	0.01452	0.01366	0.30657	0.48753	0.02841	0.03233	0.00834	0.00533	0.00150	0.00296	0.00721	0.03201	0.00592
13	0.00645	0.00532	0.00664	0.00616	0.00776	0.00468	0.03995	0.00821	0.01200	0.01547	0.30829	0.04169	0.47405	0.01110	0.00575	0.00162	0.00272	0.03305	0.00470	0.00438
14	0.01274	0.00616	0.00782	0.00685	0.00899	0.00554	0.00542	0.01457	0.01227	0.31609	0.16670	0.04519	0.13537	0.04761	0.00605	0.00169	0.00330	0.06540	0.12644	0.00580
15	0.06177	0.03537	0.09108	0.09399	0.10937	0.01182	0.21605	0.15052	0.05968	0.05726	0.01097	0.01273	0.00816	0.00490	0.00482	0.00151	0.00599	0.00459	0.05257	0.00686
16	0.01073	0.01013	0.01532	0.26792	0.32411	0.03751	0.01203	0.03112	0.01056	0.01452	0.01002	0.06976	0.00887	0.00542	0.00528	0.00147	0.04499	0.00476	0.00258	0.11290
17	0.09197	0.03995	0.02672	0.04826	0.11632	0.07683	0.04510	0.03656	0.04566	0.08432	0.01447	0.05127	0.08099	0.00625	0.01732	0.00142	0.00491	0.00479	0.00333	0.20353

[dist]
# distance from previous block
# <min> <max>
0	9

# created by:
# /home/cegg/simao/soft/augustus-3.2.1/scripts/msa2prfl.pl ./align_prep/EOG092C4H6Z.fa
