[name]
unknown

[dist]
# distance from previous block
# <min> <max>
0	243

[block]
# block no. 0 follows, 62 sequences, length 10
# corresponding to MSA columns:
# 243-252
name=unknown_A
#
# <colnr> <probs for GDERKNQSTAVLIFYWHMCP>
#	G	D	E	R	K	N	Q	S	T	A	V	L	I	F	Y	W	H	M	C	P
0	0.00686	0.00490	0.00686	0.00784	0.00882	0.00490	0.00686	0.00882	0.00980	0.01273	0.02253	0.04800	0.02449	0.01175	0.00588	0.00196	0.00392	0.79528	0.00392	0.00392
1	0.00793	0.00397	0.00397	0.00397	0.00496	0.00397	0.00297	0.00991	0.00892	0.01586	0.01388	0.01586	0.01091	0.00496	0.00297	0.00099	0.00198	0.00397	0.87408	0.00397
2	0.88052	0.00823	0.00625	0.00560	0.00823	0.00955	0.00461	0.01251	0.00724	0.01909	0.00592	0.00691	0.00461	0.00395	0.00263	0.00132	0.00329	0.00230	0.00263	0.00461
3	0.00504	0.00427	0.00436	0.00443	0.00578	0.00358	0.00328	0.00609	0.00959	0.01145	0.04171	0.09824	0.76580	0.01096	0.00506	0.00146	0.00218	0.00920	0.00395	0.00358
4	0.05145	0.00550	0.00685	0.00674	0.00732	0.00615	0.00487	0.00887	0.06500	0.04191	0.03833	0.34478	0.01846	0.19973	0.03743	0.00239	0.13928	0.00774	0.00328	0.00391
5	0.00814	0.00463	0.00585	0.00577	0.00665	0.00440	0.00403	0.00936	0.02827	0.14445	0.10084	0.31947	0.02123	0.21961	0.03490	0.00232	0.00329	0.00792	0.06482	0.00404
6	0.01239	0.00904	0.02643	0.10174	0.02930	0.02284	0.00775	0.28627	0.01291	0.13234	0.02733	0.04151	0.04554	0.00684	0.03205	0.00157	0.11363	0.01865	0.06607	0.00581
7	0.00626	0.00454	0.00549	0.02865	0.00706	0.00426	0.00412	0.00772	0.02578	0.05025	0.13175	0.18880	0.35994	0.03944	0.09442	0.00213	0.00344	0.00828	0.02378	0.00389
8	0.06449	0.03301	0.01174	0.11331	0.03102	0.03208	0.03461	0.26670	0.08125	0.11767	0.01088	0.03657	0.00847	0.02671	0.01955	0.01558	0.06845	0.00415	0.01783	0.00593
9	0.05674	0.00959	0.04616	0.13082	0.06952	0.03575	0.04547	0.15461	0.08209	0.05790	0.01032	0.05391	0.00837	0.00552	0.02229	0.00137	0.03431	0.00407	0.02446	0.14674

[dist]
# distance from previous block
# <min> <max>
4	130

[block]
# block no. 1 follows, 62 sequences, length 23
# corresponding to MSA columns:
# 447-469
name=unknown_B
#
# <colnr> <probs for GDERKNQSTAVLIFYWHMCP>
#	G	D	E	R	K	N	Q	S	T	A	V	L	I	F	Y	W	H	M	C	P
0	0.02198	0.05536	0.05630	0.00655	0.00881	0.00638	0.00543	0.02512	0.07449	0.01305	0.05059	0.18411	0.13658	0.01957	0.00518	0.03705	0.02304	0.00602	0.01783	0.24656
1	0.04101	0.10369	0.02447	0.02783	0.00954	0.03667	0.02805	0.15455	0.05125	0.01378	0.01256	0.06089	0.05498	0.17958	0.02654	0.09294	0.01689	0.00481	0.03410	0.02586
2	0.02429	0.16920	0.16711	0.06001	0.04347	0.14563	0.04204	0.09698	0.03574	0.06214	0.03131	0.02400	0.00767	0.00447	0.00384	0.00118	0.00528	0.00347	0.00262	0.06959
3	0.04177	0.11196	0.14377	0.04952	0.06719	0.03336	0.06948	0.15238	0.03388	0.13338	0.05175	0.02520	0.00911	0.00491	0.00443	0.00130	0.03600	0.00396	0.02060	0.00605
4	0.00677	0.00528	0.00632	0.00646	0.00747	0.00540	0.00472	0.02866	0.16026	0.01342	0.12058	0.40855	0.10539	0.02931	0.00562	0.00164	0.01857	0.04393	0.00402	0.01764
5	0.02132	0.00838	0.11478	0.12667	0.06419	0.00696	0.03991	0.02769	0.06615	0.03270	0.15726	0.08156	0.14729	0.00720	0.00463	0.00142	0.00387	0.05008	0.01867	0.01928
6	0.02845	0.07154	0.06528	0.13846	0.12301	0.03182	0.07195	0.05629	0.04313	0.05568	0.02569	0.02583	0.03143	0.00625	0.05646	0.00155	0.00510	0.00395	0.01573	0.14237
7	0.00962	0.03238	0.00875	0.08289	0.06503	0.05861	0.00627	0.01138	0.03865	0.14489	0.01563	0.22489	0.04362	0.02996	0.09682	0.02654	0.02509	0.00623	0.06801	0.00473
8	0.00660	0.00614	0.00570	0.00586	0.00692	0.10919	0.00422	0.00768	0.00977	0.01188	0.13481	0.31606	0.33846	0.01058	0.00502	0.00148	0.00295	0.00910	0.00382	0.00377
9	0.02998	0.02794	0.01129	0.15826	0.04303	0.04049	0.05241	0.14575	0.05373	0.20193	0.05727	0.01485	0.01071	0.00526	0.00420	0.00131	0.00432	0.03619	0.09524	0.00582
10	0.03154	0.03971	0.02442	0.10489	0.01379	0.23128	0.04820	0.10671	0.02914	0.14641	0.02735	0.03198	0.00853	0.00527	0.01522	0.00130	0.01898	0.00384	0.06996	0.04148
11	0.00804	0.00756	0.01276	0.84023	0.02931	0.00945	0.01182	0.01087	0.00851	0.01087	0.00756	0.01134	0.00567	0.00425	0.00425	0.00142	0.00567	0.00378	0.00189	0.00473
12	0.88052	0.00823	0.00625	0.00560	0.00823	0.00955	0.00461	0.01251	0.00724	0.01909	0.00592	0.00691	0.00461	0.00395	0.00263	0.00132	0.00329	0.00230	0.00263	0.00461
13	0.00889	0.00762	0.00885	0.00639	0.01012	0.00585	0.00510	0.01114	0.03790	0.01401	0.00791	0.00908	0.00654	0.00325	0.00319	0.00066	0.00316	0.00260	0.00259	0.84515
14	0.01223	0.69587	0.02036	0.00798	0.01134	0.17093	0.00746	0.01354	0.00929	0.01009	0.00604	0.00699	0.00546	0.00378	0.00294	0.00095	0.00514	0.00236	0.00189	0.00536
15	0.02886	0.00744	0.00894	0.00780	0.00936	0.03106	0.00617	0.15905	0.04180	0.11152	0.04496	0.02915	0.01109	0.08013	0.26203	0.00329	0.10980	0.00456	0.03796	0.00503
16	0.01059	0.00799	0.01178	0.00958	0.01189	0.00814	0.16605	0.19512	0.06588	0.09675	0.05147	0.20146	0.01462	0.03897	0.08721	0.00208	0.00501	0.00637	0.00364	0.00541
17	0.27994	0.01149	0.02538	0.07687	0.04143	0.15313	0.09420	0.17762	0.01140	0.04217	0.00817	0.00984	0.00631	0.00518	0.02698	0.00145	0.00531	0.01480	0.00284	0.00549
18	0.00983	0.03918	0.07628	0.03202	0.02701	0.04395	0.06829	0.08665	0.19700	0.05156	0.02763	0.11185	0.01250	0.09520	0.08270	0.01944	0.00504	0.00535	0.00325	0.00529
19	0.00846	0.00811	0.06552	0.12529	0.06502	0.00835	0.00794	0.05781	0.06347	0.02837	0.11483	0.10714	0.07375	0.02084	0.03653	0.00173	0.17170	0.00565	0.02461	0.00488
20	0.02625	0.01085	0.16632	0.09048	0.05014	0.02458	0.11688	0.04151	0.12272	0.02495	0.10731	0.06193	0.02983	0.02067	0.00537	0.00146	0.06015	0.00502	0.02817	0.00541
21	0.00852	0.00701	0.03421	0.06333	0.04141	0.01837	0.00617	0.09798	0.05228	0.05417	0.19649	0.09730	0.14862	0.06497	0.02448	0.00174	0.04937	0.02520	0.00368	0.00472
22	0.02974	0.02458	0.08993	0.05261	0.11915	0.04889	0.11209	0.09843	0.08021	0.07146	0.06511	0.01455	0.05425	0.02622	0.00541	0.00143	0.06301	0.00451	0.03271	0.00571

[dist]
# distance from previous block
# <min> <max>
0	24

[block]
# block no. 2 follows, 62 sequences, length 13
# corresponding to MSA columns:
# 494-506
name=unknown_C
#
# <colnr> <probs for GDERKNQSTAVLIFYWHMCP>
#	G	D	E	R	K	N	Q	S	T	A	V	L	I	F	Y	W	H	M	C	P
0	0.03883	0.04851	0.08055	0.06802	0.06059	0.09028	0.03682	0.11923	0.09839	0.02338	0.02992	0.02211	0.00901	0.02676	0.12145	0.01554	0.05768	0.00403	0.04354	0.00535
1	0.00693	0.00458	0.00575	0.00605	0.00697	0.00433	0.00442	0.00850	0.04808	0.08263	0.05419	0.40825	0.16062	0.06548	0.02617	0.00192	0.00302	0.09415	0.00398	0.00399
2	0.01180	0.06664	0.03906	0.08118	0.07155	0.06424	0.11478	0.15201	0.16871	0.07543	0.03394	0.03385	0.00992	0.00522	0.00449	0.00135	0.02066	0.02432	0.01483	0.00604
3	0.00649	0.00440	0.00529	0.00540	0.00573	0.00444	0.00350	0.00735	0.06218	0.00966	0.02962	0.14294	0.04937	0.45654	0.03055	0.12610	0.00378	0.04068	0.00293	0.00303
4	0.00817	0.00669	0.02277	0.02933	0.00838	0.02442	0.00517	0.02928	0.19227	0.02699	0.03152	0.03380	0.04830	0.33013	0.08641	0.00295	0.06532	0.00542	0.03837	0.00430
5	0.08781	0.01050	0.01129	0.00884	0.01201	0.01144	0.00726	0.55715	0.06895	0.12953	0.01132	0.01109	0.00797	0.00507	0.00408	0.00128	0.00423	0.00383	0.03949	0.00685
6	0.01504	0.01091	0.01180	0.00936	0.01251	0.01206	0.00763	0.56277	0.21100	0.08304	0.01240	0.01189	0.00886	0.00528	0.00428	0.00132	0.00429	0.00410	0.00435	0.00712
7	0.00615	0.00641	0.10321	0.00605	0.00770	0.00463	0.00530	0.00831	0.01117	0.01558	0.58123	0.07391	0.13687	0.00866	0.00493	0.00137	0.00256	0.00756	0.00421	0.00420
8	0.00518	0.00370	0.00494	0.00592	0.00617	0.00346	0.00395	0.00592	0.00815	0.01086	0.02345	0.84768	0.02814	0.01333	0.00543	0.00173	0.00247	0.01210	0.00395	0.00346
9	0.04948	0.00961	0.01177	0.10796	0.01387	0.01093	0.00814	0.34798	0.01368	0.18907	0.01029	0.01105	0.00739	0.00544	0.00603	0.00141	0.16486	0.00384	0.02093	0.00627
10	0.00533	0.00381	0.00509	0.00601	0.00634	0.00357	0.00413	0.00621	0.00845	0.01131	0.06609	0.75596	0.02857	0.01299	0.00544	0.00172	0.00253	0.05895	0.00399	0.00351
11	0.00804	0.00756	0.01276	0.84023	0.02931	0.00945	0.01182	0.01087	0.00851	0.01087	0.00756	0.01134	0.00567	0.00425	0.00425	0.00142	0.00567	0.00378	0.00189	0.00473
12	0.61799	0.00960	0.05996	0.00847	0.03039	0.00972	0.12385	0.02988	0.02856	0.01777	0.00725	0.02717	0.00578	0.00418	0.00325	0.00135	0.00410	0.00311	0.00261	0.00501

[dist]
# distance from previous block
# <min> <max>
9	21

[block]
# block no. 3 follows, 62 sequences, length 13
# corresponding to MSA columns:
# 536-548
name=unknown_D
#
# <colnr> <probs for GDERKNQSTAVLIFYWHMCP>
#	G	D	E	R	K	N	Q	S	T	A	V	L	I	F	Y	W	H	M	C	P
0	0.09044	0.24508	0.04287	0.00985	0.06669	0.03804	0.03254	0.17842	0.15761	0.01625	0.00937	0.01028	0.00748	0.02380	0.00444	0.00128	0.03646	0.00344	0.00292	0.02273
1	0.39325	0.05750	0.05598	0.26523	0.01679	0.06606	0.06508	0.01245	0.00833	0.01475	0.00676	0.00877	0.00522	0.00404	0.00347	0.00132	0.00484	0.00303	0.00225	0.00489
2	0.05998	0.06685	0.00990	0.02280	0.01014	0.12801	0.00625	0.24441	0.01182	0.01570	0.01134	0.11283	0.01066	0.08628	0.14365	0.00245	0.00573	0.00481	0.04140	0.00500
3	0.00655	0.00479	0.00584	0.00560	0.00679	0.00451	0.00424	0.03796	0.03503	0.02980	0.47731	0.09080	0.19726	0.02614	0.00537	0.00148	0.00238	0.04965	0.00438	0.00411
4	0.00529	0.00377	0.00497	0.00582	0.00610	0.00353	0.00388	0.00607	0.00827	0.01109	0.07092	0.75248	0.02815	0.06012	0.00632	0.00184	0.00253	0.01150	0.00392	0.00344
5	0.05791	0.00669	0.01107	0.00877	0.01093	0.00647	0.25499	0.01138	0.00926	0.05352	0.01278	0.08825	0.01068	0.00524	0.00388	0.00123	0.00380	0.00494	0.43354	0.00467
6	0.00701	0.00385	0.00537	0.00537	0.00540	0.00389	0.00348	0.00581	0.00578	0.00774	0.00918	0.01707	0.00969	0.23716	0.05662	0.60384	0.00417	0.00440	0.00206	0.00213
7	0.01589	0.02028	0.01206	0.01096	0.01315	0.83338	0.00822	0.01699	0.01206	0.01041	0.00658	0.00767	0.00548	0.00438	0.00384	0.00110	0.00767	0.00274	0.00219	0.00493
8	0.88052	0.00823	0.00625	0.00560	0.00823	0.00955	0.00461	0.01251	0.00724	0.01909	0.00592	0.00691	0.00461	0.00395	0.00263	0.00132	0.00329	0.00230	0.00263	0.00461
9	0.00869	0.02092	0.74502	0.01273	0.01881	0.00997	0.09802	0.01349	0.00909	0.01349	0.00774	0.00924	0.00550	0.00400	0.00414	0.00136	0.00638	0.00334	0.00183	0.00623
10	0.00947	0.00502	0.00642	0.00595	0.00752	0.00443	0.00449	0.01080	0.01044	0.25633	0.17806	0.26459	0.20053	0.00947	0.00492	0.00147	0.00266	0.00823	0.00448	0.00473
11	0.00678	0.00430	0.00584	0.00580	0.00612	0.00458	0.00399	0.00703	0.03848	0.00880	0.01072	0.01846	0.01091	0.25886	0.26362	0.32976	0.00612	0.00471	0.00229	0.00284
12	0.04834	0.10538	0.12178	0.10104	0.12612	0.29848	0.02800	0.02919	0.02542	0.03292	0.00753	0.00901	0.00598	0.00414	0.00382	0.00118	0.00597	0.00312	0.00224	0.04033

[dist]
# distance from previous block
# <min> <max>
1	21

[block]
# block no. 4 follows, 62 sequences, length 12
# corresponding to MSA columns:
# 570-581
name=unknown_E
#
# <colnr> <probs for GDERKNQSTAVLIFYWHMCP>
#	G	D	E	R	K	N	Q	S	T	A	V	L	I	F	Y	W	H	M	C	P
0	0.30509	0.12809	0.16413	0.00777	0.01082	0.00994	0.01813	0.03532	0.02316	0.03721	0.02264	0.02561	0.06139	0.01840	0.02795	0.00152	0.06045	0.01653	0.02078	0.00508
1	0.01592	0.01952	0.01212	0.01086	0.01316	0.75920	0.00821	0.08869	0.01278	0.01190	0.00691	0.00790	0.00564	0.00445	0.00387	0.00111	0.00740	0.00284	0.00238	0.00514
2	0.01138	0.85302	0.02230	0.00728	0.01092	0.01684	0.00728	0.01274	0.00865	0.01001	0.00592	0.00683	0.00546	0.00364	0.00273	0.00091	0.00455	0.00228	0.00182	0.00546
3	0.31261	0.00893	0.00874	0.00762	0.01025	0.01015	0.00608	0.08584	0.41344	0.07463	0.01274	0.01220	0.00943	0.00505	0.00373	0.00138	0.00347	0.00382	0.00380	0.00608
4	0.01006	0.01282	0.24375	0.03500	0.04086	0.00947	0.21869	0.10777	0.05457	0.05338	0.10755	0.03002	0.02880	0.00515	0.00473	0.00138	0.02244	0.00475	0.00293	0.00588
5	0.00932	0.00760	0.06603	0.08766	0.07978	0.02330	0.03367	0.02847	0.00898	0.13491	0.04441	0.06223	0.05061	0.15418	0.16790	0.00291	0.02501	0.00523	0.00299	0.00478
6	0.00565	0.00432	0.00508	0.00522	0.00616	0.00396	0.00376	0.00714	0.03254	0.01280	0.24559	0.21923	0.31444	0.08229	0.00654	0.00172	0.00244	0.03338	0.00404	0.00369
7	0.00766	0.00484	0.00599	0.02311	0.00697	0.00474	0.00417	0.03738	0.00865	0.08676	0.08546	0.12234	0.08154	0.36587	0.03803	0.02119	0.00381	0.08438	0.00342	0.00368
8	0.03072	0.18424	0.13418	0.06150	0.07372	0.09537	0.10604	0.13292	0.01123	0.09509	0.00852	0.00966	0.00643	0.00431	0.00420	0.00124	0.02854	0.00345	0.00264	0.00601
9	0.00841	0.00682	0.04773	0.09292	0.09061	0.00637	0.02606	0.03888	0.06056	0.07803	0.03031	0.34811	0.01804	0.00874	0.00481	0.00153	0.00365	0.07311	0.05049	0.00481
10	0.00531	0.00382	0.00493	0.00577	0.00611	0.00357	0.00389	0.00606	0.00816	0.01077	0.02408	0.69439	0.08602	0.07983	0.00671	0.00191	0.00263	0.03878	0.00384	0.00341
11	0.02445	0.02752	0.10300	0.03751	0.11991	0.02783	0.10803	0.09047	0.02072	0.05968	0.04077	0.14590	0.03851	0.00643	0.00503	0.00141	0.05488	0.02207	0.06051	0.00539

[dist]
# distance from previous block
# <min> <max>
3	25

[block]
# block no. 5 follows, 62 sequences, length 14
# corresponding to MSA columns:
# 686-699
name=unknown_F
#
# <colnr> <probs for GDERKNQSTAVLIFYWHMCP>
#	G	D	E	R	K	N	Q	S	T	A	V	L	I	F	Y	W	H	M	C	P
0	0.00565	0.00439	0.00516	0.00511	0.00625	0.00386	0.00374	0.00700	0.01003	0.01324	0.29444	0.17077	0.34152	0.04449	0.00570	0.00153	0.00232	0.02371	0.00407	0.04702
1	0.03782	0.02509	0.08640	0.12155	0.01204	0.00677	0.03271	0.03474	0.06982	0.02920	0.09788	0.21627	0.06847	0.03769	0.00508	0.00148	0.00367	0.00650	0.04053	0.06628
2	0.05721	0.21737	0.11348	0.01129	0.10357	0.04592	0.05657	0.08913	0.04808	0.12168	0.00922	0.02521	0.00723	0.00468	0.00459	0.00127	0.07117	0.00356	0.00277	0.00602
3	0.05217	0.00574	0.00668	0.00614	0.00777	0.00569	0.00468	0.01241	0.15536	0.14034	0.25370	0.12104	0.12647	0.02505	0.00493	0.00145	0.00268	0.00681	0.05601	0.00488
4	0.00565	0.00422	0.00502	0.00536	0.00605	0.00395	0.00372	0.00687	0.03246	0.01152	0.11629	0.33338	0.23503	0.16809	0.00829	0.00206	0.00273	0.04202	0.00379	0.00351
5	0.16338	0.00944	0.02919	0.27390	0.08403	0.02669	0.05015	0.16070	0.03366	0.08369	0.00910	0.02447	0.00688	0.00463	0.00422	0.00136	0.02219	0.00377	0.00288	0.00567
6	0.07973	0.07040	0.07624	0.15977	0.08299	0.05776	0.10726	0.12945	0.08188	0.08455	0.00956	0.01102	0.00717	0.01877	0.00438	0.00136	0.00516	0.00379	0.00286	0.00591
7	0.00533	0.00416	0.00471	0.00496	0.00600	0.00365	0.00361	0.00648	0.00954	0.01216	0.13113	0.25917	0.46534	0.01107	0.00510	0.00150	0.00226	0.03048	0.02970	0.00363
8	0.01097	0.10906	0.38519	0.04036	0.03931	0.05593	0.02426	0.11819	0.04682	0.06811	0.00900	0.01011	0.00668	0.00587	0.05055	0.00159	0.00590	0.00342	0.00253	0.00614
9	0.88052	0.00823	0.00625	0.00560	0.00823	0.00955	0.00461	0.01251	0.00724	0.01909	0.00592	0.00691	0.00461	0.00395	0.00263	0.00132	0.00329	0.00230	0.00263	0.00461
10	0.03661	0.01203	0.25233	0.00813	0.01261	0.00730	0.00831	0.03911	0.00921	0.01436	0.00762	0.00886	0.00601	0.00351	0.00344	0.00089	0.00414	0.00274	0.00237	0.56043
11	0.00649	0.00457	0.00609	0.00659	0.05256	0.00479	0.00408	0.00696	0.00654	0.00900	0.01206	0.02246	0.01294	0.49724	0.26295	0.06744	0.00632	0.00538	0.00241	0.00313
12	0.05418	0.05621	0.01071	0.00768	0.01097	0.00765	0.00642	0.09386	0.01250	0.67150	0.01510	0.01333	0.00969	0.00510	0.00412	0.00129	0.00376	0.00404	0.00486	0.00703
13	0.00642	0.00454	0.00572	0.00626	0.05234	0.00462	0.00383	0.00710	0.00705	0.00977	0.01539	0.05207	0.07691	0.49114	0.17329	0.00397	0.00521	0.00599	0.06512	0.00326

[dist]
# distance from previous block
# <min> <max>
0	5

[block]
# block no. 6 follows, 62 sequences, length 27
# corresponding to MSA columns:
# 705-731
name=unknown_G
#
# <colnr> <probs for GDERKNQSTAVLIFYWHMCP>
#	G	D	E	R	K	N	Q	S	T	A	V	L	I	F	Y	W	H	M	C	P
0	0.00784	0.00588	0.00697	0.00659	0.02565	0.00589	0.00490	0.04683	0.17410	0.04960	0.42731	0.03960	0.16572	0.00812	0.00481	0.00138	0.00257	0.00700	0.00442	0.00482
1	0.00575	0.00424	0.00525	0.00538	0.00598	0.00425	0.00372	0.00657	0.00755	0.00997	0.03562	0.13701	0.20107	0.29631	0.24839	0.00392	0.00550	0.00718	0.00303	0.00330
2	0.00654	0.00507	0.00638	0.00639	0.00714	0.02630	0.00469	0.00831	0.06338	0.01042	0.02712	0.11231	0.06508	0.15748	0.44053	0.03283	0.00761	0.00593	0.00278	0.00372
3	0.01115	0.65353	0.04436	0.02103	0.03025	0.01538	0.07664	0.01284	0.00874	0.02863	0.00649	0.00776	0.00570	0.00394	0.00377	0.00105	0.05856	0.00273	0.00193	0.00551
4	0.07633	0.02657	0.03546	0.06004	0.12397	0.01747	0.00723	0.08967	0.02925	0.15014	0.04415	0.19528	0.05682	0.00706	0.00458	0.00140	0.01925	0.01932	0.00354	0.03246
5	0.01062	0.00964	0.06868	0.06515	0.07194	0.04077	0.10407	0.10948	0.07640	0.08864	0.06149	0.08362	0.02129	0.00660	0.03712	0.00152	0.01898	0.00488	0.01708	0.10205
6	0.01263	0.06951	0.12267	0.04416	0.05390	0.08573	0.03398	0.18827	0.14113	0.09647	0.01026	0.01092	0.00766	0.00504	0.00520	0.00135	0.09796	0.00376	0.00315	0.00624
7	0.11639	0.02427	0.06196	0.14722	0.12340	0.11486	0.08735	0.15728	0.02422	0.02724	0.00813	0.00991	0.00627	0.00448	0.00460	0.00133	0.05535	0.00357	0.01647	0.00571
8	0.00929	0.00873	0.02360	0.25937	0.26986	0.02162	0.05123	0.03360	0.11516	0.01369	0.05120	0.05233	0.01058	0.02077	0.00472	0.00143	0.00480	0.02651	0.01589	0.00559
9	0.00548	0.00405	0.00506	0.00545	0.00611	0.00374	0.00382	0.00659	0.00926	0.01234	0.22286	0.40320	0.17956	0.07046	0.02565	0.00187	0.00265	0.02429	0.00400	0.00357
10	0.00632	0.00446	0.00641	0.00638	0.00692	0.00503	0.00474	0.00712	0.00661	0.00933	0.01162	0.01802	0.02713	0.13961	0.57157	0.13394	0.02442	0.00473	0.00228	0.00336
11	0.00618	0.00427	0.00544	0.00544	0.00571	0.00454	0.00357	0.00667	0.00640	0.00880	0.01255	0.02354	0.01356	0.54054	0.30820	0.02691	0.00668	0.00555	0.00245	0.00299
12	0.69509	0.00824	0.00767	0.00648	0.00923	0.00916	0.04471	0.03311	0.00829	0.10683	0.00759	0.00832	0.00561	0.00414	0.00298	0.00131	0.00351	0.00274	0.02998	0.00500
13	0.00797	0.00744	0.01250	0.77546	0.05098	0.00917	0.01146	0.01069	0.00852	0.01096	0.00836	0.05282	0.00682	0.00469	0.00431	0.00143	0.00550	0.00419	0.00200	0.00472
14	0.01138	0.85302	0.02230	0.00728	0.01092	0.01684	0.00728	0.01274	0.00865	0.01001	0.00592	0.00683	0.00546	0.00364	0.00273	0.00091	0.00455	0.00228	0.00182	0.00546
15	0.00911	0.02149	0.00896	0.17847	0.01292	0.03441	0.00640	0.06242	0.03615	0.03254	0.01106	0.03150	0.03357	0.02362	0.04966	0.03186	0.01548	0.00389	0.15441	0.24207
16	0.00553	0.00399	0.00493	0.00549	0.00618	0.00359	0.00382	0.00646	0.00890	0.03138	0.07562	0.56007	0.24416	0.01217	0.00527	0.00162	0.00238	0.01080	0.00403	0.00362
17	0.83763	0.00841	0.00658	0.00580	0.00848	0.00973	0.00478	0.05206	0.00787	0.01947	0.00614	0.00708	0.00474	0.00401	0.00271	0.00131	0.00336	0.00238	0.00271	0.00474
18	0.00861	0.00815	0.01381	0.65182	0.21321	0.00961	0.01210	0.01138	0.00878	0.01157	0.00766	0.01116	0.00592	0.00415	0.00424	0.00138	0.00553	0.00378	0.00194	0.00519
19	0.00804	0.00756	0.01276	0.84023	0.02931	0.00945	0.01182	0.01087	0.00851	0.01087	0.00756	0.01134	0.00567	0.00425	0.00425	0.00142	0.00567	0.00378	0.00189	0.00473
20	0.01608	0.01149	0.01240	0.00953	0.01286	0.01263	0.00786	0.75230	0.01935	0.06228	0.01061	0.01056	0.00749	0.00511	0.00422	0.00127	0.00456	0.00385	0.02840	0.00715
21	0.00518	0.00370	0.00494	0.00592	0.00617	0.00346	0.00395	0.00592	0.00815	0.01086	0.02345	0.84768	0.02814	0.01333	0.00543	0.00173	0.00247	0.01210	0.00395	0.00346
22	0.02345	0.00527	0.00633	0.00641	0.00743	0.00529	0.00469	0.13029	0.01043	0.03973	0.06169	0.50974	0.02257	0.01043	0.00490	0.00155	0.00285	0.04435	0.09832	0.00428
23	0.00711	0.00591	0.02731	0.05484	0.03327	0.00599	0.03616	0.02418	0.04507	0.02344	0.11506	0.08730	0.07535	0.11826	0.25478	0.03004	0.03013	0.01869	0.00300	0.00412
24	0.09064	0.01930	0.02591	0.13432	0.13946	0.07516	0.01962	0.13330	0.03346	0.02650	0.00960	0.04636	0.02286	0.00768	0.07701	0.00187	0.12480	0.00410	0.00265	0.00540
25	0.00799	0.02586	0.03215	0.16687	0.07436	0.00720	0.05652	0.03947	0.03956	0.02190	0.08306	0.21238	0.05771	0.00785	0.00559	0.04977	0.02999	0.01913	0.00304	0.05961
26	0.04107	0.25767	0.05764	0.02994	0.02364	0.10828	0.05544	0.12015	0.07589	0.02370	0.00918	0.02558	0.02101	0.01526	0.00403	0.00116	0.01825	0.00343	0.00265	0.10600

[dist]
# distance from previous block
# <min> <max>
10	23

[block]
# block no. 7 follows, 62 sequences, length 6
# corresponding to MSA columns:
# 762-767
name=unknown_H
#
# <colnr> <probs for GDERKNQSTAVLIFYWHMCP>
#	G	D	E	R	K	N	Q	S	T	A	V	L	I	F	Y	W	H	M	C	P
0	0.05137	0.04851	0.13978	0.03054	0.03804	0.05307	0.03883	0.09130	0.05852	0.10434	0.02619	0.07443	0.03735	0.00775	0.07564	0.00176	0.02447	0.00446	0.00306	0.09059
1	0.28663	0.06974	0.08790	0.00829	0.01133	0.09302	0.03490	0.10299	0.08203	0.04345	0.02390	0.00983	0.00721	0.00520	0.02581	0.00139	0.02630	0.00322	0.01922	0.05761
2	0.00696	0.00453	0.00561	0.00562	0.00599	0.00460	0.00369	0.03637	0.05802	0.01017	0.04700	0.18556	0.01627	0.33003	0.01461	0.24893	0.00356	0.00655	0.00290	0.00304
3	0.00929	0.04466	0.28477	0.05265	0.08420	0.00885	0.11262	0.04068	0.05349	0.05940	0.10000	0.06933	0.05024	0.00559	0.00442	0.00137	0.00493	0.00497	0.00285	0.00570
4	0.00928	0.12075	0.56718	0.05727	0.01705	0.07149	0.01330	0.01318	0.00920	0.01263	0.00838	0.01148	0.00675	0.00457	0.00401	0.00132	0.00598	0.05836	0.00198	0.00583
5	0.00672	0.00469	0.00582	0.06354	0.00786	0.00469	0.00442	0.00917	0.06087	0.01516	0.35950	0.13943	0.08001	0.00810	0.00449	0.00133	0.00242	0.00705	0.21061	0.00412

[dist]
# distance from previous block
# <min> <max>
2	7

[block]
# block no. 8 follows, 62 sequences, length 13
# corresponding to MSA columns:
# 775-787
name=unknown_I
#
# <colnr> <probs for GDERKNQSTAVLIFYWHMCP>
#	G	D	E	R	K	N	Q	S	T	A	V	L	I	F	Y	W	H	M	C	P
0	0.43261	0.00862	0.05233	0.00664	0.00925	0.02314	0.00568	0.06788	0.06756	0.09587	0.09155	0.01407	0.05752	0.00533	0.00357	0.00133	0.00344	0.01758	0.03087	0.00514
1	0.00543	0.00420	0.00461	0.00470	0.00578	0.00369	0.00339	0.00657	0.00956	0.01225	0.15610	0.14782	0.49730	0.06901	0.00614	0.00163	0.00230	0.00877	0.04714	0.00359
2	0.00698	0.00570	0.00821	0.02699	0.02851	0.00695	0.00610	0.00809	0.00683	0.00983	0.01090	0.01650	0.03338	0.10845	0.46679	0.04864	0.19047	0.00459	0.00223	0.00385
3	0.00802	0.00715	0.05762	0.05506	0.04083	0.00666	0.04366	0.06537	0.09759	0.01498	0.19004	0.03726	0.09340	0.03342	0.07378	0.01368	0.00414	0.04913	0.10346	0.00474
4	0.00647	0.00437	0.00548	0.00550	0.00632	0.00419	0.00390	0.00751	0.00870	0.05989	0.15013	0.19919	0.18222	0.18663	0.14725	0.00293	0.00424	0.00783	0.00358	0.00368
5	0.01213	0.48647	0.07887	0.00909	0.01267	0.06135	0.05944	0.12927	0.03762	0.03459	0.00753	0.00842	0.00617	0.00418	0.00377	0.00110	0.03616	0.00296	0.00239	0.00583
6	0.00628	0.00451	0.00610	0.00651	0.02139	0.00429	0.02768	0.00769	0.03530	0.03581	0.10847	0.50190	0.07625	0.08773	0.00670	0.00184	0.00283	0.03339	0.02150	0.00381
7	0.06308	0.11875	0.08056	0.04354	0.10349	0.09360	0.06169	0.07645	0.06681	0.07188	0.06789	0.07392	0.01082	0.00536	0.00434	0.00129	0.02756	0.00441	0.00295	0.02162
8	0.05915	0.12722	0.04672	0.06676	0.05040	0.09478	0.06739	0.13529	0.13180	0.04340	0.03466	0.05565	0.00960	0.00533	0.00452	0.00132	0.04329	0.01395	0.00303	0.00574
9	0.09780	0.03260	0.03771	0.04452	0.11502	0.05495	0.05794	0.02491	0.02753	0.03453	0.08540	0.15875	0.04920	0.03317	0.03018	0.02129	0.05840	0.01623	0.01509	0.00476
10	0.01040	0.03911	0.10581	0.04814	0.02964	0.03003	0.03174	0.15298	0.10839	0.06437	0.03949	0.10531	0.05612	0.02105	0.02757	0.00152	0.02753	0.00511	0.01909	0.07661
11	0.04901	0.04688	0.07865	0.03140	0.04750	0.00745	0.03206	0.11742	0.03930	0.05065	0.05438	0.22793	0.10219	0.04814	0.00537	0.00155	0.00374	0.02250	0.00345	0.03044
12	0.05080	0.09173	0.06380	0.04409	0.07136	0.12118	0.04087	0.12814	0.06555	0.04632	0.03573	0.05438	0.04719	0.01983	0.00449	0.00129	0.01971	0.00426	0.01840	0.07090

[dist]
# distance from previous block
# <min> <max>
8	78

[block]
# block no. 9 follows, 62 sequences, length 28
# corresponding to MSA columns:
# 1162-1189
name=unknown_J
#
# <colnr> <probs for GDERKNQSTAVLIFYWHMCP>
#	G	D	E	R	K	N	Q	S	T	A	V	L	I	F	Y	W	H	M	C	P
0	0.03497	0.05826	0.06350	0.03008	0.05280	0.07881	0.04322	0.11509	0.13717	0.08929	0.06963	0.07630	0.02503	0.00587	0.00437	0.01248	0.00430	0.01864	0.00341	0.07679
1	0.04174	0.08213	0.09419	0.02868	0.04186	0.05594	0.04986	0.09144	0.05069	0.03973	0.02464	0.08113	0.06701	0.02185	0.01510	0.01133	0.05535	0.02217	0.01416	0.11099
2	0.00871	0.09379	0.14214	0.02362	0.02172	0.05023	0.04218	0.06374	0.01804	0.03458	0.02982	0.25989	0.06089	0.03453	0.00545	0.01708	0.01642	0.04773	0.00308	0.02636
3	0.04367	0.10645	0.10168	0.00969	0.02659	0.04334	0.06349	0.29071	0.05030	0.06857	0.06901	0.01362	0.03772	0.02378	0.00471	0.00135	0.02010	0.01578	0.00339	0.00606
4	0.05386	0.11972	0.14609	0.04824	0.03726	0.02443	0.05371	0.13706	0.02490	0.05322	0.01054	0.06634	0.03223	0.00501	0.00414	0.00121	0.02528	0.00404	0.01883	0.13388
5	0.01213	0.03881	0.02245	0.00840	0.02788	0.01666	0.04025	0.13750	0.08373	0.22013	0.08634	0.07030	0.04887	0.00751	0.04621	0.00159	0.02974	0.01468	0.02498	0.06184
6	0.00666	0.00502	0.00637	0.02689	0.03038	0.00485	0.00469	0.05256	0.02679	0.01563	0.46491	0.14069	0.14038	0.00912	0.00496	0.00141	0.00250	0.03061	0.02137	0.00420
7	0.10177	0.19014	0.17154	0.03530	0.04400	0.02444	0.08842	0.03138	0.00920	0.06536	0.02306	0.05824	0.02116	0.00502	0.00450	0.00129	0.06450	0.00395	0.05132	0.00542
8	0.03707	0.03135	0.17670	0.06285	0.16584	0.02023	0.09978	0.06163	0.07440	0.13384	0.01146	0.05316	0.02140	0.00496	0.00428	0.00135	0.00497	0.01281	0.00296	0.01895
9	0.00536	0.00379	0.00493	0.00573	0.00597	0.00357	0.00377	0.00605	0.00805	0.01077	0.05607	0.70134	0.02693	0.12709	0.00762	0.00204	0.00267	0.01110	0.00379	0.00336
10	0.00721	0.00825	0.12545	0.16702	0.08232	0.00727	0.00857	0.00939	0.00808	0.01124	0.02778	0.09472	0.06572	0.03268	0.27204	0.00325	0.05680	0.00520	0.00242	0.00456
11	0.03378	0.18040	0.22926	0.03416	0.03861	0.06420	0.07038	0.08700	0.08494	0.04442	0.00957	0.03489	0.00774	0.03295	0.00447	0.00135	0.00514	0.00375	0.02718	0.00581
12	0.00923	0.00872	0.04763	0.07420	0.03449	0.02344	0.12980	0.06729	0.03786	0.04164	0.11863	0.04603	0.05592	0.00778	0.04932	0.00176	0.18441	0.01533	0.04149	0.00503
13	0.00522	0.00374	0.00496	0.00593	0.00622	0.00349	0.00400	0.00599	0.00822	0.01092	0.02392	0.80998	0.04771	0.01323	0.00543	0.00173	0.00249	0.02940	0.00395	0.00347
14	0.05391	0.09638	0.04868	0.09991	0.13070	0.06622	0.05211	0.08374	0.03775	0.03732	0.02194	0.11165	0.05615	0.00787	0.06609	0.00175	0.00515	0.01456	0.00282	0.00529
15	0.02359	0.09698	0.20938	0.12336	0.10392	0.06648	0.11171	0.04141	0.02632	0.08387	0.00955	0.05638	0.00770	0.00467	0.00414	0.00131	0.00545	0.00407	0.01390	0.00580
16	0.01654	0.01058	0.01187	0.00913	0.01243	0.01128	0.00753	0.59924	0.01792	0.21451	0.03716	0.01189	0.00904	0.00526	0.00429	0.00129	0.00435	0.00406	0.00451	0.00714
17	0.00623	0.00461	0.00563	0.00580	0.00669	0.00450	0.00418	0.00880	0.10152	0.01416	0.30440	0.35803	0.09079	0.01018	0.00499	0.00150	0.00236	0.00903	0.05253	0.00406
18	0.00973	0.02411	0.06851	0.30668	0.11222	0.03830	0.07012	0.04798	0.00968	0.07564	0.03986	0.04687	0.00936	0.00714	0.06230	0.01574	0.02105	0.02689	0.00258	0.00526
19	0.00739	0.01789	0.01006	0.08912	0.17137	0.00627	0.06806	0.00909	0.00917	0.02883	0.08709	0.30429	0.11110	0.02939	0.01725	0.00161	0.00380	0.00771	0.00324	0.01726
20	0.00833	0.00772	0.01276	0.80994	0.02872	0.00959	0.01168	0.04001	0.00893	0.01145	0.00766	0.01130	0.00573	0.00429	0.00425	0.00141	0.00564	0.00378	0.00198	0.00482
21	0.00653	0.00539	0.00796	0.00701	0.00844	0.00512	0.09850	0.00903	0.05941	0.01495	0.44714	0.13364	0.13556	0.00952	0.03096	0.00159	0.00307	0.00784	0.00410	0.00425
22	0.02178	0.04936	0.12352	0.10263	0.02734	0.02326	0.08703	0.06214	0.06951	0.04367	0.07835	0.20957	0.04011	0.00712	0.00490	0.00145	0.03376	0.00622	0.00314	0.00512
23	0.04890	0.16896	0.01343	0.00951	0.02692	0.24608	0.00762	0.18820	0.16883	0.04839	0.00971	0.00999	0.00751	0.00475	0.00402	0.00121	0.02352	0.00338	0.00312	0.00598
24	0.00534	0.00476	0.02567	0.00478	0.00622	0.00384	0.00374	0.00672	0.01016	0.01276	0.21394	0.05747	0.60930	0.01021	0.00501	0.00142	0.00224	0.00862	0.00406	0.00375
25	0.00897	0.00811	0.01102	0.02690	0.01139	0.00835	0.06109	0.04009	0.00854	0.01284	0.00842	0.04489	0.00779	0.02350	0.03043	0.00141	0.24535	0.02387	0.00244	0.41460
26	0.02202	0.06873	0.08881	0.08389	0.04450	0.03001	0.05642	0.02843	0.05399	0.01358	0.03277	0.03760	0.02021	0.00481	0.01815	0.00114	0.01846	0.00364	0.00255	0.37028
27	0.02170	0.02771	0.00806	0.05641	0.00982	0.05462	0.00555	0.01020	0.04657	0.04791	0.04753	0.26374	0.05355	0.02500	0.00503	0.00137	0.02730	0.05377	0.00329	0.23088

[dist]
# distance from previous block
# <min> <max>
5	19

[block]
# block no. 10 follows, 62 sequences, length 24
# corresponding to MSA columns:
# 1209-1232
name=unknown_K
#
# <colnr> <probs for GDERKNQSTAVLIFYWHMCP>
#	G	D	E	R	K	N	Q	S	T	A	V	L	I	F	Y	W	H	M	C	P
0	0.00984	0.00975	0.03657	0.35860	0.17890	0.06519	0.01042	0.06293	0.03149	0.01313	0.00792	0.01044	0.00625	0.00426	0.00454	0.00126	0.04727	0.00353	0.00226	0.13546
1	0.00601	0.00430	0.00530	0.00532	0.00634	0.00386	0.00391	0.00747	0.01049	0.04084	0.38973	0.21906	0.24752	0.01025	0.00511	0.00146	0.00224	0.02257	0.00433	0.00388
2	0.10982	0.00792	0.00967	0.00754	0.01068	0.00757	0.00621	0.14016	0.01271	0.58267	0.01450	0.01308	0.00941	0.00509	0.00404	0.00130	0.00368	0.00399	0.04315	0.00682
3	0.00565	0.00433	0.00517	0.00496	0.00613	0.00386	0.00372	0.00731	0.01116	0.01497	0.52951	0.03522	0.33362	0.00948	0.00502	0.00138	0.00206	0.00818	0.00441	0.00386
4	0.00525	0.00375	0.00501	0.00600	0.00628	0.00351	0.00406	0.00604	0.00821	0.01094	0.02342	0.81620	0.02800	0.01327	0.00545	0.00174	0.00253	0.04293	0.00395	0.00347
5	0.00618	0.00415	0.00479	0.00479	0.00484	0.00421	0.00276	0.00628	0.00623	0.00836	0.01327	0.02709	0.01514	0.79528	0.07639	0.00431	0.00462	0.00608	0.00256	0.00266
6	0.01618	0.01192	0.01277	0.00979	0.01320	0.01320	0.00809	0.80973	0.02001	0.02682	0.01022	0.01022	0.00724	0.00511	0.00426	0.00128	0.00468	0.00383	0.00426	0.00724
7	0.88052	0.00823	0.00625	0.00560	0.00823	0.00955	0.00461	0.01251	0.00724	0.01909	0.00592	0.00691	0.00461	0.00395	0.00263	0.00132	0.00329	0.00230	0.00263	0.00461
8	0.88052	0.00823	0.00625	0.00560	0.00823	0.00955	0.00461	0.01251	0.00724	0.01909	0.00592	0.00691	0.00461	0.00395	0.00263	0.00132	0.00329	0.00230	0.00263	0.00461
9	0.00525	0.00386	0.00493	0.00562	0.00613	0.00354	0.00385	0.00618	0.00880	0.01163	0.11257	0.63984	0.14728	0.01245	0.00533	0.00164	0.00237	0.01116	0.00403	0.00354
10	0.01138	0.85302	0.02230	0.00728	0.01092	0.01684	0.00728	0.01274	0.00865	0.01001	0.00592	0.00683	0.00546	0.00364	0.00273	0.00091	0.00455	0.00228	0.00182	0.00546
11	0.00895	0.00495	0.00506	0.00469	0.00598	0.00511	0.00361	0.10893	0.01030	0.01722	0.01343	0.01516	0.01045	0.00498	0.00313	0.00103	0.00232	0.00395	0.76640	0.00437
12	0.05032	0.00954	0.01003	0.00856	0.01120	0.01076	0.00680	0.23595	0.50026	0.03572	0.01638	0.01538	0.05849	0.00579	0.00427	0.00139	0.00366	0.00467	0.00423	0.00660
13	0.00642	0.00475	0.00576	0.00558	0.00670	0.00457	0.00421	0.00909	0.08370	0.01554	0.49195	0.07165	0.14204	0.02825	0.00529	0.00146	0.00233	0.05115	0.05545	0.00413
14	0.00521	0.00391	0.00484	0.00547	0.00608	0.00354	0.00377	0.00614	0.00886	0.01152	0.09272	0.57685	0.23103	0.01231	0.00530	0.00162	0.00235	0.01095	0.00401	0.00354
15	0.01714	0.00710	0.00944	0.00743	0.01043	0.00636	0.00607	0.01961	0.07360	0.68430	0.09709	0.01631	0.01367	0.00565	0.00436	0.00133	0.00344	0.00466	0.00514	0.00688
16	0.08447	0.00718	0.00980	0.32487	0.02887	0.02656	0.00778	0.02977	0.00937	0.21872	0.01179	0.07494	0.00977	0.09757	0.02513	0.00180	0.00464	0.00465	0.01725	0.00508
17	0.00534	0.00389	0.00503	0.00585	0.00630	0.00361	0.00407	0.00623	0.00849	0.01116	0.04472	0.65784	0.11375	0.03358	0.00581	0.00176	0.00258	0.07256	0.00393	0.00350
18	0.01133	0.00574	0.00713	0.00623	0.00828	0.00514	0.00493	0.04579	0.01109	0.33262	0.08267	0.10375	0.25890	0.00827	0.00470	0.00141	0.00295	0.05075	0.04308	0.00523
19	0.01034	0.10642	0.01143	0.00849	0.00963	0.04448	0.00708	0.05707	0.00871	0.05422	0.00876	0.01105	0.00736	0.00596	0.00820	0.00142	0.39126	0.00362	0.23967	0.00485
20	0.00972	0.23487	0.27964	0.16452	0.06929	0.04233	0.10365	0.01281	0.00904	0.01194	0.00736	0.00949	0.00583	0.01745	0.00414	0.00129	0.00576	0.00332	0.00191	0.00564
21	0.00788	0.00742	0.00970	0.00846	0.00981	0.07558	0.10949	0.00939	0.00924	0.02422	0.10295	0.14889	0.19526	0.00984	0.05336	0.00182	0.15068	0.02834	0.03339	0.00428
22	0.00618	0.00430	0.00549	0.02400	0.00696	0.00406	0.00423	0.02094	0.00891	0.04210	0.07400	0.46872	0.17679	0.04447	0.03023	0.03077	0.00295	0.03738	0.00383	0.00369
23	0.00929	0.06129	0.02430	0.03161	0.05883	0.00754	0.05582	0.06377	0.03308	0.01423	0.01083	0.04280	0.05843	0.00436	0.00366	0.00093	0.00374	0.00370	0.00271	0.50909

[dist]
# distance from previous block
# <min> <max>
0	8

[block]
# block no. 11 follows, 62 sequences, length 21
# corresponding to MSA columns:
# 1241-1261
name=unknown_L
#
# <colnr> <probs for GDERKNQSTAVLIFYWHMCP>
#	G	D	E	R	K	N	Q	S	T	A	V	L	I	F	Y	W	H	M	C	P
0	0.05100	0.17822	0.09066	0.08121	0.05333	0.14245	0.00881	0.17231	0.07830	0.02689	0.00852	0.00952	0.00664	0.00448	0.00406	0.00120	0.03169	0.00326	0.01303	0.03440
1	0.02663	0.08035	0.32744	0.04610	0.03755	0.00993	0.13733	0.04406	0.05794	0.06900	0.01064	0.01252	0.03546	0.00547	0.02949	0.00150	0.01633	0.02493	0.00253	0.02478
2	0.08550	0.02265	0.02002	0.00803	0.03099	0.03314	0.02785	0.09932	0.13378	0.06324	0.06924	0.01283	0.03013	0.00474	0.00396	0.00109	0.01969	0.00378	0.01698	0.31303
3	0.00524	0.00429	0.00462	0.00460	0.00589	0.00367	0.00343	0.00649	0.01010	0.01260	0.20079	0.07966	0.62287	0.01048	0.00505	0.00143	0.00214	0.00888	0.00410	0.00367
4	0.01076	0.67364	0.19630	0.00833	0.01254	0.01534	0.00910	0.01290	0.00872	0.01076	0.00629	0.00729	0.00545	0.00373	0.00301	0.00100	0.00493	0.00246	0.00182	0.00564
5	0.00518	0.00370	0.00494	0.00592	0.00617	0.00346	0.00395	0.00592	0.00815	0.01086	0.02345	0.84768	0.02814	0.01333	0.00543	0.00173	0.00247	0.01210	0.00395	0.00346
6	0.00519	0.00389	0.00478	0.00545	0.00602	0.00352	0.00372	0.00603	0.00859	0.01110	0.04566	0.59303	0.23990	0.03484	0.00575	0.00171	0.00242	0.01101	0.00393	0.00348
7	0.01508	0.01858	0.01169	0.01061	0.01283	0.70763	0.00799	0.01785	0.13496	0.01154	0.00822	0.00893	0.00663	0.00460	0.00391	0.00115	0.00702	0.00306	0.00252	0.00521
8	0.00599	0.00435	0.00564	0.00532	0.00634	0.00400	0.00399	0.00796	0.01196	0.01687	0.79419	0.03211	0.06776	0.00877	0.00502	0.00134	0.00201	0.00774	0.00466	0.00400
9	0.27537	0.00812	0.00916	0.00726	0.01037	0.00810	0.00599	0.11718	0.01169	0.48593	0.01273	0.01169	0.00835	0.00485	0.00379	0.00131	0.00366	0.00363	0.00436	0.00646
10	0.00619	0.00413	0.00464	0.00464	0.00464	0.00413	0.00258	0.00619	0.00619	0.00825	0.01341	0.02785	0.01547	0.85046	0.02166	0.00413	0.00413	0.00619	0.00258	0.00258
11	0.00952	0.06693	0.71928	0.01150	0.01741	0.00998	0.01451	0.01401	0.00922	0.07732	0.00826	0.00930	0.00580	0.00412	0.00399	0.00132	0.00598	0.00319	0.00207	0.00632
12	0.01534	0.01928	0.01180	0.01060	0.01291	0.76822	0.00797	0.01650	0.01180	0.01069	0.00665	0.00776	0.00555	0.00429	0.00378	0.00106	0.00732	0.00272	0.00222	0.07355
13	0.00923	0.00772	0.00915	0.02355	0.02699	0.00635	0.00549	0.07341	0.00964	0.01460	0.02119	0.01018	0.00731	0.03055	0.02460	0.00098	0.00358	0.00292	0.00267	0.70989
14	0.00819	0.00773	0.01284	0.72660	0.02708	0.00929	0.03604	0.01093	0.00853	0.01118	0.00754	0.01110	0.00574	0.00423	0.00445	0.00137	0.02809	0.00372	0.00195	0.07339
15	0.00909	0.00718	0.00905	0.03213	0.13108	0.00750	0.00653	0.03442	0.27204	0.06258	0.18268	0.04940	0.13106	0.03981	0.00525	0.00150	0.00328	0.00604	0.00392	0.00546
16	0.22450	0.00845	0.01902	0.00725	0.00950	0.07774	0.01671	0.03761	0.02515	0.15744	0.08907	0.06677	0.09112	0.00621	0.00480	0.00133	0.07548	0.00473	0.00345	0.07367
17	0.04542	0.00998	0.09665	0.06839	0.10153	0.03220	0.15906	0.06970	0.03217	0.14389	0.01308	0.14291	0.02458	0.02086	0.00483	0.00146	0.00484	0.01960	0.00317	0.00566
18	0.05206	0.03376	0.01145	0.00970	0.05235	0.03087	0.10372	0.10421	0.05626	0.21134	0.04634	0.11903	0.04408	0.02501	0.00513	0.00149	0.02222	0.06153	0.00379	0.00565
19	0.01287	0.00829	0.01087	0.04322	0.09635	0.03504	0.02436	0.06585	0.02156	0.28454	0.01205	0.05699	0.00943	0.01896	0.02073	0.00137	0.05702	0.01398	0.00353	0.20300
20	0.04268	0.05754	0.06441	0.06391	0.15601	0.12208	0.03099	0.13367	0.12665	0.05416	0.01028	0.02064	0.01872	0.02212	0.00505	0.00138	0.05691	0.00389	0.00292	0.00598

[dist]
# distance from previous block
# <min> <max>
1	59

[block]
# block no. 12 follows, 62 sequences, length 20
# corresponding to MSA columns:
# 1321-1333,1335-1341
name=unknown_M
#
# <colnr> <probs for GDERKNQSTAVLIFYWHMCP>
#	G	D	E	R	K	N	Q	S	T	A	V	L	I	F	Y	W	H	M	C	P
0	0.00963	0.00623	0.00692	0.00610	0.00779	0.00650	0.00476	0.14554	0.11851	0.05369	0.23605	0.01924	0.01859	0.00613	0.00399	0.00121	0.00270	0.00509	0.33629	0.00504
1	0.00882	0.00756	0.00882	0.00630	0.01008	0.00567	0.00504	0.01071	0.00882	0.01387	0.00756	0.00882	0.00630	0.00315	0.00315	0.00063	0.00315	0.00252	0.00252	0.87647
2	0.01138	0.85302	0.02230	0.00728	0.01092	0.01684	0.00728	0.01274	0.00865	0.01001	0.00592	0.00683	0.00546	0.00364	0.00273	0.00091	0.00455	0.00228	0.00182	0.00546
3	0.00804	0.00756	0.01276	0.84023	0.02931	0.00945	0.01182	0.01087	0.00851	0.01087	0.00756	0.01134	0.00567	0.00425	0.00425	0.00142	0.00567	0.00378	0.00189	0.00473
4	0.02992	0.00772	0.05809	0.02339	0.22057	0.00689	0.06915	0.02436	0.00970	0.01331	0.09112	0.15269	0.19469	0.00787	0.00497	0.00146	0.02107	0.05495	0.00317	0.00490
5	0.00870	0.00715	0.00793	0.00765	0.00926	0.00794	0.00571	0.04242	0.48057	0.01545	0.01943	0.33393	0.01860	0.00864	0.00475	0.00155	0.00307	0.00757	0.00418	0.00550
6	0.54605	0.00839	0.00799	0.00662	0.00952	0.00907	0.00546	0.10700	0.01006	0.23983	0.00938	0.00935	0.00652	0.00444	0.00327	0.00131	0.00354	0.00302	0.00354	0.00563
7	0.00699	0.00672	0.04005	0.27427	0.11176	0.00663	0.02613	0.00899	0.00908	0.01193	0.07324	0.21970	0.17188	0.00793	0.00474	0.00147	0.00396	0.00706	0.00300	0.00447
8	0.01253	0.02564	0.11783	0.08184	0.25475	0.08110	0.07277	0.16756	0.02686	0.10389	0.00936	0.01064	0.00696	0.00434	0.00422	0.00129	0.00538	0.00377	0.00285	0.00642
9	0.06309	0.01159	0.06013	0.00966	0.01319	0.01171	0.03663	0.56764	0.03140	0.13597	0.01081	0.01070	0.00752	0.00496	0.00419	0.00130	0.00462	0.00383	0.00409	0.00698
10	0.00850	0.00525	0.00692	0.00644	0.00723	0.00554	0.00470	0.03916	0.03998	0.09609	0.10865	0.08329	0.01516	0.16332	0.10928	0.22411	0.06407	0.00549	0.00308	0.00375
11	0.01130	0.03623	0.19598	0.03702	0.12260	0.02815	0.04552	0.04490	0.02818	0.19628	0.01209	0.03093	0.02310	0.13465	0.02202	0.00186	0.00498	0.01543	0.00304	0.00574
12	0.00865	0.03791	0.51404	0.01076	0.01514	0.00957	0.02952	0.01269	0.04563	0.03279	0.04457	0.04153	0.05889	0.00551	0.00548	0.00143	0.11363	0.00420	0.00234	0.00573
13	0.00521	0.00376	0.00488	0.00577	0.00609	0.00349	0.00385	0.00595	0.00818	0.01081	0.02443	0.76341	0.08184	0.04303	0.00598	0.00179	0.00251	0.01167	0.00390	0.00343
14	0.00987	0.00872	0.02645	0.22219	0.11450	0.02558	0.20817	0.05337	0.01011	0.06665	0.03112	0.04647	0.03436	0.00491	0.00435	0.00134	0.00503	0.00471	0.11677	0.00534
15	0.02802	0.02304	0.08656	0.18705	0.25515	0.03699	0.08931	0.11317	0.04965	0.05238	0.00889	0.01081	0.00678	0.00434	0.00452	0.00134	0.02951	0.00384	0.00256	0.00609
16	0.00708	0.00517	0.00685	0.00695	0.03239	0.01820	0.03558	0.02864	0.01009	0.06448	0.22030	0.37385	0.14009	0.01027	0.00510	0.00152	0.00281	0.02240	0.00407	0.00417
17	0.00825	0.00477	0.00586	0.04089	0.00734	0.00502	0.00430	0.01028	0.04170	0.07885	0.01331	0.01737	0.01128	0.12442	0.21274	0.00293	0.00496	0.00446	0.39710	0.00415
18	0.02761	0.02875	0.00978	0.02150	0.03771	0.04774	0.00579	0.02652	0.00913	0.01382	0.00746	0.00882	0.00621	0.00342	0.00349	0.00075	0.02335	0.00264	0.00248	0.71305
19	0.23479	0.15490	0.13810	0.00938	0.03578	0.09886	0.05215	0.06108	0.05282	0.06833	0.00862	0.03717	0.00693	0.00456	0.00376	0.00126	0.01987	0.00338	0.00267	0.00557

[dist]
# distance from previous block
# <min> <max>
0	3

[block]
# block no. 13 follows, 62 sequences, length 35
# corresponding to MSA columns:
# 1345-1379
name=unknown_N
#
# <colnr> <probs for GDERKNQSTAVLIFYWHMCP>
