[name]
unknown

[dist]
# distance from previous block
# <min> <max>
0	28

[block]
# block no. 0 follows, 64 sequences, length 20
# corresponding to MSA columns:
# 28-47
name=unknown_A
#
# <colnr> <probs for GDERKNQSTAVLIFYWHMCP>
#	G	D	E	R	K	N	Q	S	T	A	V	L	I	F	Y	W	H	M	C	P
0	0.00691	0.00438	0.00598	0.00666	0.00744	0.00417	0.00517	0.00817	0.00893	0.08437	0.02196	0.46238	0.02455	0.01171	0.00537	0.00174	0.00306	0.31922	0.00396	0.00388
1	0.00699	0.00477	0.00531	0.00502	0.00535	0.00489	0.00304	0.08507	0.00736	0.00983	0.01278	0.02550	0.01432	0.77101	0.01948	0.00376	0.00408	0.00582	0.00268	0.00296
2	0.01281	0.12873	0.15985	0.01200	0.11974	0.03225	0.10695	0.01524	0.00991	0.28346	0.01020	0.01073	0.00726	0.00439	0.00453	0.00126	0.05377	0.00364	0.00299	0.02031
3	0.00681	0.00514	0.00626	0.00587	0.00708	0.00511	0.00442	0.04674	0.11869	0.01642	0.57625	0.10851	0.05955	0.00846	0.00482	0.00136	0.00230	0.00743	0.00441	0.00435
4	0.06874	0.09790	0.09243	0.00851	0.06838	0.03612	0.00699	0.04465	0.04063	0.01401	0.00759	0.00870	0.00616	0.00353	0.00327	0.00087	0.00388	0.00272	0.00243	0.48251
5	0.69691	0.02598	0.00685	0.00581	0.00828	0.00900	0.00475	0.05854	0.00826	0.04782	0.04521	0.05205	0.00767	0.00465	0.00297	0.00130	0.00323	0.00314	0.00290	0.00467
6	0.00801	0.00415	0.00587	0.00564	0.00617	0.00393	0.00390	0.00709	0.00651	0.08138	0.01016	0.11522	0.01018	0.04321	0.01324	0.61136	0.00344	0.00468	0.00241	0.05345
7	0.08630	0.10353	0.01305	0.01080	0.10034	0.19789	0.00796	0.33698	0.02779	0.06413	0.00862	0.00916	0.00651	0.00446	0.00377	0.00118	0.00506	0.00325	0.00314	0.00610
8	0.04209	0.00538	0.00606	0.00587	0.00709	0.02879	0.00435	0.07173	0.01053	0.06161	0.25277	0.30001	0.16877	0.00957	0.00481	0.00144	0.00264	0.00832	0.00406	0.00415
9	0.04353	0.03182	0.03363	0.01238	0.20521	0.02789	0.00832	0.29106	0.04240	0.11586	0.01070	0.06514	0.00857	0.00496	0.00402	0.00122	0.00427	0.00410	0.00339	0.08152
10	0.03114	0.03232	0.04392	0.00939	0.04680	0.08956	0.02697	0.23422	0.11283	0.19157	0.02939	0.01146	0.00868	0.00469	0.00396	0.00118	0.00434	0.00371	0.00366	0.11020
11	0.03510	0.19375	0.06155	0.00976	0.09609	0.03738	0.02077	0.12077	0.04646	0.15729	0.02810	0.01029	0.00778	0.00421	0.00361	0.00108	0.00422	0.00330	0.00303	0.15544
12	0.04358	0.02704	0.05485	0.01143	0.19156	0.03453	0.01994	0.06306	0.03386	0.12981	0.05937	0.07744	0.04339	0.00554	0.00409	0.00121	0.00394	0.03859	0.00318	0.15360
13	0.01050	0.02235	0.00873	0.00830	0.07161	0.04807	0.00589	0.13593	0.03283	0.15825	0.18068	0.19704	0.06854	0.00760	0.00453	0.00134	0.00335	0.00653	0.00399	0.02392
14	0.01200	0.00854	0.03834	0.02593	0.19438	0.00823	0.00778	0.17933	0.06491	0.19394	0.06677	0.07080	0.06172	0.04217	0.00505	0.00143	0.00393	0.00505	0.00370	0.00599
15	0.08323	0.02493	0.04532	0.01952	0.11489	0.00821	0.06775	0.10738	0.05043	0.16302	0.05656	0.02368	0.02084	0.08118	0.05282	0.00181	0.01593	0.00430	0.00325	0.05495
16	0.12249	0.08890	0.14744	0.01029	0.02916	0.01024	0.15348	0.12439	0.11034	0.02656	0.05868	0.03990	0.00960	0.01606	0.01679	0.00142	0.02158	0.00417	0.00287	0.00562
17	0.10771	0.06739	0.04271	0.02477	0.10154	0.05963	0.02520	0.18911	0.15390	0.09780	0.02865	0.02790	0.02234	0.00490	0.00390	0.00125	0.00425	0.00390	0.00336	0.02980
18	0.18052	0.05118	0.06633	0.00868	0.03532	0.05814	0.07734	0.04276	0.07821	0.15588	0.06494	0.03556	0.01020	0.04188	0.00455	0.00135	0.00414	0.00400	0.00319	0.07583
19	0.12281	0.01058	0.06772	0.01156	0.15690	0.09923	0.04348	0.11001	0.07572	0.07250	0.08447	0.03566	0.01051	0.00555	0.02309	0.00138	0.01652	0.00407	0.00305	0.04519

[dist]
# distance from previous block
# <min> <max>
42	247

[block]
# block no. 1 follows, 64 sequences, length 32
# corresponding to MSA columns:
# 350-381
name=unknown_B
#
# <colnr> <probs for GDERKNQSTAVLIFYWHMCP>
#	G	D	E	R	K	N	Q	S	T	A	V	L	I	F	Y	W	H	M	C	P
0	0.10101	0.05081	0.10838	0.00920	0.08127	0.00863	0.00747	0.13515	0.05494	0.12819	0.06821	0.03552	0.02288	0.03014	0.00448	0.00127	0.01616	0.00399	0.00324	0.12904
1	0.01094	0.08103	0.08574	0.01008	0.09704	0.03182	0.03890	0.10498	0.05602	0.12338	0.06975	0.07060	0.02566	0.00544	0.00435	0.00121	0.03075	0.01930	0.00320	0.12982
2	0.02353	0.03689	0.05017	0.01154	0.15093	0.02879	0.09458	0.09303	0.04989	0.09845	0.09060	0.05876	0.01139	0.00493	0.00406	0.00117	0.00417	0.00438	0.00311	0.17963
3	0.02334	0.03429	0.06053	0.01068	0.07924	0.00815	0.15781	0.03989	0.10195	0.13103	0.05766	0.04898	0.04565	0.00504	0.00429	0.00121	0.01717	0.00455	0.00317	0.16537
4	0.08340	0.04205	0.03132	0.01000	0.14580	0.00792	0.01608	0.08809	0.07465	0.09840	0.12797	0.02935	0.05906	0.00525	0.00394	0.00116	0.00355	0.00439	0.00333	0.16426
5	0.03211	0.04229	0.06368	0.00801	0.02136	0.02129	0.02591	0.16942	0.10443	0.12560	0.06344	0.04919	0.08523	0.00567	0.00407	0.00120	0.00373	0.01588	0.00359	0.15390
6	0.04725	0.01982	0.08036	0.00936	0.04267	0.03659	0.07997	0.11826	0.08579	0.18389	0.06282	0.04014	0.02500	0.00512	0.00408	0.00122	0.00414	0.01680	0.00349	0.13323
7	0.01088	0.02435	0.06539	0.05268	0.07037	0.02062	0.02767	0.20648	0.06853	0.06769	0.02994	0.06235	0.04252	0.01771	0.00439	0.00121	0.01616	0.00428	0.00321	0.20357
8	0.02201	0.01813	0.04274	0.00880	0.06661	0.05090	0.01649	0.13977	0.08380	0.09452	0.07430	0.09695	0.03592	0.01898	0.00435	0.00122	0.00377	0.01839	0.00343	0.19893
9	0.04369	0.00863	0.04593	0.00818	0.02605	0.01772	0.03748	0.15248	0.10422	0.15343	0.05949	0.07653	0.03714	0.00558	0.00407	0.00120	0.00368	0.01785	0.00365	0.19300
10	0.03276	0.00882	0.06322	0.01088	0.15774	0.00782	0.02614	0.07776	0.09234	0.08663	0.03801	0.07689	0.03994	0.00531	0.00427	0.00118	0.02664	0.01586	0.00312	0.22467
11	0.07534	0.04134	0.02963	0.00799	0.02497	0.00836	0.02568	0.14480	0.10269	0.21405	0.07367	0.02726	0.02835	0.00512	0.00413	0.00119	0.02273	0.00411	0.00373	0.15488
12	0.02101	0.03337	0.09650	0.02451	0.09800	0.04542	0.06321	0.16006	0.09157	0.10706	0.06862	0.01444	0.07406	0.00514	0.00413	0.00123	0.00432	0.00433	0.00332	0.07970
13	0.06765	0.00912	0.03394	0.05850	0.13703	0.00904	0.03681	0.17007	0.13017	0.11514	0.02470	0.01227	0.00872	0.04850	0.00483	0.00135	0.00414	0.00387	0.00329	0.12085
14	0.04883	0.03320	0.02580	0.01615	0.36399	0.11756	0.02466	0.15280	0.06583	0.05341	0.00927	0.01043	0.01659	0.00425	0.00396	0.00120	0.00489	0.00359	0.00277	0.04082
15	0.05144	0.00516	0.00612	0.00646	0.00725	0.04762	0.03003	0.00723	0.00824	0.01128	0.01986	0.67252	0.02326	0.01123	0.00496	0.00158	0.00293	0.03028	0.00357	0.04898
16	0.05623	0.00892	0.00939	0.00830	0.01076	0.01019	0.00651	0.06251	0.69475	0.06040	0.01594	0.01469	0.01184	0.00548	0.00413	0.00139	0.00336	0.00449	0.00418	0.00652
17	0.01031	0.00829	0.04837	0.00789	0.05255	0.00663	0.00619	0.07912	0.03195	0.11346	0.00999	0.06501	0.00829	0.00428	0.00357	0.00091	0.00346	0.00354	0.00301	0.53318
18	0.00530	0.00379	0.00507	0.00590	0.00629	0.00356	0.00413	0.00626	0.00850	0.01140	0.10632	0.69071	0.02836	0.01240	0.00530	0.00167	0.00250	0.08515	0.00393	0.00347
19	0.01011	0.01123	0.02389	0.01710	0.02125	0.01063	0.77131	0.05481	0.01031	0.01397	0.00848	0.01114	0.00634	0.00358	0.00486	0.00139	0.00688	0.00484	0.00221	0.00568
20	0.01228	0.05461	0.07366	0.05188	0.13506	0.05268	0.28016	0.03540	0.02285	0.21154	0.01029	0.02364	0.00753	0.00424	0.00431	0.00130	0.00544	0.00418	0.00289	0.00606
21	0.07166	0.02948	0.01381	0.01547	0.33009	0.04961	0.04293	0.25356	0.02238	0.07129	0.00970	0.05403	0.00790	0.00472	0.00407	0.00126	0.00466	0.00405	0.00304	0.00630
22	0.00643	0.00460	0.00639	0.00735	0.00819	0.00456	0.00624	0.00816	0.00931	0.01214	0.02214	0.17512	0.02447	0.01172	0.00567	0.00188	0.00360	0.67445	0.00383	0.00375
23	0.00863	0.00743	0.01218	0.35907	0.13265	0.00817	0.07217	0.05264	0.00954	0.03508	0.01214	0.06413	0.01140	0.00629	0.00464	0.00149	0.00490	0.18984	0.00267	0.00491
24	0.03833	0.03490	0.09346	0.02904	0.01407	0.03183	0.15040	0.14911	0.01208	0.37223	0.01178	0.01165	0.00793	0.00462	0.00434	0.00130	0.01881	0.00395	0.00373	0.00644
25	0.01118	0.01018	0.01613	0.02153	0.60734	0.01043	0.05303	0.14731	0.05353	0.01586	0.00868	0.01055	0.00696	0.00401	0.00417	0.00125	0.00489	0.00382	0.00252	0.00661
26	0.00506	0.00361	0.00482	0.00578	0.00602	0.00337	0.00386	0.00578	0.00795	0.01060	0.02289	0.85131	0.02747	0.01301	0.00530	0.00169	0.00241	0.01181	0.00386	0.00337
27	0.07634	0.08495	0.07876	0.00783	0.01073	0.00923	0.02731	0.20582	0.11274	0.11561	0.08140	0.02706	0.13291	0.00596	0.00410	0.00129	0.00376	0.00479	0.00369	0.00571
28	0.63166	0.00908	0.00795	0.00665	0.00944	0.01035	0.00548	0.24490	0.01068	0.02082	0.00700	0.00768	0.00524	0.00418	0.00303	0.00127	0.00361	0.00268	0.00303	0.00524
29	0.08994	0.00878	0.01035	0.00800	0.01120	0.00879	0.00661	0.30284	0.01421	0.47594	0.01321	0.01203	0.00865	0.00498	0.00403	0.00127	0.00388	0.00386	0.00457	0.00685
30	0.00816	0.00776	0.01328	0.73344	0.11246	0.00933	0.03546	0.01092	0.00847	0.01100	0.00746	0.01099	0.00567	0.00409	0.00417	0.00137	0.00552	0.00373	0.00188	0.00485
31	0.00604	0.00403	0.00453	0.00453	0.00453	0.00403	0.00252	0.00604	0.00604	0.00805	0.01309	0.02718	0.01510	0.85402	0.02114	0.00403	0.00403	0.00604	0.00252	0.00252

[dist]
# distance from previous block
# <min> <max>
0	1

[block]
# block no. 2 follows, 64 sequences, length 24
# corresponding to MSA columns:
# 383-406
name=unknown_C
#
# <colnr> <probs for GDERKNQSTAVLIFYWHMCP>
#	G	D	E	R	K	N	Q	S	T	A	V	L	I	F	Y	W	H	M	C	P
0	0.00784	0.00738	0.01246	0.84404	0.02861	0.00923	0.01154	0.01061	0.00831	0.01061	0.00738	0.01107	0.00554	0.00415	0.00415	0.00138	0.00554	0.00369	0.00185	0.00461
1	0.00811	0.00632	0.00868	0.00800	0.00838	0.00776	0.00633	0.03751	0.03136	0.01020	0.01064	0.04144	0.04083	0.01052	0.01233	0.31364	0.32473	0.10729	0.00237	0.00355
2	0.00498	0.00394	0.00448	0.00491	0.00579	0.00345	0.00347	0.00588	0.00879	0.01095	0.03356	0.40044	0.47146	0.01163	0.00508	0.00153	0.00224	0.01012	0.00386	0.00345
3	0.01552	0.01980	0.01177	0.01070	0.01284	0.83735	0.00803	0.01659	0.01177	0.01017	0.00642	0.00749	0.00535	0.00428	0.00375	0.00107	0.00749	0.00268	0.00214	0.00482
4	0.00853	0.02013	0.72596	0.01259	0.01847	0.00976	0.12053	0.01317	0.00891	0.01317	0.00758	0.00909	0.00540	0.00389	0.00407	0.00133	0.00625	0.00331	0.00180	0.00607
5	0.00987	0.03414	0.01405	0.05059	0.03866	0.02708	0.23827	0.03607	0.35475	0.02927	0.03812	0.05033	0.04882	0.00540	0.00445	0.00138	0.00454	0.00510	0.00331	0.00579
6	0.00510	0.00363	0.00481	0.00574	0.00597	0.00340	0.00381	0.00579	0.00788	0.01051	0.02255	0.82206	0.02703	0.04286	0.00586	0.00177	0.00247	0.01160	0.00381	0.00334
7	0.00593	0.00445	0.00668	0.00668	0.00742	0.00519	0.00519	0.00742	0.00668	0.00964	0.01113	0.01632	0.01038	0.03115	0.83756	0.00668	0.01113	0.00445	0.00223	0.00371
8	0.01047	0.00915	0.01069	0.01126	0.14414	0.01032	0.00762	0.04171	0.66694	0.01699	0.01524	0.01450	0.01153	0.00530	0.00421	0.00138	0.00359	0.00451	0.00387	0.00659
9	0.00964	0.00838	0.00940	0.10566	0.03635	0.03341	0.00687	0.12204	0.35490	0.01583	0.03070	0.01912	0.18645	0.00643	0.00469	0.00138	0.03427	0.00524	0.00365	0.00559
10	0.01068	0.11399	0.04983	0.00778	0.01112	0.00931	0.01752	0.15865	0.11281	0.04017	0.03218	0.01034	0.00803	0.00422	0.00390	0.00099	0.03438	0.00324	0.00298	0.36787
11	0.11043	0.01124	0.01177	0.00911	0.01235	0.01249	0.00752	0.72677	0.01817	0.02536	0.00952	0.00962	0.00678	0.00486	0.00398	0.00125	0.00442	0.00358	0.00398	0.00678
12	0.05262	0.09923	0.22306	0.08248	0.05614	0.02412	0.05550	0.11963	0.07943	0.12092	0.00954	0.01027	0.00693	0.00429	0.00388	0.00124	0.00488	0.00347	0.00284	0.03953
13	0.01013	0.15361	0.38150	0.01160	0.03398	0.04110	0.11343	0.05527	0.03329	0.03985	0.00779	0.00919	0.00593	0.00428	0.00476	0.00129	0.08169	0.00333	0.00214	0.00585
14	0.01809	0.00794	0.01018	0.00780	0.01104	0.00740	0.00645	0.17177	0.01335	0.67740	0.01516	0.01334	0.00967	0.00511	0.00417	0.00128	0.00373	0.00409	0.00495	0.00707
15	0.00664	0.00466	0.00652	0.03112	0.00767	0.00484	0.01757	0.00761	0.00818	0.05664	0.09346	0.43953	0.02187	0.07531	0.07390	0.02987	0.06838	0.03903	0.00345	0.00372
16	0.03728	0.06815	0.10739	0.13334	0.14791	0.02098	0.11071	0.17468	0.02218	0.10016	0.00895	0.01033	0.00662	0.00431	0.00434	0.00129	0.02889	0.00369	0.00276	0.00605
17	0.00596	0.00411	0.00541	0.00616	0.00671	0.00393	0.00446	0.00719	0.02848	0.03691	0.02258	0.59878	0.04883	0.04279	0.00589	0.00179	0.00278	0.15978	0.00385	0.00363
18	0.00601	0.00431	0.00525	0.00552	0.00617	0.00414	0.00408	0.00700	0.00837	0.01092	0.10893	0.04963	0.16391	0.34229	0.01155	0.00258	0.00338	0.24929	0.00340	0.00326
19	0.03073	0.06557	0.08206	0.09702	0.29970	0.01051	0.16262	0.08258	0.07843	0.03738	0.00887	0.01062	0.00685	0.00403	0.00414	0.00128	0.00520	0.00385	0.00246	0.00610
20	0.01083	0.12838	0.38553	0.01247	0.10990	0.08523	0.05221	0.07320	0.03299	0.05938	0.00818	0.00925	0.00611	0.00406	0.00386	0.00123	0.00560	0.00324	0.00228	0.00607
21	0.01244	0.22234	0.09059	0.01130	0.01488	0.18643	0.21217	0.12698	0.02323	0.04995	0.00795	0.00910	0.00615	0.00403	0.00387	0.00117	0.00585	0.00341	0.00245	0.00570
22	0.05559	0.00789	0.00881	0.05244	0.01090	0.03779	0.00538	0.01080	0.00863	0.01352	0.00726	0.00861	0.00600	0.00322	0.00313	0.00071	0.00339	0.00253	0.00242	0.75098
23	0.01160	0.06003	0.35393	0.01232	0.07035	0.03356	0.12623	0.14336	0.01118	0.12429	0.00910	0.00998	0.00647	0.00418	0.00408	0.00128	0.00553	0.00357	0.00268	0.00628

[dist]
# distance from previous block
# <min> <max>
2	15

[block]
# block no. 3 follows, 64 sequences, length 10
# corresponding to MSA columns:
# 436-445
name=unknown_D
#
# <colnr> <probs for GDERKNQSTAVLIFYWHMCP>
#	G	D	E	R	K	N	Q	S	T	A	V	L	I	F	Y	W	H	M	C	P
0	0.00996	0.30864	0.47227	0.01015	0.01515	0.01181	0.04242	0.01334	0.00888	0.06103	0.00745	0.00846	0.00563	0.00387	0.00355	0.00117	0.00543	0.00291	0.00198	0.00589
1	0.00593	0.00445	0.00668	0.00668	0.00742	0.00519	0.00519	0.00742	0.00668	0.00964	0.01113	0.01632	0.01038	0.03115	0.83756	0.00668	0.01113	0.00445	0.00223	0.00371
2	0.00909	0.00909	0.01272	0.01091	0.01091	0.01272	0.00909	0.01000	0.00636	0.01000	0.00545	0.00909	0.00545	0.00727	0.01363	0.00182	0.84642	0.00364	0.00182	0.00454
3	0.01154	0.10107	0.17178	0.04130	0.02834	0.13061	0.17778	0.04359	0.03109	0.13012	0.05953	0.01225	0.03318	0.00459	0.00413	0.00125	0.00542	0.00401	0.00276	0.00567
4	0.68173	0.00802	0.00690	0.00603	0.00865	0.00906	0.00493	0.01428	0.10126	0.11352	0.00830	0.00862	0.00612	0.00421	0.00295	0.00130	0.00326	0.00276	0.00306	0.00504
5	0.00675	0.00520	0.00643	0.00601	0.00601	0.00604	0.00404	0.00696	0.00611	0.00850	0.01132	0.02298	0.01286	0.65752	0.01940	0.00351	0.19952	0.00548	0.00235	0.00299
6	0.00903	0.00805	0.01241	0.69737	0.05216	0.03022	0.01096	0.05810	0.02904	0.04148	0.00808	0.01111	0.00600	0.00426	0.00414	0.00136	0.00538	0.00371	0.00217	0.00496
7	0.00981	0.00915	0.03587	0.18259	0.01604	0.03388	0.14834	0.19324	0.01140	0.01532	0.10546	0.10951	0.01246	0.00607	0.00545	0.00141	0.09062	0.00524	0.00297	0.00516
8	0.00870	0.00944	0.01994	0.01479	0.01807	0.00885	0.62524	0.01156	0.00937	0.01268	0.01177	0.20616	0.01122	0.00571	0.00499	0.00147	0.00594	0.00650	0.00251	0.00509
9	0.00798	0.00567	0.00685	0.00623	0.00773	0.00575	0.00477	0.01246	0.22211	0.07714	0.55560	0.02574	0.03016	0.00750	0.00467	0.00133	0.00242	0.00653	0.00452	0.00484

[dist]
# distance from previous block
# <min> <max>
0	1

[block]
# block no. 4 follows, 64 sequences, length 18
# corresponding to MSA columns:
# 447-464
name=unknown_E
#
# <colnr> <probs for GDERKNQSTAVLIFYWHMCP>
#	G	D	E	R	K	N	Q	S	T	A	V	L	I	F	Y	W	H	M	C	P
0	0.02203	0.06265	0.18020	0.06918	0.04983	0.01971	0.27454	0.09050	0.02058	0.13626	0.00968	0.02943	0.00718	0.00428	0.00427	0.00131	0.00556	0.00412	0.00271	0.00596
1	0.07428	0.00902	0.00986	0.00845	0.03739	0.03669	0.00654	0.32293	0.11497	0.12970	0.18995	0.01553	0.01498	0.00571	0.00420	0.00128	0.00371	0.00460	0.00414	0.00604
2	0.00722	0.00361	0.00541	0.00541	0.00541	0.00361	0.00361	0.00541	0.00541	0.00722	0.00722	0.01263	0.00722	0.01443	0.01623	0.87915	0.00361	0.00361	0.00180	0.00180
3	0.00861	0.00738	0.00861	0.00615	0.00984	0.00554	0.00492	0.01046	0.00861	0.01354	0.00738	0.00861	0.00615	0.00308	0.00308	0.00062	0.00308	0.00246	0.00246	0.87941
4	0.01007	0.01503	0.40335	0.01073	0.04280	0.00978	0.02785	0.15982	0.15291	0.03007	0.08658	0.01244	0.01022	0.00486	0.00415	0.00132	0.00490	0.00397	0.00296	0.00619
5	0.01443	0.01792	0.01164	0.01040	0.01245	0.70162	0.00791	0.01554	0.01104	0.01039	0.00640	0.00772	0.00542	0.00448	0.00463	0.00111	0.08594	0.00275	0.00213	0.06611
6	0.00870	0.00746	0.00865	0.00626	0.00989	0.00577	0.00500	0.01102	0.04773	0.01372	0.00784	0.00894	0.00647	0.00320	0.00313	0.00065	0.00309	0.00257	0.00255	0.83737
7	0.00565	0.00410	0.00533	0.00532	0.00614	0.00377	0.00387	0.00728	0.01077	0.01502	0.60597	0.22524	0.06671	0.00964	0.00499	0.00140	0.00207	0.00858	0.00438	0.00377
8	0.01176	0.56294	0.05181	0.00775	0.01122	0.07868	0.00735	0.06509	0.05011	0.04776	0.00730	0.00793	0.00608	0.00386	0.00307	0.00097	0.00457	0.00262	0.00228	0.06685
9	0.12417	0.02016	0.02140	0.06399	0.01016	0.00773	0.03511	0.06086	0.06420	0.01452	0.19547	0.12737	0.07750	0.00801	0.02779	0.00158	0.12627	0.00589	0.00328	0.00452
10	0.00567	0.00422	0.00531	0.00538	0.00605	0.00431	0.00384	0.00657	0.00733	0.00969	0.02053	0.07278	0.22231	0.26766	0.31908	0.00416	0.00608	0.02290	0.00285	0.00329
11	0.00719	0.00490	0.00605	0.00616	0.04755	0.00439	0.00434	0.02299	0.01049	0.10349	0.27490	0.10196	0.37174	0.00908	0.00481	0.00137	0.00243	0.00780	0.00413	0.00423
12	0.02388	0.12079	0.11557	0.05150	0.11005	0.10006	0.07082	0.10822	0.04436	0.14327	0.00977	0.03838	0.00758	0.00467	0.00428	0.00125	0.03296	0.00378	0.00287	0.00594
13	0.00948	0.08489	0.07407	0.04172	0.04840	0.00917	0.28245	0.07739	0.04963	0.04388	0.05122	0.16337	0.01249	0.00601	0.00455	0.00139	0.00492	0.02675	0.00290	0.00531
14	0.00522	0.00393	0.00466	0.00504	0.00573	0.00356	0.00347	0.00610	0.00867	0.01119	0.11783	0.38916	0.29751	0.10991	0.00697	0.00182	0.00245	0.00963	0.00378	0.00338
15	0.01032	0.03861	0.02489	0.25447	0.17418	0.03983	0.07998	0.13938	0.02743	0.04819	0.01085	0.07502	0.03523	0.01804	0.00451	0.00137	0.00494	0.00456	0.00270	0.00550
16	0.01108	0.02242	0.05238	0.09523	0.08036	0.00913	0.08396	0.11368	0.21359	0.11707	0.03910	0.03021	0.03094	0.00534	0.01362	0.00135	0.00433	0.00441	0.00340	0.06843
17	0.00855	0.00767	0.03805	0.49053	0.02070	0.00861	0.00945	0.07908	0.07163	0.03296	0.01015	0.07092	0.00851	0.00856	0.11494	0.00209	0.00578	0.00443	0.00250	0.00488

[dist]
# distance from previous block
# <min> <max>
1	62

[block]
# block no. 5 follows, 64 sequences, length 21
# corresponding to MSA columns:
# 529-549
name=unknown_F
#
# <colnr> <probs for GDERKNQSTAVLIFYWHMCP>
#	G	D	E	R	K	N	Q	S	T	A	V	L	I	F	Y	W	H	M	C	P
0	0.38250	0.00921	0.02541	0.02682	0.29721	0.02735	0.02527	0.02318	0.02242	0.03714	0.00729	0.00876	0.00579	0.00382	0.00337	0.00121	0.00410	0.00299	0.00245	0.08372
1	0.06859	0.00891	0.05043	0.05387	0.26882	0.02278	0.04560	0.01306	0.16880	0.01377	0.03540	0.07993	0.04869	0.01739	0.02561	0.01731	0.03381	0.00482	0.00280	0.01960
2	0.00864	0.00532	0.00600	0.00562	0.00702	0.00536	0.00426	0.08430	0.08418	0.08046	0.07483	0.17122	0.10119	0.00772	0.01752	0.00135	0.00268	0.00619	0.32160	0.00454
3	0.00731	0.00586	0.00710	0.04461	0.00877	0.00630	0.00523	0.03141	0.23817	0.01470	0.26297	0.21732	0.06191	0.00945	0.03850	0.00166	0.02282	0.00731	0.00398	0.00463
4	0.00520	0.00411	0.00469	0.00477	0.00585	0.00360	0.00349	0.00645	0.00982	0.01261	0.25445	0.18463	0.46477	0.01041	0.00498	0.00143	0.00212	0.00897	0.00405	0.00360
5	0.01506	0.00622	0.00838	0.00685	0.00938	0.00542	0.00548	0.01654	0.01120	0.61210	0.08202	0.13964	0.04921	0.00679	0.00443	0.00135	0.00319	0.00575	0.00485	0.00613
6	0.01019	0.73120	0.01918	0.00668	0.00992	0.01453	0.00653	0.01149	0.00859	0.00999	0.01111	0.01156	0.12607	0.00458	0.00300	0.00096	0.00410	0.00318	0.00208	0.00506
7	0.00577	0.00390	0.00530	0.00604	0.00643	0.00375	0.00437	0.00639	0.00798	0.01057	0.03930	0.49258	0.04074	0.04034	0.00750	0.13082	0.00292	0.17855	0.00352	0.00323
8	0.75434	0.00748	0.00602	0.00543	0.00776	0.00852	0.00441	0.01157	0.00776	0.01835	0.12638	0.01032	0.00960	0.00454	0.00291	0.00129	0.00303	0.00302	0.00286	0.00441
9	0.00807	0.00410	0.00444	0.00426	0.00536	0.00400	0.00323	0.00999	0.00933	0.06063	0.13316	0.01770	0.01482	0.00539	0.00327	0.00104	0.00203	0.00442	0.70070	0.00405
10	0.75434	0.00748	0.00602	0.00543	0.00776	0.00852	0.00441	0.01157	0.00776	0.01835	0.12638	0.01032	0.00960	0.00454	0.00291	0.00129	0.00303	0.00302	0.00286	0.00441
11	0.01015	0.46024	0.25572	0.01123	0.13299	0.01329	0.01031	0.01303	0.03708	0.01158	0.00695	0.00811	0.00575	0.00376	0.00330	0.00108	0.00497	0.00277	0.00190	0.00579
12	0.10454	0.00777	0.01147	0.00868	0.01198	0.00708	0.12459	0.01841	0.01110	0.62884	0.01414	0.01296	0.00911	0.00477	0.00412	0.00130	0.00401	0.00409	0.00443	0.00659
13	0.08047	0.00930	0.03069	0.15144	0.21143	0.00924	0.17922	0.04214	0.05742	0.14210	0.00964	0.01114	0.00710	0.00411	0.00414	0.00130	0.00496	0.00392	0.00276	0.03749
14	0.00511	0.00367	0.00477	0.00562	0.00591	0.00342	0.00374	0.00581	0.00793	0.01049	0.02341	0.75670	0.07224	0.06227	0.00621	0.00181	0.00249	0.01130	0.00378	0.00333
15	0.06711	0.00772	0.00978	0.00757	0.01074	0.00721	0.00624	0.11614	0.03255	0.66720	0.01502	0.01325	0.00962	0.00506	0.00408	0.00128	0.00364	0.00403	0.00485	0.00691
16	0.02668	0.00716	0.03235	0.15521	0.12374	0.00705	0.05235	0.03645	0.04842	0.13149	0.01504	0.26695	0.03476	0.00808	0.03366	0.00162	0.00424	0.00645	0.00324	0.00507
17	0.03753	0.14336	0.21145	0.03989	0.09661	0.02353	0.01990	0.09417	0.07558	0.17817	0.01885	0.02587	0.00795	0.00455	0.00386	0.00124	0.00466	0.00364	0.00301	0.00617
18	0.00538	0.00388	0.00499	0.00548	0.00605	0.00359	0.00383	0.00650	0.00912	0.01236	0.23976	0.50264	0.10270	0.03061	0.00549	0.00161	0.00233	0.03044	0.01972	0.00353
19	0.02351	0.03588	0.03341	0.01051	0.02249	0.25504	0.17664	0.03246	0.07081	0.13686	0.07837	0.01391	0.03849	0.00501	0.00420	0.00125	0.00532	0.01659	0.03385	0.00540
20	0.05223	0.02613	0.02083	0.01044	0.11278	0.20094	0.02291	0.08058	0.01911	0.04670	0.00773	0.00892	0.00620	0.00394	0.00395	0.00099	0.03906	0.00295	0.00256	0.33105

[dist]
# distance from previous block
# <min> <max>
1	33

[block]
# block no. 6 follows, 64 sequences, length 12
# corresponding to MSA columns:
# 584-595
name=unknown_G
#
# <colnr> <probs for GDERKNQSTAVLIFYWHMCP>
#	G	D	E	R	K	N	Q	S	T	A	V	L	I	F	Y	W	H	M	C	P
0	0.19441	0.08649	0.05652	0.12085	0.19931	0.09514	0.04056	0.06060	0.00948	0.01424	0.03959	0.00974	0.00696	0.00428	0.00414	0.00126	0.04543	0.00332	0.00232	0.00536
1	0.00598	0.00458	0.00602	0.00660	0.04047	0.00461	0.00460	0.00719	0.00877	0.01199	0.16099	0.31965	0.14908	0.05442	0.04826	0.00192	0.05906	0.05653	0.04555	0.00372
2	0.01006	0.06187	0.16059	0.05224	0.31559	0.04487	0.06411	0.02543	0.07192	0.04521	0.04565	0.01221	0.03612	0.00455	0.00441	0.00128	0.03150	0.00397	0.00247	0.00594
3	0.00583	0.00437	0.00536	0.00518	0.00618	0.00407	0.00381	0.00782	0.04295	0.01480	0.55105	0.09109	0.17524	0.05679	0.00582	0.00151	0.00219	0.00785	0.00426	0.00383
4	0.00764	0.00705	0.00998	0.02575	0.07261	0.02191	0.03908	0.00907	0.02792	0.01101	0.02914	0.28411	0.04294	0.03035	0.00869	0.00172	0.32438	0.03955	0.00279	0.00429
5	0.01545	0.01178	0.01208	0.00939	0.01255	0.05901	0.00770	0.73640	0.01865	0.02484	0.00992	0.01006	0.00711	0.00494	0.00408	0.00123	0.00463	0.00369	0.03972	0.00681
6	0.00600	0.00417	0.00527	0.00527	0.00553	0.00443	0.00344	0.00652	0.00626	0.00860	0.01241	0.02344	0.01347	0.57023	0.30271	0.00494	0.00648	0.00549	0.00242	0.00293
7	0.01111	0.85652	0.02177	0.00711	0.01066	0.01644	0.00711	0.01244	0.00844	0.00977	0.00577	0.00666	0.00533	0.00355	0.00267	0.00089	0.00444	0.00222	0.00178	0.00533
8	0.00506	0.00361	0.00482	0.00578	0.00602	0.00337	0.00386	0.00578	0.00795	0.01060	0.02289	0.85131	0.02747	0.01301	0.00530	0.00169	0.00241	0.01181	0.00386	0.00337
9	0.00907	0.00828	0.01381	0.01423	0.22706	0.00883	0.15535	0.03299	0.00976	0.03745	0.21235	0.01652	0.01507	0.00641	0.02326	0.00153	0.17524	0.02472	0.00284	0.00523
10	0.04949	0.04273	0.03070	0.04523	0.20400	0.03117	0.02257	0.24172	0.08949	0.16771	0.02717	0.01147	0.00839	0.00464	0.00405	0.00126	0.00442	0.00383	0.00347	0.00647
11	0.05762	0.16445	0.01208	0.02659	0.02762	0.00880	0.04103	0.03447	0.06781	0.15909	0.05832	0.01122	0.00910	0.00426	0.00369	0.00102	0.01816	0.00339	0.00307	0.28820

[dist]
# distance from previous block
# <min> <max>
15	66

[block]
# block no. 7 follows, 64 sequences, length 31
# corresponding to MSA columns:
# 667-697
name=unknown_H
#
# <colnr> <probs for GDERKNQSTAVLIFYWHMCP>
#	G	D	E	R	K	N	Q	S	T	A	V	L	I	F	Y	W	H	M	C	P
0	0.16397	0.46931	0.03718	0.00754	0.02425	0.06151	0.00685	0.03575	0.00918	0.11753	0.00741	0.00794	0.00591	0.00389	0.00302	0.00104	0.00431	0.00260	0.00246	0.02834
1	0.35572	0.05213	0.17004	0.00967	0.01314	0.09638	0.14216	0.02473	0.00876	0.04874	0.00709	0.00840	0.00539	0.00405	0.00387	0.00129	0.03784	0.00305	0.00235	0.00521
2	0.01170	0.00885	0.02157	0.00814	0.02268	0.00925	0.00655	0.43891	0.05862	0.03825	0.18218	0.01966	0.10954	0.00662	0.00446	0.00131	0.00366	0.03807	0.00415	0.00583
3	0.00714	0.00435	0.00541	0.00504	0.00618	0.00405	0.00382	0.00905	0.01101	0.07166	0.56493	0.02662	0.05311	0.00750	0.00440	0.00123	0.00207	0.00650	0.20184	0.00411
4	0.01171	0.59983	0.01844	0.00777	0.01103	0.07465	0.00716	0.08305	0.12800	0.01232	0.00780	0.00829	0.00655	0.00403	0.00310	0.00101	0.00451	0.00275	0.00236	0.00562
5	0.00709	0.00455	0.00566	0.00522	0.00656	0.00405	0.00397	0.00874	0.01109	0.10948	0.51011	0.04892	0.24133	0.00873	0.00483	0.00134	0.00219	0.00755	0.00444	0.00416
6	0.01034	0.00539	0.00705	0.00606	0.00786	0.00491	0.00474	0.01256	0.04494	0.29195	0.49246	0.02498	0.05486	0.00731	0.00463	0.00131	0.00255	0.00631	0.00473	0.00508
7	0.00544	0.00423	0.00494	0.00477	0.00594	0.00373	0.00357	0.00699	0.01072	0.01420	0.47114	0.03508	0.39550	0.00941	0.00490	0.00135	0.00202	0.00808	0.00425	0.00373
8	0.00654	0.00398	0.00434	0.00434	0.00462	0.00398	0.00263	0.00711	0.00682	0.01023	0.01322	0.02376	0.01380	0.60532	0.01580	0.00313	0.00341	0.00541	0.25865	0.00291
9	0.00925	0.00446	0.00478	0.00444	0.00573	0.00437	0.00341	0.03214	0.00937	0.11244	0.01379	0.01518	0.01051	0.00488	0.00309	0.00101	0.00219	0.00390	0.75070	0.00433
10	0.00506	0.00361	0.00482	0.00578	0.00602	0.00337	0.00386	0.00578	0.00795	0.01060	0.02289	0.85131	0.02747	0.01301	0.00530	0.00169	0.00241	0.01181	0.00386	0.00337
11	0.01727	0.00925	0.01099	0.00843	0.01169	0.00935	0.00696	0.40037	0.01555	0.44570	0.01332	0.01214	0.00874	0.00507	0.00417	0.00127	0.00403	0.00397	0.00467	0.00707
12	0.00506	0.00361	0.00482	0.00578	0.00602	0.00337	0.00386	0.00578	0.00795	0.01060	0.02289	0.85131	0.02747	0.01301	0.00530	0.00169	0.00241	0.01181	0.00386	0.00337
13	0.00669	0.00478	0.00669	0.00765	0.00861	0.00478	0.00669	0.00861	0.00956	0.01243	0.02199	0.04685	0.02391	0.01147	0.00574	0.00191	0.00382	0.80015	0.00382	0.00382
14	0.84950	0.00849	0.00633	0.00567	0.00822	0.04163	0.00464	0.01238	0.00725	0.01831	0.00581	0.00678	0.00453	0.00387	0.00262	0.00128	0.00338	0.00227	0.00255	0.00451
15	0.01033	0.00892	0.00939	0.00845	0.01080	0.01033	0.00657	0.02207	0.82061	0.01738	0.01691	0.01550	0.01268	0.00564	0.00423	0.00141	0.00329	0.00470	0.00423	0.00657
16	0.01507	0.10434	0.01278	0.01034	0.01262	0.75440	0.00793	0.01617	0.01143	0.01013	0.00636	0.00741	0.00535	0.00421	0.00364	0.00105	0.00718	0.00263	0.00210	0.00487
17	0.00689	0.00372	0.00517	0.00517	0.00517	0.00372	0.00331	0.00558	0.00558	0.00745	0.00883	0.01663	0.00938	0.24536	0.01758	0.63844	0.00372	0.00428	0.00200	0.00200
18	0.00607	0.00470	0.00579	0.00556	0.00687	0.00408	0.00405	0.00756	0.02170	0.01301	0.23930	0.34915	0.12072	0.00936	0.00468	0.00133	0.00240	0.00828	0.00377	0.18162
19	0.10496	0.39848	0.03487	0.04182	0.06685	0.04499	0.02337	0.12217	0.02690	0.03461	0.00750	0.00906	0.00627	0.00427	0.00374	0.00113	0.04094	0.02012	0.00241	0.00554
20	0.05176	0.00477	0.00533	0.00528	0.00586	0.00491	0.00362	0.05359	0.00773	0.01120	0.01398	0.02683	0.01494	0.52962	0.01465	0.00303	0.00374	0.12942	0.10649	0.00324
21	0.00523	0.00418	0.00468	0.00464	0.00583	0.00363	0.00345	0.00655	0.01009	0.01291	0.28989	0.09110	0.52312	0.01004	0.00493	0.00139	0.00208	0.00857	0.00408	0.00363
22	0.00889	0.04065	0.31588	0.19273	0.18854	0.02034	0.02250	0.03440	0.03427	0.01288	0.00874	0.04899	0.00714	0.00508	0.02366	0.00143	0.00546	0.00385	0.01889	0.00566
23	0.00833	0.02149	0.83250	0.01184	0.01798	0.00965	0.01535	0.01315	0.00877	0.01315	0.00745	0.00877	0.00526	0.00395	0.00395	0.00132	0.00614	0.00307	0.00175	0.00614
24	0.01853	0.00723	0.00974	0.00747	0.01069	0.00635	0.00617	0.04906	0.01217	0.80178	0.01615	0.01399	0.01017	0.00514	0.00418	0.00128	0.00357	0.00416	0.00511	0.00707
25	0.00733	0.00489	0.00710	0.02586	0.05470	0.00530	0.00521	0.03253	0.00711	0.02911	0.01058	0.01581	0.02625	0.06504	0.35590	0.28081	0.02095	0.01566	0.02642	0.00343
26	0.00784	0.00738	0.01246	0.84404	0.02861	0.00923	0.01154	0.01061	0.00831	0.01061	0.00738	0.01107	0.00554	0.00415	0.00415	0.00138	0.00554	0.00369	0.00185	0.00461
27	0.00526	0.00416	0.00474	0.00472	0.00586	0.00364	0.00349	0.00660	0.01011	0.01305	0.31287	0.11750	0.47314	0.01006	0.00494	0.00140	0.00208	0.00863	0.00411	0.00364
28	0.00506	0.00361	0.00482	0.00578	0.00602	0.00337	0.00386	0.00578	0.00795	0.01060	0.02289	0.85131	0.02747	0.01301	0.00530	0.00169	0.00241	0.01181	0.00386	0.00337
29	0.01069	0.00847	0.01351	0.28785	0.29258	0.00933	0.02334	0.02590	0.03058	0.14208	0.00958	0.01162	0.01914	0.00462	0.00515	0.00136	0.09198	0.00389	0.00257	0.00575
30	0.05626	0.03580	0.00999	0.00752	0.01000	0.02380	0.08923	0.04599	0.02806	0.08168	0.00839	0.01056	0.00689	0.00683	0.00724	0.25682	0.00390	0.00329	0.00255	0.30520

[dist]
# distance from previous block
# <min> <max>
0	2

[block]
# block no. 8 follows, 64 sequences, length 15
# corresponding to MSA columns:
# 700-714
name=unknown_I
#
# <colnr> <probs for GDERKNQSTAVLIFYWHMCP>
#	G	D	E	R	K	N	Q	S	T	A	V	L	I	F	Y	W	H	M	C	P
0	0.25163	0.05637	0.02904	0.21618	0.24541	0.05867	0.00922	0.02585	0.00873	0.01396	0.00763	0.02731	0.00643	0.00428	0.00365	0.00128	0.00467	0.02222	0.00225	0.00522
1	0.88336	0.00803	0.00611	0.00546	0.00803	0.00932	0.00450	0.01221	0.00707	0.01864	0.00578	0.00675	0.00450	0.00386	0.00257	0.00129	0.00321	0.00225	0.00257	0.00450
2	0.00835	0.05218	0.64678	0.01122	0.01646	0.00947	0.05112	0.01301	0.05406	0.01305	0.00925	0.07974	0.00759	0.00476	0.00407	0.00134	0.00564	0.00394	0.00209	0.00587
3	0.00543	0.00372	0.00471	0.00541	0.00577	0.00351	0.00362	0.00626	0.00803	0.01107	0.05098	0.63868	0.05151	0.09053	0.00653	0.00181	0.00249	0.01026	0.08633	0.00337
4	0.00795	0.00555	0.00855	0.01006	0.17168	0.00595	0.00609	0.00752	0.00663	0.00921	0.03157	0.01303	0.03076	0.01114	0.01284	0.54887	0.10351	0.00389	0.00199	0.00320
5	0.00538	0.00426	0.00486	0.00480	0.00602	0.00374	0.00366	0.00682	0.01032	0.01331	0.33073	0.03710	0.48511	0.00983	0.00496	0.00140	0.00216	0.05776	0.00412	0.00368
6	0.01816	0.00784	0.01012	0.00776	0.01099	0.00725	0.00641	0.15451	0.01318	0.69490	0.01530	0.01343	0.00974	0.00511	0.00417	0.00128	0.00371	0.00410	0.00497	0.00707
7	0.00833	0.02149	0.83250	0.01184	0.01798	0.00965	0.01535	0.01315	0.00877	0.01315	0.00745	0.00877	0.00526	0.00395	0.00395	0.00132	0.00614	0.00307	0.00175	0.00614
8	0.00539	0.00423	0.00487	0.00471	0.00590	0.00371	0.00353	0.00688	0.01059	0.01389	0.42670	0.03558	0.44014	0.00952	0.00490	0.00136	0.00203	0.00815	0.00421	0.00371
9	0.01122	0.00927	0.01408	0.01887	0.52042	0.00946	0.01032	0.07802	0.12645	0.09027	0.06120	0.01265	0.00987	0.00451	0.00419	0.00127	0.00436	0.00413	0.00297	0.00650
10	0.01579	0.01163	0.01247	0.00956	0.01288	0.01288	0.00789	0.81426	0.01953	0.02618	0.00997	0.00997	0.00706	0.00499	0.00416	0.00125	0.00457	0.00374	0.00416	0.00706
11	0.00784	0.00738	0.01246	0.84404	0.02861	0.00923	0.01154	0.01061	0.00831	0.01061	0.00738	0.01107	0.00554	0.00415	0.00415	0.00138	0.00554	0.00369	0.00185	0.00461
12	0.00604	0.00403	0.00453	0.00453	0.00453	0.00403	0.00252	0.00604	0.00604	0.00805	0.01309	0.02718	0.01510	0.85402	0.02114	0.00403	0.00403	0.00604	0.00252	0.00252
13	0.26141	0.00888	0.00857	0.00735	0.00991	0.05925	0.00587	0.09073	0.25671	0.16377	0.04432	0.01333	0.04249	0.00520	0.00376	0.00131	0.00359	0.00396	0.00378	0.00578
14	0.04111	0.33959	0.08000	0.10727	0.07367	0.06144	0.00845	0.09959	0.02688	0.03273	0.00774	0.02280	0.00638	0.00411	0.00341	0.00109	0.00469	0.00306	0.01698	0.05901

[dist]
# distance from previous block
# <min> <max>
1	83

[block]
# block no. 9 follows, 64 sequences, length 16
# corresponding to MSA columns:
# 809-824
name=unknown_J
#
# <colnr> <probs for GDERKNQSTAVLIFYWHMCP>
#	G	D	E	R	K	N	Q	S	T	A	V	L	I	F	Y	W	H	M	C	P
0	0.07824	0.20144	0.12769	0.01104	0.10306	0.06822	0.03730	0.23862	0.02256	0.01624	0.00819	0.03350	0.00667	0.00449	0.00393	0.00120	0.02561	0.00341	0.00267	0.00592
1	0.05174	0.07109	0.29345	0.02614	0.04743	0.01985	0.00966	0.02958	0.01026	0.35015	0.02667	0.01128	0.00806	0.00449	0.00390	0.00125	0.00461	0.00355	0.00332	0.02352
2	0.00604	0.00403	0.00453	0.00453	0.00453	0.00403	0.00252	0.00604	0.00604	0.00805	0.01309	0.02718	0.01510	0.85402	0.02114	0.00403	0.00403	0.00604	0.00252	0.00252
3	0.00621	0.00518	0.02322	0.00634	0.03270	0.00466	0.02508	0.00862	0.05721	0.01517	0.53651	0.07229	0.17384	0.00855	0.00484	0.00135	0.00239	0.00752	0.00419	0.00414
4	0.01161	0.18076	0.22911	0.06528	0.08610	0.15707	0.02260	0.10452	0.05141	0.04223	0.00806	0.00911	0.00619	0.00416	0.00375	0.00118	0.00550	0.00315	0.00238	0.00584
5	0.01067	0.00546	0.00702	0.00624	0.00793	0.00502	0.00474	0.04371	0.02440	0.30634	0.19206	0.21843	0.07461	0.06658	0.00582	0.00158	0.00291	0.00712	0.00440	0.00496
6	0.00535	0.00389	0.00496	0.00538	0.00595	0.00359	0.00372	0.00644	0.00914	0.01235	0.26854	0.47053	0.10963	0.06303	0.00611	0.00169	0.00234	0.00984	0.00399	0.00350
7	0.06294	0.00990	0.06503	0.18994	0.30218	0.00972	0.05128	0.13006	0.02501	0.07716	0.00889	0.01067	0.00671	0.00417	0.00404	0.00128	0.00487	0.00370	0.02644	0.00600
8	0.01085	0.00842	0.01145	0.14625	0.12314	0.00905	0.04030	0.27672	0.04150	0.05589	0.01295	0.19183	0.01204	0.00660	0.00448	0.00140	0.00429	0.03384	0.00339	0.00562
9	0.00697	0.00544	0.00792	0.30649	0.01434	0.00589	0.01770	0.00861	0.00843	0.04363	0.01871	0.17029	0.16816	0.10171	0.01727	0.00180	0.00390	0.03606	0.05272	0.00398
10	0.84502	0.00819	0.00639	0.00564	0.00825	0.00948	0.00465	0.04766	0.00762	0.01897	0.00597	0.00689	0.00461	0.00391	0.00264	0.00128	0.00327	0.00232	0.00264	0.00461
11	0.00596	0.00399	0.00455	0.00464	0.00466	0.00397	0.00263	0.00602	0.00620	0.00827	0.01392	0.09716	0.01615	0.78261	0.01980	0.00383	0.00389	0.00653	0.00263	0.00259
12	0.02967	0.00671	0.02767	0.07712	0.11648	0.01833	0.00617	0.05799	0.04197	0.02952	0.20205	0.03933	0.05426	0.21658	0.00879	0.00199	0.02843	0.00556	0.02697	0.00440
13	0.00679	0.00550	0.00719	0.00718	0.00758	0.00636	0.00533	0.03605	0.04181	0.01139	0.01719	0.51970	0.01964	0.03699	0.00768	0.00174	0.21186	0.00871	0.03738	0.00392
14	0.01050	0.07861	0.08759	0.06715	0.42026	0.03856	0.07325	0.05929	0.03835	0.02293	0.00807	0.01000	0.00648	0.00394	0.00418	0.00122	0.02124	0.00357	0.00225	0.04257
15	0.17227	0.02494	0.04335	0.02917	0.12477	0.06621	0.03205	0.21561	0.06395	0.03163	0.00910	0.04681	0.00746	0.00514	0.00468	0.02707	0.04811	0.00374	0.00294	0.04102

[dist]
# distance from previous block
# <min> <max>
0	20

[block]
# block no. 10 follows, 64 sequences, length 17
# corresponding to MSA columns:
# 845-861
name=unknown_K
#
# <colnr> <probs for GDERKNQSTAVLIFYWHMCP>
#	G	D	E	R	K	N	Q	S	T	A	V	L	I	F	Y	W	H	M	C	P
0	0.00826	0.00807	0.05068	0.07965	0.17537	0.00768	0.07965	0.01252	0.16966	0.01474	0.24621	0.01948	0.07759	0.00597	0.00446	0.00132	0.00380	0.00541	0.00332	0.02618
1	0.01144	0.68875	0.06249	0.00771	0.01121	0.08151	0.00756	0.05135	0.00921	0.01074	0.00626	0.00739	0.00560	0.02001	0.00324	0.00100	0.00477	0.00245	0.00193	0.00536
2	0.03545	0.15392	0.09419	0.01011	0.07675	0.10662	0.06651	0.06351	0.04315	0.02896	0.02261	0.20472	0.01267	0.00664	0.00421	0.00133	0.00457	0.05613	0.00285	0.00508
3	0.06492	0.07030	0.07354	0.07261	0.02953	0.01136	0.03523	0.43334	0.03820	0.03089	0.00898	0.00967	0.00662	0.00443	0.00386	0.00119	0.00456	0.00343	0.00328	0.09405
4	0.01555	0.01870	0.01186	0.01055	0.01285	0.72689	0.00801	0.12345	0.01281	0.01231	0.00690	0.00782	0.00558	0.00437	0.00380	0.00109	0.00710	0.00282	0.00241	0.00512
5	0.01007	0.00923	0.01329	0.09764	0.40626	0.01000	0.01003	0.01647	0.35112	0.01489	0.01160	0.01256	0.00905	0.00456	0.00416	0.00132	0.00430	0.00412	0.00295	0.00639
6	0.00770	0.00660	0.00923	0.00902	0.00957	0.00813	0.00770	0.00919	0.00821	0.01140	0.01502	0.03094	0.01613	0.00970	0.00906	0.00187	0.35885	0.46454	0.00298	0.00413
7	0.00604	0.00403	0.00453	0.00453	0.00453	0.00403	0.00252	0.00604	0.00604	0.00805	0.01309	0.02718	0.01510	0.85402	0.02114	0.00403	0.00403	0.00604	0.00252	0.00252
8	0.00725	0.00576	0.00671	0.00632	0.00775	0.00598	0.00485	0.01224	0.27157	0.01603	0.43425	0.05352	0.09383	0.00804	0.00474	0.00139	0.00251	0.04820	0.00434	0.00472
9	0.00736	0.00636	0.00992	0.29265	0.16434	0.00694	0.00830	0.02806	0.02531	0.01170	0.01445	0.35684	0.01537	0.00794	0.00466	0.00149	0.00403	0.02687	0.00286	0.00454
10	0.00611	0.00423	0.00533	0.00582	0.00620	0.00419	0.00419	0.00690	0.00758	0.00999	0.01777	0.16511	0.02015	0.42504	0.01322	0.00291	0.00370	0.28525	0.00319	0.00311
11	0.00943	0.13874	0.32636	0.18516	0.07003	0.04602	0.02227	0.03047	0.00902	0.02720	0.02656	0.00977	0.00645	0.00430	0.00446	0.00128	0.05983	0.00331	0.01382	0.00552
12	0.00598	0.00400	0.00455	0.00461	0.00463	0.00398	0.00260	0.00602	0.00616	0.00822	0.01372	0.08033	0.01590	0.79978	0.02012	0.00388	0.00392	0.00641	0.00260	0.00257
13	0.00770	0.00666	0.03223	0.03570	0.10295	0.00644	0.01894	0.06200	0.11587	0.01412	0.21821	0.04114	0.13195	0.16010	0.00758	0.00184	0.00341	0.02511	0.00350	0.00457
14	0.01018	0.00976	0.01667	0.06020	0.79421	0.00984	0.01270	0.01266	0.00941	0.01344	0.00779	0.01031	0.00654	0.00372	0.00411	0.00124	0.00496	0.00370	0.00205	0.00650
15	0.08955	0.00793	0.00914	0.00786	0.03574	0.04711	0.02138	0.06592	0.08674	0.23049	0.09015	0.04588	0.04102	0.00587	0.01489	0.00128	0.02001	0.01852	0.00373	0.15680
16	0.13922	0.00746	0.00898	0.00722	0.01008	0.00710	0.02008	0.10548	0.02353	0.35494	0.03223	0.03896	0.03093	0.00554	0.00398	0.00125	0.00352	0.06456	0.00403	0.13091

[dist]
# distance from previous block
# <min> <max>
8	52

[block]
# block no. 11 follows, 64 sequences, length 17
# corresponding to MSA columns:
# 929-945
name=unknown_L
#
# <colnr> <probs for GDERKNQSTAVLIFYWHMCP>
#	G	D	E	R	K	N	Q	S	T	A	V	L	I	F	Y	W	H	M	C	P
0	0.05198	0.09933	0.07444	0.06595	0.15668	0.06679	0.13950	0.04094	0.03409	0.05706	0.03567	0.06256	0.00874	0.00477	0.00441	0.00126	0.03825	0.00417	0.00254	0.05087
1	0.02038	0.02788	0.14116	0.00863	0.05470	0.01730	0.01554	0.02733	0.18846	0.07552	0.11085	0.05885	0.13740	0.00652	0.00442	0.00132	0.01330	0.02489	0.00347	0.06207
2	0.00965	0.00845	0.10526	0.06799	0.08584	0.00673	0.00747	0.04569	0.03485	0.13496	0.10320	0.10864	0.01392	0.02126	0.01869	0.00137	0.00390	0.03742	0.00327	0.18144
3	0.03909	0.08299	0.33113	0.03374	0.14595	0.07753	0.02160	0.09467	0.01022	0.05970	0.00857	0.03833	0.00683	0.01480	0.00426	0.00129	0.01743	0.00356	0.00239	0.00592
4	0.34923	0.02910	0.33526	0.02785	0.07907	0.00957	0.02649	0.03274	0.00859	0.05670	0.00733	0.00847	0.00540	0.00397	0.00344	0.00129	0.00471	0.00291	0.00233	0.00555
5	0.09686	0.06336	0.11042	0.01302	0.22096	0.05591	0.02567	0.11840	0.01116	0.22981	0.00991	0.01038	0.00711	0.00431	0.00387	0.00124	0.00465	0.00349	0.00314	0.00632
6	0.05946	0.05899	0.05791	0.02829	0.14726	0.00810	0.06681	0.07543	0.04375	0.12941	0.00941	0.01182	0.00754	0.00730	0.00752	0.25367	0.00435	0.01535	0.00270	0.00495
7	0.00558	0.00413	0.00498	0.00525	0.00613	0.00375	0.00375	0.00695	0.02776	0.02892	0.20167	0.37953	0.28455	0.01092	0.00504	0.00150	0.00226	0.00960	0.00405	0.00368
8	0.00514	0.00367	0.00491	0.00587	0.00615	0.00344	0.00399	0.00592	0.00803	0.01069	0.02285	0.81339	0.02730	0.01294	0.00532	0.00170	0.00248	0.04897	0.00385	0.00340
9	0.01022	0.01045	0.04401	0.06726	0.71364	0.03319	0.03494	0.01277	0.00945	0.01330	0.00776	0.01022	0.00644	0.00374	0.00412	0.00124	0.00514	0.00368	0.00204	0.00638
10	0.00951	0.00735	0.00871	0.00626	0.00991	0.00559	0.00503	0.01134	0.00891	0.08703	0.00819	0.00911	0.00652	0.00326	0.00318	0.00068	0.00312	0.00262	0.00270	0.80098
