[name]
unknown

[dist]
# distance from previous block
# <min> <max>
0	76

[block]
# block no. 0 follows, 61 sequences, length 19
# corresponding to MSA columns:
# 266-283,383
name=unknown_A
#
# <colnr> <probs for GDERKNQSTAVLIFYWHMCP>
#	G	D	E	R	K	N	Q	S	T	A	V	L	I	F	Y	W	H	M	C	P
0	0.00787	0.00638	0.00935	0.01069	0.15936	0.00614	0.05165	0.01032	0.05024	0.04463	0.13605	0.03241	0.22835	0.00870	0.00510	0.00155	0.00359	0.21910	0.00372	0.00480
1	0.00803	0.00401	0.00401	0.00401	0.00502	0.00401	0.00301	0.01004	0.00903	0.01606	0.01405	0.01606	0.01104	0.00502	0.00301	0.00100	0.00201	0.00401	0.87253	0.00401
2	0.00893	0.00766	0.00893	0.00638	0.01021	0.00574	0.00510	0.01085	0.00893	0.01404	0.00766	0.00893	0.00638	0.00319	0.00319	0.00064	0.00319	0.00255	0.00255	0.87495
3	0.00636	0.00490	0.00609	0.00561	0.00693	0.00452	0.02120	0.04707	0.01170	0.01578	0.50248	0.05948	0.27316	0.00930	0.00506	0.00140	0.00234	0.00807	0.00442	0.00412
4	0.00803	0.00401	0.00401	0.00401	0.00502	0.00401	0.00301	0.01004	0.00903	0.01606	0.01405	0.01606	0.01104	0.00502	0.00301	0.00100	0.00201	0.00401	0.87253	0.00401
5	0.01073	0.01061	0.01705	0.06935	0.68013	0.05089	0.03811	0.01320	0.00974	0.01357	0.00793	0.01054	0.00664	0.00404	0.00467	0.00131	0.03903	0.00382	0.00212	0.00650
6	0.01367	0.00988	0.01079	0.04967	0.01262	0.04286	0.00736	0.22888	0.36603	0.16182	0.01443	0.01378	0.01043	0.00627	0.03019	0.00155	0.00435	0.00437	0.00426	0.00678
7	0.01126	0.39798	0.01566	0.04928	0.01167	0.07402	0.00718	0.13186	0.07252	0.01390	0.05072	0.07794	0.03721	0.00564	0.00377	0.00119	0.00444	0.02538	0.00288	0.00548
8	0.00854	0.00804	0.01344	0.68566	0.14570	0.00952	0.01188	0.01133	0.00880	0.01158	0.00772	0.01126	0.00593	0.00419	0.00426	0.00138	0.00555	0.00378	0.00197	0.03948
9	0.00632	0.00489	0.00761	0.00731	0.00821	0.00557	0.03758	0.00790	0.00704	0.01011	0.01148	0.01702	0.01074	0.05404	0.77554	0.00663	0.01116	0.00468	0.00231	0.00389
10	0.00588	0.00406	0.00526	0.00594	0.00624	0.00390	0.00395	0.03105	0.00819	0.01092	0.02090	0.66071	0.02473	0.11089	0.00824	0.06856	0.00286	0.01064	0.00368	0.00339
11	0.01592	0.05972	0.01285	0.01069	0.01321	0.63392	0.00825	0.16903	0.01359	0.01372	0.00733	0.00822	0.00589	0.00454	0.00391	0.00114	0.00703	0.00296	0.00260	0.00547
12	0.00981	0.00851	0.01117	0.05521	0.17502	0.00743	0.00734	0.07205	0.00995	0.01488	0.00795	0.00952	0.00651	0.00353	0.00355	0.00086	0.00383	0.00298	0.00257	0.58731
13	0.01204	0.38509	0.05847	0.06240	0.11036	0.17538	0.06986	0.04389	0.02373	0.01196	0.00713	0.00856	0.00597	0.00400	0.00359	0.00112	0.00563	0.00303	0.00212	0.00568
14	0.00616	0.00444	0.00599	0.00675	0.00752	0.00427	0.00536	0.00769	0.00967	0.01280	0.13615	0.31508	0.06792	0.01195	0.00563	0.00179	0.00311	0.37982	0.00409	0.00381
15	0.00881	0.01105	0.17008	0.26747	0.14434	0.03736	0.04429	0.01212	0.03773	0.01345	0.12236	0.02533	0.01141	0.00490	0.00432	0.00132	0.00506	0.00433	0.00251	0.07174
16	0.00600	0.00410	0.00496	0.00535	0.00550	0.00403	0.00337	0.00638	0.00716	0.00952	0.01742	0.28269	0.02033	0.52647	0.01563	0.00326	0.00364	0.06807	0.00314	0.00299
17	0.00585	0.00446	0.00635	0.05640	0.06318	0.00436	0.00507	0.00690	0.00853	0.01147	0.06120	0.68268	0.02602	0.02887	0.00565	0.00173	0.00288	0.01083	0.00376	0.00381
18	0.00591	0.00465	0.00532	0.00523	0.00648	0.00426	0.00397	0.00789	0.05018	0.01381	0.30445	0.03691	0.41304	0.05179	0.00596	0.00160	0.00243	0.06804	0.00420	0.00391

[dist]
# distance from previous block
# <min> <max>
0	1

[block]
# block no. 1 follows, 61 sequences, length 17
# corresponding to MSA columns:
# 385-401
name=unknown_B
#
# <colnr> <probs for GDERKNQSTAVLIFYWHMCP>
#	G	D	E	R	K	N	Q	S	T	A	V	L	I	F	Y	W	H	M	C	P
0	0.01062	0.00998	0.08156	0.00778	0.01168	0.00800	0.00680	0.18619	0.04677	0.01705	0.00868	0.00957	0.00680	0.00382	0.00357	0.00088	0.00382	0.00300	0.00295	0.57048
1	0.00968	0.01831	0.55988	0.02976	0.12314	0.01005	0.06041	0.06308	0.00999	0.02999	0.00817	0.00967	0.00596	0.00409	0.00416	0.00133	0.00596	0.00343	0.00213	0.04081
2	0.00803	0.00401	0.00401	0.00401	0.00502	0.00401	0.00301	0.01004	0.00903	0.01606	0.01405	0.01606	0.01104	0.00502	0.00301	0.00100	0.00201	0.00401	0.87253	0.00401
3	0.00615	0.00462	0.00692	0.00692	0.00769	0.00538	0.00538	0.00769	0.00692	0.01000	0.01154	0.01692	0.01077	0.03231	0.83154	0.00692	0.01154	0.00462	0.00231	0.00385
4	0.00952	0.04630	0.01360	0.01114	0.01130	0.01336	0.00933	0.01048	0.00669	0.01036	0.00567	0.00931	0.00565	0.00737	0.01364	0.00184	0.80411	0.00371	0.00188	0.00475
5	0.01109	0.00980	0.01574	0.09863	0.42596	0.02223	0.09704	0.06830	0.02854	0.06644	0.00947	0.03604	0.00770	0.00434	0.00431	0.00128	0.00505	0.00415	0.00262	0.08128
6	0.00640	0.00478	0.00618	0.00688	0.00801	0.00457	0.00586	0.00812	0.00989	0.01252	0.02893	0.04649	0.25837	0.01161	0.00570	0.00183	0.00344	0.56256	0.00398	0.00387
7	0.00803	0.00401	0.00401	0.00401	0.00502	0.00401	0.00301	0.01004	0.00903	0.01606	0.01405	0.01606	0.01104	0.00502	0.00301	0.00100	0.00201	0.00401	0.87253	0.00401
8	0.01051	0.09056	0.43626	0.01242	0.10395	0.06294	0.01231	0.08764	0.02856	0.04232	0.02929	0.04697	0.00804	0.00477	0.00410	0.00131	0.00558	0.00381	0.00246	0.00620
9	0.01453	0.01334	0.04117	0.00992	0.01296	0.17246	0.00813	0.41519	0.22991	0.02098	0.01145	0.01132	0.00846	0.00517	0.00424	0.00130	0.00504	0.00390	0.00383	0.00670
10	0.00803	0.00401	0.00401	0.00401	0.00502	0.00401	0.00301	0.01004	0.00903	0.01606	0.01405	0.01606	0.01104	0.00502	0.00301	0.00100	0.00201	0.00401	0.87253	0.00401
11	0.00648	0.00452	0.00567	0.00531	0.00652	0.00408	0.00401	0.00831	0.01173	0.05182	0.63138	0.03323	0.19267	0.00907	0.00505	0.00137	0.00213	0.00789	0.00462	0.00412
12	0.02829	0.49806	0.07774	0.08102	0.01329	0.09733	0.00827	0.01408	0.06085	0.04810	0.03195	0.00925	0.00730	0.00422	0.00335	0.00109	0.00494	0.00297	0.00231	0.00557
13	0.00877	0.00809	0.01294	0.71272	0.02701	0.01013	0.01150	0.06189	0.00918	0.01198	0.00765	0.01123	0.00584	0.00465	0.00517	0.00147	0.07894	0.00383	0.00206	0.00494
14	0.00635	0.00578	0.00592	0.05898	0.00823	0.07665	0.00461	0.00744	0.00927	0.01121	0.02969	0.32861	0.37915	0.01163	0.03479	0.00173	0.00335	0.00919	0.00365	0.00379
15	0.00625	0.00423	0.00498	0.00498	0.00508	0.00433	0.00296	0.00645	0.00635	0.00856	0.01331	0.02675	0.01504	0.74437	0.12532	0.00453	0.00512	0.00605	0.00257	0.00277
16	0.01332	0.01253	0.09890	0.01180	0.07369	0.06794	0.08386	0.28737	0.21450	0.07376	0.01174	0.01190	0.00857	0.00494	0.00435	0.00135	0.00498	0.00412	0.00363	0.00676

[dist]
# distance from previous block
# <min> <max>
0	1

[block]
# block no. 2 follows, 61 sequences, length 7
# corresponding to MSA columns:
# 405,409-414
name=unknown_C
#
# <colnr> <probs for GDERKNQSTAVLIFYWHMCP>
#	G	D	E	R	K	N	Q	S	T	A	V	L	I	F	Y	W	H	M	C	P
0	0.87904	0.00833	0.00633	0.00566	0.00833	0.00966	0.00467	0.01266	0.00733	0.01933	0.00600	0.00700	0.00467	0.00400	0.00267	0.00133	0.00333	0.00233	0.00267	0.00467
1	0.00916	0.00838	0.01195	0.00853	0.01246	0.00668	0.15167	0.01139	0.00916	0.01399	0.00785	0.00942	0.00641	0.00327	0.00354	0.00079	0.00394	0.00302	0.00248	0.71592
2	0.01653	0.01051	0.07341	0.00919	0.01257	0.10882	0.06467	0.06434	0.01236	0.51237	0.05967	0.01392	0.01085	0.00519	0.00435	0.00132	0.00460	0.00428	0.00436	0.00667
3	0.01053	0.00966	0.01524	0.10333	0.01680	0.03259	0.27043	0.05831	0.05600	0.05729	0.00918	0.01086	0.00700	0.00387	0.00415	0.00113	0.00507	0.00384	0.00270	0.32202
4	0.00803	0.00401	0.00401	0.00401	0.00502	0.00401	0.00301	0.01004	0.00903	0.01606	0.01405	0.01606	0.01104	0.00502	0.00301	0.00100	0.00201	0.00401	0.87253	0.00401
5	0.00848	0.00722	0.00872	0.05384	0.01088	0.00571	0.00537	0.01032	0.00884	0.01353	0.00945	0.10216	0.00880	0.00440	0.00351	0.00081	0.00326	0.00370	0.00268	0.72834
6	0.00701	0.00670	0.04390	0.00822	0.03916	0.00672	0.04186	0.00919	0.04384	0.01253	0.15753	0.02353	0.20958	0.01482	0.23260	0.00299	0.12623	0.00606	0.00313	0.00440

[dist]
# distance from previous block
# <min> <max>
0	2

[block]
# block no. 3 follows, 61 sequences, length 42
# corresponding to MSA columns:
# 423,526-536,545-560,566-579
name=unknown_D
#
# <colnr> <probs for GDERKNQSTAVLIFYWHMCP>
#	G	D	E	R	K	N	Q	S	T	A	V	L	I	F	Y	W	H	M	C	P
0	0.00803	0.00401	0.00401	0.00401	0.00502	0.00401	0.00301	0.01004	0.00903	0.01606	0.01405	0.01606	0.01104	0.00502	0.00301	0.00100	0.00201	0.00401	0.87253	0.00401
1	0.36693	0.11050	0.05182	0.01866	0.02095	0.08086	0.02317	0.03626	0.06043	0.04837	0.00750	0.00873	0.00598	0.00477	0.00499	0.00136	0.13782	0.00302	0.00260	0.00526
2	0.01004	0.00962	0.01653	0.07656	0.60987	0.00971	0.07505	0.01294	0.03557	0.01410	0.05930	0.03274	0.00957	0.00446	0.00442	0.00133	0.00502	0.00442	0.00240	0.00636
3	0.00802	0.00688	0.00771	0.00780	0.05965	0.00720	0.00554	0.01417	0.36274	0.01522	0.11731	0.02734	0.32717	0.00801	0.00473	0.00144	0.00289	0.00676	0.00413	0.00528
4	0.00543	0.00399	0.00511	0.00587	0.00634	0.00373	0.00400	0.00658	0.02840	0.01168	0.08292	0.69099	0.10355	0.01273	0.00540	0.00169	0.00246	0.01145	0.00406	0.00363
5	0.00847	0.00783	0.01292	0.80489	0.02901	0.00972	0.01181	0.04309	0.00908	0.01166	0.00776	0.01144	0.00581	0.00434	0.00431	0.00143	0.00570	0.00383	0.00201	0.00489
6	0.00995	0.00942	0.01604	0.09798	0.64925	0.00957	0.03049	0.01239	0.00955	0.01347	0.00939	0.05358	0.00850	0.02377	0.00480	0.00141	0.00504	0.02685	0.00227	0.00627
7	0.03369	0.01267	0.01258	0.09118	0.12476	0.31196	0.06278	0.04023	0.01117	0.13558	0.03153	0.09239	0.00977	0.00544	0.00430	0.00130	0.00569	0.00449	0.00296	0.00553
8	0.19744	0.06008	0.03274	0.12105	0.23542	0.03171	0.08647	0.03313	0.00943	0.08895	0.00820	0.01002	0.00634	0.00433	0.00452	0.00135	0.05695	0.00354	0.00253	0.00579
9	0.00630	0.00416	0.00472	0.00472	0.00472	0.00416	0.00264	0.00625	0.00625	0.00833	0.01340	0.02776	0.01543	0.82482	0.02178	0.02902	0.00416	0.00619	0.00259	0.00259
10	0.01027	0.00904	0.01439	0.25455	0.29900	0.00986	0.06026	0.05462	0.08512	0.05497	0.01071	0.03904	0.02784	0.00496	0.00489	0.00140	0.04605	0.00443	0.00265	0.00594
11	0.01179	0.00972	0.05009	0.04145	0.22679	0.00924	0.03664	0.05056	0.20372	0.14287	0.01172	0.01227	0.00876	0.00463	0.00442	0.00126	0.02601	0.00398	0.00331	0.14076
12	0.01256	0.01039	0.02091	0.01528	0.03127	0.00958	0.56751	0.01562	0.01070	0.22699	0.01086	0.01235	0.00762	0.00407	0.00483	0.00140	0.00620	0.00482	0.00301	0.02401
13	0.00766	0.00614	0.00675	0.00634	0.00772	0.00651	0.00464	0.01271	0.30716	0.01388	0.12969	0.02629	0.18779	0.19635	0.04351	0.01850	0.00348	0.00643	0.00382	0.00462
14	0.00626	0.00420	0.00484	0.00484	0.00488	0.00425	0.00278	0.00635	0.00631	0.00845	0.01345	0.02749	0.01536	0.79782	0.07231	0.00435	0.00463	0.00616	0.00259	0.00269
15	0.13201	0.18938	0.41675	0.01003	0.01489	0.01101	0.04328	0.01423	0.00920	0.10993	0.00827	0.00911	0.00602	0.00412	0.00369	0.00127	0.00530	0.00310	0.00237	0.00605
16	0.01200	0.76309	0.02147	0.00777	0.01130	0.10342	0.00747	0.01335	0.00912	0.01018	0.00606	0.00700	0.00553	0.00377	0.00288	0.00094	0.00494	0.00235	0.00188	0.00547
17	0.00572	0.00402	0.00521	0.00582	0.00640	0.00370	0.00406	0.00674	0.00914	0.03028	0.14605	0.60243	0.11136	0.01230	0.00538	0.00166	0.00246	0.02945	0.00414	0.00370
18	0.25734	0.08046	0.03464	0.03276	0.07792	0.02730	0.08785	0.02494	0.09319	0.14262	0.04171	0.01129	0.00851	0.00477	0.00443	0.00135	0.05636	0.00371	0.00310	0.00574
19	0.00595	0.00440	0.00555	0.00526	0.00634	0.00400	0.00395	0.00784	0.01184	0.01642	0.70250	0.03358	0.15814	0.00912	0.00508	0.00137	0.00205	0.00799	0.00463	0.00400
20	0.00873	0.02162	0.77646	0.01264	0.01888	0.01006	0.06509	0.01365	0.00916	0.01365	0.00779	0.00925	0.00552	0.00406	0.00415	0.00137	0.00642	0.00330	0.00184	0.00633
21	0.00908	0.00907	0.04055	0.51478	0.31922	0.00983	0.01255	0.01190	0.00907	0.01221	0.00782	0.01111	0.00613	0.00413	0.00428	0.00138	0.00553	0.00381	0.00199	0.00558
22	0.00864	0.02228	0.82630	0.01228	0.01864	0.01000	0.01592	0.01364	0.00909	0.01364	0.00773	0.00909	0.00546	0.00409	0.00409	0.00136	0.00637	0.00318	0.00182	0.00637
23	0.00597	0.00438	0.00539	0.00514	0.00625	0.00397	0.00385	0.00780	0.01156	0.01605	0.62370	0.03343	0.20174	0.00908	0.00499	0.00136	0.00206	0.00790	0.04139	0.00397
24	0.01251	0.58607	0.01850	0.00757	0.01093	0.04033	0.00706	0.03513	0.05996	0.12388	0.05447	0.01010	0.00875	0.00440	0.00329	0.00105	0.00436	0.00311	0.00272	0.00580
25	0.00539	0.00435	0.00479	0.00473	0.00601	0.00376	0.00353	0.00674	0.01046	0.01326	0.26961	0.06681	0.56469	0.01039	0.00510	0.00144	0.00215	0.00882	0.00422	0.00376
26	0.00813	0.00766	0.01292	0.83826	0.02967	0.00957	0.01196	0.01101	0.00861	0.01101	0.00766	0.01148	0.00574	0.00431	0.00431	0.00144	0.00574	0.00383	0.00191	0.00479
27	0.00952	0.00905	0.01513	0.38809	0.40023	0.00998	0.02910	0.01284	0.05932	0.01294	0.00850	0.01139	0.00673	0.00417	0.00431	0.00136	0.00534	0.00392	0.00218	0.00589
28	0.00831	0.00774	0.01282	0.76164	0.05600	0.00953	0.01165	0.01146	0.04105	0.01133	0.00807	0.01167	0.00611	0.00454	0.00453	0.01717	0.00559	0.00387	0.00202	0.00489
29	0.00595	0.00441	0.00558	0.00554	0.00657	0.00404	0.00422	0.00772	0.01126	0.01539	0.54425	0.09250	0.17488	0.00983	0.00520	0.00147	0.00229	0.09048	0.00448	0.00394
30	0.08791	0.00756	0.00946	0.00769	0.01025	0.00744	0.01859	0.12103	0.01171	0.43501	0.01466	0.01775	0.01128	0.12191	0.00708	0.00179	0.03211	0.06637	0.00432	0.00608
31	0.08020	0.03253	0.02667	0.10314	0.25067	0.11004	0.03775	0.06330	0.02521	0.21380	0.01016	0.01109	0.00741	0.00445	0.00411	0.00129	0.00504	0.00373	0.00311	0.00629
32	0.00635	0.00641	0.08572	0.00602	0.00773	0.00489	0.00516	0.03362	0.02181	0.01479	0.37587	0.09037	0.28545	0.00979	0.02542	0.00155	0.00288	0.00784	0.00408	0.00425
33	0.00623	0.00423	0.00512	0.00521	0.00539	0.00434	0.00326	0.00663	0.00665	0.00908	0.01415	0.08305	0.01583	0.61909	0.15301	0.00434	0.00521	0.02306	0.02317	0.00294
34	0.01609	0.02053	0.01221	0.01110	0.01332	0.83132	0.00832	0.01720	0.01221	0.01054	0.00666	0.00777	0.00555	0.00444	0.00388	0.00111	0.00777	0.00277	0.00222	0.00499
35	0.01003	0.00989	0.01714	0.20966	0.50404	0.02455	0.11608	0.01276	0.00963	0.01325	0.00839	0.01180	0.00693	0.00411	0.00441	0.00135	0.00556	0.02215	0.00213	0.00613
36	0.02884	0.01977	0.04574	0.41768	0.02887	0.00967	0.03511	0.06187	0.18983	0.02362	0.06936	0.01381	0.01019	0.00501	0.00431	0.00140	0.00479	0.00432	0.02032	0.00548
37	0.04542	0.01388	0.33816	0.10716	0.02847	0.00902	0.17224	0.01228	0.00913	0.03192	0.01054	0.10113	0.02626	0.00523	0.00459	0.00140	0.02229	0.00473	0.00235	0.05380
38	0.01056	0.43216	0.32507	0.00980	0.02383	0.02419	0.02850	0.02405	0.03492	0.02444	0.00736	0.00839	0.00590	0.00395	0.00345	0.00113	0.00530	0.00286	0.00203	0.02210
39	0.01097	0.69270	0.17626	0.00831	0.01251	0.01570	0.00900	0.01304	0.00882	0.01081	0.00632	0.00733	0.00551	0.00376	0.00302	0.00101	0.00494	0.00247	0.00184	0.00569
40	0.00626	0.00418	0.00470	0.00470	0.00470	0.00418	0.00261	0.00626	0.00626	0.00835	0.01357	0.02819	0.01566	0.84862	0.02192	0.00418	0.00418	0.00626	0.00261	0.00261
41	0.02107	0.22013	0.27743	0.01085	0.05245	0.02085	0.09609	0.02584	0.02050	0.01340	0.06050	0.01143	0.00866	0.00435	0.00386	0.00118	0.00512	0.02296	0.00231	0.12102

[dist]
# distance from previous block
# <min> <max>
1	2

[block]
# block no. 4 follows, 61 sequences, length 22
# corresponding to MSA columns:
# 582-597,607-612
name=unknown_E
#
# <colnr> <probs for GDERKNQSTAVLIFYWHMCP>
#	G	D	E	R	K	N	Q	S	T	A	V	L	I	F	Y	W	H	M	C	P
0	0.00636	0.02473	0.00736	0.00858	0.09460	0.00503	0.01846	0.00794	0.04560	0.01185	0.03861	0.65177	0.02475	0.01158	0.00524	0.00166	0.00297	0.02503	0.00375	0.00412
1	0.01009	0.20310	0.06032	0.18393	0.13836	0.05069	0.08061	0.02585	0.02863	0.03258	0.01954	0.09639	0.00900	0.00523	0.00450	0.00132	0.03752	0.00446	0.00240	0.00546
2	0.01332	0.30154	0.18028	0.00954	0.03585	0.01157	0.03769	0.07962	0.01079	0.24243	0.01013	0.01050	0.00738	0.01543	0.01493	0.00131	0.00490	0.00341	0.00306	0.00634
3	0.00640	0.00441	0.00642	0.00642	0.00696	0.00494	0.00475	0.00715	0.00661	0.00935	0.01107	0.01762	0.01078	0.12887	0.58787	0.16086	0.00925	0.00466	0.00227	0.00334
4	0.01530	0.16387	0.01400	0.01045	0.01293	0.69081	0.00816	0.01646	0.01161	0.01047	0.00654	0.00762	0.00555	0.00431	0.00369	0.00108	0.00722	0.00269	0.00215	0.00509
5	0.02807	0.30663	0.07789	0.01228	0.14522	0.18945	0.05395	0.03861	0.01038	0.07236	0.00841	0.00946	0.02133	0.00421	0.00369	0.00114	0.00552	0.00320	0.00238	0.00584
6	0.00617	0.00457	0.00668	0.00668	0.00737	0.00525	0.00509	0.00754	0.00685	0.00982	0.01176	0.01813	0.01129	0.12009	0.74449	0.00663	0.01075	0.00479	0.00234	0.00371
7	0.00525	0.00375	0.00500	0.00600	0.00625	0.00350	0.00400	0.00600	0.00825	0.01100	0.02374	0.84580	0.02849	0.01350	0.00550	0.00175	0.00250	0.01225	0.00400	0.00350
8	0.00912	0.05543	0.65841	0.01234	0.01804	0.04475	0.08369	0.01355	0.00922	0.01324	0.00784	0.00945	0.00575	0.00509	0.03456	0.00155	0.00662	0.00335	0.00189	0.00613
9	0.00954	0.05953	0.31924	0.01278	0.06385	0.03747	0.16235	0.05288	0.02393	0.01375	0.01056	0.03493	0.00930	0.00605	0.01672	0.01702	0.02934	0.11263	0.00245	0.00569
10	0.00634	0.00488	0.00649	0.09500	0.00902	0.00480	0.00495	0.00858	0.03136	0.01573	0.59110	0.03097	0.12238	0.02202	0.00527	0.00144	0.00257	0.02867	0.00429	0.00414
11	0.00864	0.02228	0.82630	0.01228	0.01864	0.01000	0.01592	0.01364	0.00909	0.01364	0.00773	0.00909	0.00546	0.00409	0.00409	0.00136	0.00637	0.00318	0.00182	0.00637
12	0.04431	0.42774	0.13240	0.00823	0.01178	0.06889	0.00813	0.04878	0.09673	0.02606	0.00906	0.00974	0.01905	0.00434	0.00335	0.00111	0.00466	0.00307	0.06689	0.00568
13	0.00562	0.00433	0.00500	0.00534	0.00628	0.00391	0.00384	0.02731	0.00936	0.01179	0.04937	0.35320	0.40661	0.02959	0.00591	0.02310	0.00252	0.03934	0.00394	0.00364
14	0.00807	0.00639	0.00706	0.00651	0.00828	0.00663	0.00499	0.01380	0.32607	0.04360	0.25413	0.02793	0.25306	0.00813	0.00478	0.00142	0.00267	0.00690	0.00441	0.00513
15	0.00724	0.03579	0.00637	0.00575	0.00635	0.00526	0.00397	0.00828	0.04060	0.04368	0.01380	0.04177	0.01453	0.48885	0.17622	0.02582	0.00549	0.05069	0.01610	0.00343
16	0.03548	0.27449	0.02947	0.01153	0.10519	0.43051	0.00859	0.01540	0.03178	0.01129	0.00691	0.00806	0.00586	0.00416	0.00357	0.00109	0.00624	0.00280	0.00215	0.00543
17	0.00524	0.00377	0.00497	0.00593	0.00623	0.00350	0.00397	0.00601	0.00831	0.01102	0.02451	0.81462	0.05917	0.01340	0.00548	0.00174	0.00249	0.01212	0.00400	0.00350
18	0.00740	0.15719	0.00887	0.00604	0.00761	0.04364	0.00480	0.00930	0.03747	0.01399	0.38175	0.13208	0.15699	0.00854	0.00464	0.00134	0.00288	0.00727	0.00388	0.00432
19	0.04525	0.01561	0.08742	0.01110	0.02993	0.37867	0.02857	0.11177	0.01122	0.01328	0.00742	0.00928	0.00616	0.00696	0.06338	0.00172	0.16122	0.00332	0.00240	0.00532
20	0.57684	0.09621	0.04221	0.02213	0.04530	0.06338	0.00629	0.03042	0.03821	0.01722	0.00679	0.00781	0.00536	0.00407	0.00302	0.00127	0.00402	0.00262	0.00258	0.02424
21	0.01959	0.04208	0.00815	0.00729	0.04648	0.02254	0.02627	0.03659	0.17142	0.01438	0.12768	0.02839	0.38883	0.00816	0.00467	0.00137	0.00302	0.00686	0.00385	0.03240

[dist]
# distance from previous block
# <min> <max>
0	2

[block]
# block no. 5 follows, 61 sequences, length 79
# corresponding to MSA columns:
# 615-618,622-631,636-654,660-669,693-728
name=unknown_F
#
# <colnr> <probs for GDERKNQSTAVLIFYWHMCP>
#	G	D	E	R	K	N	Q	S	T	A	V	L	I	F	Y	W	H	M	C	P
0	0.02531	0.52352	0.12029	0.06556	0.01343	0.03809	0.02115	0.03598	0.00954	0.06621	0.02007	0.00965	0.00695	0.00424	0.00337	0.00110	0.00490	0.02269	0.00228	0.00567
1	0.00800	0.00606	0.00881	0.14346	0.12803	0.00609	0.00683	0.01027	0.02990	0.07411	0.33837	0.08188	0.11599	0.00764	0.00481	0.00140	0.00330	0.01644	0.00380	0.00479
2	0.02233	0.03392	0.26924	0.08390	0.05831	0.02805	0.04132	0.01424	0.03767	0.17490	0.06716	0.04915	0.01044	0.00504	0.00421	0.00130	0.00482	0.00425	0.00303	0.08669
3	0.01101	0.05701	0.26206	0.07961	0.21249	0.01781	0.09782	0.01434	0.02264	0.12959	0.02667	0.01122	0.00756	0.00438	0.00451	0.00134	0.02726	0.00385	0.00255	0.00629
4	0.01333	0.00850	0.00963	0.00828	0.01091	0.01920	0.00653	0.02138	0.50150	0.28033	0.03839	0.03701	0.01335	0.00593	0.00441	0.00142	0.00349	0.00493	0.00466	0.00681
5	0.00913	0.03850	0.70004	0.01234	0.03682	0.02696	0.03547	0.01392	0.02969	0.02896	0.00844	0.02574	0.00626	0.00432	0.00413	0.00136	0.00615	0.00346	0.00202	0.00629
6	0.02579	0.04083	0.21522	0.02062	0.06732	0.00852	0.05390	0.03168	0.05092	0.41054	0.01325	0.01277	0.01896	0.00484	0.00425	0.00134	0.00468	0.00403	0.00379	0.00677
7	0.01005	0.06451	0.11508	0.22387	0.25466	0.04259	0.13620	0.01320	0.03046	0.03320	0.00873	0.03260	0.00704	0.00431	0.00431	0.00135	0.00568	0.00407	0.00222	0.00587
8	0.00527	0.00393	0.00490	0.00558	0.00616	0.00357	0.00384	0.00618	0.00886	0.01154	0.07912	0.60813	0.21205	0.01260	0.00538	0.00166	0.00240	0.01123	0.00405	0.00357
9	0.06008	0.02604	0.05072	0.19666	0.11959	0.02875	0.08958	0.07436	0.06734	0.15498	0.03908	0.01349	0.04047	0.00494	0.00442	0.00137	0.01476	0.00429	0.00314	0.00594
10	0.01201	0.05592	0.08342	0.11743	0.16240	0.00961	0.14560	0.02512	0.10166	0.19765	0.02542	0.02555	0.00897	0.00469	0.00438	0.00136	0.00502	0.00434	0.00315	0.00631
11	0.00657	0.00465	0.00681	0.00672	0.00724	0.00537	0.00505	0.00732	0.00661	0.00942	0.01066	0.01675	0.01030	0.09391	0.57411	0.16784	0.05047	0.00454	0.00223	0.00342
12	0.00991	0.01708	0.50480	0.11829	0.06736	0.00983	0.08654	0.02905	0.00963	0.08346	0.00865	0.01023	0.00616	0.00423	0.00438	0.00138	0.01696	0.00360	0.00223	0.00622
13	0.01370	0.03290	0.21028	0.03531	0.07137	0.02319	0.13271	0.01653	0.01074	0.36293	0.01275	0.02344	0.02428	0.00480	0.00437	0.00135	0.00509	0.00424	0.00349	0.00655
14	0.01031	0.04000	0.32144	0.01074	0.02568	0.00869	0.10279	0.07114	0.01042	0.12868	0.02929	0.14440	0.03052	0.00627	0.00470	0.00144	0.01949	0.02510	0.00305	0.00584
15	0.01364	0.01645	0.01257	0.01118	0.01258	0.53085	0.00873	0.01469	0.01015	0.01048	0.00629	0.00838	0.00559	0.00558	0.00765	0.00139	0.31369	0.00314	0.00210	0.00489
16	0.01107	0.00969	0.03861	0.21753	0.34850	0.00973	0.09105	0.07373	0.01057	0.09618	0.00976	0.02316	0.00775	0.00456	0.00443	0.00137	0.00527	0.02822	0.00264	0.00618
17	0.03932	0.07417	0.05056	0.01065	0.07384	0.02158	0.11256	0.11969	0.02440	0.28096	0.01494	0.06209	0.06466	0.00575	0.00439	0.00136	0.00448	0.02462	0.00377	0.00623
18	0.00995	0.12742	0.22985	0.00946	0.02648	0.00950	0.04107	0.16069	0.01111	0.04351	0.03576	0.22762	0.01331	0.02885	0.00486	0.00146	0.00455	0.00588	0.00310	0.00554
19	0.00521	0.00447	0.00448	0.00446	0.00593	0.00378	0.00335	0.00653	0.02650	0.01177	0.04310	0.04093	0.80326	0.01080	0.00508	0.00145	0.00221	0.00900	0.00401	0.00370
20	0.00923	0.02437	0.30194	0.07228	0.02874	0.00766	0.05346	0.01236	0.02785	0.11986	0.01563	0.17105	0.06475	0.00705	0.00465	0.00149	0.00473	0.06436	0.00308	0.00546
21	0.01082	0.03588	0.16828	0.20782	0.01737	0.07111	0.06529	0.04136	0.04734	0.13236	0.05127	0.08347	0.01052	0.00558	0.00471	0.00140	0.03216	0.00471	0.00295	0.00560
22	0.01504	0.01804	0.01278	0.02503	0.08748	0.64583	0.02942	0.04965	0.01214	0.02713	0.00839	0.00950	0.03176	0.00461	0.00402	0.00116	0.00710	0.00322	0.00241	0.00528
23	0.01033	0.02409	0.02238	0.21295	0.13777	0.11385	0.04128	0.02916	0.01028	0.09774	0.05222	0.08987	0.09666	0.00635	0.00454	0.00139	0.00482	0.03609	0.00302	0.00522
24	0.01042	0.02739	0.15575	0.15606	0.10618	0.02370	0.15721	0.03222	0.03255	0.09908	0.02662	0.01544	0.00936	0.00527	0.00499	0.00145	0.04233	0.08548	0.00273	0.00577
25	0.00943	0.00747	0.01152	0.35170	0.12852	0.02220	0.02997	0.02954	0.00955	0.10372	0.03019	0.18948	0.02887	0.00661	0.00480	0.00147	0.02104	0.00588	0.00294	0.00513
26	0.19686	0.01281	0.20856	0.07841	0.01465	0.07085	0.03634	0.09486	0.01089	0.22117	0.00992	0.01037	0.00686	0.00452	0.00391	0.00133	0.00496	0.00345	0.00319	0.00609
27	0.01146	0.03357	0.18791	0.11296	0.17809	0.02908	0.06223	0.12794	0.01126	0.11285	0.01067	0.07169	0.00869	0.00514	0.00437	0.00137	0.00521	0.01641	0.00290	0.00619
28	0.01068	0.01333	0.25492	0.09922	0.04311	0.00952	0.31285	0.01430	0.01885	0.13217	0.01019	0.04348	0.00767	0.00450	0.00459	0.00141	0.00603	0.00453	0.00260	0.00604
29	0.01115	0.07836	0.38019	0.01215	0.09842	0.00988	0.03975	0.06910	0.03153	0.13947	0.00987	0.01098	0.00723	0.00674	0.07476	0.00179	0.00597	0.00364	0.00269	0.00634
30	0.01240	0.15467	0.10787	0.02247	0.04452	0.03772	0.03611	0.12334	0.02988	0.18949	0.05647	0.07351	0.02011	0.01673	0.03475	0.00154	0.02446	0.00459	0.00340	0.00596
31	0.01134	0.08473	0.33202	0.03862	0.04519	0.00968	0.08790	0.07634	0.01064	0.16115	0.01165	0.04943	0.02952	0.00514	0.00429	0.00136	0.00527	0.02663	0.00292	0.00619
32	0.01153	0.11093	0.04580	0.08077	0.01267	0.08130	0.03966	0.13465	0.04240	0.12421	0.04237	0.08715	0.06109	0.03859	0.03530	0.00166	0.00481	0.03626	0.00339	0.00546
33	0.04281	0.00755	0.06881	0.09348	0.02876	0.00686	0.06641	0.06478	0.04347	0.04957	0.01598	0.18908	0.07245	0.18579	0.02802	0.01763	0.00437	0.00653	0.00312	0.00451
34	0.01018	0.01064	0.15260	0.19977	0.15725	0.00877	0.10280	0.03563	0.02239	0.11482	0.05182	0.07848	0.02495	0.00535	0.00450	0.00140	0.00509	0.00490	0.00284	0.00579
35	0.01044	0.02185	0.10886	0.18092	0.17177	0.00972	0.26858	0.02607	0.01001	0.09148	0.02299	0.02806	0.02014	0.00443	0.00456	0.00139	0.00578	0.00450	0.00251	0.00592
36	0.00906	0.00880	0.01433	0.36856	0.06474	0.05805	0.17176	0.01157	0.00905	0.03206	0.00978	0.06940	0.00850	0.00796	0.09029	0.00202	0.03715	0.01965	0.00230	0.00498
37	0.00904	0.08801	0.30455	0.06622	0.01837	0.01013	0.29146	0.01269	0.02193	0.01295	0.01020	0.08029	0.01965	0.01810	0.00478	0.00145	0.00599	0.01630	0.00225	0.00563
38	0.01242	0.09175	0.25379	0.05261	0.06152	0.02207	0.05976	0.05245	0.03360	0.23785	0.01225	0.01323	0.03704	0.00496	0.00433	0.00134	0.01494	0.02459	0.00317	0.00632
39	0.02232	0.02473	0.08286	0.03959	0.01082	0.00655	0.03682	0.02635	0.03220	0.32963	0.03337	0.10091	0.05622	0.14697	0.00771	0.02405	0.00401	0.00561	0.00386	0.00543
40	0.00907	0.09794	0.51805	0.01087	0.01571	0.00975	0.04289	0.03360	0.02334	0.03386	0.01117	0.05186	0.02501	0.00555	0.00431	0.00141	0.00555	0.09178	0.00241	0.00587
41	0.01013	0.03208	0.09724	0.19691	0.36566	0.02295	0.11926	0.01300	0.00957	0.04378	0.00908	0.01150	0.02503	0.00423	0.00453	0.00135	0.02142	0.00402	0.00221	0.00605
42	0.00892	0.05355	0.46596	0.18413	0.09034	0.01019	0.07864	0.01292	0.00915	0.01297	0.00815	0.01087	0.00623	0.00426	0.00422	0.00138	0.00606	0.02418	0.00195	0.00593
43	0.01146	0.03444	0.17509	0.03056	0.01341	0.00777	0.10072	0.03207	0.02008	0.24765	0.01548	0.11871	0.03299	0.00689	0.00494	0.00150	0.02463	0.11228	0.00358	0.00576
44	0.01206	0.00821	0.01294	0.23159	0.24985	0.00851	0.02665	0.03412	0.01044	0.24125	0.05191	0.02970	0.02187	0.01620	0.00486	0.00141	0.02466	0.00447	0.00322	0.00607
45	0.00856	0.01040	0.15886	0.33545	0.09121	0.00890	0.11023	0.01150	0.00906	0.02965	0.01076	0.11268	0.00976	0.00576	0.00482	0.00149	0.02449	0.04880	0.00238	0.00523
46	0.01012	0.01111	0.17579	0.07041	0.16345	0.00856	0.15755	0.02233	0.02163	0.11888	0.01353	0.12627	0.05598	0.00589	0.00476	0.00143	0.01814	0.00546	0.00289	0.00581
47	0.00965	0.00872	0.01392	0.51494	0.23325	0.03043	0.02349	0.03089	0.00951	0.04903	0.00919	0.01208	0.02762	0.00442	0.00432	0.00138	0.00544	0.00398	0.00225	0.00548
48	0.00972	0.00735	0.01195	0.50693	0.07622	0.00831	0.02878	0.01216	0.00936	0.13748	0.02586	0.06894	0.02349	0.00615	0.02550	0.00158	0.00517	0.02712	0.00276	0.00518
49	0.00851	0.00996	0.16006	0.08860	0.11950	0.00770	0.13151	0.02155	0.01687	0.04580	0.03740	0.21812	0.03457	0.00734	0.00485	0.00152	0.00476	0.07319	0.00297	0.00522
50	0.03223	0.04928	0.17635	0.03811	0.03372	0.00743	0.08563	0.01205	0.02139	0.13581	0.03450	0.16280	0.09727	0.00747	0.00470	0.00149	0.00435	0.08680	0.00334	0.00527
51	0.03376	0.04797	0.16658	0.00896	0.01229	0.00738	0.09005	0.01432	0.01039	0.30552	0.06081	0.10921	0.07843	0.00708	0.02616	0.00154	0.00445	0.00552	0.00374	0.00584
52	0.00862	0.00869	0.07208	0.28933	0.18078	0.02783	0.02100	0.01096	0.00927	0.04153	0.04603	0.13710	0.06117	0.00651	0.00494	0.00146	0.03471	0.03017	0.00270	0.00511
53	0.00945	0.08142	0.12529	0.25248	0.13342	0.01072	0.26594	0.01260	0.00930	0.01258	0.00819	0.02661	0.00652	0.00419	0.00462	0.00138	0.02339	0.00418	0.00205	0.00564
54	0.00844	0.05229	0.32647	0.04247	0.03447	0.00803	0.07385	0.01150	0.00955	0.05442	0.02936	0.05062	0.15596	0.01621	0.00482	0.00149	0.00487	0.10705	0.00284	0.00530
55	0.01006	0.18400	0.43828	0.02150	0.03486	0.01089	0.06389	0.01355	0.00916	0.07907	0.00846	0.00994	0.00641	0.00628	0.06644	0.00171	0.02396	0.00337	0.00218	0.00601
56	0.00955	0.06210	0.41886	0.10773	0.01721	0.00911	0.07310	0.01307	0.00949	0.10007	0.03774	0.08861	0.02397	0.00534	0.00433	0.00139	0.00540	0.00457	0.00257	0.00580
57	0.01042	0.05563	0.47676	0.03844	0.03340	0.04985	0.04322	0.03296	0.01004	0.11187	0.04943	0.05014	0.00903	0.00492	0.00422	0.00135	0.00558	0.00404	0.00259	0.00609
58	0.01017	0.20081	0.54285	0.01057	0.01585	0.01097	0.01276	0.01393	0.00933	0.08871	0.00882	0.02478	0.00678	0.00445	0.00389	0.00128	0.00561	0.02002	0.00224	0.00617
59	0.00875	0.00918	0.06272	0.38653	0.23897	0.00931	0.07974	0.01147	0.00904	0.01224	0.00962	0.09241	0.00859	0.00520	0.00472	0.00144	0.02510	0.01736	0.00222	0.00538
60	0.00995	0.01152	0.22890	0.26494	0.03420	0.02449	0.04553	0.03223	0.00985	0.12437	0.02816	0.04618	0.02895	0.01999	0.00479	0.00149	0.00524	0.07090	0.00281	0.00551
61	0.01054	0.11120	0.29322	0.07098	0.01488	0.11683	0.03453	0.03381	0.01949	0.07546	0.01067	0.02945	0.02745	0.06704	0.03080	0.00170	0.00576	0.03821	0.00252	0.00549
62	0.02328	0.03358	0.05898	0.24181	0.23897	0.04556	0.09067	0.01226	0.00967	0.05495	0.05798	0.07584	0.02738	0.00523	0.00443	0.00137	0.00513	0.00482	0.00256	0.00553
63	0.00993	0.01533	0.45652	0.02790	0.08034	0.00841	0.03801	0.01348	0.00971	0.13777	0.03711	0.09744	0.03788	0.00559	0.00439	0.00140	0.00520	0.00476	0.00278	0.00604
64	0.01004	0.00989	0.11814	0.24319	0.11602	0.00862	0.14981	0.02412	0.00927	0.10308	0.00960	0.04459	0.00768	0.00600	0.00611	0.11636	0.00537	0.00434	0.00247	0.00530
65	0.12158	0.06179	0.07761	0.00877	0.01178	0.00899	0.08902	0.11170	0.05185	0.19782	0.05097	0.01578	0.06538	0.04987	0.02486	0.00164	0.02447	0.01679	0.00356	0.00578
66	0.00926	0.00964	0.05397	0.41154	0.30439	0.01011	0.07147	0.01208	0.00906	0.01238	0.00779	0.01099	0.00616	0.00425	0.00485	0.00140	0.04913	0.00389	0.00200	0.00564
67	0.03447	0.04881	0.22697	0.23318	0.13364	0.02935	0.14352	0.01298	0.00933	0.04616	0.00848	0.02773	0.00660	0.00441	0.00443	0.01229	0.00582	0.00393	0.00217	0.00573
68	0.01123	0.15836	0.42431	0.01167	0.05277	0.05115	0.05869	0.04482	0.01011	0.11106	0.00892	0.01024	0.00661	0.00432	0.00399	0.00128	0.00571	0.01608	0.00243	0.00626
69	0.00662	0.06032	0.03005	0.00604	0.00747	0.00528	0.00489	0.00854	0.04278	0.03043	0.18532	0.19656	0.27159	0.01047	0.01772	0.00160	0.00293	0.10328	0.00396	0.00415
70	0.00561	0.00425	0.00521	0.00566	0.00646	0.00392	0.00407	0.00706	0.03236	0.01255	0.16484	0.42785	0.23558	0.01171	0.00532	0.00161	0.00245	0.05560	0.00414	0.00375
71	0.01225	0.33777	0.09537	0.06255	0.03295	0.17898	0.03133	0.02452	0.03245	0.07910	0.00844	0.03126	0.00708	0.02247	0.00429	0.00123	0.02665	0.00334	0.00241	0.00557
72	0.03846	0.02877	0.09025	0.22550	0.17711	0.02361	0.08398	0.13237	0.04867	0.09536	0.00953	0.01117	0.00703	0.00441	0.00427	0.00135	0.00529	0.00390	0.00281	0.00617
73	0.00533	0.00381	0.00509	0.00606	0.00635	0.00357	0.00411	0.00616	0.00840	0.01122	0.04246	0.79671	0.02864	0.01332	0.00551	0.00175	0.00254	0.04144	0.00401	0.00353
74	0.01514	0.01143	0.18326	0.00953	0.01344	0.00860	0.05008	0.11348	0.09504	0.41986	0.02664	0.01323	0.00968	0.00507	0.00433	0.00135	0.00450	0.00418	0.00420	0.00694
75	0.01283	0.01029	0.01229	0.10713	0.12278	0.04832	0.01848	0.23217	0.27632	0.08451	0.02247	0.01291	0.00958	0.00512	0.00433	0.00136	0.00452	0.00424	0.00373	0.00663
76	0.27498	0.04044	0.01046	0.00803	0.01113	0.02092	0.00663	0.31195	0.07957	0.17934	0.01073	0.01050	0.00757	0.00484	0.00377	0.00131	0.00403	0.00351	0.00391	0.00639
77	0.04087	0.21908	0.18083	0.05697	0.02709	0.13545	0.05399	0.07800	0.04304	0.04002	0.00804	0.00914	0.00627	0.00414	0.00372	0.00116	0.00543	0.00314	0.00243	0.08120
78	0.08580	0.13817	0.08898	0.02846	0.17757	0.02740	0.01751	0.06468	0.06708	0.08904	0.05908	0.02376	0.03405	0.00497	0.00395	0.00124	0.00437	0.01815	0.00299	0.06274

[dist]
# distance from previous block
# <min> <max>
8	31

[block]
# block no. 6 follows, 61 sequences, length 8
# corresponding to MSA columns:
# 770-777
name=unknown_G
#
# <colnr> <probs for GDERKNQSTAVLIFYWHMCP>
#	G	D	E	R	K	N	Q	S	T	A	V	L	I	F	Y	W	H	M	C	P
0	0.06737	0.01143	0.13910	0.15250	0.38838	0.00988	0.05245	0.03802	0.00988	0.07773	0.00863	0.01067	0.00660	0.00411	0.00419	0.00133	0.00528	0.00374	0.00240	0.00629
1	0.00912	0.00916	0.04234	0.37847	0.27221	0.00990	0.04320	0.01222	0.04980	0.01247	0.00894	0.05036	0.00754	0.00489	0.00515	0.00144	0.07076	0.00430	0.00221	0.00555
2	0.06731	0.00917	0.01330	0.30342	0.01927	0.02646	0.13241	0.17700	0.06145	0.04244	0.01084	0.09801	0.00911	0.00545	0.00444	0.00143	0.00510	0.00487	0.00299	0.00554
3	0.15272	0.04341	0.04961	0.04028	0.01256	0.03667	0.06658	0.17067	0.09194	0.11005	0.01277	0.01300	0.07106	0.00500	0.00396	0.00126	0.00427	0.00399	0.00341	0.10678
4	0.03397	0.07568	0.07620	0.09847	0.05349	0.00939	0.14607	0.06087	0.04398	0.26726	0.01255	0.03142	0.02277	0.00512	0.00453	0.00137	0.01922	0.02802	0.00342	0.00618
5	0.02558	0.00921	0.01351	0.27314	0.07117	0.06725	0.12022	0.01394	0.07269	0.12317	0.02846	0.03718	0.00942	0.00542	0.00529	0.00146	0.07306	0.04147	0.00287	0.00548
6	0.01046	0.00969	0.04360	0.20543	0.18746	0.04708	0.03383	0.07520	0.13572	0.05327	0.01204	0.06763	0.03275	0.00527	0.00434	0.00134	0.00475	0.00461	0.00295	0.06255
7	0.03319	0.02439	0.02550	0.15404	0.10482	0.01819	0.09532	0.05208	0.07884	0.11470	0.04661	0.14105	0.01264	0.04576	0.00567	0.00157	0.03137	0.00560	0.00321	0.00545

[dist]
# distance from previous block
# <min> <max>
24	69

[block]
# block no. 7 follows, 61 sequences, length 6
# corresponding to MSA columns:
# 875-880
name=unknown_H
#
# <colnr> <probs for GDERKNQSTAVLIFYWHMCP>
#	G	D	E	R	K	N	Q	S	T	A	V	L	I	F	Y	W	H	M	C	P
0	0.00715	0.00612	0.07649	0.00653	0.00751	0.00533	0.00518	0.00849	0.07404	0.01028	0.05646	0.04162	0.01278	0.20313	0.19426	0.26801	0.00562	0.00501	0.00256	0.00344
1	0.13420	0.28252	0.03548	0.00765	0.01046	0.01154	0.00675	0.07374	0.15613	0.06886	0.01021	0.01125	0.00822	0.00955	0.15374	0.00223	0.00546	0.00347	0.00292	0.00561
2	0.04941	0.10567	0.01072	0.00686	0.01049	0.00788	0.00568	0.05041	0.04814	0.08689	0.00882	0.00953	0.00695	0.00370	0.00333	0.00083	0.00349	0.00285	0.00289	0.57546
3	0.00621	0.00430	0.00574	0.00589	0.00628	0.00454	0.00410	0.00690	0.00707	0.00973	0.04322	0.11922	0.01613	0.33057	0.31338	0.06308	0.00655	0.04112	0.00275	0.00323
4	0.11975	0.10306	0.11719	0.00939	0.03584	0.09839	0.02795	0.10333	0.05467	0.25507	0.01093	0.01087	0.00772	0.00465	0.00387	0.00127	0.00472	0.00353	0.02152	0.00629
5	0.46427	0.19394	0.01074	0.00675	0.00950	0.01127	0.00578	0.06276	0.09689	0.01684	0.00801	0.00903	0.00647	0.00664	0.07414	0.00173	0.00441	0.00290	0.00274	0.00519

[dist]
# distance from previous block
# <min> <max>
10	34

[block]
# block no. 8 follows, 61 sequences, length 6
# corresponding to MSA columns:
# 918-923
name=unknown_I
#
# <colnr> <probs for GDERKNQSTAVLIFYWHMCP>
#	G	D	E	R	K	N	Q	S	T	A	V	L	I	F	Y	W	H	M	C	P
0	0.01059	0.09049	0.04269	0.05895	0.03827	0.09348	0.02634	0.10636	0.04190	0.04864	0.05021	0.05892	0.03421	0.03835	0.07884	0.00189	0.08505	0.00449	0.00291	0.08743
1	0.06317	0.21743	0.10932	0.00990	0.05621	0.11495	0.04211	0.07705	0.01013	0.04980	0.02900	0.03903	0.02781	0.03026	0.00544	0.03555	0.05520	0.00381	0.01845	0.00536
2	0.01086	0.11620	0.09644	0.00907	0.03750	0.03170	0.03360	0.16644	0.04095	0.01621	0.05676	0.01074	0.00864	0.00433	0.00396	0.00104	0.02311	0.00340	0.00288	0.32619
3	0.04120	0.00820	0.17243	0.00750	0.00917	0.00596	0.00690	0.00851	0.00767	0.01108	0.05025	0.10705	0.01369	0.10579	0.11615	0.20451	0.03651	0.08102	0.00259	0.00381
4	0.04501	0.00487	0.00616	0.03633	0.00782	0.00467	0.00462	0.00890	0.00929	0.11320	0.12467	0.25910	0.15485	0.08066	0.04195	0.02953	0.00334	0.05708	0.00387	0.00409
5	0.00904	0.15900	0.13567	0.02511	0.07749	0.03757	0.03808	0.03390	0.01008	0.04375	0.16316	0.13746	0.06449	0.00734	0.02050	0.00145	0.02191	0.00578	0.00308	0.00513

[dist]
# distance from previous block
# <min> <max>
0	1

[block]
# block no. 9 follows, 61 sequences, length 15
# corresponding to MSA columns:
# 925-939
name=unknown_J
#
# <colnr> <probs for GDERKNQSTAVLIFYWHMCP>
#	G	D	E	R	K	N	Q	S	T	A	V	L	I	F	Y	W	H	M	C	P
0	0.03841	0.00661	0.02284	0.03008	0.11463	0.00629	0.00654	0.01221	0.07368	0.17583	0.01865	0.24344	0.08136	0.01036	0.07711	0.00196	0.00417	0.04202	0.00373	0.03008
1	0.01034	0.09254	0.05966	0.26326	0.13229	0.03618	0.06854	0.02596	0.03943	0.09776	0.05393	0.02886	0.03249	0.00589	0.03343	0.00153	0.00528	0.00434	0.00271	0.00557
2	0.01170	0.07355	0.09547	0.13016	0.12725	0.07201	0.06451	0.08323	0.08379	0.10850	0.01105	0.02628	0.02634	0.00507	0.00477	0.00136	0.04831	0.01773	0.00292	0.00600
3	0.01103	0.18172	0.08680	0.11118	0.19666	0.12114	0.03463	0.05500	0.00996	0.01269	0.02320	0.01036	0.02271	0.00468	0.00508	0.00129	0.10044	0.00354	0.00221	0.00568
4	0.08187	0.03795	0.09332	0.06310	0.20198	0.03111	0.01994	0.05529	0.05267	0.11047	0.03590	0.01240	0.03954	0.00466	0.00415	0.00123	0.01800	0.00384	0.00294	0.12963
5	0.00984	0.11484	0.18863	0.10704	0.04080	0.00968	0.08599	0.07593	0.04903	0.05594	0.02677	0.07279	0.06073	0.00625	0.02951	0.00149	0.00508	0.00467	0.00278	0.05220
6	0.05485	0.00710	0.00845	0.00788	0.00869	0.05816	0.00624	0.00959	0.00816	0.03775	0.06931	0.02158	0.05301	0.12768	0.18329	0.00311	0.22422	0.10397	0.00281	0.00415
7	0.00823	0.03408	0.00966	0.20616	0.02643	0.00681	0.05282	0.01079	0.06531	0.08219	0.07970	0.20060	0.14138	0.00819	0.00483	0.00150	0.00382	0.04929	0.00349	0.00471
8	0.16721	0.00715	0.00880	0.00790	0.05295	0.00692	0.00594	0.01641	0.06439	0.40863	0.19053	0.01703	0.01614	0.00581	0.00420	0.00134	0.00331	0.00475	0.00450	0.00608
9	0.58580	0.00842	0.00758	0.00637	0.00918	0.00926	0.00523	0.11284	0.00970	0.11537	0.00835	0.00889	0.00612	0.00432	0.00311	0.00128	0.00347	0.00286	0.04976	0.04207
10	0.87904	0.00833	0.00633	0.00566	0.00833	0.00966	0.00467	0.01266	0.00733	0.01933	0.00600	0.00700	0.00467	0.00400	0.00267	0.00133	0.00333	0.00233	0.00267	0.00467
11	0.00637	0.00438	0.00598	0.00598	0.00644	0.00480	0.00425	0.00713	0.00667	0.00946	0.01195	0.02025	0.01210	0.29692	0.46838	0.07942	0.00813	0.00506	0.03304	0.00328
12	0.01140	0.18244	0.04041	0.24698	0.03775	0.07597	0.00906	0.20315	0.02797	0.01539	0.03581	0.02605	0.00853	0.00498	0.00401	0.00127	0.00504	0.02884	0.02934	0.00561
13	0.00837	0.00541	0.00654	0.00613	0.00760	0.00509	0.00458	0.03309	0.07717	0.11864	0.13271	0.20201	0.18744	0.06135	0.00653	0.04384	0.00291	0.03431	0.00405	0.05223
14	0.02620	0.16441	0.25780	0.04957	0.08181	0.07543	0.14883	0.02639	0.02338	0.02804	0.00816	0.02988	0.00660	0.00444	0.00460	0.00131	0.05144	0.00370	0.00217	0.00583

[dist]
# distance from previous block
# <min> <max>
0	1

[block]
# block no. 10 follows, 61 sequences, length 20
# corresponding to MSA columns:
# 942-946,985-999
name=unknown_K
#
# <colnr> <probs for GDERKNQSTAVLIFYWHMCP>
#	G	D	E	R	K	N	Q	S	T	A	V	L	I	F	Y	W	H	M	C	P
0	0.00986	0.12230	0.29668	0.01101	0.01503	0.03755	0.14502	0.04503	0.00953	0.04610	0.00934	0.05038	0.00787	0.03517	0.07515	0.00187	0.02941	0.00409	0.00235	0.04628
1	0.00835	0.00492	0.00663	0.00611	0.00738	0.00483	0.00468	0.01002	0.01007	0.14671	0.34153	0.02403	0.04433	0.06598	0.25540	0.00319	0.00530	0.00605	0.04004	0.00443
2	0.00705	0.00445	0.00633	0.00624	0.00670	0.00484	0.00453	0.00717	0.00676	0.02721	0.02216	0.05687	0.03070	0.09424	0.32069	0.31795	0.04134	0.00491	0.02674	0.00312
3	0.03982	0.09094	0.27597	0.02655	0.05442	0.05606	0.05086	0.10077	0.08798	0.12375	0.01065	0.04535	0.00816	0.00488	0.00412	0.00132	0.00518	0.00396	0.00298	0.00628
4	0.00829	0.00779	0.01310	0.71600	0.06884	0.00953	0.02530	0.01105	0.00870	0.01128	0.00835	0.01313	0.00671	0.00474	0.00472	0.00147	0.03295	0.04119	0.00203	0.00487
5	0.09135	0.00789	0.04763	0.00755	0.01032	0.00709	0.02838	0.07869	0.05297	0.36391	0.10951	0.02877	0.04407	0.00603	0.00427	0.00135	0.00356	0.02976	0.07086	0.00605
6	0.00548	0.00406	0.00516	0.00587	0.00650	0.00374	0.00421	0.00653	0.00903	0.01179	0.08377	0.53549	0.18382	0.01247	0.00544	0.00169	0.00258	0.10470	0.00405	0.00362
