[name]
unknown

[dist]
# distance from previous block
# <min> <max>
2	58

[block]
# block no. 0 follows, 71 sequences, length 9
# corresponding to MSA columns:
# 58-66
name=unknown_A
#
# <colnr> <probs for GDERKNQSTAVLIFYWHMCP>
#	G	D	E	R	K	N	Q	S	T	A	V	L	I	F	Y	W	H	M	C	P
0	0.02350	0.08649	0.06304	0.05813	0.04277	0.05499	0.18088	0.07899	0.07285	0.02531	0.01178	0.13490	0.04581	0.03062	0.00461	0.00131	0.02186	0.02141	0.01840	0.02233
1	0.01031	0.05533	0.04539	0.08526	0.20918	0.05521	0.06208	0.13248	0.06214	0.08913	0.02721	0.04436	0.03409	0.00585	0.04683	0.00144	0.02166	0.00398	0.00270	0.00537
2	0.04109	0.11337	0.51917	0.03008	0.01508	0.05213	0.06311	0.05073	0.00883	0.06155	0.00725	0.00828	0.00526	0.00370	0.00354	0.00116	0.00528	0.00291	0.00198	0.00549
3	0.00601	0.00445	0.00595	0.00581	0.00638	0.00471	0.02097	0.02856	0.02503	0.01053	0.12219	0.27106	0.06743	0.11128	0.09969	0.09207	0.07540	0.00675	0.03247	0.00328
4	0.06847	0.05305	0.22126	0.00954	0.01301	0.05062	0.13325	0.07796	0.12273	0.12058	0.04592	0.01065	0.00803	0.00424	0.00392	0.00119	0.02300	0.00355	0.00276	0.02628
5	0.05048	0.03755	0.01275	0.20025	0.22833	0.08777	0.09840	0.05450	0.03791	0.04223	0.00890	0.06460	0.00773	0.02961	0.00431	0.00129	0.00471	0.02140	0.00231	0.00498
6	0.00597	0.00418	0.00554	0.00570	0.00634	0.00407	0.02271	0.04272	0.00805	0.03556	0.08525	0.43123	0.04406	0.15765	0.05005	0.00211	0.00318	0.07892	0.00333	0.00337
7	0.03361	0.03600	0.12948	0.11212	0.04636	0.01965	0.07585	0.12665	0.08719	0.12902	0.01038	0.01186	0.02738	0.03577	0.07823	0.02385	0.00492	0.00373	0.00276	0.00520
8	0.04693	0.06603	0.04827	0.06828	0.25962	0.09171	0.05176	0.09351	0.06098	0.03726	0.00966	0.05948	0.03722	0.00465	0.00420	0.00120	0.04766	0.00388	0.00243	0.00526

[dist]
# distance from previous block
# <min> <max>
1	16

[block]
# block no. 1 follows, 71 sequences, length 11
# corresponding to MSA columns:
# 83-93
name=unknown_B
#
# <colnr> <probs for GDERKNQSTAVLIFYWHMCP>
#	G	D	E	R	K	N	Q	S	T	A	V	L	I	F	Y	W	H	M	C	P
0	0.04294	0.04172	0.01062	0.04903	0.14904	0.15303	0.02745	0.10589	0.06271	0.04989	0.01058	0.06685	0.03970	0.00645	0.04865	0.01566	0.03910	0.02734	0.01793	0.03542
1	0.05324	0.00571	0.00763	0.00712	0.02644	0.00575	0.06542	0.09940	0.04700	0.09460	0.03021	0.40017	0.06142	0.05331	0.00535	0.00151	0.02074	0.00734	0.00341	0.00423
2	0.04341	0.06785	0.02910	0.04376	0.07969	0.08520	0.03673	0.25895	0.06155	0.02905	0.02941	0.04208	0.00791	0.00599	0.05590	0.00142	0.02614	0.00359	0.00281	0.08948
3	0.05305	0.04378	0.06545	0.07975	0.20860	0.04887	0.07079	0.16958	0.04223	0.06669	0.00883	0.05297	0.00717	0.00435	0.00394	0.00117	0.02427	0.00370	0.00261	0.04220
4	0.04348	0.02642	0.03837	0.00587	0.00768	0.01982	0.00478	0.12578	0.07435	0.10215	0.09026	0.07874	0.16536	0.05184	0.02058	0.00141	0.00304	0.00527	0.13032	0.00449
5	0.00732	0.02130	0.03011	0.05108	0.00894	0.01697	0.04954	0.05321	0.02594	0.07551	0.11069	0.25980	0.14509	0.02593	0.03998	0.00158	0.04813	0.00678	0.00325	0.01885
6	0.13868	0.19934	0.12423	0.02407	0.07947	0.14090	0.05890	0.07207	0.04199	0.05957	0.00782	0.00864	0.02101	0.00386	0.00329	0.00109	0.00466	0.00292	0.00230	0.00515
7	0.00996	0.31768	0.10952	0.02390	0.09152	0.04703	0.00785	0.09678	0.08355	0.02700	0.03425	0.01001	0.03842	0.00426	0.00379	0.00106	0.04998	0.00315	0.00234	0.03793
8	0.00727	0.00539	0.00625	0.00589	0.00717	0.00554	0.00442	0.11179	0.15322	0.03085	0.24114	0.25712	0.10515	0.00817	0.00436	0.00131	0.00248	0.00711	0.03107	0.00428
9	0.01025	0.39570	0.05106	0.03394	0.01236	0.08166	0.12877	0.04661	0.00854	0.03462	0.00634	0.00774	0.00531	0.00387	0.00433	0.00105	0.11184	0.00281	0.00193	0.05128
10	0.01104	0.13695	0.14052	0.06878	0.08711	0.11739	0.06421	0.12230	0.03798	0.10527	0.02755	0.01032	0.03174	0.00422	0.00378	0.00113	0.01837	0.00338	0.00256	0.00539

[dist]
# distance from previous block
# <min> <max>
0	1

[block]
# block no. 2 follows, 71 sequences, length 13
# corresponding to MSA columns:
# 95-107
name=unknown_C
#
# <colnr> <probs for GDERKNQSTAVLIFYWHMCP>
#	G	D	E	R	K	N	Q	S	T	A	V	L	I	F	Y	W	H	M	C	P
0	0.00560	0.00395	0.00464	0.00487	0.00549	0.00381	0.00333	0.00698	0.06017	0.02383	0.06575	0.33353	0.16606	0.21449	0.00809	0.00195	0.00257	0.02159	0.06004	0.00325
1	0.00615	0.02566	0.08859	0.03398	0.12145	0.00506	0.00582	0.00764	0.00833	0.03473	0.03885	0.26392	0.32839	0.00841	0.00436	0.00132	0.00292	0.00732	0.00309	0.00400
2	0.01041	0.18369	0.13552	0.02854	0.03639	0.07381	0.16955	0.07781	0.06308	0.09528	0.02780	0.03471	0.02306	0.00436	0.00373	0.00115	0.00475	0.01853	0.00254	0.00529
3	0.02608	0.07205	0.05076	0.06533	0.03856	0.04718	0.16099	0.07394	0.00893	0.03939	0.03578	0.12295	0.04177	0.04087	0.01505	0.00147	0.09023	0.06157	0.00257	0.00451
4	0.00471	0.00341	0.00441	0.00516	0.00549	0.00316	0.00346	0.00541	0.00749	0.00990	0.04352	0.74224	0.09463	0.04079	0.00535	0.00160	0.00224	0.01038	0.00353	0.00311
5	0.00903	0.01036	0.16961	0.12876	0.16240	0.02592	0.14237	0.04116	0.08845	0.05988	0.04330	0.04028	0.00872	0.00444	0.00396	0.00124	0.00467	0.02119	0.02896	0.00528
6	0.02867	0.10953	0.12450	0.05864	0.18615	0.06519	0.07486	0.06658	0.03268	0.10553	0.04744	0.06572	0.00880	0.00452	0.00375	0.00116	0.00447	0.00390	0.00256	0.00534
7	0.05072	0.00601	0.03146	0.00663	0.02325	0.00522	0.00525	0.01359	0.03583	0.45076	0.05312	0.21619	0.05042	0.00688	0.00413	0.00130	0.00297	0.02696	0.00409	0.00522
8	0.00807	0.00901	0.09994	0.39286	0.33008	0.00858	0.03559	0.01067	0.00820	0.01116	0.00841	0.01090	0.04218	0.00390	0.00385	0.00122	0.00486	0.00359	0.00186	0.00507
9	0.01135	0.14440	0.20727	0.03810	0.07849	0.03083	0.05031	0.07290	0.02722	0.23185	0.03017	0.03040	0.00784	0.00464	0.01655	0.00122	0.00449	0.00351	0.00282	0.00563
10	0.01052	0.05471	0.05528	0.13152	0.07852	0.04906	0.10712	0.07976	0.06606	0.14516	0.00933	0.03859	0.00731	0.00530	0.02863	0.00139	0.10834	0.00378	0.00264	0.01699
11	0.00542	0.00410	0.00460	0.00480	0.00566	0.02520	0.00344	0.00637	0.00853	0.03148	0.14658	0.33558	0.33404	0.00994	0.00483	0.02454	0.00222	0.00844	0.03090	0.00333
12	0.03413	0.02168	0.13060	0.00813	0.02492	0.08380	0.04242	0.08719	0.05286	0.25496	0.04844	0.08420	0.07900	0.00566	0.00396	0.00123	0.00394	0.02420	0.00339	0.00529

[dist]
# distance from previous block
# <min> <max>
9	49

[block]
# block no. 3 follows, 71 sequences, length 27
# corresponding to MSA columns:
# 159-166,169-187
name=unknown_D
#
# <colnr> <probs for GDERKNQSTAVLIFYWHMCP>
#	G	D	E	R	K	N	Q	S	T	A	V	L	I	F	Y	W	H	M	C	P
0	0.04745	0.09857	0.11684	0.06617	0.30412	0.04814	0.04569	0.05891	0.00917	0.09269	0.00847	0.05584	0.00700	0.00414	0.00365	0.00114	0.00450	0.00358	0.00233	0.02158
1	0.02355	0.03823	0.06047	0.00946	0.09471	0.03208	0.08157	0.06766	0.11234	0.13849	0.09174	0.17138	0.02990	0.00618	0.00422	0.00127	0.01575	0.01268	0.00327	0.00506
2	0.12335	0.00637	0.00781	0.06561	0.06252	0.00659	0.02036	0.15424	0.01007	0.08710	0.12179	0.04007	0.17205	0.00685	0.00508	0.09452	0.00320	0.00486	0.00318	0.00439
3	0.00721	0.00586	0.02380	0.03791	0.10094	0.01799	0.03445	0.06029	0.02337	0.04182	0.09221	0.11440	0.09419	0.23426	0.09225	0.00240	0.00418	0.00572	0.00285	0.00391
4	0.00967	0.26341	0.21594	0.02293	0.17529	0.02598	0.02481	0.06457	0.05315	0.03664	0.00780	0.03726	0.00646	0.00398	0.00353	0.00109	0.01743	0.00317	0.00213	0.02475
5	0.02722	0.03660	0.09684	0.09925	0.32672	0.03989	0.08199	0.07321	0.04872	0.10292	0.00871	0.02589	0.00675	0.00396	0.00380	0.00118	0.00465	0.00359	0.00244	0.00567
6	0.00693	0.00462	0.00558	0.00538	0.00653	0.00437	0.00399	0.07793	0.02455	0.09074	0.21872	0.31362	0.20406	0.00907	0.00452	0.00134	0.00235	0.00792	0.00386	0.00393
7	0.01054	0.07783	0.06719	0.03757	0.05647	0.27846	0.04066	0.05985	0.07583	0.05328	0.02869	0.06258	0.10776	0.02167	0.00408	0.00119	0.00473	0.00421	0.00264	0.00475
8	0.01000	0.15560	0.13814	0.08251	0.24359	0.08374	0.05673	0.06499	0.04699	0.03967	0.03720	0.00961	0.00698	0.00386	0.00360	0.00112	0.00477	0.00326	0.00220	0.00543
9	0.05232	0.22538	0.01230	0.10105	0.02565	0.06078	0.00679	0.18835	0.07062	0.09471	0.03168	0.02462	0.00765	0.00478	0.01893	0.00118	0.01894	0.00328	0.02439	0.02661
10	0.00687	0.00651	0.02427	0.00861	0.00955	0.00717	0.12652	0.02963	0.00742	0.01044	0.01305	0.39660	0.01454	0.00895	0.02777	0.00163	0.26767	0.00694	0.00265	0.02322
11	0.00946	0.00918	0.01477	0.12680	0.64353	0.03937	0.03371	0.02654	0.03660	0.01239	0.00745	0.00967	0.00610	0.00356	0.00381	0.00116	0.00471	0.00344	0.00198	0.00577
12	0.04924	0.10817	0.28189	0.02291	0.06942	0.07704	0.12283	0.08200	0.03718	0.05956	0.02796	0.00922	0.00646	0.00389	0.00377	0.00116	0.01845	0.00323	0.00226	0.01334
13	0.00654	0.00421	0.00551	0.00529	0.00603	0.00418	0.00386	0.02303	0.04235	0.03526	0.20249	0.04370	0.10181	0.05709	0.09626	0.30225	0.01091	0.02668	0.00286	0.01972
14	0.01011	0.16655	0.04633	0.00868	0.01064	0.16708	0.04104	0.11828	0.03584	0.01158	0.00736	0.00939	0.00633	0.00931	0.17158	0.00216	0.16772	0.00317	0.00216	0.00469
15	0.07496	0.00964	0.01124	0.01113	0.15981	0.06537	0.02227	0.29374	0.11912	0.07310	0.00941	0.02425	0.00726	0.00505	0.01859	0.00130	0.08138	0.00357	0.00307	0.00573
16	0.15172	0.00800	0.00850	0.00696	0.00944	0.05320	0.00561	0.20610	0.06529	0.30822	0.06012	0.05840	0.01029	0.00509	0.00367	0.00119	0.00345	0.00400	0.02518	0.00558
17	0.01963	0.00598	0.00811	0.00728	0.00863	0.05163	0.12178	0.00861	0.05371	0.01177	0.14492	0.22872	0.15666	0.00830	0.00485	0.00139	0.03535	0.10000	0.01883	0.00385
18	0.04646	0.01120	0.01185	0.09195	0.24877	0.22746	0.00862	0.15284	0.06856	0.03672	0.00794	0.00927	0.00624	0.00473	0.02640	0.00128	0.02867	0.00322	0.00247	0.00537
19	0.01820	0.04658	0.04297	0.22169	0.47525	0.03641	0.02684	0.04813	0.00892	0.01986	0.01542	0.00958	0.00604	0.00364	0.00374	0.00116	0.00475	0.00335	0.00197	0.00548
20	0.00711	0.00615	0.00754	0.00681	0.00780	0.07214	0.07179	0.04632	0.04808	0.01011	0.02683	0.11884	0.05405	0.23579	0.20080	0.03480	0.03354	0.00539	0.00255	0.00355
21	0.41095	0.02378	0.02726	0.00693	0.02191	0.04493	0.05074	0.11024	0.06480	0.02846	0.05418	0.05466	0.03428	0.00509	0.01625	0.00127	0.00354	0.00360	0.03252	0.00461
22	0.00947	0.00924	0.01506	0.09307	0.74348	0.03877	0.01152	0.01173	0.00872	0.01219	0.00713	0.00946	0.00595	0.00347	0.00379	0.00115	0.00469	0.00338	0.00188	0.00586
23	0.04277	0.02911	0.00897	0.00733	0.00958	0.12269	0.00587	0.09167	0.08175	0.36181	0.03527	0.08494	0.02088	0.00598	0.01713	0.00130	0.03041	0.03333	0.00374	0.00545
24	0.00686	0.00457	0.00555	0.00547	0.00652	0.00435	0.00400	0.09403	0.00949	0.08050	0.13393	0.41319	0.18347	0.00963	0.00473	0.01539	0.00243	0.00832	0.00375	0.00382
25	0.05429	0.39701	0.09864	0.00776	0.04880	0.03570	0.00693	0.08455	0.00884	0.01168	0.03696	0.09921	0.03795	0.01978	0.00369	0.00110	0.02055	0.00373	0.00228	0.02057
26	0.00998	0.04308	0.01440	0.08606	0.44360	0.09273	0.08996	0.04075	0.00923	0.04976	0.02001	0.03121	0.02895	0.00408	0.00400	0.00116	0.01965	0.00375	0.00219	0.00545

[dist]
# distance from previous block
# <min> <max>
12	73

[block]
# block no. 4 follows, 71 sequences, length 25
# corresponding to MSA columns:
# 284-308
name=unknown_E
#
# <colnr> <probs for GDERKNQSTAVLIFYWHMCP>
#	G	D	E	R	K	N	Q	S	T	A	V	L	I	F	Y	W	H	M	C	P
0	0.01015	0.04851	0.08872	0.03424	0.07054	0.03715	0.06521	0.07674	0.03182	0.15665	0.04223	0.05475	0.04371	0.00492	0.01569	0.00113	0.00394	0.00390	0.00289	0.20711
1	0.08038	0.13156	0.26847	0.00929	0.02812	0.04880	0.05182	0.19660	0.02576	0.04489	0.00835	0.03269	0.01798	0.00424	0.00371	0.00115	0.02345	0.00326	0.00247	0.01702
2	0.01204	0.02170	0.01137	0.04657	0.11946	0.14224	0.05872	0.11663	0.04669	0.20185	0.01045	0.01122	0.03220	0.00576	0.04508	0.00143	0.08218	0.00363	0.02539	0.00538
3	0.00900	0.00816	0.06480	0.17609	0.11841	0.01921	0.06090	0.07725	0.03432	0.08186	0.08871	0.06568	0.01884	0.00510	0.00440	0.00121	0.04857	0.02698	0.00271	0.08778
4	0.03600	0.08264	0.17816	0.03705	0.09000	0.07742	0.07651	0.09836	0.04640	0.14064	0.00872	0.00958	0.00645	0.00487	0.03522	0.00132	0.01956	0.00325	0.00258	0.04527
5	0.00938	0.04730	0.14165	0.02895	0.00998	0.04082	0.02471	0.01105	0.00843	0.21970	0.01403	0.26483	0.03170	0.02139	0.06066	0.00168	0.05023	0.00576	0.00309	0.00466
6	0.00478	0.00369	0.00437	0.00469	0.00548	0.00328	0.00336	0.00579	0.00856	0.01104	0.17169	0.36041	0.36211	0.01031	0.00469	0.00139	0.00206	0.02539	0.00368	0.00326
7	0.01073	0.25113	0.10248	0.00867	0.03313	0.31810	0.01556	0.01222	0.00895	0.02816	0.02104	0.02404	0.04975	0.02580	0.04352	0.00134	0.03560	0.00315	0.00205	0.00460
8	0.00868	0.04106	0.03603	0.40609	0.18342	0.02994	0.05247	0.06578	0.08200	0.01200	0.00835	0.04250	0.00677	0.00418	0.00384	0.00123	0.00474	0.00375	0.00216	0.00500
9	0.01439	0.00650	0.00839	0.00676	0.00930	0.00606	0.00546	0.03660	0.13018	0.59109	0.09887	0.04474	0.01301	0.00538	0.00397	0.00122	0.00307	0.00448	0.00451	0.00604
10	0.00465	0.00385	0.00407	0.00410	0.00527	0.00327	0.00304	0.00570	0.00889	0.01091	0.13293	0.09583	0.68495	0.00965	0.00456	0.00130	0.00195	0.00816	0.00364	0.00327
11	0.18511	0.03237	0.00804	0.00659	0.02914	0.00651	0.01632	0.06296	0.00960	0.38128	0.03438	0.06311	0.07905	0.05601	0.01168	0.00139	0.00324	0.00436	0.00368	0.00517
12	0.00657	0.05876	0.03319	0.00704	0.02619	0.01756	0.04114	0.03828	0.02502	0.01103	0.05641	0.26309	0.04926	0.08524	0.06817	0.00200	0.01602	0.18824	0.00305	0.00376
13	0.00874	0.00852	0.01173	0.00999	0.01017	0.01175	0.00833	0.05635	0.00657	0.01009	0.00527	0.00844	0.00512	0.00659	0.01208	0.00165	0.80911	0.00336	0.00180	0.00433
14	0.00486	0.00354	0.00434	0.00487	0.00532	0.00326	0.00329	0.00545	0.00739	0.00954	0.02362	0.50738	0.21687	0.12414	0.00710	0.03312	0.00242	0.02715	0.00333	0.00300
15	0.05873	0.00531	0.00641	0.00602	0.00736	0.00524	0.02204	0.11753	0.02745	0.10705	0.04868	0.37872	0.13760	0.03112	0.00478	0.00144	0.00277	0.02397	0.00363	0.00415
16	0.02695	0.00702	0.01171	0.76749	0.09430	0.00857	0.01060	0.00999	0.00773	0.01019	0.00682	0.01007	0.00517	0.00379	0.00380	0.00126	0.00502	0.00338	0.00173	0.00441
17	0.00757	0.01028	0.22323	0.08754	0.01306	0.04641	0.09231	0.02761	0.10898	0.01150	0.01187	0.02564	0.07924	0.01101	0.22388	0.00252	0.00623	0.00414	0.00231	0.00467
18	0.66477	0.00846	0.00657	0.00581	0.00810	0.09596	0.00469	0.05399	0.00778	0.04545	0.00714	0.00795	0.02993	0.00482	0.03418	0.00135	0.00369	0.00251	0.00252	0.00433
19	0.00832	0.07069	0.06688	0.05333	0.04367	0.01964	0.28120	0.02734	0.03952	0.04728	0.05428	0.10219	0.09037	0.00566	0.00457	0.00129	0.03880	0.03764	0.00260	0.00470
20	0.08677	0.02986	0.03113	0.00530	0.00623	0.03677	0.00385	0.08105	0.00747	0.01083	0.03216	0.05442	0.01164	0.42146	0.03357	0.07264	0.00377	0.00469	0.06316	0.00325
21	0.03482	0.23918	0.20978	0.00901	0.02359	0.13458	0.02368	0.17230	0.01039	0.03013	0.00760	0.00961	0.00624	0.00424	0.00364	0.00110	0.02657	0.04593	0.00231	0.00528
22	0.00755	0.00507	0.00611	0.00582	0.00715	0.00499	0.00445	0.04809	0.13032	0.10855	0.21768	0.21724	0.14461	0.00839	0.00447	0.00135	0.00251	0.06749	0.00391	0.00427
23	0.01174	0.00610	0.00799	0.00635	0.00877	0.00538	0.02444	0.06167	0.01049	0.38635	0.17657	0.06058	0.03528	0.00549	0.00387	0.00110	0.00291	0.00466	0.02482	0.15542
24	0.04260	0.06192	0.10943	0.02203	0.07945	0.07098	0.07127	0.14193	0.02986	0.06674	0.07407	0.07227	0.06375	0.00575	0.02228	0.00129	0.02656	0.00436	0.00282	0.03063

[dist]
# distance from previous block
# <min> <max>
10	80

[block]
# block no. 5 follows, 71 sequences, length 20
# corresponding to MSA columns:
# 392-411
name=unknown_F
#
# <colnr> <probs for GDERKNQSTAVLIFYWHMCP>
#	G	D	E	R	K	N	Q	S	T	A	V	L	I	F	Y	W	H	M	C	P
0	0.01102	0.27221	0.02361	0.00758	0.02734	0.02737	0.00645	0.26603	0.04206	0.02668	0.02422	0.00853	0.00657	0.00383	0.00329	0.00092	0.01479	0.00281	0.00267	0.22203
1	0.06706	0.05429	0.19840	0.06017	0.04662	0.02325	0.09672	0.12005	0.02420	0.06479	0.03136	0.04050	0.01884	0.00425	0.00379	0.00113	0.01942	0.00356	0.00250	0.11910
2	0.03908	0.10147	0.28673	0.04311	0.06889	0.04249	0.06086	0.09358	0.03368	0.06649	0.02945	0.02558	0.00694	0.00464	0.01599	0.00127	0.06875	0.00337	0.00231	0.00534
3	0.00619	0.00510	0.03485	0.03754	0.03120	0.00474	0.00484	0.02787	0.06807	0.03568	0.11822	0.42158	0.10429	0.03266	0.00514	0.00148	0.02002	0.03327	0.00345	0.00381
4	0.00915	0.03054	0.06920	0.15494	0.06900	0.00789	0.17889	0.10329	0.02353	0.09349	0.04759	0.12838	0.04144	0.01985	0.00439	0.00131	0.00438	0.00502	0.00277	0.00493
5	0.05218	0.10423	0.19622	0.03881	0.06458	0.03129	0.06410	0.11746	0.02411	0.13264	0.01008	0.05106	0.02901	0.01473	0.00422	0.00123	0.03656	0.01948	0.00267	0.00535
6	0.02680	0.04041	0.08479	0.05338	0.23889	0.03490	0.16143	0.05276	0.00916	0.07410	0.03066	0.09666	0.03543	0.00496	0.00421	0.00124	0.02372	0.01881	0.00248	0.00518
7	0.00625	0.00404	0.00480	0.00470	0.00504	0.00410	0.00299	0.02976	0.00643	0.03930	0.01254	0.08042	0.01365	0.61163	0.11720	0.00357	0.00432	0.00556	0.04087	0.00284
8	0.02916	0.00894	0.15159	0.03098	0.07645	0.02155	0.07296	0.04292	0.05064	0.18474	0.12549	0.04718	0.10400	0.03074	0.00449	0.00130	0.00379	0.00482	0.00319	0.00506
9	0.01844	0.04792	0.35117	0.04618	0.06539	0.05016	0.07699	0.07429	0.02172	0.01248	0.01831	0.10888	0.03280	0.01654	0.00417	0.00125	0.01611	0.00421	0.00224	0.03075
10	0.00551	0.00393	0.00541	0.00630	0.00688	0.00384	0.00501	0.00679	0.00817	0.01072	0.02067	0.40757	0.02353	0.01122	0.00512	0.00167	0.00295	0.45782	0.00354	0.00335
11	0.11273	0.00736	0.00871	0.04308	0.02974	0.08492	0.03617	0.03581	0.03370	0.05082	0.00865	0.01206	0.00764	0.06760	0.30936	0.00320	0.13841	0.00364	0.00226	0.00415
12	0.02963	0.06046	0.11707	0.11451	0.07874	0.03575	0.21934	0.12347	0.06437	0.02441	0.03053	0.01005	0.00682	0.00410	0.00449	0.00123	0.06374	0.00365	0.00233	0.00528
13	0.00483	0.00405	0.00446	0.00474	0.03188	0.00349	0.00338	0.00593	0.00889	0.01091	0.11168	0.06598	0.68411	0.00945	0.00454	0.00130	0.00207	0.03139	0.00357	0.00337
14	0.00581	0.00448	0.00574	0.00567	0.00657	0.02341	0.03667	0.00738	0.03926	0.03466	0.27849	0.39459	0.12368	0.00944	0.00462	0.00137	0.00240	0.00844	0.00371	0.00360
15	0.03701	0.14309	0.09038	0.04941	0.07423	0.07406	0.14249	0.10828	0.05716	0.04932	0.00756	0.00897	0.00593	0.00424	0.00494	0.00121	0.13091	0.00329	0.00229	0.00524
16	0.04177	0.26578	0.13808	0.00841	0.02530	0.05114	0.05653	0.10583	0.00967	0.16209	0.00844	0.00922	0.00638	0.01917	0.01279	0.00117	0.02893	0.00303	0.04092	0.00535
17	0.00486	0.00365	0.00454	0.00514	0.00577	0.00334	0.00372	0.00580	0.00806	0.01039	0.06005	0.49728	0.24786	0.01103	0.00483	0.00150	0.00230	0.11309	0.00358	0.00322
18	0.02494	0.02500	0.03594	0.37391	0.29460	0.00831	0.02361	0.01077	0.03326	0.02850	0.03003	0.04255	0.03021	0.00430	0.00383	0.00122	0.00447	0.00389	0.01572	0.00494
19	0.03443	0.03903	0.06411	0.12327	0.07560	0.16244	0.04177	0.13840	0.07924	0.11717	0.04953	0.02788	0.02119	0.00455	0.00377	0.00117	0.00460	0.00370	0.00286	0.00529

[dist]
# distance from previous block
# <min> <max>
0	1

[block]
# block no. 6 follows, 71 sequences, length 13
# corresponding to MSA columns:
# 427-439
name=unknown_G
#
# <colnr> <probs for GDERKNQSTAVLIFYWHMCP>
#	G	D	E	R	K	N	Q	S	T	A	V	L	I	F	Y	W	H	M	C	P
0	0.26248	0.00885	0.06811	0.10449	0.06910	0.03276	0.08817	0.01090	0.02427	0.02558	0.00671	0.00894	0.00552	0.00643	0.07708	0.00173	0.18915	0.00314	0.00205	0.00453
1	0.01114	0.41027	0.07499	0.00933	0.08081	0.29310	0.00769	0.01264	0.00906	0.00996	0.04447	0.00787	0.00647	0.00375	0.00309	0.00095	0.00509	0.00259	0.00189	0.00485
2	0.00612	0.00456	0.00533	0.00546	0.00630	0.00457	0.00389	0.06146	0.10687	0.01196	0.07770	0.43550	0.12742	0.07667	0.00568	0.00158	0.00248	0.00823	0.04451	0.00370
3	0.09723	0.11399	0.06741	0.05167	0.12262	0.02786	0.06643	0.12637	0.13956	0.03261	0.03041	0.05148	0.02842	0.00467	0.00383	0.00119	0.02241	0.00385	0.00271	0.00529
4	0.03157	0.08750	0.01040	0.04218	0.04878	0.00849	0.00617	0.26008	0.02895	0.04035	0.00891	0.06162	0.00752	0.00429	0.00340	0.00095	0.00354	0.01563	0.00286	0.32681
5	0.01295	0.00542	0.00689	0.00559	0.00778	0.00483	0.00451	0.01456	0.00987	0.49684	0.05030	0.01398	0.01065	0.00472	0.00345	0.00107	0.00268	0.00384	0.30378	0.03630
6	0.00566	0.00437	0.00526	0.00516	0.00636	0.00390	0.02490	0.03896	0.00870	0.03428	0.02834	0.29949	0.42987	0.00968	0.00456	0.00136	0.00238	0.04122	0.00350	0.04203
7	0.02374	0.10538	0.27836	0.07678	0.07245	0.10506	0.07868	0.04882	0.03575	0.07075	0.02007	0.02054	0.00647	0.00435	0.01481	0.00123	0.02602	0.00327	0.00219	0.00528
8	0.00690	0.06228	0.00602	0.00510	0.00533	0.00414	0.00355	0.00544	0.00519	0.00682	0.00657	0.01128	0.00654	0.01264	0.01413	0.82790	0.00338	0.00324	0.00166	0.00189
9	0.01099	0.00531	0.00660	0.00565	0.00741	0.00504	0.00440	0.04134	0.04930	0.34584	0.06031	0.05015	0.05055	0.08214	0.06279	0.00171	0.00330	0.00462	0.19774	0.00483
10	0.00943	0.06969	0.18918	0.19804	0.08670	0.04608	0.08573	0.09604	0.04492	0.04629	0.00800	0.02199	0.00622	0.00484	0.02933	0.00136	0.04528	0.00345	0.00221	0.00521
11	0.00987	0.11332	0.10184	0.03824	0.17539	0.05315	0.12960	0.06056	0.03412	0.07674	0.00937	0.04494	0.01664	0.00449	0.00393	0.01419	0.00457	0.03899	0.00242	0.06762
12	0.08398	0.02732	0.03328	0.03951	0.14726	0.26054	0.04358	0.01210	0.00860	0.04487	0.00815	0.00976	0.04418	0.00467	0.00543	0.00122	0.18451	0.00326	0.03308	0.00470

[dist]
# distance from previous block
# <min> <max>
0	36

[block]
# block no. 7 follows, 71 sequences, length 16
# corresponding to MSA columns:
# 534-549
name=unknown_H
#
# <colnr> <probs for GDERKNQSTAVLIFYWHMCP>
#	G	D	E	R	K	N	Q	S	T	A	V	L	I	F	Y	W	H	M	C	P
0	0.01334	0.03518	0.05874	0.00867	0.01176	0.02899	0.00744	0.65834	0.04315	0.02154	0.00906	0.00934	0.00660	0.00532	0.03390	0.00131	0.00449	0.00337	0.00349	0.03598
1	0.01052	0.19196	0.07717	0.03626	0.01107	0.18980	0.00688	0.14640	0.03357	0.01288	0.03200	0.03108	0.06104	0.00443	0.00339	0.00099	0.00441	0.00332	0.00248	0.14035
2	0.00467	0.00344	0.00438	0.00510	0.00551	0.00315	0.00346	0.00542	0.00766	0.01004	0.04857	0.71322	0.14824	0.01154	0.00483	0.00151	0.00217	0.01036	0.00358	0.00315
3	0.00798	0.01517	0.52047	0.01058	0.03653	0.02799	0.07554	0.01135	0.00804	0.02565	0.00787	0.05669	0.00645	0.00511	0.03414	0.00138	0.05972	0.00347	0.00190	0.08397
4	0.00556	0.00379	0.00456	0.00456	0.00469	0.00392	0.00280	0.00582	0.00569	0.00772	0.01173	0.02316	0.01310	0.70426	0.17936	0.00419	0.00498	0.00529	0.00227	0.00253
5	0.00837	0.06132	0.36931	0.03678	0.12785	0.04748	0.06496	0.01158	0.03883	0.02167	0.04630	0.03156	0.00788	0.04340	0.02161	0.00142	0.04891	0.00361	0.00203	0.00515
6	0.00501	0.00366	0.00461	0.00523	0.00561	0.00353	0.00351	0.00611	0.04543	0.00983	0.02086	0.64862	0.08164	0.11031	0.02537	0.00188	0.00259	0.00963	0.00340	0.00318
7	0.00774	0.00692	0.01020	0.07417	0.01069	0.00863	0.07502	0.04081	0.02187	0.01056	0.00828	0.01197	0.01740	0.05940	0.16848	0.00247	0.37087	0.00383	0.08663	0.00408
8	0.00714	0.00657	0.02652	0.28284	0.19682	0.00689	0.01637	0.00958	0.04263	0.01143	0.08210	0.08462	0.06352	0.00673	0.02721	0.00146	0.00415	0.11642	0.00257	0.00444
9	0.00704	0.00516	0.04005	0.01592	0.00737	0.00469	0.00474	0.08856	0.00864	0.08551	0.01750	0.54964	0.01932	0.03523	0.07540	0.00191	0.00342	0.02257	0.00343	0.00388
10	0.00917	0.04094	0.08143	0.07433	0.14105	0.10280	0.32783	0.03332	0.00927	0.01199	0.04075	0.01307	0.04614	0.00430	0.00413	0.00123	0.00539	0.04569	0.00218	0.00499
11	0.04000	0.00452	0.00554	0.00520	0.00606	0.00451	0.00364	0.02737	0.00722	0.14275	0.01430	0.09496	0.06163	0.39369	0.16888	0.00328	0.00462	0.00547	0.00288	0.00349
12	0.00639	0.00472	0.00612	0.00679	0.06449	0.00455	0.00478	0.00857	0.08016	0.05063	0.19389	0.21625	0.18170	0.00893	0.00460	0.00140	0.00259	0.14585	0.00366	0.00393
13	0.00841	0.00740	0.03832	0.15204	0.01343	0.02284	0.17203	0.09823	0.00910	0.05452	0.01412	0.03992	0.15512	0.00703	0.02126	0.11721	0.02764	0.02080	0.01631	0.00426
14	0.00570	0.00463	0.00587	0.00604	0.00678	0.03522	0.04616	0.02919	0.00807	0.01047	0.02113	0.54318	0.12630	0.04139	0.01850	0.00163	0.00290	0.06589	0.01757	0.00339
15	0.00572	0.00450	0.03661	0.00524	0.00610	0.00384	0.00386	0.00668	0.00763	0.04010	0.11185	0.34853	0.10198	0.18573	0.06673	0.00218	0.00322	0.00761	0.00318	0.04873

[dist]
# distance from previous block
# <min> <max>
1	78

[block]
# block no. 8 follows, 71 sequences, length 6
# corresponding to MSA columns:
# 646-651
name=unknown_I
#
# <colnr> <probs for GDERKNQSTAVLIFYWHMCP>
#	G	D	E	R	K	N	Q	S	T	A	V	L	I	F	Y	W	H	M	C	P
0	0.00834	0.05929	0.00890	0.07199	0.03678	0.00637	0.03086	0.02716	0.06480	0.08862	0.09884	0.04896	0.10738	0.03808	0.00443	0.00113	0.01854	0.00441	0.00293	0.27219
1	0.04246	0.00601	0.03454	0.02623	0.00855	0.02472	0.05053	0.04548	0.04502	0.06671	0.09136	0.29134	0.08739	0.02590	0.01856	0.00150	0.01513	0.08197	0.00332	0.03329
2	0.14032	0.08586	0.16129	0.07034	0.03813	0.04142	0.04701	0.05056	0.02457	0.11197	0.03249	0.05418	0.02972	0.00458	0.00385	0.00117	0.03715	0.00362	0.00256	0.05922
3	0.01424	0.00620	0.00805	0.00650	0.00900	0.00565	0.00525	0.01669	0.09915	0.60508	0.06075	0.05342	0.05129	0.00551	0.00394	0.00121	0.00300	0.00458	0.03456	0.00591
4	0.00567	0.00384	0.00497	0.00516	0.00583	0.00378	0.00374	0.00661	0.00751	0.03934	0.07990	0.26686	0.14490	0.09455	0.20217	0.03358	0.00425	0.03353	0.05054	0.00328
5	0.02683	0.04144	0.12547	0.06789	0.12482	0.08345	0.07495	0.03824	0.05133	0.12586	0.02335	0.08808	0.00931	0.01951	0.04239	0.00149	0.02188	0.02597	0.00265	0.00508

[dist]
# distance from previous block
# <min> <max>
0	4

[block]
# block no. 9 follows, 71 sequences, length 6
# corresponding to MSA columns:
# 656-661
name=unknown_J
#
# <colnr> <probs for GDERKNQSTAVLIFYWHMCP>
#	G	D	E	R	K	N	Q	S	T	A	V	L	I	F	Y	W	H	M	C	P
0	0.05845	0.03559	0.08712	0.00941	0.01133	0.28460	0.03573	0.05685	0.04985	0.04741	0.00695	0.00853	0.00570	0.00551	0.02510	0.02102	0.24090	0.00305	0.00218	0.00471
1	0.00608	0.00408	0.00485	0.00493	0.00552	0.00394	0.00339	0.00708	0.03862	0.05177	0.05287	0.15824	0.13688	0.40328	0.01151	0.00249	0.00308	0.09517	0.00309	0.00312
2	0.08566	0.00727	0.00949	0.08479	0.02894	0.00708	0.06339	0.10302	0.03108	0.07311	0.00882	0.03780	0.00743	0.03163	0.00467	0.03359	0.03199	0.02730	0.00263	0.32031
3	0.03030	0.00835	0.04900	0.21399	0.06798	0.03568	0.06395	0.08758	0.06248	0.06587	0.02785	0.06566	0.00850	0.00472	0.00416	0.00118	0.03978	0.02377	0.00259	0.13661
4	0.00773	0.07330	0.00767	0.00669	0.04484	0.07789	0.00455	0.06805	0.05149	0.00999	0.01123	0.09100	0.01186	0.41740	0.07197	0.00275	0.03052	0.00501	0.00248	0.00359
5	0.03256	0.00641	0.03544	0.04255	0.00995	0.00624	0.12332	0.05788	0.04428	0.04182	0.03582	0.20030	0.04326	0.08851	0.05665	0.00186	0.04294	0.05672	0.04773	0.02578

[dist]
# distance from previous block
# <min> <max>
6	14

[block]
# block no. 10 follows, 71 sequences, length 10
# corresponding to MSA columns:
# 681-690
name=unknown_K
#
# <colnr> <probs for GDERKNQSTAVLIFYWHMCP>
#	G	D	E	R	K	N	Q	S	T	A	V	L	I	F	Y	W	H	M	C	P
0	0.00960	0.00900	0.05466	0.12778	0.13824	0.00821	0.22965	0.06030	0.04105	0.08289	0.00831	0.00989	0.00626	0.00356	0.00380	0.00109	0.00465	0.00352	0.00238	0.19517
1	0.00502	0.00366	0.00471	0.00545	0.00582	0.00353	0.00373	0.00623	0.04993	0.01010	0.02098	0.72792	0.04806	0.04487	0.00542	0.00163	0.00237	0.04378	0.00353	0.00326
2	0.00705	0.00464	0.00584	0.00599	0.00704	0.00452	0.00468	0.05518	0.03886	0.08337	0.06454	0.27856	0.11657	0.04075	0.00525	0.00157	0.00283	0.24668	0.02223	0.00385
3	0.14437	0.00762	0.00766	0.00668	0.00886	0.04313	0.00528	0.05973	0.35553	0.15475	0.01406	0.01345	0.05202	0.00494	0.00353	0.00120	0.00309	0.00389	0.10482	0.00538
4	0.03468	0.00772	0.01024	0.03182	0.10353	0.03968	0.06652	0.15454	0.01098	0.31607	0.01218	0.09181	0.00943	0.00504	0.00383	0.00118	0.00375	0.00432	0.08711	0.00557
5	0.00638	0.00465	0.00616	0.04233	0.00771	0.00454	0.02514	0.04429	0.03244	0.04648	0.14332	0.30315	0.13543	0.03821	0.02627	0.00160	0.00293	0.10695	0.00351	0.01851
6	0.00768	0.00439	0.00571	0.00549	0.00666	0.00399	0.00413	0.00892	0.00898	0.17791	0.19937	0.26681	0.08469	0.05324	0.02799	0.00159	0.00273	0.07409	0.02377	0.03186
7	0.00535	0.00377	0.00481	0.00495	0.00530	0.00386	0.00333	0.00595	0.00650	0.00883	0.06012	0.16974	0.06465	0.37343	0.23683	0.02582	0.00499	0.00628	0.00263	0.00286
8	0.22850	0.02519	0.02431	0.05844	0.04702	0.03757	0.01697	0.08882	0.05513	0.13676	0.02772	0.07630	0.02199	0.00543	0.00389	0.02021	0.01345	0.04758	0.05995	0.00477
9	0.04741	0.07197	0.13138	0.04057	0.02566	0.04213	0.06894	0.15117	0.03971	0.01403	0.00799	0.04199	0.00659	0.00442	0.01781	0.00110	0.02804	0.00324	0.00243	0.25343

[dist]
# distance from previous block
# <min> <max>
8	65

[block]
# block no. 11 follows, 71 sequences, length 17
# corresponding to MSA columns:
# 757-773
name=unknown_L
#
# <colnr> <probs for GDERKNQSTAVLIFYWHMCP>
#	G	D	E	R	K	N	Q	S	T	A	V	L	I	F	Y	W	H	M	C	P
0	0.01015	0.08542	0.05551	0.02812	0.03170	0.04274	0.14806	0.06013	0.00929	0.17815	0.03782	0.14293	0.03059	0.00634	0.03007	0.00139	0.06182	0.00487	0.00292	0.03199
1	0.00780	0.00549	0.00677	0.02627	0.00741	0.03261	0.01494	0.06194	0.05296	0.06631	0.04430	0.18515	0.01325	0.17418	0.02968	0.18518	0.07400	0.00553	0.00277	0.00349
2	0.00944	0.16711	0.16650	0.03038	0.08641	0.03737	0.07195	0.04264	0.10495	0.06845	0.06827	0.03317	0.00934	0.03062	0.01319	0.00127	0.02744	0.00374	0.00252	0.02522
3	0.00985	0.20296	0.12896	0.03756	0.11011	0.07599	0.00809	0.08713	0.06183	0.04208	0.00953	0.05006	0.03960	0.00457	0.00388	0.00110	0.04243	0.01170	0.00239	0.07018
4	0.00612	0.00392	0.00466	0.00476	0.00563	0.00372	0.00346	0.00781	0.04283	0.04526	0.20434	0.29223	0.12838	0.00836	0.00414	0.00126	0.00206	0.00730	0.22012	0.00361
5	0.01013	0.00795	0.09694	0.00764	0.02396	0.00664	0.06347	0.15524	0.02755	0.19254	0.14290	0.04432	0.13650	0.00605	0.00410	0.00122	0.00342	0.02420	0.04015	0.00509
6	0.02907	0.05105	0.04526	0.02814	0.05128	0.06767	0.08867	0.12023	0.07832	0.17036	0.01816	0.02659	0.02816	0.00509	0.02467	0.00125	0.04028	0.00955	0.00299	0.11321
7	0.00813	0.02527	0.06927	0.00676	0.00844	0.00641	0.00562	0.19524	0.06238	0.03719	0.03708	0.35349	0.06326	0.00832	0.00435	0.00137	0.00312	0.06973	0.03012	0.00446
8	0.00554	0.00371	0.00423	0.00425	0.00429	0.00369	0.00242	0.00563	0.00584	0.00782	0.04470	0.05333	0.01519	0.80314	0.01844	0.00355	0.00359	0.00581	0.00244	0.00240
9	0.00989	0.00805	0.00945	0.03565	0.03988	0.02839	0.04948	0.12322	0.41298	0.06716	0.04430	0.01668	0.10704	0.00560	0.00403	0.00127	0.00344	0.02435	0.00362	0.00554
10	0.04261	0.02911	0.01257	0.24924	0.27872	0.00917	0.03141	0.12409	0.05954	0.07437	0.00863	0.02933	0.00676	0.00417	0.00398	0.00121	0.02355	0.00362	0.00248	0.00543
11	0.00868	0.20299	0.53975	0.01003	0.03468	0.01000	0.03609	0.01225	0.02793	0.04590	0.00756	0.03426	0.00591	0.00388	0.00347	0.00114	0.00505	0.00305	0.00188	0.00547
12	0.00553	0.00391	0.00517	0.00517	0.00551	0.00425	0.00355	0.00621	0.00587	0.00816	0.01118	0.02011	0.01178	0.44979	0.43202	0.00493	0.00697	0.00485	0.00219	0.00287
13	0.00692	0.00377	0.00420	0.00457	0.03468	0.00378	0.00318	0.00860	0.00791	0.01356	0.01304	0.09549	0.01117	0.00624	0.04079	0.00120	0.00231	0.00429	0.73066	0.00361
14	0.03315	0.00818	0.01905	0.07634	0.10966	0.00831	0.03579	0.24389	0.05928	0.27509	0.01183	0.06632	0.00901	0.00500	0.00393	0.00122	0.00388	0.02060	0.00358	0.00588
15	0.00856	0.04427	0.01030	0.12282	0.04902	0.02502	0.11112	0.07529	0.06300	0.08188	0.03351	0.25766	0.01348	0.01872	0.01937	0.00143	0.00391	0.02464	0.03144	0.00455
16	0.00730	0.02780	0.00725	0.04485	0.02494	0.15889	0.00527	0.02742	0.00827	0.01016	0.02894	0.49770	0.03443	0.00943	0.01996	0.00149	0.06173	0.01752	0.00297	0.00369

[dist]
# distance from previous block
# <min> <max>
0	2

[block]
# block no. 12 follows, 71 sequences, length 15
# corresponding to MSA columns:
# 776-790
name=unknown_M
#
# <colnr> <probs for GDERKNQSTAVLIFYWHMCP>
#	G	D	E	R	K	N	Q	S	T	A	V	L	I	F	Y	W	H	M	C	P
0	0.37826	0.02581	0.02098	0.05072	0.15016	0.12282	0.06891	0.06806	0.00852	0.01444	0.00625	0.00772	0.00499	0.00383	0.00370	0.00118	0.05385	0.00278	0.00221	0.00479
1	0.00513	0.00359	0.00474	0.00538	0.00581	0.00339	0.00385	0.00583	0.00762	0.01003	0.06083	0.52062	0.09910	0.03723	0.00621	0.07767	0.00252	0.13400	0.00339	0.00307
2	0.01243	0.00886	0.00986	0.00761	0.01048	0.00910	0.00617	0.50615	0.01420	0.08602	0.00999	0.06436	0.00798	0.02793	0.00411	0.00112	0.00369	0.00376	0.00350	0.20269
3	0.01004	0.00777	0.00927	0.17163	0.10080	0.09948	0.00678	0.08452	0.00922	0.14535	0.01078	0.05855	0.02743	0.14866	0.03477	0.00174	0.00444	0.00420	0.00273	0.06184
4	0.00950	0.38085	0.26536	0.03236	0.01393	0.03996	0.13124	0.02577	0.00834	0.02511	0.00644	0.00773	0.00515	0.00357	0.00354	0.00106	0.03034	0.00280	0.00178	0.00518
5	0.03468	0.04715	0.01043	0.00784	0.01048	0.01006	0.00643	0.57386	0.01531	0.08180	0.09033	0.07271	0.01083	0.00538	0.00388	0.00117	0.00374	0.00426	0.00379	0.00587
6	0.00965	0.00753	0.00866	0.00632	0.00965	0.00640	0.00511	0.16290	0.00998	0.05673	0.00768	0.00844	0.00603	0.00326	0.00308	0.00071	0.00312	0.00257	0.00269	0.67947
7	0.00471	0.00341	0.00447	0.00530	0.00562	0.00317	0.00360	0.00544	0.00749	0.00989	0.02235	0.77661	0.08249	0.01180	0.00488	0.00155	0.00225	0.03828	0.00356	0.00314
8	0.00699	0.02613	0.04494	0.10029	0.05572	0.00600	0.03068	0.00866	0.04163	0.04521	0.05406	0.01751	0.01137	0.31330	0.19535	0.00319	0.02833	0.00455	0.00237	0.00374
9	0.00607	0.00500	0.00710	0.00639	0.00767	0.00480	0.09162	0.02730	0.08130	0.01310	0.32277	0.23007	0.15360	0.00839	0.00456	0.00133	0.00261	0.01876	0.00367	0.00388
10	0.04814	0.00567	0.00679	0.00571	0.00770	0.00531	0.00454	0.08602	0.02621	0.30548	0.21959	0.02170	0.20525	0.00657	0.00408	0.00121	0.00264	0.00546	0.02706	0.00488
11	0.08258	0.00555	0.00633	0.00571	0.00727	0.00565	0.00444	0.07188	0.12558	0.10008	0.32842	0.07490	0.07807	0.00681	0.00407	0.00124	0.00249	0.02672	0.05776	0.00446
12	0.00772	0.20749	0.06481	0.00667	0.00859	0.02794	0.00569	0.02513	0.20314	0.01149	0.01550	0.30275	0.06500	0.00772	0.02200	0.00136	0.00338	0.00611	0.00300	0.00450
13	0.01178	0.00660	0.00789	0.00649	0.00870	0.00644	0.00519	0.23168	0.01213	0.30568	0.11636	0.10106	0.15007	0.00661	0.00414	0.00123	0.00303	0.00550	0.00413	0.00530
14	0.89233	0.00741	0.00564	0.00504	0.00741	0.00860	0.00415	0.01127	0.00653	0.01720	0.00534	0.00623	0.00415	0.00356	0.00237	0.00119	0.00297	0.00208	0.00237	0.00415

[dist]
# distance from previous block
# <min> <max>
0	2

[block]
# block no. 13 follows, 71 sequences, length 14
# corresponding to MSA columns:
# 793-800,803-808
name=unknown_N
#
# <colnr> <probs for GDERKNQSTAVLIFYWHMCP>
#	G	D	E	R	K	N	Q	S	T	A	V	L	I	F	Y	W	H	M	C	P
0	0.15145	0.00667	0.00768	0.00648	0.00855	0.00693	0.02445	0.10761	0.11265	0.20955	0.06936	0.04527	0.12630	0.04270	0.03215	0.00151	0.02748	0.00470	0.00357	0.00495
1	0.18263	0.00470	0.00451	0.00442	0.00585	0.00454	0.00336	0.00725	0.03733	0.01212	0.06833	0.09812	0.53699	0.00842	0.00411	0.00129	0.00220	0.00693	0.00337	0.00353
2	0.04206	0.00784	0.00929	0.00731	0.01008	0.04257	0.00598	0.20086	0.01211	0.54323	0.01278	0.01185	0.00847	0.00623	0.05973	0.00150	0.00409	0.00367	0.00417	0.00616
3	0.00493	0.00348	0.00443	0.00508	0.00531	0.00330	0.00334	0.00549	0.00702	0.00931	0.01947	0.61474	0.04555	0.21267	0.00834	0.00207	0.00261	0.03666	0.00327	0.00295
4	0.01024	0.00827	0.01104	0.00810	0.01143	0.04546	0.14538	0.08813	0.00960	0.12024	0.00823	0.00908	0.00624	0.00337	0.00338	0.00084	0.00383	0.00298	0.00267	0.50149
5	0.00878	0.06547	0.01090	0.15816	0.08645	0.00833	0.07177	0.11794	0.14518	0.02844	0.07341	0.03041	0.03818	0.11612	0.02267	0.00163	0.00413	0.00442	0.00280	0.00480
6	0.00506	0.00373	0.00442	0.00470	0.00511	0.00359	0.00310	0.00558	0.00700	0.00906	0.02162	0.32713	0.21830	0.31321	0.03013	0.00237	0.02194	0.00801	0.00305	0.00290
7	0.00643	0.00659	0.11487	0.00624	0.00786	0.01541	0.00552	0.00842	0.04478	0.05531	0.09149	0.16938	0.23671	0.02484	0.09641	0.00193	0.03253	0.06819	0.00317	0.00394
8	0.00934	0.00895	0.01529	0.07988	0.78618	0.00907	0.01169	0.01163	0.00866	0.01234	0.00719	0.00954	0.00601	0.00344	0.00380	0.00115	0.00459	0.00342	0.00188	0.00595
9	0.05062	0.00432	0.00578	0.00574	0.00664	0.00456	0.00445	0.00798	0.00752	0.06940	0.10700	0.09005	0.01516	0.05652	0.37699	0.02235	0.00603	0.09263	0.06266	0.00361
10	0.03078	0.00994	0.05899	0.16901	0.15465	0.12698	0.08836	0.05553	0.09516	0.06534	0.03185	0.01245	0.04588	0.02205	0.00420	0.00125	0.00472	0.01522	0.00253	0.00509
11	0.05622	0.00963	0.04130	0.05444	0.10548	0.08781	0.09132	0.16391	0.15620	0.09316	0.01081	0.08072	0.00879	0.00523	0.01662	0.00130	0.00440	0.00419	0.00303	0.00546
12	0.00582	0.00418	0.00488	0.02671	0.00633	0.00373	0.00363	0.00707	0.00918	0.07373	0.20258	0.04917	0.51571	0.00969	0.04152	0.00150	0.00250	0.02479	0.00367	0.00360
13	0.00743	0.00653	0.02955	0.14599	0.08400	0.00655	0.08954	0.01044	0.08850	0.02973	0.07642	0.02627	0.02915	0.00712	0.00458	0.00147	0.00401	0.34531	0.00301	0.00439

[dist]
# distance from previous block
# <min> <max>
1	4

[block]
# block no. 14 follows, 71 sequences, length 6
# corresponding to MSA columns:
# 813-818
name=unknown_O
#
# <colnr> <probs for GDERKNQSTAVLIFYWHMCP>
#	G	D	E	R	K	N	Q	S	T	A	V	L	I	F	Y	W	H	M	C	P
0	0.07708	0.00817	0.01210	0.13219	0.42543	0.04335	0.00935	0.01045	0.00800	0.01165	0.00864	0.12636	0.00828	0.00504	0.00478	0.00127	0.09645	0.00429	0.00212	0.00500
1	0.22589	0.00649	0.00637	0.00584	0.00748	0.03481	0.00446	0.05870	0.16332	0.04784	0.14585	0.11127	0.08927	0.07023	0.00493	0.00144	0.00289	0.00522	0.00335	0.00433
2	0.05707	0.09038	0.29694	0.01114	0.12039	0.11646	0.03518	0.05554	0.00880	0.01206	0.00869	0.04332	0.04633	0.00454	0.00435	0.00119	0.07703	0.00346	0.00205	0.00510
3	0.00862	0.06905	0.00787	0.00701	0.07050	0.00566	0.00481	0.08034	0.00798	0.08533	0.12201	0.01332	0.01078	0.00952	0.00977	0.47440	0.00334	0.00379	0.00250	0.00338
4	0.00946	0.00765	0.00923	0.18705	0.01303	0.00865	0.00682	0.22220	0.27313	0.01665	0.18934	0.01522	0.01425	0.00533	0.00400	0.00124	0.00351	0.00447	0.00349	0.00527
5	0.01136	0.00959	0.08167	0.00902	0.01202	0.00906	0.10506	0.18293	0.26542	0.14478	0.01136	0.01127	0.00822	0.00448	0.00416	0.00119	0.03588	0.00375	0.00336	0.08539

[dist]
# distance from previous block
# <min> <max>
0	37

[block]
# block no. 15 follows, 71 sequences, length 6
# corresponding to MSA columns:
# 856-861
name=unknown_P
#
# <colnr> <probs for GDERKNQSTAVLIFYWHMCP>
#	G	D	E	R	K	N	Q	S	T	A	V	L	I	F	Y	W	H	M	C	P
0	0.01007	0.00906	0.08207	0.05378	0.05079	0.06246	0.12501	0.06823	0.08792	0.13509	0.09704	0.01305	0.02794	0.00570	0.00571	0.08588	0.06835	0.00408	0.00286	0.00493
1	0.05323	0.14997	0.09044	0.00860	0.01101	0.29852	0.03376	0.02823	0.05632	0.03150	0.00728	0.00896	0.00612	0.03540	0.06458	0.00153	0.07132	0.00293	0.00213	0.03818
2	0.00809	0.15304	0.71570	0.01024	0.01553	0.00989	0.01297	0.01204	0.00805	0.01165	0.00664	0.00779	0.00487	0.00359	0.00346	0.00115	0.00542	0.00271	0.00162	0.00555
3	0.00480	0.00345	0.00452	0.00528	0.00560	0.00322	0.00360	0.00555	0.00756	0.01005	0.05838	0.72188	0.06009	0.04437	0.00544	0.00162	0.00231	0.04559	0.00354	0.00313
4	0.00975	0.00676	0.00813	0.00590	0.00922	0.00521	0.00476	0.01141	0.00854	0.17408	0.00843	0.00894	0.00642	0.00321	0.00304	0.00069	0.00292	0.00258	0.00275	0.71725
5	0.00590	0.00398	0.00494	0.00486	0.00546	0.00385	0.00342	0.00686	0.00805	0.03869	0.28807	0.02776	0.07512	0.36607	0.06140	0.00261	0.00333	0.08330	0.00321	0.00313

[dist]
# distance from previous block
# <min> <max>
7	15

[block]
# block no. 16 follows, 71 sequences, length 17
# corresponding to MSA columns:
# 879-895
name=unknown_Q
#
# <colnr> <probs for GDERKNQSTAVLIFYWHMCP>
#	G	D	E	R	K	N	Q	S	T	A	V	L	I	F	Y	W	H	M	C	P
0	0.00776	0.00655	0.00704	0.04012	0.02054	0.09594	0.00523	0.08658	0.04861	0.01102	0.01238	0.05264	0.01248	0.23044	0.19268	0.00301	0.00545	0.14082	0.01698	0.00376
1	0.00846	0.02064	0.01100	0.29030	0.10790	0.09754	0.04903	0.02361	0.02725	0.03264	0.02114	0.06733	0.07558	0.01830	0.01479	0.00139	0.09913	0.02723	0.00229	0.00445
2	0.00614	0.00489	0.00551	0.00544	0.00587	0.06247	0.00375	0.00680	0.00620	0.00821	0.01087	0.01946	0.01142	0.44062	0.38111	0.00460	0.00680	0.00472	0.00218	0.00295
3	0.00839	0.00839	0.01174	0.01007	0.01007	0.01174	0.00839	0.00923	0.00587	0.00923	0.00503	0.00839	0.00503	0.00671	0.01258	0.00168	0.85823	0.00336	0.00168	0.00419
4	0.01194	0.00906	0.00988	0.00744	0.01062	0.02755	0.00606	0.42815	0.01331	0.06064	0.00844	0.00883	0.00629	0.00386	0.00341	0.00091	0.00366	0.00296	0.00319	0.37382
