[name]
unknown

[dist]
# distance from previous block
# <min> <max>
4	121

[block]
# block no. 0 follows, 69 sequences, length 20
# corresponding to MSA columns:
# 241-260
name=unknown_A
#
# <colnr> <probs for GDERKNQSTAVLIFYWHMCP>
#	G	D	E	R	K	N	Q	S	T	A	V	L	I	F	Y	W	H	M	C	P
0	0.10338	0.03592	0.00825	0.17188	0.01141	0.00696	0.00596	0.05088	0.02500	0.10128	0.02097	0.04984	0.01035	0.18048	0.07861	0.00222	0.03836	0.05522	0.00271	0.04031
1	0.12507	0.00739	0.00956	0.25915	0.01463	0.03386	0.03505	0.05463	0.04260	0.14001	0.07548	0.01295	0.02105	0.03446	0.00458	0.00130	0.03064	0.01367	0.00286	0.08109
2	0.11255	0.00943	0.00935	0.04794	0.01096	0.17081	0.03431	0.03653	0.00919	0.11957	0.00830	0.01004	0.00663	0.01500	0.01519	0.00108	0.02817	0.02709	0.00263	0.32523
3	0.05056	0.00705	0.00770	0.03969	0.00935	0.06027	0.01298	0.09253	0.02039	0.08375	0.08903	0.04643	0.14869	0.00621	0.00396	0.00114	0.00330	0.09284	0.00326	0.22087
4	0.01163	0.00901	0.00892	0.03885	0.01048	0.16111	0.00587	0.06488	0.05021	0.20283	0.05102	0.03170	0.03173	0.00472	0.00367	0.00102	0.00389	0.02820	0.00321	0.27707
5	0.03966	0.04166	0.01516	0.24978	0.03489	0.07413	0.26574	0.11703	0.01924	0.04172	0.02402	0.01091	0.00678	0.00412	0.00424	0.00126	0.02295	0.01927	0.00236	0.00509
6	0.03148	0.00806	0.01182	0.32045	0.12684	0.03223	0.05217	0.07667	0.03417	0.20953	0.02185	0.01110	0.00724	0.00418	0.00389	0.00122	0.00451	0.00364	0.00284	0.03610
7	0.00567	0.00383	0.00447	0.00449	0.00456	0.00389	0.00264	0.00581	0.00580	0.00780	0.01240	0.04404	0.01411	0.76594	0.09563	0.00398	0.00438	0.00569	0.00238	0.00250
8	0.00990	0.43878	0.20614	0.07037	0.07298	0.01256	0.02137	0.07436	0.03894	0.01177	0.00678	0.00790	0.00551	0.00366	0.00318	0.00104	0.00467	0.00271	0.00196	0.00541
9	0.03942	0.14348	0.51363	0.04284	0.05962	0.01023	0.05390	0.04461	0.03439	0.01267	0.00718	0.00843	0.00536	0.00373	0.00358	0.00118	0.00528	0.00297	0.00188	0.00562
10	0.03634	0.00565	0.00738	0.03326	0.00833	0.03483	0.03591	0.00900	0.08875	0.01008	0.01076	0.02725	0.01012	0.15391	0.47356	0.00448	0.03991	0.00439	0.00233	0.00377
11	0.00557	0.00398	0.00537	0.00545	0.00584	0.00433	0.00382	0.00637	0.00617	0.00860	0.01218	0.09243	0.01291	0.34898	0.45512	0.00493	0.00721	0.00538	0.00234	0.00304
12	0.00781	0.00738	0.01249	0.70620	0.17042	0.00882	0.01109	0.01037	0.00803	0.01051	0.00704	0.01032	0.00540	0.00384	0.00391	0.00128	0.00513	0.00349	0.00178	0.00468
13	0.01074	0.00481	0.00559	0.00484	0.00648	0.00456	0.00382	0.03559	0.00945	0.27279	0.01353	0.01407	0.00984	0.00466	0.00315	0.00101	0.00237	0.00374	0.58428	0.00468
14	0.00561	0.00417	0.00614	0.00614	0.00678	0.00481	0.00470	0.00690	0.00625	0.00898	0.01065	0.01621	0.01015	0.09537	0.78121	0.00610	0.00997	0.00432	0.00212	0.00341
15	0.01048	0.00836	0.00939	0.00692	0.01029	0.00763	0.00562	0.29265	0.01170	0.01692	0.00782	0.00857	0.00611	0.00353	0.00326	0.00079	0.00339	0.00274	0.00288	0.58096
16	0.00605	0.00478	0.00558	0.00545	0.00668	0.00469	0.00420	0.00918	0.15100	0.01365	0.33759	0.07490	0.25830	0.00862	0.00462	0.00136	0.00231	0.09310	0.00396	0.00398
17	0.03210	0.03877	0.02002	0.00667	0.00929	0.00629	0.00554	0.07192	0.02600	0.53301	0.15570	0.01640	0.04959	0.00551	0.00400	0.00121	0.00315	0.00453	0.00442	0.00589
18	0.00660	0.00460	0.00615	0.00671	0.00776	0.00451	0.00573	0.00852	0.03035	0.04293	0.06653	0.04051	0.10877	0.02373	0.00543	0.00172	0.00332	0.61868	0.00369	0.00374
19	0.00728	0.00445	0.00601	0.00642	0.00738	0.00425	0.00517	0.00862	0.00873	0.11679	0.03368	0.23230	0.04682	0.07245	0.00615	0.00180	0.00319	0.42100	0.00370	0.00380

[dist]
# distance from previous block
# <min> <max>
3	16

[block]
# block no. 1 follows, 69 sequences, length 10
# corresponding to MSA columns:
# 278-287
name=unknown_B
#
# <colnr> <probs for GDERKNQSTAVLIFYWHMCP>
#	G	D	E	R	K	N	Q	S	T	A	V	L	I	F	Y	W	H	M	C	P
0	0.00800	0.00758	0.01284	0.63623	0.23888	0.00887	0.01119	0.01054	0.00812	0.01075	0.00707	0.01026	0.00548	0.00381	0.00391	0.00127	0.00508	0.00349	0.00179	0.00484
1	0.00953	0.29742	0.21866	0.00812	0.03259	0.01010	0.00813	0.05811	0.00882	0.04137	0.00728	0.02863	0.00603	0.00367	0.00315	0.00093	0.00417	0.00276	0.00215	0.24840
2	0.03223	0.25027	0.20315	0.00894	0.01232	0.27634	0.00866	0.07237	0.00993	0.06281	0.00702	0.00785	0.00551	0.00441	0.02144	0.00116	0.00554	0.00268	0.00217	0.00522
3	0.00991	0.00484	0.00646	0.00586	0.00738	0.00432	0.00445	0.01123	0.00991	0.33180	0.22969	0.29281	0.04852	0.00824	0.00448	0.00134	0.00257	0.00723	0.00428	0.00467
4	0.01354	0.01630	0.03394	0.00991	0.01211	0.62742	0.03017	0.10421	0.01159	0.01163	0.00792	0.01102	0.00693	0.00473	0.00379	0.00112	0.00639	0.08018	0.00237	0.00474
5	0.00626	0.00507	0.00717	0.00680	0.00722	0.00624	0.00524	0.00729	0.00613	0.00890	0.00968	0.01578	0.00960	0.17458	0.51776	0.00486	0.19159	0.00430	0.00207	0.00347
6	0.83576	0.00733	0.00572	0.00515	0.00743	0.00846	0.00419	0.01113	0.00658	0.01693	0.00554	0.00671	0.00440	0.00425	0.00322	0.05547	0.00306	0.00220	0.00238	0.00409
7	0.75901	0.00809	0.00666	0.00573	0.00827	0.00930	0.00473	0.13318	0.00843	0.01865	0.00605	0.00682	0.00461	0.00380	0.00265	0.00121	0.00322	0.00233	0.00265	0.00461
8	0.00970	0.00931	0.01591	0.02406	0.83777	0.00931	0.01203	0.01203	0.00893	0.01281	0.00737	0.00970	0.00621	0.00349	0.00388	0.00116	0.00466	0.00349	0.00194	0.00621
9	0.00537	0.00421	0.00455	0.00445	0.00577	0.00368	0.00339	0.00686	0.03449	0.03606	0.16590	0.03516	0.63080	0.00936	0.00462	0.00132	0.00209	0.03456	0.00379	0.00357

[dist]
# distance from previous block
# <min> <max>
0	6

[block]
# block no. 2 follows, 69 sequences, length 20
# corresponding to MSA columns:
# 294-313
name=unknown_C
#
# <colnr> <probs for GDERKNQSTAVLIFYWHMCP>
#	G	D	E	R	K	N	Q	S	T	A	V	L	I	F	Y	W	H	M	C	P
0	0.00478	0.00341	0.00455	0.00546	0.00569	0.00318	0.00364	0.00546	0.00751	0.01001	0.02161	0.85966	0.02593	0.01228	0.00500	0.00159	0.00227	0.01114	0.00364	0.00318
1	0.01216	0.27595	0.09145	0.00814	0.01117	0.15613	0.04380	0.04083	0.00992	0.20331	0.06647	0.01110	0.03323	0.00446	0.00362	0.00108	0.01568	0.00338	0.00280	0.00531
2	0.00956	0.01006	0.07734	0.10972	0.55056	0.02564	0.04113	0.05679	0.00926	0.01294	0.00771	0.01053	0.00641	0.00392	0.00420	0.00122	0.03002	0.02512	0.00205	0.00581
3	0.00489	0.00355	0.00462	0.00526	0.00568	0.00328	0.00360	0.00579	0.00820	0.01098	0.15554	0.66247	0.08883	0.01141	0.00491	0.00151	0.00218	0.01027	0.00375	0.00328
4	0.01184	0.00931	0.00993	0.00833	0.01091	0.01052	0.00665	0.31389	0.51219	0.04189	0.01356	0.01269	0.00997	0.00508	0.00396	0.00127	0.00355	0.00409	0.00399	0.00639
5	0.00894	0.05222	0.07069	0.20481	0.12561	0.05148	0.15637	0.05752	0.00938	0.02739	0.02861	0.02931	0.00968	0.00521	0.00423	0.00133	0.00499	0.14490	0.00241	0.00492
6	0.00495	0.00354	0.00475	0.00566	0.00596	0.00334	0.00395	0.00576	0.00768	0.01021	0.02151	0.76638	0.02554	0.01212	0.00505	0.00162	0.00243	0.10269	0.00364	0.00323
7	0.01059	0.24744	0.07608	0.00932	0.01119	0.22551	0.00825	0.01188	0.00801	0.00964	0.00560	0.00754	0.00508	0.00494	0.00696	0.00126	0.34145	0.00279	0.00178	0.00467
8	0.00505	0.00398	0.00455	0.00458	0.00566	0.00351	0.00345	0.00631	0.00941	0.01207	0.27114	0.09022	0.47140	0.02948	0.00507	0.00141	0.00212	0.06336	0.00381	0.00341
9	0.00920	0.03766	0.24750	0.16164	0.03612	0.00947	0.19643	0.07163	0.10966	0.03314	0.00865	0.01014	0.00639	0.00391	0.00395	0.00124	0.00519	0.00362	0.00231	0.04217
10	0.04011	0.02346	0.00765	0.00665	0.00800	0.00666	0.00519	0.20287	0.00915	0.01290	0.00965	0.04895	0.00877	0.01753	0.38181	0.16357	0.00672	0.00401	0.00254	0.03380
11	0.00813	0.00697	0.00813	0.00581	0.00929	0.00523	0.00465	0.00987	0.00813	0.01277	0.00697	0.00813	0.00581	0.00290	0.00290	0.00058	0.00290	0.00232	0.00232	0.88619
12	0.00605	0.00396	0.00543	0.00598	0.00650	0.00388	0.00464	0.00658	0.00752	0.00981	0.01786	0.16564	0.06947	0.07037	0.00889	0.23269	0.00325	0.36549	0.00303	0.00294
13	0.00634	0.00520	0.00620	0.00655	0.00737	0.04363	0.02340	0.00869	0.11601	0.01126	0.03221	0.47248	0.03547	0.03551	0.00531	0.00162	0.00301	0.17243	0.00354	0.00376
14	0.00575	0.00388	0.00457	0.00473	0.00487	0.00387	0.00297	0.00603	0.00624	0.00828	0.01391	0.06369	0.01590	0.70821	0.01731	0.00343	0.00371	0.11747	0.00260	0.00258
15	0.00827	0.04101	0.60836	0.02692	0.07441	0.00949	0.12689	0.01226	0.00837	0.01224	0.00708	0.00869	0.00520	0.00374	0.00410	0.00125	0.03113	0.00318	0.00172	0.00566
16	0.00486	0.00361	0.00451	0.00516	0.00567	0.00330	0.00357	0.00568	0.00795	0.01034	0.05339	0.59575	0.20213	0.03515	0.00534	0.00159	0.00229	0.04287	0.00363	0.00322
17	0.05591	0.00744	0.04741	0.25646	0.05027	0.01609	0.00744	0.05213	0.13753	0.01285	0.06481	0.04363	0.17182	0.00603	0.00447	0.00132	0.04253	0.01438	0.00285	0.00461
18	0.01470	0.01627	0.01083	0.00955	0.01177	0.64772	0.00729	0.09843	0.02899	0.09257	0.02140	0.00845	0.00635	0.00428	0.00364	0.00106	0.00625	0.00288	0.00257	0.00499
19	0.24838	0.00993	0.08322	0.03409	0.03505	0.08379	0.02989	0.07687	0.05585	0.07805	0.00788	0.00863	0.00596	0.00377	0.00324	0.00105	0.00396	0.00281	0.00264	0.22496

[dist]
# distance from previous block
# <min> <max>
0	5

[block]
# block no. 3 follows, 69 sequences, length 24
# corresponding to MSA columns:
# 333-356
name=unknown_D
#
# <colnr> <probs for GDERKNQSTAVLIFYWHMCP>
#	G	D	E	R	K	N	Q	S	T	A	V	L	I	F	Y	W	H	M	C	P
0	0.29685	0.17657	0.10691	0.00853	0.04589	0.09129	0.06021	0.03541	0.02414	0.11030	0.00741	0.00811	0.00560	0.00381	0.00315	0.00113	0.00434	0.00276	0.00246	0.00514
1	0.00922	0.00767	0.01131	0.17385	0.29623	0.04296	0.02058	0.01175	0.06370	0.09617	0.06207	0.13905	0.01175	0.00560	0.00429	0.00129	0.01933	0.01527	0.00276	0.00514
2	0.00878	0.00767	0.00995	0.09879	0.06264	0.03486	0.03567	0.12752	0.09860	0.01369	0.11555	0.06013	0.03960	0.04975	0.00669	0.00151	0.16327	0.05767	0.00296	0.00470
3	0.01077	0.00862	0.00921	0.00804	0.01041	0.00981	0.00632	0.11237	0.69335	0.06234	0.01518	0.01396	0.01124	0.00522	0.00398	0.00131	0.00325	0.00430	0.00403	0.00628
4	0.00829	0.00813	0.01134	0.00980	0.00982	0.01126	0.00808	0.00913	0.00600	0.00932	0.00577	0.00980	0.00584	0.05452	0.04847	0.00202	0.77290	0.00359	0.00177	0.00415
5	0.20539	0.00703	0.00797	0.00640	0.00900	0.00700	0.00524	0.12883	0.01087	0.42357	0.03382	0.01185	0.00886	0.00462	0.00348	0.00117	0.00318	0.00354	0.11248	0.00569
6	0.88991	0.00758	0.00576	0.00516	0.00758	0.00879	0.00425	0.01152	0.00667	0.01759	0.00546	0.00637	0.00425	0.00364	0.00243	0.00121	0.00303	0.00212	0.00243	0.00425
7	0.00555	0.00401	0.00524	0.00493	0.00586	0.00370	0.00370	0.00740	0.01110	0.01572	0.83570	0.02928	0.03699	0.00801	0.00462	0.00123	0.00185	0.00709	0.00432	0.00370
8	0.00478	0.00341	0.00455	0.00546	0.00569	0.00318	0.00364	0.00546	0.00751	0.01001	0.02161	0.85966	0.02593	0.01228	0.00500	0.00159	0.00227	0.01114	0.00364	0.00318
9	0.00786	0.02028	0.84191	0.01117	0.01697	0.00910	0.01448	0.01242	0.00828	0.01242	0.00704	0.00828	0.00497	0.00372	0.00372	0.00124	0.00579	0.00290	0.00166	0.00579
10	0.00570	0.00380	0.00428	0.00428	0.00428	0.00380	0.00238	0.00570	0.00570	0.00760	0.01235	0.02566	0.01425	0.86222	0.01995	0.00380	0.00380	0.00570	0.00238	0.00238
11	0.00573	0.00477	0.00510	0.00490	0.00629	0.00454	0.00371	0.00869	0.15748	0.01257	0.18138	0.04851	0.52439	0.00879	0.00452	0.00131	0.00217	0.00742	0.00383	0.00390
12	0.01738	0.00701	0.00931	0.00714	0.01018	0.00627	0.00590	0.08312	0.01179	0.77566	0.01499	0.01303	0.00946	0.00484	0.00394	0.00121	0.00341	0.00391	0.00478	0.00667
13	0.03349	0.13236	0.67335	0.01042	0.01570	0.00990	0.02946	0.01245	0.00827	0.03030	0.00698	0.00811	0.00508	0.00369	0.00355	0.00119	0.00546	0.00283	0.00176	0.00566
14	0.00793	0.01927	0.77604	0.01081	0.01639	0.00893	0.01375	0.01254	0.03242	0.01255	0.00729	0.00846	0.00521	0.00373	0.00369	0.00121	0.00557	0.00291	0.00176	0.04952
15	0.88991	0.00758	0.00576	0.00516	0.00758	0.00879	0.00425	0.01152	0.00667	0.01759	0.00546	0.00637	0.00425	0.00364	0.00243	0.00121	0.00303	0.00212	0.00243	0.00425
16	0.00804	0.00740	0.01093	0.48278	0.14407	0.03634	0.00929	0.01130	0.09514	0.01167	0.04807	0.01292	0.04200	0.00448	0.00390	0.00125	0.00448	0.00393	0.05729	0.00472
17	0.00824	0.00469	0.00593	0.00529	0.00675	0.00427	0.00408	0.01018	0.03649	0.19275	0.47382	0.04032	0.13021	0.00738	0.00436	0.00123	0.00223	0.00637	0.05106	0.00436
18	0.00667	0.00582	0.00773	0.00731	0.00790	0.04474	0.00577	0.00790	0.00644	0.00916	0.00916	0.01375	0.00866	0.04243	0.60542	0.00499	0.19644	0.00399	0.00202	0.00370
19	0.00475	0.00350	0.00445	0.00521	0.00562	0.00320	0.00353	0.00549	0.00774	0.01010	0.02459	0.72439	0.15928	0.01189	0.00494	0.00155	0.00223	0.01067	0.00364	0.00320
20	0.00813	0.00697	0.00813	0.00581	0.00929	0.00523	0.00465	0.00987	0.00813	0.01277	0.00697	0.00813	0.00581	0.00290	0.00290	0.00058	0.00290	0.00232	0.00232	0.88619
21	0.04391	0.00856	0.01565	0.03102	0.05967	0.02307	0.39643	0.01135	0.00829	0.07340	0.00889	0.02461	0.00747	0.07518	0.10640	0.00213	0.09258	0.00436	0.00225	0.00479
22	0.00681	0.00340	0.00511	0.00511	0.00511	0.00340	0.00340	0.00511	0.00511	0.00681	0.00681	0.01192	0.00681	0.01362	0.01532	0.88594	0.00340	0.00340	0.00170	0.00170
23	0.00596	0.00432	0.00586	0.00665	0.00752	0.00422	0.00562	0.00756	0.00889	0.01151	0.04022	0.13437	0.10558	0.01084	0.00527	0.00172	0.00326	0.62347	0.00363	0.00353

[dist]
# distance from previous block
# <min> <max>
0	8

[block]
# block no. 4 follows, 69 sequences, length 29
# corresponding to MSA columns:
# 365-393
name=unknown_E
#
# <colnr> <probs for GDERKNQSTAVLIFYWHMCP>
#	G	D	E	R	K	N	Q	S	T	A	V	L	I	F	Y	W	H	M	C	P
0	0.02927	0.13882	0.30067	0.01142	0.07474	0.20348	0.09123	0.06545	0.02739	0.01233	0.00701	0.00821	0.00543	0.00378	0.00360	0.00113	0.00564	0.00297	0.00201	0.00541
1	0.00804	0.02842	0.23763	0.00767	0.01129	0.00659	0.03918	0.01093	0.03640	0.03879	0.15523	0.01237	0.01145	0.00421	0.00356	0.00096	0.00370	0.00354	0.00260	0.37745
2	0.85231	0.00754	0.00591	0.00523	0.00769	0.00866	0.00431	0.01185	0.00687	0.05306	0.00589	0.00667	0.00448	0.00369	0.00249	0.00121	0.00305	0.00220	0.00253	0.00435
3	0.04178	0.57252	0.04686	0.00744	0.01079	0.01414	0.00710	0.23329	0.01078	0.01384	0.00659	0.00721	0.00545	0.00375	0.00294	0.00096	0.00424	0.00252	0.00231	0.00548
4	0.00625	0.00468	0.00617	0.00611	0.00730	0.00418	0.02131	0.02553	0.00826	0.02729	0.03028	0.50519	0.02040	0.00962	0.00458	0.00139	0.00274	0.12407	0.00338	0.18126
5	0.00483	0.00379	0.00438	0.00466	0.00555	0.00334	0.00336	0.00585	0.00875	0.01112	0.14289	0.31797	0.43606	0.01048	0.00477	0.00141	0.00209	0.02163	0.00373	0.00333
6	0.00907	0.01011	0.07529	0.20733	0.19740	0.00954	0.35024	0.04372	0.03451	0.01262	0.00783	0.01028	0.00599	0.00363	0.00419	0.00127	0.00562	0.00395	0.00203	0.00539
7	0.00494	0.00400	0.00433	0.00433	0.00550	0.00348	0.00321	0.00624	0.02196	0.01167	0.18895	0.10000	0.59470	0.00959	0.00462	0.00132	0.00200	0.00814	0.01759	0.00342
8	0.02588	0.01788	0.01152	0.06970	0.30738	0.02611	0.00835	0.11591	0.18001	0.06942	0.02723	0.03112	0.05260	0.00497	0.00414	0.01754	0.00395	0.00415	0.01643	0.00570
9	0.24486	0.01065	0.00966	0.00798	0.01065	0.11441	0.00643	0.38759	0.13797	0.01969	0.00895	0.00911	0.00663	0.00444	0.00349	0.00119	0.00413	0.00317	0.00330	0.00569
10	0.04311	0.00736	0.00801	0.00706	0.00923	0.00805	0.00554	0.01820	0.52864	0.16006	0.02913	0.01516	0.04123	0.00531	0.00383	0.00126	0.00295	0.00436	0.09570	0.00580
11	0.01058	0.44934	0.06961	0.07362	0.07286	0.02956	0.00791	0.14784	0.04223	0.01285	0.03430	0.01911	0.00698	0.00401	0.00321	0.00103	0.00434	0.00297	0.00228	0.00536
12	0.00488	0.00355	0.00464	0.00531	0.00572	0.00331	0.00364	0.00573	0.00796	0.01062	0.10758	0.67212	0.09532	0.01227	0.03601	0.00171	0.00251	0.01022	0.00365	0.00326
13	0.00882	0.02034	0.11086	0.00676	0.01032	0.01640	0.01591	0.02091	0.00856	0.07101	0.01975	0.03911	0.00712	0.00359	0.00321	0.00078	0.00338	0.00293	0.00250	0.62772
14	0.00782	0.02391	0.01032	0.01155	0.22734	0.01788	0.07506	0.02432	0.00851	0.04114	0.01367	0.36987	0.01458	0.00720	0.00425	0.00127	0.00354	0.00664	0.00285	0.12827
15	0.70560	0.00739	0.00647	0.00554	0.00809	0.00815	0.00457	0.01313	0.00763	0.19146	0.00757	0.00784	0.00540	0.00390	0.00275	0.00121	0.00310	0.00251	0.00294	0.00476
16	0.01058	0.00972	0.01446	0.14893	0.32565	0.04991	0.11625	0.15510	0.08786	0.02992	0.00863	0.01029	0.00665	0.00397	0.00399	0.00122	0.00489	0.00370	0.00251	0.00580
17	0.00576	0.00405	0.00512	0.00544	0.01728	0.00416	0.00361	0.00631	0.00650	0.00875	0.01420	0.12352	0.01597	0.51626	0.11945	0.00351	0.01605	0.11855	0.00265	0.00286
18	0.00589	0.00419	0.00515	0.00484	0.00597	0.00381	0.00365	0.00770	0.02700	0.04729	0.59022	0.03044	0.23260	0.00831	0.00459	0.00126	0.00197	0.00720	0.00416	0.00377
19	0.00997	0.00982	0.01565	0.02331	0.79314	0.05457	0.01179	0.01223	0.00904	0.01263	0.00730	0.00956	0.00615	0.00352	0.00386	0.00116	0.00479	0.00344	0.00194	0.00612
20	0.00481	0.00362	0.00443	0.00497	0.00556	0.00327	0.00343	0.00566	0.00814	0.01055	0.08797	0.54754	0.25498	0.02932	0.00519	0.00154	0.00219	0.00991	0.00366	0.00324
21	0.00882	0.01298	0.23753	0.04767	0.01982	0.00965	0.57961	0.01242	0.00894	0.01242	0.00766	0.00997	0.00566	0.00344	0.00436	0.00130	0.00634	0.00413	0.00189	0.00538
22	0.01058	0.00689	0.00838	0.00611	0.00948	0.00537	0.00494	0.01227	0.00893	0.22757	0.00917	0.00948	0.00682	0.00341	0.00317	0.00074	0.00302	0.00274	0.00298	0.65795
23	0.00925	0.01058	0.02313	0.01652	0.02049	0.00991	0.82353	0.01256	0.00925	0.01256	0.00793	0.01058	0.00595	0.00330	0.00463	0.00132	0.00661	0.00463	0.00198	0.00529
24	0.01369	0.06001	0.04780	0.00901	0.01202	0.05422	0.00767	0.60866	0.07935	0.02130	0.00926	0.00944	0.00677	0.00468	0.00417	0.00118	0.03753	0.00344	0.00352	0.00630
25	0.00781	0.00624	0.00730	0.00663	0.02562	0.00634	0.00498	0.02651	0.30142	0.02838	0.39114	0.02029	0.02240	0.00618	0.00413	0.00118	0.00256	0.00533	0.00389	0.12166
26	0.01172	0.39384	0.01487	0.00820	0.03439	0.16929	0.00686	0.10784	0.02655	0.07171	0.00865	0.05990	0.02303	0.00462	0.00370	0.00105	0.04291	0.00329	0.00245	0.00513
27	0.00570	0.00380	0.00428	0.00428	0.00428	0.00380	0.00238	0.00570	0.00570	0.00760	0.01235	0.02566	0.01425	0.86222	0.01995	0.00380	0.00380	0.00570	0.00238	0.00238
28	0.00480	0.00346	0.00456	0.00538	0.00568	0.00321	0.00362	0.00555	0.00771	0.01027	0.05734	0.79463	0.05523	0.01201	0.00497	0.00157	0.00225	0.01087	0.00367	0.00321

[dist]
# distance from previous block
# <min> <max>
0	1

[block]
# block no. 5 follows, 69 sequences, length 45
# corresponding to MSA columns:
# 395-406,425-443,446-459
name=unknown_F
#
# <colnr> <probs for GDERKNQSTAVLIFYWHMCP>
#	G	D	E	R	K	N	Q	S	T	A	V	L	I	F	Y	W	H	M	C	P
0	0.00949	0.45083	0.34843	0.00916	0.01350	0.02337	0.05824	0.02637	0.00839	0.01097	0.00631	0.00740	0.00509	0.00353	0.00316	0.00104	0.00501	0.00260	0.00173	0.00537
1	0.00478	0.00394	0.00420	0.00421	0.00540	0.00336	0.00313	0.00588	0.00916	0.01130	0.15530	0.09052	0.66567	0.00980	0.00466	0.00133	0.00198	0.00829	0.00374	0.00336
2	0.05678	0.01064	0.01114	0.00871	0.01171	0.03025	0.00714	0.67638	0.08303	0.04979	0.00987	0.00976	0.00704	0.00469	0.00385	0.00119	0.00418	0.00353	0.00384	0.00647
3	0.01048	0.86458	0.02054	0.00671	0.01006	0.01551	0.00671	0.01174	0.00797	0.00922	0.00545	0.00629	0.00503	0.00335	0.00252	0.00084	0.00419	0.00210	0.00168	0.00503
4	0.00850	0.00720	0.00874	0.00651	0.00946	0.00625	0.00527	0.01011	0.00791	0.03910	0.00697	0.00837	0.00583	0.00356	0.00442	0.00077	0.12993	0.00254	0.00231	0.72624
5	0.00939	0.00900	0.01535	0.13647	0.72779	0.00923	0.01188	0.01176	0.00878	0.01243	0.00732	0.00980	0.00608	0.00355	0.00389	0.00118	0.00473	0.00349	0.00191	0.00596
6	0.01722	0.00691	0.00920	0.00709	0.01010	0.00616	0.00585	0.05261	0.03895	0.77903	0.01523	0.01322	0.00965	0.00486	0.00394	0.00122	0.00337	0.00394	0.00478	0.00666
7	0.00555	0.00401	0.00524	0.00493	0.00586	0.00370	0.00370	0.00740	0.01110	0.01572	0.83570	0.02928	0.03699	0.00801	0.00462	0.00123	0.00185	0.00709	0.00432	0.00370
8	0.00478	0.00341	0.00455	0.00546	0.00569	0.00318	0.00364	0.00546	0.00751	0.01001	0.02161	0.85966	0.02593	0.01228	0.00500	0.00159	0.00227	0.01114	0.00364	0.00318
9	0.00786	0.02028	0.84191	0.01117	0.01697	0.00910	0.01448	0.01242	0.00828	0.01242	0.00704	0.00828	0.00497	0.00372	0.00372	0.00124	0.00579	0.00290	0.00166	0.00579
10	0.01150	0.01274	0.01416	0.12989	0.13295	0.31726	0.17178	0.07395	0.07441	0.01235	0.00777	0.00938	0.00608	0.00395	0.00392	0.00117	0.00587	0.00344	0.00226	0.00519
11	0.01509	0.00651	0.00857	0.00676	0.00941	0.00589	0.00551	0.06619	0.03254	0.62311	0.16091	0.01597	0.01443	0.00542	0.00406	0.00122	0.00313	0.00449	0.00468	0.00613
12	0.00514	0.00358	0.00450	0.00509	0.00525	0.00344	0.00326	0.00561	0.00691	0.00920	0.01831	0.54384	0.02171	0.31290	0.01030	0.00238	0.00285	0.02964	0.00319	0.00291
13	0.00745	0.00706	0.01206	0.83087	0.02683	0.00874	0.03219	0.01008	0.00788	0.01008	0.00699	0.01046	0.00524	0.00390	0.00394	0.00131	0.00526	0.00351	0.00175	0.00438
14	0.01305	0.03514	0.01145	0.01129	0.11071	0.61794	0.00779	0.02390	0.02473	0.01017	0.00680	0.00861	0.00587	0.04052	0.03182	0.00134	0.02926	0.00289	0.00207	0.00468
15	0.00569	0.00385	0.00452	0.00452	0.00460	0.00393	0.00267	0.00585	0.00577	0.00778	0.01213	0.02444	0.01373	0.76371	0.11775	0.00410	0.00459	0.00552	0.00234	0.00251
16	0.01522	0.00999	0.01110	0.00856	0.01164	0.01075	0.00705	0.62595	0.05265	0.18984	0.01093	0.01044	0.00752	0.00476	0.00393	0.00119	0.00406	0.00365	0.00411	0.00665
17	0.01071	0.00696	0.00767	0.00674	0.00880	0.00753	0.00529	0.02916	0.46166	0.17222	0.01499	0.01431	0.01099	0.00504	0.00367	0.00120	0.00285	0.00414	0.22040	0.00567
18	0.00482	0.00345	0.00460	0.00548	0.00573	0.00322	0.00369	0.00555	0.00761	0.01017	0.04008	0.82611	0.02612	0.01216	0.00500	0.00159	0.00229	0.02548	0.00365	0.00320
19	0.01037	0.00873	0.00921	0.00810	0.01043	0.01004	0.00636	0.11752	0.73298	0.01740	0.01517	0.01400	0.01133	0.00525	0.00398	0.00131	0.00325	0.00432	0.00398	0.00626
20	0.00888	0.00759	0.01258	0.01491	0.36979	0.00727	0.10933	0.01127	0.02899	0.07233	0.21337	0.01609	0.04897	0.00496	0.00414	0.00118	0.00386	0.00471	0.00288	0.05689
21	0.60327	0.14587	0.04132	0.02509	0.00926	0.07786	0.00553	0.03168	0.00761	0.01541	0.00570	0.00665	0.00455	0.00366	0.00265	0.00114	0.00373	0.00225	0.00226	0.00452
22	0.01048	0.86458	0.02054	0.00671	0.01006	0.01551	0.00671	0.01174	0.00797	0.00922	0.00545	0.00629	0.00503	0.00335	0.00252	0.00084	0.00419	0.00210	0.00168	0.00503
23	0.00512	0.00403	0.00450	0.00438	0.00558	0.00351	0.00330	0.00638	0.00952	0.02347	0.27527	0.03413	0.55934	0.00994	0.03281	0.00146	0.00225	0.00773	0.00381	0.00348
24	0.00514	0.00390	0.00420	0.00417	0.00493	0.00354	0.00279	0.00580	0.00780	0.00980	0.09385	0.03213	0.43637	0.35641	0.01086	0.00232	0.00271	0.00713	0.00318	0.00296
25	0.00969	0.02723	0.47465	0.01098	0.03666	0.08641	0.06483	0.10829	0.10507	0.01406	0.00839	0.00929	0.00615	0.00403	0.00379	0.00122	0.00537	0.00324	0.01487	0.00577
26	0.00530	0.00429	0.00429	0.00426	0.00511	0.02501	0.00289	0.00595	0.00786	0.00959	0.04645	0.03236	0.49763	0.32052	0.01019	0.00222	0.00277	0.00716	0.00315	0.00301
27	0.07425	0.03351	0.12136	0.00901	0.03802	0.14075	0.00768	0.25310	0.09105	0.06198	0.00986	0.05904	0.00802	0.02108	0.04479	0.00149	0.01275	0.00377	0.00300	0.00549
28	0.00584	0.00456	0.00677	0.00663	0.00727	0.00548	0.00520	0.00720	0.00628	0.00913	0.01006	0.01484	0.00942	0.02756	0.77855	0.00593	0.07952	0.00414	0.00207	0.00356
29	0.01434	0.01820	0.01146	0.01028	0.01229	0.80169	0.02942	0.01540	0.01092	0.00967	0.00609	0.00720	0.00508	0.00410	0.00381	0.00104	0.02985	0.00261	0.00201	0.00456
30	0.05556	0.41667	0.04951	0.00805	0.03856	0.07178	0.00710	0.19815	0.01063	0.01387	0.00764	0.00951	0.00650	0.00417	0.00315	0.00103	0.00430	0.04166	0.04689	0.00527
31	0.00849	0.05658	0.08008	0.02090	0.14827	0.01815	0.11627	0.06107	0.10828	0.03060	0.01561	0.13878	0.11461	0.00637	0.00426	0.00132	0.00404	0.05844	0.00290	0.00501
32	0.00677	0.00556	0.00635	0.00617	0.02834	0.00570	0.00454	0.01139	0.27780	0.01440	0.32082	0.04373	0.23778	0.00761	0.00441	0.00129	0.00237	0.00653	0.00396	0.00447
33	0.00564	0.00403	0.00544	0.00544	0.00585	0.00444	0.00383	0.00645	0.00605	0.00847	0.01128	0.01974	0.01168	0.38172	0.49694	0.00524	0.00767	0.00484	0.00222	0.00302
34	0.21396	0.11801	0.32103	0.11631	0.04217	0.00995	0.02964	0.06106	0.00844	0.01366	0.00662	0.00804	0.00502	0.00375	0.00342	0.00118	0.01387	0.00279	0.00201	0.01906
35	0.00504	0.00392	0.00452	0.00475	0.00568	0.00351	0.00352	0.00610	0.00872	0.01103	0.13098	0.18349	0.43909	0.07322	0.00592	0.00160	0.00234	0.09963	0.00363	0.00330
36	0.02289	0.00649	0.02424	0.05037	0.19476	0.00601	0.02771	0.01188	0.00909	0.27163	0.01495	0.29674	0.01418	0.00705	0.00431	0.00135	0.00349	0.02426	0.00346	0.00514
37	0.00527	0.00400	0.00485	0.00463	0.00568	0.00358	0.00348	0.00685	0.01043	0.01413	0.58906	0.03190	0.28462	0.00861	0.00463	0.00126	0.00189	0.00746	0.00411	0.00358
38	0.00529	0.00381	0.00512	0.00598	0.00649	0.00364	0.00451	0.00636	0.00808	0.01061	0.02217	0.54745	0.06291	0.01168	0.00512	0.00165	0.00271	0.27946	0.00363	0.00333
39	0.00850	0.13010	0.70023	0.01050	0.01587	0.01007	0.01318	0.04605	0.00866	0.01251	0.00693	0.00806	0.00505	0.00372	0.00357	0.00119	0.00552	0.00282	0.00175	0.00573
40	0.00670	0.00500	0.00594	0.00555	0.00684	0.00497	0.00420	0.01032	0.18384	0.04408	0.48882	0.06680	0.13599	0.00779	0.00449	0.00128	0.00221	0.00677	0.00414	0.00426
41	0.00936	0.00922	0.04213	0.06181	0.60391	0.00906	0.03065	0.02539	0.09380	0.01337	0.05584	0.01134	0.00848	0.00398	0.00395	0.00120	0.00444	0.00380	0.00230	0.00594
42	0.00817	0.00701	0.00815	0.00587	0.00932	0.00535	0.00469	0.01018	0.03118	0.01288	0.00722	0.00831	0.00598	0.00297	0.00293	0.00060	0.00291	0.00238	0.00237	0.86153
43	0.06495	0.14652	0.45516	0.01014	0.04860	0.04766	0.02930	0.02077	0.03141	0.01229	0.00764	0.00876	0.02386	0.00389	0.00369	0.00115	0.02674	0.00292	0.00191	0.05266
44	0.20957	0.10575	0.01028	0.00757	0.01831	0.07001	0.00612	0.22981	0.15610	0.03087	0.01785	0.03205	0.00775	0.02648	0.00404	0.00123	0.02493	0.00339	0.00305	0.03485

[dist]
# distance from previous block
# <min> <max>
0	16

[block]
# block no. 6 follows, 69 sequences, length 25
# corresponding to MSA columns:
# 542-566
name=unknown_G
#
# <colnr> <probs for GDERKNQSTAVLIFYWHMCP>
#	G	D	E	R	K	N	Q	S	T	A	V	L	I	F	Y	W	H	M	C	P
0	0.45411	0.00779	0.00772	0.00634	0.00897	0.00836	0.00521	0.16382	0.01027	0.23420	0.05153	0.00994	0.00781	0.00438	0.00321	0.00121	0.00329	0.00312	0.00344	0.00530
1	0.00497	0.00398	0.00444	0.00433	0.00550	0.00345	0.00325	0.00629	0.00974	0.01250	0.33647	0.03458	0.53823	0.00922	0.00463	0.00129	0.00193	0.00783	0.00389	0.00345
2	0.01195	0.00794	0.00855	0.00691	0.00916	0.00855	0.00557	0.45656	0.03085	0.06237	0.04044	0.01247	0.00927	0.02420	0.00393	0.00116	0.00334	0.00379	0.28751	0.00548
3	0.00605	0.00450	0.00559	0.00551	0.00659	0.00438	0.00432	0.00865	0.08680	0.01439	0.48124	0.03125	0.12142	0.00840	0.00465	0.00135	0.00232	0.16298	0.03575	0.00387
4	0.00521	0.00412	0.00523	0.00513	0.00610	0.00371	0.03500	0.00635	0.00884	0.01146	0.21052	0.20641	0.34941	0.08852	0.00615	0.00161	0.00242	0.03684	0.00361	0.00337
5	0.00842	0.15293	0.69516	0.01045	0.01578	0.02792	0.01312	0.01238	0.00829	0.01185	0.00677	0.00794	0.00498	0.00367	0.00353	0.00117	0.00557	0.00276	0.00167	0.00565
6	0.00975	0.00842	0.00886	0.00798	0.01019	0.00975	0.00621	0.02083	0.83069	0.01640	0.01596	0.01463	0.01197	0.00532	0.00399	0.00133	0.00310	0.00443	0.00399	0.00621
7	0.01048	0.86458	0.02054	0.00671	0.01006	0.01551	0.00671	0.01174	0.00797	0.00922	0.00545	0.00629	0.00503	0.00335	0.00252	0.00084	0.00419	0.00210	0.00168	0.00503
8	0.00493	0.00359	0.00465	0.00522	0.00569	0.00331	0.00360	0.00590	0.00841	0.01131	0.20115	0.60926	0.09619	0.01115	0.00489	0.00149	0.00216	0.01002	0.00379	0.00331
9	0.00892	0.01516	0.49937	0.00963	0.01395	0.00876	0.02427	0.18274	0.01090	0.01549	0.13949	0.01264	0.03193	0.00476	0.00395	0.00123	0.00477	0.00386	0.00261	0.00557
10	0.00640	0.00490	0.00597	0.00555	0.00673	0.00492	0.00421	0.01012	0.17697	0.01586	0.66980	0.02632	0.03193	0.00747	0.00450	0.00125	0.00210	0.00655	0.00425	0.00421
11	0.01025	0.78885	0.09422	0.00711	0.01068	0.01494	0.00741	0.01180	0.00799	0.00951	0.00559	0.00647	0.00503	0.00339	0.00262	0.00087	0.00434	0.00217	0.00168	0.00510
12	0.00570	0.00380	0.00428	0.00428	0.00428	0.00380	0.00238	0.00570	0.00570	0.00760	0.01235	0.02566	0.01425	0.86222	0.01995	0.00380	0.00380	0.00570	0.00238	0.00238
13	0.01697	0.05118	0.03153	0.00707	0.01019	0.00635	0.00604	0.01855	0.01098	0.77599	0.01473	0.01285	0.00934	0.00475	0.00386	0.00119	0.00344	0.00382	0.00460	0.00656
14	0.01041	0.00702	0.00841	0.00625	0.00953	0.00573	0.00503	0.01289	0.07815	0.20048	0.00965	0.00986	0.00721	0.00355	0.00323	0.00079	0.00302	0.00287	0.00304	0.61289
15	0.00813	0.00697	0.00813	0.00581	0.00929	0.00523	0.00465	0.00987	0.00813	0.01277	0.00697	0.00813	0.00581	0.00290	0.00290	0.00058	0.00290	0.00232	0.00232	0.88619
16	0.00591	0.00458	0.00633	0.00710	0.10203	0.00429	0.00460	0.00767	0.01045	0.01462	0.62541	0.07627	0.09994	0.00790	0.00456	0.00125	0.00221	0.00701	0.00394	0.00393
17	0.88991	0.00758	0.00576	0.00516	0.00758	0.00879	0.00425	0.01152	0.00667	0.01759	0.00546	0.00637	0.00425	0.00364	0.00243	0.00121	0.00303	0.00212	0.00243	0.00425
18	0.00566	0.00416	0.00624	0.00624	0.00690	0.00482	0.00482	0.00690	0.00624	0.00898	0.01031	0.01522	0.00965	0.02859	0.80410	0.05136	0.01014	0.00416	0.00208	0.00341
19	0.00645	0.00710	0.12755	0.00747	0.05094	0.00524	0.04820	0.02405	0.01058	0.01501	0.60115	0.02405	0.04272	0.00689	0.00444	0.00124	0.00286	0.00613	0.00367	0.00426
20	0.00797	0.05021	0.78263	0.01082	0.01645	0.00920	0.01385	0.01230	0.00826	0.01231	0.00698	0.00820	0.00500	0.00368	0.00365	0.00120	0.00563	0.00285	0.00168	0.03712
21	0.00844	0.00717	0.00841	0.00634	0.02766	0.00563	0.00492	0.05177	0.00869	0.01335	0.00775	0.00882	0.02239	0.00315	0.00301	0.00064	0.00300	0.00253	0.00242	0.80392
22	0.00907	0.12144	0.32637	0.01020	0.06719	0.00934	0.05824	0.08066	0.08365	0.03230	0.06762	0.05433	0.00939	0.00459	0.00377	0.00118	0.00454	0.00385	0.00249	0.04978
23	0.00785	0.00693	0.01106	0.40715	0.05516	0.00775	0.06837	0.03031	0.05219	0.02682	0.00849	0.01146	0.00682	0.00915	0.17869	0.00226	0.00598	0.00365	0.00214	0.09778
24	0.02703	0.00824	0.02253	0.04314	0.22587	0.01746	0.12724	0.04092	0.08582	0.09272	0.07681	0.03774	0.01031	0.01770	0.00419	0.00119	0.00410	0.01480	0.00281	0.13938

[dist]
# distance from previous block
# <min> <max>
20	57

[block]
# block no. 7 follows, 69 sequences, length 14
# corresponding to MSA columns:
# 710-723
name=unknown_H
#
# <colnr> <probs for GDERKNQSTAVLIFYWHMCP>
#	G	D	E	R	K	N	Q	S	T	A	V	L	I	F	Y	W	H	M	C	P
0	0.04105	0.03340	0.14645	0.02731	0.04490	0.07865	0.04138	0.32325	0.13068	0.04106	0.00957	0.01051	0.00724	0.04164	0.00451	0.00131	0.00463	0.00354	0.00306	0.00586
1	0.03370	0.01095	0.00975	0.02108	0.03893	0.27312	0.00659	0.12700	0.05934	0.18599	0.04340	0.06287	0.00964	0.04238	0.00492	0.00130	0.04070	0.00399	0.00319	0.02116
2	0.00624	0.00397	0.00463	0.00458	0.00477	0.00395	0.00276	0.00642	0.00610	0.04399	0.01279	0.02560	0.01427	0.76442	0.04326	0.00368	0.00397	0.03943	0.00253	0.00265
3	0.08642	0.00738	0.04517	0.03578	0.15721	0.00717	0.05791	0.07978	0.04781	0.04312	0.09619	0.19496	0.03132	0.00758	0.03919	0.00154	0.02632	0.02736	0.00302	0.00477
4	0.71765	0.00776	0.00636	0.00568	0.00797	0.02650	0.00461	0.04475	0.04112	0.03341	0.00703	0.04364	0.00581	0.00460	0.01604	0.00132	0.01596	0.00276	0.00263	0.00442
5	0.21736	0.03270	0.16529	0.02839	0.05978	0.00933	0.05758	0.15215	0.11595	0.05248	0.02797	0.03228	0.02335	0.00452	0.00360	0.00124	0.00412	0.00361	0.00285	0.00545
6	0.88991	0.00758	0.00576	0.00516	0.00758	0.00879	0.00425	0.01152	0.00667	0.01759	0.00546	0.00637	0.00425	0.00364	0.00243	0.00121	0.00303	0.00212	0.00243	0.00425
7	0.00934	0.01079	0.06902	0.05474	0.01721	0.05498	0.46233	0.04274	0.04349	0.01228	0.00812	0.03881	0.00663	0.00443	0.00580	0.00137	0.14639	0.00432	0.00212	0.00509
8	0.00998	0.00923	0.01332	0.19938	0.41554	0.04233	0.01024	0.10338	0.13109	0.01393	0.00873	0.01046	0.00685	0.00401	0.00390	0.00121	0.00461	0.00360	0.00242	0.00579
9	0.00484	0.00353	0.00457	0.00538	0.00576	0.00326	0.00370	0.00561	0.00774	0.01016	0.02363	0.72609	0.11809	0.01194	0.00498	0.00157	0.00231	0.04999	0.00364	0.00322
10	0.14868	0.01096	0.01033	0.03351	0.06912	0.17483	0.00703	0.32837	0.04676	0.07196	0.03920	0.02534	0.00779	0.00460	0.00366	0.00117	0.00447	0.00345	0.00319	0.00559
11	0.56658	0.00814	0.00765	0.00730	0.06826	0.02965	0.00540	0.08157	0.04942	0.09489	0.00772	0.02193	0.00591	0.00405	0.00296	0.00120	0.00338	0.00279	0.00283	0.02837
12	0.04805	0.00893	0.01431	0.13923	0.59923	0.00933	0.01102	0.07821	0.00946	0.01357	0.00772	0.01046	0.00641	0.00383	0.00386	0.00120	0.00461	0.02259	0.00214	0.00584
13	0.09992	0.00913	0.04719	0.06250	0.38723	0.03248	0.02442	0.05757	0.02657	0.09002	0.05130	0.01061	0.00790	0.00397	0.00371	0.00115	0.00422	0.00348	0.00254	0.07410

[dist]
# distance from previous block
# <min> <max>
7	44

[block]
# block no. 8 follows, 69 sequences, length 30
# corresponding to MSA columns:
# 784-813
name=unknown_I
#
# <colnr> <probs for GDERKNQSTAVLIFYWHMCP>
#	G	D	E	R	K	N	Q	S	T	A	V	L	I	F	Y	W	H	M	C	P
0	0.02934	0.15099	0.07026	0.13609	0.04545	0.10424	0.03622	0.11594	0.17559	0.06425	0.01954	0.01060	0.00758	0.00434	0.00366	0.00117	0.00457	0.01193	0.00275	0.00548
1	0.12414	0.02385	0.05441	0.04678	0.10083	0.21169	0.09060	0.04512	0.11348	0.12618	0.00906	0.00972	0.00674	0.00411	0.00367	0.00117	0.00490	0.00331	0.00273	0.01748
2	0.20297	0.06149	0.10243	0.00660	0.02028	0.02236	0.00586	0.07817	0.01837	0.06352	0.20135	0.01545	0.07523	0.00527	0.00357	0.00114	0.00323	0.00416	0.03351	0.07505
3	0.00935	0.04263	0.00876	0.00598	0.00941	0.00572	0.00486	0.01105	0.00849	0.11125	0.00792	0.00867	0.00624	0.00315	0.00301	0.00067	0.00301	0.00251	0.00260	0.74472
4	0.06276	0.00701	0.01069	0.01992	0.01124	0.00642	0.15300	0.03160	0.01014	0.37934	0.09402	0.06135	0.01246	0.00533	0.00409	0.00123	0.00373	0.04328	0.00374	0.07864
5	0.01031	0.00801	0.00938	0.10840	0.05449	0.07579	0.00621	0.01209	0.00892	0.15645	0.00839	0.00931	0.00637	0.00349	0.00331	0.00084	0.00369	0.00282	0.00265	0.50906
6	0.00519	0.00383	0.00491	0.00567	0.00606	0.00373	0.00385	0.00674	0.07585	0.01054	0.02114	0.78950	0.02477	0.01170	0.00492	0.00157	0.00234	0.01059	0.00367	0.00344
7	0.01069	0.17517	0.01240	0.28762	0.01586	0.22814	0.00798	0.02130	0.03145	0.07919	0.02888	0.01106	0.05314	0.00444	0.00374	0.00114	0.01738	0.00338	0.00231	0.00473
8	0.00478	0.00347	0.00452	0.00532	0.00566	0.00321	0.00359	0.00552	0.00772	0.01021	0.04452	0.76959	0.09349	0.01197	0.00496	0.00156	0.00224	0.01080	0.00366	0.00321
9	0.02017	0.00747	0.02560	0.00633	0.00973	0.00591	0.01664	0.02306	0.07668	0.04220	0.00804	0.00888	0.00643	0.00323	0.00308	0.00071	0.00307	0.00261	0.00256	0.72760
10	0.00806	0.08525	0.13371	0.00701	0.02310	0.00715	0.00613	0.04043	0.08580	0.02697	0.01001	0.04323	0.00944	0.24282	0.03083	0.00192	0.02059	0.00400	0.00246	0.21110
11	0.57996	0.01073	0.00805	0.00806	0.07774	0.23554	0.00579	0.01268	0.00806	0.01503	0.00578	0.00684	0.00463	0.00374	0.00285	0.00115	0.00426	0.00235	0.00228	0.00449
12	0.01030	0.00991	0.01688	0.01681	0.30022	0.02878	0.30603	0.08106	0.11566	0.03882	0.00901	0.01065	0.00694	0.00390	0.00440	0.00126	0.02706	0.00402	0.00247	0.00584
13	0.00483	0.00352	0.00454	0.00528	0.00563	0.00328	0.00356	0.00554	0.00753	0.00993	0.02270	0.70655	0.10977	0.05118	0.03470	0.00183	0.00260	0.01036	0.00353	0.00317
14	0.00570	0.00382	0.00436	0.00436	0.00439	0.00385	0.00248	0.00576	0.00573	0.00766	0.01228	0.02523	0.01407	0.82756	0.05436	0.00390	0.00408	0.00564	0.00236	0.00242
15	0.00558	0.00375	0.00431	0.00443	0.00447	0.00372	0.00255	0.00567	0.00594	0.00792	0.01360	0.13778	0.01582	0.74796	0.01794	0.00350	0.00360	0.00643	0.00255	0.00248
16	0.88991	0.00758	0.00576	0.00516	0.00758	0.00879	0.00425	0.01152	0.00667	0.01759	0.00546	0.00637	0.00425	0.00364	0.00243	0.00121	0.00303	0.00212	0.00243	0.00425
17	0.00571	0.00395	0.00515	0.00515	0.00544	0.00423	0.00346	0.00621	0.00592	0.00818	0.01132	0.02077	0.01206	0.47825	0.35992	0.04774	0.00654	0.00497	0.00223	0.00281
18	0.00951	0.05710	0.28341	0.00959	0.06981	0.10003	0.00902	0.01207	0.00864	0.05644	0.00723	0.00837	0.00562	0.00362	0.00372	0.00098	0.03685	0.00273	0.00212	0.31313
19	0.00521	0.00406	0.00488	0.00480	0.00588	0.00369	0.00362	0.00657	0.00933	0.01234	0.32404	0.08222	0.36407	0.01139	0.09780	0.00185	0.00296	0.02810	0.00369	0.02350
20	0.00806	0.00664	0.01002	0.04742	0.28445	0.00653	0.03172	0.03461	0.04253	0.05225	0.29837	0.02017	0.11505	0.00599	0.00424	0.00122	0.00329	0.00537	0.00324	0.01884
21	0.00824	0.00665	0.00790	0.00625	0.00894	0.03025	0.02571	0.00994	0.02520	0.06295	0.01086	0.19407	0.01054	0.00516	0.00351	0.00089	0.00302	0.00445	0.00278	0.57268
22	0.00675	0.00516	0.00649	0.00565	0.00740	0.00452	0.00430	0.00818	0.00837	0.03690	0.17845	0.17881	0.03867	0.03014	0.12257	0.00184	0.01725	0.00555	0.00305	0.32994
23	0.04164	0.07104	0.04527	0.06067	0.43624	0.00947	0.03920	0.05063	0.09715	0.01355	0.02515	0.01015	0.00718	0.00381	0.00371	0.00113	0.00433	0.00345	0.00231	0.07391
24	0.05768	0.02115	0.04405	0.01041	0.15919	0.03152	0.02916	0.07270	0.15003	0.14044	0.01108	0.01135	0.03611	0.00421	0.00362	0.00107	0.00375	0.00351	0.00304	0.20593
25	0.00983	0.09857	0.19712	0.05057	0.17424	0.01917	0.02421	0.11265	0.02102	0.05115	0.00881	0.02402	0.02812	0.00406	0.00373	0.00108	0.01583	0.00333	0.00238	0.15012
26	0.02860	0.08910	0.23513	0.01036	0.10221	0.11048	0.02025	0.05245	0.03019	0.16472	0.04953	0.01037	0.00794	0.00452	0.01560	0.00120	0.00476	0.00331	0.00268	0.05663
27	0.06749	0.26547	0.16532	0.00886	0.02310	0.03432	0.09866	0.04655	0.04674	0.11564	0.04068	0.01037	0.02974	0.00413	0.00346	0.00110	0.00443	0.00332	0.00253	0.02807
28	0.02072	0.18541	0.14088	0.03593	0.23613	0.08538	0.02509	0.09949	0.02667	0.03056	0.00733	0.00858	0.00583	0.00371	0.00348	0.00106	0.00475	0.00298	0.00220	0.07382
29	0.09750	0.20906	0.24175	0.04500	0.07908	0.01026	0.05319	0.05873	0.03103	0.07498	0.00833	0.00923	0.02460	0.00389	0.00341	0.00112	0.00454	0.00306	0.00228	0.03896

[dist]
# distance from previous block
# <min> <max>
9	26

[block]
# block no. 9 follows, 69 sequences, length 9
# corresponding to MSA columns:
# 848-850,858-863
name=unknown_J
#
# <colnr> <probs for GDERKNQSTAVLIFYWHMCP>
#	G	D	E	R	K	N	Q	S	T	A	V	L	I	F	Y	W	H	M	C	P
0	0.88991	0.00758	0.00576	0.00516	0.00758	0.00879	0.00425	0.01152	0.00667	0.01759	0.00546	0.00637	0.00425	0.00364	0.00243	0.00121	0.00303	0.00212	0.00243	0.00425
1	0.01055	0.01099	0.01750	0.01354	0.04473	0.14707	0.47653	0.04218	0.04536	0.06305	0.03616	0.01156	0.02303	0.00484	0.03346	0.00142	0.00608	0.00429	0.00243	0.00522
2	0.10939	0.00894	0.00949	0.04562	0.01121	0.01018	0.00660	0.27597	0.41335	0.01874	0.01246	0.01289	0.00948	0.00507	0.00384	0.00128	0.00359	0.03226	0.00368	0.00596
3	0.00486	0.00348	0.00463	0.00540	0.00571	0.00324	0.00365	0.00568	0.00791	0.01065	0.11245	0.76701	0.02716	0.01181	0.00496	0.00155	0.00223	0.01069	0.00371	0.00324
4	0.00950	0.00879	0.01156	0.48307	0.08020	0.07279	0.00953	0.12213	0.13808	0.01317	0.00866	0.01065	0.00653	0.00422	0.00390	0.00126	0.00487	0.00357	0.00242	0.00510
5	0.39412	0.02507	0.02245	0.03488	0.10987	0.02595	0.06470	0.05054	0.02003	0.05855	0.02645	0.10364	0.00837	0.00478	0.00338	0.00123	0.00367	0.00385	0.00267	0.03581
6	0.13776	0.00902	0.01091	0.20277	0.10999	0.03553	0.00811	0.26329	0.07082	0.05750	0.02297	0.01006	0.00690	0.00439	0.00401	0.00124	0.03288	0.00343	0.00290	0.00551
7	0.10945	0.00872	0.01106	0.05201	0.19297	0.06580	0.05229	0.08302	0.09033	0.15575	0.05161	0.04061	0.00925	0.00457	0.00378	0.00118	0.00404	0.00389	0.00306	0.05661
8	0.03479	0.02245	0.01198	0.16759	0.36909	0.00804	0.00911	0.01188	0.06538	0.06770	0.07127	0.01399	0.03661	0.00461	0.00392	0.00120	0.00407	0.03786	0.00257	0.05588

[dist]
# distance from previous block
# <min> <max>
0	97

# created by:
# /home/cegg/simao/soft/augustus-3.2.1/scripts/msa2prfl.pl ./align_prep/EOG092C4VXI.fa
