[name]
unknown

[dist]
# distance from previous block
# <min> <max>
0	4

[block]
# block no. 0 follows, 70 sequences, length 9
# corresponding to MSA columns:
# 4-12
name=unknown_A
#
# <colnr> <probs for GDERKNQSTAVLIFYWHMCP>
#	G	D	E	R	K	N	Q	S	T	A	V	L	I	F	Y	W	H	M	C	P
0	0.13816	0.13047	0.00998	0.00686	0.00940	0.02397	0.00580	0.14614	0.04175	0.25276	0.08169	0.01493	0.01122	0.00524	0.00366	0.00119	0.00349	0.08782	0.00355	0.02190
1	0.00819	0.00697	0.00720	0.00671	0.00820	0.05362	0.00508	0.09697	0.29316	0.01377	0.05208	0.18086	0.14186	0.05986	0.00541	0.00150	0.02065	0.02971	0.00357	0.00464
2	0.00499	0.00386	0.00455	0.00455	0.00553	0.00342	0.00335	0.00629	0.00955	0.01257	0.38022	0.15182	0.37668	0.00934	0.00463	0.00131	0.00195	0.00809	0.00389	0.00342
3	0.01448	0.01848	0.01099	0.00999	0.01199	0.84819	0.00749	0.01548	0.01099	0.00949	0.00599	0.00699	0.00499	0.00400	0.00350	0.00100	0.00699	0.00250	0.00200	0.00449
4	0.00481	0.00394	0.00424	0.00416	0.00537	0.00337	0.00312	0.00600	0.00937	0.01174	0.23828	0.03523	0.63820	0.00935	0.00458	0.00129	0.00193	0.00789	0.00377	0.00337
5	0.20314	0.00747	0.00894	0.45444	0.01754	0.07925	0.00771	0.01057	0.00783	0.01228	0.00744	0.00984	0.00573	0.00393	0.00332	0.00118	0.00429	0.00310	0.14783	0.00418
6	0.13464	0.00741	0.01101	0.59921	0.08572	0.00888	0.00960	0.05288	0.03285	0.01213	0.00710	0.00977	0.00538	0.00389	0.00366	0.00126	0.00470	0.00328	0.00201	0.00461
7	0.01073	0.67259	0.08904	0.00749	0.01082	0.13419	0.00741	0.01222	0.00835	0.00944	0.00561	0.00650	0.00497	0.00345	0.00273	0.00089	0.00469	0.00220	0.00171	0.00497
8	0.00855	0.00946	0.12681	0.00693	0.00893	0.17817	0.00610	0.01053	0.01049	0.07772	0.44900	0.02061	0.05836	0.00635	0.00417	0.00118	0.00357	0.00530	0.00344	0.00434

[dist]
# distance from previous block
# <min> <max>
0	1

[block]
# block no. 1 follows, 70 sequences, length 58
# corresponding to MSA columns:
# 14-71
name=unknown_B
#
# <colnr> <probs for GDERKNQSTAVLIFYWHMCP>
#	G	D	E	R	K	N	Q	S	T	A	V	L	I	F	Y	W	H	M	C	P
0	0.04345	0.13031	0.02877	0.02379	0.11532	0.06201	0.02142	0.12373	0.22581	0.04716	0.00964	0.02038	0.00760	0.00455	0.00440	0.00118	0.08144	0.00346	0.00282	0.04274
1	0.01036	0.86609	0.02032	0.00663	0.00995	0.01534	0.00663	0.01161	0.00788	0.00912	0.00539	0.00622	0.00498	0.00332	0.00249	0.00083	0.00415	0.00207	0.00166	0.00498
2	0.00977	0.00773	0.00967	0.02282	0.13686	0.04153	0.01592	0.05999	0.00943	0.10455	0.05449	0.01143	0.00856	0.00392	0.00344	0.00089	0.00349	0.03316	0.00274	0.45961
3	0.00573	0.00390	0.00446	0.00441	0.00441	0.00401	0.00254	0.00575	0.00565	0.00757	0.01200	0.02485	0.01382	0.83730	0.01952	0.00369	0.03008	0.00557	0.00233	0.00241
4	0.00565	0.00431	0.00644	0.00638	0.00704	0.00511	0.00498	0.00701	0.00622	0.00901	0.01019	0.01498	0.00952	0.02825	0.81735	0.00606	0.04182	0.00413	0.00206	0.00349
5	0.00732	0.00689	0.01163	0.85444	0.02670	0.00861	0.01077	0.00991	0.00775	0.00991	0.00689	0.01034	0.00517	0.00388	0.00388	0.00129	0.00517	0.00345	0.00172	0.00431
6	0.00554	0.00415	0.00623	0.00623	0.00692	0.00485	0.00485	0.00692	0.00623	0.00900	0.01038	0.01523	0.00969	0.02908	0.84839	0.00623	0.01038	0.00415	0.00208	0.00346
7	0.00928	0.00889	0.01516	0.13971	0.72614	0.00913	0.01174	0.01162	0.00868	0.01228	0.00724	0.00970	0.00601	0.00351	0.00384	0.00117	0.00468	0.00345	0.00189	0.00588
8	0.00625	0.00446	0.00625	0.00714	0.00803	0.00446	0.00625	0.00803	0.00892	0.01160	0.02053	0.04373	0.02231	0.01071	0.00535	0.00178	0.00357	0.81348	0.00357	0.00357
9	0.00801	0.03808	0.33697	0.00786	0.01220	0.00698	0.00848	0.01081	0.00809	0.01239	0.00687	0.00804	0.00539	0.00320	0.00318	0.00084	0.00403	0.00251	0.00202	0.51405
10	0.00803	0.00679	0.01026	0.30207	0.14075	0.00695	0.02409	0.03506	0.00869	0.04269	0.08014	0.10310	0.01056	0.00487	0.00384	0.00113	0.00390	0.00436	0.00249	0.20023
11	0.00471	0.00357	0.00436	0.00498	0.00555	0.00321	0.00345	0.00550	0.00789	0.01011	0.02685	0.59088	0.27520	0.01140	0.00484	0.00150	0.00219	0.02700	0.00360	0.00320
12	0.00845	0.00922	0.03038	0.01341	0.01663	0.00868	0.58612	0.01218	0.09949	0.01252	0.02329	0.09226	0.05849	0.00478	0.00453	0.00133	0.00540	0.00538	0.00246	0.00500
13	0.01273	0.00834	0.00935	0.00764	0.01023	0.00889	0.00615	0.29380	0.27711	0.21342	0.04550	0.01442	0.06391	0.00534	0.00398	0.00123	0.00341	0.00431	0.00411	0.00612
14	0.00960	0.00921	0.01574	0.02380	0.83957	0.00921	0.01190	0.01190	0.00883	0.01267	0.00729	0.00960	0.00614	0.00345	0.00384	0.00115	0.00461	0.00345	0.00192	0.00614
15	0.00512	0.00414	0.00458	0.00443	0.00565	0.00370	0.00334	0.00685	0.04740	0.01247	0.31090	0.03341	0.52626	0.00896	0.00455	0.00128	0.00197	0.00761	0.00384	0.00354
16	0.00778	0.02005	0.84367	0.01105	0.01678	0.00900	0.01432	0.01228	0.00818	0.01228	0.00696	0.00818	0.00491	0.00368	0.00368	0.00123	0.00573	0.00286	0.00164	0.00573
17	0.89114	0.00750	0.00570	0.00510	0.00750	0.00870	0.00420	0.01140	0.00660	0.01739	0.00540	0.00630	0.00420	0.00360	0.00240	0.00120	0.00300	0.00210	0.00240	0.00420
18	0.00882	0.00842	0.01434	0.30643	0.56298	0.00901	0.01151	0.01122	0.00846	0.01173	0.00716	0.00985	0.00581	0.00360	0.00385	0.00120	0.00480	0.00345	0.00185	0.00552
19	0.89114	0.00750	0.00570	0.00510	0.00750	0.00870	0.00420	0.01140	0.00660	0.01739	0.00540	0.00630	0.00420	0.00360	0.00240	0.00120	0.00300	0.00210	0.00240	0.00420
20	0.01448	0.01848	0.01099	0.00999	0.01199	0.84819	0.00749	0.01548	0.01099	0.00949	0.00599	0.00699	0.00499	0.00400	0.00350	0.00100	0.00699	0.00250	0.00200	0.00449
21	0.89114	0.00750	0.00570	0.00510	0.00750	0.00870	0.00420	0.01140	0.00660	0.01739	0.00540	0.00630	0.00420	0.00360	0.00240	0.00120	0.00300	0.00210	0.00240	0.00420
22	0.00458	0.00393	0.00393	0.00393	0.00524	0.00327	0.00295	0.00556	0.00884	0.01047	0.03927	0.03731	0.83800	0.00982	0.00458	0.00131	0.00196	0.00818	0.00360	0.00327
23	0.00960	0.00921	0.01574	0.02380	0.83957	0.00921	0.01190	0.01190	0.00883	0.01267	0.00729	0.00960	0.00614	0.00345	0.00384	0.00115	0.00461	0.00345	0.00192	0.00614
24	0.00988	0.00845	0.00890	0.00794	0.01017	0.00975	0.00619	0.05806	0.79472	0.01660	0.01548	0.01422	0.01159	0.00523	0.00394	0.00131	0.00312	0.00434	0.00394	0.00616
25	0.00826	0.00468	0.00614	0.00542	0.00684	0.00430	0.00419	0.01030	0.03636	0.19918	0.62955	0.02501	0.02982	0.00715	0.00440	0.00122	0.00219	0.00624	0.00438	0.00439
26	0.00506	0.00388	0.00457	0.00451	0.00552	0.00345	0.00334	0.00643	0.00969	0.01286	0.41237	0.11445	0.36808	0.00908	0.00458	0.00129	0.00193	0.00784	0.01762	0.00345
27	0.00647	0.00496	0.00614	0.00533	0.00704	0.00422	0.00406	0.00824	0.02348	0.02609	0.40255	0.13099	0.03966	0.00683	0.00406	0.00107	0.00230	0.02124	0.00351	0.29173
28	0.01448	0.01848	0.01099	0.00999	0.01199	0.84819	0.00749	0.01548	0.01099	0.00949	0.00599	0.00699	0.00499	0.00400	0.00350	0.00100	0.00699	0.00250	0.00200	0.00449
29	0.02299	0.00404	0.00526	0.00579	0.00651	0.00388	0.00440	0.00716	0.02417	0.03353	0.14271	0.42205	0.06649	0.01052	0.00489	0.00154	0.00258	0.22426	0.00371	0.00351
30	0.02936	0.01006	0.02205	0.00827	0.01115	0.06649	0.00682	0.48172	0.07057	0.16887	0.03572	0.01134	0.00850	0.00481	0.00385	0.00117	0.00406	0.01898	0.00382	0.03240
31	0.02213	0.39100	0.12703	0.00831	0.01175	0.08534	0.01866	0.24777	0.03003	0.01431	0.00705	0.00769	0.00560	0.00386	0.00320	0.00102	0.00463	0.00271	0.00239	0.00552
32	0.00530	0.00396	0.00492	0.00468	0.00568	0.00358	0.00351	0.00695	0.01053	0.01448	0.67027	0.03071	0.20450	0.00832	0.00457	0.00124	0.00186	0.00726	0.00413	0.00358
33	0.01722	0.00688	0.00917	0.00703	0.01004	0.00612	0.00581	0.07235	0.01157	0.78813	0.01490	0.01294	0.00940	0.00479	0.00390	0.00120	0.00336	0.00387	0.00474	0.00660
34	0.02650	0.00869	0.01420	0.41805	0.11538	0.05602	0.18203	0.02067	0.00852	0.05413	0.00742	0.01004	0.00564	0.00392	0.00446	0.00128	0.05257	0.00363	0.00201	0.00486
35	0.01590	0.00845	0.01081	0.00822	0.01131	0.00835	0.05382	0.32700	0.01371	0.48186	0.01258	0.01155	0.00823	0.00465	0.00393	0.00119	0.00386	0.00378	0.00428	0.00652
36	0.00472	0.00337	0.00450	0.00540	0.00562	0.00315	0.00360	0.00540	0.00742	0.00990	0.02137	0.86122	0.02564	0.01215	0.00495	0.00157	0.00225	0.01102	0.00360	0.00315
37	0.12456	0.01052	0.00969	0.00790	0.01061	0.20144	0.00634	0.21618	0.02428	0.33467	0.01046	0.00997	0.00716	0.00444	0.00362	0.00115	0.00435	0.00326	0.00362	0.00581
38	0.00732	0.00689	0.01163	0.85444	0.02670	0.00861	0.01077	0.00991	0.00775	0.00991	0.00689	0.01034	0.00517	0.00388	0.00388	0.00129	0.00517	0.00345	0.00172	0.00431
39	0.00840	0.06032	0.00892	0.00590	0.00933	0.00602	0.00481	0.03605	0.00836	0.01279	0.00687	0.00797	0.00572	0.00296	0.00288	0.00061	0.00299	0.00232	0.00231	0.80448
40	0.16383	0.00705	0.00783	0.00596	0.00904	0.00619	0.00481	0.02322	0.05523	0.14012	0.02025	0.00920	0.00685	0.00352	0.00304	0.00084	0.00297	0.00271	0.00284	0.52451
41	0.02285	0.03251	0.02892	0.00773	0.01054	0.05991	0.02345	0.18828	0.12819	0.28804	0.01258	0.03547	0.02120	0.00491	0.00380	0.00115	0.00376	0.02593	0.00372	0.09705
42	0.00560	0.00424	0.00634	0.00631	0.00699	0.00498	0.00492	0.00697	0.00622	0.00901	0.01028	0.01510	0.00960	0.02864	0.83188	0.00614	0.02710	0.00414	0.00207	0.00348
43	0.00607	0.00480	0.00574	0.00527	0.00674	0.00430	0.00394	0.00826	0.07673	0.01306	0.30769	0.19973	0.14361	0.00782	0.00425	0.00118	0.00226	0.00683	0.00359	0.18815
44	0.00643	0.00535	0.00579	0.00547	0.00697	0.00541	0.00420	0.01078	0.27124	0.01340	0.19926	0.02846	0.38482	0.00799	0.00440	0.00130	0.00233	0.02828	0.00385	0.00427
45	0.00960	0.00921	0.01574	0.02380	0.83957	0.00921	0.01190	0.01190	0.00883	0.01267	0.00729	0.00960	0.00614	0.00345	0.00384	0.00115	0.00461	0.00345	0.00192	0.00614
46	0.00557	0.00403	0.00560	0.00560	0.00607	0.00450	0.00405	0.00652	0.00604	0.00853	0.01097	0.01845	0.01109	0.29393	0.58545	0.00545	0.00828	0.00462	0.00216	0.00311
47	0.00564	0.00376	0.00423	0.00423	0.00423	0.00376	0.00235	0.00564	0.00564	0.00752	0.01222	0.02537	0.01409	0.86375	0.01973	0.00376	0.00376	0.00564	0.00235	0.00235
48	0.86468	0.00747	0.00580	0.00515	0.00757	0.00861	0.00424	0.01162	0.00673	0.04237	0.00570	0.00651	0.00436	0.00364	0.00244	0.00120	0.00301	0.00215	0.00247	0.00427
49	0.00656	0.00425	0.00474	0.00455	0.00499	0.00439	0.00295	0.05498	0.00704	0.01024	0.01247	0.02145	0.02847	0.55082	0.05014	0.00298	0.01847	0.00500	0.20253	0.00298
50	0.00778	0.02005	0.84367	0.01105	0.01678	0.00900	0.01432	0.01228	0.00818	0.01228	0.00696	0.00818	0.00491	0.00368	0.00368	0.00123	0.00573	0.00286	0.00164	0.00573
51	0.00472	0.00339	0.00449	0.00536	0.00561	0.00315	0.00358	0.00540	0.00745	0.00991	0.02178	0.84239	0.04421	0.01209	0.00494	0.00157	0.00224	0.01096	0.00360	0.00315
52	0.89114	0.00750	0.00570	0.00510	0.00750	0.00870	0.00420	0.01140	0.00660	0.01739	0.00540	0.00630	0.00420	0.00360	0.00240	0.00120	0.00300	0.00210	0.00240	0.00420
53	0.01724	0.00663	0.00899	0.00692	0.00990	0.00578	0.00571	0.01893	0.02789	0.82537	0.01530	0.01322	0.00964	0.00481	0.00390	0.00120	0.00329	0.00391	0.00478	0.00659
54	0.00907	0.01030	0.02243	0.01609	0.01993	0.00966	0.80357	0.01230	0.00914	0.01240	0.00818	0.01135	0.00632	0.00347	0.00460	0.00132	0.00646	0.02622	0.00200	0.00518
55	0.00994	0.00788	0.00854	0.00758	0.00973	0.00890	0.00592	0.04367	0.67661	0.07219	0.09137	0.01556	0.01381	0.00546	0.00400	0.00129	0.00301	0.00457	0.00403	0.00595
56	0.01242	0.01267	0.01096	0.03224	0.03939	0.34266	0.04854	0.20645	0.14156	0.03023	0.01131	0.01161	0.07325	0.00477	0.00383	0.00114	0.00511	0.00367	0.00292	0.00528
57	0.01994	0.02851	0.00630	0.00555	0.00705	0.01533	0.00422	0.03553	0.17461	0.07563	0.03444	0.07866	0.30161	0.11686	0.00619	0.00160	0.00281	0.03828	0.03220	0.01470

[dist]
# distance from previous block
# <min> <max>
0	4

[block]
# block no. 2 follows, 70 sequences, length 40
# corresponding to MSA columns:
# 77-108,110-117
name=unknown_C
#
# <colnr> <probs for GDERKNQSTAVLIFYWHMCP>
#	G	D	E	R	K	N	Q	S	T	A	V	L	I	F	Y	W	H	M	C	P
0	0.01024	0.77351	0.09110	0.00709	0.01059	0.03407	0.00732	0.01176	0.00798	0.00940	0.00554	0.00641	0.00497	0.00336	0.00261	0.00087	0.00435	0.00215	0.00166	0.00503
1	0.00732	0.00689	0.01163	0.85444	0.02670	0.00861	0.01077	0.00991	0.00775	0.00991	0.00689	0.01034	0.00517	0.00388	0.00388	0.00129	0.00517	0.00345	0.00172	0.00431
2	0.00608	0.00394	0.00583	0.00579	0.00620	0.00441	0.00429	0.00630	0.00581	0.00824	0.00899	0.01399	0.00859	0.03992	0.48599	0.33297	0.02702	0.00387	0.01898	0.00280
3	0.00462	0.00379	0.00407	0.00430	0.00534	0.00324	0.00311	0.00552	0.00848	0.01033	0.03471	0.24739	0.63087	0.01041	0.00468	0.00138	0.00204	0.00891	0.00360	0.00324
4	0.00509	0.00393	0.00465	0.00451	0.00556	0.00348	0.00337	0.00654	0.00999	0.01330	0.48609	0.05970	0.36213	0.00883	0.00459	0.00127	0.00190	0.00762	0.00397	0.00348
5	0.01448	0.01848	0.01099	0.00999	0.01199	0.84819	0.00749	0.01548	0.01099	0.00949	0.00599	0.00699	0.00499	0.00400	0.00350	0.00100	0.00699	0.00250	0.00200	0.00449
6	0.89114	0.00750	0.00570	0.00510	0.00750	0.00870	0.00420	0.01140	0.00660	0.01739	0.00540	0.00630	0.00420	0.00360	0.00240	0.00120	0.00300	0.00210	0.00240	0.00420
7	0.01486	0.02995	0.03672	0.00710	0.00994	0.00624	0.02719	0.06202	0.01125	0.60951	0.12928	0.01476	0.01283	0.00511	0.00396	0.00119	0.00333	0.00425	0.00441	0.00608
8	0.00848	0.00848	0.01187	0.01018	0.01018	0.01187	0.00848	0.00933	0.00594	0.00933	0.00509	0.00848	0.00509	0.00679	0.01272	0.00170	0.85666	0.00339	0.00170	0.00424
9	0.00968	0.47705	0.25753	0.00908	0.01312	0.02475	0.09594	0.03889	0.02157	0.01100	0.00641	0.00748	0.00522	0.00350	0.00314	0.00102	0.00488	0.00266	0.00180	0.00528
10	0.02600	0.00687	0.00937	0.00717	0.01013	0.00605	0.04511	0.04791	0.02295	0.59001	0.04058	0.03057	0.00997	0.00471	0.00382	0.00113	0.00336	0.00393	0.00420	0.12617
11	0.07494	0.10600	0.05740	0.00781	0.01077	0.15216	0.00671	0.16367	0.06159	0.23658	0.01015	0.00995	0.01829	0.00429	0.00350	0.00109	0.00425	0.00318	0.00322	0.06445
12	0.00892	0.00974	0.09978	0.24762	0.51255	0.00910	0.01172	0.03264	0.00871	0.01218	0.00720	0.00964	0.00576	0.00362	0.00383	0.00120	0.00487	0.00339	0.00189	0.00561
13	0.00477	0.00340	0.00455	0.00545	0.00569	0.00319	0.00367	0.00547	0.00746	0.00994	0.02134	0.83821	0.02555	0.01211	0.00496	0.00158	0.00229	0.03361	0.00360	0.00316
14	0.00867	0.00952	0.01991	0.23747	0.02196	0.00949	0.61053	0.01176	0.00878	0.01176	0.00759	0.01043	0.00569	0.00343	0.00439	0.00130	0.00618	0.00428	0.00190	0.00499
15	0.02522	0.54436	0.27682	0.00813	0.01214	0.03540	0.00903	0.03074	0.00827	0.01062	0.00599	0.00693	0.00498	0.00349	0.00292	0.00097	0.00470	0.00236	0.00173	0.00522
16	0.00707	0.00526	0.00665	0.00640	0.00737	0.00570	0.00484	0.10466	0.06281	0.03500	0.09569	0.32654	0.05491	0.01335	0.18507	0.00245	0.06188	0.00701	0.00330	0.00404
17	0.00472	0.00337	0.00450	0.00540	0.00562	0.00315	0.00360	0.00540	0.00742	0.00990	0.02137	0.86122	0.02564	0.01215	0.00495	0.00157	0.00225	0.01102	0.00360	0.00315
18	0.01021	0.83774	0.01985	0.00662	0.00985	0.01499	0.00657	0.01145	0.00782	0.00912	0.00555	0.00652	0.00513	0.00416	0.03031	0.00101	0.00435	0.00214	0.00167	0.00493
19	0.66474	0.00714	0.00604	0.00537	0.00756	0.00809	0.00435	0.05509	0.04147	0.01735	0.12862	0.01058	0.02194	0.00445	0.00289	0.00121	0.00288	0.00308	0.00283	0.00431
20	0.00564	0.00376	0.00423	0.00423	0.00423	0.00376	0.00235	0.00564	0.00564	0.00752	0.01222	0.02537	0.01409	0.86375	0.01973	0.00376	0.00376	0.00564	0.00235	0.00235
21	0.00458	0.00393	0.00393	0.00393	0.00524	0.00327	0.00295	0.00556	0.00884	0.01047	0.03927	0.03731	0.83800	0.00982	0.00458	0.00131	0.00196	0.00818	0.00360	0.00327
22	0.01238	0.16755	0.08337	0.02436	0.05263	0.31881	0.02285	0.11929	0.08244	0.05854	0.01785	0.00876	0.00649	0.00409	0.00350	0.00107	0.00526	0.00298	0.00249	0.00530
23	0.00933	0.00894	0.01526	0.11981	0.74561	0.00914	0.01177	0.01167	0.00870	0.01235	0.00725	0.00968	0.00603	0.00350	0.00384	0.00117	0.00467	0.00345	0.00190	0.00593
24	0.00563	0.00378	0.00435	0.00435	0.00439	0.00382	0.00250	0.00571	0.00567	0.00761	0.01211	0.02476	0.01383	0.81377	0.06936	0.00391	0.00416	0.00555	0.00233	0.00242
25	0.00546	0.00396	0.00515	0.00485	0.00578	0.00365	0.00364	0.00727	0.01092	0.01541	0.81582	0.02919	0.05837	0.00798	0.00457	0.00122	0.00183	0.00704	0.00425	0.00365
26	0.00472	0.00337	0.00450	0.00540	0.00562	0.00315	0.00360	0.00540	0.00742	0.00990	0.02137	0.86122	0.02564	0.01215	0.00495	0.00157	0.00225	0.01102	0.00360	0.00315
27	0.00723	0.00361	0.00361	0.00361	0.00452	0.00361	0.00271	0.00903	0.00813	0.01445	0.01265	0.01445	0.00994	0.00452	0.00271	0.00090	0.00181	0.00361	0.88528	0.00361
28	0.24706	0.00856	0.03345	0.05402	0.34546	0.00844	0.05317	0.02607	0.00852	0.10298	0.00765	0.00902	0.00587	0.00363	0.00342	0.00114	0.00406	0.00310	0.00240	0.07196
29	0.04023	0.04035	0.03721	0.01256	0.22522	0.02993	0.02041	0.42962	0.01379	0.09936	0.00895	0.00949	0.00654	0.00422	0.00377	0.00115	0.00436	0.00340	0.00320	0.00625
30	0.00723	0.00361	0.00361	0.00361	0.00452	0.00361	0.00271	0.00903	0.00813	0.01445	0.01265	0.01445	0.00994	0.00452	0.00271	0.00090	0.00181	0.00361	0.88528	0.00361
31	0.00970	0.00951	0.03097	0.02278	0.76342	0.00932	0.04724	0.03704	0.00912	0.01301	0.00737	0.00960	0.00612	0.00349	0.00387	0.00116	0.00470	0.00349	0.00198	0.00611
32	0.01448	0.01848	0.01099	0.00999	0.01199	0.84819	0.00749	0.01548	0.01099	0.00949	0.00599	0.00699	0.00499	0.00400	0.00350	0.00100	0.00699	0.00250	0.00200	0.00449
33	0.00804	0.00689	0.00804	0.00574	0.00919	0.00517	0.00459	0.00976	0.00804	0.01263	0.00689	0.00804	0.00574	0.00287	0.00287	0.00057	0.00287	0.00230	0.00230	0.88745
34	0.00778	0.02005	0.84367	0.01105	0.01678	0.00900	0.01432	0.01228	0.00818	0.01228	0.00696	0.00818	0.00491	0.00368	0.00368	0.00123	0.00573	0.00286	0.00164	0.00573
35	0.00964	0.00833	0.00877	0.00789	0.01008	0.00964	0.00614	0.02060	0.83257	0.01622	0.01578	0.01446	0.01183	0.00526	0.00394	0.00131	0.00307	0.00438	0.00394	0.00614
36	0.00879	0.35423	0.40119	0.00882	0.01303	0.02240	0.02649	0.01187	0.02901	0.01135	0.07276	0.00925	0.00765	0.00391	0.00330	0.00107	0.00476	0.00295	0.00192	0.00525
37	0.00490	0.00373	0.00451	0.00476	0.00554	0.00334	0.00340	0.00601	0.00892	0.01172	0.26357	0.34464	0.30065	0.01015	0.00472	0.00138	0.00203	0.00891	0.00379	0.00334
38	0.00714	0.00669	0.00803	0.00730	0.03689	0.08623	0.08582	0.04336	0.02668	0.01300	0.29105	0.03819	0.27866	0.00741	0.00468	0.00126	0.03018	0.01996	0.00340	0.00404
39	0.00475	0.00392	0.00416	0.00420	0.00539	0.00335	0.00315	0.00581	0.00893	0.01094	0.11597	0.07722	0.67950	0.02288	0.00486	0.00137	0.00204	0.03463	0.00365	0.00330

[dist]
# distance from previous block
# <min> <max>
2	6

[block]
# block no. 3 follows, 70 sequences, length 33
# corresponding to MSA columns:
# 124-156
name=unknown_D
#
# <colnr> <probs for GDERKNQSTAVLIFYWHMCP>
#	G	D	E	R	K	N	Q	S	T	A	V	L	I	F	Y	W	H	M	C	P
0	0.26826	0.24932	0.20420	0.00808	0.01167	0.04580	0.06687	0.04053	0.00817	0.01324	0.00617	0.00723	0.00489	0.00353	0.00300	0.00107	0.00441	0.00252	0.00202	0.04902
1	0.00952	0.24725	0.05541	0.15404	0.10813	0.10156	0.00817	0.05027	0.05679	0.01109	0.00900	0.02648	0.03911	0.02741	0.02020	0.00130	0.04612	0.02114	0.00215	0.00486
2	0.00468	0.00384	0.00413	0.00432	0.00540	0.00329	0.00318	0.00564	0.00862	0.01051	0.05250	0.19328	0.64281	0.01024	0.00467	0.00137	0.00206	0.03257	0.00361	0.00327
3	0.00639	0.00588	0.04941	0.00624	0.00771	0.00529	0.03875	0.05257	0.09196	0.01277	0.18009	0.19146	0.25664	0.00859	0.00496	0.01747	0.02802	0.02828	0.00352	0.00400
4	0.00658	0.00556	0.00886	0.45047	0.05030	0.00638	0.00783	0.00838	0.00772	0.02564	0.01277	0.32026	0.01329	0.00779	0.02902	0.00154	0.00416	0.02694	0.00253	0.00396
5	0.01045	0.82065	0.03669	0.00683	0.01016	0.04301	0.00682	0.01175	0.00799	0.00920	0.00544	0.00628	0.00497	0.00335	0.00255	0.00084	0.00427	0.00210	0.00167	0.00497
6	0.00723	0.00361	0.00361	0.00361	0.00452	0.00361	0.00271	0.00903	0.00813	0.01445	0.01265	0.01445	0.00994	0.00452	0.00271	0.00090	0.00181	0.00361	0.88528	0.00361
7	0.00960	0.00921	0.01574	0.02380	0.83957	0.00921	0.01190	0.01190	0.00883	0.01267	0.00729	0.00960	0.00614	0.00345	0.00384	0.00115	0.00461	0.00345	0.00192	0.00614
8	0.01739	0.00660	0.00900	0.00690	0.00990	0.00570	0.00570	0.01889	0.01110	0.84226	0.01529	0.01320	0.00960	0.00480	0.00390	0.00120	0.00330	0.00390	0.00480	0.00660
9	0.00723	0.00361	0.00361	0.00361	0.00452	0.00361	0.00271	0.00903	0.00813	0.01445	0.01265	0.01445	0.00994	0.00452	0.00271	0.00090	0.00181	0.00361	0.88528	0.00361
10	0.89114	0.00750	0.00570	0.00510	0.00750	0.00870	0.00420	0.01140	0.00660	0.01739	0.00540	0.00630	0.00420	0.00360	0.00240	0.00120	0.00300	0.00210	0.00240	0.00420
11	0.00916	0.00992	0.10308	0.10278	0.24323	0.00913	0.23439	0.01172	0.00850	0.06318	0.02960	0.01052	0.00683	0.00483	0.02987	0.00144	0.11058	0.00383	0.00210	0.00531
12	0.00739	0.00697	0.01162	0.60706	0.02218	0.00819	0.08350	0.02771	0.02309	0.01087	0.05055	0.01361	0.07938	0.00465	0.00427	0.00130	0.02705	0.00415	0.00212	0.00435
13	0.10211	0.00969	0.00944	0.00803	0.01047	0.07210	0.00637	0.28173	0.39988	0.01835	0.01203	0.03352	0.00920	0.00498	0.00376	0.00124	0.00372	0.00389	0.00361	0.00589
14	0.05609	0.28632	0.09307	0.02630	0.05320	0.05539	0.00681	0.03195	0.00846	0.02034	0.04356	0.04924	0.01949	0.01875	0.01922	0.00110	0.00405	0.01468	0.00223	0.18975
15	0.02831	0.00416	0.00524	0.00510	0.00613	0.00388	0.00396	0.00747	0.01032	0.02671	0.59570	0.03116	0.13243	0.00838	0.00461	0.00131	0.00213	0.11530	0.00405	0.00366
16	0.01017	0.79809	0.05086	0.00676	0.01018	0.01467	0.00684	0.01156	0.00790	0.00939	0.00551	0.00637	0.00500	0.00331	0.00255	0.00083	0.00415	0.00211	0.00168	0.04206
17	0.03270	0.00555	0.00690	0.00653	0.00806	0.03231	0.03925	0.02363	0.00853	0.02747	0.02718	0.27791	0.07381	0.00848	0.00443	0.00135	0.00313	0.22537	0.00320	0.18420
18	0.02452	0.00761	0.01193	0.71179	0.08018	0.04387	0.02661	0.01055	0.00804	0.02851	0.00706	0.01014	0.00532	0.00386	0.00384	0.00127	0.00515	0.00341	0.00183	0.00450
19	0.00750	0.00716	0.00921	0.00845	0.00871	0.04321	0.00669	0.00872	0.04136	0.00982	0.01109	0.29759	0.01233	0.00842	0.00934	0.00161	0.49639	0.00598	0.00245	0.00396
20	0.00950	0.00911	0.01556	0.05872	0.80539	0.00919	0.01185	0.01181	0.00878	0.01255	0.00728	0.00963	0.00610	0.00347	0.00384	0.00116	0.00463	0.00345	0.00191	0.00606
21	0.00472	0.00337	0.00450	0.00540	0.00562	0.00315	0.00360	0.00540	0.00742	0.00990	0.02137	0.86122	0.02564	0.01215	0.00495	0.00157	0.00225	0.01102	0.00360	0.00315
22	0.01264	0.00917	0.01004	0.00810	0.01069	0.01012	0.00657	0.50223	0.18757	0.06710	0.04097	0.01187	0.00925	0.00649	0.05876	0.00152	0.00419	0.00387	0.03276	0.00609
23	0.23132	0.00887	0.00889	0.00746	0.00998	0.01005	0.00601	0.29659	0.32048	0.01933	0.03531	0.01107	0.00885	0.00471	0.00355	0.00123	0.00343	0.00358	0.00355	0.00574
24	0.00560	0.00386	0.00475	0.00473	0.00495	0.00400	0.00301	0.00605	0.00615	0.00843	0.07062	0.02332	0.01470	0.61317	0.20688	0.00414	0.00513	0.00540	0.00242	0.00270
25	0.00461	0.00393	0.00397	0.00396	0.00526	0.00329	0.00297	0.00562	0.00891	0.01065	0.06653	0.03702	0.81063	0.00975	0.00458	0.00131	0.00196	0.00814	0.00362	0.00329
26	0.00505	0.00382	0.00511	0.00547	0.00607	0.00355	0.02496	0.00622	0.02397	0.01113	0.16464	0.58266	0.12127	0.01078	0.00481	0.00147	0.00227	0.00970	0.00368	0.00336
27	0.00947	0.00908	0.01550	0.07065	0.79372	0.00918	0.01183	0.01179	0.00877	0.01251	0.00727	0.00964	0.00609	0.00348	0.00384	0.00116	0.00464	0.00345	0.00191	0.00604
28	0.01369	0.04751	0.01168	0.01038	0.03742	0.72007	0.02104	0.01491	0.02213	0.00971	0.00613	0.00729	0.00515	0.00412	0.00401	0.00105	0.05453	0.00262	0.00199	0.00458
29	0.00851	0.00793	0.04706	0.03785	0.01174	0.00629	0.12874	0.01095	0.03912	0.04614	0.03959	0.00974	0.00727	0.00336	0.00335	0.00082	0.00361	0.00303	0.00243	0.58246
30	0.00852	0.00697	0.00815	0.00586	0.00928	0.00534	0.00470	0.02861	0.00838	0.04241	0.00724	0.00825	0.00590	0.00298	0.00293	0.00061	0.00292	0.00238	0.00242	0.83615
31	0.01030	0.08947	0.07844	0.01499	0.38831	0.00888	0.02322	0.06178	0.04158	0.10620	0.06609	0.01099	0.00865	0.00402	0.00370	0.00110	0.00413	0.00355	0.00258	0.07202
32	0.06419	0.00987	0.01307	0.03270	0.45515	0.08539	0.02111	0.12595	0.08095	0.02451	0.02939	0.01007	0.00726	0.00396	0.00375	0.00115	0.00447	0.00346	0.00250	0.02108

[dist]
# distance from previous block
# <min> <max>
14	55

[block]
# block no. 4 follows, 70 sequences, length 9
# corresponding to MSA columns:
# 217-225
name=unknown_E
#
# <colnr> <probs for GDERKNQSTAVLIFYWHMCP>
#	G	D	E	R	K	N	Q	S	T	A	V	L	I	F	Y	W	H	M	C	P
0	0.13723	0.09488	0.22332	0.00895	0.05809	0.06696	0.04798	0.02719	0.02148	0.09397	0.08239	0.04999	0.05143	0.00483	0.00362	0.00118	0.00422	0.00389	0.00262	0.01579
1	0.14084	0.33015	0.13747	0.00744	0.01075	0.02330	0.03587	0.04294	0.00853	0.09255	0.00865	0.00929	0.04628	0.00435	0.01576	0.00112	0.01996	0.00289	0.00231	0.05957
2	0.06256	0.15159	0.12836	0.00742	0.01030	0.02808	0.00696	0.03942	0.03866	0.30299	0.09250	0.01228	0.01025	0.01877	0.02814	0.00135	0.04807	0.00363	0.00324	0.00543
3	0.18973	0.13062	0.18505	0.00798	0.01116	0.04268	0.03646	0.09962	0.07432	0.05692	0.08372	0.01033	0.00869	0.00434	0.00362	0.00116	0.02482	0.00326	0.00266	0.02284
4	0.03475	0.27492	0.03152	0.00754	0.01059	0.01155	0.00662	0.35835	0.04645	0.05795	0.00846	0.00932	0.00665	0.04490	0.00408	0.00115	0.00400	0.00307	0.00295	0.07518
5	0.04373	0.57257	0.07991	0.00780	0.01121	0.08110	0.06533	0.01188	0.00821	0.01021	0.00585	0.00688	0.00507	0.00337	0.00283	0.00090	0.00452	0.00236	0.00178	0.07449
6	0.01025	0.81178	0.01978	0.00686	0.00996	0.01512	0.00675	0.01146	0.00775	0.00913	0.00537	0.00636	0.00498	0.00354	0.00314	0.00088	0.05813	0.00216	0.00166	0.00493
7	0.00911	0.05604	0.54472	0.00940	0.01389	0.00849	0.01107	0.07628	0.00927	0.10045	0.02686	0.03167	0.05212	0.02876	0.00421	0.00128	0.00486	0.00363	0.00237	0.00552
8	0.00628	0.00424	0.00523	0.00549	0.00607	0.00413	0.00378	0.07079	0.00815	0.04507	0.01890	0.51983	0.05360	0.19290	0.00798	0.00199	0.00281	0.03596	0.00340	0.00341

[dist]
# distance from previous block
# <min> <max>
1	35

[block]
# block no. 5 follows, 70 sequences, length 19
# corresponding to MSA columns:
# 263-281
name=unknown_F
#
# <colnr> <probs for GDERKNQSTAVLIFYWHMCP>
#	G	D	E	R	K	N	Q	S	T	A	V	L	I	F	Y	W	H	M	C	P
0	0.05174	0.00836	0.00959	0.02004	0.02675	0.02897	0.00621	0.22556	0.12299	0.31817	0.01169	0.01107	0.00810	0.00444	0.00368	0.00111	0.00359	0.00350	0.00382	0.13063
1	0.00711	0.00526	0.05135	0.00544	0.00697	0.00425	0.00448	0.00897	0.02615	0.12753	0.42781	0.08030	0.19499	0.00793	0.00446	0.00127	0.00236	0.02525	0.00399	0.00411
2	0.00957	0.74435	0.01808	0.00646	0.00934	0.01362	0.00621	0.01073	0.00781	0.00923	0.00764	0.12686	0.00789	0.00456	0.00283	0.00093	0.00388	0.00334	0.00193	0.00472
3	0.13295	0.00634	0.00717	0.00700	0.00868	0.00690	0.00577	0.01351	0.29448	0.06604	0.05288	0.02573	0.01597	0.00732	0.00432	0.00148	0.00322	0.33186	0.00364	0.00474
4	0.01414	0.01244	0.06340	0.00918	0.01227	0.12976	0.00779	0.64132	0.03682	0.02136	0.00885	0.00904	0.00639	0.00452	0.00381	0.00115	0.00471	0.00333	0.00347	0.00623
5	0.00877	0.01319	0.41533	0.00950	0.05372	0.00726	0.02825	0.01190	0.00877	0.10084	0.08350	0.01069	0.00858	0.00397	0.00362	0.00106	0.00438	0.00328	0.00239	0.22101
6	0.03177	0.13610	0.50968	0.01037	0.06678	0.00933	0.01134	0.01328	0.00865	0.15555	0.00816	0.00882	0.00579	0.00381	0.00353	0.00116	0.00495	0.00295	0.00222	0.00576
7	0.01739	0.00660	0.00900	0.00690	0.00990	0.00570	0.00570	0.01889	0.01110	0.84226	0.01529	0.01320	0.00960	0.00480	0.00390	0.00120	0.00330	0.00390	0.00480	0.00660
8	0.00698	0.00435	0.00546	0.00503	0.00633	0.00389	0.00389	0.00855	0.01037	0.13076	0.48573	0.02948	0.23151	0.00808	0.00452	0.00126	0.00215	0.04356	0.00414	0.00397
9	0.01017	0.01009	0.15625	0.19923	0.28964	0.00846	0.03999	0.01334	0.06031	0.16081	0.00913	0.01049	0.00668	0.00393	0.00386	0.00122	0.00466	0.00353	0.00247	0.00572
10	0.01351	0.00772	0.06658	0.03006	0.08524	0.00641	0.06267	0.02971	0.01059	0.50355	0.12921	0.01443	0.01236	0.00491	0.00402	0.00121	0.00366	0.00426	0.00397	0.00593
11	0.00874	0.00685	0.01126	0.73485	0.02433	0.00820	0.01005	0.01117	0.00822	0.12735	0.00808	0.01074	0.00579	0.00401	0.00388	0.00128	0.00490	0.00351	0.00216	0.00463
12	0.01184	0.00745	0.01124	0.00889	0.01150	0.00722	0.17105	0.12866	0.06252	0.29335	0.06979	0.03693	0.04497	0.00584	0.00432	0.00131	0.00393	0.10990	0.00377	0.00549
13	0.06525	0.00905	0.01481	0.08641	0.41985	0.03941	0.15421	0.01249	0.00889	0.10213	0.00830	0.02750	0.00661	0.00389	0.00410	0.00121	0.02429	0.00374	0.00228	0.00559
14	0.03611	0.06755	0.25278	0.02146	0.13057	0.05439	0.09452	0.13256	0.01040	0.14996	0.00861	0.00939	0.00619	0.00393	0.00374	0.00117	0.00493	0.00330	0.00260	0.00583
15	0.02680	0.00448	0.04298	0.00574	0.00640	0.00382	0.00423	0.02644	0.00787	0.02290	0.04663	0.74098	0.02383	0.01112	0.00477	0.00152	0.00248	0.01001	0.00353	0.00344
16	0.02692	0.01125	0.22071	0.01883	0.02785	0.05970	0.08013	0.06101	0.00939	0.14518	0.00941	0.06865	0.00752	0.00428	0.00365	0.00107	0.00434	0.00362	0.00265	0.23383
17	0.16420	0.15126	0.06649	0.00909	0.12647	0.02382	0.02044	0.02386	0.05502	0.14240	0.14920	0.01304	0.02991	0.00470	0.00351	0.00114	0.00358	0.00378	0.00296	0.00513
18	0.12886	0.19910	0.10567	0.00782	0.02439	0.11474	0.01985	0.10850	0.00944	0.05201	0.00984	0.17436	0.00945	0.01518	0.00370	0.00119	0.00417	0.00432	0.00261	0.00480

[dist]
# distance from previous block
# <min> <max>
2	23

[block]
# block no. 6 follows, 70 sequences, length 13
# corresponding to MSA columns:
# 305-317
name=unknown_G
#
# <colnr> <probs for GDERKNQSTAVLIFYWHMCP>
#	G	D	E	R	K	N	Q	S	T	A	V	L	I	F	Y	W	H	M	C	P
0	0.09712	0.19358	0.04746	0.00777	0.01015	0.22389	0.04138	0.04196	0.00920	0.05706	0.02374	0.08128	0.02864	0.03650	0.00412	0.00122	0.00455	0.05505	0.00250	0.03284
1	0.12313	0.12629	0.07062	0.00862	0.03603	0.09298	0.00728	0.31103	0.13095	0.04347	0.00886	0.00908	0.00664	0.00426	0.00346	0.00113	0.00427	0.00312	0.00303	0.00573
2	0.00919	0.00720	0.00948	0.02280	0.19281	0.02510	0.00638	0.02206	0.02802	0.10453	0.09268	0.03802	0.04321	0.00439	0.00357	0.00094	0.00329	0.00378	0.00282	0.37975
3	0.00562	0.00468	0.03246	0.00624	0.00697	0.00483	0.00493	0.00694	0.00687	0.00973	0.06713	0.16012	0.01457	0.06728	0.51025	0.00445	0.04252	0.03841	0.00252	0.00347
4	0.04194	0.51743	0.12813	0.00761	0.01105	0.05192	0.00761	0.08039	0.06279	0.04866	0.00707	0.00763	0.00573	0.00371	0.00297	0.00098	0.00435	0.00255	0.00217	0.00531
5	0.00894	0.04838	0.21863	0.01225	0.01608	0.00901	0.39815	0.05601	0.02802	0.04166	0.05330	0.04101	0.04134	0.00435	0.00421	0.00126	0.00535	0.00446	0.00236	0.00525
6	0.00514	0.00358	0.00449	0.00497	0.00513	0.00349	0.00316	0.00558	0.00663	0.00887	0.01701	0.47184	0.02002	0.36029	0.05946	0.00273	0.00333	0.00843	0.00300	0.00284
7	0.62108	0.04270	0.00727	0.04013	0.00889	0.00845	0.00491	0.04124	0.00788	0.15407	0.00763	0.02847	0.00577	0.00404	0.00283	0.00120	0.00321	0.00272	0.00282	0.00469
8	0.00977	0.04846	0.26540	0.04212	0.08838	0.04798	0.04596	0.08658	0.08884	0.09564	0.06199	0.07281	0.01913	0.00494	0.00391	0.00122	0.00447	0.00418	0.00276	0.00546
9	0.00666	0.00339	0.00500	0.00500	0.00500	0.00339	0.00330	0.00509	0.00509	0.00679	0.00710	0.01268	0.00722	0.06971	0.01545	0.82877	0.00339	0.00352	0.00173	0.00173
10	0.00513	0.00392	0.00434	0.00436	0.00547	0.00342	0.00323	0.00625	0.00900	0.02745	0.17221	0.12323	0.53784	0.03145	0.00496	0.00138	0.00207	0.02279	0.02812	0.00338
11	0.00762	0.03099	0.16437	0.06510	0.05810	0.02725	0.09388	0.04119	0.03619	0.03912	0.05486	0.25608	0.08505	0.00695	0.00438	0.00133	0.01396	0.00619	0.00283	0.00456
12	0.02487	0.11999	0.30175	0.01033	0.08614	0.03593	0.02244	0.14042	0.06350	0.09573	0.00979	0.01030	0.04007	0.00428	0.00378	0.00117	0.01786	0.00334	0.00259	0.00572

[dist]
# distance from previous block
# <min> <max>
3	12

[block]
# block no. 7 follows, 70 sequences, length 18
# corresponding to MSA columns:
# 332-336,345-357
name=unknown_H
#
# <colnr> <probs for GDERKNQSTAVLIFYWHMCP>
#	G	D	E	R	K	N	Q	S	T	A	V	L	I	F	Y	W	H	M	C	P
0	0.04440	0.19501	0.04179	0.00891	0.05498	0.02619	0.00729	0.41565	0.07735	0.01783	0.00876	0.02189	0.00695	0.03267	0.00424	0.00121	0.02271	0.00334	0.00303	0.00579
1	0.02598	0.48961	0.06240	0.00715	0.01032	0.05512	0.00678	0.11121	0.00961	0.09123	0.00756	0.02245	0.00618	0.00386	0.00298	0.00095	0.00412	0.00271	0.03794	0.04185
2	0.00754	0.05151	0.00717	0.00574	0.00733	0.02325	0.03503	0.01795	0.05653	0.10888	0.38200	0.04322	0.22389	0.00743	0.00433	0.00123	0.00255	0.00638	0.00385	0.00421
3	0.01018	0.21301	0.43123	0.01006	0.04888	0.02723	0.03141	0.06392	0.00919	0.10890	0.00773	0.00848	0.00565	0.00378	0.00347	0.00112	0.00499	0.00290	0.00218	0.00569
4	0.00478	0.00386	0.00425	0.00431	0.00540	0.00333	0.00317	0.00589	0.00908	0.01142	0.19762	0.14322	0.57060	0.00974	0.00463	0.00133	0.00197	0.00832	0.00373	0.00333
5	0.00608	0.00507	0.03772	0.00632	0.00731	0.00520	0.00509	0.05314	0.00716	0.01005	0.01228	0.04591	0.05134	0.07352	0.63600	0.00514	0.00867	0.01803	0.00233	0.00364
6	0.00950	0.00856	0.06695	0.04891	0.47372	0.02095	0.00956	0.01162	0.00909	0.11186	0.07579	0.09403	0.02090	0.00502	0.00403	0.00122	0.00409	0.01603	0.00263	0.00552
7	0.00943	0.00967	0.05415	0.04522	0.71330	0.00923	0.04520	0.01222	0.04044	0.01270	0.00761	0.00977	0.00627	0.00354	0.00387	0.00117	0.00469	0.00351	0.00198	0.00603
8	0.01405	0.00587	0.00780	0.00634	0.00880	0.00510	0.00515	0.01546	0.01048	0.61889	0.04538	0.06398	0.13023	0.00625	0.00413	0.00126	0.00302	0.03761	0.00450	0.00572
9	0.00989	0.04875	0.08173	0.02410	0.28760	0.00821	0.08186	0.04701	0.07732	0.12170	0.14668	0.01389	0.02465	0.00467	0.00398	0.00119	0.00405	0.00424	0.00292	0.00557
10	0.00869	0.08603	0.69135	0.01091	0.04741	0.00930	0.01305	0.01265	0.00838	0.06675	0.00740	0.00841	0.00527	0.00372	0.00361	0.00119	0.00540	0.00289	0.00186	0.00574
11	0.00519	0.00433	0.03868	0.04500	0.00694	0.00380	0.00429	0.00605	0.00725	0.00968	0.01857	0.61017	0.02179	0.15132	0.00730	0.00192	0.00284	0.04846	0.00323	0.00320
12	0.54365	0.13777	0.09165	0.00681	0.02407	0.09992	0.00609	0.01213	0.00755	0.03267	0.00586	0.00676	0.00462	0.00363	0.00272	0.00112	0.00390	0.00228	0.00221	0.00458
13	0.00473	0.00383	0.00421	0.00434	0.00539	0.00330	0.00317	0.00577	0.00886	0.01106	0.14506	0.19323	0.57351	0.01000	0.00465	0.00135	0.00200	0.00856	0.00369	0.00330
14	0.00859	0.06705	0.33762	0.05669	0.04373	0.00776	0.00929	0.04099	0.00867	0.10628	0.02671	0.19781	0.02594	0.00600	0.00433	0.00129	0.03859	0.00500	0.00261	0.00504
15	0.07504	0.12973	0.07213	0.04830	0.23485	0.07258	0.07046	0.07980	0.07772	0.03972	0.00810	0.02567	0.00656	0.00410	0.00396	0.00117	0.03893	0.00337	0.00234	0.00546
16	0.00962	0.11422	0.09563	0.01826	0.54281	0.03558	0.01070	0.04069	0.02354	0.01237	0.00739	0.00936	0.00616	0.00499	0.05124	0.00140	0.00502	0.00326	0.00198	0.00577
17	0.00901	0.00828	0.01090	0.00966	0.05678	0.01003	0.00752	0.08059	0.07448	0.01202	0.00695	0.00920	0.00608	0.00614	0.03235	0.00149	0.47362	0.00329	0.00221	0.17940

[dist]
# distance from previous block
# <min> <max>
0	2

[block]
# block no. 8 follows, 70 sequences, length 15
# corresponding to MSA columns:
# 360-374
name=unknown_I
#
# <colnr> <probs for GDERKNQSTAVLIFYWHMCP>
#	G	D	E	R	K	N	Q	S	T	A	V	L	I	F	Y	W	H	M	C	P
0	0.00970	0.00664	0.00762	0.00677	0.00870	0.00702	0.00529	0.03328	0.40189	0.16226	0.17780	0.06100	0.06597	0.00641	0.00417	0.00129	0.00280	0.02190	0.00411	0.00537
1	0.05277	0.00420	0.00514	0.00517	0.00616	0.00391	0.00378	0.00768	0.00878	0.07018	0.23376	0.36216	0.08405	0.00892	0.00437	0.00133	0.00225	0.02571	0.06791	0.04179
2	0.00833	0.00677	0.01128	0.00979	0.06458	0.00652	0.23004	0.02033	0.09494	0.07880	0.10565	0.20153	0.01501	0.00621	0.00424	0.00127	0.00370	0.00594	0.08699	0.03807
3	0.00576	0.00483	0.03697	0.00533	0.00648	0.00430	0.00423	0.00804	0.05638	0.01421	0.59633	0.02642	0.08526	0.03509	0.09151	0.00182	0.00299	0.00645	0.00382	0.00379
4	0.00477	0.00348	0.00450	0.00521	0.00560	0.00320	0.00354	0.00557	0.00785	0.01041	0.08919	0.71045	0.10882	0.01157	0.00488	0.00152	0.00219	0.01041	0.00365	0.00320
5	0.05305	0.00550	0.00699	0.00591	0.00790	0.00499	0.00469	0.02402	0.01019	0.39299	0.21685	0.04143	0.08435	0.05507	0.00502	0.00138	0.00284	0.04737	0.00416	0.02532
6	0.00918	0.01007	0.04619	0.01392	0.01753	0.00924	0.60963	0.08178	0.02986	0.01337	0.01038	0.02754	0.06031	0.00402	0.00441	0.00127	0.00572	0.00469	0.00231	0.03857
7	0.05120	0.00794	0.00808	0.00701	0.00899	0.07293	0.00552	0.10673	0.28258	0.12744	0.09602	0.01400	0.01201	0.00516	0.00402	0.00119	0.03537	0.00407	0.14443	0.00531
8	0.00525	0.00372	0.00470	0.00517	0.00583	0.00343	0.00367	0.00616	0.00805	0.03807	0.06735	0.51957	0.21876	0.01203	0.05235	0.00175	0.00269	0.03452	0.00359	0.00335
9	0.00551	0.00374	0.00423	0.00430	0.00439	0.00369	0.00248	0.00562	0.00595	0.00786	0.01442	0.08836	0.06124	0.75228	0.01778	0.00346	0.00355	0.00618	0.00251	0.00246
10	0.01055	0.34565	0.01364	0.00747	0.01025	0.05673	0.00642	0.09051	0.33630	0.01360	0.01000	0.00994	0.00790	0.00422	0.00327	0.00105	0.00380	0.00316	0.00283	0.06272
11	0.00958	0.29056	0.40035	0.01047	0.08869	0.01129	0.01072	0.08457	0.02486	0.02520	0.00699	0.00798	0.00540	0.00368	0.00334	0.00109	0.00490	0.00276	0.00196	0.00562
12	0.03440	0.28422	0.05306	0.01081	0.12321	0.28833	0.05398	0.02763	0.00925	0.01074	0.00621	0.00745	0.00524	0.00363	0.00338	0.00099	0.01831	0.00264	0.00192	0.05460
13	0.00617	0.00419	0.00490	0.00470	0.00599	0.00370	0.00357	0.00739	0.00925	0.09691	0.19122	0.08541	0.48253	0.01018	0.05195	0.00158	0.00259	0.02030	0.00377	0.00370
14	0.00679	0.00480	0.01604	0.00583	0.00712	0.00432	0.05707	0.00860	0.02577	0.08061	0.40699	0.15132	0.08436	0.03622	0.00489	0.00134	0.00248	0.00681	0.06800	0.02063

[dist]
# distance from previous block
# <min> <max>
1	6

[block]
# block no. 9 follows, 70 sequences, length 7
# corresponding to MSA columns:
# 381-387
name=unknown_J
#
# <colnr> <probs for GDERKNQSTAVLIFYWHMCP>
#	G	D	E	R	K	N	Q	S	T	A	V	L	I	F	Y	W	H	M	C	P
0	0.00851	0.06266	0.44438	0.01309	0.01790	0.00970	0.36354	0.01230	0.00858	0.01216	0.00725	0.00906	0.00533	0.00348	0.00400	0.00124	0.00599	0.00356	0.00178	0.00547
1	0.00479	0.00382	0.00424	0.00436	0.00535	0.00333	0.00315	0.00580	0.00875	0.01101	0.15668	0.18943	0.52635	0.04872	0.00534	0.00146	0.00208	0.00842	0.00365	0.00327
2	0.04772	0.09318	0.16404	0.01052	0.13216	0.03196	0.03357	0.15324	0.04786	0.04528	0.00790	0.00879	0.00606	0.00371	0.00343	0.00102	0.00426	0.00298	0.00249	0.19982
3	0.04013	0.01087	0.15082	0.01452	0.32501	0.03750	0.04117	0.09108	0.06355	0.09967	0.03225	0.01032	0.00743	0.00397	0.00376	0.00115	0.00445	0.00347	0.00260	0.05629
4	0.00735	0.00680	0.01025	0.32189	0.01539	0.00881	0.00835	0.00893	0.00680	0.00953	0.00777	0.01303	0.00723	0.05547	0.12803	0.00231	0.32674	0.04940	0.00190	0.00401
5	0.09007	0.00732	0.02810	0.00812	0.05157	0.00702	0.05024	0.05926	0.11583	0.34548	0.07494	0.05616	0.05822	0.00549	0.00414	0.00125	0.02280	0.00458	0.00382	0.00558
6	0.18857	0.00712	0.02519	0.00691	0.04064	0.00655	0.00543	0.06404	0.00952	0.29878	0.04319	0.03045	0.00875	0.00513	0.03010	0.00122	0.00340	0.00343	0.03363	0.18797

[dist]
# distance from previous block
# <min> <max>
4	20

[block]
# block no. 10 follows, 70 sequences, length 12
# corresponding to MSA columns:
# 411-422
name=unknown_K
#
# <colnr> <probs for GDERKNQSTAVLIFYWHMCP>
#	G	D	E	R	K	N	Q	S	T	A	V	L	I	F	Y	W	H	M	C	P
0	0.00908	0.00835	0.01349	0.13980	0.57566	0.02882	0.01044	0.01119	0.00864	0.03929	0.00928	0.07845	0.02393	0.00491	0.02098	0.00131	0.00458	0.00416	0.00216	0.00550
1	0.01576	0.02622	0.02670	0.00800	0.01100	0.08077	0.03756	0.16417	0.03935	0.52992	0.01277	0.01165	0.00840	0.00461	0.00385	0.00118	0.00398	0.00369	0.00413	0.00630
2	0.00524	0.00370	0.00456	0.00506	0.00531	0.00359	0.00330	0.00596	0.02587	0.00926	0.01831	0.47224	0.04309	0.32641	0.01039	0.00238	0.00288	0.04634	0.00314	0.00295
3	0.02908	0.00355	0.00463	0.00545	0.00579	0.00337	0.00373	0.00573	0.00756	0.01033	0.04334	0.77868	0.02521	0.01173	0.00489	0.00156	0.00232	0.04625	0.00358	0.00321
4	0.89114	0.00750	0.00570	0.00510	0.00750	0.00870	0.00420	0.01140	0.00660	0.01739	0.00540	0.00630	0.00420	0.00360	0.00240	0.00120	0.00300	0.00210	0.00240	0.00420
5	0.82133	0.00743	0.00596	0.00524	0.00769	0.00846	0.00432	0.01200	0.00696	0.08330	0.00619	0.00685	0.00463	0.00369	0.00252	0.00120	0.00302	0.00224	0.00259	0.00439
6	0.00613	0.00497	0.00546	0.00534	0.00653	0.00501	0.00391	0.00967	0.22365	0.01218	0.11980	0.16238	0.31831	0.09180	0.00595	0.00158	0.00246	0.00727	0.00365	0.00396
