[name]
unknown

[dist]
# distance from previous block
# <min> <max>
0	281

[block]
# block no. 0 follows, 77 sequences, length 18
# corresponding to MSA columns:
# 287-304
name=unknown_A
#
# <colnr> <probs for GDERKNQSTAVLIFYWHMCP>
#	G	D	E	R	K	N	Q	S	T	A	V	L	I	F	Y	W	H	M	C	P
0	0.03164	0.00435	0.00573	0.00616	0.00708	0.00434	0.00510	0.04816	0.00858	0.04430	0.08048	0.20255	0.02066	0.00933	0.00464	0.00151	0.00295	0.50553	0.00339	0.00350
1	0.01234	0.00865	0.00961	0.00764	0.01009	0.00943	0.00621	0.63549	0.01463	0.08319	0.01019	0.09096	0.00822	0.00669	0.06798	0.00147	0.00414	0.00397	0.00351	0.00560
2	0.00800	0.00730	0.01198	0.01762	0.64322	0.00730	0.00886	0.00961	0.00746	0.01058	0.00789	0.01249	0.00751	0.21682	0.00718	0.00166	0.00408	0.00370	0.00188	0.00483
3	0.00449	0.00350	0.00409	0.00427	0.00509	0.00309	0.00307	0.00551	0.00829	0.01070	0.22856	0.28356	0.40426	0.00933	0.00435	0.00127	0.00187	0.00812	0.00349	0.00309
4	0.01049	0.15755	0.07605	0.00863	0.01155	0.02772	0.10677	0.28058	0.25485	0.01556	0.00938	0.00955	0.00705	0.00404	0.00345	0.00109	0.00402	0.00331	0.00286	0.00549
5	0.00885	0.00714	0.07119	0.08757	0.00997	0.02427	0.00585	0.16741	0.04086	0.11972	0.35285	0.01662	0.01771	0.00537	0.00380	0.00110	0.00305	0.00453	0.00340	0.04875
6	0.08026	0.00796	0.00894	0.00711	0.00970	0.00837	0.00579	0.36864	0.12040	0.27144	0.01125	0.04723	0.00816	0.00462	0.00353	0.00112	0.00335	0.00364	0.00372	0.02476
7	0.18590	0.00818	0.00974	0.07360	0.09040	0.05950	0.06216	0.19351	0.00989	0.12536	0.01046	0.01103	0.08612	0.00443	0.00388	0.00114	0.05363	0.00345	0.00275	0.00486
8	0.00479	0.00366	0.00438	0.00420	0.00519	0.00326	0.00315	0.00620	0.00946	0.01271	0.55334	0.02969	0.33092	0.00799	0.00425	0.00116	0.00174	0.00690	0.00373	0.00326
9	0.00696	0.08852	0.01077	0.61710	0.01992	0.00810	0.00856	0.00900	0.00723	0.00933	0.00846	0.01089	0.06874	0.00401	0.00381	0.00113	0.04143	0.00333	0.00176	0.07096
10	0.20711	0.06433	0.25454	0.00939	0.09091	0.03838	0.04495	0.08565	0.12533	0.03550	0.00762	0.00830	0.00571	0.00366	0.00318	0.00111	0.00411	0.00284	0.00229	0.00508
11	0.01059	0.01058	0.00941	0.00808	0.00993	0.27941	0.04025	0.22757	0.09616	0.01329	0.01182	0.09273	0.09458	0.00544	0.00433	0.00114	0.07313	0.00417	0.00276	0.00461
12	0.00482	0.00361	0.00448	0.00442	0.00528	0.00327	0.00329	0.00620	0.00927	0.01259	0.53794	0.13166	0.22457	0.00830	0.00430	0.00120	0.00181	0.02598	0.00372	0.00325
13	0.03831	0.01056	0.11949	0.13024	0.28591	0.11547	0.14170	0.01951	0.02247	0.04569	0.01893	0.00900	0.00581	0.00352	0.00372	0.00111	0.01840	0.00323	0.00194	0.00499
14	0.01954	0.13735	0.30959	0.01127	0.06089	0.04612	0.24250	0.04734	0.05395	0.02741	0.00712	0.00838	0.00537	0.00340	0.00350	0.00109	0.00504	0.00312	0.00190	0.00511
15	0.00441	0.00333	0.00409	0.00458	0.00513	0.00300	0.00317	0.00523	0.00758	0.00985	0.10577	0.55256	0.25772	0.01028	0.00446	0.00136	0.00197	0.00912	0.00340	0.00300
16	0.00530	0.00429	0.00644	0.00818	0.14970	0.00409	0.02754	0.00629	0.00725	0.00976	0.01799	0.63742	0.05781	0.00953	0.00440	0.00138	0.00259	0.03353	0.00303	0.00346
17	0.00912	0.09608	0.38614	0.01121	0.15172	0.01898	0.04019	0.02813	0.04589	0.11404	0.00790	0.02375	0.00598	0.00381	0.00378	0.00112	0.04166	0.00308	0.00211	0.00531

[dist]
# distance from previous block
# <min> <max>
0	12

[block]
# block no. 1 follows, 77 sequences, length 30
# corresponding to MSA columns:
# 317-346
name=unknown_B
#
# <colnr> <probs for GDERKNQSTAVLIFYWHMCP>
#	G	D	E	R	K	N	Q	S	T	A	V	L	I	F	Y	W	H	M	C	P
0	0.00917	0.01149	0.24114	0.01647	0.47706	0.00895	0.01093	0.14101	0.00935	0.01331	0.00694	0.00849	0.00544	0.00350	0.00369	0.00110	0.02130	0.00306	0.00199	0.00563
1	0.00924	0.12725	0.01272	0.03042	0.43593	0.13167	0.02481	0.01101	0.00823	0.01108	0.00713	0.00884	0.00592	0.00341	0.00318	0.00097	0.00415	0.00293	0.14167	0.01944
2	0.00750	0.00702	0.01144	0.50253	0.26288	0.00772	0.00951	0.00971	0.00752	0.01028	0.00650	0.00910	0.00513	0.00336	0.00346	0.00107	0.00435	0.00305	0.00172	0.12614
3	0.02808	0.15147	0.24027	0.00973	0.05643	0.42119	0.02226	0.01270	0.00883	0.00979	0.00580	0.00684	0.00467	0.00349	0.00316	0.00098	0.00556	0.00242	0.00172	0.00464
4	0.00630	0.00502	0.00730	0.00950	0.25277	0.00511	0.00509	0.00709	0.00617	0.00856	0.00977	0.01799	0.01037	0.50489	0.12662	0.00308	0.00454	0.00445	0.00203	0.00335
5	0.00695	0.00664	0.00603	0.00597	0.00705	0.15399	0.00437	0.00971	0.17590	0.01100	0.11952	0.33115	0.13179	0.00789	0.00408	0.00125	0.00293	0.00680	0.00322	0.00377
6	0.00725	0.13137	0.62697	0.00892	0.01333	0.00846	0.01098	0.01068	0.00791	0.01141	0.12125	0.00998	0.00857	0.00391	0.00338	0.00109	0.00463	0.00308	0.00185	0.00496
7	0.00908	0.00779	0.00821	0.00735	0.00940	0.00901	0.00573	0.04189	0.82166	0.01526	0.01447	0.01329	0.01085	0.00486	0.00366	0.00122	0.00288	0.00404	0.00366	0.00571
8	0.00478	0.00366	0.00437	0.00420	0.00518	0.00326	0.00315	0.00618	0.00944	0.01267	0.54636	0.02976	0.33793	0.00801	0.00425	0.00116	0.00174	0.00691	0.00373	0.00326
9	0.00776	0.01480	0.49873	0.01235	0.01695	0.00867	0.36569	0.01145	0.00798	0.01145	0.00681	0.00850	0.00494	0.00325	0.00377	0.00117	0.00564	0.00334	0.00165	0.00512
10	0.00448	0.00329	0.00420	0.00475	0.00519	0.00301	0.00326	0.00531	0.00758	0.01008	0.15269	0.62414	0.13808	0.01036	0.00449	0.00138	0.00199	0.00928	0.00344	0.00301
11	0.00849	0.00970	0.02122	0.01516	0.01880	0.00910	0.83808	0.01152	0.00849	0.01152	0.00728	0.00970	0.00546	0.00303	0.00424	0.00121	0.00606	0.00424	0.00182	0.00485
12	0.00463	0.00358	0.00422	0.00423	0.00513	0.00317	0.00311	0.00582	0.00883	0.01162	0.37642	0.16261	0.37629	0.00871	0.00430	0.00122	0.00181	0.00755	0.00360	0.00317
13	0.52066	0.01036	0.00746	0.00654	0.00874	0.25813	0.00519	0.12266	0.00876	0.01486	0.00566	0.00641	0.00441	0.00358	0.00271	0.00105	0.00403	0.00223	0.00230	0.00427
14	0.00449	0.00322	0.00427	0.00493	0.00524	0.00300	0.00335	0.00529	0.00740	0.01000	0.14995	0.73877	0.02538	0.01065	0.00454	0.00141	0.00203	0.00964	0.00344	0.00300
15	0.00862	0.00826	0.01409	0.13497	0.74047	0.00847	0.01090	0.01079	0.00806	0.01141	0.00672	0.00899	0.00558	0.00326	0.00357	0.00109	0.00434	0.00320	0.00176	0.00547
16	0.39187	0.01253	0.00805	0.00726	0.00930	0.47542	0.00561	0.01282	0.00846	0.03181	0.00553	0.00635	0.00442	0.00357	0.00282	0.00101	0.00482	0.00219	0.00207	0.00410
17	0.00505	0.00371	0.00531	0.00542	0.00592	0.00415	0.00403	0.00607	0.00585	0.00827	0.01123	0.13021	0.01153	0.14039	0.63010	0.00489	0.00779	0.00490	0.00215	0.00303
18	0.00924	0.74127	0.15002	0.00680	0.01023	0.01331	0.00727	0.01087	0.00735	0.00892	0.00523	0.00606	0.00461	0.00313	0.00248	0.00083	0.00408	0.00204	0.00154	0.00473
19	0.00850	0.00814	0.00794	0.00600	0.00898	0.13894	0.00473	0.02377	0.00805	0.01145	0.00630	0.00733	0.00523	0.00286	0.00277	0.00060	0.00329	0.00218	0.00211	0.74085
20	0.00776	0.00829	0.01677	0.37824	0.02135	0.00862	0.48427	0.01053	0.00794	0.01053	0.00690	0.00965	0.00517	0.00327	0.00397	0.00121	0.00552	0.00380	0.00172	0.00449
21	0.00741	0.00702	0.01191	0.61770	0.26717	0.00815	0.01030	0.00973	0.00749	0.00994	0.00650	0.00939	0.00506	0.00348	0.00359	0.00116	0.00464	0.00320	0.00165	0.00450
22	0.00962	0.87575	0.01885	0.00615	0.00923	0.01423	0.00615	0.01077	0.00731	0.00846	0.00500	0.00577	0.00462	0.00308	0.00231	0.00077	0.00385	0.00192	0.00154	0.00462
23	0.00990	0.01053	0.01229	0.01599	0.49183	0.23794	0.00887	0.01163	0.00862	0.01095	0.00638	0.00802	0.00535	0.00326	0.00333	0.00095	0.00462	0.00280	0.00186	0.14490
24	0.00769	0.00731	0.01242	0.50482	0.37785	0.00823	0.01044	0.00998	0.00762	0.01028	0.00655	0.00930	0.00518	0.00343	0.00358	0.00114	0.00457	0.00320	0.00168	0.00472
25	0.00517	0.00364	0.00430	0.00439	0.00480	0.00352	0.00299	0.00578	0.00678	0.00895	0.13023	0.02815	0.12917	0.50412	0.01241	0.00257	0.00299	0.13464	0.00276	0.00264
26	0.01234	0.00932	0.00998	0.00797	0.01060	0.01041	0.00648	0.58629	0.25752	0.03500	0.01048	0.01009	0.00758	0.00448	0.00362	0.00112	0.00362	0.00349	0.00363	0.00599
27	0.51869	0.00764	0.00927	0.01214	0.36765	0.00827	0.00695	0.01077	0.00701	0.01426	0.00576	0.00715	0.00467	0.00328	0.00280	0.00109	0.00342	0.00248	0.00204	0.00467
28	0.00976	0.37889	0.01295	0.00691	0.00947	0.02210	0.00599	0.08084	0.39976	0.02338	0.00992	0.00967	0.00777	0.00404	0.00307	0.00101	0.00341	0.00306	0.00274	0.00525
29	0.00467	0.00363	0.00428	0.00447	0.00538	0.00325	0.00340	0.00581	0.00843	0.01081	0.21017	0.17085	0.42174	0.00919	0.00440	0.00130	0.00204	0.11958	0.00347	0.00313

[dist]
# distance from previous block
# <min> <max>
0	16

[block]
# block no. 2 follows, 77 sequences, length 7
# corresponding to MSA columns:
# 363-369
name=unknown_C
#
# <colnr> <probs for GDERKNQSTAVLIFYWHMCP>
#	G	D	E	R	K	N	Q	S	T	A	V	L	I	F	Y	W	H	M	C	P
0	0.00880	0.00725	0.01152	0.10616	0.38772	0.00742	0.05326	0.01190	0.11636	0.09921	0.14202	0.01279	0.01107	0.00424	0.00373	0.00112	0.00371	0.00394	0.00263	0.00515
1	0.00465	0.00330	0.00436	0.00510	0.00537	0.00314	0.00354	0.00535	0.00690	0.00916	0.01885	0.67675	0.02229	0.10011	0.00606	0.00170	0.00239	0.11490	0.00322	0.00290
2	0.00795	0.00668	0.00772	0.00556	0.00873	0.00530	0.00447	0.07455	0.00820	0.01258	0.00657	0.00755	0.00539	0.00279	0.00274	0.00058	0.00277	0.00222	0.00225	0.82540
3	0.00870	0.00885	0.02920	0.02618	0.03029	0.16548	0.05284	0.06372	0.05420	0.02486	0.08331	0.01116	0.00876	0.00941	0.17584	0.00214	0.23511	0.00355	0.00222	0.00419
4	0.00582	0.00459	0.00627	0.06680	0.11562	0.00450	0.00474	0.00776	0.03925	0.01273	0.42372	0.04530	0.16170	0.00660	0.00395	0.00113	0.00232	0.00578	0.07768	0.00374
5	0.00821	0.00644	0.00756	0.00582	0.00855	0.00546	0.00473	0.11592	0.00905	0.04111	0.06717	0.01254	0.00913	0.00401	0.00316	0.00078	0.00284	0.08777	0.00265	0.59709
6	0.00698	0.00658	0.01113	0.79032	0.09794	0.00804	0.01008	0.00935	0.00728	0.00942	0.00643	0.00953	0.00487	0.00356	0.00359	0.00119	0.00475	0.00320	0.00161	0.00415

[dist]
# distance from previous block
# <min> <max>
0	1

[block]
# block no. 3 follows, 77 sequences, length 20
# corresponding to MSA columns:
# 371-390
name=unknown_D
#
# <colnr> <probs for GDERKNQSTAVLIFYWHMCP>
#	G	D	E	R	K	N	Q	S	T	A	V	L	I	F	Y	W	H	M	C	P
0	0.05614	0.10074	0.00982	0.21892	0.07075	0.24636	0.00685	0.00999	0.00798	0.00955	0.00926	0.21923	0.00940	0.00541	0.00353	0.00113	0.00436	0.00447	0.00214	0.00396
1	0.00733	0.10715	0.00802	0.00653	0.00809	0.00620	0.00563	0.11425	0.00908	0.01200	0.01479	0.08905	0.01555	0.00774	0.00421	0.00135	0.00330	0.47855	0.00302	0.09817
2	0.01173	0.00935	0.01153	0.01210	0.24828	0.04458	0.02384	0.39055	0.12591	0.07177	0.00913	0.00953	0.00677	0.00404	0.00360	0.00109	0.00398	0.00335	0.00304	0.00584
3	0.00554	0.00458	0.00499	0.00486	0.00609	0.00452	0.00364	0.00880	0.21329	0.01163	0.14661	0.14592	0.40976	0.00812	0.00415	0.00124	0.00209	0.00694	0.00351	0.00372
4	0.00640	0.00351	0.00358	0.00352	0.00451	0.00334	0.00266	0.00788	0.00779	0.03916	0.01787	0.01857	0.21518	0.00540	0.00298	0.00094	0.00176	0.00440	0.64719	0.00336
5	0.00464	0.00364	0.00419	0.00410	0.00511	0.00319	0.00306	0.00589	0.00904	0.01182	0.40277	0.06553	0.44738	0.00841	0.00426	0.00119	0.00178	0.00721	0.00362	0.00319
6	0.00447	0.00330	0.00401	0.00453	0.00495	0.00303	0.00303	0.00508	0.00696	0.00899	0.02252	0.55147	0.21698	0.13538	0.00649	0.00170	0.00223	0.00888	0.00317	0.00284
7	0.47092	0.00655	0.00677	0.00554	0.00804	0.00672	0.00457	0.01395	0.00815	0.42222	0.00946	0.00895	0.00632	0.00388	0.00290	0.00111	0.00292	0.00276	0.00331	0.00497
8	0.01002	0.78494	0.01793	0.00648	0.00943	0.10360	0.00624	0.01115	0.00761	0.00850	0.00506	0.00585	0.00462	0.00314	0.00241	0.00079	0.00413	0.00196	0.00157	0.00457
9	0.01265	0.00860	0.11085	0.01059	0.11956	0.00682	0.17167	0.01479	0.00935	0.48072	0.01097	0.01077	0.00730	0.00389	0.00371	0.00113	0.00407	0.00358	0.00325	0.00572
10	0.01035	0.11854	0.00959	0.00700	0.00842	0.11262	0.00567	0.01128	0.00767	0.23474	0.00930	0.02402	0.00808	0.14561	0.04295	0.00175	0.20695	0.02860	0.00256	0.00429
11	0.00990	0.51263	0.01492	0.00694	0.00928	0.01202	0.00632	0.01216	0.11443	0.09873	0.00715	0.00782	0.00590	0.00405	0.00437	0.00101	0.16284	0.00260	0.00212	0.00479
12	0.11962	0.00465	0.00612	0.00539	0.00676	0.00444	0.09149	0.00723	0.00844	0.01241	0.28599	0.10227	0.26303	0.00707	0.00391	0.00117	0.00237	0.00615	0.05803	0.00346
13	0.01030	0.57110	0.01587	0.00817	0.10784	0.01186	0.00657	0.01255	0.09636	0.11769	0.00740	0.00777	0.00596	0.00346	0.00277	0.00090	0.00369	0.00252	0.00216	0.00505
14	0.00620	0.00566	0.00924	0.50575	0.01750	0.00641	0.06334	0.00830	0.00807	0.01058	0.19816	0.01665	0.11944	0.00510	0.00387	0.00119	0.00381	0.00457	0.00236	0.00380
15	0.01383	0.00544	0.00712	0.00565	0.00796	0.00481	0.00461	0.01529	0.00962	0.64772	0.01359	0.01253	0.00898	0.00439	0.00335	0.00105	0.00272	0.00355	0.22234	0.00544
16	0.00796	0.01032	0.20972	0.01716	0.55674	0.00786	0.01059	0.01043	0.00805	0.01143	0.01017	0.01161	0.10428	0.00395	0.00361	0.00110	0.00423	0.00359	0.00190	0.00530
17	0.03566	0.11210	0.18308	0.00988	0.01272	0.00979	0.19348	0.13034	0.00871	0.04378	0.00726	0.04598	0.00601	0.00439	0.00523	0.00120	0.17998	0.00346	0.00211	0.00485
18	0.12056	0.00505	0.00634	0.00706	0.11424	0.00499	0.00463	0.00882	0.00788	0.13514	0.06089	0.20725	0.18588	0.01715	0.00417	0.00123	0.03001	0.00578	0.06895	0.00397
19	0.52512	0.06893	0.06371	0.00637	0.00881	0.20744	0.00548	0.02544	0.00759	0.04510	0.00564	0.00639	0.00438	0.00347	0.00262	0.00105	0.00392	0.00216	0.00215	0.00422

[dist]
# distance from previous block
# <min> <max>
0	2

[block]
# block no. 4 follows, 77 sequences, length 15
# corresponding to MSA columns:
# 393-407
name=unknown_E
#
# <colnr> <probs for GDERKNQSTAVLIFYWHMCP>
#	G	D	E	R	K	N	Q	S	T	A	V	L	I	F	Y	W	H	M	C	P
0	0.00477	0.00354	0.00426	0.00446	0.00527	0.00316	0.00324	0.00581	0.00828	0.02669	0.22461	0.31287	0.33485	0.00935	0.00437	0.00129	0.00195	0.03456	0.00351	0.00315
1	0.00830	0.26998	0.17062	0.00653	0.01008	0.00832	0.00656	0.01025	0.00752	0.03384	0.00620	0.00711	0.00507	0.00298	0.00273	0.00073	0.00353	0.00221	0.00190	0.43554
2	0.00859	0.00464	0.00595	0.00529	0.00636	0.00464	0.00385	0.05424	0.00736	0.23535	0.01153	0.01734	0.01055	0.38073	0.22447	0.00329	0.00494	0.00434	0.00280	0.00371
3	0.00779	0.00458	0.00651	0.00623	0.00755	0.00430	0.03181	0.00942	0.00920	0.18545	0.24747	0.04956	0.02152	0.00790	0.00446	0.00138	0.00287	0.38438	0.00368	0.00395
4	0.00949	0.00717	0.00802	0.00673	0.00876	0.00744	0.00527	0.39649	0.06532	0.01625	0.01221	0.28106	0.01189	0.00630	0.00377	0.00113	0.00310	0.00533	0.00330	0.14098
5	0.00638	0.00427	0.00516	0.00469	0.00594	0.00394	0.00359	0.04150	0.03184	0.09484	0.48725	0.02650	0.25557	0.00737	0.00414	0.00115	0.00199	0.00633	0.00381	0.00373
6	0.01007	0.59228	0.13197	0.00712	0.01047	0.01284	0.00726	0.16963	0.00919	0.01159	0.00590	0.00657	0.00490	0.00336	0.00271	0.00088	0.00407	0.00228	0.00193	0.00500
7	0.00998	0.58022	0.14493	0.00738	0.01056	0.17528	0.00740	0.01155	0.00791	0.00898	0.00533	0.00619	0.00461	0.00325	0.00266	0.00086	0.00458	0.00211	0.00160	0.00464
8	0.00451	0.00335	0.00440	0.00495	0.00539	0.00324	0.00347	0.00530	0.00688	0.00910	0.02041	0.57913	0.14714	0.01395	0.16837	0.00225	0.00349	0.00860	0.00307	0.00299
9	0.00892	0.01016	0.17400	0.01579	0.45803	0.00836	0.01018	0.13718	0.00942	0.01323	0.00851	0.01254	0.00740	0.00425	0.00371	0.00116	0.00431	0.10525	0.00220	0.00539
10	0.14623	0.00798	0.01280	0.01557	0.45758	0.00792	0.11140	0.01227	0.00831	0.17376	0.00798	0.00917	0.00601	0.00344	0.00345	0.00110	0.00404	0.00322	0.00237	0.00540
11	0.00674	0.24573	0.01028	0.00864	0.16853	0.00717	0.00566	0.00783	0.00729	0.00952	0.01320	0.44257	0.01493	0.00742	0.00377	0.00120	0.00303	0.03002	0.00254	0.00393
12	0.01234	0.14590	0.01218	0.01019	0.11500	0.46204	0.00731	0.17149	0.01079	0.01177	0.00621	0.00709	0.00505	0.00367	0.00321	0.00095	0.00532	0.00254	0.00213	0.00480
13	0.00765	0.00696	0.01151	0.01689	0.58439	0.00692	0.00891	0.00944	0.00795	0.01114	0.01079	0.17812	0.01103	0.00559	0.00393	0.00122	0.00374	0.10669	0.00227	0.00487
14	0.01186	0.01165	0.01028	0.01029	0.13872	0.41490	0.05021	0.01317	0.00957	0.17144	0.01132	0.01162	0.11045	0.00441	0.00354	0.00103	0.00489	0.00346	0.00252	0.00467

[dist]
# distance from previous block
# <min> <max>
0	1

[block]
# block no. 5 follows, 77 sequences, length 28
# corresponding to MSA columns:
# 410-437
name=unknown_F
#
# <colnr> <probs for GDERKNQSTAVLIFYWHMCP>
#	G	D	E	R	K	N	Q	S	T	A	V	L	I	F	Y	W	H	M	C	P
0	0.00872	0.13477	0.01365	0.13576	0.47778	0.00936	0.00933	0.01203	0.14143	0.01144	0.00771	0.00926	0.00626	0.00351	0.00340	0.00107	0.00406	0.00315	0.00202	0.00530
1	0.00523	0.00787	0.25937	0.00638	0.00829	0.00459	0.00626	0.00698	0.00733	0.00995	0.01853	0.46319	0.15363	0.00854	0.00419	0.00133	0.00303	0.01884	0.00279	0.00366
2	0.00586	0.00522	0.00763	0.25347	0.14572	0.00539	0.00625	0.00752	0.00824	0.01067	0.15684	0.02207	0.33871	0.00630	0.00395	0.00117	0.00304	0.00545	0.00269	0.00379
3	0.00842	0.01143	0.25534	0.01869	0.61177	0.00849	0.01168	0.01114	0.00802	0.01165	0.00668	0.00853	0.00537	0.00327	0.00352	0.00109	0.00457	0.00305	0.00171	0.00559
4	0.00970	0.13055	0.01464	0.01783	0.61024	0.00973	0.00974	0.13195	0.00934	0.01288	0.00679	0.00842	0.00561	0.00335	0.00339	0.00103	0.00417	0.00303	0.00201	0.00561
5	0.00449	0.00331	0.00421	0.00475	0.00522	0.00303	0.00330	0.00534	0.00760	0.01006	0.14360	0.59927	0.15704	0.01033	0.00449	0.00138	0.00201	0.02413	0.00343	0.00302
6	0.02003	0.00513	0.00645	0.00549	0.00722	0.00469	0.00421	0.04875	0.02148	0.41808	0.01734	0.14244	0.12967	0.14481	0.00618	0.00156	0.00285	0.00537	0.00370	0.00456
7	0.00954	0.00774	0.01295	0.19765	0.53860	0.00795	0.02158	0.01163	0.00830	0.13751	0.00781	0.00956	0.00598	0.00347	0.00359	0.00110	0.00423	0.00328	0.00214	0.00539
8	0.00966	0.00879	0.01399	0.01988	0.71708	0.00896	0.01037	0.14321	0.00958	0.01349	0.00706	0.00886	0.00576	0.00338	0.00357	0.00107	0.00422	0.00321	0.00207	0.00576
9	0.00768	0.00792	0.00713	0.00685	0.00786	0.26573	0.00525	0.00885	0.00713	0.00849	0.00839	0.01179	0.00766	0.01986	0.59766	0.00430	0.00867	0.00338	0.00190	0.00350
10	0.00986	0.36482	0.01572	0.01368	0.38507	0.10799	0.00845	0.03631	0.00832	0.01040	0.00596	0.00734	0.00515	0.00324	0.00301	0.00093	0.00434	0.00258	0.00174	0.00509
11	0.01118	0.00516	0.00699	0.00590	0.00764	0.00493	0.00463	0.03296	0.00837	0.45557	0.01227	0.01437	0.00947	0.13815	0.26250	0.00286	0.00512	0.00391	0.00334	0.00467
12	0.00523	0.00349	0.00392	0.00392	0.00392	0.00349	0.00218	0.00523	0.00523	0.00697	0.01133	0.02354	0.01308	0.87359	0.01831	0.00349	0.00349	0.00523	0.00218	0.00218
13	0.00439	0.00355	0.00391	0.00406	0.00502	0.00307	0.00297	0.00534	0.00815	0.01014	0.12283	0.20255	0.58146	0.00936	0.00433	0.00126	0.00188	0.01925	0.00341	0.00306
14	0.01081	0.00493	0.00657	0.00584	0.00748	0.00444	0.00447	0.04067	0.00901	0.44789	0.01651	0.39530	0.01545	0.00749	0.00405	0.00127	0.00266	0.00655	0.00393	0.00469
15	0.01057	0.00708	0.00748	0.00608	0.00805	0.00767	0.00491	0.46856	0.01273	0.01854	0.01002	0.01077	0.00750	0.00426	0.00311	0.00097	0.00294	0.00329	0.40059	0.00488
16	0.00803	0.18345	0.31227	0.00992	0.14566	0.00853	0.00893	0.01054	0.00759	0.01096	0.00620	0.00740	0.00497	0.00310	0.00300	0.00088	0.00410	0.00245	0.00174	0.26028
17	0.28249	0.12870	0.00854	0.00585	0.00814	0.01640	0.00488	0.07003	0.10170	0.19907	0.12984	0.01131	0.01037	0.00437	0.00310	0.00108	0.00296	0.00330	0.00312	0.00477
18	0.00608	0.00446	0.00568	0.00572	0.00650	0.00469	0.00422	0.13855	0.00820	0.01111	0.01546	0.47084	0.03369	0.01462	0.24929	0.00263	0.00454	0.00723	0.00298	0.00352
19	0.00767	0.00861	0.00815	0.00702	0.00875	0.26557	0.12135	0.00890	0.00887	0.00978	0.03972	0.03589	0.44233	0.00660	0.00395	0.00113	0.00385	0.00553	0.00269	0.00364
20	0.00883	0.00847	0.01447	0.05162	0.82219	0.00853	0.01100	0.01097	0.00816	0.01166	0.00675	0.00893	0.00567	0.00322	0.00356	0.00107	0.00429	0.00320	0.00177	0.00564
21	0.00835	0.00721	0.01373	0.01026	0.01290	0.00666	0.43707	0.01070	0.02077	0.13001	0.14724	0.01712	0.13418	0.00498	0.00416	0.00120	0.00422	0.02190	0.00281	0.00451
22	0.00480	0.00363	0.00421	0.00417	0.00488	0.00344	0.00292	0.00560	0.00724	0.00937	0.14164	0.02719	0.35882	0.27084	0.13335	0.00255	0.00344	0.00618	0.00287	0.00286
23	0.00861	0.00891	0.01205	0.00889	0.01203	0.12608	0.25950	0.01056	0.00816	0.01125	0.00655	0.00801	0.00527	0.00292	0.00323	0.00080	0.00424	0.00280	0.00200	0.49814
24	0.00645	0.00567	0.00847	0.48171	0.01671	0.00669	0.00740	0.00958	0.14077	0.01012	0.01156	0.25704	0.01122	0.00600	0.00389	0.00128	0.00371	0.00535	0.00243	0.00396
25	0.00610	0.00526	0.00827	0.13094	0.26652	0.00536	0.00661	0.00744	0.00737	0.00999	0.01446	0.46096	0.04096	0.00766	0.00413	0.00130	0.00313	0.00701	0.00262	0.00392
26	0.00642	0.12780	0.00703	0.00557	0.00659	0.12958	0.00417	0.00721	0.00764	0.00911	0.01831	0.48988	0.15012	0.00867	0.00402	0.00125	0.00293	0.00748	0.00287	0.00336
27	0.50002	0.00545	0.00460	0.00429	0.00587	0.00590	0.00329	0.00817	0.00657	0.01284	0.01502	0.01691	0.24766	0.14389	0.00537	0.00152	0.00262	0.00409	0.00254	0.00338

[dist]
# distance from previous block
# <min> <max>
0	3

[block]
# block no. 6 follows, 77 sequences, length 32
# corresponding to MSA columns:
# 441-472
name=unknown_G
#
# <colnr> <probs for GDERKNQSTAVLIFYWHMCP>
#	G	D	E	R	K	N	Q	S	T	A	V	L	I	F	Y	W	H	M	C	P
0	0.00951	0.00707	0.00805	0.00697	0.00859	0.00772	0.00543	0.44964	0.01216	0.01634	0.01310	0.36798	0.01341	0.00731	0.00443	0.00126	0.04681	0.00615	0.00339	0.00468
1	0.00830	0.00793	0.01352	0.26206	0.61586	0.00839	0.01074	0.01051	0.00791	0.01102	0.00666	0.00910	0.00544	0.00332	0.00357	0.00111	0.00442	0.00320	0.00173	0.00521
2	0.01317	0.00597	0.00840	0.00821	0.13370	0.00540	0.00566	0.01473	0.00959	0.56737	0.05558	0.01266	0.00976	0.00438	0.00349	0.00107	0.00298	0.00367	0.12870	0.00553
3	0.74185	0.00728	0.00683	0.00741	0.13282	0.00823	0.00504	0.03363	0.00673	0.01567	0.00537	0.00638	0.00423	0.00335	0.00246	0.00111	0.00304	0.00217	0.00220	0.00423
4	0.00890	0.00855	0.01460	0.02208	0.85115	0.00855	0.01104	0.01104	0.00819	0.01175	0.00677	0.00890	0.00570	0.00320	0.00356	0.00107	0.00427	0.00320	0.00178	0.00570
5	0.00618	0.00473	0.00511	0.00487	0.00561	0.00501	0.00327	0.00924	0.24835	0.00966	0.01549	0.02203	0.11910	0.51220	0.01228	0.00254	0.00309	0.00520	0.00276	0.00330
6	0.00752	0.00661	0.00799	0.00594	0.00866	0.00572	0.00480	0.00900	0.00717	0.01126	0.00614	0.00752	0.00524	0.00320	0.00403	0.00069	0.13141	0.00228	0.00205	0.76276
7	0.00785	0.00667	0.00766	0.00693	0.00822	0.00790	0.00534	0.02943	0.47942	0.01224	0.01201	0.01415	0.01007	0.13728	0.11604	0.00219	0.12500	0.00407	0.00292	0.00462
8	0.00655	0.00539	0.00646	0.00545	0.00771	0.00437	0.00447	0.00807	0.00779	0.01118	0.01410	0.02042	0.12797	0.00558	0.00352	0.00094	0.00273	0.23088	0.00263	0.52379
9	0.00506	0.00346	0.00433	0.00445	0.00512	0.00322	0.00321	0.00638	0.00865	0.01238	0.42083	0.28800	0.07288	0.00820	0.00409	0.00119	0.00182	0.00725	0.13624	0.00322
10	0.01121	0.00925	0.01276	0.13116	0.12122	0.01002	0.13160	0.47292	0.03441	0.01753	0.00803	0.00909	0.00590	0.00390	0.00369	0.00112	0.00440	0.00340	0.00282	0.00557
11	0.00932	0.24909	0.01293	0.00835	0.00962	0.13695	0.00712	0.01934	0.00693	0.01817	0.00512	0.00713	0.00476	0.00488	0.00748	0.00122	0.45832	0.00266	0.00167	0.02894
12	0.15114	0.12024	0.00982	0.00700	0.00947	0.22819	0.00572	0.06265	0.04917	0.30937	0.00906	0.00878	0.00641	0.00392	0.00314	0.00102	0.00405	0.00281	0.00298	0.00506
13	0.00957	0.51300	0.24571	0.00759	0.01125	0.01217	0.00820	0.13433	0.00882	0.01138	0.00594	0.00669	0.00482	0.00335	0.00280	0.00092	0.00426	0.00232	0.00184	0.00503
14	0.00970	0.57552	0.01709	0.01073	0.24208	0.03751	0.00756	0.04459	0.00803	0.00996	0.00565	0.00677	0.00498	0.00318	0.00273	0.00087	0.00405	0.00234	0.00170	0.00496
15	0.00449	0.00330	0.00422	0.00480	0.00525	0.00303	0.00333	0.00532	0.00753	0.00997	0.12785	0.62399	0.14081	0.01043	0.00451	0.00139	0.00203	0.03133	0.00342	0.00301
16	0.04851	0.13518	0.03693	0.00964	0.13509	0.16635	0.00700	0.15050	0.09520	0.05396	0.00800	0.00902	0.00638	0.00657	0.10503	0.00159	0.01471	0.00298	0.00241	0.00495
17	0.13498	0.07074	0.13529	0.02084	0.04709	0.12305	0.02660	0.05171	0.04064	0.18961	0.11552	0.01091	0.00953	0.00422	0.00334	0.00107	0.00389	0.00330	0.00279	0.00488
18	0.00716	0.00649	0.01030	0.02533	0.48821	0.00634	0.00774	0.00900	0.00871	0.01213	0.23669	0.01755	0.13896	0.00520	0.00385	0.00111	0.00323	0.00474	0.00259	0.00466
19	0.00549	0.00379	0.00488	0.00477	0.00557	0.00372	0.00353	0.00660	0.00766	0.05283	0.23612	0.07626	0.18020	0.13472	0.24257	0.00279	0.00428	0.01800	0.00300	0.00321
20	0.00987	0.16314	0.12950	0.00828	0.02280	0.23079	0.02478	0.01453	0.29437	0.01863	0.02292	0.01002	0.02699	0.00413	0.00332	0.00105	0.00436	0.00315	0.00246	0.00494
21	0.00983	0.23581	0.28802	0.00837	0.01184	0.11880	0.00862	0.13599	0.12661	0.01250	0.00744	0.00796	0.00571	0.00371	0.00317	0.00102	0.00454	0.00271	0.00218	0.00516
22	0.13200	0.00438	0.00501	0.00457	0.00586	0.00425	0.00353	0.00876	0.00901	0.12101	0.42060	0.04226	0.08061	0.00618	0.00363	0.00110	0.00204	0.00520	0.13623	0.00377
23	0.00714	0.00684	0.03305	0.20435	0.41163	0.00686	0.00874	0.00897	0.00759	0.01046	0.01028	0.24738	0.01047	0.00553	0.00385	0.00121	0.00381	0.00513	0.00216	0.00454
24	0.01181	0.00924	0.01225	0.01393	0.36102	0.00977	0.00851	0.45199	0.01294	0.06075	0.00814	0.00893	0.00609	0.00386	0.00358	0.00108	0.00404	0.00324	0.00288	0.00594
25	0.00921	0.00760	0.00821	0.00737	0.00936	0.00864	0.00587	0.13261	0.62199	0.01557	0.01436	0.01621	0.01154	0.00545	0.00382	0.00126	0.00306	0.10883	0.00361	0.00545
26	0.00487	0.00365	0.00424	0.00424	0.00522	0.00349	0.00322	0.00601	0.00748	0.00999	0.04892	0.03828	0.46341	0.01334	0.24036	0.00243	0.00396	0.00597	0.12779	0.00314
27	0.00824	0.00787	0.01340	0.28643	0.59197	0.00837	0.01071	0.01046	0.00788	0.01095	0.00665	0.00912	0.00541	0.00333	0.00357	0.00111	0.00444	0.00320	0.00172	0.00516
28	0.00505	0.00346	0.00424	0.00459	0.00476	0.00340	0.00299	0.00545	0.00612	0.00812	0.01486	0.28007	0.01726	0.50477	0.01249	0.00265	0.00304	0.11146	0.00267	0.00255
29	0.00810	0.00864	0.01744	0.24365	0.14438	0.00872	0.49323	0.01083	0.00810	0.01093	0.00696	0.00955	0.00532	0.00321	0.00397	0.00119	0.00546	0.00381	0.00175	0.00475
30	0.00456	0.00335	0.00427	0.00468	0.00521	0.00307	0.00327	0.00552	0.00798	0.01071	0.25142	0.52054	0.14240	0.00988	0.00445	0.00134	0.00194	0.00883	0.00351	0.00307
31	0.00884	0.00871	0.01553	0.02111	0.73444	0.00862	0.12701	0.01111	0.00823	0.01172	0.00684	0.00901	0.00566	0.00318	0.00366	0.00109	0.00452	0.00335	0.00179	0.00558

[dist]
# distance from previous block
# <min> <max>
0	1

[block]
# block no. 7 follows, 77 sequences, length 57
# corresponding to MSA columns:
# 474-489,491-531
name=unknown_H
#
# <colnr> <probs for GDERKNQSTAVLIFYWHMCP>
#	G	D	E	R	K	N	Q	S	T	A	V	L	I	F	Y	W	H	M	C	P
0	0.00913	0.28665	0.01596	0.01697	0.58115	0.01037	0.00947	0.01095	0.00791	0.01070	0.00620	0.00790	0.00535	0.00316	0.00316	0.00097	0.00414	0.00279	0.00170	0.00535
1	0.00533	0.00383	0.01441	0.00480	0.00553	0.00352	0.00365	0.00656	0.00888	0.01239	0.57149	0.02646	0.02720	0.09816	0.00672	0.08651	0.00226	0.10578	0.00344	0.00311
2	0.00655	0.00477	0.00582	0.00582	0.00667	0.00493	0.00424	0.19329	0.00904	0.01215	0.01633	0.59513	0.01840	0.01120	0.08568	0.00179	0.00323	0.00804	0.00326	0.00367
3	0.00724	0.00369	0.00416	0.00391	0.00493	0.00355	0.00298	0.00889	0.00840	0.09357	0.20087	0.01634	0.01477	0.00493	0.00301	0.00093	0.00181	0.00409	0.60832	0.00363
4	0.00570	0.00437	0.00539	0.00585	0.00660	0.00453	0.00436	0.00868	0.19613	0.01082	0.01850	0.51115	0.02028	0.00956	0.00446	0.00145	0.00250	0.17264	0.00341	0.00363
5	0.41102	0.00776	0.00776	0.00625	0.00882	0.00842	0.00516	0.27790	0.01055	0.21181	0.00829	0.00822	0.00577	0.00391	0.00299	0.00110	0.00322	0.00275	0.00318	0.00512
6	0.00522	0.00371	0.00459	0.00439	0.00500	0.00355	0.00305	0.00657	0.02891	0.01199	0.54895	0.02558	0.03797	0.28511	0.00874	0.00189	0.00230	0.00605	0.00337	0.00306
7	0.01351	0.00635	0.00813	0.00626	0.00906	0.00556	0.00511	0.01586	0.09641	0.58399	0.01255	0.01133	0.00834	0.00411	0.00342	0.00100	0.00295	0.00334	0.00387	0.19886
8	0.00502	0.00367	0.00471	0.00445	0.00533	0.00337	0.00334	0.00666	0.01002	0.01404	0.78351	0.02750	0.09992	0.00750	0.00424	0.00114	0.00171	0.00659	0.00391	0.00337
9	0.89899	0.00696	0.00529	0.00473	0.00696	0.00807	0.00390	0.01057	0.00612	0.01614	0.00501	0.00584	0.00390	0.00334	0.00223	0.00111	0.00278	0.00195	0.00223	0.00390
10	0.01010	0.01159	0.01069	0.00937	0.01012	0.35110	0.00750	0.01094	0.00739	0.00872	0.00506	0.00732	0.00469	0.00526	0.00837	0.00131	0.52195	0.00281	0.00169	0.00403
11	0.00608	0.00454	0.00538	0.00504	0.00615	0.00462	0.00382	0.00964	0.19802	0.01424	0.54362	0.04551	0.04148	0.00663	0.00396	0.00113	0.00197	0.00578	0.08849	0.00389
12	0.22211	0.09198	0.24738	0.01109	0.12625	0.03332	0.18138	0.01890	0.00766	0.01954	0.00625	0.00764	0.00480	0.00328	0.00322	0.00110	0.00459	0.00283	0.00184	0.00485
13	0.00576	0.00412	0.00576	0.00659	0.00740	0.00411	0.00574	0.00740	0.00825	0.01073	0.01906	0.05921	0.02077	0.00997	0.00496	0.00165	0.00328	0.80862	0.00331	0.00330
14	0.00940	0.30853	0.10064	0.00731	0.01006	0.04100	0.00673	0.03889	0.37120	0.02906	0.00967	0.00958	0.00752	0.00403	0.00326	0.00103	0.01719	0.00304	0.00260	0.01927
15	0.00886	0.10797	0.39316	0.00935	0.01309	0.11236	0.09020	0.09748	0.02763	0.01231	0.08685	0.00954	0.00776	0.00388	0.00346	0.00108	0.00483	0.00315	0.00209	0.00496
16	0.00956	0.55348	0.21798	0.00755	0.01101	0.11553	0.00797	0.02333	0.00787	0.00941	0.00547	0.00634	0.00463	0.00325	0.00271	0.00088	0.00452	0.00217	0.00160	0.00475
17	0.00784	0.01174	0.30069	0.01108	0.01450	0.00840	0.30882	0.01942	0.06231	0.02594	0.06441	0.01120	0.02860	0.00418	0.00470	0.00122	0.09460	0.01345	0.00207	0.00484
18	0.00441	0.00336	0.00406	0.00450	0.00511	0.00301	0.00314	0.00525	0.00767	0.00992	0.11320	0.50262	0.30049	0.01013	0.00444	0.00134	0.00196	0.00895	0.00341	0.00301
19	0.00526	0.00378	0.00475	0.00471	0.00547	0.00363	0.00344	0.00669	0.03219	0.02826	0.36836	0.13344	0.14353	0.11544	0.09488	0.00198	0.00292	0.03469	0.00334	0.00323
20	0.14397	0.01265	0.28029	0.00834	0.01169	0.16377	0.03658	0.05758	0.03511	0.20431	0.00824	0.00850	0.00578	0.00378	0.00330	0.00109	0.00451	0.00284	0.00254	0.00512
21	0.01248	0.01571	0.01232	0.01040	0.01260	0.69529	0.16716	0.01382	0.00987	0.00933	0.00589	0.00711	0.00479	0.00358	0.00344	0.00098	0.00641	0.00269	0.00185	0.00430
22	0.00475	0.00400	0.00417	0.00409	0.00532	0.00359	0.00307	0.00656	0.08218	0.01066	0.11734	0.04873	0.67567	0.00860	0.00421	0.00121	0.00190	0.00722	0.00343	0.00331
23	0.00677	0.00554	0.00851	0.01140	0.27780	0.00553	0.00718	0.02496	0.00824	0.01111	0.01500	0.13834	0.01600	0.00784	0.00444	0.00143	0.00347	0.43952	0.00283	0.00408
24	0.00525	0.00405	0.00557	0.00592	0.00634	0.00437	0.00453	0.00629	0.00725	0.00992	0.10307	0.41972	0.02046	0.01147	0.08683	0.00189	0.10820	0.18261	0.00305	0.00320
25	0.29857	0.00750	0.00805	0.00639	0.00902	0.00782	0.00528	0.24557	0.01081	0.35217	0.00969	0.00918	0.00652	0.00406	0.00317	0.00110	0.00322	0.00298	0.00350	0.00541
26	0.00552	0.00391	0.00464	0.00460	0.00569	0.00353	0.00352	0.01502	0.02084	0.06248	0.22722	0.13317	0.39412	0.00864	0.00431	0.00126	0.00209	0.09248	0.00356	0.00339
27	0.10447	0.01423	0.01048	0.00912	0.01120	0.58642	0.08555	0.01428	0.11108	0.01058	0.00677	0.00757	0.00541	0.00375	0.00328	0.00101	0.00562	0.00267	0.00211	0.00439
28	0.00500	0.00355	0.00431	0.00440	0.00471	0.00359	0.00286	0.00545	0.00588	0.00783	0.01491	0.11099	0.11505	0.49785	0.19495	0.00349	0.00445	0.00574	0.00239	0.00258
29	0.00457	0.00326	0.00437	0.00519	0.00547	0.00308	0.00362	0.00531	0.00703	0.00934	0.01961	0.75823	0.02326	0.02331	0.00483	0.00151	0.00226	0.10947	0.00332	0.00296
30	0.00655	0.00440	0.00546	0.00498	0.00618	0.00422	0.00380	0.00919	0.11152	0.09398	0.60680	0.02443	0.09050	0.00691	0.00411	0.00115	0.00198	0.00602	0.00392	0.00391
31	0.01359	0.09195	0.01126	0.00785	0.01073	0.01073	0.00658	0.66043	0.01519	0.12237	0.00897	0.00880	0.00631	0.00422	0.00348	0.00105	0.00384	0.00316	0.00351	0.00597
32	0.00675	0.00490	0.00542	0.00566	0.00639	0.08483	0.00404	0.00757	0.00750	0.11175	0.01672	0.59542	0.01862	0.01135	0.09320	0.00182	0.00341	0.00801	0.00319	0.00346
33	0.00438	0.00313	0.00417	0.00501	0.00522	0.00292	0.00334	0.00501	0.00689	0.00918	0.01983	0.87124	0.02379	0.01127	0.00459	0.00146	0.00209	0.01023	0.00334	0.00292
34	0.00890	0.00855	0.01460	0.02208	0.85115	0.00855	0.01104	0.01104	0.00819	0.01175	0.00677	0.00890	0.00570	0.00320	0.00356	0.00107	0.00427	0.00320	0.00178	0.00570
35	0.00937	0.00944	0.01414	0.02075	0.76383	0.09697	0.01061	0.01138	0.00840	0.01145	0.00664	0.00865	0.00559	0.00326	0.00353	0.00105	0.00450	0.00311	0.00179	0.00554
36	0.51626	0.01025	0.00796	0.00693	0.00901	0.26936	0.04680	0.01184	0.00755	0.03205	0.00548	0.00648	0.00436	0.00362	0.00317	0.00108	0.04935	0.00228	0.00211	0.00408
37	0.00725	0.00604	0.10898	0.00580	0.00705	0.00475	0.00485	0.09266	0.00657	0.00910	0.00654	0.00996	0.00594	0.00961	0.01059	0.60852	0.00343	0.00298	0.00182	0.08754
38	0.00833	0.01079	0.12261	0.01456	0.01841	0.00901	0.73778	0.01151	0.00838	0.01151	0.00718	0.00945	0.00535	0.00308	0.00414	0.00120	0.00597	0.00405	0.00178	0.00491
39	0.01344	0.01714	0.01019	0.00927	0.01112	0.85915	0.00695	0.01436	0.01019	0.00880	0.00556	0.00649	0.00463	0.00371	0.00324	0.00093	0.00649	0.00232	0.00185	0.00417
40	0.00476	0.00361	0.00439	0.00431	0.00520	0.00324	0.00319	0.00611	0.00923	0.01244	0.51469	0.11701	0.28212	0.00830	0.00428	0.00119	0.00178	0.00722	0.00371	0.00324
41	0.43482	0.00778	0.01021	0.02502	0.42056	0.00832	0.02295	0.01080	0.00719	0.01381	0.00593	0.00746	0.00482	0.00327	0.00294	0.00109	0.00360	0.00262	0.00199	0.00480
42	0.10529	0.09297	0.01092	0.00783	0.01053	0.11425	0.00648	0.57392	0.01406	0.01895	0.00754	0.00781	0.00556	0.00402	0.00329	0.00103	0.00413	0.00287	0.00305	0.00551
43	0.00476	0.00328	0.00423	0.00472	0.00515	0.00307	0.00327	0.00573	0.00771	0.01077	0.20635	0.58854	0.03519	0.00969	0.00431	0.00132	0.00196	0.00870	0.08817	0.00307
44	0.00661	0.00546	0.00667	0.00625	0.00713	0.01720	0.00486	0.00987	0.20420	0.01155	0.21977	0.02011	0.01674	0.12470	0.10964	0.00214	0.13011	0.09018	0.00296	0.00383
45	0.00434	0.00349	0.00388	0.00411	0.00500	0.00303	0.00296	0.00522	0.00793	0.00986	0.08416	0.28434	0.54979	0.00964	0.00435	0.00128	0.00189	0.00831	0.00338	0.00303
46	0.00890	0.00855	0.01460	0.02208	0.85115	0.00855	0.01104	0.01104	0.00819	0.01175	0.00677	0.00890	0.00570	0.00320	0.00356	0.00107	0.00427	0.00320	0.00178	0.00570
47	0.12062	0.00811	0.00920	0.08878	0.01124	0.00881	0.00626	0.35816	0.12366	0.21354	0.01008	0.00987	0.00702	0.00424	0.00344	0.00112	0.00354	0.00328	0.00345	0.00559
48	0.01097	0.09830	0.00988	0.00731	0.00973	0.00955	0.00595	0.20494	0.46751	0.11808	0.01222	0.01139	0.00896	0.00451	0.00350	0.00113	0.00323	0.00360	0.00352	0.00573
49	0.00670	0.00574	0.00950	0.00862	0.01019	0.00572	0.19351	0.00948	0.08790	0.01134	0.01597	0.03103	0.01634	0.00790	0.00468	0.00151	0.00389	0.56309	0.00301	0.00389
50	0.50922	0.00788	0.00771	0.11046	0.01046	0.00904	0.00557	0.27366	0.00968	0.01737	0.00633	0.00719	0.00471	0.00368	0.00283	0.00111	0.00340	0.00251	0.00259	0.00461
51	0.00892	0.00684	0.00926	0.02853	0.19917	0.00578	0.00606	0.01063	0.00799	0.12315	0.00751	0.00847	0.00587	0.00304	0.00301	0.00075	0.00313	0.00259	0.00235	0.55695
52	0.00946	0.00766	0.00806	0.00606	0.00902	0.08665	0.00484	0.08159	0.00888	0.10312	0.02063	0.00829	0.00617	0.00317	0.00293	0.00069	0.00317	0.00247	0.00251	0.62466
53	0.00686	0.00598	0.00955	0.03024	0.27186	0.00602	0.07655	0.00840	0.00778	0.02724	0.13937	0.01760	0.12173	0.12423	0.09348	0.00194	0.03993	0.00471	0.00243	0.00410
54	0.00747	0.00700	0.01134	0.59311	0.20228	0.00821	0.00977	0.01062	0.09446	0.01035	0.00733	0.00984	0.00563	0.00364	0.00360	0.00117	0.00448	0.00329	0.00185	0.00454
55	0.00447	0.00326	0.00420	0.00479	0.00520	0.00300	0.00328	0.00527	0.00749	0.00997	0.13714	0.66220	0.11549	0.01049	0.00451	0.00139	0.00200	0.00942	0.00343	0.00300
56	0.00515	0.00379	0.00547	0.00547	0.00600	0.00433	0.00410	0.00622	0.00569	0.00812	0.00992	0.01573	0.00968	0.17043	0.71683	0.00539	0.00859	0.00409	0.00197	0.00304

[dist]
# distance from previous block
# <min> <max>
0	0

# created by:
# /home/cegg/simao/soft/augustus-3.2.1/scripts/msa2prfl.pl ./align_prep/EOG092C4PD0.fa
