[name]
unknown

[dist]
# distance from previous block
# <min> <max>
0	69

[block]
# block no. 0 follows, 73 sequences, length 17
# corresponding to MSA columns:
# 72-88
name=unknown_A
#
# <colnr> <probs for GDERKNQSTAVLIFYWHMCP>
#	G	D	E	R	K	N	Q	S	T	A	V	L	I	F	Y	W	H	M	C	P
0	0.02755	0.01024	0.10205	0.05239	0.06991	0.07207	0.10049	0.17233	0.14348	0.04692	0.01913	0.02477	0.01605	0.00442	0.00388	0.00115	0.01750	0.02792	0.00277	0.08497
1	0.00989	0.02954	0.01253	0.05185	0.43220	0.02496	0.02495	0.03634	0.02361	0.11154	0.00816	0.00973	0.00646	0.00486	0.04800	0.00130	0.02096	0.00325	0.00233	0.13754
2	0.00888	0.00783	0.02603	0.09013	0.10468	0.04355	0.03260	0.07177	0.03506	0.05582	0.02097	0.06085	0.00789	0.04939	0.00517	0.00117	0.08946	0.00362	0.00243	0.28270
3	0.00559	0.00400	0.00459	0.00443	0.00559	0.00359	0.00335	0.00713	0.02986	0.04962	0.31035	0.06237	0.41640	0.00836	0.00431	0.00123	0.00197	0.01998	0.05377	0.00353
4	0.05512	0.06033	0.06896	0.04203	0.23234	0.05816	0.08272	0.01148	0.06810	0.01124	0.00686	0.00895	0.00577	0.00497	0.02473	0.00138	0.24672	0.00327	0.00194	0.00494
5	0.01135	0.00793	0.00913	0.02948	0.01002	0.03033	0.00622	0.21822	0.20663	0.17150	0.01183	0.01207	0.02627	0.00674	0.06809	0.00158	0.10769	0.00377	0.05573	0.00543
6	0.00459	0.00334	0.00433	0.00506	0.00541	0.00308	0.00342	0.00533	0.00747	0.00988	0.06043	0.74692	0.10420	0.01135	0.00474	0.00148	0.00213	0.01022	0.00351	0.00308
7	0.00521	0.00382	0.00477	0.00453	0.00548	0.00348	0.00340	0.00684	0.01019	0.01419	0.68396	0.02899	0.17048	0.00788	0.00438	0.00119	0.00179	0.00688	0.02907	0.00348
8	0.00463	0.00341	0.00431	0.00491	0.00536	0.00312	0.00335	0.00542	0.00768	0.01010	0.09487	0.63389	0.16502	0.02895	0.00500	0.00149	0.00212	0.00975	0.00351	0.00309
9	0.01003	0.87041	0.01966	0.00642	0.00963	0.01485	0.00642	0.01123	0.00762	0.00883	0.00522	0.00602	0.00481	0.00321	0.00241	0.00080	0.00401	0.00201	0.00160	0.00481
10	0.01406	0.00757	0.00904	0.00729	0.00996	0.00770	0.00591	0.14889	0.27279	0.45336	0.01402	0.01256	0.00951	0.00476	0.00378	0.00119	0.00327	0.00386	0.00424	0.00624
11	0.52588	0.00827	0.00722	0.00618	0.00860	0.06207	0.00501	0.10149	0.11178	0.11942	0.00810	0.00826	0.00592	0.00396	0.00291	0.00116	0.00332	0.00269	0.00292	0.00485
12	0.03389	0.00642	0.00755	0.00556	0.00863	0.00505	0.00446	0.01056	0.00820	0.12187	0.02666	0.00916	0.00688	0.00323	0.00292	0.00068	0.00276	0.00259	0.04879	0.68412
13	0.00460	0.00345	0.00417	0.00472	0.00523	0.00313	0.00320	0.00529	0.00745	0.00956	0.02510	0.55575	0.26514	0.07774	0.00580	0.00161	0.00221	0.00945	0.00339	0.00302
14	0.00450	0.00369	0.00398	0.00415	0.00517	0.00316	0.00302	0.00543	0.00835	0.01023	0.07023	0.21613	0.62914	0.00991	0.00451	0.00132	0.00195	0.00846	0.00351	0.00316
15	0.01012	0.00896	0.03627	0.04615	0.26534	0.03133	0.02627	0.16855	0.23983	0.03742	0.02431	0.02821	0.00882	0.00453	0.00379	0.00118	0.00392	0.02138	0.02795	0.00567
16	0.08136	0.01148	0.01175	0.02795	0.01219	0.30920	0.18287	0.10741	0.03470	0.03453	0.00872	0.08795	0.00775	0.04961	0.00465	0.00128	0.01560	0.00396	0.00245	0.00458

[dist]
# distance from previous block
# <min> <max>
2	6

[block]
# block no. 1 follows, 73 sequences, length 15
# corresponding to MSA columns:
# 95,107-120
name=unknown_B
#
# <colnr> <probs for GDERKNQSTAVLIFYWHMCP>
#	G	D	E	R	K	N	Q	S	T	A	V	L	I	F	Y	W	H	M	C	P
0	0.00469	0.00344	0.00456	0.00519	0.00559	0.00331	0.00360	0.00551	0.00725	0.00966	0.04332	0.63641	0.10429	0.01380	0.12824	0.00214	0.00328	0.00932	0.00329	0.00312
1	0.00643	0.02568	0.01030	0.21444	0.02612	0.00630	0.17175	0.00839	0.02817	0.01050	0.04799	0.30983	0.09066	0.00715	0.00444	0.00134	0.01726	0.00665	0.00266	0.00393
2	0.19885	0.02246	0.01008	0.02042	0.01065	0.17383	0.07701	0.07910	0.03368	0.22117	0.00898	0.03499	0.00679	0.00447	0.00422	0.00118	0.08089	0.00331	0.00290	0.00501
3	0.00729	0.00677	0.01111	0.07621	0.06032	0.02933	0.21572	0.03971	0.03108	0.01073	0.01154	0.17771	0.01165	0.10882	0.10967	0.00218	0.03593	0.04773	0.00243	0.00406
4	0.03936	0.00667	0.00860	0.00667	0.00944	0.00611	0.00549	0.10305	0.01126	0.68407	0.04375	0.01278	0.00979	0.00470	0.00372	0.00115	0.00319	0.00379	0.03028	0.00614
5	0.05160	0.10486	0.30548	0.00995	0.04859	0.06873	0.07339	0.07594	0.07618	0.02798	0.02011	0.00954	0.02652	0.00451	0.01696	0.00124	0.06783	0.00321	0.00218	0.00518
6	0.00972	0.02137	0.19474	0.04966	0.11193	0.06237	0.04719	0.13463	0.12798	0.04953	0.05670	0.01123	0.02067	0.01287	0.00447	0.00122	0.06223	0.00363	0.01252	0.00534
7	0.00504	0.00359	0.00458	0.00490	0.00521	0.00361	0.00327	0.00562	0.00643	0.00862	0.01649	0.33766	0.07178	0.31560	0.18723	0.00319	0.00432	0.00727	0.00275	0.00285
8	0.00536	0.00403	0.00572	0.00570	0.00630	0.00448	0.00431	0.00658	0.00686	0.00972	0.14160	0.10471	0.03138	0.08228	0.52717	0.00439	0.03831	0.00528	0.00253	0.00330
9	0.00878	0.00746	0.00793	0.00718	0.00915	0.00846	0.00559	0.04702	0.67488	0.01523	0.04037	0.03706	0.08481	0.00580	0.00394	0.00128	0.00288	0.02289	0.00378	0.00552
10	0.00775	0.00634	0.00691	0.00633	0.00806	0.00683	0.00485	0.01431	0.47842	0.02735	0.12106	0.09364	0.12515	0.00645	0.00398	0.00124	0.00257	0.00549	0.02641	0.04687
11	0.00781	0.00686	0.00870	0.04005	0.01015	0.00538	0.04984	0.00959	0.00783	0.01211	0.00672	0.00800	0.00554	0.00284	0.00291	0.00062	0.00306	0.00239	0.00218	0.80743
12	0.11316	0.11146	0.08245	0.03571	0.01136	0.03356	0.05832	0.17590	0.10949	0.16586	0.00979	0.01937	0.00730	0.00433	0.00358	0.00115	0.01500	0.01797	0.01882	0.00542
13	0.00522	0.00383	0.00489	0.00462	0.00555	0.00350	0.00347	0.00690	0.01040	0.01453	0.75873	0.02887	0.11975	0.00786	0.00443	0.00119	0.00178	0.00690	0.00406	0.00350
14	0.00506	0.00399	0.00487	0.02120	0.00588	0.00392	0.00359	0.00600	0.00801	0.01051	0.18045	0.25611	0.30072	0.10741	0.00671	0.00162	0.05969	0.00777	0.00331	0.00319

[dist]
# distance from previous block
# <min> <max>
0	1

[block]
# block no. 2 follows, 73 sequences, length 13
# corresponding to MSA columns:
# 122-134
name=unknown_C
#
# <colnr> <probs for GDERKNQSTAVLIFYWHMCP>
#	G	D	E	R	K	N	Q	S	T	A	V	L	I	F	Y	W	H	M	C	P
0	0.04749	0.10465	0.10339	0.03447	0.01146	0.05610	0.02882	0.19233	0.06603	0.20149	0.00936	0.00969	0.00678	0.00514	0.03483	0.00131	0.05754	0.00322	0.00299	0.02289
1	0.00752	0.01941	0.84871	0.01069	0.01624	0.00871	0.01386	0.01188	0.00792	0.01188	0.00673	0.00792	0.00475	0.00356	0.00356	0.00119	0.00554	0.00277	0.00158	0.00554
2	0.00455	0.00363	0.00409	0.00434	0.00524	0.00316	0.00312	0.00548	0.00828	0.01038	0.10187	0.30554	0.50696	0.01008	0.00455	0.00134	0.00198	0.00871	0.00354	0.00316
3	0.00800	0.00760	0.01290	0.51195	0.36588	0.00858	0.01087	0.01039	0.00793	0.01069	0.00683	0.00970	0.00539	0.00358	0.00374	0.00119	0.00478	0.00334	0.00175	0.00490
4	0.05304	0.75056	0.01815	0.00653	0.00959	0.01407	0.00635	0.04111	0.00796	0.03279	0.00561	0.00637	0.00496	0.00340	0.00276	0.00086	0.02707	0.00214	0.00180	0.00486
5	0.01012	0.04170	0.24752	0.03164	0.14233	0.00764	0.03033	0.04706	0.00909	0.18936	0.04582	0.01013	0.00750	0.00389	0.00368	0.00106	0.01814	0.00323	0.00259	0.14714
6	0.05350	0.02845	0.04707	0.10009	0.08042	0.11308	0.07329	0.06944	0.07385	0.15466	0.04897	0.01073	0.00798	0.00514	0.03105	0.00134	0.07826	0.00351	0.00271	0.01645
7	0.05490	0.00790	0.00957	0.00767	0.01031	0.00820	0.04572	0.19697	0.24630	0.32031	0.04306	0.01240	0.00979	0.00472	0.00377	0.00119	0.00342	0.00388	0.00395	0.00598
8	0.00707	0.00650	0.01085	0.77511	0.04800	0.00800	0.00993	0.00948	0.00754	0.00985	0.00731	0.03431	0.00578	0.00399	0.00373	0.00124	0.00477	0.00355	0.03883	0.00416
9	0.00967	0.08915	0.18926	0.02514	0.14492	0.04729	0.15701	0.08705	0.06372	0.06579	0.00938	0.04023	0.02400	0.00450	0.01432	0.00123	0.00481	0.01482	0.00238	0.00534
10	0.00827	0.00851	0.01097	0.34773	0.01671	0.14642	0.09270	0.01049	0.04271	0.01011	0.04745	0.02810	0.00822	0.04983	0.05116	0.00164	0.08772	0.02505	0.00207	0.00415
11	0.00489	0.00349	0.00443	0.00481	0.00527	0.00324	0.00328	0.00566	0.00782	0.01048	0.20188	0.46064	0.12062	0.10460	0.00661	0.03493	0.00226	0.00864	0.00342	0.00303
12	0.00875	0.08207	0.43863	0.00993	0.01399	0.03915	0.11059	0.07567	0.02089	0.04604	0.02349	0.05111	0.03988	0.00439	0.00385	0.00118	0.01934	0.00367	0.00217	0.00522

[dist]
# distance from previous block
# <min> <max>
4	25

[block]
# block no. 3 follows, 73 sequences, length 45
# corresponding to MSA columns:
# 160-176,178-181,186-200,209-216,225
name=unknown_D
#
# <colnr> <probs for GDERKNQSTAVLIFYWHMCP>
#	G	D	E	R	K	N	Q	S	T	A	V	L	I	F	Y	W	H	M	C	P
0	0.07501	0.07177	0.02449	0.04051	0.14486	0.07341	0.02958	0.03617	0.06542	0.04066	0.00940	0.03019	0.00903	0.29846	0.00903	0.00199	0.02951	0.00403	0.00233	0.00417
1	0.00477	0.00347	0.00445	0.00491	0.00539	0.00320	0.00339	0.00570	0.00811	0.01089	0.22314	0.54318	0.11426	0.04038	0.00516	0.00149	0.00210	0.00924	0.00360	0.00315
2	0.00925	0.01037	0.13865	0.01353	0.27494	0.06959	0.08932	0.01295	0.14021	0.06255	0.06948	0.01243	0.04605	0.00443	0.00409	0.00118	0.02919	0.00391	0.00253	0.00536
3	0.00548	0.00443	0.00606	0.01688	0.00694	0.00419	0.06050	0.01729	0.04767	0.01212	0.29680	0.23708	0.22487	0.01773	0.02327	0.00143	0.00255	0.00759	0.00354	0.00357
4	0.00718	0.00742	0.05651	0.63155	0.08557	0.00801	0.05031	0.00969	0.00785	0.01036	0.05673	0.03727	0.00751	0.00416	0.00384	0.00124	0.00478	0.00379	0.00189	0.00435
5	0.02447	0.01078	0.10313	0.01733	0.01246	0.09685	0.13776	0.18477	0.11474	0.07383	0.05788	0.01070	0.00824	0.00466	0.00502	0.00124	0.12439	0.00368	0.00279	0.00527
6	0.00805	0.00666	0.00781	0.00559	0.00891	0.00502	0.00448	0.00971	0.00787	0.03699	0.00691	0.00793	0.00567	0.00283	0.00281	0.00057	0.00279	0.00227	0.00229	0.86484
7	0.05741	0.10740	0.01265	0.15320	0.21913	0.06286	0.00847	0.21536	0.07373	0.01445	0.00765	0.00896	0.00598	0.00396	0.00378	0.00113	0.03293	0.00314	0.00244	0.00537
8	0.01037	0.02341	0.05025	0.00725	0.01049	0.00644	0.08023	0.05870	0.04900	0.20374	0.00923	0.00979	0.00685	0.01957	0.00359	0.00092	0.00345	0.00302	0.00287	0.44083
9	0.04897	0.07428	0.35237	0.02168	0.05354	0.03250	0.02230	0.02262	0.02837	0.23713	0.04486	0.02855	0.00794	0.00422	0.00357	0.00115	0.00436	0.00339	0.00270	0.00549
10	0.03229	0.00897	0.00998	0.00781	0.01053	0.02061	0.00639	0.53071	0.03003	0.21212	0.01049	0.01068	0.00747	0.03336	0.04957	0.00148	0.00420	0.00355	0.00377	0.00601
11	0.00490	0.00378	0.00451	0.00464	0.00554	0.00343	0.00347	0.00608	0.00869	0.01131	0.24718	0.16167	0.36733	0.03632	0.04263	0.00161	0.00246	0.07764	0.00355	0.00325
12	0.02412	0.08896	0.04084	0.05590	0.33967	0.00847	0.05768	0.05652	0.00945	0.22526	0.03342	0.02698	0.00780	0.00403	0.00367	0.00113	0.00411	0.00360	0.00273	0.00567
13	0.00873	0.00711	0.05068	0.10948	0.18535	0.02633	0.02633	0.01058	0.02426	0.14073	0.12297	0.01585	0.03954	0.14072	0.03711	0.00175	0.04082	0.00437	0.00272	0.00456
14	0.00541	0.00390	0.00479	0.00453	0.00557	0.00350	0.00341	0.00695	0.01006	0.03784	0.60075	0.02977	0.25350	0.00808	0.00441	0.00120	0.00185	0.00700	0.00397	0.00352
15	0.01028	0.00792	0.00943	0.03888	0.06653	0.00854	0.02875	0.27123	0.25167	0.06497	0.06726	0.01598	0.11812	0.00548	0.00394	0.00121	0.00340	0.01739	0.00355	0.00547
16	0.01845	0.25947	0.17843	0.00986	0.07859	0.05333	0.08083	0.08135	0.04201	0.11110	0.00817	0.03195	0.00644	0.00397	0.00355	0.00108	0.02057	0.00317	0.00235	0.00534
17	0.00582	0.00370	0.00428	0.00422	0.00432	0.00367	0.00244	0.00581	0.00568	0.03035	0.02932	0.02358	0.01359	0.77899	0.01812	0.05250	0.00356	0.00532	0.00234	0.00238
18	0.01618	0.00704	0.00907	0.00697	0.00986	0.00653	0.00575	0.15744	0.01192	0.69081	0.02922	0.01241	0.00928	0.00468	0.00378	0.00116	0.00333	0.00376	0.00448	0.00633
19	0.00844	0.00801	0.01351	0.33018	0.51568	0.00865	0.01093	0.01093	0.02539	0.01133	0.00724	0.01006	0.00590	0.00362	0.00375	0.00118	0.00461	0.01348	0.00185	0.00526
20	0.00783	0.00718	0.01193	0.15870	0.45131	0.00742	0.03324	0.02714	0.00825	0.01139	0.01051	0.21504	0.01054	0.00555	0.00402	0.00125	0.00403	0.01750	0.00228	0.00490
21	0.00968	0.00823	0.00868	0.00770	0.00989	0.00949	0.00602	0.07675	0.78059	0.01625	0.01483	0.01365	0.01110	0.00505	0.00381	0.00126	0.00305	0.00418	0.00381	0.00597
22	0.89465	0.00726	0.00551	0.00493	0.00726	0.00842	0.00406	0.01103	0.00638	0.01683	0.00522	0.00609	0.00406	0.00348	0.00232	0.00116	0.00290	0.00203	0.00232	0.00406
23	0.01003	0.87041	0.01966	0.00642	0.00963	0.01485	0.00642	0.01123	0.00762	0.00883	0.00522	0.00602	0.00481	0.00321	0.00241	0.00080	0.00401	0.00201	0.00160	0.00481
24	0.01927	0.00418	0.00574	0.04806	0.00718	0.00456	0.00443	0.02198	0.00682	0.01880	0.01486	0.21649	0.08606	0.08912	0.41789	0.00383	0.01890	0.00595	0.00255	0.00333
25	0.11305	0.01963	0.13726	0.01791	0.01127	0.00845	0.02724	0.26072	0.03510	0.26813	0.02583	0.01074	0.00765	0.00438	0.00359	0.00116	0.00387	0.01833	0.00341	0.02227
26	0.01805	0.00428	0.00537	0.00494	0.00598	0.00408	0.00375	0.05653	0.01094	0.01548	0.76402	0.02676	0.05058	0.00746	0.00436	0.00118	0.00193	0.00654	0.00407	0.00371
27	0.00463	0.00331	0.00442	0.00529	0.00554	0.00310	0.00359	0.00533	0.00724	0.00965	0.02064	0.83191	0.02468	0.01170	0.00480	0.00153	0.00223	0.04385	0.00348	0.00306
28	0.03361	0.01044	0.01113	0.00855	0.01154	0.01156	0.00706	0.81419	0.01739	0.02349	0.00892	0.00894	0.00633	0.00448	0.00372	0.00113	0.00410	0.00335	0.00372	0.00633
29	0.03636	0.00746	0.01116	0.14338	0.17324	0.00795	0.06910	0.06048	0.08646	0.17634	0.06688	0.02126	0.03363	0.00478	0.00456	0.00124	0.07413	0.01349	0.00290	0.00521
30	0.01090	0.00980	0.02595	0.00794	0.01061	0.18820	0.06455	0.01483	0.22114	0.14032	0.03343	0.01065	0.00831	0.00407	0.00350	0.00100	0.00402	0.00331	0.00296	0.23451
31	0.01003	0.87041	0.01966	0.00642	0.00963	0.01485	0.00642	0.01123	0.00762	0.00883	0.00522	0.00602	0.00481	0.00321	0.00241	0.00080	0.00401	0.00201	0.00160	0.00481
32	0.00475	0.00368	0.00435	0.00476	0.00557	0.00330	0.00352	0.00571	0.00811	0.01024	0.06260	0.33364	0.39483	0.02362	0.00489	0.00145	0.00223	0.11610	0.00349	0.00316
33	0.05849	0.03385	0.12461	0.08918	0.05133	0.00935	0.10199	0.06738	0.00796	0.04493	0.00724	0.01822	0.00592	0.00537	0.02951	0.00144	0.27246	0.00338	0.06271	0.00469
34	0.00485	0.00369	0.00446	0.00452	0.00539	0.00330	0.00330	0.00609	0.00915	0.01216	0.38680	0.21966	0.30461	0.00921	0.00451	0.00129	0.00191	0.00804	0.00377	0.00330
35	0.00489	0.00355	0.00437	0.00487	0.00551	0.00320	0.00343	0.00572	0.00783	0.02956	0.05065	0.54492	0.26951	0.01074	0.00466	0.00143	0.00215	0.03631	0.00353	0.00319
36	0.01683	0.00638	0.00871	0.00668	0.00958	0.00551	0.00551	0.01828	0.01074	0.84734	0.01480	0.01277	0.00929	0.00464	0.00377	0.00116	0.00319	0.00377	0.00464	0.00638
37	0.00457	0.00326	0.00435	0.00522	0.00544	0.00305	0.00348	0.00522	0.00718	0.00958	0.02068	0.86570	0.02481	0.01175	0.00479	0.00152	0.00218	0.01067	0.00348	0.00305
38	0.07734	0.00742	0.00824	0.00704	0.00939	0.00800	0.00559	0.04329	0.47762	0.26179	0.01409	0.01289	0.01004	0.00480	0.00365	0.00121	0.00302	0.00389	0.03482	0.00586
39	0.00557	0.00428	0.00636	0.02214	0.00714	0.00508	0.00492	0.00678	0.00607	0.00873	0.01013	0.06029	0.00976	0.02495	0.71237	0.03046	0.06527	0.00430	0.00205	0.00335
40	0.00901	0.09202	0.48878	0.00963	0.01392	0.00868	0.06399	0.01300	0.07917	0.11226	0.00927	0.01140	0.00711	0.00424	0.00368	0.00120	0.00481	0.06012	0.00230	0.00544
41	0.00474	0.00351	0.00466	0.02983	0.00608	0.00335	0.00370	0.00562	0.00759	0.01011	0.09993	0.63830	0.10015	0.01180	0.05029	0.00170	0.00262	0.00947	0.00341	0.00315
42	0.00790	0.07224	0.71582	0.01044	0.01542	0.02906	0.02753	0.01176	0.00786	0.01147	0.00653	0.00783	0.00478	0.00371	0.00399	0.00119	0.05272	0.00277	0.00160	0.00538
43	0.00683	0.00534	0.04863	0.00619	0.04547	0.00465	0.04169	0.02644	0.03499	0.03888	0.25775	0.09300	0.08591	0.00629	0.00376	0.00112	0.00246	0.00547	0.28117	0.00396
44	0.00797	0.02612	0.63692	0.02633	0.04457	0.00867	0.08046	0.01187	0.01877	0.03711	0.00757	0.01927	0.00574	0.00392	0.00395	0.00122	0.03015	0.02219	0.00181	0.00540

[dist]
# distance from previous block
# <min> <max>
5	8

[block]
# block no. 4 follows, 73 sequences, length 8
# corresponding to MSA columns:
# 234-241
name=unknown_E
#
# <colnr> <probs for GDERKNQSTAVLIFYWHMCP>
#	G	D	E	R	K	N	Q	S	T	A	V	L	I	F	Y	W	H	M	C	P
0	0.00813	0.00775	0.06771	0.53475	0.12206	0.00808	0.00979	0.05359	0.00847	0.05567	0.04967	0.01095	0.00710	0.00487	0.03490	0.00139	0.00485	0.00352	0.00209	0.00465
1	0.05706	0.07983	0.07306	0.05113	0.29942	0.06021	0.02768	0.09573	0.06429	0.05331	0.07723	0.01062	0.00856	0.00405	0.00357	0.00111	0.00418	0.00344	0.00249	0.02304
2	0.00841	0.02143	0.28155	0.07714	0.03730	0.01782	0.04441	0.05656	0.08722	0.07810	0.13283	0.02319	0.03205	0.03540	0.03336	0.00145	0.02006	0.00409	0.00267	0.00495
3	0.05508	0.00721	0.05021	0.00676	0.04863	0.00581	0.00528	0.08179	0.00866	0.01317	0.03510	0.11028	0.03692	0.00447	0.00327	0.00085	0.00299	0.00372	0.00256	0.51724
4	0.42047	0.06552	0.00856	0.00711	0.05287	0.04534	0.04443	0.02319	0.01868	0.13621	0.02037	0.05584	0.02317	0.00517	0.03420	0.00132	0.00364	0.00326	0.00269	0.02797
5	0.06750	0.07843	0.07193	0.05526	0.09146	0.00923	0.35218	0.04098	0.05594	0.02815	0.05260	0.01120	0.03281	0.00398	0.00415	0.00120	0.03182	0.00394	0.00225	0.00500
6	0.01076	0.03009	0.07658	0.02859	0.25380	0.06015	0.02548	0.16862	0.03250	0.11067	0.05566	0.01089	0.02465	0.00412	0.00365	0.00107	0.00411	0.00349	0.00276	0.09237
7	0.16324	0.00713	0.03579	0.14322	0.07322	0.00737	0.05868	0.07780	0.07810	0.05057	0.03794	0.14931	0.01084	0.03094	0.00431	0.00134	0.01416	0.03029	0.02125	0.00452

[dist]
# distance from previous block
# <min> <max>
45	141

[block]
# block no. 5 follows, 73 sequences, length 36
# corresponding to MSA columns:
# 461-496
name=unknown_F
#
# <colnr> <probs for GDERKNQSTAVLIFYWHMCP>
#	G	D	E	R	K	N	Q	S	T	A	V	L	I	F	Y	W	H	M	C	P
0	0.03003	0.07735	0.12255	0.00947	0.07720	0.09341	0.07240	0.14250	0.05006	0.09970	0.06406	0.02105	0.03525	0.00456	0.00386	0.02033	0.00423	0.00360	0.00274	0.06564
1	0.02421	0.10915	0.20954	0.00843	0.03354	0.04083	0.03290	0.12058	0.08714	0.08215	0.05306	0.01136	0.01829	0.02038	0.00379	0.00111	0.00408	0.02306	0.00267	0.11372
2	0.02419	0.10453	0.20203	0.00915	0.06855	0.03749	0.03326	0.14478	0.07264	0.10817	0.05569	0.01180	0.05902	0.00450	0.00372	0.00112	0.01658	0.00360	0.00278	0.03639
3	0.00897	0.07826	0.20118	0.00898	0.05349	0.08332	0.05606	0.07302	0.06408	0.03953	0.08810	0.04619	0.03934	0.00488	0.01267	0.00114	0.02024	0.00382	0.00253	0.11420
4	0.04585	0.12261	0.25838	0.00907	0.05731	0.00854	0.06001	0.05256	0.06376	0.06476	0.04186	0.05751	0.06140	0.00470	0.00379	0.00114	0.02506	0.00385	0.00246	0.05539
5	0.03225	0.09140	0.16280	0.00764	0.01010	0.06542	0.03811	0.06395	0.08856	0.05590	0.05810	0.13294	0.02711	0.03897	0.06346	0.00161	0.02511	0.00458	0.00268	0.02931
6	0.04460	0.13189	0.17862	0.00785	0.02087	0.03376	0.03110	0.06354	0.10640	0.10552	0.04892	0.03928	0.07178	0.00481	0.00383	0.00112	0.03336	0.00380	0.00274	0.06621
7	0.03383	0.13482	0.29475	0.00923	0.02984	0.08046	0.04685	0.16005	0.03166	0.07452	0.00845	0.00911	0.02549	0.00430	0.01643	0.00116	0.00479	0.00305	0.00240	0.02882
8	0.03176	0.21059	0.27996	0.02049	0.01202	0.05397	0.03291	0.06289	0.02526	0.05504	0.03950	0.00948	0.01701	0.02784	0.00394	0.00111	0.02645	0.00299	0.00217	0.08462
9	0.08894	0.15192	0.13373	0.00772	0.03320	0.02423	0.01740	0.12572	0.05187	0.09669	0.02392	0.02670	0.02597	0.02333	0.12536	0.00184	0.00481	0.00341	0.00261	0.03063
10	0.02845	0.18476	0.26986	0.00830	0.01173	0.08049	0.04257	0.08549	0.00916	0.10519	0.00920	0.03180	0.03429	0.04754	0.00418	0.00120	0.00451	0.00332	0.01753	0.02043
11	0.04394	0.18964	0.32775	0.00838	0.01209	0.00971	0.02193	0.13746	0.03849	0.06892	0.02847	0.02034	0.02996	0.00520	0.04088	0.00132	0.00464	0.00321	0.00239	0.00529
12	0.04665	0.41213	0.16998	0.00771	0.01119	0.01164	0.02581	0.15286	0.00961	0.05325	0.02265	0.00851	0.00621	0.00380	0.00307	0.00099	0.00420	0.01949	0.00226	0.02800
13	0.02425	0.48712	0.12444	0.02631	0.01132	0.03164	0.00760	0.20370	0.01013	0.03262	0.00657	0.00723	0.00527	0.00362	0.00295	0.00096	0.00429	0.00251	0.00220	0.00528
14	0.13591	0.53192	0.04110	0.00680	0.00984	0.03177	0.00641	0.16086	0.00934	0.01277	0.00622	0.02090	0.00532	0.00365	0.00274	0.00094	0.00395	0.00244	0.00214	0.00498
15	0.11140	0.44808	0.18856	0.00741	0.01097	0.02366	0.01879	0.05311	0.00829	0.05997	0.00637	0.00709	0.00509	0.00346	0.00284	0.00096	0.00419	0.00239	0.00200	0.03539
16	0.53280	0.14083	0.12801	0.00651	0.02748	0.00930	0.00608	0.03396	0.00732	0.03189	0.00647	0.00727	0.02121	0.00360	0.00266	0.00110	0.00350	0.00236	0.00221	0.02545
17	0.36729	0.13970	0.31335	0.00751	0.01119	0.00962	0.00819	0.06388	0.00794	0.03225	0.00622	0.00707	0.00468	0.00356	0.00291	0.00112	0.00411	0.00242	0.00209	0.00491
18	0.00652	0.00326	0.00489	0.00489	0.00489	0.00326	0.00326	0.00489	0.00489	0.00652	0.00652	0.01140	0.00652	0.01303	0.01466	0.89084	0.00326	0.00326	0.00163	0.00163
19	0.00443	0.00380	0.00380	0.00380	0.00507	0.00317	0.00285	0.00538	0.00855	0.01014	0.03801	0.03611	0.84322	0.00950	0.00443	0.00127	0.00190	0.00792	0.00348	0.00317
20	0.00971	0.00854	0.00867	0.00775	0.00990	0.04318	0.00604	0.05052	0.77378	0.01574	0.01465	0.01352	0.01100	0.00502	0.00380	0.00125	0.00317	0.00414	0.00374	0.00589
21	0.00771	0.00657	0.00771	0.00561	0.00885	0.00497	0.00451	0.00938	0.00781	0.01218	0.00720	0.00918	0.00621	0.00309	0.00288	0.00060	0.00281	0.03532	0.00227	0.85514
22	0.01133	0.20487	0.18451	0.00891	0.01247	0.01150	0.05597	0.38447	0.06226	0.01677	0.00799	0.00848	0.00596	0.00398	0.00346	0.00108	0.00445	0.00306	0.00273	0.00576
23	0.01386	0.01756	0.01056	0.00960	0.01154	0.82525	0.00721	0.01514	0.03793	0.00940	0.00611	0.00700	0.00505	0.00391	0.00340	0.00098	0.00664	0.00248	0.00200	0.00440
24	0.00502	0.00360	0.00446	0.00479	0.00549	0.00324	0.00339	0.00600	0.00832	0.03418	0.18770	0.46057	0.23913	0.01016	0.00460	0.00138	0.00205	0.00899	0.00364	0.00327
25	0.04133	0.02226	0.02563	0.02948	0.31474	0.02560	0.07013	0.04349	0.14858	0.07507	0.00989	0.03052	0.01992	0.00492	0.01722	0.00130	0.08921	0.02280	0.00255	0.00539
26	0.00835	0.05303	0.20630	0.04607	0.33929	0.00837	0.05238	0.02315	0.02966	0.03136	0.02650	0.06535	0.04107	0.00512	0.02752	0.00132	0.02380	0.00397	0.00213	0.00524
27	0.00828	0.00815	0.07335	0.07098	0.06367	0.00904	0.02224	0.02261	0.03584	0.06121	0.09244	0.01196	0.01782	0.00717	0.05936	0.00171	0.41517	0.01227	0.00226	0.00447
28	0.00783	0.00784	0.01469	0.04653	0.25604	0.00757	0.32197	0.01012	0.00856	0.01155	0.01316	0.06429	0.10786	0.00530	0.00430	0.00129	0.00464	0.09938	0.00233	0.00476
29	0.02196	0.01937	0.02942	0.00680	0.02428	0.04334	0.01518	0.11041	0.02230	0.31432	0.08567	0.07539	0.17453	0.00628	0.00417	0.00121	0.02153	0.01509	0.00374	0.00502
30	0.00859	0.00822	0.05840	0.21569	0.41481	0.00792	0.02854	0.02744	0.00848	0.05425	0.02228	0.07898	0.02232	0.00437	0.00382	0.00118	0.00431	0.00405	0.00218	0.02415
31	0.01076	0.63574	0.08925	0.00701	0.01032	0.03636	0.00700	0.04057	0.02618	0.09669	0.00670	0.00718	0.00547	0.00349	0.00275	0.00090	0.00412	0.00236	0.00205	0.00511
32	0.04457	0.00927	0.08237	0.01587	0.03351	0.09255	0.03850	0.20953	0.05125	0.09739	0.01232	0.18738	0.02425	0.00611	0.00411	0.00124	0.02097	0.04174	0.00313	0.02394
33	0.37418	0.03735	0.05937	0.04229	0.07528	0.08819	0.00624	0.03219	0.03562	0.11351	0.02319	0.04074	0.00681	0.00467	0.02079	0.00125	0.01784	0.00306	0.00257	0.01485
34	0.09976	0.00904	0.17720	0.00770	0.02371	0.01697	0.03927	0.11311	0.03757	0.09933	0.04260	0.18663	0.04043	0.06221	0.00507	0.00142	0.02526	0.00512	0.00294	0.00466
35	0.03574	0.15127	0.03493	0.01711	0.00979	0.04757	0.07374	0.15024	0.06875	0.06441	0.08575	0.11211	0.03318	0.07063	0.00486	0.00132	0.00372	0.00462	0.00293	0.02733

[dist]
# distance from previous block
# <min> <max>
3	80

[block]
# block no. 6 follows, 73 sequences, length 30
# corresponding to MSA columns:
# 577-606
name=unknown_G
#
# <colnr> <probs for GDERKNQSTAVLIFYWHMCP>
#	G	D	E	R	K	N	Q	S	T	A	V	L	I	F	Y	W	H	M	C	P
0	0.00974	0.03395	0.17909	0.02670	0.07279	0.10742	0.05758	0.09012	0.09075	0.08479	0.06927	0.03463	0.06633	0.00474	0.00375	0.00113	0.00426	0.00396	0.00275	0.05625
1	0.07322	0.04761	0.06009	0.02869	0.05484	0.02065	0.12664	0.06144	0.09691	0.10464	0.03906	0.07372	0.01725	0.00447	0.00360	0.00108	0.00378	0.00393	0.00278	0.17559
2	0.03749	0.00987	0.18481	0.09724	0.23210	0.00750	0.01825	0.04227	0.01825	0.06526	0.02089	0.01921	0.01743	0.00405	0.00389	0.03259	0.00413	0.00320	0.00221	0.17937
3	0.01708	0.01877	0.01791	0.03722	0.10103	0.04268	0.07089	0.05227	0.13102	0.03849	0.09132	0.04893	0.07813	0.03810	0.04023	0.00146	0.06801	0.00447	0.00278	0.09920
4	0.00628	0.00567	0.00555	0.00570	0.00676	0.10623	0.00433	0.02094	0.00868	0.01067	0.07400	0.26736	0.26008	0.00917	0.00447	0.00136	0.00292	0.15952	0.00329	0.03702
5	0.02218	0.03844	0.01590	0.06962	0.20526	0.00858	0.34647	0.03223	0.04194	0.06966	0.02356	0.05018	0.00812	0.00420	0.00406	0.00122	0.00486	0.03520	0.00235	0.01596
6	0.00938	0.00499	0.00646	0.00558	0.00721	0.00461	0.00435	0.02798	0.05332	0.28519	0.45630	0.05610	0.04944	0.00671	0.00418	0.00119	0.00236	0.00580	0.00423	0.00461
7	0.12346	0.00643	0.00821	0.00640	0.00919	0.00583	0.00528	0.01720	0.01015	0.72881	0.01358	0.01198	0.00866	0.00450	0.00357	0.00115	0.00313	0.00356	0.02288	0.00604
8	0.00604	0.00411	0.00467	0.00485	0.00571	0.00412	0.00353	0.00853	0.12139	0.01231	0.08679	0.31406	0.10860	0.00796	0.00392	0.00124	0.00211	0.01941	0.27702	0.00364
9	0.00896	0.00499	0.00634	0.00600	0.00750	0.00469	0.00484	0.06763	0.00956	0.23160	0.03541	0.17679	0.14890	0.00828	0.00441	0.00138	0.00286	0.22807	0.03749	0.00431
10	0.00956	0.00817	0.00861	0.00768	0.00984	0.00944	0.00599	0.05712	0.80041	0.01606	0.01498	0.01377	0.01122	0.00506	0.00381	0.00127	0.00302	0.00420	0.00381	0.00596
11	0.37290	0.00793	0.00780	0.00654	0.00900	0.00881	0.00531	0.19011	0.19379	0.12385	0.03269	0.00993	0.00773	0.00432	0.00320	0.00118	0.00319	0.00316	0.00331	0.00526
12	0.01003	0.87041	0.01966	0.00642	0.00963	0.01485	0.00642	0.01123	0.00762	0.00883	0.00522	0.00602	0.00481	0.00321	0.00241	0.00080	0.00401	0.00201	0.00160	0.00481
13	0.00553	0.00386	0.00478	0.00479	0.00497	0.00409	0.00312	0.00592	0.00574	0.00782	0.01167	0.02290	0.01290	0.62340	0.19945	0.00402	0.02535	0.04483	0.00226	0.00261
14	0.01669	0.00661	0.00885	0.00678	0.00969	0.00585	0.00560	0.06347	0.01112	0.80162	0.01448	0.01256	0.00913	0.00464	0.00377	0.00116	0.00324	0.00375	0.00459	0.00638
15	0.00606	0.00413	0.00549	0.00599	0.00689	0.00403	0.00504	0.00771	0.00883	0.02488	0.14302	0.06565	0.06811	0.00926	0.00473	0.00152	0.00289	0.52755	0.09475	0.00349
16	0.00877	0.00995	0.02161	0.05698	0.01991	0.00943	0.79105	0.01190	0.00879	0.01190	0.00755	0.01011	0.00566	0.00319	0.00439	0.00126	0.00626	0.00437	0.00189	0.00502
17	0.01402	0.01762	0.01065	0.00963	0.01160	0.82326	0.00724	0.04395	0.01088	0.00969	0.00591	0.00685	0.00489	0.00389	0.00340	0.00097	0.00667	0.00245	0.00200	0.00442
18	0.00538	0.00395	0.00506	0.00476	0.00570	0.00368	0.00358	0.00736	0.03345	0.01485	0.78468	0.02799	0.07004	0.00768	0.00441	0.00119	0.00181	0.00676	0.00409	0.00359
19	0.02246	0.00518	0.00652	0.00598	0.00754	0.00489	0.00457	0.06095	0.05432	0.30102	0.01894	0.36178	0.09012	0.00813	0.00427	0.00134	0.00271	0.03078	0.00390	0.00460
20	0.00476	0.00343	0.00455	0.00538	0.00573	0.00322	0.00379	0.00556	0.00743	0.00982	0.02135	0.72194	0.06113	0.01147	0.00482	0.00154	0.00233	0.11519	0.00348	0.00311
21	0.04420	0.00908	0.01830	0.21663	0.04592	0.00922	0.54911	0.01128	0.00832	0.01154	0.00717	0.00984	0.00544	0.00343	0.00442	0.00127	0.03417	0.00400	0.00185	0.00480
22	0.00538	0.00403	0.00517	0.00579	0.00668	0.00381	0.00478	0.00674	0.00841	0.01069	0.02517	0.15356	0.25717	0.01031	0.00491	0.00157	0.00283	0.47621	0.00347	0.00332
23	0.31307	0.01327	0.00896	0.05586	0.01086	0.48612	0.00638	0.01311	0.00882	0.01180	0.00562	0.00677	0.00458	0.00383	0.00338	0.00107	0.03785	0.00237	0.00204	0.00423
24	0.00460	0.00335	0.00436	0.00515	0.00548	0.00310	0.00351	0.00532	0.00735	0.00968	0.02220	0.76582	0.09800	0.01151	0.00477	0.00151	0.00219	0.03556	0.00348	0.00307
25	0.05903	0.02751	0.01046	0.00954	0.03748	0.60514	0.00712	0.03522	0.02954	0.01037	0.03209	0.00794	0.00604	0.00456	0.01497	0.00113	0.09263	0.00273	0.00208	0.00442
26	0.00464	0.00333	0.00441	0.00515	0.00545	0.00310	0.00348	0.00541	0.00755	0.01013	0.10197	0.76889	0.03995	0.01131	0.00475	0.00149	0.00213	0.01024	0.00355	0.00310
27	0.00511	0.00367	0.00485	0.00529	0.00586	0.00347	0.00391	0.00630	0.00852	0.01154	0.28098	0.39004	0.05223	0.04270	0.00528	0.00153	0.00233	0.15949	0.00364	0.00325
28	0.16929	0.05365	0.01036	0.00807	0.01066	0.22744	0.00652	0.39614	0.03758	0.03473	0.00763	0.00800	0.00571	0.00412	0.00334	0.00108	0.00453	0.00286	0.00295	0.00536
29	0.00881	0.00688	0.04136	0.00619	0.00846	0.00611	0.00500	0.12898	0.08972	0.08420	0.12281	0.04298	0.01239	0.12378	0.02171	0.00143	0.00324	0.00412	0.00308	0.27874

[dist]
# distance from previous block
# <min> <max>
0	1

[block]
# block no. 7 follows, 73 sequences, length 24
# corresponding to MSA columns:
# 608-622,654-662
name=unknown_H
#
# <colnr> <probs for GDERKNQSTAVLIFYWHMCP>
#	G	D	E	R	K	N	Q	S	T	A	V	L	I	F	Y	W	H	M	C	P
0	0.10624	0.07620	0.06979	0.00831	0.02638	0.09782	0.00704	0.31677	0.13257	0.08752	0.00909	0.00919	0.00668	0.00429	0.00367	0.00113	0.02546	0.00314	0.00309	0.00562
1	0.49891	0.00562	0.00513	0.00512	0.00658	0.00621	0.00397	0.00882	0.00680	0.01376	0.01124	0.22904	0.01186	0.05853	0.00426	0.00145	0.00279	0.08840	0.02789	0.00362
2	0.00917	0.01899	0.02467	0.04052	0.19541	0.00764	0.18513	0.10426	0.03452	0.08761	0.01242	0.11701	0.05865	0.03142	0.02657	0.00144	0.00435	0.03250	0.00274	0.00499
3	0.00752	0.00725	0.01264	0.63941	0.10012	0.00846	0.10384	0.01032	0.03689	0.01033	0.00738	0.02624	0.00577	0.00384	0.00385	0.00125	0.00498	0.00363	0.00182	0.00448
4	0.00460	0.00381	0.00403	0.00398	0.00517	0.00324	0.00298	0.00571	0.00895	0.01107	0.19160	0.03456	0.68905	0.00915	0.00443	0.00125	0.00188	0.00770	0.00361	0.00324
5	0.02002	0.00884	0.05829	0.23601	0.28335	0.00902	0.06803	0.05797	0.17134	0.02228	0.00872	0.01035	0.00672	0.00393	0.00392	0.00121	0.01877	0.00355	0.00232	0.00537
6	0.00894	0.02640	0.04701	0.25408	0.16210	0.05383	0.11088	0.04464	0.05785	0.04195	0.02640	0.01066	0.00684	0.00473	0.02237	0.00134	0.09688	0.01606	0.00215	0.00489
7	0.00509	0.00363	0.00463	0.00485	0.00554	0.00332	0.00346	0.00626	0.00887	0.02746	0.36658	0.38621	0.14096	0.00961	0.00457	0.00134	0.00199	0.00854	0.00377	0.00333
8	0.00847	0.00814	0.01324	0.37266	0.45585	0.02665	0.01078	0.01106	0.03591	0.01119	0.00714	0.00969	0.00571	0.00358	0.00373	0.00117	0.00468	0.00335	0.00184	0.00516
9	0.01250	0.01213	0.01062	0.03402	0.01177	0.28495	0.03033	0.30121	0.23420	0.01606	0.00953	0.00967	0.00717	0.00439	0.00367	0.00112	0.00477	0.00332	0.00306	0.00550
10	0.00660	0.00434	0.00603	0.00610	0.03399	0.00471	0.00420	0.04623	0.02577	0.00859	0.00866	0.01416	0.00848	0.14589	0.26058	0.37681	0.03024	0.00385	0.00200	0.00278
11	0.00539	0.00403	0.00527	0.03461	0.00668	0.00381	0.00420	0.00706	0.00978	0.01331	0.51825	0.03164	0.15357	0.00838	0.00456	0.00131	0.00226	0.17859	0.00380	0.00349
12	0.00515	0.00384	0.00526	0.00610	0.02873	0.00386	0.00419	0.02047	0.00736	0.00992	0.01867	0.67570	0.02186	0.01244	0.07281	0.00188	0.03174	0.06349	0.00326	0.00327
13	0.00709	0.00667	0.01125	0.85913	0.02584	0.00834	0.01042	0.00959	0.00750	0.00959	0.00667	0.01000	0.00500	0.00375	0.00375	0.00125	0.00500	0.00333	0.00167	0.00417
14	0.00699	0.00350	0.00350	0.00350	0.00437	0.00350	0.00262	0.00874	0.00787	0.01399	0.01224	0.01399	0.00962	0.00437	0.00262	0.00087	0.00175	0.00350	0.88898	0.00350
15	0.00809	0.00804	0.01127	0.00970	0.00972	0.01122	0.00807	0.00894	0.00576	0.00902	0.00513	0.00847	0.00510	0.00743	0.04591	0.00182	0.82727	0.00331	0.00166	0.00407
16	0.31160	0.00682	0.00772	0.00616	0.00887	0.00670	0.00508	0.04441	0.00952	0.53947	0.01138	0.01040	0.00743	0.00425	0.00328	0.00116	0.00313	0.00317	0.00383	0.00560
17	0.00699	0.00350	0.00350	0.00350	0.00437	0.00350	0.00262	0.00874	0.00787	0.01399	0.01224	0.01399	0.00962	0.00437	0.00262	0.00087	0.00175	0.00350	0.88898	0.00350
18	0.00549	0.00368	0.00433	0.00435	0.00443	0.00374	0.00260	0.00561	0.00557	0.00748	0.01175	0.02385	0.01331	0.75506	0.09082	0.02357	0.00418	0.02555	0.00227	0.00238
19	0.01965	0.00820	0.01200	0.10499	0.35691	0.05547	0.04993	0.03950	0.04600	0.12569	0.00940	0.05050	0.00792	0.07213	0.00519	0.00137	0.02353	0.00393	0.00248	0.00521
20	0.00535	0.00409	0.00499	0.00512	0.00600	0.00391	0.00380	0.00745	0.08458	0.01230	0.31500	0.27144	0.18273	0.00916	0.00453	0.00135	0.00215	0.06877	0.00374	0.00354
21	0.00796	0.00599	0.00646	0.00597	0.00737	0.00664	0.00452	0.05194	0.38022	0.01412	0.04852	0.07084	0.03231	0.08295	0.01529	0.00145	0.01874	0.00471	0.22944	0.00459
22	0.00872	0.00826	0.01259	0.13930	0.48549	0.02977	0.00942	0.01095	0.02157	0.01184	0.00700	0.00903	0.00577	0.00330	0.00348	0.00100	0.00416	0.00306	0.00195	0.22334
23	0.00880	0.43112	0.11116	0.00780	0.03400	0.04266	0.04520	0.01060	0.01959	0.02793	0.02645	0.06772	0.05731	0.00539	0.02256	0.00117	0.02446	0.04935	0.00213	0.00461

[dist]
# distance from previous block
# <min> <max>
0	4

[block]
# block no. 8 follows, 73 sequences, length 11
# corresponding to MSA columns:
# 677-687
name=unknown_I
#
# <colnr> <probs for GDERKNQSTAVLIFYWHMCP>
#	G	D	E	R	K	N	Q	S	T	A	V	L	I	F	Y	W	H	M	C	P
0	0.00818	0.00680	0.00956	0.08384	0.12340	0.04436	0.06314	0.03547	0.04375	0.05376	0.01346	0.04700	0.01319	0.00666	0.00431	0.00135	0.00395	0.34262	0.00287	0.09234
1	0.02724	0.08461	0.10337	0.00759	0.01065	0.06044	0.00677	0.20215	0.15494	0.08994	0.03511	0.00999	0.00780	0.00410	0.00341	0.00101	0.00379	0.00317	0.00299	0.18092
2	0.00903	0.00843	0.01398	0.12107	0.65916	0.00867	0.01072	0.05217	0.00890	0.01251	0.03076	0.03305	0.00718	0.00380	0.00377	0.00114	0.00437	0.00364	0.00204	0.00561
3	0.00867	0.03363	0.01661	0.06056	0.18530	0.01011	0.32878	0.01079	0.00767	0.01088	0.00650	0.00921	0.00543	0.00434	0.00674	0.00134	0.28307	0.00371	0.00179	0.00488
4	0.00546	0.00364	0.00409	0.00409	0.00409	0.00364	0.00227	0.00546	0.00546	0.00727	0.01182	0.02455	0.01364	0.86815	0.01910	0.00364	0.00364	0.00546	0.00227	0.00227
5	0.00699	0.00350	0.00350	0.00350	0.00437	0.00350	0.00262	0.00874	0.00787	0.01399	0.01224	0.01399	0.00962	0.00437	0.00262	0.00087	0.00175	0.00350	0.88898	0.00350
6	0.04557	0.00684	0.00787	0.00571	0.00897	0.00544	0.00459	0.04400	0.00827	0.05393	0.00710	0.00801	0.00571	0.00297	0.00285	0.00063	0.00286	0.00234	0.00241	0.77392
7	0.02731	0.00895	0.01170	0.23389	0.15202	0.02603	0.02535	0.36946	0.03019	0.04106	0.03190	0.01000	0.00688	0.00416	0.00375	0.00116	0.00437	0.00347	0.00283	0.00553
8	0.00699	0.00350	0.00350	0.00350	0.00437	0.00350	0.00262	0.00874	0.00787	0.01399	0.01224	0.01399	0.00962	0.00437	0.00262	0.00087	0.00175	0.00350	0.88898	0.00350
9	0.89465	0.00726	0.00551	0.00493	0.00726	0.00842	0.00406	0.01103	0.00638	0.01683	0.00522	0.00609	0.00406	0.00348	0.00232	0.00116	0.00290	0.00203	0.00232	0.00406
10	0.33609	0.01021	0.01170	0.01118	0.14708	0.17092	0.17308	0.05312	0.00864	0.01381	0.00669	0.02920	0.00548	0.00373	0.00331	0.00114	0.00463	0.00309	0.00219	0.00472

[dist]
# distance from previous block
# <min> <max>
0	1

[block]
# block no. 9 follows, 73 sequences, length 11
# corresponding to MSA columns:
# 710-720
name=unknown_J
#
# <colnr> <probs for GDERKNQSTAVLIFYWHMCP>
#	G	D	E	R	K	N	Q	S	T	A	V	L	I	F	Y	W	H	M	C	P
0	0.10637	0.09228	0.00962	0.00667	0.00951	0.10093	0.00549	0.07641	0.00947	0.24438	0.00867	0.00880	0.00633	0.00375	0.00332	0.00093	0.02246	0.00274	0.00292	0.27895
1	0.00985	0.00797	0.00857	0.00763	0.00978	0.00907	0.00601	0.07675	0.70135	0.05278	0.01504	0.01502	0.01151	0.00530	0.00388	0.00128	0.00309	0.04544	0.00383	0.00586
2	0.00462	0.00330	0.00439	0.00519	0.00545	0.00308	0.00349	0.00533	0.00739	0.00990	0.06985	0.81559	0.02545	0.01151	0.00477	0.00150	0.00215	0.01043	0.00352	0.00308
3	0.00718	0.00609	0.00710	0.04076	0.00865	0.05252	0.04308	0.01092	0.23797	0.03976	0.01934	0.32414	0.13038	0.00813	0.00432	0.00136	0.00302	0.04769	0.00338	0.00421
4	0.00727	0.00685	0.01158	0.79011	0.09344	0.00838	0.01051	0.00974	0.00759	0.00981	0.00670	0.00994	0.00508	0.00372	0.00375	0.00124	0.00496	0.00333	0.00168	0.00431
5	0.00811	0.00541	0.00618	0.00560	0.00709	0.00566	0.00432	0.01281	0.28757	0.09232	0.30011	0.01872	0.01910	0.00578	0.00375	0.00114	0.00230	0.00491	0.20453	0.00460
6	0.04950	0.00904	0.01003	0.00787	0.01070	0.00969	0.00645	0.49143	0.12352	0.22567	0.01111	0.01048	0.00767	0.00457	0.00371	0.00116	0.00370	0.00354	0.00392	0.00623
7	0.00652	0.00407	0.00462	0.00437	0.00543	0.00395	0.00331	0.02543	0.04598	0.03124	0.34866	0.02168	0.10213	0.00624	0.00362	0.00106	0.00190	0.00529	0.37077	0.00371
8	0.04467	0.00947	0.01012	0.00811	0.01083	0.01054	0.00659	0.52647	0.25418	0.06281	0.01098	0.01054	0.00791	0.00464	0.00372	0.00117	0.00370	0.00360	0.00377	0.00617
9	0.00749	0.00605	0.00673	0.00621	0.00780	0.00655	0.00477	0.01359	0.43342	0.03378	0.20062	0.04193	0.14847	0.00792	0.05615	0.00155	0.00296	0.00552	0.00373	0.00475
10	0.03514	0.49492	0.02895	0.00712	0.00991	0.13240	0.00644	0.09448	0.05557	0.03323	0.04634	0.00831	0.00699	0.00432	0.02070	0.00104	0.00435	0.00266	0.00222	0.00491

[dist]
# distance from previous block
# <min> <max>
2	8

[block]
# block no. 10 follows, 73 sequences, length 31
# corresponding to MSA columns:
# 740-747,752-760,768-781
name=unknown_K
#
# <colnr> <probs for GDERKNQSTAVLIFYWHMCP>
#	G	D	E	R	K	N	Q	S	T	A	V	L	I	F	Y	W	H	M	C	P
0	0.70309	0.00729	0.00606	0.01689	0.00784	0.02531	0.00433	0.01122	0.02935	0.04003	0.00640	0.03223	0.00520	0.00375	0.00256	0.00111	0.00299	0.00244	0.00244	0.08947
1	0.11631	0.01984	0.15818	0.02186	0.19383	0.14426	0.06284	0.02273	0.02893	0.08774	0.06524	0.01063	0.02820	0.00415	0.00373	0.00114	0.01953	0.00340	0.00239	0.00508
2	0.00549	0.00413	0.00523	0.00502	0.00573	0.00404	0.02980	0.00670	0.03773	0.01007	0.16605	0.05280	0.17006	0.34715	0.08756	0.00265	0.00357	0.05018	0.00295	0.00307
3	0.00839	0.00781	0.02293	0.13677	0.18571	0.00804	0.14509	0.02516	0.22356	0.03547	0.02801	0.01499	0.12348	0.01292	0.00412	0.00125	0.00403	0.00447	0.00271	0.00509
4	0.00557	0.00438	0.00538	0.00506	0.00641	0.00380	0.00379	0.00683	0.00823	0.01139	0.18207	0.24673	0.17511	0.00952	0.06530	0.00151	0.00280	0.03869	0.00320	0.21422
5	0.00787	0.00771	0.01081	0.00936	0.00943	0.01067	0.00775	0.00873	0.00577	0.00897	0.00556	0.00916	0.00553	0.02434	0.09647	0.00212	0.76067	0.00340	0.00169	0.00400
6	0.00462	0.00330	0.00441	0.00528	0.00551	0.00309	0.00356	0.00530	0.00723	0.00963	0.02065	0.83982	0.02471	0.01171	0.00480	0.00153	0.00222	0.03609	0.00348	0.00306
7	0.00957	0.00921	0.01498	0.02222	0.79661	0.03192	0.01126	0.03675	0.00888	0.01252	0.00708	0.00921	0.00593	0.00339	0.00371	0.00111	0.00451	0.00332	0.00192	0.00591
8	0.01077	0.00831	0.01267	0.10065	0.39927	0.02114	0.03801	0.08328	0.00955	0.16640	0.00854	0.00980	0.00642	0.00372	0.00380	0.00109	0.01793	0.00334	0.00255	0.09277
9	0.05704	0.01653	0.01045	0.00966	0.03052	0.73468	0.00717	0.02866	0.03573	0.01007	0.00613	0.00708	0.00505	0.00394	0.00354	0.00101	0.02376	0.00251	0.00203	0.00445
10	0.00560	0.00386	0.00477	0.00503	0.01848	0.00392	0.00327	0.00603	0.00610	0.00815	0.01316	0.02621	0.02605	0.61585	0.09275	0.01642	0.00418	0.13512	0.00244	0.00262
11	0.00911	0.01050	0.03113	0.02819	0.03764	0.05393	0.72109	0.01237	0.03430	0.01195	0.00769	0.01001	0.00581	0.00328	0.00432	0.00124	0.00617	0.00425	0.00195	0.00506
12	0.00613	0.00371	0.00547	0.00540	0.00564	0.00404	0.00387	0.00571	0.00546	0.00757	0.02914	0.01334	0.00842	0.05223	0.28857	0.51134	0.03608	0.00369	0.00184	0.00235
13	0.01124	0.01275	0.01064	0.18197	0.08876	0.44661	0.00789	0.07647	0.01000	0.01070	0.00855	0.01011	0.05932	0.01687	0.01621	0.00119	0.02093	0.00320	0.00212	0.00449
14	0.01013	0.01114	0.00947	0.02132	0.12749	0.35413	0.00677	0.01300	0.15872	0.01105	0.02699	0.15471	0.03873	0.00563	0.00395	0.00116	0.01957	0.00456	0.00261	0.01886
15	0.00709	0.00667	0.01125	0.85913	0.02584	0.00834	0.01042	0.00959	0.00750	0.00959	0.00667	0.01000	0.00500	0.00375	0.00375	0.00125	0.00500	0.00333	0.00167	0.00417
16	0.89465	0.00726	0.00551	0.00493	0.00726	0.00842	0.00406	0.01103	0.00638	0.01683	0.00522	0.00609	0.00406	0.00348	0.00232	0.00116	0.00290	0.00203	0.00232	0.00406
17	0.01149	0.07931	0.06203	0.00875	0.01111	0.39050	0.01795	0.04307	0.30137	0.01220	0.02013	0.00972	0.00761	0.00429	0.00351	0.00109	0.00499	0.00316	0.00264	0.00508
