[name]
unknown

[dist]
# distance from previous block
# <min> <max>
15	550

[block]
# block no. 0 follows, 57 sequences, length 15
# corresponding to MSA columns:
# 685-699
name=unknown_A
#
# <colnr> <probs for GDERKNQSTAVLIFYWHMCP>
#	G	D	E	R	K	N	Q	S	T	A	V	L	I	F	Y	W	H	M	C	P
0	0.19961	0.07761	0.09267	0.05708	0.09740	0.08049	0.06590	0.04068	0.07332	0.06990	0.00992	0.01097	0.02298	0.00456	0.00394	0.00131	0.00501	0.00361	0.00287	0.08017
1	0.02433	0.10900	0.06599	0.02297	0.02623	0.00831	0.03894	0.06524	0.02814	0.04985	0.07909	0.23130	0.04256	0.03512	0.02732	0.00169	0.03387	0.01890	0.00343	0.08773
2	0.08129	0.19714	0.07763	0.02973	0.16754	0.03184	0.09727	0.05189	0.01043	0.06416	0.01016	0.02438	0.02833	0.00530	0.02035	0.00139	0.00527	0.02257	0.00268	0.07065
3	0.04121	0.15931	0.10911	0.02943	0.10049	0.05442	0.02499	0.11190	0.05476	0.03055	0.00842	0.01004	0.00683	0.00512	0.00610	0.00138	0.16801	0.00354	0.00264	0.07176
4	0.01224	0.01178	0.05106	0.03639	0.04635	0.10497	0.16592	0.11801	0.19174	0.06798	0.06730	0.04214	0.04024	0.00585	0.00492	0.00146	0.01658	0.00518	0.00360	0.00630
5	0.00659	0.00482	0.00682	0.00743	0.00814	0.00469	0.03261	0.00793	0.00922	0.01215	0.02263	0.37222	0.02578	0.12033	0.00821	0.00226	0.00368	0.33670	0.00394	0.00385
6	0.01011	0.00775	0.00861	0.00822	0.04446	0.02786	0.00589	0.19121	0.11890	0.03324	0.09122	0.15531	0.12405	0.10578	0.00703	0.00183	0.00367	0.00704	0.04250	0.00533
7	0.00677	0.00517	0.00555	0.00538	0.00626	0.02612	0.00368	0.03007	0.00961	0.01236	0.17560	0.04922	0.28282	0.30972	0.01223	0.04112	0.00333	0.00771	0.00369	0.00359
8	0.01243	0.12622	0.12025	0.03147	0.04473	0.06463	0.19024	0.05857	0.01101	0.13896	0.01103	0.03487	0.00902	0.03735	0.00558	0.00152	0.03322	0.03902	0.00298	0.02689
9	0.16136	0.00815	0.00952	0.12066	0.02654	0.00861	0.00689	0.17422	0.01210	0.10697	0.06166	0.03821	0.11076	0.02836	0.03444	0.00169	0.00432	0.02045	0.00370	0.06139
10	0.02656	0.07034	0.06777	0.11770	0.37055	0.02638	0.06046	0.05141	0.10359	0.04682	0.00990	0.01169	0.00773	0.00448	0.00440	0.00138	0.00538	0.00406	0.00270	0.00669
11	0.01230	0.52613	0.10249	0.00863	0.01228	0.13742	0.00838	0.01404	0.00988	0.04256	0.00917	0.01058	0.04239	0.04171	0.00430	0.00124	0.00537	0.00318	0.00228	0.00567
12	0.00678	0.00578	0.03776	0.00636	0.00768	0.00505	0.00498	0.04353	0.04433	0.01485	0.25808	0.23952	0.21371	0.04030	0.00603	0.00170	0.00286	0.05205	0.00432	0.00433
13	0.06943	0.07268	0.05616	0.00735	0.00975	0.00719	0.02252	0.02588	0.05490	0.15084	0.19202	0.14215	0.09664	0.00800	0.00473	0.00145	0.00344	0.02692	0.00413	0.04382
14	0.05321	0.34855	0.18239	0.01027	0.04126	0.04529	0.04107	0.09545	0.06241	0.01506	0.05818	0.01077	0.00886	0.00466	0.00382	0.00123	0.00519	0.00351	0.00265	0.00618

[dist]
# distance from previous block
# <min> <max>
4	114

[block]
# block no. 1 follows, 57 sequences, length 9
# corresponding to MSA columns:
# 828-836
name=unknown_B
#
# <colnr> <probs for GDERKNQSTAVLIFYWHMCP>
#	G	D	E	R	K	N	Q	S	T	A	V	L	I	F	Y	W	H	M	C	P
0	0.06570	0.05094	0.06057	0.02879	0.05541	0.27853	0.02236	0.08363	0.05132	0.15871	0.01132	0.01172	0.03435	0.00507	0.00438	0.00129	0.02085	0.00375	0.00327	0.04803
1	0.18618	0.05397	0.05712	0.11373	0.09524	0.01057	0.03071	0.13987	0.06353	0.06845	0.02677	0.02612	0.02715	0.00508	0.00428	0.00137	0.01992	0.00402	0.00319	0.06275
2	0.11289	0.08016	0.05409	0.03536	0.12538	0.08661	0.04661	0.24365	0.05929	0.05270	0.01027	0.01110	0.02207	0.00483	0.00416	0.00132	0.00516	0.00380	0.00327	0.03731
3	0.34873	0.01144	0.05768	0.01115	0.11838	0.05106	0.02703	0.19808	0.05679	0.04922	0.00914	0.01024	0.00696	0.02084	0.00420	0.00144	0.00465	0.00350	0.00325	0.00620
4	0.00659	0.00439	0.00494	0.00494	0.00494	0.00439	0.00275	0.00659	0.00659	0.00879	0.01428	0.02965	0.01647	0.84075	0.02306	0.00439	0.00439	0.00659	0.00275	0.00275
5	0.01010	0.00954	0.01573	0.31619	0.37532	0.01041	0.04758	0.01409	0.09999	0.01405	0.01003	0.01356	0.00814	0.00473	0.00461	0.00146	0.00548	0.03025	0.00250	0.00625
6	0.01091	0.10391	0.01136	0.00871	0.01131	0.01140	0.00696	0.02146	0.64494	0.01774	0.05960	0.01763	0.04209	0.00624	0.00448	0.00147	0.00361	0.00513	0.00431	0.00675
7	0.01202	0.74885	0.02221	0.00792	0.01165	0.01717	0.00769	0.01476	0.09944	0.01160	0.00768	0.00836	0.00672	0.00413	0.00310	0.00103	0.00470	0.00273	0.00224	0.00597
8	0.01328	0.00826	0.01017	0.02550	0.01156	0.00852	0.03082	0.07184	0.30235	0.26272	0.12171	0.05163	0.04776	0.00676	0.00478	0.00148	0.00366	0.00574	0.00480	0.00665

[dist]
# distance from previous block
# <min> <max>
5	13

[block]
# block no. 2 follows, 57 sequences, length 16
# corresponding to MSA columns:
# 857-872
name=unknown_C
#
# <colnr> <probs for GDERKNQSTAVLIFYWHMCP>
#	G	D	E	R	K	N	Q	S	T	A	V	L	I	F	Y	W	H	M	C	P
0	0.06771	0.02493	0.07342	0.05510	0.02334	0.05206	0.05607	0.13172	0.03890	0.15030	0.02701	0.08208	0.07610	0.02740	0.00494	0.00144	0.00454	0.00517	0.00365	0.09413
1	0.20640	0.00846	0.00900	0.03147	0.01043	0.07813	0.05236	0.03688	0.02982	0.09004	0.09581	0.03520	0.12021	0.08792	0.01699	0.00180	0.02262	0.03103	0.00352	0.03191
2	0.12124	0.06402	0.03638	0.28160	0.23485	0.04405	0.01097	0.03434	0.03099	0.02562	0.02179	0.01109	0.00712	0.00467	0.00478	0.00142	0.05303	0.00377	0.00242	0.00585
3	0.08804	0.01995	0.62105	0.08331	0.01953	0.01059	0.04206	0.01391	0.00931	0.01455	0.00793	0.00969	0.00574	0.00441	0.00455	0.00146	0.03217	0.00341	0.00202	0.00631
4	0.00947	0.00862	0.01388	0.71115	0.07614	0.01045	0.01232	0.07986	0.01020	0.01324	0.00833	0.01193	0.00625	0.00458	0.00453	0.00149	0.00591	0.00403	0.00225	0.00539
5	0.01023	0.06566	0.48997	0.01268	0.07313	0.02485	0.04006	0.01503	0.06926	0.06367	0.06826	0.01307	0.00990	0.00498	0.00442	0.00142	0.00577	0.01850	0.00265	0.00651
6	0.00551	0.00400	0.00520	0.00616	0.00653	0.00369	0.00414	0.00633	0.00882	0.01163	0.02679	0.76892	0.09767	0.01396	0.00575	0.00181	0.00260	0.01259	0.00421	0.00369
7	0.01024	0.01315	0.13742	0.01791	0.09767	0.01108	0.51465	0.01385	0.01024	0.01430	0.03096	0.02853	0.00811	0.00456	0.00581	0.00153	0.06647	0.00506	0.00232	0.00612
8	0.01181	0.00896	0.01424	0.32465	0.28795	0.00944	0.01126	0.01473	0.03646	0.16416	0.01040	0.01240	0.00770	0.00454	0.00445	0.00138	0.00515	0.00408	0.00290	0.06335
9	0.00787	0.00394	0.00590	0.00590	0.00590	0.00394	0.00394	0.00590	0.00590	0.00787	0.00787	0.01377	0.00787	0.01574	0.01771	0.86816	0.00394	0.00394	0.00197	0.00197
10	0.02975	0.03674	0.15561	0.00972	0.01295	0.00861	0.11056	0.06103	0.12352	0.07639	0.20658	0.03624	0.08699	0.00678	0.00484	0.00146	0.00434	0.01824	0.00381	0.00583
11	0.03929	0.07172	0.01060	0.00697	0.01090	0.00738	0.00572	0.03804	0.00994	0.06429	0.00856	0.00959	0.00689	0.00363	0.00342	0.00079	0.00356	0.00282	0.00287	0.69303
12	0.07417	0.42257	0.10526	0.00868	0.01259	0.01430	0.00845	0.14826	0.05024	0.06330	0.00900	0.02622	0.00730	0.00463	0.00358	0.00118	0.00477	0.00329	0.00286	0.02936
13	0.16097	0.06360	0.23932	0.00945	0.02557	0.02530	0.00938	0.06635	0.06878	0.11025	0.05036	0.01157	0.00899	0.00483	0.00416	0.00131	0.02014	0.00363	0.00314	0.11292
14	0.11316	0.30723	0.04945	0.00938	0.02690	0.04536	0.07584	0.06176	0.09040	0.03274	0.02057	0.04194	0.00841	0.00474	0.00374	0.00120	0.00473	0.00370	0.00281	0.09593
15	0.07622	0.21982	0.08630	0.00843	0.01175	0.01153	0.00768	0.18255	0.06437	0.09723	0.03027	0.07592	0.03526	0.02686	0.01811	0.00148	0.00452	0.00456	0.00347	0.03368

[dist]
# distance from previous block
# <min> <max>
7	49

[block]
# block no. 3 follows, 57 sequences, length 53
# corresponding to MSA columns:
# 925-934,937-950,959-987
name=unknown_D
#
# <colnr> <probs for GDERKNQSTAVLIFYWHMCP>
#	G	D	E	R	K	N	Q	S	T	A	V	L	I	F	Y	W	H	M	C	P
0	0.29138	0.08121	0.02393	0.00918	0.04300	0.13579	0.00720	0.13073	0.10739	0.08098	0.02289	0.02992	0.00841	0.00509	0.00382	0.00135	0.00467	0.00366	0.00338	0.00602
1	0.28079	0.01057	0.05877	0.04926	0.07654	0.01062	0.05157	0.14859	0.12626	0.10404	0.01069	0.01129	0.00785	0.00523	0.01524	0.00149	0.00461	0.00379	0.00349	0.01932
2	0.14685	0.01146	0.07993	0.01031	0.05524	0.04450	0.03700	0.18885	0.10234	0.10862	0.03850	0.01196	0.00910	0.00507	0.00453	0.00134	0.03421	0.00392	0.00359	0.10267
3	0.00787	0.00394	0.00590	0.00590	0.00590	0.00394	0.00394	0.00590	0.00590	0.00787	0.00787	0.01377	0.00787	0.01574	0.01771	0.86816	0.00394	0.00394	0.00197	0.00197
4	0.01261	0.75894	0.02262	0.00816	0.01187	0.10069	0.00786	0.01403	0.00958	0.01071	0.00637	0.00736	0.00582	0.00396	0.00303	0.00099	0.00519	0.00247	0.00198	0.00576
5	0.01070	0.01222	0.02674	0.01910	0.02368	0.01146	0.79603	0.01451	0.01070	0.01451	0.00917	0.01222	0.00688	0.00382	0.00535	0.00153	0.00764	0.00535	0.00229	0.00611
6	0.00659	0.00439	0.00494	0.00494	0.00494	0.00439	0.00275	0.00659	0.00659	0.00879	0.01428	0.02965	0.01647	0.84075	0.02306	0.00439	0.00439	0.00659	0.00275	0.00275
7	0.01532	0.03607	0.18953	0.01204	0.11018	0.00940	0.02859	0.08122	0.07629	0.37420	0.01356	0.01308	0.00920	0.00507	0.00447	0.00140	0.00485	0.00419	0.00404	0.00729
8	0.01171	0.00806	0.07738	0.00762	0.01018	0.00673	0.00655	0.01581	0.14852	0.26191	0.34509	0.02345	0.04308	0.00724	0.00489	0.00144	0.00331	0.00617	0.00483	0.00602
9	0.01693	0.02160	0.01284	0.01167	0.01401	0.82256	0.00876	0.01809	0.01284	0.01109	0.00700	0.00817	0.00584	0.00467	0.00409	0.00117	0.00817	0.00292	0.00233	0.00525
10	0.01009	0.02141	0.69565	0.01330	0.04817	0.01040	0.04009	0.03172	0.01010	0.06474	0.00885	0.01010	0.00621	0.00439	0.00436	0.00143	0.00646	0.00353	0.00222	0.00678
11	0.01030	0.03154	0.13586	0.35967	0.21555	0.01044	0.09609	0.01354	0.00985	0.06130	0.00884	0.01160	0.00666	0.00435	0.00454	0.00144	0.00599	0.00406	0.00230	0.00609
12	0.00757	0.00645	0.01025	0.10851	0.21400	0.00652	0.02851	0.00926	0.00930	0.01259	0.01836	0.45918	0.02055	0.01012	0.00533	0.00168	0.00396	0.05963	0.00340	0.00482
13	0.00658	0.00442	0.00510	0.00510	0.00515	0.00448	0.00294	0.00669	0.00664	0.00890	0.01414	0.02887	0.01613	0.78714	0.07621	0.00459	0.00491	0.00647	0.00272	0.00283
14	0.83662	0.00901	0.00687	0.00612	0.00893	0.02730	0.00503	0.01361	0.00793	0.03694	0.00657	0.00755	0.00506	0.00425	0.00287	0.00140	0.00361	0.00251	0.00285	0.00497
15	0.00786	0.00505	0.00639	0.00614	0.00743	0.00466	0.00458	0.00998	0.04509	0.10503	0.40897	0.20634	0.13411	0.01012	0.00533	0.00154	0.00255	0.01947	0.00476	0.00459
16	0.03003	0.01152	0.09301	0.11139	0.43259	0.01077	0.03027	0.04844	0.13636	0.01575	0.01006	0.01194	0.00792	0.00449	0.00445	0.00139	0.00524	0.00411	0.00268	0.02758
17	0.03975	0.01139	0.01210	0.00975	0.01299	0.02490	0.00790	0.45964	0.26326	0.08955	0.01361	0.01298	0.00979	0.00563	0.00450	0.00142	0.00447	0.00438	0.00456	0.00742
18	0.03804	0.30318	0.03507	0.00933	0.01269	0.12321	0.00811	0.21124	0.18487	0.01732	0.01021	0.01043	0.00800	0.00488	0.00387	0.00124	0.00506	0.00351	0.00324	0.00650
19	0.00652	0.00468	0.00640	0.00640	0.00691	0.00519	0.00457	0.00753	0.00702	0.00987	0.01294	0.02226	0.01326	0.33740	0.52203	0.00620	0.00922	0.00551	0.00255	0.00356
20	0.01242	0.68002	0.06019	0.00875	0.01253	0.10470	0.02498	0.01406	0.00960	0.01097	0.00652	0.00764	0.00584	0.00407	0.00341	0.00105	0.02288	0.00262	0.00199	0.00578
21	0.00917	0.04451	0.77896	0.01265	0.01921	0.01062	0.01626	0.01427	0.00955	0.01426	0.00808	0.00950	0.00576	0.00427	0.00425	0.00141	0.00658	0.00331	0.00193	0.02545
22	0.01313	0.12499	0.14261	0.01125	0.01395	0.32588	0.01010	0.03266	0.03959	0.02321	0.00748	0.00920	0.00626	0.00541	0.00672	0.00141	0.21490	0.00332	0.00230	0.00564
23	0.00576	0.00486	0.02795	0.00574	0.00671	0.00408	0.00424	0.00681	0.00930	0.01183	0.04557	0.36644	0.34053	0.09735	0.00735	0.00197	0.00285	0.04288	0.00400	0.00376
24	0.00647	0.00485	0.00728	0.00728	0.00809	0.00566	0.00566	0.00809	0.00728	0.01052	0.01214	0.01780	0.01133	0.03398	0.82279	0.00728	0.01214	0.00485	0.00243	0.00405
25	0.01127	0.00973	0.01025	0.00922	0.01178	0.01127	0.00717	0.02408	0.80430	0.01896	0.01844	0.01691	0.01383	0.00615	0.00461	0.00154	0.00359	0.00512	0.00461	0.00717
26	0.01127	0.00973	0.01025	0.00922	0.01178	0.01127	0.00717	0.02408	0.80430	0.01896	0.01844	0.01691	0.01383	0.00615	0.00461	0.00154	0.00359	0.00512	0.00461	0.00717
27	0.01164	0.01012	0.01563	0.15542	0.41398	0.01062	0.03641	0.07901	0.11845	0.05601	0.01045	0.01228	0.00811	0.00457	0.00450	0.00138	0.00514	0.00420	0.00290	0.03917
28	0.00544	0.00435	0.00487	0.00525	0.00630	0.00378	0.00374	0.00647	0.00977	0.01211	0.05324	0.33658	0.50733	0.01244	0.00551	0.00164	0.00242	0.01076	0.00422	0.00378
29	0.01369	0.57461	0.02018	0.00904	0.01241	0.28115	0.00808	0.01505	0.01040	0.01080	0.00653	0.00756	0.00582	0.00414	0.00329	0.00103	0.00593	0.00259	0.00207	0.00563
30	0.00969	0.00908	0.01462	0.48774	0.26305	0.01043	0.01231	0.01382	0.10793	0.01346	0.00948	0.01242	0.00735	0.00458	0.00453	0.00146	0.00554	0.00417	0.00240	0.00594
31	0.01621	0.05463	0.04393	0.01081	0.02532	0.22421	0.00883	0.43798	0.07111	0.04768	0.01026	0.01052	0.00758	0.00516	0.00434	0.00131	0.00575	0.00376	0.00375	0.00690
32	0.19623	0.19820	0.01375	0.00880	0.01128	0.06375	0.00754	0.03194	0.00965	0.19295	0.00894	0.00992	0.00690	0.00545	0.00640	0.00144	0.21463	0.00336	0.00303	0.00583
33	0.01119	0.02738	0.01061	0.00862	0.07517	0.00678	0.00630	0.01320	0.00998	0.13060	0.00947	0.01037	0.00738	0.00375	0.00361	0.00084	0.00362	0.00306	0.00306	0.65501
34	0.03180	0.35487	0.04880	0.02209	0.03324	0.12689	0.13534	0.09283	0.01107	0.01367	0.00855	0.05751	0.00761	0.00491	0.00430	0.00125	0.03305	0.00389	0.00247	0.00586
35	0.00651	0.00472	0.00660	0.00660	0.00717	0.00529	0.00481	0.00765	0.00708	0.01001	0.01276	0.02127	0.01283	0.26992	0.58892	0.00644	0.00987	0.00536	0.00252	0.00367
36	0.01153	0.02540	0.06294	0.09185	0.47272	0.03811	0.08644	0.02515	0.01033	0.05947	0.00881	0.01126	0.00705	0.00448	0.00527	0.00142	0.06461	0.00408	0.00241	0.00666
37	0.01071	0.08681	0.28299	0.10934	0.10559	0.02837	0.21855	0.01471	0.03482	0.05202	0.00904	0.01101	0.00675	0.00427	0.00452	0.00141	0.00637	0.00405	0.00233	0.00636
38	0.00901	0.00856	0.01463	0.68927	0.14914	0.01021	0.03147	0.01200	0.00929	0.01214	0.00815	0.01195	0.00623	0.00444	0.00454	0.00149	0.00598	0.00406	0.00205	0.00538
39	0.00885	0.03017	0.36112	0.00963	0.01330	0.00776	0.02252	0.03804	0.01038	0.06749	0.11495	0.21236	0.02768	0.02169	0.00519	0.00159	0.00470	0.03370	0.00331	0.00556
40	0.01490	0.00851	0.01344	0.20479	0.17149	0.00841	0.04964	0.01721	0.01130	0.40903	0.01352	0.03685	0.00953	0.00520	0.00461	0.00144	0.00482	0.00461	0.00391	0.00679
41	0.01104	0.05414	0.27210	0.14405	0.20126	0.02861	0.01251	0.01418	0.00995	0.11101	0.00996	0.02531	0.00788	0.02189	0.00526	0.01795	0.02312	0.02091	0.00257	0.00628
42	0.02033	0.00771	0.01052	0.00806	0.01157	0.00666	0.00666	0.02208	0.01297	0.81562	0.01788	0.01542	0.01122	0.00561	0.00456	0.00140	0.00386	0.00456	0.00561	0.00771
43	0.01219	0.12551	0.33559	0.01162	0.03206	0.03401	0.10086	0.01575	0.02813	0.18589	0.01191	0.03614	0.02643	0.00511	0.00440	0.00139	0.00564	0.01788	0.00299	0.00651
44	0.00975	0.00930	0.01575	0.44654	0.25509	0.02546	0.08807	0.01259	0.00974	0.02747	0.00978	0.03612	0.02508	0.00477	0.00464	0.00147	0.00582	0.00452	0.00229	0.00575
45	0.00632	0.00537	0.00689	0.00859	0.12745	0.00486	0.00529	0.00763	0.00992	0.01249	0.03457	0.23733	0.47725	0.01106	0.00535	0.00159	0.00288	0.02694	0.00391	0.00430
46	0.01907	0.00871	0.06709	0.00832	0.01197	0.00685	0.00729	0.02109	0.01273	0.73257	0.04373	0.01563	0.01189	0.00564	0.00457	0.00141	0.00400	0.00459	0.00533	0.00753
47	0.01135	0.03103	0.02899	0.40284	0.19859	0.11778	0.05665	0.01401	0.01024	0.07296	0.00878	0.01147	0.00669	0.00446	0.00447	0.00141	0.00609	0.00395	0.00239	0.00585
48	0.00929	0.06567	0.75351	0.01282	0.01931	0.01093	0.03854	0.01431	0.00958	0.01416	0.00807	0.00952	0.00578	0.00427	0.00426	0.00141	0.00663	0.00336	0.00193	0.00663
49	0.00536	0.00457	0.00461	0.00465	0.00614	0.00382	0.00347	0.00650	0.01027	0.01222	0.04520	0.07022	0.78449	0.01157	0.00537	0.00154	0.00231	0.00967	0.00421	0.00382
50	0.00825	0.01714	0.53137	0.01134	0.01614	0.00866	0.05577	0.01222	0.00961	0.01373	0.01442	0.14374	0.06022	0.00693	0.00482	0.00156	0.00564	0.07000	0.00262	0.00581
51	0.23928	0.01166	0.03152	0.11770	0.07347	0.09508	0.06078	0.20910	0.03872	0.06777	0.00924	0.01039	0.00684	0.00472	0.00408	0.00139	0.00519	0.00365	0.00322	0.00619
52	0.11321	0.01153	0.01675	0.01262	0.01633	0.01210	0.27821	0.32975	0.09502	0.03853	0.01126	0.01219	0.02116	0.00492	0.00463	0.00144	0.00551	0.00453	0.00359	0.00672

[dist]
# distance from previous block
# <min> <max>
2	6

[block]
# block no. 4 follows, 57 sequences, length 10
# corresponding to MSA columns:
# 994-1003
name=unknown_E
#
# <colnr> <probs for GDERKNQSTAVLIFYWHMCP>
#	G	D	E	R	K	N	Q	S	T	A	V	L	I	F	Y	W	H	M	C	P
0	0.17999	0.07256	0.01060	0.00834	0.01101	0.11312	0.00671	0.09632	0.20367	0.11100	0.03497	0.05051	0.04371	0.00614	0.00421	0.00142	0.00431	0.03151	0.00384	0.00604
1	0.01586	0.09372	0.01358	0.01095	0.01354	0.60249	0.00847	0.07079	0.10397	0.01313	0.00851	0.00928	0.00688	0.00482	0.00407	0.00120	0.00713	0.00321	0.00271	0.00569
2	0.01235	0.00755	0.00962	0.09242	0.01236	0.00714	0.00657	0.07164	0.03284	0.25602	0.08156	0.01894	0.12813	0.00684	0.02252	0.00142	0.02949	0.00508	0.00406	0.19345
3	0.00991	0.00991	0.01388	0.01190	0.01190	0.01388	0.00991	0.01091	0.00694	0.01091	0.00595	0.00991	0.00595	0.00793	0.01487	0.00198	0.83246	0.00397	0.00198	0.00496
4	0.00628	0.00499	0.00687	0.00652	0.00777	0.00455	0.05306	0.00800	0.01108	0.01480	0.35611	0.19162	0.23970	0.01068	0.00549	0.00158	0.00275	0.05959	0.00441	0.00415
5	0.01606	0.00819	0.01104	0.12040	0.01421	0.05160	0.04188	0.01791	0.01173	0.51502	0.01655	0.12889	0.01264	0.00653	0.00473	0.00147	0.00438	0.00559	0.00460	0.00658
6	0.00909	0.02344	0.81727	0.01292	0.01961	0.01052	0.01674	0.01435	0.00957	0.01435	0.00813	0.00957	0.00574	0.00431	0.00431	0.00144	0.00670	0.00335	0.00191	0.00670
7	0.00950	0.13399	0.71030	0.01222	0.01854	0.01152	0.01553	0.01424	0.00952	0.01385	0.00788	0.00926	0.00575	0.00425	0.00412	0.00137	0.00645	0.00322	0.00192	0.00658
8	0.00856	0.00805	0.01359	0.82986	0.03121	0.01007	0.01258	0.01158	0.00906	0.01158	0.00805	0.01208	0.00604	0.00453	0.00453	0.00151	0.00604	0.00403	0.00201	0.00503
9	0.58498	0.00928	0.00766	0.02968	0.04050	0.08433	0.00565	0.01275	0.00903	0.01819	0.08851	0.01310	0.07069	0.00531	0.00348	0.00139	0.00385	0.00371	0.00304	0.00489

[dist]
# distance from previous block
# <min> <max>
20	54

[block]
# block no. 5 follows, 57 sequences, length 7
# corresponding to MSA columns:
# 1075-1079,1083,1084
name=unknown_F
#
# <colnr> <probs for GDERKNQSTAVLIFYWHMCP>
#	G	D	E	R	K	N	Q	S	T	A	V	L	I	F	Y	W	H	M	C	P
0	0.00780	0.00676	0.01099	0.01223	0.18009	0.00696	0.08539	0.00960	0.00849	0.01177	0.01486	0.02011	0.09351	0.13057	0.37544	0.00446	0.00819	0.00545	0.00260	0.00472
1	0.00975	0.00813	0.00868	0.00770	0.00966	0.08582	0.02362	0.09314	0.08693	0.04623	0.25848	0.15145	0.06855	0.00827	0.00494	0.00142	0.00361	0.02844	0.00419	0.09098
2	0.01140	0.12056	0.01245	0.00939	0.09410	0.00860	0.00687	0.01420	0.07032	0.11067	0.00984	0.01059	0.00772	0.00398	0.00365	0.00093	0.00384	0.00320	0.00304	0.49464
3	0.00999	0.00977	0.10239	0.00746	0.01135	0.00709	0.00670	0.08804	0.01059	0.01634	0.00924	0.01057	0.00735	0.00393	0.00355	0.00088	0.00373	0.00310	0.11864	0.56928
4	0.09107	0.10529	0.01345	0.08735	0.01420	0.01015	0.09622	0.12793	0.06799	0.20671	0.01637	0.01631	0.11602	0.00578	0.00440	0.00140	0.00451	0.00480	0.00380	0.00624
5	0.00969	0.00818	0.01384	0.09333	0.15322	0.00801	0.16297	0.01198	0.01023	0.07906	0.10501	0.17712	0.01584	0.00686	0.00531	0.00147	0.03689	0.00642	0.00324	0.09133
6	0.01084	0.00907	0.01529	0.38350	0.20694	0.00958	0.09266	0.01362	0.01001	0.10579	0.00941	0.01201	0.00705	0.00435	0.00449	0.00138	0.00553	0.00409	0.00258	0.09181

[dist]
# distance from previous block
# <min> <max>
26	173

[block]
# block no. 6 follows, 57 sequences, length 8
# corresponding to MSA columns:
# 1317-1324
name=unknown_G
#
# <colnr> <probs for GDERKNQSTAVLIFYWHMCP>
#	G	D	E	R	K	N	Q	S	T	A	V	L	I	F	Y	W	H	M	C	P
0	0.01149	0.08341	0.09834	0.01309	0.11053	0.02997	0.15023	0.11639	0.05164	0.05797	0.09107	0.04481	0.01181	0.00542	0.00497	0.00137	0.03908	0.00477	0.00316	0.07047
1	0.08020	0.03586	0.15331	0.06311	0.14252	0.02981	0.11603	0.12536	0.03631	0.04921	0.02625	0.02896	0.04115	0.00501	0.00442	0.00138	0.00534	0.00437	0.00295	0.04847
2	0.04009	0.01102	0.08150	0.12573	0.20482	0.03783	0.09131	0.09722	0.04804	0.07723	0.06525	0.01495	0.05612	0.00526	0.00460	0.00141	0.00517	0.00468	0.00313	0.02466
3	0.06287	0.00945	0.01394	0.23312	0.20679	0.03726	0.06534	0.04851	0.01010	0.04081	0.01052	0.04630	0.03546	0.00583	0.02367	0.00154	0.05634	0.00446	0.00262	0.08508
4	0.01169	0.05636	0.05928	0.18762	0.07006	0.13852	0.12968	0.05417	0.07439	0.05867	0.04966	0.01380	0.04176	0.00508	0.00453	0.00138	0.00577	0.00444	0.00290	0.03026
5	0.01444	0.03930	0.12383	0.01374	0.17363	0.08701	0.04255	0.13171	0.01274	0.22900	0.03353	0.01324	0.03326	0.00521	0.00474	0.00138	0.02603	0.00426	0.00356	0.00683
6	0.01082	0.00961	0.04867	0.04672	0.12619	0.04284	0.05836	0.16082	0.01205	0.05263	0.01562	0.17919	0.06171	0.03058	0.00532	0.00152	0.00458	0.03777	0.00346	0.09156
7	0.01280	0.00979	0.03972	0.01110	0.10248	0.10521	0.05215	0.03875	0.01115	0.22696	0.09849	0.06787	0.01473	0.11195	0.00770	0.00183	0.05623	0.02162	0.00371	0.00574

[dist]
# distance from previous block
# <min> <max>
0	14

[block]
# block no. 7 follows, 57 sequences, length 54
# corresponding to MSA columns:
# 1339-1362,1374-1403
name=unknown_H
#
# <colnr> <probs for GDERKNQSTAVLIFYWHMCP>
#	G	D	E	R	K	N	Q	S	T	A	V	L	I	F	Y	W	H	M	C	P
0	0.01003	0.00926	0.01442	0.15148	0.40537	0.02076	0.03078	0.04204	0.04583	0.01422	0.02767	0.05153	0.05105	0.06515	0.00611	0.00163	0.01889	0.00501	0.00268	0.02609
1	0.01176	0.01061	0.02445	0.04120	0.24620	0.08258	0.06538	0.12222	0.03902	0.06338	0.02476	0.09509	0.04999	0.00734	0.03741	0.00170	0.06229	0.00533	0.00316	0.00613
2	0.03379	0.22905	0.27243	0.01127	0.05522	0.12447	0.01099	0.08403	0.04131	0.03271	0.03391	0.01013	0.00762	0.00470	0.00428	0.00129	0.03062	0.00340	0.00254	0.00625
3	0.01146	0.03491	0.01669	0.09782	0.50681	0.01023	0.05500	0.01459	0.04958	0.08271	0.01084	0.01473	0.00904	0.00491	0.00463	0.00143	0.00525	0.05991	0.00276	0.00671
4	0.01107	0.23993	0.27664	0.02227	0.01573	0.05641	0.09779	0.04037	0.08329	0.03618	0.00988	0.05106	0.00815	0.00541	0.01772	0.00143	0.01391	0.00403	0.00255	0.00619
5	0.03523	0.02057	0.01070	0.01749	0.06064	0.04894	0.00708	0.21465	0.06627	0.22697	0.14400	0.02979	0.08461	0.00660	0.00467	0.00140	0.00403	0.00540	0.00451	0.00646
6	0.01023	0.01209	0.11887	0.20002	0.31249	0.01078	0.21475	0.01394	0.03587	0.01410	0.00886	0.01164	0.00689	0.00419	0.00470	0.00145	0.00621	0.00432	0.00224	0.00637
7	0.00566	0.00438	0.00531	0.00601	0.01716	0.00394	0.00422	0.00674	0.00959	0.01221	0.05847	0.44217	0.33712	0.01273	0.00561	0.00171	0.00261	0.05632	0.00420	0.00383
8	0.01504	0.01624	0.20580	0.03647	0.02885	0.26463	0.04771	0.02826	0.03179	0.24575	0.01130	0.01161	0.01576	0.00496	0.00452	0.00136	0.01643	0.00382	0.00327	0.00644
9	0.01237	0.32026	0.32826	0.01029	0.01519	0.01373	0.01135	0.16835	0.01192	0.05653	0.00850	0.00928	0.00643	0.00444	0.00385	0.00125	0.00554	0.00322	0.00263	0.00662
10	0.00558	0.00397	0.00524	0.00624	0.00649	0.00372	0.00413	0.00632	0.00857	0.01143	0.02443	0.79671	0.02928	0.05622	0.00666	0.00197	0.00272	0.01256	0.00413	0.00363
11	0.00936	0.00862	0.01418	0.18700	0.44708	0.00894	0.01125	0.01183	0.01017	0.01403	0.08525	0.07788	0.05402	0.00607	0.00478	0.00146	0.00481	0.03459	0.00277	0.00593
12	0.01155	0.01320	0.15716	0.04049	0.47395	0.05163	0.05506	0.03642	0.01086	0.06055	0.03931	0.01193	0.00841	0.00444	0.00452	0.00137	0.00567	0.00412	0.00255	0.00682
13	0.00673	0.00434	0.00505	0.00505	0.00505	0.00434	0.00287	0.00652	0.00652	0.00869	0.01359	0.02795	0.01555	0.75246	0.02249	0.09683	0.00434	0.00631	0.00266	0.00266
14	0.05701	0.01125	0.01253	0.00970	0.01313	0.01215	0.00801	0.56330	0.01832	0.19616	0.01207	0.01178	0.00834	0.00593	0.01755	0.00148	0.02515	0.00412	0.00459	0.00745
15	0.01151	0.03754	0.10303	0.01583	0.06135	0.02716	0.43686	0.04865	0.06236	0.07547	0.01120	0.03368	0.01635	0.00481	0.00513	0.00149	0.01939	0.01903	0.00283	0.00632
16	0.04177	0.04739	0.02625	0.01332	0.15243	0.24014	0.00922	0.19856	0.19273	0.01788	0.01072	0.01126	0.00828	0.00502	0.00429	0.00133	0.00561	0.00385	0.00333	0.00662
17	0.00653	0.00438	0.00503	0.00508	0.00512	0.00440	0.00291	0.00662	0.00672	0.00898	0.01476	0.07039	0.01701	0.77448	0.04622	0.00435	0.00454	0.00686	0.00281	0.00283
18	0.01126	0.01089	0.01822	0.04677	0.72322	0.02538	0.04313	0.02699	0.01057	0.01493	0.02046	0.01155	0.00765	0.00415	0.00453	0.00136	0.00548	0.00413	0.00232	0.00701
19	0.00618	0.00494	0.00568	0.00614	0.00688	0.03757	0.00432	0.00736	0.01001	0.01312	0.20392	0.48501	0.15237	0.01263	0.02029	0.00177	0.00287	0.01076	0.00427	0.00391
20	0.03776	0.01207	0.01223	0.03828	0.15473	0.19711	0.00822	0.07103	0.02280	0.02988	0.00836	0.00980	0.00677	0.00413	0.00399	0.00104	0.01356	0.00320	0.00272	0.36232
21	0.03639	0.00829	0.01008	0.00999	0.06791	0.00956	0.00729	0.03588	0.38029	0.03028	0.03419	0.01716	0.01271	0.03041	0.20656	0.00302	0.06837	0.02202	0.00363	0.00596
22	0.03739	0.12429	0.06400	0.04034	0.10757	0.00893	0.01915	0.01326	0.00977	0.08604	0.00872	0.00995	0.00691	0.00385	0.00365	0.00097	0.00422	0.00310	0.00272	0.44519
23	0.00651	0.00481	0.00599	0.00595	0.00699	0.00454	0.00449	0.00854	0.03556	0.01544	0.44988	0.06979	0.15140	0.09608	0.00730	0.00186	0.00274	0.11357	0.00448	0.00410
24	0.01009	0.00891	0.00974	0.00711	0.01104	0.04664	0.00567	0.04408	0.01006	0.01515	0.00812	0.00940	0.00671	0.00351	0.00344	0.00072	0.00366	0.00275	0.00274	0.79047
25	0.01234	0.07939	0.27551	0.01399	0.12882	0.03914	0.08038	0.15856	0.07877	0.06235	0.01001	0.01099	0.00741	0.00463	0.00437	0.00137	0.00572	0.00388	0.00293	0.01945
26	0.01197	0.77620	0.04885	0.00891	0.05138	0.01734	0.00834	0.01361	0.00927	0.01098	0.00647	0.00754	0.00588	0.00390	0.00303	0.00100	0.00493	0.00253	0.00195	0.00591
27	0.00602	0.00434	0.00577	0.00655	0.00716	0.00410	0.00482	0.00730	0.00977	0.01304	0.14854	0.51157	0.06941	0.01295	0.00579	0.00181	0.00285	0.17002	0.00432	0.00388
28	0.05280	0.00709	0.02730	0.05423	0.15448	0.00656	0.00716	0.01236	0.01124	0.17723	0.25660	0.10201	0.09709	0.00766	0.00488	0.00146	0.00351	0.00668	0.00413	0.00552
29	0.02418	0.10589	0.04675	0.00932	0.05284	0.06657	0.00749	0.14962	0.05106	0.04965	0.00919	0.01001	0.00721	0.00418	0.00376	0.00101	0.00442	0.00320	0.00306	0.39058
30	0.00621	0.00511	0.00551	0.00551	0.00696	0.00471	0.00417	0.00863	0.08989	0.01340	0.10718	0.08515	0.54722	0.03185	0.00581	0.00165	0.00261	0.05999	0.00428	0.00419
31	0.00649	0.00486	0.00613	0.03730	0.00792	0.00468	0.00472	0.04737	0.01050	0.01395	0.19249	0.40845	0.16058	0.03362	0.00598	0.00174	0.00283	0.04204	0.00427	0.00408
32	0.10482	0.00981	0.05257	0.04451	0.21080	0.00901	0.03125	0.05846	0.03512	0.37853	0.01292	0.01285	0.00887	0.00493	0.00437	0.00140	0.00458	0.00414	0.00399	0.00708
33	0.01109	0.03629	0.01835	0.04302	0.68490	0.02669	0.05304	0.01374	0.01021	0.01436	0.00858	0.01135	0.00723	0.00518	0.03542	0.00157	0.00581	0.00406	0.00224	0.00688
34	0.01272	0.45160	0.08119	0.01027	0.06549	0.05969	0.02956	0.11888	0.01130	0.04439	0.00840	0.03422	0.00717	0.00453	0.00364	0.00114	0.00513	0.00334	0.00258	0.04476
35	0.01204	0.01183	0.11727	0.03505	0.25842	0.03577	0.02809	0.08658	0.03131	0.09684	0.00971	0.01100	0.00741	0.00426	0.00418	0.00119	0.00493	0.00366	0.00293	0.23752
36	0.04837	0.03205	0.17121	0.01036	0.04714	0.01816	0.03437	0.19276	0.03268	0.15655	0.04315	0.08261	0.01123	0.00584	0.00446	0.00137	0.00470	0.01467	0.00370	0.08464
37	0.01216	0.03406	0.03487	0.05572	0.47342	0.01084	0.02938	0.10435	0.07843	0.06667	0.03127	0.01239	0.00885	0.00461	0.00448	0.00136	0.00506	0.00422	0.00297	0.02490
38	0.07028	0.03621	0.05792	0.01433	0.05970	0.01071	0.36015	0.07363	0.11230	0.07909	0.01194	0.07214	0.00963	0.00519	0.00482	0.00149	0.00573	0.00526	0.00316	0.00631
39	0.01282	0.14424	0.09510	0.06585	0.18849	0.03583	0.04494	0.08262	0.05009	0.15260	0.06372	0.02347	0.01040	0.00505	0.00434	0.00134	0.00502	0.00427	0.00325	0.00657
40	0.07123	0.03376	0.24646	0.06351	0.01610	0.05179	0.06391	0.18207	0.02998	0.08014	0.01158	0.02048	0.04681	0.00507	0.00433	0.00137	0.00541	0.00408	0.00312	0.05882
41	0.00969	0.03391	0.09947	0.00814	0.01077	0.10757	0.02440	0.09858	0.02477	0.03317	0.04357	0.02657	0.35426	0.00814	0.00525	0.00145	0.03832	0.03569	0.00357	0.03271
42	0.03397	0.06449	0.03409	0.03843	0.13226	0.02818	0.10708	0.13998	0.06647	0.06108	0.03767	0.12072	0.06847	0.00682	0.00478	0.00148	0.00472	0.03982	0.00350	0.00600
43	0.01167	0.02479	0.23363	0.01360	0.13959	0.04047	0.08416	0.07187	0.06449	0.09197	0.01048	0.03295	0.00808	0.00466	0.00435	0.00130	0.00535	0.00404	0.00293	0.14962
44	0.01144	0.01040	0.04083	0.10152	0.39604	0.02106	0.01115	0.09248	0.07605	0.04907	0.04966	0.03068	0.00995	0.00502	0.00477	0.00137	0.02577	0.00443	0.00297	0.05532
45	0.03214	0.03301	0.05214	0.01063	0.07298	0.00898	0.06715	0.11862	0.08337	0.28619	0.04968	0.01571	0.01153	0.04787	0.00545	0.00152	0.00446	0.02366	0.00411	0.07081
46	0.01136	0.05403	0.05991	0.02399	0.23374	0.03576	0.15236	0.06048	0.08273	0.05311	0.02056	0.05267	0.01775	0.00493	0.00449	0.00132	0.00520	0.00461	0.00293	0.11806
47	0.01255	0.03754	0.03642	0.10579	0.14035	0.01050	0.13950	0.16546	0.06698	0.10413	0.05013	0.01304	0.00963	0.00484	0.00454	0.00135	0.00514	0.00440	0.00335	0.08436
48	0.08037	0.07211	0.09700	0.06842	0.04161	0.12144	0.08750	0.10932	0.01183	0.07813	0.06826	0.03515	0.01004	0.00506	0.00425	0.00129	0.00529	0.00416	0.00307	0.09567
49	0.06456	0.03056	0.01325	0.01190	0.11680	0.03449	0.06133	0.21993	0.02479	0.25616	0.02568	0.03586	0.03880	0.00574	0.00484	0.00142	0.02912	0.01385	0.00408	0.00682
50	0.01264	0.03190	0.16236	0.01178	0.09133	0.05818	0.05409	0.16825	0.02143	0.13139	0.07104	0.09111	0.01229	0.00594	0.00458	0.00138	0.00498	0.00504	0.00355	0.05676
51	0.01271	0.05090	0.23154	0.01233	0.06701	0.13372	0.06632	0.14201	0.04549	0.07402	0.05267	0.02369	0.00934	0.00514	0.00474	0.00137	0.03064	0.00411	0.00305	0.02919
52	0.02912	0.05421	0.02319	0.04051	0.23192	0.03289	0.01879	0.08103	0.04067	0.16141	0.08609	0.08400	0.03753	0.00623	0.00467	0.00140	0.01087	0.01747	0.00364	0.03435
53	0.04519	0.04587	0.05116	0.01179	0.12248	0.04443	0.05943	0.12003	0.07731	0.14566	0.05105	0.04583	0.01075	0.00523	0.00433	0.00128	0.00458	0.00443	0.00357	0.14560

[dist]
# distance from previous block
# <min> <max>
14	208

[block]
# block no. 8 follows, 57 sequences, length 12
# corresponding to MSA columns:
# 1759-1768,1770,1771
name=unknown_I
#
# <colnr> <probs for GDERKNQSTAVLIFYWHMCP>
#	G	D	E	R	K	N	Q	S	T	A	V	L	I	F	Y	W	H	M	C	P
0	0.03586	0.00919	0.04827	0.11283	0.03819	0.02524	0.00780	0.09420	0.09726	0.21330	0.06938	0.01718	0.09004	0.00597	0.00468	0.00137	0.01998	0.00486	0.00395	0.10047
1	0.01239	0.01039	0.03892	0.00882	0.01185	0.05462	0.00727	0.22957	0.09683	0.06826	0.03703	0.06561	0.02608	0.00643	0.02181	0.00139	0.05781	0.00456	0.00368	0.23667
2	0.02906	0.02861	0.00969	0.00754	0.01035	0.02283	0.02091	0.05565	0.05254	0.16328	0.09994	0.06236	0.05985	0.02817	0.00514	0.00130	0.03003	0.02109	0.00382	0.28782
3	0.07163	0.02390	0.01190	0.02625	0.01276	0.16640	0.04914	0.13268	0.08186	0.14221	0.04978	0.05087	0.01065	0.00570	0.00498	0.00135	0.05637	0.00441	0.00362	0.09354
4	0.12639	0.08177	0.03770	0.04681	0.01171	0.04948	0.00669	0.13040	0.02993	0.05968	0.03816	0.04436	0.02595	0.04139	0.00469	0.00131	0.00417	0.00404	0.03466	0.22071
5	0.00799	0.00595	0.00774	0.00710	0.02960	0.00593	0.05863	0.07406	0.00847	0.01146	0.03318	0.02572	0.01512	0.63808	0.01860	0.00365	0.00460	0.00612	0.00290	0.03508
6	0.00698	0.00448	0.00536	0.00543	0.00569	0.00440	0.00333	0.00733	0.00749	0.04473	0.04530	0.17507	0.01948	0.59823	0.04461	0.00379	0.00422	0.00764	0.00321	0.00323
7	0.49768	0.03407	0.00824	0.00747	0.04394	0.02712	0.00565	0.08944	0.02840	0.01878	0.04213	0.07104	0.09831	0.00606	0.00370	0.00143	0.00363	0.00448	0.00329	0.00514
8	0.18301	0.06300	0.01275	0.17445	0.07785	0.13345	0.00891	0.14023	0.07062	0.05011	0.00903	0.01042	0.00692	0.00485	0.00441	0.00138	0.03612	0.00356	0.00298	0.00595
9	0.04142	0.01015	0.03628	0.31738	0.24672	0.02627	0.06463	0.08271	0.02798	0.07140	0.01011	0.01241	0.02327	0.00466	0.00452	0.00143	0.00556	0.00420	0.00270	0.00620
10	0.04603	0.05683	0.03521	0.06074	0.39643	0.04127	0.02895	0.02727	0.01043	0.04176	0.05365	0.01184	0.00892	0.00434	0.00418	0.00122	0.00490	0.00387	0.00262	0.15952
11	0.00871	0.00757	0.00925	0.05473	0.08275	0.02509	0.00639	0.01190	0.11542	0.01408	0.03071	0.15746	0.08317	0.03453	0.02129	0.00145	0.00380	0.00584	0.00329	0.32259

[dist]
# distance from previous block
# <min> <max>
6	17

[block]
# block no. 9 follows, 57 sequences, length 9
# corresponding to MSA columns:
# 1789-1797
name=unknown_J
#
# <colnr> <probs for GDERKNQSTAVLIFYWHMCP>
#	G	D	E	R	K	N	Q	S	T	A	V	L	I	F	Y	W	H	M	C	P
0	0.04953	0.13371	0.08515	0.01489	0.24837	0.06818	0.04017	0.05172	0.03720	0.11095	0.01018	0.02870	0.00837	0.05060	0.01700	0.00159	0.03042	0.00407	0.00286	0.00633
1	0.00684	0.00441	0.00504	0.00502	0.00528	0.00444	0.00306	0.00736	0.00739	0.01056	0.05746	0.02735	0.01690	0.62783	0.06641	0.00392	0.00440	0.00623	0.12700	0.00312
2	0.01413	0.15395	0.01374	0.04330	0.01316	0.43118	0.00808	0.05849	0.04440	0.03149	0.05130	0.01148	0.00899	0.04231	0.02697	0.00152	0.03381	0.00360	0.00270	0.00540
3	0.01047	0.00664	0.00808	0.00664	0.00934	0.00549	0.00524	0.01211	0.01010	0.17843	0.01803	0.06799	0.11327	0.06988	0.00576	0.00143	0.00340	0.07915	0.03219	0.35637
4	0.00701	0.00500	0.00593	0.00587	0.00658	0.00486	0.00399	0.04950	0.00909	0.01224	0.11009	0.18135	0.07526	0.39189	0.02873	0.00299	0.00378	0.05356	0.00355	0.03873
5	0.03209	0.03855	0.09547	0.01735	0.37712	0.02454	0.01068	0.09110	0.03990	0.06364	0.03895	0.03583	0.05855	0.05008	0.00549	0.00154	0.00489	0.00476	0.00301	0.00645
6	0.03804	0.00921	0.01211	0.19965	0.07377	0.03789	0.02254	0.07339	0.12129	0.04082	0.02324	0.06311	0.05273	0.02872	0.00730	0.00167	0.18085	0.00507	0.00304	0.00557
7	0.10296	0.05215	0.00908	0.00815	0.04203	0.02376	0.00630	0.07900	0.08212	0.07266	0.02142	0.08044	0.17101	0.00876	0.01801	0.00164	0.01660	0.14965	0.03149	0.02279
8	0.01074	0.01051	0.07437	0.05983	0.44453	0.00950	0.06057	0.03118	0.02194	0.05839	0.04526	0.03163	0.03611	0.00535	0.00469	0.00142	0.00511	0.05117	0.00282	0.03487

[dist]
# distance from previous block
# <min> <max>
2	36

[block]
# block no. 10 follows, 57 sequences, length 11
# corresponding to MSA columns:
# 1835-1845
name=unknown_K
#
# <colnr> <probs for GDERKNQSTAVLIFYWHMCP>
#	G	D	E	R	K	N	Q	S	T	A	V	L	I	F	Y	W	H	M	C	P
0	0.01562	0.00837	0.01034	0.00788	0.01149	0.00739	0.00641	0.07673	0.07899	0.41751	0.01406	0.01316	0.00964	0.00488	0.00415	0.00116	0.00375	0.00393	0.00445	0.30008
1	0.00980	0.00738	0.00910	0.03859	0.03335	0.03403	0.00635	0.15240	0.01014	0.04414	0.01164	0.01779	0.01087	0.20602	0.29727	0.04099	0.05763	0.00489	0.00293	0.00469
2	0.01097	0.11604	0.07229	0.06061	0.07317	0.02725	0.13879	0.11098	0.08725	0.03677	0.02615	0.04143	0.02470	0.10994	0.02289	0.00189	0.02518	0.00489	0.00299	0.00582
3	0.01037	0.00787	0.00883	0.00793	0.01003	0.00858	0.00612	0.01868	0.47794	0.08109	0.25582	0.02230	0.02239	0.03484	0.00544	0.00159	0.00320	0.00605	0.00474	0.00620
4	0.15406	0.03978	0.00990	0.00765	0.01043	0.00822	0.02026	0.06565	0.04080	0.17612	0.01324	0.11915	0.02762	0.02130	0.00507	0.00136	0.05441	0.00486	0.00364	0.21648
5	0.01015	0.00782	0.00926	0.00687	0.01051	0.00617	0.00547	0.04001	0.01027	0.07479	0.05820	0.04432	0.01019	0.00439	0.00370	0.00084	0.00335	0.00361	0.00317	0.68690
6	0.01057	0.00860	0.00953	0.05275	0.01171	0.03541	0.00696	0.03550	0.45110	0.05678	0.04954	0.10096	0.03940	0.00781	0.00558	0.03342	0.02433	0.04976	0.00422	0.00606
7	0.00787	0.00394	0.00590	0.00590	0.00590	0.00394	0.00394	0.00590	0.00590	0.00787	0.00787	0.01377	0.00787	0.01574	0.01771	0.86816	0.00394	0.00394	0.00197	0.00197
8	0.03337	0.10041	0.06545	0.06286	0.09061	0.03440	0.04534	0.09254	0.05165	0.03918	0.03512	0.02357	0.00859	0.00457	0.00422	0.00115	0.02240	0.00372	0.00290	0.27795
9	0.07772	0.00759	0.01003	0.00889	0.02665	0.03678	0.09561	0.07310	0.06023	0.03352	0.08874	0.05144	0.01456	0.16185	0.22958	0.00356	0.00664	0.00553	0.00319	0.00481
10	0.05277	0.03983	0.03196	0.00957	0.03771	0.05651	0.00753	0.20919	0.23094	0.06391	0.05748	0.06797	0.01266	0.00724	0.03582	0.00163	0.02255	0.00494	0.00396	0.04582

[dist]
# distance from previous block
# <min> <max>
1	12

[block]
# block no. 11 follows, 57 sequences, length 12
# corresponding to MSA columns:
# 1858-1869
name=unknown_L
#
# <colnr> <probs for GDERKNQSTAVLIFYWHMCP>
#	G	D	E	R	K	N	Q	S	T	A	V	L	I	F	Y	W	H	M	C	P
0	0.01048	0.03800	0.07725	0.07058	0.43682	0.00970	0.05334	0.01344	0.03265	0.05178	0.03491	0.08037	0.01134	0.00569	0.00471	0.00146	0.00512	0.05319	0.00278	0.00638
1	0.03156	0.04963	0.01259	0.10248	0.05362	0.03368	0.00835	0.26239	0.25138	0.01982	0.01193	0.01233	0.00900	0.00509	0.00428	0.00132	0.00454	0.00406	0.00370	0.11825
2	0.00750	0.00584	0.00825	0.00784	0.00858	0.00702	0.00611	0.04523	0.00780	0.01120	0.01126	0.01715	0.01070	0.08822	0.58952	0.03411	0.12223	0.00480	0.00247	0.00418
3	0.01176	0.06348	0.12492	0.14290	0.20097	0.02400	0.03069	0.07302	0.08359	0.10666	0.03126	0.01503	0.00993	0.00531	0.00455	0.00144	0.00521	0.05572	0.00311	0.00646
4	0.01202	0.10780	0.13399	0.01376	0.09864	0.03765	0.20565	0.10638	0.05278	0.08363	0.07054	0.03552	0.01073	0.00510	0.00460	0.00139	0.00558	0.00470	0.00311	0.00642
5	0.00740	0.00523	0.00723	0.02070	0.00866	0.00518	0.02779	0.02788	0.00970	0.05366	0.04991	0.34882	0.08512	0.05266	0.07337	0.00238	0.02005	0.18607	0.00396	0.00423
6	0.00650	0.00442	0.00527	0.00541	0.00555	0.00446	0.00332	0.00680	0.00701	0.00940	0.01556	0.11282	0.01779	0.65443	0.08971	0.00429	0.00487	0.03646	0.00292	0.00301
7	0.02920	0.01237	0.19127	0.01012	0.06352	0.04427	0.02332	0.05840	0.01069	0.07189	0.04119	0.03133	0.00883	0.00448	0.00399	0.00109	0.00459	0.00365	0.00291	0.38290
8	0.01149	0.09575	0.03260	0.07568	0.13630	0.00966	0.07133	0.03960	0.09470	0.12361	0.07792	0.02765	0.02786	0.00549	0.00466	0.00133	0.02256	0.02577	0.00336	0.11269
9	0.01145	0.00946	0.07218	0.03357	0.04822	0.03743	0.04149	0.11311	0.02334	0.14009	0.03399	0.15758	0.02610	0.03140	0.03626	0.00167	0.00464	0.01965	0.00364	0.15472
10	0.08039	0.02292	0.10472	0.06735	0.02428	0.04245	0.08445	0.06503	0.03561	0.06881	0.04328	0.03050	0.02762	0.00500	0.00439	0.00124	0.02146	0.01658	0.00304	0.25088
11	0.02190	0.00815	0.02741	0.02070	0.01157	0.02411	0.10851	0.04173	0.08503	0.05052	0.10261	0.05495	0.03644	0.09769	0.09336	0.00232	0.04458	0.02322	0.00333	0.14187

[dist]
# distance from previous block
# <min> <max>
62	493

# created by:
# /home/cegg/simao/soft/augustus-3.2.1/scripts/msa2prfl.pl ./align_prep/EOG092C56A1.fa
