[name]
unknown

[dist]
# distance from previous block
# <min> <max>
0	54

[block]
# block no. 0 follows, 70 sequences, length 10
# corresponding to MSA columns:
# 54-63
name=unknown_A
#
# <colnr> <probs for GDERKNQSTAVLIFYWHMCP>
#	G	D	E	R	K	N	Q	S	T	A	V	L	I	F	Y	W	H	M	C	P
0	0.06677	0.09366	0.09920	0.02648	0.02445	0.06446	0.07694	0.07856	0.04288	0.14801	0.04813	0.05294	0.02336	0.01802	0.00408	0.00125	0.00415	0.07637	0.00299	0.04731
1	0.02552	0.00805	0.03399	0.03510	0.02668	0.07204	0.04266	0.16082	0.04753	0.05608	0.06949	0.02693	0.10082	0.06339	0.11717	0.00197	0.00472	0.00443	0.00298	0.09964
2	0.07848	0.03167	0.16435	0.04291	0.04333	0.04741	0.23395	0.02751	0.00896	0.09912	0.03008	0.02197	0.02588	0.00403	0.00398	0.00116	0.02218	0.00369	0.00240	0.10693
3	0.00485	0.00362	0.00428	0.00474	0.00543	0.00325	0.00332	0.00577	0.00817	0.01067	0.07304	0.47341	0.31556	0.01066	0.00467	0.00142	0.00210	0.00937	0.05242	0.00325
4	0.01124	0.06551	0.04626	0.00811	0.01076	0.01041	0.00680	0.33511	0.35429	0.01860	0.05841	0.03599	0.01080	0.00517	0.00388	0.00122	0.00363	0.00415	0.00368	0.00600
5	0.02698	0.00846	0.07777	0.09591	0.12274	0.00777	0.08655	0.03695	0.13737	0.08166	0.08791	0.03343	0.04966	0.00500	0.00425	0.00122	0.03260	0.01568	0.00289	0.08521
6	0.75943	0.03664	0.00683	0.04611	0.00881	0.06664	0.00482	0.01161	0.00700	0.01622	0.00551	0.00654	0.00433	0.00363	0.00255	0.00118	0.00342	0.00219	0.00231	0.00425
7	0.01192	0.13077	0.02500	0.00645	0.00884	0.00743	0.00544	0.08764	0.06867	0.32150	0.07864	0.01487	0.05079	0.03637	0.04461	0.00146	0.00357	0.00411	0.08657	0.00534
8	0.00556	0.00368	0.00453	0.00496	0.00552	0.00339	0.00339	0.00637	0.00778	0.04609	0.04810	0.51849	0.14769	0.10042	0.00622	0.00168	0.00236	0.00901	0.07147	0.00328
9	0.00953	0.09693	0.15156	0.11871	0.14076	0.03183	0.09929	0.05689	0.00902	0.08603	0.02479	0.07339	0.00813	0.01846	0.01743	0.00134	0.04433	0.00403	0.00236	0.00518

[dist]
# distance from previous block
# <min> <max>
7	14

[block]
# block no. 1 follows, 70 sequences, length 16
# corresponding to MSA columns:
# 78-93
name=unknown_B
#
# <colnr> <probs for GDERKNQSTAVLIFYWHMCP>
#	G	D	E	R	K	N	Q	S	T	A	V	L	I	F	Y	W	H	M	C	P
0	0.10067	0.02423	0.03018	0.00717	0.07155	0.05694	0.00510	0.03584	0.02031	0.02608	0.09144	0.04169	0.03955	0.15368	0.02998	0.02124	0.00362	0.00410	0.02029	0.21633
1	0.03482	0.00843	0.05261	0.06035	0.11598	0.01950	0.07362	0.10907	0.07189	0.06924	0.05233	0.01305	0.04264	0.02205	0.01568	0.00123	0.02422	0.01982	0.02228	0.17120
2	0.16930	0.07646	0.08758	0.00811	0.04990	0.14966	0.02290	0.02550	0.02379	0.06235	0.12034	0.01085	0.00977	0.00429	0.00353	0.00105	0.01997	0.00325	0.00259	0.14882
3	0.15620	0.00652	0.00733	0.00593	0.00839	0.00600	0.00472	0.02587	0.00797	0.03691	0.02639	0.09635	0.04088	0.00537	0.02170	0.00107	0.05563	0.02360	0.00263	0.46054
4	0.00595	0.00486	0.00600	0.04053	0.00745	0.00474	0.02519	0.00886	0.12605	0.01367	0.40432	0.02840	0.29347	0.00788	0.00446	0.00127	0.00231	0.00681	0.00384	0.00395
5	0.00533	0.00379	0.00501	0.00530	0.00590	0.00373	0.00386	0.00654	0.00823	0.01145	0.23388	0.31670	0.06087	0.05545	0.16386	0.00243	0.00378	0.05175	0.04880	0.00335
6	0.00915	0.01046	0.02288	0.01634	0.02026	0.00980	0.82549	0.01242	0.00915	0.01242	0.00784	0.01046	0.00588	0.00327	0.00458	0.00131	0.00654	0.00458	0.00196	0.00523
7	0.00604	0.00385	0.00449	0.00438	0.00528	0.00360	0.00321	0.00752	0.00922	0.02843	0.35055	0.07292	0.15093	0.07048	0.00516	0.00135	0.00204	0.00627	0.26078	0.00351
8	0.00625	0.00472	0.00578	0.00582	0.00670	0.00484	0.00423	0.05438	0.12410	0.01277	0.20859	0.38286	0.04301	0.03837	0.07712	0.00189	0.00312	0.00791	0.00365	0.00388
9	0.01160	0.01243	0.01468	0.11129	0.01606	0.27778	0.25950	0.16888	0.02751	0.01344	0.00782	0.02799	0.00619	0.00415	0.00418	0.00119	0.02413	0.00368	0.00238	0.00510
10	0.00619	0.00497	0.00553	0.00512	0.00655	0.00476	0.00388	0.04250	0.12862	0.01337	0.26578	0.05553	0.36300	0.03089	0.00480	0.00132	0.00228	0.00685	0.00376	0.04431
11	0.00924	0.00894	0.01445	0.16056	0.63684	0.03897	0.01129	0.01152	0.00873	0.01204	0.00778	0.01118	0.00668	0.00388	0.00390	0.00120	0.00474	0.04043	0.00196	0.00566
12	0.00951	0.00837	0.02833	0.02543	0.34905	0.00796	0.02797	0.09163	0.05060	0.04636	0.04365	0.04233	0.02427	0.00429	0.00394	0.00107	0.02399	0.00379	0.00259	0.20487
13	0.03884	0.00612	0.04424	0.00595	0.00744	0.04283	0.00481	0.06583	0.02196	0.05574	0.23411	0.19832	0.16693	0.00831	0.00442	0.00133	0.00281	0.06795	0.00363	0.01843
14	0.08402	0.16201	0.13794	0.00771	0.01067	0.12955	0.01874	0.04377	0.04953	0.11872	0.06650	0.06570	0.00951	0.00469	0.00348	0.00109	0.00419	0.00364	0.00273	0.07582
15	0.09859	0.00899	0.04429	0.00779	0.01068	0.05628	0.05598	0.18502	0.06857	0.17141	0.04647	0.03170	0.00878	0.00494	0.02021	0.00119	0.00394	0.00361	0.00327	0.16827

[dist]
# distance from previous block
# <min> <max>
1	10

[block]
# block no. 2 follows, 70 sequences, length 14
# corresponding to MSA columns:
# 104-117
name=unknown_C
#
# <colnr> <probs for GDERKNQSTAVLIFYWHMCP>
#	G	D	E	R	K	N	Q	S	T	A	V	L	I	F	Y	W	H	M	C	P
0	0.13468	0.00976	0.03664	0.00961	0.09142	0.13734	0.08167	0.07515	0.04155	0.10207	0.07865	0.01140	0.00909	0.00429	0.00360	0.00109	0.00421	0.01991	0.00282	0.14507
1	0.00927	0.19848	0.23470	0.18637	0.14294	0.06089	0.03013	0.05342	0.00889	0.01169	0.02470	0.00891	0.00597	0.00376	0.00353	0.00113	0.00503	0.00304	0.00190	0.00525
2	0.00829	0.00772	0.01279	0.58221	0.25578	0.00893	0.01094	0.04667	0.00852	0.01133	0.00711	0.01008	0.00551	0.00379	0.00387	0.00125	0.00497	0.00345	0.00187	0.00493
3	0.00742	0.00691	0.00691	0.00660	0.00743	0.15818	0.00489	0.00832	0.00702	0.00888	0.00974	0.03572	0.00966	0.18811	0.41245	0.03639	0.04288	0.00419	0.00213	0.03618
4	0.02766	0.00641	0.01037	0.55612	0.11222	0.00749	0.00915	0.00918	0.00781	0.01040	0.01051	0.17623	0.02965	0.00558	0.00406	0.00133	0.00441	0.00500	0.00217	0.00426
5	0.00571	0.00400	0.00478	0.00471	0.00578	0.00355	0.00351	0.00701	0.00950	0.05718	0.32305	0.16198	0.34331	0.00913	0.00457	0.00131	0.00206	0.02207	0.02320	0.00358
6	0.05098	0.00437	0.00527	0.00537	0.00637	0.00425	0.00411	0.00781	0.05889	0.01326	0.34800	0.18394	0.15129	0.00904	0.00461	0.00139	0.00233	0.13123	0.00382	0.00367
7	0.00503	0.00367	0.00456	0.00504	0.00557	0.00340	0.00353	0.00582	0.00788	0.01029	0.09347	0.43845	0.19364	0.10981	0.00681	0.02160	0.00246	0.07240	0.00347	0.00313
8	0.01338	0.01075	0.01047	0.00838	0.01094	0.11076	0.00669	0.59330	0.04600	0.02032	0.00954	0.01103	0.00746	0.09437	0.00546	0.00141	0.00443	0.00363	0.02585	0.00581
9	0.01036	0.86609	0.02032	0.00663	0.00995	0.01534	0.00663	0.01161	0.00788	0.00912	0.00539	0.00622	0.00498	0.00332	0.00249	0.00083	0.00415	0.00207	0.00166	0.00498
10	0.58579	0.00690	0.00597	0.00542	0.00751	0.00774	0.00437	0.04586	0.07019	0.01651	0.08439	0.03347	0.07973	0.00509	0.00311	0.00124	0.00286	0.02666	0.00291	0.00428
11	0.00809	0.05848	0.08540	0.07028	0.07144	0.04681	0.09676	0.03792	0.04872	0.04038	0.22948	0.01891	0.08787	0.05751	0.00507	0.00137	0.00388	0.02409	0.00296	0.00456
12	0.00904	0.01013	0.05192	0.00914	0.05935	0.24917	0.00698	0.01036	0.00785	0.00964	0.00820	0.01223	0.00763	0.07162	0.27418	0.00301	0.15733	0.01984	0.01830	0.00410
13	0.00780	0.00611	0.00755	0.02670	0.00804	0.02224	0.00517	0.11868	0.00803	0.02655	0.01022	0.05887	0.01019	0.25186	0.22937	0.00327	0.13534	0.00455	0.00247	0.05697

[dist]
# distance from previous block
# <min> <max>
0	2

[block]
# block no. 3 follows, 70 sequences, length 11
# corresponding to MSA columns:
# 120-130
name=unknown_D
#
# <colnr> <probs for GDERKNQSTAVLIFYWHMCP>
#	G	D	E	R	K	N	Q	S	T	A	V	L	I	F	Y	W	H	M	C	P
0	0.28358	0.00734	0.00781	0.00652	0.00901	0.00772	0.00534	0.12613	0.10227	0.28685	0.01156	0.01227	0.00842	0.00473	0.00343	0.00122	0.00322	0.04306	0.06405	0.00545
1	0.00553	0.00401	0.00539	0.00614	0.00683	0.00386	0.00491	0.00687	0.00850	0.01113	0.06837	0.33022	0.08943	0.01099	0.00511	0.00164	0.00288	0.42118	0.00362	0.00340
2	0.00494	0.00367	0.00455	0.00500	0.00561	0.00336	0.00353	0.00589	0.00831	0.01091	0.15638	0.45403	0.21468	0.05265	0.00555	0.00157	0.00226	0.05022	0.00364	0.00324
3	0.02968	0.06821	0.06503	0.24049	0.01475	0.00775	0.00758	0.05039	0.03469	0.33908	0.01067	0.01153	0.00754	0.04035	0.00436	0.00127	0.00406	0.00352	0.00316	0.05588
4	0.07910	0.02744	0.15919	0.00879	0.01179	0.13083	0.03551	0.12297	0.26622	0.01510	0.03136	0.01055	0.00815	0.00445	0.00384	0.00118	0.02196	0.00344	0.00288	0.05525
5	0.02341	0.06648	0.18625	0.03386	0.09351	0.01005	0.34153	0.06945	0.02524	0.01293	0.00742	0.00935	0.00571	0.00377	0.00462	0.00124	0.06719	0.00366	0.00204	0.03229
6	0.06785	0.00570	0.00742	0.00685	0.04398	0.00543	0.02623	0.03960	0.02458	0.32085	0.03385	0.19078	0.02891	0.00678	0.02127	0.00134	0.00306	0.00537	0.15519	0.00495
7	0.04068	0.04788	0.00959	0.02492	0.01040	0.37962	0.00625	0.05574	0.06939	0.14345	0.07396	0.01353	0.09810	0.00512	0.00374	0.00112	0.00478	0.00384	0.00301	0.00487
8	0.01120	0.05249	0.07625	0.01920	0.05000	0.09613	0.04059	0.12298	0.08953	0.11651	0.00865	0.00969	0.00667	0.00511	0.01739	0.00131	0.20260	0.00335	0.00269	0.06767
9	0.00665	0.00527	0.00773	0.00941	0.17152	0.00544	0.00587	0.00852	0.04624	0.02882	0.12582	0.20637	0.04253	0.03815	0.22316	0.00269	0.01961	0.03916	0.00293	0.00412
10	0.00657	0.00422	0.00516	0.00489	0.00596	0.00382	0.00357	0.00784	0.00900	0.07907	0.29995	0.14112	0.12806	0.12755	0.00644	0.00158	0.00239	0.02400	0.08031	0.05851

[dist]
# distance from previous block
# <min> <max>
1	7

[block]
# block no. 4 follows, 70 sequences, length 15
# corresponding to MSA columns:
# 138-152
name=unknown_E
#
# <colnr> <probs for GDERKNQSTAVLIFYWHMCP>
#	G	D	E	R	K	N	Q	S	T	A	V	L	I	F	Y	W	H	M	C	P
0	0.00508	0.00364	0.00446	0.00489	0.00540	0.00334	0.00329	0.00569	0.00746	0.00984	0.04021	0.48500	0.18150	0.12811	0.00726	0.04255	0.00245	0.00888	0.02528	0.02566
1	0.07907	0.05143	0.09690	0.07157	0.16963	0.00922	0.16829	0.07132	0.07127	0.04469	0.06050	0.01141	0.02090	0.00468	0.01827	0.00131	0.03789	0.00383	0.00248	0.00532
2	0.00869	0.00815	0.01358	0.42688	0.41229	0.00903	0.01117	0.04269	0.00867	0.01178	0.00718	0.00994	0.00569	0.00371	0.00386	0.00122	0.00487	0.00345	0.00190	0.00527
3	0.44300	0.00811	0.00723	0.00652	0.00817	0.09672	0.00516	0.03585	0.02901	0.01378	0.00708	0.00972	0.00624	0.07252	0.13287	0.00219	0.10646	0.00297	0.00231	0.00411
4	0.03477	0.18489	0.01173	0.00746	0.01007	0.01028	0.03667	0.30830	0.10841	0.06359	0.02774	0.01133	0.00841	0.00454	0.00345	0.00109	0.00365	0.01916	0.13893	0.00551
5	0.00519	0.00409	0.00464	0.00463	0.00565	0.00376	0.00340	0.00673	0.04673	0.01151	0.20643	0.10686	0.43349	0.08322	0.03745	0.00172	0.00251	0.02499	0.00360	0.00341
6	0.00637	0.00423	0.00499	0.00471	0.00591	0.00378	0.00351	0.00779	0.02241	0.09435	0.31436	0.07268	0.34706	0.06755	0.00553	0.00144	0.00220	0.00717	0.02024	0.00372
7	0.00805	0.00783	0.03500	0.40061	0.14174	0.00821	0.14217	0.01098	0.04722	0.03081	0.06768	0.01309	0.04730	0.00437	0.00405	0.00126	0.00474	0.00415	0.01594	0.00480
8	0.00539	0.00403	0.00498	0.00514	0.00597	0.00378	0.00375	0.02434	0.03077	0.01265	0.32613	0.32117	0.18407	0.00974	0.00471	0.00139	0.00216	0.04245	0.00386	0.00353
9	0.00949	0.03980	0.06788	0.02624	0.19802	0.12314	0.07602	0.04501	0.18289	0.01314	0.06598	0.07741	0.03377	0.00509	0.00396	0.00121	0.00436	0.00446	0.00274	0.01940
10	0.02985	0.06506	0.05290	0.10296	0.10555	0.10877	0.15729	0.14686	0.02510	0.09683	0.04652	0.01104	0.02528	0.00424	0.00388	0.00118	0.00490	0.00373	0.00268	0.00539
11	0.06488	0.00464	0.00592	0.00566	0.00657	0.00493	0.00415	0.00867	0.03500	0.10909	0.03126	0.07167	0.01226	0.25234	0.36139	0.00404	0.00626	0.00491	0.00271	0.00365
12	0.01092	0.02471	0.21459	0.04900	0.01431	0.06840	0.12449	0.21302	0.11993	0.07009	0.02365	0.01103	0.02918	0.00440	0.00392	0.00122	0.00485	0.00373	0.00287	0.00572
13	0.00945	0.00588	0.00689	0.00575	0.00791	0.00538	0.00450	0.04899	0.10007	0.17738	0.08203	0.07641	0.09670	0.00563	0.00367	0.00105	0.00266	0.00470	0.13865	0.21630
14	0.03027	0.01234	0.03553	0.00858	0.01067	0.39768	0.05261	0.05632	0.01066	0.12730	0.12314	0.05150	0.01152	0.04922	0.00467	0.00126	0.00509	0.00404	0.00289	0.00468

[dist]
# distance from previous block
# <min> <max>
0	8

[block]
# block no. 5 follows, 70 sequences, length 16
# corresponding to MSA columns:
# 161-176
name=unknown_F
#
# <colnr> <probs for GDERKNQSTAVLIFYWHMCP>
#	G	D	E	R	K	N	Q	S	T	A	V	L	I	F	Y	W	H	M	C	P
0	0.00808	0.02090	0.09751	0.00816	0.08258	0.02258	0.03582	0.01040	0.03619	0.11527	0.34042	0.05974	0.08151	0.00655	0.00425	0.00123	0.00314	0.03076	0.00350	0.03141
1	0.06056	0.00956	0.01463	0.09172	0.35527	0.05483	0.16514	0.04215	0.14165	0.01346	0.00862	0.01027	0.00676	0.00383	0.00390	0.00121	0.00480	0.00369	0.00234	0.00562
2	0.23538	0.07321	0.08032	0.01076	0.10638	0.13353	0.13354	0.04599	0.07011	0.03466	0.00791	0.00977	0.00634	0.00402	0.00349	0.00118	0.00471	0.03124	0.00238	0.00508
3	0.00918	0.00859	0.01426	0.27709	0.54611	0.00918	0.01131	0.05539	0.00901	0.01246	0.00728	0.00981	0.00587	0.00365	0.00385	0.00120	0.00476	0.00345	0.00197	0.00560
4	0.05547	0.00809	0.01069	0.20672	0.16309	0.07271	0.00826	0.04916	0.00795	0.01108	0.00784	0.03982	0.00718	0.07343	0.09323	0.00202	0.17296	0.00379	0.00206	0.00447
5	0.00541	0.00395	0.00468	0.00466	0.00566	0.00355	0.00342	0.00657	0.00898	0.04167	0.24788	0.16417	0.37893	0.05025	0.05100	0.00170	0.00256	0.00783	0.00368	0.00344
6	0.00495	0.00362	0.00458	0.00509	0.00561	0.00334	0.00354	0.00586	0.00815	0.01080	0.15347	0.51623	0.14823	0.06580	0.00580	0.00163	0.00229	0.04414	0.00362	0.00322
7	0.00527	0.00396	0.00452	0.00454	0.00564	0.00349	0.00336	0.00638	0.00891	0.04127	0.16373	0.15909	0.51040	0.01071	0.04949	0.00159	0.00248	0.00805	0.00367	0.00345
8	0.00542	0.00397	0.00452	0.00443	0.00557	0.00348	0.00331	0.00669	0.00942	0.04035	0.28243	0.10353	0.45817	0.00904	0.00451	0.00128	0.00199	0.00773	0.04065	0.00351
9	0.02550	0.15115	0.03030	0.00773	0.06523	0.03404	0.00576	0.02782	0.03483	0.03970	0.01519	0.40164	0.03513	0.00829	0.00474	0.00137	0.05767	0.04676	0.00297	0.00418
10	0.13193	0.42260	0.07337	0.00798	0.01123	0.09101	0.07814	0.03631	0.00876	0.09660	0.00690	0.00761	0.00547	0.00363	0.00302	0.00101	0.00449	0.00262	0.00220	0.00511
11	0.00548	0.00376	0.00472	0.00508	0.00558	0.00353	0.00349	0.00627	0.00777	0.03545	0.11643	0.40861	0.11090	0.19538	0.02472	0.00207	0.00276	0.05141	0.00341	0.00318
12	0.00854	0.16029	0.50731	0.05239	0.02675	0.02426	0.02793	0.03667	0.05108	0.01233	0.05161	0.00947	0.00707	0.00396	0.00357	0.00116	0.00507	0.00312	0.00199	0.00544
13	0.00569	0.00429	0.00514	0.02726	0.00635	0.02202	0.00375	0.00704	0.00953	0.03210	0.42375	0.17982	0.19488	0.05433	0.00539	0.00143	0.00227	0.00764	0.00380	0.00352
14	0.00616	0.03446	0.00685	0.00667	0.05257	0.00457	0.03958	0.00766	0.02170	0.04337	0.28822	0.33129	0.12408	0.00894	0.00456	0.00135	0.00251	0.00799	0.00364	0.00382
15	0.05521	0.05286	0.16975	0.03630	0.07449	0.03150	0.12358	0.16246	0.07645	0.07235	0.03766	0.01078	0.00772	0.03169	0.00447	0.00128	0.02139	0.00362	0.00270	0.02375

[dist]
# distance from previous block
# <min> <max>
7	10

[block]
# block no. 6 follows, 70 sequences, length 9
# corresponding to MSA columns:
# 189-197
name=unknown_G
#
# <colnr> <probs for GDERKNQSTAVLIFYWHMCP>
#	G	D	E	R	K	N	Q	S	T	A	V	L	I	F	Y	W	H	M	C	P
0	0.01080	0.16864	0.19921	0.00915	0.01225	0.20622	0.03580	0.07205	0.07904	0.04424	0.00828	0.04889	0.00687	0.00450	0.00410	0.00114	0.05799	0.00331	0.00233	0.02517
1	0.05211	0.04757	0.00834	0.00597	0.00888	0.00631	0.00479	0.07007	0.04315	0.03272	0.02209	0.04519	0.02321	0.01759	0.01784	0.00093	0.00311	0.00315	0.02750	0.55948
2	0.00823	0.00900	0.13374	0.01047	0.12971	0.00758	0.08429	0.03516	0.16046	0.04265	0.14682	0.03365	0.11430	0.01895	0.00482	0.00131	0.04578	0.00499	0.00302	0.00506
3	0.04288	0.03232	0.04942	0.00781	0.01035	0.08667	0.07316	0.15541	0.01051	0.17828	0.03804	0.06878	0.00988	0.11318	0.00578	0.00145	0.00410	0.00420	0.00313	0.10465
4	0.00586	0.00498	0.04493	0.00551	0.00661	0.00421	0.00427	0.04707	0.00885	0.01211	0.18507	0.34684	0.12512	0.05975	0.02415	0.00160	0.00272	0.02964	0.03202	0.04869
5	0.03634	0.45127	0.22912	0.00850	0.03473	0.03160	0.02671	0.01239	0.05787	0.02436	0.02851	0.00818	0.00632	0.00369	0.00307	0.00101	0.00448	0.00268	0.00197	0.02719
6	0.02595	0.09582	0.01101	0.00834	0.04700	0.05867	0.04624	0.08144	0.14113	0.25462	0.06510	0.02477	0.01007	0.00466	0.00384	0.00112	0.01724	0.00380	0.00344	0.09576
7	0.00855	0.03561	0.07292	0.06224	0.13213	0.06480	0.00723	0.05356	0.06142	0.05153	0.03273	0.06565	0.00981	0.05239	0.23672	0.00269	0.00596	0.00420	0.00250	0.03736
8	0.03814	0.04576	0.08614	0.00806	0.06872	0.02646	0.02005	0.06128	0.05887	0.06632	0.04036	0.09505	0.04250	0.13844	0.05640	0.00188	0.02716	0.02356	0.00278	0.09205

[dist]
# distance from previous block
# <min> <max>
22	76

[block]
# block no. 7 follows, 70 sequences, length 21
# corresponding to MSA columns:
# 290-310
name=unknown_H
#
# <colnr> <probs for GDERKNQSTAVLIFYWHMCP>
#	G	D	E	R	K	N	Q	S	T	A	V	L	I	F	Y	W	H	M	C	P
0	0.15716	0.00915	0.01997	0.11285	0.04339	0.10592	0.06970	0.12355	0.06798	0.06789	0.05276	0.01959	0.00845	0.01538	0.02130	0.00130	0.00438	0.01804	0.00279	0.07844
1	0.10895	0.00885	0.02025	0.06312	0.07677	0.09336	0.04599	0.14358	0.02478	0.13586	0.09973	0.01272	0.02143	0.01985	0.00416	0.00119	0.01873	0.01576	0.00308	0.08184
2	0.08376	0.01933	0.01074	0.06602	0.06736	0.07766	0.03733	0.27789	0.06594	0.10536	0.02412	0.01040	0.02153	0.00430	0.00364	0.00111	0.00412	0.00341	0.00314	0.11282
3	0.20193	0.02256	0.00951	0.03149	0.02367	0.13851	0.00633	0.20490	0.04154	0.11209	0.00858	0.02050	0.00660	0.00441	0.00388	0.00114	0.04902	0.01421	0.00297	0.09617
4	0.12467	0.01003	0.01069	0.04197	0.07258	0.13343	0.06120	0.22558	0.10054	0.04612	0.06674	0.01129	0.00890	0.00452	0.00370	0.00116	0.00430	0.01713	0.00303	0.05243
5	0.18259	0.06792	0.01149	0.05890	0.02614	0.06346	0.10409	0.09132	0.03964	0.10364	0.02228	0.00961	0.00668	0.02046	0.00468	0.00122	0.09141	0.00324	0.00263	0.08860
6	0.12655	0.04588	0.01083	0.07196	0.10525	0.03860	0.04246	0.16444	0.08665	0.13975	0.00965	0.02356	0.00742	0.03770	0.00420	0.00124	0.00398	0.00350	0.00302	0.07336
7	0.12388	0.04646	0.03345	0.02878	0.01137	0.07070	0.07302	0.16848	0.06530	0.06838	0.00877	0.04663	0.00724	0.00494	0.00514	0.00124	0.14764	0.01463	0.00275	0.07121
8	0.19264	0.00821	0.04500	0.12764	0.06197	0.03513	0.00685	0.08198	0.06026	0.20217	0.05964	0.01188	0.02252	0.00451	0.00357	0.00118	0.00374	0.01263	0.00313	0.05536
9	0.08030	0.01091	0.00975	0.03734	0.03608	0.26769	0.02795	0.03727	0.11292	0.04961	0.02749	0.00978	0.01984	0.00412	0.00372	0.00102	0.03142	0.00308	0.00258	0.22712
10	0.00508	0.00422	0.00477	0.00467	0.00578	0.00395	0.00353	0.00643	0.02761	0.01126	0.16404	0.07923	0.55930	0.01047	0.05186	0.00160	0.04157	0.00762	0.00354	0.00345
11	0.00683	0.00527	0.00629	0.00601	0.00684	0.03343	0.00449	0.06441	0.04766	0.01051	0.01242	0.01843	0.04860	0.22333	0.39622	0.00414	0.02716	0.02350	0.05086	0.00360
12	0.01042	0.00698	0.00838	0.00618	0.00943	0.00565	0.00498	0.06074	0.00931	0.19604	0.00924	0.03025	0.00713	0.00363	0.00321	0.00077	0.00303	0.00294	0.00297	0.61873
13	0.00458	0.00393	0.00393	0.00393	0.00524	0.00327	0.00295	0.00556	0.00884	0.01047	0.03927	0.03731	0.83800	0.00982	0.00458	0.00131	0.00196	0.00818	0.00360	0.00327
14	0.03174	0.06965	0.68759	0.01114	0.06154	0.00924	0.01306	0.01250	0.00829	0.05023	0.00722	0.00832	0.00518	0.00370	0.00360	0.00120	0.00539	0.00288	0.00182	0.00571
15	0.24523	0.03162	0.01104	0.02830	0.01168	0.06434	0.13217	0.11352	0.12382	0.18643	0.00980	0.00999	0.00701	0.00418	0.00355	0.00121	0.00411	0.00339	0.00316	0.00545
16	0.00475	0.00351	0.00444	0.00511	0.00557	0.00320	0.00349	0.00555	0.00789	0.01035	0.07531	0.66869	0.16499	0.01149	0.00486	0.00151	0.00217	0.01029	0.00364	0.00320
17	0.01472	0.01128	0.01160	0.00898	0.01202	0.05850	0.00738	0.78156	0.01783	0.02360	0.00912	0.00918	0.00650	0.00462	0.00386	0.00115	0.00442	0.00344	0.00377	0.00648
18	0.00804	0.00689	0.00804	0.00574	0.00919	0.00517	0.00459	0.00976	0.00804	0.01263	0.00689	0.00804	0.00574	0.00287	0.00287	0.00057	0.00287	0.00230	0.00230	0.88745
19	0.00555	0.00410	0.00597	0.00597	0.00658	0.00471	0.00453	0.00676	0.00615	0.00881	0.01062	0.01653	0.01026	0.13586	0.74238	0.00591	0.00954	0.00434	0.00211	0.00332
20	0.01131	0.00971	0.01812	0.01322	0.01666	0.00949	0.51685	0.12430	0.03230	0.15627	0.00941	0.01079	0.00674	0.00392	0.00470	0.00129	0.04228	0.00426	0.00275	0.00563

[dist]
# distance from previous block
# <min> <max>
0	1

[block]
# block no. 8 follows, 70 sequences, length 64
# corresponding to MSA columns:
# 312-375
name=unknown_I
#
# <colnr> <probs for GDERKNQSTAVLIFYWHMCP>
#	G	D	E	R	K	N	Q	S	T	A	V	L	I	F	Y	W	H	M	C	P
0	0.01293	0.01580	0.01122	0.01002	0.01152	0.62171	0.00775	0.02377	0.00977	0.00963	0.00580	0.00740	0.00504	0.00472	0.00589	0.00118	0.22671	0.00274	0.00194	0.00445
1	0.00968	0.00997	0.01273	0.10215	0.43803	0.16601	0.02304	0.02035	0.02561	0.01191	0.04600	0.01331	0.06598	0.00455	0.00393	0.00118	0.00477	0.03331	0.00225	0.00523
2	0.00673	0.00337	0.00505	0.00505	0.00505	0.00337	0.00337	0.00505	0.00505	0.00673	0.00673	0.01178	0.00673	0.01347	0.01515	0.88721	0.00337	0.00337	0.00168	0.00168
3	0.00984	0.00825	0.00911	0.00870	0.05656	0.00938	0.00640	0.01983	0.74446	0.04447	0.02886	0.01439	0.01185	0.00519	0.00395	0.00130	0.00314	0.00436	0.00387	0.00611
4	0.00459	0.00391	0.00395	0.00398	0.00525	0.00327	0.00297	0.00556	0.00879	0.01045	0.03866	0.06570	0.81000	0.00990	0.00459	0.00132	0.00197	0.00828	0.00360	0.00327
5	0.00948	0.00909	0.01552	0.06683	0.79745	0.00918	0.01184	0.01179	0.00877	0.01252	0.00727	0.00963	0.00609	0.00348	0.00384	0.00116	0.00463	0.00345	0.00191	0.00605
6	0.07888	0.00655	0.00859	0.00668	0.00955	0.00582	0.00550	0.01785	0.01077	0.74727	0.05084	0.01340	0.01040	0.00485	0.00382	0.00120	0.00321	0.00391	0.00460	0.00630
7	0.00718	0.00664	0.01107	0.77561	0.02484	0.00818	0.01020	0.00969	0.00798	0.01029	0.05588	0.01257	0.00759	0.00435	0.00397	0.00130	0.00492	0.03157	0.00193	0.00424
8	0.00573	0.00390	0.00484	0.00461	0.00554	0.00363	0.00345	0.00751	0.01036	0.01506	0.65007	0.02697	0.07884	0.00745	0.00426	0.00117	0.00183	0.00650	0.15464	0.00363
9	0.01058	0.00843	0.00900	0.00762	0.00994	0.00938	0.00606	0.29546	0.40827	0.01842	0.07834	0.01606	0.09379	0.00571	0.00403	0.00125	0.00328	0.00465	0.00391	0.00582
10	0.00946	0.00899	0.01182	0.00972	0.01969	0.11659	0.18477	0.15600	0.00966	0.01259	0.01880	0.02519	0.00837	0.10587	0.19259	0.00264	0.08929	0.01104	0.00242	0.00452
11	0.00950	0.00912	0.01557	0.05760	0.80649	0.00919	0.01185	0.01182	0.00878	0.01255	0.00728	0.00963	0.00610	0.00347	0.00384	0.00116	0.00463	0.00345	0.00191	0.00607
12	0.36044	0.00933	0.00914	0.00732	0.01012	0.01044	0.00603	0.45975	0.03104	0.04965	0.00811	0.00837	0.00587	0.00426	0.00330	0.00118	0.00371	0.00298	0.00333	0.00564
13	0.01023	0.49656	0.23793	0.00797	0.01188	0.02529	0.00860	0.05973	0.00878	0.05197	0.00660	0.00736	0.00531	0.00356	0.00299	0.00096	0.00452	0.00247	0.00197	0.04532
14	0.00499	0.00407	0.00471	0.00513	0.03428	0.00358	0.00364	0.00613	0.00892	0.01118	0.13556	0.14905	0.54602	0.00973	0.00465	0.00136	0.00218	0.05777	0.00362	0.00342
15	0.00886	0.00846	0.01440	0.29391	0.57523	0.00902	0.01153	0.01125	0.00848	0.01177	0.00716	0.00984	0.00582	0.00359	0.00385	0.00120	0.00479	0.00345	0.00186	0.00554
16	0.00959	0.00929	0.03991	0.02832	0.09644	0.05946	0.01845	0.03299	0.51161	0.01433	0.01266	0.03291	0.01000	0.01760	0.01215	0.00139	0.07983	0.00417	0.00321	0.00566
17	0.00666	0.00340	0.00506	0.00506	0.00508	0.00343	0.00338	0.00513	0.00511	0.00683	0.00703	0.01236	0.00708	0.04324	0.04080	0.82982	0.00360	0.00347	0.00172	0.00176
18	0.01114	0.01011	0.01232	0.01068	0.05795	0.07477	0.05784	0.27877	0.07006	0.01516	0.00767	0.00934	0.00622	0.00564	0.01801	0.00144	0.34142	0.00351	0.00263	0.00532
19	0.01325	0.01617	0.01210	0.02484	0.20392	0.64223	0.00856	0.01457	0.01044	0.01023	0.00631	0.00764	0.00526	0.00387	0.00358	0.00104	0.00641	0.00273	0.00198	0.00487
20	0.01250	0.00912	0.01448	0.03917	0.05541	0.03134	0.28148	0.14219	0.05205	0.25692	0.01048	0.01100	0.00733	0.00406	0.00405	0.00120	0.00473	0.00392	0.00320	0.05535
21	0.06152	0.00971	0.01225	0.30655	0.24180	0.12764	0.02061	0.10753	0.03846	0.01296	0.00747	0.00968	0.00590	0.01707	0.00398	0.00123	0.00496	0.00332	0.00220	0.00514
22	0.73542	0.00777	0.00675	0.07537	0.00951	0.00900	0.00504	0.08845	0.00779	0.01744	0.00589	0.00692	0.00451	0.00372	0.00266	0.00120	0.00330	0.00234	0.00248	0.00443
23	0.00869	0.18171	0.61580	0.00999	0.01501	0.01040	0.01223	0.05462	0.03491	0.01243	0.00706	0.00807	0.00523	0.00371	0.00347	0.00115	0.00526	0.00279	0.00183	0.00564
24	0.89114	0.00750	0.00570	0.00510	0.00750	0.00870	0.00420	0.01140	0.00660	0.01739	0.00540	0.00630	0.00420	0.00360	0.00240	0.00120	0.00300	0.00210	0.00240	0.00420
25	0.00936	0.00902	0.01548	0.11232	0.67987	0.00928	0.05057	0.02194	0.00877	0.01241	0.00724	0.00968	0.00600	0.00360	0.00412	0.00119	0.02785	0.00351	0.00192	0.00585
26	0.00476	0.00342	0.00452	0.00533	0.00562	0.00318	0.00358	0.00551	0.00765	0.01022	0.06621	0.79366	0.04826	0.01185	0.00492	0.00155	0.00222	0.01073	0.00364	0.00318
27	0.00555	0.00374	0.00424	0.00430	0.00434	0.00371	0.00244	0.00562	0.00583	0.00774	0.01342	0.07932	0.03362	0.78960	0.01844	0.00356	0.00362	0.00604	0.00246	0.00242
28	0.03230	0.01392	0.01113	0.00922	0.01183	0.37367	0.00729	0.42629	0.01457	0.05110	0.00804	0.00840	0.00597	0.00435	0.00368	0.00109	0.00538	0.00305	0.00307	0.00564
29	0.00590	0.00402	0.00516	0.00486	0.00575	0.00372	0.00357	0.00750	0.01031	0.04274	0.68648	0.04451	0.04874	0.08984	0.00598	0.00147	0.00207	0.00683	0.01693	0.00361
30	0.01291	0.01493	0.01025	0.00923	0.01132	0.55227	0.00702	0.04987	0.25576	0.01211	0.00953	0.00975	0.01925	0.00448	0.00366	0.00110	0.00564	0.00318	0.00268	0.00505
31	0.00505	0.00355	0.00437	0.00489	0.00509	0.00338	0.00311	0.00549	0.00686	0.00906	0.01908	0.50908	0.06889	0.32176	0.01030	0.00235	0.00278	0.00890	0.00314	0.00287
32	0.00576	0.00425	0.00565	0.00660	0.04033	0.00414	0.00459	0.05409	0.00842	0.01117	0.02056	0.60853	0.05115	0.01103	0.00490	0.00156	0.00268	0.14750	0.00354	0.00355
33	0.01036	0.86609	0.02032	0.00663	0.00995	0.01534	0.00663	0.01161	0.00788	0.00912	0.00539	0.00622	0.00498	0.00332	0.00249	0.00083	0.00415	0.00207	0.00166	0.00498
34	0.00903	0.23858	0.45785	0.00965	0.01412	0.02390	0.04403	0.03525	0.10937	0.01223	0.00771	0.00855	0.00586	0.00379	0.00344	0.00113	0.00500	0.00292	0.00200	0.00557
35	0.01349	0.01024	0.01093	0.00867	0.01155	0.01144	0.00707	0.62999	0.21691	0.02243	0.01089	0.01057	0.00787	0.00480	0.00389	0.00120	0.00397	0.00371	0.00389	0.00648
36	0.73794	0.10790	0.00764	0.00541	0.00796	0.00941	0.00460	0.02536	0.00712	0.05011	0.00587	0.00662	0.00455	0.00363	0.00250	0.00116	0.00317	0.00219	0.00243	0.00443
37	0.00796	0.06926	0.77779	0.01091	0.01646	0.00939	0.03145	0.01224	0.00819	0.01210	0.00688	0.00812	0.00494	0.00365	0.00363	0.00121	0.00565	0.00286	0.00165	0.00567
38	0.00460	0.00393	0.00396	0.00395	0.00525	0.00328	0.00296	0.00561	0.00889	0.01059	0.05835	0.03711	0.81884	0.00977	0.00458	0.00131	0.00196	0.00815	0.00362	0.00328
39	0.00810	0.00768	0.01303	0.57116	0.30391	0.00882	0.01115	0.01058	0.00812	0.01085	0.00703	0.01008	0.00550	0.00373	0.00386	0.00124	0.00498	0.00345	0.00179	0.00493
40	0.04935	0.00643	0.00852	0.00664	0.00947	0.00567	0.00547	0.01789	0.01072	0.75168	0.01484	0.01343	0.00959	0.00482	0.00379	0.00119	0.00320	0.01487	0.05612	0.00629
41	0.00996	0.00849	0.00895	0.00795	0.01020	0.00979	0.00621	0.07106	0.78159	0.01673	0.01537	0.01414	0.01151	0.00522	0.00394	0.00131	0.00314	0.00433	0.00394	0.00616
42	0.47160	0.00701	0.00714	0.00592	0.00853	0.00726	0.00488	0.01467	0.02144	0.37194	0.01019	0.01016	0.00704	0.00428	0.00312	0.00121	0.00312	0.01651	0.01876	0.00524
43	0.00564	0.00376	0.00423	0.00423	0.00423	0.00376	0.00235	0.00564	0.00564	0.00752	0.01222	0.02537	0.01409	0.86375	0.01973	0.00376	0.00376	0.00564	0.00235	0.00235
44	0.06451	0.01688	0.01117	0.01051	0.05451	0.70906	0.02615	0.02770	0.02584	0.01053	0.00630	0.00734	0.00518	0.00396	0.00349	0.00103	0.00651	0.00262	0.00208	0.00464
45	0.00956	0.39772	0.29454	0.00930	0.01337	0.02111	0.10258	0.02757	0.02298	0.03667	0.00715	0.02841	0.00585	0.00376	0.00329	0.00106	0.00489	0.00297	0.00192	0.00531
46	0.01026	0.00989	0.07732	0.01091	0.01386	0.08993	0.32178	0.04044	0.03740	0.14084	0.08821	0.04318	0.02559	0.01335	0.00463	0.01668	0.00494	0.04283	0.00288	0.00506
47	0.00988	0.00476	0.00607	0.00524	0.00685	0.00433	0.00411	0.01159	0.01033	0.29078	0.36354	0.02019	0.02113	0.00606	0.00390	0.00114	0.00231	0.00515	0.21803	0.00463
48	0.00961	0.65451	0.10505	0.00700	0.01032	0.01337	0.00714	0.01181	0.06087	0.01010	0.02254	0.01830	0.04776	0.00398	0.00287	0.00094	0.00407	0.00279	0.00197	0.00500
49	0.01033	0.03691	0.09524	0.05189	0.25919	0.06250	0.11282	0.09165	0.02384	0.09251	0.01001	0.05862	0.00855	0.00478	0.00404	0.00124	0.00474	0.06304	0.00260	0.00550
50	0.00625	0.00387	0.00494	0.00509	0.00547	0.00380	0.00335	0.00668	0.00670	0.07192	0.01515	0.30751	0.01690	0.38181	0.10551	0.03810	0.00393	0.00708	0.00290	0.00304
51	0.00690	0.00601	0.00703	0.00679	0.00761	0.08983	0.00525	0.03246	0.00710	0.00951	0.01010	0.01557	0.00963	0.08356	0.60466	0.00498	0.05529	0.03192	0.00217	0.00363
52	0.03411	0.22674	0.27256	0.00955	0.04807	0.14957	0.03161	0.01215	0.00847	0.01112	0.00632	0.00756	0.00512	0.00364	0.00361	0.00102	0.03969	0.00260	0.00184	0.12467
53	0.00631	0.00512	0.02005	0.04361	0.04449	0.00489	0.00490	0.07289	0.03511	0.01303	0.22641	0.28666	0.15768	0.00892	0.00458	0.00138	0.00265	0.05380	0.00361	0.00392
54	0.00492	0.00351	0.00439	0.00501	0.00528	0.00330	0.00326	0.00547	0.00715	0.00941	0.02087	0.60290	0.09353	0.20232	0.00822	0.00204	0.00256	0.00957	0.00332	0.00298
55	0.00860	0.02920	0.34218	0.02545	0.01868	0.00960	0.47361	0.01228	0.00869	0.01223	0.00741	0.00947	0.00547	0.00348	0.00429	0.00127	0.01704	0.00383	0.00182	0.00539
56	0.00766	0.03498	0.77581	0.01060	0.01596	0.00877	0.01351	0.01189	0.00823	0.01223	0.03062	0.03813	0.00651	0.00409	0.00373	0.00123	0.00547	0.00325	0.00178	0.00557
57	0.80950	0.00824	0.00640	0.00564	0.00806	0.05687	0.01832	0.02702	0.00711	0.01699	0.00555	0.00646	0.00432	0.00364	0.00253	0.00119	0.00331	0.00219	0.00240	0.00428
58	0.03030	0.00970	0.01537	0.02534	0.39001	0.01909	0.16799	0.20519	0.01109	0.03526	0.02325	0.01001	0.00675	0.00393	0.00422	0.00120	0.02916	0.00371	0.00251	0.00590
59	0.00665	0.00422	0.00555	0.00507	0.00619	0.00386	0.00386	0.00844	0.01099	0.09602	0.75749	0.02742	0.03395	0.00762	0.00451	0.00122	0.00197	0.00671	0.00432	0.00394
60	0.00554	0.00414	0.00615	0.00615	0.00681	0.00480	0.00474	0.00687	0.00621	0.00894	0.01046	0.01565	0.00987	0.06349	0.81423	0.00613	0.01011	0.00421	0.00209	0.00342
61	0.00548	0.00403	0.00576	0.00582	0.00640	0.00449	0.00435	0.00665	0.00653	0.00926	0.05985	0.08780	0.01317	0.13583	0.62027	0.00523	0.00834	0.00509	0.00237	0.00330
62	0.00481	0.00393	0.00425	0.00419	0.00538	0.00337	0.00314	0.00600	0.00934	0.01173	0.23797	0.05154	0.62207	0.00939	0.00459	0.00129	0.00194	0.00795	0.00377	0.00337
63	0.01437	0.01068	0.01143	0.00885	0.01188	0.01185	0.00728	0.76840	0.07707	0.02384	0.00978	0.00968	0.00697	0.00470	0.00388	0.00117	0.00418	0.00355	0.00388	0.00656

[dist]
# distance from previous block
# <min> <max>
0	1

[block]
# block no. 9 follows, 70 sequences, length 8
# corresponding to MSA columns:
# 377-384
name=unknown_J
#
# <colnr> <probs for GDERKNQSTAVLIFYWHMCP>
#	G	D	E	R	K	N	Q	S	T	A	V	L	I	F	Y	W	H	M	C	P
0	0.00931	0.00911	0.01332	0.08646	0.44812	0.06805	0.04919	0.01144	0.00869	0.01219	0.00708	0.00909	0.00586	0.00336	0.00359	0.00100	0.00445	0.00313	0.00201	0.24453
1	0.07332	0.00543	0.00654	0.00542	0.00751	0.00504	0.00436	0.01430	0.00956	0.44335	0.01352	0.01324	0.00937	0.00460	0.00330	0.00108	0.00266	0.00366	0.36855	0.00520
2	0.00826	0.00754	0.01215	0.50458	0.23149	0.00865	0.01037	0.04972	0.03946	0.01167	0.00850	0.01284	0.00706	0.00439	0.00398	0.00129	0.00478	0.06627	0.00210	0.00490
3	0.00519	0.00389	0.00480	0.00470	0.00564	0.00351	0.00348	0.00669	0.01008	0.01372	0.55740	0.11842	0.23059	0.00883	0.00461	0.00128	0.00191	0.00772	0.00403	0.00351
4	0.06527	0.01151	0.01542	0.01378	0.14905	0.19363	0.29675	0.07853	0.06736	0.05855	0.00827	0.00964	0.00630	0.00381	0.00395	0.00119	0.00551	0.00365	0.00243	0.00540
5	0.00706	0.00490	0.00639	0.00584	0.00740	0.00428	0.03233	0.00837	0.00866	0.09717	0.08404	0.20407	0.18412	0.05169	0.00517	0.00141	0.00279	0.12213	0.00342	0.15876
6	0.01686	0.00745	0.00952	0.00730	0.01032	0.00696	0.00603	0.18023	0.01252	0.67890	0.01410	0.01242	0.00900	0.00477	0.00389	0.00119	0.00349	0.00382	0.00461	0.00660
7	0.01017	0.01048	0.01461	0.09529	0.63560	0.14283	0.01110	0.01229	0.00908	0.01191	0.00705	0.00925	0.00587	0.00358	0.00379	0.00114	0.00504	0.00330	0.00191	0.00572

[dist]
# distance from previous block
# <min> <max>
0	1

[block]
# block no. 10 follows, 70 sequences, length 22
# corresponding to MSA columns:
# 386-407
name=unknown_K
#
# <colnr> <probs for GDERKNQSTAVLIFYWHMCP>
#	G	D	E	R	K	N	Q	S	T	A	V	L	I	F	Y	W	H	M	C	P
0	0.00908	0.00850	0.01357	0.06186	0.58713	0.00815	0.00999	0.01125	0.00857	0.01252	0.00717	0.00924	0.00599	0.00333	0.00359	0.00101	0.00419	0.00316	0.00200	0.22968
1	0.00985	0.01021	0.04325	0.01642	0.17142	0.02197	0.54990	0.01276	0.00920	0.07429	0.00821	0.01030	0.00616	0.00343	0.00429	0.00124	0.00580	0.00416	0.00217	0.03497
2	0.00565	0.00379	0.00445	0.00445	0.00452	0.00386	0.00263	0.00576	0.00569	0.00765	0.01191	0.02405	0.01349	0.76050	0.10426	0.02273	0.00443	0.00544	0.00231	0.00245
3	0.01399	0.01203	0.01112	0.00899	0.01175	0.17756	0.00723	0.55603	0.12764	0.02035	0.00953	0.00955	0.00699	0.00461	0.00381	0.00115	0.00464	0.00341	0.00351	0.00611
4	0.01330	0.01625	0.01105	0.01054	0.06231	0.66262	0.00761	0.01521	0.07795	0.01032	0.00686	0.00787	0.00565	0.00417	0.00398	0.00106	0.04735	0.00275	0.00215	0.03100
5	0.05945	0.00412	0.00495	0.00531	0.00603	0.00402	0.00376	0.00717	0.06042	0.01208	0.20685	0.50359	0.08777	0.01005	0.00462	0.00143	0.00223	0.00893	0.00370	0.00353
6	0.09517	0.03981	0.01158	0.00967	0.06498	0.20099	0.08722	0.14843	0.08044	0.06551	0.00828	0.00898	0.00633	0.00390	0.00351	0.00105	0.00462	0.00309	0.00271	0.15372
7	0.01240	0.01500	0.01130	0.01005	0.01136	0.55734	0.00784	0.01334	0.00923	0.00943	0.00568	0.00751	0.00503	0.00497	0.00670	0.00124	0.30248	0.00281	0.00189	0.00441
8	0.00936	0.51405	0.14812	0.00711	0.01084	0.01176	0.00734	0.01125	0.00797	0.01051	0.00602	0.00699	0.00516	0.00326	0.00277	0.00083	0.00407	0.00226	0.00182	0.22851
9	0.00554	0.00415	0.00623	0.00623	0.00692	0.00485	0.00485	0.00692	0.00623	0.00900	0.01038	0.01523	0.00969	0.02908	0.84839	0.00623	0.01038	0.00415	0.00208	0.00346
10	0.00778	0.02005	0.84367	0.01105	0.01678	0.00900	0.01432	0.01228	0.00818	0.01228	0.00696	0.00818	0.00491	0.00368	0.00368	0.00123	0.00573	0.00286	0.00164	0.00573
11	0.00483	0.00358	0.00455	0.00527	0.00577	0.00329	0.00371	0.00567	0.00783	0.01016	0.02473	0.62866	0.18148	0.01157	0.00491	0.00154	0.00231	0.08331	0.00360	0.00321
12	0.01047	0.00803	0.00931	0.00800	0.01015	0.03769	0.04526	0.15054	0.33725	0.09860	0.12012	0.01815	0.01451	0.00596	0.00430	0.00131	0.01431	0.09669	0.00383	0.00552
13	0.00534	0.00373	0.00438	0.00464	0.00489	0.00361	0.00294	0.00572	0.00661	0.00865	0.01788	0.22032	0.11034	0.51955	0.01375	0.00286	0.00320	0.05603	0.00285	0.00271
14	0.04801	0.31257	0.50016	0.00939	0.01409	0.01121	0.03174	0.01201	0.00803	0.01141	0.00637	0.00748	0.00493	0.00354	0.00323	0.00109	0.00508	0.00260	0.00169	0.00539
15	0.00882	0.03399	0.01218	0.53527	0.15069	0.10208	0.00997	0.01107	0.00837	0.02790	0.00699	0.00964	0.00542	0.00376	0.00373	0.00118	0.00507	0.00324	0.00188	0.05874
16	0.06384	0.57577	0.06351	0.00750	0.01053	0.05444	0.02074	0.03264	0.05732	0.01070	0.00624	0.00718	0.00540	0.00379	0.00350	0.00099	0.06654	0.00245	0.00192	0.00501
17	0.00996	0.00840	0.00885	0.00786	0.01009	0.00967	0.00614	0.07997	0.75192	0.01678	0.01522	0.01408	0.01140	0.00520	0.00391	0.00129	0.00313	0.00430	0.02572	0.00611
18	0.00757	0.01027	0.24759	0.01851	0.03470	0.02046	0.10354	0.05979	0.00995	0.02861	0.27940	0.02942	0.10745	0.00592	0.00436	0.00125	0.01835	0.00518	0.00298	0.00472
19	0.00497	0.00394	0.00446	0.00433	0.00547	0.00344	0.00325	0.00631	0.00975	0.01264	0.38091	0.03374	0.49501	0.00901	0.00458	0.00127	0.00191	0.00768	0.00389	0.00344
20	0.00793	0.01722	0.65289	0.02827	0.01574	0.00886	0.04002	0.01306	0.11594	0.01275	0.02319	0.01025	0.02845	0.00411	0.00379	0.00125	0.00523	0.00334	0.00205	0.00564
21	0.00829	0.01233	0.32166	0.02696	0.31405	0.00803	0.03259	0.01125	0.00859	0.02291	0.05889	0.06053	0.00869	0.00429	0.00382	0.00116	0.00460	0.00383	0.00213	0.08538

[dist]
# distance from previous block
# <min> <max>
0	7

[block]
# block no. 11 follows, 70 sequences, length 8
# corresponding to MSA columns:
# 415-422
name=unknown_L
#
# <colnr> <probs for GDERKNQSTAVLIFYWHMCP>
#	G	D	E	R	K	N	Q	S	T	A	V	L	I	F	Y	W	H	M	C	P
0	0.13341	0.27554	0.01246	0.00749	0.01005	0.17222	0.00644	0.13148	0.01022	0.08279	0.00887	0.01228	0.00774	0.00476	0.00336	0.00112	0.00441	0.10773	0.00266	0.00497
1	0.00649	0.00479	0.00603	0.00568	0.02564	0.00438	0.00415	0.00875	0.06346	0.04467	0.50532	0.09738	0.07940	0.00737	0.00430	0.00118	0.00221	0.00646	0.00386	0.11851
2	0.00759	0.00651	0.00751	0.00551	0.00868	0.00492	0.00438	0.00922	0.00814	0.01235	0.01109	0.01183	0.11365	0.00377	0.00309	0.00067	0.00275	0.00306	0.00247	0.77281
3	0.00896	0.02935	0.08904	0.01725	0.36085	0.00912	0.25669	0.01212	0.05393	0.01263	0.03636	0.01259	0.00821	0.00417	0.00432	0.00126	0.02297	0.05246	0.00218	0.00553
4	0.00662	0.00475	0.00608	0.00565	0.00704	0.00440	0.03826	0.00871	0.06792	0.08279	0.23624	0.10581	0.31945	0.00860	0.00458	0.00134	0.00249	0.08149	0.00383	0.00395
5	0.00932	0.00937	0.01301	0.24911	0.31150	0.10760	0.04389	0.04765	0.00894	0.01158	0.00901	0.01121	0.05967	0.00441	0.00474	0.00124	0.08696	0.00369	0.00205	0.00505
6	0.00542	0.00393	0.00504	0.00513	0.00561	0.00410	0.00359	0.00618	0.00650	0.00875	0.01588	0.07788	0.12024	0.34963	0.33503	0.00419	0.00597	0.03141	0.00253	0.00299
7	0.01404	0.05454	0.03619	0.00953	0.01192	0.59142	0.00754	0.15332	0.04179	0.03404	0.00715	0.00782	0.00563	0.00413	0.00355	0.00104	0.00612	0.00276	0.00243	0.00502

[dist]
# distance from previous block
# <min> <max>
2	3

[block]
# block no. 12 follows, 70 sequences, length 32
# corresponding to MSA columns:
# 427-458
name=unknown_M
#
# <colnr> <probs for GDERKNQSTAVLIFYWHMCP>
#	G	D	E	R	K	N	Q	S	T	A	V	L	I	F	Y	W	H	M	C	P
0	0.05203	0.02026	0.05925	0.04918	0.28077	0.14152	0.04658	0.11530	0.13444	0.01417	0.00846	0.00963	0.00663	0.00401	0.00382	0.00116	0.01459	0.00335	0.00249	0.03235
1	0.00471	0.00357	0.00432	0.00490	0.00547	0.00321	0.00336	0.00548	0.00787	0.01010	0.03826	0.57001	0.27969	0.03341	0.00521	0.00154	0.00219	0.00994	0.00358	0.00317
2	0.16925	0.15107	0.05485	0.00939	0.03015	0.18021	0.13063	0.10368	0.01005	0.11494	0.00765	0.00840	0.00574	0.00385	0.00341	0.00111	0.00488	0.00299	0.00254	0.00522
3	0.03714	0.24576	0.20642	0.03256	0.09198	0.05188	0.06808	0.06809	0.04488	0.07964	0.01738	0.00889	0.00627	0.00388	0.00362	0.00111	0.02160	0.00305	0.00228	0.00548
4	0.00478	0.00355	0.00447	0.00510	0.00560	0.00323	0.00352	0.00562	0.00799	0.01046	0.08507	0.62145	0.18819	0.01135	0.00485	0.00150	0.00218	0.02422	0.00365	0.00322
5	0.05568	0.04528	0.17613	0.02042	0.01617	0.03652	0.40320	0.04230	0.04167	0.01296	0.02938	0.03222	0.00708	0.00393	0.00421	0.00123	0.02232	0.00400	0.00217	0.04310
6	0.01325	0.12812	0.09454	0.00906	0.01203	0.29870	0.00788	0.29051	0.05001	0.04823	0.00795	0.00838	0.00602	0.00419	0.00355	0.00108	0.00524	0.00296	0.00276	0.00555
7	0.00614	0.00498	0.00779	0.00682	0.00813	0.00469	0.12919	0.00810	0.03180	0.02348	0.37764	0.20831	0.08797	0.00868	0.02634	0.00145	0.00296	0.02320	0.02851	0.00385
8	0.00864	0.07585	0.63370	0.01058	0.01568	0.02352	0.05894	0.02890	0.02302	0.03924	0.00735	0.00845	0.00531	0.00369	0.00363	0.00117	0.00542	0.00295	0.00188	0.04206
9	0.01075	0.00885	0.01318	0.02846	0.53136	0.04824	0.00960	0.02683	0.02080	0.13612	0.03719	0.01060	0.00769	0.00383	0.00377	0.00110	0.00424	0.00350	0.00253	0.09137
10	0.07404	0.53175	0.01628	0.00759	0.01043	0.27042	0.00674	0.02558	0.00890	0.01006	0.00564	0.00651	0.00495	0.00357	0.00281	0.00091	0.00494	0.00223	0.00185	0.00480
