[name]
unknown

[dist]
# distance from previous block
# <min> <max>
14	393

[block]
# block no. 0 follows, 81 sequences, length 21
# corresponding to MSA columns:
# 657-677
name=unknown_A
#
# <colnr> <probs for GDERKNQSTAVLIFYWHMCP>
#	G	D	E	R	K	N	Q	S	T	A	V	L	I	F	Y	W	H	M	C	P
0	0.06076	0.11015	0.08961	0.05806	0.24134	0.03622	0.03687	0.09437	0.07249	0.06146	0.03788	0.02127	0.00706	0.00374	0.00324	0.00102	0.00382	0.01489	0.00227	0.04349
1	0.02991	0.03044	0.10826	0.02940	0.13021	0.06433	0.07946	0.09941	0.07485	0.03492	0.03486	0.02521	0.03571	0.02332	0.05235	0.00132	0.02831	0.00341	0.03200	0.08231
2	0.07313	0.14558	0.09362	0.07422	0.12033	0.07149	0.00681	0.04232	0.04975	0.07060	0.02208	0.00847	0.00607	0.00404	0.02751	0.00105	0.00384	0.00268	0.03916	0.13725
3	0.02596	0.08726	0.05957	0.20150	0.12383	0.04808	0.04853	0.10801	0.02359	0.11449	0.03794	0.00994	0.00684	0.01590	0.01916	0.00116	0.02277	0.01505	0.00230	0.02811
4	0.06271	0.06355	0.11103	0.02575	0.03070	0.09415	0.46339	0.03186	0.02263	0.02674	0.00668	0.00834	0.00508	0.00318	0.00369	0.00109	0.01772	0.00334	0.00184	0.01656
5	0.08255	0.19179	0.06830	0.03492	0.00888	0.02389	0.01676	0.06950	0.12991	0.04054	0.01090	0.18700	0.02924	0.00591	0.02849	0.00120	0.00337	0.01795	0.00253	0.04636
6	0.00598	0.00322	0.00470	0.00466	0.00480	0.00330	0.00319	0.00518	0.03498	0.00670	0.03470	0.01131	0.00723	0.01255	0.07231	0.77513	0.00338	0.00319	0.00167	0.00181
7	0.00812	0.05492	0.00845	0.00720	0.02743	0.05092	0.00566	0.05214	0.21099	0.04340	0.04430	0.04546	0.00948	0.02132	0.07021	0.00156	0.21989	0.03660	0.07772	0.00425
8	0.20262	0.02704	0.02213	0.00680	0.00912	0.11190	0.04359	0.12065	0.11762	0.22693	0.01025	0.01004	0.04299	0.00410	0.00325	0.00106	0.01439	0.00312	0.01756	0.00484
9	0.00436	0.00321	0.00411	0.00473	0.00518	0.00296	0.00335	0.00515	0.00711	0.00930	0.06175	0.61387	0.15921	0.01018	0.00438	0.00137	0.00206	0.09163	0.00323	0.00288
10	0.00939	0.84493	0.01776	0.00603	0.00894	0.04887	0.00594	0.01049	0.00713	0.00814	0.00482	0.00557	0.00443	0.00298	0.00225	0.00075	0.00380	0.00186	0.00149	0.00442
11	0.00476	0.00338	0.00442	0.00505	0.00543	0.00326	0.00371	0.00557	0.00679	0.00893	0.01799	0.43511	0.05303	0.16478	0.00685	0.00180	0.00259	0.26075	0.00300	0.00280
12	0.35976	0.00795	0.00772	0.00625	0.00860	0.00892	0.00513	0.43704	0.02665	0.01850	0.02842	0.00802	0.00596	0.00386	0.00290	0.00104	0.00317	0.00273	0.05257	0.00482
13	0.60760	0.00827	0.00620	0.00557	0.00752	0.15666	0.00445	0.06022	0.00721	0.01396	0.00592	0.00786	0.00500	0.03325	0.02758	0.00126	0.00359	0.03188	0.00218	0.00382
14	0.00659	0.00668	0.01314	0.01022	0.01235	0.00635	0.45499	0.00862	0.00781	0.01049	0.05737	0.19579	0.06426	0.00599	0.00441	0.00127	0.02559	0.10180	0.00241	0.00390
15	0.49935	0.00818	0.00879	0.03693	0.06531	0.10012	0.11919	0.03876	0.00739	0.06230	0.00619	0.00755	0.00481	0.00341	0.00280	0.00107	0.00371	0.01776	0.00218	0.00419
16	0.00421	0.00314	0.00393	0.00450	0.00494	0.00285	0.00308	0.00492	0.00703	0.00916	0.06071	0.65408	0.20445	0.01020	0.00432	0.00134	0.00193	0.00911	0.00323	0.00285
17	0.00739	0.00675	0.01095	0.21257	0.44288	0.00718	0.00861	0.01791	0.01638	0.01034	0.02907	0.02236	0.02120	0.07062	0.03071	0.00139	0.02694	0.02131	0.01627	0.01916
18	0.01134	0.01075	0.00871	0.02113	0.00954	0.37392	0.01726	0.16584	0.02552	0.11351	0.07024	0.04131	0.02875	0.02640	0.00396	0.00107	0.02915	0.00342	0.03377	0.00440
19	0.00424	0.00322	0.00391	0.00439	0.00495	0.00289	0.00307	0.00501	0.00725	0.00933	0.07632	0.53261	0.29394	0.00989	0.00429	0.00131	0.00192	0.02534	0.00324	0.00288
20	0.05876	0.00927	0.00940	0.00740	0.01001	0.07900	0.00602	0.53222	0.07108	0.10458	0.00866	0.00857	0.00619	0.00398	0.00330	0.00100	0.00369	0.00299	0.00324	0.07066

[dist]
# distance from previous block
# <min> <max>
5	7

[block]
# block no. 1 follows, 81 sequences, length 82
# corresponding to MSA columns:
# 687-768
name=unknown_B
#
# <colnr> <probs for GDERKNQSTAVLIFYWHMCP>
#	G	D	E	R	K	N	Q	S	T	A	V	L	I	F	Y	W	H	M	C	P
0	0.00504	0.00370	0.00531	0.00536	0.00584	0.00419	0.00405	0.00597	0.00563	0.00795	0.01036	0.07479	0.01050	0.13518	0.59540	0.03803	0.03065	0.04713	0.00202	0.00290
1	0.00863	0.13373	0.09426	0.06251	0.10773	0.03947	0.04185	0.06933	0.26534	0.02095	0.03785	0.01005	0.01573	0.00393	0.00348	0.00104	0.02717	0.00321	0.00244	0.05128
2	0.00582	0.00408	0.00457	0.02741	0.00496	0.02544	0.00277	0.00624	0.02813	0.03888	0.01062	0.02072	0.01170	0.75098	0.01575	0.00303	0.02948	0.00475	0.00217	0.00247
3	0.00426	0.00312	0.00401	0.00468	0.00502	0.00290	0.00317	0.00502	0.01708	0.00902	0.03317	0.75867	0.11622	0.01046	0.00436	0.00137	0.00198	0.00941	0.00322	0.00286
4	0.00862	0.04918	0.08658	0.04957	0.16338	0.04607	0.05768	0.09010	0.30434	0.01285	0.02522	0.02949	0.03373	0.00424	0.00356	0.00110	0.01488	0.00362	0.01075	0.00502
5	0.00875	0.02269	0.26239	0.11581	0.18561	0.07185	0.00939	0.12977	0.12339	0.01259	0.02016	0.00886	0.00610	0.00365	0.00337	0.00107	0.00435	0.00301	0.00214	0.00507
6	0.00421	0.00302	0.00399	0.00478	0.00500	0.00281	0.00319	0.00481	0.00665	0.00883	0.01947	0.85378	0.04513	0.01077	0.00440	0.00140	0.00200	0.00975	0.00321	0.00281
7	0.00579	0.02193	0.00611	0.00571	0.00643	0.04821	0.00439	0.03787	0.00616	0.00846	0.00923	0.03678	0.00890	0.10621	0.64385	0.00462	0.03038	0.00384	0.00195	0.00317
8	0.00422	0.00320	0.00387	0.00437	0.00490	0.00288	0.00302	0.00494	0.00708	0.00907	0.04245	0.54760	0.29561	0.03175	0.00463	0.00137	0.00196	0.02104	0.00319	0.00284
9	0.02048	0.01214	0.03592	0.00841	0.03556	0.44975	0.02811	0.08865	0.01000	0.19842	0.00794	0.00863	0.00595	0.00382	0.00325	0.00096	0.00485	0.01909	0.02054	0.03752
10	0.14581	0.00946	0.00900	0.00774	0.00905	0.20058	0.00621	0.17856	0.00859	0.01206	0.00589	0.00770	0.00503	0.01565	0.05534	0.02548	0.28889	0.00275	0.00208	0.00413
11	0.01290	0.01646	0.00979	0.00890	0.01068	0.86472	0.00667	0.01379	0.00979	0.00845	0.00534	0.00623	0.00445	0.00356	0.00311	0.00089	0.00623	0.00222	0.00178	0.00400
12	0.03686	0.03630	0.07430	0.06051	0.29253	0.16321	0.05779	0.11468	0.00932	0.11104	0.00723	0.00829	0.00547	0.00346	0.00333	0.00102	0.00446	0.00292	0.00222	0.00506
13	0.00419	0.00308	0.00393	0.00460	0.00496	0.00282	0.00311	0.00483	0.00681	0.00890	0.02156	0.74323	0.15433	0.01050	0.00436	0.00137	0.00196	0.00942	0.00321	0.00282
14	0.00890	0.01834	0.11329	0.03177	0.06852	0.02001	0.03456	0.12322	0.49659	0.01429	0.01858	0.01901	0.00867	0.00429	0.00348	0.00113	0.00345	0.00360	0.00298	0.00533
15	0.00898	0.00797	0.07478	0.08742	0.04271	0.03330	0.00651	0.20873	0.14995	0.06459	0.10813	0.02315	0.01025	0.05461	0.04059	0.00143	0.06564	0.00377	0.00282	0.00467
16	0.00424	0.00325	0.00388	0.00427	0.00490	0.00290	0.00299	0.00505	0.00743	0.00956	0.11535	0.46827	0.33622	0.00964	0.00425	0.00128	0.00187	0.00849	0.00327	0.00290
17	0.00764	0.00645	0.00745	0.00543	0.00840	0.00524	0.00436	0.06771	0.03729	0.01207	0.00655	0.00745	0.00535	0.00278	0.00276	0.00058	0.01274	0.00220	0.00219	0.79535
18	0.04471	0.00794	0.05725	0.05787	0.09172	0.02104	0.01597	0.20114	0.01661	0.10881	0.00784	0.02994	0.00606	0.00353	0.00311	0.00088	0.00339	0.00287	0.00256	0.31676
19	0.04182	0.07999	0.29393	0.00848	0.03012	0.00798	0.07625	0.12927	0.04208	0.17179	0.04226	0.02799	0.01645	0.00401	0.00337	0.00107	0.00400	0.01148	0.00257	0.00508
20	0.00413	0.00349	0.00357	0.00356	0.00470	0.00293	0.00267	0.00504	0.00796	0.00956	0.07786	0.04406	0.80135	0.00869	0.00409	0.00117	0.00175	0.00727	0.00324	0.00293
21	0.34644	0.00706	0.00775	0.03579	0.12090	0.01681	0.00553	0.17827	0.03064	0.07786	0.02420	0.00867	0.00617	0.00513	0.05982	0.00134	0.00356	0.00278	0.05674	0.00452
22	0.00882	0.01002	0.09527	0.13246	0.26780	0.11951	0.15306	0.06643	0.02956	0.01937	0.00752	0.00918	0.03064	0.00357	0.00376	0.00108	0.03204	0.00324	0.00190	0.00478
23	0.00428	0.00306	0.00409	0.00489	0.00512	0.00287	0.00333	0.00493	0.00668	0.00890	0.01900	0.83299	0.02269	0.01076	0.00443	0.00141	0.00207	0.05248	0.00321	0.00283
24	0.00768	0.00730	0.01076	0.53514	0.17773	0.05855	0.01613	0.03380	0.07209	0.01774	0.02571	0.00956	0.00591	0.00359	0.00345	0.00111	0.00437	0.00317	0.00186	0.00435
25	0.07438	0.01109	0.03727	0.00911	0.01959	0.30493	0.13919	0.13071	0.00909	0.01905	0.00677	0.04086	0.00584	0.03687	0.01723	0.00124	0.12727	0.00317	0.00208	0.00426
26	0.00421	0.00301	0.00400	0.00479	0.00501	0.00281	0.00320	0.00481	0.00663	0.00883	0.01926	0.86479	0.03426	0.01079	0.00440	0.00140	0.00200	0.00979	0.00321	0.00281
27	0.00738	0.00891	0.17585	0.33580	0.04071	0.01653	0.03399	0.04268	0.20708	0.01147	0.04690	0.01101	0.02857	0.00401	0.00348	0.00113	0.00403	0.00344	0.01247	0.00457
28	0.00568	0.00516	0.03705	0.00617	0.02950	0.00524	0.01245	0.01764	0.06438	0.01111	0.29148	0.17575	0.11726	0.00823	0.04815	0.00145	0.15091	0.00591	0.00295	0.00354
29	0.00421	0.00301	0.00401	0.00481	0.00501	0.00281	0.00321	0.00481	0.00661	0.00882	0.01904	0.87634	0.02285	0.01082	0.00441	0.00140	0.00200	0.00982	0.00321	0.00281
30	0.00957	0.73363	0.05831	0.00647	0.00938	0.11664	0.00634	0.01079	0.00737	0.00830	0.00494	0.00571	0.00443	0.00304	0.00238	0.00077	0.00407	0.00193	0.00151	0.00441
31	0.00740	0.00390	0.00518	0.00501	0.00604	0.00352	0.00369	0.00843	0.00819	0.23746	0.19053	0.43316	0.04405	0.00814	0.00405	0.00123	0.00216	0.00722	0.01691	0.00373
32	0.01293	0.00958	0.01025	0.00791	0.01064	0.01062	0.00652	0.80862	0.05348	0.02145	0.00855	0.00850	0.00608	0.00417	0.00346	0.00104	0.00375	0.00315	0.00346	0.00586
33	0.17932	0.03023	0.00854	0.01769	0.05937	0.08607	0.00589	0.11291	0.00761	0.03061	0.00716	0.03996	0.00662	0.06957	0.07099	0.00168	0.23424	0.02538	0.00214	0.00400
34	0.01290	0.01646	0.00979	0.00890	0.01068	0.86472	0.00667	0.01379	0.00979	0.00845	0.00534	0.00623	0.00445	0.00356	0.00311	0.00089	0.00623	0.00222	0.00178	0.00400
35	0.03842	0.01810	0.07744	0.19554	0.22148	0.08900	0.20703	0.02288	0.00789	0.02060	0.00725	0.04580	0.00610	0.00369	0.00356	0.00111	0.00471	0.02301	0.00184	0.00454
36	0.00419	0.00315	0.00389	0.00448	0.00495	0.00285	0.00308	0.00488	0.00697	0.00897	0.02328	0.64130	0.24471	0.01025	0.00433	0.00134	0.00195	0.01938	0.00321	0.00284
37	0.03079	0.00821	0.02581	0.09235	0.12688	0.02919	0.02654	0.19801	0.35518	0.02184	0.01753	0.02040	0.01564	0.00423	0.00354	0.00111	0.01111	0.00353	0.00290	0.00522
38	0.00843	0.06524	0.30446	0.03990	0.02209	0.03181	0.00791	0.13654	0.09423	0.06423	0.03354	0.01171	0.06201	0.06444	0.03737	0.00139	0.00417	0.00342	0.00239	0.00472
39	0.00426	0.00316	0.00398	0.00450	0.00496	0.00288	0.00310	0.00504	0.00723	0.00951	0.12115	0.61137	0.18626	0.00997	0.00431	0.00132	0.00191	0.00890	0.00328	0.00288
40	0.00733	0.00613	0.00718	0.00514	0.00820	0.00461	0.00411	0.00886	0.00722	0.02808	0.00629	0.00725	0.00518	0.00259	0.00258	0.00052	0.00257	0.00208	0.00209	0.88198
41	0.01717	0.01692	0.06614	0.05842	0.07235	0.00601	0.00581	0.08066	0.02711	0.12972	0.03780	0.00910	0.00679	0.01243	0.00315	0.00082	0.00311	0.00273	0.01134	0.43240
42	0.01756	0.01692	0.77617	0.01007	0.03984	0.00807	0.02275	0.03693	0.00762	0.02375	0.00638	0.00743	0.00452	0.00331	0.00329	0.00109	0.00498	0.00261	0.00158	0.00513
43	0.00418	0.00321	0.00384	0.00432	0.00490	0.00287	0.00301	0.00491	0.00715	0.00909	0.03411	0.53520	0.34186	0.00997	0.00428	0.00131	0.00192	0.01780	0.00321	0.00286
44	0.87536	0.00677	0.00524	0.00465	0.00681	0.00784	0.00383	0.03610	0.00620	0.01569	0.00492	0.00570	0.00381	0.00324	0.00218	0.00107	0.00271	0.00191	0.00218	0.00381
45	0.00616	0.00482	0.00684	0.03064	0.13118	0.01337	0.00595	0.03886	0.00802	0.01063	0.04072	0.14707	0.01726	0.03625	0.00482	0.00148	0.00320	0.48628	0.00291	0.00356
46	0.00542	0.00324	0.00388	0.00427	0.00485	0.00309	0.00306	0.00648	0.00708	0.03333	0.01680	0.43832	0.06153	0.00792	0.00364	0.00117	0.00193	0.05303	0.33789	0.00307
47	0.00686	0.00557	0.00628	0.00580	0.00706	0.00620	0.00439	0.03201	0.40400	0.01229	0.14214	0.04395	0.06720	0.11238	0.09341	0.00187	0.02299	0.00472	0.01670	0.00418
48	0.02309	0.01070	0.02321	0.05854	0.05865	0.31568	0.10512	0.11914	0.04485	0.02057	0.00714	0.00912	0.00592	0.04879	0.09184	0.00160	0.03648	0.00305	0.00209	0.01442
49	0.00423	0.00302	0.00404	0.00484	0.00505	0.00283	0.00325	0.00485	0.00664	0.00885	0.01903	0.86049	0.02279	0.01080	0.00442	0.00141	0.00203	0.02542	0.00321	0.00281
50	0.00800	0.00795	0.02999	0.25982	0.57828	0.01909	0.02658	0.01016	0.00762	0.01055	0.00639	0.00870	0.00519	0.00319	0.00344	0.00106	0.00433	0.00307	0.00166	0.00497
51	0.00722	0.04429	0.29859	0.01884	0.09665	0.04043	0.10508	0.01651	0.02987	0.01966	0.00795	0.01003	0.02794	0.01642	0.20166	0.00214	0.04727	0.00323	0.00178	0.00442
52	0.00427	0.00303	0.00400	0.00474	0.00494	0.00284	0.00314	0.00485	0.00657	0.00877	0.03108	0.81484	0.02241	0.06034	0.00516	0.00151	0.00208	0.00949	0.00315	0.00277
53	0.00515	0.00400	0.00527	0.03780	0.02831	0.02166	0.00403	0.02827	0.00649	0.00874	0.01400	0.37280	0.04088	0.10947	0.29337	0.00295	0.00485	0.00641	0.00251	0.00304
54	0.00474	0.00321	0.00421	0.00470	0.00505	0.00299	0.00318	0.00547	0.00707	0.03670	0.14595	0.64818	0.02303	0.08167	0.00542	0.00150	0.00209	0.00868	0.00324	0.00292
55	0.03951	0.02731	0.00496	0.00445	0.00488	0.05412	0.00286	0.04835	0.00598	0.00800	0.00996	0.01939	0.01101	0.68422	0.05892	0.00305	0.00383	0.00450	0.00212	0.00257
56	0.05007	0.64753	0.01568	0.00648	0.00918	0.17235	0.00598	0.04215	0.00783	0.00903	0.00503	0.00578	0.00446	0.00312	0.00243	0.00079	0.00413	0.00197	0.00164	0.00438
57	0.01290	0.01646	0.00979	0.00890	0.01068	0.86472	0.00667	0.01379	0.00979	0.00845	0.00534	0.00623	0.00445	0.00356	0.00311	0.00089	0.00623	0.00222	0.00178	0.00400
58	0.00848	0.03865	0.02637	0.02078	0.02086	0.21858	0.12253	0.05415	0.00788	0.00961	0.00881	0.11843	0.00887	0.08157	0.01750	0.00144	0.16229	0.06726	0.00211	0.00382
59	0.00418	0.00330	0.00378	0.00409	0.00484	0.00289	0.00290	0.00499	0.00746	0.00938	0.07546	0.38355	0.46193	0.00951	0.00422	0.00126	0.00185	0.00828	0.00324	0.00289
60	0.00930	0.03223	0.07032	0.08253	0.08365	0.01998	0.10908	0.23847	0.20837	0.01432	0.02506	0.01011	0.01536	0.00460	0.02538	0.00122	0.03889	0.00344	0.00263	0.00508
61	0.00958	0.08351	0.02311	0.00721	0.01738	0.10269	0.00577	0.17439	0.41545	0.01415	0.04886	0.01201	0.01903	0.03614	0.00390	0.00116	0.00342	0.01420	0.00304	0.00501
62	0.00423	0.00314	0.00395	0.00452	0.00495	0.00286	0.00310	0.00496	0.00709	0.00928	0.08250	0.64952	0.18698	0.01014	0.00432	0.00133	0.00193	0.00907	0.00325	0.00286
63	0.00715	0.00608	0.00709	0.00508	0.00810	0.00458	0.00406	0.00869	0.00717	0.01129	0.00624	0.00728	0.00519	0.00259	0.00256	0.00052	0.00254	0.00207	0.01973	0.88202
64	0.01427	0.00549	0.00604	0.00562	0.00659	0.08108	0.00424	0.03802	0.01966	0.02939	0.03607	0.05797	0.01055	0.16285	0.16589	0.10269	0.04162	0.08958	0.01287	0.10954
65	0.00745	0.01686	0.75585	0.00997	0.01481	0.01801	0.05918	0.04600	0.00778	0.02341	0.00643	0.00750	0.00455	0.00331	0.00333	0.00109	0.00507	0.00267	0.00160	0.00511
66	0.00454	0.00322	0.00409	0.00463	0.00490	0.00306	0.00313	0.00514	0.00654	0.00867	0.05062	0.52961	0.05766	0.21501	0.00752	0.00186	0.00240	0.08174	0.00297	0.00269
67	0.88521	0.00667	0.00518	0.02171	0.00702	0.00775	0.00386	0.01013	0.00590	0.01537	0.00484	0.00568	0.00376	0.00321	0.00216	0.00107	0.00271	0.00189	0.00213	0.00374
68	0.02422	0.00923	0.00883	0.00750	0.00954	0.16845	0.02535	0.27167	0.23883	0.05735	0.01017	0.01181	0.00813	0.04606	0.04276	0.00139	0.00414	0.04665	0.00299	0.00491
69	0.00425	0.00304	0.00406	0.00486	0.00508	0.00284	0.00328	0.00489	0.00666	0.00887	0.01902	0.84943	0.02275	0.01078	0.00442	0.00141	0.00204	0.03630	0.00321	0.00282
70	0.00591	0.00489	0.00666	0.00617	0.00661	0.00602	0.00483	0.02742	0.00588	0.00853	0.00980	0.01417	0.06156	0.13532	0.39340	0.00351	0.25703	0.00388	0.03520	0.00321
71	0.00869	0.01074	0.09320	0.05202	0.05027	0.18715	0.38013	0.02766	0.00824	0.01029	0.00751	0.06748	0.00652	0.01384	0.00425	0.00116	0.04410	0.02051	0.00187	0.00436
72	0.00433	0.00305	0.00404	0.00482	0.00506	0.00286	0.00327	0.00499	0.00668	0.00900	0.01878	0.81928	0.02232	0.01057	0.00436	0.00139	0.00204	0.04038	0.02994	0.00283
73	0.00722	0.10138	0.48550	0.02132	0.02644	0.00829	0.16023	0.01054	0.03265	0.01069	0.03360	0.06329	0.00679	0.00385	0.00351	0.00110	0.01373	0.00339	0.00176	0.00474
74	0.00616	0.00522	0.02348	0.00667	0.03901	0.00510	0.07523	0.00902	0.15888	0.01094	0.13756	0.03133	0.07655	0.18407	0.00680	0.00168	0.00305	0.18825	0.02741	0.00361
75	0.00431	0.00308	0.00397	0.00462	0.00485	0.00288	0.00305	0.00486	0.00653	0.00866	0.02957	0.72857	0.05983	0.11062	0.00591	0.00161	0.00214	0.00911	0.00309	0.00273
76	0.74956	0.04056	0.07559	0.00523	0.00765	0.03112	0.00471	0.03198	0.00641	0.01483	0.00503	0.00583	0.00389	0.00324	0.00229	0.00105	0.00303	0.00197	0.00208	0.00394
77	0.00442	0.00339	0.00381	0.00391	0.00479	0.00298	0.00286	0.00544	0.00798	0.01038	0.19893	0.19460	0.47096	0.00851	0.00404	0.00117	0.00177	0.00731	0.05974	0.00298
78	0.00754	0.13166	0.62586	0.00890	0.01318	0.03416	0.01079	0.01098	0.02996	0.02787	0.00650	0.00762	0.00487	0.00457	0.05033	0.00129	0.01487	0.00257	0.00161	0.00488
79	0.77768	0.04031	0.00605	0.00504	0.00718	0.09650	0.00413	0.01054	0.00633	0.01450	0.00486	0.00567	0.00384	0.00323	0.00224	0.00104	0.00308	0.00191	0.00208	0.00379
80	0.01290	0.01646	0.00979	0.00890	0.01068	0.86472	0.00667	0.01379	0.00979	0.00845	0.00534	0.00623	0.00445	0.00356	0.00311	0.00089	0.00623	0.00222	0.00178	0.00400
81	0.00733	0.00632	0.00722	0.00539	0.01820	0.02612	0.00422	0.00884	0.00731	0.02062	0.02345	0.02029	0.00595	0.00282	0.00265	0.00056	0.00265	0.00228	0.00211	0.82567

[dist]
# distance from previous block
# <min> <max>
0	1

[block]
# block no. 2 follows, 81 sequences, length 12
# corresponding to MSA columns:
# 770-781
name=unknown_C
#
# <colnr> <probs for GDERKNQSTAVLIFYWHMCP>
#	G	D	E	R	K	N	Q	S	T	A	V	L	I	F	Y	W	H	M	C	P
0	0.00438	0.00317	0.00413	0.00484	0.00518	0.00297	0.00339	0.00509	0.00682	0.00896	0.02006	0.68154	0.09383	0.03892	0.00485	0.00147	0.00216	0.10224	0.00317	0.00283
1	0.02600	0.34462	0.05920	0.03737	0.03156	0.15028	0.06883	0.02166	0.01865	0.03766	0.03394	0.03173	0.09239	0.00407	0.00302	0.00093	0.00400	0.00317	0.00201	0.02889
2	0.04192	0.13604	0.17195	0.05900	0.04392	0.00767	0.03430	0.07609	0.01887	0.09196	0.02738	0.04691	0.02789	0.00393	0.00325	0.00095	0.01737	0.01244	0.00227	0.17589
3	0.06970	0.16205	0.07189	0.01859	0.07193	0.06302	0.09127	0.07399	0.08529	0.05324	0.04766	0.00880	0.00686	0.00355	0.00323	0.00094	0.02107	0.00288	0.00226	0.14178
4	0.00473	0.00365	0.00478	0.00485	0.00543	0.00353	0.03308	0.00560	0.02125	0.00885	0.05152	0.35489	0.20685	0.16744	0.06201	0.01384	0.01922	0.02279	0.00284	0.00286
5	0.00831	0.00726	0.01070	0.15667	0.35883	0.06181	0.03920	0.01035	0.03541	0.07845	0.01755	0.07379	0.02261	0.01883	0.02124	0.00121	0.00400	0.02379	0.02830	0.02169
6	0.01003	0.05634	0.06568	0.03231	0.16661	0.09986	0.10343	0.24986	0.07339	0.03101	0.00883	0.02755	0.03783	0.00400	0.00358	0.00106	0.01774	0.00338	0.00246	0.00505
7	0.00560	0.01974	0.09799	0.05734	0.07543	0.00482	0.02817	0.00733	0.03302	0.02609	0.08463	0.23369	0.26900	0.00731	0.00403	0.00120	0.01312	0.02508	0.00279	0.00363
8	0.00473	0.00353	0.00427	0.02951	0.00564	0.00326	0.00331	0.00571	0.00754	0.03312	0.10197	0.25420	0.40456	0.01021	0.07572	0.00158	0.00257	0.02384	0.02167	0.00305
9	0.00862	0.02322	0.02930	0.02865	0.11127	0.03815	0.13597	0.02654	0.05810	0.16117	0.06561	0.05034	0.06279	0.00564	0.00390	0.00120	0.00362	0.17860	0.00288	0.00443
10	0.02224	0.08867	0.41379	0.01155	0.17091	0.03235	0.08417	0.03226	0.07515	0.01136	0.00693	0.00807	0.00526	0.00334	0.00327	0.00105	0.00457	0.00284	0.01719	0.00504
11	0.05213	0.16403	0.13345	0.04775	0.33094	0.03063	0.04458	0.07456	0.00802	0.01129	0.00612	0.00770	0.00501	0.00371	0.01665	0.00109	0.05290	0.00276	0.00178	0.00492

[dist]
# distance from previous block
# <min> <max>
0	3

[block]
# block no. 3 follows, 81 sequences, length 11
# corresponding to MSA columns:
# 785-795
name=unknown_D
#
# <colnr> <probs for GDERKNQSTAVLIFYWHMCP>
#	G	D	E	R	K	N	Q	S	T	A	V	L	I	F	Y	W	H	M	C	P
0	0.16681	0.00900	0.12794	0.00807	0.07529	0.00799	0.00675	0.24770	0.07154	0.20742	0.03223	0.00931	0.00694	0.00393	0.00322	0.00107	0.00348	0.00304	0.00301	0.00526
1	0.00429	0.00310	0.00406	0.00468	0.00501	0.00287	0.00318	0.00504	0.00709	0.00950	0.12757	0.71852	0.07187	0.01022	0.00435	0.00135	0.00194	0.00922	0.00328	0.00287
2	0.00420	0.00347	0.00368	0.00370	0.00475	0.00296	0.00275	0.00516	0.00805	0.00991	0.14443	0.08572	0.69200	0.00865	0.00410	0.00117	0.00175	0.00731	0.00329	0.00296
3	0.01009	0.01634	0.02185	0.04713	0.13239	0.11131	0.06957	0.06965	0.08792	0.18608	0.02278	0.03523	0.01728	0.05409	0.01304	0.00129	0.07340	0.02317	0.00266	0.00472
4	0.00697	0.04702	0.02362	0.04128	0.00771	0.02697	0.00498	0.03926	0.04683	0.07867	0.00998	0.06126	0.00938	0.12079	0.36440	0.00327	0.07141	0.03032	0.00227	0.00361
5	0.00459	0.00310	0.00393	0.00451	0.00484	0.00296	0.00306	0.00534	0.00663	0.00928	0.01771	0.64453	0.05037	0.05452	0.03923	0.00157	0.00230	0.00830	0.13039	0.00284
6	0.00651	0.00608	0.01029	0.59784	0.11824	0.00706	0.04689	0.00857	0.00709	0.00926	0.00853	0.10599	0.02486	0.00445	0.00363	0.00118	0.00422	0.02357	0.00182	0.00392
7	0.00805	0.37615	0.43632	0.00796	0.01182	0.04927	0.00924	0.01057	0.00727	0.00957	0.00610	0.04200	0.00516	0.00347	0.00288	0.00095	0.00444	0.00254	0.00155	0.00468
8	0.05019	0.01075	0.06253	0.01081	0.11344	0.21148	0.16688	0.13898	0.05463	0.01215	0.00806	0.02149	0.03958	0.00402	0.00414	0.00109	0.07969	0.00329	0.00217	0.00464
9	0.04681	0.00728	0.02206	0.04629	0.07762	0.10359	0.04574	0.03170	0.03163	0.26876	0.03441	0.01279	0.00865	0.02558	0.00402	0.00113	0.03828	0.06294	0.11237	0.01836
10	0.00778	0.00696	0.03553	0.00645	0.00937	0.00575	0.07697	0.04104	0.11197	0.03618	0.00835	0.00952	0.02297	0.00327	0.00297	0.00074	0.00300	0.02279	0.00235	0.58604

[dist]
# distance from previous block
# <min> <max>
2	6

[block]
# block no. 4 follows, 81 sequences, length 11
# corresponding to MSA columns:
# 803-813
name=unknown_E
#
# <colnr> <probs for GDERKNQSTAVLIFYWHMCP>
#	G	D	E	R	K	N	Q	S	T	A	V	L	I	F	Y	W	H	M	C	P
0	0.02758	0.02711	0.05723	0.01882	0.02035	0.00536	0.00490	0.05562	0.02659	0.06100	0.03589	0.11917	0.00860	0.00452	0.01917	0.00088	0.00291	0.00344	0.00243	0.49844
1	0.00733	0.02730	0.01924	0.00551	0.01918	0.01607	0.00440	0.00896	0.01941	0.03813	0.02101	0.03319	0.01763	0.00398	0.03298	0.00080	0.00291	0.01339	0.00219	0.70640
2	0.00835	0.00744	0.03234	0.05047	0.11209	0.07609	0.01361	0.06876	0.05208	0.06286	0.02302	0.04709	0.05869	0.01684	0.00411	0.03246	0.03716	0.01326	0.00237	0.28089
3	0.00843	0.25900	0.26904	0.00746	0.03449	0.02166	0.00761	0.02852	0.00756	0.06570	0.00653	0.02349	0.00526	0.00327	0.00295	0.00085	0.01577	0.00245	0.00188	0.22805
4	0.00652	0.00614	0.01036	0.87029	0.02379	0.00768	0.00959	0.00883	0.00691	0.00883	0.00614	0.00921	0.00461	0.00345	0.00345	0.00115	0.00461	0.00307	0.00154	0.00384
5	0.03646	0.13509	0.20475	0.04647	0.16180	0.00806	0.05850	0.01078	0.06621	0.05872	0.03593	0.04395	0.02281	0.00397	0.00341	0.00103	0.01944	0.01864	0.00210	0.06187
6	0.00609	0.00382	0.02006	0.00518	0.02363	0.00360	0.01692	0.02093	0.00547	0.01802	0.02796	0.05962	0.00890	0.14438	0.02252	0.55402	0.00316	0.02661	0.00188	0.02723
7	0.00495	0.00452	0.02244	0.02535	0.06913	0.02450	0.00399	0.00608	0.00790	0.00999	0.13600	0.15898	0.46917	0.00803	0.00416	0.00119	0.01701	0.02033	0.00304	0.00325
8	0.00763	0.10423	0.18692	0.00763	0.03890	0.03626	0.04942	0.05488	0.14990	0.03071	0.12902	0.05275	0.05508	0.03580	0.01533	0.00122	0.00359	0.02198	0.00258	0.01617
9	0.00487	0.00344	0.00425	0.00454	0.00522	0.00318	0.00326	0.00593	0.02252	0.03958	0.12635	0.42852	0.22502	0.02410	0.03215	0.00145	0.00223	0.03618	0.02415	0.00306
10	0.02233	0.12068	0.15033	0.00882	0.04453	0.10334	0.15696	0.03663	0.02772	0.01070	0.06339	0.10080	0.04295	0.00457	0.00368	0.00105	0.03208	0.00395	0.01505	0.05044

[dist]
# distance from previous block
# <min> <max>
3	39

[block]
# block no. 5 follows, 81 sequences, length 20
# corresponding to MSA columns:
# 853-872
name=unknown_F
#
# <colnr> <probs for GDERKNQSTAVLIFYWHMCP>
#	G	D	E	R	K	N	Q	S	T	A	V	L	I	F	Y	W	H	M	C	P
0	0.03444	0.10636	0.09785	0.01939	0.03741	0.10854	0.04426	0.18731	0.04796	0.07945	0.00832	0.03990	0.00674	0.00498	0.04312	0.00119	0.00418	0.01967	0.02925	0.07968
1	0.08824	0.03114	0.07426	0.02613	0.09096	0.06853	0.06494	0.08181	0.06674	0.04532	0.06173	0.16016	0.03275	0.00511	0.00355	0.00108	0.01345	0.00437	0.00255	0.07718
2	0.00784	0.23356	0.45414	0.03134	0.05020	0.07108	0.00966	0.01050	0.00744	0.00993	0.02179	0.02167	0.03467	0.00363	0.00321	0.00100	0.01929	0.00274	0.00163	0.00467
3	0.00922	0.00776	0.00961	0.13976	0.13162	0.02197	0.00702	0.20598	0.30381	0.02451	0.03488	0.02791	0.00834	0.00432	0.00374	0.00111	0.03129	0.00357	0.00284	0.02075
4	0.00476	0.00337	0.00385	0.00391	0.00425	0.00322	0.00247	0.00516	0.00622	0.00814	0.09450	0.10571	0.18179	0.53004	0.01221	0.00250	0.00275	0.02011	0.00259	0.00245
5	0.01010	0.00833	0.01021	0.03830	0.16424	0.02719	0.03708	0.23857	0.36229	0.05086	0.01042	0.01043	0.00777	0.00410	0.00349	0.00110	0.00353	0.00347	0.00304	0.00548
6	0.00583	0.00377	0.00478	0.00453	0.00551	0.00347	0.00342	0.00742	0.02643	0.08813	0.54411	0.10626	0.11643	0.00726	0.00400	0.00113	0.00186	0.02758	0.03462	0.00345
7	0.10948	0.00381	0.00454	0.00483	0.00549	0.00380	0.00348	0.00656	0.00666	0.05986	0.02758	0.41845	0.03145	0.15872	0.02515	0.00178	0.00265	0.10775	0.01491	0.00304
8	0.01129	0.00847	0.00879	0.00708	0.00937	0.03361	0.00573	0.54596	0.16159	0.01872	0.00969	0.00976	0.00712	0.00421	0.00329	0.00102	0.00334	0.00324	0.14238	0.00534
9	0.00511	0.00355	0.00516	0.00516	0.00560	0.00399	0.00383	0.00576	0.00532	0.00754	0.00896	0.01426	0.00874	0.13378	0.62447	0.14293	0.00753	0.00376	0.00183	0.00271
10	0.01290	0.01646	0.00979	0.00890	0.01068	0.86472	0.00667	0.01379	0.00979	0.00845	0.00534	0.00623	0.00445	0.00356	0.00311	0.00089	0.00623	0.00222	0.00178	0.00400
11	0.00527	0.00448	0.00467	0.00447	0.00580	0.00437	0.00340	0.00844	0.22186	0.01087	0.07407	0.04867	0.57550	0.00768	0.00395	0.00117	0.00200	0.00644	0.00332	0.00358
12	0.00421	0.00301	0.00401	0.00481	0.00501	0.00281	0.00321	0.00481	0.00661	0.00882	0.01904	0.87634	0.02285	0.01082	0.00441	0.00140	0.00200	0.00982	0.00321	0.00281
13	0.02947	0.00429	0.00443	0.00403	0.00517	0.00446	0.00311	0.12873	0.00848	0.02936	0.01069	0.01224	0.00837	0.02302	0.01570	0.00097	0.00213	0.00322	0.69849	0.00364
14	0.00875	0.35847	0.18764	0.00821	0.01143	0.08416	0.12099	0.03948	0.00770	0.00985	0.00577	0.00710	0.00480	0.01968	0.00344	0.00095	0.03443	0.00249	0.00167	0.08299
15	0.00780	0.00748	0.01141	0.23659	0.26604	0.03404	0.05099	0.04584	0.02797	0.01018	0.00710	0.00972	0.02408	0.03098	0.03532	0.00139	0.18360	0.00328	0.00180	0.00439
16	0.00642	0.00427	0.00590	0.00561	0.00652	0.00474	0.00438	0.06849	0.00677	0.07366	0.00997	0.01434	0.00901	0.06947	0.62865	0.00445	0.00756	0.03008	0.03626	0.00345
17	0.01431	0.00571	0.00760	0.00595	0.00841	0.00506	0.00487	0.01604	0.04587	0.74442	0.03878	0.01230	0.00938	0.00436	0.00343	0.00106	0.00281	0.00356	0.06046	0.00562
18	0.03540	0.00741	0.00780	0.00720	0.03384	0.02905	0.00543	0.04008	0.66953	0.01429	0.06712	0.01286	0.01112	0.00462	0.00346	0.00112	0.00281	0.00384	0.00334	0.03968
19	0.00948	0.03173	0.09109	0.07612	0.06216	0.01915	0.09880	0.14473	0.04691	0.12484	0.03284	0.00920	0.00663	0.00358	0.00347	0.00096	0.02424	0.00304	0.00250	0.20852

[dist]
# distance from previous block
# <min> <max>
0	7

[block]
# block no. 6 follows, 81 sequences, length 49
# corresponding to MSA columns:
# 880-910,912-929
name=unknown_G
#
# <colnr> <probs for GDERKNQSTAVLIFYWHMCP>
#	G	D	E	R	K	N	Q	S	T	A	V	L	I	F	Y	W	H	M	C	P
0	0.00508	0.00377	0.00546	0.00546	0.00601	0.00436	0.00420	0.00621	0.00566	0.00818	0.00984	0.03785	0.00954	0.08852	0.69467	0.00486	0.03601	0.02987	0.03142	0.00303
1	0.61863	0.00692	0.00679	0.09986	0.06529	0.00794	0.00513	0.05856	0.06102	0.03344	0.00605	0.00695	0.00461	0.00340	0.00256	0.00108	0.00305	0.00232	0.00226	0.00415
2	0.00494	0.00368	0.00542	0.00542	0.00600	0.00425	0.00416	0.00609	0.00551	0.00792	0.00937	0.01422	0.00892	0.08758	0.80362	0.00539	0.00883	0.00380	0.00187	0.00301
3	0.00916	0.00676	0.00750	0.00655	0.00851	0.00741	0.00514	0.04019	0.58555	0.12939	0.11808	0.01405	0.01273	0.00485	0.00355	0.00113	0.00265	0.00407	0.00361	0.02912
4	0.00743	0.00619	0.00723	0.00518	0.00824	0.00471	0.00415	0.02245	0.00737	0.02919	0.00633	0.00728	0.00520	0.00262	0.00259	0.00053	0.00259	0.00209	0.00212	0.86649
5	0.01226	0.02906	0.02694	0.00769	0.01035	0.02747	0.02473	0.57742	0.08923	0.10310	0.01951	0.02813	0.00714	0.00428	0.00345	0.00105	0.00366	0.00335	0.00336	0.01782
6	0.09582	0.00514	0.05172	0.06021	0.03666	0.01502	0.00457	0.04878	0.00590	0.03847	0.00630	0.00958	0.00565	0.00904	0.00986	0.58671	0.00330	0.00288	0.00177	0.00261
7	0.01319	0.02552	0.00760	0.00581	0.00816	0.00501	0.00475	0.01474	0.02732	0.66004	0.14124	0.01422	0.03292	0.00476	0.00354	0.00106	0.00272	0.00394	0.00406	0.01939
8	0.00420	0.00304	0.00398	0.00473	0.00499	0.00281	0.00317	0.00482	0.00669	0.00885	0.02006	0.82224	0.07628	0.01069	0.00439	0.00139	0.00199	0.00966	0.00321	0.00281
9	0.06284	0.10665	0.08200	0.01592	0.02127	0.14911	0.04453	0.21589	0.01021	0.17860	0.00813	0.03419	0.00616	0.00403	0.00361	0.00103	0.04520	0.00302	0.00266	0.00495
10	0.00629	0.00340	0.00484	0.00464	0.00491	0.00334	0.00318	0.03104	0.00503	0.00681	0.00608	0.01023	0.00594	0.01119	0.01254	0.81784	0.00300	0.00295	0.00159	0.05516
11	0.03711	0.36697	0.37057	0.00840	0.03044	0.02359	0.04782	0.05068	0.00768	0.01947	0.00580	0.00673	0.00456	0.00318	0.00286	0.00094	0.00440	0.00236	0.00164	0.00480
12	0.00586	0.00493	0.00625	0.01638	0.00678	0.04584	0.00463	0.01665	0.04860	0.00845	0.00937	0.05099	0.00906	0.11211	0.54228	0.00416	0.09844	0.00396	0.00200	0.00324
13	0.00652	0.00614	0.01036	0.87029	0.02379	0.00768	0.00959	0.00883	0.00691	0.00883	0.00614	0.00921	0.00461	0.00345	0.00345	0.00115	0.00461	0.00307	0.00154	0.00384
14	0.00787	0.00736	0.01223	0.39650	0.44881	0.00809	0.00997	0.04862	0.00783	0.01068	0.00642	0.00883	0.00511	0.00329	0.00344	0.00108	0.00431	0.00308	0.00171	0.00477
15	0.02641	0.14656	0.48338	0.03658	0.03778	0.04999	0.03179	0.03105	0.02449	0.07182	0.00665	0.00755	0.00490	0.00342	0.00332	0.00104	0.02395	0.00260	0.00180	0.00493
16	0.03526	0.00637	0.01721	0.06889	0.11845	0.09188	0.03243	0.03036	0.05209	0.04817	0.03520	0.29595	0.01992	0.03116	0.00415	0.00125	0.00327	0.05474	0.04939	0.00385
17	0.00419	0.00338	0.00373	0.00390	0.00480	0.00292	0.00283	0.00506	0.00773	0.00961	0.10469	0.24201	0.57485	0.00911	0.00416	0.00122	0.00180	0.00783	0.00326	0.00292
18	0.00527	0.00435	0.01597	0.01643	0.08927	0.00421	0.03281	0.01614	0.03701	0.00953	0.01651	0.54482	0.04640	0.03735	0.03502	0.00155	0.01454	0.06662	0.00288	0.00333
19	0.00929	0.10259	0.17418	0.03061	0.13536	0.14327	0.19967	0.06968	0.03702	0.02753	0.00664	0.00798	0.00515	0.00340	0.00364	0.00104	0.03327	0.00298	0.00188	0.00482
20	0.00760	0.06818	0.64493	0.01016	0.01476	0.03140	0.12533	0.03846	0.00776	0.01108	0.00627	0.00747	0.00455	0.00325	0.00333	0.00108	0.00511	0.00273	0.00157	0.00500
21	0.00460	0.00344	0.00395	0.00406	0.00494	0.00301	0.00294	0.00552	0.00785	0.03489	0.16117	0.25310	0.46419	0.02486	0.00440	0.00125	0.00186	0.00764	0.00331	0.00301
22	0.02711	0.00493	0.03576	0.20622	0.01925	0.00488	0.02716	0.00743	0.04931	0.01026	0.11384	0.31572	0.07025	0.00724	0.00394	0.00125	0.00290	0.06246	0.02663	0.00345
23	0.11891	0.06037	0.12458	0.01622	0.00991	0.05900	0.01878	0.28059	0.05592	0.06491	0.01969	0.06161	0.02262	0.02621	0.01505	0.00119	0.03356	0.00341	0.00268	0.00478
24	0.00658	0.00532	0.00746	0.16688	0.04278	0.01900	0.01463	0.08043	0.00718	0.03160	0.01054	0.02505	0.07529	0.06561	0.37553	0.00318	0.05330	0.00389	0.00211	0.00362
25	0.07711	0.27165	0.03898	0.02251	0.08008	0.28941	0.06656	0.07821	0.00875	0.01049	0.00590	0.00732	0.00497	0.00343	0.00294	0.00093	0.00469	0.01978	0.00186	0.00444
26	0.01240	0.00620	0.00770	0.00619	0.00846	0.00598	0.00500	0.13854	0.10690	0.47833	0.09804	0.05362	0.01143	0.00486	0.00354	0.00108	0.00283	0.00402	0.02192	0.02295
27	0.00914	0.84657	0.05141	0.00607	0.00911	0.01345	0.00618	0.01037	0.00703	0.00824	0.00486	0.00561	0.00443	0.00297	0.00226	0.00075	0.00375	0.00188	0.00148	0.00446
28	0.00444	0.00346	0.00380	0.00382	0.00463	0.00308	0.00271	0.00524	0.00748	0.00943	0.14852	0.07601	0.49086	0.19336	0.00698	0.00164	0.00212	0.02656	0.00306	0.00279
29	0.00472	0.00337	0.00423	0.00446	0.00513	0.00307	0.00321	0.00575	0.00793	0.03057	0.27348	0.38110	0.19828	0.00922	0.01740	0.00131	0.00199	0.02678	0.01492	0.00306
30	0.02796	0.00392	0.00412	0.00381	0.00493	0.00395	0.00294	0.04804	0.02578	0.08828	0.01125	0.01240	0.00861	0.00405	0.00257	0.00085	0.00188	0.00322	0.73780	0.00364
31	0.00431	0.00309	0.00408	0.00482	0.00509	0.00289	0.00329	0.00497	0.00674	0.00894	0.02924	0.76728	0.05583	0.02960	0.00470	0.00144	0.00208	0.05559	0.00319	0.00282
32	0.00815	0.00932	0.02038	0.01456	0.01805	0.00874	0.84450	0.01107	0.00815	0.01107	0.00699	0.00932	0.00524	0.00291	0.00408	0.00116	0.00582	0.00408	0.00175	0.00466
33	0.00693	0.01787	0.86069	0.00985	0.01495	0.00802	0.01276	0.01094	0.00729	0.01094	0.00620	0.00729	0.00438	0.00328	0.00328	0.00109	0.00511	0.00255	0.00146	0.00511
34	0.00481	0.00363	0.00448	0.00440	0.00531	0.00334	0.00338	0.00637	0.02448	0.01225	0.52828	0.04573	0.23878	0.00778	0.00415	0.00117	0.00185	0.09304	0.00357	0.00320
35	0.02061	0.41599	0.30513	0.00747	0.01107	0.01070	0.00822	0.07711	0.04516	0.05970	0.00647	0.00704	0.00503	0.00332	0.00281	0.00093	0.00409	0.00237	0.00189	0.00490
36	0.04919	0.00668	0.00803	0.02407	0.00905	0.02997	0.07288	0.06996	0.34182	0.07641	0.08125	0.05283	0.05047	0.01823	0.00387	0.00120	0.00306	0.07342	0.02299	0.00461
37	0.09548	0.15909	0.21387	0.07221	0.11196	0.02759	0.01653	0.03263	0.00745	0.07117	0.00715	0.01719	0.00569	0.00580	0.09368	0.00148	0.00453	0.00278	0.04920	0.00452
38	0.01091	0.00891	0.01102	0.00871	0.01115	0.09898	0.16805	0.24163	0.19343	0.13159	0.03027	0.03872	0.00816	0.00430	0.00372	0.00110	0.01743	0.00372	0.00304	0.00516
39	0.00502	0.00361	0.00479	0.00478	0.00508	0.00397	0.00332	0.00565	0.00532	0.00743	0.01015	0.03887	0.01073	0.42460	0.42721	0.00433	0.02606	0.00446	0.00199	0.00263
40	0.00799	0.09546	0.31932	0.08854	0.06826	0.09391	0.02010	0.03590	0.01699	0.02060	0.00738	0.00984	0.02492	0.03184	0.02428	0.00128	0.09420	0.03294	0.00178	0.00447
41	0.04785	0.31670	0.43335	0.00806	0.01194	0.06321	0.00926	0.03043	0.03143	0.01036	0.00587	0.00673	0.00458	0.00324	0.00286	0.00096	0.00448	0.00231	0.00162	0.00477
42	0.00574	0.06173	0.03815	0.00542	0.02665	0.02440	0.00394	0.00666	0.02637	0.00773	0.00948	0.01668	0.00985	0.42607	0.29025	0.01569	0.01620	0.00410	0.00195	0.00290
43	0.00513	0.00327	0.00411	0.00420	0.00428	0.00330	0.00261	0.00499	0.00514	0.00691	0.01063	0.11638	0.01199	0.51938	0.09219	0.19258	0.00366	0.00502	0.00207	0.00214
44	0.05027	0.00704	0.04096	0.16386	0.12520	0.00715	0.02470	0.20107	0.02544	0.07964	0.07389	0.12252	0.01924	0.00556	0.02586	0.00124	0.00365	0.01543	0.00272	0.00456
45	0.02535	0.09641	0.10043	0.01618	0.04500	0.02571	0.01803	0.01851	0.01675	0.02046	0.02437	0.00927	0.03395	0.00337	0.00306	0.00076	0.02497	0.02409	0.00204	0.49129
46	0.01998	0.01918	0.15951	0.01998	0.10710	0.07406	0.18771	0.04283	0.05970	0.02778	0.03774	0.11574	0.02500	0.00507	0.01683	0.00122	0.05943	0.01447	0.00220	0.00447
47	0.00446	0.00318	0.00425	0.00501	0.00530	0.00302	0.00354	0.00520	0.00676	0.00897	0.01855	0.70300	0.02191	0.04943	0.00506	0.00152	0.00225	0.14260	0.00315	0.00283
48	0.01160	0.06362	0.13737	0.01726	0.09458	0.00743	0.04532	0.11332	0.02792	0.36830	0.01014	0.03216	0.00726	0.00414	0.00369	0.00108	0.03311	0.01329	0.00303	0.00537

[dist]
# distance from previous block
# <min> <max>
0	2

[block]
# block no. 7 follows, 81 sequences, length 18
# corresponding to MSA columns:
# 932-949
name=unknown_H
#
# <colnr> <probs for GDERKNQSTAVLIFYWHMCP>
#	G	D	E	R	K	N	Q	S	T	A	V	L	I	F	Y	W	H	M	C	P
0	0.03253	0.07491	0.03771	0.06113	0.06937	0.10836	0.07528	0.04545	0.00766	0.04222	0.01711	0.10845	0.01715	0.01867	0.05525	0.00141	0.12086	0.02145	0.08103	0.00401
1	0.36127	0.29710	0.08714	0.00627	0.00889	0.15263	0.00581	0.02838	0.00725	0.01162	0.00509	0.00590	0.00419	0.00321	0.00246	0.00093	0.00384	0.00201	0.00183	0.00418
2	0.00494	0.00370	0.00555	0.00555	0.00617	0.00432	0.00432	0.00617	0.00555	0.00802	0.00925	0.01357	0.00864	0.02591	0.86490	0.00555	0.00925	0.00370	0.00185	0.00308
3	0.00938	0.17990	0.10181	0.07879	0.29934	0.02423	0.02432	0.13488	0.04337	0.05110	0.00715	0.01819	0.00568	0.00348	0.00320	0.00100	0.00406	0.00292	0.00209	0.00511
4	0.65441	0.00725	0.00631	0.00533	0.00759	0.00822	0.00439	0.19767	0.00836	0.04347	0.00602	0.00658	0.00449	0.00347	0.00248	0.00106	0.00291	0.00223	0.02349	0.00428
5	0.00566	0.00408	0.00527	0.00527	0.03504	0.00389	0.01408	0.02357	0.04064	0.05140	0.38160	0.11981	0.18771	0.02358	0.05715	0.00145	0.00250	0.01651	0.01732	0.00346
6	0.00543	0.00423	0.00560	0.00526	0.00554	0.00484	0.01747	0.00594	0.00541	0.00751	0.01074	0.01813	0.06033	0.44471	0.22649	0.01556	0.14767	0.00446	0.00199	0.00270
7	0.00644	0.00474	0.00680	0.00615	0.00661	0.00552	0.03601	0.03949	0.00579	0.02808	0.00797	0.03615	0.00792	0.15797	0.22089	0.23000	0.18494	0.00376	0.00189	0.00289
8	0.00874	0.00644	0.00843	0.00623	0.00905	0.01746	0.08595	0.03330	0.01849	0.14893	0.02500	0.00932	0.02249	0.00323	0.00295	0.00073	0.00295	0.00276	0.04218	0.54538
9	0.00827	0.00781	0.01310	0.20517	0.64611	0.00818	0.01024	0.03976	0.00795	0.01112	0.00648	0.00868	0.00530	0.00320	0.00343	0.00105	0.00420	0.00308	0.00173	0.00513
10	0.14061	0.00817	0.00828	0.00688	0.00918	0.03031	0.00552	0.33354	0.30250	0.02977	0.01005	0.03936	0.00773	0.00434	0.00326	0.00107	0.00319	0.00337	0.00318	0.04970
11	0.00669	0.00631	0.01066	0.80031	0.09247	0.00772	0.00968	0.00897	0.00699	0.00903	0.00617	0.00916	0.00468	0.00342	0.00345	0.00114	0.00456	0.00307	0.00155	0.00397
12	0.01362	0.00645	0.00817	0.00639	0.00884	0.00618	0.00524	0.20372	0.01109	0.56177	0.07362	0.01209	0.00970	0.00561	0.04974	0.00130	0.00338	0.00361	0.00392	0.00554
13	0.00773	0.00781	0.03256	0.26108	0.44767	0.03215	0.07387	0.00986	0.00762	0.01034	0.00771	0.03363	0.02727	0.00369	0.00354	0.00110	0.00433	0.02156	0.00177	0.00471
14	0.07169	0.00786	0.00792	0.03675	0.00938	0.06321	0.00560	0.07417	0.58676	0.01402	0.01214	0.05150	0.00955	0.00475	0.00365	0.00116	0.02786	0.00382	0.00316	0.00505
15	0.00524	0.00375	0.00515	0.00587	0.00655	0.00369	0.00489	0.00659	0.00769	0.01006	0.04761	0.19442	0.03928	0.03139	0.00498	0.00157	0.00288	0.61209	0.00318	0.00308
16	0.09664	0.02278	0.01005	0.02054	0.01035	0.13832	0.09051	0.20787	0.05610	0.06886	0.01774	0.01914	0.00608	0.00395	0.00405	0.00102	0.09472	0.00297	0.00251	0.12580
17	0.03887	0.16147	0.36128	0.00807	0.02259	0.04131	0.00861	0.10059	0.03941	0.07915	0.00695	0.00757	0.00517	0.00344	0.00319	0.00097	0.02117	0.00255	0.00207	0.08557

[dist]
# distance from previous block
# <min> <max>
0	3

[block]
# block no. 8 follows, 81 sequences, length 29
# corresponding to MSA columns:
# 953-981
name=unknown_I
#
# <colnr> <probs for GDERKNQSTAVLIFYWHMCP>
#	G	D	E	R	K	N	Q	S	T	A	V	L	I	F	Y	W	H	M	C	P
0	0.02488	0.00735	0.01044	0.17974	0.12190	0.00761	0.05350	0.20798	0.02429	0.31268	0.00949	0.00982	0.00653	0.00384	0.00347	0.00108	0.00377	0.00327	0.00303	0.00532
1	0.02454	0.00718	0.01204	0.25810	0.44843	0.00758	0.04826	0.02516	0.00776	0.04339	0.01576	0.05280	0.00677	0.00382	0.00353	0.00110	0.00410	0.02300	0.00193	0.00476
2	0.03258	0.00764	0.04360	0.05503	0.24015	0.04421	0.09500	0.07803	0.06358	0.02519	0.04989	0.09355	0.03204	0.06321	0.00486	0.00128	0.03830	0.01763	0.00976	0.00444
3	0.00487	0.00353	0.00459	0.00433	0.00515	0.00325	0.00324	0.00648	0.00973	0.01374	0.83500	0.02599	0.05288	0.00710	0.00407	0.00109	0.00163	0.00627	0.00379	0.00325
4	0.00924	0.88067	0.01810	0.00591	0.00887	0.01367	0.00591	0.01034	0.00702	0.00813	0.00480	0.00554	0.00443	0.00296	0.00222	0.00074	0.00369	0.00185	0.00148	0.00443
5	0.90299	0.00668	0.00508	0.00454	0.00668	0.00775	0.00374	0.01015	0.00588	0.01550	0.00481	0.00561	0.00374	0.00321	0.00214	0.00107	0.00267	0.00187	0.00214	0.00374
6	0.00674	0.00351	0.00354	0.00343	0.00432	0.00355	0.00260	0.04529	0.00764	0.01327	0.01114	0.01268	0.00872	0.00403	0.00246	0.00082	0.00171	0.00321	0.85800	0.00334
