[name]
unknown

[dist]
# distance from previous block
# <min> <max>
0	449

[block]
# block no. 0 follows, 73 sequences, length 15
# corresponding to MSA columns:
# 656-670
name=unknown_A
#
# <colnr> <probs for GDERKNQSTAVLIFYWHMCP>
#	G	D	E	R	K	N	Q	S	T	A	V	L	I	F	Y	W	H	M	C	P
0	0.01033	0.00769	0.02695	0.23770	0.01475	0.00798	0.07336	0.20990	0.03800	0.15005	0.01224	0.02762	0.07497	0.02927	0.00442	0.00128	0.01205	0.03144	0.00301	0.02700
1	0.02931	0.07205	0.04049	0.20341	0.03684	0.00700	0.02671	0.01037	0.13011	0.04920	0.02905	0.17697	0.08524	0.03223	0.02836	0.00148	0.00372	0.03041	0.00277	0.00429
2	0.00839	0.00846	0.08538	0.04246	0.02715	0.08734	0.02677	0.14662	0.02623	0.02790	0.06184	0.05689	0.19855	0.01504	0.00447	0.00128	0.02473	0.11435	0.00302	0.03314
3	0.01718	0.00850	0.01138	0.21262	0.05473	0.08396	0.11906	0.13945	0.06903	0.06006	0.07085	0.04019	0.03991	0.02259	0.00451	0.00126	0.03300	0.00419	0.00270	0.00482
4	0.00796	0.00772	0.01182	0.60731	0.19633	0.05919	0.01023	0.01029	0.00792	0.01025	0.00686	0.00977	0.00532	0.00369	0.00369	0.00119	0.00490	0.00329	0.02773	0.00453
5	0.00613	0.00574	0.04444	0.25218	0.04806	0.00563	0.00638	0.03429	0.00820	0.01072	0.06644	0.09146	0.24756	0.02842	0.08631	0.00178	0.00402	0.03132	0.01710	0.00381
6	0.02932	0.03394	0.15028	0.04247	0.07288	0.20265	0.10222	0.07813	0.05675	0.12327	0.02254	0.02169	0.00713	0.00423	0.00388	0.00115	0.02320	0.01651	0.00254	0.00521
7	0.00895	0.00865	0.01499	0.14179	0.68887	0.00886	0.05032	0.01126	0.00841	0.01187	0.00703	0.00943	0.00580	0.00339	0.00375	0.00114	0.00462	0.00339	0.00183	0.00565
8	0.00545	0.00360	0.00409	0.00416	0.00422	0.00358	0.00239	0.00558	0.00571	0.00776	0.01259	0.09524	0.01441	0.75769	0.01716	0.00334	0.00343	0.00581	0.04140	0.00239
9	0.00833	0.12787	0.04321	0.05745	0.24815	0.02147	0.04903	0.04534	0.00875	0.02749	0.11791	0.09192	0.02567	0.01641	0.00457	0.00123	0.05767	0.04032	0.00247	0.00474
10	0.00991	0.13843	0.04253	0.15119	0.18033	0.03976	0.10882	0.05969	0.06712	0.09336	0.00871	0.02927	0.00684	0.00395	0.00358	0.00112	0.00441	0.00350	0.04230	0.00519
11	0.00538	0.00369	0.00411	0.00415	0.00512	0.00336	0.00310	0.00672	0.00870	0.01224	0.20741	0.10419	0.34060	0.00795	0.00400	0.00118	0.00190	0.03176	0.24109	0.00334
12	0.00459	0.00334	0.00433	0.00506	0.00541	0.00308	0.00342	0.00533	0.00748	0.00988	0.06027	0.74407	0.10723	0.01134	0.00474	0.00148	0.00213	0.01021	0.00351	0.00308
13	0.04386	0.02299	0.07237	0.06489	0.06869	0.03127	0.25359	0.19970	0.10855	0.06338	0.00885	0.00992	0.00653	0.00397	0.00406	0.00120	0.02433	0.00367	0.00267	0.00549
14	0.06794	0.11848	0.05992	0.00880	0.06432	0.06920	0.04659	0.20121	0.01944	0.21799	0.03611	0.00981	0.00743	0.00409	0.00346	0.00107	0.00404	0.00322	0.00307	0.05382

[dist]
# distance from previous block
# <min> <max>
1	9

[block]
# block no. 1 follows, 73 sequences, length 17
# corresponding to MSA columns:
# 680-696
name=unknown_B
#
# <colnr> <probs for GDERKNQSTAVLIFYWHMCP>
#	G	D	E	R	K	N	Q	S	T	A	V	L	I	F	Y	W	H	M	C	P
0	0.02774	0.06944	0.01067	0.00818	0.01056	0.18016	0.07552	0.19138	0.17898	0.05144	0.03199	0.01375	0.12387	0.00504	0.00374	0.00114	0.00418	0.00405	0.00308	0.00511
1	0.00478	0.00379	0.00430	0.00422	0.00529	0.00331	0.00315	0.00604	0.00930	0.01203	0.35148	0.06831	0.49293	0.00888	0.00445	0.00124	0.00186	0.00759	0.00374	0.00331
2	0.01193	0.31165	0.02842	0.00837	0.02939	0.27797	0.01975	0.16221	0.01052	0.02764	0.00649	0.00724	0.00529	0.00365	0.00310	0.00092	0.00486	0.00252	0.00222	0.07587
3	0.00497	0.00394	0.00568	0.00579	0.00651	0.00362	0.06372	0.00599	0.00785	0.01033	0.08642	0.57237	0.15650	0.01039	0.00469	0.00144	0.00245	0.04064	0.00342	0.00327
4	0.09707	0.04555	0.03278	0.00875	0.03250	0.07563	0.13984	0.06458	0.12856	0.14821	0.03512	0.01028	0.00776	0.00394	0.00350	0.00106	0.00400	0.00336	0.00288	0.15465
5	0.03425	0.20485	0.39339	0.00913	0.02788	0.00974	0.03951	0.05655	0.03799	0.12201	0.00817	0.02669	0.00615	0.00388	0.00338	0.00111	0.00459	0.00304	0.00226	0.00545
6	0.00457	0.00329	0.00433	0.00517	0.00543	0.00305	0.00346	0.00523	0.00724	0.00960	0.02135	0.83356	0.05652	0.01167	0.00477	0.00151	0.00217	0.01056	0.00348	0.00305
7	0.00730	0.00694	0.01189	0.77272	0.08255	0.00841	0.03803	0.00980	0.00762	0.00985	0.00673	0.00996	0.00509	0.00370	0.00377	0.00124	0.00501	0.00337	0.00169	0.00432
8	0.01087	0.06719	0.05896	0.06468	0.29629	0.07240	0.09011	0.14064	0.06192	0.08802	0.00836	0.00949	0.00635	0.00380	0.00369	0.00113	0.00462	0.00336	0.00249	0.00564
9	0.00592	0.00402	0.00502	0.00536	0.00605	0.00383	0.00379	0.05018	0.02106	0.05863	0.02128	0.59589	0.12333	0.03896	0.02032	0.00160	0.00253	0.02525	0.00350	0.00346
10	0.01588	0.00821	0.00962	0.00744	0.01033	0.04349	0.00611	0.28287	0.01298	0.54386	0.01253	0.01129	0.00815	0.00457	0.00375	0.00114	0.00365	0.00359	0.00424	0.00630
11	0.00652	0.00326	0.00489	0.00489	0.00489	0.00326	0.00326	0.00489	0.00489	0.00652	0.00652	0.01140	0.00652	0.01303	0.01466	0.89084	0.00326	0.00326	0.00163	0.00163
12	0.05850	0.01202	0.01009	0.00858	0.02471	0.31354	0.00665	0.31837	0.01278	0.12583	0.00883	0.04490	0.00684	0.00448	0.00357	0.00108	0.00478	0.00329	0.00306	0.02810
13	0.89465	0.00726	0.00551	0.00493	0.00726	0.00842	0.00406	0.01103	0.00638	0.01683	0.00522	0.00609	0.00406	0.00348	0.00232	0.00116	0.00290	0.00203	0.00232	0.00406
14	0.00477	0.00379	0.00428	0.00421	0.00529	0.00330	0.00314	0.00602	0.00928	0.01198	0.34277	0.06784	0.50224	0.00890	0.00445	0.00124	0.00186	0.00760	0.00373	0.00330
15	0.00778	0.00667	0.00778	0.00556	0.00889	0.00500	0.00445	0.00945	0.00778	0.01223	0.00667	0.00778	0.00556	0.00278	0.00278	0.00056	0.00278	0.00222	0.00222	0.89108
16	0.03882	0.12311	0.15012	0.02041	0.09316	0.08996	0.05142	0.12954	0.04857	0.03046	0.04016	0.02824	0.00866	0.00470	0.00381	0.00115	0.02123	0.07835	0.00249	0.03565

[dist]
# distance from previous block
# <min> <max>
0	4

[block]
# block no. 2 follows, 73 sequences, length 41
# corresponding to MSA columns:
# 701-721,731-750
name=unknown_C
#
# <colnr> <probs for GDERKNQSTAVLIFYWHMCP>
#	G	D	E	R	K	N	Q	S	T	A	V	L	I	F	Y	W	H	M	C	P
0	0.00808	0.11917	0.51835	0.02468	0.02502	0.00849	0.01054	0.01141	0.01889	0.05090	0.04135	0.01034	0.05143	0.00400	0.00345	0.00109	0.00460	0.00315	0.00202	0.08302
1	0.00593	0.00510	0.00659	0.00641	0.00697	0.03967	0.03239	0.00698	0.00795	0.01080	0.20348	0.41217	0.04137	0.02584	0.00619	0.00147	0.14793	0.02611	0.00318	0.00346
2	0.00709	0.00667	0.01125	0.85913	0.02584	0.00834	0.01042	0.00959	0.00750	0.00959	0.00667	0.01000	0.00500	0.00375	0.00375	0.00125	0.00500	0.00333	0.00167	0.00417
3	0.01111	0.00684	0.00831	0.00621	0.00931	0.00572	0.00505	0.07590	0.02133	0.27617	0.00983	0.01032	0.00724	0.00370	0.00324	0.00083	0.00303	0.02131	0.00315	0.51140
4	0.00616	0.00489	0.00660	0.02657	0.07496	0.00476	0.02237	0.00829	0.06605	0.02541	0.09676	0.09413	0.25244	0.00866	0.00459	0.00142	0.00291	0.28582	0.00337	0.00382
5	0.00933	0.00613	0.00726	0.00624	0.00803	0.00630	0.00490	0.12203	0.20516	0.15245	0.40250	0.01971	0.02165	0.00615	0.00409	0.00119	0.00260	0.00524	0.00409	0.00495
6	0.00652	0.00326	0.00489	0.00489	0.00489	0.00326	0.00326	0.00489	0.00489	0.00652	0.00652	0.01140	0.00652	0.01303	0.01466	0.89084	0.00326	0.00326	0.00163	0.00163
7	0.00873	0.00908	0.01776	0.03537	0.23607	0.00867	0.46884	0.02681	0.00878	0.01216	0.00821	0.03499	0.00687	0.00373	0.00413	0.00120	0.00529	0.03396	0.00204	0.06731
8	0.00462	0.00335	0.00440	0.00518	0.00550	0.00313	0.00353	0.00535	0.00731	0.00968	0.03024	0.75846	0.08156	0.01198	0.02836	0.00163	0.00240	0.02679	0.00345	0.00308
9	0.00457	0.00326	0.00435	0.00522	0.00544	0.00305	0.00348	0.00522	0.00718	0.00958	0.02068	0.86570	0.02481	0.01175	0.00479	0.00152	0.00218	0.01067	0.00348	0.00305
10	0.00464	0.00344	0.00435	0.00503	0.00550	0.00315	0.00350	0.00543	0.00760	0.00989	0.04146	0.64113	0.18445	0.01115	0.00473	0.00148	0.00218	0.05427	0.00350	0.00310
11	0.76495	0.00828	0.02213	0.00557	0.00798	0.05236	0.00465	0.07412	0.00750	0.01687	0.00557	0.00639	0.00429	0.00358	0.00251	0.00115	0.00325	0.00217	0.00240	0.00428
12	0.00541	0.00409	0.00613	0.00610	0.00676	0.00481	0.00475	0.00674	0.00602	0.00872	0.00996	0.01462	0.00930	0.02775	0.83833	0.00595	0.02519	0.00401	0.00200	0.00336
13	0.00514	0.00357	0.00466	0.00535	0.00574	0.00337	0.00367	0.02846	0.00761	0.02902	0.02059	0.78810	0.04184	0.01131	0.00474	0.00150	0.00227	0.02630	0.00352	0.00323
14	0.00778	0.00667	0.00778	0.00556	0.00889	0.00500	0.00445	0.00945	0.00778	0.01223	0.00667	0.00778	0.00556	0.00278	0.00278	0.00056	0.00278	0.00222	0.00222	0.89108
15	0.02530	0.00615	0.00726	0.00640	0.00829	0.00631	0.00498	0.03673	0.28877	0.27434	0.04473	0.17010	0.01365	0.00616	0.00387	0.00124	0.00277	0.00524	0.08247	0.00523
16	0.01265	0.01396	0.00998	0.00852	0.01089	0.51910	0.00655	0.12863	0.02600	0.03042	0.02030	0.00789	0.00590	0.00384	0.00335	0.00092	0.00538	0.00265	0.00237	0.18070
17	0.01205	0.00851	0.02901	0.00888	0.07458	0.00872	0.02182	0.34925	0.12467	0.17305	0.02867	0.05810	0.06136	0.00526	0.00402	0.00119	0.01714	0.00431	0.00364	0.00578
18	0.01059	0.11579	0.18237	0.05306	0.17537	0.00976	0.03593	0.21333	0.02440	0.07736	0.00794	0.00885	0.00594	0.00376	0.00351	0.00108	0.00441	0.00309	0.00249	0.06097
19	0.00709	0.00652	0.01064	0.69047	0.02248	0.00779	0.02740	0.02098	0.02289	0.01020	0.02187	0.04627	0.02207	0.00441	0.00383	0.00124	0.00462	0.02635	0.00196	0.04091
20	0.00765	0.00776	0.01460	0.58243	0.02359	0.00876	0.26209	0.01032	0.00788	0.01032	0.00691	0.01000	0.00521	0.00363	0.00414	0.00126	0.02360	0.00367	0.00174	0.00444
21	0.02471	0.04574	0.15637	0.00775	0.02519	0.00671	0.07557	0.08045	0.04315	0.10411	0.27450	0.06802	0.06018	0.00586	0.00401	0.00119	0.00341	0.00510	0.00325	0.00472
22	0.03577	0.01849	0.02507	0.00783	0.02599	0.04680	0.02125	0.27551	0.14391	0.20589	0.04864	0.01802	0.02793	0.00466	0.00368	0.00111	0.00361	0.00373	0.00359	0.07852
23	0.00850	0.00689	0.00793	0.00713	0.00887	0.00768	0.02881	0.01578	0.54501	0.05125	0.07780	0.09177	0.03713	0.04807	0.02165	0.00150	0.02033	0.00513	0.00363	0.00515
24	0.00486	0.00334	0.00441	0.00519	0.00549	0.00311	0.00349	0.00555	0.00729	0.02606	0.02075	0.81467	0.04119	0.01142	0.00472	0.00150	0.00218	0.01033	0.02132	0.00312
25	0.01087	0.03548	0.22325	0.06320	0.15338	0.05778	0.07361	0.11786	0.02886	0.16496	0.00944	0.01015	0.02599	0.00401	0.00371	0.00115	0.00467	0.00340	0.00261	0.00561
26	0.00718	0.00676	0.01142	0.82351	0.06073	0.00836	0.01047	0.00967	0.00755	0.00970	0.00668	0.00997	0.00504	0.00373	0.00375	0.00124	0.00498	0.00333	0.00168	0.00424
27	0.00929	0.00891	0.01523	0.02303	0.84475	0.00891	0.01151	0.01151	0.00854	0.01226	0.00706	0.00929	0.00594	0.00334	0.00371	0.00111	0.00446	0.00334	0.00186	0.00594
28	0.00709	0.00667	0.01125	0.85913	0.02584	0.00834	0.01042	0.00959	0.00750	0.00959	0.00667	0.01000	0.00500	0.00375	0.00375	0.00125	0.00500	0.00333	0.00167	0.00417
29	0.03282	0.03344	0.04140	0.06522	0.36934	0.02542	0.28403	0.03496	0.00883	0.04081	0.00765	0.02510	0.00614	0.00355	0.00389	0.00117	0.00504	0.00375	0.00204	0.00540
30	0.00757	0.03501	0.83351	0.01061	0.01612	0.00883	0.01373	0.01187	0.00792	0.01183	0.00670	0.00789	0.00475	0.00356	0.00354	0.00118	0.00552	0.00276	0.00158	0.00553
31	0.00536	0.00401	0.00596	0.00596	0.00661	0.00465	0.00461	0.00666	0.00601	0.00866	0.01011	0.01508	0.00953	0.05724	0.82438	0.00595	0.00983	0.00407	0.00202	0.00331
32	0.00838	0.00609	0.02748	0.07488	0.07794	0.02909	0.01734	0.05713	0.03613	0.14378	0.04718	0.34204	0.03281	0.02388	0.00462	0.00137	0.01394	0.03668	0.01488	0.00435
33	0.02674	0.49455	0.11106	0.00819	0.02742	0.04446	0.05663	0.11184	0.02944	0.04840	0.00671	0.00743	0.00542	0.00355	0.00298	0.00096	0.00437	0.00258	0.00210	0.00519
34	0.51966	0.00657	0.00622	0.00552	0.00757	0.00716	0.00441	0.06481	0.00792	0.14638	0.00963	0.12987	0.00856	0.02524	0.02346	0.00139	0.00312	0.01520	0.00295	0.00437
35	0.00557	0.00396	0.00515	0.00526	0.02897	0.00362	0.00373	0.00704	0.00970	0.04146	0.54338	0.17063	0.14063	0.00839	0.00445	0.00125	0.00198	0.00740	0.00389	0.00357
36	0.02279	0.15552	0.10064	0.22416	0.11974	0.03971	0.08449	0.08316	0.04538	0.05723	0.00786	0.02926	0.00621	0.00390	0.00356	0.00113	0.00465	0.00334	0.00219	0.00509
37	0.02515	0.00818	0.01406	0.05657	0.01386	0.02902	0.34126	0.05624	0.02167	0.03073	0.04924	0.13402	0.01027	0.00563	0.00579	0.00136	0.16248	0.02755	0.00242	0.00451
38	0.01169	0.00577	0.00728	0.00609	0.00821	0.00544	0.00486	0.01456	0.14031	0.43391	0.13406	0.03348	0.10508	0.00677	0.03913	0.00139	0.00304	0.00486	0.02877	0.00529
39	0.00607	0.00429	0.00513	0.00483	0.00523	0.00439	0.01854	0.04512	0.02966	0.00862	0.01159	0.03459	0.01274	0.68726	0.08756	0.00352	0.00420	0.00520	0.00237	0.01908
40	0.06066	0.07240	0.16438	0.00836	0.03421	0.06120	0.00762	0.25439	0.02764	0.16055	0.02728	0.01067	0.04628	0.00441	0.00363	0.00111	0.01382	0.00336	0.00303	0.03500

[dist]
# distance from previous block
# <min> <max>
2	42

[block]
# block no. 3 follows, 73 sequences, length 66
# corresponding to MSA columns:
# 918-936,938-947,953-989
name=unknown_D
#
# <colnr> <probs for GDERKNQSTAVLIFYWHMCP>
#	G	D	E	R	K	N	Q	S	T	A	V	L	I	F	Y	W	H	M	C	P
0	0.07439	0.01120	0.24770	0.02475	0.07364	0.00806	0.26537	0.01155	0.05570	0.03109	0.06221	0.01233	0.06765	0.00419	0.00386	0.00119	0.00472	0.00399	0.00227	0.03412
1	0.05150	0.00735	0.01846	0.00837	0.03742	0.00672	0.12737	0.01465	0.12766	0.32506	0.01963	0.02994	0.00874	0.00429	0.00366	0.00109	0.00356	0.01827	0.00336	0.18290
2	0.00578	0.00452	0.00501	0.00497	0.00618	0.00433	0.00370	0.00844	0.15326	0.03716	0.09000	0.21078	0.42487	0.00894	0.00439	0.00132	0.00219	0.01678	0.00363	0.00376
3	0.00686	0.02300	0.00587	0.04096	0.00634	0.00424	0.00394	0.04274	0.00574	0.00767	0.00693	0.01143	0.00667	0.01344	0.09112	0.71177	0.00402	0.00331	0.00176	0.00218
4	0.00817	0.00818	0.01172	0.04694	0.01076	0.01131	0.02653	0.00912	0.00589	0.00912	0.00506	0.00833	0.00495	0.00637	0.01177	0.00162	0.80508	0.00331	0.00165	0.00413
5	0.00886	0.01012	0.02214	0.01581	0.01961	0.00949	0.83112	0.01202	0.00886	0.01202	0.00759	0.01012	0.00569	0.00316	0.00443	0.00127	0.00633	0.00443	0.00190	0.00506
6	0.00443	0.00380	0.00380	0.00380	0.00507	0.00317	0.00285	0.00538	0.00855	0.01014	0.03801	0.03611	0.84322	0.00950	0.00443	0.00127	0.00190	0.00792	0.00348	0.00317
7	0.00988	0.04848	0.27722	0.02356	0.07207	0.02786	0.02107	0.26093	0.01088	0.01511	0.07021	0.00987	0.00769	0.00455	0.00487	0.00121	0.12330	0.00336	0.00248	0.00539
8	0.00444	0.00378	0.00382	0.00386	0.00508	0.00316	0.00288	0.00538	0.00849	0.01011	0.03725	0.07221	0.80761	0.00960	0.00445	0.00128	0.00191	0.00804	0.00348	0.00316
9	0.01003	0.87041	0.01966	0.00642	0.00963	0.01485	0.00642	0.01123	0.00762	0.00883	0.00522	0.00602	0.00481	0.00321	0.00241	0.00080	0.00401	0.00201	0.00160	0.00481
10	0.00506	0.00382	0.00468	0.00449	0.00546	0.00343	0.00336	0.00660	0.01001	0.01364	0.61452	0.04551	0.24921	0.00823	0.00443	0.00121	0.00181	0.00716	0.00395	0.00343
11	0.00801	0.00697	0.00921	0.04338	0.08746	0.00568	0.04266	0.00981	0.00792	0.02380	0.00711	0.02353	0.00597	0.00308	0.00303	0.00069	0.00318	0.00265	0.00221	0.70365
12	0.00709	0.00667	0.01125	0.85913	0.02584	0.00834	0.01042	0.00959	0.00750	0.00959	0.00667	0.01000	0.00500	0.00375	0.00375	0.00125	0.00500	0.00333	0.00167	0.00417
13	0.00933	0.00806	0.00848	0.00764	0.00976	0.00933	0.00594	0.01994	0.83797	0.01569	0.01527	0.01400	0.01145	0.00509	0.00382	0.00127	0.00297	0.00424	0.00382	0.00594
14	0.01289	0.01586	0.01076	0.11838	0.01335	0.68953	0.00769	0.03367	0.01020	0.00957	0.00595	0.00729	0.00490	0.00398	0.00381	0.00103	0.04225	0.00259	0.00193	0.00436
15	0.00823	0.00680	0.00842	0.00604	0.00937	0.00521	0.03910	0.00995	0.00796	0.04991	0.00707	0.00810	0.00573	0.00288	0.00289	0.00061	0.00295	0.00239	0.00232	0.81406
16	0.25257	0.00811	0.00997	0.00842	0.00973	0.01015	0.05375	0.06194	0.10973	0.01308	0.00691	0.02050	0.00591	0.00529	0.00743	0.00141	0.40510	0.00323	0.00227	0.00450
17	0.00519	0.00433	0.00464	0.00476	0.00577	0.03064	0.00353	0.00661	0.03932	0.01109	0.16834	0.20976	0.42897	0.00937	0.00449	0.00132	0.00222	0.05272	0.00355	0.00336
18	0.00840	0.00955	0.16013	0.11417	0.12689	0.00732	0.08172	0.05742	0.02022	0.03879	0.00859	0.05664	0.01983	0.00394	0.00355	0.00102	0.00413	0.00350	0.00224	0.27195
19	0.00457	0.00326	0.00435	0.00522	0.00544	0.00305	0.00348	0.00522	0.00718	0.00958	0.02068	0.86570	0.02481	0.01175	0.00479	0.00152	0.00218	0.01067	0.00348	0.00305
20	0.00563	0.00384	0.00576	0.00576	0.00627	0.00435	0.00435	0.00627	0.00576	0.00819	0.00921	0.01395	0.00870	0.02454	0.65379	0.21651	0.00843	0.00384	0.00192	0.00294
21	0.15544	0.00896	0.01451	0.01093	0.01397	0.02093	0.37747	0.16233	0.01027	0.10332	0.00922	0.01216	0.00724	0.00422	0.00394	0.00125	0.00480	0.07120	0.00273	0.00514
22	0.00697	0.00627	0.02096	0.04257	0.00817	0.08967	0.03748	0.00809	0.00669	0.01878	0.00952	0.01529	0.00922	0.23145	0.34157	0.00371	0.08169	0.00409	0.05439	0.00343
23	0.01785	0.02281	0.43114	0.02508	0.13686	0.00806	0.02813	0.02754	0.02314	0.06323	0.00742	0.00857	0.00552	0.00353	0.00359	0.00107	0.01666	0.00289	0.00202	0.16489
24	0.03695	0.00730	0.03602	0.00706	0.01902	0.00671	0.00581	0.15276	0.06577	0.48817	0.02442	0.06215	0.04747	0.00523	0.00381	0.00118	0.00326	0.00427	0.01678	0.00585
25	0.00864	0.00707	0.00767	0.00692	0.00881	0.00792	0.00536	0.01697	0.62902	0.04189	0.16139	0.01742	0.05313	0.00573	0.00395	0.00125	0.00272	0.00484	0.00388	0.00541
26	0.00884	0.01008	0.02189	0.01567	0.01938	0.00953	0.81173	0.01195	0.00878	0.01195	0.00753	0.01008	0.00567	0.00324	0.00461	0.00127	0.02647	0.00440	0.00189	0.00504
27	0.00825	0.00852	0.07060	0.52111	0.06221	0.07180	0.03650	0.02325	0.01946	0.04546	0.02394	0.02978	0.00699	0.00433	0.00398	0.00124	0.02057	0.03548	0.00204	0.00448
28	0.01363	0.00930	0.01020	0.00798	0.01072	0.01009	0.00658	0.65255	0.01582	0.10600	0.01031	0.01121	0.00758	0.00476	0.00373	0.00114	0.00383	0.03894	0.06960	0.00604
29	0.00457	0.00326	0.00435	0.00522	0.00544	0.00305	0.00348	0.00522	0.00718	0.00958	0.02068	0.86570	0.02481	0.01175	0.00479	0.00152	0.00218	0.01067	0.00348	0.00305
30	0.00771	0.01604	0.59097	0.12587	0.03757	0.00878	0.13740	0.01158	0.00802	0.01160	0.00686	0.00857	0.00496	0.00352	0.00372	0.00121	0.00556	0.00311	0.00165	0.00530
31	0.00745	0.00704	0.01191	0.72039	0.16173	0.00843	0.01060	0.00991	0.00767	0.01003	0.00673	0.00988	0.00516	0.00368	0.00374	0.00123	0.00491	0.00334	0.00170	0.00446
32	0.00449	0.00380	0.00387	0.00386	0.00510	0.00319	0.00289	0.00549	0.00868	0.01043	0.08609	0.03562	0.79496	0.00939	0.00443	0.00126	0.00189	0.00785	0.00352	0.00319
33	0.00457	0.00326	0.00435	0.00522	0.00544	0.00305	0.00348	0.00522	0.00718	0.00958	0.02068	0.86570	0.02481	0.01175	0.00479	0.00152	0.00218	0.01067	0.00348	0.00305
34	0.00548	0.00417	0.00615	0.00608	0.00669	0.00492	0.00470	0.00673	0.00599	0.00864	0.00993	0.01501	0.00943	0.07396	0.77168	0.00571	0.04533	0.00407	0.00201	0.00332
35	0.00514	0.00375	0.00510	0.00511	0.00580	0.00349	0.02134	0.00650	0.00917	0.01280	0.49526	0.33148	0.03005	0.02929	0.00488	0.00136	0.00206	0.00807	0.01599	0.00336
36	0.00652	0.00326	0.00489	0.00489	0.00489	0.00326	0.00326	0.00489	0.00489	0.00652	0.00652	0.01140	0.00652	0.01303	0.01466	0.89084	0.00326	0.00326	0.00163	0.00163
37	0.01654	0.00647	0.00872	0.00670	0.00957	0.00567	0.00553	0.04408	0.01096	0.80615	0.02942	0.01292	0.00966	0.00469	0.00378	0.00116	0.00320	0.00381	0.00461	0.00633
38	0.00513	0.00410	0.00450	0.00430	0.00552	0.00365	0.00325	0.04189	0.00959	0.01225	0.28647	0.03242	0.55613	0.00872	0.00440	0.00123	0.00196	0.00737	0.00370	0.00342
39	0.00709	0.00667	0.01125	0.85913	0.02584	0.00834	0.01042	0.00959	0.00750	0.00959	0.00667	0.01000	0.00500	0.00375	0.00375	0.00125	0.00500	0.00333	0.00167	0.00417
40	0.00821	0.00821	0.01149	0.00985	0.00985	0.01149	0.00821	0.00903	0.00575	0.00903	0.00492	0.00821	0.00492	0.00657	0.01231	0.00164	0.86128	0.00328	0.00164	0.00410
41	0.00778	0.00667	0.00778	0.00556	0.00889	0.00500	0.00445	0.00945	0.00778	0.01223	0.00667	0.00778	0.00556	0.00278	0.00278	0.00056	0.00278	0.00222	0.00222	0.89108
42	0.01649	0.00646	0.00870	0.00672	0.00959	0.00569	0.00553	0.01836	0.04814	0.80974	0.01482	0.01283	0.00938	0.00466	0.00377	0.00117	0.00318	0.00379	0.00461	0.00636
43	0.01426	0.01051	0.01126	0.00863	0.01163	0.01163	0.00713	0.83224	0.01764	0.02364	0.00901	0.00901	0.00638	0.00450	0.00375	0.00113	0.00413	0.00338	0.00375	0.00638
44	0.89465	0.00726	0.00551	0.00493	0.00726	0.00842	0.00406	0.01103	0.00638	0.01683	0.00522	0.00609	0.00406	0.00348	0.00232	0.00116	0.00290	0.00203	0.00232	0.00406
45	0.00536	0.00402	0.00603	0.00603	0.00670	0.00469	0.00469	0.00670	0.00603	0.00871	0.01005	0.01474	0.00938	0.02814	0.85328	0.00603	0.01005	0.00402	0.00201	0.00335
46	0.00531	0.00383	0.00501	0.00472	0.00560	0.00354	0.00354	0.00708	0.01062	0.01504	0.84277	0.02802	0.03540	0.00767	0.00442	0.00118	0.00177	0.00678	0.00413	0.00354
47	0.00886	0.01012	0.02214	0.01581	0.01961	0.00949	0.83112	0.01202	0.00886	0.01202	0.00759	0.01012	0.00569	0.00316	0.00443	0.00127	0.00633	0.00443	0.00190	0.00506
48	0.89465	0.00726	0.00551	0.00493	0.00726	0.00842	0.00406	0.01103	0.00638	0.01683	0.00522	0.00609	0.00406	0.00348	0.00232	0.00116	0.00290	0.00203	0.00232	0.00406
49	0.00443	0.00380	0.00380	0.00380	0.00507	0.00317	0.00285	0.00538	0.00855	0.01014	0.03801	0.03611	0.84322	0.00950	0.00443	0.00127	0.00190	0.00792	0.00348	0.00317
50	0.01403	0.01756	0.01066	0.00962	0.01160	0.81647	0.00724	0.05055	0.01094	0.00981	0.00594	0.00686	0.00490	0.00389	0.00340	0.00097	0.00665	0.00246	0.00201	0.00444
51	0.01003	0.87041	0.01966	0.00642	0.00963	0.01485	0.00642	0.01123	0.00762	0.00883	0.00522	0.00602	0.00481	0.00321	0.00241	0.00080	0.00401	0.00201	0.00160	0.00481
52	0.00457	0.00329	0.00433	0.00517	0.00543	0.00305	0.00346	0.00523	0.00724	0.00960	0.02137	0.83267	0.05740	0.01166	0.00477	0.00151	0.00217	0.01056	0.00348	0.00305
53	0.00702	0.00424	0.00546	0.00495	0.00611	0.00393	0.00378	0.02435	0.01051	0.11733	0.65073	0.03548	0.02952	0.00704	0.00420	0.00116	0.00199	0.00615	0.07211	0.00393
54	0.00941	0.00810	0.00853	0.00765	0.00979	0.00937	0.00596	0.03294	0.82483	0.01582	0.01517	0.01392	0.01137	0.00508	0.00382	0.00127	0.00299	0.00423	0.00382	0.00595
55	0.00807	0.00684	0.00794	0.00570	0.00901	0.00530	0.00457	0.04659	0.00822	0.01274	0.00677	0.00784	0.00559	0.00286	0.00282	0.00058	0.00284	0.00227	0.00229	0.85115
56	0.00543	0.00364	0.00409	0.00409	0.00411	0.00363	0.00229	0.00545	0.00552	0.00734	0.01239	0.02480	0.03154	0.84962	0.01878	0.00359	0.00360	0.00551	0.00230	0.00229
57	0.00567	0.00364	0.00473	0.00475	0.00496	0.00376	0.00313	0.00561	0.00563	0.00758	0.01138	0.01994	0.04716	0.41815	0.19388	0.23090	0.00482	0.01978	0.00213	0.00240
58	0.00866	0.01150	0.14490	0.01505	0.01911	0.00937	0.70974	0.01200	0.00872	0.01200	0.00746	0.00979	0.00555	0.00322	0.00430	0.00125	0.00621	0.00418	0.00185	0.00513
59	0.00574	0.00442	0.00532	0.00499	0.00611	0.00430	0.00377	0.00863	0.12682	0.01439	0.60325	0.02728	0.15547	0.00759	0.00434	0.00121	0.00196	0.00660	0.00399	0.00382
60	0.00545	0.00365	0.00415	0.00415	0.00418	0.00367	0.00235	0.00550	0.00547	0.00732	0.01176	0.02424	0.01350	0.84132	0.04574	0.00371	0.00384	0.00541	0.00226	0.00231
61	0.00460	0.00330	0.00437	0.00518	0.00544	0.00307	0.00347	0.00530	0.00735	0.00982	0.05541	0.81526	0.04042	0.01154	0.00477	0.00150	0.00215	0.01045	0.00351	0.00307
62	0.24309	0.00950	0.00986	0.00793	0.01060	0.05908	0.05751	0.35631	0.13976	0.05714	0.00898	0.00913	0.00656	0.00421	0.00341	0.00116	0.00388	0.00319	0.00321	0.00551
63	0.02536	0.01125	0.23312	0.00856	0.01163	0.06820	0.03551	0.10690	0.08401	0.20665	0.02667	0.03495	0.02889	0.01842	0.00456	0.00126	0.05839	0.02729	0.00300	0.00538
64	0.00536	0.00401	0.00598	0.00597	0.00665	0.00464	0.00464	0.00672	0.00624	0.00900	0.04764	0.01534	0.01055	0.02721	0.81496	0.00581	0.00968	0.00414	0.00211	0.00336
65	0.00460	0.00369	0.00412	0.00431	0.00528	0.00321	0.00315	0.00560	0.00847	0.01059	0.12443	0.22988	0.54030	0.00984	0.00453	0.00133	0.00199	0.02792	0.00356	0.00319

[dist]
# distance from previous block
# <min> <max>
2	67

[block]
# block no. 4 follows, 73 sequences, length 97
# corresponding to MSA columns:
# 1058-1117,1119-1155
name=unknown_E
#
# <colnr> <probs for GDERKNQSTAVLIFYWHMCP>
#	G	D	E	R	K	N	Q	S	T	A	V	L	I	F	Y	W	H	M	C	P
0	0.35831	0.00819	0.02150	0.00687	0.01904	0.00875	0.00562	0.22431	0.10998	0.17340	0.00949	0.00974	0.00686	0.00427	0.00323	0.00118	0.00335	0.01726	0.00331	0.00535
1	0.00773	0.02469	0.04081	0.06271	0.03955	0.00731	0.27346	0.05968	0.02105	0.02488	0.06577	0.08350	0.02333	0.00978	0.17147	0.02948	0.02582	0.00471	0.01991	0.00437
2	0.00470	0.00337	0.00449	0.00534	0.00564	0.00316	0.00370	0.00546	0.00735	0.00974	0.02101	0.77200	0.04368	0.01158	0.00482	0.00154	0.00229	0.08357	0.00348	0.00309
3	0.02246	0.03835	0.00877	0.00641	0.00940	0.02849	0.00516	0.13309	0.12326	0.01427	0.01917	0.02069	0.00707	0.00359	0.00311	0.00079	0.00313	0.00284	0.00268	0.54725
4	0.00964	0.04212	0.10012	0.12372	0.22594	0.00806	0.04146	0.07017	0.03082	0.10949	0.00847	0.03351	0.00666	0.00387	0.00367	0.00106	0.01503	0.00336	0.00241	0.16043
5	0.01035	0.11349	0.21454	0.08699	0.01328	0.06629	0.03453	0.11524	0.04761	0.11836	0.00825	0.00909	0.00611	0.00457	0.02764	0.00122	0.02854	0.00303	0.00246	0.08839
6	0.00716	0.00591	0.00927	0.00750	0.00928	0.02293	0.18743	0.00963	0.05589	0.06594	0.48589	0.02245	0.08211	0.00639	0.00433	0.00120	0.00305	0.00592	0.00356	0.00418
7	0.00541	0.00423	0.00571	0.04758	0.00740	0.00423	0.02925	0.00732	0.09543	0.01036	0.01995	0.60228	0.07700	0.01020	0.00477	0.01482	0.00258	0.04466	0.00335	0.00347
8	0.03872	0.32681	0.08960	0.00826	0.02355	0.11171	0.05529	0.13351	0.06381	0.03986	0.02267	0.03283	0.01794	0.00443	0.01486	0.00109	0.00447	0.00313	0.00237	0.00507
9	0.01286	0.15379	0.01011	0.00654	0.00909	0.05178	0.01976	0.02738	0.03108	0.45115	0.09252	0.01495	0.09256	0.00510	0.00366	0.00111	0.00332	0.00411	0.00374	0.00539
10	0.00491	0.00372	0.00452	0.00453	0.00541	0.00334	0.00332	0.00623	0.00937	0.01256	0.44935	0.17972	0.28143	0.00896	0.00449	0.00127	0.00188	0.00782	0.00382	0.00334
11	0.00769	0.01901	0.81244	0.01077	0.01622	0.00879	0.03285	0.02846	0.00814	0.01212	0.00680	0.00799	0.00481	0.00357	0.00359	0.00119	0.00553	0.00282	0.00164	0.00555
12	0.01677	0.00648	0.00877	0.00672	0.00963	0.00566	0.00555	0.03743	0.01090	0.82797	0.01466	0.01268	0.00922	0.00464	0.00377	0.00116	0.00321	0.00376	0.00462	0.00638
13	0.01003	0.87041	0.01966	0.00642	0.00963	0.01485	0.00642	0.01123	0.00762	0.00883	0.00522	0.00602	0.00481	0.00321	0.00241	0.00080	0.00401	0.00201	0.00160	0.00481
14	0.01184	0.00900	0.00960	0.00788	0.01039	0.01008	0.00634	0.42992	0.35766	0.03689	0.01192	0.01145	0.00874	0.00474	0.00371	0.00117	0.00349	0.00375	0.05540	0.00603
15	0.00544	0.00369	0.00437	0.00437	0.00446	0.00379	0.00262	0.00563	0.00554	0.00748	0.01157	0.02315	0.01303	0.74831	0.13810	0.00398	0.00455	0.00525	0.00224	0.00243
16	0.00652	0.00326	0.00489	0.00489	0.00489	0.00326	0.00326	0.00489	0.00489	0.00652	0.00652	0.01140	0.00652	0.01303	0.01466	0.89084	0.00326	0.00326	0.00163	0.00163
17	0.00731	0.00380	0.00383	0.00372	0.00468	0.00385	0.00282	0.04424	0.00829	0.01440	0.01210	0.01377	0.00948	0.00438	0.00267	0.00089	0.00185	0.00349	0.85081	0.00362
18	0.00461	0.00331	0.00438	0.00523	0.00550	0.00309	0.00354	0.00530	0.00727	0.00964	0.02118	0.81745	0.04943	0.01165	0.00479	0.00152	0.00220	0.03337	0.00348	0.00306
19	0.01158	0.00911	0.00970	0.00806	0.01058	0.01029	0.00646	0.37561	0.46845	0.02954	0.01252	0.01180	0.00920	0.00483	0.00379	0.00121	0.00348	0.00386	0.00380	0.00614
20	0.00909	0.00848	0.01441	0.16289	0.68774	0.00874	0.01119	0.01135	0.00842	0.03145	0.00717	0.00949	0.00586	0.00344	0.00372	0.00114	0.00452	0.00335	0.00189	0.00566
21	0.00459	0.00328	0.00437	0.00521	0.00545	0.00306	0.00348	0.00528	0.00729	0.00975	0.04685	0.83903	0.02515	0.01162	0.00478	0.00151	0.00216	0.01054	0.00350	0.00306
22	0.00459	0.00328	0.00437	0.00521	0.00545	0.00306	0.00348	0.00528	0.00729	0.00974	0.04562	0.84029	0.02514	0.01163	0.00478	0.00151	0.00216	0.01055	0.00350	0.00306
23	0.00939	0.59326	0.25844	0.00786	0.01172	0.03272	0.01990	0.01152	0.00780	0.00976	0.00570	0.00664	0.00481	0.00333	0.00279	0.00092	0.00455	0.00227	0.00161	0.00502
24	0.62177	0.00886	0.00937	0.00758	0.01017	0.08660	0.16688	0.02805	0.00749	0.01532	0.00582	0.00701	0.00450	0.00348	0.00286	0.00116	0.00396	0.00256	0.00223	0.00433
25	0.00443	0.00380	0.00380	0.00380	0.00507	0.00317	0.00285	0.00538	0.00855	0.01014	0.03801	0.03611	0.84322	0.00950	0.00443	0.00127	0.00190	0.00792	0.00348	0.00317
26	0.00899	0.00953	0.01820	0.01345	0.01676	0.00944	0.59291	0.01430	0.24820	0.01308	0.00981	0.01124	0.00736	0.00372	0.00425	0.00127	0.00536	0.00437	0.00245	0.00531
27	0.01003	0.87041	0.01966	0.00642	0.00963	0.01485	0.00642	0.01123	0.00762	0.00883	0.00522	0.00602	0.00481	0.00321	0.00241	0.00080	0.00401	0.00201	0.00160	0.00481
28	0.01284	0.01595	0.01049	0.00949	0.01112	0.70418	0.00723	0.01381	0.00978	0.00914	0.00592	0.00737	0.00509	0.00549	0.04966	0.00132	0.11234	0.00261	0.00190	0.00427
29	0.00536	0.00401	0.00599	0.00599	0.00664	0.00467	0.00463	0.00667	0.00602	0.00868	0.01009	0.01496	0.00948	0.04731	0.83424	0.00597	0.00990	0.00405	0.00202	0.00333
30	0.00475	0.00405	0.00411	0.00405	0.00536	0.00354	0.00305	0.00628	0.05669	0.01061	0.06198	0.03457	0.76963	0.00919	0.00440	0.00126	0.00196	0.00767	0.00352	0.00334
31	0.00732	0.00609	0.00802	0.02236	0.00776	0.00754	0.00555	0.04853	0.00708	0.02838	0.10604	0.01637	0.03267	0.24895	0.05225	0.00229	0.36988	0.00447	0.01484	0.00362
32	0.21327	0.02349	0.07303	0.00744	0.02956	0.00715	0.03863	0.03204	0.04187	0.47051	0.01118	0.01051	0.00744	0.00422	0.00352	0.00117	0.01244	0.00329	0.00358	0.00566
33	0.00886	0.01012	0.02214	0.01581	0.01961	0.00949	0.83112	0.01202	0.00886	0.01202	0.00759	0.01012	0.00569	0.00316	0.00443	0.00127	0.00633	0.00443	0.00190	0.00506
34	0.00778	0.00667	0.00778	0.00556	0.00889	0.00500	0.00445	0.00945	0.00778	0.01223	0.00667	0.00778	0.00556	0.00278	0.00278	0.00056	0.00278	0.00222	0.00222	0.89108
35	0.89465	0.00726	0.00551	0.00493	0.00726	0.00842	0.00406	0.01103	0.00638	0.01683	0.00522	0.00609	0.00406	0.00348	0.00232	0.00116	0.00290	0.00203	0.00232	0.00406
36	0.00443	0.00380	0.00380	0.00380	0.00507	0.00317	0.00285	0.00538	0.00855	0.01014	0.03801	0.03611	0.84322	0.00950	0.00443	0.00127	0.00190	0.00792	0.00348	0.00317
37	0.00711	0.00723	0.01366	0.02833	0.01308	0.00717	0.39600	0.00924	0.02120	0.01095	0.02439	0.21870	0.10916	0.00657	0.00527	0.00137	0.08692	0.02694	0.00253	0.00420
38	0.00746	0.00721	0.02429	0.70512	0.13828	0.00845	0.01049	0.01020	0.03284	0.01017	0.00698	0.00999	0.00532	0.00373	0.00375	0.00123	0.00487	0.00335	0.00176	0.00449
39	0.00904	0.00966	0.01987	0.01440	0.01786	0.00922	0.69663	0.08597	0.00953	0.01290	0.00866	0.07173	0.00713	0.00390	0.00439	0.00127	0.00583	0.00478	0.00218	0.00503
40	0.00522	0.00382	0.00490	0.00466	0.00556	0.00350	0.00348	0.00690	0.01036	0.01451	0.75682	0.05226	0.09812	0.00793	0.00444	0.00120	0.00179	0.00698	0.00406	0.00350
41	0.05423	0.00922	0.01113	0.07685	0.25491	0.12186	0.01730	0.12077	0.03833	0.19244	0.02238	0.01091	0.02400	0.02437	0.00402	0.00119	0.00428	0.00349	0.00286	0.00547
42	0.04090	0.03799	0.06041	0.21521	0.04322	0.16353	0.02450	0.03523	0.03108	0.21387	0.00955	0.01046	0.02990	0.00466	0.01704	0.00124	0.05025	0.00334	0.00263	0.00498
43	0.00488	0.00349	0.00471	0.00558	0.00593	0.00331	0.00402	0.00576	0.00749	0.00992	0.02051	0.69337	0.02414	0.01146	0.00487	0.00157	0.00244	0.17995	0.00348	0.00313
44	0.08670	0.00851	0.03661	0.31035	0.17182	0.03032	0.02142	0.14435	0.00962	0.09990	0.00776	0.00944	0.00576	0.00396	0.00395	0.00119	0.03752	0.00325	0.00241	0.00514
45	0.02307	0.32992	0.26381	0.00988	0.01375	0.08909	0.17068	0.03886	0.00854	0.01100	0.00631	0.00755	0.00501	0.00341	0.00328	0.00104	0.00516	0.00279	0.00177	0.00508
46	0.00459	0.00328	0.00437	0.00521	0.00545	0.00306	0.00348	0.00528	0.00728	0.00973	0.04384	0.84210	0.02511	0.01164	0.00478	0.00151	0.00217	0.01056	0.00350	0.00306
47	0.00646	0.00504	0.00567	0.00530	0.00662	0.00517	0.00404	0.01066	0.25299	0.01420	0.37612	0.02433	0.18296	0.00700	0.00410	0.00120	0.00215	0.00599	0.07585	0.00417
48	0.03766	0.00862	0.02620	0.06826	0.28128	0.05435	0.02542	0.10616	0.06387	0.22844	0.01025	0.02874	0.00774	0.00430	0.00373	0.00116	0.00407	0.01890	0.01516	0.00568
49	0.00734	0.00693	0.01172	0.76076	0.12219	0.00840	0.01055	0.00981	0.00762	0.00990	0.00671	0.00992	0.00511	0.00370	0.00375	0.00123	0.00494	0.00334	0.00169	0.00438
50	0.00454	0.00380	0.00395	0.00391	0.00513	0.00321	0.00293	0.00559	0.00880	0.01073	0.13617	0.03512	0.74468	0.00928	0.00443	0.00126	0.00188	0.00778	0.00356	0.00321
51	0.01011	0.85355	0.01948	0.00648	0.00967	0.03142	0.00644	0.01131	0.00768	0.00883	0.00523	0.00603	0.00481	0.00322	0.00243	0.00081	0.00407	0.00201	0.00161	0.00481
52	0.06707	0.01669	0.06765	0.02999	0.02446	0.00696	0.01341	0.12772	0.02294	0.35193	0.06266	0.03604	0.03219	0.00558	0.02842	0.00130	0.03343	0.00392	0.02377	0.04389
53	0.09211	0.16958	0.08577	0.03535	0.04413	0.04187	0.03719	0.03593	0.05631	0.06007	0.00732	0.00817	0.00576	0.00340	0.00304	0.00089	0.00377	0.00262	0.00228	0.30444
54	0.00457	0.00326	0.00435	0.00522	0.00544	0.00305	0.00348	0.00522	0.00718	0.00958	0.02068	0.86570	0.02481	0.01175	0.00479	0.00152	0.00218	0.01067	0.00348	0.00305
55	0.01133	0.00620	0.00807	0.00680	0.00857	0.00645	0.00544	0.10910	0.02846	0.34708	0.03749	0.06747	0.03502	0.04885	0.16190	0.00225	0.09659	0.00445	0.00348	0.00500
56	0.01112	0.04900	0.04984	0.05834	0.28634	0.11283	0.11261	0.04512	0.05700	0.15435	0.00868	0.00975	0.00651	0.00383	0.00385	0.00114	0.01825	0.00341	0.00250	0.00554
57	0.00821	0.00821	0.01149	0.00985	0.00985	0.01149	0.00821	0.00903	0.00575	0.00903	0.00492	0.00821	0.00492	0.00657	0.01231	0.00164	0.86128	0.00328	0.00164	0.00410
58	0.00494	0.00343	0.00429	0.00484	0.00499	0.00330	0.00309	0.00537	0.00657	0.00875	0.01735	0.53215	0.02056	0.33196	0.01015	0.00232	0.00275	0.02740	0.00303	0.00277
59	0.00912	0.06786	0.43739	0.01132	0.04762	0.02595	0.18387	0.02298	0.03301	0.09119	0.02911	0.00946	0.00643	0.00372	0.00373	0.00117	0.00518	0.00334	0.00212	0.00544
60	0.01105	0.07623	0.17045	0.05872	0.12564	0.14658	0.04402	0.13450	0.02195	0.10764	0.02841	0.00999	0.00693	0.00413	0.00379	0.00113	0.02085	0.02013	0.00250	0.00536
61	0.00797	0.01626	0.57346	0.01184	0.01663	0.02220	0.22870	0.01194	0.02082	0.01195	0.02394	0.00899	0.00573	0.00362	0.00396	0.00121	0.02036	0.00332	0.00176	0.00534
62	0.45389	0.00985	0.00890	0.00795	0.03741	0.16827	0.04155	0.08150	0.00823	0.01445	0.00577	0.00706	0.00467	0.00408	0.00427	0.00120	0.13172	0.00255	0.00224	0.00443
63	0.00521	0.00383	0.00488	0.00462	0.00555	0.00350	0.00346	0.00689	0.01039	0.01451	0.75479	0.02891	0.12371	0.00787	0.00443	0.00119	0.00178	0.00691	0.00406	0.00350
64	0.00771	0.05822	0.76641	0.01077	0.01611	0.00904	0.05702	0.01186	0.00796	0.01175	0.00671	0.00795	0.00481	0.00353	0.00356	0.00117	0.00552	0.00283	0.00160	0.00549
65	0.00545	0.00368	0.00430	0.00430	0.00437	0.00375	0.00253	0.00559	0.00552	0.00743	0.01163	0.02350	0.01318	0.77788	0.10873	0.00389	0.00433	0.00530	0.00224	0.00239
66	0.00486	0.00387	0.00444	0.00476	0.00580	0.00345	0.00374	0.00597	0.00841	0.01035	0.03137	0.13462	0.53874	0.00998	0.00467	0.00141	0.00233	0.21454	0.00348	0.00323
67	0.00886	0.01012	0.02214	0.01581	0.01961	0.00949	0.83112	0.01202	0.00886	0.01202	0.00759	0.01012	0.00569	0.00316	0.00443	0.00127	0.00633	0.00443	0.00190	0.00506
68	0.00546	0.00364	0.00409	0.00409	0.00409	0.00364	0.00227	0.00546	0.00546	0.00727	0.01182	0.02455	0.01364	0.86815	0.01910	0.00364	0.00364	0.00546	0.00227	0.00227
69	0.01530	0.00884	0.01023	0.00784	0.01080	0.00916	0.00648	0.50367	0.01485	0.35614	0.01135	0.01053	0.00755	0.00456	0.00376	0.00114	0.00375	0.00354	0.00411	0.00638
70	0.00545	0.00365	0.00414	0.00413	0.00417	0.00363	0.00234	0.00554	0.00573	0.00769	0.05599	0.02474	0.01480	0.82241	0.01832	0.00351	0.00354	0.00553	0.00237	0.00234
71	0.00709	0.00667	0.01125	0.85913	0.02584	0.00834	0.01042	0.00959	0.00750	0.00959	0.00667	0.01000	0.00500	0.00375	0.00375	0.00125	0.00500	0.00333	0.00167	0.00417
72	0.00652	0.00326	0.00489	0.00489	0.00489	0.00326	0.00326	0.00489	0.00489	0.00652	0.00652	0.01140	0.00652	0.01303	0.01466	0.89084	0.00326	0.00326	0.00163	0.00163
73	0.00590	0.00427	0.00584	0.00663	0.00753	0.00421	0.00576	0.00756	0.00863	0.01113	0.02150	0.04176	0.09569	0.01029	0.00511	0.00169	0.00331	0.74631	0.00346	0.00343
74	0.01402	0.01766	0.01065	0.00963	0.01160	0.82756	0.00725	0.03977	0.01084	0.00962	0.00590	0.00683	0.00488	0.00389	0.00339	0.00097	0.00669	0.00245	0.00199	0.00441
75	0.00699	0.00350	0.00350	0.00350	0.00437	0.00350	0.00262	0.00874	0.00787	0.01399	0.01224	0.01399	0.00962	0.00437	0.00262	0.00087	0.00175	0.00350	0.88898	0.00350
76	0.00471	0.00336	0.00451	0.00538	0.00565	0.00316	0.00372	0.00546	0.00732	0.00973	0.02060	0.79042	0.02452	0.01163	0.00482	0.00154	0.00229	0.08462	0.00348	0.00308
77	0.00457	0.00326	0.00435	0.00522	0.00544	0.00305	0.00348	0.00522	0.00718	0.00958	0.02068	0.86570	0.02481	0.01175	0.00479	0.00152	0.00218	0.01067	0.00348	0.00305
78	0.00602	0.00430	0.00602	0.00688	0.00773	0.00430	0.00600	0.00773	0.00861	0.01120	0.01988	0.05630	0.02165	0.01039	0.00518	0.00172	0.00343	0.80576	0.00346	0.00345
79	0.00709	0.00667	0.01125	0.85913	0.02584	0.00834	0.01042	0.00959	0.00750	0.00959	0.00667	0.01000	0.00500	0.00375	0.00375	0.00125	0.00500	0.00333	0.00167	0.00417
80	0.00752	0.01941	0.84871	0.01069	0.01624	0.00871	0.01386	0.01188	0.00792	0.01188	0.00673	0.00792	0.00475	0.00356	0.00356	0.00119	0.00554	0.00277	0.00158	0.00554
81	0.00494	0.00371	0.00434	0.00464	0.00532	0.00341	0.00332	0.00575	0.00767	0.00976	0.06451	0.22612	0.32895	0.19606	0.00779	0.00190	0.00254	0.11302	0.00325	0.00300
82	0.01264	0.01071	0.02728	0.01031	0.05914	0.06319	0.11940	0.54543	0.02949	0.01949	0.00844	0.00903	0.00618	0.00411	0.00376	0.00110	0.00453	0.00339	0.00315	0.05923
83	0.00545	0.00405	0.00516	0.00524	0.00617	0.00384	0.00411	0.00732	0.03735	0.01312	0.45351	0.08070	0.14865	0.00873	0.00461	0.00135	0.00225	0.20103	0.00383	0.00352
84	0.07971	0.06025	0.01431	0.05620	0.40874	0.03477	0.11955	0.08315	0.00913	0.03430	0.00716	0.00893	0.00573	0.00361	0.00374	0.01429	0.00450	0.00324	0.00213	0.04657
85	0.01183	0.01271	0.00933	0.00884	0.03802	0.48425	0.00655	0.05603	0.05441	0.06094	0.02421	0.08998	0.00925	0.00529	0.00387	0.00112	0.02210	0.05740	0.03938	0.00448
86	0.00713	0.00596	0.00647	0.00597	0.00757	0.00638	0.00459	0.01317	0.42827	0.01419	0.23021	0.02289	0.21837	0.00681	0.00412	0.00125	0.00241	0.00577	0.00382	0.00466
87	0.00454	0.00386	0.00392	0.00389	0.00516	0.00327	0.00292	0.00566	0.02032	0.01041	0.07009	0.03547	0.79898	0.00937	0.00443	0.00126	0.00191	0.00782	0.00351	0.00322
88	0.00709	0.00667	0.01125	0.85913	0.02584	0.00834	0.01042	0.00959	0.00750	0.00959	0.00667	0.01000	0.00500	0.00375	0.00375	0.00125	0.00500	0.00333	0.00167	0.00417
89	0.00596	0.00428	0.00593	0.00676	0.00763	0.00425	0.00588	0.00764	0.00861	0.01116	0.02059	0.05623	0.05389	0.01035	0.00515	0.00171	0.00337	0.77375	0.00346	0.00344
90	0.00652	0.00326	0.00489	0.00489	0.00489	0.00326	0.00326	0.00489	0.00489	0.00652	0.00652	0.01140	0.00652	0.01303	0.01466	0.89084	0.00326	0.00326	0.00163	0.00163
91	0.01003	0.87041	0.01966	0.00642	0.00963	0.01485	0.00642	0.01123	0.00762	0.00883	0.00522	0.00602	0.00481	0.00321	0.00241	0.00080	0.00401	0.00201	0.00160	0.00481
92	0.00933	0.00806	0.00848	0.00764	0.00976	0.00933	0.00594	0.01994	0.83797	0.01569	0.01527	0.01400	0.01145	0.00509	0.00382	0.00127	0.00297	0.00424	0.00382	0.00594
93	0.00536	0.00402	0.00603	0.00603	0.00670	0.00469	0.00469	0.00670	0.00603	0.00871	0.01005	0.01474	0.00938	0.02814	0.85328	0.00603	0.01005	0.00402	0.00201	0.00335
94	0.00493	0.00352	0.00477	0.00564	0.00601	0.00336	0.00411	0.00585	0.00754	0.00998	0.02048	0.66437	0.02403	0.01141	0.00488	0.00157	0.00249	0.20844	0.00348	0.00315
95	0.01570	0.00755	0.00936	0.00721	0.01008	0.00730	0.00594	0.26379	0.01282	0.57276	0.03871	0.01211	0.00922	0.00470	0.00379	0.00115	0.00343	0.00375	0.00436	0.00630
96	0.00762	0.01907	0.82276	0.02363	0.01631	0.00875	0.01370	0.02473	0.00807	0.01203	0.00677	0.00797	0.00478	0.00358	0.00357	0.00119	0.00551	0.00279	0.00162	0.00554

[dist]
# distance from previous block
# <min> <max>
1	85

[block]
# block no. 5 follows, 73 sequences, length 39
# corresponding to MSA columns:
# 1255-1284,1289-1297
name=unknown_F
#
# <colnr> <probs for GDERKNQSTAVLIFYWHMCP>
