[name]
unknown

[dist]
# distance from previous block
# <min> <max>
0	24

[block]
# block no. 0 follows, 79 sequences, length 24
# corresponding to MSA columns:
# 24-47
name=unknown_A
#
# <colnr> <probs for GDERKNQSTAVLIFYWHMCP>
#	G	D	E	R	K	N	Q	S	T	A	V	L	I	F	Y	W	H	M	C	P
0	0.00633	0.00416	0.00582	0.01765	0.00743	0.00411	0.00547	0.00789	0.00831	0.06807	0.08213	0.03586	0.02001	0.00914	0.00488	0.01944	0.00312	0.68345	0.00331	0.00341
1	0.01030	0.00860	0.05750	0.00660	0.00933	0.12375	0.00552	0.12423	0.00942	0.17158	0.00891	0.07497	0.00724	0.00399	0.00318	0.00086	0.00348	0.00318	0.00273	0.36464
2	0.06274	0.00679	0.00889	0.00812	0.12524	0.00594	0.05385	0.06310	0.00818	0.05588	0.00908	0.00990	0.07070	0.00343	0.00302	0.00078	0.00307	0.00290	0.00233	0.49607
3	0.07996	0.00841	0.01242	0.01600	0.52354	0.05704	0.06216	0.01063	0.00786	0.01167	0.00639	0.00813	0.00530	0.00307	0.00324	0.00095	0.00401	0.00286	0.00185	0.17452
4	0.06053	0.00591	0.00679	0.00725	0.11775	0.07080	0.00460	0.00956	0.00751	0.19181	0.02539	0.06914	0.08733	0.28610	0.00819	0.00184	0.00334	0.01169	0.00275	0.02171
5	0.00864	0.53686	0.01653	0.00927	0.12934	0.01125	0.11629	0.01016	0.00754	0.00935	0.00812	0.01030	0.05750	0.00378	0.00295	0.00093	0.00396	0.05089	0.00179	0.00453
6	0.00848	0.29234	0.01121	0.00578	0.00879	0.00836	0.00503	0.06358	0.05646	0.01132	0.00643	0.00718	0.00536	0.00297	0.00261	0.00067	0.00308	0.00220	0.00208	0.49606
7	0.06288	0.12043	0.01034	0.00753	0.00992	0.32671	0.00604	0.18963	0.09132	0.01287	0.00696	0.00746	0.00550	0.00363	0.00304	0.00091	0.00444	0.00253	0.00237	0.12547
8	0.07941	0.21622	0.54339	0.00856	0.01288	0.00967	0.01028	0.06173	0.00782	0.01154	0.00601	0.00695	0.00452	0.00332	0.00301	0.00103	0.00460	0.00242	0.00167	0.00499
9	0.00684	0.00518	0.06206	0.00504	0.00662	0.00417	0.00423	0.00891	0.05806	0.14500	0.41150	0.02395	0.23099	0.00679	0.00398	0.00113	0.00220	0.00581	0.00363	0.00391
10	0.00871	0.07531	0.01451	0.04712	0.76288	0.00879	0.01042	0.01074	0.00793	0.01119	0.00648	0.00851	0.00547	0.00314	0.00340	0.00103	0.00417	0.00304	0.00172	0.00545
11	0.00487	0.00378	0.00480	0.00478	0.00560	0.00386	0.00360	0.00631	0.03961	0.00958	0.12684	0.06647	0.27210	0.06445	0.36354	0.00319	0.00511	0.00564	0.00272	0.00314
12	0.00427	0.00346	0.00379	0.00395	0.00489	0.00298	0.00287	0.00517	0.00793	0.00984	0.10832	0.21907	0.59270	0.00923	0.00424	0.00124	0.00183	0.00791	0.00333	0.00298
13	0.00697	0.00596	0.00840	0.00941	0.17304	0.00682	0.00614	0.05940	0.07558	0.01026	0.01014	0.07909	0.03613	0.09016	0.25053	0.00271	0.15882	0.00423	0.00221	0.00400
14	0.00442	0.00327	0.00415	0.00467	0.00516	0.00299	0.00327	0.00527	0.00748	0.00987	0.13986	0.57899	0.16557	0.01009	0.00441	0.00135	0.00199	0.04086	0.00336	0.00296
15	0.00708	0.00699	0.01272	0.63333	0.07620	0.00800	0.17263	0.00951	0.00735	0.00961	0.00665	0.02231	0.00516	0.00350	0.00366	0.00117	0.00487	0.00344	0.00165	0.00417
16	0.01043	0.00505	0.00653	0.00544	0.00725	0.00466	0.00432	0.03903	0.04877	0.39555	0.35568	0.01785	0.01876	0.00552	0.00373	0.00109	0.00239	0.00469	0.05854	0.00472
17	0.00643	0.00515	0.00579	0.00536	0.00673	0.00537	0.00411	0.01111	0.33030	0.02510	0.34446	0.02278	0.18967	0.00662	0.00394	0.00116	0.00216	0.01595	0.00364	0.00415
18	0.90103	0.00682	0.00518	0.00463	0.00682	0.00791	0.00382	0.01036	0.00600	0.01581	0.00491	0.00573	0.00382	0.00327	0.00218	0.00109	0.00273	0.00191	0.00218	0.00382
19	0.90103	0.00682	0.00518	0.00463	0.00682	0.00791	0.00382	0.01036	0.00600	0.01581	0.00491	0.00573	0.00382	0.00327	0.00218	0.00109	0.00273	0.00191	0.00218	0.00382
20	0.00726	0.08692	0.79083	0.00972	0.01476	0.00865	0.01246	0.01111	0.00742	0.01093	0.00621	0.00730	0.00447	0.00332	0.00326	0.00109	0.00509	0.00255	0.00149	0.00515
21	0.00538	0.00361	0.00474	0.00462	0.00542	0.00332	0.00340	0.00680	0.00926	0.05642	0.61768	0.20769	0.04242	0.00791	0.00420	0.00118	0.00182	0.00703	0.00376	0.00336
22	0.43586	0.00652	0.00632	0.00498	0.00764	0.00625	0.00404	0.00991	0.00679	0.04631	0.00591	0.00673	0.00468	0.00299	0.00244	0.00082	0.00268	0.00206	0.00222	0.43484
23	0.47677	0.00682	0.00671	0.00553	0.00795	0.03372	0.00454	0.02602	0.00805	0.37928	0.00887	0.00850	0.00599	0.00377	0.00282	0.00108	0.00298	0.00265	0.00313	0.00480

[dist]
# distance from previous block
# <min> <max>
0	1

[block]
# block no. 1 follows, 79 sequences, length 26
# corresponding to MSA columns:
# 49-74
name=unknown_B
#
# <colnr> <probs for GDERKNQSTAVLIFYWHMCP>
#	G	D	E	R	K	N	Q	S	T	A	V	L	I	F	Y	W	H	M	C	P
0	0.01298	0.00793	0.00914	0.00704	0.00981	0.00802	0.00577	0.39563	0.07499	0.29169	0.01036	0.00980	0.00713	0.00409	0.00341	0.00100	0.00333	0.00320	0.00360	0.13106
1	0.01191	0.00599	0.00749	0.00617	0.00834	0.00581	0.00494	0.03061	0.21684	0.46845	0.17829	0.01503	0.01399	0.00502	0.00367	0.00112	0.00270	0.00420	0.00406	0.00537
2	0.00441	0.00312	0.00406	0.00476	0.00494	0.00294	0.00312	0.00494	0.00652	0.00870	0.01828	0.75701	0.02187	0.12984	0.00634	0.00170	0.00223	0.00935	0.00312	0.00276
3	0.01530	0.00682	0.00869	0.00666	0.00941	0.00640	0.00550	0.19188	0.01146	0.67995	0.01275	0.01125	0.00815	0.00433	0.00354	0.00108	0.00319	0.00347	0.00419	0.00600
4	0.00779	0.00755	0.01229	0.00889	0.01209	0.00654	0.31020	0.01049	0.07020	0.01166	0.00718	0.00855	0.00568	0.00290	0.00325	0.00082	0.00384	0.00299	0.00209	0.50503
5	0.00803	0.00766	0.01305	0.30691	0.57432	0.00819	0.01047	0.01021	0.00770	0.01067	0.00651	0.00895	0.00528	0.00327	0.00350	0.00109	0.00436	0.00314	0.00168	0.00502
6	0.00607	0.00388	0.00462	0.00434	0.00554	0.00338	0.00328	0.00724	0.00881	0.12974	0.28384	0.10367	0.40654	0.00794	0.00411	0.00117	0.00194	0.00679	0.00361	0.00350
7	0.90103	0.00682	0.00518	0.00463	0.00682	0.00791	0.00382	0.01036	0.00600	0.01581	0.00491	0.00573	0.00382	0.00327	0.00218	0.00109	0.00273	0.00191	0.00218	0.00382
8	0.00816	0.00677	0.00777	0.00563	0.00871	0.00557	0.00453	0.12581	0.00861	0.01299	0.00657	0.00747	0.00533	0.00284	0.00274	0.00060	0.00279	0.00224	0.00229	0.77259
9	0.00467	0.00323	0.00432	0.00503	0.00528	0.00308	0.00350	0.00523	0.00667	0.00886	0.01782	0.63913	0.02098	0.07495	0.00616	0.06101	0.00238	0.12185	0.00307	0.00277
10	0.77850	0.00703	0.00643	0.00697	0.12317	0.00797	0.00478	0.01042	0.00628	0.01522	0.00514	0.00614	0.00406	0.00325	0.00236	0.00108	0.00293	0.00208	0.00212	0.00406
11	0.00434	0.00331	0.00400	0.00439	0.00501	0.00296	0.00308	0.00519	0.00760	0.00984	0.13333	0.48028	0.30431	0.00983	0.00434	0.00131	0.00191	0.00867	0.00335	0.00296
12	0.01099	0.00827	0.00998	0.00743	0.01042	0.00812	0.06744	0.42142	0.01215	0.07591	0.00795	0.00837	0.00586	0.00356	0.00324	0.00088	0.00351	0.00288	0.00293	0.32870
13	0.13090	0.00603	0.00670	0.00513	0.00780	0.00514	0.00412	0.03315	0.00786	0.12536	0.01129	0.01148	0.12441	0.00387	0.00292	0.00079	0.00260	0.00304	0.00261	0.50479
14	0.00872	0.00837	0.01431	0.02163	0.85415	0.00837	0.01082	0.01082	0.00802	0.01151	0.00663	0.00872	0.00558	0.00314	0.00349	0.00105	0.00419	0.00314	0.00174	0.00558
15	0.00755	0.00690	0.01139	0.01652	0.59989	0.00683	0.00857	0.00944	0.00837	0.01192	0.19796	0.07704	0.01313	0.00464	0.00371	0.00109	0.00346	0.00438	0.00234	0.00487
16	0.00552	0.00373	0.00481	0.00446	0.00543	0.00340	0.00337	0.00710	0.00982	0.06073	0.73562	0.02618	0.10204	0.00719	0.00412	0.00111	0.00175	0.00631	0.00385	0.00344
17	0.90103	0.00682	0.00518	0.00463	0.00682	0.00791	0.00382	0.01036	0.00600	0.01581	0.00491	0.00573	0.00382	0.00327	0.00218	0.00109	0.00273	0.00191	0.00218	0.00382
18	0.00720	0.06620	0.81106	0.00982	0.01491	0.00851	0.01263	0.01113	0.00743	0.01100	0.00625	0.00734	0.00447	0.00333	0.00329	0.00110	0.00513	0.00256	0.00149	0.00517
19	0.00910	0.76016	0.13373	0.00658	0.00990	0.01315	0.00699	0.01064	0.00720	0.00869	0.00510	0.00590	0.00451	0.00306	0.00241	0.00080	0.00397	0.00198	0.00150	0.00462
20	0.00428	0.00357	0.00373	0.00369	0.00483	0.00302	0.00277	0.00528	0.00830	0.01015	0.14784	0.03288	0.74020	0.00869	0.00416	0.00118	0.00177	0.00729	0.00336	0.00302
21	0.01226	0.00660	0.01008	0.19214	0.20501	0.00647	0.00744	0.01400	0.00897	0.48439	0.01063	0.01070	0.00716	0.00391	0.00353	0.00110	0.00363	0.00336	0.00317	0.00546
22	0.00952	0.00884	0.01358	0.01969	0.73573	0.07132	0.01015	0.01148	0.00831	0.06733	0.00702	0.00876	0.00571	0.00326	0.00347	0.00104	0.00427	0.00310	0.00192	0.00550
23	0.02451	0.00597	0.00768	0.00618	0.00849	0.01706	0.00498	0.07642	0.01006	0.62972	0.04036	0.13038	0.01118	0.00534	0.00367	0.00113	0.00293	0.00446	0.00407	0.00543
24	0.00892	0.00765	0.00806	0.00720	0.00922	0.00884	0.00562	0.04651	0.81975	0.01499	0.01415	0.01299	0.01060	0.00476	0.00358	0.00119	0.00283	0.00396	0.00358	0.00559
25	0.33421	0.00697	0.00877	0.00844	0.12514	0.00709	0.05921	0.04712	0.01807	0.31394	0.00913	0.00977	0.00654	0.00386	0.00312	0.00111	0.00329	0.02626	0.00297	0.00499

[dist]
# distance from previous block
# <min> <max>
0	1

[block]
# block no. 2 follows, 79 sequences, length 44
# corresponding to MSA columns:
# 76-119
name=unknown_C
#
# <colnr> <probs for GDERKNQSTAVLIFYWHMCP>
#	G	D	E	R	K	N	Q	S	T	A	V	L	I	F	Y	W	H	M	C	P
0	0.02463	0.44059	0.28056	0.00865	0.07212	0.01083	0.03183	0.01128	0.00754	0.07351	0.00621	0.00702	0.00491	0.00323	0.00284	0.00093	0.00424	0.00239	0.00175	0.00492
1	0.00554	0.00346	0.00473	0.00470	0.00486	0.00368	0.00318	0.00528	0.00506	0.00693	0.00863	0.01566	0.00906	0.31090	0.22994	0.34787	0.02252	0.00395	0.00183	0.00219
2	0.00827	0.00790	0.01360	0.01927	0.70735	0.00783	0.05965	0.01037	0.00827	0.01180	0.10310	0.01078	0.00872	0.00359	0.00361	0.00106	0.00400	0.00357	0.00199	0.00528
3	0.67538	0.00755	0.00771	0.00628	0.00871	0.00844	0.09973	0.12656	0.00774	0.01619	0.00566	0.00654	0.00430	0.00337	0.00259	0.00110	0.00325	0.00234	0.00232	0.00423
4	0.00483	0.00395	0.00602	0.00591	0.00671	0.00365	0.09889	0.00584	0.00728	0.00954	0.03764	0.57247	0.15516	0.00962	0.00442	0.00137	0.00251	0.05795	0.00311	0.00313
5	0.00781	0.00744	0.01265	0.39647	0.48648	0.00813	0.01036	0.01001	0.00759	0.01040	0.00647	0.00902	0.00519	0.00331	0.00350	0.00110	0.00441	0.00314	0.00167	0.00484
6	0.00480	0.00360	0.00445	0.00423	0.00515	0.00324	0.00318	0.00628	0.00953	0.01307	0.66338	0.02808	0.22284	0.00760	0.00416	0.00113	0.00169	0.00662	0.00374	0.00324
7	0.06168	0.00743	0.00800	0.00722	0.00871	0.04477	0.00574	0.01463	0.50000	0.01314	0.07452	0.01406	0.01126	0.00537	0.00501	0.00126	0.15532	0.05401	0.00307	0.00480
8	0.00500	0.00360	0.00468	0.00441	0.00524	0.00332	0.00331	0.00665	0.00992	0.01406	0.83003	0.02625	0.04384	0.00719	0.00413	0.00111	0.00166	0.00635	0.01595	0.00332
9	0.06168	0.00829	0.07695	0.09910	0.20445	0.00752	0.31210	0.00978	0.00765	0.01098	0.00887	0.15921	0.00830	0.00451	0.00382	0.00119	0.00449	0.00459	0.00201	0.00451
10	0.00434	0.00310	0.00413	0.00488	0.00512	0.00289	0.00327	0.00501	0.00694	0.00931	0.07002	0.82236	0.02391	0.01081	0.00448	0.00141	0.00202	0.00980	0.00331	0.00289
11	0.00973	0.00726	0.00959	0.14063	0.16556	0.00793	0.00711	0.03655	0.39107	0.15925	0.02065	0.01159	0.00866	0.00423	0.00356	0.00114	0.00339	0.00363	0.00308	0.00538
12	0.00436	0.00358	0.00384	0.00377	0.00488	0.00306	0.00283	0.00543	0.00848	0.01059	0.22519	0.03216	0.66257	0.00853	0.00416	0.00117	0.00176	0.00719	0.00341	0.00306
13	0.00865	0.00985	0.08078	0.01606	0.26168	0.00882	0.48638	0.06163	0.00867	0.01201	0.00700	0.00906	0.00539	0.00313	0.00386	0.00113	0.00525	0.00369	0.00186	0.00510
14	0.06625	0.25515	0.01192	0.00775	0.00999	0.51011	0.00629	0.01310	0.00897	0.07228	0.00589	0.00654	0.00480	0.00349	0.00289	0.00089	0.00516	0.00224	0.00194	0.00433
15	0.12776	0.00634	0.00984	0.75081	0.02191	0.00784	0.00898	0.00919	0.00691	0.00993	0.00608	0.00890	0.00458	0.00349	0.00334	0.00116	0.00443	0.00297	0.00165	0.00390
16	0.00849	0.00904	0.01811	0.01766	0.36419	0.00869	0.49774	0.01109	0.00820	0.01138	0.00692	0.00918	0.00544	0.00304	0.00388	0.00113	0.00522	0.00374	0.00177	0.00510
17	0.01500	0.00582	0.00792	0.00613	0.00872	0.00504	0.00504	0.01639	0.01008	0.79370	0.07650	0.01307	0.01056	0.00457	0.00359	0.00109	0.00290	0.00376	0.00433	0.00580
18	0.07789	0.00707	0.00881	0.00738	0.02222	0.00737	0.06317	0.02570	0.39313	0.31798	0.02306	0.01197	0.00928	0.00439	0.00351	0.00114	0.00310	0.00369	0.00361	0.00552
19	0.00679	0.00395	0.00493	0.00446	0.00566	0.00357	0.00343	0.00828	0.00940	0.14929	0.49406	0.02369	0.15401	0.00666	0.00387	0.00109	0.00190	0.00573	0.10556	0.00370
20	0.01060	0.02648	0.39263	0.00886	0.01276	0.00946	0.00947	0.41502	0.01200	0.05757	0.00771	0.00813	0.00541	0.00382	0.00343	0.00108	0.00443	0.00292	0.00262	0.00562
21	0.00483	0.00350	0.00455	0.00449	0.00522	0.00322	0.00329	0.00626	0.00929	0.01299	0.66438	0.18654	0.06224	0.00799	0.00422	0.00117	0.00174	0.00710	0.00374	0.00322
22	0.00535	0.00421	0.00580	0.00548	0.00632	0.00423	0.03421	0.00703	0.03036	0.01231	0.49049	0.13033	0.07586	0.00778	0.00482	0.00125	0.06689	0.10047	0.00344	0.00339
23	0.00713	0.00607	0.00712	0.00520	0.00816	0.00459	0.00412	0.00864	0.00727	0.01134	0.00705	0.05915	0.00630	0.00311	0.00272	0.00058	0.00258	0.00256	0.00216	0.84415
24	0.01299	0.01003	0.01027	0.00806	0.01074	0.06236	0.00658	0.70632	0.09224	0.03112	0.00889	0.00881	0.00638	0.00425	0.00351	0.00106	0.00392	0.00320	0.00344	0.00584
25	0.01276	0.00651	0.00797	0.00654	0.00893	0.00647	0.00526	0.01738	0.32640	0.50827	0.04436	0.01295	0.01038	0.00462	0.00358	0.00113	0.00287	0.00381	0.00405	0.00574
26	0.01407	0.00879	0.00991	0.00760	0.01039	0.00933	0.00628	0.61272	0.01477	0.25444	0.00998	0.00945	0.00675	0.00427	0.00353	0.00107	0.00363	0.00328	0.00376	0.00599
27	0.01143	0.00911	0.01063	0.00838	0.01091	0.06031	0.10133	0.43017	0.17361	0.06636	0.07257	0.01089	0.00894	0.00439	0.00364	0.00110	0.00384	0.00365	0.00331	0.00546
28	0.00428	0.00312	0.00403	0.00475	0.00507	0.00288	0.00320	0.00492	0.00689	0.00906	0.02128	0.77806	0.11789	0.01080	0.00446	0.00140	0.00202	0.00972	0.00327	0.00288
29	0.00462	0.00354	0.00423	0.00416	0.00506	0.00315	0.00308	0.00590	0.00895	0.01195	0.47253	0.10912	0.33453	0.00820	0.00419	0.00117	0.00174	0.00711	0.00360	0.00315
30	0.00417	0.00355	0.00359	0.00363	0.00478	0.00297	0.00270	0.00505	0.00798	0.00950	0.03501	0.06974	0.81735	0.00902	0.00418	0.00120	0.00180	0.00755	0.00327	0.00297
31	0.00829	0.00832	0.06290	0.21347	0.44222	0.00825	0.02613	0.01184	0.14336	0.02871	0.00793	0.00960	0.00621	0.00353	0.00352	0.00111	0.00415	0.00327	0.00204	0.00517
32	0.01473	0.00753	0.10516	0.00677	0.00978	0.00573	0.00613	0.04631	0.01002	0.73004	0.01284	0.01135	0.00814	0.00424	0.00352	0.00109	0.00328	0.00342	0.00400	0.00591
33	0.00429	0.00307	0.00409	0.00491	0.00511	0.00286	0.00327	0.00491	0.00675	0.00900	0.01943	0.87384	0.02331	0.01104	0.00450	0.00143	0.00204	0.01002	0.00327	0.00286
34	0.00896	0.00902	0.01348	0.10821	0.68154	0.09580	0.01030	0.01096	0.00812	0.01096	0.00647	0.00855	0.00538	0.00323	0.00346	0.00105	0.00446	0.00305	0.00173	0.00526
35	0.00707	0.01823	0.85788	0.01005	0.01525	0.00818	0.01302	0.01116	0.00744	0.01116	0.00632	0.00744	0.00446	0.00335	0.00335	0.00112	0.00521	0.00260	0.00149	0.00521
36	0.00716	0.00572	0.00667	0.00495	0.00765	0.00444	0.00393	0.00874	0.00755	0.02235	0.07012	0.00945	0.00779	0.00315	0.00272	0.00061	0.00243	0.00256	0.10416	0.71786
37	0.00710	0.00600	0.00743	0.10352	0.00989	0.00492	0.00475	0.00873	0.00746	0.02088	0.06010	0.03343	0.00748	0.00326	0.00288	0.00067	0.00278	0.00272	0.00220	0.70380
38	0.00670	0.00763	0.10720	0.76987	0.02325	0.00787	0.01016	0.00925	0.00709	0.00925	0.00627	0.00917	0.00467	0.00350	0.00350	0.00117	0.00476	0.00307	0.00156	0.00406
39	0.00918	0.77882	0.01720	0.00594	0.00897	0.01289	0.00582	0.01036	0.00718	0.00866	0.00506	0.00584	0.00460	0.00297	0.00230	0.00073	0.00364	0.00191	0.00157	0.10638
40	0.00666	0.00626	0.01057	0.86767	0.02427	0.00783	0.00979	0.00900	0.00705	0.00900	0.00626	0.00940	0.00470	0.00352	0.00352	0.00117	0.00470	0.00313	0.00157	0.00392
41	0.00872	0.00837	0.01431	0.02163	0.85415	0.00837	0.01082	0.01082	0.00802	0.01151	0.00663	0.00872	0.00558	0.00314	0.00349	0.00105	0.00419	0.00314	0.00174	0.00558
42	0.00872	0.00837	0.01431	0.02163	0.85415	0.00837	0.01082	0.01082	0.00802	0.01151	0.00663	0.00872	0.00558	0.00314	0.00349	0.00105	0.00419	0.00314	0.00174	0.00558
43	0.10884	0.09258	0.49416	0.00787	0.01158	0.00771	0.00922	0.01026	0.02475	0.01210	0.17710	0.01101	0.01034	0.00412	0.00328	0.00108	0.00403	0.00325	0.00209	0.00461

[dist]
# distance from previous block
# <min> <max>
0	3

[block]
# block no. 3 follows, 79 sequences, length 22
# corresponding to MSA columns:
# 123-144
name=unknown_D
#
# <colnr> <probs for GDERKNQSTAVLIFYWHMCP>
#	G	D	E	R	K	N	Q	S	T	A	V	L	I	F	Y	W	H	M	C	P
0	0.00958	0.00809	0.01356	0.01977	0.75195	0.00799	0.01013	0.01159	0.00827	0.11371	0.00751	0.00912	0.00596	0.00329	0.00350	0.00105	0.00404	0.00319	0.00206	0.00563
1	0.03085	0.01532	0.00956	0.00852	0.01050	0.74062	0.00643	0.01337	0.00958	0.00912	0.00554	0.00646	0.00461	0.00350	0.00309	0.00087	0.00583	0.00224	0.00186	0.11214
2	0.00466	0.00390	0.00468	0.10827	0.00724	0.00364	0.00369	0.00591	0.00837	0.01053	0.22191	0.02919	0.55973	0.00787	0.00409	0.00117	0.00211	0.00667	0.00321	0.00317
3	0.00820	0.00775	0.01197	0.03533	0.58487	0.05283	0.02464	0.01014	0.02688	0.02442	0.00924	0.16988	0.00897	0.00470	0.00368	0.00112	0.00390	0.00442	0.00211	0.00495
4	0.00771	0.00771	0.01079	0.00925	0.00925	0.01079	0.00771	0.00848	0.00540	0.00848	0.00463	0.00771	0.00463	0.00617	0.01157	0.00154	0.86969	0.00308	0.00154	0.00386
5	0.02600	0.05867	0.01039	0.00805	0.01049	0.22421	0.00648	0.45322	0.13860	0.01683	0.00834	0.00844	0.00623	0.00408	0.00336	0.00102	0.00431	0.00298	0.00297	0.00534
6	0.70734	0.00734	0.00707	0.00805	0.17259	0.02648	0.00525	0.01053	0.00648	0.01482	0.00526	0.00633	0.00418	0.00325	0.00246	0.00108	0.00309	0.00216	0.00209	0.00417
7	0.01286	0.10688	0.01115	0.00834	0.01071	0.40887	0.00668	0.36559	0.01248	0.01436	0.00667	0.00717	0.00516	0.00382	0.00323	0.00095	0.00502	0.00261	0.00251	0.00494
8	0.00439	0.00338	0.00402	0.00429	0.00501	0.00301	0.00305	0.00534	0.00794	0.01031	0.20545	0.36749	0.34485	0.00940	0.00430	0.00127	0.00186	0.00824	0.00340	0.00301
9	0.01021	0.02678	0.02682	0.03558	0.06310	0.00801	0.07110	0.23643	0.14667	0.09764	0.00898	0.00932	0.00666	0.00368	0.00332	0.00095	0.00352	0.00310	0.00286	0.23528
10	0.00453	0.00323	0.00424	0.00497	0.00525	0.00306	0.00344	0.00521	0.00679	0.00900	0.01896	0.67962	0.04074	0.08842	0.00574	0.00163	0.00230	0.10685	0.00317	0.00285
11	0.00975	0.48433	0.11071	0.00715	0.01006	0.13696	0.00687	0.05748	0.10790	0.01032	0.02461	0.00745	0.00595	0.00351	0.00279	0.00089	0.00416	0.00244	0.00196	0.00472
12	0.00903	0.24088	0.45368	0.00867	0.01280	0.00932	0.05633	0.01201	0.02421	0.13089	0.00723	0.00785	0.00526	0.00341	0.00314	0.00102	0.00451	0.00266	0.00196	0.00512
13	0.00437	0.00352	0.00390	0.00393	0.00492	0.00304	0.00290	0.00541	0.00833	0.01054	0.22562	0.13371	0.55986	0.00878	0.00420	0.00120	0.00179	0.00750	0.00342	0.00304
14	0.00463	0.00355	0.00395	0.00389	0.00473	0.00321	0.00278	0.00553	0.00771	0.00994	0.19268	0.02872	0.45752	0.18315	0.04800	0.00182	0.00245	0.00648	0.02639	0.00289
15	0.00788	0.14660	0.53164	0.01039	0.11491	0.04713	0.01074	0.01093	0.00766	0.02358	0.00779	0.00876	0.04992	0.00360	0.00324	0.00105	0.00470	0.00282	0.00168	0.00499
16	0.00433	0.00358	0.00380	0.00374	0.00486	0.00304	0.00281	0.00537	0.00842	0.01043	0.19733	0.03242	0.69053	0.00859	0.00416	0.00117	0.00176	0.00723	0.00339	0.00304
17	0.06298	0.00612	0.00807	0.00622	0.00892	0.00544	0.00514	0.03382	0.01000	0.79455	0.01331	0.01159	0.00841	0.00430	0.00347	0.00109	0.00300	0.00345	0.00423	0.00588
18	0.00709	0.00660	0.01058	0.69041	0.09425	0.00799	0.00937	0.01034	0.10880	0.00992	0.00727	0.00979	0.00551	0.00364	0.00353	0.00117	0.00442	0.00324	0.00183	0.00426
19	0.00832	0.00913	0.11461	0.01301	0.26920	0.00813	0.15159	0.01318	0.27012	0.03049	0.02556	0.01174	0.05059	0.00404	0.00366	0.00114	0.00398	0.00380	0.00247	0.00523
20	0.00586	0.00414	0.00571	0.00640	0.03529	0.00402	0.00518	0.00744	0.00849	0.03789	0.16475	0.03502	0.08889	0.00884	0.00460	0.00146	0.00288	0.56638	0.00334	0.00340
21	0.00769	0.00656	0.01112	0.61360	0.11541	0.00760	0.05333	0.00988	0.00745	0.08098	0.00742	0.03861	0.00580	0.00381	0.00370	0.00117	0.01625	0.00345	0.00189	0.00429

[dist]
# distance from previous block
# <min> <max>
1	3

[block]
# block no. 4 follows, 79 sequences, length 47
# corresponding to MSA columns:
# 149-195
name=unknown_E
#
# <colnr> <probs for GDERKNQSTAVLIFYWHMCP>
#	G	D	E	R	K	N	Q	S	T	A	V	L	I	F	Y	W	H	M	C	P
0	0.00841	0.05237	0.01389	0.16354	0.67109	0.00857	0.01040	0.01050	0.00782	0.01093	0.00648	0.00868	0.00538	0.00320	0.00343	0.00105	0.00425	0.00307	0.00170	0.00525
1	0.01338	0.00968	0.01043	0.00802	0.01082	0.01068	0.00662	0.79411	0.03549	0.05169	0.00879	0.00870	0.00620	0.00425	0.00353	0.00106	0.00382	0.00320	0.00356	0.00598
2	0.00517	0.00388	0.00549	0.05379	0.00663	0.00393	0.04620	0.00589	0.00617	0.00826	0.01353	0.26703	0.01527	0.37811	0.09075	0.00266	0.00377	0.07820	0.00249	0.00277
3	0.18446	0.00730	0.00815	0.00641	0.00897	0.00752	0.00528	0.28931	0.01132	0.37526	0.01025	0.00968	0.00689	0.00410	0.00322	0.00107	0.00317	0.00309	0.04911	0.00544
4	0.00931	0.00926	0.01332	0.08365	0.66144	0.12007	0.01008	0.01125	0.00826	0.03041	0.00661	0.00854	0.00545	0.00326	0.00345	0.00104	0.00448	0.00303	0.00180	0.00527
5	0.00975	0.06441	0.32574	0.00911	0.02580	0.19489	0.02615	0.12640	0.16008	0.01260	0.00780	0.00833	0.00586	0.00376	0.00333	0.00106	0.00476	0.00286	0.00223	0.00509
6	0.00443	0.00315	0.00416	0.00493	0.00515	0.00297	0.00333	0.00506	0.00672	0.00894	0.01884	0.77183	0.02246	0.06691	0.00539	0.00157	0.00220	0.05593	0.00320	0.00284
7	0.01176	0.00818	0.04703	0.08123	0.25967	0.00789	0.01578	0.19662	0.04030	0.28116	0.00957	0.00987	0.00673	0.00386	0.00352	0.00108	0.00379	0.00329	0.00301	0.00565
8	0.65147	0.00794	0.00667	0.00565	0.00797	0.04127	0.00463	0.21264	0.00872	0.01709	0.00579	0.00641	0.00437	0.00352	0.00255	0.00108	0.00314	0.00223	0.00249	0.00436
9	0.08861	0.00666	0.00686	0.00623	0.00792	0.02828	0.00482	0.01469	0.52804	0.01450	0.21071	0.01542	0.01523	0.00517	0.00355	0.00115	0.00257	0.00430	0.03052	0.00478
10	0.00600	0.00432	0.00530	0.00487	0.00597	0.00424	0.00371	0.02932	0.11437	0.04063	0.65514	0.02389	0.06141	0.00676	0.00403	0.00112	0.00190	0.00590	0.01735	0.00374
11	0.00818	0.00769	0.01299	0.04627	0.72102	0.00773	0.00997	0.01015	0.00791	0.01121	0.00819	0.07071	0.00762	0.00408	0.00364	0.00111	0.00400	0.05040	0.00193	0.00521
12	0.00714	0.01681	0.75108	0.01006	0.01492	0.00799	0.07505	0.01102	0.00750	0.01127	0.00665	0.00789	0.00476	0.00336	0.00336	0.00111	0.00508	0.00276	0.04710	0.00508
13	0.00445	0.00359	0.00396	0.00391	0.00498	0.00311	0.00295	0.00559	0.00860	0.01089	0.27311	0.03188	0.58987	0.00845	0.00418	0.00118	0.00179	0.03097	0.00345	0.00309
14	0.00429	0.00307	0.00409	0.00491	0.00511	0.00286	0.00327	0.00491	0.00675	0.00900	0.01943	0.87384	0.02331	0.01104	0.00450	0.00143	0.00204	0.01002	0.00327	0.00286
15	0.90103	0.00682	0.00518	0.00463	0.00682	0.00791	0.00382	0.01036	0.00600	0.01581	0.00491	0.00573	0.00382	0.00327	0.00218	0.00109	0.00273	0.00191	0.00218	0.00382
16	0.00877	0.00757	0.00797	0.00717	0.00916	0.00877	0.00558	0.01873	0.84779	0.01474	0.01434	0.01315	0.01076	0.00478	0.00359	0.00120	0.00279	0.00398	0.00359	0.00558
17	0.01386	0.00542	0.00714	0.00564	0.00796	0.00478	0.00461	0.01528	0.00952	0.67827	0.01340	0.01224	0.00879	0.00431	0.00332	0.00103	0.00271	0.00349	0.19282	0.00542
18	0.00667	0.00645	0.01156	0.05771	0.02908	0.02575	0.32976	0.00830	0.00705	0.00950	0.04313	0.08871	0.01022	0.22304	0.11122	0.00229	0.01904	0.00481	0.00208	0.00363
19	0.01342	0.00960	0.01038	0.00798	0.01078	0.01055	0.00659	0.77542	0.03688	0.06904	0.00891	0.00878	0.00627	0.00425	0.00353	0.00106	0.00380	0.00321	0.00357	0.00598
20	0.00505	0.00380	0.00469	0.00443	0.00538	0.00355	0.00334	0.00701	0.05272	0.01341	0.67600	0.02689	0.16579	0.00736	0.00413	0.00113	0.00174	0.00642	0.00377	0.00338
21	0.90103	0.00682	0.00518	0.00463	0.00682	0.00791	0.00382	0.01036	0.00600	0.01581	0.00491	0.00573	0.00382	0.00327	0.00218	0.00109	0.00273	0.00191	0.00218	0.00382
22	0.00700	0.00341	0.00351	0.00343	0.00434	0.00337	0.00259	0.00863	0.00752	0.05279	0.01161	0.01309	0.00902	0.00412	0.00251	0.00083	0.00171	0.00330	0.85380	0.00341
23	0.00847	0.00807	0.01291	0.17706	0.13663	0.00874	0.22266	0.05995	0.28043	0.01255	0.00924	0.01045	0.00703	0.00384	0.00390	0.00117	0.02579	0.00368	0.00241	0.00503
24	0.00487	0.00360	0.00455	0.00431	0.00520	0.00328	0.00324	0.00643	0.00971	0.01349	0.73888	0.02738	0.14707	0.00744	0.00416	0.00112	0.00168	0.00652	0.00380	0.00328
25	0.00932	0.61568	0.18902	0.00716	0.01050	0.09837	0.00754	0.01103	0.00750	0.00891	0.00525	0.00609	0.00451	0.00315	0.00258	0.00084	0.00432	0.00207	0.00153	0.00462
26	0.79246	0.00649	0.00526	0.00489	0.01925	0.00747	0.00385	0.00985	0.00595	0.01484	0.00545	0.00705	0.00454	0.04823	0.03906	0.01425	0.00307	0.00218	0.00215	0.00370
27	0.00818	0.00803	0.01432	0.21967	0.54412	0.00832	0.12473	0.01046	0.00784	0.01089	0.00661	0.00899	0.00534	0.00321	0.00359	0.00110	0.00455	0.00328	0.00171	0.00508
28	0.01087	0.02073	0.00913	0.00743	0.00964	0.26379	0.00588	0.22262	0.06068	0.02991	0.00740	0.00812	0.00579	0.00384	0.00371	0.00092	0.06581	0.00270	0.05681	0.20421
29	0.00791	0.00625	0.00737	0.00529	0.00840	0.00473	0.00425	0.00946	0.00750	0.07106	0.00680	0.00764	0.00547	0.00273	0.00268	0.00056	0.00264	0.00219	0.00225	0.83482
30	0.00820	0.00808	0.01311	0.05545	0.42937	0.00935	0.05782	0.00983	0.00695	0.01017	0.00584	0.00839	0.00515	0.00436	0.00676	0.00126	0.35032	0.00318	0.00166	0.00477
31	0.00929	0.48691	0.21864	0.00701	0.01036	0.01081	0.00747	0.01166	0.05308	0.10110	0.04816	0.00818	0.00670	0.00354	0.00283	0.00092	0.00388	0.00257	0.00204	0.00485
32	0.00462	0.00357	0.00422	0.00414	0.00509	0.00317	0.00310	0.00591	0.00896	0.01187	0.45068	0.07377	0.37388	0.00818	0.00419	0.00117	0.00177	0.02495	0.00358	0.00315
33	0.00658	0.00554	0.00625	0.00549	0.00711	0.01644	0.04681	0.13223	0.13166	0.01228	0.02542	0.07172	0.49101	0.00729	0.00397	0.00118	0.00253	0.00615	0.01646	0.00391
34	0.00829	0.31028	0.32001	0.05766	0.09746	0.00970	0.02622	0.01065	0.00743	0.04693	0.02010	0.00849	0.00575	0.05250	0.00386	0.00112	0.00434	0.00272	0.00173	0.00476
35	0.11322	0.12336	0.20133	0.00735	0.03103	0.00764	0.00708	0.05489	0.00884	0.37880	0.00965	0.02697	0.00674	0.00393	0.00319	0.00106	0.00362	0.00303	0.00296	0.00530
36	0.00427	0.00357	0.00372	0.00368	0.00483	0.00302	0.00276	0.00526	0.00828	0.01012	0.14118	0.03294	0.74688	0.00870	0.00416	0.00118	0.00177	0.00730	0.00335	0.00302
37	0.01005	0.21362	0.12316	0.05204	0.05371	0.32826	0.04158	0.01942	0.06227	0.00969	0.00718	0.02224	0.02643	0.00375	0.00322	0.00097	0.01326	0.00277	0.00187	0.00449
38	0.04851	0.05066	0.13765	0.00770	0.01071	0.11627	0.00703	0.27579	0.01142	0.28581	0.00920	0.00894	0.00630	0.00397	0.00335	0.00105	0.00406	0.00298	0.00312	0.00548
39	0.85590	0.00677	0.00533	0.00472	0.00693	0.00777	0.00389	0.01071	0.00621	0.05868	0.00537	0.00604	0.00407	0.00333	0.00225	0.00109	0.00274	0.00199	0.00229	0.00393
40	0.00745	0.10505	0.60251	0.05747	0.01408	0.01866	0.01101	0.04654	0.00780	0.01106	0.00736	0.05272	0.00607	0.00398	0.00336	0.00111	0.00476	0.03237	0.00174	0.00490
41	0.00514	0.00392	0.00456	0.01620	0.00575	0.00345	0.02136	0.00638	0.02613	0.05783	0.11730	0.10746	0.59502	0.00839	0.00414	0.00120	0.00202	0.00714	0.00335	0.00328
42	0.00830	0.23918	0.39411	0.07530	0.07383	0.00943	0.03045	0.01132	0.03747	0.05811	0.02699	0.00818	0.00575	0.00345	0.00315	0.00102	0.00444	0.00273	0.00182	0.00496
43	0.02040	0.00367	0.00408	0.00405	0.00507	0.00327	0.00301	0.00588	0.02487	0.01106	0.27763	0.11167	0.49600	0.00843	0.00415	0.00119	0.00181	0.00720	0.00344	0.00314
44	0.00794	0.03372	0.00774	0.00538	0.00844	0.00512	0.00436	0.02476	0.00765	0.05918	0.00691	0.00812	0.00568	0.00288	0.00271	0.00059	0.00270	0.01685	0.00224	0.78702
45	0.00887	0.20813	0.42901	0.00871	0.03749	0.00921	0.01793	0.09421	0.00861	0.08191	0.03718	0.02979	0.00652	0.00376	0.00321	0.00103	0.00434	0.00293	0.00207	0.00508
46	0.00850	0.03120	0.50073	0.00952	0.02696	0.15657	0.03383	0.03821	0.00809	0.03154	0.00718	0.05658	0.00591	0.02107	0.00410	0.00116	0.04915	0.00312	0.00181	0.00478

[dist]
# distance from previous block
# <min> <max>
0	15

# created by:
# /home/cegg/simao/soft/augustus-3.2.1/scripts/msa2prfl.pl ./align_prep/EOG092C54AQ.fa
