[name]
unknown

[dist]
# distance from previous block
# <min> <max>
27	565

[block]
# block no. 0 follows, 69 sequences, length 13
# corresponding to MSA columns:
# 986-998
name=unknown_A
#
# <colnr> <probs for GDERKNQSTAVLIFYWHMCP>
#	G	D	E	R	K	N	Q	S	T	A	V	L	I	F	Y	W	H	M	C	P
0	0.10804	0.00860	0.01096	0.13344	0.19758	0.04189	0.00800	0.14329	0.06621	0.17189	0.04040	0.01100	0.00807	0.00432	0.00374	0.00119	0.00409	0.00356	0.00307	0.03063
1	0.07666	0.00803	0.07033	0.16831	0.05749	0.04084	0.03047	0.03276	0.07045	0.04566	0.06674	0.06544	0.03162	0.02064	0.11991	0.00198	0.03323	0.00433	0.00260	0.05251
2	0.00926	0.00983	0.09892	0.26753	0.18800	0.05529	0.10434	0.03922	0.03082	0.05744	0.00939	0.02214	0.03584	0.02641	0.00438	0.00130	0.00499	0.00385	0.00224	0.02882
3	0.00929	0.00840	0.01141	0.34000	0.16694	0.08495	0.02626	0.03203	0.03064	0.06423	0.03139	0.03382	0.03537	0.00437	0.00385	0.00117	0.00458	0.00380	0.00237	0.10512
4	0.00911	0.00854	0.04687	0.06817	0.13000	0.03004	0.02911	0.05907	0.20174	0.03009	0.05944	0.01302	0.05219	0.00450	0.00374	0.00107	0.00368	0.00384	0.00290	0.24288
5	0.00705	0.00416	0.00496	0.00495	0.00603	0.00387	0.00371	0.00857	0.02430	0.10171	0.11692	0.22928	0.18284	0.00833	0.00420	0.00129	0.00226	0.05262	0.22912	0.00385
6	0.00900	0.00726	0.00887	0.00639	0.00985	0.00573	0.03368	0.04652	0.00880	0.06019	0.00759	0.00857	0.00607	0.00311	0.00307	0.00067	0.00312	0.00255	0.00252	0.76644
7	0.05341	0.07596	0.03728	0.00627	0.02375	0.00651	0.02595	0.07850	0.03112	0.07598	0.01072	0.01801	0.01065	0.45037	0.01270	0.05264	0.00390	0.00450	0.00261	0.01916
8	0.00555	0.00412	0.00553	0.00561	0.00624	0.00438	0.00410	0.00696	0.03323	0.01009	0.10759	0.14856	0.07223	0.14832	0.41464	0.00414	0.00645	0.00609	0.00279	0.00338
9	0.00970	0.00931	0.01591	0.02406	0.83777	0.00931	0.01203	0.01203	0.00893	0.01281	0.00737	0.00970	0.00621	0.00349	0.00388	0.00116	0.00466	0.00349	0.00194	0.00621
10	0.00641	0.00515	0.00659	0.00773	0.13211	0.00484	0.00490	0.00835	0.06870	0.03533	0.13308	0.06570	0.42700	0.00852	0.00497	0.04125	0.00261	0.02927	0.00344	0.00404
11	0.00540	0.00392	0.00520	0.00588	0.00652	0.00372	0.00452	0.00665	0.00862	0.01138	0.12601	0.39841	0.09649	0.01103	0.00507	0.00160	0.00266	0.28979	0.00371	0.00341
12	0.00937	0.06633	0.11544	0.08543	0.08226	0.00887	0.04772	0.11103	0.15502	0.01412	0.00905	0.01040	0.00714	0.02822	0.01803	0.00122	0.00424	0.00334	0.00258	0.22019

[dist]
# distance from previous block
# <min> <max>
1	23

[block]
# block no. 1 follows, 69 sequences, length 14
# corresponding to MSA columns:
# 1022-1035
name=unknown_B
#
# <colnr> <probs for GDERKNQSTAVLIFYWHMCP>
#	G	D	E	R	K	N	Q	S	T	A	V	L	I	F	Y	W	H	M	C	P
0	0.03551	0.00535	0.00678	0.00697	0.03393	0.00597	0.00513	0.00899	0.11214	0.01081	0.01584	0.11584	0.07849	0.17318	0.14703	0.00275	0.09590	0.13271	0.00289	0.00380
1	0.03895	0.02987	0.05810	0.01004	0.09238	0.03559	0.12130	0.09137	0.13105	0.02337	0.03920	0.01239	0.00887	0.08525	0.04640	0.00160	0.00452	0.00381	0.00268	0.16325
2	0.00495	0.00392	0.00437	0.00437	0.00542	0.00343	0.00319	0.00609	0.00920	0.01173	0.24753	0.10481	0.50805	0.05869	0.00554	0.00147	0.00208	0.00806	0.00375	0.00335
3	0.01091	0.00650	0.00733	0.00621	0.00812	0.03626	0.00491	0.13373	0.07534	0.21932	0.25079	0.01750	0.01722	0.00569	0.00388	0.00115	0.00286	0.00472	0.18247	0.00509
4	0.00555	0.00401	0.00524	0.00493	0.00586	0.00370	0.00370	0.00740	0.01110	0.01572	0.83570	0.02928	0.03699	0.00801	0.00462	0.00123	0.00185	0.00709	0.00432	0.00370
5	0.01048	0.86458	0.02054	0.00671	0.01006	0.01551	0.00671	0.01174	0.00797	0.00922	0.00545	0.00629	0.00503	0.00335	0.00252	0.00084	0.00419	0.00210	0.00168	0.00503
6	0.25319	0.00701	0.00809	0.00644	0.00922	0.00683	0.00531	0.06029	0.01024	0.53595	0.01231	0.01130	0.00808	0.00450	0.00348	0.00120	0.00324	0.00341	0.04402	0.00588
7	0.00570	0.00380	0.00428	0.00428	0.00428	0.00380	0.00238	0.00570	0.00570	0.00760	0.01235	0.02566	0.01425	0.86222	0.01995	0.00380	0.00380	0.00570	0.00238	0.00238
8	0.01054	0.01049	0.03846	0.29521	0.06428	0.23233	0.00851	0.07659	0.00992	0.05877	0.00905	0.02730	0.00746	0.00467	0.00382	0.00120	0.00508	0.05389	0.07766	0.00475
9	0.00608	0.00448	0.00624	0.00609	0.00672	0.00517	0.00462	0.02792	0.00661	0.00958	0.01065	0.01652	0.01023	0.15826	0.61066	0.00527	0.04712	0.00436	0.05000	0.00345
10	0.48114	0.08328	0.06190	0.00746	0.03052	0.02373	0.05532	0.07071	0.00858	0.10228	0.00766	0.00918	0.00595	0.00407	0.00308	0.00120	0.00378	0.03256	0.00267	0.00493
11	0.02607	0.03941	0.01091	0.03811	0.18597	0.00762	0.00717	0.08515	0.05259	0.31303	0.01161	0.01158	0.03021	0.00427	0.00369	0.00109	0.00367	0.00356	0.00338	0.16094
12	0.00749	0.10653	0.06874	0.00666	0.00835	0.04714	0.00580	0.05521	0.00961	0.01268	0.26282	0.02182	0.22454	0.00709	0.00551	0.00127	0.13590	0.00552	0.00311	0.00421
13	0.03847	0.08917	0.19429	0.00971	0.06898	0.05600	0.07512	0.06734	0.02060	0.04423	0.00746	0.00856	0.00579	0.00352	0.00340	0.00097	0.00443	0.00287	0.00228	0.29681

[dist]
# distance from previous block
# <min> <max>
0	3

[block]
# block no. 2 follows, 69 sequences, length 25
# corresponding to MSA columns:
# 1039-1063
name=unknown_C
#
# <colnr> <probs for GDERKNQSTAVLIFYWHMCP>
#	G	D	E	R	K	N	Q	S	T	A	V	L	I	F	Y	W	H	M	C	P
0	0.51778	0.03335	0.00840	0.00784	0.07691	0.05653	0.02733	0.05954	0.09695	0.01641	0.02842	0.02337	0.00681	0.00415	0.00303	0.00120	0.00354	0.00297	0.02069	0.00478
1	0.00596	0.00405	0.00467	0.00449	0.00559	0.00375	0.02150	0.00761	0.02079	0.01322	0.20153	0.07280	0.29619	0.00755	0.00398	0.00117	0.00204	0.00642	0.31313	0.00359
2	0.01051	0.07632	0.12861	0.05564	0.12539	0.18511	0.06607	0.07929	0.13396	0.01291	0.00953	0.03424	0.02805	0.00453	0.00411	0.00120	0.03306	0.00366	0.00244	0.00537
3	0.05027	0.03049	0.02879	0.00948	0.05757	0.00710	0.14008	0.01594	0.01002	0.51234	0.01259	0.02631	0.00865	0.00594	0.05124	0.00152	0.01793	0.00401	0.00375	0.00598
4	0.00560	0.00420	0.00630	0.00630	0.00700	0.00490	0.00490	0.00700	0.00630	0.00910	0.01050	0.01540	0.00980	0.02940	0.84669	0.00630	0.01050	0.00420	0.00210	0.00350
5	0.00567	0.00380	0.00432	0.00433	0.00436	0.00378	0.00245	0.00575	0.00593	0.00794	0.04086	0.04602	0.01532	0.81225	0.01906	0.00366	0.00370	0.00588	0.00247	0.00244
6	0.00478	0.00341	0.00455	0.00546	0.00569	0.00318	0.00364	0.00546	0.00751	0.01001	0.02161	0.85966	0.02593	0.01228	0.00500	0.00159	0.00227	0.01114	0.00364	0.00318
7	0.01363	0.01035	0.01105	0.00876	0.01167	0.01156	0.00714	0.62564	0.21957	0.02265	0.01103	0.01070	0.00798	0.00486	0.00394	0.00121	0.00401	0.00375	0.00394	0.00655
8	0.00858	0.00858	0.01201	0.01029	0.01029	0.01201	0.00858	0.00943	0.00600	0.00943	0.00515	0.00858	0.00515	0.00686	0.01287	0.00172	0.85505	0.00343	0.00172	0.00429
9	0.00851	0.00449	0.00548	0.00497	0.00571	0.00430	0.00325	0.00891	0.00702	0.20463	0.01303	0.02244	0.01304	0.63459	0.04084	0.00326	0.00389	0.00524	0.00295	0.00343
10	0.00858	0.00858	0.01201	0.01029	0.01029	0.01201	0.00858	0.00943	0.00600	0.00943	0.00515	0.00858	0.00515	0.00686	0.01287	0.00172	0.85505	0.00343	0.00172	0.00429
11	0.01541	0.01017	0.01126	0.00864	0.01175	0.01095	0.00713	0.67310	0.01708	0.17822	0.01055	0.01015	0.00724	0.00473	0.00393	0.00118	0.00413	0.00361	0.00410	0.00667
12	0.01048	0.86458	0.02054	0.00671	0.01006	0.01551	0.00671	0.01174	0.00797	0.00922	0.00545	0.00629	0.00503	0.00335	0.00252	0.00084	0.00419	0.00210	0.00168	0.00503
13	0.00858	0.00858	0.01201	0.01029	0.01029	0.01201	0.00858	0.00943	0.00600	0.00943	0.00515	0.00858	0.00515	0.00686	0.01287	0.00172	0.85505	0.00343	0.00172	0.00429
14	0.00583	0.00444	0.00644	0.00639	0.00718	0.00517	0.00497	0.00777	0.05241	0.00951	0.01081	0.01536	0.00992	0.02806	0.79955	0.00602	0.01009	0.00421	0.00221	0.00365
15	0.20215	0.00646	0.00780	0.01841	0.02977	0.00667	0.08437	0.01098	0.15536	0.02553	0.06116	0.02261	0.28858	0.00672	0.00404	0.00132	0.00310	0.05733	0.00325	0.00440
16	0.68273	0.00918	0.00709	0.02762	0.02226	0.12162	0.00514	0.04019	0.00786	0.03811	0.00601	0.00691	0.00464	0.00377	0.00273	0.00119	0.00371	0.00233	0.00246	0.00447
17	0.00485	0.00353	0.00455	0.00531	0.00568	0.00327	0.00362	0.00561	0.00774	0.01019	0.04262	0.70293	0.11285	0.03593	0.00539	0.00162	0.00232	0.03517	0.00362	0.00320
18	0.01152	0.00935	0.01067	0.02366	0.13300	0.03008	0.00737	0.31132	0.31925	0.01850	0.01169	0.01175	0.00877	0.00472	0.00384	0.00121	0.00381	0.00385	0.06954	0.00611
19	0.03403	0.00905	0.01289	0.03662	0.38619	0.00929	0.00916	0.21937	0.01159	0.17083	0.00928	0.01017	0.00687	0.00414	0.00406	0.00118	0.02562	0.00352	0.00300	0.03314
20	0.01312	0.01104	0.01212	0.04426	0.15076	0.10821	0.00828	0.44685	0.07309	0.04053	0.00902	0.00967	0.00674	0.00454	0.00428	0.00120	0.04348	0.00348	0.00321	0.00611
21	0.00681	0.00340	0.00511	0.00511	0.00511	0.00340	0.00340	0.00511	0.00511	0.00681	0.00681	0.01192	0.00681	0.01362	0.01532	0.88594	0.00340	0.00340	0.00170	0.00170
22	0.02871	0.15436	0.01160	0.07116	0.08868	0.10171	0.01904	0.14022	0.06739	0.05283	0.02852	0.01159	0.00821	0.05232	0.00448	0.00124	0.01342	0.01224	0.11189	0.02039
23	0.00964	0.01016	0.05826	0.03423	0.03371	0.11750	0.05393	0.05209	0.00794	0.03919	0.00683	0.00956	0.00597	0.00838	0.10579	0.00204	0.43465	0.00347	0.00204	0.00463
24	0.68347	0.03047	0.08195	0.05331	0.00976	0.02611	0.00572	0.01179	0.00715	0.03819	0.00599	0.00700	0.00457	0.00368	0.00270	0.00120	0.00352	0.00233	0.00235	0.01874

[dist]
# distance from previous block
# <min> <max>
0	28

[block]
# block no. 3 follows, 69 sequences, length 21
# corresponding to MSA columns:
# 1092-1112
name=unknown_D
#
# <colnr> <probs for GDERKNQSTAVLIFYWHMCP>
#	G	D	E	R	K	N	Q	S	T	A	V	L	I	F	Y	W	H	M	C	P
0	0.00755	0.00713	0.04533	0.00719	0.06213	0.00579	0.01534	0.01043	0.11060	0.01268	0.03643	0.03118	0.17672	0.02284	0.00395	0.00100	0.00301	0.00427	0.00281	0.43363
1	0.00475	0.00394	0.00415	0.00417	0.00538	0.00335	0.00310	0.00582	0.00909	0.01114	0.12888	0.08767	0.69535	0.00986	0.00466	0.00133	0.00199	0.00832	0.00372	0.00335
2	0.00563	0.00417	0.00621	0.00621	0.00687	0.00483	0.00479	0.00692	0.00625	0.00900	0.01047	0.01562	0.00986	0.05371	0.80196	0.02762	0.01013	0.00423	0.00210	0.00342
3	0.04688	0.00428	0.00443	0.00418	0.00540	0.00430	0.00321	0.01058	0.04034	0.08844	0.01283	0.01414	0.00984	0.00458	0.00288	0.00097	0.00206	0.00364	0.73295	0.00405
4	0.01426	0.01066	0.01140	0.00889	0.01191	0.01186	0.00730	0.72414	0.12003	0.02367	0.01023	0.01006	0.00733	0.00478	0.00393	0.00120	0.00416	0.00364	0.00393	0.00661
5	0.00901	0.01067	0.17100	0.07790	0.21535	0.02776	0.11235	0.04495	0.04361	0.03995	0.06299	0.01192	0.02945	0.00518	0.03608	0.00138	0.01984	0.00385	0.00237	0.07440
6	0.04104	0.00482	0.00544	0.00509	0.00650	0.00463	0.00389	0.00910	0.10790	0.06028	0.30635	0.02859	0.35167	0.00894	0.03710	0.00148	0.00252	0.00676	0.00388	0.00402
7	0.00975	0.00842	0.00886	0.00798	0.01019	0.00975	0.00621	0.02083	0.83069	0.01640	0.01596	0.01463	0.01197	0.00532	0.00399	0.00133	0.00310	0.00443	0.00399	0.00621
8	0.22922	0.00697	0.00792	0.00637	0.00901	0.00687	0.00522	0.09822	0.01061	0.44724	0.04914	0.01302	0.04429	0.00488	0.00357	0.00120	0.00317	0.00376	0.04364	0.00567
9	0.01197	0.08335	0.01241	0.08876	0.12755	0.40014	0.02971	0.09855	0.01078	0.01191	0.02856	0.03935	0.03132	0.00451	0.00371	0.00111	0.00558	0.00346	0.00232	0.00494
10	0.00478	0.00341	0.00455	0.00546	0.00569	0.00318	0.00364	0.00546	0.00751	0.01001	0.02161	0.85966	0.02593	0.01228	0.00500	0.00159	0.00227	0.01114	0.00364	0.00318
11	0.00568	0.00395	0.00498	0.00514	0.00600	0.00362	0.00383	0.00703	0.00939	0.03963	0.32983	0.27123	0.17370	0.00963	0.00472	0.00139	0.00220	0.08118	0.03330	0.00357
12	0.00839	0.00805	0.03960	0.16929	0.18818	0.03244	0.06989	0.03535	0.08678	0.02337	0.09327	0.01627	0.09198	0.00534	0.00453	0.00128	0.04594	0.03078	0.04435	0.00492
13	0.00896	0.02838	0.01111	0.03795	0.01120	0.06216	0.13757	0.09507	0.02824	0.04767	0.01223	0.19515	0.02894	0.02449	0.02493	0.03591	0.15724	0.04561	0.00277	0.00444
14	0.00877	0.00871	0.01485	0.09689	0.33363	0.04203	0.21027	0.01114	0.00898	0.01227	0.05887	0.01456	0.03035	0.00512	0.02089	0.00138	0.02756	0.06471	0.02388	0.00515
15	0.00530	0.00366	0.00455	0.00500	0.00521	0.00358	0.00323	0.00581	0.00678	0.00914	0.01724	0.41412	0.03333	0.36046	0.06007	0.00275	0.00339	0.02803	0.02546	0.00290
16	0.16768	0.01032	0.02316	0.21841	0.23126	0.15002	0.00906	0.10057	0.00958	0.01365	0.00687	0.00877	0.00543	0.00393	0.00380	0.00120	0.02588	0.00308	0.00220	0.00512
17	0.00569	0.00434	0.00520	0.00503	0.00607	0.00412	0.00376	0.00792	0.07545	0.01372	0.47248	0.05888	0.21698	0.06113	0.00557	0.00146	0.00219	0.04234	0.00396	0.00371
18	0.01106	0.37704	0.04274	0.00937	0.11938	0.05047	0.00731	0.06414	0.03739	0.09322	0.00763	0.00832	0.00611	0.00364	0.00313	0.00094	0.00412	0.00272	0.00236	0.14894
19	0.06102	0.03369	0.05517	0.09567	0.08850	0.00738	0.07546	0.05605	0.00919	0.12512	0.01000	0.04101	0.02873	0.00430	0.00363	0.00106	0.00392	0.02724	0.00270	0.27016
20	0.00939	0.14439	0.14348	0.08332	0.26615	0.03945	0.11202	0.03149	0.02991	0.01214	0.00774	0.01012	0.00634	0.00393	0.00400	0.00118	0.03086	0.02245	0.03621	0.00543

[dist]
# distance from previous block
# <min> <max>
12	56

[block]
# block no. 4 follows, 69 sequences, length 23
# corresponding to MSA columns:
# 1191-1213
name=unknown_E
#
# <colnr> <probs for GDERKNQSTAVLIFYWHMCP>
#	G	D	E	R	K	N	Q	S	T	A	V	L	I	F	Y	W	H	M	C	P
0	0.00623	0.00413	0.00515	0.00496	0.00605	0.00370	0.00369	0.00766	0.01001	0.08384	0.44354	0.16267	0.22585	0.00889	0.00463	0.00131	0.00208	0.00776	0.00409	0.00378
1	0.00967	0.03868	0.04338	0.13719	0.06733	0.00895	0.07128	0.18677	0.12127	0.03485	0.01886	0.01305	0.01793	0.02908	0.10667	0.03751	0.02280	0.02683	0.00278	0.00513
2	0.00559	0.00399	0.00514	0.00485	0.00579	0.00369	0.00364	0.00741	0.01092	0.01552	0.77901	0.02898	0.06101	0.00794	0.00455	0.00122	0.00185	0.00699	0.03821	0.00369
3	0.00830	0.00710	0.00796	0.02884	0.00945	0.00790	0.02090	0.01610	0.54892	0.01493	0.11192	0.01958	0.13164	0.01971	0.02773	0.00149	0.00314	0.00527	0.00380	0.00531
4	0.04663	0.00518	0.00640	0.00624	0.00773	0.00489	0.00499	0.03344	0.03566	0.05780	0.04873	0.23113	0.01806	0.00836	0.00440	0.00138	0.00296	0.26987	0.04779	0.15836
5	0.00494	0.00401	0.00453	0.00472	0.00561	0.00367	0.00343	0.00583	0.00835	0.01041	0.05465	0.25255	0.51033	0.05270	0.00582	0.00154	0.03509	0.02500	0.00352	0.00329
6	0.00973	0.42164	0.12164	0.00731	0.01087	0.01140	0.00723	0.06443	0.06246	0.01200	0.00733	0.00865	0.00619	0.00369	0.00302	0.00091	0.00402	0.02214	0.00217	0.21319
7	0.01759	0.00667	0.00910	0.00698	0.01001	0.00576	0.00576	0.01911	0.01122	0.84048	0.01547	0.01334	0.00970	0.00485	0.00394	0.00121	0.00334	0.00394	0.00485	0.00667
8	0.01464	0.01868	0.01111	0.01010	0.01212	0.84648	0.00757	0.01565	0.01111	0.00959	0.00606	0.00707	0.00505	0.00404	0.00353	0.00101	0.00707	0.00252	0.00202	0.00454
9	0.00858	0.00858	0.01201	0.01029	0.01029	0.01201	0.00858	0.00943	0.00600	0.00943	0.00515	0.00858	0.00515	0.00686	0.01287	0.00172	0.85505	0.00343	0.00172	0.00429
10	0.00731	0.00365	0.00365	0.00365	0.00457	0.00365	0.00274	0.00913	0.00822	0.01462	0.01279	0.01462	0.01005	0.00457	0.00274	0.00091	0.00183	0.00365	0.88399	0.00365
11	0.00813	0.00697	0.00813	0.00581	0.00929	0.00523	0.00465	0.00987	0.00813	0.01277	0.00697	0.00813	0.00581	0.00290	0.00290	0.00058	0.00290	0.00232	0.00232	0.88619
12	0.88991	0.00758	0.00576	0.00516	0.00758	0.00879	0.00425	0.01152	0.00667	0.01759	0.00546	0.00637	0.00425	0.00364	0.00243	0.00121	0.00303	0.00212	0.00243	0.00425
13	0.01552	0.01000	0.01116	0.00855	0.01167	0.01070	0.00707	0.64076	0.01679	0.21097	0.01079	0.01031	0.00736	0.00474	0.00393	0.00118	0.00409	0.00362	0.00413	0.00667
14	0.02516	0.00739	0.00862	0.00717	0.00926	0.02098	0.03478	0.29674	0.03708	0.12177	0.12070	0.08172	0.04095	0.03184	0.00454	0.00131	0.00339	0.04089	0.10054	0.00517
15	0.00492	0.00372	0.00457	0.00508	0.00576	0.00337	0.00364	0.00590	0.00841	0.01087	0.10593	0.46608	0.27553	0.01104	0.00488	0.00149	0.00224	0.06954	0.00370	0.00330
16	0.00568	0.00383	0.00444	0.00450	0.00457	0.00385	0.00266	0.00583	0.00590	0.00789	0.01290	0.05798	0.01478	0.76602	0.05427	0.00376	0.00402	0.03215	0.00245	0.00250
17	0.00485	0.00350	0.00453	0.00527	0.00560	0.00325	0.00354	0.00559	0.00771	0.01023	0.06590	0.71910	0.08039	0.05361	0.00569	0.00166	0.00231	0.01047	0.00361	0.00318
18	0.00567	0.00379	0.00428	0.00431	0.00432	0.00378	0.00242	0.00569	0.00576	0.00768	0.01266	0.05293	0.01463	0.83442	0.01946	0.00373	0.00375	0.00588	0.00242	0.00240
19	0.00817	0.01755	0.63288	0.03703	0.01728	0.00932	0.13319	0.01272	0.05015	0.01249	0.00757	0.00901	0.00548	0.00383	0.00411	0.00127	0.02721	0.00326	0.00183	0.00566
20	0.17730	0.03241	0.16498	0.01376	0.29781	0.00924	0.04287	0.09749	0.03205	0.02510	0.00887	0.01044	0.03806	0.02858	0.00407	0.00127	0.00440	0.00342	0.00236	0.00552
21	0.00717	0.02846	0.04175	0.04929	0.06702	0.00624	0.03928	0.02598	0.09232	0.01185	0.10073	0.09180	0.10889	0.09450	0.04164	0.04820	0.02598	0.03173	0.00288	0.08429
22	0.09302	0.09500	0.01154	0.03024	0.04415	0.04978	0.14042	0.05609	0.05773	0.04740	0.06470	0.07730	0.07533	0.03068	0.00480	0.00135	0.03908	0.05124	0.02549	0.00466

[dist]
# distance from previous block
# <min> <max>
1	22

[block]
# block no. 5 follows, 69 sequences, length 23
# corresponding to MSA columns:
# 1236-1258
name=unknown_F
#
# <colnr> <probs for GDERKNQSTAVLIFYWHMCP>
#	G	D	E	R	K	N	Q	S	T	A	V	L	I	F	Y	W	H	M	C	P
0	0.01635	0.00648	0.03801	0.07410	0.03765	0.03053	0.00565	0.05533	0.09125	0.02226	0.21292	0.09062	0.17331	0.00798	0.02869	0.00143	0.00327	0.05474	0.00341	0.04602
1	0.00853	0.00811	0.01363	0.11257	0.14289	0.02735	0.24051	0.05849	0.02902	0.01169	0.00924	0.03004	0.00840	0.15282	0.06211	0.01243	0.04628	0.01901	0.00223	0.00463
2	0.00806	0.00764	0.01317	0.50326	0.02155	0.00882	0.16557	0.03755	0.04557	0.01100	0.00786	0.01148	0.00630	0.05512	0.00585	0.02997	0.05087	0.00387	0.00200	0.00449
3	0.00531	0.00423	0.00492	0.00478	0.00596	0.00398	0.00364	0.03052	0.00907	0.01165	0.17986	0.03068	0.49170	0.01348	0.18004	0.00234	0.00380	0.00707	0.00345	0.00352
4	0.00477	0.00344	0.00452	0.00539	0.00567	0.00319	0.00361	0.00547	0.00757	0.01004	0.02248	0.81999	0.06504	0.01217	0.00499	0.00158	0.00226	0.01101	0.00364	0.00319
5	0.00858	0.00858	0.01201	0.01029	0.01029	0.01201	0.00858	0.00943	0.00600	0.00943	0.00515	0.00858	0.00515	0.00686	0.01287	0.00172	0.85505	0.00343	0.00172	0.00429
6	0.00815	0.00529	0.00544	0.00514	0.00650	0.00575	0.00393	0.01315	0.29059	0.01523	0.01388	0.01462	0.01071	0.00483	0.00317	0.00106	0.00226	0.00392	0.58186	0.00453
7	0.88991	0.00758	0.00576	0.00516	0.00758	0.00879	0.00425	0.01152	0.00667	0.01759	0.00546	0.00637	0.00425	0.00364	0.00243	0.00121	0.00303	0.00212	0.00243	0.00425
8	0.01048	0.86458	0.02054	0.00671	0.01006	0.01551	0.00671	0.01174	0.00797	0.00922	0.00545	0.00629	0.00503	0.00335	0.00252	0.00084	0.00419	0.00210	0.00168	0.00503
9	0.00570	0.00380	0.00428	0.00428	0.00428	0.00380	0.00238	0.00570	0.00570	0.00760	0.01235	0.02566	0.01425	0.86222	0.01995	0.00380	0.00380	0.00570	0.00238	0.00238
10	0.00740	0.00697	0.01176	0.85280	0.02700	0.00871	0.01089	0.01002	0.00784	0.01002	0.00697	0.01045	0.00523	0.00392	0.00392	0.00131	0.00523	0.00348	0.00174	0.00436
11	0.01493	0.00675	0.00871	0.00687	0.00950	0.00629	0.00561	0.12861	0.01193	0.56671	0.11811	0.01493	0.01275	0.00613	0.03521	0.00139	0.00350	0.00428	0.03169	0.00608
12	0.01200	0.03043	0.00901	0.00757	0.00961	0.27453	0.00592	0.21551	0.09036	0.02859	0.00999	0.01071	0.00768	0.00448	0.00342	0.00105	0.00431	0.00331	0.26651	0.00501
13	0.00986	0.05092	0.05130	0.07767	0.07454	0.12422	0.01613	0.04593	0.00917	0.05181	0.00777	0.00967	0.00637	0.00408	0.01708	0.00098	0.00428	0.02553	0.00236	0.41032
14	0.01230	0.05904	0.14501	0.06438	0.10796	0.00853	0.04649	0.10015	0.03193	0.29717	0.04273	0.01185	0.00862	0.00455	0.00418	0.00122	0.03149	0.01325	0.00323	0.00593
15	0.00715	0.00656	0.00945	0.00858	0.00923	0.00799	0.05575	0.00838	0.00746	0.01038	0.01529	0.11719	0.11670	0.00860	0.00865	0.00165	0.39542	0.19899	0.00265	0.00394
16	0.00584	0.00482	0.03611	0.00539	0.01800	0.00404	0.00413	0.02013	0.02262	0.04015	0.30539	0.19773	0.30284	0.00910	0.00462	0.00134	0.00228	0.00790	0.00382	0.00376
17	0.00968	0.07959	0.17051	0.05413	0.03597	0.07292	0.08552	0.07252	0.13195	0.06789	0.05931	0.10761	0.01113	0.00540	0.00401	0.00126	0.00444	0.01805	0.00286	0.00525
18	0.00896	0.01123	0.15220	0.01155	0.08283	0.06247	0.00975	0.01085	0.02927	0.01043	0.00601	0.00869	0.00539	0.00583	0.00974	0.00153	0.56338	0.00332	0.00180	0.00478
19	0.00746	0.00597	0.00698	0.00555	0.00810	0.00478	0.00431	0.03192	0.00871	0.03563	0.06007	0.12927	0.13716	0.00563	0.00360	0.00090	0.00267	0.00477	0.00293	0.53356
20	0.00916	0.00750	0.04900	0.02443	0.03801	0.07053	0.07415	0.06060	0.00942	0.14484	0.02986	0.33506	0.05362	0.00788	0.00471	0.00139	0.03090	0.03070	0.01369	0.00456
21	0.00665	0.03330	0.03504	0.05123	0.12731	0.00570	0.03302	0.05058	0.00886	0.01182	0.07384	0.38943	0.11999	0.00873	0.00454	0.00140	0.00316	0.02810	0.00318	0.00413
22	0.00804	0.00652	0.01015	0.15801	0.18944	0.00695	0.04410	0.02911	0.02962	0.05463	0.01251	0.11024	0.04990	0.07658	0.05432	0.04860	0.04392	0.06035	0.00257	0.00444

[dist]
# distance from previous block
# <min> <max>
1	34

[block]
# block no. 6 follows, 69 sequences, length 35
# corresponding to MSA columns:
# 1294-1328
name=unknown_G
#
# <colnr> <probs for GDERKNQSTAVLIFYWHMCP>
#	G	D	E	R	K	N	Q	S	T	A	V	L	I	F	Y	W	H	M	C	P
0	0.02398	0.00949	0.03618	0.04216	0.25572	0.05589	0.24894	0.07484	0.02427	0.02545	0.01129	0.10877	0.05495	0.00501	0.00423	0.00127	0.00489	0.00490	0.00248	0.00527
1	0.00880	0.00761	0.01109	0.15883	0.27209	0.00808	0.00839	0.06210	0.09837	0.02633	0.08247	0.02411	0.03227	0.00543	0.02868	0.00134	0.04338	0.00406	0.03073	0.08581
2	0.00475	0.00382	0.00414	0.00436	0.00531	0.00332	0.00309	0.00559	0.00833	0.01021	0.03311	0.23867	0.57228	0.07778	0.00593	0.00159	0.00220	0.00878	0.00354	0.00321
3	0.01080	0.77857	0.01964	0.00701	0.01024	0.04565	0.00681	0.04843	0.00851	0.00994	0.00564	0.00650	0.00511	0.00351	0.00282	0.00088	0.02088	0.00220	0.00179	0.00507
4	0.00812	0.00837	0.13223	0.01023	0.15395	0.00669	0.04593	0.02186	0.06330	0.07733	0.18430	0.06478	0.11716	0.03761	0.00513	0.00137	0.03623	0.00539	0.01517	0.00485
5	0.00627	0.00392	0.00453	0.00439	0.00540	0.00365	0.00329	0.00791	0.00959	0.03401	0.36169	0.05566	0.16319	0.00721	0.00396	0.00115	0.00192	0.00616	0.31242	0.00367
6	0.00560	0.00420	0.00630	0.00630	0.00700	0.00490	0.00490	0.00700	0.00630	0.00910	0.01050	0.01540	0.00980	0.02940	0.84669	0.00630	0.01050	0.00420	0.00210	0.00350
7	0.00478	0.00341	0.00455	0.00546	0.00569	0.00318	0.00364	0.00546	0.00751	0.01001	0.02161	0.85966	0.02593	0.01228	0.00500	0.00159	0.00227	0.01114	0.00364	0.00318
8	0.01048	0.86458	0.02054	0.00671	0.01006	0.01551	0.00671	0.01174	0.00797	0.00922	0.00545	0.00629	0.00503	0.00335	0.00252	0.00084	0.00419	0.00210	0.00168	0.00503
9	0.00975	0.00842	0.00886	0.00798	0.01019	0.00975	0.00621	0.02083	0.83069	0.01640	0.01596	0.01463	0.01197	0.00532	0.00399	0.00133	0.00310	0.00443	0.00399	0.00621
10	0.00975	0.00842	0.00886	0.00798	0.01019	0.00975	0.00621	0.02083	0.83069	0.01640	0.01596	0.01463	0.01197	0.00532	0.00399	0.00133	0.00310	0.00443	0.00399	0.00621
11	0.00560	0.00420	0.00630	0.00630	0.00700	0.00490	0.00490	0.00700	0.00630	0.00910	0.01050	0.01540	0.00980	0.02940	0.84669	0.00630	0.01050	0.00420	0.00210	0.00350
12	0.00517	0.00368	0.00489	0.00573	0.00613	0.00350	0.00413	0.00609	0.00781	0.01037	0.02141	0.62275	0.04460	0.04298	0.00560	0.00170	0.00260	0.18123	0.01639	0.00326
13	0.01314	0.12543	0.01210	0.00943	0.03810	0.43390	0.00726	0.16278	0.05547	0.03053	0.00875	0.00940	0.03864	0.00486	0.01852	0.00116	0.01978	0.00309	0.00255	0.00511
14	0.00825	0.00717	0.00897	0.00649	0.00993	0.00558	0.05028	0.02279	0.00838	0.01292	0.00741	0.00921	0.00626	0.00316	0.00308	0.00066	0.00315	0.02327	0.00236	0.80067
15	0.08203	0.00960	0.04952	0.19415	0.29968	0.09700	0.01832	0.05425	0.02183	0.02702	0.00832	0.03209	0.00715	0.04326	0.01854	0.00142	0.00488	0.02358	0.00223	0.00512
16	0.00637	0.00534	0.00686	0.00666	0.00731	0.05221	0.00513	0.00757	0.00649	0.00902	0.00997	0.01532	0.00956	0.10453	0.65075	0.00538	0.08174	0.00418	0.00209	0.00352
17	0.01252	0.01088	0.03059	0.00905	0.04774	0.21265	0.00697	0.17949	0.10479	0.13234	0.01045	0.04161	0.00815	0.00502	0.00456	0.00120	0.08165	0.00371	0.09122	0.00541
18	0.00577	0.00394	0.00453	0.00451	0.00451	0.00405	0.00261	0.00582	0.00576	0.00773	0.01239	0.04924	0.01430	0.80989	0.01929	0.00367	0.03136	0.00579	0.00239	0.00246
19	0.00813	0.00697	0.00813	0.00581	0.00929	0.00523	0.00465	0.00987	0.00813	0.01277	0.00697	0.00813	0.00581	0.00290	0.00290	0.00058	0.00290	0.00232	0.00232	0.88619
20	0.01106	0.00820	0.00965	0.00896	0.10361	0.03921	0.00631	0.20405	0.05550	0.12003	0.01077	0.09516	0.00905	0.01419	0.00386	0.00107	0.00358	0.00402	0.02232	0.26941
21	0.00905	0.01025	0.02230	0.01603	0.01982	0.00961	0.78662	0.01224	0.00917	0.01244	0.00855	0.04879	0.00685	0.00371	0.00464	0.00133	0.00641	0.00492	0.00206	0.00519
22	0.02405	0.10924	0.29873	0.02567	0.08379	0.05457	0.07843	0.05764	0.02034	0.05530	0.00749	0.00871	0.00571	0.00379	0.00390	0.00111	0.03569	0.00304	0.00215	0.12066
23	0.00965	0.18036	0.09222	0.00958	0.04886	0.03048	0.11880	0.14868	0.09289	0.02302	0.02037	0.18597	0.01092	0.00575	0.00395	0.00123	0.00424	0.00502	0.00282	0.00519
24	0.00550	0.00401	0.00517	0.00488	0.00583	0.00368	0.00366	0.00730	0.01098	0.01544	0.79143	0.02975	0.08144	0.00812	0.00462	0.00124	0.00186	0.00716	0.00428	0.00368
25	0.00541	0.00386	0.00425	0.00427	0.00531	0.00346	0.00316	0.00675	0.00914	0.01254	0.21454	0.11226	0.40124	0.00861	0.00427	0.00124	0.00195	0.00733	0.18694	0.00346
26	0.01988	0.13886	0.24849	0.04231	0.09013	0.12269	0.11816	0.07075	0.05535	0.04575	0.00780	0.00895	0.00593	0.00384	0.00369	0.00116	0.00533	0.00320	0.00221	0.00554
27	0.03232	0.00682	0.00870	0.00774	0.05531	0.00661	0.00581	0.04950	0.16088	0.43392	0.15262	0.01634	0.03472	0.00548	0.00404	0.00124	0.00312	0.00458	0.00432	0.00593
28	0.00841	0.00526	0.00568	0.00528	0.00669	0.00554	0.00405	0.02276	0.23358	0.06519	0.08767	0.04073	0.03099	0.00544	0.00344	0.00111	0.00232	0.00450	0.45682	0.00455
29	0.04935	0.00736	0.02032	0.02187	0.01022	0.00690	0.00596	0.12994	0.05732	0.55131	0.01529	0.01416	0.05321	0.00511	0.00391	0.00122	0.00341	0.01332	0.02360	0.00622
30	0.01061	0.28085	0.21500	0.02031	0.03991	0.06803	0.12014	0.09334	0.05605	0.04912	0.00771	0.00865	0.00594	0.00380	0.00351	0.00111	0.00504	0.00308	0.00224	0.00555
31	0.00576	0.00400	0.00524	0.00585	0.02216	0.00390	0.00408	0.00663	0.00756	0.02809	0.05067	0.34082	0.05075	0.23477	0.05574	0.00243	0.00343	0.16167	0.00324	0.00323
32	0.00941	0.00481	0.00575	0.00508	0.00653	0.00455	0.00387	0.02234	0.04182	0.22212	0.18155	0.01977	0.06322	0.10290	0.00555	0.00142	0.00253	0.00495	0.28743	0.00440
33	0.04935	0.00713	0.04197	0.09200	0.11982	0.00700	0.02111	0.07760	0.03631	0.11386	0.13734	0.05359	0.08643	0.04029	0.03520	0.00156	0.04172	0.01456	0.01832	0.00483
34	0.04071	0.18258	0.06155	0.10999	0.11246	0.03077	0.02342	0.16754	0.01879	0.07115	0.01029	0.07003	0.03818	0.00492	0.00383	0.00118	0.01749	0.01726	0.01254	0.00530

[dist]
# distance from previous block
# <min> <max>
2	219

[block]
# block no. 7 follows, 69 sequences, length 18
# corresponding to MSA columns:
# 1606-1623
name=unknown_H
#
# <colnr> <probs for GDERKNQSTAVLIFYWHMCP>
#	G	D	E	R	K	N	Q	S	T	A	V	L	I	F	Y	W	H	M	C	P
0	0.30494	0.01858	0.09188	0.04096	0.13361	0.04465	0.05224	0.06946	0.00834	0.01416	0.00799	0.01052	0.02492	0.07681	0.04475	0.00167	0.03543	0.00329	0.00229	0.01350
1	0.00990	0.02101	0.01277	0.33574	0.19804	0.04734	0.02677	0.16768	0.02572	0.01371	0.00755	0.00974	0.00588	0.00410	0.00433	0.00122	0.05172	0.00341	0.00229	0.05109
2	0.00772	0.00603	0.00716	0.00735	0.06584	0.02005	0.00503	0.16404	0.03756	0.01356	0.06229	0.29878	0.11001	0.07728	0.04549	0.00176	0.00342	0.00697	0.01698	0.04269
3	0.00665	0.00484	0.00588	0.00606	0.00690	0.00485	0.00437	0.15316	0.00966	0.01286	0.04003	0.62856	0.05924	0.01067	0.00479	0.00150	0.00265	0.02976	0.00371	0.00384
4	0.00525	0.00385	0.00472	0.00477	0.00547	0.00357	0.00335	0.00637	0.00893	0.01206	0.36079	0.19521	0.18424	0.15561	0.02667	0.00188	0.00249	0.00782	0.00367	0.00329
5	0.00510	0.00369	0.00482	0.00521	0.00578	0.00342	0.00368	0.00627	0.00900	0.01229	0.33888	0.47877	0.07133	0.01047	0.00485	0.00144	0.00212	0.02555	0.00390	0.00340
6	0.00580	0.00384	0.00469	0.00455	0.00540	0.00354	0.00334	0.00680	0.00909	0.01271	0.37715	0.02617	0.22281	0.00901	0.00629	0.16058	0.00216	0.00623	0.12661	0.00324
7	0.79471	0.00792	0.00610	0.00547	0.00781	0.03909	0.00444	0.03707	0.00724	0.01722	0.00626	0.04102	0.00523	0.00404	0.00262	0.00122	0.00319	0.00255	0.00251	0.00429
8	0.01031	0.00858	0.00921	0.00776	0.01036	0.00934	0.00613	0.15241	0.54756	0.01713	0.01325	0.01259	0.00998	0.00478	0.00378	0.00117	0.00327	0.00390	0.00368	0.16480
9	0.00543	0.00416	0.00588	0.00588	0.00669	0.00461	0.00455	0.00675	0.00678	0.00937	0.01576	0.01942	0.15867	0.02589	0.69500	0.00540	0.00897	0.00493	0.00238	0.00347
10	0.01141	0.00850	0.00935	0.00761	0.00994	0.00921	0.00611	0.49551	0.08297	0.02071	0.21323	0.05053	0.04542	0.00606	0.00417	0.00123	0.00344	0.00496	0.00400	0.00564
11	0.00651	0.00524	0.00542	0.00491	0.00655	0.00492	0.00381	0.15323	0.01072	0.01330	0.06014	0.03235	0.66076	0.00893	0.00450	0.00129	0.00240	0.00738	0.00371	0.00393
12	0.73102	0.00987	0.15639	0.00624	0.00927	0.00885	0.00609	0.01168	0.00696	0.01666	0.00574	0.00671	0.00438	0.00365	0.00266	0.00122	0.00353	0.00226	0.00229	0.00452
13	0.00970	0.00931	0.01591	0.02406	0.83777	0.00931	0.01203	0.01203	0.00893	0.01281	0.00737	0.00970	0.00621	0.00349	0.00388	0.00116	0.00466	0.00349	0.00194	0.00621
14	0.00778	0.01788	0.69236	0.16279	0.01878	0.00903	0.01384	0.01198	0.00820	0.01198	0.00702	0.00867	0.00501	0.00376	0.00376	0.00125	0.00569	0.00300	0.00167	0.00553
15	0.00870	0.00844	0.01360	0.42332	0.38707	0.03513	0.01120	0.01107	0.00835	0.01122	0.00705	0.00994	0.00566	0.00385	0.00425	0.00125	0.03942	0.00346	0.00184	0.00518
16	0.00660	0.00505	0.00567	0.00551	0.00675	0.00490	0.00412	0.15323	0.01021	0.01311	0.05248	0.32540	0.35457	0.00979	0.00465	0.00140	0.00254	0.02642	0.00371	0.00389
17	0.01096	0.00806	0.15717	0.00659	0.00921	0.00567	0.00622	0.03579	0.00984	0.30710	0.12558	0.01534	0.01275	0.05083	0.00456	0.00128	0.00328	0.00417	0.20051	0.02510

[dist]
# distance from previous block
# <min> <max>
17	55

[block]
# block no. 8 follows, 69 sequences, length 10
# corresponding to MSA columns:
# 1838-1847
name=unknown_I
#
# <colnr> <probs for GDERKNQSTAVLIFYWHMCP>
#	G	D	E	R	K	N	Q	S	T	A	V	L	I	F	Y	W	H	M	C	P
0	0.00914	0.11056	0.55411	0.02926	0.04373	0.00985	0.03856	0.06834	0.00903	0.04927	0.00750	0.00885	0.00555	0.01943	0.00411	0.00125	0.02073	0.00305	0.00199	0.00569
1	0.06557	0.00707	0.00860	0.00680	0.00948	0.00683	0.00556	0.15011	0.04223	0.50766	0.04014	0.01300	0.00989	0.00485	0.00374	0.00118	0.00325	0.00386	0.10411	0.00608
2	0.02817	0.00951	0.04655	0.03271	0.01535	0.04206	0.42499	0.09238	0.02116	0.02503	0.06662	0.01448	0.04061	0.00515	0.02310	0.00139	0.00531	0.04254	0.05791	0.00500
3	0.00536	0.00400	0.00498	0.00473	0.00574	0.00362	0.00355	0.00703	0.01065	0.01465	0.66937	0.03105	0.20399	0.00841	0.00463	0.00125	0.00188	0.00734	0.00417	0.00362
4	0.00858	0.00858	0.01201	0.01029	0.01029	0.01201	0.00858	0.00943	0.00600	0.00943	0.00515	0.00858	0.00515	0.00686	0.01287	0.00172	0.85505	0.00343	0.00172	0.00429
5	0.00539	0.00390	0.00521	0.00596	0.00657	0.00372	0.00458	0.00661	0.00845	0.01114	0.08754	0.43504	0.08302	0.01124	0.00510	0.00162	0.00271	0.30511	0.00368	0.00339
6	0.03452	0.00624	0.00984	0.00803	0.00982	0.00620	0.19099	0.01034	0.10919	0.01465	0.42828	0.04265	0.04589	0.00648	0.00463	0.00128	0.02523	0.00597	0.03541	0.00437
7	0.05559	0.00815	0.00840	0.00685	0.00945	0.08785	0.00549	0.08791	0.06007	0.06020	0.01059	0.01351	0.03995	0.00501	0.00419	0.03301	0.02709	0.08074	0.00283	0.39310
8	0.00513	0.00370	0.00485	0.00560	0.00605	0.00349	0.00403	0.00605	0.00795	0.01048	0.05374	0.57501	0.08622	0.05160	0.00574	0.00170	0.00256	0.15926	0.00360	0.00325
9	0.16437	0.00857	0.03132	0.10115	0.07698	0.11255	0.00690	0.06768	0.02879	0.02625	0.01040	0.01763	0.00994	0.12593	0.00653	0.00169	0.04197	0.15436	0.00261	0.00437

[dist]
# distance from previous block
# <min> <max>
0	5

[block]
# block no. 9 follows, 69 sequences, length 9
# corresponding to MSA columns:
# 1853-1861
name=unknown_J
#
# <colnr> <probs for GDERKNQSTAVLIFYWHMCP>
#	G	D	E	R	K	N	Q	S	T	A	V	L	I	F	Y	W	H	M	C	P
0	0.05510	0.25110	0.38841	0.00963	0.03423	0.04357	0.03450	0.01332	0.08795	0.03662	0.00763	0.00845	0.00583	0.00380	0.00338	0.00113	0.00492	0.00287	0.00205	0.00551
1	0.09079	0.03117	0.10205	0.05303	0.06262	0.02327	0.00761	0.13577	0.31499	0.07629	0.01155	0.01235	0.00881	0.03294	0.00430	0.00134	0.00392	0.01820	0.00325	0.00576
2	0.00489	0.00362	0.00459	0.00526	0.00577	0.00332	0.00369	0.00576	0.00806	0.01053	0.06815	0.61288	0.17627	0.01153	0.00494	0.00154	0.00228	0.06001	0.00367	0.00326
3	0.02476	0.10515	0.11285	0.11113	0.11021	0.03730	0.11414	0.19437	0.01083	0.06068	0.00846	0.04121	0.00672	0.00428	0.00398	0.00119	0.02096	0.00365	0.00255	0.02558
4	0.01079	0.21405	0.18594	0.03705	0.05364	0.11114	0.05197	0.07143	0.07009	0.08127	0.00895	0.00970	0.02554	0.00450	0.01837	0.00119	0.00493	0.00318	0.00241	0.03386
5	0.00560	0.00419	0.00622	0.00619	0.00691	0.00481	0.00481	0.00703	0.00667	0.00961	0.07440	0.01648	0.01191	0.02775	0.78148	0.00591	0.00983	0.00442	0.00227	0.00352
6	0.00542	0.00399	0.00515	0.00555	0.00596	0.00400	0.00389	0.00650	0.02628	0.01067	0.13717	0.45587	0.04332	0.14673	0.03476	0.00205	0.03679	0.05922	0.00342	0.00328
7	0.01153	0.07658	0.13181	0.05859	0.15164	0.12496	0.03079	0.07331	0.06300	0.15665	0.01027	0.02252	0.03389	0.00449	0.00409	0.00119	0.03274	0.00360	0.00273	0.00562
8	0.04421	0.05311	0.10778	0.12044	0.08104	0.03591	0.06835	0.11490	0.08716	0.07782	0.02609	0.03068	0.00768	0.00509	0.02045	0.00135	0.08294	0.00371	0.00264	0.02864

[dist]
# distance from previous block
# <min> <max>
0	8

[block]
# block no. 10 follows, 69 sequences, length 22
# corresponding to MSA columns:
# 1870-1891
name=unknown_K
#
# <colnr> <probs for GDERKNQSTAVLIFYWHMCP>
#	G	D	E	R	K	N	Q	S	T	A	V	L	I	F	Y	W	H	M	C	P
0	0.05796	0.01944	0.05134	0.10085	0.25572	0.08073	0.00869	0.13639	0.00985	0.02274	0.03357	0.01112	0.00756	0.05622	0.06653	0.00171	0.04723	0.00356	0.00238	0.02639
1	0.09512	0.05986	0.06992	0.02951	0.06183	0.06120	0.03754	0.08398	0.00898	0.04063	0.00803	0.03300	0.00687	0.00527	0.01704	0.07296	0.02413	0.02613	0.00241	0.25560
2	0.04474	0.04692	0.02141	0.05124	0.03038	0.02227	0.00686	0.10918	0.06358	0.01252	0.02455	0.04767	0.11730	0.03281	0.04634	0.00172	0.28082	0.03253	0.00264	0.00452
3	0.00638	0.00523	0.04102	0.00519	0.00579	0.03642	0.00364	0.00695	0.00646	0.03102	0.01329	0.02287	0.06155	0.57933	0.15535	0.00378	0.00501	0.00531	0.00243	0.00297
4	0.04237	0.12606	0.20057	0.00861	0.01194	0.07974	0.00831	0.22650	0.13285	0.04080	0.07617	0.01094	0.00918	0.00457	0.00367	0.00116	0.00441	0.00350	0.00297	0.00568
5	0.00890	0.14571	0.07266	0.36442	0.16697	0.02548	0.03937	0.03927	0.00841	0.01111	0.00675	0.00925	0.00542	0.00399	0.00445	0.00123	0.07652	0.00324	0.00185	0.00501
6	0.00640	0.00427	0.00493	0.00474	0.00599	0.00387	0.00362	0.00807	0.03297	0.07566	0.24923	0.06583	0.36699	0.00840	0.00439	0.00127	0.00214	0.04012	0.10730	0.00380
7	0.00517	0.00397	0.00473	0.00458	0.00564	0.00353	0.00342	0.00666	0.01015	0.01357	0.50413	0.06068	0.34179	0.00889	0.00464	0.00128	0.00192	0.00768	0.00403	0.00353
8	0.74957	0.00734	0.00616	0.00538	0.00783	0.00824	0.00442	0.01233	0.00740	0.12093	0.03556	0.00804	0.00607	0.00394	0.00269	0.00121	0.00303	0.00252	0.00280	0.00453
9	0.00535	0.00378	0.00439	0.00455	0.00486	0.00365	0.00285	0.00576	0.00677	0.00888	0.04970	0.18136	0.14525	0.50749	0.04619	0.00301	0.00342	0.00710	0.00287	0.00276
10	0.00804	0.00731	0.01024	0.49163	0.08110	0.05796	0.00873	0.04227	0.00896	0.03085	0.05628	0.01535	0.12945	0.00507	0.00400	0.00126	0.00446	0.00434	0.02826	0.00444
11	0.03057	0.00685	0.00802	0.00583	0.00916	0.00529	0.00467	0.01037	0.00839	0.06275	0.03949	0.00922	0.00721	0.00324	0.00302	0.00066	0.00289	0.00260	0.00255	0.77724
12	0.01085	0.00897	0.00949	0.00820	0.01061	0.01027	0.00647	0.19306	0.65665	0.01818	0.01455	0.01351	0.01083	0.00519	0.00397	0.00130	0.00336	0.00424	0.00397	0.00630
13	0.88991	0.00758	0.00576	0.00516	0.00758	0.00879	0.00425	0.01152	0.00667	0.01759	0.00546	0.00637	0.00425	0.00364	0.00243	0.00121	0.00303	0.00212	0.00243	0.00425
14	0.00685	0.00362	0.00551	0.05604	0.00642	0.00372	0.00385	0.00540	0.00527	0.00700	0.00682	0.01183	0.00671	0.01304	0.01464	0.83278	0.00351	0.00341	0.00170	0.00186
15	0.01214	0.01073	0.00984	0.00847	0.01086	0.16633	0.00664	0.20292	0.43623	0.05406	0.01252	0.01197	0.00932	0.00490	0.00386	0.00122	0.00410	0.00383	0.02410	0.00596
16	0.00633	0.00459	0.00594	0.00576	0.00629	0.00507	0.00415	0.05570	0.00688	0.00952	0.01150	0.02046	0.01192	0.38333	0.37969	0.00459	0.03316	0.03950	0.00238	0.00324
17	0.04396	0.00900	0.02905	0.24291	0.12290	0.07184	0.05671	0.11828	0.05371	0.08914	0.07674	0.01236	0.00921	0.00462	0.00420	0.00125	0.02776	0.01838	0.00276	0.00523
18	0.07070	0.01043	0.02657	0.00810	0.03465	0.22615	0.04905	0.03702	0.00909	0.03894	0.00753	0.00972	0.00643	0.08172	0.00479	0.00114	0.00445	0.00293	0.00234	0.36826
19	0.09799	0.03931	0.03761	0.14327	0.06121	0.04273	0.04114	0.07900	0.03444	0.05899	0.01667	0.09329	0.00824	0.00459	0.00359	0.00109	0.00394	0.00384	0.00262	0.22643
20	0.11008	0.00817	0.04098	0.00857	0.07598	0.06463	0.02163	0.11465	0.06721	0.12009	0.01808	0.05920	0.03328	0.00907	0.11478	0.07602	0.00475	0.01877	0.00297	0.03109
21	0.16087	0.05629	0.01021	0.05795	0.08035	0.04897	0.00669	0.19184	0.09121	0.12625	0.00973	0.04364	0.00761	0.00500	0.00419	0.03924	0.01514	0.00355	0.00309	0.03816

[dist]
# distance from previous block
# <min> <max>
13	51

[block]
# block no. 11 follows, 69 sequences, length 8
# corresponding to MSA columns:
# 1948-1955
name=unknown_L
#
# <colnr> <probs for GDERKNQSTAVLIFYWHMCP>
#	G	D	E	R	K	N	Q	S	T	A	V	L	I	F	Y	W	H	M	C	P
0	0.00925	0.00930	0.08806	0.21244	0.17420	0.02165	0.09787	0.07729	0.02994	0.05138	0.03762	0.02876	0.00796	0.00477	0.02013	0.00130	0.01770	0.01872	0.00240	0.08925
1	0.03783	0.10600	0.01079	0.10125	0.05687	0.08668	0.00675	0.13435	0.09960	0.02752	0.05798	0.03616	0.03147	0.00472	0.00362	0.00108	0.00395	0.02149	0.00282	0.16909
2	0.05534	0.03626	0.09715	0.12295	0.06353	0.10674	0.03631	0.14659	0.11397	0.04746	0.02408	0.03163	0.01858	0.00450	0.00386	0.00118	0.01524	0.00362	0.00274	0.06828
3	0.00571	0.00405	0.00509	0.00503	0.00547	0.00410	0.00334	0.00634	0.00647	0.00897	0.06037	0.10154	0.01509	0.47186	0.22810	0.00390	0.00521	0.00573	0.00254	0.05110
4	0.09150	0.10975	0.05676	0.03441	0.01088	0.07236	0.00673	0.16574	0.24585	0.06355	0.07664	0.01220	0.01027	0.02175	0.00397	0.00124	0.00389	0.00373	0.00326	0.00552
5	0.05610	0.04457	0.04252	0.00717	0.02321	0.00621	0.05298	0.03297	0.02698	0.08671	0.05871	0.07609	0.10279	0.03452	0.15999	0.00228	0.02002	0.08597	0.02553	0.05466
6	0.03701	0.10447	0.02534	0.08748	0.09496	0.04838	0.08570	0.10527	0.06240	0.16345	0.04163	0.03201	0.03034	0.00551	0.02541	0.00135	0.00443	0.03640	0.00303	0.00540
7	0.04021	0.29161	0.08961	0.02799	0.01040	0.06285	0.03093	0.10149	0.00897	0.01188	0.00849	0.05687	0.00783	0.04544	0.03582	0.05740	0.02894	0.02514	0.05353	0.00459

[dist]
# distance from previous block
# <min> <max>
5	29

[block]
# block no. 12 follows, 69 sequences, length 28
# corresponding to MSA columns:
# 1989-2016
name=unknown_M
#
# <colnr> <probs for GDERKNQSTAVLIFYWHMCP>
#	G	D	E	R	K	N	Q	S	T	A	V	L	I	F	Y	W	H	M	C	P
0	0.33284	0.09705	0.02839	0.03638	0.18051	0.05240	0.04501	0.01216	0.06086	0.01401	0.00784	0.00955	0.02303	0.00402	0.00343	0.00117	0.02307	0.01989	0.00230	0.04608
1	0.01281	0.10478	0.01288	0.03301	0.06167	0.02978	0.04133	0.49591	0.03158	0.03308	0.00893	0.02680	0.00684	0.00441	0.00372	0.00111	0.00430	0.00347	0.00325	0.08033
2	0.02574	0.03264	0.02875	0.00937	0.07203	0.07483	0.04415	0.06498	0.35787	0.03124	0.01272	0.01419	0.02680	0.02606	0.10798	0.00194	0.02134	0.02853	0.01347	0.00537
3	0.08054	0.06024	0.05654	0.16293	0.14840	0.07271	0.04656	0.12046	0.00998	0.07931	0.03072	0.00979	0.00676	0.00412	0.00405	0.00117	0.04088	0.00331	0.00250	0.05904
