[name]
unknown

[dist]
# distance from previous block
# <min> <max>
0	45

[block]
# block no. 0 follows, 84 sequences, length 12
# corresponding to MSA columns:
# 48-59
name=unknown_A
#
# <colnr> <probs for GDERKNQSTAVLIFYWHMCP>
#	G	D	E	R	K	N	Q	S	T	A	V	L	I	F	Y	W	H	M	C	P
0	0.04975	0.04164	0.06698	0.00679	0.00872	0.01836	0.11655	0.06842	0.07318	0.06015	0.17149	0.03384	0.13437	0.00577	0.00380	0.00114	0.01448	0.11774	0.00286	0.00397
1	0.38826	0.03405	0.04995	0.04196	0.00962	0.04931	0.09545	0.07841	0.03324	0.08889	0.00661	0.00747	0.00498	0.00426	0.04116	0.00120	0.00370	0.00253	0.00225	0.05669
2	0.13897	0.06212	0.30169	0.00801	0.01117	0.09053	0.03601	0.18523	0.08575	0.01330	0.00676	0.00742	0.00505	0.00355	0.00327	0.00103	0.03063	0.00261	0.00214	0.00476
3	0.00454	0.00358	0.00404	0.02849	0.00530	0.00325	0.00300	0.00597	0.03448	0.01075	0.28452	0.02764	0.50526	0.00746	0.00383	0.00109	0.00176	0.00632	0.05566	0.00305
4	0.00812	0.00794	0.01247	0.06094	0.70628	0.05597	0.00948	0.00995	0.00761	0.01050	0.00716	0.07492	0.00651	0.00361	0.00338	0.00102	0.00397	0.00344	0.00177	0.00496
5	0.00409	0.00292	0.00389	0.00467	0.00487	0.00273	0.00311	0.00467	0.00642	0.00856	0.01849	0.87991	0.02219	0.01051	0.00428	0.00136	0.00195	0.00954	0.00311	0.00273
6	0.00488	0.00325	0.00366	0.00366	0.00366	0.00325	0.00203	0.00488	0.00488	0.00651	0.01057	0.02195	0.01220	0.88209	0.01708	0.00325	0.00325	0.00488	0.00203	0.00203
7	0.28389	0.01320	0.07054	0.00742	0.00949	0.54379	0.00605	0.01212	0.00817	0.01047	0.00509	0.00594	0.00411	0.00333	0.00275	0.00093	0.00492	0.00208	0.00181	0.00389
8	0.00784	0.00746	0.01268	0.13217	0.70928	0.00765	0.00982	0.00980	0.00746	0.01053	0.00686	0.05069	0.00602	0.00340	0.00337	0.00103	0.00395	0.00331	0.00171	0.00498
9	0.00563	0.00321	0.00468	0.00463	0.00472	0.00341	0.00320	0.00481	0.00461	0.00628	0.00671	0.01162	0.00675	0.09087	0.15101	0.64655	0.03472	0.00320	0.00156	0.00183
10	0.01087	0.24663	0.03225	0.00679	0.00954	0.02890	0.00594	0.38845	0.06403	0.07387	0.00752	0.00766	0.00565	0.00357	0.00293	0.00089	0.00350	0.00262	0.00267	0.09570
11	0.00682	0.00448	0.00571	0.00527	0.00622	0.00487	0.00398	0.08452	0.06908	0.08812	0.01008	0.01429	0.00908	0.19680	0.41921	0.00357	0.00585	0.00378	0.05481	0.00347

[dist]
# distance from previous block
# <min> <max>
1	2

[block]
# block no. 1 follows, 84 sequences, length 15
# corresponding to MSA columns:
# 62-76
name=unknown_B
#
# <colnr> <probs for GDERKNQSTAVLIFYWHMCP>
#	G	D	E	R	K	N	Q	S	T	A	V	L	I	F	Y	W	H	M	C	P
0	0.00456	0.00340	0.00424	0.00408	0.00491	0.00308	0.00304	0.00594	0.00896	0.01231	0.64932	0.07220	0.19682	0.00738	0.00398	0.00109	0.00163	0.00646	0.00355	0.00308
1	0.00681	0.02945	0.56364	0.01027	0.13034	0.00733	0.02516	0.01030	0.04405	0.01115	0.12120	0.00991	0.00836	0.00370	0.00331	0.00105	0.00426	0.00310	0.00185	0.00476
2	0.00486	0.00339	0.00417	0.00398	0.00481	0.00312	0.00298	0.00635	0.00894	0.01280	0.64674	0.02423	0.12738	0.00666	0.00374	0.00103	0.00159	0.00579	0.12432	0.00312
3	0.00933	0.00889	0.04495	0.18842	0.40848	0.12074	0.00891	0.07258	0.00845	0.08718	0.00683	0.00835	0.00527	0.00331	0.00329	0.00101	0.00427	0.00290	0.00197	0.00486
4	0.00918	0.83281	0.01710	0.00591	0.00871	0.06382	0.00578	0.01024	0.00698	0.00791	0.00470	0.00542	0.00431	0.00290	0.00220	0.00073	0.00373	0.00182	0.00145	0.00428
5	0.00520	0.00538	0.11584	0.00467	0.00630	0.00369	0.00419	0.00655	0.00771	0.06238	0.10549	0.12586	0.48106	0.00746	0.00383	0.00113	0.00226	0.01961	0.00298	0.02842
6	0.01200	0.00894	0.00956	0.00748	0.01001	0.00994	0.00613	0.71695	0.12765	0.01997	0.00888	0.00877	0.00639	0.00409	0.00334	0.00102	0.00350	0.00313	0.02668	0.00559
7	0.00408	0.00296	0.00385	0.00456	0.00484	0.00273	0.00306	0.00468	0.00653	0.00861	0.01988	0.80402	0.09718	0.01033	0.00425	0.00134	0.00192	0.00932	0.00311	0.00273
8	0.00828	0.00715	0.08755	0.05890	0.06443	0.00655	0.05197	0.01296	0.30852	0.14273	0.19971	0.01397	0.01322	0.00461	0.00353	0.00109	0.00302	0.00402	0.00308	0.00473
9	0.00867	0.54108	0.01408	0.00693	0.08744	0.01018	0.00568	0.00995	0.00705	0.04747	0.00553	0.00632	0.00475	0.00284	0.00240	0.00070	0.00331	0.00202	0.00172	0.23186
10	0.00481	0.00354	0.00510	0.00510	0.00560	0.00403	0.00383	0.00580	0.00530	0.00757	0.00926	0.01467	0.00903	0.17053	0.72431	0.00503	0.00801	0.00381	0.00184	0.00283
11	0.00409	0.00342	0.00358	0.00357	0.00466	0.00290	0.00270	0.00504	0.00784	0.00955	0.11979	0.03171	0.74658	0.00835	0.00399	0.00114	0.00173	0.03331	0.00318	0.00288
12	0.01000	0.01146	0.01362	0.01068	0.01312	0.36126	0.36873	0.06032	0.02230	0.02253	0.00681	0.00883	0.00548	0.00435	0.04111	0.00121	0.00569	0.02637	0.00191	0.00426
13	0.00440	0.00337	0.00405	0.00411	0.00489	0.00305	0.00299	0.00566	0.02535	0.01084	0.36707	0.23432	0.30118	0.00824	0.00403	0.00116	0.00173	0.00720	0.00336	0.00299
14	0.03830	0.00777	0.04405	0.39439	0.03979	0.02029	0.03572	0.24479	0.05164	0.05846	0.00727	0.00872	0.00531	0.00367	0.00351	0.00108	0.02535	0.00302	0.00228	0.00458

[dist]
# distance from previous block
# <min> <max>
0	1

[block]
# block no. 2 follows, 84 sequences, length 160
# corresponding to MSA columns:
# 78-237
name=unknown_C
#
# <colnr> <probs for GDERKNQSTAVLIFYWHMCP>
#	G	D	E	R	K	N	Q	S	T	A	V	L	I	F	Y	W	H	M	C	P
0	0.01037	0.00947	0.01136	0.08889	0.06962	0.18486	0.14751	0.15538	0.08243	0.10961	0.00767	0.00861	0.00574	0.00382	0.00414	0.00107	0.08929	0.00309	0.00237	0.00470
1	0.02366	0.00647	0.00871	0.13654	0.04706	0.01523	0.05135	0.02363	0.03986	0.10371	0.00704	0.00812	0.00544	0.00311	0.00325	0.00079	0.04174	0.00256	0.00217	0.46954
2	0.09855	0.00400	0.00498	0.04280	0.00613	0.00392	0.02752	0.00657	0.00825	0.01206	0.51029	0.02265	0.14837	0.08391	0.00490	0.00126	0.00210	0.00547	0.00314	0.00313
3	0.00552	0.00394	0.00492	0.00468	0.00556	0.00403	0.00350	0.05502	0.00675	0.04658	0.01635	0.03456	0.24173	0.17050	0.36209	0.00324	0.00516	0.00481	0.00242	0.01865
4	0.00464	0.00345	0.00430	0.00445	0.00513	0.00324	0.00327	0.00601	0.03601	0.01077	0.34977	0.24750	0.16106	0.05881	0.00485	0.00132	0.00197	0.08716	0.00329	0.00300
5	0.03543	0.00666	0.00745	0.00552	0.00836	0.01541	0.00444	0.13688	0.04295	0.04076	0.00679	0.00744	0.00536	0.00289	0.00268	0.00064	0.00273	0.00226	0.00232	0.66304
6	0.00734	0.00734	0.01028	0.00881	0.00881	0.01028	0.00734	0.00807	0.00514	0.00807	0.00440	0.00734	0.00440	0.00587	0.01101	0.00147	0.87595	0.00294	0.00147	0.00367
7	0.00957	0.04769	0.04571	0.00705	0.00933	0.00883	0.00585	0.19809	0.55838	0.05443	0.01168	0.01094	0.00864	0.00428	0.00333	0.00108	0.00303	0.00346	0.00326	0.00535
8	0.06621	0.00579	0.00746	0.00580	0.00827	0.00525	0.00478	0.05680	0.00953	0.72323	0.01235	0.01097	0.00792	0.00407	0.00324	0.00102	0.00281	0.00325	0.05581	0.00544
9	0.56992	0.00764	0.00658	0.00560	0.00778	0.04633	0.00456	0.20184	0.09654	0.01603	0.00640	0.00680	0.00482	0.00349	0.00255	0.00103	0.00300	0.00231	0.00249	0.00429
10	0.00704	0.00643	0.01018	0.65478	0.10891	0.00759	0.00882	0.05809	0.04657	0.00991	0.00648	0.00890	0.00492	0.00337	0.00331	0.00107	0.00420	0.00298	0.00173	0.04471
11	0.00544	0.00413	0.00522	0.00515	0.00589	0.04208	0.00391	0.00650	0.00623	0.04525	0.05089	0.08571	0.09915	0.06447	0.54957	0.00393	0.00663	0.00454	0.00224	0.00307
12	0.01219	0.00727	0.00864	0.00687	0.00914	0.12991	0.08966	0.02032	0.04832	0.48373	0.04886	0.01203	0.04699	0.00424	0.00338	0.00102	0.00341	0.00354	0.05557	0.00492
13	0.00834	0.00729	0.00886	0.11992	0.17327	0.11683	0.03046	0.04555	0.11766	0.08518	0.15129	0.06312	0.04834	0.00475	0.00351	0.00106	0.00346	0.00411	0.00265	0.00434
14	0.10194	0.00773	0.01265	0.02812	0.69230	0.00780	0.04149	0.01052	0.00752	0.04904	0.00646	0.00818	0.00525	0.00305	0.00322	0.00101	0.00386	0.00292	0.00181	0.00511
15	0.00763	0.00690	0.01214	0.46707	0.05453	0.00762	0.21209	0.04641	0.04679	0.06067	0.00717	0.00938	0.00536	0.00418	0.03667	0.00127	0.00470	0.00330	0.00189	0.00424
16	0.04620	0.00427	0.00455	0.00476	0.04142	0.03705	0.00279	0.00626	0.04453	0.00750	0.01006	0.01957	0.01112	0.73004	0.01463	0.00287	0.00333	0.00450	0.00207	0.00247
17	0.25405	0.00639	0.00875	0.46094	0.08189	0.00744	0.00735	0.04614	0.00714	0.08091	0.00632	0.00810	0.00467	0.00335	0.00300	0.00108	0.00375	0.00270	0.00196	0.00407
18	0.00822	0.00789	0.01347	0.05675	0.82566	0.00795	0.01025	0.01022	0.00760	0.01086	0.00630	0.00833	0.00528	0.00300	0.00332	0.00100	0.00401	0.00299	0.00165	0.00525
19	0.03553	0.00613	0.00792	0.00613	0.00869	0.00564	0.00505	0.09282	0.04590	0.73015	0.01258	0.01102	0.00804	0.00413	0.00334	0.00104	0.00292	0.00332	0.00400	0.00564
20	0.06047	0.00888	0.01515	0.12250	0.22729	0.08673	0.40176	0.01715	0.00778	0.01063	0.00631	0.00836	0.00492	0.00302	0.00352	0.00107	0.00493	0.00330	0.00170	0.00452
21	0.00592	0.00378	0.00424	0.00436	0.00527	0.00382	0.00341	0.00822	0.10569	0.01849	0.01622	0.09680	0.12016	0.00621	0.00331	0.00107	0.00205	0.16983	0.41781	0.00332
22	0.00776	0.00672	0.00733	0.00539	0.00823	0.04411	0.00430	0.09370	0.00793	0.01176	0.00622	0.00729	0.00514	0.01793	0.00285	0.00061	0.00278	0.00215	0.00212	0.75569
23	0.00410	0.00337	0.00360	0.00362	0.00463	0.00288	0.00269	0.00504	0.00785	0.00972	0.16245	0.09047	0.67122	0.00838	0.00399	0.00114	0.00170	0.00709	0.00321	0.00288
24	0.00543	0.00405	0.00465	0.00436	0.00550	0.00385	0.00331	0.00781	0.12768	0.05108	0.37611	0.03397	0.33609	0.01622	0.00400	0.00112	0.00186	0.00602	0.00344	0.00344
25	0.00717	0.01645	0.73906	0.00928	0.01371	0.08375	0.01147	0.01066	0.00733	0.01038	0.00663	0.00878	0.00513	0.00356	0.00326	0.00107	0.00495	0.05106	0.00154	0.00475
26	0.00634	0.00596	0.01006	0.87403	0.02311	0.00745	0.00932	0.00857	0.00671	0.00857	0.00596	0.00894	0.00447	0.00335	0.00335	0.00112	0.00447	0.00298	0.00149	0.00373
27	0.00430	0.00301	0.00383	0.00439	0.00454	0.00287	0.00282	0.00473	0.00600	0.00800	0.01633	0.64548	0.01946	0.24866	0.00778	0.00188	0.00230	0.00826	0.00282	0.00254
28	0.00777	0.00544	0.00628	0.00560	0.00713	0.00576	0.00434	0.01294	0.39708	0.12230	0.33103	0.01709	0.01797	0.00534	0.00357	0.00108	0.00224	0.00457	0.03800	0.00447
29	0.01077	0.06818	0.00894	0.00748	0.00901	0.59575	0.00575	0.01177	0.00876	0.01613	0.05529	0.00806	0.00649	0.00382	0.00340	0.00089	0.05560	0.00254	0.11759	0.00378
30	0.06411	0.00845	0.00977	0.00758	0.01002	0.00928	0.04327	0.58689	0.01312	0.11621	0.00822	0.00849	0.00589	0.00485	0.03692	0.00121	0.05424	0.00305	0.00313	0.00531
31	0.00421	0.00304	0.00402	0.00476	0.00506	0.00285	0.00332	0.00491	0.00662	0.00874	0.01924	0.74978	0.06612	0.01028	0.00430	0.00137	0.00205	0.09346	0.00311	0.00277
32	0.00541	0.00386	0.00541	0.00618	0.00695	0.00386	0.00541	0.00695	0.00772	0.01004	0.01776	0.03784	0.01931	0.00927	0.00463	0.00154	0.00309	0.83859	0.00309	0.00309
33	0.00593	0.00493	0.00787	0.24971	0.04479	0.00533	0.05542	0.00774	0.00740	0.00965	0.01322	0.02657	0.01362	0.01641	0.00437	0.00140	0.01009	0.50963	0.00248	0.00343
34	0.00979	0.01115	0.01008	0.01021	0.13617	0.39698	0.00715	0.01090	0.01696	0.00883	0.00543	0.00719	0.00475	0.00425	0.00579	0.00109	0.30525	0.00261	0.04139	0.00401
35	0.90579	0.00649	0.00493	0.00441	0.00649	0.00753	0.00363	0.00986	0.00571	0.01505	0.00467	0.00545	0.00363	0.00311	0.00208	0.00104	0.00260	0.00182	0.00208	0.00363
36	0.00644	0.00607	0.01026	0.82762	0.06868	0.00748	0.00937	0.00867	0.00676	0.00870	0.00598	0.00891	0.00452	0.00333	0.00335	0.00111	0.00445	0.00298	0.00150	0.00381
37	0.01253	0.01599	0.00951	0.00864	0.01037	0.86863	0.00648	0.01340	0.00951	0.00821	0.00519	0.00605	0.00432	0.00346	0.00303	0.00086	0.00605	0.00216	0.00173	0.00389
38	0.01234	0.01396	0.00953	0.00832	0.01028	0.62047	0.00639	0.20680	0.06011	0.01154	0.00634	0.00689	0.00499	0.00365	0.00312	0.00091	0.00531	0.00245	0.00220	0.00439
39	0.85387	0.00666	0.00523	0.00460	0.00672	0.00769	0.00379	0.05870	0.00629	0.01541	0.00487	0.00560	0.00375	0.00317	0.00215	0.00104	0.00266	0.00189	0.00215	0.00375
40	0.00830	0.00797	0.01362	0.02059	0.86117	0.00797	0.01030	0.01030	0.00764	0.01096	0.00631	0.00830	0.00531	0.00299	0.00332	0.00100	0.00399	0.00299	0.00166	0.00531
41	0.00870	0.00784	0.01328	0.01974	0.81160	0.00779	0.00998	0.01065	0.00775	0.06052	0.00671	0.00848	0.00549	0.00306	0.00332	0.00100	0.00392	0.00301	0.00181	0.00534
42	0.00523	0.00453	0.00615	0.17346	0.00932	0.04163	0.04017	0.00664	0.04270	0.00893	0.02250	0.56557	0.04376	0.00815	0.00398	0.00126	0.00279	0.00736	0.00270	0.00316
43	0.00538	0.00423	0.00629	0.00823	0.16573	0.00414	0.00534	0.00660	0.00715	0.00958	0.01593	0.39305	0.01793	0.00863	0.00424	0.00136	0.00277	0.32724	0.00283	0.00335
44	0.01370	0.00548	0.00740	0.00579	0.00816	0.00481	0.00474	0.01522	0.03005	0.74439	0.11135	0.01303	0.01106	0.00448	0.00344	0.00104	0.00270	0.00370	0.00408	0.00540
45	0.00572	0.00464	0.00491	0.00478	0.00570	0.07988	0.00363	0.00720	0.02342	0.03121	0.47211	0.09704	0.11679	0.00704	0.00387	0.00111	0.00221	0.08248	0.04301	0.00324
46	0.00681	0.00658	0.01000	0.66977	0.10683	0.04717	0.00881	0.00923	0.04532	0.00907	0.00752	0.00992	0.04186	0.00360	0.00336	0.00110	0.00429	0.00316	0.00168	0.00393
47	0.00510	0.00364	0.00383	0.00374	0.00489	0.00323	0.00282	0.00643	0.04507	0.05936	0.02806	0.07668	0.61637	0.00760	0.00372	0.00110	0.00181	0.00636	0.11703	0.00314
48	0.00469	0.00338	0.00426	0.00411	0.00477	0.00314	0.00296	0.00594	0.00854	0.01190	0.63969	0.06676	0.08047	0.13776	0.00593	0.00140	0.00186	0.00612	0.00338	0.00295
49	0.00983	0.03249	0.20383	0.11164	0.22756	0.00713	0.06148	0.01981	0.00808	0.27266	0.00834	0.00903	0.00586	0.00343	0.00332	0.00104	0.00401	0.00302	0.00236	0.00510
50	0.00779	0.24778	0.06154	0.00792	0.00908	0.01087	0.00710	0.00919	0.04328	0.00844	0.00498	0.00702	0.00463	0.00484	0.00780	0.00122	0.54835	0.00264	0.00154	0.00399
51	0.01362	0.00635	0.00798	0.00630	0.00878	0.00609	0.00514	0.10068	0.16119	0.62687	0.01279	0.01128	0.00839	0.00421	0.00338	0.00105	0.00290	0.00341	0.00394	0.00564
52	0.00496	0.00320	0.00371	0.00385	0.00404	0.00319	0.00239	0.00538	0.00554	0.00790	0.01198	0.16695	0.01323	0.54719	0.05008	0.00261	0.00301	0.01290	0.14552	0.00238
53	0.00649	0.08037	0.49752	0.00750	0.01079	0.00693	0.00863	0.02501	0.03968	0.01043	0.10633	0.04905	0.00953	0.12158	0.00511	0.00134	0.00399	0.00353	0.00195	0.00424
54	0.00397	0.00340	0.00341	0.00341	0.00454	0.00284	0.00256	0.00483	0.00767	0.00911	0.04214	0.03222	0.85163	0.00848	0.00397	0.00113	0.00170	0.00707	0.00312	0.00284
55	0.00414	0.00343	0.00364	0.00365	0.00473	0.00293	0.00278	0.00511	0.00786	0.00961	0.12542	0.03180	0.71855	0.00836	0.00400	0.00115	0.00177	0.05503	0.00318	0.00288
56	0.00846	0.00965	0.09609	0.00924	0.04734	0.13175	0.00773	0.05451	0.00672	0.02401	0.00515	0.00734	0.00459	0.00518	0.01613	0.00132	0.55629	0.00280	0.00166	0.00404
57	0.04343	0.00421	0.00528	0.05599	0.05584	0.00422	0.00403	0.04554	0.04600	0.01082	0.14773	0.33626	0.17405	0.00756	0.00380	0.00117	0.00223	0.00662	0.04188	0.00333
58	0.00452	0.00325	0.00436	0.00505	0.00546	0.00311	0.00373	0.00552	0.01688	0.00933	0.07368	0.59671	0.02193	0.00988	0.00434	0.00139	0.00222	0.22260	0.00315	0.00288
59	0.00848	0.00727	0.00766	0.00685	0.00877	0.00841	0.00534	0.04297	0.82974	0.01425	0.01349	0.01238	0.01010	0.00454	0.00341	0.00113	0.00269	0.00377	0.00341	0.00532
60	0.12079	0.47385	0.09435	0.00912	0.18417	0.04961	0.00707	0.01028	0.00699	0.00969	0.00515	0.00618	0.00442	0.00298	0.00252	0.00085	0.00379	0.00212	0.00157	0.00447
61	0.00826	0.00908	0.06647	0.01449	0.17935	0.00813	0.57241	0.02586	0.00801	0.04868	0.00715	0.02325	0.00552	0.00309	0.00376	0.00110	0.00507	0.00374	0.00184	0.00475
62	0.01253	0.01599	0.00951	0.00864	0.01037	0.86863	0.00648	0.01340	0.00951	0.00821	0.00519	0.00605	0.00432	0.00346	0.00303	0.00086	0.00605	0.00216	0.00173	0.00389
63	0.00696	0.00596	0.00696	0.00497	0.00795	0.00447	0.00398	0.00845	0.00696	0.01093	0.00596	0.00696	0.00497	0.00248	0.00248	0.00050	0.00248	0.00199	0.00199	0.90260
64	0.00406	0.00325	0.00363	0.00385	0.00467	0.00282	0.00277	0.00487	0.00739	0.00920	0.08421	0.29684	0.54265	0.00902	0.00406	0.00120	0.00177	0.00778	0.00315	0.00282
65	0.00792	0.00905	0.01980	0.01414	0.01753	0.00848	0.84898	0.01075	0.00792	0.01075	0.00679	0.00905	0.00509	0.00283	0.00396	0.00113	0.00566	0.00396	0.00170	0.00452
66	0.00452	0.00339	0.00419	0.00405	0.00489	0.00306	0.00301	0.00587	0.00888	0.01212	0.61280	0.07620	0.22976	0.00746	0.00398	0.00109	0.00163	0.00651	0.00352	0.00306
67	0.00664	0.00373	0.00490	0.00487	0.00572	0.00344	0.00352	0.01539	0.02080	0.18595	0.16560	0.48672	0.02884	0.04178	0.00450	0.00130	0.00214	0.00730	0.00340	0.00346
68	0.00474	0.00343	0.00447	0.00421	0.00501	0.00316	0.00316	0.00631	0.00948	0.01340	0.84975	0.02515	0.04134	0.00688	0.00396	0.00106	0.00158	0.00608	0.00369	0.00316
69	0.00887	0.84494	0.05587	0.00591	0.00888	0.01303	0.00604	0.01007	0.00683	0.00802	0.00473	0.00546	0.00430	0.00288	0.00220	0.00073	0.00365	0.00182	0.00143	0.00433
70	0.01505	0.00571	0.00779	0.00597	0.00856	0.00493	0.00493	0.01635	0.00960	0.86349	0.01324	0.01142	0.00830	0.00415	0.00337	0.00104	0.00285	0.00337	0.00415	0.00571
71	0.00430	0.00337	0.00346	0.00344	0.00450	0.00290	0.00258	0.00529	0.00774	0.00984	0.10246	0.02937	0.68974	0.00782	0.00378	0.00109	0.00167	0.00653	0.10723	0.00290
72	0.00570	0.00402	0.00467	0.00433	0.00549	0.00379	0.00330	0.02213	0.09058	0.06712	0.39102	0.03464	0.29878	0.00687	0.00379	0.00108	0.00185	0.00587	0.04150	0.00346
73	0.01258	0.01581	0.00948	0.00860	0.01034	0.85365	0.00646	0.01345	0.00951	0.02304	0.00533	0.00614	0.00439	0.00347	0.00303	0.00087	0.00599	0.00218	0.00177	0.00392
74	0.01013	0.00654	0.00715	0.00595	0.00789	0.00704	0.00476	0.27704	0.23031	0.14013	0.01107	0.01095	0.00807	0.00415	0.00309	0.00098	0.00271	0.00330	0.25385	0.00488
75	0.90579	0.00649	0.00493	0.00441	0.00649	0.00753	0.00363	0.00986	0.00571	0.01505	0.00467	0.00545	0.00363	0.00311	0.00208	0.00104	0.00260	0.00182	0.00208	0.00363
76	0.00726	0.00592	0.00696	0.00500	0.00794	0.00448	0.00400	0.00874	0.00709	0.04512	0.01590	0.00734	0.00540	0.00260	0.00254	0.00052	0.00249	0.00209	0.00209	0.85651
77	0.00634	0.00596	0.01006	0.87403	0.02311	0.00745	0.00932	0.00857	0.00671	0.00857	0.00596	0.00894	0.00447	0.00335	0.00335	0.00112	0.00447	0.00298	0.00149	0.00373
78	0.00673	0.01735	0.86471	0.00956	0.01452	0.00779	0.01240	0.01062	0.00708	0.01062	0.00602	0.00708	0.00425	0.00319	0.00319	0.00106	0.00496	0.00248	0.00142	0.00496
79	0.00941	0.78270	0.01671	0.00597	0.00882	0.01294	0.00581	0.10742	0.00786	0.00943	0.00506	0.00569	0.00447	0.00300	0.00229	0.00075	0.00360	0.00194	0.00166	0.00447
80	0.01144	0.00874	0.00933	0.00745	0.00990	0.00979	0.00606	0.60204	0.26585	0.01903	0.00972	0.00938	0.00706	0.00418	0.00337	0.00105	0.00338	0.00325	0.00337	0.00559
81	0.01073	0.00686	0.00779	0.00661	0.00877	0.00738	0.00525	0.06546	0.53791	0.28439	0.01320	0.01191	0.00936	0.00439	0.00340	0.00110	0.00278	0.00362	0.00365	0.00546
82	0.00634	0.00596	0.01006	0.87403	0.02311	0.00745	0.00932	0.00857	0.00671	0.00857	0.00596	0.00894	0.00447	0.00335	0.00335	0.00112	0.00447	0.00298	0.00149	0.00373
83	0.00423	0.00341	0.00377	0.00368	0.00470	0.00295	0.00276	0.00534	0.00828	0.01058	0.31824	0.02980	0.57461	0.00793	0.00396	0.00111	0.00166	0.00673	0.00331	0.00295
84	0.90579	0.00649	0.00493	0.00441	0.00649	0.00753	0.00363	0.00986	0.00571	0.01505	0.00467	0.00545	0.00363	0.00311	0.00208	0.00104	0.00260	0.00182	0.00208	0.00363
85	0.10436	0.00800	0.00988	0.24697	0.09899	0.00905	0.00729	0.44587	0.01141	0.01602	0.00695	0.00805	0.00511	0.00364	0.00322	0.00104	0.00382	0.00288	0.00254	0.00490
86	0.40059	0.00690	0.00878	0.00683	0.00934	0.00708	0.14923	0.07513	0.00809	0.28547	0.00802	0.00817	0.00553	0.00346	0.00291	0.00105	0.00329	0.00277	0.00277	0.00460
87	0.90579	0.00649	0.00493	0.00441	0.00649	0.00753	0.00363	0.00986	0.00571	0.01505	0.00467	0.00545	0.00363	0.00311	0.00208	0.00104	0.00260	0.00182	0.00208	0.00363
88	0.01055	0.00783	0.00819	0.00690	0.00903	0.05779	0.00548	0.21414	0.43659	0.15081	0.04760	0.01144	0.00942	0.00440	0.00339	0.00107	0.00308	0.00355	0.00343	0.00529
89	0.00658	0.00390	0.00525	0.00506	0.00612	0.00362	0.00406	0.00806	0.00889	0.15103	0.45417	0.06412	0.02405	0.00724	0.00406	0.00120	0.00222	0.23326	0.00358	0.00354
90	0.00698	0.00662	0.01123	0.59296	0.29911	0.00762	0.00964	0.00914	0.00701	0.00936	0.00608	0.00873	0.00475	0.00323	0.00334	0.00108	0.00431	0.00298	0.00155	0.00425
91	0.00634	0.00596	0.01006	0.87403	0.02311	0.00745	0.00932	0.00857	0.00671	0.00857	0.00596	0.00894	0.00447	0.00335	0.00335	0.00112	0.00447	0.00298	0.00149	0.00373
92	0.00852	0.00858	0.01546	0.01148	0.01439	0.00864	0.53222	0.09704	0.24175	0.01270	0.00880	0.00990	0.00657	0.00342	0.00375	0.00112	0.00463	0.00382	0.00234	0.00486
93	0.01416	0.00713	0.00867	0.00664	0.00927	0.00704	0.00549	0.33817	0.01198	0.53830	0.01124	0.01012	0.00730	0.00410	0.00337	0.00103	0.00318	0.00324	0.00385	0.00571
94	0.00475	0.00343	0.00448	0.00422	0.00501	0.00317	0.00317	0.00633	0.00950	0.01345	0.85940	0.02506	0.03166	0.00686	0.00396	0.00106	0.00158	0.00607	0.00369	0.00317
95	0.00897	0.88411	0.01758	0.00574	0.00861	0.01327	0.00574	0.01005	0.00682	0.00789	0.00466	0.00538	0.00431	0.00287	0.00215	0.00072	0.00359	0.00179	0.00144	0.00431
96	0.00471	0.00343	0.00444	0.00419	0.00499	0.00315	0.00314	0.00627	0.00942	0.01326	0.82365	0.02537	0.06752	0.00693	0.00396	0.00106	0.00159	0.00611	0.00367	0.00315
97	0.01286	0.00923	0.00997	0.00764	0.01032	0.01016	0.00631	0.81313	0.01550	0.05838	0.00828	0.00820	0.00582	0.00403	0.00336	0.00101	0.00365	0.00304	0.00339	0.00571
98	0.00696	0.00596	0.00696	0.00497	0.00795	0.00447	0.00398	0.00845	0.00696	0.01093	0.00596	0.00696	0.00497	0.00248	0.00248	0.00050	0.00248	0.00199	0.00199	0.90260
99	0.00506	0.00370	0.00467	0.00507	0.00557	0.00370	0.00355	0.08007	0.03971	0.00984	0.01683	0.71940	0.01947	0.01056	0.05414	0.00156	0.00253	0.00840	0.00307	0.00310
100	0.00660	0.00623	0.01054	0.75903	0.13603	0.00752	0.00945	0.00880	0.00683	0.00889	0.00601	0.00886	0.00459	0.00331	0.00335	0.00110	0.00441	0.00298	0.00151	0.00394
101	0.00634	0.00596	0.01006	0.87403	0.02311	0.00745	0.00932	0.00857	0.00671	0.00857	0.00596	0.00894	0.00447	0.00335	0.00335	0.00112	0.00447	0.00298	0.00149	0.00373
102	0.00452	0.00335	0.00422	0.00416	0.00491	0.00304	0.00306	0.00583	0.00873	0.01200	0.59854	0.15808	0.16177	0.00768	0.00401	0.00111	0.00166	0.00676	0.00351	0.00304
103	0.01256	0.01510	0.00958	0.00852	0.01038	0.75298	0.00647	0.12612	0.01035	0.00995	0.00557	0.00632	0.00451	0.00353	0.00307	0.00088	0.00573	0.00228	0.00195	0.00413
104	0.00645	0.00685	0.01337	0.01000	0.01246	0.00635	0.51062	0.00868	0.02832	0.01017	0.01627	0.06714	0.27753	0.00512	0.00397	0.00115	0.00411	0.00527	0.00227	0.00390
105	0.02213	0.00611	0.00801	0.00614	0.00875	0.00554	0.00508	0.10601	0.01023	0.76586	0.01261	0.01101	0.00799	0.00413	0.00336	0.00103	0.00294	0.00332	0.00405	0.00569
106	0.00405	0.00332	0.00358	0.00368	0.00463	0.00284	0.00270	0.00492	0.00760	0.00936	0.10237	0.17446	0.64746	0.00870	0.00402	0.00116	0.00173	0.00741	0.00316	0.00284
107	0.01154	0.00714	0.05833	0.05694	0.01001	0.00664	0.04226	0.21920	0.02196	0.37443	0.01024	0.01101	0.00735	0.07607	0.05228	0.01214	0.01096	0.00337	0.00317	0.00498
108	0.00466	0.00376	0.00452	0.00508	0.00536	0.04318	0.00352	0.00530	0.00645	0.00848	0.01670	0.75054	0.01977	0.01083	0.05478	0.00158	0.04118	0.00856	0.00290	0.00284
109	0.00408	0.00295	0.00386	0.00458	0.00484	0.00273	0.00307	0.00468	0.00651	0.00860	0.01961	0.81843	0.08294	0.01036	0.00426	0.00135	0.00193	0.00936	0.00311	0.00273
110	0.00962	0.00727	0.00790	0.00678	0.00883	0.00813	0.00536	0.16119	0.58777	0.10033	0.05003	0.01219	0.01021	0.00452	0.00342	0.00110	0.00281	0.00372	0.00349	0.00532
111	0.00665	0.00639	0.05620	0.04050	0.12007	0.04278	0.00530	0.00981	0.19283	0.05007	0.04446	0.02015	0.37953	0.00594	0.00362	0.00109	0.00274	0.00499	0.00283	0.00405
112	0.90579	0.00649	0.00493	0.00441	0.00649	0.00753	0.00363	0.00986	0.00571	0.01505	0.00467	0.00545	0.00363	0.00311	0.00208	0.00104	0.00260	0.00182	0.00208	0.00363
113	0.00968	0.00505	0.00623	0.00531	0.00714	0.00471	0.00426	0.02883	0.11963	0.37925	0.12714	0.01960	0.20874	0.00585	0.00366	0.00110	0.00243	0.05318	0.00368	0.00451
114	0.00634	0.00596	0.01006	0.87403	0.02311	0.00745	0.00932	0.00857	0.00671	0.00857	0.00596	0.00894	0.00447	0.00335	0.00335	0.00112	0.00447	0.00298	0.00149	0.00373
115	0.00833	0.01489	0.57639	0.00964	0.06241	0.08422	0.01048	0.08656	0.05723	0.04851	0.00690	0.00765	0.00497	0.00340	0.00322	0.00104	0.00466	0.00264	0.00187	0.00500
116	0.01388	0.00706	0.00856	0.00662	0.00920	0.00700	0.00545	0.30227	0.06059	0.52556	0.01148	0.01033	0.00753	0.00413	0.00337	0.00103	0.00313	0.00328	0.00384	0.00569
117	0.01406	0.00691	0.00848	0.00654	0.00914	0.00676	0.00539	0.27271	0.04732	0.56852	0.01166	0.01043	0.00759	0.00413	0.00337	0.00103	0.00310	0.00328	0.00388	0.00569
118	0.00569	0.00396	0.00417	0.00408	0.00431	0.04246	0.00249	0.00585	0.00541	0.04460	0.01072	0.02138	0.01194	0.77013	0.01536	0.00298	0.00336	0.03664	0.00215	0.00232
119	0.00701	0.00666	0.01124	0.57258	0.29878	0.00769	0.00959	0.00913	0.00698	0.00935	0.00604	0.00870	0.00475	0.00329	0.00352	0.00109	0.02484	0.00298	0.00155	0.00425
120	0.01240	0.05211	0.00991	0.00843	0.01030	0.74673	0.00644	0.09676	0.01002	0.00949	0.00545	0.00622	0.00446	0.00349	0.00302	0.00087	0.00571	0.00223	0.00188	0.00409
121	0.00531	0.00438	0.00572	0.12234	0.05712	0.00438	0.00441	0.02690	0.05772	0.01143	0.35633	0.02315	0.29505	0.00650	0.00380	0.00109	0.00226	0.00560	0.00307	0.00344
122	0.00803	0.00768	0.01301	0.05250	0.78944	0.00771	0.00990	0.00998	0.00760	0.01078	0.00758	0.00944	0.04479	0.00326	0.00335	0.00101	0.00390	0.00318	0.00172	0.00514
123	0.01000	0.00795	0.00849	0.00716	0.00933	0.00898	0.00574	0.35273	0.48094	0.01673	0.01157	0.01179	0.00880	0.00454	0.00344	0.00110	0.00309	0.03885	0.00338	0.00538
124	0.00419	0.00329	0.00376	0.00400	0.00477	0.00291	0.00291	0.00504	0.00737	0.00927	0.10138	0.26844	0.47086	0.04244	0.00459	0.00130	0.00190	0.05565	0.00312	0.00282
125	0.01320	0.00610	0.00783	0.00593	0.00861	0.00534	0.00487	0.09110	0.00963	0.61369	0.01129	0.01021	0.00739	0.00380	0.00319	0.00093	0.00286	0.00306	0.00364	0.18734
126	0.00673	0.01735	0.86471	0.00956	0.01452	0.00779	0.01240	0.01062	0.00708	0.01062	0.00602	0.00708	0.00425	0.00319	0.00319	0.00106	0.00496	0.00248	0.00142	0.00496
127	0.00666	0.00393	0.00414	0.00397	0.00502	0.00401	0.00301	0.00939	0.14561	0.05160	0.02142	0.05289	0.09492	0.00480	0.00283	0.00091	0.00183	0.00395	0.57553	0.00356
128	0.00405	0.00308	0.00373	0.00425	0.00476	0.00276	0.00293	0.00472	0.00683	0.00873	0.02363	0.59903	0.29975	0.00984	0.00418	0.00129	0.00186	0.00872	0.00311	0.00276
129	0.01503	0.00575	0.00781	0.00599	0.00859	0.00500	0.00495	0.02625	0.00968	0.85349	0.01317	0.01138	0.00827	0.00415	0.00337	0.00104	0.00286	0.00337	0.00414	0.00571
130	0.00819	0.35010	0.45039	0.00800	0.01182	0.09946	0.00922	0.01069	0.00723	0.00932	0.00541	0.00632	0.00428	0.00309	0.00277	0.00091	0.00455	0.00218	0.00146	0.00460
131	0.00673	0.01735	0.86471	0.00956	0.01452	0.00779	0.01240	0.01062	0.00708	0.01062	0.00602	0.00708	0.00425	0.00319	0.00319	0.00106	0.00496	0.00248	0.00142	0.00496
132	0.00408	0.00296	0.00385	0.00456	0.00484	0.00273	0.00307	0.00468	0.00653	0.00861	0.01980	0.80844	0.09282	0.01034	0.00426	0.00134	0.00193	0.00933	0.00311	0.00273
133	0.00407	0.00343	0.00354	0.00358	0.00468	0.00290	0.00273	0.00497	0.00769	0.00922	0.05249	0.03244	0.79172	0.00850	0.00400	0.00115	0.00178	0.05512	0.00313	0.00285
134	0.01304	0.01393	0.00916	0.00811	0.01001	0.69546	0.00617	0.01399	0.00953	0.17969	0.00680	0.00713	0.00512	0.00360	0.00309	0.00090	0.00541	0.00240	0.00221	0.00425
135	0.01505	0.00571	0.00779	0.00597	0.00856	0.00493	0.00493	0.01635	0.00960	0.86349	0.01324	0.01142	0.00830	0.00415	0.00337	0.00104	0.00285	0.00337	0.00415	0.00571
136	0.03026	0.00647	0.00820	0.00630	0.00890	0.00609	0.00520	0.18556	0.01079	0.67747	0.01203	0.01063	0.00769	0.00411	0.00335	0.00103	0.00302	0.00327	0.00395	0.00567
137	0.00869	0.00778	0.01271	0.06835	0.69764	0.00793	0.00960	0.04719	0.04721	0.04994	0.00702	0.00867	0.00565	0.00318	0.00333	0.00101	0.00389	0.00304	0.00192	0.00526
138	0.62177	0.00797	0.00575	0.00516	0.00708	0.17117	0.00411	0.01060	0.00670	0.04604	0.00565	0.00642	0.00438	0.00329	0.00233	0.00098	0.00317	0.00206	0.08163	0.00372
139	0.01236	0.00959	0.00982	0.00770	0.01026	0.06012	0.00629	0.73004	0.08732	0.01978	0.00837	0.00832	0.00601	0.00404	0.00334	0.00101	0.00374	0.00304	0.00327	0.00557
140	0.01083	0.00879	0.01189	0.00882	0.01171	0.00906	0.20396	0.52524	0.01262	0.02658	0.00752	0.00817	0.00549	0.00353	0.00338	0.00096	0.00397	0.00310	0.00278	0.13159
141	0.01182	0.01420	0.00920	0.00829	0.01009	0.68443	0.00628	0.04960	0.15509	0.00976	0.00676	0.00725	0.00540	0.00367	0.00311	0.00092	0.00537	0.00248	0.00209	0.00421
142	0.01275	0.00940	0.01007	0.00772	0.01040	0.01040	0.00638	0.84998	0.01577	0.02114	0.00805	0.00805	0.00571	0.00403	0.00336	0.00101	0.00369	0.00302	0.00336	0.00571
143	0.00480	0.00356	0.00522	0.00522	0.00576	0.00410	0.00398	0.00588	0.00534	0.00766	0.00914	0.01404	0.00876	0.10946	0.78501	0.00518	0.00842	0.00372	0.00182	0.00290
144	0.01505	0.00571	0.00779	0.00597	0.00856	0.00493	0.00493	0.01635	0.00960	0.86349	0.01324	0.01142	0.00830	0.00415	0.00337	0.00104	0.00285	0.00337	0.00415	0.00571
145	0.00426	0.00341	0.00381	0.00371	0.00471	0.00296	0.00278	0.00538	0.00834	0.01071	0.34399	0.02957	0.54877	0.00788	0.00396	0.00110	0.00166	0.00670	0.00333	0.00296
146	0.00850	0.00834	0.01343	0.02004	0.82183	0.04777	0.01012	0.01044	0.00773	0.01083	0.00626	0.00820	0.00527	0.00301	0.00331	0.00099	0.00408	0.00295	0.00166	0.00525
147	0.00830	0.00797	0.01362	0.02059	0.86117	0.00797	0.01030	0.01030	0.00764	0.01096	0.00631	0.00830	0.00531	0.00299	0.00332	0.00100	0.00399	0.00299	0.00166	0.00531
148	0.00791	0.00757	0.01291	0.19050	0.69432	0.00787	0.01010	0.00995	0.00745	0.01048	0.00624	0.00843	0.00515	0.00306	0.00333	0.00102	0.00408	0.00299	0.00163	0.00500
149	0.00852	0.68006	0.17723	0.00715	0.04915	0.01200	0.00721	0.01017	0.00691	0.00855	0.00500	0.00584	0.00434	0.00294	0.00240	0.00080	0.00386	0.00198	0.00144	0.00448
150	0.00673	0.01735	0.86471	0.00956	0.01452	0.00779	0.01240	0.01062	0.00708	0.01062	0.00602	0.00708	0.00425	0.00319	0.00319	0.00106	0.00496	0.00248	0.00142	0.00496
151	0.00406	0.00311	0.00373	0.00421	0.00477	0.00278	0.00293	0.00476	0.00690	0.00877	0.02430	0.54967	0.33674	0.00974	0.00417	0.00128	0.00187	0.02032	0.00311	0.00277
152	0.00673	0.01735	0.86471	0.00956	0.01452	0.00779	0.01240	0.01062	0.00708	0.01062	0.00602	0.00708	0.00425	0.00319	0.00319	0.00106	0.00496	0.00248	0.00142	0.00496
153	0.00634	0.00596	0.01006	0.87403	0.02311	0.00745	0.00932	0.00857	0.00671	0.00857	0.00596	0.00894	0.00447	0.00335	0.00335	0.00112	0.00447	0.00298	0.00149	0.00373
154	0.00457	0.00342	0.00424	0.00404	0.00491	0.00309	0.00303	0.00600	0.00909	0.01248	0.67672	0.02666	0.21494	0.00722	0.00396	0.00107	0.00161	0.00629	0.00357	0.00309
155	0.01505	0.00571	0.00779	0.00597	0.00856	0.00493	0.00493	0.01635	0.00960	0.86349	0.01324	0.01142	0.00830	0.00415	0.00337	0.00104	0.00285	0.00337	0.00415	0.00571
156	0.00826	0.00799	0.01385	0.03234	0.81033	0.00799	0.04906	0.01029	0.00764	0.01092	0.00633	0.00835	0.00529	0.00299	0.00335	0.00100	0.00407	0.00303	0.00166	0.00526
157	0.01275	0.00940	0.01007	0.00772	0.01040	0.01040	0.00638	0.84998	0.01577	0.02114	0.00805	0.00805	0.00571	0.00403	0.00336	0.00101	0.00369	0.00302	0.00336	0.00571
158	0.01255	0.01561	0.00954	0.00859	0.01037	0.81873	0.00648	0.06203	0.00987	0.00896	0.00535	0.00617	0.00440	0.00349	0.00304	0.00087	0.00591	0.00221	0.00182	0.00399
159	0.00634	0.00596	0.01006	0.87403	0.02311	0.00745	0.00932	0.00857	0.00671	0.00857	0.00596	0.00894	0.00447	0.00335	0.00335	0.00112	0.00447	0.00298	0.00149	0.00373

[dist]
# distance from previous block
# <min> <max>
0	0

# created by:
# /home/cegg/simao/soft/augustus-3.2.1/scripts/msa2prfl.pl ./align_prep/EOG092C50PJ.fa
