[name]
unknown

[dist]
# distance from previous block
# <min> <max>
4	135

[block]
# block no. 0 follows, 72 sequences, length 10
# corresponding to MSA columns:
# 191-195,198,200-203
name=unknown_A
#
# <colnr> <probs for GDERKNQSTAVLIFYWHMCP>
#	G	D	E	R	K	N	Q	S	T	A	V	L	I	F	Y	W	H	M	C	P
0	0.00800	0.00678	0.00932	0.04636	0.16987	0.00606	0.03455	0.03559	0.02281	0.01269	0.02755	0.07928	0.00847	0.00408	0.00333	0.00088	0.00323	0.00359	0.09071	0.42685
1	0.08097	0.10630	0.01215	0.02550	0.17604	0.10807	0.02621	0.15530	0.14665	0.05439	0.00886	0.02469	0.00703	0.00431	0.00395	0.00115	0.04695	0.00335	0.00271	0.00544
2	0.27941	0.04851	0.22477	0.00854	0.01211	0.00878	0.10669	0.09065	0.00909	0.16559	0.00808	0.00862	0.00570	0.00380	0.00333	0.00117	0.00425	0.00298	0.00264	0.00529
3	0.00773	0.00773	0.07174	0.00849	0.06233	0.02246	0.09602	0.05100	0.08527	0.02945	0.05045	0.08368	0.17186	0.02748	0.00475	0.00124	0.04079	0.03066	0.00285	0.14403
4	0.00478	0.00381	0.00428	0.00425	0.00532	0.00331	0.00315	0.00598	0.00922	0.01180	0.29524	0.09384	0.52328	0.00917	0.00451	0.00127	0.00190	0.00784	0.00373	0.00331
5	0.12119	0.05951	0.17517	0.02772	0.01214	0.02728	0.04353	0.25083	0.08745	0.06560	0.00847	0.00896	0.00621	0.00403	0.00357	0.00112	0.01629	0.00308	0.00280	0.07504
6	0.01024	0.38516	0.01343	0.00656	0.00952	0.01070	0.00582	0.11291	0.10745	0.05253	0.00815	0.00859	0.00652	0.00368	0.00293	0.00088	0.00350	0.00269	0.05498	0.19376
7	0.03955	0.00779	0.00835	0.00711	0.00936	0.05587	0.00562	0.10812	0.30777	0.25813	0.04585	0.06351	0.01139	0.00529	0.00379	0.00121	0.00326	0.00432	0.04806	0.00564
8	0.00776	0.00495	0.00572	0.00520	0.00638	0.02013	0.04478	0.07599	0.02694	0.01422	0.01253	0.07781	0.01065	0.00520	0.00339	0.00103	0.02488	0.03232	0.61620	0.00390
9	0.03283	0.15921	0.04296	0.00737	0.05809	0.11726	0.00583	0.02733	0.06437	0.16615	0.04412	0.01132	0.00876	0.00427	0.00320	0.00101	0.00357	0.00329	0.23418	0.00488

[dist]
# distance from previous block
# <min> <max>
0	1

[block]
# block no. 1 follows, 72 sequences, length 12
# corresponding to MSA columns:
# 205-216
name=unknown_B
#
# <colnr> <probs for GDERKNQSTAVLIFYWHMCP>
#	G	D	E	R	K	N	Q	S	T	A	V	L	I	F	Y	W	H	M	C	P
0	0.01154	0.19383	0.01192	0.00775	0.01040	0.03325	0.00647	0.31317	0.28193	0.03986	0.01090	0.04447	0.00857	0.00475	0.00356	0.00113	0.00373	0.00368	0.00331	0.00578
1	0.00536	0.00388	0.00521	0.00525	0.00570	0.00420	0.00373	0.00619	0.00609	0.00843	0.01289	0.06181	0.05803	0.31701	0.47402	0.00476	0.00706	0.00512	0.00228	0.00298
2	0.06192	0.03004	0.24683	0.00994	0.05787	0.03692	0.06245	0.21002	0.04626	0.14139	0.01929	0.00963	0.00669	0.00429	0.00406	0.01413	0.02647	0.00331	0.00282	0.00568
3	0.00957	0.05121	0.12243	0.00840	0.01107	0.02976	0.04784	0.08715	0.42431	0.04608	0.01198	0.01216	0.00912	0.00737	0.10264	0.00179	0.00461	0.00382	0.00312	0.00556
4	0.00479	0.00368	0.00434	0.00453	0.00535	0.00328	0.00324	0.00584	0.00867	0.01128	0.24231	0.28541	0.35450	0.03889	0.00509	0.00142	0.00203	0.00846	0.00365	0.00323
5	0.01003	0.30950	0.36750	0.00904	0.01303	0.16720	0.00986	0.05310	0.00890	0.01104	0.00622	0.00719	0.00492	0.00358	0.00318	0.00102	0.00523	0.00250	0.00178	0.00517
6	0.04075	0.08813	0.19979	0.06657	0.08566	0.07199	0.04636	0.17975	0.06474	0.08048	0.00840	0.00928	0.00625	0.00471	0.02973	0.00129	0.00486	0.00319	0.00255	0.00552
7	0.00556	0.00392	0.00483	0.00507	0.00588	0.00364	0.00367	0.00692	0.04495	0.04502	0.15705	0.38571	0.22602	0.01004	0.00498	0.03303	0.00224	0.04441	0.00362	0.00342
8	0.01369	0.01695	0.01116	0.01018	0.03220	0.74209	0.03356	0.04114	0.04544	0.01019	0.00646	0.00739	0.00527	0.00394	0.00349	0.00101	0.00652	0.00264	0.00209	0.00459
9	0.02902	0.14817	0.11704	0.10384	0.12481	0.04635	0.07889	0.10429	0.04731	0.11579	0.02081	0.02050	0.00696	0.01548	0.00379	0.00116	0.00452	0.00339	0.00251	0.00537
10	0.00999	0.09441	0.13411	0.10966	0.17603	0.06844	0.15262	0.02758	0.00883	0.11125	0.00823	0.03287	0.00648	0.00442	0.02063	0.00126	0.02216	0.00356	0.00222	0.00526
11	0.00492	0.00379	0.00452	0.00473	0.00554	0.00348	0.00339	0.00623	0.03119	0.01121	0.21125	0.30977	0.31522	0.03046	0.03510	0.00158	0.00235	0.00837	0.00360	0.00331

[dist]
# distance from previous block
# <min> <max>
0	1

[block]
# block no. 2 follows, 72 sequences, length 9
# corresponding to MSA columns:
# 218-226
name=unknown_C
#
# <colnr> <probs for GDERKNQSTAVLIFYWHMCP>
#	G	D	E	R	K	N	Q	S	T	A	V	L	I	F	Y	W	H	M	C	P
0	0.00790	0.00674	0.02231	0.27446	0.09642	0.00755	0.04132	0.03544	0.03926	0.05438	0.00901	0.02787	0.00808	0.16652	0.09079	0.00221	0.09923	0.00405	0.00220	0.00424
1	0.04229	0.06588	0.06161	0.03098	0.05884	0.00773	0.04933	0.14454	0.00954	0.01409	0.00705	0.00817	0.00561	0.00328	0.00314	0.00082	0.00364	0.00266	0.00237	0.47843
2	0.00965	0.12570	0.04847	0.10807	0.03420	0.08887	0.05082	0.08843	0.02607	0.10101	0.05584	0.07936	0.03504	0.02897	0.07514	0.00161	0.00468	0.00420	0.00268	0.03117
3	0.00481	0.00351	0.00453	0.00509	0.00558	0.00324	0.00356	0.00576	0.00814	0.01087	0.18057	0.57848	0.11927	0.01078	0.00474	0.00145	0.00214	0.04063	0.00365	0.00321
4	0.00938	0.16334	0.04967	0.10990	0.07574	0.06276	0.07227	0.09799	0.04456	0.02803	0.05575	0.04919	0.03387	0.00494	0.00490	0.00120	0.12544	0.00385	0.00237	0.00484
5	0.02546	0.30415	0.13273	0.04069	0.03812	0.08489	0.05907	0.14911	0.03267	0.07113	0.00753	0.00850	0.00588	0.02024	0.00359	0.00109	0.00462	0.00290	0.00234	0.00530
6	0.00535	0.00360	0.00463	0.00513	0.00570	0.00328	0.00356	0.00620	0.00796	0.05641	0.09754	0.63307	0.13177	0.01081	0.00470	0.00145	0.00218	0.00968	0.00365	0.00333
7	0.00753	0.00578	0.00682	0.04525	0.00837	0.00612	0.00488	0.03457	0.30002	0.04975	0.37924	0.04546	0.07730	0.00668	0.00419	0.00124	0.00251	0.00576	0.00390	0.00462
8	0.00957	0.01027	0.07044	0.11591	0.24506	0.06749	0.22814	0.04536	0.02985	0.04049	0.00746	0.00955	0.00584	0.00391	0.00482	0.00124	0.09371	0.00360	0.00205	0.00526

[dist]
# distance from previous block
# <min> <max>
0	1

[block]
# block no. 3 follows, 72 sequences, length 13
# corresponding to MSA columns:
# 228-240
name=unknown_D
#
# <colnr> <probs for GDERKNQSTAVLIFYWHMCP>
#	G	D	E	R	K	N	Q	S	T	A	V	L	I	F	Y	W	H	M	C	P
0	0.00950	0.00832	0.04259	0.00793	0.02411	0.01993	0.00632	0.05789	0.60989	0.04801	0.03518	0.05367	0.01244	0.00560	0.00396	0.00129	0.00321	0.04076	0.00371	0.00570
1	0.00958	0.43591	0.05014	0.00787	0.07006	0.04534	0.00664	0.03307	0.03800	0.01095	0.00638	0.00731	0.00545	0.00327	0.00281	0.00081	0.00388	0.00236	0.00197	0.25820
2	0.00634	0.00398	0.00490	0.00475	0.00518	0.00403	0.00310	0.00679	0.00620	0.07286	0.01300	0.02230	0.05013	0.58138	0.19566	0.00389	0.00495	0.00519	0.00248	0.00289
3	0.00556	0.00373	0.00429	0.00436	0.00443	0.00373	0.00259	0.00570	0.00576	0.00766	0.01258	0.02621	0.01441	0.80026	0.01821	0.00353	0.00366	0.06853	0.00239	0.00239
4	0.02528	0.00825	0.01223	0.33913	0.27556	0.00917	0.00964	0.18589	0.03050	0.03949	0.00791	0.00986	0.00601	0.00389	0.00374	0.00118	0.00449	0.00340	0.01903	0.00535
5	0.00584	0.00463	0.00667	0.00643	0.00693	0.00561	0.00498	0.00697	0.00599	0.00869	0.00962	0.01507	0.00932	0.11939	0.63802	0.00519	0.13117	0.00412	0.00201	0.00337
6	0.00576	0.00414	0.00553	0.00543	0.00569	0.00464	0.00381	0.00620	0.00577	0.00805	0.01061	0.05160	0.01131	0.38104	0.32252	0.08391	0.07422	0.00482	0.00214	0.00282
7	0.00842	0.00813	0.01420	0.32804	0.45064	0.00869	0.07907	0.01084	0.00834	0.01146	0.03129	0.01027	0.00650	0.00364	0.00385	0.00119	0.00479	0.00357	0.00188	0.00520
8	0.00574	0.00383	0.00493	0.00506	0.00580	0.00353	0.00366	0.00692	0.00888	0.05889	0.33933	0.32586	0.09212	0.06843	0.00563	0.00152	0.00225	0.05042	0.00375	0.00344
9	0.01116	0.57402	0.01674	0.00779	0.02778	0.23194	0.00681	0.03488	0.00882	0.00963	0.02175	0.00690	0.00554	0.00360	0.00297	0.00089	0.01985	0.00232	0.00182	0.00477
10	0.00485	0.00350	0.00460	0.00531	0.00567	0.00324	0.00361	0.00557	0.00726	0.00975	0.01989	0.75764	0.02365	0.05122	0.00545	0.00161	0.00235	0.04315	0.00341	0.03828
11	0.00693	0.07630	0.03739	0.00615	0.00720	0.07898	0.00486	0.00797	0.00671	0.02850	0.01011	0.04897	0.01001	0.20130	0.42787	0.02367	0.00719	0.00427	0.00215	0.00346
12	0.10399	0.00977	0.02517	0.19690	0.34926	0.12279	0.03910	0.03415	0.00854	0.01198	0.00661	0.00879	0.00537	0.00379	0.00414	0.00118	0.05833	0.00314	0.00193	0.00506

[dist]
# distance from previous block
# <min> <max>
0	1

[block]
# block no. 4 follows, 72 sequences, length 7
# corresponding to MSA columns:
# 242-248
name=unknown_E
#
# <colnr> <probs for GDERKNQSTAVLIFYWHMCP>
#	G	D	E	R	K	N	Q	S	T	A	V	L	I	F	Y	W	H	M	C	P
0	0.02589	0.05392	0.22564	0.08517	0.23422	0.00921	0.20659	0.03271	0.02852	0.03354	0.00808	0.00980	0.02201	0.00365	0.00382	0.00119	0.00510	0.00353	0.00200	0.00542
1	0.00707	0.00353	0.00353	0.00353	0.00442	0.00353	0.00265	0.00884	0.00795	0.01414	0.01237	0.01414	0.00972	0.00442	0.00265	0.00088	0.00177	0.00353	0.88777	0.00353
2	0.00904	0.00817	0.07945	0.04741	0.06869	0.00626	0.00633	0.04800	0.02988	0.08419	0.00781	0.00874	0.00606	0.00326	0.00314	0.00078	0.00337	0.00266	0.00246	0.57427
3	0.00542	0.00371	0.00422	0.00422	0.00436	0.00369	0.00248	0.00558	0.00581	0.00768	0.01412	0.02529	0.08446	0.74857	0.06245	0.00360	0.00387	0.00565	0.00239	0.00243
4	0.00641	0.00337	0.00488	0.00486	0.00492	0.00335	0.00323	0.00515	0.00540	0.00727	0.06654	0.01384	0.00928	0.08463	0.01446	0.75173	0.00322	0.00373	0.00188	0.00184
5	0.01065	0.24593	0.12621	0.02492	0.04243	0.23269	0.03512	0.09391	0.00946	0.01121	0.02148	0.00825	0.00592	0.00509	0.02745	0.06450	0.00517	0.00278	0.00202	0.02483
6	0.01086	0.38602	0.20082	0.00837	0.01185	0.15435	0.03195	0.01328	0.04801	0.09138	0.00721	0.00781	0.00564	0.00367	0.00312	0.00100	0.00481	0.00262	0.00209	0.00517

[dist]
# distance from previous block
# <min> <max>
0	2

[block]
# block no. 5 follows, 72 sequences, length 13
# corresponding to MSA columns:
# 251-263
name=unknown_F
#
# <colnr> <probs for GDERKNQSTAVLIFYWHMCP>
#	G	D	E	R	K	N	Q	S	T	A	V	L	I	F	Y	W	H	M	C	P
0	0.02603	0.25127	0.08934	0.00904	0.01170	0.30700	0.08027	0.02268	0.02082	0.03169	0.01774	0.00814	0.00585	0.00526	0.05194	0.00132	0.05043	0.00280	0.00197	0.00471
1	0.55189	0.05996	0.00788	0.00606	0.00839	0.00895	0.00506	0.06312	0.02989	0.11642	0.00698	0.00761	0.00526	0.00401	0.00357	0.00118	0.07904	0.00253	0.00265	0.02957
2	0.00716	0.00544	0.00752	0.00765	0.05855	0.00549	0.05479	0.10171	0.01978	0.02465	0.01609	0.16974	0.05492	0.19032	0.03727	0.00210	0.00377	0.22616	0.00306	0.00382
3	0.00707	0.00353	0.00353	0.00353	0.00442	0.00353	0.00265	0.00884	0.00795	0.01414	0.01237	0.01414	0.00972	0.00442	0.00265	0.00088	0.00177	0.00353	0.88777	0.00353
4	0.28445	0.00671	0.00680	0.00608	0.00798	0.03451	0.00485	0.06782	0.07748	0.16279	0.07486	0.04986	0.02437	0.07505	0.00486	0.00146	0.00320	0.09901	0.00331	0.00454
5	0.01309	0.04791	0.07600	0.00945	0.01185	0.55104	0.00774	0.13893	0.06339	0.01212	0.00699	0.00775	0.00554	0.00411	0.00373	0.00105	0.02937	0.00274	0.00231	0.00491
6	0.00769	0.00753	0.08655	0.38838	0.05847	0.00708	0.02085	0.02040	0.04538	0.07265	0.02527	0.01605	0.18496	0.00514	0.00391	0.00122	0.00407	0.00440	0.00248	0.03753
7	0.13411	0.10587	0.05597	0.00719	0.01008	0.10293	0.00624	0.05859	0.04699	0.41885	0.01080	0.01013	0.00735	0.00424	0.00340	0.00112	0.00386	0.00316	0.00347	0.00566
8	0.00707	0.00353	0.00353	0.00353	0.00442	0.00353	0.00265	0.00884	0.00795	0.01414	0.01237	0.01414	0.00972	0.00442	0.00265	0.00088	0.00177	0.00353	0.88777	0.00353
9	0.14334	0.00704	0.00876	0.00690	0.00962	0.00682	0.03095	0.09397	0.05883	0.52176	0.06306	0.01249	0.00996	0.00468	0.00366	0.00118	0.00327	0.00375	0.00410	0.00587
10	0.00508	0.00381	0.00471	0.00460	0.00552	0.00344	0.00341	0.00656	0.00988	0.01346	0.56586	0.11446	0.22806	0.00861	0.00451	0.00125	0.00186	0.00753	0.00395	0.00344
11	0.00992	0.20521	0.24626	0.06063	0.01334	0.13446	0.04338	0.04399	0.14927	0.03260	0.00860	0.00927	0.01917	0.00398	0.00343	0.00110	0.00483	0.00306	0.00225	0.00524
12	0.00892	0.02264	0.03712	0.02729	0.00928	0.00759	0.00567	0.09955	0.37431	0.06601	0.18675	0.04740	0.07917	0.00605	0.00402	0.00124	0.00294	0.00510	0.00376	0.00518

[dist]
# distance from previous block
# <min> <max>
6	12

[block]
# block no. 6 follows, 72 sequences, length 17
# corresponding to MSA columns:
# 279-295
name=unknown_G
#
# <colnr> <probs for GDERKNQSTAVLIFYWHMCP>
#	G	D	E	R	K	N	Q	S	T	A	V	L	I	F	Y	W	H	M	C	P
0	0.00922	0.00852	0.00853	0.00641	0.00957	0.11433	0.00508	0.07881	0.00907	0.01293	0.00683	0.00784	0.00559	0.00310	0.00297	0.00066	0.00344	0.00237	0.00234	0.70240
1	0.00866	0.11776	0.50948	0.00975	0.04935	0.00882	0.01084	0.04599	0.00864	0.06538	0.03374	0.04857	0.00735	0.00421	0.00356	0.00114	0.00473	0.01291	0.00213	0.04700
2	0.00780	0.03570	0.14213	0.01031	0.18014	0.09291	0.00757	0.01816	0.01725	0.02361	0.12482	0.01683	0.12199	0.02647	0.14240	0.00202	0.00504	0.01786	0.00250	0.00451
3	0.00628	0.00354	0.00507	0.00513	0.00516	0.00365	0.00344	0.00522	0.00536	0.00721	0.00907	0.13528	0.00984	0.09097	0.01370	0.64347	0.03905	0.00458	0.00198	0.00202
4	0.00836	0.00832	0.01436	0.50025	0.12778	0.03407	0.19567	0.04480	0.00855	0.01117	0.00707	0.00991	0.00539	0.00364	0.00393	0.00124	0.00530	0.00360	0.00186	0.00474
5	0.01172	0.00730	0.00871	0.00696	0.03511	0.02742	0.00541	0.10160	0.02632	0.29107	0.04227	0.01099	0.01933	0.00400	0.00340	0.00090	0.00320	0.00323	0.00333	0.38775
6	0.01092	0.08001	0.25925	0.02783	0.11767	0.04573	0.01782	0.23184	0.01094	0.09211	0.00825	0.00940	0.00619	0.02715	0.02411	0.00132	0.01803	0.00319	0.00256	0.00566
7	0.03265	0.01016	0.22541	0.07866	0.14853	0.00739	0.04302	0.02626	0.05849	0.15567	0.13046	0.01372	0.04359	0.00469	0.00386	0.00120	0.00406	0.00405	0.00283	0.00530
8	0.00462	0.00330	0.00440	0.00528	0.00550	0.00308	0.00352	0.00528	0.00726	0.00968	0.02090	0.86424	0.02508	0.01188	0.00484	0.00154	0.00220	0.01078	0.00352	0.00308
9	0.53317	0.00868	0.00795	0.00652	0.00915	0.00984	0.00538	0.34696	0.01112	0.01984	0.00685	0.00737	0.00507	0.00394	0.00294	0.00116	0.00344	0.00261	0.00294	0.00507
10	0.11129	0.03110	0.04292	0.01512	0.37031	0.02604	0.09392	0.13238	0.01004	0.11870	0.00816	0.00932	0.00616	0.00373	0.00364	0.00115	0.00439	0.00333	0.00255	0.00574
11	0.00476	0.00358	0.00433	0.00470	0.00534	0.00323	0.00327	0.00566	0.00816	0.01064	0.16322	0.43093	0.26847	0.05884	0.00549	0.00153	0.00213	0.00900	0.00356	0.00316
12	0.01015	0.10087	0.27434	0.02854	0.12262	0.09766	0.12914	0.09755	0.04424	0.04810	0.00766	0.00881	0.00577	0.00372	0.00365	0.00114	0.00518	0.00318	0.00218	0.00550
13	0.21508	0.03445	0.04088	0.15466	0.04199	0.08791	0.00653	0.04839	0.10167	0.01320	0.03606	0.13243	0.00953	0.00512	0.00349	0.00119	0.00378	0.00413	0.00258	0.05691
14	0.03639	0.08532	0.06489	0.02084	0.01005	0.03578	0.00596	0.12624	0.06418	0.07864	0.08912	0.01063	0.00915	0.00400	0.00330	0.00091	0.00342	0.00315	0.00283	0.34521
15	0.06017	0.04573	0.05167	0.07761	0.10270	0.03502	0.03515	0.25178	0.08063	0.05149	0.01781	0.04132	0.00776	0.00445	0.00363	0.00112	0.00403	0.02326	0.00288	0.10179
16	0.03706	0.00839	0.09386	0.03178	0.07972	0.02791	0.00691	0.09811	0.06676	0.28901	0.08424	0.04699	0.03588	0.00522	0.00386	0.00119	0.00358	0.03287	0.00351	0.04316

[dist]
# distance from previous block
# <min> <max>
3	34

[block]
# block no. 7 follows, 72 sequences, length 14
# corresponding to MSA columns:
# 332-345
name=unknown_H
#
# <colnr> <probs for GDERKNQSTAVLIFYWHMCP>
#	G	D	E	R	K	N	Q	S	T	A	V	L	I	F	Y	W	H	M	C	P
0	0.03443	0.14853	0.14053	0.00799	0.03829	0.00777	0.10659	0.02920	0.02772	0.01238	0.03324	0.01294	0.00870	0.04289	0.02379	0.00128	0.00393	0.04511	0.22644	0.04824
1	0.00846	0.16029	0.24176	0.00804	0.01116	0.00861	0.04653	0.05524	0.09932	0.05181	0.07702	0.03220	0.04744	0.00767	0.10944	0.00175	0.00486	0.00388	0.00253	0.02197
2	0.05064	0.00726	0.12136	0.02321	0.00854	0.03066	0.02913	0.03435	0.00845	0.07695	0.09299	0.01468	0.03933	0.03422	0.13201	0.00190	0.00424	0.00396	0.25716	0.02896
3	0.05966	0.20620	0.15968	0.15773	0.10191	0.06152	0.00880	0.07826	0.02086	0.01205	0.00704	0.03201	0.00582	0.00382	0.00330	0.00106	0.00451	0.00298	0.00203	0.07078
4	0.03614	0.47491	0.18004	0.00862	0.04851	0.05182	0.03664	0.05677	0.02626	0.01123	0.03335	0.00785	0.00615	0.00362	0.00301	0.00098	0.00447	0.00263	0.00193	0.00510
5	0.00796	0.02108	0.00924	0.15666	0.01202	0.00705	0.08865	0.14814	0.08121	0.02485	0.06113	0.12002	0.16145	0.04072	0.02260	0.00146	0.00372	0.00557	0.02204	0.00442
6	0.01073	0.58840	0.07148	0.04539	0.01134	0.19790	0.00734	0.01216	0.00839	0.00924	0.00557	0.00655	0.00488	0.00344	0.00279	0.00089	0.00481	0.00223	0.00170	0.00478
7	0.00544	0.00396	0.00556	0.00556	0.00605	0.00445	0.00407	0.00643	0.00594	0.00841	0.01065	0.01761	0.01066	0.25788	0.62387	0.00543	0.00838	0.00446	0.00210	0.00309
8	0.00746	0.00401	0.00414	0.00398	0.00499	0.00411	0.00303	0.06054	0.00849	0.01452	0.01207	0.01386	0.00950	0.00549	0.04023	0.00113	0.00229	0.00355	0.79292	0.00371
9	0.00731	0.26957	0.03065	0.00659	0.00825	0.00845	0.04201	0.00869	0.00796	0.01064	0.21421	0.03630	0.04772	0.07450	0.11954	0.00199	0.09465	0.00447	0.00250	0.00400
10	0.00605	0.00472	0.00584	0.01762	0.00701	0.00436	0.01673	0.00801	0.07446	0.02834	0.15712	0.27123	0.18106	0.02845	0.00471	0.00130	0.01104	0.02913	0.00339	0.13942
11	0.05228	0.38050	0.25016	0.00807	0.01171	0.10437	0.00847	0.01272	0.06791	0.03347	0.00681	0.00754	0.00545	0.00359	0.00302	0.00099	0.00461	0.00251	0.00195	0.03387
12	0.03925	0.81134	0.04782	0.00659	0.00988	0.01458	0.00667	0.01137	0.00768	0.00930	0.00533	0.00615	0.00484	0.00327	0.00247	0.00084	0.00407	0.00206	0.00165	0.00487
13	0.05842	0.12436	0.29939	0.00761	0.01050	0.04354	0.02764	0.02186	0.00748	0.01058	0.00929	0.04697	0.02769	0.22719	0.00764	0.00179	0.01667	0.01400	0.00205	0.03534

[dist]
# distance from previous block
# <min> <max>
1	6

[block]
# block no. 8 follows, 72 sequences, length 37
# corresponding to MSA columns:
# 352-370,372-389
name=unknown_I
#
# <colnr> <probs for GDERKNQSTAVLIFYWHMCP>
#	G	D	E	R	K	N	Q	S	T	A	V	L	I	F	Y	W	H	M	C	P
0	0.08932	0.06378	0.15839	0.03434	0.31136	0.11075	0.05787	0.03932	0.02211	0.01245	0.02553	0.00886	0.00612	0.00379	0.00391	0.00115	0.04055	0.00312	0.00200	0.00529
1	0.56312	0.00714	0.00637	0.00545	0.00772	0.00796	0.00446	0.12478	0.00868	0.08737	0.02277	0.00861	0.00620	0.00396	0.00275	0.00113	0.00295	0.00268	0.12136	0.00454
2	0.00783	0.39250	0.05004	0.00618	0.00845	0.00922	0.02793	0.02332	0.00921	0.01210	0.36003	0.03525	0.03311	0.00549	0.00352	0.00103	0.00315	0.00450	0.00282	0.00432
3	0.00527	0.00388	0.00560	0.00577	0.00631	0.00433	0.00430	0.00638	0.00628	0.00886	0.01243	0.18374	0.01292	0.09326	0.61653	0.00500	0.00806	0.00551	0.00235	0.00324
4	0.00529	0.00388	0.00498	0.00474	0.00562	0.00362	0.00353	0.00691	0.01004	0.01403	0.68178	0.02813	0.10813	0.04487	0.05633	0.00160	0.00239	0.00674	0.00391	0.00348
5	0.01206	0.48139	0.01599	0.00757	0.01065	0.07016	0.00682	0.32671	0.01181	0.01471	0.00679	0.00730	0.00548	0.00379	0.00302	0.00095	0.00429	0.00259	0.00248	0.00544
6	0.00462	0.00330	0.00440	0.00528	0.00550	0.00308	0.00352	0.00528	0.00726	0.00968	0.02090	0.86424	0.02508	0.01188	0.00484	0.00154	0.00220	0.01078	0.00352	0.00308
7	0.00767	0.00594	0.00762	0.00676	0.00827	0.00609	0.06051	0.12269	0.16340	0.03637	0.23713	0.24540	0.06111	0.00764	0.00435	0.00131	0.00281	0.00677	0.00372	0.00445
8	0.01038	0.19430	0.11610	0.09209	0.06707	0.05283	0.07958	0.02411	0.02830	0.17762	0.01019	0.09098	0.02096	0.00469	0.00373	0.00115	0.01426	0.00395	0.00259	0.00513
9	0.01309	0.01642	0.01001	0.00913	0.01099	0.75264	0.00685	0.01411	0.01062	0.00967	0.05460	0.00984	0.05728	0.00447	0.00354	0.00101	0.00626	0.00303	0.00217	0.00428
10	0.00791	0.00678	0.00788	0.00568	0.00901	0.00518	0.00454	0.00984	0.03068	0.01245	0.00698	0.00804	0.00578	0.00287	0.00284	0.00058	0.00281	0.00230	0.00229	0.86555
11	0.00761	0.01962	0.84707	0.01081	0.01641	0.00881	0.01401	0.01201	0.00801	0.01201	0.00681	0.00801	0.00480	0.00360	0.00360	0.00120	0.00560	0.00280	0.00160	0.00560
12	0.00716	0.00674	0.01138	0.85760	0.02612	0.00843	0.01053	0.00969	0.00758	0.00969	0.00674	0.01011	0.00506	0.00379	0.00379	0.00126	0.00506	0.00337	0.00169	0.00421
13	0.00550	0.00373	0.00442	0.00442	0.00452	0.00383	0.00265	0.00570	0.00560	0.00756	0.01169	0.02339	0.01317	0.74593	0.13925	0.00403	0.00461	0.00531	0.00226	0.00245
14	0.00943	0.00815	0.00858	0.00772	0.00986	0.00943	0.00600	0.02015	0.83621	0.01586	0.01544	0.01415	0.01158	0.00515	0.00386	0.00129	0.00300	0.00429	0.00386	0.00600
15	0.89350	0.00733	0.00557	0.00499	0.00733	0.00851	0.00411	0.01115	0.00645	0.01702	0.00528	0.00616	0.00411	0.00352	0.00235	0.00117	0.00293	0.00205	0.00235	0.00411
16	0.00542	0.00406	0.00610	0.00610	0.00677	0.00474	0.00474	0.00677	0.00610	0.00880	0.01016	0.01490	0.00948	0.02844	0.85169	0.00610	0.01016	0.00406	0.00203	0.00339
17	0.32003	0.00768	0.00818	0.00657	0.00926	0.00802	0.00540	0.19164	0.03732	0.34082	0.02315	0.01002	0.00740	0.00432	0.00331	0.00117	0.00330	0.00318	0.00365	0.00558
18	0.89350	0.00733	0.00557	0.00499	0.00733	0.00851	0.00411	0.01115	0.00645	0.01702	0.00528	0.00616	0.00411	0.00352	0.00235	0.00117	0.00293	0.00205	0.00235	0.00411
19	0.00976	0.08675	0.14131	0.00984	0.06457	0.10561	0.11900	0.03520	0.02347	0.08443	0.05897	0.02134	0.00842	0.01327	0.00410	0.00110	0.03542	0.02583	0.00242	0.14920
20	0.30003	0.07785	0.04079	0.00920	0.01228	0.01007	0.21910	0.21588	0.01017	0.02755	0.00706	0.00817	0.00532	0.00373	0.00350	0.00116	0.01854	0.00309	0.00253	0.02398
21	0.01595	0.00795	0.00970	0.00746	0.01042	0.00783	0.00616	0.30416	0.02954	0.54025	0.01291	0.01159	0.00840	0.00465	0.00381	0.00116	0.00356	0.00368	0.00436	0.00644
22	0.08146	0.00827	0.01102	0.16082	0.08361	0.06930	0.07796	0.08593	0.00883	0.11614	0.00856	0.02756	0.00711	0.05968	0.01890	0.01124	0.13676	0.01964	0.00247	0.00472
23	0.00901	0.09080	0.03514	0.22546	0.03262	0.06646	0.36280	0.04808	0.00888	0.01143	0.00770	0.02472	0.00629	0.00393	0.00418	0.00123	0.02359	0.03091	0.00198	0.00479
24	0.00510	0.00387	0.00469	0.00449	0.00550	0.00346	0.00336	0.00663	0.01009	0.01369	0.59504	0.03083	0.28275	0.00832	0.00448	0.00122	0.00183	0.00721	0.00397	0.00346
25	0.00659	0.00329	0.00494	0.00494	0.00494	0.00329	0.00329	0.00494	0.00494	0.00659	0.00659	0.01153	0.00659	0.01318	0.01482	0.88966	0.00329	0.00329	0.00165	0.00165
26	0.01000	0.19870	0.07592	0.14831	0.20374	0.05670	0.06438	0.14054	0.00976	0.01272	0.00719	0.00932	0.00586	0.00385	0.00367	0.00111	0.01855	0.02228	0.00211	0.00527
27	0.01576	0.00793	0.00951	0.00740	0.01028	0.02741	0.00607	0.23051	0.06841	0.55535	0.01325	0.01186	0.00866	0.00467	0.00380	0.00117	0.00354	0.00371	0.00434	0.00637
28	0.00454	0.00384	0.00393	0.00391	0.00516	0.00323	0.00293	0.00556	0.00879	0.01059	0.09438	0.03593	0.78534	0.00948	0.00448	0.00127	0.00191	0.00792	0.00357	0.00323
29	0.00542	0.00406	0.00610	0.00610	0.00677	0.00474	0.00474	0.00677	0.00610	0.00880	0.01016	0.01490	0.00948	0.02844	0.85169	0.00610	0.01016	0.00406	0.00203	0.00339
30	0.02391	0.01120	0.21517	0.30165	0.09876	0.04726	0.08416	0.08822	0.00915	0.05302	0.00776	0.02910	0.00593	0.00396	0.00379	0.00121	0.00506	0.00347	0.00211	0.00511
31	0.00779	0.08004	0.78822	0.01050	0.01594	0.00925	0.01348	0.01196	0.00799	0.01179	0.00670	0.00787	0.00481	0.00358	0.00352	0.00117	0.00549	0.00275	0.00160	0.00555
32	0.01417	0.01808	0.01075	0.00977	0.01172	0.85149	0.00733	0.01514	0.01075	0.00928	0.00586	0.00684	0.00489	0.00391	0.00342	0.00098	0.00684	0.00244	0.00195	0.00440
33	0.00707	0.00353	0.00353	0.00353	0.00442	0.00353	0.00265	0.00884	0.00795	0.01414	0.01237	0.01414	0.00972	0.00442	0.00265	0.00088	0.00177	0.00353	0.88777	0.00353
34	0.00552	0.00368	0.00414	0.00414	0.00414	0.00368	0.00230	0.00552	0.00552	0.00735	0.01195	0.02482	0.01379	0.86672	0.01930	0.00368	0.00368	0.00552	0.00230	0.00230
35	0.19419	0.04932	0.02656	0.00828	0.03094	0.04455	0.08424	0.21190	0.14111	0.01630	0.01807	0.04493	0.00753	0.00432	0.00343	0.00111	0.00382	0.00347	0.00288	0.10306
36	0.04818	0.00748	0.00958	0.05368	0.22748	0.08607	0.03803	0.02096	0.03247	0.04842	0.08427	0.17256	0.07293	0.00597	0.00393	0.00119	0.00364	0.00527	0.01978	0.05812

[dist]
# distance from previous block
# <min> <max>
2	72

[block]
# block no. 9 follows, 72 sequences, length 32
# corresponding to MSA columns:
# 469-500
name=unknown_J
#
# <colnr> <probs for GDERKNQSTAVLIFYWHMCP>
#	G	D	E	R	K	N	Q	S	T	A	V	L	I	F	Y	W	H	M	C	P
0	0.03612	0.20829	0.20997	0.02182	0.06570	0.03801	0.04286	0.06688	0.17428	0.02929	0.00847	0.00907	0.00653	0.00384	0.00336	0.00107	0.00432	0.00303	0.00237	0.06473
1	0.21530	0.24359	0.32278	0.00819	0.01195	0.05149	0.02206	0.02773	0.00784	0.01237	0.00600	0.00707	0.00473	0.00359	0.00325	0.00108	0.02901	0.00245	0.00186	0.01766
2	0.04431	0.01233	0.30586	0.01134	0.02700	0.00857	0.27121	0.03052	0.07818	0.03891	0.03017	0.03081	0.02268	0.01576	0.00443	0.00130	0.02860	0.03056	0.00229	0.00517
3	0.00815	0.00458	0.00469	0.00430	0.00550	0.00475	0.00332	0.12977	0.00941	0.01558	0.01189	0.01340	0.00924	0.00444	0.00282	0.00092	0.00212	0.00352	0.75765	0.00396
4	0.00477	0.00396	0.03141	0.00517	0.00578	0.00333	0.00374	0.00568	0.00775	0.01025	0.08992	0.62618	0.15075	0.02618	0.00497	0.00150	0.00226	0.00968	0.00349	0.00321
5	0.00990	0.01640	0.64232	0.00982	0.01477	0.00802	0.01195	0.01359	0.00870	0.21564	0.00880	0.00920	0.00592	0.00387	0.00365	0.00119	0.00502	0.00305	0.00236	0.00581
6	0.00928	0.00953	0.04982	0.02225	0.75018	0.00904	0.07049	0.01169	0.00863	0.01236	0.00716	0.00939	0.00594	0.00338	0.00380	0.00114	0.00469	0.00343	0.00187	0.00593
7	0.00863	0.13576	0.07556	0.50661	0.08203	0.09052	0.00990	0.02906	0.00824	0.01023	0.00653	0.00897	0.00509	0.00369	0.00354	0.00115	0.00506	0.00304	0.00176	0.00461
8	0.02535	0.00433	0.00542	0.00506	0.00624	0.00402	0.00382	0.00861	0.03852	0.11179	0.51093	0.12021	0.12528	0.00790	0.00437	0.00124	0.00209	0.00689	0.00404	0.00391
9	0.00549	0.00378	0.00463	0.00463	0.00481	0.00395	0.00292	0.00583	0.00566	0.00772	0.01149	0.02230	0.01269	0.65361	0.23091	0.00429	0.00532	0.00515	0.00223	0.00257
10	0.00559	0.00428	0.00629	0.00619	0.00679	0.00507	0.00479	0.00683	0.00604	0.00873	0.00997	0.01514	0.00949	0.07901	0.75249	0.00569	0.05810	0.00411	0.00203	0.00336
11	0.00771	0.00730	0.01236	0.65292	0.22654	0.00857	0.01080	0.01017	0.00784	0.01035	0.00684	0.00993	0.00529	0.00369	0.00378	0.00123	0.00492	0.00337	0.00173	0.00465
12	0.00490	0.00364	0.00459	0.00492	0.00559	0.00332	0.00353	0.00604	0.00872	0.01167	0.29283	0.39963	0.18147	0.01004	0.00467	0.00139	0.00207	0.04397	0.00373	0.00328
13	0.00489	0.00385	0.00443	0.00447	0.00552	0.00340	0.00339	0.00614	0.00920	0.01182	0.28367	0.09430	0.47209	0.00926	0.00456	0.00131	0.00202	0.06863	0.00372	0.00333
14	0.01442	0.01062	0.01138	0.00873	0.01176	0.01176	0.00721	0.83041	0.01783	0.02390	0.00911	0.00911	0.00645	0.00455	0.00379	0.00114	0.00417	0.00341	0.00379	0.00645
15	0.89350	0.00733	0.00557	0.00499	0.00733	0.00851	0.00411	0.01115	0.00645	0.01702	0.00528	0.00616	0.00411	0.00352	0.00235	0.00117	0.00293	0.00205	0.00235	0.00411
16	0.00532	0.00377	0.00506	0.00583	0.00629	0.00367	0.00442	0.00634	0.00765	0.01009	0.01954	0.43747	0.02248	0.10938	0.00666	0.00187	0.00289	0.33473	0.00337	0.00316
17	0.00834	0.00842	0.01230	0.01034	0.01058	0.01149	0.06013	0.00932	0.00601	0.00932	0.00515	0.00842	0.00503	0.00642	0.01194	0.00164	0.80590	0.00339	0.00168	0.00421
18	0.01582	0.00726	0.00917	0.00715	0.01001	0.00692	0.00587	0.14098	0.09981	0.63350	0.01413	0.01247	0.00918	0.00472	0.00382	0.00118	0.00335	0.00380	0.00447	0.00641
19	0.01442	0.01062	0.01138	0.00873	0.01176	0.01176	0.00721	0.83041	0.01783	0.02390	0.00911	0.00911	0.00645	0.00455	0.00379	0.00114	0.00417	0.00341	0.00379	0.00645
20	0.00452	0.00384	0.00389	0.00388	0.00514	0.00322	0.00291	0.00551	0.00873	0.01045	0.07116	0.03617	0.80865	0.00953	0.00448	0.00128	0.00192	0.00796	0.00355	0.00322
21	0.11570	0.00948	0.01008	0.00790	0.01077	0.02419	0.00649	0.52970	0.06361	0.16902	0.01003	0.00971	0.00698	0.00448	0.00363	0.00115	0.00384	0.00336	0.00376	0.00612
22	0.00833	0.00679	0.00739	0.00675	0.00858	0.00747	0.00527	0.03085	0.53089	0.03698	0.13322	0.02048	0.12438	0.00636	0.00410	0.00129	0.00275	0.04908	0.00386	0.00518
23	0.00830	0.00830	0.01162	0.00996	0.00996	0.01162	0.00830	0.00913	0.00581	0.00913	0.00498	0.00830	0.00498	0.00664	0.01245	0.00166	0.85977	0.00332	0.00166	0.00415
24	0.00460	0.00350	0.00424	0.00478	0.00538	0.00314	0.00331	0.00541	0.00786	0.01009	0.05994	0.55557	0.29657	0.01096	0.00471	0.00144	0.00209	0.00970	0.00355	0.00314
25	0.00939	0.00577	0.00601	0.00517	0.00674	0.00613	0.00409	0.26830	0.01107	0.01722	0.01134	0.01255	0.00869	0.00446	0.00301	0.00096	0.00253	0.00350	0.60860	0.00446
26	0.00991	0.06091	0.00963	0.02966	0.02410	0.27473	0.03220	0.03962	0.00826	0.03619	0.00792	0.04553	0.00739	0.01768	0.07304	0.20289	0.08294	0.03151	0.00211	0.00378
27	0.02530	0.36828	0.41738	0.00862	0.01280	0.03695	0.01000	0.01152	0.00783	0.01057	0.00631	0.00753	0.00508	0.00487	0.05112	0.00131	0.00521	0.00253	0.00166	0.00511
28	0.00627	0.00486	0.00675	0.00642	0.00691	0.00580	0.00492	0.03229	0.00632	0.00902	0.00971	0.01610	0.00965	0.17434	0.46687	0.05210	0.14743	0.02882	0.00210	0.00332
29	0.00473	0.00336	0.00443	0.00525	0.00547	0.00316	0.00351	0.00538	0.00718	0.00957	0.02024	0.77924	0.02418	0.07302	0.00589	0.00170	0.00235	0.03488	0.00343	0.00304
30	0.01316	0.20513	0.02903	0.00903	0.01138	0.61876	0.00727	0.04554	0.01030	0.00982	0.00588	0.00678	0.00494	0.00378	0.00322	0.00095	0.00610	0.00240	0.00194	0.00460
31	0.00884	0.00869	0.01495	0.04830	0.04899	0.00874	0.36842	0.05717	0.17307	0.01330	0.02818	0.01282	0.03683	0.00432	0.00444	0.00122	0.03959	0.02746	0.00256	0.09210

[dist]
# distance from previous block
# <min> <max>
0	1

[block]
# block no. 10 follows, 72 sequences, length 44
# corresponding to MSA columns:
# 503-546
name=unknown_K
#
# <colnr> <probs for GDERKNQSTAVLIFYWHMCP>
#	G	D	E	R	K	N	Q	S	T	A	V	L	I	F	Y	W	H	M	C	P
0	0.01039	0.00846	0.00899	0.00784	0.01014	0.00966	0.00617	0.13897	0.69178	0.04154	0.01449	0.01337	0.01076	0.00505	0.00385	0.00126	0.00318	0.00415	0.00387	0.00608
1	0.85177	0.00750	0.00588	0.00542	0.02322	0.01976	0.00431	0.01132	0.00662	0.02936	0.00547	0.00633	0.00423	0.00354	0.00241	0.00117	0.00302	0.00211	0.00237	0.00418
2	0.00865	0.03804	0.39062	0.01330	0.15729	0.07541	0.16411	0.01209	0.03244	0.01186	0.02005	0.04429	0.00668	0.00395	0.00382	0.00119	0.00535	0.00360	0.00192	0.00534
3	0.00642	0.00337	0.00484	0.00485	0.00487	0.00337	0.00319	0.00508	0.00509	0.00678	0.00763	0.01407	0.00793	0.14267	0.01534	0.74036	0.00336	0.01723	0.00178	0.00178
4	0.32169	0.00914	0.14039	0.03290	0.02500	0.00801	0.07115	0.06961	0.03222	0.08251	0.02355	0.02858	0.02265	0.01983	0.07963	0.00169	0.02080	0.00337	0.00255	0.00473
5	0.00798	0.00671	0.00789	0.00570	0.00897	0.00514	0.00456	0.00964	0.00788	0.02659	0.00705	0.01989	0.00594	0.00303	0.00300	0.00060	0.01615	0.00241	0.00230	0.84857
6	0.01385	0.08509	0.01147	0.00951	0.01157	0.78561	0.00726	0.01485	0.01051	0.00925	0.00582	0.00678	0.00488	0.00386	0.00334	0.00096	0.00662	0.00241	0.00193	0.00443
7	0.00541	0.00375	0.00485	0.00535	0.00589	0.00351	0.00371	0.03029	0.00801	0.03476	0.08629	0.68296	0.05200	0.02073	0.00488	0.00149	0.00229	0.02167	0.00358	0.01856
8	0.00994	0.18222	0.14211	0.01143	0.06262	0.02908	0.27220	0.07698	0.06291	0.06175	0.00817	0.00973	0.00635	0.03278	0.00422	0.00121	0.00499	0.00350	0.00226	0.01556
9	0.00638	0.00355	0.00386	0.00396	0.00476	0.00346	0.00290	0.00795	0.00820	0.01341	0.11083	0.14923	0.04927	0.00618	0.00328	0.00104	0.00184	0.00523	0.61121	0.00346
10	0.00548	0.00381	0.00481	0.00481	0.00504	0.00404	0.00314	0.00595	0.00571	0.00785	0.01134	0.02142	0.01231	0.57932	0.30468	0.00451	0.00590	0.00502	0.00221	0.00267
11	0.00650	0.00686	0.10856	0.02663	0.14255	0.00543	0.00696	0.00844	0.00876	0.02233	0.11646	0.05883	0.19897	0.00779	0.00456	0.00139	0.01256	0.24923	0.00305	0.00414
12	0.01965	0.11546	0.22859	0.01892	0.03203	0.11455	0.03689	0.14549	0.10396	0.12298	0.00892	0.00927	0.00651	0.00409	0.00367	0.00113	0.01649	0.00314	0.00269	0.00560
13	0.00754	0.00701	0.01162	0.77852	0.07500	0.00857	0.01049	0.03753	0.00799	0.01033	0.00684	0.01003	0.00516	0.00379	0.00379	0.00125	0.00499	0.00337	0.00177	0.00440
14	0.00500	0.00365	0.00460	0.00478	0.00542	0.00336	0.00337	0.00615	0.00885	0.01202	0.38532	0.32225	0.13638	0.07425	0.00572	0.00151	0.00209	0.00828	0.00372	0.00326
15	0.34271	0.00793	0.01929	0.00733	0.00904	0.03320	0.01649	0.04563	0.00776	0.15936	0.01979	0.03752	0.00662	0.00507	0.00593	0.00133	0.26451	0.00322	0.00265	0.00463
16	0.08628	0.06234	0.04795	0.02302	0.06478	0.17087	0.05502	0.20036	0.08723	0.05554	0.00998	0.03892	0.03539	0.00501	0.01860	0.00123	0.00459	0.01469	0.00280	0.01542
17	0.00671	0.00575	0.00782	0.04227	0.01869	0.00722	0.00548	0.00738	0.00584	0.00843	0.00866	0.01603	0.00922	0.35583	0.14094	0.00311	0.34100	0.00432	0.00198	0.00332
18	0.02375	0.00805	0.00826	0.03132	0.00979	0.10388	0.00508	0.02065	0.00832	0.01212	0.00703	0.00881	0.00597	0.00322	0.00298	0.00068	0.00338	0.02587	0.00225	0.70858
19	0.00865	0.37109	0.50477	0.00902	0.01365	0.01137	0.01090	0.01174	0.00788	0.01073	0.00617	0.00721	0.00483	0.00345	0.00312	0.00104	0.00496	0.00248	0.00161	0.00530
20	0.00716	0.00674	0.01138	0.85760	0.02612	0.00843	0.01053	0.00969	0.00758	0.00969	0.00674	0.01011	0.00506	0.00379	0.00379	0.00126	0.00506	0.00337	0.00169	0.00421
21	0.00471	0.00361	0.00432	0.00464	0.00539	0.00322	0.00329	0.00570	0.00844	0.01094	0.18253	0.39316	0.33593	0.01024	0.00464	0.00138	0.00202	0.00899	0.00364	0.00322
22	0.02474	0.03510	0.06667	0.03895	0.02498	0.01010	0.19152	0.39925	0.02364	0.13293	0.00926	0.00979	0.00653	0.00412	0.00388	0.00118	0.00463	0.00362	0.00318	0.00593
23	0.01320	0.01652	0.01032	0.00942	0.01121	0.75198	0.00710	0.01421	0.01019	0.00923	0.00625	0.00764	0.00533	0.00631	0.08443	0.00148	0.02629	0.00262	0.00195	0.00429
24	0.00485	0.00369	0.00450	0.00485	0.00562	0.00334	0.00355	0.00593	0.00853	0.01109	0.18432	0.34903	0.30211	0.01019	0.00469	0.00140	0.00215	0.08325	0.00364	0.00325
25	0.00542	0.00404	0.00598	0.00598	0.00662	0.00468	0.00460	0.00670	0.00606	0.00872	0.01026	0.01546	0.00973	0.07624	0.80423	0.00596	0.00979	0.00415	0.00205	0.00332
26	0.00552	0.00368	0.00414	0.00414	0.00414	0.00368	0.00230	0.00552	0.00552	0.00735	0.01195	0.02482	0.01379	0.86672	0.01930	0.00368	0.00368	0.00552	0.00230	0.00230
27	0.01325	0.08713	0.01119	0.00924	0.01127	0.69701	0.00707	0.01500	0.07550	0.00978	0.00691	0.02666	0.00587	0.00413	0.00340	0.00100	0.00620	0.00274	0.00211	0.00453
28	0.00629	0.00480	0.00627	0.00611	0.00694	0.02417	0.00465	0.00844	0.09101	0.02774	0.02392	0.01594	0.01049	0.12055	0.61910	0.00503	0.00833	0.00425	0.00234	0.00362
29	0.02698	0.00602	0.00788	0.00629	0.00876	0.00540	0.00511	0.03055	0.04102	0.60152	0.15167	0.01674	0.06377	0.00549	0.00394	0.00119	0.00292	0.00455	0.00446	0.00574
30	0.00476	0.00345	0.00449	0.00508	0.00551	0.00319	0.00349	0.00566	0.00803	0.01080	0.18156	0.64408	0.08403	0.01092	0.00474	0.00145	0.00210	0.00983	0.00365	0.00319
31	0.00522	0.00379	0.00497	0.00521	0.00593	0.00354	0.00391	0.00663	0.00932	0.01275	0.43452	0.26961	0.07617	0.00946	0.00470	0.00138	0.00218	0.13347	0.00385	0.00340
32	0.03025	0.00661	0.00758	0.00683	0.00852	0.00699	0.00527	0.23354	0.15669	0.10166	0.03481	0.32955	0.01568	0.00763	0.00422	0.00134	0.00303	0.03114	0.00376	0.00491
33	0.00776	0.00787	0.03584	0.59547	0.17163	0.00867	0.09808	0.01036	0.00793	0.01050	0.00691	0.00994	0.00529	0.00365	0.00385	0.00124	0.00511	0.00347	0.00174	0.00467
34	0.01669	0.00698	0.00913	0.00700	0.00994	0.00635	0.00578	0.12094	0.01174	0.74198	0.01422	0.01243	0.00902	0.00468	0.00381	0.00117	0.00335	0.00376	0.00458	0.00645
35	0.00492	0.00369	0.00456	0.00469	0.00548	0.00333	0.00338	0.00615	0.00915	0.01227	0.38805	0.28558	0.23593	0.00948	0.00459	0.00132	0.00195	0.00835	0.00381	0.00333
36	0.05898	0.00670	0.00830	0.00684	0.00896	0.01896	0.02905	0.14783	0.06506	0.31417	0.12281	0.03463	0.01257	0.00639	0.00525	0.10970	0.00330	0.03167	0.00374	0.00508
37	0.00878	0.00839	0.01430	0.25005	0.62102	0.00885	0.01134	0.01111	0.00835	0.01166	0.00703	0.00958	0.00575	0.00349	0.00376	0.00116	0.00466	0.00338	0.00183	0.00552
38	0.00639	0.00413	0.00510	0.00526	0.00616	0.00381	0.00377	0.04666	0.00859	0.09858	0.05441	0.51792	0.20451	0.01011	0.00459	0.00141	0.00233	0.00893	0.00368	0.00364
39	0.31405	0.00892	0.02923	0.13051	0.08182	0.07261	0.09606	0.07525	0.00895	0.13742	0.00771	0.00875	0.00561	0.00380	0.00334	0.00118	0.00424	0.00303	0.00258	0.00497
40	0.00884	0.07751	0.13782	0.00831	0.06250	0.07655	0.02412	0.03461	0.00843	0.01205	0.00664	0.00785	0.00541	0.00323	0.00328	0.00080	0.02207	0.00250	0.00208	0.49540
41	0.00647	0.00552	0.01806	0.00694	0.00772	0.01585	0.01839	0.04643	0.00704	0.00992	0.02400	0.06971	0.04921	0.04978	0.46839	0.00408	0.15959	0.02694	0.00229	0.00367
42	0.00494	0.00362	0.00469	0.00531	0.00581	0.00337	0.00372	0.00597	0.02136	0.01046	0.09109	0.65506	0.07400	0.01095	0.00474	0.00148	0.00226	0.06047	0.00355	0.02716
43	0.01017	0.05036	0.13831	0.02733	0.13087	0.08961	0.11775	0.13256	0.01002	0.05532	0.02111	0.03669	0.00686	0.00399	0.00379	0.00107	0.01869	0.00343	0.00240	0.13966

[dist]
# distance from previous block
# <min> <max>
7	33

[block]
# block no. 11 follows, 72 sequences, length 11
# corresponding to MSA columns:
# 588-598
name=unknown_L
#
# <colnr> <probs for GDERKNQSTAVLIFYWHMCP>
#	G	D	E	R	K	N	Q	S	T	A	V	L	I	F	Y	W	H	M	C	P
0	0.00886	0.06728	0.03619	0.00707	0.00915	0.00836	0.00578	0.03422	0.50256	0.04871	0.14870	0.01604	0.03198	0.00672	0.05004	0.00149	0.00337	0.00453	0.00361	0.00534
1	0.02689	0.02592	0.04206	0.23480	0.36453	0.00845	0.04244	0.02589	0.02411	0.01182	0.05468	0.04880	0.02904	0.00445	0.00420	0.00122	0.03956	0.00399	0.00213	0.00503
2	0.07348	0.05403	0.12790	0.04215	0.07818	0.05673	0.05678	0.14546	0.05371	0.14223	0.02841	0.10528	0.00919	0.00498	0.00375	0.00120	0.00415	0.00417	0.00294	0.00530
3	0.03682	0.00690	0.01120	0.07494	0.30812	0.00702	0.09095	0.03001	0.02526	0.01195	0.02615	0.12294	0.04812	0.00696	0.03820	0.01785	0.00421	0.10567	0.02206	0.00465
4	0.00503	0.00371	0.00467	0.00498	0.00566	0.00343	0.00363	0.00616	0.00860	0.01147	0.26699	0.32551	0.17643	0.06069	0.00557	0.00154	0.00226	0.09679	0.00364	0.00325
5	0.05684	0.10814	0.04669	0.04652	0.04783	0.06088	0.10672	0.15099	0.02995	0.04174	0.03775	0.17604	0.02936	0.00583	0.00405	0.00123	0.02046	0.02144	0.00279	0.00477
6	0.08503	0.13063	0.10794	0.06076	0.10443	0.16837	0.06700	0.08508	0.02444	0.12017	0.00779	0.00864	0.00584	0.00381	0.00344	0.00110	0.00482	0.00299	0.00242	0.00527
7	0.00483	0.00364	0.00443	0.00468	0.00540	0.00328	0.00332	0.00590	0.00865	0.01143	0.27234	0.34936	0.26129	0.03733	0.00509	0.00143	0.00204	0.00864	0.00368	0.00324
8	0.00714	0.00512	0.00581	0.00548	0.00693	0.00507	0.00420	0.02448	0.19666	0.08530	0.15216	0.12078	0.29849	0.00797	0.00430	0.00130	0.00239	0.03953	0.02264	0.00424
9	0.02907	0.09901	0.03937	0.04112	0.10145	0.08155	0.05836	0.31008	0.02983	0.07158	0.00815	0.00889	0.00612	0.00399	0.00371	0.00107	0.02064	0.00315	0.00281	0.08004
10	0.02867	0.02726	0.05276	0.03334	0.08341	0.02013	0.14665	0.06898	0.06883	0.10960	0.07310	0.05871	0.15010	0.00610	0.01670	0.00132	0.02590	0.02058	0.00302	0.00486

[dist]
# distance from previous block
# <min> <max>
4	8

[block]
# block no. 12 follows, 72 sequences, length 10
# corresponding to MSA columns:
# 629-638
name=unknown_M
#
# <colnr> <probs for GDERKNQSTAVLIFYWHMCP>
#	G	D	E	R	K	N	Q	S	T	A	V	L	I	F	Y	W	H	M	C	P
0	0.06202	0.00562	0.00658	0.00716	0.08688	0.00575	0.00482	0.04116	0.18489	0.01293	0.09711	0.19211	0.26274	0.00778	0.00419	0.00130	0.00259	0.00668	0.00343	0.00426
1	0.00547	0.00369	0.00431	0.00435	0.00442	0.00374	0.00256	0.00561	0.00564	0.00758	0.01220	0.06164	0.01393	0.75714	0.08938	0.00379	0.00416	0.00563	0.00233	0.00243
2	0.01136	0.54639	0.05587	0.00778	0.01071	0.29245	0.00712	0.01264	0.00873	0.00919	0.00554	0.00643	0.00487	0.00348	0.00282	0.00088	0.00505	0.00220	0.00173	0.00475
3	0.00858	0.01749	0.68725	0.01023	0.01526	0.00888	0.01253	0.05810	0.08247	0.05189	0.00808	0.00884	0.00571	0.00384	0.00365	0.00120	0.00518	0.00302	0.00207	0.00573
4	0.10202	0.07688	0.05405	0.00925	0.07321	0.05089	0.00734	0.31725	0.08886	0.06645	0.00879	0.02770	0.00681	0.00461	0.00439	0.00119	0.08842	0.00334	0.00298	0.00557
5	0.00794	0.06035	0.00881	0.04749	0.06592	0.03760	0.03797	0.07324	0.15935	0.03458	0.09752	0.25514	0.08422	0.00719	0.00415	0.00128	0.00320	0.00629	0.00326	0.00451
