[name]
unknown

[dist]
# distance from previous block
# <min> <max>
0	54

[block]
# block no. 0 follows, 76 sequences, length 8
# corresponding to MSA columns:
# 58-65
name=unknown_A
#
# <colnr> <probs for GDERKNQSTAVLIFYWHMCP>
#	G	D	E	R	K	N	Q	S	T	A	V	L	I	F	Y	W	H	M	C	P
0	0.00534	0.00372	0.00476	0.00488	0.00519	0.00390	0.00339	0.00595	0.00589	0.00799	0.01211	0.02365	0.01319	0.51119	0.25032	0.00390	0.00523	0.12444	0.00230	0.00266
1	0.00520	0.00387	0.00570	0.00570	0.00630	0.00446	0.00436	0.00640	0.00580	0.00833	0.00987	0.01501	0.00940	0.09207	0.79349	0.00566	0.00926	0.00400	0.00197	0.00317
2	0.00798	0.01608	0.64665	0.05466	0.09783	0.00830	0.01227	0.03594	0.00809	0.04382	0.00691	0.00811	0.00497	0.00349	0.00347	0.00113	0.00504	0.00281	0.00176	0.03069
3	0.01059	0.04281	0.19920	0.01156	0.13766	0.31003	0.08346	0.06496	0.00941	0.02893	0.00657	0.00776	0.00513	0.00351	0.00342	0.00101	0.00534	0.00279	0.00196	0.06387
4	0.00823	0.00953	0.13510	0.17812	0.50794	0.00821	0.01075	0.01070	0.00794	0.01133	0.00669	0.00882	0.00539	0.00330	0.00351	0.00107	0.00444	0.00307	0.00175	0.07409
5	0.00511	0.00366	0.00497	0.00510	0.00546	0.00396	0.00359	0.00587	0.00582	0.00810	0.01184	0.14504	0.01270	0.30752	0.44990	0.00442	0.00652	0.00532	0.00225	0.00285
6	0.00754	0.00646	0.00754	0.00538	0.00861	0.00484	0.00431	0.00915	0.00754	0.01184	0.00646	0.00754	0.00538	0.00269	0.00269	0.00054	0.00269	0.00215	0.00215	0.89449
7	0.00782	0.16208	0.65157	0.01054	0.07572	0.00945	0.01205	0.01138	0.00767	0.01104	0.00630	0.00746	0.00470	0.00338	0.00327	0.00108	0.00504	0.00260	0.00156	0.00528

[dist]
# distance from previous block
# <min> <max>
0	3

[block]
# block no. 1 follows, 76 sequences, length 6
# corresponding to MSA columns:
# 69-74
name=unknown_B
#
# <colnr> <probs for GDERKNQSTAVLIFYWHMCP>
#	G	D	E	R	K	N	Q	S	T	A	V	L	I	F	Y	W	H	M	C	P
0	0.00490	0.00350	0.00428	0.00446	0.00487	0.00337	0.00297	0.00557	0.00701	0.00939	0.16009	0.25448	0.12444	0.32219	0.07015	0.00244	0.00306	0.00708	0.00296	0.00280
1	0.00514	0.00372	0.00486	0.00457	0.00543	0.00343	0.00343	0.00686	0.01029	0.01457	0.84768	0.02715	0.03429	0.00743	0.00429	0.00114	0.00171	0.00657	0.00400	0.00343
2	0.00579	0.00414	0.00577	0.00650	0.00734	0.00412	0.00564	0.00747	0.00854	0.01121	0.09388	0.03975	0.02212	0.00981	0.00495	0.00163	0.00320	0.75139	0.00341	0.00335
3	0.00531	0.00368	0.00471	0.00445	0.00531	0.00343	0.00334	0.00702	0.01001	0.01447	0.76144	0.02575	0.03172	0.00710	0.00411	0.00111	0.00171	0.00624	0.09567	0.00343
4	0.01186	0.01452	0.01326	0.01141	0.05378	0.55907	0.21858	0.01385	0.05014	0.01005	0.00656	0.00784	0.00526	0.00360	0.00357	0.00103	0.00616	0.00297	0.00195	0.00454
5	0.00507	0.00371	0.00475	0.00449	0.00538	0.00340	0.00337	0.00671	0.01011	0.01415	0.77487	0.02785	0.10737	0.00759	0.00429	0.00115	0.00173	0.00667	0.00394	0.00340

[dist]
# distance from previous block
# <min> <max>
0	6

[block]
# block no. 2 follows, 76 sequences, length 54
# corresponding to MSA columns:
# 81-134
name=unknown_C
#
# <colnr> <probs for GDERKNQSTAVLIFYWHMCP>
#	G	D	E	R	K	N	Q	S	T	A	V	L	I	F	Y	W	H	M	C	P
0	0.03627	0.00703	0.04163	0.00743	0.01041	0.00590	0.08573	0.01672	0.01002	0.71929	0.01315	0.01179	0.00837	0.00429	0.00367	0.00114	0.00346	0.00364	0.00408	0.00598
1	0.00781	0.20132	0.67546	0.00948	0.01436	0.00971	0.01189	0.01138	0.00761	0.01088	0.00621	0.00728	0.00462	0.00338	0.00321	0.00107	0.00505	0.00253	0.00154	0.00522
2	0.00586	0.00418	0.00586	0.00669	0.00753	0.00418	0.00586	0.00753	0.00837	0.01088	0.01924	0.04100	0.02092	0.01004	0.00502	0.00167	0.00335	0.82513	0.00335	0.00335
3	0.89794	0.00703	0.00534	0.00478	0.00703	0.00815	0.00394	0.01068	0.00619	0.01631	0.00506	0.00590	0.00394	0.00337	0.00225	0.00112	0.00281	0.00197	0.00225	0.00394
4	0.01631	0.00619	0.00843	0.00647	0.00928	0.00534	0.00534	0.01771	0.01040	0.85211	0.01434	0.01237	0.00900	0.00450	0.00365	0.00112	0.00309	0.00365	0.00450	0.00619
5	0.00519	0.00389	0.00584	0.00584	0.00649	0.00454	0.00454	0.00649	0.00584	0.00844	0.00974	0.01428	0.00909	0.02726	0.85787	0.00584	0.00974	0.00389	0.00195	0.00325
6	0.00518	0.00371	0.00483	0.00455	0.00541	0.00343	0.00341	0.00689	0.01023	0.01455	0.83096	0.02688	0.03379	0.00737	0.00425	0.00114	0.00171	0.00651	0.02178	0.00343
7	0.00906	0.00884	0.01464	0.03412	0.78614	0.03098	0.02593	0.01118	0.00827	0.01170	0.00677	0.00894	0.00569	0.00331	0.00374	0.00109	0.01891	0.00323	0.00180	0.00565
8	0.00443	0.00316	0.00422	0.00506	0.00527	0.00295	0.00337	0.00506	0.00696	0.00928	0.02003	0.86990	0.02404	0.01139	0.00464	0.00148	0.00211	0.01033	0.00337	0.00295
9	0.00443	0.00316	0.00422	0.00506	0.00527	0.00295	0.00337	0.00506	0.00696	0.00928	0.02003	0.86990	0.02404	0.01139	0.00464	0.00148	0.00211	0.01033	0.00337	0.00295
10	0.00729	0.01880	0.85344	0.01036	0.01573	0.00844	0.01343	0.01151	0.00767	0.01151	0.00652	0.00767	0.00460	0.00345	0.00345	0.00115	0.00537	0.00269	0.00153	0.00537
11	0.00519	0.00389	0.00584	0.00584	0.00649	0.00454	0.00454	0.00649	0.00584	0.00844	0.00974	0.01428	0.00909	0.02726	0.85787	0.00584	0.00974	0.00389	0.00195	0.00325
12	0.04047	0.81459	0.01827	0.00628	0.00932	0.04364	0.00617	0.01100	0.00745	0.00883	0.00507	0.00586	0.00464	0.00314	0.00236	0.00079	0.00394	0.00196	0.00159	0.00462
13	0.07360	0.12389	0.01105	0.00866	0.01071	0.69402	0.00671	0.01380	0.00965	0.00936	0.00551	0.00642	0.00463	0.00364	0.00309	0.00093	0.00596	0.00227	0.00186	0.00425
14	0.00508	0.00416	0.00441	0.03369	0.00607	0.00376	0.00332	0.00679	0.07258	0.03362	0.03345	0.03183	0.73129	0.00855	0.00421	0.00122	0.00206	0.00713	0.00337	0.00339
15	0.00824	0.35271	0.52783	0.00874	0.01323	0.01076	0.01062	0.01127	0.00756	0.01036	0.00595	0.00695	0.00463	0.00332	0.00302	0.00101	0.00479	0.00240	0.00154	0.00510
16	0.89794	0.00703	0.00534	0.00478	0.00703	0.00815	0.00394	0.01068	0.00619	0.01631	0.00506	0.00590	0.00394	0.00337	0.00225	0.00112	0.00281	0.00197	0.00225	0.00394
17	0.00586	0.00418	0.00586	0.00669	0.00753	0.00418	0.00586	0.00753	0.00837	0.01088	0.01924	0.04100	0.02092	0.01004	0.00502	0.00167	0.00335	0.82513	0.00335	0.00335
18	0.00442	0.00369	0.00385	0.00381	0.00499	0.00312	0.00286	0.00546	0.00858	0.01052	0.15561	0.03383	0.72889	0.00894	0.00429	0.00121	0.00182	0.00751	0.00347	0.00312
19	0.00443	0.00316	0.00422	0.00506	0.00527	0.00295	0.00337	0.00506	0.00696	0.00928	0.02003	0.86990	0.02404	0.01139	0.00464	0.00148	0.00211	0.01033	0.00337	0.00295
20	0.00443	0.00316	0.00422	0.00506	0.00527	0.00295	0.00337	0.00506	0.00696	0.00928	0.02003	0.86990	0.02404	0.01139	0.00464	0.00148	0.00211	0.01033	0.00337	0.00295
21	0.01388	0.01008	0.01085	0.00832	0.01122	0.01113	0.00687	0.81791	0.01693	0.04270	0.00886	0.00881	0.00625	0.00437	0.00364	0.00109	0.00398	0.00328	0.00366	0.00618
22	0.00729	0.01880	0.85344	0.01036	0.01573	0.00844	0.01343	0.01151	0.00767	0.01151	0.00652	0.00767	0.00460	0.00345	0.00345	0.00115	0.00537	0.00269	0.00153	0.00537
23	0.00443	0.00316	0.00422	0.00506	0.00527	0.00295	0.00337	0.00506	0.00696	0.00928	0.02003	0.86990	0.02404	0.01139	0.00464	0.00148	0.00211	0.01033	0.00337	0.00295
24	0.01382	0.01018	0.01091	0.00836	0.01127	0.01127	0.00691	0.83748	0.01709	0.02291	0.00873	0.00873	0.00618	0.00436	0.00364	0.00109	0.00400	0.00327	0.00364	0.00618
25	0.00686	0.00646	0.01090	0.86353	0.02503	0.00807	0.01009	0.00929	0.00727	0.00929	0.00646	0.00969	0.00484	0.00363	0.00363	0.00121	0.00484	0.00323	0.00161	0.00404
26	0.00686	0.00646	0.01090	0.86353	0.02503	0.00807	0.01009	0.00929	0.00727	0.00929	0.00646	0.00969	0.00484	0.00363	0.00363	0.00121	0.00484	0.00323	0.00161	0.00404
27	0.00686	0.00646	0.01090	0.86353	0.02503	0.00807	0.01009	0.00929	0.00727	0.00929	0.00646	0.00969	0.00484	0.00363	0.00363	0.00121	0.00484	0.00323	0.00161	0.00404
28	0.00430	0.00368	0.00368	0.00368	0.00491	0.00307	0.00276	0.00522	0.00828	0.00982	0.03682	0.03498	0.84812	0.00920	0.00430	0.00123	0.00184	0.00767	0.00338	0.00307
29	0.00686	0.00646	0.01090	0.86353	0.02503	0.00807	0.01009	0.00929	0.00727	0.00929	0.00646	0.00969	0.00484	0.00363	0.00363	0.00121	0.00484	0.00323	0.00161	0.00404
30	0.01382	0.01018	0.01091	0.00836	0.01127	0.01127	0.00691	0.83748	0.01709	0.02291	0.00873	0.00873	0.00618	0.00436	0.00364	0.00109	0.00400	0.00327	0.00364	0.00618
31	0.00445	0.00369	0.00390	0.00385	0.00501	0.00313	0.00288	0.00552	0.00865	0.01069	0.18614	0.03354	0.69826	0.00888	0.00429	0.00121	0.00182	0.00747	0.00349	0.00313
32	0.00858	0.00980	0.02145	0.01532	0.01900	0.00919	0.83640	0.01164	0.00858	0.01164	0.00735	0.00980	0.00551	0.00306	0.00429	0.00123	0.00613	0.00429	0.00184	0.00490
33	0.00900	0.00864	0.01475	0.02231	0.84960	0.00864	0.01115	0.01115	0.00828	0.01187	0.00684	0.00900	0.00576	0.00324	0.00360	0.00108	0.00432	0.00324	0.00180	0.00576
34	0.00460	0.00340	0.00456	0.00528	0.00548	0.00336	0.00360	0.00524	0.00689	0.00925	0.01927	0.82710	0.02308	0.01114	0.00500	0.00148	0.04498	0.00998	0.00329	0.00300
35	0.00430	0.00368	0.00368	0.00368	0.00491	0.00307	0.00276	0.00522	0.00828	0.00982	0.03682	0.03498	0.84812	0.00920	0.00430	0.00123	0.00184	0.00767	0.00338	0.00307
36	0.00693	0.00653	0.01103	0.83579	0.05223	0.00809	0.01013	0.00935	0.00730	0.00937	0.00647	0.00967	0.00488	0.00362	0.00363	0.00121	0.00483	0.00323	0.00162	0.00409
37	0.00509	0.00371	0.00479	0.00452	0.00540	0.00341	0.00339	0.00676	0.01017	0.01429	0.79887	0.02762	0.08328	0.00754	0.00429	0.00115	0.00172	0.00664	0.00396	0.00341
38	0.89794	0.00703	0.00534	0.00478	0.00703	0.00815	0.00394	0.01068	0.00619	0.01631	0.00506	0.00590	0.00394	0.00337	0.00225	0.00112	0.00281	0.00197	0.00225	0.00394
39	0.00741	0.00702	0.01189	0.64796	0.23633	0.00822	0.01037	0.00976	0.00753	0.00995	0.00656	0.00951	0.00508	0.00353	0.00362	0.00118	0.00471	0.00323	0.00166	0.00448
40	0.01344	0.04687	0.01060	0.00925	0.01117	0.82861	0.00699	0.01439	0.01020	0.00888	0.00560	0.00653	0.00468	0.00372	0.00324	0.00093	0.00646	0.00233	0.00186	0.00423
41	0.00754	0.10807	0.76639	0.00993	0.01506	0.00906	0.01268	0.01144	0.00764	0.01120	0.00637	0.00748	0.00461	0.00342	0.00334	0.00111	0.00522	0.00261	0.00154	0.00530
42	0.00516	0.00370	0.00478	0.00451	0.00538	0.00342	0.00338	0.00685	0.01014	0.01439	0.79619	0.02700	0.06039	0.00739	0.00424	0.00114	0.00172	0.00651	0.03029	0.00342
43	0.00652	0.00402	0.00530	0.00481	0.00590	0.00366	0.00366	0.00820	0.01030	0.11773	0.74504	0.02533	0.03118	0.00707	0.00421	0.00114	0.00188	0.00621	0.00406	0.00377
44	0.00513	0.00371	0.00483	0.00455	0.00542	0.00342	0.00341	0.00682	0.01024	0.01447	0.83019	0.02732	0.05184	0.00747	0.00429	0.00114	0.00172	0.00660	0.00399	0.00342
45	0.00514	0.00372	0.00486	0.00457	0.00543	0.00343	0.00343	0.00686	0.01029	0.01457	0.84768	0.02715	0.03429	0.00743	0.00429	0.00114	0.00171	0.00657	0.00400	0.00343
46	0.00457	0.00326	0.00438	0.00522	0.00550	0.00307	0.00362	0.00531	0.00710	0.00944	0.01995	0.78743	0.02373	0.01125	0.00468	0.00150	0.00223	0.09140	0.00337	0.00299
47	0.00686	0.00646	0.01090	0.86353	0.02503	0.00807	0.01009	0.00929	0.00727	0.00929	0.00646	0.00969	0.00484	0.00363	0.00363	0.00121	0.00484	0.00323	0.00161	0.00404
48	0.00516	0.00373	0.00488	0.00462	0.00547	0.00345	0.00348	0.00687	0.01025	0.01450	0.83009	0.02744	0.03401	0.00749	0.00430	0.00115	0.00175	0.02395	0.00399	0.00343
49	0.00972	0.87446	0.01905	0.00622	0.00933	0.01438	0.00622	0.01088	0.00738	0.00855	0.00505	0.00583	0.00466	0.00311	0.00233	0.00078	0.00389	0.00194	0.00155	0.00466
50	0.00880	0.00897	0.05375	0.04578	0.75438	0.00847	0.01097	0.01104	0.00819	0.01178	0.00680	0.00890	0.00566	0.00324	0.00356	0.00107	0.00432	0.00317	0.00179	0.03936
51	0.00759	0.12466	0.75020	0.00985	0.01494	0.00918	0.01254	0.01143	0.00764	0.01114	0.00634	0.00745	0.00461	0.00341	0.00331	0.00110	0.00519	0.00259	0.00154	0.00528
52	0.00900	0.00864	0.01475	0.02231	0.84960	0.00864	0.01115	0.01115	0.00828	0.01187	0.00684	0.00900	0.00576	0.00324	0.00360	0.00108	0.00432	0.00324	0.00180	0.00576
53	0.89794	0.00703	0.00534	0.00478	0.00703	0.00815	0.00394	0.01068	0.00619	0.01631	0.00506	0.00590	0.00394	0.00337	0.00225	0.00112	0.00281	0.00197	0.00225	0.00394

[dist]
# distance from previous block
# <min> <max>
0	10

[block]
# block no. 3 follows, 76 sequences, length 39
# corresponding to MSA columns:
# 145-183
name=unknown_D
#
# <colnr> <probs for GDERKNQSTAVLIFYWHMCP>
#	G	D	E	R	K	N	Q	S	T	A	V	L	I	F	Y	W	H	M	C	P
0	0.00519	0.00389	0.00584	0.00584	0.00649	0.00454	0.00454	0.00649	0.00584	0.00844	0.00974	0.01428	0.00909	0.02726	0.85787	0.00584	0.00974	0.00389	0.00195	0.00325
1	0.00430	0.00368	0.00368	0.00368	0.00491	0.00307	0.00276	0.00522	0.00828	0.00982	0.03682	0.03498	0.84812	0.00920	0.00430	0.00123	0.00184	0.00767	0.00338	0.00307
2	0.00972	0.87446	0.01905	0.00622	0.00933	0.01438	0.00622	0.01088	0.00738	0.00855	0.00505	0.00583	0.00466	0.00311	0.00233	0.00078	0.00389	0.00194	0.00155	0.00466
3	0.00443	0.00316	0.00422	0.00506	0.00527	0.00295	0.00337	0.00506	0.00696	0.00928	0.02003	0.86990	0.02404	0.01139	0.00464	0.00148	0.00211	0.01033	0.00337	0.00295
4	0.01382	0.01018	0.01091	0.00836	0.01127	0.01127	0.00691	0.83748	0.01709	0.02291	0.00873	0.00873	0.00618	0.00436	0.00364	0.00109	0.00400	0.00327	0.00364	0.00618
5	0.00900	0.00864	0.01475	0.02231	0.84960	0.00864	0.01115	0.01115	0.00828	0.01187	0.00684	0.00900	0.00576	0.00324	0.00360	0.00108	0.00432	0.00324	0.00180	0.00576
6	0.00693	0.00652	0.01102	0.83844	0.04963	0.00809	0.01013	0.00934	0.00730	0.00936	0.00647	0.00967	0.00487	0.00362	0.00363	0.00121	0.00483	0.00323	0.00162	0.00409
7	0.00716	0.00637	0.01063	0.80670	0.02387	0.00784	0.00972	0.00952	0.00747	0.04014	0.03184	0.01031	0.00587	0.00378	0.00365	0.00121	0.00469	0.00335	0.00179	0.00410
8	0.00514	0.00372	0.00486	0.00457	0.00543	0.00343	0.00343	0.00686	0.01029	0.01457	0.84768	0.02715	0.03429	0.00743	0.00429	0.00114	0.00171	0.00657	0.00400	0.00343
9	0.01371	0.01013	0.01085	0.00834	0.01123	0.01122	0.00688	0.81901	0.03574	0.02273	0.00886	0.00884	0.00629	0.00438	0.00364	0.00109	0.00397	0.00329	0.00364	0.00617
10	0.01098	0.00692	0.00851	0.00630	0.00936	0.00592	0.02181	0.11267	0.02082	0.26633	0.00924	0.00926	0.00665	0.00348	0.00314	0.00081	0.00304	0.00281	0.00305	0.48890
11	0.00738	0.04996	0.82305	0.01021	0.01550	0.00866	0.01317	0.01149	0.00766	0.01140	0.00647	0.00761	0.00461	0.00344	0.00341	0.00114	0.00532	0.00266	0.00154	0.00535
12	0.00952	0.80471	0.08706	0.00656	0.00985	0.01390	0.00681	0.01093	0.00741	0.00879	0.00517	0.00598	0.00466	0.00314	0.00242	0.00081	0.00401	0.00200	0.00155	0.00472
13	0.00469	0.00371	0.00423	0.00414	0.00520	0.00325	0.00313	0.00596	0.00912	0.01182	0.37197	0.03191	0.48750	0.00849	0.00431	0.00121	0.00183	0.03068	0.00363	0.00323
14	0.01515	0.00434	0.01544	0.00500	0.02419	0.00388	0.00373	0.00767	0.04391	0.06727	0.42884	0.05664	0.29494	0.00767	0.00419	0.00118	0.00202	0.00660	0.00370	0.00365
15	0.00896	0.00867	0.01447	0.06677	0.79089	0.02370	0.01102	0.01111	0.00826	0.01168	0.00679	0.00899	0.00569	0.00327	0.00359	0.00108	0.00439	0.00322	0.00179	0.00564
16	0.00700	0.00345	0.00351	0.00346	0.00436	0.00343	0.00261	0.00869	0.00769	0.03371	0.01192	0.01352	0.00931	0.00424	0.00257	0.00085	0.00173	0.00339	0.87110	0.00345
17	0.00759	0.12508	0.74980	0.00984	0.01494	0.00918	0.01253	0.01143	0.00764	0.01114	0.00634	0.00744	0.00461	0.00341	0.00331	0.00110	0.00519	0.00259	0.00154	0.00528
18	0.00742	0.06532	0.80808	0.01013	0.01538	0.00876	0.01304	0.01148	0.00766	0.01135	0.00644	0.00757	0.00461	0.00343	0.00339	0.00113	0.00529	0.00265	0.00154	0.00533
19	0.00739	0.00714	0.01251	0.63961	0.17111	0.00827	0.08272	0.00982	0.00756	0.00995	0.00661	0.00958	0.00507	0.00351	0.00368	0.00119	0.00486	0.00332	0.00167	0.00442
20	0.00521	0.00384	0.00556	0.00556	0.00611	0.00439	0.00419	0.00631	0.00576	0.00823	0.01000	0.01572	0.00971	0.15579	0.73019	0.00549	0.00879	0.00411	0.00199	0.00309
21	0.01159	0.01451	0.06438	0.00983	0.01212	0.54076	0.11678	0.03518	0.07166	0.01041	0.00773	0.01031	0.00657	0.00423	0.00360	0.00107	0.00583	0.06683	0.00214	0.00448
22	0.00895	0.00859	0.01468	0.03901	0.83323	0.00862	0.01113	0.01112	0.00826	0.01182	0.00683	0.00901	0.00574	0.00325	0.00360	0.00108	0.00433	0.00324	0.00180	0.00572
23	0.13908	0.00973	0.01012	0.00785	0.01067	0.01083	0.00649	0.72034	0.01554	0.02197	0.00821	0.00833	0.00586	0.00422	0.00344	0.00110	0.00383	0.00309	0.00344	0.00586
24	0.00874	0.00837	0.01429	0.12405	0.74987	0.00857	0.01103	0.01093	0.00815	0.01156	0.00679	0.00908	0.00565	0.00329	0.00360	0.00110	0.00438	0.00324	0.00178	0.00555
25	0.02555	0.00633	0.00772	0.00671	0.00882	0.00637	0.00550	0.07330	0.22042	0.34996	0.01592	0.03470	0.04648	0.00601	0.00396	0.00127	0.00308	0.16872	0.00390	0.00528
26	0.00533	0.00380	0.00491	0.00460	0.00552	0.00352	0.00346	0.00712	0.02106	0.02673	0.79463	0.02704	0.06367	0.00742	0.00427	0.00115	0.00175	0.00654	0.00398	0.00349
27	0.00915	0.06269	0.01137	0.00902	0.00962	0.03288	0.00755	0.04117	0.00666	0.08167	0.00578	0.00819	0.00518	0.00585	0.01007	0.00146	0.68234	0.00313	0.00192	0.00430
28	0.03006	0.00989	0.01061	0.00819	0.01103	0.01092	0.00675	0.77981	0.02728	0.04125	0.00904	0.02244	0.00655	0.00447	0.00363	0.00110	0.00391	0.00338	0.00363	0.00608
29	0.00434	0.00370	0.00374	0.00376	0.00498	0.00310	0.00284	0.00528	0.00829	0.00985	0.03634	0.03514	0.82580	0.00923	0.00432	0.00124	0.00188	0.02973	0.00337	0.00308
30	0.00507	0.00364	0.00492	0.00562	0.00618	0.00350	0.00435	0.00624	0.00791	0.01048	0.10581	0.42545	0.04972	0.01037	0.00474	0.00151	0.00255	0.33534	0.00343	0.00316
31	0.00747	0.00668	0.01064	0.70462	0.05269	0.00809	0.00945	0.02601	0.08200	0.03107	0.02195	0.01036	0.00607	0.00384	0.00365	0.00120	0.00454	0.00338	0.00196	0.00434
32	0.00790	0.00796	0.01137	0.00957	0.00997	0.03537	0.07895	0.00888	0.00597	0.00890	0.00560	0.00918	0.00547	0.05060	0.05364	0.00185	0.67981	0.00339	0.00167	0.00394
33	0.00552	0.00362	0.00446	0.00427	0.00512	0.00341	0.00320	0.00720	0.00954	0.01416	0.61359	0.03841	0.04004	0.00673	0.00386	0.00108	0.00172	0.00586	0.22480	0.00341
34	0.01598	0.00641	0.00854	0.00658	0.00937	0.00572	0.00542	0.05418	0.03540	0.79044	0.01410	0.01224	0.00893	0.00451	0.00366	0.00113	0.00313	0.00365	0.00444	0.00617
35	0.04691	0.03959	0.63476	0.01054	0.06708	0.00895	0.01188	0.09421	0.00853	0.01273	0.00661	0.00774	0.00481	0.00359	0.00362	0.00114	0.02741	0.00274	0.00180	0.00536
36	0.00899	0.00848	0.01445	0.06752	0.79226	0.00856	0.01101	0.01115	0.00825	0.02452	0.00693	0.00908	0.00576	0.00328	0.00360	0.00109	0.00433	0.00324	0.00183	0.00567
37	0.00750	0.00625	0.00731	0.06043	0.00874	0.02595	0.02494	0.03412	0.32653	0.02081	0.02250	0.10930	0.02945	0.21248	0.01674	0.00186	0.05233	0.01686	0.01173	0.00419
38	0.12885	0.05240	0.03172	0.01833	0.10253	0.20669	0.16612	0.04331	0.04168	0.03070	0.00781	0.07316	0.00677	0.00412	0.00360	0.00108	0.02058	0.00350	0.00221	0.05483

[dist]
# distance from previous block
# <min> <max>
0	66

[block]
# block no. 4 follows, 76 sequences, length 32
# corresponding to MSA columns:
# 254-273,276-287
name=unknown_E
#
# <colnr> <probs for GDERKNQSTAVLIFYWHMCP>
#	G	D	E	R	K	N	Q	S	T	A	V	L	I	F	Y	W	H	M	C	P
0	0.00678	0.00698	0.10149	0.04230	0.03433	0.00617	0.00585	0.05955	0.18845	0.01239	0.12026	0.12841	0.16076	0.02236	0.04683	0.00151	0.02533	0.02290	0.00307	0.00427
1	0.00858	0.10837	0.07067	0.07935	0.06441	0.00741	0.00639	0.08986	0.02407	0.02864	0.01654	0.00817	0.00581	0.00320	0.00299	0.00079	0.00343	0.00255	0.00221	0.46655
2	0.00471	0.00356	0.00441	0.00490	0.00554	0.00327	0.00352	0.00576	0.02166	0.01005	0.07650	0.50420	0.22357	0.01021	0.00452	0.00139	0.00216	0.08703	0.00339	0.01964
3	0.00742	0.07014	0.77322	0.01014	0.01526	0.00874	0.03024	0.01138	0.00766	0.01130	0.00664	0.01995	0.00491	0.00354	0.00342	0.00113	0.00525	0.00278	0.00157	0.00528
4	0.00956	0.17399	0.20765	0.04508	0.08146	0.02062	0.11195	0.09530	0.08947	0.07295	0.00824	0.00969	0.00638	0.00389	0.00368	0.00111	0.02617	0.02529	0.00229	0.00523
5	0.00448	0.00323	0.00424	0.00499	0.00530	0.00300	0.00338	0.00519	0.00720	0.00956	0.05652	0.77047	0.07283	0.01107	0.00461	0.00145	0.00210	0.02400	0.00340	0.00299
6	0.00597	0.00512	0.00624	0.00619	0.00695	0.08159	0.00481	0.00725	0.00632	0.00855	0.00965	0.01439	0.00905	0.02461	0.75477	0.00527	0.00925	0.02871	0.00198	0.00334
7	0.00819	0.04330	0.47542	0.03816	0.11516	0.03279	0.13619	0.03686	0.04588	0.01184	0.00722	0.00887	0.00545	0.00355	0.00360	0.00115	0.00515	0.01415	0.00181	0.00526
8	0.01015	0.04645	0.03728	0.02971	0.09708	0.03650	0.12091	0.17182	0.21767	0.08572	0.01111	0.06634	0.00906	0.00479	0.00379	0.00118	0.00396	0.03816	0.00300	0.00533
9	0.00457	0.00370	0.00408	0.00400	0.00510	0.00321	0.00300	0.00574	0.00882	0.01120	0.27686	0.03214	0.58577	0.00912	0.02541	0.00132	0.00200	0.00725	0.00353	0.00318
10	0.35309	0.00622	0.00671	0.00553	0.00785	0.00625	0.00452	0.03036	0.00879	0.39149	0.09152	0.01189	0.03286	0.00447	0.00317	0.00112	0.00281	0.00339	0.02304	0.00491
11	0.00627	0.00317	0.00470	0.00470	0.00470	0.00317	0.00312	0.00476	0.00476	0.00634	0.00653	0.01158	0.00660	0.04823	0.01438	0.85737	0.00317	0.00324	0.00160	0.00160
12	0.00754	0.00646	0.00754	0.00538	0.00861	0.00484	0.00431	0.00915	0.00754	0.01184	0.00646	0.00754	0.00538	0.00269	0.00269	0.00054	0.00269	0.00215	0.00215	0.89449
13	0.00443	0.00316	0.00422	0.00506	0.00527	0.00295	0.00337	0.00506	0.00696	0.00928	0.02003	0.86990	0.02404	0.01139	0.00464	0.00148	0.00211	0.01033	0.00337	0.00295
14	0.10002	0.03274	0.00968	0.00798	0.00982	0.21779	0.05445	0.19879	0.00986	0.02887	0.00786	0.01056	0.00673	0.04432	0.15022	0.00202	0.07080	0.03065	0.00241	0.00443
15	0.00844	0.06055	0.04801	0.33966	0.39439	0.02205	0.01019	0.01087	0.02718	0.03442	0.00695	0.00918	0.00549	0.00347	0.00353	0.00112	0.00450	0.00315	0.00182	0.00501
16	0.00888	0.00860	0.01441	0.05324	0.72074	0.01935	0.04911	0.01139	0.04236	0.01183	0.00764	0.00963	0.01944	0.00342	0.00364	0.00110	0.00435	0.00338	0.00190	0.00559
17	0.00521	0.00381	0.00543	0.00543	0.00594	0.00432	0.00403	0.00623	0.00572	0.00813	0.01011	0.01635	0.00999	0.21132	0.67503	0.00534	0.00838	0.00420	0.00200	0.00302
18	0.89794	0.00703	0.00534	0.00478	0.00703	0.00815	0.00394	0.01068	0.00619	0.01631	0.00506	0.00590	0.00394	0.00337	0.00225	0.00112	0.00281	0.00197	0.00225	0.00394
19	0.00795	0.00795	0.01113	0.00954	0.00954	0.01113	0.00795	0.00875	0.00557	0.00875	0.00477	0.00795	0.00477	0.00636	0.01193	0.00159	0.86562	0.00318	0.00159	0.00398
20	0.01471	0.00668	0.00855	0.00657	0.00938	0.00605	0.00540	0.10560	0.04383	0.63299	0.02425	0.01174	0.00875	0.00436	0.00357	0.00107	0.00312	0.00352	0.00413	0.09572
21	0.00524	0.00403	0.00535	0.00535	0.00598	0.01829	0.00400	0.00634	0.00662	0.00913	0.10339	0.07924	0.08662	0.11758	0.51131	0.00423	0.01666	0.00510	0.00242	0.00313
22	0.00906	0.64307	0.24468	0.00734	0.01106	0.01277	0.00817	0.01105	0.00746	0.00935	0.00545	0.00633	0.00465	0.00320	0.00264	0.00088	0.00429	0.00214	0.00155	0.00486
23	0.03635	0.00614	0.00826	0.00637	0.00912	0.00535	0.00526	0.01725	0.01030	0.80944	0.03738	0.01263	0.00959	0.00455	0.00364	0.00113	0.00305	0.00370	0.00443	0.00606
24	0.00526	0.00353	0.00406	0.00407	0.00411	0.00356	0.00233	0.00534	0.00534	0.00715	0.01153	0.03921	0.01322	0.81665	0.05744	0.00359	0.00379	0.00532	0.00221	0.00227
25	0.00893	0.00857	0.01463	0.04798	0.82444	0.00862	0.01112	0.01110	0.00824	0.01179	0.00683	0.00902	0.00573	0.00325	0.00360	0.00108	0.00433	0.00324	0.00179	0.00570
26	0.00458	0.00329	0.00435	0.00506	0.00538	0.00311	0.00348	0.00531	0.00710	0.00944	0.04346	0.70788	0.05910	0.04100	0.03220	0.00168	0.00244	0.05488	0.00330	0.00298
27	0.01429	0.00921	0.01028	0.00790	0.01077	0.00985	0.00652	0.63057	0.03259	0.21495	0.01015	0.00967	0.00694	0.00441	0.00364	0.00110	0.00377	0.00338	0.00384	0.00617
28	0.00434	0.00361	0.00379	0.00391	0.00498	0.00306	0.00287	0.00524	0.00814	0.00986	0.05585	0.15811	0.70480	0.00948	0.00435	0.00126	0.00188	0.00803	0.00339	0.00306
29	0.03382	0.00715	0.00781	0.00691	0.00886	0.00797	0.01921	0.08324	0.55651	0.03348	0.07927	0.05103	0.07776	0.00559	0.00379	0.00122	0.00282	0.00470	0.00362	0.00523
30	0.01020	0.30861	0.29094	0.00862	0.01207	0.29189	0.00886	0.01229	0.00845	0.00964	0.00572	0.00668	0.00465	0.00343	0.00301	0.00095	0.00526	0.00232	0.00165	0.00475
31	0.00835	0.04969	0.06632	0.00654	0.00978	0.01493	0.04279	0.06744	0.00839	0.03582	0.00734	0.00916	0.00609	0.00326	0.00299	0.00073	0.00325	0.03648	0.00228	0.61835

[dist]
# distance from previous block
# <min> <max>
1	2

[block]
# block no. 5 follows, 76 sequences, length 7
# corresponding to MSA columns:
# 290-296
name=unknown_F
#
# <colnr> <probs for GDERKNQSTAVLIFYWHMCP>
#	G	D	E	R	K	N	Q	S	T	A	V	L	I	F	Y	W	H	M	C	P
0	0.00527	0.00397	0.00491	0.00469	0.00567	0.00373	0.00356	0.00735	0.05837	0.01370	0.63556	0.02819	0.16132	0.00768	0.00428	0.00118	0.00187	0.04133	0.00386	0.00350
1	0.00578	0.00335	0.00433	0.00433	0.00433	0.00335	0.00266	0.00502	0.00502	0.00669	0.00898	0.01767	0.00990	0.45936	0.01644	0.43136	0.00335	0.00426	0.00190	0.00190
2	0.15178	0.19979	0.16691	0.00859	0.04415	0.10187	0.06131	0.10857	0.00914	0.10574	0.00706	0.00770	0.00529	0.00359	0.00310	0.00103	0.00437	0.00267	0.00229	0.00503
3	0.19563	0.35064	0.12607	0.00726	0.01042	0.03827	0.04346	0.11135	0.04238	0.01281	0.00625	0.00700	0.00500	0.00344	0.00280	0.00098	0.00399	0.00242	0.00207	0.02776
4	0.00535	0.00392	0.00461	0.00469	0.00561	0.00362	0.00343	0.03355	0.02741	0.03635	0.16319	0.28434	0.32916	0.04253	0.00492	0.00139	0.00215	0.03696	0.00348	0.00333
5	0.00952	0.09083	0.23885	0.00944	0.03655	0.06110	0.08921	0.14242	0.20687	0.01378	0.00872	0.00923	0.00656	0.00384	0.00347	0.00108	0.00439	0.00317	0.00247	0.05851
6	0.00740	0.02267	0.00598	0.00522	0.00643	0.04138	0.00380	0.04567	0.06320	0.08572	0.07234	0.07245	0.11420	0.31033	0.00898	0.00197	0.00311	0.04344	0.00293	0.08279

[dist]
# distance from previous block
# <min> <max>
2	12

[block]
# block no. 6 follows, 76 sequences, length 49
# corresponding to MSA columns:
# 349-397
name=unknown_G
#
# <colnr> <probs for GDERKNQSTAVLIFYWHMCP>
#	G	D	E	R	K	N	Q	S	T	A	V	L	I	F	Y	W	H	M	C	P
0	0.04109	0.20774	0.19490	0.00739	0.01033	0.05357	0.02911	0.06883	0.00907	0.10230	0.15430	0.01178	0.02948	0.00444	0.00360	0.00104	0.03063	0.00345	0.00255	0.03440
1	0.00596	0.00443	0.00523	0.00483	0.00608	0.00421	0.00367	0.00861	0.12234	0.04634	0.47648	0.02620	0.23447	0.00730	0.00414	0.00116	0.00198	0.00629	0.00377	0.02652
2	0.00736	0.01311	0.02503	0.02369	0.17605	0.00549	0.05823	0.03237	0.00804	0.08400	0.02660	0.24795	0.06031	0.07960	0.03189	0.00161	0.00354	0.08545	0.00282	0.02685
3	0.00978	0.17658	0.27854	0.03892	0.11278	0.03184	0.04530	0.11844	0.05407	0.07546	0.00758	0.00842	0.00569	0.00368	0.00348	0.00107	0.01789	0.00292	0.00220	0.00535
4	0.00726	0.11596	0.62088	0.00910	0.01345	0.00857	0.01111	0.01061	0.00767	0.01101	0.03862	0.03801	0.05300	0.00424	0.00374	0.00114	0.03559	0.00328	0.00179	0.00496
5	0.00445	0.00317	0.00421	0.00503	0.00524	0.00297	0.00335	0.00507	0.00692	0.00922	0.01982	0.84941	0.02378	0.03223	0.00497	0.00153	0.00214	0.01021	0.00335	0.00293
6	0.00757	0.00705	0.01145	0.10759	0.34456	0.00728	0.08982	0.01042	0.10219	0.01140	0.02459	0.12714	0.06787	0.00539	0.00409	0.00123	0.01808	0.04512	0.00242	0.00474
7	0.05276	0.03289	0.03810	0.00756	0.00992	0.05741	0.02618	0.33060	0.11868	0.12062	0.05047	0.10275	0.01008	0.00521	0.00382	0.00116	0.01894	0.00419	0.00336	0.00529
8	0.02608	0.00741	0.00827	0.00743	0.00875	0.14812	0.07079	0.01017	0.12574	0.00999	0.01094	0.01335	0.06094	0.01557	0.41248	0.00340	0.05052	0.00386	0.00225	0.00393
9	0.00430	0.00368	0.00368	0.00368	0.00491	0.00307	0.00276	0.00522	0.00828	0.00982	0.03682	0.03498	0.84812	0.00920	0.00430	0.00123	0.00184	0.00767	0.00338	0.00307
10	0.17250	0.00807	0.00925	0.02610	0.07416	0.02025	0.00619	0.28726	0.04310	0.30218	0.00997	0.00965	0.00684	0.00414	0.00339	0.00111	0.00351	0.00318	0.00348	0.00566
11	0.00787	0.00759	0.01239	0.51291	0.34698	0.02999	0.01043	0.01015	0.00774	0.01029	0.00659	0.00934	0.00520	0.00348	0.00361	0.00115	0.00468	0.00321	0.00169	0.00471
12	0.00700	0.00660	0.01115	0.80924	0.07825	0.00811	0.01016	0.00941	0.00733	0.00945	0.00648	0.00965	0.00490	0.00361	0.00363	0.00120	0.00481	0.00323	0.00163	0.00415
13	0.00454	0.00324	0.00435	0.00519	0.00545	0.00305	0.00357	0.00526	0.00707	0.00941	0.01997	0.80392	0.02379	0.01128	0.00467	0.00149	0.00221	0.07519	0.00337	0.00298
14	0.00904	0.00781	0.00822	0.00740	0.00945	0.00904	0.00575	0.01931	0.84303	0.01520	0.01479	0.01356	0.01109	0.00493	0.00370	0.00123	0.00288	0.00411	0.00370	0.00575
15	0.00745	0.00637	0.00745	0.00537	0.00852	0.00479	0.00428	0.00904	0.00752	0.01178	0.00682	0.03037	0.00588	0.00292	0.00274	0.00056	0.00268	0.00237	0.00219	0.87088
16	0.00884	0.00967	0.01935	0.01450	0.04953	0.03084	0.66598	0.02311	0.00845	0.02416	0.00715	0.00950	0.00549	0.00345	0.00495	0.00124	0.09051	0.00404	0.00188	0.01738
17	0.00937	0.00631	0.00773	0.02890	0.00911	0.00499	0.00467	0.01093	0.00815	0.19721	0.00858	0.03267	0.00669	0.00336	0.00298	0.00071	0.00282	0.00274	0.00269	0.64940
18	0.00606	0.00492	0.00552	0.00516	0.00647	0.00499	0.00393	0.01008	0.25659	0.01341	0.36981	0.02535	0.25922	0.00719	0.00411	0.00119	0.00210	0.00616	0.00373	0.00402
19	0.00913	0.00892	0.01473	0.02180	0.81037	0.03422	0.02491	0.01126	0.00834	0.01178	0.00681	0.00894	0.00572	0.00325	0.00360	0.00108	0.00442	0.00323	0.00180	0.00570
20	0.00473	0.00364	0.00432	0.00427	0.00521	0.00323	0.00316	0.00601	0.00912	0.01210	0.43446	0.12356	0.35592	0.00857	0.00433	0.00121	0.00181	0.00742	0.00368	0.00323
21	0.00686	0.00646	0.01090	0.86353	0.02503	0.00807	0.01009	0.00929	0.00727	0.00929	0.00646	0.00969	0.00484	0.00363	0.00363	0.00121	0.00484	0.00323	0.00161	0.00404
22	0.01612	0.00648	0.00862	0.00661	0.00943	0.00579	0.00546	0.07910	0.01090	0.79002	0.01392	0.01210	0.00879	0.00449	0.00365	0.00112	0.00316	0.00363	0.00443	0.00619
23	0.00965	0.81993	0.01920	0.00679	0.00994	0.01405	0.05857	0.01093	0.00746	0.00875	0.00520	0.00608	0.00472	0.00311	0.00246	0.00081	0.00403	0.00209	0.00157	0.00468
24	0.00475	0.00363	0.00432	0.00429	0.00518	0.00324	0.00314	0.00600	0.00902	0.01199	0.42796	0.12966	0.33209	0.03263	0.00473	0.00128	0.00186	0.00739	0.00365	0.00321
25	0.00750	0.09451	0.77961	0.00999	0.01516	0.00897	0.01279	0.01145	0.00765	0.01125	0.00639	0.00751	0.00461	0.00342	0.00335	0.00112	0.00524	0.00262	0.00154	0.00531
26	0.00541	0.00368	0.00480	0.00469	0.00550	0.00339	0.00345	0.00688	0.00951	0.04337	0.61216	0.19706	0.05148	0.00810	0.00430	0.00121	0.00185	0.00719	0.02255	0.00342
27	0.00996	0.00826	0.00919	0.07714	0.02862	0.00946	0.00648	0.20561	0.56903	0.01642	0.01256	0.01205	0.00935	0.00466	0.00368	0.00120	0.00332	0.00383	0.00348	0.00571
28	0.00723	0.00421	0.00386	0.00377	0.00470	0.04799	0.00284	0.02081	0.00790	0.01344	0.01149	0.01312	0.00903	0.00421	0.00259	0.00086	0.00198	0.00333	0.83317	0.00347
29	0.00551	0.00384	0.00447	0.00441	0.00462	0.00400	0.00272	0.00632	0.05818	0.00773	0.01145	0.02196	0.01257	0.71270	0.12174	0.00367	0.00425	0.00504	0.00226	0.00256
30	0.41570	0.00821	0.03017	0.00680	0.02931	0.00880	0.00552	0.22970	0.11346	0.10735	0.00831	0.00841	0.00602	0.00395	0.00301	0.00113	0.00327	0.00281	0.00300	0.00507
31	0.00556	0.00428	0.00599	0.00571	0.00671	0.00463	0.00446	0.02464	0.00641	0.00919	0.01109	0.01477	0.06155	0.02311	0.69792	0.00490	0.00839	0.00394	0.00209	0.09466
32	0.02924	0.22492	0.40736	0.00844	0.01248	0.05107	0.00949	0.05939	0.00867	0.14563	0.00746	0.00794	0.00540	0.00360	0.00319	0.00104	0.00457	0.00266	0.00216	0.00529
33	0.89794	0.00703	0.00534	0.00478	0.00703	0.00815	0.00394	0.01068	0.00619	0.01631	0.00506	0.00590	0.00394	0.00337	0.00225	0.00112	0.00281	0.00197	0.00225	0.00394
34	0.00435	0.00368	0.00376	0.00374	0.00494	0.00309	0.00280	0.00532	0.00841	0.01012	0.08795	0.03448	0.79680	0.00909	0.00429	0.00122	0.00183	0.00760	0.00341	0.00309
35	0.02528	0.66765	0.09396	0.00676	0.00981	0.07951	0.00676	0.01092	0.00760	0.00903	0.00601	0.05106	0.00566	0.00363	0.00263	0.00087	0.00412	0.00248	0.00168	0.00459
36	0.01608	0.00624	0.00843	0.00650	0.00928	0.00546	0.00535	0.01776	0.03631	0.82608	0.01435	0.01241	0.00906	0.00451	0.00366	0.00113	0.00309	0.00367	0.00447	0.00617
37	0.00454	0.00369	0.00403	0.00394	0.00506	0.00317	0.00296	0.00570	0.00887	0.01121	0.27409	0.03269	0.60998	0.00869	0.00429	0.00120	0.00180	0.00735	0.00356	0.00317
38	0.00877	0.00849	0.01473	0.10319	0.72671	0.00861	0.05403	0.01100	0.00819	0.01161	0.00683	0.00910	0.00566	0.00327	0.00364	0.00110	0.00446	0.00329	0.00178	0.00555
39	0.02364	0.08228	0.17234	0.09381	0.18566	0.05161	0.01904	0.05194	0.14579	0.11582	0.00914	0.00981	0.01540	0.00388	0.00347	0.00111	0.00422	0.00321	0.00247	0.00535
40	0.01631	0.00619	0.00843	0.00647	0.00928	0.00534	0.00534	0.01771	0.01040	0.85211	0.01434	0.01237	0.00900	0.00450	0.00365	0.00112	0.00309	0.00365	0.00450	0.00619
41	0.00443	0.00316	0.00422	0.00506	0.00527	0.00295	0.00337	0.00506	0.00696	0.00928	0.02003	0.86990	0.02404	0.01139	0.00464	0.00148	0.00211	0.01033	0.00337	0.00295
42	0.00846	0.00718	0.01182	0.42333	0.32702	0.00791	0.00975	0.01089	0.03331	0.08292	0.00799	0.02830	0.00635	0.00385	0.00366	0.00117	0.00436	0.01479	0.00206	0.00488
43	0.01308	0.00682	0.02028	0.00787	0.07459	0.00648	0.00588	0.05198	0.18324	0.49611	0.01376	0.06087	0.00986	0.00485	0.00368	0.00116	0.00312	0.00406	0.02651	0.00580
44	0.40933	0.00656	0.00706	0.00571	0.00828	0.00660	0.00472	0.01458	0.00852	0.47952	0.01020	0.00949	0.00674	0.00400	0.00303	0.00112	0.00297	0.00290	0.00350	0.00518
45	0.00729	0.01880	0.85344	0.01036	0.01573	0.00844	0.01343	0.01151	0.00767	0.01151	0.00652	0.00767	0.00460	0.00345	0.00345	0.00115	0.00537	0.00269	0.00153	0.00537
46	0.01365	0.04655	0.07066	0.00916	0.10468	0.00776	0.02817	0.18791	0.03236	0.44433	0.01119	0.01057	0.00750	0.00417	0.00359	0.00110	0.00369	0.00341	0.00359	0.00597
47	0.01404	0.01434	0.05793	0.11965	0.10229	0.03432	0.05585	0.00833	0.01675	0.01143	0.21037	0.19902	0.04660	0.00668	0.00412	0.00124	0.01111	0.04855	0.03344	0.00392
48	0.11973	0.03414	0.02173	0.00838	0.01087	0.27879	0.02667	0.38943	0.03586	0.01645	0.00725	0.00776	0.00547	0.00402	0.00347	0.00105	0.01819	0.00282	0.00276	0.00516

[dist]
# distance from previous block
# <min> <max>
0	8

[block]
# block no. 7 follows, 76 sequences, length 42
# corresponding to MSA columns:
# 406-447
name=unknown_H
#
# <colnr> <probs for GDERKNQSTAVLIFYWHMCP>
#	G	D	E	R	K	N	Q	S	T	A	V	L	I	F	Y	W	H	M	C	P
0	0.00752	0.03117	0.00682	0.00620	0.00758	0.11243	0.00491	0.01064	0.16889	0.04001	0.25646	0.04946	0.09285	0.00702	0.00411	0.00124	0.00302	0.17200	0.00339	0.01427
1	0.00845	0.00827	0.02764	0.01065	0.03223	0.00718	0.39716	0.02359	0.00828	0.04651	0.00755	0.02892	0.00603	0.00324	0.00368	0.00095	0.01422	0.00347	0.00213	0.35985
2	0.00472	0.00370	0.00427	0.00413	0.00517	0.00325	0.00310	0.00604	0.00929	0.01221	0.44438	0.03104	0.43907	0.00831	0.00429	0.00118	0.00178	0.00712	0.00369	0.00325
3	0.00894	0.00858	0.01465	0.04415	0.82819	0.00862	0.01113	0.01111	0.00825	0.01181	0.00683	0.00901	0.00573	0.00325	0.00360	0.00108	0.00433	0.00324	0.00179	0.00571
4	0.00699	0.00414	0.00522	0.00470	0.00597	0.00369	0.00361	0.00849	0.00984	0.16148	0.51596	0.02576	0.19279	0.00719	0.00413	0.00115	0.00198	0.00620	0.02688	0.00384
5	0.00857	0.00814	0.01349	0.19101	0.62122	0.00855	0.01054	0.01138	0.06962	0.01160	0.00735	0.00947	0.00597	0.00344	0.00361	0.00112	0.00432	0.00330	0.00190	0.00541
6	0.00448	0.00322	0.00434	0.00512	0.00536	0.00307	0.00346	0.00517	0.00688	0.00922	0.01927	0.80681	0.02294	0.01256	0.06755	0.00180	0.00267	0.00986	0.00327	0.00297
7	0.00507	0.00367	0.00478	0.00459	0.00541	0.00339	0.00341	0.00669	0.01000	0.01407	0.76780	0.08946	0.05246	0.00776	0.00431	0.00117	0.00175	0.00688	0.00394	0.00339
8	0.01550	0.00749	0.00924	0.00708	0.00993	0.00727	0.00585	0.28480	0.01258	0.58196	0.01251	0.01118	0.00808	0.00445	0.00365	0.00111	0.00339	0.00353	0.00422	0.00618
9	0.01035	0.00637	0.00782	0.00573	0.00883	0.00500	0.00464	0.01189	0.00845	0.28104	0.00898	0.00909	0.00654	0.00327	0.00300	0.00073	0.00282	0.00263	0.00290	0.60991
10	0.00754	0.00646	0.00754	0.00538	0.00861	0.00484	0.00431	0.00915	0.00754	0.01184	0.00646	0.00754	0.00538	0.00269	0.00269	0.00054	0.00269	0.00215	0.00215	0.89449
11	0.00458	0.00331	0.00438	0.00510	0.00529	0.00321	0.00341	0.00517	0.00680	0.00910	0.01900	0.78514	0.02274	0.07473	0.00585	0.00163	0.02463	0.00977	0.00324	0.00292
12	0.00519	0.00389	0.00580	0.00580	0.00644	0.00452	0.00450	0.00647	0.00583	0.00841	0.00977	0.01447	0.00917	0.04457	0.84067	0.00579	0.00961	0.00392	0.00195	0.00322
13	0.00515	0.00370	0.00480	0.00453	0.00534	0.00344	0.00335	0.00676	0.00998	0.01411	0.79579	0.02694	0.03299	0.06110	0.00517	0.00129	0.00183	0.00649	0.00389	0.00335
14	0.00467	0.00346	0.00439	0.00495	0.00552	0.00319	0.00359	0.00561	0.00775	0.01012	0.10377	0.50244	0.19399	0.01037	0.00459	0.00142	0.00219	0.12146	0.00343	0.00308
15	0.02281	0.00762	0.00808	0.00705	0.00911	0.00856	0.00554	0.17899	0.53745	0.01620	0.06721	0.02894	0.07565	0.00538	0.00376	0.00120	0.00293	0.00444	0.00365	0.00541
16	0.01028	0.00829	0.00854	0.00723	0.00933	0.04976	0.00573	0.31363	0.33703	0.01740	0.11716	0.03244	0.01213	0.00509	0.00369	0.00114	0.00324	0.00413	0.04840	0.00536
17	0.00997	0.07481	0.03365	0.01089	0.01361	0.18958	0.31750	0.04386	0.20697	0.01196	0.00850	0.00955	0.00657	0.00385	0.00408	0.00114	0.04271	0.00354	0.00231	0.00496
18	0.01206	0.00652	0.00752	0.00613	0.00830	0.00663	0.00494	0.21342	0.10735	0.30825	0.01230	0.01197	0.00865	0.00444	0.00333	0.00105	0.00288	0.00354	0.26542	0.00531
19	0.00593	0.00448	0.00539	0.00568	0.00645	0.00463	0.00404	0.03217	0.19484	0.02369	0.01839	0.59952	0.03269	0.01878	0.02372	0.00152	0.00253	0.00840	0.00343	0.00372
20	0.00934	0.73648	0.10329	0.00661	0.00985	0.01326	0.00685	0.02425	0.00769	0.00934	0.04083	0.00697	0.00593	0.00335	0.00255	0.00084	0.00395	0.00224	0.00169	0.00471
21	0.00900	0.00864	0.01475	0.02231	0.84960	0.00864	0.01115	0.01115	0.00828	0.01187	0.00684	0.00900	0.00576	0.00324	0.00360	0.00108	0.00432	0.00324	0.00180	0.00576
22	0.04544	0.03482	0.03706	0.01048	0.09280	0.30887	0.13247	0.06165	0.05786	0.06438	0.03585	0.00958	0.00700	0.01516	0.06036	0.00141	0.01453	0.00324	0.00231	0.00472
23	0.11066	0.01640	0.03132	0.00912	0.04446	0.02012	0.21540	0.02497	0.06936	0.15281	0.06582	0.16073	0.01158	0.00546	0.00414	0.00124	0.03286	0.01602	0.00290	0.00463
24	0.71219	0.00685	0.00599	0.00513	0.00750	0.00756	0.00423	0.01216	0.00707	0.19240	0.00702	0.00727	0.00500	0.00361	0.00255	0.00112	0.00287	0.00232	0.00272	0.00441
25	0.00460	0.00375	0.00399	0.00397	0.00503	0.00328	0.00291	0.00577	0.02705	0.01039	0.14912	0.06724	0.61775	0.07258	0.00534	0.00140	0.00198	0.00737	0.00338	0.00311
26	0.01029	0.15511	0.26248	0.02447	0.08442	0.00911	0.12321	0.06420	0.03830	0.18124	0.00842	0.00903	0.00605	0.00365	0.00346	0.00109	0.00450	0.00312	0.00241	0.00543
27	0.00613	0.00504	0.00677	0.18732	0.03727	0.01844	0.01334	0.00853	0.10207	0.02474	0.11825	0.30086	0.10975	0.00753	0.00412	0.00128	0.00290	0.01791	0.02398	0.00377
28	0.00452	0.00327	0.00429	0.00507	0.00540	0.00305	0.00350	0.00524	0.00715	0.00943	0.02121	0.75061	0.08458	0.01113	0.00464	0.00147	0.00218	0.06689	0.00337	0.00299
29	0.04961	0.03966	0.68544	0.01023	0.01508	0.03574	0.06973	0.01176	0.02890	0.01168	0.00665	0.00780	0.00480	0.00346	0.00343	0.00114	0.00524	0.00277	0.00166	0.00523
30	0.00901	0.06771	0.22122	0.11106	0.24364	0.01828	0.09795	0.04350	0.05103	0.06565	0.00754	0.00901	0.00573	0.00362	0.00380	0.00113	0.02963	0.00319	0.00204	0.00528
31	0.01609	0.00654	0.00865	0.00663	0.00945	0.00587	0.00548	0.09011	0.01099	0.77889	0.01384	0.01205	0.00875	0.00449	0.00365	0.00112	0.00317	0.00362	0.00442	0.00618
32	0.00436	0.00363	0.00380	0.00387	0.00497	0.00308	0.00286	0.00530	0.00827	0.01004	0.08205	0.11566	0.72101	0.00931	0.00433	0.00125	0.00186	0.00787	0.00341	0.00308
33	0.02235	0.01382	0.50319	0.01058	0.09301	0.00773	0.06305	0.02497	0.04119	0.05281	0.09775	0.02005	0.02515	0.00415	0.00364	0.00115	0.00455	0.00353	0.00217	0.00514
34	0.01899	0.17186	0.10179	0.05272	0.21100	0.02809	0.02467	0.08959	0.04180	0.13387	0.04904	0.03153	0.00795	0.00404	0.00340	0.00106	0.00396	0.00336	0.01604	0.00524
35	0.00463	0.00382	0.00408	0.00403	0.00520	0.00333	0.00305	0.00598	0.03240	0.01087	0.18489	0.03309	0.65298	0.00878	0.00430	0.00122	0.00189	0.02874	0.00350	0.00322
36	0.06985	0.07244	0.15777	0.20197	0.09494	0.07443	0.12221	0.03092	0.10968	0.01172	0.01593	0.00914	0.00598	0.00365	0.00349	0.00113	0.00469	0.00318	0.00203	0.00485
37	0.03491	0.04667	0.32065	0.01140	0.16297	0.04586	0.04655	0.04493	0.16184	0.05058	0.01902	0.02367	0.00698	0.00393	0.00352	0.00113	0.00442	0.00329	0.00231	0.00537
