[name]
unknown

[dist]
# distance from previous block
# <min> <max>
0	402

[block]
# block no. 0 follows, 84 sequences, length 23
# corresponding to MSA columns:
# 402-424
name=unknown_A
#
# <colnr> <probs for GDERKNQSTAVLIFYWHMCP>
#	G	D	E	R	K	N	Q	S	T	A	V	L	I	F	Y	W	H	M	C	P
0	0.00550	0.00382	0.00530	0.00593	0.00671	0.00377	0.00509	0.00699	0.00784	0.02940	0.08582	0.08277	0.02022	0.00903	0.00453	0.00148	0.00290	0.70660	0.00316	0.00313
1	0.00797	0.00508	0.00689	0.03591	0.12030	0.00498	0.00496	0.01833	0.10622	0.19278	0.30968	0.03077	0.06864	0.00547	0.00362	0.00107	0.00247	0.02967	0.04094	0.00425
2	0.78314	0.00689	0.00564	0.00487	0.00703	0.00792	0.00401	0.12525	0.00709	0.01589	0.00514	0.00581	0.00392	0.00324	0.00225	0.00103	0.00275	0.00198	0.00225	0.00392
3	0.00842	0.04398	0.01329	0.08833	0.71023	0.00829	0.00981	0.05751	0.00799	0.01122	0.00631	0.00822	0.00523	0.00307	0.00328	0.00100	0.00399	0.00294	0.00173	0.00517
4	0.05905	0.45213	0.02469	0.00788	0.07916	0.19655	0.00638	0.07313	0.00798	0.00964	0.00517	0.00610	0.00446	0.00328	0.00303	0.00086	0.05236	0.00214	0.00170	0.00434
5	0.05885	0.00478	0.00495	0.00432	0.00568	0.00501	0.00341	0.18574	0.00894	0.06134	0.01011	0.01111	0.00769	0.00390	0.00260	0.00086	0.00214	0.00304	0.61169	0.00384
6	0.00517	0.00355	0.00446	0.00416	0.00511	0.00320	0.00314	0.00659	0.00914	0.05960	0.65189	0.02571	0.19162	0.00703	0.00393	0.00107	0.00168	0.00612	0.00361	0.00324
7	0.01278	0.00551	0.00718	0.00566	0.00792	0.00495	0.00462	0.07565	0.00986	0.62790	0.11500	0.01399	0.05799	0.00470	0.00344	0.00104	0.00266	0.00387	0.03011	0.00517
8	0.00404	0.00337	0.00344	0.00347	0.00447	0.00286	0.00253	0.00481	0.00737	0.00884	0.03144	0.06697	0.75610	0.07929	0.00504	0.00131	0.00184	0.00701	0.00303	0.00276
9	0.03820	0.00503	0.00650	0.00547	0.00738	0.00458	0.00440	0.01265	0.05553	0.50329	0.12424	0.08633	0.07353	0.00560	0.00360	0.00111	0.00253	0.05157	0.00377	0.00470
10	0.05258	0.00646	0.00667	0.00558	0.00739	0.03175	0.00446	0.28937	0.10635	0.10078	0.01006	0.01040	0.00743	0.00399	0.00291	0.00094	0.00270	0.00310	0.34254	0.00453
11	0.00897	0.88411	0.01758	0.00574	0.00861	0.01327	0.00574	0.01005	0.00682	0.00789	0.00466	0.00538	0.00431	0.00287	0.00215	0.00072	0.00359	0.00179	0.00144	0.00431
12	0.00553	0.00463	0.00714	0.03458	0.26469	0.00460	0.00555	0.00676	0.02067	0.00935	0.01397	0.54110	0.01581	0.00853	0.03956	0.00141	0.00294	0.00703	0.00258	0.00359
13	0.00634	0.00596	0.01006	0.87403	0.02311	0.00745	0.00932	0.00857	0.00671	0.00857	0.00596	0.00894	0.00447	0.00335	0.00335	0.00112	0.00447	0.00298	0.00149	0.00373
14	0.00418	0.00297	0.00391	0.00462	0.00481	0.00279	0.00307	0.00474	0.00632	0.00842	0.01781	0.78990	0.02129	0.08357	0.00536	0.00152	0.00208	0.02693	0.00302	0.00267
15	0.90579	0.00649	0.00493	0.00441	0.00649	0.00753	0.00363	0.00986	0.00571	0.01505	0.00467	0.00545	0.00363	0.00311	0.00208	0.00104	0.00260	0.00182	0.00208	0.00363
16	0.00980	0.01026	0.00981	0.00837	0.01018	0.36447	0.14181	0.09366	0.00936	0.05216	0.05994	0.09595	0.00992	0.00502	0.00359	0.00107	0.00458	0.10361	0.00242	0.00401
17	0.23819	0.00910	0.01406	0.03285	0.01366	0.10325	0.47072	0.05810	0.00794	0.01210	0.00612	0.00774	0.00465	0.00305	0.00333	0.00107	0.00478	0.00313	0.00189	0.00427
18	0.05846	0.00831	0.00848	0.00675	0.00916	0.13494	0.01728	0.25445	0.01072	0.31246	0.00936	0.02333	0.00675	0.01825	0.00342	0.00100	0.00355	0.01283	0.00313	0.09735
19	0.00484	0.00366	0.00446	0.00466	0.00536	0.00348	0.01238	0.05180	0.01880	0.00967	0.05836	0.39875	0.24748	0.07972	0.00518	0.00143	0.00222	0.08172	0.00305	0.00297
20	0.23415	0.00706	0.00703	0.00625	0.00820	0.00811	0.00496	0.09160	0.52640	0.01474	0.01108	0.02421	0.00862	0.00437	0.00312	0.00112	0.00274	0.02837	0.00306	0.00482
21	0.00496	0.00379	0.00461	0.00451	0.00538	0.00367	0.00334	0.00723	0.11196	0.01205	0.49348	0.18083	0.13650	0.00746	0.00395	0.00113	0.00180	0.00656	0.00348	0.00330
22	0.10475	0.00826	0.00905	0.00710	0.00952	0.00907	0.00585	0.53748	0.05076	0.16311	0.00864	0.00852	0.00607	0.00408	0.00365	0.00105	0.05143	0.00299	0.00326	0.00536

[dist]
# distance from previous block
# <min> <max>
0	1

[block]
# block no. 1 follows, 84 sequences, length 10
# corresponding to MSA columns:
# 426-435
name=unknown_B
#
# <colnr> <probs for GDERKNQSTAVLIFYWHMCP>
#	G	D	E	R	K	N	Q	S	T	A	V	L	I	F	Y	W	H	M	C	P
0	0.01134	0.07293	0.06671	0.02582	0.03725	0.54627	0.05452	0.11189	0.00963	0.01011	0.00567	0.00663	0.00456	0.00346	0.00322	0.00092	0.02050	0.00242	0.00187	0.00428
1	0.00505	0.00371	0.00457	0.00430	0.00451	0.00384	0.02900	0.00527	0.00523	0.00696	0.01209	0.02150	0.08538	0.72138	0.01513	0.00289	0.05991	0.00492	0.00208	0.00229
2	0.00802	0.09476	0.27362	0.03544	0.01189	0.08286	0.09397	0.04308	0.10417	0.01096	0.00683	0.00772	0.00525	0.00318	0.00303	0.00090	0.00411	0.00261	0.00191	0.20568
3	0.00779	0.00745	0.01269	0.24375	0.64203	0.00784	0.01004	0.00985	0.00740	0.01034	0.00622	0.00847	0.00509	0.00308	0.00333	0.00103	0.00411	0.00299	0.00162	0.00490
4	0.00428	0.00341	0.00385	0.00383	0.00480	0.00298	0.00289	0.00538	0.00819	0.01049	0.29678	0.06732	0.52358	0.00809	0.00400	0.00113	0.00173	0.04103	0.00330	0.00294
5	0.00529	0.00386	0.00461	0.00446	0.00473	0.00418	0.00293	0.00638	0.07928	0.00768	0.04266	0.01930	0.01185	0.60976	0.13256	0.00319	0.04800	0.00455	0.00216	0.00258
6	0.02158	0.02398	0.03312	0.06632	0.16727	0.12124	0.09149	0.07053	0.10911	0.04131	0.00721	0.00829	0.00565	0.00341	0.00353	0.00094	0.04540	0.00285	0.00213	0.17465
7	0.00551	0.00365	0.00480	0.00479	0.00564	0.00357	0.00368	0.00660	0.00715	0.08393	0.13396	0.12639	0.18620	0.06162	0.24487	0.00249	0.00409	0.10507	0.00286	0.00315
8	0.28699	0.00858	0.02517	0.00646	0.00858	0.12224	0.00521	0.11923	0.32584	0.04607	0.00888	0.00876	0.00665	0.00385	0.00294	0.00105	0.00327	0.00283	0.00276	0.00466
9	0.00868	0.35646	0.14440	0.00745	0.02575	0.11448	0.02690	0.03877	0.00737	0.00938	0.00529	0.00640	0.00449	0.00331	0.00355	0.00086	0.10022	0.00221	0.00163	0.13240

[dist]
# distance from previous block
# <min> <max>
0	1

[block]
# block no. 2 follows, 84 sequences, length 35
# corresponding to MSA columns:
# 437-471
name=unknown_C
#
# <colnr> <probs for GDERKNQSTAVLIFYWHMCP>
#	G	D	E	R	K	N	Q	S	T	A	V	L	I	F	Y	W	H	M	C	P
0	0.00581	0.00451	0.00519	0.00500	0.00609	0.00461	0.00375	0.02868	0.23362	0.02536	0.27493	0.19468	0.15997	0.00715	0.00385	0.00116	0.00205	0.01840	0.01151	0.00369
1	0.00482	0.00345	0.00453	0.00457	0.00498	0.00366	0.00325	0.00556	0.00568	0.00779	0.05764	0.02001	0.06017	0.36755	0.37470	0.00381	0.00549	0.05757	0.00215	0.00261
2	0.00442	0.00315	0.00406	0.00447	0.00488	0.00297	0.00312	0.00525	0.00708	0.00959	0.20198	0.49209	0.06864	0.09380	0.01841	0.00153	0.00214	0.05204	0.01760	0.00279
3	0.83729	0.00664	0.00528	0.00463	0.00675	0.00764	0.00381	0.05765	0.00636	0.03239	0.00503	0.00572	0.00384	0.00319	0.00217	0.00104	0.00266	0.00192	0.00219	0.00379
4	0.00443	0.00336	0.00477	0.00509	0.00553	0.00315	0.04667	0.00517	0.00656	0.00869	0.02729	0.64954	0.07092	0.08181	0.00532	0.00150	0.00230	0.06214	0.00296	0.00280
5	0.00856	0.00672	0.00745	0.00616	0.00849	0.00682	0.00486	0.03402	0.48261	0.08535	0.01094	0.01048	0.00822	0.00382	0.00310	0.00091	0.00264	0.00314	0.00300	0.30271
6	0.74840	0.00624	0.00553	0.00484	0.00679	0.00703	0.03800	0.00965	0.00593	0.04621	0.00599	0.04394	0.00512	0.05104	0.00311	0.00118	0.00274	0.00246	0.00218	0.00362
7	0.00431	0.00301	0.00383	0.00438	0.00452	0.00287	0.00281	0.00473	0.00599	0.00798	0.01625	0.63676	0.01936	0.25752	0.00791	0.00190	0.00232	0.00822	0.00281	0.00253
8	0.02385	0.00488	0.00634	0.00516	0.00715	0.00426	0.00415	0.01231	0.00917	0.53950	0.17083	0.01766	0.16922	0.00543	0.00357	0.00106	0.00241	0.00452	0.00385	0.00469
9	0.00874	0.00725	0.00785	0.00646	0.00881	0.00762	0.00512	0.16478	0.46383	0.01443	0.01047	0.01014	0.00793	0.00387	0.00314	0.00093	0.00279	0.00314	0.00300	0.25968
10	0.00897	0.88411	0.01758	0.00574	0.00861	0.01327	0.00574	0.01005	0.00682	0.00789	0.00466	0.00538	0.00431	0.00287	0.00215	0.00072	0.00359	0.00179	0.00144	0.00431
11	0.00748	0.00488	0.00556	0.00495	0.00625	0.04856	0.00382	0.00978	0.09866	0.16902	0.49338	0.01980	0.05178	0.00583	0.00365	0.00104	0.00216	0.00500	0.05451	0.00388
12	0.01431	0.00756	0.04970	0.01950	0.01144	0.02687	0.31106	0.07744	0.14436	0.05026	0.05369	0.10419	0.05003	0.04457	0.01830	0.00129	0.00399	0.00458	0.00254	0.00431
13	0.00707	0.00592	0.00669	0.05069	0.00832	0.00665	0.00491	0.02447	0.51383	0.01248	0.09470	0.01718	0.08261	0.04219	0.05099	0.00147	0.00298	0.05928	0.00315	0.00442
14	0.00425	0.00307	0.00402	0.00454	0.00492	0.00285	0.00315	0.00507	0.00715	0.00964	0.19405	0.64034	0.06720	0.00962	0.00421	0.00129	0.00188	0.02668	0.00323	0.00283
15	0.01421	0.00631	0.00799	0.12852	0.07089	0.03221	0.00588	0.22375	0.00914	0.03896	0.08911	0.12665	0.01068	0.04110	0.12153	0.00178	0.06038	0.00428	0.00256	0.00406
16	0.00800	0.20438	0.30686	0.11327	0.19998	0.06596	0.02590	0.02066	0.00739	0.00983	0.00576	0.00718	0.00456	0.00311	0.00302	0.00097	0.00446	0.00251	0.00153	0.00468
17	0.00658	0.02152	0.01645	0.08646	0.27952	0.00619	0.04052	0.01532	0.11260	0.01060	0.07615	0.21647	0.06515	0.00572	0.00379	0.00114	0.01719	0.01201	0.00247	0.00416
18	0.00447	0.00321	0.00368	0.00389	0.00423	0.00303	0.00248	0.00485	0.00598	0.00769	0.01827	0.24091	0.21702	0.43972	0.01052	0.00224	0.00255	0.02025	0.00258	0.00242
19	0.00640	0.00662	0.05631	0.73077	0.08180	0.00732	0.00928	0.00865	0.00683	0.00887	0.00713	0.00975	0.03935	0.00353	0.00337	0.00111	0.00435	0.00312	0.00157	0.00387
20	0.00608	0.00532	0.01843	0.04264	0.25097	0.00563	0.01793	0.00739	0.00617	0.00874	0.00865	0.03586	0.00845	0.14455	0.33272	0.00306	0.05269	0.03925	0.00185	0.00362
21	0.00864	0.00935	0.04791	0.18749	0.38166	0.15862	0.00905	0.04196	0.00779	0.01005	0.00589	0.00787	0.00484	0.00351	0.00412	0.00105	0.10114	0.00282	0.00167	0.00456
22	0.00574	0.00474	0.00562	0.00520	0.00616	0.02440	0.00401	0.01752	0.14807	0.01201	0.44175	0.03794	0.11128	0.00805	0.07588	0.00147	0.07817	0.00527	0.00318	0.00355
23	0.01231	0.01513	0.00943	0.00849	0.01028	0.77337	0.00641	0.05893	0.05781	0.00924	0.00582	0.00653	0.00473	0.00355	0.00307	0.00089	0.00573	0.00230	0.00191	0.00407
24	0.00468	0.00335	0.00458	0.00535	0.00581	0.00324	0.00415	0.00570	0.00701	0.00923	0.01816	0.49939	0.02089	0.00995	0.00444	0.00144	0.00246	0.38418	0.00310	0.00289
25	0.00482	0.00349	0.00485	0.00485	0.00526	0.00390	0.00351	0.00564	0.00523	0.00738	0.00948	0.01594	0.00959	0.29466	0.60094	0.00472	0.00718	0.00400	0.00187	0.00269
26	0.00784	0.00778	0.05629	0.27585	0.32729	0.05758	0.00864	0.01044	0.07304	0.04577	0.07990	0.01018	0.00769	0.00367	0.00346	0.00105	0.01372	0.00325	0.00201	0.00454
27	0.00445	0.00339	0.00476	0.00515	0.00568	0.00317	0.04124	0.00529	0.00681	0.00891	0.01962	0.60691	0.12117	0.02046	0.00444	0.00137	0.00226	0.12902	0.00303	0.00286
28	0.00828	0.04827	0.08926	0.31175	0.22124	0.11976	0.01642	0.06785	0.00806	0.02052	0.00677	0.00962	0.00557	0.00361	0.00331	0.00105	0.00443	0.04803	0.00180	0.00440
29	0.00731	0.01614	0.71392	0.00968	0.01413	0.04657	0.05917	0.04235	0.00749	0.01082	0.00604	0.00719	0.00436	0.00331	0.00353	0.00107	0.03792	0.00259	0.00152	0.00487
30	0.11717	0.09502	0.45363	0.00939	0.05066	0.11910	0.08894	0.01083	0.00731	0.01063	0.00571	0.00683	0.00432	0.00314	0.00301	0.00101	0.00471	0.00246	0.00158	0.00457
31	0.00634	0.00596	0.01006	0.87403	0.02311	0.00745	0.00932	0.00857	0.00671	0.00857	0.00596	0.00894	0.00447	0.00335	0.00335	0.00112	0.00447	0.00298	0.00149	0.00373
32	0.01432	0.16715	0.24376	0.04464	0.01128	0.12749	0.04942	0.04603	0.05276	0.04298	0.03924	0.02669	0.00653	0.00959	0.00336	0.00097	0.02766	0.01095	0.00196	0.07321
33	0.00431	0.00351	0.00389	0.00407	0.00512	0.00308	0.00324	0.00533	0.00767	0.00930	0.03005	0.03364	0.65591	0.00868	0.00413	0.00123	0.00204	0.20879	0.00311	0.00289
34	0.00824	0.05146	0.58092	0.00913	0.01335	0.00802	0.07243	0.07365	0.04611	0.09456	0.00722	0.00789	0.00509	0.00336	0.00324	0.00105	0.00455	0.00275	0.00194	0.00504

[dist]
# distance from previous block
# <min> <max>
0	1

[block]
# block no. 3 follows, 84 sequences, length 30
# corresponding to MSA columns:
# 473-502
name=unknown_D
#
# <colnr> <probs for GDERKNQSTAVLIFYWHMCP>
#	G	D	E	R	K	N	Q	S	T	A	V	L	I	F	Y	W	H	M	C	P
0	0.00820	0.03737	0.32067	0.07568	0.22327	0.05696	0.07893	0.09161	0.04244	0.01154	0.01810	0.00813	0.00536	0.00331	0.00329	0.00103	0.00450	0.00288	0.00182	0.00490
1	0.00780	0.01034	0.28459	0.00759	0.01045	0.00792	0.00751	0.02414	0.52579	0.02417	0.02791	0.01137	0.02701	0.00423	0.00336	0.00111	0.00337	0.00347	0.00278	0.00511
2	0.00473	0.00319	0.00388	0.00417	0.00437	0.00312	0.00270	0.00518	0.00590	0.00804	0.05031	0.29700	0.01659	0.45428	0.01072	0.00230	0.00266	0.07003	0.04838	0.00244
3	0.01281	0.00665	0.00804	0.00636	0.00876	0.00661	0.00519	0.21914	0.12877	0.47762	0.04893	0.01175	0.02514	0.00437	0.00340	0.00104	0.00294	0.00353	0.01350	0.00546
4	0.01062	0.04975	0.01115	0.00950	0.05335	0.42156	0.07622	0.10880	0.00889	0.01001	0.00551	0.00691	0.00461	0.00398	0.00494	0.00104	0.20450	0.00261	0.00184	0.00419
5	0.00434	0.00310	0.00418	0.00496	0.00526	0.00294	0.00355	0.00511	0.00667	0.00885	0.01835	0.71929	0.02164	0.01027	0.00435	0.00140	0.00216	0.16767	0.00311	0.00279
6	0.00522	0.00353	0.00446	0.00434	0.00521	0.00322	0.00323	0.00658	0.02019	0.06626	0.48830	0.18288	0.16631	0.00764	0.00398	0.00113	0.00179	0.01899	0.00351	0.00322
7	0.01275	0.00940	0.01007	0.00772	0.01040	0.01040	0.00638	0.84998	0.01577	0.02114	0.00805	0.00805	0.00571	0.00403	0.00336	0.00101	0.00369	0.00302	0.00336	0.00571
8	0.01046	0.00747	0.00836	0.00677	0.00877	0.00822	0.00543	0.53070	0.05979	0.05995	0.00905	0.01077	0.00722	0.09789	0.15149	0.00199	0.00444	0.00337	0.00300	0.00485
9	0.00815	0.00660	0.00699	0.00610	0.00792	0.00722	0.00479	0.21872	0.39928	0.01430	0.01753	0.05696	0.21976	0.00568	0.00358	0.00111	0.00264	0.00469	0.00331	0.00467
10	0.00419	0.00308	0.00430	0.00492	0.00519	0.00287	0.02492	0.00483	0.00646	0.00862	0.01819	0.85745	0.02175	0.01031	0.00427	0.00136	0.00204	0.00939	0.00308	0.00277
11	0.00479	0.00359	0.00539	0.00539	0.00599	0.00419	0.00419	0.00599	0.00539	0.00779	0.00899	0.01318	0.00839	0.02516	0.86880	0.00539	0.00899	0.00359	0.00180	0.00300
12	0.00826	0.01457	0.57080	0.00966	0.01391	0.00847	0.10636	0.20471	0.00919	0.01307	0.00658	0.00753	0.00468	0.00334	0.00331	0.00106	0.00474	0.00277	0.00190	0.00508
13	0.00750	0.00720	0.01197	0.31486	0.46473	0.00808	0.00959	0.00942	0.00701	0.00977	0.00595	0.00841	0.00491	0.00347	0.00429	0.00110	0.11263	0.00298	0.00158	0.00456
14	0.00634	0.00596	0.01006	0.87403	0.02311	0.00745	0.00932	0.00857	0.00671	0.00857	0.00596	0.00894	0.00447	0.00335	0.00335	0.00112	0.00447	0.00298	0.00149	0.00373
15	0.00515	0.00416	0.04451	0.04853	0.00543	0.00382	0.00309	0.00577	0.03535	0.00717	0.01053	0.06788	0.01173	0.69049	0.01441	0.02938	0.00329	0.00483	0.00207	0.00239
16	0.57174	0.00716	0.00703	0.00584	0.00809	0.00805	0.05159	0.15075	0.10248	0.04922	0.00669	0.00711	0.00498	0.00345	0.00259	0.00105	0.00297	0.00242	0.00250	0.00430
17	0.00719	0.00610	0.00708	0.00508	0.00805	0.00471	0.00407	0.04168	0.00731	0.01134	0.00605	0.00700	0.00500	0.00255	0.00252	0.00052	0.00253	0.00203	0.00204	0.86718
18	0.00485	0.00353	0.00513	0.03040	0.00601	0.00399	0.00390	0.00573	0.00538	0.00759	0.00963	0.07701	0.00965	0.13824	0.62008	0.05280	0.00724	0.00414	0.00190	0.00278
19	0.00479	0.00331	0.00398	0.00401	0.00418	0.00339	0.00250	0.00507	0.00517	0.00695	0.01169	0.05519	0.05162	0.64717	0.17404	0.00347	0.00419	0.00493	0.00208	0.00228
20	0.00537	0.00416	0.00487	0.00456	0.00562	0.00411	0.00345	0.02381	0.15253	0.01273	0.50676	0.03984	0.18852	0.00675	0.00383	0.00108	0.00183	0.00583	0.02085	0.00350
21	0.12048	0.03587	0.21786	0.00772	0.01075	0.00866	0.04362	0.35042	0.05382	0.05540	0.00795	0.00928	0.00604	0.02034	0.00346	0.00109	0.00382	0.03584	0.00260	0.00498
22	0.00725	0.00612	0.00706	0.00519	0.00801	0.00494	0.00414	0.05183	0.05491	0.01172	0.03682	0.00797	0.00625	0.00283	0.00263	0.00058	0.00252	0.00229	0.00220	0.77473
23	0.00449	0.00340	0.00414	0.00399	0.00486	0.00305	0.00298	0.00581	0.00882	0.01195	0.57931	0.06147	0.27848	0.00749	0.00397	0.00109	0.00163	0.00651	0.00350	0.00305
24	0.00450	0.00339	0.00417	0.00412	0.00495	0.00306	0.00309	0.00578	0.00862	0.01164	0.51756	0.10989	0.25622	0.00776	0.00402	0.00113	0.00171	0.04191	0.00345	0.00303
25	0.01456	0.00557	0.00753	0.00581	0.00830	0.00483	0.00479	0.01587	0.00946	0.81591	0.01311	0.01148	0.00832	0.00414	0.00332	0.00102	0.00278	0.00336	0.05428	0.00557
26	0.90579	0.00649	0.00493	0.00441	0.00649	0.00753	0.00363	0.00986	0.00571	0.01505	0.00467	0.00545	0.00363	0.00311	0.00208	0.00104	0.00260	0.00182	0.00208	0.00363
27	0.00428	0.00333	0.00406	0.04172	0.00558	0.00308	0.00323	0.00509	0.00698	0.00886	0.04675	0.38258	0.34971	0.06298	0.00492	0.00138	0.00210	0.05758	0.00299	0.00280
28	0.06981	0.28860	0.07247	0.00730	0.00983	0.24280	0.03332	0.09326	0.09560	0.02228	0.00636	0.00693	0.00510	0.00339	0.00288	0.00090	0.01347	0.00237	0.00200	0.02132
29	0.01864	0.01567	0.01104	0.04570	0.22749	0.03646	0.05541	0.33417	0.02662	0.05298	0.00727	0.00819	0.00552	0.00354	0.00354	0.00097	0.03622	0.00293	0.00249	0.10516

[dist]
# distance from previous block
# <min> <max>
0	6

[block]
# block no. 4 follows, 84 sequences, length 90
# corresponding to MSA columns:
# 509-598
name=unknown_E
#
# <colnr> <probs for GDERKNQSTAVLIFYWHMCP>
#	G	D	E	R	K	N	Q	S	T	A	V	L	I	F	Y	W	H	M	C	P
0	0.07019	0.16863	0.14453	0.00787	0.05714	0.09860	0.00681	0.06929	0.24685	0.01160	0.00802	0.00883	0.00640	0.03918	0.00389	0.00110	0.04137	0.00283	0.00223	0.00463
1	0.35458	0.05530	0.02898	0.00656	0.01677	0.36001	0.00521	0.02621	0.00770	0.01133	0.02459	0.01630	0.02165	0.01196	0.01659	0.00103	0.00421	0.00234	0.00196	0.02670
2	0.00849	0.00998	0.13631	0.02432	0.53602	0.08209	0.06472	0.01608	0.05243	0.02215	0.00686	0.00839	0.01050	0.00319	0.00333	0.00101	0.00432	0.00298	0.00178	0.00507
3	0.00683	0.00583	0.00687	0.00499	0.00784	0.00446	0.00399	0.00831	0.00687	0.01075	0.00614	0.00731	0.00516	0.00378	0.05207	0.00078	0.00286	0.00208	0.00198	0.85112
4	0.00496	0.00356	0.00455	0.00450	0.00469	0.00390	0.00302	0.00539	0.00509	0.00704	0.00995	0.03963	0.01084	0.54384	0.28686	0.00379	0.04951	0.00449	0.00196	0.00244
5	0.00475	0.00354	0.00386	0.00371	0.00486	0.00302	0.00281	0.00577	0.00813	0.05824	0.19717	0.02967	0.64677	0.00792	0.00393	0.00111	0.00174	0.00667	0.00329	0.00306
6	0.00989	0.00495	0.00583	0.00489	0.00652	0.00489	0.00391	0.14247	0.00921	0.27882	0.04097	0.01195	0.00885	0.00519	0.04704	0.00114	0.00268	0.00331	0.40316	0.00433
7	0.47429	0.03749	0.00705	0.00555	0.00784	0.00787	0.00458	0.16372	0.08656	0.16441	0.00761	0.00762	0.00546	0.00359	0.00266	0.00103	0.00288	0.00249	0.00277	0.00455
8	0.00608	0.00426	0.00522	0.00534	0.00607	0.00440	0.00413	0.04035	0.10091	0.03493	0.01416	0.04457	0.01488	0.33050	0.00900	0.00209	0.00309	0.36413	0.00278	0.00312
9	0.00897	0.88411	0.01758	0.00574	0.00861	0.01327	0.00574	0.01005	0.00682	0.00789	0.00466	0.00538	0.00431	0.00287	0.00215	0.00072	0.00359	0.00179	0.00144	0.00431
10	0.00743	0.00549	0.00643	0.00581	0.00706	0.02327	0.03823	0.24117	0.04777	0.01323	0.03658	0.36048	0.01385	0.00671	0.00360	0.00112	0.00263	0.01369	0.16162	0.00385
11	0.00404	0.00335	0.00353	0.00359	0.00460	0.00285	0.00265	0.00492	0.00767	0.00935	0.09531	0.11596	0.71351	0.00857	0.00400	0.00115	0.00172	0.00725	0.00316	0.00285
12	0.90579	0.00649	0.00493	0.00441	0.00649	0.00753	0.00363	0.00986	0.00571	0.01505	0.00467	0.00545	0.00363	0.00311	0.00208	0.00104	0.00260	0.00182	0.00208	0.00363
13	0.00693	0.00345	0.00358	0.00341	0.00435	0.00343	0.00260	0.03155	0.00742	0.06085	0.01099	0.01232	0.00850	0.00393	0.00243	0.00080	0.00170	0.00314	0.82526	0.00334
14	0.00446	0.00371	0.00460	0.00485	0.03507	0.00329	0.02808	0.00547	0.00754	0.00943	0.06982	0.17666	0.53201	0.00841	0.00404	0.00119	0.00207	0.08344	0.00304	0.01284
15	0.01027	0.45295	0.02210	0.00760	0.05747	0.23459	0.00626	0.07904	0.05949	0.03323	0.00596	0.00655	0.00495	0.00326	0.00266	0.00083	0.00420	0.00223	0.00187	0.00447
16	0.05225	0.00771	0.21887	0.00575	0.00751	0.00552	0.00535	0.07919	0.05321	0.02328	0.01888	0.01563	0.02666	0.43868	0.02609	0.00223	0.00370	0.00392	0.00214	0.00344
17	0.01286	0.00652	0.00817	0.00632	0.00881	0.00624	0.00519	0.15233	0.05785	0.52376	0.01102	0.01015	0.00736	0.00403	0.00365	0.00099	0.04743	0.00314	0.00357	0.12062
18	0.06478	0.13433	0.06817	0.02087	0.51229	0.10094	0.01413	0.01060	0.00754	0.01679	0.00586	0.00741	0.00489	0.00309	0.00314	0.00096	0.01507	0.00263	0.00166	0.00486
19	0.00913	0.71771	0.09452	0.00633	0.00933	0.04889	0.00642	0.05831	0.00747	0.00892	0.00500	0.00572	0.00438	0.00299	0.00235	0.00077	0.00382	0.00194	0.00156	0.00443
20	0.00488	0.00325	0.00366	0.00366	0.00366	0.00325	0.00203	0.00488	0.00488	0.00651	0.01057	0.02195	0.01220	0.88209	0.01708	0.00325	0.00325	0.00488	0.00203	0.00203
21	0.00589	0.00374	0.00450	0.00421	0.00537	0.00331	0.00326	0.00714	0.00860	0.12451	0.34588	0.02648	0.35618	0.00720	0.00387	0.00110	0.00188	0.05367	0.02983	0.00337
22	0.00679	0.00430	0.00541	0.00486	0.00607	0.00416	0.00373	0.00944	0.13012	0.14012	0.59924	0.03486	0.02497	0.00618	0.00380	0.00107	0.00193	0.00540	0.00371	0.00384
23	0.03886	0.00790	0.03828	0.00678	0.00922	0.00801	0.00570	0.46595	0.05576	0.19552	0.10594	0.01089	0.00937	0.00434	0.00337	0.00102	0.00319	0.00343	0.02122	0.00526
24	0.90579	0.00649	0.00493	0.00441	0.00649	0.00753	0.00363	0.00986	0.00571	0.01505	0.00467	0.00545	0.00363	0.00311	0.00208	0.00104	0.00260	0.00182	0.00208	0.00363
25	0.00845	0.00726	0.00765	0.00685	0.00876	0.00839	0.00534	0.03795	0.83481	0.01421	0.01352	0.01241	0.01013	0.00454	0.00341	0.00113	0.00268	0.00377	0.00341	0.00532
26	0.01489	0.00575	0.00778	0.00599	0.00857	0.00501	0.00494	0.01639	0.03005	0.84295	0.01325	0.01145	0.00835	0.00416	0.00337	0.00104	0.00285	0.00338	0.00413	0.00570
27	0.02578	0.03360	0.06941	0.00754	0.01030	0.00970	0.00654	0.62190	0.09178	0.07648	0.00864	0.00851	0.00613	0.00398	0.00330	0.00102	0.00361	0.00303	0.00321	0.00555
28	0.00916	0.39508	0.16948	0.04325	0.07762	0.13856	0.00757	0.05413	0.04902	0.01914	0.00588	0.00672	0.00479	0.00320	0.00275	0.00088	0.00422	0.00229	0.00172	0.00455
29	0.00952	0.01052	0.01444	0.03062	0.20765	0.23824	0.33630	0.07430	0.00884	0.01084	0.00654	0.00855	0.00524	0.00326	0.00352	0.00103	0.00516	0.01901	0.00184	0.00458
30	0.00413	0.00295	0.00394	0.00472	0.00493	0.00276	0.00319	0.00475	0.00647	0.00861	0.01847	0.85225	0.02209	0.01047	0.00429	0.00137	0.00198	0.03676	0.00311	0.00274
31	0.00613	0.00430	0.00514	0.00496	0.00562	0.02135	0.00362	0.07887	0.00674	0.04331	0.01193	0.03240	0.04108	0.38932	0.20996	0.00308	0.00456	0.12231	0.00237	0.00294
32	0.90579	0.00649	0.00493	0.00441	0.00649	0.00753	0.00363	0.00986	0.00571	0.01505	0.00467	0.00545	0.00363	0.00311	0.00208	0.00104	0.00260	0.00182	0.00208	0.00363
33	0.00527	0.00400	0.00504	0.00540	0.00624	0.00401	0.00432	0.00759	0.11974	0.01055	0.11958	0.21181	0.11511	0.00853	0.00424	0.00135	0.00245	0.35829	0.00321	0.00329
34	0.00980	0.00448	0.00526	0.00445	0.00601	0.00428	0.00354	0.07168	0.00857	0.31094	0.01154	0.01180	0.00829	0.00400	0.00278	0.00089	0.00217	0.00321	0.52209	0.00422
35	0.00684	0.06152	0.82154	0.00937	0.01422	0.00807	0.01206	0.01060	0.00707	0.01049	0.00595	0.00700	0.00425	0.00317	0.00313	0.00104	0.00489	0.00244	0.00142	0.00492
36	0.24918	0.00766	0.00766	0.00618	0.00848	0.06198	0.00504	0.29939	0.01062	0.23537	0.05176	0.00906	0.00712	0.00392	0.00301	0.00101	0.00318	0.00290	0.02161	0.00486
37	0.00410	0.00293	0.00390	0.00466	0.00487	0.00273	0.00312	0.00470	0.00648	0.00865	0.03288	0.86528	0.02235	0.01045	0.00428	0.00136	0.00194	0.00948	0.00312	0.00273
38	0.00537	0.00317	0.00458	0.00458	0.00477	0.00336	0.00318	0.00494	0.00476	0.00653	0.00747	0.01279	0.00752	0.14001	0.27656	0.49851	0.00483	0.00340	0.00164	0.00201
39	0.00676	0.01323	0.54698	0.11258	0.01435	0.00751	0.06019	0.01077	0.09759	0.01067	0.03210	0.00888	0.00600	0.00468	0.05223	0.00133	0.00482	0.00294	0.00174	0.00466
40	0.00743	0.00773	0.13566	0.00634	0.04342	0.00514	0.00554	0.00929	0.00715	0.05908	0.00640	0.00728	0.00506	0.00270	0.00267	0.00063	0.00294	0.00218	0.00201	0.68131
41	0.02366	0.71421	0.02799	0.00625	0.00895	0.15484	0.00592	0.01061	0.00725	0.00810	0.00477	0.00552	0.00430	0.00298	0.00231	0.00075	0.00400	0.00186	0.00149	0.00424
42	0.00443	0.00317	0.00429	0.00507	0.00541	0.00302	0.00372	0.00527	0.00677	0.00895	0.01830	0.65829	0.02143	0.01018	0.00437	0.00141	0.00225	0.22773	0.00311	0.00282
43	0.12700	0.16336	0.54972	0.00809	0.01213	0.03393	0.00967	0.02093	0.00709	0.03137	0.00578	0.00666	0.00430	0.00317	0.00287	0.00099	0.00438	0.00229	0.00161	0.00467
44	0.04414	0.08319	0.14071	0.00586	0.00903	0.00601	0.00554	0.02805	0.00736	0.08105	0.01849	0.00743	0.00541	0.00288	0.00266	0.00069	0.00301	0.00223	0.00209	0.54416
45	0.00707	0.14813	0.73690	0.00899	0.01363	0.00862	0.01139	0.01054	0.00704	0.01021	0.00582	0.00683	0.00426	0.00314	0.00303	0.00101	0.00475	0.00238	0.00142	0.00486
46	0.00929	0.70801	0.08828	0.00628	0.00928	0.03589	0.01239	0.04006	0.00737	0.04927	0.00534	0.00595	0.00455	0.00301	0.00238	0.00078	0.00376	0.00200	0.00164	0.00447
47	0.00409	0.00292	0.00389	0.00467	0.00487	0.00273	0.00311	0.00467	0.00642	0.00856	0.01849	0.87991	0.02219	0.01051	0.00428	0.00136	0.00195	0.00954	0.00311	0.00273
48	0.00487	0.00326	0.00371	0.00369	0.00374	0.00325	0.00210	0.00496	0.00514	0.00690	0.05915	0.02213	0.01331	0.83200	0.01633	0.00313	0.00316	0.00495	0.00213	0.00210
49	0.00669	0.01324	0.56327	0.00814	0.01181	0.02333	0.00952	0.01089	0.12825	0.01160	0.16904	0.01125	0.01030	0.00408	0.00336	0.00107	0.00401	0.00334	0.00214	0.00465
50	0.00815	0.00700	0.00744	0.00675	0.00858	0.00806	0.00527	0.01716	0.80416	0.01386	0.03056	0.01379	0.01103	0.00479	0.00347	0.00115	0.00265	0.03754	0.00341	0.00518
51	0.00687	0.00463	0.00505	0.00448	0.00600	0.00437	0.00351	0.11411	0.05214	0.11967	0.05331	0.02430	0.52123	0.00688	0.00370	0.00109	0.00214	0.01127	0.05155	0.00372
52	0.02433	0.00751	0.00826	0.00671	0.00881	0.00814	0.00549	0.55104	0.04305	0.02411	0.16464	0.01452	0.04138	0.00512	0.00357	0.00107	0.00313	0.07084	0.00338	0.00489
53	0.00792	0.00905	0.01980	0.01414	0.01753	0.00848	0.84898	0.01075	0.00792	0.01075	0.00679	0.00905	0.00509	0.00283	0.00396	0.00113	0.00566	0.00396	0.00170	0.00452
54	0.01191	0.00582	0.00728	0.00589	0.00807	0.00556	0.00476	0.07056	0.15555	0.51290	0.12013	0.01410	0.05251	0.00476	0.00348	0.00106	0.00266	0.00394	0.00386	0.00518
55	0.00440	0.00308	0.00387	0.00438	0.00455	0.00295	0.00284	0.00484	0.00598	0.00795	0.01608	0.54656	0.03210	0.29985	0.00854	0.00199	0.00242	0.04236	0.00275	0.00251
56	0.00459	0.00311	0.00410	0.00473	0.00511	0.00288	0.00328	0.00527	0.00669	0.04319	0.01913	0.75153	0.06941	0.01007	0.00425	0.00135	0.00203	0.05325	0.00315	0.00287
57	0.04706	0.01498	0.00919	0.00829	0.01005	0.77378	0.00626	0.05055	0.00957	0.00917	0.00545	0.00629	0.00447	0.00348	0.00298	0.00088	0.00569	0.00221	0.02571	0.00394
58	0.04420	0.00606	0.00789	0.00607	0.00866	0.00549	0.00501	0.08844	0.01001	0.76247	0.01250	0.01093	0.00793	0.00411	0.00333	0.00104	0.00292	0.00329	0.00401	0.00564
59	0.00602	0.00427	0.00571	0.00503	0.00625	0.00399	0.04842	0.05482	0.01858	0.07467	0.50481	0.04782	0.16928	0.00672	0.00390	0.00109	0.00210	0.02956	0.00347	0.00352
60	0.00888	0.85046	0.05047	0.00589	0.00884	0.01306	0.00600	0.01007	0.00683	0.00800	0.00472	0.00545	0.00430	0.00288	0.00219	0.00073	0.00364	0.00182	0.00143	0.00433
61	0.00634	0.00596	0.01006	0.87403	0.02311	0.00745	0.00932	0.00857	0.00671	0.00857	0.00596	0.00894	0.00447	0.00335	0.00335	0.00112	0.00447	0.00298	0.00149	0.00373
62	0.00928	0.80966	0.01689	0.00599	0.00876	0.08663	0.00580	0.01033	0.00705	0.00792	0.00471	0.00544	0.00431	0.00292	0.00223	0.00073	0.00380	0.00183	0.00146	0.00427
63	0.01357	0.00575	0.00746	0.00586	0.00827	0.00523	0.00479	0.03586	0.08707	0.68575	0.01284	0.01143	0.00838	0.00414	0.00328	0.00102	0.00275	0.00336	0.07068	0.02250
64	0.00426	0.00305	0.00399	0.00456	0.00480	0.00295	0.00306	0.00484	0.00616	0.00823	0.01706	0.64760	0.05039	0.12843	0.09207	0.00201	0.00281	0.00823	0.00284	0.00266
65	0.08026	0.00905	0.00960	0.00741	0.01005	0.01000	0.00612	0.75867	0.01481	0.04885	0.00797	0.00797	0.00564	0.00396	0.00326	0.00101	0.00358	0.00294	0.00329	0.00555
66	0.90579	0.00649	0.00493	0.00441	0.00649	0.00753	0.00363	0.00986	0.00571	0.01505	0.00467	0.00545	0.00363	0.00311	0.00208	0.00104	0.00260	0.00182	0.00208	0.00363
67	0.00618	0.00338	0.00480	0.00474	0.00497	0.00343	0.00335	0.05302	0.00535	0.00711	0.00711	0.01276	0.00713	0.01099	0.01173	0.76340	0.00298	0.08399	0.00172	0.00186
68	0.90579	0.00649	0.00493	0.00441	0.00649	0.00753	0.00363	0.00986	0.00571	0.01505	0.00467	0.00545	0.00363	0.00311	0.00208	0.00104	0.00260	0.00182	0.00208	0.00363
69	0.05406	0.00539	0.00682	0.00543	0.00759	0.00490	0.00439	0.05610	0.00917	0.58829	0.04012	0.01406	0.09201	0.05422	0.00412	0.00116	0.00270	0.00380	0.04071	0.00494
70	0.00624	0.12622	0.14619	0.00647	0.02002	0.01200	0.02030	0.00792	0.00768	0.01653	0.31940	0.01629	0.10676	0.00570	0.01142	0.00113	0.15922	0.00432	0.00247	0.00374
71	0.04250	0.00389	0.00473	0.00430	0.00535	0.00373	0.00329	0.03724	0.00914	0.08190	0.57748	0.02036	0.02367	0.00587	0.00353	0.00100	0.00180	0.00505	0.16168	0.00347
72	0.00548	0.00448	0.00621	0.03945	0.00683	0.01711	0.00463	0.00636	0.00563	0.00797	0.05212	0.01375	0.03846	0.10108	0.45302	0.05672	0.17209	0.00376	0.00187	0.00298
73	0.00421	0.00335	0.00378	0.00380	0.00471	0.00292	0.00280	0.00524	0.00803	0.01027	0.27150	0.13870	0.51229	0.00828	0.00400	0.00114	0.00170	0.00710	0.00328	0.00292
74	0.00411	0.00338	0.00364	0.00374	0.00474	0.00290	0.00281	0.00503	0.00766	0.00938	0.08976	0.11415	0.67222	0.00862	0.00403	0.00117	0.00179	0.05484	0.00315	0.00286
75	0.06516	0.01086	0.20769	0.00889	0.06423	0.10619	0.05744	0.08478	0.33440	0.01286	0.00901	0.00923	0.00676	0.00378	0.00325	0.00106	0.00392	0.00307	0.00246	0.00495
76	0.00848	0.00819	0.01137	0.03934	0.43512	0.09136	0.03870	0.01045	0.03737	0.03255	0.00644	0.00801	0.00530	0.00322	0.00369	0.00093	0.06517	0.00277	0.00184	0.18969
77	0.04688	0.52028	0.14216	0.00723	0.03961	0.05133	0.00695	0.05325	0.03723	0.00963	0.00542	0.00627	0.00459	0.00325	0.00300	0.00087	0.05378	0.00215	0.00165	0.00446
78	0.11036	0.00834	0.06077	0.07152	0.60563	0.01414	0.03177	0.03837	0.00762	0.01157	0.00615	0.00795	0.00501	0.00307	0.00319	0.00102	0.00396	0.00285	0.00174	0.00498
79	0.00521	0.00379	0.00487	0.04863	0.00613	0.00368	0.00359	0.03614	0.00899	0.02060	0.58345	0.02316	0.11816	0.00765	0.05271	0.00130	0.00227	0.01646	0.04996	0.00326
80	0.00593	0.00569	0.05506	0.00652	0.08499	0.00523	0.00475	0.00966	0.25084	0.01156	0.17918	0.05583	0.29881	0.00633	0.00371	0.00111	0.00236	0.00541	0.00308	0.00395
81	0.00793	0.00788	0.04506	0.10073	0.46785	0.00795	0.05465	0.03142	0.13502	0.01138	0.04637	0.00970	0.00709	0.00361	0.00379	0.00107	0.04828	0.00328	0.00202	0.00493
82	0.00666	0.00623	0.01041	0.77166	0.10586	0.00757	0.00935	0.02606	0.00699	0.00907	0.00604	0.00886	0.00458	0.00333	0.00335	0.00110	0.00441	0.00298	0.00155	0.00392
83	0.00663	0.00707	0.12894	0.04168	0.02233	0.01758	0.00588	0.07304	0.19893	0.01123	0.06551	0.20976	0.01234	0.00875	0.12038	0.02132	0.02734	0.01464	0.00263	0.00402
84	0.00423	0.00308	0.00392	0.00438	0.00478	0.00284	0.00299	0.00499	0.00701	0.00935	0.16505	0.58210	0.12381	0.05891	0.00491	0.00139	0.00193	0.00838	0.00315	0.00277
85	0.00786	0.00755	0.01306	0.11343	0.67205	0.00767	0.05779	0.00991	0.00766	0.01083	0.05452	0.00936	0.00670	0.00324	0.00340	0.00102	0.00400	0.00322	0.00176	0.00497
86	0.39863	0.00646	0.00625	0.00546	0.00744	0.00717	0.00444	0.10807	0.18160	0.10263	0.00913	0.01050	0.00713	0.00409	0.00282	0.00107	0.00271	0.05795	0.07209	0.00435
87	0.00634	0.00596	0.01006	0.87403	0.02311	0.00745	0.00932	0.00857	0.00671	0.00857	0.00596	0.00894	0.00447	0.00335	0.00335	0.00112	0.00447	0.00298	0.00149	0.00373
88	0.00663	0.00608	0.01156	0.00928	0.01122	0.00581	0.38952	0.00872	0.00765	0.01068	0.01174	0.05480	0.01129	0.00556	0.00396	0.00123	0.00398	0.29573	0.14082	0.00374
89	0.00890	0.87050	0.01738	0.00572	0.00856	0.01312	0.00570	0.00999	0.00686	0.00798	0.01788	0.00569	0.00473	0.00293	0.00218	0.00072	0.00356	0.00186	0.00147	0.00429

[dist]
# distance from previous block
# <min> <max>
0	17

# created by:
# /home/cegg/simao/soft/augustus-3.2.1/scripts/msa2prfl.pl ./align_prep/EOG092C4N9L.fa
