[name]
unknown

[dist]
# distance from previous block
# <min> <max>
0	51

[block]
# block no. 0 follows, 69 sequences, length 26
# corresponding to MSA columns:
# 52-77
name=unknown_A
#
# <colnr> <probs for GDERKNQSTAVLIFYWHMCP>
#	G	D	E	R	K	N	Q	S	T	A	V	L	I	F	Y	W	H	M	C	P
0	0.05253	0.19439	0.09340	0.01689	0.01155	0.03388	0.00753	0.34593	0.08229	0.06837	0.00971	0.02451	0.01526	0.00462	0.00359	0.00115	0.00422	0.02122	0.00313	0.00584
1	0.00548	0.00417	0.00630	0.00636	0.00702	0.00458	0.02693	0.00674	0.00670	0.00944	0.01338	0.23913	0.01397	0.02415	0.60051	0.00492	0.00821	0.00605	0.00251	0.00347
2	0.01011	0.00968	0.01531	0.05274	0.73956	0.05611	0.01157	0.01236	0.00907	0.03519	0.00751	0.00968	0.00620	0.00358	0.00386	0.00116	0.00478	0.00345	0.00202	0.00606
3	0.02254	0.03714	0.17751	0.01052	0.02797	0.01999	0.18142	0.07933	0.04193	0.14152	0.01065	0.11786	0.00902	0.00537	0.00509	0.00133	0.09806	0.00461	0.00278	0.00536
4	0.00911	0.03745	0.07295	0.22423	0.01543	0.02717	0.12678	0.03650	0.03264	0.12954	0.05807	0.17098	0.01221	0.00594	0.00423	0.00132	0.00434	0.02339	0.00289	0.00481
5	0.00970	0.00931	0.01591	0.02406	0.83777	0.00931	0.01203	0.01203	0.00893	0.01281	0.00737	0.00970	0.00621	0.00349	0.00388	0.00116	0.00466	0.00349	0.00194	0.00621
6	0.00778	0.06578	0.69409	0.01042	0.01558	0.00895	0.03425	0.01181	0.00845	0.01230	0.04707	0.01066	0.04755	0.00420	0.00377	0.00122	0.00535	0.00336	0.00189	0.00552
7	0.03887	0.18780	0.06320	0.00876	0.02376	0.04382	0.10534	0.06947	0.01038	0.37988	0.01086	0.02404	0.00765	0.00431	0.00367	0.00114	0.00427	0.00355	0.00334	0.00589
8	0.00658	0.00438	0.00513	0.00488	0.00508	0.00458	0.00303	0.04040	0.00635	0.02858	0.01165	0.02309	0.01297	0.71727	0.01830	0.05189	0.04536	0.00533	0.00243	0.00272
9	0.00558	0.00406	0.00531	0.00514	0.00607	0.00379	0.00394	0.00738	0.01070	0.01499	0.70809	0.03069	0.06779	0.00886	0.02451	0.00141	0.00222	0.08164	0.00417	0.00367
10	0.01453	0.01044	0.01130	0.00878	0.01182	0.01151	0.00722	0.69052	0.10266	0.07485	0.01047	0.01020	0.00741	0.00478	0.00393	0.00119	0.00413	0.00365	0.00399	0.00662
11	0.37920	0.19112	0.01058	0.00707	0.00940	0.26399	0.00580	0.01251	0.00823	0.01277	0.00594	0.00747	0.00512	0.04159	0.00381	0.00120	0.02525	0.00243	0.00213	0.00442
12	0.05763	0.00626	0.00747	0.00721	0.00809	0.07253	0.04942	0.02042	0.02621	0.03121	0.01596	0.47923	0.01784	0.00928	0.00561	0.00150	0.10981	0.04839	0.02210	0.00384
13	0.07526	0.02629	0.03516	0.00895	0.04854	0.03933	0.04156	0.17470	0.33501	0.09184	0.02376	0.04178	0.00975	0.00496	0.00385	0.00124	0.00377	0.00407	0.00353	0.02666
14	0.88991	0.00758	0.00576	0.00516	0.00758	0.00879	0.00425	0.01152	0.00667	0.01759	0.00546	0.00637	0.00425	0.00364	0.00243	0.00121	0.00303	0.00212	0.00243	0.00425
15	0.49298	0.00911	0.05489	0.00694	0.00974	0.00943	0.03570	0.23855	0.01033	0.03832	0.00740	0.00812	0.00548	0.00401	0.00305	0.00119	0.00361	0.00278	0.05329	0.00507
16	0.05243	0.02746	0.03471	0.00851	0.01159	0.01110	0.00715	0.57737	0.11730	0.06802	0.01016	0.01001	0.00728	0.00463	0.00380	0.00117	0.00405	0.00352	0.00375	0.03599
17	0.03133	0.00443	0.00504	0.00490	0.00620	0.00402	0.00378	0.02824	0.00966	0.05849	0.21728	0.08498	0.43923	0.00912	0.00460	0.00135	0.00228	0.07754	0.00383	0.00372
18	0.09572	0.02043	0.04053	0.00836	0.05586	0.03603	0.02274	0.10257	0.15135	0.11590	0.01189	0.08422	0.03073	0.00663	0.00583	0.10936	0.05688	0.01905	0.00309	0.02284
19	0.00855	0.11948	0.48829	0.00996	0.01407	0.01019	0.02121	0.03171	0.08900	0.01246	0.04152	0.00961	0.00705	0.00444	0.00484	0.00126	0.11560	0.00323	0.00206	0.00547
20	0.00503	0.00415	0.00443	0.00436	0.00562	0.00365	0.00327	0.00660	0.04365	0.01180	0.18997	0.05542	0.62944	0.00943	0.00461	0.00131	0.00201	0.00796	0.00378	0.00350
21	0.01975	0.01374	0.00940	0.02940	0.01066	0.54912	0.00655	0.01322	0.00995	0.04589	0.03242	0.04298	0.02377	0.03879	0.09308	0.00173	0.01511	0.00352	0.03662	0.00430
22	0.04955	0.02798	0.00809	0.00703	0.00863	0.08143	0.04060	0.02227	0.08829	0.16786	0.03831	0.23989	0.06103	0.02912	0.06180	0.01305	0.02459	0.02256	0.00340	0.00453
23	0.00539	0.00408	0.00518	0.00506	0.00590	0.00386	0.00375	0.00689	0.01000	0.01378	0.55055	0.16069	0.16103	0.00895	0.00499	0.00132	0.03322	0.00778	0.00401	0.00358
24	0.04672	0.00786	0.00846	0.00736	0.00955	0.00866	0.00583	0.19557	0.38524	0.07616	0.01551	0.06124	0.05311	0.00584	0.00396	0.00129	0.00321	0.03420	0.06454	0.00568
25	0.03919	0.00629	0.00752	0.00652	0.00837	0.00624	0.00503	0.19041	0.02017	0.25913	0.03110	0.26876	0.03817	0.05527	0.00509	0.00146	0.00312	0.00624	0.03691	0.00503

[dist]
# distance from previous block
# <min> <max>
4	21

[block]
# block no. 1 follows, 69 sequences, length 13
# corresponding to MSA columns:
# 100-112
name=unknown_B
#
# <colnr> <probs for GDERKNQSTAVLIFYWHMCP>
#	G	D	E	R	K	N	Q	S	T	A	V	L	I	F	Y	W	H	M	C	P
0	0.06582	0.00837	0.00942	0.00761	0.01027	0.00884	0.00622	0.33553	0.13415	0.24939	0.03708	0.01339	0.00988	0.00512	0.00387	0.00123	0.00356	0.03739	0.04675	0.00610
1	0.00692	0.00574	0.00682	0.00648	0.00733	0.07032	0.00499	0.00819	0.00780	0.04085	0.14529	0.04780	0.07490	0.05970	0.40315	0.00380	0.08842	0.00507	0.00270	0.00373
2	0.00827	0.00470	0.00589	0.00552	0.00665	0.00441	0.00402	0.03782	0.02048	0.18595	0.15692	0.22416	0.08678	0.19546	0.00792	0.00190	0.00286	0.03253	0.00375	0.00402
3	0.02995	0.00491	0.00586	0.00567	0.00682	0.00481	0.00416	0.10255	0.00943	0.12224	0.04011	0.41017	0.05664	0.04420	0.00494	0.00146	0.00264	0.00753	0.13179	0.00413
4	0.00707	0.00441	0.00614	0.00587	0.00618	0.00489	0.00422	0.04028	0.02185	0.00856	0.00812	0.01327	0.00790	0.07855	0.15684	0.52564	0.07493	0.00374	0.01896	0.00260
5	0.02875	0.00995	0.01024	0.06712	0.02942	0.15644	0.02700	0.22861	0.08933	0.18701	0.05191	0.01286	0.04909	0.00565	0.02773	0.00134	0.00453	0.00394	0.00347	0.00561
6	0.03269	0.00578	0.00654	0.00607	0.00755	0.04567	0.00463	0.06652	0.02738	0.18158	0.13863	0.26304	0.13370	0.00897	0.02880	0.00149	0.00308	0.02961	0.00386	0.00441
7	0.00528	0.00374	0.00483	0.00534	0.00592	0.00351	0.00379	0.00622	0.00807	0.03070	0.09301	0.52539	0.14822	0.03156	0.06430	0.00190	0.00290	0.04836	0.00359	0.00336
8	0.00976	0.03829	0.01492	0.14106	0.08927	0.09871	0.26412	0.08541	0.07835	0.01325	0.05911	0.01195	0.02389	0.00473	0.01857	0.00132	0.02129	0.00410	0.01677	0.00513
9	0.02897	0.05951	0.01161	0.06204	0.08958	0.08216	0.03318	0.25585	0.11693	0.13544	0.03841	0.01173	0.03059	0.00466	0.00383	0.00117	0.00422	0.00376	0.00333	0.02305
10	0.00912	0.02339	0.01107	0.47542	0.03370	0.06664	0.02915	0.06460	0.04482	0.07188	0.01950	0.03958	0.00754	0.02037	0.06532	0.00167	0.00529	0.00389	0.00237	0.00470
11	0.06871	0.03983	0.01004	0.06309	0.02624	0.11989	0.10110	0.04380	0.05255	0.01204	0.07330	0.17631	0.04683	0.05681	0.01589	0.00153	0.05992	0.02506	0.00278	0.00427
12	0.08219	0.03962	0.00975	0.05752	0.04183	0.09511	0.02664	0.17562	0.07756	0.02865	0.03105	0.05951	0.08923	0.02605	0.02023	0.00133	0.03842	0.00426	0.00294	0.09247

[dist]
# distance from previous block
# <min> <max>
3	33

[block]
# block no. 2 follows, 69 sequences, length 26
# corresponding to MSA columns:
# 148-173
name=unknown_C
#
# <colnr> <probs for GDERKNQSTAVLIFYWHMCP>
#	G	D	E	R	K	N	Q	S	T	A	V	L	I	F	Y	W	H	M	C	P
0	0.00731	0.00531	0.00621	0.00584	0.00713	0.02576	0.00439	0.02532	0.12586	0.07601	0.30196	0.17796	0.09758	0.02554	0.06227	0.00169	0.00307	0.00679	0.00381	0.03019
1	0.01017	0.46369	0.26576	0.00886	0.01292	0.03358	0.05082	0.09141	0.00922	0.01187	0.00645	0.00743	0.00522	0.00361	0.00315	0.00102	0.00488	0.00262	0.00191	0.00542
2	0.00617	0.00412	0.00493	0.00486	0.00513	0.00423	0.00309	0.04093	0.00652	0.00887	0.02234	0.05900	0.01368	0.58859	0.11126	0.06984	0.00442	0.01692	0.02240	0.00273
3	0.05228	0.00490	0.00587	0.00570	0.00678	0.00485	0.00413	0.05463	0.04979	0.12315	0.07638	0.34262	0.06662	0.13603	0.02831	0.00189	0.00301	0.01731	0.01176	0.00399
4	0.00571	0.00401	0.00490	0.00517	0.00593	0.00371	0.00365	0.03176	0.00863	0.04171	0.11690	0.44398	0.21472	0.06771	0.00581	0.00161	0.00239	0.02454	0.00368	0.00346
5	0.00985	0.04205	0.00864	0.00776	0.00907	0.35048	0.02077	0.02977	0.01836	0.02345	0.01230	0.29031	0.01302	0.04950	0.05214	0.00165	0.01873	0.00576	0.03236	0.00403
6	0.00653	0.00408	0.00522	0.00495	0.00579	0.00391	0.00363	0.00789	0.03107	0.04503	0.46087	0.02329	0.04957	0.04549	0.02916	0.15204	0.00252	0.00576	0.10973	0.00346
7	0.10929	0.00467	0.00544	0.00553	0.00659	0.00467	0.00415	0.00875	0.06515	0.05317	0.20274	0.31734	0.06433	0.00882	0.00439	0.00140	0.00245	0.07602	0.05123	0.00387
8	0.10197	0.00677	0.00779	0.00618	0.00895	0.00613	0.00495	0.03450	0.09202	0.24725	0.01332	0.04704	0.07022	0.00476	0.00349	0.00102	0.00298	0.00383	0.01936	0.31747
9	0.00579	0.00425	0.00514	0.00517	0.00629	0.00373	0.00376	0.00696	0.01816	0.04187	0.08555	0.38007	0.24942	0.02682	0.00489	0.00141	0.00237	0.03922	0.00356	0.10556
10	0.00484	0.00345	0.00456	0.00539	0.00563	0.00323	0.00359	0.00554	0.00756	0.01012	0.05146	0.79316	0.02584	0.04845	0.00563	0.00167	0.00232	0.01076	0.00361	0.00317
11	0.03497	0.00441	0.00564	0.00570	0.00644	0.00432	0.02471	0.03942	0.02037	0.06447	0.02887	0.48928	0.01963	0.15947	0.01994	0.00194	0.00293	0.00826	0.05564	0.00358
12	0.05519	0.00792	0.00922	0.00725	0.00995	0.00800	0.00591	0.32280	0.01338	0.36584	0.05268	0.01344	0.03544	0.02777	0.00429	0.00126	0.00352	0.00402	0.04606	0.00605
13	0.00645	0.00525	0.00604	0.00585	0.00712	0.00540	0.00454	0.01845	0.19618	0.01313	0.19335	0.09614	0.28004	0.01701	0.00505	0.00142	0.03416	0.09651	0.00377	0.00413
14	0.00965	0.00827	0.00879	0.00792	0.01008	0.00956	0.00617	0.03480	0.77627	0.01620	0.01557	0.01457	0.01177	0.00647	0.04450	0.00157	0.00348	0.00440	0.00390	0.00608
15	0.00565	0.00429	0.00541	0.00563	0.01929	0.00403	0.01614	0.01749	0.05222	0.02522	0.20598	0.37593	0.22819	0.00990	0.00472	0.00141	0.00230	0.00875	0.00378	0.00367
16	0.03457	0.00447	0.00593	0.00590	0.00660	0.00489	0.00434	0.04617	0.00709	0.02537	0.01265	0.16370	0.01308	0.17388	0.46802	0.00453	0.00719	0.00558	0.00257	0.00348
17	0.03507	0.00962	0.01054	0.00818	0.01117	0.04538	0.00672	0.47972	0.01519	0.30448	0.01133	0.01069	0.00765	0.00470	0.00386	0.00118	0.00402	0.00360	0.02043	0.00647
18	0.03635	0.17833	0.09660	0.00977	0.06593	0.17338	0.02029	0.17363	0.08959	0.04401	0.00812	0.00890	0.00635	0.01117	0.00403	0.00114	0.04260	0.00306	0.00258	0.02418
19	0.06302	0.03605	0.01781	0.06370	0.03092	0.12795	0.06211	0.09508	0.04206	0.07949	0.04946	0.01314	0.03111	0.02187	0.09047	0.06712	0.07497	0.02640	0.00267	0.00462
20	0.06671	0.00621	0.00707	0.00575	0.00824	0.00537	0.00449	0.04271	0.04067	0.08496	0.04117	0.12988	0.12479	0.00570	0.00363	0.00099	0.00277	0.00476	0.00310	0.41102
21	0.15951	0.00554	0.00631	0.00597	0.00723	0.01482	0.01752	0.04578	0.06326	0.06235	0.11665	0.25040	0.03866	0.06605	0.02530	0.05873	0.01309	0.02447	0.00329	0.01504
22	0.00732	0.00548	0.00668	0.00680	0.03895	0.00567	0.00479	0.02584	0.19207	0.05722	0.08317	0.28685	0.08987	0.08557	0.02786	0.00174	0.02809	0.01824	0.00354	0.02423
23	0.00604	0.00472	0.00545	0.00588	0.00647	0.03134	0.00406	0.03298	0.09633	0.01112	0.04339	0.62595	0.02258	0.07681	0.00596	0.00169	0.00269	0.00937	0.00356	0.00361
24	0.03115	0.01963	0.00959	0.00840	0.01021	0.34021	0.01496	0.10180	0.07571	0.06784	0.01198	0.06687	0.07375	0.02229	0.04168	0.00148	0.07264	0.01435	0.01072	0.00475
25	0.09129	0.00504	0.00576	0.00554	0.00683	0.00502	0.00414	0.04731	0.06225	0.10486	0.08799	0.29073	0.13983	0.03097	0.03484	0.00159	0.00284	0.00705	0.06202	0.00411

[dist]
# distance from previous block
# <min> <max>
2	4

[block]
# block no. 3 follows, 69 sequences, length 9
# corresponding to MSA columns:
# 178-186
name=unknown_D
#
# <colnr> <probs for GDERKNQSTAVLIFYWHMCP>
#	G	D	E	R	K	N	Q	S	T	A	V	L	I	F	Y	W	H	M	C	P
0	0.05397	0.00542	0.00647	0.00593	0.00747	0.00529	0.00450	0.05336	0.09475	0.19071	0.17449	0.23948	0.10606	0.02792	0.00472	0.00140	0.00266	0.00685	0.00399	0.00457
1	0.00893	0.00687	0.00809	0.00625	0.00911	0.02843	0.02640	0.02789	0.03088	0.09320	0.01123	0.09388	0.04624	0.00454	0.00340	0.00085	0.00305	0.00381	0.03633	0.55065
2	0.05736	0.00658	0.00776	0.00648	0.00877	0.00648	0.00522	0.10562	0.11355	0.33573	0.07236	0.03529	0.07850	0.00577	0.00391	0.00122	0.00302	0.03411	0.09145	0.02081
3	0.02639	0.00467	0.00569	0.00543	0.00666	0.00437	0.00407	0.04121	0.02299	0.10662	0.22317	0.23807	0.14460	0.02942	0.00506	0.02054	0.00247	0.03671	0.03779	0.03406
4	0.02777	0.00526	0.00638	0.00587	0.00728	0.00504	0.00439	0.08973	0.02684	0.17968	0.11111	0.27765	0.10643	0.09084	0.00594	0.00159	0.00283	0.02105	0.00382	0.02052
5	0.02775	0.00433	0.00554	0.00545	0.00645	0.00405	0.02306	0.00780	0.02065	0.08444	0.14434	0.28623	0.18314	0.05706	0.02110	0.03536	0.00269	0.03983	0.03707	0.00365
6	0.00747	0.00555	0.00658	0.00620	0.00716	0.02698	0.00463	0.09499	0.06056	0.03145	0.02913	0.12112	0.07721	0.14957	0.21793	0.06456	0.03947	0.01961	0.02603	0.00380
7	0.03417	0.00575	0.00705	0.05820	0.00868	0.03723	0.02406	0.03687	0.03336	0.15040	0.06255	0.22105	0.09209	0.13526	0.03846	0.00192	0.02087	0.02453	0.00336	0.00414
8	0.03841	0.00589	0.00735	0.00717	0.05039	0.02690	0.04129	0.07922	0.04380	0.06169	0.09426	0.12699	0.13340	0.05972	0.03774	0.05716	0.00345	0.05472	0.06631	0.00413

[dist]
# distance from previous block
# <min> <max>
9	203

[block]
# block no. 4 follows, 69 sequences, length 52
# corresponding to MSA columns:
# 390-410,413-415,420-430,432-435,438-450
name=unknown_E
#
# <colnr> <probs for GDERKNQSTAVLIFYWHMCP>
#	G	D	E	R	K	N	Q	S	T	A	V	L	I	F	Y	W	H	M	C	P
0	0.04572	0.02199	0.09642	0.01953	0.11737	0.07656	0.04229	0.11868	0.11568	0.07421	0.03704	0.01283	0.02850	0.00479	0.00422	0.00119	0.04139	0.04282	0.00289	0.09584
1	0.03186	0.05093	0.08113	0.06312	0.17902	0.05363	0.02608	0.10785	0.06584	0.08531	0.03618	0.04298	0.00860	0.02004	0.00441	0.00121	0.03669	0.01236	0.00273	0.09002
2	0.03438	0.07793	0.11146	0.01098	0.10749	0.06034	0.08839	0.20708	0.07115	0.09594	0.01016	0.01984	0.03386	0.00444	0.00399	0.00118	0.02213	0.00365	0.00289	0.03272
3	0.06155	0.07147	0.05514	0.02866	0.12065	0.08064	0.07540	0.08171	0.15405	0.06174	0.01029	0.05783	0.01746	0.00454	0.00371	0.00114	0.00423	0.00384	0.00279	0.10313
4	0.08546	0.06063	0.05953	0.05757	0.07599	0.04184	0.06813	0.12729	0.02929	0.09238	0.05594	0.05557	0.05376	0.00524	0.00430	0.02545	0.02239	0.00413	0.00288	0.07225
5	0.02013	0.08887	0.02009	0.04981	0.08934	0.09020	0.04358	0.07008	0.07757	0.04106	0.07072	0.15326	0.01236	0.00572	0.00389	0.00116	0.00388	0.02411	0.00288	0.13129
6	0.03304	0.15985	0.09188	0.03904	0.04971	0.04646	0.04077	0.03364	0.07441	0.06080	0.04387	0.05918	0.02949	0.11595	0.02564	0.00160	0.00422	0.02284	0.00262	0.06498
7	0.01890	0.02725	0.08478	0.07096	0.08967	0.04633	0.08347	0.03710	0.00899	0.10739	0.06038	0.11860	0.03432	0.04538	0.02920	0.01487	0.01689	0.00480	0.00277	0.09794
8	0.04743	0.03961	0.00625	0.00646	0.05231	0.00473	0.00430	0.03217	0.00827	0.01158	0.12625	0.50574	0.03478	0.07651	0.00576	0.00161	0.00266	0.00850	0.00338	0.02169
9	0.04614	0.01776	0.06066	0.05845	0.02583	0.02712	0.00608	0.12393	0.05313	0.01420	0.06087	0.01276	0.01786	0.08240	0.00496	0.00121	0.00361	0.02154	0.00271	0.35882
10	0.02414	0.00762	0.02620	0.16723	0.20559	0.02480	0.04739	0.02699	0.03574	0.02164	0.07666	0.07004	0.04959	0.03336	0.02178	0.00139	0.04666	0.00450	0.00249	0.10620
11	0.00841	0.00781	0.01294	0.10495	0.41203	0.00803	0.07784	0.04666	0.00892	0.01228	0.01192	0.16045	0.05575	0.00572	0.00452	0.00131	0.03280	0.02008	0.00243	0.00516
12	0.00997	0.00789	0.03247	0.00682	0.01019	0.00649	0.02393	0.10126	0.02452	0.10503	0.00832	0.00903	0.00641	0.00348	0.00343	0.00079	0.02166	0.00276	0.00277	0.61278
13	0.02725	0.00441	0.00529	0.00498	0.00560	0.00445	0.00329	0.00818	0.02634	0.11505	0.01245	0.02172	0.01268	0.57835	0.12752	0.00361	0.00455	0.00511	0.02592	0.00324
14	0.00485	0.00366	0.00449	0.00496	0.00560	0.00330	0.00346	0.00580	0.00845	0.01104	0.15061	0.50336	0.25424	0.01097	0.00484	0.00146	0.00213	0.00972	0.00374	0.00330
15	0.01014	0.00862	0.00909	0.00806	0.01034	0.00993	0.00630	0.08193	0.76895	0.01703	0.01546	0.01423	0.01156	0.00527	0.00398	0.00132	0.00319	0.00436	0.00398	0.00624
16	0.01101	0.00734	0.00796	0.00691	0.00886	0.07257	0.00541	0.04052	0.20853	0.25005	0.15070	0.05126	0.09218	0.02561	0.00481	0.00133	0.03144	0.01430	0.00397	0.00525
17	0.00572	0.00426	0.00632	0.00628	0.00692	0.00497	0.00485	0.00694	0.00623	0.00897	0.01029	0.01541	0.00971	0.05320	0.76966	0.04110	0.02947	0.00420	0.00208	0.00341
18	0.00740	0.00697	0.01176	0.85280	0.02700	0.00871	0.01089	0.01002	0.00784	0.01002	0.00697	0.01045	0.00523	0.00392	0.00392	0.00131	0.00523	0.00348	0.00174	0.00436
19	0.36398	0.00782	0.00826	0.00662	0.00943	0.00813	0.00547	0.16218	0.01072	0.36533	0.01039	0.00986	0.00698	0.00434	0.00334	0.00121	0.00339	0.00314	0.00372	0.00571
20	0.11602	0.00866	0.01142	0.00917	0.01116	0.02019	0.10427	0.17798	0.03972	0.12615	0.00930	0.01057	0.02364	0.00601	0.03508	0.00153	0.25109	0.00366	0.02914	0.00522
21	0.00625	0.00449	0.00621	0.00705	0.00792	0.00450	0.00605	0.00815	0.02539	0.01178	0.03949	0.10624	0.02294	0.01077	0.00534	0.00177	0.00346	0.71494	0.00364	0.00363
22	0.00569	0.00413	0.00579	0.00654	0.00722	0.00402	0.01691	0.00705	0.00845	0.01111	0.03899	0.37484	0.03515	0.01124	0.00521	0.00169	0.00305	0.44582	0.00361	0.00346
23	0.00520	0.00390	0.00473	0.00492	0.00578	0.00355	0.00357	0.00649	0.01914	0.02134	0.25925	0.29870	0.29452	0.01050	0.02435	0.00151	0.00230	0.02296	0.00381	0.00346
24	0.00580	0.00424	0.00521	0.00546	0.00642	0.00397	0.00417	0.01861	0.03474	0.03294	0.17933	0.25801	0.25060	0.01004	0.00484	0.00147	0.00245	0.16426	0.00381	0.00363
25	0.00989	0.00849	0.00894	0.00801	0.01025	0.00981	0.00624	0.04201	0.80928	0.01662	0.01578	0.01449	0.01183	0.00530	0.00399	0.00133	0.00313	0.00441	0.00399	0.00622
26	0.00866	0.00574	0.00585	0.00540	0.00676	0.06534	0.00416	0.05630	0.04062	0.09128	0.16588	0.03908	0.06966	0.02260	0.01616	0.00125	0.00280	0.04066	0.34758	0.00421
27	0.00529	0.00400	0.00478	0.00515	0.00590	0.00374	0.00365	0.02588	0.03703	0.01129	0.09810	0.47220	0.25223	0.02345	0.00501	0.00149	0.00227	0.02096	0.01413	0.00345
28	0.02823	0.00727	0.00889	0.00695	0.00970	0.00702	0.00570	0.20817	0.01243	0.51615	0.01350	0.01250	0.00896	0.00476	0.00374	0.00116	0.00335	0.00378	0.13155	0.00620
29	0.00463	0.00397	0.00397	0.00397	0.00530	0.00331	0.00298	0.00563	0.00894	0.01059	0.03971	0.03773	0.83618	0.00993	0.00463	0.00132	0.00199	0.00827	0.00364	0.00331
30	0.00480	0.00342	0.00454	0.00543	0.00566	0.00320	0.00361	0.00546	0.00747	0.00996	0.02141	0.84223	0.02569	0.03005	0.00532	0.00164	0.00231	0.01103	0.00361	0.00317
31	0.01759	0.00667	0.00910	0.00698	0.01001	0.00576	0.00576	0.01911	0.01122	0.84048	0.01547	0.01334	0.00970	0.00485	0.00394	0.00121	0.00334	0.00394	0.00485	0.00667
32	0.00555	0.00401	0.00524	0.00493	0.00586	0.00370	0.00370	0.00740	0.01110	0.01572	0.83570	0.02928	0.03699	0.00801	0.00462	0.00123	0.00185	0.00709	0.00432	0.00370
33	0.01048	0.86458	0.02054	0.00671	0.01006	0.01551	0.00671	0.01174	0.00797	0.00922	0.00545	0.00629	0.00503	0.00335	0.00252	0.00084	0.00419	0.00210	0.00168	0.00503
34	0.00570	0.00380	0.00428	0.00428	0.00428	0.00380	0.00238	0.00570	0.00570	0.00760	0.01235	0.02566	0.01425	0.86222	0.01995	0.00380	0.00380	0.00570	0.00238	0.00238
35	0.02153	0.00872	0.03405	0.21787	0.06976	0.05859	0.07903	0.02895	0.05651	0.01236	0.00755	0.00935	0.00598	0.00357	0.00366	0.00099	0.01695	0.00308	0.00221	0.35931
36	0.00529	0.00397	0.00471	0.00466	0.00568	0.00353	0.00345	0.00663	0.00970	0.02506	0.38621	0.12561	0.35337	0.02634	0.00498	0.00137	0.00204	0.01999	0.00393	0.00350
37	0.00570	0.00380	0.00428	0.00428	0.00428	0.00380	0.00238	0.00570	0.00570	0.00760	0.01235	0.02566	0.01425	0.86222	0.01995	0.00380	0.00380	0.00570	0.00238	0.00238
38	0.00813	0.00697	0.00813	0.00581	0.00929	0.00523	0.00465	0.00987	0.00813	0.01277	0.00697	0.00813	0.00581	0.00290	0.00290	0.00058	0.00290	0.00232	0.00232	0.88619
39	0.00740	0.00697	0.01176	0.85280	0.02700	0.00871	0.01089	0.01002	0.00784	0.01002	0.00697	0.01045	0.00523	0.00392	0.00392	0.00131	0.00523	0.00348	0.00174	0.00436
40	0.00823	0.00775	0.04334	0.54897	0.10131	0.00856	0.00997	0.09275	0.00895	0.01179	0.00849	0.01244	0.01880	0.02492	0.01995	0.02572	0.00500	0.03631	0.00210	0.00465
41	0.00561	0.00393	0.00494	0.00494	0.00513	0.00390	0.02528	0.00590	0.00619	0.00829	0.01400	0.19223	0.01616	0.62929	0.05495	0.00341	0.00388	0.00670	0.00261	0.00267
42	0.08680	0.00674	0.00874	0.00680	0.00970	0.00607	0.00560	0.03668	0.01102	0.72317	0.04698	0.01333	0.01028	0.00488	0.00385	0.00121	0.00328	0.00391	0.00462	0.00636
43	0.00970	0.00931	0.01591	0.02406	0.83777	0.00931	0.01203	0.01203	0.00893	0.01281	0.00737	0.00970	0.00621	0.00349	0.00388	0.00116	0.00466	0.00349	0.00194	0.00621
44	0.00684	0.00447	0.00540	0.00503	0.00616	0.00436	0.00381	0.00957	0.09006	0.04949	0.53873	0.02393	0.02743	0.00685	0.00411	0.00117	0.00203	0.00594	0.20056	0.00405
45	0.00786	0.02028	0.84191	0.01117	0.01697	0.00910	0.01448	0.01242	0.00828	0.01242	0.00704	0.00828	0.00497	0.00372	0.00372	0.00124	0.00579	0.00290	0.00166	0.00579
46	0.01096	0.03374	0.00988	0.00843	0.01067	0.14006	0.00661	0.09232	0.58414	0.01570	0.01324	0.01258	0.01003	0.00505	0.00412	0.00126	0.02777	0.00396	0.00355	0.00590
47	0.00656	0.00371	0.00522	0.00520	0.00535	0.00383	0.00350	0.00588	0.02852	0.00749	0.00843	0.01468	0.00855	0.15495	0.11826	0.60753	0.00434	0.00391	0.00193	0.00216
48	0.88991	0.00758	0.00576	0.00516	0.00758	0.00879	0.00425	0.01152	0.00667	0.01759	0.00546	0.00637	0.00425	0.00364	0.00243	0.00121	0.00303	0.00212	0.00243	0.00425
49	0.00885	0.00740	0.00819	0.00734	0.00933	0.00825	0.02011	0.01741	0.60997	0.03140	0.15149	0.01852	0.07265	0.00603	0.00415	0.00131	0.00289	0.00513	0.00400	0.00559
50	0.01490	0.01098	0.01177	0.00902	0.01216	0.01216	0.00745	0.82470	0.01843	0.02471	0.00941	0.00941	0.00667	0.00471	0.00392	0.00118	0.00431	0.00353	0.00392	0.00667
51	0.00494	0.00350	0.00463	0.00546	0.00573	0.00329	0.00370	0.00560	0.00748	0.00993	0.02118	0.74367	0.04153	0.05032	0.00593	0.02217	0.00243	0.05185	0.00354	0.00314

[dist]
# distance from previous block
# <min> <max>
0	2

[block]
# block no. 5 follows, 69 sequences, length 20
# corresponding to MSA columns:
# 453-472
name=unknown_F
#
# <colnr> <probs for GDERKNQSTAVLIFYWHMCP>
#	G	D	E	R	K	N	Q	S	T	A	V	L	I	F	Y	W	H	M	C	P
0	0.00632	0.00451	0.00632	0.00722	0.00812	0.00451	0.00632	0.00812	0.00902	0.01173	0.02076	0.04422	0.02256	0.01083	0.00541	0.00180	0.00361	0.81138	0.00361	0.00361
1	0.01048	0.86458	0.02054	0.00671	0.01006	0.01551	0.00671	0.01174	0.00797	0.00922	0.00545	0.00629	0.00503	0.00335	0.00252	0.00084	0.00419	0.00210	0.00168	0.00503
2	0.00542	0.00398	0.00509	0.00567	0.00627	0.00382	0.00410	0.02302	0.03692	0.01136	0.10275	0.55927	0.09177	0.01109	0.00493	0.00154	0.00245	0.11333	0.00372	0.00347
3	0.88991	0.00758	0.00576	0.00516	0.00758	0.00879	0.00425	0.01152	0.00667	0.01759	0.00546	0.00637	0.00425	0.00364	0.00243	0.00121	0.00303	0.00212	0.00243	0.00425
4	0.00555	0.00401	0.00524	0.00493	0.00586	0.00370	0.00370	0.00740	0.01110	0.01572	0.83570	0.02928	0.03699	0.00801	0.00462	0.00123	0.00185	0.00709	0.00432	0.00370
5	0.88991	0.00758	0.00576	0.00516	0.00758	0.00879	0.00425	0.01152	0.00667	0.01759	0.00546	0.00637	0.00425	0.00364	0.00243	0.00121	0.00303	0.00212	0.00243	0.00425
6	0.01452	0.01068	0.01145	0.00882	0.01183	0.01181	0.00724	0.79030	0.01790	0.02399	0.00954	0.01009	0.00699	0.04072	0.00460	0.00129	0.00429	0.00362	0.00386	0.00649
7	0.00570	0.00382	0.00435	0.00435	0.00438	0.00384	0.00247	0.00575	0.00572	0.00766	0.01228	0.02528	0.01409	0.83162	0.05033	0.00389	0.00405	0.00565	0.00237	0.00242
8	0.00574	0.00421	0.00541	0.00514	0.00613	0.00398	0.00391	0.00794	0.04484	0.01544	0.74547	0.02956	0.05426	0.00808	0.00463	0.00127	0.00199	0.04396	0.00425	0.00379
9	0.00569	0.00383	0.00440	0.00440	0.00444	0.00387	0.00253	0.00578	0.00574	0.00769	0.01224	0.02503	0.01398	0.81151	0.07029	0.00395	0.00421	0.00561	0.00236	0.00244
10	0.01478	0.01025	0.01120	0.00869	0.01173	0.01119	0.00714	0.65985	0.08742	0.12093	0.01069	0.01033	0.00748	0.00478	0.00393	0.00119	0.00409	0.00366	0.00404	0.00663
11	0.09061	0.00873	0.00994	0.00835	0.01065	0.13129	0.09277	0.10476	0.01063	0.25031	0.01317	0.12779	0.01155	0.00618	0.00414	0.00131	0.00421	0.10495	0.00349	0.00515
12	0.88991	0.00758	0.00576	0.00516	0.00758	0.00879	0.00425	0.01152	0.00667	0.01759	0.00546	0.00637	0.00425	0.00364	0.00243	0.00121	0.00303	0.00212	0.00243	0.00425
13	0.00532	0.00405	0.00493	0.00509	0.00597	0.00377	0.00374	0.00703	0.04705	0.01258	0.31776	0.27365	0.23559	0.00976	0.00475	0.00139	0.00215	0.04794	0.00390	0.00356
14	0.00660	0.00427	0.00553	0.00512	0.00627	0.00388	0.00392	0.00835	0.01087	0.09048	0.66968	0.02901	0.09714	0.00797	0.00459	0.00126	0.00206	0.03477	0.00429	0.00394
15	0.03845	0.04506	0.01093	0.00814	0.01115	0.05827	0.00672	0.42111	0.03335	0.30974	0.01123	0.01057	0.00763	0.00465	0.00381	0.00117	0.00406	0.00354	0.00401	0.00640
16	0.05557	0.00739	0.00923	0.00760	0.03380	0.00712	0.00600	0.15688	0.04742	0.53159	0.03331	0.01372	0.04426	0.00554	0.02103	0.00132	0.00357	0.00405	0.00434	0.00625
17	0.00739	0.00677	0.01087	0.52945	0.14437	0.00773	0.00940	0.02321	0.00826	0.01082	0.01148	0.09518	0.08333	0.00520	0.00405	0.00129	0.00448	0.00463	0.00218	0.02990
18	0.04023	0.00804	0.01018	0.04974	0.04932	0.00768	0.04804	0.20952	0.02154	0.09963	0.01972	0.02387	0.00734	0.00501	0.03839	0.00118	0.00397	0.00332	0.00297	0.35033
19	0.00624	0.00519	0.00608	0.00588	0.00687	0.04311	0.02636	0.02607	0.03281	0.02207	0.20912	0.27722	0.21586	0.03198	0.01809	0.00153	0.03798	0.02029	0.00357	0.00370

[dist]
# distance from previous block
# <min> <max>
5	31

[block]
# block no. 6 follows, 69 sequences, length 25
# corresponding to MSA columns:
# 504-528
name=unknown_G
#
# <colnr> <probs for GDERKNQSTAVLIFYWHMCP>
#	G	D	E	R	K	N	Q	S	T	A	V	L	I	F	Y	W	H	M	C	P
0	0.05067	0.02356	0.00970	0.00770	0.01024	0.08766	0.00622	0.37990	0.04767	0.16148	0.08199	0.02981	0.02547	0.00515	0.00383	0.00117	0.00386	0.00401	0.05413	0.00576
1	0.01905	0.00486	0.00586	0.00580	0.00687	0.00479	0.00433	0.05845	0.06986	0.07502	0.11395	0.28075	0.12162	0.10696	0.00642	0.00172	0.00280	0.10328	0.00369	0.00393
2	0.00755	0.00695	0.01154	0.57822	0.13985	0.00808	0.02803	0.00997	0.02211	0.01073	0.04657	0.01281	0.05174	0.00482	0.00452	0.04135	0.00473	0.00394	0.00203	0.00447
3	0.01111	0.01002	0.01387	0.01509	0.30221	0.04868	0.05598	0.22807	0.01084	0.02778	0.00743	0.00932	0.00604	0.00474	0.00629	0.00132	0.22956	0.00351	0.00246	0.00570
4	0.08572	0.00882	0.00962	0.00772	0.01037	0.00952	0.00630	0.45227	0.08601	0.13882	0.06360	0.02978	0.01016	0.00518	0.00386	0.00121	0.00365	0.02108	0.04031	0.00598
5	0.06331	0.00460	0.00557	0.00549	0.00645	0.00454	0.00398	0.01962	0.03060	0.10140	0.12878	0.29188	0.09215	0.13932	0.05508	0.00205	0.01480	0.02312	0.00349	0.00376
6	0.02809	0.00683	0.00781	0.00612	0.00902	0.00588	0.00490	0.03235	0.11843	0.04065	0.02921	0.01399	0.07352	0.00446	0.00341	0.00087	0.00293	0.04950	0.00289	0.55913
7	0.00500	0.00367	0.00463	0.00521	0.00567	0.00343	0.00355	0.00602	0.02595	0.01065	0.10370	0.61203	0.12394	0.06000	0.00575	0.00164	0.00230	0.00994	0.00364	0.00327
8	0.00489	0.00358	0.00446	0.00505	0.00548	0.00330	0.00339	0.00561	0.00773	0.01013	0.06487	0.58765	0.16240	0.10423	0.00655	0.00177	0.00237	0.00986	0.00354	0.00314
9	0.02618	0.00480	0.00607	0.00544	0.00696	0.00434	0.00417	0.01045	0.02151	0.24539	0.33460	0.12258	0.14948	0.02093	0.00463	0.00132	0.00241	0.00666	0.01764	0.00444
10	0.00476	0.00349	0.00447	0.00525	0.00563	0.00320	0.00355	0.00548	0.00770	0.01009	0.02410	0.74645	0.13753	0.01196	0.00495	0.00156	0.00223	0.01075	0.00364	0.00320
11	0.83455	0.00752	0.00597	0.00527	0.00774	0.00860	0.00434	0.01201	0.00696	0.06982	0.00609	0.00681	0.00459	0.00372	0.00252	0.00121	0.00305	0.00224	0.00258	0.00440
12	0.03184	0.00386	0.00462	0.00500	0.00550	0.00370	0.00339	0.00619	0.01818	0.01040	0.09684	0.40450	0.13158	0.21899	0.00850	0.00206	0.00265	0.03570	0.00336	0.00314
13	0.00654	0.00421	0.00505	0.00490	0.00611	0.00369	0.00365	0.00774	0.00945	0.11734	0.22673	0.20552	0.36579	0.00931	0.00462	0.00134	0.00219	0.00804	0.00396	0.00381
14	0.00740	0.00697	0.01176	0.85280	0.02700	0.00871	0.01089	0.01002	0.00784	0.01002	0.00697	0.01045	0.00523	0.00392	0.00392	0.00131	0.00523	0.00348	0.00174	0.00436
15	0.00524	0.00385	0.00487	0.00537	0.00590	0.00367	0.00375	0.00660	0.04408	0.01118	0.15618	0.53295	0.08363	0.06986	0.00592	0.00166	0.00239	0.04584	0.00368	0.00337
16	0.00575	0.00394	0.00500	0.00509	0.00582	0.00379	0.00364	0.00668	0.00796	0.04253	0.14089	0.22852	0.19028	0.11470	0.15995	0.03899	0.00391	0.00729	0.02196	0.00333
17	0.01000	0.00671	0.00771	0.00679	0.00845	0.00698	0.00523	0.28677	0.04321	0.09865	0.01597	0.18913	0.06119	0.15562	0.00709	0.00179	0.00347	0.07685	0.00365	0.00474
18	0.00620	0.00469	0.00580	0.00540	0.00653	0.00464	0.00409	0.00948	0.13826	0.01583	0.70851	0.02701	0.03311	0.00760	0.00453	0.00125	0.00204	0.00668	0.00426	0.00409
19	0.01003	0.00942	0.01565	0.02311	0.78537	0.00950	0.01174	0.06361	0.00953	0.01356	0.00750	0.00968	0.00624	0.00357	0.00388	0.00117	0.00464	0.00350	0.00207	0.00624
20	0.42977	0.00962	0.02743	0.00763	0.04144	0.12936	0.01936	0.09427	0.04756	0.09193	0.00853	0.06220	0.00696	0.00453	0.00323	0.00121	0.00391	0.00328	0.00285	0.00491
21	0.00698	0.00512	0.00611	0.00608	0.00715	0.00523	0.00444	0.07049	0.15956	0.04045	0.15049	0.44362	0.05986	0.00941	0.00462	0.00143	0.00253	0.00833	0.00387	0.00420
22	0.01014	0.43990	0.31437	0.00880	0.01284	0.13232	0.00963	0.01254	0.00853	0.01042	0.00611	0.00712	0.00501	0.00359	0.00310	0.00101	0.00518	0.00245	0.00172	0.00524
23	0.00560	0.00420	0.00630	0.00630	0.00700	0.00490	0.00490	0.00700	0.00630	0.00910	0.01050	0.01540	0.00980	0.02940	0.84669	0.00630	0.01050	0.00420	0.00210	0.00350
24	0.01086	0.00844	0.01401	0.01021	0.01363	0.01984	0.30437	0.01308	0.00924	0.20560	0.00923	0.01024	0.00673	0.00365	0.00411	0.00104	0.03236	0.00358	0.00276	0.31701

[dist]
# distance from previous block
# <min> <max>
0	1

[block]
# block no. 7 follows, 69 sequences, length 25
# corresponding to MSA columns:
# 530-554
name=unknown_H
#
# <colnr> <probs for GDERKNQSTAVLIFYWHMCP>
#	G	D	E	R	K	N	Q	S	T	A	V	L	I	F	Y	W	H	M	C	P
0	0.00794	0.01975	0.79690	0.01147	0.01716	0.00915	0.05896	0.01242	0.00833	0.01242	0.00708	0.00840	0.00502	0.00370	0.00377	0.00125	0.00584	0.00299	0.00167	0.00577
1	0.00858	0.00858	0.01201	0.01029	0.01029	0.01201	0.00858	0.00943	0.00600	0.00943	0.00515	0.00858	0.00515	0.00686	0.01287	0.00172	0.85505	0.00343	0.00172	0.00429
2	0.00680	0.00613	0.06088	0.00620	0.00778	0.02105	0.03607	0.05344	0.02924	0.02967	0.60876	0.02570	0.06467	0.00731	0.00449	0.00124	0.00261	0.01981	0.00395	0.00416
3	0.01128	0.00918	0.00973	0.00829	0.01078	0.01047	0.00658	0.25961	0.58941	0.01887	0.01401	0.01308	0.01039	0.00514	0.00397	0.00128	0.00346	0.00416	0.00397	0.00634
4	0.00786	0.02028	0.84191	0.01117	0.01697	0.00910	0.01448	0.01242	0.00828	0.01242	0.00704	0.00828	0.00497	0.00372	0.00372	0.00124	0.00579	0.00290	0.00166	0.00579
5	0.00560	0.00420	0.00630	0.00630	0.00700	0.00490	0.00490	0.00700	0.00630	0.00910	0.01050	0.01540	0.00980	0.02940	0.84669	0.00630	0.01050	0.00420	0.00210	0.00350
6	0.88991	0.00758	0.00576	0.00516	0.00758	0.00879	0.00425	0.01152	0.00667	0.01759	0.00546	0.00637	0.00425	0.00364	0.00243	0.00121	0.00303	0.00212	0.00243	0.00425
7	0.00618	0.00479	0.00584	0.02159	0.00700	0.00477	0.00427	0.00945	0.14758	0.01480	0.53569	0.06288	0.11625	0.00797	0.00455	0.00130	0.00222	0.03472	0.00409	0.00406
8	0.00879	0.00866	0.01200	0.01025	0.01036	0.01201	0.00854	0.03714	0.00643	0.00995	0.00529	0.00861	0.00520	0.00679	0.01256	0.00170	0.82614	0.00343	0.00179	0.00437
9	0.00681	0.00340	0.00511	0.00511	0.00511	0.00340	0.00340	0.00511	0.00511	0.00681	0.00681	0.01192	0.00681	0.01362	0.01532	0.88594	0.00340	0.00340	0.00170	0.00170
10	0.01464	0.01868	0.01111	0.01010	0.01212	0.84648	0.00757	0.01565	0.01111	0.00959	0.00606	0.00707	0.00505	0.00404	0.00353	0.00101	0.00707	0.00252	0.00202	0.00454
11	0.00570	0.00380	0.00428	0.00428	0.00428	0.00380	0.00238	0.00570	0.00570	0.00760	0.01235	0.02566	0.01425	0.86222	0.01995	0.00380	0.00380	0.00570	0.00238	0.00238
12	0.00570	0.00380	0.00428	0.00428	0.00428	0.00380	0.00238	0.00570	0.00570	0.00760	0.01235	0.02566	0.01425	0.86222	0.01995	0.00380	0.00380	0.00570	0.00238	0.00238
13	0.00546	0.00384	0.00425	0.00434	0.00480	0.00364	0.00279	0.00594	0.00696	0.00911	0.02076	0.08398	0.23942	0.49556	0.01331	0.00275	0.00309	0.03588	0.05132	0.00280
14	0.00975	0.00842	0.00886	0.00798	0.01019	0.00975	0.00621	0.02083	0.83069	0.01640	0.01596	0.01463	0.01197	0.00532	0.00399	0.00133	0.00310	0.00443	0.00399	0.00621
15	0.00481	0.00346	0.00457	0.00545	0.00573	0.00322	0.00368	0.00553	0.00760	0.01007	0.02228	0.80738	0.05676	0.01216	0.00500	0.00159	0.00230	0.03157	0.00364	0.00320
16	0.37097	0.00739	0.00782	0.00634	0.00904	0.00762	0.00522	0.10751	0.01013	0.37252	0.03335	0.01053	0.00790	0.00442	0.00332	0.00120	0.00325	0.00324	0.02269	0.00554
17	0.00554	0.00378	0.00467	0.00508	0.00551	0.00359	0.00346	0.00624	0.00748	0.02658	0.05669	0.37800	0.09820	0.27200	0.00950	0.00222	0.00283	0.08197	0.02355	0.00309
18	0.00494	0.00357	0.00470	0.00541	0.00581	0.00332	0.00375	0.00584	0.00809	0.01082	0.12129	0.67386	0.06878	0.01157	0.00496	0.00155	0.00228	0.05246	0.00372	0.00328
19	0.04554	0.00712	0.00822	0.00596	0.00936	0.00565	0.00479	0.03968	0.00861	0.05990	0.00747	0.00840	0.00599	0.00311	0.00298	0.00066	0.00298	0.00245	0.00253	0.76861
20	0.00688	0.00534	0.00643	0.00552	0.00757	0.00436	0.00424	0.00829	0.00851	0.03749	0.09803	0.19216	0.11627	0.02243	0.00423	0.00110	0.00263	0.05938	0.00312	0.40603
21	0.03799	0.00460	0.00550	0.00528	0.00616	0.00448	0.00369	0.03476	0.02815	0.11624	0.12861	0.20456	0.05242	0.31006	0.00991	0.00223	0.00301	0.02272	0.01598	0.00365
22	0.07383	0.00598	0.03963	0.00709	0.00871	0.00542	0.09934	0.00962	0.05446	0.07120	0.28411	0.21018	0.03358	0.01942	0.00469	0.00140	0.00305	0.06049	0.00359	0.00420
23	0.06659	0.00746	0.06870	0.00760	0.05466	0.00648	0.00605	0.05015	0.10206	0.31140	0.15103	0.01766	0.09163	0.03535	0.00456	0.00133	0.00323	0.00475	0.00388	0.00542
24	0.04082	0.00429	0.00507	0.00506	0.00610	0.00391	0.00366	0.00705	0.00831	0.04795	0.12093	0.28087	0.22678	0.10241	0.02412	0.00173	0.00266	0.03912	0.00346	0.06570

[dist]
# distance from previous block
# <min> <max>
0	20

[block]
# block no. 8 follows, 69 sequences, length 16
# corresponding to MSA columns:
# 703-714,718-721
name=unknown_I
#
# <colnr> <probs for GDERKNQSTAVLIFYWHMCP>
#	G	D	E	R	K	N	Q	S	T	A	V	L	I	F	Y	W	H	M	C	P
0	0.02548	0.02501	0.06110	0.00692	0.00899	0.03309	0.00578	0.14217	0.07172	0.17601	0.10138	0.05392	0.01362	0.12032	0.00645	0.01711	0.01398	0.05393	0.04091	0.02212
1	0.06036	0.00564	0.00646	0.00588	0.00732	0.03103	0.00445	0.06077	0.04417	0.16646	0.22156	0.16448	0.08576	0.05773	0.00574	0.04278	0.00286	0.01847	0.00378	0.00430
2	0.00513	0.00403	0.00515	0.00534	0.00618	0.00368	0.02836	0.00635	0.02325	0.01110	0.12518	0.39970	0.28969	0.02824	0.00514	0.00150	0.00236	0.04257	0.00365	0.00341
3	0.19421	0.00723	0.00844	0.00667	0.00948	0.00704	0.00549	0.11839	0.01105	0.51950	0.01367	0.01251	0.04412	0.00480	0.00364	0.00121	0.00331	0.00370	0.01954	0.00598
4	0.00634	0.00438	0.00533	0.00544	0.00632	0.00422	0.00390	0.00831	0.08998	0.06375	0.15550	0.34525	0.14391	0.10107	0.00634	0.00169	0.00252	0.03831	0.00372	0.00374
5	0.05405	0.00447	0.00529	0.00531	0.00631	0.00429	0.00385	0.02016	0.04387	0.08465	0.11868	0.33708	0.16133	0.06752	0.00581	0.02257	0.00251	0.02116	0.02735	0.00374
6	0.00540	0.00409	0.00476	0.00490	0.00588	0.00373	0.00355	0.00699	0.05218	0.02971	0.17691	0.29856	0.36906	0.00998	0.00470	0.00139	0.00214	0.00868	0.00381	0.00357
7	0.20461	0.00785	0.00844	0.00695	0.00947	0.00830	0.00562	0.23999	0.09886	0.23500	0.02407	0.06585	0.02966	0.00523	0.00367	0.00123	0.00335	0.00408	0.03213	0.00565
8	0.09676	0.00496	0.00549	0.00525	0.00653	0.00489	0.00392	0.04919	0.04893	0.06350	0.17154	0.17806	0.22759	0.07923	0.00562	0.00154	0.00255	0.02193	0.01863	0.00390
9	0.11775	0.00528	0.00594	0.04080	0.00762	0.00540	0.00435	0.03272	0.08634	0.08230	0.14361	0.14916	0.15365	0.04991	0.00486	0.00142	0.00267	0.02184	0.08024	0.00415
10	0.00725	0.00659	0.00899	0.00805	0.00899	0.06195	0.06522	0.02870	0.00706	0.00979	0.00904	0.01336	0.00838	0.04439	0.52939	0.00453	0.16834	0.00400	0.00207	0.00389
11	0.00882	0.04138	0.41881	0.01317	0.01780	0.04473	0.34770	0.01250	0.00872	0.01217	0.00726	0.00912	0.00538	0.00365	0.00433	0.00127	0.03233	0.00359	0.00181	0.00546
12	0.00656	0.00430	0.00539	0.00538	0.00623	0.00417	0.00390	0.02485	0.05434	0.05759	0.22755	0.26613	0.09177	0.05442	0.02725	0.08171	0.00268	0.02643	0.04572	0.00362
13	0.00849	0.00461	0.00590	0.00560	0.00679	0.00428	0.00414	0.02880	0.01974	0.20663	0.11947	0.29509	0.09263	0.06286	0.01787	0.04844	0.00278	0.01866	0.04313	0.00410
14	0.00516	0.00385	0.00519	0.00581	0.00625	0.00368	0.02255	0.00638	0.04334	0.01035	0.02120	0.73961	0.04293	0.03330	0.00534	0.00163	0.00248	0.03402	0.00358	0.00336
15	0.00917	0.04399	0.15756	0.08063	0.03070	0.03317	0.04787	0.18410	0.04584	0.02741	0.08763	0.07881	0.06927	0.03591	0.01904	0.00143	0.01589	0.01399	0.01256	0.00502

[dist]
# distance from previous block
# <min> <max>
2	5

[block]
# block no. 9 follows, 69 sequences, length 10
# corresponding to MSA columns:
# 732-740,742
name=unknown_J
#
# <colnr> <probs for GDERKNQSTAVLIFYWHMCP>
#	G	D	E	R	K	N	Q	S	T	A	V	L	I	F	Y	W	H	M	C	P
0	0.00526	0.00376	0.00482	0.00532	0.00577	0.00357	0.00369	0.00628	0.02705	0.01077	0.14099	0.50005	0.07461	0.09870	0.00686	0.03586	0.00249	0.05739	0.00354	0.00322
1	0.02389	0.02520	0.06213	0.02698	0.16594	0.00746	0.23933	0.01059	0.04977	0.03057	0.01291	0.27281	0.01301	0.00655	0.00444	0.00137	0.00437	0.03518	0.00269	0.00482
2	0.01188	0.06457	0.13912	0.04829	0.06466	0.11832	0.05567	0.10175	0.08083	0.17388	0.02574	0.01038	0.00751	0.00429	0.00398	0.00116	0.02561	0.00343	0.00290	0.05605
3	0.00583	0.00391	0.00523	0.00527	0.00564	0.00413	0.00368	0.00616	0.00613	0.00834	0.01261	0.02083	0.06011	0.31884	0.32048	0.16534	0.00607	0.03637	0.00227	0.00277
4	0.00679	0.00438	0.00541	0.00522	0.00643	0.00398	0.00395	0.00845	0.03455	0.11298	0.31535	0.17074	0.24734	0.00894	0.00463	0.00135	0.00227	0.04927	0.00404	0.00394
5	0.00486	0.00357	0.00445	0.00507	0.00551	0.00328	0.00342	0.00559	0.00777	0.01016	0.05832	0.60659	0.17287	0.08163	0.00615	0.00171	0.00233	0.01000	0.00356	0.00316
6	0.00976	0.05154	0.04839	0.03294	0.01015	0.07915	0.00645	0.21993	0.10563	0.02798	0.09013	0.17314	0.02790	0.00761	0.03594	0.00149	0.02972	0.03387	0.00333	0.00496
7	0.10243	0.08258	0.01013	0.00710	0.00996	0.00843	0.00589	0.22426	0.01191	0.39931	0.01157	0.01157	0.00811	0.05511	0.00457	0.00130	0.00365	0.00354	0.00386	0.03469
8	0.09625	0.09672	0.10815	0.04796	0.04050	0.02147	0.00688	0.04154	0.05482	0.09515	0.00810	0.00886	0.00621	0.00360	0.00321	0.00094	0.00373	0.00277	0.00254	0.35060
9	0.00843	0.00917	0.05112	0.65889	0.02367	0.12039	0.01031	0.01088	0.00831	0.01021	0.00685	0.00978	0.00522	0.00388	0.00381	0.00123	0.00539	0.00327	0.00180	0.04739

[dist]
# distance from previous block
# <min> <max>
1	3

[block]
# block no. 10 follows, 69 sequences, length 35
# corresponding to MSA columns:
# 746-780
name=unknown_K
#
# <colnr> <probs for GDERKNQSTAVLIFYWHMCP>
#	G	D	E	R	K	N	Q	S	T	A	V	L	I	F	Y	W	H	M	C	P
0	0.09154	0.33145	0.01384	0.00785	0.01058	0.21220	0.00668	0.13168	0.12319	0.01337	0.00772	0.00820	0.00622	0.00403	0.00316	0.00103	0.00461	0.00275	0.01469	0.00522
1	0.00506	0.00361	0.00446	0.00494	0.00534	0.00336	0.00328	0.00561	0.00748	0.00979	0.06243	0.48465	0.16018	0.17212	0.00821	0.04151	0.00254	0.00909	0.00335	0.00301
2	0.00534	0.00384	0.00448	0.00471	0.00547	0.00345	0.00326	0.00615	0.00818	0.03719	0.09053	0.31930	0.33867	0.14268	0.00712	0.00179	0.00240	0.00864	0.00354	0.00326
3	0.02869	0.01074	0.02946	0.00883	0.01171	0.03913	0.00733	0.61594	0.09902	0.04486	0.01017	0.03059	0.00758	0.00496	0.00420	0.00122	0.03176	0.00374	0.00374	0.00633
4	0.01119	0.00776	0.01276	0.01187	0.13148	0.00763	0.18430	0.07182	0.01015	0.23545	0.01301	0.03158	0.01114	0.00591	0.00490	0.00140	0.04844	0.19052	0.00327	0.00542
5	0.01464	0.01868	0.01111	0.01010	0.01212	0.84648	0.00757	0.01565	0.01111	0.00959	0.00606	0.00707	0.00505	0.00404	0.00353	0.00101	0.00707	0.00252	0.00202	0.00454
