[name]
unknown

[dist]
# distance from previous block
# <min> <max>
0	431

[block]
# block no. 0 follows, 61 sequences, length 6
# corresponding to MSA columns:
# 581-586
name=unknown_A
#
# <colnr> <probs for GDERKNQSTAVLIFYWHMCP>
#	G	D	E	R	K	N	Q	S	T	A	V	L	I	F	Y	W	H	M	C	P
0	0.03633	0.03841	0.07123	0.06782	0.04353	0.00783	0.04832	0.12747	0.03799	0.05574	0.05619	0.19359	0.06337	0.00749	0.00459	0.00143	0.00397	0.06037	0.02327	0.05107
1	0.01058	0.06335	0.07560	0.06309	0.10005	0.00970	0.07196	0.15448	0.06222	0.04110	0.02756	0.04283	0.00992	0.09734	0.00667	0.00162	0.04740	0.02362	0.00296	0.08793
2	0.01000	0.16738	0.15169	0.05960	0.06442	0.00959	0.03373	0.06766	0.05182	0.07683	0.05971	0.06966	0.05842	0.06997	0.00557	0.00154	0.00449	0.02947	0.00300	0.00546
3	0.00870	0.03061	0.06076	0.04488	0.06300	0.00653	0.03214	0.03048	0.00923	0.04982	0.03769	0.10679	0.05079	0.09078	0.00621	0.02115	0.00384	0.03989	0.00294	0.30378
4	0.01157	0.10564	0.13715	0.00986	0.04410	0.09133	0.03462	0.13135	0.03982	0.07909	0.04060	0.04271	0.04189	0.00538	0.00452	0.00124	0.04150	0.02211	0.00304	0.11248
5	0.01073	0.04963	0.04629	0.05666	0.03688	0.04566	0.04535	0.08372	0.07520	0.11918	0.07537	0.09773	0.04694	0.00733	0.03097	0.02960	0.03698	0.00515	0.00338	0.09728

[dist]
# distance from previous block
# <min> <max>
0	1

[block]
# block no. 1 follows, 61 sequences, length 29
# corresponding to MSA columns:
# 588-594,597-618
name=unknown_B
#
# <colnr> <probs for GDERKNQSTAVLIFYWHMCP>
#	G	D	E	R	K	N	Q	S	T	A	V	L	I	F	Y	W	H	M	C	P
0	0.00929	0.07745	0.09295	0.02657	0.03926	0.05540	0.05257	0.04050	0.04371	0.07898	0.01660	0.30398	0.05292	0.01698	0.00478	0.00146	0.00406	0.02194	0.02413	0.03644
1	0.33710	0.06727	0.07803	0.02944	0.02934	0.10428	0.07740	0.06782	0.00953	0.01600	0.01989	0.00878	0.00609	0.00428	0.00403	0.00126	0.04981	0.00305	0.00251	0.08410
2	0.00627	0.00488	0.01964	0.01836	0.03310	0.00474	0.00501	0.00768	0.05337	0.01118	0.02009	0.52019	0.04559	0.03760	0.05540	0.08120	0.02105	0.04736	0.00352	0.00375
3	0.00836	0.00744	0.01028	0.15530	0.19872	0.03139	0.00784	0.01109	0.06761	0.01354	0.12449	0.09649	0.08373	0.03122	0.00493	0.00139	0.00391	0.00559	0.02714	0.10952
4	0.01148	0.41080	0.28592	0.00974	0.01402	0.17809	0.01038	0.01401	0.00956	0.01137	0.00670	0.00780	0.00551	0.00397	0.00343	0.00111	0.00582	0.00269	0.00191	0.00570
5	0.00533	0.00428	0.00475	0.00482	0.00601	0.00371	0.00355	0.00657	0.01011	0.01276	0.20756	0.15389	0.53989	0.01083	0.00515	0.00148	0.00219	0.00926	0.00416	0.00371
6	0.28588	0.01170	0.01034	0.00860	0.01149	0.12565	0.00692	0.34566	0.11909	0.02119	0.00941	0.00969	0.00701	0.00479	0.00374	0.00130	0.00455	0.00337	0.00351	0.00610
7	0.01375	0.06568	0.01323	0.04240	0.05038	0.27538	0.00850	0.25181	0.01303	0.01592	0.00775	0.00911	0.00623	0.00496	0.00550	0.00126	0.13436	0.00330	0.00278	0.07468
8	0.00622	0.00442	0.00618	0.02688	0.00758	0.00422	0.03068	0.02372	0.00860	0.03774	0.02183	0.71175	0.02553	0.05496	0.00623	0.00183	0.00291	0.01107	0.00387	0.00377
9	0.13902	0.00748	0.00945	0.00735	0.01060	0.00678	0.00606	0.01954	0.01153	0.68928	0.01519	0.01343	0.00970	0.00508	0.00407	0.00131	0.00361	0.00400	0.00488	0.03162
10	0.01033	0.00899	0.01231	0.04184	0.14798	0.03940	0.05927	0.13285	0.06816	0.03544	0.01142	0.07071	0.02657	0.02856	0.13029	0.00235	0.15163	0.00482	0.01162	0.00548
11	0.00728	0.00381	0.00546	0.00546	0.00546	0.00381	0.00356	0.00572	0.00572	0.00762	0.00847	0.01555	0.00881	0.15044	0.01766	0.73321	0.00381	0.00415	0.00199	0.00199
12	0.04996	0.01026	0.01332	0.04158	0.26516	0.01113	0.02496	0.23859	0.24702	0.03625	0.01157	0.01212	0.00876	0.00485	0.00426	0.00135	0.00447	0.00412	0.00348	0.00679
13	0.00837	0.00518	0.00666	0.00593	0.00756	0.00455	0.00450	0.01014	0.01110	0.13455	0.45086	0.14345	0.02888	0.00809	0.00471	0.00130	0.00250	0.00709	0.02953	0.12505
14	0.01637	0.01207	0.01293	0.00991	0.01336	0.01336	0.00819	0.80738	0.02025	0.02715	0.01034	0.01034	0.00733	0.00517	0.00431	0.00129	0.00474	0.00388	0.00431	0.00733
15	0.01591	0.01184	0.01267	0.00982	0.01318	0.01314	0.00808	0.74350	0.08488	0.02640	0.01093	0.01081	0.00780	0.00523	0.00432	0.00131	0.00463	0.00396	0.00432	0.00728
16	0.00986	0.00835	0.05786	0.00853	0.00990	0.02952	0.02362	0.08344	0.03186	0.08349	0.01070	0.01602	0.00976	0.16813	0.12283	0.04744	0.21884	0.02329	0.03186	0.00467
17	0.01059	0.01016	0.01736	0.04888	0.79985	0.01022	0.01319	0.01316	0.00978	0.01399	0.00809	0.01068	0.00679	0.00385	0.00427	0.00128	0.00513	0.00384	0.00213	0.00677
18	0.00966	0.02581	0.05507	0.00787	0.01093	0.00677	0.07188	0.03456	0.01844	0.09395	0.05199	0.03513	0.02657	0.08209	0.03016	0.00150	0.02169	0.02598	0.00301	0.38695
19	0.75587	0.03443	0.00736	0.00613	0.00884	0.05442	0.00504	0.01340	0.00793	0.06538	0.00667	0.00748	0.00509	0.00409	0.00283	0.00131	0.00363	0.00247	0.00277	0.00486
20	0.01093	0.01138	0.00849	0.00788	0.00909	0.34762	0.00571	0.03246	0.00952	0.01096	0.01017	0.01589	0.00980	0.25728	0.09188	0.00262	0.03846	0.00421	0.11154	0.00410
21	0.58971	0.00866	0.03205	0.00620	0.00931	0.00871	0.00525	0.03441	0.00825	0.03299	0.00680	0.00779	0.00531	0.00385	0.00292	0.00115	0.00343	0.00249	0.00271	0.22799
22	0.00628	0.00455	0.00554	0.00534	0.00653	0.00409	0.00397	0.00806	0.02444	0.04151	0.45943	0.12605	0.25461	0.00967	0.00506	0.00142	0.00222	0.00841	0.00443	0.01839
23	0.03359	0.14379	0.34115	0.03432	0.03378	0.01027	0.03796	0.05013	0.04573	0.13362	0.02241	0.01938	0.00809	0.00468	0.00400	0.00129	0.00510	0.02741	0.00277	0.04053
24	0.01204	0.01367	0.13822	0.03309	0.05600	0.23010	0.15277	0.01443	0.01030	0.10442	0.00987	0.03540	0.00786	0.02538	0.00509	0.00137	0.04522	0.00405	0.09524	0.00549
25	0.00753	0.00441	0.00591	0.00620	0.00704	0.00404	0.00442	0.00864	0.00950	0.13463	0.14580	0.57948	0.02761	0.01151	0.00527	0.00163	0.00263	0.02525	0.00431	0.00417
26	0.00734	0.00633	0.00984	0.43689	0.04075	0.00734	0.00857	0.02962	0.00874	0.01141	0.01463	0.28741	0.05073	0.00804	0.00535	0.02726	0.02580	0.00684	0.00276	0.00434
27	0.01246	0.52228	0.03117	0.00854	0.01167	0.10916	0.00782	0.10920	0.02303	0.02948	0.00746	0.00842	0.01607	0.00447	0.00424	0.00111	0.08257	0.00286	0.00233	0.00566
28	0.09791	0.47074	0.10147	0.00799	0.01165	0.07638	0.00782	0.01313	0.00895	0.02926	0.00665	0.00770	0.00565	0.00390	0.00339	0.00102	0.02859	0.00255	0.00211	0.11313

[dist]
# distance from previous block
# <min> <max>
0	5

[block]
# block no. 2 follows, 61 sequences, length 12
# corresponding to MSA columns:
# 624-635
name=unknown_C
#
# <colnr> <probs for GDERKNQSTAVLIFYWHMCP>
#	G	D	E	R	K	N	Q	S	T	A	V	L	I	F	Y	W	H	M	C	P
0	0.01386	0.33330	0.04004	0.00927	0.01249	0.24148	0.00805	0.21297	0.06397	0.01510	0.00805	0.00865	0.00647	0.00441	0.00360	0.00111	0.00549	0.00302	0.00272	0.00594
1	0.00801	0.02810	0.00789	0.00640	0.00857	0.00601	0.00486	0.02418	0.08314	0.01340	0.07171	0.14740	0.02782	0.11420	0.02059	0.00159	0.01899	0.01995	0.01757	0.36963
2	0.03515	0.34215	0.07844	0.00982	0.04672	0.13542	0.03422	0.10047	0.05058	0.05236	0.00879	0.04785	0.00748	0.00476	0.00394	0.00118	0.02878	0.00350	0.00260	0.00578
3	0.01008	0.00907	0.02791	0.06644	0.07122	0.00975	0.06914	0.07687	0.44656	0.01651	0.01567	0.13532	0.01333	0.00645	0.00457	0.00147	0.00401	0.00571	0.00377	0.00615
4	0.00610	0.00433	0.00574	0.00585	0.00622	0.00465	0.00402	0.00688	0.00678	0.00939	0.01379	0.11452	0.01488	0.38620	0.38609	0.00515	0.00732	0.00619	0.00263	0.00327
5	0.00748	0.00374	0.00561	0.00561	0.00561	0.00374	0.00374	0.00561	0.00561	0.00748	0.00748	0.01309	0.00748	0.01496	0.01684	0.87467	0.00374	0.00374	0.00187	0.00187
6	0.01008	0.01136	0.02396	0.01734	0.02118	0.01117	0.71107	0.01339	0.00974	0.01339	0.00835	0.01136	0.00643	0.00410	0.00616	0.00150	0.10668	0.00493	0.00214	0.00568
7	0.01637	0.01207	0.01293	0.00991	0.01336	0.01336	0.00819	0.80738	0.02025	0.02715	0.01034	0.01034	0.00733	0.00517	0.00431	0.00129	0.00474	0.00388	0.00431	0.00733
8	0.01109	0.72904	0.14103	0.00809	0.01217	0.01601	0.00863	0.01301	0.00880	0.01065	0.00625	0.00723	0.00552	0.00375	0.00296	0.00099	0.00487	0.00243	0.00184	0.00565
9	0.82056	0.06515	0.00743	0.00578	0.00851	0.01016	0.00485	0.01268	0.00743	0.01871	0.00600	0.00699	0.00472	0.00398	0.00267	0.00131	0.00342	0.00233	0.00261	0.00472
10	0.06985	0.00956	0.01043	0.00838	0.02692	0.08292	0.04435	0.13451	0.04870	0.05740	0.04295	0.04268	0.00914	0.00455	0.00378	0.00103	0.00405	0.00369	0.00314	0.39197
11	0.01039	0.01182	0.02290	0.01671	0.02065	0.07082	0.67975	0.01403	0.04079	0.01359	0.00960	0.05035	0.00774	0.00423	0.00499	0.00144	0.00693	0.00524	0.00235	0.00568

[dist]
# distance from previous block
# <min> <max>
0	28

[block]
# block no. 3 follows, 61 sequences, length 41
# corresponding to MSA columns:
# 664,668-707
name=unknown_D
#
# <colnr> <probs for GDERKNQSTAVLIFYWHMCP>
#	G	D	E	R	K	N	Q	S	T	A	V	L	I	F	Y	W	H	M	C	P
0	0.00897	0.00776	0.00937	0.00669	0.01054	0.00588	0.02639	0.01092	0.00897	0.01403	0.00768	0.00900	0.00638	0.00320	0.00324	0.00066	0.00330	0.00262	0.00254	0.85186
1	0.00942	0.00942	0.01319	0.01131	0.01131	0.01319	0.00942	0.01037	0.00660	0.01037	0.00565	0.00942	0.00565	0.00754	0.01414	0.00188	0.84073	0.00377	0.00188	0.00471
2	0.00875	0.00801	0.04331	0.07641	0.08867	0.00819	0.05955	0.07817	0.13781	0.01376	0.03173	0.15750	0.01381	0.11701	0.07490	0.00230	0.05446	0.01752	0.00311	0.00504
3	0.00531	0.00416	0.00483	0.00520	0.00615	0.00368	0.00376	0.00640	0.00947	0.01198	0.10855	0.33693	0.42480	0.01170	0.00527	0.00157	0.00235	0.04017	0.00407	0.00364
4	0.01187	0.20721	0.04770	0.03255	0.03532	0.20056	0.00793	0.01764	0.32383	0.01377	0.01107	0.01134	0.00872	0.00486	0.00403	0.00124	0.02147	0.00362	0.02938	0.00590
5	0.00537	0.00430	0.00482	0.00498	0.00615	0.00375	0.00371	0.00661	0.00995	0.01250	0.16288	0.16879	0.52777	0.01104	0.00520	0.00151	0.00230	0.05054	0.00412	0.00370
6	0.00918	0.01037	0.12078	0.01116	0.02889	0.03194	0.12502	0.02787	0.03821	0.03313	0.00945	0.01389	0.00841	0.05863	0.17191	0.00281	0.26121	0.02975	0.00236	0.00503
7	0.00626	0.00418	0.00470	0.00470	0.00470	0.00418	0.00261	0.00626	0.00626	0.00835	0.01357	0.02819	0.01566	0.84862	0.02192	0.00418	0.00418	0.00626	0.00261	0.00261
8	0.01139	0.00859	0.00962	0.02430	0.01063	0.03173	0.00622	0.26386	0.03511	0.07208	0.06765	0.07848	0.05263	0.06836	0.00602	0.00144	0.04466	0.00495	0.00363	0.19865
9	0.00989	0.00941	0.01611	0.24792	0.56367	0.00992	0.03338	0.01255	0.00947	0.01328	0.00814	0.01105	0.00662	0.00399	0.00427	0.00132	0.00527	0.00387	0.02371	0.00617
10	0.00858	0.00787	0.01294	0.41069	0.25283	0.00877	0.02847	0.01129	0.03183	0.01227	0.02239	0.07680	0.02647	0.04184	0.00516	0.00152	0.00499	0.00481	0.02525	0.00521
11	0.00676	0.00493	0.00680	0.00638	0.00759	0.00466	0.03434	0.00897	0.03373	0.03157	0.57131	0.03311	0.06912	0.00920	0.00549	0.02445	0.00265	0.13034	0.00442	0.00418
12	0.07630	0.15020	0.10020	0.00913	0.02788	0.06926	0.03059	0.16908	0.01210	0.21358	0.01157	0.01258	0.03048	0.02549	0.00438	0.00132	0.00469	0.02424	0.00342	0.02352
13	0.00531	0.00429	0.00473	0.00479	0.00600	0.00371	0.00353	0.00655	0.01010	0.01270	0.19850	0.14187	0.56123	0.01081	0.00514	0.00147	0.00219	0.00923	0.00415	0.00371
14	0.00933	0.00890	0.08047	0.17285	0.09286	0.00820	0.09220	0.07459	0.06564	0.05479	0.18436	0.04651	0.05078	0.00599	0.00457	0.00138	0.00438	0.00538	0.03142	0.00541
15	0.01069	0.05930	0.01538	0.11927	0.15496	0.00905	0.20100	0.05214	0.01036	0.12395	0.04725	0.09988	0.01138	0.00675	0.04097	0.00164	0.00532	0.02203	0.00300	0.00568
16	0.00534	0.00426	0.00477	0.00498	0.00609	0.00372	0.00366	0.00648	0.00968	0.01210	0.12123	0.20668	0.52098	0.02849	0.00556	0.00158	0.00235	0.04437	0.00405	0.00365
17	0.01406	0.00905	0.01198	0.27022	0.01767	0.00982	0.02041	0.29821	0.01377	0.23683	0.01194	0.01263	0.02555	0.00524	0.00460	0.01912	0.00473	0.00411	0.00374	0.00631
18	0.00570	0.00433	0.00499	0.00513	0.00606	0.00394	0.00372	0.00678	0.00934	0.01195	0.15730	0.11717	0.37273	0.17923	0.00860	0.00207	0.00278	0.09083	0.00384	0.00352
19	0.00637	0.00462	0.00621	0.00615	0.00652	0.00516	0.00434	0.00713	0.00663	0.00929	0.01230	0.04178	0.01292	0.37131	0.41212	0.02812	0.04784	0.00543	0.00244	0.00331
20	0.00675	0.00476	0.00589	0.00612	0.00692	0.00469	0.00432	0.00909	0.10442	0.04299	0.17806	0.41295	0.05144	0.11183	0.00722	0.00191	0.00279	0.02973	0.00407	0.00405
21	0.01340	0.41051	0.01758	0.02956	0.01274	0.11496	0.03371	0.26674	0.01289	0.01591	0.00781	0.00862	0.00629	0.00430	0.00351	0.00110	0.00508	0.00304	0.02626	0.00599
22	0.00655	0.00508	0.00718	0.00690	0.00762	0.00544	0.04158	0.00796	0.03061	0.01083	0.06739	0.14691	0.04663	0.22025	0.26785	0.01477	0.05097	0.04882	0.00297	0.00370
23	0.03396	0.02374	0.13690	0.03416	0.07247	0.10851	0.03902	0.07896	0.06205	0.03298	0.05266	0.05990	0.10505	0.04977	0.00519	0.00143	0.00464	0.00492	0.00301	0.09067
24	0.01055	0.00851	0.05897	0.04560	0.03083	0.01868	0.16139	0.05288	0.08037	0.16658	0.07738	0.22656	0.01630	0.00732	0.00484	0.00148	0.00431	0.01822	0.00372	0.00551
25	0.01152	0.85121	0.02257	0.00737	0.01106	0.01704	0.00737	0.01290	0.00875	0.01013	0.00599	0.00691	0.00553	0.00369	0.00276	0.00092	0.00461	0.00230	0.00184	0.00553
26	0.00926	0.20116	0.65286	0.01122	0.01701	0.01152	0.01407	0.01348	0.00902	0.01288	0.00735	0.00862	0.00547	0.00400	0.00381	0.00127	0.00599	0.00299	0.00182	0.00619
27	0.01637	0.01207	0.01293	0.00991	0.01336	0.01336	0.00819	0.80738	0.02025	0.02715	0.01034	0.01034	0.00733	0.00517	0.00431	0.00129	0.00474	0.00388	0.00431	0.00733
28	0.00615	0.00462	0.00692	0.00692	0.00769	0.00538	0.00538	0.00769	0.00692	0.01000	0.01154	0.01692	0.01077	0.03231	0.83154	0.00692	0.01154	0.00462	0.00231	0.00385
29	0.01099	0.00919	0.00975	0.00873	0.01119	0.01057	0.00680	0.02283	0.78802	0.04412	0.01751	0.01603	0.01307	0.00583	0.00438	0.00146	0.00342	0.00485	0.00441	0.00683
30	0.00914	0.00778	0.00904	0.00648	0.01030	0.00596	0.00519	0.03312	0.00925	0.01440	0.00773	0.00897	0.00641	0.00325	0.00322	0.00066	0.00323	0.00259	0.00260	0.85069
31	0.01191	0.01103	0.07484	0.09583	0.06905	0.03240	0.03864	0.22907	0.26426	0.03753	0.01243	0.01290	0.02222	0.00523	0.00470	0.00139	0.03829	0.00424	0.02763	0.00642
32	0.00906	0.00870	0.03230	0.15157	0.31584	0.01835	0.03067	0.02215	0.11471	0.01360	0.04172	0.09379	0.08180	0.02058	0.00506	0.00146	0.02476	0.00540	0.00284	0.00562
33	0.00542	0.00433	0.00484	0.00504	0.00619	0.00379	0.00377	0.00661	0.00976	0.01218	0.12275	0.15801	0.52817	0.03382	0.00568	0.00161	0.00242	0.07791	0.00404	0.00366
34	0.05299	0.00848	0.01219	0.06299	0.24210	0.00872	0.04454	0.11117	0.06155	0.12939	0.08186	0.06226	0.05641	0.00598	0.00464	0.00139	0.01797	0.02592	0.00347	0.00598
35	0.00560	0.00425	0.00484	0.00492	0.00585	0.00381	0.00348	0.00654	0.00932	0.01189	0.17070	0.13251	0.41419	0.14259	0.00828	0.03791	0.00260	0.02342	0.00382	0.00347
36	0.00769	0.00631	0.00939	0.22860	0.06289	0.00721	0.00774	0.06612	0.02053	0.01222	0.01304	0.16095	0.01288	0.01588	0.28195	0.00335	0.02060	0.05537	0.00276	0.00453
37	0.03287	0.00703	0.00918	0.00731	0.01011	0.00643	0.00594	0.07502	0.01246	0.57500	0.12859	0.03980	0.01501	0.00665	0.02439	0.00147	0.00362	0.00496	0.02762	0.00654
38	0.87904	0.00833	0.00633	0.00566	0.00833	0.00966	0.00467	0.01266	0.00733	0.01933	0.00600	0.00700	0.00467	0.00400	0.00267	0.00133	0.00333	0.00233	0.00267	0.00467
39	0.01087	0.02874	0.01051	0.00912	0.01103	0.08207	0.00725	0.08085	0.42615	0.01577	0.01404	0.01664	0.01163	0.04311	0.02902	0.00177	0.12927	0.06268	0.00360	0.00588
40	0.37698	0.00948	0.00951	0.02963	0.01082	0.01091	0.00649	0.30958	0.01220	0.03164	0.00836	0.00995	0.00656	0.04510	0.00533	0.00150	0.08071	0.00334	0.02633	0.00559

[dist]
# distance from previous block
# <min> <max>
0	1

[block]
# block no. 4 follows, 61 sequences, length 12
# corresponding to MSA columns:
# 709-720
name=unknown_E
#
# <colnr> <probs for GDERKNQSTAVLIFYWHMCP>
#	G	D	E	R	K	N	Q	S	T	A	V	L	I	F	Y	W	H	M	C	P
0	0.11434	0.00999	0.12429	0.00841	0.02948	0.04059	0.00734	0.02819	0.00871	0.02767	0.04460	0.03847	0.00915	0.06051	0.06499	0.00179	0.11717	0.00380	0.00257	0.25795
1	0.10666	0.01216	0.01223	0.02731	0.01258	0.22820	0.07193	0.13995	0.01088	0.03911	0.00819	0.02896	0.00700	0.00621	0.00721	0.05879	0.19635	0.01848	0.00266	0.00514
2	0.01199	0.72128	0.02154	0.00821	0.01180	0.08216	0.04127	0.03939	0.00947	0.01088	0.00630	0.00729	0.00563	0.00379	0.00300	0.00097	0.00498	0.00251	0.00197	0.00556
3	0.00802	0.00465	0.00610	0.00639	0.00732	0.00440	0.00460	0.00953	0.04308	0.14619	0.02155	0.58436	0.02347	0.01190	0.02814	0.00179	0.00301	0.03730	0.04388	0.00432
4	0.00752	0.00724	0.03283	0.05932	0.01209	0.00684	0.17139	0.03750	0.05534	0.01378	0.14381	0.06866	0.26799	0.00874	0.03019	0.00164	0.02738	0.03961	0.00347	0.00464
5	0.00842	0.12050	0.27821	0.01006	0.02624	0.00896	0.10685	0.01113	0.00880	0.01231	0.02995	0.11764	0.03255	0.07918	0.02817	0.00171	0.02674	0.00498	0.00242	0.08518
6	0.00610	0.00433	0.00545	0.00537	0.00591	0.00433	0.00367	0.00710	0.00846	0.01167	0.26395	0.04942	0.06431	0.36621	0.17189	0.00363	0.00479	0.00672	0.00332	0.00337
7	0.07591	0.00828	0.01163	0.14699	0.20005	0.00868	0.02346	0.06494	0.09680	0.18288	0.04906	0.01389	0.02506	0.00498	0.00416	0.00133	0.00420	0.00426	0.06741	0.00606
8	0.02584	0.02197	0.08299	0.00978	0.04498	0.04808	0.04813	0.07287	0.30823	0.04958	0.08062	0.01721	0.06375	0.00672	0.01701	0.02577	0.04248	0.02451	0.00360	0.00587
9	0.00639	0.00457	0.00637	0.00632	0.00724	0.00427	0.03706	0.00757	0.00966	0.02705	0.25512	0.24520	0.13358	0.03006	0.00687	0.09037	0.00289	0.11177	0.00391	0.00372
10	0.03108	0.05378	0.38951	0.01114	0.03628	0.08723	0.05936	0.05350	0.08959	0.04340	0.04701	0.01247	0.04540	0.00485	0.00417	0.00132	0.00547	0.00393	0.00265	0.01785
11	0.04336	0.02617	0.00565	0.00560	0.00631	0.00445	0.00396	0.00712	0.00888	0.01224	0.17998	0.34708	0.10671	0.16925	0.00831	0.00207	0.00286	0.05265	0.00377	0.00359

[dist]
# distance from previous block
# <min> <max>
0	15

[block]
# block no. 5 follows, 61 sequences, length 14
# corresponding to MSA columns:
# 736-749
name=unknown_F
#
# <colnr> <probs for GDERKNQSTAVLIFYWHMCP>
#	G	D	E	R	K	N	Q	S	T	A	V	L	I	F	Y	W	H	M	C	P
0	0.01061	0.18565	0.19542	0.12295	0.03037	0.08760	0.03802	0.05710	0.07781	0.03471	0.05869	0.01196	0.02811	0.00487	0.00439	0.00129	0.03841	0.00379	0.00257	0.00568
1	0.03121	0.02897	0.12605	0.04294	0.15812	0.19820	0.14648	0.07737	0.05242	0.03673	0.00898	0.01090	0.00703	0.00445	0.00438	0.00131	0.01796	0.01587	0.02472	0.00594
2	0.00804	0.00672	0.00793	0.00611	0.00915	0.00524	0.00483	0.00989	0.00952	0.01425	0.13774	0.03660	0.07589	0.00517	0.00377	0.00088	0.00294	0.02737	0.00308	0.62489
3	0.01171	0.07980	0.05163	0.09689	0.05285	0.23535	0.02980	0.10249	0.05496	0.03785	0.07670	0.04908	0.05233	0.00591	0.01441	0.00134	0.00528	0.00446	0.03179	0.00537
4	0.81285	0.00816	0.00653	0.04103	0.00913	0.00947	0.00492	0.01250	0.00744	0.01886	0.00634	0.00749	0.00492	0.00405	0.00275	0.00133	0.00339	0.00245	0.03173	0.00465
5	0.00748	0.00374	0.00561	0.00561	0.00561	0.00374	0.00374	0.00561	0.00561	0.00748	0.00748	0.01309	0.00748	0.01496	0.01684	0.87467	0.00374	0.00374	0.00187	0.00187
6	0.00815	0.00689	0.01054	0.00861	0.01050	0.00682	0.16554	0.07787	0.03299	0.03175	0.27627	0.07706	0.15493	0.06224	0.00656	0.00162	0.04630	0.00696	0.00374	0.00467
7	0.03370	0.19823	0.06748	0.00954	0.02454	0.03733	0.05059	0.03900	0.07344	0.13590	0.04880	0.06338	0.01014	0.00588	0.00614	0.00139	0.18159	0.00430	0.00299	0.00564
8	0.00586	0.00424	0.00504	0.00520	0.00607	0.00383	0.00365	0.00694	0.00949	0.03262	0.20419	0.27352	0.29294	0.11775	0.00733	0.00186	0.00253	0.00925	0.00402	0.00365
9	0.02950	0.12393	0.01202	0.07961	0.04942	0.02976	0.04076	0.04378	0.15231	0.02442	0.03488	0.02935	0.07844	0.00503	0.00389	0.00113	0.00396	0.00416	0.00300	0.25068
10	0.00592	0.00431	0.00519	0.00552	0.00608	0.00412	0.00376	0.00714	0.03691	0.01148	0.12633	0.31508	0.13652	0.25663	0.01018	0.00237	0.00300	0.05229	0.00370	0.00347
11	0.07993	0.12032	0.22716	0.03235	0.04672	0.05262	0.02212	0.15451	0.02535	0.08199	0.03991	0.02478	0.04463	0.00496	0.00397	0.00127	0.00489	0.00386	0.00296	0.02571
12	0.34735	0.24974	0.03212	0.02235	0.01094	0.07263	0.01851	0.05263	0.05569	0.02881	0.00727	0.00821	0.00587	0.00422	0.00350	0.00120	0.03285	0.00276	0.00255	0.04079
13	0.03812	0.06139	0.11198	0.02788	0.01099	0.17800	0.00719	0.02526	0.03236	0.09751	0.17528	0.05117	0.05700	0.01833	0.00450	0.00133	0.00443	0.02620	0.04984	0.02124

[dist]
# distance from previous block
# <min> <max>
2	100

[block]
# block no. 6 follows, 61 sequences, length 38
# corresponding to MSA columns:
# 850-887
name=unknown_G
#
# <colnr> <probs for GDERKNQSTAVLIFYWHMCP>
#	G	D	E	R	K	N	Q	S	T	A	V	L	I	F	Y	W	H	M	C	P
0	0.21874	0.03547	0.02569	0.07291	0.10369	0.24393	0.05563	0.02870	0.03756	0.02689	0.00771	0.00963	0.00630	0.03150	0.00463	0.00134	0.03344	0.00325	0.00246	0.05052
1	0.00864	0.00714	0.03612	0.02368	0.00957	0.00642	0.00565	0.08354	0.11486	0.04159	0.16312	0.21286	0.04532	0.00755	0.00449	0.00129	0.00313	0.00654	0.00379	0.21472
2	0.00576	0.00401	0.00514	0.00577	0.00636	0.00366	0.00398	0.00670	0.00896	0.03788	0.09956	0.63009	0.14128	0.01243	0.00536	0.00166	0.00245	0.01113	0.00411	0.00369
3	0.02636	0.02527	0.01308	0.16561	0.37216	0.05414	0.00997	0.01196	0.00944	0.02405	0.05608	0.01294	0.00927	0.01867	0.06167	0.00170	0.01844	0.00403	0.08154	0.02361
4	0.04045	0.00612	0.00711	0.00607	0.00815	0.00600	0.00481	0.05280	0.08001	0.29122	0.04045	0.02845	0.01192	0.00542	0.00373	0.00120	0.00287	0.00438	0.39328	0.00555
5	0.02696	0.00652	0.01031	0.06573	0.01108	0.00732	0.12129	0.00888	0.00741	0.01046	0.01081	0.01926	0.01086	0.22245	0.16632	0.08375	0.13905	0.06530	0.00237	0.00387
6	0.00591	0.00425	0.00537	0.00562	0.00623	0.00407	0.00398	0.00704	0.00912	0.01233	0.24710	0.23581	0.10000	0.20371	0.05738	0.00249	0.00338	0.07889	0.00379	0.00353
7	0.00558	0.00418	0.00506	0.00524	0.00607	0.00379	0.00371	0.00680	0.00989	0.01312	0.30172	0.27479	0.25499	0.07727	0.00654	0.00172	0.00238	0.00935	0.00414	0.00366
8	0.00968	0.01041	0.02124	0.23810	0.10891	0.01047	0.51016	0.01299	0.00971	0.01308	0.00837	0.01148	0.00635	0.00383	0.00479	0.00143	0.00663	0.00462	0.00210	0.00564
9	0.00600	0.00436	0.00535	0.00557	0.00648	0.00400	0.00413	0.00729	0.00981	0.02703	0.23413	0.20960	0.24808	0.09207	0.00691	0.00183	0.00268	0.11690	0.00408	0.00373
10	0.00896	0.00767	0.05539	0.09173	0.08101	0.00709	0.08718	0.02874	0.02490	0.09659	0.14021	0.08990	0.13943	0.02483	0.00555	0.00148	0.04915	0.00617	0.04901	0.00502
11	0.00556	0.00433	0.00481	0.00474	0.00581	0.00384	0.00339	0.00672	0.00985	0.01262	0.24934	0.05192	0.46192	0.14705	0.00784	0.00188	0.00247	0.00834	0.00397	0.00358
12	0.00762	0.00588	0.00790	0.00831	0.08813	0.00538	0.01854	0.01927	0.01938	0.03711	0.09073	0.33203	0.05021	0.02596	0.00515	0.00141	0.01991	0.01653	0.04826	0.19230
13	0.01301	0.01189	0.25234	0.00896	0.01267	0.00809	0.00900	0.11127	0.02833	0.30909	0.08459	0.03059	0.04134	0.03482	0.00519	0.00146	0.02255	0.00462	0.00385	0.00632
14	0.01609	0.02053	0.01221	0.01110	0.01332	0.83132	0.00832	0.01720	0.01221	0.01054	0.00666	0.00777	0.00555	0.00444	0.00388	0.00111	0.00777	0.00277	0.00222	0.00499
15	0.00923	0.00911	0.01273	0.01096	0.01098	0.01267	0.00908	0.01015	0.00659	0.01029	0.00608	0.01027	0.00614	0.03728	0.03616	0.00210	0.78974	0.00388	0.00192	0.00462
16	0.00896	0.01255	0.20950	0.01434	0.01837	0.00925	0.44112	0.01246	0.00974	0.01342	0.01171	0.07698	0.01064	0.00571	0.00501	0.00153	0.00621	0.12452	0.00250	0.00549
17	0.04209	0.04752	0.05553	0.01078	0.01323	0.61462	0.00864	0.07776	0.01201	0.01225	0.00689	0.00810	0.00566	0.00465	0.00455	0.00119	0.06403	0.00292	0.00234	0.00524
18	0.87904	0.00833	0.00633	0.00566	0.00833	0.00966	0.00467	0.01266	0.00733	0.01933	0.00600	0.00700	0.00467	0.00400	0.00267	0.00133	0.00333	0.00233	0.00267	0.00467
19	0.01066	0.01023	0.01748	0.02644	0.82174	0.01023	0.01322	0.01322	0.00981	0.01407	0.00810	0.01066	0.00682	0.00384	0.00426	0.00128	0.00512	0.00384	0.00213	0.00682
20	0.01152	0.85121	0.02257	0.00737	0.01106	0.01704	0.00737	0.01290	0.00875	0.01013	0.00599	0.00691	0.00553	0.00369	0.00276	0.00092	0.00461	0.00230	0.00184	0.00553
21	0.01141	0.00960	0.01013	0.00891	0.01147	0.01104	0.00699	0.11915	0.71657	0.01914	0.01665	0.01537	0.01243	0.00576	0.00437	0.00144	0.00357	0.00475	0.00437	0.00688
22	0.00942	0.00942	0.01319	0.01131	0.01131	0.01319	0.00942	0.01037	0.00660	0.01037	0.00565	0.00942	0.00565	0.00754	0.01414	0.00188	0.84073	0.00377	0.00188	0.00471
23	0.00552	0.00420	0.00507	0.00524	0.00618	0.00376	0.00378	0.00686	0.01025	0.01356	0.32913	0.27547	0.29360	0.01088	0.00521	0.00150	0.00222	0.00953	0.00428	0.00376
24	0.00813	0.00766	0.01292	0.83826	0.02967	0.00957	0.01196	0.01101	0.00861	0.01101	0.00766	0.01148	0.00574	0.00431	0.00431	0.00144	0.00574	0.00383	0.00191	0.00479
25	0.60784	0.00819	0.00804	0.00679	0.00947	0.00904	0.04547	0.03960	0.00868	0.13368	0.00874	0.03898	0.00679	0.00465	0.00341	0.00135	0.01977	0.00325	0.03113	0.00513
26	0.00572	0.00428	0.00501	0.00528	0.00624	0.00384	0.00384	0.00681	0.00943	0.02562	0.11623	0.25576	0.38673	0.07570	0.00655	0.00177	0.00257	0.07098	0.00399	0.00365
27	0.00966	0.00944	0.01663	0.31996	0.42725	0.01013	0.10212	0.01242	0.00935	0.01285	0.00796	0.01104	0.00637	0.00406	0.00458	0.00137	0.02285	0.00397	0.00205	0.00593
28	0.00570	0.00432	0.00482	0.00480	0.00599	0.00382	0.00358	0.00712	0.01029	0.01357	0.25991	0.07741	0.45796	0.02341	0.00522	0.00146	0.00221	0.02454	0.08010	0.00377
29	0.00607	0.00431	0.00572	0.00590	0.00630	0.00456	0.00409	0.00691	0.00711	0.00980	0.03614	0.15556	0.01675	0.34641	0.33557	0.00472	0.00673	0.03121	0.00281	0.00332
30	0.27677	0.00838	0.00965	0.00767	0.01077	0.00849	0.03105	0.11654	0.04331	0.41010	0.02784	0.01211	0.00898	0.00494	0.00387	0.00134	0.00377	0.00378	0.00425	0.00640
31	0.00907	0.02482	0.01098	0.11789	0.12493	0.02032	0.02501	0.01097	0.00895	0.03534	0.02146	0.07523	0.02321	0.04179	0.00521	0.00121	0.04950	0.00416	0.00259	0.38735
32	0.02894	0.24884	0.04706	0.12433	0.12339	0.02202	0.00865	0.12372	0.02823	0.05562	0.01157	0.06098	0.05459	0.00531	0.00394	0.00125	0.00456	0.02044	0.00280	0.02378
33	0.08048	0.10901	0.20750	0.02502	0.06322	0.08036	0.02201	0.07814	0.07646	0.04652	0.03896	0.04179	0.03794	0.00520	0.00442	0.00130	0.04166	0.00401	0.00279	0.03319
34	0.05473	0.17021	0.06794	0.05230	0.13387	0.05471	0.07660	0.09146	0.05267	0.03781	0.03949	0.02499	0.00851	0.00590	0.04397	0.00150	0.01948	0.00380	0.00267	0.05738
35	0.05442	0.02523	0.05764	0.07565	0.07511	0.00858	0.03373	0.10040	0.08996	0.14626	0.04379	0.07434	0.01113	0.00680	0.04110	0.00157	0.02773	0.01803	0.00341	0.10511
36	0.05781	0.03240	0.04999	0.09375	0.01270	0.00857	0.02395	0.16232	0.04049	0.10575	0.07396	0.07346	0.01177	0.03951	0.02809	0.00154	0.03442	0.00463	0.00338	0.14149
37	0.09481	0.03700	0.02298	0.07685	0.02957	0.08331	0.07426	0.06518	0.05938	0.09208	0.11573	0.06063	0.03888	0.02140	0.02094	0.00154	0.03941	0.03546	0.00332	0.02727

[dist]
# distance from previous block
# <min> <max>
0	119

# created by:
# /home/cegg/simao/soft/augustus-3.2.1/scripts/msa2prfl.pl ./align_prep/EOG092C5DTV.fa
