[name]
unknown

[dist]
# distance from previous block
# <min> <max>
15	383

[block]
# block no. 0 follows, 70 sequences, length 7
# corresponding to MSA columns:
# 642-648
name=unknown_A
#
# <colnr> <probs for GDERKNQSTAVLIFYWHMCP>
#	G	D	E	R	K	N	Q	S	T	A	V	L	I	F	Y	W	H	M	C	P
0	0.07878	0.06691	0.02803	0.02490	0.03749	0.03846	0.09294	0.06832	0.08512	0.07831	0.06941	0.01262	0.04155	0.03725	0.02141	0.00125	0.00390	0.00372	0.00282	0.20681
1	0.06876	0.08704	0.02563	0.00911	0.02807	0.08805	0.14762	0.06812	0.06553	0.06504	0.09919	0.06691	0.01144	0.00524	0.00439	0.00121	0.05464	0.03583	0.00283	0.06536
2	0.04813	0.07313	0.07143	0.00813	0.01086	0.02927	0.08592	0.13555	0.07225	0.16307	0.01219	0.03134	0.05365	0.04817	0.03774	0.00151	0.02282	0.02919	0.00310	0.06257
3	0.06914	0.05987	0.11119	0.03983	0.01119	0.04060	0.07433	0.06227	0.06060	0.04279	0.03575	0.06105	0.02144	0.06722	0.03137	0.00147	0.02897	0.02140	0.00258	0.15694
4	0.04363	0.09322	0.14299	0.04065	0.03198	0.11361	0.05540	0.11568	0.04354	0.08675	0.06969	0.05695	0.05191	0.00499	0.00376	0.00116	0.00438	0.00406	0.00281	0.03283
5	0.08350	0.04318	0.07525	0.02712	0.06067	0.02836	0.03369	0.09610	0.09837	0.04938	0.07139	0.04631	0.06634	0.00663	0.04873	0.00146	0.02876	0.03668	0.00292	0.09517
6	0.12412	0.08982	0.09546	0.00758	0.01043	0.09495	0.04551	0.08674	0.04786	0.07026	0.07226	0.01247	0.05304	0.00538	0.03087	0.00125	0.00420	0.01883	0.00276	0.12619

[dist]
# distance from previous block
# <min> <max>
0	1

[block]
# block no. 1 follows, 70 sequences, length 34
# corresponding to MSA columns:
# 650-683
name=unknown_B
#
# <colnr> <probs for GDERKNQSTAVLIFYWHMCP>
#	G	D	E	R	K	N	Q	S	T	A	V	L	I	F	Y	W	H	M	C	P
0	0.09817	0.01831	0.07141	0.00841	0.07506	0.02925	0.01774	0.10552	0.06839	0.11771	0.03619	0.02538	0.02464	0.05589	0.18359	0.00238	0.00523	0.01137	0.00289	0.04247
1	0.10478	0.21525	0.05778	0.00814	0.04353	0.02020	0.05520	0.10574	0.05245	0.09935	0.02561	0.01014	0.00736	0.03671	0.05600	0.00146	0.00438	0.00318	0.00263	0.09013
2	0.05491	0.10500	0.11794	0.00967	0.05648	0.06540	0.09116	0.17017	0.06074	0.12019	0.03104	0.03290	0.00783	0.00432	0.00367	0.00113	0.00441	0.00356	0.00288	0.05659
3	0.05947	0.03359	0.12204	0.00811	0.01093	0.00818	0.05381	0.15312	0.07602	0.13093	0.08940	0.03151	0.03580	0.00523	0.00438	0.00121	0.05510	0.03387	0.00319	0.08409
4	0.05570	0.08199	0.17347	0.00841	0.01149	0.21081	0.00777	0.09616	0.09355	0.08722	0.02208	0.01794	0.00730	0.03543	0.00409	0.00118	0.00474	0.00318	0.00265	0.07484
5	0.11887	0.11401	0.49328	0.00903	0.01344	0.00927	0.01055	0.05289	0.00853	0.04583	0.00780	0.05369	0.00624	0.00415	0.00344	0.00117	0.00474	0.00317	0.00210	0.03782
6	0.00915	0.01092	0.18029	0.02869	0.02959	0.00882	0.28117	0.13222	0.06147	0.03029	0.07373	0.08987	0.01039	0.00501	0.00449	0.00129	0.02991	0.00475	0.00267	0.00527
7	0.00836	0.00853	0.07273	0.00638	0.00992	0.05064	0.00550	0.01026	0.00821	0.01244	0.00685	0.00799	0.00564	0.00299	0.00297	0.00065	0.00331	0.00235	0.00223	0.77204
8	0.00603	0.00447	0.00545	0.03657	0.00678	0.00448	0.00396	0.06986	0.04142	0.01150	0.10980	0.39790	0.10138	0.17317	0.00754	0.00187	0.00276	0.00815	0.00340	0.00349
9	0.00637	0.00489	0.00717	0.00671	0.00766	0.00543	0.04379	0.07028	0.00734	0.01031	0.01112	0.07715	0.01076	0.08536	0.62118	0.00509	0.00865	0.00473	0.00234	0.00368
10	0.00538	0.00392	0.00507	0.00487	0.00575	0.00360	0.00362	0.00708	0.01060	0.01487	0.73655	0.09363	0.07384	0.00834	0.00460	0.00125	0.00187	0.00738	0.00418	0.00360
11	0.01448	0.01848	0.01099	0.00999	0.01199	0.84819	0.00749	0.01548	0.01099	0.00949	0.00599	0.00699	0.00499	0.00400	0.00350	0.00100	0.00699	0.00250	0.00200	0.00449
12	0.01387	0.00617	0.00814	0.00642	0.00911	0.00526	0.00525	0.01542	0.01045	0.57308	0.08881	0.01656	0.05378	0.00535	0.00392	0.00115	0.00305	0.04266	0.00429	0.12726
13	0.00961	0.00945	0.01505	0.11162	0.70974	0.05292	0.01155	0.01187	0.00883	0.01221	0.00718	0.00954	0.00598	0.00353	0.00382	0.00116	0.00479	0.00340	0.00190	0.00586
14	0.00915	0.01046	0.02288	0.01634	0.02026	0.00980	0.82549	0.01242	0.00915	0.01242	0.00784	0.01046	0.00588	0.00327	0.00458	0.00131	0.00654	0.00458	0.00196	0.00523
15	0.00547	0.00397	0.00554	0.00561	0.00613	0.00435	0.00409	0.00652	0.00659	0.00928	0.07579	0.10637	0.01436	0.20316	0.51937	0.00483	0.00747	0.00540	0.00246	0.00321
16	0.05501	0.04005	0.04385	0.00874	0.00992	0.07145	0.03875	0.09443	0.00791	0.01131	0.00728	0.01114	0.00683	0.11027	0.10984	0.00228	0.36094	0.00360	0.00211	0.00431
17	0.00765	0.00636	0.00999	0.62493	0.02114	0.00768	0.00888	0.05202	0.00814	0.01106	0.00782	0.01097	0.00603	0.00475	0.00458	0.06964	0.00451	0.00347	0.12624	0.00413
18	0.00463	0.00394	0.00399	0.00401	0.00531	0.00330	0.00303	0.00563	0.00884	0.01050	0.03877	0.03748	0.81598	0.00984	0.00460	0.00132	0.00201	0.02992	0.00360	0.00328
19	0.00595	0.00499	0.00773	0.04050	0.15972	0.00482	0.04671	0.00719	0.00801	0.01078	0.04881	0.54478	0.07573	0.00949	0.00465	0.00144	0.00297	0.00869	0.00316	0.00387
20	0.00958	0.00926	0.01600	0.02352	0.80979	0.00923	0.04147	0.01192	0.00884	0.01266	0.00731	0.00963	0.00613	0.00345	0.00386	0.00116	0.00468	0.00349	0.00192	0.00611
21	0.00732	0.00689	0.01163	0.85444	0.02670	0.00861	0.01077	0.00991	0.00775	0.00991	0.00689	0.01034	0.00517	0.00388	0.00388	0.00129	0.00517	0.00345	0.00172	0.00431
22	0.00776	0.00734	0.01242	0.69414	0.18357	0.00873	0.01098	0.01029	0.00796	0.01044	0.00697	0.01019	0.00536	0.00379	0.00387	0.00126	0.00506	0.00345	0.00176	0.00466
23	0.00818	0.02456	0.03734	0.03089	0.00805	0.00480	0.00506	0.00969	0.00910	0.19197	0.17338	0.15449	0.11670	0.02071	0.10170	0.00194	0.00371	0.08985	0.00362	0.00425
24	0.01411	0.00671	0.00960	0.23590	0.01435	0.00664	0.00704	0.01637	0.05067	0.56173	0.01300	0.01251	0.00852	0.00457	0.00387	0.00122	0.00377	0.00379	0.01974	0.00590
25	0.00732	0.00689	0.01163	0.85444	0.02670	0.00861	0.01077	0.00991	0.00775	0.00991	0.00689	0.01034	0.00517	0.00388	0.00388	0.00129	0.00517	0.00345	0.00172	0.00431
26	0.01244	0.13230	0.15330	0.00958	0.01317	0.00863	0.18156	0.04414	0.00985	0.34571	0.01092	0.04381	0.00788	0.00436	0.00385	0.00119	0.00451	0.00387	0.00314	0.00579
27	0.00775	0.00703	0.01124	0.34718	0.26850	0.00787	0.00922	0.01051	0.07148	0.01101	0.00930	0.06809	0.00827	0.05189	0.09254	0.00191	0.00511	0.00421	0.00215	0.00474
28	0.00483	0.00344	0.00450	0.00531	0.00558	0.00321	0.00356	0.00546	0.00739	0.00979	0.02151	0.75460	0.06332	0.04606	0.00576	0.02156	0.00235	0.02519	0.00351	0.00310
29	0.00887	0.25552	0.49366	0.01038	0.01516	0.01081	0.11280	0.01225	0.00828	0.02873	0.00680	0.00802	0.00515	0.00355	0.00346	0.00113	0.00534	0.00288	0.00175	0.00547
30	0.04163	0.02978	0.49754	0.01115	0.09154	0.03358	0.01152	0.07552	0.05070	0.04398	0.00882	0.01142	0.00695	0.00438	0.00379	0.00125	0.00504	0.06354	0.00225	0.00562
31	0.00875	0.00737	0.00901	0.03355	0.06467	0.10900	0.07705	0.01827	0.06549	0.10364	0.03529	0.27022	0.07759	0.00834	0.03573	0.00154	0.02702	0.03989	0.00316	0.00443
32	0.10736	0.00504	0.00635	0.02206	0.00768	0.02050	0.02214	0.00756	0.00770	0.01119	0.01702	0.38857	0.02699	0.01055	0.03898	0.00176	0.06630	0.22553	0.00315	0.00357
33	0.05093	0.00788	0.01199	0.42985	0.26087	0.04186	0.00990	0.01130	0.00856	0.07196	0.05203	0.01100	0.00741	0.00403	0.00382	0.00122	0.00466	0.00357	0.00218	0.00498

[dist]
# distance from previous block
# <min> <max>
0	34

[block]
# block no. 2 follows, 70 sequences, length 43
# corresponding to MSA columns:
# 718-760
name=unknown_C
#
# <colnr> <probs for GDERKNQSTAVLIFYWHMCP>
#	G	D	E	R	K	N	Q	S	T	A	V	L	I	F	Y	W	H	M	C	P
0	0.02991	0.06872	0.10770	0.29894	0.28076	0.03212	0.03362	0.02947	0.00860	0.03903	0.00722	0.00940	0.00562	0.00368	0.00369	0.00117	0.00487	0.00325	0.00197	0.03027
1	0.20771	0.03163	0.20681	0.04915	0.04342	0.03372	0.08691	0.05941	0.07136	0.02885	0.00771	0.00902	0.01433	0.00423	0.00454	0.00125	0.10441	0.00315	0.00227	0.03011
2	0.00813	0.00834	0.03522	0.58322	0.11890	0.07533	0.01036	0.01050	0.00818	0.01036	0.00775	0.01217	0.00644	0.00438	0.00419	0.00130	0.02975	0.05906	0.00189	0.00452
3	0.01021	0.01041	0.01519	0.08461	0.57899	0.12082	0.07166	0.03908	0.00937	0.01240	0.00720	0.00936	0.00591	0.00358	0.00385	0.00115	0.00510	0.00341	0.00198	0.00573
4	0.05771	0.00792	0.00840	0.00689	0.04797	0.07422	0.00514	0.01070	0.03160	0.01280	0.00717	0.00830	0.00591	0.00315	0.00297	0.00070	0.00327	0.00245	0.02781	0.67493
5	0.00554	0.00415	0.00623	0.00623	0.00692	0.00485	0.00485	0.00692	0.00623	0.00900	0.01038	0.01523	0.00969	0.02908	0.84839	0.00623	0.01038	0.00415	0.00208	0.00346
6	0.00478	0.00349	0.00452	0.00532	0.00569	0.00322	0.00365	0.00554	0.00765	0.01004	0.02333	0.73113	0.11613	0.01182	0.00493	0.00155	0.00228	0.04816	0.00360	0.00318
7	0.00834	0.00828	0.01161	0.00999	0.01003	0.01155	0.00831	0.00922	0.00595	0.00931	0.00534	0.00880	0.00530	0.00783	0.05173	0.00191	0.81716	0.00343	0.00171	0.00420
8	0.00785	0.01955	0.80096	0.01132	0.01696	0.00905	0.05653	0.01228	0.00824	0.01228	0.00700	0.00830	0.00496	0.00366	0.00373	0.00123	0.00577	0.00295	0.00165	0.00570
9	0.01474	0.01086	0.01163	0.00892	0.01202	0.01202	0.00737	0.82664	0.01823	0.02443	0.00931	0.00931	0.00659	0.00465	0.00388	0.00116	0.00427	0.00349	0.00388	0.00659
10	0.00732	0.00689	0.01163	0.85444	0.02670	0.00861	0.01077	0.00991	0.00775	0.00991	0.00689	0.01034	0.00517	0.00388	0.00388	0.00129	0.00517	0.00345	0.00172	0.00431
11	0.00848	0.00848	0.01187	0.01018	0.01018	0.01187	0.00848	0.00933	0.00594	0.00933	0.00509	0.00848	0.00509	0.00679	0.01272	0.00170	0.85666	0.00339	0.00170	0.00424
12	0.01057	0.01118	0.01331	0.21590	0.40099	0.24175	0.01028	0.01256	0.00922	0.02804	0.00700	0.00912	0.00566	0.00373	0.00375	0.00114	0.00537	0.00320	0.00195	0.00526
13	0.00848	0.00848	0.01187	0.01018	0.01018	0.01187	0.00848	0.00933	0.00594	0.00933	0.00509	0.00848	0.00509	0.00679	0.01272	0.00170	0.85666	0.00339	0.00170	0.00424
14	0.01739	0.00660	0.00900	0.00690	0.00990	0.00570	0.00570	0.01889	0.01110	0.84226	0.01529	0.01320	0.00960	0.00480	0.00390	0.00120	0.00330	0.00390	0.00480	0.00660
15	0.00613	0.00437	0.00596	0.00670	0.00762	0.00432	0.00579	0.00787	0.00901	0.01185	0.06865	0.04159	0.07284	0.01030	0.00518	0.00170	0.00332	0.69267	0.03056	0.00356
16	0.00873	0.00835	0.01267	0.58764	0.13002	0.05618	0.04991	0.07897	0.00902	0.01158	0.00714	0.00997	0.00544	0.00386	0.00388	0.00125	0.00519	0.00345	0.00196	0.00479
17	0.00732	0.00689	0.01163	0.85444	0.02670	0.00861	0.01077	0.00991	0.00775	0.00991	0.00689	0.01034	0.00517	0.00388	0.00388	0.00129	0.00517	0.00345	0.00172	0.00431
18	0.00813	0.00657	0.00813	0.02977	0.04950	0.00524	0.00505	0.00977	0.00814	0.05096	0.00904	0.11091	0.00832	0.00413	0.00324	0.00077	0.00296	0.00351	0.00254	0.67333
19	0.00732	0.00689	0.01163	0.85444	0.02670	0.00861	0.01077	0.00991	0.00775	0.00991	0.00689	0.01034	0.00517	0.00388	0.00388	0.00129	0.00517	0.00345	0.00172	0.00431
20	0.74624	0.00735	0.00625	0.00540	0.00790	0.00820	0.00445	0.01264	0.00734	0.15419	0.00704	0.00744	0.00509	0.00380	0.00265	0.00120	0.00305	0.00240	0.00280	0.00460
21	0.00865	0.00805	0.04061	0.00856	0.04816	0.00628	0.14308	0.01075	0.00839	0.04525	0.00740	0.00872	0.00591	0.00307	0.00327	0.00077	0.00368	0.00281	0.00230	0.63429
22	0.68628	0.00798	0.00710	0.03002	0.04145	0.00915	0.00515	0.10753	0.04809	0.01777	0.00648	0.00729	0.00495	0.00381	0.00275	0.00120	0.00327	0.00246	0.00261	0.00465
23	0.89114	0.00750	0.00570	0.00510	0.00750	0.00870	0.00420	0.01140	0.00660	0.01739	0.00540	0.00630	0.00420	0.00360	0.00240	0.00120	0.00300	0.00210	0.00240	0.00420
24	0.00745	0.00714	0.01240	0.79680	0.02626	0.00870	0.06680	0.01008	0.00785	0.01008	0.00696	0.01034	0.00522	0.00383	0.00392	0.00129	0.00526	0.00352	0.00174	0.00437
25	0.00563	0.00378	0.00433	0.00433	0.00436	0.00381	0.00247	0.00570	0.00567	0.00759	0.01213	0.02488	0.01388	0.82332	0.05987	0.00388	0.00408	0.00557	0.00234	0.00240
26	0.00477	0.00345	0.00453	0.00537	0.00569	0.00321	0.00366	0.00551	0.00758	0.01000	0.02257	0.77237	0.08138	0.01193	0.00494	0.00156	0.00228	0.04242	0.00360	0.00317
27	0.00994	0.00854	0.00941	0.00904	0.06724	0.00975	0.00660	0.06697	0.72846	0.01645	0.01482	0.01383	0.01114	0.00510	0.00393	0.00129	0.00324	0.00427	0.00380	0.00616
28	0.01366	0.00782	0.01028	0.01092	0.20291	0.06446	0.00709	0.01550	0.03304	0.46502	0.01421	0.04988	0.05698	0.00510	0.00415	0.00121	0.02385	0.00426	0.00372	0.00594
29	0.01044	0.17034	0.37494	0.01054	0.08982	0.00962	0.03340	0.02972	0.04513	0.16702	0.01818	0.00949	0.00664	0.00393	0.00357	0.00115	0.00472	0.00314	0.00244	0.00579
30	0.00787	0.01939	0.78722	0.01141	0.01702	0.00906	0.07011	0.01229	0.00825	0.01229	0.00702	0.00834	0.00498	0.00365	0.00374	0.00123	0.00578	0.00298	0.00166	0.00570
31	0.00704	0.00561	0.00661	0.07316	0.00875	0.00580	0.00494	0.10489	0.13166	0.01411	0.21375	0.09250	0.26065	0.00786	0.00441	0.00132	0.00272	0.04629	0.00369	0.00426
32	0.01270	0.02070	0.18424	0.10428	0.03989	0.00719	0.00824	0.07064	0.01019	0.41351	0.01229	0.07947	0.00902	0.00498	0.00391	0.00124	0.00405	0.00414	0.00349	0.00584
33	0.01188	0.02571	0.26410	0.03318	0.06783	0.00726	0.05215	0.01458	0.02289	0.36548	0.03906	0.04921	0.01943	0.00473	0.00392	0.00123	0.00425	0.00402	0.00326	0.00584
34	0.00663	0.00645	0.06505	0.05762	0.04347	0.03822	0.06585	0.00821	0.00840	0.03393	0.04353	0.30979	0.12155	0.03301	0.00507	0.00152	0.00350	0.14118	0.00312	0.00390
35	0.04373	0.08575	0.38076	0.02520	0.24218	0.04981	0.02001	0.01202	0.00846	0.03693	0.00787	0.05591	0.00654	0.00410	0.00366	0.00118	0.00497	0.00342	0.00197	0.00552
36	0.00998	0.00833	0.07434	0.20363	0.19874	0.01573	0.03669	0.03723	0.02900	0.18146	0.01298	0.04379	0.09729	0.00501	0.00424	0.00125	0.02790	0.00433	0.00279	0.00528
37	0.06884	0.03196	0.06704	0.01285	0.20324	0.07226	0.15178	0.06260	0.02798	0.08099	0.03948	0.05579	0.00938	0.00483	0.00406	0.00123	0.01361	0.05966	0.00263	0.02979
38	0.15675	0.06702	0.19250	0.01236	0.17004	0.11800	0.11466	0.03077	0.04125	0.03493	0.00753	0.02399	0.00597	0.00386	0.00356	0.00117	0.00496	0.00322	0.00217	0.00529
39	0.11903	0.01054	0.18051	0.02685	0.14698	0.04487	0.03286	0.06414	0.02409	0.13973	0.07438	0.02292	0.03930	0.00461	0.00392	0.00119	0.02313	0.00375	0.00279	0.03441
40	0.12165	0.09193	0.11050	0.00823	0.02587	0.08779	0.07790	0.03711	0.03280	0.11202	0.06156	0.18121	0.01186	0.00578	0.00380	0.00123	0.00401	0.00489	0.00288	0.01695
41	0.11506	0.07124	0.09769	0.01023	0.08585	0.10656	0.12996	0.05067	0.02309	0.08323	0.03171	0.03685	0.00748	0.00480	0.02797	0.00125	0.00473	0.00348	0.00248	0.10566
42	0.13470	0.04396	0.08190	0.01071	0.14695	0.03071	0.06008	0.06987	0.04904	0.12746	0.02371	0.02945	0.00823	0.00469	0.00422	0.00121	0.05565	0.05065	0.00277	0.06404

[dist]
# distance from previous block
# <min> <max>
0	437

# created by:
# /home/cegg/simao/soft/augustus-3.2.1/scripts/msa2prfl.pl ./align_prep/EOG092C3MZF.fa
