[name]
unknown

[dist]
# distance from previous block
# <min> <max>
18	102

[block]
# block no. 0 follows, 66 sequences, length 7
# corresponding to MSA columns:
# 110-116
name=unknown_A
#
# <colnr> <probs for GDERKNQSTAVLIFYWHMCP>
#	G	D	E	R	K	N	Q	S	T	A	V	L	I	F	Y	W	H	M	C	P
0	0.07142	0.05289	0.24879	0.00828	0.01147	0.00734	0.05770	0.03457	0.00914	0.09932	0.05965	0.12730	0.07813	0.02860	0.01903	0.00145	0.00423	0.02579	0.00292	0.05200
1	0.00803	0.11710	0.12430	0.00686	0.00925	0.00684	0.00627	0.00985	0.00827	0.07020	0.09456	0.08365	0.01274	0.07893	0.19636	0.00255	0.00533	0.00456	0.00268	0.15166
2	0.05319	0.38114	0.30881	0.00846	0.01234	0.06063	0.00928	0.01198	0.00824	0.01100	0.00700	0.00935	0.00612	0.09125	0.00496	0.00136	0.00500	0.00287	0.00186	0.00514
3	0.05464	0.20876	0.35063	0.00850	0.01285	0.00968	0.00949	0.01278	0.00869	0.09683	0.00793	0.00876	0.00597	0.00377	0.00334	0.00106	0.00455	0.00281	0.03624	0.15271
4	0.05928	0.36063	0.07380	0.00792	0.01128	0.01255	0.00738	0.19450	0.11697	0.10526	0.00922	0.00930	0.00700	0.00426	0.00337	0.00110	0.00418	0.00308	0.00297	0.00594
5	0.22412	0.07264	0.31602	0.00788	0.01129	0.00824	0.00839	0.01124	0.02701	0.03534	0.01063	0.14190	0.02847	0.04896	0.00451	0.00142	0.00419	0.00440	0.00248	0.03086
6	0.01092	0.61176	0.07834	0.00821	0.01159	0.01471	0.03952	0.09475	0.00927	0.01158	0.00625	0.00735	0.00542	0.00393	0.00378	0.00103	0.07163	0.00259	0.00199	0.00539

[dist]
# distance from previous block
# <min> <max>
7	18

[block]
# block no. 1 follows, 66 sequences, length 19
# corresponding to MSA columns:
# 137-155
name=unknown_B
#
# <colnr> <probs for GDERKNQSTAVLIFYWHMCP>
#	G	D	E	R	K	N	Q	S	T	A	V	L	I	F	Y	W	H	M	C	P
0	0.17629	0.06840	0.06364	0.12784	0.09351	0.03833	0.20282	0.06595	0.02872	0.05407	0.00780	0.00953	0.00594	0.00401	0.00416	0.00128	0.03647	0.00350	0.00238	0.00536
1	0.01105	0.10253	0.01566	0.10904	0.14437	0.11766	0.18743	0.05820	0.04910	0.06972	0.00872	0.03004	0.00696	0.00421	0.00421	0.00121	0.02557	0.00380	0.00246	0.04806
2	0.00715	0.00492	0.00612	0.00588	0.00712	0.00476	0.00454	0.03337	0.08041	0.07113	0.40429	0.12980	0.11495	0.00881	0.00480	0.00140	0.00249	0.09960	0.00422	0.00423
3	0.00666	0.00375	0.00554	0.00554	0.00577	0.00389	0.00388	0.00578	0.00574	0.00777	0.00930	0.01424	0.03983	0.01790	0.21521	0.63583	0.00524	0.00392	0.00194	0.00228
4	0.00537	0.00385	0.00501	0.00580	0.00616	0.00367	0.00393	0.03870	0.00823	0.01098	0.02185	0.82042	0.02602	0.01239	0.00513	0.00163	0.00244	0.01121	0.00378	0.00344
5	0.05573	0.00586	0.00696	0.00611	0.00789	0.00581	0.00477	0.05076	0.12937	0.17861	0.37276	0.04717	0.07340	0.00699	0.00435	0.00129	0.00261	0.00595	0.02865	0.00495
6	0.00870	0.00829	0.01394	0.46747	0.35583	0.00945	0.01163	0.01119	0.00847	0.01152	0.00728	0.01040	0.00582	0.00404	0.00452	0.00131	0.04936	0.00361	0.00189	0.00529
7	0.00524	0.00398	0.00483	0.00492	0.00583	0.00357	0.00358	0.00657	0.00984	0.01310	0.37693	0.23901	0.28781	0.01003	0.00489	0.00140	0.00207	0.00878	0.00407	0.00357
8	0.00871	0.00739	0.00857	0.00615	0.00974	0.00572	0.00493	0.04487	0.00887	0.01375	0.00732	0.00847	0.00605	0.00308	0.00305	0.00063	0.00307	0.00246	0.00247	0.84469
9	0.02748	0.00985	0.07356	0.14793	0.44401	0.03034	0.02259	0.03359	0.02282	0.01305	0.00855	0.01230	0.00731	0.00431	0.00418	0.00125	0.01863	0.05765	0.00220	0.05840
10	0.00702	0.09051	0.03071	0.00627	0.00727	0.00652	0.00489	0.02142	0.04379	0.00964	0.01114	0.01822	0.02208	0.28638	0.28916	0.05788	0.04883	0.01916	0.00234	0.01680
11	0.00513	0.00369	0.00489	0.00565	0.00605	0.00345	0.00392	0.00606	0.00836	0.01121	0.12215	0.68271	0.05026	0.01201	0.00514	0.00161	0.00237	0.05810	0.00385	0.00339
12	0.00892	0.00470	0.00657	0.00641	0.02246	0.00459	0.00463	0.04307	0.00787	0.14929	0.02491	0.11698	0.02816	0.01237	0.05891	0.42489	0.00383	0.06509	0.00291	0.00345
13	0.00940	0.20685	0.48635	0.01215	0.10892	0.01113	0.04290	0.05456	0.00916	0.01282	0.00712	0.00842	0.00543	0.00378	0.00364	0.00118	0.00544	0.00298	0.00189	0.00590
14	0.03040	0.00816	0.02230	0.19516	0.13504	0.04232	0.01965	0.01520	0.02958	0.36746	0.04887	0.01265	0.00921	0.00475	0.00445	0.00129	0.04027	0.00394	0.00343	0.00588
15	0.00688	0.00355	0.00526	0.00530	0.00535	0.00352	0.00355	0.00539	0.00565	0.00757	0.03859	0.05955	0.00931	0.01380	0.01485	0.80046	0.00340	0.00411	0.00197	0.00192
16	0.04693	0.05013	0.07886	0.09136	0.05945	0.03730	0.08384	0.29265	0.02257	0.15217	0.01044	0.02523	0.02132	0.00463	0.00400	0.00125	0.00470	0.00384	0.00327	0.00606
17	0.03422	0.11446	0.06474	0.02971	0.25865	0.09236	0.07996	0.11398	0.01045	0.08196	0.00823	0.02077	0.00655	0.00429	0.00448	0.00122	0.06212	0.00351	0.00249	0.00583
18	0.00692	0.00490	0.00682	0.07115	0.01822	0.00470	0.03213	0.00822	0.01847	0.08153	0.10402	0.37214	0.14993	0.00958	0.00532	0.03429	0.01894	0.00815	0.00355	0.04102

[dist]
# distance from previous block
# <min> <max>
2	9

[block]
# block no. 2 follows, 66 sequences, length 14
# corresponding to MSA columns:
# 167-180
name=unknown_C
#
# <colnr> <probs for GDERKNQSTAVLIFYWHMCP>
#	G	D	E	R	K	N	Q	S	T	A	V	L	I	F	Y	W	H	M	C	P
0	0.04523	0.19318	0.23017	0.00919	0.03180	0.06251	0.00902	0.05594	0.03913	0.17899	0.03663	0.01012	0.00764	0.00453	0.00434	0.00121	0.06860	0.00328	0.00275	0.00575
1	0.25230	0.09571	0.30151	0.04144	0.01396	0.07941	0.07785	0.01303	0.03069	0.02964	0.00708	0.00828	0.00535	0.00384	0.00342	0.00121	0.00501	0.00289	0.00214	0.02522
2	0.00744	0.00700	0.04187	0.00857	0.07660	0.02566	0.10691	0.04196	0.04116	0.04311	0.11842	0.07130	0.37815	0.00778	0.00460	0.00134	0.00336	0.00683	0.00344	0.00448
3	0.00852	0.03612	0.30356	0.07746	0.01744	0.00967	0.27445	0.01180	0.00876	0.01242	0.05899	0.01146	0.02427	0.00450	0.00534	0.00135	0.10728	0.00404	0.00206	0.02050
4	0.00497	0.00379	0.00457	0.00507	0.00576	0.00339	0.00354	0.00590	0.00864	0.01114	0.10778	0.49457	0.30336	0.01144	0.00501	0.00152	0.00221	0.01010	0.00384	0.00339
5	0.73615	0.00768	0.00656	0.00566	0.00828	0.00856	0.00466	0.01328	0.00772	0.15929	0.00744	0.00784	0.00537	0.00398	0.00278	0.00126	0.00319	0.00252	0.00294	0.00483
6	0.01015	0.00963	0.04418	0.10377	0.19129	0.05559	0.04969	0.03426	0.33553	0.04598	0.04045	0.01405	0.01039	0.00495	0.00416	0.00132	0.00433	0.03123	0.00313	0.00590
7	0.00543	0.00411	0.00506	0.00525	0.00621	0.00374	0.00400	0.00685	0.00982	0.01296	0.31944	0.17543	0.28376	0.01012	0.00498	0.00146	0.00231	0.13146	0.00401	0.00360
8	0.00787	0.00734	0.01221	0.60205	0.15481	0.00874	0.01067	0.01032	0.00824	0.01092	0.02892	0.04174	0.00737	0.00554	0.03718	0.00155	0.03380	0.00402	0.00199	0.00472
9	0.04102	0.00638	0.02955	0.04200	0.02574	0.02406	0.11393	0.00905	0.04131	0.01368	0.30698	0.02694	0.27148	0.00755	0.00460	0.00133	0.00318	0.02347	0.00354	0.00420
10	0.00854	0.02687	0.06492	0.05603	0.08669	0.09708	0.00670	0.03557	0.04118	0.01070	0.00943	0.01320	0.02315	0.07124	0.16360	0.19168	0.02187	0.00381	0.03414	0.03362
11	0.05738	0.10503	0.07487	0.03088	0.16830	0.12851	0.08905	0.03837	0.10346	0.05538	0.04021	0.01114	0.00825	0.00501	0.02696	0.00133	0.00505	0.01286	0.00259	0.03537
12	0.05441	0.20653	0.16952	0.02025	0.02905	0.18187	0.04862	0.02970	0.08010	0.03289	0.03355	0.00931	0.00711	0.00407	0.00351	0.00109	0.00505	0.00306	0.00234	0.07798
13	0.10797	0.13430	0.02142	0.03651	0.09100	0.05123	0.00659	0.05429	0.11827	0.07780	0.04444	0.01233	0.04701	0.02775	0.00399	0.00117	0.00380	0.00359	0.00290	0.15363

[dist]
# distance from previous block
# <min> <max>
0	14

[block]
# block no. 3 follows, 66 sequences, length 8
# corresponding to MSA columns:
# 195-202
name=unknown_D
#
# <colnr> <probs for GDERKNQSTAVLIFYWHMCP>
#	G	D	E	R	K	N	Q	S	T	A	V	L	I	F	Y	W	H	M	C	P
0	0.01053	0.01013	0.04563	0.24064	0.20236	0.07021	0.09392	0.09211	0.10352	0.05350	0.00908	0.01078	0.00688	0.00415	0.00407	0.00126	0.00508	0.00374	0.00255	0.02987
1	0.00583	0.00466	0.00620	0.00742	0.10059	0.00436	0.00481	0.00714	0.00908	0.01193	0.16241	0.22766	0.27984	0.04295	0.02874	0.00169	0.00290	0.08442	0.00359	0.00380
2	0.01009	0.00877	0.05020	0.12274	0.22506	0.00851	0.09574	0.11232	0.03117	0.09442	0.02700	0.11991	0.04547	0.00561	0.00452	0.00133	0.02361	0.00508	0.00292	0.00554
3	0.00597	0.00481	0.00742	0.00726	0.00831	0.00453	0.09761	0.00745	0.00889	0.01173	0.09201	0.37477	0.11048	0.01059	0.00518	0.00162	0.00318	0.23085	0.00362	0.00373
4	0.00596	0.00452	0.00601	0.07832	0.02648	0.00453	0.00465	0.03745	0.00872	0.01165	0.13977	0.39318	0.10022	0.10705	0.03600	0.00195	0.00316	0.02329	0.00347	0.00362
5	0.00524	0.00399	0.00552	0.10194	0.00838	0.00396	0.00458	0.00620	0.00790	0.01040	0.02184	0.70555	0.07620	0.01156	0.00503	0.00160	0.00268	0.01043	0.00354	0.00344
6	0.01098	0.06916	0.09654	0.06936	0.01443	0.23816	0.12504	0.06829	0.03268	0.01251	0.00773	0.03046	0.00637	0.00422	0.00423	0.00112	0.04616	0.00337	0.00228	0.15691
7	0.01113	0.16021	0.12127	0.04175	0.07689	0.08541	0.02828	0.10283	0.11518	0.06342	0.00889	0.00963	0.00685	0.00413	0.00379	0.00110	0.02074	0.00320	0.00266	0.13263

[dist]
# distance from previous block
# <min> <max>
1	60

[block]
# block no. 4 follows, 66 sequences, length 13
# corresponding to MSA columns:
# 265-277
name=unknown_E
#
# <colnr> <probs for GDERKNQSTAVLIFYWHMCP>
#	G	D	E	R	K	N	Q	S	T	A	V	L	I	F	Y	W	H	M	C	P
0	0.10186	0.04178	0.02532	0.00954	0.05467	0.16939	0.00731	0.05169	0.08319	0.02872	0.00920	0.06412	0.00850	0.03345	0.03261	0.01493	0.22576	0.03066	0.00254	0.00478
1	0.06290	0.22455	0.06213	0.02953	0.10800	0.02742	0.18442	0.06488	0.03514	0.07606	0.00812	0.00940	0.00632	0.00415	0.01362	0.00120	0.01577	0.00337	0.00241	0.06060
2	0.07759	0.17878	0.05982	0.00843	0.03648	0.13634	0.01686	0.08911	0.06841	0.11432	0.07714	0.04918	0.01058	0.00506	0.00370	0.00116	0.00432	0.02257	0.00303	0.03711
3	0.00571	0.00606	0.08980	0.00589	0.00729	0.00474	0.00503	0.00723	0.00909	0.01203	0.19716	0.17602	0.33418	0.03598	0.00585	0.00151	0.05837	0.03073	0.00353	0.00379
4	0.00824	0.00701	0.00822	0.00595	0.00938	0.00530	0.00474	0.01005	0.00862	0.01342	0.06134	0.00985	0.00813	0.00335	0.00312	0.00065	0.00293	0.00273	0.00254	0.82443
5	0.00994	0.13385	0.01524	0.12968	0.30820	0.01084	0.05276	0.05596	0.06080	0.02826	0.00828	0.03546	0.00703	0.00461	0.00518	0.00129	0.12099	0.00377	0.00227	0.00560
6	0.00925	0.07932	0.46695	0.06645	0.07441	0.02908	0.04753	0.01289	0.02364	0.06941	0.02199	0.01063	0.02085	0.02107	0.00418	0.00129	0.00530	0.00344	0.02664	0.00568
7	0.00581	0.00430	0.00626	0.00626	0.00689	0.00493	0.00475	0.00708	0.00644	0.00922	0.01111	0.01726	0.01072	0.13366	0.73889	0.00620	0.01000	0.00454	0.00221	0.00348
8	0.01072	0.34412	0.15749	0.01021	0.06591	0.14983	0.05267	0.03176	0.04557	0.01137	0.00824	0.00931	0.03788	0.00422	0.00390	0.00111	0.04520	0.00308	0.00207	0.00534
9	0.00508	0.00369	0.00481	0.00556	0.00599	0.00342	0.00385	0.00597	0.00829	0.01099	0.09141	0.67435	0.09811	0.01205	0.00513	0.00160	0.00236	0.05015	0.00382	0.00337
10	0.01007	0.33433	0.14467	0.06862	0.12408	0.06319	0.04059	0.04214	0.03730	0.01172	0.02073	0.00969	0.00676	0.04741	0.00431	0.00123	0.00490	0.00314	0.00207	0.02303
11	0.00603	0.00465	0.00614	0.06915	0.00851	0.00442	0.00509	0.00765	0.00945	0.01265	0.22469	0.16601	0.15265	0.00942	0.00489	0.00147	0.00286	0.23105	0.00368	0.06954
12	0.03424	0.00762	0.01021	0.04409	0.03372	0.03513	0.11050	0.03799	0.22444	0.05900	0.15060	0.13165	0.01664	0.00655	0.00459	0.00136	0.02124	0.02989	0.00352	0.03702

[dist]
# distance from previous block
# <min> <max>
2	21

[block]
# block no. 5 follows, 66 sequences, length 19
# corresponding to MSA columns:
# 303-321
name=unknown_F
#
# <colnr> <probs for GDERKNQSTAVLIFYWHMCP>
#	G	D	E	R	K	N	Q	S	T	A	V	L	I	F	Y	W	H	M	C	P
0	0.05007	0.05958	0.05961	0.06679	0.01958	0.11818	0.09929	0.05622	0.05819	0.14728	0.06277	0.09075	0.03459	0.00661	0.03932	0.00150	0.01667	0.00470	0.00310	0.00519
1	0.00788	0.00593	0.00738	0.00710	0.04628	0.00596	0.00519	0.09791	0.10467	0.03382	0.42599	0.05646	0.04698	0.00838	0.04187	0.00152	0.00306	0.03961	0.00399	0.05003
2	0.04890	0.06299	0.15055	0.17733	0.16086	0.12095	0.06199	0.02214	0.05041	0.01247	0.03774	0.01167	0.02403	0.00445	0.00407	0.00126	0.01786	0.02282	0.00223	0.00528
3	0.03008	0.03440	0.01199	0.01048	0.01270	0.76709	0.03338	0.03321	0.01146	0.01050	0.00638	0.00746	0.00528	0.00415	0.00366	0.00106	0.00711	0.00269	0.00213	0.00478
4	0.00995	0.00943	0.10196	0.00920	0.01186	0.00862	0.10723	0.09760	0.28994	0.08524	0.01547	0.14720	0.05035	0.00637	0.00464	0.00139	0.02880	0.00555	0.00353	0.00565
5	0.00574	0.00414	0.00542	0.00549	0.00598	0.00437	0.00388	0.00661	0.00687	0.00940	0.05130	0.06692	0.07507	0.33238	0.36843	0.00455	0.00658	0.03108	0.00263	0.00317
6	0.00682	0.00441	0.00551	0.00512	0.00638	0.00394	0.00388	0.00844	0.01081	0.10259	0.52250	0.06693	0.22007	0.00860	0.00473	0.00131	0.00213	0.00746	0.00433	0.00404
7	0.00588	0.00397	0.00457	0.00453	0.00467	0.00392	0.00266	0.00616	0.00674	0.00913	0.13548	0.02711	0.01828	0.72993	0.01827	0.00353	0.00363	0.00612	0.00276	0.00266
8	0.08007	0.06371	0.04539	0.04739	0.01197	0.02222	0.00715	0.22997	0.23459	0.19750	0.01212	0.01162	0.00862	0.00481	0.00386	0.00126	0.00394	0.00375	0.00379	0.00629
9	0.00814	0.02099	0.83640	0.01156	0.01756	0.00942	0.01499	0.01285	0.00857	0.01285	0.00728	0.00857	0.00514	0.00385	0.00385	0.00128	0.00600	0.00300	0.00171	0.00600
10	0.00898	0.01134	0.18366	0.14170	0.27560	0.00924	0.15778	0.01235	0.04696	0.02443	0.00902	0.06403	0.00756	0.00446	0.00443	0.00132	0.02505	0.00425	0.00217	0.00564
11	0.01056	0.35872	0.07637	0.00758	0.01060	0.14332	0.00691	0.03472	0.00937	0.04056	0.05203	0.08387	0.00922	0.00471	0.00336	0.00100	0.00441	0.00355	0.00240	0.13673
12	0.00730	0.00698	0.05348	0.01138	0.18495	0.00632	0.07591	0.05292	0.00893	0.01220	0.01648	0.45759	0.03421	0.00886	0.00496	0.00149	0.02344	0.02496	0.00310	0.00453
13	0.00945	0.19141	0.12904	0.02575	0.13007	0.00937	0.00809	0.04322	0.03937	0.01296	0.00739	0.00861	0.00604	0.00350	0.00329	0.00091	0.00408	0.00276	0.00222	0.36247
14	0.30231	0.06759	0.07799	0.02209	0.13841	0.00890	0.00715	0.07335	0.00923	0.05712	0.06807	0.01080	0.03080	0.00435	0.00349	0.00116	0.01338	0.00330	0.00270	0.09781
15	0.03499	0.08226	0.04112	0.00721	0.00882	0.00745	0.04933	0.08466	0.03104	0.01207	0.06594	0.01730	0.01184	0.21100	0.22328	0.00322	0.04525	0.02531	0.00260	0.03531
16	0.00971	0.04501	0.06122	0.04814	0.27880	0.02537	0.11570	0.08476	0.00992	0.03993	0.06137	0.04893	0.00991	0.07389	0.00543	0.00142	0.00464	0.00435	0.00256	0.06895
17	0.09220	0.03940	0.07647	0.00957	0.03434	0.05418	0.12641	0.16734	0.03324	0.14218	0.04515	0.03477	0.03408	0.00474	0.00392	0.00120	0.00441	0.00402	0.00319	0.08920
18	0.07966	0.00889	0.05825	0.15044	0.21393	0.03510	0.03108	0.04108	0.06475	0.08642	0.06767	0.06967	0.01041	0.01451	0.00441	0.00131	0.02284	0.00436	0.00279	0.03244

[dist]
# distance from previous block
# <min> <max>
3	68

[block]
# block no. 6 follows, 66 sequences, length 24
# corresponding to MSA columns:
# 414-437
name=unknown_G
#
# <colnr> <probs for GDERKNQSTAVLIFYWHMCP>
#	G	D	E	R	K	N	Q	S	T	A	V	L	I	F	Y	W	H	M	C	P
0	0.00810	0.00678	0.01065	0.37020	0.15904	0.00752	0.00874	0.01028	0.00890	0.04549	0.14748	0.04543	0.01262	0.03060	0.00496	0.00137	0.03605	0.00457	0.04051	0.04070
1	0.03823	0.01005	0.01444	0.10461	0.44634	0.08877	0.06417	0.05280	0.00964	0.01317	0.00895	0.01100	0.04337	0.00417	0.00432	0.00122	0.03588	0.00372	0.00221	0.04293
2	0.01343	0.00899	0.01091	0.01095	0.16028	0.05802	0.00741	0.10649	0.18620	0.28738	0.03198	0.01254	0.00961	0.00472	0.00398	0.00121	0.00392	0.00392	0.00378	0.07430
3	0.00600	0.00518	0.00660	0.11830	0.06675	0.00495	0.00514	0.00782	0.03540	0.01198	0.13037	0.06529	0.46502	0.00836	0.00456	0.00132	0.00277	0.00712	0.00342	0.04368
4	0.00982	0.00742	0.00976	0.06242	0.04149	0.00609	0.04081	0.01175	0.00892	0.12636	0.00848	0.00948	0.00655	0.00339	0.00334	0.00080	0.00346	0.00286	0.00270	0.63412
5	0.00906	0.00863	0.01456	0.28223	0.54227	0.00916	0.01166	0.01150	0.00889	0.01224	0.00901	0.01160	0.04339	0.00405	0.00406	0.00126	0.00488	0.00384	0.00202	0.00569
6	0.00927	0.00981	0.04586	0.09574	0.31628	0.04692	0.15890	0.01254	0.08692	0.01264	0.01172	0.01346	0.09071	0.00477	0.00490	0.00132	0.06602	0.00435	0.00235	0.00552
7	0.00973	0.00840	0.00889	0.00790	0.01026	0.00943	0.00615	0.01997	0.72409	0.01641	0.01683	0.01563	0.04726	0.00551	0.00407	0.00131	0.00314	0.00458	0.00397	0.07647
8	0.01279	0.00805	0.01052	0.06135	0.15494	0.01842	0.00741	0.09759	0.16836	0.29958	0.03984	0.01528	0.07687	0.00531	0.00415	0.00128	0.00375	0.00447	0.00387	0.00618
9	0.00500	0.00378	0.00467	0.00520	0.00584	0.00344	0.00363	0.00592	0.00845	0.01098	0.09419	0.52426	0.25428	0.01232	0.03654	0.00172	0.00255	0.01008	0.00376	0.00339
10	0.01091	0.00658	0.00806	0.02457	0.00924	0.00660	0.01754	0.09589	0.15939	0.23340	0.17835	0.04377	0.08590	0.05134	0.00519	0.00144	0.00313	0.02109	0.03226	0.00534
11	0.75608	0.00772	0.00643	0.00556	0.00818	0.00861	0.00457	0.01261	0.00745	0.09860	0.00675	0.00740	0.00503	0.00385	0.00269	0.00122	0.00316	0.00239	0.00275	0.04895
12	0.02692	0.00832	0.01206	0.28530	0.23505	0.00943	0.00957	0.02451	0.24149	0.01342	0.01030	0.03376	0.00824	0.00468	0.00440	0.00132	0.03773	0.00404	0.00263	0.02682
13	0.00624	0.00446	0.00521	0.00492	0.00619	0.00400	0.00371	0.03089	0.01049	0.05743	0.37149	0.06936	0.37866	0.02266	0.00500	0.00137	0.00218	0.00775	0.00412	0.00386
14	0.02236	0.00793	0.01122	0.10867	0.11761	0.03230	0.06865	0.03017	0.09758	0.18143	0.04175	0.01382	0.01860	0.00539	0.01290	0.00137	0.10120	0.02421	0.09743	0.00542
15	0.00892	0.04561	0.02860	0.05541	0.02502	0.06803	0.00843	0.01034	0.02640	0.01007	0.00693	0.03420	0.00663	0.00904	0.09830	0.00213	0.54573	0.00376	0.00195	0.00449
16	0.00864	0.15940	0.66948	0.01102	0.01652	0.01055	0.04530	0.01274	0.00855	0.01231	0.00705	0.00832	0.00519	0.00377	0.00368	0.00122	0.00576	0.00293	0.00173	0.00584
17	0.04749	0.00450	0.00514	0.00494	0.00606	0.00447	0.00371	0.00982	0.03880	0.08196	0.16578	0.09319	0.02609	0.06119	0.03781	0.00156	0.00269	0.02225	0.37852	0.00403
18	0.03096	0.01271	0.02665	0.05468	0.01405	0.29225	0.15398	0.14099	0.06828	0.06144	0.05085	0.03272	0.00900	0.00486	0.00420	0.00124	0.01283	0.02010	0.00288	0.00534
19	0.00801	0.00447	0.00545	0.00521	0.00645	0.00413	0.00394	0.01951	0.00978	0.14222	0.20499	0.18372	0.12858	0.00805	0.00428	0.00129	0.00234	0.03168	0.22173	0.00418
20	0.00888	0.00864	0.05339	0.12053	0.03964	0.08011	0.07555	0.07486	0.09396	0.04092	0.09189	0.07828	0.14803	0.00674	0.00445	0.00136	0.00414	0.06059	0.00321	0.00483
21	0.00885	0.00723	0.00847	0.00611	0.00966	0.00553	0.00489	0.01084	0.02514	0.04744	0.00777	0.00877	0.00631	0.00314	0.00307	0.00064	0.00303	0.00252	0.00255	0.82804
22	0.00904	0.07744	0.01015	0.03641	0.01011	0.00755	0.07752	0.17064	0.01191	0.05393	0.31495	0.06644	0.08693	0.00694	0.00460	0.00129	0.01876	0.02686	0.00372	0.00481
23	0.02363	0.13599	0.12676	0.02777	0.10068	0.03629	0.02747	0.00945	0.00838	0.01099	0.01623	0.10863	0.15064	0.12038	0.01792	0.00173	0.00419	0.06585	0.00261	0.00441

[dist]
# distance from previous block
# <min> <max>
0	28

[block]
# block no. 7 follows, 66 sequences, length 17
# corresponding to MSA columns:
# 466-482
name=unknown_H
#
# <colnr> <probs for GDERKNQSTAVLIFYWHMCP>
#	G	D	E	R	K	N	Q	S	T	A	V	L	I	F	Y	W	H	M	C	P
0	0.01302	0.27984	0.01418	0.00901	0.02749	0.35349	0.00728	0.09609	0.07657	0.04062	0.00863	0.02517	0.02336	0.00444	0.00348	0.00106	0.00538	0.00310	0.00251	0.00528
1	0.04177	0.17518	0.12121	0.05533	0.03466	0.00965	0.05511	0.09224	0.02907	0.19058	0.00929	0.00977	0.00677	0.00400	0.00357	0.00109	0.00431	0.00320	0.00289	0.15032
2	0.01080	0.01717	0.40141	0.03269	0.07263	0.19808	0.04772	0.09261	0.03285	0.02731	0.02450	0.00937	0.00643	0.00415	0.00392	0.00123	0.00588	0.00326	0.00224	0.00574
3	0.00782	0.00721	0.08507	0.00754	0.00917	0.00689	0.00646	0.08184	0.09710	0.03938	0.01148	0.04595	0.01015	0.03201	0.49844	0.00444	0.03740	0.00444	0.00266	0.00455
4	0.05897	0.06893	0.14101	0.19320	0.09479	0.03378	0.07776	0.06392	0.00913	0.07755	0.00816	0.01073	0.00648	0.05668	0.00573	0.00146	0.08057	0.00358	0.00231	0.00526
5	0.00995	0.03249	0.10935	0.24053	0.17621	0.03024	0.09699	0.01277	0.03302	0.10945	0.00890	0.02359	0.00688	0.00525	0.03330	0.00149	0.05794	0.00383	0.00236	0.00547
6	0.00623	0.02514	0.00703	0.00622	0.00745	0.00484	0.07152	0.00780	0.03684	0.02955	0.10073	0.18206	0.26613	0.12258	0.06906	0.00214	0.00360	0.04395	0.00339	0.00373
7	0.00678	0.00531	0.02445	0.03819	0.00845	0.00500	0.03795	0.06763	0.00933	0.03430	0.09376	0.36854	0.08628	0.06456	0.02372	0.00180	0.00331	0.11315	0.00358	0.00392
8	0.04056	0.00989	0.12848	0.14240	0.05897	0.06125	0.07947	0.02675	0.04236	0.18005	0.04251	0.06963	0.01083	0.00596	0.01868	0.00144	0.00476	0.06765	0.00304	0.00534
9	0.04334	0.01074	0.12695	0.05899	0.17593	0.03872	0.19307	0.05063	0.02902	0.11020	0.02457	0.05190	0.01785	0.00482	0.00437	0.00132	0.01612	0.03313	0.00269	0.00564
10	0.00836	0.00823	0.01345	0.66544	0.11387	0.04254	0.06911	0.01101	0.00848	0.01085	0.00729	0.01060	0.00556	0.00397	0.00409	0.00132	0.00552	0.00365	0.00185	0.00479
11	0.02961	0.02929	0.01246	0.10248	0.03270	0.00832	0.17793	0.05113	0.09575	0.14394	0.01373	0.06040	0.07941	0.02497	0.03913	0.02255	0.06311	0.00490	0.00304	0.00516
12	0.00965	0.01040	0.05540	0.10847	0.08758	0.19196	0.13873	0.01155	0.00937	0.04953	0.02629	0.13216	0.05234	0.05933	0.00538	0.00149	0.00513	0.03796	0.00261	0.00467
13	0.00897	0.06261	0.17709	0.03178	0.19388	0.02905	0.07542	0.02238	0.00934	0.07101	0.03167	0.04508	0.14359	0.00640	0.02544	0.00143	0.00466	0.05226	0.00268	0.00526
14	0.01265	0.00700	0.02528	0.00765	0.01011	0.00650	0.05551	0.03111	0.07209	0.40553	0.10757	0.03702	0.06913	0.00725	0.04517	0.00157	0.04532	0.02198	0.00412	0.02743
15	0.00926	0.04513	0.14596	0.03413	0.06438	0.07735	0.11987	0.06367	0.04139	0.04127	0.03983	0.13139	0.03390	0.00635	0.00452	0.00136	0.01791	0.09407	0.00284	0.02540
16	0.09680	0.02351	0.03519	0.03941	0.18848	0.06685	0.09767	0.03720	0.10875	0.13488	0.01182	0.02852	0.05328	0.00528	0.01849	0.00138	0.03979	0.00412	0.00293	0.00564

[dist]
# distance from previous block
# <min> <max>
0	1

[block]
# block no. 8 follows, 66 sequences, length 12
# corresponding to MSA columns:
# 484-488,491-497
name=unknown_I
#
# <colnr> <probs for GDERKNQSTAVLIFYWHMCP>
#	G	D	E	R	K	N	Q	S	T	A	V	L	I	F	Y	W	H	M	C	P
0	0.05954	0.00870	0.02574	0.02610	0.02611	0.06860	0.00582	0.04897	0.03196	0.04566	0.01895	0.00908	0.00663	0.00360	0.00350	0.00083	0.02525	0.00275	0.00259	0.57961
1	0.01020	0.00943	0.01454	0.12080	0.45613	0.03633	0.06302	0.08943	0.03628	0.02704	0.03806	0.01152	0.02393	0.00415	0.00407	0.00122	0.00476	0.00388	0.00244	0.04278
2	0.00988	0.00963	0.10891	0.25335	0.03904	0.05414	0.00893	0.06975	0.04455	0.10195	0.03286	0.05981	0.00900	0.00564	0.01994	0.00139	0.06468	0.02324	0.00271	0.08059
3	0.04816	0.00931	0.04698	0.19037	0.17353	0.02201	0.10148	0.04382	0.19260	0.03147	0.02502	0.01268	0.00850	0.00470	0.00459	0.00135	0.04652	0.02864	0.00268	0.00558
4	0.00742	0.04158	0.00709	0.00620	0.00771	0.00632	0.00474	0.01211	0.28019	0.03480	0.23504	0.16386	0.16057	0.00816	0.00453	0.00137	0.00258	0.00704	0.00402	0.00467
5	0.00933	0.00853	0.01338	0.10435	0.27959	0.00903	0.11394	0.01404	0.21715	0.03341	0.06622	0.01486	0.04290	0.00500	0.00457	0.00133	0.03182	0.02199	0.00287	0.00569
6	0.00684	0.00485	0.00616	0.05636	0.00796	0.00495	0.00473	0.00857	0.05738	0.06045	0.06110	0.11801	0.16337	0.20431	0.07344	0.00246	0.02193	0.13007	0.00331	0.00375
7	0.03033	0.00527	0.03765	0.00583	0.00697	0.02589	0.02368	0.00709	0.00891	0.01176	0.13590	0.31839	0.26215	0.03665	0.00535	0.00156	0.00275	0.06662	0.00362	0.00364
8	0.05697	0.30684	0.16301	0.00940	0.05256	0.17564	0.00854	0.07516	0.03492	0.03409	0.00738	0.00877	0.00610	0.03980	0.00406	0.00120	0.00512	0.00287	0.00222	0.00536
9	0.05592	0.13551	0.18086	0.08221	0.09898	0.06021	0.07383	0.06736	0.00960	0.07067	0.03172	0.02401	0.00718	0.00432	0.00420	0.00121	0.04554	0.00346	0.00238	0.04081
10	0.05397	0.12207	0.05201	0.03447	0.01044	0.06033	0.00658	0.07159	0.19662	0.07951	0.06778	0.09137	0.06144	0.00673	0.02702	0.00143	0.04330	0.00481	0.00328	0.00524
11	0.14070	0.07708	0.03190	0.03629	0.06743	0.05388	0.05824	0.05694	0.05859	0.05050	0.06596	0.05952	0.01062	0.02561	0.00453	0.00128	0.03677	0.04091	0.00283	0.12043

[dist]
# distance from previous block
# <min> <max>
23	35

[block]
# block no. 9 follows, 66 sequences, length 24
# corresponding to MSA columns:
# 543-566
name=unknown_J
#
# <colnr> <probs for GDERKNQSTAVLIFYWHMCP>
#	G	D	E	R	K	N	Q	S	T	A	V	L	I	F	Y	W	H	M	C	P
0	0.02766	0.00942	0.01319	0.08061	0.40947	0.05042	0.00968	0.09320	0.07659	0.12716	0.01025	0.01135	0.02433	0.00427	0.00398	0.00121	0.00449	0.00375	0.00284	0.03613
1	0.12630	0.00908	0.02291	0.04445	0.33052	0.02377	0.06139	0.06715	0.06257	0.15078	0.03625	0.01116	0.00811	0.00423	0.00389	0.00123	0.00432	0.00372	0.00293	0.02524
2	0.08891	0.01005	0.04649	0.01054	0.03843	0.09055	0.21170	0.06648	0.05964	0.16654	0.03509	0.04205	0.01867	0.00471	0.00407	0.00124	0.00473	0.01723	0.00310	0.07978
3	0.01978	0.20152	0.22941	0.00982	0.05856	0.11703	0.02719	0.05593	0.07004	0.04601	0.02560	0.02053	0.01813	0.06045	0.00479	0.00135	0.00498	0.02106	0.00243	0.00538
4	0.09677	0.03374	0.18978	0.01001	0.01316	0.21483	0.12440	0.01372	0.09352	0.02995	0.01978	0.03084	0.04951	0.02907	0.00443	0.00134	0.00532	0.03222	0.00252	0.00510
5	0.00928	0.00886	0.01509	0.28806	0.57490	0.00944	0.01207	0.01178	0.00888	0.01233	0.00750	0.01029	0.00610	0.00376	0.00403	0.00125	0.00501	0.00361	0.00194	0.00581
6	0.01385	0.00768	0.00886	0.00744	0.00981	0.05114	0.00592	0.09747	0.13496	0.40582	0.01523	0.05458	0.01192	0.08404	0.01693	0.00163	0.00384	0.05878	0.00422	0.00589
7	0.01248	0.00659	0.00805	0.00675	0.00912	0.00637	0.00539	0.03042	0.19763	0.39128	0.10141	0.01988	0.14753	0.00709	0.02976	0.00146	0.00326	0.00526	0.00445	0.00582
8	0.00779	0.00734	0.01240	0.80404	0.07058	0.00905	0.01133	0.01048	0.00817	0.01052	0.00723	0.01078	0.00546	0.00403	0.00405	0.00134	0.00538	0.00361	0.00181	0.00461
9	0.00672	0.00461	0.00624	0.02399	0.00814	0.00449	0.00576	0.00829	0.00923	0.04893	0.04821	0.09748	0.13541	0.01076	0.00565	0.02915	0.00336	0.53609	0.00372	0.00376
10	0.00956	0.09190	0.11344	0.00706	0.01085	0.00736	0.00651	0.03216	0.04353	0.07171	0.00815	0.00895	0.00640	0.00345	0.00322	0.00081	0.00359	0.00270	0.00255	0.56609
11	0.00881	0.01105	0.16505	0.29582	0.28293	0.00954	0.12444	0.01184	0.00871	0.01210	0.00745	0.01013	0.00579	0.00386	0.00433	0.00130	0.02577	0.00366	0.00189	0.00553
12	0.03358	0.04094	0.03291	0.01194	0.14602	0.32670	0.01778	0.06911	0.08652	0.07498	0.00841	0.00935	0.00660	0.00442	0.00445	0.00117	0.06728	0.00321	0.00260	0.05202
13	0.00949	0.15381	0.44382	0.01147	0.04240	0.01010	0.14012	0.01299	0.00907	0.07314	0.05007	0.01016	0.00742	0.00403	0.00387	0.00122	0.00542	0.00347	0.00217	0.00575
14	0.00497	0.00361	0.00469	0.00550	0.00586	0.00333	0.00371	0.00575	0.00806	0.01067	0.06039	0.74930	0.09459	0.01231	0.00513	0.00161	0.00231	0.01110	0.00380	0.00333
15	0.00544	0.00416	0.00554	0.07575	0.00798	0.00414	0.00455	0.00687	0.04486	0.01077	0.02238	0.65070	0.09157	0.01141	0.00502	0.00160	0.00267	0.03742	0.00362	0.00356
16	0.01070	0.77933	0.05385	0.00720	0.01071	0.01546	0.00724	0.01269	0.05268	0.01008	0.00630	0.00706	0.00559	0.00360	0.00274	0.00091	0.00434	0.00233	0.00186	0.00530
17	0.03084	0.00774	0.08419	0.09425	0.03766	0.01557	0.10571	0.01115	0.03658	0.13839	0.01467	0.21081	0.04429	0.03519	0.08115	0.00196	0.01490	0.02712	0.00307	0.00476
18	0.00489	0.00376	0.00448	0.00505	0.00573	0.00335	0.00350	0.00572	0.00834	0.01059	0.02965	0.53760	0.33930	0.01176	0.00503	0.00154	0.00224	0.01038	0.00377	0.00335
19	0.00658	0.00456	0.00592	0.00608	0.03271	0.00460	0.02298	0.00709	0.00676	0.03461	0.01379	0.07356	0.01530	0.59939	0.04705	0.00341	0.02319	0.08667	0.00269	0.00306
20	0.03819	0.11453	0.06069	0.10035	0.16125	0.05516	0.08318	0.09909	0.08711	0.11581	0.01020	0.02541	0.02234	0.00444	0.00390	0.00123	0.00471	0.00379	0.00281	0.00581
21	0.02335	0.00493	0.00578	0.05023	0.00749	0.03314	0.00443	0.00873	0.00830	0.06628	0.01650	0.39985	0.01711	0.00847	0.00463	0.00136	0.04688	0.00727	0.28140	0.00388
22	0.00590	0.00395	0.00451	0.00451	0.00454	0.00398	0.00257	0.00596	0.00593	0.00793	0.01270	0.02610	0.01455	0.82235	0.05545	0.00404	0.00423	0.00583	0.00245	0.00251
23	0.02552	0.19245	0.10211	0.24035	0.06133	0.01075	0.02222	0.14111	0.04351	0.06443	0.00901	0.05390	0.00732	0.00457	0.00377	0.00122	0.00467	0.00372	0.00256	0.00548

[dist]
# distance from previous block
# <min> <max>
0	1

[block]
# block no. 10 follows, 66 sequences, length 57
# corresponding to MSA columns:
# 568-624
name=unknown_K
#
# <colnr> <probs for GDERKNQSTAVLIFYWHMCP>
#	G	D	E	R	K	N	Q	S	T	A	V	L	I	F	Y	W	H	M	C	P
0	0.00876	0.04616	0.36757	0.18778	0.13136	0.00968	0.09259	0.03454	0.03868	0.01286	0.02728	0.01018	0.00657	0.00400	0.00400	0.00128	0.00549	0.00354	0.00202	0.00565
1	0.00755	0.00591	0.00904	0.00795	0.00898	0.00673	0.08371	0.00924	0.03863	0.05781	0.01050	0.01566	0.00971	0.13715	0.42654	0.01981	0.13423	0.00447	0.00238	0.00403
2	0.00995	0.11797	0.14769	0.07815	0.13042	0.06474	0.12883	0.06944	0.02704	0.01316	0.00789	0.01004	0.00636	0.00389	0.00378	0.00112	0.00507	0.02229	0.00222	0.14994
3	0.00613	0.00484	0.00711	0.04915	0.00835	0.00578	0.00549	0.00749	0.00659	0.00943	0.01099	0.01628	0.02721	0.08104	0.65810	0.00558	0.08017	0.00443	0.00217	0.00365
4	0.00699	0.00356	0.00535	0.00535	0.00538	0.00360	0.00360	0.00538	0.00535	0.00716	0.00723	0.01251	0.00720	0.01488	0.05578	0.83962	0.00388	0.00356	0.00178	0.00185
5	0.07968	0.01080	0.01151	0.00987	0.07238	0.06035	0.00749	0.51755	0.01527	0.04859	0.00890	0.00936	0.00655	0.00452	0.00406	0.00116	0.02736	0.00336	0.00347	0.09780
6	0.00581	0.00424	0.00549	0.00616	0.00688	0.00409	0.00482	0.00720	0.02185	0.01119	0.03495	0.28527	0.13619	0.08758	0.00668	0.00190	0.00307	0.35949	0.00365	0.00349
7	0.00993	0.00911	0.01509	0.21717	0.58239	0.00958	0.01179	0.05597	0.00956	0.02928	0.00781	0.01028	0.00628	0.00381	0.00403	0.00124	0.00491	0.00362	0.00213	0.00601
8	0.17825	0.06704	0.00942	0.04302	0.01041	0.03832	0.00586	0.06333	0.09860	0.26249	0.03552	0.03783	0.03034	0.00490	0.00363	0.00118	0.00355	0.00381	0.00355	0.09896
9	0.00499	0.00361	0.00463	0.00542	0.00575	0.00335	0.00361	0.00568	0.00779	0.01025	0.02354	0.72043	0.10405	0.06871	0.00617	0.00177	0.00243	0.01087	0.00368	0.00325
10	0.00909	0.00893	0.01392	0.45646	0.36187	0.05762	0.01156	0.01157	0.00878	0.01154	0.00733	0.01029	0.00582	0.00388	0.00402	0.00127	0.00527	0.00355	0.00191	0.00532
11	0.05353	0.07757	0.33681	0.01019	0.01439	0.03731	0.09950	0.07064	0.02150	0.18431	0.03158	0.01040	0.00737	0.00431	0.00408	0.00125	0.02305	0.00350	0.00276	0.00592
12	0.00819	0.01025	0.16830	0.44978	0.09737	0.00928	0.03442	0.01177	0.06879	0.01172	0.01929	0.01138	0.02389	0.00443	0.00460	0.00135	0.05429	0.00375	0.00206	0.00510
13	0.00748	0.00614	0.00679	0.00661	0.00800	0.00663	0.00488	0.01341	0.39924	0.01377	0.06329	0.26369	0.11954	0.05469	0.00545	0.00159	0.00279	0.00731	0.00390	0.00479
14	0.00991	0.03187	0.01592	0.23574	0.15364	0.09777	0.24736	0.01239	0.00920	0.04172	0.00786	0.01045	0.00618	0.02063	0.00442	0.00127	0.00560	0.00377	0.00212	0.08217
15	0.00958	0.01094	0.02394	0.01710	0.02120	0.01026	0.81737	0.01300	0.00958	0.01300	0.00821	0.01094	0.00616	0.00342	0.00479	0.00137	0.00684	0.00479	0.00205	0.00547
16	0.00841	0.00721	0.00841	0.00601	0.00961	0.00541	0.00481	0.01022	0.00841	0.01322	0.00721	0.00841	0.00601	0.00300	0.00300	0.00060	0.00300	0.00240	0.00240	0.88222
17	0.00852	0.07797	0.68678	0.01096	0.01634	0.00952	0.03557	0.01267	0.00859	0.03769	0.00798	0.03314	0.00607	0.00478	0.02516	0.00140	0.00584	0.00330	0.00190	0.00582
18	0.01436	0.00742	0.01008	0.00792	0.01071	0.00706	0.06649	0.09536	0.10611	0.47116	0.12037	0.01620	0.03674	0.00551	0.00425	0.00128	0.00354	0.00470	0.00450	0.00625
19	0.00609	0.00453	0.00660	0.00649	0.00705	0.00530	0.00495	0.00713	0.00635	0.00912	0.01039	0.01615	0.01001	0.10078	0.65228	0.07519	0.06165	0.00437	0.00214	0.00342
20	0.00493	0.00357	0.00467	0.00556	0.00586	0.00330	0.00373	0.00566	0.00786	0.01039	0.02348	0.80588	0.07500	0.01256	0.00516	0.00163	0.00234	0.01136	0.00377	0.00330
21	0.00893	0.00851	0.01447	0.40813	0.45754	0.00935	0.01190	0.01148	0.00871	0.01191	0.00744	0.01040	0.00595	0.00382	0.00404	0.00127	0.00509	0.00361	0.00191	0.00553
22	0.00868	0.03936	0.60397	0.01264	0.01800	0.00988	0.19574	0.02781	0.00894	0.01299	0.00746	0.00908	0.00541	0.00382	0.00419	0.00130	0.01965	0.00340	0.00183	0.00585
23	0.00840	0.00705	0.03094	0.00663	0.00839	0.02695	0.00528	0.06460	0.30370	0.01653	0.31659	0.02089	0.05072	0.00650	0.00422	0.00127	0.00279	0.00550	0.10805	0.00502
24	0.00500	0.00357	0.00477	0.00572	0.00598	0.00335	0.00387	0.00575	0.00782	0.01042	0.02233	0.82536	0.02671	0.01266	0.00519	0.00166	0.00240	0.04037	0.00377	0.00331
25	0.09775	0.22366	0.33563	0.00907	0.01322	0.02562	0.00988	0.11638	0.06707	0.02963	0.00823	0.00962	0.00643	0.00424	0.00351	0.00119	0.00482	0.02595	0.00239	0.00572
26	0.04160	0.12517	0.21808	0.02502	0.27842	0.01036	0.03138	0.10557	0.03339	0.01420	0.00904	0.02400	0.01697	0.00446	0.00387	0.00124	0.00483	0.04418	0.00235	0.00587
27	0.00527	0.00412	0.00478	0.00467	0.00581	0.00363	0.00350	0.00673	0.01027	0.01348	0.41422	0.05466	0.42355	0.00941	0.00481	0.00134	0.00202	0.02001	0.00410	0.00362
28	0.06243	0.00695	0.00924	0.00712	0.01023	0.00612	0.00588	0.01937	0.01137	0.79330	0.01548	0.01344	0.00976	0.00496	0.00400	0.00126	0.00344	0.00398	0.00489	0.00678
29	0.00805	0.09501	0.02694	0.00741	0.02487	0.03292	0.02212	0.03457	0.14310	0.01324	0.22855	0.04546	0.08866	0.09601	0.00706	0.00160	0.10382	0.01281	0.00327	0.00452
30	0.00527	0.00388	0.00542	0.00614	0.00660	0.00366	0.02483	0.00620	0.00806	0.01067	0.02233	0.70703	0.04493	0.01222	0.00522	0.00166	0.00264	0.11610	0.00372	0.00341
31	0.00941	0.02557	0.00947	0.00815	0.00928	0.15966	0.01998	0.01067	0.00934	0.06864	0.22915	0.05891	0.05414	0.00720	0.00727	0.02009	0.25509	0.01913	0.00301	0.01584
32	0.00948	0.00876	0.01390	0.32790	0.41140	0.03298	0.01111	0.01185	0.00885	0.04186	0.00766	0.01026	0.00609	0.00390	0.00420	0.00124	0.02647	0.00353	0.00206	0.05651
33	0.01335	0.01059	0.01256	0.05951	0.18595	0.04863	0.00868	0.43257	0.11115	0.06077	0.01011	0.01060	0.00745	0.00461	0.00404	0.00124	0.00452	0.00373	0.00347	0.00651
34	0.88607	0.00785	0.00596	0.00534	0.00785	0.00910	0.00439	0.01193	0.00690	0.01820	0.00565	0.00659	0.00439	0.00377	0.00251	0.00126	0.00314	0.00220	0.00251	0.00439
35	0.00880	0.11148	0.09915	0.12771	0.03720	0.03069	0.02243	0.01138	0.04165	0.01233	0.00828	0.00967	0.02720	0.00365	0.00337	0.00091	0.00405	0.00294	0.00224	0.43487
36	0.00620	0.00470	0.00627	0.00608	0.00638	0.00543	0.00435	0.00692	0.00624	0.00880	0.01134	0.04256	0.01204	0.39345	0.35237	0.00465	0.11157	0.00513	0.00229	0.00320
37	0.01497	0.00841	0.00934	0.00763	0.01022	0.09495	0.00613	0.05844	0.11658	0.48279	0.09186	0.01504	0.02959	0.00547	0.00439	0.00127	0.02802	0.00436	0.00438	0.00617
38	0.31156	0.01101	0.00856	0.00778	0.00982	0.26479	0.02025	0.08354	0.03045	0.01455	0.00946	0.03544	0.00879	0.05811	0.00468	0.00145	0.00472	0.10776	0.00274	0.00455
39	0.00972	0.01015	0.05653	0.01289	0.20121	0.10785	0.02924	0.04714	0.13004	0.01282	0.01107	0.08201	0.01035	0.02496	0.00630	0.00148	0.15790	0.08043	0.00268	0.00524
40	0.00669	0.00375	0.00559	0.00559	0.00578	0.00394	0.00391	0.00581	0.00562	0.00769	0.00818	0.01359	0.00803	0.03700	0.23298	0.63242	0.00546	0.00379	0.00189	0.00227
41	0.04500	0.01245	0.23441	0.00966	0.04447	0.03467	0.00902	0.23926	0.15777	0.03985	0.04039	0.01219	0.00904	0.00595	0.04051	0.00150	0.00476	0.01856	0.03457	0.00596
42	0.00500	0.00363	0.00485	0.02365	0.00635	0.00342	0.00391	0.00576	0.00782	0.01037	0.02257	0.81329	0.04942	0.01246	0.00514	0.00163	0.00241	0.01128	0.00372	0.00333
43	0.01062	0.00987	0.01590	0.06827	0.57219	0.03485	0.08461	0.05843	0.04944	0.04370	0.00847	0.01045	0.00675	0.00385	0.00409	0.00123	0.00496	0.00376	0.00233	0.00622
44	0.03098	0.11037	0.13522	0.02981	0.05518	0.00818	0.01959	0.03567	0.03973	0.08201	0.00819	0.00910	0.00636	0.00359	0.00334	0.00092	0.00392	0.00285	0.00251	0.41251
45	0.00960	0.07311	0.50089	0.01046	0.01502	0.05378	0.05953	0.01324	0.02167	0.09391	0.06632	0.02525	0.00852	0.00451	0.00417	0.00127	0.02708	0.00363	0.00235	0.00570
46	0.00798	0.00579	0.00668	0.00636	0.00724	0.07299	0.00469	0.00898	0.00749	0.09866	0.02942	0.04034	0.01223	0.25895	0.37882	0.00436	0.02287	0.01973	0.00267	0.00375
47	0.01013	0.00996	0.07779	0.18135	0.42524	0.00939	0.08233	0.04742	0.02611	0.06844	0.00857	0.01092	0.00669	0.00398	0.00411	0.00127	0.00505	0.01301	0.00230	0.00596
48	0.04947	0.09701	0.11385	0.17785	0.12172	0.06206	0.05530	0.16553	0.01068	0.01442	0.00871	0.05476	0.00738	0.00466	0.00391	0.00125	0.00497	0.02544	0.00247	0.01855
49	0.07950	0.10580	0.07813	0.00872	0.06633	0.03910	0.02418	0.10091	0.06419	0.03751	0.01451	0.21588	0.05177	0.00707	0.00417	0.00135	0.00383	0.07269	0.00311	0.02125
50	0.13500	0.02744	0.01116	0.08139	0.10165	0.20345	0.05278	0.07214	0.02991	0.10106	0.03966	0.03924	0.05373	0.00501	0.00413	0.00124	0.02905	0.00395	0.00283	0.00516
51	0.11438	0.10191	0.09830	0.09437	0.02681	0.06320	0.02282	0.08625	0.00931	0.05680	0.01063	0.01382	0.05054	0.00859	0.11666	0.00200	0.05860	0.05755	0.00256	0.00491
52	0.06171	0.09383	0.13878	0.00973	0.07521	0.05041	0.05064	0.06304	0.06065	0.22025	0.03505	0.04671	0.04920	0.00518	0.00395	0.00125	0.00429	0.02111	0.00324	0.00574
53	0.10062	0.06575	0.22437	0.03399	0.12543	0.04370	0.02356	0.09382	0.03341	0.14056	0.02527	0.04266	0.02018	0.00464	0.00382	0.00124	0.00460	0.00375	0.00283	0.00580
54	0.05863	0.05998	0.08613	0.12749	0.05906	0.06668	0.00773	0.04512	0.07370	0.20787	0.03622	0.08517	0.04344	0.00545	0.00398	0.00127	0.00416	0.00448	0.00323	0.02022
55	0.06508	0.10279	0.06607	0.04354	0.09446	0.05814	0.06750	0.05074	0.00998	0.16445	0.07505	0.08361	0.02132	0.00551	0.00401	0.00125	0.00421	0.04215	0.00309	0.03704
56	0.08837	0.04659	0.14100	0.00969	0.05158	0.02574	0.10992	0.05761	0.01031	0.21691	0.10526	0.01393	0.01116	0.00486	0.00399	0.00123	0.00430	0.03448	0.00323	0.05984

[dist]
# distance from previous block
# <min> <max>
6	48

[block]
# block no. 11 follows, 66 sequences, length 9
# corresponding to MSA columns:
# 673-681
name=unknown_L
#
# <colnr> <probs for GDERKNQSTAVLIFYWHMCP>
#	G	D	E	R	K	N	Q	S	T	A	V	L	I	F	Y	W	H	M	C	P
0	0.18135	0.41554	0.10948	0.00747	0.02329	0.03344	0.00720	0.01257	0.00852	0.07992	0.04020	0.00926	0.00720	0.00447	0.01622	0.00115	0.00428	0.01689	0.00233	0.01921
1	0.08167	0.33836	0.23196	0.00811	0.01188	0.01167	0.00854	0.07626	0.07840	0.03525	0.01043	0.01084	0.07206	0.00447	0.00339	0.00113	0.00439	0.00328	0.00243	0.00549
2	0.08561	0.51310	0.17090	0.00804	0.01169	0.04262	0.02373	0.03147	0.00862	0.01149	0.00707	0.02662	0.00632	0.00411	0.00311	0.00106	0.00464	0.03260	0.00199	0.00522
3	0.01049	0.42963	0.22667	0.00852	0.01226	0.11301	0.00888	0.05913	0.00938	0.01145	0.00847	0.03553	0.04243	0.00433	0.00331	0.00106	0.00497	0.00310	0.00206	0.00531
4	0.04716	0.25096	0.31544	0.00903	0.01302	0.12580	0.00965	0.07204	0.00971	0.01275	0.03638	0.00965	0.03574	0.00422	0.00348	0.00111	0.00511	0.00306	0.00217	0.03350
5	0.03202	0.49010	0.16997	0.00807	0.01160	0.08518	0.00823	0.04221	0.00895	0.01117	0.00757	0.06373	0.00700	0.00440	0.00321	0.00105	0.00472	0.01721	0.00205	0.02156
6	0.04429	0.12797	0.13259	0.00786	0.05696	0.00748	0.00684	0.01054	0.07472	0.02561	0.20715	0.04789	0.14368	0.00694	0.00423	0.00131	0.00342	0.08261	0.00323	0.00469
7	0.03723	0.12759	0.34340	0.01273	0.16806	0.07656	0.04672	0.03836	0.00935	0.02608	0.02341	0.01078	0.05402	0.00426	0.00378	0.00120	0.00522	0.00346	0.00214	0.00565
8	0.00720	0.00457	0.00605	0.00646	0.00726	0.00448	0.00515	0.00843	0.00843	0.07666	0.01855	0.08185	0.01996	0.25845	0.00986	0.00241	0.00370	0.46347	0.00347	0.00359

[dist]
# distance from previous block
# <min> <max>
0	321

# created by:
# /home/cegg/simao/soft/augustus-3.2.1/scripts/msa2prfl.pl ./align_prep/EOG092C4JNL.fa
