[name]
unknown

[dist]
# distance from previous block
# <min> <max>
0	393

[block]
# block no. 0 follows, 62 sequences, length 14
# corresponding to MSA columns:
# 446-459
name=unknown_A
#
# <colnr> <probs for GDERKNQSTAVLIFYWHMCP>
#	G	D	E	R	K	N	Q	S	T	A	V	L	I	F	Y	W	H	M	C	P
0	0.01021	0.02487	0.02560	0.00772	0.02678	0.04709	0.02227	0.03306	0.15142	0.12679	0.02739	0.01919	0.01238	0.26634	0.02648	0.00227	0.03059	0.04213	0.00330	0.09410
1	0.01049	0.02503	0.01253	0.16128	0.10617	0.04468	0.02612	0.11072	0.05120	0.03875	0.00938	0.03117	0.02484	0.00530	0.00627	0.00135	0.19158	0.00392	0.00263	0.13657
2	0.02681	0.02247	0.09005	0.05262	0.04509	0.13495	0.19356	0.02764	0.07836	0.04767	0.02049	0.01969	0.00781	0.03427	0.01485	0.00149	0.10350	0.00404	0.00253	0.07208
3	0.01011	0.00925	0.00943	0.01973	0.07080	0.17154	0.00667	0.04776	0.07594	0.05300	0.05649	0.04414	0.01133	0.04817	0.25829	0.00305	0.02361	0.00444	0.00287	0.07335
4	0.01228	0.05473	0.05358	0.06232	0.12708	0.26435	0.03341	0.07278	0.08876	0.03758	0.03872	0.01068	0.00804	0.00467	0.00456	0.00123	0.05271	0.00357	0.00267	0.06629
5	0.00606	0.00409	0.00476	0.00487	0.00493	0.00409	0.00284	0.00621	0.00644	0.00862	0.01453	0.12471	0.01680	0.72126	0.04937	0.00394	0.00419	0.00683	0.00273	0.00273
6	0.01255	0.11228	0.01373	0.07009	0.18710	0.02202	0.00862	0.22250	0.04823	0.10578	0.02505	0.03085	0.00838	0.00475	0.00423	0.00121	0.02451	0.00385	0.00319	0.09108
7	0.00746	0.00534	0.04644	0.00537	0.00617	0.00456	0.00377	0.00810	0.00758	0.08979	0.07112	0.05106	0.06330	0.59352	0.01648	0.00329	0.00387	0.00629	0.00307	0.00341
8	0.01035	0.01797	0.52521	0.01102	0.01596	0.04714	0.01257	0.12845	0.12454	0.03048	0.00987	0.03058	0.00738	0.00470	0.00414	0.00135	0.00557	0.00370	0.00264	0.00637
9	0.01004	0.10591	0.09496	0.00819	0.02467	0.06396	0.03277	0.04457	0.04512	0.03947	0.01003	0.03341	0.03670	0.02377	0.00401	0.00103	0.00415	0.00346	0.00266	0.41114
10	0.00616	0.00425	0.00526	0.00526	0.00547	0.00446	0.00335	0.00659	0.00637	0.00871	0.01284	0.02471	0.01411	0.61978	0.25048	0.00489	0.00617	0.00573	0.00249	0.00292
11	0.00574	0.00405	0.00504	0.00553	0.00626	0.00365	0.00386	0.00672	0.00908	0.04104	0.11224	0.53502	0.22226	0.01193	0.00525	0.00160	0.00239	0.01059	0.00408	0.00368
12	0.00953	0.00980	0.07857	0.27655	0.32147	0.00949	0.06203	0.03762	0.02583	0.03222	0.00926	0.05595	0.00785	0.02531	0.00493	0.00144	0.01977	0.00435	0.00231	0.00572
13	0.03203	0.05648	0.04254	0.09231	0.17470	0.13464	0.15135	0.02840	0.11297	0.05389	0.02779	0.03304	0.00874	0.02696	0.00471	0.00138	0.00541	0.00423	0.00269	0.00574

[dist]
# distance from previous block
# <min> <max>
0	2

[block]
# block no. 1 follows, 62 sequences, length 6
# corresponding to MSA columns:
# 462-467
name=unknown_B
#
# <colnr> <probs for GDERKNQSTAVLIFYWHMCP>
#	G	D	E	R	K	N	Q	S	T	A	V	L	I	F	Y	W	H	M	C	P
0	0.01097	0.08366	0.33809	0.01139	0.06463	0.10678	0.01106	0.06058	0.19448	0.03778	0.00996	0.01056	0.00748	0.00462	0.00430	0.00131	0.02991	0.00354	0.00268	0.00623
1	0.00665	0.00552	0.00697	0.06303	0.00873	0.04966	0.00535	0.00778	0.00751	0.01006	0.01433	0.25521	0.01545	0.13021	0.34999	0.00411	0.04625	0.00675	0.00275	0.00370
2	0.20048	0.01044	0.01268	0.15338	0.09512	0.10609	0.09556	0.10199	0.01034	0.06629	0.00800	0.00970	0.00612	0.00438	0.00446	0.00131	0.05538	0.00344	0.00264	0.05220
3	0.00619	0.00476	0.00593	0.00595	0.00635	0.00504	0.00419	0.00692	0.00790	0.01062	0.09405	0.23064	0.12952	0.30580	0.01213	0.00252	0.10884	0.04598	0.00327	0.00339
4	0.29848	0.00950	0.03182	0.06505	0.20351	0.01014	0.00828	0.15738	0.04011	0.04836	0.04724	0.01060	0.00795	0.00463	0.00415	0.00133	0.03918	0.00353	0.00296	0.00579
5	0.00604	0.00674	0.11306	0.06935	0.01000	0.00504	0.03334	0.00770	0.00877	0.01177	0.07464	0.50763	0.10842	0.01054	0.00508	0.00159	0.00330	0.00945	0.00350	0.00405

[dist]
# distance from previous block
# <min> <max>
0	6

[block]
# block no. 2 follows, 62 sequences, length 9
# corresponding to MSA columns:
# 474-482
name=unknown_C
#
# <colnr> <probs for GDERKNQSTAVLIFYWHMCP>
#	G	D	E	R	K	N	Q	S	T	A	V	L	I	F	Y	W	H	M	C	P
0	0.01058	0.00995	0.08858	0.01035	0.11943	0.03691	0.00777	0.09927	0.06112	0.07283	0.03100	0.07295	0.00953	0.00490	0.00418	0.00110	0.02637	0.00404	0.00303	0.32609
1	0.01259	0.66116	0.01991	0.00785	0.01132	0.08763	0.00739	0.08709	0.01017	0.05133	0.00690	0.00759	0.00587	0.00392	0.00304	0.00098	0.00479	0.00256	0.00225	0.00566
2	0.00995	0.17861	0.06366	0.43799	0.02119	0.03989	0.03275	0.07029	0.00988	0.04108	0.04960	0.01125	0.00769	0.00443	0.00398	0.00128	0.00526	0.00366	0.00232	0.00524
3	0.00897	0.04584	0.04197	0.00952	0.03879	0.00753	0.16981	0.02701	0.03329	0.01416	0.08336	0.01338	0.05379	0.00434	0.00391	0.00100	0.00409	0.00399	0.00273	0.43252
4	0.00627	0.00489	0.00627	0.00598	0.00727	0.00463	0.02840	0.00826	0.05062	0.02776	0.20625	0.15425	0.28637	0.01297	0.12462	0.00222	0.00381	0.02560	0.00382	0.02976
5	0.00793	0.00397	0.00397	0.00397	0.00496	0.00397	0.00297	0.00991	0.00892	0.01586	0.01388	0.01586	0.01091	0.00496	0.00297	0.00099	0.00198	0.00397	0.87408	0.00397
6	0.00943	0.01022	0.07798	0.16224	0.29087	0.03379	0.09426	0.01206	0.00934	0.01309	0.00927	0.01144	0.04011	0.00403	0.00407	0.00117	0.00501	0.00376	0.00222	0.20564
7	0.03320	0.12563	0.00996	0.00681	0.00914	0.00729	0.00548	0.03688	0.00979	0.27884	0.03285	0.16694	0.01332	0.08254	0.03798	0.00172	0.01835	0.00540	0.00367	0.11422
8	0.00769	0.00507	0.00669	0.00633	0.00716	0.00548	0.00462	0.06536	0.00783	0.05987	0.01206	0.01941	0.01173	0.28512	0.42445	0.05199	0.00774	0.00496	0.00267	0.00376

[dist]
# distance from previous block
# <min> <max>
2	9

[block]
# block no. 3 follows, 62 sequences, length 6
# corresponding to MSA columns:
# 500-505
name=unknown_D
#
# <colnr> <probs for GDERKNQSTAVLIFYWHMCP>
#	G	D	E	R	K	N	Q	S	T	A	V	L	I	F	Y	W	H	M	C	P
0	0.42538	0.03483	0.00949	0.03267	0.03362	0.12416	0.02369	0.08348	0.03220	0.05654	0.00898	0.04834	0.02352	0.00495	0.00390	0.00132	0.04148	0.00347	0.00288	0.00511
1	0.13237	0.01139	0.01380	0.01090	0.01364	0.09792	0.15844	0.24900	0.07220	0.05381	0.00904	0.01020	0.00686	0.00501	0.00565	0.00140	0.13557	0.00381	0.00310	0.00591
2	0.00793	0.00397	0.00397	0.00397	0.00496	0.00397	0.00297	0.00991	0.00892	0.01586	0.01388	0.01586	0.01091	0.00496	0.00297	0.00099	0.00198	0.00397	0.87408	0.00397
3	0.00904	0.00732	0.00900	0.10733	0.01199	0.00629	0.00578	0.01143	0.05473	0.04941	0.00908	0.01156	0.00765	0.08277	0.00513	0.00113	0.00358	0.00323	0.00268	0.60086
4	0.00985	0.12372	0.01244	0.14797	0.11194	0.20123	0.03400	0.01145	0.00948	0.01116	0.01214	0.24783	0.01268	0.00692	0.00435	0.00136	0.00500	0.02909	0.00263	0.00477
5	0.62738	0.00829	0.00814	0.07058	0.09109	0.00915	0.00604	0.01223	0.00776	0.01735	0.00644	0.00783	0.00510	0.00386	0.00297	0.00124	0.00363	0.00259	0.00251	0.10582

[dist]
# distance from previous block
# <min> <max>
0	2

[block]
# block no. 4 follows, 62 sequences, length 9
# corresponding to MSA columns:
# 508-516
name=unknown_E
#
# <colnr> <probs for GDERKNQSTAVLIFYWHMCP>
#	G	D	E	R	K	N	Q	S	T	A	V	L	I	F	Y	W	H	M	C	P
0	0.01132	0.06453	0.03268	0.15644	0.04904	0.15125	0.04479	0.11213	0.03169	0.06070	0.01043	0.11304	0.00943	0.00604	0.00554	0.00140	0.11284	0.01860	0.00280	0.00531
1	0.00793	0.00397	0.00397	0.00397	0.00496	0.00397	0.00297	0.00991	0.00892	0.01586	0.01388	0.01586	0.01091	0.00496	0.00297	0.00099	0.00198	0.00397	0.87408	0.00397
2	0.00990	0.00835	0.01065	0.04393	0.01211	0.02726	0.07203	0.04992	0.03749	0.05613	0.00904	0.03683	0.00745	0.00397	0.00381	0.00090	0.02084	0.00335	0.00277	0.58326
3	0.00985	0.21842	0.11210	0.02696	0.13781	0.13700	0.00852	0.01162	0.00906	0.01120	0.01059	0.15551	0.01078	0.06539	0.02394	0.00159	0.02103	0.02120	0.00240	0.00503
4	0.00860	0.00808	0.01360	0.43974	0.28932	0.00899	0.03532	0.01107	0.00887	0.01186	0.01013	0.04303	0.04271	0.04498	0.00517	0.00151	0.00517	0.00446	0.00217	0.00523
5	0.00931	0.00931	0.01303	0.01117	0.01117	0.01303	0.00931	0.01024	0.00652	0.01024	0.00559	0.00931	0.00559	0.00745	0.01396	0.00186	0.84267	0.00372	0.00186	0.00465
6	0.00813	0.00624	0.00731	0.00707	0.04603	0.02904	0.00509	0.01147	0.13593	0.06944	0.37198	0.05043	0.15090	0.00769	0.00466	0.00131	0.00276	0.00662	0.00417	0.07374
7	0.07334	0.00900	0.01106	0.02503	0.15420	0.04249	0.03235	0.14240	0.15996	0.08715	0.06030	0.10299	0.01240	0.00638	0.02069	0.00144	0.00420	0.00500	0.00355	0.04606
8	0.03768	0.08341	0.01036	0.00738	0.01025	0.02594	0.02120	0.13347	0.02943	0.10069	0.01164	0.14169	0.01054	0.00678	0.04268	0.00135	0.00402	0.00458	0.00326	0.31364

[dist]
# distance from previous block
# <min> <max>
1	34

[block]
# block no. 5 follows, 62 sequences, length 44
# corresponding to MSA columns:
# 551-594
name=unknown_F
#
# <colnr> <probs for GDERKNQSTAVLIFYWHMCP>
#	G	D	E	R	K	N	Q	S	T	A	V	L	I	F	Y	W	H	M	C	P
0	0.16855	0.01353	0.01118	0.01204	0.15830	0.36068	0.00796	0.05211	0.05808	0.01401	0.01994	0.06423	0.00834	0.00506	0.00388	0.00125	0.00549	0.01681	0.00266	0.01589
1	0.01349	0.01059	0.01278	0.08294	0.22301	0.09525	0.00909	0.26098	0.03204	0.13690	0.01116	0.07293	0.00896	0.00527	0.00429	0.00131	0.00482	0.00440	0.00342	0.00637
2	0.00693	0.00558	0.00637	0.00640	0.00766	0.00574	0.00473	0.01133	0.25137	0.01394	0.13080	0.30516	0.18465	0.00989	0.00498	0.00154	0.00266	0.03156	0.00416	0.00455
3	0.00595	0.00435	0.00559	0.00528	0.00632	0.00399	0.00396	0.00790	0.01188	0.01668	0.76843	0.03241	0.09363	0.00884	0.00502	0.00135	0.00202	0.00778	0.00463	0.00399
4	0.00793	0.00397	0.00397	0.00397	0.00496	0.00397	0.00297	0.00991	0.00892	0.01586	0.01388	0.01586	0.01091	0.00496	0.00297	0.00099	0.00198	0.00397	0.87408	0.00397
5	0.01048	0.01006	0.01717	0.04358	0.80688	0.01010	0.01303	0.01301	0.00966	0.01384	0.00799	0.01055	0.00672	0.00380	0.00421	0.00127	0.00507	0.00379	0.00210	0.00670
6	0.00931	0.00931	0.01303	0.01117	0.01117	0.01303	0.00931	0.01024	0.00652	0.01024	0.00559	0.00931	0.00559	0.00745	0.01396	0.00186	0.84267	0.00372	0.00186	0.00465
7	0.00717	0.00382	0.00563	0.00563	0.00571	0.00390	0.00381	0.00581	0.00573	0.00772	0.00821	0.01428	0.00825	0.06839	0.10739	0.72599	0.00457	0.00395	0.00194	0.00211
8	0.00518	0.00370	0.00494	0.00592	0.00617	0.00346	0.00395	0.00592	0.00815	0.01086	0.02345	0.84768	0.02814	0.01333	0.00543	0.00173	0.00247	0.01210	0.00395	0.00346
9	0.00840	0.00793	0.01342	0.72167	0.14503	0.00955	0.01200	0.01119	0.00868	0.01131	0.00763	0.01123	0.00583	0.00419	0.00425	0.00140	0.00558	0.00378	0.00192	0.00502
10	0.79033	0.00916	0.00684	0.00609	0.00871	0.07059	0.00495	0.02516	0.00787	0.03067	0.00620	0.00713	0.00480	0.00402	0.00277	0.00130	0.00364	0.00239	0.00266	0.00471
11	0.00518	0.00370	0.00494	0.00592	0.00617	0.00346	0.00395	0.00592	0.00815	0.01086	0.02345	0.84768	0.02814	0.01333	0.00543	0.00173	0.00247	0.01210	0.00395	0.00346
12	0.00793	0.00397	0.00397	0.00397	0.00496	0.00397	0.00297	0.00991	0.00892	0.01586	0.01388	0.01586	0.01091	0.00496	0.00297	0.00099	0.00198	0.00397	0.87408	0.00397
13	0.01053	0.01011	0.01727	0.02612	0.82392	0.01011	0.01306	0.01306	0.00969	0.01390	0.00800	0.01053	0.00674	0.00379	0.00421	0.00126	0.00505	0.00379	0.00211	0.00674
14	0.01026	0.00972	0.01650	0.02476	0.76353	0.00972	0.01260	0.01274	0.00970	0.01381	0.00908	0.01331	0.00805	0.00438	0.00434	0.00132	0.00497	0.06243	0.00224	0.00653
15	0.70180	0.01047	0.00747	0.00667	0.00925	0.15541	0.00535	0.03705	0.00847	0.01779	0.00617	0.00715	0.00484	0.00406	0.00289	0.00128	0.00411	0.00243	0.00260	0.00474
16	0.00954	0.42563	0.21665	0.02581	0.01232	0.01214	0.00872	0.02234	0.02566	0.01158	0.01108	0.05483	0.07888	0.02269	0.00390	0.00119	0.00459	0.00379	0.00225	0.04642
17	0.13211	0.01047	0.01407	0.03972	0.15197	0.08541	0.14632	0.06680	0.06360	0.12871	0.00939	0.01069	0.00709	0.00467	0.00520	0.00137	0.09916	0.00382	0.00290	0.01655
18	0.00793	0.00397	0.00397	0.00397	0.00496	0.00397	0.00297	0.00991	0.00892	0.01586	0.01388	0.01586	0.01091	0.00496	0.00297	0.00099	0.00198	0.00397	0.87408	0.00397
19	0.00878	0.09358	0.75899	0.01171	0.01777	0.01048	0.01499	0.01341	0.00895	0.01318	0.00749	0.00880	0.00540	0.00401	0.00393	0.00131	0.00614	0.00307	0.00180	0.00622
20	0.00615	0.00426	0.00533	0.00533	0.00557	0.00450	0.00344	0.00663	0.00639	0.00876	0.01278	0.02435	0.01395	0.59366	0.27639	0.00498	0.00641	0.00568	0.00248	0.00296
21	0.00567	0.00417	0.00539	0.00623	0.00668	0.00406	0.00431	0.00732	0.06810	0.01148	0.02295	0.74335	0.02682	0.01269	0.00537	0.00172	0.00261	0.05338	0.00398	0.00372
22	0.00931	0.00931	0.01303	0.01117	0.01117	0.01303	0.00931	0.01024	0.00652	0.01024	0.00559	0.00931	0.00559	0.00745	0.01396	0.00186	0.84267	0.00372	0.00186	0.00465
23	0.00867	0.08307	0.74518	0.01158	0.01752	0.01023	0.01476	0.01327	0.00905	0.01332	0.03077	0.00948	0.00639	0.00415	0.00397	0.00131	0.00604	0.00321	0.00188	0.00616
24	0.00605	0.00447	0.00649	0.00654	0.00718	0.00509	0.00493	0.00735	0.00682	0.00973	0.01220	0.05718	0.01203	0.12685	0.69953	0.00628	0.01013	0.00510	0.00239	0.00364
25	0.01529	0.08373	0.01288	0.01069	0.01290	0.73828	0.00819	0.01640	0.01158	0.01038	0.00649	0.00767	0.00548	0.00445	0.00415	0.00111	0.04047	0.00274	0.00215	0.00496
26	0.00538	0.00385	0.00517	0.00615	0.00649	0.00363	0.00430	0.00627	0.00834	0.01109	0.02334	0.75191	0.02770	0.01314	0.00548	0.00176	0.00264	0.10590	0.00395	0.00351
27	0.00856	0.00800	0.01338	0.72631	0.09942	0.00966	0.02567	0.03720	0.00902	0.01171	0.00771	0.01124	0.00583	0.00423	0.00426	0.00140	0.00561	0.00381	0.00199	0.00501
28	0.00955	0.00903	0.01492	0.34674	0.44949	0.00989	0.01210	0.01290	0.06897	0.01299	0.00852	0.01125	0.00678	0.00412	0.00424	0.00134	0.00517	0.00386	0.00219	0.00594
29	0.00678	0.00487	0.00674	0.00768	0.00868	0.00484	0.00670	0.00870	0.00979	0.01268	0.02344	0.04769	0.05964	0.01171	0.00584	0.00194	0.00384	0.76063	0.00392	0.00390
30	0.00882	0.00756	0.00882	0.00630	0.01008	0.00567	0.00504	0.01071	0.00882	0.01387	0.00756	0.00882	0.00630	0.00315	0.00315	0.00063	0.00315	0.00252	0.00252	0.87647
31	0.00853	0.02201	0.82841	0.01213	0.01842	0.00988	0.01572	0.01348	0.00898	0.01348	0.00764	0.00898	0.00539	0.00404	0.00404	0.00135	0.00629	0.00314	0.00180	0.00629
32	0.00793	0.00397	0.00397	0.00397	0.00496	0.00397	0.00297	0.00991	0.00892	0.01586	0.01388	0.01586	0.01091	0.00496	0.00297	0.00099	0.00198	0.00397	0.87408	0.00397
33	0.00962	0.00886	0.00952	0.04489	0.01056	0.18300	0.08178	0.05368	0.00978	0.02890	0.10969	0.07782	0.07306	0.03180	0.04611	0.20385	0.00498	0.00524	0.00285	0.00403
34	0.00749	0.00505	0.00578	0.00550	0.00583	0.02411	0.00351	0.05130	0.00713	0.02551	0.01188	0.02284	0.01294	0.58036	0.04583	0.15139	0.02263	0.00541	0.00257	0.00295
35	0.00613	0.00424	0.00528	0.00531	0.00553	0.00445	0.00340	0.00659	0.00642	0.00878	0.01306	0.04369	0.01437	0.59446	0.25591	0.00485	0.00619	0.00585	0.00252	0.00295
36	0.01361	0.00830	0.00955	0.00788	0.01042	0.02966	0.00636	0.26094	0.06992	0.26036	0.15670	0.04796	0.04433	0.00665	0.00454	0.00136	0.00368	0.04708	0.00454	0.00614
37	0.00969	0.00913	0.01525	0.31401	0.41930	0.00987	0.04942	0.03861	0.04523	0.01348	0.02962	0.01165	0.00751	0.00421	0.00429	0.00134	0.00521	0.00399	0.00227	0.00592
38	0.01153	0.01264	0.01094	0.00965	0.01143	0.36455	0.06620	0.05962	0.04599	0.01159	0.00927	0.01275	0.00826	0.08894	0.22421	0.00296	0.03843	0.00389	0.00245	0.00468
39	0.80192	0.00817	0.00693	0.04520	0.00947	0.00943	0.02196	0.01231	0.00738	0.01841	0.00644	0.02550	0.00521	0.00416	0.00282	0.00133	0.00347	0.00264	0.00262	0.00461
40	0.00686	0.00671	0.08562	0.00821	0.06842	0.00598	0.00616	0.00883	0.04196	0.01060	0.03276	0.01892	0.01204	0.24914	0.41372	0.00478	0.00786	0.00490	0.00245	0.00405
41	0.00793	0.00397	0.00397	0.00397	0.00496	0.00397	0.00297	0.00991	0.00892	0.01586	0.01388	0.01586	0.01091	0.00496	0.00297	0.00099	0.00198	0.00397	0.87408	0.00397
42	0.01324	0.01143	0.07208	0.00951	0.01275	0.06812	0.04747	0.30795	0.18403	0.09090	0.01207	0.01287	0.00904	0.00512	0.00420	0.00128	0.00454	0.02975	0.02864	0.07502
43	0.01420	0.01519	0.01414	0.01163	0.01434	0.44478	0.17667	0.08811	0.01208	0.09024	0.00956	0.07159	0.00801	0.00503	0.00429	0.00125	0.00652	0.00416	0.00279	0.00542

[dist]
# distance from previous block
# <min> <max>
0	1

[block]
# block no. 6 follows, 62 sequences, length 10
# corresponding to MSA columns:
# 596-605
name=unknown_G
#
# <colnr> <probs for GDERKNQSTAVLIFYWHMCP>
#	G	D	E	R	K	N	Q	S	T	A	V	L	I	F	Y	W	H	M	C	P
0	0.04674	0.36039	0.12135	0.00784	0.01174	0.01188	0.00768	0.07699	0.05313	0.01369	0.00756	0.00843	0.00620	0.00380	0.00322	0.00096	0.00428	0.00272	0.00238	0.24901
1	0.00932	0.25042	0.60685	0.01080	0.01636	0.01179	0.01340	0.01327	0.00889	0.01252	0.00716	0.00839	0.00541	0.00393	0.00368	0.00123	0.00581	0.00291	0.00180	0.00606
2	0.00793	0.00397	0.00397	0.00397	0.00496	0.00397	0.00297	0.00991	0.00892	0.01586	0.01388	0.01586	0.01091	0.00496	0.00297	0.00099	0.00198	0.00397	0.87408	0.00397
3	0.00706	0.00644	0.00907	0.00840	0.00961	0.05523	0.12323	0.00843	0.00884	0.01154	0.01961	0.47697	0.06220	0.01037	0.00567	0.00162	0.04892	0.08648	0.00341	0.03690
4	0.00609	0.00450	0.00654	0.00654	0.00719	0.00516	0.00494	0.00741	0.00675	0.00966	0.01167	0.01824	0.01130	0.14371	0.72271	0.00647	0.01040	0.00478	0.00232	0.00363
5	0.00763	0.00533	0.00825	0.03892	0.00941	0.00515	0.09354	0.00884	0.00872	0.10590	0.01986	0.52808	0.04455	0.06160	0.00644	0.00178	0.02876	0.00939	0.00368	0.00418
6	0.00931	0.00931	0.01303	0.01117	0.01117	0.01303	0.00931	0.01024	0.00652	0.01024	0.00559	0.00931	0.00559	0.00745	0.01396	0.00186	0.84267	0.00372	0.00186	0.00465
7	0.00605	0.00481	0.00565	0.00525	0.00678	0.00408	0.00392	0.00752	0.01007	0.01363	0.28732	0.15465	0.30265	0.00914	0.00475	0.00131	0.00233	0.00789	0.00394	0.15827
8	0.01087	0.45649	0.01804	0.12799	0.13872	0.03123	0.00870	0.05511	0.04674	0.01229	0.03176	0.00945	0.00719	0.00408	0.00343	0.00109	0.00470	0.00310	0.00223	0.02681
9	0.05685	0.08482	0.18757	0.00775	0.01189	0.00799	0.00765	0.01157	0.00869	0.01362	0.00729	0.00859	0.00592	0.00356	0.00359	0.00088	0.02847	0.00266	0.00229	0.53833

[dist]
# distance from previous block
# <min> <max>
0	2

[block]
# block no. 7 follows, 62 sequences, length 9
# corresponding to MSA columns:
# 608,609,612-618
name=unknown_H
#
# <colnr> <probs for GDERKNQSTAVLIFYWHMCP>
#	G	D	E	R	K	N	Q	S	T	A	V	L	I	F	Y	W	H	M	C	P
0	0.01037	0.00966	0.04166	0.27230	0.39794	0.01006	0.03454	0.05677	0.00983	0.05511	0.00831	0.01087	0.00652	0.00429	0.00481	0.00136	0.05346	0.00383	0.00230	0.00601
1	0.00765	0.00591	0.00792	0.10656	0.04390	0.00589	0.03257	0.06767	0.03672	0.05517	0.11315	0.21295	0.26934	0.00896	0.00487	0.00146	0.00322	0.00782	0.00375	0.00450
2	0.03565	0.00908	0.08119	0.10025	0.12190	0.00743	0.03834	0.03781	0.00976	0.06462	0.06836	0.01270	0.04099	0.00437	0.00386	0.00106	0.00406	0.00375	0.00276	0.35205
3	0.00917	0.03655	0.36391	0.05381	0.02874	0.03292	0.03779	0.02803	0.00943	0.05327	0.03333	0.10038	0.00947	0.00510	0.00406	0.00123	0.00491	0.00428	0.01675	0.16686
4	0.00793	0.00397	0.00397	0.00397	0.00496	0.00397	0.00297	0.00991	0.00892	0.01586	0.01388	0.01586	0.01091	0.00496	0.00297	0.00099	0.00198	0.00397	0.87408	0.00397
5	0.02881	0.01097	0.22847	0.00792	0.01163	0.00698	0.00784	0.03074	0.05550	0.01383	0.01199	0.09306	0.05096	0.02956	0.00438	0.00118	0.00397	0.02009	0.00272	0.37941
6	0.01104	0.24293	0.03417	0.02794	0.02843	0.12625	0.00762	0.04295	0.00864	0.04404	0.00705	0.00952	0.00626	0.00738	0.02495	0.16036	0.20044	0.00321	0.00214	0.00468
7	0.00608	0.00456	0.00684	0.00684	0.00760	0.00532	0.00532	0.00760	0.00684	0.00988	0.01140	0.01672	0.01064	0.03191	0.83360	0.00684	0.01140	0.00456	0.00228	0.00380
8	0.01150	0.19974	0.17745	0.07369	0.13154	0.16205	0.05635	0.03168	0.06563	0.03992	0.00820	0.00949	0.00643	0.00415	0.00384	0.00121	0.00566	0.00329	0.00229	0.00586

[dist]
# distance from previous block
# <min> <max>
0	1

[block]
# block no. 8 follows, 62 sequences, length 17
# corresponding to MSA columns:
# 620-636
name=unknown_I
#
# <colnr> <probs for GDERKNQSTAVLIFYWHMCP>
#	G	D	E	R	K	N	Q	S	T	A	V	L	I	F	Y	W	H	M	C	P
0	0.00880	0.00803	0.01318	0.40915	0.15330	0.02959	0.08331	0.01136	0.00934	0.03357	0.03702	0.03754	0.01069	0.00570	0.00462	0.00147	0.00523	0.13055	0.00251	0.00504
1	0.88052	0.00823	0.00625	0.00560	0.00823	0.00955	0.00461	0.01251	0.00724	0.01909	0.00592	0.00691	0.00461	0.00395	0.00263	0.00132	0.00329	0.00230	0.00263	0.00461
2	0.00619	0.00413	0.00464	0.00464	0.00464	0.00413	0.00258	0.00619	0.00619	0.00825	0.01341	0.02785	0.01547	0.85046	0.02166	0.00413	0.00413	0.00619	0.00258	0.00258
3	0.00793	0.00397	0.00397	0.00397	0.00496	0.00397	0.00297	0.00991	0.00892	0.01586	0.01388	0.01586	0.01091	0.00496	0.00297	0.00099	0.00198	0.00397	0.87408	0.00397
4	0.01008	0.00842	0.02483	0.08195	0.13181	0.00753	0.00739	0.06743	0.00983	0.06529	0.02163	0.01050	0.00732	0.01984	0.00438	0.00102	0.03751	0.00323	0.00270	0.47733
5	0.00753	0.06744	0.08181	0.04620	0.02416	0.04383	0.01975	0.02453	0.00873	0.02734	0.01706	0.49968	0.01923	0.00989	0.00556	0.00158	0.06570	0.02241	0.00325	0.00432
6	0.88052	0.00823	0.00625	0.00560	0.00823	0.00955	0.00461	0.01251	0.00724	0.01909	0.00592	0.00691	0.00461	0.00395	0.00263	0.00132	0.00329	0.00230	0.00263	0.00461
7	0.01000	0.03480	0.00930	0.00664	0.01014	0.00630	0.00538	0.02821	0.03161	0.09806	0.00971	0.03252	0.00810	0.00406	0.00346	0.00082	0.00329	0.03036	0.00295	0.66428
8	0.03936	0.03227	0.03730	0.11061	0.03508	0.15008	0.05454	0.14003	0.07352	0.05325	0.03769	0.07964	0.06176	0.00625	0.00459	0.00138	0.02164	0.05243	0.00320	0.00537
9	0.00793	0.00397	0.00397	0.00397	0.00496	0.00397	0.00297	0.00991	0.00892	0.01586	0.01388	0.01586	0.01091	0.00496	0.00297	0.00099	0.00198	0.00397	0.87408	0.00397
10	0.01271	0.03730	0.01223	0.07322	0.18896	0.00871	0.00815	0.12414	0.05176	0.20438	0.01060	0.01117	0.00777	0.00428	0.00392	0.00112	0.00413	0.00359	0.00333	0.22855
11	0.01089	0.03447	0.01434	0.21056	0.34968	0.18003	0.02563	0.03389	0.01006	0.01261	0.00853	0.05069	0.00735	0.00454	0.00414	0.00127	0.00555	0.00396	0.02619	0.00562
12	0.00952	0.00916	0.01581	0.34790	0.47697	0.00988	0.04487	0.01222	0.00924	0.01269	0.00785	0.01089	0.00631	0.00397	0.00426	0.00133	0.00539	0.00384	0.00202	0.00590
13	0.00931	0.00931	0.01303	0.01117	0.01117	0.01303	0.00931	0.01024	0.00652	0.01024	0.00559	0.00931	0.00559	0.00745	0.01396	0.00186	0.84267	0.00372	0.00186	0.00465
14	0.00708	0.00545	0.00609	0.00567	0.00694	0.04552	0.00429	0.03065	0.01167	0.04363	0.55594	0.03130	0.17985	0.02639	0.00528	0.00141	0.00253	0.02179	0.00438	0.00415
15	0.00911	0.00888	0.01402	0.56896	0.25616	0.04749	0.01201	0.01178	0.00901	0.01172	0.00764	0.01094	0.00597	0.00413	0.00422	0.00136	0.00559	0.00374	0.00197	0.00531
16	0.00980	0.00973	0.05304	0.31093	0.45074	0.00978	0.04484	0.01256	0.00933	0.03695	0.00812	0.01090	0.00640	0.00400	0.00425	0.00133	0.00537	0.00382	0.00211	0.00599

[dist]
# distance from previous block
# <min> <max>
0	3

[block]
# block no. 9 follows, 62 sequences, length 15
# corresponding to MSA columns:
# 640-654
name=unknown_J
#
# <colnr> <probs for GDERKNQSTAVLIFYWHMCP>
#	G	D	E	R	K	N	Q	S	T	A	V	L	I	F	Y	W	H	M	C	P
0	0.02717	0.00708	0.02116	0.09732	0.14002	0.02942	0.01954	0.02146	0.06672	0.05683	0.20549	0.06755	0.15403	0.00745	0.00470	0.00141	0.00360	0.06055	0.00357	0.00492
1	0.00785	0.00473	0.00601	0.00608	0.00731	0.00425	0.00459	0.00905	0.00951	0.14774	0.05288	0.34776	0.20125	0.02862	0.00549	0.00164	0.00284	0.12250	0.00413	0.02578
2	0.00793	0.00397	0.00397	0.00397	0.00496	0.00397	0.00297	0.00991	0.00892	0.01586	0.01388	0.01586	0.01091	0.00496	0.00297	0.00099	0.00198	0.00397	0.87408	0.00397
3	0.00911	0.03362	0.05193	0.05952	0.04832	0.00754	0.18640	0.01133	0.00899	0.03921	0.03292	0.02319	0.00823	0.03050	0.04543	0.04002	0.00490	0.00384	0.00246	0.35252
4	0.00842	0.09422	0.00917	0.10376	0.02517	0.05523	0.00593	0.06369	0.00895	0.03559	0.01374	0.23790	0.01437	0.14394	0.13065	0.00263	0.00517	0.00631	0.03091	0.00426
5	0.00615	0.00448	0.00660	0.00660	0.00727	0.00515	0.00503	0.00739	0.00672	0.00963	0.01136	0.01739	0.01085	0.09446	0.73055	0.04938	0.01046	0.00464	0.00228	0.00361
6	0.00587	0.00403	0.00527	0.00588	0.00638	0.00381	0.00409	0.00678	0.00847	0.03522	0.07391	0.56203	0.07278	0.09088	0.04342	0.00214	0.00309	0.05854	0.00383	0.00357
7	0.01394	0.00836	0.00926	0.00786	0.01036	0.07012	0.00622	0.03426	0.25438	0.35945	0.05589	0.03601	0.01276	0.00742	0.05753	0.00169	0.00420	0.00468	0.03930	0.00631
8	0.88052	0.00823	0.00625	0.00560	0.00823	0.00955	0.00461	0.01251	0.00724	0.01909	0.00592	0.00691	0.00461	0.00395	0.00263	0.00132	0.00329	0.00230	0.00263	0.00461
9	0.00614	0.00413	0.00463	0.00463	0.00469	0.00410	0.00261	0.00618	0.00634	0.00839	0.01465	0.02840	0.04935	0.81519	0.02096	0.00401	0.00404	0.00631	0.00264	0.00262
10	0.00793	0.00397	0.00397	0.00397	0.00496	0.00397	0.00297	0.00991	0.00892	0.01586	0.01388	0.01586	0.01091	0.00496	0.00297	0.00099	0.00198	0.00397	0.87408	0.00397
11	0.00921	0.00763	0.00911	0.00722	0.04589	0.00602	0.00543	0.03669	0.00936	0.03633	0.00981	0.01081	0.04989	0.00371	0.00336	0.00074	0.00324	0.00301	0.00271	0.73981
12	0.01023	0.25157	0.07734	0.01188	0.18209	0.05713	0.03128	0.02694	0.00956	0.06326	0.02910	0.18884	0.01214	0.00624	0.00410	0.00128	0.00447	0.02439	0.00274	0.00542
13	0.88052	0.00823	0.00625	0.00560	0.00823	0.00955	0.00461	0.01251	0.00724	0.01909	0.00592	0.00691	0.00461	0.00395	0.00263	0.00132	0.00329	0.00230	0.00263	0.00461
14	0.00988	0.00801	0.01144	0.20813	0.17833	0.00790	0.00850	0.07457	0.00994	0.06602	0.00997	0.06670	0.00864	0.02307	0.00440	0.00122	0.00428	0.02224	0.00273	0.27405

[dist]
# distance from previous block
# <min> <max>
5	7

[block]
# block no. 10 follows, 62 sequences, length 6
# corresponding to MSA columns:
# 662-664,666-668
name=unknown_K
#
# <colnr> <probs for GDERKNQSTAVLIFYWHMCP>
#	G	D	E	R	K	N	Q	S	T	A	V	L	I	F	Y	W	H	M	C	P
0	0.00931	0.00931	0.01303	0.01117	0.01117	0.01303	0.00931	0.01024	0.00652	0.01024	0.00559	0.00931	0.00559	0.00745	0.01396	0.00186	0.84267	0.00372	0.00186	0.00465
1	0.00927	0.00727	0.00853	0.00623	0.00978	0.00554	0.00498	0.01108	0.00915	0.07451	0.01122	0.01193	0.07478	0.00395	0.00339	0.00075	0.00310	0.00319	0.00285	0.73850
2	0.03150	0.01020	0.05437	0.20513	0.39232	0.03166	0.04582	0.04448	0.00969	0.03459	0.00801	0.01045	0.00638	0.00413	0.00456	0.00130	0.04155	0.00368	0.00224	0.05794
3	0.00837	0.00549	0.00678	0.00609	0.00702	0.00556	0.00427	0.07494	0.04680	0.03296	0.01044	0.01735	0.01032	0.28530	0.04363	0.30243	0.02718	0.00449	0.00259	0.09799
4	0.03355	0.07955	0.14925	0.02504	0.05595	0.08983	0.02996	0.07731	0.11217	0.03600	0.07559	0.07134	0.03216	0.00614	0.02422	0.00138	0.00470	0.00451	0.00301	0.08833
5	0.03700	0.06396	0.04734	0.04361	0.04567	0.00702	0.00617	0.03227	0.06752	0.09081	0.08249	0.12088	0.10488	0.02270	0.01995	0.00137	0.00357	0.00546	0.00335	0.19398

[dist]
# distance from previous block
# <min> <max>
4	13

[block]
# block no. 11 follows, 62 sequences, length 7
# corresponding to MSA columns:
# 682-688
name=unknown_L
#
# <colnr> <probs for GDERKNQSTAVLIFYWHMCP>
#	G	D	E	R	K	N	Q	S	T	A	V	L	I	F	Y	W	H	M	C	P
0	0.00870	0.03463	0.03213	0.00819	0.06590	0.03851	0.01989	0.01073	0.03149	0.08597	0.21145	0.10388	0.10908	0.00790	0.02641	0.00143	0.03402	0.02754	0.00356	0.13858
1	0.03061	0.00889	0.05286	0.31604	0.17740	0.00901	0.00997	0.10051	0.02965	0.11130	0.01183	0.04103	0.05478	0.00529	0.00453	0.01864	0.00477	0.00438	0.00286	0.00566
2	0.05666	0.04078	0.08368	0.00868	0.03986	0.03505	0.07234	0.08086	0.01088	0.12673	0.12797	0.01897	0.15043	0.00784	0.05975	0.00165	0.00446	0.00512	0.00343	0.06486
3	0.00989	0.05337	0.17663	0.11225	0.20550	0.03692	0.05567	0.01244	0.00941	0.09501	0.03328	0.11659	0.01064	0.04759	0.00519	0.00149	0.00496	0.00493	0.00266	0.00558
4	0.14179	0.01101	0.10642	0.12461	0.13220	0.08463	0.05441	0.01324	0.03872	0.05596	0.04336	0.01073	0.00777	0.00420	0.00383	0.00120	0.00478	0.00348	0.00256	0.15509
5	0.05403	0.17690	0.05279	0.08186	0.10357	0.00999	0.05338	0.04242	0.07945	0.08509	0.04450	0.01206	0.00895	0.04948	0.00471	0.00131	0.00436	0.00370	0.00279	0.12863
6	0.02836	0.09596	0.12131	0.05097	0.06890	0.03880	0.06220	0.02588	0.03908	0.08907	0.00961	0.05490	0.00800	0.00569	0.03683	0.00138	0.04104	0.00381	0.00265	0.21555

[dist]
# distance from previous block
# <min> <max>
3	143

# created by:
# /home/cegg/simao/soft/augustus-3.2.1/scripts/msa2prfl.pl ./align_prep/EOG092C59NU.fa
