[name]
unknown

[dist]
# distance from previous block
# <min> <max>
0	211

[block]
# block no. 0 follows, 64 sequences, length 17
# corresponding to MSA columns:
# 211-227
name=unknown_A
#
# <colnr> <probs for GDERKNQSTAVLIFYWHMCP>
#	G	D	E	R	K	N	Q	S	T	A	V	L	I	F	Y	W	H	M	C	P
0	0.03034	0.20608	0.01346	0.00833	0.01146	0.01163	0.00720	0.39013	0.01438	0.17549	0.01121	0.01320	0.00872	0.00524	0.00392	0.00123	0.00425	0.07367	0.00373	0.00633
1	0.00735	0.00410	0.00458	0.00481	0.00569	0.00410	0.00375	0.00911	0.00867	0.01412	0.01547	0.02379	0.01412	0.08126	0.00517	0.00146	0.00256	0.18878	0.59739	0.00374
2	0.00892	0.00688	0.00821	0.00628	0.00908	0.00574	0.00488	0.08017	0.00883	0.01318	0.00757	0.00966	0.00648	0.00588	0.00622	0.20447	0.00333	0.00284	0.00246	0.59891
3	0.00713	0.00462	0.00610	0.00592	0.00711	0.00429	0.00471	0.00900	0.01112	0.08716	0.52116	0.03374	0.08018	0.00901	0.00503	0.00145	0.00254	0.19117	0.00441	0.00415
4	0.01090	0.01035	0.00891	0.00778	0.00963	0.24134	0.00600	0.19738	0.01356	0.01703	0.40523	0.01950	0.02218	0.00649	0.00440	0.00123	0.00413	0.00527	0.00379	0.00490
5	0.00814	0.00726	0.01144	0.35951	0.23225	0.00787	0.00918	0.01010	0.00811	0.01106	0.00882	0.01438	0.00808	0.20109	0.00799	0.00189	0.00481	0.00413	0.00211	0.08178
6	0.02277	0.00864	0.01116	0.20279	0.01557	0.00973	0.05613	0.20121	0.25582	0.01680	0.01395	0.01756	0.03986	0.00589	0.00442	0.00143	0.00435	0.10278	0.00344	0.00570
7	0.88336	0.00803	0.00611	0.00546	0.00803	0.00932	0.00450	0.01221	0.00707	0.01864	0.00578	0.00675	0.00450	0.00386	0.00257	0.00129	0.00321	0.00225	0.00257	0.00450
8	0.01006	0.00965	0.01647	0.09845	0.75685	0.00981	0.01264	0.01256	0.00936	0.01331	0.00777	0.01035	0.00649	0.00374	0.00412	0.00125	0.00499	0.00370	0.00204	0.00640
9	0.00587	0.00620	0.10760	0.00643	0.00777	0.00441	0.00536	0.00745	0.00898	0.01250	0.20634	0.50640	0.02617	0.01025	0.00491	0.00149	0.00281	0.00917	0.00368	0.05624
10	0.00732	0.00401	0.00452	0.00452	0.00544	0.00418	0.00343	0.00915	0.00824	0.01413	0.01299	0.01568	0.01059	0.01094	0.19652	0.00229	0.00407	0.00401	0.67413	0.00383
11	0.00737	0.00782	0.00596	0.00571	0.00729	0.19694	0.00429	0.00843	0.01000	0.01098	0.03381	0.03244	0.63596	0.00907	0.00464	0.00133	0.00335	0.00735	0.00346	0.00381
12	0.00785	0.01494	0.48963	0.04898	0.01460	0.00816	0.01122	0.01251	0.09105	0.01440	0.22769	0.01552	0.01511	0.00534	0.00424	0.00133	0.00470	0.00445	0.00276	0.00552
13	0.00683	0.00533	0.00633	0.00589	0.00722	0.00537	0.00447	0.01098	0.19919	0.01635	0.56947	0.02821	0.10212	0.00801	0.00474	0.00134	0.00228	0.00697	0.00443	0.00450
14	0.01045	0.10359	0.11786	0.00924	0.05513	0.02639	0.01760	0.04102	0.28777	0.06096	0.01126	0.01169	0.00867	0.00446	0.00376	0.00113	0.00401	0.01308	0.00309	0.20882
15	0.00876	0.00725	0.00951	0.00931	0.12636	0.00661	0.00632	0.04345	0.05139	0.02888	0.02223	0.01152	0.00818	0.01002	0.19696	0.00220	0.00527	0.00338	0.00259	0.43982
16	0.01025	0.12026	0.17184	0.00986	0.08316	0.03547	0.00848	0.11855	0.13287	0.05174	0.19924	0.01516	0.01483	0.00538	0.00409	0.00125	0.00414	0.00441	0.00328	0.00574

[dist]
# distance from previous block
# <min> <max>
0	3

[block]
# block no. 1 follows, 64 sequences, length 15
# corresponding to MSA columns:
# 231-245
name=unknown_B
#
# <colnr> <probs for GDERKNQSTAVLIFYWHMCP>
#	G	D	E	R	K	N	Q	S	T	A	V	L	I	F	Y	W	H	M	C	P
0	0.01521	0.00739	0.00931	0.00708	0.01029	0.00648	0.00579	0.09366	0.01162	0.50075	0.01336	0.01244	0.00897	0.00459	0.00382	0.00110	0.00342	0.00369	0.05691	0.22412
1	0.22471	0.00533	0.00555	0.00535	0.00612	0.00582	0.00373	0.00800	0.00674	0.01136	0.03375	0.02209	0.02674	0.47127	0.03759	0.02237	0.04475	0.05281	0.00263	0.00326
2	0.22368	0.00512	0.00473	0.00464	0.00625	0.00494	0.00354	0.00750	0.00876	0.01302	0.03159	0.09299	0.56139	0.00905	0.00436	0.00139	0.00240	0.00737	0.00354	0.00374
3	0.01579	0.01163	0.01247	0.00956	0.01288	0.01288	0.00789	0.81426	0.01953	0.02618	0.00997	0.00997	0.00706	0.00499	0.00416	0.00125	0.00457	0.00374	0.00416	0.00706
4	0.01090	0.01790	0.62758	0.01073	0.01614	0.00876	0.01305	0.01492	0.00955	0.21682	0.00968	0.01011	0.00651	0.00424	0.00400	0.00131	0.00549	0.00335	0.00260	0.00637
5	0.00947	0.01007	0.07402	0.09213	0.01501	0.06057	0.21732	0.10919	0.11120	0.01486	0.09436	0.03870	0.12296	0.00578	0.00452	0.00135	0.00479	0.00530	0.00309	0.00528
6	0.00506	0.00361	0.00482	0.00578	0.00602	0.00337	0.00386	0.00578	0.00795	0.01060	0.02289	0.85131	0.02747	0.01301	0.00530	0.00169	0.00241	0.01181	0.00386	0.00337
7	0.00748	0.00410	0.00457	0.00481	0.00578	0.00410	0.00385	0.00941	0.00892	0.01473	0.01565	0.02330	0.01395	0.00649	0.00361	0.00120	0.00241	0.20217	0.65961	0.00386
8	0.00567	0.00500	0.00630	0.21338	0.01136	0.00494	0.00527	0.00718	0.00925	0.01124	0.05732	0.03250	0.59801	0.00887	0.00472	0.00140	0.00295	0.00746	0.00338	0.00379
9	0.88336	0.00803	0.00611	0.00546	0.00803	0.00932	0.00450	0.01221	0.00707	0.01864	0.00578	0.00675	0.00450	0.00386	0.00257	0.00129	0.00321	0.00225	0.00257	0.00450
10	0.01046	0.00467	0.00531	0.00475	0.00627	0.00443	0.00370	0.01231	0.00950	0.21857	0.01426	0.01515	0.01056	0.00491	0.00322	0.00105	0.00233	0.00395	0.65994	0.00467
11	0.78903	0.00842	0.00680	0.00591	0.00856	0.00971	0.00487	0.09942	0.00842	0.01946	0.00624	0.00710	0.00478	0.00398	0.00274	0.00128	0.00336	0.00241	0.00274	0.00478
12	0.00847	0.00608	0.00824	0.01002	0.21125	0.00551	0.00602	0.00996	0.00986	0.14428	0.02939	0.02840	0.49037	0.00795	0.00459	0.00134	0.00304	0.00676	0.00362	0.00485
13	0.00858	0.21621	0.00833	0.00468	0.00629	0.00700	0.00395	0.01037	0.00864	0.01406	0.01161	0.01329	0.00932	0.00452	0.00284	0.00095	0.00256	0.00346	0.65910	0.00423
14	0.00702	0.00616	0.00875	0.00693	0.00930	0.00521	0.11392	0.00893	0.00994	0.01388	0.26475	0.02358	0.22048	0.00663	0.00433	0.00113	0.00303	0.00590	0.00340	0.27672

[dist]
# distance from previous block
# <min> <max>
0	5

[block]
# block no. 2 follows, 64 sequences, length 13
# corresponding to MSA columns:
# 251-263
name=unknown_C
#
# <colnr> <probs for GDERKNQSTAVLIFYWHMCP>
#	G	D	E	R	K	N	Q	S	T	A	V	L	I	F	Y	W	H	M	C	P
0	0.01011	0.00969	0.01655	0.08302	0.77192	0.00982	0.01266	0.01260	0.00938	0.01336	0.00778	0.01034	0.00651	0.00373	0.00412	0.00124	0.00498	0.00370	0.00204	0.00644
1	0.00892	0.00844	0.01371	0.05298	0.60311	0.00835	0.01045	0.01107	0.00941	0.01290	0.01585	0.01729	0.19918	0.00532	0.00430	0.00128	0.00429	0.00489	0.00247	0.00578
2	0.00806	0.00510	0.00595	0.00552	0.00626	0.00595	0.00436	0.00975	0.00816	0.01420	0.01165	0.01398	0.00943	0.00541	0.00542	0.00117	0.20037	0.00382	0.67141	0.00403
3	0.00861	0.00738	0.00861	0.00615	0.00984	0.00554	0.00492	0.01046	0.00861	0.01354	0.00738	0.00861	0.00615	0.00308	0.00308	0.00062	0.00308	0.00246	0.00246	0.87941
4	0.00632	0.00393	0.00474	0.00474	0.00474	0.00393	0.00277	0.00589	0.00589	0.00786	0.01171	0.02376	0.01325	0.65674	0.01999	0.20966	0.00393	0.00547	0.00235	0.00235
5	0.21961	0.25152	0.13819	0.00785	0.04524	0.01019	0.00724	0.03122	0.00932	0.02919	0.19913	0.01310	0.01326	0.00492	0.00349	0.00118	0.00383	0.00374	0.00275	0.00505
6	0.01790	0.01006	0.01014	0.00817	0.01113	0.20143	0.00656	0.01938	0.01186	0.63811	0.01405	0.01258	0.00912	0.00494	0.00408	0.00123	0.00446	0.00382	0.00444	0.00654
7	0.00492	0.00418	0.00424	0.00428	0.00563	0.00350	0.00319	0.00595	0.00940	0.01119	0.04121	0.07691	0.79005	0.01063	0.00493	0.00142	0.00212	0.00890	0.00386	0.00350
8	0.01164	0.21077	0.01532	0.04030	0.01337	0.19331	0.11534	0.03283	0.21100	0.02665	0.00933	0.01022	0.00743	0.00463	0.00468	0.00124	0.08025	0.00354	0.00262	0.00553
9	0.00537	0.00434	0.00485	0.00506	0.00634	0.00382	0.00402	0.00667	0.00959	0.01175	0.07266	0.04119	0.60239	0.01065	0.00510	0.00152	0.00250	0.19467	0.00388	0.00360
10	0.00583	0.00494	0.00533	0.00477	0.00665	0.00400	0.00363	0.00711	0.00933	0.01202	0.07339	0.06028	0.56568	0.00875	0.00449	0.00122	0.00234	0.00733	0.00357	0.20934
11	0.01280	0.01550	0.01039	0.01029	0.05201	0.60000	0.00728	0.01386	0.01076	0.01044	0.01036	0.20591	0.01061	0.00630	0.00413	0.00122	0.00617	0.00487	0.00254	0.00456
12	0.00508	0.00368	0.00480	0.00565	0.00600	0.00340	0.00381	0.00586	0.00818	0.01084	0.05026	0.76771	0.08400	0.01269	0.00526	0.00165	0.00237	0.01146	0.00388	0.00340

[dist]
# distance from previous block
# <min> <max>
0	3

[block]
# block no. 3 follows, 64 sequences, length 9
# corresponding to MSA columns:
# 267-275
name=unknown_D
#
# <colnr> <probs for GDERKNQSTAVLIFYWHMCP>
#	G	D	E	R	K	N	Q	S	T	A	V	L	I	F	Y	W	H	M	C	P
0	0.00525	0.00382	0.00495	0.00551	0.00603	0.00352	0.00381	0.00630	0.00901	0.01213	0.22047	0.58035	0.10009	0.01169	0.00517	0.00157	0.00227	0.01049	0.00403	0.00352
1	0.00916	0.13448	0.33923	0.00968	0.01361	0.02531	0.07999	0.05353	0.03033	0.04076	0.20760	0.01449	0.01408	0.00510	0.00410	0.00125	0.00474	0.00429	0.00278	0.00550
2	0.03664	0.01004	0.01231	0.01257	0.18440	0.03794	0.03970	0.20989	0.30575	0.08825	0.01228	0.01227	0.00911	0.00485	0.00415	0.00131	0.00425	0.00408	0.00363	0.00658
3	0.01126	0.15235	0.15827	0.01219	0.04361	0.21276	0.20587	0.01366	0.00961	0.03808	0.00772	0.01008	0.00634	0.02586	0.00504	0.00132	0.06142	0.01709	0.00212	0.00536
4	0.00929	0.00533	0.00677	0.00598	0.00764	0.00498	0.00463	0.01194	0.08402	0.21480	0.47312	0.04949	0.08967	0.00770	0.00467	0.00133	0.00249	0.00666	0.00461	0.00488
5	0.01231	0.00959	0.01030	0.00864	0.01130	0.01077	0.00689	0.30297	0.46784	0.04690	0.05607	0.01429	0.01197	0.00554	0.00423	0.00134	0.00368	0.00448	0.00425	0.00663
6	0.00897	0.00867	0.01172	0.00975	0.01065	0.01097	0.00807	0.01011	0.00691	0.01086	0.00592	0.00897	0.00562	0.00625	0.01106	0.00152	0.64068	0.00335	0.00197	0.21798
7	0.00844	0.00799	0.01353	0.64435	0.22365	0.00938	0.01183	0.01113	0.00859	0.01133	0.00749	0.01088	0.00579	0.00404	0.00414	0.00135	0.00539	0.00369	0.00190	0.00509
8	0.00835	0.00615	0.00783	0.00712	0.00840	0.00693	0.00552	0.20409	0.00973	0.01348	0.01108	0.01610	0.01015	0.12543	0.53437	0.00503	0.00866	0.00447	0.00273	0.00438

[dist]
# distance from previous block
# <min> <max>
0	3

[block]
# block no. 4 follows, 64 sequences, length 90
# corresponding to MSA columns:
# 279-368
name=unknown_E
#
# <colnr> <probs for GDERKNQSTAVLIFYWHMCP>
#	G	D	E	R	K	N	Q	S	T	A	V	L	I	F	Y	W	H	M	C	P
0	0.15069	0.01028	0.01080	0.00849	0.01151	0.01131	0.00698	0.57984	0.02731	0.06769	0.06612	0.01122	0.00913	0.00507	0.00396	0.00126	0.00411	0.00380	0.00399	0.00644
1	0.00691	0.00424	0.00488	0.00473	0.00495	0.00417	0.00276	0.00702	0.00644	0.06490	0.01332	0.02628	0.01477	0.79538	0.01997	0.00384	0.00399	0.00591	0.00270	0.00283
2	0.01011	0.00970	0.01656	0.08204	0.77288	0.00982	0.01266	0.01260	0.00938	0.01337	0.00778	0.01034	0.00651	0.00373	0.00411	0.00124	0.00498	0.00370	0.00204	0.00644
3	0.00578	0.00473	0.00530	0.00612	0.00650	0.06098	0.00414	0.00653	0.00822	0.01057	0.02176	0.79302	0.02594	0.01241	0.00519	0.00164	0.00276	0.01118	0.00374	0.00347
4	0.00975	0.00895	0.01251	0.01066	0.01088	0.01227	0.00888	0.01070	0.00674	0.06671	0.00621	0.00944	0.00579	0.00712	0.01298	0.00178	0.78819	0.00367	0.00205	0.00472
5	0.00801	0.00755	0.01276	0.78749	0.08384	0.00927	0.01162	0.01076	0.00839	0.01082	0.00741	0.01102	0.00561	0.00412	0.00415	0.00137	0.00550	0.00369	0.00186	0.00475
6	0.00578	0.00473	0.00530	0.00612	0.00650	0.06098	0.00414	0.00653	0.00822	0.01057	0.02176	0.79302	0.02594	0.01241	0.00519	0.00164	0.00276	0.01118	0.00374	0.00347
7	0.00837	0.00712	0.00835	0.00613	0.00958	0.00539	0.00485	0.01014	0.00857	0.01333	0.00845	0.06683	0.00763	0.00376	0.00323	0.00069	0.00303	0.00311	0.00256	0.81890
8	0.00796	0.00657	0.00763	0.00723	0.00894	0.00702	0.01970	0.01418	0.37370	0.01517	0.15536	0.02846	0.14940	0.00807	0.00477	0.00150	0.00306	0.17213	0.00410	0.00505
9	0.00837	0.00712	0.00835	0.00613	0.00958	0.00539	0.00485	0.01014	0.00857	0.01333	0.00845	0.06683	0.00763	0.00376	0.00323	0.00069	0.00303	0.00311	0.00256	0.81890
10	0.00827	0.00760	0.01282	0.62919	0.18027	0.00896	0.01122	0.01066	0.00833	0.01094	0.00745	0.01103	0.00585	0.00478	0.00498	0.06199	0.00529	0.00369	0.00188	0.00480
11	0.00823	0.00673	0.00789	0.00594	0.00902	0.00525	0.00465	0.00986	0.00853	0.03196	0.02071	0.02189	0.06534	0.06370	0.03724	0.00118	0.00338	0.00343	0.00266	0.68243
12	0.73239	0.01019	0.06378	0.00645	0.00922	0.09571	0.00562	0.01273	0.00768	0.01737	0.00597	0.00696	0.00464	0.00391	0.00279	0.00126	0.00386	0.00235	0.00247	0.00464
13	0.01039	0.01090	0.02034	0.02726	0.14554	0.05283	0.52394	0.06912	0.01021	0.01364	0.00822	0.01088	0.00640	0.00444	0.00544	0.06198	0.00628	0.00441	0.00222	0.00554
14	0.00579	0.00424	0.00543	0.00513	0.00615	0.00388	0.00385	0.00767	0.01155	0.01616	0.75469	0.03184	0.11073	0.00868	0.00490	0.00132	0.00197	0.00763	0.00451	0.00388
15	0.00506	0.00361	0.00482	0.00578	0.00602	0.00337	0.00386	0.00578	0.00795	0.01060	0.02289	0.85131	0.02747	0.01301	0.00530	0.00169	0.00241	0.01181	0.00386	0.00337
16	0.88336	0.00803	0.00611	0.00546	0.00803	0.00932	0.00450	0.01221	0.00707	0.01864	0.00578	0.00675	0.00450	0.00386	0.00257	0.00129	0.00321	0.00225	0.00257	0.00450
17	0.00505	0.00366	0.00478	0.00567	0.00600	0.00338	0.00381	0.00580	0.00806	0.01065	0.02424	0.79427	0.08364	0.01284	0.00527	0.00167	0.00239	0.01159	0.00386	0.00338
18	0.00580	0.00424	0.00544	0.00514	0.00616	0.00389	0.00386	0.00768	0.01157	0.01621	0.76149	0.03176	0.10390	0.00866	0.00490	0.00131	0.00197	0.00762	0.00451	0.00389
19	0.88336	0.00803	0.00611	0.00546	0.00803	0.00932	0.00450	0.01221	0.00707	0.01864	0.00578	0.00675	0.00450	0.00386	0.00257	0.00129	0.00321	0.00225	0.00257	0.00450
20	0.01092	0.00901	0.00957	0.00848	0.01091	0.01033	0.00663	0.06567	0.74872	0.04576	0.01651	0.01515	0.01229	0.00558	0.00422	0.00140	0.00337	0.00463	0.00425	0.00662
21	0.01552	0.01980	0.01177	0.01070	0.01284	0.83735	0.00803	0.01659	0.01177	0.01017	0.00642	0.00749	0.00535	0.00428	0.00375	0.00107	0.00749	0.00268	0.00214	0.00482
22	0.88336	0.00803	0.00611	0.00546	0.00803	0.00932	0.00450	0.01221	0.00707	0.01864	0.00578	0.00675	0.00450	0.00386	0.00257	0.00129	0.00321	0.00225	0.00257	0.00450
23	0.00505	0.00433	0.00434	0.00432	0.00575	0.00369	0.00325	0.00638	0.03079	0.01138	0.04142	0.03933	0.80503	0.01039	0.00489	0.00140	0.00214	0.00866	0.00387	0.00359
24	0.88336	0.00803	0.00611	0.00546	0.00803	0.00932	0.00450	0.01221	0.00707	0.01864	0.00578	0.00675	0.00450	0.00386	0.00257	0.00129	0.00321	0.00225	0.00257	0.00450
25	0.01028	0.00987	0.01686	0.02550	0.82811	0.00987	0.01275	0.01275	0.00946	0.01357	0.00781	0.01028	0.00658	0.00370	0.00411	0.00123	0.00493	0.00370	0.00206	0.00658
26	0.01579	0.01163	0.01247	0.00956	0.01288	0.01288	0.00789	0.81426	0.01953	0.02618	0.00997	0.00997	0.00706	0.00499	0.00416	0.00125	0.00457	0.00374	0.00416	0.00706
27	0.01033	0.00892	0.00939	0.00845	0.01080	0.01033	0.00657	0.02207	0.82061	0.01738	0.01691	0.01550	0.01268	0.00564	0.00423	0.00141	0.00329	0.00470	0.00423	0.00657
28	0.01864	0.00707	0.00964	0.00739	0.01060	0.00611	0.00611	0.02024	0.01189	0.83099	0.01639	0.01414	0.01028	0.00514	0.00418	0.00129	0.00353	0.00418	0.00514	0.00707
29	0.00506	0.00361	0.00482	0.00578	0.00602	0.00337	0.00386	0.00578	0.00795	0.01060	0.02289	0.85131	0.02747	0.01301	0.00530	0.00169	0.00241	0.01181	0.00386	0.00337
30	0.08204	0.00972	0.01598	0.02385	0.76070	0.00982	0.01207	0.01270	0.00926	0.01399	0.00765	0.00999	0.00641	0.00371	0.00399	0.00124	0.00479	0.00358	0.00210	0.00641
31	0.00502	0.00421	0.00436	0.00432	0.00568	0.00355	0.00324	0.00617	0.00972	0.01182	0.12890	0.03898	0.73923	0.01030	0.00491	0.00139	0.00209	0.00863	0.00394	0.00355
32	0.00509	0.00364	0.00485	0.00582	0.00607	0.00340	0.00391	0.00583	0.00798	0.01064	0.02288	0.83721	0.02741	0.01299	0.00531	0.00169	0.00243	0.02563	0.00386	0.00338
33	0.01716	0.00944	0.01111	0.00852	0.01179	0.00963	0.00704	0.43309	0.01586	0.41253	0.01305	0.01197	0.00861	0.00506	0.00417	0.00127	0.00407	0.00395	0.00463	0.00707
34	0.86686	0.00826	0.00621	0.00556	0.00812	0.02506	0.00457	0.01229	0.00716	0.01848	0.00580	0.00676	0.00451	0.00386	0.00259	0.00128	0.00329	0.00226	0.00256	0.00450
35	0.01030	0.01174	0.10305	0.02252	0.62321	0.05327	0.08921	0.01304	0.00954	0.01332	0.00776	0.01006	0.00635	0.00374	0.00415	0.00125	0.00539	0.00370	0.00203	0.00635
36	0.00679	0.00616	0.01040	0.00899	0.01060	0.00589	0.21803	0.00924	0.07549	0.01207	0.03078	0.44022	0.10467	0.00953	0.00507	0.00156	0.00370	0.03310	0.00343	0.00426
37	0.00994	0.03065	0.01605	0.02337	0.74004	0.00954	0.01188	0.01234	0.00962	0.01373	0.07501	0.01189	0.00923	0.00409	0.00414	0.00123	0.00468	0.00398	0.00226	0.00633
38	0.00861	0.00738	0.00861	0.00615	0.00984	0.00554	0.00492	0.01046	0.00861	0.01354	0.00738	0.00861	0.00615	0.00308	0.00308	0.00062	0.00308	0.00246	0.00246	0.87941
39	0.01552	0.01980	0.01177	0.01070	0.01284	0.83735	0.00803	0.01659	0.01177	0.01017	0.00642	0.00749	0.00535	0.00428	0.00375	0.00107	0.00749	0.00268	0.00214	0.00482
40	0.00506	0.00361	0.00482	0.00578	0.00602	0.00337	0.00386	0.00578	0.00795	0.01060	0.02289	0.85131	0.02747	0.01301	0.00530	0.00169	0.00241	0.01181	0.00386	0.00337
41	0.81203	0.00900	0.00657	0.00589	0.00843	0.07738	0.00479	0.01257	0.00746	0.01794	0.00584	0.00681	0.00457	0.00389	0.00267	0.00127	0.00356	0.00228	0.00254	0.00452
42	0.00856	0.07763	0.01368	0.54392	0.16564	0.02092	0.02718	0.01095	0.00844	0.01093	0.00774	0.01166	0.00639	0.06376	0.00523	0.00150	0.00529	0.00375	0.00193	0.00489
43	0.00608	0.00440	0.00588	0.00582	0.00620	0.00490	0.00408	0.00687	0.00637	0.00892	0.01185	0.02109	0.01240	0.40937	0.43531	0.00530	0.03446	0.00516	0.00235	0.00319
44	0.01159	0.61731	0.10101	0.00826	0.01192	0.09979	0.01910	0.06834	0.00960	0.01133	0.00633	0.00725	0.00546	0.00377	0.00304	0.00098	0.00497	0.00249	0.00198	0.00548
45	0.01403	0.22235	0.01393	0.00926	0.01189	0.44474	0.00750	0.13461	0.01212	0.03495	0.05196	0.00913	0.00759	0.00446	0.00362	0.00107	0.00590	0.00303	0.00257	0.00529
46	0.00898	0.00756	0.00872	0.00645	0.00997	0.00613	0.00514	0.01202	0.10723	0.02674	0.00868	0.00954	0.00701	0.00342	0.00323	0.00072	0.00311	0.00276	0.00272	0.75986
47	0.00861	0.00738	0.00861	0.00615	0.00984	0.00554	0.00492	0.01046	0.00861	0.01354	0.00738	0.00861	0.00615	0.00308	0.00308	0.00062	0.00308	0.00246	0.00246	0.87941
48	0.04099	0.66099	0.14963	0.00786	0.01174	0.01487	0.00831	0.01292	0.04030	0.01092	0.00648	0.00735	0.00558	0.00371	0.00293	0.00099	0.00462	0.00245	0.00190	0.00548
49	0.00722	0.00361	0.00541	0.00541	0.00541	0.00361	0.00361	0.00541	0.00541	0.00722	0.00722	0.01263	0.00722	0.01443	0.01623	0.87915	0.00361	0.00361	0.00180	0.00180
50	0.01032	0.01507	0.33916	0.01246	0.01679	0.07743	0.25082	0.03985	0.02426	0.08027	0.06613	0.01156	0.00857	0.00440	0.00453	0.00133	0.02474	0.00405	0.00249	0.00579
51	0.01000	0.23754	0.40936	0.01223	0.13879	0.01122	0.01181	0.01357	0.03725	0.06013	0.01712	0.00924	0.00641	0.00399	0.00367	0.00119	0.00521	0.00311	0.00212	0.00604
52	0.00522	0.00427	0.00462	0.00462	0.00587	0.00372	0.00343	0.00665	0.02794	0.01229	0.18213	0.10449	0.59970	0.01025	0.00492	0.00141	0.00213	0.00870	0.00400	0.00364
53	0.00503	0.00381	0.00464	0.00529	0.00590	0.00342	0.00364	0.00587	0.00848	0.01089	0.04224	0.58921	0.27222	0.01217	0.00517	0.00159	0.00231	0.01081	0.00387	0.00342
54	0.04055	0.00961	0.01455	0.10585	0.53012	0.04193	0.02887	0.06860	0.02152	0.01405	0.01075	0.01264	0.07385	0.00445	0.00414	0.00127	0.00480	0.00407	0.00238	0.00599
55	0.00827	0.00796	0.00972	0.00982	0.07644	0.10741	0.00718	0.00963	0.00743	0.01012	0.00880	0.01286	0.00817	0.01939	0.45219	0.00428	0.22999	0.00396	0.00209	0.00430
56	0.00602	0.00411	0.00497	0.00497	0.00512	0.00426	0.00306	0.00632	0.00617	0.00838	0.01269	0.02498	0.01414	0.68694	0.18692	0.00456	0.00547	0.00572	0.00246	0.00276
57	0.00811	0.00766	0.01294	0.75440	0.11616	0.00930	0.01167	0.01085	0.00843	0.01094	0.00743	0.01099	0.00565	0.00410	0.00415	0.00137	0.00547	0.00369	0.00187	0.00483
58	0.88336	0.00803	0.00611	0.00546	0.00803	0.00932	0.00450	0.01221	0.00707	0.01864	0.00578	0.00675	0.00450	0.00386	0.00257	0.00129	0.00321	0.00225	0.00257	0.00450
59	0.01579	0.01163	0.01247	0.00956	0.01288	0.01288	0.00789	0.81426	0.01953	0.02618	0.00997	0.00997	0.00706	0.00499	0.00416	0.00125	0.00457	0.00374	0.00416	0.00706
60	0.00833	0.02149	0.83250	0.01184	0.01798	0.00965	0.01535	0.01315	0.00877	0.01315	0.00745	0.00877	0.00526	0.00395	0.00395	0.00132	0.00614	0.00307	0.00175	0.00614
61	0.00506	0.00361	0.00482	0.00578	0.00602	0.00337	0.00386	0.00578	0.00795	0.01060	0.02289	0.85131	0.02747	0.01301	0.00530	0.00169	0.00241	0.01181	0.00386	0.00337
62	0.00967	0.01080	0.02225	0.01624	0.01964	0.01093	0.65891	0.01267	0.00914	0.01267	0.00784	0.01080	0.00614	0.00422	0.00658	0.00148	0.16792	0.00466	0.00205	0.00540
63	0.07932	0.01754	0.01182	0.01145	0.07950	0.65010	0.00814	0.07203	0.01178	0.01220	0.00674	0.00784	0.00551	0.00425	0.00372	0.00111	0.00676	0.00280	0.00231	0.00510
64	0.00595	0.00437	0.00628	0.00628	0.00688	0.00498	0.00470	0.00716	0.00656	0.00935	0.01149	0.01832	0.01125	0.18292	0.68699	0.00619	0.00982	0.00474	0.00228	0.00349
65	0.00601	0.00401	0.00454	0.00457	0.00458	0.00400	0.00256	0.00603	0.00611	0.00814	0.01343	0.05562	0.01553	0.82500	0.02060	0.00395	0.00397	0.00624	0.00256	0.00255
66	0.01058	0.00898	0.00949	0.00846	0.01083	0.01034	0.00660	0.07736	0.74389	0.01782	0.01657	0.03608	0.01266	0.00577	0.00425	0.00140	0.00336	0.00481	0.00421	0.00653
67	0.00998	0.00957	0.01633	0.12488	0.73104	0.00979	0.01260	0.01249	0.00932	0.01321	0.00776	0.01038	0.00645	0.00376	0.00412	0.00125	0.00501	0.00370	0.00203	0.00634
68	0.00552	0.00415	0.00515	0.00535	0.00628	0.00378	0.00401	0.00694	0.01001	0.01331	0.33636	0.22342	0.24908	0.01042	0.00509	0.00149	0.00232	0.09953	0.00413	0.00367
69	0.00508	0.00368	0.00481	0.00565	0.00600	0.00340	0.00381	0.00588	0.00821	0.01088	0.05572	0.76212	0.08410	0.01266	0.00526	0.00165	0.00237	0.01143	0.00388	0.00340
70	0.07044	0.02040	0.70694	0.01130	0.01686	0.07766	0.01398	0.01337	0.00890	0.01329	0.00725	0.00852	0.00522	0.00397	0.00383	0.00129	0.00604	0.00298	0.00184	0.00591
71	0.07529	0.64462	0.10724	0.00879	0.06872	0.01472	0.00819	0.01252	0.00845	0.01106	0.00610	0.00715	0.00535	0.00363	0.00290	0.00099	0.00457	0.00242	0.00185	0.00544
72	0.01286	0.33520	0.08937	0.00962	0.01274	0.35434	0.03636	0.06210	0.01050	0.01135	0.00653	0.00761	0.00547	0.00407	0.00367	0.00106	0.02708	0.00270	0.00208	0.00528
73	0.00514	0.00392	0.00475	0.00537	0.00609	0.00354	0.00384	0.00608	0.00863	0.01098	0.02975	0.49220	0.31570	0.01199	0.00520	0.00160	0.00242	0.07551	0.00385	0.00346
74	0.00998	0.00973	0.01712	0.11078	0.66812	0.00986	0.08800	0.01258	0.00937	0.01323	0.00782	0.01045	0.00644	0.00373	0.00419	0.00127	0.00519	0.00381	0.00204	0.00628
75	0.01615	0.00703	0.01002	0.00770	0.01078	0.00610	0.06246	0.01783	0.01137	0.65640	0.01860	0.01681	0.10538	0.00560	0.00429	0.00129	0.00360	0.00472	0.00471	0.02917
76	0.00722	0.00509	0.00589	0.00554	0.00696	0.00478	0.00418	0.07439	0.03899	0.07153	0.22598	0.17323	0.34155	0.00945	0.00484	0.00141	0.00247	0.00811	0.00416	0.00423
77	0.00638	0.00501	0.00572	0.00535	0.00674	0.00479	0.00409	0.06728	0.04829	0.01433	0.30211	0.03164	0.39380	0.01089	0.07326	0.00179	0.00303	0.00743	0.00401	0.00407
78	0.01028	0.00987	0.01686	0.02550	0.82811	0.00987	0.01275	0.01275	0.00946	0.01357	0.00781	0.01028	0.00658	0.00370	0.00411	0.00123	0.00493	0.00370	0.00206	0.00658
79	0.00822	0.00705	0.00804	0.00606	0.00931	0.00564	0.00480	0.01076	0.07548	0.01352	0.01317	0.01370	0.12506	0.00436	0.00344	0.00079	0.00295	0.00355	0.00281	0.68128
80	0.00980	0.01120	0.02451	0.01751	0.02171	0.01050	0.81303	0.01331	0.00980	0.01331	0.00840	0.01120	0.00630	0.00350	0.00490	0.00140	0.00700	0.00490	0.00210	0.00560
81	0.00593	0.00445	0.00668	0.00668	0.00742	0.00519	0.00519	0.00742	0.00668	0.00964	0.01113	0.01632	0.01038	0.03115	0.83756	0.00668	0.01113	0.00445	0.00223	0.00371
82	0.00574	0.00424	0.00536	0.00508	0.00612	0.00386	0.00381	0.00757	0.01143	0.01587	0.71281	0.03232	0.15279	0.00878	0.00490	0.00132	0.00198	0.00769	0.00447	0.00386
83	0.01111	0.85652	0.02177	0.00711	0.01066	0.01644	0.00711	0.01244	0.00844	0.00977	0.00577	0.00666	0.00533	0.00355	0.00267	0.00089	0.00444	0.00222	0.00178	0.00533
84	0.01128	0.01279	0.01676	0.08034	0.19096	0.24579	0.24452	0.01347	0.00972	0.01182	0.00724	0.00966	0.00592	0.00431	0.00550	0.00132	0.11741	0.00375	0.00205	0.00537
85	0.00513	0.00416	0.00460	0.00489	0.00602	0.00362	0.00368	0.00622	0.00918	0.01123	0.03616	0.19793	0.58375	0.01111	0.00508	0.00151	0.00235	0.09602	0.00385	0.00352
86	0.00861	0.00738	0.00861	0.00615	0.00984	0.00554	0.00492	0.01046	0.00861	0.01354	0.00738	0.00861	0.00615	0.00308	0.00308	0.00062	0.00308	0.00246	0.00246	0.87941
87	0.00948	0.00941	0.01458	0.41351	0.37253	0.06776	0.02978	0.01201	0.00908	0.01192	0.00752	0.01048	0.00599	0.00395	0.00412	0.00130	0.00545	0.00365	0.00196	0.00550
88	0.08692	0.00679	0.00853	0.00692	0.00960	0.00626	0.00561	0.04477	0.02777	0.56135	0.02854	0.04624	0.06878	0.03923	0.00486	0.00144	0.00341	0.03227	0.00459	0.00613
89	0.00529	0.00408	0.00470	0.00488	0.00579	0.00364	0.00349	0.00637	0.00924	0.01187	0.18976	0.21619	0.39177	0.09606	0.00666	0.00172	0.00238	0.02877	0.00386	0.00347

[dist]
# distance from previous block
# <min> <max>
13	89

[block]
# block no. 5 follows, 64 sequences, length 43
# corresponding to MSA columns:
# 460-502
name=unknown_F
#
# <colnr> <probs for GDERKNQSTAVLIFYWHMCP>
#	G	D	E	R	K	N	Q	S	T	A	V	L	I	F	Y	W	H	M	C	P
0	0.11620	0.32086	0.18625	0.00996	0.05829	0.14071	0.04878	0.01331	0.00904	0.02369	0.00667	0.00784	0.00543	0.00380	0.00331	0.00109	0.00522	0.00272	0.00203	0.03479
1	0.01251	0.14076	0.02662	0.10814	0.09696	0.41924	0.01938	0.03287	0.02092	0.01136	0.04481	0.02004	0.00748	0.00447	0.00393	0.00114	0.01878	0.00327	0.00224	0.00509
2	0.00801	0.00581	0.00840	0.06255	0.15370	0.00569	0.00634	0.00956	0.02178	0.07477	0.11349	0.15545	0.03605	0.11561	0.02007	0.04748	0.00369	0.09522	0.00322	0.05313
3	0.01037	0.33128	0.19801	0.01391	0.23318	0.02480	0.07053	0.01295	0.00902	0.03111	0.00718	0.00867	0.00586	0.00371	0.00356	0.00112	0.00513	0.00306	0.00197	0.02456
4	0.00838	0.02977	0.27279	0.05403	0.02354	0.02510	0.06370	0.03880	0.01902	0.03439	0.05116	0.01337	0.00928	0.02504	0.23918	0.00288	0.05456	0.01520	0.00233	0.01748
5	0.00584	0.00429	0.00560	0.00565	0.00660	0.00418	0.00429	0.00732	0.00932	0.02588	0.27906	0.13419	0.19696	0.01556	0.22267	0.00282	0.00459	0.05777	0.00368	0.00375
6	0.00625	0.00502	0.03838	0.00597	0.02430	0.00423	0.00460	0.00770	0.00924	0.04100	0.11978	0.22315	0.28546	0.01093	0.04759	0.00173	0.00303	0.07879	0.07897	0.00389
7	0.01117	0.33858	0.16312	0.04059	0.17715	0.10816	0.03304	0.03614	0.00954	0.03662	0.00713	0.00846	0.00581	0.00384	0.00351	0.00111	0.00528	0.00295	0.00205	0.00575
8	0.00859	0.06273	0.08428	0.00994	0.12599	0.00750	0.03871	0.02379	0.09904	0.06597	0.19576	0.04919	0.14502	0.00714	0.01654	0.00141	0.02457	0.02530	0.00342	0.00512
9	0.00547	0.00388	0.00505	0.00588	0.00625	0.00372	0.00407	0.00656	0.02817	0.01093	0.02184	0.68982	0.02560	0.05933	0.00612	0.00181	0.00263	0.07920	0.03021	0.00346
10	0.00963	0.19058	0.46557	0.01102	0.01594	0.01082	0.12074	0.03149	0.00920	0.04308	0.00793	0.00922	0.00591	0.00392	0.00377	0.00122	0.00557	0.00324	0.04532	0.00584
11	0.00506	0.00361	0.00482	0.00578	0.00602	0.00337	0.00386	0.00578	0.00795	0.01060	0.02289	0.85131	0.02747	0.01301	0.00530	0.00169	0.00241	0.01181	0.00386	0.00337
12	0.05355	0.04421	0.13050	0.13881	0.19550	0.14932	0.08392	0.01280	0.00920	0.02898	0.00781	0.01042	0.00636	0.00574	0.05093	0.00159	0.04682	0.01605	0.00210	0.00539
13	0.06732	0.07538	0.03526	0.01174	0.08432	0.26914	0.09208	0.01332	0.00935	0.03649	0.02853	0.00929	0.00660	0.00484	0.00605	0.00129	0.20021	0.00333	0.00221	0.04323
14	0.00550	0.00414	0.00508	0.00504	0.00602	0.00373	0.00370	0.00703	0.01057	0.01429	0.49512	0.15647	0.24869	0.00971	0.00496	0.00139	0.00207	0.00849	0.00427	0.00373
15	0.00656	0.00507	0.01652	0.00742	0.03195	0.00483	0.04538	0.04864	0.00889	0.02067	0.04353	0.48428	0.03938	0.03635	0.04877	0.02931	0.00358	0.11146	0.00355	0.00386
16	0.01076	0.40675	0.11521	0.02961	0.09255	0.10971	0.03987	0.02850	0.03913	0.01140	0.00783	0.05518	0.00703	0.00444	0.00372	0.00112	0.02630	0.00335	0.00211	0.00543
17	0.00784	0.00738	0.01246	0.84404	0.02861	0.00923	0.01154	0.01061	0.00831	0.01061	0.00738	0.01107	0.00554	0.00415	0.00415	0.00138	0.00554	0.00369	0.00185	0.00461
18	0.01009	0.39142	0.35058	0.00932	0.01362	0.09220	0.01039	0.01279	0.00887	0.01123	0.00740	0.05099	0.00644	0.00427	0.00343	0.00112	0.00532	0.00310	0.00191	0.00551
19	0.00543	0.00418	0.00497	0.00488	0.00596	0.00371	0.00362	0.00693	0.01054	0.01402	0.45221	0.10689	0.34229	0.00967	0.00494	0.00138	0.00206	0.00838	0.00423	0.00371
20	0.10465	0.08229	0.24743	0.00963	0.01336	0.13681	0.02066	0.15487	0.06798	0.07115	0.00865	0.00928	0.00641	0.00442	0.00403	0.00124	0.03063	0.00319	0.00274	0.02059
21	0.01033	0.06934	0.05500	0.01192	0.06879	0.18258	0.21665	0.01226	0.00951	0.05356	0.01136	0.20296	0.01113	0.01680	0.00511	0.00139	0.04813	0.00558	0.00262	0.00498
22	0.00506	0.00361	0.00482	0.00578	0.00602	0.00337	0.00386	0.00578	0.00795	0.01060	0.02289	0.85131	0.02747	0.01301	0.00530	0.00169	0.00241	0.01181	0.00386	0.00337
23	0.01579	0.01163	0.01247	0.00956	0.01288	0.01288	0.00789	0.81426	0.01953	0.02618	0.00997	0.00997	0.00706	0.00499	0.00416	0.00125	0.00457	0.00374	0.00416	0.00706
24	0.88336	0.00803	0.00611	0.00546	0.00803	0.00932	0.00450	0.01221	0.00707	0.01864	0.00578	0.00675	0.00450	0.00386	0.00257	0.00129	0.00321	0.00225	0.00257	0.00450
25	0.88336	0.00803	0.00611	0.00546	0.00803	0.00932	0.00450	0.01221	0.00707	0.01864	0.00578	0.00675	0.00450	0.00386	0.00257	0.00129	0.00321	0.00225	0.00257	0.00450
26	0.00833	0.02149	0.83250	0.01184	0.01798	0.00965	0.01535	0.01315	0.00877	0.01315	0.00745	0.00877	0.00526	0.00395	0.00395	0.00132	0.00614	0.00307	0.00175	0.00614
27	0.00511	0.00365	0.00487	0.00584	0.00610	0.00341	0.00394	0.00586	0.00800	0.01066	0.02287	0.82826	0.02737	0.01297	0.00531	0.00169	0.00245	0.03440	0.00385	0.00339
28	0.00980	0.01120	0.02451	0.01751	0.02171	0.01050	0.81303	0.01331	0.00980	0.01331	0.00840	0.01120	0.00630	0.00350	0.00490	0.00140	0.00700	0.00490	0.00210	0.00560
29	0.00784	0.00738	0.01246	0.84404	0.02861	0.00923	0.01154	0.01061	0.00831	0.01061	0.00738	0.01107	0.00554	0.00415	0.00415	0.00138	0.00554	0.00369	0.00185	0.00461
30	0.00599	0.00401	0.00454	0.00459	0.00460	0.00399	0.00258	0.00603	0.00614	0.00818	0.01357	0.06798	0.01571	0.81238	0.02036	0.00391	0.00395	0.00633	0.00258	0.00256
31	0.01697	0.00702	0.00925	0.00722	0.01018	0.00629	0.00592	0.05829	0.03104	0.68346	0.06152	0.01537	0.02488	0.00541	0.00418	0.00128	0.00341	0.00442	0.03720	0.00671
32	0.00509	0.00410	0.00428	0.00443	0.00563	0.00351	0.00325	0.00614	0.00920	0.01137	0.03759	0.16103	0.66039	0.01058	0.00486	0.00142	0.00214	0.00895	0.05254	0.00351
33	0.44663	0.00742	0.00772	0.00645	0.00922	0.00762	0.00534	0.01561	0.00937	0.38266	0.01144	0.01230	0.00817	0.00486	0.00347	0.00132	0.00339	0.04759	0.00379	0.00561
34	0.00735	0.00564	0.00754	0.00744	0.00877	0.00572	0.04696	0.03329	0.13337	0.03340	0.04264	0.21948	0.10701	0.01073	0.03587	0.00183	0.00364	0.28115	0.00381	0.00437
35	0.01123	0.00792	0.00895	0.00758	0.00985	0.00847	0.00600	0.20963	0.28220	0.11451	0.24646	0.01899	0.03726	0.00635	0.00441	0.00133	0.00322	0.00530	0.00441	0.00592
36	0.00889	0.00460	0.00499	0.00469	0.00596	0.00459	0.00365	0.05529	0.00970	0.07709	0.04130	0.01721	0.01206	0.00533	0.00328	0.00107	0.00230	0.04491	0.68880	0.00429
37	0.00650	0.00447	0.00570	0.00548	0.00658	0.00414	0.00415	0.00847	0.03112	0.05714	0.56470	0.10754	0.12094	0.00904	0.00493	0.00138	0.00222	0.04705	0.00441	0.00405
38	0.00962	0.01147	0.06841	0.06930	0.06335	0.01034	0.67732	0.01310	0.00963	0.01314	0.00826	0.01101	0.00621	0.00358	0.00476	0.00139	0.00676	0.00466	0.00206	0.00562
39	0.01043	0.13842	0.09306	0.04911	0.29248	0.08329	0.16955	0.01295	0.00943	0.02542	0.00787	0.02664	0.00653	0.00391	0.00397	0.00119	0.00545	0.00367	0.00210	0.05453
40	0.05027	0.00738	0.00977	0.00773	0.02438	0.00662	0.00625	0.05913	0.01205	0.74741	0.01553	0.01359	0.00985	0.00506	0.00412	0.00128	0.00360	0.00408	0.00495	0.00697
41	0.01168	0.65538	0.06178	0.00817	0.01163	0.15436	0.02407	0.01319	0.00905	0.01008	0.00602	0.00700	0.00535	0.00370	0.00296	0.00095	0.00510	0.00240	0.00184	0.00529
42	0.00577	0.00426	0.00540	0.00516	0.00620	0.00389	0.00390	0.00761	0.01138	0.01579	0.69498	0.03272	0.14581	0.00886	0.00493	0.00134	0.00204	0.03166	0.00445	0.00386

[dist]
# distance from previous block
# <min> <max>
0	2

[block]
# block no. 6 follows, 64 sequences, length 27
# corresponding to MSA columns:
# 505-531
name=unknown_G
#
# <colnr> <probs for GDERKNQSTAVLIFYWHMCP>
#	G	D	E	R	K	N	Q	S	T	A	V	L	I	F	Y	W	H	M	C	P
0	0.00604	0.00404	0.00462	0.00462	0.00465	0.00407	0.00262	0.00610	0.00607	0.00812	0.01301	0.02675	0.01491	0.82099	0.05391	0.00413	0.00431	0.00598	0.00251	0.00256
1	0.01111	0.85652	0.02177	0.00711	0.01066	0.01644	0.00711	0.01244	0.00844	0.00977	0.00577	0.00666	0.00533	0.00355	0.00267	0.00089	0.00444	0.00222	0.00178	0.00533
2	0.00833	0.02149	0.83250	0.01184	0.01798	0.00965	0.01535	0.01315	0.00877	0.01315	0.00745	0.00877	0.00526	0.00395	0.00395	0.00132	0.00614	0.00307	0.00175	0.00614
3	0.00861	0.00738	0.00861	0.00615	0.00984	0.00554	0.00492	0.01046	0.00861	0.01354	0.00738	0.00861	0.00615	0.00308	0.00308	0.00062	0.00308	0.00246	0.00246	0.87941
4	0.01542	0.01145	0.01226	0.00948	0.01274	0.01271	0.00781	0.76076	0.07364	0.02558	0.01044	0.01035	0.00744	0.00503	0.00416	0.00126	0.00448	0.00380	0.00416	0.00703
5	0.01579	0.01163	0.01247	0.00956	0.01288	0.01288	0.00789	0.81426	0.01953	0.02618	0.00997	0.00997	0.00706	0.00499	0.00416	0.00125	0.00457	0.00374	0.00416	0.00706
6	0.00595	0.00440	0.00642	0.00642	0.00707	0.00505	0.00487	0.00725	0.00660	0.00945	0.01136	0.01762	0.01095	0.12997	0.73952	0.00636	0.01027	0.00464	0.00226	0.00357
7	0.00540	0.00387	0.00506	0.00590	0.00624	0.00367	0.00398	0.03135	0.00832	0.01110	0.02249	0.82471	0.02683	0.01276	0.00527	0.00167	0.00248	0.01155	0.00387	0.00349
8	0.01111	0.85652	0.02177	0.00711	0.01066	0.01644	0.00711	0.01244	0.00844	0.00977	0.00577	0.00666	0.00533	0.00355	0.00267	0.00089	0.00444	0.00222	0.00178	0.00533
9	0.00570	0.00424	0.00531	0.00504	0.00610	0.00385	0.00378	0.00750	0.01135	0.01568	0.68512	0.03263	0.18060	0.00886	0.00490	0.00132	0.00199	0.00774	0.00444	0.00385
10	0.00991	0.00949	0.01618	0.15117	0.70536	0.00977	0.01256	0.01242	0.00928	0.01312	0.00775	0.01040	0.00642	0.00377	0.00412	0.00126	0.00503	0.00370	0.00202	0.00628
11	0.00980	0.01120	0.02451	0.01751	0.02171	0.01050	0.81303	0.01331	0.00980	0.01331	0.00840	0.01120	0.00630	0.00350	0.00490	0.00140	0.00700	0.00490	0.00210	0.00560
12	0.00784	0.00738	0.01246	0.84404	0.02861	0.00923	0.01154	0.01061	0.00831	0.01061	0.00738	0.01107	0.00554	0.00415	0.00415	0.00138	0.00554	0.00369	0.00185	0.00461
13	0.00505	0.00366	0.00477	0.00566	0.00599	0.00338	0.00380	0.00580	0.00807	0.01065	0.02436	0.78951	0.08833	0.01282	0.00527	0.00167	0.00239	0.01158	0.00386	0.00338
14	0.01394	0.01204	0.01247	0.07533	0.16557	0.23972	0.02032	0.17427	0.01233	0.16376	0.00991	0.04228	0.00769	0.00486	0.00434	0.00125	0.02705	0.00383	0.00311	0.00594
15	0.01718	0.00675	0.00917	0.00714	0.01010	0.00586	0.00586	0.01882	0.01187	0.73789	0.10894	0.01607	0.01359	0.00552	0.00426	0.00129	0.00335	0.00456	0.00508	0.00671
16	0.08013	0.00729	0.00948	0.00733	0.01050	0.00656	0.00605	0.04633	0.01180	0.74610	0.01542	0.01347	0.00976	0.00504	0.00406	0.00128	0.00355	0.00403	0.00492	0.00689
17	0.00958	0.01010	0.09151	0.34676	0.19637	0.03834	0.06873	0.06791	0.03537	0.03418	0.00909	0.05714	0.00745	0.00461	0.00423	0.00134	0.00527	0.00418	0.00234	0.00549
18	0.00697	0.00599	0.04704	0.00616	0.00781	0.00524	0.00512	0.02876	0.11190	0.04471	0.15363	0.09509	0.32825	0.00926	0.00488	0.00147	0.00283	0.12658	0.00396	0.00435
19	0.00491	0.00421	0.00421	0.00421	0.00561	0.00351	0.00316	0.00596	0.00947	0.01122	0.04208	0.03997	0.82643	0.01052	0.00491	0.00140	0.00210	0.00877	0.00386	0.00351
20	0.00803	0.00757	0.01279	0.78169	0.08951	0.00928	0.01163	0.01078	0.00839	0.01084	0.00742	0.01101	0.00562	0.00412	0.00415	0.00137	0.00549	0.00369	0.00186	0.00476
21	0.09914	0.02819	0.10175	0.01045	0.07473	0.03966	0.00856	0.48122	0.06023	0.02126	0.00924	0.00977	0.00680	0.00487	0.00422	0.02193	0.00464	0.00350	0.00341	0.00641
22	0.00536	0.00386	0.00504	0.00588	0.00626	0.00365	0.00402	0.02493	0.00833	0.01105	0.02323	0.77638	0.05481	0.01269	0.00528	0.00167	0.00250	0.03772	0.00386	0.00348
23	0.00609	0.00418	0.00519	0.00566	0.00627	0.00403	0.00395	0.05207	0.00915	0.01276	0.10776	0.58960	0.04612	0.01098	0.00488	0.00152	0.00242	0.00981	0.11384	0.00371
24	0.08100	0.10121	0.07141	0.22424	0.05601	0.13407	0.04150	0.09437	0.02494	0.07028	0.00795	0.00959	0.00608	0.00439	0.00440	0.00127	0.05609	0.00333	0.00246	0.00540
25	0.01020	0.16170	0.06855	0.00745	0.01108	0.00885	0.01863	0.07913	0.02589	0.05321	0.00789	0.00885	0.00633	0.00369	0.00364	0.00087	0.03405	0.00277	0.00257	0.48467
26	0.01123	0.25947	0.02586	0.07288	0.04388	0.14234	0.02017	0.03734	0.30571	0.01344	0.02182	0.01102	0.00861	0.00459	0.00370	0.00119	0.00464	0.00353	0.00285	0.00574

[dist]
# distance from previous block
# <min> <max>
0	2

[block]
# block no. 7 follows, 64 sequences, length 73
# corresponding to MSA columns:
# 534-606
name=unknown_H
#
# <colnr> <probs for GDERKNQSTAVLIFYWHMCP>
#	G	D	E	R	K	N	Q	S	T	A	V	L	I	F	Y	W	H	M	C	P
0	0.04222	0.19651	0.01383	0.01193	0.19305	0.17108	0.00803	0.08440	0.12552	0.01402	0.00953	0.01045	0.02016	0.00438	0.00360	0.00113	0.00470	0.00337	0.07643	0.00566
1	0.00593	0.00445	0.00668	0.00668	0.00742	0.00519	0.00519	0.00742	0.00668	0.00964	0.01113	0.01632	0.01038	0.03115	0.83756	0.00668	0.01113	0.00445	0.00223	0.00371
2	0.00569	0.00424	0.00529	0.00503	0.00609	0.00384	0.00377	0.00747	0.01131	0.01559	0.67257	0.03278	0.19321	0.00889	0.00490	0.00133	0.00199	0.00776	0.00443	0.00384
3	0.00505	0.00421	0.00440	0.00436	0.00570	0.00357	0.00327	0.00623	0.00980	0.01201	0.15599	0.03867	0.71202	0.01022	0.00491	0.00139	0.00208	0.00858	0.00396	0.00357
4	0.00793	0.00460	0.00565	0.00522	0.00646	0.00435	0.00397	0.02175	0.02427	0.10282	0.45275	0.06197	0.02677	0.00723	0.00427	0.00123	0.00220	0.00624	0.24599	0.00431
5	0.00588	0.00425	0.00555	0.00523	0.00621	0.00392	0.00392	0.00784	0.01176	0.01666	0.82592	0.03103	0.03919	0.00849	0.00490	0.00131	0.00196	0.00751	0.00457	0.00392
6	0.00833	0.02149	0.83250	0.01184	0.01798	0.00965	0.01535	0.01315	0.00877	0.01315	0.00745	0.00877	0.00526	0.00395	0.00395	0.00132	0.00614	0.00307	0.00175	0.00614
7	0.00909	0.00909	0.01272	0.01091	0.01091	0.01272	0.00909	0.01000	0.00636	0.01000	0.00545	0.00909	0.00545	0.00727	0.01363	0.00182	0.84642	0.00364	0.00182	0.00454
8	0.01111	0.85652	0.02177	0.00711	0.01066	0.01644	0.00711	0.01244	0.00844	0.00977	0.00577	0.00666	0.00533	0.00355	0.00267	0.00089	0.00444	0.00222	0.00178	0.00533
9	0.00506	0.00361	0.00482	0.00578	0.00602	0.00337	0.00386	0.00578	0.00795	0.01060	0.02289	0.85131	0.02747	0.01301	0.00530	0.00169	0.00241	0.01181	0.00386	0.00337
10	0.01633	0.01076	0.01193	0.00914	0.01245	0.01159	0.00755	0.66252	0.01807	0.17998	0.01120	0.01077	0.00768	0.00502	0.00416	0.00125	0.00437	0.00382	0.00434	0.00706
11	0.00582	0.00443	0.00538	0.00511	0.00625	0.00408	0.00384	0.00796	0.04421	0.01534	0.59925	0.03260	0.23259	0.00888	0.00487	0.00133	0.00205	0.00771	0.00438	0.00393
12	0.00534	0.00369	0.00492	0.00582	0.00612	0.00343	0.00390	0.00608	0.00803	0.02760	0.02276	0.83397	0.02712	0.01285	0.00528	0.00168	0.00243	0.01165	0.00388	0.00345
13	0.01111	0.85652	0.02177	0.00711	0.01066	0.01644	0.00711	0.01244	0.00844	0.00977	0.00577	0.00666	0.00533	0.00355	0.00267	0.00089	0.00444	0.00222	0.00178	0.00533
14	0.00576	0.00429	0.00631	0.00650	0.00715	0.00484	0.00493	0.00710	0.00692	0.00983	0.01342	0.17936	0.01372	0.02761	0.67505	0.00570	0.00942	0.00589	0.00254	0.00364
15	0.00538	0.00384	0.00519	0.00615	0.00653	0.00365	0.00441	0.00633	0.00827	0.01096	0.02272	0.69423	0.02678	0.01271	0.00539	0.00173	0.00269	0.16574	0.00385	0.00346
16	0.01495	0.01082	0.01156	0.00896	0.01204	0.01194	0.00737	0.72985	0.01839	0.02506	0.01035	0.01055	0.00744	0.00497	0.00402	0.00122	0.00429	0.00375	0.09574	0.00673
17	0.01111	0.85652	0.02177	0.00711	0.01066	0.01644	0.00711	0.01244	0.00844	0.00977	0.00577	0.00666	0.00533	0.00355	0.00267	0.00089	0.00444	0.00222	0.00178	0.00533
18	0.00602	0.00412	0.00502	0.00502	0.00518	0.00429	0.00312	0.00635	0.00618	0.00841	0.01264	0.02472	0.01403	0.66768	0.20602	0.00463	0.00563	0.00568	0.00245	0.00279
