[name]
unknown

[dist]
# distance from previous block
# <min> <max>
1	78

[block]
# block no. 0 follows, 61 sequences, length 34
# corresponding to MSA columns:
# 97-109,113-125,134-141
name=unknown_A
#
# <colnr> <probs for GDERKNQSTAVLIFYWHMCP>
#	G	D	E	R	K	N	Q	S	T	A	V	L	I	F	Y	W	H	M	C	P
0	0.04244	0.16689	0.08257	0.02713	0.01230	0.04327	0.05001	0.03494	0.09324	0.13744	0.01071	0.02292	0.01828	0.00623	0.05455	0.00150	0.01799	0.00363	0.00299	0.17096
1	0.18396	0.02847	0.03891	0.00796	0.00979	0.09012	0.02148	0.05006	0.04577	0.04924	0.05234	0.08887	0.05142	0.07865	0.02661	0.00181	0.13010	0.02213	0.00302	0.01929
2	0.01107	0.03751	0.14425	0.00950	0.04226	0.04739	0.01826	0.19855	0.04694	0.04074	0.01137	0.05948	0.03978	0.02676	0.01394	0.00133	0.03506	0.00417	0.00306	0.20858
3	0.04025	0.00800	0.00964	0.00741	0.01078	0.00716	0.02031	0.04195	0.14293	0.23705	0.02837	0.01218	0.00934	0.00443	0.00379	0.00104	0.00346	0.00361	0.00371	0.40459
4	0.00536	0.00393	0.00504	0.00570	0.00622	0.00360	0.00392	0.00635	0.00906	0.01205	0.14972	0.61897	0.12933	0.01244	0.00538	0.00165	0.00239	0.01116	0.00411	0.00360
5	0.02140	0.00561	0.00789	0.04708	0.00927	0.00573	0.06482	0.03332	0.05107	0.01317	0.17932	0.18681	0.12971	0.06337	0.11250	0.02660	0.01881	0.01583	0.00352	0.00415
6	0.01437	0.00742	0.00910	0.00748	0.01015	0.00719	0.00600	0.10186	0.13756	0.41998	0.07220	0.04595	0.10613	0.00722	0.02568	0.00152	0.00363	0.00541	0.00476	0.00640
7	0.01663	0.01105	0.01178	0.00918	0.01241	0.06056	0.00752	0.53185	0.01738	0.21748	0.02758	0.01182	0.00878	0.00523	0.00427	0.00128	0.00453	0.00400	0.02965	0.00703
8	0.00641	0.00450	0.00551	0.00569	0.00658	0.00419	0.00404	0.02794	0.02509	0.04565	0.19548	0.39469	0.18971	0.05644	0.00612	0.00170	0.00255	0.00966	0.00415	0.00391
9	0.41583	0.00765	0.00785	0.00655	0.00927	0.00796	0.00534	0.04370	0.03074	0.30326	0.09707	0.01288	0.01103	0.00509	0.00362	0.00133	0.00334	0.00377	0.01805	0.00568
10	0.00602	0.00415	0.00488	0.00515	0.00537	0.00405	0.00322	0.00638	0.00715	0.00941	0.01826	0.19717	0.07269	0.56732	0.01640	0.00336	0.00369	0.05930	0.00308	0.00295
11	0.07852	0.01098	0.01195	0.00922	0.01259	0.01188	0.00761	0.61450	0.01796	0.16463	0.01118	0.01085	0.00771	0.00511	0.00420	0.00130	0.00445	0.00385	0.00437	0.00714
12	0.14223	0.00505	0.00526	0.00524	0.00658	0.00493	0.00390	0.00832	0.04120	0.01413	0.17656	0.18678	0.32189	0.02205	0.00494	0.00150	0.00247	0.00801	0.03500	0.00397
13	0.00581	0.00432	0.00495	0.00506	0.00615	0.00381	0.00365	0.00692	0.00964	0.03784	0.14939	0.22380	0.44103	0.05568	0.02063	0.00174	0.00255	0.00925	0.00405	0.00373
14	0.36223	0.00790	0.00864	0.00695	0.01002	0.00792	0.00573	0.04635	0.01062	0.47430	0.01236	0.01145	0.00815	0.00479	0.00367	0.00133	0.00357	0.00352	0.00423	0.00627
15	0.10317	0.00484	0.00589	0.00582	0.00647	0.00534	0.00410	0.00763	0.00668	0.01032	0.01180	0.02070	0.01221	0.38279	0.38873	0.00511	0.00744	0.00508	0.00248	0.00340
16	0.03016	0.00569	0.00705	0.03380	0.02372	0.00556	0.00499	0.08897	0.01105	0.12408	0.21619	0.21618	0.10763	0.06120	0.00587	0.00161	0.00299	0.00752	0.04110	0.00465
17	0.04529	0.00624	0.00773	0.00670	0.00873	0.00593	0.00522	0.05946	0.05021	0.32640	0.14218	0.14016	0.05795	0.05538	0.00557	0.00157	0.00317	0.02411	0.04253	0.00547
18	0.01235	0.00851	0.00948	0.00813	0.01065	0.00924	0.00643	0.11282	0.45577	0.16724	0.08582	0.01700	0.02962	0.00599	0.00438	0.00139	0.00341	0.00495	0.04026	0.00656
19	0.01002	0.13497	0.01017	0.00730	0.00900	0.07675	0.00582	0.08164	0.00992	0.08921	0.06533	0.11185	0.04002	0.08337	0.17963	0.00273	0.04222	0.00534	0.02997	0.00474
20	0.01210	0.00782	0.01028	0.05055	0.06580	0.01842	0.02341	0.16836	0.04939	0.18594	0.02593	0.01631	0.01063	0.03226	0.11077	0.08844	0.03486	0.05960	0.02363	0.00552
21	0.00705	0.00455	0.00588	0.00635	0.00714	0.00434	0.00467	0.03545	0.00936	0.06805	0.04557	0.50913	0.05705	0.03948	0.00586	0.00177	0.00291	0.13935	0.04207	0.00399
22	0.00531	0.00435	0.00469	0.00466	0.00597	0.00372	0.00347	0.00659	0.01026	0.01281	0.20809	0.07467	0.61930	0.01057	0.00511	0.00145	0.00216	0.00895	0.00416	0.00372
23	0.00933	0.00779	0.01012	0.13665	0.04143	0.00670	0.01951	0.02745	0.00931	0.03996	0.01756	0.01003	0.00693	0.00360	0.00351	0.00085	0.00373	0.00300	0.01637	0.62617
24	0.00951	0.00738	0.03598	0.26373	0.13269	0.00756	0.02191	0.02504	0.03813	0.09342	0.03054	0.03133	0.00937	0.03577	0.03619	0.18566	0.00491	0.02355	0.00261	0.00474
25	0.00630	0.00453	0.00570	0.00602	0.00670	0.00440	0.00422	0.04628	0.03570	0.01364	0.23231	0.50664	0.02919	0.05235	0.00605	0.00172	0.00259	0.00996	0.02178	0.00391
26	0.48215	0.00884	0.00926	0.04510	0.08979	0.00970	0.00664	0.13440	0.01038	0.13874	0.00887	0.00995	0.00658	0.00452	0.00345	0.00134	0.00389	0.01750	0.00325	0.00567
27	0.02903	0.18180	0.05156	0.02357	0.02582	0.07399	0.05971	0.03347	0.00969	0.05485	0.00783	0.00898	0.00631	0.00367	0.00344	0.00091	0.00440	0.00288	0.00249	0.41559
28	0.03518	0.05771	0.02401	0.00854	0.01140	0.01057	0.00705	0.29481	0.24496	0.12976	0.08706	0.01451	0.01243	0.00658	0.03445	0.00154	0.00419	0.00447	0.00421	0.00657
29	0.00616	0.00414	0.00477	0.00487	0.00491	0.00414	0.00280	0.00627	0.00647	0.00864	0.01451	0.10632	0.01679	0.75202	0.03678	0.00400	0.00416	0.00680	0.00274	0.00272
30	0.00637	0.00494	0.00615	0.03064	0.06013	0.00448	0.00467	0.00787	0.01035	0.04123	0.22349	0.08493	0.44483	0.00976	0.00505	0.00146	0.00259	0.04291	0.00404	0.00411
31	0.03956	0.03516	0.05338	0.13970	0.45228	0.03788	0.04986	0.07019	0.01047	0.05828	0.00851	0.01062	0.00668	0.00410	0.00420	0.00130	0.00528	0.00377	0.00243	0.00635
32	0.01185	0.00683	0.00950	0.05132	0.09423	0.00635	0.03391	0.04896	0.01143	0.31212	0.11617	0.02339	0.24149	0.00704	0.00465	0.00137	0.00348	0.00601	0.00423	0.00567
33	0.70432	0.02837	0.00806	0.00760	0.05771	0.10860	0.00568	0.01325	0.00810	0.01775	0.00620	0.00731	0.00492	0.00404	0.00291	0.00129	0.00400	0.00248	0.00256	0.00485

[dist]
# distance from previous block
# <min> <max>
0	2

[block]
# block no. 1 follows, 61 sequences, length 8
# corresponding to MSA columns:
# 144-151
name=unknown_B
#
# <colnr> <probs for GDERKNQSTAVLIFYWHMCP>
#	G	D	E	R	K	N	Q	S	T	A	V	L	I	F	Y	W	H	M	C	P
0	0.00553	0.00389	0.00485	0.00555	0.00588	0.00365	0.00365	0.00623	0.00805	0.01078	0.02315	0.59827	0.09063	0.16366	0.00833	0.00213	0.00276	0.01057	0.03907	0.00337
1	0.01022	0.00901	0.01338	0.08808	0.37868	0.03508	0.02913	0.08318	0.03491	0.03206	0.00976	0.01384	0.00857	0.11725	0.09789	0.00231	0.02413	0.00428	0.00253	0.00570
2	0.87904	0.00833	0.00633	0.00566	0.00833	0.00966	0.00467	0.01266	0.00733	0.01933	0.00600	0.00700	0.00467	0.00400	0.00267	0.00133	0.00333	0.00233	0.00267	0.00467
3	0.01015	0.00922	0.01406	0.25780	0.41041	0.05316	0.01113	0.01256	0.00988	0.05942	0.05804	0.01389	0.05218	0.00476	0.00435	0.00133	0.00502	0.00432	0.00251	0.00583
4	0.01152	0.85121	0.02257	0.00737	0.01106	0.01704	0.00737	0.01290	0.00875	0.01013	0.00599	0.00691	0.00553	0.00369	0.00276	0.00092	0.00461	0.00230	0.00184	0.00553
5	0.00605	0.00460	0.00668	0.05158	0.00883	0.00451	0.03378	0.00738	0.00886	0.01166	0.02275	0.51831	0.05197	0.01211	0.00553	0.00178	0.00325	0.23279	0.00381	0.00379
6	0.04088	0.01003	0.01044	0.00865	0.01120	0.05641	0.00687	0.48916	0.01589	0.06420	0.01352	0.20106	0.01226	0.00700	0.00447	0.00138	0.00422	0.00570	0.03050	0.00614
7	0.01066	0.01023	0.01748	0.02644	0.82174	0.01023	0.01322	0.01322	0.00981	0.01407	0.00810	0.01066	0.00682	0.00384	0.00426	0.00128	0.00512	0.00384	0.00213	0.00682

[dist]
# distance from previous block
# <min> <max>
0	40

[block]
# block no. 2 follows, 61 sequences, length 31
# corresponding to MSA columns:
# 192-222
name=unknown_C
#
# <colnr> <probs for GDERKNQSTAVLIFYWHMCP>
#	G	D	E	R	K	N	Q	S	T	A	V	L	I	F	Y	W	H	M	C	P
0	0.00544	0.00439	0.00512	0.00561	0.03123	0.00386	0.00387	0.00660	0.00971	0.01228	0.13815	0.25069	0.48555	0.01110	0.00517	0.00151	0.00234	0.00959	0.00404	0.00375
1	0.00951	0.00764	0.00899	0.00645	0.01025	0.00577	0.00517	0.01141	0.00912	0.05874	0.00817	0.00925	0.00662	0.00331	0.00325	0.00068	0.00322	0.00265	0.00271	0.82711
2	0.00864	0.02228	0.82630	0.01228	0.01864	0.01000	0.01592	0.01364	0.00909	0.01364	0.00773	0.00909	0.00546	0.00409	0.00409	0.00136	0.00637	0.00318	0.00182	0.00637
3	0.01336	0.00923	0.00999	0.00822	0.01089	0.01011	0.00661	0.34486	0.25522	0.09795	0.01384	0.01356	0.01010	0.00536	0.00408	0.00129	0.00372	0.00424	0.17082	0.00654
4	0.00711	0.00567	0.00790	0.00791	0.00927	0.00566	0.06099	0.01016	0.10740	0.01329	0.04953	0.15080	0.13017	0.01058	0.00549	0.00176	0.00362	0.40442	0.00393	0.00433
5	0.87904	0.00833	0.00633	0.00566	0.00833	0.00966	0.00467	0.01266	0.00733	0.01933	0.00600	0.00700	0.00467	0.00400	0.00267	0.00133	0.00333	0.00233	0.00267	0.00467
6	0.01173	0.00576	0.00753	0.00672	0.00857	0.00524	0.00514	0.05166	0.01112	0.35016	0.12453	0.31435	0.06131	0.00896	0.00488	0.00149	0.00302	0.00782	0.00466	0.00536
7	0.00643	0.00480	0.00578	0.00527	0.00676	0.00417	0.00400	0.00816	0.01116	0.03572	0.48649	0.03205	0.26568	0.00875	0.00487	0.00131	0.00224	0.00754	0.00431	0.09451
8	0.07082	0.00647	0.00707	0.00600	0.00808	0.00653	0.00477	0.12723	0.04415	0.17526	0.03189	0.01446	0.01059	0.00509	0.00354	0.00114	0.00291	0.00401	0.43270	0.03729
9	0.08527	0.00772	0.00990	0.00766	0.01094	0.00704	0.00632	0.07142	0.01246	0.71097	0.01572	0.01379	0.00998	0.00522	0.00420	0.00133	0.00371	0.00415	0.00506	0.00713
10	0.02800	0.00761	0.00886	0.00759	0.00986	0.00787	0.00605	0.18655	0.16255	0.17868	0.19199	0.07030	0.05706	0.00724	0.00466	0.00142	0.00337	0.04992	0.00454	0.00588
11	0.00677	0.00515	0.00620	0.00581	0.00708	0.00504	0.00438	0.02466	0.11776	0.01638	0.55134	0.04853	0.14506	0.00890	0.00527	0.02293	0.00234	0.00751	0.00449	0.00436
12	0.00615	0.00462	0.00692	0.00692	0.00769	0.00538	0.00538	0.00769	0.00692	0.01000	0.01154	0.01692	0.01077	0.03231	0.83154	0.00692	0.01154	0.00462	0.00231	0.00385
13	0.00543	0.00413	0.00500	0.00549	0.00630	0.00373	0.00396	0.00650	0.00927	0.01191	0.10528	0.40386	0.30877	0.02944	0.00569	0.00168	0.00250	0.07342	0.00404	0.00362
14	0.00675	0.00439	0.00544	0.00574	0.00630	0.00421	0.00392	0.02302	0.00846	0.05366	0.05482	0.37556	0.05981	0.27570	0.01053	0.00245	0.00319	0.06653	0.02596	0.00357
15	0.00804	0.00514	0.00623	0.00606	0.00731	0.00496	0.00450	0.03613	0.07601	0.10143	0.19099	0.27596	0.12252	0.03549	0.00542	0.00157	0.00269	0.02985	0.07524	0.00447
16	0.00617	0.00450	0.00598	0.00676	0.00754	0.00435	0.00534	0.00781	0.02468	0.01249	0.08109	0.34673	0.08973	0.01209	0.00562	0.00180	0.00313	0.36634	0.00404	0.00383
17	0.00688	0.00506	0.00567	0.00550	0.00652	0.00491	0.00394	0.08100	0.01903	0.01286	0.10326	0.09826	0.27260	0.26551	0.01017	0.00231	0.00317	0.06079	0.02879	0.00377
18	0.05741	0.00457	0.00544	0.00564	0.00640	0.00447	0.00393	0.01957	0.02849	0.02278	0.19811	0.36293	0.08098	0.13199	0.00768	0.01814	0.00275	0.00883	0.02617	0.00374
19	0.00658	0.00443	0.00513	0.00511	0.00541	0.00450	0.00318	0.03237	0.00719	0.00987	0.01483	0.08931	0.03503	0.61128	0.08995	0.00387	0.00453	0.00643	0.05793	0.00305
20	0.00612	0.00456	0.00483	0.00467	0.00621	0.00384	0.00354	0.00729	0.01009	0.06728	0.08286	0.05361	0.70907	0.01046	0.00505	0.00145	0.00228	0.00875	0.00413	0.00391
21	0.00883	0.00755	0.00883	0.00637	0.01010	0.00568	0.00507	0.01071	0.00891	0.01395	0.00809	0.03169	0.00698	0.00347	0.00325	0.00067	0.00317	0.00282	0.00259	0.85125
22	0.00610	0.00417	0.00479	0.00489	0.00506	0.00408	0.00292	0.00636	0.00699	0.00929	0.05392	0.11252	0.06339	0.66559	0.01830	0.00361	0.00379	0.01845	0.00295	0.00285
23	0.00960	0.00645	0.00806	0.05314	0.01015	0.00543	0.00537	0.01137	0.01003	0.15797	0.10898	0.06142	0.12489	0.00627	0.00418	0.00112	0.00315	0.04183	0.00360	0.36698
24	0.00624	0.00425	0.00509	0.00509	0.00523	0.00439	0.00310	0.00652	0.00638	0.00865	0.01321	0.02619	0.01479	0.70350	0.16586	0.00466	0.00548	0.00597	0.00256	0.00283
25	0.00797	0.00608	0.00741	0.00694	0.00808	0.02575	0.00527	0.13620	0.00935	0.01267	0.01418	0.04149	0.06350	0.16868	0.44626	0.00482	0.00808	0.02021	0.00286	0.00420
26	0.03660	0.04388	0.06070	0.04645	0.41356	0.06160	0.02235	0.06243	0.08367	0.07251	0.00935	0.01088	0.00734	0.00445	0.00463	0.00132	0.04536	0.00378	0.00267	0.00645
27	0.00935	0.17726	0.02629	0.00767	0.00954	0.00919	0.00647	0.09849	0.00922	0.04678	0.02820	0.05464	0.01007	0.01660	0.33218	0.04009	0.07358	0.00430	0.00265	0.03743
28	0.00607	0.00450	0.00551	0.02874	0.00702	0.00433	0.00425	0.02963	0.00888	0.01150	0.05360	0.31397	0.20171	0.19086	0.00890	0.00220	0.00311	0.10798	0.00368	0.00356
29	0.00753	0.00631	0.04510	0.02304	0.00865	0.02355	0.02506	0.04774	0.02485	0.04780	0.44783	0.16282	0.06244	0.00890	0.00502	0.00145	0.00294	0.04025	0.00424	0.00447
30	0.08930	0.00858	0.01009	0.00855	0.03276	0.04439	0.04711	0.14667	0.06733	0.17699	0.08137	0.05270	0.04921	0.00668	0.02795	0.00145	0.00412	0.02908	0.00384	0.11183

[dist]
# distance from previous block
# <min> <max>
0	34

[block]
# block no. 3 follows, 61 sequences, length 72
# corresponding to MSA columns:
# 257-293,295-329
name=unknown_D
#
# <colnr> <probs for GDERKNQSTAVLIFYWHMCP>
#	G	D	E	R	K	N	Q	S	T	A	V	L	I	F	Y	W	H	M	C	P
0	0.03621	0.04502	0.04572	0.24851	0.04213	0.02269	0.02034	0.06425	0.02025	0.09945	0.06203	0.06570	0.05729	0.01959	0.00495	0.01483	0.01926	0.02794	0.00304	0.08080
1	0.06141	0.05311	0.03426	0.00796	0.00997	0.11936	0.01758	0.09495	0.11854	0.05015	0.01394	0.05988	0.06149	0.16777	0.00811	0.00189	0.04942	0.02873	0.00319	0.03829
2	0.04500	0.02496	0.03267	0.05978	0.03740	0.06319	0.00613	0.08506	0.04224	0.05721	0.10751	0.29220	0.05646	0.04144	0.00536	0.00156	0.00367	0.00726	0.00363	0.02727
3	0.11419	0.02024	0.05708	0.05126	0.04413	0.05423	0.03542	0.09018	0.04054	0.05661	0.03880	0.07713	0.00952	0.00655	0.02092	0.00156	0.21958	0.00439	0.00284	0.05483
4	0.02680	0.02941	0.06071	0.22357	0.04901	0.00783	0.02261	0.04148	0.07798	0.05548	0.05642	0.11798	0.04772	0.03085	0.02654	0.01693	0.00442	0.01934	0.00303	0.08189
5	0.03965	0.00455	0.00506	0.00493	0.00519	0.00460	0.00291	0.02176	0.00676	0.03031	0.01352	0.04285	0.01522	0.76280	0.02009	0.00389	0.00411	0.00614	0.00274	0.00291
6	0.00858	0.00729	0.00856	0.00634	0.00983	0.00553	0.00500	0.01039	0.00887	0.01375	0.00918	0.08835	0.00848	0.00417	0.00341	0.00074	0.00312	0.00347	0.00269	0.79225
7	0.00910	0.00900	0.01288	0.01106	0.01124	0.01230	0.03308	0.01014	0.00680	0.01048	0.00687	0.04843	0.00698	0.00890	0.05306	0.00211	0.73669	0.00424	0.00201	0.00465
8	0.07288	0.06132	0.02749	0.05711	0.02781	0.28420	0.03850	0.17616	0.01179	0.01473	0.00758	0.00933	0.00619	0.00631	0.04557	0.00160	0.14004	0.00336	0.00258	0.00545
9	0.01102	0.04294	0.07379	0.03658	0.53199	0.01077	0.09150	0.10564	0.01092	0.01528	0.00860	0.02578	0.00709	0.00417	0.00431	0.00130	0.00532	0.00402	0.00239	0.00660
10	0.00532	0.00379	0.00502	0.00597	0.00622	0.00355	0.00399	0.00606	0.00819	0.01091	0.02327	0.79509	0.02785	0.05124	0.00625	0.00186	0.00260	0.02542	0.00394	0.00347
11	0.14221	0.00910	0.01039	0.00816	0.01138	0.00931	0.00671	0.27178	0.05954	0.40711	0.01330	0.01225	0.00887	0.00512	0.00409	0.00133	0.00395	0.00393	0.00456	0.00691
12	0.02194	0.01434	0.33745	0.00993	0.01403	0.00979	0.01041	0.24381	0.06577	0.07407	0.08676	0.05500	0.01166	0.00566	0.00437	0.00138	0.00483	0.01911	0.00338	0.00632
13	0.00646	0.00502	0.00659	0.00651	0.00716	0.02531	0.00483	0.00760	0.00703	0.00973	0.01328	0.02024	0.05081	0.21483	0.56646	0.00576	0.03120	0.00514	0.00244	0.00361
14	0.00539	0.00397	0.00557	0.00634	0.00670	0.00371	0.02638	0.00622	0.00830	0.01107	0.02332	0.82253	0.02788	0.01322	0.00549	0.00174	0.00263	0.01205	0.00395	0.00356
15	0.05917	0.01113	0.01214	0.00935	0.01274	0.01206	0.00772	0.64373	0.01836	0.15320	0.01118	0.01086	0.00772	0.00514	0.00423	0.00130	0.00450	0.00387	0.00439	0.00720
16	0.04823	0.00892	0.01083	0.00833	0.01168	0.00875	0.00688	0.27821	0.01475	0.53557	0.01443	0.01298	0.00936	0.00523	0.00427	0.00132	0.00401	0.00411	0.00490	0.00724
17	0.00556	0.00423	0.00491	0.00519	0.00621	0.00372	0.00376	0.00668	0.00960	0.02655	0.12280	0.31302	0.42775	0.01148	0.00524	0.00156	0.00235	0.03159	0.00411	0.00371
18	0.00562	0.00436	0.00521	0.00601	0.00651	0.02668	0.00415	0.00649	0.00869	0.01125	0.03863	0.67450	0.12750	0.01277	0.00541	0.00170	0.00266	0.04432	0.00396	0.00359
19	0.01403	0.00939	0.01013	0.00809	0.01081	0.01017	0.00658	0.49267	0.05819	0.08181	0.01221	0.01251	0.00888	0.00518	0.00396	0.00123	0.00385	0.00400	0.23992	0.00640
20	0.00528	0.00386	0.00494	0.00575	0.00617	0.00355	0.00388	0.00611	0.00855	0.01126	0.05567	0.69873	0.12696	0.03022	0.00577	0.00175	0.00248	0.01156	0.00400	0.00352
21	0.00820	0.01012	0.12258	0.01285	0.01593	0.00816	0.39395	0.01097	0.00926	0.01270	0.01367	0.27054	0.01381	0.00809	0.03635	0.00176	0.01589	0.02742	0.00274	0.00503
22	0.01370	0.01012	0.01095	0.00889	0.01179	0.01105	0.00725	0.49922	0.16365	0.05566	0.01628	0.01710	0.09885	0.00630	0.00450	0.00138	0.00413	0.04821	0.00431	0.00664
23	0.04415	0.00682	0.00808	0.00725	0.00947	0.00682	0.00586	0.01592	0.22712	0.25742	0.05948	0.02610	0.15716	0.00769	0.00473	0.00150	0.00330	0.14093	0.00448	0.00571
24	0.00993	0.00718	0.00806	0.00713	0.00918	0.00756	0.00554	0.07123	0.33411	0.10174	0.22097	0.02344	0.13629	0.02213	0.00494	0.00145	0.00301	0.00610	0.01435	0.00565
25	0.00574	0.00420	0.00516	0.00569	0.00628	0.00394	0.00397	0.01940	0.00872	0.01135	0.05433	0.44517	0.17983	0.14630	0.00806	0.00208	0.00286	0.07962	0.00381	0.00351
26	0.00524	0.00378	0.00497	0.00592	0.00623	0.00351	0.00396	0.00601	0.00832	0.01103	0.02470	0.80692	0.06675	0.01337	0.00548	0.00174	0.00248	0.01209	0.00400	0.00351
27	0.87904	0.00833	0.00633	0.00566	0.00833	0.00966	0.00467	0.01266	0.00733	0.01933	0.00600	0.00700	0.00467	0.00400	0.00267	0.00133	0.00333	0.00233	0.00267	0.00467
28	0.00627	0.00435	0.00497	0.00496	0.00568	0.00404	0.00332	0.00698	0.00843	0.03860	0.10452	0.09684	0.26980	0.38621	0.01266	0.00270	0.00319	0.02964	0.00350	0.00334
29	0.15834	0.00593	0.00704	0.00638	0.00826	0.00568	0.00490	0.01291	0.00975	0.30869	0.04798	0.25623	0.04099	0.04764	0.00525	0.00159	0.00313	0.02482	0.03939	0.00510
30	0.01152	0.85121	0.02257	0.00737	0.01106	0.01704	0.00737	0.01290	0.00875	0.01013	0.00599	0.00691	0.00553	0.00369	0.00276	0.00092	0.00461	0.00230	0.00184	0.00553
31	0.01152	0.85121	0.02257	0.00737	0.01106	0.01704	0.00737	0.01290	0.00875	0.01013	0.00599	0.00691	0.00553	0.00369	0.00276	0.00092	0.00461	0.00230	0.00184	0.00553
32	0.00549	0.00396	0.00519	0.00576	0.00628	0.00367	0.00399	0.00662	0.00946	0.01284	0.25447	0.57537	0.06685	0.01203	0.00536	0.00162	0.00235	0.01082	0.00421	0.00367
33	0.00615	0.00413	0.00473	0.00485	0.00487	0.00410	0.00277	0.00623	0.00649	0.00865	0.01473	0.12141	0.01712	0.75340	0.02005	0.00390	0.00398	0.00695	0.00277	0.00271
34	0.01160	0.83598	0.02238	0.00744	0.01110	0.03197	0.00739	0.01298	0.00882	0.01014	0.00600	0.00693	0.00553	0.00370	0.00278	0.00092	0.00466	0.00231	0.00185	0.00552
35	0.00517	0.00424	0.00456	0.00475	0.00594	0.00363	0.00346	0.00624	0.00961	0.01178	0.07711	0.20719	0.61872	0.01134	0.00517	0.00151	0.00224	0.00968	0.00404	0.00363
36	0.00813	0.00766	0.01292	0.83826	0.02967	0.00957	0.01196	0.01101	0.00861	0.01101	0.00766	0.01148	0.00574	0.00431	0.00431	0.00144	0.00574	0.00383	0.00191	0.00479
37	0.00748	0.00374	0.00561	0.00561	0.00561	0.00374	0.00374	0.00561	0.00561	0.00748	0.00748	0.01309	0.00748	0.01496	0.01684	0.87467	0.00374	0.00374	0.00187	0.00187
38	0.00813	0.00766	0.01292	0.83826	0.02967	0.00957	0.01196	0.01101	0.00861	0.01101	0.00766	0.01148	0.00574	0.00431	0.00431	0.00144	0.00574	0.00383	0.00191	0.00479
39	0.00890	0.02676	0.01179	0.01005	0.01027	0.02589	0.00822	0.00979	0.00674	0.01010	0.00705	0.01175	0.00707	0.07200	0.11841	0.02279	0.62202	0.00401	0.00200	0.00441
40	0.01066	0.01023	0.01748	0.02644	0.82174	0.01023	0.01322	0.01322	0.00981	0.01407	0.00810	0.01066	0.00682	0.00384	0.00426	0.00128	0.00512	0.00384	0.00213	0.00682
41	0.00590	0.00402	0.00495	0.00530	0.00554	0.00386	0.00336	0.00629	0.00764	0.01024	0.09260	0.33770	0.04949	0.37629	0.01327	0.05528	0.00325	0.00861	0.00334	0.00307
42	0.00734	0.00541	0.00641	0.00555	0.00696	0.00475	0.00379	0.00804	0.01838	0.01056	0.01141	0.06411	0.01209	0.39018	0.02633	0.09735	0.00379	0.00496	0.00260	0.30997
43	0.00526	0.00416	0.00465	0.00500	0.00596	0.00365	0.00355	0.00619	0.00907	0.01124	0.03467	0.30705	0.48914	0.06550	0.00632	0.00174	0.00245	0.02696	0.00391	0.00353
44	0.00893	0.00766	0.00893	0.00638	0.01021	0.00574	0.00510	0.01085	0.00893	0.01404	0.00766	0.00893	0.00638	0.00319	0.00319	0.00064	0.00319	0.00255	0.00255	0.87495
45	0.10864	0.00626	0.00755	0.00639	0.00874	0.00575	0.00508	0.02623	0.01098	0.39536	0.10163	0.09263	0.19207	0.00745	0.00449	0.00140	0.00306	0.00617	0.00456	0.00557
46	0.00542	0.00429	0.00472	0.00475	0.00584	0.00376	0.00341	0.00653	0.00969	0.01223	0.18014	0.11694	0.50790	0.10671	0.00706	0.00178	0.00241	0.00884	0.00398	0.00358
47	0.05770	0.00793	0.01015	0.00784	0.01114	0.00732	0.00647	0.10723	0.02475	0.68868	0.01577	0.01386	0.01006	0.00526	0.00425	0.00133	0.00376	0.00420	0.00508	0.00720
48	0.05894	0.01021	0.01153	0.00890	0.01222	0.01073	0.00734	0.49898	0.01691	0.28611	0.02650	0.01197	0.00887	0.00523	0.00425	0.00131	0.00427	0.00402	0.00457	0.00714
49	0.00533	0.00431	0.00474	0.00480	0.00603	0.00372	0.00356	0.00658	0.01011	0.01269	0.19295	0.12880	0.56876	0.01080	0.00515	0.00148	0.00221	0.02012	0.00414	0.00371
50	0.00893	0.00766	0.00893	0.00638	0.01021	0.00574	0.00510	0.01085	0.00893	0.01404	0.00766	0.00893	0.00638	0.00319	0.00319	0.00064	0.00319	0.00255	0.00255	0.87495
51	0.00558	0.00409	0.00529	0.00612	0.00662	0.00388	0.00431	0.00684	0.03297	0.01154	0.03831	0.66739	0.09114	0.01283	0.00547	0.00173	0.00263	0.08559	0.00402	0.00366
52	0.00533	0.00381	0.00509	0.00609	0.00638	0.00357	0.00414	0.00614	0.00833	0.01109	0.02370	0.80719	0.02831	0.01342	0.00552	0.00176	0.00257	0.05005	0.00400	0.00352
53	0.00622	0.00483	0.00576	0.00581	0.00701	0.00457	0.00449	0.00867	0.07766	0.01425	0.30253	0.10966	0.28699	0.01016	0.00520	0.00153	0.00255	0.13374	0.00428	0.00409
54	0.00687	0.00489	0.00613	0.00570	0.00687	0.00466	0.00429	0.02965	0.04825	0.03646	0.65983	0.03089	0.06888	0.04930	0.00584	0.00151	0.00234	0.01879	0.00458	0.00426
55	0.00615	0.00462	0.00692	0.00692	0.00769	0.00538	0.00538	0.00769	0.00692	0.01000	0.01154	0.01692	0.01077	0.03231	0.83154	0.00692	0.01154	0.00462	0.00231	0.00385
56	0.00748	0.00485	0.00682	0.02001	0.00778	0.00525	0.00504	0.00875	0.00751	0.08798	0.01349	0.02056	0.02884	0.19081	0.52925	0.00545	0.00874	0.03469	0.00275	0.00395
57	0.01081	0.00588	0.00750	0.00642	0.00835	0.00547	0.00504	0.04776	0.05131	0.26676	0.45867	0.02549	0.06750	0.00754	0.00478	0.00136	0.00273	0.00647	0.00485	0.00533
58	0.10137	0.51547	0.12519	0.00832	0.01208	0.06704	0.02461	0.03428	0.00940	0.03212	0.03131	0.00840	0.00669	0.00405	0.00320	0.00108	0.00487	0.00277	0.00219	0.00557
59	0.10104	0.00609	0.00794	0.07987	0.04841	0.00657	0.04211	0.02975	0.00748	0.03075	0.01136	0.02099	0.01188	0.50842	0.03027	0.00317	0.04239	0.00520	0.00258	0.00373
60	0.72700	0.05788	0.00803	0.00630	0.00908	0.03259	0.00524	0.08508	0.00872	0.01927	0.00641	0.00732	0.00498	0.00410	0.00285	0.00130	0.00365	0.00248	0.00276	0.00497
61	0.04509	0.00724	0.00731	0.00653	0.00816	0.10292	0.00502	0.06167	0.01237	0.09343	0.51026	0.02581	0.08187	0.00767	0.00472	0.00133	0.00310	0.00648	0.00434	0.00469
62	0.01071	0.00925	0.00974	0.00877	0.01120	0.01071	0.00682	0.02289	0.81396	0.01802	0.01753	0.01607	0.01315	0.00584	0.00438	0.00146	0.00341	0.00487	0.00438	0.00682
63	0.01182	0.11927	0.01344	0.02057	0.02123	0.04407	0.04574	0.27778	0.02559	0.03074	0.02048	0.01150	0.00797	0.01075	0.17100	0.00248	0.15304	0.00389	0.00295	0.00568
64	0.00568	0.00439	0.00518	0.00498	0.00618	0.00389	0.00374	0.00733	0.01121	0.01495	0.49935	0.03601	0.36222	0.00967	0.00508	0.00140	0.00209	0.00833	0.00444	0.00389
65	0.00623	0.00456	0.00580	0.00575	0.00673	0.00428	0.00431	0.03344	0.01134	0.01561	0.52016	0.18871	0.10506	0.00997	0.00519	0.00148	0.00235	0.06055	0.00447	0.00402
66	0.00572	0.00433	0.00530	0.00534	0.00638	0.00391	0.00400	0.00728	0.01076	0.01440	0.42129	0.15510	0.27124	0.01031	0.00520	0.00148	0.00227	0.05747	0.00436	0.00385
67	0.00893	0.00766	0.00893	0.00638	0.01021	0.00574	0.00510	0.01085	0.00893	0.01404	0.00766	0.00893	0.00638	0.00319	0.00319	0.00064	0.00319	0.00255	0.00255	0.87495
68	0.08162	0.02299	0.01023	0.02277	0.13317	0.07323	0.03118	0.04651	0.10151	0.04493	0.06790	0.11958	0.11649	0.00720	0.00499	0.00143	0.04635	0.04391	0.00336	0.02066
69	0.03421	0.00626	0.00845	0.00684	0.00880	0.00556	0.08579	0.01827	0.00846	0.02884	0.07108	0.03803	0.06852	0.27047	0.01040	0.05296	0.00381	0.00513	0.00286	0.26525
70	0.00599	0.00426	0.00548	0.00586	0.00656	0.00390	0.00410	0.00706	0.00903	0.02472	0.16647	0.50379	0.05611	0.08151	0.00665	0.00181	0.00267	0.04565	0.00395	0.05441
71	0.12882	0.00957	0.05112	0.24190	0.06056	0.00960	0.21556	0.03864	0.04654	0.03556	0.05591	0.01261	0.00868	0.00456	0.00446	0.00139	0.01836	0.01537	0.00259	0.03818

[dist]
# distance from previous block
# <min> <max>
5	47

[block]
# block no. 4 follows, 61 sequences, length 53
# corresponding to MSA columns:
# 377-381,394-441
name=unknown_E
#
# <colnr> <probs for GDERKNQSTAVLIFYWHMCP>
#	G	D	E	R	K	N	Q	S	T	A	V	L	I	F	Y	W	H	M	C	P
0	0.00655	0.00516	0.00592	0.00625	0.00708	0.03089	0.00440	0.04876	0.04110	0.01267	0.08555	0.56151	0.10375	0.02917	0.00555	0.00166	0.00281	0.01018	0.00396	0.02708
1	0.00560	0.00419	0.00502	0.00518	0.00598	0.00382	0.00363	0.00674	0.00956	0.01264	0.26054	0.24828	0.26085	0.12758	0.01911	0.00196	0.00263	0.00909	0.00400	0.00359
2	0.01233	0.48243	0.07789	0.00951	0.02504	0.19954	0.03125	0.04218	0.00989	0.01127	0.00651	0.00774	0.00565	0.00419	0.00399	0.00109	0.05924	0.00273	0.00203	0.00551
3	0.00526	0.00380	0.00498	0.00590	0.00623	0.00352	0.00396	0.00606	0.00842	0.01117	0.04250	0.78463	0.07115	0.01325	0.00547	0.00172	0.00247	0.01198	0.00402	0.00352
4	0.82164	0.00858	0.00677	0.00595	0.00866	0.00991	0.00490	0.06554	0.00819	0.01985	0.00629	0.00722	0.00484	0.00408	0.00278	0.00133	0.00343	0.00244	0.00278	0.00484
5	0.02298	0.00611	0.00742	0.00616	0.00825	0.00536	0.00465	0.04116	0.00917	0.10374	0.07837	0.03379	0.05366	0.13777	0.02931	0.11278	0.00360	0.02553	0.00317	0.30702
6	0.05445	0.00415	0.00504	0.00566	0.00607	0.00402	0.00378	0.00656	0.00793	0.01112	0.03362	0.55780	0.05555	0.17123	0.00862	0.01873	0.00289	0.02387	0.01551	0.00339
7	0.00615	0.00462	0.00692	0.00692	0.00769	0.00538	0.00538	0.00769	0.00692	0.01000	0.01154	0.01692	0.01077	0.03231	0.83154	0.00692	0.01154	0.00462	0.00231	0.00385
8	0.00615	0.00462	0.00692	0.00692	0.00769	0.00538	0.00538	0.00769	0.00692	0.01000	0.01154	0.01692	0.01077	0.03231	0.83154	0.00692	0.01154	0.00462	0.00231	0.00385
9	0.04133	0.00480	0.00602	0.00586	0.00708	0.00444	0.00437	0.00939	0.01037	0.13268	0.29925	0.26175	0.11357	0.02889	0.00538	0.00156	0.00259	0.03718	0.01916	0.00432
10	0.00615	0.00462	0.00692	0.00692	0.00769	0.00538	0.00538	0.00769	0.00692	0.01000	0.01154	0.01692	0.01077	0.03231	0.83154	0.00692	0.01154	0.00462	0.00231	0.00385
11	0.00689	0.00492	0.00688	0.00787	0.00884	0.00491	0.00685	0.00883	0.00986	0.01283	0.02284	0.07321	0.02490	0.01195	0.00594	0.00198	0.00392	0.76865	0.00397	0.00395
12	0.03550	0.00844	0.01015	0.00802	0.01101	0.00835	0.00654	0.25573	0.03543	0.43748	0.03013	0.01623	0.04675	0.04277	0.00515	0.00147	0.00391	0.02548	0.00471	0.00674
13	0.05530	0.00679	0.00839	0.00730	0.00952	0.00660	0.00589	0.12421	0.01177	0.34160	0.01708	0.13816	0.01487	0.03431	0.00513	0.00155	0.00357	0.12946	0.07279	0.00571
14	0.00578	0.00427	0.00544	0.00592	0.00673	0.00397	0.00445	0.00713	0.00975	0.01288	0.20815	0.32364	0.18236	0.03018	0.00578	0.00171	0.00267	0.17133	0.00413	0.00373
15	0.04401	0.00925	0.01080	0.00840	0.01165	0.00937	0.00690	0.33079	0.06206	0.38461	0.01424	0.01316	0.02489	0.00529	0.00423	0.00130	0.00400	0.00415	0.01702	0.03389
16	0.00673	0.00569	0.00600	0.00583	0.00750	0.00560	0.00453	0.01079	0.21996	0.01342	0.03495	0.03546	0.53793	0.00967	0.00498	0.00150	0.00266	0.07819	0.00410	0.00450
17	0.00623	0.00416	0.00471	0.00474	0.00475	0.00415	0.00265	0.00626	0.00633	0.00844	0.01390	0.05426	0.01607	0.82198	0.02140	0.00410	0.00412	0.00645	0.00265	0.00264
18	0.03840	0.00618	0.00652	0.00571	0.00749	0.00645	0.00450	0.15075	0.06262	0.08802	0.01363	0.01465	0.01029	0.00509	0.00343	0.00112	0.00276	0.00402	0.56330	0.00508
19	0.00950	0.00817	0.00919	0.00714	0.01052	0.00733	0.00565	0.01469	0.26563	0.01531	0.01081	0.01121	0.00854	0.00404	0.00357	0.00090	0.00326	0.00329	0.00314	0.59813
20	0.01533	0.01934	0.01329	0.01166	0.01395	0.73055	0.07113	0.01663	0.01180	0.01079	0.00678	0.00814	0.00563	0.00451	0.00443	0.00117	0.04461	0.00300	0.00220	0.00505
21	0.01631	0.01160	0.01253	0.00963	0.01301	0.01273	0.00795	0.74367	0.01953	0.06997	0.01080	0.01073	0.00760	0.00518	0.00428	0.00129	0.00461	0.00391	0.02745	0.00724
22	0.00509	0.00436	0.00436	0.00436	0.00582	0.00364	0.00327	0.00618	0.00982	0.01164	0.04364	0.04146	0.82000	0.01091	0.00509	0.00145	0.00218	0.00909	0.00400	0.00364
23	0.01609	0.02053	0.01221	0.01110	0.01332	0.83132	0.00832	0.01720	0.01221	0.01054	0.00666	0.00777	0.00555	0.00444	0.00388	0.00111	0.00777	0.00277	0.00222	0.00499
24	0.00524	0.00441	0.00457	0.00464	0.00606	0.00374	0.00356	0.00640	0.00983	0.01174	0.04200	0.04202	0.75744	0.01099	0.00516	0.00150	0.00232	0.07074	0.00400	0.00366
25	0.00530	0.00382	0.00506	0.00595	0.00627	0.00360	0.00401	0.00609	0.00822	0.01093	0.02382	0.76170	0.05964	0.02756	0.04399	0.00202	0.00293	0.01167	0.00390	0.00351
26	0.01933	0.00733	0.01000	0.00766	0.01100	0.00633	0.00633	0.02099	0.01233	0.82473	0.01699	0.01466	0.01066	0.00533	0.00433	0.00133	0.00367	0.00433	0.00533	0.00733
27	0.87904	0.00833	0.00633	0.00566	0.00833	0.00966	0.00467	0.01266	0.00733	0.01933	0.00600	0.00700	0.00467	0.00400	0.00267	0.00133	0.00333	0.00233	0.00267	0.00467
28	0.00541	0.00438	0.00480	0.00470	0.00601	0.00377	0.00352	0.00680	0.01057	0.01342	0.28877	0.03852	0.57375	0.01024	0.00509	0.00142	0.00213	0.00868	0.00423	0.00377
29	0.01609	0.02053	0.01221	0.01110	0.01332	0.83132	0.00832	0.01720	0.01221	0.01054	0.00666	0.00777	0.00555	0.00444	0.00388	0.00111	0.00777	0.00277	0.00222	0.00499
30	0.87904	0.00833	0.00633	0.00566	0.00833	0.00966	0.00467	0.01266	0.00733	0.01933	0.00600	0.00700	0.00467	0.00400	0.00267	0.00133	0.00333	0.00233	0.00267	0.00467
31	0.00632	0.00481	0.00562	0.00563	0.00674	0.00450	0.00411	0.07309	0.01072	0.01405	0.21908	0.30771	0.30006	0.01080	0.00516	0.00152	0.00247	0.00941	0.00420	0.00400
32	0.00864	0.02228	0.82630	0.01228	0.01864	0.01000	0.01592	0.01364	0.00909	0.01364	0.00773	0.00909	0.00546	0.00409	0.00409	0.00136	0.00637	0.00318	0.00182	0.00637
33	0.00702	0.00461	0.00603	0.00556	0.00675	0.00422	0.00421	0.00901	0.01216	0.07473	0.74721	0.03111	0.05362	0.00860	0.00503	0.00136	0.00215	0.00757	0.00477	0.00429
34	0.48100	0.00958	0.02930	0.00728	0.01023	0.01031	0.00612	0.25840	0.02201	0.07298	0.00973	0.02548	0.03163	0.00486	0.00347	0.00133	0.00381	0.00339	0.00341	0.00567
35	0.01013	0.01188	0.04533	0.01801	0.02242	0.01087	0.78645	0.01379	0.01014	0.01379	0.00869	0.01156	0.00651	0.00364	0.00506	0.00145	0.00724	0.00504	0.00217	0.00582
36	0.01604	0.01025	0.01139	0.00885	0.01202	0.01095	0.00727	0.55217	0.03425	0.18899	0.01222	0.01190	0.00849	0.00520	0.00419	0.00128	0.00423	0.00401	0.08930	0.00699
37	0.00524	0.00410	0.00475	0.00516	0.00606	0.00361	0.00365	0.00626	0.00933	0.01182	0.09788	0.39032	0.41278	0.01186	0.00527	0.00157	0.00231	0.01036	0.00406	0.00361
38	0.00623	0.00445	0.00561	0.00537	0.00649	0.00404	0.00404	0.00803	0.01155	0.03632	0.60895	0.07253	0.17510	0.00937	0.00510	0.00140	0.00216	0.02464	0.00458	0.00404
39	0.00520	0.00419	0.00463	0.00489	0.00598	0.00362	0.00353	0.00625	0.00952	0.01181	0.08670	0.26866	0.54693	0.01151	0.00521	0.00153	0.00226	0.00990	0.00405	0.00362
40	0.16338	0.00802	0.00956	0.00750	0.01065	0.00776	0.00618	0.12590	0.01244	0.55192	0.01413	0.01283	0.00921	0.00507	0.00400	0.00132	0.00370	0.00392	0.03573	0.00676
41	0.02950	0.00492	0.00585	0.00592	0.00703	0.00470	0.00433	0.06635	0.01012	0.06341	0.10118	0.40837	0.18049	0.01063	0.00501	0.00154	0.00265	0.02671	0.05710	0.00417
42	0.00881	0.00641	0.00735	0.00689	0.00831	0.00659	0.00517	0.24688	0.01220	0.01633	0.05429	0.37664	0.11326	0.04436	0.00567	0.00164	0.00321	0.03351	0.03780	0.00469
43	0.00744	0.00497	0.01860	0.00552	0.00685	0.00430	0.00414	0.01943	0.00993	0.11489	0.14477	0.21112	0.31907	0.08501	0.00652	0.00172	0.00269	0.00848	0.02040	0.00414
44	0.00807	0.00474	0.00586	0.00565	0.00702	0.00421	0.00423	0.00941	0.01028	0.16068	0.18120	0.25088	0.26278	0.00996	0.00499	0.00148	0.00253	0.02197	0.03969	0.00437
45	0.00580	0.00411	0.00481	0.00516	0.00589	0.00375	0.00354	0.00669	0.00872	0.02507	0.06210	0.36467	0.27677	0.14125	0.00773	0.00196	0.00263	0.00949	0.05634	0.00352
46	0.01609	0.02053	0.01221	0.01110	0.01332	0.83132	0.00832	0.01720	0.01221	0.01054	0.00666	0.00777	0.00555	0.00444	0.00388	0.00111	0.00777	0.00277	0.00222	0.00499
47	0.01164	0.82978	0.02233	0.00744	0.01111	0.01695	0.00739	0.03319	0.00905	0.01057	0.00610	0.00700	0.00557	0.00372	0.00280	0.00093	0.00461	0.00234	0.00191	0.00557
48	0.03844	0.00488	0.00582	0.00580	0.00687	0.00471	0.00417	0.03938	0.02035	0.11021	0.06648	0.37069	0.07038	0.08240	0.00617	0.00171	0.00278	0.00822	0.14630	0.00424
49	0.00564	0.00395	0.00503	0.00580	0.00623	0.00373	0.00394	0.01828	0.00851	0.01157	0.02357	0.69574	0.07196	0.03195	0.01803	0.00180	0.00265	0.01109	0.06694	0.00359
50	0.00622	0.00466	0.00684	0.00681	0.00750	0.00542	0.00522	0.00762	0.00686	0.00986	0.01161	0.01776	0.01110	0.10189	0.74762	0.00660	0.02559	0.00474	0.00233	0.00376
51	0.00532	0.00390	0.00498	0.00577	0.00623	0.00359	0.00394	0.00618	0.00863	0.01133	0.05864	0.66778	0.13863	0.02876	0.00575	0.00174	0.00250	0.02882	0.00400	0.00353
52	0.02037	0.03239	0.00865	0.00750	0.02326	0.04515	0.00557	0.11834	0.11769	0.04242	0.07914	0.20643	0.02846	0.10520	0.00665	0.00167	0.01883	0.00631	0.00361	0.12236

[dist]
# distance from previous block
# <min> <max>
2	40

[block]
# block no. 5 follows, 61 sequences, length 95
# corresponding to MSA columns:
# 538-545,568-652,655,656
name=unknown_F
#
# <colnr> <probs for GDERKNQSTAVLIFYWHMCP>
#	G	D	E	R	K	N	Q	S	T	A	V	L	I	F	Y	W	H	M	C	P
0	0.07869	0.02519	0.11841	0.07829	0.11989	0.02118	0.07078	0.01245	0.02239	0.05550	0.00799	0.02199	0.00672	0.02153	0.00761	0.00154	0.27183	0.00381	0.00230	0.05190
1	0.01091	0.06805	0.14556	0.03429	0.01241	0.02485	0.02406	0.03754	0.01014	0.15660	0.05311	0.02822	0.04000	0.00472	0.00399	0.00108	0.01468	0.00381	0.00308	0.32293
2	0.02908	0.00719	0.00895	0.00756	0.00998	0.00696	0.00595	0.12966	0.07640	0.40369	0.03398	0.23073	0.01553	0.00752	0.00462	0.00145	0.00346	0.00641	0.00470	0.00618
3	0.00888	0.00810	0.05869	0.08614	0.04996	0.01876	0.02245	0.02617	0.18610	0.04937	0.17640	0.06174	0.05459	0.00823	0.03409	0.03112	0.07051	0.04001	0.00352	0.00516
4	0.02365	0.44267	0.28829	0.04325	0.01425	0.03522	0.01027	0.02410	0.00930	0.03551	0.03311	0.00893	0.00680	0.00410	0.00344	0.00113	0.00520	0.00293	0.00209	0.00578
5	0.01392	0.01024	0.01247	0.26902	0.01807	0.02830	0.00909	0.44625	0.01538	0.10434	0.01017	0.01140	0.00728	0.01918	0.00460	0.00139	0.00500	0.00393	0.00359	0.00640
6	0.00942	0.00942	0.01319	0.01131	0.01131	0.01319	0.00942	0.01037	0.00660	0.01037	0.00565	0.00942	0.00565	0.00754	0.01414	0.00188	0.84073	0.00377	0.00188	0.00471
7	0.01884	0.00433	0.00604	0.08372	0.02502	0.00432	0.00498	0.00676	0.00833	0.01122	0.02165	0.72616	0.02552	0.01228	0.00533	0.00171	0.00289	0.02347	0.00375	0.00371
8	0.00619	0.00416	0.00482	0.00497	0.00503	0.00414	0.00293	0.00635	0.00662	0.00882	0.01502	0.11472	0.01738	0.72661	0.01954	0.00383	0.00399	0.03930	0.00281	0.00276
9	0.01626	0.01201	0.01286	0.00989	0.01331	0.01330	0.00816	0.79102	0.03680	0.02696	0.01049	0.01046	0.00745	0.00519	0.00431	0.00130	0.00471	0.00390	0.00431	0.00731
10	0.00760	0.00444	0.00579	0.00603	0.00692	0.00403	0.00426	0.00859	0.00925	0.14184	0.08375	0.54975	0.09361	0.04532	0.00591	0.00173	0.00269	0.01013	0.00421	0.00413
11	0.00651	0.00477	0.00646	0.00635	0.00727	0.00518	0.00490	0.01683	0.00825	0.02265	0.09065	0.04541	0.13172	0.04354	0.47572	0.00462	0.03450	0.02213	0.05861	0.00392
12	0.00598	0.00414	0.00502	0.00542	0.00567	0.00403	0.00353	0.00647	0.00742	0.00979	0.01899	0.27532	0.05713	0.46951	0.01450	0.00309	0.00356	0.09410	0.00324	0.00307
13	0.00565	0.00425	0.00531	0.00596	0.00678	0.00392	0.00451	0.00685	0.00927	0.01187	0.05715	0.37976	0.26604	0.01216	0.00547	0.00170	0.00275	0.20290	0.00402	0.00367
14	0.00613	0.00430	0.00540	0.00593	0.00668	0.00400	0.00421	0.00752	0.03721	0.04492	0.08029	0.54393	0.16971	0.01204	0.00533	0.00165	0.00256	0.05020	0.00411	0.00386
15	0.00893	0.00766	0.00893	0.00638	0.01021	0.00574	0.00510	0.01085	0.00893	0.01404	0.00766	0.00893	0.00638	0.00319	0.00319	0.00064	0.00319	0.00255	0.00255	0.87495
16	0.00605	0.00402	0.00484	0.00513	0.00520	0.00395	0.00308	0.00614	0.00679	0.00905	0.01609	0.26171	0.01880	0.55431	0.01688	0.06067	0.00367	0.00781	0.00296	0.00282
17	0.00611	0.00432	0.00532	0.00560	0.00646	0.00397	0.00399	0.00748	0.02710	0.04323	0.19542	0.39134	0.21432	0.04420	0.00590	0.00167	0.00248	0.02308	0.00416	0.00384
18	0.68926	0.00804	0.00705	0.00606	0.00881	0.00887	0.00498	0.01418	0.00829	0.17989	0.00822	0.00865	0.00592	0.00449	0.00329	0.01950	0.00341	0.00276	0.00318	0.00514
19	0.00644	0.00478	0.00604	0.00566	0.00680	0.00458	0.00427	0.00925	0.07500	0.01723	0.74248	0.03108	0.05268	0.00861	0.00503	0.00136	0.00214	0.00758	0.00470	0.00427
20	0.01406	0.00992	0.01071	0.00856	0.01136	0.01085	0.00701	0.56558	0.04680	0.03859	0.02796	0.01383	0.00973	0.00554	0.00416	0.00128	0.00408	0.03936	0.16413	0.00648
21	0.00747	0.00465	0.00591	0.00605	0.00693	0.00442	0.00431	0.03644	0.00924	0.10155	0.06615	0.44319	0.09433	0.10508	0.04987	0.00217	0.00333	0.02558	0.01929	0.00404
22	0.21577	0.00781	0.00927	0.00728	0.01048	0.00743	0.00601	0.05807	0.01148	0.57682	0.01387	0.01252	0.00900	0.00496	0.00392	0.00131	0.00363	0.00380	0.00459	0.03198
23	0.00540	0.00381	0.00495	0.00580	0.00601	0.00360	0.00379	0.00604	0.00794	0.01059	0.02219	0.72076	0.02653	0.14121	0.00801	0.00212	0.00276	0.01133	0.00379	0.00336
24	0.00620	0.00405	0.00541	0.00588	0.00632	0.00391	0.00409	0.00661	0.00791	0.02575	0.04492	0.41022	0.08133	0.09080	0.06768	0.16239	0.00359	0.05626	0.00341	0.00327
25	0.00938	0.00775	0.01203	0.06381	0.25354	0.02486	0.06836	0.05322	0.00945	0.04250	0.02809	0.05308	0.02395	0.01125	0.15669	0.08334	0.01676	0.02991	0.04691	0.00510
26	0.00818	0.00682	0.00962	0.00865	0.00877	0.00886	0.00681	0.00841	0.00636	0.00940	0.00763	0.01296	0.00767	0.07840	0.13824	0.23003	0.43342	0.00408	0.00200	0.00368
27	0.01609	0.02053	0.01221	0.01110	0.01332	0.83132	0.00832	0.01720	0.01221	0.01054	0.00666	0.00777	0.00555	0.00444	0.00388	0.00111	0.00777	0.00277	0.00222	0.00499
28	0.00812	0.00531	0.00827	0.19734	0.06362	0.00579	0.00637	0.03265	0.00703	0.00933	0.00765	0.01248	0.00704	0.01151	0.01277	0.59162	0.00432	0.00377	0.00197	0.00303
29	0.00652	0.00435	0.00632	0.00632	0.00683	0.00483	0.00466	0.00707	0.00657	0.00931	0.01080	0.01715	0.01048	0.11272	0.53463	0.21919	0.00871	0.00456	0.01576	0.00324
30	0.00893	0.00766	0.00893	0.00638	0.01021	0.00574	0.00510	0.01085	0.00893	0.01404	0.00766	0.00893	0.00638	0.00319	0.00319	0.00064	0.00319	0.00255	0.00255	0.87495
31	0.01891	0.00800	0.01041	0.00798	0.01133	0.00733	0.00659	0.13261	0.01345	0.71152	0.01605	0.01405	0.01019	0.00531	0.00433	0.00133	0.00382	0.00427	0.00519	0.00733
32	0.00940	0.00902	0.02838	0.49862	0.28716	0.01000	0.02443	0.04680	0.02076	0.01290	0.00807	0.01119	0.00628	0.00420	0.00430	0.00138	0.00550	0.00386	0.00213	0.00563
33	0.00896	0.00519	0.00675	0.00599	0.00752	0.00480	0.00462	0.02547	0.02877	0.17366	0.60627	0.04217	0.03299	0.00803	0.00488	0.00135	0.00243	0.00701	0.01832	0.00480
34	0.00626	0.00418	0.00470	0.00470	0.00470	0.00418	0.00261	0.00626	0.00626	0.00835	0.01357	0.02819	0.01566	0.84862	0.02192	0.00418	0.00418	0.00626	0.00261	0.00261
35	0.00655	0.00489	0.00619	0.00553	0.00698	0.00431	0.00419	0.00854	0.01160	0.01666	0.66893	0.02851	0.04785	0.00792	0.00476	0.00124	0.00221	0.00695	0.01894	0.13724
36	0.87904	0.00833	0.00633	0.00566	0.00833	0.00966	0.00467	0.01266	0.00733	0.01933	0.00600	0.00700	0.00467	0.00400	0.00267	0.00133	0.00333	0.00233	0.00267	0.00467
