[name]
unknown

[dist]
# distance from previous block
# <min> <max>
0	62

[block]
# block no. 0 follows, 71 sequences, length 21
# corresponding to MSA columns:
# 63-83
name=unknown_A
#
# <colnr> <probs for GDERKNQSTAVLIFYWHMCP>
#	G	D	E	R	K	N	Q	S	T	A	V	L	I	F	Y	W	H	M	C	P
0	0.00508	0.00389	0.00451	0.00438	0.00544	0.00345	0.00328	0.00641	0.00957	0.01268	0.40663	0.03155	0.41367	0.00914	0.02098	0.01863	0.00206	0.00726	0.02798	0.00339
1	0.00470	0.00336	0.00448	0.00532	0.00557	0.00313	0.00356	0.00541	0.00748	0.01001	0.05366	0.82958	0.02579	0.01185	0.00488	0.00154	0.00221	0.01074	0.00359	0.00313
2	0.00854	0.00644	0.00499	0.00480	0.00591	0.16833	0.00360	0.01018	0.00859	0.01334	0.01123	0.01286	0.00888	0.00437	0.00283	0.00091	0.00279	0.00336	0.71432	0.00374
3	0.00535	0.00392	0.00502	0.00475	0.00568	0.00359	0.00356	0.00709	0.01068	0.01497	0.77394	0.02932	0.10181	0.00799	0.00452	0.00121	0.00182	0.00703	0.00417	0.00359
4	0.01720	0.00653	0.00890	0.00682	0.00979	0.00564	0.00564	0.01869	0.01097	0.84399	0.01513	0.01305	0.00949	0.00475	0.00386	0.00119	0.00326	0.00386	0.00475	0.00653
5	0.00769	0.01983	0.84538	0.01093	0.01659	0.00890	0.01417	0.01214	0.00810	0.01214	0.00688	0.00810	0.00486	0.00364	0.00364	0.00121	0.00567	0.00283	0.00162	0.00567
6	0.00949	0.00911	0.01556	0.02353	0.84133	0.00911	0.01177	0.01177	0.00873	0.01253	0.00721	0.00949	0.00607	0.00342	0.00380	0.00114	0.00456	0.00342	0.00190	0.00607
7	0.00937	0.00917	0.00861	0.00658	0.00970	0.17154	0.00518	0.03141	0.00878	0.01218	0.00670	0.00778	0.00555	0.00310	0.00299	0.00067	0.00368	0.00234	0.00225	0.69243
8	0.01472	0.01050	0.01136	0.00871	0.01177	0.01154	0.00720	0.78319	0.01763	0.07008	0.00954	0.00942	0.00669	0.00461	0.00384	0.00115	0.00417	0.00347	0.00389	0.00652
9	0.00479	0.00389	0.00425	0.00416	0.00534	0.00335	0.00312	0.00601	0.00936	0.01182	0.27228	0.03449	0.60542	0.00916	0.00453	0.00127	0.00190	0.00775	0.00375	0.00335
10	0.01669	0.00735	0.00941	0.00721	0.01020	0.00686	0.00596	0.17661	0.01235	0.68412	0.01397	0.01230	0.00891	0.00472	0.00385	0.00118	0.00345	0.00378	0.00457	0.00652
11	0.00924	0.00902	0.01458	0.18614	0.64904	0.04203	0.01138	0.01152	0.00861	0.01187	0.00708	0.00953	0.00584	0.00352	0.00379	0.00116	0.00476	0.00338	0.00186	0.00565
12	0.03918	0.00902	0.05459	0.00780	0.01086	0.02172	0.00668	0.29694	0.06904	0.42507	0.01226	0.01126	0.00815	0.00462	0.00379	0.00118	0.00376	0.00362	0.00410	0.00635
13	0.00507	0.00388	0.00465	0.00452	0.00553	0.00346	0.00337	0.00653	0.00993	0.01332	0.51568	0.07540	0.31730	0.00871	0.00455	0.00126	0.00188	0.00755	0.00395	0.00346
14	0.01493	0.00814	0.00962	0.00757	0.01041	0.00829	0.00619	0.29052	0.13964	0.42379	0.01316	0.01198	0.00884	0.00476	0.00383	0.00119	0.00352	0.00379	0.02346	0.00639
15	0.18913	0.04851	0.11202	0.02330	0.08132	0.08205	0.22813	0.11061	0.02579	0.03124	0.00746	0.01969	0.00578	0.00382	0.00373	0.00119	0.01537	0.00336	0.00231	0.00518
16	0.00580	0.00530	0.00638	0.00589	0.00676	0.00591	0.00466	0.00692	0.02277	0.01019	0.04199	0.05863	0.52860	0.00878	0.00696	0.00142	0.25977	0.00668	0.00301	0.00358
17	0.00467	0.00334	0.00445	0.00534	0.00556	0.00311	0.00356	0.00534	0.00734	0.00979	0.02113	0.86275	0.02536	0.01201	0.00489	0.00156	0.00222	0.01090	0.00356	0.00311
18	0.21668	0.00942	0.00969	0.00763	0.01045	0.01040	0.00629	0.55431	0.01453	0.08014	0.00885	0.00897	0.00630	0.00437	0.00346	0.00115	0.00378	0.00317	0.03454	0.00587
19	0.71289	0.02112	0.00729	0.02371	0.03327	0.04033	0.03062	0.03675	0.03975	0.01651	0.00604	0.00697	0.00469	0.00366	0.00266	0.00118	0.00337	0.00236	0.00241	0.00441
20	0.68737	0.00873	0.03187	0.02851	0.00918	0.05209	0.02540	0.09414	0.00805	0.01704	0.00590	0.00683	0.00452	0.00369	0.00271	0.00118	0.00352	0.00235	0.00245	0.00448

[dist]
# distance from previous block
# <min> <max>
6	8

[block]
# block no. 1 follows, 71 sequences, length 12
# corresponding to MSA columns:
# 96-107
name=unknown_B
#
# <colnr> <probs for GDERKNQSTAVLIFYWHMCP>
#	G	D	E	R	K	N	Q	S	T	A	V	L	I	F	Y	W	H	M	C	P
0	0.21815	0.04792	0.01022	0.14626	0.14182	0.03195	0.03549	0.03704	0.04137	0.06860	0.00929	0.08674	0.00823	0.00486	0.00375	0.00122	0.02331	0.03994	0.00253	0.04129
1	0.01031	0.13944	0.02351	0.00800	0.00985	0.23588	0.01777	0.08619	0.02545	0.02214	0.03622	0.02741	0.03423	0.00715	0.08454	0.00159	0.13429	0.00343	0.05418	0.03843
2	0.02641	0.00862	0.01431	0.08728	0.35689	0.03932	0.18432	0.01153	0.03531	0.02488	0.07399	0.01327	0.00941	0.00427	0.00402	0.00120	0.00464	0.05312	0.00231	0.04489
3	0.00558	0.00397	0.00568	0.00568	0.00618	0.00447	0.00419	0.00646	0.00596	0.00845	0.01038	0.01686	0.01026	0.19746	0.62270	0.06776	0.00845	0.00435	0.00208	0.00308
4	0.00671	0.00554	0.00544	0.00515	0.00644	0.06368	0.00389	0.00963	0.13945	0.01334	0.26610	0.02496	0.27170	0.00715	0.00404	0.00118	0.00240	0.00600	0.15326	0.00394
5	0.00955	0.00882	0.01347	0.05677	0.56582	0.02738	0.01000	0.07773	0.00938	0.01323	0.00783	0.01068	0.00667	0.00377	0.00372	0.00109	0.00432	0.03808	0.00217	0.12950
6	0.01339	0.01677	0.01026	0.00935	0.01121	0.76123	0.00701	0.01446	0.01086	0.01001	0.09321	0.00919	0.00821	0.00436	0.00357	0.00101	0.00638	0.00294	0.00221	0.00436
7	0.00536	0.00401	0.00567	0.00571	0.00636	0.00446	0.00431	0.00652	0.00640	0.00893	0.01362	0.05788	0.08810	0.11086	0.64759	0.00525	0.00845	0.00495	0.00229	0.00328
8	0.02585	0.33950	0.16463	0.06126	0.06505	0.01111	0.01858	0.07899	0.04875	0.03225	0.03433	0.00919	0.00689	0.00503	0.04123	0.00129	0.02811	0.00298	0.01982	0.00515
9	0.00550	0.00373	0.00416	0.00416	0.00425	0.00368	0.00236	0.00557	0.00580	0.00764	0.01395	0.02592	0.07177	0.80534	0.01847	0.00355	0.00359	0.00575	0.00241	0.00239
10	0.01014	0.25849	0.03181	0.07580	0.04745	0.05416	0.08568	0.13031	0.12720	0.02258	0.05646	0.02360	0.00864	0.00446	0.00390	0.00113	0.03730	0.01313	0.00258	0.00520
11	0.06066	0.00444	0.00565	0.00545	0.00609	0.00485	0.01998	0.00736	0.04299	0.00936	0.01099	0.01858	0.01111	0.37618	0.36711	0.00435	0.00640	0.00460	0.03072	0.00316

[dist]
# distance from previous block
# <min> <max>
1	11

[block]
# block no. 2 follows, 71 sequences, length 19
# corresponding to MSA columns:
# 119-129,160-167
name=unknown_C
#
# <colnr> <probs for GDERKNQSTAVLIFYWHMCP>
#	G	D	E	R	K	N	Q	S	T	A	V	L	I	F	Y	W	H	M	C	P
0	0.00972	0.02956	0.00664	0.00576	0.02701	0.03437	0.00438	0.13475	0.06226	0.09511	0.03525	0.01322	0.00977	0.00458	0.00314	0.00100	0.00268	0.00364	0.51256	0.00459
1	0.01054	0.17347	0.12571	0.05684	0.01396	0.07449	0.14606	0.17431	0.13872	0.01414	0.00843	0.00933	0.00645	0.00405	0.00388	0.00115	0.02718	0.00334	0.00250	0.00546
2	0.00597	0.00401	0.00514	0.00500	0.00578	0.00380	0.00370	0.00738	0.00942	0.03962	0.51755	0.02887	0.02827	0.18949	0.00773	0.00180	0.00247	0.10648	0.02410	0.00342
3	0.00818	0.00689	0.00746	0.00683	0.00862	0.00767	0.00526	0.01614	0.58115	0.01526	0.17885	0.04764	0.08113	0.00630	0.00411	0.00129	0.00268	0.00536	0.00393	0.00527
4	0.00592	0.00420	0.00562	0.00614	0.00689	0.00414	0.00504	0.00738	0.00863	0.01144	0.15650	0.03769	0.04249	0.14956	0.00747	0.00198	0.00324	0.52886	0.00345	0.00334
5	0.00974	0.00834	0.00878	0.00784	0.01005	0.00963	0.00612	0.05281	0.80164	0.01637	0.01535	0.01410	0.01150	0.00518	0.00390	0.00129	0.00308	0.00430	0.00390	0.00609
6	0.01423	0.00856	0.00966	0.00752	0.01025	0.00899	0.00618	0.49024	0.01467	0.24639	0.01129	0.01098	0.00780	0.00462	0.00368	0.00112	0.00361	0.00358	0.13050	0.00610
7	0.00538	0.00389	0.00509	0.00485	0.00572	0.00359	0.00361	0.00712	0.01065	0.01505	0.79127	0.07762	0.03554	0.00808	0.00454	0.00123	0.00183	0.00717	0.00418	0.00359
8	0.01018	0.00625	0.00823	0.08795	0.02064	0.00633	0.02376	0.14602	0.05462	0.22132	0.08434	0.24959	0.03684	0.00710	0.00425	0.00131	0.00323	0.01937	0.00374	0.00493
9	0.89233	0.00741	0.00564	0.00504	0.00741	0.00860	0.00415	0.01127	0.00653	0.01720	0.00534	0.00623	0.00415	0.00356	0.00237	0.00119	0.00297	0.00208	0.00237	0.00415
10	0.00839	0.00839	0.01174	0.01007	0.01007	0.01174	0.00839	0.00923	0.00587	0.00923	0.00503	0.00839	0.00503	0.00671	0.01258	0.00168	0.85823	0.00336	0.00168	0.00419
11	0.00508	0.00385	0.00473	0.00533	0.00592	0.00368	0.00373	0.00662	0.07114	0.01043	0.02392	0.61596	0.17331	0.01102	0.00477	0.00150	0.00228	0.03977	0.00358	0.00338
12	0.00790	0.00686	0.02581	0.01677	0.00882	0.00739	0.00556	0.03648	0.44812	0.01372	0.04004	0.09678	0.09225	0.04117	0.06158	0.00177	0.02100	0.05954	0.00351	0.00492
13	0.12979	0.03341	0.25282	0.03526	0.01297	0.16108	0.03688	0.15322	0.06284	0.06038	0.00799	0.00869	0.00588	0.00401	0.00349	0.00115	0.00489	0.00299	0.01690	0.00535
14	0.00777	0.00579	0.00746	0.00684	0.00805	0.03356	0.05507	0.08385	0.04217	0.07013	0.07892	0.26378	0.08459	0.02610	0.03883	0.07124	0.04061	0.06802	0.00326	0.00396
15	0.00980	0.54025	0.19471	0.03670	0.01205	0.03589	0.02003	0.03571	0.00828	0.02332	0.01772	0.00738	0.00549	0.00364	0.00327	0.00098	0.03541	0.00250	0.00180	0.00508
16	0.00568	0.00386	0.00436	0.00434	0.00444	0.00388	0.00251	0.00608	0.03142	0.00800	0.03877	0.04208	0.01481	0.79377	0.01825	0.00352	0.00360	0.00569	0.00246	0.00250
17	0.11106	0.14697	0.12609	0.01593	0.03607	0.00883	0.01630	0.07603	0.09345	0.08175	0.06594	0.01049	0.00856	0.00462	0.01977	0.00115	0.01663	0.00321	0.02693	0.13023
18	0.04209	0.21584	0.07589	0.02182	0.06164	0.06420	0.04896	0.11792	0.02640	0.03432	0.00722	0.00845	0.00586	0.02218	0.00364	0.00100	0.01352	0.00279	0.00230	0.22397

[dist]
# distance from previous block
# <min> <max>
5	23

[block]
# block no. 3 follows, 71 sequences, length 16
# corresponding to MSA columns:
# 192-207
name=unknown_D
#
# <colnr> <probs for GDERKNQSTAVLIFYWHMCP>
#	G	D	E	R	K	N	Q	S	T	A	V	L	I	F	Y	W	H	M	C	P
0	0.03832	0.08365	0.07359	0.04161	0.18466	0.05535	0.01648	0.22592	0.01059	0.01443	0.00856	0.01167	0.00730	0.01860	0.11458	0.00186	0.03447	0.05064	0.00249	0.00523
1	0.00753	0.00477	0.00557	0.00536	0.04402	0.00444	0.00385	0.03237	0.00864	0.03798	0.09295	0.01526	0.05054	0.00587	0.04327	0.00116	0.00263	0.00390	0.46751	0.16238
2	0.01055	0.17557	0.02558	0.03007	0.02384	0.16699	0.03447	0.07394	0.04441	0.05012	0.03092	0.00876	0.00673	0.00366	0.00321	0.00088	0.00421	0.00278	0.00241	0.30090
3	0.00757	0.00621	0.00752	0.00573	0.00846	0.00500	0.02293	0.00908	0.00814	0.04207	0.03370	0.03856	0.13652	0.02871	0.00403	0.00089	0.02775	0.00377	0.00262	0.60074
4	0.11077	0.08087	0.13024	0.05092	0.11874	0.02033	0.06399	0.10214	0.00899	0.03984	0.03790	0.02629	0.01811	0.07644	0.04361	0.00159	0.02645	0.00363	0.00238	0.03678
5	0.01011	0.09495	0.16235	0.09095	0.06929	0.06257	0.06327	0.14916	0.03986	0.06558	0.04475	0.03576	0.02621	0.00487	0.01224	0.00124	0.05526	0.00373	0.00256	0.00526
6	0.00477	0.00341	0.00455	0.00540	0.00568	0.00319	0.00368	0.00553	0.00754	0.01007	0.05061	0.79536	0.02560	0.01180	0.00490	0.00155	0.00227	0.04738	0.00358	0.00315
7	0.00554	0.00370	0.00419	0.00423	0.00424	0.00369	0.00238	0.00557	0.00566	0.00754	0.01249	0.06284	0.01445	0.82680	0.01886	0.00362	0.00365	0.00582	0.00238	0.00236
8	0.04910	0.37164	0.12440	0.02157	0.03481	0.06722	0.02525	0.07226	0.09755	0.01182	0.00742	0.00872	0.00619	0.03336	0.02260	0.00125	0.03477	0.00285	0.00214	0.00508
9	0.03232	0.04690	0.09546	0.00699	0.01006	0.00629	0.00633	0.01661	0.01035	0.63305	0.05959	0.01300	0.01020	0.00471	0.00374	0.00117	0.00342	0.00380	0.02995	0.00607
10	0.02036	0.08952	0.07039	0.06985	0.04690	0.00700	0.02486	0.01080	0.02068	0.05329	0.00724	0.00840	0.00579	0.00319	0.00307	0.00078	0.00351	0.00258	0.00225	0.54953
11	0.00536	0.00416	0.00474	0.00469	0.00582	0.00374	0.00345	0.00699	0.05279	0.02584	0.20146	0.19314	0.41467	0.02020	0.00469	0.00133	0.00210	0.00789	0.00368	0.03325
12	0.04783	0.00749	0.04673	0.05863	0.04459	0.04667	0.09646	0.06910	0.05582	0.01325	0.19526	0.07221	0.16116	0.01982	0.00484	0.00131	0.04590	0.00555	0.00306	0.00434
13	0.03412	0.06342	0.11826	0.05696	0.15331	0.02896	0.04220	0.05252	0.22698	0.02163	0.06803	0.01285	0.04591	0.00487	0.00416	0.02356	0.01474	0.00391	0.00273	0.02087
14	0.01896	0.02664	0.06598	0.05538	0.19607	0.03886	0.04196	0.07785	0.12678	0.03657	0.10124	0.05134	0.02190	0.08577	0.01948	0.00153	0.02146	0.00447	0.00278	0.00499
15	0.00576	0.01484	0.00559	0.03569	0.00682	0.00427	0.00406	0.03470	0.01909	0.01344	0.45007	0.05816	0.21271	0.03079	0.02373	0.00143	0.00245	0.05555	0.00374	0.01711

[dist]
# distance from previous block
# <min> <max>
1	24

[block]
# block no. 4 follows, 71 sequences, length 40
# corresponding to MSA columns:
# 236-243,247-275,277-279
name=unknown_E
#
# <colnr> <probs for GDERKNQSTAVLIFYWHMCP>
#	G	D	E	R	K	N	Q	S	T	A	V	L	I	F	Y	W	H	M	C	P
0	0.00897	0.03471	0.05557	0.06310	0.46156	0.00855	0.09894	0.04568	0.01942	0.03100	0.02830	0.03749	0.08078	0.00443	0.00395	0.00119	0.00442	0.00420	0.00228	0.00546
1	0.13354	0.10108	0.04132	0.02356	0.17415	0.07335	0.00724	0.09940	0.03471	0.14003	0.04932	0.05749	0.00878	0.00457	0.00361	0.00114	0.01297	0.00365	0.00284	0.02727
2	0.00521	0.00392	0.00440	0.00439	0.00552	0.00340	0.00327	0.00637	0.00908	0.03826	0.20393	0.12948	0.52326	0.00935	0.00453	0.00130	0.00201	0.01999	0.01891	0.00342
3	0.02590	0.00817	0.11506	0.00776	0.02772	0.00648	0.02942	0.04728	0.01816	0.46340	0.06297	0.01376	0.01035	0.06804	0.02873	0.00153	0.03688	0.00399	0.01879	0.00562
4	0.02308	0.23182	0.15635	0.08341	0.14187	0.06777	0.10011	0.05920	0.04535	0.04556	0.00739	0.00867	0.00577	0.00367	0.00348	0.00110	0.00488	0.00307	0.00210	0.00536
5	0.01415	0.01792	0.01079	0.00980	0.01179	0.81996	0.00736	0.01549	0.04017	0.00962	0.00627	0.00718	0.00518	0.00400	0.00347	0.00100	0.00678	0.00254	0.00204	0.00450
6	0.00457	0.00374	0.00403	0.00427	0.00528	0.00320	0.00308	0.00546	0.00837	0.01021	0.03419	0.25384	0.62584	0.01032	0.00463	0.00136	0.00202	0.00883	0.00356	0.00320
7	0.00889	0.00963	0.14938	0.13906	0.20714	0.00805	0.10881	0.05510	0.03758	0.07192	0.02415	0.06048	0.02137	0.02943	0.04020	0.00152	0.00487	0.01484	0.00241	0.00518
8	0.01071	0.04358	0.04693	0.12112	0.20649	0.10773	0.09153	0.06967	0.05622	0.11272	0.00879	0.01055	0.00680	0.00516	0.03993	0.00140	0.03741	0.01543	0.00248	0.00536
9	0.00821	0.01430	0.40093	0.01224	0.04419	0.05993	0.26836	0.01151	0.00849	0.01173	0.00891	0.11647	0.00779	0.00458	0.00407	0.00127	0.00552	0.00438	0.00200	0.00513
10	0.05336	0.00682	0.00862	0.00677	0.00950	0.00634	0.00554	0.12168	0.01139	0.62061	0.01481	0.04891	0.03348	0.00512	0.00382	0.00119	0.00325	0.00414	0.02855	0.00610
11	0.04435	0.00756	0.03878	0.59995	0.06337	0.00844	0.07716	0.01056	0.03721	0.02202	0.00768	0.02827	0.00601	0.00467	0.02738	0.00141	0.00511	0.00364	0.00193	0.00451
12	0.08597	0.02332	0.04097	0.09009	0.07571	0.23712	0.09100	0.05631	0.05087	0.01177	0.00768	0.00975	0.00632	0.00841	0.15547	0.00206	0.03708	0.00329	0.00216	0.00465
13	0.01450	0.00598	0.00777	0.00617	0.00865	0.00534	0.00502	0.04438	0.01065	0.61413	0.04760	0.01473	0.04559	0.00503	0.00372	0.00114	0.00295	0.00410	0.14677	0.00580
14	0.01019	0.35354	0.04569	0.12951	0.04906	0.06684	0.10600	0.07717	0.08065	0.02451	0.00735	0.00858	0.00589	0.00376	0.00346	0.00107	0.01646	0.00301	0.00214	0.00514
15	0.03367	0.00609	0.00832	0.03424	0.14886	0.01749	0.00621	0.01077	0.06184	0.15169	0.05971	0.10326	0.09215	0.04074	0.09653	0.00194	0.04336	0.07542	0.00313	0.00459
16	0.00478	0.00344	0.00453	0.00525	0.00561	0.00320	0.00359	0.00560	0.00780	0.01044	0.10953	0.72293	0.06089	0.01144	0.00485	0.00151	0.00219	0.02561	0.00363	0.00318
17	0.00559	0.00405	0.00520	0.00558	0.00628	0.00395	0.00436	0.00677	0.00806	0.01056	0.10344	0.08385	0.14260	0.19644	0.06167	0.00233	0.00351	0.33930	0.00325	0.00320
18	0.00455	0.00389	0.00391	0.00391	0.00519	0.00325	0.00293	0.00554	0.00879	0.01048	0.05765	0.03671	0.82090	0.00967	0.00453	0.00129	0.00194	0.00806	0.00358	0.00325
19	0.00666	0.00333	0.00500	0.00500	0.00500	0.00333	0.00333	0.00500	0.00500	0.00666	0.00666	0.01166	0.00666	0.01332	0.01499	0.88844	0.00333	0.00333	0.00167	0.00167
20	0.00954	0.00824	0.00867	0.00780	0.00997	0.00954	0.00607	0.02037	0.83441	0.01604	0.01561	0.01431	0.01170	0.00520	0.00390	0.00130	0.00303	0.00433	0.00390	0.00607
21	0.01025	0.86756	0.02009	0.00656	0.00984	0.01517	0.00656	0.01148	0.00779	0.00902	0.00533	0.00615	0.00492	0.00328	0.00246	0.00082	0.00410	0.00205	0.00164	0.00492
22	0.00715	0.00357	0.00357	0.00357	0.00447	0.00357	0.00268	0.00893	0.00804	0.01429	0.01251	0.01429	0.00983	0.00447	0.00268	0.00089	0.00179	0.00357	0.88654	0.00357
23	0.01025	0.86756	0.02009	0.00656	0.00984	0.01517	0.00656	0.01148	0.00779	0.00902	0.00533	0.00615	0.00492	0.00328	0.00246	0.00082	0.00410	0.00205	0.00164	0.00492
24	0.00718	0.00673	0.01132	0.83481	0.02589	0.00838	0.01047	0.00969	0.00766	0.00980	0.00717	0.03150	0.00562	0.00404	0.00386	0.00128	0.00504	0.00359	0.00175	0.00423
25	0.00769	0.01983	0.84538	0.01093	0.01659	0.00890	0.01417	0.01214	0.00810	0.01214	0.00688	0.00810	0.00486	0.00364	0.00364	0.00121	0.00567	0.00283	0.00162	0.00567
26	0.89233	0.00741	0.00564	0.00504	0.00741	0.00860	0.00415	0.01127	0.00653	0.01720	0.00534	0.00623	0.00415	0.00356	0.00237	0.00119	0.00297	0.00208	0.00237	0.00415
27	0.00769	0.01983	0.84538	0.01093	0.01659	0.00890	0.01417	0.01214	0.00810	0.01214	0.00688	0.00810	0.00486	0.00364	0.00364	0.00121	0.00567	0.00283	0.00162	0.00567
28	0.00903	0.00881	0.00950	0.00848	0.00918	0.17108	0.00675	0.01003	0.00716	0.04637	0.00748	0.01096	0.00691	0.05563	0.22170	0.00274	0.38190	0.00351	0.01873	0.00404
29	0.00453	0.00388	0.00388	0.00388	0.00518	0.00324	0.00291	0.00550	0.00874	0.01036	0.03884	0.03690	0.83978	0.00971	0.00453	0.00129	0.00194	0.00809	0.00356	0.00324
30	0.80283	0.00732	0.00597	0.00522	0.00766	0.00830	0.00430	0.01203	0.00698	0.10176	0.00634	0.00693	0.00470	0.00368	0.00252	0.00119	0.00300	0.00226	0.00262	0.00440
31	0.08701	0.00723	0.00959	0.06379	0.03637	0.02557	0.08702	0.11055	0.12299	0.02930	0.02117	0.01326	0.00845	0.03838	0.00746	0.18909	0.06962	0.05117	0.01769	0.00428
32	0.00789	0.04289	0.71170	0.01131	0.01662	0.00909	0.10866	0.01206	0.00824	0.01212	0.02072	0.00864	0.00549	0.00365	0.00373	0.00121	0.00565	0.00308	0.00170	0.00555
33	0.00481	0.00389	0.00427	0.00417	0.00535	0.00335	0.00313	0.00604	0.00939	0.01190	0.28499	0.03436	0.59267	0.00913	0.00453	0.00127	0.00190	0.00774	0.00376	0.00335
34	0.00816	0.00555	0.00824	0.22946	0.05088	0.00588	0.01607	0.03034	0.00885	0.13468	0.19735	0.03657	0.01547	0.10126	0.08543	0.01088	0.00424	0.04344	0.00301	0.00423
35	0.02085	0.20631	0.10117	0.06159	0.07136	0.12192	0.14200	0.04512	0.09778	0.03624	0.00836	0.02140	0.01467	0.00437	0.01656	0.00120	0.01835	0.00336	0.00224	0.00516
36	0.00885	0.00788	0.15016	0.00721	0.00968	0.00567	0.06671	0.01138	0.05404	0.20234	0.23460	0.06432	0.12492	0.01648	0.00453	0.01414	0.00329	0.00551	0.00353	0.00476
37	0.01279	0.00543	0.00700	0.00571	0.00790	0.00479	0.00460	0.01431	0.01019	0.51697	0.10558	0.01739	0.09734	0.00553	0.00378	0.00115	0.00270	0.00457	0.16693	0.00533
38	0.00765	0.00767	0.03800	0.27897	0.18856	0.04304	0.06923	0.01881	0.02051	0.01104	0.03304	0.10593	0.06868	0.01819	0.03084	0.00147	0.01553	0.03601	0.00231	0.00452
39	0.02223	0.03996	0.06315	0.11534	0.49240	0.00927	0.06833	0.04568	0.03548	0.03483	0.00782	0.02174	0.00635	0.00377	0.00393	0.00118	0.01723	0.00354	0.00210	0.00567

[dist]
# distance from previous block
# <min> <max>
4	11

[block]
# block no. 5 follows, 71 sequences, length 7
# corresponding to MSA columns:
# 291-297
name=unknown_F
#
# <colnr> <probs for GDERKNQSTAVLIFYWHMCP>
#	G	D	E	R	K	N	Q	S	T	A	V	L	I	F	Y	W	H	M	C	P
0	0.00551	0.00422	0.00510	0.00493	0.00600	0.00397	0.00374	0.00772	0.06923	0.01381	0.51555	0.06081	0.23012	0.00839	0.00453	0.00127	0.00203	0.04542	0.00398	0.00368
1	0.00749	0.00651	0.02828	0.03704	0.34523	0.00644	0.00751	0.00887	0.02173	0.01055	0.03019	0.05898	0.04579	0.06128	0.11533	0.14692	0.02181	0.01834	0.01745	0.00426
2	0.00724	0.00681	0.01150	0.85604	0.02641	0.00852	0.01065	0.00980	0.00767	0.00980	0.00681	0.01022	0.00511	0.00383	0.00383	0.00128	0.00511	0.00341	0.00170	0.00426
3	0.05624	0.00677	0.00873	0.00677	0.00964	0.00614	0.00558	0.07953	0.01121	0.70771	0.01526	0.01348	0.04506	0.00490	0.00382	0.00119	0.00326	0.00393	0.00452	0.00627
4	0.00818	0.04571	0.01252	0.32301	0.16097	0.06073	0.09201	0.01053	0.02677	0.01135	0.12306	0.01302	0.03395	0.00461	0.00447	0.00123	0.05699	0.00405	0.00222	0.00463
5	0.00558	0.00372	0.00418	0.00418	0.00418	0.00372	0.00232	0.00558	0.00558	0.00743	0.01208	0.02509	0.01394	0.86525	0.01952	0.00372	0.00372	0.00558	0.00232	0.00232
6	0.01427	0.01138	0.01129	0.00888	0.01178	0.09867	0.00723	0.70005	0.06189	0.02219	0.00922	0.00925	0.00664	0.00457	0.00380	0.00114	0.00443	0.00340	0.00365	0.00628

[dist]
# distance from previous block
# <min> <max>
0	11

[block]
# block no. 6 follows, 71 sequences, length 38
# corresponding to MSA columns:
# 309-346
name=unknown_G
#
# <colnr> <probs for GDERKNQSTAVLIFYWHMCP>
#	G	D	E	R	K	N	Q	S	T	A	V	L	I	F	Y	W	H	M	C	P
0	0.00881	0.01009	0.09047	0.27605	0.14321	0.06268	0.22612	0.03630	0.00869	0.01160	0.00739	0.01018	0.00580	0.00388	0.00441	0.00125	0.04881	0.01499	0.02433	0.00495
1	0.01183	0.01384	0.03849	0.15261	0.01442	0.44253	0.03373	0.08425	0.04178	0.01115	0.00671	0.00829	0.00540	0.00436	0.00478	0.00117	0.11490	0.00297	0.00211	0.00469
2	0.00782	0.00652	0.03942	0.00600	0.00861	0.00503	0.00486	0.00950	0.02159	0.06859	0.01093	0.21355	0.01072	0.00532	0.00365	0.00091	0.02074	0.00453	0.00274	0.54897
3	0.07029	0.00604	0.00790	0.08261	0.05874	0.02398	0.06199	0.04983	0.04349	0.03632	0.25294	0.04280	0.18730	0.02009	0.00434	0.00126	0.00306	0.00563	0.03720	0.00419
4	0.02034	0.25572	0.16115	0.12183	0.07940	0.08553	0.07478	0.03539	0.01735	0.07322	0.01614	0.00867	0.00590	0.00369	0.00340	0.00107	0.00485	0.00297	0.00209	0.02652
5	0.00470	0.00346	0.00441	0.00512	0.00555	0.00317	0.00351	0.00547	0.00769	0.01007	0.04700	0.69031	0.15712	0.01150	0.00483	0.00151	0.00219	0.02566	0.00358	0.00316
6	0.01096	0.72057	0.01852	0.00710	0.01019	0.13584	0.00670	0.03503	0.00852	0.00950	0.00553	0.00635	0.00497	0.00341	0.00264	0.00085	0.00451	0.00215	0.00175	0.00490
7	0.00705	0.07409	0.19088	0.02011	0.04314	0.00676	0.08993	0.01681	0.00835	0.01121	0.02641	0.11266	0.06921	0.02695	0.00508	0.02940	0.00413	0.25094	0.00266	0.00425
8	0.02104	0.00990	0.01097	0.33514	0.13379	0.22791	0.00873	0.02928	0.00916	0.08717	0.00856	0.06343	0.00714	0.00449	0.00378	0.00119	0.00504	0.01183	0.01672	0.00473
9	0.01111	0.01050	0.12115	0.01212	0.01577	0.00876	0.41018	0.12201	0.01045	0.18579	0.00994	0.04728	0.00739	0.00416	0.00420	0.00125	0.00522	0.00431	0.00280	0.00560
10	0.01026	0.00518	0.00676	0.00570	0.00750	0.00469	0.00450	0.04248	0.01108	0.33448	0.45522	0.02227	0.06049	0.00661	0.00424	0.00120	0.00247	0.00567	0.00438	0.00483
11	0.01138	0.28593	0.09821	0.00876	0.02700	0.20822	0.03734	0.07774	0.00951	0.08448	0.00748	0.02196	0.00613	0.00562	0.05765	0.00137	0.04102	0.00294	0.00224	0.00503
12	0.01720	0.00653	0.00890	0.00682	0.00979	0.00564	0.00564	0.01869	0.01097	0.84399	0.01513	0.01305	0.00949	0.00475	0.00386	0.00119	0.00326	0.00386	0.00475	0.00653
13	0.00543	0.00392	0.00513	0.00482	0.00573	0.00362	0.00362	0.00724	0.01085	0.01538	0.83931	0.02864	0.03618	0.00784	0.00452	0.00121	0.00181	0.00693	0.00422	0.00362
14	0.11283	0.16070	0.16120	0.06260	0.02831	0.02497	0.03410	0.08799	0.00968	0.25462	0.00926	0.00985	0.00663	0.00409	0.00344	0.00114	0.00421	0.01597	0.00288	0.00553
15	0.01386	0.00663	0.00816	0.00660	0.00909	0.00640	0.00534	0.07319	0.15735	0.49821	0.02771	0.01392	0.02752	0.00493	0.00373	0.00117	0.00304	0.00401	0.12322	0.00593
16	0.00724	0.00681	0.01150	0.85604	0.02641	0.00852	0.01065	0.00980	0.00767	0.00980	0.00681	0.01022	0.00511	0.00383	0.00383	0.00128	0.00511	0.00341	0.00170	0.00426
17	0.00571	0.00465	0.00563	0.00591	0.02790	0.00436	0.01905	0.02311	0.04939	0.01135	0.02979	0.03615	0.48313	0.00940	0.00472	0.00144	0.00270	0.26848	0.00350	0.00364
18	0.00762	0.03105	0.71012	0.01029	0.01529	0.00849	0.02619	0.02906	0.00839	0.01231	0.03389	0.05258	0.01621	0.00438	0.00377	0.00123	0.00526	0.01655	0.00190	0.00541
19	0.00477	0.00352	0.00442	0.00504	0.00551	0.00323	0.00347	0.00555	0.00776	0.01013	0.06496	0.60298	0.18185	0.04646	0.00542	0.00158	0.00225	0.03442	0.00354	0.00314
20	0.01025	0.86756	0.02009	0.00656	0.00984	0.01517	0.00656	0.01148	0.00779	0.00902	0.00533	0.00615	0.00492	0.00328	0.00246	0.00082	0.00410	0.00205	0.00164	0.00492
21	0.00478	0.00340	0.00444	0.00521	0.00544	0.00321	0.00345	0.00539	0.00716	0.00954	0.02031	0.74714	0.03781	0.09944	0.02228	0.00186	0.00252	0.01018	0.00340	0.00304
22	0.00740	0.00698	0.01179	0.79730	0.08390	0.00856	0.01073	0.00994	0.00774	0.00999	0.00684	0.01017	0.00518	0.00380	0.00383	0.00127	0.00507	0.00341	0.00172	0.00439
23	0.00653	0.00464	0.00517	0.00483	0.00629	0.00426	0.00368	0.02055	0.08818	0.09204	0.16946	0.06217	0.50090	0.00850	0.00441	0.00128	0.00219	0.00717	0.00382	0.00393
24	0.89233	0.00741	0.00564	0.00504	0.00741	0.00860	0.00415	0.01127	0.00653	0.01720	0.00534	0.00623	0.00415	0.00356	0.00237	0.00119	0.00297	0.00208	0.00237	0.00415
25	0.01183	0.00639	0.00794	0.00661	0.00869	0.00635	0.00525	0.14565	0.07555	0.34181	0.10587	0.04000	0.04473	0.05716	0.11619	0.00200	0.00411	0.00466	0.00390	0.00530
26	0.02825	0.00723	0.00884	0.00697	0.00971	0.00697	0.00570	0.17884	0.07361	0.51863	0.02833	0.01465	0.08396	0.00523	0.00390	0.00120	0.00329	0.00421	0.00435	0.00611
27	0.00554	0.00372	0.00431	0.00444	0.00450	0.00371	0.00264	0.00569	0.00590	0.00785	0.01327	0.09450	0.01532	0.74839	0.01754	0.00343	0.00359	0.05073	0.00249	0.00245
28	0.00988	0.00840	0.00886	0.00787	0.01010	0.00970	0.00615	0.07475	0.77948	0.01659	0.01518	0.01396	0.01136	0.00516	0.00390	0.00129	0.00311	0.00428	0.00390	0.00610
29	0.00716	0.00673	0.01127	0.83011	0.02576	0.00836	0.01041	0.00967	0.00770	0.00981	0.00779	0.01103	0.03050	0.00401	0.00385	0.00128	0.00501	0.00355	0.00176	0.00423
30	0.00543	0.00390	0.00478	0.00526	0.00559	0.01703	0.00359	0.00616	0.01999	0.00940	0.02756	0.43261	0.03856	0.23305	0.04268	0.04055	0.00317	0.08144	0.01627	0.00298
31	0.00712	0.00717	0.01415	0.01112	0.01334	0.00675	0.43770	0.00939	0.02609	0.01129	0.01419	0.36372	0.02601	0.00717	0.00468	0.00141	0.00450	0.02722	0.00271	0.00427
32	0.00993	0.00835	0.00880	0.00779	0.01001	0.00960	0.00610	0.09187	0.74232	0.01672	0.01496	0.01385	0.01120	0.00513	0.00387	0.00128	0.00311	0.00424	0.02482	0.00605
33	0.03335	0.10705	0.07305	0.00684	0.00849	0.13339	0.01402	0.00960	0.05250	0.02660	0.02524	0.32701	0.08215	0.02173	0.00438	0.00135	0.00363	0.06268	0.00292	0.00403
34	0.04930	0.01014	0.03668	0.02683	0.02478	0.15585	0.09550	0.15587	0.17326	0.05650	0.03032	0.07615	0.00946	0.00622	0.04551	0.00146	0.02079	0.00419	0.01602	0.00517
35	0.00501	0.00365	0.00478	0.00543	0.00576	0.00357	0.00378	0.00575	0.00727	0.00966	0.02018	0.60242	0.06549	0.10398	0.04307	0.00199	0.02230	0.07947	0.00332	0.00311
36	0.06253	0.00911	0.01618	0.28143	0.15872	0.04394	0.33517	0.01158	0.00851	0.02530	0.00727	0.00981	0.00556	0.00353	0.00400	0.00124	0.00547	0.00374	0.00193	0.00497
37	0.05201	0.00988	0.04263	0.13600	0.07176	0.13001	0.03994	0.14347	0.07946	0.07825	0.02663	0.02149	0.00734	0.00421	0.00374	0.00111	0.01626	0.00339	0.01955	0.11288

[dist]
# distance from previous block
# <min> <max>
0	29

[block]
# block no. 7 follows, 71 sequences, length 18
# corresponding to MSA columns:
# 376-393
name=unknown_H
#
# <colnr> <probs for GDERKNQSTAVLIFYWHMCP>
#	G	D	E	R	K	N	Q	S	T	A	V	L	I	F	Y	W	H	M	C	P
0	0.12037	0.07652	0.13799	0.08279	0.22992	0.06036	0.03602	0.06940	0.02775	0.01307	0.03329	0.01006	0.00693	0.05155	0.00437	0.00127	0.00451	0.00326	0.00217	0.02841
1	0.08256	0.07524	0.03992	0.05230	0.10876	0.03538	0.06548	0.10343	0.04596	0.04166	0.11114	0.07426	0.06535	0.00551	0.00430	0.00122	0.04946	0.01339	0.00283	0.02186
2	0.00562	0.00428	0.00535	0.00537	0.01876	0.00402	0.00398	0.00765	0.05513	0.01345	0.46423	0.11656	0.15905	0.02301	0.00479	0.00133	0.00219	0.07557	0.00385	0.02579
3	0.00537	0.00395	0.00453	0.00450	0.00562	0.00346	0.00334	0.00650	0.00897	0.05147	0.19026	0.15385	0.49685	0.01007	0.03241	0.00147	0.00230	0.00794	0.00370	0.00346
4	0.01430	0.01060	0.01135	0.00877	0.01178	0.01176	0.00722	0.78374	0.06329	0.02371	0.00956	0.00949	0.00681	0.00464	0.00384	0.00116	0.00415	0.00350	0.00384	0.00650
5	0.00549	0.00407	0.00596	0.00596	0.00657	0.00468	0.00454	0.00672	0.00610	0.00875	0.01046	0.01609	0.01003	0.11472	0.76470	0.00591	0.00960	0.00426	0.00208	0.00331
6	0.89233	0.00741	0.00564	0.00504	0.00741	0.00860	0.00415	0.01127	0.00653	0.01720	0.00534	0.00623	0.00415	0.00356	0.00237	0.00119	0.00297	0.00208	0.00237	0.00415
7	0.01075	0.00841	0.00932	0.00717	0.01022	0.00825	0.00579	0.29131	0.16345	0.03904	0.00947	0.00968	0.00717	0.00393	0.00340	0.00092	0.00336	0.00310	0.00317	0.40209
8	0.00715	0.00357	0.00357	0.00357	0.00447	0.00357	0.00268	0.00893	0.00804	0.01429	0.01251	0.01429	0.00983	0.00447	0.00268	0.00089	0.00179	0.00357	0.88654	0.00357
9	0.00905	0.01034	0.02262	0.01616	0.02004	0.00970	0.82741	0.01228	0.00905	0.01228	0.00776	0.01034	0.00582	0.00323	0.00452	0.00129	0.00646	0.00452	0.00194	0.00517
10	0.00540	0.00375	0.00417	0.00416	0.00440	0.00364	0.00246	0.00562	0.00627	0.00819	0.04598	0.02711	0.14722	0.69732	0.01658	0.00324	0.00336	0.00603	0.00259	0.00252
11	0.00795	0.00681	0.00795	0.00568	0.00909	0.00511	0.00454	0.00965	0.00795	0.01249	0.00681	0.00795	0.00568	0.00284	0.00284	0.00057	0.00284	0.00227	0.00227	0.88869
12	0.00951	0.00806	0.00880	0.00786	0.00979	0.00947	0.00617	0.01890	0.71084	0.03321	0.01449	0.01372	0.01096	0.00531	0.00468	0.00132	0.08409	0.00421	0.03279	0.00582
13	0.00478	0.00339	0.00444	0.00521	0.00544	0.00319	0.00344	0.00542	0.00728	0.00974	0.04585	0.75726	0.02461	0.09278	0.00627	0.00175	0.00235	0.01027	0.00346	0.00306
14	0.79128	0.00846	0.00625	0.00557	0.00793	0.08243	0.00452	0.03406	0.00722	0.01671	0.00550	0.00637	0.00429	0.00362	0.00251	0.00117	0.00335	0.00215	0.00238	0.00424
15	0.00556	0.00374	0.00427	0.00424	0.00433	0.00371	0.00245	0.00573	0.00608	0.00819	0.09052	0.02543	0.01605	0.78395	0.01809	0.00348	0.00354	0.00570	0.00250	0.00245
16	0.00579	0.00425	0.00571	0.08550	0.00773	0.00409	0.00427	0.00758	0.01037	0.03313	0.67144	0.02727	0.10321	0.00755	0.00444	0.00122	0.00217	0.00663	0.00394	0.00371
17	0.08954	0.00424	0.00509	0.00478	0.00584	0.00408	0.00362	0.00760	0.01029	0.01535	0.71035	0.02642	0.06039	0.00741	0.00427	0.00120	0.00192	0.00642	0.02755	0.00365

[dist]
# distance from previous block
# <min> <max>
0	1

[block]
# block no. 8 follows, 71 sequences, length 21
# corresponding to MSA columns:
# 395-415
name=unknown_I
#
# <colnr> <probs for GDERKNQSTAVLIFYWHMCP>
#	G	D	E	R	K	N	Q	S	T	A	V	L	I	F	Y	W	H	M	C	P
0	0.01041	0.55791	0.14452	0.01999	0.01198	0.03566	0.06878	0.04044	0.00856	0.06091	0.00651	0.00736	0.00531	0.00349	0.00297	0.00096	0.00456	0.00254	0.00193	0.00518
1	0.00756	0.00738	0.01245	0.76364	0.02552	0.02798	0.08149	0.01014	0.00786	0.01000	0.00688	0.01016	0.00517	0.00378	0.00388	0.00127	0.00527	0.00348	0.00173	0.00434
2	0.00629	0.00544	0.06786	0.00637	0.00735	0.00514	0.00527	0.00754	0.00646	0.04011	0.01062	0.01703	0.01023	0.15559	0.51593	0.04243	0.04079	0.04384	0.00221	0.00349
3	0.00796	0.05098	0.19731	0.05197	0.11300	0.10853	0.04944	0.01003	0.02103	0.01042	0.01128	0.13736	0.04223	0.15498	0.00664	0.00166	0.00457	0.01398	0.00226	0.00437
4	0.00871	0.02474	0.08551	0.47317	0.08993	0.00905	0.13866	0.07115	0.00890	0.04266	0.00746	0.00995	0.00554	0.00377	0.00390	0.00124	0.00517	0.00353	0.00202	0.00494
5	0.00553	0.00439	0.00579	0.06893	0.04802	0.00417	0.00441	0.00718	0.00987	0.01331	0.49115	0.02903	0.25661	0.00792	0.00446	0.00125	0.00227	0.02832	0.00372	0.00368
6	0.00835	0.01151	0.24064	0.14417	0.30247	0.00869	0.12867	0.02477	0.00865	0.01214	0.03042	0.01106	0.04333	0.00393	0.00392	0.00121	0.00502	0.00372	0.00197	0.00537
7	0.01382	0.05269	0.01149	0.01002	0.05071	0.54866	0.00749	0.12978	0.01137	0.07012	0.00702	0.00784	0.00554	0.00420	0.00403	0.00106	0.05401	0.00278	0.00240	0.00497
8	0.00558	0.00372	0.00418	0.00418	0.00418	0.00372	0.00232	0.00558	0.00558	0.00743	0.01208	0.02509	0.01394	0.86525	0.01952	0.00372	0.00372	0.00558	0.00232	0.00232
9	0.00572	0.00465	0.00620	0.07247	0.07725	0.00447	0.00469	0.00756	0.02769	0.01315	0.43788	0.04352	0.26486	0.00772	0.00440	0.00124	0.00237	0.00672	0.00362	0.00381
10	0.05258	0.00854	0.09075	0.00660	0.01011	0.00644	0.00586	0.10126	0.00924	0.07674	0.00764	0.00840	0.00590	0.00329	0.00308	0.00077	0.00331	0.00257	0.00257	0.59433
11	0.00769	0.01983	0.84538	0.01093	0.01659	0.00890	0.01417	0.01214	0.00810	0.01214	0.00688	0.00810	0.00486	0.00364	0.00364	0.00121	0.00567	0.00283	0.00162	0.00567
12	0.02326	0.09816	0.09022	0.00978	0.12213	0.04909	0.06312	0.01227	0.09314	0.06309	0.00954	0.02306	0.03779	0.00388	0.00341	0.00097	0.00392	0.00327	0.00244	0.28745
13	0.00594	0.00436	0.00462	0.00458	0.00472	0.03959	0.00273	0.00609	0.00585	0.00763	0.01168	0.02353	0.01321	0.76258	0.08461	0.00380	0.00437	0.00533	0.00229	0.00250
14	0.00671	0.00361	0.00517	0.00509	0.00521	0.00368	0.00343	0.02749	0.00546	0.00733	0.00741	0.01296	0.00746	0.08853	0.06197	0.73739	0.00378	0.00357	0.00180	0.00195
15	0.03750	0.00731	0.00865	0.00776	0.02678	0.01630	0.00601	0.24087	0.13530	0.02588	0.01050	0.03494	0.00898	0.05269	0.28715	0.00302	0.07859	0.00404	0.00290	0.00484
16	0.00463	0.00375	0.00412	0.00440	0.00539	0.00325	0.00321	0.00555	0.00836	0.01024	0.03332	0.26263	0.58702	0.01037	0.00466	0.00138	0.00208	0.03887	0.00356	0.00321
17	0.00925	0.03600	0.08074	0.06716	0.17611	0.06949	0.20970	0.04303	0.04962	0.03131	0.02590	0.02185	0.00733	0.02615	0.05896	0.00161	0.07467	0.00385	0.00218	0.00508
18	0.00618	0.00456	0.00528	0.00535	0.00617	0.03644	0.00384	0.02887	0.00900	0.04703	0.25753	0.36115	0.10617	0.06642	0.00558	0.00152	0.00249	0.02831	0.00365	0.01445
19	0.00959	0.05354	0.06559	0.02282	0.09149	0.06117	0.04840	0.11233	0.12480	0.07091	0.09495	0.03067	0.07998	0.00581	0.00436	0.00126	0.03482	0.07931	0.00312	0.00507
20	0.00657	0.03038	0.00717	0.00653	0.02888	0.00584	0.01726	0.00789	0.01754	0.04243	0.18495	0.15278	0.22228	0.00853	0.02408	0.00146	0.17737	0.00646	0.04779	0.00382

[dist]
# distance from previous block
# <min> <max>
0	67

[block]
# block no. 9 follows, 71 sequences, length 24
# corresponding to MSA columns:
# 483-506
name=unknown_J
#
# <colnr> <probs for GDERKNQSTAVLIFYWHMCP>
#	G	D	E	R	K	N	Q	S	T	A	V	L	I	F	Y	W	H	M	C	P
0	0.03141	0.01947	0.11226	0.04363	0.20614	0.02023	0.11103	0.06359	0.05556	0.03944	0.03128	0.07739	0.09905	0.02434	0.01295	0.00136	0.00427	0.03895	0.00263	0.00501
1	0.00925	0.04874	0.12388	0.04674	0.25328	0.05381	0.07296	0.06420	0.11832	0.02067	0.03046	0.03584	0.04249	0.01406	0.00424	0.00123	0.02465	0.01382	0.00246	0.01891
2	0.05572	0.06748	0.00816	0.00652	0.00840	0.04721	0.00520	0.04119	0.26766	0.09334	0.26942	0.01917	0.04667	0.00607	0.00397	0.00122	0.00296	0.04103	0.00372	0.00490
3	0.03550	0.02153	0.05407	0.02447	0.07986	0.07655	0.04639	0.05958	0.15416	0.06944	0.17092	0.01659	0.07545	0.00539	0.00391	0.00116	0.00361	0.02419	0.00319	0.07404
4	0.00556	0.00370	0.00425	0.00429	0.00431	0.00370	0.00245	0.00557	0.00565	0.00755	0.01232	0.06196	0.01419	0.79040	0.03403	0.02586	0.00376	0.00573	0.00236	0.00236
5	0.03544	0.01104	0.01135	0.05858	0.11194	0.22889	0.06265	0.13164	0.18079	0.06309	0.03022	0.01820	0.00811	0.01749	0.00411	0.00121	0.01343	0.00361	0.00286	0.00536
6	0.00701	0.00366	0.00529	0.00517	0.00530	0.00371	0.00351	0.04175	0.00558	0.00744	0.00677	0.01155	0.00665	0.01293	0.01449	0.84884	0.00337	0.00334	0.00176	0.00188
7	0.00979	0.08838	0.14035	0.12773	0.24463	0.04859	0.04514	0.07334	0.08442	0.05446	0.02794	0.02298	0.00730	0.00406	0.00372	0.00117	0.00462	0.00351	0.00236	0.00550
8	0.00750	0.00743	0.03641	0.73898	0.09074	0.00861	0.01070	0.01034	0.03264	0.01027	0.00711	0.01022	0.00538	0.00384	0.00383	0.00127	0.00502	0.00342	0.00178	0.00450
9	0.49831	0.04035	0.02818	0.00679	0.02623	0.15204	0.00545	0.03438	0.01508	0.03103	0.04887	0.00856	0.01878	0.00436	0.01266	0.00120	0.03338	0.00269	0.00243	0.02921
10	0.00847	0.00850	0.01131	0.28377	0.04476	0.08015	0.00884	0.02283	0.00728	0.00987	0.00660	0.04798	0.00605	0.00556	0.00798	0.00143	0.40965	0.00362	0.00185	0.02349
11	0.00493	0.00370	0.00498	0.00534	0.00588	0.00341	0.02656	0.00584	0.00798	0.01062	0.13994	0.58164	0.12427	0.04923	0.00544	0.00156	0.00232	0.00957	0.00355	0.00322
12	0.00557	0.00374	0.00432	0.00432	0.00437	0.00379	0.00250	0.00567	0.00562	0.00754	0.01195	0.02438	0.01363	0.80615	0.07819	0.00389	0.00418	0.00547	0.00230	0.00240
13	0.01048	0.82116	0.01961	0.00671	0.00995	0.03764	0.00660	0.03394	0.00815	0.00944	0.00545	0.00625	0.00496	0.00333	0.00252	0.00083	0.00418	0.00210	0.00171	0.00495
14	0.00766	0.00828	0.08154	0.48758	0.15913	0.00847	0.05449	0.01010	0.00773	0.01044	0.00731	0.02451	0.00595	0.01592	0.04118	0.01526	0.04447	0.00360	0.00179	0.00461
15	0.03535	0.12583	0.06281	0.02461	0.03120	0.08413	0.00632	0.01060	0.00846	0.13538	0.03090	0.20276	0.01343	0.01891	0.00501	0.02295	0.05299	0.12107	0.00293	0.00438
16	0.03585	0.00632	0.02997	0.00620	0.00802	0.00617	0.00501	0.14584	0.06634	0.16805	0.16040	0.03109	0.04433	0.05711	0.11210	0.00194	0.00389	0.00466	0.10198	0.00475
17	0.00895	0.00492	0.00628	0.00549	0.00706	0.00457	0.00427	0.01127	0.06976	0.24028	0.48550	0.02320	0.06427	0.00676	0.00422	0.00120	0.00230	0.00583	0.03930	0.00456
18	0.02341	0.00594	0.02015	0.00643	0.00770	0.04386	0.04163	0.00990	0.11997	0.06431	0.20072	0.18466	0.08217	0.09088	0.01684	0.00163	0.02709	0.04522	0.00344	0.00404
19	0.00814	0.00511	0.00654	0.03094	0.00780	0.00497	0.02098	0.03896	0.04682	0.16822	0.12695	0.13099	0.22199	0.02899	0.04389	0.00158	0.02563	0.03593	0.04133	0.00424
20	0.00548	0.00391	0.00506	0.00591	0.04379	0.00366	0.00386	0.00626	0.00755	0.03484	0.02169	0.48586	0.15217	0.14379	0.00706	0.00183	0.00263	0.05805	0.00332	0.00327
21	0.00556	0.00417	0.00597	0.02304	0.00680	0.00475	0.00453	0.00664	0.00624	0.00881	0.01152	0.10074	0.01177	0.16115	0.57589	0.00501	0.03649	0.01541	0.00225	0.00326
22	0.04979	0.07738	0.51359	0.01077	0.03466	0.06620	0.09760	0.01284	0.00855	0.08305	0.00744	0.00848	0.00536	0.00368	0.00360	0.00117	0.00537	0.00300	0.00199	0.00549
23	0.02271	0.02454	0.00994	0.26897	0.03700	0.06328	0.04045	0.05602	0.03176	0.10495	0.03887	0.07761	0.07501	0.00644	0.02708	0.01759	0.05341	0.03713	0.00271	0.00451

[dist]
# distance from previous block
# <min> <max>
4	15

[block]
# block no. 10 follows, 71 sequences, length 15
# corresponding to MSA columns:
# 524-538
name=unknown_K
#
# <colnr> <probs for GDERKNQSTAVLIFYWHMCP>
#	G	D	E	R	K	N	Q	S	T	A	V	L	I	F	Y	W	H	M	C	P
0	0.00839	0.09396	0.09649	0.06273	0.12108	0.06899	0.03528	0.01179	0.14073	0.02324	0.10268	0.05897	0.05915	0.02468	0.03125	0.00138	0.00415	0.01377	0.00268	0.03860
1	0.10643	0.00609	0.00763	0.00619	0.00864	0.00555	0.00498	0.01515	0.02508	0.53577	0.05013	0.09351	0.01145	0.00533	0.00371	0.00117	0.00296	0.00438	0.05142	0.05442
2	0.00793	0.00763	0.03984	0.12652	0.29332	0.00768	0.01966	0.01192	0.19127	0.01243	0.04064	0.08093	0.09970	0.00633	0.03612	0.00144	0.00402	0.00484	0.00270	0.00508
3	0.00515	0.00391	0.00475	0.00454	0.00556	0.00350	0.00340	0.00671	0.01021	0.01385	0.59558	0.03116	0.28086	0.00841	0.00453	0.00123	0.00185	0.00729	0.00402	0.00350
4	0.00923	0.02297	0.00848	0.00791	0.06939	0.00782	0.00574	0.18607	0.27046	0.04370	0.10525	0.05643	0.17760	0.00637	0.00409	0.00124	0.00304	0.00534	0.00368	0.00521
5	0.02469	0.12135	0.03085	0.03521	0.36878	0.14398	0.02042	0.16969	0.01062	0.01376	0.00708	0.00853	0.00573	0.00378	0.00372	0.00109	0.01977	0.00308	0.00224	0.00563
6	0.00572	0.00448	0.00633	0.02498	0.07600	0.00423	0.02340	0.00731	0.00968	0.01334	0.48878	0.14221	0.12329	0.00824	0.00469	0.01530	0.00237	0.03225	0.00369	0.00372
7	0.04312	0.01194	0.25076	0.03152	0.12547	0.03526	0.17163	0.04109	0.08143	0.07451	0.06732	0.01138	0.01770	0.00419	0.00402	0.00122	0.01572	0.00380	0.00247	0.00543
8	0.01008	0.03416	0.13710	0.03977	0.13778	0.02278	0.04686	0.20002	0.16908	0.03900	0.09715	0.01272	0.02694	0.00470	0.00389	0.00120	0.00411	0.00399	0.00303	0.00565
9	0.00990	0.00913	0.01466	0.06114	0.68205	0.00938	0.01101	0.09446	0.04602	0.01372	0.00776	0.00971	0.00632	0.00363	0.00381	0.00115	0.00448	0.00346	0.00217	0.00603
10	0.00908	0.05228	0.05648	0.07281	0.04862	0.04236	0.05346	0.05285	0.06048	0.03557	0.00768	0.00880	0.00607	0.00337	0.00325	0.00085	0.00378	0.00280	0.00236	0.47705
11	0.00950	0.00846	0.04636	0.04715	0.11393	0.00885	0.00716	0.05424	0.51833	0.04580	0.08652	0.01424	0.01226	0.00504	0.00392	0.00126	0.00339	0.00429	0.00351	0.00579
