[name]
unknown

[dist]
# distance from previous block
# <min> <max>
11	211

[block]
# block no. 0 follows, 63 sequences, length 14
# corresponding to MSA columns:
# 311-324
name=unknown_A
#
# <colnr> <probs for GDERKNQSTAVLIFYWHMCP>
#	G	D	E	R	K	N	Q	S	T	A	V	L	I	F	Y	W	H	M	C	P
0	0.03344	0.00852	0.01177	0.06169	0.02597	0.01674	0.13505	0.06954	0.21394	0.09439	0.04763	0.06721	0.01915	0.00524	0.00421	0.00125	0.00408	0.00470	0.00341	0.17206
1	0.05580	0.00936	0.01257	0.01012	0.03860	0.06233	0.15921	0.10315	0.03740	0.13880	0.02877	0.01325	0.06381	0.00574	0.03083	0.00140	0.05741	0.00417	0.00315	0.16413
2	0.06649	0.00813	0.00996	0.00838	0.01062	0.05438	0.06329	0.14460	0.02572	0.19998	0.02243	0.09734	0.04352	0.00988	0.11347	0.00210	0.03563	0.05922	0.00364	0.02123
3	0.28103	0.02596	0.01148	0.01065	0.11802	0.02399	0.09641	0.10489	0.10755	0.07197	0.04089	0.03321	0.01872	0.00475	0.00379	0.00130	0.00411	0.00392	0.00314	0.03422
4	0.05028	0.00766	0.00927	0.02540	0.02255	0.01864	0.04085	0.19143	0.06481	0.08331	0.23889	0.04548	0.04459	0.03400	0.00491	0.00136	0.00350	0.01659	0.00389	0.09260
5	0.02380	0.00793	0.00898	0.05775	0.06616	0.08645	0.01460	0.05473	0.04594	0.07921	0.11477	0.13879	0.05819	0.02117	0.01610	0.00135	0.00384	0.01325	0.00334	0.18365
6	0.02732	0.00819	0.01315	0.22958	0.24975	0.00908	0.06601	0.01145	0.03797	0.02791	0.07024	0.03163	0.06548	0.00556	0.00562	0.00142	0.11450	0.01734	0.00252	0.00525
7	0.01173	0.70641	0.05779	0.00774	0.01142	0.01585	0.00768	0.11718	0.01002	0.01222	0.00648	0.00728	0.00562	0.00380	0.00295	0.00097	0.00459	0.00249	0.00211	0.00566
8	0.00913	0.00766	0.00922	0.00694	0.01020	0.00653	0.03160	0.07762	0.07047	0.01545	0.11521	0.01240	0.01117	0.00420	0.00359	0.00085	0.00324	0.00352	0.00303	0.59796
9	0.00804	0.00747	0.01210	0.73282	0.02647	0.00885	0.01080	0.01072	0.00845	0.01113	0.00747	0.01088	0.00569	0.00406	0.00406	0.00130	0.00528	0.00357	0.00195	0.11889
10	0.00930	0.00944	0.06555	0.07979	0.01249	0.05889	0.00670	0.01271	0.11481	0.01371	0.00868	0.00978	0.00692	0.00368	0.00346	0.00087	0.00385	0.00295	0.00260	0.57382
11	0.00693	0.11533	0.00755	0.00606	0.00709	0.00547	0.00452	0.00791	0.00852	0.06672	0.04193	0.54794	0.08274	0.01222	0.05697	0.00186	0.00330	0.00934	0.00363	0.00397
12	0.00916	0.00856	0.01424	0.51042	0.32042	0.00972	0.01198	0.04290	0.00928	0.01245	0.00773	0.01087	0.00605	0.00407	0.00419	0.00134	0.00534	0.00374	0.00204	0.00550
13	0.01207	0.54731	0.07630	0.00904	0.06714	0.04016	0.00804	0.01444	0.05999	0.11802	0.00824	0.00872	0.00660	0.00400	0.00322	0.00105	0.00456	0.00284	0.00243	0.00583

[dist]
# distance from previous block
# <min> <max>
1	3

[block]
# block no. 1 follows, 63 sequences, length 23
# corresponding to MSA columns:
# 329-335,340-355
name=unknown_B
#
# <colnr> <probs for GDERKNQSTAVLIFYWHMCP>
#	G	D	E	R	K	N	Q	S	T	A	V	L	I	F	Y	W	H	M	C	P
0	0.02108	0.01345	0.10399	0.04057	0.03449	0.19977	0.15862	0.16267	0.02168	0.10283	0.04644	0.01108	0.00814	0.00473	0.00477	0.00130	0.05173	0.00389	0.00293	0.00583
1	0.00702	0.00481	0.00642	0.03553	0.00748	0.00522	0.00456	0.00857	0.05632	0.04728	0.05256	0.02042	0.01337	0.30051	0.36542	0.04603	0.00700	0.00513	0.00269	0.00363
2	0.00948	0.01036	0.02156	0.16581	0.08171	0.01018	0.58930	0.01275	0.00958	0.01293	0.00864	0.03182	0.00679	0.00391	0.00478	0.00141	0.00655	0.00482	0.00212	0.00551
3	0.02474	0.01148	0.09784	0.01054	0.04877	0.11859	0.09520	0.10199	0.11913	0.24598	0.02636	0.05944	0.00999	0.00526	0.00428	0.00132	0.00481	0.00446	0.00362	0.00620
4	0.01061	0.00958	0.06652	0.19863	0.19190	0.04657	0.10178	0.01349	0.04760	0.13928	0.03062	0.09009	0.00987	0.00524	0.00454	0.00137	0.01903	0.00477	0.00284	0.00567
5	0.00670	0.00491	0.02697	0.00597	0.00721	0.00430	0.00494	0.00814	0.00932	0.04474	0.03667	0.11004	0.28140	0.01031	0.00551	0.04008	0.00297	0.28254	0.10343	0.00383
6	0.19329	0.00882	0.03030	0.13563	0.01463	0.04587	0.14202	0.04198	0.00997	0.20005	0.01341	0.01517	0.08432	0.00523	0.00412	0.00137	0.00456	0.04067	0.00320	0.00537
7	0.00966	0.02802	0.09244	0.07562	0.06991	0.00987	0.40608	0.03699	0.04911	0.03759	0.01026	0.09387	0.00875	0.00499	0.00512	0.00143	0.04712	0.00513	0.00249	0.00556
8	0.00993	0.18483	0.44624	0.01204	0.06907	0.04931	0.07192	0.04064	0.05379	0.01321	0.00786	0.00909	0.00598	0.00401	0.00383	0.00124	0.00571	0.00321	0.00206	0.00603
9	0.00521	0.00412	0.00470	0.00487	0.00591	0.00360	0.00353	0.00639	0.00970	0.01237	0.20345	0.23628	0.46331	0.01083	0.00506	0.00147	0.00217	0.00936	0.00406	0.00360
10	0.00668	0.00552	0.00675	0.00724	0.05181	0.04301	0.01460	0.01782	0.00889	0.01180	0.14172	0.23899	0.12217	0.12569	0.09731	0.00242	0.03272	0.04490	0.01613	0.00382
11	0.02854	0.23171	0.29571	0.03021	0.04295	0.08440	0.02866	0.10179	0.03712	0.02307	0.00855	0.05364	0.00712	0.00458	0.00376	0.00121	0.00529	0.00353	0.00236	0.00580
12	0.00628	0.00459	0.00641	0.00631	0.00677	0.00525	0.00462	0.00714	0.00649	0.00919	0.01128	0.01898	0.01139	0.25931	0.51589	0.05514	0.05446	0.00486	0.00229	0.00335
13	0.00544	0.00381	0.00505	0.00594	0.00631	0.00360	0.00415	0.00638	0.00836	0.01133	0.04678	0.70645	0.02702	0.01250	0.00529	0.00169	0.00255	0.09025	0.04362	0.00350
14	0.04972	0.00811	0.05522	0.03207	0.03628	0.00755	0.10623	0.02647	0.17351	0.14940	0.06846	0.13280	0.10033	0.00689	0.00470	0.00143	0.01809	0.01361	0.00370	0.00544
15	0.05056	0.07021	0.14882	0.09557	0.03564	0.09164	0.14190	0.14347	0.03966	0.07872	0.00886	0.01034	0.00665	0.01682	0.00476	0.00135	0.04281	0.00368	0.00269	0.00583
16	0.01263	0.01302	0.01098	0.06750	0.01274	0.35966	0.02997	0.07780	0.10669	0.05073	0.04685	0.01159	0.00889	0.00622	0.04138	0.00149	0.06775	0.00370	0.06524	0.00520
17	0.31172	0.03192	0.01218	0.07908	0.13356	0.23987	0.07974	0.01357	0.00919	0.01406	0.00669	0.00841	0.00541	0.00411	0.00390	0.00126	0.03498	0.00302	0.00226	0.00508
18	0.00616	0.00412	0.00485	0.00490	0.00505	0.00419	0.00299	0.00647	0.00644	0.00880	0.01357	0.04788	0.01519	0.68957	0.10304	0.00411	0.00468	0.02783	0.03738	0.00278
19	0.01021	0.21650	0.40340	0.00965	0.01437	0.03829	0.01088	0.04147	0.05374	0.04899	0.00811	0.00896	0.00615	0.00399	0.00361	0.00114	0.00515	0.00298	0.00225	0.11017
20	0.00666	0.00498	0.00714	0.02594	0.00852	0.00473	0.05986	0.00834	0.02030	0.04832	0.13784	0.25182	0.18243	0.01099	0.03275	0.00176	0.00336	0.17639	0.00384	0.00402
21	0.01014	0.12843	0.30985	0.03950	0.03400	0.01040	0.03916	0.10290	0.10814	0.03107	0.03639	0.01060	0.00789	0.00432	0.00385	0.00119	0.00487	0.00347	0.00262	0.11122
22	0.05607	0.00745	0.04407	0.00848	0.04664	0.02963	0.00677	0.03793	0.17116	0.01424	0.02655	0.12235	0.04965	0.00856	0.00483	0.00157	0.00372	0.30564	0.00361	0.05107

[dist]
# distance from previous block
# <min> <max>
1	10

[block]
# block no. 2 follows, 63 sequences, length 19
# corresponding to MSA columns:
# 380-398
name=unknown_C
#
# <colnr> <probs for GDERKNQSTAVLIFYWHMCP>
#	G	D	E	R	K	N	Q	S	T	A	V	L	I	F	Y	W	H	M	C	P
0	0.06351	0.05633	0.00980	0.03337	0.03641	0.06139	0.00648	0.11624	0.25848	0.06393	0.07110	0.01871	0.06869	0.05636	0.00525	0.00152	0.00387	0.05933	0.00367	0.00554
1	0.00554	0.00413	0.00551	0.05119	0.00754	0.00400	0.00448	0.00675	0.02159	0.01150	0.09406	0.60388	0.08079	0.02370	0.00547	0.00168	0.00267	0.05808	0.00384	0.00361
2	0.01041	0.00891	0.01381	0.07094	0.31834	0.00939	0.08440	0.07818	0.10930	0.06168	0.01122	0.07079	0.00977	0.05122	0.00589	0.00153	0.05549	0.01999	0.00287	0.00588
3	0.01353	0.01232	0.06282	0.01066	0.01385	0.14540	0.13704	0.31464	0.03679	0.09993	0.01215	0.02509	0.04268	0.00536	0.00439	0.00132	0.00528	0.04721	0.00346	0.00609
4	0.00782	0.00666	0.00766	0.00578	0.00891	0.00511	0.00457	0.00954	0.00907	0.01341	0.06042	0.01627	0.16975	0.00491	0.00358	0.00082	0.00286	0.00404	0.00289	0.65594
5	0.01078	0.00946	0.01162	0.00978	0.01244	0.01057	0.10710	0.08888	0.63075	0.01773	0.01555	0.01537	0.01179	0.00551	0.00439	0.00142	0.00392	0.02243	0.00399	0.00651
6	0.19848	0.01032	0.01834	0.01351	0.01719	0.01027	0.49693	0.06609	0.05393	0.06078	0.00895	0.01069	0.00661	0.00393	0.00433	0.00138	0.00570	0.00425	0.00265	0.00566
7	0.01084	0.00934	0.01522	0.10100	0.59769	0.00951	0.01152	0.06131	0.01038	0.07058	0.05458	0.01192	0.00871	0.00424	0.00422	0.00127	0.00476	0.00400	0.00255	0.00638
8	0.07404	0.46390	0.09904	0.00953	0.05807	0.05564	0.06342	0.01368	0.03180	0.07061	0.00756	0.00866	0.00620	0.01759	0.00357	0.00113	0.00484	0.00291	0.00224	0.00560
9	0.00618	0.00411	0.00498	0.00498	0.00509	0.00423	0.00304	0.00628	0.00617	0.00834	0.01253	0.02481	0.01400	0.66904	0.14555	0.06469	0.00514	0.00570	0.00245	0.00268
10	0.00984	0.00872	0.01034	0.17314	0.01401	0.14326	0.07551	0.03069	0.04231	0.08279	0.14111	0.01867	0.08329	0.00815	0.05611	0.05107	0.00506	0.03814	0.00309	0.00468
11	0.06372	0.03489	0.04415	0.00798	0.01033	0.03785	0.06682	0.05548	0.08523	0.19619	0.02800	0.07464	0.06479	0.04023	0.12170	0.00221	0.00500	0.02379	0.03173	0.00528
12	0.00557	0.00443	0.00509	0.00537	0.00657	0.00399	0.00422	0.00706	0.02413	0.01205	0.08514	0.11275	0.49987	0.01088	0.00519	0.00156	0.00258	0.19590	0.00395	0.00370
13	0.00611	0.00408	0.00458	0.00458	0.00458	0.00408	0.00255	0.00611	0.00611	0.00815	0.01325	0.02751	0.01528	0.85226	0.02140	0.00408	0.00408	0.00611	0.00255	0.00255
14	0.01028	0.06800	0.11310	0.05847	0.32672	0.06052	0.27562	0.01325	0.00963	0.01299	0.00782	0.01016	0.00620	0.00376	0.00429	0.00129	0.00598	0.00391	0.00204	0.00599
15	0.00750	0.02504	0.00707	0.00640	0.00672	0.00591	0.00460	0.00775	0.06196	0.00885	0.00934	0.01588	0.00941	0.19648	0.08686	0.41182	0.11898	0.00431	0.00219	0.00294
16	0.00518	0.00374	0.00492	0.00584	0.00618	0.00348	0.00398	0.00598	0.00821	0.01085	0.02431	0.76682	0.07587	0.01295	0.00536	0.00170	0.00248	0.04480	0.00390	0.00344
17	0.00590	0.00441	0.00626	0.00622	0.00705	0.00477	0.00477	0.00747	0.00823	0.01163	0.21305	0.05115	0.06561	0.02403	0.55382	0.00493	0.00814	0.00578	0.00299	0.00378
18	0.02032	0.00976	0.01224	0.08330	0.12458	0.13548	0.07708	0.02682	0.02659	0.08412	0.01067	0.11531	0.01002	0.06450	0.00738	0.00163	0.16663	0.01585	0.00268	0.00504

[dist]
# distance from previous block
# <min> <max>
0	1

[block]
# block no. 3 follows, 63 sequences, length 9
# corresponding to MSA columns:
# 400-406,420,421
name=unknown_D
#
# <colnr> <probs for GDERKNQSTAVLIFYWHMCP>
#	G	D	E	R	K	N	Q	S	T	A	V	L	I	F	Y	W	H	M	C	P
0	0.00843	0.00862	0.06886	0.30071	0.12414	0.04068	0.07092	0.01124	0.03920	0.01242	0.01176	0.08223	0.03655	0.02508	0.00463	0.00141	0.00474	0.02768	0.11580	0.00489
1	0.00534	0.00400	0.00489	0.00535	0.00601	0.00369	0.00374	0.00627	0.00859	0.01116	0.09047	0.41276	0.25005	0.09271	0.04613	0.00207	0.00294	0.03664	0.00375	0.00345
2	0.01104	0.79440	0.08064	0.00754	0.01133	0.01614	0.00780	0.01264	0.00857	0.01014	0.00597	0.00690	0.00539	0.00363	0.00279	0.00093	0.00462	0.00231	0.00180	0.00545
3	0.00934	0.00800	0.00965	0.00705	0.01069	0.00659	0.03699	0.06195	0.06364	0.01475	0.00832	0.00937	0.00673	0.00343	0.00333	0.00075	0.00338	0.00282	0.00270	0.73050
4	0.19352	0.03280	0.01106	0.00902	0.01156	0.21143	0.06942	0.17851	0.06817	0.04276	0.00945	0.01167	0.00769	0.03957	0.04430	0.00163	0.00535	0.02991	0.01682	0.00536
5	0.00720	0.00538	0.00752	0.00706	0.00776	0.00632	0.00548	0.00835	0.00730	0.05156	0.05130	0.01846	0.06835	0.10457	0.44265	0.03148	0.15786	0.00493	0.00257	0.00389
6	0.02069	0.00875	0.06988	0.12969	0.10614	0.02219	0.03322	0.05169	0.07956	0.05583	0.12915	0.01663	0.05893	0.00538	0.00419	0.00122	0.00404	0.03086	0.00310	0.16888
7	0.00615	0.00405	0.00484	0.00498	0.00515	0.00399	0.00311	0.00619	0.00664	0.00875	0.01574	0.09119	0.06683	0.57728	0.01748	0.10903	0.00376	0.05941	0.00274	0.00268
8	0.14638	0.07557	0.07026	0.03055	0.09925	0.08654	0.10436	0.08361	0.13689	0.01550	0.05059	0.02511	0.02518	0.00492	0.00410	0.00131	0.01514	0.01627	0.00287	0.00560

[dist]
# distance from previous block
# <min> <max>
1	13

[block]
# block no. 4 follows, 63 sequences, length 31
# corresponding to MSA columns:
# 436-456,465-473,479
name=unknown_E
#
# <colnr> <probs for GDERKNQSTAVLIFYWHMCP>
#	G	D	E	R	K	N	Q	S	T	A	V	L	I	F	Y	W	H	M	C	P
0	0.02753	0.01132	0.01324	0.13429	0.20644	0.10255	0.00952	0.34431	0.05640	0.03959	0.00927	0.01040	0.00696	0.00456	0.00413	0.00127	0.00506	0.00369	0.00314	0.00635
1	0.00607	0.00444	0.00531	0.00514	0.00611	0.00407	0.01890	0.00704	0.00882	0.03667	0.13539	0.07639	0.34813	0.25151	0.03526	0.00236	0.00317	0.03818	0.00357	0.00348
2	0.00933	0.23533	0.54398	0.01035	0.01544	0.04646	0.01246	0.01299	0.00908	0.01249	0.04995	0.00945	0.00715	0.00415	0.00370	0.00121	0.00561	0.00310	0.00195	0.00583
3	0.01131	0.33606	0.08996	0.01044	0.01396	0.04546	0.18732	0.02138	0.08400	0.08688	0.00896	0.02162	0.00715	0.00462	0.01352	0.00127	0.04428	0.00360	0.00248	0.00572
4	0.00934	0.11481	0.59245	0.01156	0.01694	0.01025	0.08970	0.01339	0.00908	0.05571	0.00840	0.03500	0.00639	0.00425	0.00399	0.00130	0.00585	0.00352	0.00206	0.00603
5	0.00602	0.00442	0.00533	0.00514	0.00599	0.00419	0.00364	0.00778	0.04359	0.01392	0.47057	0.05514	0.14039	0.20544	0.00877	0.00199	0.00256	0.00744	0.00401	0.00367
6	0.00662	0.00527	0.00645	0.00584	0.00752	0.00472	0.00443	0.00840	0.03383	0.01268	0.15365	0.13316	0.15059	0.04184	0.14471	0.00223	0.00410	0.02548	0.00332	0.24518
7	0.00970	0.03794	0.01195	0.00874	0.01199	0.00794	0.13746	0.09733	0.08421	0.02593	0.02621	0.03037	0.04355	0.00500	0.01543	0.00112	0.01332	0.02807	0.00295	0.40079
8	0.00799	0.00495	0.00585	0.00562	0.00695	0.00461	0.00419	0.06702	0.01032	0.11584	0.11277	0.28013	0.23848	0.00945	0.00471	0.00142	0.00255	0.00816	0.10468	0.00431
9	0.00535	0.00384	0.00512	0.00607	0.00645	0.00362	0.00428	0.00626	0.00832	0.01101	0.02363	0.71334	0.05155	0.01288	0.00541	0.00173	0.00263	0.12114	0.00390	0.00348
10	0.01044	0.01011	0.01603	0.12469	0.58925	0.06066	0.05391	0.01288	0.00963	0.03312	0.00885	0.02119	0.02210	0.00411	0.00422	0.00128	0.00522	0.00395	0.00220	0.00616
11	0.03404	0.04572	0.07439	0.03961	0.01443	0.08157	0.19502	0.05180	0.08880	0.25077	0.01294	0.02997	0.03938	0.01685	0.00454	0.00136	0.00500	0.00442	0.00340	0.00599
12	0.00545	0.00403	0.00536	0.00588	0.00650	0.00372	0.02607	0.00644	0.00852	0.01137	0.04356	0.61056	0.15023	0.01192	0.00517	0.00162	0.00253	0.03785	0.04966	0.00355
13	0.07714	0.00962	0.01467	0.44231	0.13709	0.08112	0.14147	0.01213	0.00899	0.01219	0.00746	0.01043	0.00578	0.00407	0.00431	0.00135	0.01898	0.00373	0.00202	0.00512
14	0.00607	0.00448	0.00666	0.00666	0.00742	0.00521	0.00517	0.00759	0.00683	0.00997	0.01135	0.01649	0.01052	0.03060	0.80651	0.00655	0.01093	0.00448	0.03277	0.00376
15	0.00872	0.00747	0.00872	0.00623	0.00996	0.00560	0.00498	0.01058	0.00872	0.01370	0.00747	0.00872	0.00623	0.00311	0.00311	0.00062	0.00311	0.00249	0.00249	0.87796
16	0.04322	0.00465	0.00600	0.00585	0.00652	0.00498	0.00417	0.00795	0.00689	0.06066	0.01241	0.02119	0.01252	0.37434	0.39036	0.00497	0.00728	0.01993	0.00261	0.00349
17	0.01027	0.00862	0.15455	0.00808	0.01070	0.00603	0.04188	0.02806	0.00990	0.24202	0.04184	0.28901	0.02925	0.00801	0.00467	0.00146	0.00377	0.05560	0.00378	0.04250
18	0.10587	0.21853	0.10270	0.05615	0.15932	0.05266	0.00925	0.03517	0.00923	0.10519	0.00781	0.00915	0.00617	0.00442	0.00471	0.00125	0.10114	0.00315	0.00241	0.00571
19	0.06676	0.05477	0.04016	0.01162	0.05677	0.05609	0.17144	0.24617	0.21939	0.01827	0.01069	0.01124	0.00802	0.00462	0.00417	0.00131	0.00493	0.00402	0.00328	0.00629
20	0.00513	0.00421	0.00452	0.00463	0.00586	0.00361	0.00344	0.00626	0.00963	0.01183	0.11328	0.13274	0.63777	0.01077	0.00504	0.00146	0.00220	0.03008	0.00397	0.00358
21	0.01310	0.15622	0.01292	0.00909	0.01185	0.19136	0.00742	0.22901	0.27067	0.01692	0.01116	0.01178	0.00875	0.00503	0.00392	0.00123	0.00481	0.02527	0.00337	0.00611
22	0.01049	0.01074	0.01493	0.15236	0.53785	0.12937	0.01150	0.01276	0.00973	0.01263	0.00947	0.01171	0.04953	0.00427	0.00416	0.00126	0.00532	0.00386	0.00216	0.00592
23	0.01412	0.01095	0.01252	0.05533	0.10903	0.03443	0.00847	0.53686	0.09061	0.04187	0.01081	0.03690	0.00821	0.00515	0.00423	0.00129	0.00459	0.00410	0.00380	0.00674
24	0.01026	0.00945	0.01750	0.03919	0.04180	0.00973	0.40720	0.05616	0.05215	0.05850	0.00888	0.01156	0.00699	0.00597	0.00762	0.12866	0.11636	0.00441	0.00243	0.00519
25	0.00512	0.00389	0.00465	0.00523	0.00587	0.00350	0.00359	0.00593	0.00848	0.01082	0.02942	0.52584	0.30429	0.05535	0.00605	0.00173	0.00242	0.01058	0.00383	0.00342
26	0.03553	0.00915	0.01144	0.00906	0.01198	0.03472	0.08315	0.22388	0.13021	0.29302	0.05185	0.01494	0.01118	0.03027	0.00483	0.00141	0.00421	0.02853	0.00421	0.00642
27	0.01821	0.00759	0.00995	0.00769	0.01091	0.00690	0.00633	0.07763	0.05522	0.72824	0.01614	0.01408	0.01030	0.00522	0.00423	0.00130	0.00364	0.00422	0.00508	0.00713
28	0.00786	0.00548	0.00681	0.00570	0.00772	0.00462	0.00441	0.00972	0.01084	0.08835	0.46608	0.02379	0.07449	0.00681	0.00435	0.00112	0.00246	0.00588	0.00401	0.25949
29	0.77378	0.00801	0.00663	0.00577	0.00846	0.00902	0.00476	0.01338	0.00777	0.12040	0.00720	0.00777	0.00529	0.00407	0.00281	0.00130	0.00329	0.00252	0.00293	0.00488
30	0.42460	0.00962	0.00931	0.00751	0.01051	0.01069	0.00620	0.36026	0.01309	0.09861	0.00871	0.00895	0.00623	0.00452	0.00345	0.00128	0.00388	0.00312	0.00354	0.00593

[dist]
# distance from previous block
# <min> <max>
0	1

[block]
# block no. 5 follows, 63 sequences, length 23
# corresponding to MSA columns:
# 481-503
name=unknown_F
#
# <colnr> <probs for GDERKNQSTAVLIFYWHMCP>
#	G	D	E	R	K	N	Q	S	T	A	V	L	I	F	Y	W	H	M	C	P
0	0.01208	0.01235	0.01614	0.01263	0.01520	0.16130	0.25867	0.17695	0.06710	0.01505	0.00836	0.01020	0.00660	0.00503	0.00661	0.00142	0.20202	0.00400	0.00264	0.00564
1	0.03954	0.01459	0.01195	0.01005	0.01261	0.37112	0.02929	0.28679	0.06223	0.04351	0.03563	0.01007	0.00774	0.00492	0.00444	0.00123	0.04181	0.00350	0.00316	0.00580
2	0.00730	0.00365	0.00548	0.00548	0.00548	0.00365	0.00365	0.00548	0.00548	0.00730	0.00730	0.01278	0.00730	0.01460	0.01643	0.87769	0.00365	0.00365	0.00183	0.00183
3	0.02791	0.00809	0.00962	0.00737	0.01031	0.00766	0.00597	0.12119	0.00976	0.01481	0.00782	0.00951	0.00654	0.00606	0.06596	0.00134	0.11685	0.00297	0.00263	0.55762
4	0.06797	0.00946	0.01090	0.02778	0.17457	0.08377	0.02017	0.09216	0.23144	0.05707	0.02503	0.06399	0.02515	0.03553	0.04045	0.00165	0.00455	0.00462	0.00330	0.02043
5	0.00602	0.00410	0.00488	0.00514	0.00543	0.00405	0.00334	0.00653	0.00713	0.00959	0.01748	0.16347	0.06648	0.51488	0.04434	0.00328	0.00384	0.08657	0.04046	0.00298
6	0.00519	0.00373	0.00495	0.00587	0.00618	0.00348	0.00399	0.00601	0.00823	0.01096	0.04282	0.78438	0.04571	0.01295	0.00536	0.00170	0.00247	0.03866	0.00392	0.00345
7	0.65769	0.00803	0.00720	0.00611	0.00888	0.00881	0.00504	0.04073	0.00868	0.20264	0.00843	0.00863	0.00596	0.00423	0.00302	0.00130	0.00337	0.00277	0.00324	0.00523
8	0.00687	0.00460	0.00612	0.00658	0.00761	0.00436	0.00534	0.00845	0.00981	0.06376	0.13996	0.19928	0.12320	0.01096	0.00540	0.00170	0.00309	0.38487	0.00407	0.00396
9	0.00518	0.00372	0.00493	0.00588	0.00618	0.00347	0.00399	0.00597	0.00816	0.01082	0.02372	0.79455	0.05156	0.01303	0.00537	0.00171	0.00248	0.04194	0.00390	0.00344
10	0.00904	0.01021	0.08456	0.01074	0.01141	0.03575	0.00938	0.01036	0.00684	0.01037	0.00623	0.00977	0.00594	0.00910	0.08501	0.00221	0.67286	0.00367	0.00188	0.00467
11	0.00730	0.00365	0.00548	0.00548	0.00548	0.00365	0.00365	0.00548	0.00548	0.00730	0.00730	0.01278	0.00730	0.01460	0.01643	0.87769	0.00365	0.00365	0.00183	0.00183
12	0.00582	0.00421	0.00556	0.00635	0.00699	0.00403	0.00487	0.00705	0.00884	0.01156	0.05048	0.39457	0.09965	0.05748	0.00635	0.00188	0.00304	0.31384	0.00384	0.00357
13	0.00654	0.00454	0.00604	0.00615	0.00719	0.00428	0.00493	0.00840	0.01088	0.04028	0.45943	0.07378	0.06930	0.00980	0.00524	0.00155	0.00269	0.27066	0.00433	0.00399
14	0.01001	0.05172	0.19784	0.04184	0.14826	0.06598	0.22916	0.04008	0.07767	0.01389	0.03176	0.01186	0.02732	0.00433	0.00427	0.00130	0.00562	0.00411	0.02714	0.00584
15	0.00599	0.00504	0.03249	0.00625	0.00715	0.00460	0.00470	0.00823	0.09391	0.01193	0.06413	0.48636	0.11832	0.03482	0.04331	0.00192	0.00313	0.06000	0.00380	0.00391
16	0.10703	0.00964	0.00815	0.00710	0.00933	0.21526	0.00554	0.03432	0.01986	0.22837	0.05065	0.01815	0.18526	0.00613	0.00402	0.00125	0.00407	0.00474	0.07603	0.00512
17	0.00924	0.00984	0.07438	0.07655	0.21896	0.04394	0.17297	0.04539	0.03689	0.02490	0.05246	0.08274	0.09556	0.00588	0.00458	0.00138	0.00490	0.03124	0.00277	0.00543
18	0.03492	0.00790	0.04118	0.05301	0.09844	0.03203	0.04187	0.10186	0.02346	0.10807	0.04005	0.09345	0.01454	0.00712	0.00456	0.00146	0.00407	0.19714	0.08969	0.00518
19	0.00814	0.03279	0.00800	0.10429	0.02212	0.04388	0.00600	0.05526	0.08601	0.04784	0.03154	0.37242	0.05253	0.00921	0.00478	0.00152	0.00348	0.07364	0.03208	0.00448
20	0.03462	0.33198	0.31247	0.00899	0.01313	0.01182	0.02172	0.07017	0.02200	0.01317	0.04621	0.05258	0.03503	0.00482	0.00364	0.00119	0.00482	0.00370	0.00233	0.00559
21	0.12975	0.04851	0.10021	0.08062	0.10158	0.10543	0.03459	0.08138	0.13212	0.08961	0.00982	0.01102	0.00748	0.00466	0.00423	0.00131	0.03331	0.01562	0.00291	0.00584
22	0.00807	0.00521	0.00658	0.00624	0.00743	0.00536	0.00472	0.06939	0.03212	0.09245	0.03263	0.12211	0.11985	0.10582	0.26461	0.02874	0.00565	0.02856	0.05027	0.00419

[dist]
# distance from previous block
# <min> <max>
7	40

[block]
# block no. 6 follows, 63 sequences, length 26
# corresponding to MSA columns:
# 588-604,607-615
name=unknown_G
#
# <colnr> <probs for GDERKNQSTAVLIFYWHMCP>
#	G	D	E	R	K	N	Q	S	T	A	V	L	I	F	Y	W	H	M	C	P
0	0.00817	0.15103	0.00981	0.05031	0.00941	0.09140	0.00575	0.00997	0.03554	0.01256	0.23576	0.11851	0.09754	0.02383	0.02182	0.00148	0.04506	0.04072	0.00327	0.02805
1	0.03611	0.16289	0.06098	0.00783	0.01016	0.00920	0.02605	0.14048	0.05275	0.04908	0.09458	0.13880	0.04761	0.00817	0.03837	0.00159	0.03338	0.07350	0.00336	0.00512
2	0.18872	0.03525	0.00858	0.00714	0.00872	0.00778	0.02731	0.02414	0.03323	0.08209	0.12622	0.08661	0.04382	0.08517	0.00730	0.00168	0.14470	0.03648	0.00321	0.04185
3	0.01051	0.43262	0.21555	0.04539	0.03003	0.01332	0.13163	0.03719	0.00926	0.02868	0.00711	0.00846	0.00572	0.00379	0.00352	0.00113	0.00534	0.00304	0.00199	0.00571
4	0.01175	0.04296	0.01433	0.20270	0.23026	0.05133	0.05310	0.06610	0.01007	0.15013	0.00897	0.01083	0.00680	0.00467	0.00543	0.00136	0.11693	0.00377	0.00266	0.00586
5	0.00603	0.00423	0.00498	0.00516	0.00622	0.00371	0.00373	0.00709	0.00937	0.06595	0.10095	0.34319	0.40199	0.01106	0.00507	0.00151	0.00233	0.00962	0.00405	0.00377
6	0.03491	0.00506	0.00598	0.00555	0.00676	0.00488	0.00399	0.01009	0.06504	0.14886	0.08395	0.08056	0.17309	0.23068	0.03133	0.06048	0.00334	0.00635	0.03504	0.00407
7	0.00647	0.00497	0.00562	0.03844	0.00675	0.02789	0.00392	0.00721	0.02146	0.00958	0.01907	0.02918	0.17519	0.46493	0.03957	0.03248	0.02429	0.07696	0.00288	0.00315
8	0.03725	0.37333	0.16322	0.08709	0.04997	0.09684	0.03452	0.03385	0.02434	0.01190	0.00692	0.00829	0.00568	0.00392	0.00353	0.00111	0.01492	0.00285	0.00202	0.03847
9	0.00617	0.00456	0.00632	0.00625	0.00673	0.00519	0.00456	0.00717	0.00654	0.00927	0.01165	0.01968	0.01181	0.28923	0.54564	0.00571	0.04280	0.00498	0.00233	0.00341
10	0.00641	0.00482	0.00571	0.00593	0.00682	0.02231	0.00429	0.00818	0.06341	0.03902	0.08307	0.35391	0.18373	0.05911	0.11034	0.00234	0.00379	0.02923	0.00371	0.00387
11	0.01182	0.00895	0.07707	0.03708	0.01134	0.00834	0.00710	0.19329	0.16658	0.17221	0.04286	0.04017	0.07307	0.02136	0.02326	0.04667	0.00405	0.04507	0.00390	0.00582
12	0.07728	0.10800	0.10106	0.08559	0.12899	0.07771	0.08839	0.14235	0.02124	0.04089	0.00864	0.04362	0.00707	0.00468	0.00445	0.00129	0.04661	0.00380	0.00258	0.00575
13	0.02908	0.00776	0.00931	0.00745	0.01025	0.00768	0.00605	0.16289	0.11652	0.44337	0.01487	0.01381	0.01009	0.00517	0.00401	0.00126	0.00349	0.00414	0.13623	0.00656
14	0.00601	0.00450	0.00676	0.00676	0.00751	0.00525	0.00525	0.00751	0.00676	0.00976	0.01126	0.01651	0.01051	0.03153	0.83560	0.00676	0.01126	0.00450	0.00225	0.00375
15	0.04580	0.04102	0.03162	0.18679	0.13476	0.00976	0.11024	0.09047	0.08383	0.07198	0.03082	0.03775	0.02822	0.00498	0.00473	0.00135	0.04957	0.00433	0.00283	0.02915
16	0.01102	0.19016	0.07616	0.04123	0.06593	0.03603	0.05657	0.09070	0.07406	0.11250	0.03573	0.10319	0.02933	0.00598	0.00416	0.00131	0.00439	0.05278	0.00316	0.00561
17	0.00665	0.00393	0.00524	0.00524	0.00532	0.00401	0.00336	0.00597	0.00589	0.00794	0.01027	0.01947	0.01106	0.37303	0.10984	0.40878	0.00468	0.00479	0.00218	0.00235
18	0.00525	0.00375	0.00482	0.00559	0.00594	0.00348	0.00374	0.00587	0.00800	0.01052	0.02410	0.68193	0.11290	0.06198	0.00668	0.03489	0.00255	0.01096	0.00374	0.00332
19	0.03897	0.21096	0.08539	0.04737	0.08550	0.10555	0.13951	0.06584	0.01031	0.05462	0.06460	0.03428	0.00902	0.00464	0.00418	0.00123	0.02608	0.00389	0.00253	0.00553
20	0.26868	0.06893	0.05180	0.03113	0.01050	0.06936	0.03745	0.04327	0.00921	0.03918	0.02686	0.10690	0.02082	0.00685	0.00430	0.00146	0.02253	0.17309	0.00301	0.00466
21	0.09715	0.27550	0.16151	0.02163	0.05857	0.10238	0.00855	0.05026	0.03172	0.04980	0.04699	0.01096	0.04053	0.00512	0.02176	0.00128	0.00494	0.00336	0.00249	0.00548
22	0.04515	0.53120	0.20849	0.00817	0.01225	0.01348	0.00881	0.01291	0.00883	0.04943	0.02927	0.00835	0.00655	0.00389	0.00315	0.00104	0.00468	0.00270	0.00209	0.03957
23	0.01082	0.45269	0.14250	0.00834	0.01174	0.11429	0.00825	0.03846	0.04015	0.01180	0.06031	0.01142	0.00896	0.02736	0.00391	0.00117	0.00490	0.03530	0.00230	0.00533
24	0.00875	0.08683	0.12108	0.00696	0.00887	0.00681	0.00616	0.01041	0.02063	0.12294	0.03822	0.01918	0.02258	0.28124	0.18632	0.00334	0.01816	0.02431	0.00281	0.00439
25	0.08481	0.17440	0.10787	0.01947	0.04090	0.03731	0.01796	0.17115	0.01132	0.09652	0.04468	0.01196	0.04050	0.03309	0.00428	0.00124	0.00434	0.00362	0.00300	0.09158

[dist]
# distance from previous block
# <min> <max>
2	20

[block]
# block no. 7 follows, 63 sequences, length 41
# corresponding to MSA columns:
# 637-650,668-690,758-761
name=unknown_H
#
# <colnr> <probs for GDERKNQSTAVLIFYWHMCP>
#	G	D	E	R	K	N	Q	S	T	A	V	L	I	F	Y	W	H	M	C	P
0	0.00835	0.06702	0.10729	0.01030	0.11622	0.06898	0.03060	0.01056	0.02309	0.02317	0.11416	0.06573	0.12035	0.00924	0.07436	0.00185	0.04453	0.09645	0.00296	0.00480
1	0.01043	0.13079	0.28109	0.04080	0.11245	0.02905	0.16724	0.01353	0.00944	0.09420	0.00968	0.01104	0.03723	0.00431	0.00438	0.00129	0.03103	0.00378	0.00232	0.00591
2	0.01653	0.06787	0.31205	0.01797	0.06681	0.05495	0.10638	0.05707	0.03259	0.09981	0.03048	0.06003	0.03179	0.00505	0.00439	0.00133	0.02209	0.00429	0.00268	0.00587
3	0.00591	0.00420	0.00565	0.00654	0.00706	0.00408	0.00499	0.00709	0.00856	0.01127	0.02186	0.43298	0.02511	0.09077	0.00705	0.00202	0.00320	0.34437	0.00376	0.00353
4	0.02885	0.01286	0.30228	0.04234	0.12186	0.03344	0.01044	0.01457	0.06589	0.19099	0.03356	0.03507	0.00927	0.00597	0.02567	0.03291	0.00500	0.02008	0.00296	0.00597
5	0.02917	0.08153	0.10487	0.07838	0.08216	0.05449	0.08286	0.03811	0.04695	0.18718	0.03924	0.05786	0.05693	0.00545	0.00456	0.00133	0.03552	0.00458	0.00313	0.00571
6	0.14885	0.04813	0.18779	0.17851	0.09180	0.04175	0.02831	0.06322	0.03054	0.10869	0.00949	0.01071	0.02589	0.00439	0.00386	0.00130	0.00493	0.00350	0.00264	0.00570
7	0.00605	0.00419	0.00510	0.00514	0.00542	0.00428	0.00331	0.00654	0.00679	0.00918	0.05238	0.04405	0.04403	0.58605	0.16793	0.00422	0.00518	0.03451	0.00271	0.00293
8	0.01164	0.20585	0.32265	0.01015	0.02972	0.11831	0.02784	0.01442	0.00978	0.14056	0.02945	0.01063	0.00751	0.00448	0.00399	0.00122	0.02183	0.02159	0.00251	0.00586
9	0.01008	0.04560	0.07121	0.19211	0.28677	0.01907	0.13463	0.03263	0.00966	0.06260	0.01008	0.01211	0.04773	0.00431	0.00431	0.00129	0.01230	0.00406	0.00236	0.03711
10	0.03712	0.00754	0.03236	0.08750	0.15645	0.01428	0.04704	0.06729	0.00975	0.14038	0.05089	0.11544	0.01325	0.17300	0.00778	0.00192	0.00425	0.02552	0.00318	0.00505
11	0.01259	0.03438	0.03179	0.03938	0.01235	0.41963	0.03525	0.05942	0.06782	0.04691	0.10127	0.04247	0.02838	0.00612	0.02158	0.00135	0.00582	0.02548	0.00294	0.00506
12	0.01942	0.03011	0.25632	0.05509	0.02829	0.06100	0.06246	0.11606	0.03855	0.14443	0.00956	0.02380	0.00712	0.00499	0.00549	0.00138	0.12334	0.00377	0.00283	0.00600
13	0.04865	0.05417	0.04847	0.07569	0.22077	0.02157	0.07814	0.01168	0.02901	0.06837	0.09296	0.01814	0.15977	0.00575	0.00442	0.00131	0.01780	0.00503	0.03302	0.00529
14	0.00708	0.02938	0.00754	0.00661	0.00781	0.03702	0.03362	0.00902	0.06162	0.02653	0.14158	0.08492	0.23417	0.09639	0.13041	0.00249	0.06974	0.00667	0.00333	0.00406
15	0.00833	0.04499	0.12106	0.07401	0.06389	0.03885	0.14016	0.03310	0.02714	0.02010	0.12892	0.15504	0.05737	0.02126	0.02640	0.00158	0.02394	0.00603	0.00292	0.00491
16	0.01111	0.06542	0.13570	0.06963	0.03816	0.06527	0.14714	0.07685	0.13678	0.10405	0.01261	0.04858	0.04156	0.00523	0.00431	0.00134	0.00503	0.02232	0.00306	0.00585
17	0.00996	0.31758	0.32696	0.06029	0.01597	0.03579	0.10010	0.03498	0.00925	0.01224	0.02273	0.00896	0.00620	0.00400	0.00383	0.00119	0.01919	0.00315	0.00196	0.00569
18	0.00585	0.00482	0.02737	0.00569	0.00672	0.00422	0.00430	0.02991	0.03020	0.01255	0.12379	0.39142	0.26023	0.01094	0.00506	0.00154	0.00253	0.04306	0.02600	0.00382
19	0.01889	0.14757	0.20932	0.02833	0.16245	0.12276	0.08473	0.03043	0.02313	0.08391	0.03084	0.01013	0.00724	0.00423	0.00409	0.00123	0.01894	0.00348	0.00240	0.00591
20	0.01081	0.04339	0.07828	0.07832	0.03402	0.18904	0.07783	0.05922	0.03429	0.07217	0.06202	0.02921	0.09548	0.00621	0.00465	0.00136	0.02539	0.09017	0.00301	0.00512
21	0.00574	0.00491	0.02661	0.00724	0.02811	0.00434	0.06096	0.00691	0.00847	0.01127	0.04088	0.62075	0.09536	0.01212	0.02535	0.00176	0.00313	0.02866	0.00366	0.00376
22	0.06067	0.03563	0.32321	0.07678	0.09988	0.02391	0.09946	0.06662	0.08687	0.05623	0.00936	0.01107	0.00703	0.00437	0.00411	0.00134	0.00539	0.01952	0.00252	0.00604
23	0.05042	0.04985	0.07988	0.09175	0.05924	0.08040	0.06530	0.07737	0.03747	0.21465	0.05270	0.04554	0.03945	0.00536	0.00418	0.00131	0.00458	0.01747	0.01733	0.00575
24	0.03018	0.01604	0.45225	0.03078	0.04350	0.04525	0.13295	0.01321	0.04760	0.03370	0.01076	0.06124	0.03600	0.00499	0.00428	0.00137	0.00566	0.02217	0.00233	0.00575
25	0.01175	0.01402	0.04624	0.01019	0.03331	0.41125	0.00789	0.02328	0.05679	0.01115	0.01016	0.10432	0.02947	0.00779	0.05864	0.00169	0.15044	0.00436	0.00248	0.00479
26	0.04192	0.14110	0.22594	0.05718	0.09346	0.02405	0.08937	0.10406	0.01057	0.10548	0.02334	0.01100	0.03019	0.00446	0.00414	0.00126	0.02017	0.00367	0.00265	0.00598
27	0.03560	0.02554	0.16275	0.13923	0.18481	0.04048	0.09083	0.07039	0.01012	0.10330	0.00951	0.03803	0.00756	0.00504	0.01523	0.00142	0.03325	0.01847	0.00259	0.00586
28	0.00699	0.00509	0.02231	0.02737	0.00759	0.03270	0.00468	0.00798	0.00867	0.08881	0.02217	0.61450	0.07254	0.03276	0.00554	0.00168	0.00294	0.02794	0.00384	0.00391
29	0.00970	0.00958	0.07467	0.10541	0.13667	0.05147	0.09063	0.13932	0.01086	0.03031	0.03556	0.12647	0.05090	0.04368	0.03197	0.00168	0.00497	0.03794	0.00294	0.00525
30	0.01047	0.08292	0.13097	0.07539	0.15716	0.06260	0.06867	0.06884	0.05275	0.07483	0.09703	0.04393	0.03208	0.00529	0.00424	0.00130	0.00477	0.01816	0.00291	0.00569
31	0.01007	0.06820	0.34413	0.08920	0.09883	0.07942	0.14657	0.01345	0.00947	0.05094	0.02629	0.01018	0.00669	0.00415	0.00435	0.00131	0.02518	0.00362	0.00213	0.00582
32	0.00588	0.00415	0.00510	0.00529	0.00611	0.00405	0.00389	0.00691	0.00818	0.01114	0.03688	0.16500	0.26486	0.06540	0.19321	0.05518	0.00449	0.03845	0.11235	0.00348
33	0.01112	0.11722	0.24942	0.01397	0.13721	0.08491	0.16505	0.06097	0.02840	0.06100	0.00833	0.00975	0.00632	0.00410	0.00428	0.00127	0.02474	0.00357	0.00233	0.00604
34	0.03706	0.10826	0.30716	0.01114	0.08509	0.06166	0.05200	0.05074	0.05141	0.02688	0.07493	0.03430	0.03756	0.02421	0.00446	0.00135	0.00503	0.01860	0.00258	0.00561
35	0.00572	0.00403	0.00536	0.00624	0.02520	0.00377	0.00418	0.00664	0.00849	0.03219	0.07658	0.64509	0.07750	0.03729	0.02269	0.00182	0.00273	0.02699	0.00387	0.00362
36	0.04383	0.06286	0.23281	0.04815	0.05959	0.07648	0.06063	0.04175	0.04185	0.08192	0.05859	0.08339	0.04580	0.00569	0.00445	0.00134	0.02611	0.01645	0.00283	0.00549
37	0.07680	0.03519	0.13974	0.06565	0.30819	0.06724	0.05502	0.04267	0.02120	0.10406	0.00926	0.04030	0.00737	0.00442	0.00405	0.00129	0.00509	0.00385	0.00258	0.00605
38	0.02974	0.03414	0.05911	0.07876	0.06417	0.10163	0.09578	0.27386	0.03992	0.03667	0.01121	0.06239	0.03630	0.00546	0.00463	0.00134	0.03521	0.02076	0.00311	0.00583
39	0.08247	0.04866	0.08490	0.00801	0.01072	0.05507	0.00696	0.11170	0.11652	0.12508	0.01210	0.08390	0.01023	0.02823	0.04168	0.00159	0.03436	0.02406	0.01926	0.09450
40	0.03526	0.11111	0.10681	0.03144	0.08632	0.03813	0.07882	0.12307	0.01775	0.06753	0.00846	0.00964	0.00654	0.00450	0.02181	0.00119	0.00479	0.00325	0.00266	0.24093

[dist]
# distance from previous block
# <min> <max>
0	2

[block]
# block no. 8 follows, 63 sequences, length 25
# corresponding to MSA columns:
# 764-784,788-791
name=unknown_I
#
# <colnr> <probs for GDERKNQSTAVLIFYWHMCP>
#	G	D	E	R	K	N	Q	S	T	A	V	L	I	F	Y	W	H	M	C	P
0	0.02250	0.16377	0.14454	0.04550	0.07344	0.03459	0.02611	0.02803	0.00929	0.04645	0.02324	0.02837	0.03625	0.00420	0.00357	0.00101	0.00432	0.00337	0.00244	0.29900
1	0.00585	0.00444	0.00559	0.04245	0.00751	0.00406	0.00436	0.00702	0.00893	0.02269	0.08709	0.39983	0.22785	0.02673	0.00534	0.00157	0.00266	0.06721	0.00376	0.06507
2	0.01131	0.09768	0.12613	0.04149	0.23595	0.02234	0.07146	0.01415	0.04338	0.17997	0.02320	0.01419	0.09048	0.00491	0.00415	0.00128	0.00465	0.00429	0.00295	0.00605
3	0.01027	0.04777	0.11412	0.03188	0.20340	0.09906	0.00865	0.02555	0.05139	0.10085	0.09210	0.07750	0.10762	0.00609	0.00431	0.00130	0.00437	0.00516	0.00311	0.00550
4	0.00873	0.00603	0.05153	0.00661	0.00809	0.00512	0.00518	0.06458	0.02591	0.16321	0.03713	0.45998	0.08529	0.04495	0.00560	0.00164	0.00306	0.00876	0.00401	0.00456
5	0.00982	0.20115	0.15949	0.10325	0.14046	0.01084	0.03922	0.09516	0.05268	0.01377	0.03584	0.08580	0.02478	0.00516	0.00400	0.00126	0.00474	0.00435	0.00255	0.00566
6	0.01112	0.09849	0.24777	0.13240	0.12392	0.07389	0.03920	0.07504	0.04373	0.08612	0.00872	0.01005	0.00650	0.00428	0.00417	0.00128	0.02141	0.00346	0.00247	0.00599
7	0.00996	0.05038	0.17352	0.06958	0.31056	0.05671	0.08610	0.01316	0.04906	0.01284	0.01702	0.01027	0.00671	0.00444	0.00535	0.00135	0.11129	0.00369	0.00211	0.00591
8	0.04715	0.00989	0.00912	0.05686	0.01056	0.22899	0.03926	0.04512	0.05899	0.01195	0.05983	0.03831	0.03756	0.18384	0.07217	0.01976	0.03866	0.00468	0.02301	0.00429
9	0.07463	0.08724	0.08181	0.12190	0.25008	0.07681	0.03744	0.01321	0.07318	0.03337	0.04706	0.01320	0.04903	0.00476	0.00402	0.00128	0.00482	0.01803	0.00254	0.00560
10	0.14735	0.00656	0.00738	0.00651	0.00857	0.02784	0.02288	0.01285	0.07382	0.23343	0.06203	0.09889	0.19700	0.02896	0.02061	0.00157	0.00334	0.03142	0.00396	0.00500
11	0.00543	0.00391	0.00512	0.00597	0.00639	0.00369	0.00422	0.00633	0.00829	0.01091	0.02372	0.62117	0.07934	0.06297	0.00637	0.00187	0.00274	0.13432	0.00382	0.00344
12	0.00990	0.01420	0.34371	0.04392	0.21723	0.00935	0.09977	0.03205	0.04376	0.07369	0.01036	0.02865	0.02749	0.00459	0.00427	0.00135	0.00541	0.02171	0.00245	0.00615
13	0.07141	0.07440	0.20557	0.13662	0.07625	0.09625	0.05499	0.16790	0.01129	0.04313	0.00828	0.02070	0.00631	0.00435	0.00395	0.00127	0.00545	0.00348	0.00255	0.00585
14	0.01108	0.80839	0.06706	0.00746	0.01120	0.01625	0.00766	0.01263	0.00856	0.01008	0.00594	0.00686	0.00539	0.00362	0.00277	0.00092	0.00459	0.00230	0.00180	0.00544
15	0.00872	0.00858	0.08767	0.08463	0.23252	0.00766	0.02772	0.08825	0.00994	0.03246	0.05305	0.20133	0.03968	0.02686	0.07008	0.00188	0.00480	0.00603	0.00293	0.00521
16	0.00977	0.04583	0.08594	0.06075	0.10618	0.04253	0.02876	0.04743	0.07303	0.11031	0.17509	0.06867	0.08227	0.00693	0.01873	0.00143	0.00407	0.02347	0.00347	0.00533
17	0.01020	0.00977	0.01649	0.08845	0.69144	0.00998	0.03568	0.01331	0.05789	0.01372	0.00844	0.01081	0.00694	0.00389	0.00420	0.00128	0.00500	0.00384	0.00220	0.00647
18	0.00612	0.00408	0.00482	0.00494	0.00511	0.00412	0.00304	0.00649	0.00661	0.00910	0.01430	0.10835	0.01605	0.62606	0.08967	0.00384	0.00441	0.02510	0.05493	0.00285
19	0.00950	0.01426	0.31420	0.14784	0.07269	0.03994	0.16369	0.08025	0.01004	0.01381	0.02162	0.03158	0.02519	0.00458	0.00462	0.00137	0.03280	0.00408	0.00224	0.00571
20	0.04607	0.11104	0.17916	0.01302	0.16963	0.14855	0.03492	0.07596	0.02152	0.05975	0.02716	0.01075	0.00744	0.00461	0.00447	0.00126	0.05215	0.02424	0.00249	0.00583
21	0.05522	0.00482	0.00625	0.00612	0.00706	0.00526	0.00462	0.00823	0.04082	0.02867	0.03076	0.02019	0.11456	0.11338	0.47761	0.05715	0.00774	0.00512	0.00268	0.00372
22	0.00805	0.05476	0.00757	0.00665	0.00808	0.16793	0.00507	0.00992	0.05838	0.01216	0.14281	0.16518	0.25184	0.00956	0.03136	0.00156	0.00381	0.04762	0.00352	0.00416
23	0.01856	0.20318	0.15247	0.03258	0.05815	0.10946	0.17248	0.07421	0.04744	0.02866	0.03188	0.01020	0.00733	0.00481	0.02281	0.00134	0.01275	0.00360	0.00238	0.00570
24	0.06832	0.03234	0.10429	0.10600	0.08416	0.06607	0.06966	0.05149	0.05645	0.06951	0.03221	0.09134	0.06513	0.00652	0.02134	0.00149	0.03619	0.02931	0.00290	0.00527

[dist]
# distance from previous block
# <min> <max>
0	1

[block]
# block no. 9 follows, 63 sequences, length 45
# corresponding to MSA columns:
# 793-805,809-817,831-853
name=unknown_J
#
# <colnr> <probs for GDERKNQSTAVLIFYWHMCP>
#	G	D	E	R	K	N	Q	S	T	A	V	L	I	F	Y	W	H	M	C	P
0	0.00808	0.00560	0.00788	0.00794	0.02944	0.02063	0.04553	0.00996	0.02367	0.09699	0.12109	0.13464	0.02157	0.05278	0.08620	0.00226	0.00439	0.31330	0.00373	0.00432
1	0.03133	0.08739	0.24772	0.03311	0.12798	0.04434	0.12307	0.01311	0.05828	0.04145	0.03791	0.05280	0.03296	0.00514	0.00432	0.00134	0.01387	0.03570	0.00252	0.00566
2	0.08592	0.01161	0.08046	0.01177	0.07425	0.10494	0.15868	0.14091	0.01135	0.14870	0.00985	0.03782	0.00762	0.01903	0.00500	0.00136	0.05406	0.00403	0.00303	0.02962
3	0.00967	0.00907	0.01516	0.30070	0.50948	0.00974	0.01217	0.03875	0.00952	0.01312	0.00819	0.01157	0.00675	0.00414	0.00422	0.00132	0.00516	0.02322	0.00212	0.00593
4	0.01014	0.00854	0.02600	0.04228	0.15610	0.02779	0.04908	0.21452	0.02872	0.03510	0.06012	0.07024	0.15467	0.00682	0.00455	0.00137	0.00406	0.06396	0.03050	0.00545
5	0.05418	0.08703	0.24071	0.01224	0.10646	0.07170	0.10362	0.07872	0.04635	0.04885	0.02043	0.01053	0.02325	0.00431	0.00411	0.00124	0.01938	0.00357	0.00251	0.06083
6	0.01016	0.04924	0.20915	0.08033	0.45572	0.01026	0.01267	0.03273	0.00947	0.04062	0.00793	0.01001	0.00630	0.00408	0.00450	0.00129	0.04359	0.00354	0.00213	0.00629
7	0.00684	0.00497	0.00696	0.07792	0.00881	0.02208	0.02000	0.00753	0.02910	0.00962	0.02419	0.13253	0.05211	0.05081	0.24045	0.27806	0.01676	0.00550	0.00249	0.00327
8	0.03161	0.03501	0.14970	0.06473	0.06319	0.05467	0.06525	0.07904	0.09412	0.06892	0.01163	0.03192	0.05399	0.00473	0.00398	0.00119	0.00459	0.00397	0.00286	0.17487
9	0.02706	0.13683	0.09844	0.04696	0.12913	0.12451	0.02263	0.10646	0.05824	0.11679	0.01073	0.03281	0.02447	0.00498	0.00411	0.00126	0.01552	0.03025	0.00292	0.00590
10	0.00975	0.03733	0.06031	0.23850	0.25486	0.02423	0.00998	0.04263	0.07116	0.06554	0.04804	0.04972	0.05958	0.00522	0.00426	0.00133	0.00461	0.00458	0.00275	0.00562
11	0.01320	0.00541	0.00585	0.00635	0.03402	0.05114	0.00443	0.01298	0.00914	0.02171	0.03829	0.33746	0.36258	0.01064	0.00527	0.00152	0.03048	0.02862	0.01709	0.00381
12	0.01110	0.07415	0.19509	0.01344	0.11832	0.05816	0.18215	0.06484	0.02680	0.09503	0.00944	0.04697	0.00752	0.00466	0.00478	0.00132	0.05470	0.00410	0.00258	0.02485
13	0.00931	0.03039	0.04283	0.14016	0.21347	0.04864	0.11940	0.02614	0.00941	0.04449	0.06889	0.07232	0.02110	0.08200	0.02552	0.00172	0.02361	0.01287	0.00259	0.00515
14	0.00590	0.00584	0.08721	0.00670	0.00785	0.00445	0.00564	0.00742	0.00883	0.01177	0.06929	0.43086	0.09925	0.03330	0.00569	0.00174	0.00314	0.19760	0.00369	0.00382
15	0.01065	0.04071	0.14732	0.06016	0.25455	0.06781	0.18592	0.07886	0.02712	0.03040	0.04925	0.01130	0.00809	0.00422	0.00428	0.00129	0.00560	0.00401	0.00244	0.00601
16	0.04097	0.12524	0.20284	0.05030	0.04930	0.09037	0.09206	0.08570	0.04500	0.12534	0.02946	0.01090	0.00772	0.02159	0.00431	0.00131	0.00526	0.00363	0.00277	0.00591
17	0.00922	0.05484	0.65584	0.03406	0.01710	0.03033	0.01378	0.04221	0.03000	0.03406	0.03489	0.00991	0.00685	0.00425	0.00399	0.00131	0.00582	0.00332	0.00212	0.00610
