[name]
unknown

[dist]
# distance from previous block
# <min> <max>
0	91

[block]
# block no. 0 follows, 72 sequences, length 13
# corresponding to MSA columns:
# 127-139
name=unknown_A
#
# <colnr> <probs for GDERKNQSTAVLIFYWHMCP>
#	G	D	E	R	K	N	Q	S	T	A	V	L	I	F	Y	W	H	M	C	P
0	0.07157	0.04315	0.02735	0.02144	0.01088	0.10602	0.14049	0.05729	0.03317	0.05222	0.12983	0.01495	0.06711	0.00503	0.00413	0.00113	0.03904	0.04135	0.00276	0.13108
1	0.31564	0.11195	0.03957	0.01575	0.00862	0.02425	0.03539	0.04558	0.02522	0.01320	0.03445	0.04362	0.08906	0.00772	0.09693	0.02089	0.02118	0.01976	0.00246	0.02876
2	0.16855	0.00947	0.06844	0.03216	0.01095	0.11042	0.09081	0.07483	0.08704	0.04459	0.09224	0.01246	0.04733	0.00453	0.00354	0.00111	0.00396	0.01529	0.00276	0.11953
3	0.06040	0.07954	0.00707	0.00592	0.00714	0.02398	0.00450	0.05493	0.04437	0.02865	0.04855	0.44404	0.04062	0.00919	0.03046	0.00147	0.01949	0.02842	0.00317	0.05810
4	0.02392	0.00809	0.01230	0.13231	0.10358	0.00821	0.16376	0.12640	0.10242	0.06161	0.05288	0.01113	0.00821	0.00428	0.00412	0.02741	0.00420	0.00371	0.00269	0.13880
5	0.17766	0.00727	0.00879	0.02021	0.02630	0.02112	0.09123	0.07014	0.12888	0.01401	0.02610	0.03243	0.09360	0.03656	0.00415	0.00122	0.00342	0.05087	0.00282	0.18324
6	0.45232	0.12730	0.03036	0.03703	0.00894	0.05338	0.00522	0.03879	0.03248	0.01479	0.10783	0.00952	0.00856	0.00407	0.00288	0.00109	0.00334	0.00285	0.00249	0.05676
7	0.00556	0.00353	0.00468	0.00486	0.00521	0.00346	0.00332	0.00539	0.00625	0.00819	0.01602	0.18477	0.15654	0.12026	0.11367	0.34364	0.00373	0.00595	0.00247	0.00249
8	0.00580	0.00418	0.00611	0.08504	0.07689	0.00421	0.00474	0.00624	0.00689	0.00918	0.03213	0.37450	0.07070	0.04239	0.03374	0.22135	0.00320	0.00697	0.00267	0.00307
9	0.03368	0.00985	0.04109	0.11237	0.03839	0.12651	0.02442	0.19448	0.07498	0.22677	0.00991	0.01031	0.00707	0.00506	0.02676	0.00131	0.04493	0.00342	0.00315	0.00554
10	0.01595	0.00668	0.00914	0.00714	0.00971	0.00631	0.00591	0.01734	0.01024	0.74368	0.01374	0.01235	0.00885	0.00493	0.00487	0.00123	0.10767	0.00375	0.00432	0.00617
11	0.00638	0.00443	0.00508	0.00497	0.00540	0.00452	0.00319	0.10604	0.00744	0.00993	0.01377	0.22563	0.01562	0.55514	0.01392	0.00285	0.00338	0.00653	0.00278	0.00299
12	0.38761	0.00972	0.11018	0.00713	0.00996	0.00939	0.00642	0.24467	0.11865	0.01794	0.00846	0.03972	0.00660	0.00434	0.00320	0.00120	0.00359	0.00314	0.00291	0.00517

[dist]
# distance from previous block
# <min> <max>
0	2

[block]
# block no. 1 follows, 72 sequences, length 32
# corresponding to MSA columns:
# 142-173
name=unknown_B
#
# <colnr> <probs for GDERKNQSTAVLIFYWHMCP>
#	G	D	E	R	K	N	Q	S	T	A	V	L	I	F	Y	W	H	M	C	P
0	0.37529	0.01030	0.15965	0.07160	0.10375	0.00904	0.10076	0.08420	0.02809	0.01512	0.00671	0.00804	0.00508	0.00363	0.00324	0.00119	0.00424	0.00288	0.00223	0.00496
1	0.60203	0.10479	0.00813	0.03920	0.00874	0.00937	0.00507	0.07135	0.00743	0.01549	0.00591	0.00716	0.00478	0.00527	0.05617	0.00146	0.03865	0.00238	0.00230	0.00433
2	0.00594	0.00540	0.05872	0.00628	0.00731	0.00513	0.01533	0.00829	0.10035	0.00999	0.03310	0.15884	0.01335	0.13184	0.40896	0.00393	0.00654	0.01450	0.00256	0.00365
3	0.00927	0.15520	0.12932	0.00687	0.01035	0.00796	0.00651	0.08501	0.00894	0.06359	0.00820	0.00893	0.03243	0.00355	0.00322	0.00083	0.01759	0.00269	0.00237	0.43718
4	0.47745	0.09356	0.02078	0.00653	0.00854	0.06169	0.00546	0.01195	0.10053	0.01404	0.00667	0.00808	0.00555	0.03385	0.00469	0.00130	0.13000	0.00264	0.00231	0.00438
5	0.00874	0.13986	0.63451	0.00996	0.01493	0.01003	0.01217	0.10443	0.00907	0.01291	0.00685	0.00786	0.00500	0.00366	0.00346	0.00114	0.00522	0.00276	0.00185	0.00560
6	0.04254	0.02273	0.00839	0.00719	0.07767	0.00552	0.01671	0.00942	0.00785	0.02288	0.00863	0.11830	0.00813	0.00409	0.00316	0.00078	0.00296	0.00348	0.00240	0.62717
7	0.04252	0.00744	0.00874	0.00660	0.00939	0.00692	0.00536	0.10483	0.00870	0.02276	0.00680	0.00806	0.00561	0.00361	0.00431	0.00082	0.12728	0.00255	0.00237	0.61534
8	0.00472	0.00334	0.00437	0.00515	0.00535	0.00315	0.00338	0.00531	0.00706	0.00942	0.01989	0.76935	0.02381	0.10851	0.00648	0.00178	0.00237	0.01019	0.00338	0.00299
9	0.00506	0.00355	0.00500	0.02416	0.00626	0.00341	0.01651	0.00562	0.00713	0.00948	0.01872	0.68161	0.02204	0.01162	0.00597	0.10193	0.00254	0.06314	0.00324	0.00300
10	0.00800	0.01709	0.63929	0.01278	0.11014	0.00894	0.11051	0.01214	0.02373	0.01214	0.00711	0.00854	0.00518	0.00356	0.00373	0.00120	0.00553	0.00309	0.00171	0.00560
11	0.00838	0.01860	0.75260	0.01057	0.01589	0.00914	0.01324	0.10452	0.00912	0.01335	0.00707	0.00813	0.00499	0.00371	0.00362	0.00119	0.00544	0.00287	0.00185	0.00570
12	0.00464	0.00338	0.00438	0.00512	0.00547	0.00311	0.00346	0.00538	0.00755	0.00999	0.06022	0.74630	0.10407	0.01147	0.00479	0.00150	0.00215	0.01033	0.00355	0.00311
13	0.70064	0.04575	0.02177	0.00529	0.00760	0.00838	0.00446	0.04509	0.00750	0.01665	0.09994	0.00882	0.00783	0.00403	0.00267	0.00116	0.00296	0.00267	0.00257	0.00421
14	0.00581	0.00460	0.00496	0.00461	0.00596	0.00425	0.00351	0.09904	0.01002	0.01272	0.19647	0.04165	0.55495	0.02870	0.00475	0.00131	0.00219	0.00723	0.00366	0.00362
15	0.01244	0.13840	0.01188	0.06222	0.01208	0.55832	0.00729	0.01465	0.10327	0.01000	0.00689	0.00780	0.00565	0.00403	0.00362	0.00103	0.03105	0.00268	0.00210	0.00463
16	0.00555	0.00379	0.00433	0.00429	0.00447	0.00369	0.00250	0.00568	0.00582	0.00783	0.02043	0.07871	0.02611	0.74384	0.01725	0.01319	0.00350	0.00574	0.00240	0.04089
17	0.22742	0.12634	0.02919	0.11109	0.02203	0.12007	0.06445	0.11199	0.06648	0.04277	0.00742	0.01527	0.00578	0.00390	0.00330	0.00111	0.01072	0.00293	0.00243	0.02531
18	0.00775	0.00740	0.00978	0.02551	0.00943	0.00966	0.00711	0.01000	0.11765	0.01031	0.01219	0.01490	0.13526	0.00700	0.00960	0.00155	0.56004	0.03832	0.00232	0.00423
19	0.00568	0.00462	0.00480	0.00450	0.00596	0.00421	0.00347	0.09882	0.00978	0.01203	0.07020	0.03318	0.69356	0.00897	0.00442	0.00127	0.00220	0.02514	0.00358	0.00359
20	0.00783	0.00729	0.01207	0.14307	0.36292	0.00767	0.07226	0.00994	0.03473	0.01129	0.03973	0.10126	0.07253	0.00559	0.00501	0.03733	0.05772	0.00473	0.00227	0.00477
21	0.12906	0.05016	0.01152	0.03028	0.10459	0.00874	0.12840	0.08171	0.20838	0.10374	0.02978	0.02611	0.02099	0.00471	0.00376	0.00123	0.00386	0.04460	0.00305	0.00534
22	0.00900	0.01131	0.19564	0.02058	0.66391	0.00897	0.01215	0.01172	0.00850	0.01231	0.00706	0.00909	0.00575	0.00343	0.00372	0.00114	0.00474	0.00325	0.00182	0.00592
23	0.02986	0.00860	0.00905	0.00770	0.01005	0.00975	0.00612	0.26633	0.51685	0.01823	0.01309	0.01244	0.00974	0.00488	0.00373	0.00121	0.00328	0.00393	0.05921	0.00594
24	0.03538	0.00530	0.00753	0.05656	0.11797	0.00545	0.01834	0.04167	0.02323	0.06342	0.01589	0.48890	0.01746	0.01766	0.00489	0.00144	0.03666	0.03507	0.00314	0.00404
25	0.00969	0.00595	0.00701	0.00638	0.00804	0.01915	0.00490	0.01342	0.23750	0.24445	0.03124	0.21847	0.09470	0.03687	0.00487	0.00141	0.01850	0.02875	0.00385	0.00487
26	0.00597	0.00413	0.00522	0.00479	0.00595	0.00370	0.00363	0.00763	0.01034	0.05871	0.65325	0.02776	0.14228	0.00763	0.00437	0.00118	0.00193	0.00666	0.00403	0.04086
27	0.00492	0.00343	0.00442	0.00511	0.00534	0.00327	0.00340	0.00553	0.00702	0.00942	0.01899	0.64582	0.02246	0.17307	0.00755	0.00194	0.00254	0.05081	0.02199	0.00296
28	0.04658	0.01408	0.01057	0.01061	0.10624	0.54459	0.02027	0.01322	0.02178	0.01045	0.04934	0.01050	0.05195	0.00460	0.00414	0.00109	0.05926	0.01410	0.00218	0.00447
29	0.00754	0.00639	0.00743	0.00558	0.00851	0.00509	0.00442	0.00978	0.06014	0.01281	0.10305	0.01174	0.04351	0.00379	0.00313	0.00071	0.00267	0.00313	0.00262	0.69795
30	0.00588	0.00416	0.00501	0.01810	0.00579	0.00407	0.00337	0.00700	0.05753	0.02099	0.05106	0.23655	0.02665	0.42456	0.01177	0.01581	0.00311	0.03718	0.00286	0.05855
31	0.06052	0.00992	0.01165	0.09724	0.11607	0.13485	0.08394	0.16078	0.13717	0.07306	0.02193	0.01062	0.00743	0.01414	0.00425	0.00122	0.03650	0.01059	0.00279	0.00533

[dist]
# distance from previous block
# <min> <max>
1	9

[block]
# block no. 2 follows, 72 sequences, length 54
# corresponding to MSA columns:
# 185-238
name=unknown_C
#
# <colnr> <probs for GDERKNQSTAVLIFYWHMCP>
#	G	D	E	R	K	N	Q	S	T	A	V	L	I	F	Y	W	H	M	C	P
0	0.00914	0.02811	0.09712	0.02517	0.04598	0.02977	0.27201	0.11633	0.04843	0.03339	0.05398	0.03783	0.00899	0.08389	0.00553	0.00140	0.01989	0.00420	0.00250	0.07631
1	0.00947	0.10389	0.17482	0.05352	0.01221	0.03689	0.00902	0.07448	0.02264	0.05803	0.00655	0.00848	0.00541	0.00515	0.00760	0.00136	0.40046	0.00311	0.00203	0.00486
2	0.00540	0.00456	0.00452	0.00460	0.00560	0.05104	0.00336	0.00638	0.00846	0.01053	0.09642	0.15597	0.46655	0.07563	0.00556	0.00148	0.00242	0.04073	0.04753	0.00324
3	0.00616	0.00491	0.00611	0.00655	0.00750	0.04390	0.02036	0.00769	0.00882	0.01130	0.09691	0.11092	0.10853	0.02365	0.00518	0.00161	0.00327	0.51971	0.00344	0.00349
4	0.01810	0.55739	0.03133	0.00763	0.05181	0.08367	0.00662	0.02317	0.03598	0.03003	0.08740	0.00938	0.01817	0.00401	0.00313	0.00094	0.02143	0.00285	0.00212	0.00483
5	0.01068	0.70134	0.01841	0.00779	0.05690	0.04988	0.00688	0.09086	0.00887	0.01058	0.00577	0.00659	0.00509	0.00341	0.00268	0.00087	0.00421	0.00226	0.00186	0.00506
6	0.01373	0.00874	0.00985	0.00775	0.01047	0.00929	0.00633	0.48188	0.09334	0.21587	0.05801	0.01178	0.00941	0.00502	0.01088	0.00120	0.00368	0.00379	0.03284	0.00613
7	0.01014	0.86900	0.01987	0.00649	0.00973	0.01501	0.00649	0.01136	0.00771	0.00892	0.00527	0.00608	0.00487	0.00324	0.00243	0.00081	0.00406	0.00203	0.00162	0.00487
8	0.00494	0.00361	0.00499	0.00559	0.00602	0.00339	0.01991	0.00589	0.00786	0.01057	0.12272	0.66697	0.02574	0.01107	0.00482	0.00151	0.00235	0.08526	0.00357	0.00322
9	0.01443	0.00701	0.00880	0.00705	0.00965	0.00685	0.00573	0.12091	0.13766	0.53484	0.01387	0.01298	0.00943	0.02176	0.06940	0.00161	0.00385	0.00388	0.00420	0.00608
10	0.89350	0.00733	0.00557	0.00499	0.00733	0.00851	0.00411	0.01115	0.00645	0.01702	0.00528	0.00616	0.00411	0.00352	0.00235	0.00117	0.00293	0.00205	0.00235	0.00411
11	0.03444	0.00674	0.00784	0.00565	0.00897	0.00518	0.00453	0.01002	0.00796	0.05209	0.00709	0.00805	0.00575	0.00292	0.00284	0.00061	0.00283	0.00232	0.00237	0.82178
12	0.00473	0.00361	0.00422	0.00458	0.00526	0.00325	0.00319	0.00554	0.00790	0.01007	0.08166	0.37448	0.35312	0.09875	0.00617	0.00164	0.00224	0.02307	0.00344	0.00309
13	0.00471	0.00352	0.00436	0.00485	0.00541	0.00319	0.00336	0.00559	0.00806	0.01057	0.14338	0.53231	0.22014	0.02580	0.00496	0.00147	0.00210	0.00946	0.00359	0.00317
14	0.00613	0.00454	0.00475	0.00468	0.00498	0.04615	0.00290	0.01819	0.00631	0.01944	0.01329	0.07074	0.05241	0.66269	0.06463	0.00338	0.00404	0.00564	0.00245	0.00267
15	0.00566	0.00364	0.00413	0.00420	0.00481	0.00347	0.00287	0.00657	0.00760	0.01098	0.12987	0.12517	0.15869	0.23477	0.01659	0.03189	0.00249	0.00615	0.23743	0.00304
16	0.05745	0.00422	0.00497	0.00503	0.00572	0.00414	0.00346	0.04553	0.00796	0.04599	0.12990	0.35198	0.07036	0.23612	0.00836	0.00199	0.00270	0.00754	0.00328	0.00331
17	0.00607	0.00388	0.00496	0.00531	0.00600	0.00365	0.00376	0.02203	0.02357	0.07498	0.10228	0.58032	0.06398	0.01010	0.00455	0.00142	0.00227	0.02381	0.05350	0.00354
18	0.00551	0.00374	0.00443	0.00444	0.00455	0.00383	0.00268	0.00572	0.00564	0.00761	0.01182	0.02373	0.01332	0.74052	0.13205	0.00398	0.00455	0.01712	0.00228	0.00246
19	0.60715	0.00778	0.00692	0.00593	0.00838	0.00881	0.00484	0.11553	0.11142	0.08032	0.00775	0.00803	0.00573	0.00394	0.00283	0.00118	0.00312	0.00264	0.00289	0.00481
20	0.03387	0.00621	0.00689	0.00654	0.00800	0.00676	0.00494	0.06961	0.36684	0.03638	0.02878	0.25323	0.05335	0.05884	0.00510	0.00150	0.00286	0.04199	0.00362	0.00468
21	0.04429	0.00455	0.00498	0.00476	0.00544	0.00464	0.00319	0.08331	0.01822	0.02362	0.01452	0.10677	0.07441	0.47311	0.01220	0.00255	0.00320	0.01876	0.09431	0.00317
22	0.00462	0.00330	0.00440	0.00528	0.00550	0.00308	0.00352	0.00528	0.00726	0.00968	0.02090	0.86424	0.02508	0.01188	0.00484	0.00154	0.00220	0.01078	0.00352	0.00308
23	0.00525	0.00360	0.00466	0.00525	0.00567	0.00338	0.00356	0.02160	0.00770	0.03479	0.05927	0.70472	0.05885	0.05566	0.00551	0.00161	0.00231	0.00986	0.00353	0.00323
24	0.00525	0.00372	0.00462	0.00516	0.00560	0.00357	0.00352	0.00637	0.04519	0.02158	0.02045	0.56722	0.08898	0.14223	0.00695	0.00183	0.00250	0.04328	0.01880	0.00318
25	0.01418	0.01050	0.01111	0.00875	0.01155	0.11721	0.04541	0.45221	0.07236	0.18592	0.01017	0.00997	0.00714	0.00452	0.00395	0.00115	0.02075	0.00348	0.00362	0.00605
26	0.76465	0.00691	0.00574	0.02027	0.00760	0.00803	0.00430	0.01057	0.00643	0.01584	0.00593	0.00734	0.00481	0.00670	0.11056	0.00180	0.00389	0.00233	0.00230	0.00402
27	0.00930	0.00888	0.01510	0.08688	0.75660	0.00902	0.02075	0.02579	0.00872	0.01238	0.00714	0.00945	0.00594	0.00343	0.00377	0.00114	0.00456	0.00339	0.00190	0.00587
28	0.00693	0.00469	0.00589	0.01583	0.00689	0.00428	0.00412	0.04372	0.00986	0.08447	0.40296	0.12470	0.09148	0.03289	0.00471	0.00127	0.00237	0.04689	0.00374	0.10232
29	0.00814	0.00815	0.01215	0.01005	0.01079	0.04139	0.14707	0.00920	0.00655	0.00944	0.00697	0.05814	0.00698	0.07277	0.01095	0.03893	0.53236	0.00407	0.00187	0.00401
30	0.00551	0.00371	0.00429	0.00429	0.00434	0.00376	0.00249	0.00561	0.00556	0.00747	0.01181	0.02405	0.01346	0.80214	0.08342	0.00386	0.00418	0.00540	0.00228	0.00238
31	0.80110	0.00748	0.00618	0.04776	0.00851	0.00868	0.00460	0.05596	0.00713	0.01703	0.00556	0.00652	0.00428	0.00359	0.00250	0.00118	0.00311	0.00219	0.00239	0.00424
32	0.00542	0.00405	0.00603	0.00603	0.00669	0.00471	0.00466	0.00673	0.00608	0.00876	0.01022	0.01521	0.00962	0.05510	0.82522	0.00602	0.00995	0.00411	0.00204	0.00335
33	0.00462	0.00385	0.00404	0.00399	0.00521	0.00326	0.00299	0.00571	0.00898	0.01103	0.16550	0.03521	0.71395	0.00931	0.00448	0.00127	0.00190	0.00782	0.00363	0.00326
34	0.00549	0.00404	0.00599	0.00599	0.00667	0.00469	0.00465	0.00686	0.00617	0.00903	0.01025	0.01487	0.00949	0.02744	0.81610	0.00588	0.00981	0.00404	0.03915	0.00339
35	0.68913	0.00681	0.00563	0.00511	0.00709	0.00775	0.00404	0.05101	0.00700	0.01580	0.00741	0.07844	0.00690	0.08948	0.00430	0.00145	0.00301	0.00318	0.00251	0.00396
36	0.00507	0.00376	0.00468	0.00478	0.00561	0.00343	0.00354	0.00642	0.00933	0.01262	0.41780	0.21913	0.21185	0.00920	0.00457	0.00132	0.00201	0.05356	0.01796	0.00338
37	0.15818	0.00716	0.00843	0.00663	0.00937	0.00701	0.00546	0.15827	0.01119	0.52124	0.01223	0.01122	0.00804	0.00446	0.00351	0.00115	0.00326	0.00344	0.05384	0.00591
38	0.00590	0.00375	0.00494	0.00535	0.00592	0.00349	0.00372	0.00694	0.02208	0.08272	0.13536	0.63616	0.02470	0.03357	0.00507	0.00151	0.00228	0.00938	0.00369	0.00347
39	0.00538	0.00381	0.00464	0.00501	0.00535	0.00375	0.00335	0.00641	0.04578	0.00946	0.04926	0.35403	0.04323	0.35202	0.01055	0.00237	0.00291	0.07727	0.01247	0.00297
40	0.72095	0.00747	0.00615	0.00538	0.00771	0.00858	0.00441	0.09075	0.04288	0.01747	0.00648	0.00723	0.00497	0.00374	0.00257	0.00116	0.00299	0.00236	0.05237	0.00438
41	0.01134	0.01659	0.00919	0.00747	0.00984	0.00919	0.00600	0.38478	0.25538	0.06416	0.07277	0.01431	0.07244	0.00559	0.00423	0.02869	0.00338	0.00426	0.01471	0.00567
42	0.01384	0.00430	0.00503	0.00495	0.00589	0.00412	0.00354	0.00800	0.08446	0.06353	0.18226	0.19530	0.22029	0.17044	0.00724	0.00176	0.00249	0.01550	0.00351	0.00355
43	0.03994	0.00899	0.00995	0.00785	0.01053	0.00965	0.00640	0.56894	0.02841	0.14655	0.05757	0.06745	0.00979	0.00522	0.00386	0.00118	0.00371	0.00413	0.00389	0.00599
44	0.00570	0.00394	0.00495	0.00541	0.00615	0.00371	0.00393	0.00709	0.04928	0.05732	0.02353	0.52294	0.17820	0.01055	0.00471	0.00148	0.00239	0.10162	0.00360	0.00349
45	0.00727	0.00678	0.00925	0.00829	0.00858	0.02827	0.00671	0.00825	0.00601	0.00893	0.00719	0.01142	0.00701	0.05480	0.31508	0.00334	0.49353	0.00367	0.00183	0.00379
46	0.00690	0.00570	0.01375	0.00598	0.00694	0.05947	0.02648	0.04557	0.08972	0.02151	0.04974	0.19661	0.10395	0.21233	0.05676	0.04873	0.00369	0.03964	0.00297	0.00354
47	0.00472	0.00357	0.00435	0.00480	0.00545	0.00322	0.00339	0.00563	0.00813	0.01053	0.12254	0.47109	0.28341	0.02076	0.00487	0.00145	0.00212	0.03320	0.00358	0.00318
48	0.00568	0.00393	0.00493	0.00537	0.00580	0.00383	0.00362	0.06331	0.00779	0.02579	0.01854	0.65461	0.02169	0.14770	0.00706	0.00185	0.00259	0.00930	0.00337	0.00325
49	0.01310	0.01346	0.01174	0.05376	0.16419	0.39953	0.00819	0.23908	0.01216	0.03859	0.00730	0.00827	0.00566	0.00401	0.00361	0.00107	0.00548	0.00297	0.00251	0.00531
50	0.00580	0.00371	0.00490	0.00531	0.00584	0.00347	0.00371	0.00669	0.00792	0.07258	0.13664	0.55977	0.02406	0.08401	0.02145	0.00174	0.00254	0.04294	0.00357	0.00336
51	0.00595	0.00425	0.00592	0.00675	0.00757	0.00422	0.00579	0.00760	0.00867	0.01134	0.04888	0.11571	0.02261	0.01051	0.00518	0.00171	0.00332	0.71705	0.00352	0.00346
52	0.15148	0.08245	0.01061	0.00767	0.01047	0.01937	0.00637	0.47137	0.11419	0.06555	0.00928	0.00924	0.00675	0.00435	0.00344	0.00113	0.00377	0.00320	0.01345	0.00584
53	0.00945	0.05568	0.17350	0.00866	0.05753	0.09275	0.02076	0.09727	0.04447	0.03718	0.00848	0.06500	0.00720	0.01475	0.00360	0.00100	0.00411	0.00332	0.00242	0.29286

[dist]
# distance from previous block
# <min> <max>
1	80

[block]
# block no. 3 follows, 72 sequences, length 29
# corresponding to MSA columns:
# 326-354
name=unknown_D
#
# <colnr> <probs for GDERKNQSTAVLIFYWHMCP>
#	G	D	E	R	K	N	Q	S	T	A	V	L	I	F	Y	W	H	M	C	P
0	0.28097	0.03896	0.04961	0.00869	0.05291	0.07284	0.06663	0.13677	0.17251	0.03918	0.00853	0.00904	0.00646	0.00409	0.00353	0.00117	0.02551	0.00309	0.00277	0.01674
1	0.00473	0.00376	0.00458	0.00477	0.00563	0.00332	0.01981	0.00571	0.00834	0.01063	0.12339	0.36822	0.40311	0.01018	0.00463	0.00137	0.00211	0.00892	0.00356	0.00323
2	0.07129	0.31846	0.07061	0.03777	0.03963	0.04179	0.06986	0.05132	0.18104	0.01222	0.00850	0.02647	0.00707	0.03000	0.00387	0.00116	0.01831	0.00321	0.00234	0.00507
3	0.03816	0.00420	0.00529	0.00514	0.00586	0.00418	0.00358	0.00774	0.00694	0.12472	0.03134	0.17481	0.04528	0.33375	0.17653	0.01585	0.00448	0.00593	0.00288	0.00335
4	0.04104	0.00556	0.00649	0.00587	0.00728	0.00568	0.00442	0.12951	0.07046	0.04491	0.08595	0.16184	0.07639	0.11690	0.13370	0.01176	0.00401	0.00560	0.00314	0.07951
5	0.00788	0.00873	0.06081	0.53547	0.04411	0.10149	0.06460	0.01025	0.00830	0.01032	0.04822	0.01225	0.06308	0.00432	0.00386	0.00122	0.00499	0.00379	0.00197	0.00433
6	0.01005	0.00761	0.00806	0.00686	0.00887	0.02032	0.00543	0.28303	0.27564	0.01792	0.13387	0.01489	0.02937	0.00528	0.00373	0.00115	0.00303	0.00429	0.15530	0.00529
7	0.01313	0.00592	0.00744	0.00610	0.00835	0.00556	0.00493	0.04653	0.08361	0.49095	0.05293	0.02413	0.01125	0.00503	0.00364	0.00114	0.00285	0.02348	0.19749	0.00553
8	0.01440	0.01113	0.01134	0.00880	0.01176	0.06851	0.00722	0.77531	0.01735	0.02291	0.00889	0.00895	0.00634	0.00451	0.00377	0.00113	0.00435	0.00335	0.00367	0.00631
9	0.00514	0.00387	0.00476	0.00454	0.00553	0.00348	0.00340	0.00672	0.01020	0.01395	0.63734	0.03040	0.24029	0.00822	0.00448	0.00122	0.00182	0.00715	0.00401	0.00348
10	0.00478	0.00346	0.00456	0.00537	0.00574	0.00324	0.00377	0.00559	0.00753	0.00991	0.02208	0.71002	0.08384	0.01156	0.00486	0.00155	0.00233	0.10316	0.00352	0.00314
11	0.89350	0.00733	0.00557	0.00499	0.00733	0.00851	0.00411	0.01115	0.00645	0.01702	0.00528	0.00616	0.00411	0.00352	0.00235	0.00117	0.00293	0.00205	0.00235	0.00411
12	0.00542	0.00406	0.00610	0.00610	0.00677	0.00474	0.00474	0.00677	0.00610	0.00880	0.01016	0.01490	0.00948	0.02844	0.85169	0.00610	0.01016	0.00406	0.00203	0.00339
13	0.00968	0.00521	0.00565	0.00490	0.00644	0.00531	0.00386	0.16201	0.01015	0.12062	0.01209	0.01305	0.00907	0.00448	0.00301	0.00097	0.00240	0.00355	0.61311	0.00444
14	0.00509	0.00356	0.00450	0.00507	0.00531	0.00343	0.00340	0.00566	0.00687	0.00911	0.01813	0.47848	0.03426	0.29480	0.00967	0.00227	0.00283	0.10157	0.00311	0.00287
15	0.00510	0.00382	0.00480	0.00546	0.00593	0.00373	0.00374	0.00680	0.09153	0.01033	0.02113	0.74099	0.06010	0.01110	0.00472	0.00150	0.00227	0.01000	0.00355	0.00338
16	0.00786	0.00674	0.00786	0.00562	0.00899	0.00506	0.00449	0.00955	0.00786	0.01236	0.00674	0.00786	0.00562	0.00281	0.00281	0.00056	0.00281	0.00225	0.00225	0.88990
17	0.00494	0.00359	0.00471	0.00541	0.00591	0.00337	0.00394	0.00591	0.00793	0.01045	0.08188	0.56742	0.10819	0.01109	0.00485	0.00153	0.00238	0.15974	0.00356	0.00321
18	0.00589	0.00400	0.00492	0.00466	0.00560	0.00383	0.00350	0.00807	0.04697	0.01502	0.63872	0.02486	0.02950	0.00697	0.00408	0.00114	0.00184	0.00608	0.18066	0.00368
19	0.08773	0.00438	0.00509	0.00498	0.00595	0.00421	0.00357	0.00808	0.00774	0.11725	0.08348	0.22603	0.09846	0.22312	0.00792	0.00191	0.00276	0.04568	0.04500	0.01667
20	0.00619	0.00458	0.00533	0.00533	0.00616	0.00464	0.00374	0.02093	0.15989	0.02890	0.12569	0.29129	0.11430	0.19639	0.00770	0.00187	0.00264	0.00736	0.00343	0.00365
21	0.06022	0.00962	0.01044	0.00810	0.01101	0.01045	0.00667	0.62465	0.04647	0.14013	0.01004	0.00979	0.00701	0.00454	0.00370	0.00115	0.00388	0.00344	0.02245	0.00625
22	0.07157	0.00479	0.00572	0.00548	0.00659	0.00472	0.00401	0.04677	0.04176	0.13977	0.12107	0.29819	0.03670	0.14437	0.00662	0.00171	0.00274	0.03254	0.02096	0.00391
23	0.06563	0.00405	0.00474	0.00474	0.00563	0.00382	0.00340	0.00699	0.00851	0.05167	0.26890	0.24210	0.18484	0.10609	0.00605	0.00157	0.00228	0.00742	0.01819	0.00340
24	0.50094	0.00933	0.00809	0.00720	0.03413	0.10517	0.00562	0.18106	0.02981	0.03686	0.00666	0.00740	0.00509	0.00399	0.00336	0.00117	0.04411	0.00258	0.00265	0.00479
25	0.00534	0.00429	0.00487	0.00482	0.00583	0.02899	0.00366	0.00675	0.00963	0.01266	0.42131	0.08650	0.30678	0.00876	0.00453	0.00128	0.00215	0.07459	0.00379	0.00344
26	0.02991	0.00407	0.00497	0.00485	0.00561	0.00384	0.00343	0.00715	0.00825	0.05999	0.29219	0.13808	0.07263	0.27357	0.00902	0.00203	0.00267	0.05292	0.00337	0.02146
27	0.00596	0.00434	0.00539	0.00548	0.00624	0.00439	0.00410	0.00778	0.07174	0.02678	0.16967	0.18554	0.10894	0.15265	0.02977	0.00192	0.03271	0.14489	0.02823	0.00347
28	0.05606	0.02176	0.00963	0.02553	0.07853	0.11455	0.02301	0.18029	0.06351	0.03253	0.06464	0.02145	0.00858	0.00414	0.00341	0.00097	0.00378	0.00331	0.04455	0.23978

[dist]
# distance from previous block
# <min> <max>
0	1

[block]
# block no. 4 follows, 72 sequences, length 7
# corresponding to MSA columns:
# 356-362
name=unknown_E
#
# <colnr> <probs for GDERKNQSTAVLIFYWHMCP>
#	G	D	E	R	K	N	Q	S	T	A	V	L	I	F	Y	W	H	M	C	P
0	0.00550	0.00411	0.00514	0.00570	0.00635	0.00407	0.00422	0.00739	0.08960	0.01056	0.02116	0.44109	0.10088	0.07700	0.00593	0.00170	0.00267	0.20004	0.00345	0.00342
1	0.14620	0.41788	0.04740	0.00738	0.01044	0.11231	0.04166	0.09151	0.00894	0.01218	0.00599	0.00686	0.00500	0.00347	0.00283	0.00094	0.00430	0.00237	0.00204	0.07030
2	0.19464	0.05991	0.00831	0.03346	0.00925	0.15114	0.00558	0.10184	0.10776	0.01430	0.10128	0.01609	0.07263	0.00550	0.00360	0.00119	0.00371	0.08423	0.02108	0.00449
3	0.00762	0.00720	0.06203	0.00781	0.08627	0.04193	0.00572	0.02875	0.10880	0.02907	0.03175	0.09966	0.09770	0.11260	0.00604	0.02015	0.00339	0.06994	0.00283	0.17074
4	0.00621	0.00417	0.00496	0.00498	0.00593	0.00395	0.00364	0.00792	0.06846	0.06501	0.14344	0.23522	0.22046	0.07934	0.00581	0.01928	0.00237	0.04634	0.06893	0.00357
5	0.59677	0.00748	0.00813	0.16280	0.13892	0.00857	0.00643	0.01096	0.00699	0.01497	0.00583	0.00737	0.00457	0.00355	0.00283	0.00118	0.00356	0.00250	0.00215	0.00442
6	0.00644	0.00475	0.00603	0.00568	0.00679	0.00500	0.00438	0.08853	0.02852	0.02999	0.14150	0.04833	0.17869	0.04145	0.38231	0.00347	0.00591	0.00546	0.00298	0.00377

[dist]
# distance from previous block
# <min> <max>
0	2

[block]
# block no. 5 follows, 72 sequences, length 48
# corresponding to MSA columns:
# 365-382,417-429,447-463
name=unknown_F
#
# <colnr> <probs for GDERKNQSTAVLIFYWHMCP>
#	G	D	E	R	K	N	Q	S	T	A	V	L	I	F	Y	W	H	M	C	P
0	0.02204	0.00419	0.00492	0.00476	0.00582	0.00386	0.00348	0.00771	0.03405	0.08942	0.21702	0.15239	0.27609	0.11975	0.00631	0.00160	0.00235	0.01910	0.02158	0.00357
1	0.00553	0.00366	0.00473	0.00520	0.00576	0.00345	0.00369	0.00647	0.00780	0.04670	0.08508	0.52329	0.08053	0.05012	0.04205	0.00175	0.00267	0.06374	0.05448	0.00331
2	0.32526	0.00857	0.00845	0.00700	0.00955	0.00963	0.00569	0.30514	0.19394	0.05892	0.02633	0.00975	0.00749	0.00439	0.00331	0.00119	0.00338	0.00321	0.00335	0.00546
3	0.08375	0.00650	0.00719	0.00617	0.00817	0.00665	0.00486	0.17609	0.11710	0.15888	0.05765	0.11564	0.14624	0.01665	0.00406	0.00124	0.00289	0.00525	0.04517	0.02986
4	0.05651	0.00444	0.00529	0.00517	0.00631	0.00414	0.00379	0.02084	0.01587	0.15452	0.06368	0.32199	0.20827	0.08539	0.00570	0.00157	0.00253	0.02661	0.00359	0.00379
5	0.06274	0.00624	0.00742	0.00621	0.00814	0.00616	0.00482	0.12067	0.06079	0.34719	0.01393	0.01762	0.03789	0.22894	0.00785	0.00186	0.00341	0.04953	0.00366	0.00494
6	0.00771	0.00476	0.00564	0.00501	0.00656	0.00435	0.00389	0.05457	0.02495	0.16138	0.30661	0.02709	0.33795	0.00762	0.00427	0.00121	0.00225	0.00645	0.02358	0.00415
7	0.06143	0.00446	0.00527	0.00519	0.00622	0.00432	0.00379	0.02595	0.02901	0.12680	0.05749	0.29831	0.09515	0.12951	0.00630	0.00166	0.00263	0.04415	0.08862	0.00374
8	0.00652	0.00334	0.00501	0.00501	0.00505	0.00338	0.00338	0.00505	0.00501	0.00672	0.00679	0.01172	0.00675	0.01406	0.06307	0.83872	0.00369	0.00334	0.00167	0.00175
9	0.01038	0.00661	0.00698	0.00581	0.00765	0.00708	0.00465	0.35959	0.01222	0.03324	0.01102	0.01197	0.00832	0.00448	0.00316	0.00100	0.00282	0.00349	0.49470	0.00483
10	0.01140	0.00819	0.00897	0.00765	0.01004	0.00908	0.00607	0.14840	0.55951	0.15034	0.01430	0.01315	0.01038	0.00497	0.00382	0.00124	0.00320	0.00406	0.01913	0.00610
11	0.00608	0.00434	0.00601	0.00599	0.00659	0.01567	0.00454	0.01958	0.02966	0.00891	0.01038	0.03850	0.01010	0.05725	0.51860	0.18403	0.01747	0.05101	0.00216	0.00313
12	0.01319	0.00911	0.01009	0.02102	0.01090	0.00986	0.00654	0.54921	0.10068	0.12631	0.05964	0.01236	0.04342	0.00501	0.00387	0.00117	0.00372	0.00394	0.00389	0.00607
13	0.01608	0.00795	0.00973	0.00746	0.01043	0.00779	0.00616	0.30951	0.01336	0.55113	0.01286	0.01155	0.00833	0.00464	0.00381	0.00116	0.00357	0.00367	0.00437	0.00645
14	0.01421	0.01052	0.01127	0.00868	0.01168	0.01167	0.00716	0.79704	0.05154	0.02357	0.00937	0.00931	0.00666	0.00458	0.00380	0.00114	0.00413	0.00345	0.00380	0.00643
15	0.43738	0.00817	0.05579	0.00711	0.05509	0.02803	0.00564	0.05865	0.05209	0.17601	0.04461	0.00997	0.00753	0.03472	0.00366	0.00126	0.00337	0.00304	0.00296	0.00490
16	0.00536	0.00394	0.00484	0.00503	0.00580	0.00371	0.00383	0.00652	0.00844	0.01107	0.21439	0.06085	0.22248	0.19444	0.00790	0.00191	0.00271	0.23021	0.00340	0.00317
17	0.00542	0.00365	0.00421	0.00428	0.00435	0.00362	0.00248	0.00558	0.00597	0.00801	0.05891	0.10391	0.01607	0.73860	0.01712	0.00334	0.00343	0.00608	0.00252	0.00244
18	0.00756	0.02031	0.00583	0.00520	0.00645	0.08851	0.00397	0.03323	0.04808	0.04128	0.36161	0.02075	0.08329	0.00619	0.00375	0.00109	0.00251	0.00518	0.25129	0.00393
19	0.04517	0.00730	0.00890	0.07414	0.01082	0.00754	0.00607	0.20865	0.11203	0.33005	0.09100	0.04824	0.01157	0.00548	0.01444	0.00126	0.00347	0.00426	0.00392	0.00569
20	0.00573	0.00425	0.00564	0.00541	0.00623	0.00434	0.00410	0.02176	0.00916	0.02569	0.45723	0.12182	0.08335	0.01213	0.16609	0.00220	0.05122	0.00656	0.00351	0.00359
21	0.17346	0.00435	0.00513	0.00548	0.00626	0.00439	0.01840	0.01486	0.00731	0.03030	0.01731	0.63678	0.02002	0.02314	0.00456	0.00149	0.00249	0.01758	0.00328	0.00341
22	0.06595	0.02456	0.02600	0.30891	0.10497	0.05379	0.20493	0.10283	0.00919	0.01259	0.00702	0.00934	0.00540	0.00380	0.00421	0.00123	0.04487	0.00347	0.00205	0.00490
23	0.00523	0.00374	0.00508	0.00585	0.00637	0.00359	0.00446	0.00639	0.00812	0.01080	0.09767	0.48881	0.02491	0.01099	0.00495	0.00158	0.00263	0.30199	0.00357	0.00328
24	0.00998	0.03002	0.01179	0.13309	0.12482	0.05297	0.04701	0.22667	0.04879	0.01460	0.08844	0.01153	0.00906	0.00524	0.01729	0.00132	0.14767	0.01195	0.00265	0.00510
25	0.14344	0.09384	0.15573	0.02582	0.01197	0.30392	0.01784	0.12534	0.00996	0.02108	0.00641	0.00743	0.00503	0.00398	0.00379	0.00110	0.05360	0.00265	0.00218	0.00490
26	0.00883	0.00666	0.01143	0.01136	0.15707	0.00635	0.18135	0.01094	0.00941	0.13932	0.14865	0.02309	0.01602	0.00636	0.00447	0.00136	0.00397	0.24544	0.00317	0.00474
27	0.00722	0.00680	0.01148	0.74363	0.02418	0.00838	0.03925	0.00965	0.00762	0.00985	0.00744	0.01185	0.00601	0.00427	0.00427	0.00131	0.04211	0.04869	0.00179	0.00420
28	0.14445	0.00474	0.00544	0.00514	0.00637	0.00455	0.00374	0.00843	0.00794	0.10937	0.15340	0.26536	0.04230	0.13089	0.00632	0.01456	0.00263	0.00632	0.00328	0.07477
29	0.00473	0.00338	0.00449	0.00521	0.00552	0.00315	0.00353	0.00554	0.00775	0.01046	0.13590	0.74704	0.02658	0.01130	0.00479	0.00149	0.00214	0.01023	0.00361	0.00315
30	0.00512	0.00387	0.00472	0.00451	0.00551	0.00347	0.00338	0.00668	0.01015	0.01381	0.61568	0.03062	0.26203	0.00827	0.00448	0.00122	0.00183	0.00718	0.00399	0.00347
31	0.10221	0.00615	0.00788	0.00628	0.00884	0.00555	0.00511	0.01598	0.00992	0.65123	0.01522	0.04376	0.05728	0.00547	0.00420	0.03779	0.00309	0.00411	0.00423	0.00572
32	0.00542	0.00406	0.00610	0.00610	0.00677	0.00474	0.00474	0.00677	0.00610	0.00880	0.01016	0.01490	0.00948	0.02844	0.85169	0.00610	0.01016	0.00406	0.00203	0.00339
33	0.00786	0.00674	0.00786	0.00562	0.00899	0.00506	0.00449	0.00955	0.00786	0.01236	0.00674	0.00786	0.00562	0.00281	0.00281	0.00056	0.00281	0.00225	0.00225	0.88990
34	0.00494	0.00353	0.00466	0.00523	0.00569	0.00330	0.00370	0.00597	0.00824	0.01120	0.21870	0.57452	0.04534	0.01065	0.00475	0.00146	0.00218	0.06847	0.01423	0.00324
35	0.19237	0.00533	0.00609	0.00551	0.00707	0.00529	0.00421	0.02165	0.00821	0.26037	0.03626	0.15351	0.01316	0.16200	0.00654	0.00171	0.00300	0.05903	0.04442	0.00426
36	0.00469	0.00347	0.00440	0.00511	0.00558	0.00319	0.00356	0.00547	0.00762	0.00990	0.02427	0.65094	0.18424	0.01135	0.00480	0.00150	0.00223	0.06104	0.00352	0.00313
37	0.04464	0.00409	0.00476	0.00474	0.00519	0.00409	0.00305	0.00707	0.03600	0.05565	0.06151	0.19071	0.01650	0.51623	0.02751	0.00281	0.00330	0.00633	0.00284	0.00299
38	0.00542	0.00406	0.00610	0.00610	0.00677	0.00474	0.00474	0.00677	0.00610	0.00880	0.01016	0.01490	0.00948	0.02844	0.85169	0.00610	0.01016	0.00406	0.00203	0.00339
39	0.14849	0.00678	0.00741	0.00645	0.00841	0.00721	0.00521	0.19702	0.11621	0.09583	0.18025	0.02637	0.05111	0.01883	0.00413	0.00129	0.00303	0.09656	0.01456	0.00484
40	0.20222	0.00524	0.00549	0.00493	0.00643	0.00544	0.00386	0.06931	0.01928	0.06661	0.31158	0.01710	0.01771	0.00547	0.00341	0.00110	0.00231	0.00443	0.24397	0.00410
41	0.00552	0.00368	0.00414	0.00414	0.00414	0.00368	0.00230	0.00552	0.00552	0.00735	0.01195	0.02482	0.01379	0.86672	0.01930	0.00368	0.00368	0.00552	0.00230	0.00230
42	0.24117	0.00662	0.00761	0.00625	0.00869	0.00656	0.00513	0.08282	0.01017	0.42170	0.10643	0.01427	0.01148	0.00505	0.00359	0.00120	0.00308	0.04893	0.00389	0.00536
43	0.00484	0.00365	0.00449	0.00496	0.00565	0.00332	0.00361	0.00582	0.00819	0.01059	0.11142	0.41757	0.27686	0.02192	0.00493	0.00148	0.00224	0.10166	0.00357	0.00321
44	0.00556	0.00401	0.00540	0.00613	0.00684	0.00390	0.00498	0.00692	0.00833	0.01088	0.05699	0.24913	0.08289	0.03866	0.00551	0.00170	0.00298	0.49233	0.00349	0.00333
45	0.13148	0.00697	0.00795	0.00650	0.00884	0.00709	0.00525	0.18196	0.08314	0.29812	0.17099	0.01529	0.04940	0.00534	0.00377	0.00118	0.00303	0.00430	0.00397	0.00541
46	0.00485	0.00376	0.00436	0.00439	0.00532	0.00333	0.00319	0.00600	0.00899	0.01169	0.30443	0.16289	0.40413	0.04915	0.00522	0.00140	0.00200	0.00794	0.00368	0.00327
47	0.00558	0.00422	0.03182	0.00447	0.00469	0.00391	0.00282	0.00580	0.00563	0.00759	0.01168	0.02370	0.01325	0.79015	0.06678	0.00374	0.00411	0.00534	0.00226	0.00247

[dist]
# distance from previous block
# <min> <max>
0	31

# created by:
# /home/cegg/simao/soft/augustus-3.2.1/scripts/msa2prfl.pl ./align_prep/EOG092C580G.fa
