[name]
unknown

[dist]
# distance from previous block
# <min> <max>
0	35

[block]
# block no. 0 follows, 59 sequences, length 28
# corresponding to MSA columns:
# 122-149
name=unknown_A
#
# <colnr> <probs for GDERKNQSTAVLIFYWHMCP>
#	G	D	E	R	K	N	Q	S	T	A	V	L	I	F	Y	W	H	M	C	P
0	0.00933	0.00806	0.01182	0.10772	0.21306	0.00809	0.03062	0.05718	0.05638	0.01453	0.02521	0.02085	0.03369	0.00781	0.05332	0.00173	0.00491	0.17038	0.00300	0.16231
1	0.00961	0.19101	0.10112	0.04809	0.15965	0.04007	0.08379	0.01203	0.02531	0.02572	0.07361	0.13197	0.03503	0.03808	0.00505	0.00146	0.00480	0.00542	0.00273	0.00545
2	0.00627	0.00456	0.00648	0.00658	0.00719	0.00510	0.00487	0.00752	0.00716	0.01018	0.01344	0.09948	0.01364	0.16461	0.60048	0.00601	0.00952	0.00576	0.01745	0.00370
3	0.00603	0.00414	0.00534	0.00599	0.00655	0.00382	0.00414	0.00697	0.00901	0.04048	0.08100	0.61430	0.11015	0.04994	0.00629	0.00184	0.00266	0.03346	0.00414	0.00376
4	0.00556	0.00428	0.00500	0.00523	0.00616	0.00381	0.00371	0.00671	0.00986	0.01274	0.19949	0.28135	0.36219	0.06556	0.00646	0.00174	0.00244	0.00983	0.00417	0.00371
5	0.00844	0.00736	0.01143	0.27148	0.05608	0.00876	0.04677	0.02219	0.00861	0.02683	0.04317	0.05535	0.03244	0.05719	0.12971	0.00254	0.16642	0.00498	0.03553	0.00471
6	0.00711	0.00489	0.00584	0.00588	0.00637	0.00500	0.00397	0.06277	0.00827	0.01121	0.01611	0.15510	0.01789	0.48157	0.07770	0.00356	0.00453	0.08490	0.03388	0.00344
7	0.08659	0.00787	0.00975	0.03919	0.01141	0.00766	0.00648	0.10798	0.06059	0.47355	0.11325	0.01651	0.02756	0.00586	0.00441	0.00138	0.00369	0.00475	0.00483	0.00669
8	0.06299	0.01073	0.01989	0.01560	0.06564	0.01084	0.47620	0.06687	0.04891	0.01518	0.01134	0.01432	0.05011	0.00500	0.00578	0.00152	0.08058	0.03004	0.00265	0.00582
9	0.01269	0.12044	0.04817	0.00829	0.01115	0.00985	0.01682	0.19397	0.12355	0.16416	0.15913	0.01749	0.02836	0.01956	0.01806	0.01377	0.00409	0.02015	0.00411	0.00619
10	0.00911	0.00896	0.01145	0.01019	0.01043	0.06143	0.00821	0.01007	0.00734	0.01058	0.00906	0.11329	0.00963	0.05259	0.08207	0.00242	0.57129	0.00507	0.00229	0.00451
11	0.00975	0.07776	0.29790	0.01031	0.04193	0.02152	0.01023	0.02766	0.05771	0.06088	0.04245	0.10341	0.02136	0.00611	0.00538	0.00140	0.09395	0.01683	0.00281	0.09066
12	0.01248	0.12105	0.19367	0.01098	0.03770	0.13015	0.03484	0.11378	0.19738	0.05439	0.01062	0.01108	0.00803	0.00493	0.00456	0.00134	0.03981	0.00374	0.00305	0.00642
13	0.00642	0.00428	0.00482	0.00482	0.00482	0.00428	0.00268	0.00642	0.00642	0.00856	0.01392	0.02890	0.01606	0.84478	0.02248	0.00428	0.00428	0.00642	0.00268	0.00268
14	0.00827	0.00773	0.01282	0.75109	0.02823	0.00963	0.01168	0.01108	0.00896	0.01164	0.05553	0.01294	0.00800	0.00483	0.00488	0.00149	0.04004	0.00416	0.00213	0.00486
15	0.00655	0.00525	0.00761	0.12649	0.04465	0.00530	0.03135	0.00803	0.02755	0.01190	0.07797	0.38956	0.13455	0.04349	0.00663	0.05321	0.00340	0.00900	0.00353	0.00400
16	0.01289	0.00775	0.00984	0.00725	0.01094	0.00618	0.02320	0.01480	0.01049	0.29921	0.02946	0.01183	0.00889	0.00419	0.00377	0.00094	0.00351	0.00344	0.00367	0.52775
17	0.00946	0.11086	0.70754	0.01196	0.01809	0.01115	0.01510	0.04193	0.00969	0.01409	0.00783	0.00913	0.00567	0.00419	0.00406	0.00135	0.00627	0.00319	0.00196	0.00647
18	0.00557	0.00418	0.00508	0.00566	0.00630	0.00385	0.00388	0.00668	0.02461	0.01178	0.07541	0.52299	0.22544	0.06887	0.00662	0.00186	0.00259	0.01091	0.00406	0.00366
19	0.00934	0.09893	0.39502	0.02505	0.02914	0.02410	0.15717	0.01318	0.03223	0.02883	0.01087	0.13580	0.00973	0.00561	0.00448	0.00143	0.00577	0.00502	0.00243	0.00588
20	0.01760	0.01057	0.01208	0.00931	0.01276	0.01108	0.00768	0.49933	0.05057	0.30237	0.01328	0.01238	0.00895	0.00539	0.00443	0.00135	0.00442	0.00418	0.00479	0.00749
21	0.00647	0.00455	0.00549	0.00583	0.00677	0.00415	0.00414	0.03529	0.00977	0.05118	0.06510	0.49099	0.26968	0.01210	0.00539	0.00165	0.00258	0.01066	0.00421	0.00398
22	0.04663	0.03129	0.01089	0.00810	0.01152	0.00788	0.00672	0.12656	0.01347	0.66529	0.01583	0.01396	0.01013	0.00535	0.00434	0.00135	0.00392	0.00426	0.00514	0.00738
23	0.01036	0.20511	0.15726	0.01210	0.13639	0.02891	0.07245	0.03670	0.04082	0.05054	0.08980	0.03176	0.07475	0.00547	0.00435	0.00130	0.01643	0.00459	0.01507	0.00585
24	0.00597	0.00422	0.00559	0.00611	0.00675	0.00406	0.00432	0.00707	0.00892	0.03237	0.10530	0.51745	0.10974	0.01604	0.14146	0.00259	0.00404	0.01025	0.00393	0.00382
25	0.01709	0.01082	0.23043	0.00853	0.01069	0.03979	0.00814	0.01024	0.02090	0.02265	0.01197	0.10648	0.01200	0.22670	0.12594	0.00303	0.09895	0.00541	0.02569	0.00454
26	0.47574	0.06644	0.01032	0.04855	0.05793	0.25089	0.00693	0.01432	0.00929	0.01584	0.00655	0.00784	0.00529	0.00422	0.00328	0.00127	0.00506	0.00269	0.00248	0.00507
27	0.00575	0.00433	0.00503	0.00522	0.00605	0.00394	0.00365	0.00677	0.00942	0.01218	0.17067	0.20843	0.32017	0.18036	0.00884	0.00212	0.00276	0.03679	0.00395	0.00358

[dist]
# distance from previous block
# <min> <max>
6	41

[block]
# block no. 1 follows, 59 sequences, length 16
# corresponding to MSA columns:
# 192-207
name=unknown_B
#
# <colnr> <probs for GDERKNQSTAVLIFYWHMCP>
#	G	D	E	R	K	N	Q	S	T	A	V	L	I	F	Y	W	H	M	C	P
0	0.00850	0.06545	0.05988	0.04584	0.01092	0.02675	0.02358	0.01032	0.00824	0.05680	0.04670	0.03707	0.01095	0.01951	0.41403	0.00425	0.11544	0.00458	0.00256	0.02861
1	0.01365	0.37343	0.01736	0.03376	0.05954	0.08937	0.00829	0.20509	0.06153	0.06310	0.00884	0.00949	0.00699	0.00459	0.00397	0.00118	0.02735	0.00326	0.00293	0.00629
2	0.00999	0.12469	0.17040	0.01969	0.05701	0.04526	0.02095	0.05384	0.04952	0.05815	0.05193	0.15723	0.03435	0.00709	0.02524	0.00146	0.00465	0.00536	0.00306	0.10012
3	0.03921	0.18460	0.08132	0.04388	0.05370	0.11599	0.07351	0.11324	0.12736	0.06491	0.00989	0.01079	0.00763	0.00546	0.02641	0.00145	0.02787	0.00368	0.00293	0.00616
4	0.01361	0.01101	0.01260	0.22574	0.03006	0.06958	0.00911	0.39998	0.04641	0.04502	0.01000	0.01121	0.00734	0.00499	0.00450	0.00133	0.02155	0.00388	0.03150	0.04056
5	0.06279	0.00807	0.00934	0.03934	0.01128	0.00666	0.00565	0.03852	0.02392	0.03470	0.00825	0.00946	0.00667	0.00354	0.00337	0.00079	0.00345	0.00279	0.00276	0.71866
6	0.00642	0.00430	0.00502	0.00506	0.00520	0.00433	0.00303	0.00671	0.00687	0.00940	0.04027	0.06933	0.01702	0.68475	0.08187	0.00417	0.00462	0.00658	0.03214	0.00292
7	0.00828	0.00484	0.00611	0.00623	0.00720	0.00474	0.00474	0.00961	0.00929	0.10491	0.03541	0.22308	0.05808	0.10958	0.00745	0.01286	0.02771	0.16911	0.18658	0.00417
8	0.00623	0.00498	0.00629	0.02539	0.06170	0.00465	0.00467	0.00793	0.02813	0.01368	0.27060	0.14762	0.32054	0.05949	0.01686	0.00173	0.00279	0.00856	0.00406	0.00410
9	0.00708	0.00471	0.00574	0.00540	0.00674	0.00420	0.00408	0.00878	0.01149	0.08243	0.45379	0.06914	0.27548	0.00949	0.00510	0.00143	0.00229	0.00819	0.03015	0.00428
10	0.05095	0.05379	0.24638	0.15194	0.08050	0.01034	0.10132	0.04478	0.04941	0.03226	0.03864	0.01167	0.00795	0.00555	0.01827	0.03583	0.04826	0.00396	0.00243	0.00579
11	0.00552	0.00395	0.00514	0.00595	0.00628	0.00369	0.00397	0.00634	0.00865	0.01157	0.08296	0.69388	0.05458	0.07679	0.00688	0.00194	0.00265	0.01164	0.00405	0.00357
12	0.01087	0.21431	0.24565	0.03376	0.05009	0.04103	0.02115	0.01397	0.03437	0.07072	0.00846	0.00950	0.00656	0.00401	0.00369	0.00110	0.00499	0.00309	0.00243	0.22027
13	0.07027	0.14154	0.03001	0.01027	0.03594	0.27327	0.00822	0.26821	0.05119	0.01726	0.00861	0.00965	0.00685	0.02352	0.00459	0.00130	0.02687	0.00335	0.00303	0.00606
14	0.01183	0.36221	0.18973	0.00945	0.01354	0.08850	0.04757	0.02647	0.02411	0.07835	0.04548	0.01008	0.00802	0.00435	0.00367	0.00114	0.00522	0.00326	0.00250	0.06453
15	0.02693	0.15138	0.35263	0.02771	0.06293	0.02445	0.02520	0.05539	0.07047	0.08163	0.02803	0.01103	0.00790	0.00565	0.03651	0.00153	0.00564	0.00360	0.00265	0.01874

[dist]
# distance from previous block
# <min> <max>
0	74

[block]
# block no. 2 follows, 59 sequences, length 21
# corresponding to MSA columns:
# 282-302
name=unknown_C
#
# <colnr> <probs for GDERKNQSTAVLIFYWHMCP>
#	G	D	E	R	K	N	Q	S	T	A	V	L	I	F	Y	W	H	M	C	P
0	0.01319	0.18254	0.04701	0.04730	0.03905	0.01135	0.19479	0.03479	0.01041	0.23712	0.02038	0.01159	0.00794	0.00492	0.00564	0.00139	0.11726	0.00407	0.00308	0.00620
1	0.01757	0.00703	0.00949	0.00756	0.01059	0.00614	0.00623	0.01930	0.01230	0.68387	0.05336	0.01922	0.04757	0.00628	0.00459	0.00141	0.00361	0.05440	0.02256	0.00692
2	0.00943	0.00936	0.06506	0.37684	0.16083	0.00935	0.07026	0.03442	0.03149	0.03922	0.07114	0.02758	0.02613	0.00501	0.00464	0.00141	0.01563	0.00455	0.00259	0.03507
3	0.01104	0.06657	0.02217	0.14534	0.18112	0.05778	0.06324	0.01356	0.04451	0.12691	0.01301	0.12828	0.02533	0.00624	0.00497	0.00144	0.04039	0.02718	0.01521	0.00571
4	0.00570	0.00398	0.00507	0.00572	0.00617	0.00368	0.00386	0.00614	0.00831	0.01080	0.02548	0.54475	0.17360	0.04944	0.00785	0.11909	0.00275	0.01051	0.00374	0.00335
5	0.09518	0.00595	0.04112	0.00601	0.00774	0.00505	0.00486	0.00952	0.01007	0.11192	0.12874	0.20160	0.30431	0.00980	0.00495	0.00153	0.00285	0.04021	0.00413	0.00446
6	0.03086	0.11749	0.04976	0.20309	0.14335	0.01157	0.05814	0.18573	0.01211	0.10912	0.00939	0.01091	0.00698	0.00461	0.00449	0.00134	0.02796	0.00381	0.00296	0.00633
7	0.00834	0.00785	0.01325	0.83417	0.03042	0.00981	0.01227	0.01128	0.00883	0.01128	0.00785	0.01178	0.00589	0.00442	0.00442	0.00147	0.00589	0.00393	0.00196	0.00491
8	0.01502	0.01073	0.06226	0.00880	0.01201	0.01058	0.00758	0.48718	0.01664	0.13532	0.01214	0.01230	0.00862	0.00522	0.00414	0.00128	0.00426	0.00402	0.17512	0.00678
9	0.00673	0.00513	0.00559	0.00531	0.00689	0.00465	0.00403	0.03021	0.06147	0.04932	0.17535	0.06432	0.54464	0.01016	0.00513	0.00147	0.00244	0.00856	0.00433	0.00428
10	0.03046	0.00456	0.00572	0.00629	0.00694	0.00440	0.00438	0.04129	0.00915	0.04799	0.02210	0.66094	0.02542	0.04101	0.00592	0.00180	0.00281	0.02953	0.04531	0.00397
11	0.02458	0.00696	0.00792	0.00694	0.00903	0.00704	0.00542	0.12077	0.15667	0.15239	0.14681	0.09437	0.17070	0.00787	0.00470	0.00143	0.00309	0.00661	0.06111	0.00557
12	0.00970	0.00910	0.01527	0.19951	0.37512	0.00953	0.09198	0.04675	0.01986	0.01375	0.01178	0.06666	0.05134	0.03363	0.00536	0.00153	0.01579	0.01499	0.00253	0.00585
13	0.21097	0.02301	0.01041	0.00821	0.01113	0.03178	0.00672	0.31716	0.01391	0.19996	0.01109	0.01159	0.00802	0.02924	0.02412	0.00156	0.02899	0.00375	0.04204	0.00635
14	0.00694	0.00480	0.00533	0.00502	0.00664	0.00410	0.00383	0.00829	0.01075	0.09867	0.17191	0.03798	0.59942	0.01021	0.00514	0.00146	0.00237	0.00858	0.00437	0.00420
15	0.00829	0.00635	0.00819	0.00766	0.00850	0.04174	0.00598	0.00933	0.00783	0.06173	0.01367	0.04162	0.07715	0.03176	0.38483	0.08882	0.16050	0.00501	0.02690	0.00415
16	0.00951	0.01943	0.62596	0.12015	0.02010	0.01015	0.03641	0.03017	0.02656	0.04844	0.00862	0.01014	0.00610	0.00433	0.00427	0.00141	0.00625	0.00350	0.00215	0.00637
17	0.00611	0.00475	0.00633	0.00663	0.00708	0.00507	0.00478	0.00712	0.00849	0.01158	0.09687	0.45822	0.08576	0.06216	0.11106	0.00256	0.09848	0.00955	0.00363	0.00379
18	0.00719	0.00406	0.00599	0.00603	0.00627	0.00421	0.00421	0.00628	0.00631	0.00855	0.01054	0.04812	0.03679	0.01920	0.20131	0.61011	0.00556	0.00457	0.00218	0.00251
19	0.43995	0.00811	0.00832	0.00682	0.00982	0.00840	0.00562	0.05028	0.01035	0.36546	0.01149	0.01103	0.00778	0.00478	0.00355	0.00135	0.00358	0.00340	0.03384	0.00606
20	0.01876	0.09992	0.14529	0.04357	0.03177	0.04576	0.13024	0.08457	0.05742	0.04177	0.04341	0.01340	0.03664	0.00604	0.02455	0.00154	0.11244	0.01310	0.04404	0.00576

[dist]
# distance from previous block
# <min> <max>
3	5

[block]
# block no. 3 follows, 59 sequences, length 9
# corresponding to MSA columns:
# 309-312,319-323
name=unknown_D
#
# <colnr> <probs for GDERKNQSTAVLIFYWHMCP>
#	G	D	E	R	K	N	Q	S	T	A	V	L	I	F	Y	W	H	M	C	P
0	0.00644	0.00514	0.02364	0.00682	0.00752	0.00542	0.00522	0.00760	0.00741	0.01032	0.01523	0.13049	0.05133	0.15404	0.44378	0.03088	0.04909	0.03317	0.00274	0.00373
1	0.04723	0.26803	0.31344	0.00995	0.01455	0.04881	0.03750	0.01502	0.06086	0.08603	0.00879	0.00955	0.00666	0.00424	0.00374	0.00121	0.00533	0.00318	0.00247	0.05339
2	0.02624	0.14257	0.32466	0.05307	0.03011	0.01159	0.08477	0.11845	0.03683	0.09711	0.00931	0.01032	0.00679	0.00451	0.00438	0.00134	0.02518	0.00362	0.00272	0.00644
3	0.00555	0.00400	0.00528	0.00615	0.00656	0.00373	0.00425	0.00652	0.00897	0.01198	0.09598	0.69738	0.05708	0.01322	0.00561	0.00176	0.00259	0.05554	0.00417	0.00367
4	0.00973	0.00961	0.01335	0.01133	0.01179	0.03267	0.04556	0.03418	0.00783	0.01169	0.05181	0.01141	0.00814	0.00863	0.05027	0.00208	0.66863	0.00418	0.00221	0.00489
5	0.01182	0.17718	0.16220	0.07146	0.06290	0.01075	0.07444	0.04284	0.08132	0.15726	0.01140	0.05691	0.00915	0.03219	0.00495	0.00144	0.01824	0.00434	0.00304	0.00616
6	0.01353	0.16161	0.02706	0.06117	0.05451	0.07950	0.06493	0.23938	0.03218	0.11205	0.02599	0.02948	0.03490	0.00531	0.00422	0.00130	0.00497	0.01986	0.02180	0.00626
7	0.00714	0.00648	0.00626	0.00621	0.00746	0.09847	0.00463	0.00893	0.03744	0.01377	0.27320	0.16471	0.28943	0.01007	0.00516	0.00150	0.00303	0.04785	0.00414	0.00413
8	0.01027	0.00980	0.01750	0.28074	0.36734	0.01031	0.16188	0.01350	0.03604	0.03660	0.00886	0.01168	0.00691	0.00416	0.00455	0.00140	0.00577	0.00422	0.00229	0.00615

[dist]
# distance from previous block
# <min> <max>
4	11

[block]
# block no. 4 follows, 59 sequences, length 6
# corresponding to MSA columns:
# 358-363
name=unknown_E
#
# <colnr> <probs for GDERKNQSTAVLIFYWHMCP>
#	G	D	E	R	K	N	Q	S	T	A	V	L	I	F	Y	W	H	M	C	P
0	0.00769	0.02935	0.02760	0.09556	0.12319	0.02490	0.02314	0.02171	0.00905	0.01230	0.06208	0.27163	0.03226	0.03099	0.14908	0.01838	0.00536	0.00702	0.00303	0.04568
1	0.00809	0.00570	0.00876	0.05788	0.13895	0.00581	0.03183	0.00838	0.03563	0.00997	0.01098	0.04221	0.03774	0.14227	0.01362	0.42732	0.00426	0.00481	0.00233	0.00346
2	0.02633	0.14716	0.12365	0.03957	0.05345	0.02718	0.06998	0.07204	0.02771	0.08902	0.01134	0.05459	0.04240	0.00500	0.00418	0.00120	0.01747	0.00412	0.00288	0.18073
3	0.03560	0.07001	0.07960	0.06490	0.12977	0.02311	0.04157	0.11800	0.02474	0.11726	0.03238	0.10559	0.02599	0.00586	0.00470	0.00135	0.03429	0.00491	0.00324	0.07713
4	0.00757	0.03006	0.00805	0.00759	0.03031	0.03124	0.00566	0.03511	0.00830	0.01179	0.06714	0.01810	0.01285	0.10306	0.49292	0.00502	0.05230	0.00486	0.06387	0.00418
5	0.01079	0.03022	0.11909	0.10715	0.26929	0.00882	0.07167	0.01350	0.01025	0.13451	0.04494	0.05260	0.03542	0.00573	0.00464	0.00144	0.00499	0.06588	0.00300	0.00608

[dist]
# distance from previous block
# <min> <max>
1	6

[block]
# block no. 5 follows, 59 sequences, length 15
# corresponding to MSA columns:
# 370-384
name=unknown_F
#
# <colnr> <probs for GDERKNQSTAVLIFYWHMCP>
#	G	D	E	R	K	N	Q	S	T	A	V	L	I	F	Y	W	H	M	C	P
0	0.01475	0.01135	0.01230	0.04339	0.01373	0.01275	0.00814	0.54301	0.25030	0.02443	0.01264	0.01237	0.00919	0.00547	0.00444	0.00138	0.00450	0.00427	0.00434	0.00725
1	0.00668	0.00421	0.00509	0.00509	0.00511	0.00423	0.00301	0.00633	0.00631	0.00844	0.01256	0.02534	0.01417	0.64732	0.04852	0.18225	0.00444	0.00584	0.00251	0.00256
2	0.01079	0.01016	0.01695	0.15634	0.65228	0.01054	0.01310	0.05068	0.01037	0.01456	0.00834	0.01105	0.00684	0.00408	0.00438	0.00134	0.00533	0.00394	0.00226	0.00668
3	0.00757	0.00463	0.00540	0.00514	0.00571	0.00443	0.00324	0.00803	0.00792	0.08711	0.09060	0.02927	0.09504	0.60778	0.01751	0.00347	0.00383	0.00666	0.00328	0.00338
4	0.02694	0.13911	0.16321	0.00914	0.01223	0.07746	0.00860	0.08438	0.17942	0.02561	0.06103	0.05637	0.04697	0.02091	0.00506	0.00144	0.04269	0.03038	0.00322	0.00581
5	0.00613	0.00440	0.00534	0.00534	0.00604	0.00414	0.00371	0.00727	0.00970	0.01311	0.33509	0.10565	0.14069	0.28285	0.01093	0.00242	0.00296	0.04673	0.00393	0.00356
6	0.01045	0.25956	0.29347	0.01068	0.03138	0.03367	0.07572	0.06463	0.06350	0.01380	0.02365	0.01209	0.04054	0.04304	0.00481	0.00140	0.00542	0.00380	0.00244	0.00597
7	0.15694	0.00999	0.01020	0.00856	0.02512	0.05157	0.00678	0.27930	0.12950	0.15912	0.01223	0.01210	0.00879	0.00513	0.00398	0.00131	0.00409	0.00388	0.09252	0.01891
8	0.00835	0.00528	0.00700	0.00655	0.00747	0.00564	0.00482	0.03523	0.00827	0.10253	0.05418	0.02109	0.01393	0.28409	0.36912	0.00480	0.03163	0.00534	0.02056	0.00410
9	0.16489	0.01084	0.01352	0.10410	0.07309	0.13597	0.14243	0.04887	0.00974	0.01414	0.00879	0.01280	0.00758	0.00785	0.08407	0.00201	0.10185	0.04976	0.00248	0.00521
10	0.36048	0.00913	0.00914	0.03213	0.02344	0.04729	0.00656	0.07492	0.09004	0.05680	0.01167	0.01268	0.07188	0.00692	0.04294	0.00173	0.12999	0.00386	0.00310	0.00529
11	0.02876	0.01033	0.01181	0.09528	0.05623	0.05021	0.00835	0.23799	0.25307	0.11044	0.01296	0.01363	0.00968	0.00605	0.01954	0.00153	0.04465	0.01895	0.00389	0.00664
12	0.03585	0.00721	0.01003	0.25205	0.04562	0.01696	0.03128	0.06458	0.01010	0.06238	0.03899	0.10038	0.15663	0.04752	0.00601	0.00163	0.04243	0.03170	0.01575	0.02290
13	0.01251	0.06412	0.01256	0.01082	0.10684	0.05961	0.00778	0.26082	0.13721	0.01865	0.01073	0.03952	0.00865	0.00488	0.00405	0.00116	0.00438	0.00391	0.00340	0.22841
14	0.03089	0.04965	0.08330	0.07867	0.05963	0.10568	0.12456	0.07290	0.05183	0.07126	0.01174	0.02777	0.03054	0.04963	0.05519	0.00191	0.03979	0.04656	0.00288	0.00559

[dist]
# distance from previous block
# <min> <max>
0	4

[block]
# block no. 6 follows, 59 sequences, length 36
# corresponding to MSA columns:
# 389-398,400-418,423-429
name=unknown_G
#
# <colnr> <probs for GDERKNQSTAVLIFYWHMCP>
#	G	D	E	R	K	N	Q	S	T	A	V	L	I	F	Y	W	H	M	C	P
0	0.01140	0.13375	0.20399	0.18772	0.08346	0.04924	0.06160	0.05732	0.02051	0.10105	0.00907	0.01075	0.00679	0.00518	0.02575	0.00149	0.01867	0.00367	0.00254	0.00607
1	0.00996	0.00987	0.01866	0.25460	0.24590	0.01012	0.29558	0.01294	0.00979	0.03209	0.00956	0.01282	0.02431	0.02827	0.00523	0.00151	0.00609	0.00459	0.00227	0.00584
2	0.00744	0.00667	0.00971	0.18169	0.08878	0.01797	0.04733	0.00967	0.03307	0.01328	0.17920	0.11707	0.20352	0.02018	0.00565	0.00154	0.04215	0.00707	0.00340	0.00461
3	0.01268	0.07777	0.22589	0.09908	0.13092	0.01048	0.03817	0.10436	0.05858	0.18306	0.01074	0.01148	0.00766	0.00463	0.00427	0.00135	0.00523	0.00385	0.00313	0.00668
4	0.00644	0.00552	0.00787	0.03000	0.00914	0.00516	0.09552	0.00852	0.04754	0.01316	0.13389	0.23383	0.33368	0.01024	0.00527	0.00156	0.00311	0.03227	0.01309	0.00421
5	0.00539	0.00447	0.00474	0.00481	0.00618	0.00382	0.00363	0.00661	0.01017	0.01238	0.09841	0.08269	0.68216	0.01121	0.00528	0.00153	0.00233	0.04627	0.00415	0.00377
6	0.01186	0.05769	0.46751	0.01203	0.01692	0.24869	0.04217	0.05085	0.01087	0.03049	0.00788	0.00910	0.00587	0.00434	0.00413	0.00130	0.00677	0.00323	0.00219	0.00612
7	0.04378	0.06869	0.02731	0.03306	0.01408	0.05842	0.04286	0.52479	0.10436	0.02314	0.01056	0.01082	0.00774	0.00508	0.00427	0.00132	0.00499	0.00390	0.00388	0.00695
8	0.00636	0.00425	0.00484	0.00490	0.00492	0.00424	0.00277	0.00641	0.00655	0.00873	0.01457	0.08025	0.01689	0.79230	0.02142	0.00412	0.00417	0.00681	0.00277	0.00273
9	0.13551	0.02189	0.06497	0.08839	0.07979	0.02554	0.03306	0.28231	0.01365	0.16866	0.02015	0.01120	0.00774	0.00491	0.00439	0.00137	0.02246	0.00383	0.00361	0.00657
10	0.00640	0.00461	0.00665	0.00665	0.00727	0.00523	0.00496	0.00754	0.00692	0.00984	0.01196	0.01906	0.01170	0.16664	0.65252	0.05088	0.01017	0.00497	0.00239	0.00363
11	0.00617	0.00448	0.00596	0.00685	0.00748	0.00436	0.00517	0.00782	0.03853	0.01236	0.04689	0.51732	0.04224	0.01283	0.00573	0.00184	0.00306	0.26289	0.00413	0.00389
12	0.31177	0.16617	0.09797	0.00829	0.01189	0.04947	0.05868	0.03380	0.00945	0.09528	0.00813	0.00900	0.00620	0.00415	0.00340	0.00121	0.00449	0.00299	0.02189	0.09576
13	0.00618	0.00418	0.00503	0.00537	0.00549	0.00411	0.00331	0.00645	0.00715	0.00952	0.01717	0.26270	0.02003	0.54973	0.01680	0.02467	0.00377	0.04223	0.00313	0.00298
14	0.00985	0.08606	0.23494	0.17710	0.11238	0.01041	0.14158	0.01366	0.04925	0.04598	0.02751	0.04082	0.00855	0.00481	0.00444	0.00141	0.00571	0.01714	0.00244	0.00596
15	0.83257	0.00849	0.00668	0.00591	0.00868	0.00973	0.00487	0.01342	0.00778	0.06040	0.00672	0.00757	0.00509	0.00417	0.00282	0.00137	0.00343	0.00250	0.00287	0.00492
16	0.05202	0.08943	0.02407	0.03893	0.28873	0.00929	0.00882	0.01308	0.04697	0.03524	0.02441	0.01053	0.00762	0.00400	0.00393	0.00107	0.01736	0.00337	0.00257	0.31856
17	0.00538	0.00448	0.00469	0.00464	0.00606	0.00379	0.00348	0.00664	0.01043	0.01280	0.16065	0.04107	0.69899	0.01086	0.00522	0.00148	0.00221	0.00912	0.00422	0.00379
18	0.01081	0.24461	0.05771	0.24501	0.11638	0.05458	0.03872	0.05590	0.03109	0.03321	0.03930	0.01173	0.02065	0.01752	0.00429	0.00131	0.00528	0.00377	0.00243	0.00569
19	0.00652	0.00461	0.00631	0.00730	0.00804	0.00451	0.00590	0.00809	0.00952	0.01261	0.02347	0.33666	0.02639	0.01259	0.00584	0.00192	0.00346	0.48327	0.02910	0.00389
20	0.01151	0.01152	0.03508	0.10135	0.49587	0.09294	0.03498	0.03659	0.04690	0.03518	0.00874	0.01099	0.00707	0.00441	0.00488	0.00136	0.04786	0.00390	0.00241	0.00648
21	0.09193	0.13113	0.01452	0.02224	0.05636	0.40594	0.05877	0.08214	0.04173	0.03533	0.00790	0.00898	0.00633	0.00449	0.00400	0.00121	0.01556	0.00319	0.00260	0.00565
22	0.01067	0.00780	0.00931	0.00673	0.01058	0.00597	0.00541	0.01259	0.00965	0.12848	0.00921	0.00999	0.00716	0.00358	0.00344	0.00076	0.00334	0.00288	0.00302	0.74944
23	0.01137	0.42692	0.21944	0.01140	0.06247	0.02347	0.10089	0.05271	0.01000	0.03311	0.00754	0.00880	0.00607	0.00401	0.00367	0.00117	0.00553	0.00314	0.00216	0.00612
24	0.00875	0.02404	0.18726	0.01046	0.01345	0.04848	0.16214	0.01169	0.02750	0.03643	0.18662	0.10229	0.07959	0.00714	0.00548	0.00149	0.05450	0.02429	0.00321	0.00519
25	0.00790	0.05266	0.19398	0.02769	0.01176	0.00792	0.04664	0.01146	0.09034	0.01429	0.19022	0.06498	0.16363	0.00754	0.00540	0.00147	0.06000	0.02018	0.01685	0.00510
26	0.00634	0.00436	0.00540	0.00560	0.00591	0.00441	0.00371	0.00681	0.00723	0.00964	0.01689	0.11658	0.05806	0.49030	0.13534	0.03762	0.00506	0.07469	0.00295	0.00310
27	0.08787	0.02097	0.03297	0.02341	0.01106	0.00959	0.00679	0.07577	0.40023	0.09679	0.05691	0.01716	0.03216	0.02388	0.00515	0.01681	0.02013	0.02742	0.02871	0.00620
28	0.00609	0.00442	0.00551	0.00542	0.00644	0.00409	0.00402	0.00782	0.01112	0.01546	0.49448	0.12371	0.17747	0.01103	0.04944	0.00174	0.00269	0.00833	0.05670	0.00401
29	0.00652	0.00467	0.00557	0.00573	0.00632	0.00460	0.00392	0.04302	0.00860	0.01132	0.04961	0.21779	0.13534	0.35370	0.06549	0.00309	0.00401	0.06376	0.00345	0.00349
30	0.00895	0.03488	0.75155	0.01209	0.01819	0.00996	0.01536	0.01373	0.00934	0.02973	0.00892	0.05161	0.00690	0.00470	0.00425	0.00141	0.00624	0.00374	0.00205	0.00638
31	0.00932	0.19568	0.43863	0.02294	0.02582	0.02992	0.03536	0.01271	0.00920	0.01269	0.01993	0.08807	0.00899	0.01821	0.00477	0.00141	0.03504	0.02330	0.00221	0.00579
32	0.00781	0.00516	0.00741	0.02611	0.00819	0.00581	0.00541	0.02808	0.00741	0.05110	0.01109	0.03486	0.01049	0.08112	0.43331	0.20947	0.05624	0.00471	0.00250	0.00371
33	0.07678	0.09434	0.12853	0.10204	0.08264	0.00990	0.05501	0.08153	0.03155	0.05024	0.04116	0.02167	0.01973	0.01487	0.02821	0.00145	0.01694	0.00388	0.00276	0.13678
34	0.00967	0.06404	0.01954	0.03453	0.00962	0.03790	0.00561	0.06870	0.02087	0.07763	0.09016	0.10440	0.03547	0.12701	0.03504	0.05073	0.02198	0.00541	0.01513	0.16654
35	0.03419	0.14188	0.05317	0.06158	0.05809	0.13023	0.03981	0.02306	0.02212	0.03640	0.10375	0.05419	0.12212	0.01939	0.00506	0.00136	0.04526	0.00510	0.01265	0.03058

[dist]
# distance from previous block
# <min> <max>
0	53

[block]
# block no. 7 follows, 59 sequences, length 14
# corresponding to MSA columns:
# 483-496
name=unknown_H
#
# <colnr> <probs for GDERKNQSTAVLIFYWHMCP>
#	G	D	E	R	K	N	Q	S	T	A	V	L	I	F	Y	W	H	M	C	P
0	0.01116	0.10826	0.12290	0.09106	0.10173	0.05343	0.03021	0.10073	0.11570	0.05040	0.07865	0.03906	0.01111	0.00551	0.00498	0.00138	0.06023	0.00441	0.00305	0.00604
1	0.04898	0.00661	0.00780	0.03325	0.00956	0.00556	0.00503	0.00986	0.00886	0.02921	0.01381	0.13128	0.05896	0.09327	0.00589	0.00138	0.00336	0.04361	0.00303	0.48068
2	0.02478	0.03863	0.06478	0.19149	0.08025	0.04952	0.02921	0.04480	0.06709	0.02440	0.06097	0.11561	0.07983	0.01772	0.00531	0.00147	0.04960	0.00557	0.00298	0.04598
3	0.00979	0.00959	0.03881	0.23879	0.13190	0.04614	0.11501	0.02755	0.04890	0.03376	0.02558	0.01412	0.00873	0.02206	0.07348	0.02077	0.09386	0.03333	0.00248	0.00539
4	0.00700	0.00476	0.00602	0.00594	0.00709	0.00445	0.00451	0.00852	0.01059	0.07345	0.30781	0.16350	0.22019	0.02794	0.04698	0.00188	0.01712	0.07374	0.00432	0.00418
5	0.00690	0.00504	0.00693	0.03297	0.00775	0.00572	0.00499	0.00770	0.02123	0.00973	0.01271	0.04668	0.03726	0.23976	0.33667	0.13100	0.07565	0.00535	0.00248	0.00345
6	0.00691	0.00441	0.00530	0.00547	0.00586	0.00424	0.00350	0.00736	0.00766	0.05716	0.01874	0.23714	0.05902	0.50375	0.01551	0.00323	0.00370	0.04438	0.00334	0.00331
7	0.78194	0.00856	0.00688	0.00610	0.00885	0.00982	0.00500	0.01404	0.05921	0.05574	0.00742	0.00813	0.00562	0.00428	0.00292	0.00138	0.00344	0.00265	0.00297	0.00505
8	0.00846	0.00801	0.01351	0.64424	0.05260	0.00967	0.05767	0.01140	0.02670	0.01168	0.00923	0.07071	0.00779	0.00522	0.00502	0.00151	0.04475	0.00463	0.00219	0.00499
9	0.00792	0.00733	0.04072	0.07118	0.15751	0.00722	0.07357	0.00938	0.00855	0.01186	0.06002	0.22500	0.01555	0.10026	0.03103	0.08186	0.07701	0.00671	0.00281	0.00451
10	0.00576	0.00438	0.00509	0.00517	0.00627	0.00389	0.00381	0.00720	0.01055	0.01395	0.29059	0.17244	0.37682	0.01066	0.00520	0.00150	0.00227	0.02550	0.04505	0.00387
11	0.27315	0.03708	0.05603	0.01003	0.03700	0.00927	0.18170	0.05596	0.01022	0.14636	0.02458	0.01156	0.00799	0.00451	0.00387	0.00133	0.00450	0.00384	0.11530	0.00572
12	0.04557	0.12952	0.09398	0.03919	0.06963	0.07548	0.05490	0.09610	0.08370	0.08550	0.05172	0.08838	0.02248	0.00592	0.00460	0.00137	0.02949	0.01337	0.00321	0.00590
13	0.30848	0.01057	0.01085	0.03392	0.03868	0.01182	0.00732	0.42104	0.05422	0.04867	0.00951	0.00991	0.00692	0.00486	0.00385	0.00135	0.00431	0.00350	0.00373	0.00646

[dist]
# distance from previous block
# <min> <max>
4	32

[block]
# block no. 8 follows, 59 sequences, length 72
# corresponding to MSA columns:
# 533-604
name=unknown_I
#
# <colnr> <probs for GDERKNQSTAVLIFYWHMCP>
#	G	D	E	R	K	N	Q	S	T	A	V	L	I	F	Y	W	H	M	C	P
0	0.01839	0.00486	0.00605	0.02982	0.02845	0.00449	0.00468	0.00794	0.01048	0.02380	0.26744	0.16352	0.29036	0.01024	0.00520	0.00152	0.00265	0.08067	0.01522	0.02421
1	0.05881	0.19175	0.21304	0.03398	0.04592	0.09120	0.03127	0.04799	0.02528	0.05829	0.03434	0.05454	0.03785	0.00537	0.00460	0.00133	0.05197	0.00409	0.00264	0.00575
2	0.01012	0.00916	0.01438	0.06634	0.41821	0.00947	0.05375	0.04247	0.13722	0.01545	0.11246	0.03662	0.01296	0.00563	0.00503	0.03200	0.00459	0.00491	0.00300	0.00621
3	0.00662	0.00501	0.00681	0.00670	0.00710	0.00576	0.00486	0.00753	0.00693	0.00979	0.01286	0.08136	0.01358	0.30733	0.40950	0.00522	0.09113	0.00580	0.00256	0.00357
4	0.01263	0.70477	0.02134	0.00817	0.01174	0.12747	0.00772	0.04241	0.00988	0.01108	0.00640	0.00733	0.00574	0.00394	0.00305	0.00098	0.00517	0.00249	0.00203	0.00566
5	0.00557	0.00402	0.00528	0.00596	0.00643	0.00372	0.00409	0.00665	0.00942	0.01275	0.20293	0.63169	0.05976	0.01266	0.00553	0.00169	0.00244	0.01141	0.00427	0.00372
6	0.01078	0.01034	0.01766	0.07308	0.77241	0.01046	0.01348	0.01343	0.00999	0.01425	0.00828	0.01098	0.00693	0.00396	0.00437	0.00132	0.00528	0.00393	0.00217	0.00688
7	0.01067	0.01035	0.01794	0.09447	0.65314	0.01051	0.08053	0.01377	0.03893	0.01428	0.00867	0.01129	0.00711	0.00403	0.00445	0.00135	0.00543	0.00408	0.00225	0.00673
8	0.00834	0.00785	0.01325	0.83417	0.03042	0.00981	0.01227	0.01128	0.00883	0.01128	0.00785	0.01178	0.00589	0.00442	0.00442	0.00147	0.00589	0.00393	0.00196	0.00491
9	0.08646	0.00940	0.02186	0.08874	0.21125	0.04556	0.01854	0.07105	0.03620	0.09974	0.04711	0.04241	0.02781	0.00505	0.00433	0.00126	0.01912	0.00423	0.00310	0.15679
10	0.00632	0.00470	0.00694	0.00694	0.00767	0.00543	0.00532	0.00778	0.00705	0.01014	0.01198	0.01816	0.01139	0.08968	0.77120	0.00690	0.01130	0.00485	0.00239	0.00386
11	0.00626	0.00525	0.00655	0.00780	0.11313	0.00486	0.00485	0.00750	0.00931	0.01176	0.03229	0.05946	0.50679	0.10568	0.08528	0.00232	0.00378	0.00788	0.01518	0.00406
12	0.67667	0.00905	0.00775	0.00663	0.00941	0.01038	0.00546	0.14394	0.00984	0.03536	0.00732	0.00820	0.00555	0.00442	0.00328	0.00136	0.01985	0.00277	0.02749	0.00527
13	0.01279	0.01343	0.01075	0.00972	0.01212	0.29761	0.00745	0.02102	0.51042	0.01563	0.01469	0.01410	0.02964	0.00561	0.00433	0.00137	0.00504	0.00434	0.00371	0.00626
14	0.01099	0.00949	0.00999	0.00899	0.01148	0.01099	0.00699	0.02347	0.80925	0.01848	0.01798	0.01648	0.01348	0.00599	0.00449	0.00150	0.00350	0.00499	0.00449	0.00699
15	0.01624	0.01210	0.01295	0.01005	0.01349	0.01344	0.00826	0.72902	0.09514	0.02695	0.01130	0.01116	0.00807	0.00537	0.00443	0.00134	0.00473	0.00407	0.00443	0.00746
16	0.00689	0.00482	0.00637	0.00706	0.00775	0.00482	0.00568	0.00827	0.00896	0.01171	0.02032	0.04305	0.02239	0.28170	0.01140	0.00276	0.00414	0.53468	0.00362	0.00362
17	0.01043	0.44671	0.38229	0.01022	0.01526	0.01400	0.04006	0.01360	0.00918	0.01214	0.00704	0.00827	0.00567	0.00396	0.00353	0.00117	0.00563	0.00287	0.00189	0.00606
18	0.01911	0.00865	0.01095	0.00840	0.01184	0.00817	0.00694	0.20399	0.01454	0.63514	0.01583	0.01400	0.01013	0.00543	0.00444	0.00136	0.00402	0.00433	0.00522	0.00752
19	0.02851	0.02213	0.77465	0.01265	0.01902	0.01028	0.04449	0.01397	0.00932	0.01412	0.00792	0.00937	0.00562	0.00418	0.00420	0.00140	0.00649	0.00331	0.00190	0.00647
20	0.00566	0.00410	0.00538	0.00617	0.00669	0.00383	0.00438	0.00674	0.00922	0.01227	0.11605	0.60391	0.08884	0.01291	0.00561	0.00175	0.00265	0.09594	0.00418	0.00372
21	0.07868	0.01103	0.01207	0.00935	0.01277	0.01189	0.00771	0.56549	0.04031	0.18801	0.01188	0.01142	0.00818	0.00527	0.00430	0.00134	0.00449	0.00399	0.00451	0.00730
22	0.00546	0.00389	0.00515	0.00607	0.00636	0.00364	0.00405	0.00626	0.00857	0.01147	0.06030	0.77528	0.02931	0.04371	0.00623	0.00187	0.00260	0.01212	0.00408	0.00358
23	0.00631	0.00443	0.00562	0.00568	0.00665	0.00405	0.00414	0.00780	0.01067	0.04413	0.38264	0.27564	0.17356	0.01159	0.03490	0.00173	0.00267	0.00934	0.00443	0.00403
24	0.01067	0.00844	0.00950	0.00878	0.01096	0.00933	0.00719	0.17428	0.35955	0.01839	0.01922	0.02721	0.04443	0.00808	0.00503	0.00164	0.00391	0.26304	0.00432	0.00602
25	0.01758	0.00707	0.00923	0.00725	0.01023	0.00631	0.00593	0.04757	0.01231	0.64385	0.01662	0.01514	0.01088	0.00540	0.00419	0.00130	0.00349	0.00436	0.16439	0.00689
26	0.04669	0.02023	0.01264	0.01133	0.01370	0.76338	0.02707	0.03245	0.01245	0.01153	0.00693	0.00808	0.00572	0.00453	0.00398	0.00116	0.00773	0.00291	0.00233	0.00517
27	0.00736	0.00715	0.01273	0.01031	0.01263	0.00657	0.29371	0.00948	0.00995	0.01278	0.02601	0.15820	0.30475	0.00901	0.00539	0.00160	0.00440	0.10001	0.00342	0.00456
28	0.07639	0.00789	0.00995	0.00789	0.01112	0.00742	0.00645	0.02125	0.13554	0.64208	0.01675	0.01472	0.01091	0.00546	0.00433	0.00139	0.00369	0.00439	0.00513	0.00725
29	0.00711	0.00651	0.01160	0.01005	0.01149	0.00638	0.22915	0.00875	0.00895	0.01209	0.01882	0.53744	0.02132	0.01057	0.00608	0.00172	0.05598	0.02820	0.00344	0.00434
30	0.01408	0.00643	0.00852	0.00688	0.00947	0.00559	0.00552	0.01593	0.01225	0.46789	0.28410	0.02113	0.03517	0.00660	0.00461	0.00132	0.00311	0.00558	0.01774	0.06808
31	0.15820	0.00958	0.04018	0.04745	0.15885	0.02857	0.02329	0.10345	0.01189	0.31512	0.05156	0.01281	0.00973	0.00497	0.00417	0.00136	0.00437	0.00405	0.00385	0.00657
32	0.00993	0.00830	0.01012	0.02361	0.06205	0.00694	0.00619	0.06417	0.00995	0.02964	0.00828	0.00982	0.00682	0.01598	0.00401	0.00085	0.02362	0.00293	0.00273	0.69403
33	0.81656	0.02889	0.00706	0.00601	0.00875	0.02519	0.00497	0.01313	0.00775	0.02959	0.00654	0.00786	0.00518	0.00423	0.00283	0.00136	0.00355	0.01298	0.00276	0.00484
34	0.02729	0.01030	0.01599	0.07404	0.56465	0.01089	0.01201	0.07849	0.09663	0.01569	0.00935	0.01143	0.00757	0.00447	0.00481	0.00137	0.04165	0.00402	0.00260	0.00677
35	0.00545	0.00416	0.00489	0.00535	0.00612	0.00373	0.00370	0.00636	0.00915	0.01167	0.07462	0.41948	0.33833	0.07765	0.00677	0.00185	0.00254	0.01055	0.00403	0.00360
36	0.00713	0.00499	0.00608	0.00619	0.00735	0.00476	0.00482	0.00910	0.04923	0.05284	0.14984	0.07669	0.23194	0.12110	0.01728	0.00206	0.00325	0.22260	0.01864	0.00410
37	0.00659	0.00511	0.00716	0.00715	0.00790	0.02406	0.00549	0.00799	0.00723	0.01022	0.01213	0.05630	0.01169	0.04498	0.71875	0.03085	0.02504	0.00505	0.00243	0.00389
38	0.01181	0.84744	0.02314	0.00756	0.01134	0.01748	0.00756	0.01323	0.00897	0.01039	0.00614	0.00708	0.00567	0.00378	0.00283	0.00094	0.00472	0.00236	0.00189	0.00567
39	0.00916	0.00785	0.00916	0.00654	0.01047	0.00589	0.00523	0.01112	0.00916	0.01439	0.00785	0.00916	0.00654	0.00327	0.00327	0.00065	0.00327	0.00262	0.00262	0.87178
40	0.00642	0.00429	0.00488	0.00488	0.00490	0.00431	0.00275	0.00646	0.00644	0.00861	0.01386	0.02860	0.01593	0.82374	0.04335	0.00435	0.00448	0.00638	0.00267	0.00271
41	0.01082	0.00596	0.00768	0.00687	0.00876	0.00565	0.00549	0.01383	0.09292	0.24986	0.35944	0.02817	0.03981	0.00806	0.00498	0.00148	0.00299	0.11453	0.02729	0.00540
42	0.87598	0.00854	0.00649	0.00581	0.00854	0.00991	0.00478	0.01298	0.00752	0.01982	0.00615	0.00717	0.00478	0.00410	0.00273	0.00137	0.00342	0.00239	0.00273	0.00478
43	0.01115	0.00957	0.01008	0.00902	0.01155	0.01106	0.00703	0.04544	0.78701	0.01874	0.01777	0.01631	0.01331	0.00597	0.00449	0.00149	0.00353	0.00496	0.00449	0.00701
44	0.87598	0.00854	0.00649	0.00581	0.00854	0.00991	0.00478	0.01298	0.00752	0.01982	0.00615	0.00717	0.00478	0.00410	0.00273	0.00137	0.00342	0.00239	0.00273	0.00478
45	0.04135	0.01226	0.01306	0.01004	0.01355	0.01359	0.00829	0.77993	0.02039	0.02761	0.01048	0.01051	0.00743	0.00527	0.00437	0.00133	0.00482	0.00393	0.00437	0.00743
46	0.00686	0.00474	0.00566	0.00584	0.00626	0.00475	0.00401	0.03569	0.00804	0.01060	0.01762	0.07588	0.04673	0.54892	0.01655	0.00343	0.00409	0.18790	0.00319	0.00326
47	0.00764	0.00510	0.00657	0.00646	0.00784	0.00444	0.00472	0.00887	0.00930	0.08816	0.06273	0.51025	0.02337	0.01056	0.00505	0.00151	0.00287	0.05033	0.00397	0.18026
48	0.00633	0.00465	0.00611	0.00601	0.00694	0.00470	0.00449	0.01815	0.01885	0.01384	0.33494	0.10061	0.10474	0.06068	0.26519	0.00338	0.00538	0.00725	0.02374	0.00400
49	0.01669	0.00804	0.01009	0.00805	0.01122	0.00761	0.00652	0.04945	0.18575	0.54193	0.01687	0.03802	0.01159	0.00567	0.00441	0.00136	0.00368	0.00465	0.00499	0.06341
50	0.16218	0.00678	0.00723	0.00620	0.00835	0.00697	0.00494	0.10863	0.03720	0.17818	0.09846	0.01600	0.02499	0.00558	0.00376	0.00125	0.00302	0.00438	0.31049	0.00541
51	0.13252	0.00824	0.01012	0.00787	0.01121	0.00781	0.00650	0.11485	0.01295	0.61874	0.01511	0.01346	0.00971	0.00527	0.00421	0.00136	0.00385	0.00411	0.00498	0.00715
52	0.00997	0.01001	0.03602	0.01107	0.02306	0.08208	0.09095	0.01135	0.00815	0.04004	0.02420	0.01325	0.02256	0.07399	0.07693	0.02198	0.42280	0.00437	0.01241	0.00480
53	0.00643	0.00433	0.00532	0.00535	0.00551	0.00448	0.00333	0.00667	0.00658	0.00893	0.01349	0.04909	0.01502	0.61971	0.17925	0.04915	0.00569	0.00613	0.00262	0.00291
54	0.83245	0.00907	0.03535	0.00637	0.02109	0.00993	0.00532	0.01303	0.00762	0.01953	0.00624	0.00731	0.00485	0.00410	0.00281	0.00137	0.00355	0.00245	0.00269	0.00488
55	0.11035	0.00835	0.01030	0.00799	0.01135	0.00793	0.00660	0.13766	0.01331	0.61646	0.01520	0.01353	0.00977	0.00530	0.00426	0.00136	0.00389	0.00415	0.00502	0.00723
56	0.00675	0.00503	0.00658	0.00692	0.00762	0.00528	0.00513	0.03662	0.05071	0.01233	0.05009	0.39964	0.04077	0.05219	0.13751	0.02759	0.03705	0.10451	0.00367	0.00401
57	0.03205	0.00647	0.00768	0.00672	0.00871	0.00636	0.00524	0.03742	0.16657	0.11905	0.39502	0.02464	0.05395	0.00736	0.00471	0.00136	0.00282	0.02035	0.01986	0.07366
58	0.00626	0.00444	0.00534	0.00564	0.00620	0.00426	0.00392	0.00710	0.02055	0.01088	0.05899	0.16950	0.16713	0.32921	0.01262	0.04819	0.00345	0.12950	0.00348	0.00333
59	0.87598	0.00854	0.00649	0.00581	0.00854	0.00991	0.00478	0.01298	0.00752	0.01982	0.00615	0.00717	0.00478	0.00410	0.00273	0.00137	0.00342	0.00239	0.00273	0.00478
60	0.01659	0.01227	0.01314	0.01012	0.01362	0.01360	0.00835	0.77510	0.04850	0.02751	0.01086	0.01081	0.00772	0.00533	0.00442	0.00133	0.00481	0.00401	0.00442	0.00749
61	0.01181	0.84744	0.02314	0.00756	0.01134	0.01748	0.00756	0.01323	0.00897	0.01039	0.00614	0.00708	0.00567	0.00378	0.00283	0.00094	0.00472	0.00236	0.00189	0.00567
62	0.00526	0.00446	0.00456	0.00462	0.00605	0.00375	0.00346	0.00638	0.00999	0.01193	0.04338	0.07956	0.76375	0.01133	0.00526	0.00152	0.00229	0.02462	0.00410	0.00373
63	0.01181	0.84744	0.02314	0.00756	0.01134	0.01748	0.00756	0.01323	0.00897	0.01039	0.00614	0.00708	0.00567	0.00378	0.00283	0.00094	0.00472	0.00236	0.00189	0.00567
64	0.72461	0.00794	0.00654	0.00585	0.00837	0.00899	0.00476	0.01264	0.00839	0.04777	0.11921	0.01105	0.01014	0.00483	0.00314	0.00137	0.00324	0.00324	0.00313	0.00479
65	0.00834	0.00785	0.01325	0.83417	0.03042	0.00981	0.01227	0.01128	0.00883	0.01128	0.00785	0.01178	0.00589	0.00442	0.00442	0.00147	0.00589	0.00393	0.00196	0.00491
66	0.01067	0.00922	0.01491	0.01190	0.01471	0.00930	0.26560	0.19230	0.01246	0.02953	0.01478	0.06470	0.02641	0.00729	0.00555	0.00160	0.03517	0.22869	0.00344	0.04178
67	0.00594	0.00455	0.00552	0.00600	0.00702	0.00420	0.00467	0.00726	0.00963	0.01217	0.05516	0.18336	0.35476	0.05257	0.02989	0.00200	0.00321	0.24431	0.00400	0.00377
68	0.00874	0.00827	0.01342	0.77318	0.06077	0.02439	0.01218	0.02556	0.00916	0.01169	0.00790	0.01165	0.00596	0.00441	0.00441	0.00146	0.00588	0.00391	0.00202	0.00504
69	0.87598	0.00854	0.00649	0.00581	0.00854	0.00991	0.00478	0.01298	0.00752	0.01982	0.00615	0.00717	0.00478	0.00410	0.00273	0.00137	0.00342	0.00239	0.00273	0.00478
70	0.01097	0.04423	0.06826	0.03528	0.58887	0.02530	0.09777	0.01409	0.03483	0.02544	0.00866	0.01098	0.00704	0.00403	0.00439	0.00133	0.00552	0.00399	0.00228	0.00675
71	0.42944	0.02789	0.06446	0.00999	0.07793	0.13546	0.04833	0.03838	0.04909	0.05414	0.00826	0.00972	0.00646	0.00448	0.00357	0.00135	0.00478	0.01794	0.00281	0.00551

[dist]
# distance from previous block
# <min> <max>
1	13

[block]
# block no. 9 follows, 59 sequences, length 14
# corresponding to MSA columns:
# 666-679
name=unknown_J
#
# <colnr> <probs for GDERKNQSTAVLIFYWHMCP>
#	G	D	E	R	K	N	Q	S	T	A	V	L	I	F	Y	W	H	M	C	P
0	0.23887	0.07015	0.01143	0.00887	0.01174	0.21099	0.00715	0.25389	0.09220	0.01918	0.00905	0.00956	0.00692	0.00477	0.00374	0.00127	0.00502	0.00328	0.02595	0.00595
1	0.00551	0.00435	0.00497	0.00511	0.00622	0.00381	0.00372	0.00680	0.01032	0.01323	0.23288	0.21545	0.44948	0.01123	0.00531	0.00153	0.00227	0.00970	0.00429	0.00381
2	0.06134	0.00882	0.03848	0.15478	0.18231	0.02805	0.03306	0.06512	0.01010	0.03972	0.04299	0.06972	0.08139	0.03464	0.03393	0.00172	0.05079	0.01906	0.00288	0.04110
3	0.15070	0.02762	0.04187	0.10392	0.03227	0.02811	0.06936	0.21817	0.08108	0.18701	0.01119	0.01156	0.00790	0.00487	0.00417	0.00138	0.00473	0.00392	0.00369	0.00648
4	0.01640	0.01766	0.01187	0.01047	0.01294	0.60271	0.00800	0.08670	0.03310	0.10686	0.00901	0.00962	0.00691	0.00479	0.00405	0.00118	0.00682	0.00324	0.04205	0.00561
5	0.00994	0.00516	0.00630	0.00567	0.00670	0.00483	0.00381	0.01054	0.00850	0.22800	0.03810	0.04422	0.05741	0.53388	0.01587	0.00322	0.00394	0.00622	0.00359	0.00410
6	0.02738	0.07155	0.19287	0.05861	0.32213	0.01025	0.04325	0.04130	0.03928	0.05933	0.03373	0.02426	0.00873	0.04248	0.00510	0.00148	0.00524	0.00412	0.00257	0.00633
7	0.01007	0.04160	0.05934	0.03301	0.07089	0.01095	0.58835	0.01344	0.00990	0.01357	0.00883	0.01188	0.00690	0.00605	0.06520	0.00188	0.03526	0.00484	0.00220	0.00583
8	0.00631	0.00473	0.00710	0.00710	0.00789	0.00552	0.00552	0.00789	0.00710	0.01025	0.01183	0.01735	0.01104	0.03312	0.82728	0.00710	0.01183	0.00473	0.00237	0.00394
9	0.59294	0.05645	0.02329	0.02439	0.05616	0.07732	0.00642	0.01330	0.00835	0.03076	0.00713	0.00923	0.00590	0.00457	0.00367	0.00137	0.04245	0.02858	0.00264	0.00504
10	0.00739	0.04513	0.10312	0.00722	0.00909	0.00652	0.00622	0.02849	0.13074	0.01420	0.15615	0.27853	0.12592	0.02683	0.00538	0.00161	0.00328	0.03552	0.00390	0.00474
11	0.03069	0.02602	0.06563	0.05611	0.02892	0.01033	0.07242	0.25962	0.11853	0.09777	0.04206	0.09130	0.01173	0.00616	0.00489	0.00144	0.03203	0.01682	0.00379	0.02374
