[name]
unknown

[dist]
# distance from previous block
# <min> <max>
0	14

[block]
# block no. 0 follows, 73 sequences, length 32
# corresponding to MSA columns:
# 14-45
name=unknown_A
#
# <colnr> <probs for GDERKNQSTAVLIFYWHMCP>
#	G	D	E	R	K	N	Q	S	T	A	V	L	I	F	Y	W	H	M	C	P
0	0.08305	0.00706	0.02201	0.00845	0.06138	0.00688	0.08990	0.11649	0.06961	0.09620	0.15615	0.01857	0.01432	0.00566	0.00398	0.00122	0.00346	0.14532	0.00326	0.08702
1	0.00800	0.00766	0.01318	0.41469	0.37089	0.00839	0.05611	0.01036	0.00812	0.01099	0.02693	0.01086	0.02993	0.00380	0.00381	0.00119	0.00468	0.00361	0.00187	0.00493
2	0.00910	0.00870	0.01483	0.05100	0.79308	0.00877	0.01128	0.01131	0.00844	0.01207	0.00713	0.00946	0.00601	0.00406	0.02784	0.00126	0.00463	0.00336	0.00185	0.00581
3	0.01178	0.03213	0.03795	0.04774	0.01293	0.00694	0.24435	0.01398	0.02023	0.37606	0.07719	0.04157	0.01024	0.00450	0.00396	0.00117	0.00411	0.00427	0.00334	0.04557
4	0.00470	0.00359	0.00432	0.00461	0.00535	0.00321	0.00328	0.00573	0.00849	0.01110	0.22583	0.37447	0.31182	0.00998	0.00458	0.00135	0.00198	0.00877	0.00364	0.00321
5	0.01003	0.87041	0.01966	0.00642	0.00963	0.01485	0.00642	0.01123	0.00762	0.00883	0.00522	0.00602	0.00481	0.00321	0.00241	0.00080	0.00401	0.00201	0.00160	0.00481
6	0.01251	0.00968	0.02425	0.00849	0.03174	0.04747	0.04189	0.46429	0.01367	0.09178	0.00868	0.00899	0.00631	0.00399	0.00354	0.00100	0.00398	0.00314	0.00323	0.21138
7	0.00709	0.00667	0.01125	0.85913	0.02584	0.00834	0.01042	0.00959	0.00750	0.00959	0.00667	0.01000	0.00500	0.00375	0.00375	0.00125	0.00500	0.00333	0.00167	0.00417
8	0.00450	0.00378	0.00392	0.00394	0.00513	0.00319	0.00293	0.00550	0.00863	0.01046	0.09490	0.07776	0.74356	0.00948	0.00445	0.00127	0.00191	0.00798	0.00353	0.00319
9	0.03123	0.00733	0.00894	0.05520	0.02310	0.02695	0.04252	0.03638	0.02517	0.01249	0.00688	0.00814	0.00562	0.00307	0.00314	0.00071	0.01744	0.00250	0.00224	0.68096
10	0.01327	0.01793	0.00881	0.00701	0.00950	0.02121	0.00570	0.17070	0.13826	0.41066	0.01520	0.01417	0.08398	0.00619	0.04246	0.00140	0.01968	0.00410	0.00399	0.00579
11	0.00464	0.00339	0.00465	0.00538	0.00568	0.00316	0.01778	0.00534	0.00724	0.00963	0.02078	0.83535	0.03983	0.01156	0.00478	0.00151	0.00224	0.01051	0.00346	0.00308
12	0.00455	0.00382	0.00397	0.00398	0.00521	0.00324	0.00302	0.00559	0.00868	0.01048	0.08646	0.03587	0.76010	0.00943	0.00446	0.00128	0.00196	0.04117	0.00352	0.00320
13	0.00911	0.00918	0.05944	0.46971	0.14216	0.08809	0.01905	0.09918	0.00914	0.03442	0.00719	0.00952	0.00545	0.00419	0.01771	0.00126	0.00507	0.00326	0.00203	0.00482
14	0.01387	0.01765	0.01065	0.00967	0.01156	0.83282	0.00727	0.01484	0.01051	0.00918	0.00578	0.00680	0.00483	0.00393	0.00360	0.00098	0.02734	0.00244	0.00193	0.00434
15	0.70549	0.01961	0.00648	0.00565	0.00790	0.12667	0.00456	0.03195	0.00733	0.01572	0.00566	0.00655	0.00444	0.00359	0.00252	0.00112	0.00345	0.00217	0.03498	0.00415
16	0.00575	0.00402	0.00508	0.00488	0.00585	0.00372	0.00368	0.02615	0.01005	0.04102	0.56727	0.12194	0.13039	0.00824	0.00444	0.00124	0.00199	0.03665	0.01404	0.00359
17	0.00914	0.02934	0.01919	0.01602	0.18008	0.00911	0.56732	0.02881	0.00897	0.04030	0.00879	0.02764	0.02905	0.00362	0.00421	0.00122	0.00555	0.00433	0.00209	0.00521
18	0.02903	0.01381	0.41546	0.02262	0.08057	0.02979	0.01027	0.04263	0.26578	0.02509	0.00975	0.02283	0.00734	0.00420	0.00365	0.00121	0.00449	0.00341	0.00247	0.00562
19	0.02906	0.01170	0.01375	0.04592	0.49880	0.27634	0.04710	0.01256	0.00914	0.01128	0.00663	0.00848	0.00551	0.00352	0.00361	0.00108	0.00526	0.00307	0.00189	0.00530
20	0.00873	0.00914	0.03662	0.01613	0.33524	0.01003	0.16930	0.01064	0.00749	0.01093	0.00631	0.00899	0.00546	0.00458	0.00723	0.00135	0.34149	0.00352	0.00177	0.00504
21	0.00709	0.00667	0.01125	0.85913	0.02584	0.00834	0.01042	0.00959	0.00750	0.00959	0.00667	0.01000	0.00500	0.00375	0.00375	0.00125	0.00500	0.00333	0.00167	0.00417
22	0.01401	0.01039	0.01112	0.00858	0.01154	0.01152	0.00707	0.79133	0.05895	0.02324	0.00932	0.00926	0.00664	0.00453	0.00376	0.00113	0.00407	0.00342	0.00376	0.00636
23	0.00541	0.00363	0.00409	0.00411	0.00415	0.00361	0.00232	0.00545	0.00558	0.00741	0.01271	0.04638	0.03494	0.82447	0.01836	0.00352	0.00356	0.00565	0.00233	0.00232
24	0.00530	0.00367	0.00406	0.00406	0.00426	0.00356	0.00238	0.00547	0.00601	0.00784	0.02962	0.02635	0.13907	0.72436	0.01664	0.00324	0.00334	0.00585	0.00249	0.00243
25	0.00520	0.00381	0.00483	0.00461	0.00549	0.00349	0.00342	0.00679	0.01012	0.01409	0.70428	0.05158	0.12038	0.03941	0.00497	0.00129	0.00186	0.00696	0.00398	0.00344
26	0.00498	0.00376	0.00463	0.00475	0.00561	0.00341	0.00355	0.00630	0.00919	0.01226	0.38380	0.19454	0.26089	0.00922	0.00456	0.00132	0.00203	0.07811	0.00376	0.00333
27	0.00525	0.00381	0.00495	0.00472	0.00558	0.00351	0.00352	0.00695	0.01041	0.01467	0.78501	0.06611	0.05558	0.00790	0.00444	0.00120	0.00179	0.00699	0.00408	0.00351
28	0.89465	0.00726	0.00551	0.00493	0.00726	0.00842	0.00406	0.01103	0.00638	0.01683	0.00522	0.00609	0.00406	0.00348	0.00232	0.00116	0.00290	0.00203	0.00232	0.00406
29	0.01018	0.81722	0.03314	0.00659	0.00983	0.01460	0.00658	0.04844	0.00808	0.00955	0.00541	0.00619	0.00488	0.00327	0.00249	0.00082	0.00404	0.00208	0.00170	0.00490
30	0.00829	0.00819	0.01323	0.41373	0.29148	0.03979	0.06083	0.01051	0.00786	0.01054	0.00664	0.00947	0.00534	0.00388	0.00466	0.00124	0.09443	0.00337	0.00175	0.00480
31	0.29813	0.00759	0.00893	0.00755	0.04741	0.00775	0.04252	0.13523	0.02692	0.35133	0.01005	0.00972	0.00684	0.00410	0.00331	0.00115	0.00342	0.00315	0.00346	0.02142

[dist]
# distance from previous block
# <min> <max>
0	2

[block]
# block no. 1 follows, 73 sequences, length 12
# corresponding to MSA columns:
# 48-59
name=unknown_B
#
# <colnr> <probs for GDERKNQSTAVLIFYWHMCP>
#	G	D	E	R	K	N	Q	S	T	A	V	L	I	F	Y	W	H	M	C	P
0	0.00807	0.00771	0.01315	0.42672	0.37199	0.00860	0.03829	0.01040	0.00801	0.01092	0.02831	0.01011	0.00620	0.00375	0.00405	0.00120	0.03229	0.00346	0.00182	0.00493
1	0.01024	0.60843	0.07863	0.00776	0.01092	0.13466	0.06132	0.01174	0.00811	0.00927	0.00572	0.00697	0.00508	0.02357	0.00316	0.00095	0.00466	0.00236	0.00169	0.00476
2	0.00896	0.00807	0.01585	0.04292	0.01518	0.00762	0.49127	0.01178	0.03389	0.11397	0.17919	0.01472	0.02928	0.00447	0.00430	0.00123	0.00478	0.00485	0.00277	0.00487
3	0.00472	0.00372	0.00426	0.00433	0.00529	0.00326	0.00317	0.00587	0.00893	0.01151	0.27652	0.17861	0.45779	0.00935	0.00449	0.00129	0.00191	0.00806	0.00368	0.00326
4	0.00736	0.00557	0.00666	0.00556	0.00733	0.00523	0.00434	0.14835	0.01122	0.01592	0.52377	0.02050	0.02414	0.00610	0.00396	0.00104	0.00239	0.00524	0.00366	0.19166
5	0.04343	0.01221	0.00961	0.04037	0.01066	0.44989	0.05006	0.01243	0.02608	0.01054	0.00738	0.00905	0.00610	0.00569	0.05684	0.00137	0.08790	0.00295	0.15328	0.00417
6	0.00500	0.00385	0.00553	0.15090	0.00892	0.00395	0.00467	0.00597	0.00724	0.00958	0.01829	0.71972	0.02143	0.01039	0.00461	0.00148	0.00266	0.00941	0.00317	0.00324
7	0.15892	0.00729	0.00949	0.00832	0.00884	0.00974	0.00687	0.00895	0.00591	0.01030	0.00590	0.00902	0.00558	0.00992	0.16189	0.00235	0.56172	0.00320	0.00182	0.00396
8	0.00598	0.00466	0.00656	0.00620	0.00665	0.00553	0.00475	0.00691	0.00660	0.00951	0.15108	0.01667	0.01326	0.11727	0.38848	0.07393	0.16593	0.00446	0.00230	0.00326
9	0.00496	0.00351	0.00400	0.00437	0.00509	0.00318	0.00307	0.00589	0.00776	0.01048	0.02540	0.39236	0.32402	0.03188	0.00466	0.00137	0.00204	0.00829	0.15451	0.00315
10	0.00589	0.00448	0.00602	0.00661	0.03749	0.00411	0.00498	0.00721	0.00792	0.01080	0.01746	0.35408	0.01954	0.00935	0.00457	0.00143	0.00288	0.33717	0.00320	0.15481
11	0.03373	0.00862	0.00952	0.00790	0.01028	0.00942	0.00650	0.53031	0.08303	0.04662	0.01214	0.06657	0.01050	0.00595	0.00403	0.00126	0.00374	0.14059	0.00369	0.00560

[dist]
# distance from previous block
# <min> <max>
0	22

[block]
# block no. 2 follows, 73 sequences, length 12
# corresponding to MSA columns:
# 84-95
name=unknown_C
#
# <colnr> <probs for GDERKNQSTAVLIFYWHMCP>
#	G	D	E	R	K	N	Q	S	T	A	V	L	I	F	Y	W	H	M	C	P
0	0.01188	0.00738	0.01094	0.02046	0.01135	0.00732	0.14210	0.13395	0.03102	0.31602	0.01261	0.04578	0.01015	0.00551	0.00465	0.00128	0.06158	0.12186	0.00349	0.04067
1	0.01041	0.01520	0.23386	0.21899	0.04778	0.38924	0.00995	0.01270	0.00906	0.01012	0.00631	0.00796	0.00489	0.00374	0.00353	0.00110	0.00592	0.00277	0.00177	0.00468
2	0.00752	0.00671	0.01024	0.06957	0.36188	0.00635	0.00757	0.00921	0.00792	0.01136	0.01056	0.23675	0.01080	0.00547	0.00377	0.00110	0.00347	0.00501	0.00237	0.22236
3	0.01291	0.01103	0.01042	0.00853	0.01113	0.14478	0.00683	0.48627	0.23471	0.01923	0.01016	0.00998	0.00748	0.00456	0.00371	0.00114	0.00424	0.00345	0.00348	0.00594
4	0.00508	0.00383	0.00469	0.00448	0.00546	0.00344	0.00336	0.00663	0.01007	0.01374	0.62872	0.03017	0.25026	0.00816	0.00443	0.00120	0.00180	0.00709	0.00396	0.00344
5	0.00549	0.00422	0.00533	0.00534	0.00643	0.00362	0.00381	0.00647	0.00749	0.01050	0.04264	0.58970	0.01994	0.00920	0.00425	0.00126	0.00236	0.02954	0.00317	0.23927
6	0.24274	0.00432	0.00505	0.00490	0.00552	0.00463	0.00347	0.00652	0.00529	0.00926	0.00617	0.00999	0.00586	0.01049	0.01138	0.65421	0.00316	0.00293	0.00181	0.00228
7	0.01109	0.00490	0.00593	0.00510	0.00685	0.00459	0.00407	0.01307	0.04213	0.35642	0.01370	0.01456	0.01001	0.00474	0.00324	0.00104	0.00246	0.03457	0.45675	0.00478
8	0.00629	0.00564	0.01031	0.00863	0.01013	0.00597	0.22450	0.00811	0.00678	0.00959	0.00940	0.01351	0.00840	0.02150	0.62751	0.00476	0.00906	0.00413	0.00198	0.00380
9	0.00896	0.00828	0.01296	0.05123	0.56315	0.00794	0.00945	0.03715	0.00859	0.01251	0.00700	0.00890	0.00582	0.00325	0.00347	0.00097	0.00402	0.00305	0.00201	0.24131
10	0.01198	0.00934	0.01291	0.01604	0.44906	0.10479	0.03270	0.04417	0.00963	0.23434	0.00900	0.00991	0.00669	0.00388	0.00396	0.00113	0.02861	0.00338	0.00267	0.00582
11	0.00781	0.16474	0.15274	0.02840	0.27579	0.00841	0.04978	0.00984	0.00791	0.01080	0.01031	0.23630	0.01053	0.00559	0.00378	0.00119	0.00406	0.00501	0.00220	0.00483

[dist]
# distance from previous block
# <min> <max>
0	1

[block]
# block no. 3 follows, 73 sequences, length 24
# corresponding to MSA columns:
# 97-120
name=unknown_D
#
# <colnr> <probs for GDERKNQSTAVLIFYWHMCP>
#	G	D	E	R	K	N	Q	S	T	A	V	L	I	F	Y	W	H	M	C	P
0	0.00552	0.00388	0.01594	0.00557	0.00613	0.00349	0.01698	0.01755	0.00760	0.05848	0.02014	0.76290	0.03959	0.01095	0.00469	0.00148	0.00237	0.00991	0.00350	0.00335
1	0.79506	0.02244	0.00588	0.00515	0.00735	0.03942	0.00419	0.01084	0.00661	0.01599	0.00614	0.05601	0.00531	0.00397	0.00251	0.00117	0.00302	0.00255	0.00236	0.00403
2	0.00612	0.00380	0.00436	0.00424	0.00441	0.00375	0.00246	0.00620	0.00576	0.05603	0.01199	0.02387	0.01339	0.81803	0.01821	0.00349	0.00361	0.00536	0.00241	0.00251
3	0.06232	0.00881	0.00922	0.00780	0.01022	0.01003	0.00622	0.28402	0.52248	0.01835	0.01265	0.01191	0.00937	0.00481	0.00371	0.00122	0.00334	0.00383	0.00371	0.00597
4	0.01359	0.01017	0.01088	0.00850	0.01138	0.01132	0.00697	0.72076	0.13022	0.02255	0.00987	0.00969	0.00708	0.00458	0.00376	0.00115	0.00397	0.00350	0.00376	0.00632
5	0.00915	0.00978	0.01135	0.00982	0.01013	0.14828	0.00805	0.01000	0.00654	0.00905	0.00507	0.00797	0.00491	0.00613	0.01086	0.00153	0.72239	0.00314	0.00169	0.00414
6	0.00709	0.00667	0.01125	0.85913	0.02584	0.00834	0.01042	0.00959	0.00750	0.00959	0.00667	0.01000	0.00500	0.00375	0.00375	0.00125	0.00500	0.00333	0.00167	0.00417
7	0.00918	0.00892	0.01557	0.05207	0.75867	0.00893	0.06824	0.01148	0.00853	0.01215	0.00708	0.00937	0.00589	0.00334	0.00376	0.00113	0.00461	0.00342	0.00185	0.00582
8	0.00927	0.00897	0.01555	0.02269	0.80661	0.00894	0.04939	0.01154	0.00856	0.01225	0.00708	0.00932	0.00593	0.00333	0.00375	0.00112	0.00454	0.00339	0.00186	0.00590
9	0.00709	0.00667	0.01125	0.85913	0.02584	0.00834	0.01042	0.00959	0.00750	0.00959	0.00667	0.01000	0.00500	0.00375	0.00375	0.00125	0.00500	0.00333	0.00167	0.00417
10	0.00796	0.01765	0.74437	0.01021	0.01529	0.00824	0.01286	0.01197	0.00813	0.05948	0.00807	0.01050	0.00614	0.00408	0.00368	0.00122	0.00527	0.05753	0.00188	0.00545
11	0.07175	0.02214	0.06666	0.01017	0.06243	0.09548	0.18031	0.05281	0.06624	0.30930	0.01041	0.01919	0.00733	0.00410	0.00375	0.00117	0.00446	0.00362	0.00311	0.00557
12	0.00920	0.00894	0.01559	0.04284	0.76960	0.00894	0.06638	0.01150	0.00854	0.01218	0.00708	0.00936	0.00590	0.00334	0.00376	0.00113	0.00460	0.00342	0.00186	0.00584
13	0.00598	0.00412	0.00450	0.00426	0.00569	0.00349	0.00327	0.00705	0.00893	0.10915	0.08151	0.03301	0.68141	0.00884	0.00437	0.00126	0.00208	0.02386	0.00366	0.00357
14	0.00903	0.00865	0.01476	0.12160	0.74820	0.00885	0.01139	0.01129	0.00842	0.01194	0.00701	0.00937	0.00583	0.00339	0.00372	0.00113	0.00452	0.00334	0.00183	0.00573
15	0.00845	0.00814	0.01289	0.27199	0.44265	0.04753	0.02836	0.01067	0.00834	0.01118	0.00840	0.01330	0.00745	0.00431	0.00390	0.00122	0.00465	0.09954	0.00199	0.00502
16	0.00920	0.29852	0.42184	0.00951	0.01374	0.11033	0.06537	0.01204	0.00821	0.01057	0.00618	0.00731	0.00485	0.00346	0.00322	0.00104	0.00524	0.00259	0.00165	0.00513
17	0.00516	0.00455	0.00624	0.00543	0.00691	0.00400	0.10066	0.00656	0.00906	0.01149	0.21938	0.03119	0.55882	0.00833	0.00443	0.00125	0.00239	0.00725	0.00345	0.00348
18	0.01012	0.00850	0.01424	0.05844	0.70451	0.00847	0.01072	0.01227	0.00877	0.11569	0.00800	0.00975	0.00632	0.00352	0.00372	0.00113	0.00432	0.00340	0.00219	0.00592
19	0.00702	0.00653	0.01099	0.66616	0.09996	0.00779	0.02339	0.00929	0.00758	0.00988	0.00837	0.11082	0.00744	0.00465	0.00388	0.00127	0.00464	0.00422	0.00190	0.00422
20	0.84443	0.00786	0.00581	0.00520	0.00750	0.05658	0.00424	0.01125	0.00663	0.01640	0.00526	0.00613	0.00411	0.00350	0.00238	0.00115	0.00312	0.00205	0.00230	0.00408
21	0.00703	0.00564	0.00746	0.00824	0.14436	0.00547	0.02768	0.00967	0.11691	0.06808	0.15318	0.02471	0.37481	0.00707	0.00435	0.00123	0.02036	0.00604	0.00336	0.00433
22	0.00717	0.00667	0.01084	0.75850	0.02384	0.00794	0.00971	0.00957	0.00753	0.00990	0.00667	0.00974	0.00507	0.00364	0.00364	0.00117	0.00474	0.00320	0.00173	0.10873
23	0.00905	0.27848	0.49734	0.00927	0.01368	0.11013	0.01081	0.01205	0.00815	0.01063	0.00616	0.00721	0.00478	0.00349	0.00319	0.00104	0.00522	0.00250	0.00163	0.00518

[dist]
# distance from previous block
# <min> <max>
0	4

[block]
# block no. 4 follows, 73 sequences, length 88
# corresponding to MSA columns:
# 125-200,266-277
name=unknown_E
#
# <colnr> <probs for GDERKNQSTAVLIFYWHMCP>
#	G	D	E	R	K	N	Q	S	T	A	V	L	I	F	Y	W	H	M	C	P
0	0.03284	0.06436	0.30308	0.01112	0.01491	0.02729	0.28060	0.03269	0.03596	0.03993	0.00913	0.04311	0.00767	0.00442	0.00395	0.00124	0.00516	0.07529	0.00218	0.00506
1	0.02324	0.78198	0.01862	0.00661	0.00973	0.05105	0.00642	0.02907	0.02755	0.00944	0.00556	0.00630	0.00499	0.00331	0.00251	0.00083	0.00409	0.00211	0.00173	0.00484
2	0.00801	0.00715	0.04024	0.00578	0.00919	0.00516	0.00484	0.00977	0.00786	0.03408	0.00688	0.00792	0.00562	0.00286	0.00283	0.00060	0.00290	0.00228	0.00226	0.83377
3	0.00546	0.00364	0.00409	0.00409	0.00409	0.00364	0.00227	0.00546	0.00546	0.00727	0.01182	0.02455	0.01364	0.86815	0.01910	0.00364	0.00364	0.00546	0.00227	0.00227
4	0.00762	0.05223	0.81674	0.01053	0.01598	0.00895	0.01357	0.01186	0.00791	0.01176	0.00667	0.00785	0.00475	0.00355	0.00352	0.00117	0.00549	0.00274	0.00158	0.00552
5	0.01574	0.00432	0.00536	0.00560	0.00643	0.00420	0.00399	0.04744	0.06755	0.08843	0.02018	0.61992	0.07613	0.01003	0.00453	0.00143	0.00241	0.00894	0.00362	0.00374
6	0.00546	0.00364	0.00409	0.00409	0.00409	0.00364	0.00227	0.00546	0.00546	0.00727	0.01182	0.02455	0.01364	0.86815	0.01910	0.00364	0.00364	0.00546	0.00227	0.00227
7	0.00499	0.00380	0.00450	0.00436	0.00537	0.00338	0.00326	0.00641	0.00967	0.01299	0.49458	0.05781	0.34017	0.00843	0.00440	0.00122	0.00183	0.00727	0.02218	0.00338
8	0.06505	0.01007	0.01032	0.00824	0.01098	0.04337	0.00670	0.58379	0.17705	0.03106	0.00996	0.00977	0.00721	0.00454	0.00367	0.00115	0.00392	0.00344	0.00362	0.00608
9	0.00782	0.00722	0.00654	0.00636	0.00745	0.18075	0.00466	0.05843	0.05427	0.02997	0.22405	0.34331	0.03811	0.00809	0.00426	0.00127	0.00320	0.00699	0.00338	0.00387
10	0.00961	0.00943	0.01368	0.01083	0.01313	0.07258	0.27653	0.01490	0.31942	0.04485	0.01012	0.01107	0.00779	0.00462	0.00555	0.00131	0.16271	0.00397	0.00268	0.00521
11	0.01182	0.29767	0.04664	0.00907	0.02129	0.40731	0.04867	0.04895	0.00945	0.00997	0.00584	0.00694	0.00495	0.00378	0.00365	0.00098	0.05399	0.00250	0.00187	0.00468
12	0.00447	0.00380	0.00384	0.00383	0.00509	0.00318	0.00288	0.00545	0.00863	0.01031	0.06733	0.03581	0.81379	0.00943	0.00443	0.00126	0.00190	0.00788	0.00351	0.00318
13	0.00709	0.00667	0.01125	0.85913	0.02584	0.00834	0.01042	0.00959	0.00750	0.00959	0.00667	0.01000	0.00500	0.00375	0.00375	0.00125	0.00500	0.00333	0.00167	0.00417
14	0.00536	0.00402	0.00603	0.00603	0.00670	0.00469	0.00469	0.00670	0.00603	0.00871	0.01005	0.01474	0.00938	0.02814	0.85328	0.00603	0.01005	0.00402	0.00201	0.00335
15	0.00737	0.00522	0.00604	0.00554	0.00690	0.00544	0.00424	0.01188	0.26831	0.05504	0.41827	0.02078	0.02275	0.00622	0.00393	0.00116	0.00221	0.00535	0.13893	0.00442
16	0.00536	0.00401	0.00597	0.00597	0.00662	0.00466	0.00461	0.00666	0.00601	0.00866	0.01010	0.01504	0.00951	0.05422	0.82738	0.00596	0.00985	0.00406	0.00202	0.00332
17	0.00536	0.00401	0.00596	0.00596	0.00660	0.00465	0.00460	0.00665	0.00601	0.00866	0.01012	0.01511	0.00954	0.05954	0.82209	0.00594	0.00981	0.00407	0.00202	0.00331
18	0.00929	0.00891	0.01523	0.02303	0.84475	0.00891	0.01151	0.01151	0.00854	0.01226	0.00706	0.00929	0.00594	0.00334	0.00371	0.00111	0.00446	0.00334	0.00186	0.00594
19	0.00810	0.21450	0.65865	0.00971	0.01472	0.01012	0.01216	0.01173	0.00785	0.01118	0.00639	0.00748	0.00477	0.00348	0.00330	0.00110	0.00519	0.00260	0.00159	0.00538
20	0.01035	0.00856	0.00905	0.00784	0.01014	0.00981	0.00618	0.18698	0.66927	0.01733	0.01398	0.01297	0.01041	0.00497	0.00380	0.00124	0.00321	0.00406	0.00380	0.00603
21	0.00837	0.13532	0.48571	0.00946	0.01351	0.00958	0.02506	0.01138	0.00765	0.04188	0.00655	0.00790	0.00504	0.00394	0.00470	0.00115	0.13683	0.00276	0.00177	0.08143
22	0.00933	0.00904	0.01509	0.03571	0.81759	0.02360	0.01142	0.01154	0.00856	0.01216	0.00703	0.00925	0.00591	0.00336	0.00371	0.00111	0.00451	0.00333	0.00186	0.00589
23	0.00449	0.00380	0.00387	0.00385	0.00510	0.00319	0.00289	0.00548	0.00867	0.01042	0.08514	0.03563	0.79591	0.00939	0.00443	0.00126	0.00189	0.00785	0.00352	0.00319
24	0.00457	0.00326	0.00435	0.00522	0.00544	0.00305	0.00348	0.00522	0.00718	0.00958	0.02068	0.86570	0.02481	0.01175	0.00479	0.00152	0.00218	0.01067	0.00348	0.00305
25	0.89465	0.00726	0.00551	0.00493	0.00726	0.00842	0.00406	0.01103	0.00638	0.01683	0.00522	0.00609	0.00406	0.00348	0.00232	0.00116	0.00290	0.00203	0.00232	0.00406
26	0.01213	0.01500	0.01404	0.04323	0.01444	0.55778	0.24847	0.01379	0.00990	0.01002	0.00634	0.00790	0.00509	0.00371	0.00388	0.00108	0.02369	0.00306	0.00191	0.00455
27	0.00933	0.00806	0.00848	0.00764	0.00976	0.00933	0.00594	0.01994	0.83797	0.01569	0.01527	0.01400	0.01145	0.00509	0.00382	0.00127	0.00297	0.00424	0.00382	0.00594
28	0.00539	0.00391	0.00549	0.00549	0.00597	0.00440	0.00402	0.00635	0.00587	0.00831	0.01054	0.01747	0.01056	0.26169	0.62135	0.00536	0.00827	0.00442	0.00208	0.00305
29	0.82835	0.00811	0.03822	0.00533	0.00776	0.03920	0.00456	0.01121	0.00660	0.01636	0.00530	0.00619	0.00412	0.00350	0.00241	0.00115	0.00314	0.00207	0.00228	0.00413
30	0.00605	0.00432	0.00605	0.00691	0.00777	0.00432	0.00605	0.00777	0.00864	0.01123	0.01986	0.04232	0.02159	0.01036	0.00518	0.00173	0.00345	0.81949	0.00345	0.00345
31	0.00657	0.00351	0.00387	0.00404	0.00479	0.00343	0.00293	0.00803	0.00781	0.03268	0.02934	0.23487	0.01401	0.00635	0.00324	0.00105	0.00189	0.00542	0.62271	0.00345
32	0.00474	0.00381	0.00423	0.00413	0.00526	0.00330	0.00309	0.00598	0.00928	0.01187	0.32197	0.03325	0.55818	0.00886	0.00443	0.00124	0.00185	0.00752	0.00371	0.00330
33	0.00457	0.00326	0.00435	0.00522	0.00544	0.00305	0.00348	0.00522	0.00718	0.00958	0.02068	0.86570	0.02481	0.01175	0.00479	0.00152	0.00218	0.01067	0.00348	0.00305
34	0.00886	0.01012	0.02214	0.01581	0.01961	0.00949	0.83112	0.01202	0.00886	0.01202	0.00759	0.01012	0.00569	0.00316	0.00443	0.00127	0.00633	0.00443	0.00190	0.00506
35	0.01003	0.87041	0.01966	0.00642	0.00963	0.01485	0.00642	0.01123	0.00762	0.00883	0.00522	0.00602	0.00481	0.00321	0.00241	0.00080	0.00401	0.00201	0.00160	0.00481
36	0.00545	0.00365	0.00416	0.00416	0.00419	0.00368	0.00236	0.00550	0.00548	0.00733	0.01176	0.02419	0.01348	0.83715	0.04988	0.00373	0.00387	0.00540	0.00226	0.00231
37	0.00768	0.01937	0.82879	0.01067	0.01613	0.02879	0.01370	0.01196	0.00799	0.01182	0.00671	0.00789	0.00475	0.00357	0.00356	0.00118	0.00557	0.00276	0.00159	0.00552
38	0.03695	0.00660	0.00876	0.00673	0.00962	0.00587	0.00556	0.05716	0.01097	0.78868	0.01430	0.01244	0.00903	0.00461	0.00374	0.00116	0.00323	0.00371	0.00455	0.00633
39	0.00465	0.00362	0.00423	0.00456	0.00536	0.00320	0.00328	0.00561	0.00828	0.01056	0.12882	0.35262	0.40531	0.01017	0.00459	0.00137	0.00204	0.03500	0.00356	0.00318
40	0.00933	0.00806	0.00848	0.00764	0.00976	0.00933	0.00594	0.01994	0.83797	0.01569	0.01527	0.01400	0.01145	0.00509	0.00382	0.00127	0.00297	0.00424	0.00382	0.00594
41	0.00778	0.00667	0.00778	0.00556	0.00889	0.00500	0.00445	0.00945	0.00778	0.01223	0.00667	0.00778	0.00556	0.00278	0.00278	0.00056	0.00278	0.00222	0.00222	0.89108
42	0.01402	0.01771	0.01065	0.00964	0.01160	0.83308	0.00725	0.03441	0.01080	0.00953	0.00588	0.00682	0.00487	0.00388	0.00339	0.00097	0.00670	0.00244	0.00198	0.00440
43	0.00480	0.00358	0.00451	0.00518	0.00568	0.00335	0.00364	0.00588	0.03224	0.00998	0.02341	0.63623	0.16360	0.01107	0.00473	0.00149	0.00225	0.07169	0.00349	0.00318
44	0.00457	0.00326	0.00435	0.00522	0.00544	0.00305	0.00348	0.00522	0.00718	0.00958	0.02068	0.86570	0.02481	0.01175	0.00479	0.00152	0.00218	0.01067	0.00348	0.00305
45	0.01683	0.00638	0.00871	0.00668	0.00958	0.00551	0.00551	0.01828	0.01074	0.84734	0.01480	0.01277	0.00929	0.00464	0.00377	0.00116	0.00319	0.00377	0.00464	0.00638
46	0.00722	0.00687	0.01179	0.80272	0.04900	0.00840	0.04210	0.00973	0.00758	0.00976	0.00671	0.00999	0.00505	0.00372	0.00378	0.00125	0.00504	0.00338	0.00168	0.00425
47	0.00933	0.00806	0.00848	0.00764	0.00976	0.00933	0.00594	0.01994	0.83797	0.01569	0.01527	0.01400	0.01145	0.00509	0.00382	0.00127	0.00297	0.00424	0.00382	0.00594
48	0.00455	0.00381	0.00397	0.00398	0.00519	0.00323	0.00300	0.00559	0.00871	0.01057	0.10567	0.04649	0.74271	0.00940	0.00446	0.00127	0.00193	0.02873	0.00354	0.00320
49	0.00752	0.01941	0.84871	0.01069	0.01624	0.00871	0.01386	0.01188	0.00792	0.01188	0.00673	0.00792	0.00475	0.00356	0.00356	0.00119	0.00554	0.00277	0.00158	0.00554
50	0.00933	0.00806	0.00848	0.00764	0.00976	0.00933	0.00594	0.01994	0.83797	0.01569	0.01527	0.01400	0.01145	0.00509	0.00382	0.00127	0.00297	0.00424	0.00382	0.00594
51	0.00531	0.00383	0.00501	0.00472	0.00560	0.00354	0.00354	0.00708	0.01062	0.01504	0.84277	0.02802	0.03540	0.00767	0.00442	0.00118	0.00177	0.00678	0.00413	0.00354
52	0.00761	0.01886	0.80536	0.01070	0.01610	0.00875	0.02998	0.01214	0.03440	0.01201	0.00702	0.00816	0.00498	0.00361	0.00359	0.00119	0.00548	0.00285	0.00166	0.00555
53	0.89465	0.00726	0.00551	0.00493	0.00726	0.00842	0.00406	0.01103	0.00638	0.01683	0.00522	0.00609	0.00406	0.00348	0.00232	0.00116	0.00290	0.00203	0.00232	0.00406
54	0.89465	0.00726	0.00551	0.00493	0.00726	0.00842	0.00406	0.01103	0.00638	0.01683	0.00522	0.00609	0.00406	0.00348	0.00232	0.00116	0.00290	0.00203	0.00232	0.00406
55	0.89465	0.00726	0.00551	0.00493	0.00726	0.00842	0.00406	0.01103	0.00638	0.01683	0.00522	0.00609	0.00406	0.00348	0.00232	0.00116	0.00290	0.00203	0.00232	0.00406
56	0.00480	0.00372	0.00441	0.00486	0.00560	0.00341	0.00349	0.00601	0.03651	0.01026	0.04962	0.43902	0.34024	0.01045	0.00463	0.00142	0.00217	0.06262	0.00351	0.00323
57	0.00518	0.00382	0.00484	0.00460	0.00553	0.00348	0.00345	0.00683	0.01029	0.01431	0.72290	0.03989	0.14497	0.00797	0.00443	0.00120	0.00179	0.00699	0.00403	0.00348
58	0.00503	0.00378	0.00466	0.00453	0.00546	0.00341	0.00336	0.00651	0.00984	0.01340	0.57891	0.09377	0.23668	0.00844	0.00445	0.00123	0.00183	0.00736	0.00392	0.00341
59	0.00472	0.00347	0.00429	0.00492	0.00545	0.00317	0.00345	0.00555	0.00763	0.00998	0.02457	0.58037	0.22481	0.01085	0.00465	0.00145	0.00217	0.05965	0.03574	0.00312
60	0.00471	0.00338	0.00450	0.00535	0.00565	0.00317	0.00371	0.00547	0.00735	0.00974	0.02097	0.77025	0.04200	0.01157	0.00482	0.00154	0.00229	0.08695	0.00348	0.00309
61	0.00459	0.00327	0.00435	0.00520	0.00541	0.00306	0.00345	0.00523	0.00714	0.00952	0.02047	0.84585	0.02455	0.03197	0.00513	0.00157	0.00221	0.01054	0.00345	0.00303
62	0.00945	0.00948	0.01549	0.03424	0.68990	0.05599	0.08921	0.01167	0.00861	0.01195	0.00699	0.00921	0.00582	0.00343	0.00394	0.00113	0.02251	0.00339	0.00186	0.00570
63	0.36075	0.00897	0.00822	0.00725	0.02660	0.06615	0.00567	0.20022	0.25036	0.01744	0.00907	0.00916	0.00682	0.00420	0.00318	0.00117	0.00349	0.00303	0.00304	0.00519
64	0.00598	0.00428	0.00596	0.00681	0.00766	0.00426	0.00592	0.00766	0.00859	0.01116	0.02015	0.06873	0.03323	0.01040	0.00516	0.00171	0.00339	0.78208	0.00346	0.00344
65	0.01225	0.01107	0.03058	0.01033	0.11496	0.16529	0.00748	0.31514	0.22917	0.05025	0.00999	0.01006	0.00745	0.00438	0.00369	0.00114	0.00435	0.00342	0.00318	0.00582
66	0.01425	0.01096	0.01122	0.00870	0.01163	0.06296	0.00714	0.78239	0.01721	0.02276	0.00881	0.00887	0.00629	0.00446	0.00373	0.00112	0.00429	0.00332	0.00364	0.00626
67	0.00459	0.00328	0.00437	0.00521	0.00544	0.00306	0.00348	0.00526	0.00725	0.00969	0.03691	0.84916	0.02502	0.01167	0.00478	0.00152	0.00217	0.01059	0.00350	0.00306
68	0.00881	0.00843	0.01437	0.20412	0.66737	0.00879	0.01128	0.01110	0.00832	0.01168	0.00697	0.00944	0.00574	0.00343	0.00372	0.00114	0.00457	0.00334	0.00182	0.00556
69	0.00881	0.01046	0.05225	0.01563	0.01949	0.00946	0.80134	0.01201	0.00882	0.01201	0.00756	0.01004	0.00566	0.00318	0.00440	0.00126	0.00630	0.00437	0.00189	0.00508
70	0.00457	0.00326	0.00435	0.00522	0.00544	0.00305	0.00348	0.00522	0.00718	0.00958	0.02068	0.86570	0.02481	0.01175	0.00479	0.00152	0.00218	0.01067	0.00348	0.00305
71	0.00547	0.00418	0.00623	0.00617	0.00682	0.00494	0.00482	0.00679	0.00602	0.00872	0.00986	0.01449	0.00921	0.02733	0.82184	0.00587	0.04187	0.00399	0.00200	0.00338
72	0.01065	0.00888	0.00899	0.00784	0.01010	0.05963	0.00615	0.12710	0.63732	0.05942	0.01385	0.01284	0.01028	0.00492	0.00378	0.00123	0.00336	0.00399	0.00374	0.00593
73	0.00552	0.00394	0.00544	0.00631	0.00694	0.00386	0.00513	0.00686	0.00812	0.01064	0.02016	0.33637	0.02274	0.01086	0.00504	0.00165	0.00300	0.53064	0.00346	0.00331
74	0.03610	0.00910	0.00969	0.00798	0.01054	0.01022	0.00642	0.39278	0.40784	0.05007	0.01210	0.01144	0.00884	0.00476	0.00375	0.00120	0.00351	0.00377	0.00378	0.00611
75	0.00605	0.00432	0.00605	0.00691	0.00777	0.00432	0.00605	0.00777	0.00864	0.01123	0.01986	0.04232	0.02159	0.01036	0.00518	0.00173	0.00345	0.81949	0.00345	0.00345
76	0.01003	0.87041	0.01966	0.00642	0.00963	0.01485	0.00642	0.01123	0.00762	0.00883	0.00522	0.00602	0.00481	0.00321	0.00241	0.00080	0.00401	0.00201	0.00160	0.00481
77	0.00523	0.00387	0.00467	0.00444	0.00550	0.00345	0.00334	0.00671	0.00992	0.02884	0.55398	0.03049	0.30936	0.00824	0.00442	0.00121	0.00184	0.00711	0.00392	0.00347
78	0.00821	0.00821	0.01149	0.00985	0.00985	0.01149	0.00821	0.00903	0.00575	0.00903	0.00492	0.00821	0.00492	0.00657	0.01231	0.00164	0.86128	0.00328	0.00164	0.00410
79	0.01376	0.01041	0.03811	0.03251	0.04331	0.02673	0.02500	0.65083	0.01581	0.09188	0.00920	0.00931	0.00648	0.00438	0.00375	0.00113	0.00423	0.00339	0.00356	0.00621
80	0.00732	0.00702	0.01131	0.82035	0.04067	0.03146	0.01035	0.00977	0.00761	0.00962	0.00665	0.00990	0.00501	0.00375	0.00374	0.00124	0.00504	0.00331	0.00168	0.00421
81	0.00536	0.00402	0.00603	0.00603	0.00670	0.00469	0.00469	0.00670	0.00603	0.00871	0.01005	0.01474	0.00938	0.02814	0.85328	0.00603	0.01005	0.00402	0.00201	0.00335
82	0.00709	0.00667	0.01125	0.85913	0.02584	0.00834	0.01042	0.00959	0.00750	0.00959	0.00667	0.01000	0.00500	0.00375	0.00375	0.00125	0.00500	0.00333	0.00167	0.00417
83	0.00984	0.00831	0.00877	0.00774	0.00995	0.00957	0.00606	0.10308	0.75400	0.01651	0.01463	0.01349	0.01093	0.00503	0.00381	0.00126	0.00309	0.00415	0.00381	0.00598
84	0.00909	0.04917	0.64486	0.01009	0.01496	0.04920	0.01214	0.11228	0.00933	0.04431	0.00721	0.00811	0.00513	0.00372	0.00354	0.00115	0.00529	0.00284	0.00198	0.00559
85	0.01591	0.00694	0.00897	0.00699	0.00981	0.00644	0.00578	0.13582	0.02934	0.67981	0.01416	0.01333	0.00936	0.00484	0.00382	0.00118	0.00333	0.03344	0.00445	0.00627
86	0.04278	0.00813	0.01103	0.02639	0.01024	0.01080	0.02522	0.07957	0.03802	0.01088	0.00606	0.00887	0.00554	0.00735	0.05979	0.00181	0.63788	0.00335	0.00196	0.00434
87	0.12768	0.50237	0.01615	0.00759	0.01053	0.08194	0.08328	0.05846	0.02703	0.03034	0.00614	0.00701	0.00514	0.00350	0.00298	0.00096	0.01960	0.00246	0.00200	0.00484

[dist]
# distance from previous block
# <min> <max>
0	1

[block]
# block no. 5 follows, 73 sequences, length 31
# corresponding to MSA columns:
# 279-309
name=unknown_F
#
# <colnr> <probs for GDERKNQSTAVLIFYWHMCP>
#	G	D	E	R	K	N	Q	S	T	A	V	L	I	F	Y	W	H	M	C	P
0	0.01036	0.69948	0.04079	0.00671	0.00981	0.03427	0.00652	0.06918	0.02050	0.03203	0.00617	0.00725	0.00545	0.03410	0.00321	0.00096	0.00408	0.00234	0.00190	0.00490
1	0.00562	0.00423	0.00535	0.00488	0.00607	0.00378	0.00367	0.00743	0.02404	0.01420	0.64622	0.07810	0.05527	0.00732	0.00423	0.00113	0.00195	0.00644	0.00382	0.11625
2	0.00601	0.00461	0.00603	0.00541	0.00659	0.00444	0.03318	0.04159	0.06586	0.01500	0.67026	0.02622	0.08551	0.00733	0.00436	0.00119	0.00212	0.00647	0.00397	0.00384
3	0.05192	0.00654	0.00858	0.00658	0.00949	0.00575	0.00543	0.03736	0.01054	0.73956	0.01375	0.01208	0.00876	0.00447	0.00365	0.00112	0.00318	0.00359	0.00437	0.06327
4	0.00709	0.00667	0.01125	0.85913	0.02584	0.00834	0.01042	0.00959	0.00750	0.00959	0.00667	0.01000	0.00500	0.00375	0.00375	0.00125	0.00500	0.00333	0.00167	0.00417
5	0.00546	0.00364	0.00409	0.00409	0.00409	0.00364	0.00227	0.00546	0.00546	0.00727	0.01182	0.02455	0.01364	0.86815	0.01910	0.00364	0.00364	0.00546	0.00227	0.00227
6	0.01401	0.01788	0.01063	0.00967	0.01160	0.85309	0.00725	0.01498	0.01063	0.00918	0.00580	0.00677	0.00483	0.00387	0.00338	0.00097	0.00677	0.00242	0.00193	0.00435
7	0.03605	0.01902	0.82160	0.01051	0.01595	0.00870	0.01355	0.01185	0.00787	0.01204	0.00668	0.00786	0.00473	0.00356	0.00352	0.00119	0.00546	0.00275	0.00161	0.00550
8	0.00709	0.00667	0.01125	0.85913	0.02584	0.00834	0.01042	0.00959	0.00750	0.00959	0.00667	0.01000	0.00500	0.00375	0.00375	0.00125	0.00500	0.00333	0.00167	0.00417
9	0.00546	0.00364	0.00409	0.00409	0.00409	0.00364	0.00227	0.00546	0.00546	0.00727	0.01182	0.02455	0.01364	0.86815	0.01910	0.00364	0.00364	0.00546	0.00227	0.00227
10	0.00447	0.00365	0.00396	0.00421	0.00517	0.00313	0.00303	0.00534	0.00816	0.00998	0.03306	0.27304	0.60948	0.01014	0.00454	0.00134	0.00198	0.00870	0.00348	0.00313
11	0.00457	0.00326	0.00435	0.00522	0.00544	0.00305	0.00348	0.00522	0.00718	0.00958	0.02068	0.86570	0.02481	0.01175	0.00479	0.00152	0.00218	0.01067	0.00348	0.00305
12	0.01426	0.01051	0.01126	0.00863	0.01163	0.01163	0.00713	0.83224	0.01764	0.02364	0.00901	0.00901	0.00638	0.00450	0.00375	0.00113	0.00413	0.00338	0.00375	0.00638
13	0.00457	0.00326	0.00435	0.00522	0.00544	0.00305	0.00348	0.00522	0.00718	0.00958	0.02068	0.86570	0.02481	0.01175	0.00479	0.00152	0.00218	0.01067	0.00348	0.00305
14	0.80662	0.00761	0.00616	0.00577	0.03529	0.02633	0.00449	0.03398	0.00694	0.03154	0.00557	0.00641	0.00430	0.00354	0.00246	0.00115	0.00307	0.00215	0.00238	0.00424
15	0.07389	0.06788	0.01107	0.03032	0.04692	0.03303	0.00682	0.46556	0.01351	0.11862	0.00868	0.00893	0.00627	0.00423	0.00377	0.00109	0.03151	0.00314	0.00327	0.06151
16	0.00860	0.00700	0.00527	0.00503	0.00611	0.20979	0.00372	0.01005	0.00839	0.01240	0.01065	0.01290	0.00871	0.05853	0.00384	0.00107	0.00309	0.00336	0.61788	0.00363
17	0.00968	0.13789	0.32659	0.02760	0.04109	0.03718	0.08166	0.07231	0.00902	0.09093	0.00748	0.00841	0.00555	0.00355	0.00340	0.00104	0.00468	0.00289	0.00217	0.12688
18	0.01260	0.18830	0.01287	0.00854	0.01125	0.21196	0.04037	0.31455	0.11216	0.03954	0.00833	0.00862	0.00636	0.00411	0.00342	0.00105	0.00465	0.00303	0.00284	0.00547
19	0.00707	0.00365	0.00366	0.00364	0.00455	0.00369	0.00273	0.00912	0.03576	0.01404	0.01234	0.01399	0.00968	0.00440	0.00266	0.00089	0.00179	0.00352	0.85924	0.00358
20	0.00457	0.00326	0.00435	0.00522	0.00544	0.00305	0.00348	0.00522	0.00718	0.00958	0.02068	0.86570	0.02481	0.01175	0.00479	0.00152	0.00218	0.01067	0.00348	0.00305
21	0.00525	0.00379	0.00488	0.00469	0.00548	0.00351	0.00344	0.00682	0.01003	0.01409	0.71850	0.07934	0.05459	0.06261	0.00538	0.00136	0.00192	0.00697	0.00396	0.00342
22	0.00487	0.00365	0.00451	0.00466	0.00542	0.00330	0.00335	0.00609	0.00904	0.01214	0.38991	0.29276	0.22779	0.00939	0.00454	0.00131	0.00193	0.00828	0.00377	0.00330
23	0.01003	0.87041	0.01966	0.00642	0.00963	0.01485	0.00642	0.01123	0.00762	0.00883	0.00522	0.00602	0.00481	0.00321	0.00241	0.00080	0.00401	0.00201	0.00160	0.00481
24	0.01014	0.84847	0.01945	0.00648	0.00968	0.01476	0.00644	0.03218	0.00788	0.00920	0.00531	0.00609	0.00485	0.00324	0.00244	0.00081	0.00402	0.00204	0.00166	0.00485
25	0.00752	0.01941	0.84871	0.01069	0.01624	0.00871	0.01386	0.01188	0.00792	0.01188	0.00673	0.00792	0.00475	0.00356	0.00356	0.00119	0.00554	0.00277	0.00158	0.00554
26	0.00470	0.00336	0.00450	0.00537	0.00564	0.00316	0.00370	0.00544	0.00731	0.00972	0.02061	0.79474	0.02454	0.01163	0.00482	0.00154	0.00229	0.08037	0.00348	0.00308
27	0.01401	0.01788	0.01063	0.00967	0.01160	0.85309	0.00725	0.01498	0.01063	0.00918	0.00580	0.00677	0.00483	0.00387	0.00338	0.00097	0.00677	0.00242	0.00193	0.00435
28	0.00531	0.00383	0.00501	0.00472	0.00560	0.00354	0.00354	0.00708	0.01062	0.01504	0.84277	0.02802	0.03540	0.00767	0.00442	0.00118	0.00177	0.00678	0.00413	0.00354
29	0.00457	0.00326	0.00435	0.00522	0.00544	0.00305	0.00348	0.00522	0.00718	0.00958	0.02068	0.86570	0.02481	0.01175	0.00479	0.00152	0.00218	0.01067	0.00348	0.00305
30	0.00799	0.00680	0.00790	0.00566	0.00898	0.00522	0.00453	0.03674	0.00811	0.01260	0.00675	0.00782	0.00558	0.00284	0.00281	0.00057	0.00282	0.00226	0.00227	0.86174

[dist]
# distance from previous block
# <min> <max>
0	1

[block]
# block no. 6 follows, 73 sequences, length 14
# corresponding to MSA columns:
# 311-324
name=unknown_G
#
# <colnr> <probs for GDERKNQSTAVLIFYWHMCP>
#	G	D	E	R	K	N	Q	S	T	A	V	L	I	F	Y	W	H	M	C	P
0	0.00452	0.00374	0.00396	0.00404	0.00515	0.00318	0.00298	0.00550	0.00855	0.01045	0.09838	0.13562	0.68173	0.00963	0.00448	0.00129	0.00192	0.00816	0.00353	0.00318
1	0.01426	0.01051	0.01126	0.00863	0.01163	0.01163	0.00713	0.83224	0.01764	0.02364	0.00901	0.00901	0.00638	0.00450	0.00375	0.00113	0.00413	0.00338	0.00375	0.00638
2	0.48305	0.02976	0.02898	0.09656	0.12098	0.03525	0.02301	0.01209	0.03086	0.09814	0.00696	0.00796	0.00523	0.00365	0.00295	0.00115	0.00364	0.00265	0.00241	0.00469
3	0.73315	0.00710	0.00610	0.00525	0.00768	0.00788	0.00433	0.01236	0.00719	0.16963	0.00699	0.00732	0.00502	0.00370	0.00259	0.00116	0.00296	0.00235	0.00275	0.00449
4	0.00924	0.00901	0.01470	0.10088	0.73962	0.03766	0.01127	0.01145	0.00852	0.01190	0.00698	0.00927	0.00582	0.00340	0.00371	0.00112	0.00459	0.00331	0.00184	0.00572
5	0.05129	0.32610	0.03083	0.00886	0.05898	0.28403	0.00715	0.04553	0.02314	0.03413	0.00619	0.00727	0.00524	0.00426	0.01716	0.00108	0.07951	0.00252	0.00198	0.00475
6	0.00502	0.00382	0.00461	0.00441	0.00543	0.00342	0.00331	0.00651	0.00993	0.01341	0.57403	0.03072	0.30516	0.00828	0.00443	0.00121	0.00181	0.00716	0.00391	0.00342
7	0.00856	0.00846	0.05865	0.05677	0.42469	0.00796	0.08495	0.01184	0.10155	0.03464	0.15174	0.01316	0.01157	0.00433	0.00391	0.00117	0.00405	0.00411	0.00252	0.00535
8	0.00944	0.00731	0.05080	0.02118	0.02245	0.00564	0.07852	0.01128	0.00850	0.18223	0.01030	0.04902	0.04066	0.00393	0.00335	0.00087	0.00331	0.00341	0.00275	0.48505
9	0.00546	0.00409	0.00537	0.00624	0.04749	0.00396	0.00411	0.05894	0.00807	0.01078	0.04266	0.66478	0.07648	0.01110	0.03008	0.00159	0.00262	0.00935	0.00339	0.00344
10	0.00861	0.04434	0.10972	0.00878	0.08578	0.00689	0.07407	0.04929	0.00849	0.03418	0.00705	0.00824	0.00561	0.00310	0.00315	0.00079	0.00367	0.00265	0.00220	0.53341
11	0.00848	0.07157	0.12649	0.03723	0.05162	0.00658	0.00653	0.01047	0.00802	0.07511	0.00839	0.03306	0.02788	0.00360	0.00325	0.00082	0.01525	0.00289	0.00229	0.50048
12	0.04421	0.05699	0.06858	0.02372	0.16139	0.00703	0.00671	0.03123	0.07053	0.07658	0.06492	0.04718	0.02841	0.00422	0.00339	0.00096	0.00336	0.00355	0.00262	0.29439
13	0.00982	0.37973	0.12332	0.02741	0.03680	0.02975	0.07496	0.09819	0.04455	0.02872	0.00724	0.03133	0.00606	0.00382	0.00338	0.00100	0.02619	0.00294	0.00212	0.06266

[dist]
# distance from previous block
# <min> <max>
2	21

[block]
# block no. 7 follows, 73 sequences, length 118
# corresponding to MSA columns:
# 348-356,359-467
name=unknown_H
#
# <colnr> <probs for GDERKNQSTAVLIFYWHMCP>
#	G	D	E	R	K	N	Q	S	T	A	V	L	I	F	Y	W	H	M	C	P
0	0.00999	0.01989	0.19627	0.02850	0.10141	0.03582	0.29847	0.03136	0.02156	0.15186	0.03492	0.01129	0.02433	0.00395	0.00397	0.00120	0.00505	0.01232	0.00247	0.00538
1	0.00878	0.00907	0.10489	0.08180	0.25293	0.02395	0.10895	0.05556	0.06699	0.06211	0.03379	0.06146	0.08841	0.00495	0.00397	0.00121	0.00424	0.01925	0.00256	0.00513
2	0.00821	0.01818	0.71684	0.01105	0.02839	0.04387	0.06538	0.02784	0.00834	0.02778	0.00695	0.00815	0.00495	0.00359	0.00362	0.00118	0.00556	0.00290	0.00172	0.00550
3	0.00456	0.00330	0.00432	0.00514	0.00542	0.00305	0.00344	0.00523	0.00727	0.00961	0.02173	0.81532	0.07452	0.01162	0.00477	0.00151	0.00216	0.01050	0.00348	0.00305
4	0.01010	0.12130	0.19602	0.05727	0.24889	0.02994	0.09260	0.01257	0.00869	0.15164	0.00886	0.00992	0.02797	0.00377	0.00361	0.00112	0.00463	0.00333	0.00227	0.00549
5	0.06412	0.11345	0.48661	0.00950	0.03998	0.03432	0.01056	0.05081	0.02388	0.09214	0.00820	0.00889	0.02518	0.00387	0.00350	0.00114	0.01340	0.00292	0.00213	0.00540
6	0.00477	0.00359	0.00445	0.00504	0.00564	0.00330	0.00361	0.00577	0.01874	0.01013	0.04858	0.52927	0.23971	0.01082	0.00471	0.00146	0.00223	0.09151	0.00350	0.00317
7	0.00921	0.00892	0.01506	0.07260	0.76943	0.01969	0.02709	0.01145	0.00851	0.01205	0.00703	0.00931	0.00587	0.00337	0.00373	0.00112	0.00455	0.00335	0.00185	0.00580
8	0.00915	0.26906	0.43365	0.03251	0.01403	0.01032	0.06498	0.02267	0.01672	0.07567	0.01460	0.00819	0.00556	0.00359	0.00331	0.00108	0.00487	0.00281	0.00192	0.00532
9	0.01243	0.06445	0.12009	0.00959	0.04660	0.03435	0.04499	0.52118	0.04205	0.03931	0.00879	0.00952	0.00649	0.00430	0.00369	0.00113	0.00442	0.01750	0.00315	0.00598
10	0.00503	0.00386	0.00474	0.00541	0.00579	0.03114	0.00374	0.00586	0.00762	0.01009	0.09493	0.70059	0.02443	0.01170	0.03713	0.00165	0.00263	0.03707	0.00343	0.00316
11	0.04625	0.02456	0.17883	0.05655	0.08174	0.01923	0.14748	0.08665	0.02484	0.24774	0.04210	0.01075	0.00773	0.00406	0.00378	0.00118	0.00446	0.00360	0.00289	0.00557
12	0.03536	0.54146	0.21930	0.00769	0.01135	0.05121	0.00822	0.05091	0.02522	0.01066	0.00600	0.00682	0.00499	0.00343	0.00282	0.00094	0.00446	0.00232	0.00178	0.00505
13	0.00846	0.06293	0.00880	0.03513	0.04951	0.00814	0.00577	0.06760	0.42930	0.01512	0.23305	0.01693	0.03226	0.00557	0.00389	0.00120	0.00291	0.00471	0.00358	0.00515
14	0.00856	0.06138	0.04099	0.09734	0.14797	0.00905	0.43532	0.01119	0.00840	0.01154	0.00784	0.01004	0.02575	0.00344	0.00410	0.00115	0.02167	0.00381	0.00191	0.08853
15	0.02850	0.00609	0.00694	0.00534	0.00804	0.01432	0.00418	0.00870	0.00802	0.01213	0.07242	0.07253	0.08714	0.00443	0.00319	0.00076	0.00263	0.00369	0.00257	0.64840
16	0.00901	0.00503	0.00657	0.00618	0.04526	0.00462	0.00451	0.01101	0.05435	0.26301	0.36355	0.05225	0.13557	0.01662	0.00435	0.00123	0.00244	0.00587	0.00403	0.00455
17	0.81662	0.00743	0.00652	0.02686	0.00836	0.00852	0.04207	0.02536	0.00672	0.01655	0.00543	0.00643	0.00420	0.00349	0.00248	0.00117	0.00313	0.00220	0.00231	0.00415
18	0.01253	0.19024	0.05715	0.00813	0.01136	0.01112	0.03394	0.46689	0.01347	0.07924	0.00829	0.00854	0.00609	0.00402	0.00341	0.00102	0.00408	0.00303	0.00308	0.07435
19	0.00469	0.00337	0.00445	0.00514	0.00548	0.00313	0.00351	0.00552	0.00772	0.01038	0.13718	0.71770	0.04600	0.01111	0.00473	0.00147	0.00213	0.01958	0.00357	0.00312
