[name]
unknown

[dist]
# distance from previous block
# <min> <max>
0	16

[block]
# block no. 0 follows, 53 sequences, length 20
# corresponding to MSA columns:
# 357-376
name=unknown_A
#
# <colnr> <probs for GDERKNQSTAVLIFYWHMCP>
#	G	D	E	R	K	N	Q	S	T	A	V	L	I	F	Y	W	H	M	C	P
0	0.01158	0.00912	0.01197	0.01381	0.18993	0.00973	0.00916	0.01883	0.35282	0.08125	0.01855	0.02562	0.01610	0.00766	0.00528	0.00171	0.00439	0.20143	0.00427	0.00680
1	0.00918	0.00796	0.00960	0.04600	0.02806	0.05127	0.03730	0.05087	0.05438	0.01576	0.15648	0.18897	0.05003	0.02513	0.02394	0.00162	0.00410	0.02468	0.00382	0.21083
2	0.00628	0.00457	0.00545	0.00575	0.00669	0.00415	0.00409	0.00766	0.01075	0.01449	0.22088	0.31843	0.25900	0.03302	0.00610	0.00174	0.00255	0.01044	0.07387	0.00410
3	0.02190	0.00944	0.01270	0.14542	0.12702	0.04590	0.04650	0.09603	0.09268	0.03681	0.02753	0.12272	0.02418	0.05238	0.05923	0.00214	0.04181	0.00594	0.00335	0.02633
4	0.00934	0.00773	0.07240	0.00793	0.00960	0.00666	0.00633	0.11717	0.04759	0.07055	0.04305	0.45511	0.02313	0.09110	0.00740	0.00204	0.00377	0.00971	0.00429	0.00512
5	0.22926	0.00926	0.01089	0.00820	0.01209	0.00844	0.06895	0.04249	0.03259	0.04277	0.00887	0.01009	0.00701	0.00405	0.00369	0.00106	0.00403	0.00319	0.00306	0.49001
6	0.01391	0.05788	0.11301	0.10116	0.03439	0.03159	0.05220	0.17599	0.07456	0.14806	0.01211	0.03554	0.00909	0.00538	0.00475	0.00141	0.01708	0.00441	0.00367	0.10381
7	0.12893	0.13406	0.01476	0.15196	0.03863	0.08034	0.00921	0.28640	0.02929	0.03639	0.02240	0.01100	0.00772	0.00519	0.00451	0.00141	0.02404	0.00380	0.00338	0.00658
8	0.00751	0.00505	0.00639	0.00681	0.00777	0.00472	0.00483	0.00934	0.05579	0.07248	0.07212	0.56612	0.10289	0.01293	0.00581	0.00181	0.00291	0.02585	0.00458	0.02428
9	0.01057	0.00963	0.01206	0.12995	0.09452	0.05665	0.00861	0.01353	0.07333	0.03248	0.01106	0.03091	0.02969	0.02287	0.03643	0.00161	0.11470	0.00423	0.00286	0.30430
10	0.00687	0.00496	0.00684	0.00684	0.00741	0.00552	0.00493	0.00800	0.00743	0.01047	0.01357	0.02302	0.01379	0.30629	0.54516	0.00665	0.01003	0.00574	0.00267	0.00380
11	0.00991	0.00850	0.00991	0.00708	0.01133	0.00637	0.00566	0.01203	0.00991	0.01557	0.00850	0.00991	0.00708	0.00354	0.00354	0.00071	0.00354	0.00283	0.00283	0.86124
12	0.00603	0.00481	0.00540	0.00535	0.00671	0.00418	0.00397	0.00756	0.01164	0.01492	0.29377	0.09558	0.50014	0.01153	0.00568	0.00160	0.00239	0.00985	0.00471	0.00418
13	0.01169	0.01104	0.06275	0.03011	0.02816	0.01141	0.02414	0.08426	0.56673	0.01974	0.04184	0.01848	0.05520	0.00656	0.00491	0.00159	0.00418	0.00549	0.00450	0.00723
14	0.00603	0.00486	0.00537	0.00525	0.00669	0.00420	0.00393	0.00760	0.01180	0.01506	0.30701	0.04245	0.54033	0.01130	0.00564	0.00158	0.00236	0.00959	0.00472	0.00420
15	0.01275	0.10457	0.01290	0.00983	0.02729	0.03383	0.03481	0.10838	0.36117	0.08522	0.04716	0.08278	0.04475	0.00693	0.00481	0.00152	0.00426	0.00579	0.00438	0.00687
16	0.01305	0.04608	0.08396	0.10318	0.27730	0.01199	0.10728	0.14577	0.07629	0.07190	0.01083	0.01247	0.00817	0.00484	0.00479	0.00148	0.00580	0.00444	0.00316	0.00723
17	0.00621	0.00472	0.00613	0.07215	0.00888	0.00453	0.00492	0.00741	0.00978	0.01285	0.07562	0.51083	0.19072	0.03251	0.00624	0.00186	0.00299	0.01141	0.02619	0.00406
18	0.01940	0.02094	0.02521	0.00737	0.00833	0.00568	0.02018	0.02579	0.00959	0.01300	0.03439	0.48412	0.12510	0.01521	0.09150	0.00245	0.04717	0.02285	0.01742	0.00432
19	0.01104	0.00845	0.01312	0.04848	0.34010	0.00825	0.02924	0.01367	0.02489	0.09977	0.17362	0.01918	0.03219	0.03212	0.00541	0.00151	0.00433	0.00544	0.09059	0.03861

[dist]
# distance from previous block
# <min> <max>
3	23

[block]
# block no. 1 follows, 53 sequences, length 20
# corresponding to MSA columns:
# 404-423
name=unknown_B
#
# <colnr> <probs for GDERKNQSTAVLIFYWHMCP>
#	G	D	E	R	K	N	Q	S	T	A	V	L	I	F	Y	W	H	M	C	P
0	0.01370	0.49136	0.06705	0.00973	0.01383	0.01609	0.05635	0.16082	0.04570	0.04651	0.00913	0.00990	0.00733	0.00464	0.00379	0.00121	0.00525	0.00339	0.02754	0.00667
1	0.01189	0.06646	0.13455	0.05017	0.03939	0.03808	0.04636	0.09770	0.19899	0.04760	0.01217	0.01365	0.00952	0.02589	0.07488	0.00205	0.04603	0.00437	0.00333	0.07693
2	0.00629	0.00485	0.00574	0.00562	0.00692	0.00431	0.00422	0.00805	0.01219	0.01615	0.43518	0.07268	0.35873	0.01104	0.00569	0.00159	0.00240	0.02919	0.00486	0.00428
3	0.01215	0.03720	0.17224	0.05019	0.31446	0.07226	0.07053	0.05061	0.04015	0.04017	0.00942	0.01143	0.00739	0.00469	0.00507	0.00143	0.03931	0.00406	0.00262	0.05459
4	0.01088	0.01103	0.04987	0.22552	0.50078	0.01102	0.04483	0.01427	0.03417	0.01496	0.03089	0.01287	0.00844	0.00461	0.00480	0.00148	0.00585	0.00444	0.00245	0.00685
5	0.23867	0.06323	0.03369	0.01158	0.02700	0.05753	0.18703	0.03212	0.06979	0.01621	0.01050	0.07736	0.00944	0.04458	0.00663	0.00173	0.09941	0.00490	0.00292	0.00568
6	0.01217	0.18187	0.29604	0.04509	0.04969	0.01242	0.12226	0.03954	0.06677	0.09978	0.01098	0.01203	0.02075	0.00482	0.00449	0.00143	0.00604	0.00409	0.00284	0.00687
7	0.02929	0.02709	0.01198	0.18844	0.05123	0.02821	0.00836	0.05342	0.06162	0.10099	0.01149	0.03611	0.02109	0.00505	0.00454	0.00123	0.02368	0.00411	0.00325	0.32885
8	0.00584	0.00442	0.00539	0.00606	0.00680	0.00397	0.00420	0.00688	0.00998	0.01291	0.08748	0.53701	0.26428	0.01374	0.00593	0.00181	0.00263	0.01218	0.00450	0.00397
9	0.00645	0.00449	0.00538	0.00583	0.00607	0.00433	0.00366	0.00690	0.00817	0.01077	0.02196	0.33783	0.07768	0.44206	0.01561	0.00333	0.00376	0.02871	0.00363	0.00339
10	0.01248	0.01156	0.12103	0.03752	0.09409	0.00987	0.12778	0.08291	0.14479	0.13395	0.05493	0.06404	0.01262	0.00678	0.00594	0.05869	0.00520	0.00543	0.00373	0.00665
11	0.00684	0.00509	0.00753	0.00753	0.00833	0.00589	0.00579	0.00844	0.00764	0.01098	0.01294	0.01954	0.01228	0.08415	0.76523	0.00750	0.01231	0.00523	0.00258	0.00418
12	0.01350	0.01233	0.07102	0.05606	0.29966	0.01214	0.01149	0.30167	0.06952	0.02107	0.04161	0.01325	0.00975	0.00651	0.03762	0.00171	0.00568	0.00451	0.00352	0.00738
13	0.00715	0.00526	0.00673	0.00669	0.00722	0.02224	0.00471	0.00808	0.00770	0.01062	0.04471	0.02407	0.01519	0.34955	0.42747	0.03141	0.00880	0.00592	0.00278	0.00369
14	0.00994	0.00891	0.05545	0.04798	0.15099	0.00856	0.04300	0.03170	0.15624	0.01418	0.04231	0.01690	0.05761	0.02467	0.00963	0.25318	0.03011	0.00498	0.00302	0.03064
15	0.03495	0.07199	0.03293	0.03297	0.03392	0.00938	0.00714	0.06605	0.19275	0.01512	0.02528	0.01617	0.03978	0.02615	0.15222	0.13744	0.02687	0.00468	0.00323	0.07097
16	0.00960	0.00811	0.03157	0.12542	0.10423	0.00826	0.03766	0.02974	0.13591	0.04649	0.08174	0.09262	0.04809	0.02223	0.07550	0.03393	0.00526	0.09437	0.00366	0.00560
17	0.02221	0.00723	0.01139	0.10689	0.07596	0.00720	0.10814	0.01152	0.04077	0.03630	0.37639	0.02773	0.08385	0.03182	0.00595	0.00165	0.00405	0.03164	0.00410	0.00523
18	0.04209	0.13460	0.30361	0.03263	0.12702	0.01168	0.01205	0.01598	0.14574	0.01582	0.05278	0.01348	0.02837	0.00519	0.00440	0.00142	0.00538	0.00419	0.00286	0.04070
19	0.00906	0.13678	0.24426	0.04206	0.01354	0.00910	0.03175	0.01201	0.01103	0.04402	0.20695	0.06943	0.12328	0.00789	0.01725	0.00157	0.00471	0.00625	0.00344	0.00562

[dist]
# distance from previous block
# <min> <max>
1	58

[block]
# block no. 2 follows, 53 sequences, length 25
# corresponding to MSA columns:
# 482-506
name=unknown_C
#
# <colnr> <probs for GDERKNQSTAVLIFYWHMCP>
#	G	D	E	R	K	N	Q	S	T	A	V	L	I	F	Y	W	H	M	C	P
0	0.01027	0.04207	0.07265	0.13460	0.25399	0.02129	0.04620	0.01314	0.04920	0.01423	0.07359	0.01469	0.02757	0.00657	0.00704	0.08211	0.07938	0.00464	0.00267	0.04410
1	0.06057	0.05687	0.09421	0.04279	0.26468	0.02945	0.14119	0.01470	0.06410	0.03356	0.04495	0.01440	0.01004	0.00686	0.03952	0.04259	0.00604	0.02432	0.00278	0.00639
2	0.01001	0.01047	0.09133	0.02509	0.12742	0.06816	0.06510	0.03683	0.05547	0.04033	0.30407	0.02396	0.06956	0.00798	0.02377	0.00165	0.00473	0.02440	0.00390	0.00579
3	0.01032	0.11346	0.19759	0.19658	0.01831	0.01018	0.03936	0.01416	0.06430	0.07841	0.10560	0.05329	0.04778	0.00637	0.00479	0.00152	0.00522	0.02354	0.00322	0.00601
4	0.00985	0.04587	0.11200	0.20727	0.17314	0.00981	0.10261	0.01315	0.02485	0.03370	0.14021	0.05445	0.01513	0.00615	0.00503	0.00155	0.00546	0.03072	0.00302	0.00602
5	0.01132	0.09022	0.25092	0.09614	0.13491	0.04458	0.01227	0.05075	0.18685	0.01614	0.01175	0.01283	0.02379	0.00510	0.00452	0.00145	0.00565	0.00417	0.00293	0.03371
6	0.01057	0.00832	0.01041	0.09128	0.01288	0.02897	0.05600	0.11286	0.16328	0.05069	0.01734	0.15348	0.04131	0.17120	0.02780	0.00235	0.00477	0.00686	0.02410	0.00551
7	0.00764	0.00609	0.00734	0.05132	0.00943	0.00586	0.00526	0.05709	0.02491	0.01501	0.17038	0.04274	0.29460	0.06356	0.12380	0.00256	0.00458	0.00742	0.00395	0.09649
8	0.18678	0.04113	0.09939	0.02587	0.04339	0.01057	0.02698	0.10095	0.16195	0.16650	0.06172	0.01484	0.02840	0.00573	0.00443	0.00150	0.00449	0.00453	0.00406	0.00681
9	0.02341	0.13638	0.14466	0.02560	0.08038	0.03233	0.03962	0.04972	0.19100	0.01578	0.06064	0.01653	0.01235	0.09534	0.00714	0.00182	0.03845	0.01937	0.00321	0.00627
10	0.00728	0.00459	0.00588	0.00588	0.00602	0.00473	0.00372	0.00703	0.00689	0.00932	0.01296	0.02494	0.01416	0.49237	0.15276	0.22414	0.00586	0.00593	0.00263	0.00291
11	0.01205	0.22276	0.41394	0.01187	0.01727	0.04943	0.04815	0.05274	0.01097	0.06651	0.00885	0.01003	0.00664	0.00464	0.00449	0.00137	0.02577	0.00348	0.00247	0.02656
12	0.01804	0.01183	0.01309	0.01014	0.01375	0.01273	0.00834	0.57927	0.04565	0.17012	0.01331	0.01291	0.00924	0.00579	0.00471	0.00143	0.00483	0.00444	0.05249	0.00791
13	0.01046	0.01052	0.09032	0.03030	0.01313	0.00778	0.00739	0.05957	0.05519	0.01656	0.00930	0.01055	0.00745	0.00397	0.00382	0.00091	0.00409	0.00317	0.00296	0.65255
14	0.00981	0.00764	0.04421	0.00773	0.02665	0.03164	0.00601	0.02602	0.10655	0.11676	0.25536	0.06985	0.16335	0.07397	0.03133	0.00198	0.00378	0.00746	0.00453	0.00537
15	0.01119	0.27040	0.46380	0.01282	0.07216	0.01352	0.01395	0.03210	0.02610	0.03050	0.00851	0.00978	0.00652	0.00448	0.00412	0.00136	0.00620	0.00336	0.00225	0.00687
16	0.86579	0.00924	0.00702	0.00629	0.00924	0.01072	0.00518	0.01405	0.00813	0.02144	0.00666	0.00776	0.00518	0.00444	0.00296	0.00148	0.00370	0.00259	0.00296	0.00518
17	0.01119	0.06115	0.16911	0.03567	0.22920	0.03133	0.08242	0.03161	0.19444	0.01639	0.03210	0.01478	0.04224	0.00534	0.00474	0.00148	0.00548	0.00473	0.01969	0.00691
18	0.00607	0.00453	0.00555	0.00597	0.00676	0.00411	0.00416	0.00728	0.01046	0.01383	0.21288	0.40239	0.21998	0.06467	0.00703	0.00193	0.00268	0.01116	0.00453	0.00400
19	0.01067	0.08008	0.08226	0.03104	0.17730	0.04198	0.03736	0.04695	0.08332	0.05067	0.13911	0.08728	0.08810	0.00722	0.00497	0.00150	0.00462	0.01580	0.00364	0.00613
20	0.08695	0.01395	0.14673	0.11320	0.10313	0.03289	0.09492	0.24928	0.04844	0.04950	0.01027	0.01166	0.00753	0.00498	0.00466	0.00149	0.00589	0.00420	0.00331	0.00702
21	0.00783	0.00425	0.00600	0.00606	0.00624	0.00415	0.00406	0.00635	0.00691	0.00903	0.01380	0.06006	0.09440	0.05184	0.01690	0.68794	0.00392	0.00539	0.00248	0.00241
22	0.01268	0.05674	0.02402	0.12960	0.16357	0.16107	0.02981	0.05838	0.01132	0.07143	0.01116	0.04887	0.01004	0.06331	0.00715	0.00175	0.08274	0.04746	0.00294	0.00595
23	0.00662	0.03658	0.00637	0.00563	0.00699	0.00484	0.00426	0.00835	0.01192	0.01598	0.39632	0.09372	0.32223	0.01058	0.00546	0.00154	0.00246	0.00909	0.04671	0.00435
24	0.05366	0.08570	0.04828	0.21263	0.24937	0.02776	0.02989	0.04803	0.03579	0.06237	0.00947	0.01189	0.00745	0.00521	0.00553	0.02221	0.05737	0.00407	0.01691	0.00641

[dist]
# distance from previous block
# <min> <max>
8	11

[block]
# block no. 3 follows, 53 sequences, length 28
# corresponding to MSA columns:
# 525-541,546-556
name=unknown_D
#
# <colnr> <probs for GDERKNQSTAVLIFYWHMCP>
#	G	D	E	R	K	N	Q	S	T	A	V	L	I	F	Y	W	H	M	C	P
0	0.03313	0.00888	0.01324	0.11190	0.04725	0.03464	0.15144	0.03094	0.07768	0.04269	0.14569	0.02503	0.13079	0.00763	0.00589	0.00164	0.04900	0.07330	0.00369	0.00557
1	0.01122	0.07833	0.15522	0.04531	0.03344	0.04580	0.00870	0.04006	0.02760	0.09782	0.07540	0.03201	0.07934	0.02701	0.00493	0.00135	0.00465	0.00474	0.00335	0.22371
2	0.00673	0.00460	0.00533	0.00549	0.00648	0.00424	0.00393	0.00826	0.01075	0.01515	0.22195	0.21521	0.22733	0.05566	0.00628	0.00172	0.00254	0.00916	0.18504	0.00414
3	0.00995	0.00535	0.00679	0.00648	0.00797	0.00496	0.00501	0.01186	0.01171	0.16542	0.24421	0.15398	0.05123	0.00932	0.00512	0.00155	0.00290	0.08815	0.20298	0.00506
4	0.01068	0.08262	0.34204	0.01184	0.04730	0.01096	0.03422	0.06022	0.13974	0.03781	0.03419	0.05588	0.02543	0.03476	0.01946	0.00175	0.01889	0.02249	0.00313	0.00660
5	0.00604	0.00480	0.00543	0.00540	0.00673	0.00418	0.00400	0.00758	0.01164	0.01497	0.30155	0.11039	0.47726	0.01156	0.00568	0.00160	0.00240	0.00990	0.00472	0.00418
6	0.01094	0.13199	0.29131	0.11480	0.15363	0.03775	0.05010	0.02656	0.01054	0.03091	0.02632	0.01271	0.02663	0.00508	0.00498	0.00147	0.03914	0.01621	0.00242	0.00652
7	0.00964	0.02110	0.61314	0.14409	0.02302	0.01111	0.08240	0.01468	0.01011	0.01468	0.00866	0.01076	0.00621	0.00454	0.00467	0.00153	0.00704	0.00383	0.00207	0.00673
8	0.01246	0.09548	0.07723	0.00816	0.01235	0.00849	0.00727	0.03971	0.02717	0.15966	0.01110	0.03742	0.00874	0.00461	0.00395	0.00103	0.00412	0.00367	0.00340	0.47398
9	0.00891	0.00445	0.00445	0.00445	0.00557	0.00445	0.00334	0.01114	0.01002	0.01782	0.01559	0.01782	0.01225	0.00557	0.00334	0.00111	0.00223	0.00445	0.85856	0.00445
10	0.07567	0.04023	0.01205	0.04822	0.02515	0.15077	0.00787	0.12631	0.20701	0.08754	0.01259	0.03183	0.00974	0.00545	0.00437	0.00134	0.00499	0.00421	0.00380	0.14086
11	0.01046	0.01046	0.01464	0.01255	0.01255	0.01464	0.01046	0.01150	0.00732	0.01150	0.00627	0.01046	0.00627	0.00837	0.01569	0.00209	0.82328	0.00418	0.00209	0.00523
12	0.02714	0.27936	0.30989	0.01048	0.01542	0.01341	0.01142	0.07653	0.08388	0.06105	0.00984	0.01063	0.00752	0.00536	0.02104	0.00145	0.00573	0.00351	0.00280	0.04353
13	0.00654	0.00498	0.00603	0.00578	0.00706	0.00452	0.00433	0.00872	0.02982	0.01727	0.55343	0.05582	0.25719	0.01047	0.00563	0.00155	0.00235	0.00909	0.00500	0.00443
14	0.01065	0.01143	0.02165	0.01603	0.01985	0.04282	0.52811	0.01500	0.07851	0.01622	0.15641	0.01800	0.03074	0.00549	0.00552	0.00158	0.00654	0.00616	0.00319	0.00610
15	0.00690	0.00482	0.00646	0.00651	0.00706	0.00516	0.00460	0.00777	0.00778	0.01081	0.03386	0.06791	0.05393	0.27962	0.39332	0.06402	0.00814	0.00639	0.02130	0.00367
16	0.43419	0.01098	0.01274	0.01026	0.01329	0.07501	0.14996	0.03080	0.00999	0.10566	0.00904	0.02473	0.00701	0.00515	0.00505	0.00155	0.08184	0.00382	0.00313	0.00581
17	0.78437	0.01023	0.00781	0.00733	0.03119	0.06578	0.00571	0.01441	0.00858	0.02062	0.00677	0.00793	0.00531	0.00447	0.00310	0.00146	0.00409	0.00267	0.00291	0.00527
18	0.00636	0.00482	0.00683	0.00745	0.00817	0.00452	0.03843	0.00760	0.00970	0.01275	0.02730	0.59606	0.09427	0.01396	0.00613	0.00194	0.00325	0.14201	0.00434	0.00409
19	0.00891	0.00445	0.00445	0.00445	0.00557	0.00445	0.00334	0.01114	0.01002	0.01782	0.01559	0.01782	0.01225	0.00557	0.00334	0.00111	0.00223	0.00445	0.85856	0.00445
20	0.09703	0.00872	0.01043	0.00846	0.01165	0.00864	0.00685	0.08644	0.15340	0.44092	0.10095	0.01743	0.01495	0.00628	0.00473	0.00150	0.00389	0.00507	0.00528	0.00737
21	0.00855	0.06531	0.02986	0.02633	0.01115	0.07250	0.08568	0.01056	0.02930	0.01369	0.10705	0.25904	0.11572	0.01051	0.00591	0.02532	0.00431	0.11064	0.00383	0.00474
22	0.00891	0.00445	0.00445	0.00445	0.00557	0.00445	0.00334	0.01114	0.01002	0.01782	0.01559	0.01782	0.01225	0.00557	0.00334	0.00111	0.00223	0.00445	0.85856	0.00445
23	0.86579	0.00924	0.00702	0.00629	0.00924	0.01072	0.00518	0.01405	0.00813	0.02144	0.00666	0.00776	0.00518	0.00444	0.00296	0.00148	0.00370	0.00259	0.00296	0.00518
24	0.01268	0.01132	0.01799	0.09117	0.51915	0.05672	0.07310	0.01542	0.01124	0.09370	0.01059	0.01405	0.00864	0.00487	0.00487	0.00148	0.00588	0.03722	0.00280	0.00710
25	0.01349	0.48473	0.14764	0.00966	0.01399	0.06824	0.00973	0.07507	0.06137	0.06279	0.00894	0.00959	0.00717	0.00461	0.00374	0.00121	0.00552	0.00320	0.00270	0.00661
26	0.00706	0.00509	0.00687	0.00742	0.00845	0.00490	0.00604	0.00906	0.01161	0.01562	0.28793	0.14724	0.06515	0.01223	0.00617	0.00191	0.00339	0.38480	0.00470	0.00436
27	0.01255	0.19132	0.12786	0.01006	0.01377	0.03504	0.00926	0.06628	0.42390	0.03938	0.01431	0.01386	0.01085	0.00559	0.00441	0.00145	0.00476	0.00438	0.00381	0.00718

[dist]
# distance from previous block
# <min> <max>
6	16

[block]
# block no. 4 follows, 53 sequences, length 80
# corresponding to MSA columns:
# 581-641,700-715,722-724
name=unknown_E
#
# <colnr> <probs for GDERKNQSTAVLIFYWHMCP>
#	G	D	E	R	K	N	Q	S	T	A	V	L	I	F	Y	W	H	M	C	P
0	0.01261	0.01260	0.01196	0.01176	0.09861	0.19898	0.00826	0.03399	0.27395	0.01649	0.03831	0.01564	0.01175	0.00568	0.00455	0.00133	0.00509	0.04435	0.00357	0.19052
1	0.00608	0.00495	0.00541	0.00548	0.00688	0.00431	0.00400	0.00759	0.02924	0.01342	0.09732	0.19809	0.53350	0.02712	0.00599	0.00170	0.00259	0.01027	0.00443	0.03163
2	0.01515	0.01479	0.02548	0.06910	0.01573	0.28915	0.06337	0.12245	0.14249	0.09744	0.02671	0.03885	0.01004	0.00588	0.00523	0.00147	0.04205	0.00456	0.00359	0.00647
3	0.00756	0.03211	0.00787	0.02305	0.00964	0.00582	0.00686	0.00982	0.02562	0.01460	0.11262	0.04781	0.14398	0.01209	0.00617	0.00198	0.00392	0.51962	0.00439	0.00449
4	0.01372	0.00942	0.01064	0.00881	0.01158	0.00997	0.00704	0.28369	0.18318	0.12818	0.21826	0.02139	0.05846	0.00727	0.00506	0.00151	0.00387	0.00600	0.00506	0.00688
5	0.01034	0.01028	0.01437	0.01234	0.01237	0.01431	0.01027	0.01142	0.00752	0.01175	0.03175	0.01127	0.00752	0.00841	0.01536	0.00207	0.79691	0.00433	0.00219	0.00521
6	0.09247	0.49783	0.01914	0.02887	0.01265	0.07281	0.00792	0.03388	0.12559	0.03752	0.02578	0.01030	0.00833	0.00476	0.00360	0.00121	0.00498	0.00329	0.00282	0.00626
7	0.01422	0.16346	0.01788	0.05355	0.01648	0.27540	0.15992	0.05009	0.06315	0.05792	0.03146	0.01228	0.02666	0.00519	0.00488	0.00138	0.03287	0.00419	0.00292	0.00613
8	0.07667	0.00965	0.01057	0.00931	0.01200	0.01082	0.02559	0.04364	0.56578	0.04783	0.08625	0.01903	0.01629	0.00663	0.00482	0.00159	0.00381	0.02411	0.00469	0.02093
9	0.29427	0.07993	0.01218	0.02301	0.05932	0.17712	0.00775	0.06786	0.01145	0.13865	0.02047	0.01054	0.00760	0.00513	0.00452	0.00141	0.04939	0.00348	0.01981	0.00611
10	0.00581	0.00421	0.00550	0.00653	0.00690	0.00389	0.00438	0.00667	0.00927	0.01225	0.02784	0.77585	0.08370	0.01478	0.00607	0.00192	0.00275	0.01335	0.00444	0.00389
11	0.01062	0.00954	0.01370	0.07118	0.24336	0.01024	0.05409	0.01744	0.31608	0.01659	0.01635	0.10801	0.01452	0.00707	0.00514	0.00164	0.00470	0.06931	0.00372	0.00668
12	0.00640	0.00487	0.00588	0.00563	0.00692	0.00435	0.00422	0.00831	0.01266	0.01711	0.55302	0.03908	0.29305	0.01054	0.00564	0.00154	0.00231	0.00912	0.00499	0.00435
13	0.01817	0.01339	0.01434	0.01100	0.01482	0.01482	0.00908	0.78627	0.02247	0.03012	0.01148	0.01148	0.00813	0.00574	0.00478	0.00143	0.00526	0.00430	0.00478	0.00813
14	0.02266	0.01291	0.22366	0.19844	0.06479	0.02227	0.06288	0.01286	0.02369	0.03242	0.01182	0.14215	0.01100	0.02993	0.00659	0.00173	0.08953	0.00567	0.00269	0.02231
15	0.06064	0.21914	0.12917	0.09105	0.11661	0.03385	0.09486	0.07931	0.05876	0.01589	0.03891	0.02319	0.00889	0.00492	0.00434	0.00139	0.00570	0.00412	0.00275	0.00649
16	0.01046	0.01992	0.57002	0.01308	0.01890	0.01026	0.08886	0.01511	0.01069	0.08062	0.06626	0.02589	0.01015	0.00534	0.00502	0.00155	0.02222	0.01617	0.00268	0.00679
17	0.02144	0.00813	0.01109	0.00850	0.01220	0.00702	0.00702	0.02329	0.01368	0.80552	0.01886	0.01627	0.01183	0.00592	0.00481	0.00148	0.00407	0.00481	0.00592	0.00813
18	0.01444	0.01097	0.05841	0.03862	0.02471	0.03886	0.08134	0.13408	0.17697	0.22060	0.06230	0.03215	0.05284	0.00642	0.00522	0.00154	0.02365	0.00541	0.00444	0.00703
19	0.01107	0.09628	0.01658	0.44402	0.18756	0.04262	0.03166	0.03242	0.04510	0.03461	0.00922	0.01216	0.00716	0.00471	0.00460	0.00148	0.00602	0.00413	0.00247	0.00614
20	0.01048	0.00609	0.00745	0.00695	0.00879	0.00566	0.00528	0.01320	0.09549	0.21277	0.11416	0.23914	0.22173	0.01046	0.00549	0.00166	0.00309	0.02170	0.00494	0.00546
21	0.11945	0.12777	0.60357	0.01198	0.01813	0.01206	0.01483	0.01489	0.00979	0.01544	0.00808	0.00948	0.00595	0.00447	0.00415	0.00145	0.00638	0.00328	0.00214	0.00670
22	0.02990	0.06330	0.21492	0.08074	0.10620	0.04457	0.12407	0.03458	0.03222	0.03566	0.00991	0.05310	0.00837	0.01883	0.00660	0.00164	0.12186	0.00464	0.00257	0.00631
23	0.04736	0.16841	0.30832	0.01109	0.01596	0.04678	0.03092	0.13744	0.04546	0.11446	0.01041	0.01122	0.00766	0.01871	0.00464	0.00145	0.00583	0.00376	0.00314	0.00699
24	0.03372	0.00891	0.00970	0.00864	0.01098	0.05591	0.00668	0.10125	0.20053	0.21260	0.03360	0.21379	0.03083	0.02363	0.00549	0.00168	0.00404	0.02683	0.00478	0.00642
25	0.01171	0.01109	0.01951	0.02021	0.30753	0.01107	0.26967	0.01685	0.15858	0.04899	0.03300	0.03216	0.01086	0.00522	0.00515	0.00155	0.00587	0.02083	0.00316	0.00700
26	0.01124	0.07019	0.10011	0.27341	0.22128	0.01167	0.05440	0.06583	0.07732	0.03359	0.01035	0.03156	0.00821	0.00501	0.00471	0.00150	0.00584	0.00447	0.00273	0.00660
27	0.00922	0.00877	0.01479	0.73906	0.04976	0.01089	0.03066	0.01230	0.00950	0.01232	0.00841	0.01260	0.00641	0.00495	0.00540	0.00162	0.05154	0.00428	0.00213	0.00538
28	0.00582	0.00416	0.00555	0.00666	0.00693	0.00388	0.00444	0.00666	0.00915	0.01220	0.02634	0.82891	0.03161	0.01497	0.00610	0.00194	0.00277	0.01359	0.00444	0.00388
29	0.00762	0.00626	0.00848	0.20711	0.02995	0.02978	0.00705	0.01970	0.02030	0.02683	0.04214	0.47700	0.07683	0.01123	0.00560	0.00177	0.00392	0.01004	0.00383	0.00456
30	0.01326	0.08369	0.11741	0.15956	0.13052	0.08096	0.14011	0.10917	0.01242	0.09284	0.00989	0.01171	0.00735	0.00473	0.00470	0.00145	0.00637	0.00421	0.00291	0.00674
31	0.01449	0.07073	0.18215	0.01264	0.01686	0.07979	0.14667	0.16617	0.01339	0.15281	0.01150	0.01238	0.02383	0.00537	0.00559	0.00150	0.06946	0.00435	0.00339	0.00695
32	0.01047	0.00998	0.01683	0.40800	0.38093	0.01104	0.03297	0.01395	0.04261	0.01416	0.00920	0.01254	0.00728	0.00459	0.00478	0.00152	0.00599	0.00434	0.00235	0.00646
33	0.01161	0.01113	0.01900	0.09200	0.74128	0.01130	0.01456	0.01447	0.01078	0.01535	0.00895	0.01190	0.00748	0.00430	0.00474	0.00143	0.00573	0.00426	0.00235	0.00739
34	0.00582	0.00416	0.00555	0.00666	0.00693	0.00388	0.00444	0.00666	0.00915	0.01220	0.02634	0.82891	0.03161	0.01497	0.00610	0.00194	0.00277	0.01359	0.00444	0.00388
35	0.01316	0.00988	0.01070	0.00869	0.01152	0.01049	0.00700	0.45361	0.03865	0.02400	0.15270	0.02377	0.19948	0.00792	0.00513	0.00149	0.00405	0.00641	0.00478	0.00655
36	0.00582	0.00416	0.00555	0.00666	0.00693	0.00388	0.00444	0.00666	0.00915	0.01220	0.02634	0.82891	0.03161	0.01497	0.00610	0.00194	0.00277	0.01359	0.00444	0.00388
37	0.00657	0.00488	0.00612	0.00581	0.00702	0.00443	0.00436	0.00865	0.01308	0.01810	0.67124	0.03746	0.17422	0.01017	0.00564	0.00152	0.00228	0.00889	0.00512	0.00443
38	0.00676	0.00489	0.00639	0.00601	0.00714	0.00451	0.00451	0.00902	0.01353	0.01917	0.79969	0.03570	0.04510	0.00977	0.00564	0.00150	0.00225	0.00864	0.00526	0.00451
39	0.01278	0.83490	0.02505	0.00818	0.01227	0.01891	0.00818	0.01431	0.00971	0.01125	0.00664	0.00767	0.00613	0.00409	0.00307	0.00102	0.00511	0.00256	0.00204	0.00613
40	0.00582	0.00416	0.00555	0.00666	0.00693	0.00388	0.00444	0.00666	0.00915	0.01220	0.02634	0.82891	0.03161	0.01497	0.00610	0.00194	0.00277	0.01359	0.00444	0.00388
41	0.01278	0.83490	0.02505	0.00818	0.01227	0.01891	0.00818	0.01431	0.00971	0.01125	0.00664	0.00767	0.00613	0.00409	0.00307	0.00102	0.00511	0.00256	0.00204	0.00613
42	0.01121	0.01264	0.02750	0.01968	0.02441	0.01186	0.76184	0.01519	0.01124	0.01538	0.00984	0.01304	0.00740	0.00407	0.00557	0.00160	0.00789	0.00561	0.02763	0.00639
43	0.01189	0.01027	0.01081	0.00973	0.01243	0.01189	0.00757	0.02540	0.79357	0.01999	0.01945	0.01783	0.01459	0.00648	0.00486	0.00162	0.00378	0.00540	0.00486	0.00757
44	0.00609	0.00486	0.00545	0.00530	0.00673	0.00422	0.00398	0.00771	0.01193	0.01537	0.34419	0.04195	0.50296	0.01119	0.00564	0.00157	0.00236	0.00952	0.00476	0.00422
45	0.00574	0.00482	0.00499	0.00500	0.00653	0.00406	0.00373	0.00701	0.01102	0.01335	0.10369	0.07759	0.71202	0.01205	0.00567	0.00162	0.00242	0.01012	0.00450	0.00406
46	0.01053	0.01068	0.01589	0.01325	0.01369	0.01441	0.08164	0.01185	0.00768	0.01185	0.00659	0.01068	0.00636	0.00797	0.01476	0.00205	0.74835	0.00432	0.00212	0.00534
47	0.01750	0.00726	0.00932	0.00751	0.01045	0.00658	0.00608	0.02006	0.05354	0.55098	0.03580	0.01718	0.01283	0.00595	0.00446	0.00140	0.00355	0.00484	0.21760	0.00711
48	0.22372	0.00845	0.00827	0.00745	0.00986	0.00949	0.00586	0.03678	0.33900	0.05309	0.01503	0.01511	0.01136	0.00569	0.00398	0.00144	0.00340	0.00440	0.23143	0.00618
49	0.00661	0.00485	0.00592	0.00565	0.00690	0.00439	0.00424	0.00862	0.01272	0.01762	0.58105	0.03720	0.22194	0.01010	0.00552	0.00151	0.00229	0.00877	0.04968	0.00439
50	0.01188	0.60666	0.24541	0.00971	0.01464	0.01671	0.01085	0.01454	0.00982	0.01234	0.00719	0.00835	0.00611	0.00422	0.00348	0.00116	0.00566	0.00283	0.00204	0.00640
51	0.00986	0.00850	0.01016	0.05254	0.01253	0.00661	0.00609	0.01204	0.00989	0.01539	0.00850	0.01007	0.00704	0.00361	0.00361	0.00076	0.00370	0.00291	0.00279	0.81341
52	0.01163	0.01004	0.01056	0.00952	0.01218	0.01156	0.00740	0.02463	0.76122	0.01970	0.02065	0.01900	0.04707	0.00672	0.00490	0.00162	0.00373	0.00560	0.00485	0.00742
53	0.00620	0.00486	0.00561	0.00542	0.00680	0.00427	0.00407	0.00793	0.01221	0.01602	0.42232	0.04087	0.42443	0.01094	0.00564	0.00156	0.00234	0.00937	0.00485	0.00427
54	0.66518	0.03348	0.00854	0.00694	0.01000	0.01052	0.00577	0.03018	0.00935	0.15072	0.00875	0.00930	0.00639	0.00479	0.00360	0.00148	0.02280	0.00302	0.00343	0.00575
55	0.00980	0.07955	0.75432	0.01325	0.02012	0.01163	0.01702	0.01508	0.01007	0.01487	0.00845	0.00993	0.00606	0.00451	0.00444	0.00148	0.00693	0.00347	0.00202	0.00700
56	0.00830	0.00415	0.00623	0.00623	0.00623	0.00415	0.00415	0.00623	0.00623	0.00830	0.00830	0.01453	0.00830	0.01660	0.01868	0.86094	0.00415	0.00415	0.00208	0.00208
57	0.01087	0.01059	0.02018	0.03532	0.24313	0.01026	0.34943	0.03200	0.01123	0.03358	0.01310	0.09189	0.01210	0.00629	0.00548	0.00165	0.00627	0.09734	0.00296	0.00635
58	0.01442	0.03019	0.06080	0.19249	0.13795	0.18678	0.06130	0.14791	0.01339	0.09457	0.00991	0.01160	0.00738	0.00493	0.00468	0.00143	0.00646	0.00407	0.00308	0.00665
59	0.01289	0.81703	0.02479	0.00827	0.01232	0.03639	0.00820	0.01442	0.00980	0.01126	0.00666	0.00769	0.00613	0.00411	0.00309	0.00103	0.00519	0.00257	0.00205	0.00612
60	0.03391	0.00950	0.03567	0.00967	0.09074	0.00749	0.00708	0.04440	0.01054	0.02760	0.00877	0.01020	0.00716	0.00379	0.00374	0.00087	0.00394	0.00308	0.00289	0.67896
61	0.03703	0.07348	0.06269	0.03236	0.06564	0.11687	0.04020	0.28274	0.17055	0.03226	0.01177	0.01258	0.00898	0.02560	0.00506	0.00151	0.00559	0.00427	0.00374	0.00709
62	0.01766	0.02148	0.01339	0.01200	0.01455	0.72079	0.00908	0.08835	0.01427	0.01352	0.00796	0.00910	0.00648	0.00501	0.00433	0.00125	0.00816	0.00322	0.02363	0.00575
63	0.00971	0.00898	0.04266	0.00727	0.01149	0.00646	0.00608	0.01196	0.01004	0.01559	0.03019	0.01148	0.02745	0.00395	0.00369	0.00078	0.00362	0.00319	0.00290	0.78251
64	0.01755	0.02227	0.01359	0.01232	0.01468	0.77984	0.00929	0.01877	0.01329	0.01169	0.00734	0.00870	0.00616	0.00507	0.00478	0.00127	0.04230	0.00312	0.00245	0.00553
65	0.00781	0.00650	0.00932	0.00876	0.00931	0.00817	0.00690	0.00919	0.00752	0.01104	0.01126	0.01766	0.01091	0.09931	0.52978	0.00592	0.22873	0.00503	0.00246	0.00440
66	0.01162	0.18235	0.42759	0.01224	0.05165	0.01218	0.02503	0.04615	0.01076	0.07393	0.00906	0.01023	0.00676	0.00457	0.00443	0.00135	0.02196	0.00348	0.00252	0.08212
67	0.01926	0.00859	0.01101	0.00870	0.01213	0.00806	0.00708	0.06717	0.12423	0.61496	0.03889	0.01699	0.01298	0.02066	0.00518	0.00155	0.00406	0.00500	0.00563	0.00787
68	0.00633	0.00456	0.00599	0.00628	0.00704	0.00422	0.00446	0.00794	0.01155	0.01598	0.44549	0.38677	0.05128	0.01211	0.00584	0.00170	0.00249	0.01085	0.00488	0.00422
69	0.01143	0.03343	0.03763	0.14421	0.57111	0.01156	0.08062	0.02554	0.01084	0.01517	0.00894	0.01190	0.00730	0.00434	0.00477	0.00145	0.00600	0.00431	0.00235	0.00710
70	0.07117	0.68529	0.05833	0.00858	0.01262	0.07345	0.00848	0.01466	0.00989	0.01215	0.00678	0.00785	0.00607	0.00419	0.00321	0.00109	0.00535	0.00264	0.00213	0.00607
71	0.00676	0.00489	0.00639	0.00601	0.00714	0.00451	0.00451	0.00902	0.01353	0.01917	0.79969	0.03570	0.04510	0.00977	0.00564	0.00150	0.00225	0.00864	0.00526	0.00451
72	0.01071	0.01125	0.04743	0.24236	0.30230	0.01126	0.22837	0.01400	0.01047	0.01452	0.00913	0.01244	0.00719	0.00450	0.00528	0.00154	0.03056	0.00462	0.02562	0.00647
73	0.03765	0.02282	0.02733	0.05190	0.08262	0.01202	0.00903	0.39645	0.10185	0.09087	0.05253	0.02971	0.01187	0.00620	0.00482	0.00150	0.00481	0.03157	0.01714	0.00731
74	0.00695	0.00463	0.00521	0.00521	0.00521	0.00463	0.00290	0.00695	0.00695	0.00927	0.01506	0.03128	0.01738	0.83203	0.02433	0.00463	0.00463	0.00695	0.00290	0.00290
75	0.01246	0.01129	0.03887	0.03663	0.07667	0.03151	0.33138	0.11114	0.05425	0.07726	0.04047	0.03837	0.01068	0.00529	0.00503	0.00150	0.00593	0.00535	0.09941	0.00652
76	0.00582	0.00416	0.00555	0.00666	0.00693	0.00388	0.00444	0.00666	0.00915	0.01220	0.02634	0.82891	0.03161	0.01497	0.00610	0.00194	0.00277	0.01359	0.00444	0.00388
77	0.05808	0.18758	0.23188	0.04461	0.03876	0.11970	0.04144	0.02583	0.02219	0.05358	0.05791	0.04336	0.02286	0.00540	0.00431	0.00137	0.00581	0.00423	0.00279	0.02831
78	0.01146	0.37427	0.38137	0.01088	0.01620	0.01456	0.01254	0.05756	0.03198	0.01439	0.00864	0.01050	0.00701	0.00470	0.00398	0.00132	0.00596	0.02371	0.00232	0.00666
79	0.13211	0.29044	0.35866	0.01072	0.01581	0.02852	0.03299	0.01494	0.03076	0.01479	0.00834	0.01021	0.00671	0.00462	0.00391	0.00136	0.00585	0.02057	0.00231	0.00640

[dist]
# distance from previous block
# <min> <max>
1	40

[block]
# block no. 5 follows, 53 sequences, length 64
# corresponding to MSA columns:
# 883-907,909-929,937-954
name=unknown_F
#
# <colnr> <probs for GDERKNQSTAVLIFYWHMCP>
#	G	D	E	R	K	N	Q	S	T	A	V	L	I	F	Y	W	H	M	C	P
0	0.03029	0.05614	0.01416	0.34883	0.02151	0.02446	0.03895	0.15435	0.10206	0.04026	0.01165	0.01373	0.02921	0.00665	0.03761	0.00177	0.03418	0.00446	0.00316	0.02656
1	0.42192	0.01085	0.01164	0.02900	0.23636	0.07978	0.00859	0.01553	0.04145	0.07119	0.00921	0.02927	0.00741	0.00486	0.00389	0.00146	0.00474	0.00366	0.00304	0.00616
2	0.01020	0.03724	0.00689	0.00588	0.00746	0.03050	0.00458	0.07724	0.06292	0.01825	0.01479	0.01668	0.01164	0.00698	0.04123	0.00148	0.00337	0.00442	0.63319	0.00505
3	0.00927	0.00588	0.00757	0.00714	0.00790	0.01870	0.01740	0.03558	0.12644	0.01154	0.01162	0.01611	0.02927	0.02841	0.03343	0.58415	0.00436	0.00458	0.03718	0.00344
4	0.00683	0.00512	0.00768	0.00768	0.00853	0.00597	0.00597	0.00853	0.00768	0.01110	0.01280	0.01878	0.01195	0.03585	0.81308	0.00768	0.01280	0.00512	0.00256	0.00427
5	0.00683	0.00511	0.00763	0.00763	0.00846	0.00594	0.00591	0.00850	0.00767	0.01105	0.01285	0.01905	0.01207	0.05347	0.79562	0.00761	0.01262	0.00516	0.00257	0.00424
6	0.00618	0.00484	0.00559	0.00545	0.00679	0.00425	0.00407	0.00786	0.01207	0.01581	0.39857	0.06562	0.42362	0.01110	0.00566	0.00157	0.00235	0.00952	0.00482	0.00425
7	0.01183	0.01136	0.01940	0.02934	0.80221	0.01136	0.01467	0.01467	0.01088	0.01562	0.00899	0.01183	0.00757	0.00426	0.00473	0.00142	0.00568	0.00426	0.00237	0.00757
8	0.00709	0.00502	0.00666	0.00747	0.02751	0.00479	0.00552	0.00874	0.01054	0.01456	0.15814	0.30752	0.04503	0.04508	0.00657	0.00193	0.00328	0.23380	0.07609	0.02467
9	0.00903	0.00850	0.01434	0.82054	0.03292	0.01062	0.01327	0.01221	0.00956	0.01221	0.00850	0.01274	0.00637	0.00478	0.00478	0.00159	0.00637	0.00425	0.00212	0.00531
10	0.00991	0.00850	0.00991	0.00708	0.01133	0.00637	0.00566	0.01203	0.00991	0.01557	0.00850	0.00991	0.00708	0.00354	0.00354	0.00071	0.00354	0.00283	0.00283	0.86124
11	0.82852	0.00930	0.00736	0.00656	0.00939	0.01089	0.00541	0.01394	0.00810	0.02101	0.00664	0.00788	0.00522	0.00461	0.00351	0.00151	0.03941	0.00266	0.00292	0.00518
12	0.00611	0.00444	0.00579	0.00680	0.00719	0.00425	0.00458	0.00753	0.04562	0.01256	0.02602	0.79120	0.03082	0.01458	0.00604	0.00193	0.00282	0.01321	0.00446	0.00405
13	0.01266	0.03289	0.12488	0.07099	0.25390	0.01109	0.06925	0.08122	0.07344	0.10872	0.02279	0.01423	0.00945	0.00536	0.00532	0.00152	0.04358	0.02991	0.00322	0.02560
14	0.03843	0.15939	0.46598	0.03104	0.01916	0.02821	0.11439	0.03798	0.01065	0.03967	0.00871	0.01023	0.00645	0.00449	0.00440	0.00143	0.00662	0.00368	0.00232	0.00676
15	0.00695	0.00463	0.00521	0.00521	0.00521	0.00463	0.00290	0.00695	0.00695	0.00927	0.01506	0.03128	0.01738	0.83203	0.02433	0.00463	0.00463	0.00695	0.00290	0.00290
16	0.00607	0.00426	0.00547	0.00634	0.00655	0.00405	0.00410	0.00672	0.00867	0.01156	0.02386	0.65335	0.02848	0.19481	0.01011	0.00253	0.00318	0.01213	0.00410	0.00367
17	0.01281	0.13306	0.29993	0.06566	0.09770	0.04920	0.09662	0.05167	0.01143	0.12293	0.00994	0.01123	0.00726	0.00467	0.00452	0.00143	0.00629	0.00393	0.00279	0.00693
18	0.01234	0.03368	0.08897	0.11541	0.31264	0.11606	0.04027	0.04018	0.03000	0.05272	0.03903	0.03118	0.00931	0.00528	0.00535	0.00148	0.05223	0.00447	0.00276	0.00662
19	0.00646	0.00490	0.00574	0.00572	0.00705	0.00433	0.00433	0.00808	0.01173	0.02875	0.31083	0.10887	0.40521	0.01148	0.00573	0.00164	0.00254	0.05756	0.00475	0.00428
20	0.01897	0.02598	0.01331	0.01003	0.01377	0.01212	0.00830	0.50474	0.01916	0.28833	0.02737	0.01342	0.00996	0.00584	0.00477	0.00144	0.00481	0.00451	0.00512	0.00803
21	0.01166	0.08505	0.21458	0.01521	0.18293	0.08752	0.06084	0.02778	0.09601	0.01543	0.00967	0.01113	0.00760	0.00451	0.00437	0.00130	0.00583	0.00379	0.00265	0.15213
22	0.00688	0.00536	0.00746	0.00899	0.07351	0.00534	0.00603	0.00817	0.00966	0.01289	0.03683	0.48819	0.09285	0.02674	0.02525	0.00209	0.04104	0.13429	0.00410	0.00435
23	0.00685	0.00503	0.00720	0.00720	0.00788	0.00571	0.00537	0.00822	0.00754	0.01074	0.01324	0.02122	0.01301	0.19173	0.65865	0.00708	0.01120	0.00548	0.00263	0.00400
24	0.00959	0.02472	0.80726	0.01362	0.02069	0.01110	0.01766	0.01514	0.01009	0.01514	0.00858	0.01009	0.00605	0.00454	0.00454	0.00151	0.00706	0.00353	0.00202	0.00706
25	0.00683	0.00484	0.00660	0.00768	0.00839	0.00471	0.00605	0.00838	0.01010	0.01338	0.02558	0.42293	0.02913	0.01388	0.00629	0.00205	0.00358	0.39199	0.02347	0.00415
26	0.01046	0.01046	0.01464	0.01255	0.01255	0.01464	0.01046	0.01150	0.00732	0.01150	0.00627	0.01046	0.00627	0.00837	0.01569	0.00209	0.82328	0.00418	0.00209	0.00523
27	0.00613	0.00486	0.00550	0.00534	0.00675	0.00424	0.00401	0.00778	0.01202	0.01558	0.36919	0.04160	0.47783	0.01111	0.00564	0.00157	0.00235	0.00947	0.00479	0.00424
28	0.00683	0.00512	0.00768	0.00768	0.00853	0.00597	0.00597	0.00853	0.00768	0.01110	0.01280	0.01878	0.01195	0.03585	0.81308	0.00768	0.01280	0.00512	0.00256	0.00427
29	0.01189	0.01027	0.01081	0.00973	0.01243	0.01189	0.00757	0.02540	0.79357	0.01999	0.01945	0.01783	0.01459	0.00648	0.00486	0.00162	0.00378	0.00540	0.00486	0.00757
30	0.00822	0.00560	0.00783	0.00879	0.00999	0.00556	0.00768	0.01040	0.01110	0.04391	0.02507	0.05251	0.02692	0.01293	0.00653	0.00217	0.00439	0.74140	0.00446	0.00454
31	0.49013	0.00875	0.00883	0.00727	0.01056	0.00908	0.00600	0.01816	0.01060	0.37029	0.01208	0.01155	0.00814	0.00509	0.00378	0.00148	0.00386	0.00358	0.00427	0.00649
32	0.01189	0.01027	0.01081	0.00973	0.01243	0.01189	0.00757	0.02540	0.79357	0.01999	0.01945	0.01783	0.01459	0.00648	0.00486	0.00162	0.00378	0.00540	0.00486	0.00757
33	0.00914	0.00861	0.01454	0.78867	0.06391	0.01065	0.01333	0.01231	0.00961	0.01235	0.00852	0.01271	0.00642	0.00476	0.00478	0.00159	0.00634	0.00425	0.00213	0.00540
34	0.05169	0.01015	0.01174	0.00927	0.01280	0.08431	0.02374	0.07468	0.06059	0.58449	0.01665	0.01492	0.01086	0.00575	0.00471	0.00146	0.00463	0.00458	0.00526	0.00771
35	0.00683	0.00512	0.00768	0.00768	0.00853	0.00597	0.00597	0.00853	0.00768	0.01110	0.01280	0.01878	0.01195	0.03585	0.81308	0.00768	0.01280	0.00512	0.00256	0.00427
36	0.02144	0.00813	0.01109	0.00850	0.01220	0.00702	0.00702	0.02329	0.01368	0.80552	0.01886	0.01627	0.01183	0.00592	0.00481	0.00148	0.00407	0.00481	0.00592	0.00813
37	0.00950	0.00986	0.09889	0.01279	0.07959	0.00823	0.17687	0.04103	0.04024	0.04852	0.01871	0.28665	0.04982	0.00915	0.00575	0.00174	0.01871	0.07468	0.00362	0.00564
38	0.04706	0.01795	0.24060	0.01196	0.01603	0.23141	0.03846	0.11430	0.01295	0.14641	0.01010	0.01092	0.00732	0.00529	0.00538	0.00147	0.06868	0.00380	0.00319	0.00672
39	0.00596	0.00485	0.00527	0.00517	0.00665	0.00417	0.00387	0.00746	0.01162	0.01464	0.25655	0.04315	0.59105	0.01146	0.00565	0.00158	0.00237	0.00969	0.00467	0.00417
40	0.01893	0.00762	0.01023	0.00838	0.02656	0.00675	0.00664	0.02099	0.02565	0.64981	0.01865	0.05417	0.01276	0.00627	0.00470	0.00146	0.00382	0.00517	0.10395	0.00749
41	0.02615	0.01231	0.03618	0.13529	0.49031	0.09221	0.04942	0.02650	0.01126	0.06124	0.00936	0.01183	0.00743	0.00452	0.00471	0.00144	0.00608	0.00419	0.00259	0.00699
42	0.00573	0.00481	0.00498	0.00501	0.00652	0.00406	0.00373	0.00699	0.01098	0.01329	0.09643	0.08417	0.71278	0.01209	0.00567	0.00162	0.00243	0.01017	0.00449	0.00406
43	0.00611	0.00486	0.00549	0.00533	0.00674	0.00423	0.00400	0.00776	0.01199	0.01552	0.36160	0.04171	0.48546	0.01113	0.00564	0.00157	0.00235	0.00949	0.00478	0.00423
44	0.01278	0.83490	0.02505	0.00818	0.01227	0.01891	0.00818	0.01431	0.00971	0.01125	0.00664	0.00767	0.00613	0.00409	0.00307	0.00102	0.00511	0.00256	0.00204	0.00613
45	0.01027	0.00875	0.01033	0.00782	0.03256	0.00682	0.00603	0.04108	0.01041	0.01612	0.00862	0.01002	0.00713	0.00364	0.00362	0.00075	0.00366	0.00292	0.00289	0.80654
46	0.03176	0.42819	0.15914	0.01147	0.06388	0.04352	0.05066	0.02728	0.10439	0.01399	0.00892	0.00998	0.00729	0.00459	0.00403	0.00127	0.01720	0.00340	0.00249	0.00655
47	0.39880	0.00991	0.01340	0.21001	0.15565	0.01104	0.09324	0.02896	0.00958	0.01768	0.00793	0.01031	0.00617	0.00447	0.00404	0.00151	0.00520	0.00365	0.00263	0.00582
48	0.03078	0.02563	0.08064	0.11615	0.46340	0.04899	0.01326	0.09272	0.05226	0.01674	0.00953	0.01177	0.00759	0.00464	0.00465	0.00145	0.00582	0.00414	0.00269	0.00715
49	0.00603	0.00444	0.00590	0.00664	0.00717	0.00435	0.00463	0.00707	0.00899	0.01199	0.02574	0.55964	0.11156	0.03618	0.17239	0.00314	0.00484	0.01132	0.00402	0.00396
50	0.00695	0.00463	0.00521	0.00521	0.00521	0.00463	0.00290	0.00695	0.00695	0.00927	0.01506	0.03128	0.01738	0.83203	0.02433	0.00463	0.00463	0.00695	0.00290	0.00290
51	0.76834	0.00947	0.00828	0.00709	0.01018	0.01075	0.03678	0.03860	0.00895	0.05543	0.00746	0.00846	0.00564	0.00453	0.00320	0.00148	0.00394	0.00286	0.00312	0.00545
52	0.05400	0.46669	0.05261	0.00972	0.01332	0.27030	0.00876	0.02754	0.03552	0.01258	0.00743	0.00845	0.00639	0.00449	0.00360	0.00116	0.00620	0.00288	0.00235	0.00601
53	0.00903	0.00850	0.01434	0.82054	0.03292	0.01062	0.01327	0.01221	0.00956	0.01221	0.00850	0.01274	0.00637	0.00478	0.00478	0.00159	0.00637	0.00425	0.00212	0.00531
54	0.00602	0.00486	0.00535	0.00523	0.00668	0.00419	0.00392	0.00758	0.01177	0.01498	0.29731	0.04259	0.55009	0.01133	0.00565	0.00158	0.00237	0.00961	0.00471	0.00419
55	0.00577	0.00436	0.00534	0.00612	0.00679	0.00393	0.00420	0.00672	0.00967	0.01241	0.03289	0.59665	0.25964	0.01412	0.00597	0.00184	0.00267	0.01255	0.00444	0.00393
56	0.01817	0.01339	0.01434	0.01100	0.01482	0.01482	0.00908	0.78627	0.02247	0.03012	0.01148	0.01148	0.00813	0.00574	0.00478	0.00143	0.00526	0.00430	0.00478	0.00813
57	0.00903	0.00850	0.01434	0.82054	0.03292	0.01062	0.01327	0.01221	0.00956	0.01221	0.00850	0.01274	0.00637	0.00478	0.00478	0.00159	0.00637	0.00425	0.00212	0.00531
58	0.01324	0.76124	0.02400	0.00855	0.01249	0.09092	0.00827	0.01474	0.01006	0.01129	0.00671	0.00775	0.00614	0.00416	0.00318	0.00104	0.00543	0.00260	0.00208	0.00608
59	0.00972	0.05736	0.77575	0.01340	0.02035	0.01141	0.01728	0.01510	0.01008	0.01498	0.00850	0.00999	0.00606	0.00452	0.00448	0.00149	0.00699	0.00349	0.00202	0.00703
60	0.01800	0.01846	0.01391	0.01171	0.01480	0.44550	0.00917	0.37223	0.01765	0.02018	0.00927	0.00993	0.00706	0.00530	0.00453	0.00132	0.00707	0.00364	0.00353	0.00673
61	0.80051	0.00922	0.00762	0.00740	0.04609	0.01061	0.00564	0.01391	0.00825	0.02087	0.00695	0.00828	0.00549	0.00536	0.02717	0.00166	0.00406	0.00274	0.00292	0.00526
