[name]
unknown

[dist]
# distance from previous block
# <min> <max>
0	73

[block]
# block no. 0 follows, 68 sequences, length 23
# corresponding to MSA columns:
# 91-93,95-108,122-127
name=unknown_A
#
# <colnr> <probs for GDERKNQSTAVLIFYWHMCP>
#	G	D	E	R	K	N	Q	S	T	A	V	L	I	F	Y	W	H	M	C	P
0	0.00843	0.00711	0.01185	0.69799	0.06583	0.00846	0.02238	0.01095	0.00833	0.07781	0.00829	0.01201	0.00635	0.00426	0.00403	0.00132	0.00506	0.03276	0.00210	0.00468
1	0.00930	0.01063	0.12960	0.01073	0.02767	0.03915	0.22227	0.01544	0.31964	0.03148	0.08209	0.01367	0.02070	0.00470	0.00416	0.00127	0.00450	0.00440	0.00303	0.04558
2	0.00727	0.00541	0.00585	0.00534	0.00678	0.04494	0.00409	0.03831	0.04175	0.08417	0.38503	0.02886	0.31088	0.00809	0.00452	0.00127	0.00244	0.00686	0.00403	0.00411
3	0.00962	0.00925	0.01533	0.02186	0.70487	0.02092	0.04060	0.01213	0.02565	0.01309	0.04071	0.01062	0.00760	0.00373	0.00393	0.00116	0.00459	0.00367	0.00212	0.04855
4	0.00919	0.00702	0.00832	0.00599	0.00947	0.00534	0.00481	0.01093	0.00854	0.09650	0.00792	0.00876	0.00627	0.00314	0.00304	0.00065	0.00298	0.00251	0.00261	0.79601
5	0.00902	0.00861	0.01466	0.30716	0.55932	0.00921	0.01177	0.01147	0.00865	0.01199	0.00732	0.01007	0.00594	0.00368	0.00394	0.00123	0.00491	0.00353	0.00189	0.00564
6	0.01411	0.01721	0.01093	0.00988	0.01198	0.70384	0.00746	0.03685	0.12892	0.01108	0.00765	0.00831	0.00615	0.00429	0.00365	0.00107	0.00650	0.00286	0.00238	0.00489
7	0.01693	0.00714	0.00918	0.00705	0.01013	0.03101	0.00579	0.01847	0.01109	0.74722	0.01466	0.01288	0.00936	0.00472	0.00389	0.00117	0.00345	0.00381	0.00462	0.07742
8	0.00802	0.00741	0.01220	0.75156	0.08488	0.00902	0.01093	0.04886	0.00852	0.01104	0.00719	0.01047	0.00543	0.00397	0.00396	0.00130	0.00520	0.00353	0.00188	0.00465
9	0.09819	0.00946	0.01024	0.00814	0.01103	0.01028	0.00665	0.45469	0.15309	0.16657	0.02424	0.01113	0.00844	0.00484	0.00385	0.00123	0.00382	0.00372	0.00401	0.00638
10	0.01054	0.00909	0.01530	0.04555	0.73180	0.00905	0.01151	0.01282	0.00923	0.09458	0.00826	0.01020	0.00660	0.00368	0.00393	0.00119	0.00459	0.00358	0.00225	0.00627
11	0.00749	0.00705	0.01189	0.85113	0.02731	0.00881	0.01101	0.01013	0.00793	0.01013	0.00705	0.01057	0.00529	0.00396	0.00396	0.00132	0.00529	0.00352	0.00176	0.00440
12	0.01386	0.00660	0.04422	0.00655	0.00918	0.00537	0.00553	0.01539	0.01043	0.57623	0.03704	0.03582	0.15148	0.02772	0.03452	0.00150	0.00346	0.00496	0.00436	0.00577
13	0.00507	0.00382	0.00535	0.00588	0.00637	0.00355	0.03427	0.00595	0.00792	0.01050	0.04728	0.71626	0.08152	0.01174	0.00502	0.00158	0.00248	0.03848	0.00364	0.00334
14	0.00975	0.14518	0.30042	0.01500	0.29617	0.01005	0.06316	0.01284	0.02043	0.06785	0.01847	0.00941	0.00637	0.00376	0.00372	0.00117	0.00501	0.00327	0.00208	0.00589
15	0.01292	0.04402	0.03314	0.01613	0.42237	0.08905	0.00946	0.03853	0.01019	0.27034	0.00986	0.01052	0.00721	0.00405	0.00385	0.00117	0.00453	0.00351	0.00293	0.00622
16	0.00818	0.00775	0.01314	0.60480	0.26822	0.00899	0.01136	0.01074	0.00826	0.01097	0.00717	0.01035	0.00558	0.00384	0.00395	0.00128	0.00511	0.00353	0.00182	0.00496
17	0.02874	0.01690	0.61619	0.01047	0.01554	0.00847	0.04503	0.01365	0.00891	0.16671	0.00903	0.02777	0.00640	0.00415	0.00384	0.00126	0.00529	0.00336	0.00235	0.00591
18	0.01047	0.00729	0.00863	0.00632	0.00968	0.00598	0.00511	0.08452	0.00970	0.15678	0.00888	0.00938	0.00672	0.00348	0.00321	0.00076	0.00312	0.00277	0.02101	0.63620
19	0.00943	0.00941	0.01725	0.04562	0.57259	0.00928	0.21067	0.01202	0.00918	0.01295	0.04682	0.01099	0.00766	0.00372	0.00415	0.00122	0.00508	0.00399	0.00208	0.00588
20	0.00783	0.00692	0.08788	0.00682	0.00861	0.04281	0.03907	0.00950	0.01873	0.12337	0.09974	0.33186	0.12290	0.00858	0.00454	0.00138	0.00319	0.03386	0.00353	0.03888
21	0.00719	0.02356	0.06065	0.00626	0.00793	0.02271	0.02925	0.00940	0.04791	0.07409	0.38132	0.02542	0.20801	0.00816	0.02934	0.00143	0.04315	0.00628	0.00370	0.00424
22	0.00795	0.02051	0.84011	0.01130	0.01716	0.00921	0.01465	0.01256	0.00837	0.01256	0.00712	0.00837	0.00502	0.00377	0.00377	0.00126	0.00586	0.00293	0.00167	0.00586

[dist]
# distance from previous block
# <min> <max>
0	1

[block]
# block no. 1 follows, 68 sequences, length 27
# corresponding to MSA columns:
# 129-146,165,166,168-174
name=unknown_B
#
# <colnr> <probs for GDERKNQSTAVLIFYWHMCP>
#	G	D	E	R	K	N	Q	S	T	A	V	L	I	F	Y	W	H	M	C	P
0	0.07638	0.15720	0.01258	0.00905	0.01158	0.48911	0.03142	0.06122	0.02585	0.02963	0.00668	0.00756	0.00545	0.00393	0.00336	0.00101	0.00579	0.00263	0.00224	0.05735
1	0.03216	0.01909	0.03118	0.03394	0.01007	0.00621	0.01960	0.02949	0.07910	0.16299	0.14022	0.01320	0.01203	0.00444	0.00358	0.00096	0.00314	0.00370	0.00326	0.39164
2	0.00946	0.00906	0.01545	0.15167	0.71139	0.00933	0.01199	0.01185	0.00886	0.01252	0.00739	0.00993	0.00613	0.00360	0.00393	0.00120	0.00480	0.00353	0.00193	0.00599
3	0.00980	0.00890	0.01217	0.13474	0.10648	0.02537	0.11164	0.08583	0.38962	0.01525	0.03959	0.01335	0.01006	0.00479	0.00412	0.00130	0.00423	0.01380	0.00317	0.00578
4	0.01334	0.00657	0.00809	0.00669	0.00908	0.00634	0.00535	0.04853	0.17141	0.44903	0.06376	0.04572	0.04767	0.00564	0.00398	0.00124	0.00303	0.00467	0.09398	0.00590
5	0.00492	0.00365	0.00462	0.00530	0.00582	0.00335	0.00370	0.00580	0.00813	0.01060	0.06151	0.61002	0.18914	0.01167	0.00499	0.00155	0.00230	0.05593	0.00371	0.00329
6	0.00601	0.00391	0.00458	0.00462	0.00486	0.00380	0.00281	0.00630	0.00665	0.03812	0.05865	0.14832	0.04916	0.62735	0.01596	0.00319	0.00342	0.00669	0.00283	0.00278
7	0.00519	0.00378	0.00489	0.00525	0.00588	0.00349	0.00375	0.00642	0.00921	0.01252	0.34320	0.42539	0.10358	0.01045	0.00489	0.00145	0.00216	0.04109	0.00395	0.00345
8	0.00859	0.00791	0.01196	0.36679	0.17175	0.00888	0.00946	0.04428	0.02308	0.01184	0.00713	0.00975	0.00575	0.00416	0.00503	0.00121	0.12397	0.00331	0.00204	0.17309
9	0.76833	0.00770	0.00626	0.00555	0.00794	0.00890	0.00454	0.05818	0.02994	0.01770	0.00633	0.00745	0.00500	0.01557	0.03625	0.00147	0.00345	0.00242	0.00257	0.00444
10	0.02428	0.01020	0.02994	0.00984	0.02725	0.06199	0.12702	0.20301	0.34597	0.02534	0.01149	0.01156	0.00860	0.00455	0.00396	0.00121	0.00426	0.00391	0.00335	0.08229
11	0.03550	0.00978	0.01192	0.01167	0.14731	0.04313	0.04001	0.22453	0.26282	0.03714	0.01046	0.01104	0.00801	0.00494	0.00521	0.00131	0.12224	0.00381	0.00318	0.00598
12	0.05362	0.00689	0.00717	0.00628	0.00819	0.00754	0.00494	0.16218	0.27299	0.03717	0.02801	0.01476	0.05055	0.00517	0.00353	0.00116	0.00283	0.00414	0.31771	0.00517
13	0.11623	0.01150	0.01042	0.00837	0.01126	0.16835	0.00673	0.42746	0.04788	0.01921	0.00833	0.00875	0.00625	0.00427	0.00357	0.00108	0.00449	0.00308	0.00320	0.12957
14	0.02067	0.03847	0.19839	0.03609	0.16463	0.01881	0.32480	0.01221	0.02698	0.03041	0.00884	0.05912	0.00740	0.02980	0.00467	0.00136	0.00550	0.00431	0.00213	0.00541
15	0.00682	0.00544	0.00716	0.02624	0.11517	0.01470	0.00515	0.00850	0.02253	0.03727	0.24668	0.15076	0.15387	0.03540	0.02307	0.00142	0.00294	0.01478	0.00338	0.11871
16	0.00589	0.00430	0.00539	0.00551	0.00633	0.00415	0.00397	0.02778	0.06650	0.02290	0.34846	0.38998	0.07413	0.00979	0.00477	0.00142	0.00223	0.00871	0.00400	0.00378
17	0.01076	0.01135	0.01484	0.09732	0.07542	0.19975	0.22031	0.05625	0.00939	0.03844	0.00748	0.03035	0.00623	0.00476	0.00615	0.00134	0.19891	0.00380	0.00217	0.00499
18	0.02240	0.39394	0.02925	0.00743	0.01006	0.06738	0.03025	0.05291	0.11405	0.04351	0.05120	0.06552	0.05998	0.00515	0.00374	0.00111	0.03051	0.00394	0.00265	0.00505
19	0.02622	0.00574	0.00755	0.00619	0.00841	0.00512	0.00496	0.02612	0.01111	0.48992	0.27263	0.03726	0.04908	0.00623	0.00420	0.00124	0.00281	0.00526	0.02445	0.00550
20	0.00553	0.00397	0.00527	0.00606	0.00663	0.00385	0.00458	0.00691	0.02833	0.01111	0.04144	0.50791	0.05171	0.01142	0.00510	0.00164	0.00273	0.26962	0.02274	0.00346
21	0.05033	0.00839	0.01078	0.03500	0.26565	0.04480	0.01452	0.12763	0.12572	0.05651	0.12964	0.03543	0.02456	0.00511	0.00397	0.00122	0.00378	0.00440	0.04703	0.00553
22	0.00989	0.51310	0.21277	0.00806	0.01179	0.04260	0.00853	0.01306	0.09920	0.01111	0.03192	0.00850	0.00682	0.00387	0.00310	0.00102	0.00453	0.00274	0.00204	0.00534
23	0.00496	0.00358	0.00458	0.00530	0.00565	0.00333	0.00357	0.00568	0.00772	0.01019	0.04907	0.66392	0.10136	0.08583	0.00634	0.00177	0.00242	0.02794	0.00359	0.00319
24	0.05518	0.00819	0.00914	0.00822	0.00926	0.09201	0.00668	0.09945	0.02859	0.01259	0.03390	0.01600	0.01003	0.03458	0.11651	0.00218	0.28266	0.11463	0.05585	0.00436
25	0.04155	0.00916	0.02222	0.00926	0.02673	0.05112	0.11743	0.22592	0.06820	0.29604	0.01315	0.05222	0.03818	0.00510	0.00408	0.00125	0.00421	0.00435	0.00379	0.00603
26	0.03093	0.00374	0.00481	0.00563	0.00606	0.00356	0.00396	0.00603	0.00779	0.01054	0.02206	0.68214	0.06634	0.02504	0.00525	0.00165	0.00249	0.10506	0.00362	0.00330

[dist]
# distance from previous block
# <min> <max>
0	1

[block]
# block no. 2 follows, 68 sequences, length 11
# corresponding to MSA columns:
# 176-186
name=unknown_C
#
# <colnr> <probs for GDERKNQSTAVLIFYWHMCP>
#	G	D	E	R	K	N	Q	S	T	A	V	L	I	F	Y	W	H	M	C	P
0	0.00978	0.00899	0.01409	0.19142	0.45972	0.00970	0.02843	0.08792	0.10052	0.01379	0.00848	0.01048	0.00673	0.00403	0.00422	0.00125	0.02859	0.00366	0.00233	0.00586
1	0.00973	0.00952	0.04703	0.17885	0.36144	0.02747	0.11022	0.10685	0.00999	0.02619	0.00938	0.04309	0.03365	0.00433	0.00409	0.00125	0.00492	0.00409	0.00232	0.00560
2	0.00898	0.00717	0.00837	0.00612	0.00949	0.00571	0.00490	0.04483	0.03501	0.05564	0.02964	0.00932	0.00714	0.00333	0.00311	0.00069	0.00300	0.00268	0.00265	0.75222
3	0.00862	0.23311	0.01198	0.00785	0.00913	0.10252	0.02206	0.00958	0.00765	0.00964	0.01050	0.24510	0.01152	0.04300	0.02649	0.00157	0.22785	0.00532	0.00234	0.00417
4	0.04860	0.00762	0.00897	0.00719	0.00979	0.00764	0.00588	0.27774	0.02650	0.33888	0.10009	0.01649	0.06856	0.00572	0.00407	0.00124	0.00341	0.03429	0.02136	0.00592
5	0.00707	0.00671	0.03013	0.01281	0.33922	0.00612	0.02403	0.00887	0.00930	0.01246	0.14496	0.05566	0.31296	0.00694	0.00437	0.00127	0.00327	0.00615	0.00301	0.00468
6	0.00946	0.00874	0.01350	0.21760	0.27487	0.04288	0.10567	0.09597	0.04077	0.02642	0.00969	0.10437	0.00856	0.00526	0.01767	0.00136	0.00489	0.00454	0.00245	0.00532
7	0.00570	0.00382	0.00434	0.00441	0.00443	0.00380	0.00249	0.00575	0.00590	0.00786	0.01317	0.08590	0.01527	0.79954	0.01909	0.00368	0.00373	0.00616	0.00249	0.00246
8	0.01200	0.05592	0.04124	0.02528	0.01242	0.09027	0.07411	0.25296	0.24187	0.05872	0.02297	0.01112	0.00836	0.00485	0.00462	0.00126	0.06905	0.00379	0.00328	0.00590
9	0.04065	0.00904	0.01517	0.13309	0.69955	0.00932	0.01174	0.01188	0.00880	0.01275	0.00733	0.00979	0.00608	0.00360	0.00388	0.00120	0.00473	0.00348	0.00195	0.00596
10	0.00977	0.00894	0.01506	0.13106	0.67523	0.00909	0.01156	0.01211	0.00895	0.04386	0.00770	0.01001	0.00627	0.00362	0.00390	0.00118	0.00468	0.00351	0.00206	0.03144

[dist]
# distance from previous block
# <min> <max>
0	1

[block]
# block no. 3 follows, 68 sequences, length 9
# corresponding to MSA columns:
# 188-196
name=unknown_D
#
# <colnr> <probs for GDERKNQSTAVLIFYWHMCP>
#	G	D	E	R	K	N	Q	S	T	A	V	L	I	F	Y	W	H	M	C	P
0	0.01432	0.05014	0.06648	0.01003	0.01242	0.72374	0.00802	0.01561	0.01093	0.04399	0.00656	0.00746	0.00529	0.00407	0.00357	0.00104	0.00680	0.00262	0.00212	0.00479
1	0.01105	0.13490	0.18607	0.01055	0.09164	0.20758	0.03874	0.03907	0.03963	0.07739	0.06599	0.02476	0.00857	0.00435	0.00368	0.00111	0.00504	0.00342	0.00247	0.04396
2	0.00557	0.00424	0.00470	0.00454	0.00583	0.00372	0.00342	0.00709	0.03314	0.04331	0.23916	0.05769	0.55483	0.00929	0.00465	0.00132	0.00207	0.00787	0.00391	0.00366
3	0.00831	0.00819	0.01161	0.20517	0.03787	0.03325	0.00892	0.00964	0.00682	0.00980	0.00676	0.05401	0.00650	0.00703	0.03449	0.00173	0.53981	0.00389	0.00187	0.00433
4	0.00817	0.00682	0.00792	0.00573	0.00908	0.00518	0.00457	0.00993	0.00823	0.01304	0.00744	0.00866	0.00616	0.00305	0.00293	0.00061	0.00286	0.00244	0.06113	0.82606
5	0.00577	0.00384	0.00432	0.00432	0.00432	0.00384	0.00240	0.00577	0.00577	0.00769	0.01249	0.02595	0.01441	0.86066	0.02018	0.00384	0.00384	0.00577	0.00240	0.00240
6	0.00840	0.16322	0.70133	0.01054	0.01598	0.01031	0.01332	0.01244	0.00832	0.01201	0.00684	0.00803	0.00503	0.00370	0.00356	0.00119	0.00559	0.00279	0.00168	0.00573
7	0.01140	0.59747	0.03667	0.00792	0.03759	0.06593	0.00716	0.11038	0.00967	0.03383	0.00648	0.00723	0.00549	0.00363	0.00291	0.00092	0.00440	0.00245	0.00212	0.04635
8	0.01285	0.02875	0.05042	0.00764	0.01051	0.00742	0.02776	0.06792	0.16801	0.36139	0.05883	0.01376	0.01083	0.00550	0.02298	0.00131	0.01848	0.01684	0.00391	0.10490

[dist]
# distance from previous block
# <min> <max>
0	9

[block]
# block no. 4 follows, 68 sequences, length 47
# corresponding to MSA columns:
# 248-294
name=unknown_E
#
# <colnr> <probs for GDERKNQSTAVLIFYWHMCP>
#	G	D	E	R	K	N	Q	S	T	A	V	L	I	F	Y	W	H	M	C	P
0	0.01371	0.04766	0.12233	0.00954	0.04263	0.03399	0.03323	0.33415	0.09084	0.21514	0.01090	0.01066	0.00760	0.00455	0.00390	0.00121	0.00437	0.00361	0.00361	0.00639
1	0.05052	0.01086	0.03978	0.00978	0.04624	0.02470	0.05419	0.57553	0.02749	0.03133	0.00899	0.00940	0.00653	0.00439	0.00384	0.00115	0.00440	0.00344	0.00347	0.08395
2	0.00491	0.00352	0.00456	0.00534	0.00563	0.00328	0.00355	0.00559	0.00761	0.01010	0.03965	0.73393	0.06958	0.07505	0.00615	0.00175	0.00239	0.01062	0.00360	0.00318
3	0.00879	0.03657	0.70582	0.01117	0.01654	0.06045	0.03909	0.03294	0.01962	0.02264	0.00733	0.00850	0.00525	0.00382	0.00377	0.00123	0.00583	0.00299	0.00183	0.00579
4	0.00577	0.00384	0.00432	0.00432	0.00432	0.00384	0.00240	0.00577	0.00577	0.00769	0.01249	0.02595	0.01441	0.86066	0.02018	0.00384	0.00384	0.00577	0.00240	0.00240
5	0.00577	0.00365	0.00458	0.00482	0.00488	0.00359	0.00297	0.00557	0.00611	0.00815	0.01369	0.23978	0.01583	0.45247	0.01520	0.19784	0.00335	0.00669	0.00259	0.00247
6	0.04373	0.00950	0.01076	0.00830	0.01138	0.01001	0.00685	0.52812	0.01575	0.28448	0.01136	0.01078	0.00769	0.00514	0.01628	0.00128	0.00410	0.00367	0.00419	0.00662
7	0.05737	0.06775	0.44198	0.02999	0.01552	0.02497	0.11923	0.07455	0.06439	0.02804	0.03401	0.00975	0.00683	0.00403	0.00381	0.00124	0.00526	0.00338	0.00224	0.00565
8	0.00981	0.00942	0.01609	0.02434	0.83592	0.00942	0.01217	0.01217	0.00903	0.01295	0.00746	0.00981	0.00628	0.00353	0.00393	0.00118	0.00471	0.00353	0.00196	0.00628
9	0.01461	0.01848	0.01103	0.01004	0.01205	0.82186	0.00753	0.01565	0.01116	0.00984	0.00631	0.00736	0.00524	0.00410	0.00355	0.00102	0.00701	0.00258	0.02599	0.00457
10	0.01025	0.73707	0.11687	0.00763	0.01133	0.01475	0.03375	0.01198	0.00813	0.00981	0.00578	0.00673	0.00511	0.00343	0.00276	0.00091	0.00451	0.00230	0.00170	0.00519
11	0.01408	0.00726	0.00851	0.00690	0.00942	0.02072	0.00558	0.13719	0.13514	0.41705	0.01411	0.01325	0.00969	0.00489	0.00374	0.00118	0.00325	0.00392	0.17808	0.00604
12	0.13611	0.01043	0.01091	0.00849	0.01154	0.01155	0.00700	0.66800	0.03063	0.05280	0.00930	0.00932	0.00660	0.00463	0.00376	0.00120	0.00413	0.00340	0.00379	0.00640
13	0.00503	0.00372	0.00473	0.00535	0.00577	0.00352	0.00368	0.00579	0.00780	0.01026	0.04942	0.60768	0.14290	0.07375	0.00627	0.00173	0.01940	0.03637	0.00357	0.00323
14	0.00590	0.00400	0.00503	0.00530	0.00590	0.00379	0.00378	0.00684	0.00820	0.04086	0.14990	0.26764	0.10191	0.23726	0.00902	0.00214	0.00286	0.13287	0.00349	0.00329
15	0.00598	0.00407	0.00524	0.00511	0.00605	0.00374	0.00382	0.00760	0.01038	0.04646	0.57470	0.15199	0.09007	0.00874	0.00467	0.00132	0.00206	0.03327	0.03097	0.00375
16	0.00557	0.00396	0.00473	0.00481	0.00527	0.00386	0.00318	0.00639	0.02329	0.01005	0.14698	0.14254	0.13302	0.39407	0.06137	0.02189	0.00344	0.01948	0.00309	0.00300
17	0.60483	0.00798	0.00720	0.00608	0.00867	0.00889	0.00501	0.14448	0.00933	0.12175	0.00784	0.00859	0.00579	0.00414	0.00295	0.00122	0.00330	0.01498	0.02198	0.00498
18	0.01227	0.01005	0.01166	0.00934	0.01200	0.04082	0.08488	0.42873	0.22174	0.01951	0.01148	0.05019	0.00907	0.03252	0.00483	0.00135	0.02560	0.00429	0.00361	0.00605
19	0.01222	0.03773	0.01187	0.00947	0.01135	0.11008	0.00777	0.36171	0.06271	0.01664	0.00799	0.00933	0.00639	0.00602	0.02764	0.00148	0.28777	0.00344	0.00288	0.00553
20	0.03553	0.01221	0.01182	0.00951	0.01235	0.18015	0.05103	0.48265	0.13085	0.01987	0.00959	0.00977	0.00707	0.00461	0.00390	0.00119	0.00485	0.00352	0.00344	0.00611
21	0.00975	0.00935	0.01597	0.04809	0.81270	0.00940	0.01214	0.01211	0.00900	0.01287	0.00745	0.00983	0.00625	0.00355	0.00393	0.00118	0.00473	0.00353	0.00196	0.00623
22	0.00981	0.00942	0.01609	0.02434	0.83592	0.00942	0.01217	0.01217	0.00903	0.01295	0.00746	0.00981	0.00628	0.00353	0.00393	0.00118	0.00471	0.00353	0.00196	0.00628
23	0.00754	0.00710	0.01198	0.83428	0.04379	0.00882	0.01103	0.01017	0.00795	0.01019	0.00706	0.01056	0.00531	0.00396	0.00396	0.00132	0.00527	0.00352	0.00177	0.00444
24	0.00833	0.00733	0.00949	0.06362	0.07887	0.00598	0.02588	0.01024	0.00830	0.01273	0.00711	0.00857	0.00587	0.00306	0.00313	0.00070	0.00333	0.00258	0.00227	0.73261
25	0.01169	0.08798	0.01257	0.01034	0.03489	0.36927	0.00812	0.01272	0.00865	0.02645	0.00590	0.00795	0.00528	0.00527	0.00760	0.00132	0.37449	0.00297	0.00193	0.00462
26	0.09962	0.01150	0.00874	0.00781	0.00986	0.33099	0.00601	0.03493	0.18954	0.09241	0.03071	0.01112	0.00861	0.00460	0.00352	0.00113	0.00451	0.00338	0.13599	0.00503
27	0.00489	0.00359	0.00460	0.00533	0.00577	0.00330	0.00367	0.00571	0.00800	0.01050	0.05881	0.68102	0.14281	0.01185	0.00500	0.00156	0.00228	0.03432	0.00371	0.00327
28	0.00888	0.00754	0.00803	0.00727	0.00928	0.00846	0.00564	0.03161	0.62789	0.01599	0.11275	0.01905	0.10810	0.00621	0.00418	0.00133	0.00289	0.00522	0.00403	0.00566
29	0.00552	0.00371	0.00447	0.00472	0.00490	0.00359	0.00292	0.00567	0.00657	0.00868	0.03166	0.25943	0.07836	0.46934	0.01409	0.08033	0.00320	0.00733	0.00283	0.00267
30	0.00856	0.00491	0.00613	0.00543	0.00699	0.00450	0.00420	0.02605	0.03818	0.20055	0.41694	0.04331	0.17167	0.00754	0.00443	0.00126	0.00233	0.00647	0.03608	0.00448
31	0.00767	0.00715	0.01189	0.83066	0.02694	0.00889	0.01093	0.02989	0.00819	0.01049	0.00711	0.01055	0.00532	0.00398	0.00396	0.00132	0.00526	0.00352	0.00182	0.00446
32	0.00741	0.00583	0.00666	0.00664	0.00798	0.00625	0.00523	0.01244	0.31868	0.01313	0.02017	0.06771	0.11254	0.09866	0.00625	0.00175	0.00314	0.25062	0.04447	0.00446
33	0.00575	0.00390	0.00459	0.00459	0.00468	0.00399	0.00273	0.00593	0.00584	0.00788	0.01225	0.02462	0.01384	0.75475	0.12530	0.00417	0.00471	0.00557	0.00237	0.00255
34	0.19075	0.34298	0.04590	0.00764	0.01061	0.19221	0.01838	0.04283	0.00923	0.09704	0.00693	0.00753	0.00549	0.00382	0.00303	0.00104	0.00464	0.00253	0.00234	0.00508
35	0.12469	0.00744	0.00880	0.00807	0.02690	0.05171	0.00630	0.08217	0.00782	0.02980	0.00827	0.01190	0.00751	0.06177	0.30272	0.00331	0.24060	0.00367	0.00229	0.00427
36	0.00936	0.01002	0.06676	0.11882	0.55979	0.00943	0.14332	0.01204	0.00891	0.01256	0.00748	0.00996	0.00605	0.00357	0.00404	0.00122	0.00517	0.00368	0.00193	0.00588
37	0.00541	0.00409	0.00502	0.00497	0.00597	0.00374	0.00375	0.00708	0.02257	0.01375	0.48491	0.10466	0.24893	0.00914	0.00475	0.00134	0.00208	0.06013	0.00407	0.00362
38	0.00511	0.00368	0.00504	0.00573	0.00609	0.00367	0.00402	0.00598	0.00733	0.00991	0.01909	0.61106	0.02219	0.04997	0.18105	0.00270	0.00416	0.04662	0.00330	0.00327
39	0.01060	0.75282	0.09405	0.00725	0.01084	0.02823	0.00748	0.01218	0.00822	0.02979	0.00591	0.00673	0.00520	0.00347	0.00271	0.00090	0.00441	0.00225	0.00178	0.00519
40	0.00636	0.00463	0.00660	0.00734	0.00829	0.00459	0.02194	0.00816	0.00912	0.01188	0.03568	0.07115	0.03430	0.01079	0.00542	0.00179	0.00361	0.74105	0.00363	0.00367
41	0.00532	0.00380	0.00450	0.00484	0.00561	0.00350	0.00348	0.00643	0.00849	0.01152	0.11318	0.33265	0.26770	0.02935	0.03391	0.00162	0.00248	0.03864	0.11959	0.00339
42	0.00795	0.02051	0.84011	0.01130	0.01716	0.00921	0.01465	0.01256	0.00837	0.01256	0.00712	0.00837	0.00502	0.00377	0.00377	0.00126	0.00586	0.00293	0.00167	0.00586
43	0.00514	0.00366	0.00482	0.00546	0.00583	0.00345	0.00377	0.00605	0.00815	0.01101	0.15604	0.59908	0.02691	0.07935	0.00623	0.00174	0.00244	0.06392	0.00369	0.00327
44	0.32130	0.00719	0.00811	0.02796	0.00933	0.02432	0.05060	0.10304	0.00861	0.01474	0.01049	0.14383	0.01026	0.00888	0.09918	0.00194	0.06771	0.06313	0.01504	0.00434
45	0.00501	0.00384	0.00460	0.00486	0.00570	0.00343	0.00350	0.00614	0.00908	0.01184	0.23383	0.32571	0.33022	0.01041	0.00483	0.00142	0.00211	0.02620	0.00385	0.00341
46	0.00958	0.27485	0.21493	0.00873	0.01212	0.03186	0.08602	0.02905	0.02657	0.08412	0.07090	0.11402	0.01075	0.00515	0.00373	0.00117	0.00443	0.00431	0.00255	0.00516

[dist]
# distance from previous block
# <min> <max>
11	23

[block]
# block no. 5 follows, 68 sequences, length 14
# corresponding to MSA columns:
# 320-333
name=unknown_F
#
# <colnr> <probs for GDERKNQSTAVLIFYWHMCP>
#	G	D	E	R	K	N	Q	S	T	A	V	L	I	F	Y	W	H	M	C	P
0	0.01026	0.02377	0.03482	0.03334	0.47511	0.03233	0.06181	0.04121	0.16764	0.04246	0.00943	0.01075	0.00741	0.00398	0.00394	0.00120	0.00452	0.00371	0.00253	0.02978
1	0.00889	0.00596	0.00672	0.00574	0.00736	0.00589	0.00431	0.16811	0.03868	0.08404	0.13282	0.02123	0.12611	0.22049	0.00806	0.00182	0.00312	0.00527	0.07342	0.07194
2	0.16381	0.00959	0.02996	0.00786	0.01058	0.09776	0.03442	0.13376	0.18578	0.17941	0.03306	0.01138	0.00872	0.01788	0.00391	0.00123	0.00393	0.00357	0.00346	0.05990
3	0.00642	0.00506	0.00598	0.00534	0.00695	0.00454	0.00405	0.03534	0.05432	0.01394	0.34269	0.12094	0.18505	0.00767	0.00431	0.00118	0.00232	0.00663	0.00371	0.18357
4	0.84472	0.00762	0.00600	0.00531	0.00779	0.00874	0.00437	0.01204	0.00698	0.05922	0.00603	0.00680	0.00457	0.00374	0.00253	0.00123	0.00308	0.00224	0.00258	0.00442
5	0.00682	0.00521	0.00694	0.00689	0.00780	0.00547	0.02865	0.07332	0.04202	0.02556	0.03900	0.40781	0.06248	0.01107	0.04623	0.00181	0.06754	0.14796	0.00348	0.00394
6	0.00904	0.00868	0.01370	0.18917	0.53378	0.03765	0.01071	0.01156	0.03065	0.01250	0.06754	0.01239	0.03689	0.00424	0.00400	0.00122	0.00457	0.00395	0.00221	0.00556
7	0.00822	0.00705	0.00822	0.00587	0.00940	0.00529	0.00470	0.00998	0.00822	0.01292	0.00705	0.00822	0.00587	0.00294	0.00294	0.00059	0.00294	0.00235	0.00235	0.88490
8	0.00572	0.00408	0.00562	0.00653	0.00715	0.00398	0.00522	0.00705	0.00846	0.01111	0.02136	0.39586	0.02429	0.01159	0.00530	0.00173	0.00307	0.46474	0.00366	0.00347
9	0.00547	0.00397	0.00473	0.00505	0.00561	0.00376	0.00358	0.00623	0.00767	0.00987	0.04612	0.17002	0.21663	0.32474	0.01062	0.00240	0.00305	0.16421	0.00322	0.00305
10	0.00809	0.00642	0.00810	0.00738	0.00832	0.00739	0.00573	0.13636	0.05443	0.03133	0.16794	0.29317	0.01890	0.00850	0.00672	0.00148	0.21512	0.00682	0.00341	0.00439
11	0.00577	0.00384	0.00432	0.00432	0.00432	0.00384	0.00240	0.00577	0.00577	0.00769	0.01249	0.02595	0.01441	0.86066	0.02018	0.00384	0.00384	0.00577	0.00240	0.00240
12	0.01430	0.00964	0.01238	0.00956	0.01246	0.09989	0.14909	0.18284	0.02813	0.34525	0.05281	0.01214	0.00925	0.00476	0.00445	0.00124	0.03805	0.00401	0.00372	0.00601
13	0.70649	0.00815	0.00695	0.00592	0.00852	0.00925	0.00488	0.13738	0.00883	0.06339	0.00669	0.00730	0.00497	0.00391	0.00277	0.00122	0.00328	0.00247	0.00282	0.00481

[dist]
# distance from previous block
# <min> <max>
6	33

[block]
# block no. 6 follows, 68 sequences, length 18
# corresponding to MSA columns:
# 372-389
name=unknown_G
#
# <colnr> <probs for GDERKNQSTAVLIFYWHMCP>
#	G	D	E	R	K	N	Q	S	T	A	V	L	I	F	Y	W	H	M	C	P
0	0.03502	0.02095	0.08695	0.02119	0.01104	0.19980	0.00656	0.01267	0.06212	0.04869	0.00809	0.02806	0.00660	0.00378	0.00333	0.00088	0.00426	0.00288	0.00245	0.43469
1	0.00858	0.00976	0.20415	0.13939	0.07281	0.01831	0.00859	0.01227	0.11054	0.09726	0.19778	0.05639	0.03607	0.00566	0.00415	0.00128	0.00394	0.00486	0.00309	0.00512
2	0.00578	0.00422	0.00585	0.00592	0.00641	0.00471	0.00437	0.00682	0.00651	0.00924	0.01244	0.10175	0.01287	0.21013	0.49427	0.00485	0.03474	0.03600	0.02983	0.00329
3	0.05364	0.00810	0.01180	0.03799	0.15340	0.00840	0.13418	0.04647	0.24651	0.07982	0.04891	0.01674	0.07904	0.00538	0.00419	0.00132	0.00398	0.05136	0.00324	0.00553
4	0.00793	0.00742	0.01302	0.04279	0.01319	0.00773	0.28514	0.01077	0.07878	0.02911	0.01396	0.15624	0.03536	0.00780	0.03196	0.00167	0.10520	0.14455	0.00281	0.00455
5	0.00846	0.00456	0.00589	0.00560	0.00681	0.00416	0.00415	0.00959	0.00909	0.22203	0.14126	0.26668	0.11274	0.10161	0.03156	0.00181	0.00294	0.03919	0.01771	0.00416
6	0.00977	0.00905	0.01537	0.12431	0.71251	0.00924	0.01183	0.01214	0.00896	0.03773	0.00766	0.01002	0.00627	0.00363	0.00393	0.00120	0.00474	0.00355	0.00203	0.00607
7	0.01450	0.01145	0.01147	0.00905	0.01198	0.08868	0.00736	0.69404	0.03957	0.02276	0.00988	0.04309	0.00751	0.00502	0.00398	0.00120	0.00451	0.00381	0.00378	0.00639
8	0.00568	0.00420	0.00575	0.00634	0.00702	0.00411	0.02005	0.00712	0.02753	0.01096	0.03613	0.40264	0.06357	0.04522	0.03951	0.00194	0.00327	0.30192	0.00355	0.00349
9	0.00537	0.00367	0.00455	0.00501	0.00518	0.00354	0.00319	0.00569	0.00680	0.00901	0.01773	0.41484	0.04634	0.36883	0.01194	0.04695	0.00304	0.03247	0.00304	0.00282
10	0.00552	0.00411	0.00518	0.00581	0.00640	0.00403	0.00416	0.00733	0.08166	0.01107	0.04827	0.57272	0.08261	0.03676	0.00543	0.00165	0.00255	0.10752	0.00369	0.00355
11	0.01064	0.79026	0.01966	0.00674	0.01001	0.01502	0.00664	0.04448	0.00850	0.01020	0.00601	0.00686	0.00538	0.00350	0.00261	0.00087	0.00414	0.00225	0.04115	0.00509
12	0.00558	0.00384	0.00453	0.00479	0.00497	0.00376	0.00301	0.00592	0.00656	0.00865	0.01637	0.18918	0.05762	0.58443	0.01528	0.00312	0.00344	0.07343	0.00282	0.00271
13	0.00575	0.00389	0.00457	0.00457	0.00466	0.00398	0.00271	0.00593	0.00584	0.00787	0.01227	0.02469	0.01387	0.75990	0.12019	0.00415	0.00467	0.00558	0.00237	0.00254
14	0.00990	0.01028	0.01340	0.33291	0.22340	0.16027	0.04915	0.04392	0.00910	0.01141	0.00694	0.00953	0.00559	0.00419	0.00486	0.00127	0.09350	0.00340	0.00196	0.00504
15	0.78752	0.00747	0.00609	0.00536	0.00781	0.00847	0.00440	0.01215	0.00728	0.08522	0.03406	0.00780	0.00586	0.00393	0.00265	0.00123	0.00305	0.00247	0.00272	0.00448
16	0.00868	0.11944	0.52421	0.01067	0.01536	0.04299	0.08430	0.01244	0.02768	0.01216	0.03196	0.00908	0.00630	0.00395	0.00405	0.00120	0.03789	0.00313	0.00189	0.04262
17	0.00943	0.05733	0.28349	0.04290	0.01323	0.01825	0.03194	0.07641	0.19094	0.05127	0.06830	0.01199	0.01947	0.00452	0.00380	0.00117	0.00430	0.00370	0.00283	0.10474

[dist]
# distance from previous block
# <min> <max>
0	5

[block]
# block no. 7 follows, 68 sequences, length 6
# corresponding to MSA columns:
# 399-404
name=unknown_H
#
# <colnr> <probs for GDERKNQSTAVLIFYWHMCP>
#	G	D	E	R	K	N	Q	S	T	A	V	L	I	F	Y	W	H	M	C	P
0	0.00818	0.00589	0.00684	0.00628	0.00788	0.00601	0.00485	0.05249	0.21223	0.09266	0.17119	0.13251	0.18583	0.00788	0.00467	0.00135	0.02367	0.03972	0.00394	0.02595
1	0.04094	0.37908	0.05616	0.00979	0.06810	0.07155	0.10907	0.02793	0.07597	0.02965	0.00736	0.00839	0.00603	0.00374	0.00347	0.00103	0.02318	0.00291	0.00216	0.07350
2	0.05753	0.00996	0.11126	0.04793	0.16878	0.04516	0.02743	0.15470	0.09289	0.06889	0.01164	0.16469	0.01045	0.00572	0.00406	0.00129	0.00419	0.00491	0.00302	0.00550
3	0.00719	0.00631	0.00808	0.00697	0.00857	0.07123	0.11404	0.00870	0.00956	0.05888	0.19776	0.11832	0.31133	0.00862	0.02486	0.00145	0.02366	0.00701	0.00346	0.00401
4	0.01116	0.45810	0.04638	0.00794	0.01105	0.13279	0.07109	0.01277	0.00891	0.07287	0.00733	0.00823	0.00598	0.00369	0.00306	0.00095	0.00458	0.00270	0.07539	0.05502
5	0.00611	0.00429	0.00540	0.00540	0.00634	0.00403	0.00400	0.04440	0.01006	0.03957	0.38005	0.28864	0.12852	0.00958	0.00478	0.00140	0.00227	0.04737	0.00403	0.00376

[dist]
# distance from previous block
# <min> <max>
0	2

[block]
# block no. 8 follows, 68 sequences, length 11
# corresponding to MSA columns:
# 407-417
name=unknown_I
#
# <colnr> <probs for GDERKNQSTAVLIFYWHMCP>
#	G	D	E	R	K	N	Q	S	T	A	V	L	I	F	Y	W	H	M	C	P
0	0.02478	0.01370	0.39071	0.06823	0.05373	0.02081	0.01064	0.04413	0.06215	0.22904	0.00995	0.01034	0.00688	0.00424	0.00396	0.00124	0.01683	0.00338	0.00280	0.02243
1	0.81211	0.00766	0.00611	0.00542	0.00789	0.00879	0.00445	0.01240	0.03996	0.05665	0.00643	0.00711	0.00487	0.00381	0.00259	0.00123	0.00308	0.00233	0.00263	0.00449
2	0.00481	0.00354	0.00451	0.00528	0.00569	0.00324	0.00357	0.00555	0.00782	0.01022	0.02479	0.72678	0.15562	0.01204	0.00500	0.00157	0.00225	0.01081	0.00368	0.00324
3	0.03816	0.03306	0.20149	0.06039	0.01926	0.00997	0.51869	0.04649	0.00934	0.01313	0.00769	0.00988	0.00571	0.00354	0.00428	0.00130	0.00615	0.00404	0.00201	0.00543
4	0.00710	0.00615	0.00881	0.03727	0.00906	0.00793	0.00655	0.02516	0.00653	0.00962	0.00837	0.01279	0.00792	0.03653	0.44648	0.02283	0.33110	0.00393	0.00200	0.00388
5	0.00649	0.00443	0.00539	0.00515	0.00637	0.00409	0.00394	0.00848	0.04899	0.07254	0.40774	0.07633	0.24377	0.00857	0.00461	0.00132	0.00220	0.05549	0.03014	0.00394
6	0.00495	0.00400	0.00442	0.00449	0.00563	0.00347	0.00336	0.00613	0.00933	0.01171	0.19124	0.11191	0.57032	0.00993	0.00475	0.00137	0.00208	0.04367	0.00381	0.00343
7	0.01250	0.00903	0.00999	0.00817	0.01056	0.02574	0.00672	0.49748	0.02912	0.06393	0.09231	0.01603	0.01194	0.00590	0.00455	0.00128	0.04234	0.09635	0.05028	0.00577
8	0.00524	0.00391	0.00467	0.00477	0.00563	0.00354	0.00346	0.00646	0.00928	0.01237	0.31329	0.20239	0.28670	0.06570	0.00575	0.00153	0.00218	0.03087	0.02885	0.00342
9	0.05097	0.00912	0.01025	0.00843	0.01107	0.01004	0.03589	0.32377	0.33906	0.09274	0.01312	0.05669	0.01005	0.00533	0.00401	0.00128	0.00370	0.00435	0.00393	0.00621
10	0.01219	0.00582	0.00739	0.00620	0.00835	0.00533	0.00492	0.03469	0.06539	0.42921	0.15293	0.08067	0.11299	0.00660	0.00420	0.00126	0.00282	0.00557	0.04806	0.00541

[dist]
# distance from previous block
# <min> <max>
3	57

[block]
# block no. 9 follows, 68 sequences, length 15
# corresponding to MSA columns:
# 481-495
name=unknown_J
#
# <colnr> <probs for GDERKNQSTAVLIFYWHMCP>
#	G	D	E	R	K	N	Q	S	T	A	V	L	I	F	Y	W	H	M	C	P
0	0.07234	0.03250	0.00859	0.00604	0.00944	0.00626	0.00489	0.04509	0.02795	0.01377	0.00721	0.00825	0.00592	0.00314	0.00296	0.00068	0.00305	0.00243	0.00245	0.73704
1	0.00960	0.00828	0.01018	0.06889	0.16957	0.11206	0.03913	0.02067	0.03139	0.09773	0.08430	0.14555	0.03653	0.00572	0.00403	0.00117	0.00397	0.00502	0.00294	0.14326
2	0.00515	0.00399	0.00464	0.00461	0.00563	0.00354	0.00341	0.00644	0.00963	0.01259	0.34788	0.10247	0.40046	0.04626	0.00540	0.00145	0.00210	0.02700	0.00389	0.00346
3	0.00793	0.00765	0.01018	0.05102	0.01005	0.03947	0.00741	0.00884	0.00655	0.00950	0.00843	0.12580	0.00900	0.07120	0.05823	0.00209	0.55586	0.00471	0.00208	0.00401
4	0.00542	0.00383	0.00466	0.00505	0.00542	0.00367	0.00340	0.00604	0.00735	0.00966	0.05709	0.29177	0.11162	0.36034	0.01126	0.00251	0.00304	0.10173	0.00318	0.00297
5	0.00749	0.00705	0.01189	0.85113	0.02731	0.00881	0.01101	0.01013	0.00793	0.01013	0.00705	0.01057	0.00529	0.00396	0.00396	0.00132	0.00529	0.00352	0.00176	0.00440
6	0.04533	0.00513	0.00610	0.00561	0.00690	0.00520	0.00426	0.01071	0.16487	0.05639	0.49215	0.02336	0.03863	0.01955	0.00522	0.05485	0.00236	0.00590	0.04324	0.00424
7	0.00590	0.00457	0.00672	0.00659	0.00722	0.00545	0.00513	0.00721	0.00632	0.00917	0.01029	0.01549	0.00974	0.06282	0.74731	0.00591	0.07424	0.00425	0.00211	0.00355
8	0.04890	0.00693	0.00876	0.05069	0.12688	0.01893	0.00668	0.01343	0.26315	0.08003	0.01583	0.19545	0.02784	0.00716	0.00445	0.00142	0.01423	0.10073	0.00345	0.00508
9	0.00546	0.00440	0.00496	0.00494	0.00613	0.00402	0.00363	0.00744	0.07804	0.01206	0.16931	0.21792	0.41071	0.00955	0.00464	0.00135	0.00218	0.00823	0.00377	0.04124
10	0.00954	0.00879	0.01531	0.26699	0.34831	0.00931	0.14972	0.05113	0.00923	0.04466	0.00789	0.01038	0.00614	0.00385	0.00428	0.00126	0.02651	0.00375	0.01746	0.00551
11	0.00803	0.00651	0.00736	0.00709	0.00854	0.00723	0.00536	0.04730	0.43325	0.01403	0.01731	0.25886	0.01650	0.04172	0.05522	0.00184	0.00345	0.05169	0.00373	0.00496
12	0.00759	0.00649	0.01027	0.05607	0.35925	0.00660	0.00791	0.02047	0.00833	0.02164	0.02714	0.22532	0.03344	0.05075	0.10932	0.00209	0.00465	0.03532	0.00263	0.00470
13	0.00992	0.00864	0.01318	0.34377	0.35168	0.04387	0.01053	0.03715	0.02743	0.08237	0.00818	0.01037	0.00628	0.00391	0.00391	0.00122	0.00483	0.00352	0.00226	0.02698
14	0.03890	0.01113	0.03688	0.00901	0.01222	0.01190	0.00759	0.73669	0.03940	0.04195	0.00965	0.00963	0.00683	0.00472	0.00392	0.00120	0.00432	0.00354	0.00388	0.00664

[dist]
# distance from previous block
# <min> <max>
0	3

[block]
# block no. 10 follows, 68 sequences, length 41
# corresponding to MSA columns:
# 499-507,510-541
name=unknown_K
#
# <colnr> <probs for GDERKNQSTAVLIFYWHMCP>
#	G	D	E	R	K	N	Q	S	T	A	V	L	I	F	Y	W	H	M	C	P
0	0.76833	0.00858	0.00689	0.00683	0.06275	0.06846	0.00505	0.01199	0.00722	0.01689	0.00569	0.00671	0.00448	0.00370	0.00263	0.00121	0.00347	0.00227	0.00239	0.00445
1	0.00917	0.00953	0.06526	0.06713	0.03865	0.00908	0.34268	0.06117	0.14725	0.03231	0.07252	0.06710	0.01070	0.00498	0.00479	0.00135	0.04335	0.00491	0.00276	0.00531
2	0.00931	0.00881	0.01410	0.24753	0.51616	0.02822	0.01111	0.04267	0.02240	0.01276	0.04327	0.01088	0.00744	0.00394	0.00396	0.00122	0.00476	0.00368	0.00212	0.00564
3	0.04421	0.00563	0.04774	0.00637	0.00759	0.00509	0.03200	0.00900	0.13506	0.01232	0.10584	0.45474	0.09998	0.00954	0.00464	0.00146	0.00271	0.00848	0.00360	0.00401
4	0.00852	0.00722	0.00838	0.00601	0.00952	0.00559	0.00482	0.04513	0.00867	0.01344	0.00715	0.00828	0.00591	0.00302	0.00298	0.00061	0.00300	0.00240	0.00242	0.84692
5	0.00762	0.00711	0.01196	0.68753	0.12703	0.00855	0.01068	0.01011	0.00800	0.01045	0.00778	0.04309	0.00636	0.00508	0.03160	0.00148	0.00527	0.00385	0.00187	0.00457
6	0.00546	0.00403	0.00510	0.00487	0.00584	0.00367	0.00364	0.00718	0.01082	0.01502	0.70156	0.05287	0.14821	0.00849	0.00469	0.00127	0.00190	0.00745	0.00425	0.00367
7	0.00848	0.05458	0.74195	0.01103	0.01652	0.00942	0.02859	0.01273	0.00844	0.04399	0.00735	0.00853	0.00523	0.00385	0.00394	0.00125	0.02350	0.00298	0.00181	0.00582
8	0.00499	0.00359	0.00473	0.00538	0.00578	0.00333	0.00368	0.00592	0.00837	0.01131	0.18790	0.66968	0.04764	0.01149	0.00497	0.00153	0.00221	0.01037	0.00382	0.00333
9	0.00941	0.14016	0.42427	0.00958	0.01370	0.05115	0.02840	0.07417	0.04336	0.04085	0.07206	0.03536	0.00878	0.00457	0.00399	0.00121	0.02756	0.00357	0.00235	0.00550
10	0.00814	0.04837	0.59451	0.00979	0.01484	0.02192	0.01180	0.01184	0.00835	0.01240	0.00742	0.03087	0.00577	0.00381	0.00357	0.00110	0.00509	0.00299	0.00188	0.19551
11	0.00642	0.00515	0.00656	0.00668	0.00764	0.00551	0.00554	0.00843	0.05671	0.01178	0.06556	0.05294	0.22711	0.00956	0.00610	0.00160	0.11968	0.36634	0.02687	0.00382
12	0.85637	0.00763	0.00595	0.00528	0.00776	0.00878	0.00435	0.01194	0.00692	0.04823	0.00590	0.00670	0.00450	0.00373	0.00251	0.00123	0.00308	0.00222	0.00254	0.00438
13	0.00822	0.00705	0.00822	0.00587	0.00940	0.00529	0.00470	0.00998	0.00822	0.01292	0.00705	0.00822	0.00587	0.00294	0.00294	0.00059	0.00294	0.00235	0.00235	0.88490
14	0.01008	0.00841	0.01197	0.44209	0.06874	0.01000	0.00958	0.23297	0.01078	0.03633	0.00787	0.01038	0.00602	0.01968	0.00524	0.00136	0.09727	0.00358	0.00247	0.00518
15	0.00554	0.00395	0.00494	0.00530	0.00574	0.00390	0.00374	0.00628	0.00720	0.00947	0.01900	0.21380	0.11031	0.33703	0.10005	0.00298	0.00398	0.15073	0.00302	0.00303
16	0.01088	0.77471	0.01974	0.00703	0.01033	0.04195	0.00682	0.04336	0.03606	0.01018	0.00604	0.00679	0.00539	0.00353	0.00268	0.00088	0.00430	0.00227	0.00187	0.00518
17	0.00564	0.00379	0.00440	0.00458	0.00465	0.00375	0.00271	0.00583	0.00619	0.00831	0.01430	0.17117	0.01657	0.68240	0.01698	0.00337	0.00354	0.02239	0.01685	0.00259
18	0.00940	0.00825	0.01219	0.32844	0.21958	0.03488	0.03110	0.10330	0.04284	0.04009	0.11135	0.01278	0.01014	0.00457	0.00415	0.00126	0.01382	0.00404	0.00259	0.00523
19	0.00496	0.00383	0.00454	0.00485	0.00570	0.00341	0.00350	0.00604	0.00890	0.01147	0.17599	0.33731	0.36722	0.01060	0.00485	0.00144	0.00215	0.03605	0.00380	0.00338
20	0.45164	0.00754	0.00915	0.36363	0.07735	0.00890	0.00771	0.01105	0.00741	0.01420	0.00631	0.00843	0.00486	0.00379	0.00320	0.00126	0.00413	0.00283	0.00213	0.00449
21	0.00749	0.00705	0.01189	0.85113	0.02731	0.00881	0.01101	0.01013	0.00793	0.01013	0.00705	0.01057	0.00529	0.00396	0.00396	0.00132	0.00529	0.00352	0.00176	0.00440
22	0.00820	0.00642	0.01876	0.09412	0.01008	0.00692	0.00592	0.08289	0.10036	0.06836	0.16333	0.06041	0.13424	0.06350	0.02526	0.00165	0.10570	0.03604	0.00337	0.00448
23	0.00882	0.00885	0.02665	0.18917	0.11759	0.00955	0.25602	0.03629	0.03083	0.02208	0.00961	0.01306	0.04425	0.00496	0.00600	0.00141	0.16660	0.04108	0.00220	0.00500
24	0.03549	0.05085	0.26176	0.00888	0.01229	0.00822	0.07036	0.03636	0.13416	0.11136	0.06677	0.04553	0.01063	0.04357	0.00478	0.00136	0.01598	0.02057	0.00291	0.05819
25	0.01204	0.00702	0.00867	0.00639	0.00974	0.00564	0.00519	0.03062	0.00964	0.32993	0.01040	0.01027	0.00740	0.00373	0.00336	0.00085	0.00313	0.00300	0.00336	0.52961
26	0.01217	0.41180	0.05903	0.00835	0.03661	0.07545	0.00741	0.19842	0.02681	0.07648	0.01703	0.00839	0.00639	0.00397	0.00323	0.00100	0.00443	0.00282	0.00259	0.03762
27	0.01000	0.03858	0.23855	0.00841	0.01243	0.00753	0.05751	0.06203	0.02546	0.12956	0.00950	0.01010	0.02842	0.00383	0.00354	0.00099	0.00414	0.00315	0.00265	0.34364
28	0.02846	0.30426	0.36775	0.00954	0.04879	0.01115	0.01019	0.06015	0.00919	0.07660	0.03449	0.00887	0.00662	0.00392	0.00339	0.00111	0.00479	0.00292	0.00218	0.00563
29	0.00607	0.00427	0.00567	0.00609	0.00696	0.00409	0.00486	0.00775	0.02238	0.03277	0.24142	0.21349	0.07909	0.01021	0.00506	0.00157	0.00276	0.33791	0.00389	0.00368
30	0.00628	0.00634	0.12103	0.01558	0.00843	0.00471	0.02193	0.00757	0.00793	0.01866	0.06360	0.30193	0.01877	0.01106	0.03353	0.14186	0.00367	0.20053	0.00303	0.00358
31	0.01020	0.01000	0.03413	0.06396	0.69174	0.05732	0.01163	0.01263	0.01947	0.03976	0.00773	0.00985	0.00632	0.00366	0.00391	0.00118	0.00484	0.00349	0.00207	0.00610
32	0.00877	0.02348	0.47732	0.01069	0.01502	0.00838	0.13029	0.03721	0.02181	0.07643	0.00971	0.08507	0.00806	0.03306	0.03575	0.00156	0.00548	0.00418	0.00230	0.00545
33	0.01750	0.00721	0.00949	0.00727	0.01035	0.00651	0.00601	0.10407	0.01212	0.75283	0.01500	0.01308	0.00949	0.00489	0.00399	0.00122	0.00348	0.00394	0.00481	0.00675
34	0.00606	0.00465	0.00613	0.01586	0.00750	0.01373	0.00527	0.00773	0.04345	0.01117	0.04468	0.38413	0.02245	0.02083	0.02565	0.00181	0.05262	0.31916	0.00350	0.00363
35	0.00930	0.00866	0.01481	0.23038	0.56692	0.00906	0.03546	0.01172	0.00885	0.03181	0.01888	0.01087	0.00676	0.00383	0.00399	0.00123	0.00483	0.01488	0.00204	0.00572
36	0.00832	0.00786	0.01313	0.32064	0.33058	0.00853	0.05857	0.01105	0.04113	0.01218	0.08962	0.01330	0.03986	0.00452	0.00429	0.00127	0.02357	0.00417	0.00227	0.00514
37	0.08230	0.00729	0.00914	0.00676	0.01003	0.00614	0.04905	0.01200	0.00868	0.16779	0.00853	0.00921	0.00647	0.00351	0.00349	0.00083	0.02837	0.00280	0.00280	0.57480
38	0.00911	0.00973	0.08328	0.13568	0.61565	0.00902	0.01179	0.01163	0.00883	0.01251	0.02468	0.03527	0.00727	0.00397	0.00397	0.00122	0.00476	0.00378	0.00201	0.00585
39	0.08277	0.00864	0.06835	0.08001	0.09928	0.00801	0.18193	0.01229	0.14975	0.02067	0.01302	0.10561	0.06796	0.00541	0.00411	0.00129	0.00424	0.01916	0.00273	0.06476
40	0.00948	0.00782	0.01064	0.01141	0.18794	0.05049	0.05744	0.03214	0.10426	0.09712	0.04304	0.20403	0.01283	0.00631	0.00480	0.00129	0.06312	0.00549	0.00306	0.08729

[dist]
# distance from previous block
# <min> <max>
4	13

[block]
# block no. 11 follows, 68 sequences, length 47
# corresponding to MSA columns:
# 566-612
name=unknown_L
#
# <colnr> <probs for GDERKNQSTAVLIFYWHMCP>
#	G	D	E	R	K	N	Q	S	T	A	V	L	I	F	Y	W	H	M	C	P
0	0.00974	0.00965	0.04866	0.09773	0.46593	0.08180	0.01021	0.02536	0.00947	0.04476	0.07888	0.01318	0.02204	0.00453	0.00415	0.00122	0.01725	0.03549	0.00238	0.01755
1	0.00972	0.00933	0.01593	0.05685	0.80412	0.00940	0.01212	0.01209	0.00898	0.01284	0.00744	0.00984	0.00624	0.00355	0.00393	0.00118	0.00473	0.00353	0.00195	0.00621
2	0.01481	0.01890	0.01124	0.01021	0.01226	0.84474	0.00766	0.01583	0.01124	0.00970	0.00613	0.00715	0.00511	0.00409	0.00358	0.00102	0.00715	0.00255	0.00204	0.00460
3	0.00534	0.00426	0.00514	0.00543	0.03842	0.00380	0.00388	0.00676	0.00980	0.01277	0.33039	0.06266	0.42796	0.00921	0.00472	0.00134	0.00218	0.05845	0.00386	0.00362
