[name]
unknown

[dist]
# distance from previous block
# <min> <max>
17	27

[block]
# block no. 0 follows, 74 sequences, length 12
# corresponding to MSA columns:
# 283-294
name=unknown_A
#
# <colnr> <probs for GDERKNQSTAVLIFYWHMCP>
#	G	D	E	R	K	N	Q	S	T	A	V	L	I	F	Y	W	H	M	C	P
0	0.05942	0.00546	0.00640	0.00556	0.00718	0.00541	0.00433	0.07421	0.11772	0.07505	0.49519	0.02048	0.02365	0.00616	0.00395	0.00112	0.00233	0.00527	0.00379	0.07734
1	0.01031	0.00610	0.00732	0.00613	0.00816	0.00593	0.00485	0.13844	0.10161	0.25433	0.19219	0.08395	0.10072	0.00619	0.00396	0.00116	0.00275	0.00522	0.00392	0.05677
2	0.00878	0.00762	0.01194	0.45683	0.25388	0.00863	0.00982	0.07892	0.06810	0.04791	0.00785	0.01002	0.00596	0.00379	0.00371	0.00119	0.00450	0.00339	0.00215	0.00502
3	0.30273	0.06669	0.00949	0.00839	0.09287	0.03622	0.00614	0.18857	0.22499	0.01657	0.00874	0.00900	0.00666	0.00405	0.00316	0.00114	0.00349	0.00300	0.00288	0.00523
4	0.05766	0.05706	0.05795	0.06828	0.10630	0.07552	0.17235	0.05763	0.01921	0.12677	0.00897	0.00997	0.03394	0.00374	0.00354	0.00106	0.00442	0.00334	0.00244	0.12985
5	0.12636	0.00964	0.07470	0.00769	0.01057	0.03734	0.00665	0.33048	0.14534	0.19819	0.01038	0.00998	0.00727	0.00436	0.00352	0.00115	0.00374	0.00331	0.00351	0.00582
6	0.01264	0.08070	0.14777	0.00878	0.01217	0.00802	0.13251	0.09865	0.03776	0.38581	0.03052	0.01093	0.00795	0.00415	0.00370	0.00114	0.00413	0.00357	0.00332	0.00577
7	0.00475	0.00365	0.00479	0.00511	0.00578	0.00340	0.02083	0.00571	0.00773	0.01012	0.09487	0.47069	0.22915	0.01183	0.07452	0.00178	0.00282	0.03596	0.00335	0.00317
8	0.01260	0.01715	0.12839	0.00955	0.01198	0.66996	0.00799	0.01477	0.07466	0.00996	0.00660	0.00741	0.00528	0.00388	0.00341	0.00101	0.00623	0.00258	0.00201	0.00459
9	0.07103	0.00732	0.05865	0.12698	0.01221	0.00641	0.02285	0.03129	0.00982	0.59616	0.01219	0.01142	0.00787	0.00430	0.00364	0.00116	0.00361	0.00351	0.00378	0.00579
10	0.01574	0.00656	0.00842	0.00658	0.00927	0.03714	0.00538	0.01718	0.01061	0.75795	0.07355	0.01349	0.01087	0.00478	0.00376	0.00114	0.00319	0.00390	0.00446	0.00604
11	0.00863	0.00765	0.01389	0.38361	0.16432	0.00814	0.21160	0.01103	0.00818	0.08795	0.00805	0.01115	0.00627	0.03263	0.00441	0.00130	0.00494	0.01942	0.00206	0.00477

[dist]
# distance from previous block
# <min> <max>
0	2

[block]
# block no. 1 follows, 74 sequences, length 6
# corresponding to MSA columns:
# 297-302
name=unknown_B
#
# <colnr> <probs for GDERKNQSTAVLIFYWHMCP>
#	G	D	E	R	K	N	Q	S	T	A	V	L	I	F	Y	W	H	M	C	P
0	0.00726	0.00912	0.15745	0.62890	0.02330	0.00843	0.09327	0.01012	0.00763	0.01012	0.00670	0.00955	0.00497	0.00362	0.00375	0.00123	0.00517	0.00331	0.00166	0.00445
1	0.01244	0.00826	0.01050	0.00819	0.01082	0.00857	0.08844	0.38443	0.07742	0.20592	0.09474	0.05172	0.01100	0.00504	0.00390	0.00117	0.00368	0.00427	0.00376	0.00572
2	0.74225	0.00767	0.00830	0.00674	0.00929	0.00851	0.14748	0.01108	0.00674	0.01583	0.00557	0.00672	0.00430	0.00339	0.00266	0.00117	0.00346	0.00242	0.00222	0.00419
3	0.14528	0.00683	0.02604	0.00612	0.00817	0.06370	0.02169	0.04408	0.03534	0.26082	0.03636	0.10338	0.19352	0.00630	0.00379	0.00121	0.00310	0.02620	0.00347	0.00460
4	0.00721	0.00496	0.00600	0.00523	0.00687	0.00448	0.00402	0.03650	0.06017	0.10035	0.34827	0.09172	0.14284	0.00678	0.00400	0.00110	0.00227	0.00584	0.00363	0.15776
5	0.00628	0.00461	0.00541	0.00528	0.00639	0.00452	0.00391	0.03735	0.13664	0.04976	0.23258	0.26917	0.20670	0.00853	0.00434	0.00130	0.00222	0.00744	0.00372	0.00387

[dist]
# distance from previous block
# <min> <max>
12	36

[block]
# block no. 2 follows, 74 sequences, length 26
# corresponding to MSA columns:
# 342-344,354-360,377-381,383-393
name=unknown_C
#
# <colnr> <probs for GDERKNQSTAVLIFYWHMCP>
#	G	D	E	R	K	N	Q	S	T	A	V	L	I	F	Y	W	H	M	C	P
0	0.07921	0.00733	0.00867	0.00706	0.00934	0.05631	0.08548	0.04269	0.18468	0.04150	0.20339	0.01466	0.02518	0.00481	0.00362	0.00105	0.00320	0.01374	0.00310	0.20498
1	0.00926	0.21558	0.47491	0.00913	0.01334	0.12929	0.01043	0.03304	0.00848	0.03275	0.00722	0.00808	0.02574	0.00368	0.00327	0.00106	0.00512	0.00268	0.00180	0.00514
2	0.50847	0.00736	0.00764	0.00663	0.00819	0.00903	0.00548	0.02907	0.00660	0.06175	0.00591	0.00750	0.00486	0.00556	0.04278	0.00151	0.27263	0.00261	0.00224	0.00419
3	0.05975	0.00971	0.02047	0.03063	0.01860	0.00922	0.75230	0.01192	0.00864	0.03005	0.00751	0.00984	0.00560	0.00319	0.00423	0.00124	0.00597	0.00421	0.00196	0.00496
4	0.00770	0.00731	0.01181	0.43913	0.22782	0.00877	0.00974	0.00965	0.00724	0.00992	0.00661	0.01009	0.00560	0.04776	0.00614	0.00140	0.17374	0.00340	0.00172	0.00446
5	0.00664	0.00401	0.00510	0.00521	0.00612	0.00368	0.00379	0.00750	0.00800	0.15047	0.02317	0.49248	0.21703	0.00977	0.00468	0.00139	0.02363	0.02011	0.00359	0.00363
6	0.04963	0.00710	0.00809	0.00702	0.00920	0.00771	0.00556	0.01762	0.49552	0.24261	0.01404	0.01325	0.01023	0.00707	0.08661	0.00168	0.00368	0.00395	0.00376	0.00567
7	0.00903	0.00860	0.01462	0.02200	0.80503	0.00860	0.01112	0.01121	0.00846	0.01208	0.00761	0.01080	0.00664	0.00365	0.00375	0.00113	0.00436	0.04366	0.00192	0.00576
8	0.00477	0.00361	0.00441	0.00456	0.00534	0.00324	0.00329	0.00594	0.00885	0.01178	0.35259	0.29287	0.26647	0.00938	0.00449	0.00130	0.00191	0.00824	0.00370	0.00324
9	0.00968	0.78873	0.10039	0.00676	0.01016	0.01410	0.00707	0.01118	0.00757	0.00903	0.00531	0.00614	0.00476	0.00321	0.00249	0.00083	0.00412	0.00206	0.00159	0.00483
10	0.00889	0.00780	0.01077	0.66700	0.02213	0.10197	0.00940	0.01108	0.00814	0.10682	0.00744	0.00986	0.00542	0.00383	0.00367	0.00120	0.00493	0.00325	0.00202	0.00440
11	0.00984	0.08184	0.36884	0.00890	0.01273	0.00976	0.00948	0.24078	0.14638	0.02871	0.04062	0.00980	0.00746	0.00417	0.00356	0.00114	0.00438	0.00325	0.00267	0.00566
12	0.01076	0.51654	0.01539	0.00734	0.01002	0.21715	0.00647	0.01349	0.15125	0.00999	0.00701	0.00749	0.00590	0.00365	0.00286	0.00091	0.00445	0.00246	0.00204	0.00484
13	0.00930	0.46189	0.27988	0.09092	0.01315	0.01154	0.00900	0.01162	0.00783	0.06491	0.00640	0.00737	0.00505	0.00343	0.00296	0.00098	0.00449	0.00247	0.00178	0.00503
14	0.00554	0.00474	0.00484	0.00454	0.00572	0.05224	0.00335	0.00670	0.00892	0.01146	0.30175	0.02842	0.38909	0.09183	0.00563	0.00139	0.00234	0.00654	0.00337	0.06160
15	0.02201	0.00484	0.00645	0.00658	0.08335	0.00443	0.00447	0.00936	0.00967	0.17500	0.42902	0.02317	0.12608	0.05610	0.00496	0.00130	0.00243	0.00573	0.00373	0.02133
16	0.00868	0.00736	0.01111	0.01272	0.32045	0.00665	0.05472	0.01073	0.01988	0.06242	0.01865	0.01233	0.00785	0.00391	0.00351	0.00096	0.00365	0.08272	0.00235	0.34935
17	0.00729	0.09020	0.00811	0.00542	0.00806	0.00563	0.00438	0.00909	0.03222	0.01214	0.14716	0.04945	0.04365	0.00430	0.00316	0.00077	0.00265	0.00356	0.00260	0.56015
18	0.00947	0.01127	0.19729	0.01461	0.36019	0.06048	0.03487	0.04919	0.02017	0.05748	0.00740	0.00876	0.00576	0.00344	0.00350	0.00103	0.00448	0.00302	0.00210	0.14550
19	0.00901	0.00831	0.01244	0.10429	0.44031	0.00889	0.02983	0.02929	0.28011	0.01320	0.02061	0.01104	0.00795	0.00399	0.00374	0.00117	0.00399	0.00367	0.00252	0.00565
20	0.02892	0.00470	0.00553	0.00515	0.00630	0.00461	0.00389	0.10612	0.03203	0.01444	0.45804	0.14678	0.15349	0.00790	0.00428	0.00123	0.00217	0.00685	0.00380	0.00379
21	0.33239	0.33854	0.03835	0.00646	0.02065	0.02256	0.00578	0.11342	0.00849	0.04086	0.00634	0.02341	0.00524	0.00366	0.00268	0.00100	0.00359	0.00244	0.00226	0.02189
22	0.00879	0.00762	0.02475	0.05094	0.15998	0.08869	0.01637	0.02581	0.05732	0.09269	0.05877	0.15220	0.04787	0.00552	0.00383	0.00110	0.01104	0.01708	0.00279	0.16682
23	0.02174	0.06788	0.20937	0.01034	0.10479	0.05699	0.02968	0.26831	0.08461	0.07897	0.00905	0.01871	0.01457	0.00413	0.00358	0.00112	0.00442	0.00329	0.00276	0.00569
24	0.00515	0.00373	0.00485	0.00471	0.00551	0.00344	0.00348	0.00675	0.01005	0.01412	0.72691	0.12711	0.05403	0.00811	0.00442	0.00121	0.00180	0.00719	0.00399	0.00344
25	0.68249	0.00851	0.08839	0.00582	0.00852	0.00837	0.00528	0.06944	0.00757	0.07791	0.00627	0.00689	0.00463	0.00361	0.00262	0.00115	0.00323	0.00230	0.00249	0.00449

[dist]
# distance from previous block
# <min> <max>
0	2

[block]
# block no. 3 follows, 74 sequences, length 9
# corresponding to MSA columns:
# 396-404
name=unknown_D
#
# <colnr> <probs for GDERKNQSTAVLIFYWHMCP>
#	G	D	E	R	K	N	Q	S	T	A	V	L	I	F	Y	W	H	M	C	P
0	0.00925	0.10712	0.02775	0.08514	0.43990	0.03850	0.03791	0.04709	0.03234	0.03572	0.02676	0.03196	0.00788	0.00418	0.00367	0.00113	0.00430	0.05191	0.00219	0.00528
1	0.01288	0.00701	0.00784	0.00653	0.00874	0.09572	0.00519	0.01489	0.07102	0.48868	0.08722	0.03948	0.07505	0.00675	0.05425	0.00144	0.00367	0.00440	0.00393	0.00531
2	0.00459	0.00373	0.00409	0.00428	0.00534	0.00324	0.00323	0.00558	0.00834	0.01022	0.06124	0.15661	0.62077	0.00974	0.00451	0.00133	0.00206	0.08447	0.00347	0.00316
3	0.04681	0.00853	0.02686	0.01075	0.11059	0.00851	0.16393	0.21659	0.09957	0.16078	0.01153	0.01352	0.03197	0.00469	0.00391	0.00121	0.00411	0.06740	0.00318	0.00555
4	0.00917	0.09861	0.05610	0.18559	0.18831	0.03333	0.20298	0.02646	0.10428	0.04705	0.00808	0.00973	0.00620	0.00363	0.00371	0.00115	0.00480	0.00349	0.00214	0.00516
5	0.10302	0.00717	0.00903	0.10825	0.02998	0.05675	0.05356	0.05132	0.04174	0.34129	0.04261	0.10292	0.02581	0.00517	0.00374	0.00120	0.00361	0.00436	0.00340	0.00509
6	0.00673	0.00630	0.01035	0.76936	0.02338	0.00770	0.00951	0.00904	0.00753	0.00954	0.00990	0.01265	0.09441	0.00432	0.00378	0.00124	0.00462	0.00378	0.00184	0.00402
7	0.04791	0.01061	0.06329	0.01096	0.02797	0.16379	0.30878	0.05759	0.07004	0.06436	0.01038	0.04158	0.03287	0.00463	0.00399	0.00122	0.00507	0.06762	0.00251	0.00485
8	0.01137	0.10588	0.23002	0.04066	0.13916	0.04325	0.06974	0.01378	0.00898	0.28751	0.00920	0.00960	0.00645	0.00380	0.00355	0.00111	0.00448	0.00320	0.00265	0.00561

[dist]
# distance from previous block
# <min> <max>
4	12

[block]
# block no. 4 follows, 74 sequences, length 11
# corresponding to MSA columns:
# 417-427
name=unknown_E
#
# <colnr> <probs for GDERKNQSTAVLIFYWHMCP>
#	G	D	E	R	K	N	Q	S	T	A	V	L	I	F	Y	W	H	M	C	P
0	0.00853	0.00956	0.02046	0.12869	0.02022	0.00923	0.72286	0.01157	0.00858	0.01157	0.00739	0.01000	0.00554	0.00321	0.00429	0.00125	0.00608	0.00424	0.00185	0.00489
1	0.04514	0.02616	0.01225	0.03896	0.50137	0.00809	0.00892	0.09188	0.00922	0.09011	0.00956	0.12409	0.00860	0.00467	0.00374	0.00116	0.00390	0.00424	0.00250	0.00543
2	0.00945	0.42806	0.29324	0.00950	0.08413	0.01138	0.03737	0.01184	0.00797	0.06642	0.00653	0.00744	0.00517	0.00340	0.00303	0.00099	0.00453	0.00255	0.00181	0.00521
3	0.00467	0.00332	0.00428	0.00494	0.00518	0.00312	0.00325	0.00527	0.00701	0.00934	0.04836	0.68888	0.04636	0.13926	0.00682	0.00180	0.00235	0.00957	0.00329	0.00292
4	0.20661	0.00665	0.00802	0.00630	0.00905	0.00629	0.00520	0.04586	0.00994	0.63936	0.01239	0.01107	0.00797	0.00434	0.00342	0.00115	0.00313	0.00335	0.00407	0.00582
5	0.00945	0.03078	0.01399	0.01385	0.25237	0.00893	0.21972	0.01469	0.29787	0.06174	0.03080	0.01159	0.00859	0.00404	0.00388	0.00119	0.00422	0.00397	0.00273	0.00559
6	0.00939	0.08265	0.01437	0.13362	0.48551	0.00900	0.06498	0.02920	0.03692	0.06486	0.00795	0.03111	0.00652	0.00371	0.00365	0.00112	0.00438	0.00351	0.00211	0.00545
7	0.00663	0.00411	0.00468	0.00436	0.00563	0.00373	0.00333	0.00828	0.03307	0.10425	0.24055	0.02584	0.34024	0.00720	0.00392	0.00114	0.00199	0.00606	0.19128	0.00373
8	0.19096	0.01481	0.00957	0.00851	0.01062	0.59536	0.00653	0.10087	0.01041	0.01212	0.00596	0.00680	0.00479	0.00382	0.00317	0.00101	0.00565	0.00242	0.00218	0.00446
9	0.00878	0.01276	0.41573	0.00873	0.01254	0.00768	0.04230	0.03061	0.16688	0.12211	0.01354	0.01345	0.11903	0.00474	0.00375	0.00120	0.00421	0.00391	0.00269	0.00535
10	0.00939	0.00926	0.01168	0.01526	0.43183	0.12150	0.00859	0.01337	0.21867	0.01235	0.01002	0.08392	0.00871	0.00452	0.00373	0.00114	0.00411	0.00401	0.00248	0.02546

[dist]
# distance from previous block
# <min> <max>
0	11

[block]
# block no. 5 follows, 74 sequences, length 10
# corresponding to MSA columns:
# 439-448
name=unknown_F
#
# <colnr> <probs for GDERKNQSTAVLIFYWHMCP>
#	G	D	E	R	K	N	Q	S	T	A	V	L	I	F	Y	W	H	M	C	P
0	0.00571	0.08929	0.00619	0.00482	0.00604	0.00481	0.00373	0.03260	0.03056	0.01224	0.33947	0.15042	0.28429	0.00816	0.00420	0.00121	0.00217	0.00700	0.00353	0.00359
1	0.00509	0.00597	0.12847	0.00520	0.00683	0.00402	0.00469	0.00671	0.00874	0.01153	0.25005	0.14123	0.39112	0.00835	0.00431	0.00125	0.00241	0.00715	0.00334	0.00356
2	0.07410	0.00989	0.01182	0.00937	0.01174	0.19577	0.16777	0.01431	0.00921	0.31807	0.00918	0.00968	0.00652	0.00434	0.00491	0.00120	0.13075	0.00337	0.00287	0.00512
3	0.01020	0.59635	0.09376	0.06607	0.01169	0.01240	0.04591	0.01188	0.00796	0.10385	0.00657	0.00734	0.00531	0.00340	0.00282	0.00092	0.00419	0.00245	0.00194	0.00497
4	0.00521	0.00385	0.00530	0.00548	0.00608	0.00414	0.00413	0.00628	0.00652	0.00890	0.01505	0.10952	0.09636	0.14101	0.47649	0.00426	0.00676	0.08904	0.00247	0.00313
5	0.00738	0.01735	0.72710	0.13540	0.01746	0.00857	0.01321	0.01142	0.00778	0.01142	0.00665	0.00814	0.00474	0.00355	0.00355	0.00118	0.00541	0.00282	0.00158	0.00529
6	0.01154	0.00835	0.01134	0.23675	0.09416	0.06485	0.06869	0.15648	0.03641	0.22696	0.00986	0.01147	0.00721	0.00428	0.00379	0.00118	0.00438	0.03402	0.00295	0.00534
7	0.58580	0.00730	0.00605	0.00536	0.00752	0.04891	0.00435	0.07057	0.00794	0.06054	0.01114	0.01197	0.12845	0.00466	0.00291	0.00117	0.00303	0.02545	0.00270	0.00418
8	0.00816	0.04536	0.12597	0.36856	0.20139	0.00883	0.01001	0.04381	0.10881	0.01163	0.00846	0.01032	0.02503	0.00389	0.00365	0.00118	0.00451	0.00338	0.00206	0.00500
9	0.08195	0.00699	0.00880	0.00745	0.05025	0.00673	0.00575	0.13632	0.04215	0.53469	0.06991	0.01250	0.01007	0.00465	0.00366	0.00115	0.00323	0.00375	0.00409	0.00591

[dist]
# distance from previous block
# <min> <max>
0	23

[block]
# block no. 6 follows, 74 sequences, length 20
# corresponding to MSA columns:
# 482-495,500-505
name=unknown_G
#
# <colnr> <probs for GDERKNQSTAVLIFYWHMCP>
#	G	D	E	R	K	N	Q	S	T	A	V	L	I	F	Y	W	H	M	C	P
0	0.06515	0.11487	0.00880	0.00621	0.02034	0.02118	0.04253	0.01839	0.07385	0.12060	0.11539	0.03988	0.18552	0.00553	0.00358	0.00105	0.00293	0.00459	0.00307	0.14654
1	0.00879	0.00760	0.00762	0.00588	0.00870	0.11158	0.00463	0.01025	0.00840	0.08150	0.01117	0.01161	0.11417	0.00390	0.00312	0.00074	0.00317	0.00308	0.00252	0.59158
2	0.01109	0.29089	0.11873	0.00837	0.01116	0.32698	0.00758	0.03911	0.11648	0.01058	0.00696	0.00762	0.00566	0.00380	0.00329	0.00099	0.02121	0.00258	0.00206	0.00486
3	0.00969	0.00873	0.01690	0.01292	0.06879	0.00795	0.50940	0.01225	0.00886	0.13297	0.02290	0.01026	0.00665	0.00337	0.00397	0.00111	0.00503	0.00390	0.00236	0.15197
4	0.00974	0.12081	0.01826	0.01549	0.24639	0.02167	0.40768	0.01231	0.02154	0.07839	0.00772	0.00948	0.00595	0.00334	0.00385	0.00114	0.00516	0.00369	0.00208	0.00533
5	0.00520	0.00450	0.00649	0.00573	0.00706	0.00402	0.11034	0.00659	0.00885	0.01146	0.24210	0.14535	0.41141	0.00843	0.00443	0.00127	0.00245	0.00747	0.00341	0.00346
6	0.00461	0.00332	0.00437	0.00506	0.00539	0.00308	0.00343	0.00541	0.00759	0.01019	0.12749	0.73073	0.05348	0.01103	0.00468	0.00145	0.00209	0.00996	0.00353	0.00308
7	0.32820	0.01033	0.11376	0.00704	0.00993	0.13326	0.00632	0.09050	0.00918	0.19087	0.00788	0.00813	0.00562	0.00380	0.00307	0.00108	0.00393	0.00266	0.00276	0.06168
8	0.00929	0.00793	0.01194	0.17922	0.40389	0.04159	0.00921	0.04098	0.05135	0.08397	0.00838	0.01043	0.00667	0.00673	0.11068	0.00175	0.00510	0.00344	0.00223	0.00521
9	0.00547	0.00434	0.00562	0.00593	0.00657	0.00454	0.00470	0.00655	0.00767	0.01000	0.02196	0.24483	0.21686	0.04558	0.00631	0.00162	0.11077	0.28425	0.00316	0.00328
10	0.00744	0.01920	0.85032	0.01058	0.01607	0.00862	0.01371	0.01176	0.00784	0.01176	0.00666	0.00784	0.00470	0.00353	0.00353	0.00118	0.00549	0.00274	0.00157	0.00549
11	0.00803	0.00803	0.01170	0.64379	0.15534	0.09085	0.01018	0.01031	0.00789	0.00987	0.00658	0.00947	0.00508	0.00366	0.00367	0.00119	0.00503	0.00321	0.00171	0.00442
12	0.12222	0.00487	0.00589	0.00546	0.01875	0.00464	0.02038	0.00929	0.02636	0.15682	0.28994	0.12847	0.17827	0.00719	0.00402	0.00122	0.00237	0.00614	0.00366	0.00403
13	0.00513	0.00395	0.00568	0.00737	0.11112	0.00376	0.00445	0.00600	0.00737	0.00995	0.04083	0.73679	0.02248	0.01047	0.00459	0.00145	0.00243	0.00954	0.00326	0.00339
14	0.34135	0.01174	0.11722	0.00820	0.04812	0.25306	0.02367	0.01306	0.00844	0.11811	0.00697	0.00765	0.00519	0.00371	0.00305	0.00109	0.00447	0.00256	0.01768	0.00467
15	0.00514	0.00385	0.00480	0.00473	0.00569	0.00351	0.00366	0.00669	0.00976	0.01322	0.54321	0.03148	0.22865	0.00837	0.00448	0.00126	0.00200	0.11224	0.00385	0.00340
16	0.00847	0.00788	0.01309	0.01940	0.69423	0.00786	0.00978	0.01034	0.00810	0.01149	0.02708	0.01233	0.03211	0.11550	0.00568	0.00143	0.00417	0.00379	0.00199	0.00528
17	0.00460	0.00337	0.00432	0.00492	0.00536	0.00309	0.00337	0.00542	0.00771	0.01023	0.12626	0.65418	0.13186	0.01083	0.00465	0.00143	0.00207	0.00972	0.00353	0.00309
18	0.00752	0.11545	0.01200	0.69875	0.02253	0.00912	0.00953	0.01034	0.06060	0.00978	0.00696	0.00965	0.00533	0.00373	0.00355	0.00118	0.00470	0.00319	0.00178	0.00432
19	0.89577	0.00718	0.00546	0.00488	0.00718	0.00833	0.00402	0.01091	0.00632	0.01665	0.00517	0.00603	0.00402	0.00345	0.00230	0.00115	0.00287	0.00201	0.00230	0.00402

[dist]
# distance from previous block
# <min> <max>
1	3

[block]
# block no. 7 follows, 74 sequences, length 8
# corresponding to MSA columns:
# 509-513,517-519
name=unknown_H
#
# <colnr> <probs for GDERKNQSTAVLIFYWHMCP>
#	G	D	E	R	K	N	Q	S	T	A	V	L	I	F	Y	W	H	M	C	P
0	0.12884	0.30847	0.03836	0.00855	0.07082	0.19439	0.02567	0.02767	0.11617	0.01145	0.00734	0.03396	0.00625	0.00389	0.00303	0.00101	0.00436	0.00282	0.00216	0.00479
1	0.00503	0.00597	0.11407	0.00557	0.04410	0.00411	0.00466	0.00648	0.00841	0.01050	0.05958	0.05666	0.64479	0.00837	0.00425	0.00124	0.00246	0.00702	0.00315	0.00357
2	0.78181	0.00707	0.00586	0.00510	0.00748	0.00795	0.00421	0.01184	0.00688	0.12455	0.00640	0.00689	0.00469	0.00359	0.00248	0.00115	0.00291	0.00223	0.00259	0.00432
3	0.01001	0.01123	0.23683	0.01359	0.24261	0.00832	0.13316	0.05433	0.06719	0.14941	0.00924	0.03185	0.00695	0.00394	0.00379	0.00117	0.00459	0.00364	0.00249	0.00566
4	0.00811	0.00743	0.05297	0.00714	0.07156	0.00557	0.00548	0.03103	0.00817	0.03354	0.03333	0.00860	0.00653	0.00307	0.00296	0.00067	0.00303	0.00252	0.00230	0.70597
5	0.00653	0.00555	0.00815	0.07782	0.21887	0.00576	0.00635	0.00902	0.11536	0.01089	0.01487	0.43949	0.01599	0.00869	0.03763	0.00153	0.00335	0.00707	0.00288	0.00421
6	0.31308	0.00650	0.05145	0.00581	0.00730	0.00651	0.03421	0.00935	0.03605	0.05399	0.05829	0.03230	0.01010	0.29177	0.00892	0.00201	0.06224	0.00396	0.00248	0.00368
7	0.32345	0.00724	0.04291	0.00735	0.08732	0.00668	0.00549	0.01224	0.00797	0.23738	0.00897	0.04015	0.00694	0.03451	0.00361	0.00114	0.00318	0.00308	0.00286	0.15754

[dist]
# distance from previous block
# <min> <max>
0	48

# created by:
# /home/cegg/simao/soft/augustus-3.2.1/scripts/msa2prfl.pl ./align_prep/EOG092C5XAS.fa
