[name]
unknown

[dist]
# distance from previous block
# <min> <max>
54	1373

[block]
# block no. 0 follows, 70 sequences, length 21
# corresponding to MSA columns:
# 1665-1685
name=unknown_A
#
# <colnr> <probs for GDERKNQSTAVLIFYWHMCP>
#	G	D	E	R	K	N	Q	S	T	A	V	L	I	F	Y	W	H	M	C	P
0	0.10246	0.03741	0.02187	0.02034	0.06522	0.09921	0.07072	0.05952	0.05563	0.03480	0.05294	0.03541	0.00845	0.02851	0.00426	0.00110	0.03726	0.00345	0.00256	0.25888
1	0.01963	0.08162	0.07764	0.03584	0.07042	0.04598	0.07628	0.07918	0.03736	0.07203	0.07587	0.05877	0.01012	0.04678	0.00460	0.00120	0.01769	0.00397	0.00269	0.18232
2	0.03881	0.03437	0.06470	0.04194	0.09629	0.10851	0.09652	0.15232	0.07154	0.13460	0.01039	0.03638	0.02912	0.00452	0.00398	0.00117	0.01997	0.00378	0.00293	0.04816
3	0.00557	0.00446	0.00484	0.00478	0.00567	0.02920	0.00330	0.00636	0.00776	0.01003	0.08008	0.20278	0.27313	0.23730	0.03343	0.00209	0.00297	0.00724	0.00311	0.07590
4	0.01195	0.22525	0.02391	0.08854	0.03796	0.34290	0.03324	0.12174	0.01059	0.01175	0.00766	0.00870	0.03434	0.00404	0.00340	0.00103	0.00539	0.00291	0.00219	0.02250
5	0.00675	0.00356	0.00529	0.00522	0.00525	0.00367	0.00355	0.00527	0.00528	0.00712	0.03469	0.01225	0.00768	0.01305	0.01471	0.82731	0.03224	0.00349	0.00177	0.00184
6	0.04713	0.02889	0.07219	0.02357	0.03766	0.19936	0.14772	0.09433	0.04932	0.04316	0.02485	0.01044	0.00722	0.00640	0.08419	0.00159	0.00562	0.01367	0.01144	0.09124
7	0.03645	0.15904	0.16419	0.14993	0.06957	0.05860	0.04282	0.02173	0.00859	0.08932	0.02980	0.09929	0.01994	0.01667	0.00405	0.00123	0.01740	0.00407	0.00237	0.00492
8	0.00657	0.00426	0.00542	0.00510	0.00623	0.00390	0.00388	0.00826	0.02139	0.09300	0.53316	0.06620	0.14125	0.03530	0.00504	0.00136	0.00218	0.04955	0.00410	0.00385
9	0.00518	0.00388	0.00447	0.00445	0.00523	0.00354	0.00313	0.00615	0.00853	0.01114	0.25834	0.07198	0.32563	0.23585	0.00864	0.00196	0.00247	0.03282	0.00346	0.00314
10	0.03123	0.04931	0.04683	0.18932	0.12428	0.13625	0.06677	0.15517	0.02428	0.02862	0.00869	0.04057	0.01743	0.00459	0.00421	0.00122	0.04021	0.02348	0.00242	0.00513
11	0.15594	0.00720	0.00814	0.01678	0.04056	0.05441	0.02300	0.08996	0.04808	0.08336	0.07180	0.12013	0.01220	0.05777	0.07043	0.00183	0.08548	0.02758	0.02087	0.00448
12	0.00551	0.00381	0.00474	0.00497	0.00527	0.00377	0.00333	0.00614	0.00701	0.00947	0.11223	0.18662	0.01962	0.45509	0.06211	0.00296	0.00361	0.09795	0.00294	0.00286
13	0.01044	0.65771	0.01827	0.00733	0.01037	0.01397	0.03811	0.10293	0.00897	0.01100	0.00659	0.03683	0.00603	0.00449	0.02290	0.00107	0.03323	0.00273	0.00200	0.00504
14	0.00926	0.01001	0.08511	0.16905	0.06666	0.06205	0.19152	0.08779	0.12127	0.01295	0.00978	0.01230	0.02755	0.00523	0.02008	0.02830	0.04065	0.03296	0.00242	0.00507
15	0.00872	0.05160	0.12105	0.04441	0.15304	0.03561	0.01860	0.02824	0.00860	0.03272	0.03391	0.02439	0.00725	0.00461	0.03559	0.00111	0.00416	0.00310	0.01298	0.37032
16	0.11931	0.22229	0.05610	0.00767	0.03298	0.06715	0.01736	0.10305	0.05110	0.01274	0.01028	0.09211	0.03755	0.02127	0.08586	0.00169	0.02838	0.02591	0.00251	0.00468
17	0.02374	0.00627	0.00731	0.12031	0.03421	0.05977	0.00531	0.06411	0.04622	0.09219	0.04764	0.16655	0.04151	0.23814	0.02805	0.00208	0.00387	0.00570	0.00298	0.00402
18	0.00824	0.07612	0.07337	0.24816	0.03504	0.03713	0.02084	0.04807	0.02552	0.04025	0.04528	0.11560	0.03331	0.03154	0.00478	0.00130	0.04379	0.02738	0.00249	0.08178
19	0.09758	0.00690	0.00667	0.00616	0.01914	0.08785	0.00462	0.07648	0.06378	0.05258	0.12562	0.12722	0.21810	0.02447	0.00435	0.00127	0.00304	0.00586	0.00337	0.06496
20	0.01043	0.05827	0.05017	0.10022	0.02550	0.07817	0.02217	0.17468	0.13969	0.06280	0.08958	0.01262	0.03500	0.00469	0.00374	0.00111	0.00397	0.00380	0.00307	0.12033

[dist]
# distance from previous block
# <min> <max>
16	45

[block]
# block no. 1 follows, 70 sequences, length 7
# corresponding to MSA columns:
# 1748-1754
name=unknown_B
#
# <colnr> <probs for GDERKNQSTAVLIFYWHMCP>
#	G	D	E	R	K	N	Q	S	T	A	V	L	I	F	Y	W	H	M	C	P
0	0.03157	0.16106	0.02633	0.00625	0.00883	0.02918	0.00522	0.02942	0.04736	0.09902	0.06577	0.14020	0.02961	0.00527	0.00347	0.00098	0.00317	0.00433	0.00290	0.30007
1	0.00705	0.00447	0.00527	0.00498	0.00632	0.00401	0.00374	0.00864	0.04742	0.14226	0.17213	0.15881	0.37503	0.03588	0.00498	0.00140	0.00230	0.00749	0.00388	0.00395
2	0.01053	0.22877	0.04730	0.00995	0.03806	0.04962	0.16243	0.06261	0.11297	0.08581	0.00906	0.04339	0.00740	0.00451	0.00457	0.00118	0.09210	0.00368	0.00253	0.02349
3	0.17016	0.02223	0.03094	0.07410	0.03498	0.00674	0.12346	0.02273	0.00802	0.02255	0.07997	0.16678	0.05362	0.06177	0.04865	0.00173	0.02805	0.01757	0.02188	0.00408
4	0.00604	0.00587	0.07175	0.00573	0.00645	0.05712	0.00431	0.00681	0.00703	0.00915	0.01536	0.34689	0.01767	0.36911	0.01100	0.00244	0.00353	0.04782	0.00281	0.00312
5	0.00724	0.05801	0.00618	0.00530	0.00585	0.00438	0.00375	0.00686	0.00647	0.07454	0.04372	0.16074	0.01228	0.11230	0.04298	0.43563	0.00346	0.00509	0.00246	0.00276
6	0.32720	0.01058	0.09611	0.00793	0.01093	0.09790	0.06809	0.14915	0.03408	0.05493	0.03412	0.00882	0.00653	0.00399	0.00328	0.00114	0.00415	0.00297	0.00270	0.07541

[dist]
# distance from previous block
# <min> <max>
0	6

[block]
# block no. 2 follows, 70 sequences, length 6
# corresponding to MSA columns:
# 1762-1767
name=unknown_C
#
# <colnr> <probs for GDERKNQSTAVLIFYWHMCP>
#	G	D	E	R	K	N	Q	S	T	A	V	L	I	F	Y	W	H	M	C	P
0	0.00842	0.07235	0.03317	0.09540	0.02891	0.04055	0.05794	0.04208	0.07090	0.02858	0.03144	0.02571	0.02958	0.00774	0.00793	0.29742	0.03624	0.02238	0.00228	0.06099
1	0.00812	0.05622	0.00752	0.00677	0.04480	0.07883	0.00467	0.03378	0.00648	0.00826	0.00665	0.01061	0.00635	0.01069	0.01198	0.62556	0.03389	0.00319	0.00181	0.03382
2	0.02384	0.02236	0.09643	0.04838	0.07996	0.09334	0.09146	0.07379	0.05562	0.04042	0.05552	0.09055	0.10289	0.05759	0.00509	0.00142	0.00426	0.04958	0.00283	0.00468
3	0.03542	0.05499	0.03429	0.03206	0.01106	0.39195	0.02667	0.05462	0.04520	0.01100	0.02838	0.01125	0.05683	0.02917	0.07829	0.00166	0.08694	0.00344	0.00229	0.00447
4	0.02699	0.02389	0.00832	0.05501	0.07004	0.00620	0.02689	0.04542	0.04979	0.03319	0.01110	0.05233	0.04450	0.21889	0.00774	0.00168	0.02243	0.00422	0.02435	0.26700
5	0.00947	0.08243	0.14624	0.05983	0.25032	0.04152	0.02906	0.05359	0.05857	0.06822	0.01017	0.13380	0.00916	0.00513	0.00409	0.00123	0.02489	0.00442	0.00250	0.00536

[dist]
# distance from previous block
# <min> <max>
0	2

[block]
# block no. 3 follows, 70 sequences, length 10
# corresponding to MSA columns:
# 1770-1779
name=unknown_D
#
# <colnr> <probs for GDERKNQSTAVLIFYWHMCP>
#	G	D	E	R	K	N	Q	S	T	A	V	L	I	F	Y	W	H	M	C	P
0	0.00500	0.00354	0.00459	0.00519	0.00558	0.00331	0.00355	0.00569	0.00771	0.01025	0.10027	0.58448	0.09492	0.06624	0.00634	0.04500	0.00238	0.03936	0.00349	0.00310
1	0.03313	0.00882	0.01060	0.03986	0.02174	0.05280	0.07866	0.35281	0.04855	0.09533	0.05045	0.09494	0.01041	0.00679	0.05355	0.00152	0.00446	0.00452	0.02560	0.00546
2	0.00616	0.00398	0.00482	0.00481	0.00552	0.00380	0.00332	0.00693	0.00747	0.07056	0.05585	0.17952	0.19244	0.28505	0.11013	0.00270	0.00368	0.00684	0.04317	0.00325
3	0.00560	0.00433	0.00595	0.00589	0.00672	0.00415	0.04735	0.00667	0.00827	0.03095	0.11282	0.40344	0.21613	0.03657	0.00562	0.00153	0.04322	0.04783	0.00348	0.00348
4	0.02453	0.06591	0.04637	0.08633	0.05319	0.03591	0.03048	0.05853	0.07427	0.03334	0.04575	0.27397	0.01441	0.02903	0.02010	0.00147	0.03012	0.02538	0.04653	0.00438
5	0.09970	0.00760	0.01039	0.10607	0.02966	0.03007	0.04510	0.01305	0.00834	0.29542	0.00942	0.01068	0.00696	0.00682	0.06982	0.00172	0.23767	0.00353	0.00288	0.00508
6	0.00750	0.02431	0.00852	0.00840	0.08583	0.00615	0.06435	0.02657	0.11274	0.05773	0.03180	0.22333	0.05277	0.12735	0.12242	0.00236	0.02447	0.00619	0.00299	0.00424
7	0.00754	0.00462	0.00584	0.00576	0.00673	0.00452	0.00426	0.05245	0.06486	0.10128	0.05603	0.31249	0.09550	0.01001	0.00653	0.16673	0.00277	0.06165	0.02672	0.00372
8	0.04760	0.11288	0.01253	0.00941	0.05176	0.08782	0.06792	0.33872	0.03676	0.04900	0.02750	0.02707	0.00771	0.03930	0.02534	0.00139	0.04523	0.00362	0.00297	0.00548
9	0.00849	0.00571	0.00723	0.02399	0.00850	0.00529	0.01971	0.09118	0.02380	0.12194	0.03176	0.29957	0.05045	0.00795	0.02440	0.00134	0.00311	0.04774	0.02264	0.19518

[dist]
# distance from previous block
# <min> <max>
22	48

[block]
# block no. 4 follows, 70 sequences, length 21
# corresponding to MSA columns:
# 1919-1939
name=unknown_E
#
# <colnr> <probs for GDERKNQSTAVLIFYWHMCP>
#	G	D	E	R	K	N	Q	S	T	A	V	L	I	F	Y	W	H	M	C	P
0	0.02606	0.00710	0.04043	0.00732	0.00956	0.02208	0.06494	0.08767	0.05846	0.26887	0.14677	0.11660	0.02367	0.03594	0.03812	0.00152	0.00367	0.00526	0.00373	0.03222
1	0.04312	0.00883	0.09908	0.05022	0.15579	0.02316	0.16486	0.04327	0.02272	0.02945	0.16322	0.06424	0.07078	0.00533	0.00412	0.00122	0.00414	0.00494	0.00274	0.03877
2	0.09656	0.01049	0.04312	0.16371	0.17992	0.16271	0.02751	0.07310	0.06790	0.08882	0.00843	0.01007	0.00650	0.00419	0.00393	0.00120	0.02778	0.01629	0.00251	0.00527
3	0.07957	0.02152	0.01168	0.00943	0.01132	0.10846	0.05383	0.30425	0.03891	0.01579	0.00740	0.00891	0.00595	0.00577	0.02972	0.00146	0.27482	0.00333	0.00267	0.00522
4	0.00749	0.00637	0.00766	0.00694	0.05133	0.02249	0.02172	0.02580	0.08240	0.02094	0.03920	0.18600	0.10933	0.00605	0.00377	0.00102	0.00291	0.00524	0.00295	0.39038
5	0.00537	0.00346	0.00475	0.00526	0.00549	0.00335	0.00355	0.00548	0.00681	0.00913	0.04825	0.50784	0.03195	0.04766	0.05697	0.23770	0.00306	0.00817	0.00298	0.00277
6	0.04286	0.00989	0.00879	0.07257	0.07995	0.29380	0.00645	0.02757	0.00966	0.01174	0.19657	0.01538	0.05729	0.00917	0.13969	0.00195	0.00556	0.00424	0.00264	0.00423
7	0.01140	0.00831	0.00893	0.00741	0.00947	0.02815	0.00581	0.48012	0.03202	0.03782	0.01191	0.14129	0.01080	0.10747	0.03085	0.00167	0.00396	0.00492	0.05242	0.00525
8	0.01758	0.00501	0.02009	0.02835	0.04413	0.00470	0.02400	0.04194	0.02067	0.04397	0.20093	0.32035	0.11314	0.00946	0.02246	0.00150	0.00288	0.07136	0.00357	0.00390
9	0.06294	0.28168	0.15486	0.00803	0.01137	0.09019	0.01883	0.15055	0.01030	0.10165	0.02246	0.01796	0.02306	0.00426	0.00346	0.01190	0.00445	0.00303	0.00256	0.01646
10	0.00982	0.00496	0.00644	0.00581	0.00740	0.00449	0.00444	0.01149	0.04409	0.32318	0.18615	0.25421	0.10537	0.00801	0.00440	0.00132	0.00256	0.00697	0.00420	0.00468
11	0.09594	0.00532	0.00599	0.00558	0.00701	0.00536	0.00421	0.03095	0.12449	0.11996	0.15981	0.15345	0.12403	0.08422	0.00553	0.00152	0.00266	0.02249	0.03720	0.00426
12	0.01041	0.08976	0.11881	0.07585	0.18867	0.01016	0.14319	0.16321	0.09158	0.04792	0.00882	0.01909	0.00676	0.00402	0.00385	0.00119	0.00477	0.00363	0.00255	0.00577
13	0.00987	0.00567	0.00700	0.00635	0.00801	0.00555	0.00488	0.06943	0.13141	0.24917	0.10334	0.28142	0.06327	0.00791	0.00438	0.00136	0.00279	0.02924	0.00408	0.00488
14	0.00630	0.09448	0.09772	0.00618	0.00773	0.04708	0.00533	0.00782	0.02174	0.01070	0.07018	0.37146	0.17789	0.00902	0.00440	0.00137	0.00306	0.05060	0.00315	0.00381
15	0.00547	0.00391	0.00467	0.00478	0.00531	0.00373	0.00322	0.02496	0.00801	0.01070	0.19472	0.22959	0.13385	0.31918	0.01016	0.00225	0.00274	0.02637	0.00330	0.00307
16	0.00887	0.10037	0.18645	0.14547	0.08646	0.06636	0.07256	0.04785	0.03150	0.01157	0.02050	0.02533	0.02332	0.00556	0.03895	0.00145	0.10360	0.01679	0.00206	0.00496
17	0.00640	0.00422	0.00554	0.00555	0.00651	0.00392	0.01868	0.00793	0.03196	0.08381	0.24287	0.35211	0.11745	0.00944	0.00464	0.00140	0.00237	0.06146	0.02998	0.00376
18	0.03096	0.01670	0.00722	0.00600	0.00781	0.00554	0.02237	0.09975	0.01004	0.27163	0.07238	0.07800	0.15704	0.13679	0.00648	0.00163	0.00310	0.02361	0.03831	0.00465
19	0.04434	0.08803	0.06242	0.00646	0.00807	0.00631	0.02422	0.05032	0.07355	0.07928	0.03165	0.37760	0.03384	0.07362	0.00538	0.00153	0.00313	0.00695	0.01907	0.00423
20	0.00987	0.06352	0.04730	0.09477	0.10494	0.06161	0.03687	0.13239	0.04221	0.07042	0.01919	0.14130	0.00982	0.02837	0.00536	0.00134	0.10112	0.00464	0.01283	0.01211

[dist]
# distance from previous block
# <min> <max>
4	21

[block]
# block no. 5 follows, 70 sequences, length 6
# corresponding to MSA columns:
# 1961-1966
name=unknown_F
#
# <colnr> <probs for GDERKNQSTAVLIFYWHMCP>
#	G	D	E	R	K	N	Q	S	T	A	V	L	I	F	Y	W	H	M	C	P
0	0.00872	0.05017	0.20719	0.05869	0.01250	0.02811	0.11673	0.04471	0.00860	0.09326	0.02748	0.06332	0.00917	0.07079	0.12189	0.00209	0.00540	0.00422	0.06223	0.00473
1	0.00945	0.00566	0.00720	0.04981	0.00866	0.00568	0.00505	0.13528	0.01039	0.18952	0.17360	0.13505	0.04090	0.10446	0.06249	0.00191	0.00362	0.04306	0.00369	0.00452
2	0.03390	0.00858	0.01332	0.13673	0.09175	0.05113	0.21247	0.07994	0.03372	0.04848	0.01018	0.11455	0.00925	0.00547	0.00509	0.00135	0.09077	0.04591	0.00253	0.00488
3	0.05491	0.10380	0.19012	0.11242	0.03328	0.05435	0.11876	0.04993	0.00909	0.11926	0.00912	0.03461	0.02678	0.00424	0.00390	0.00118	0.02483	0.00355	0.00240	0.04345
4	0.00610	0.00470	0.03490	0.00532	0.00629	0.00411	0.00409	0.04086	0.00843	0.03270	0.05954	0.27903	0.19239	0.13083	0.00668	0.00174	0.00272	0.09520	0.08088	0.00350
5	0.00562	0.00414	0.00492	0.00482	0.00558	0.00373	0.00321	0.00631	0.00725	0.00991	0.08793	0.26784	0.09096	0.34037	0.01031	0.00222	0.00286	0.00706	0.00298	0.13197

[dist]
# distance from previous block
# <min> <max>
0	2

[block]
# block no. 6 follows, 70 sequences, length 13
# corresponding to MSA columns:
# 1969-1981
name=unknown_G
#
# <colnr> <probs for GDERKNQSTAVLIFYWHMCP>
#	G	D	E	R	K	N	Q	S	T	A	V	L	I	F	Y	W	H	M	C	P
0	0.09267	0.24912	0.01091	0.00622	0.00853	0.00843	0.02244	0.04061	0.00959	0.18163	0.20575	0.01651	0.10149	0.00554	0.00381	0.00112	0.02318	0.00438	0.00327	0.00479
1	0.02523	0.00492	0.02525	0.00533	0.00651	0.00462	0.00410	0.03915	0.03821	0.05970	0.18391	0.07963	0.18792	0.11400	0.14347	0.02102	0.00388	0.00605	0.04337	0.00374
2	0.02866	0.03263	0.01299	0.09424	0.22999	0.21441	0.11145	0.04841	0.03936	0.01244	0.09406	0.03195	0.02346	0.00450	0.00391	0.00117	0.00498	0.00396	0.00240	0.00502
3	0.00820	0.00739	0.00864	0.02724	0.00951	0.08176	0.05982	0.05751	0.06072	0.02818	0.11547	0.13408	0.08527	0.01895	0.02467	0.00132	0.07012	0.00522	0.00297	0.19295
4	0.01078	0.07956	0.01036	0.00825	0.02953	0.18065	0.02538	0.12273	0.07022	0.08064	0.14136	0.01356	0.01196	0.04966	0.04625	0.00155	0.08917	0.00399	0.01958	0.00483
5	0.02984	0.00611	0.00737	0.00602	0.00851	0.00517	0.00471	0.01097	0.06018	0.14387	0.03145	0.17340	0.01187	0.00554	0.00363	0.00099	0.00284	0.03733	0.00314	0.44705
6	0.04103	0.13124	0.46172	0.00925	0.01370	0.00910	0.03816	0.01286	0.04194	0.10155	0.03770	0.00945	0.00690	0.00390	0.00351	0.00113	0.00474	0.00307	0.00225	0.06680
7	0.00551	0.00453	0.02097	0.00563	0.00649	0.00439	0.00429	0.02093	0.03390	0.01093	0.10620	0.29573	0.20625	0.02693	0.16857	0.00240	0.03449	0.03506	0.00326	0.00353
8	0.00524	0.00372	0.00455	0.00485	0.00525	0.00354	0.00325	0.00594	0.00752	0.01001	0.13811	0.30332	0.10573	0.32050	0.01025	0.00230	0.00279	0.05691	0.00324	0.00297
9	0.02141	0.00460	0.00607	0.00595	0.00685	0.00460	0.01594	0.00853	0.03638	0.11597	0.13641	0.40197	0.05617	0.04126	0.02437	0.00163	0.05549	0.02712	0.02540	0.00388
10	0.00628	0.00401	0.00507	0.00518	0.00601	0.00381	0.00382	0.00772	0.02253	0.06350	0.24391	0.27435	0.08052	0.05271	0.03544	0.00164	0.00261	0.06879	0.10848	0.00362
11	0.28914	0.00780	0.00835	0.00671	0.00938	0.00815	0.00549	0.21573	0.02772	0.31220	0.04446	0.01103	0.00842	0.02420	0.00382	0.00125	0.00339	0.00341	0.00373	0.00562
12	0.01059	0.00519	0.00672	0.00607	0.00765	0.00482	0.00459	0.05101	0.02901	0.34447	0.05215	0.35181	0.01722	0.03877	0.00485	0.00143	0.00280	0.00691	0.04915	0.00478

[dist]
# distance from previous block
# <min> <max>
12	19

[block]
# block no. 7 follows, 70 sequences, length 11
# corresponding to MSA columns:
# 2004-2014
name=unknown_H
#
# <colnr> <probs for GDERKNQSTAVLIFYWHMCP>
#	G	D	E	R	K	N	Q	S	T	A	V	L	I	F	Y	W	H	M	C	P
0	0.00715	0.00485	0.00619	0.00599	0.00710	0.00483	0.02500	0.00959	0.12566	0.09796	0.04835	0.28573	0.12065	0.09434	0.08419	0.00209	0.00348	0.04215	0.02069	0.00400
1	0.03220	0.00499	0.00625	0.00597	0.00710	0.00497	0.02509	0.06616	0.02845	0.06316	0.12280	0.31283	0.17536	0.02450	0.00517	0.00145	0.03963	0.05085	0.01917	0.00391
2	0.02641	0.07689	0.03457	0.06227	0.07424	0.08606	0.03217	0.07217	0.06060	0.05962	0.15763	0.07042	0.09325	0.04607	0.00469	0.00130	0.00372	0.00496	0.00304	0.02992
3	0.02781	0.04474	0.03646	0.20824	0.12210	0.08013	0.11083	0.11676	0.18697	0.01392	0.00911	0.01042	0.00695	0.00412	0.00385	0.00122	0.00478	0.00362	0.00256	0.00542
4	0.02359	0.00408	0.00503	0.00552	0.00606	0.00402	0.00381	0.04640	0.04371	0.01098	0.01985	0.64712	0.05730	0.03048	0.00554	0.04308	0.00246	0.00937	0.02821	0.00340
5	0.00599	0.00380	0.00466	0.00489	0.00525	0.00366	0.00320	0.00656	0.00708	0.04980	0.06377	0.31188	0.01929	0.40384	0.01161	0.00252	0.00301	0.04173	0.04445	0.00302
6	0.02614	0.11963	0.11451	0.00716	0.00968	0.04087	0.00654	0.12699	0.07129	0.10004	0.15032	0.04587	0.08789	0.00688	0.03969	0.00141	0.00388	0.03297	0.00325	0.00497
7	0.02349	0.04772	0.04400	0.05249	0.03827	0.05642	0.12468	0.02307	0.03004	0.01160	0.04733	0.13780	0.11310	0.02632	0.00482	0.00138	0.02098	0.13310	0.00281	0.06059
8	0.00602	0.00425	0.00502	0.00493	0.00536	0.00435	0.00322	0.03987	0.03852	0.00979	0.09517	0.10106	0.04019	0.52289	0.10019	0.00329	0.00405	0.00606	0.00278	0.00301
9	0.00539	0.00407	0.00500	0.00541	0.00580	0.02035	0.00375	0.00615	0.00743	0.00985	0.07602	0.43686	0.07178	0.18541	0.06900	0.00232	0.02522	0.05387	0.00320	0.00313
10	0.02133	0.09759	0.19159	0.00787	0.01063	0.02991	0.00757	0.13053	0.07127	0.08591	0.01179	0.07370	0.04502	0.01845	0.08153	0.03775	0.02374	0.03659	0.00280	0.01445

[dist]
# distance from previous block
# <min> <max>
4	8

[block]
# block no. 8 follows, 70 sequences, length 10
# corresponding to MSA columns:
# 2050-2059
name=unknown_I
#
# <colnr> <probs for GDERKNQSTAVLIFYWHMCP>
#	G	D	E	R	K	N	Q	S	T	A	V	L	I	F	Y	W	H	M	C	P
0	0.00748	0.00543	0.00717	0.02688	0.00799	0.00609	0.00528	0.08238	0.02361	0.06235	0.01405	0.19614	0.04475	0.08722	0.22604	0.01793	0.11734	0.05506	0.00287	0.00392
1	0.14565	0.15912	0.05981	0.04036	0.09050	0.02324	0.16135	0.02441	0.04247	0.05954	0.00863	0.02863	0.02739	0.00391	0.00344	0.00109	0.00429	0.00338	0.00234	0.11045
2	0.00730	0.08661	0.05369	0.00778	0.09151	0.03821	0.00544	0.05334	0.00805	0.01067	0.03473	0.24587	0.01486	0.25134	0.00856	0.00198	0.00364	0.03494	0.00270	0.03879
3	0.00619	0.00403	0.00521	0.00507	0.00598	0.00368	0.00371	0.00761	0.00986	0.07817	0.50902	0.21581	0.08362	0.03796	0.00512	0.00139	0.00211	0.00770	0.00405	0.00370
4	0.00509	0.00369	0.00442	0.00482	0.00532	0.00344	0.00329	0.00581	0.00757	0.00991	0.06077	0.36890	0.20536	0.21782	0.00841	0.00203	0.00260	0.05589	0.02181	0.00304
5	0.00904	0.11641	0.07756	0.03191	0.17889	0.04134	0.02234	0.05186	0.02384	0.03436	0.03969	0.05383	0.01672	0.01677	0.03896	0.02029	0.14560	0.04326	0.00233	0.03499
6	0.11545	0.00808	0.01089	0.19873	0.09286	0.03138	0.08619	0.14263	0.07827	0.04339	0.03332	0.07076	0.06148	0.00507	0.00390	0.00126	0.00416	0.00439	0.00281	0.00500
7	0.00517	0.00368	0.00460	0.00507	0.00568	0.00336	0.00355	0.00606	0.00816	0.03047	0.11353	0.51597	0.19638	0.04783	0.00546	0.00157	0.00227	0.03426	0.00365	0.00329
8	0.03097	0.00622	0.02143	0.00759	0.07339	0.03478	0.00531	0.05115	0.02822	0.05742	0.02989	0.01181	0.00778	0.00900	0.02077	0.41006	0.04568	0.02155	0.00228	0.12470
9	0.00982	0.09000	0.14608	0.13145	0.10523	0.10713	0.19598	0.04051	0.03763	0.04147	0.00792	0.01023	0.00627	0.02340	0.00435	0.00126	0.01782	0.01615	0.00211	0.00519

[dist]
# distance from previous block
# <min> <max>
4	9

[block]
# block no. 9 follows, 70 sequences, length 8
# corresponding to MSA columns:
# 2069-2076
name=unknown_J
#
# <colnr> <probs for GDERKNQSTAVLIFYWHMCP>
#	G	D	E	R	K	N	Q	S	T	A	V	L	I	F	Y	W	H	M	C	P
0	0.00613	0.11587	0.08934	0.00574	0.00699	0.00549	0.00479	0.00727	0.00749	0.01013	0.04734	0.37379	0.05401	0.16989	0.00714	0.00180	0.00309	0.02482	0.05534	0.00355
1	0.00700	0.00503	0.00670	0.11108	0.03396	0.00511	0.00514	0.02220	0.02332	0.08087	0.23913	0.08523	0.19648	0.06200	0.00572	0.00148	0.03764	0.04918	0.01878	0.00396
2	0.08331	0.24678	0.19737	0.02841	0.01202	0.07341	0.03271	0.06146	0.08762	0.04935	0.00845	0.05647	0.00706	0.00444	0.00371	0.00114	0.03544	0.00333	0.00235	0.00518
3	0.00917	0.00591	0.00823	0.13498	0.07304	0.00620	0.00613	0.04871	0.04479	0.18028	0.04652	0.06188	0.03133	0.16831	0.10074	0.00231	0.02051	0.04342	0.00305	0.00449
4	0.03420	0.00541	0.00720	0.00670	0.00739	0.00643	0.00525	0.03008	0.00695	0.03284	0.01306	0.04195	0.10355	0.10512	0.32709	0.02898	0.20483	0.02692	0.00240	0.00364
5	0.04986	0.02624	0.03958	0.04348	0.06587	0.06421	0.08244	0.05755	0.08007	0.11722	0.09468	0.07965	0.15754	0.00619	0.00411	0.00126	0.00370	0.01829	0.00324	0.00482
6	0.03913	0.06080	0.12196	0.02835	0.12527	0.00736	0.09660	0.04448	0.02180	0.06519	0.06309	0.11354	0.17195	0.00617	0.00421	0.00126	0.01581	0.00540	0.00283	0.00479
7	0.01142	0.23460	0.04611	0.10663	0.07328	0.20851	0.02111	0.10788	0.05839	0.04937	0.00783	0.02886	0.00639	0.00417	0.00361	0.00109	0.02012	0.00312	0.00235	0.00518

[dist]
# distance from previous block
# <min> <max>
2	4

[block]
# block no. 10 follows, 70 sequences, length 13
# corresponding to MSA columns:
# 2081-2093
name=unknown_K
#
# <colnr> <probs for GDERKNQSTAVLIFYWHMCP>
#	G	D	E	R	K	N	Q	S	T	A	V	L	I	F	Y	W	H	M	C	P
0	0.01063	0.08521	0.06691	0.05100	0.03002	0.11790	0.04631	0.09902	0.05056	0.11183	0.02238	0.09072	0.00893	0.00478	0.00362	0.00108	0.00413	0.00392	0.05010	0.14097
1	0.03250	0.00517	0.00573	0.00567	0.00686	0.03663	0.00422	0.00903	0.09801	0.06087	0.15251	0.30798	0.16971	0.00890	0.00446	0.00136	0.00257	0.04722	0.00367	0.03692
2	0.15679	0.04936	0.09282	0.00714	0.01004	0.06329	0.00629	0.08263	0.13894	0.10873	0.01105	0.04684	0.04245	0.00460	0.00343	0.00109	0.00364	0.00355	0.00299	0.16431
3	0.00897	0.02270	0.04247	0.13287	0.16884	0.14528	0.08314	0.01111	0.03171	0.03820	0.04721	0.14573	0.03159	0.00601	0.02139	0.00133	0.00468	0.01572	0.00249	0.03856
4	0.00491	0.00385	0.00426	0.00431	0.00524	0.00340	0.00307	0.00588	0.00863	0.01093	0.17968	0.12640	0.48797	0.12622	0.00669	0.00166	0.00222	0.00794	0.00355	0.00320
5	0.00551	0.00390	0.00505	0.00525	0.00584	0.00381	0.00375	0.00653	0.00813	0.02843	0.21435	0.31549	0.09413	0.13681	0.09095	0.00225	0.01831	0.04478	0.00341	0.00331
6	0.00958	0.15847	0.30470	0.04730	0.16108	0.04219	0.09170	0.04387	0.05634	0.03794	0.00765	0.00893	0.00586	0.00372	0.00363	0.00115	0.00508	0.00316	0.00206	0.00560
7	0.00739	0.00624	0.00766	0.02636	0.00816	0.02276	0.00551	0.06716	0.02726	0.03266	0.10721	0.08519	0.22066	0.06459	0.01818	0.00165	0.25362	0.03076	0.00300	0.00398
8	0.02591	0.00590	0.00751	0.00642	0.00847	0.00552	0.00503	0.07801	0.04262	0.43688	0.02938	0.24907	0.03725	0.00700	0.00415	0.00130	0.00296	0.00599	0.03529	0.00534
9	0.00910	0.02211	0.07338	0.00842	0.02889	0.02614	0.10483	0.11589	0.02883	0.10483	0.13907	0.10944	0.11428	0.00703	0.01955	0.01706	0.05764	0.00552	0.00324	0.00476
10	0.00989	0.14719	0.29766	0.06893	0.13932	0.02706	0.01023	0.07303	0.03869	0.08503	0.00912	0.01005	0.03704	0.00414	0.00384	0.00116	0.02649	0.00327	0.00230	0.00558
11	0.03391	0.00828	0.08118	0.00898	0.05986	0.07286	0.04809	0.00931	0.02208	0.02685	0.03513	0.21402	0.05500	0.06328	0.03426	0.00173	0.20352	0.01492	0.00256	0.00415
12	0.31301	0.08138	0.04298	0.08427	0.14206	0.18214	0.04040	0.05001	0.00876	0.01362	0.00629	0.00768	0.00502	0.00370	0.00319	0.00113	0.00466	0.00270	0.00214	0.00485

[dist]
# distance from previous block
# <min> <max>
0	1

[block]
# block no. 11 follows, 70 sequences, length 6
# corresponding to MSA columns:
# 2095-2100
name=unknown_L
#
# <colnr> <probs for GDERKNQSTAVLIFYWHMCP>
#	G	D	E	R	K	N	Q	S	T	A	V	L	I	F	Y	W	H	M	C	P
0	0.00677	0.00457	0.00650	0.03073	0.08393	0.00437	0.02528	0.00715	0.00738	0.05001	0.01804	0.10987	0.21633	0.06345	0.00871	0.27638	0.00313	0.04434	0.02983	0.00324
1	0.00549	0.00421	0.00535	0.04117	0.00705	0.00423	0.00419	0.00763	0.11055	0.01112	0.07942	0.62026	0.06347	0.01053	0.00473	0.00149	0.00243	0.00945	0.00361	0.00361
2	0.03261	0.40861	0.12619	0.00841	0.01167	0.06666	0.06617	0.10133	0.00913	0.01178	0.00643	0.00768	0.00537	0.00449	0.02083	0.02567	0.04169	0.00269	0.00200	0.04057
3	0.00924	0.20833	0.18116	0.00940	0.04040	0.02807	0.09372	0.05506	0.04971	0.04061	0.02090	0.03271	0.00758	0.05644	0.04343	0.00154	0.07591	0.00356	0.01774	0.02449
4	0.00489	0.00363	0.00444	0.00486	0.00542	0.00331	0.00333	0.00574	0.00810	0.01062	0.14411	0.46357	0.21640	0.09536	0.00627	0.00168	0.00227	0.00924	0.00357	0.00317
5	0.06121	0.00422	0.00497	0.00518	0.00605	0.00405	0.00370	0.00744	0.05001	0.04759	0.14025	0.42632	0.17385	0.04047	0.00510	0.00150	0.00232	0.00852	0.00364	0.00358

[dist]
# distance from previous block
# <min> <max>
0	5

[block]
# block no. 12 follows, 70 sequences, length 15
# corresponding to MSA columns:
# 2106-2120
name=unknown_M
#
# <colnr> <probs for GDERKNQSTAVLIFYWHMCP>
#	G	D	E	R	K	N	Q	S	T	A	V	L	I	F	Y	W	H	M	C	P
0	0.00725	0.02938	0.00777	0.09137	0.05664	0.02896	0.03574	0.02742	0.00844	0.06692	0.08530	0.28649	0.07009	0.08004	0.01820	0.03419	0.00345	0.05537	0.00310	0.00387
1	0.01049	0.09014	0.03062	0.00748	0.01025	0.14147	0.00617	0.14691	0.10166	0.02834	0.00905	0.03248	0.01768	0.00517	0.03748	0.00116	0.02060	0.00318	0.00269	0.29699
2	0.00950	0.00808	0.00718	0.00648	0.00788	0.17780	0.00476	0.09763	0.05706	0.08542	0.04339	0.05808	0.12863	0.24222	0.04719	0.00213	0.00431	0.00513	0.00304	0.00410
3	0.21980	0.04057	0.04841	0.05560	0.16373	0.05033	0.00742	0.08165	0.08849	0.06481	0.02919	0.00969	0.00704	0.01259	0.00396	0.00119	0.04326	0.00316	0.00262	0.06649
4	0.00642	0.04234	0.15440	0.00610	0.00758	0.02484	0.00534	0.02928	0.00756	0.01011	0.06177	0.17979	0.06724	0.35021	0.01044	0.00230	0.00370	0.02436	0.00268	0.00353
5	0.25988	0.00745	0.00815	0.00659	0.00923	0.00765	0.00539	0.15811	0.05019	0.35579	0.05714	0.01229	0.03621	0.00479	0.00354	0.00120	0.00325	0.00366	0.00386	0.00563
6	0.00506	0.00365	0.00465	0.00519	0.00564	0.00344	0.00361	0.00591	0.00785	0.01041	0.11381	0.48751	0.11109	0.12403	0.01963	0.00188	0.00261	0.07738	0.00348	0.00315
7	0.03614	0.47738	0.03911	0.03167	0.20923	0.01212	0.00788	0.01178	0.04781	0.01113	0.05423	0.00893	0.00740	0.00373	0.00308	0.00098	0.00407	0.00286	0.00202	0.02845
8	0.00497	0.00366	0.00450	0.00489	0.00545	0.00336	0.00338	0.00584	0.00813	0.01071	0.15875	0.42472	0.20227	0.11407	0.00661	0.00173	0.00233	0.02790	0.00356	0.00317
9	0.04145	0.00614	0.00775	0.00662	0.00876	0.00585	0.00520	0.04818	0.11048	0.45391	0.03452	0.22623	0.01420	0.00672	0.00413	0.00131	0.00300	0.00574	0.00427	0.00553
10	0.01191	0.00633	0.00774	0.00610	0.00862	0.00564	0.00487	0.08380	0.02586	0.35678	0.05963	0.01529	0.07465	0.05422	0.00459	0.00120	0.00302	0.00411	0.06868	0.19694
11	0.00769	0.07435	0.08617	0.00683	0.00857	0.00640	0.02874	0.08753	0.06175	0.05448	0.05290	0.34271	0.04660	0.02169	0.05134	0.01146	0.00360	0.01550	0.02736	0.00432
12	0.06694	0.00705	0.00914	0.03812	0.01057	0.00655	0.00595	0.09130	0.01136	0.69025	0.01388	0.01234	0.00885	0.00468	0.00381	0.00120	0.00344	0.00374	0.00446	0.00638
13	0.01091	0.00838	0.01037	0.07516	0.02656	0.03593	0.00737	0.19032	0.07126	0.12932	0.03271	0.03518	0.03370	0.00598	0.00680	0.00139	0.27343	0.03704	0.00304	0.00517
14	0.10809	0.00793	0.01110	0.17232	0.16767	0.03961	0.06094	0.05504	0.02843	0.15932	0.02839	0.06676	0.00859	0.02888	0.00463	0.00133	0.03900	0.00408	0.00277	0.00512

[dist]
# distance from previous block
# <min> <max>
4	6

[block]
# block no. 13 follows, 70 sequences, length 7
# corresponding to MSA columns:
# 2130,2146-2151
name=unknown_N
#
# <colnr> <probs for GDERKNQSTAVLIFYWHMCP>
#	G	D	E	R	K	N	Q	S	T	A	V	L	I	F	Y	W	H	M	C	P
0	0.00524	0.00362	0.00460	0.00510	0.00545	0.00355	0.00346	0.00599	0.00708	0.00974	0.01829	0.46650	0.05547	0.18704	0.10615	0.00250	0.00349	0.03065	0.07300	0.00308
1	0.04769	0.16689	0.20507	0.01252	0.21950	0.04005	0.04518	0.06978	0.02550	0.06818	0.05754	0.00994	0.00771	0.00398	0.00357	0.00113	0.00457	0.00329	0.00234	0.00557
2	0.01002	0.09900	0.19155	0.03191	0.22506	0.06257	0.11031	0.07979	0.03034	0.03706	0.00754	0.00899	0.00587	0.00374	0.00391	0.00113	0.02607	0.00323	0.00215	0.05977
3	0.00624	0.00414	0.03346	0.00520	0.00559	0.00379	0.00375	0.00577	0.00599	0.00811	0.06286	0.04121	0.04658	0.14637	0.10385	0.50409	0.00407	0.00445	0.00213	0.00235
4	0.00860	0.00492	0.00651	0.00628	0.02986	0.00446	0.02153	0.02679	0.00924	0.22839	0.07288	0.26466	0.20576	0.04022	0.00508	0.00146	0.00276	0.05247	0.00383	0.00430
5	0.04629	0.07532	0.12856	0.15128	0.14477	0.00938	0.20086	0.05832	0.02866	0.07828	0.00849	0.02437	0.00661	0.00399	0.00389	0.00122	0.00499	0.01706	0.00230	0.00537
6	0.03904	0.12683	0.04754	0.04719	0.08942	0.13429	0.09196	0.10761	0.05336	0.10770	0.00943	0.02468	0.02413	0.01845	0.02240	0.00127	0.00479	0.00350	0.00265	0.04375

[dist]
# distance from previous block
# <min> <max>
6	14

[block]
# block no. 14 follows, 70 sequences, length 17
# corresponding to MSA columns:
# 2167-2179,2188-2191
name=unknown_O
#
# <colnr> <probs for GDERKNQSTAVLIFYWHMCP>
#	G	D	E	R	K	N	Q	S	T	A	V	L	I	F	Y	W	H	M	C	P
0	0.06366	0.00515	0.00634	0.02529	0.00756	0.00500	0.00443	0.04475	0.02477	0.16678	0.19069	0.13397	0.10526	0.04230	0.07952	0.02173	0.00336	0.00585	0.02088	0.04272
1	0.03046	0.02317	0.02596	0.28135	0.04453	0.05686	0.11776	0.09354	0.02319	0.04733	0.05879	0.01135	0.00794	0.00439	0.00452	0.00122	0.06812	0.01627	0.00241	0.08084
2	0.08095	0.05409	0.07247	0.00687	0.00943	0.00738	0.00597	0.14505	0.06770	0.21587	0.07440	0.08606	0.08453	0.00621	0.01717	0.00129	0.00343	0.01492	0.00358	0.04263
3	0.00611	0.00446	0.00532	0.00547	0.00641	0.00436	0.00401	0.04022	0.08929	0.02630	0.14822	0.37819	0.16378	0.00955	0.00458	0.00140	0.00236	0.04829	0.04789	0.00378
4	0.00611	0.00422	0.00536	0.01446	0.00647	0.00410	0.01172	0.03407	0.04018	0.04972	0.03686	0.50986	0.10385	0.07701	0.03890	0.00183	0.00287	0.01871	0.03014	0.00356
5	0.00953	0.28444	0.16209	0.05246	0.08295	0.04103	0.12421	0.03527	0.06624	0.02824	0.00854	0.03934	0.02323	0.00416	0.00372	0.00113	0.02258	0.00347	0.00213	0.00524
6	0.02515	0.00454	0.00521	0.00492	0.00543	0.00471	0.00321	0.05757	0.01908	0.03416	0.03167	0.02266	0.04201	0.60734	0.08577	0.00342	0.01738	0.00529	0.01744	0.00304
7	0.00483	0.00349	0.00458	0.00534	0.00570	0.00324	0.00366	0.00565	0.00783	0.01044	0.08782	0.72312	0.06970	0.01163	0.00491	0.00154	0.00224	0.03742	0.00365	0.00321
8	0.04599	0.14748	0.25223	0.13531	0.04429	0.06726	0.02460	0.06447	0.04213	0.02537	0.01955	0.05841	0.00789	0.00468	0.00367	0.00120	0.00475	0.04341	0.00225	0.00506
9	0.00860	0.00789	0.10463	0.02692	0.04438	0.02153	0.04389	0.03887	0.06325	0.13305	0.07378	0.08307	0.22906	0.00675	0.00471	0.00129	0.05446	0.01633	0.00325	0.03428
10	0.00890	0.00910	0.03609	0.15530	0.51248	0.00896	0.15154	0.01141	0.00869	0.01208	0.00865	0.01098	0.04056	0.00376	0.00400	0.00121	0.00495	0.00383	0.00196	0.00556
11	0.02704	0.00627	0.00766	0.00650	0.00863	0.00608	0.00524	0.12119	0.06747	0.34192	0.10695	0.06342	0.08089	0.00642	0.00412	0.00127	0.00302	0.07581	0.05479	0.00532
12	0.04628	0.08701	0.19810	0.07279	0.14618	0.07257	0.09402	0.10060	0.02601	0.07487	0.02333	0.01003	0.02312	0.00402	0.00372	0.00117	0.00490	0.00340	0.00239	0.00550
13	0.02880	0.11177	0.02928	0.01898	0.03387	0.00756	0.04765	0.05928	0.02375	0.08901	0.03445	0.17232	0.06808	0.02093	0.00540	0.00143	0.09313	0.14681	0.00306	0.00445
14	0.00905	0.21962	0.48319	0.00978	0.01430	0.04562	0.03980	0.02909	0.09201	0.01205	0.00752	0.00841	0.00570	0.00377	0.00345	0.00113	0.00514	0.00289	0.00195	0.00554
15	0.00745	0.14257	0.07670	0.00843	0.09563	0.01991	0.02260	0.03253	0.00814	0.03181	0.02815	0.20904	0.07570	0.05282	0.13978	0.00218	0.00471	0.03495	0.00265	0.00425
16	0.01076	0.05213	0.11561	0.07250	0.03260	0.06687	0.14341	0.11110	0.06601	0.14562	0.02719	0.04053	0.06380	0.00489	0.00423	0.00123	0.02903	0.00420	0.00291	0.00537

[dist]
# distance from previous block
# <min> <max>
5	26

[block]
# block no. 15 follows, 70 sequences, length 17
# corresponding to MSA columns:
# 2234-2250
name=unknown_P
#
# <colnr> <probs for GDERKNQSTAVLIFYWHMCP>
#	G	D	E	R	K	N	Q	S	T	A	V	L	I	F	Y	W	H	M	C	P
0	0.00738	0.00665	0.03233	0.04988	0.17774	0.02194	0.04196	0.01010	0.08510	0.02364	0.24785	0.09825	0.03141	0.04520	0.00504	0.00141	0.00341	0.08513	0.00317	0.02242
1	0.00904	0.00735	0.00820	0.04574	0.03106	0.05160	0.00571	0.13203	0.13191	0.04478	0.11324	0.07065	0.06715	0.01889	0.00421	0.00119	0.00334	0.06772	0.00332	0.18285
2	0.00504	0.00363	0.00465	0.00529	0.00560	0.00350	0.00355	0.00592	0.02633	0.00969	0.01995	0.62729	0.05200	0.14476	0.04562	0.00211	0.00289	0.02572	0.00334	0.00312
3	0.07615	0.16414	0.01302	0.07413	0.09077	0.13587	0.05217	0.12256	0.07951	0.04817	0.00805	0.02234	0.00646	0.00416	0.00384	0.00111	0.04054	0.00318	0.00250	0.05132
4	0.02976	0.02454	0.00592	0.00533	0.00666	0.00426	0.00403	0.00836	0.00918	0.11220	0.26076	0.26521	0.13177	0.00844	0.00437	0.00128	0.00237	0.03146	0.00375	0.08032
5	0.03831	0.04652	0.06766	0.08424	0.20845	0.03531	0.08419	0.09322	0.02739	0.09637	0.00824	0.00981	0.00638	0.02095	0.00439	0.00118	0.04296	0.00335	0.00247	0.11863
6	0.01061	0.00800	0.03766	0.00733	0.00964	0.02323	0.00595	0.08249	0.41400	0.16070	0.10559	0.03418	0.04018	0.01875	0.00424	0.00129	0.00319	0.00467	0.00393	0.02436
7	0.00544	0.00400	0.00505	0.00503	0.00586	0.00376	0.00370	0.02328	0.00966	0.01322	0.46356	0.18226	0.13963	0.04897	0.04327	0.00165	0.00250	0.03180	0.00384	0.00350
8	0.01080	0.00766	0.00958	0.00808	0.00954	0.02335	0.00654	0.17236	0.05303	0.16744	0.02437	0.01226	0.00843	0.05333	0.16169	0.00239	0.25731	0.00386	0.00297	0.00500
9	0.00942	0.00618	0.00783	0.00694	0.03055	0.00611	0.03372	0.11993	0.07452	0.16375	0.06601	0.05669	0.14526	0.10957	0.09058	0.00203	0.00396	0.02002	0.00346	0.04345
10	0.00506	0.00363	0.00446	0.00492	0.00529	0.00342	0.00328	0.00570	0.00736	0.00967	0.06303	0.44151	0.13066	0.24910	0.00902	0.00214	0.00267	0.04281	0.00328	0.00299
11	0.00478	0.00358	0.00446	0.00507	0.00563	0.00326	0.00354	0.00564	0.00801	0.01039	0.06712	0.58116	0.23006	0.01129	0.00485	0.00150	0.00221	0.04060	0.00363	0.00322
12	0.02729	0.01070	0.16423	0.24182	0.03171	0.06622	0.07730	0.08287	0.14061	0.01295	0.00945	0.04288	0.00763	0.00549	0.03185	0.01483	0.00505	0.01966	0.00242	0.00505
13	0.00779	0.00566	0.00732	0.03569	0.10911	0.01722	0.00533	0.03978	0.07405	0.09725	0.20377	0.15786	0.15739	0.04768	0.00508	0.00141	0.00289	0.01675	0.00356	0.00439
14	0.00509	0.00366	0.00470	0.00538	0.00583	0.00348	0.00374	0.00629	0.03496	0.01078	0.08131	0.66597	0.06675	0.01116	0.00481	0.00151	0.00227	0.04438	0.03461	0.00332
15	0.00943	0.06302	0.15641	0.21067	0.11048	0.06388	0.05581	0.07718	0.01926	0.06184	0.03288	0.01365	0.03059	0.00472	0.00393	0.00124	0.00481	0.07267	0.00242	0.00510
16	0.05360	0.15708	0.08315	0.02785	0.07103	0.19906	0.05362	0.14848	0.01082	0.13311	0.00803	0.00868	0.00601	0.00403	0.00366	0.00110	0.01958	0.00302	0.00263	0.00547

[dist]
# distance from previous block
# <min> <max>
2	13

[block]
# block no. 16 follows, 70 sequences, length 24
# corresponding to MSA columns:
# 2266-2289
name=unknown_Q
#
# <colnr> <probs for GDERKNQSTAVLIFYWHMCP>
#	G	D	E	R	K	N	Q	S	T	A	V	L	I	F	Y	W	H	M	C	P
0	0.00944	0.29858	0.09204	0.04447	0.01158	0.09560	0.05049	0.03211	0.04790	0.01143	0.04281	0.03111	0.02485	0.00415	0.00329	0.00097	0.00426	0.01708	0.00223	0.17559
1	0.00842	0.03956	0.06165	0.13562	0.03228	0.00703	0.03752	0.11545	0.00989	0.07936	0.13646	0.11851	0.10608	0.04758	0.00526	0.00141	0.03613	0.01414	0.00311	0.00453
2	0.00874	0.10009	0.43790	0.02964	0.02602	0.00930	0.10781	0.03239	0.03778	0.04560	0.02622	0.01814	0.00660	0.00447	0.02149	0.00128	0.02810	0.00331	0.00207	0.05305
3	0.00879	0.07066	0.19700	0.12721	0.04326	0.06478	0.03886	0.01116	0.02608	0.09262	0.01037	0.11674	0.00943	0.05251	0.06607	0.00176	0.03384	0.02173	0.00241	0.00473
4	0.00582	0.00396	0.00517	0.00531	0.00579	0.00384	0.02373	0.01985	0.00730	0.02641	0.04302	0.37401	0.05096	0.26211	0.04046	0.03677	0.00319	0.03080	0.04840	0.00310
5	0.04663	0.00954	0.13320	0.04794	0.23708	0.06595	0.02124	0.01108	0.08450	0.01246	0.07282	0.07370	0.13638	0.00576	0.00403	0.00125	0.00400	0.02488	0.00266	0.00491
6	0.05076	0.10796	0.17175	0.01926	0.06075	0.13051	0.00808	0.09625	0.02577	0.10088	0.02154	0.04680	0.01631	0.00477	0.00364	0.00114	0.00449	0.05439	0.00266	0.07229
7	0.00558	0.00399	0.00501	0.00507	0.00589	0.00373	0.00366	0.00723	0.04052	0.03319	0.40547	0.29509	0.13235	0.02896	0.00500	0.00141	0.00211	0.00823	0.00393	0.00358
8	0.00860	0.01003	0.06504	0.18358	0.03979	0.05638	0.46467	0.01139	0.00870	0.01143	0.00881	0.04144	0.02508	0.02240	0.02397	0.00145	0.00597	0.00443	0.00200	0.00483
9	0.00885	0.00909	0.00933	0.31304	0.01536	0.20941	0.00745	0.01177	0.12715	0.01046	0.01059	0.07098	0.03269	0.08076	0.06510	0.00181	0.00526	0.00425	0.00237	0.00428
10	0.00947	0.05683	0.03096	0.03856	0.05927	0.01621	0.10848	0.13248	0.11241	0.08492	0.02805	0.11727	0.12964	0.00625	0.00446	0.00129	0.03377	0.02142	0.00319	0.00505
11	0.00730	0.00408	0.00437	0.00431	0.00534	0.00402	0.00321	0.03822	0.02544	0.04524	0.01665	0.13889	0.09617	0.00619	0.00334	0.00107	0.00206	0.00517	0.58515	0.00378
12	0.00475	0.00365	0.00431	0.00480	0.00548	0.00326	0.00335	0.00557	0.00801	0.01016	0.03986	0.46526	0.35030	0.04550	0.00540	0.00156	0.00222	0.02982	0.00356	0.00318
13	0.01973	0.00873	0.01514	0.01154	0.01434	0.02753	0.42189	0.01284	0.17887	0.02920	0.01492	0.04621	0.13944	0.00521	0.00469	0.00132	0.03547	0.00521	0.00274	0.00499
14	0.01066	0.00619	0.00763	0.02783	0.00889	0.00619	0.00523	0.08392	0.16005	0.27181	0.20208	0.09625	0.06081	0.00712	0.02599	0.00139	0.00307	0.00553	0.00412	0.00522
15	0.00604	0.00472	0.00667	0.00641	0.00685	0.00567	0.00488	0.00699	0.00604	0.00870	0.00984	0.01608	0.00977	0.18747	0.53857	0.02781	0.13781	0.00431	0.00206	0.00332
16	0.00804	0.00689	0.00804	0.00574	0.00919	0.00517	0.00459	0.00976	0.00804	0.01263	0.00689	0.00804	0.00574	0.00287	0.00287	0.00057	0.00287	0.00230	0.00230	0.88745
17	0.00732	0.00689	0.01163	0.85444	0.02670	0.00861	0.01077	0.00991	0.00775	0.00991	0.00689	0.01034	0.00517	0.00388	0.00388	0.00129	0.00517	0.00345	0.00172	0.00431
18	0.00471	0.00341	0.00446	0.00530	0.00560	0.00316	0.00355	0.00541	0.00752	0.00994	0.02261	0.80390	0.08216	0.01198	0.00492	0.00156	0.00223	0.01082	0.00360	0.00316
19	0.00545	0.00426	0.00486	0.00503	0.00614	0.00391	0.00394	0.03548	0.00895	0.01115	0.05048	0.09293	0.48249	0.06302	0.00571	0.00159	0.00257	0.20511	0.00354	0.00341
20	0.01451	0.03760	0.01120	0.00969	0.01187	0.71385	0.00739	0.09733	0.01165	0.04068	0.00664	0.00743	0.00532	0.00407	0.00352	0.00102	0.00652	0.00264	0.00228	0.00479
21	0.00575	0.00414	0.00547	0.00565	0.00617	0.00438	0.00408	0.03584	0.00704	0.00960	0.01458	0.21038	0.02861	0.24192	0.32881	0.00391	0.00591	0.07183	0.00270	0.00322
22	0.58683	0.00735	0.00656	0.04395	0.00874	0.01987	0.00487	0.04985	0.05926	0.05413	0.03392	0.01155	0.05724	0.00462	0.00303	0.00124	0.00316	0.03657	0.00281	0.00445
23	0.01960	0.04214	0.23427	0.00867	0.01196	0.07915	0.07229	0.04078	0.02895	0.03788	0.00802	0.01002	0.00650	0.04796	0.05098	0.00146	0.04789	0.00316	0.04068	0.20764

[dist]
# distance from previous block
# <min> <max>
7	15

[block]
# block no. 17 follows, 70 sequences, length 22
# corresponding to MSA columns:
# 2306-2327
name=unknown_R
#
# <colnr> <probs for GDERKNQSTAVLIFYWHMCP>
#	G	D	E	R	K	N	Q	S	T	A	V	L	I	F	Y	W	H	M	C	P
0	0.02596	0.01223	0.00966	0.00846	0.01043	0.40845	0.03546	0.04442	0.07797	0.06481	0.14069	0.01367	0.04448	0.00517	0.00410	0.00112	0.03125	0.01929	0.00287	0.03952
1	0.04704	0.00814	0.00916	0.00802	0.04321	0.05170	0.02083	0.17672	0.16780	0.17032	0.05318	0.04752	0.01097	0.05110	0.01536	0.00138	0.00371	0.02554	0.00354	0.08476
2	0.00521	0.00375	0.00457	0.00482	0.00522	0.00368	0.00321	0.00578	0.00680	0.00894	0.01916	0.24838	0.15818	0.35624	0.13353	0.00309	0.00401	0.01965	0.00288	0.00290
3	0.01108	0.00883	0.00946	0.00718	0.01035	0.04752	0.00579	0.28233	0.06092	0.05319	0.00855	0.00902	0.00652	0.00374	0.00334	0.00086	0.00356	0.00290	0.00302	0.46185
4	0.00984	0.04235	0.09036	0.02261	0.07393	0.03214	0.12341	0.03148	0.04314	0.13511	0.02129	0.02471	0.05143	0.02149	0.00401	0.00109	0.00406	0.01207	0.00272	0.25276
