[name]
unknown

[dist]
# distance from previous block
# <min> <max>
0	285

[block]
# block no. 0 follows, 75 sequences, length 24
# corresponding to MSA columns:
# 416-439
name=unknown_A
#
# <colnr> <probs for GDERKNQSTAVLIFYWHMCP>
#	G	D	E	R	K	N	Q	S	T	A	V	L	I	F	Y	W	H	M	C	P
0	0.00782	0.00500	0.00618	0.00556	0.00697	0.00493	0.00430	0.02792	0.15779	0.14577	0.48084	0.06215	0.03826	0.00681	0.00415	0.00120	0.00226	0.02375	0.00401	0.00435
1	0.03580	0.00683	0.00777	0.09736	0.01027	0.01797	0.00577	0.03521	0.46225	0.04887	0.09630	0.02707	0.01278	0.00584	0.01986	0.01621	0.00317	0.04021	0.04550	0.00497
2	0.00759	0.00617	0.00729	0.00544	0.00837	0.00471	0.00429	0.00911	0.00765	0.04041	0.00825	0.09903	0.00756	0.00371	0.00296	0.00066	0.00267	0.00310	0.00239	0.76864
3	0.80356	0.00701	0.00573	0.00501	0.00734	0.00794	0.00413	0.01155	0.00670	0.10488	0.00611	0.00666	0.00452	0.00353	0.00242	0.00114	0.00287	0.00217	0.00251	0.00422
4	0.00783	0.01530	0.59528	0.01027	0.02888	0.00792	0.09494	0.01169	0.03193	0.05636	0.09631	0.01050	0.00837	0.00397	0.00368	0.00117	0.00490	0.00340	0.00207	0.00523
5	0.04583	0.00555	0.02175	0.01523	0.00733	0.00534	0.00441	0.06087	0.13624	0.02430	0.16605	0.19828	0.11295	0.04459	0.00468	0.00129	0.01171	0.02016	0.00328	0.11015
6	0.00465	0.00362	0.00422	0.00430	0.00521	0.00319	0.00314	0.00577	0.00874	0.01136	0.29480	0.20838	0.41110	0.00919	0.00441	0.00127	0.00188	0.00796	0.00361	0.00319
7	0.01040	0.00748	0.00832	0.00710	0.00946	0.00804	0.00560	0.03159	0.58722	0.16812	0.01387	0.01276	0.01013	0.00465	0.00362	0.00115	0.00295	0.00384	0.00372	0.09997
8	0.01072	0.27380	0.10759	0.00801	0.02419	0.02366	0.00732	0.28682	0.13574	0.01502	0.00808	0.00844	0.00624	0.00396	0.00343	0.00102	0.02594	0.00289	0.00263	0.04451
9	0.10528	0.43177	0.03421	0.00688	0.00979	0.05152	0.00628	0.19698	0.02554	0.07445	0.02218	0.00766	0.00596	0.00371	0.00287	0.00095	0.00388	0.00256	0.00243	0.00509
10	0.02440	0.02842	0.01099	0.00975	0.13401	0.00745	0.09652	0.05529	0.09281	0.03845	0.00773	0.00887	0.00617	0.00349	0.00383	0.00091	0.06160	0.00294	0.00235	0.40403
11	0.00830	0.02583	0.06453	0.03654	0.02351	0.00711	0.36091	0.01880	0.03294	0.10262	0.07247	0.10498	0.07825	0.01683	0.01913	0.00135	0.00449	0.01417	0.00266	0.00459
12	0.00635	0.00385	0.00520	0.00511	0.00543	0.00408	0.00352	0.00669	0.09370	0.00776	0.00859	0.01390	0.00838	0.14708	0.13548	0.53262	0.00418	0.00373	0.00197	0.00238
13	0.00675	0.00563	0.00639	0.00705	0.00801	0.09452	0.00604	0.00836	0.00866	0.01078	0.01799	0.03774	0.01940	0.00947	0.00489	0.00161	0.00373	0.73629	0.00322	0.00347
14	0.02989	0.00679	0.01126	0.73743	0.10570	0.00829	0.01010	0.00959	0.00738	0.00981	0.00649	0.00958	0.00496	0.00369	0.00383	0.00122	0.02484	0.00323	0.00167	0.00425
15	0.89687	0.00710	0.00540	0.00483	0.00710	0.00824	0.00398	0.01080	0.00625	0.01648	0.00511	0.00597	0.00398	0.00341	0.00227	0.00114	0.00284	0.00199	0.00227	0.00398
16	0.00804	0.00804	0.01125	0.00964	0.00964	0.01125	0.00804	0.00884	0.00562	0.00884	0.00482	0.00804	0.00482	0.00643	0.01205	0.00161	0.86420	0.00321	0.00161	0.00402
17	0.89687	0.00710	0.00540	0.00483	0.00710	0.00824	0.00398	0.01080	0.00625	0.01648	0.00511	0.00597	0.00398	0.00341	0.00227	0.00114	0.00284	0.00199	0.00227	0.00398
18	0.00903	0.00769	0.00809	0.00730	0.00932	0.00888	0.00567	0.01903	0.80474	0.01529	0.01482	0.01370	0.01113	0.00495	0.00369	0.00123	0.00285	0.00412	0.04274	0.00571
19	0.00530	0.00386	0.00551	0.00551	0.00606	0.00438	0.00413	0.00640	0.00585	0.00841	0.01019	0.01607	0.00991	0.17266	0.69069	0.00537	0.00855	0.00417	0.02386	0.00310
20	0.00667	0.00462	0.00558	0.00519	0.00624	0.00460	0.00385	0.03885	0.09351	0.07497	0.33367	0.10953	0.12734	0.12455	0.02246	0.00163	0.02316	0.00627	0.00355	0.00376
21	0.02338	0.16253	0.17051	0.01605	0.01052	0.07241	0.03240	0.08332	0.05209	0.05909	0.02438	0.13492	0.01759	0.01393	0.00364	0.00111	0.00394	0.02416	0.00251	0.09153
22	0.08334	0.17381	0.10076	0.03572	0.01105	0.17987	0.02516	0.06122	0.05301	0.06149	0.00701	0.00779	0.00550	0.00361	0.00327	0.00095	0.02493	0.00259	0.00222	0.15671
23	0.11260	0.23991	0.12642	0.00801	0.01973	0.16847	0.04340	0.09730	0.01705	0.06939	0.01644	0.01697	0.00594	0.02266	0.00343	0.00106	0.00449	0.00276	0.00224	0.02176

[dist]
# distance from previous block
# <min> <max>
0	19

[block]
# block no. 1 follows, 75 sequences, length 21
# corresponding to MSA columns:
# 459-479
name=unknown_B
#
# <colnr> <probs for GDERKNQSTAVLIFYWHMCP>
#	G	D	E	R	K	N	Q	S	T	A	V	L	I	F	Y	W	H	M	C	P
0	0.00578	0.00487	0.00558	0.07636	0.00778	0.00492	0.00422	0.00908	0.19276	0.01199	0.18464	0.04248	0.42051	0.00757	0.00416	0.00123	0.00233	0.00642	0.00346	0.00385
1	0.00574	0.05946	0.00644	0.07189	0.01827	0.00501	0.00446	0.00744	0.04623	0.02236	0.14832	0.08906	0.25392	0.03849	0.18912	0.00230	0.00413	0.02089	0.00292	0.00355
2	0.04222	0.00893	0.01007	0.00774	0.01063	0.00942	0.00639	0.55499	0.01482	0.28102	0.01047	0.00988	0.00706	0.00442	0.00364	0.00111	0.00372	0.00339	0.00390	0.00618
3	0.01280	0.00943	0.01048	0.00828	0.01102	0.01040	0.02843	0.56225	0.21838	0.07349	0.01064	0.01028	0.00762	0.00452	0.00371	0.00114	0.00376	0.00357	0.00370	0.00611
4	0.00539	0.00381	0.00500	0.00498	0.00577	0.00358	0.00373	0.00708	0.02630	0.02773	0.59204	0.18790	0.03069	0.00838	0.00444	0.00126	0.00199	0.07259	0.00387	0.00346
5	0.01502	0.06139	0.00905	0.00650	0.00921	0.00627	0.00540	0.05249	0.04262	0.67830	0.04576	0.01257	0.00977	0.00458	0.00361	0.00111	0.00312	0.00369	0.02359	0.00597
6	0.89687	0.00710	0.00540	0.00483	0.00710	0.00824	0.00398	0.01080	0.00625	0.01648	0.00511	0.00597	0.00398	0.00341	0.00227	0.00114	0.00284	0.00199	0.00227	0.00398
7	0.00918	0.06270	0.00882	0.00716	0.00917	0.05408	0.01974	0.03972	0.53562	0.04997	0.09722	0.04385	0.03616	0.00533	0.00374	0.00119	0.00310	0.00444	0.00351	0.00527
8	0.00517	0.05888	0.00543	0.00457	0.00558	0.00401	0.00347	0.00651	0.00921	0.01236	0.46960	0.14901	0.23634	0.00826	0.00426	0.00120	0.00196	0.00717	0.00364	0.00338
9	0.00976	0.04178	0.25779	0.01005	0.04170	0.00941	0.11739	0.27800	0.08003	0.01546	0.01948	0.05149	0.00764	0.00450	0.00388	0.00118	0.01641	0.02597	0.00264	0.00543
10	0.00778	0.06222	0.01251	0.54870	0.24888	0.00875	0.01009	0.01035	0.03623	0.01026	0.00683	0.00949	0.00535	0.00357	0.00358	0.00116	0.00462	0.00321	0.00175	0.00466
11	0.00654	0.00520	0.00604	0.00558	0.00689	0.00544	0.00425	0.01126	0.30201	0.01470	0.51182	0.02303	0.06906	0.00672	0.00412	0.00119	0.00215	0.00583	0.00390	0.00427
12	0.01372	0.01750	0.01041	0.00946	0.01135	0.85618	0.00710	0.01467	0.01041	0.00899	0.00568	0.00662	0.00473	0.00378	0.00331	0.00095	0.00662	0.00237	0.00189	0.00426
13	0.00859	0.00821	0.01400	0.21882	0.65567	0.00859	0.01102	0.01083	0.00812	0.01139	0.00682	0.00925	0.00560	0.00337	0.00364	0.00112	0.00449	0.00327	0.00177	0.00541
14	0.00447	0.00320	0.00426	0.00511	0.00533	0.00298	0.00341	0.00511	0.00703	0.00938	0.02024	0.86853	0.02429	0.01151	0.00469	0.00149	0.00213	0.01044	0.00341	0.00298
15	0.00458	0.00339	0.00428	0.00478	0.00529	0.00309	0.00331	0.00546	0.00787	0.01042	0.16917	0.57110	0.17301	0.01041	0.00456	0.00139	0.00201	0.00929	0.00352	0.00309
16	0.01339	0.01000	0.01070	0.00834	0.01117	0.01112	0.00684	0.73957	0.11439	0.02223	0.00954	0.00939	0.00683	0.00448	0.00368	0.00112	0.00391	0.00341	0.00368	0.00619
17	0.00513	0.00375	0.00482	0.00455	0.00545	0.00344	0.00341	0.00681	0.01024	0.01436	0.78492	0.02803	0.09604	0.00764	0.00433	0.00116	0.00174	0.00673	0.00400	0.00344
18	0.00729	0.00649	0.01000	0.40910	0.13347	0.02224	0.03440	0.00968	0.04527	0.03939	0.07800	0.03991	0.11096	0.00544	0.02188	0.00131	0.01417	0.00438	0.00233	0.00429
19	0.03781	0.00651	0.00766	0.00556	0.00873	0.00507	0.00447	0.01037	0.00793	0.11565	0.00746	0.00817	0.00584	0.00297	0.00283	0.00064	0.00277	0.00236	0.00247	0.75475
20	0.00505	0.00342	0.00445	0.00503	0.00550	0.00314	0.00347	0.00578	0.00745	0.04493	0.05657	0.68014	0.11120	0.01080	0.00475	0.01500	0.00217	0.02454	0.00346	0.00314

[dist]
# distance from previous block
# <min> <max>
0	5

[block]
# block no. 2 follows, 75 sequences, length 75
# corresponding to MSA columns:
# 485-526,575-607
name=unknown_C
#
# <colnr> <probs for GDERKNQSTAVLIFYWHMCP>
#	G	D	E	R	K	N	Q	S	T	A	V	L	I	F	Y	W	H	M	C	P
0	0.00715	0.00674	0.01138	0.75338	0.12053	0.00816	0.01024	0.00955	0.00746	0.00969	0.00675	0.02100	0.00526	0.00373	0.00368	0.00121	0.00480	0.00336	0.00168	0.00427
1	0.00525	0.00394	0.00590	0.00590	0.00656	0.00459	0.00459	0.00656	0.00590	0.00853	0.00984	0.01443	0.00918	0.02755	0.85637	0.00590	0.00984	0.00394	0.00197	0.00328
2	0.00980	0.00886	0.02069	0.06310	0.02200	0.12812	0.08911	0.07490	0.29933	0.07974	0.07920	0.04869	0.03992	0.00510	0.00384	0.00119	0.00389	0.01435	0.00315	0.00503
3	0.06606	0.00654	0.00757	0.00552	0.00867	0.00517	0.00444	0.01028	0.00784	0.10275	0.00730	0.00804	0.00574	0.00296	0.00280	0.00065	0.00277	0.00233	0.00244	0.74016
4	0.00743	0.01859	0.81426	0.01070	0.01605	0.00856	0.05079	0.01164	0.00780	0.01164	0.00663	0.00785	0.00469	0.00347	0.00353	0.00117	0.00546	0.00279	0.00156	0.00541
5	0.00563	0.00461	0.00507	0.00480	0.00610	0.00449	0.00365	0.00882	0.18482	0.01263	0.29472	0.02821	0.40707	0.00781	0.00421	0.00121	0.00204	0.00663	0.00368	0.00379
6	0.89687	0.00710	0.00540	0.00483	0.00710	0.00824	0.00398	0.01080	0.00625	0.01648	0.00511	0.00597	0.00398	0.00341	0.00227	0.00114	0.00284	0.00199	0.00227	0.00398
7	0.00982	0.87313	0.01925	0.00628	0.00943	0.01453	0.00628	0.01100	0.00746	0.00864	0.00511	0.00589	0.00471	0.00314	0.00236	0.00079	0.00393	0.00196	0.00157	0.00471
8	0.00532	0.00435	0.00589	0.00612	0.00633	0.00493	0.00447	0.00603	0.00683	0.00940	0.03845	0.62223	0.04354	0.01016	0.00639	0.00150	0.20323	0.00858	0.00301	0.00324
9	0.00508	0.00375	0.00474	0.00449	0.00541	0.00341	0.00337	0.00669	0.01011	0.01404	0.73034	0.02857	0.15082	0.00777	0.00433	0.00117	0.00175	0.00680	0.00395	0.00341
10	0.00496	0.00374	0.00458	0.00437	0.00534	0.00336	0.00328	0.00647	0.00984	0.01340	0.62288	0.02962	0.25868	0.00800	0.00433	0.00118	0.00177	0.00695	0.00387	0.00336
11	0.88300	0.00709	0.00545	0.00486	0.00714	0.00819	0.00400	0.01091	0.00632	0.02962	0.00526	0.00607	0.00406	0.00343	0.00230	0.00114	0.00285	0.00202	0.00231	0.00401
12	0.00701	0.00660	0.01114	0.83436	0.05248	0.00818	0.01024	0.00945	0.00738	0.00947	0.00654	0.00977	0.00493	0.00366	0.00367	0.00122	0.00488	0.00326	0.00164	0.00414
13	0.00439	0.00372	0.00379	0.00377	0.00499	0.00312	0.00283	0.00536	0.00848	0.01019	0.08240	0.03490	0.80117	0.00920	0.00434	0.00124	0.00185	0.00769	0.00345	0.00312
14	0.00813	0.00560	0.00662	0.00594	0.00751	0.00577	0.00463	0.04211	0.27059	0.11878	0.37717	0.03514	0.05344	0.00647	0.00408	0.00121	0.00243	0.03580	0.00394	0.00462
15	0.00766	0.09395	0.74379	0.01025	0.03008	0.00908	0.01271	0.01175	0.02713	0.01146	0.00666	0.00775	0.00483	0.00349	0.00340	0.00113	0.00522	0.00269	0.00161	0.00538
16	0.00518	0.00374	0.00489	0.00463	0.00548	0.00345	0.00346	0.00688	0.01031	0.01459	0.82475	0.04915	0.03439	0.00761	0.00434	0.00116	0.00174	0.00674	0.00403	0.00345
17	0.32391	0.00866	0.01469	0.01088	0.01401	0.00868	0.45977	0.03190	0.00816	0.07500	0.00716	0.00867	0.00528	0.00334	0.00354	0.00119	0.00473	0.00343	0.00225	0.00473
18	0.04339	0.00934	0.00968	0.00799	0.02930	0.15847	0.04426	0.17112	0.05398	0.18463	0.02791	0.01048	0.00756	0.00416	0.00361	0.00101	0.01939	0.02657	0.00302	0.18414
19	0.00846	0.00824	0.01379	0.30105	0.52140	0.02783	0.04469	0.01074	0.00808	0.01105	0.00678	0.00930	0.00548	0.00341	0.00367	0.00114	0.00467	0.00329	0.00176	0.00517
20	0.00705	0.00664	0.01122	0.81861	0.06791	0.00819	0.01026	0.00948	0.00740	0.00952	0.00655	0.00976	0.00494	0.00365	0.00367	0.00122	0.00487	0.00326	0.00164	0.00417
21	0.00638	0.00319	0.00478	0.00478	0.00478	0.00319	0.00319	0.00478	0.00478	0.00638	0.00638	0.01116	0.00638	0.01276	0.01435	0.89314	0.00319	0.00319	0.00159	0.00159
22	0.00856	0.00828	0.01365	0.27037	0.58540	0.02827	0.01086	0.01079	0.00811	0.01116	0.00677	0.00924	0.00552	0.00340	0.00364	0.00113	0.00457	0.00325	0.00176	0.00527
23	0.00520	0.00375	0.00491	0.00462	0.00549	0.00347	0.00347	0.00693	0.01040	0.01473	0.84608	0.02743	0.03465	0.00751	0.00433	0.00116	0.00173	0.00664	0.00404	0.00347
24	0.00976	0.80102	0.07010	0.00661	0.00987	0.03358	0.00675	0.01112	0.00755	0.00883	0.00521	0.00602	0.00471	0.00318	0.00245	0.00081	0.00408	0.00202	0.00158	0.00475
25	0.00692	0.00436	0.00506	0.00460	0.00607	0.00386	0.00355	0.00854	0.04516	0.16144	0.22744	0.02842	0.46498	0.00783	0.00420	0.00120	0.00210	0.00660	0.00378	0.00387
26	0.40886	0.01941	0.00808	0.00710	0.03062	0.22101	0.00550	0.05718	0.00873	0.17051	0.00725	0.00764	0.00532	0.00384	0.00315	0.00109	0.02488	0.00254	0.00264	0.00465
27	0.16945	0.00718	0.00832	0.00657	0.00925	0.00717	0.00540	0.17367	0.05024	0.48514	0.01172	0.01074	0.00776	0.00433	0.00341	0.00113	0.00321	0.00334	0.02621	0.00576
28	0.00895	0.00744	0.01087	0.23983	0.24146	0.00760	0.00817	0.06979	0.05345	0.06964	0.01652	0.00956	0.00631	0.00359	0.00355	0.00101	0.01459	0.00312	0.00230	0.22226
29	0.00803	0.00850	0.01670	0.01249	0.01530	0.02250	0.56805	0.02979	0.04457	0.01189	0.05562	0.13514	0.01045	0.00489	0.00447	0.00128	0.01910	0.02430	0.00235	0.00459
30	0.00770	0.30540	0.01107	0.00656	0.00795	0.05480	0.00544	0.03121	0.01780	0.00946	0.01134	0.33242	0.01260	0.01830	0.01462	0.00130	0.13020	0.01550	0.00241	0.00393
31	0.03095	0.00638	0.00854	0.00656	0.00940	0.00562	0.00542	0.04167	0.01064	0.81262	0.01417	0.01229	0.00892	0.00452	0.00367	0.00114	0.00315	0.00365	0.00448	0.00621
32	0.03028	0.02210	0.00792	0.00651	0.00821	0.07983	0.06981	0.08689	0.03391	0.09176	0.39104	0.02045	0.11329	0.00621	0.00411	0.00115	0.01347	0.00531	0.00350	0.00424
33	0.00447	0.00320	0.00426	0.00511	0.00533	0.00298	0.00341	0.00511	0.00703	0.00938	0.02024	0.86853	0.02429	0.01151	0.00469	0.00149	0.00213	0.01044	0.00341	0.00298
34	0.00654	0.00549	0.00837	0.00742	0.00921	0.00494	0.12323	0.00827	0.00806	0.01112	0.01445	0.14962	0.01525	0.00739	0.00429	0.00130	0.00342	0.37113	0.00285	0.23765
35	0.00447	0.00323	0.00423	0.00504	0.00531	0.00299	0.00337	0.00512	0.00711	0.00941	0.02119	0.82201	0.07020	0.01138	0.00467	0.00148	0.00212	0.01029	0.00341	0.00299
36	0.23965	0.00936	0.00951	0.00747	0.01024	0.01041	0.00617	0.60156	0.01426	0.04510	0.00803	0.00819	0.00575	0.00416	0.00332	0.00111	0.00371	0.00298	0.00334	0.00567
37	0.01465	0.00919	0.01034	0.00793	0.01084	0.00975	0.00655	0.61259	0.01542	0.24893	0.01037	0.00982	0.00702	0.00445	0.00368	0.00111	0.00379	0.00341	0.00391	0.00625
38	0.00469	0.00373	0.00420	0.00408	0.00517	0.00325	0.00306	0.00594	0.00919	0.01186	0.36301	0.03216	0.51951	0.00858	0.00434	0.00121	0.00181	0.00730	0.00367	0.00325
39	0.01373	0.01730	0.01043	0.00943	0.01136	0.83201	0.00709	0.03816	0.01060	0.00939	0.00577	0.00669	0.00477	0.00380	0.00332	0.00095	0.00655	0.00239	0.00194	0.00431
40	0.00447	0.00320	0.00426	0.00511	0.00533	0.00298	0.00341	0.00511	0.00703	0.00938	0.02024	0.86853	0.02429	0.01151	0.00469	0.00149	0.00213	0.01044	0.00341	0.00298
41	0.00762	0.00653	0.00762	0.00544	0.00870	0.00490	0.00435	0.00925	0.00762	0.01197	0.00653	0.00762	0.00544	0.00272	0.00272	0.00054	0.00272	0.00218	0.00218	0.89338
42	0.89687	0.00710	0.00540	0.00483	0.00710	0.00824	0.00398	0.01080	0.00625	0.01648	0.00511	0.00597	0.00398	0.00341	0.00227	0.00114	0.00284	0.00199	0.00227	0.00398
43	0.89687	0.00710	0.00540	0.00483	0.00710	0.00824	0.00398	0.01080	0.00625	0.01648	0.00511	0.00597	0.00398	0.00341	0.00227	0.00114	0.00284	0.00199	0.00227	0.00398
44	0.00503	0.00379	0.00442	0.00423	0.00532	0.00333	0.00318	0.00637	0.00943	0.03025	0.44091	0.03091	0.42298	0.00830	0.00432	0.00120	0.00182	0.00711	0.00375	0.00335
45	0.00601	0.00565	0.01063	0.00891	0.01040	0.00529	0.30760	0.00755	0.00763	0.01025	0.01555	0.55433	0.01744	0.00843	0.00456	0.00140	0.00362	0.00821	0.00284	0.00370
46	0.00694	0.00653	0.01102	0.86210	0.02530	0.00816	0.01020	0.00938	0.00734	0.00938	0.00653	0.00979	0.00490	0.00367	0.00367	0.00122	0.00490	0.00326	0.00163	0.00408
47	0.00765	0.00725	0.01230	0.58536	0.29649	0.00835	0.01055	0.01001	0.00768	0.01025	0.00665	0.00956	0.00520	0.00354	0.00366	0.00118	0.00472	0.00327	0.00169	0.00465
48	0.00824	0.00786	0.01337	0.35475	0.52247	0.00850	0.01085	0.01052	0.00796	0.01096	0.00676	0.00937	0.00545	0.00343	0.00365	0.00114	0.00457	0.00327	0.00174	0.00513
49	0.00924	0.00766	0.00826	0.00727	0.00913	0.04320	0.02393	0.21269	0.36031	0.01554	0.05614	0.18767	0.03031	0.00630	0.00395	0.00124	0.00317	0.00536	0.00355	0.00508
50	0.00860	0.04704	0.64763	0.00976	0.01453	0.00894	0.01180	0.09420	0.06516	0.04708	0.00765	0.00839	0.00544	0.00371	0.00349	0.00115	0.00497	0.00288	0.00203	0.00554
51	0.01227	0.00884	0.00943	0.00765	0.01013	0.04093	0.00617	0.41534	0.22667	0.12823	0.08523	0.01212	0.01035	0.00483	0.00374	0.00114	0.00352	0.00383	0.00377	0.00581
52	0.00982	0.87313	0.01925	0.00628	0.00943	0.01453	0.00628	0.01100	0.00746	0.00864	0.00511	0.00589	0.00471	0.00314	0.00236	0.00079	0.00393	0.00196	0.00157	0.00471
53	0.00769	0.01856	0.81725	0.01035	0.01567	0.00853	0.01327	0.02903	0.00801	0.02880	0.00680	0.00787	0.00478	0.00353	0.00350	0.00116	0.00535	0.00275	0.00166	0.00546
54	0.00447	0.00320	0.00426	0.00511	0.00533	0.00298	0.00341	0.00511	0.00703	0.00938	0.02024	0.86853	0.02429	0.01151	0.00469	0.00149	0.00213	0.01044	0.00341	0.00298
55	0.00913	0.01053	0.02040	0.01524	0.05260	0.08433	0.72745	0.01200	0.00881	0.01153	0.00725	0.00958	0.00551	0.00316	0.00421	0.00121	0.00615	0.00412	0.00186	0.00493
56	0.00538	0.00405	0.00516	0.00572	0.00670	0.00384	0.00484	0.00680	0.00843	0.01062	0.02556	0.03934	0.30522	0.00986	0.00482	0.00154	0.00286	0.54260	0.00339	0.00329
57	0.00694	0.00653	0.01102	0.86210	0.02530	0.00816	0.01020	0.00938	0.00734	0.00938	0.00653	0.00979	0.00490	0.00367	0.00367	0.00122	0.00490	0.00326	0.00163	0.00408
58	0.04091	0.01034	0.04450	0.00862	0.03103	0.14071	0.03041	0.24359	0.28392	0.05492	0.01040	0.01092	0.00792	0.02379	0.00420	0.00121	0.02922	0.01483	0.00313	0.00545
59	0.00534	0.00357	0.00405	0.00405	0.00406	0.00358	0.00228	0.00537	0.00535	0.00715	0.01153	0.02382	0.01326	0.85175	0.03774	0.00361	0.00370	0.00531	0.00222	0.00225
60	0.00509	0.00346	0.00408	0.00432	0.00438	0.00340	0.00256	0.00528	0.00582	0.00776	0.01405	0.26511	0.01648	0.62559	0.01470	0.00297	0.00315	0.00680	0.00256	0.00244
61	0.04318	0.00990	0.08770	0.01259	0.20764	0.03659	0.14649	0.19604	0.04074	0.15830	0.01916	0.00983	0.00678	0.00387	0.00371	0.00114	0.00441	0.00348	0.00280	0.00566
62	0.00737	0.01900	0.85189	0.01047	0.01590	0.00853	0.01357	0.01163	0.00775	0.01163	0.00659	0.00775	0.00465	0.00349	0.00349	0.00116	0.00543	0.00271	0.00155	0.00543
63	0.87107	0.00741	0.00554	0.00497	0.00723	0.03300	0.00407	0.01091	0.00637	0.01626	0.00513	0.00599	0.00400	0.00342	0.00230	0.00113	0.00295	0.00200	0.00226	0.00399
64	0.00970	0.83266	0.05870	0.00648	0.00973	0.01425	0.00663	0.01103	0.00748	0.00878	0.00518	0.00598	0.00471	0.00316	0.00241	0.00080	0.00400	0.00200	0.00157	0.00475
65	0.00450	0.00322	0.00429	0.00509	0.00533	0.00300	0.00341	0.00519	0.00717	0.00960	0.05440	0.83374	0.02472	0.01134	0.00467	0.00148	0.00211	0.01028	0.00344	0.00300
66	0.00461	0.00329	0.00430	0.00495	0.00531	0.00306	0.00337	0.00543	0.00752	0.01016	0.12303	0.70837	0.06107	0.01075	0.00458	0.00142	0.00206	0.00969	0.02397	0.00306
67	0.00738	0.00712	0.00631	0.00583	0.00699	0.20259	0.00438	0.03007	0.01048	0.01340	0.59517	0.03238	0.05026	0.00666	0.00408	0.00111	0.00294	0.00564	0.00351	0.00371
68	0.01588	0.00616	0.00829	0.00641	0.00915	0.00539	0.00528	0.01751	0.02888	0.79403	0.01439	0.01258	0.00915	0.00454	0.00364	0.00113	0.00306	0.00369	0.04472	0.00611
69	0.00737	0.01900	0.85189	0.01047	0.01590	0.00853	0.01357	0.01163	0.00775	0.01163	0.00659	0.00775	0.00465	0.00349	0.00349	0.00116	0.00543	0.00271	0.00155	0.00543
70	0.00520	0.00375	0.00491	0.00462	0.00549	0.00347	0.00347	0.00693	0.01040	0.01473	0.84608	0.02743	0.03465	0.00751	0.00433	0.00116	0.00173	0.00664	0.00404	0.00347
71	0.00863	0.00982	0.02141	0.03606	0.01934	0.00926	0.81463	0.01171	0.00864	0.01171	0.00741	0.00990	0.00556	0.00311	0.00432	0.00124	0.00616	0.00431	0.00185	0.00493
72	0.02359	0.00914	0.03225	0.00913	0.01205	0.02703	0.15541	0.32925	0.10667	0.21542	0.01075	0.01128	0.00770	0.00439	0.00382	0.00117	0.00414	0.02758	0.00345	0.00579
73	0.00497	0.00363	0.00440	0.00473	0.00518	0.00348	0.00320	0.00597	0.03756	0.00958	0.09074	0.39122	0.13687	0.23479	0.02112	0.00203	0.00261	0.03182	0.00314	0.00296
74	0.02632	0.00476	0.00568	0.00537	0.00560	0.01974	0.00371	0.01991	0.00581	0.00814	0.01010	0.01958	0.01111	0.56478	0.12269	0.00338	0.14135	0.01704	0.00213	0.00280

[dist]
# distance from previous block
# <min> <max>
0	1

[block]
# block no. 3 follows, 75 sequences, length 27
# corresponding to MSA columns:
# 609-624,659-669
name=unknown_D
#
# <colnr> <probs for GDERKNQSTAVLIFYWHMCP>
#	G	D	E	R	K	N	Q	S	T	A	V	L	I	F	Y	W	H	M	C	P
0	0.16487	0.00901	0.01381	0.01039	0.01333	0.05480	0.34485	0.10838	0.00960	0.18025	0.00857	0.00981	0.00622	0.00384	0.00399	0.00119	0.03434	0.01495	0.00269	0.00510
1	0.01024	0.75731	0.03340	0.00671	0.00977	0.09282	0.00651	0.03093	0.00798	0.00907	0.00527	0.00606	0.00475	0.00324	0.00250	0.00081	0.00421	0.00205	0.00165	0.00472
2	0.85539	0.00759	0.00563	0.00505	0.00730	0.04807	0.00412	0.01098	0.00645	0.01613	0.00514	0.00600	0.00401	0.00343	0.00232	0.00113	0.00302	0.00201	0.00226	0.00399
3	0.07717	0.00825	0.02974	0.00723	0.00984	0.00841	0.00602	0.37029	0.09411	0.23293	0.02747	0.03084	0.05175	0.00500	0.00368	0.00116	0.00343	0.02328	0.00373	0.00567
4	0.01216	0.00564	0.00750	0.00644	0.00849	0.00521	0.00533	0.06256	0.01020	0.47715	0.09510	0.02151	0.01460	0.03613	0.00462	0.00136	0.00313	0.21369	0.00407	0.00511
5	0.08444	0.00915	0.00987	0.00770	0.01042	0.00996	0.00633	0.61455	0.03265	0.10801	0.06242	0.01026	0.00827	0.00455	0.00361	0.00111	0.00368	0.00347	0.00368	0.00588
6	0.00447	0.00321	0.00425	0.00508	0.00532	0.00299	0.00339	0.00512	0.00707	0.00939	0.02070	0.84604	0.04648	0.01145	0.00468	0.00148	0.00212	0.01037	0.00341	0.00299
7	0.00806	0.00812	0.01173	0.00991	0.01008	0.01116	0.04610	0.00897	0.00576	0.00897	0.00494	0.00812	0.00486	0.00627	0.01170	0.00159	0.82470	0.00327	0.00162	0.00406
8	0.00897	0.00775	0.00815	0.00734	0.00939	0.00893	0.00571	0.01902	0.81265	0.01518	0.01572	0.01445	0.04002	0.00513	0.00376	0.00125	0.00287	0.00428	0.00373	0.00572
9	0.00694	0.00653	0.01102	0.86210	0.02530	0.00816	0.01020	0.00938	0.00734	0.00938	0.00653	0.00979	0.00490	0.00367	0.00367	0.00122	0.00490	0.00326	0.00163	0.00408
10	0.10769	0.00995	0.01043	0.00807	0.01093	0.01106	0.00666	0.74819	0.01610	0.02244	0.00842	0.00852	0.00601	0.00430	0.00353	0.00111	0.00391	0.00317	0.00353	0.00601
11	0.00456	0.00330	0.00434	0.01989	0.00558	0.00311	0.00343	0.00521	0.00700	0.00927	0.02026	0.76446	0.06115	0.06293	0.00550	0.00160	0.00225	0.00989	0.00331	0.00296
12	0.00887	0.00838	0.01405	0.17628	0.66658	0.00872	0.01092	0.04076	0.00850	0.01192	0.00691	0.00921	0.00566	0.00339	0.00364	0.00112	0.00445	0.00327	0.00185	0.00551
13	0.00525	0.00390	0.00574	0.00574	0.00634	0.00450	0.00439	0.00646	0.00585	0.00841	0.00998	0.01524	0.00954	0.09910	0.78530	0.00570	0.00931	0.00405	0.00199	0.00319
14	0.84336	0.00688	0.00528	0.00475	0.00693	0.00795	0.00389	0.01066	0.00634	0.01631	0.00553	0.00643	0.00430	0.00346	0.00229	0.00112	0.00277	0.00208	0.05572	0.00394
15	0.00909	0.00873	0.01491	0.02254	0.84801	0.00873	0.01127	0.01127	0.00836	0.01200	0.00691	0.00909	0.00582	0.00327	0.00364	0.00109	0.00436	0.00327	0.00182	0.00582
16	0.00447	0.00320	0.00426	0.00511	0.00533	0.00298	0.00341	0.00511	0.00703	0.00938	0.02024	0.86853	0.02429	0.01151	0.00469	0.00149	0.00213	0.01044	0.00341	0.00298
17	0.00710	0.00670	0.01132	0.79743	0.08867	0.00820	0.01028	0.00953	0.00742	0.00959	0.00656	0.00974	0.00497	0.00364	0.00367	0.00121	0.00485	0.00326	0.00165	0.00421
18	0.01352	0.06211	0.01087	0.00930	0.01125	0.81230	0.00705	0.01447	0.01025	0.00897	0.00565	0.00659	0.00473	0.00375	0.00326	0.00094	0.00648	0.00234	0.00188	0.00428
19	0.89687	0.00710	0.00540	0.00483	0.00710	0.00824	0.00398	0.01080	0.00625	0.01648	0.00511	0.00597	0.00398	0.00341	0.00227	0.00114	0.00284	0.00199	0.00227	0.00398
20	0.00713	0.00563	0.00808	0.00690	0.00846	0.00558	0.11236	0.12436	0.02969	0.03066	0.29515	0.09147	0.10303	0.01841	0.05514	0.00156	0.00340	0.08555	0.00339	0.00405
21	0.00501	0.00342	0.00410	0.00443	0.00451	0.00334	0.00267	0.00525	0.00598	0.00798	0.01486	0.34440	0.01750	0.54490	0.01338	0.00278	0.00302	0.00728	0.00267	0.00251
22	0.00599	0.00386	0.00493	0.00496	0.00582	0.00362	0.00374	0.00749	0.02078	0.06601	0.36128	0.22382	0.07067	0.02374	0.00454	0.00131	0.00215	0.09674	0.08505	0.00351
23	0.02397	0.00721	0.01029	0.05947	0.12381	0.00737	0.10401	0.08726	0.17393	0.17254	0.04346	0.01407	0.08484	0.00473	0.00375	0.00116	0.00353	0.00417	0.06522	0.00521
24	0.00563	0.00386	0.00495	0.00463	0.00562	0.00351	0.00349	0.00725	0.01014	0.05342	0.71320	0.04252	0.11264	0.00762	0.00431	0.00117	0.00182	0.00668	0.00399	0.00355
25	0.02597	0.02598	0.00929	0.00693	0.02264	0.00693	0.03816	0.16805	0.05844	0.11131	0.00836	0.00881	0.00632	0.00343	0.00314	0.00081	0.00322	0.00278	0.00280	0.48664
26	0.25336	0.00786	0.00810	0.00627	0.00911	0.00793	0.00512	0.28066	0.01051	0.04768	0.00726	0.00783	0.00550	0.00355	0.00294	0.00092	0.00319	0.00257	0.01572	0.31394

[dist]
# distance from previous block
# <min> <max>
0	30

[block]
# block no. 4 follows, 75 sequences, length 14
# corresponding to MSA columns:
# 700-703,707-716
name=unknown_E
#
# <colnr> <probs for GDERKNQSTAVLIFYWHMCP>
#	G	D	E	R	K	N	Q	S	T	A	V	L	I	F	Y	W	H	M	C	P
0	0.25005	0.00853	0.00870	0.03241	0.00994	0.10975	0.05893	0.15982	0.02927	0.14066	0.04501	0.01174	0.06817	0.00451	0.00337	0.00112	0.00372	0.01696	0.00298	0.03436
1	0.32904	0.00483	0.00520	0.00535	0.00643	0.00511	0.02609	0.00745	0.00684	0.01208	0.01437	0.50320	0.01629	0.00829	0.00381	0.00136	0.00254	0.03536	0.00295	0.00341
2	0.00486	0.00375	0.00444	0.00431	0.00533	0.00333	0.00326	0.00625	0.00948	0.01257	0.47680	0.03123	0.37877	0.00835	0.00436	0.00121	0.00184	0.03281	0.00375	0.00331
3	0.00657	0.00520	0.00806	0.14809	0.06361	0.00525	0.06802	0.00844	0.00924	0.05444	0.41657	0.04140	0.07812	0.00646	0.00433	0.00122	0.01782	0.04999	0.00323	0.00394
4	0.00720	0.00680	0.01149	0.75930	0.12603	0.00823	0.01033	0.00962	0.00747	0.00970	0.00657	0.00971	0.00501	0.00362	0.00367	0.00121	0.00483	0.00327	0.00165	0.00429
5	0.02759	0.00740	0.00885	0.00731	0.00943	0.00778	0.03426	0.37473	0.03222	0.16200	0.01274	0.19766	0.01133	0.00615	0.00405	0.00122	0.01832	0.03336	0.03841	0.00519
6	0.00877	0.00862	0.01364	0.24334	0.58553	0.05459	0.01076	0.01096	0.00821	0.01115	0.00674	0.00914	0.00552	0.00341	0.00363	0.00112	0.00463	0.00322	0.00177	0.00527
7	0.01100	0.01012	0.01049	0.29011	0.01560	0.18455	0.00785	0.32786	0.03281	0.01503	0.05302	0.00982	0.00715	0.00422	0.00364	0.00112	0.00470	0.00330	0.00265	0.00496
8	0.00826	0.00871	0.01499	0.01174	0.01308	0.01054	0.30507	0.00989	0.00672	0.00989	0.00576	0.00871	0.00509	0.00523	0.00928	0.00147	0.55589	0.00362	0.00170	0.00435
9	0.00720	0.00507	0.00624	0.00570	0.02038	0.00507	0.02808	0.08836	0.07997	0.06577	0.22333	0.05514	0.10108	0.28233	0.00876	0.00195	0.00293	0.00564	0.00325	0.00374
10	0.00604	0.00453	0.00617	0.00587	0.00617	0.00528	0.00439	0.00636	0.00609	0.00858	0.05628	0.08171	0.07913	0.11828	0.16819	0.20894	0.19466	0.00472	0.02571	0.00290
11	0.01051	0.07571	0.01022	0.00801	0.01017	0.15771	0.04110	0.07478	0.40129	0.06761	0.03598	0.01190	0.02824	0.00472	0.00400	0.00115	0.04481	0.00370	0.00312	0.00526
12	0.00499	0.00349	0.00453	0.00514	0.00562	0.00324	0.00365	0.00584	0.00755	0.03017	0.07006	0.59304	0.10380	0.04033	0.00514	0.00153	0.00230	0.10303	0.00343	0.00312
13	0.02471	0.09277	0.09865	0.02508	0.01069	0.08517	0.04152	0.04446	0.03043	0.03455	0.00686	0.00783	0.00547	0.00317	0.00299	0.00078	0.00375	0.00248	0.00217	0.47647

[dist]
# distance from previous block
# <min> <max>
0	43

[block]
# block no. 5 follows, 75 sequences, length 22
# corresponding to MSA columns:
# 760-781
name=unknown_F
#
# <colnr> <probs for GDERKNQSTAVLIFYWHMCP>
#	G	D	E	R	K	N	Q	S	T	A	V	L	I	F	Y	W	H	M	C	P
0	0.51969	0.02188	0.01867	0.00521	0.00713	0.02835	0.00429	0.04905	0.02455	0.01517	0.03669	0.00944	0.02724	0.01540	0.00323	0.00113	0.03995	0.00276	0.15442	0.01577
1	0.32419	0.06381	0.13449	0.02226	0.11374	0.18337	0.03552	0.03969	0.00817	0.01304	0.00593	0.00708	0.00469	0.00347	0.00299	0.00106	0.00444	0.00248	0.00201	0.02758
2	0.00502	0.00383	0.00463	0.00444	0.00543	0.00348	0.00333	0.00670	0.03021	0.01318	0.56398	0.05595	0.27014	0.00809	0.00433	0.00119	0.00181	0.00702	0.00383	0.00340
3	0.01030	0.58054	0.05372	0.00720	0.01019	0.07011	0.01737	0.09776	0.08785	0.01099	0.00656	0.00716	0.00550	0.00356	0.00292	0.00091	0.01796	0.00242	0.00202	0.00497
4	0.00505	0.00382	0.00468	0.00469	0.00554	0.00356	0.00343	0.00679	0.05048	0.01253	0.44683	0.22462	0.19695	0.00868	0.00439	0.00126	0.00191	0.00763	0.00375	0.00339
5	0.00482	0.00391	0.00434	0.00429	0.00541	0.00352	0.00323	0.00637	0.04677	0.01119	0.21501	0.07570	0.54129	0.00941	0.03104	0.00139	0.00217	0.02331	0.00352	0.00331
6	0.00449	0.00331	0.00421	0.00487	0.00528	0.00303	0.00332	0.00523	0.00741	0.00973	0.06391	0.69679	0.15305	0.01096	0.00462	0.00144	0.00207	0.00983	0.00344	0.00303
7	0.85428	0.00717	0.00561	0.00496	0.00727	0.00826	0.00409	0.03265	0.00663	0.03500	0.00542	0.00619	0.00415	0.00346	0.00234	0.00114	0.00288	0.00206	0.00236	0.00409
8	0.00537	0.00395	0.00502	0.00494	0.00577	0.00376	0.00366	0.02410	0.04183	0.01357	0.57801	0.20081	0.05628	0.00830	0.00439	0.00124	0.00196	0.02969	0.00385	0.00350
9	0.01372	0.01750	0.01041	0.00946	0.01135	0.85618	0.00710	0.01467	0.01041	0.00899	0.00568	0.00662	0.00473	0.00378	0.00331	0.00095	0.00662	0.00237	0.00189	0.00426
10	0.89687	0.00710	0.00540	0.00483	0.00710	0.00824	0.00398	0.01080	0.00625	0.01648	0.00511	0.00597	0.00398	0.00341	0.00227	0.00114	0.00284	0.00199	0.00227	0.00398
11	0.00550	0.00393	0.00578	0.02316	0.00655	0.00449	0.00440	0.00633	0.00579	0.00819	0.00960	0.01528	0.00930	0.10037	0.61682	0.12372	0.02280	0.02302	0.00196	0.00299
12	0.00457	0.00373	0.00404	0.00396	0.00510	0.00320	0.00297	0.00572	0.00892	0.01122	0.25651	0.03320	0.62641	0.00882	0.00434	0.00122	0.00183	0.00745	0.00358	0.00320
13	0.00629	0.00323	0.00478	0.00478	0.00480	0.00325	0.00318	0.00487	0.00485	0.00649	0.00677	0.01196	0.00684	0.05941	0.04097	0.81747	0.00342	0.00333	0.00164	0.00168
14	0.00459	0.00361	0.00415	0.00427	0.00518	0.00316	0.00310	0.00565	0.00856	0.01100	0.23577	0.22907	0.45009	0.00937	0.00442	0.00128	0.00189	0.00811	0.00357	0.00316
15	0.04371	0.00841	0.02593	0.09782	0.01152	0.01881	0.00662	0.43385	0.01271	0.12263	0.00930	0.01002	0.00676	0.00585	0.05939	0.00143	0.03248	0.00333	0.08404	0.00537
16	0.00915	0.00856	0.01442	0.03175	0.67093	0.02578	0.07263	0.01131	0.00847	0.04191	0.00803	0.02519	0.00695	0.00380	0.00377	0.00114	0.00442	0.04420	0.00202	0.00554
17	0.04196	0.00794	0.01048	0.02227	0.07428	0.02222	0.02769	0.02190	0.18507	0.05293	0.00829	0.03515	0.00708	0.00553	0.00783	0.00139	0.43297	0.00360	0.00235	0.02905
18	0.00782	0.00592	0.00693	0.05419	0.01938	0.02807	0.00490	0.13986	0.08000	0.04498	0.27651	0.06244	0.09359	0.02961	0.00492	0.04554	0.00286	0.03660	0.00337	0.05252
19	0.02610	0.08906	0.23800	0.01110	0.16003	0.00854	0.07269	0.05829	0.07711	0.13541	0.00939	0.02009	0.02608	0.00391	0.00351	0.00110	0.00424	0.00333	0.00247	0.04955
20	0.05902	0.05009	0.07332	0.01988	0.03226	0.08910	0.08905	0.06970	0.03787	0.06667	0.08658	0.03015	0.06017	0.01650	0.02369	0.00126	0.02525	0.06783	0.00268	0.09894
21	0.04425	0.15166	0.09472	0.00805	0.02310	0.05824	0.07479	0.14067	0.07414	0.12201	0.05102	0.05783	0.02482	0.00452	0.00347	0.00107	0.00390	0.00370	0.00282	0.05523

[dist]
# distance from previous block
# <min> <max>
4	46

[block]
# block no. 6 follows, 75 sequences, length 8
# corresponding to MSA columns:
# 831-838
name=unknown_G
#
# <colnr> <probs for GDERKNQSTAVLIFYWHMCP>
#	G	D	E	R	K	N	Q	S	T	A	V	L	I	F	Y	W	H	M	C	P
0	0.20073	0.02917	0.10530	0.02919	0.06295	0.05529	0.09877	0.07395	0.07837	0.16204	0.03798	0.01072	0.00766	0.00414	0.00345	0.00115	0.00401	0.02727	0.00279	0.00509
1	0.00568	0.00422	0.00503	0.00498	0.00608	0.00396	0.00387	0.03574	0.04308	0.03244	0.27516	0.10581	0.31505	0.00863	0.00442	0.00130	0.00223	0.13513	0.00365	0.00354
2	0.00525	0.00394	0.00590	0.00590	0.00656	0.00459	0.00459	0.00656	0.00590	0.00853	0.00984	0.01443	0.00918	0.02755	0.85637	0.00590	0.00984	0.00394	0.00197	0.00328
3	0.01301	0.00972	0.01065	0.05454	0.01183	0.01080	0.00696	0.72010	0.05529	0.02170	0.04172	0.00983	0.00752	0.00452	0.00370	0.00112	0.00394	0.00347	0.00358	0.00600
4	0.04305	0.26751	0.01301	0.00792	0.01059	0.23424	0.00666	0.32014	0.03941	0.01464	0.00697	0.00744	0.00548	0.00385	0.00314	0.00097	0.00461	0.00264	0.00254	0.00518
5	0.00807	0.05784	0.21462	0.03855	0.13877	0.00865	0.31850	0.01139	0.05167	0.01188	0.07020	0.01133	0.03370	0.00385	0.00387	0.00117	0.00495	0.00390	0.00206	0.00503
6	0.01372	0.01750	0.01041	0.00946	0.01135	0.85618	0.00710	0.01467	0.01041	0.00899	0.00568	0.00662	0.00473	0.00378	0.00331	0.00095	0.00662	0.00237	0.00189	0.00426
7	0.00975	0.61713	0.19492	0.00733	0.01088	0.05095	0.00783	0.01159	0.00779	0.04447	0.00584	0.00660	0.00488	0.00330	0.00270	0.00089	0.00433	0.00221	0.00171	0.00491

[dist]
# distance from previous block
# <min> <max>
1	2

[block]
# block no. 7 follows, 75 sequences, length 35
# corresponding to MSA columns:
# 841-875
name=unknown_H
#
# <colnr> <probs for GDERKNQSTAVLIFYWHMCP>
#	G	D	E	R	K	N	Q	S	T	A	V	L	I	F	Y	W	H	M	C	P
0	0.00445	0.00370	0.00390	0.00397	0.00510	0.00315	0.00297	0.00544	0.00841	0.01022	0.08582	0.09072	0.71513	0.00936	0.00439	0.00127	0.00192	0.03351	0.00345	0.00312
1	0.04309	0.25656	0.10161	0.00756	0.01073	0.02005	0.00703	0.31341	0.08046	0.05527	0.00798	0.00825	0.00604	0.00385	0.00317	0.00099	0.00392	0.00282	0.00273	0.06451
2	0.02704	0.10029	0.06361	0.04601	0.01044	0.09672	0.03292	0.05410	0.08710	0.08512	0.08682	0.02870	0.00931	0.00468	0.02363	0.00107	0.00383	0.00333	0.00263	0.23265
3	0.04584	0.07391	0.21272	0.02537	0.02525	0.04240	0.07079	0.16961	0.03727	0.15273	0.05386	0.01025	0.00780	0.00506	0.03926	0.00131	0.00452	0.00334	0.00275	0.01597
4	0.02356	0.02559	0.04724	0.00655	0.00839	0.02556	0.00532	0.01391	0.46308	0.01331	0.06859	0.10352	0.14869	0.00644	0.00392	0.00125	0.00282	0.02404	0.00345	0.00478
5	0.00671	0.00609	0.01005	0.69530	0.03174	0.00739	0.00927	0.00900	0.00761	0.00983	0.04353	0.03320	0.00852	0.00477	0.00389	0.00128	0.00452	0.10136	0.00198	0.00397
6	0.00856	0.00882	0.09982	0.32609	0.05383	0.06487	0.09335	0.04465	0.02576	0.07959	0.02018	0.08714	0.02354	0.00474	0.00409	0.00122	0.03108	0.01581	0.00229	0.00457
7	0.01120	0.03178	0.30114	0.00901	0.01257	0.12301	0.04861	0.08620	0.12561	0.20002	0.00960	0.00964	0.00675	0.00403	0.00358	0.00113	0.00461	0.00320	0.00277	0.00554
8	0.00437	0.00372	0.00376	0.00375	0.00498	0.00311	0.00281	0.00532	0.00844	0.01007	0.06280	0.03510	0.82084	0.00924	0.00434	0.00124	0.00186	0.00772	0.00343	0.00311
9	0.01326	0.00758	0.00932	0.00740	0.01001	0.02188	0.04559	0.18418	0.17703	0.40038	0.02248	0.01296	0.04649	0.00476	0.00374	0.00115	0.00338	0.00392	0.01864	0.00585
10	0.00693	0.02486	0.01072	0.73835	0.04321	0.00794	0.00956	0.00937	0.02218	0.00960	0.00834	0.02699	0.03519	0.00420	0.00373	0.00123	0.00463	0.02706	0.00182	0.00409
11	0.00528	0.00397	0.00508	0.00496	0.00583	0.00394	0.00372	0.00718	0.05461	0.01221	0.42079	0.08965	0.13423	0.02415	0.19464	0.00229	0.00368	0.00629	0.01404	0.00345
12	0.03637	0.00663	0.00832	0.13707	0.01918	0.01976	0.00595	0.13856	0.06279	0.30658	0.05144	0.01228	0.00919	0.00583	0.05387	0.00140	0.00373	0.00365	0.11227	0.00514
13	0.14363	0.01189	0.02933	0.00768	0.00973	0.39793	0.01358	0.08998	0.03379	0.05882	0.01065	0.03040	0.08331	0.00484	0.00343	0.00109	0.00471	0.04277	0.01801	0.00440
14	0.00621	0.00391	0.00464	0.00439	0.00542	0.00365	0.00331	0.02556	0.00940	0.05596	0.41163	0.06636	0.14914	0.00695	0.00386	0.00111	0.00189	0.00597	0.22709	0.00358
15	0.00450	0.00370	0.00395	0.00394	0.00505	0.00316	0.00292	0.00553	0.00859	0.01064	0.16796	0.07575	0.66101	0.02127	0.00456	0.00127	0.00188	0.00767	0.00350	0.00314
16	0.02785	0.00855	0.02256	0.20766	0.25462	0.07417	0.03203	0.07476	0.08191	0.06872	0.02491	0.03956	0.00750	0.00432	0.00409	0.00118	0.04574	0.01245	0.00239	0.00504
17	0.05371	0.00525	0.00667	0.00577	0.00760	0.00485	0.00458	0.04098	0.02090	0.38256	0.17465	0.13984	0.07734	0.00671	0.00401	0.00123	0.00266	0.05194	0.00399	0.00475
18	0.00462	0.00330	0.00437	0.00517	0.00545	0.00311	0.00355	0.00533	0.00712	0.00944	0.02028	0.75303	0.04324	0.04131	0.00520	0.00157	0.00227	0.07526	0.00337	0.00299
19	0.04336	0.04753	0.00790	0.00596	0.00814	0.00578	0.00486	0.08212	0.01071	0.42886	0.27963	0.01682	0.03145	0.00546	0.00379	0.00112	0.00276	0.00453	0.00407	0.00515
20	0.00974	0.02264	0.22218	0.07372	0.05510	0.02374	0.04610	0.10113	0.04012	0.15732	0.00928	0.01166	0.00730	0.06935	0.05054	0.00162	0.06539	0.02549	0.00255	0.00503
21	0.11210	0.01783	0.04423	0.04369	0.03010	0.12107	0.04564	0.01645	0.00735	0.03961	0.00746	0.00967	0.00623	0.00746	0.10943	0.01649	0.21082	0.00312	0.14718	0.00407
22	0.26129	0.04460	0.19629	0.02685	0.02862	0.09272	0.00711	0.07832	0.02217	0.01305	0.00702	0.00918	0.00584	0.07660	0.03705	0.00150	0.04578	0.00286	0.03870	0.00443
23	0.00532	0.00414	0.00530	0.00523	0.00612	0.00400	0.02405	0.00679	0.03235	0.01945	0.23816	0.23139	0.25804	0.00884	0.00478	0.00132	0.04369	0.07123	0.02638	0.00339
24	0.17579	0.01578	0.03075	0.16313	0.13256	0.00718	0.00670	0.02352	0.03662	0.01254	0.00739	0.00888	0.02389	0.00349	0.00324	0.00095	0.02218	0.00277	0.02143	0.30120
25	0.00465	0.00362	0.00423	0.00431	0.00521	0.00320	0.00314	0.00579	0.00876	0.01140	0.30181	0.20853	0.40385	0.00917	0.00441	0.00127	0.00188	0.00795	0.00362	0.00320
26	0.01025	0.25155	0.04886	0.00763	0.01019	0.08713	0.00661	0.12101	0.36947	0.01358	0.00995	0.00985	0.00772	0.00426	0.00351	0.00108	0.02601	0.00318	0.00281	0.00536
27	0.00884	0.26380	0.44219	0.00961	0.02490	0.04184	0.07849	0.01175	0.00791	0.04513	0.00648	0.00757	0.00495	0.00349	0.00348	0.00106	0.02898	0.00268	0.00172	0.00514
28	0.00949	0.22078	0.18711	0.00877	0.04796	0.00971	0.06471	0.11174	0.10992	0.06542	0.06295	0.01106	0.02828	0.00423	0.00351	0.00107	0.01240	0.01508	0.00254	0.02328
29	0.00755	0.00607	0.00771	0.17657	0.01143	0.00672	0.00620	0.12332	0.18289	0.01324	0.07779	0.14700	0.05157	0.00697	0.00418	0.00133	0.00330	0.15863	0.00320	0.00435
30	0.00463	0.00364	0.00419	0.00424	0.00519	0.00320	0.00311	0.00577	0.00878	0.01135	0.28983	0.17628	0.44848	0.00911	0.00440	0.00126	0.00187	0.00786	0.00361	0.00320
31	0.05101	0.00618	0.04455	0.03714	0.00814	0.04299	0.00523	0.01835	0.09226	0.05991	0.19520	0.13576	0.11736	0.00740	0.00461	0.00131	0.05272	0.11267	0.00327	0.00397
32	0.00890	0.02427	0.16511	0.16640	0.12555	0.02463	0.03667	0.08676	0.04329	0.09352	0.01954	0.06413	0.01615	0.00586	0.04447	0.00143	0.01844	0.04747	0.00247	0.00493
33	0.24708	0.00640	0.00738	0.00606	0.00847	0.00631	0.00496	0.03765	0.04770	0.47396	0.04964	0.01303	0.00958	0.02189	0.00371	0.00122	0.00302	0.04290	0.00376	0.00529
34	0.00537	0.00398	0.00579	0.00574	0.00637	0.00459	0.00442	0.00663	0.00615	0.00894	0.05017	0.01537	0.01053	0.06769	0.72519	0.00529	0.02735	0.00410	0.03309	0.00326

[dist]
# distance from previous block
# <min> <max>
0	54

# created by:
# /home/cegg/simao/soft/augustus-3.2.1/scripts/msa2prfl.pl ./align_prep/EOG092C3L9G.fa
