[name]
unknown

[dist]
# distance from previous block
# <min> <max>
0	43

[block]
# block no. 0 follows, 69 sequences, length 35
# corresponding to MSA columns:
# 181-215
name=unknown_A
#
# <colnr> <probs for GDERKNQSTAVLIFYWHMCP>
#	G	D	E	R	K	N	Q	S	T	A	V	L	I	F	Y	W	H	M	C	P
0	0.10547	0.00896	0.01153	0.06063	0.06861	0.03998	0.11342	0.19326	0.06045	0.06044	0.00927	0.02519	0.01613	0.00427	0.00385	0.00112	0.01958	0.01597	0.00286	0.17899
1	0.05651	0.08935	0.12129	0.14158	0.09735	0.05632	0.09009	0.08850	0.00942	0.03460	0.00729	0.00884	0.00565	0.00363	0.00354	0.00107	0.00469	0.00306	0.00222	0.17498
2	0.00658	0.00485	0.00593	0.00569	0.01738	0.00457	0.00413	0.02456	0.05177	0.04553	0.07734	0.18814	0.17405	0.11323	0.12124	0.00224	0.00376	0.02084	0.00320	0.12496
3	0.00570	0.00431	0.00561	0.02724	0.03927	0.00411	0.00424	0.00738	0.04902	0.02412	0.23679	0.40361	0.14121	0.00968	0.00468	0.00140	0.00235	0.00861	0.00372	0.01694
4	0.00868	0.00757	0.01140	0.36892	0.08801	0.02166	0.05667	0.03213	0.10715	0.05865	0.07804	0.02382	0.03828	0.00499	0.00481	0.00132	0.07621	0.00423	0.00258	0.00487
5	0.00565	0.00377	0.00433	0.00440	0.00445	0.00377	0.00253	0.00576	0.00590	0.00794	0.01311	0.09578	0.01509	0.76197	0.03370	0.00362	0.00377	0.00610	0.01588	0.00248
6	0.01004	0.02631	0.14684	0.03134	0.10530	0.01008	0.11712	0.13093	0.33227	0.01562	0.01096	0.01141	0.00823	0.00447	0.00415	0.00127	0.02080	0.00389	0.00297	0.00598
7	0.73612	0.00800	0.00661	0.00576	0.00825	0.00922	0.00472	0.09781	0.06563	0.01826	0.00661	0.00727	0.00504	0.00387	0.00269	0.00122	0.00317	0.00243	0.00269	0.00464
8	0.00997	0.00861	0.01161	0.00968	0.01053	0.01110	0.02756	0.13425	0.00840	0.05880	0.00684	0.00933	0.00591	0.00644	0.02014	0.00160	0.59897	0.00350	0.03694	0.01982
9	0.03634	0.01036	0.12864	0.29327	0.14285	0.04518	0.14922	0.03004	0.04667	0.04520	0.00830	0.03184	0.00648	0.00405	0.00398	0.00126	0.00520	0.00377	0.00216	0.00520
10	0.03757	0.01177	0.01033	0.02191	0.01091	0.32994	0.03205	0.13367	0.01022	0.04732	0.00794	0.01032	0.00675	0.05013	0.14731	0.00218	0.11925	0.00336	0.00242	0.00465
11	0.00527	0.00362	0.00440	0.00483	0.00493	0.00351	0.00297	0.00559	0.00654	0.00872	0.01667	0.41475	0.01970	0.46569	0.01298	0.00277	0.00309	0.00824	0.00297	0.00275
12	0.00893	0.00714	0.01033	0.49327	0.01956	0.00831	0.00867	0.02904	0.19079	0.09184	0.05264	0.01297	0.02188	0.00462	0.00396	0.00128	0.00428	0.00397	0.00275	0.02376
13	0.00765	0.00759	0.02681	0.03721	0.02161	0.02053	0.21979	0.03760	0.00796	0.01100	0.01168	0.24668	0.02139	0.03167	0.06353	0.00188	0.21265	0.00604	0.00247	0.00427
14	0.00734	0.00688	0.01158	0.83161	0.02647	0.00857	0.01071	0.00990	0.00783	0.01002	0.00733	0.03169	0.00574	0.00413	0.00395	0.00131	0.00515	0.00368	0.00179	0.00433
15	0.00477	0.00351	0.00448	0.00523	0.00563	0.00321	0.00354	0.00552	0.00778	0.01020	0.03884	0.72333	0.14588	0.01186	0.00494	0.00155	0.00222	0.01065	0.00365	0.00321
16	0.00561	0.00412	0.00504	0.00486	0.00591	0.00376	0.00364	0.00737	0.02925	0.03068	0.53201	0.08438	0.24104	0.00869	0.00463	0.00129	0.00199	0.01792	0.00409	0.00368
17	0.00494	0.00360	0.00491	0.00566	0.00600	0.00337	0.01636	0.00573	0.00765	0.01018	0.03181	0.76797	0.04205	0.02470	0.00523	0.00162	0.00242	0.04897	0.00360	0.00323
18	0.01618	0.00893	0.01050	0.00805	0.01114	0.00912	0.00665	0.44189	0.01501	0.41235	0.01229	0.01128	0.00811	0.00478	0.00393	0.00119	0.00385	0.00373	0.00436	0.00667
19	0.00881	0.00734	0.00788	0.00728	0.00917	0.00825	0.00558	0.01746	0.63503	0.03120	0.01875	0.12777	0.08529	0.00663	0.00418	0.00136	0.00290	0.00564	0.00393	0.00557
20	0.00477	0.00343	0.00453	0.00541	0.00567	0.00319	0.00362	0.00546	0.00755	0.01002	0.02214	0.83544	0.04981	0.01221	0.00499	0.00158	0.00227	0.01106	0.00364	0.00319
21	0.01298	0.00960	0.01037	0.00839	0.01113	0.01064	0.00678	0.47949	0.28601	0.07109	0.01272	0.02830	0.02388	0.00516	0.00398	0.00124	0.00377	0.00409	0.00399	0.00639
22	0.76927	0.00770	0.00700	0.05274	0.02234	0.00895	0.02963	0.01141	0.00683	0.01665	0.00564	0.00685	0.00441	0.00376	0.00297	0.00124	0.03362	0.00234	0.00234	0.00432
23	0.00865	0.00834	0.01331	0.39198	0.37389	0.03473	0.02263	0.01138	0.04083	0.01153	0.00849	0.01133	0.02699	0.00403	0.00394	0.00124	0.00487	0.01460	0.00200	0.00521
24	0.01040	0.00739	0.00918	0.00687	0.01008	0.00633	0.03578	0.07648	0.05084	0.15902	0.00954	0.01067	0.00737	0.00381	0.00349	0.00086	0.01391	0.02752	0.00300	0.54748
25	0.00507	0.00399	0.00458	0.00448	0.00560	0.00350	0.00337	0.00644	0.00986	0.01285	0.38817	0.04863	0.45704	0.00915	0.00465	0.00130	0.00196	0.02196	0.00394	0.00348
26	0.00866	0.00826	0.01356	0.33424	0.29789	0.00969	0.03704	0.01078	0.00787	0.02272	0.00683	0.00980	0.00563	0.00446	0.00603	0.00135	0.20479	0.00352	0.00186	0.00503
27	0.00473	0.00396	0.00411	0.00410	0.00536	0.00335	0.00307	0.00580	0.00912	0.01109	0.11897	0.05749	0.73583	0.00980	0.00464	0.00132	0.00198	0.00823	0.00371	0.00335
28	0.01092	0.24854	0.25214	0.00877	0.01259	0.01173	0.00903	0.27557	0.07820	0.01585	0.02057	0.00945	0.02160	0.00424	0.00351	0.00112	0.00453	0.00316	0.00266	0.00582
29	0.09246	0.02823	0.01600	0.04247	0.39433	0.06539	0.21195	0.05181	0.00942	0.03976	0.00755	0.00948	0.00596	0.00361	0.00388	0.00120	0.00510	0.00357	0.00218	0.00564
30	0.00466	0.00397	0.00401	0.00400	0.00531	0.00332	0.00300	0.00568	0.00900	0.01075	0.06432	0.03747	0.81147	0.00987	0.00463	0.00132	0.00198	0.00824	0.00366	0.00332
31	0.00733	0.00686	0.01154	0.81951	0.02621	0.00856	0.01065	0.00990	0.00778	0.00998	0.00711	0.01065	0.00541	0.00492	0.03706	0.00150	0.00543	0.00351	0.00176	0.00432
32	0.01354	0.00981	0.01078	0.00817	0.01138	0.01020	0.00672	0.59177	0.01567	0.07190	0.00923	0.00936	0.00666	0.00431	0.00369	0.00104	0.00394	0.00328	0.00362	0.20491
33	0.02235	0.29528	0.09855	0.00890	0.02245	0.18017	0.02287	0.20752	0.04248	0.03830	0.00744	0.00808	0.00585	0.00404	0.00352	0.00106	0.02033	0.00284	0.00248	0.00549
34	0.01197	0.48508	0.05770	0.00769	0.01102	0.01345	0.00725	0.28694	0.01163	0.04345	0.00757	0.02646	0.00620	0.00408	0.00316	0.00100	0.00424	0.00288	0.00259	0.00564

[dist]
# distance from previous block
# <min> <max>
0	2

[block]
# block no. 1 follows, 69 sequences, length 43
# corresponding to MSA columns:
# 218-222,239-251,253-255,279-300
name=unknown_B
#
# <colnr> <probs for GDERKNQSTAVLIFYWHMCP>
#	G	D	E	R	K	N	Q	S	T	A	V	L	I	F	Y	W	H	M	C	P
0	0.00854	0.08900	0.07692	0.00911	0.07237	0.00825	0.05903	0.04797	0.23159	0.03491	0.07847	0.16449	0.03945	0.00653	0.00437	0.00132	0.02326	0.03616	0.00321	0.00507
1	0.01246	0.09276	0.10408	0.00955	0.01196	0.42336	0.00819	0.07741	0.04093	0.04237	0.00710	0.00824	0.00574	0.00510	0.02716	0.00128	0.11220	0.00289	0.00224	0.00498
2	0.00793	0.00674	0.00789	0.00577	0.00901	0.00517	0.00459	0.00984	0.02206	0.01309	0.07843	0.01006	0.00859	0.00338	0.00307	0.00065	0.00282	0.00277	0.00252	0.79562
3	0.88991	0.00758	0.00576	0.00516	0.00758	0.00879	0.00425	0.01152	0.00667	0.01759	0.00546	0.00637	0.00425	0.00364	0.00243	0.00121	0.00303	0.00212	0.00243	0.00425
4	0.00480	0.00348	0.00453	0.00532	0.00566	0.00321	0.00359	0.00555	0.00776	0.01028	0.05528	0.76097	0.09126	0.01192	0.00496	0.00156	0.00223	0.01075	0.00367	0.00321
5	0.01062	0.00729	0.01101	0.36637	0.15396	0.02362	0.00883	0.01303	0.04053	0.24045	0.01128	0.05909	0.02724	0.00477	0.00399	0.00127	0.00432	0.00417	0.00288	0.00529
6	0.00938	0.46311	0.06756	0.02866	0.01060	0.01116	0.00658	0.02402	0.00828	0.01104	0.03137	0.00789	0.00628	0.00345	0.00295	0.00082	0.01295	0.00245	0.00200	0.28945
7	0.00750	0.00688	0.04599	0.00793	0.00864	0.02026	0.00656	0.00869	0.00649	0.04434	0.00862	0.01329	0.00817	0.10261	0.35695	0.00377	0.33332	0.00396	0.00208	0.00394
8	0.00791	0.01981	0.80496	0.01130	0.01693	0.00918	0.03534	0.01236	0.00826	0.01236	0.00702	0.00834	0.00500	0.00377	0.00392	0.00125	0.02191	0.00295	0.00167	0.00575
9	0.00694	0.00446	0.00553	0.00510	0.00642	0.00404	0.00393	0.00878	0.03176	0.11608	0.48741	0.02955	0.23079	0.00813	0.00455	0.00128	0.00216	0.03488	0.00418	0.00403
10	0.03209	0.01149	0.01174	0.00956	0.04076	0.08075	0.00756	0.71362	0.01726	0.02291	0.00899	0.00917	0.00647	0.00459	0.00386	0.00116	0.00453	0.00342	0.00367	0.00643
11	0.00557	0.00375	0.00431	0.00444	0.00448	0.00371	0.00255	0.00567	0.00596	0.00794	0.01367	0.14407	0.01591	0.74155	0.01783	0.00349	0.00358	0.00647	0.00255	0.00249
12	0.00479	0.00346	0.00454	0.00540	0.00570	0.00321	0.00364	0.00551	0.00761	0.01007	0.02261	0.80144	0.07114	0.01213	0.00499	0.00158	0.00228	0.02307	0.00364	0.00320
13	0.00766	0.00738	0.01174	0.82351	0.02648	0.03783	0.01077	0.01021	0.00795	0.01000	0.00694	0.01033	0.00522	0.00392	0.00391	0.00130	0.00529	0.00345	0.00175	0.00436
14	0.00478	0.00341	0.00455	0.00546	0.00569	0.00318	0.00364	0.00546	0.00751	0.01001	0.02161	0.85966	0.02593	0.01228	0.00500	0.00159	0.00227	0.01114	0.00364	0.00318
15	0.00483	0.00357	0.00454	0.00523	0.00570	0.00327	0.00361	0.00566	0.00797	0.01044	0.06573	0.65845	0.16132	0.01163	0.00493	0.00154	0.00224	0.03243	0.00367	0.00324
16	0.00872	0.11033	0.68528	0.01052	0.01583	0.01005	0.01307	0.07915	0.00908	0.01308	0.00706	0.00816	0.00511	0.00377	0.00361	0.00119	0.00550	0.00286	0.00184	0.00578
17	0.01294	0.00855	0.01218	0.09663	0.29211	0.00875	0.00875	0.17598	0.05842	0.26940	0.01072	0.01112	0.00761	0.00430	0.00392	0.00121	0.00415	0.00369	0.00333	0.00626
18	0.00550	0.00404	0.00491	0.00483	0.00583	0.00365	0.00357	0.00707	0.02316	0.03101	0.45594	0.15364	0.26424	0.00908	0.00466	0.00131	0.00200	0.00792	0.00403	0.00361
19	0.00997	0.00853	0.00899	0.00802	0.01028	0.00985	0.00626	0.05540	0.79576	0.01676	0.01567	0.01440	0.01174	0.00529	0.00399	0.00132	0.00315	0.00439	0.00399	0.00623
20	0.01439	0.01829	0.01169	0.01041	0.01252	0.80625	0.04682	0.01551	0.01102	0.00974	0.00615	0.00724	0.00509	0.00400	0.00359	0.00102	0.00705	0.00263	0.00202	0.00458
21	0.88991	0.00758	0.00576	0.00516	0.00758	0.00879	0.00425	0.01152	0.00667	0.01759	0.00546	0.00637	0.00425	0.00364	0.00243	0.00121	0.00303	0.00212	0.00243	0.00425
22	0.04678	0.01020	0.01090	0.00860	0.01153	0.01131	0.00703	0.61270	0.16464	0.05956	0.01072	0.01042	0.00767	0.00478	0.00388	0.00121	0.00400	0.00366	0.00392	0.00649
23	0.00932	0.00766	0.01045	0.07279	0.04084	0.00854	0.07405	0.16736	0.10945	0.04520	0.20678	0.03161	0.04782	0.00605	0.00565	0.00133	0.14189	0.00490	0.00329	0.00502
24	0.00509	0.00401	0.00453	0.00462	0.00568	0.00356	0.00349	0.00625	0.00906	0.01145	0.18370	0.06675	0.49999	0.07154	0.00585	0.00155	0.00230	0.10357	0.00367	0.00335
25	0.00848	0.05341	0.57074	0.01240	0.01753	0.02598	0.23151	0.01249	0.00858	0.01226	0.00719	0.00879	0.00523	0.00360	0.00391	0.00124	0.00597	0.00332	0.00175	0.00560
26	0.00478	0.00396	0.00410	0.00407	0.00527	0.00338	0.00300	0.00578	0.00889	0.01081	0.10389	0.03620	0.71340	0.06831	0.00568	0.00149	0.00210	0.00800	0.00361	0.00328
27	0.05417	0.01132	0.01145	0.00892	0.01195	0.06564	0.00732	0.73618	0.01743	0.02342	0.00902	0.00913	0.00645	0.00462	0.00383	0.00117	0.00443	0.00340	0.00373	0.00642
28	0.00587	0.00508	0.03815	0.00682	0.00789	0.00513	0.04193	0.00755	0.00719	0.01027	0.10676	0.01781	0.01318	0.02396	0.64220	0.00510	0.00884	0.04018	0.00240	0.00369
29	0.01028	0.00853	0.00905	0.00802	0.01031	0.00979	0.00627	0.07028	0.75884	0.03887	0.01554	0.01427	0.01158	0.00527	0.00398	0.00132	0.00318	0.00436	0.00401	0.00625
30	0.88991	0.00758	0.00576	0.00516	0.00758	0.00879	0.00425	0.01152	0.00667	0.01759	0.00546	0.00637	0.00425	0.00364	0.00243	0.00121	0.00303	0.00212	0.00243	0.00425
31	0.00975	0.00842	0.00886	0.00798	0.01019	0.00975	0.00621	0.02083	0.83069	0.01640	0.01596	0.01463	0.01197	0.00532	0.00399	0.00133	0.00310	0.00443	0.00399	0.00621
32	0.03508	0.00860	0.00934	0.00799	0.02124	0.00947	0.00628	0.25277	0.40764	0.10308	0.02381	0.01457	0.07169	0.00540	0.00398	0.00127	0.00340	0.00436	0.00397	0.00609
33	0.00514	0.00386	0.00469	0.00483	0.00564	0.00350	0.00349	0.00634	0.00918	0.01220	0.32792	0.22933	0.26106	0.06698	0.00578	0.00154	0.00219	0.03917	0.00380	0.00337
34	0.00601	0.00475	0.00544	0.00550	0.00655	0.00472	0.00401	0.03103	0.15284	0.01225	0.11305	0.32852	0.25510	0.02968	0.02060	0.00156	0.00254	0.00824	0.00372	0.00389
35	0.00554	0.00406	0.00575	0.00585	0.00641	0.00451	0.00435	0.00664	0.00644	0.00903	0.01272	0.09389	0.02999	0.17039	0.58791	0.00522	0.00824	0.02742	0.00236	0.00328
36	0.00857	0.00845	0.01303	0.23745	0.25351	0.04661	0.06921	0.01077	0.02373	0.01121	0.04292	0.01152	0.02851	0.00583	0.04359	0.00156	0.17275	0.00384	0.00204	0.00490
37	0.00813	0.00697	0.00813	0.00581	0.00929	0.00523	0.00465	0.00987	0.00813	0.01277	0.00697	0.00813	0.00581	0.00290	0.00290	0.00058	0.00290	0.00232	0.00232	0.88619
38	0.88991	0.00758	0.00576	0.00516	0.00758	0.00879	0.00425	0.01152	0.00667	0.01759	0.00546	0.00637	0.00425	0.00364	0.00243	0.00121	0.00303	0.00212	0.00243	0.00425
39	0.00663	0.00522	0.00595	0.00581	0.00701	0.02653	0.02014	0.04716	0.10523	0.04087	0.07256	0.34621	0.27666	0.00947	0.00461	0.00140	0.00260	0.00826	0.00370	0.00397
40	0.00468	0.00388	0.00411	0.00425	0.00538	0.00330	0.00311	0.00565	0.00876	0.01064	0.06017	0.17458	0.67746	0.01026	0.00469	0.00137	0.00203	0.00872	0.00366	0.00330
41	0.04224	0.00787	0.03779	0.00765	0.00995	0.00799	0.05318	0.07425	0.36072	0.07283	0.07725	0.03481	0.10743	0.00649	0.02788	0.00142	0.02014	0.00487	0.00360	0.04165
42	0.83040	0.00796	0.00616	0.00550	0.00782	0.03437	0.00451	0.01157	0.00678	0.01704	0.00547	0.00647	0.00430	0.00377	0.00285	0.00123	0.03498	0.00218	0.00239	0.00426

[dist]
# distance from previous block
# <min> <max>
0	15

[block]
# block no. 2 follows, 69 sequences, length 9
# corresponding to MSA columns:
# 316-324
name=unknown_C
#
# <colnr> <probs for GDERKNQSTAVLIFYWHMCP>
#	G	D	E	R	K	N	Q	S	T	A	V	L	I	F	Y	W	H	M	C	P
0	0.58573	0.21984	0.01019	0.00656	0.04382	0.01067	0.00537	0.05726	0.00775	0.01572	0.00576	0.00666	0.00466	0.00362	0.00259	0.00112	0.00346	0.00225	0.00230	0.00466
1	0.00901	0.02129	0.07395	0.03706	0.08284	0.00752	0.06657	0.16270	0.03940	0.05283	0.25584	0.03868	0.07388	0.00594	0.00443	0.00123	0.02656	0.00512	0.00335	0.03180
2	0.00565	0.00452	0.00551	0.04735	0.00704	0.00448	0.00409	0.03327	0.00903	0.01181	0.21616	0.11274	0.35285	0.06988	0.05705	0.00182	0.04254	0.00724	0.00344	0.00354
3	0.00870	0.01057	0.18870	0.05471	0.11889	0.02239	0.02472	0.03867	0.31977	0.01409	0.05592	0.04292	0.05186	0.00576	0.02379	0.00140	0.00419	0.00443	0.00298	0.00555
4	0.00824	0.00785	0.01088	0.00942	0.00952	0.01079	0.00777	0.00916	0.00616	0.00970	0.00619	0.00996	0.00604	0.03976	0.05310	0.00196	0.72437	0.00357	0.06143	0.00414
5	0.01011	0.11956	0.13191	0.00961	0.04058	0.12150	0.08414	0.12250	0.08455	0.01384	0.09764	0.01208	0.03662	0.00474	0.00426	0.00116	0.04956	0.00378	0.00265	0.04922
6	0.00633	0.00385	0.00420	0.00442	0.00525	0.00376	0.00320	0.00815	0.04667	0.01283	0.01907	0.26381	0.12398	0.00756	0.00371	0.00118	0.00204	0.00648	0.46992	0.00359
7	0.05996	0.00760	0.00875	0.00651	0.00968	0.00673	0.00528	0.11964	0.00955	0.07566	0.00775	0.00861	0.00609	0.00353	0.00359	0.00080	0.04556	0.00265	0.00270	0.60938
8	0.02633	0.06626	0.07783	0.03323	0.01031	0.06425	0.00651	0.06509	0.13182	0.17706	0.02752	0.16407	0.03498	0.00627	0.00418	0.00127	0.02164	0.03113	0.00337	0.04689

[dist]
# distance from previous block
# <min> <max>
1	4

[block]
# block no. 3 follows, 69 sequences, length 27
# corresponding to MSA columns:
# 329-338,360-374,495,496
name=unknown_D
#
# <colnr> <probs for GDERKNQSTAVLIFYWHMCP>
#	G	D	E	R	K	N	Q	S	T	A	V	L	I	F	Y	W	H	M	C	P
0	0.00842	0.00787	0.01311	0.57253	0.24343	0.00906	0.02778	0.05013	0.00867	0.01153	0.00722	0.01020	0.00557	0.00383	0.00392	0.00126	0.00506	0.00351	0.00191	0.00498
1	0.41329	0.00833	0.00814	0.00650	0.00936	0.00881	0.00534	0.23578	0.01058	0.09298	0.00772	0.00815	0.00568	0.00391	0.00306	0.00109	0.00339	0.00271	0.00304	0.16214
2	0.00528	0.00402	0.00468	0.00456	0.00568	0.00354	0.00342	0.00667	0.00989	0.02588	0.39588	0.06344	0.42168	0.00909	0.00464	0.00130	0.00198	0.02086	0.00396	0.00354
3	0.57360	0.00848	0.00756	0.00642	0.00898	0.00970	0.00524	0.20220	0.11466	0.01910	0.00772	0.00813	0.00580	0.00410	0.00297	0.00122	0.00334	0.00275	0.00297	0.00506
4	0.00581	0.00406	0.00609	0.00609	0.00667	0.00464	0.00464	0.00667	0.00609	0.00870	0.00985	0.01479	0.00928	0.02664	0.70104	0.16040	0.00926	0.00406	0.00203	0.00319
5	0.00573	0.00386	0.00472	0.00472	0.00486	0.00400	0.00293	0.00593	0.00579	0.00786	0.01172	0.02296	0.01301	0.65625	0.18405	0.04635	0.00511	0.00529	0.00229	0.00257
6	0.00506	0.00357	0.00465	0.00532	0.00575	0.00329	0.00363	0.00590	0.00804	0.02429	0.10675	0.69892	0.08720	0.01154	0.00492	0.00153	0.00223	0.01039	0.00373	0.00330
7	0.00699	0.01352	0.48869	0.00873	0.01245	0.00698	0.00998	0.01046	0.04812	0.02507	0.01504	0.21200	0.11254	0.00659	0.00415	0.00134	0.00433	0.00558	0.00253	0.00491
8	0.00841	0.00690	0.00810	0.00595	0.00916	0.00547	0.00474	0.05095	0.00871	0.02555	0.04238	0.00943	0.00735	0.00412	0.02402	0.01954	0.00313	0.00268	0.00251	0.75090
9	0.00512	0.00385	0.00482	0.00544	0.00616	0.00355	0.00409	0.00619	0.00837	0.01074	0.04876	0.41281	0.25324	0.01116	0.00499	0.00156	0.00250	0.19969	0.00365	0.00333
10	0.00644	0.00386	0.00462	0.00486	0.00570	0.00358	0.00352	0.00764	0.00843	0.06990	0.06823	0.37334	0.14332	0.00900	0.00424	0.00132	0.00219	0.03022	0.24597	0.00362
11	0.00738	0.00463	0.00604	0.00590	0.00711	0.00440	0.00456	0.02872	0.00883	0.12677	0.09360	0.22409	0.13055	0.02950	0.14049	0.00225	0.00397	0.12636	0.00354	0.04130
12	0.00475	0.00350	0.00446	0.00523	0.00562	0.00320	0.00354	0.00549	0.00773	0.01010	0.02445	0.73054	0.15322	0.01191	0.00495	0.00155	0.00223	0.01069	0.00364	0.00320
13	0.09860	0.00673	0.00855	0.00671	0.00953	0.00617	0.00551	0.05291	0.01089	0.67111	0.01430	0.03358	0.00948	0.00490	0.00377	0.00121	0.00326	0.00392	0.04264	0.00623
14	0.00798	0.00681	0.00797	0.00579	0.00913	0.00514	0.00460	0.00968	0.00810	0.01265	0.00760	0.04502	0.00668	0.00331	0.00299	0.00062	0.00288	0.00270	0.00238	0.84794
15	0.00570	0.00380	0.00428	0.00428	0.00428	0.00380	0.00238	0.00570	0.00570	0.00760	0.01235	0.02566	0.01425	0.86222	0.01995	0.00380	0.00380	0.00570	0.00238	0.00238
16	0.09958	0.00909	0.00980	0.00772	0.01048	0.00981	0.00633	0.52426	0.01493	0.14429	0.01059	0.03390	0.00775	0.00482	0.00370	0.00117	0.00375	0.00368	0.08829	0.00605
17	0.00969	0.00935	0.01612	0.02384	0.81378	0.00933	0.03585	0.01205	0.00894	0.01280	0.00739	0.00973	0.00620	0.00349	0.00390	0.00117	0.00471	0.00353	0.00194	0.00618
18	0.04571	0.02848	0.04945	0.02334	0.31887	0.02567	0.04160	0.07069	0.04555	0.23194	0.01075	0.01162	0.02797	0.02440	0.00445	0.00127	0.02557	0.00374	0.00298	0.00594
19	0.00965	0.06262	0.06874	0.01143	0.19936	0.03065	0.01698	0.04121	0.02026	0.05827	0.00740	0.00887	0.00602	0.00389	0.00462	0.00101	0.11612	0.00296	0.00228	0.32767
20	0.00564	0.00403	0.00498	0.00531	0.00577	0.00395	0.00371	0.00686	0.04327	0.01044	0.11956	0.27730	0.05128	0.30551	0.01014	0.00232	0.00298	0.13049	0.00330	0.00317
21	0.01332	0.04880	0.04525	0.02904	0.02330	0.37220	0.04342	0.24558	0.07019	0.03515	0.02099	0.00907	0.00666	0.00435	0.00385	0.00112	0.01634	0.00319	0.00276	0.00542
22	0.00520	0.00381	0.00465	0.00488	0.00570	0.00342	0.00349	0.00631	0.00900	0.02856	0.24844	0.35950	0.28226	0.01023	0.00476	0.00140	0.00209	0.00900	0.00385	0.00343
23	0.00752	0.02593	0.00827	0.15697	0.03488	0.00735	0.00621	0.01257	0.30911	0.01301	0.08479	0.13301	0.13231	0.00684	0.00447	0.00134	0.02859	0.00583	0.01627	0.00472
24	0.00528	0.00365	0.00446	0.00490	0.00505	0.00353	0.00308	0.00566	0.00668	0.00887	0.01730	0.40673	0.03427	0.43425	0.01243	0.00269	0.00307	0.03228	0.00301	0.00280
25	0.00963	0.00946	0.06561	0.22043	0.17980	0.03028	0.03396	0.11559	0.17466	0.02324	0.00997	0.01142	0.02596	0.00495	0.01922	0.00137	0.05258	0.00378	0.00260	0.00550
26	0.88991	0.00758	0.00576	0.00516	0.00758	0.00879	0.00425	0.01152	0.00667	0.01759	0.00546	0.00637	0.00425	0.00364	0.00243	0.00121	0.00303	0.00212	0.00243	0.00425

[dist]
# distance from previous block
# <min> <max>
5	11

[block]
# block no. 4 follows, 69 sequences, length 21
# corresponding to MSA columns:
# 508-528
name=unknown_E
#
# <colnr> <probs for GDERKNQSTAVLIFYWHMCP>
#	G	D	E	R	K	N	Q	S	T	A	V	L	I	F	Y	W	H	M	C	P
0	0.27405	0.10863	0.05519	0.12394	0.03931	0.12055	0.03988	0.02362	0.03920	0.01311	0.03769	0.05605	0.02217	0.00517	0.02525	0.00132	0.00447	0.00349	0.00234	0.00458
1	0.01065	0.78308	0.04881	0.00703	0.01043	0.03368	0.00703	0.04330	0.00845	0.00994	0.00567	0.00650	0.00509	0.00343	0.00264	0.00087	0.00432	0.00219	0.00177	0.00511
2	0.00889	0.00508	0.00635	0.00584	0.00744	0.00467	0.00451	0.02740	0.05140	0.22454	0.09487	0.22344	0.17168	0.00879	0.02526	0.00146	0.00285	0.05956	0.01956	0.04639
3	0.30080	0.00974	0.00965	0.00770	0.01056	0.01094	0.00634	0.51792	0.05585	0.02196	0.00845	0.00868	0.00614	0.00439	0.00344	0.00120	0.00383	0.00312	0.00344	0.00585
4	0.00716	0.00451	0.00572	0.00513	0.00652	0.00399	0.00392	0.00881	0.01056	0.12526	0.54728	0.04610	0.14598	0.00768	0.00445	0.00122	0.00214	0.00667	0.00417	0.05277
5	0.00996	0.69595	0.18459	0.00760	0.01144	0.01423	0.00826	0.01187	0.00803	0.00986	0.00577	0.00669	0.00502	0.00343	0.00276	0.00092	0.00451	0.00226	0.00167	0.00518
6	0.01118	0.00702	0.00821	0.00698	0.00912	0.00723	0.00554	0.18267	0.19207	0.21256	0.16337	0.08372	0.05959	0.00649	0.00423	0.00129	0.00307	0.02596	0.00418	0.00551
7	0.00501	0.00385	0.00442	0.00459	0.00543	0.00345	0.00326	0.00598	0.00858	0.01100	0.16985	0.21566	0.39113	0.11986	0.00671	0.00170	0.00230	0.03040	0.00359	0.00324
8	0.00797	0.00755	0.01279	0.64696	0.22838	0.00886	0.01117	0.01052	0.00811	0.01071	0.00707	0.01027	0.00547	0.00381	0.00391	0.00127	0.00508	0.00349	0.00179	0.00482
9	0.00826	0.00638	0.00728	0.00679	0.00820	0.00710	0.00511	0.01449	0.48062	0.01360	0.11146	0.04973	0.01441	0.00808	0.00695	0.22106	0.00301	0.01943	0.00344	0.00462
10	0.24146	0.00723	0.00791	0.00649	0.00889	0.00748	0.00526	0.19215	0.01152	0.25569	0.18195	0.03352	0.01365	0.00533	0.00371	0.00122	0.00314	0.00420	0.00388	0.00534
11	0.10807	0.00521	0.00558	0.00557	0.00688	0.00536	0.00420	0.00974	0.18169	0.01295	0.08972	0.24060	0.25256	0.00873	0.00438	0.00140	0.00249	0.04722	0.00363	0.00404
12	0.00494	0.00357	0.00467	0.00549	0.00585	0.00334	0.00382	0.00574	0.00770	0.01014	0.02249	0.69910	0.08094	0.03747	0.00547	0.00166	0.00243	0.08837	0.00360	0.00321
13	0.00800	0.00683	0.00799	0.00579	0.00916	0.00515	0.00461	0.00971	0.00811	0.01267	0.00752	0.04012	0.00656	0.00326	0.00298	0.00062	0.00288	0.00265	0.00237	0.85301
14	0.00688	0.00595	0.00835	0.00747	0.00852	0.00653	0.07669	0.04273	0.07936	0.01239	0.16739	0.27044	0.10900	0.00849	0.00625	0.00146	0.16758	0.00713	0.00329	0.00409
15	0.00541	0.00388	0.00534	0.00598	0.00646	0.00392	0.00447	0.00647	0.00749	0.01006	0.01834	0.41160	0.02079	0.08424	0.18071	0.00280	0.00444	0.21108	0.00321	0.00329
16	0.14573	0.03380	0.26623	0.06094	0.07643	0.03603	0.11340	0.05377	0.03946	0.10391	0.00818	0.00928	0.00596	0.00396	0.00390	0.00124	0.02662	0.00326	0.00240	0.00549
17	0.00813	0.00721	0.01120	0.05920	0.32178	0.02430	0.05630	0.03857	0.00890	0.02574	0.01384	0.21854	0.04504	0.00693	0.00462	0.00138	0.02503	0.10653	0.00273	0.01405
18	0.00589	0.00391	0.00467	0.03977	0.00534	0.00399	0.00286	0.00595	0.00582	0.00785	0.01170	0.02353	0.01314	0.72608	0.03403	0.06875	0.00391	0.00536	0.02499	0.00246
19	0.66008	0.00698	0.00573	0.00537	0.00734	0.02830	0.00424	0.01055	0.00702	0.03262	0.00874	0.13530	0.00847	0.04097	0.00367	0.00139	0.00307	0.02342	0.00267	0.00405
20	0.07083	0.02017	0.04352	0.00532	0.00701	0.00465	0.03818	0.00749	0.00931	0.01289	0.26565	0.04021	0.39795	0.00792	0.00430	0.00125	0.00246	0.00672	0.01761	0.03655

[dist]
# distance from previous block
# <min> <max>
1	9

[block]
# block no. 5 follows, 69 sequences, length 13
# corresponding to MSA columns:
# 549-561
name=unknown_F
#
# <colnr> <probs for GDERKNQSTAVLIFYWHMCP>
#	G	D	E	R	K	N	Q	S	T	A	V	L	I	F	Y	W	H	M	C	P
0	0.13345	0.09259	0.18470	0.23522	0.11528	0.09982	0.00983	0.04462	0.00876	0.03146	0.00687	0.00860	0.00528	0.00380	0.00349	0.00118	0.00499	0.00295	0.00203	0.00509
1	0.00572	0.00415	0.00501	0.00501	0.00606	0.00379	0.02150	0.00720	0.03171	0.02734	0.11368	0.27596	0.31013	0.00921	0.00443	0.00133	0.00224	0.02180	0.12377	0.01998
2	0.03460	0.05910	0.60099	0.00995	0.01485	0.00898	0.01198	0.05880	0.00911	0.11171	0.00857	0.03941	0.00636	0.00420	0.00371	0.00123	0.00513	0.00329	0.00226	0.00577
3	0.00493	0.00350	0.00458	0.00539	0.00574	0.00327	0.00369	0.00574	0.00775	0.01039	0.04304	0.74179	0.06269	0.01177	0.00492	0.00156	0.00229	0.04277	0.03096	0.00323
4	0.00845	0.00770	0.01183	0.46369	0.09363	0.03252	0.02455	0.01046	0.00780	0.05112	0.00787	0.05935	0.00673	0.00505	0.00594	0.00139	0.19139	0.00393	0.00203	0.00458
5	0.00551	0.00445	0.00496	0.00480	0.00606	0.00412	0.00365	0.00783	0.09221	0.01295	0.30636	0.03274	0.45852	0.00884	0.00459	0.00131	0.00210	0.03137	0.00390	0.00374
6	0.00698	0.00579	0.00730	0.09857	0.08352	0.04709	0.00572	0.03917	0.05110	0.03051	0.05095	0.44525	0.07451	0.00900	0.00457	0.00143	0.00318	0.02803	0.00329	0.00406
7	0.00952	0.00927	0.01701	0.16652	0.40742	0.00940	0.25059	0.04002	0.00921	0.03133	0.00772	0.01016	0.00605	0.00358	0.00411	0.00124	0.00529	0.00384	0.00205	0.00564
8	0.00740	0.00697	0.01176	0.85280	0.02700	0.00871	0.01089	0.01002	0.00784	0.01002	0.00697	0.01045	0.00523	0.00392	0.00392	0.00131	0.00523	0.00348	0.00174	0.00436
9	0.47420	0.00898	0.00848	0.00689	0.00965	0.01008	0.00569	0.35826	0.01191	0.06119	0.00764	0.00801	0.00555	0.00415	0.00314	0.00120	0.00359	0.00281	0.00318	0.00540
10	0.01247	0.00871	0.00864	0.00718	0.00922	0.11669	0.00575	0.25864	0.01206	0.16238	0.01082	0.01140	0.00796	0.00476	0.00414	0.00112	0.06473	0.00350	0.28459	0.00526
11	0.01183	0.00714	0.00863	0.00662	0.00968	0.00623	0.00533	0.06428	0.09434	0.29737	0.01148	0.04128	0.00855	0.00427	0.00351	0.00095	0.00314	0.00349	0.00351	0.40839
12	0.34501	0.03162	0.00750	0.00556	0.00857	0.00684	0.00453	0.01049	0.00765	0.01459	0.02802	0.00796	0.00600	0.00333	0.00275	0.00085	0.00296	0.00236	0.00240	0.50100

[dist]
# distance from previous block
# <min> <max>
0	4

[block]
# block no. 6 follows, 69 sequences, length 15
# corresponding to MSA columns:
# 566-577,586-588
name=unknown_G
#
# <colnr> <probs for GDERKNQSTAVLIFYWHMCP>
#	G	D	E	R	K	N	Q	S	T	A	V	L	I	F	Y	W	H	M	C	P
0	0.29809	0.02060	0.05630	0.05054	0.03068	0.04992	0.02591	0.00944	0.00767	0.03494	0.01273	0.36065	0.01362	0.00728	0.00384	0.00136	0.00336	0.00614	0.00286	0.00407
1	0.85486	0.00755	0.00590	0.00523	0.00768	0.00867	0.00431	0.01183	0.00685	0.05065	0.00586	0.00665	0.00447	0.00369	0.00249	0.00121	0.00304	0.00220	0.00252	0.00434
2	0.81382	0.00787	0.00620	0.00550	0.00786	0.03017	0.00451	0.01179	0.00690	0.04148	0.00576	0.00666	0.00446	0.00379	0.00283	0.00122	0.03016	0.00223	0.00247	0.00433
3	0.88991	0.00758	0.00576	0.00516	0.00758	0.00879	0.00425	0.01152	0.00667	0.01759	0.00546	0.00637	0.00425	0.00364	0.00243	0.00121	0.00303	0.00212	0.00243	0.00425
4	0.00742	0.01562	0.57313	0.01017	0.01470	0.00791	0.08843	0.01115	0.00875	0.01270	0.11176	0.02769	0.06909	0.00482	0.00399	0.00125	0.00499	0.00411	0.01710	0.00523
5	0.00557	0.00398	0.00504	0.00477	0.00573	0.00366	0.00358	0.00735	0.01074	0.01521	0.71784	0.02915	0.10489	0.00798	0.00451	0.00122	0.00186	0.00699	0.05626	0.00366
6	0.00834	0.01100	0.20224	0.02849	0.01333	0.03968	0.18215	0.02464	0.04207	0.01200	0.05551	0.01345	0.02981	0.05197	0.00686	0.00150	0.18937	0.02849	0.05435	0.00475
7	0.00521	0.00362	0.00455	0.00507	0.00524	0.00352	0.00326	0.00568	0.00681	0.00909	0.01761	0.48065	0.02076	0.34849	0.03435	0.00260	0.00315	0.03435	0.00310	0.00289
8	0.00728	0.00611	0.00918	0.29699	0.09507	0.00671	0.01867	0.03743	0.03135	0.03307	0.14005	0.15106	0.09431	0.00673	0.00458	0.00135	0.02944	0.02342	0.00290	0.00433
9	0.00674	0.00388	0.00434	0.00424	0.00491	0.00377	0.00289	0.00785	0.00784	0.04455	0.12288	0.04683	0.04700	0.30607	0.00921	0.00202	0.00260	0.00524	0.36383	0.00330
10	0.12269	0.12759	0.01008	0.00661	0.00965	0.09316	0.00547	0.01321	0.04017	0.17967	0.00853	0.00884	0.00644	0.00366	0.00310	0.00090	0.00362	0.00269	0.00279	0.35113
11	0.03896	0.00844	0.00956	0.00781	0.00995	0.00938	0.00634	0.37230	0.06603	0.04944	0.06528	0.04748	0.10055	0.00603	0.00535	0.00127	0.13304	0.00452	0.00347	0.05480
12	0.00667	0.00629	0.01129	0.00908	0.01100	0.00588	0.29101	0.00890	0.03244	0.01264	0.23000	0.21911	0.12377	0.00754	0.00470	0.00136	0.00367	0.00726	0.00324	0.00416
13	0.00724	0.00565	0.00828	0.18160	0.14187	0.00569	0.00647	0.00906	0.00943	0.06848	0.27061	0.04480	0.18398	0.02034	0.00455	0.00129	0.00317	0.00582	0.00323	0.01843
14	0.01006	0.00754	0.02868	0.31002	0.04744	0.00756	0.12580	0.04624	0.00920	0.19204	0.01051	0.08448	0.00850	0.03166	0.00455	0.00133	0.00452	0.00439	0.00277	0.06271

[dist]
# distance from previous block
# <min> <max>
1	3

[block]
# block no. 7 follows, 69 sequences, length 6
# corresponding to MSA columns:
# 592,593,623-626
name=unknown_H
#
# <colnr> <probs for GDERKNQSTAVLIFYWHMCP>
#	G	D	E	R	K	N	Q	S	T	A	V	L	I	F	Y	W	H	M	C	P
0	0.06383	0.00777	0.01061	0.04048	0.31521	0.02332	0.00772	0.10491	0.00985	0.05707	0.02917	0.08115	0.09244	0.00530	0.00388	0.00117	0.00373	0.02216	0.02175	0.09848
1	0.18295	0.00777	0.00792	0.00692	0.00928	0.00853	0.00544	0.01656	0.49732	0.01606	0.06321	0.01295	0.01109	0.00480	0.00356	0.00119	0.00298	0.00383	0.00346	0.13416
2	0.00527	0.00385	0.00483	0.00527	0.00588	0.00361	0.00383	0.00628	0.00828	0.01088	0.13921	0.33124	0.16539	0.13447	0.00713	0.00185	0.00263	0.15332	0.00355	0.00324
3	0.00995	0.06114	0.06150	0.05577	0.01297	0.19079	0.09042	0.01142	0.00777	0.00997	0.00585	0.00840	0.00519	0.00536	0.00843	0.00142	0.44399	0.00325	0.00180	0.00458
4	0.00740	0.00575	0.06658	0.00568	0.00668	0.02911	0.00432	0.00821	0.00741	0.11421	0.01555	0.22445	0.04070	0.40222	0.01163	0.00252	0.00355	0.03750	0.00302	0.00350
5	0.00803	0.00678	0.00709	0.02607	0.00839	0.08268	0.00514	0.06522	0.17134	0.03753	0.16240	0.24592	0.08696	0.00846	0.02038	0.00145	0.02218	0.02595	0.00362	0.00441

[dist]
# distance from previous block
# <min> <max>
0	1

[block]
# block no. 8 follows, 69 sequences, length 48
# corresponding to MSA columns:
# 628-632,634-663,696-708
name=unknown_I
#
# <colnr> <probs for GDERKNQSTAVLIFYWHMCP>
#	G	D	E	R	K	N	Q	S	T	A	V	L	I	F	Y	W	H	M	C	P
0	0.04640	0.27616	0.18707	0.02822	0.01252	0.19099	0.00857	0.12026	0.05757	0.02761	0.00725	0.00799	0.00569	0.00392	0.00331	0.00106	0.00506	0.00274	0.00226	0.00535
1	0.00850	0.00734	0.02986	0.12505	0.04613	0.00652	0.04305	0.04101	0.06443	0.05168	0.04945	0.03755	0.05239	0.01756	0.00384	0.00101	0.00352	0.00377	0.00269	0.40467
2	0.60792	0.00736	0.00646	0.00538	0.00808	0.00771	0.00438	0.01114	0.02357	0.01608	0.00668	0.00757	0.01915	0.00357	0.00263	0.00104	0.00298	0.00233	0.00245	0.25352
3	0.00802	0.00751	0.01216	0.47684	0.20660	0.00857	0.03007	0.01102	0.06793	0.01129	0.00943	0.02691	0.03726	0.00446	0.00421	0.00128	0.02630	0.01999	0.00211	0.02804
4	0.00495	0.00398	0.00435	0.00429	0.00543	0.00345	0.00319	0.00612	0.00931	0.01175	0.23827	0.03509	0.57774	0.05377	0.00544	0.00144	0.00207	0.02224	0.00374	0.00336
5	0.01100	0.00915	0.01326	0.14493	0.40143	0.02182	0.00989	0.22745	0.01141	0.05595	0.02026	0.01107	0.00721	0.01739	0.00418	0.00124	0.00455	0.01925	0.00265	0.00590
6	0.01029	0.00809	0.01232	0.37195	0.23765	0.00892	0.00982	0.12286	0.03686	0.11231	0.02525	0.01097	0.00707	0.00415	0.00393	0.00124	0.00459	0.00365	0.00259	0.00549
7	0.00471	0.00397	0.00408	0.00405	0.00534	0.00334	0.00304	0.00578	0.00912	0.01103	0.10844	0.03700	0.76718	0.00976	0.00463	0.00132	0.00197	0.00817	0.00370	0.00334
8	0.04410	0.00709	0.01153	0.74996	0.05363	0.00866	0.01042	0.01060	0.02125	0.03556	0.00732	0.01041	0.00546	0.00394	0.00386	0.00130	0.00502	0.00346	0.00191	0.00451
9	0.88991	0.00758	0.00576	0.00516	0.00758	0.00879	0.00425	0.01152	0.00667	0.01759	0.00546	0.00637	0.00425	0.00364	0.00243	0.00121	0.00303	0.00212	0.00243	0.00425
10	0.00534	0.00400	0.00495	0.00471	0.00573	0.00361	0.00354	0.00700	0.01061	0.01456	0.65548	0.03120	0.21794	0.00845	0.00463	0.00125	0.00188	0.00736	0.00416	0.00361
11	0.01727	0.00718	0.00941	0.00721	0.01026	0.00651	0.00596	0.11356	0.01207	0.74483	0.01476	0.01288	0.00935	0.00484	0.00394	0.00121	0.00345	0.00389	0.00474	0.00667
12	0.00676	0.00556	0.00761	0.00714	0.00797	0.02676	0.01553	0.04483	0.02170	0.01010	0.00976	0.01398	0.00895	0.02375	0.64638	0.00514	0.11697	0.00403	0.01323	0.00384
13	0.01317	0.00832	0.00918	0.00734	0.00986	0.00888	0.00596	0.42756	0.08499	0.16289	0.01181	0.01174	0.00843	0.00475	0.00366	0.00114	0.00347	0.00371	0.20720	0.00593
14	0.00856	0.00712	0.00776	0.00708	0.00891	0.00799	0.00546	0.01693	0.59391	0.01599	0.20641	0.04497	0.01818	0.00615	0.00414	0.00131	0.00275	0.00524	0.02568	0.00546
15	0.34126	0.00768	0.04242	0.48502	0.01890	0.00868	0.00839	0.01067	0.00742	0.01305	0.00649	0.00889	0.00492	0.00382	0.00333	0.00126	0.00436	0.00295	0.01615	0.00436
16	0.00567	0.00413	0.00536	0.00506	0.00602	0.00387	0.00383	0.00774	0.03100	0.01564	0.79503	0.02931	0.03601	0.00802	0.00463	0.00125	0.00192	0.02746	0.00429	0.00376
17	0.01445	0.01094	0.01143	0.00886	0.01192	0.04419	0.00726	0.71301	0.05225	0.03690	0.00956	0.00956	0.00685	0.00464	0.00387	0.00115	0.00430	0.00349	0.00380	0.04159
18	0.08486	0.00722	0.00856	0.00687	0.04239	0.01912	0.00526	0.01276	0.00895	0.24377	0.00921	0.00948	0.00677	0.00355	0.00320	0.00084	0.00317	0.00281	0.00302	0.51820
19	0.04155	0.01026	0.01382	0.01039	0.01365	0.01082	0.19538	0.50173	0.04759	0.10002	0.00979	0.01017	0.00693	0.00439	0.00404	0.00122	0.00466	0.00381	0.00352	0.00625
20	0.02153	0.00997	0.00790	0.00759	0.00883	0.31312	0.00577	0.03067	0.03799	0.01075	0.03850	0.12398	0.08300	0.10138	0.00644	0.00161	0.04788	0.13632	0.00283	0.00395
21	0.01246	0.01136	0.00907	0.00789	0.00988	0.35734	0.00608	0.10009	0.01191	0.15878	0.25681	0.01508	0.01562	0.00545	0.00397	0.00113	0.00456	0.00425	0.00341	0.00489
22	0.03071	0.01494	0.04443	0.01058	0.07089	0.51514	0.03375	0.03934	0.01094	0.18045	0.00826	0.00875	0.00614	0.00414	0.00368	0.00109	0.00591	0.00299	0.00264	0.00523
23	0.00740	0.00697	0.01176	0.85280	0.02700	0.00871	0.01089	0.01002	0.00784	0.01002	0.00697	0.01045	0.00523	0.00392	0.00392	0.00131	0.00523	0.00348	0.00174	0.00436
24	0.00603	0.00437	0.00593	0.00672	0.00756	0.00431	0.00564	0.00779	0.02475	0.01158	0.04249	0.17575	0.06525	0.01084	0.00526	0.00172	0.00325	0.60354	0.00364	0.00358
25	0.00500	0.00416	0.00440	0.00430	0.00559	0.00364	0.00324	0.00655	0.04205	0.01175	0.18270	0.03528	0.65884	0.00940	0.00461	0.00131	0.00201	0.00791	0.00378	0.00350
26	0.00936	0.30300	0.25993	0.00892	0.01205	0.01157	0.02049	0.02098	0.02678	0.04654	0.00695	0.00886	0.00586	0.03890	0.01701	0.00138	0.19140	0.00298	0.00193	0.00509
27	0.15271	0.00806	0.02228	0.00760	0.03018	0.00802	0.00612	0.20208	0.07072	0.38677	0.05662	0.01213	0.00963	0.00478	0.00373	0.00121	0.00349	0.00374	0.00404	0.00607
28	0.01740	0.00698	0.00929	0.00712	0.01016	0.00622	0.00588	0.07633	0.01173	0.78253	0.01504	0.01306	0.00949	0.00484	0.00394	0.00121	0.00341	0.00391	0.00479	0.00667
29	0.00767	0.00727	0.01240	0.75390	0.10675	0.00879	0.02776	0.01027	0.00798	0.01034	0.00703	0.01038	0.00534	0.00386	0.00393	0.00129	0.00520	0.00351	0.00177	0.00456
30	0.27214	0.01101	0.12941	0.01092	0.15798	0.04864	0.02885	0.20673	0.01071	0.06664	0.01775	0.00880	0.00608	0.00402	0.00345	0.00119	0.00430	0.00306	0.00273	0.00557
31	0.00547	0.00447	0.02558	0.00497	0.00609	0.00385	0.00386	0.00735	0.02680	0.01437	0.60289	0.06136	0.20154	0.00841	0.00461	0.00127	0.00202	0.00733	0.00408	0.00370
32	0.00478	0.00341	0.00455	0.00546	0.00569	0.00318	0.00364	0.00546	0.00751	0.01001	0.02161	0.85966	0.02593	0.01228	0.00500	0.00159	0.00227	0.01114	0.00364	0.00318
33	0.02829	0.01495	0.01200	0.11257	0.17999	0.54250	0.00877	0.01432	0.03103	0.01061	0.00667	0.00818	0.00547	0.00394	0.00364	0.00109	0.00619	0.00287	0.00203	0.00489
34	0.02127	0.05258	0.02571	0.20800	0.07808	0.04963	0.07678	0.03766	0.04335	0.09404	0.00861	0.01001	0.01590	0.00376	0.00358	0.00103	0.00431	0.00324	0.00245	0.26002
35	0.00629	0.00449	0.00563	0.00566	0.00641	0.00465	0.00405	0.02430	0.08776	0.03696	0.08369	0.26205	0.06741	0.17749	0.20181	0.00301	0.00457	0.00696	0.00318	0.00363
36	0.17772	0.00611	0.00613	0.00554	0.00720	0.04008	0.01740	0.05138	0.06823	0.01469	0.26495	0.03483	0.25145	0.00704	0.00403	0.00124	0.00265	0.00580	0.01412	0.01941
37	0.09674	0.00678	0.00705	0.00567	0.00807	0.03272	0.00448	0.10178	0.01775	0.04336	0.05497	0.01184	0.02368	0.01593	0.00336	0.00093	0.00290	0.00326	0.22054	0.33819
38	0.00957	0.52091	0.30875	0.00834	0.01251	0.02576	0.00941	0.01219	0.02509	0.01057	0.00626	0.00721	0.00517	0.00353	0.00299	0.00099	0.00475	0.00244	0.00173	0.02183
39	0.00609	0.00476	0.00541	0.00511	0.00643	0.00458	0.00387	0.00911	0.14560	0.02810	0.36774	0.04128	0.34057	0.00831	0.00452	0.00129	0.00214	0.00711	0.00400	0.00401
40	0.00878	0.04546	0.02520	0.03416	0.04379	0.21532	0.01619	0.01008	0.00771	0.00947	0.00821	0.01200	0.00760	0.06291	0.35388	0.00346	0.12610	0.00360	0.00200	0.00407
41	0.00474	0.00392	0.00416	0.00423	0.00539	0.00334	0.00312	0.00579	0.00901	0.01106	0.12045	0.12249	0.66880	0.00998	0.00467	0.00134	0.00200	0.00845	0.00371	0.00334
42	0.04567	0.00610	0.00731	0.00655	0.00809	0.00659	0.00500	0.02724	0.23655	0.17477	0.01306	0.01627	0.01093	0.18325	0.21950	0.00305	0.01766	0.00441	0.00326	0.00475
43	0.01465	0.00923	0.06917	0.00806	0.01117	0.00862	0.00696	0.25556	0.16501	0.38915	0.01318	0.01207	0.00889	0.00482	0.00393	0.00123	0.00376	0.00384	0.00419	0.00652
44	0.01072	0.64635	0.04631	0.00837	0.01187	0.01376	0.13141	0.01241	0.00840	0.06905	0.00659	0.00751	0.00550	0.00347	0.00298	0.00095	0.00455	0.00264	0.00195	0.00521
45	0.00681	0.00454	0.00599	0.00546	0.00668	0.00430	0.00420	0.02555	0.01035	0.07783	0.57797	0.02465	0.02837	0.01074	0.13285	0.00198	0.00341	0.01613	0.00390	0.04827
46	0.00915	0.13669	0.00954	0.04370	0.00896	0.00750	0.00544	0.14109	0.00865	0.05822	0.00834	0.01116	0.00719	0.01236	0.19083	0.26339	0.00526	0.00336	0.00237	0.06682
47	0.07364	0.00826	0.01289	0.38680	0.13226	0.00907	0.10561	0.11105	0.01866	0.03833	0.00768	0.00993	0.00580	0.00384	0.00383	0.00122	0.00481	0.00348	0.00227	0.06056

[dist]
# distance from previous block
# <min> <max>
2	16

[block]
# block no. 9 follows, 69 sequences, length 16
# corresponding to MSA columns:
# 736-751
name=unknown_J
#
# <colnr> <probs for GDERKNQSTAVLIFYWHMCP>
#	G	D	E	R	K	N	Q	S	T	A	V	L	I	F	Y	W	H	M	C	P
0	0.04789	0.12299	0.19252	0.04940	0.26656	0.19548	0.02405	0.01298	0.00907	0.03426	0.00690	0.00838	0.00550	0.00370	0.00355	0.00112	0.00533	0.00294	0.00196	0.00544
1	0.01244	0.00989	0.01192	0.07610	0.20285	0.05388	0.00833	0.41570	0.03401	0.05253	0.03811	0.01065	0.00784	0.00446	0.00387	0.00117	0.00434	0.00363	0.04224	0.00603
2	0.52127	0.00784	0.00919	0.17685	0.19462	0.00889	0.00728	0.01134	0.00740	0.01504	0.00618	0.00791	0.00487	0.00366	0.00304	0.00122	0.00382	0.00269	0.00218	0.00470
3	0.07716	0.00855	0.01199	0.01589	0.44432	0.05522	0.03099	0.01183	0.08385	0.01307	0.04050	0.04255	0.09309	0.00496	0.00393	0.00121	0.00406	0.02414	0.00253	0.03017
4	0.31306	0.00956	0.00950	0.00759	0.01044	0.01069	0.00625	0.48521	0.04857	0.05053	0.00855	0.00873	0.00617	0.00437	0.00342	0.00120	0.00379	0.00310	0.00345	0.00582
5	0.00692	0.00581	0.00674	0.00532	0.00787	0.00454	0.00414	0.00845	0.00856	0.01244	0.09970	0.07421	0.18098	0.00551	0.00358	0.00087	0.00256	0.00463	0.00289	0.55430
6	0.88991	0.00758	0.00576	0.00516	0.00758	0.00879	0.00425	0.01152	0.00667	0.01759	0.00546	0.00637	0.00425	0.00364	0.00243	0.00121	0.00303	0.00212	0.00243	0.00425
7	0.00586	0.00385	0.00497	0.00497	0.00516	0.00404	0.00324	0.00596	0.00577	0.00788	0.01093	0.02057	0.01180	0.49320	0.24681	0.14973	0.00558	0.00491	0.00219	0.00257
8	0.66868	0.00754	0.00673	0.00571	0.00829	0.00831	0.00470	0.04913	0.00814	0.19003	0.00773	0.00796	0.00549	0.00394	0.00281	0.00121	0.00315	0.00257	0.00300	0.00486
9	0.00486	0.00366	0.00452	0.00512	0.00573	0.00332	0.00361	0.00575	0.00816	0.01053	0.06358	0.54327	0.25373	0.01134	0.00491	0.00151	0.00225	0.05721	0.00367	0.00327
10	0.01244	0.00947	0.01004	0.00823	0.01082	0.02362	0.00660	0.41986	0.32694	0.04976	0.02855	0.01239	0.00963	0.02344	0.00427	0.00128	0.00373	0.00399	0.02870	0.00622
11	0.00477	0.00343	0.00453	0.00540	0.00567	0.00319	0.00361	0.00547	0.00756	0.01003	0.02235	0.82606	0.05905	0.01219	0.00499	0.00158	0.00226	0.01103	0.00364	0.00319
