[name]
unknown

[dist]
# distance from previous block
# <min> <max>
0	560

[block]
# block no. 0 follows, 68 sequences, length 19
# corresponding to MSA columns:
# 567-585
name=unknown_A
#
# <colnr> <probs for GDERKNQSTAVLIFYWHMCP>
#	G	D	E	R	K	N	Q	S	T	A	V	L	I	F	Y	W	H	M	C	P
0	0.04189	0.15940	0.08245	0.00902	0.01186	0.22309	0.03722	0.17339	0.08059	0.05325	0.00929	0.01072	0.02185	0.00465	0.00396	0.00116	0.03314	0.03493	0.00273	0.00540
1	0.08448	0.06836	0.05558	0.08558	0.01253	0.08379	0.02753	0.22251	0.02880	0.12196	0.00930	0.01010	0.01609	0.00509	0.02502	0.00130	0.05051	0.00333	0.03705	0.05109
2	0.00869	0.02343	0.07598	0.02993	0.08917	0.00620	0.00632	0.03245	0.09481	0.13583	0.21447	0.14648	0.05998	0.02847	0.02844	0.00151	0.00339	0.00600	0.00358	0.00485
3	0.00530	0.00388	0.00490	0.00545	0.00599	0.00365	0.00377	0.03795	0.00857	0.01139	0.11008	0.64942	0.11209	0.01141	0.00494	0.00153	0.00230	0.01022	0.00377	0.00343
4	0.03156	0.14566	0.12119	0.00955	0.01235	0.46703	0.02616	0.05516	0.04017	0.01130	0.00735	0.04118	0.00626	0.00432	0.00354	0.00108	0.00596	0.00304	0.00218	0.00496
5	0.05642	0.14886	0.07462	0.06959	0.02127	0.09052	0.03480	0.13557	0.07002	0.09027	0.01811	0.00983	0.01854	0.00411	0.00349	0.00106	0.00434	0.00317	0.00275	0.14263
6	0.00736	0.00447	0.00536	0.00500	0.00643	0.00389	0.00379	0.00864	0.00982	0.16599	0.22434	0.12974	0.39233	0.00891	0.00460	0.00133	0.00226	0.00761	0.00407	0.00406
7	0.00665	0.00502	0.00572	0.00532	0.00676	0.00487	0.00406	0.00999	0.16787	0.05198	0.35068	0.02912	0.32052	0.00814	0.00452	0.00130	0.00223	0.00694	0.00408	0.00422
8	0.03428	0.54144	0.17601	0.00773	0.01128	0.05327	0.00805	0.01228	0.04609	0.01081	0.03912	0.02995	0.00718	0.00401	0.00304	0.00100	0.00447	0.00284	0.00199	0.00514
9	0.03047	0.02960	0.03274	0.08074	0.03831	0.00848	0.07537	0.15573	0.13820	0.27019	0.05685	0.04445	0.01057	0.00506	0.00405	0.00126	0.00395	0.00433	0.00372	0.00593
10	0.00530	0.00400	0.00493	0.00517	0.00594	0.00373	0.00369	0.00693	0.04686	0.01249	0.29987	0.38295	0.18309	0.01018	0.00481	0.00142	0.00214	0.00902	0.00393	0.00356
11	0.05517	0.00718	0.00936	0.00743	0.01020	0.00683	0.03945	0.07375	0.10530	0.53686	0.03539	0.05252	0.03138	0.00538	0.00403	0.00126	0.00342	0.00448	0.00441	0.00620
12	0.06577	0.05419	0.16438	0.00790	0.01039	0.06250	0.00734	0.09765	0.10188	0.04109	0.15465	0.08765	0.04861	0.00611	0.00471	0.00129	0.07100	0.00482	0.00309	0.00498
13	0.05396	0.10386	0.03953	0.00903	0.01179	0.31444	0.00747	0.33430	0.01338	0.03704	0.00779	0.00843	0.00598	0.00507	0.02976	0.00126	0.00552	0.00299	0.00285	0.00555
14	0.01037	0.00793	0.00897	0.00685	0.00995	0.00732	0.00550	0.21346	0.08077	0.05603	0.00960	0.04247	0.00773	0.00411	0.00341	0.00088	0.00327	0.00330	0.02944	0.48864
15	0.04420	0.25015	0.37280	0.00908	0.01333	0.01123	0.01010	0.13476	0.03961	0.04116	0.00769	0.00854	0.00584	0.00471	0.02959	0.00129	0.00505	0.00290	0.00226	0.00569
16	0.03821	0.00897	0.03198	0.03040	0.01204	0.06449	0.10496	0.15901	0.03613	0.33810	0.01305	0.02224	0.04049	0.00583	0.03258	0.00142	0.01652	0.02052	0.01722	0.00584
17	0.00506	0.00449	0.03250	0.00458	0.00585	0.00360	0.00358	0.00629	0.00907	0.01155	0.13866	0.14723	0.55421	0.00966	0.00462	0.00134	0.00215	0.00821	0.04386	0.00348
18	0.00992	0.07543	0.03047	0.05909	0.01060	0.13671	0.03056	0.04757	0.15346	0.08832	0.03567	0.11607	0.06008	0.06651	0.00520	0.00145	0.00407	0.04144	0.02261	0.00479

[dist]
# distance from previous block
# <min> <max>
16	72

[block]
# block no. 1 follows, 68 sequences, length 26
# corresponding to MSA columns:
# 663-688
name=unknown_B
#
# <colnr> <probs for GDERKNQSTAVLIFYWHMCP>
#	G	D	E	R	K	N	Q	S	T	A	V	L	I	F	Y	W	H	M	C	P
0	0.00507	0.00377	0.00477	0.00535	0.00591	0.00347	0.00368	0.00614	0.02498	0.01087	0.08899	0.64860	0.12733	0.01138	0.00490	0.00151	0.00226	0.01020	0.00371	0.02710
1	0.02288	0.07922	0.05048	0.00807	0.02659	0.06946	0.03753	0.12041	0.09465	0.03768	0.00872	0.02483	0.00703	0.00461	0.02468	0.00108	0.02105	0.00314	0.00269	0.35518
2	0.16301	0.00873	0.04226	0.00800	0.03373	0.04060	0.04778	0.11363	0.12909	0.08120	0.02918	0.02951	0.03392	0.00531	0.02448	0.00127	0.00387	0.02406	0.00309	0.17729
3	0.06133	0.00957	0.01320	0.09051	0.24236	0.08507	0.09213	0.05830	0.03478	0.10592	0.02464	0.01028	0.00701	0.00438	0.00501	0.00126	0.11016	0.00358	0.00253	0.03797
4	0.00963	0.00678	0.00929	0.00808	0.02594	0.00697	0.08101	0.13139	0.08044	0.13993	0.11939	0.21617	0.06176	0.02012	0.00529	0.00141	0.06139	0.00638	0.00369	0.00493
5	0.00789	0.00644	0.01117	0.07851	0.03276	0.00638	0.21194	0.02760	0.00884	0.07666	0.03276	0.32866	0.01620	0.00792	0.00497	0.00147	0.02922	0.08936	0.01686	0.00438
6	0.08840	0.03345	0.01207	0.01049	0.08013	0.12437	0.08920	0.24696	0.13156	0.01656	0.02296	0.05071	0.00828	0.00486	0.00427	0.00123	0.04306	0.00391	0.00301	0.02450
7	0.00945	0.00968	0.01837	0.09303	0.47114	0.00959	0.30486	0.01218	0.00905	0.01262	0.00763	0.01020	0.00610	0.00350	0.00420	0.00125	0.00547	0.00395	0.00196	0.00578
8	0.00518	0.00386	0.00479	0.00524	0.00586	0.00360	0.00368	0.00643	0.03112	0.01135	0.16480	0.47295	0.17187	0.05255	0.00566	0.00161	0.00232	0.03999	0.00375	0.00339
9	0.00819	0.00529	0.00638	0.00609	0.00724	0.00532	0.00443	0.09538	0.09040	0.11091	0.07235	0.35684	0.04220	0.12601	0.02973	0.00189	0.00312	0.00751	0.01648	0.00426
10	0.00897	0.56252	0.01592	0.00677	0.00920	0.01216	0.00626	0.01027	0.00746	0.00930	0.00712	0.00936	0.00662	0.01188	0.27049	0.00263	0.03381	0.00284	0.00183	0.00457
11	0.03315	0.00497	0.00593	0.00596	0.00697	0.00495	0.00432	0.11817	0.03054	0.04735	0.07366	0.53381	0.09453	0.01013	0.00471	0.00147	0.00262	0.00895	0.00379	0.00400
12	0.00500	0.00394	0.00451	0.00456	0.00560	0.00345	0.00335	0.00622	0.00949	0.01224	0.28553	0.16439	0.45801	0.00981	0.00474	0.00135	0.00201	0.00845	0.00390	0.00345
13	0.00951	0.00675	0.00808	0.00703	0.00893	0.00705	0.03453	0.13762	0.22807	0.09571	0.16434	0.09757	0.07923	0.00680	0.00427	0.00130	0.00302	0.03216	0.06291	0.00514
14	0.01472	0.01093	0.01170	0.00905	0.01216	0.01213	0.00745	0.76792	0.07401	0.02441	0.00997	0.00988	0.00711	0.00480	0.00397	0.00120	0.00428	0.00363	0.00397	0.00671
15	0.39898	0.00861	0.00817	0.00672	0.00931	0.03204	0.00547	0.27039	0.01132	0.12503	0.00874	0.00935	0.00642	0.02597	0.00363	0.00126	0.00358	0.00303	0.05668	0.00531
16	0.00559	0.00400	0.00497	0.00545	0.00587	0.00391	0.00374	0.02259	0.03094	0.01031	0.04028	0.46094	0.05732	0.23391	0.00899	0.00218	0.00288	0.08953	0.00338	0.00322
17	0.08404	0.01060	0.01182	0.06304	0.06065	0.14674	0.08267	0.23631	0.05545	0.14496	0.00978	0.03513	0.00739	0.00465	0.00414	0.00123	0.02882	0.00372	0.00317	0.00569
18	0.04535	0.01028	0.01037	0.00852	0.01105	0.18350	0.04636	0.14780	0.11113	0.27142	0.05252	0.01235	0.02136	0.00541	0.02007	0.00131	0.02797	0.00386	0.00363	0.00576
19	0.00856	0.03265	0.30458	0.00907	0.01229	0.00732	0.08783	0.01145	0.02988	0.11589	0.09412	0.13652	0.06412	0.00626	0.00466	0.00134	0.04376	0.02176	0.00289	0.00505
20	0.05919	0.00631	0.00732	0.00622	0.00828	0.00622	0.00491	0.13905	0.05778	0.26418	0.07417	0.10614	0.12804	0.02045	0.00430	0.00130	0.00295	0.00544	0.09259	0.00516
21	0.01072	0.24957	0.19787	0.00984	0.04381	0.07350	0.06821	0.03792	0.00901	0.11304	0.00861	0.04190	0.01785	0.00458	0.00458	0.00119	0.09665	0.00343	0.00232	0.00536
22	0.02803	0.07077	0.07566	0.00830	0.01118	0.07215	0.07913	0.14867	0.04645	0.22253	0.06496	0.03598	0.10785	0.00547	0.00402	0.00122	0.00408	0.00454	0.00350	0.00553
23	0.00829	0.00562	0.00644	0.00583	0.00749	0.00558	0.00449	0.05703	0.16945	0.12377	0.15524	0.07789	0.27647	0.02553	0.03344	0.00153	0.00287	0.00646	0.02198	0.00461
24	0.03895	0.05145	0.05015	0.02138	0.07552	0.09606	0.04023	0.11739	0.04900	0.08807	0.05785	0.08196	0.04924	0.00605	0.00529	0.00133	0.12004	0.04195	0.00298	0.00509
25	0.08983	0.07314	0.06268	0.12774	0.04819	0.11932	0.03319	0.12305	0.03685	0.10713	0.00858	0.03213	0.00674	0.00470	0.00474	0.00125	0.10139	0.00346	0.01062	0.00527

[dist]
# distance from previous block
# <min> <max>
3	21

[block]
# block no. 2 follows, 68 sequences, length 32
# corresponding to MSA columns:
# 710-741
name=unknown_C
#
# <colnr> <probs for GDERKNQSTAVLIFYWHMCP>
#	G	D	E	R	K	N	Q	S	T	A	V	L	I	F	Y	W	H	M	C	P
0	0.03298	0.34189	0.18526	0.00873	0.01228	0.02787	0.04699	0.10237	0.07930	0.06904	0.00819	0.01883	0.00646	0.00416	0.00376	0.00112	0.03971	0.00307	0.00242	0.00557
1	0.03377	0.06763	0.03119	0.00732	0.00941	0.05252	0.02936	0.10936	0.14324	0.13894	0.04593	0.20014	0.06682	0.01961	0.00443	0.00135	0.00351	0.02680	0.00360	0.00506
2	0.00592	0.01756	0.00588	0.00555	0.00641	0.00437	0.02491	0.00711	0.02953	0.02292	0.09965	0.21361	0.15304	0.17466	0.14968	0.02831	0.00415	0.01198	0.00310	0.03166
3	0.01123	0.12874	0.07800	0.05582	0.02347	0.03885	0.04931	0.07819	0.06073	0.18759	0.03155	0.04500	0.00904	0.00465	0.00371	0.00111	0.00405	0.02748	0.00305	0.15843
4	0.01098	0.02123	0.03360	0.01001	0.02576	0.06994	0.16063	0.14579	0.06296	0.12092	0.07028	0.04833	0.02610	0.02929	0.02552	0.00151	0.12427	0.00452	0.00307	0.00528
5	0.00777	0.04203	0.00958	0.02973	0.00887	0.00862	0.00646	0.00833	0.00653	0.00958	0.04487	0.02841	0.02841	0.05158	0.04662	0.16080	0.42667	0.00394	0.01902	0.05220
6	0.00925	0.00874	0.01509	0.22701	0.51237	0.00914	0.07805	0.01197	0.03258	0.02800	0.00810	0.02744	0.00665	0.00388	0.00402	0.00124	0.00490	0.00382	0.00207	0.00569
7	0.00953	0.02783	0.06441	0.06085	0.06276	0.03695	0.16902	0.08507	0.09357	0.08047	0.02830	0.09185	0.11048	0.00581	0.00448	0.00130	0.02505	0.01630	0.00300	0.02296
8	0.00932	0.00771	0.02674	0.00779	0.00961	0.07340	0.05579	0.03926	0.07685	0.11639	0.02964	0.21975	0.04300	0.00780	0.03809	0.00150	0.10193	0.00567	0.01443	0.11533
9	0.00547	0.00367	0.00486	0.00558	0.00599	0.00342	0.00383	0.00626	0.00787	0.04457	0.03914	0.72489	0.04593	0.03703	0.00546	0.00166	0.00243	0.04486	0.00371	0.00338
10	0.02056	0.03089	0.79763	0.01129	0.01702	0.00931	0.03425	0.01254	0.00837	0.01259	0.00709	0.00837	0.00504	0.00375	0.00376	0.00125	0.00582	0.00295	0.00169	0.00581
11	0.00731	0.00727	0.08668	0.10893	0.11478	0.00627	0.03958	0.00987	0.05409	0.04183	0.05514	0.09679	0.17615	0.00752	0.00455	0.00142	0.00375	0.17048	0.00307	0.00451
12	0.00590	0.00435	0.00606	0.00606	0.00670	0.00490	0.00452	0.00749	0.05163	0.00936	0.01179	0.06953	0.01163	0.15217	0.59517	0.03360	0.00844	0.00490	0.00236	0.00344
13	0.50212	0.00742	0.00728	0.00606	0.00872	0.00786	0.00498	0.05027	0.03129	0.29852	0.01047	0.01016	0.03109	0.00438	0.00315	0.00123	0.00320	0.00309	0.00344	0.00527
14	0.00565	0.00399	0.00503	0.00506	0.00538	0.00419	0.00336	0.00622	0.00620	0.00844	0.01358	0.04241	0.05828	0.50155	0.30924	0.00454	0.00609	0.00550	0.00240	0.00287
15	0.00598	0.00398	0.00511	0.00565	0.00616	0.00379	0.00386	0.02779	0.02580	0.05615	0.02081	0.70089	0.03935	0.06721	0.00593	0.00171	0.00253	0.01011	0.00368	0.00352
16	0.00592	0.00430	0.00556	0.00579	0.00656	0.00412	0.01975	0.01941	0.05322	0.03375	0.12104	0.47097	0.11310	0.05740	0.00573	0.00164	0.00258	0.06181	0.00372	0.00364
17	0.00824	0.00818	0.01450	0.01854	0.01334	0.01851	0.33614	0.02649	0.00811	0.01139	0.04305	0.03885	0.00940	0.09259	0.08911	0.00216	0.20979	0.02245	0.02471	0.00444
18	0.00690	0.00401	0.00548	0.00528	0.00579	0.00394	0.00374	0.04009	0.00793	0.02402	0.26595	0.06413	0.01760	0.01117	0.01055	0.48624	0.00288	0.00506	0.02646	0.00277
19	0.00701	0.00484	0.00568	0.00568	0.00655	0.00493	0.00399	0.01813	0.16757	0.05438	0.05357	0.31189	0.06710	0.18174	0.00814	0.03848	0.00284	0.00733	0.04629	0.00386
20	0.00584	0.00406	0.00499	0.00511	0.00603	0.00372	0.00372	0.00729	0.02842	0.04947	0.26875	0.31755	0.21924	0.00980	0.00472	0.00140	0.00218	0.02404	0.02999	0.00366
21	0.04828	0.00966	0.03471	0.02848	0.09122	0.08177	0.04086	0.21411	0.12848	0.13408	0.02491	0.03133	0.05335	0.02889	0.00459	0.00131	0.02058	0.00418	0.01351	0.00570
22	0.03791	0.00600	0.00736	0.00636	0.00796	0.01967	0.02389	0.06470	0.05501	0.23159	0.09866	0.07549	0.05662	0.18510	0.06415	0.00215	0.02021	0.00533	0.02722	0.00461
23	0.04095	0.00495	0.00618	0.00586	0.00720	0.00467	0.00438	0.03412	0.03839	0.20542	0.15829	0.33807	0.08488	0.02894	0.00491	0.00146	0.00263	0.02029	0.00403	0.00438
24	0.09632	0.01539	0.46614	0.01074	0.01527	0.00946	0.11479	0.09502	0.04339	0.05157	0.00809	0.00922	0.00585	0.00443	0.01812	0.00136	0.02356	0.00329	0.00228	0.00571
25	0.01076	0.08893	0.08958	0.04950	0.25598	0.04871	0.00917	0.08284	0.15944	0.08536	0.02002	0.03346	0.00824	0.00457	0.00417	0.00122	0.03563	0.00377	0.00278	0.00587
26	0.03695	0.12805	0.13735	0.05005	0.18109	0.00907	0.00848	0.09353	0.00969	0.01344	0.10824	0.02687	0.11049	0.00582	0.02033	0.00131	0.04720	0.00434	0.00260	0.00510
27	0.04364	0.08974	0.02642	0.03345	0.09490	0.07644	0.01924	0.08837	0.04471	0.20517	0.08939	0.05021	0.07979	0.00570	0.00398	0.00122	0.00384	0.03505	0.00340	0.00533
28	0.08249	0.00818	0.03446	0.00901	0.04465	0.02220	0.07519	0.10737	0.02765	0.20127	0.04914	0.05051	0.01998	0.06303	0.00654	0.00151	0.14003	0.02593	0.00320	0.02768
29	0.05484	0.01174	0.22200	0.04995	0.06969	0.06096	0.00872	0.16752	0.05385	0.06900	0.01215	0.08294	0.06871	0.00528	0.00391	0.00123	0.00438	0.00428	0.00288	0.04595
30	0.04853	0.05332	0.08741	0.08705	0.19825	0.02183	0.08167	0.07508	0.04604	0.13748	0.05354	0.01296	0.04501	0.02935	0.00440	0.00130	0.00440	0.00401	0.00283	0.00555
31	0.05722	0.06589	0.05153	0.00788	0.01069	0.06861	0.00670	0.29119	0.07534	0.12570	0.09152	0.03174	0.01052	0.00499	0.00391	0.00116	0.01598	0.00387	0.00350	0.07205

[dist]
# distance from previous block
# <min> <max>
5	37

[block]
# block no. 3 follows, 68 sequences, length 7
# corresponding to MSA columns:
# 786-792
name=unknown_D
#
# <colnr> <probs for GDERKNQSTAVLIFYWHMCP>
#	G	D	E	R	K	N	Q	S	T	A	V	L	I	F	Y	W	H	M	C	P
0	0.14102	0.04988	0.08759	0.06175	0.12164	0.05733	0.12463	0.02793	0.05149	0.10393	0.04160	0.02597	0.00790	0.00431	0.00406	0.00122	0.03449	0.00364	0.00260	0.04703
1	0.02874	0.03850	0.04833	0.08780	0.22767	0.12412	0.05052	0.06587	0.02961	0.11338	0.05130	0.02857	0.00894	0.02408	0.00427	0.00124	0.00468	0.01851	0.00270	0.04118
2	0.02604	0.13175	0.08729	0.03760	0.05277	0.07785	0.02891	0.04432	0.08534	0.14339	0.06660	0.11812	0.02646	0.00581	0.00427	0.00125	0.03557	0.01842	0.00307	0.00518
3	0.11869	0.04490	0.27183	0.02982	0.03338	0.03794	0.09428	0.10051	0.07662	0.12031	0.02854	0.01015	0.00722	0.00419	0.00375	0.00123	0.00475	0.00343	0.00274	0.00571
4	0.01124	0.05830	0.08792	0.02787	0.07553	0.11895	0.02666	0.08949	0.08759	0.16413	0.06206	0.12018	0.02648	0.00575	0.00419	0.00125	0.01903	0.00476	0.00324	0.00538
5	0.00690	0.00407	0.00536	0.00526	0.00550	0.00418	0.00349	0.03916	0.03432	0.00838	0.00953	0.04903	0.00994	0.24082	0.04464	0.51665	0.00379	0.00444	0.00217	0.00239
6	0.01102	0.28664	0.01584	0.01335	0.28053	0.07279	0.03024	0.10125	0.06017	0.03506	0.02717	0.01037	0.00750	0.00413	0.00355	0.00110	0.00452	0.02670	0.00241	0.00567

[dist]
# distance from previous block
# <min> <max>
7	28

[block]
# block no. 4 follows, 68 sequences, length 9
# corresponding to MSA columns:
# 822-830
name=unknown_E
#
# <colnr> <probs for GDERKNQSTAVLIFYWHMCP>
#	G	D	E	R	K	N	Q	S	T	A	V	L	I	F	Y	W	H	M	C	P
0	0.01049	0.04869	0.00914	0.00747	0.00972	0.00890	0.00592	0.11441	0.46615	0.10064	0.05277	0.07042	0.06585	0.00604	0.00409	0.00130	0.00318	0.00502	0.00397	0.00583
1	0.01044	0.00832	0.00968	0.06310	0.06073	0.00916	0.00681	0.14885	0.43775	0.05589	0.01379	0.07901	0.01103	0.00545	0.00402	0.00127	0.00350	0.00459	0.00366	0.06295
2	0.02444	0.05666	0.01140	0.00882	0.05048	0.00884	0.05390	0.21202	0.07571	0.17410	0.01023	0.02895	0.00771	0.00443	0.00410	0.00109	0.04214	0.00355	0.00330	0.21813
3	0.00918	0.14757	0.58270	0.01030	0.01532	0.01021	0.03264	0.04065	0.05505	0.04915	0.00786	0.00875	0.00573	0.00387	0.00363	0.00120	0.00532	0.00301	0.00204	0.00582
4	0.00743	0.00693	0.01134	0.61939	0.09748	0.00836	0.01002	0.00971	0.00794	0.01038	0.00968	0.08079	0.04451	0.00506	0.00461	0.00136	0.05420	0.00437	0.00202	0.00443
5	0.01041	0.62991	0.10309	0.00754	0.01083	0.10326	0.00749	0.01196	0.00840	0.00975	0.00680	0.06184	0.00645	0.00409	0.00294	0.00096	0.00459	0.00284	0.00186	0.00499
6	0.02394	0.00953	0.13104	0.01850	0.02731	0.01800	0.02788	0.05792	0.37369	0.07938	0.05239	0.09615	0.02293	0.00601	0.00416	0.00135	0.00368	0.03697	0.00355	0.00563
7	0.00565	0.00382	0.00449	0.00458	0.00468	0.00382	0.00272	0.00586	0.00620	0.00833	0.04204	0.12218	0.01637	0.69348	0.05668	0.00361	0.00391	0.00638	0.00261	0.00260
8	0.00599	0.00432	0.00502	0.00493	0.00613	0.00390	0.00369	0.00769	0.04732	0.06046	0.24217	0.15649	0.40141	0.00940	0.00469	0.00136	0.00218	0.02513	0.00395	0.00377

[dist]
# distance from previous block
# <min> <max>
1	2

[block]
# block no. 5 follows, 68 sequences, length 7
# corresponding to MSA columns:
# 833-839
name=unknown_F
#
# <colnr> <probs for GDERKNQSTAVLIFYWHMCP>
#	G	D	E	R	K	N	Q	S	T	A	V	L	I	F	Y	W	H	M	C	P
0	0.00648	0.00405	0.00512	0.00557	0.00627	0.00389	0.00408	0.03102	0.00856	0.05242	0.04778	0.49809	0.02177	0.01002	0.00459	0.00147	0.00249	0.11306	0.16964	0.00366
1	0.00546	0.00388	0.00462	0.00470	0.00509	0.00379	0.00304	0.00604	0.00715	0.00950	0.11033	0.13133	0.13802	0.45602	0.09140	0.00314	0.00379	0.00685	0.00295	0.00290
2	0.00840	0.00675	0.00723	0.00669	0.00843	0.00742	0.00512	0.05753	0.45770	0.01525	0.05555	0.11749	0.12637	0.00685	0.00414	0.00132	0.00276	0.00580	0.09403	0.00517
3	0.00829	0.00787	0.01335	0.56515	0.30700	0.00902	0.01141	0.01084	0.00831	0.01111	0.00719	0.01031	0.00563	0.00381	0.00395	0.00127	0.00509	0.00353	0.00183	0.00505
4	0.00954	0.00782	0.01007	0.00734	0.01081	0.00660	0.08148	0.08915	0.04000	0.05678	0.00816	0.00909	0.00640	0.00334	0.00329	0.00078	0.00345	0.00285	0.00267	0.64037
5	0.00899	0.00489	0.00609	0.00552	0.00703	0.00441	0.00419	0.01054	0.03583	0.25108	0.18674	0.12930	0.21135	0.08789	0.00598	0.00157	0.00266	0.02746	0.00406	0.00441
6	0.00730	0.00634	0.00694	0.00672	0.00760	0.10853	0.00512	0.04098	0.00768	0.00998	0.02754	0.03755	0.03652	0.10115	0.46529	0.04755	0.02825	0.04294	0.00239	0.00362

[dist]
# distance from previous block
# <min> <max>
0	1

[block]
# block no. 6 follows, 68 sequences, length 13
# corresponding to MSA columns:
# 841-848,850-854
name=unknown_G
#
# <colnr> <probs for GDERKNQSTAVLIFYWHMCP>
#	G	D	E	R	K	N	Q	S	T	A	V	L	I	F	Y	W	H	M	C	P
0	0.00797	0.00780	0.04781	0.09932	0.01172	0.05978	0.07421	0.07851	0.04943	0.01262	0.09604	0.24044	0.02697	0.00799	0.01964	0.00152	0.09345	0.05737	0.00302	0.00439
1	0.00560	0.00389	0.00482	0.00516	0.00595	0.00353	0.00373	0.00669	0.00878	0.04486	0.15237	0.41477	0.23346	0.01052	0.00481	0.00146	0.00226	0.05301	0.03082	0.00351
2	0.00722	0.00466	0.00636	0.00623	0.00738	0.00437	0.04256	0.00882	0.03483	0.11001	0.06666	0.33220	0.12354	0.02813	0.00506	0.00153	0.00283	0.14056	0.06308	0.00397
3	0.00800	0.01916	0.74827	0.01189	0.05479	0.00908	0.04352	0.01235	0.00846	0.01253	0.00812	0.00938	0.02900	0.00392	0.00383	0.00126	0.00573	0.00318	0.00176	0.00579
4	0.01141	0.01079	0.00938	0.02306	0.01040	0.23975	0.00638	0.25341	0.08362	0.01581	0.11054	0.03833	0.07979	0.00663	0.03480	0.00138	0.02638	0.00444	0.02863	0.00506
5	0.00830	0.01770	0.66876	0.01025	0.01550	0.00852	0.01266	0.03205	0.00880	0.03342	0.04288	0.00942	0.00667	0.00391	0.00372	0.00118	0.00526	0.00309	0.00200	0.10591
6	0.01071	0.03405	0.10876	0.01079	0.01429	0.00859	0.28536	0.08097	0.08835	0.15408	0.03685	0.02618	0.04221	0.00450	0.00414	0.00122	0.00472	0.00432	0.00300	0.07691
7	0.00708	0.00598	0.00859	0.30909	0.01454	0.02350	0.00720	0.02295	0.02261	0.02872	0.05608	0.11562	0.06002	0.02912	0.17763	0.00248	0.06248	0.03972	0.00256	0.00404
8	0.04186	0.00465	0.00570	0.00586	0.00694	0.00458	0.00461	0.00869	0.07560	0.03065	0.26243	0.16135	0.12510	0.00927	0.00477	0.00147	0.00262	0.22336	0.01663	0.00388
9	0.00971	0.00931	0.01590	0.06190	0.79919	0.00939	0.01212	0.01208	0.00898	0.01283	0.00744	0.00985	0.00624	0.00355	0.00393	0.00118	0.00474	0.00353	0.00195	0.00620
10	0.00963	0.12299	0.01013	0.02139	0.00964	0.10468	0.02661	0.16549	0.06028	0.02336	0.16656	0.10494	0.08444	0.00646	0.00406	0.00120	0.00370	0.02856	0.00331	0.04259
11	0.02309	0.01004	0.06100	0.00905	0.04910	0.11424	0.03745	0.12041	0.20209	0.09521	0.05370	0.02319	0.03387	0.00527	0.00399	0.00121	0.00411	0.05730	0.00333	0.09235
12	0.02742	0.05817	0.07810	0.00891	0.04255	0.04279	0.03077	0.23045	0.04476	0.21678	0.01008	0.01024	0.00723	0.00482	0.02035	0.00122	0.02681	0.00338	0.00332	0.13187

[dist]
# distance from previous block
# <min> <max>
0	3

[block]
# block no. 7 follows, 68 sequences, length 10
# corresponding to MSA columns:
# 858-867
name=unknown_H
#
# <colnr> <probs for GDERKNQSTAVLIFYWHMCP>
#	G	D	E	R	K	N	Q	S	T	A	V	L	I	F	Y	W	H	M	C	P
0	0.00497	0.00390	0.00445	0.00464	0.00557	0.00344	0.00336	0.00602	0.00892	0.01134	0.16828	0.23011	0.45061	0.04824	0.00548	0.00151	0.00218	0.02989	0.00374	0.00335
1	0.00865	0.00799	0.01308	0.38487	0.38139	0.00885	0.01075	0.01165	0.05931	0.01205	0.00814	0.01074	0.00643	0.00390	0.00388	0.00124	0.00470	0.00360	0.05347	0.00531
2	0.02926	0.06800	0.02358	0.00714	0.00874	0.01823	0.03180	0.08550	0.05166	0.05554	0.04233	0.21177	0.07353	0.00876	0.00465	0.00149	0.00343	0.26671	0.00351	0.00435
3	0.14119	0.00644	0.00790	0.07901	0.00957	0.02727	0.00586	0.00987	0.00763	0.10834	0.04401	0.15058	0.01228	0.10472	0.05151	0.00199	0.18737	0.03750	0.00282	0.00413
4	0.00701	0.00453	0.00537	0.00520	0.00638	0.00425	0.00391	0.01960	0.04458	0.09624	0.15547	0.12154	0.26369	0.09233	0.02157	0.00168	0.00269	0.06862	0.07146	0.00388
5	0.00615	0.00522	0.02526	0.00645	0.00744	0.00489	0.11475	0.00704	0.00689	0.00916	0.01560	0.02345	0.13787	0.44793	0.14285	0.02270	0.00503	0.00567	0.00247	0.00318
6	0.00921	0.08248	0.05690	0.29107	0.34332	0.06125	0.02858	0.01182	0.02837	0.01154	0.00771	0.01078	0.00638	0.00399	0.00386	0.00122	0.00504	0.02917	0.00197	0.00533
7	0.00711	0.04075	0.00656	0.00557	0.00697	0.04985	0.00429	0.02542	0.07811	0.04638	0.45841	0.04554	0.19434	0.00778	0.00445	0.00125	0.00250	0.00664	0.00396	0.00413
8	0.00484	0.00376	0.00432	0.00471	0.00549	0.00333	0.00329	0.00568	0.00830	0.01045	0.05466	0.39110	0.41644	0.05779	0.00570	0.00159	0.00223	0.00944	0.00363	0.00325
9	0.06444	0.00596	0.03025	0.00538	0.00725	0.00568	0.00442	0.09480	0.03993	0.17435	0.01377	0.01431	0.04491	0.00487	0.00327	0.00107	0.00264	0.00385	0.47406	0.00477

[dist]
# distance from previous block
# <min> <max>
0	1

[block]
# block no. 8 follows, 68 sequences, length 8
# corresponding to MSA columns:
# 869-876
name=unknown_I
#
# <colnr> <probs for GDERKNQSTAVLIFYWHMCP>
#	G	D	E	R	K	N	Q	S	T	A	V	L	I	F	Y	W	H	M	C	P
0	0.00643	0.00499	0.00600	0.01969	0.00721	0.03039	0.02518	0.00797	0.04374	0.04866	0.09455	0.26113	0.24655	0.07591	0.00613	0.00164	0.01927	0.08729	0.00355	0.00371
1	0.05306	0.00676	0.00803	0.00657	0.00897	0.00659	0.00526	0.12492	0.08135	0.40214	0.01669	0.04211	0.09361	0.04591	0.00468	0.00135	0.00320	0.00462	0.07851	0.00568
2	0.00714	0.00442	0.00561	0.00510	0.00641	0.00396	0.00390	0.00881	0.01084	0.13004	0.57250	0.02894	0.18102	0.00802	0.00458	0.00126	0.00211	0.00695	0.00431	0.00409
3	0.00978	0.00932	0.01505	0.01954	0.55003	0.00959	0.09122	0.01443	0.21240	0.01383	0.00967	0.01114	0.00770	0.00397	0.00403	0.00123	0.00452	0.00388	0.00248	0.00619
4	0.00921	0.00885	0.02662	0.17734	0.05273	0.10102	0.05389	0.06681	0.00854	0.03235	0.00829	0.02498	0.00754	0.14338	0.03707	0.00188	0.16467	0.00389	0.00223	0.06872
5	0.00884	0.04920	0.01255	0.01015	0.01087	0.07192	0.07177	0.01001	0.00684	0.00974	0.00627	0.00959	0.00592	0.00951	0.12882	0.00227	0.56599	0.00354	0.00183	0.00436
6	0.39561	0.04666	0.09360	0.00842	0.03707	0.23611	0.02353	0.06810	0.00925	0.03987	0.00654	0.00744	0.00505	0.00389	0.00314	0.00116	0.00473	0.00258	0.00239	0.00489
7	0.00881	0.00911	0.01580	0.01235	0.01420	0.01046	0.33230	0.01170	0.09082	0.01155	0.00856	0.06763	0.00765	0.00572	0.00824	0.00153	0.37191	0.00458	0.00221	0.00486

[dist]
# distance from previous block
# <min> <max>
3	6

[block]
# block no. 9 follows, 68 sequences, length 27
# corresponding to MSA columns:
# 900-926
name=unknown_J
#
# <colnr> <probs for GDERKNQSTAVLIFYWHMCP>
#	G	D	E	R	K	N	Q	S	T	A	V	L	I	F	Y	W	H	M	C	P
0	0.09773	0.00574	0.00691	0.00588	0.00795	0.00534	0.00465	0.01989	0.04097	0.36350	0.16743	0.06336	0.16343	0.02380	0.00447	0.00133	0.00278	0.00559	0.00419	0.00507
1	0.00877	0.01051	0.08315	0.05177	0.03503	0.00938	0.58717	0.01190	0.00923	0.01274	0.08905	0.01226	0.00896	0.00405	0.00497	0.00134	0.04771	0.00466	0.00219	0.00516
2	0.00994	0.02816	0.00935	0.09081	0.01139	0.16300	0.00663	0.09989	0.19548	0.03017	0.07896	0.01769	0.13312	0.00614	0.00475	0.00129	0.06472	0.04038	0.00319	0.00493
3	0.03204	0.00942	0.01022	0.00842	0.01072	0.06208	0.01859	0.38351	0.08657	0.11730	0.01176	0.09159	0.00983	0.03624	0.00535	0.00139	0.07005	0.02556	0.00364	0.00574
4	0.00517	0.00428	0.00507	0.08773	0.00765	0.00397	0.00400	0.00641	0.00899	0.01121	0.13840	0.09647	0.53755	0.04067	0.00523	0.00145	0.00244	0.02630	0.00353	0.00347
5	0.00605	0.00475	0.00560	0.00586	0.00699	0.01420	0.00469	0.02451	0.06099	0.01227	0.11614	0.12360	0.30000	0.00993	0.00493	0.00152	0.00278	0.28767	0.00375	0.00375
6	0.00994	0.01102	0.09982	0.01369	0.01742	0.00976	0.50874	0.08942	0.10108	0.04348	0.00936	0.01114	0.00698	0.00501	0.04311	0.00154	0.00606	0.00434	0.00249	0.00560
7	0.02678	0.09704	0.01129	0.03962	0.01153	0.37562	0.00700	0.16666	0.05725	0.04383	0.00917	0.00986	0.03229	0.00454	0.00381	0.00110	0.02750	0.00318	0.06683	0.00510
8	0.00492	0.00349	0.00457	0.00540	0.00561	0.00328	0.00355	0.00554	0.00741	0.00988	0.02093	0.77616	0.02506	0.09592	0.00655	0.00183	0.00245	0.01073	0.00355	0.00314
9	0.00941	0.03579	0.01280	0.01011	0.01260	0.03110	0.22600	0.06281	0.38153	0.01462	0.01386	0.13123	0.01193	0.00579	0.00432	0.00136	0.00420	0.02175	0.00330	0.00549
10	0.00644	0.04050	0.00763	0.08965	0.00933	0.04436	0.00565	0.00790	0.00684	0.00932	0.01025	0.04123	0.00966	0.04347	0.64323	0.00519	0.00925	0.00427	0.00212	0.00370
11	0.00645	0.00622	0.08808	0.00632	0.00726	0.00565	0.00510	0.00805	0.05860	0.00929	0.01092	0.01863	0.01105	0.37736	0.26967	0.03709	0.06383	0.00470	0.00228	0.00344
12	0.00866	0.09815	0.44461	0.00957	0.01382	0.00863	0.06168	0.02658	0.02555	0.06384	0.03627	0.09711	0.01946	0.00488	0.00384	0.00121	0.00477	0.00409	0.00235	0.06491
13	0.00930	0.00975	0.01246	0.01061	0.01096	0.09403	0.03748	0.01027	0.00670	0.00967	0.00540	0.00860	0.00522	0.00653	0.01179	0.00165	0.73999	0.00342	0.00177	0.00440
14	0.00521	0.00374	0.00487	0.00566	0.00600	0.00356	0.00383	0.03617	0.00801	0.01068	0.02139	0.82625	0.02549	0.01213	0.00502	0.00159	0.00238	0.01098	0.00369	0.00335
15	0.01454	0.00915	0.01020	0.00787	0.01098	0.04299	0.00643	0.34265	0.05580	0.29334	0.01134	0.01080	0.00783	0.00450	0.00379	0.00110	0.00384	0.00351	0.00393	0.15541
16	0.02792	0.11305	0.43361	0.01039	0.01464	0.15726	0.06238	0.01326	0.02783	0.03989	0.01892	0.00867	0.00590	0.00398	0.00393	0.00118	0.03252	0.00301	0.00199	0.01969
17	0.00707	0.00554	0.00675	0.04446	0.00810	0.00514	0.00435	0.03391	0.02548	0.01082	0.01094	0.03035	0.02915	0.29797	0.13216	0.00266	0.00451	0.01878	0.00247	0.31937
18	0.00808	0.00711	0.00702	0.00719	0.00835	0.15249	0.00582	0.02811	0.00984	0.03306	0.13244	0.08200	0.04631	0.04407	0.00551	0.00163	0.00390	0.40972	0.00346	0.00389
19	0.01727	0.00696	0.00929	0.00710	0.01019	0.00610	0.00586	0.05592	0.01156	0.76723	0.01501	0.01310	0.00951	0.00482	0.00394	0.00120	0.00340	0.00390	0.00476	0.04288
20	0.02574	0.09079	0.62883	0.01086	0.03364	0.09186	0.01278	0.01266	0.00863	0.01209	0.00729	0.00921	0.00561	0.00398	0.00368	0.00121	0.00570	0.02806	0.00180	0.00558
21	0.00528	0.00358	0.00443	0.00502	0.00532	0.00341	0.00329	0.00595	0.00733	0.01009	0.01975	0.56073	0.05687	0.19360	0.00806	0.00201	0.00257	0.00922	0.09041	0.00310
22	0.00488	0.00351	0.00463	0.00543	0.00575	0.00326	0.00366	0.00566	0.00790	0.01055	0.07928	0.77001	0.05672	0.01203	0.00502	0.00157	0.00226	0.01088	0.00373	0.00326
23	0.02842	0.02709	0.04221	0.00995	0.03355	0.14129	0.09848	0.01301	0.08852	0.10645	0.04638	0.01174	0.00859	0.03108	0.07619	0.00184	0.22386	0.00384	0.00259	0.00493
24	0.00713	0.00519	0.00615	0.00584	0.00720	0.00516	0.00454	0.09862	0.05704	0.04921	0.14951	0.13315	0.26907	0.01130	0.10063	0.00196	0.00354	0.07694	0.00371	0.00413
25	0.00511	0.00374	0.00488	0.00562	0.00614	0.00351	0.00407	0.00607	0.00810	0.01061	0.04452	0.57521	0.13240	0.01214	0.02398	0.00171	0.00266	0.14252	0.00366	0.00333
26	0.01228	0.06156	0.05743	0.03270	0.01100	0.18714	0.00682	0.13464	0.07350	0.18754	0.04459	0.01482	0.09640	0.00633	0.03675	0.00139	0.00465	0.02175	0.00333	0.00537

[dist]
# distance from previous block
# <min> <max>
0	1

[block]
# block no. 10 follows, 68 sequences, length 22
# corresponding to MSA columns:
# 948-969
name=unknown_K
#
# <colnr> <probs for GDERKNQSTAVLIFYWHMCP>
#	G	D	E	R	K	N	Q	S	T	A	V	L	I	F	Y	W	H	M	C	P
0	0.00945	0.03416	0.23935	0.06498	0.12380	0.06520	0.32760	0.02435	0.02704	0.02182	0.01963	0.00998	0.00629	0.00372	0.00414	0.00126	0.00588	0.00380	0.00203	0.00553
1	0.00664	0.00593	0.05680	0.00670	0.00766	0.00585	0.02805	0.05044	0.00701	0.00986	0.01053	0.01764	0.01051	0.29802	0.39971	0.00451	0.06371	0.00459	0.00226	0.00358
2	0.07859	0.56681	0.03381	0.00756	0.01061	0.20771	0.00694	0.01294	0.00877	0.02715	0.00590	0.00674	0.00513	0.00361	0.00283	0.00093	0.00484	0.00228	0.00190	0.00496
3	0.00798	0.00797	0.05809	0.00780	0.00899	0.09169	0.00646	0.07178	0.00807	0.01096	0.04663	0.01382	0.00957	0.06269	0.41798	0.00395	0.15516	0.00402	0.00228	0.00412
4	0.00990	0.02778	0.09841	0.00749	0.01053	0.02721	0.00662	0.11470	0.15358	0.07073	0.05450	0.01288	0.03391	0.01326	0.00408	0.00108	0.02741	0.02181	0.00309	0.30102
5	0.05923	0.00971	0.06088	0.04367	0.01675	0.00883	0.47546	0.02822	0.05289	0.10261	0.05914	0.03331	0.00922	0.00433	0.00438	0.00132	0.00536	0.01671	0.00267	0.00533
6	0.00507	0.00365	0.00476	0.00547	0.00581	0.00346	0.00369	0.00609	0.02704	0.01072	0.10117	0.71687	0.02643	0.05259	0.00573	0.00168	0.00235	0.01044	0.00369	0.00330
7	0.18543	0.00784	0.00850	0.00713	0.00965	0.00838	0.00573	0.12034	0.27319	0.24650	0.06158	0.02745	0.01098	0.00512	0.00376	0.00127	0.00326	0.00404	0.00397	0.00587
8	0.00970	0.24946	0.51232	0.00971	0.01453	0.02960	0.01153	0.05564	0.00904	0.05370	0.00721	0.00811	0.00537	0.00378	0.00345	0.00113	0.00524	0.00279	0.00197	0.00571
9	0.05565	0.20958	0.43630	0.00964	0.03378	0.07410	0.01066	0.01277	0.05763	0.01204	0.00873	0.00957	0.04531	0.00409	0.00347	0.00115	0.00507	0.00304	0.00199	0.00542
10	0.00531	0.00424	0.00478	0.00465	0.00584	0.00383	0.00348	0.00715	0.05198	0.01295	0.33828	0.06563	0.45930	0.00916	0.00466	0.00132	0.00203	0.00783	0.00396	0.00364
11	0.00490	0.00359	0.00462	0.00542	0.00583	0.00331	0.00374	0.00569	0.00787	0.01030	0.02428	0.70229	0.13525	0.01202	0.00503	0.00159	0.00234	0.05500	0.00368	0.00326
12	0.05034	0.00713	0.01144	0.50819	0.17748	0.00814	0.00978	0.01065	0.00843	0.05520	0.05643	0.06226	0.00879	0.00467	0.00399	0.00130	0.00459	0.00416	0.00227	0.00477
13	0.00879	0.21328	0.57905	0.01019	0.01520	0.02240	0.02935	0.01290	0.05174	0.01199	0.00723	0.00828	0.00543	0.00376	0.00352	0.00117	0.00538	0.00286	0.00182	0.00568
14	0.00489	0.00385	0.00438	0.00461	0.00553	0.00338	0.00330	0.00590	0.00883	0.01120	0.14830	0.28035	0.45602	0.03455	0.00523	0.00148	0.00213	0.00899	0.00374	0.00334
15	0.03424	0.00954	0.01065	0.00823	0.01124	0.01014	0.00678	0.55969	0.01600	0.22935	0.01116	0.01073	0.00764	0.00477	0.00388	0.00119	0.00395	0.00365	0.05063	0.00653
16	0.07665	0.09441	0.01362	0.00998	0.01282	0.28463	0.14626	0.17179	0.03307	0.09251	0.02236	0.00928	0.00670	0.00417	0.00373	0.00114	0.00540	0.00331	0.00277	0.00540
17	0.00826	0.00764	0.01243	0.24038	0.42059	0.00809	0.01002	0.01076	0.03816	0.01190	0.01190	0.07501	0.06948	0.00527	0.00417	0.00130	0.00437	0.05274	0.00233	0.00519
18	0.00905	0.02394	0.39505	0.02307	0.01419	0.05798	0.05711	0.05187	0.05305	0.03067	0.06223	0.01084	0.01975	0.00490	0.00567	0.00134	0.16810	0.00361	0.00224	0.00534
19	0.00576	0.00385	0.00438	0.00438	0.00440	0.00387	0.00247	0.00580	0.00578	0.00773	0.01244	0.02567	0.01429	0.83840	0.04228	0.00391	0.00403	0.00573	0.00240	0.00243
20	0.02990	0.01437	0.01092	0.00962	0.03488	0.44726	0.00727	0.20154	0.07498	0.04751	0.00816	0.00868	0.00629	0.00425	0.00365	0.00107	0.00556	0.00300	0.00278	0.07830
21	0.04247	0.08003	0.06065	0.00886	0.01198	0.06994	0.03810	0.36994	0.05693	0.17289	0.00997	0.00996	0.00709	0.00456	0.00405	0.00119	0.02936	0.00345	0.00349	0.01510

[dist]
# distance from previous block
# <min> <max>
0	7

[block]
# block no. 11 follows, 68 sequences, length 37
# corresponding to MSA columns:
# 977-1002,1004-1014
name=unknown_L
#
# <colnr> <probs for GDERKNQSTAVLIFYWHMCP>
#	G	D	E	R	K	N	Q	S	T	A	V	L	I	F	Y	W	H	M	C	P
0	0.01040	0.79886	0.08320	0.00713	0.01071	0.01519	0.00738	0.01192	0.00808	0.00957	0.00563	0.00651	0.00508	0.00342	0.00264	0.00088	0.00436	0.00218	0.00169	0.00515
1	0.01149	0.00896	0.00905	0.00791	0.01012	0.08947	0.00617	0.13383	0.40644	0.12794	0.04218	0.10409	0.01271	0.00595	0.00411	0.00130	0.00360	0.00492	0.00392	0.00583
2	0.01025	0.01014	0.01399	0.06341	0.54568	0.10162	0.01044	0.02511	0.11531	0.01308	0.00842	0.01013	0.00684	0.00385	0.00386	0.00116	0.00472	0.00349	0.00228	0.04622
3	0.67477	0.00917	0.07009	0.00620	0.00895	0.04703	0.00547	0.02771	0.02831	0.08178	0.00681	0.00744	0.00506	0.00386	0.00279	0.00122	0.00352	0.00246	0.00264	0.00472
4	0.00951	0.00701	0.00835	0.00603	0.00949	0.00536	0.00485	0.01124	0.00864	0.12445	0.00821	0.00893	0.00641	0.00320	0.00308	0.00067	0.00300	0.00257	0.00269	0.76629
5	0.00922	0.00881	0.01502	0.23647	0.62845	0.00926	0.01187	0.01165	0.00875	0.01223	0.00735	0.01001	0.00603	0.00364	0.00394	0.00121	0.00486	0.00353	0.00191	0.00580
6	0.01463	0.01075	0.01147	0.00908	0.01201	0.10955	0.04962	0.40991	0.12248	0.19237	0.01120	0.01083	0.00786	0.00472	0.00397	0.00121	0.00445	0.00371	0.00384	0.00635
7	0.00536	0.00399	0.00467	0.00458	0.00534	0.00374	0.00319	0.00635	0.00849	0.01121	0.26334	0.03020	0.28757	0.26824	0.07461	0.00246	0.00319	0.00691	0.00338	0.00319
8	0.05499	0.01000	0.01193	0.00909	0.01227	0.01060	0.06904	0.55406	0.01585	0.19591	0.01052	0.01031	0.00723	0.00463	0.00396	0.00121	0.00427	0.00368	0.00395	0.00653
9	0.01036	0.02043	0.06678	0.14954	0.18233	0.07568	0.01897	0.07899	0.16716	0.08495	0.01769	0.06155	0.02213	0.00503	0.00403	0.00127	0.00442	0.02022	0.00291	0.00556
10	0.00571	0.00382	0.00434	0.00439	0.00441	0.00381	0.00248	0.00575	0.00587	0.00783	0.01304	0.07494	0.01511	0.81072	0.01929	0.00371	0.00375	0.00609	0.00248	0.00245
11	0.00489	0.00361	0.00459	0.00530	0.00577	0.00331	0.00366	0.00572	0.00805	0.01053	0.05995	0.65489	0.16523	0.01178	0.00499	0.00156	0.00228	0.03690	0.00371	0.00328
12	0.00652	0.00482	0.00630	0.00566	0.00704	0.00449	0.04135	0.00889	0.06856	0.05789	0.48344	0.02926	0.22714	0.00806	0.00461	0.00129	0.00233	0.02420	0.00408	0.00405
13	0.01001	0.00864	0.01399	0.21985	0.49181	0.00919	0.01089	0.03908	0.04670	0.07565	0.00839	0.01046	0.00656	0.00396	0.00419	0.00124	0.02766	0.00361	0.00229	0.00583
14	0.00502	0.00359	0.00466	0.00541	0.00571	0.00339	0.00365	0.00573	0.00757	0.01004	0.03568	0.67007	0.05913	0.10575	0.01803	0.00191	0.00262	0.04536	0.00353	0.00317
15	0.03454	0.01009	0.01112	0.00860	0.01169	0.01090	0.00708	0.61534	0.05797	0.17531	0.01090	0.01046	0.00753	0.00479	0.00394	0.00121	0.00409	0.00366	0.00411	0.00667
16	0.03107	0.05354	0.67482	0.01079	0.01612	0.00974	0.02928	0.09266	0.00940	0.02624	0.00739	0.00848	0.00527	0.00386	0.00372	0.00123	0.00555	0.00299	0.00198	0.00588
17	0.00567	0.00398	0.00528	0.02395	0.00675	0.00386	0.00424	0.02439	0.02124	0.03162	0.03840	0.68016	0.03549	0.01184	0.01982	0.00167	0.00269	0.07179	0.00367	0.00351
18	0.01285	0.00833	0.02239	0.05709	0.01097	0.04507	0.00637	0.28804	0.02348	0.24753	0.09294	0.03658	0.06353	0.00567	0.00406	0.00123	0.00370	0.01904	0.04542	0.00570
19	0.00842	0.00723	0.00865	0.00678	0.04729	0.00561	0.00509	0.02555	0.00846	0.01315	0.00711	0.00832	0.00591	0.00300	0.00300	0.00063	0.00304	0.00243	0.00236	0.82796
20	0.02258	0.00770	0.01244	0.56002	0.16836	0.02762	0.03628	0.01050	0.00833	0.01112	0.05070	0.02456	0.00748	0.00431	0.00429	0.00130	0.03189	0.00383	0.00199	0.00472
21	0.00757	0.00689	0.05566	0.00654	0.00817	0.02855	0.00528	0.12697	0.12343	0.01429	0.14229	0.26235	0.16675	0.00851	0.00453	0.00138	0.00296	0.01974	0.00371	0.00445
22	0.00572	0.00417	0.00515	0.00514	0.00602	0.00394	0.00386	0.00738	0.03021	0.01318	0.41376	0.06109	0.15734	0.12397	0.00684	0.00170	0.00246	0.12081	0.02373	0.00353
23	0.00537	0.00534	0.06921	0.00631	0.00739	0.00424	0.04255	0.00657	0.00803	0.01057	0.02350	0.54771	0.19078	0.01069	0.00505	0.00152	0.02148	0.02668	0.00341	0.00358
24	0.00932	0.00891	0.01520	0.20088	0.66326	0.00929	0.01192	0.01173	0.00879	0.01235	0.00737	0.00997	0.00607	0.00362	0.00393	0.00121	0.00483	0.00353	0.00192	0.00588
25	0.01022	0.01169	0.03369	0.01510	0.01876	0.11178	0.64079	0.06059	0.01007	0.01299	0.00822	0.03168	0.00645	0.00375	0.00450	0.00130	0.00648	0.00449	0.00216	0.00529
26	0.00580	0.00424	0.00564	0.00632	0.00717	0.00408	0.00519	0.00730	0.00901	0.01173	0.09347	0.19495	0.13523	0.01086	0.00522	0.00167	0.00302	0.48185	0.00372	0.00354
27	0.06165	0.00884	0.00960	0.00787	0.01059	0.02309	0.00633	0.24053	0.31898	0.19506	0.02608	0.01240	0.00969	0.00492	0.00387	0.00123	0.00356	0.00391	0.00401	0.04781
28	0.00632	0.00470	0.00633	0.00637	0.00715	0.00470	0.03771	0.07482	0.01833	0.01208	0.08092	0.50388	0.02222	0.06105	0.03187	0.00181	0.01464	0.07070	0.03069	0.00370
29	0.00517	0.00382	0.00487	0.00540	0.00599	0.00357	0.00383	0.00643	0.02731	0.01156	0.18105	0.53075	0.12627	0.01105	0.00494	0.00151	0.00228	0.05695	0.00382	0.00343
30	0.00943	0.00635	0.00922	0.03702	0.01026	0.00605	0.12240	0.05672	0.07246	0.19739	0.06816	0.14562	0.22739	0.00731	0.00447	0.00134	0.00335	0.00649	0.00373	0.00485
31	0.03297	0.03308	0.01389	0.11560	0.32327	0.10304	0.08809	0.09698	0.03496	0.05582	0.00843	0.01011	0.00656	0.00395	0.00383	0.00118	0.00487	0.00353	0.05423	0.00561
32	0.00678	0.00636	0.01110	0.00941	0.01065	0.00663	0.23393	0.00821	0.00775	0.01064	0.01479	0.44169	0.01654	0.04838	0.00697	0.00166	0.14383	0.00788	0.00283	0.00396
33	0.00522	0.00391	0.00562	0.00604	0.00648	0.00369	0.04501	0.00606	0.00768	0.01026	0.04230	0.68837	0.02434	0.08588	0.00637	0.00179	0.00270	0.04148	0.00350	0.00329
34	0.01130	0.51001	0.16766	0.00821	0.01180	0.15531	0.00830	0.01316	0.00887	0.06377	0.00657	0.00732	0.00539	0.00368	0.00304	0.00098	0.00498	0.00246	0.00196	0.00525
35	0.01446	0.01377	0.07483	0.00956	0.01266	0.22014	0.00811	0.55930	0.01601	0.02022	0.00849	0.00884	0.00620	0.00452	0.00385	0.00115	0.00517	0.00327	0.00331	0.00614
36	0.01023	0.13485	0.44222	0.01050	0.01512	0.02534	0.07310	0.19974	0.02647	0.01502	0.00767	0.00863	0.00564	0.00395	0.00371	0.00119	0.00532	0.00312	0.00228	0.00590

[dist]
# distance from previous block
# <min> <max>
0	10

[block]
# block no. 12 follows, 68 sequences, length 12
# corresponding to MSA columns:
# 1029-1040
name=unknown_M
#
# <colnr> <probs for GDERKNQSTAVLIFYWHMCP>
#	G	D	E	R	K	N	Q	S	T	A	V	L	I	F	Y	W	H	M	C	P
0	0.00817	0.00546	0.00653	0.00578	0.00735	0.00533	0.00448	0.08136	0.09933	0.11141	0.46180	0.02566	0.14655	0.00744	0.00447	0.00126	0.00242	0.00637	0.00426	0.00457
1	0.00663	0.00411	0.00450	0.00450	0.00540	0.00408	0.00330	0.02666	0.02663	0.01336	0.07907	0.14881	0.13943	0.04863	0.00465	0.00129	0.01860	0.00593	0.45077	0.00365
2	0.78612	0.00778	0.00636	0.00554	0.00807	0.00887	0.00456	0.05408	0.00767	0.07227	0.00639	0.00706	0.00478	0.00382	0.00263	0.00122	0.00315	0.00234	0.00269	0.00458
3	0.01252	0.03896	0.01101	0.00954	0.01142	0.57886	0.04901	0.02908	0.02535	0.01046	0.00935	0.10164	0.03311	0.00527	0.00414	0.00114	0.03673	0.00390	0.02402	0.00450
4	0.00506	0.00384	0.00471	0.00521	0.00596	0.00349	0.00382	0.00611	0.00861	0.01109	0.10447	0.40641	0.29071	0.01105	0.00496	0.00152	0.00234	0.11356	0.00374	0.00337
5	0.00504	0.00400	0.00453	0.00447	0.00559	0.00349	0.00333	0.00635	0.00977	0.01263	0.33732	0.08365	0.48686	0.00946	0.00470	0.00132	0.00197	0.00809	0.00394	0.00349
6	0.02167	0.00680	0.00908	0.07923	0.10878	0.01847	0.02186	0.03077	0.11228	0.18417	0.16511	0.01954	0.15425	0.00621	0.00462	0.00129	0.04196	0.00521	0.00358	0.00511
7	0.03965	0.26320	0.22128	0.02525	0.02385	0.01064	0.02787	0.07438	0.00877	0.03890	0.00842	0.04873	0.00742	0.00709	0.08334	0.00168	0.07014	0.03205	0.00221	0.00511
