[name]
unknown

[dist]
# distance from previous block
# <min> <max>
0	80

[block]
# block no. 0 follows, 57 sequences, length 13
# corresponding to MSA columns:
# 80-92
name=unknown_A
#
# <colnr> <probs for GDERKNQSTAVLIFYWHMCP>
#	G	D	E	R	K	N	Q	S	T	A	V	L	I	F	Y	W	H	M	C	P
0	0.01655	0.01937	0.01272	0.01132	0.01381	0.65029	0.00867	0.14871	0.01416	0.01414	0.00841	0.01054	0.00705	0.00515	0.00426	0.00124	0.00746	0.03776	0.00279	0.00562
1	0.00551	0.00398	0.00522	0.00620	0.00654	0.00369	0.00416	0.00632	0.00878	0.01161	0.02626	0.78917	0.07777	0.01403	0.00576	0.00182	0.00261	0.01268	0.00421	0.00369
2	0.00974	0.00820	0.03565	0.24867	0.06951	0.00849	0.00859	0.13692	0.04135	0.04851	0.12876	0.06253	0.11697	0.00830	0.04642	0.00177	0.00477	0.00588	0.00351	0.00546
3	0.01079	0.01030	0.00914	0.00877	0.03554	0.20970	0.00640	0.03939	0.13018	0.03616	0.14577	0.14305	0.06317	0.00759	0.00494	0.00140	0.02709	0.00623	0.06576	0.03862
4	0.00704	0.00525	0.00638	0.00650	0.00748	0.00524	0.00471	0.03122	0.08269	0.03073	0.12273	0.39541	0.18711	0.01169	0.00630	0.03689	0.03436	0.00979	0.00420	0.00428
5	0.07585	0.01378	0.11884	0.24308	0.08114	0.19634	0.01075	0.09351	0.01135	0.05074	0.00906	0.04190	0.00727	0.00505	0.00453	0.00140	0.02302	0.00393	0.00265	0.00580
6	0.01092	0.00926	0.05190	0.14833	0.05722	0.05933	0.05809	0.04081	0.00992	0.13289	0.01246	0.11486	0.01120	0.06358	0.08140	0.00225	0.09798	0.00542	0.02682	0.00537
7	0.25065	0.11929	0.06983	0.08118	0.04349	0.01143	0.05221	0.14753	0.01130	0.05999	0.04241	0.01194	0.03898	0.00508	0.00433	0.00138	0.03619	0.00383	0.00307	0.00588
8	0.00988	0.00918	0.06876	0.08771	0.05737	0.02653	0.06818	0.07189	0.10153	0.05043	0.13878	0.06823	0.03013	0.07883	0.00715	0.03527	0.02942	0.00565	0.00343	0.05165
9	0.00875	0.00662	0.00948	0.02610	0.00995	0.00698	0.08882	0.04716	0.05962	0.04301	0.07486	0.11807	0.09184	0.10235	0.02356	0.11938	0.08650	0.00645	0.06608	0.00442
10	0.03498	0.02144	0.05949	0.11923	0.09519	0.02115	0.06060	0.22284	0.03740	0.04730	0.04642	0.01216	0.00887	0.00528	0.00520	0.02901	0.03754	0.00406	0.00319	0.12866
11	0.00827	0.02012	0.02969	0.01979	0.00949	0.03710	0.02376	0.04306	0.02238	0.02659	0.09266	0.26289	0.10215	0.05749	0.00614	0.00156	0.02579	0.00745	0.00359	0.20003
12	0.04428	0.06842	0.09753	0.01868	0.02852	0.02983	0.04553	0.11964	0.07030	0.12675	0.09009	0.06085	0.01299	0.04301	0.00562	0.00149	0.03638	0.00487	0.00359	0.09165

[dist]
# distance from previous block
# <min> <max>
3	20

[block]
# block no. 1 follows, 57 sequences, length 6
# corresponding to MSA columns:
# 113-118
name=unknown_B
#
# <colnr> <probs for GDERKNQSTAVLIFYWHMCP>
#	G	D	E	R	K	N	Q	S	T	A	V	L	I	F	Y	W	H	M	C	P
0	0.07358	0.21473	0.01309	0.00775	0.01092	0.03333	0.00661	0.09028	0.03346	0.33636	0.01568	0.01545	0.08223	0.04125	0.00488	0.00143	0.00418	0.00435	0.00404	0.00640
1	0.01183	0.00834	0.00935	0.00801	0.01033	0.00886	0.00633	0.23091	0.17268	0.10945	0.04394	0.10978	0.17935	0.00800	0.00524	0.00150	0.03524	0.00655	0.02823	0.00606
2	0.01382	0.00772	0.04118	0.00737	0.01001	0.00695	0.00615	0.08328	0.08740	0.33824	0.14882	0.01911	0.03998	0.00631	0.00445	0.00136	0.00339	0.00521	0.16296	0.00629
3	0.00700	0.00458	0.00571	0.00578	0.00615	0.00460	0.00379	0.00763	0.05891	0.01034	0.05688	0.14503	0.06489	0.31881	0.04008	0.24277	0.00395	0.00690	0.00306	0.00314
4	0.01244	0.67833	0.02166	0.00856	0.01191	0.10476	0.00806	0.01382	0.00939	0.01073	0.00634	0.00761	0.00583	0.00433	0.00413	0.00108	0.08074	0.00262	0.00199	0.00568
5	0.01132	0.00828	0.00951	0.00780	0.01063	0.00807	0.00615	0.13972	0.18802	0.09342	0.13199	0.08583	0.01619	0.00631	0.00444	0.00125	0.00347	0.00531	0.00415	0.25813

[dist]
# distance from previous block
# <min> <max>
2	5

[block]
# block no. 2 follows, 57 sequences, length 11
# corresponding to MSA columns:
# 126-136
name=unknown_C
#
# <colnr> <probs for GDERKNQSTAVLIFYWHMCP>
#	G	D	E	R	K	N	Q	S	T	A	V	L	I	F	Y	W	H	M	C	P
0	0.06303	0.53595	0.03384	0.00966	0.05368	0.11497	0.02779	0.01419	0.00971	0.04004	0.00748	0.02917	0.00667	0.00447	0.00375	0.00113	0.03341	0.00305	0.00225	0.00577
1	0.05882	0.03340	0.10701	0.01069	0.03960	0.05617	0.03933	0.32086	0.07610	0.09913	0.04062	0.01351	0.04487	0.00561	0.00481	0.00141	0.03314	0.00436	0.00382	0.00675
2	0.00636	0.00476	0.00564	0.00567	0.00688	0.00436	0.00421	0.00814	0.03644	0.03544	0.24153	0.18838	0.35443	0.01226	0.04787	0.00187	0.00295	0.02430	0.00437	0.00415
3	0.00733	0.00584	0.00703	0.00687	0.00815	0.00626	0.00516	0.01147	0.20307	0.01371	0.10488	0.12039	0.15961	0.06279	0.25267	0.00345	0.00572	0.00714	0.00377	0.00468
4	0.00901	0.00487	0.00577	0.00535	0.00670	0.00454	0.00401	0.01079	0.01080	0.12898	0.25068	0.05200	0.09736	0.06905	0.00576	0.00153	0.00257	0.00639	0.31926	0.00457
5	0.06017	0.00681	0.00823	0.00700	0.00930	0.00659	0.00554	0.05034	0.09756	0.30031	0.25125	0.04233	0.06585	0.00718	0.00468	0.00142	0.00312	0.00602	0.06036	0.00595
6	0.00854	0.00576	0.00697	0.00684	0.00787	0.00594	0.00491	0.06131	0.09360	0.07568	0.04381	0.36666	0.04238	0.14755	0.03043	0.00225	0.03066	0.00866	0.04559	0.00457
7	0.40731	0.01118	0.15774	0.00827	0.01145	0.00970	0.02700	0.04703	0.07518	0.03470	0.06805	0.03881	0.01014	0.02696	0.01974	0.00164	0.03256	0.00399	0.00308	0.00548
8	0.01262	0.14655	0.04914	0.05225	0.03695	0.02514	0.00775	0.18261	0.01234	0.09568	0.00989	0.03708	0.00790	0.00461	0.00389	0.00109	0.00442	0.00360	0.00321	0.30327
9	0.03050	0.05825	0.07035	0.03848	0.04092	0.00994	0.02758	0.17298	0.16278	0.11109	0.05843	0.04218	0.05845	0.00646	0.01453	0.00146	0.00436	0.02117	0.00390	0.06620
10	0.01207	0.09199	0.25704	0.01063	0.01455	0.10135	0.05587	0.10195	0.01155	0.10539	0.04287	0.06566	0.01006	0.00701	0.04717	0.00168	0.02683	0.00444	0.00302	0.02888

[dist]
# distance from previous block
# <min> <max>
1	11

[block]
# block no. 3 follows, 57 sequences, length 6
# corresponding to MSA columns:
# 148-153
name=unknown_D
#
# <colnr> <probs for GDERKNQSTAVLIFYWHMCP>
#	G	D	E	R	K	N	Q	S	T	A	V	L	I	F	Y	W	H	M	C	P
0	0.06836	0.00966	0.09997	0.05038	0.05135	0.02254	0.03426	0.03383	0.14429	0.11769	0.06597	0.10089	0.12677	0.00727	0.00522	0.00152	0.04447	0.00604	0.00375	0.00577
1	0.00582	0.00453	0.00520	0.00521	0.00630	0.00409	0.00377	0.00707	0.01017	0.01310	0.21896	0.11379	0.42100	0.10365	0.05517	0.00219	0.00310	0.00895	0.00413	0.00381
2	0.00993	0.03818	0.51479	0.12030	0.01953	0.01068	0.03660	0.05319	0.05198	0.03862	0.03319	0.01129	0.00762	0.00476	0.00471	0.00145	0.03055	0.00380	0.00241	0.00642
3	0.00612	0.00568	0.06093	0.00614	0.00737	0.00443	0.00487	0.00774	0.01047	0.01418	0.31821	0.29296	0.17627	0.05588	0.00638	0.00174	0.00276	0.00954	0.00426	0.00408
4	0.00972	0.00770	0.01233	0.04195	0.03767	0.02331	0.17176	0.03296	0.03189	0.08597	0.09145	0.10543	0.01580	0.07533	0.07201	0.06868	0.04867	0.05913	0.00330	0.00494
5	0.05274	0.00990	0.04392	0.39768	0.07851	0.01033	0.20061	0.03970	0.03861	0.04212	0.01032	0.01302	0.03307	0.00465	0.00466	0.00149	0.00596	0.00449	0.00251	0.00571

[dist]
# distance from previous block
# <min> <max>
16	38

[block]
# block no. 4 follows, 57 sequences, length 14
# corresponding to MSA columns:
# 200-213
name=unknown_E
#
# <colnr> <probs for GDERKNQSTAVLIFYWHMCP>
#	G	D	E	R	K	N	Q	S	T	A	V	L	I	F	Y	W	H	M	C	P
0	0.04499	0.43110	0.03013	0.03854	0.01311	0.02982	0.04285	0.13066	0.01143	0.08684	0.00882	0.02765	0.00721	0.00451	0.00361	0.00113	0.00482	0.00333	0.00282	0.07664
1	0.01044	0.03199	0.17156	0.10081	0.18629	0.01031	0.11283	0.05851	0.06838	0.04096	0.04148	0.03671	0.00988	0.05471	0.00620	0.00164	0.04372	0.00469	0.00275	0.00616
2	0.00577	0.00445	0.00528	0.00548	0.00652	0.00396	0.00400	0.00713	0.01062	0.01384	0.26465	0.25353	0.35377	0.01158	0.00549	0.00160	0.00239	0.03157	0.00444	0.00393
3	0.00677	0.00508	0.00720	0.03914	0.03272	0.00478	0.03630	0.00838	0.01066	0.03885	0.30799	0.33163	0.13170	0.01071	0.00543	0.00160	0.00286	0.00960	0.00431	0.00429
4	0.08500	0.07669	0.01315	0.00988	0.01286	0.15163	0.00805	0.44493	0.03125	0.02158	0.01024	0.05810	0.00835	0.00572	0.00473	0.00136	0.04210	0.00415	0.00369	0.00655
5	0.00627	0.00448	0.00543	0.00591	0.00635	0.00435	0.00399	0.00726	0.02901	0.01099	0.02282	0.32784	0.10838	0.33281	0.01244	0.00281	0.00348	0.09826	0.00365	0.00348
6	0.01144	0.01005	0.02663	0.07245	0.10827	0.03027	0.17460	0.06511	0.02873	0.10361	0.04678	0.01560	0.05284	0.00651	0.01842	0.00166	0.19173	0.02633	0.00304	0.00591
7	0.00765	0.00650	0.00902	0.00833	0.00873	0.00813	0.00649	0.00881	0.00766	0.01118	0.08933	0.05502	0.01417	0.14980	0.29456	0.00414	0.29814	0.00550	0.00265	0.00417
8	0.00631	0.00440	0.00545	0.04352	0.00686	0.00436	0.00382	0.00692	0.00788	0.01063	0.04103	0.32612	0.04875	0.41421	0.01398	0.00301	0.00360	0.00884	0.03696	0.00333
9	0.11295	0.02982	0.01016	0.00773	0.01090	0.00836	0.00630	0.17287	0.01314	0.28697	0.09880	0.04418	0.01293	0.00567	0.00422	0.00127	0.00375	0.00453	0.00434	0.16111
10	0.04958	0.58957	0.20953	0.00897	0.01345	0.01573	0.00977	0.03634	0.00957	0.01247	0.00686	0.00792	0.00581	0.00404	0.00328	0.00111	0.00523	0.00269	0.00205	0.00604
11	0.03275	0.04003	0.01054	0.00853	0.01116	0.03577	0.00678	0.25240	0.23689	0.05777	0.04205	0.10586	0.08102	0.00739	0.01482	0.00151	0.00405	0.00576	0.00425	0.04064
12	0.11952	0.05954	0.01151	0.11934	0.01397	0.14213	0.05362	0.06184	0.02684	0.12745	0.01309	0.11161	0.02440	0.00630	0.00435	0.00142	0.00489	0.03581	0.05688	0.00548
13	0.05177	0.01098	0.03661	0.01297	0.04323	0.03348	0.27188	0.06220	0.28317	0.08091	0.05483	0.01470	0.01139	0.00520	0.00478	0.00148	0.00524	0.00499	0.00363	0.00657

[dist]
# distance from previous block
# <min> <max>
0	7

[block]
# block no. 5 follows, 57 sequences, length 17
# corresponding to MSA columns:
# 221-237
name=unknown_F
#
# <colnr> <probs for GDERKNQSTAVLIFYWHMCP>
#	G	D	E	R	K	N	Q	S	T	A	V	L	I	F	Y	W	H	M	C	P
0	0.00858	0.00593	0.00714	0.00705	0.00835	0.00597	0.00517	0.06837	0.13809	0.07952	0.11454	0.44139	0.07005	0.01085	0.00533	0.00166	0.00298	0.00959	0.00450	0.00494
1	0.00782	0.00453	0.00513	0.00492	0.00609	0.00429	0.00369	0.00977	0.01075	0.04645	0.28459	0.02576	0.10802	0.03141	0.00476	0.00134	0.00227	0.00621	0.42791	0.00429
2	0.00663	0.00455	0.00560	0.00590	0.00651	0.00436	0.00398	0.00799	0.04092	0.03621	0.14560	0.38960	0.08135	0.21411	0.00977	0.00234	0.00303	0.00969	0.01804	0.00382
3	0.00832	0.00519	0.00643	0.00583	0.00732	0.00474	0.00444	0.02961	0.01229	0.11646	0.49731	0.03188	0.17358	0.03294	0.00565	0.00151	0.00252	0.00767	0.04168	0.00466
4	0.00720	0.00533	0.00638	0.00670	0.00747	0.00544	0.00475	0.04071	0.11187	0.01278	0.02156	0.38129	0.05002	0.21385	0.00983	0.00242	0.00345	0.10091	0.00391	0.00413
5	0.03451	0.01017	0.09921	0.06860	0.13127	0.00868	0.02811	0.06146	0.01171	0.39370	0.01318	0.01337	0.00906	0.00637	0.03983	0.00167	0.03408	0.00424	0.02388	0.00690
6	0.39559	0.06249	0.01187	0.00935	0.01217	0.24714	0.07413	0.07303	0.01056	0.01676	0.00743	0.02384	0.00610	0.00467	0.00392	0.00134	0.02834	0.00319	0.00270	0.00535
7	0.87276	0.00876	0.00666	0.00596	0.00876	0.01017	0.00491	0.01332	0.00771	0.02033	0.00631	0.00736	0.00491	0.00421	0.00280	0.00140	0.00351	0.00245	0.00280	0.00491
8	0.01187	0.75162	0.06514	0.00869	0.01276	0.01716	0.05494	0.01367	0.00931	0.01108	0.00656	0.00768	0.00587	0.00390	0.00312	0.00103	0.00511	0.00264	0.00196	0.00588
9	0.00548	0.00452	0.00482	0.00490	0.00624	0.00386	0.00362	0.00669	0.01040	0.01278	0.12294	0.13179	0.64319	0.01155	0.00540	0.00155	0.00232	0.00979	0.00429	0.00386
10	0.00772	0.00613	0.03674	0.00640	0.00803	0.00537	0.00514	0.05597	0.04413	0.05689	0.25329	0.12175	0.27088	0.03917	0.00592	0.00165	0.00295	0.06287	0.00440	0.00460
11	0.00904	0.00777	0.00962	0.00873	0.01062	0.03022	0.07646	0.04820	0.28604	0.01587	0.07418	0.22159	0.08685	0.00898	0.00516	0.00162	0.00372	0.07065	0.01927	0.00543
12	0.02409	0.00553	0.00709	0.00632	0.00803	0.00510	0.00488	0.01226	0.01139	0.24442	0.30282	0.05925	0.08535	0.06789	0.04867	0.00195	0.00342	0.02975	0.06671	0.00508
13	0.02501	0.00924	0.01195	0.19826	0.05355	0.02220	0.03887	0.11641	0.19907	0.05814	0.02966	0.01383	0.00979	0.03644	0.00534	0.01875	0.00462	0.00431	0.00338	0.14117
14	0.00759	0.01100	0.24728	0.00936	0.04546	0.03474	0.00874	0.01011	0.00910	0.01262	0.07662	0.12906	0.07990	0.06706	0.22746	0.00325	0.00676	0.00614	0.00287	0.00488
15	0.03598	0.47783	0.18299	0.00919	0.01344	0.10473	0.00947	0.02801	0.00995	0.03088	0.00720	0.00822	0.00599	0.00410	0.00341	0.00110	0.00545	0.00276	0.00218	0.05711
16	0.09079	0.13791	0.09694	0.05387	0.01363	0.01066	0.03417	0.10389	0.06879	0.04987	0.00956	0.02016	0.00767	0.00467	0.00423	0.00119	0.03356	0.01698	0.00295	0.23849

[dist]
# distance from previous block
# <min> <max>
1	10

[block]
# block no. 6 follows, 57 sequences, length 30
# corresponding to MSA columns:
# 257-286
name=unknown_G
#
# <colnr> <probs for GDERKNQSTAVLIFYWHMCP>
#	G	D	E	R	K	N	Q	S	T	A	V	L	I	F	Y	W	H	M	C	P
0	0.00961	0.02069	0.05178	0.05578	0.12319	0.00909	0.05036	0.02904	0.06021	0.05307	0.08902	0.05468	0.08409	0.01733	0.00704	0.00161	0.16437	0.06746	0.00322	0.04837
1	0.00737	0.00505	0.00621	0.02791	0.00766	0.00463	0.00447	0.00895	0.02666	0.06736	0.31930	0.03312	0.28639	0.04863	0.00709	0.07313	0.00279	0.03511	0.00425	0.02391
2	0.00976	0.08860	0.69066	0.01259	0.01885	0.01131	0.04125	0.05009	0.01011	0.01471	0.00814	0.00953	0.00587	0.00431	0.00424	0.00140	0.00650	0.00337	0.00205	0.00665
3	0.03510	0.00517	0.00509	0.00503	0.00651	0.02623	0.00379	0.00754	0.01054	0.01345	0.13381	0.05508	0.59966	0.01052	0.00514	0.00149	0.00250	0.01961	0.04974	0.00398
4	0.00682	0.00569	0.04894	0.00629	0.00768	0.00466	0.00514	0.00898	0.01213	0.03458	0.61392	0.08102	0.07641	0.00954	0.00536	0.00150	0.00259	0.05964	0.00470	0.00442
5	0.87276	0.00876	0.00666	0.00596	0.00876	0.01017	0.00491	0.01332	0.00771	0.02033	0.00631	0.00736	0.00491	0.00421	0.00280	0.00140	0.00351	0.00245	0.00280	0.00491
6	0.01548	0.01173	0.01214	0.00976	0.01297	0.05259	0.00790	0.49527	0.19199	0.07697	0.01467	0.01410	0.05163	0.00589	0.00457	0.00140	0.00462	0.00457	0.00450	0.00726
7	0.00585	0.00453	0.00516	0.00513	0.00623	0.00402	0.00369	0.00715	0.01056	0.01369	0.28460	0.10659	0.40889	0.10497	0.00739	0.00185	0.00251	0.00907	0.00429	0.00383
8	0.01098	0.52333	0.27638	0.00935	0.01391	0.03216	0.01041	0.01358	0.00927	0.01176	0.00728	0.00910	0.00630	0.04420	0.00435	0.00129	0.00549	0.00293	0.00198	0.00594
9	0.10035	0.06202	0.04522	0.00880	0.01181	0.11416	0.05082	0.10613	0.04064	0.14386	0.08433	0.03262	0.02028	0.00621	0.02626	0.00144	0.00478	0.00435	0.04692	0.08902
10	0.79986	0.00910	0.00725	0.00634	0.00921	0.01050	0.00522	0.08013	0.00887	0.02103	0.00670	0.00766	0.00515	0.00431	0.00295	0.00140	0.00363	0.00259	0.00295	0.00515
11	0.00546	0.00450	0.00474	0.00487	0.00616	0.00384	0.00355	0.00656	0.01008	0.01226	0.07059	0.14553	0.65498	0.03899	0.00599	0.00166	0.00240	0.00984	0.00419	0.00379
12	0.01238	0.03227	0.07941	0.01084	0.08642	0.00900	0.04328	0.09998	0.13319	0.18984	0.09037	0.10452	0.03106	0.00693	0.00533	0.01550	0.03357	0.00573	0.00404	0.00634
13	0.05106	0.00793	0.01026	0.00800	0.01136	0.00723	0.00658	0.05020	0.05478	0.68796	0.01711	0.01508	0.01100	0.00557	0.00445	0.00140	0.00381	0.00448	0.03429	0.00746
14	0.01894	0.00788	0.01047	0.00827	0.01157	0.00711	0.00687	0.08123	0.01339	0.68362	0.01787	0.01822	0.01226	0.00621	0.00471	0.00146	0.00397	0.07317	0.00540	0.00740
15	0.01268	0.01152	0.13075	0.19917	0.05988	0.01026	0.07036	0.21929	0.01307	0.11909	0.01088	0.01231	0.00781	0.00487	0.00441	0.00139	0.00525	0.00413	0.09644	0.00642
16	0.00776	0.00394	0.00587	0.00592	0.00594	0.00392	0.00395	0.00592	0.00604	0.00805	0.00869	0.05333	0.00893	0.01567	0.01714	0.82658	0.00387	0.00436	0.00208	0.00205
17	0.01750	0.01225	0.01333	0.01022	0.01383	0.01340	0.00844	0.72911	0.02057	0.09786	0.01150	0.01128	0.00802	0.00545	0.00454	0.00136	0.00489	0.00412	0.00463	0.00771
18	0.00946	0.00782	0.00939	0.00727	0.01044	0.00682	0.00578	0.02907	0.04883	0.03273	0.01009	0.02901	0.01850	0.01843	0.09381	0.00163	0.05425	0.00355	0.00287	0.60024
19	0.01211	0.84348	0.02374	0.00775	0.01163	0.01793	0.00775	0.01357	0.00921	0.01066	0.00630	0.00727	0.00582	0.00388	0.00291	0.00097	0.00485	0.00242	0.00194	0.00582
20	0.03775	0.13141	0.59506	0.01201	0.01773	0.01120	0.05994	0.01380	0.00948	0.01391	0.00878	0.05311	0.00707	0.00474	0.00421	0.00140	0.00618	0.00382	0.00209	0.00633
21	0.02840	0.05002	0.61806	0.01250	0.01843	0.01124	0.05370	0.10017	0.03739	0.01606	0.00872	0.00996	0.00627	0.00445	0.00431	0.00142	0.00632	0.00354	0.00233	0.00672
22	0.00714	0.00557	0.00665	0.00697	0.00797	0.00577	0.00498	0.01128	0.22096	0.01425	0.10664	0.51339	0.04771	0.01146	0.00541	0.00171	0.00282	0.01023	0.00440	0.00468
23	0.00567	0.00405	0.00529	0.00612	0.00647	0.00378	0.00410	0.00653	0.00895	0.01199	0.09415	0.69253	0.05089	0.06814	0.00687	0.00196	0.00269	0.01197	0.00418	0.00368
24	0.01392	0.00666	0.00857	0.00720	0.00961	0.00613	0.00575	0.05238	0.04335	0.40769	0.19601	0.07357	0.06631	0.00752	0.00484	0.00145	0.00327	0.03168	0.04792	0.00616
25	0.00577	0.00441	0.00524	0.00554	0.00647	0.00396	0.00398	0.00699	0.01013	0.01313	0.19568	0.29228	0.32935	0.05574	0.00646	0.00178	0.00256	0.04239	0.00429	0.00383
26	0.00953	0.00591	0.00722	0.00653	0.00825	0.00569	0.00503	0.02178	0.11937	0.15492	0.37766	0.06396	0.11978	0.02201	0.00535	0.00152	0.00278	0.02390	0.03360	0.00519
27	0.01127	0.00973	0.01025	0.00922	0.01178	0.01127	0.00717	0.02408	0.80430	0.01896	0.01844	0.01691	0.01383	0.00615	0.00461	0.00154	0.00359	0.00512	0.00461	0.00717
28	0.36015	0.03293	0.04641	0.07423	0.13276	0.07148	0.01608	0.03189	0.04080	0.05332	0.04086	0.01117	0.00815	0.02383	0.00435	0.00145	0.01841	0.00355	0.02258	0.00559
29	0.08414	0.24845	0.21951	0.00933	0.01358	0.03388	0.00958	0.08365	0.03774	0.18531	0.02779	0.01084	0.00812	0.00473	0.00389	0.00128	0.00500	0.00349	0.00317	0.00653

[dist]
# distance from previous block
# <min> <max>
0	13

[block]
# block no. 7 follows, 57 sequences, length 24
# corresponding to MSA columns:
# 300-323
name=unknown_H
#
# <colnr> <probs for GDERKNQSTAVLIFYWHMCP>
#	G	D	E	R	K	N	Q	S	T	A	V	L	I	F	Y	W	H	M	C	P
0	0.13307	0.16670	0.04057	0.14000	0.07858	0.16365	0.04140	0.04174	0.01039	0.07031	0.00839	0.01046	0.00673	0.00520	0.01874	0.00143	0.03907	0.01528	0.00258	0.00572
1	0.01270	0.01307	0.01420	0.05994	0.25529	0.21058	0.03656	0.04747	0.27153	0.01558	0.01149	0.01240	0.00898	0.00496	0.00446	0.00138	0.00558	0.00416	0.00312	0.00657
2	0.00675	0.00447	0.00574	0.00598	0.00678	0.00410	0.00421	0.00798	0.01020	0.06238	0.26324	0.41717	0.10249	0.06858	0.00672	0.00183	0.00265	0.01023	0.00443	0.00405
3	0.00592	0.00448	0.00549	0.00573	0.00665	0.00410	0.00411	0.00755	0.02838	0.01424	0.30839	0.33685	0.22831	0.01159	0.00550	0.00161	0.00239	0.01022	0.00449	0.00401
4	0.00634	0.00569	0.05623	0.00686	0.00773	0.00475	0.03402	0.00751	0.00860	0.01173	0.09525	0.42650	0.02430	0.21578	0.06495	0.00275	0.00409	0.00949	0.00359	0.00381
5	0.00661	0.00471	0.00645	0.00745	0.00817	0.00462	0.00597	0.00814	0.00963	0.01263	0.02396	0.34075	0.02712	0.04711	0.00677	0.00209	0.00361	0.46616	0.00413	0.00393
6	0.08255	0.01117	0.01158	0.00953	0.01263	0.02637	0.00767	0.38258	0.33688	0.05027	0.01375	0.01315	0.01005	0.00562	0.00442	0.00143	0.00432	0.00437	0.00443	0.00723
7	0.02515	0.00949	0.01547	0.47096	0.19172	0.01075	0.07874	0.08681	0.04001	0.01453	0.00887	0.01190	0.00678	0.00451	0.00456	0.00146	0.00580	0.00416	0.00243	0.00590
8	0.02885	0.15809	0.09295	0.02309	0.01317	0.05943	0.05396	0.17072	0.12076	0.05970	0.03549	0.10201	0.02712	0.00635	0.00445	0.00140	0.00480	0.02799	0.00351	0.00616
9	0.03283	0.00453	0.00513	0.00518	0.00537	0.00457	0.00309	0.00685	0.00690	0.00951	0.01545	0.08332	0.03714	0.69438	0.06421	0.00421	0.00461	0.00687	0.00287	0.00297
10	0.01033	0.35987	0.49172	0.01080	0.01634	0.01356	0.01305	0.01403	0.00942	0.01284	0.00738	0.00862	0.00577	0.00413	0.00373	0.00124	0.00594	0.00297	0.00192	0.00634
11	0.06538	0.00861	0.00883	0.00717	0.01011	0.08227	0.00566	0.01278	0.06138	0.05682	0.16697	0.01694	0.03124	0.00548	0.00407	0.00107	0.00362	0.03275	0.00347	0.41537
12	0.00580	0.00458	0.00525	0.00543	0.00655	0.00410	0.00394	0.00740	0.03454	0.01348	0.19595	0.25760	0.41595	0.01160	0.00545	0.00159	0.00239	0.01005	0.00438	0.00398
13	0.03806	0.00996	0.02891	0.00888	0.01199	0.03735	0.00735	0.25422	0.12417	0.29930	0.05265	0.01536	0.01186	0.00688	0.03480	0.00162	0.00455	0.01959	0.02546	0.00700
14	0.01030	0.13234	0.62967	0.01205	0.01798	0.06078	0.01473	0.04665	0.01020	0.01424	0.00793	0.00923	0.00584	0.00432	0.00411	0.00135	0.00647	0.00323	0.00205	0.00653
15	0.04022	0.00715	0.01021	0.02182	0.10570	0.00730	0.06545	0.03821	0.06551	0.06566	0.22218	0.04903	0.11671	0.04454	0.08493	0.00216	0.03787	0.00640	0.00375	0.00519
16	0.02617	0.03180	0.08828	0.00962	0.02164	0.04154	0.02917	0.07775	0.26331	0.07822	0.02938	0.03660	0.01090	0.00566	0.00504	0.00136	0.06047	0.01802	0.00361	0.16144
17	0.00603	0.00431	0.00563	0.00644	0.00693	0.00410	0.00462	0.00705	0.00903	0.01194	0.05622	0.51571	0.06774	0.10899	0.00783	0.00215	0.00310	0.16440	0.00406	0.00370
18	0.01184	0.10363	0.09266	0.06397	0.01478	0.05955	0.06150	0.12812	0.21397	0.03178	0.05517	0.01313	0.01037	0.00566	0.00577	0.00146	0.11272	0.00433	0.00328	0.00629
19	0.02366	0.03800	0.08759	0.00827	0.02973	0.00778	0.00700	0.05948	0.10366	0.15660	0.11350	0.04051	0.04914	0.03946	0.00507	0.00137	0.00381	0.00490	0.00382	0.21665
20	0.01186	0.25097	0.28537	0.02577	0.03135	0.03513	0.04311	0.09914	0.03683	0.07578	0.01040	0.04123	0.02421	0.00497	0.00408	0.00131	0.00547	0.00389	0.00274	0.00639
21	0.01219	0.69033	0.08234	0.00878	0.01288	0.01684	0.04023	0.06887	0.01015	0.01235	0.00687	0.00789	0.00599	0.00402	0.00322	0.00105	0.00511	0.00273	0.00213	0.00603
22	0.00644	0.00492	0.00660	0.00661	0.00725	0.00483	0.03917	0.02242	0.00892	0.01188	0.07902	0.42136	0.10722	0.20980	0.01012	0.00237	0.03369	0.00987	0.00375	0.00375
23	0.25513	0.01136	0.01428	0.01839	0.42232	0.10582	0.03627	0.01470	0.01004	0.05963	0.00825	0.01003	0.00659	0.00424	0.00400	0.00135	0.00517	0.00353	0.00260	0.00631

[dist]
# distance from previous block
# <min> <max>
2	11

[block]
# block no. 8 follows, 57 sequences, length 20
# corresponding to MSA columns:
# 338-357
name=unknown_I
#
# <colnr> <probs for GDERKNQSTAVLIFYWHMCP>
#	G	D	E	R	K	N	Q	S	T	A	V	L	I	F	Y	W	H	M	C	P
0	0.01293	0.01197	0.06715	0.06302	0.37053	0.12161	0.03028	0.02718	0.01127	0.15031	0.04169	0.01413	0.02469	0.00504	0.00456	0.00138	0.00546	0.02721	0.00303	0.00657
1	0.01057	0.01018	0.01421	0.01149	0.01302	0.04463	0.09436	0.01211	0.00831	0.04186	0.00721	0.01019	0.00639	0.00634	0.01070	0.00161	0.51163	0.00384	0.00231	0.17906
2	0.00641	0.00483	0.00617	0.00579	0.00688	0.00458	0.00438	0.00838	0.01228	0.01712	0.68013	0.03420	0.14108	0.00950	0.00571	0.00146	0.03387	0.00821	0.00477	0.00424
3	0.01622	0.08046	0.01362	0.01014	0.01338	0.17270	0.00825	0.42742	0.11806	0.07807	0.01121	0.01115	0.00822	0.00526	0.00433	0.00132	0.00534	0.00388	0.00398	0.00700
4	0.00632	0.00459	0.00595	0.00568	0.00673	0.00422	0.00423	0.00834	0.01249	0.01754	0.73260	0.07844	0.07660	0.00963	0.00537	0.00145	0.00217	0.00851	0.00491	0.00422
5	0.83413	0.00934	0.00694	0.00622	0.00900	0.04683	0.00508	0.01354	0.00794	0.01991	0.00634	0.00740	0.00495	0.00423	0.00286	0.00139	0.00372	0.00247	0.00278	0.00492
6	0.00787	0.00394	0.00590	0.00590	0.00590	0.00394	0.00394	0.00590	0.00590	0.00787	0.00787	0.01377	0.00787	0.01574	0.01771	0.86816	0.00394	0.00394	0.00197	0.00197
7	0.87276	0.00876	0.00666	0.00596	0.00876	0.01017	0.00491	0.01332	0.00771	0.02033	0.00631	0.00736	0.00491	0.00421	0.00280	0.00140	0.00351	0.00245	0.00280	0.00491
8	0.01265	0.05670	0.01720	0.04702	0.53529	0.01179	0.01212	0.17661	0.01249	0.03977	0.00907	0.01104	0.00726	0.00448	0.00468	0.00135	0.02661	0.00397	0.00278	0.00710
9	0.01198	0.01103	0.03773	0.04473	0.67568	0.01080	0.01321	0.07380	0.01123	0.05281	0.00911	0.01136	0.00734	0.00424	0.00449	0.00136	0.00533	0.00405	0.00256	0.00718
10	0.01074	0.03543	0.59079	0.01356	0.06234	0.01062	0.07241	0.05723	0.01060	0.08090	0.00914	0.01036	0.00646	0.00441	0.00440	0.00142	0.00633	0.00365	0.00240	0.00680
11	0.01127	0.00973	0.01025	0.00922	0.01178	0.01127	0.00717	0.02408	0.80430	0.01896	0.01844	0.01691	0.01383	0.00615	0.00461	0.00154	0.00359	0.00512	0.00461	0.00717
12	0.01070	0.01222	0.02674	0.01910	0.02368	0.01146	0.79603	0.01451	0.01070	0.01451	0.00917	0.01222	0.00688	0.00382	0.00535	0.00153	0.00764	0.00535	0.00229	0.00611
13	0.00659	0.00439	0.00494	0.00494	0.00494	0.00439	0.00275	0.00659	0.00659	0.00879	0.01428	0.02965	0.01647	0.84075	0.02306	0.00439	0.00439	0.00659	0.00275	0.00275
14	0.01003	0.01044	0.03269	0.19460	0.17984	0.01184	0.18202	0.01250	0.00895	0.01268	0.00766	0.01114	0.00641	0.00545	0.00827	0.00164	0.29175	0.00428	0.00211	0.00570
15	0.87276	0.00876	0.00666	0.00596	0.00876	0.01017	0.00491	0.01332	0.00771	0.02033	0.00631	0.00736	0.00491	0.00421	0.00280	0.00140	0.00351	0.00245	0.00280	0.00491
16	0.01270	0.01074	0.01569	0.17806	0.38651	0.01155	0.01177	0.25098	0.02914	0.03465	0.00953	0.01148	0.00733	0.00463	0.00451	0.00139	0.00532	0.00408	0.00301	0.00693
17	0.41626	0.00818	0.03824	0.12471	0.04825	0.00861	0.00688	0.01206	0.00872	0.06211	0.03482	0.17397	0.01166	0.00653	0.00418	0.00151	0.02003	0.00517	0.00312	0.00499
18	0.29240	0.00797	0.00879	0.00720	0.01008	0.00803	0.00581	0.05247	0.04237	0.39737	0.04969	0.01457	0.01096	0.06669	0.00539	0.00163	0.00374	0.00420	0.00438	0.00627
19	0.01109	0.01022	0.01679	0.18632	0.59234	0.02711	0.01312	0.01377	0.01023	0.04631	0.00907	0.01227	0.00745	0.00438	0.00452	0.00139	0.00549	0.01909	0.00237	0.00667

[dist]
# distance from previous block
# <min> <max>
8	31

[block]
# block no. 9 follows, 57 sequences, length 8
# corresponding to MSA columns:
# 392-399
name=unknown_J
#
# <colnr> <probs for GDERKNQSTAVLIFYWHMCP>
#	G	D	E	R	K	N	Q	S	T	A	V	L	I	F	Y	W	H	M	C	P
0	0.01253	0.41729	0.14406	0.00902	0.01298	0.01348	0.02679	0.06730	0.06478	0.11733	0.03977	0.03751	0.00935	0.00496	0.00380	0.00122	0.00482	0.00376	0.00296	0.00630
1	0.01173	0.06660	0.17271	0.09760	0.11733	0.02653	0.09494	0.09825	0.10343	0.08108	0.04808	0.01274	0.00944	0.00486	0.00446	0.00138	0.00537	0.00424	0.00308	0.03616
2	0.56687	0.04786	0.05942	0.00632	0.00895	0.00908	0.00551	0.01187	0.00835	0.01761	0.06759	0.01359	0.07514	0.03904	0.00482	0.04296	0.00363	0.00375	0.00294	0.00470
3	0.15678	0.04758	0.04182	0.02521	0.07579	0.00847	0.00680	0.01372	0.15357	0.06422	0.08362	0.10744	0.06386	0.00720	0.00521	0.04213	0.02345	0.00548	0.00353	0.06412
4	0.00857	0.00733	0.04688	0.11616	0.01202	0.00681	0.00663	0.09185	0.06375	0.04110	0.07955	0.27074	0.12371	0.02494	0.00534	0.00157	0.00364	0.00778	0.00381	0.07783
5	0.01560	0.01127	0.01226	0.00979	0.01299	0.01239	0.00794	0.56030	0.15486	0.07651	0.01359	0.06845	0.01050	0.00617	0.00463	0.00143	0.00451	0.00489	0.00459	0.00734
6	0.01188	0.08076	0.05973	0.02497	0.01241	0.03546	0.02653	0.06565	0.08625	0.12687	0.02377	0.03816	0.00965	0.00502	0.00430	0.00114	0.02504	0.02313	0.00335	0.33593
7	0.01046	0.22785	0.01391	0.10755	0.04007	0.10259	0.02524	0.01198	0.00946	0.04250	0.02483	0.10774	0.01227	0.09572	0.00714	0.00174	0.07103	0.06631	0.01667	0.00497

[dist]
# distance from previous block
# <min> <max>
2	4

[block]
# block no. 10 follows, 57 sequences, length 20
# corresponding to MSA columns:
# 405-424
name=unknown_K
#
# <colnr> <probs for GDERKNQSTAVLIFYWHMCP>
#	G	D	E	R	K	N	Q	S	T	A	V	L	I	F	Y	W	H	M	C	P
0	0.23405	0.06556	0.02579	0.15032	0.07535	0.01099	0.08792	0.07692	0.04707	0.01620	0.00923	0.01265	0.00768	0.02012	0.01587	0.00160	0.07358	0.03874	0.02480	0.00555
1	0.01184	0.03192	0.10144	0.12833	0.11986	0.02305	0.02338	0.17135	0.04822	0.10390	0.03108	0.08428	0.04802	0.04648	0.00553	0.00159	0.00487	0.00525	0.00344	0.00617
2	0.00990	0.00715	0.00825	0.00717	0.00931	0.02446	0.00558	0.01448	0.20506	0.10706	0.28349	0.02230	0.05665	0.00829	0.04439	0.00162	0.01668	0.00583	0.03614	0.12619
3	0.02448	0.01055	0.05162	0.20017	0.09171	0.02310	0.02420	0.19688	0.20875	0.03234	0.02602	0.01349	0.00953	0.00711	0.05847	0.00183	0.00548	0.00440	0.00342	0.00645
4	0.00551	0.00454	0.00478	0.00482	0.00617	0.00388	0.00354	0.00667	0.01029	0.01259	0.11112	0.09819	0.65743	0.04278	0.00605	0.00165	0.00238	0.00956	0.00422	0.00381
5	0.01593	0.01169	0.01256	0.00991	0.01325	0.01296	0.00809	0.60453	0.16210	0.05171	0.01261	0.01233	0.00907	0.00557	0.00450	0.00138	0.00459	0.00429	0.03544	0.00749
6	0.00787	0.00394	0.00590	0.00590	0.00590	0.00394	0.00394	0.00590	0.00590	0.00787	0.00787	0.01377	0.00787	0.01574	0.01771	0.86816	0.00394	0.00394	0.00197	0.00197
7	0.00856	0.00805	0.01359	0.82986	0.03121	0.01007	0.01258	0.01158	0.00906	0.01158	0.00805	0.01208	0.00604	0.00453	0.00453	0.00151	0.00604	0.00403	0.00201	0.00503
8	0.79355	0.00949	0.03627	0.00672	0.00974	0.01032	0.02953	0.03377	0.00822	0.02015	0.00658	0.00768	0.00507	0.00423	0.00298	0.00141	0.00378	0.00262	0.00280	0.00508
9	0.01211	0.84348	0.02374	0.00775	0.01163	0.01793	0.00775	0.01357	0.00921	0.01066	0.00630	0.00727	0.00582	0.00388	0.00291	0.00097	0.00485	0.00242	0.00194	0.00582
10	0.51443	0.00788	0.00681	0.00600	0.00841	0.00882	0.00486	0.09785	0.00982	0.03904	0.00948	0.01064	0.00726	0.00468	0.00314	0.00130	0.00328	0.00318	0.24804	0.00508
11	0.01530	0.02851	0.26286	0.01077	0.01527	0.04568	0.07294	0.05776	0.03944	0.38556	0.01313	0.01270	0.00875	0.00500	0.00449	0.00141	0.00530	0.00413	0.00390	0.00711
12	0.00658	0.00465	0.00643	0.00643	0.00692	0.00515	0.00460	0.00748	0.00698	0.00980	0.01265	0.02159	0.01289	0.30479	0.51341	0.04913	0.00912	0.00539	0.00251	0.00350
13	0.00643	0.00443	0.00535	0.00533	0.00572	0.00428	0.00341	0.00722	0.00890	0.01223	0.28402	0.11035	0.02667	0.47892	0.01539	0.00314	0.00346	0.00775	0.00365	0.00335
14	0.01746	0.00746	0.00987	0.00777	0.01082	0.00671	0.00634	0.07258	0.01351	0.60934	0.16879	0.01863	0.01700	0.00630	0.00471	0.00140	0.00360	0.00522	0.00542	0.00705
15	0.00621	0.00456	0.00559	0.00543	0.00654	0.00413	0.00403	0.00803	0.01183	0.01633	0.54859	0.09124	0.21236	0.00992	0.00528	0.00146	0.00221	0.00865	0.04349	0.00413
16	0.01657	0.01513	0.01271	0.01048	0.01352	0.29510	0.00831	0.42595	0.05029	0.05953	0.01151	0.01164	0.03780	0.00544	0.00441	0.00131	0.00588	0.00395	0.00381	0.00668
17	0.01354	0.03148	0.01194	0.04942	0.06176	0.01141	0.00796	0.28981	0.30330	0.07573	0.01403	0.01436	0.01053	0.03635	0.00514	0.00152	0.00431	0.00454	0.04591	0.00695
18	0.00681	0.00527	0.00655	0.02214	0.03792	0.00489	0.00476	0.00897	0.05120	0.02694	0.31838	0.16843	0.24024	0.02859	0.00563	0.00156	0.00267	0.00860	0.00432	0.04615
19	0.01068	0.09420	0.44662	0.02934	0.01799	0.04769	0.11955	0.04512	0.06127	0.04266	0.03628	0.01125	0.00795	0.00460	0.00439	0.00140	0.00619	0.00388	0.00249	0.00646

[dist]
# distance from previous block
# <min> <max>
0	17

[block]
# block no. 11 follows, 57 sequences, length 19
# corresponding to MSA columns:
# 445-457,464-469
name=unknown_L
#
# <colnr> <probs for GDERKNQSTAVLIFYWHMCP>
#	G	D	E	R	K	N	Q	S	T	A	V	L	I	F	Y	W	H	M	C	P
0	0.27432	0.03344	0.09600	0.11386	0.06123	0.02239	0.00777	0.01209	0.04342	0.02517	0.03946	0.05773	0.07983	0.04025	0.07333	0.00205	0.00497	0.00471	0.00289	0.00508
1	0.02244	0.07456	0.11551	0.07215	0.10065	0.06269	0.12040	0.10226	0.02946	0.10896	0.03569	0.02286	0.01872	0.02534	0.00544	0.02365	0.02118	0.00434	0.00303	0.03067
2	0.00896	0.00800	0.01299	0.60466	0.06013	0.00979	0.01147	0.01164	0.00931	0.03561	0.05653	0.01508	0.00936	0.00553	0.00565	0.00157	0.08501	0.04120	0.00240	0.00511
3	0.00856	0.00805	0.01359	0.82986	0.03121	0.01007	0.01258	0.01158	0.00906	0.01158	0.00805	0.01208	0.00604	0.00453	0.00453	0.00151	0.00604	0.00403	0.00201	0.00503
4	0.00908	0.00605	0.00782	0.07541	0.01024	0.00601	0.00584	0.04873	0.06717	0.11407	0.39119	0.06064	0.09745	0.00868	0.00519	0.00151	0.00311	0.07214	0.00460	0.00505
5	0.00590	0.00498	0.00515	0.00525	0.00648	0.02788	0.00382	0.00708	0.01032	0.01275	0.13908	0.17697	0.52890	0.03755	0.00595	0.00165	0.00257	0.00967	0.00421	0.00387
6	0.00868	0.00800	0.01337	0.75266	0.06702	0.00982	0.01220	0.01164	0.00914	0.01198	0.00840	0.01227	0.00636	0.00454	0.00446	0.00148	0.00582	0.00404	0.04301	0.00510
7	0.00618	0.00462	0.00574	0.00546	0.00663	0.00418	0.00409	0.00810	0.01228	0.01688	0.64330	0.03598	0.21035	0.00975	0.00535	0.00145	0.00217	0.00849	0.00482	0.00418
8	0.00651	0.00470	0.00648	0.00648	0.00701	0.00523	0.00466	0.00758	0.00705	0.00993	0.01287	0.02186	0.01309	0.31022	0.54897	0.00629	0.00949	0.00545	0.00254	0.00360
9	0.01566	0.13938	0.01462	0.01002	0.01339	0.11282	0.00832	0.48521	0.11801	0.02249	0.01067	0.01077	0.00797	0.00520	0.00424	0.00130	0.00518	0.00382	0.00388	0.00705
10	0.00856	0.00805	0.01359	0.82986	0.03121	0.01007	0.01258	0.01158	0.00906	0.01158	0.00805	0.01208	0.00604	0.00453	0.00453	0.00151	0.00604	0.00403	0.00201	0.00503
11	0.01058	0.18260	0.42099	0.01104	0.01586	0.05331	0.03028	0.04038	0.08723	0.02685	0.00994	0.05912	0.00817	0.00511	0.00435	0.00137	0.02001	0.00398	0.00249	0.00632
12	0.74470	0.00864	0.00707	0.00625	0.00905	0.00986	0.00512	0.01448	0.05537	0.07297	0.00800	0.00869	0.00601	0.00444	0.00304	0.00140	0.00350	0.00279	0.02341	0.00521
13	0.01098	0.01156	0.18495	0.01070	0.04981	0.02094	0.07998	0.06535	0.12872	0.12333	0.21084	0.04177	0.02830	0.00637	0.00481	0.00145	0.00450	0.00557	0.00388	0.00619
14	0.00578	0.00430	0.00577	0.00664	0.00689	0.00429	0.00455	0.00658	0.00857	0.01153	0.02385	0.78865	0.02854	0.01382	0.00632	0.00185	0.05189	0.01235	0.00407	0.00376
15	0.02865	0.47608	0.05804	0.05899	0.01544	0.01532	0.13635	0.13597	0.01132	0.01449	0.00767	0.00903	0.00627	0.00418	0.00372	0.00118	0.00545	0.00329	0.00242	0.00614
16	0.04521	0.01284	0.01314	0.01022	0.01373	0.06489	0.00839	0.67634	0.01983	0.07388	0.01090	0.01086	0.00770	0.00536	0.00445	0.00135	0.00507	0.00398	0.00440	0.00746
17	0.01119	0.00715	0.00851	0.00746	0.00961	0.00731	0.00582	0.01707	0.29853	0.19328	0.32875	0.02397	0.04719	0.00740	0.00491	0.00146	0.00304	0.00633	0.00497	0.00606
18	0.01636	0.01245	0.01286	0.01015	0.01346	0.05957	0.00826	0.65779	0.04978	0.04483	0.01195	0.06013	0.00924	0.00595	0.00459	0.00139	0.00495	0.00459	0.00442	0.00731

[dist]
# distance from previous block
# <min> <max>
3	5

[block]
# block no. 12 follows, 57 sequences, length 9
# corresponding to MSA columns:
# 476-484
name=unknown_M
#
# <colnr> <probs for GDERKNQSTAVLIFYWHMCP>
#	G	D	E	R	K	N	Q	S	T	A	V	L	I	F	Y	W	H	M	C	P
0	0.01171	0.49466	0.01814	0.09796	0.01342	0.03152	0.00779	0.01433	0.07971	0.06898	0.00987	0.07050	0.00876	0.00502	0.00361	0.00116	0.00463	0.00378	0.00266	0.05179
1	0.59704	0.00840	0.00812	0.02489	0.03815	0.02196	0.03682	0.01235	0.00810	0.01783	0.00866	0.07036	0.00778	0.02758	0.03672	0.00175	0.02969	0.00375	0.03521	0.00484
2	0.00624	0.00476	0.00671	0.00712	0.00793	0.00449	0.04435	0.00748	0.00926	0.01209	0.02592	0.46392	0.12479	0.06379	0.00688	0.00200	0.00331	0.19107	0.00401	0.00388
3	0.01048	0.02029	0.57935	0.01274	0.01823	0.04252	0.05378	0.10034	0.03066	0.01565	0.00854	0.01000	0.00623	0.00473	0.00516	0.00146	0.06732	0.00360	0.00231	0.00661
4	0.21813	0.03748	0.04581	0.04602	0.01498	0.04423	0.17302	0.12237	0.01042	0.01653	0.00782	0.01010	0.00630	0.00613	0.03292	0.00173	0.19391	0.00383	0.00263	0.00565
5	0.04077	0.01060	0.01136	0.00938	0.01199	0.11506	0.03826	0.12680	0.11352	0.11623	0.02738	0.07936	0.01073	0.00649	0.01802	0.00145	0.09816	0.00467	0.00359	0.15617
6	0.00587	0.00433	0.00555	0.00634	0.00688	0.00411	0.00440	0.00733	0.04268	0.01242	0.07620	0.66397	0.08743	0.01328	0.00569	0.00179	0.00267	0.04089	0.00427	0.00389
7	0.04486	0.04038	0.01246	0.00929	0.01274	0.01168	0.00770	0.48891	0.04270	0.22953	0.01277	0.01224	0.00880	0.00540	0.00437	0.00135	0.00448	0.00413	0.03881	0.00740
8	0.00772	0.00404	0.00605	0.00605	0.00614	0.00412	0.00412	0.00614	0.00605	0.00816	0.00834	0.01422	0.00825	0.01774	0.10597	0.77378	0.00483	0.00404	0.00202	0.00220

[dist]
# distance from previous block
# <min> <max>
2	5

[block]
# block no. 13 follows, 57 sequences, length 8
# corresponding to MSA columns:
# 492-499
name=unknown_N
#
# <colnr> <probs for GDERKNQSTAVLIFYWHMCP>
#	G	D	E	R	K	N	Q	S	T	A	V	L	I	F	Y	W	H	M	C	P
0	0.00592	0.00456	0.00617	0.00652	0.00717	0.00434	0.03003	0.00696	0.00924	0.01224	0.10010	0.55954	0.14468	0.04828	0.00667	0.00186	0.02663	0.01118	0.00409	0.00383
1	0.00555	0.00452	0.00495	0.00525	0.00649	0.00391	0.00392	0.00671	0.01001	0.01222	0.03991	0.20135	0.58968	0.01210	0.00552	0.00164	0.00252	0.07572	0.00420	0.00383
2	0.01938	0.00786	0.01047	0.00809	0.01147	0.00701	0.00666	0.07105	0.01350	0.72218	0.06014	0.01613	0.01269	0.00579	0.00460	0.00140	0.00384	0.00472	0.00551	0.00753
3	0.23066	0.01086	0.01111	0.00893	0.01219	0.01205	0.00731	0.42234	0.13275	0.09082	0.01144	0.01127	0.00820	0.00525	0.00411	0.00140	0.00431	0.00387	0.00420	0.00693
4	0.00887	0.00704	0.00761	0.00675	0.00876	0.00718	0.00526	0.15923	0.15424	0.01779	0.19850	0.03059	0.35252	0.00891	0.00507	0.00148	0.00300	0.00745	0.00451	0.00525
5	0.01022	0.01101	0.02262	0.10919	0.13374	0.01069	0.54271	0.01367	0.01061	0.01449	0.06661	0.01362	0.00941	0.00432	0.00514	0.00149	0.00675	0.00522	0.00245	0.00601
6	0.00897	0.00780	0.01242	0.62571	0.02578	0.00950	0.01098	0.07163	0.00961	0.01253	0.00868	0.01269	0.00684	0.00839	0.08937	0.06138	0.00644	0.00411	0.00225	0.00493
7	0.06874	0.09865	0.01147	0.05866	0.12244	0.06777	0.00739	0.04854	0.05552	0.01329	0.01380	0.15636	0.04156	0.13625	0.00807	0.00194	0.06294	0.01861	0.00298	0.00503

[dist]
# distance from previous block
# <min> <max>
1	15

[block]
# block no. 14 follows, 57 sequences, length 24
# corresponding to MSA columns:
# 516-539
name=unknown_O
#
# <colnr> <probs for GDERKNQSTAVLIFYWHMCP>
#	G	D	E	R	K	N	Q	S	T	A	V	L	I	F	Y	W	H	M	C	P
0	0.15605	0.31343	0.14762	0.01032	0.04222	0.08355	0.05448	0.05658	0.01016	0.04416	0.00757	0.00876	0.00607	0.00438	0.00404	0.00126	0.03790	0.00308	0.00242	0.00596
1	0.06125	0.03554	0.09081	0.28969	0.12002	0.02937	0.03643	0.13460	0.02811	0.05722	0.04618	0.01227	0.00849	0.00492	0.00467	0.00143	0.02595	0.00409	0.00286	0.00608
2	0.00761	0.04261	0.00803	0.00711	0.00803	0.00663	0.00541	0.03016	0.02452	0.03618	0.18634	0.30175	0.12544	0.02771	0.00751	0.02098	0.13712	0.00863	0.00389	0.00436
3	0.01201	0.64840	0.11525	0.00946	0.03485	0.04986	0.03242	0.03131	0.00974	0.01173	0.00679	0.00791	0.00592	0.00400	0.00327	0.00107	0.00530	0.00272	0.00203	0.00598
4	0.00601	0.00445	0.00561	0.00568	0.00661	0.00405	0.00412	0.00764	0.01135	0.01550	0.48256	0.24252	0.16538	0.01090	0.00546	0.00155	0.00229	0.00963	0.00466	0.00405
5	0.00674	0.00477	0.00575	0.00541	0.00678	0.00423	0.00409	0.00849	0.01191	0.05689	0.48789	0.03650	0.32407	0.00989	0.00531	0.00146	0.00228	0.00851	0.00473	0.00429
6	0.00659	0.00439	0.00494	0.00494	0.00494	0.00439	0.00275	0.00659	0.00659	0.00879	0.01428	0.02965	0.01647	0.84075	0.02306	0.00439	0.00439	0.00659	0.00275	0.00275
7	0.00658	0.00444	0.00520	0.00520	0.00528	0.00453	0.00306	0.00675	0.00666	0.00897	0.01405	0.02837	0.01592	0.75346	0.10959	0.00471	0.00523	0.00640	0.00271	0.00289
8	0.00909	0.02344	0.81727	0.01292	0.01961	0.01052	0.01674	0.01435	0.00957	0.01435	0.00813	0.00957	0.00574	0.00431	0.00431	0.00144	0.00670	0.00335	0.00191	0.00670
9	0.00875	0.00825	0.01394	0.77211	0.08746	0.01012	0.01268	0.01175	0.00915	0.01181	0.00809	0.01202	0.00612	0.00449	0.00453	0.00150	0.00599	0.00403	0.00203	0.00519
10	0.01693	0.02160	0.01284	0.01167	0.01401	0.82256	0.00876	0.01809	0.01284	0.01109	0.00700	0.00817	0.00584	0.00467	0.00409	0.00117	0.00817	0.00292	0.00233	0.00525
11	0.87276	0.00876	0.00666	0.00596	0.00876	0.01017	0.00491	0.01332	0.00771	0.02033	0.00631	0.00736	0.00491	0.00421	0.00280	0.00140	0.00351	0.00245	0.00280	0.00491
12	0.00552	0.00394	0.00526	0.00631	0.00657	0.00368	0.00421	0.00631	0.00868	0.01157	0.02498	0.83779	0.02997	0.01420	0.00578	0.00184	0.00263	0.01288	0.00421	0.00368
13	0.00868	0.00829	0.01433	0.78453	0.03079	0.01015	0.05639	0.01174	0.00915	0.01174	0.00812	0.01209	0.00609	0.00449	0.00458	0.00151	0.00613	0.00410	0.00203	0.00509
14	0.00966	0.00957	0.01383	0.16509	0.01551	0.01317	0.01041	0.01103	0.00734	0.01103	0.00634	0.01032	0.00597	0.00729	0.01293	0.00189	0.67768	0.00398	0.00199	0.00497
15	0.67569	0.00780	0.00663	0.00618	0.00848	0.00898	0.00496	0.01198	0.00773	0.01819	0.00870	0.07781	0.00792	0.00933	0.12143	0.00229	0.00468	0.00367	0.00287	0.00468
16	0.05806	0.05493	0.46604	0.01442	0.02005	0.01115	0.28276	0.01431	0.00983	0.01458	0.00830	0.01025	0.00609	0.00411	0.00452	0.00144	0.00676	0.00394	0.00209	0.00636
