[name]
unknown

[dist]
# distance from previous block
# <min> <max>
0	99

[block]
# block no. 0 follows, 78 sequences, length 66
# corresponding to MSA columns:
# 145-210
name=unknown_A
#
# <colnr> <probs for GDERKNQSTAVLIFYWHMCP>
#	G	D	E	R	K	N	Q	S	T	A	V	L	I	F	Y	W	H	M	C	P
0	0.00791	0.03814	0.13700	0.01033	0.19608	0.04754	0.01669	0.04633	0.09646	0.02864	0.17441	0.03306	0.04500	0.02781	0.00450	0.00118	0.05281	0.01292	0.00258	0.02059
1	0.03427	0.30369	0.08203	0.05707	0.04124	0.17545	0.04392	0.05517	0.07890	0.01069	0.04373	0.00863	0.00670	0.02296	0.00355	0.00103	0.02154	0.00280	0.00203	0.00458
2	0.00541	0.00432	0.00538	0.00501	0.00617	0.00392	0.00372	0.00657	0.00787	0.01106	0.23374	0.30719	0.11346	0.00764	0.00438	0.00113	0.05140	0.00660	0.00309	0.21197
3	0.00936	0.72570	0.06586	0.00670	0.02453	0.01287	0.00657	0.03356	0.00763	0.02130	0.00609	0.00800	0.00559	0.00351	0.00257	0.00085	0.00386	0.04911	0.00172	0.00462
4	0.04498	0.00426	0.00514	0.00484	0.00564	0.00423	0.00346	0.00693	0.02711	0.03012	0.24470	0.16492	0.05108	0.24192	0.01903	0.00184	0.05187	0.00585	0.00293	0.07915
5	0.01149	0.06989	0.07519	0.00855	0.06519	0.02103	0.00696	0.39661	0.15474	0.10013	0.01073	0.01055	0.04404	0.00436	0.00349	0.00108	0.00370	0.00342	0.00320	0.00563
6	0.01002	0.04938	0.09690	0.01224	0.25856	0.07433	0.04336	0.08945	0.22118	0.08515	0.01825	0.00997	0.00731	0.00389	0.00350	0.00109	0.00404	0.00332	0.00262	0.00545
7	0.00469	0.00345	0.00455	0.00514	0.00555	0.00324	0.00358	0.00542	0.00688	0.00928	0.01836	0.73633	0.02173	0.02742	0.00487	0.00145	0.01939	0.06170	0.00318	0.05381
8	0.04954	0.03711	0.00935	0.00786	0.00978	0.19898	0.00622	0.12259	0.40305	0.01369	0.00999	0.01001	0.00770	0.00452	0.00425	0.00114	0.09298	0.00328	0.00288	0.00506
9	0.02998	0.00640	0.00742	0.00544	0.00849	0.00509	0.00436	0.01011	0.05530	0.06590	0.00725	0.00798	0.00578	0.00289	0.00274	0.00062	0.00268	0.00231	0.00234	0.76692
10	0.00463	0.00334	0.00432	0.00485	0.00532	0.00305	0.00332	0.00542	0.00713	0.00974	0.07600	0.71597	0.04319	0.01012	0.00434	0.00134	0.00205	0.00912	0.03292	0.05383
11	0.01163	0.00924	0.00999	0.00808	0.01037	0.02729	0.00658	0.51088	0.23939	0.01860	0.00967	0.00970	0.00717	0.00463	0.00446	0.00116	0.09878	0.00340	0.00332	0.00567
12	0.00837	0.02949	0.05728	0.00656	0.00977	0.00573	0.07306	0.01027	0.01728	0.09416	0.00719	0.00807	0.00562	0.00298	0.00305	0.00070	0.01776	0.00249	0.00227	0.63789
13	0.00741	0.06409	0.67885	0.00958	0.01407	0.00852	0.02237	0.01118	0.03068	0.02301	0.03307	0.00836	0.00574	0.00398	0.01414	0.00119	0.05418	0.00282	0.00169	0.00508
14	0.00471	0.00385	0.00419	0.00406	0.00521	0.00344	0.00306	0.00635	0.05640	0.01125	0.26701	0.03088	0.57037	0.00828	0.00417	0.00118	0.00183	0.00701	0.00350	0.00326
15	0.00431	0.00362	0.00375	0.00383	0.00498	0.00307	0.00291	0.00525	0.00808	0.00967	0.03455	0.05780	0.77696	0.00913	0.00426	0.00124	0.00190	0.05837	0.00330	0.00302
16	0.03513	0.00921	0.00971	0.00832	0.04720	0.16457	0.03941	0.23469	0.01148	0.31564	0.01051	0.01176	0.00775	0.00449	0.00358	0.00110	0.00406	0.06297	0.01308	0.00535
17	0.03271	0.00817	0.01126	0.55229	0.19880	0.11768	0.00956	0.01018	0.00768	0.00978	0.00626	0.00885	0.00489	0.00348	0.00347	0.00112	0.00480	0.00302	0.00167	0.00433
18	0.00840	0.00960	0.02101	0.01501	0.01861	0.00900	0.83974	0.01140	0.00840	0.01140	0.00720	0.00960	0.00540	0.00300	0.00420	0.00120	0.00600	0.00420	0.00180	0.00480
19	0.01597	0.00606	0.00826	0.00633	0.00909	0.00523	0.00523	0.01735	0.01019	0.85513	0.01405	0.01212	0.00881	0.00441	0.00358	0.00110	0.00303	0.00358	0.00441	0.00606
20	0.00886	0.00765	0.00805	0.00725	0.00926	0.00886	0.00564	0.01892	0.84623	0.01489	0.01449	0.01328	0.01087	0.00483	0.00362	0.00121	0.00282	0.00403	0.00362	0.00564
21	0.00428	0.00361	0.00371	0.00368	0.00485	0.00304	0.00276	0.00525	0.00829	0.01002	0.10688	0.03360	0.78016	0.00887	0.00421	0.00120	0.00179	0.00742	0.00336	0.00304
22	0.01330	0.01697	0.01009	0.00917	0.01101	0.86058	0.00688	0.01422	0.01009	0.00871	0.00550	0.00642	0.00459	0.00367	0.00321	0.00092	0.00642	0.00229	0.00183	0.00413
23	0.00423	0.00356	0.00367	0.00374	0.00485	0.00300	0.00277	0.00513	0.00804	0.00966	0.04922	0.10577	0.76588	0.00917	0.00424	0.00122	0.00182	0.00772	0.00332	0.00300
24	0.90002	0.00689	0.00523	0.00468	0.00689	0.00799	0.00386	0.01047	0.00606	0.01597	0.00496	0.00578	0.00386	0.00330	0.00220	0.00110	0.00275	0.00193	0.00220	0.00386
25	0.00872	0.00749	0.00795	0.00722	0.00918	0.00865	0.00564	0.01841	0.80939	0.01471	0.01468	0.01447	0.01129	0.00505	0.00368	0.00123	0.00284	0.04028	0.00361	0.00553
26	0.00421	0.00361	0.00361	0.00361	0.00481	0.00301	0.00271	0.00511	0.00812	0.00962	0.03607	0.03426	0.85122	0.00902	0.00421	0.00120	0.00180	0.00751	0.00331	0.00301
27	0.90002	0.00689	0.00523	0.00468	0.00689	0.00799	0.00386	0.01047	0.00606	0.01597	0.00496	0.00578	0.00386	0.00330	0.00220	0.00110	0.00275	0.00193	0.00220	0.00386
28	0.00779	0.00779	0.01091	0.00935	0.00935	0.01091	0.00779	0.00857	0.00545	0.00857	0.00467	0.00779	0.00467	0.00623	0.01168	0.00156	0.86836	0.00312	0.00156	0.00389
29	0.00504	0.00364	0.00476	0.00448	0.00532	0.00336	0.00336	0.00672	0.01008	0.01428	0.85079	0.02660	0.03359	0.00728	0.00420	0.00112	0.00168	0.00644	0.00392	0.00336
30	0.01597	0.00606	0.00826	0.00633	0.00909	0.00523	0.00523	0.01735	0.01019	0.85513	0.01405	0.01212	0.00881	0.00441	0.00358	0.00110	0.00303	0.00358	0.00441	0.00606
31	0.00779	0.00779	0.01091	0.00935	0.00935	0.01091	0.00779	0.00857	0.00545	0.00857	0.00467	0.00779	0.00467	0.00623	0.01168	0.00156	0.86836	0.00312	0.00156	0.00389
32	0.90002	0.00689	0.00523	0.00468	0.00689	0.00799	0.00386	0.01047	0.00606	0.01597	0.00496	0.00578	0.00386	0.00330	0.00220	0.00110	0.00275	0.00193	0.00220	0.00386
33	0.00881	0.00846	0.01445	0.02185	0.85267	0.00846	0.01093	0.01093	0.00811	0.01163	0.00670	0.00881	0.00564	0.00317	0.00352	0.00106	0.00423	0.00317	0.00176	0.00564
34	0.01353	0.00997	0.01068	0.00819	0.01104	0.01104	0.00677	0.84079	0.01674	0.02244	0.00855	0.00855	0.00605	0.00427	0.00356	0.00107	0.00392	0.00321	0.00356	0.00605
35	0.00898	0.00777	0.00849	0.00749	0.00957	0.00892	0.02905	0.04298	0.79825	0.01502	0.01411	0.01304	0.01057	0.00476	0.00364	0.00120	0.00294	0.00401	0.00357	0.00562
36	0.00516	0.00386	0.00482	0.00456	0.00549	0.00363	0.00342	0.00723	0.05797	0.01377	0.70813	0.03912	0.11464	0.00737	0.00417	0.00114	0.00176	0.00646	0.00383	0.00345
37	0.00504	0.00364	0.00476	0.00448	0.00532	0.00336	0.00336	0.00672	0.01008	0.01428	0.85079	0.02660	0.03359	0.00728	0.00420	0.00112	0.00168	0.00644	0.00392	0.00336
38	0.00823	0.00786	0.01340	0.25804	0.62104	0.00831	0.01064	0.01041	0.00783	0.01092	0.00659	0.00900	0.00539	0.00328	0.00353	0.00109	0.00437	0.00317	0.00171	0.00517
39	0.01597	0.00606	0.00826	0.00633	0.00909	0.00523	0.00523	0.01735	0.01019	0.85513	0.01405	0.01212	0.00881	0.00441	0.00358	0.00110	0.00303	0.00358	0.00441	0.00606
40	0.00421	0.00361	0.00361	0.00361	0.00481	0.00301	0.00271	0.00511	0.00812	0.00962	0.03607	0.03426	0.85122	0.00902	0.00421	0.00120	0.00180	0.00751	0.00331	0.00301
41	0.01353	0.00997	0.01068	0.00819	0.01104	0.01104	0.00677	0.84079	0.01674	0.02244	0.00855	0.00855	0.00605	0.00427	0.00356	0.00107	0.00392	0.00321	0.00356	0.00605
42	0.87021	0.00727	0.03366	0.00486	0.00717	0.00800	0.00417	0.01049	0.00611	0.01582	0.00501	0.00584	0.00388	0.00331	0.00224	0.00110	0.00284	0.00195	0.00218	0.00390
43	0.00495	0.00364	0.00463	0.00438	0.00526	0.00332	0.00329	0.00654	0.00986	0.01375	0.75920	0.02746	0.12550	0.00747	0.00420	0.00113	0.00169	0.00656	0.00385	0.00332
44	0.00808	0.00873	0.01726	0.01335	0.05232	0.00901	0.55447	0.01055	0.01995	0.01077	0.00759	0.02979	0.00648	0.00424	0.00580	0.00130	0.18956	0.04434	0.00188	0.00454
45	0.00886	0.00765	0.00805	0.00725	0.00926	0.00886	0.00564	0.01892	0.84623	0.01489	0.01449	0.01328	0.01087	0.00483	0.00362	0.00121	0.00282	0.00403	0.00362	0.00564
46	0.00495	0.00364	0.00464	0.00439	0.00527	0.00332	0.00329	0.00655	0.00987	0.01379	0.76507	0.02740	0.11961	0.00746	0.00420	0.00113	0.00169	0.00655	0.00385	0.00332
47	0.00672	0.00633	0.01068	0.86632	0.02452	0.00791	0.00989	0.00910	0.00712	0.00910	0.00633	0.00949	0.00475	0.00356	0.00356	0.00119	0.00475	0.00316	0.00158	0.00396
48	0.00518	0.00346	0.00392	0.00392	0.00394	0.00347	0.00221	0.00520	0.00519	0.00693	0.01118	0.02309	0.01285	0.85614	0.03674	0.00350	0.00359	0.00515	0.00215	0.00218
49	0.00869	0.00834	0.01424	0.06994	0.80551	0.00843	0.01087	0.01082	0.00805	0.01149	0.00668	0.00885	0.00559	0.00319	0.00353	0.00106	0.00426	0.00317	0.00175	0.00554
50	0.01255	0.19233	0.01190	0.00844	0.01063	0.60156	0.00671	0.09690	0.01018	0.01003	0.00570	0.00649	0.00473	0.00360	0.00306	0.00090	0.00563	0.00231	0.00194	0.00441
51	0.00714	0.01842	0.85643	0.01015	0.01541	0.00827	0.01315	0.01128	0.00752	0.01128	0.00639	0.00752	0.00451	0.00338	0.00338	0.00113	0.00526	0.00263	0.00150	0.00526
52	0.00457	0.00345	0.00503	0.00550	0.00590	0.00323	0.04658	0.00533	0.00692	0.00923	0.01897	0.81388	0.02256	0.01071	0.00453	0.00144	0.00229	0.02365	0.00323	0.00300
53	0.00643	0.01429	0.61893	0.00843	0.01252	0.00685	0.01032	0.00976	0.00793	0.01140	0.11642	0.01401	0.13833	0.00474	0.00361	0.00114	0.00428	0.00386	0.00208	0.00468
54	0.00672	0.00633	0.01068	0.86632	0.02452	0.00791	0.00989	0.00910	0.00712	0.00910	0.00633	0.00949	0.00475	0.00356	0.00356	0.00119	0.00475	0.00316	0.00158	0.00396
55	0.01330	0.01697	0.01009	0.00917	0.01101	0.86058	0.00688	0.01422	0.01009	0.00871	0.00550	0.00642	0.00459	0.00367	0.00321	0.00092	0.00642	0.00229	0.00183	0.00413
56	0.00421	0.00361	0.00361	0.00361	0.00481	0.00301	0.00271	0.00511	0.00812	0.00962	0.03607	0.03426	0.85122	0.00902	0.00421	0.00120	0.00180	0.00751	0.00331	0.00301
57	0.00886	0.00765	0.00805	0.00725	0.00926	0.00886	0.00564	0.01892	0.84623	0.01489	0.01449	0.01328	0.01087	0.00483	0.00362	0.00121	0.00282	0.00403	0.00362	0.00564
58	0.00421	0.00361	0.00361	0.00361	0.00481	0.00301	0.00271	0.00511	0.00812	0.00962	0.03607	0.03426	0.85122	0.00902	0.00421	0.00120	0.00180	0.00751	0.00331	0.00301
59	0.00876	0.00841	0.01436	0.04263	0.83229	0.00845	0.01090	0.01088	0.00808	0.01157	0.00669	0.00883	0.00562	0.00318	0.00353	0.00106	0.00424	0.00317	0.00176	0.00560
60	0.00434	0.00310	0.00413	0.00496	0.00516	0.00289	0.00330	0.00496	0.00682	0.00909	0.01962	0.87255	0.02355	0.01115	0.00454	0.00145	0.00207	0.01012	0.00330	0.00289
61	0.90002	0.00689	0.00523	0.00468	0.00689	0.00799	0.00386	0.01047	0.00606	0.01597	0.00496	0.00578	0.00386	0.00330	0.00220	0.00110	0.00275	0.00193	0.00220	0.00386
62	0.00509	0.00381	0.00572	0.00572	0.00636	0.00445	0.00445	0.00636	0.00572	0.00826	0.00954	0.01399	0.00890	0.02670	0.86077	0.00572	0.00954	0.00381	0.00191	0.00318
63	0.01597	0.00606	0.00826	0.00633	0.00909	0.00523	0.00523	0.01735	0.01019	0.85513	0.01405	0.01212	0.00881	0.00441	0.00358	0.00110	0.00303	0.00358	0.00441	0.00606
64	0.01330	0.01697	0.01009	0.00917	0.01101	0.86058	0.00688	0.01422	0.01009	0.00871	0.00550	0.00642	0.00459	0.00367	0.00321	0.00092	0.00642	0.00229	0.00183	0.00413
65	0.01597	0.00606	0.00826	0.00633	0.00909	0.00523	0.00523	0.01735	0.01019	0.85513	0.01405	0.01212	0.00881	0.00441	0.00358	0.00110	0.00303	0.00358	0.00441	0.00606

[dist]
# distance from previous block
# <min> <max>
5	8

[block]
# block no. 1 follows, 78 sequences, length 23
# corresponding to MSA columns:
# 219-233,235-242
name=unknown_B
#
# <colnr> <probs for GDERKNQSTAVLIFYWHMCP>
#	G	D	E	R	K	N	Q	S	T	A	V	L	I	F	Y	W	H	M	C	P
0	0.00964	0.08607	0.21174	0.00944	0.09149	0.08162	0.04594	0.09683	0.14690	0.09555	0.01108	0.01127	0.07831	0.00425	0.00347	0.00109	0.00412	0.00346	0.00257	0.00515
1	0.00653	0.00334	0.00341	0.00339	0.00422	0.00332	0.00255	0.00819	0.00764	0.01334	0.06648	0.01414	0.01073	0.00435	0.00260	0.00085	0.00166	0.00352	0.83641	0.00332
2	0.00788	0.07849	0.03516	0.00721	0.09505	0.00601	0.00535	0.00955	0.00751	0.02919	0.00642	0.00750	0.00530	0.00279	0.00274	0.00063	0.00298	0.00225	0.00206	0.68593
3	0.00706	0.00901	0.19864	0.61177	0.02131	0.00777	0.01022	0.00976	0.00729	0.02846	0.00651	0.00900	0.00481	0.00349	0.00347	0.00114	0.00471	0.00300	0.00165	0.05093
4	0.00748	0.00641	0.00743	0.00540	0.00849	0.00501	0.00431	0.00962	0.06223	0.01182	0.00686	0.00777	0.00564	0.00278	0.00270	0.00057	0.00265	0.00223	0.00221	0.83839
5	0.34605	0.23575	0.08265	0.00663	0.00938	0.00997	0.04432	0.05767	0.15370	0.01354	0.00704	0.00755	0.00551	0.00355	0.00274	0.00104	0.00347	0.00252	0.00227	0.00464
6	0.00792	0.00475	0.00455	0.00419	0.00533	0.04647	0.00322	0.09536	0.00863	0.03580	0.01106	0.01241	0.00857	0.00414	0.00266	0.00087	0.00216	0.00326	0.73492	0.00371
7	0.00510	0.00378	0.00554	0.00554	0.00611	0.00435	0.00422	0.00624	0.00567	0.00813	0.00971	0.01492	0.00931	0.11210	0.77592	0.00549	0.00892	0.00395	0.00193	0.00308
8	0.00809	0.00711	0.01130	0.45003	0.25839	0.00801	0.00944	0.09353	0.00852	0.02603	0.00786	0.01186	0.00654	0.00407	0.00367	0.00117	0.00436	0.07339	0.00203	0.00463
9	0.01378	0.00958	0.01044	0.00800	0.01084	0.01046	0.00661	0.75772	0.01608	0.10645	0.00910	0.00891	0.00633	0.00429	0.00356	0.00107	0.00383	0.00324	0.00365	0.00606
10	0.00562	0.00424	0.00559	0.00553	0.00608	0.00477	0.00412	0.00726	0.07727	0.00866	0.01120	0.01917	0.01130	0.28470	0.40201	0.00403	0.04562	0.08745	0.00225	0.00311
11	0.09003	0.00906	0.01128	0.09516	0.34730	0.09448	0.00820	0.18383	0.00975	0.01373	0.00673	0.00816	0.00534	0.00344	0.00329	0.00101	0.00413	0.00286	0.00220	0.09999
12	0.01353	0.00997	0.01068	0.00819	0.01104	0.01104	0.00677	0.84079	0.01674	0.02244	0.00855	0.00855	0.00605	0.00427	0.00356	0.00107	0.00392	0.00321	0.00356	0.00605
13	0.01003	0.50595	0.12677	0.00718	0.01035	0.04589	0.00711	0.14201	0.08028	0.02450	0.00668	0.00717	0.00540	0.00348	0.00280	0.00091	0.00402	0.00243	0.00208	0.00499
14	0.00892	0.00836	0.01387	0.09580	0.58423	0.00856	0.08058	0.09446	0.02037	0.01246	0.00790	0.00975	0.03146	0.00351	0.00361	0.00109	0.00430	0.00341	0.00200	0.00538
15	0.00747	0.05521	0.63525	0.01082	0.11118	0.00820	0.01167	0.01097	0.00756	0.01122	0.00635	0.00757	0.00472	0.00327	0.00327	0.00104	0.00481	0.00261	0.00160	0.09521
16	0.00628	0.14257	0.08946	0.00518	0.00711	0.00566	0.00462	0.00774	0.00805	0.02818	0.23205	0.03741	0.19904	0.09358	0.00502	0.00125	0.00272	0.00494	0.00277	0.11638
17	0.05014	0.18096	0.03100	0.10241	0.01124	0.14328	0.00684	0.04203	0.09237	0.04095	0.00671	0.00796	0.00548	0.00412	0.00480	0.00107	0.18352	0.00271	0.00206	0.08036
18	0.00701	0.00602	0.00736	0.00643	0.07957	0.00478	0.00452	0.00850	0.00750	0.01127	0.03535	0.01153	0.09187	0.04325	0.00362	0.00079	0.00270	0.00302	0.00226	0.66264
19	0.00903	0.00702	0.00983	0.01945	0.27210	0.00663	0.01588	0.09419	0.02675	0.10294	0.04819	0.04034	0.04688	0.00418	0.00353	0.00096	0.01520	0.01742	0.00261	0.25688
20	0.00658	0.00333	0.00337	0.00336	0.00419	0.00332	0.00252	0.00824	0.00756	0.01331	0.04188	0.01375	0.01001	0.00426	0.00255	0.00084	0.00166	0.00343	0.86251	0.00332
21	0.00809	0.14193	0.43345	0.01045	0.08506	0.00879	0.10897	0.02149	0.00779	0.02977	0.00649	0.00771	0.00492	0.00322	0.00325	0.00101	0.00468	0.00272	0.00172	0.10849
22	0.00719	0.00702	0.00947	0.48816	0.01750	0.09304	0.04168	0.00983	0.07911	0.01016	0.09113	0.09909	0.02219	0.00487	0.00373	0.00118	0.00419	0.00428	0.00222	0.00397

[dist]
# distance from previous block
# <min> <max>
0	2

[block]
# block no. 2 follows, 78 sequences, length 11
# corresponding to MSA columns:
# 245-255
name=unknown_C
#
# <colnr> <probs for GDERKNQSTAVLIFYWHMCP>
#	G	D	E	R	K	N	Q	S	T	A	V	L	I	F	Y	W	H	M	C	P
0	0.00651	0.00335	0.00347	0.00346	0.00428	0.00336	0.00260	0.00816	0.00752	0.01313	0.04781	0.01388	0.01018	0.00511	0.03402	0.00102	0.00195	0.00347	0.82342	0.00332
1	0.26110	0.06450	0.20772	0.00771	0.02967	0.09732	0.00728	0.12228	0.08010	0.01393	0.00676	0.00746	0.00516	0.00361	0.00311	0.00105	0.01917	0.00254	0.00223	0.05728
2	0.69820	0.00727	0.00641	0.00552	0.00762	0.00849	0.00456	0.10074	0.00730	0.04251	0.00561	0.00646	0.00432	0.00370	0.00322	0.00114	0.07817	0.00222	0.00236	0.00417
3	0.00813	0.00730	0.01012	0.34789	0.13161	0.00844	0.00809	0.04699	0.32111	0.01222	0.00948	0.01067	0.00722	0.00404	0.00374	0.00116	0.02385	0.00346	0.00247	0.03200
4	0.00597	0.00440	0.00603	0.00615	0.00705	0.00478	0.00505	0.07309	0.00766	0.01037	0.01421	0.02451	0.05013	0.01765	0.42577	0.00358	0.00634	0.32119	0.00263	0.00344
5	0.00882	0.04061	0.10055	0.22180	0.22092	0.12671	0.08637	0.02931	0.08778	0.01090	0.00712	0.00887	0.00558	0.00359	0.00371	0.00111	0.02640	0.00312	0.00191	0.00483
6	0.00434	0.00310	0.00413	0.00496	0.00516	0.00289	0.00330	0.00496	0.00682	0.00909	0.01962	0.87255	0.02355	0.01115	0.00454	0.00145	0.00207	0.01012	0.00330	0.00289
7	0.00502	0.00450	0.04274	0.00560	0.02098	0.00376	0.04482	0.00637	0.00832	0.01123	0.30511	0.29272	0.17418	0.02402	0.00454	0.00130	0.00232	0.03586	0.00331	0.00332
8	0.00689	0.00650	0.01098	0.79913	0.09041	0.00795	0.00997	0.00924	0.00720	0.00930	0.00636	0.00944	0.00482	0.00353	0.00356	0.00118	0.00470	0.00316	0.00160	0.00409
9	0.00779	0.00779	0.01091	0.00935	0.00935	0.01091	0.00779	0.00857	0.00545	0.00857	0.00467	0.00779	0.00467	0.00623	0.01168	0.00156	0.86836	0.00312	0.00156	0.00389
10	0.00500	0.00364	0.00470	0.00443	0.00529	0.00334	0.00332	0.00663	0.00997	0.01403	0.80765	0.02700	0.07689	0.00737	0.00420	0.00112	0.00169	0.00650	0.00389	0.00334

[dist]
# distance from previous block
# <min> <max>
1	4

[block]
# block no. 3 follows, 78 sequences, length 51
# corresponding to MSA columns:
# 260-310
name=unknown_D
#
# <colnr> <probs for GDERKNQSTAVLIFYWHMCP>
#	G	D	E	R	K	N	Q	S	T	A	V	L	I	F	Y	W	H	M	C	P
0	0.00518	0.00345	0.00388	0.00388	0.00388	0.00345	0.00216	0.00518	0.00518	0.00690	0.01122	0.02330	0.01294	0.87488	0.01812	0.00345	0.00345	0.00518	0.00216	0.00216
1	0.00504	0.00364	0.00476	0.00448	0.00532	0.00336	0.00336	0.00672	0.01008	0.01428	0.85079	0.02660	0.03359	0.00728	0.00420	0.00112	0.00168	0.00644	0.00392	0.00336
2	0.00952	0.87702	0.01866	0.00609	0.00914	0.01409	0.00609	0.01066	0.00723	0.00838	0.00495	0.00571	0.00457	0.00305	0.00228	0.00076	0.00381	0.00190	0.00152	0.00457
3	0.00664	0.00332	0.00332	0.00332	0.00415	0.00332	0.00249	0.00830	0.00747	0.01327	0.01161	0.01327	0.00913	0.00415	0.00249	0.00083	0.00166	0.00332	0.89464	0.00332
4	0.00738	0.00633	0.00738	0.00527	0.00844	0.00475	0.00422	0.00896	0.00738	0.01160	0.00633	0.00738	0.00527	0.00264	0.00264	0.00053	0.00264	0.00211	0.00211	0.89664
5	0.90002	0.00689	0.00523	0.00468	0.00689	0.00799	0.00386	0.01047	0.00606	0.01597	0.00496	0.00578	0.00386	0.00330	0.00220	0.00110	0.00275	0.00193	0.00220	0.00386
6	0.00779	0.00779	0.01091	0.00935	0.00935	0.01091	0.00779	0.00857	0.00545	0.00857	0.00467	0.00779	0.00467	0.00623	0.01168	0.00156	0.86836	0.00312	0.00156	0.00389
7	0.00930	0.79681	0.09692	0.00647	0.00972	0.01354	0.00675	0.01072	0.00726	0.00865	0.00508	0.00588	0.00456	0.00308	0.00239	0.00080	0.00394	0.00197	0.00152	0.00463
8	0.00433	0.00361	0.00377	0.00373	0.00488	0.00306	0.00280	0.00534	0.00840	0.01029	0.15400	0.03315	0.73287	0.00877	0.00421	0.00119	0.00179	0.00736	0.00339	0.00306
9	0.00434	0.00310	0.00413	0.00496	0.00516	0.00289	0.00330	0.00496	0.00682	0.00909	0.01962	0.87255	0.02355	0.01115	0.00454	0.00145	0.00207	0.01012	0.00330	0.00289
10	0.00574	0.00410	0.00574	0.00656	0.00738	0.00410	0.00574	0.00738	0.00820	0.01065	0.01885	0.04016	0.02049	0.00984	0.00492	0.00164	0.00328	0.82870	0.00328	0.00328
11	0.01394	0.08957	0.01055	0.00734	0.01016	0.00927	0.00615	0.46472	0.02558	0.31086	0.01021	0.00959	0.00695	0.00421	0.00345	0.00105	0.00358	0.00323	0.00367	0.00591
12	0.00886	0.00765	0.00805	0.00725	0.00926	0.00886	0.00564	0.01892	0.84623	0.01489	0.01449	0.01328	0.01087	0.00483	0.00362	0.00121	0.00282	0.00403	0.00362	0.00564
13	0.00574	0.00410	0.00574	0.00656	0.00738	0.00410	0.00574	0.00738	0.00820	0.01065	0.01885	0.04016	0.02049	0.00984	0.00492	0.00164	0.00328	0.82870	0.00328	0.00328
14	0.00434	0.00310	0.00413	0.00496	0.00516	0.00289	0.00330	0.00496	0.00682	0.00909	0.01962	0.87255	0.02355	0.01115	0.00454	0.00145	0.00207	0.01012	0.00330	0.00289
15	0.01270	0.01137	0.01009	0.00828	0.01074	0.22715	0.00661	0.49336	0.15313	0.01769	0.00876	0.00879	0.00648	0.00421	0.00348	0.00105	0.00437	0.00311	0.00313	0.00549
16	0.90002	0.00689	0.00523	0.00468	0.00689	0.00799	0.00386	0.01047	0.00606	0.01597	0.00496	0.00578	0.00386	0.00330	0.00220	0.00110	0.00275	0.00193	0.00220	0.00386
17	0.01561	0.00614	0.00825	0.00638	0.00910	0.00542	0.00525	0.01743	0.05311	0.81200	0.01407	0.01218	0.00892	0.00443	0.00358	0.00111	0.00302	0.00360	0.00437	0.00604
18	0.01597	0.00606	0.00826	0.00633	0.00909	0.00523	0.00523	0.01735	0.01019	0.85513	0.01405	0.01212	0.00881	0.00441	0.00358	0.00110	0.00303	0.00358	0.00441	0.00606
19	0.00492	0.00363	0.00459	0.00435	0.00525	0.00331	0.00326	0.00649	0.00979	0.01360	0.73285	0.02771	0.15195	0.00753	0.00420	0.00113	0.00170	0.00659	0.00383	0.00331
20	0.00574	0.00410	0.00574	0.00656	0.00738	0.00410	0.00574	0.00738	0.00820	0.01065	0.01885	0.04016	0.02049	0.00984	0.00492	0.00164	0.00328	0.82870	0.00328	0.00328
21	0.00979	0.81420	0.01803	0.00632	0.00927	0.07592	0.00615	0.01092	0.00744	0.00840	0.00499	0.00576	0.00457	0.00309	0.00235	0.00077	0.00400	0.00193	0.00155	0.00454
22	0.09614	0.00613	0.00799	0.00618	0.00889	0.00548	0.00511	0.01673	0.00982	0.77904	0.01322	0.01154	0.00836	0.00431	0.00346	0.00110	0.00300	0.00343	0.00421	0.00586
23	0.01597	0.00606	0.00826	0.00633	0.00909	0.00523	0.00523	0.01735	0.01019	0.85513	0.01405	0.01212	0.00881	0.00441	0.00358	0.00110	0.00303	0.00358	0.00441	0.00606
24	0.00440	0.00320	0.00416	0.00491	0.00524	0.00296	0.00337	0.00510	0.00701	0.00922	0.02112	0.75151	0.10071	0.01089	0.00453	0.00143	0.00210	0.05190	0.00330	0.00292
25	0.00434	0.00310	0.00413	0.00496	0.00516	0.00289	0.00330	0.00496	0.00682	0.00909	0.01962	0.87255	0.02355	0.01115	0.00454	0.00145	0.00207	0.01012	0.00330	0.00289
26	0.00433	0.00315	0.00408	0.00483	0.00513	0.00290	0.00325	0.00497	0.00694	0.00914	0.02116	0.79424	0.10087	0.01095	0.00451	0.00142	0.00204	0.00988	0.00331	0.00290
27	0.00435	0.00361	0.00380	0.00375	0.00489	0.00306	0.00281	0.00538	0.00844	0.01039	0.17131	0.03299	0.71550	0.00873	0.00421	0.00119	0.00178	0.00734	0.00341	0.00306
28	0.01597	0.00606	0.00826	0.00633	0.00909	0.00523	0.00523	0.01735	0.01019	0.85513	0.01405	0.01212	0.00881	0.00441	0.00358	0.00110	0.00303	0.00358	0.00441	0.00606
29	0.71972	0.00672	0.00585	0.00502	0.00733	0.00743	0.00414	0.01187	0.00690	0.18712	0.00681	0.00708	0.00487	0.00353	0.00248	0.00110	0.00281	0.00226	0.00265	0.00431
30	0.01330	0.01697	0.01009	0.00917	0.01101	0.86058	0.00688	0.01422	0.01009	0.00871	0.00550	0.00642	0.00459	0.00367	0.00321	0.00092	0.00642	0.00229	0.00183	0.00413
31	0.00714	0.01842	0.85643	0.01015	0.01541	0.00827	0.01315	0.01128	0.00752	0.01128	0.00639	0.00752	0.00451	0.00338	0.00338	0.00113	0.00526	0.00263	0.00150	0.00526
32	0.01109	0.00873	0.01045	0.00814	0.01086	0.00928	0.08390	0.42479	0.21942	0.03942	0.02058	0.00999	0.00751	0.00413	0.00353	0.00105	0.00363	0.00342	0.00326	0.11684
33	0.00661	0.00332	0.00335	0.00334	0.00417	0.00332	0.00251	0.00827	0.00752	0.01329	0.02784	0.01353	0.00960	0.00421	0.00252	0.00084	0.00166	0.00338	0.87742	0.00332
34	0.00738	0.00633	0.00738	0.00527	0.00844	0.00475	0.00422	0.00896	0.00738	0.01160	0.00633	0.00738	0.00527	0.00264	0.00264	0.00053	0.00264	0.00211	0.00211	0.89664
35	0.00840	0.00960	0.02101	0.01501	0.01861	0.00900	0.83974	0.01140	0.00840	0.01140	0.00720	0.00960	0.00540	0.00300	0.00420	0.00120	0.00600	0.00420	0.00180	0.00480
36	0.00738	0.00633	0.00738	0.00527	0.00844	0.00475	0.00422	0.00896	0.00738	0.01160	0.00633	0.00738	0.00527	0.00264	0.00264	0.00053	0.00264	0.00211	0.00211	0.89664
37	0.00840	0.00960	0.02101	0.01501	0.01861	0.00900	0.83974	0.01140	0.00840	0.01140	0.00720	0.00960	0.00540	0.00300	0.00420	0.00120	0.00600	0.00420	0.00180	0.00480
38	0.00886	0.00765	0.00805	0.00725	0.00926	0.00886	0.00564	0.01892	0.84623	0.01489	0.01449	0.01328	0.01087	0.00483	0.00362	0.00121	0.00282	0.00403	0.00362	0.00564
39	0.07715	0.00913	0.01016	0.00786	0.01054	0.00996	0.04894	0.65950	0.01473	0.02020	0.01079	0.01080	0.08481	0.00458	0.00356	0.00109	0.00374	0.00357	0.00335	0.00554
40	0.00714	0.01842	0.85643	0.01015	0.01541	0.00827	0.01315	0.01128	0.00752	0.01128	0.00639	0.00752	0.00451	0.00338	0.00338	0.00113	0.00526	0.00263	0.00150	0.00526
41	0.00779	0.00779	0.01091	0.00935	0.00935	0.01091	0.00779	0.00857	0.00545	0.00857	0.00467	0.00779	0.00467	0.00623	0.01168	0.00156	0.86836	0.00312	0.00156	0.00389
42	0.00434	0.00310	0.00413	0.00496	0.00516	0.00289	0.00330	0.00496	0.00682	0.00909	0.01962	0.87255	0.02355	0.01115	0.00454	0.00145	0.00207	0.01012	0.00330	0.00289
43	0.01517	0.00694	0.00821	0.00647	0.00900	0.08505	0.00523	0.01643	0.00992	0.73252	0.01310	0.01216	0.00863	0.04903	0.00429	0.00121	0.00337	0.00354	0.00405	0.00568
44	0.01597	0.00606	0.00826	0.00633	0.00909	0.00523	0.00523	0.01735	0.01019	0.85513	0.01405	0.01212	0.00881	0.00441	0.00358	0.00110	0.00303	0.00358	0.00441	0.00606
45	0.00436	0.00358	0.00385	0.00386	0.00492	0.00306	0.00286	0.00538	0.00837	0.01040	0.17874	0.09414	0.64638	0.00887	0.00423	0.00121	0.00180	0.00751	0.00341	0.00306
46	0.00740	0.09834	0.75141	0.00992	0.01493	0.00884	0.03897	0.01122	0.00752	0.01101	0.00628	0.00741	0.00454	0.00334	0.00331	0.00110	0.00515	0.00261	0.00151	0.00518
47	0.00429	0.00361	0.00371	0.00369	0.00486	0.00304	0.00277	0.00526	0.00830	0.01005	0.11218	0.03355	0.77484	0.00885	0.00421	0.00119	0.00179	0.00741	0.00336	0.00304
48	0.00556	0.00402	0.00549	0.00615	0.00700	0.00395	0.00529	0.00715	0.00837	0.01092	0.09783	0.03846	0.08240	0.00954	0.00480	0.00156	0.00302	0.69190	0.00334	0.00327
49	0.07423	0.09003	0.01386	0.03986	0.62172	0.06771	0.02062	0.01105	0.00799	0.01138	0.00632	0.00816	0.00531	0.00321	0.00330	0.00103	0.00427	0.00292	0.00177	0.00525
50	0.00436	0.00314	0.00413	0.00489	0.00516	0.00291	0.00329	0.00503	0.00698	0.00930	0.05058	0.81104	0.05414	0.01093	0.00452	0.00143	0.00204	0.00989	0.00333	0.00291

[dist]
# distance from previous block
# <min> <max>
0	2

[block]
# block no. 4 follows, 78 sequences, length 61
# corresponding to MSA columns:
# 313-373
name=unknown_E
#
# <colnr> <probs for GDERKNQSTAVLIFYWHMCP>
#	G	D	E	R	K	N	Q	S	T	A	V	L	I	F	Y	W	H	M	C	P
0	0.00934	0.19874	0.10435	0.02764	0.35407	0.12395	0.07310	0.01933	0.00812	0.01044	0.00611	0.00772	0.00509	0.00334	0.00353	0.00101	0.03461	0.00280	0.00170	0.00502
1	0.00917	0.03019	0.01187	0.01254	0.23265	0.17508	0.00840	0.01034	0.00710	0.00940	0.00538	0.00775	0.00491	0.00485	0.00766	0.00128	0.45242	0.00294	0.00166	0.00442
2	0.00453	0.00360	0.00400	0.00393	0.00492	0.00314	0.00289	0.00562	0.00851	0.01090	0.28987	0.05101	0.52172	0.06350	0.00510	0.00132	0.00188	0.00709	0.00343	0.00306
3	0.00428	0.00359	0.00372	0.00373	0.00487	0.00303	0.00278	0.00524	0.00823	0.00999	0.10442	0.06638	0.74963	0.00895	0.00422	0.00120	0.00180	0.00752	0.00336	0.00303
4	0.00427	0.00361	0.00370	0.00368	0.00485	0.00303	0.00276	0.00524	0.00827	0.00998	0.09986	0.03366	0.78720	0.00888	0.00421	0.00120	0.00179	0.00743	0.00335	0.00303
5	0.00438	0.00313	0.00417	0.00493	0.00517	0.00292	0.00331	0.00507	0.00702	0.00942	0.07239	0.81884	0.02419	0.01091	0.00452	0.00143	0.00204	0.00989	0.00334	0.00292
6	0.00840	0.00960	0.02101	0.01501	0.01861	0.00900	0.83974	0.01140	0.00840	0.01140	0.00720	0.00960	0.00540	0.00300	0.00420	0.00120	0.00600	0.00420	0.00180	0.00480
7	0.01330	0.01697	0.01009	0.00917	0.01101	0.86058	0.00688	0.01422	0.01009	0.00871	0.00550	0.00642	0.00459	0.00367	0.00321	0.00092	0.00642	0.00229	0.00183	0.00413
8	0.00881	0.00846	0.01445	0.02185	0.85267	0.00846	0.01093	0.01093	0.00811	0.01163	0.00670	0.00881	0.00564	0.00317	0.00352	0.00106	0.00423	0.00317	0.00176	0.00564
9	0.00502	0.00367	0.00473	0.00454	0.00541	0.00338	0.00346	0.00663	0.00980	0.01368	0.73310	0.02807	0.09733	0.00758	0.00425	0.00116	0.00179	0.05925	0.00383	0.00333
10	0.00952	0.87702	0.01866	0.00609	0.00914	0.01409	0.00609	0.01066	0.00723	0.00838	0.00495	0.00571	0.00457	0.00305	0.00228	0.00076	0.00381	0.00190	0.00152	0.00457
11	0.00434	0.00310	0.00413	0.00496	0.00516	0.00289	0.00330	0.00496	0.00682	0.00909	0.01962	0.87255	0.02355	0.01115	0.00454	0.00145	0.00207	0.01012	0.00330	0.00289
12	0.00518	0.00383	0.00492	0.00536	0.00624	0.00363	0.00442	0.00658	0.00835	0.01087	0.14404	0.09075	0.22809	0.00925	0.00457	0.00143	0.00257	0.43773	0.01899	0.00320
13	0.00814	0.00730	0.01142	0.57074	0.15542	0.00850	0.02444	0.13255	0.02583	0.01164	0.00690	0.00932	0.00522	0.00362	0.00357	0.00115	0.00452	0.00321	0.00195	0.00459
14	0.00718	0.01609	0.68187	0.12096	0.03965	0.00820	0.04100	0.01095	0.00751	0.01101	0.00642	0.00788	0.00461	0.00337	0.00343	0.00113	0.00515	0.00276	0.00154	0.01929
15	0.00916	0.09681	0.48287	0.00957	0.01385	0.00897	0.09609	0.12185	0.01947	0.08769	0.00740	0.00818	0.00528	0.00353	0.00340	0.00108	0.00476	0.00290	0.00210	0.01504
16	0.09023	0.00875	0.06638	0.00945	0.02739	0.01534	0.23474	0.16275	0.03752	0.28149	0.02406	0.01011	0.00707	0.00387	0.00362	0.00113	0.00414	0.00352	0.00306	0.00538
17	0.01566	0.00609	0.00820	0.00632	0.00903	0.00534	0.00521	0.02775	0.02458	0.81531	0.01394	0.01211	0.00882	0.00441	0.00356	0.00110	0.00301	0.00358	0.01997	0.00600
18	0.02783	0.04201	0.16683	0.00815	0.02739	0.03145	0.12859	0.02535	0.00762	0.03226	0.01306	0.40052	0.01400	0.00717	0.00417	0.00128	0.01905	0.03671	0.00258	0.00397
19	0.00796	0.05185	0.54557	0.01128	0.03543	0.00870	0.21567	0.02958	0.01956	0.03116	0.00687	0.00819	0.00498	0.00333	0.00355	0.00113	0.00524	0.00305	0.00173	0.00517
20	0.00823	0.00863	0.01216	0.01007	0.01066	0.06628	0.11556	0.00931	0.00614	0.00895	0.00506	0.00793	0.00476	0.00565	0.01016	0.00147	0.70016	0.00320	0.00161	0.00403
21	0.00668	0.00700	0.08738	0.00929	0.08305	0.00670	0.13458	0.00835	0.00652	0.00957	0.00789	0.01124	0.00696	0.02527	0.33814	0.04434	0.14058	0.00355	0.05902	0.00386
22	0.00847	0.16478	0.18780	0.04264	0.28110	0.02445	0.20740	0.01101	0.00791	0.01078	0.00657	0.00858	0.00531	0.00326	0.00345	0.00106	0.00483	0.01384	0.00169	0.00506
23	0.01227	0.03658	0.01271	0.00933	0.01229	0.01067	0.15900	0.62856	0.05019	0.01967	0.00844	0.00885	0.00609	0.00403	0.00364	0.00109	0.00425	0.00338	0.00318	0.00576
24	0.00421	0.00361	0.00361	0.00361	0.00481	0.00301	0.00271	0.00511	0.00812	0.00962	0.03607	0.03426	0.85122	0.00902	0.00421	0.00120	0.00180	0.00751	0.00331	0.00301
25	0.00611	0.00534	0.06164	0.04624	0.04425	0.00467	0.01520	0.04720	0.05310	0.04406	0.12413	0.46678	0.04299	0.00835	0.00419	0.00130	0.00266	0.01489	0.00317	0.00373
26	0.01007	0.04003	0.08827	0.05830	0.42464	0.02401	0.06285	0.07193	0.03246	0.14066	0.00807	0.00924	0.00608	0.00352	0.00352	0.00108	0.00424	0.00322	0.00231	0.00550
27	0.00518	0.00345	0.00388	0.00388	0.00388	0.00345	0.00216	0.00518	0.00518	0.00690	0.01122	0.02330	0.01294	0.87488	0.01812	0.00345	0.00345	0.00518	0.00216	0.00216
28	0.00454	0.00362	0.00407	0.00396	0.00501	0.00315	0.00297	0.00576	0.00890	0.01149	0.36324	0.03118	0.52289	0.00832	0.00420	0.00117	0.00175	0.00708	0.00355	0.00315
29	0.00768	0.00806	0.06655	0.42673	0.38107	0.00824	0.01050	0.01001	0.00753	0.01032	0.00645	0.00903	0.00511	0.00344	0.00372	0.00114	0.02486	0.00313	0.00165	0.00476
30	0.78543	0.06448	0.00642	0.00506	0.00729	0.06252	0.00419	0.01072	0.00639	0.01502	0.00499	0.00582	0.00395	0.00331	0.00227	0.00107	0.00306	0.00195	0.00214	0.00392
31	0.00916	0.00780	0.00822	0.00731	0.00937	0.00900	0.00571	0.07272	0.79194	0.01539	0.01410	0.01297	0.01055	0.00479	0.00362	0.00120	0.00289	0.00397	0.00362	0.00566
32	0.00634	0.00483	0.00600	0.00598	0.05989	0.00470	0.00422	0.08190	0.06381	0.02723	0.50895	0.02385	0.16457	0.00679	0.00404	0.00112	0.00217	0.00588	0.00362	0.01412
33	0.01597	0.00606	0.00826	0.00633	0.00909	0.00523	0.00523	0.01735	0.01019	0.85513	0.01405	0.01212	0.00881	0.00441	0.00358	0.00110	0.00303	0.00358	0.00441	0.00606
34	0.11726	0.43560	0.14815	0.06157	0.01052	0.01044	0.00687	0.01114	0.00744	0.09376	0.00660	0.00738	0.00520	0.00337	0.00267	0.00093	0.00375	0.00236	0.06035	0.00462
35	0.33642	0.03336	0.00889	0.02513	0.11144	0.20476	0.01511	0.13434	0.00900	0.02434	0.00693	0.06248	0.00594	0.00403	0.00301	0.00106	0.00401	0.00295	0.00233	0.00446
36	0.01490	0.00777	0.00932	0.00715	0.00994	0.00778	0.00591	0.37827	0.01306	0.49016	0.01164	0.01055	0.00760	0.00435	0.00357	0.00109	0.00342	0.00342	0.00404	0.00606
37	0.00738	0.00633	0.00738	0.00527	0.00844	0.00475	0.00422	0.00896	0.00738	0.01160	0.00633	0.00738	0.00527	0.00264	0.00264	0.00053	0.00264	0.00211	0.00211	0.89664
38	0.00434	0.00361	0.00379	0.00374	0.00489	0.00306	0.00281	0.00536	0.00842	0.01035	0.16353	0.03306	0.72331	0.00874	0.00421	0.00119	0.00178	0.00735	0.00340	0.00306
39	0.00465	0.00362	0.00422	0.00407	0.00508	0.00320	0.00306	0.00597	0.00917	0.01211	0.47230	0.03016	0.41343	0.00809	0.00420	0.00116	0.00174	0.00694	0.00363	0.00320
40	0.00738	0.00633	0.00738	0.00527	0.00844	0.00475	0.00422	0.00896	0.00738	0.01160	0.00633	0.00738	0.00527	0.00264	0.00264	0.00053	0.00264	0.00211	0.00211	0.89664
41	0.00534	0.00403	0.00431	0.00411	0.00542	0.00357	0.00312	0.00695	0.06331	0.06411	0.11477	0.03072	0.66092	0.00828	0.00413	0.00119	0.00194	0.00693	0.00346	0.00341
42	0.01353	0.00997	0.01068	0.00819	0.01104	0.01104	0.00677	0.84079	0.01674	0.02244	0.00855	0.00855	0.00605	0.00427	0.00356	0.00107	0.00392	0.00321	0.00356	0.00605
43	0.07210	0.00611	0.00807	0.00623	0.00895	0.00541	0.00515	0.01691	0.00993	0.80185	0.01347	0.01172	0.00850	0.00434	0.00349	0.00110	0.00301	0.00348	0.00427	0.00592
44	0.00840	0.00960	0.02101	0.01501	0.01861	0.00900	0.83974	0.01140	0.00840	0.01140	0.00720	0.00960	0.00540	0.00300	0.00420	0.00120	0.00600	0.00420	0.00180	0.00480
45	0.00433	0.00313	0.00410	0.00487	0.00514	0.00290	0.00327	0.00497	0.00690	0.00912	0.02070	0.81768	0.07773	0.01101	0.00452	0.00143	0.00205	0.00995	0.00331	0.00290
46	0.06719	0.00867	0.01323	0.11521	0.63984	0.06248	0.02051	0.01090	0.00799	0.01144	0.00647	0.00855	0.00535	0.00325	0.00343	0.00107	0.00435	0.00305	0.00178	0.00523
47	0.00510	0.00365	0.00477	0.00477	0.00531	0.00391	0.00345	0.00599	0.00599	0.00838	0.01357	0.01919	0.11853	0.26359	0.45520	0.00418	0.00630	0.00465	0.06060	0.00288
48	0.01330	0.01697	0.01009	0.00917	0.01101	0.86058	0.00688	0.01422	0.01009	0.00871	0.00550	0.00642	0.00459	0.00367	0.00321	0.00092	0.00642	0.00229	0.00183	0.00413
49	0.00433	0.00358	0.00380	0.00381	0.00490	0.00305	0.00283	0.00532	0.00829	0.01021	0.14408	0.08811	0.68757	0.00892	0.00423	0.00121	0.00180	0.00754	0.00339	0.00305
50	0.00925	0.78908	0.04936	0.00607	0.00906	0.01318	0.00613	0.01053	0.00726	0.00880	0.00543	0.00626	0.00486	0.00313	0.00234	0.00078	0.00373	0.00202	0.05823	0.00452
51	0.01588	0.00621	0.00836	0.00641	0.00917	0.00546	0.00529	0.04965	0.01045	0.82247	0.01383	0.01198	0.00871	0.00440	0.00358	0.00110	0.00306	0.00357	0.00437	0.00606
52	0.00494	0.00365	0.00445	0.00427	0.00522	0.00327	0.00319	0.00634	0.00937	0.02609	0.56347	0.06170	0.27517	0.00790	0.00421	0.00116	0.00175	0.00686	0.00372	0.00328
53	0.00990	0.01144	0.00780	0.00739	0.00869	0.50823	0.00545	0.02365	0.00931	0.00980	0.11157	0.22645	0.01299	0.00601	0.00365	0.00107	0.00460	0.00480	0.02348	0.00374
54	0.00795	0.21127	0.54900	0.00925	0.01362	0.00936	0.06381	0.01113	0.00759	0.03546	0.00681	0.00858	0.00531	0.00380	0.01314	0.00112	0.00489	0.03122	0.00168	0.00501
55	0.00817	0.00491	0.00651	0.00582	0.00694	0.01518	0.01628	0.05202	0.00731	0.19320	0.01107	0.01558	0.02013	0.20980	0.35677	0.00353	0.03559	0.01363	0.01379	0.00378
56	0.00424	0.00348	0.00373	0.00394	0.00490	0.00298	0.00285	0.00507	0.00780	0.00949	0.03207	0.23802	0.65005	0.00954	0.00429	0.00126	0.00187	0.00815	0.00331	0.00298
57	0.00584	0.00381	0.00485	0.00450	0.00547	0.00355	0.00341	0.00764	0.02471	0.05944	0.69735	0.02439	0.04116	0.00680	0.00399	0.00109	0.00177	0.00595	0.09073	0.00354
58	0.01100	0.02265	0.01164	0.01344	0.31761	0.33035	0.00822	0.10216	0.10372	0.01194	0.00725	0.00832	0.00583	0.00374	0.00362	0.00103	0.02732	0.00292	0.00218	0.00505
59	0.00805	0.00730	0.00949	0.13051	0.19141	0.04232	0.00720	0.05361	0.25779	0.01191	0.01123	0.01249	0.06172	0.00783	0.13250	0.00185	0.04177	0.00376	0.00250	0.00475
60	0.00478	0.00418	0.03339	0.00400	0.00528	0.00331	0.00316	0.00582	0.00813	0.03481	0.09774	0.03138	0.67867	0.06352	0.00504	0.00133	0.00205	0.00699	0.00325	0.00315

[dist]
# distance from previous block
# <min> <max>
0	1

[block]
# block no. 5 follows, 78 sequences, length 60
# corresponding to MSA columns:
# 375-380,499-552
name=unknown_F
#
# <colnr> <probs for GDERKNQSTAVLIFYWHMCP>
#	G	D	E	R	K	N	Q	S	T	A	V	L	I	F	Y	W	H	M	C	P
0	0.00513	0.00459	0.05313	0.00470	0.00595	0.00364	0.00385	0.00682	0.00950	0.01324	0.63571	0.02591	0.16186	0.00714	0.00409	0.00111	0.00194	0.00621	0.00361	0.04190
1	0.00738	0.00633	0.00738	0.00527	0.00844	0.00475	0.00422	0.00896	0.00738	0.01160	0.00633	0.00738	0.00527	0.00264	0.00264	0.00053	0.00264	0.00211	0.00211	0.89664
2	0.00653	0.00650	0.06607	0.00678	0.02746	0.02267	0.08778	0.02160	0.02481	0.01231	0.28806	0.05513	0.07861	0.00556	0.00374	0.00102	0.00292	0.04673	0.00287	0.23284
3	0.00665	0.00622	0.01047	0.82924	0.02374	0.00776	0.00965	0.00898	0.00706	0.00906	0.00647	0.00969	0.00493	0.00456	0.04049	0.00138	0.00495	0.00319	0.00160	0.00392
4	0.00986	0.67460	0.09320	0.00685	0.00998	0.08767	0.00684	0.05824	0.00805	0.00947	0.00533	0.00610	0.00465	0.00320	0.00254	0.00083	0.00417	0.00208	0.00166	0.00468
5	0.00535	0.00377	0.00469	0.00514	0.05247	0.00383	0.00294	0.00563	0.00545	0.00739	0.01103	0.04731	0.01241	0.70541	0.10985	0.00350	0.00413	0.00506	0.00214	0.00249
6	0.01049	0.00836	0.05711	0.00768	0.01007	0.01860	0.03259	0.23249	0.33129	0.12207	0.01265	0.03933	0.01005	0.00515	0.00376	0.00120	0.00344	0.08479	0.00346	0.00542
7	0.01074	0.03982	0.00862	0.00716	0.03556	0.00632	0.04089	0.07732	0.07092	0.33578	0.04763	0.09328	0.06602	0.00583	0.00425	0.00120	0.05227	0.07021	0.02126	0.00491
8	0.01008	0.37533	0.05212	0.00708	0.03129	0.01058	0.00628	0.20037	0.04097	0.05264	0.04436	0.00829	0.00675	0.00365	0.00302	0.00088	0.01453	0.00267	0.00239	0.12673
9	0.00725	0.00618	0.00723	0.00523	0.00826	0.00467	0.00417	0.00884	0.00754	0.01175	0.05436	0.00848	0.00688	0.00290	0.00273	0.00056	0.00258	0.00236	0.00221	0.84583
10	0.00740	0.00739	0.01292	0.43045	0.08591	0.00872	0.17135	0.00950	0.00708	0.00964	0.00643	0.02569	0.00529	0.00414	0.00546	0.00126	0.19198	0.00349	0.00167	0.00422
11	0.00498	0.00356	0.00486	0.00558	0.00610	0.00344	0.00432	0.00612	0.00768	0.01021	0.09445	0.45032	0.02319	0.01026	0.00467	0.00150	0.00253	0.34980	0.00335	0.00309
12	0.00482	0.00428	0.00545	0.00487	0.00627	0.00377	0.07857	0.00627	0.03281	0.01041	0.11405	0.03073	0.65821	0.00819	0.00420	0.00120	0.00222	0.01716	0.00324	0.00328
13	0.00491	0.00363	0.00458	0.00434	0.00524	0.00330	0.00326	0.00646	0.00977	0.01354	0.72154	0.02781	0.16330	0.00755	0.00420	0.00113	0.00170	0.00661	0.00382	0.00330
14	0.00421	0.00361	0.00361	0.00361	0.00481	0.00301	0.00271	0.00511	0.00812	0.00962	0.03607	0.03426	0.85122	0.00902	0.00421	0.00120	0.00180	0.00751	0.00331	0.00301
15	0.00672	0.00633	0.01068	0.86632	0.02452	0.00791	0.00989	0.00910	0.00712	0.00910	0.00633	0.00949	0.00475	0.00356	0.00356	0.00119	0.00475	0.00316	0.00158	0.00396
16	0.01353	0.00997	0.01068	0.00819	0.01104	0.01104	0.00677	0.84079	0.01674	0.02244	0.00855	0.00855	0.00605	0.00427	0.00356	0.00107	0.00392	0.00321	0.00356	0.00605
17	0.00518	0.00345	0.00388	0.00388	0.00388	0.00345	0.00216	0.00518	0.00518	0.00690	0.01122	0.02330	0.01294	0.87488	0.01812	0.00345	0.00345	0.00518	0.00216	0.00216
18	0.00952	0.87702	0.01866	0.00609	0.00914	0.01409	0.00609	0.01066	0.00723	0.00838	0.00495	0.00571	0.00457	0.00305	0.00228	0.00076	0.00381	0.00190	0.00152	0.00457
19	0.00494	0.00364	0.00462	0.00437	0.00526	0.00332	0.00328	0.00652	0.00984	0.01370	0.75052	0.02754	0.13422	0.00749	0.00420	0.00113	0.00169	0.00657	0.00384	0.00332
20	0.01330	0.01697	0.01009	0.00917	0.01101	0.86058	0.00688	0.01422	0.01009	0.00871	0.00550	0.00642	0.00459	0.00367	0.00321	0.00092	0.00642	0.00229	0.00183	0.00413
21	0.00877	0.00842	0.01438	0.03875	0.83609	0.00845	0.01091	0.01089	0.00809	0.01158	0.00669	0.00883	0.00562	0.00318	0.00353	0.00106	0.00424	0.00317	0.00176	0.00561
22	0.00738	0.00633	0.00738	0.00527	0.00844	0.00475	0.00422	0.00896	0.00738	0.01160	0.00633	0.00738	0.00527	0.00264	0.00264	0.00053	0.00264	0.00211	0.00211	0.89664
23	0.90002	0.00689	0.00523	0.00468	0.00689	0.00799	0.00386	0.01047	0.00606	0.01597	0.00496	0.00578	0.00386	0.00330	0.00220	0.00110	0.00275	0.00193	0.00220	0.00386
