[name]
unknown

[dist]
# distance from previous block
# <min> <max>
0	205

[block]
# block no. 0 follows, 75 sequences, length 17
# corresponding to MSA columns:
# 208,209,214-228
name=unknown_A
#
# <colnr> <probs for GDERKNQSTAVLIFYWHMCP>
#	G	D	E	R	K	N	Q	S	T	A	V	L	I	F	Y	W	H	M	C	P
0	0.01279	0.08280	0.00921	0.00646	0.00918	0.00679	0.00539	0.10400	0.05233	0.43576	0.01340	0.01346	0.05535	0.00468	0.00353	0.00105	0.00317	0.04090	0.00368	0.13607
1	0.03750	0.00732	0.00936	0.00948	0.13306	0.03483	0.02179	0.11801	0.10971	0.25318	0.01290	0.07202	0.01084	0.00565	0.00412	0.00125	0.02426	0.12604	0.00341	0.00528
2	0.06580	0.00771	0.00926	0.00811	0.06469	0.02798	0.02129	0.16519	0.15763	0.35022	0.05397	0.01188	0.00946	0.00451	0.00362	0.00113	0.00338	0.00367	0.00374	0.02678
3	0.50752	0.00813	0.04989	0.00675	0.04421	0.00842	0.00546	0.09254	0.09350	0.03566	0.00697	0.00763	0.00533	0.00374	0.00308	0.00111	0.03221	0.00253	0.00253	0.08279
4	0.31573	0.00828	0.05157	0.03021	0.18119	0.00835	0.00681	0.07450	0.14787	0.11596	0.00866	0.00911	0.00643	0.00386	0.00317	0.00114	0.00347	0.00299	0.00275	0.01796
5	0.06135	0.00867	0.05442	0.06999	0.42234	0.00841	0.00909	0.07459	0.10504	0.13647	0.00895	0.00990	0.00673	0.00379	0.00358	0.00113	0.00399	0.00334	0.00258	0.00568
6	0.04019	0.00905	0.01224	0.01574	0.46815	0.10418	0.02855	0.05395	0.04217	0.10017	0.08171	0.01086	0.00874	0.00396	0.00364	0.00110	0.00418	0.00353	0.00249	0.00542
7	0.07482	0.06615	0.13544	0.04668	0.20060	0.00928	0.21524	0.12362	0.00943	0.06338	0.00744	0.00884	0.00560	0.00350	0.00361	0.00113	0.00472	0.00330	0.00222	0.01501
8	0.00959	0.00881	0.01393	0.01977	0.68834	0.00904	0.01035	0.09671	0.08252	0.01344	0.00781	0.00947	0.00634	0.00354	0.00365	0.00111	0.00420	0.00335	0.00218	0.00586
9	0.00959	0.00889	0.01451	0.02110	0.76206	0.00900	0.01083	0.09598	0.00928	0.01314	0.00710	0.00906	0.00586	0.00339	0.00364	0.00109	0.00433	0.00328	0.00201	0.00586
10	0.00881	0.00816	0.01387	0.02072	0.76138	0.00816	0.01044	0.01061	0.00800	0.01142	0.00685	0.00930	0.00588	0.00425	0.00474	0.09274	0.00424	0.00326	0.00180	0.00538
11	0.00638	0.00319	0.00478	0.00478	0.00478	0.00319	0.00319	0.00478	0.00478	0.00638	0.00638	0.01116	0.00638	0.01276	0.01435	0.89314	0.00319	0.00319	0.00159	0.00159
12	0.07027	0.01009	0.01024	0.00813	0.01085	0.05277	0.00662	0.62435	0.13476	0.02089	0.00930	0.00923	0.00674	0.00440	0.00357	0.00112	0.00393	0.00330	0.00350	0.00594
13	0.00954	0.06437	0.01447	0.01978	0.70158	0.00894	0.01033	0.01207	0.05501	0.05735	0.00765	0.00933	0.00623	0.00343	0.00356	0.00108	0.00419	0.00326	0.00206	0.00577
14	0.66734	0.00773	0.00742	0.00746	0.09602	0.03097	0.03768	0.01175	0.08011	0.01553	0.00627	0.00715	0.00489	0.00353	0.00265	0.00114	0.00324	0.00242	0.00233	0.00438
15	0.00940	0.00975	0.08769	0.08196	0.61635	0.03132	0.01086	0.06761	0.00894	0.03076	0.00712	0.00901	0.00572	0.00344	0.00362	0.00110	0.00451	0.00321	0.00197	0.00565
16	0.01862	0.00537	0.00697	0.00689	0.06119	0.00569	0.00501	0.08107	0.05671	0.01456	0.53024	0.02246	0.02486	0.00681	0.00497	0.00123	0.08708	0.05267	0.00355	0.00405

[dist]
# distance from previous block
# <min> <max>
0	8

[block]
# block no. 1 follows, 75 sequences, length 73
# corresponding to MSA columns:
# 237-309
name=unknown_B
#
# <colnr> <probs for GDERKNQSTAVLIFYWHMCP>
#	G	D	E	R	K	N	Q	S	T	A	V	L	I	F	Y	W	H	M	C	P
0	0.00915	0.00884	0.01485	0.02237	0.83704	0.01984	0.01122	0.01132	0.00839	0.01196	0.00689	0.00906	0.00580	0.00328	0.00363	0.00109	0.00439	0.00326	0.00182	0.00580
1	0.01030	0.70133	0.09584	0.00670	0.01003	0.01300	0.00687	0.01179	0.00781	0.09834	0.00624	0.00677	0.00517	0.00332	0.00260	0.00086	0.00398	0.00222	0.00189	0.00494
2	0.00876	0.01056	0.16622	0.02919	0.68889	0.00868	0.01168	0.01132	0.00824	0.01190	0.00685	0.00886	0.00560	0.00332	0.00361	0.00111	0.00456	0.00317	0.00177	0.00573
3	0.01351	0.00635	0.00937	0.00722	0.00980	0.00571	0.09319	0.04864	0.01057	0.57656	0.16388	0.01478	0.01322	0.00492	0.00388	0.00115	0.00324	0.00428	0.00413	0.00561
4	0.00923	0.00968	0.01527	0.09149	0.03150	0.13028	0.41650	0.08321	0.00946	0.02383	0.04308	0.10126	0.00868	0.00446	0.00408	0.00120	0.00525	0.00458	0.00229	0.00465
5	0.00889	0.00940	0.01146	0.16513	0.10180	0.14966	0.00862	0.01016	0.00701	0.00930	0.00549	0.00823	0.00493	0.00516	0.00820	0.00137	0.47617	0.00309	0.00168	0.00426
6	0.01304	0.00660	0.00929	0.00737	0.00984	0.00629	0.07789	0.02518	0.13152	0.51773	0.06741	0.03123	0.02895	0.00506	0.00411	0.00120	0.02986	0.01780	0.00399	0.00565
7	0.00709	0.00467	0.00585	0.00517	0.00644	0.00447	0.00399	0.09588	0.01109	0.08862	0.66439	0.02435	0.04949	0.00696	0.00421	0.00115	0.00210	0.00606	0.00403	0.00400
8	0.00620	0.00437	0.00505	0.00477	0.00598	0.00419	0.00361	0.01613	0.10811	0.05891	0.30240	0.07770	0.27868	0.00793	0.02095	0.00128	0.00219	0.00640	0.08137	0.00377
9	0.00472	0.00341	0.00434	0.00480	0.00531	0.00314	0.00335	0.00567	0.00794	0.01073	0.19988	0.53905	0.12284	0.02051	0.00468	0.00140	0.00204	0.02221	0.03087	0.00311
10	0.01011	0.69148	0.02629	0.00666	0.00969	0.01360	0.00638	0.08890	0.09695	0.01074	0.00651	0.00701	0.00555	0.00346	0.00264	0.00087	0.00385	0.00233	0.00200	0.00498
11	0.00860	0.00979	0.09436	0.04352	0.41705	0.00853	0.26379	0.01122	0.00830	0.01181	0.00699	0.00911	0.00557	0.00320	0.00376	0.00110	0.00490	0.00345	0.00183	0.08310
12	0.00987	0.14542	0.27388	0.00809	0.01171	0.05184	0.03594	0.04799	0.06460	0.14034	0.03911	0.00935	0.00711	0.00377	0.00331	0.00100	0.00416	0.00297	0.00246	0.13707
13	0.00719	0.00620	0.00775	0.00898	0.15874	0.00655	0.00570	0.01215	0.34815	0.01245	0.02821	0.21470	0.15414	0.00694	0.00405	0.00127	0.00280	0.00609	0.00326	0.00467
14	0.00720	0.00539	0.00661	0.00615	0.00716	0.02655	0.01793	0.14851	0.02793	0.02962	0.01207	0.18105	0.01222	0.16432	0.32636	0.00341	0.00581	0.00530	0.00268	0.00372
15	0.08810	0.50323	0.13536	0.00712	0.01035	0.10166	0.00713	0.01210	0.00800	0.08839	0.00626	0.00686	0.00505	0.00341	0.00274	0.00092	0.00426	0.00228	0.00194	0.00485
16	0.00811	0.00773	0.01314	0.40287	0.47532	0.00847	0.01079	0.01042	0.00790	0.01081	0.00674	0.00941	0.00540	0.00345	0.00365	0.00115	0.00460	0.00327	0.00173	0.00503
17	0.00451	0.00357	0.00406	0.00430	0.00517	0.00312	0.00310	0.00546	0.00822	0.01037	0.13279	0.28898	0.48401	0.00976	0.00445	0.00131	0.00195	0.01828	0.00349	0.00311
18	0.00645	0.01754	0.00788	0.08784	0.09813	0.03479	0.04551	0.00790	0.00774	0.02403	0.09662	0.16917	0.04638	0.07046	0.14739	0.00224	0.00453	0.11901	0.00268	0.00371
19	0.00909	0.00873	0.01491	0.02254	0.84801	0.00873	0.01127	0.01127	0.00836	0.01200	0.00691	0.00909	0.00582	0.00327	0.00364	0.00109	0.00436	0.00327	0.00182	0.00582
20	0.00865	0.46759	0.41459	0.00827	0.01250	0.01168	0.00974	0.01130	0.00760	0.01006	0.00581	0.00678	0.00468	0.00331	0.00289	0.00096	0.00464	0.00232	0.00156	0.00505
21	0.00547	0.00383	0.00490	0.00459	0.00556	0.00349	0.00346	0.00711	0.01019	0.04109	0.73343	0.02779	0.12006	0.00760	0.00431	0.00116	0.00179	0.00667	0.00399	0.00352
22	0.09061	0.00691	0.01033	0.00778	0.01061	0.00600	0.20434	0.00958	0.00772	0.02950	0.00877	0.13320	0.00815	0.00419	0.00337	0.00092	0.00349	0.00391	0.00234	0.44830
23	0.03021	0.00906	0.00943	0.08753	0.01160	0.08333	0.00657	0.23717	0.36341	0.10507	0.01145	0.01111	0.00834	0.00452	0.00364	0.00117	0.00374	0.00359	0.00342	0.00564
24	0.00645	0.00413	0.00573	0.00571	0.00646	0.00437	0.00440	0.00755	0.00670	0.08730	0.01251	0.02159	0.01240	0.20710	0.42807	0.00413	0.00658	0.16292	0.00254	0.00335
25	0.00937	0.00763	0.01213	0.39480	0.31309	0.00837	0.00977	0.08810	0.00897	0.10093	0.00772	0.00974	0.00579	0.00369	0.00366	0.00116	0.00444	0.00332	0.00220	0.00513
26	0.00501	0.00358	0.00481	0.00530	0.00571	0.00355	0.00383	0.00593	0.00716	0.00969	0.09440	0.41152	0.02090	0.12980	0.14073	0.00247	0.00370	0.13580	0.00308	0.00303
27	0.00472	0.00374	0.00425	0.00412	0.00519	0.00326	0.00309	0.00600	0.00927	0.01204	0.39431	0.03185	0.48810	0.00851	0.00434	0.00120	0.00180	0.00726	0.00369	0.00326
28	0.01117	0.00890	0.00945	0.00789	0.01033	0.01009	0.00631	0.36422	0.49335	0.01865	0.01236	0.01164	0.00911	0.00474	0.00371	0.00119	0.00339	0.00380	0.00371	0.00600
29	0.00656	0.00590	0.00959	0.16186	0.01218	0.00570	0.16182	0.00877	0.02250	0.01260	0.36282	0.01809	0.05347	0.00530	0.00396	0.00110	0.00332	0.00494	0.00288	0.13666
30	0.01409	0.00819	0.00961	0.00750	0.01019	0.00852	0.00617	0.45325	0.01369	0.33045	0.01103	0.01072	0.00758	0.00662	0.08328	0.00156	0.00424	0.00351	0.00384	0.00597
31	0.00663	0.00531	0.00613	0.00578	0.00713	0.00558	0.00449	0.01145	0.31520	0.01414	0.38488	0.02447	0.10387	0.00700	0.00418	0.00125	0.00233	0.08207	0.00381	0.00428
32	0.00447	0.00331	0.00415	0.00481	0.00522	0.00302	0.00326	0.00515	0.00726	0.00943	0.02343	0.68295	0.18813	0.03071	0.00494	0.00149	0.00211	0.00979	0.00338	0.00299
33	0.08946	0.00433	0.00509	0.00466	0.00594	0.00404	0.00358	0.00811	0.00960	0.10267	0.51224	0.02548	0.19670	0.00718	0.00407	0.00117	0.00201	0.00612	0.00380	0.00373
34	0.01044	0.53446	0.17922	0.00733	0.01086	0.01210	0.00767	0.08885	0.00876	0.10000	0.00674	0.00723	0.00531	0.00348	0.00284	0.00093	0.00414	0.00242	0.00208	0.00516
35	0.00712	0.00672	0.01136	0.78866	0.09726	0.00821	0.01029	0.00955	0.00743	0.00961	0.00656	0.00973	0.00498	0.00364	0.00367	0.00121	0.00485	0.00326	0.00165	0.00423
36	0.00580	0.00499	0.00540	0.00588	0.00642	0.09406	0.00428	0.00670	0.00730	0.00930	0.01642	0.49283	0.01872	0.04273	0.15907	0.00233	0.00420	0.10740	0.00294	0.00319
37	0.01039	0.01122	0.01356	0.03022	0.59665	0.25197	0.01006	0.01222	0.00894	0.01110	0.00655	0.00839	0.00549	0.00342	0.00354	0.00105	0.00502	0.00301	0.00184	0.00535
38	0.00453	0.00363	0.00392	0.00401	0.00495	0.00316	0.00287	0.00539	0.00803	0.00993	0.09686	0.14696	0.58114	0.10097	0.00591	0.00151	0.00207	0.00777	0.00334	0.00302
39	0.19054	0.01545	0.09879	0.00862	0.01098	0.58172	0.00716	0.02718	0.00940	0.01101	0.00571	0.00665	0.00460	0.00369	0.00313	0.00101	0.00569	0.00234	0.00196	0.00436
40	0.64070	0.00604	0.00501	0.00476	0.00655	0.00674	0.00375	0.00918	0.00662	0.01450	0.01126	0.16506	0.09714	0.00550	0.00293	0.00121	0.00261	0.00413	0.00260	0.00370
41	0.09589	0.00901	0.00978	0.00769	0.01035	0.00986	0.00632	0.59935	0.01453	0.10912	0.00916	0.00943	0.00659	0.00635	0.07814	0.00153	0.00434	0.00328	0.00349	0.00578
42	0.00547	0.00395	0.00501	0.00540	0.00598	0.00384	0.00384	0.07814	0.00846	0.01137	0.12907	0.63202	0.03397	0.01026	0.00457	0.00142	0.00230	0.04805	0.00352	0.00335
43	0.01626	0.00660	0.00874	0.00670	0.00955	0.00592	0.00554	0.08944	0.01110	0.77818	0.01399	0.01218	0.00884	0.00453	0.00369	0.00113	0.00321	0.00366	0.00447	0.00625
44	0.00698	0.00768	0.08929	0.61834	0.11002	0.00781	0.00998	0.00943	0.00758	0.00992	0.00926	0.01176	0.07859	0.00410	0.00371	0.00121	0.00462	0.00361	0.00180	0.00430
45	0.00787	0.00812	0.01640	0.20719	0.10915	0.17561	0.04518	0.00968	0.00917	0.01149	0.27977	0.03317	0.06151	0.00533	0.00390	0.00114	0.00400	0.00461	0.00263	0.00409
46	0.01166	0.00510	0.00660	0.00543	0.00744	0.00450	0.00435	0.01313	0.00987	0.48228	0.17759	0.01799	0.10303	0.00559	0.00373	0.00111	0.00252	0.00466	0.12844	0.00498
47	0.00444	0.00333	0.00412	0.00475	0.00523	0.00301	0.00325	0.00516	0.00738	0.00952	0.02470	0.64938	0.24056	0.01093	0.00460	0.00143	0.00206	0.00973	0.00341	0.00301
48	0.00940	0.09901	0.01216	0.46522	0.11144	0.01713	0.03781	0.02061	0.00825	0.16275	0.00824	0.01003	0.01476	0.00378	0.00356	0.00114	0.00443	0.00328	0.00223	0.00478
49	0.00871	0.28079	0.04435	0.00917	0.01112	0.01089	0.16518	0.00999	0.00689	0.02844	0.00591	0.00827	0.00526	0.01529	0.00731	0.07926	0.29412	0.00305	0.00172	0.00428
50	0.00450	0.00328	0.00423	0.00497	0.00530	0.00303	0.00336	0.00518	0.00716	0.00942	0.02186	0.74923	0.11135	0.02825	0.00493	0.00151	0.00215	0.02391	0.00339	0.00299
51	0.00771	0.01445	0.55757	0.00918	0.03327	0.00774	0.01053	0.08761	0.00885	0.01308	0.09653	0.01087	0.00863	0.02393	0.00399	0.00119	0.01664	0.00333	0.07987	0.00504
52	0.01612	0.03118	0.40521	0.09087	0.13735	0.10671	0.02143	0.03725	0.02232	0.08663	0.00741	0.00854	0.00542	0.00364	0.00351	0.00112	0.00503	0.00294	0.00201	0.00530
53	0.00935	0.06742	0.34464	0.02992	0.24839	0.08989	0.04590	0.09927	0.00920	0.01248	0.00677	0.00815	0.00520	0.00352	0.00350	0.00110	0.00502	0.00293	0.00190	0.00542
54	0.80702	0.00829	0.07952	0.00539	0.00793	0.01983	0.00486	0.01092	0.00644	0.01595	0.00525	0.00613	0.00405	0.00342	0.00239	0.00114	0.00312	0.00206	0.00220	0.00411
55	0.00631	0.00699	0.09868	0.00782	0.00992	0.00554	0.19939	0.02539	0.00874	0.02348	0.16829	0.12658	0.25344	0.00698	0.00441	0.00126	0.01806	0.02178	0.00295	0.00396
56	0.00450	0.00373	0.00394	0.00388	0.00506	0.00317	0.00291	0.00557	0.00874	0.01079	0.18347	0.03392	0.69972	0.00898	0.00434	0.00122	0.00184	0.00755	0.00352	0.00317
57	0.08640	0.00951	0.10289	0.07981	0.49843	0.00859	0.08731	0.01150	0.03872	0.02125	0.01711	0.00923	0.00602	0.00345	0.00358	0.00113	0.00445	0.00328	0.00195	0.00538
58	0.00770	0.00683	0.01065	0.12176	0.18359	0.00637	0.11834	0.00967	0.00803	0.02788	0.01091	0.01235	0.10317	0.00394	0.00344	0.00096	0.00363	0.00362	0.07996	0.27720
59	0.00488	0.00372	0.00448	0.00433	0.00530	0.00332	0.00324	0.00630	0.00959	0.01291	0.54289	0.06069	0.30845	0.00826	0.00435	0.00120	0.00179	0.00715	0.00381	0.00332
60	0.00841	0.02537	0.00690	0.00579	0.00734	0.00573	0.00452	0.20009	0.02055	0.10420	0.35683	0.14505	0.08008	0.00706	0.00411	0.00119	0.00255	0.00606	0.00381	0.00436
61	0.20115	0.00780	0.01034	0.04085	0.26535	0.01709	0.00759	0.02892	0.07310	0.10641	0.00838	0.00976	0.02530	0.00442	0.00502	0.00123	0.17121	0.00868	0.00241	0.00497
62	0.08695	0.00908	0.01063	0.00908	0.00977	0.08988	0.00748	0.09738	0.00736	0.01104	0.00535	0.00781	0.00489	0.00570	0.00949	0.00145	0.61744	0.00304	0.00191	0.00427
63	0.03378	0.00926	0.01084	0.19096	0.01402	0.03055	0.00769	0.50968	0.02219	0.02626	0.00784	0.00890	0.00579	0.00445	0.00457	0.00118	0.10044	0.00324	0.00294	0.00543
64	0.10023	0.00738	0.01083	0.16693	0.31970	0.00777	0.01647	0.07116	0.02757	0.12827	0.00853	0.01105	0.00687	0.09581	0.00512	0.00139	0.00401	0.00345	0.00243	0.00502
65	0.12719	0.00702	0.01270	0.01013	0.01237	0.00685	0.38284	0.00955	0.00801	0.01189	0.01199	0.15547	0.01196	0.00611	0.00424	0.00136	0.00435	0.18838	0.02348	0.00411
66	0.00928	0.01536	0.00944	0.10061	0.16684	0.06970	0.02676	0.03647	0.11441	0.14544	0.02211	0.20916	0.01156	0.00656	0.02877	0.01087	0.00383	0.00511	0.00293	0.00477
67	0.00463	0.00382	0.00408	0.00400	0.00517	0.00331	0.00300	0.00594	0.02624	0.01111	0.21803	0.03312	0.64710	0.00881	0.00433	0.00122	0.00185	0.00743	0.00356	0.00324
68	0.00525	0.00392	0.00585	0.00585	0.00648	0.00456	0.00452	0.00652	0.00589	0.00848	0.00989	0.01472	0.00931	0.05293	0.83116	0.00583	0.00965	0.00398	0.00198	0.00325
69	0.10427	0.00737	0.00774	0.00679	0.00891	0.00827	0.00535	0.06224	0.54632	0.10444	0.01326	0.01248	0.00979	0.00468	0.00347	0.00118	0.00288	0.00376	0.08131	0.00548
70	0.16815	0.00707	0.02219	0.56228	0.12816	0.00820	0.00914	0.01000	0.01640	0.01113	0.00663	0.00956	0.00519	0.00369	0.00344	0.00120	0.00442	0.01701	0.00182	0.00431
71	0.01332	0.02107	0.02001	0.00828	0.09821	0.00681	0.00608	0.14716	0.03665	0.45257	0.04046	0.02200	0.00925	0.00454	0.00368	0.00111	0.01264	0.00371	0.08672	0.00573
72	0.02090	0.01648	0.11399	0.11736	0.08505	0.03106	0.03515	0.04465	0.18448	0.06714	0.16376	0.01515	0.06791	0.00506	0.00391	0.00118	0.01469	0.00431	0.00293	0.00485

[dist]
# distance from previous block
# <min> <max>
0	24

# created by:
# /home/cegg/simao/soft/augustus-3.2.1/scripts/msa2prfl.pl ./align_prep/EOG092C5Z2K.fa
