[name]
unknown

[dist]
# distance from previous block
# <min> <max>
0	69

[block]
# block no. 0 follows, 68 sequences, length 10
# corresponding to MSA columns:
# 80-84,86-90
name=unknown_A
#
# <colnr> <probs for GDERKNQSTAVLIFYWHMCP>
#	G	D	E	R	K	N	Q	S	T	A	V	L	I	F	Y	W	H	M	C	P
0	0.08859	0.01034	0.03491	0.00887	0.01112	0.15761	0.06509	0.14153	0.12604	0.07626	0.07733	0.01490	0.01104	0.00557	0.00477	0.00131	0.07403	0.08228	0.00318	0.00521
1	0.00812	0.00620	0.00751	0.00655	0.00803	0.05206	0.06274	0.09318	0.01038	0.08025	0.23947	0.13580	0.15573	0.10833	0.00637	0.00160	0.00320	0.00669	0.00363	0.00417
2	0.01163	0.00872	0.01070	0.00874	0.01108	0.00966	0.06700	0.21513	0.31500	0.12172	0.01326	0.01372	0.03285	0.05303	0.00585	0.00147	0.08660	0.00429	0.00365	0.00589
3	0.01123	0.06812	0.01669	0.01273	0.07385	0.05045	0.33118	0.27974	0.01233	0.01622	0.01041	0.03609	0.05299	0.00450	0.00420	0.00124	0.00524	0.00435	0.00277	0.00565
4	0.00975	0.01090	0.07075	0.20704	0.43645	0.11257	0.07163	0.01223	0.00903	0.01187	0.00722	0.00962	0.00581	0.00370	0.00394	0.00121	0.00537	0.00345	0.00191	0.00555
5	0.00795	0.00666	0.00920	0.00984	0.15669	0.00693	0.04345	0.07070	0.10379	0.01480	0.27967	0.02057	0.12025	0.00643	0.00488	0.00127	0.06387	0.00548	0.06282	0.00477
6	0.00574	0.00397	0.00494	0.00494	0.00515	0.00418	0.00317	0.00616	0.00595	0.00814	0.01193	0.02282	0.01306	0.61023	0.26875	0.00461	0.00589	0.00531	0.00232	0.00275
7	0.00550	0.00391	0.00482	0.00491	0.00556	0.00365	0.00348	0.00639	0.00857	0.01144	0.27748	0.14241	0.18574	0.18582	0.00879	0.06750	0.00261	0.06478	0.00348	0.00316
8	0.00822	0.00793	0.01379	0.57463	0.19247	0.00908	0.09009	0.01113	0.03276	0.01115	0.00750	0.01055	0.00576	0.00386	0.00403	0.00129	0.00524	0.00367	0.00189	0.00494
9	0.01135	0.00937	0.01296	0.01604	0.41861	0.00986	0.00927	0.28530	0.07090	0.01744	0.00931	0.01056	0.00723	0.00418	0.00383	0.00117	0.00420	0.00363	0.08861	0.00618

[dist]
# distance from previous block
# <min> <max>
0	1

[block]
# block no. 1 follows, 68 sequences, length 22
# corresponding to MSA columns:
# 92-111,115,116
name=unknown_B
#
# <colnr> <probs for GDERKNQSTAVLIFYWHMCP>
#	G	D	E	R	K	N	Q	S	T	A	V	L	I	F	Y	W	H	M	C	P
0	0.01265	0.00880	0.01146	0.21890	0.15338	0.09980	0.00860	0.01479	0.03504	0.31687	0.01034	0.01114	0.00731	0.00452	0.00460	0.00126	0.06820	0.00362	0.00306	0.00566
1	0.08718	0.01053	0.01194	0.29771	0.16333	0.16767	0.00925	0.16572	0.01074	0.02850	0.00743	0.00928	0.00570	0.00405	0.00375	0.00120	0.00514	0.00324	0.00238	0.00525
2	0.82278	0.00780	0.00660	0.00665	0.06976	0.00893	0.00488	0.01169	0.00692	0.01743	0.00567	0.00669	0.00444	0.00367	0.00256	0.00122	0.00319	0.00225	0.00242	0.00444
3	0.12817	0.00985	0.01548	0.06047	0.47872	0.05599	0.15652	0.02500	0.00900	0.01343	0.00724	0.00940	0.00586	0.00359	0.00385	0.00121	0.00500	0.00350	0.00206	0.00567
4	0.00793	0.00444	0.00577	0.00541	0.00664	0.00401	0.00406	0.00939	0.01010	0.18272	0.37880	0.22168	0.08765	0.00846	0.00454	0.00132	0.00229	0.00742	0.04316	0.00420
5	0.00769	0.00743	0.01276	0.01009	0.01244	0.00722	0.32420	0.03848	0.13050	0.01289	0.04394	0.18610	0.17464	0.00696	0.00464	0.00139	0.00414	0.00673	0.00311	0.00467
6	0.00973	0.00957	0.01521	0.14766	0.67083	0.05370	0.01176	0.01206	0.00898	0.01236	0.00733	0.00979	0.00607	0.00363	0.00391	0.00119	0.00493	0.00348	0.00194	0.00591
7	0.00507	0.00397	0.00459	0.00457	0.00562	0.00349	0.00337	0.00638	0.00974	0.01270	0.35165	0.12474	0.43088	0.00954	0.00472	0.00133	0.00199	0.00821	0.00395	0.00349
8	0.07253	0.00483	0.00566	0.00531	0.00643	0.00478	0.00397	0.07733	0.01060	0.01537	0.49530	0.13095	0.06880	0.05334	0.00528	0.00142	0.00234	0.00691	0.02499	0.00388
9	0.00780	0.00740	0.01228	0.70088	0.09507	0.00918	0.01089	0.01025	0.00785	0.01032	0.00691	0.01033	0.00536	0.00421	0.00481	0.00135	0.08526	0.00352	0.00178	0.00456
10	0.00809	0.01958	0.76305	0.01181	0.01750	0.00929	0.09078	0.01257	0.00846	0.01257	0.00720	0.00859	0.00512	0.00373	0.00385	0.00126	0.00594	0.00309	0.00171	0.00581
11	0.00751	0.00717	0.01139	0.16243	0.01343	0.00866	0.11307	0.00917	0.00791	0.01119	0.14388	0.11860	0.02508	0.00685	0.00782	0.00151	0.33237	0.00528	0.00247	0.00423
12	0.00566	0.00425	0.00637	0.00637	0.00708	0.00496	0.00496	0.00708	0.00637	0.00920	0.01062	0.01558	0.00991	0.02974	0.84494	0.00637	0.01062	0.00425	0.00212	0.00354
13	0.00530	0.00392	0.00501	0.00571	0.00615	0.00382	0.00391	0.00696	0.07822	0.01098	0.06450	0.74173	0.02561	0.01159	0.00495	0.00157	0.00235	0.01047	0.00375	0.00351
14	0.00749	0.00705	0.01189	0.85113	0.02731	0.00881	0.01101	0.01013	0.00793	0.01013	0.00705	0.01057	0.00529	0.00396	0.00396	0.00132	0.00529	0.00352	0.00176	0.00440
15	0.01033	0.26741	0.04136	0.07312	0.05475	0.13114	0.13520	0.03728	0.05024	0.01165	0.00755	0.00888	0.01563	0.00370	0.00344	0.00102	0.00492	0.00306	0.00212	0.13721
16	0.01077	0.67095	0.01789	0.00694	0.00991	0.07611	0.00650	0.01199	0.00843	0.05563	0.00766	0.08718	0.00735	0.00438	0.00294	0.00095	0.00423	0.00312	0.00209	0.00497
17	0.00633	0.00507	0.00533	0.00491	0.00646	0.00472	0.00378	0.12846	0.01064	0.01332	0.10870	0.05430	0.61529	0.00913	0.00459	0.00132	0.00236	0.00761	0.00379	0.00389
18	0.03976	0.12896	0.01070	0.00669	0.01006	0.00829	0.00560	0.17129	0.01038	0.06148	0.00775	0.00845	0.00610	0.00350	0.00313	0.00080	0.00343	0.00264	0.00272	0.50825
19	0.00778	0.00502	0.00444	0.00435	0.00523	0.07586	0.00314	0.00928	0.00818	0.01328	0.01228	0.01580	0.01037	0.13303	0.00545	0.00137	0.00260	0.00391	0.67504	0.00358
20	0.36518	0.00769	0.00760	0.00640	0.00880	0.00824	0.00512	0.21585	0.01004	0.01731	0.00905	0.10498	0.00815	0.01899	0.05772	0.00153	0.00379	0.00376	0.00294	0.13686
21	0.01145	0.00863	0.00951	0.00761	0.01021	0.00902	0.00612	0.49139	0.01433	0.01938	0.01355	0.09998	0.09164	0.00713	0.04867	0.00143	0.00403	0.00470	0.00357	0.13765

[dist]
# distance from previous block
# <min> <max>
3	61

[block]
# block no. 2 follows, 68 sequences, length 24
# corresponding to MSA columns:
# 179-202
name=unknown_C
#
# <colnr> <probs for GDERKNQSTAVLIFYWHMCP>
#	G	D	E	R	K	N	Q	S	T	A	V	L	I	F	Y	W	H	M	C	P
0	0.15144	0.05592	0.05883	0.02372	0.07470	0.02802	0.00624	0.08402	0.03974	0.01434	0.02832	0.06028	0.06203	0.00461	0.00341	0.00102	0.00351	0.00367	0.00266	0.29351
1	0.24206	0.03689	0.06132	0.05120	0.03239	0.20971	0.13504	0.02242	0.00898	0.04683	0.02158	0.02489	0.04605	0.00446	0.00397	0.00122	0.04038	0.00348	0.00237	0.00476
2	0.48274	0.00784	0.00828	0.03564	0.13948	0.02057	0.00605	0.04143	0.00804	0.03007	0.00762	0.04363	0.00659	0.00425	0.00311	0.00117	0.00348	0.03151	0.00253	0.11597
3	0.00925	0.00879	0.01166	0.02729	0.01066	0.05134	0.02154	0.01029	0.00676	0.04371	0.00622	0.00923	0.00570	0.00646	0.01125	0.00162	0.69578	0.00348	0.05454	0.00443
4	0.00578	0.00414	0.00610	0.00610	0.00668	0.00473	0.00461	0.00680	0.00622	0.00887	0.01044	0.01611	0.01001	0.09620	0.70387	0.08421	0.00943	0.00430	0.00211	0.00329
5	0.00526	0.00390	0.00492	0.00511	0.00586	0.00360	0.00366	0.00674	0.02473	0.01299	0.39938	0.34554	0.14366	0.00997	0.00481	0.00140	0.00208	0.00885	0.00400	0.00354
6	0.00548	0.00403	0.00515	0.00508	0.00600	0.00370	0.00383	0.00713	0.01046	0.01442	0.59982	0.10567	0.13859	0.00895	0.00477	0.00133	0.00206	0.06573	0.00416	0.00364
7	0.00675	0.00550	0.00659	0.00550	0.00768	0.00441	0.00418	0.00823	0.00865	0.01262	0.15151	0.20352	0.08226	0.00649	0.00384	0.00099	0.00254	0.00563	0.00309	0.47005
8	0.01060	0.86304	0.02078	0.00678	0.01018	0.01569	0.00678	0.01187	0.00806	0.00933	0.00551	0.00636	0.00509	0.00339	0.00254	0.00085	0.00424	0.00212	0.00170	0.00509
9	0.01032	0.00841	0.00898	0.00801	0.01030	0.00963	0.00625	0.02097	0.78118	0.06444	0.01611	0.01472	0.01197	0.00535	0.00403	0.00134	0.00315	0.00445	0.00409	0.00630
10	0.01481	0.01890	0.01124	0.01021	0.01226	0.84474	0.00766	0.01583	0.01124	0.00970	0.00613	0.00715	0.00511	0.00409	0.00358	0.00102	0.00715	0.00255	0.00204	0.00460
11	0.00898	0.00487	0.00596	0.00522	0.00698	0.00422	0.00408	0.01038	0.01034	0.26783	0.24646	0.02824	0.36493	0.00793	0.00447	0.00128	0.00239	0.00669	0.00424	0.00450
12	0.00566	0.00394	0.00479	0.00487	0.00549	0.00368	0.00335	0.00658	0.00844	0.02908	0.25725	0.19399	0.14604	0.26967	0.00950	0.00215	0.00267	0.03610	0.00351	0.00323
13	0.00488	0.00352	0.00469	0.00552	0.00582	0.00333	0.00373	0.00562	0.00757	0.01009	0.02185	0.77783	0.05470	0.01337	0.05525	0.00188	0.00279	0.01075	0.00359	0.00324
14	0.01082	0.02675	0.01380	0.03538	0.01333	0.15582	0.17509	0.09222	0.06827	0.04577	0.00811	0.02822	0.00674	0.00574	0.02451	0.00149	0.27666	0.00383	0.00241	0.00504
15	0.11882	0.00800	0.01263	0.00950	0.01256	0.00765	0.24885	0.06812	0.01036	0.35407	0.01147	0.01168	0.00785	0.00425	0.00388	0.00123	0.00423	0.00391	0.09522	0.00572
16	0.00572	0.00430	0.00534	0.00581	0.00677	0.00408	0.00471	0.00719	0.01952	0.01124	0.05530	0.07672	0.28791	0.08605	0.00646	0.00181	0.00300	0.40100	0.00358	0.00346
17	0.01085	0.81259	0.02021	0.00699	0.01030	0.06524	0.00684	0.01211	0.00825	0.00935	0.00555	0.00641	0.00509	0.00343	0.00261	0.00086	0.00441	0.00215	0.00172	0.00506
18	0.00520	0.00360	0.00476	0.00556	0.00593	0.00334	0.00380	0.00598	0.00785	0.02987	0.03702	0.76490	0.05490	0.01203	0.00503	0.00159	0.00236	0.03921	0.00372	0.00333
19	0.00521	0.00374	0.00459	0.00506	0.00546	0.00353	0.00340	0.00588	0.00756	0.00991	0.06088	0.41318	0.14004	0.24991	0.00926	0.00219	0.00276	0.06100	0.00335	0.00306
20	0.00873	0.01924	0.74480	0.01117	0.01673	0.00924	0.03530	0.05182	0.00901	0.04682	0.00760	0.00870	0.00533	0.00385	0.00381	0.00125	0.00571	0.00305	0.00192	0.00592
21	0.01286	0.01274	0.02421	0.01132	0.06223	0.26238	0.12106	0.25958	0.03052	0.04428	0.03806	0.00988	0.00730	0.00461	0.00478	0.00121	0.08108	0.00356	0.00281	0.00553
22	0.03597	0.04793	0.10624	0.00887	0.05565	0.06466	0.02400	0.11231	0.18151	0.02405	0.02408	0.03262	0.00821	0.00429	0.00359	0.00105	0.00398	0.00346	0.00285	0.25467
23	0.07184	0.05418	0.02389	0.00955	0.04402	0.07974	0.09339	0.25496	0.05952	0.11005	0.01062	0.09767	0.00883	0.00522	0.00424	0.00124	0.03464	0.00428	0.00322	0.02889

[dist]
# distance from previous block
# <min> <max>
2	4

[block]
# block no. 3 follows, 68 sequences, length 30
# corresponding to MSA columns:
# 208-218,226-244
name=unknown_D
#
# <colnr> <probs for GDERKNQSTAVLIFYWHMCP>
#	G	D	E	R	K	N	Q	S	T	A	V	L	I	F	Y	W	H	M	C	P
0	0.00977	0.61967	0.01703	0.00645	0.00978	0.01265	0.00612	0.01115	0.00814	0.01025	0.00736	0.00817	0.04066	0.00357	0.00273	0.00081	0.00383	0.00244	0.00194	0.21748
1	0.00544	0.00406	0.00507	0.00506	0.00596	0.00376	0.00372	0.00719	0.03339	0.01384	0.50326	0.19734	0.16577	0.00926	0.00475	0.00135	0.00204	0.02101	0.00409	0.00364
2	0.00479	0.00398	0.00419	0.00423	0.00544	0.00338	0.00313	0.00585	0.00914	0.01118	0.11703	0.09939	0.69456	0.01003	0.00471	0.00135	0.00202	0.00847	0.00375	0.00338
3	0.00516	0.00396	0.00472	0.00469	0.00569	0.00352	0.00346	0.00654	0.00990	0.01315	0.42323	0.14611	0.33670	0.00943	0.00473	0.00133	0.00198	0.00818	0.00401	0.00352
4	0.00704	0.00501	0.00626	0.00576	0.00740	0.00417	0.00421	0.00819	0.00810	0.07386	0.01601	0.48568	0.01760	0.00841	0.00421	0.00121	0.00261	0.00748	0.00329	0.32349
5	0.00972	0.01072	0.02266	0.01623	0.02018	0.01017	0.76945	0.06452	0.00995	0.01349	0.00812	0.01062	0.00606	0.00343	0.00463	0.00133	0.00654	0.00461	0.00213	0.00544
6	0.00864	0.00740	0.00783	0.00713	0.00912	0.00827	0.00552	0.01738	0.62539	0.01549	0.07805	0.01999	0.16008	0.00640	0.00420	0.00134	0.00285	0.00536	0.00400	0.00558
7	0.00626	0.00442	0.00566	0.00525	0.00633	0.00420	0.00397	0.00872	0.06353	0.04139	0.75622	0.02817	0.03494	0.00783	0.00461	0.00125	0.00200	0.00690	0.00436	0.00400
8	0.00519	0.00364	0.00473	0.00544	0.00588	0.00337	0.00375	0.00599	0.00793	0.02754	0.04637	0.68908	0.10252	0.02953	0.00532	0.00162	0.00237	0.04271	0.00370	0.00332
9	0.00888	0.32461	0.49056	0.06340	0.01528	0.01153	0.01157	0.01215	0.00823	0.01123	0.00653	0.00778	0.00506	0.00364	0.00334	0.00111	0.00524	0.00267	0.00169	0.00549
10	0.00795	0.02051	0.84011	0.01130	0.01716	0.00921	0.01465	0.01256	0.00837	0.01256	0.00712	0.00837	0.00502	0.00377	0.00377	0.00126	0.00586	0.00293	0.00167	0.00586
11	0.00577	0.00427	0.00543	0.00536	0.00624	0.00412	0.00393	0.00813	0.07686	0.01459	0.57604	0.22358	0.03272	0.00890	0.00471	0.00134	0.00207	0.00792	0.00418	0.00382
12	0.00825	0.00782	0.01327	0.58060	0.29188	0.00901	0.01139	0.01080	0.00829	0.01105	0.00718	0.01032	0.00561	0.00382	0.00395	0.00127	0.00510	0.00353	0.00183	0.00502
13	0.01217	0.01368	0.01186	0.01118	0.07152	0.42189	0.00831	0.01326	0.00906	0.04567	0.00628	0.00821	0.00543	0.00520	0.00731	0.00132	0.33784	0.00305	0.00204	0.00471
14	0.00789	0.00768	0.01265	0.59944	0.10410	0.03589	0.07972	0.01035	0.00824	0.01061	0.00839	0.08186	0.00721	0.00459	0.00410	0.00132	0.00516	0.00424	0.00197	0.00458
15	0.01507	0.01111	0.01190	0.00912	0.01230	0.01230	0.00754	0.82270	0.01864	0.02499	0.00952	0.00952	0.00674	0.00476	0.00397	0.00119	0.00436	0.00357	0.00397	0.00674
16	0.00516	0.00375	0.00489	0.00550	0.00588	0.00368	0.00377	0.00609	0.02081	0.00990	0.02019	0.56879	0.06910	0.11025	0.12303	0.00251	0.00365	0.02650	0.00333	0.00324
17	0.00903	0.00733	0.00852	0.00615	0.00963	0.00581	0.00494	0.06957	0.00908	0.04074	0.00751	0.00849	0.00606	0.00313	0.00305	0.00065	0.00305	0.00249	0.00255	0.79219
18	0.00584	0.00386	0.00491	0.00530	0.00602	0.00349	0.00372	0.00679	0.00855	0.07134	0.11922	0.55034	0.17390	0.01094	0.00487	0.00149	0.00228	0.00973	0.00385	0.00356
19	0.00580	0.00429	0.00628	0.00624	0.00683	0.00497	0.00476	0.00694	0.00626	0.00898	0.01049	0.01618	0.01007	0.10299	0.71471	0.04350	0.03087	0.00433	0.00212	0.00338
20	0.01293	0.01520	0.01184	0.01028	0.01248	0.54345	0.08894	0.02605	0.14989	0.02101	0.01980	0.02051	0.00744	0.00458	0.00407	0.00115	0.02724	0.01567	0.00250	0.00496
21	0.00744	0.00689	0.01148	0.76204	0.05235	0.00847	0.01042	0.00988	0.00781	0.01005	0.00746	0.01167	0.00598	0.06644	0.00515	0.00150	0.00516	0.00369	0.00182	0.00432
22	0.00487	0.00352	0.00464	0.00545	0.00578	0.00329	0.00369	0.00562	0.00770	0.01024	0.03874	0.76803	0.07113	0.01277	0.03255	0.00174	0.00255	0.01080	0.00364	0.00325
23	0.00745	0.00700	0.01159	0.39549	0.19753	0.00762	0.06111	0.00970	0.00865	0.01136	0.05944	0.02871	0.15780	0.00536	0.00420	0.00130	0.00441	0.01429	0.00236	0.00462
24	0.12629	0.00948	0.01182	0.00921	0.01221	0.07065	0.14456	0.17291	0.10333	0.28230	0.01122	0.01102	0.00778	0.00445	0.00388	0.00124	0.00434	0.00374	0.00361	0.00598
25	0.00489	0.00351	0.00473	0.00558	0.00585	0.00335	0.00377	0.00563	0.00750	0.01005	0.02103	0.79662	0.02503	0.01368	0.06632	0.00196	0.00291	0.01076	0.00357	0.00324
26	0.00708	0.00537	0.00589	0.00559	0.00700	0.00557	0.00428	0.01165	0.26576	0.01456	0.21636	0.04528	0.19139	0.00721	0.00416	0.00126	0.00235	0.02890	0.16592	0.00443
27	0.02354	0.07343	0.01400	0.21610	0.30941	0.04634	0.06162	0.02172	0.05002	0.10381	0.00900	0.03807	0.00719	0.00419	0.00389	0.00122	0.00471	0.00378	0.00242	0.00553
28	0.04006	0.22395	0.07853	0.00838	0.01154	0.09674	0.00754	0.29731	0.05733	0.09815	0.00923	0.01022	0.00711	0.00450	0.00357	0.00113	0.00450	0.03131	0.00306	0.00583
29	0.01046	0.19778	0.32224	0.00905	0.01296	0.05881	0.00959	0.16414	0.04011	0.04407	0.00887	0.07048	0.00736	0.00460	0.00362	0.00116	0.00480	0.00354	0.00249	0.02386

[dist]
# distance from previous block
# <min> <max>
1	11

[block]
# block no. 4 follows, 68 sequences, length 21
# corresponding to MSA columns:
# 256-276
name=unknown_E
#
# <colnr> <probs for GDERKNQSTAVLIFYWHMCP>
#	G	D	E	R	K	N	Q	S	T	A	V	L	I	F	Y	W	H	M	C	P
0	0.00957	0.05096	0.01500	0.14985	0.61220	0.00929	0.01118	0.01184	0.00889	0.03985	0.00877	0.01092	0.03651	0.00388	0.00389	0.00119	0.00463	0.00365	0.00208	0.00584
1	0.00774	0.00738	0.01195	0.67815	0.07507	0.02666	0.03199	0.01019	0.00807	0.01044	0.00785	0.05593	0.00650	0.00439	0.00413	0.00131	0.01687	0.00392	0.00191	0.02957
2	0.09762	0.00450	0.00495	0.00471	0.00547	0.00449	0.00315	0.00764	0.00716	0.06992	0.07828	0.02387	0.10596	0.48584	0.05318	0.00294	0.00364	0.00553	0.02794	0.00321
3	0.00618	0.00407	0.00560	0.00552	0.00614	0.00426	0.00404	0.00677	0.02164	0.02397	0.07367	0.01918	0.11431	0.08507	0.35093	0.25216	0.00610	0.00487	0.00247	0.00304
4	0.00605	0.00466	0.00562	0.00535	0.00648	0.00455	0.00401	0.00909	0.13046	0.01488	0.54863	0.09231	0.13614	0.00829	0.00461	0.00130	0.00211	0.00725	0.00418	0.00402
5	0.00581	0.00384	0.00447	0.00444	0.00454	0.00381	0.00260	0.00591	0.00631	0.00851	0.09865	0.02559	0.01643	0.72538	0.01830	0.05093	0.00361	0.00579	0.00257	0.00251
6	0.00682	0.00510	0.00706	0.00660	0.00675	0.00617	0.00489	0.00688	0.00581	0.00828	0.00865	0.01541	0.00899	0.22895	0.19270	0.24194	0.22984	0.00421	0.00198	0.00297
7	0.01481	0.01890	0.01124	0.01021	0.01226	0.84474	0.00766	0.01583	0.01124	0.00970	0.00613	0.00715	0.00511	0.00409	0.00358	0.00102	0.00715	0.00255	0.00204	0.00460
8	0.00832	0.13846	0.72541	0.01067	0.01618	0.01012	0.01355	0.01246	0.00833	0.01210	0.00689	0.00809	0.00503	0.00371	0.00360	0.00120	0.00563	0.00282	0.00168	0.00575
9	0.00837	0.00560	0.05078	0.00573	0.00684	0.00500	0.00432	0.03872	0.00749	0.15840	0.01233	0.02031	0.01200	0.48098	0.16296	0.00359	0.00510	0.00494	0.00282	0.00373
10	0.03720	0.00892	0.01104	0.42053	0.01876	0.08564	0.00888	0.18682	0.01046	0.02533	0.00875	0.01087	0.03327	0.00463	0.00462	0.00128	0.07651	0.00357	0.03801	0.00489
11	0.00843	0.01256	0.31425	0.08069	0.03123	0.08351	0.03105	0.09417	0.00945	0.01263	0.02095	0.21866	0.02123	0.03753	0.00475	0.00142	0.00473	0.00534	0.00254	0.00488
12	0.01944	0.14348	0.46084	0.00973	0.01399	0.04251	0.04640	0.04620	0.00874	0.04623	0.00798	0.01040	0.00644	0.07186	0.02823	0.00154	0.01517	0.01341	0.00204	0.00535
13	0.00950	0.00815	0.00865	0.00789	0.00998	0.00938	0.00609	0.01995	0.76952	0.01612	0.01655	0.07563	0.01312	0.00589	0.00411	0.00136	0.00308	0.00497	0.00401	0.00606
14	0.00915	0.00574	0.00789	0.00701	0.00794	0.00654	0.00545	0.01017	0.00732	0.19929	0.01095	0.01575	0.00978	0.19580	0.28831	0.00360	0.19803	0.00434	0.00273	0.00421
15	0.00657	0.00466	0.00570	0.00537	0.00654	0.00445	0.00403	0.04846	0.05472	0.04878	0.48534	0.14332	0.14972	0.00855	0.00463	0.00131	0.00220	0.00746	0.00415	0.00402
16	0.02675	0.03527	0.17135	0.10493	0.10192	0.07243	0.07883	0.02874	0.08225	0.04232	0.10436	0.04928	0.06578	0.00524	0.00415	0.00126	0.01281	0.00453	0.00268	0.00510
17	0.00785	0.00736	0.01203	0.68860	0.05837	0.00877	0.03547	0.01108	0.06725	0.01093	0.00775	0.01073	0.00587	0.00398	0.00394	0.00128	0.00503	0.00357	0.00197	0.04817
18	0.07418	0.03789	0.31330	0.01892	0.07426	0.12736	0.06004	0.02673	0.02369	0.03524	0.04372	0.10972	0.01935	0.00518	0.00391	0.00126	0.00496	0.01278	0.00239	0.00512
19	0.02555	0.13317	0.12791	0.02098	0.11854	0.04059	0.02949	0.03911	0.03010	0.08985	0.06673	0.05246	0.00937	0.00471	0.00431	0.00113	0.06539	0.00374	0.00258	0.13428
20	0.23341	0.24081	0.09673	0.01658	0.01095	0.20511	0.00716	0.02554	0.03629	0.07219	0.00698	0.00769	0.00549	0.00392	0.00323	0.00109	0.01694	0.00258	0.00231	0.00502

[dist]
# distance from previous block
# <min> <max>
0	5

[block]
# block no. 5 follows, 68 sequences, length 9
# corresponding to MSA columns:
# 282-290
name=unknown_F
#
# <colnr> <probs for GDERKNQSTAVLIFYWHMCP>
#	G	D	E	R	K	N	Q	S	T	A	V	L	I	F	Y	W	H	M	C	P
0	0.00812	0.01933	0.74221	0.01195	0.01759	0.00931	0.11138	0.01257	0.00849	0.01257	0.00722	0.00865	0.00514	0.00372	0.00388	0.00127	0.00596	0.00314	0.00171	0.00580
1	0.01327	0.01026	0.01122	0.00952	0.05007	0.01144	0.00738	0.54596	0.25971	0.02192	0.01140	0.01111	0.00832	0.00489	0.00398	0.00124	0.00401	0.00384	0.00389	0.00658
2	0.00561	0.00471	0.00514	0.00456	0.00635	0.00384	0.00349	0.00690	0.00913	0.01187	0.13275	0.03025	0.54485	0.00818	0.00429	0.00116	0.00220	0.00684	0.00346	0.20442
3	0.01481	0.01890	0.01124	0.01021	0.01226	0.84474	0.00766	0.01583	0.01124	0.00970	0.00613	0.00715	0.00511	0.00409	0.00358	0.00102	0.00715	0.00255	0.00204	0.00460
4	0.01060	0.86304	0.02078	0.00678	0.01018	0.01569	0.00678	0.01187	0.00806	0.00933	0.00551	0.00636	0.00509	0.00339	0.00254	0.00085	0.00424	0.00212	0.00170	0.00509
5	0.00735	0.00677	0.01125	0.76795	0.02524	0.00836	0.01036	0.00982	0.00788	0.01010	0.00800	0.01301	0.00660	0.04646	0.00484	0.00147	0.00513	0.04327	0.00189	0.00427
6	0.01481	0.01890	0.01124	0.01021	0.01226	0.84474	0.00766	0.01583	0.01124	0.00970	0.00613	0.00715	0.00511	0.00409	0.00358	0.00102	0.00715	0.00255	0.00204	0.00460
7	0.01060	0.86304	0.02078	0.00678	0.01018	0.01569	0.00678	0.01187	0.00806	0.00933	0.00551	0.00636	0.00509	0.00339	0.00254	0.00085	0.00424	0.00212	0.00170	0.00509
8	0.00763	0.00724	0.01192	0.75034	0.02528	0.00921	0.01073	0.01006	0.00771	0.01006	0.00683	0.01034	0.00528	0.00432	0.00505	0.00137	0.10696	0.00352	0.00176	0.00440

[dist]
# distance from previous block
# <min> <max>
3	7

[block]
# block no. 6 follows, 68 sequences, length 11
# corresponding to MSA columns:
# 301-311
name=unknown_G
#
# <colnr> <probs for GDERKNQSTAVLIFYWHMCP>
#	G	D	E	R	K	N	Q	S	T	A	V	L	I	F	Y	W	H	M	C	P
0	0.00964	0.00957	0.06271	0.16089	0.34227	0.00960	0.08122	0.08553	0.05793	0.02709	0.02511	0.01120	0.00730	0.00435	0.00478	0.00129	0.07334	0.01823	0.00233	0.00564
1	0.01228	0.00626	0.00784	0.00666	0.00879	0.00605	0.00523	0.03054	0.17556	0.39933	0.13782	0.11050	0.01631	0.03479	0.00473	0.00138	0.00299	0.00542	0.02194	0.00561
2	0.01123	0.00562	0.00689	0.00586	0.00777	0.00538	0.00463	0.03464	0.09990	0.31747	0.21467	0.01780	0.01681	0.00566	0.00385	0.00117	0.00262	0.00473	0.22810	0.00518
3	0.01130	0.01049	0.11115	0.06494	0.22679	0.02159	0.08045	0.18268	0.07428	0.11474	0.02826	0.03762	0.00832	0.00452	0.00405	0.00124	0.00460	0.00401	0.00296	0.00601
4	0.00665	0.00358	0.00529	0.00529	0.00539	0.00368	0.00360	0.00547	0.00537	0.00726	0.00772	0.01332	0.00773	0.06341	0.13216	0.71209	0.00447	0.00369	0.00182	0.00202
5	0.00568	0.00417	0.00599	0.00599	0.00657	0.00475	0.00448	0.00684	0.00626	0.00892	0.01097	0.01749	0.01074	0.18316	0.69265	0.00591	0.00937	0.00453	0.00218	0.00333
6	0.11715	0.04192	0.01162	0.05966	0.06203	0.14195	0.07358	0.17203	0.07039	0.14820	0.01003	0.02219	0.01896	0.00451	0.00386	0.00120	0.01580	0.00358	0.01577	0.00556
7	0.04841	0.10516	0.24305	0.02526	0.08969	0.04025	0.06946	0.12451	0.07487	0.11014	0.00892	0.00963	0.00655	0.00415	0.00393	0.00121	0.02295	0.00333	0.00265	0.00586
8	0.00827	0.00814	0.01129	0.00974	0.00986	0.01116	0.00807	0.00921	0.00654	0.00999	0.05652	0.01154	0.05265	0.00718	0.01206	0.00168	0.75589	0.00396	0.00200	0.00425
9	0.00490	0.00357	0.00463	0.00542	0.00581	0.00330	0.00372	0.00571	0.00792	0.01044	0.05067	0.71533	0.10890	0.01198	0.00503	0.00158	0.00231	0.04181	0.00370	0.00327
10	0.09791	0.02612	0.05375	0.05484	0.15211	0.06808	0.04897	0.20385	0.03755	0.14818	0.00986	0.01084	0.01852	0.00437	0.00379	0.00119	0.00444	0.01666	0.00306	0.03591

[dist]
# distance from previous block
# <min> <max>
1	28

[block]
# block no. 7 follows, 68 sequences, length 17
# corresponding to MSA columns:
# 340-356
name=unknown_H
#
# <colnr> <probs for GDERKNQSTAVLIFYWHMCP>
#	G	D	E	R	K	N	Q	S	T	A	V	L	I	F	Y	W	H	M	C	P
0	0.00727	0.00589	0.00676	0.00562	0.02211	0.00478	0.00424	0.03272	0.00885	0.03444	0.03695	0.04878	0.28275	0.03828	0.00436	0.00105	0.00270	0.00499	0.00299	0.44447
1	0.02781	0.06526	0.08300	0.03254	0.09240	0.12111	0.02887	0.09507	0.06314	0.22014	0.05444	0.01164	0.01956	0.00466	0.00419	0.00119	0.03885	0.00367	0.00316	0.02928
2	0.00581	0.00437	0.00512	0.00495	0.00615	0.00401	0.00375	0.00783	0.05888	0.03519	0.38049	0.06849	0.35230	0.00893	0.00467	0.00133	0.00213	0.03779	0.00403	0.00379
3	0.00557	0.00406	0.00497	0.00478	0.00579	0.00366	0.00354	0.00709	0.01028	0.02952	0.54463	0.07132	0.23985	0.04098	0.00527	0.00139	0.00203	0.00756	0.00409	0.00362
4	0.00535	0.00379	0.00501	0.00572	0.00612	0.00363	0.00412	0.00628	0.00794	0.01059	0.07553	0.51579	0.02472	0.12071	0.00707	0.00192	0.00277	0.18617	0.00356	0.00325
5	0.00503	0.00375	0.00470	0.00516	0.00581	0.00342	0.00366	0.00610	0.00876	0.01158	0.20372	0.46903	0.20022	0.01091	0.00491	0.00148	0.00220	0.04235	0.00383	0.00338
6	0.01121	0.00859	0.00908	0.00770	0.01004	0.00967	0.00612	0.28873	0.42120	0.01911	0.01338	0.01302	0.00998	0.00505	0.00380	0.00122	0.00334	0.00405	0.14868	0.00601
7	0.01268	0.37846	0.06508	0.00874	0.01161	0.41945	0.00766	0.01404	0.00971	0.03117	0.00617	0.00705	0.00522	0.00379	0.00316	0.00097	0.00573	0.00243	0.00195	0.00494
8	0.01060	0.86304	0.02078	0.00678	0.01018	0.01569	0.00678	0.01187	0.00806	0.00933	0.00551	0.00636	0.00509	0.00339	0.00254	0.00085	0.00424	0.00212	0.00170	0.00509
9	0.00974	0.00782	0.03708	0.30495	0.21205	0.00785	0.07114	0.01208	0.00923	0.15588	0.10250	0.01335	0.01020	0.02375	0.00445	0.00132	0.00452	0.00414	0.00268	0.00525
10	0.10151	0.28343	0.14791	0.00728	0.01032	0.02404	0.00709	0.01261	0.02399	0.17918	0.01087	0.15578	0.00974	0.00540	0.00351	0.00118	0.00390	0.00427	0.00282	0.00516
11	0.01452	0.01780	0.01096	0.00988	0.01194	0.76019	0.00745	0.06367	0.01156	0.01083	0.00661	0.00761	0.00541	0.00415	0.00357	0.00103	0.00676	0.00266	0.03871	0.00469
12	0.00689	0.00582	0.00917	0.41688	0.08639	0.00655	0.00793	0.00875	0.00811	0.02668	0.04163	0.26618	0.04404	0.02168	0.00459	0.00143	0.00396	0.00620	0.02297	0.00414
13	0.03568	0.05459	0.16066	0.18710	0.05745	0.03490	0.15990	0.05621	0.07711	0.09448	0.00966	0.02453	0.02142	0.00426	0.00397	0.00126	0.00504	0.00383	0.00251	0.00544
14	0.01005	0.00870	0.02687	0.06974	0.53049	0.00861	0.04322	0.04745	0.00940	0.08791	0.00973	0.09761	0.00857	0.00471	0.00423	0.00125	0.01874	0.00441	0.00248	0.00584
15	0.01710	0.00684	0.00915	0.00708	0.01007	0.00607	0.00583	0.03612	0.04358	0.76767	0.03690	0.01388	0.01056	0.00501	0.00401	0.00123	0.00335	0.00408	0.00484	0.00665
16	0.00915	0.03695	0.13785	0.06278	0.26604	0.02688	0.09250	0.05469	0.05281	0.04412	0.03374	0.08257	0.07221	0.00515	0.00411	0.00126	0.00453	0.00467	0.00257	0.00544

[dist]
# distance from previous block
# <min> <max>
0	8

[block]
# block no. 8 follows, 68 sequences, length 18
# corresponding to MSA columns:
# 397-414
name=unknown_I
#
# <colnr> <probs for GDERKNQSTAVLIFYWHMCP>
#	G	D	E	R	K	N	Q	S	T	A	V	L	I	F	Y	W	H	M	C	P
0	0.02636	0.09032	0.14910	0.03212	0.18793	0.02567	0.09745	0.09412	0.05560	0.18823	0.00963	0.01029	0.00697	0.00407	0.00385	0.00120	0.00470	0.00354	0.00283	0.00604
1	0.00992	0.26351	0.42053	0.00998	0.01454	0.03212	0.07346	0.04559	0.02232	0.06231	0.00745	0.00840	0.00560	0.00377	0.00350	0.00113	0.00523	0.00293	0.00204	0.00566
2	0.57286	0.05468	0.00880	0.02317	0.10822	0.08670	0.00599	0.03943	0.04374	0.01606	0.00643	0.00745	0.00509	0.00380	0.00288	0.00119	0.00379	0.00252	0.00242	0.00477
3	0.00509	0.00400	0.00456	0.00472	0.00564	0.00364	0.00338	0.00633	0.02911	0.01111	0.13521	0.22599	0.42716	0.07322	0.04105	0.00178	0.00258	0.00843	0.00362	0.00338
4	0.00902	0.07985	0.07705	0.02376	0.01034	0.04933	0.03836	0.04928	0.15598	0.05935	0.09080	0.04043	0.14168	0.00582	0.00435	0.00119	0.04272	0.00473	0.00312	0.11283
5	0.04656	0.00730	0.00877	0.00708	0.00971	0.00724	0.00574	0.12789	0.15279	0.44588	0.06450	0.01400	0.01130	0.00510	0.00389	0.00122	0.00326	0.00412	0.06748	0.00617
6	0.00794	0.00623	0.00876	0.08278	0.12929	0.00650	0.02661	0.10754	0.03701	0.02471	0.05689	0.18708	0.05245	0.02992	0.06564	0.00181	0.00406	0.10878	0.05149	0.00451
7	0.03344	0.03052	0.01136	0.00882	0.01175	0.06359	0.00720	0.57793	0.15683	0.04239	0.01042	0.01024	0.00755	0.00477	0.00389	0.00120	0.00427	0.00361	0.00380	0.00644
8	0.00599	0.00412	0.00526	0.00564	0.00634	0.00392	0.00400	0.00767	0.06307	0.05375	0.16182	0.55201	0.07039	0.01066	0.00486	0.00150	0.00235	0.02906	0.00388	0.00371
9	0.01038	0.00851	0.04833	0.17113	0.17234	0.04115	0.02569	0.10245	0.03009	0.13755	0.06682	0.04035	0.01037	0.02250	0.05019	0.00160	0.02034	0.03195	0.00292	0.00532
10	0.06536	0.19010	0.31126	0.04282	0.10478	0.02837	0.09507	0.04056	0.02874	0.02695	0.00720	0.00858	0.00556	0.00380	0.00378	0.00118	0.02528	0.00307	0.00200	0.00553
11	0.00567	0.00423	0.00626	0.00626	0.00692	0.00489	0.00481	0.00701	0.00634	0.00912	0.01073	0.01616	0.01017	0.07663	0.79840	0.00623	0.01024	0.00433	0.00214	0.00348
12	0.00575	0.00409	0.00514	0.00488	0.00589	0.00371	0.00364	0.00738	0.01060	0.03628	0.62887	0.06061	0.17146	0.02805	0.00503	0.00133	0.00199	0.00741	0.00419	0.00370
13	0.06972	0.19345	0.26580	0.03145	0.08012	0.01130	0.04442	0.19388	0.01058	0.03136	0.00739	0.00845	0.00562	0.00398	0.00376	0.00116	0.02644	0.00302	0.00235	0.00574
14	0.37056	0.02805	0.07076	0.00691	0.00947	0.00841	0.02371	0.12198	0.03095	0.11771	0.01001	0.09879	0.00846	0.00516	0.00362	0.00127	0.02361	0.01541	0.04018	0.00499
15	0.00576	0.00407	0.00560	0.00609	0.00665	0.00389	0.02491	0.02584	0.00815	0.03201	0.03646	0.64115	0.02396	0.04475	0.01787	0.00176	0.00281	0.10116	0.00361	0.00348
16	0.00895	0.04423	0.19576	0.00994	0.12099	0.02880	0.02412	0.01155	0.02004	0.04137	0.02576	0.00916	0.00661	0.00347	0.00338	0.00090	0.00405	0.00287	0.00226	0.43576
17	0.02596	0.19793	0.10051	0.00973	0.01267	0.44707	0.06394	0.01449	0.02990	0.03662	0.00678	0.00775	0.00548	0.00388	0.00345	0.00104	0.00600	0.00273	0.00208	0.02200

[dist]
# distance from previous block
# <min> <max>
2	4

[block]
# block no. 9 follows, 68 sequences, length 11
# corresponding to MSA columns:
# 419-424,426-430
name=unknown_J
#
# <colnr> <probs for GDERKNQSTAVLIFYWHMCP>
#	G	D	E	R	K	N	Q	S	T	A	V	L	I	F	Y	W	H	M	C	P
0	0.00847	0.12349	0.22567	0.14284	0.06975	0.01981	0.12334	0.02665	0.05266	0.01205	0.04774	0.04766	0.03179	0.00541	0.03080	0.00141	0.01907	0.00405	0.00221	0.00513
1	0.00487	0.00360	0.00455	0.00521	0.00569	0.00328	0.00356	0.00570	0.00813	0.01068	0.08806	0.64594	0.17291	0.01166	0.00496	0.00153	0.00221	0.01043	0.00373	0.00328
2	0.00702	0.00599	0.00914	0.10416	0.21950	0.00611	0.02465	0.02344	0.04345	0.01199	0.09342	0.32677	0.04590	0.03081	0.00495	0.00147	0.00344	0.03032	0.00305	0.00441
3	0.01024	0.74890	0.13177	0.00740	0.01112	0.01481	0.00785	0.01197	0.00810	0.00977	0.00573	0.00663	0.00508	0.00344	0.00271	0.00090	0.00446	0.00223	0.00169	0.00519
4	0.00740	0.00504	0.00640	0.00663	0.00763	0.00504	0.00513	0.12350	0.00981	0.05476	0.01953	0.45587	0.02162	0.01052	0.00497	0.00159	0.00304	0.24371	0.00377	0.00403
5	0.00511	0.00395	0.00469	0.00487	0.00582	0.00352	0.00362	0.00635	0.00935	0.01213	0.25774	0.21285	0.37350	0.01008	0.00483	0.00141	0.00216	0.07070	0.00387	0.00345
6	0.01195	0.00829	0.00918	0.00697	0.01012	0.05405	0.00562	0.16748	0.01122	0.20207	0.04648	0.01056	0.00830	0.00403	0.00348	0.00090	0.00350	0.00318	0.00331	0.42930
7	0.05171	0.05880	0.15389	0.03625	0.01318	0.21927	0.07648	0.09548	0.04380	0.15111	0.05505	0.01055	0.00817	0.00439	0.00380	0.00117	0.00513	0.00346	0.00285	0.00548
8	0.08101	0.06602	0.06482	0.03963	0.00980	0.00762	0.00606	0.15917	0.04956	0.10534	0.08552	0.16957	0.01404	0.06319	0.01926	0.00153	0.00364	0.02238	0.00335	0.02849
9	0.15459	0.16929	0.12061	0.06959	0.05547	0.04019	0.10919	0.04375	0.00886	0.05844	0.04564	0.03214	0.02954	0.02904	0.00418	0.00127	0.01717	0.00364	0.00240	0.00500
10	0.02608	0.10482	0.16537	0.00838	0.01145	0.03937	0.02060	0.23941	0.05619	0.03633	0.07847	0.06552	0.03154	0.00536	0.00415	0.00120	0.03114	0.01720	0.00303	0.05439

[dist]
# distance from previous block
# <min> <max>
4	19

[block]
# block no. 10 follows, 68 sequences, length 38
# corresponding to MSA columns:
# 453-490
name=unknown_K
#
# <colnr> <probs for GDERKNQSTAVLIFYWHMCP>
#	G	D	E	R	K	N	Q	S	T	A	V	L	I	F	Y	W	H	M	C	P
0	0.08884	0.00899	0.04426	0.11249	0.28170	0.04937	0.04539	0.05073	0.04356	0.08469	0.03665	0.03105	0.05528	0.01608	0.00410	0.00125	0.00432	0.00402	0.00264	0.03458
1	0.21801	0.03207	0.02305	0.15366	0.05856	0.08891	0.01504	0.13511	0.04206	0.11762	0.02594	0.00973	0.00685	0.00418	0.00350	0.00118	0.00424	0.00319	0.00286	0.05426
2	0.06097	0.03189	0.34322	0.06120	0.01526	0.00911	0.12079	0.09534	0.04836	0.08568	0.02074	0.01192	0.02877	0.00451	0.00407	0.00128	0.01560	0.03316	0.00256	0.00559
3	0.01050	0.00746	0.00800	0.02557	0.00898	0.08810	0.00536	0.09797	0.04691	0.17792	0.08468	0.06374	0.05165	0.15770	0.00738	0.00170	0.04455	0.03762	0.00341	0.07080
4	0.00677	0.00503	0.00592	0.00599	0.01975	0.00507	0.00419	0.08295	0.09176	0.02616	0.06242	0.33136	0.15334	0.14838	0.03064	0.00196	0.00304	0.00785	0.00352	0.00389
5	0.00569	0.00415	0.00588	0.00588	0.00642	0.00469	0.00434	0.00676	0.00623	0.00884	0.01107	0.01807	0.01100	0.22958	0.64658	0.00576	0.00899	0.00461	0.00219	0.00327
6	0.00945	0.02944	0.05382	0.00751	0.02452	0.00666	0.06005	0.06851	0.00925	0.06543	0.00780	0.00880	0.00613	0.00328	0.00324	0.00077	0.00353	0.00274	0.00254	0.62652
7	0.00872	0.16838	0.67041	0.01038	0.01572	0.01024	0.01299	0.01264	0.00841	0.03734	0.00709	0.00817	0.00518	0.00374	0.00356	0.00118	0.00550	0.00282	0.00178	0.00575
8	0.00598	0.00470	0.00693	0.00675	0.00738	0.00568	0.00530	0.00731	0.00633	0.00921	0.01009	0.01505	0.00951	0.04276	0.74311	0.00584	0.09818	0.00420	0.00209	0.00360
9	0.00540	0.00395	0.00551	0.00585	0.00635	0.00420	0.00427	0.00643	0.00690	0.00951	0.01581	0.30056	0.03948	0.10645	0.42366	0.00420	0.00663	0.03873	0.00278	0.00332
10	0.01212	0.00926	0.01018	0.00784	0.01095	0.00944	0.00636	0.44660	0.09369	0.03334	0.00981	0.03316	0.00757	0.00445	0.00367	0.00102	0.00371	0.00348	0.00346	0.28990
11	0.00850	0.00726	0.00860	0.00789	0.00958	0.06521	0.06693	0.06036	0.21597	0.02508	0.06253	0.15857	0.02604	0.01513	0.00468	0.00145	0.00363	0.19706	0.02648	0.02904
12	0.08058	0.02884	0.01080	0.00819	0.01122	0.03045	0.00676	0.52914	0.01542	0.17496	0.01095	0.01064	0.02945	0.00475	0.00381	0.00117	0.00404	0.00358	0.00388	0.03138
13	0.00891	0.03945	0.03793	0.28988	0.23527	0.00864	0.05179	0.01222	0.09572	0.05480	0.06045	0.01373	0.00947	0.02688	0.00447	0.00134	0.00454	0.03680	0.00248	0.00522
14	0.00532	0.00404	0.00500	0.00554	0.00637	0.00375	0.00424	0.00665	0.02251	0.01118	0.07040	0.33135	0.27519	0.01095	0.00502	0.00156	0.00256	0.22119	0.00372	0.00345
15	0.01827	0.00746	0.00950	0.00879	0.01038	0.11066	0.12840	0.03122	0.02922	0.02407	0.03103	0.12134	0.04111	0.00857	0.00491	0.00156	0.00431	0.40180	0.00324	0.00417
16	0.20252	0.00810	0.00861	0.00719	0.00984	0.03008	0.00579	0.06516	0.27879	0.32310	0.01302	0.01200	0.00907	0.00477	0.00366	0.00126	0.00339	0.00369	0.00396	0.00601
17	0.86159	0.00757	0.00584	0.00528	0.00768	0.00876	0.00436	0.01155	0.00682	0.01761	0.00600	0.00762	0.00486	0.00390	0.00255	0.00125	0.00309	0.02691	0.00249	0.00427
18	0.00527	0.00398	0.00488	0.00492	0.00581	0.00362	0.00359	0.00681	0.02257	0.01334	0.44379	0.21774	0.23009	0.00951	0.00476	0.00135	0.00202	0.00834	0.00404	0.00357
19	0.00996	0.00915	0.01543	0.12152	0.66136	0.00936	0.03433	0.04190	0.00933	0.03825	0.00775	0.01003	0.00628	0.00367	0.00395	0.00120	0.00478	0.00358	0.00210	0.00606
20	0.03023	0.02331	0.01042	0.00879	0.02197	0.31506	0.00682	0.17855	0.05190	0.25198	0.01085	0.05419	0.00823	0.00493	0.00384	0.00116	0.00491	0.00372	0.00344	0.00568
21	0.83040	0.00778	0.00651	0.00648	0.06258	0.00893	0.00482	0.01169	0.00690	0.01747	0.00565	0.00666	0.00443	0.00367	0.00255	0.00122	0.00318	0.00224	0.00242	0.00443
22	0.00932	0.00891	0.05751	0.05449	0.08441	0.03338	0.07075	0.09335	0.29246	0.02376	0.07972	0.10456	0.01325	0.00595	0.00449	0.00134	0.02769	0.02595	0.00330	0.00543
23	0.00497	0.00355	0.00476	0.00559	0.00587	0.00339	0.00381	0.00572	0.00752	0.01006	0.02091	0.75312	0.02483	0.04232	0.04988	0.00195	0.00285	0.04215	0.00355	0.00323
24	0.00705	0.00625	0.00892	0.00802	0.00838	0.00794	0.02822	0.00804	0.00646	0.00950	0.03725	0.06038	0.01025	0.14075	0.26132	0.00340	0.37733	0.00463	0.00215	0.00376
25	0.00936	0.01070	0.02340	0.01671	0.02072	0.01003	0.82152	0.01270	0.00936	0.01270	0.00802	0.01070	0.00602	0.00334	0.00468	0.00134	0.00668	0.00468	0.00201	0.00535
26	0.88866	0.00767	0.00583	0.00521	0.00767	0.00889	0.00429	0.01166	0.00675	0.01779	0.00552	0.00644	0.00429	0.00368	0.00245	0.00123	0.00307	0.00215	0.00245	0.00429
27	0.00858	0.00906	0.03058	0.00836	0.03957	0.16323	0.03038	0.03124	0.05541	0.01154	0.07248	0.02020	0.23708	0.02774	0.01851	0.00147	0.16845	0.03465	0.00282	0.02864
28	0.00552	0.00384	0.00436	0.00444	0.00469	0.00371	0.00268	0.00583	0.00668	0.00878	0.06195	0.10954	0.12515	0.61832	0.01580	0.00315	0.00334	0.00673	0.00280	0.00268
29	0.01325	0.01616	0.01315	0.06554	0.01444	0.59864	0.13247	0.03965	0.02551	0.01078	0.00674	0.00817	0.00544	0.00409	0.00406	0.00112	0.03089	0.00303	0.00210	0.00479
30	0.00841	0.00524	0.00631	0.00543	0.00732	0.00464	0.00423	0.01056	0.06351	0.18181	0.28084	0.02530	0.26063	0.00722	0.00429	0.00120	0.00243	0.00612	0.00401	0.11051
31	0.01498	0.01385	0.01167	0.00951	0.01228	0.30602	0.00758	0.53800	0.01603	0.01960	0.00832	0.00868	0.00617	0.00452	0.00383	0.00113	0.00535	0.00321	0.00329	0.00599
32	0.00909	0.03341	0.13909	0.00920	0.01302	0.00798	0.15989	0.06836	0.08762	0.01391	0.00824	0.00938	0.00640	0.00351	0.00356	0.00095	0.00424	0.00316	0.00244	0.41655
33	0.00567	0.00422	0.00621	0.00621	0.00686	0.00487	0.00476	0.00698	0.00632	0.00908	0.01077	0.01639	0.01027	0.09509	0.78008	0.00617	0.01009	0.00437	0.00215	0.00345
34	0.01481	0.01890	0.01124	0.01021	0.01226	0.84474	0.00766	0.01583	0.01124	0.00970	0.00613	0.00715	0.00511	0.00409	0.00358	0.00102	0.00715	0.00255	0.00204	0.00460
35	0.00594	0.00432	0.00590	0.00581	0.00641	0.00480	0.00426	0.02991	0.00668	0.00937	0.02641	0.01895	0.02568	0.26101	0.56055	0.00534	0.00824	0.00478	0.00232	0.00331
36	0.00506	0.00374	0.00517	0.03499	0.02946	0.00358	0.00417	0.00586	0.00764	0.01020	0.02095	0.80558	0.02496	0.01189	0.00499	0.00159	0.00247	0.01079	0.00357	0.00335
37	0.00809	0.01953	0.75886	0.01184	0.01751	0.00929	0.09493	0.01257	0.00847	0.01257	0.00721	0.00860	0.00512	0.00372	0.00386	0.00126	0.00594	0.00310	0.00171	0.00581

[dist]
# distance from previous block
# <min> <max>
0	15

[block]
# block no. 11 follows, 68 sequences, length 59
# corresponding to MSA columns:
# 506-513,516-543,545-567
name=unknown_L
#
# <colnr> <probs for GDERKNQSTAVLIFYWHMCP>
#	G	D	E	R	K	N	Q	S	T	A	V	L	I	F	Y	W	H	M	C	P
0	0.75257	0.00752	0.00635	0.00550	0.00805	0.00842	0.00453	0.01285	0.00747	0.14607	0.00710	0.00754	0.00516	0.00387	0.00269	0.00123	0.00312	0.00243	0.00284	0.00468
1	0.01308	0.01094	0.04807	0.00885	0.01176	0.05142	0.00738	0.47866	0.26288	0.03557	0.01140	0.01125	0.00837	0.01675	0.00418	0.00127	0.00417	0.00381	0.00379	0.00640
2	0.00536	0.00404	0.00496	0.00473	0.00577	0.00364	0.00355	0.00700	0.01064	0.01451	0.62180	0.03190	0.25031	0.00862	0.00468	0.00127	0.00191	0.00749	0.00418	0.00364
3	0.02777	0.01068	0.01168	0.11345	0.08313	0.18574	0.05894	0.17854	0.02807	0.03933	0.00853	0.01146	0.00713	0.06194	0.00568	0.00138	0.07252	0.02841	0.00260	0.06300
4	0.03379	0.00482	0.00598	0.00560	0.00663	0.00489	0.00426	0.03116	0.03997	0.03626	0.50878	0.12258	0.07958	0.00813	0.00509	0.00132	0.05919	0.00693	0.03107	0.00397
5	0.06173	0.03525	0.00927	0.03982	0.03003	0.00682	0.00560	0.05768	0.02225	0.10131	0.00806	0.00894	0.00629	0.00353	0.00346	0.00083	0.02946	0.00272	0.00267	0.56430
6	0.09780	0.04303	0.03905	0.03382	0.01151	0.10864	0.02956	0.12000	0.06875	0.39035	0.01163	0.01102	0.00790	0.00454	0.00375	0.00120	0.00418	0.00352	0.00373	0.00602
7	0.00570	0.00390	0.00464	0.03062	0.00527	0.00395	0.00288	0.00590	0.00607	0.00809	0.01341	0.12591	0.01545	0.71180	0.03753	0.00356	0.00386	0.00633	0.00253	0.00259
8	0.01060	0.20789	0.13036	0.02351	0.09754	0.03338	0.04571	0.17963	0.04240	0.02280	0.03743	0.00944	0.00718	0.00396	0.00351	0.00104	0.00442	0.00316	0.00253	0.13350
9	0.00953	0.00919	0.01585	0.11824	0.71727	0.00937	0.03842	0.01195	0.00891	0.01262	0.00743	0.00993	0.00616	0.00358	0.00395	0.00120	0.00484	0.00357	0.00194	0.00604
10	0.00963	0.00750	0.00877	0.00639	0.00978	0.00622	0.00516	0.09983	0.00954	0.06989	0.00786	0.00873	0.00622	0.00334	0.00331	0.00072	0.01905	0.00261	0.00269	0.71275
11	0.00502	0.00377	0.00466	0.00499	0.00570	0.00340	0.00353	0.00613	0.00900	0.01193	0.26032	0.41355	0.23238	0.01058	0.00486	0.00144	0.00210	0.00936	0.00388	0.00340
12	0.00483	0.00352	0.00455	0.00534	0.00571	0.00324	0.00361	0.00557	0.00781	0.01027	0.03611	0.75388	0.11680	0.01209	0.00501	0.00157	0.00226	0.01089	0.00369	0.00324
13	0.00493	0.00383	0.00448	0.00473	0.00561	0.00339	0.00339	0.00600	0.00900	0.01159	0.19857	0.31484	0.39458	0.01045	0.00481	0.00141	0.00208	0.00911	0.00382	0.00339
14	0.00571	0.00430	0.00605	0.03261	0.00732	0.00400	0.04627	0.00703	0.00912	0.03374	0.27229	0.38827	0.14858	0.00981	0.00480	0.00142	0.00247	0.00880	0.00377	0.00364
