[name]
unknown

[dist]
# distance from previous block
# <min> <max>
6	170

[block]
# block no. 0 follows, 71 sequences, length 11
# corresponding to MSA columns:
# 296-306
name=unknown_A
#
# <colnr> <probs for GDERKNQSTAVLIFYWHMCP>
#	G	D	E	R	K	N	Q	S	T	A	V	L	I	F	Y	W	H	M	C	P
0	0.05619	0.11128	0.13627	0.11679	0.06183	0.06617	0.01937	0.06301	0.04566	0.04327	0.02149	0.12581	0.01976	0.02195	0.00394	0.00120	0.00416	0.00418	0.00247	0.07519
1	0.04648	0.16855	0.12374	0.04316	0.09806	0.04316	0.04947	0.08315	0.07217	0.13322	0.02520	0.02740	0.02664	0.00426	0.00353	0.00111	0.00421	0.00346	0.00269	0.04033
2	0.07196	0.00783	0.03518	0.07330	0.07634	0.08384	0.00619	0.04714	0.02623	0.08804	0.02156	0.07812	0.00964	0.10351	0.04888	0.00166	0.01829	0.03424	0.00265	0.16540
3	0.03968	0.05349	0.02198	0.02520	0.03882	0.02090	0.02827	0.03570	0.00858	0.04522	0.02269	0.25478	0.31352	0.00814	0.00419	0.00126	0.00283	0.00700	0.00316	0.06458
4	0.00857	0.00851	0.07193	0.29052	0.15189	0.00771	0.10301	0.01101	0.00828	0.05586	0.00744	0.00951	0.00572	0.00346	0.00363	0.00106	0.00451	0.00322	0.00207	0.24212
5	0.00845	0.00660	0.00926	0.13226	0.05775	0.00584	0.05160	0.01023	0.00829	0.09827	0.01062	0.10621	0.04096	0.00454	0.00354	0.00095	0.00341	0.00399	0.00260	0.43464
6	0.01286	0.12709	0.01145	0.00854	0.07248	0.02428	0.00659	0.21315	0.04331	0.26204	0.02803	0.01092	0.00807	0.00440	0.00382	0.00107	0.02845	0.01705	0.00338	0.11302
7	0.00782	0.00785	0.05612	0.22862	0.16927	0.04147	0.00787	0.07620	0.00930	0.01213	0.04594	0.01757	0.23516	0.00550	0.00395	0.00118	0.00390	0.00468	0.00256	0.06292
8	0.00895	0.00849	0.03571	0.28474	0.23915	0.07044	0.02538	0.03941	0.03959	0.04675	0.01040	0.01393	0.05363	0.00496	0.00438	0.02458	0.01780	0.06453	0.00230	0.00488
9	0.00642	0.00517	0.00693	0.06607	0.12702	0.00533	0.00509	0.00843	0.09698	0.01036	0.04675	0.16948	0.09846	0.29068	0.02533	0.00221	0.00347	0.01928	0.00282	0.00372
10	0.19926	0.00875	0.03426	0.09363	0.15161	0.00895	0.10357	0.13120	0.08495	0.13372	0.00901	0.00983	0.00657	0.00400	0.00360	0.00121	0.00415	0.00339	0.00285	0.00550

[dist]
# distance from previous block
# <min> <max>
0	2

[block]
# block no. 1 follows, 71 sequences, length 23
# corresponding to MSA columns:
# 309-331
name=unknown_B
#
# <colnr> <probs for GDERKNQSTAVLIFYWHMCP>
#	G	D	E	R	K	N	Q	S	T	A	V	L	I	F	Y	W	H	M	C	P
0	0.01042	0.31461	0.03373	0.01394	0.32694	0.05692	0.04131	0.08553	0.05955	0.01235	0.00718	0.00844	0.00595	0.00361	0.00334	0.00104	0.00450	0.00297	0.00210	0.00557
1	0.00550	0.00401	0.00566	0.00566	0.00618	0.00452	0.00417	0.00653	0.00601	0.00853	0.01073	0.01759	0.01068	0.23921	0.64110	0.00555	0.00862	0.00448	0.00212	0.00315
2	0.00501	0.00389	0.00448	0.00437	0.00537	0.00350	0.00321	0.00623	0.00913	0.01191	0.33762	0.03169	0.42105	0.09028	0.04397	0.00171	0.00243	0.00724	0.00363	0.00330
3	0.02974	0.26308	0.58805	0.00953	0.01443	0.01070	0.01174	0.01193	0.00797	0.01137	0.00640	0.00749	0.00486	0.00354	0.00327	0.00110	0.00515	0.00259	0.00164	0.00542
4	0.00567	0.00432	0.00626	0.00616	0.00672	0.00508	0.00471	0.00684	0.00607	0.00874	0.01017	0.01586	0.00983	0.12761	0.69997	0.00560	0.06073	0.00424	0.00206	0.00334
5	0.01076	0.72047	0.04302	0.00717	0.01033	0.13507	0.00691	0.01205	0.00824	0.00916	0.00546	0.00632	0.00492	0.00339	0.00264	0.00086	0.00455	0.00213	0.00169	0.00487
6	0.00527	0.00362	0.00445	0.00487	0.00503	0.00353	0.00312	0.00567	0.00653	0.00869	0.01631	0.35736	0.01910	0.45989	0.01260	0.00271	0.00311	0.07249	0.00291	0.00273
7	0.03096	0.00966	0.01072	0.00827	0.01128	0.01036	0.00682	0.60596	0.04530	0.20490	0.01067	0.01018	0.00732	0.00464	0.00382	0.00116	0.00394	0.00355	0.00401	0.00646
8	0.01087	0.00866	0.01155	0.04381	0.32068	0.03362	0.00838	0.04794	0.32378	0.13247	0.01156	0.01177	0.00865	0.00436	0.00384	0.00121	0.00387	0.00380	0.00314	0.00604
9	0.00589	0.00422	0.00582	0.00663	0.00743	0.00416	0.00560	0.00748	0.00872	0.01140	0.06198	0.15866	0.04295	0.01063	0.00518	0.00170	0.00322	0.64129	0.00357	0.00347
10	0.00910	0.00899	0.06803	0.04873	0.22131	0.02470	0.06353	0.01430	0.28812	0.04280	0.10114	0.01321	0.01116	0.00480	0.00454	0.00126	0.06175	0.00414	0.00289	0.00549
11	0.01204	0.49382	0.01603	0.00802	0.01073	0.38249	0.00693	0.01317	0.00914	0.00918	0.00559	0.00649	0.00493	0.00358	0.00290	0.00089	0.00534	0.00223	0.00179	0.00471
12	0.01072	0.00851	0.00915	0.00786	0.01010	0.00957	0.00619	0.30662	0.43943	0.01815	0.01402	0.11908	0.01157	0.00584	0.00400	0.00128	0.00336	0.00484	0.00383	0.00586
13	0.00978	0.01007	0.01421	0.12566	0.54965	0.13522	0.03472	0.01187	0.00880	0.01153	0.00703	0.00936	0.00586	0.00434	0.02846	0.00129	0.02146	0.00332	0.00189	0.00546
14	0.89233	0.00741	0.00564	0.00504	0.00741	0.00860	0.00415	0.01127	0.00653	0.01720	0.00534	0.00623	0.00415	0.00356	0.00237	0.00119	0.00297	0.00208	0.00237	0.00415
15	0.89233	0.00741	0.00564	0.00504	0.00741	0.00860	0.00415	0.01127	0.00653	0.01720	0.00534	0.00623	0.00415	0.00356	0.00237	0.00119	0.00297	0.00208	0.00237	0.00415
16	0.00556	0.00379	0.00457	0.00457	0.00470	0.00393	0.00281	0.00582	0.00569	0.00772	0.01173	0.02313	0.01309	0.70202	0.18159	0.00419	0.00500	0.00529	0.00227	0.00254
17	0.00469	0.00357	0.00434	0.00492	0.00554	0.00322	0.00346	0.00551	0.00789	0.01006	0.02714	0.54330	0.30316	0.01116	0.00479	0.00148	0.00219	0.04685	0.00356	0.00318
18	0.01103	0.03531	0.03972	0.00774	0.00990	0.17778	0.00628	0.22039	0.12205	0.06990	0.11836	0.09490	0.04692	0.00585	0.00406	0.00119	0.01545	0.00468	0.00337	0.00510
19	0.00997	0.17094	0.16224	0.03500	0.01210	0.00886	0.08357	0.05406	0.08637	0.13770	0.05112	0.03989	0.02376	0.00453	0.00362	0.00111	0.00407	0.01648	0.00277	0.09187
20	0.02456	0.19770	0.51180	0.02875	0.04370	0.03504	0.02440	0.02373	0.02617	0.02956	0.00731	0.00836	0.01547	0.00371	0.00341	0.00112	0.00511	0.00283	0.00184	0.00543
21	0.05177	0.52381	0.12399	0.00822	0.04399	0.01290	0.02361	0.07589	0.02772	0.01147	0.00623	0.00718	0.00525	0.00360	0.00321	0.00097	0.03465	0.00247	0.00193	0.03112
22	0.07137	0.38641	0.10810	0.10284	0.07631	0.02435	0.02892	0.04810	0.03162	0.02201	0.00764	0.00916	0.02888	0.00393	0.00335	0.00106	0.02298	0.01596	0.00202	0.00500

[dist]
# distance from previous block
# <min> <max>
25	89

[block]
# block no. 2 follows, 71 sequences, length 12
# corresponding to MSA columns:
# 443-454
name=unknown_C
#
# <colnr> <probs for GDERKNQSTAVLIFYWHMCP>
#	G	D	E	R	K	N	Q	S	T	A	V	L	I	F	Y	W	H	M	C	P
0	0.05117	0.04530	0.01128	0.15230	0.03145	0.18150	0.08085	0.03357	0.07200	0.23791	0.01070	0.01200	0.02350	0.00450	0.00378	0.00119	0.00466	0.03419	0.00296	0.00520
1	0.02727	0.00768	0.03602	0.07423	0.18729	0.00667	0.03249	0.03996	0.00864	0.03212	0.02976	0.03012	0.02364	0.00392	0.00345	0.00093	0.00360	0.02962	0.00238	0.42021
2	0.00942	0.00847	0.01385	0.18199	0.50233	0.00887	0.04266	0.05391	0.05584	0.04188	0.03769	0.01073	0.00741	0.00386	0.00387	0.00119	0.00449	0.00365	0.00226	0.00564
3	0.00715	0.00357	0.00357	0.00357	0.00447	0.00357	0.00268	0.00893	0.00804	0.01429	0.01251	0.01429	0.00983	0.00447	0.00268	0.00089	0.00179	0.00357	0.88654	0.00357
4	0.02556	0.03998	0.05820	0.26291	0.07798	0.03523	0.02617	0.03190	0.06025	0.02750	0.06697	0.01693	0.11349	0.05932	0.04035	0.00160	0.00434	0.03504	0.01189	0.00439
5	0.00774	0.05663	0.63997	0.01016	0.01485	0.00877	0.03450	0.02973	0.00833	0.01209	0.02676	0.04017	0.02648	0.00451	0.00406	0.00125	0.03438	0.03236	0.00192	0.00532
6	0.00715	0.00357	0.00357	0.00357	0.00447	0.00357	0.00268	0.00893	0.00804	0.01429	0.01251	0.01429	0.00983	0.00447	0.00268	0.00089	0.00179	0.00357	0.88654	0.00357
7	0.41037	0.03546	0.02406	0.06209	0.15702	0.05061	0.05834	0.06453	0.02280	0.03629	0.00663	0.00797	0.00519	0.00380	0.00352	0.00119	0.04013	0.00281	0.00232	0.00487
8	0.03862	0.00864	0.00915	0.00744	0.00991	0.00942	0.00601	0.47841	0.15316	0.01963	0.05086	0.01597	0.16441	0.00576	0.00396	0.00121	0.00345	0.00457	0.00377	0.00563
9	0.00781	0.00762	0.00676	0.02627	0.00810	0.19822	0.00495	0.03807	0.02619	0.01111	0.10193	0.24563	0.12023	0.03933	0.01788	0.01420	0.00371	0.07221	0.00308	0.04670
10	0.00778	0.19940	0.47445	0.00863	0.01277	0.00925	0.01013	0.01121	0.04563	0.01149	0.04251	0.03979	0.10199	0.00476	0.00357	0.00115	0.00453	0.00375	0.00211	0.00509
11	0.00552	0.00762	0.19723	0.00590	0.00806	0.00477	0.00574	0.00765	0.03725	0.01127	0.08965	0.14003	0.44833	0.00833	0.00435	0.00130	0.00286	0.00704	0.00318	0.00391

[dist]
# distance from previous block
# <min> <max>
0	1

[block]
# block no. 3 follows, 71 sequences, length 9
# corresponding to MSA columns:
# 456-464
name=unknown_D
#
# <colnr> <probs for GDERKNQSTAVLIFYWHMCP>
#	G	D	E	R	K	N	Q	S	T	A	V	L	I	F	Y	W	H	M	C	P
0	0.01027	0.74867	0.01852	0.00679	0.00981	0.07932	0.00652	0.01149	0.00793	0.00904	0.00568	0.00676	0.00521	0.00490	0.05454	0.00116	0.00470	0.00221	0.00169	0.00479
1	0.00774	0.02064	0.05941	0.02972	0.00910	0.02064	0.04485	0.00903	0.03555	0.04510	0.00928	0.04968	0.00877	0.09628	0.05338	0.17641	0.06454	0.04120	0.00229	0.21639
2	0.00871	0.00840	0.01185	0.02628	0.15538	0.10031	0.17936	0.01133	0.06568	0.04158	0.18600	0.03858	0.07196	0.00517	0.00408	0.00116	0.00412	0.00481	0.00283	0.07241
3	0.00561	0.00353	0.00469	0.00501	0.00521	0.00346	0.00334	0.00547	0.00626	0.00831	0.01474	0.28764	0.05414	0.20650	0.04832	0.28788	0.00331	0.04148	0.00260	0.00251
4	0.00798	0.11077	0.14079	0.05474	0.10010	0.06318	0.04604	0.00978	0.00776	0.02658	0.01026	0.13998	0.01026	0.09553	0.07305	0.00190	0.05599	0.03870	0.00224	0.00438
5	0.02831	0.18020	0.26405	0.08837	0.15125	0.02567	0.06465	0.04482	0.07972	0.02678	0.00762	0.00889	0.00588	0.00372	0.00352	0.00114	0.00482	0.00309	0.00206	0.00546
6	0.00712	0.00610	0.00624	0.00580	0.00700	0.09232	0.00440	0.00952	0.09411	0.03935	0.41948	0.05935	0.16354	0.00745	0.00468	0.00124	0.04207	0.00624	0.02001	0.00398
7	0.00549	0.00370	0.00431	0.00438	0.00444	0.00372	0.00256	0.00562	0.00576	0.00771	0.01278	0.09729	0.01471	0.74896	0.06017	0.00365	0.00392	0.00596	0.00242	0.00245
8	0.23779	0.05895	0.01160	0.09820	0.23829	0.09083	0.03416	0.03252	0.00811	0.02445	0.00678	0.02511	0.00578	0.02081	0.00456	0.00125	0.09075	0.00312	0.00210	0.00484

[dist]
# distance from previous block
# <min> <max>
0	1

[block]
# block no. 4 follows, 71 sequences, length 25
# corresponding to MSA columns:
# 466-490
name=unknown_E
#
# <colnr> <probs for GDERKNQSTAVLIFYWHMCP>
#	G	D	E	R	K	N	Q	S	T	A	V	L	I	F	Y	W	H	M	C	P
0	0.00601	0.00395	0.00466	0.00490	0.02462	0.00374	0.00345	0.00765	0.02997	0.02363	0.21791	0.18877	0.16645	0.01924	0.00419	0.00123	0.00205	0.00667	0.27733	0.00358
1	0.02473	0.00674	0.02256	0.21435	0.02344	0.01688	0.12170	0.05075	0.02391	0.07313	0.01148	0.08477	0.02750	0.07283	0.00531	0.00143	0.02416	0.03837	0.13561	0.02035
2	0.00627	0.00408	0.00523	0.00488	0.00595	0.00372	0.00368	0.00794	0.01045	0.07833	0.64773	0.06123	0.10389	0.00783	0.00443	0.00122	0.00195	0.00686	0.03054	0.00379
3	0.00715	0.00357	0.00357	0.00357	0.00447	0.00357	0.00268	0.00893	0.00804	0.01429	0.01251	0.01429	0.00983	0.00447	0.00268	0.00089	0.00179	0.00357	0.88654	0.00357
4	0.05692	0.00998	0.02231	0.15597	0.23403	0.16639	0.00873	0.02645	0.03367	0.12410	0.00794	0.00940	0.00611	0.00413	0.00443	0.00117	0.08201	0.00320	0.00237	0.04069
5	0.04920	0.00850	0.01199	0.05707	0.25366	0.00870	0.06384	0.15632	0.11999	0.10900	0.02338	0.02072	0.00782	0.00415	0.00375	0.00114	0.00400	0.00365	0.00293	0.09018
6	0.00720	0.00376	0.00389	0.00382	0.00468	0.00389	0.00290	0.00895	0.00796	0.01410	0.01222	0.01407	0.00964	0.00455	0.00306	0.00092	0.03474	0.00357	0.85249	0.00360
7	0.00926	0.00892	0.07964	0.03268	0.49601	0.00793	0.04882	0.02693	0.00923	0.07973	0.08660	0.01373	0.06240	0.00448	0.00396	0.00118	0.00420	0.01624	0.00248	0.00556
8	0.00957	0.12652	0.26178	0.06883	0.29518	0.08622	0.02855	0.01224	0.00860	0.04341	0.00709	0.00869	0.00558	0.00399	0.01700	0.00120	0.00516	0.00303	0.00189	0.00549
9	0.00987	0.05340	0.23136	0.06007	0.39925	0.04589	0.03005	0.01268	0.01894	0.09088	0.00782	0.00931	0.00599	0.00366	0.00370	0.00115	0.00486	0.00323	0.00210	0.00577
10	0.00676	0.00585	0.00782	0.04345	0.08176	0.02960	0.00586	0.00778	0.00697	0.00951	0.02226	0.08995	0.06257	0.20833	0.12274	0.00263	0.19180	0.08836	0.00240	0.00361
11	0.00844	0.00680	0.00800	0.00574	0.00912	0.00514	0.00460	0.01013	0.00811	0.05653	0.00726	0.00822	0.00588	0.00294	0.00289	0.00060	0.00286	0.00236	0.00240	0.84197
12	0.00811	0.14396	0.68363	0.01035	0.01546	0.00993	0.02749	0.01196	0.00800	0.01160	0.00661	0.00786	0.00489	0.00368	0.00376	0.00117	0.03164	0.00276	0.00163	0.00550
13	0.00878	0.00828	0.01399	0.11954	0.65820	0.00846	0.01086	0.01099	0.00859	0.01210	0.02789	0.05465	0.00813	0.00422	0.00392	0.00120	0.00441	0.02815	0.00206	0.00557
14	0.00548	0.00408	0.00604	0.00604	0.00668	0.00472	0.00464	0.00677	0.00612	0.00881	0.01039	0.01570	0.00986	0.08186	0.79733	0.00601	0.00985	0.00420	0.00207	0.00335
15	0.01471	0.01052	0.01137	0.00872	0.01178	0.01157	0.00720	0.78714	0.01767	0.06608	0.00951	0.00940	0.00667	0.00461	0.00384	0.00115	0.00417	0.00347	0.00388	0.00652
16	0.00473	0.00338	0.00452	0.00541	0.00566	0.00317	0.00367	0.00545	0.00740	0.00986	0.02110	0.82856	0.02522	0.01195	0.00491	0.00157	0.00228	0.04447	0.00356	0.00313
17	0.00467	0.00336	0.00443	0.00528	0.00555	0.00312	0.00353	0.00535	0.00740	0.00981	0.02184	0.82959	0.05806	0.01192	0.00488	0.00155	0.00221	0.01079	0.00356	0.00312
18	0.00941	0.00810	0.00856	0.00771	0.00984	0.00936	0.00599	0.01997	0.80914	0.01602	0.04088	0.01475	0.01246	0.00528	0.00392	0.00130	0.00300	0.00441	0.00391	0.00599
19	0.00949	0.00911	0.01556	0.02353	0.84133	0.00911	0.01177	0.01177	0.00873	0.01253	0.00721	0.00949	0.00607	0.00342	0.00380	0.00114	0.00456	0.00342	0.00190	0.00607
20	0.00972	0.00833	0.00877	0.00784	0.01004	0.00962	0.00611	0.05006	0.80442	0.01634	0.01537	0.01412	0.01151	0.00518	0.00390	0.00129	0.00308	0.00430	0.00390	0.00609
21	0.00769	0.01983	0.84538	0.01093	0.01659	0.00890	0.01417	0.01214	0.00810	0.01214	0.00688	0.00810	0.00486	0.00364	0.00364	0.00121	0.00567	0.00283	0.00162	0.00567
22	0.00948	0.00444	0.00511	0.00454	0.00596	0.00424	0.00354	0.02932	0.00918	0.20546	0.08280	0.01511	0.01190	0.00482	0.00313	0.00099	0.00218	0.00392	0.58956	0.00432
23	0.00883	0.00843	0.01436	0.26919	0.60086	0.00894	0.01144	0.01119	0.00842	0.01172	0.00709	0.00971	0.00579	0.00354	0.00381	0.00118	0.00472	0.00341	0.00184	0.00554
24	0.02460	0.09444	0.64198	0.01060	0.01559	0.02992	0.07065	0.01222	0.02722	0.01195	0.00722	0.02391	0.00546	0.00378	0.00360	0.00119	0.00544	0.00304	0.00175	0.00547

[dist]
# distance from previous block
# <min> <max>
0	19

[block]
# block no. 5 follows, 71 sequences, length 25
# corresponding to MSA columns:
# 510-534
name=unknown_F
#
# <colnr> <probs for GDERKNQSTAVLIFYWHMCP>
#	G	D	E	R	K	N	Q	S	T	A	V	L	I	F	Y	W	H	M	C	P
0	0.01025	0.86756	0.02009	0.00656	0.00984	0.01517	0.00656	0.01148	0.00779	0.00902	0.00533	0.00615	0.00492	0.00328	0.00246	0.00082	0.00410	0.00205	0.00164	0.00492
1	0.00548	0.00411	0.00616	0.00616	0.00685	0.00479	0.00479	0.00685	0.00616	0.00890	0.01027	0.01506	0.00959	0.02876	0.85006	0.00616	0.01027	0.00411	0.00205	0.00342
2	0.00488	0.00344	0.00437	0.00504	0.00524	0.00326	0.00326	0.00540	0.00697	0.00926	0.01948	0.65153	0.04190	0.20732	0.00823	0.00205	0.00256	0.00961	0.00328	0.00294
3	0.00470	0.00337	0.00446	0.00528	0.00556	0.00314	0.00355	0.00541	0.00750	0.01001	0.05146	0.81229	0.04546	0.01180	0.00487	0.00154	0.00220	0.01069	0.00358	0.00314
4	0.00954	0.00824	0.00867	0.00780	0.00997	0.00954	0.00607	0.02037	0.83441	0.01604	0.01561	0.01431	0.01170	0.00520	0.00390	0.00130	0.00303	0.00433	0.00390	0.00607
5	0.00985	0.65760	0.19492	0.00760	0.01135	0.04337	0.00820	0.01176	0.00796	0.00970	0.00568	0.00659	0.00491	0.00338	0.00275	0.00091	0.00453	0.00223	0.00165	0.00506
6	0.02429	0.00751	0.02420	0.00618	0.00955	0.00604	0.00508	0.10375	0.00922	0.05138	0.00744	0.00830	0.00591	0.00315	0.00301	0.00069	0.00307	0.00249	0.00255	0.71621
7	0.00769	0.01983	0.84538	0.01093	0.01659	0.00890	0.01417	0.01214	0.00810	0.01214	0.00688	0.00810	0.00486	0.00364	0.00364	0.00121	0.00567	0.00283	0.00162	0.00567
8	0.00472	0.00337	0.00451	0.00540	0.00564	0.00316	0.00365	0.00543	0.00739	0.00985	0.02110	0.83487	0.02525	0.01196	0.00491	0.00156	0.00227	0.03827	0.00356	0.00313
9	0.00967	0.00972	0.04235	0.33275	0.26748	0.12113	0.04511	0.04161	0.00906	0.05090	0.00770	0.01046	0.00611	0.00394	0.00383	0.00120	0.00510	0.02473	0.00208	0.00509
10	0.01025	0.86756	0.02009	0.00656	0.00984	0.01517	0.00656	0.01148	0.00779	0.00902	0.00533	0.00615	0.00492	0.00328	0.00246	0.00082	0.00410	0.00205	0.00164	0.00492
11	0.03081	0.03307	0.30875	0.02667	0.01247	0.00788	0.04630	0.03711	0.06949	0.14832	0.08746	0.03432	0.02483	0.00480	0.00432	0.00121	0.05686	0.00387	0.00277	0.05870
12	0.02561	0.16962	0.47058	0.00960	0.02479	0.03426	0.01081	0.10871	0.05924	0.04114	0.00763	0.00837	0.00564	0.00383	0.00345	0.00113	0.00495	0.00287	0.00215	0.00563
13	0.00536	0.00358	0.00466	0.00527	0.00576	0.00328	0.00361	0.00613	0.00774	0.05587	0.03975	0.72168	0.10031	0.01131	0.00480	0.00150	0.00225	0.01017	0.00364	0.00332
14	0.00497	0.00351	0.00451	0.00519	0.00543	0.00334	0.00347	0.00558	0.00710	0.00942	0.01951	0.60600	0.03996	0.19434	0.00804	0.00203	0.00263	0.06869	0.00329	0.00298
15	0.00815	0.05324	0.00924	0.00646	0.00929	0.00677	0.00530	0.00968	0.00759	0.01176	0.00644	0.00793	0.00553	0.00351	0.00446	0.00077	0.14662	0.00244	0.00214	0.69270
16	0.00808	0.00793	0.01184	0.27401	0.05255	0.01062	0.00924	0.00952	0.00656	0.00955	0.00569	0.00901	0.00510	0.00567	0.00946	0.00153	0.55426	0.00337	0.00170	0.00430
17	0.00486	0.00346	0.00455	0.00532	0.00566	0.00324	0.00367	0.00553	0.00743	0.00979	0.02170	0.69279	0.08600	0.02862	0.00556	0.03425	0.00237	0.06866	0.00346	0.00308
18	0.00877	0.05365	0.33343	0.00886	0.02226	0.07120	0.00898	0.15497	0.02191	0.01329	0.01109	0.23873	0.01081	0.00614	0.00409	0.00127	0.01786	0.00509	0.00260	0.00499
19	0.00916	0.00880	0.01512	0.14363	0.70638	0.00904	0.02873	0.01149	0.00858	0.01213	0.00717	0.00961	0.00593	0.00347	0.00382	0.00116	0.00468	0.00344	0.00187	0.00579
20	0.00950	0.00682	0.00847	0.05203	0.02877	0.00547	0.00522	0.01123	0.00846	0.15192	0.00822	0.00896	0.00630	0.00323	0.00309	0.00072	0.00307	0.00262	0.00265	0.67326
21	0.01432	0.01827	0.01087	0.00988	0.01185	0.84986	0.00741	0.01531	0.01087	0.00938	0.00593	0.00691	0.00494	0.00395	0.00346	0.00099	0.00691	0.00247	0.00198	0.00444
22	0.00795	0.00681	0.00795	0.00568	0.00909	0.00511	0.00454	0.00965	0.00795	0.01249	0.00681	0.00795	0.00568	0.00284	0.00284	0.00057	0.00284	0.00227	0.00227	0.88869
23	0.00836	0.00834	0.01174	0.03441	0.01054	0.01165	0.00845	0.00924	0.00592	0.00924	0.00508	0.00844	0.00504	0.00663	0.01233	0.00167	0.83368	0.00336	0.00168	0.00420
24	0.08890	0.00886	0.01265	0.07057	0.37377	0.00935	0.03002	0.21525	0.01091	0.08161	0.00858	0.01066	0.00676	0.00418	0.00394	0.00120	0.02222	0.03210	0.00269	0.00578

[dist]
# distance from previous block
# <min> <max>
0	2

[block]
# block no. 6 follows, 71 sequences, length 17
# corresponding to MSA columns:
# 537-553
name=unknown_G
#
# <colnr> <probs for GDERKNQSTAVLIFYWHMCP>
#	G	D	E	R	K	N	Q	S	T	A	V	L	I	F	Y	W	H	M	C	P
0	0.00599	0.00368	0.00515	0.00515	0.00537	0.00390	0.00353	0.00574	0.00552	0.00759	0.00927	0.01634	0.00954	0.24586	0.28398	0.36918	0.00566	0.00418	0.00197	0.00240
1	0.01361	0.01012	0.01071	0.00876	0.01077	0.14899	0.00713	0.23404	0.01146	0.25612	0.00924	0.00972	0.00672	0.00511	0.00617	0.00128	0.23794	0.00338	0.00320	0.00554
2	0.01129	0.20847	0.01308	0.21491	0.01479	0.34825	0.00793	0.05944	0.02901	0.01046	0.00642	0.00791	0.00524	0.00388	0.00357	0.00105	0.02681	0.00272	0.00198	0.02280
3	0.00618	0.00441	0.00618	0.00706	0.00794	0.00441	0.00618	0.00794	0.00883	0.01147	0.02030	0.04325	0.02207	0.01059	0.00530	0.00177	0.00353	0.81553	0.00353	0.00353
4	0.00746	0.00693	0.01173	0.01010	0.01195	0.03869	0.26961	0.00960	0.00883	0.01151	0.01517	0.03004	0.01560	0.02564	0.00546	0.00162	0.02631	0.48678	0.00289	0.00408
5	0.00467	0.00334	0.00445	0.00534	0.00556	0.00311	0.00356	0.00534	0.00734	0.00979	0.02113	0.86275	0.02536	0.01201	0.00489	0.00156	0.00222	0.01090	0.00356	0.00311
6	0.00555	0.00383	0.00475	0.00475	0.00495	0.00403	0.00304	0.00594	0.00574	0.00786	0.01156	0.02220	0.01268	0.62411	0.25894	0.00442	0.00561	0.00515	0.00225	0.00264
7	0.00501	0.00355	0.00466	0.00510	0.00559	0.00330	0.00355	0.00611	0.00859	0.01188	0.30666	0.54525	0.02866	0.01032	0.00470	0.00141	0.00207	0.00929	0.03100	0.00330
8	0.00733	0.00691	0.01166	0.82247	0.05926	0.00854	0.01069	0.00988	0.00771	0.00991	0.00683	0.01019	0.00515	0.00382	0.00383	0.00127	0.00509	0.00341	0.00171	0.00433
9	0.02036	0.00561	0.07699	0.00665	0.06923	0.00486	0.00498	0.00822	0.00724	0.01136	0.02367	0.04740	0.01087	0.14437	0.22322	0.00278	0.00488	0.02404	0.29957	0.00370
10	0.00871	0.01190	0.17296	0.01492	0.01903	0.00939	0.65283	0.01212	0.00887	0.01223	0.00799	0.01095	0.00615	0.00354	0.00439	0.00129	0.00623	0.02937	0.00193	0.00521
11	0.00531	0.00390	0.00498	0.00474	0.00567	0.00356	0.00354	0.00700	0.01053	0.01468	0.73138	0.05599	0.11808	0.00816	0.00453	0.00123	0.00184	0.00718	0.00413	0.00356
12	0.00769	0.01983	0.84538	0.01093	0.01659	0.00890	0.01417	0.01214	0.00810	0.01214	0.00688	0.00810	0.00486	0.00364	0.00364	0.00121	0.00567	0.00283	0.00162	0.00567
13	0.00926	0.06051	0.58199	0.03468	0.06858	0.00882	0.04365	0.01291	0.00853	0.12398	0.00796	0.00890	0.00561	0.00375	0.00366	0.00119	0.00521	0.00305	0.00207	0.00571
14	0.00552	0.00390	0.00512	0.00511	0.00546	0.00420	0.00350	0.00623	0.00608	0.00846	0.04955	0.02073	0.01300	0.44766	0.39403	0.00471	0.00659	0.00498	0.00229	0.00288
15	0.01709	0.00671	0.00901	0.00691	0.00988	0.00591	0.00571	0.05467	0.01129	0.80756	0.01486	0.01288	0.00936	0.00474	0.00385	0.00118	0.00331	0.00384	0.00471	0.00652
16	0.00592	0.00392	0.00477	0.00491	0.01889	0.00389	0.00302	0.02850	0.00637	0.00844	0.02647	0.09589	0.08071	0.49901	0.03045	0.16457	0.00349	0.00573	0.00247	0.00257

[dist]
# distance from previous block
# <min> <max>
1	3

[block]
# block no. 7 follows, 71 sequences, length 38
# corresponding to MSA columns:
# 557-594
name=unknown_H
#
# <colnr> <probs for GDERKNQSTAVLIFYWHMCP>
#	G	D	E	R	K	N	Q	S	T	A	V	L	I	F	Y	W	H	M	C	P
0	0.00942	0.00904	0.01543	0.04977	0.81565	0.00909	0.01173	0.01171	0.00870	0.01244	0.00720	0.00951	0.00604	0.00343	0.00380	0.00114	0.00457	0.00342	0.00189	0.00602
1	0.00666	0.00333	0.00500	0.00500	0.00500	0.00333	0.00333	0.00500	0.00500	0.00666	0.00666	0.01166	0.00666	0.01332	0.01499	0.88844	0.00333	0.00333	0.00167	0.00167
2	0.80299	0.02787	0.02411	0.00594	0.02881	0.01969	0.02049	0.01138	0.00675	0.01659	0.00547	0.00644	0.00428	0.00355	0.00249	0.00118	0.00321	0.00218	0.00231	0.00427
3	0.24687	0.01003	0.00994	0.00785	0.01071	0.02969	0.00646	0.59414	0.01482	0.02199	0.00811	0.00837	0.00586	0.00431	0.00344	0.00116	0.00395	0.00307	0.00341	0.00585
4	0.01014	0.00999	0.21655	0.00753	0.01099	0.00667	0.00739	0.07582	0.03454	0.19087	0.01041	0.04351	0.00833	0.03625	0.00417	0.00114	0.00379	0.04059	0.00292	0.27843
5	0.00849	0.07986	0.72809	0.01036	0.01567	0.00923	0.01305	0.02560	0.00839	0.05644	0.00725	0.00824	0.00514	0.00369	0.00357	0.00118	0.00540	0.00284	0.00182	0.00567
6	0.33966	0.00783	0.03718	0.00736	0.05689	0.03324	0.00579	0.01522	0.00910	0.43608	0.01048	0.00996	0.00702	0.00417	0.00328	0.00118	0.00342	0.00309	0.00351	0.00553
7	0.00473	0.00338	0.00451	0.00540	0.00565	0.00316	0.00366	0.00544	0.00740	0.00985	0.02110	0.83244	0.02524	0.01196	0.00491	0.00156	0.00227	0.04066	0.00356	0.00313
8	0.01025	0.86756	0.02009	0.00656	0.00984	0.01517	0.00656	0.01148	0.00779	0.00902	0.00533	0.00615	0.00492	0.00328	0.00246	0.00082	0.00410	0.00205	0.00164	0.00492
9	0.01419	0.00935	0.11165	0.01059	0.16468	0.06359	0.00789	0.01614	0.01013	0.51732	0.01215	0.02713	0.00828	0.00445	0.00381	0.00117	0.00402	0.00369	0.00363	0.00613
10	0.00769	0.01983	0.84538	0.01093	0.01659	0.00890	0.01417	0.01214	0.00810	0.01214	0.00688	0.00810	0.00486	0.00364	0.00364	0.00121	0.00567	0.00283	0.00162	0.00567
11	0.00605	0.00379	0.00511	0.00506	0.00519	0.00403	0.00337	0.00572	0.00548	0.00748	0.00947	0.01757	0.01008	0.35546	0.17893	0.33692	0.03157	0.00438	0.00200	0.00235
12	0.00888	0.03080	0.55346	0.01163	0.04368	0.00889	0.14189	0.01257	0.00842	0.08884	0.00775	0.00903	0.00555	0.00412	0.01574	0.00130	0.03664	0.00324	0.00198	0.00558
13	0.00762	0.00720	0.01219	0.71509	0.16438	0.00862	0.01084	0.01013	0.00785	0.01026	0.00688	0.01010	0.00527	0.00376	0.00383	0.00125	0.00502	0.00341	0.00174	0.00457
14	0.00724	0.00681	0.01150	0.85604	0.02641	0.00852	0.01065	0.00980	0.00767	0.00980	0.00681	0.01022	0.00511	0.00383	0.00383	0.00128	0.00511	0.00341	0.00170	0.00426
15	0.00826	0.01676	0.60135	0.01037	0.01501	0.05566	0.05976	0.01272	0.07748	0.02517	0.07377	0.01038	0.00804	0.00412	0.00378	0.00121	0.00522	0.00338	0.00210	0.00545
16	0.03829	0.04183	0.28194	0.03243	0.05472	0.01631	0.05585	0.03079	0.08982	0.24638	0.06507	0.01159	0.00903	0.00436	0.00377	0.00120	0.00430	0.00364	0.00300	0.00570
17	0.14945	0.14610	0.27081	0.00875	0.01224	0.04613	0.09496	0.02655	0.02066	0.06171	0.00901	0.03583	0.02505	0.03585	0.00407	0.00127	0.00458	0.03978	0.00226	0.00493
18	0.00961	0.00882	0.01475	0.10716	0.67332	0.00902	0.02482	0.02976	0.03572	0.03861	0.00774	0.00984	0.00627	0.00358	0.00382	0.00116	0.00455	0.00348	0.00207	0.00590
19	0.00948	0.00790	0.01215	0.07655	0.46751	0.01961	0.00914	0.06398	0.00951	0.08337	0.06895	0.05350	0.06145	0.00494	0.00412	0.00121	0.01795	0.02064	0.00262	0.00542
20	0.00902	0.07038	0.13265	0.19106	0.22905	0.02257	0.10654	0.02846	0.00879	0.06202	0.03913	0.01180	0.03331	0.00419	0.00397	0.00120	0.01597	0.02249	0.00219	0.00519
21	0.00770	0.00730	0.01245	0.62922	0.19893	0.00852	0.03194	0.01017	0.00794	0.01047	0.00738	0.02596	0.00595	0.00398	0.00388	0.00126	0.00495	0.01556	0.00181	0.00464
22	0.00887	0.00864	0.01395	0.31788	0.52203	0.03999	0.01121	0.01120	0.00843	0.01144	0.00702	0.00965	0.00569	0.00358	0.00380	0.00118	0.00484	0.00338	0.00183	0.00537
23	0.04249	0.14737	0.50927	0.00982	0.01430	0.10464	0.02888	0.04198	0.04531	0.01215	0.00697	0.00796	0.00523	0.00371	0.00343	0.00113	0.00532	0.00277	0.00188	0.00540
24	0.01068	0.03631	0.06156	0.07960	0.50850	0.05239	0.02219	0.02236	0.02295	0.13405	0.00837	0.00984	0.00644	0.00372	0.00375	0.00115	0.00458	0.00339	0.00234	0.00586
25	0.00943	0.00911	0.01572	0.04000	0.79750	0.00912	0.03902	0.01174	0.00872	0.01246	0.00722	0.00953	0.00605	0.00342	0.00382	0.00115	0.00463	0.00345	0.00190	0.00601
26	0.00554	0.00384	0.00482	0.00482	0.00505	0.00407	0.00312	0.00599	0.00577	0.00791	0.01149	0.02184	0.01253	0.59399	0.28885	0.00451	0.00584	0.00510	0.00224	0.00268
27	0.00914	0.02797	0.16805	0.11325	0.26392	0.04466	0.23260	0.02329	0.00876	0.03029	0.00758	0.02477	0.00601	0.00373	0.00410	0.00122	0.01965	0.00369	0.00195	0.00539
28	0.01029	0.10949	0.21257	0.05015	0.10617	0.06280	0.14615	0.08255	0.09448	0.07584	0.00854	0.00953	0.00637	0.00386	0.00373	0.00116	0.00498	0.00338	0.00239	0.00558
29	0.10152	0.00985	0.06076	0.06285	0.46509	0.02801	0.09878	0.08782	0.00940	0.02924	0.00734	0.00919	0.00581	0.00359	0.00372	0.00117	0.00469	0.00335	0.00216	0.00567
30	0.00477	0.00349	0.00451	0.00527	0.00568	0.00323	0.00366	0.00557	0.00767	0.01007	0.03766	0.69227	0.12332	0.01156	0.00487	0.00153	0.00227	0.06584	0.00357	0.00317
31	0.00913	0.02991	0.03783	0.20293	0.27636	0.06344	0.04362	0.01154	0.04525	0.07873	0.01853	0.12543	0.00929	0.00506	0.00409	0.00124	0.01718	0.01298	0.00243	0.00504
32	0.00889	0.28476	0.43136	0.03157	0.04495	0.01104	0.08778	0.03721	0.00841	0.01150	0.00656	0.00783	0.00507	0.00352	0.00337	0.00109	0.00515	0.00280	0.00174	0.00539
33	0.00518	0.00370	0.00503	0.00592	0.00637	0.00355	0.00444	0.00622	0.00784	0.01036	0.02085	0.58629	0.02425	0.01153	0.00503	0.00163	0.00267	0.28234	0.00355	0.00325
34	0.00822	0.00787	0.01352	0.48677	0.36197	0.00880	0.03665	0.01069	0.00815	0.01100	0.00701	0.00992	0.00553	0.00364	0.00384	0.00122	0.00492	0.00345	0.00179	0.00504
35	0.00832	0.00786	0.01246	0.16573	0.49782	0.03392	0.00984	0.01035	0.00848	0.01156	0.02369	0.11449	0.02880	0.00511	0.00403	0.00124	0.00429	0.04466	0.00222	0.00512
36	0.00850	0.00810	0.01377	0.39021	0.48240	0.00885	0.01127	0.01090	0.00826	0.01132	0.00704	0.00981	0.00565	0.00360	0.00381	0.00120	0.00480	0.00341	0.00181	0.00527
37	0.00954	0.00824	0.00867	0.00780	0.00997	0.00954	0.00607	0.02037	0.83441	0.01604	0.01561	0.01431	0.01170	0.00520	0.00390	0.00130	0.00303	0.00433	0.00390	0.00607

[dist]
# distance from previous block
# <min> <max>
0	1

[block]
# block no. 8 follows, 71 sequences, length 8
# corresponding to MSA columns:
# 596-603
name=unknown_I
#
# <colnr> <probs for GDERKNQSTAVLIFYWHMCP>
#	G	D	E	R	K	N	Q	S	T	A	V	L	I	F	Y	W	H	M	C	P
0	0.00753	0.00710	0.01206	0.58053	0.15103	0.00830	0.04802	0.00990	0.00789	0.01040	0.00822	0.05257	0.00709	0.00455	0.00423	0.00131	0.02921	0.04366	0.00192	0.00449
1	0.04526	0.04520	0.08884	0.00730	0.00980	0.06594	0.00630	0.03805	0.25319	0.22083	0.12465	0.01453	0.01273	0.04487	0.00452	0.00131	0.00355	0.00414	0.00357	0.00541
2	0.05665	0.13931	0.29570	0.01009	0.01392	0.14961	0.11471	0.11988	0.04189	0.01324	0.00717	0.00819	0.00545	0.00377	0.00352	0.00112	0.00531	0.00298	0.00214	0.00534
3	0.01077	0.00940	0.15875	0.00834	0.05018	0.05913	0.02514	0.03849	0.06084	0.26713	0.16521	0.03433	0.06974	0.00552	0.00415	0.00121	0.01833	0.00459	0.00348	0.00529
4	0.00613	0.00408	0.00576	0.00563	0.00591	0.00457	0.00406	0.00609	0.00569	0.00790	0.00969	0.01564	0.03362	0.16268	0.31116	0.33013	0.07250	0.00413	0.00197	0.00264
5	0.00882	0.00928	0.05512	0.27760	0.08550	0.02583	0.22249	0.04431	0.16044	0.01244	0.00869	0.01064	0.00662	0.00407	0.00448	0.00128	0.05117	0.00382	0.00227	0.00513
6	0.00800	0.00781	0.01241	0.63910	0.11884	0.04340	0.05474	0.01089	0.04725	0.01053	0.00729	0.01020	0.00557	0.00382	0.00385	0.00125	0.00510	0.00347	0.00185	0.00461
7	0.03370	0.00921	0.03208	0.33394	0.14038	0.10182	0.06780	0.05656	0.02876	0.07248	0.00819	0.01103	0.00646	0.00427	0.00427	0.00125	0.04590	0.03470	0.00226	0.00495

[dist]
# distance from previous block
# <min> <max>
2	36

[block]
# block no. 9 follows, 71 sequences, length 9
# corresponding to MSA columns:
# 641-649
name=unknown_J
#
# <colnr> <probs for GDERKNQSTAVLIFYWHMCP>
#	G	D	E	R	K	N	Q	S	T	A	V	L	I	F	Y	W	H	M	C	P
0	0.18242	0.07436	0.17679	0.04423	0.15705	0.02777	0.02187	0.03608	0.03065	0.15600	0.00909	0.00975	0.02857	0.00397	0.00341	0.00115	0.00416	0.00313	0.00256	0.02701
1	0.00880	0.06927	0.16450	0.17348	0.20311	0.00844	0.08666	0.01155	0.02814	0.07573	0.03363	0.03450	0.04788	0.00430	0.00381	0.00118	0.00455	0.00387	0.00227	0.03433
2	0.00839	0.00839	0.01174	0.01007	0.01007	0.01174	0.00839	0.00923	0.00587	0.00923	0.00503	0.00839	0.00503	0.00671	0.01258	0.00168	0.85823	0.00336	0.00168	0.00419
3	0.00675	0.00745	0.12574	0.07507	0.08160	0.00593	0.03306	0.02877	0.05659	0.01408	0.44446	0.02127	0.07110	0.00629	0.00423	0.00122	0.00313	0.00554	0.00332	0.00440
4	0.00839	0.00839	0.01174	0.01007	0.01007	0.01174	0.00839	0.00923	0.00587	0.00923	0.00503	0.00839	0.00503	0.00671	0.01258	0.00168	0.85823	0.00336	0.00168	0.00419
5	0.01005	0.19557	0.27946	0.00954	0.01323	0.06519	0.09914	0.10758	0.03567	0.05599	0.06045	0.00975	0.00763	0.00412	0.00384	0.00113	0.03070	0.00328	0.00234	0.00536
6	0.00606	0.00358	0.00476	0.00476	0.00483	0.00365	0.00304	0.00544	0.00537	0.00723	0.00941	0.01788	0.01015	0.38711	0.10478	0.40917	0.00423	0.00439	0.00199	0.00214
7	0.37309	0.05171	0.04386	0.00696	0.00964	0.00953	0.02470	0.26563	0.05533	0.03582	0.08182	0.00990	0.00837	0.00436	0.00324	0.00117	0.00351	0.00318	0.00305	0.00512
8	0.05670	0.08439	0.10942	0.17546	0.01419	0.05964	0.05396	0.02575	0.08829	0.13019	0.02806	0.02351	0.02183	0.00419	0.00357	0.00111	0.00424	0.00345	0.00261	0.10943

[dist]
# distance from previous block
# <min> <max>
1	13

[block]
# block no. 10 follows, 71 sequences, length 6
# corresponding to MSA columns:
# 663-668
name=unknown_K
#
# <colnr> <probs for GDERKNQSTAVLIFYWHMCP>
#	G	D	E	R	K	N	Q	S	T	A	V	L	I	F	Y	W	H	M	C	P
0	0.03471	0.05124	0.04133	0.04908	0.04206	0.05196	0.03739	0.01055	0.11532	0.03740	0.06783	0.12180	0.11354	0.00722	0.00440	0.00134	0.01965	0.16282	0.00309	0.02727
1	0.14076	0.04082	0.00968	0.00801	0.03250	0.04747	0.09312	0.10418	0.18669	0.04564	0.12205	0.07108	0.07091	0.00560	0.00384	0.00123	0.00350	0.00474	0.00325	0.00492
2	0.00708	0.00620	0.01003	0.07700	0.21999	0.00617	0.08748	0.00930	0.04186	0.01283	0.29399	0.08485	0.05783	0.00655	0.00471	0.03510	0.00341	0.02820	0.00300	0.00440
3	0.00859	0.00888	0.01713	0.28592	0.24815	0.00916	0.34252	0.01135	0.00852	0.01156	0.00731	0.01007	0.00566	0.00347	0.00410	0.00125	0.00551	0.00386	0.00185	0.00513
4	0.00815	0.00710	0.01060	0.37876	0.08918	0.00802	0.04670	0.03289	0.18075	0.03740	0.06921	0.01515	0.06391	0.00498	0.00402	0.00128	0.00413	0.03027	0.00269	0.00483
5	0.00715	0.00357	0.00357	0.00357	0.00447	0.00357	0.00268	0.00893	0.00804	0.01429	0.01251	0.01429	0.00983	0.00447	0.00268	0.00089	0.00179	0.00357	0.88654	0.00357

[dist]
# distance from previous block
# <min> <max>
0	3

[block]
# block no. 11 follows, 71 sequences, length 11
# corresponding to MSA columns:
# 672-682
name=unknown_L
#
# <colnr> <probs for GDERKNQSTAVLIFYWHMCP>
#	G	D	E	R	K	N	Q	S	T	A	V	L	I	F	Y	W	H	M	C	P
0	0.13011	0.27567	0.17029	0.00819	0.03469	0.03402	0.03693	0.06072	0.09536	0.02306	0.04743	0.00963	0.01955	0.00437	0.00362	0.03183	0.00413	0.00305	0.00232	0.00502
1	0.00715	0.00357	0.00357	0.00357	0.00447	0.00357	0.00268	0.00893	0.00804	0.01429	0.01251	0.01429	0.00983	0.00447	0.00268	0.00089	0.00179	0.00357	0.88654	0.00357
2	0.77546	0.00792	0.00626	0.00554	0.00784	0.04859	0.00453	0.01177	0.00694	0.05857	0.00585	0.00668	0.00449	0.00375	0.00285	0.00119	0.03280	0.00223	0.00245	0.00429
3	0.00605	0.00432	0.00597	0.00607	0.00679	0.00421	0.04173	0.02396	0.00779	0.03242	0.03194	0.29386	0.05678	0.21192	0.03863	0.00224	0.00344	0.21537	0.00318	0.00332
4	0.00838	0.01542	0.53651	0.04980	0.06876	0.00873	0.05101	0.01326	0.12618	0.04254	0.03684	0.01015	0.00720	0.00402	0.00378	0.00123	0.00501	0.00337	0.00218	0.00562
5	0.00641	0.00543	0.00694	0.00621	0.00760	0.02573	0.06602	0.00957	0.14386	0.01383	0.41829	0.06906	0.16810	0.00759	0.00444	0.00127	0.00258	0.02924	0.00377	0.00406
6	0.00816	0.09186	0.63364	0.01038	0.01528	0.03345	0.05382	0.01235	0.04607	0.01212	0.04276	0.00917	0.00657	0.00385	0.00363	0.00118	0.00532	0.00308	0.00186	0.00547
7	0.00711	0.01283	0.45521	0.00849	0.01207	0.00690	0.03288	0.03797	0.00931	0.01356	0.29084	0.01595	0.01606	0.03451	0.00449	0.00129	0.00415	0.00441	0.02716	0.00481
8	0.00636	0.03349	0.34881	0.00755	0.01034	0.00609	0.00806	0.00897	0.02729	0.01150	0.10435	0.22201	0.10279	0.02369	0.00473	0.02010	0.00374	0.04308	0.00273	0.00431
9	0.02022	0.03929	0.29413	0.00824	0.02709	0.00758	0.00828	0.05189	0.11195	0.03739	0.17686	0.05443	0.06074	0.00570	0.00435	0.00124	0.04441	0.01792	0.00289	0.02538
10	0.00510	0.00368	0.00432	0.00465	0.00506	0.00347	0.00307	0.00563	0.00701	0.00905	0.02126	0.28585	0.20003	0.36247	0.01085	0.00240	0.00286	0.05735	0.00305	0.00284

[dist]
# distance from previous block
# <min> <max>
0	1

# created by:
# /home/cegg/simao/soft/augustus-3.2.1/scripts/msa2prfl.pl ./align_prep/EOG092C44LK.fa
