[name]
unknown

[dist]
# distance from previous block
# <min> <max>
0	243

[block]
# block no. 0 follows, 63 sequences, length 10
# corresponding to MSA columns:
# 349-358
name=unknown_A
#
# <colnr> <probs for GDERKNQSTAVLIFYWHMCP>
#	G	D	E	R	K	N	Q	S	T	A	V	L	I	F	Y	W	H	M	C	P
0	0.14598	0.09930	0.02338	0.00761	0.01003	0.03544	0.02242	0.10078	0.04168	0.13461	0.06870	0.06977	0.02690	0.00642	0.00446	0.00135	0.03599	0.11123	0.00348	0.05045
1	0.11221	0.01068	0.01080	0.09443	0.03062	0.14426	0.03973	0.19785	0.13248	0.05124	0.01362	0.01398	0.10175	0.00542	0.00428	0.00131	0.02220	0.00423	0.00329	0.00561
2	0.00890	0.00839	0.02823	0.08095	0.43710	0.00809	0.00967	0.01160	0.05124	0.01349	0.06675	0.10682	0.03946	0.00543	0.00426	0.00126	0.00417	0.00500	0.00266	0.10653
3	0.10900	0.00914	0.10333	0.65264	0.02534	0.00940	0.01128	0.01122	0.00831	0.01197	0.00729	0.01044	0.00545	0.00414	0.00399	0.00138	0.00540	0.00350	0.00194	0.00483
4	0.00727	0.00641	0.00684	0.00627	0.00763	0.10025	0.03577	0.00896	0.01111	0.02868	0.46057	0.05681	0.20092	0.00842	0.00480	0.00134	0.00294	0.02088	0.02005	0.00408
5	0.00984	0.10518	0.11009	0.25896	0.36736	0.01067	0.01196	0.05366	0.00956	0.01304	0.00762	0.01004	0.00608	0.00396	0.00399	0.00126	0.00524	0.00350	0.00206	0.00591
6	0.34548	0.00902	0.00962	0.10643	0.14490	0.07637	0.00729	0.01321	0.10904	0.01535	0.04528	0.03756	0.00878	0.03108	0.00438	0.00141	0.02327	0.00372	0.00272	0.00507
7	0.00771	0.00651	0.00676	0.04398	0.02558	0.09756	0.00498	0.00977	0.05313	0.04080	0.27919	0.18584	0.14531	0.00850	0.00466	0.00137	0.00307	0.00732	0.06371	0.00423
8	0.10999	0.01048	0.01482	0.07817	0.10947	0.03893	0.19601	0.24391	0.06306	0.07958	0.00960	0.01073	0.00704	0.00438	0.00419	0.00132	0.00511	0.00394	0.00312	0.00615
9	0.00681	0.00536	0.00626	0.00624	0.04349	0.00508	0.00444	0.09708	0.01120	0.01465	0.27038	0.04776	0.39806	0.03772	0.02537	0.00159	0.00278	0.00755	0.00399	0.00419

[dist]
# distance from previous block
# <min> <max>
0	20

[block]
# block no. 1 follows, 63 sequences, length 15
# corresponding to MSA columns:
# 379-393
name=unknown_B
#
# <colnr> <probs for GDERKNQSTAVLIFYWHMCP>
#	G	D	E	R	K	N	Q	S	T	A	V	L	I	F	Y	W	H	M	C	P
0	0.01014	0.00764	0.00916	0.05460	0.01033	0.00862	0.00626	0.24256	0.06919	0.04626	0.06284	0.01785	0.05795	0.17946	0.09843	0.00252	0.10297	0.00493	0.00330	0.00498
1	0.00790	0.00738	0.01258	0.62908	0.07446	0.00869	0.05620	0.01056	0.00890	0.01169	0.08990	0.04536	0.00998	0.00492	0.00436	0.00140	0.00517	0.00451	0.00225	0.00473
2	0.00898	0.00886	0.05547	0.00674	0.01029	0.05759	0.00563	0.01085	0.00877	0.01312	0.00777	0.00981	0.00668	0.05549	0.00433	0.00090	0.00363	0.00276	0.00243	0.71989
3	0.00627	0.00434	0.00482	0.00472	0.00568	0.00390	0.00325	0.00705	0.00862	0.06088	0.07573	0.08314	0.40971	0.29145	0.01043	0.00231	0.00288	0.00778	0.00357	0.00345
4	0.00540	0.00421	0.00495	0.00505	0.00611	0.00376	0.00375	0.00674	0.00995	0.01292	0.27447	0.16513	0.40138	0.01115	0.03239	0.00163	0.00250	0.04076	0.00407	0.00367
5	0.00590	0.00440	0.00607	0.00603	0.00679	0.00476	0.00453	0.00721	0.00758	0.01056	0.10964	0.02230	0.10429	0.13204	0.54255	0.00519	0.00825	0.00555	0.00275	0.00360
6	0.88196	0.00813	0.00618	0.00553	0.00813	0.00943	0.00455	0.01236	0.00715	0.01886	0.00585	0.00683	0.00455	0.00390	0.00260	0.00130	0.00325	0.00228	0.00260	0.00455
7	0.01494	0.01553	0.01175	0.01008	0.01267	0.43076	0.00784	0.27981	0.14509	0.01681	0.00940	0.00972	0.00719	0.00479	0.00401	0.00120	0.00592	0.00339	0.00318	0.00591
8	0.00989	0.02795	0.14778	0.00919	0.01193	0.02674	0.02096	0.07711	0.38675	0.01590	0.06185	0.01549	0.06352	0.00593	0.00534	0.00142	0.09822	0.00463	0.00345	0.00595
9	0.01831	0.00767	0.01003	0.00773	0.01097	0.00700	0.00637	0.09962	0.03798	0.72345	0.01595	0.01393	0.01016	0.00520	0.00423	0.00130	0.00367	0.00420	0.00507	0.00714
10	0.00822	0.00824	0.06612	0.13063	0.16269	0.00786	0.07898	0.01162	0.11082	0.01326	0.14144	0.01716	0.06727	0.00844	0.07736	0.05658	0.02051	0.00495	0.00283	0.00503
11	0.00867	0.00717	0.01039	0.07719	0.16373	0.00646	0.03876	0.01058	0.00908	0.05207	0.04050	0.16840	0.01225	0.00578	0.00409	0.00113	0.00370	0.03030	0.00286	0.34687
12	0.00560	0.00397	0.00492	0.00539	0.00576	0.00377	0.00360	0.00631	0.00798	0.01060	0.09142	0.40166	0.08632	0.28173	0.01047	0.00243	0.00299	0.05832	0.00353	0.00322
13	0.12882	0.20512	0.02993	0.00841	0.03795	0.05975	0.00691	0.07608	0.22199	0.10769	0.01059	0.01056	0.00803	0.00450	0.00356	0.00118	0.00406	0.00336	0.00320	0.06831
14	0.03846	0.12137	0.14601	0.00957	0.08675	0.00865	0.03354	0.04021	0.00940	0.04383	0.03374	0.00964	0.00721	0.00374	0.00348	0.00095	0.00414	0.00302	0.00247	0.39383

[dist]
# distance from previous block
# <min> <max>
8	18

[block]
# block no. 2 follows, 63 sequences, length 11
# corresponding to MSA columns:
# 419-429
name=unknown_C
#
# <colnr> <probs for GDERKNQSTAVLIFYWHMCP>
#	G	D	E	R	K	N	Q	S	T	A	V	L	I	F	Y	W	H	M	C	P
0	0.01071	0.00981	0.01073	0.00934	0.01184	0.05683	0.06421	0.02139	0.71534	0.01688	0.01590	0.01492	0.01195	0.00547	0.00430	0.00141	0.00383	0.00465	0.00401	0.00648
1	0.00895	0.00864	0.01210	0.01104	0.04480	0.01164	0.00880	0.01059	0.04813	0.01076	0.00756	0.01225	0.00734	0.00909	0.07119	0.00215	0.65974	0.04842	0.00212	0.00469
2	0.05418	0.00958	0.06819	0.19444	0.17180	0.02093	0.05743	0.13810	0.06748	0.01510	0.01258	0.08371	0.06509	0.00560	0.00432	0.00137	0.00468	0.01702	0.00284	0.00555
3	0.00730	0.00365	0.00548	0.00548	0.00548	0.00365	0.00365	0.00548	0.00548	0.00730	0.00730	0.01278	0.00730	0.01460	0.01643	0.87769	0.00365	0.00365	0.00183	0.00183
4	0.01018	0.00944	0.03446	0.11164	0.06101	0.01034	0.05025	0.03718	0.58991	0.01639	0.01453	0.01429	0.01092	0.00523	0.00429	0.00141	0.00401	0.00451	0.00367	0.00636
5	0.00575	0.00425	0.00531	0.00510	0.00610	0.00387	0.00377	0.00743	0.01110	0.01528	0.61899	0.06911	0.17730	0.04129	0.00560	0.00146	0.00211	0.00796	0.00439	0.00381
6	0.03849	0.00543	0.00637	0.00579	0.00672	0.00556	0.00400	0.08919	0.00840	0.11250	0.01308	0.02268	0.01318	0.52567	0.10445	0.00360	0.00481	0.02321	0.00304	0.00381
7	0.00573	0.00421	0.00521	0.00509	0.00598	0.00386	0.00367	0.00723	0.01053	0.01443	0.53198	0.10590	0.16649	0.10299	0.00682	0.00168	0.00228	0.00804	0.00421	0.00369
8	0.00989	0.00945	0.03705	0.34309	0.41208	0.03192	0.01190	0.01276	0.03219	0.04737	0.00832	0.01092	0.00651	0.00406	0.00417	0.00131	0.00523	0.00375	0.00219	0.00584
9	0.46242	0.02642	0.00859	0.00686	0.00971	0.00983	0.00563	0.20775	0.05211	0.05450	0.04232	0.00958	0.00748	0.00445	0.00329	0.00123	0.00357	0.00309	0.00325	0.07791
10	0.01061	0.00667	0.00774	0.00653	0.00871	0.04083	0.00508	0.06897	0.01131	0.21989	0.23094	0.12031	0.08705	0.00712	0.00442	0.00124	0.00307	0.00606	0.00414	0.14933

[dist]
# distance from previous block
# <min> <max>
0	67

[block]
# block no. 3 follows, 63 sequences, length 17
# corresponding to MSA columns:
# 497-513
name=unknown_D
#
# <colnr> <probs for GDERKNQSTAVLIFYWHMCP>
#	G	D	E	R	K	N	Q	S	T	A	V	L	I	F	Y	W	H	M	C	P
0	0.30676	0.16063	0.10827	0.01995	0.02294	0.13481	0.08345	0.01268	0.00869	0.01386	0.00788	0.07305	0.00704	0.00508	0.01778	0.00134	0.00496	0.00351	0.00233	0.00498
1	0.12916	0.37566	0.04097	0.02125	0.03427	0.15320	0.00740	0.07842	0.02083	0.08169	0.00759	0.00827	0.00605	0.00408	0.00325	0.00109	0.00482	0.00277	0.01369	0.00553
2	0.00953	0.26983	0.18975	0.00939	0.06939	0.01058	0.02021	0.01308	0.10614	0.03211	0.05103	0.01330	0.08389	0.00482	0.00370	0.00113	0.00428	0.00382	0.00260	0.10141
3	0.01161	0.78959	0.02130	0.00738	0.01096	0.01636	0.00725	0.07442	0.00941	0.01117	0.00617	0.00700	0.00553	0.00371	0.00281	0.00093	0.00451	0.00237	0.00198	0.00553
4	0.00523	0.00406	0.00467	0.00501	0.00588	0.00361	0.00356	0.00619	0.00897	0.01133	0.08657	0.31925	0.41275	0.07088	0.00629	0.00172	0.00242	0.03430	0.00386	0.00347
5	0.08546	0.01008	0.01193	0.07643	0.01380	0.01122	0.06958	0.36175	0.24670	0.03762	0.01161	0.01199	0.00859	0.01883	0.00443	0.00138	0.00437	0.00407	0.00374	0.00640
6	0.03421	0.00607	0.00796	0.00740	0.02129	0.00674	0.00575	0.05327	0.07095	0.07813	0.01146	0.01457	0.00972	0.01969	0.46342	0.00429	0.05993	0.00417	0.06446	0.05652
7	0.00637	0.00392	0.00526	0.00546	0.00569	0.00391	0.00367	0.00604	0.00657	0.00874	0.01426	0.16115	0.05717	0.22136	0.09472	0.35111	0.00422	0.03517	0.00258	0.00263
8	0.00531	0.00405	0.00467	0.00495	0.00588	0.00359	0.00355	0.00645	0.00941	0.01223	0.16193	0.31136	0.39153	0.01091	0.00501	0.00148	0.00220	0.00949	0.04242	0.00359
9	0.01025	0.01055	0.03582	0.19863	0.57043	0.07621	0.01232	0.01276	0.00949	0.01281	0.00769	0.01031	0.00630	0.00390	0.00414	0.00127	0.00536	0.00364	0.00203	0.00608
10	0.00955	0.00917	0.01578	0.30323	0.53044	0.00979	0.03678	0.01218	0.00919	0.01271	0.00778	0.01071	0.00629	0.00389	0.00420	0.00131	0.00527	0.00378	0.00201	0.00595
11	0.00590	0.00429	0.00555	0.00523	0.00625	0.00394	0.00393	0.00783	0.01178	0.01656	0.78223	0.03188	0.08144	0.00870	0.00496	0.00133	0.00199	0.00767	0.00459	0.00394
12	0.00985	0.00903	0.01443	0.06998	0.01518	0.00937	0.27665	0.11876	0.21120	0.01673	0.18663	0.01657	0.01520	0.00541	0.00464	0.00138	0.00463	0.00524	0.00345	0.00567
13	0.00610	0.00410	0.00469	0.00465	0.00475	0.00406	0.00269	0.00629	0.00669	0.00901	0.09334	0.02789	0.01769	0.76889	0.01977	0.00380	0.00387	0.00626	0.00275	0.00269
14	0.00979	0.00926	0.01563	0.12615	0.66855	0.00949	0.01202	0.01215	0.00918	0.01297	0.00823	0.01171	0.00714	0.06376	0.00538	0.00147	0.00501	0.00391	0.00209	0.00612
15	0.00511	0.00371	0.00483	0.00573	0.00606	0.00343	0.00385	0.00587	0.00817	0.01078	0.02473	0.78447	0.09185	0.01297	0.00533	0.00168	0.00241	0.01170	0.00390	0.00343
16	0.00874	0.00846	0.01174	0.01017	0.01020	0.01163	0.00832	0.00958	0.00641	0.00989	0.00658	0.01148	0.00677	0.10100	0.04480	0.00227	0.72171	0.00398	0.00193	0.00434

[dist]
# distance from previous block
# <min> <max>
0	1

[block]
# block no. 4 follows, 63 sequences, length 13
# corresponding to MSA columns:
# 515-527
name=unknown_E
#
# <colnr> <probs for GDERKNQSTAVLIFYWHMCP>
#	G	D	E	R	K	N	Q	S	T	A	V	L	I	F	Y	W	H	M	C	P
0	0.01018	0.47441	0.34101	0.00931	0.01378	0.03600	0.01058	0.01291	0.00869	0.01126	0.00652	0.00769	0.00537	0.00390	0.00361	0.00111	0.03352	0.00265	0.00180	0.00568
1	0.01104	0.00901	0.00980	0.00855	0.01092	0.01031	0.00675	0.18820	0.54034	0.01843	0.01484	0.01461	0.01131	0.00901	0.11523	0.00210	0.00466	0.00451	0.00399	0.00637
2	0.00605	0.00485	0.00703	0.11776	0.01000	0.00545	0.00569	0.00764	0.00755	0.01021	0.01712	0.02067	0.17522	0.02364	0.55585	0.00496	0.00865	0.00529	0.00254	0.00383
3	0.01128	0.04477	0.06327	0.00850	0.06765	0.03457	0.00671	0.01370	0.04301	0.18180	0.02292	0.01053	0.00781	0.00390	0.00356	0.00092	0.00374	0.00315	0.00304	0.46517
4	0.01287	0.06383	0.01301	0.01060	0.01289	0.50341	0.10254	0.01505	0.06440	0.01123	0.02922	0.01033	0.00759	0.00803	0.11497	0.00190	0.00741	0.00345	0.00236	0.00494
5	0.01061	0.12217	0.01155	0.00773	0.01059	0.08974	0.00639	0.06238	0.00947	0.04831	0.00766	0.00907	0.00637	0.00493	0.02784	0.00112	0.12275	0.00288	0.01752	0.42091
6	0.00789	0.00692	0.00701	0.00670	0.00806	0.08363	0.00500	0.02805	0.20205	0.01493	0.31458	0.18891	0.09253	0.00852	0.00475	0.00141	0.00298	0.00736	0.00410	0.00461
7	0.00768	0.00719	0.01175	0.68333	0.07172	0.00860	0.01061	0.01024	0.00863	0.01100	0.01218	0.01507	0.11496	0.00504	0.00430	0.00139	0.00510	0.00442	0.00215	0.00463
8	0.01034	0.12179	0.01069	0.00809	0.01030	0.07878	0.00665	0.10435	0.30392	0.01577	0.09332	0.02123	0.04077	0.00674	0.00438	0.00139	0.00392	0.14833	0.00371	0.00553
9	0.00554	0.00417	0.00495	0.00496	0.00599	0.00373	0.00364	0.00700	0.01035	0.01390	0.38990	0.16237	0.31546	0.00990	0.00495	0.00140	0.00211	0.00860	0.03735	0.00373
10	0.00980	0.28223	0.44265	0.00998	0.01474	0.03597	0.01151	0.01439	0.11693	0.01272	0.00826	0.00908	0.00635	0.00411	0.00362	0.00120	0.00533	0.00304	0.00213	0.00598
11	0.10999	0.02410	0.04213	0.05092	0.22464	0.03547	0.14763	0.08962	0.02831	0.15862	0.00962	0.01086	0.00711	0.00477	0.01919	0.00141	0.02276	0.00383	0.00292	0.00611
12	0.00892	0.02756	0.09280	0.00684	0.01051	0.00630	0.00608	0.02912	0.00927	0.03652	0.07262	0.01107	0.00910	0.02168	0.00378	0.00086	0.00344	0.00311	0.00269	0.63776

[dist]
# distance from previous block
# <min> <max>
0	35

[block]
# block no. 5 follows, 63 sequences, length 23
# corresponding to MSA columns:
# 563-585
name=unknown_F
#
# <colnr> <probs for GDERKNQSTAVLIFYWHMCP>
#	G	D	E	R	K	N	Q	S	T	A	V	L	I	F	Y	W	H	M	C	P
0	0.00962	0.00744	0.00881	0.00634	0.01003	0.00566	0.00509	0.01147	0.00901	0.08657	0.00829	0.00922	0.00660	0.00330	0.00321	0.00068	0.00315	0.00265	0.00273	0.80012
1	0.00610	0.00413	0.00488	0.00488	0.00498	0.00424	0.00291	0.00630	0.00620	0.00837	0.01298	0.02602	0.01464	0.74093	0.13185	0.00444	0.00505	0.00589	0.00251	0.00271
2	0.00861	0.01610	0.49374	0.03244	0.01683	0.00900	0.14735	0.03174	0.00967	0.02678	0.09690	0.02635	0.02378	0.00496	0.00448	0.00137	0.01550	0.02629	0.00238	0.00571
3	0.00592	0.00437	0.00555	0.00542	0.00638	0.00408	0.00400	0.00800	0.04002	0.01556	0.61773	0.15801	0.09047	0.00934	0.00500	0.00139	0.00211	0.00826	0.00445	0.00395
4	0.01211	0.01133	0.05230	0.03640	0.01291	0.07917	0.03254	0.25020	0.34672	0.01830	0.01261	0.01265	0.02295	0.00542	0.00502	0.00138	0.07388	0.00417	0.00361	0.00631
5	0.00896	0.01962	0.70978	0.08851	0.01878	0.00953	0.01466	0.01347	0.00901	0.05786	0.00803	0.00939	0.00563	0.00408	0.00403	0.00134	0.00601	0.00323	0.00197	0.00612
6	0.01035	0.00863	0.00907	0.00815	0.01043	0.00992	0.00634	0.04080	0.72373	0.01763	0.01662	0.01554	0.01250	0.00561	0.00415	0.00138	0.00323	0.00465	0.08486	0.00641
7	0.88196	0.00813	0.00618	0.00553	0.00813	0.00943	0.00455	0.01236	0.00715	0.01886	0.00585	0.00683	0.00455	0.00390	0.00260	0.00130	0.00325	0.00228	0.00260	0.00455
8	0.00730	0.00365	0.00548	0.00548	0.00548	0.00365	0.00365	0.00548	0.00548	0.00730	0.00730	0.01278	0.00730	0.01460	0.01643	0.87769	0.00365	0.00365	0.00183	0.00183
9	0.88196	0.00813	0.00618	0.00553	0.00813	0.00943	0.00455	0.01236	0.00715	0.01886	0.00585	0.00683	0.00455	0.00390	0.00260	0.00130	0.00325	0.00228	0.00260	0.00455
10	0.07438	0.02045	0.74749	0.01164	0.01753	0.00976	0.03523	0.01324	0.00877	0.01374	0.00744	0.00878	0.00529	0.00398	0.00391	0.00133	0.00601	0.00309	0.00185	0.00607
11	0.00627	0.00406	0.00452	0.00452	0.00461	0.00406	0.00258	0.00645	0.00636	0.00885	0.01329	0.02641	0.01487	0.77390	0.01969	0.00379	0.00388	0.00591	0.08329	0.00267
12	0.00929	0.17913	0.50112	0.01042	0.01547	0.03377	0.03768	0.01330	0.04289	0.01285	0.02243	0.00919	0.00640	0.00399	0.00372	0.00118	0.00547	0.00308	0.00202	0.08660
13	0.00520	0.00425	0.00459	0.00454	0.00583	0.00364	0.00339	0.00647	0.01007	0.01261	0.22232	0.06055	0.62144	0.01024	0.00498	0.00140	0.00210	0.00866	0.00407	0.00364
14	0.04359	0.03353	0.03801	0.08640	0.01355	0.11554	0.12463	0.04231	0.13929	0.06478	0.05515	0.04940	0.10585	0.00598	0.00451	0.00135	0.01827	0.02777	0.00317	0.02693
15	0.00516	0.00419	0.00459	0.00470	0.00589	0.00362	0.00348	0.00633	0.00968	0.01205	0.14576	0.15285	0.58779	0.01074	0.00504	0.00146	0.00219	0.02688	0.00400	0.00359
16	0.00989	0.00964	0.01693	0.18008	0.60031	0.00992	0.08645	0.01254	0.00938	0.01314	0.00788	0.01064	0.00643	0.00381	0.00424	0.00129	0.00530	0.00386	0.00204	0.00619
17	0.00512	0.00404	0.00460	0.00493	0.00586	0.00354	0.00350	0.00612	0.00913	0.01149	0.09593	0.33804	0.45317	0.02794	0.00544	0.00157	0.00227	0.00985	0.00393	0.00351
18	0.00769	0.00684	0.00932	0.00845	0.00905	0.02811	0.02652	0.00937	0.04948	0.01021	0.00972	0.02650	0.00938	0.10539	0.35968	0.01562	0.29784	0.00446	0.00226	0.00412
19	0.00608	0.00419	0.00518	0.00518	0.00539	0.00440	0.00329	0.00650	0.00629	0.00859	0.01270	0.02448	0.01397	0.62598	0.24588	0.00481	0.00606	0.00567	0.00247	0.00288
20	0.00883	0.03739	0.00881	0.02094	0.02330	0.04425	0.03740	0.03201	0.01042	0.09609	0.35492	0.03693	0.08095	0.00801	0.00660	0.08240	0.08466	0.00586	0.00364	0.01658
21	0.01130	0.16598	0.02436	0.00784	0.01133	0.05874	0.02836	0.14744	0.03480	0.04649	0.00820	0.00902	0.00652	0.00384	0.00354	0.00091	0.01490	0.00290	0.00276	0.41076
22	0.06301	0.03927	0.53596	0.02760	0.01527	0.03488	0.01193	0.02440	0.00926	0.01389	0.07496	0.01143	0.03113	0.00449	0.00390	0.00125	0.00524	0.00351	0.00224	0.08639

[dist]
# distance from previous block
# <min> <max>
0	5

[block]
# block no. 6 follows, 63 sequences, length 21
# corresponding to MSA columns:
# 591-611
name=unknown_G
#
# <colnr> <probs for GDERKNQSTAVLIFYWHMCP>
#	G	D	E	R	K	N	Q	S	T	A	V	L	I	F	Y	W	H	M	C	P
0	0.29641	0.01203	0.00890	0.00796	0.01022	0.29907	0.00623	0.07597	0.03307	0.05488	0.01161	0.03225	0.08388	0.00541	0.00387	0.00128	0.02115	0.02798	0.00293	0.00491
1	0.00912	0.02158	0.75346	0.01187	0.01771	0.08744	0.01483	0.01364	0.00916	0.01303	0.00745	0.00875	0.00533	0.00403	0.00397	0.00131	0.00634	0.00307	0.00181	0.00609
2	0.01031	0.00989	0.01689	0.05761	0.79498	0.00996	0.01285	0.01282	0.00953	0.01362	0.00789	0.01044	0.00662	0.00376	0.00416	0.00125	0.00502	0.00375	0.00207	0.00658
3	0.01113	0.00860	0.00899	0.00707	0.01018	0.10617	0.00564	0.01283	0.00977	0.16041	0.02528	0.01344	0.00910	0.02432	0.00407	0.00100	0.00380	0.06447	0.00309	0.51065
4	0.00684	0.00636	0.01127	0.00934	0.01114	0.00591	0.26288	0.00859	0.00902	0.01187	0.05516	0.28507	0.16784	0.07883	0.00650	0.00175	0.00407	0.05016	0.00325	0.00414
5	0.03518	0.01139	0.01223	0.01011	0.01271	0.16703	0.12176	0.16493	0.28654	0.01667	0.04988	0.01294	0.01024	0.00635	0.03638	0.02706	0.00516	0.00424	0.00338	0.00583
6	0.00574	0.00431	0.00537	0.06163	0.00737	0.00421	0.00409	0.00687	0.02721	0.01079	0.05165	0.36133	0.18782	0.19911	0.00872	0.00213	0.00298	0.02663	0.01859	0.00345
7	0.00736	0.00590	0.00871	0.00770	0.00888	0.02076	0.09466	0.03186	0.02305	0.02476	0.01386	0.03335	0.08690	0.12577	0.37050	0.08431	0.04010	0.00514	0.00255	0.00388
8	0.00920	0.00920	0.01288	0.01104	0.01104	0.01288	0.00920	0.01012	0.00644	0.01012	0.00552	0.00920	0.00552	0.00736	0.01380	0.00184	0.84457	0.00368	0.00184	0.00460
9	0.06654	0.00825	0.02826	0.07319	0.01159	0.01843	0.00785	0.07382	0.00854	0.04141	0.00964	0.01600	0.00916	0.05545	0.06554	0.00210	0.34693	0.10939	0.00257	0.04533
10	0.00511	0.00370	0.00483	0.00574	0.00607	0.00342	0.00385	0.00587	0.00816	0.01078	0.02458	0.79095	0.08547	0.01299	0.00534	0.00169	0.00242	0.01173	0.00390	0.00342
11	0.00986	0.00999	0.01523	0.29427	0.36165	0.08734	0.08200	0.01249	0.02024	0.01235	0.01899	0.01097	0.00678	0.00473	0.02391	0.00144	0.01625	0.00384	0.00209	0.00561
12	0.00521	0.00370	0.00485	0.00573	0.00595	0.00348	0.00377	0.00588	0.00787	0.01049	0.02224	0.77218	0.02663	0.09212	0.00687	0.00193	0.00259	0.01140	0.00377	0.00333
13	0.00913	0.01030	0.08500	0.01112	0.01167	0.01260	0.00976	0.01040	0.00665	0.01040	0.00570	0.00917	0.00550	0.00706	0.01293	0.00179	0.77061	0.00363	0.00183	0.00474
14	0.00881	0.02657	0.00918	0.00711	0.04073	0.00626	0.00534	0.01046	0.00845	0.02826	0.00807	0.01063	0.00712	0.08330	0.00542	0.00105	0.04584	0.00297	0.00248	0.68195
15	0.00731	0.00491	0.00674	0.00647	0.00718	0.00543	0.00481	0.08251	0.00757	0.01050	0.01027	0.01599	0.00979	0.10611	0.45288	0.24355	0.00785	0.00436	0.00235	0.00343
16	0.42929	0.02111	0.04163	0.00755	0.02882	0.10965	0.00609	0.02777	0.09023	0.04326	0.03351	0.02321	0.04058	0.00483	0.00372	0.00128	0.03383	0.00337	0.00288	0.04738
17	0.04685	0.08087	0.12976	0.08368	0.02069	0.05446	0.01990	0.03867	0.09306	0.13860	0.05750	0.02516	0.03499	0.02678	0.00435	0.00127	0.00430	0.00398	0.00309	0.13205
18	0.03066	0.15752	0.12265	0.02524	0.01277	0.09491	0.06616	0.05150	0.15899	0.02637	0.07123	0.01163	0.00970	0.00452	0.00379	0.00114	0.00460	0.00364	0.00282	0.14015
19	0.09211	0.05524	0.13359	0.01276	0.20573	0.04911	0.06400	0.01229	0.02160	0.04470	0.09462	0.01419	0.05577	0.00496	0.00426	0.00124	0.02580	0.01950	0.00266	0.08587
20	0.02360	0.04499	0.27628	0.00932	0.01327	0.06128	0.02815	0.08576	0.02176	0.18864	0.01168	0.04596	0.02320	0.00513	0.00407	0.00126	0.00478	0.04367	0.00311	0.10408

[dist]
# distance from previous block
# <min> <max>
2	104

[block]
# block no. 7 follows, 63 sequences, length 32
# corresponding to MSA columns:
# 723-754
name=unknown_H
#
# <colnr> <probs for GDERKNQSTAVLIFYWHMCP>
#	G	D	E	R	K	N	Q	S	T	A	V	L	I	F	Y	W	H	M	C	P
0	0.35059	0.10111	0.03274	0.04461	0.05299	0.04259	0.00633	0.06146	0.00883	0.02490	0.00949	0.13133	0.00903	0.00602	0.02076	0.00139	0.01599	0.01655	0.00273	0.06055
1	0.00817	0.01193	0.29170	0.01946	0.01240	0.01780	0.01911	0.01140	0.03931	0.01367	0.06856	0.04261	0.05908	0.00495	0.00387	0.00110	0.00414	0.01711	0.03939	0.31426
2	0.00606	0.00646	0.10815	0.00591	0.00764	0.00460	0.00525	0.00822	0.01105	0.01530	0.56380	0.03043	0.19437	0.00844	0.00484	0.00134	0.00254	0.00730	0.00413	0.00416
3	0.01001	0.00893	0.02774	0.15844	0.03589	0.02070	0.00845	0.19629	0.04269	0.01514	0.05979	0.04094	0.05965	0.00652	0.00705	0.00149	0.24002	0.03416	0.00294	0.02312
4	0.01596	0.01035	0.01156	0.00902	0.01224	0.01111	0.00740	0.52882	0.11751	0.21271	0.01248	0.01177	0.00862	0.00516	0.00422	0.00129	0.00422	0.00401	0.00445	0.00709
5	0.00837	0.00690	0.07057	0.00730	0.00881	0.00609	0.04976	0.12651	0.01936	0.01327	0.16613	0.04800	0.04351	0.01111	0.04777	0.35064	0.00411	0.00501	0.00293	0.00384
6	0.01024	0.00802	0.01252	0.00994	0.01225	0.04183	0.23974	0.04440	0.06143	0.14396	0.06774	0.11695	0.03570	0.10967	0.03894	0.00193	0.01602	0.00590	0.01775	0.00506
7	0.00605	0.00436	0.00613	0.00617	0.00675	0.00489	0.00456	0.00723	0.00675	0.00967	0.01226	0.05386	0.01223	0.19941	0.60400	0.00579	0.00909	0.00513	0.03217	0.00350
8	0.01020	0.54641	0.32130	0.00897	0.01353	0.01409	0.01028	0.01286	0.00867	0.01116	0.00647	0.00753	0.00537	0.00374	0.00318	0.00106	0.00513	0.00257	0.00179	0.00570
9	0.00921	0.01895	0.64886	0.01130	0.01672	0.00975	0.03028	0.11246	0.01048	0.01523	0.07012	0.01080	0.00819	0.00447	0.00411	0.00132	0.00571	0.00357	0.00230	0.00615
10	0.00749	0.00746	0.00945	0.00815	0.00989	0.10864	0.15298	0.00917	0.01011	0.01257	0.17290	0.16506	0.26253	0.00863	0.00492	0.00143	0.00381	0.03717	0.00349	0.00417
11	0.00678	0.00570	0.03490	0.00655	0.00794	0.00516	0.03868	0.00986	0.11136	0.02969	0.44873	0.18972	0.07070	0.00881	0.00491	0.00142	0.00264	0.00785	0.00421	0.00438
12	0.00599	0.00402	0.00462	0.00474	0.00477	0.00399	0.00272	0.00608	0.00635	0.00847	0.01448	0.12996	0.01684	0.74768	0.01940	0.00378	0.00387	0.00684	0.00272	0.00266
13	0.01407	0.01663	0.01183	0.01044	0.01274	0.57874	0.04070	0.05002	0.13414	0.01246	0.02560	0.01018	0.00765	0.00474	0.00411	0.00117	0.01895	0.01455	0.00265	0.02862
14	0.00907	0.13441	0.61728	0.01090	0.01627	0.01079	0.01328	0.01434	0.10973	0.01338	0.00850	0.00943	0.00627	0.00415	0.00385	0.00128	0.00562	0.00319	0.00209	0.00616
15	0.00827	0.00700	0.00824	0.00618	0.00948	0.00533	0.00485	0.01000	0.00863	0.01333	0.00943	0.11351	0.00892	0.00437	0.00339	0.00076	0.00303	0.00367	0.00267	0.76896
16	0.01013	0.00898	0.00885	0.00793	0.00980	0.11660	0.00611	0.12455	0.25482	0.01522	0.08100	0.02917	0.01336	0.08011	0.15483	0.00251	0.00543	0.02563	0.00342	0.04155
17	0.00990	0.05181	0.61583	0.02907	0.01740	0.01035	0.04917	0.11303	0.01036	0.04273	0.00815	0.00929	0.00578	0.00414	0.00402	0.00131	0.00588	0.00329	0.00221	0.00627
18	0.01283	0.02668	0.14659	0.02991	0.05539	0.07158	0.14000	0.08478	0.04055	0.23546	0.03399	0.01189	0.00852	0.00510	0.02115	0.00139	0.01671	0.00397	0.00324	0.05027
19	0.00598	0.00425	0.00490	0.00503	0.00542	0.00415	0.00321	0.00685	0.03651	0.01001	0.07329	0.15588	0.11987	0.50528	0.01468	0.00303	0.00341	0.03198	0.00317	0.00309
20	0.00581	0.00425	0.00556	0.00567	0.00621	0.00447	0.00400	0.00670	0.00705	0.00956	0.01711	0.11593	0.11537	0.28340	0.38491	0.00469	0.00689	0.00638	0.00273	0.00331
21	0.01094	0.19935	0.32467	0.01238	0.09189	0.11501	0.08539	0.05073	0.00990	0.03655	0.00751	0.00884	0.00581	0.00403	0.00398	0.00121	0.02062	0.00318	0.00210	0.00590
22	0.00618	0.00459	0.00555	0.00592	0.03179	0.00420	0.00413	0.00786	0.04587	0.04691	0.16709	0.28526	0.34828	0.01041	0.00500	0.00148	0.00240	0.00906	0.00404	0.00397
23	0.00521	0.00380	0.00487	0.00569	0.00610	0.00352	0.00389	0.00601	0.00824	0.01079	0.02518	0.68390	0.12646	0.04411	0.00593	0.00177	0.00252	0.04475	0.00385	0.00342
24	0.00976	0.01011	0.12802	0.00857	0.01124	0.02626	0.00760	0.04302	0.45549	0.04619	0.02887	0.07569	0.05638	0.00666	0.00446	0.00145	0.00379	0.06665	0.00383	0.00595
25	0.08367	0.04200	0.06344	0.03660	0.02289	0.02407	0.07123	0.27694	0.08354	0.22236	0.01158	0.02444	0.00825	0.00489	0.00409	0.00130	0.00448	0.00396	0.00379	0.00648
26	0.29519	0.04559	0.03948	0.03336	0.17265	0.06359	0.02149	0.01248	0.03268	0.01440	0.01778	0.00900	0.00615	0.00462	0.00537	0.00133	0.16455	0.00313	0.00231	0.05485
27	0.05187	0.04344	0.00934	0.00737	0.04156	0.03776	0.00566	0.05135	0.03450	0.16956	0.02214	0.01175	0.00848	0.00425	0.00349	0.00097	0.00344	0.01661	0.11197	0.36450
28	0.15802	0.02083	0.04332	0.01042	0.11268	0.02063	0.09810	0.04885	0.02151	0.06780	0.05389	0.06623	0.04881	0.00521	0.00420	0.00122	0.02662	0.01476	0.00293	0.17396
29	0.04310	0.02520	0.01027	0.13864	0.04517	0.19460	0.00729	0.03767	0.14912	0.06370	0.04494	0.04356	0.00989	0.03431	0.00510	0.03825	0.00470	0.00405	0.00294	0.09749
30	0.02133	0.05419	0.04290	0.04723	0.06507	0.07279	0.03015	0.02061	0.05291	0.01242	0.03271	0.17591	0.02331	0.00976	0.11766	0.00196	0.00501	0.01649	0.00279	0.19479
31	0.07081	0.00589	0.00803	0.00810	0.06758	0.00560	0.04939	0.01787	0.02923	0.03500	0.04657	0.34763	0.05175	0.02095	0.06828	0.01478	0.00380	0.00727	0.00326	0.13823

[dist]
# distance from previous block
# <min> <max>
4	87

[block]
# block no. 8 follows, 63 sequences, length 23
# corresponding to MSA columns:
# 845-867
name=unknown_I
#
# <colnr> <probs for GDERKNQSTAVLIFYWHMCP>
#	G	D	E	R	K	N	Q	S	T	A	V	L	I	F	Y	W	H	M	C	P
0	0.00908	0.01219	0.29828	0.00878	0.02842	0.00737	0.00895	0.06954	0.01017	0.05680	0.10434	0.03411	0.04885	0.00508	0.00399	0.00114	0.00420	0.02043	0.00287	0.26542
1	0.00602	0.00417	0.00522	0.00527	0.00552	0.00435	0.00340	0.00654	0.00661	0.00904	0.04239	0.07222	0.01560	0.55337	0.23822	0.00456	0.00583	0.00607	0.00262	0.00297
2	0.01373	0.01027	0.01095	0.00878	0.01164	0.02561	0.00712	0.54562	0.12456	0.04853	0.03738	0.02991	0.07332	0.00648	0.02510	0.00144	0.00432	0.00459	0.00414	0.00651
3	0.00917	0.00854	0.02881	0.29963	0.13409	0.00893	0.16284	0.03250	0.08730	0.04485	0.01133	0.11748	0.00996	0.00548	0.00452	0.00142	0.00506	0.02008	0.00266	0.00535
4	0.04382	0.11907	0.29861	0.01211	0.04403	0.01034	0.20901	0.03084	0.04412	0.08696	0.00902	0.02210	0.00679	0.00412	0.00405	0.00127	0.00548	0.00374	0.00243	0.04209
5	0.01018	0.10054	0.02655	0.00809	0.01032	0.00861	0.03724	0.11561	0.19360	0.08831	0.02998	0.14647	0.04720	0.00767	0.00459	0.00147	0.00374	0.15060	0.00381	0.00542
6	0.00890	0.07959	0.62896	0.04111	0.01721	0.00978	0.04749	0.01303	0.00899	0.04477	0.00919	0.03698	0.02679	0.00446	0.00403	0.00132	0.00578	0.00362	0.00205	0.00596
7	0.02848	0.03252	0.06287	0.10183	0.09387	0.05166	0.24708	0.02713	0.02678	0.11519	0.01240	0.01506	0.06882	0.06660	0.01875	0.00163	0.00542	0.01575	0.00273	0.00541
8	0.05434	0.13747	0.24747	0.04446	0.14785	0.02218	0.03155	0.01297	0.00929	0.11352	0.01847	0.08746	0.01803	0.00525	0.00402	0.00130	0.00480	0.03123	0.00263	0.00572
9	0.00885	0.02033	0.73958	0.01158	0.01736	0.00976	0.01454	0.07093	0.00963	0.01417	0.00833	0.04116	0.00632	0.00442	0.00406	0.00134	0.00595	0.00349	0.00203	0.00617
10	0.03308	0.00568	0.02306	0.00596	0.00723	0.02467	0.00451	0.03739	0.00940	0.10134	0.08123	0.23466	0.24725	0.10379	0.00717	0.01724	0.03008	0.01842	0.00373	0.00408
11	0.03718	0.23003	0.09668	0.09430	0.11016	0.12309	0.02335	0.02406	0.00977	0.09648	0.02868	0.02221	0.00860	0.00519	0.01484	0.00130	0.00514	0.06094	0.00255	0.00548
12	0.00955	0.04074	0.01377	0.50872	0.21338	0.00982	0.01122	0.06967	0.00966	0.03895	0.00839	0.01183	0.00661	0.00436	0.00418	0.00135	0.00524	0.02493	0.00225	0.00540
13	0.00536	0.00383	0.00494	0.00567	0.00614	0.00354	0.00394	0.00605	0.00826	0.01079	0.03896	0.60459	0.14968	0.01272	0.00612	0.06517	0.00255	0.05458	0.00376	0.00336
14	0.04891	0.21210	0.16788	0.04468	0.12015	0.09197	0.04588	0.07142	0.04082	0.04856	0.01813	0.03684	0.01708	0.00454	0.00389	0.00122	0.01414	0.00359	0.00246	0.00575
15	0.02166	0.06418	0.24518	0.00915	0.03752	0.05761	0.02997	0.01194	0.00959	0.11925	0.07398	0.09700	0.07365	0.01553	0.00505	0.03571	0.00447	0.08037	0.00306	0.00512
16	0.19487	0.00711	0.00886	0.02235	0.04123	0.00695	0.00602	0.01650	0.02509	0.48175	0.04228	0.01344	0.01007	0.00788	0.09517	0.00190	0.00438	0.00396	0.00412	0.00606
17	0.01915	0.00836	0.07374	0.17467	0.15236	0.02486	0.08046	0.01039	0.03890	0.01245	0.03507	0.07702	0.23499	0.00668	0.00452	0.00139	0.00426	0.01467	0.02120	0.00486
18	0.03540	0.05594	0.06667	0.10970	0.23302	0.07217	0.05151	0.03342	0.03769	0.08654	0.06896	0.06034	0.05997	0.00536	0.00423	0.00130	0.00466	0.00468	0.00285	0.00558
19	0.01049	0.03697	0.13259	0.05174	0.38406	0.04209	0.07300	0.02346	0.09397	0.05491	0.02312	0.01221	0.02266	0.00441	0.00421	0.00130	0.00508	0.01500	0.00254	0.00622
20	0.00769	0.00527	0.00639	0.00575	0.00722	0.00502	0.00442	0.06752	0.04969	0.07737	0.53881	0.02933	0.16254	0.00829	0.00482	0.00134	0.00238	0.00715	0.00450	0.00449
21	0.03190	0.14237	0.12473	0.04765	0.09502	0.03462	0.08204	0.01994	0.00974	0.01334	0.19836	0.07326	0.05424	0.00614	0.00462	0.00131	0.03526	0.01762	0.00285	0.00500
22	0.04484	0.06577	0.26771	0.06559	0.13928	0.01936	0.11559	0.04925	0.02241	0.09915	0.03216	0.01192	0.03937	0.00447	0.00412	0.00130	0.00523	0.00391	0.00258	0.00596

[dist]
# distance from previous block
# <min> <max>
0	9

[block]
# block no. 9 follows, 63 sequences, length 13
# corresponding to MSA columns:
# 877-889
name=unknown_J
#
# <colnr> <probs for GDERKNQSTAVLIFYWHMCP>
#	G	D	E	R	K	N	Q	S	T	A	V	L	I	F	Y	W	H	M	C	P
0	0.00823	0.02500	0.28738	0.01105	0.01455	0.00823	0.18091	0.03386	0.03237	0.01341	0.04492	0.10586	0.03172	0.00681	0.00493	0.00151	0.02047	0.16082	0.00278	0.00520
1	0.00733	0.00595	0.00692	0.00688	0.03416	0.03232	0.02583	0.03956	0.08907	0.04350	0.07887	0.16120	0.35448	0.01027	0.03704	0.00167	0.00329	0.05349	0.00382	0.00435
2	0.01095	0.17722	0.30467	0.05069	0.15164	0.05186	0.01120	0.03174	0.03227	0.10221	0.00864	0.00979	0.00653	0.00488	0.02716	0.00137	0.00545	0.00328	0.00237	0.00606
3	0.01051	0.04112	0.17771	0.07463	0.23513	0.04827	0.07675	0.01366	0.04807	0.10787	0.03279	0.01358	0.02313	0.03783	0.01735	0.00150	0.00521	0.02639	0.00264	0.00586
4	0.02458	0.02535	0.09082	0.00836	0.01020	0.00601	0.10817	0.00958	0.03081	0.06013	0.02929	0.33857	0.03922	0.01076	0.05173	0.04787	0.00426	0.09668	0.00329	0.00435
5	0.00935	0.00960	0.05921	0.31993	0.22595	0.05361	0.08524	0.01227	0.03770	0.03686	0.02267	0.07425	0.00889	0.00499	0.00436	0.00137	0.00526	0.02073	0.00238	0.00539
6	0.02973	0.04905	0.16115	0.04266	0.16206	0.08324	0.12214	0.04915	0.04456	0.17980	0.01026	0.03033	0.00767	0.00448	0.00417	0.00129	0.00527	0.00395	0.00289	0.00616
7	0.00999	0.01286	0.21263	0.07885	0.27664	0.02513	0.17992	0.04695	0.03840	0.03249	0.02638	0.01143	0.02044	0.00418	0.00432	0.00132	0.00560	0.00404	0.00232	0.00609
8	0.00549	0.00417	0.00554	0.02335	0.03131	0.00400	0.00436	0.00652	0.00844	0.01115	0.06871	0.51469	0.16020	0.03362	0.08084	0.00214	0.00337	0.02482	0.00366	0.00361
9	0.00927	0.00954	0.07840	0.03942	0.25007	0.06037	0.05776	0.04795	0.04542	0.03874	0.11161	0.03816	0.14748	0.02411	0.00484	0.00139	0.00434	0.02272	0.00304	0.00537
10	0.02792	0.12710	0.29105	0.02808	0.11101	0.05623	0.03676	0.09440	0.01048	0.10425	0.02031	0.03929	0.00753	0.00461	0.00416	0.00127	0.02323	0.00368	0.00261	0.00604
11	0.02620	0.03692	0.01367	0.06491	0.36157	0.00840	0.08559	0.01205	0.03984	0.06908	0.03619	0.13435	0.01193	0.04245	0.01490	0.00155	0.00456	0.02751	0.00278	0.00556
12	0.00813	0.03796	0.54077	0.01161	0.03876	0.00888	0.09305	0.01199	0.00895	0.01288	0.02465	0.07697	0.04134	0.00626	0.03646	0.00159	0.00583	0.02611	0.00219	0.00563

[dist]
# distance from previous block
# <min> <max>
0	165

# created by:
# /home/cegg/simao/soft/augustus-3.2.1/scripts/msa2prfl.pl ./align_prep/EOG092C5HF0.fa
