[name]
unknown

[dist]
# distance from previous block
# <min> <max>
0	273

[block]
# block no. 0 follows, 79 sequences, length 9
# corresponding to MSA columns:
# 295-303
name=unknown_A
#
# <colnr> <probs for GDERKNQSTAVLIFYWHMCP>
#	G	D	E	R	K	N	Q	S	T	A	V	L	I	F	Y	W	H	M	C	P
0	0.02134	0.00856	0.10155	0.00876	0.07355	0.08500	0.09327	0.04555	0.08167	0.19658	0.01303	0.10987	0.06924	0.00531	0.00374	0.00116	0.00377	0.05201	0.00291	0.02314
1	0.04714	0.08513	0.12912	0.05562	0.01118	0.01872	0.14278	0.05006	0.03163	0.10393	0.01015	0.16773	0.00940	0.06725	0.00459	0.00128	0.00386	0.00447	0.00246	0.05351
2	0.03210	0.08199	0.12519	0.11740	0.01259	0.13209	0.11853	0.03689	0.04679	0.04648	0.03126	0.01037	0.00694	0.10119	0.00495	0.00128	0.00444	0.00322	0.00208	0.08420
3	0.07026	0.06898	0.05403	0.00565	0.00723	0.07034	0.00474	0.00967	0.11510	0.01192	0.19321	0.01687	0.11263	0.03819	0.00441	0.00116	0.05428	0.01820	0.11321	0.02994
4	0.00799	0.00748	0.06884	0.05823	0.07330	0.03759	0.00576	0.00973	0.00761	0.06809	0.00751	0.05595	0.00638	0.00338	0.00297	0.00075	0.00317	0.00281	0.00220	0.57027
5	0.00865	0.00738	0.00880	0.00813	0.05948	0.02591	0.06236	0.03896	0.54571	0.04882	0.07384	0.01473	0.07155	0.00497	0.00369	0.00117	0.00305	0.00429	0.00335	0.00517
6	0.00576	0.00434	0.00559	0.00602	0.06534	0.00466	0.00381	0.00740	0.09980	0.00845	0.01065	0.01818	0.01087	0.46261	0.26791	0.00367	0.00520	0.00445	0.00220	0.00307
7	0.00832	0.00782	0.01313	0.01964	0.75899	0.00782	0.00984	0.01018	0.00770	0.01099	0.00713	0.01033	0.00639	0.10085	0.00511	0.00131	0.00410	0.00336	0.00179	0.00520
8	0.00439	0.00323	0.00404	0.00464	0.00504	0.00297	0.00317	0.00505	0.00692	0.00899	0.02180	0.61964	0.17705	0.07559	0.00546	0.00154	0.00215	0.04228	0.00319	0.00284

[dist]
# distance from previous block
# <min> <max>
0	2

[block]
# block no. 1 follows, 79 sequences, length 7
# corresponding to MSA columns:
# 306-312
name=unknown_B
#
# <colnr> <probs for GDERKNQSTAVLIFYWHMCP>
#	G	D	E	R	K	N	Q	S	T	A	V	L	I	F	Y	W	H	M	C	P
0	0.00478	0.00336	0.00430	0.00450	0.00509	0.00312	0.00321	0.00598	0.00838	0.01174	0.41154	0.36880	0.07000	0.00862	0.00417	0.00122	0.00182	0.00768	0.06858	0.00312
1	0.00568	0.00495	0.00680	0.00667	0.00679	0.00607	0.00507	0.00635	0.00620	0.00879	0.01344	0.52326	0.01575	0.00907	0.00736	0.00148	0.35323	0.00721	0.00257	0.00326
2	0.00837	0.00612	0.00690	0.00578	0.00745	0.00636	0.00458	0.34483	0.01232	0.01686	0.38444	0.01932	0.10969	0.00605	0.00383	0.00108	0.00257	0.00505	0.04402	0.00437
3	0.53835	0.00552	0.00499	0.00455	0.00619	0.00605	0.00362	0.00886	0.00761	0.01513	0.34790	0.01406	0.01573	0.00486	0.00298	0.00110	0.00230	0.00372	0.00287	0.00362
4	0.00916	0.52584	0.01422	0.00649	0.00909	0.01185	0.00585	0.01386	0.34741	0.01090	0.00872	0.00869	0.00705	0.00373	0.00280	0.00093	0.00337	0.00273	0.00235	0.00495
5	0.53835	0.00552	0.00499	0.00455	0.00619	0.00605	0.00362	0.00886	0.00761	0.01513	0.34790	0.01406	0.01573	0.00486	0.00298	0.00110	0.00230	0.00372	0.00287	0.00362
6	0.49148	0.05083	0.00543	0.00482	0.00624	0.00618	0.00371	0.00816	0.00636	0.01266	0.01078	0.35710	0.01174	0.00640	0.00312	0.00121	0.00250	0.00519	0.00259	0.00347

[dist]
# distance from previous block
# <min> <max>
1	20

[block]
# block no. 2 follows, 79 sequences, length 7
# corresponding to MSA columns:
# 333-339
name=unknown_C
#
# <colnr> <probs for GDERKNQSTAVLIFYWHMCP>
#	G	D	E	R	K	N	Q	S	T	A	V	L	I	F	Y	W	H	M	C	P
0	0.00835	0.00720	0.00778	0.00661	0.00893	0.00760	0.00518	0.01590	0.60686	0.01381	0.01203	0.01147	0.00917	0.00416	0.00331	0.00100	0.00274	0.00344	0.00316	0.26130
1	0.00768	0.00643	0.00704	0.00639	0.00805	0.00721	0.00493	0.01527	0.60763	0.01457	0.25455	0.01693	0.01721	0.00548	0.00375	0.00117	0.00247	0.00467	0.00367	0.00493
2	0.00510	0.00350	0.00427	0.00427	0.00442	0.00365	0.00267	0.00540	0.00525	0.00715	0.01071	0.02090	0.01187	0.67691	0.21588	0.00394	0.00483	0.00481	0.00208	0.00237
3	0.00479	0.00348	0.00417	0.00416	0.00474	0.00323	0.00286	0.00571	0.00784	0.01057	0.35965	0.12502	0.18181	0.25706	0.00815	0.00182	0.00223	0.00664	0.00319	0.00286
4	0.00876	0.00862	0.01165	0.01337	0.32784	0.16898	0.12977	0.00972	0.00746	0.00939	0.00633	0.00896	0.00550	0.00582	0.00648	0.25800	0.00453	0.00310	0.00170	0.00402
5	0.00740	0.00702	0.01191	0.56489	0.32127	0.00802	0.01016	0.00965	0.00740	0.00990	0.00639	0.00916	0.00501	0.00339	0.00351	0.00113	0.00452	0.00314	0.00163	0.00451
6	0.00699	0.00651	0.00962	0.01108	0.25005	0.00755	0.00705	0.00835	0.00747	0.01072	0.19597	0.01515	0.10948	0.00585	0.00676	0.00126	0.32937	0.00433	0.00232	0.00413

[dist]
# distance from previous block
# <min> <max>
0	1

[block]
# block no. 3 follows, 79 sequences, length 19
# corresponding to MSA columns:
# 342-360
name=unknown_D
#
# <colnr> <probs for GDERKNQSTAVLIFYWHMCP>
#	G	D	E	R	K	N	Q	S	T	A	V	L	I	F	Y	W	H	M	C	P
0	0.00949	0.12045	0.07103	0.00839	0.06291	0.08893	0.00670	0.07870	0.48660	0.01346	0.01081	0.01052	0.00825	0.00420	0.00335	0.00109	0.00359	0.00334	0.00289	0.00531
1	0.84504	0.00686	0.00536	0.00479	0.00696	0.00796	0.00393	0.01089	0.05882	0.01575	0.00550	0.00619	0.00425	0.00337	0.00227	0.00110	0.00273	0.00204	0.00227	0.00393
2	0.00818	0.09492	0.49090	0.07192	0.01358	0.06193	0.01002	0.07049	0.00822	0.02207	0.00672	0.00785	0.00500	0.00343	0.00317	0.00102	0.00461	0.00262	0.06039	0.05296
3	0.00513	0.00342	0.00384	0.00384	0.00384	0.00342	0.00214	0.00513	0.00513	0.00683	0.01110	0.02306	0.01281	0.87614	0.01794	0.00342	0.00342	0.00513	0.00214	0.00214
4	0.06255	0.01231	0.47592	0.06943	0.01238	0.00689	0.00917	0.00996	0.06044	0.01129	0.04536	0.01418	0.18619	0.00478	0.00351	0.00114	0.00400	0.00386	0.00214	0.00451
5	0.00904	0.00855	0.01328	0.13606	0.62946	0.04121	0.01014	0.08808	0.00876	0.01205	0.00670	0.00870	0.00546	0.00331	0.00349	0.00106	0.00431	0.00311	0.00189	0.00533
6	0.00852	0.01066	0.17485	0.10413	0.54766	0.07119	0.01084	0.01094	0.00796	0.01098	0.00645	0.00837	0.00520	0.00326	0.00344	0.00106	0.00459	0.00297	0.00168	0.00523
7	0.00503	0.00378	0.00566	0.00566	0.00629	0.00441	0.00441	0.00629	0.00566	0.00818	0.00944	0.01385	0.00881	0.02643	0.86217	0.00566	0.00944	0.00378	0.00189	0.00315
8	0.00542	0.00510	0.00472	0.00467	0.00581	0.09939	0.00356	0.00646	0.00817	0.00973	0.09407	0.04103	0.54521	0.00991	0.08395	0.00160	0.00310	0.06190	0.00303	0.00316
9	0.01581	0.00600	0.00818	0.00627	0.00900	0.00518	0.00518	0.01718	0.01009	0.85660	0.01390	0.01200	0.00872	0.00436	0.00354	0.00109	0.00300	0.00354	0.00436	0.00600
10	0.00877	0.00757	0.00797	0.00717	0.00916	0.00877	0.00558	0.01873	0.84779	0.01474	0.01434	0.01315	0.01076	0.00478	0.00359	0.00120	0.00279	0.00398	0.00359	0.00558
11	0.00495	0.00420	0.00652	0.00601	0.00701	0.00384	0.12626	0.00612	0.00770	0.01015	0.13497	0.44798	0.20283	0.00887	0.00433	0.00130	0.00251	0.00810	0.00314	0.00323
12	0.90103	0.00682	0.00518	0.00463	0.00682	0.00791	0.00382	0.01036	0.00600	0.01581	0.00491	0.00573	0.00382	0.00327	0.00218	0.00109	0.00273	0.00191	0.00218	0.00382
13	0.00818	0.00431	0.00574	0.00498	0.00637	0.00387	0.00387	0.00976	0.01001	0.26292	0.60471	0.02209	0.02601	0.00637	0.00398	0.00110	0.00206	0.00554	0.00402	0.00411
14	0.00683	0.09664	0.59001	0.00843	0.01246	0.00766	0.01022	0.01011	0.00797	0.01154	0.19280	0.01144	0.01082	0.00417	0.00342	0.00108	0.00429	0.00337	0.00202	0.00473
15	0.00618	0.00519	0.00561	0.00520	0.00629	0.06745	0.00393	0.00908	0.14069	0.01382	0.65916	0.02280	0.02763	0.00656	0.00400	0.00111	0.00218	0.00570	0.00368	0.00373
16	0.00793	0.00756	0.01077	0.07166	0.08888	0.00996	0.00787	0.06330	0.00651	0.00968	0.00548	0.00836	0.00507	0.00685	0.06326	0.00170	0.61617	0.00314	0.00171	0.00412
17	0.00728	0.06861	0.00846	0.00706	0.10880	0.00559	0.00486	0.00874	0.00735	0.01099	0.05992	0.01002	0.00768	0.08428	0.00421	0.00091	0.00290	0.00275	0.00212	0.58745
18	0.00505	0.00337	0.00440	0.00479	0.00533	0.00309	0.00335	0.00594	0.00768	0.05573	0.19356	0.59593	0.07901	0.00974	0.00435	0.00133	0.00200	0.00874	0.00346	0.00314

[dist]
# distance from previous block
# <min> <max>
0	8

[block]
# block no. 4 follows, 79 sequences, length 7
# corresponding to MSA columns:
# 369-375
name=unknown_E
#
# <colnr> <probs for GDERKNQSTAVLIFYWHMCP>
#	G	D	E	R	K	N	Q	S	T	A	V	L	I	F	Y	W	H	M	C	P
0	0.14626	0.02319	0.03490	0.00844	0.08018	0.05566	0.03115	0.08307	0.39961	0.05283	0.01031	0.01021	0.00776	0.00415	0.00346	0.00112	0.02026	0.00329	0.00293	0.02122
1	0.00497	0.00335	0.00389	0.00404	0.00408	0.00331	0.00235	0.00508	0.00543	0.00723	0.01265	0.18085	0.01476	0.71570	0.01545	0.00305	0.00316	0.00603	0.00235	0.00227
2	0.17347	0.01807	0.02315	0.00710	0.04081	0.02145	0.02754	0.05545	0.09657	0.04518	0.00845	0.07061	0.00763	0.03313	0.09984	0.12612	0.13571	0.00360	0.00229	0.00385
3	0.00743	0.06752	0.00744	0.00604	0.00780	0.00730	0.00476	0.01394	0.51668	0.01324	0.13391	0.01830	0.16959	0.00576	0.00368	0.00115	0.00252	0.00481	0.00342	0.00471
4	0.17715	0.12720	0.01020	0.00763	0.00982	0.43207	0.00608	0.12808	0.05057	0.01210	0.00613	0.00677	0.00491	0.00362	0.00294	0.00096	0.00482	0.00236	0.00217	0.00443
5	0.00607	0.03374	0.16518	0.12611	0.01055	0.00582	0.06490	0.00774	0.00667	0.00931	0.05067	0.11056	0.01082	0.23244	0.08620	0.00216	0.02501	0.00458	0.03793	0.00353
6	0.57768	0.01064	0.12457	0.00638	0.00890	0.19967	0.00577	0.01130	0.00709	0.01355	0.00523	0.00610	0.00407	0.00336	0.00257	0.00105	0.00389	0.00209	0.00200	0.00407

[dist]
# distance from previous block
# <min> <max>
0	1

[block]
# block no. 5 follows, 79 sequences, length 54
# corresponding to MSA columns:
# 377-430
name=unknown_F
#
# <colnr> <probs for GDERKNQSTAVLIFYWHMCP>
#	G	D	E	R	K	N	Q	S	T	A	V	L	I	F	Y	W	H	M	C	P
0	0.00821	0.07408	0.16955	0.06236	0.03119	0.04776	0.13302	0.07273	0.05597	0.04185	0.07220	0.01113	0.00835	0.00648	0.10171	0.00158	0.00487	0.02101	0.00225	0.07371
1	0.00432	0.00354	0.00381	0.00382	0.00487	0.00303	0.00283	0.00533	0.00828	0.01030	0.17860	0.09213	0.64936	0.00877	0.00419	0.00119	0.00178	0.00743	0.00338	0.00303
2	0.00807	0.00741	0.01136	0.02675	0.29114	0.05211	0.16297	0.06434	0.02190	0.01197	0.01811	0.08267	0.07022	0.00451	0.00357	0.00108	0.00380	0.00423	0.14926	0.00453
3	0.00511	0.00348	0.00415	0.00415	0.00425	0.00358	0.00252	0.00532	0.00522	0.00706	0.01083	0.02152	0.01214	0.73394	0.15922	0.00379	0.00442	0.00490	0.00209	0.00230
4	0.01003	0.45061	0.11187	0.00793	0.01086	0.23535	0.06180	0.01203	0.05252	0.00925	0.00585	0.00669	0.00490	0.00331	0.00282	0.00089	0.00470	0.00233	0.00171	0.00456
5	0.00519	0.00372	0.00475	0.00447	0.00534	0.00350	0.00336	0.00712	0.03734	0.01411	0.78534	0.02528	0.03138	0.00698	0.00406	0.00110	0.00170	0.00615	0.04574	0.00340
6	0.00607	0.00308	0.00455	0.00455	0.00455	0.00308	0.00301	0.00462	0.00462	0.00616	0.00639	0.01137	0.00648	0.05799	0.01399	0.85012	0.00308	0.00317	0.00156	0.00156
7	0.00942	0.87826	0.01847	0.00603	0.00905	0.01395	0.00603	0.01055	0.00716	0.00829	0.00490	0.00565	0.00452	0.00302	0.00226	0.00075	0.00377	0.00188	0.00151	0.00452
8	0.00877	0.00757	0.00797	0.00717	0.00916	0.00877	0.00558	0.01873	0.84779	0.01474	0.01434	0.01315	0.01076	0.00478	0.00359	0.00120	0.00279	0.00398	0.00359	0.00558
9	0.01581	0.00600	0.00818	0.00627	0.00900	0.00518	0.00518	0.01718	0.01009	0.85660	0.01390	0.01200	0.00872	0.00436	0.00354	0.00109	0.00300	0.00354	0.00436	0.00600
10	0.90103	0.00682	0.00518	0.00463	0.00682	0.00791	0.00382	0.01036	0.00600	0.01581	0.00491	0.00573	0.00382	0.00327	0.00218	0.00109	0.00273	0.00191	0.00218	0.00382
11	0.00832	0.00951	0.02080	0.01485	0.01842	0.00891	0.84135	0.01129	0.00832	0.01129	0.00713	0.00951	0.00535	0.00297	0.00416	0.00119	0.00594	0.00416	0.00178	0.00475
12	0.00707	0.01823	0.85788	0.01005	0.01525	0.00818	0.01302	0.01116	0.00744	0.01116	0.00632	0.00744	0.00446	0.00335	0.00335	0.00112	0.00521	0.00260	0.00149	0.00521
13	0.00829	0.00779	0.01314	0.01957	0.74566	0.00778	0.01001	0.01033	0.00815	0.01161	0.06017	0.01186	0.00827	0.00383	0.00362	0.00109	0.00397	0.05760	0.00198	0.00529
14	0.00702	0.00648	0.00648	0.00734	0.12156	0.15593	0.00432	0.00756	0.00644	0.00791	0.00951	0.03042	0.01026	0.53368	0.06852	0.00277	0.00442	0.00433	0.00203	0.00303
15	0.56419	0.00623	0.00592	0.00504	0.00722	0.00666	0.00412	0.01174	0.00754	0.23820	0.10423	0.00974	0.00848	0.00401	0.00277	0.00109	0.00268	0.00285	0.00295	0.00434
16	0.73100	0.00659	0.00615	0.00528	0.00738	0.00740	0.05869	0.00996	0.00665	0.01531	0.11049	0.00854	0.00758	0.00374	0.00256	0.00110	0.00280	0.00261	0.00237	0.00382
17	0.00429	0.00307	0.00409	0.00491	0.00511	0.00286	0.00327	0.00491	0.00675	0.00900	0.01943	0.87384	0.02331	0.01104	0.00450	0.00143	0.00204	0.01002	0.00327	0.00286
18	0.00777	0.00790	0.01101	0.64209	0.13606	0.11720	0.00955	0.00990	0.00756	0.00930	0.00621	0.00892	0.00480	0.00349	0.00347	0.00112	0.00484	0.00302	0.00162	0.00417
19	0.00942	0.87826	0.01847	0.00603	0.00905	0.01395	0.00603	0.01055	0.00716	0.00829	0.00490	0.00565	0.00452	0.00302	0.00226	0.00075	0.00377	0.00188	0.00151	0.00452
20	0.61690	0.00588	0.00517	0.00470	0.00651	0.00651	0.00375	0.00961	0.00703	0.05950	0.16748	0.07484	0.01113	0.00466	0.00280	0.00112	0.00249	0.00345	0.00270	0.00377
21	0.00503	0.00378	0.00566	0.00566	0.00629	0.00441	0.00441	0.00629	0.00566	0.00818	0.00944	0.01385	0.00881	0.02643	0.86217	0.00566	0.00944	0.00378	0.00189	0.00315
22	0.00503	0.00378	0.00566	0.00566	0.00629	0.00441	0.00441	0.00629	0.00566	0.00818	0.00944	0.01385	0.00881	0.02643	0.86217	0.00566	0.00944	0.00378	0.00189	0.00315
23	0.00428	0.00355	0.00380	0.00383	0.00490	0.00307	0.00285	0.00523	0.00797	0.00976	0.09432	0.08468	0.69507	0.00986	0.04962	0.00144	0.00220	0.00733	0.00324	0.00300
24	0.28349	0.07682	0.06408	0.00864	0.01120	0.32236	0.16416	0.01196	0.00808	0.01146	0.00561	0.00677	0.00447	0.00333	0.00300	0.00102	0.00490	0.00251	0.00188	0.00423
25	0.43997	0.00639	0.00674	0.00549	0.00795	0.00649	0.00453	0.01391	0.00813	0.45373	0.00959	0.00899	0.00637	0.00384	0.00289	0.00109	0.00287	0.00276	0.00332	0.00495
26	0.00872	0.11979	0.01664	0.01198	0.07330	0.01903	0.46420	0.11655	0.00919	0.01208	0.01023	0.01158	0.10227	0.00384	0.00378	0.00110	0.00481	0.00402	0.00214	0.00473
27	0.12021	0.00442	0.00477	0.00421	0.00569	0.00434	0.00332	0.01076	0.00790	0.22831	0.01129	0.01193	0.00831	0.00407	0.00270	0.00092	0.00212	0.00318	0.55750	0.00404
28	0.63343	0.00657	0.00609	0.00513	0.00748	0.00708	0.00423	0.01242	0.00723	0.26998	0.00763	0.00762	0.00530	0.00360	0.00259	0.00109	0.00281	0.00240	0.00284	0.00448
29	0.00429	0.00355	0.00362	0.00361	0.00466	0.00303	0.00262	0.00509	0.00773	0.00928	0.04439	0.03257	0.74510	0.10811	0.00574	0.00144	0.00197	0.00716	0.00315	0.00288
30	0.00441	0.00353	0.00364	0.00364	0.00453	0.00309	0.00254	0.00507	0.00730	0.00885	0.02952	0.03119	0.64177	0.22674	0.00762	0.00175	0.00219	0.00686	0.00299	0.00276
31	0.00554	0.00390	0.00522	0.00583	0.00643	0.00390	0.00479	0.00676	0.00736	0.00961	0.01676	0.03556	0.01841	0.22735	0.00815	0.00207	0.00329	0.62315	0.00297	0.00297
32	0.00513	0.00342	0.00384	0.00384	0.00384	0.00342	0.00214	0.00513	0.00513	0.00683	0.01110	0.02306	0.01281	0.87614	0.01794	0.00342	0.00342	0.00513	0.00214	0.00214
33	0.00942	0.87826	0.01847	0.00603	0.00905	0.01395	0.00603	0.01055	0.00716	0.00829	0.00490	0.00565	0.00452	0.00302	0.00226	0.00075	0.00377	0.00188	0.00151	0.00452
34	0.00643	0.00409	0.00528	0.00479	0.00590	0.00383	0.00366	0.00849	0.05435	0.11054	0.71202	0.02399	0.02926	0.00675	0.00406	0.00111	0.00188	0.00592	0.00392	0.00375
35	0.00927	0.00863	0.00820	0.00739	0.00936	0.10637	0.00572	0.01820	0.75194	0.01404	0.01333	0.01237	0.01005	0.00465	0.00354	0.00116	0.00320	0.00379	0.00338	0.00541
36	0.01346	0.00977	0.01051	0.00806	0.01088	0.01077	0.00666	0.81990	0.01639	0.04497	0.00861	0.00856	0.00607	0.00423	0.00353	0.00106	0.00385	0.00318	0.00355	0.00599
37	0.00677	0.00639	0.01079	0.81895	0.07206	0.00786	0.00985	0.00911	0.00710	0.00915	0.00629	0.00936	0.00475	0.00350	0.00352	0.00117	0.00467	0.00313	0.00158	0.00401
38	0.00450	0.00525	0.10130	0.00431	0.00596	0.00357	0.00386	0.00576	0.00797	0.00971	0.03234	0.03089	0.75568	0.00829	0.00407	0.00118	0.00218	0.00689	0.00307	0.00323
39	0.00911	0.00774	0.00816	0.00724	0.00930	0.00893	0.00566	0.08027	0.78568	0.01530	0.01391	0.01280	0.01040	0.00474	0.00358	0.00119	0.00287	0.00392	0.00358	0.00561
40	0.00618	0.00417	0.00591	0.00576	0.00650	0.00469	0.00455	0.00740	0.00633	0.07209	0.01077	0.01685	0.01013	0.07595	0.53817	0.00416	0.06103	0.09834	0.05768	0.00336
41	0.00930	0.00798	0.01350	0.07402	0.58806	0.00819	0.06140	0.01128	0.00802	0.10779	0.00732	0.00911	0.00580	0.00352	0.00414	0.00111	0.06887	0.00324	0.00202	0.00534
42	0.01317	0.01661	0.01000	0.00905	0.01090	0.83878	0.00681	0.03666	0.01017	0.00900	0.00553	0.00641	0.00458	0.00365	0.00319	0.00091	0.00629	0.00229	0.00186	0.00414
43	0.00480	0.00353	0.00450	0.00440	0.00519	0.00322	0.00324	0.00623	0.00931	0.01290	0.64497	0.14311	0.12564	0.00793	0.00420	0.00116	0.00173	0.00699	0.00373	0.00322
44	0.00819	0.00769	0.06331	0.00584	0.00900	0.05843	0.00498	0.00986	0.00766	0.06372	0.00669	0.00755	0.00535	0.00283	0.00275	0.00062	0.00304	0.00222	0.00217	0.72809
45	0.01128	0.01333	0.01001	0.06330	0.10763	0.56372	0.00712	0.02728	0.06457	0.01002	0.06954	0.00881	0.00725	0.00396	0.00347	0.00099	0.01845	0.00287	0.00209	0.00432
46	0.00630	0.00359	0.00530	0.00512	0.00512	0.00395	0.00359	0.00504	0.00468	0.00639	0.00595	0.01037	0.00595	0.01155	0.01352	0.79497	0.10220	0.00306	0.00153	0.00180
47	0.00641	0.00580	0.00799	0.00733	0.00763	0.00742	0.00595	0.00731	0.00636	0.00914	0.06339	0.12587	0.07430	0.01891	0.05403	0.01529	0.47194	0.09921	0.00226	0.00347
48	0.00810	0.00689	0.01108	0.60043	0.16875	0.00799	0.00945	0.07211	0.00812	0.06330	0.00697	0.00937	0.00520	0.00356	0.00352	0.00114	0.00444	0.00316	0.00192	0.00449
49	0.01007	0.54930	0.06797	0.06130	0.06594	0.07521	0.00697	0.01153	0.00777	0.10580	0.00626	0.00698	0.00508	0.00328	0.00270	0.00087	0.00405	0.00231	0.00188	0.00473
50	0.00450	0.00315	0.00403	0.00464	0.00479	0.00300	0.00299	0.00496	0.00634	0.00845	0.01734	0.66016	0.02067	0.22832	0.00787	0.00193	0.00239	0.00879	0.00299	0.00268
51	0.00657	0.00781	0.13779	0.11002	0.07384	0.05913	0.05850	0.00889	0.02798	0.01159	0.32102	0.01626	0.03414	0.00757	0.10199	0.00163	0.00423	0.00445	0.00257	0.00401
52	0.00826	0.00706	0.00944	0.56001	0.01857	0.10463	0.00810	0.01012	0.00773	0.11442	0.00868	0.11184	0.00739	0.00453	0.00360	0.00116	0.00436	0.00390	0.00214	0.00407
53	0.00609	0.00384	0.00494	0.00458	0.00562	0.00347	0.00346	0.00756	0.00955	0.10964	0.60759	0.08115	0.12430	0.00733	0.00411	0.00114	0.00185	0.00641	0.00382	0.00356

[dist]
# distance from previous block
# <min> <max>
0	4

[block]
# block no. 6 follows, 79 sequences, length 19
# corresponding to MSA columns:
# 435-453
name=unknown_G
#
# <colnr> <probs for GDERKNQSTAVLIFYWHMCP>
#	G	D	E	R	K	N	Q	S	T	A	V	L	I	F	Y	W	H	M	C	P
0	0.16711	0.00521	0.00470	0.00442	0.00553	0.07221	0.00340	0.00879	0.00774	0.01326	0.16146	0.01345	0.01195	0.00456	0.00312	0.00096	0.03512	0.00351	0.47003	0.00347
1	0.00823	0.01510	0.57931	0.00886	0.01305	0.08990	0.01039	0.01142	0.00810	0.08087	0.07366	0.00919	0.00715	0.00371	0.00336	0.00105	0.00468	0.00291	0.00199	0.06707
2	0.03089	0.14732	0.09335	0.00909	0.04292	0.59984	0.00738	0.01305	0.00915	0.00908	0.00548	0.00643	0.00455	0.00348	0.00305	0.00091	0.00569	0.00227	0.00174	0.00431
3	0.00625	0.00469	0.00560	0.00564	0.07586	0.00395	0.00388	0.00743	0.00814	0.09208	0.04422	0.02474	0.52974	0.00683	0.00377	0.00105	0.00225	0.00572	0.00305	0.16512
4	0.00756	0.00665	0.00857	0.00818	0.16114	0.00536	0.00538	0.00923	0.00744	0.01149	0.00633	0.00756	0.00529	0.00271	0.00277	0.00062	0.00289	0.00228	0.00203	0.73653
5	0.00451	0.00363	0.00408	0.00426	0.00528	0.00319	0.00331	0.00558	0.00811	0.01003	0.09597	0.09277	0.57997	0.00908	0.00431	0.00128	0.00206	0.15620	0.00332	0.00304
6	0.00503	0.00354	0.00432	0.00415	0.00487	0.00330	0.00297	0.00630	0.00869	0.01221	0.54644	0.02571	0.12365	0.16416	0.00653	0.00152	0.00199	0.00606	0.06550	0.00307
7	0.00438	0.00329	0.00406	0.00447	0.00505	0.00297	0.00312	0.00525	0.00765	0.01004	0.17004	0.50397	0.24327	0.00981	0.00435	0.00131	0.00191	0.00870	0.00338	0.00297
8	0.00620	0.00361	0.00391	0.00398	0.00478	0.00364	0.00292	0.00830	0.07288	0.01260	0.08247	0.16971	0.01374	0.00567	0.00306	0.00098	0.00181	0.00481	0.59155	0.00339
9	0.58252	0.00652	0.00626	0.00522	0.00760	0.00693	0.00431	0.01281	0.00747	0.31834	0.00814	0.00798	0.00558	0.00366	0.00267	0.00109	0.00282	0.00250	0.00297	0.00460
10	0.01317	0.01680	0.00999	0.00908	0.01090	0.86199	0.00681	0.01407	0.00999	0.00863	0.00545	0.00636	0.00454	0.00363	0.00318	0.00091	0.00636	0.00227	0.00182	0.00409
11	0.00872	0.00837	0.01431	0.02163	0.85415	0.00837	0.01082	0.01082	0.00802	0.01151	0.00663	0.00872	0.00558	0.00314	0.00349	0.00105	0.00419	0.00314	0.00174	0.00558
12	0.00462	0.00359	0.00420	0.00405	0.00504	0.00317	0.00303	0.00594	0.00910	0.01206	0.48540	0.02974	0.40144	0.00798	0.00416	0.00115	0.00172	0.00685	0.00361	0.00317
13	0.00942	0.87826	0.01847	0.00603	0.00905	0.01395	0.00603	0.01055	0.00716	0.00829	0.00490	0.00565	0.00452	0.00302	0.00226	0.00075	0.00377	0.00188	0.00151	0.00452
14	0.00460	0.00355	0.00420	0.00412	0.00505	0.00315	0.00306	0.00587	0.00894	0.01188	0.45875	0.09630	0.36140	0.00820	0.00419	0.00117	0.00174	0.00709	0.00359	0.00315
15	0.01027	0.00741	0.01195	0.01634	0.57275	0.00716	0.00877	0.01209	0.00857	0.23371	0.01056	0.01134	0.06531	0.00386	0.00355	0.00107	0.00371	0.00355	0.00254	0.00551
16	0.00861	0.25445	0.39104	0.01093	0.16466	0.09240	0.01009	0.01121	0.00772	0.01019	0.00590	0.00707	0.00469	0.00325	0.00306	0.00098	0.00474	0.00247	0.00157	0.00498
17	0.00783	0.00817	0.01047	0.71257	0.02186	0.16213	0.00925	0.00992	0.00758	0.00894	0.00612	0.00885	0.00467	0.00354	0.00346	0.00113	0.00500	0.00298	0.00161	0.00395
18	0.00813	0.00770	0.01337	0.01824	0.62034	0.00765	0.09022	0.01023	0.00807	0.01132	0.00885	0.01440	0.00822	0.00432	0.00380	0.00116	0.00419	0.15269	0.00202	0.00508

[dist]
# distance from previous block
# <min> <max>
0	1

[block]
# block no. 7 follows, 79 sequences, length 8
# corresponding to MSA columns:
# 455-462
name=unknown_H
#
# <colnr> <probs for GDERKNQSTAVLIFYWHMCP>
#	G	D	E	R	K	N	Q	S	T	A	V	L	I	F	Y	W	H	M	C	P
0	0.00518	0.00354	0.00430	0.00411	0.00498	0.00327	0.00308	0.00674	0.00925	0.01337	0.59195	0.02482	0.13212	0.00684	0.00384	0.00107	0.00167	0.00593	0.17067	0.00327
1	0.01009	0.17254	0.01399	0.01519	0.46764	0.13323	0.00882	0.11616	0.00923	0.01184	0.00637	0.00777	0.00529	0.00333	0.00322	0.00097	0.00438	0.00278	0.00194	0.00522
2	0.00901	0.00636	0.00921	0.00943	0.17222	0.00620	0.07010	0.01172	0.13672	0.17981	0.01031	0.01301	0.00854	0.16861	0.06912	0.00181	0.00393	0.00373	0.00268	0.10750
3	0.12834	0.00797	0.01108	0.03709	0.38780	0.00822	0.00796	0.18222	0.00987	0.17346	0.00814	0.00891	0.00600	0.00362	0.00334	0.00107	0.00372	0.00306	0.00266	0.00547
4	0.00930	0.00836	0.00955	0.01016	0.16709	0.14961	0.02788	0.03073	0.16150	0.09322	0.01020	0.11890	0.00904	0.00680	0.07078	0.00152	0.10401	0.00413	0.00257	0.00463
5	0.00473	0.00367	0.00452	0.00454	0.00548	0.00346	0.00352	0.00599	0.00813	0.01066	0.25374	0.02874	0.37327	0.01182	0.16478	0.00205	0.00335	0.10122	0.00318	0.00313
6	0.00889	0.00623	0.00807	0.07455	0.10676	0.00656	0.00608	0.01340	0.30520	0.17014	0.01520	0.07513	0.07309	0.00577	0.00383	0.00123	0.00307	0.10868	0.00328	0.00486
7	0.07265	0.10885	0.18033	0.00603	0.00830	0.06414	0.00562	0.00867	0.00663	0.00953	0.00768	0.01254	0.00752	0.31180	0.00815	0.00176	0.00382	0.00324	0.00190	0.17085

[dist]
# distance from previous block
# <min> <max>
0	1

[block]
# block no. 8 follows, 79 sequences, length 31
# corresponding to MSA columns:
# 464-494
name=unknown_I
#
# <colnr> <probs for GDERKNQSTAVLIFYWHMCP>
#	G	D	E	R	K	N	Q	S	T	A	V	L	I	F	Y	W	H	M	C	P
0	0.00648	0.00588	0.00835	0.00842	0.08588	0.00723	0.00609	0.00753	0.00693	0.01011	0.19289	0.19827	0.01498	0.00716	0.00768	0.00138	0.41332	0.00530	0.00244	0.00369
1	0.00842	0.00671	0.01024	0.41731	0.17979	0.00733	0.00831	0.08277	0.00850	0.10104	0.01007	0.01164	0.08411	0.00406	0.00354	0.00110	0.00398	0.00353	0.00225	0.04529
2	0.08196	0.00781	0.01193	0.08972	0.41118	0.00846	0.04674	0.10293	0.00847	0.01242	0.00759	0.01131	0.00666	0.00423	0.00441	0.00118	0.09621	0.07984	0.00208	0.00490
3	0.00797	0.12323	0.01358	0.01544	0.47922	0.00830	0.08584	0.00984	0.00742	0.01034	0.00706	0.00950	0.00612	0.00819	0.19069	0.00203	0.00544	0.00321	0.00175	0.00483
4	0.01155	0.11123	0.01008	0.00801	0.00987	0.65299	0.00617	0.01248	0.00941	0.00871	0.00941	0.00994	0.11740	0.00427	0.00321	0.00093	0.00546	0.00291	0.00198	0.00399
5	0.00517	0.00402	0.00510	0.00518	0.00606	0.00396	0.00378	0.00689	0.08026	0.00962	0.01685	0.41447	0.10168	0.01306	0.20950	0.00230	0.00391	0.00689	0.00284	0.09844
6	0.00776	0.10702	0.17509	0.01129	0.05239	0.00830	0.40285	0.01046	0.00808	0.01137	0.08550	0.01053	0.00801	0.00355	0.00362	0.00108	0.00471	0.00369	0.08010	0.00459
7	0.00504	0.00374	0.00547	0.00547	0.00603	0.00430	0.00416	0.00617	0.00561	0.00804	0.00962	0.01483	0.00924	0.11689	0.77230	0.00542	0.00880	0.00392	0.00191	0.00304
8	0.00522	0.00357	0.00460	0.00453	0.00503	0.00371	0.00322	0.00623	0.00672	0.00974	0.21208	0.01966	0.01595	0.28685	0.29487	0.00332	0.00481	0.00477	0.10225	0.00289
9	0.00837	0.49445	0.39307	0.00782	0.01182	0.01137	0.00915	0.01082	0.00729	0.00957	0.00554	0.00645	0.00450	0.00316	0.00275	0.00092	0.00441	0.00221	0.00150	0.00483
10	0.00426	0.00357	0.00370	0.00367	0.00482	0.00301	0.00275	0.00524	0.00825	0.01004	0.12689	0.03307	0.76122	0.00873	0.00416	0.00118	0.00177	0.00732	0.00334	0.00301
11	0.01340	0.00987	0.01058	0.00811	0.01093	0.01093	0.00670	0.84240	0.01657	0.02221	0.00846	0.00846	0.00599	0.00423	0.00353	0.00106	0.00388	0.00317	0.00353	0.00599
12	0.01581	0.00600	0.00818	0.00627	0.00900	0.00518	0.00518	0.01718	0.01009	0.85660	0.01390	0.01200	0.00872	0.00436	0.00354	0.00109	0.00300	0.00354	0.00436	0.00600
13	0.00849	0.00814	0.01389	0.11611	0.76149	0.00831	0.01070	0.01061	0.00792	0.01123	0.00659	0.00880	0.00548	0.00318	0.00349	0.00106	0.00424	0.00314	0.00172	0.00540
14	0.01201	0.00918	0.00979	0.00783	0.01040	0.01028	0.00636	0.59508	0.26616	0.01997	0.01023	0.00987	0.00742	0.00440	0.00354	0.00110	0.00355	0.00342	0.00354	0.00587
15	0.10741	0.01382	0.00910	0.00816	0.01011	0.60541	0.00622	0.01445	0.10312	0.07973	0.00708	0.00751	0.00550	0.00378	0.00315	0.00097	0.00530	0.00253	0.00226	0.00438
16	0.00549	0.00444	0.00653	0.00627	0.00680	0.00549	0.00497	0.00666	0.00562	0.00823	0.00862	0.01280	0.00810	0.02299	0.71788	0.00496	0.15537	0.00366	0.00183	0.00327
17	0.01269	0.01600	0.01006	0.00909	0.01075	0.78752	0.00689	0.01358	0.00959	0.00861	0.00538	0.00647	0.00455	0.00385	0.00391	0.00096	0.08189	0.00234	0.00179	0.00407
18	0.00512	0.00345	0.00401	0.00401	0.00407	0.00351	0.00235	0.00523	0.00518	0.00696	0.01095	0.02221	0.01244	0.79731	0.09627	0.00363	0.00398	0.00500	0.00211	0.00223
19	0.08195	0.18728	0.52571	0.00838	0.01263	0.00897	0.01000	0.01165	0.00756	0.10538	0.00677	0.00745	0.00490	0.00339	0.00306	0.00104	0.00447	0.00251	0.00187	0.00505
20	0.00776	0.00738	0.01284	0.02804	0.56752	0.00728	0.10193	0.00973	0.00805	0.01136	0.08230	0.12085	0.01023	0.00449	0.00375	0.00112	0.00389	0.00442	0.00213	0.00492
21	0.00731	0.00626	0.00731	0.00522	0.00835	0.00470	0.00418	0.00887	0.00731	0.01148	0.00626	0.00731	0.00522	0.00261	0.00261	0.00052	0.00261	0.00209	0.00209	0.89768
22	0.00513	0.00342	0.00384	0.00384	0.00384	0.00342	0.00214	0.00513	0.00513	0.00683	0.01110	0.02306	0.01281	0.87614	0.01794	0.00342	0.00342	0.00513	0.00214	0.00214
23	0.00477	0.00355	0.00450	0.00515	0.00554	0.00349	0.00352	0.00638	0.09628	0.00961	0.01888	0.78221	0.02197	0.01038	0.00440	0.00141	0.00212	0.00938	0.00331	0.00315
24	0.00608	0.00414	0.00615	0.00688	0.09566	0.00440	0.00440	0.00597	0.00586	0.00814	0.08211	0.10886	0.01079	0.05089	0.08952	0.42647	0.07474	0.00430	0.00201	0.00264
25	0.00538	0.00336	0.00442	0.00493	0.00533	0.00312	0.00333	0.00600	0.00689	0.08295	0.01817	0.71950	0.02106	0.09072	0.00566	0.00159	0.00226	0.00900	0.00326	0.00307
26	0.04386	0.00634	0.00804	0.00640	0.00896	0.00599	0.00521	0.01726	0.17685	0.66090	0.01369	0.01202	0.00897	0.00441	0.00351	0.00111	0.00295	0.00358	0.00413	0.00584
27	0.00672	0.00636	0.01081	0.83876	0.03830	0.00786	0.02396	0.00907	0.00709	0.00909	0.00629	0.00939	0.00472	0.00351	0.00353	0.00117	0.00471	0.00315	0.00157	0.00396
28	0.00885	0.00806	0.01244	0.01737	0.61621	0.00824	0.00922	0.09961	0.08685	0.01279	0.00993	0.01118	0.07570	0.00388	0.00356	0.00107	0.00383	0.00358	0.00223	0.00541
29	0.00436	0.00310	0.00407	0.00482	0.00501	0.00291	0.00318	0.00493	0.00661	0.00882	0.01874	0.80395	0.02245	0.08211	0.00560	0.00159	0.00216	0.00962	0.00318	0.00280
30	0.00740	0.00528	0.00621	0.00563	0.00696	0.00558	0.00428	0.03037	0.28910	0.08758	0.29411	0.01891	0.03574	0.10040	0.08497	0.00180	0.00312	0.00490	0.00343	0.00422

[dist]
# distance from previous block
# <min> <max>
0	1

[block]
# block no. 9 follows, 79 sequences, length 28
# corresponding to MSA columns:
# 496-523
name=unknown_J
#
# <colnr> <probs for GDERKNQSTAVLIFYWHMCP>
#	G	D	E	R	K	N	Q	S	T	A	V	L	I	F	Y	W	H	M	C	P
0	0.01138	0.09894	0.05248	0.05401	0.04642	0.58477	0.00712	0.01290	0.03846	0.00912	0.00733	0.00819	0.04662	0.00383	0.00319	0.00095	0.00552	0.00264	0.00189	0.00423
1	0.00847	0.08273	0.05184	0.00680	0.00999	0.01570	0.08757	0.06831	0.02175	0.04930	0.00685	0.00776	0.00543	0.00295	0.00290	0.00071	0.00332	0.00247	0.00220	0.56296
2	0.08513	0.13453	0.08530	0.01775	0.01151	0.07226	0.13899	0.14942	0.14670	0.07321	0.00819	0.00875	0.00616	0.00383	0.00366	0.00108	0.04294	0.00308	0.00251	0.00501
3	0.00429	0.00307	0.00409	0.00491	0.00511	0.00286	0.00327	0.00491	0.00675	0.00900	0.01943	0.87384	0.02331	0.01104	0.00450	0.00143	0.00204	0.01002	0.00327	0.00286
4	0.00750	0.06234	0.52649	0.00887	0.01272	0.09087	0.05098	0.01762	0.00795	0.01085	0.08089	0.01101	0.05182	0.04036	0.00403	0.00118	0.00471	0.00330	0.00188	0.00464
5	0.00501	0.00337	0.00388	0.00399	0.00402	0.00334	0.00229	0.00510	0.00535	0.00713	0.01223	0.13847	0.01424	0.75879	0.01612	0.00315	0.00323	0.00579	0.00229	0.00223
6	0.00560	0.00415	0.00509	0.00474	0.00579	0.00403	0.00359	0.00825	0.11743	0.02949	0.65214	0.02508	0.10705	0.00700	0.00407	0.00113	0.00184	0.00611	0.00379	0.00363
7	0.01444	0.00725	0.05980	0.00676	0.00958	0.00623	0.00584	0.09716	0.08278	0.65177	0.01295	0.01148	0.00838	0.00432	0.00353	0.00110	0.00320	0.00349	0.00404	0.00591
8	0.03445	0.02487	0.05116	0.00771	0.01021	0.32497	0.00635	0.12173	0.03339	0.32543	0.00925	0.00894	0.00644	0.00397	0.00333	0.00101	0.00446	0.00291	0.00302	0.01641
9	0.00639	0.00527	0.00609	0.00485	0.00705	0.00429	0.00379	0.04228	0.00826	0.01183	0.15030	0.05489	0.19010	0.00514	0.00331	0.00082	0.00231	0.00432	0.00274	0.48599
10	0.01464	0.08316	0.00956	0.00684	0.00947	0.13202	0.00564	0.09657	0.01045	0.57792	0.01136	0.01028	0.00748	0.00413	0.00338	0.00103	0.00364	0.00318	0.00366	0.00559
11	0.00429	0.00307	0.00409	0.00491	0.00511	0.00286	0.00327	0.00491	0.00675	0.00900	0.01943	0.87384	0.02331	0.01104	0.00450	0.00143	0.00204	0.01002	0.00327	0.00286
12	0.01275	0.00776	0.13587	0.03067	0.01054	0.00572	0.04766	0.01462	0.00925	0.57545	0.01276	0.04883	0.00916	0.00474	0.00367	0.00115	0.00350	0.05682	0.00361	0.00545
13	0.00832	0.00660	0.00767	0.00555	0.00864	0.00533	0.00447	0.09051	0.00835	0.05423	0.00686	0.00765	0.00547	0.00285	0.00275	0.00060	0.00275	0.00227	0.00234	0.76679
14	0.00872	0.00614	0.00729	0.00559	0.00827	0.00521	0.00446	0.01143	0.12455	0.15535	0.09112	0.01077	0.00931	0.00366	0.00305	0.00077	0.00261	0.00302	0.00286	0.53582
15	0.00804	0.10058	0.59641	0.00921	0.01351	0.08243	0.01087	0.01230	0.11300	0.01111	0.00712	0.00789	0.00527	0.00352	0.00326	0.00107	0.00486	0.00268	0.00178	0.00509
16	0.00707	0.00414	0.00527	0.00472	0.00589	0.00380	0.00356	0.00867	0.03217	0.17160	0.51931	0.02361	0.09668	0.09143	0.00537	0.00134	0.00213	0.00575	0.00374	0.00374
17	0.00958	0.01046	0.06204	0.01038	0.01979	0.20922	0.32393	0.01233	0.08323	0.07708	0.07432	0.01110	0.00840	0.04687	0.00453	0.00121	0.01555	0.00374	0.00232	0.01392
18	0.00482	0.00361	0.00470	0.00461	0.00541	0.00349	0.00347	0.00619	0.00844	0.01164	0.46486	0.07493	0.16645	0.01226	0.20673	0.00222	0.00354	0.00616	0.00327	0.00320
19	0.05363	0.71285	0.01648	0.00624	0.00907	0.05733	0.00594	0.02440	0.06914	0.00937	0.00568	0.00629	0.00497	0.00321	0.00242	0.00082	0.00378	0.00208	0.00174	0.00457
20	0.00814	0.00799	0.12730	0.00810	0.02839	0.01566	0.13966	0.04467	0.01554	0.11714	0.04718	0.03524	0.09131	0.00603	0.04882	0.00132	0.02047	0.07517	0.00260	0.15927
21	0.02640	0.12859	0.24916	0.00873	0.03256	0.14191	0.06578	0.02015	0.00818	0.14122	0.00842	0.09233	0.00708	0.00438	0.00379	0.00109	0.04982	0.00346	0.00222	0.00472
22	0.00705	0.00515	0.02704	0.08059	0.00894	0.00497	0.05957	0.05171	0.00816	0.11928	0.10441	0.41358	0.01745	0.00781	0.00448	0.00130	0.04167	0.02991	0.00313	0.00380
23	0.09281	0.00545	0.07869	0.00598	0.01784	0.00447	0.00515	0.00736	0.00750	0.02426	0.01775	0.22985	0.12355	0.00822	0.00414	0.00135	0.00286	0.30953	0.00294	0.05029
24	0.08679	0.02510	0.21687	0.00936	0.03854	0.00765	0.17307	0.02923	0.09503	0.21515	0.00917	0.00974	0.00654	0.00483	0.04591	0.00135	0.01468	0.00330	0.00258	0.00512
25	0.00901	0.08433	0.11733	0.03355	0.09113	0.00815	0.34928	0.01160	0.02175	0.11691	0.03090	0.00947	0.00644	0.00333	0.00358	0.00105	0.00461	0.00344	0.00215	0.09199
26	0.00742	0.00562	0.00785	0.00783	0.08074	0.00609	0.03557	0.17361	0.00846	0.03189	0.01025	0.05302	0.00954	0.05208	0.42633	0.00348	0.00654	0.06724	0.00243	0.00400
27	0.00904	0.02464	0.14832	0.06471	0.07702	0.11271	0.18019	0.08263	0.00914	0.06273	0.08998	0.01157	0.00870	0.00410	0.00377	0.00109	0.01814	0.04048	0.00230	0.04873

[dist]
# distance from previous block
# <min> <max>
1	5

[block]
# block no. 10 follows, 79 sequences, length 11
# corresponding to MSA columns:
# 529-539
name=unknown_K
#
# <colnr> <probs for GDERKNQSTAVLIFYWHMCP>
#	G	D	E	R	K	N	Q	S	T	A	V	L	I	F	Y	W	H	M	C	P
0	0.00866	0.15087	0.48964	0.00833	0.01227	0.00817	0.00970	0.01153	0.00772	0.14818	0.00802	0.00957	0.00608	0.00547	0.06948	0.00142	0.00488	0.03296	0.00205	0.00500
1	0.00610	0.00443	0.00577	0.00606	0.00695	0.00453	0.00492	0.10128	0.00861	0.01144	0.06042	0.22476	0.03709	0.01094	0.09080	0.00188	0.00355	0.40382	0.00318	0.00346
2	0.00873	0.14676	0.24853	0.02302	0.15471	0.06919	0.09120	0.01176	0.07999	0.04340	0.00733	0.02737	0.00589	0.00377	0.00389	0.00108	0.06344	0.00307	0.00192	0.00494
3	0.00838	0.09948	0.14763	0.02977	0.09945	0.02358	0.24766	0.02345	0.02366	0.08163	0.09455	0.01244	0.07348	0.00417	0.00375	0.00110	0.01492	0.00391	0.00230	0.00470
4	0.01581	0.00600	0.00818	0.00627	0.00900	0.00518	0.00518	0.01718	0.01009	0.85660	0.01390	0.01200	0.00872	0.00436	0.00354	0.00109	0.00300	0.00354	0.00436	0.00600
5	0.02653	0.07514	0.06131	0.09443	0.01219	0.02979	0.09944	0.09682	0.13452	0.31779	0.01040	0.01027	0.00721	0.00397	0.00347	0.00109	0.00383	0.00336	0.00310	0.00534
6	0.01070	0.09911	0.10763	0.02710	0.07630	0.06764	0.12293	0.02910	0.04594	0.27551	0.01031	0.09475	0.00819	0.00443	0.00354	0.00110	0.00402	0.00387	0.00278	0.00504
7	0.00796	0.00492	0.00732	0.00666	0.00807	0.00471	0.07605	0.00974	0.03239	0.19663	0.16736	0.13124	0.01860	0.00747	0.00445	0.00134	0.02178	0.28584	0.00346	0.00402
8	0.00860	0.09451	0.03820	0.00609	0.00926	0.00602	0.04827	0.01025	0.00769	0.11376	0.00710	0.00783	0.00556	0.00291	0.00279	0.00067	0.00304	0.00237	0.00227	0.62281
9	0.00473	0.00453	0.06995	0.00519	0.00611	0.00342	0.00403	0.00571	0.00697	0.00941	0.01904	0.65592	0.10388	0.00959	0.00423	0.00131	0.00231	0.00858	0.00304	0.07204
10	0.00725	0.00931	0.22385	0.00645	0.01011	0.00559	0.00643	0.00946	0.00734	0.01140	0.00628	0.00734	0.00503	0.00280	0.00280	0.00067	0.00327	0.00222	0.00194	0.67047

[dist]
# distance from previous block
# <min> <max>
0	8

# created by:
# /home/cegg/simao/soft/augustus-3.2.1/scripts/msa2prfl.pl ./align_prep/EOG092C4F6L.fa
