[name]
unknown

[dist]
# distance from previous block
# <min> <max>
0	30

[block]
# block no. 0 follows, 79 sequences, length 20
# corresponding to MSA columns:
# 30-49
name=unknown_A
#
# <colnr> <probs for GDERKNQSTAVLIFYWHMCP>
#	G	D	E	R	K	N	Q	S	T	A	V	L	I	F	Y	W	H	M	C	P
0	0.00845	0.39949	0.20562	0.00718	0.01019	0.01001	0.00751	0.03554	0.06858	0.03787	0.00892	0.01337	0.00813	0.00458	0.00318	0.00105	0.00390	0.15967	0.00214	0.00460
1	0.00891	0.21493	0.18550	0.00704	0.01039	0.04186	0.00695	0.13803	0.04268	0.01229	0.00719	0.00787	0.02256	0.00336	0.00291	0.00084	0.00375	0.00251	0.00212	0.27832
2	0.04314	0.05708	0.06313	0.00932	0.05296	0.04387	0.21363	0.15599	0.07326	0.03400	0.07280	0.01270	0.05939	0.06933	0.00468	0.00126	0.00408	0.00391	0.00255	0.02292
3	0.00694	0.04340	0.03811	0.00586	0.02633	0.06824	0.00459	0.05023	0.00847	0.05296	0.21804	0.05567	0.13592	0.05170	0.15092	0.00195	0.00398	0.00486	0.00282	0.06901
4	0.00827	0.00612	0.01939	0.05717	0.02776	0.05913	0.02303	0.02069	0.03356	0.15568	0.03876	0.14904	0.02584	0.17074	0.00645	0.00149	0.02262	0.00464	0.00274	0.16687
5	0.00921	0.00782	0.01128	0.09921	0.32875	0.04027	0.04372	0.05306	0.06381	0.09034	0.00801	0.00972	0.00634	0.00362	0.00365	0.00101	0.03199	0.02008	0.01057	0.15755
6	0.00530	0.00555	0.10391	0.00577	0.04215	0.00427	0.00469	0.00682	0.02455	0.01032	0.20556	0.02227	0.27117	0.07349	0.14520	0.05379	0.00371	0.00537	0.00274	0.00336
7	0.00761	0.00644	0.00747	0.00536	0.00848	0.00501	0.00430	0.05013	0.00777	0.01202	0.00637	0.00737	0.00526	0.00269	0.00266	0.00055	0.00267	0.00214	0.00216	0.85355
8	0.01014	0.28555	0.01207	0.00770	0.02350	0.31744	0.02648	0.01288	0.16784	0.00980	0.00823	0.07819	0.00737	0.01432	0.00327	0.00099	0.00443	0.00320	0.00217	0.00443
9	0.00464	0.00341	0.00463	0.00515	0.00548	0.00343	0.00361	0.00538	0.00649	0.00883	0.01666	0.62610	0.01941	0.05412	0.15279	0.00224	0.02629	0.02846	0.00291	0.01998
10	0.03747	0.06405	0.21460	0.04639	0.08621	0.02532	0.03880	0.06248	0.10292	0.06881	0.05633	0.08125	0.00892	0.00437	0.00341	0.00106	0.00377	0.00369	0.00245	0.08770
11	0.00487	0.00354	0.00469	0.00485	0.00555	0.00321	0.02581	0.00584	0.00781	0.03637	0.19158	0.48212	0.19175	0.00941	0.00432	0.00130	0.00205	0.00840	0.00339	0.00313
12	0.01143	0.00725	0.00943	0.00735	0.00984	0.00718	0.07958	0.28496	0.03857	0.25380	0.04116	0.07899	0.00925	0.00560	0.04045	0.00125	0.00365	0.00396	0.00337	0.10291
13	0.00811	0.11592	0.22443	0.01207	0.06949	0.02502	0.37192	0.01103	0.03003	0.01074	0.00756	0.00920	0.03206	0.00351	0.00407	0.00112	0.05374	0.00344	0.00176	0.00479
14	0.00768	0.03939	0.00945	0.06850	0.10580	0.03920	0.05390	0.03004	0.01781	0.06363	0.00978	0.18942	0.00963	0.00810	0.08522	0.03409	0.18634	0.00464	0.03340	0.00398
15	0.00708	0.00517	0.02692	0.06230	0.00831	0.00485	0.05146	0.03017	0.02044	0.13831	0.18616	0.08086	0.25064	0.01845	0.05514	0.00148	0.03958	0.00565	0.00316	0.00386
16	0.00578	0.07235	0.00604	0.00522	0.03635	0.00505	0.00336	0.00610	0.00545	0.00735	0.00984	0.01930	0.01097	0.64423	0.08158	0.00316	0.06865	0.00454	0.00201	0.00266
17	0.04516	0.00676	0.07605	0.02099	0.03955	0.03809	0.04386	0.06103	0.10413	0.02628	0.15395	0.20060	0.14146	0.00673	0.00402	0.00120	0.01731	0.00581	0.00301	0.00401
18	0.03786	0.00402	0.00485	0.00511	0.00580	0.00397	0.00360	0.06380	0.04372	0.03808	0.04057	0.60171	0.07747	0.04602	0.00481	0.00143	0.00229	0.00830	0.00327	0.00332
19	0.03116	0.02378	0.01104	0.06779	0.14109	0.08430	0.08948	0.20848	0.16711	0.06398	0.00967	0.06955	0.00783	0.00438	0.00358	0.00111	0.00399	0.00378	0.00277	0.00513

[dist]
# distance from previous block
# <min> <max>
0	23

[block]
# block no. 1 follows, 79 sequences, length 23
# corresponding to MSA columns:
# 73-95
name=unknown_B
#
# <colnr> <probs for GDERKNQSTAVLIFYWHMCP>
#	G	D	E	R	K	N	Q	S	T	A	V	L	I	F	Y	W	H	M	C	P
0	0.04736	0.03846	0.00863	0.00658	0.00902	0.03914	0.00538	0.25948	0.05019	0.36354	0.03991	0.02458	0.08223	0.00481	0.00352	0.00108	0.00323	0.00380	0.00367	0.00538
1	0.00752	0.00639	0.03769	0.12424	0.11413	0.02038	0.02939	0.06104	0.04495	0.07745	0.08487	0.16234	0.09944	0.03381	0.00488	0.00128	0.06595	0.01735	0.00273	0.00416
2	0.00881	0.05315	0.26654	0.02896	0.29995	0.05492	0.03298	0.04948	0.06548	0.04966	0.00791	0.03051	0.01430	0.00375	0.00356	0.00108	0.01851	0.00319	0.00203	0.00520
3	0.01012	0.02871	0.14590	0.04080	0.08430	0.03509	0.01932	0.09309	0.12804	0.20455	0.01621	0.02436	0.02274	0.04302	0.01545	0.00126	0.04232	0.00349	0.00281	0.03842
4	0.00457	0.00325	0.00416	0.00472	0.00515	0.00299	0.00325	0.00531	0.00720	0.02355	0.08323	0.64736	0.13356	0.03181	0.00475	0.00142	0.00206	0.02539	0.00331	0.00295
5	0.00594	0.00564	0.04156	0.09472	0.04006	0.01132	0.12566	0.00797	0.06983	0.00999	0.03146	0.36775	0.05706	0.04063	0.00493	0.02363	0.00329	0.05226	0.00270	0.00362
6	0.01736	0.13857	0.27714	0.04425	0.09395	0.06008	0.11496	0.06052	0.04309	0.08012	0.00749	0.00847	0.01310	0.00356	0.00351	0.00106	0.02273	0.00296	0.00204	0.00503
7	0.14680	0.00652	0.03723	0.00671	0.04675	0.02391	0.01435	0.06059	0.05247	0.29443	0.02239	0.05435	0.04157	0.06151	0.10036	0.00176	0.00385	0.00385	0.01597	0.00464
8	0.00428	0.00348	0.00379	0.00392	0.00488	0.00299	0.00286	0.00520	0.00800	0.00992	0.12026	0.19342	0.60645	0.00914	0.00423	0.00123	0.00182	0.00782	0.00334	0.00299
9	0.01395	0.02712	0.16411	0.05009	0.27684	0.01838	0.04366	0.03546	0.05656	0.03762	0.06496	0.01445	0.14786	0.02885	0.00402	0.00117	0.00378	0.00407	0.00233	0.00471
10	0.00890	0.09712	0.33326	0.01066	0.09601	0.08182	0.13061	0.06171	0.00856	0.06364	0.02218	0.04036	0.02181	0.00383	0.00345	0.00107	0.00472	0.00330	0.00203	0.00495
11	0.02295	0.24953	0.14425	0.08642	0.06426	0.15578	0.00805	0.01106	0.03508	0.02347	0.00612	0.02287	0.00522	0.00397	0.00441	0.00106	0.14659	0.00269	0.00174	0.00447
12	0.00947	0.04401	0.22553	0.01089	0.14841	0.15018	0.05680	0.12310	0.00915	0.03745	0.00766	0.06212	0.00641	0.00415	0.00389	0.00108	0.05422	0.00332	0.03730	0.00486
13	0.00637	0.00494	0.00626	0.00668	0.00761	0.05763	0.03048	0.00784	0.00811	0.03803	0.01744	0.15114	0.01889	0.00916	0.00465	0.00152	0.00335	0.61337	0.00315	0.00338
14	0.13398	0.00565	0.00707	0.00575	0.00803	0.00521	0.00466	0.01413	0.00898	0.59155	0.01429	0.07826	0.06185	0.00588	0.03730	0.00130	0.00307	0.00407	0.00382	0.00516
15	0.03291	0.04156	0.00837	0.00637	0.04153	0.05926	0.00488	0.04046	0.00774	0.01159	0.00616	0.00725	0.00513	0.00292	0.00301	0.00065	0.03395	0.00220	0.00207	0.68200
16	0.00502	0.00364	0.00493	0.00517	0.00562	0.00387	0.00373	0.00617	0.03885	0.00867	0.03661	0.27849	0.01494	0.15143	0.35749	0.02908	0.00537	0.03545	0.00251	0.00296
17	0.00521	0.00374	0.00549	0.00553	0.00615	0.00422	0.00422	0.00635	0.00587	0.02790	0.01070	0.10894	0.01054	0.05214	0.71995	0.00502	0.00828	0.00450	0.00211	0.00315
18	0.00870	0.00820	0.03570	0.23302	0.30858	0.04000	0.08728	0.06666	0.02592	0.05493	0.00756	0.03665	0.00614	0.00424	0.01972	0.00122	0.04515	0.00346	0.00203	0.00485
19	0.00741	0.00599	0.00807	0.06109	0.04043	0.01997	0.02865	0.10605	0.06903	0.03590	0.02027	0.04637	0.00887	0.08174	0.31352	0.00300	0.12244	0.01492	0.00232	0.00395
20	0.00466	0.00332	0.00434	0.00490	0.00537	0.00312	0.00347	0.00549	0.00717	0.02479	0.06972	0.60258	0.11931	0.01132	0.05798	0.00165	0.00255	0.06202	0.00324	0.00300
21	0.00935	0.00588	0.00715	0.00641	0.02208	0.02703	0.01720	0.04269	0.16279	0.21813	0.09217	0.06973	0.01251	0.00647	0.04480	0.00135	0.04893	0.05579	0.12425	0.02528
22	0.08745	0.04248	0.22674	0.00857	0.03824	0.07999	0.00801	0.10115	0.08846	0.07260	0.00844	0.00924	0.03855	0.00441	0.00485	0.00116	0.16950	0.00305	0.00229	0.00481

[dist]
# distance from previous block
# <min> <max>
1	87

[block]
# block no. 2 follows, 79 sequences, length 22
# corresponding to MSA columns:
# 198-219
name=unknown_C
#
# <colnr> <probs for GDERKNQSTAVLIFYWHMCP>
#	G	D	E	R	K	N	Q	S	T	A	V	L	I	F	Y	W	H	M	C	P
0	0.00951	0.57791	0.06140	0.04792	0.04112	0.07649	0.06262	0.05232	0.00796	0.00957	0.00549	0.00651	0.00471	0.00316	0.00269	0.00085	0.00423	0.00228	0.00167	0.02158
1	0.00856	0.07529	0.33906	0.03918	0.15855	0.02827	0.07825	0.06952	0.04289	0.04106	0.00713	0.00843	0.00543	0.01630	0.00356	0.00107	0.00452	0.00291	0.00195	0.06807
2	0.06018	0.06972	0.11814	0.01007	0.13051	0.03706	0.09457	0.12517	0.05571	0.18983	0.03806	0.02430	0.00745	0.00399	0.00358	0.00108	0.01929	0.00336	0.00271	0.00521
3	0.00530	0.05907	0.00587	0.06120	0.02372	0.00439	0.00403	0.03483	0.00729	0.00965	0.07667	0.52860	0.05725	0.08589	0.01815	0.00156	0.00262	0.00778	0.00295	0.00318
4	0.00498	0.00382	0.00549	0.03626	0.00666	0.00424	0.00434	0.00612	0.00636	0.00883	0.05223	0.21740	0.05791	0.01899	0.48978	0.00380	0.03489	0.03237	0.00240	0.00313
5	0.00946	0.12978	0.15987	0.02334	0.19068	0.08263	0.15317	0.07261	0.04433	0.06310	0.00761	0.03425	0.00607	0.00364	0.00343	0.00105	0.00459	0.00325	0.00209	0.00505
6	0.00876	0.02580	0.24717	0.07738	0.16317	0.03870	0.07115	0.15563	0.04940	0.02108	0.00793	0.05056	0.00643	0.00457	0.02915	0.00123	0.00459	0.00338	0.00217	0.03175
7	0.00456	0.00331	0.00433	0.00499	0.00541	0.00312	0.00358	0.00539	0.00713	0.00939	0.04935	0.59151	0.10472	0.03444	0.02132	0.00156	0.00237	0.13734	0.00323	0.00294
8	0.00810	0.02411	0.11174	0.02749	0.21178	0.04387	0.12101	0.06175	0.02477	0.05408	0.10505	0.12011	0.03968	0.00499	0.00374	0.00113	0.00384	0.00457	0.02357	0.00462
9	0.01106	0.05376	0.17709	0.03672	0.21249	0.04286	0.05321	0.07488	0.01811	0.27176	0.00891	0.00932	0.00628	0.00367	0.00344	0.00107	0.00416	0.00313	0.00264	0.00546
10	0.00966	0.11439	0.14274	0.04961	0.22755	0.06812	0.02327	0.05150	0.07188	0.12484	0.04412	0.03046	0.00759	0.00395	0.00348	0.00106	0.01503	0.00329	0.00237	0.00509
11	0.01218	0.01516	0.00974	0.00945	0.06593	0.73562	0.00673	0.01317	0.00969	0.00895	0.00761	0.00843	0.06031	0.00395	0.00325	0.00093	0.00584	0.00268	0.01627	0.00410
12	0.00909	0.20415	0.30333	0.01127	0.17120	0.06884	0.06695	0.03653	0.03350	0.05355	0.00675	0.00779	0.00520	0.00335	0.00320	0.00101	0.00460	0.00274	0.00185	0.00509
13	0.00909	0.04610	0.30200	0.04244	0.23829	0.02400	0.07565	0.02155	0.02346	0.13539	0.02781	0.00962	0.02141	0.00364	0.00348	0.00109	0.00441	0.00320	0.00216	0.00523
14	0.00750	0.02591	0.41858	0.06473	0.17465	0.02788	0.05642	0.01072	0.03519	0.01105	0.04183	0.01038	0.02507	0.00395	0.00391	0.00114	0.04649	0.02787	0.00183	0.00490
15	0.00462	0.00347	0.00423	0.03426	0.00571	0.00316	0.00330	0.00547	0.00747	0.02789	0.06780	0.44410	0.34467	0.02131	0.00448	0.00133	0.00206	0.00838	0.00325	0.00303
16	0.03820	0.06410	0.28075	0.01099	0.16438	0.06182	0.06424	0.03384	0.06066	0.15908	0.00821	0.00903	0.00604	0.01902	0.00363	0.00111	0.00438	0.00303	0.00229	0.00522
17	0.06001	0.03789	0.43207	0.04047	0.18833	0.00832	0.03340	0.04736	0.04650	0.04940	0.01966	0.00847	0.00566	0.00349	0.00335	0.00109	0.00450	0.00290	0.00194	0.00519
18	0.00459	0.00334	0.00415	0.00461	0.00501	0.00316	0.00311	0.01832	0.00681	0.00891	0.02015	0.54879	0.15867	0.13473	0.04536	0.01345	0.00257	0.00841	0.00303	0.00282
19	0.00877	0.18581	0.15296	0.03785	0.19316	0.05351	0.21186	0.03593	0.01893	0.01958	0.00689	0.00909	0.00564	0.00347	0.00351	0.00106	0.01465	0.03063	0.00181	0.00490
20	0.00936	0.06760	0.26743	0.05616	0.18012	0.02305	0.08875	0.09664	0.05847	0.09812	0.01616	0.00895	0.00603	0.00358	0.00345	0.00108	0.00444	0.00311	0.00222	0.00527
21	0.00856	0.04200	0.23643	0.06571	0.25622	0.06623	0.05503	0.04818	0.00823	0.04955	0.00802	0.06749	0.00692	0.00420	0.00382	0.00113	0.03433	0.03104	0.00201	0.00491

[dist]
# distance from previous block
# <min> <max>
2	10

[block]
# block no. 3 follows, 79 sequences, length 20
# corresponding to MSA columns:
# 230-249
name=unknown_D
#
# <colnr> <probs for GDERKNQSTAVLIFYWHMCP>
#	G	D	E	R	K	N	Q	S	T	A	V	L	I	F	Y	W	H	M	C	P
0	0.00790	0.12891	0.66019	0.00937	0.01407	0.00894	0.02909	0.04693	0.00788	0.03270	0.00644	0.00741	0.00468	0.00335	0.00323	0.00106	0.00488	0.00258	0.00167	0.01873
1	0.00823	0.03704	0.00785	0.00670	0.00834	0.04114	0.01716	0.15466	0.29391	0.01352	0.04136	0.25197	0.01341	0.00639	0.00395	0.00119	0.02250	0.01985	0.00321	0.04762
2	0.00729	0.19716	0.56515	0.00860	0.01273	0.00888	0.01038	0.01037	0.00714	0.01015	0.00645	0.00794	0.00507	0.00642	0.12019	0.00166	0.00548	0.00261	0.00155	0.00478
3	0.07688	0.00435	0.00546	0.00530	0.02798	0.00409	0.04122	0.00715	0.02618	0.04359	0.26346	0.13908	0.30898	0.00760	0.00401	0.00119	0.00221	0.02451	0.00330	0.00345
4	0.02152	0.00703	0.00946	0.00848	0.07499	0.03709	0.09761	0.18097	0.02287	0.19393	0.08714	0.13113	0.05246	0.00565	0.00404	0.00117	0.02565	0.03081	0.00322	0.00477
5	0.04968	0.16438	0.20409	0.00854	0.01185	0.03630	0.11512	0.11429	0.04880	0.18229	0.00821	0.00860	0.00591	0.00369	0.00346	0.00105	0.02311	0.00297	0.00250	0.00517
6	0.06744	0.00582	0.00664	0.02443	0.00788	0.03918	0.00461	0.05586	0.05450	0.33775	0.06300	0.07239	0.12684	0.00572	0.00361	0.00113	0.00279	0.04432	0.07148	0.00461
7	0.00687	0.15897	0.00920	0.11353	0.06155	0.03905	0.02514	0.00850	0.06812	0.00920	0.01135	0.20330	0.03135	0.02386	0.06105	0.09948	0.00381	0.05975	0.00229	0.00363
8	0.17325	0.00624	0.00845	0.14790	0.19420	0.00657	0.02747	0.04150	0.02847	0.04931	0.04488	0.05510	0.18051	0.00516	0.00351	0.00114	0.00325	0.01637	0.00251	0.00422
9	0.02060	0.00971	0.11110	0.05316	0.37103	0.07282	0.08404	0.02747	0.03427	0.16915	0.00814	0.00920	0.00604	0.00350	0.00351	0.00108	0.00436	0.00319	0.00230	0.00534
10	0.00607	0.00539	0.00862	0.27241	0.18907	0.00572	0.02801	0.00766	0.00742	0.00988	0.05398	0.29155	0.08702	0.00651	0.00393	0.00123	0.00336	0.00592	0.00242	0.00383
11	0.16780	0.00606	0.00738	0.00587	0.00833	0.00571	0.00481	0.04791	0.00939	0.60818	0.01221	0.04071	0.00829	0.00439	0.00329	0.00109	0.00289	0.00346	0.04687	0.00538
12	0.00816	0.07697	0.52469	0.00889	0.01278	0.06281	0.02704	0.01124	0.01853	0.08044	0.00830	0.05544	0.00686	0.00460	0.01670	0.00120	0.01966	0.04886	0.00198	0.00486
13	0.00512	0.00382	0.00533	0.00533	0.00574	0.00434	0.00391	0.00599	0.00562	0.00795	0.01056	0.09884	0.01097	0.22950	0.53218	0.00450	0.05065	0.00467	0.00206	0.00291
14	0.00505	0.00349	0.00503	0.00520	0.00559	0.00381	0.00378	0.00566	0.00568	0.00793	0.01113	0.18984	0.01171	0.09326	0.48903	0.13738	0.00647	0.00506	0.00214	0.00276
15	0.01317	0.00658	0.00798	0.00647	0.00887	0.01830	0.00522	0.05638	0.23244	0.52739	0.02954	0.01238	0.00956	0.00450	0.00351	0.00110	0.00295	0.00367	0.04431	0.00569
16	0.00803	0.00841	0.03964	0.35078	0.21558	0.02765	0.24389	0.04335	0.00809	0.01081	0.00666	0.00911	0.00513	0.00330	0.00368	0.00114	0.00495	0.00339	0.00175	0.00467
17	0.00455	0.00374	0.00398	0.00391	0.00501	0.00331	0.00290	0.00593	0.04610	0.01037	0.16452	0.05000	0.62848	0.04578	0.00474	0.00128	0.00189	0.00707	0.00334	0.00311
18	0.54637	0.00562	0.00500	0.00470	0.00636	0.00618	0.00376	0.00918	0.00673	0.04788	0.04818	0.06659	0.05788	0.04698	0.00360	0.00126	0.00261	0.07624	0.05127	0.00361
19	0.00955	0.71911	0.10616	0.00661	0.00979	0.05431	0.00678	0.01099	0.00742	0.03454	0.00535	0.00607	0.00465	0.00312	0.00246	0.00081	0.00402	0.00203	0.00161	0.00462

[dist]
# distance from previous block
# <min> <max>
13	17

[block]
# block no. 4 follows, 79 sequences, length 39
# corresponding to MSA columns:
# 268-306
name=unknown_E
#
# <colnr> <probs for GDERKNQSTAVLIFYWHMCP>
#	G	D	E	R	K	N	Q	S	T	A	V	L	I	F	Y	W	H	M	C	P
0	0.25988	0.02471	0.00736	0.00597	0.00810	0.02324	0.00482	0.29954	0.05972	0.01636	0.07780	0.03888	0.11276	0.01321	0.00339	0.00110	0.00300	0.00379	0.00301	0.03334
1	0.00696	0.00506	0.00606	0.00608	0.02522	0.00519	0.00438	0.02567	0.26028	0.07806	0.04090	0.41214	0.05001	0.00779	0.00401	0.00126	0.00244	0.01485	0.00339	0.04024
2	0.70113	0.00744	0.00635	0.00538	0.00771	0.00849	0.00444	0.18326	0.00827	0.03194	0.00580	0.00640	0.00436	0.00349	0.00248	0.00108	0.00297	0.00220	0.00250	0.00431
3	0.02287	0.00711	0.00808	0.00710	0.02563	0.01885	0.00548	0.26268	0.20631	0.15543	0.01285	0.16259	0.01115	0.03247	0.00430	0.00126	0.01748	0.02985	0.00347	0.00505
4	0.00829	0.00805	0.01405	0.18564	0.63177	0.00831	0.07126	0.01050	0.00786	0.01101	0.00659	0.00891	0.00539	0.00320	0.00354	0.00108	0.00441	0.00321	0.00171	0.00520
5	0.00448	0.00366	0.00402	0.00420	0.00529	0.00320	0.00331	0.00552	0.00803	0.00972	0.03187	0.05047	0.66472	0.00913	0.00432	0.00128	0.00209	0.17839	0.00327	0.00303
6	0.00964	0.82871	0.01798	0.00621	0.00915	0.06272	0.00608	0.01076	0.00732	0.00831	0.00493	0.00569	0.00452	0.00305	0.00231	0.00076	0.00392	0.00191	0.00153	0.00450
7	0.00479	0.00401	0.00439	0.00449	0.00539	0.02065	0.00330	0.00607	0.04182	0.01006	0.11761	0.24671	0.46006	0.00894	0.00445	0.00126	0.02917	0.02042	0.00327	0.00314
8	0.00567	0.00403	0.00525	0.03902	0.00655	0.00401	0.00398	0.02935	0.04775	0.03604	0.36019	0.22748	0.04208	0.03884	0.05446	0.00157	0.00266	0.06855	0.01909	0.00342
9	0.00452	0.00319	0.00416	0.00485	0.00507	0.00303	0.00326	0.00511	0.00659	0.00877	0.01809	0.68472	0.02148	0.14423	0.00659	0.00175	0.00234	0.06636	0.00309	0.00278
10	0.04957	0.00604	0.00687	0.00590	0.00784	0.00628	0.00468	0.05753	0.28650	0.27487	0.01310	0.04034	0.00975	0.00468	0.00331	0.00108	0.00264	0.01581	0.19818	0.00503
11	0.00561	0.00483	0.00699	0.04475	0.17418	0.00464	0.03274	0.00706	0.02268	0.01021	0.06896	0.20958	0.28891	0.02899	0.00446	0.00130	0.00275	0.07485	0.00286	0.00363
12	0.00561	0.00423	0.00476	0.00452	0.00577	0.00397	0.00346	0.00795	0.11916	0.05301	0.25386	0.04141	0.43838	0.00775	0.00408	0.00118	0.00199	0.03179	0.00353	0.00357
13	0.00666	0.00626	0.01057	0.86767	0.02427	0.00783	0.00979	0.00900	0.00705	0.00900	0.00626	0.00940	0.00470	0.00352	0.00352	0.00117	0.00470	0.00313	0.00157	0.00392
14	0.00472	0.00361	0.00442	0.00482	0.00562	0.00333	0.00372	0.00591	0.01855	0.01011	0.09804	0.26741	0.32400	0.00952	0.00443	0.00136	0.00224	0.22177	0.00332	0.00308
15	0.60864	0.04030	0.05158	0.00546	0.00789	0.00752	0.01652	0.01151	0.00689	0.16912	0.00685	0.00735	0.00500	0.00440	0.03729	0.00127	0.00326	0.00235	0.00250	0.00430
16	0.00484	0.00341	0.00424	0.00461	0.00490	0.00334	0.00312	0.00538	0.00627	0.00828	0.01646	0.30947	0.07706	0.37021	0.06074	0.00251	0.00318	0.10667	0.00272	0.00263
17	0.00493	0.00343	0.00384	0.00386	0.00409	0.00332	0.00231	0.00515	0.00582	0.00759	0.04115	0.06098	0.15273	0.66968	0.01467	0.00289	0.00304	0.00575	0.00242	0.00234
18	0.00512	0.00371	0.00479	0.00478	0.00507	0.00400	0.00328	0.00566	0.00574	0.00788	0.04095	0.10323	0.04839	0.41314	0.26660	0.01907	0.04848	0.00521	0.00224	0.00266
19	0.28918	0.08199	0.05817	0.02235	0.07328	0.24271	0.00638	0.08846	0.00866	0.06254	0.00633	0.01820	0.00502	0.00365	0.00305	0.00102	0.01982	0.00250	0.00220	0.00448
20	0.00937	0.77580	0.01754	0.00696	0.05548	0.04245	0.00624	0.01053	0.00729	0.00850	0.00543	0.03067	0.00512	0.00327	0.00242	0.00079	0.00383	0.00220	0.00158	0.00452
21	0.00782	0.00740	0.02533	0.05643	0.26017	0.03563	0.08490	0.02429	0.11815	0.01892	0.00938	0.04488	0.01751	0.07096	0.07743	0.00170	0.06624	0.02899	0.01379	0.03006
22	0.02753	0.06685	0.06952	0.08492	0.13290	0.03424	0.04347	0.08316	0.01924	0.08047	0.07676	0.07289	0.03474	0.01976	0.00436	0.00113	0.07034	0.00872	0.00245	0.06654
23	0.02899	0.00455	0.00577	0.00556	0.00641	0.00460	0.03165	0.12510	0.00827	0.02311	0.08479	0.41530	0.03105	0.14169	0.03740	0.00179	0.00295	0.03455	0.00307	0.00339
24	0.00501	0.00372	0.00454	0.00440	0.00529	0.00344	0.00325	0.00668	0.04222	0.02105	0.52902	0.11019	0.20534	0.03448	0.00459	0.00123	0.00184	0.00680	0.00363	0.00329
25	0.06854	0.00907	0.14272	0.06525	0.28458	0.01687	0.06165	0.06708	0.03379	0.03137	0.04862	0.02179	0.03355	0.00507	0.03852	0.00132	0.03287	0.03034	0.00218	0.00482
26	0.02970	0.13873	0.15788	0.11608	0.29132	0.01715	0.06878	0.04512	0.02636	0.03826	0.00672	0.00830	0.00529	0.00347	0.00347	0.01653	0.00435	0.00291	0.00186	0.01771
27	0.02500	0.03939	0.05061	0.01026	0.13109	0.17695	0.06805	0.11860	0.02158	0.04555	0.00772	0.04292	0.00663	0.00741	0.12421	0.00175	0.10661	0.00894	0.00218	0.00455
28	0.00442	0.00342	0.00405	0.00436	0.00511	0.00305	0.00316	0.00537	0.00786	0.01009	0.15293	0.34505	0.37344	0.00950	0.00433	0.00129	0.00194	0.05427	0.00336	0.00300
29	0.00893	0.21280	0.40834	0.00886	0.03020	0.08700	0.01821	0.04222	0.04193	0.05168	0.00680	0.01883	0.00529	0.00365	0.00348	0.00104	0.04128	0.00268	0.00186	0.00495
30	0.01629	0.07345	0.05756	0.23989	0.20020	0.00766	0.10840	0.01052	0.01790	0.10796	0.03779	0.06807	0.02178	0.01288	0.00372	0.00114	0.00411	0.00384	0.00220	0.00463
31	0.07725	0.00545	0.00682	0.00560	0.00772	0.00500	0.00450	0.03089	0.03463	0.50284	0.12881	0.05448	0.10967	0.00550	0.00364	0.00112	0.00263	0.00455	0.00392	0.00498
32	0.00955	0.07252	0.11797	0.05925	0.29958	0.14458	0.03475	0.06205	0.07059	0.04673	0.00772	0.03718	0.00634	0.01179	0.00354	0.00107	0.00446	0.00320	0.00211	0.00503
33	0.03601	0.07412	0.11077	0.01867	0.09204	0.06324	0.05952	0.11627	0.08908	0.12853	0.03716	0.03344	0.03897	0.00552	0.05282	0.00132	0.00418	0.00354	0.00266	0.03214
34	0.00525	0.00347	0.00450	0.00498	0.00546	0.00330	0.00353	0.00602	0.00707	0.05798	0.01929	0.61208	0.08285	0.04438	0.00504	0.00146	0.02064	0.06857	0.04104	0.00309
35	0.00506	0.00388	0.00434	0.00415	0.00520	0.00357	0.00310	0.04843	0.00873	0.01145	0.26744	0.04234	0.44498	0.05850	0.03433	0.00143	0.00221	0.00652	0.04113	0.00320
36	0.00759	0.18457	0.65339	0.00951	0.01421	0.00934	0.05294	0.01105	0.00743	0.01061	0.00609	0.00720	0.00452	0.00326	0.00318	0.00105	0.00497	0.00254	0.00151	0.00505
37	0.02339	0.01002	0.13386	0.05382	0.30414	0.03496	0.03955	0.21928	0.02862	0.03394	0.00779	0.04518	0.00632	0.00400	0.00385	0.00111	0.03923	0.00338	0.00232	0.00527
38	0.82053	0.03577	0.00593	0.00488	0.00713	0.00828	0.00406	0.05822	0.00664	0.01593	0.00511	0.00588	0.00397	0.00332	0.00226	0.00108	0.00283	0.00198	0.00224	0.00397

[dist]
# distance from previous block
# <min> <max>
0	1

[block]
# block no. 5 follows, 79 sequences, length 66
# corresponding to MSA columns:
# 308-373
name=unknown_F
#
# <colnr> <probs for GDERKNQSTAVLIFYWHMCP>
#	G	D	E	R	K	N	Q	S	T	A	V	L	I	F	Y	W	H	M	C	P
0	0.70242	0.00636	0.00513	0.00458	0.00656	0.00727	0.00373	0.05225	0.00677	0.01568	0.00622	0.00714	0.00482	0.00346	0.00230	0.00104	0.00260	0.00221	0.15562	0.00384
1	0.00942	0.87826	0.01847	0.00603	0.00905	0.01395	0.00603	0.01055	0.00716	0.00829	0.00490	0.00565	0.00452	0.00302	0.00226	0.00075	0.00377	0.00188	0.00151	0.00452
2	0.00612	0.00306	0.00459	0.00459	0.00459	0.00306	0.00306	0.00459	0.00459	0.00612	0.00612	0.01071	0.00612	0.01224	0.01377	0.89746	0.00306	0.00306	0.00153	0.00153
3	0.00873	0.62424	0.26640	0.00722	0.01088	0.01224	0.00810	0.01073	0.00724	0.00914	0.00532	0.00618	0.00451	0.00311	0.00258	0.00086	0.00419	0.00210	0.00150	0.00473
4	0.00665	0.00611	0.01020	0.82377	0.02325	0.00760	0.00942	0.00896	0.00706	0.00921	0.00653	0.00959	0.00492	0.00355	0.00347	0.00116	0.00454	0.00314	0.04698	0.00388
5	0.00689	0.00649	0.01096	0.73598	0.13719	0.00781	0.00981	0.00918	0.00718	0.00935	0.00656	0.02554	0.00517	0.00361	0.00354	0.00116	0.00458	0.00326	0.00162	0.00412
6	0.01317	0.01680	0.00999	0.00908	0.01090	0.86199	0.00681	0.01407	0.00999	0.00863	0.00545	0.00636	0.00454	0.00363	0.00318	0.00091	0.00636	0.00227	0.00182	0.00409
7	0.00696	0.00657	0.01112	0.74340	0.14617	0.00791	0.00994	0.00927	0.00719	0.00937	0.00632	0.00930	0.00483	0.00347	0.00352	0.00116	0.00462	0.00313	0.00159	0.00416
8	0.00465	0.00329	0.00432	0.00477	0.00500	0.00329	0.00319	0.00522	0.00613	0.00829	0.01543	0.49536	0.01792	0.23661	0.16698	0.00273	0.00377	0.00760	0.00272	0.00273
9	0.00872	0.00835	0.01410	0.02117	0.82712	0.00839	0.01065	0.01107	0.03490	0.01162	0.00688	0.00886	0.00575	0.00319	0.00349	0.00105	0.00414	0.00317	0.00180	0.00558
10	0.00944	0.00552	0.00671	0.00573	0.00750	0.00546	0.00452	0.05916	0.19150	0.26394	0.33055	0.01865	0.06465	0.00577	0.00382	0.00112	0.00243	0.00490	0.00391	0.00473
11	0.00518	0.00399	0.00595	0.00586	0.00646	0.00476	0.00459	0.00641	0.00565	0.00820	0.00918	0.01351	0.00858	0.02532	0.81541	0.00544	0.05674	0.00374	0.00187	0.00319
12	0.00753	0.00929	0.16074	0.10588	0.21724	0.04774	0.13069	0.01566	0.03806	0.01047	0.00853	0.04219	0.02084	0.05027	0.07770	0.01559	0.00496	0.01953	0.01260	0.00449
13	0.67417	0.00661	0.00595	0.00505	0.00737	0.00721	0.00417	0.01211	0.00705	0.23129	0.00721	0.00733	0.00507	0.00355	0.00253	0.00109	0.00280	0.00233	0.00274	0.00438
14	0.00455	0.00344	0.00420	0.00459	0.00522	0.00319	0.00329	0.00556	0.02170	0.00971	0.10173	0.41817	0.26347	0.04833	0.03020	0.00155	0.00230	0.06257	0.00324	0.00299
15	0.00661	0.00601	0.00807	0.02616	0.00794	0.03235	0.00586	0.01484	0.00574	0.00832	0.00724	0.01171	0.00711	0.10940	0.33166	0.00327	0.39898	0.00355	0.00176	0.00343
16	0.00685	0.01636	0.00637	0.01638	0.04094	0.08938	0.01137	0.03390	0.00751	0.05075	0.01402	0.44789	0.01526	0.02335	0.04416	0.00150	0.06621	0.01376	0.09052	0.00351
17	0.00509	0.00343	0.00452	0.00508	0.00561	0.00319	0.00368	0.00598	0.00741	0.05055	0.07295	0.59062	0.08633	0.01012	0.00446	0.00140	0.00222	0.13089	0.00336	0.00311
18	0.01111	0.00755	0.00918	0.00812	0.05601	0.00799	0.03304	0.30254	0.19734	0.17697	0.01228	0.09398	0.00999	0.00524	0.00373	0.00117	0.00334	0.05153	0.00350	0.00539
19	0.00569	0.00491	0.00674	0.08496	0.07271	0.00485	0.05054	0.00806	0.09622	0.01144	0.22917	0.05869	0.32827	0.00683	0.00399	0.00116	0.00255	0.00597	0.01353	0.00372
20	0.05659	0.00644	0.01015	0.73871	0.02195	0.00784	0.00909	0.04610	0.00756	0.05301	0.00667	0.00929	0.00491	0.00358	0.00345	0.00116	0.00447	0.00309	0.00183	0.00411
21	0.01035	0.29909	0.07556	0.00897	0.06613	0.15094	0.09353	0.14550	0.00952	0.04964	0.00811	0.00879	0.05174	0.00373	0.00314	0.00096	0.00443	0.00291	0.00215	0.00481
22	0.00517	0.00362	0.00447	0.00444	0.00459	0.00386	0.00284	0.00549	0.00529	0.00723	0.01069	0.03654	0.01186	0.64239	0.20665	0.00382	0.03170	0.00485	0.00208	0.00243
23	0.01899	0.06499	0.09903	0.01365	0.33912	0.11124	0.04414	0.14849	0.05358	0.06206	0.00748	0.00850	0.00577	0.00354	0.00339	0.00104	0.00439	0.00301	0.00226	0.00534
24	0.06098	0.02080	0.28308	0.11619	0.07407	0.03480	0.03108	0.02101	0.07846	0.05064	0.01689	0.14654	0.00865	0.01084	0.00362	0.00116	0.00401	0.00407	0.00224	0.03086
25	0.11853	0.00629	0.00787	0.00618	0.00880	0.00587	0.00508	0.03591	0.06585	0.68252	0.01276	0.01126	0.00822	0.00426	0.00339	0.00110	0.00297	0.00337	0.00404	0.00572
26	0.11191	0.00702	0.02421	0.00649	0.00916	0.00665	0.00543	0.16268	0.04085	0.55516	0.02664	0.01089	0.00813	0.00427	0.00340	0.00109	0.00314	0.00335	0.00388	0.00568
27	0.01643	0.12375	0.14044	0.02586	0.10193	0.07449	0.09413	0.05430	0.05331	0.01139	0.00806	0.02033	0.03976	0.00354	0.00318	0.00092	0.00404	0.00298	0.00204	0.21913
28	0.00461	0.00333	0.00465	0.00518	0.00555	0.00312	0.03272	0.00539	0.00687	0.00938	0.01845	0.77160	0.02168	0.01027	0.00436	0.00139	0.00218	0.02386	0.06245	0.00296
29	0.00465	0.00319	0.00398	0.00449	0.00465	0.00306	0.00286	0.00509	0.00622	0.00840	0.01635	0.55775	0.01929	0.30423	0.00899	0.00209	0.00250	0.00814	0.03144	0.00263
30	0.00615	0.00438	0.00511	0.00506	0.00602	0.01440	0.00371	0.08640	0.04329	0.04859	0.11508	0.38703	0.17041	0.00908	0.03189	0.00139	0.00247	0.00731	0.04869	0.00353
31	0.00944	0.66629	0.14433	0.00683	0.01016	0.01279	0.00715	0.08943	0.00809	0.01004	0.00545	0.00619	0.00465	0.00318	0.00255	0.00084	0.00400	0.00212	0.00170	0.00477
32	0.01257	0.00858	0.00941	0.00742	0.00999	0.00929	0.00606	0.55250	0.13308	0.14211	0.01126	0.01078	0.04130	0.00451	0.00354	0.00108	0.00346	0.00352	0.02381	0.00575
33	0.00432	0.00310	0.00412	0.00492	0.00515	0.00289	0.00331	0.00496	0.00680	0.00904	0.01972	0.83888	0.03916	0.01097	0.00450	0.00143	0.00207	0.02851	0.00327	0.00287
34	0.01311	0.00811	0.00931	0.00708	0.00992	0.00817	0.00582	0.45621	0.01308	0.27033	0.00973	0.00933	0.00668	0.00400	0.00338	0.00098	0.00340	0.00310	0.00354	0.15472
35	0.00944	0.00791	0.00835	0.00731	0.00942	0.00908	0.00574	0.13908	0.72634	0.01583	0.01349	0.01246	0.01006	0.00470	0.00358	0.00118	0.00295	0.00387	0.00358	0.00564
36	0.00513	0.00342	0.00384	0.00384	0.00384	0.00342	0.00214	0.00513	0.00513	0.00683	0.01110	0.02306	0.01281	0.87614	0.01794	0.00342	0.00342	0.00513	0.00214	0.00214
37	0.06915	0.03684	0.08973	0.00759	0.01001	0.00882	0.04292	0.03533	0.61807	0.01423	0.01223	0.01190	0.00925	0.00445	0.00346	0.00117	0.00322	0.01315	0.00314	0.00534
38	0.01339	0.00825	0.00931	0.00725	0.00988	0.00873	0.00595	0.50752	0.06881	0.25692	0.01056	0.01004	0.00725	0.00430	0.00347	0.00106	0.00343	0.00334	0.05473	0.00581
39	0.00833	0.00756	0.00751	0.00679	0.00844	0.10871	0.00526	0.06461	0.40539	0.01277	0.07384	0.01342	0.02811	0.00957	0.19253	0.00211	0.00463	0.00387	0.00296	0.03357
40	0.00707	0.01823	0.85788	0.01005	0.01525	0.00818	0.01302	0.01116	0.00744	0.01116	0.00632	0.00744	0.00446	0.00335	0.00335	0.00112	0.00521	0.00260	0.00149	0.00521
41	0.00494	0.00331	0.00427	0.00480	0.00529	0.00302	0.00330	0.00567	0.00722	0.05587	0.05476	0.68703	0.12682	0.01025	0.00439	0.00137	0.00205	0.00919	0.00336	0.00307
42	0.00589	0.00395	0.00452	0.00464	0.00554	0.00393	0.00351	0.00810	0.10446	0.02455	0.06441	0.17861	0.15195	0.04547	0.00435	0.00128	0.00219	0.11610	0.26314	0.00341
43	0.01108	0.12220	0.09731	0.00769	0.01067	0.02412	0.00690	0.45118	0.13409	0.01713	0.00841	0.00855	0.00625	0.00393	0.00327	0.00100	0.00378	0.00297	0.00292	0.07655
44	0.00501	0.00370	0.00537	0.00541	0.00594	0.00422	0.00408	0.00609	0.00565	0.00806	0.01010	0.05486	0.00996	0.12774	0.72101	0.00520	0.00837	0.00423	0.00198	0.00301
45	0.01683	0.10155	0.28912	0.00984	0.09863	0.10964	0.02051	0.19805	0.02506	0.01307	0.00722	0.03547	0.00578	0.00429	0.02270	0.00113	0.00466	0.00296	0.00214	0.03135
46	0.00997	0.18147	0.10419	0.04436	0.06195	0.16399	0.11142	0.14656	0.02965	0.01747	0.00704	0.00907	0.00581	0.00390	0.00378	0.00105	0.05230	0.03917	0.00209	0.00477
47	0.00619	0.00369	0.00454	0.00454	0.00519	0.00341	0.00308	0.00680	0.00701	0.12665	0.06189	0.31073	0.13100	0.29880	0.00879	0.00200	0.00258	0.00694	0.00308	0.00310
48	0.00702	0.00407	0.00528	0.00471	0.00595	0.00366	0.00363	0.00856	0.00982	0.17805	0.61400	0.02423	0.10349	0.00681	0.00404	0.00111	0.00193	0.00592	0.00392	0.00381
49	0.01758	0.00726	0.08379	0.09143	0.04788	0.04373	0.04495	0.04248	0.14384	0.05626	0.17361	0.11784	0.07124	0.00590	0.00391	0.00118	0.01141	0.02848	0.00295	0.00429
50	0.00493	0.00365	0.00533	0.00553	0.00607	0.00408	0.00421	0.00606	0.00597	0.00842	0.01178	0.17710	0.01215	0.03872	0.64485	0.00464	0.00765	0.04358	0.00222	0.00308
51	0.02394	0.00626	0.00742	0.00629	0.00829	0.00639	0.00497	0.09060	0.25037	0.34296	0.01354	0.05782	0.01056	0.08117	0.00485	0.00135	0.00296	0.03743	0.03769	0.00513
52	0.00644	0.00457	0.00520	0.00471	0.00601	0.01442	0.00361	0.08296	0.02827	0.07710	0.34902	0.05077	0.32855	0.01737	0.00420	0.00117	0.00212	0.00625	0.00359	0.00367
53	0.00461	0.00340	0.00406	0.00430	0.00482	0.00315	0.00291	0.00543	0.01628	0.00956	0.16125	0.33400	0.21904	0.20226	0.00734	0.00176	0.00223	0.00764	0.00312	0.00283
54	0.01240	0.00651	0.00775	0.00622	0.00848	0.00650	0.00504	0.21101	0.09713	0.38829	0.06485	0.01235	0.00987	0.00451	0.00341	0.00105	0.00289	0.00364	0.14274	0.00536
55	0.62376	0.00758	0.00660	0.00556	0.00790	0.03533	0.00456	0.15748	0.00841	0.10500	0.00649	0.00688	0.00474	0.00357	0.00259	0.00108	0.00307	0.00231	0.00263	0.00444
56	0.03835	0.00543	0.00649	0.00588	0.00733	0.00550	0.00452	0.17392	0.06210	0.15718	0.14390	0.31640	0.01741	0.00728	0.00397	0.00123	0.00262	0.03261	0.00358	0.00430
57	0.00456	0.00335	0.00415	0.00443	0.00495	0.00309	0.00306	0.00543	0.00759	0.01013	0.23499	0.39047	0.17287	0.11573	0.01731	0.00160	0.00217	0.00794	0.00327	0.00292
58	0.03198	0.00867	0.00961	0.04227	0.01074	0.00951	0.00634	0.53556	0.15072	0.12216	0.02005	0.01021	0.00749	0.00439	0.00353	0.00110	0.00357	0.01283	0.00353	0.00573
59	0.00490	0.00347	0.00443	0.03235	0.00561	0.00341	0.00333	0.02983	0.00670	0.00899	0.01655	0.59113	0.01939	0.21282	0.00754	0.00187	0.00251	0.01975	0.02257	0.00283
60	0.01906	0.15540	0.29090	0.01752	0.19515	0.05308	0.03408	0.09585	0.06875	0.01206	0.00691	0.00793	0.00536	0.00343	0.00322	0.00102	0.00444	0.00277	0.00195	0.02111
61	0.00666	0.00626	0.01057	0.86767	0.02427	0.00783	0.00979	0.00900	0.00705	0.00900	0.00626	0.00940	0.00470	0.00352	0.00352	0.00117	0.00470	0.00313	0.00157	0.00392
62	0.02748	0.03515	0.04520	0.09557	0.07436	0.06089	0.00586	0.05597	0.14028	0.01327	0.37071	0.01663	0.01800	0.00527	0.00369	0.00109	0.00303	0.00449	0.00303	0.02004
63	0.02834	0.55398	0.21001	0.00819	0.05376	0.01190	0.04457	0.01067	0.00724	0.00942	0.00540	0.00645	0.00459	0.00320	0.00293	0.00090	0.02995	0.00225	0.00154	0.00471
64	0.00455	0.00324	0.00405	0.00454	0.00482	0.00305	0.00299	0.00511	0.00664	0.00881	0.06439	0.53846	0.08447	0.22493	0.00779	0.00189	0.00236	0.02216	0.00302	0.00272
65	0.00860	0.00878	0.04838	0.02042	0.75861	0.00849	0.03520	0.01074	0.00789	0.01136	0.00654	0.00865	0.00549	0.00328	0.00386	0.00108	0.04230	0.00315	0.00173	0.00547

[dist]
# distance from previous block
# <min> <max>
0	1

[block]
# block no. 6 follows, 79 sequences, length 13
# corresponding to MSA columns:
# 375,376,389-399
name=unknown_G
#
# <colnr> <probs for GDERKNQSTAVLIFYWHMCP>
#	G	D	E	R	K	N	Q	S	T	A	V	L	I	F	Y	W	H	M	C	P
0	0.00822	0.05981	0.01345	0.15393	0.62977	0.00835	0.00999	0.01022	0.00775	0.01080	0.00711	0.05177	0.00626	0.00359	0.00347	0.00107	0.00414	0.00341	0.00178	0.00512
1	0.00459	0.00350	0.00422	0.00423	0.00507	0.00313	0.00310	0.00581	0.00875	0.01168	0.43134	0.17915	0.30573	0.00846	0.00422	0.00119	0.00177	0.00738	0.00357	0.00313
2	0.00446	0.00347	0.00407	0.00422	0.00507	0.00308	0.00310	0.00551	0.00823	0.01062	0.24231	0.23556	0.41039	0.00902	0.00427	0.00124	0.00187	0.03704	0.00343	0.00305
3	0.03784	0.51524	0.13028	0.00865	0.11306	0.04710	0.00750	0.03045	0.03318	0.03912	0.00601	0.00681	0.00499	0.00324	0.00271	0.00089	0.00404	0.00230	0.00178	0.00482
4	0.03988	0.00890	0.00889	0.00710	0.00954	0.12205	0.00575	0.37931	0.01254	0.26494	0.00986	0.00961	0.00685	0.00415	0.00334	0.00102	0.00369	0.00314	0.09404	0.00540
5	0.07496	0.00699	0.00783	0.00585	0.00878	0.00626	0.00473	0.16045	0.04370	0.07073	0.00741	0.00796	0.00572	0.00316	0.00285	0.00073	0.00288	0.00245	0.00257	0.57401
6	0.00784	0.13429	0.68196	0.00943	0.01409	0.07194	0.01162	0.01129	0.00759	0.01059	0.00607	0.00712	0.00448	0.00332	0.00319	0.00105	0.00510	0.00248	0.00151	0.00503
7	0.00475	0.00356	0.00442	0.00434	0.00519	0.00322	0.00324	0.00613	0.00916	0.01246	0.55768	0.11176	0.22056	0.00805	0.00421	0.00117	0.00178	0.03146	0.00366	0.00320
8	0.00701	0.00663	0.00744	0.07839	0.10715	0.14280	0.02978	0.00841	0.03326	0.03384	0.03081	0.38335	0.10220	0.00740	0.00398	0.00123	0.00334	0.00653	0.00273	0.00371
9	0.07562	0.01012	0.17882	0.00988	0.06287	0.00812	0.16957	0.19136	0.01020	0.23523	0.00884	0.00921	0.00610	0.00371	0.00352	0.00110	0.00425	0.00326	0.00280	0.00542
10	0.00666	0.02864	0.00555	0.00487	0.00616	0.00457	0.00373	0.05148	0.09534	0.08674	0.22766	0.14797	0.24920	0.00729	0.00391	0.00116	0.00216	0.00623	0.05690	0.00380
11	0.05048	0.00477	0.00628	0.07039	0.09297	0.00490	0.00493	0.05743	0.03096	0.01071	0.03137	0.32033	0.13384	0.05435	0.03355	0.00155	0.00301	0.08174	0.00286	0.00356
12	0.16776	0.04851	0.12643	0.00685	0.00949	0.02469	0.00632	0.12120	0.06956	0.03801	0.00821	0.01042	0.01705	0.00418	0.00375	0.00103	0.07188	0.06369	0.00241	0.19856

[dist]
# distance from previous block
# <min> <max>
1	77

[block]
# block no. 7 follows, 79 sequences, length 24
# corresponding to MSA columns:
# 483-506
name=unknown_H
#
# <colnr> <probs for GDERKNQSTAVLIFYWHMCP>
#	G	D	E	R	K	N	Q	S	T	A	V	L	I	F	Y	W	H	M	C	P
0	0.06605	0.02620	0.05908	0.04999	0.05129	0.00670	0.00587	0.14227	0.05084	0.17466	0.11552	0.12583	0.02042	0.01699	0.03974	0.00137	0.03494	0.00452	0.00310	0.00462
1	0.03639	0.15100	0.11246	0.00910	0.04209	0.19031	0.11924	0.13267	0.04444	0.03722	0.05353	0.02917	0.00732	0.00422	0.01491	0.00108	0.00464	0.00319	0.00228	0.00474
2	0.00452	0.00320	0.00428	0.00497	0.00525	0.00309	0.00343	0.00524	0.00673	0.00907	0.03049	0.69469	0.02146	0.05257	0.06865	0.00183	0.00271	0.05570	0.01925	0.00289
3	0.00747	0.00499	0.00593	0.00534	0.00682	0.00495	0.00416	0.01975	0.20511	0.12995	0.33497	0.03446	0.12765	0.00641	0.00389	0.00114	0.00225	0.04108	0.02757	0.02612
4	0.04429	0.01792	0.11819	0.04880	0.06452	0.22070	0.04959	0.14056	0.08288	0.03286	0.01017	0.02120	0.07908	0.00432	0.00354	0.00107	0.01730	0.00340	0.03494	0.00467
5	0.03206	0.00929	0.00939	0.00741	0.00991	0.08119	0.00604	0.57916	0.01413	0.10868	0.00903	0.00909	0.00643	0.00416	0.00336	0.00102	0.00373	0.00312	0.09727	0.00550
6	0.00445	0.00320	0.00413	0.00479	0.00509	0.00301	0.00325	0.00508	0.00673	0.00888	0.01963	0.66837	0.08648	0.09510	0.02451	0.00171	0.00237	0.04726	0.00313	0.00282
7	0.00518	0.00391	0.00559	0.00552	0.00610	0.00451	0.00424	0.00624	0.00577	0.00823	0.01095	0.01534	0.06324	0.07921	0.67055	0.02879	0.05117	0.00404	0.01836	0.00306
8	0.02921	0.07573	0.14020	0.03689	0.02681	0.18919	0.00716	0.06052	0.27891	0.04998	0.02416	0.03226	0.00798	0.00452	0.01282	0.00113	0.00419	0.01083	0.00261	0.00492
9	0.21476	0.00544	0.00528	0.00464	0.00622	0.00588	0.00369	0.14625	0.03929	0.04775	0.00967	0.01062	0.00738	0.00397	0.00265	0.00095	0.00235	0.00298	0.47619	0.00404
10	0.00929	0.25167	0.14898	0.04163	0.05888	0.17838	0.10285	0.03864	0.00807	0.00985	0.00623	0.00770	0.01345	0.00452	0.03942	0.00120	0.07027	0.00272	0.00172	0.00453
11	0.00503	0.00378	0.00566	0.00566	0.00629	0.00441	0.00441	0.00629	0.00566	0.00818	0.00944	0.01385	0.00881	0.02643	0.86217	0.00566	0.00944	0.00378	0.00189	0.00315
12	0.07096	0.14526	0.01121	0.07031	0.11045	0.07206	0.02113	0.15223	0.00934	0.16656	0.00805	0.02730	0.00626	0.00504	0.04358	0.00126	0.06000	0.00306	0.00254	0.01342
13	0.04564	0.06359	0.04955	0.00968	0.14892	0.08497	0.05340	0.18672	0.06038	0.03595	0.02314	0.10818	0.00872	0.01270	0.03424	0.00126	0.00400	0.00976	0.05448	0.00473
14	0.00495	0.00346	0.00413	0.00423	0.00448	0.00347	0.00269	0.00531	0.00572	0.00759	0.01442	0.10212	0.10245	0.56625	0.13307	0.00327	0.00396	0.02363	0.00235	0.00246
15	0.00506	0.00340	0.00395	0.00407	0.00413	0.00338	0.00241	0.00519	0.00543	0.00723	0.01234	0.11809	0.01428	0.74465	0.01591	0.00312	0.00326	0.03954	0.00231	0.00226
16	0.04296	0.01771	0.04681	0.13261	0.08726	0.04186	0.11333	0.03098	0.05239	0.01138	0.08080	0.09069	0.03422	0.00459	0.00382	0.00106	0.03658	0.00404	0.00229	0.16462
17	0.01116	0.04321	0.03976	0.00795	0.08402	0.06539	0.00601	0.11245	0.05368	0.29857	0.01035	0.01113	0.00769	0.03279	0.13629	0.00183	0.01846	0.00336	0.05093	0.00499
18	0.00429	0.00310	0.00406	0.00482	0.00509	0.00287	0.00323	0.00492	0.00683	0.00903	0.02048	0.81966	0.07682	0.01091	0.00448	0.00142	0.00203	0.00985	0.00327	0.00287
19	0.02426	0.01998	0.00676	0.00566	0.00743	0.00461	0.00446	0.01221	0.00863	0.47612	0.04908	0.20549	0.01288	0.00825	0.09432	0.00163	0.00336	0.00507	0.04510	0.00470
20	0.00932	0.09093	0.23940	0.00940	0.10156	0.00776	0.05740	0.08474	0.05683	0.15937	0.02592	0.09228	0.03106	0.00463	0.00354	0.00111	0.00389	0.01318	0.00262	0.00505
21	0.00609	0.00441	0.00532	0.00498	0.00591	0.00447	0.00365	0.05159	0.11390	0.03098	0.41887	0.08610	0.04335	0.15702	0.04623	0.00175	0.00264	0.00581	0.00338	0.00355
22	0.00695	0.01265	0.49082	0.00814	0.01153	0.01721	0.00933	0.04418	0.00753	0.01115	0.00928	0.01072	0.06569	0.00678	0.10563	0.00165	0.06459	0.00320	0.09615	0.01681
23	0.00830	0.22203	0.28766	0.01040	0.10155	0.00947	0.14083	0.04559	0.04682	0.02107	0.05696	0.01982	0.00708	0.00363	0.00331	0.00104	0.00443	0.00315	0.00195	0.00493

[dist]
# distance from previous block
# <min> <max>
1	2

[block]
# block no. 8 follows, 79 sequences, length 64
# corresponding to MSA columns:
# 509-572
name=unknown_I
#
# <colnr> <probs for GDERKNQSTAVLIFYWHMCP>
#	G	D	E	R	K	N	Q	S	T	A	V	L	I	F	Y	W	H	M	C	P
0	0.00448	0.00319	0.00408	0.00468	0.00506	0.00300	0.00320	0.00524	0.00696	0.00939	0.05035	0.64895	0.11286	0.02520	0.04613	0.00160	0.00236	0.00886	0.05150	0.00292
1	0.00721	0.00696	0.05464	0.09505	0.15809	0.04070	0.04760	0.06178	0.07571	0.02371	0.04777	0.22339	0.08216	0.00636	0.00392	0.00122	0.00344	0.05336	0.00269	0.00423
2	0.02085	0.09326	0.01122	0.02563	0.04238	0.08504	0.13069	0.07594	0.13487	0.01221	0.01820	0.00885	0.00644	0.00372	0.01489	0.00095	0.00931	0.00292	0.01546	0.28717
3	0.01069	0.40678	0.01321	0.00659	0.00920	0.06342	0.00585	0.29556	0.01064	0.02458	0.00763	0.00814	0.02429	0.00373	0.00283	0.00089	0.00369	0.00264	0.09478	0.00486
