[name]
unknown

[dist]
# distance from previous block
# <min> <max>
0	191

[block]
# block no. 0 follows, 77 sequences, length 34
# corresponding to MSA columns:
# 311-344
name=unknown_A
#
# <colnr> <probs for GDERKNQSTAVLIFYWHMCP>
#	G	D	E	R	K	N	Q	S	T	A	V	L	I	F	Y	W	H	M	C	P
0	0.00559	0.00402	0.00488	0.00479	0.00566	0.00377	0.00354	0.00680	0.02710	0.02781	0.18401	0.06133	0.15103	0.25709	0.02433	0.00197	0.00281	0.15199	0.00304	0.06843
1	0.00829	0.00768	0.01161	0.15000	0.42017	0.04079	0.02473	0.01020	0.00793	0.03111	0.00773	0.07190	0.00684	0.00380	0.00346	0.00101	0.00397	0.00350	0.00200	0.18329
2	0.00910	0.00555	0.00827	0.00989	0.23336	0.00521	0.00600	0.01056	0.00878	0.25106	0.14128	0.21856	0.03571	0.00641	0.00396	0.00120	0.00291	0.02366	0.01389	0.00467
3	0.03768	0.00532	0.00691	0.02544	0.00813	0.00478	0.00464	0.01306	0.00928	0.52155	0.04933	0.01785	0.20419	0.00724	0.06644	0.00148	0.00324	0.00460	0.00386	0.00498
4	0.00657	0.00429	0.00513	0.00521	0.00630	0.00421	0.00426	0.06841	0.00884	0.03898	0.06657	0.05781	0.16339	0.00765	0.00402	0.00128	0.00254	0.31245	0.22852	0.00356
5	0.00588	0.00333	0.00486	0.00486	0.00501	0.00348	0.00334	0.00515	0.00500	0.00682	0.00759	0.01305	0.00763	0.10920	0.21162	0.59126	0.00468	0.00352	0.00171	0.00201
6	0.00953	0.71890	0.12374	0.00685	0.01014	0.06152	0.00710	0.01105	0.00751	0.00885	0.00522	0.00604	0.00461	0.00316	0.00250	0.00082	0.00418	0.00204	0.00155	0.00468
7	0.00499	0.00345	0.00411	0.00440	0.00458	0.00336	0.00279	0.00533	0.00605	0.00799	0.01546	0.25463	0.05860	0.53360	0.01291	0.00269	0.00301	0.06690	0.00263	0.00251
8	0.37085	0.25480	0.06139	0.00843	0.12435	0.09745	0.01633	0.01114	0.00728	0.01227	0.00542	0.00646	0.00448	0.00329	0.00263	0.00099	0.00386	0.00222	0.00189	0.00447
9	0.00809	0.00851	0.01458	0.01144	0.01271	0.01035	0.29743	0.00966	0.00655	0.00966	0.00561	0.00851	0.00498	0.00516	0.00917	0.00145	0.56673	0.00353	0.00166	0.00425
10	0.00671	0.00335	0.00335	0.00335	0.00419	0.00335	0.00251	0.00838	0.00754	0.01341	0.01173	0.01341	0.00922	0.00419	0.00251	0.00084	0.00168	0.00335	0.89355	0.00335
11	0.00961	0.74117	0.01704	0.00625	0.00900	0.08300	0.00593	0.01066	0.00739	0.00838	0.00551	0.00713	0.00524	0.06691	0.00356	0.00098	0.00404	0.00220	0.00161	0.00440
12	0.00852	0.00649	0.00799	0.09651	0.01040	0.00551	0.00510	0.02226	0.05547	0.10465	0.00775	0.00857	0.00600	0.00311	0.00294	0.00071	0.00296	0.00253	0.00244	0.64010
13	0.00881	0.00858	0.01402	0.11790	0.72990	0.03573	0.01079	0.01093	0.00814	0.01136	0.00668	0.00890	0.00556	0.00327	0.00355	0.00108	0.00440	0.00318	0.00176	0.00545
14	0.00731	0.00651	0.01074	0.56397	0.18601	0.00748	0.00938	0.00949	0.00762	0.03689	0.00915	0.01307	0.04876	0.00429	0.00372	0.00120	0.00438	0.06378	0.00194	0.00430
15	0.00671	0.00335	0.00335	0.00335	0.00419	0.00335	0.00251	0.00838	0.00754	0.01341	0.01173	0.01341	0.00922	0.00419	0.00251	0.00084	0.00168	0.00335	0.89355	0.00335
16	0.01348	0.00998	0.01068	0.00824	0.01108	0.01106	0.00679	0.80483	0.05156	0.02235	0.00889	0.00884	0.00632	0.00434	0.00360	0.00109	0.00391	0.00327	0.00360	0.00610
17	0.78412	0.00685	0.00569	0.00495	0.00725	0.00771	0.00408	0.01148	0.00666	0.12511	0.00620	0.00668	0.00455	0.00348	0.00241	0.00111	0.00282	0.00216	0.00252	0.00419
18	0.00877	0.00929	0.07633	0.05012	0.53867	0.00868	0.12710	0.05793	0.00861	0.01218	0.03096	0.00941	0.00634	0.00351	0.00397	0.00112	0.03632	0.00341	0.00192	0.00538
19	0.00850	0.00814	0.01387	0.18317	0.69320	0.00844	0.01084	0.01069	0.00800	0.01126	0.00669	0.00903	0.00553	0.00328	0.00357	0.00109	0.00437	0.00320	0.00175	0.00537
20	0.00441	0.00315	0.00421	0.00504	0.00526	0.00295	0.00339	0.00506	0.00691	0.00921	0.01981	0.85493	0.02373	0.01124	0.00460	0.00146	0.00211	0.02626	0.00334	0.00293
21	0.02312	0.00711	0.15408	0.00634	0.00835	0.00518	0.00605	0.05546	0.00903	0.09177	0.14692	0.02578	0.20561	0.00721	0.00427	0.00129	0.01533	0.21987	0.00318	0.00406
22	0.00774	0.00748	0.01249	0.49193	0.32240	0.02029	0.03585	0.00998	0.00758	0.01016	0.00648	0.00924	0.00514	0.00353	0.00389	0.00116	0.03513	0.00322	0.00167	0.00464
23	0.00690	0.00559	0.02732	0.00703	0.00822	0.03624	0.12919	0.00820	0.01945	0.08939	0.01485	0.42706	0.01601	0.09498	0.00595	0.00156	0.03440	0.03559	0.02843	0.00364
24	0.60208	0.04286	0.00815	0.00868	0.17571	0.08920	0.00570	0.01103	0.00697	0.01426	0.00541	0.00651	0.00435	0.00334	0.00259	0.00107	0.00347	0.00223	0.00207	0.00431
25	0.00567	0.00460	0.00679	0.08711	0.15641	0.00461	0.00555	0.00695	0.00751	0.01010	0.03280	0.37974	0.10912	0.00885	0.02675	0.00145	0.00302	0.10797	0.03139	0.00360
26	0.00515	0.00382	0.00473	0.00488	0.00585	0.00350	0.00389	0.00653	0.00886	0.02364	0.29469	0.05747	0.30798	0.00877	0.00446	0.00132	0.00224	0.24540	0.00355	0.00327
27	0.00788	0.00731	0.01162	0.30117	0.29109	0.01860	0.06002	0.04667	0.07691	0.01165	0.07384	0.05994	0.00905	0.00430	0.00373	0.00116	0.00413	0.00398	0.00221	0.00473
28	0.01031	0.10980	0.29703	0.00858	0.01212	0.08069	0.03777	0.17125	0.03391	0.11001	0.00842	0.00992	0.00643	0.00402	0.00342	0.00107	0.00447	0.04429	0.00248	0.04401
29	0.00521	0.00384	0.00517	0.00548	0.00606	0.00371	0.03062	0.05294	0.00770	0.01038	0.04295	0.65530	0.05189	0.01055	0.02813	0.00152	0.00254	0.03824	0.03455	0.00322
30	0.02547	0.05122	0.01252	0.23759	0.21934	0.00847	0.09043	0.01930	0.00752	0.02694	0.00642	0.00864	0.00522	0.00367	0.00457	0.00109	0.12497	0.00305	0.00183	0.14175
31	0.00586	0.00504	0.00578	0.00584	0.05806	0.04685	0.00405	0.00723	0.00874	0.01176	0.31407	0.11248	0.22708	0.00703	0.00394	0.00108	0.00235	0.01871	0.00319	0.15085
32	0.51813	0.02775	0.00755	0.00749	0.10462	0.04052	0.00525	0.05191	0.14016	0.01495	0.00717	0.00819	0.00572	0.03418	0.00328	0.00119	0.00321	0.00262	0.00244	0.01368
33	0.00856	0.00880	0.01664	0.16192	0.11166	0.00917	0.44378	0.06852	0.02951	0.01173	0.00710	0.00944	0.00548	0.00360	0.00472	0.00122	0.08764	0.00377	0.00192	0.00482

[dist]
# distance from previous block
# <min> <max>
0	1

[block]
# block no. 1 follows, 77 sequences, length 8
# corresponding to MSA columns:
# 346-353
name=unknown_B
#
# <colnr> <probs for GDERKNQSTAVLIFYWHMCP>
#	G	D	E	R	K	N	Q	S	T	A	V	L	I	F	Y	W	H	M	C	P
0	0.00809	0.00751	0.01223	0.37119	0.38859	0.00837	0.00992	0.05036	0.03127	0.01109	0.00697	0.00946	0.00558	0.00442	0.03517	0.00131	0.02849	0.00325	0.00184	0.00487
1	0.00661	0.00504	0.00611	0.00554	0.00588	0.00580	0.00389	0.09183	0.00652	0.00899	0.00968	0.01846	0.01052	0.57034	0.06013	0.00299	0.17196	0.00455	0.00219	0.00298
2	0.18566	0.00943	0.01125	0.13007	0.03838	0.15343	0.15872	0.10574	0.00913	0.09382	0.00712	0.00833	0.00531	0.00363	0.00353	0.00109	0.02436	0.00299	0.00234	0.04568
3	0.80808	0.00687	0.00560	0.00490	0.00719	0.00778	0.00404	0.01129	0.00655	0.10238	0.00595	0.00650	0.00441	0.00345	0.00237	0.00111	0.00281	0.00212	0.00246	0.00412
4	0.00475	0.00366	0.00435	0.00427	0.00524	0.00326	0.00321	0.00607	0.00916	0.01215	0.45179	0.06935	0.36264	0.00834	0.00429	0.00120	0.00183	0.03760	0.00366	0.00322
5	0.00493	0.00379	0.00453	0.00436	0.00535	0.00347	0.00326	0.00665	0.04021	0.01272	0.52380	0.06241	0.29534	0.00798	0.00424	0.00117	0.00180	0.00691	0.00372	0.00335
6	0.00494	0.00360	0.00433	0.00444	0.00531	0.00321	0.00326	0.00603	0.00847	0.03680	0.25998	0.26059	0.34286	0.00909	0.00434	0.00127	0.00194	0.03280	0.00355	0.00321
7	0.01207	0.00928	0.00989	0.00795	0.01054	0.01041	0.00645	0.56147	0.29720	0.02009	0.01067	0.01026	0.00776	0.00451	0.00362	0.00113	0.00358	0.00352	0.00362	0.00597

[dist]
# distance from previous block
# <min> <max>
0	20

[block]
# block no. 2 follows, 77 sequences, length 39
# corresponding to MSA columns:
# 374-412
name=unknown_C
#
# <colnr> <probs for GDERKNQSTAVLIFYWHMCP>
#	G	D	E	R	K	N	Q	S	T	A	V	L	I	F	Y	W	H	M	C	P
0	0.00746	0.00639	0.00746	0.00533	0.00852	0.00480	0.00426	0.00906	0.00746	0.01172	0.00639	0.00746	0.00533	0.00266	0.00266	0.00053	0.00266	0.00213	0.00213	0.89558
1	0.01057	0.06452	0.08559	0.01150	0.19240	0.42511	0.00809	0.01213	0.00907	0.01000	0.04137	0.01040	0.02238	0.00422	0.00369	0.00104	0.03136	0.05008	0.00198	0.00452
2	0.65377	0.00672	0.00614	0.00519	0.00757	0.00730	0.00428	0.01251	0.00728	0.24876	0.00756	0.00762	0.00529	0.00365	0.00261	0.00111	0.00286	0.00241	0.00284	0.00451
3	0.00881	0.03286	0.05166	0.04172	0.50924	0.00872	0.04170	0.03571	0.18417	0.01263	0.03142	0.01024	0.00747	0.00371	0.00359	0.00111	0.00402	0.00346	0.00226	0.00551
4	0.08567	0.00830	0.01307	0.06125	0.19192	0.03206	0.23983	0.08434	0.05889	0.02842	0.02350	0.01045	0.03179	0.00392	0.00410	0.00115	0.05608	0.00362	0.05680	0.00484
5	0.00744	0.00544	0.00636	0.00567	0.00717	0.00554	0.00438	0.08116	0.20879	0.06370	0.36530	0.05321	0.07052	0.02504	0.01428	0.00125	0.00248	0.02229	0.00366	0.04632
6	0.00468	0.00356	0.00431	0.00433	0.00518	0.00319	0.00317	0.00592	0.00890	0.01188	0.42492	0.19145	0.29809	0.00868	0.00431	0.00122	0.00181	0.00757	0.00364	0.00319
7	0.01269	0.00912	0.00964	0.00753	0.01009	0.02298	0.00617	0.68873	0.01530	0.03629	0.00915	0.00937	0.00660	0.00429	0.00343	0.00104	0.00364	0.00325	0.13499	0.00568
8	0.00767	0.00645	0.00773	0.02034	0.03207	0.00496	0.00457	0.00929	0.00753	0.02899	0.00656	0.00763	0.00540	0.00273	0.00272	0.00057	0.00275	0.00221	0.00216	0.83766
9	0.04151	0.09812	0.07746	0.02100	0.00989	0.07723	0.02958	0.05482	0.00942	0.40916	0.01178	0.01168	0.05020	0.03720	0.00395	0.00114	0.00367	0.00341	0.01952	0.02925
10	0.00962	0.87575	0.01885	0.00615	0.00923	0.01423	0.00615	0.01077	0.00731	0.00846	0.00500	0.00577	0.00462	0.00308	0.00231	0.00077	0.00385	0.00192	0.00154	0.00462
11	0.01895	0.01969	0.01154	0.49052	0.25559	0.00806	0.00953	0.03164	0.02813	0.05819	0.00751	0.03179	0.00594	0.00377	0.00358	0.00115	0.00437	0.00339	0.00196	0.00467
12	0.00806	0.18932	0.47154	0.00919	0.05061	0.01631	0.02241	0.02585	0.00771	0.03287	0.00705	0.04145	0.00581	0.02743	0.00372	0.00110	0.01476	0.00293	0.00178	0.06008
13	0.00477	0.00384	0.00469	0.00478	0.00560	0.00363	0.01778	0.00590	0.03480	0.00976	0.06394	0.31473	0.40048	0.01033	0.04313	0.02809	0.02963	0.00782	0.00318	0.00312
14	0.00472	0.00360	0.00435	0.00453	0.00537	0.00326	0.00339	0.00588	0.00849	0.01110	0.27534	0.20096	0.32845	0.02445	0.00465	0.00133	0.00204	0.10145	0.00350	0.00314
15	0.00816	0.11586	0.48498	0.03022	0.02290	0.01920	0.04865	0.01146	0.04006	0.07576	0.02323	0.07414	0.00720	0.00422	0.00360	0.00113	0.01876	0.00344	0.00204	0.00501
16	0.02472	0.01064	0.17461	0.06476	0.22240	0.03889	0.26881	0.01898	0.03677	0.06374	0.00793	0.02535	0.00621	0.00362	0.00376	0.00115	0.00493	0.01555	0.00204	0.00512
17	0.07978	0.00606	0.00716	0.03893	0.00795	0.07788	0.03715	0.03008	0.00659	0.02523	0.00877	0.01407	0.00847	0.21032	0.33318	0.00347	0.08792	0.01152	0.00206	0.00341
18	0.89899	0.00696	0.00529	0.00473	0.00696	0.00807	0.00390	0.01057	0.00612	0.01614	0.00501	0.00584	0.00390	0.00334	0.00223	0.00111	0.00278	0.00195	0.00223	0.00390
19	0.01054	0.00493	0.00633	0.00537	0.00723	0.00434	0.00424	0.02621	0.00949	0.43287	0.12858	0.11940	0.19309	0.00661	0.00392	0.00117	0.00249	0.00560	0.02288	0.00467
20	0.20251	0.00667	0.00793	0.00622	0.00889	0.00642	0.00514	0.09234	0.01003	0.59948	0.01173	0.01056	0.00759	0.00420	0.00332	0.00111	0.00309	0.00323	0.00390	0.00565
21	0.00496	0.00358	0.00469	0.00461	0.00535	0.00331	0.00338	0.00646	0.00958	0.01347	0.69762	0.18123	0.03208	0.00807	0.00431	0.00119	0.00177	0.00719	0.00385	0.00331
22	0.00489	0.00367	0.00453	0.00431	0.00525	0.00331	0.00323	0.00640	0.00970	0.01329	0.65287	0.02874	0.23103	0.00778	0.00424	0.00115	0.00173	0.00677	0.00381	0.00331
23	0.00784	0.24081	0.63820	0.00919	0.01393	0.00988	0.01144	0.01123	0.00752	0.01063	0.00608	0.00712	0.00457	0.00333	0.00313	0.00104	0.00494	0.00247	0.00152	0.00513
24	0.00750	0.00359	0.00377	0.00361	0.00461	0.00352	0.00275	0.00915	0.00777	0.08402	0.01194	0.01331	0.00919	0.00421	0.00261	0.00086	0.00179	0.00337	0.81884	0.00359
25	0.01367	0.01008	0.01080	0.00828	0.01115	0.01115	0.00684	0.83915	0.01691	0.02267	0.00864	0.00864	0.00612	0.00432	0.00360	0.00108	0.00396	0.00324	0.00360	0.00612
26	0.00625	0.00312	0.00469	0.00469	0.00469	0.00312	0.00312	0.00469	0.00469	0.00625	0.00625	0.01093	0.00625	0.01250	0.01406	0.89535	0.00312	0.00312	0.00156	0.00156
27	0.01452	0.00811	0.00901	0.00797	0.07022	0.14366	0.00594	0.04780	0.01038	0.58148	0.05444	0.01167	0.00915	0.00438	0.00358	0.00108	0.00367	0.00351	0.00378	0.00564
28	0.00733	0.00713	0.01263	0.62847	0.15899	0.00821	0.10651	0.00976	0.00751	0.00988	0.00656	0.00949	0.00502	0.00347	0.00367	0.00118	0.00486	0.00332	0.00165	0.00437
29	0.00519	0.00402	0.00482	0.00509	0.00586	0.00395	0.00366	0.00750	0.13413	0.01104	0.15596	0.45137	0.15803	0.00929	0.00435	0.00134	0.00212	0.02537	0.00349	0.00344
30	0.01868	0.47673	0.14695	0.00939	0.11881	0.01183	0.03573	0.08537	0.02091	0.02234	0.00612	0.00708	0.00506	0.00336	0.00301	0.00094	0.01837	0.00247	0.00184	0.00502
31	0.00830	0.08649	0.61614	0.01051	0.06227	0.02690	0.03408	0.09266	0.00860	0.01223	0.00657	0.00766	0.00481	0.00346	0.00337	0.00110	0.00505	0.00272	0.00175	0.00532
32	0.00502	0.00382	0.00460	0.00438	0.00535	0.00352	0.00327	0.00679	0.04194	0.01297	0.57611	0.02828	0.24749	0.03499	0.00466	0.00123	0.00183	0.00666	0.00373	0.00335
33	0.00825	0.18971	0.02205	0.00678	0.00997	0.03967	0.09534	0.00991	0.00764	0.01090	0.00617	0.00731	0.00516	0.00284	0.00279	0.00068	0.00346	0.00233	0.00195	0.56708
34	0.00546	0.00338	0.00413	0.00416	0.00417	0.00337	0.00247	0.00508	0.00515	0.00687	0.01035	0.05243	0.01172	0.61904	0.01669	0.23319	0.00334	0.00488	0.00206	0.00205
35	0.13024	0.01056	0.00983	0.03321	0.11048	0.22445	0.00676	0.26578	0.04620	0.05529	0.00757	0.00824	0.00574	0.00388	0.00338	0.00104	0.01600	0.00285	0.02697	0.03154
36	0.00824	0.00759	0.01245	0.19081	0.54710	0.00796	0.00973	0.03503	0.03083	0.01169	0.03954	0.04348	0.00754	0.00386	0.00361	0.00111	0.00408	0.00363	0.02661	0.00510
37	0.00445	0.00351	0.00395	0.00413	0.00496	0.00308	0.00294	0.00534	0.00794	0.01003	0.13643	0.25076	0.47818	0.06140	0.00518	0.00140	0.00197	0.00799	0.00335	0.00300
38	0.45703	0.00749	0.00751	0.05025	0.09295	0.05012	0.00530	0.02848	0.00737	0.06985	0.00626	0.00719	0.00484	0.00331	0.00269	0.00098	0.00324	0.00233	0.00229	0.19051

[dist]
# distance from previous block
# <min> <max>
0	4

[block]
# block no. 3 follows, 77 sequences, length 61
# corresponding to MSA columns:
# 417-422,435-489
name=unknown_D
#
# <colnr> <probs for GDERKNQSTAVLIFYWHMCP>
#	G	D	E	R	K	N	Q	S	T	A	V	L	I	F	Y	W	H	M	C	P
0	0.45582	0.00792	0.00821	0.04844	0.10329	0.00883	0.00583	0.22231	0.05081	0.01678	0.00672	0.00751	0.00511	0.00364	0.00288	0.00109	0.00334	0.00259	0.00256	0.03633
1	0.02442	0.00731	0.01096	0.18169	0.35678	0.00735	0.00828	0.02851	0.05830	0.01179	0.00746	0.00961	0.00610	0.00343	0.00332	0.00098	0.00377	0.01803	0.02875	0.22316
2	0.06243	0.00864	0.00822	0.02329	0.03369	0.21084	0.00590	0.01037	0.03706	0.01067	0.00758	0.02116	0.00649	0.00572	0.04217	0.00135	0.26955	0.00309	0.22788	0.00391
3	0.00876	0.11434	0.57871	0.00952	0.01387	0.17252	0.01109	0.02162	0.00817	0.01070	0.00614	0.00719	0.00461	0.00344	0.00325	0.00105	0.00533	0.00251	0.00162	0.01557
4	0.00676	0.00633	0.01066	0.84625	0.02435	0.00789	0.00985	0.00914	0.00726	0.00930	0.02471	0.00997	0.00543	0.00368	0.00361	0.00120	0.00473	0.00327	0.00165	0.00398
5	0.00481	0.00348	0.00450	0.00518	0.00552	0.00335	0.00352	0.03153	0.03140	0.00977	0.01933	0.81945	0.02287	0.01087	0.00453	0.00144	0.00217	0.00983	0.00336	0.00310
6	0.00438	0.00313	0.00417	0.00501	0.00522	0.00292	0.00334	0.00501	0.00689	0.00918	0.01983	0.87124	0.02379	0.01127	0.00459	0.00146	0.00209	0.01023	0.00334	0.00292
7	0.00746	0.00639	0.00746	0.00533	0.00852	0.00480	0.00426	0.00906	0.00746	0.01172	0.00639	0.00746	0.00533	0.00266	0.00266	0.00053	0.00266	0.00213	0.00213	0.89558
8	0.00533	0.00398	0.00577	0.03634	0.00669	0.00461	0.00436	0.00633	0.00570	0.00809	0.00956	0.01529	0.00933	0.17015	0.63350	0.03172	0.03424	0.00402	0.00194	0.00304
9	0.00450	0.00321	0.00430	0.00510	0.00537	0.00302	0.00350	0.00522	0.00708	0.00945	0.04634	0.79063	0.02392	0.01106	0.00460	0.00146	0.00215	0.06278	0.00336	0.00296
10	0.00508	0.00381	0.00474	0.00457	0.00550	0.00353	0.00346	0.00687	0.03578	0.01331	0.61917	0.05092	0.17577	0.00781	0.00427	0.00118	0.00184	0.04522	0.00379	0.00339
11	0.01585	0.00613	0.00832	0.00636	0.00916	0.00527	0.00525	0.01724	0.01020	0.82531	0.01393	0.01208	0.00878	0.00439	0.00359	0.00109	0.00305	0.00357	0.00437	0.03605
12	0.01446	0.00701	0.00868	0.00685	0.00951	0.00684	0.00560	0.14254	0.16236	0.57567	0.01343	0.01191	0.00886	0.00451	0.00362	0.00113	0.00316	0.00364	0.00418	0.00604
13	0.01344	0.01714	0.01019	0.00927	0.01112	0.85915	0.00695	0.01436	0.01019	0.00880	0.00556	0.00649	0.00463	0.00371	0.00324	0.00093	0.00649	0.00232	0.00185	0.00417
14	0.00851	0.00760	0.00927	0.00702	0.00997	0.03374	0.08603	0.07416	0.17117	0.01308	0.00823	0.00889	0.00648	0.00329	0.00310	0.00079	0.00325	0.00280	0.00250	0.54013
15	0.00545	0.00410	0.00509	0.00477	0.00576	0.00396	0.00360	0.00799	0.09782	0.01421	0.71367	0.02591	0.07951	0.00720	0.00418	0.00115	0.00183	0.00631	0.00389	0.00361
16	0.01344	0.01714	0.01019	0.00927	0.01112	0.85915	0.00695	0.01436	0.01019	0.00880	0.00556	0.00649	0.00463	0.00371	0.00324	0.00093	0.00649	0.00232	0.00185	0.00417
17	0.00514	0.00385	0.00578	0.00578	0.00642	0.00450	0.00450	0.00642	0.00578	0.00835	0.00963	0.01413	0.00899	0.02698	0.85933	0.00578	0.00963	0.00385	0.00193	0.00321
18	0.89899	0.00696	0.00529	0.00473	0.00696	0.00807	0.00390	0.01057	0.00612	0.01614	0.00501	0.00584	0.00390	0.00334	0.00223	0.00111	0.00278	0.00195	0.00223	0.00390
19	0.00809	0.00771	0.01312	0.34873	0.53088	0.00833	0.01063	0.01032	0.00780	0.01076	0.00662	0.00917	0.00535	0.00336	0.00357	0.00112	0.00448	0.00320	0.00171	0.00504
20	0.00800	0.00638	0.00751	0.00539	0.00857	0.00483	0.00433	0.00958	0.00763	0.06392	0.00688	0.00776	0.00555	0.00277	0.00272	0.00057	0.00269	0.00222	0.00228	0.84043
21	0.00604	0.00329	0.00464	0.00466	0.00483	0.00336	0.00319	0.00532	0.00521	0.00728	0.00803	0.01382	0.00801	0.11213	0.10318	0.59800	0.00374	0.02847	0.07478	0.00201
22	0.00776	0.00744	0.01273	0.46574	0.37748	0.00831	0.03523	0.01004	0.00763	0.01035	0.00655	0.00927	0.00520	0.00345	0.00373	0.00115	0.01827	0.00323	0.00168	0.00475
23	0.00438	0.00313	0.00417	0.00501	0.00522	0.00292	0.00334	0.00501	0.00689	0.00918	0.01983	0.87124	0.02379	0.01127	0.00459	0.00146	0.00209	0.01023	0.00334	0.00292
24	0.01311	0.01645	0.01004	0.00912	0.01099	0.79669	0.00686	0.01471	0.07149	0.00926	0.00623	0.00700	0.00510	0.00379	0.00327	0.00095	0.00622	0.00245	0.00199	0.00428
25	0.00671	0.00335	0.00335	0.00335	0.00419	0.00335	0.00251	0.00838	0.00754	0.01341	0.01173	0.01341	0.00922	0.00419	0.00251	0.00084	0.00168	0.00335	0.89355	0.00335
26	0.00695	0.00409	0.00540	0.00484	0.00601	0.00371	0.00371	0.00859	0.01020	0.15543	0.70894	0.02441	0.02973	0.00687	0.00414	0.00113	0.00193	0.00602	0.00404	0.00385
27	0.00721	0.01861	0.85495	0.01025	0.01557	0.00835	0.01329	0.01139	0.00759	0.01139	0.00646	0.00759	0.00456	0.00342	0.00342	0.00114	0.00532	0.00266	0.00152	0.00532
28	0.01614	0.00612	0.00835	0.00640	0.00918	0.00529	0.00529	0.01753	0.01030	0.85364	0.01419	0.01224	0.00890	0.00445	0.00362	0.00111	0.00306	0.00362	0.00445	0.00612
29	0.00444	0.00324	0.00416	0.00480	0.00515	0.00301	0.00325	0.00513	0.00709	0.00935	0.05437	0.69012	0.12003	0.04564	0.02074	0.00158	0.00223	0.00945	0.00329	0.00293
30	0.06157	0.00656	0.00843	0.00650	0.00926	0.00601	0.00537	0.09856	0.01073	0.72799	0.01317	0.01155	0.00837	0.00438	0.00354	0.00111	0.00314	0.00349	0.00425	0.00601
31	0.06898	0.00608	0.00800	0.00620	0.00889	0.00539	0.00511	0.01682	0.00996	0.77632	0.01356	0.01190	0.00861	0.00438	0.00350	0.00110	0.00300	0.00351	0.03279	0.00590
32	0.09194	0.00581	0.00665	0.00546	0.00751	0.00574	0.00441	0.12397	0.03231	0.34925	0.01226	0.01205	0.02515	0.00435	0.00314	0.00102	0.00267	0.00342	0.29794	0.00493
33	0.00498	0.00340	0.00406	0.00433	0.00442	0.00334	0.00263	0.00522	0.00580	0.00773	0.01401	0.27894	0.01639	0.58531	0.02602	0.00288	0.00315	0.02240	0.00255	0.00244
34	0.00906	0.00465	0.00665	0.00597	0.00738	0.00474	0.00476	0.01040	0.00750	0.30761	0.02309	0.01404	0.00949	0.01822	0.52191	0.00395	0.00701	0.01641	0.01295	0.00425
35	0.00429	0.00362	0.00372	0.00375	0.00490	0.00304	0.00279	0.00521	0.00820	0.00986	0.06464	0.08182	0.77357	0.00917	0.00427	0.00123	0.00183	0.00770	0.00336	0.00304
36	0.01932	0.00440	0.00480	0.00451	0.00567	0.00453	0.00344	0.01019	0.16648	0.03868	0.21781	0.01740	0.04875	0.00528	0.00325	0.00101	0.00196	0.00441	0.43421	0.00388
37	0.84017	0.00708	0.00566	0.00501	0.00717	0.00827	0.00413	0.03566	0.00643	0.01607	0.00511	0.00600	0.00399	0.00347	0.00261	0.00113	0.03380	0.00203	0.00224	0.00396
38	0.00681	0.00600	0.03327	0.08558	0.02752	0.00687	0.02203	0.00773	0.00609	0.03871	0.00902	0.05635	0.00936	0.29797	0.06052	0.00237	0.28905	0.02927	0.00205	0.00342
39	0.00838	0.11075	0.07855	0.04865	0.15352	0.01867	0.05719	0.04602	0.06328	0.04803	0.04134	0.06208	0.01575	0.00469	0.00393	0.01501	0.03231	0.05394	0.00237	0.13553
40	0.00977	0.35137	0.30949	0.00779	0.01159	0.02656	0.00852	0.07222	0.00851	0.10639	0.00690	0.00745	0.00523	0.00343	0.00298	0.00095	0.00427	0.00249	0.00205	0.05202
41	0.00647	0.05204	0.16696	0.00688	0.00842	0.00547	0.06807	0.00713	0.00603	0.00835	0.00801	0.08970	0.00777	0.01142	0.13063	0.38596	0.02201	0.00382	0.00179	0.00308
42	0.11774	0.00622	0.00798	0.00619	0.00892	0.00560	0.00511	0.01661	0.00977	0.74505	0.01302	0.01144	0.00828	0.00430	0.00344	0.00110	0.00302	0.00340	0.00416	0.01864
43	0.01602	0.04450	0.49169	0.08674	0.02172	0.00806	0.02552	0.06300	0.02359	0.03810	0.01539	0.03821	0.00641	0.03230	0.05714	0.00151	0.02002	0.00325	0.00194	0.00489
44	0.01729	0.05653	0.29808	0.04321	0.06736	0.03338	0.14176	0.04303	0.04593	0.06210	0.03592	0.10680	0.01673	0.00462	0.00370	0.00116	0.00446	0.01081	0.00227	0.00486
45	0.00454	0.00342	0.00421	0.00457	0.00522	0.00309	0.00325	0.00550	0.00800	0.01049	0.20059	0.43320	0.25671	0.00979	0.00443	0.00133	0.00197	0.03315	0.00347	0.00307
46	0.00488	0.00333	0.00435	0.00500	0.00537	0.00309	0.00343	0.00557	0.00707	0.03761	0.02024	0.71216	0.07386	0.05048	0.00519	0.00154	0.00223	0.04829	0.00332	0.00302
47	0.04304	0.04313	0.24908	0.01829	0.07128	0.00913	0.06170	0.30633	0.01130	0.12929	0.00840	0.01864	0.00604	0.00391	0.00350	0.00110	0.00432	0.00317	0.00274	0.00559
48	0.18120	0.03674	0.03529	0.01034	0.19966	0.10640	0.00697	0.02972	0.04139	0.01210	0.00630	0.00773	0.00523	0.00374	0.00422	0.00103	0.12701	0.00264	0.01520	0.16710
49	0.00523	0.00349	0.00392	0.00392	0.00392	0.00349	0.00218	0.00523	0.00523	0.00697	0.01133	0.02354	0.01308	0.87359	0.01831	0.00349	0.00349	0.00523	0.00218	0.00218
50	0.17308	0.00951	0.01004	0.02171	0.06622	0.07734	0.03438	0.44216	0.01253	0.04813	0.00758	0.00808	0.00557	0.00386	0.00328	0.00104	0.00393	0.00290	0.00293	0.06572
51	0.00569	0.00349	0.00524	0.00524	0.00556	0.00381	0.00381	0.00556	0.00524	0.00730	0.00795	0.01254	0.00763	0.01977	0.43885	0.44829	0.00640	0.00349	0.00175	0.00239
52	0.82920	0.00686	0.00553	0.00510	0.01966	0.00786	0.00411	0.01068	0.00635	0.04096	0.00578	0.00725	0.00464	0.00359	0.00238	0.00113	0.00283	0.02978	0.00232	0.00397
53	0.10109	0.10284	0.15700	0.03759	0.04474	0.06246	0.03100	0.03797	0.00763	0.03298	0.01927	0.09410	0.00744	0.00475	0.00459	0.00113	0.13984	0.01052	0.03405	0.06900
54	0.08094	0.01059	0.17925	0.00791	0.01102	0.05859	0.01563	0.23351	0.05721	0.23964	0.00934	0.00926	0.00648	0.00408	0.00367	0.00110	0.03017	0.00308	0.00307	0.03546
55	0.00523	0.00349	0.00392	0.00392	0.00392	0.00349	0.00218	0.00523	0.00523	0.00697	0.01133	0.02354	0.01308	0.87359	0.01831	0.00349	0.00349	0.00523	0.00218	0.00218
56	0.00509	0.00360	0.00484	0.00531	0.02243	0.00344	0.00357	0.00558	0.00643	0.00876	0.01530	0.47891	0.03391	0.09666	0.10799	0.11165	0.00334	0.01855	0.00273	0.06188
57	0.00918	0.06430	0.29546	0.08006	0.27662	0.03697	0.02479	0.06212	0.02391	0.07473	0.00729	0.00857	0.00549	0.00353	0.00352	0.00109	0.01202	0.00298	0.00201	0.00535
58	0.00446	0.00349	0.00405	0.00432	0.00513	0.00308	0.00312	0.00540	0.00803	0.01022	0.14295	0.31908	0.43164	0.00963	0.00439	0.00130	0.00194	0.03133	0.00342	0.00305
59	0.01344	0.01714	0.01019	0.00927	0.01112	0.85915	0.00695	0.01436	0.01019	0.00880	0.00556	0.00649	0.00463	0.00371	0.00324	0.00093	0.00649	0.00232	0.00185	0.00417
60	0.16547	0.03850	0.12639	0.06015	0.14230	0.00861	0.09945	0.12619	0.00897	0.11466	0.00754	0.00869	0.00561	0.00441	0.02937	0.00127	0.04192	0.00305	0.00238	0.00506

[dist]
# distance from previous block
# <min> <max>
0	7

[block]
# block no. 4 follows, 77 sequences, length 23
# corresponding to MSA columns:
# 497-519
name=unknown_E
#
# <colnr> <probs for GDERKNQSTAVLIFYWHMCP>
#	G	D	E	R	K	N	Q	S	T	A	V	L	I	F	Y	W	H	M	C	P
0	0.01115	0.08941	0.06688	0.02931	0.17472	0.02000	0.12723	0.04447	0.08077	0.27661	0.01038	0.01096	0.02062	0.00397	0.00359	0.00111	0.00403	0.01646	0.00286	0.00546
1	0.00707	0.00370	0.00374	0.00361	0.00455	0.00376	0.00274	0.05181	0.00803	0.01389	0.01157	0.01316	0.00906	0.00420	0.00257	0.00085	0.00180	0.00335	0.84703	0.00350
2	0.02465	0.01079	0.19444	0.07028	0.16799	0.06193	0.02298	0.06952	0.23043	0.08239	0.00937	0.00991	0.00696	0.00398	0.00367	0.00114	0.01832	0.00329	0.00256	0.00539
3	0.01046	0.52952	0.01515	0.00693	0.00971	0.08149	0.00625	0.14336	0.14380	0.01180	0.00717	0.00751	0.00588	0.00361	0.00281	0.00090	0.00392	0.00251	0.00223	0.00499
4	0.06061	0.02751	0.17191	0.00775	0.01094	0.00849	0.00734	0.31722	0.02040	0.26949	0.00959	0.00938	0.00655	0.00412	0.00361	0.00109	0.02210	0.00313	0.01465	0.02410
5	0.01978	0.13731	0.27320	0.05604	0.08330	0.01723	0.07959	0.01250	0.04355	0.18323	0.02395	0.00991	0.02768	0.00381	0.00341	0.00108	0.00429	0.00319	0.00237	0.01457
6	0.05380	0.19738	0.36166	0.00848	0.01236	0.00993	0.03101	0.16967	0.03605	0.07644	0.00735	0.00791	0.00539	0.00363	0.00320	0.00105	0.00439	0.00274	0.00225	0.00531
7	0.00488	0.00368	0.00451	0.00433	0.00528	0.00331	0.00327	0.00635	0.00958	0.01303	0.60319	0.02936	0.26012	0.00790	0.00426	0.00117	0.00177	0.02693	0.00377	0.00329
8	0.00845	0.04531	0.03670	0.01251	0.31985	0.02776	0.06627	0.06880	0.03796	0.06153	0.12441	0.05572	0.10915	0.00505	0.00377	0.00112	0.00359	0.00453	0.00266	0.00484
9	0.00932	0.03927	0.21042	0.10393	0.25038	0.02678	0.06028	0.06676	0.06117	0.09786	0.03367	0.00971	0.00681	0.00372	0.00356	0.00111	0.00440	0.00328	0.00227	0.00531
10	0.01083	0.00567	0.02344	0.00693	0.06088	0.00507	0.00523	0.01293	0.06149	0.40769	0.23756	0.05508	0.01684	0.00579	0.00389	0.00117	0.00276	0.05609	0.01571	0.00497
11	0.00877	0.03064	0.27106	0.01269	0.01674	0.00898	0.48404	0.06850	0.00884	0.04348	0.00733	0.00901	0.00534	0.00329	0.00389	0.00117	0.00554	0.00363	0.00194	0.00512
12	0.00944	0.17185	0.36204	0.04747	0.09440	0.16522	0.01884	0.02842	0.01880	0.04232	0.00650	0.00756	0.00499	0.00347	0.00323	0.00103	0.00501	0.00262	0.00179	0.00500
13	0.00944	0.12518	0.25771	0.05211	0.12074	0.03562	0.06939	0.03719	0.05141	0.13027	0.04132	0.01001	0.00721	0.00410	0.01253	0.00114	0.01255	0.01460	0.00230	0.00516
14	0.00556	0.00344	0.00471	0.00478	0.00516	0.00344	0.00341	0.00530	0.00582	0.00764	0.01366	0.03600	0.15855	0.07189	0.16272	0.44224	0.00407	0.05718	0.00213	0.00230
15	0.00521	0.00374	0.00494	0.01423	0.00620	0.00347	0.01828	0.00625	0.00777	0.04128	0.05889	0.41797	0.20757	0.00986	0.00453	0.00141	0.00240	0.17942	0.00336	0.00321
16	0.00943	0.12934	0.28457	0.06191	0.07245	0.05432	0.05311	0.05344	0.04310	0.12126	0.02440	0.03113	0.00724	0.00411	0.00347	0.00110	0.00443	0.03380	0.00231	0.00507
17	0.00852	0.06392	0.23013	0.11107	0.27423	0.00892	0.15199	0.03584	0.01914	0.03366	0.00694	0.00871	0.00534	0.00342	0.00375	0.00112	0.02311	0.00319	0.00183	0.00518
18	0.02966	0.04395	0.05392	0.00595	0.00722	0.08068	0.02935	0.02642	0.00785	0.01000	0.01975	0.34686	0.22585	0.00886	0.02509	0.00140	0.01925	0.05159	0.00289	0.00347
19	0.03451	0.06791	0.52339	0.06307	0.03667	0.05532	0.05162	0.03153	0.02900	0.02018	0.00715	0.00919	0.00555	0.01908	0.00369	0.00117	0.00498	0.02922	0.00179	0.00499
20	0.00892	0.03816	0.08682	0.20906	0.23841	0.08250	0.08528	0.02574	0.02308	0.07595	0.00818	0.05909	0.00686	0.03159	0.00408	0.00120	0.00455	0.00365	0.00209	0.00479
21	0.03452	0.03842	0.55298	0.02805	0.07176	0.00860	0.05705	0.09426	0.00852	0.01246	0.00708	0.00888	0.00538	0.00438	0.03065	0.00128	0.00511	0.02358	0.00184	0.00519
22	0.00775	0.00676	0.05573	0.10832	0.09514	0.03889	0.05857	0.03051	0.01815	0.08712	0.03415	0.01218	0.02119	0.01297	0.31551	0.06138	0.02576	0.00365	0.00219	0.00409

[dist]
# distance from previous block
# <min> <max>
0	227

# created by:
# /home/cegg/simao/soft/augustus-3.2.1/scripts/msa2prfl.pl ./align_prep/EOG092C5BZ8.fa
