[name]
unknown

[dist]
# distance from previous block
# <min> <max>
3	357

[block]
# block no. 0 follows, 60 sequences, length 7
# corresponding to MSA columns:
# 666-672
name=unknown_A
#
# <colnr> <probs for GDERKNQSTAVLIFYWHMCP>
#	G	D	E	R	K	N	Q	S	T	A	V	L	I	F	Y	W	H	M	C	P
0	0.04618	0.05055	0.03493	0.09598	0.08450	0.04387	0.02895	0.08503	0.03589	0.09082	0.03461	0.08629	0.01040	0.02121	0.00470	0.00129	0.02552	0.01506	0.00309	0.20115
1	0.06439	0.03188	0.04937	0.08346	0.10049	0.04595	0.05992	0.08702	0.04857	0.08399	0.06523	0.06632	0.03928	0.00592	0.00480	0.03881	0.00441	0.00468	0.00315	0.11235
2	0.01140	0.05006	0.08676	0.10412	0.11695	0.05389	0.00908	0.13205	0.06666	0.09297	0.06240	0.06681	0.03343	0.00593	0.00494	0.00138	0.05058	0.01762	0.00326	0.02971
3	0.01001	0.02820	0.03144	0.09565	0.03983	0.07348	0.03279	0.13528	0.01147	0.05184	0.07337	0.11633	0.12507	0.00831	0.05021	0.00163	0.00462	0.00576	0.00336	0.10134
4	0.06383	0.03824	0.03689	0.04637	0.06698	0.11813	0.10121	0.10614	0.04456	0.01504	0.01025	0.03215	0.03889	0.00580	0.03460	0.00141	0.03759	0.00394	0.00275	0.19524
5	0.03490	0.06861	0.04056	0.06081	0.06709	0.06023	0.03772	0.06582	0.06666	0.02700	0.03534	0.20908	0.03206	0.05946	0.02764	0.00174	0.04332	0.00610	0.00311	0.05277
6	0.01042	0.05119	0.01163	0.07882	0.08656	0.00816	0.04816	0.07624	0.06882	0.07371	0.04863	0.04627	0.03288	0.00490	0.00400	0.00111	0.00394	0.00421	0.02657	0.31380

[dist]
# distance from previous block
# <min> <max>
0	1

[block]
# block no. 1 follows, 60 sequences, length 13
# corresponding to MSA columns:
# 674-686
name=unknown_B
#
# <colnr> <probs for GDERKNQSTAVLIFYWHMCP>
#	G	D	E	R	K	N	Q	S	T	A	V	L	I	F	Y	W	H	M	C	P
0	0.06758	0.05593	0.01048	0.11076	0.07500	0.03071	0.03233	0.09882	0.00994	0.01375	0.01409	0.11379	0.05458	0.10562	0.05885	0.00212	0.02323	0.08382	0.00298	0.03562
1	0.03974	0.05187	0.01234	0.01073	0.09260	0.11284	0.00784	0.37060	0.05375	0.06094	0.03130	0.02830	0.04642	0.02849	0.00472	0.00136	0.00476	0.00425	0.00365	0.03348
2	0.00616	0.00468	0.00628	0.04517	0.05418	0.00447	0.00487	0.00712	0.00864	0.01139	0.05289	0.41687	0.14949	0.09566	0.00753	0.04230	0.00309	0.05104	0.00359	0.02456
3	0.02712	0.04890	0.00876	0.03567	0.03345	0.00630	0.03015	0.05672	0.00823	0.01143	0.01160	0.04466	0.06699	0.04371	0.09088	0.32883	0.00466	0.00444	0.00249	0.13502
4	0.01102	0.17958	0.05360	0.22909	0.08513	0.07646	0.04339	0.06058	0.16630	0.02577	0.00990	0.01169	0.00779	0.00465	0.00407	0.00131	0.00521	0.01589	0.00268	0.00588
5	0.00698	0.00590	0.00958	0.00849	0.00955	0.00641	0.11983	0.00847	0.00781	0.01097	0.05164	0.13598	0.01458	0.13976	0.36893	0.00436	0.07790	0.00617	0.00269	0.00403
6	0.00546	0.00397	0.00513	0.00587	0.00633	0.00367	0.00403	0.00641	0.00892	0.01187	0.11261	0.63953	0.10221	0.03487	0.00593	0.00177	0.00253	0.03118	0.00409	0.00361
7	0.00921	0.00840	0.03984	0.04946	0.13913	0.00806	0.16095	0.11137	0.01043	0.01425	0.01404	0.14975	0.04654	0.04915	0.04919	0.05203	0.00512	0.04748	0.03050	0.00510
8	0.04867	0.08949	0.08941	0.04750	0.03204	0.08982	0.07554	0.03400	0.00951	0.01258	0.03518	0.30953	0.02924	0.03522	0.01975	0.00166	0.00462	0.02850	0.00303	0.00469
9	0.00956	0.01824	0.56966	0.01169	0.01684	0.00988	0.05382	0.06766	0.05615	0.03998	0.01017	0.07705	0.00820	0.00519	0.00461	0.00143	0.02687	0.00426	0.00247	0.00626
10	0.04590	0.00449	0.00545	0.00603	0.00677	0.00434	0.00428	0.00761	0.04995	0.01262	0.09603	0.55137	0.12844	0.01199	0.00531	0.00167	0.00260	0.04721	0.00407	0.00386
11	0.03489	0.08340	0.05030	0.00975	0.01242	0.18611	0.06150	0.14862	0.07361	0.11041	0.01182	0.11414	0.01027	0.02455	0.00520	0.00142	0.04771	0.00479	0.00332	0.00578
12	0.06975	0.03683	0.00989	0.09350	0.01199	0.04297	0.01531	0.10825	0.03452	0.15458	0.03287	0.15009	0.09567	0.00710	0.00511	0.00141	0.06197	0.00575	0.00363	0.05881

[dist]
# distance from previous block
# <min> <max>
2	34

[block]
# block no. 2 follows, 60 sequences, length 54
# corresponding to MSA columns:
# 721,723-732,739-745,750-774,776-786
name=unknown_C
#
# <colnr> <probs for GDERKNQSTAVLIFYWHMCP>
#	G	D	E	R	K	N	Q	S	T	A	V	L	I	F	Y	W	H	M	C	P
0	0.05399	0.02714	0.30255	0.01084	0.03755	0.01001	0.06072	0.15535	0.06356	0.02865	0.02561	0.05841	0.03103	0.00531	0.00464	0.00135	0.03874	0.00430	0.00290	0.07735
1	0.01237	0.04137	0.09839	0.00973	0.02615	0.01061	0.02257	0.32606	0.04936	0.07486	0.03269	0.05180	0.05731	0.00719	0.02971	0.00160	0.08722	0.04137	0.00364	0.01599
2	0.04450	0.12981	0.04971	0.01152	0.04609	0.08613	0.16765	0.19765	0.03621	0.09078	0.05688	0.01182	0.00913	0.00532	0.02003	0.00141	0.02195	0.00407	0.00317	0.00615
3	0.04073	0.12829	0.32504	0.05265	0.05700	0.07865	0.01930	0.04394	0.03205	0.13236	0.01809	0.01027	0.00709	0.00440	0.00396	0.00127	0.00544	0.00340	0.00267	0.03340
4	0.00769	0.00808	0.10169	0.00790	0.00977	0.04399	0.05276	0.02551	0.00995	0.03429	0.20846	0.10799	0.10906	0.05074	0.13715	0.00249	0.03012	0.04445	0.00342	0.00449
5	0.01106	0.03635	0.16486	0.08425	0.43039	0.01057	0.01253	0.08993	0.02538	0.04818	0.00903	0.01138	0.00717	0.00442	0.00448	0.00135	0.02121	0.01836	0.00249	0.00660
6	0.00727	0.00653	0.06423	0.03135	0.00839	0.02949	0.00540	0.04881	0.02318	0.01133	0.01751	0.24528	0.08259	0.17555	0.07935	0.11669	0.00449	0.03569	0.00310	0.00376
7	0.00912	0.04388	0.73380	0.01325	0.07526	0.01029	0.01555	0.01387	0.00930	0.02518	0.00794	0.00934	0.00570	0.00413	0.00412	0.00136	0.00627	0.00326	0.00192	0.00647
8	0.00888	0.01019	0.08768	0.43391	0.03931	0.01010	0.23694	0.01198	0.00909	0.01220	0.00859	0.04420	0.00694	0.00470	0.00522	0.00149	0.05671	0.00451	0.00209	0.00526
9	0.00558	0.00410	0.00525	0.00578	0.00642	0.00377	0.00409	0.00677	0.00965	0.01293	0.23010	0.49880	0.13572	0.01204	0.00542	0.00164	0.00243	0.04155	0.00424	0.00373
10	0.00946	0.00794	0.03550	0.03253	0.10865	0.00770	0.04553	0.16698	0.06066	0.03918	0.07017	0.22986	0.12441	0.00837	0.00491	0.00150	0.00381	0.03372	0.00378	0.00534
11	0.01631	0.02022	0.01241	0.01116	0.01349	0.77525	0.00842	0.06951	0.01290	0.01179	0.00699	0.00804	0.00574	0.00454	0.00396	0.00114	0.00766	0.00288	0.00239	0.00521
12	0.00646	0.00450	0.00567	0.00601	0.00650	0.00447	0.00437	0.00740	0.00822	0.01092	0.07866	0.07582	0.04416	0.41643	0.04627	0.00320	0.00415	0.26011	0.00335	0.00332
13	0.00598	0.00427	0.00521	0.00562	0.00631	0.00399	0.00387	0.00728	0.03311	0.02598	0.12249	0.45133	0.17344	0.09829	0.00704	0.00189	0.00262	0.01005	0.02751	0.00373
14	0.03642	0.00865	0.01129	0.10660	0.16573	0.05973	0.03694	0.12694	0.03029	0.07560	0.02527	0.22880	0.03868	0.00737	0.00489	0.01729	0.00439	0.00632	0.00336	0.00546
15	0.00581	0.00446	0.00537	0.00562	0.00662	0.00410	0.00416	0.00750	0.03525	0.01345	0.24486	0.26492	0.29392	0.01113	0.00532	0.00157	0.00245	0.07534	0.00426	0.00389
16	0.00924	0.00775	0.00906	0.00648	0.01035	0.00582	0.00519	0.01117	0.00911	0.02890	0.00792	0.00915	0.00654	0.00327	0.00325	0.00066	0.00324	0.00262	0.00264	0.85765
17	0.03053	0.00552	0.00690	0.03537	0.04008	0.00520	0.00488	0.02377	0.01675	0.01227	0.04924	0.22338	0.07722	0.17012	0.03423	0.03188	0.00363	0.04687	0.01797	0.16417
18	0.01062	0.00871	0.08958	0.00933	0.03733	0.03155	0.06356	0.04259	0.00942	0.17060	0.03715	0.03082	0.01080	0.09017	0.19377	0.04003	0.07970	0.00466	0.03447	0.00512
19	0.00542	0.00398	0.00510	0.00589	0.00640	0.00366	0.00408	0.00636	0.00889	0.01167	0.07066	0.64207	0.14721	0.01294	0.00550	0.00172	0.00253	0.04822	0.00409	0.00362
20	0.00875	0.02256	0.82413	0.01243	0.01888	0.01013	0.01611	0.01381	0.00921	0.01381	0.00783	0.00921	0.00552	0.00414	0.00414	0.00138	0.00645	0.00322	0.00184	0.00645
21	0.03951	0.00996	0.01651	0.17080	0.44341	0.03265	0.11609	0.02479	0.00986	0.01379	0.00934	0.01299	0.02122	0.00449	0.00456	0.00138	0.01490	0.03726	0.00229	0.01420
22	0.00774	0.00542	0.00631	0.00600	0.00712	0.00551	0.00429	0.01825	0.14181	0.06268	0.12673	0.08405	0.14419	0.26466	0.08210	0.00278	0.00397	0.00687	0.01529	0.00424
23	0.00602	0.00445	0.00566	0.00635	0.00716	0.00420	0.00493	0.00731	0.00929	0.01194	0.04169	0.28559	0.20553	0.07117	0.00682	0.00196	0.00314	0.30916	0.00395	0.00370
24	0.10025	0.00541	0.00614	0.00604	0.00727	0.01584	0.00449	0.01723	0.04884	0.06959	0.08046	0.20785	0.14331	0.04083	0.08033	0.07955	0.00376	0.02765	0.05105	0.00412
25	0.00633	0.00422	0.00495	0.00498	0.00508	0.00424	0.00295	0.00639	0.00652	0.00871	0.01452	0.05758	0.03774	0.69988	0.07068	0.04887	0.00455	0.00641	0.00268	0.00274
26	0.69346	0.00854	0.00716	0.00635	0.00904	0.00980	0.00516	0.01493	0.14058	0.05756	0.00853	0.00897	0.00643	0.00442	0.00307	0.00137	0.00340	0.00288	0.00311	0.00521
27	0.00896	0.00523	0.00658	0.00634	0.00747	0.00504	0.00457	0.03655	0.05590	0.15625	0.07384	0.30474	0.06339	0.14601	0.02376	0.06382	0.00337	0.01985	0.00396	0.00435
28	0.00581	0.00402	0.00513	0.00578	0.00614	0.00378	0.00386	0.00648	0.00826	0.02117	0.05405	0.56659	0.06892	0.16834	0.00887	0.02083	0.00289	0.03186	0.00379	0.00343
29	0.01211	0.00639	0.00798	0.00682	0.00902	0.00601	0.00537	0.03683	0.10972	0.33244	0.24203	0.06917	0.12229	0.00760	0.00476	0.00141	0.00300	0.00646	0.00484	0.00576
30	0.00914	0.00513	0.00529	0.00492	0.00624	0.00529	0.00377	0.11457	0.01061	0.01755	0.01409	0.04558	0.01133	0.00541	0.00331	0.00108	0.00241	0.00435	0.72543	0.00449
31	0.00574	0.00410	0.00520	0.00587	0.00624	0.00389	0.00390	0.02330	0.00856	0.01141	0.05913	0.63519	0.06061	0.13564	0.00795	0.00209	0.00279	0.01099	0.00388	0.00352
32	0.01266	0.67092	0.02059	0.00828	0.01169	0.19211	0.00767	0.01400	0.00962	0.01035	0.00621	0.00718	0.00560	0.00390	0.00304	0.00097	0.00535	0.00243	0.00195	0.00548
33	0.06259	0.00928	0.01031	0.00818	0.01114	0.00980	0.00668	0.38074	0.06860	0.22983	0.01305	0.01272	0.00913	0.00523	0.00407	0.00129	0.00391	0.00405	0.14268	0.00670
34	0.00665	0.00409	0.00517	0.00523	0.00528	0.00410	0.00322	0.00619	0.00630	0.00844	0.01241	0.07621	0.01392	0.49855	0.05692	0.27211	0.00433	0.00587	0.00249	0.00253
35	0.00541	0.00386	0.00517	0.00618	0.00648	0.00363	0.00422	0.00624	0.00845	0.01124	0.02398	0.79885	0.02863	0.01357	0.00559	0.00178	0.00261	0.05646	0.00405	0.00357
36	0.00798	0.00610	0.00848	0.00825	0.03109	0.00718	0.00626	0.04202	0.08070	0.02897	0.01116	0.01534	0.00998	0.02333	0.51427	0.08321	0.10424	0.00446	0.00258	0.00439
37	0.00863	0.00739	0.00805	0.00771	0.00920	0.04994	0.00591	0.03112	0.30851	0.01425	0.04942	0.13938	0.07101	0.04565	0.14571	0.00259	0.02484	0.06189	0.00374	0.00508
38	0.00621	0.00419	0.00486	0.00496	0.00505	0.00414	0.00290	0.00642	0.00693	0.00930	0.06080	0.12929	0.01890	0.69628	0.01918	0.00376	0.00390	0.00718	0.00294	0.00284
39	0.01093	0.00934	0.00987	0.00882	0.01129	0.01076	0.00688	0.05118	0.76078	0.01856	0.03959	0.01651	0.01387	0.00598	0.00445	0.00147	0.00346	0.00498	0.00445	0.00684
40	0.02654	0.00450	0.00491	0.00497	0.00626	0.00393	0.00366	0.00705	0.00994	0.03680	0.12457	0.18469	0.54494	0.01095	0.00515	0.00151	0.00232	0.00933	0.00414	0.00384
41	0.00712	0.00477	0.00601	0.00639	0.00721	0.00460	0.00453	0.03974	0.05060	0.06732	0.05391	0.58898	0.06855	0.03808	0.00588	0.00176	0.00281	0.03346	0.00416	0.00415
42	0.00904	0.00775	0.00904	0.00646	0.01034	0.00581	0.00517	0.01098	0.00904	0.01421	0.00775	0.00904	0.00646	0.00323	0.00323	0.00065	0.00323	0.00258	0.00258	0.87339
43	0.00544	0.00416	0.00503	0.00565	0.00645	0.00375	0.00409	0.00646	0.00914	0.01158	0.03160	0.45407	0.32858	0.01250	0.00546	0.00168	0.00257	0.09410	0.00405	0.00365
44	0.00904	0.00861	0.01470	0.57815	0.26681	0.00992	0.02719	0.01187	0.00911	0.01213	0.00791	0.01138	0.00616	0.00421	0.00436	0.00141	0.00565	0.00390	0.00201	0.00548
45	0.00635	0.00438	0.00502	0.00495	0.00560	0.00410	0.00324	0.00705	0.00851	0.03441	0.15456	0.07523	0.21951	0.43282	0.01376	0.00286	0.00326	0.00757	0.00350	0.00333
46	0.04421	0.00489	0.00569	0.00561	0.00679	0.00464	0.00411	0.01906	0.02761	0.08789	0.13574	0.22719	0.18645	0.09229	0.00653	0.00175	0.00275	0.03208	0.10057	0.00417
47	0.00809	0.00728	0.00982	0.03891	0.16831	0.03167	0.03616	0.04600	0.04182	0.01340	0.07530	0.13021	0.25690	0.02314	0.02345	0.00165	0.05830	0.02138	0.00336	0.00485
48	0.12739	0.05630	0.00973	0.00729	0.01005	0.02743	0.00597	0.11301	0.01238	0.36901	0.14690	0.03348	0.05040	0.00608	0.00424	0.00133	0.00359	0.00486	0.00445	0.00612
49	0.00744	0.00520	0.00628	0.00622	0.00722	0.00519	0.00449	0.06002	0.06702	0.04652	0.10892	0.27494	0.12601	0.14600	0.05382	0.02636	0.00357	0.03679	0.00385	0.00412
50	0.09631	0.00586	0.00688	0.01974	0.00794	0.00617	0.00481	0.09509	0.02650	0.04636	0.06375	0.05484	0.13385	0.11646	0.16310	0.13443	0.00502	0.00560	0.00320	0.00410
51	0.03416	0.00769	0.01051	0.11799	0.10135	0.04765	0.07383	0.02489	0.08186	0.03126	0.15643	0.10501	0.11140	0.03256	0.00564	0.01746	0.01566	0.01638	0.00337	0.00492
52	0.00751	0.02136	0.00770	0.04728	0.04926	0.00582	0.02045	0.05361	0.06351	0.03457	0.03813	0.40551	0.10437	0.06463	0.01724	0.03891	0.00341	0.00875	0.00367	0.00431
53	0.03235	0.00603	0.00678	0.04971	0.00865	0.04464	0.00493	0.03471	0.03044	0.09319	0.14847	0.17846	0.16621	0.07735	0.05379	0.00199	0.00370	0.00732	0.04689	0.00440

[dist]
# distance from previous block
# <min> <max>
2	142

[block]
# block no. 3 follows, 60 sequences, length 14
# corresponding to MSA columns:
# 935-948
name=unknown_D
#
# <colnr> <probs for GDERKNQSTAVLIFYWHMCP>
#	G	D	E	R	K	N	Q	S	T	A	V	L	I	F	Y	W	H	M	C	P
0	0.01051	0.00841	0.02311	0.03117	0.05966	0.02698	0.02141	0.17378	0.10032	0.05610	0.01394	0.17515	0.01328	0.10674	0.00671	0.00169	0.01566	0.01533	0.00352	0.13653
1	0.01140	0.00896	0.01094	0.07924	0.04019	0.02750	0.03051	0.24346	0.03941	0.05827	0.05844	0.04750	0.05458	0.00602	0.00470	0.00128	0.03124	0.05517	0.00355	0.18763
2	0.01100	0.05074	0.03781	0.12195	0.09355	0.05106	0.00816	0.21637	0.04593	0.03260	0.01261	0.05579	0.05275	0.07278	0.05881	0.02175	0.01331	0.01378	0.00311	0.02613
3	0.00983	0.05903	0.06015	0.02396	0.01246	0.11818	0.10154	0.01325	0.12878	0.01304	0.05616	0.01792	0.13092	0.00667	0.00659	0.00148	0.18099	0.03035	0.02352	0.00517
4	0.01009	0.00904	0.01449	0.06835	0.52666	0.00933	0.01100	0.07416	0.01016	0.01424	0.01004	0.03458	0.00909	0.05209	0.09262	0.00211	0.00571	0.03767	0.00249	0.00608
5	0.01327	0.00912	0.01207	0.11198	0.19321	0.07783	0.03539	0.04894	0.02787	0.26502	0.03264	0.01458	0.04875	0.00513	0.00429	0.00131	0.00454	0.00439	0.08349	0.00616
6	0.01123	0.61116	0.21010	0.00883	0.01312	0.05910	0.00954	0.01347	0.00913	0.01112	0.00651	0.00756	0.00558	0.00387	0.00317	0.00105	0.00525	0.00257	0.00188	0.00577
7	0.00649	0.00516	0.00682	0.15539	0.01084	0.00527	0.00551	0.04930	0.00963	0.01248	0.07687	0.38191	0.20974	0.03717	0.00569	0.00167	0.00319	0.00918	0.00369	0.00402
8	0.00582	0.00415	0.00512	0.00572	0.00631	0.00394	0.00396	0.00710	0.03017	0.01199	0.05918	0.53020	0.13302	0.05654	0.02674	0.00191	0.00280	0.02505	0.07659	0.00369
9	0.00940	0.00925	0.03951	0.08561	0.22450	0.02099	0.12453	0.01411	0.18792	0.01426	0.01504	0.08310	0.05225	0.00640	0.00479	0.00150	0.00476	0.09318	0.00309	0.00579
10	0.32784	0.00662	0.00678	0.00628	0.00823	0.00697	0.00493	0.01238	0.07150	0.12109	0.14474	0.12565	0.05635	0.03179	0.00470	0.00155	0.00311	0.05082	0.00384	0.00484
11	0.01033	0.00591	0.00713	0.00648	0.00788	0.00580	0.00473	0.11042	0.02354	0.18389	0.05145	0.21178	0.03414	0.23858	0.00955	0.00223	0.00352	0.02416	0.05375	0.00472
12	0.00558	0.00415	0.00523	0.00582	0.00653	0.00380	0.00419	0.00673	0.00946	0.01243	0.14957	0.47247	0.19732	0.01223	0.00546	0.00167	0.00254	0.08694	0.00416	0.00371
13	0.00544	0.00434	0.00489	0.00507	0.00623	0.00379	0.00376	0.00668	0.01004	0.01264	0.16260	0.18625	0.51100	0.01123	0.00527	0.00154	0.00233	0.04898	0.00417	0.00374

[dist]
# distance from previous block
# <min> <max>
7	10

[block]
# block no. 4 follows, 60 sequences, length 48
# corresponding to MSA columns:
# 960-971,974-989,1007-1017,1022-1030
name=unknown_E
#
# <colnr> <probs for GDERKNQSTAVLIFYWHMCP>
#	G	D	E	R	K	N	Q	S	T	A	V	L	I	F	Y	W	H	M	C	P
0	0.01012	0.00966	0.02075	0.09670	0.26608	0.09982	0.02232	0.09252	0.02659	0.01430	0.06676	0.10389	0.04869	0.02320	0.05963	0.00181	0.01476	0.01397	0.00292	0.00550
1	0.00665	0.00479	0.00582	0.00619	0.00690	0.00476	0.00426	0.00899	0.11847	0.03450	0.06229	0.50400	0.06891	0.13293	0.00775	0.00204	0.00289	0.00987	0.00397	0.00402
2	0.01186	0.81349	0.02240	0.00763	0.01129	0.05240	0.00750	0.01325	0.00901	0.01028	0.00609	0.00703	0.00560	0.00376	0.00285	0.00094	0.00480	0.00235	0.00188	0.00557
3	0.01445	0.00755	0.00918	0.00758	0.01038	0.00733	0.00607	0.01930	0.25343	0.43229	0.04771	0.01901	0.11024	0.00630	0.00449	0.00139	0.00338	0.00521	0.00485	0.02987
4	0.01658	0.01222	0.01309	0.01003	0.01353	0.01353	0.00829	0.80497	0.02051	0.02749	0.01047	0.01047	0.00742	0.00524	0.00436	0.00131	0.00480	0.00393	0.00436	0.00742
5	0.00905	0.00861	0.01457	0.49870	0.30850	0.00969	0.02653	0.01178	0.00923	0.01232	0.00951	0.01265	0.04136	0.00447	0.00439	0.00140	0.00546	0.00413	0.00211	0.00554
6	0.00687	0.00480	0.00616	0.00662	0.00775	0.00452	0.00536	0.00858	0.02093	0.05156	0.09218	0.17802	0.21719	0.01142	0.00557	0.00175	0.00315	0.35934	0.00417	0.00407
7	0.00623	0.00467	0.00701	0.00701	0.00779	0.00545	0.00545	0.00779	0.00701	0.01012	0.01168	0.01713	0.01090	0.03271	0.82944	0.00701	0.01168	0.00467	0.00234	0.00389
8	0.00954	0.00954	0.01336	0.01145	0.01145	0.01336	0.00954	0.01050	0.00668	0.01050	0.00573	0.00954	0.00573	0.00763	0.01431	0.00191	0.83874	0.00382	0.00191	0.00477
9	0.04604	0.11124	0.01209	0.14763	0.05131	0.07285	0.00768	0.21802	0.04687	0.02467	0.01973	0.03978	0.04999	0.08483	0.00644	0.04325	0.00475	0.00442	0.00304	0.00538
10	0.00537	0.00443	0.00471	0.00464	0.00602	0.00377	0.00348	0.00667	0.01044	0.01297	0.20528	0.04002	0.65591	0.01060	0.00515	0.00145	0.00218	0.00893	0.00421	0.00377
11	0.00887	0.00840	0.01422	0.63619	0.22515	0.00986	0.01243	0.01170	0.00902	0.01191	0.00786	0.01142	0.00608	0.00424	0.00435	0.00141	0.00566	0.00388	0.00199	0.00535
12	0.51442	0.00808	0.00860	0.18189	0.01357	0.00906	0.00664	0.01423	0.00875	0.18546	0.00875	0.00967	0.00622	0.00440	0.00340	0.00137	0.00396	0.00310	0.00310	0.00531
13	0.01029	0.01176	0.02574	0.01838	0.02279	0.01103	0.80368	0.01397	0.01029	0.01397	0.00882	0.01176	0.00662	0.00368	0.00515	0.00147	0.00735	0.00515	0.00221	0.00588
14	0.01605	0.12477	0.05397	0.00930	0.01276	0.10781	0.00803	0.32813	0.04694	0.23217	0.01138	0.01102	0.00799	0.00496	0.00410	0.00126	0.00488	0.00371	0.00393	0.00683
15	0.03511	0.06976	0.03466	0.00841	0.01138	0.00950	0.00710	0.14561	0.15947	0.34504	0.06321	0.02670	0.01192	0.00573	0.00478	0.00137	0.04464	0.00449	0.00441	0.00671
16	0.00560	0.00447	0.00506	0.00519	0.00646	0.00393	0.00401	0.00698	0.01028	0.01291	0.17396	0.08497	0.53048	0.01096	0.00530	0.00155	0.00245	0.11748	0.00418	0.00380
17	0.01066	0.01022	0.01746	0.06975	0.77760	0.01033	0.01332	0.01327	0.00987	0.01408	0.00818	0.01084	0.00685	0.00391	0.00432	0.00130	0.00521	0.00389	0.00215	0.00680
18	0.00535	0.00381	0.00505	0.00603	0.00627	0.00357	0.00400	0.00608	0.00828	0.01104	0.02369	0.81603	0.02840	0.04212	0.00613	0.00186	0.00259	0.01219	0.00400	0.00351
19	0.00670	0.00501	0.00728	0.00715	0.00805	0.00582	0.00558	0.04378	0.00762	0.01091	0.01163	0.01683	0.01075	0.03147	0.79219	0.00675	0.01137	0.00464	0.00243	0.00405
20	0.00665	0.00471	0.00625	0.00620	0.00728	0.00447	0.00491	0.00884	0.02321	0.02825	0.59775	0.03619	0.03634	0.00960	0.00534	0.00153	0.00259	0.20112	0.00461	0.00418
21	0.00557	0.00436	0.00510	0.00553	0.00658	0.00390	0.00419	0.00678	0.00963	0.01206	0.06528	0.25506	0.43921	0.01183	0.00542	0.00164	0.00261	0.14746	0.00407	0.00372
22	0.00630	0.00440	0.00561	0.00561	0.00591	0.00469	0.00371	0.00689	0.00660	0.00909	0.01296	0.02421	0.01397	0.53750	0.32885	0.00528	0.00706	0.00571	0.00253	0.00312
23	0.19303	0.01639	0.01174	0.01014	0.01278	0.48506	0.03590	0.15805	0.01274	0.01564	0.00735	0.00831	0.00579	0.00451	0.00380	0.00122	0.00637	0.00300	0.00272	0.00544
24	0.02593	0.00473	0.00608	0.00571	0.00691	0.00437	0.00431	0.00911	0.01181	0.07980	0.63233	0.09488	0.06860	0.00904	0.00508	0.00141	0.00229	0.01861	0.00470	0.00432
25	0.00533	0.00381	0.00508	0.00606	0.00633	0.00355	0.00405	0.00612	0.00844	0.01127	0.04087	0.82666	0.02911	0.01356	0.00556	0.00176	0.00252	0.01230	0.00406	0.00355
26	0.00890	0.06720	0.78086	0.01216	0.01846	0.01051	0.01565	0.01377	0.00919	0.01362	0.00773	0.00909	0.00553	0.00412	0.00407	0.00136	0.00635	0.00317	0.00184	0.00640
27	0.00603	0.00456	0.00553	0.00562	0.00681	0.00415	0.00444	0.00772	0.01088	0.01438	0.33890	0.03932	0.32353	0.01030	0.00529	0.00154	0.00254	0.18021	0.02431	0.00393
28	0.24889	0.00764	0.00839	0.00692	0.00963	0.00775	0.00557	0.06146	0.07824	0.37117	0.01339	0.01352	0.00949	0.05192	0.00480	0.00149	0.00353	0.00394	0.08621	0.00606
29	0.01151	0.75131	0.09698	0.00802	0.01197	0.03744	0.00829	0.01324	0.00898	0.01060	0.00624	0.00722	0.00559	0.00379	0.00295	0.00098	0.00491	0.00243	0.00187	0.00566
30	0.00933	0.00883	0.01470	0.41331	0.38378	0.00976	0.01216	0.01227	0.03128	0.01276	0.00981	0.01269	0.04165	0.00448	0.00438	0.00138	0.00531	0.00414	0.00220	0.00578
31	0.00560	0.00400	0.00539	0.00640	0.00678	0.00379	0.00455	0.00657	0.00863	0.01146	0.02388	0.71011	0.02822	0.01339	0.00564	0.00181	0.00278	0.14331	0.00404	0.00362
32	0.00679	0.00403	0.00482	0.00533	0.00596	0.00388	0.00375	0.00808	0.00873	0.02849	0.01965	0.44688	0.02096	0.03984	0.00516	0.00156	0.00247	0.03465	0.34517	0.00381
33	0.01621	0.00967	0.01093	0.00852	0.01162	0.01012	0.00699	0.46597	0.01657	0.25272	0.01294	0.01256	0.00893	0.00526	0.00418	0.00128	0.00409	0.00408	0.13045	0.00693
34	0.01704	0.01023	0.01171	0.00911	0.01246	0.01074	0.00748	0.44796	0.09991	0.30627	0.01360	0.01261	0.00922	0.00536	0.00438	0.00134	0.00428	0.00419	0.00473	0.00737
35	0.00586	0.00428	0.00526	0.00569	0.00640	0.00399	0.00411	0.00686	0.00906	0.01179	0.11574	0.28531	0.21720	0.14694	0.00843	0.02088	0.00293	0.13186	0.00385	0.00353
36	0.84885	0.00885	0.00661	0.00592	0.00860	0.03707	0.00485	0.01297	0.00759	0.01927	0.00610	0.00711	0.00475	0.00406	0.00274	0.00134	0.00352	0.00238	0.00268	0.00473
37	0.02454	0.01099	0.02290	0.01664	0.02051	0.01055	0.67258	0.03469	0.01033	0.01424	0.03121	0.05964	0.00877	0.00458	0.00544	0.00149	0.03726	0.00551	0.00244	0.00568
38	0.01262	0.64977	0.04254	0.00814	0.01190	0.01627	0.00787	0.18065	0.01134	0.01400	0.00704	0.00779	0.00598	0.00406	0.00317	0.00102	0.00474	0.00269	0.00239	0.00601
39	0.00540	0.00420	0.00490	0.00520	0.00616	0.00371	0.00372	0.00655	0.00981	0.01259	0.17741	0.32622	0.39537	0.01159	0.00530	0.00156	0.00230	0.01010	0.00419	0.00371
40	0.00623	0.00451	0.00587	0.00625	0.00676	0.00441	0.01914	0.04106	0.00855	0.01138	0.02109	0.52088	0.05009	0.19701	0.03845	0.00247	0.00347	0.04513	0.00366	0.00359
41	0.01194	0.23166	0.29182	0.03276	0.01488	0.13186	0.01065	0.08367	0.08965	0.04899	0.00882	0.00956	0.00672	0.00442	0.00383	0.00123	0.00562	0.00323	0.00254	0.00615
42	0.00884	0.00566	0.00625	0.00561	0.00716	0.00568	0.00434	0.12723	0.03407	0.03930	0.23687	0.02313	0.12261	0.00695	0.00416	0.00124	0.00256	0.00578	0.34786	0.00469
43	0.03058	0.00406	0.00520	0.00596	0.00642	0.00383	0.00409	0.00657	0.00882	0.01209	0.11088	0.67332	0.05725	0.02604	0.00570	0.00175	0.00255	0.02720	0.00407	0.00364
44	0.00618	0.00430	0.00527	0.00549	0.00567	0.00435	0.00350	0.00663	0.00726	0.00979	0.05143	0.22356	0.01991	0.51802	0.06112	0.00354	0.02223	0.03557	0.00309	0.00309
45	0.05737	0.01145	0.03113	0.00974	0.01297	0.01226	0.03330	0.62820	0.01785	0.04238	0.01084	0.04060	0.00832	0.02847	0.00498	0.00142	0.01912	0.00425	0.01849	0.00684
46	0.01036	0.04783	0.01265	0.30913	0.12473	0.06469	0.01760	0.09219	0.05374	0.04831	0.01267	0.04450	0.07647	0.00638	0.03203	0.00157	0.02094	0.00460	0.00279	0.01683
47	0.03001	0.01463	0.25958	0.03635	0.16143	0.06978	0.02621	0.18506	0.02938	0.01665	0.02300	0.01169	0.04214	0.00485	0.00458	0.00133	0.03387	0.00387	0.00274	0.04288

[dist]
# distance from previous block
# <min> <max>
1	16

[block]
# block no. 5 follows, 60 sequences, length 96
# corresponding to MSA columns:
# 1137-1141,1148-1157,1159-1196,1198,1199,1211-1216,1221-1229,1234-1244,1248-1262
name=unknown_F
#
# <colnr> <probs for GDERKNQSTAVLIFYWHMCP>
#	G	D	E	R	K	N	Q	S	T	A	V	L	I	F	Y	W	H	M	C	P
0	0.04173	0.02145	0.01326	0.05670	0.26410	0.07959	0.03454	0.11209	0.02822	0.04408	0.02946	0.01295	0.05249	0.00637	0.04649	0.00158	0.05825	0.00410	0.00281	0.08973
1	0.02190	0.00631	0.00841	0.07649	0.06310	0.02049	0.02971	0.00996	0.08158	0.01333	0.17092	0.10703	0.16938	0.01091	0.08218	0.04541	0.03543	0.02091	0.00344	0.02310
2	0.03693	0.00503	0.00646	0.00667	0.01596	0.00494	0.02424	0.02646	0.03811	0.02575	0.04566	0.38003	0.11452	0.09707	0.06482	0.01732	0.00371	0.06508	0.00368	0.01756
3	0.00900	0.00905	0.04278	0.35443	0.12996	0.03706	0.07610	0.02886	0.05388	0.01286	0.02953	0.11063	0.01055	0.00585	0.00492	0.00147	0.03278	0.02796	0.00257	0.01974
4	0.00845	0.00742	0.01042	0.04589	0.07270	0.00657	0.07791	0.01045	0.02270	0.01298	0.01196	0.08100	0.04084	0.10628	0.00643	0.00145	0.02186	0.03323	0.00274	0.41873
5	0.05174	0.00509	0.00593	0.00568	0.00683	0.00486	0.00406	0.03615	0.00943	0.11741	0.09542	0.20350	0.14797	0.22147	0.00922	0.00218	0.00313	0.01884	0.04697	0.00412
6	0.23176	0.00613	0.00650	0.00649	0.02160	0.00649	0.00477	0.02618	0.08399	0.03636	0.05271	0.17340	0.10698	0.08358	0.03566	0.05159	0.00351	0.04614	0.01183	0.00431
7	0.00626	0.00448	0.00591	0.00637	0.00682	0.00462	0.00464	0.00722	0.00789	0.01059	0.01854	0.24792	0.03176	0.26917	0.14764	0.00344	0.02275	0.18723	0.00328	0.00346
8	0.00711	0.00495	0.00614	0.00581	0.00643	0.00501	0.02215	0.04689	0.00797	0.02837	0.04260	0.05319	0.07336	0.52797	0.12104	0.00389	0.00500	0.02573	0.00299	0.00341
9	0.05340	0.00548	0.00622	0.00583	0.00738	0.00521	0.00441	0.05925	0.02749	0.11861	0.11223	0.17304	0.27020	0.04901	0.00561	0.00159	0.00281	0.02201	0.06569	0.00453
10	0.00608	0.00423	0.00538	0.00604	0.00665	0.00395	0.00419	0.00730	0.03219	0.04113	0.04267	0.62910	0.12238	0.03354	0.00586	0.00177	0.00264	0.03699	0.00409	0.00380
11	0.04093	0.00857	0.01014	0.00803	0.01104	0.01718	0.00656	0.23178	0.05447	0.42652	0.03791	0.01412	0.01070	0.00608	0.02460	0.00146	0.00404	0.00430	0.07473	0.00684
12	0.00653	0.00461	0.00574	0.00618	0.00697	0.00448	0.00440	0.00865	0.08487	0.03687	0.10879	0.51839	0.08686	0.02521	0.00555	0.00169	0.00265	0.04170	0.03579	0.00407
13	0.04345	0.00514	0.00602	0.00564	0.00715	0.00473	0.00423	0.01010	0.03683	0.14854	0.18973	0.14558	0.28187	0.05424	0.00580	0.00160	0.00266	0.00784	0.03437	0.00448
14	0.00676	0.00473	0.00693	0.00685	0.00770	0.00539	0.00530	0.00829	0.00725	0.03799	0.01203	0.01740	0.01107	0.05760	0.74458	0.00651	0.01081	0.00470	0.03412	0.00398
15	0.01010	0.01028	0.00838	0.00812	0.00962	0.26204	0.00611	0.04815	0.09602	0.01331	0.07956	0.23981	0.08291	0.00871	0.00481	0.00147	0.00446	0.08057	0.02090	0.00466
16	0.00839	0.00604	0.00709	0.00643	0.00795	0.00609	0.00492	0.12809	0.08239	0.03745	0.40166	0.09400	0.10108	0.03583	0.00547	0.00150	0.00278	0.02006	0.03798	0.00479
17	0.01892	0.00569	0.00680	0.00623	0.00781	0.00543	0.00467	0.07070	0.03941	0.18419	0.08981	0.20134	0.16401	0.10217	0.00675	0.00178	0.00307	0.01870	0.05772	0.00480
18	0.00954	0.00954	0.01336	0.01145	0.01145	0.01336	0.00954	0.01050	0.00668	0.01050	0.00573	0.00954	0.00573	0.00763	0.01431	0.00191	0.83874	0.00382	0.00191	0.00477
19	0.20938	0.00953	0.01010	0.00824	0.01128	0.01033	0.00670	0.25002	0.20711	0.21392	0.01286	0.01216	0.00905	0.00517	0.00401	0.00137	0.00389	0.00393	0.00426	0.00669
20	0.02879	0.00556	0.00688	0.00680	0.00798	0.00598	0.00510	0.01101	0.17437	0.03730	0.10082	0.21368	0.07056	0.03455	0.26633	0.00334	0.00564	0.00713	0.00364	0.00454
21	0.00924	0.00532	0.00673	0.00599	0.00768	0.00483	0.00467	0.02585	0.02149	0.19409	0.44002	0.03014	0.17326	0.00848	0.00496	0.00140	0.00258	0.03387	0.01452	0.00486
22	0.00562	0.00402	0.00544	0.00642	0.00681	0.00385	0.00457	0.00661	0.00857	0.01140	0.02344	0.68774	0.02760	0.01410	0.03568	0.00200	0.00310	0.13543	0.00398	0.00363
23	0.00591	0.00432	0.00507	0.00508	0.00575	0.00408	0.00343	0.00680	0.00878	0.01160	0.19722	0.09817	0.22919	0.33023	0.06319	0.00287	0.00356	0.00780	0.00357	0.00338
24	0.00658	0.00519	0.00713	0.00709	0.00791	0.02948	0.00547	0.00822	0.01718	0.01019	0.01168	0.01719	0.01093	0.05574	0.77111	0.00669	0.01125	0.00467	0.00237	0.00393
25	0.01025	0.01208	0.04899	0.01821	0.02268	0.01100	0.78073	0.01397	0.01026	0.01397	0.00879	0.01169	0.00659	0.00369	0.00512	0.00147	0.00733	0.00509	0.00220	0.00590
26	0.00846	0.00571	0.00684	0.00644	0.00796	0.00566	0.00492	0.02564	0.15919	0.09867	0.29835	0.14772	0.12136	0.00888	0.00494	0.00147	0.00271	0.04204	0.03815	0.00489
27	0.00568	0.00445	0.00517	0.00517	0.00638	0.00394	0.00393	0.00719	0.01076	0.01396	0.32799	0.07857	0.43142	0.01046	0.00524	0.00149	0.00230	0.06771	0.00433	0.00386
28	0.01457	0.00973	0.01085	0.00895	0.01192	0.01057	0.00719	0.24792	0.39425	0.21162	0.01553	0.01426	0.01102	0.00560	0.00440	0.00140	0.00390	0.00451	0.00464	0.00717
29	0.00538	0.00384	0.00513	0.00614	0.00642	0.00360	0.00416	0.00618	0.00841	0.01120	0.02400	0.81490	0.02871	0.01361	0.00558	0.00178	0.00258	0.04075	0.00405	0.00356
30	0.01596	0.02023	0.01241	0.01125	0.01338	0.78861	0.00848	0.01707	0.01208	0.01067	0.00669	0.00795	0.00562	0.00465	0.00445	0.00116	0.04921	0.00286	0.00223	0.00504
31	0.00614	0.00446	0.00578	0.00545	0.00650	0.00410	0.00409	0.00817	0.01227	0.01730	0.79164	0.03289	0.06684	0.00899	0.00514	0.00138	0.00206	0.00793	0.00478	0.00410
32	0.01896	0.00756	0.01010	0.00784	0.01115	0.00672	0.00644	0.02139	0.06781	0.76685	0.01724	0.01494	0.01097	0.00543	0.00439	0.00136	0.00369	0.00442	0.00533	0.00739
33	0.00741	0.00477	0.00602	0.00553	0.00689	0.00428	0.00421	0.00925	0.01191	0.10226	0.58718	0.03245	0.18332	0.00894	0.00507	0.00139	0.00226	0.00776	0.00472	0.00439
34	0.01629	0.02079	0.01236	0.01124	0.01348	0.82921	0.00843	0.01742	0.01236	0.01067	0.00674	0.00787	0.00562	0.00449	0.00393	0.00112	0.00787	0.00281	0.00225	0.00506
35	0.01628	0.01198	0.01284	0.00988	0.01326	0.01325	0.00812	0.78124	0.02009	0.02692	0.01057	0.01101	0.00767	0.03024	0.00489	0.00140	0.00478	0.00400	0.00431	0.00728
36	0.00624	0.00465	0.00689	0.00689	0.00762	0.00539	0.00530	0.00771	0.00697	0.01003	0.01179	0.01775	0.01117	0.07673	0.78579	0.00686	0.01128	0.00476	0.00235	0.00383
37	0.01573	0.12702	0.03077	0.00981	0.01331	0.06719	0.00834	0.62971	0.01816	0.02377	0.00957	0.00980	0.00701	0.00496	0.00412	0.00125	0.00501	0.00362	0.00383	0.00700
38	0.01534	0.01923	0.01225	0.01110	0.01310	0.72889	0.00841	0.01647	0.01168	0.01064	0.00684	0.00835	0.00582	0.00580	0.03505	0.00141	0.07946	0.00296	0.00222	0.00499
39	0.01867	0.00846	0.01102	0.00844	0.01184	0.00794	0.02362	0.17178	0.02532	0.64122	0.01574	0.01396	0.01009	0.00534	0.00440	0.00135	0.00399	0.00432	0.00512	0.00738
40	0.00537	0.00383	0.00508	0.00601	0.00629	0.00358	0.00401	0.00616	0.00843	0.01128	0.05162	0.79161	0.02890	0.03777	0.00604	0.00183	0.00256	0.01206	0.00403	0.00354
41	0.00574	0.00415	0.00535	0.00614	0.00663	0.00394	0.00430	0.00691	0.03425	0.01148	0.03475	0.62369	0.09576	0.02847	0.00626	0.03356	0.00273	0.07829	0.00396	0.00363
42	0.01187	0.00933	0.01003	0.00883	0.01142	0.01058	0.00692	0.05790	0.70618	0.08925	0.01738	0.01589	0.01283	0.00584	0.00443	0.00146	0.00353	0.00484	0.00452	0.00697
43	0.00531	0.00380	0.00506	0.00607	0.00633	0.00354	0.00405	0.00607	0.00835	0.01113	0.02404	0.84388	0.02885	0.01366	0.00557	0.00177	0.00253	0.01240	0.00405	0.00354
44	0.00534	0.00381	0.00509	0.00610	0.00636	0.00356	0.00409	0.00611	0.00837	0.01116	0.02403	0.83294	0.02879	0.01364	0.00557	0.00177	0.00255	0.02310	0.00405	0.00355
45	0.00559	0.00409	0.00530	0.00608	0.00664	0.00380	0.00436	0.00666	0.00909	0.01197	0.08921	0.57289	0.12929	0.01274	0.00554	0.00173	0.00265	0.11460	0.00410	0.00367
46	0.01658	0.01222	0.01309	0.01003	0.01353	0.01353	0.00829	0.80497	0.02051	0.02749	0.01047	0.01047	0.00742	0.00524	0.00436	0.00131	0.00480	0.00393	0.00436	0.00742
47	0.01379	0.01665	0.01084	0.01021	0.01216	0.61485	0.00787	0.01511	0.01178	0.01129	0.02195	0.01809	0.04531	0.00638	0.00443	0.00132	0.00676	0.16372	0.00272	0.00477
48	0.01029	0.01176	0.02574	0.01838	0.02279	0.01103	0.80368	0.01397	0.01029	0.01397	0.00882	0.01176	0.00662	0.00368	0.00515	0.00147	0.00735	0.00515	0.00221	0.00588
49	0.00631	0.00421	0.00477	0.00480	0.00481	0.00420	0.00269	0.00633	0.00641	0.00855	0.01410	0.05720	0.01631	0.81744	0.02161	0.00414	0.00417	0.00656	0.00269	0.00267
50	0.01114	0.00631	0.00777	0.00662	0.00856	0.02584	0.00520	0.07131	0.01295	0.25591	0.48765	0.02525	0.04220	0.00753	0.00483	0.00136	0.00290	0.00646	0.00487	0.00535
51	0.00875	0.02256	0.82413	0.01243	0.01888	0.01013	0.01611	0.01381	0.00921	0.01381	0.00783	0.00921	0.00552	0.00414	0.00414	0.00138	0.00645	0.00322	0.00184	0.00645
52	0.00529	0.00433	0.00467	0.00483	0.00607	0.00372	0.00357	0.00641	0.00983	0.01206	0.08840	0.17274	0.62308	0.01136	0.00524	0.00153	0.00229	0.02680	0.00410	0.00369
53	0.01079	0.01036	0.01770	0.02677	0.81952	0.01036	0.01339	0.01339	0.00993	0.01425	0.00820	0.01079	0.00691	0.00389	0.00432	0.00130	0.00518	0.00389	0.00216	0.00691
54	0.32722	0.01020	0.01062	0.00844	0.01162	0.01121	0.03038	0.38183	0.03979	0.11409	0.00983	0.00997	0.00699	0.00480	0.00379	0.00134	0.00419	0.00348	0.00382	0.00638
55	0.01555	0.01017	0.01137	0.00912	0.01227	0.01097	0.00740	0.37339	0.26191	0.21850	0.01435	0.01332	0.01005	0.00548	0.00439	0.00137	0.00412	0.00435	0.00464	0.00726
56	0.00601	0.00440	0.00565	0.00545	0.00645	0.00403	0.00404	0.00788	0.01181	0.01647	0.68491	0.10174	0.10588	0.00950	0.00518	0.00141	0.00211	0.00838	0.00467	0.00403
57	0.00626	0.00419	0.00478	0.00487	0.00489	0.00417	0.00276	0.00632	0.00651	0.00868	0.01460	0.09638	0.01694	0.77741	0.02081	0.00402	0.00409	0.00685	0.00276	0.00272
58	0.01079	0.01036	0.01770	0.02677	0.81952	0.01036	0.01339	0.01339	0.00993	0.01425	0.00820	0.01079	0.00691	0.00389	0.00432	0.00130	0.00518	0.00389	0.00216	0.00691
59	0.00994	0.00947	0.01610	0.27534	0.56274	0.01006	0.01288	0.01262	0.00956	0.01327	0.00832	0.01172	0.00689	0.00417	0.00436	0.00136	0.00536	0.01749	0.00212	0.00622
60	0.00624	0.00433	0.00482	0.00481	0.00506	0.00424	0.00284	0.00661	0.01895	0.00924	0.03269	0.04493	0.11735	0.69847	0.01917	0.00374	0.00389	0.00682	0.00291	0.00288
61	0.00975	0.29863	0.54257	0.01087	0.01638	0.01253	0.02686	0.01356	0.00911	0.01263	0.00725	0.00851	0.00557	0.00400	0.00371	0.00123	0.00587	0.00296	0.00186	0.00615
62	0.01060	0.01033	0.01684	0.14579	0.67545	0.03818	0.01303	0.01319	0.00984	0.01367	0.00809	0.01082	0.00670	0.00398	0.00431	0.00131	0.00537	0.00385	0.00213	0.00654
63	0.00938	0.19449	0.64253	0.01151	0.01735	0.01163	0.02889	0.01366	0.00916	0.01308	0.00748	0.00879	0.00556	0.00405	0.00388	0.00129	0.00609	0.00307	0.00185	0.00626
64	0.30937	0.01588	0.01032	0.00928	0.01169	0.49286	0.00715	0.04324	0.02704	0.01444	0.00685	0.00789	0.00553	0.00444	0.00370	0.00123	0.01877	0.00275	0.00251	0.00506
65	0.00565	0.00410	0.00532	0.00615	0.00656	0.00392	0.00420	0.00692	0.03918	0.01162	0.05224	0.71522	0.04179	0.04066	0.00607	0.00183	0.00265	0.03821	0.00404	0.00368
66	0.00631	0.00421	0.00477	0.00480	0.00481	0.00420	0.00269	0.00633	0.00641	0.00855	0.01409	0.05633	0.01630	0.81833	0.02163	0.00414	0.00417	0.00655	0.00269	0.00267
67	0.01029	0.01176	0.02574	0.01838	0.02279	0.01103	0.80368	0.01397	0.01029	0.01397	0.00882	0.01176	0.00662	0.00368	0.00515	0.00147	0.00735	0.00515	0.00221	0.00588
68	0.00559	0.00422	0.00523	0.00589	0.00667	0.00386	0.00434	0.00672	0.00927	0.01190	0.05959	0.43337	0.26818	0.01241	0.00550	0.00171	0.00267	0.14511	0.00407	0.00369
69	0.01259	0.00943	0.01024	0.00883	0.01149	0.01056	0.00696	0.12997	0.59282	0.11524	0.01661	0.01553	0.01225	0.02133	0.00475	0.00149	0.00368	0.00475	0.00451	0.00696
70	0.00725	0.00427	0.00459	0.00477	0.00586	0.00410	0.00370	0.00904	0.00941	0.01468	0.02214	0.05458	0.18387	0.00762	0.00400	0.00128	0.00237	0.11716	0.53534	0.00396
71	0.01918	0.00805	0.01051	0.00806	0.01145	0.00734	0.00666	0.12400	0.01353	0.71831	0.01632	0.01427	0.01035	0.00538	0.00438	0.00134	0.00385	0.00433	0.00526	0.00742
72	0.01166	0.84935	0.02285	0.00746	0.01119	0.01726	0.00746	0.01306	0.00886	0.01026	0.00606	0.00700	0.00560	0.00373	0.00280	0.00093	0.00466	0.00233	0.00187	0.00560
73	0.00593	0.00446	0.00525	0.00522	0.00642	0.00394	0.00391	0.00741	0.01073	0.03092	0.32982	0.12294	0.39304	0.01045	0.00522	0.00149	0.00230	0.04229	0.00436	0.00392
74	0.00714	0.00530	0.00657	0.00602	0.00731	0.00520	0.00458	0.05230	0.08206	0.01809	0.70462	0.02998	0.03693	0.00846	0.00504	0.00138	0.00233	0.00742	0.00475	0.00453
75	0.00880	0.02221	0.79858	0.01262	0.01900	0.01016	0.04132	0.01382	0.00924	0.01382	0.00786	0.00929	0.00556	0.00413	0.00418	0.00138	0.00647	0.00328	0.00185	0.00643
76	0.00824	0.00775	0.01308	0.83624	0.03004	0.00969	0.01211	0.01114	0.00872	0.01114	0.00775	0.01163	0.00581	0.00436	0.00436	0.00145	0.00581	0.00388	0.00194	0.00484
77	0.00664	0.00447	0.00505	0.00496	0.00508	0.00453	0.00287	0.02964	0.00677	0.00905	0.01360	0.02775	0.01550	0.80337	0.04036	0.00421	0.00442	0.00623	0.00269	0.00281
78	0.01058	0.01162	0.02322	0.01803	0.09001	0.02759	0.63612	0.02660	0.06716	0.01437	0.00933	0.01186	0.00709	0.00397	0.00516	0.00145	0.02247	0.00493	0.00239	0.00603
79	0.00550	0.00410	0.00568	0.00631	0.00680	0.00380	0.02777	0.00643	0.00871	0.01160	0.06753	0.72997	0.07351	0.01296	0.00551	0.00172	0.00263	0.01176	0.00403	0.00365
80	0.00994	0.00624	0.00752	0.00673	0.00817	0.00642	0.00504	0.12255	0.11277	0.09625	0.08352	0.04174	0.10097	0.05554	0.03387	0.26730	0.00375	0.00535	0.02187	0.00445
81	0.00634	0.00451	0.00560	0.00592	0.00670	0.00427	0.00417	0.03048	0.02293	0.03676	0.14266	0.48871	0.15762	0.04672	0.00613	0.00174	0.01043	0.01027	0.00414	0.00391
82	0.00655	0.00465	0.00623	0.00701	0.00774	0.00458	0.00564	0.00801	0.00925	0.01214	0.05087	0.18305	0.04190	0.14230	0.00842	0.00228	0.00368	0.48814	0.00384	0.00372
83	0.00534	0.00382	0.00509	0.00605	0.00633	0.00356	0.00405	0.00615	0.00849	0.01136	0.05192	0.81536	0.02928	0.01350	0.00555	0.00176	0.00251	0.01224	0.00408	0.00356
84	0.05351	0.00634	0.00717	0.00670	0.00825	0.00650	0.00507	0.11235	0.10650	0.07638	0.06829	0.18665	0.13528	0.12031	0.00717	0.00189	0.00332	0.06784	0.01570	0.00477
85	0.00608	0.00472	0.00505	0.00484	0.00635	0.00408	0.00367	0.02678	0.01066	0.04049	0.16291	0.03881	0.64943	0.01038	0.00511	0.00145	0.00230	0.00871	0.00422	0.00397
86	0.00545	0.00459	0.00475	0.00468	0.00614	0.00397	0.00352	0.00703	0.03672	0.01260	0.12546	0.04012	0.70860	0.01065	0.00513	0.00146	0.00223	0.00892	0.00414	0.00383
87	0.19672	0.00767	0.00890	0.00725	0.01009	0.00755	0.00586	0.06495	0.06552	0.45563	0.03849	0.04288	0.02811	0.03521	0.00474	0.00147	0.00359	0.00452	0.00452	0.00635
88	0.00659	0.00475	0.00588	0.00623	0.00699	0.00463	0.00453	0.06335	0.00974	0.01295	0.09756	0.40102	0.10458	0.11746	0.00755	0.00201	0.00304	0.12407	0.01323	0.00385
89	0.00829	0.00780	0.01317	0.82017	0.04571	0.00970	0.01214	0.01119	0.00874	0.01121	0.00776	0.01161	0.00584	0.00435	0.00436	0.00145	0.00580	0.00388	0.00194	0.00489
90	0.01629	0.02079	0.01236	0.01124	0.01348	0.82921	0.00843	0.01742	0.01236	0.01067	0.00674	0.00787	0.00562	0.00449	0.00393	0.00112	0.00787	0.00281	0.00225	0.00506
91	0.00588	0.00436	0.00531	0.00569	0.00644	0.00406	0.00400	0.03209	0.00960	0.01262	0.14637	0.43877	0.20890	0.06885	0.00652	0.00180	0.00261	0.02831	0.00408	0.00373
92	0.00733	0.00543	0.00680	0.00616	0.00767	0.00509	0.03081	0.07923	0.01189	0.04418	0.37208	0.10581	0.27118	0.00941	0.00510	0.00144	0.00265	0.01893	0.00439	0.00440
93	0.01062	0.01747	0.52497	0.01200	0.01728	0.00943	0.11003	0.04073	0.01033	0.13232	0.03940	0.01252	0.00842	0.00473	0.00441	0.00140	0.00587	0.02900	0.00267	0.00639
94	0.03297	0.00562	0.00709	0.04337	0.05076	0.02250	0.00536	0.00973	0.05798	0.06888	0.19411	0.31976	0.09367	0.00999	0.00545	0.03038	0.00304	0.03096	0.00399	0.00440
95	0.29647	0.00967	0.00956	0.04949	0.01153	0.05069	0.00668	0.29447	0.01276	0.03772	0.02752	0.01259	0.03163	0.00768	0.07870	0.00185	0.00494	0.02880	0.00338	0.02386

[dist]
# distance from previous block
# <min> <max>
15	71

[block]
# block no. 6 follows, 60 sequences, length 50
# corresponding to MSA columns:
# 1352-1388,1415-1427
name=unknown_G
#
# <colnr> <probs for GDERKNQSTAVLIFYWHMCP>
#	G	D	E	R	K	N	Q	S	T	A	V	L	I	F	Y	W	H	M	C	P
0	0.47996	0.00954	0.07969	0.00751	0.02672	0.05272	0.03078	0.02184	0.00818	0.04487	0.02002	0.03528	0.00757	0.07000	0.00606	0.08432	0.00414	0.00349	0.00268	0.00463
