[name]
unknown

[dist]
# distance from previous block
# <min> <max>
2	222

[block]
# block no. 0 follows, 57 sequences, length 17
# corresponding to MSA columns:
# 274-290
name=unknown_A
#
# <colnr> <probs for GDERKNQSTAVLIFYWHMCP>
#	G	D	E	R	K	N	Q	S	T	A	V	L	I	F	Y	W	H	M	C	P
0	0.04997	0.00916	0.01055	0.04221	0.01229	0.04736	0.04046	0.09925	0.19670	0.13075	0.01431	0.11422	0.01194	0.00609	0.00438	0.00133	0.00407	0.00512	0.02115	0.17868
1	0.02287	0.00878	0.02819	0.00861	0.03145	0.00816	0.03009	0.14704	0.11488	0.08928	0.12890	0.05551	0.01482	0.02719	0.00484	0.00130	0.00378	0.00493	0.00388	0.26552
2	0.01255	0.00965	0.01131	0.03064	0.05030	0.05198	0.04170	0.17129	0.18394	0.11771	0.09583	0.01797	0.07557	0.02892	0.00541	0.00148	0.02577	0.00518	0.00409	0.05870
3	0.01301	0.03272	0.01136	0.00982	0.07826	0.07411	0.00715	0.19621	0.05418	0.11620	0.01358	0.02755	0.06463	0.04555	0.00511	0.00133	0.00437	0.00432	0.00362	0.23691
4	0.00867	0.00714	0.06359	0.02804	0.00872	0.00629	0.00535	0.09855	0.03071	0.04864	0.12166	0.09904	0.03447	0.38162	0.01304	0.00277	0.00409	0.00663	0.00351	0.02744
5	0.03336	0.01188	0.04697	0.03305	0.15415	0.13721	0.02486	0.12086	0.08732	0.09958	0.05265	0.05210	0.01078	0.00561	0.00495	0.00137	0.04555	0.00452	0.00339	0.06985
6	0.05428	0.19777	0.08209	0.02826	0.08169	0.13415	0.03014	0.13886	0.05386	0.06088	0.00948	0.03090	0.00762	0.00476	0.00397	0.00123	0.00532	0.00363	0.00294	0.06816
7	0.03401	0.04933	0.05181	0.34518	0.05426	0.07987	0.02412	0.10690	0.09462	0.05921	0.00996	0.01221	0.00760	0.02660	0.00511	0.00151	0.02492	0.00403	0.00285	0.00590
8	0.04434	0.07122	0.03505	0.03143	0.10669	0.02600	0.13606	0.07247	0.06165	0.07375	0.04376	0.01457	0.04653	0.04174	0.00561	0.00145	0.04053	0.00450	0.02617	0.11646
9	0.01271	0.12430	0.14553	0.01143	0.04919	0.32726	0.04601	0.01547	0.04887	0.01305	0.05027	0.01054	0.00835	0.00465	0.00420	0.00120	0.01718	0.00346	0.00249	0.10383
10	0.01483	0.00962	0.01170	0.00954	0.04497	0.01942	0.03225	0.25718	0.04827	0.23375	0.03111	0.01348	0.00985	0.04483	0.00520	0.00137	0.00430	0.00418	0.00414	0.19997
11	0.53406	0.07417	0.00935	0.00743	0.00983	0.13759	0.00602	0.01333	0.00858	0.01660	0.00750	0.04247	0.00665	0.02242	0.03051	0.00164	0.06106	0.00321	0.00265	0.00491
12	0.01057	0.04291	0.20200	0.07912	0.20370	0.01091	0.10019	0.08055	0.11019	0.01575	0.02733	0.05467	0.00944	0.00523	0.00487	0.00146	0.02721	0.00465	0.00278	0.00648
13	0.00667	0.00549	0.02196	0.00572	0.00724	0.00489	0.00442	0.00938	0.09320	0.02723	0.23879	0.10619	0.40317	0.01014	0.00521	0.00151	0.00252	0.00866	0.03317	0.00441
14	0.00679	0.00557	0.00780	0.00801	0.04357	0.00532	0.05813	0.00918	0.07090	0.01396	0.17469	0.33608	0.17751	0.01089	0.00547	0.00165	0.00309	0.05278	0.00417	0.00443
15	0.01014	0.23020	0.50924	0.01132	0.01675	0.03653	0.03304	0.01450	0.04456	0.01365	0.03486	0.01014	0.00738	0.00444	0.00402	0.00132	0.00601	0.00339	0.00216	0.00635
16	0.01207	0.00948	0.01092	0.00902	0.01173	0.01025	0.04810	0.28302	0.27297	0.03487	0.10559	0.01985	0.11626	0.00677	0.00476	0.00145	0.00392	0.00565	0.02682	0.00649

[dist]
# distance from previous block
# <min> <max>
0	1

[block]
# block no. 1 follows, 57 sequences, length 8
# corresponding to MSA columns:
# 292-299
name=unknown_B
#
# <colnr> <probs for GDERKNQSTAVLIFYWHMCP>
#	G	D	E	R	K	N	Q	S	T	A	V	L	I	F	Y	W	H	M	C	P
0	0.00578	0.00414	0.00542	0.00634	0.00672	0.00390	0.00438	0.00667	0.00878	0.01160	0.02506	0.65450	0.06601	0.07732	0.00714	0.00205	0.00291	0.09352	0.00409	0.00367
1	0.01627	0.02061	0.01431	0.01246	0.01503	0.73684	0.09196	0.01772	0.01261	0.01145	0.00723	0.00860	0.00595	0.00458	0.00422	0.00121	0.00812	0.00318	0.00233	0.00534
2	0.17907	0.06490	0.07176	0.02100	0.02834	0.03606	0.01771	0.11101	0.02198	0.05569	0.04053	0.07474	0.02680	0.00534	0.00391	0.00122	0.00415	0.00420	0.00320	0.22840
3	0.01165	0.17671	0.13648	0.02983	0.01448	0.07212	0.07531	0.02811	0.03131	0.07398	0.00825	0.01030	0.00676	0.00636	0.02950	0.00167	0.27522	0.00371	0.00242	0.00580
4	0.00773	0.07153	0.02996	0.00695	0.00832	0.11636	0.00536	0.00894	0.00996	0.01204	0.06153	0.38220	0.21522	0.01089	0.00518	0.00158	0.00361	0.03466	0.00375	0.00422
5	0.02393	0.07134	0.06382	0.00874	0.03847	0.05315	0.02360	0.06894	0.03795	0.11222	0.04588	0.06249	0.10739	0.00641	0.00439	0.00127	0.00414	0.05117	0.00353	0.21118
6	0.01052	0.02758	0.19664	0.00907	0.02494	0.00729	0.04599	0.03330	0.02285	0.17666	0.07109	0.09135	0.15184	0.03262	0.00538	0.00156	0.00429	0.04142	0.00375	0.04185
7	0.02985	0.00759	0.00888	0.00766	0.03959	0.03089	0.00574	0.03952	0.03305	0.16834	0.14145	0.05736	0.10765	0.00639	0.00437	0.00119	0.00339	0.00535	0.00394	0.29779

[dist]
# distance from previous block
# <min> <max>
1	19

[block]
# block no. 2 follows, 57 sequences, length 49
# corresponding to MSA columns:
# 319-345,350-364,366-372
name=unknown_C
#
# <colnr> <probs for GDERKNQSTAVLIFYWHMCP>
#	G	D	E	R	K	N	Q	S	T	A	V	L	I	F	Y	W	H	M	C	P
0	0.06305	0.06990	0.04606	0.02016	0.04237	0.06252	0.00789	0.25573	0.11205	0.11893	0.01132	0.01191	0.00848	0.02630	0.00492	0.02089	0.00465	0.00385	0.00371	0.10530
1	0.04719	0.08744	0.32098	0.03614	0.06413	0.02886	0.05220	0.07109	0.07000	0.05020	0.04081	0.02968	0.03614	0.00556	0.01651	0.00147	0.00550	0.00422	0.00282	0.02907
2	0.01268	0.02825	0.07014	0.03109	0.12033	0.04952	0.00888	0.17224	0.04860	0.08706	0.00979	0.01082	0.00749	0.00469	0.00485	0.00120	0.06395	0.00360	0.00319	0.26162
3	0.00945	0.00904	0.03514	0.50079	0.16243	0.00966	0.04108	0.01254	0.02682	0.02926	0.00891	0.02670	0.00704	0.00452	0.00445	0.00139	0.00555	0.00411	0.00230	0.09883
4	0.00611	0.00463	0.00560	0.00547	0.00657	0.00425	0.00402	0.00785	0.02095	0.01513	0.44236	0.08883	0.27108	0.05800	0.03738	0.00188	0.00274	0.00866	0.00447	0.00404
5	0.03269	0.01086	0.05531	0.14586	0.44744	0.02522	0.05055	0.08095	0.01109	0.01558	0.05303	0.01282	0.00907	0.02435	0.00497	0.00146	0.00543	0.00430	0.00257	0.00646
6	0.00645	0.00482	0.00579	0.00599	0.00690	0.00444	0.00415	0.04071	0.00954	0.01267	0.07196	0.44810	0.16835	0.11945	0.00770	0.00199	0.00292	0.01010	0.00397	0.06399
7	0.04129	0.00888	0.02259	0.00996	0.06367	0.00922	0.04081	0.12097	0.29057	0.09349	0.07334	0.10025	0.07492	0.00721	0.00481	0.00151	0.00385	0.02206	0.00428	0.00631
8	0.02402	0.00817	0.01014	0.00793	0.01121	0.00746	0.00644	0.11316	0.04582	0.41538	0.01483	0.03089	0.01084	0.03381	0.02181	0.00149	0.00404	0.02894	0.00452	0.19911
9	0.01432	0.01286	0.01044	0.02487	0.01172	0.33331	0.00708	0.04174	0.08066	0.17787	0.01321	0.01538	0.04103	0.10634	0.07909	0.00220	0.01456	0.00438	0.00340	0.00554
10	0.00993	0.00774	0.03261	0.00781	0.00961	0.00797	0.00619	0.15923	0.15237	0.04378	0.06421	0.03036	0.03775	0.18439	0.17434	0.00328	0.00575	0.05374	0.00370	0.00524
11	0.01223	0.65651	0.10649	0.00863	0.01270	0.04273	0.00877	0.06106	0.03271	0.01237	0.00714	0.00803	0.00615	0.00411	0.00324	0.00106	0.00512	0.00271	0.00218	0.00604
12	0.02726	0.00729	0.00978	0.00802	0.01072	0.00647	0.07265	0.02653	0.06157	0.11317	0.01615	0.19339	0.04722	0.02361	0.02147	0.00147	0.00386	0.03896	0.00362	0.30680
13	0.01242	0.01125	0.06183	0.04595	0.44775	0.01066	0.05377	0.13537	0.03867	0.08114	0.01125	0.01277	0.03542	0.00472	0.00456	0.00138	0.00522	0.00433	0.00300	0.01858
14	0.01248	0.09027	0.01787	0.02323	0.62291	0.03798	0.01236	0.01490	0.01058	0.10088	0.00927	0.01119	0.00744	0.00421	0.00433	0.00131	0.00526	0.00390	0.00258	0.00704
15	0.00652	0.00449	0.00607	0.00625	0.00664	0.00477	0.00435	0.00715	0.00719	0.00991	0.01458	0.14223	0.01576	0.29742	0.34172	0.08819	0.00720	0.02341	0.00279	0.00336
16	0.11644	0.06345	0.01470	0.03303	0.26958	0.10956	0.02620	0.15125	0.01244	0.12964	0.00961	0.01069	0.00726	0.00467	0.00439	0.00134	0.02220	0.00372	0.00316	0.00664
17	0.00651	0.00471	0.00653	0.00653	0.00708	0.00526	0.00472	0.00761	0.00706	0.00996	0.01283	0.02162	0.01298	0.29362	0.56542	0.00635	0.00965	0.00541	0.00253	0.00363
18	0.00940	0.00891	0.01511	0.57542	0.27906	0.01029	0.01300	0.01232	0.00946	0.01260	0.00820	0.01181	0.00640	0.00437	0.00452	0.00146	0.00583	0.00403	0.00209	0.00571
19	0.00933	0.00792	0.00891	0.00766	0.01028	0.00804	0.00599	0.01594	0.35957	0.01569	0.01755	0.01786	0.10194	0.01010	0.12694	0.00214	0.00465	0.00487	0.00367	0.26097
20	0.00817	0.00543	0.00749	0.00824	0.00943	0.00537	0.00709	0.02492	0.01068	0.06281	0.02343	0.09880	0.02507	0.01207	0.00609	0.00201	0.00407	0.67014	0.00427	0.00442
21	0.02039	0.00761	0.01114	0.20882	0.01572	0.00812	0.05206	0.07252	0.02657	0.23626	0.01273	0.01639	0.01012	0.13454	0.12582	0.00275	0.02463	0.00476	0.00345	0.00559
22	0.00888	0.01146	0.18471	0.01286	0.01630	0.00852	0.26859	0.01243	0.02700	0.01415	0.01565	0.02884	0.01522	0.00779	0.00551	0.00175	0.00583	0.34600	0.00309	0.00541
23	0.01201	0.01228	0.01657	0.11916	0.53118	0.14606	0.01257	0.04078	0.01084	0.01413	0.00820	0.01075	0.00679	0.00439	0.00480	0.00136	0.03544	0.00385	0.00230	0.00654
24	0.00714	0.00505	0.00658	0.00735	0.03296	0.00482	0.00500	0.06046	0.00988	0.03906	0.03463	0.65373	0.04293	0.01252	0.00555	0.00174	0.00297	0.03425	0.00418	0.02919
25	0.03971	0.00949	0.01090	0.00916	0.01162	0.03959	0.04869	0.37089	0.01519	0.04693	0.05426	0.18288	0.05512	0.00873	0.02654	0.00167	0.00455	0.05394	0.00418	0.00596
26	0.02949	0.18770	0.61522	0.01157	0.01752	0.01189	0.01437	0.01440	0.00955	0.03764	0.00801	0.00923	0.00590	0.00426	0.00400	0.00134	0.00617	0.00318	0.00205	0.00651
27	0.03277	0.00859	0.01123	0.18173	0.01569	0.00886	0.00803	0.17420	0.04082	0.37169	0.05863	0.01540	0.03006	0.00567	0.00456	0.00142	0.00437	0.00464	0.01489	0.00675
28	0.01812	0.01126	0.01271	0.00974	0.01334	0.01192	0.00805	0.57396	0.01890	0.25537	0.01290	0.01219	0.00872	0.00549	0.00454	0.00137	0.00466	0.00422	0.00484	0.00771
29	0.01094	0.32326	0.44429	0.01095	0.01633	0.01325	0.03748	0.04037	0.00999	0.04313	0.00794	0.00907	0.00607	0.00422	0.00384	0.00126	0.00589	0.00314	0.00216	0.00643
30	0.00750	0.00506	0.00621	0.00575	0.00720	0.00462	0.00438	0.00967	0.03833	0.08591	0.48796	0.03401	0.24893	0.00998	0.02290	0.00158	0.00259	0.00808	0.00476	0.00454
31	0.00575	0.00426	0.00601	0.00675	0.00717	0.00399	0.03056	0.00666	0.00874	0.01165	0.02421	0.77626	0.02884	0.03055	0.00613	0.00189	0.00287	0.02984	0.00411	0.00375
32	0.01224	0.82204	0.02346	0.00786	0.01169	0.03892	0.00778	0.01369	0.00930	0.01067	0.00632	0.00729	0.00582	0.00390	0.00294	0.00097	0.00493	0.00244	0.00195	0.00580
33	0.01160	0.51761	0.21626	0.00961	0.01400	0.05443	0.03724	0.01407	0.00962	0.03502	0.00766	0.00929	0.00647	0.00484	0.02015	0.00127	0.00566	0.01708	0.00212	0.00600
34	0.01007	0.00983	0.01862	0.36350	0.08855	0.01039	0.31637	0.03536	0.01027	0.03671	0.00970	0.03947	0.00776	0.00472	0.00491	0.00152	0.00637	0.01774	0.00242	0.00572
35	0.00536	0.00455	0.00463	0.00469	0.00615	0.00382	0.00348	0.00649	0.01024	0.01220	0.04475	0.08732	0.76768	0.01163	0.00538	0.00155	0.00231	0.00975	0.00421	0.00382
36	0.01115	0.58112	0.27762	0.00940	0.01418	0.01556	0.01063	0.01382	0.00932	0.01184	0.00689	0.00800	0.00579	0.00401	0.00335	0.00112	0.00544	0.00272	0.00193	0.00610
37	0.02676	0.07597	0.28781	0.02752	0.01390	0.01733	0.01010	0.11007	0.07484	0.05986	0.01603	0.03856	0.12390	0.00796	0.05375	0.00180	0.02402	0.02063	0.00315	0.00602
38	0.00766	0.00468	0.00556	0.00548	0.00590	0.00460	0.00349	0.00808	0.00757	0.07058	0.01614	0.06558	0.03141	0.62696	0.04169	0.00384	0.00437	0.05260	0.03046	0.00335
39	0.01312	0.00839	0.01000	0.02003	0.02759	0.00880	0.00710	0.13407	0.26005	0.21034	0.06078	0.04537	0.03318	0.00726	0.00488	0.00155	0.00385	0.11705	0.02006	0.00654
40	0.03063	0.16856	0.07759	0.01280	0.12355	0.08469	0.09723	0.09684	0.05971	0.12769	0.01047	0.02165	0.00817	0.02965	0.00486	0.00140	0.01234	0.00399	0.00309	0.02508
41	0.00697	0.00508	0.00657	0.02749	0.02700	0.00471	0.02087	0.00860	0.03367	0.06107	0.09678	0.35040	0.28544	0.01933	0.00560	0.00167	0.00288	0.02734	0.00421	0.00429
42	0.00632	0.00470	0.00564	0.00565	0.00668	0.00442	0.00409	0.00791	0.03099	0.02760	0.22896	0.16089	0.28782	0.10348	0.09199	0.00246	0.00362	0.00872	0.00410	0.00398
43	0.01025	0.01055	0.03674	0.07513	0.12387	0.00991	0.46128	0.01346	0.01048	0.04194	0.01254	0.03192	0.04465	0.00524	0.00515	0.00153	0.00633	0.06770	0.02544	0.00589
44	0.01186	0.19863	0.26651	0.04465	0.14774	0.07261	0.05807	0.01504	0.02056	0.09369	0.00920	0.02588	0.00719	0.00452	0.00414	0.00131	0.00581	0.00369	0.00248	0.00643
45	0.01126	0.03951	0.02501	0.01112	0.03300	0.04201	0.05140	0.02557	0.00858	0.11526	0.00889	0.01230	0.00772	0.04205	0.09007	0.03241	0.43177	0.00420	0.00260	0.00527
46	0.00843	0.00761	0.01002	0.00932	0.02053	0.05433	0.02083	0.00977	0.00777	0.02174	0.01122	0.05530	0.02657	0.04908	0.39611	0.00449	0.27496	0.00500	0.00245	0.00447
47	0.19073	0.03255	0.05697	0.01634	0.28287	0.14065	0.08968	0.05739	0.02114	0.04136	0.00836	0.01001	0.00659	0.00430	0.00410	0.00133	0.00559	0.00359	0.00262	0.02383
48	0.02879	0.03977	0.02340	0.00648	0.00775	0.00568	0.00488	0.05857	0.05327	0.01347	0.02748	0.46563	0.22472	0.01163	0.00531	0.00166	0.00294	0.01016	0.00407	0.00435

[dist]
# distance from previous block
# <min> <max>
2	6

[block]
# block no. 3 follows, 57 sequences, length 23
# corresponding to MSA columns:
# 380-402
name=unknown_D
#
# <colnr> <probs for GDERKNQSTAVLIFYWHMCP>
#	G	D	E	R	K	N	Q	S	T	A	V	L	I	F	Y	W	H	M	C	P
0	0.73723	0.00932	0.00753	0.00655	0.00943	0.03472	0.00537	0.06186	0.00905	0.07420	0.00739	0.00814	0.00553	0.00439	0.00307	0.00139	0.00376	0.00271	0.00308	0.00528
1	0.01486	0.38271	0.01780	0.00971	0.01297	0.31412	0.00829	0.16381	0.01284	0.01421	0.00743	0.00829	0.00618	0.00447	0.00365	0.00112	0.00610	0.00292	0.00258	0.00597
2	0.01263	0.00795	0.00973	0.00711	0.01098	0.00622	0.00575	0.01457	0.01045	0.25152	0.01096	0.01118	0.00804	0.00402	0.00371	0.00089	0.00350	0.00324	0.00355	0.61399
3	0.08112	0.00926	0.01049	0.00860	0.01133	0.02463	0.00698	0.17271	0.16256	0.28396	0.01416	0.01372	0.01001	0.00572	0.00518	0.00143	0.07637	0.00429	0.09071	0.00676
4	0.00903	0.03338	0.03788	0.02061	0.00954	0.04392	0.01624	0.07638	0.04103	0.06228	0.10298	0.11268	0.19935	0.07671	0.03992	0.00202	0.02270	0.08467	0.00387	0.00480
5	0.01077	0.00984	0.01812	0.01412	0.05176	0.00928	0.40362	0.07730	0.01165	0.06456	0.08514	0.04727	0.03670	0.00562	0.00505	0.00145	0.00561	0.04614	0.01897	0.07702
6	0.06722	0.01231	0.01299	0.01015	0.01361	0.05520	0.02582	0.58112	0.06251	0.09642	0.01141	0.01130	0.00808	0.00534	0.00443	0.00137	0.00495	0.00405	0.00437	0.00735
7	0.01081	0.04239	0.05944	0.01406	0.01791	0.01087	0.40780	0.01653	0.20884	0.04005	0.03097	0.01410	0.02573	0.00483	0.00509	0.00146	0.02415	0.00502	0.00306	0.05689
8	0.01392	0.12718	0.12465	0.03923	0.02470	0.09619	0.00926	0.31878	0.07986	0.04986	0.01046	0.01187	0.00813	0.05966	0.00545	0.00152	0.00538	0.00390	0.00340	0.00659
9	0.01093	0.17597	0.43267	0.01157	0.03440	0.01161	0.05351	0.07051	0.01062	0.05497	0.01952	0.01001	0.00685	0.00433	0.00406	0.00128	0.00577	0.00342	0.00242	0.07556
10	0.00618	0.00511	0.00549	0.00533	0.00684	0.00468	0.00401	0.00872	0.09213	0.01414	0.20010	0.05674	0.55322	0.01054	0.00529	0.00152	0.00240	0.00890	0.00441	0.00426
11	0.00644	0.00505	0.00610	0.00603	0.00708	0.01999	0.00451	0.00791	0.02347	0.01316	0.23270	0.10332	0.27502	0.01596	0.18136	0.05806	0.01824	0.00784	0.00382	0.00396
12	0.01370	0.00686	0.00838	0.00708	0.00947	0.00667	0.00562	0.01780	0.17058	0.35450	0.14457	0.01900	0.01689	0.00623	0.00439	0.00136	0.00315	0.00518	0.19227	0.00629
13	0.00659	0.00458	0.00572	0.00543	0.00653	0.00423	0.00407	0.00865	0.01222	0.01756	0.65276	0.03247	0.09698	0.00893	0.00507	0.00139	0.00215	0.00780	0.11264	0.00423
14	0.87276	0.00876	0.00666	0.00596	0.00876	0.01017	0.00491	0.01332	0.00771	0.02033	0.00631	0.00736	0.00491	0.00421	0.00280	0.00140	0.00351	0.00245	0.00280	0.00491
15	0.00856	0.00805	0.01359	0.82986	0.03121	0.01007	0.01258	0.01158	0.00906	0.01158	0.00805	0.01208	0.00604	0.00453	0.00453	0.00151	0.00604	0.00403	0.00201	0.00503
16	0.00546	0.00456	0.00475	0.00477	0.00620	0.00386	0.00355	0.00667	0.01046	0.01272	0.11141	0.08195	0.70525	0.01142	0.00538	0.00154	0.00230	0.00961	0.00428	0.00386
17	0.01170	0.00574	0.00732	0.00637	0.00829	0.00522	0.00496	0.02886	0.01200	0.29624	0.27697	0.09497	0.06499	0.00780	0.00473	0.00140	0.00284	0.00667	0.14749	0.00546
18	0.01258	0.00938	0.01078	0.00894	0.05315	0.00907	0.00679	0.30924	0.01420	0.04560	0.03957	0.01199	0.00913	0.00469	0.00395	0.00106	0.00391	0.00372	0.10187	0.34037
19	0.01186	0.59133	0.16988	0.00882	0.01316	0.04559	0.00931	0.01405	0.00954	0.03755	0.00713	0.00810	0.00602	0.00402	0.00329	0.00106	0.00521	0.00270	0.00210	0.04930
20	0.01464	0.02522	0.01243	0.00985	0.01301	0.06412	0.02148	0.43532	0.20878	0.04060	0.02926	0.03932	0.01049	0.00577	0.00451	0.00137	0.00465	0.00456	0.00426	0.05035
21	0.01074	0.11143	0.01151	0.00789	0.01099	0.00868	0.03102	0.07164	0.12552	0.07297	0.03148	0.11521	0.02785	0.00599	0.00417	0.00117	0.00375	0.02232	0.00351	0.32217
22	0.02486	0.13477	0.21602	0.01025	0.01414	0.07428	0.05311	0.13198	0.09630	0.06625	0.01367	0.05631	0.06490	0.00583	0.00438	0.00139	0.00523	0.01685	0.00321	0.00627

[dist]
# distance from previous block
# <min> <max>
1	27

[block]
# block no. 4 follows, 57 sequences, length 26
# corresponding to MSA columns:
# 430-443,455-466
name=unknown_E
#
# <colnr> <probs for GDERKNQSTAVLIFYWHMCP>
#	G	D	E	R	K	N	Q	S	T	A	V	L	I	F	Y	W	H	M	C	P
0	0.01124	0.00948	0.01501	0.12948	0.43554	0.02378	0.03364	0.02644	0.02150	0.09040	0.01077	0.01432	0.02061	0.07261	0.02514	0.00177	0.01746	0.01352	0.00271	0.02459
1	0.00734	0.00450	0.00597	0.00649	0.00723	0.00414	0.00458	0.00838	0.00952	0.10226	0.07512	0.61886	0.05102	0.02832	0.00595	0.00181	0.00283	0.04713	0.00438	0.00418
2	0.01566	0.05343	0.01256	0.01070	0.01315	0.56778	0.00819	0.07107	0.09294	0.04867	0.00991	0.05733	0.00840	0.00543	0.00424	0.00126	0.00684	0.00385	0.00295	0.00566
3	0.01283	0.08554	0.12192	0.01001	0.05861	0.00939	0.02292	0.08084	0.11982	0.20739	0.08070	0.01642	0.02624	0.00570	0.00443	0.00135	0.00434	0.03814	0.00388	0.08955
4	0.06159	0.08051	0.11980	0.01023	0.02757	0.12265	0.04475	0.06782	0.15431	0.23431	0.01255	0.01250	0.00902	0.01692	0.00453	0.00141	0.00512	0.00401	0.00372	0.00668
5	0.05508	0.01221	0.01306	0.01009	0.01365	0.01346	0.00832	0.70718	0.03879	0.06579	0.01119	0.01108	0.00790	0.00541	0.00446	0.00137	0.00483	0.00406	0.00451	0.00757
6	0.00629	0.00450	0.00547	0.00592	0.00668	0.00424	0.00412	0.00788	0.04632	0.02598	0.10777	0.47184	0.17205	0.05988	0.00646	0.00183	0.00266	0.01052	0.04565	0.00397
7	0.00942	0.00583	0.00762	0.00687	0.00823	0.00590	0.00527	0.06158	0.01114	0.13403	0.30122	0.07088	0.07574	0.03682	0.10788	0.08417	0.05193	0.00664	0.00412	0.00469
8	0.00554	0.00399	0.00522	0.00619	0.00651	0.00370	0.00413	0.00633	0.00871	0.01154	0.02579	0.77948	0.06898	0.03280	0.00615	0.00188	0.00265	0.01257	0.00417	0.00367
9	0.00927	0.02218	0.72858	0.01361	0.02007	0.01063	0.10417	0.01437	0.00969	0.01437	0.00825	0.00986	0.00587	0.00425	0.00442	0.00145	0.00680	0.00357	0.00196	0.00663
10	0.05266	0.01012	0.01077	0.00928	0.01208	0.01143	0.00742	0.21586	0.50109	0.05069	0.01626	0.01669	0.01243	0.00619	0.00459	0.00151	0.00397	0.04535	0.00452	0.00706
11	0.01723	0.01269	0.01360	0.01043	0.01405	0.01405	0.00861	0.79738	0.02131	0.02856	0.01088	0.01088	0.00771	0.00544	0.00453	0.00136	0.00499	0.00408	0.00453	0.00771
12	0.00867	0.00817	0.01380	0.79544	0.06473	0.01010	0.01264	0.01168	0.00911	0.01172	0.00807	0.01204	0.00609	0.00451	0.00453	0.00150	0.00601	0.00403	0.00202	0.00513
13	0.00907	0.00725	0.01106	0.30443	0.04244	0.00789	0.05158	0.06954	0.02320	0.05662	0.03736	0.18656	0.05889	0.00811	0.00512	0.00163	0.00464	0.10617	0.00337	0.00507
14	0.10622	0.00747	0.00836	0.02131	0.00994	0.02815	0.01745	0.07285	0.15752	0.05221	0.03452	0.14334	0.06330	0.07353	0.00656	0.00188	0.01615	0.17017	0.00396	0.00512
15	0.84604	0.00873	0.00678	0.00602	0.00885	0.01006	0.00496	0.01359	0.00788	0.04526	0.00667	0.00761	0.00511	0.00425	0.00286	0.00140	0.00352	0.00252	0.00289	0.00500
16	0.14762	0.00790	0.00858	0.01655	0.01001	0.02435	0.00586	0.14800	0.01248	0.23618	0.04313	0.02218	0.22666	0.00852	0.04386	0.00172	0.00405	0.02223	0.00430	0.00580
17	0.87276	0.00876	0.00666	0.00596	0.00876	0.01017	0.00491	0.01332	0.00771	0.02033	0.00631	0.00736	0.00491	0.00421	0.00280	0.00140	0.00351	0.00245	0.00280	0.00491
18	0.01008	0.00904	0.01229	0.21306	0.07527	0.08858	0.09292	0.07760	0.01077	0.04803	0.02853	0.23401	0.01440	0.04647	0.00581	0.00168	0.00510	0.01802	0.00316	0.00517
19	0.00838	0.00786	0.01310	0.78483	0.02984	0.00973	0.01209	0.01130	0.00913	0.01161	0.01012	0.01380	0.04994	0.00491	0.00458	0.00151	0.00584	0.00433	0.00213	0.00497
20	0.00660	0.00490	0.00593	0.00560	0.00691	0.00451	0.00422	0.00894	0.04716	0.03157	0.55337	0.03539	0.24872	0.00966	0.00530	0.00146	0.00228	0.00836	0.00477	0.00435
21	0.00987	0.00762	0.00991	0.16601	0.01429	0.00674	0.00677	0.02480	0.00959	0.07560	0.01003	0.06826	0.00862	0.00514	0.00455	0.04267	0.00392	0.00388	0.00288	0.51885
22	0.00552	0.00394	0.00526	0.00631	0.00657	0.00368	0.00421	0.00631	0.00868	0.01157	0.02498	0.83779	0.02997	0.01420	0.00578	0.00184	0.00263	0.01288	0.00421	0.00368
23	0.01266	0.15865	0.06290	0.12629	0.27283	0.21035	0.01115	0.01488	0.01057	0.04805	0.00803	0.00996	0.00653	0.00441	0.00435	0.00128	0.02523	0.00346	0.00231	0.00613
24	0.00617	0.00431	0.00542	0.00589	0.00633	0.00410	0.00402	0.00692	0.00875	0.01164	0.11487	0.34881	0.09076	0.23807	0.01101	0.04411	0.00322	0.07833	0.00379	0.00347
25	0.04548	0.22569	0.10406	0.02636	0.04851	0.03201	0.03093	0.22917	0.06206	0.08997	0.00987	0.01039	0.00742	0.00467	0.00398	0.00125	0.00499	0.00355	0.00325	0.05640

[dist]
# distance from previous block
# <min> <max>
2	19

[block]
# block no. 5 follows, 57 sequences, length 45
# corresponding to MSA columns:
# 534-557,559-579
name=unknown_F
#
# <colnr> <probs for GDERKNQSTAVLIFYWHMCP>
#	G	D	E	R	K	N	Q	S	T	A	V	L	I	F	Y	W	H	M	C	P
0	0.33421	0.05163	0.16200	0.00897	0.01267	0.02634	0.00855	0.22077	0.05396	0.03870	0.00906	0.02260	0.00689	0.00491	0.00398	0.00140	0.02052	0.00344	0.00321	0.00619
1	0.00677	0.00479	0.00627	0.00630	0.00706	0.00498	0.00458	0.00826	0.03457	0.02304	0.10891	0.10821	0.08581	0.18765	0.30072	0.03729	0.00643	0.03448	0.02003	0.00384
2	0.11275	0.04078	0.02759	0.04993	0.02850	0.06127	0.14204	0.39057	0.04181	0.03703	0.00980	0.01074	0.00720	0.00490	0.00451	0.00139	0.01494	0.00401	0.00353	0.00671
3	0.00612	0.00425	0.00520	0.00567	0.00590	0.00410	0.00361	0.00666	0.00799	0.01065	0.05667	0.37334	0.04332	0.40221	0.01389	0.00302	0.00348	0.03706	0.00355	0.00329
4	0.00659	0.00441	0.00503	0.00503	0.00506	0.00444	0.00286	0.00665	0.00662	0.00885	0.01419	0.02920	0.01628	0.80960	0.05395	0.00450	0.00469	0.00652	0.00273	0.00280
5	0.00974	0.00781	0.00905	0.00672	0.01030	0.00624	0.00534	0.05494	0.01016	0.02769	0.02376	0.03869	0.00864	0.00413	0.00354	0.00080	0.00331	0.00335	0.06907	0.69671
6	0.87276	0.00876	0.00666	0.00596	0.00876	0.01017	0.00491	0.01332	0.00771	0.02033	0.00631	0.00736	0.00491	0.00421	0.00280	0.00140	0.00351	0.00245	0.00280	0.00491
7	0.01059	0.01083	0.02244	0.05527	0.06046	0.01032	0.59961	0.01405	0.01051	0.03597	0.01002	0.01284	0.00756	0.00410	0.00497	0.00146	0.00665	0.00506	0.11137	0.00592
8	0.00550	0.00457	0.00483	0.00497	0.00635	0.00390	0.00374	0.00669	0.01025	0.01239	0.06048	0.11309	0.68235	0.01172	0.00544	0.00158	0.00242	0.05166	0.00422	0.00384
9	0.00666	0.00469	0.00605	0.00570	0.00684	0.00429	0.00428	0.00870	0.01257	0.03725	0.72150	0.05369	0.09180	0.00944	0.00534	0.00144	0.00220	0.00831	0.00493	0.00432
10	0.16440	0.00730	0.00877	0.00714	0.00999	0.00691	0.00579	0.03689	0.01169	0.49209	0.05815	0.05573	0.02620	0.00605	0.00424	0.00139	0.00349	0.00484	0.08247	0.00647
11	0.00600	0.00424	0.00550	0.00602	0.00659	0.00397	0.00420	0.00726	0.00997	0.01372	0.26508	0.48559	0.04783	0.05067	0.00637	0.00181	0.00258	0.03462	0.03415	0.00386
12	0.00992	0.00940	0.01592	0.33764	0.47202	0.01016	0.01294	0.01265	0.00975	0.01340	0.00911	0.05020	0.00780	0.00470	0.00456	0.00143	0.00551	0.00445	0.00225	0.00618
13	0.87276	0.00876	0.00666	0.00596	0.00876	0.01017	0.00491	0.01332	0.00771	0.02033	0.00631	0.00736	0.00491	0.00421	0.00280	0.00140	0.00351	0.00245	0.00280	0.00491
14	0.01006	0.00864	0.01210	0.18684	0.16897	0.00922	0.03697	0.12634	0.10989	0.02718	0.05408	0.02069	0.19675	0.00658	0.00479	0.00146	0.00444	0.00570	0.00345	0.00586
15	0.01693	0.02160	0.01284	0.01167	0.01401	0.82256	0.00876	0.01809	0.01284	0.01109	0.00700	0.00817	0.00584	0.00467	0.00409	0.00117	0.00817	0.00292	0.00233	0.00525
16	0.14676	0.00832	0.00989	0.04608	0.01188	0.00803	0.00653	0.08746	0.05536	0.37450	0.05068	0.01397	0.01968	0.00525	0.00415	0.00130	0.00382	0.00414	0.00437	0.13782
17	0.23300	0.04226	0.01156	0.00917	0.01225	0.12899	0.00743	0.33503	0.12865	0.03440	0.01020	0.01041	0.00760	0.00506	0.00398	0.00136	0.00484	0.00360	0.00371	0.00650
18	0.73542	0.02045	0.00759	0.03112	0.00984	0.02277	0.00542	0.01423	0.00838	0.09982	0.00754	0.00833	0.00560	0.00436	0.00305	0.00140	0.00371	0.00272	0.00304	0.00521
19	0.06829	0.23123	0.21803	0.07086	0.09543	0.06499	0.02501	0.06460	0.03154	0.02511	0.02791	0.02273	0.00759	0.00469	0.00420	0.00131	0.02435	0.00356	0.00245	0.00612
20	0.00995	0.01892	0.10408	0.00997	0.06937	0.04710	0.00797	0.08469	0.03636	0.07541	0.01266	0.06082	0.01141	0.07252	0.32199	0.00391	0.02045	0.02410	0.00301	0.00530
21	0.00656	0.00440	0.00503	0.00505	0.00509	0.00442	0.00288	0.00663	0.00666	0.00891	0.01447	0.04915	0.01663	0.79343	0.04938	0.00443	0.00461	0.00669	0.00277	0.00281
22	0.05214	0.00813	0.00944	0.00876	0.04854	0.01660	0.00656	0.16541	0.14474	0.13964	0.15611	0.08119	0.08928	0.00764	0.00485	0.00149	0.00362	0.04531	0.00450	0.00603
23	0.00817	0.00503	0.00659	0.00597	0.00737	0.00457	0.00456	0.01023	0.01277	0.12066	0.68457	0.03178	0.06234	0.00886	0.00524	0.00143	0.00236	0.00777	0.00504	0.00470
24	0.01185	0.10070	0.20516	0.04736	0.16342	0.05105	0.04637	0.14143	0.04978	0.03785	0.00963	0.02745	0.00778	0.03240	0.00548	0.00149	0.04753	0.00404	0.00275	0.00647
25	0.00961	0.10551	0.68829	0.01262	0.01889	0.01137	0.05005	0.02797	0.00979	0.01423	0.00804	0.00948	0.00583	0.00426	0.00421	0.00139	0.00652	0.00336	0.00198	0.00660
26	0.00632	0.00529	0.01807	0.00554	0.00686	0.01923	0.00422	0.00816	0.02650	0.01495	0.39578	0.04865	0.34775	0.05546	0.00628	0.00164	0.00256	0.01819	0.00443	0.00411
27	0.00576	0.00407	0.00528	0.00619	0.00658	0.00382	0.00423	0.00664	0.00878	0.01176	0.02510	0.69180	0.06679	0.05231	0.00650	0.00193	0.00276	0.05210	0.03391	0.00369
28	0.01103	0.08490	0.18462	0.02220	0.02851	0.02574	0.05539	0.13464	0.06980	0.04199	0.01214	0.04780	0.01064	0.03467	0.00510	0.00147	0.00500	0.09132	0.00316	0.12988
29	0.00704	0.00517	0.00642	0.00654	0.00791	0.00464	0.00504	0.00860	0.02066	0.03795	0.04666	0.27811	0.19081	0.03856	0.00600	0.00174	0.00314	0.20251	0.00402	0.11848
30	0.00940	0.00805	0.00940	0.00671	0.01074	0.00604	0.00537	0.01141	0.00940	0.01477	0.00805	0.00940	0.00671	0.00336	0.00336	0.00067	0.00336	0.00268	0.00268	0.86845
31	0.00784	0.00692	0.04710	0.05294	0.02622	0.00598	0.03395	0.00959	0.00886	0.03927	0.01550	0.27966	0.03089	0.02963	0.16317	0.00258	0.01669	0.00691	0.00315	0.21316
32	0.00683	0.00527	0.00701	0.00700	0.00819	0.00479	0.03118	0.03812	0.00961	0.01310	0.04302	0.56189	0.05295	0.01163	0.00537	0.00164	0.00306	0.05737	0.00396	0.12801
33	0.17265	0.14569	0.03671	0.02079	0.01110	0.08030	0.00633	0.01244	0.00935	0.01455	0.00927	0.04174	0.03388	0.00446	0.00345	0.00101	0.00413	0.00329	0.00263	0.38622
34	0.04067	0.00981	0.01005	0.00841	0.01101	0.10578	0.01924	0.17272	0.07050	0.12784	0.05618	0.11833	0.01367	0.06002	0.00567	0.00152	0.00435	0.01719	0.00390	0.14313
35	0.01355	0.00790	0.00976	0.00732	0.01096	0.00651	0.00592	0.02851	0.03945	0.31566	0.04965	0.01309	0.01036	0.00461	0.00396	0.00102	0.00352	0.00375	0.00399	0.46050
36	0.01295	0.00735	0.00998	0.00882	0.04781	0.00708	0.03677	0.08777	0.06464	0.29659	0.28380	0.04983	0.02200	0.00803	0.03408	0.00164	0.00383	0.00608	0.00479	0.00616
37	0.01566	0.01195	0.01287	0.01021	0.01348	0.01344	0.00834	0.60032	0.19282	0.02584	0.01237	0.01217	0.00899	0.00568	0.00491	0.00142	0.03327	0.00430	0.00446	0.00749
38	0.01247	0.02500	0.01115	0.02506	0.02085	0.02525	0.00733	0.22801	0.28865	0.05511	0.01433	0.08692	0.01180	0.01910	0.00526	0.00145	0.04280	0.00506	0.00405	0.11034
39	0.02217	0.00927	0.06037	0.05783	0.03215	0.02107	0.00720	0.10251	0.03638	0.08685	0.06971	0.08010	0.01190	0.00579	0.01368	0.00122	0.01509	0.00452	0.00339	0.35877
40	0.02503	0.10561	0.21835	0.01131	0.01554	0.07178	0.11275	0.14801	0.07176	0.12655	0.02198	0.01194	0.00837	0.02525	0.00482	0.00144	0.00565	0.00403	0.00322	0.00661
41	0.01857	0.15520	0.41773	0.02450	0.03695	0.01088	0.02407	0.02366	0.06003	0.08238	0.05118	0.02616	0.02523	0.00516	0.00426	0.00138	0.00544	0.01815	0.00273	0.00636
42	0.00619	0.00446	0.00553	0.00604	0.00679	0.00415	0.00427	0.00716	0.00932	0.03964	0.04487	0.50888	0.24717	0.03305	0.00627	0.00180	0.02311	0.03321	0.00418	0.00389
43	0.01078	0.10413	0.17196	0.01184	0.07423	0.02382	0.12527	0.02893	0.02357	0.11785	0.06085	0.12100	0.01354	0.00777	0.04297	0.00174	0.00543	0.04522	0.00320	0.00590
44	0.04884	0.13760	0.21939	0.01048	0.04320	0.02655	0.03603	0.08541	0.10126	0.15506	0.02785	0.05609	0.02182	0.00548	0.00428	0.00138	0.00493	0.00442	0.00338	0.00653

[dist]
# distance from previous block
# <min> <max>
6	32

[block]
# block no. 6 follows, 57 sequences, length 30
# corresponding to MSA columns:
# 613-622,625-635,638-646
name=unknown_G
#
# <colnr> <probs for GDERKNQSTAVLIFYWHMCP>
#	G	D	E	R	K	N	Q	S	T	A	V	L	I	F	Y	W	H	M	C	P
0	0.12164	0.03417	0.01059	0.00765	0.01138	0.00842	0.02590	0.12104	0.04530	0.05702	0.00913	0.00997	0.00712	0.00401	0.00360	0.00096	0.00379	0.00310	0.00315	0.51206
1	0.00700	0.00537	0.02338	0.00731	0.00830	0.00492	0.02577	0.04294	0.00986	0.03130	0.02435	0.49472	0.07789	0.03171	0.00614	0.00189	0.00334	0.18551	0.00412	0.00418
2	0.01389	0.01341	0.01574	0.01943	0.41791	0.17680	0.01126	0.21227	0.04455	0.01767	0.00919	0.01073	0.00730	0.00460	0.00442	0.00132	0.00578	0.00386	0.00293	0.00692
3	0.00590	0.00458	0.00532	0.00531	0.00649	0.00409	0.00395	0.00736	0.01086	0.01413	0.30867	0.09294	0.40483	0.05268	0.01891	0.00177	0.00260	0.04132	0.00438	0.00394
4	0.00660	0.00470	0.00593	0.00622	0.00711	0.00449	0.00459	0.00815	0.03214	0.03270	0.16299	0.27181	0.17137	0.07706	0.06386	0.02211	0.00356	0.10655	0.00410	0.00398
5	0.00694	0.00492	0.00591	0.00559	0.00684	0.00456	0.00417	0.03018	0.01142	0.04312	0.39787	0.05217	0.26073	0.06801	0.04986	0.00197	0.00302	0.00805	0.03046	0.00423
6	0.06468	0.00802	0.00971	0.00794	0.01097	0.00782	0.00641	0.02088	0.21846	0.49441	0.01892	0.01704	0.05823	0.00600	0.00448	0.00144	0.00363	0.00487	0.02900	0.00709
7	0.01747	0.01133	0.01218	0.00952	0.01289	0.05478	0.00779	0.48520	0.04009	0.24130	0.01298	0.01243	0.00892	0.00546	0.00445	0.00135	0.00467	0.00418	0.04562	0.00740
8	0.87276	0.00876	0.00666	0.00596	0.00876	0.01017	0.00491	0.01332	0.00771	0.02033	0.00631	0.00736	0.00491	0.00421	0.00280	0.00140	0.00351	0.00245	0.00280	0.00491
9	0.00964	0.00820	0.00952	0.00682	0.01084	0.00628	0.00547	0.03540	0.00976	0.01519	0.00814	0.00944	0.00674	0.00342	0.00339	0.00069	0.00341	0.00273	0.00274	0.84218
10	0.00656	0.00471	0.00667	0.00667	0.00725	0.00529	0.00490	0.00764	0.00706	0.01000	0.01247	0.02045	0.01241	0.22495	0.59929	0.04236	0.00996	0.00523	0.00248	0.00365
11	0.01145	0.00937	0.00993	0.00872	0.01111	0.01060	0.00673	0.14914	0.54677	0.01906	0.01793	0.01858	0.04852	0.10334	0.00678	0.00184	0.00385	0.00532	0.00436	0.00660
12	0.01332	0.00952	0.00990	0.00823	0.01108	0.10074	0.00644	0.07973	0.13879	0.21566	0.04717	0.11423	0.01327	0.00625	0.00441	0.00128	0.00406	0.00515	0.00411	0.20664
13	0.03503	0.39897	0.09150	0.04372	0.01413	0.09227	0.04014	0.11743	0.01134	0.06732	0.00808	0.00910	0.00645	0.00453	0.00417	0.00121	0.04272	0.00317	0.00260	0.00613
14	0.02857	0.35854	0.05092	0.01036	0.03705	0.21364	0.03265	0.03926	0.07689	0.01263	0.00855	0.00967	0.02129	0.00483	0.00465	0.00123	0.07779	0.00326	0.00242	0.00581
15	0.01503	0.18410	0.01486	0.01078	0.04156	0.40346	0.00838	0.15463	0.05726	0.01497	0.02877	0.00991	0.00772	0.00484	0.00398	0.00119	0.00629	0.00335	0.02299	0.00593
16	0.00574	0.00409	0.00514	0.00589	0.00619	0.00385	0.00383	0.00638	0.00834	0.01101	0.02419	0.60406	0.08448	0.19330	0.00950	0.00237	0.00299	0.01127	0.00389	0.00349
17	0.01305	0.45013	0.09886	0.00936	0.01304	0.13965	0.02236	0.10814	0.01128	0.03439	0.00812	0.03027	0.00703	0.02056	0.00413	0.00122	0.01668	0.00327	0.00248	0.00597
18	0.00648	0.00451	0.00563	0.00575	0.00607	0.00464	0.00380	0.00709	0.00737	0.00999	0.04028	0.09409	0.03585	0.50919	0.19977	0.00457	0.00586	0.04284	0.00296	0.00325
19	0.03271	0.05889	0.33278	0.01087	0.01547	0.03153	0.03533	0.19363	0.08465	0.10197	0.01190	0.03220	0.02735	0.00525	0.00439	0.00141	0.00542	0.00417	0.00330	0.00679
20	0.01101	0.00904	0.01085	0.06535	0.07724	0.07076	0.00730	0.01291	0.00974	0.10549	0.00974	0.03010	0.00805	0.00722	0.07914	0.00163	0.06620	0.00364	0.00287	0.41172
21	0.00567	0.00400	0.00524	0.00615	0.00642	0.00374	0.00407	0.00632	0.00848	0.01126	0.02426	0.72729	0.05222	0.07304	0.00741	0.03203	0.00279	0.01202	0.00402	0.00356
22	0.01104	0.10542	0.18504	0.02453	0.07234	0.07845	0.06962	0.05677	0.06292	0.03042	0.02428	0.01255	0.04643	0.00626	0.02399	0.00161	0.17563	0.00415	0.00259	0.00596
23	0.01447	0.08983	0.17439	0.03890	0.03228	0.10496	0.02419	0.08167	0.08116	0.25092	0.02972	0.01239	0.00913	0.00516	0.00465	0.00137	0.03052	0.00399	0.00359	0.00671
24	0.00595	0.00420	0.00519	0.00580	0.00610	0.00400	0.00378	0.00655	0.00816	0.01075	0.02283	0.47006	0.08304	0.29643	0.01168	0.00270	0.00327	0.04244	0.00371	0.00339
25	0.00698	0.00472	0.00566	0.00566	0.00675	0.00453	0.00428	0.00933	0.04678	0.01618	0.35422	0.12645	0.10721	0.00921	0.00491	0.00145	0.00242	0.06619	0.21280	0.00427
26	0.01238	0.28465	0.21825	0.01033	0.02334	0.09302	0.02711	0.11210	0.08537	0.04420	0.00978	0.04295	0.00798	0.00494	0.00398	0.00127	0.00548	0.00374	0.00278	0.00635
27	0.01035	0.00986	0.03886	0.20226	0.26732	0.03031	0.09573	0.04890	0.03713	0.04199	0.03351	0.07007	0.02774	0.00668	0.03895	0.00171	0.02483	0.00506	0.00275	0.00598
28	0.01107	0.00575	0.00722	0.00637	0.00838	0.00508	0.00494	0.01287	0.02940	0.29927	0.20362	0.11878	0.25068	0.00908	0.00510	0.00150	0.00288	0.00775	0.00489	0.00537
29	0.03612	0.01570	0.08367	0.01086	0.03994	0.39451	0.02296	0.02610	0.01215	0.23608	0.01126	0.04759	0.00862	0.00530	0.00430	0.00130	0.00618	0.00397	0.02730	0.00607

[dist]
# distance from previous block
# <min> <max>
0	13

[block]
# block no. 7 follows, 57 sequences, length 25
# corresponding to MSA columns:
# 660-665,667-685
name=unknown_H
#
# <colnr> <probs for GDERKNQSTAVLIFYWHMCP>
#	G	D	E	R	K	N	Q	S	T	A	V	L	I	F	Y	W	H	M	C	P
0	0.02484	0.16236	0.33780	0.09802	0.10384	0.03128	0.04867	0.06445	0.03064	0.02971	0.00842	0.01004	0.00642	0.00442	0.00434	0.00136	0.02117	0.00352	0.00231	0.00640
1	0.06932	0.03644	0.11703	0.00898	0.03611	0.04810	0.03610	0.06300	0.14177	0.03546	0.05988	0.02437	0.24456	0.00749	0.00473	0.00148	0.00415	0.05181	0.00367	0.00554
2	0.02874	0.00829	0.01258	0.11667	0.27432	0.02301	0.03479	0.04747	0.00994	0.01407	0.06608	0.06097	0.01212	0.03800	0.15900	0.00262	0.02731	0.01716	0.02045	0.02641
3	0.01134	0.00762	0.00922	0.00695	0.01046	0.00611	0.00555	0.01363	0.03719	0.18188	0.07056	0.03443	0.02603	0.00478	0.00389	0.00095	0.00334	0.00395	0.00360	0.55850
4	0.01160	0.51842	0.03918	0.00958	0.01234	0.05608	0.02985	0.01306	0.00877	0.01094	0.00635	0.00827	0.00588	0.00511	0.00655	0.00130	0.24616	0.00300	0.00198	0.00557
5	0.01119	0.00638	0.00794	0.00698	0.00897	0.00611	0.00541	0.04702	0.11023	0.24110	0.30653	0.12096	0.08536	0.00844	0.00505	0.00149	0.00299	0.00728	0.00495	0.00564
6	0.00586	0.00425	0.00553	0.00597	0.00662	0.00392	0.00419	0.00719	0.01039	0.01417	0.33087	0.47718	0.08280	0.01212	0.00559	0.00166	0.00242	0.01086	0.00451	0.00392
7	0.00564	0.00459	0.00499	0.00492	0.00630	0.00394	0.00368	0.00704	0.01095	0.01380	0.24798	0.05829	0.59016	0.01095	0.00536	0.00151	0.00226	0.00927	0.00441	0.00394
8	0.00601	0.00430	0.00582	0.00687	0.00735	0.00411	0.00506	0.00716	0.00916	0.01212	0.02470	0.61969	0.02889	0.01373	0.00592	0.00191	0.00306	0.22611	0.00420	0.00382
9	0.00968	0.00773	0.00771	0.00730	0.00866	0.08761	0.00529	0.02993	0.19889	0.06381	0.04901	0.15099	0.04318	0.22205	0.04080	0.00247	0.00433	0.02018	0.03556	0.00484
10	0.87276	0.00876	0.00666	0.00596	0.00876	0.01017	0.00491	0.01332	0.00771	0.02033	0.00631	0.00736	0.00491	0.00421	0.00280	0.00140	0.00351	0.00245	0.00280	0.00491
11	0.00940	0.00805	0.00940	0.00671	0.01074	0.00604	0.00537	0.01141	0.00940	0.01477	0.00805	0.00940	0.00671	0.00336	0.00336	0.00067	0.00336	0.00268	0.00268	0.86845
12	0.00656	0.00438	0.00495	0.00499	0.00499	0.00437	0.00279	0.00658	0.00666	0.00888	0.01462	0.05565	0.01691	0.81416	0.02251	0.00431	0.00434	0.00679	0.00279	0.00278
13	0.00558	0.00433	0.00509	0.00546	0.00640	0.00383	0.00388	0.00673	0.01003	0.01286	0.15308	0.36788	0.37412	0.01226	0.00553	0.00164	0.00241	0.01072	0.00433	0.00383
14	0.01247	0.78596	0.02304	0.00794	0.01180	0.01766	0.00781	0.06784	0.01004	0.01190	0.00662	0.00752	0.00595	0.00398	0.00302	0.00100	0.00486	0.00254	0.00212	0.00595
15	0.00949	0.00610	0.00714	0.00648	0.00833	0.00582	0.00498	0.07317	0.07853	0.14847	0.15417	0.13997	0.30306	0.01005	0.02173	0.00164	0.00310	0.00806	0.00459	0.00511
16	0.03453	0.13145	0.21748	0.02485	0.01542	0.06743	0.08924	0.05080	0.27604	0.01582	0.01138	0.01192	0.00865	0.00495	0.00447	0.00140	0.02062	0.00401	0.00302	0.00651
17	0.01165	0.01284	0.01408	0.01210	0.01283	0.21062	0.03765	0.01278	0.00851	0.01108	0.00632	0.00957	0.00595	0.00699	0.01191	0.00177	0.60243	0.00376	0.00208	0.00507
18	0.01015	0.00899	0.01078	0.00935	0.09115	0.03607	0.02043	0.05568	0.01038	0.01541	0.02388	0.01095	0.02694	0.00390	0.00368	0.00084	0.00385	0.00322	0.00280	0.65152
19	0.00775	0.00595	0.03023	0.00770	0.02383	0.00545	0.02508	0.07470	0.01060	0.04238	0.07055	0.45530	0.06626	0.01144	0.00548	0.00172	0.00330	0.11290	0.03489	0.00450
20	0.00566	0.00453	0.00506	0.00509	0.00635	0.00393	0.00376	0.00703	0.01081	0.01376	0.24985	0.13400	0.51181	0.01120	0.00540	0.00154	0.00229	0.00958	0.00442	0.00393
21	0.01507	0.01015	0.10677	0.07527	0.08590	0.00826	0.00898	0.09274	0.01237	0.38917	0.01508	0.01582	0.04013	0.00557	0.00454	0.00139	0.00453	0.03746	0.00416	0.06663
22	0.01403	0.01169	0.06935	0.01163	0.09921	0.02858	0.00885	0.35710	0.16910	0.07999	0.01294	0.02618	0.01009	0.06340	0.00584	0.00162	0.00478	0.01462	0.00401	0.00697
23	0.78645	0.00889	0.00706	0.00621	0.00902	0.01025	0.00511	0.06752	0.00871	0.02079	0.00689	0.00790	0.00531	0.00433	0.00294	0.00139	0.00356	0.00262	0.02996	0.00508
24	0.01282	0.41346	0.06093	0.04003	0.02390	0.12506	0.02275	0.02881	0.05237	0.09347	0.07765	0.01152	0.01003	0.00482	0.00377	0.00118	0.00511	0.00356	0.00282	0.00594

[dist]
# distance from previous block
# <min> <max>
0	17

[block]
# block no. 8 follows, 57 sequences, length 19
# corresponding to MSA columns:
# 705-723
name=unknown_I
#
# <colnr> <probs for GDERKNQSTAVLIFYWHMCP>
#	G	D	E	R	K	N	Q	S	T	A	V	L	I	F	Y	W	H	M	C	P
0	0.06769	0.03016	0.08164	0.09043	0.14704	0.00862	0.04941	0.01598	0.04968	0.27592	0.04385	0.06059	0.02906	0.00584	0.00457	0.00145	0.00459	0.02331	0.00374	0.00643
1	0.01155	0.02754	0.01042	0.00911	0.01150	0.05724	0.00713	0.10143	0.54785	0.01830	0.01728	0.06312	0.01422	0.03352	0.00528	0.00162	0.00403	0.04797	0.00431	0.00659
2	0.00688	0.00522	0.00668	0.00703	0.00820	0.00484	0.00531	0.00884	0.05308	0.01296	0.02173	0.47043	0.02450	0.01165	0.00546	0.00170	0.00317	0.19934	0.00398	0.13899
3	0.01311	0.29524	0.09564	0.00983	0.04142	0.05340	0.02632	0.10386	0.13338	0.11776	0.02958	0.01266	0.03888	0.00511	0.00402	0.00127	0.00482	0.00393	0.00330	0.00648
4	0.01124	0.24231	0.29394	0.01040	0.01482	0.04281	0.03594	0.01695	0.20889	0.04895	0.02498	0.01150	0.00873	0.00479	0.00406	0.00132	0.00529	0.00373	0.00284	0.00650
5	0.00603	0.00427	0.00549	0.00599	0.00667	0.00391	0.00418	0.00723	0.01004	0.02932	0.23235	0.51948	0.12336	0.01242	0.00560	0.00169	0.00249	0.01111	0.00444	0.00393
6	0.00659	0.00439	0.00494	0.00494	0.00494	0.00439	0.00275	0.00659	0.00659	0.00879	0.01428	0.02965	0.01647	0.84075	0.02306	0.00439	0.00439	0.00659	0.00275	0.00275
7	0.01009	0.00930	0.03039	0.35671	0.29247	0.01001	0.01171	0.02548	0.10110	0.03897	0.01138	0.04253	0.03008	0.00512	0.00459	0.00146	0.00524	0.00462	0.00267	0.00609
