[name]
unknown

[dist]
# distance from previous block
# <min> <max>
8	163

[block]
# block no. 0 follows, 75 sequences, length 24
# corresponding to MSA columns:
# 254-277
name=unknown_A
#
# <colnr> <probs for GDERKNQSTAVLIFYWHMCP>
#	G	D	E	R	K	N	Q	S	T	A	V	L	I	F	Y	W	H	M	C	P
0	0.03153	0.02723	0.07459	0.00708	0.03967	0.01650	0.03404	0.07037	0.05418	0.09739	0.24227	0.08144	0.06588	0.01924	0.03674	0.00139	0.01742	0.03543	0.00322	0.04438
1	0.00980	0.02141	0.03287	0.00689	0.03600	0.02866	0.01879	0.09614	0.03837	0.15081	0.04258	0.01095	0.03787	0.00386	0.00325	0.00085	0.00318	0.01245	0.00285	0.44242
2	0.04612	0.10708	0.13445	0.00951	0.08096	0.00976	0.05750	0.31346	0.04598	0.10132	0.02744	0.00971	0.02032	0.00408	0.00350	0.00109	0.00410	0.00328	0.00289	0.01746
3	0.12352	0.21912	0.19680	0.00778	0.02785	0.00997	0.00760	0.17314	0.03945	0.10482	0.02599	0.00846	0.00631	0.00380	0.00313	0.00104	0.00394	0.00279	0.00254	0.03194
4	0.08126	0.24430	0.07554	0.00742	0.02552	0.06735	0.00658	0.14275	0.00943	0.13166	0.00758	0.00839	0.00589	0.02117	0.02638	0.00117	0.04768	0.00273	0.00249	0.08471
5	0.07643	0.39439	0.06759	0.00743	0.02376	0.03432	0.00678	0.25076	0.03886	0.03689	0.02673	0.00789	0.00616	0.00377	0.00298	0.00097	0.00395	0.00267	0.00246	0.00520
6	0.00873	0.24693	0.26642	0.04209	0.21738	0.02887	0.10156	0.01132	0.00793	0.01073	0.00630	0.00786	0.00507	0.00337	0.00348	0.00106	0.02123	0.00285	0.00167	0.00518
7	0.00872	0.00694	0.01817	0.00790	0.10134	0.04002	0.00553	0.02726	0.05950	0.11063	0.02510	0.12904	0.03825	0.00487	0.00374	0.00096	0.03356	0.00408	0.00275	0.37166
8	0.00523	0.00364	0.00435	0.00427	0.00472	0.00352	0.00282	0.00601	0.00740	0.01018	0.29025	0.04105	0.09078	0.43243	0.04976	0.00255	0.00301	0.00595	0.02925	0.00281
9	0.00946	0.02716	0.11555	0.01167	0.16757	0.05028	0.10050	0.07328	0.31659	0.02821	0.01013	0.01874	0.00780	0.00419	0.00391	0.00117	0.02694	0.00364	0.00269	0.02053
10	0.00478	0.00371	0.00431	0.00421	0.00519	0.00328	0.00311	0.00604	0.00913	0.01202	0.41098	0.06955	0.40006	0.04138	0.00490	0.00130	0.00188	0.00727	0.00366	0.00323
11	0.00981	0.05805	0.06530	0.06705	0.23092	0.09447	0.11063	0.08114	0.15494	0.03397	0.00865	0.00976	0.01335	0.00387	0.00382	0.00112	0.02465	0.00339	0.00236	0.02275
12	0.00449	0.00327	0.00419	0.00491	0.00524	0.00302	0.00329	0.00514	0.00712	0.00935	0.02183	0.74244	0.11657	0.04399	0.00518	0.00154	0.00215	0.00994	0.00336	0.00297
13	0.00952	0.07058	0.01030	0.00781	0.03442	0.03672	0.00622	0.20533	0.00953	0.01348	0.00700	0.03571	0.00603	0.00434	0.00517	0.00100	0.20091	0.00297	0.00238	0.33058
14	0.00921	0.27385	0.42884	0.00899	0.04152	0.01005	0.00993	0.04790	0.00832	0.07953	0.00689	0.00767	0.00518	0.00347	0.00314	0.00101	0.00457	0.00259	0.00193	0.04541
15	0.01003	0.26039	0.23117	0.00846	0.01189	0.05073	0.03505	0.16197	0.14321	0.02537	0.00797	0.00846	0.00611	0.00387	0.00342	0.00106	0.02024	0.00290	0.00236	0.00535
16	0.01288	0.00934	0.01024	0.00801	0.01065	0.01029	0.00658	0.70496	0.01579	0.04358	0.04537	0.01022	0.00781	0.00658	0.07880	0.00153	0.00443	0.00352	0.00356	0.00586
17	0.00533	0.00359	0.00416	0.00416	0.00422	0.00365	0.00242	0.00544	0.00539	0.00724	0.01143	0.02323	0.01300	0.80062	0.08852	0.00376	0.00408	0.00522	0.00220	0.00231
18	0.00806	0.07221	0.49301	0.05766	0.12497	0.00920	0.07916	0.02814	0.03263	0.01159	0.00681	0.00830	0.00513	0.00361	0.00392	0.00116	0.04445	0.00298	0.00173	0.00528
19	0.28562	0.00784	0.00785	0.00673	0.00906	0.00881	0.00542	0.16377	0.34053	0.08845	0.01087	0.01106	0.00816	0.00449	0.00330	0.00119	0.00312	0.02509	0.00333	0.00530
20	0.00556	0.00437	0.00640	0.00622	0.00678	0.00528	0.00486	0.00675	0.00584	0.00849	0.00937	0.01419	0.00890	0.06654	0.72154	0.00531	0.10441	0.00392	0.00194	0.00331
21	0.00872	0.02492	0.16789	0.06471	0.14620	0.20990	0.03085	0.01073	0.00843	0.01042	0.00978	0.09638	0.00953	0.00553	0.00426	0.00124	0.04455	0.13933	0.00217	0.00446
22	0.00565	0.00362	0.00424	0.00458	0.00525	0.00345	0.00325	0.00698	0.03686	0.03317	0.01969	0.41669	0.13359	0.04163	0.00455	0.00135	0.00212	0.02673	0.24332	0.00329
23	0.00926	0.62680	0.23952	0.00747	0.01119	0.03278	0.00823	0.01125	0.00761	0.00944	0.00551	0.00640	0.00470	0.00325	0.00268	0.00089	0.00439	0.00217	0.00157	0.00489

[dist]
# distance from previous block
# <min> <max>
1	2

[block]
# block no. 1 follows, 75 sequences, length 20
# corresponding to MSA columns:
# 281-300
name=unknown_B
#
# <colnr> <probs for GDERKNQSTAVLIFYWHMCP>
#	G	D	E	R	K	N	Q	S	T	A	V	L	I	F	Y	W	H	M	C	P
0	0.00737	0.00627	0.00735	0.00541	0.00844	0.00475	0.00428	0.00892	0.00757	0.01177	0.00760	0.07500	0.00692	0.00341	0.00287	0.00062	0.00267	0.00282	0.00227	0.82369
1	0.05563	0.10476	0.10928	0.00774	0.03310	0.02147	0.00684	0.31496	0.01123	0.03482	0.00733	0.00794	0.00557	0.00359	0.00315	0.00091	0.00377	0.00269	0.00263	0.26255
2	0.00538	0.03793	0.00567	0.00553	0.00620	0.00443	0.00401	0.00706	0.07942	0.00966	0.01606	0.50613	0.01792	0.04042	0.21127	0.00255	0.00419	0.00762	0.00295	0.02559
3	0.02183	0.11359	0.30457	0.00950	0.04625	0.02473	0.05027	0.13034	0.22241	0.02724	0.00901	0.00940	0.00672	0.00395	0.00348	0.00113	0.00436	0.00318	0.00250	0.00552
4	0.00558	0.00414	0.00510	0.00522	0.00592	0.00419	0.00380	0.00761	0.10775	0.01078	0.17608	0.20893	0.08909	0.16186	0.07783	0.02604	0.00317	0.09038	0.00319	0.00332
5	0.02599	0.08990	0.32322	0.00987	0.03263	0.03616	0.11423	0.07431	0.14008	0.01280	0.02216	0.01048	0.00710	0.00411	0.00383	0.00116	0.02985	0.03530	0.00225	0.02457
6	0.00748	0.00564	0.00654	0.00601	0.00749	0.00596	0.00465	0.01277	0.35829	0.06145	0.37793	0.03884	0.04222	0.00653	0.00409	0.00122	0.00239	0.04205	0.00389	0.00458
7	0.01000	0.00941	0.05597	0.00831	0.03577	0.05707	0.00663	0.14440	0.57581	0.01582	0.01257	0.01193	0.00941	0.00464	0.00366	0.00118	0.00347	0.00377	0.00341	0.02675
8	0.00892	0.00856	0.01461	0.08725	0.78461	0.00868	0.01119	0.01113	0.00828	0.01180	0.00688	0.00914	0.00575	0.00330	0.00364	0.00110	0.00440	0.00327	0.00180	0.00568
9	0.07373	0.20640	0.10698	0.04317	0.16666	0.06879	0.04001	0.13801	0.02842	0.08384	0.00737	0.00823	0.00565	0.00364	0.00325	0.00104	0.00434	0.00286	0.00232	0.00529
10	0.00880	0.02482	0.53396	0.01005	0.01433	0.07821	0.06704	0.05411	0.09452	0.03981	0.01871	0.00887	0.00602	0.00383	0.00374	0.00116	0.02155	0.00306	0.00206	0.00535
11	0.00452	0.00323	0.00432	0.00517	0.00540	0.00302	0.00349	0.00519	0.00708	0.00943	0.02022	0.84184	0.02419	0.01146	0.00470	0.00150	0.00217	0.03667	0.00341	0.00300
12	0.00594	0.00492	0.00739	0.02452	0.23164	0.00477	0.00577	0.00727	0.00805	0.01095	0.12859	0.38754	0.08471	0.00836	0.00434	0.00133	0.00279	0.06421	0.00304	0.00386
13	0.02735	0.04993	0.10134	0.03966	0.11726	0.04648	0.37915	0.03671	0.01931	0.05860	0.00771	0.02687	0.00606	0.00400	0.00451	0.03609	0.02823	0.00374	0.00206	0.00494
14	0.00576	0.00410	0.00556	0.00624	0.00698	0.00407	0.00521	0.00727	0.02400	0.01058	0.03863	0.11272	0.04955	0.05843	0.00610	0.03740	0.00317	0.60770	0.00327	0.00325
15	0.00525	0.00391	0.00578	0.00578	0.00640	0.00453	0.00444	0.00648	0.00587	0.00844	0.00995	0.01504	0.00945	0.08130	0.80298	0.00575	0.00944	0.00402	0.00198	0.00321
16	0.00844	0.00919	0.14239	0.14964	0.29136	0.00805	0.03140	0.07746	0.02818	0.04097	0.00817	0.01033	0.01484	0.00755	0.14053	0.00191	0.01909	0.00340	0.00208	0.00504
17	0.00960	0.50779	0.07934	0.04187	0.02889	0.10182	0.10891	0.01146	0.02875	0.00953	0.00625	0.02590	0.00546	0.00362	0.00312	0.01399	0.00458	0.00269	0.00174	0.00469
18	0.00592	0.00423	0.00592	0.00676	0.00761	0.00423	0.00592	0.00761	0.00845	0.01099	0.01945	0.04143	0.02114	0.01015	0.00507	0.00169	0.00338	0.82329	0.00338	0.00338
19	0.00683	0.00515	0.00731	0.00624	0.00772	0.00495	0.09278	0.04210	0.08235	0.06493	0.47565	0.07272	0.10244	0.00692	0.00424	0.00120	0.00252	0.00619	0.00370	0.00405

[dist]
# distance from previous block
# <min> <max>
0	11

[block]
# block no. 2 follows, 75 sequences, length 117
# corresponding to MSA columns:
# 312-354,361-434
name=unknown_C
#
# <colnr> <probs for GDERKNQSTAVLIFYWHMCP>
#	G	D	E	R	K	N	Q	S	T	A	V	L	I	F	Y	W	H	M	C	P
0	0.00831	0.00618	0.01894	0.00669	0.03579	0.00619	0.01730	0.08172	0.24624	0.10604	0.19802	0.08552	0.15460	0.00655	0.00403	0.00121	0.00267	0.00561	0.00369	0.00470
1	0.00526	0.00414	0.00486	0.00496	0.00607	0.00388	0.00395	0.00721	0.06571	0.01165	0.21307	0.03364	0.39630	0.00882	0.00448	0.00134	0.00229	0.21535	0.00357	0.00344
2	0.00694	0.00653	0.01102	0.86210	0.02530	0.00816	0.01020	0.00938	0.00734	0.00938	0.00653	0.00979	0.00490	0.00367	0.00367	0.00122	0.00490	0.00326	0.00163	0.00408
3	0.00725	0.00708	0.01267	0.71600	0.04677	0.00834	0.13029	0.00978	0.00756	0.00980	0.00667	0.00979	0.00502	0.00358	0.00377	0.00122	0.00507	0.00342	0.00167	0.00425
4	0.00568	0.00407	0.00563	0.00646	0.00722	0.00402	0.00549	0.00720	0.00825	0.01074	0.02000	0.15735	0.04218	0.01032	0.00500	0.00165	0.00317	0.68887	0.00339	0.00332
5	0.00737	0.01900	0.85189	0.01047	0.01590	0.00853	0.01357	0.01163	0.00775	0.01163	0.00659	0.00775	0.00465	0.00349	0.00349	0.00116	0.00543	0.00271	0.00155	0.00543
6	0.00624	0.00493	0.00759	0.00757	0.00872	0.00490	0.09699	0.00839	0.04957	0.01109	0.01786	0.11417	0.01912	0.02141	0.00508	0.00163	0.00355	0.60436	0.00322	0.00362
7	0.02959	0.00619	0.00837	0.00647	0.00924	0.00538	0.00533	0.01747	0.01036	0.81665	0.01449	0.03397	0.00940	0.00470	0.00370	0.00115	0.00310	0.00384	0.00448	0.00613
8	0.01407	0.00613	0.00772	0.00609	0.00851	0.00570	0.00498	0.11641	0.01073	0.56630	0.01325	0.01231	0.00881	0.00447	0.00345	0.00107	0.00293	0.00359	0.19786	0.00563
9	0.03393	0.84960	0.01887	0.00624	0.00936	0.01436	0.00622	0.01099	0.00743	0.00885	0.00511	0.00589	0.00469	0.00315	0.00235	0.00080	0.00390	0.00196	0.00159	0.00469
10	0.06381	0.00704	0.01043	0.26697	0.02513	0.03154	0.08684	0.01393	0.00904	0.41759	0.01059	0.02483	0.00726	0.00415	0.00367	0.00117	0.00404	0.00359	0.00314	0.00522
11	0.00482	0.00329	0.00439	0.00516	0.00544	0.00305	0.00347	0.00549	0.00713	0.03386	0.02008	0.84361	0.02385	0.01130	0.00466	0.00148	0.00216	0.01024	0.00344	0.00308
12	0.00525	0.00394	0.00590	0.00590	0.00656	0.00459	0.00459	0.00656	0.00590	0.00853	0.00984	0.01443	0.00918	0.02755	0.85637	0.00590	0.00984	0.00394	0.00197	0.00328
13	0.00908	0.00876	0.01509	0.02235	0.82549	0.00874	0.03365	0.01129	0.00837	0.01199	0.00692	0.00911	0.00581	0.00327	0.00366	0.00109	0.00441	0.00330	0.00182	0.00579
14	0.03765	0.01150	0.29770	0.00929	0.01313	0.00763	0.12836	0.08572	0.00977	0.34731	0.01001	0.01000	0.00667	0.00393	0.00367	0.00116	0.00442	0.00337	0.00299	0.00572
15	0.00901	0.00864	0.01475	0.05557	0.81565	0.00870	0.01123	0.01120	0.00832	0.01190	0.00689	0.00912	0.00578	0.00329	0.00364	0.00110	0.00438	0.00327	0.00181	0.00575
16	0.00764	0.00711	0.02232	0.01676	0.56217	0.00691	0.00883	0.00939	0.00796	0.01118	0.01110	0.23904	0.01153	0.01815	0.00420	0.00126	0.00373	0.04351	0.00232	0.00489
17	0.00439	0.00372	0.00379	0.00377	0.00499	0.00312	0.00283	0.00536	0.00848	0.01019	0.08254	0.03490	0.80103	0.00920	0.00434	0.00124	0.00185	0.00769	0.00345	0.00312
18	0.00693	0.00647	0.01090	0.84644	0.02492	0.00807	0.01007	0.00930	0.00730	0.00933	0.00653	0.00982	0.00492	0.00384	0.00387	0.01751	0.00486	0.00326	0.00163	0.00403
19	0.89687	0.00710	0.00540	0.00483	0.00710	0.00824	0.00398	0.01080	0.00625	0.01648	0.00511	0.00597	0.00398	0.00341	0.00227	0.00114	0.00284	0.00199	0.00227	0.00398
20	0.00534	0.00356	0.00401	0.00401	0.00401	0.00356	0.00223	0.00534	0.00534	0.00712	0.01157	0.02403	0.01335	0.87092	0.01869	0.00356	0.00356	0.00534	0.00223	0.00223
21	0.00685	0.00342	0.00342	0.00342	0.00428	0.00342	0.00257	0.00856	0.00770	0.01369	0.01198	0.01369	0.00941	0.00428	0.00257	0.00086	0.00171	0.00342	0.89131	0.00342
22	0.00804	0.00804	0.01125	0.00964	0.00964	0.01125	0.00804	0.00884	0.00562	0.00884	0.00482	0.00804	0.00482	0.00643	0.01205	0.00161	0.86420	0.00321	0.00161	0.00402
23	0.00464	0.00332	0.00438	0.00517	0.00543	0.00313	0.00347	0.01961	0.00721	0.00962	0.02004	0.85353	0.02398	0.01138	0.00467	0.00148	0.00216	0.01032	0.00341	0.00304
24	0.01430	0.00889	0.01005	0.00776	0.01058	0.00942	0.00640	0.56702	0.02686	0.25180	0.01056	0.01010	0.00722	0.00483	0.01760	0.00119	0.00382	0.00344	0.02203	0.00613
25	0.00676	0.00568	0.00611	0.00567	0.00722	0.00600	0.00435	0.01229	0.39917	0.01347	0.19410	0.02357	0.28712	0.00691	0.00406	0.00123	0.00232	0.00584	0.00369	0.00445
26	0.89687	0.00710	0.00540	0.00483	0.00710	0.00824	0.00398	0.01080	0.00625	0.01648	0.00511	0.00597	0.00398	0.00341	0.00227	0.00114	0.00284	0.00199	0.00227	0.00398
27	0.00864	0.01013	0.04239	0.01535	0.01911	0.00927	0.81419	0.01176	0.00865	0.01176	0.00741	0.00985	0.00555	0.00311	0.00431	0.00124	0.00617	0.00429	0.00185	0.00497
28	0.00737	0.01900	0.85189	0.01047	0.01590	0.00853	0.01357	0.01163	0.00775	0.01163	0.00659	0.00775	0.00465	0.00349	0.00349	0.00116	0.00543	0.00271	0.00155	0.00543
29	0.01648	0.00625	0.00852	0.00653	0.00938	0.00540	0.00540	0.01790	0.01051	0.85056	0.01449	0.01250	0.00909	0.00455	0.00369	0.00114	0.00313	0.00369	0.00455	0.00625
30	0.00499	0.00375	0.00461	0.00440	0.00536	0.00337	0.00330	0.00652	0.00989	0.01354	0.64535	0.02940	0.23613	0.00795	0.00433	0.00118	0.00176	0.00692	0.00389	0.00337
31	0.01593	0.00713	0.00907	0.00695	0.00981	0.00670	0.00574	0.19585	0.01198	0.67053	0.01326	0.01170	0.00847	0.00452	0.00369	0.00113	0.00332	0.00361	0.00436	0.00625
32	0.00603	0.00424	0.00537	0.00493	0.00599	0.00405	0.00375	0.03205	0.05289	0.04341	0.74231	0.02577	0.04056	0.00721	0.00426	0.00116	0.00191	0.00633	0.00403	0.00376
33	0.89687	0.00710	0.00540	0.00483	0.00710	0.00824	0.00398	0.01080	0.00625	0.01648	0.00511	0.00597	0.00398	0.00341	0.00227	0.00114	0.00284	0.00199	0.00227	0.00398
34	0.00481	0.00381	0.00437	0.00463	0.00565	0.00341	0.00364	0.00592	0.00829	0.01025	0.05913	0.09465	0.52727	0.03302	0.00494	0.00143	0.00231	0.21592	0.00339	0.00315
35	0.00734	0.01765	0.76084	0.01037	0.02783	0.00847	0.01283	0.01129	0.00776	0.01162	0.04073	0.00859	0.00590	0.00380	0.00397	0.00118	0.04998	0.00291	0.00166	0.00528
36	0.03947	0.01071	0.01053	0.00928	0.03124	0.26517	0.02071	0.05432	0.03167	0.10260	0.00687	0.00847	0.00565	0.00564	0.03095	0.00141	0.35550	0.00304	0.00222	0.00454
37	0.13258	0.00656	0.00818	0.00641	0.00915	0.00611	0.00528	0.04269	0.04403	0.68019	0.01309	0.01157	0.00841	0.00441	0.00351	0.00114	0.00311	0.00347	0.00418	0.00593
38	0.00446	0.00368	0.00393	0.00411	0.00518	0.00315	0.00307	0.00539	0.00818	0.00991	0.03365	0.15619	0.67657	0.00967	0.00444	0.00130	0.00199	0.05860	0.00341	0.00310
39	0.00929	0.05165	0.07877	0.00917	0.09244	0.05101	0.00703	0.04352	0.52644	0.02386	0.01281	0.02470	0.03045	0.00474	0.00377	0.00119	0.01661	0.00389	0.00313	0.00553
40	0.00850	0.01964	0.02915	0.07602	0.44124	0.03316	0.00874	0.01056	0.01884	0.01155	0.00704	0.02749	0.00602	0.00347	0.00364	0.00097	0.03142	0.00307	0.00195	0.25755
41	0.00949	0.22927	0.22669	0.05740	0.12387	0.03523	0.05413	0.08941	0.03886	0.05516	0.00775	0.04313	0.00630	0.00389	0.00336	0.00107	0.00448	0.00318	0.00213	0.00520
42	0.00982	0.87313	0.01925	0.00628	0.00943	0.01453	0.00628	0.01100	0.00746	0.00864	0.00511	0.00589	0.00471	0.00314	0.00236	0.00079	0.00393	0.00196	0.00157	0.00471
43	0.01019	0.18072	0.01301	0.09236	0.14364	0.04470	0.04276	0.16620	0.10503	0.04876	0.00833	0.03431	0.00676	0.00420	0.00398	0.00110	0.06057	0.00332	0.00248	0.02759
44	0.00480	0.00364	0.00442	0.00443	0.00530	0.00326	0.00325	0.00608	0.00915	0.01225	0.44360	0.18602	0.28281	0.00880	0.00440	0.00124	0.00185	0.00769	0.00373	0.00326
45	0.00434	0.00372	0.00372	0.00372	0.00496	0.00310	0.00279	0.00527	0.00837	0.00992	0.03721	0.03535	0.84652	0.00930	0.00434	0.00124	0.00186	0.00775	0.00341	0.00310
46	0.00933	0.00799	0.00842	0.00751	0.00963	0.00923	0.00586	0.05279	0.80778	0.01568	0.01470	0.01350	0.01101	0.00496	0.00373	0.00124	0.00295	0.00412	0.00373	0.00583
47	0.05325	0.00812	0.00953	0.00733	0.01019	0.00825	0.00606	0.38969	0.01340	0.43819	0.01151	0.01054	0.00758	0.00443	0.00362	0.00112	0.00353	0.00344	0.00405	0.00615
48	0.00525	0.00394	0.00590	0.00590	0.00656	0.00459	0.00459	0.00656	0.00590	0.00853	0.00984	0.01443	0.00918	0.02755	0.85637	0.00590	0.00984	0.00394	0.00197	0.00328
49	0.00694	0.00653	0.01102	0.86210	0.02530	0.00816	0.01020	0.00938	0.00734	0.00938	0.00653	0.00979	0.00490	0.00367	0.00367	0.00122	0.00490	0.00326	0.00163	0.00408
50	0.00724	0.00390	0.00395	0.00380	0.00480	0.00400	0.00289	0.04446	0.04210	0.01417	0.01197	0.01348	0.00935	0.00431	0.00266	0.00088	0.00186	0.00345	0.81708	0.00364
51	0.00804	0.00804	0.01125	0.00964	0.00964	0.01125	0.00804	0.00884	0.00562	0.00884	0.00482	0.00804	0.00482	0.00643	0.01205	0.00161	0.86420	0.00321	0.00161	0.00402
52	0.63790	0.00703	0.00611	0.00511	0.00763	0.00748	0.00417	0.02253	0.03109	0.01542	0.00580	0.00664	0.00458	0.00330	0.00245	0.00099	0.00283	0.00212	0.00231	0.22451
53	0.00537	0.00366	0.00426	0.00423	0.00429	0.00375	0.00249	0.00549	0.00539	0.00725	0.01134	0.02306	0.01291	0.79340	0.08290	0.00371	0.01677	0.00520	0.00220	0.00233
54	0.01439	0.00672	0.00846	0.00680	0.00943	0.00646	0.00552	0.01836	0.24735	0.61248	0.01462	0.01284	0.00970	0.00467	0.00371	0.00117	0.00306	0.00382	0.00432	0.00613
55	0.00548	0.00395	0.00545	0.00547	0.00606	0.00419	0.00412	0.00662	0.00742	0.02204	0.23199	0.14336	0.01913	0.09732	0.29667	0.02537	0.04007	0.06921	0.00287	0.00322
56	0.00586	0.00453	0.00596	0.00650	0.00731	0.02888	0.02302	0.00748	0.02655	0.01080	0.05755	0.24553	0.03037	0.00990	0.00484	0.00157	0.00312	0.51348	0.00335	0.00340
57	0.00698	0.00658	0.01110	0.84402	0.04301	0.00817	0.01022	0.00942	0.00737	0.00944	0.00654	0.00978	0.00492	0.00366	0.00367	0.00122	0.00488	0.00326	0.00164	0.00412
58	0.89687	0.00710	0.00540	0.00483	0.00710	0.00824	0.00398	0.01080	0.00625	0.01648	0.00511	0.00597	0.00398	0.00341	0.00227	0.00114	0.00284	0.00199	0.00227	0.00398
59	0.52914	0.00688	0.00673	0.00560	0.00806	0.00729	0.00460	0.05354	0.00828	0.30549	0.00887	0.02732	0.00631	0.00403	0.00289	0.00114	0.00298	0.00283	0.00315	0.00485
60	0.01127	0.00913	0.00962	0.02958	0.02277	0.04428	0.00645	0.34807	0.38752	0.03246	0.01136	0.01097	0.00839	0.00453	0.00364	0.00114	0.00358	0.00360	0.00350	0.04813
61	0.00498	0.00379	0.00461	0.00443	0.00542	0.00337	0.00330	0.00641	0.00953	0.01295	0.54129	0.08454	0.25984	0.00813	0.00431	0.00118	0.00182	0.00707	0.00377	0.02923
62	0.00826	0.00798	0.02510	0.23678	0.46125	0.00839	0.03627	0.01121	0.07884	0.01168	0.05445	0.01068	0.00761	0.00382	0.00389	0.00116	0.02188	0.00356	0.00205	0.00517
63	0.23911	0.02532	0.05289	0.00785	0.02271	0.02224	0.03564	0.42728	0.01253	0.10816	0.00817	0.00838	0.00581	0.00403	0.00330	0.00111	0.00382	0.00298	0.00314	0.00552
64	0.00475	0.00371	0.00430	0.00420	0.00522	0.00327	0.00313	0.00604	0.00926	0.01214	0.41424	0.06562	0.43388	0.00855	0.00435	0.00121	0.00181	0.00734	0.00371	0.00327
65	0.00442	0.00350	0.00398	0.00434	0.00513	0.00306	0.00307	0.00525	0.00786	0.00983	0.05310	0.38925	0.47386	0.01019	0.00449	0.00134	0.00197	0.00886	0.00343	0.00306
66	0.45347	0.00690	0.00711	0.00580	0.00836	0.00715	0.00478	0.06043	0.00878	0.38982	0.00951	0.00905	0.00639	0.00397	0.00299	0.00113	0.00304	0.00283	0.00337	0.00512
67	0.00737	0.01900	0.85189	0.01047	0.01590	0.00853	0.01357	0.01163	0.00775	0.01163	0.00659	0.00775	0.00465	0.00349	0.00349	0.00116	0.00543	0.00271	0.00155	0.00543
68	0.00447	0.00320	0.00426	0.00511	0.00533	0.00298	0.00341	0.00511	0.00703	0.00938	0.02024	0.86853	0.02429	0.01151	0.00469	0.00149	0.00213	0.01044	0.00341	0.00298
69	0.00500	0.00357	0.00484	0.00567	0.00611	0.00344	0.00427	0.00600	0.00750	0.00990	0.01977	0.55774	0.02294	0.02953	0.00513	0.00161	0.00260	0.29790	0.00337	0.00311
70	0.89687	0.00710	0.00540	0.00483	0.00710	0.00824	0.00398	0.01080	0.00625	0.01648	0.00511	0.00597	0.00398	0.00341	0.00227	0.00114	0.00284	0.00199	0.00227	0.00398
71	0.00719	0.00679	0.01148	0.76187	0.12352	0.00823	0.01033	0.00961	0.00747	0.00970	0.00657	0.00971	0.00501	0.00362	0.00367	0.00121	0.00483	0.00326	0.00165	0.00429
72	0.00780	0.00801	0.04418	0.47863	0.08711	0.00833	0.24329	0.01042	0.00799	0.03149	0.03245	0.01030	0.00616	0.00361	0.00387	0.00121	0.00510	0.00366	0.00185	0.00455
73	0.04699	0.21032	0.23842	0.00745	0.01081	0.00920	0.00769	0.12192	0.04174	0.16377	0.02188	0.00961	0.01792	0.00398	0.00320	0.00104	0.00389	0.00300	0.07192	0.00526
74	0.89687	0.00710	0.00540	0.00483	0.00710	0.00824	0.00398	0.01080	0.00625	0.01648	0.00511	0.00597	0.00398	0.00341	0.00227	0.00114	0.00284	0.00199	0.00227	0.00398
75	0.00547	0.00408	0.00478	0.00478	0.00592	0.00372	0.00379	0.03066	0.00915	0.03018	0.21818	0.03316	0.42390	0.00873	0.00443	0.00130	0.00225	0.18230	0.01980	0.00341
76	0.01471	0.00909	0.01028	0.00788	0.01079	0.00961	0.00651	0.59302	0.01526	0.26872	0.01050	0.00991	0.00709	0.00445	0.00368	0.00111	0.00377	0.00342	0.00393	0.00625
77	0.00694	0.00614	0.00853	0.04061	0.13515	0.04094	0.00637	0.02901	0.00670	0.00941	0.00836	0.01269	0.00786	0.08815	0.42442	0.00374	0.15549	0.00372	0.00193	0.00385
78	0.89687	0.00710	0.00540	0.00483	0.00710	0.00824	0.00398	0.01080	0.00625	0.01648	0.00511	0.00597	0.00398	0.00341	0.00227	0.00114	0.00284	0.00199	0.00227	0.00398
79	0.00903	0.00866	0.01480	0.04682	0.82423	0.00871	0.01124	0.01122	0.00833	0.01192	0.00690	0.00911	0.00579	0.00328	0.00364	0.00109	0.00438	0.00327	0.00181	0.00577
80	0.89687	0.00710	0.00540	0.00483	0.00710	0.00824	0.00398	0.01080	0.00625	0.01648	0.00511	0.00597	0.00398	0.00341	0.00227	0.00114	0.00284	0.00199	0.00227	0.00398
81	0.89687	0.00710	0.00540	0.00483	0.00710	0.00824	0.00398	0.01080	0.00625	0.01648	0.00511	0.00597	0.00398	0.00341	0.00227	0.00114	0.00284	0.00199	0.00227	0.00398
82	0.01396	0.01029	0.01102	0.00845	0.01139	0.01139	0.00698	0.83577	0.01727	0.02315	0.00882	0.00882	0.00625	0.00441	0.00367	0.00110	0.00404	0.00331	0.00367	0.00625
83	0.00592	0.00423	0.00592	0.00676	0.00761	0.00423	0.00592	0.00761	0.00845	0.01099	0.01945	0.04143	0.02114	0.01015	0.00507	0.00169	0.00338	0.82329	0.00338	0.00338
84	0.00804	0.00804	0.01125	0.00964	0.00964	0.01125	0.00804	0.00884	0.00562	0.00884	0.00482	0.00804	0.00482	0.00643	0.01205	0.00161	0.86420	0.00321	0.00161	0.00402
85	0.00529	0.00394	0.00509	0.00567	0.00653	0.00374	0.00467	0.00664	0.00832	0.01065	0.05778	0.15409	0.23255	0.01001	0.00480	0.00153	0.00275	0.46928	0.00342	0.00326
86	0.00533	0.00361	0.00426	0.00426	0.00435	0.00370	0.00255	0.00551	0.00542	0.00731	0.01134	0.02273	0.01279	0.75633	0.13251	0.00388	0.00441	0.00515	0.00219	0.00237
87	0.01292	0.00750	0.03290	0.00710	0.00968	0.00736	0.00586	0.07212	0.34600	0.42005	0.01403	0.01263	0.00964	0.00468	0.00368	0.00117	0.00314	0.00382	0.01975	0.00600
88	0.00863	0.06432	0.04448	0.01255	0.32455	0.03233	0.01709	0.02097	0.03341	0.01183	0.00681	0.00827	0.00566	0.00320	0.00338	0.00086	0.02519	0.00273	0.00202	0.37173
89	0.44607	0.00987	0.03216	0.00675	0.00910	0.16185	0.00552	0.11873	0.15180	0.01565	0.00742	0.00783	0.00567	0.00388	0.00293	0.00112	0.00376	0.00262	0.00261	0.00468
90	0.00534	0.00356	0.00401	0.00401	0.00401	0.00356	0.00223	0.00534	0.00534	0.00712	0.01157	0.02403	0.01335	0.87092	0.01869	0.00356	0.00356	0.00534	0.00223	0.00223
91	0.00541	0.00407	0.00599	0.00573	0.00632	0.00448	0.03773	0.00641	0.00585	0.00824	0.01025	0.01707	0.01026	0.27473	0.57513	0.00502	0.00784	0.00437	0.00204	0.00304
92	0.89687	0.00710	0.00540	0.00483	0.00710	0.00824	0.00398	0.01080	0.00625	0.01648	0.00511	0.00597	0.00398	0.00341	0.00227	0.00114	0.00284	0.00199	0.00227	0.00398
93	0.89687	0.00710	0.00540	0.00483	0.00710	0.00824	0.00398	0.01080	0.00625	0.01648	0.00511	0.00597	0.00398	0.00341	0.00227	0.00114	0.00284	0.00199	0.00227	0.00398
94	0.01349	0.01712	0.01044	0.00947	0.01128	0.82174	0.00713	0.01443	0.01021	0.00898	0.00564	0.00668	0.00473	0.00389	0.00367	0.00097	0.04158	0.00240	0.00188	0.00425
95	0.89687	0.00710	0.00540	0.00483	0.00710	0.00824	0.00398	0.01080	0.00625	0.01648	0.00511	0.00597	0.00398	0.00341	0.00227	0.00114	0.00284	0.00199	0.00227	0.00398
96	0.00434	0.00372	0.00372	0.00372	0.00496	0.00310	0.00279	0.00527	0.00837	0.00992	0.03721	0.03535	0.84652	0.00930	0.00434	0.00124	0.00186	0.00775	0.00341	0.00310
97	0.00520	0.00375	0.00491	0.00462	0.00549	0.00347	0.00347	0.00693	0.01040	0.01473	0.84608	0.02743	0.03465	0.00751	0.00433	0.00116	0.00173	0.00664	0.00404	0.00347
98	0.89687	0.00710	0.00540	0.00483	0.00710	0.00824	0.00398	0.01080	0.00625	0.01648	0.00511	0.00597	0.00398	0.00341	0.00227	0.00114	0.00284	0.00199	0.00227	0.00398
99	0.01648	0.00625	0.00852	0.00653	0.00938	0.00540	0.00540	0.01790	0.01051	0.85056	0.01449	0.01250	0.00909	0.00455	0.00369	0.00114	0.00313	0.00369	0.00455	0.00625
100	0.00864	0.00983	0.02123	0.01523	0.01879	0.00937	0.79924	0.01164	0.00854	0.01164	0.00732	0.00983	0.00554	0.00324	0.00467	0.00125	0.04297	0.00429	0.00185	0.00491
101	0.00518	0.00375	0.00488	0.00460	0.00548	0.00346	0.00345	0.00689	0.01035	0.01462	0.82831	0.02761	0.05249	0.00755	0.00433	0.00116	0.00174	0.00667	0.00403	0.00346
102	0.00788	0.00662	0.00771	0.00553	0.00878	0.00506	0.00443	0.02998	0.00789	0.02249	0.00668	0.00771	0.00550	0.00278	0.00276	0.00057	0.00276	0.00222	0.00224	0.86040
103	0.00492	0.00355	0.00465	0.00479	0.00542	0.00328	0.00344	0.00624	0.00913	0.01269	0.53051	0.33701	0.04261	0.00901	0.00446	0.00128	0.00188	0.00806	0.00380	0.00328
104	0.89687	0.00710	0.00540	0.00483	0.00710	0.00824	0.00398	0.01080	0.00625	0.01648	0.00511	0.00597	0.00398	0.00341	0.00227	0.00114	0.00284	0.00199	0.00227	0.00398
105	0.01583	0.00654	0.00853	0.00665	0.00942	0.01718	0.00546	0.01799	0.08006	0.76931	0.01441	0.01252	0.00921	0.00457	0.00369	0.00114	0.00315	0.00371	0.00444	0.00619
106	0.89687	0.00710	0.00540	0.00483	0.00710	0.00824	0.00398	0.01080	0.00625	0.01648	0.00511	0.00597	0.00398	0.00341	0.00227	0.00114	0.00284	0.00199	0.00227	0.00398
107	0.00466	0.00347	0.00418	0.00461	0.00527	0.00310	0.00323	0.00549	0.00780	0.02221	0.08886	0.50233	0.31083	0.01033	0.00453	0.00137	0.00202	0.00912	0.00347	0.00311
108	0.06796	0.00651	0.00847	0.00653	0.00935	0.00588	0.00540	0.06022	0.01062	0.75842	0.01364	0.01193	0.00864	0.00447	0.00361	0.00113	0.00316	0.00357	0.00437	0.00612
109	0.00526	0.00353	0.00403	0.00411	0.00413	0.00351	0.00234	0.00532	0.00550	0.00733	0.01239	0.10386	0.01439	0.78969	0.01737	0.00337	0.00343	0.00582	0.00234	0.00230
110	0.01619	0.00651	0.00866	0.00666	0.00949	0.00581	0.00550	0.06409	0.02788	0.78679	0.01418	0.01232	0.00897	0.00455	0.00369	0.00114	0.00317	0.00368	0.00448	0.00624
111	0.00867	0.04185	0.01481	0.01126	0.01299	0.03551	0.31454	0.01043	0.00737	0.04441	0.00734	0.02380	0.00652	0.00517	0.00761	0.00139	0.38159	0.04919	0.01111	0.00443
112	0.00885	0.00902	0.01703	0.01951	0.52477	0.00884	0.30195	0.01133	0.00844	0.01186	0.00738	0.01018	0.00610	0.00342	0.00401	0.00116	0.01466	0.02420	0.00187	0.00543
113	0.00525	0.00394	0.00590	0.00590	0.00656	0.00459	0.00459	0.00656	0.00590	0.00853	0.00984	0.01443	0.00918	0.02755	0.85637	0.00590	0.00984	0.00394	0.00197	0.00328
114	0.00810	0.00874	0.06770	0.09084	0.16887	0.12816	0.05519	0.03863	0.07372	0.01113	0.01184	0.25450	0.01196	0.00625	0.00401	0.00125	0.00411	0.04803	0.00254	0.00444
115	0.39367	0.06528	0.11792	0.00861	0.08154	0.22818	0.01951	0.01194	0.00780	0.01284	0.00563	0.00673	0.00450	0.00354	0.00302	0.00107	0.01943	0.00235	0.00198	0.00446
116	0.03325	0.04006	0.23362	0.12164	0.26527	0.07752	0.07948	0.03422	0.02625	0.01158	0.00676	0.00856	0.00529	0.00359	0.00388	0.00114	0.03783	0.00308	0.00182	0.00515

[dist]
# distance from previous block
# <min> <max>
0	2

[block]
# block no. 3 follows, 75 sequences, length 88
# corresponding to MSA columns:
# 464-551
name=unknown_D
#
# <colnr> <probs for GDERKNQSTAVLIFYWHMCP>
#	G	D	E	R	K	N	Q	S	T	A	V	L	I	F	Y	W	H	M	C	P
0	0.04068	0.22373	0.04556	0.02579	0.35153	0.04991	0.01968	0.01102	0.00805	0.02253	0.00676	0.00885	0.00582	0.00343	0.00317	0.00095	0.00409	0.02776	0.00190	0.13880
1	0.02219	0.03143	0.01014	0.00918	0.06175	0.40253	0.00678	0.06131	0.07177	0.15911	0.03279	0.00934	0.00712	0.00466	0.01648	0.00115	0.07261	0.00305	0.01171	0.00488
2	0.01016	0.00521	0.00639	0.00558	0.00731	0.00505	0.00444	0.01312	0.13850	0.30346	0.17254	0.01774	0.01516	0.00549	0.00364	0.00113	0.00250	0.05879	0.21901	0.00478
3	0.01045	0.00833	0.00868	0.00745	0.00967	0.02868	0.00589	0.20893	0.54971	0.04309	0.01310	0.01236	0.00972	0.00476	0.00363	0.00118	0.00319	0.00385	0.06159	0.00574
4	0.00516	0.00359	0.00423	0.00423	0.00455	0.00348	0.00267	0.00568	0.00680	0.00916	0.19111	0.09145	0.08691	0.53490	0.02868	0.00274	0.00304	0.00619	0.00280	0.00264
5	0.01160	0.09172	0.00861	0.00617	0.00850	0.01648	0.00507	0.07093	0.14528	0.36342	0.03874	0.01642	0.16616	0.00542	0.00367	0.00113	0.00296	0.00438	0.02809	0.00527
6	0.00478	0.00341	0.00461	0.00543	0.00579	0.00324	0.00391	0.00565	0.00739	0.00981	0.03747	0.68528	0.02388	0.01115	0.00476	0.00152	0.00237	0.17306	0.00342	0.00307
7	0.00525	0.00394	0.00590	0.00590	0.00656	0.00459	0.00459	0.00656	0.00590	0.00853	0.00984	0.01443	0.00918	0.02755	0.85637	0.00590	0.00984	0.00394	0.00197	0.00328
8	0.89687	0.00710	0.00540	0.00483	0.00710	0.00824	0.00398	0.01080	0.00625	0.01648	0.00511	0.00597	0.00398	0.00341	0.00227	0.00114	0.00284	0.00199	0.00227	0.00398
9	0.00982	0.87313	0.01925	0.00628	0.00943	0.01453	0.00628	0.01100	0.00746	0.00864	0.00511	0.00589	0.00471	0.00314	0.00236	0.00079	0.00393	0.00196	0.00157	0.00471
10	0.89687	0.00710	0.00540	0.00483	0.00710	0.00824	0.00398	0.01080	0.00625	0.01648	0.00511	0.00597	0.00398	0.00341	0.00227	0.00114	0.00284	0.00199	0.00227	0.00398
11	0.01648	0.00625	0.00852	0.00653	0.00938	0.00540	0.00540	0.01790	0.01051	0.85056	0.01449	0.01250	0.00909	0.00455	0.00369	0.00114	0.00313	0.00369	0.00455	0.00625
12	0.01451	0.00940	0.01047	0.00803	0.01095	0.01008	0.00663	0.65637	0.01579	0.20464	0.01006	0.00963	0.00687	0.00444	0.00368	0.00111	0.00384	0.00339	0.00387	0.00625
13	0.01372	0.01750	0.01041	0.00946	0.01135	0.85618	0.00710	0.01467	0.01041	0.00899	0.00568	0.00662	0.00473	0.00378	0.00331	0.00095	0.00662	0.00237	0.00189	0.00426
14	0.00867	0.00991	0.02167	0.01548	0.01920	0.00929	0.83467	0.01176	0.00867	0.01176	0.00743	0.00991	0.00557	0.00310	0.00433	0.00124	0.00619	0.00433	0.00186	0.00495
15	0.89687	0.00710	0.00540	0.00483	0.00710	0.00824	0.00398	0.01080	0.00625	0.01648	0.00511	0.00597	0.00398	0.00341	0.00227	0.00114	0.00284	0.00199	0.00227	0.00398
16	0.00867	0.00991	0.02167	0.01548	0.01920	0.00929	0.83467	0.01176	0.00867	0.01176	0.00743	0.00991	0.00557	0.00310	0.00433	0.00124	0.00619	0.00433	0.00186	0.00495
17	0.00538	0.00380	0.00493	0.00462	0.00554	0.00349	0.00347	0.00708	0.01031	0.03092	0.79553	0.02748	0.06851	0.00753	0.00432	0.00116	0.00177	0.00663	0.00403	0.00350
18	0.00567	0.00384	0.00446	0.00434	0.00439	0.00399	0.00258	0.00573	0.00544	0.02128	0.01127	0.02302	0.01284	0.81184	0.01810	0.00342	0.04798	0.00520	0.00223	0.00239
19	0.00737	0.01900	0.85189	0.01047	0.01590	0.00853	0.01357	0.01163	0.00775	0.01163	0.00659	0.00775	0.00465	0.00349	0.00349	0.00116	0.00543	0.00271	0.00155	0.00543
20	0.01592	0.00715	0.00908	0.00696	0.00982	0.00673	0.00575	0.19937	0.01201	0.66697	0.01323	0.01168	0.00846	0.00452	0.00369	0.00113	0.00333	0.00361	0.00435	0.00625
21	0.00531	0.00369	0.00466	0.00466	0.00489	0.00392	0.00305	0.00576	0.00554	0.00761	0.01097	0.02070	0.01190	0.57793	0.30971	0.00437	0.00574	0.00485	0.00214	0.00259
22	0.01372	0.01750	0.01041	0.00946	0.01135	0.85618	0.00710	0.01467	0.01041	0.00899	0.00568	0.00662	0.00473	0.00378	0.00331	0.00095	0.00662	0.00237	0.00189	0.00426
23	0.00588	0.00422	0.00587	0.00669	0.00755	0.00420	0.00585	0.00756	0.00845	0.01097	0.01986	0.04129	0.04014	0.01013	0.00506	0.00168	0.00335	0.80451	0.00338	0.00338
24	0.01648	0.00625	0.00852	0.00653	0.00938	0.00540	0.00540	0.01790	0.01051	0.85056	0.01449	0.01250	0.00909	0.00455	0.00369	0.00114	0.00313	0.00369	0.00455	0.00625
25	0.00909	0.00873	0.01491	0.02254	0.84801	0.00873	0.01127	0.01127	0.00836	0.01200	0.00691	0.00909	0.00582	0.00327	0.00364	0.00109	0.00436	0.00327	0.00182	0.00582
26	0.00447	0.00320	0.00426	0.00511	0.00533	0.00298	0.00341	0.00511	0.00703	0.00938	0.02024	0.86853	0.02429	0.01151	0.00469	0.00149	0.00213	0.01044	0.00341	0.00298
27	0.00632	0.00322	0.00476	0.00476	0.00477	0.00322	0.00316	0.00483	0.00482	0.00644	0.00666	0.01179	0.00673	0.05212	0.02533	0.84118	0.00329	0.00330	0.00163	0.00165
28	0.02999	0.13901	0.01191	0.00998	0.08213	0.62780	0.00725	0.01388	0.02836	0.00948	0.00590	0.00687	0.00495	0.00367	0.00319	0.00095	0.00589	0.00242	0.00189	0.00449
29	0.00448	0.00324	0.00423	0.00501	0.00530	0.00300	0.00337	0.00515	0.00717	0.00949	0.03343	0.79787	0.08212	0.01129	0.00466	0.00147	0.00211	0.01020	0.00342	0.00300
30	0.00762	0.00653	0.00762	0.00544	0.00870	0.00490	0.00435	0.00925	0.00762	0.01197	0.00653	0.00762	0.00544	0.00272	0.00272	0.00054	0.00272	0.00218	0.00218	0.89338
31	0.00830	0.00434	0.00542	0.00481	0.00616	0.00403	0.00372	0.01016	0.02994	0.20597	0.40810	0.02017	0.03077	0.00594	0.00371	0.00108	0.00208	0.00508	0.23608	0.00415
32	0.00521	0.00370	0.00459	0.00462	0.00548	0.00333	0.00338	0.00645	0.00900	0.04216	0.39012	0.24474	0.23467	0.00891	0.00441	0.00127	0.00194	0.01893	0.00373	0.00335
33	0.00534	0.00358	0.00409	0.00409	0.00412	0.00360	0.00233	0.00539	0.00537	0.00718	0.01150	0.02362	0.01317	0.83468	0.05469	0.00366	0.00383	0.00528	0.00221	0.00227
34	0.35042	0.00547	0.00564	0.00497	0.00673	0.00565	0.00395	0.01057	0.00853	0.17172	0.28082	0.03152	0.01575	0.00518	0.00328	0.00113	0.00243	0.00410	0.07797	0.00417
35	0.00685	0.00342	0.00342	0.00342	0.00428	0.00342	0.00257	0.00856	0.00770	0.01369	0.01198	0.01369	0.00941	0.00428	0.00257	0.00086	0.00171	0.00342	0.89131	0.00342
36	0.00737	0.01900	0.85189	0.01047	0.01590	0.00853	0.01357	0.01163	0.00775	0.01163	0.00659	0.00775	0.00465	0.00349	0.00349	0.00116	0.00543	0.00271	0.00155	0.00543
37	0.01372	0.01750	0.01041	0.00946	0.01135	0.85618	0.00710	0.01467	0.01041	0.00899	0.00568	0.00662	0.00473	0.00378	0.00331	0.00095	0.00662	0.00237	0.00189	0.00426
38	0.01372	0.01750	0.01041	0.00946	0.01135	0.85618	0.00710	0.01467	0.01041	0.00899	0.00568	0.00662	0.00473	0.00378	0.00331	0.00095	0.00662	0.00237	0.00189	0.00426
39	0.00848	0.00801	0.01365	0.04973	0.68458	0.00804	0.03545	0.01052	0.00818	0.01156	0.00840	0.07074	0.00780	0.02458	0.00414	0.00121	0.00423	0.03334	0.00199	0.00536
40	0.00525	0.00393	0.00586	0.00586	0.00650	0.00457	0.00454	0.00653	0.00589	0.00849	0.00988	0.01466	0.00928	0.04745	0.83660	0.00585	0.00969	0.00397	0.00197	0.00325
41	0.89687	0.00710	0.00540	0.00483	0.00710	0.00824	0.00398	0.01080	0.00625	0.01648	0.00511	0.00597	0.00398	0.00341	0.00227	0.00114	0.00284	0.00199	0.00227	0.00398
42	0.00592	0.00423	0.00592	0.00676	0.00761	0.00423	0.00592	0.00761	0.00845	0.01099	0.01945	0.04143	0.02114	0.01015	0.00507	0.00169	0.00338	0.82329	0.00338	0.00338
43	0.89687	0.00710	0.00540	0.00483	0.00710	0.00824	0.00398	0.01080	0.00625	0.01648	0.00511	0.00597	0.00398	0.00341	0.00227	0.00114	0.00284	0.00199	0.00227	0.00398
44	0.00914	0.00789	0.00830	0.00747	0.00955	0.00914	0.00581	0.01952	0.84138	0.01536	0.01495	0.01370	0.01121	0.00498	0.00374	0.00125	0.00291	0.00415	0.00374	0.00581
45	0.01468	0.00863	0.00996	0.00762	0.01053	0.00890	0.00629	0.49751	0.01437	0.33488	0.01088	0.01016	0.00729	0.00440	0.00365	0.00110	0.00365	0.00341	0.00395	0.03815
46	0.01608	0.00631	0.00850	0.00656	0.00935	0.00553	0.00542	0.04260	0.01066	0.80172	0.01471	0.01311	0.02103	0.00469	0.00372	0.00114	0.00314	0.01508	0.00449	0.00617
47	0.06539	0.01271	0.24125	0.00845	0.01181	0.16389	0.00820	0.18379	0.01087	0.24492	0.00897	0.00897	0.00618	0.00402	0.00348	0.00110	0.00457	0.00300	0.00292	0.00552
48	0.00694	0.00653	0.01102	0.86210	0.02530	0.00816	0.01020	0.00938	0.00734	0.00938	0.00653	0.00979	0.00490	0.00367	0.00367	0.00122	0.00490	0.00326	0.00163	0.00408
49	0.01431	0.00973	0.01068	0.00819	0.01111	0.01057	0.00676	0.72374	0.01634	0.13648	0.00959	0.00932	0.00664	0.00443	0.00368	0.00111	0.00392	0.00336	0.00379	0.00625
50	0.01416	0.00997	0.01083	0.00830	0.01123	0.01092	0.00686	0.77167	0.01674	0.08799	0.00926	0.00911	0.00647	0.00442	0.00368	0.00110	0.00397	0.00334	0.00374	0.00625
51	0.01518	0.00682	0.00896	0.00701	0.00974	0.00635	0.01979	0.14916	0.01142	0.64229	0.01381	0.01394	0.00944	0.00490	0.00380	0.00117	0.00334	0.06256	0.00428	0.00602
52	0.00828	0.00811	0.00703	0.00704	0.00817	0.23798	0.00540	0.07399	0.03982	0.01099	0.01531	0.30887	0.03326	0.00821	0.00429	0.00135	0.00385	0.21125	0.00302	0.00379
53	0.00922	0.00776	0.00823	0.00739	0.00945	0.00892	0.00575	0.01919	0.80263	0.03506	0.03408	0.01399	0.01170	0.00503	0.00375	0.00124	0.00288	0.00420	0.00376	0.00577
54	0.00875	0.37452	0.30296	0.01067	0.10173	0.01117	0.12054	0.01135	0.00782	0.01044	0.00612	0.00740	0.00492	0.00327	0.00314	0.00101	0.00479	0.00268	0.00163	0.00511
55	0.00525	0.00392	0.00581	0.00581	0.00644	0.00454	0.00448	0.00650	0.00588	0.00846	0.00992	0.01489	0.00938	0.06827	0.81592	0.00579	0.00953	0.00400	0.00198	0.00323
56	0.00532	0.00391	0.00551	0.00549	0.00597	0.00444	0.00405	0.00629	0.00576	0.00818	0.01019	0.01674	0.01016	0.23940	0.63185	0.00524	0.02218	0.00428	0.00203	0.00303
57	0.00909	0.00856	0.01351	0.01866	0.61836	0.00884	0.03544	0.01329	0.21103	0.01281	0.00888	0.01024	0.00712	0.00368	0.00368	0.00113	0.00407	0.00352	0.00229	0.00579
58	0.00694	0.00653	0.01102	0.86210	0.02530	0.00816	0.01020	0.00938	0.00734	0.00938	0.00653	0.00979	0.00490	0.00367	0.00367	0.00122	0.00490	0.00326	0.00163	0.00408
59	0.87659	0.00708	0.00547	0.00487	0.00716	0.00817	0.00401	0.01096	0.00635	0.03569	0.00533	0.00612	0.00410	0.00344	0.00231	0.00114	0.00285	0.00203	0.00233	0.00403
60	0.02935	0.27354	0.01960	0.01188	0.01510	0.01085	0.49814	0.01120	0.00804	0.01070	0.00679	0.02656	0.00562	0.00348	0.00412	0.00112	0.05372	0.00362	0.00180	0.00476
61	0.00567	0.00457	0.00733	0.00756	0.06795	0.00500	0.05431	0.00712	0.00653	0.00931	0.04824	0.07694	0.01099	0.02225	0.64297	0.00474	0.00829	0.00451	0.00215	0.00355
62	0.00440	0.00372	0.00377	0.00376	0.00495	0.00313	0.00280	0.00533	0.00835	0.01001	0.06551	0.03472	0.79185	0.03558	0.00478	0.00131	0.00191	0.00764	0.00340	0.00309
63	0.00776	0.00652	0.00763	0.00546	0.00871	0.00490	0.00437	0.00939	0.00766	0.02543	0.00666	0.00769	0.00550	0.00275	0.00274	0.00055	0.00273	0.00220	0.00221	0.87913
64	0.89687	0.00710	0.00540	0.00483	0.00710	0.00824	0.00398	0.01080	0.00625	0.01648	0.00511	0.00597	0.00398	0.00341	0.00227	0.00114	0.00284	0.00199	0.00227	0.00398
65	0.00447	0.00333	0.00417	0.00479	0.00525	0.00303	0.00328	0.00521	0.00745	0.00969	0.05366	0.65553	0.20501	0.01088	0.00460	0.00142	0.00206	0.00971	0.00343	0.00303
66	0.00866	0.00877	0.01632	0.09337	0.49466	0.00878	0.25786	0.01109	0.00829	0.01159	0.00725	0.02624	0.00601	0.00348	0.00403	0.00116	0.02157	0.00373	0.00184	0.00532
67	0.00558	0.00386	0.00490	0.00457	0.00558	0.00350	0.00345	0.00718	0.01010	0.05147	0.68921	0.02794	0.15356	0.00764	0.00430	0.00117	0.00181	0.00667	0.00397	0.00354
68	0.01348	0.07037	0.01095	0.00927	0.01124	0.80418	0.00705	0.01444	0.01023	0.00897	0.00564	0.00658	0.00473	0.00375	0.00325	0.00094	0.00646	0.00234	0.00187	0.00429
69	0.81904	0.00703	0.00567	0.00498	0.00730	0.00799	0.00410	0.01142	0.00663	0.09021	0.00594	0.00654	0.00443	0.00351	0.00240	0.00114	0.00287	0.00214	0.00247	0.00418
70	0.00592	0.00423	0.00592	0.00676	0.00761	0.00423	0.00592	0.00761	0.00845	0.01099	0.01945	0.04143	0.02114	0.01015	0.00507	0.00169	0.00338	0.82329	0.00338	0.00338
71	0.00992	0.85104	0.01902	0.00637	0.00948	0.03626	0.00631	0.01109	0.00754	0.00865	0.00512	0.00591	0.00471	0.00316	0.00238	0.00079	0.00400	0.00197	0.00158	0.00470
72	0.00524	0.00382	0.00460	0.00436	0.00542	0.00340	0.00329	0.00668	0.00969	0.03849	0.53735	0.02975	0.31834	0.00805	0.00432	0.00118	0.00182	0.00694	0.00384	0.00342
73	0.00448	0.00325	0.00421	0.00497	0.00527	0.00300	0.00333	0.00513	0.00711	0.00938	0.02152	0.78110	0.09421	0.02797	0.00493	0.00151	0.00214	0.01011	0.00339	0.00298
74	0.01625	0.00662	0.00875	0.00671	0.00956	0.00595	0.00554	0.09273	0.01113	0.77486	0.01397	0.01216	0.00883	0.00453	0.00369	0.00113	0.00321	0.00366	0.00447	0.00625
75	0.00586	0.00434	0.00533	0.00494	0.00600	0.00424	0.00375	0.03077	0.09502	0.01481	0.68160	0.02538	0.06103	0.00713	0.00420	0.00116	0.00192	0.00624	0.03252	0.00377
76	0.00763	0.00672	0.01099	0.08662	0.40143	0.00717	0.01724	0.00942	0.00748	0.02932	0.00902	0.05541	0.00836	0.01046	0.22075	0.00241	0.05476	0.04808	0.00205	0.00465
77	0.01151	0.00947	0.05789	0.02541	0.02723	0.05158	0.41113	0.03896	0.00947	0.28250	0.00953	0.01037	0.00661	0.00376	0.00419	0.00119	0.02723	0.00385	0.00276	0.00537
