[name]
unknown

[dist]
# distance from previous block
# <min> <max>
0	74

[block]
# block no. 0 follows, 78 sequences, length 12
# corresponding to MSA columns:
# 74-85
name=unknown_A
#
# <colnr> <probs for GDERKNQSTAVLIFYWHMCP>
#	G	D	E	R	K	N	Q	S	T	A	V	L	I	F	Y	W	H	M	C	P
0	0.02434	0.08174	0.22470	0.00700	0.00917	0.05225	0.00682	0.02490	0.00781	0.06543	0.01326	0.31779	0.01392	0.00716	0.00391	0.00127	0.00356	0.12827	0.00267	0.00405
1	0.03023	0.11429	0.14767	0.00727	0.00999	0.00857	0.00677	0.09422	0.28151	0.14796	0.08489	0.01166	0.00998	0.00447	0.00362	0.00111	0.02390	0.00353	0.00309	0.00527
2	0.00684	0.00629	0.11606	0.00580	0.00748	0.00490	0.00514	0.00929	0.07932	0.10867	0.37957	0.09522	0.11278	0.00673	0.00431	0.00118	0.03723	0.00572	0.00342	0.00405
3	0.00844	0.00852	0.01627	0.05603	0.01564	0.00837	0.53700	0.10230	0.06148	0.01312	0.12553	0.01208	0.00972	0.00388	0.00406	0.00117	0.00491	0.00434	0.00239	0.00475
4	0.00957	0.03533	0.01092	0.01169	0.26981	0.02853	0.04162	0.25037	0.08410	0.02986	0.08981	0.01346	0.09984	0.00467	0.00366	0.00109	0.00361	0.00402	0.00285	0.00517
5	0.00721	0.01319	0.48635	0.00855	0.01196	0.05444	0.03547	0.05465	0.00770	0.01077	0.00854	0.09021	0.00775	0.10883	0.07728	0.00180	0.00513	0.00379	0.00192	0.00447
6	0.00805	0.00768	0.01307	0.33186	0.54865	0.00826	0.01055	0.01025	0.00774	0.01070	0.00656	0.00906	0.00531	0.00331	0.00354	0.00110	0.00442	0.00317	0.00170	0.00502
7	0.03397	0.00565	0.00735	0.00656	0.05495	0.00518	0.00491	0.03867	0.04445	0.46763	0.15128	0.01728	0.13555	0.00546	0.00374	0.00112	0.00271	0.00456	0.00391	0.00508
8	0.00516	0.00352	0.00423	0.00423	0.00436	0.00364	0.00260	0.00540	0.00528	0.00716	0.01090	0.02152	0.01217	0.71296	0.17899	0.00389	0.00461	0.00492	0.00211	0.00235
9	0.00786	0.00807	0.01496	0.01075	0.01407	0.00709	0.47528	0.01021	0.00794	0.01141	0.00724	0.03615	0.00593	0.00311	0.00358	0.00094	0.00452	0.00354	0.00197	0.36537
10	0.00840	0.00920	0.08556	0.11038	0.59545	0.00845	0.10869	0.01082	0.00799	0.01130	0.00669	0.00887	0.00542	0.00321	0.00360	0.00109	0.00458	0.00325	0.00173	0.00533
11	0.00840	0.00960	0.02101	0.01501	0.01861	0.00900	0.83974	0.01140	0.00840	0.01140	0.00720	0.00960	0.00540	0.00300	0.00420	0.00120	0.00600	0.00420	0.00180	0.00480

[dist]
# distance from previous block
# <min> <max>
1	2

[block]
# block no. 1 follows, 78 sequences, length 8
# corresponding to MSA columns:
# 88-95
name=unknown_B
#
# <colnr> <probs for GDERKNQSTAVLIFYWHMCP>
#	G	D	E	R	K	N	Q	S	T	A	V	L	I	F	Y	W	H	M	C	P
0	0.00440	0.00355	0.00392	0.00396	0.00496	0.00307	0.00292	0.00544	0.00839	0.01057	0.21132	0.13321	0.57402	0.00890	0.00425	0.00121	0.00181	0.00759	0.00344	0.00307
1	0.00691	0.00469	0.00496	0.00465	0.00520	0.04886	0.00306	0.04929	0.00661	0.06909	0.01089	0.01933	0.01124	0.58617	0.07915	0.00299	0.00392	0.00455	0.07552	0.00291
2	0.00861	0.00752	0.00949	0.00804	0.00979	0.12714	0.16784	0.03443	0.12335	0.10368	0.07302	0.28443	0.01419	0.00642	0.00400	0.00122	0.00369	0.00585	0.00302	0.00429
3	0.01283	0.01376	0.01000	0.00956	0.07948	0.57986	0.00683	0.07880	0.01046	0.10863	0.05104	0.00850	0.00680	0.00395	0.00336	0.00097	0.00540	0.00280	0.00237	0.00459
4	0.03491	0.00736	0.00885	0.00670	0.00948	0.00698	0.03338	0.21834	0.03683	0.14892	0.02857	0.00913	0.00683	0.00369	0.00351	0.00087	0.03941	0.00289	0.00290	0.39045
5	0.00779	0.00718	0.01205	0.01742	0.61986	0.00736	0.00915	0.00967	0.00745	0.01071	0.00748	0.01024	0.00654	0.00964	0.23934	0.00234	0.00569	0.00335	0.00180	0.00496
6	0.01117	0.02241	0.06818	0.00699	0.02650	0.03914	0.01734	0.09741	0.11367	0.33484	0.11604	0.04713	0.03198	0.04548	0.00435	0.00123	0.00325	0.00422	0.00355	0.00511
7	0.04071	0.00812	0.04311	0.10708	0.31041	0.00825	0.00811	0.13508	0.17051	0.03040	0.01066	0.02566	0.06293	0.00425	0.00355	0.00111	0.00371	0.00367	0.00256	0.02011

[dist]
# distance from previous block
# <min> <max>
0	10

[block]
# block no. 2 follows, 78 sequences, length 87
# corresponding to MSA columns:
# 106-138,140-154,156-194
name=unknown_C
#
# <colnr> <probs for GDERKNQSTAVLIFYWHMCP>
#	G	D	E	R	K	N	Q	S	T	A	V	L	I	F	Y	W	H	M	C	P
0	0.14813	0.06517	0.07657	0.15695	0.26498	0.02507	0.06214	0.01685	0.05624	0.03136	0.00764	0.05990	0.00646	0.00387	0.00334	0.00111	0.00405	0.00337	0.00204	0.00474
1	0.21721	0.06901	0.04942	0.00921	0.12489	0.05283	0.07148	0.07256	0.13374	0.05798	0.00778	0.00844	0.00596	0.00355	0.00308	0.00102	0.00368	0.00284	0.00243	0.10289
2	0.00831	0.00770	0.01239	0.34588	0.39720	0.00846	0.02628	0.06532	0.07172	0.01160	0.00728	0.00941	0.00571	0.00352	0.00356	0.00112	0.00434	0.00326	0.00195	0.00500
3	0.00672	0.00633	0.01068	0.86632	0.02452	0.00791	0.00989	0.00910	0.00712	0.00910	0.00633	0.00949	0.00475	0.00356	0.00356	0.00119	0.00475	0.00316	0.00158	0.00396
4	0.00601	0.00377	0.00577	0.16219	0.00842	0.00411	0.00442	0.00566	0.00535	0.00712	0.00760	0.06162	0.00758	0.06335	0.09018	0.54522	0.00395	0.00370	0.00172	0.00225
5	0.00512	0.00372	0.00518	0.00513	0.00582	0.00405	0.00391	0.00640	0.00672	0.00964	0.15881	0.01794	0.06874	0.06259	0.56192	0.00422	0.00688	0.00455	0.05550	0.00316
6	0.00918	0.00929	0.01365	0.08530	0.69013	0.10850	0.01037	0.01117	0.00826	0.01109	0.00653	0.00858	0.00545	0.00326	0.00349	0.00105	0.00453	0.00307	0.00176	0.00533
7	0.01023	0.44602	0.10444	0.00885	0.06628	0.16454	0.07137	0.02813	0.00827	0.05332	0.00603	0.00692	0.00495	0.00329	0.00289	0.00090	0.00459	0.00242	0.00180	0.00476
8	0.00587	0.00479	0.04920	0.00509	0.00635	0.00405	0.00419	0.00810	0.05942	0.05390	0.59260	0.02567	0.09881	0.00711	0.00414	0.00117	0.00211	0.06004	0.00371	0.00369
9	0.68451	0.00683	0.00610	0.06157	0.00836	0.00778	0.00450	0.06482	0.00728	0.06580	0.04963	0.00766	0.00589	0.00366	0.00257	0.00111	0.00292	0.00242	0.00247	0.00411
10	0.05836	0.06178	0.06092	0.00534	0.00626	0.00445	0.00423	0.00638	0.00677	0.00973	0.01553	0.58002	0.01772	0.01079	0.08689	0.00174	0.00313	0.00764	0.04904	0.00326
11	0.78875	0.00727	0.00542	0.00488	0.00700	0.05841	0.00396	0.01034	0.00643	0.01513	0.00702	0.00768	0.05924	0.00370	0.00239	0.00110	0.00291	0.00231	0.00225	0.00382
12	0.00508	0.00354	0.00424	0.00424	0.00446	0.00362	0.00267	0.00541	0.00552	0.00739	0.01278	0.02223	0.07658	0.63436	0.18985	0.00374	0.00457	0.00508	0.00219	0.00243
13	0.00806	0.00824	0.06143	0.18535	0.52038	0.00804	0.00995	0.01092	0.07246	0.01154	0.06262	0.01038	0.00764	0.00366	0.00358	0.00110	0.00412	0.00342	0.00200	0.00514
14	0.00948	0.00672	0.00754	0.00662	0.00859	0.00733	0.00519	0.01665	0.56404	0.16311	0.13402	0.01536	0.02912	0.00518	0.00371	0.00118	0.00267	0.00435	0.00380	0.00534
15	0.00738	0.00633	0.00738	0.00527	0.00844	0.00475	0.00422	0.00896	0.00738	0.01160	0.00633	0.00738	0.00527	0.00264	0.00264	0.00053	0.00264	0.00211	0.00211	0.89664
16	0.00864	0.01071	0.22660	0.02870	0.41403	0.01941	0.04179	0.06179	0.02875	0.04594	0.02436	0.01052	0.05517	0.00380	0.00357	0.00110	0.00431	0.00341	0.00209	0.00531
17	0.00961	0.02086	0.17592	0.00782	0.01061	0.02781	0.00719	0.07072	0.51743	0.09454	0.01214	0.01148	0.00888	0.00442	0.00354	0.00116	0.00349	0.00359	0.00321	0.00558
18	0.01597	0.00606	0.00826	0.00633	0.00909	0.00523	0.00523	0.01735	0.01019	0.85513	0.01405	0.01212	0.00881	0.00441	0.00358	0.00110	0.00303	0.00358	0.00441	0.00606
19	0.00501	0.00417	0.00476	0.06070	0.02333	0.00390	0.00366	0.00661	0.05664	0.02544	0.04962	0.02929	0.65220	0.00909	0.04847	0.00143	0.00252	0.00665	0.00314	0.00335
20	0.01004	0.10313	0.31817	0.00931	0.02677	0.33162	0.02425	0.03048	0.08478	0.01055	0.00674	0.00759	0.00523	0.00383	0.01181	0.00106	0.00534	0.00262	0.00188	0.00479
21	0.68521	0.00695	0.00625	0.04975	0.00835	0.00784	0.00453	0.06548	0.00733	0.12108	0.00640	0.00695	0.00467	0.00352	0.00253	0.00110	0.00297	0.00228	0.00254	0.00428
22	0.02752	0.01675	0.02630	0.00831	0.01704	0.02768	0.07318	0.21410	0.48977	0.01596	0.01150	0.01118	0.00859	0.00448	0.00385	0.00117	0.03015	0.00368	0.00326	0.00553
23	0.00509	0.00381	0.00572	0.00572	0.00636	0.00445	0.00445	0.00636	0.00572	0.00826	0.00954	0.01399	0.00890	0.02670	0.86077	0.00572	0.00954	0.00381	0.00191	0.00318
24	0.00433	0.00362	0.00383	0.00381	0.00494	0.00312	0.00286	0.00532	0.00814	0.00993	0.10252	0.03242	0.73282	0.00992	0.05519	0.00146	0.00225	0.00720	0.00327	0.00305
25	0.00952	0.87702	0.01866	0.00609	0.00914	0.01409	0.00609	0.01066	0.00723	0.00838	0.00495	0.00571	0.00457	0.00305	0.00228	0.00076	0.00381	0.00190	0.00152	0.00457
26	0.00865	0.00829	0.01416	0.08757	0.78822	0.00842	0.01085	0.01078	0.00803	0.01143	0.00667	0.00886	0.00557	0.00320	0.00353	0.00107	0.00427	0.00317	0.00175	0.00551
27	0.00945	0.00967	0.01383	0.02005	0.73298	0.12963	0.01035	0.01139	0.00839	0.01122	0.00653	0.00847	0.00549	0.00324	0.00348	0.00104	0.00454	0.00305	0.00177	0.00542
28	0.00664	0.00332	0.00332	0.00332	0.00415	0.00332	0.00249	0.00830	0.00747	0.01327	0.01161	0.01327	0.00913	0.00415	0.00249	0.00083	0.00166	0.00332	0.89464	0.00332
29	0.00738	0.00633	0.00738	0.00527	0.00844	0.00475	0.00422	0.00896	0.00738	0.01160	0.00633	0.00738	0.00527	0.00264	0.00264	0.00053	0.00264	0.00211	0.00211	0.89664
30	0.00524	0.00343	0.00393	0.00393	0.00393	0.00343	0.00222	0.00514	0.00514	0.00686	0.01090	0.02252	0.01252	0.82102	0.01786	0.05921	0.00343	0.00505	0.00212	0.00212
31	0.00867	0.00716	0.00770	0.00691	0.00882	0.00814	0.00537	0.01754	0.72776	0.04212	0.10581	0.01470	0.01328	0.00508	0.00368	0.00119	0.00270	0.00427	0.00368	0.00540
32	0.83659	0.00711	0.00562	0.00493	0.00718	0.00821	0.00406	0.06988	0.00682	0.01644	0.00521	0.00598	0.00401	0.00337	0.00230	0.00110	0.00284	0.00202	0.00230	0.00401
33	0.00810	0.22958	0.18149	0.00774	0.01039	0.03893	0.06803	0.09907	0.03987	0.01128	0.01039	0.19252	0.01031	0.00559	0.00356	0.00114	0.00392	0.07129	0.00237	0.00445
34	0.00493	0.00364	0.00461	0.00437	0.00525	0.00331	0.00328	0.00652	0.00983	0.01369	0.74827	0.02756	0.13648	0.00750	0.00420	0.00113	0.00170	0.00657	0.00384	0.00331
35	0.01195	0.01014	0.01070	0.13148	0.06782	0.12170	0.00743	0.51196	0.06206	0.01759	0.00806	0.00870	0.00593	0.00405	0.00352	0.00107	0.00432	0.00313	0.00294	0.00545
36	0.00438	0.00357	0.00387	0.00388	0.00493	0.00306	0.00288	0.00541	0.00839	0.01047	0.19090	0.09726	0.63092	0.00885	0.00423	0.00121	0.00180	0.00751	0.00342	0.00306
37	0.00691	0.00643	0.01058	0.67172	0.07609	0.00776	0.02571	0.00970	0.06219	0.00962	0.00715	0.01004	0.00554	0.00539	0.06949	0.00153	0.00498	0.00329	0.00176	0.00413
38	0.84212	0.00754	0.00555	0.00498	0.00715	0.06367	0.00405	0.01071	0.00632	0.01550	0.00499	0.00583	0.00390	0.00333	0.00227	0.00109	0.00299	0.00195	0.00218	0.00387
39	0.00790	0.00773	0.01161	0.50981	0.26859	0.06381	0.00975	0.01054	0.05629	0.01016	0.00686	0.00931	0.00536	0.00353	0.00353	0.00113	0.00459	0.00316	0.00177	0.00456
40	0.00435	0.00355	0.00368	0.00373	0.00470	0.00306	0.00267	0.00511	0.00761	0.00920	0.03146	0.08745	0.67797	0.13228	0.00621	0.00154	0.00205	0.00735	0.00314	0.00288
41	0.00462	0.00329	0.00414	0.00471	0.00498	0.00311	0.00315	0.00518	0.00662	0.00872	0.01886	0.55417	0.08450	0.21387	0.00773	0.00191	0.00245	0.06222	0.00303	0.00275
42	0.00931	0.00922	0.06605	0.01215	0.27264	0.04739	0.00792	0.08156	0.42578	0.01396	0.01065	0.01082	0.00815	0.00412	0.00355	0.00113	0.00367	0.00352	0.00282	0.00558
43	0.83204	0.00682	0.00547	0.00481	0.00705	0.00778	0.00396	0.01100	0.00638	0.08050	0.00566	0.00627	0.00424	0.00339	0.00231	0.00110	0.00278	0.00205	0.00237	0.00403
44	0.00756	0.00921	0.19087	0.04197	0.16553	0.00745	0.00788	0.01280	0.30388	0.01297	0.15297	0.01422	0.04781	0.00476	0.00367	0.00115	0.00344	0.00409	0.00279	0.00500
45	0.00510	0.00366	0.00473	0.00445	0.00533	0.00336	0.00334	0.00673	0.00997	0.02254	0.79502	0.02689	0.08078	0.00735	0.00419	0.00112	0.00170	0.00647	0.00389	0.00337
46	0.00515	0.00396	0.00525	0.00559	0.04937	0.00380	0.00389	0.00672	0.02541	0.01223	0.47724	0.15645	0.12847	0.00915	0.06056	0.00150	0.01402	0.02439	0.00345	0.00340
47	0.01196	0.00947	0.01194	0.01275	0.29198	0.01018	0.00816	0.56378	0.01386	0.01883	0.00793	0.00864	0.00592	0.00391	0.00355	0.00106	0.00402	0.00319	0.00296	0.00592
48	0.00773	0.00637	0.00712	0.00691	0.00844	0.01909	0.00555	0.01434	0.51034	0.02096	0.01605	0.07161	0.01457	0.00677	0.00408	0.00135	0.00297	0.26756	0.00348	0.00471
49	0.00879	0.00843	0.01441	0.03190	0.84282	0.00845	0.01091	0.01090	0.00810	0.01160	0.00669	0.00882	0.00563	0.00318	0.00353	0.00106	0.00424	0.00317	0.00176	0.00562
50	0.00808	0.00555	0.00924	0.00821	0.00993	0.00528	0.17264	0.00995	0.00859	0.16025	0.01567	0.02908	0.01540	0.00751	0.00454	0.00146	0.00378	0.51760	0.00318	0.00408
51	0.00790	0.06570	0.10424	0.00851	0.03994	0.02072	0.00728	0.01130	0.19180	0.01101	0.07261	0.01053	0.01656	0.00512	0.00672	0.00125	0.35035	0.00341	0.00225	0.06279
52	0.00732	0.00693	0.01117	0.64935	0.16990	0.01944	0.00975	0.01013	0.06213	0.00992	0.00692	0.00958	0.00530	0.00358	0.00355	0.00116	0.00455	0.00321	0.00175	0.00437
53	0.00895	0.00769	0.00810	0.00726	0.00929	0.00890	0.00566	0.03510	0.82990	0.01504	0.01437	0.01319	0.01077	0.00482	0.00362	0.00120	0.00284	0.00401	0.00362	0.00564
54	0.00496	0.00365	0.00403	0.00406	0.00515	0.00313	0.00300	0.00587	0.00809	0.05880	0.07139	0.19115	0.60595	0.00907	0.00423	0.00124	0.00192	0.00773	0.00340	0.00318
55	0.00462	0.00362	0.00418	0.00404	0.00506	0.00318	0.00303	0.00591	0.00909	0.01193	0.43951	0.03047	0.44634	0.00816	0.00420	0.00116	0.00174	0.00698	0.00361	0.00318
56	0.00476	0.00359	0.00405	0.00397	0.00497	0.00318	0.00297	0.00603	0.00878	0.01172	0.34304	0.04484	0.44049	0.00796	0.00406	0.00115	0.00176	0.01474	0.08478	0.00317
57	0.00624	0.00565	0.00910	0.64905	0.01964	0.00674	0.00819	0.00837	0.00771	0.01004	0.15650	0.01439	0.07489	0.00463	0.00372	0.00118	0.00398	0.00407	0.00212	0.00378
58	0.00729	0.00637	0.01035	0.53212	0.18682	0.00721	0.00889	0.00937	0.00762	0.05351	0.01071	0.01304	0.11132	0.00430	0.00365	0.00116	0.00416	0.01581	0.00201	0.00427
59	0.00889	0.27844	0.28812	0.11513	0.07819	0.12990	0.00929	0.01121	0.00781	0.01672	0.00590	0.00719	0.00471	0.00332	0.00304	0.00098	0.00477	0.00247	0.00162	0.02231
60	0.00519	0.00398	0.00605	0.06222	0.00755	0.00468	0.00481	0.00654	0.00581	0.00832	0.00933	0.01369	0.00863	0.02518	0.80449	0.00542	0.00922	0.00377	0.00189	0.00323
61	0.00444	0.00315	0.00414	0.00485	0.00507	0.00296	0.00322	0.00507	0.00686	0.00919	0.06203	0.76343	0.02325	0.07737	0.00557	0.00158	0.00215	0.00955	0.00325	0.00286
62	0.00737	0.00711	0.00989	0.01929	0.00882	0.00970	0.00706	0.00818	0.00580	0.00885	0.06095	0.01070	0.00743	0.07311	0.01149	0.00167	0.72182	0.01526	0.00178	0.00372
63	0.00511	0.00374	0.00533	0.00533	0.00583	0.00424	0.00396	0.00610	0.00560	0.00797	0.00990	0.01599	0.00977	0.20904	0.67962	0.00523	0.00823	0.00411	0.00196	0.00296
64	0.00615	0.05705	0.00619	0.00504	0.00627	0.06098	0.00395	0.05018	0.00928	0.01198	0.35952	0.02476	0.32062	0.00720	0.00442	0.00114	0.05257	0.00592	0.00326	0.00353
65	0.00839	0.00728	0.00966	0.01014	0.24154	0.00640	0.00632	0.09251	0.00852	0.01269	0.00665	0.00789	0.00545	0.00295	0.00297	0.00073	0.00320	0.00251	0.00216	0.56204
66	0.00881	0.00846	0.01445	0.02185	0.85267	0.00846	0.01093	0.01093	0.00811	0.01163	0.00670	0.00881	0.00564	0.00317	0.00352	0.00106	0.00423	0.00317	0.00176	0.00564
67	0.00509	0.00381	0.00572	0.00572	0.00636	0.00445	0.00445	0.00636	0.00572	0.00826	0.00954	0.01399	0.00890	0.02670	0.86077	0.00572	0.00954	0.00381	0.00191	0.00318
68	0.01133	0.01757	0.01109	0.07957	0.22510	0.29697	0.01456	0.14202	0.01019	0.08392	0.00785	0.01008	0.00639	0.00407	0.00362	0.00107	0.01651	0.05081	0.00236	0.00492
69	0.00672	0.00633	0.01068	0.86632	0.02452	0.00791	0.00989	0.00910	0.00712	0.00910	0.00633	0.00949	0.00475	0.00356	0.00356	0.00119	0.00475	0.00316	0.00158	0.00396
70	0.00510	0.00376	0.00546	0.00546	0.00601	0.00431	0.00413	0.00619	0.00565	0.00807	0.00977	0.01530	0.00947	0.14645	0.74180	0.00540	0.00868	0.00401	0.00194	0.00303
71	0.06662	0.01649	0.70626	0.00946	0.01425	0.00821	0.01174	0.05455	0.00806	0.06239	0.00686	0.00773	0.00480	0.00348	0.00333	0.00112	0.00489	0.00267	0.00183	0.00526
72	0.00800	0.00763	0.01298	0.35178	0.52911	0.00824	0.01052	0.01021	0.00772	0.01064	0.00655	0.00908	0.00529	0.00332	0.00354	0.00111	0.00443	0.00317	0.00169	0.00498
73	0.00672	0.00633	0.01068	0.86632	0.02452	0.00791	0.00989	0.00910	0.00712	0.00910	0.00633	0.00949	0.00475	0.00356	0.00356	0.00119	0.00475	0.00316	0.00158	0.00396
74	0.00831	0.00875	0.01125	0.00953	0.01006	0.11021	0.07144	0.00931	0.00624	0.00878	0.00528	0.00817	0.00500	0.00702	0.06556	0.00173	0.64465	0.00315	0.00163	0.00395
75	0.00904	0.00834	0.01279	0.03106	0.56942	0.00875	0.02480	0.06203	0.19509	0.01290	0.00851	0.00980	0.00679	0.00367	0.00372	0.00111	0.02095	0.00338	0.00228	0.00559
76	0.01231	0.01519	0.01072	0.06064	0.12661	0.69487	0.00761	0.01347	0.00965	0.00913	0.00571	0.00692	0.00474	0.00359	0.00327	0.00095	0.00602	0.00246	0.00181	0.00432
77	0.00475	0.00342	0.00425	0.00445	0.00494	0.00319	0.00305	0.00563	0.00769	0.01037	0.28359	0.31057	0.12268	0.19125	0.00726	0.00174	0.00223	0.02279	0.00326	0.00291
78	0.01393	0.00829	0.00892	0.00696	0.00968	0.10705	0.00565	0.20682	0.01132	0.44854	0.01072	0.00998	0.00720	0.00405	0.00341	0.00099	0.00358	0.00314	0.00360	0.12617
79	0.01083	0.00521	0.00682	0.00561	0.00750	0.00476	0.00448	0.06657	0.01057	0.41722	0.39505	0.01848	0.01993	0.00571	0.00386	0.00111	0.00247	0.00486	0.00413	0.00483
80	0.00779	0.00779	0.01091	0.00935	0.00935	0.01091	0.00779	0.00857	0.00545	0.00857	0.00467	0.00779	0.00467	0.00623	0.01168	0.00156	0.86836	0.00312	0.00156	0.00389
81	0.00528	0.00358	0.00461	0.00472	0.00539	0.00338	0.00350	0.00658	0.00854	0.02735	0.41770	0.21552	0.03393	0.07489	0.00529	0.00141	0.00211	0.10346	0.06954	0.00320
82	0.01306	0.00969	0.01043	0.00797	0.01084	0.01056	0.00657	0.77683	0.01602	0.02160	0.00838	0.00846	0.00599	0.00415	0.00349	0.00103	0.00382	0.00312	0.00345	0.07454
83	0.00738	0.00633	0.00738	0.00527	0.00844	0.00475	0.00422	0.00896	0.00738	0.01160	0.00633	0.00738	0.00527	0.00264	0.00264	0.00053	0.00264	0.00211	0.00211	0.89664
84	0.01245	0.00503	0.00640	0.00520	0.00723	0.00451	0.00420	0.01394	0.00916	0.53759	0.01313	0.01255	0.00893	0.00431	0.00317	0.00100	0.00251	0.00348	0.34020	0.00503
85	0.00524	0.00343	0.00393	0.00393	0.00393	0.00343	0.00221	0.00515	0.00515	0.00686	0.01093	0.02258	0.01255	0.82483	0.01788	0.05526	0.00343	0.00506	0.00212	0.00212
86	0.00698	0.07636	0.17541	0.51261	0.07417	0.00812	0.00979	0.00945	0.00727	0.00964	0.00753	0.06054	0.01954	0.00400	0.00349	0.00115	0.00453	0.00345	0.00170	0.00429

[dist]
# distance from previous block
# <min> <max>
0	3

[block]
# block no. 3 follows, 78 sequences, length 30
# corresponding to MSA columns:
# 198-227
name=unknown_D
#
# <colnr> <probs for GDERKNQSTAVLIFYWHMCP>
#	G	D	E	R	K	N	Q	S	T	A	V	L	I	F	Y	W	H	M	C	P
0	0.00510	0.00368	0.00464	0.00438	0.00531	0.00334	0.00329	0.00666	0.00977	0.02851	0.70867	0.02754	0.16084	0.00750	0.00419	0.00113	0.00172	0.00656	0.00383	0.00335
1	0.00934	0.03293	0.46923	0.01030	0.01425	0.25445	0.11217	0.02446	0.00854	0.02290	0.00635	0.00750	0.00473	0.00344	0.00342	0.00107	0.00561	0.00273	0.00171	0.00489
2	0.00599	0.03302	0.26162	0.00634	0.00862	0.01517	0.00643	0.00821	0.00865	0.02446	0.38242	0.12148	0.06665	0.00634	0.00388	0.00114	0.00297	0.00546	0.00295	0.02818
3	0.90002	0.00689	0.00523	0.00468	0.00689	0.00799	0.00386	0.01047	0.00606	0.01597	0.00496	0.00578	0.00386	0.00330	0.00220	0.00110	0.00275	0.00193	0.00220	0.00386
4	0.00978	0.82127	0.01814	0.00623	0.00926	0.01389	0.00614	0.06404	0.00785	0.00928	0.00518	0.00589	0.00466	0.00312	0.00237	0.00078	0.00381	0.00199	0.00165	0.00466
5	0.00681	0.00630	0.00951	0.00855	0.06986	0.00635	0.17961	0.01064	0.21969	0.01199	0.12167	0.03501	0.23571	0.00635	0.01623	0.00942	0.01794	0.02111	0.00297	0.00429
6	0.00499	0.00364	0.00470	0.00443	0.00529	0.00334	0.00332	0.00663	0.00997	0.01402	0.80644	0.02701	0.07810	0.00737	0.00420	0.00112	0.00169	0.00650	0.00389	0.00334
7	0.00788	0.00705	0.00704	0.00642	0.00811	0.06457	0.00494	0.01467	0.53363	0.01370	0.16790	0.01786	0.11975	0.00572	0.00377	0.00117	0.00273	0.00478	0.00352	0.00479
8	0.00680	0.00383	0.00471	0.00435	0.00542	0.00357	0.00333	0.00841	0.00918	0.11315	0.44861	0.02133	0.05384	0.00609	0.00361	0.00104	0.00187	0.01994	0.27726	0.00365
9	0.84040	0.00683	0.00544	0.00479	0.00703	0.00780	0.00395	0.01093	0.00634	0.07257	0.00557	0.00621	0.00419	0.00338	0.00230	0.00110	0.00277	0.00204	0.00235	0.00400
10	0.00780	0.01145	0.23622	0.01307	0.01687	0.00840	0.56926	0.01094	0.00807	0.01121	0.00783	0.06726	0.00639	0.00365	0.00401	0.00120	0.00555	0.00419	0.00183	0.00479
11	0.00710	0.00446	0.00464	0.00441	0.00555	0.00476	0.00336	0.01094	0.22486	0.01376	0.06895	0.01417	0.01123	0.00454	0.00290	0.00095	0.00196	0.00371	0.60382	0.00392
12	0.00683	0.00643	0.01087	0.82416	0.06587	0.00794	0.00994	0.00919	0.00717	0.00922	0.00635	0.00946	0.00479	0.00354	0.00356	0.00118	0.00472	0.00316	0.00159	0.00404
13	0.00734	0.00633	0.00758	0.05746	0.00941	0.00494	0.00456	0.00897	0.00737	0.01145	0.00633	0.00751	0.00524	0.00269	0.00269	0.00057	0.00276	0.00217	0.00208	0.84254
14	0.00431	0.00320	0.00403	0.00469	0.00509	0.00291	0.00319	0.00499	0.00707	0.00919	0.02284	0.70878	0.18525	0.01074	0.00448	0.00140	0.00201	0.00961	0.00331	0.00291
15	0.01353	0.00997	0.01068	0.00819	0.01104	0.01104	0.00677	0.84079	0.01674	0.02244	0.00855	0.00855	0.00605	0.00427	0.00356	0.00107	0.00392	0.00321	0.00356	0.00605
16	0.00881	0.00846	0.01445	0.02185	0.85267	0.00846	0.01093	0.01093	0.00811	0.01163	0.00670	0.00881	0.00564	0.00317	0.00352	0.00106	0.00423	0.00317	0.00176	0.00564
17	0.00886	0.00765	0.00805	0.00725	0.00926	0.00886	0.00564	0.01892	0.84623	0.01489	0.01449	0.01328	0.01087	0.00483	0.00362	0.00121	0.00282	0.00403	0.00362	0.00564
18	0.00618	0.00512	0.00771	0.00979	0.26531	0.00492	0.00567	0.00798	0.00944	0.01338	0.57665	0.02128	0.04020	0.00605	0.00399	0.00110	0.00246	0.00546	0.00325	0.00405
19	0.00786	0.00700	0.01092	0.68564	0.07579	0.00841	0.00949	0.13170	0.00860	0.01122	0.00668	0.00931	0.00500	0.00364	0.00356	0.00116	0.00459	0.00317	0.00189	0.00437
20	0.00641	0.00441	0.00488	0.00452	0.00494	0.00457	0.00284	0.12824	0.00688	0.00919	0.01082	0.02113	0.01193	0.74666	0.01598	0.00310	0.00352	0.00489	0.00236	0.00273
21	0.01193	0.01297	0.00881	0.00791	0.00966	0.58109	0.00599	0.01322	0.02646	0.10659	0.16948	0.01109	0.01078	0.00447	0.00345	0.00098	0.00505	0.00327	0.00256	0.00423
22	0.00517	0.00378	0.00487	0.00457	0.00545	0.00355	0.00344	0.00713	0.03857	0.01430	0.82229	0.02614	0.03282	0.00720	0.00418	0.00112	0.00172	0.00636	0.00391	0.00344
23	0.00444	0.00326	0.00417	0.00470	0.00514	0.00299	0.00323	0.00527	0.00754	0.01003	0.16051	0.61839	0.13682	0.01022	0.00444	0.00136	0.00197	0.00916	0.00341	0.00299
24	0.17047	0.06006	0.01128	0.35511	0.26187	0.00866	0.00866	0.06345	0.00784	0.01190	0.00625	0.00833	0.00492	0.00341	0.00323	0.00110	0.00412	0.00287	0.00187	0.00460
25	0.00506	0.00364	0.00478	0.00455	0.00530	0.00348	0.00336	0.00655	0.00920	0.01302	0.69153	0.02503	0.02927	0.08597	0.09198	0.00179	0.00263	0.00606	0.00356	0.00323
26	0.00874	0.00893	0.19642	0.00846	0.06128	0.00663	0.06191	0.13169	0.04318	0.13625	0.02509	0.19685	0.07902	0.00592	0.00385	0.00120	0.00359	0.01329	0.00293	0.00477
27	0.00946	0.00815	0.01095	0.08520	0.34337	0.06480	0.00782	0.07792	0.02367	0.07846	0.01850	0.00888	0.00614	0.00337	0.00329	0.00093	0.00382	0.00293	0.00226	0.24009
28	0.02289	0.00913	0.01111	0.20027	0.25663	0.15795	0.00837	0.07743	0.03020	0.15732	0.00794	0.00914	0.00592	0.00377	0.00368	0.00109	0.02665	0.00309	0.00238	0.00504
29	0.02566	0.00929	0.13000	0.01071	0.20600	0.03394	0.00774	0.11635	0.18383	0.13706	0.01219	0.02293	0.07945	0.00448	0.00358	0.00112	0.00367	0.00375	0.00289	0.00536

[dist]
# distance from previous block
# <min> <max>
1	6

[block]
# block no. 4 follows, 78 sequences, length 6
# corresponding to MSA columns:
# 234-239
name=unknown_E
#
# <colnr> <probs for GDERKNQSTAVLIFYWHMCP>
#	G	D	E	R	K	N	Q	S	T	A	V	L	I	F	Y	W	H	M	C	P
0	0.00881	0.00846	0.01445	0.02185	0.85267	0.00846	0.01093	0.01093	0.00811	0.01163	0.00670	0.00881	0.00564	0.00317	0.00352	0.00106	0.00423	0.00317	0.00176	0.00564
1	0.03448	0.00724	0.01148	0.06231	0.09747	0.00736	0.20606	0.08311	0.12671	0.10965	0.11746	0.01539	0.01168	0.00483	0.00390	0.00120	0.00386	0.08805	0.00292	0.00484
2	0.00493	0.00335	0.00396	0.00419	0.00425	0.00329	0.00249	0.00511	0.00565	0.00754	0.01366	0.26967	0.01602	0.62431	0.01418	0.00287	0.00305	0.00661	0.00249	0.00237
3	0.09472	0.01075	0.19235	0.06113	0.02949	0.05191	0.04296	0.26255	0.06018	0.08340	0.05251	0.00957	0.00726	0.00408	0.00360	0.00111	0.02132	0.00320	0.00272	0.00518
4	0.00897	0.12780	0.07684	0.05635	0.51899	0.00917	0.00965	0.07623	0.00854	0.01189	0.00654	0.00822	0.00538	0.00324	0.00330	0.00100	0.00415	0.00290	0.00186	0.05898
5	0.00518	0.00451	0.05537	0.00446	0.00517	0.00375	0.00321	0.00576	0.00603	0.00805	0.01505	0.08720	0.14127	0.53727	0.05778	0.00279	0.00348	0.00554	0.00237	0.04576

[dist]
# distance from previous block
# <min> <max>
0	1

# created by:
# /home/cegg/simao/soft/augustus-3.2.1/scripts/msa2prfl.pl ./align_prep/EOG092C58OI.fa
