[name]
unknown

[dist]
# distance from previous block
# <min> <max>
0	431

[block]
# block no. 0 follows, 69 sequences, length 25
# corresponding to MSA columns:
# 436-460
name=unknown_A
#
# <colnr> <probs for GDERKNQSTAVLIFYWHMCP>
#	G	D	E	R	K	N	Q	S	T	A	V	L	I	F	Y	W	H	M	C	P
0	0.01209	0.00764	0.01106	0.07912	0.14819	0.00759	0.05274	0.12285	0.02036	0.28673	0.02990	0.06784	0.00993	0.01658	0.00450	0.00127	0.02790	0.03041	0.00342	0.05987
1	0.00635	0.00445	0.00525	0.00533	0.00579	0.00449	0.00350	0.09944	0.00794	0.01060	0.01603	0.38524	0.01844	0.39561	0.01164	0.00254	0.00320	0.00781	0.00310	0.00322
2	0.00630	0.00428	0.00479	0.00450	0.00592	0.00367	0.00342	0.00749	0.00953	0.10656	0.18096	0.03318	0.58163	0.02430	0.00483	0.00134	0.00215	0.00752	0.00388	0.00375
3	0.00583	0.00396	0.00518	0.00514	0.00597	0.00364	0.00375	0.00733	0.01006	0.04968	0.55678	0.25575	0.05385	0.00909	0.00470	0.00133	0.00203	0.00809	0.00414	0.00368
4	0.00538	0.00574	0.10030	0.00517	0.00653	0.00412	0.00434	0.00665	0.00829	0.01079	0.13836	0.12637	0.35645	0.19496	0.00791	0.00187	0.00283	0.00727	0.00323	0.00343
5	0.00751	0.01835	0.74596	0.01052	0.01568	0.00843	0.01324	0.01162	0.00819	0.01214	0.00871	0.10584	0.00737	0.00471	0.00387	0.00128	0.00539	0.00384	0.00188	0.00549
6	0.78996	0.00748	0.00614	0.00536	0.00786	0.00845	0.00442	0.01239	0.00719	0.11188	0.00661	0.00717	0.00487	0.00378	0.00260	0.00121	0.00307	0.00233	0.00270	0.00452
7	0.00551	0.00425	0.00594	0.00751	0.10114	0.00399	0.00463	0.00648	0.00782	0.01057	0.02042	0.65546	0.07044	0.01068	0.00475	0.00149	0.00257	0.02559	0.02138	0.02939
8	0.01013	0.76631	0.01954	0.10366	0.01200	0.01473	0.00719	0.01154	0.00795	0.00931	0.00562	0.00677	0.00505	0.00342	0.00268	0.00089	0.00431	0.00226	0.00168	0.00495
9	0.00769	0.00719	0.01165	0.67077	0.08351	0.00845	0.01019	0.01013	0.00790	0.01052	0.00694	0.01008	0.00536	0.00386	0.00406	0.00122	0.02978	0.00335	0.00182	0.10554
10	0.01465	0.00945	0.01057	0.00827	0.01120	0.01011	0.00677	0.52024	0.10640	0.21234	0.02748	0.01137	0.00860	0.00487	0.00393	0.00120	0.00387	0.00380	0.01839	0.00651
11	0.88991	0.00758	0.00576	0.00516	0.00758	0.00879	0.00425	0.01152	0.00667	0.01759	0.00546	0.00637	0.00425	0.00364	0.00243	0.00121	0.00303	0.00212	0.00243	0.00425
12	0.00970	0.00931	0.01591	0.02406	0.83777	0.00931	0.01203	0.01203	0.00893	0.01281	0.00737	0.00970	0.00621	0.00349	0.00388	0.00116	0.00466	0.00349	0.00194	0.00621
13	0.01236	0.00972	0.01034	0.00851	0.01119	0.01097	0.00684	0.42841	0.41886	0.02061	0.01264	0.01198	0.00928	0.00501	0.00395	0.00125	0.00372	0.00397	0.00395	0.00644
14	0.01011	0.00860	0.00907	0.00805	0.01033	0.00992	0.00629	0.07757	0.77336	0.01699	0.01549	0.01426	0.01159	0.00528	0.00398	0.00132	0.00319	0.00437	0.00398	0.00624
15	0.00885	0.00985	0.02094	0.01519	0.01878	0.00929	0.72126	0.01217	0.03571	0.01246	0.00982	0.07247	0.02448	0.00415	0.00463	0.00134	0.00609	0.00516	0.00220	0.00513
16	0.00884	0.00507	0.00597	0.00530	0.00678	0.00501	0.00412	0.05867	0.08186	0.13761	0.31541	0.01951	0.01986	0.00595	0.00379	0.00113	0.00231	0.00502	0.30329	0.00451
17	0.07694	0.08678	0.15663	0.03853	0.26057	0.02616	0.09218	0.05643	0.02985	0.11522	0.00851	0.00997	0.00648	0.00391	0.00373	0.00119	0.00472	0.01400	0.00244	0.00575
18	0.02083	0.00628	0.00817	0.20462	0.05708	0.04761	0.02075	0.06236	0.02034	0.04281	0.03285	0.33235	0.11249	0.00792	0.00440	0.00138	0.00356	0.00698	0.00306	0.00417
19	0.00481	0.00346	0.00457	0.00539	0.00568	0.00321	0.00362	0.00556	0.00773	0.01031	0.06269	0.79241	0.05205	0.01200	0.00497	0.00157	0.00224	0.01085	0.00367	0.00321
20	0.00840	0.00901	0.19916	0.02091	0.03013	0.00656	0.04321	0.03902	0.01911	0.11230	0.14478	0.06728	0.03840	0.05073	0.08945	0.00191	0.04889	0.01491	0.05113	0.00471
21	0.01005	0.14256	0.20399	0.01288	0.11378	0.05257	0.23646	0.05998	0.05734	0.04391	0.02448	0.00977	0.00672	0.00382	0.00385	0.00118	0.00529	0.00356	0.00224	0.00559
22	0.00946	0.02860	0.03612	0.34340	0.16250	0.02068	0.00943	0.08537	0.03624	0.07354	0.00891	0.01163	0.01610	0.01644	0.03365	0.00149	0.06794	0.01976	0.01365	0.00509
23	0.00503	0.00354	0.00445	0.00508	0.00528	0.00336	0.00327	0.00553	0.00706	0.00936	0.01966	0.60145	0.05009	0.24704	0.00912	0.00219	0.00269	0.00954	0.00329	0.00297
24	0.05240	0.01815	0.03369	0.03467	0.13212	0.03374	0.13096	0.04830	0.02721	0.06030	0.19802	0.06704	0.02921	0.00630	0.03338	0.00139	0.01543	0.00493	0.02875	0.04402

[dist]
# distance from previous block
# <min> <max>
1	12

[block]
# block no. 1 follows, 69 sequences, length 6
# corresponding to MSA columns:
# 482-487
name=unknown_B
#
# <colnr> <probs for GDERKNQSTAVLIFYWHMCP>
#	G	D	E	R	K	N	Q	S	T	A	V	L	I	F	Y	W	H	M	C	P
0	0.00861	0.07106	0.10446	0.11472	0.26382	0.00890	0.06230	0.04297	0.06241	0.01271	0.09531	0.04988	0.01059	0.03557	0.00489	0.00133	0.03860	0.00425	0.00241	0.00520
1	0.03508	0.00549	0.02279	0.00718	0.02928	0.00534	0.06029	0.03032	0.05486	0.05546	0.13204	0.38368	0.04492	0.02775	0.05396	0.00176	0.03467	0.00765	0.00341	0.00405
2	0.00626	0.00494	0.00686	0.02963	0.04443	0.00480	0.04581	0.00758	0.00859	0.03744	0.06309	0.11665	0.31439	0.04249	0.02436	0.01971	0.03743	0.17853	0.00330	0.00372
3	0.01004	0.00948	0.01321	0.31264	0.31392	0.07952	0.01038	0.13529	0.01002	0.01319	0.00732	0.00965	0.00578	0.00405	0.00434	0.00123	0.04898	0.00341	0.00217	0.00539
4	0.00569	0.00386	0.00459	0.00459	0.00470	0.00397	0.00277	0.00590	0.00579	0.00783	0.01206	0.02406	0.01356	0.73258	0.14865	0.00419	0.00484	0.00547	0.00233	0.00255
5	0.00813	0.00697	0.00813	0.00581	0.00929	0.00523	0.00465	0.00987	0.00813	0.01277	0.00697	0.00813	0.00581	0.00290	0.00290	0.00058	0.00290	0.00232	0.00232	0.88619

[dist]
# distance from previous block
# <min> <max>
0	2

[block]
# block no. 2 follows, 69 sequences, length 16
# corresponding to MSA columns:
# 490-505
name=unknown_C
#
# <colnr> <probs for GDERKNQSTAVLIFYWHMCP>
#	G	D	E	R	K	N	Q	S	T	A	V	L	I	F	Y	W	H	M	C	P
0	0.01120	0.57217	0.09185	0.00813	0.01147	0.16195	0.04138	0.01280	0.00872	0.04016	0.00617	0.00704	0.00524	0.00356	0.00294	0.00094	0.00492	0.00242	0.00186	0.00508
1	0.00740	0.00697	0.01176	0.85280	0.02700	0.00871	0.01089	0.01002	0.00784	0.01002	0.00697	0.01045	0.00523	0.00392	0.00392	0.00131	0.00523	0.00348	0.00174	0.00436
2	0.01091	0.07258	0.04478	0.02366	0.12662	0.01065	0.02627	0.21073	0.39751	0.01702	0.01175	0.01167	0.00887	0.00464	0.00385	0.00123	0.00391	0.00384	0.00335	0.00616
3	0.03352	0.00945	0.00914	0.00813	0.01037	0.08662	0.00633	0.09104	0.64240	0.01639	0.01433	0.03326	0.01099	0.00527	0.00392	0.00129	0.00355	0.00428	0.00375	0.00597
4	0.01963	0.00785	0.04823	0.02125	0.05279	0.01964	0.02453	0.07309	0.02319	0.12518	0.02824	0.01414	0.06365	0.00460	0.00362	0.00098	0.00346	0.06076	0.00296	0.40221
5	0.00583	0.00491	0.00518	0.00498	0.00644	0.00472	0.00380	0.00903	0.18017	0.01238	0.11999	0.03215	0.56142	0.00878	0.00451	0.00133	0.00224	0.02440	0.00379	0.00396
6	0.88991	0.00758	0.00576	0.00516	0.00758	0.00879	0.00425	0.01152	0.00667	0.01759	0.00546	0.00637	0.00425	0.00364	0.00243	0.00121	0.00303	0.00212	0.00243	0.00425
7	0.04598	0.00954	0.05653	0.01681	0.36864	0.00897	0.19127	0.05431	0.03010	0.08658	0.00934	0.01255	0.00762	0.00429	0.00429	0.00127	0.02259	0.06108	0.00248	0.00574
8	0.00580	0.00434	0.00589	0.00652	0.02949	0.00408	0.02288	0.00713	0.00867	0.02585	0.05466	0.28432	0.20924	0.01048	0.00500	0.00157	0.00286	0.30404	0.00359	0.00358
9	0.00468	0.00391	0.00408	0.00418	0.00536	0.00331	0.00308	0.00566	0.00884	0.01069	0.06295	0.13457	0.71497	0.01015	0.00468	0.00135	0.00202	0.00858	0.00366	0.00331
10	0.01254	0.41835	0.01566	0.00841	0.01110	0.36064	0.00718	0.08254	0.01011	0.01070	0.00603	0.00694	0.00518	0.00384	0.00332	0.00096	0.02709	0.00243	0.00201	0.00495
11	0.09929	0.03366	0.08221	0.07817	0.11143	0.05939	0.10665	0.21002	0.02834	0.10031	0.00920	0.04780	0.00717	0.00443	0.00383	0.00122	0.00464	0.00377	0.00285	0.00561
12	0.00560	0.00419	0.00623	0.00620	0.00692	0.00482	0.00482	0.00703	0.00664	0.00957	0.06909	0.01639	0.01173	0.02788	0.78690	0.00594	0.00989	0.00441	0.00226	0.00351
13	0.00497	0.00368	0.00493	0.00571	0.00592	0.00364	0.00389	0.00566	0.00743	0.00998	0.02076	0.81567	0.02485	0.01200	0.00541	0.00160	0.04636	0.01075	0.00354	0.00324
14	0.01034	0.00866	0.01238	0.11923	0.21109	0.03964	0.09406	0.06464	0.21508	0.09624	0.03144	0.03773	0.00944	0.00470	0.00404	0.00126	0.00429	0.01487	0.01520	0.00567
15	0.25358	0.17063	0.03509	0.00948	0.08930	0.12034	0.04738	0.18146	0.02168	0.02747	0.00699	0.00787	0.00548	0.00387	0.00322	0.00111	0.00445	0.00280	0.00251	0.00528

[dist]
# distance from previous block
# <min> <max>
0	1

[block]
# block no. 3 follows, 69 sequences, length 28
# corresponding to MSA columns:
# 507-534
name=unknown_D
#
# <colnr> <probs for GDERKNQSTAVLIFYWHMCP>
#	G	D	E	R	K	N	Q	S	T	A	V	L	I	F	Y	W	H	M	C	P
0	0.01095	0.11421	0.12862	0.01235	0.14971	0.03614	0.12689	0.22121	0.04166	0.04141	0.03921	0.02516	0.00773	0.00432	0.00405	0.00119	0.02305	0.00370	0.00267	0.00577
1	0.00913	0.00657	0.00764	0.00724	0.05174	0.01809	0.00513	0.17565	0.11289	0.07613	0.17657	0.07559	0.06987	0.17170	0.01707	0.00181	0.00335	0.00560	0.00359	0.00466
2	0.00997	0.14281	0.26530	0.02057	0.04392	0.11139	0.18875	0.05126	0.05061	0.02623	0.00817	0.01845	0.01776	0.00400	0.00398	0.00118	0.02469	0.00344	0.00211	0.00540
3	0.00591	0.00433	0.00631	0.00653	0.00727	0.00413	0.05783	0.00717	0.02259	0.03577	0.02013	0.52908	0.04163	0.06133	0.00589	0.00173	0.00296	0.17239	0.00349	0.00352
4	0.01053	0.30122	0.16279	0.00798	0.01143	0.11086	0.00779	0.09880	0.05754	0.02803	0.00839	0.00903	0.03085	0.00395	0.00323	0.00099	0.00448	0.00286	0.01902	0.12023
5	0.01078	0.65057	0.03037	0.00803	0.05933	0.06250	0.00707	0.04256	0.00867	0.02459	0.00604	0.00692	0.00529	0.00346	0.00278	0.00088	0.00432	0.00232	0.00189	0.06165
6	0.00861	0.01158	0.18783	0.05657	0.03475	0.01050	0.27282	0.01115	0.00769	0.01117	0.00658	0.00928	0.00540	0.00483	0.00764	0.00146	0.34167	0.00371	0.00180	0.00497
7	0.01299	0.00688	0.00846	0.00692	0.00932	0.00677	0.00556	0.11101	0.16427	0.39839	0.20726	0.01686	0.01617	0.00566	0.00411	0.00124	0.00306	0.00472	0.00446	0.00589
8	0.00676	0.00506	0.00586	0.00525	0.00694	0.00462	0.03416	0.03242	0.08207	0.08676	0.06589	0.03131	0.60106	0.00859	0.00449	0.00131	0.00244	0.00722	0.00375	0.00406
9	0.00858	0.00858	0.01201	0.01029	0.01029	0.01201	0.00858	0.00943	0.00600	0.00943	0.00515	0.00858	0.00515	0.00686	0.01287	0.00172	0.85505	0.00343	0.00172	0.00429
10	0.00478	0.00341	0.00455	0.00546	0.00569	0.00318	0.00364	0.00546	0.00751	0.01001	0.02161	0.85966	0.02593	0.01228	0.00500	0.00159	0.00227	0.01114	0.00364	0.00318
11	0.00478	0.00341	0.00455	0.00546	0.00569	0.00318	0.00364	0.00546	0.00751	0.01001	0.02161	0.85966	0.02593	0.01228	0.00500	0.00159	0.00227	0.01114	0.00364	0.00318
12	0.00570	0.00380	0.00428	0.00428	0.00428	0.00380	0.00238	0.00570	0.00570	0.00760	0.01235	0.02566	0.01425	0.86222	0.01995	0.00380	0.00380	0.00570	0.00238	0.00238
13	0.01510	0.01066	0.01157	0.00887	0.01200	0.01168	0.00733	0.76497	0.01790	0.08519	0.00986	0.00970	0.00689	0.00472	0.00392	0.00118	0.00424	0.00356	0.00399	0.00667
14	0.01722	0.00678	0.00909	0.00699	0.00999	0.00595	0.00577	0.04938	0.01145	0.79244	0.01574	0.01370	0.02663	0.00495	0.00396	0.00121	0.00335	0.00402	0.00479	0.00660
15	0.01409	0.13117	0.01236	0.00965	0.01185	0.73599	0.00746	0.01513	0.01069	0.00955	0.00598	0.00697	0.00505	0.00395	0.00340	0.00099	0.00669	0.00247	0.00197	0.00461
16	0.00740	0.00697	0.01176	0.85280	0.02700	0.00871	0.01089	0.01002	0.00784	0.01002	0.00697	0.01045	0.00523	0.00392	0.00392	0.00131	0.00523	0.00348	0.00174	0.00436
17	0.00665	0.00351	0.00527	0.00527	0.00536	0.00360	0.00360	0.00536	0.00527	0.00711	0.00730	0.01238	0.00721	0.01572	0.12587	0.76897	0.00435	0.00351	0.00176	0.00194
18	0.00794	0.01971	0.79422	0.01149	0.01717	0.00915	0.06160	0.01242	0.00833	0.01242	0.00709	0.00841	0.00502	0.00370	0.00378	0.00125	0.00584	0.00300	0.00167	0.00576
19	0.00951	0.03244	0.03179	0.03738	0.19401	0.00664	0.00684	0.03681	0.03264	0.16665	0.05242	0.18948	0.04209	0.00646	0.00440	0.00128	0.03534	0.01885	0.08998	0.00499
20	0.01185	0.00758	0.00979	0.05283	0.12839	0.05119	0.02251	0.10879	0.02643	0.28508	0.14762	0.04350	0.05732	0.00569	0.00414	0.00123	0.00365	0.02318	0.00373	0.00550
21	0.01130	0.06779	0.17816	0.02197	0.11927	0.08925	0.09774	0.08086	0.02963	0.15887	0.00955	0.04180	0.00734	0.00435	0.00395	0.00118	0.01775	0.00368	0.02669	0.02889
22	0.00919	0.04210	0.14753	0.06829	0.06209	0.01749	0.10197	0.16786	0.06813	0.01427	0.05507	0.04533	0.02370	0.05617	0.04142	0.01157	0.02540	0.03461	0.00271	0.00510
23	0.02886	0.00408	0.00423	0.00427	0.00554	0.00355	0.00324	0.00596	0.00882	0.01091	0.05983	0.06707	0.70658	0.01035	0.02731	0.00148	0.00231	0.03867	0.00358	0.00336
24	0.00840	0.01183	0.27562	0.09871	0.21210	0.00865	0.07347	0.02211	0.04967	0.02635	0.04454	0.05900	0.01948	0.00509	0.01729	0.00136	0.05463	0.00410	0.00222	0.00536
25	0.02670	0.07666	0.11744	0.07341	0.11564	0.12483	0.09147	0.15852	0.05224	0.11243	0.00875	0.00962	0.00646	0.00407	0.00378	0.00117	0.00501	0.00338	0.00270	0.00571
26	0.00841	0.15777	0.03164	0.00729	0.01803	0.01925	0.02702	0.09217	0.13211	0.03489	0.01477	0.35440	0.01534	0.02014	0.01461	0.00143	0.02254	0.02041	0.00319	0.00460
27	0.00584	0.00459	0.00629	0.06963	0.03050	0.00453	0.02693	0.05399	0.00851	0.01115	0.02165	0.55702	0.13954	0.01035	0.00478	0.00150	0.00279	0.03337	0.00342	0.00364

[dist]
# distance from previous block
# <min> <max>
3	9

[block]
# block no. 4 follows, 69 sequences, length 18
# corresponding to MSA columns:
# 547-564
name=unknown_E
#
# <colnr> <probs for GDERKNQSTAVLIFYWHMCP>
#	G	D	E	R	K	N	Q	S	T	A	V	L	I	F	Y	W	H	M	C	P
0	0.00593	0.00485	0.00656	0.00788	0.14672	0.00449	0.00486	0.00750	0.00972	0.01314	0.36583	0.08878	0.28717	0.00811	0.00450	0.00127	0.00240	0.00709	0.01921	0.00396
1	0.00518	0.00399	0.00479	0.00499	0.00598	0.00360	0.00383	0.00649	0.00932	0.01206	0.24474	0.15557	0.36920	0.00992	0.00482	0.00142	0.00227	0.14457	0.00381	0.00345
2	0.00767	0.15007	0.00739	0.00504	0.00643	0.00600	0.00407	0.04076	0.00882	0.03660	0.07145	0.16068	0.06762	0.00654	0.00353	0.00112	0.00253	0.03934	0.37035	0.00399
3	0.01123	0.71982	0.01905	0.00710	0.01042	0.01494	0.00683	0.14961	0.00974	0.01185	0.00612	0.00682	0.00531	0.00358	0.00275	0.00090	0.00421	0.00234	0.00206	0.00531
4	0.00740	0.00697	0.01176	0.85280	0.02700	0.00871	0.01089	0.01002	0.00784	0.01002	0.00697	0.01045	0.00523	0.00392	0.00392	0.00131	0.00523	0.00348	0.00174	0.00436
5	0.00599	0.00691	0.14791	0.00702	0.00855	0.00556	0.00639	0.00785	0.00660	0.00958	0.01001	0.01473	0.00921	0.06837	0.66072	0.00531	0.00935	0.00406	0.00204	0.00383
6	0.01017	0.00641	0.00769	0.00657	0.00842	0.00658	0.00519	0.22622	0.02321	0.16778	0.10479	0.05767	0.12630	0.05126	0.17094	0.00236	0.00463	0.00524	0.00365	0.00489
7	0.00603	0.00444	0.00598	0.00585	0.00612	0.00507	0.00418	0.00657	0.00606	0.00848	0.01112	0.06443	0.01187	0.34743	0.31197	0.06849	0.10187	0.01878	0.00224	0.00301
8	0.01402	0.01070	0.01247	0.01157	0.15217	0.01168	0.00823	0.68688	0.01682	0.02269	0.00907	0.00946	0.00659	0.00450	0.00391	0.00117	0.00437	0.00352	0.00359	0.00659
9	0.74015	0.00687	0.00565	0.00515	0.00716	0.00788	0.00410	0.01044	0.00641	0.01576	0.00569	0.00731	0.00468	0.00533	0.00461	0.15125	0.00310	0.00234	0.00230	0.00381
10	0.00579	0.00415	0.00474	0.00482	0.00598	0.00370	0.00365	0.00714	0.02662	0.05682	0.09402	0.18367	0.46670	0.00971	0.00464	0.00138	0.00225	0.07490	0.03570	0.00360
11	0.01176	0.00629	0.00828	0.00684	0.00867	0.00642	0.00554	0.05525	0.01045	0.37293	0.22028	0.01800	0.07140	0.00631	0.00564	0.00130	0.14732	0.00491	0.02720	0.00522
12	0.00668	0.00497	0.00694	0.00655	0.00708	0.00590	0.00499	0.00768	0.00634	0.04743	0.01024	0.01648	0.01002	0.21385	0.47812	0.00472	0.15187	0.00440	0.00223	0.00353
13	0.01413	0.01059	0.01133	0.00886	0.01186	0.01179	0.00726	0.70341	0.14099	0.02345	0.01040	0.01020	0.00747	0.00480	0.00393	0.00120	0.00413	0.00367	0.00393	0.00660
14	0.01145	0.00546	0.00695	0.00591	0.00773	0.00513	0.00466	0.03826	0.01007	0.37723	0.12147	0.09242	0.07069	0.02567	0.00467	0.00128	0.03670	0.00523	0.16402	0.00501
15	0.03012	0.00740	0.00930	0.02235	0.01036	0.00708	0.00599	0.19399	0.01256	0.56461	0.05222	0.01344	0.02225	0.00500	0.00393	0.00120	0.00346	0.00402	0.02439	0.00633
16	0.00974	0.00949	0.01539	0.02297	0.78147	0.04053	0.01161	0.01197	0.00897	0.01260	0.00776	0.03548	0.00677	0.00378	0.00390	0.00117	0.00468	0.00369	0.00200	0.00606
17	0.37342	0.04144	0.03917	0.00811	0.02647	0.18684	0.06881	0.03883	0.00847	0.02315	0.01581	0.02488	0.00604	0.02326	0.02886	0.00137	0.03639	0.00295	0.00232	0.04340

[dist]
# distance from previous block
# <min> <max>
0	21

[block]
# block no. 5 follows, 69 sequences, length 26
# corresponding to MSA columns:
# 620-645
name=unknown_F
#
# <colnr> <probs for GDERKNQSTAVLIFYWHMCP>
#	G	D	E	R	K	N	Q	S	T	A	V	L	I	F	Y	W	H	M	C	P
0	0.01880	0.00513	0.03238	0.00619	0.00719	0.02346	0.00487	0.02123	0.03575	0.04975	0.05113	0.42226	0.10403	0.01028	0.00484	0.00154	0.00288	0.19094	0.00361	0.00376
1	0.01169	0.35201	0.01470	0.02096	0.01114	0.06875	0.02231	0.23566	0.05985	0.03340	0.00771	0.00826	0.00613	0.00387	0.00321	0.00096	0.00422	0.00280	0.00262	0.12975
2	0.00534	0.00447	0.03286	0.00626	0.04455	0.00395	0.00432	0.00630	0.00767	0.01025	0.06614	0.45259	0.13569	0.08231	0.09591	0.02280	0.00346	0.00852	0.00322	0.00339
3	0.08017	0.23709	0.26557	0.02328	0.05818	0.03041	0.02067	0.07744	0.00909	0.07309	0.00721	0.00819	0.00554	0.00388	0.00374	0.00111	0.04409	0.00281	0.00220	0.04623
4	0.00677	0.00363	0.00523	0.00521	0.00531	0.00371	0.00350	0.00574	0.03165	0.00728	0.00765	0.01307	0.00761	0.06930	0.05698	0.75613	0.00378	0.00363	0.00184	0.00198
5	0.01061	0.00468	0.00564	0.00500	0.00658	0.00434	0.00389	0.01220	0.00919	0.30119	0.01468	0.10607	0.01166	0.00551	0.00340	0.00109	0.00240	0.00457	0.48266	0.00465
6	0.00736	0.00583	0.00909	0.26125	0.08661	0.00636	0.03704	0.00902	0.01645	0.05070	0.05056	0.11036	0.07659	0.04164	0.05679	0.06832	0.03239	0.04249	0.02709	0.00406
7	0.04985	0.01007	0.09787	0.02545	0.01271	0.06618	0.13094	0.12880	0.02366	0.31073	0.01104	0.03447	0.00789	0.00464	0.00428	0.00124	0.03893	0.00387	0.03158	0.00578
8	0.00944	0.00731	0.00838	0.00629	0.00944	0.00628	0.00505	0.10979	0.06152	0.05459	0.00878	0.00986	0.00698	0.00358	0.00317	0.00077	0.00306	0.01496	0.05311	0.61762
9	0.00971	0.61446	0.26387	0.00803	0.01211	0.01361	0.00901	0.01194	0.00806	0.01017	0.00592	0.00688	0.00501	0.00346	0.00287	0.00096	0.00467	0.00233	0.00167	0.00526
10	0.00762	0.00622	0.00944	0.16101	0.23843	0.00632	0.00737	0.00977	0.02664	0.05740	0.25722	0.03107	0.13911	0.00620	0.00426	0.00126	0.00338	0.01950	0.00311	0.00465
11	0.77973	0.00734	0.00587	0.00532	0.00758	0.00842	0.00431	0.04067	0.00717	0.01718	0.00703	0.08190	0.00625	0.00444	0.00271	0.00125	0.00301	0.00297	0.00259	0.00424
12	0.00485	0.00346	0.00463	0.00554	0.00580	0.00325	0.00376	0.00558	0.00758	0.01009	0.02157	0.82191	0.02577	0.01221	0.00502	0.00160	0.00234	0.04820	0.00364	0.00320
13	0.00750	0.00632	0.00738	0.00574	0.00855	0.00503	0.00450	0.00952	0.04633	0.01259	0.03880	0.09821	0.06804	0.00478	0.00339	0.00081	0.00276	0.01896	0.00272	0.64809
14	0.00902	0.00771	0.03917	0.25326	0.26762	0.00773	0.03920	0.04478	0.00907	0.09119	0.03346	0.13417	0.01024	0.00532	0.00411	0.00129	0.00431	0.01698	0.01625	0.00511
15	0.00865	0.00695	0.00818	0.00587	0.00933	0.00526	0.00471	0.01038	0.00830	0.05803	0.00743	0.00841	0.00602	0.00301	0.00296	0.00062	0.00293	0.00241	0.00246	0.83810
16	0.01048	0.86458	0.02054	0.00671	0.01006	0.01551	0.00671	0.01174	0.00797	0.00922	0.00545	0.00629	0.00503	0.00335	0.00252	0.00084	0.00419	0.00210	0.00168	0.00503
17	0.02471	0.00400	0.00524	0.01895	0.01897	0.00375	0.01541	0.00640	0.00824	0.02398	0.10147	0.53875	0.16021	0.01072	0.00481	0.00149	0.00242	0.04341	0.00362	0.00344
18	0.00760	0.00601	0.00673	0.00628	0.00775	0.00649	0.00477	0.01354	0.39771	0.01495	0.26566	0.07299	0.06801	0.00714	0.00468	0.03809	0.00254	0.00579	0.05855	0.00474
19	0.00500	0.00374	0.00449	0.00487	0.00550	0.00341	0.00338	0.00586	0.00816	0.01058	0.11874	0.38438	0.26445	0.12160	0.00681	0.00177	0.00239	0.03815	0.00355	0.00319
20	0.00569	0.00384	0.00446	0.00446	0.00453	0.00390	0.00261	0.00582	0.00576	0.00774	0.01218	0.02470	0.01384	0.78458	0.09702	0.00403	0.00443	0.00556	0.00235	0.00248
21	0.00484	0.00346	0.00458	0.00545	0.00571	0.00324	0.00367	0.00554	0.00755	0.01002	0.02185	0.79869	0.04601	0.03010	0.00532	0.00164	0.00234	0.03322	0.00361	0.00318
22	0.01052	0.49147	0.03804	0.02925	0.01082	0.06680	0.00690	0.06275	0.19248	0.01212	0.03846	0.00939	0.00785	0.00411	0.00314	0.00102	0.00413	0.00297	0.00245	0.00531
23	0.00714	0.00602	0.00605	0.00594	0.00703	0.11035	0.01757	0.00845	0.02905	0.06362	0.15281	0.32799	0.20488	0.02857	0.00492	0.00142	0.00294	0.00791	0.00357	0.00378
24	0.06265	0.25195	0.09381	0.02271	0.01170	0.01153	0.03103	0.28031	0.07743	0.02506	0.00823	0.00877	0.00632	0.00403	0.00334	0.00106	0.00416	0.00300	0.02212	0.07079
25	0.02391	0.08032	0.10175	0.00756	0.03455	0.01668	0.01698	0.04803	0.04580	0.11773	0.07573	0.05331	0.02192	0.00493	0.00365	0.00104	0.00353	0.05234	0.00296	0.28729

[dist]
# distance from previous block
# <min> <max>
0	7

[block]
# block no. 6 follows, 69 sequences, length 30
# corresponding to MSA columns:
# 653-662,664-677,679-684
name=unknown_G
#
# <colnr> <probs for GDERKNQSTAVLIFYWHMCP>
#	G	D	E	R	K	N	Q	S	T	A	V	L	I	F	Y	W	H	M	C	P
0	0.01331	0.00733	0.00818	0.00689	0.00921	0.08127	0.00548	0.04246	0.08366	0.45400	0.02831	0.09587	0.11067	0.00633	0.00414	0.00127	0.00341	0.02845	0.00419	0.00558
1	0.02890	0.08668	0.10476	0.09907	0.07107	0.02182	0.05560	0.14590	0.02636	0.22168	0.01049	0.01198	0.00776	0.00450	0.00378	0.00120	0.00431	0.03844	0.05004	0.00568
2	0.01106	0.06094	0.05223	0.10224	0.24894	0.06813	0.06902	0.08008	0.05873	0.13980	0.00997	0.06415	0.00804	0.00454	0.00392	0.00121	0.00458	0.00401	0.00274	0.00565
3	0.00750	0.00707	0.01193	0.81804	0.06100	0.00874	0.01094	0.01010	0.00788	0.01013	0.00699	0.01042	0.00527	0.00390	0.00392	0.00130	0.00520	0.00348	0.00175	0.00443
4	0.36924	0.00959	0.09551	0.04256	0.17768	0.00922	0.02402	0.09195	0.00886	0.08031	0.00727	0.00844	0.00550	0.00400	0.00378	0.00124	0.05014	0.00293	0.00251	0.00526
5	0.72432	0.04335	0.00731	0.00589	0.00841	0.05447	0.01982	0.03578	0.00757	0.05508	0.00612	0.00689	0.00468	0.00373	0.00264	0.00119	0.00342	0.00232	0.00252	0.00450
6	0.00593	0.00384	0.00511	0.00511	0.00534	0.00406	0.00342	0.00598	0.00575	0.00789	0.01047	0.01920	0.01111	0.39984	0.28211	0.20960	0.00584	0.00469	0.00213	0.00258
7	0.88991	0.00758	0.00576	0.00516	0.00758	0.00879	0.00425	0.01152	0.00667	0.01759	0.00546	0.00637	0.00425	0.00364	0.00243	0.00121	0.00303	0.00212	0.00243	0.00425
8	0.07872	0.25894	0.21408	0.00877	0.03144	0.04099	0.04703	0.03018	0.08845	0.06213	0.02472	0.07150	0.00816	0.00459	0.00357	0.00115	0.01430	0.00360	0.00242	0.00525
9	0.00786	0.02028	0.84191	0.01117	0.01697	0.00910	0.01448	0.01242	0.00828	0.01242	0.00704	0.00828	0.00497	0.00372	0.00372	0.00124	0.00579	0.00290	0.00166	0.00579
10	0.00712	0.00643	0.01021	0.51499	0.11776	0.00731	0.00889	0.00929	0.00838	0.02184	0.05678	0.04072	0.16365	0.00546	0.00412	0.00130	0.00426	0.00480	0.00235	0.00434
11	0.00569	0.00437	0.00646	0.00645	0.00707	0.00514	0.00499	0.00701	0.00638	0.00919	0.01111	0.08316	0.01085	0.02682	0.73434	0.00568	0.05484	0.00472	0.00220	0.00352
12	0.00821	0.13113	0.73407	0.01059	0.01606	0.00995	0.01346	0.01233	0.00824	0.01200	0.00683	0.00802	0.00497	0.00368	0.00357	0.00119	0.00558	0.00279	0.00166	0.00569
13	0.01051	0.01043	0.01259	0.06393	0.27743	0.15404	0.06190	0.07705	0.20518	0.01381	0.02931	0.03827	0.00888	0.00460	0.00397	0.00122	0.00469	0.01387	0.00271	0.00560
14	0.04212	0.02978	0.11174	0.11141	0.09874	0.02590	0.03241	0.07756	0.03713	0.07296	0.16575	0.06713	0.08825	0.00578	0.00406	0.00124	0.00380	0.00496	0.00304	0.01624
15	0.04161	0.10467	0.35512	0.01010	0.07103	0.03102	0.03847	0.04274	0.05760	0.09820	0.00867	0.00946	0.00639	0.00391	0.00353	0.00113	0.00464	0.00311	0.05603	0.05256
16	0.00574	0.00407	0.00505	0.00534	0.00586	0.00401	0.00388	0.00673	0.01828	0.01002	0.08187	0.10102	0.09270	0.36921	0.04257	0.00270	0.00355	0.23122	0.00310	0.00307
17	0.00901	0.01019	0.02214	0.01593	0.01970	0.00956	0.77984	0.01218	0.00916	0.01242	0.00866	0.05582	0.00701	0.00378	0.00465	0.00134	0.00638	0.00497	0.00207	0.00518
18	0.02387	0.05889	0.16743	0.15839	0.17531	0.02598	0.07892	0.09465	0.00956	0.05643	0.00936	0.08889	0.00808	0.00477	0.00396	0.00125	0.00478	0.02174	0.00240	0.00533
19	0.00880	0.01979	0.05649	0.29117	0.40282	0.01815	0.02978	0.02279	0.01752	0.02493	0.03213	0.02717	0.02317	0.00412	0.00394	0.00123	0.00475	0.00382	0.00209	0.00536
20	0.00597	0.00409	0.00526	0.00496	0.00597	0.00376	0.00376	0.00776	0.01082	0.04173	0.71259	0.02910	0.07960	0.00797	0.00455	0.00124	0.00195	0.02822	0.03693	0.00377
21	0.02919	0.00718	0.02490	0.45124	0.19125	0.00804	0.00968	0.01016	0.00793	0.03734	0.00866	0.07165	0.00750	0.00712	0.09002	0.00181	0.02553	0.00408	0.00207	0.00467
22	0.02658	0.12670	0.27246	0.06527	0.08226	0.04094	0.10982	0.08925	0.03826	0.03644	0.00842	0.05471	0.00687	0.00433	0.00394	0.00121	0.02118	0.00366	0.00225	0.00545
23	0.01689	0.00666	0.02958	0.02043	0.06247	0.02140	0.15127	0.02601	0.03557	0.11905	0.05212	0.28076	0.08904	0.00734	0.00438	0.00134	0.00355	0.00673	0.06087	0.00454
24	0.00563	0.00383	0.00457	0.00466	0.00478	0.00389	0.00285	0.00589	0.00599	0.00806	0.01307	0.09002	0.01486	0.68248	0.11089	0.00386	0.00443	0.02518	0.00247	0.00259
25	0.04828	0.05299	0.07445	0.03872	0.14440	0.00756	0.10317	0.03368	0.04263	0.03016	0.01120	0.13587	0.02893	0.02898	0.05773	0.09498	0.03039	0.02892	0.00246	0.00450
26	0.09335	0.01948	0.11618	0.14565	0.13721	0.05376	0.07912	0.04754	0.05423	0.09952	0.02136	0.03651	0.04012	0.00459	0.00384	0.00124	0.00450	0.01294	0.02363	0.00523
27	0.00542	0.00392	0.00498	0.00542	0.00611	0.00372	0.00401	0.00687	0.02829	0.01194	0.20709	0.37641	0.11844	0.02718	0.00512	0.00152	0.00239	0.13794	0.03978	0.00346
28	0.06819	0.00673	0.04545	0.07050	0.04978	0.01489	0.05653	0.10394	0.00908	0.04169	0.05798	0.22301	0.02698	0.15550	0.00692	0.00176	0.00365	0.01421	0.03902	0.00419
29	0.03927	0.21751	0.08762	0.02519	0.10376	0.08428	0.10705	0.05717	0.05939	0.04477	0.00934	0.03860	0.00824	0.03644	0.00431	0.00127	0.00470	0.06353	0.00242	0.00514

[dist]
# distance from previous block
# <min> <max>
0	92

[block]
# block no. 7 follows, 69 sequences, length 9
# corresponding to MSA columns:
# 782-790
name=unknown_H
#
# <colnr> <probs for GDERKNQSTAVLIFYWHMCP>
#	G	D	E	R	K	N	Q	S	T	A	V	L	I	F	Y	W	H	M	C	P
0	0.13558	0.07380	0.26268	0.03290	0.09197	0.04182	0.04990	0.08098	0.06740	0.04681	0.02147	0.00941	0.00653	0.00474	0.02533	0.00134	0.03635	0.00320	0.00237	0.00544
1	0.15776	0.12519	0.15966	0.06389	0.03192	0.06150	0.05891	0.07630	0.02384	0.05747	0.02939	0.01009	0.02871	0.00550	0.04600	0.00143	0.03841	0.00326	0.00239	0.01837
2	0.07926	0.09511	0.21339	0.06016	0.06029	0.03429	0.02587	0.13528	0.03192	0.08236	0.02347	0.02641	0.02727	0.00503	0.02739	0.00129	0.00460	0.00344	0.00261	0.06055
3	0.04838	0.17525	0.08518	0.09284	0.04818	0.13584	0.00789	0.06870	0.06671	0.01215	0.02354	0.02538	0.02862	0.00500	0.01944	0.00124	0.08925	0.00330	0.00228	0.06083
4	0.02330	0.00416	0.00534	0.02176	0.00645	0.00415	0.00407	0.00723	0.06067	0.01073	0.12644	0.21771	0.09426	0.05098	0.00815	0.22970	0.00282	0.09852	0.02040	0.00314
5	0.00716	0.00642	0.04028	0.08870	0.08473	0.00622	0.06802	0.02545	0.03251	0.02944	0.28413	0.05460	0.08984	0.00809	0.05027	0.03426	0.05284	0.01437	0.01841	0.00427
6	0.00685	0.00643	0.05762	0.03554	0.06667	0.03549	0.00545	0.00927	0.08082	0.03446	0.26094	0.04497	0.24857	0.03034	0.00513	0.02632	0.00294	0.03459	0.00345	0.00414
7	0.00537	0.00419	0.00498	0.00482	0.00595	0.00376	0.00358	0.00700	0.03029	0.01293	0.37573	0.13164	0.31032	0.00945	0.02715	0.00141	0.00226	0.00761	0.00383	0.04770
8	0.01160	0.55223	0.07066	0.00793	0.01114	0.19462	0.00746	0.08396	0.00958	0.01087	0.00603	0.00686	0.00517	0.00364	0.00294	0.00093	0.00493	0.00237	0.00195	0.00512

[dist]
# distance from previous block
# <min> <max>
0	3

[block]
# block no. 8 follows, 69 sequences, length 16
# corresponding to MSA columns:
# 797-812
name=unknown_I
#
# <colnr> <probs for GDERKNQSTAVLIFYWHMCP>
#	G	D	E	R	K	N	Q	S	T	A	V	L	I	F	Y	W	H	M	C	P
0	0.08383	0.00899	0.05916	0.13371	0.26324	0.03982	0.08859	0.03391	0.03433	0.07298	0.01018	0.06656	0.03521	0.02819	0.00434	0.00130	0.00449	0.00417	0.00246	0.02454
1	0.09123	0.06347	0.06034	0.00881	0.03871	0.03530	0.00730	0.39111	0.17956	0.03863	0.00988	0.00992	0.00730	0.00447	0.00365	0.00117	0.00405	0.00340	0.00337	0.03833
2	0.00614	0.00609	0.08005	0.06591	0.02421	0.00486	0.04918	0.00791	0.00922	0.03499	0.24240	0.13485	0.26444	0.02458	0.00483	0.00138	0.00296	0.02867	0.00340	0.00393
3	0.00921	0.27137	0.37083	0.04223	0.09155	0.01060	0.02293	0.01220	0.01791	0.05042	0.00815	0.00918	0.03221	0.00384	0.00341	0.00110	0.00484	0.00298	0.00196	0.03308
4	0.00901	0.06528	0.39750	0.01097	0.05054	0.00882	0.12630	0.02414	0.03481	0.08113	0.09419	0.01228	0.00957	0.00452	0.00426	0.00125	0.03313	0.02441	0.00241	0.00547
5	0.00543	0.00398	0.00511	0.00496	0.00587	0.00365	0.00372	0.00711	0.01055	0.01466	0.66820	0.08936	0.11518	0.00861	0.00468	0.00129	0.00196	0.03787	0.00417	0.00362
6	0.02299	0.00887	0.10904	0.01930	0.04044	0.00789	0.00718	0.10637	0.10547	0.29117	0.02871	0.01313	0.02490	0.04925	0.00583	0.01733	0.09243	0.00394	0.04014	0.00563
7	0.02960	0.15518	0.22217	0.07410	0.12779	0.02318	0.06090	0.07342	0.02353	0.08439	0.00976	0.05511	0.03520	0.00448	0.00372	0.00118	0.00465	0.00376	0.00241	0.00546
8	0.01707	0.13859	0.20457	0.09095	0.11242	0.02670	0.04537	0.02360	0.03443	0.05674	0.04518	0.07293	0.07163	0.00530	0.00389	0.00123	0.00438	0.03747	0.00249	0.00506
9	0.00566	0.00410	0.00470	0.00454	0.00576	0.00356	0.00341	0.00693	0.00966	0.05847	0.29222	0.08640	0.48206	0.00918	0.00462	0.00131	0.00204	0.00784	0.00392	0.00361
10	0.02806	0.00524	0.02259	0.06608	0.02503	0.01612	0.03254	0.02259	0.03301	0.03568	0.07846	0.11557	0.02689	0.02618	0.02567	0.38341	0.01895	0.03221	0.00251	0.00319
11	0.05406	0.10735	0.18358	0.05271	0.14907	0.12972	0.03137	0.05810	0.04002	0.07321	0.04042	0.00969	0.00718	0.00411	0.00384	0.00115	0.02571	0.00323	0.00237	0.02311
12	0.02925	0.00680	0.05432	0.07302	0.03697	0.00635	0.05884	0.04101	0.08907	0.08904	0.12722	0.14754	0.09204	0.03627	0.00536	0.02576	0.03074	0.00581	0.03084	0.01376
13	0.00706	0.00464	0.00565	0.00514	0.00650	0.00427	0.00393	0.04117	0.02685	0.10392	0.47773	0.04298	0.23899	0.00806	0.00452	0.00126	0.00218	0.00693	0.00417	0.00408
14	0.02721	0.05447	0.20087	0.04436	0.07555	0.04492	0.11647	0.07145	0.02506	0.05069	0.02305	0.17929	0.02479	0.00621	0.01980	0.00139	0.02174	0.00507	0.00259	0.00502
15	0.08201	0.17098	0.09269	0.08419	0.07299	0.04908	0.05639	0.04239	0.03469	0.06953	0.00833	0.05278	0.00694	0.00410	0.00342	0.00106	0.00425	0.00334	0.00239	0.15846

[dist]
# distance from previous block
# <min> <max>
0	610

# created by:
# /home/cegg/simao/soft/augustus-3.2.1/scripts/msa2prfl.pl ./align_prep/EOG092C4VOX.fa
