[name]
unknown

[dist]
# distance from previous block
# <min> <max>
8	83

[block]
# block no. 0 follows, 73 sequences, length 6
# corresponding to MSA columns:
# 115-120
name=unknown_A
#
# <colnr> <probs for GDERKNQSTAVLIFYWHMCP>
#	G	D	E	R	K	N	Q	S	T	A	V	L	I	F	Y	W	H	M	C	P
0	0.01170	0.21788	0.01388	0.00908	0.01178	0.36844	0.10638	0.08413	0.03651	0.01120	0.00654	0.00752	0.00535	0.00361	0.00326	0.00095	0.00532	0.00268	0.00210	0.09167
1	0.00931	0.03593	0.01168	0.01070	0.12075	0.06868	0.15898	0.04053	0.21435	0.06242	0.01140	0.03203	0.00984	0.10435	0.03326	0.00166	0.00447	0.06194	0.00278	0.00493
2	0.59146	0.00954	0.11778	0.00648	0.00937	0.00914	0.00600	0.18497	0.00897	0.01762	0.00622	0.00695	0.00464	0.00371	0.00279	0.00116	0.00351	0.00241	0.00253	0.00475
3	0.00999	0.12036	0.00954	0.00591	0.00913	0.00641	0.00493	0.01155	0.00839	0.18855	0.00820	0.00860	0.00625	0.00323	0.00294	0.00072	0.00303	0.00252	0.00265	0.58710
4	0.00910	0.00904	0.00838	0.00643	0.00946	0.18452	0.00504	0.01062	0.00838	0.01158	0.00648	0.00757	0.00540	0.00301	0.00291	0.00064	0.00362	0.00226	0.00216	0.70339
5	0.01231	0.27776	0.05257	0.00710	0.01004	0.00977	0.00637	0.04886	0.21358	0.30714	0.01130	0.01058	0.00809	0.00425	0.00335	0.00108	0.00354	0.00327	0.00331	0.00574

[dist]
# distance from previous block
# <min> <max>
0	8

[block]
# block no. 1 follows, 73 sequences, length 23
# corresponding to MSA columns:
# 129-151
name=unknown_B
#
# <colnr> <probs for GDERKNQSTAVLIFYWHMCP>
#	G	D	E	R	K	N	Q	S	T	A	V	L	I	F	Y	W	H	M	C	P
0	0.01040	0.02973	0.14049	0.00987	0.02575	0.14910	0.13126	0.13278	0.24054	0.03080	0.01045	0.01090	0.02922	0.00492	0.02584	0.00130	0.00487	0.00364	0.00275	0.00539
1	0.00557	0.00423	0.00500	0.00474	0.00553	0.02936	0.00343	0.00701	0.00973	0.01347	0.66030	0.02705	0.05389	0.14655	0.00676	0.00157	0.00223	0.00647	0.00375	0.00335
2	0.00529	0.00423	0.00590	0.00575	0.00658	0.00404	0.06216	0.00672	0.04277	0.01074	0.14498	0.41607	0.16351	0.06884	0.02180	0.00163	0.01394	0.00832	0.00335	0.00337
3	0.00808	0.01693	0.66704	0.01198	0.12771	0.00845	0.01281	0.01192	0.00809	0.03882	0.00703	0.00825	0.00510	0.00353	0.00355	0.00115	0.00518	0.00285	0.00175	0.04977
4	0.00554	0.00411	0.00533	0.00592	0.00684	0.00394	0.00497	0.00699	0.00854	0.01091	0.05115	0.07526	0.22507	0.03216	0.00531	0.00164	0.00296	0.53655	0.00345	0.00334
5	0.89465	0.00726	0.00551	0.00493	0.00726	0.00842	0.00406	0.01103	0.00638	0.01683	0.00522	0.00609	0.00406	0.00348	0.00232	0.00116	0.00290	0.00203	0.00232	0.00406
6	0.01122	0.01028	0.14395	0.01001	0.10127	0.00905	0.02972	0.26182	0.19399	0.12464	0.01158	0.03786	0.02792	0.00469	0.00380	0.00119	0.00396	0.00388	0.00327	0.00589
7	0.00571	0.00375	0.00447	0.00442	0.00462	0.00381	0.00272	0.00603	0.00589	0.02537	0.04234	0.02285	0.01368	0.68397	0.13066	0.00375	0.00438	0.00523	0.02376	0.00258
8	0.00690	0.00589	0.04359	0.00699	0.00846	0.00540	0.06112	0.11900	0.00994	0.01330	0.16558	0.17234	0.08395	0.00848	0.00461	0.00142	0.00319	0.27240	0.00344	0.00397
9	0.00826	0.00832	0.01212	0.01042	0.02711	0.01134	0.05115	0.00923	0.00596	0.00925	0.00511	0.00833	0.00499	0.00632	0.01173	0.00161	0.79955	0.00334	0.00166	0.00419
10	0.01386	0.05550	0.02326	0.00655	0.00963	0.00629	0.00552	0.05957	0.01014	0.53005	0.01175	0.01084	0.00786	0.00406	0.00344	0.00099	0.00322	0.00324	0.00376	0.23046
11	0.00656	0.00409	0.00468	0.00442	0.00542	0.00405	0.00334	0.03620	0.04572	0.01488	0.39709	0.02032	0.02153	0.00594	0.00355	0.00104	0.00189	0.00505	0.41051	0.00372
12	0.00776	0.01799	0.73598	0.01236	0.12829	0.00874	0.01354	0.01183	0.00801	0.01193	0.00678	0.00811	0.00491	0.00353	0.00358	0.00118	0.00540	0.00285	0.00162	0.00560
13	0.60680	0.08576	0.00803	0.00612	0.00850	0.15309	0.00502	0.06719	0.00798	0.01528	0.00558	0.00640	0.00442	0.00359	0.00261	0.00109	0.00374	0.00219	0.00229	0.00433
14	0.00829	0.19635	0.56119	0.00938	0.01398	0.01008	0.01123	0.01284	0.12012	0.01176	0.00757	0.00834	0.00567	0.00370	0.00336	0.00112	0.00487	0.00281	0.00189	0.00544
15	0.00663	0.00596	0.00600	0.00640	0.00747	0.11875	0.00526	0.00800	0.00880	0.01058	0.02257	0.08414	0.22588	0.00935	0.00473	0.00150	0.00344	0.45780	0.00326	0.00348
16	0.00521	0.00372	0.00489	0.00511	0.00573	0.00351	0.00376	0.00651	0.00896	0.01234	0.42919	0.27228	0.02879	0.07570	0.00577	0.00154	0.00226	0.11773	0.00371	0.00329
17	0.00654	0.00357	0.00369	0.00368	0.00460	0.00351	0.00277	0.00816	0.00791	0.01322	0.02956	0.01725	0.12278	0.00631	0.04537	0.00119	0.00218	0.00418	0.71007	0.00345
18	0.00966	0.00998	0.17501	0.17194	0.08024	0.00835	0.05213	0.18149	0.05324	0.08836	0.12149	0.01223	0.01017	0.00448	0.00384	0.00119	0.00425	0.00384	0.00282	0.00528
19	0.01239	0.00909	0.00989	0.02988	0.01080	0.00988	0.00644	0.64348	0.01553	0.04056	0.01352	0.05014	0.12040	0.00548	0.00389	0.00117	0.00374	0.00432	0.00367	0.00574
20	0.00713	0.00599	0.00697	0.12121	0.00990	0.00646	0.00526	0.06524	0.27851	0.01323	0.10547	0.06194	0.28393	0.00688	0.00411	0.00126	0.00281	0.00582	0.00343	0.00445
21	0.01099	0.04687	0.00924	0.00815	0.00976	0.48468	0.00621	0.03185	0.02279	0.02891	0.01071	0.17201	0.03187	0.00598	0.00403	0.00114	0.03112	0.05401	0.00248	0.02719
22	0.02095	0.00734	0.03765	0.00687	0.02369	0.00698	0.00546	0.01429	0.37873	0.05328	0.12271	0.01403	0.02820	0.00472	0.00358	0.00104	0.00286	0.00395	0.00330	0.26037

[dist]
# distance from previous block
# <min> <max>
0	2

[block]
# block no. 2 follows, 73 sequences, length 22
# corresponding to MSA columns:
# 154-167,173-180
name=unknown_C
#
# <colnr> <probs for GDERKNQSTAVLIFYWHMCP>
#	G	D	E	R	K	N	Q	S	T	A	V	L	I	F	Y	W	H	M	C	P
0	0.00847	0.00807	0.01328	0.01953	0.68361	0.00807	0.01002	0.01045	0.00846	0.01181	0.01196	0.01356	0.14028	0.00443	0.00410	0.00116	0.03112	0.00408	0.00211	0.00544
1	0.00485	0.00382	0.00437	0.00423	0.00532	0.00334	0.00317	0.00618	0.00952	0.01244	0.41592	0.03231	0.46387	0.00864	0.00443	0.00123	0.00184	0.00739	0.00379	0.00334
2	0.00778	0.00667	0.00778	0.00556	0.00889	0.00500	0.00445	0.00945	0.00778	0.01223	0.00667	0.00778	0.00556	0.00278	0.00278	0.00056	0.00278	0.00222	0.00222	0.89108
3	0.00602	0.00507	0.00815	0.00736	0.00824	0.00590	0.08417	0.00745	0.00626	0.00904	0.00927	0.01374	0.00860	0.03926	0.66077	0.00503	0.10612	0.00400	0.00196	0.00358
4	0.00546	0.00364	0.00409	0.00409	0.00409	0.00364	0.00227	0.00546	0.00546	0.00727	0.01182	0.02455	0.01364	0.86815	0.01910	0.00364	0.00364	0.00546	0.00227	0.00227
5	0.01402	0.01759	0.01066	0.00962	0.01160	0.81967	0.00724	0.04743	0.01091	0.00976	0.00593	0.00685	0.00489	0.00389	0.00340	0.00097	0.00666	0.00245	0.00201	0.00443
6	0.01661	0.00644	0.00870	0.00670	0.00958	0.00563	0.00553	0.01833	0.03575	0.82220	0.01482	0.01281	0.00935	0.00466	0.00377	0.00116	0.00319	0.00379	0.00462	0.00637
7	0.15009	0.00695	0.00874	0.00650	0.00953	0.00595	0.09161	0.00976	0.00759	0.01271	0.00703	0.00920	0.00602	0.04094	0.00364	0.00089	0.00322	0.01945	0.00223	0.59796
8	0.00457	0.00383	0.00399	0.00402	0.00524	0.00325	0.00306	0.00561	0.00868	0.01050	0.08718	0.03592	0.75052	0.00943	0.00447	0.00129	0.00197	0.04974	0.00352	0.00321
9	0.00538	0.00394	0.00564	0.00564	0.00618	0.00448	0.00420	0.00645	0.00591	0.00842	0.01040	0.01671	0.01023	0.19668	0.68591	0.00555	0.00876	0.00431	0.00206	0.00313
10	0.14742	0.00391	0.00454	0.00518	0.00573	0.00391	0.00358	0.00616	0.00705	0.01074	0.01820	0.72775	0.02148	0.01043	0.00439	0.00147	0.00229	0.00928	0.00330	0.00321
11	0.00809	0.01734	0.69110	0.01068	0.01582	0.00852	0.08194	0.02553	0.00825	0.04133	0.00712	0.00829	0.00506	0.00354	0.00361	0.00116	0.00536	0.00293	0.00179	0.05255
12	0.15523	0.01572	0.00977	0.00882	0.01085	0.67280	0.00670	0.03617	0.03209	0.01097	0.00604	0.00691	0.00493	0.00385	0.00323	0.00101	0.00597	0.00243	0.00209	0.00440
13	0.00916	0.01089	0.14884	0.02061	0.68428	0.03674	0.01175	0.01169	0.00851	0.01210	0.00696	0.00898	0.00572	0.00340	0.00368	0.00112	0.00471	0.00322	0.00182	0.00583
14	0.01026	0.00827	0.00950	0.14443	0.01266	0.02753	0.01808	0.16120	0.45901	0.06002	0.01235	0.01220	0.00912	0.00467	0.00375	0.00122	0.00360	0.00386	0.03265	0.00563
15	0.01075	0.00890	0.03075	0.01203	0.14642	0.04488	0.23368	0.11408	0.02826	0.15995	0.04967	0.04834	0.00877	0.00426	0.00391	0.00114	0.00442	0.00408	0.00284	0.08286
16	0.00474	0.00381	0.00423	0.00412	0.00526	0.00330	0.00309	0.00598	0.00928	0.01186	0.32062	0.03327	0.55954	0.00886	0.00443	0.00124	0.00185	0.00752	0.00371	0.00330
17	0.75377	0.00712	0.00603	0.00521	0.00763	0.00795	0.00430	0.01219	0.00708	0.15012	0.00676	0.00717	0.00490	0.00367	0.00255	0.00116	0.00295	0.00231	0.00269	0.00444
18	0.00941	0.14717	0.01594	0.02036	0.71072	0.00987	0.01070	0.01147	0.00840	0.01171	0.00676	0.00876	0.00576	0.00332	0.00350	0.00106	0.00439	0.00313	0.00182	0.00576
19	0.00506	0.00383	0.00467	0.00446	0.00545	0.00343	0.00335	0.00660	0.01004	0.01366	0.61528	0.03031	0.26375	0.00819	0.00443	0.00120	0.00181	0.00711	0.00395	0.00343
20	0.00974	0.73203	0.01835	0.00697	0.00966	0.01431	0.00671	0.01088	0.00732	0.00886	0.00517	0.00637	0.00483	0.00375	0.00400	0.00094	0.14159	0.00221	0.00161	0.00470
21	0.00752	0.01941	0.84871	0.01069	0.01624	0.00871	0.01386	0.01188	0.00792	0.01188	0.00673	0.00792	0.00475	0.00356	0.00356	0.00119	0.00554	0.00277	0.00158	0.00554

[dist]
# distance from previous block
# <min> <max>
0	26

[block]
# block no. 3 follows, 73 sequences, length 7
# corresponding to MSA columns:
# 207-213
name=unknown_D
#
# <colnr> <probs for GDERKNQSTAVLIFYWHMCP>
#	G	D	E	R	K	N	Q	S	T	A	V	L	I	F	Y	W	H	M	C	P
0	0.00463	0.00381	0.00407	0.00400	0.00519	0.00325	0.00300	0.00576	0.00900	0.01121	0.21432	0.03434	0.66624	0.00910	0.00443	0.00125	0.00187	0.00767	0.00363	0.00325
1	0.00479	0.00336	0.00429	0.00495	0.00511	0.00319	0.00319	0.00528	0.00676	0.00902	0.01852	0.66051	0.02209	0.22067	0.00828	0.00204	0.00253	0.00939	0.00319	0.00286
2	0.89465	0.00726	0.00551	0.00493	0.00726	0.00842	0.00406	0.01103	0.00638	0.01683	0.00522	0.00609	0.00406	0.00348	0.00232	0.00116	0.00290	0.00203	0.00232	0.00406
3	0.00807	0.00710	0.00922	0.00894	0.17080	0.00576	0.00581	0.00985	0.00793	0.01223	0.00674	0.00807	0.00563	0.00289	0.00296	0.00066	0.00310	0.00244	0.00215	0.71962
4	0.00487	0.00369	0.00429	0.00459	0.00528	0.00337	0.00327	0.00568	0.00770	0.00976	0.06033	0.24393	0.35442	0.17641	0.00744	0.00184	0.00247	0.09438	0.00327	0.00301
5	0.06162	0.18244	0.01210	0.00878	0.01098	0.64431	0.00691	0.01404	0.00982	0.00953	0.00565	0.00658	0.00479	0.00372	0.00314	0.00095	0.00602	0.00232	0.00189	0.00442
6	0.00907	0.21994	0.29185	0.01141	0.01554	0.04029	0.30712	0.04077	0.00862	0.01152	0.00673	0.00826	0.00517	0.00338	0.00360	0.00111	0.00545	0.00320	0.00179	0.00518

[dist]
# distance from previous block
# <min> <max>
0	1

[block]
# block no. 4 follows, 73 sequences, length 48
# corresponding to MSA columns:
# 215-228,233-266
name=unknown_E
#
# <colnr> <probs for GDERKNQSTAVLIFYWHMCP>
#	G	D	E	R	K	N	Q	S	T	A	V	L	I	F	Y	W	H	M	C	P
0	0.00530	0.00382	0.00497	0.00471	0.00555	0.00354	0.00350	0.00700	0.01040	0.01471	0.80304	0.04140	0.03454	0.03517	0.00490	0.00126	0.00184	0.00681	0.00406	0.00349
1	0.00577	0.00428	0.00591	0.00579	0.00635	0.00488	0.00432	0.03281	0.00629	0.00889	0.01042	0.01711	0.01034	0.22771	0.58577	0.00509	0.03621	0.01669	0.00214	0.00321
2	0.00742	0.00411	0.00489	0.00454	0.00504	0.00396	0.00283	0.00767	0.00637	0.15244	0.01234	0.02252	0.01289	0.71893	0.01645	0.00321	0.00356	0.00517	0.00268	0.00298
3	0.01059	0.00868	0.00919	0.00789	0.01024	0.00992	0.00624	0.22714	0.62872	0.01772	0.01367	0.01272	0.01016	0.00494	0.00380	0.00124	0.00326	0.00402	0.00380	0.00605
4	0.00467	0.00381	0.00413	0.00405	0.00521	0.00327	0.00304	0.00585	0.00912	0.01148	0.25831	0.03389	0.62208	0.00900	0.00443	0.00124	0.00186	0.00761	0.00366	0.00327
5	0.00929	0.00877	0.01406	0.02037	0.70046	0.00899	0.01055	0.01297	0.15187	0.01285	0.00848	0.01010	0.00689	0.00364	0.00373	0.00114	0.00420	0.00350	0.00220	0.00594
6	0.00667	0.00527	0.00618	0.00539	0.00743	0.00444	0.00433	0.00846	0.03386	0.01181	0.01628	0.06034	0.15511	0.00616	0.00368	0.00102	0.00265	0.17402	0.08760	0.39931
7	0.05238	0.19107	0.08922	0.00926	0.01261	0.01101	0.15087	0.32192	0.03748	0.07659	0.00820	0.00877	0.00605	0.00390	0.00351	0.00110	0.00445	0.00321	0.00279	0.00563
8	0.16183	0.11354	0.46404	0.00923	0.03362	0.01895	0.03690	0.01210	0.02150	0.05850	0.00691	0.00784	0.00509	0.00355	0.00324	0.00112	0.00467	0.00268	0.00196	0.03275
9	0.74165	0.00754	0.00719	0.00806	0.15198	0.00850	0.00535	0.01111	0.00676	0.01604	0.00554	0.00665	0.00439	0.00346	0.00256	0.00115	0.00317	0.00226	0.00224	0.00439
10	0.00494	0.00379	0.00456	0.00480	0.00570	0.00343	0.00366	0.00613	0.00871	0.01124	0.20661	0.19090	0.36050	0.02270	0.00485	0.00141	0.00222	0.14698	0.00360	0.00326
11	0.00759	0.15616	0.01382	0.00971	0.05351	0.01976	0.28056	0.00965	0.00917	0.01226	0.28996	0.03229	0.07107	0.00531	0.00411	0.00115	0.01178	0.00505	0.00273	0.00437
12	0.01428	0.00605	0.00788	0.00618	0.00882	0.00523	0.00505	0.03501	0.01041	0.65132	0.01836	0.01652	0.15318	0.00541	0.00385	0.00116	0.00298	0.00442	0.00433	0.03954
13	0.05073	0.05434	0.03270	0.00815	0.02589	0.02974	0.00661	0.29702	0.37011	0.06762	0.01152	0.01103	0.00847	0.00459	0.00363	0.00117	0.00362	0.00360	0.00352	0.00593
14	0.01345	0.01016	0.01190	0.01108	0.15556	0.01105	0.00786	0.67533	0.01594	0.03694	0.00878	0.00913	0.00636	0.00431	0.00375	0.00112	0.00417	0.00338	0.00344	0.00630
15	0.00544	0.00370	0.00443	0.00443	0.00454	0.00382	0.00269	0.00567	0.00556	0.00752	0.01151	0.02286	0.01290	0.72299	0.16325	0.00405	0.00475	0.00521	0.00223	0.00246
16	0.00950	0.00949	0.01594	0.03418	0.55540	0.04652	0.17795	0.02811	0.03257	0.01906	0.00738	0.00948	0.00599	0.00351	0.00409	0.00116	0.02854	0.00355	0.00198	0.00562
17	0.01015	0.05719	0.14831	0.00948	0.12098	0.01421	0.01997	0.09161	0.04431	0.14309	0.02836	0.00963	0.00708	0.00392	0.01092	0.00100	0.00385	0.00305	0.00266	0.27024
18	0.77681	0.06747	0.02187	0.00565	0.02586	0.02962	0.00464	0.01117	0.00665	0.01590	0.00530	0.00621	0.00419	0.00347	0.00241	0.00113	0.00315	0.00208	0.00224	0.00419
19	0.01076	0.72181	0.01821	0.00680	0.00998	0.01429	0.00654	0.15311	0.00935	0.01139	0.00587	0.00653	0.00509	0.00343	0.00264	0.00086	0.00403	0.00224	0.00198	0.00509
20	0.00819	0.00771	0.01259	0.04853	0.63252	0.00764	0.00958	0.01016	0.00850	0.01175	0.01343	0.01485	0.17666	0.00463	0.00385	0.00115	0.00392	0.00428	0.01480	0.00528
21	0.00540	0.00372	0.00446	0.00434	0.00469	0.00360	0.00278	0.00610	0.00750	0.01036	0.34128	0.02593	0.02227	0.52698	0.01328	0.00266	0.00290	0.00598	0.00301	0.00278
22	0.00572	0.00441	0.00659	0.15311	0.00958	0.00514	0.00528	0.00708	0.00626	0.00881	0.00977	0.01526	0.00922	0.14009	0.56607	0.00472	0.00805	0.00409	0.02740	0.00335
23	0.00660	0.00422	0.00470	0.00439	0.00587	0.00357	0.00335	0.00763	0.00889	0.15486	0.04633	0.07474	0.64361	0.00875	0.00434	0.00126	0.00214	0.00732	0.00369	0.00372
24	0.45723	0.15678	0.00940	0.00606	0.00874	0.00956	0.00520	0.14230	0.00910	0.15385	0.00741	0.00765	0.00542	0.00379	0.00280	0.00109	0.00334	0.00253	0.00281	0.00494
25	0.27345	0.03536	0.03042	0.00949	0.15386	0.02223	0.02181	0.16087	0.04293	0.05434	0.00741	0.00822	0.00569	0.00364	0.00312	0.00104	0.00361	0.00277	0.00260	0.15715
26	0.00882	0.57785	0.15606	0.00673	0.00978	0.01188	0.00695	0.01034	0.00730	0.00907	0.00661	0.00954	0.00633	0.15273	0.00549	0.00136	0.00420	0.00273	0.00172	0.00450
27	0.00878	0.00840	0.01432	0.21401	0.65769	0.00878	0.01126	0.01107	0.00830	0.01165	0.00697	0.00945	0.00573	0.00344	0.00372	0.00115	0.00458	0.00334	0.00181	0.00554
28	0.00519	0.00355	0.00457	0.00546	0.03137	0.00339	0.00359	0.00621	0.01725	0.01051	0.01928	0.65536	0.04753	0.01007	0.00436	0.00139	0.00217	0.00904	0.15645	0.00325
29	0.00459	0.00330	0.00437	0.00522	0.00548	0.00307	0.00351	0.00527	0.00724	0.00962	0.02107	0.83108	0.04416	0.01168	0.00479	0.00152	0.00219	0.02529	0.00348	0.00306
30	0.00890	0.00733	0.00838	0.00609	0.00937	0.00615	0.00491	0.15163	0.00948	0.01420	0.00707	0.00799	0.00570	0.00308	0.00295	0.00065	0.00301	0.00242	0.00249	0.73820
31	0.00472	0.00353	0.00414	0.00455	0.00508	0.00322	0.00306	0.00535	0.00730	0.00932	0.02459	0.41414	0.29179	0.18287	0.00755	0.00187	0.00239	0.01836	0.00324	0.00294
32	0.00825	0.26580	0.60867	0.00946	0.01432	0.01049	0.01171	0.01169	0.00783	0.01100	0.00629	0.00737	0.00477	0.00346	0.00323	0.00108	0.00510	0.00255	0.00159	0.00533
33	0.00742	0.00701	0.01186	0.73152	0.15082	0.00842	0.01059	0.00988	0.00766	0.00999	0.00673	0.00989	0.00514	0.00369	0.00375	0.00123	0.00492	0.00334	0.00170	0.00444
34	0.00543	0.00367	0.00425	0.00420	0.00435	0.00362	0.00249	0.00574	0.00635	0.00862	0.15541	0.02515	0.01740	0.71945	0.01656	0.00321	0.00331	0.00569	0.00259	0.00249
35	0.00541	0.00429	0.00624	0.00825	0.15050	0.00410	0.00488	0.00639	0.00756	0.01018	0.03156	0.64886	0.06335	0.01010	0.00459	0.00144	0.00257	0.02294	0.00321	0.00357
36	0.16125	0.00691	0.00750	0.00558	0.00870	0.00587	0.00449	0.03266	0.02583	0.01341	0.00667	0.00766	0.00545	0.00300	0.00275	0.00069	0.00284	0.00227	0.00232	0.69418
37	0.01035	0.00827	0.01390	0.05382	0.61277	0.00816	0.04082	0.01245	0.00885	0.15637	0.00878	0.03359	0.00699	0.00381	0.00378	0.00114	0.00427	0.00366	0.00238	0.00583
38	0.00886	0.00861	0.00827	0.00627	0.00936	0.15155	0.00493	0.01040	0.00827	0.01170	0.00652	0.00760	0.00543	0.00297	0.00288	0.00063	0.00347	0.00226	0.00217	0.73785
39	0.00939	0.00848	0.01326	0.01853	0.61105	0.00857	0.00982	0.01300	0.15192	0.03951	0.01871	0.01034	0.00733	0.00370	0.00368	0.00111	0.00402	0.00348	0.00234	0.06176
40	0.04790	0.00708	0.04349	0.00683	0.00892	0.00673	0.02217	0.05799	0.03757	0.10384	0.20160	0.01400	0.03251	0.00517	0.00509	0.00110	0.15120	0.00396	0.00297	0.23987
41	0.00902	0.00713	0.05391	0.00643	0.00898	0.00612	0.00537	0.01266	0.18747	0.14204	0.11729	0.04374	0.02035	0.01404	0.00395	0.00102	0.02799	0.00394	0.00319	0.32535
42	0.33642	0.00694	0.00742	0.00682	0.08008	0.00661	0.00489	0.01040	0.02638	0.02716	0.03333	0.00892	0.02928	0.00351	0.00283	0.00089	0.00292	0.00262	0.00240	0.40019
43	0.34709	0.00739	0.02626	0.00977	0.21904	0.00724	0.00619	0.01058	0.01659	0.03669	0.04411	0.03352	0.04414	0.00404	0.00309	0.00105	0.00322	0.00319	0.00241	0.17439
44	0.03905	0.00933	0.01049	0.02183	0.19622	0.15346	0.02209	0.06647	0.07633	0.18750	0.05503	0.01069	0.00841	0.00409	0.00356	0.00105	0.00407	0.00336	0.00292	0.12405
45	0.05655	0.00757	0.03366	0.02122	0.29146	0.00686	0.00735	0.02973	0.02936	0.20557	0.06773	0.01152	0.00896	0.03169	0.00402	0.00111	0.00354	0.00347	0.00285	0.17579
46	0.01008	0.00752	0.02568	0.08828	0.29331	0.00706	0.00786	0.04034	0.04070	0.17904	0.05835	0.01211	0.02114	0.00414	0.00364	0.00106	0.00367	0.02122	0.00279	0.17202
47	0.09313	0.00737	0.01063	0.08605	0.34173	0.00721	0.00774	0.01030	0.00813	0.02129	0.07554	0.01024	0.00806	0.00371	0.00360	0.00099	0.02725	0.00319	0.01751	0.25632

[dist]
# distance from previous block
# <min> <max>
20	145

# created by:
# /home/cegg/simao/soft/augustus-3.2.1/scripts/msa2prfl.pl ./align_prep/EOG092C5OR3.fa
