[name]
unknown

[dist]
# distance from previous block
# <min> <max>
7	29

[block]
# block no. 0 follows, 79 sequences, length 23
# corresponding to MSA columns:
# 29-51
name=unknown_A
#
# <colnr> <probs for GDERKNQSTAVLIFYWHMCP>
#	G	D	E	R	K	N	Q	S	T	A	V	L	I	F	Y	W	H	M	C	P
0	0.03678	0.09211	0.11436	0.01176	0.24029	0.06637	0.08239	0.01128	0.10012	0.02531	0.05321	0.03121	0.02247	0.00490	0.03790	0.00125	0.03286	0.00346	0.00215	0.02984
1	0.00731	0.00626	0.00731	0.00522	0.00835	0.00470	0.00418	0.00887	0.00731	0.01148	0.00626	0.00731	0.00522	0.00261	0.00261	0.00052	0.00261	0.00209	0.00209	0.89768
2	0.00696	0.00649	0.01051	0.59474	0.06855	0.00789	0.03152	0.00956	0.05743	0.00964	0.00770	0.01202	0.00645	0.00432	0.00437	0.00124	0.08119	0.07351	0.00184	0.00407
3	0.00483	0.00386	0.00483	0.07803	0.00707	0.00375	0.00401	0.00626	0.04533	0.00972	0.03619	0.33807	0.32421	0.00913	0.00429	0.00133	0.00235	0.11041	0.00315	0.00317
4	0.00983	0.20351	0.02654	0.19947	0.02901	0.12004	0.02978	0.16610	0.15867	0.01241	0.00773	0.00862	0.00599	0.00375	0.00322	0.00103	0.00425	0.00292	0.00231	0.00483
5	0.00503	0.00378	0.00566	0.00566	0.00629	0.00441	0.00441	0.00629	0.00566	0.00818	0.00944	0.01385	0.00881	0.02643	0.86217	0.00566	0.00944	0.00378	0.00189	0.00315
6	0.01019	0.01192	0.01047	0.36882	0.06367	0.45704	0.00828	0.01177	0.00865	0.00895	0.00586	0.00776	0.00466	0.00356	0.00334	0.00103	0.00554	0.00268	0.00171	0.00410
7	0.00872	0.00782	0.00974	0.00938	0.10078	0.00874	0.07717	0.01725	0.68618	0.01410	0.01290	0.01236	0.00974	0.00445	0.00362	0.00118	0.00321	0.00391	0.00323	0.00551
8	0.00472	0.00359	0.00434	0.00415	0.00510	0.00321	0.00312	0.00613	0.00935	0.01264	0.58771	0.02879	0.29877	0.00776	0.00416	0.00113	0.00170	0.00672	0.00368	0.00321
9	0.31845	0.00828	0.00875	0.02391	0.00973	0.05949	0.07628	0.24269	0.09141	0.04987	0.07152	0.00944	0.00771	0.00403	0.00315	0.00109	0.00351	0.00310	0.00284	0.00474
10	0.56261	0.00695	0.00660	0.00547	0.00787	0.00753	0.00451	0.10779	0.00830	0.24111	0.00772	0.00771	0.00538	0.00367	0.00270	0.00109	0.00293	0.00249	0.00292	0.00465
11	0.00503	0.00365	0.00450	0.00426	0.00522	0.00328	0.00320	0.00649	0.00949	0.03224	0.62770	0.02791	0.23884	0.00757	0.00414	0.00113	0.00172	0.00658	0.00374	0.00330
12	0.01303	0.01621	0.00994	0.00898	0.01084	0.79911	0.00676	0.04725	0.03869	0.00937	0.00587	0.00667	0.00481	0.00369	0.00321	0.00092	0.00614	0.00236	0.00194	0.00421
13	0.90103	0.00682	0.00518	0.00463	0.00682	0.00791	0.00382	0.01036	0.00600	0.01581	0.00491	0.00573	0.00382	0.00327	0.00218	0.00109	0.00273	0.00191	0.00218	0.00382
14	0.00731	0.00626	0.00731	0.00522	0.00835	0.00470	0.00418	0.00887	0.00731	0.01148	0.00626	0.00731	0.00522	0.00261	0.00261	0.00052	0.00261	0.00209	0.00209	0.89768
15	0.00429	0.00307	0.00409	0.00491	0.00511	0.00286	0.00327	0.00491	0.00675	0.00900	0.01943	0.87384	0.02331	0.01104	0.00450	0.00143	0.00204	0.01002	0.00327	0.00286
16	0.00492	0.00360	0.00461	0.00436	0.00522	0.00330	0.00327	0.00652	0.00981	0.01374	0.78290	0.02697	0.10290	0.00735	0.00416	0.00112	0.00167	0.00646	0.00383	0.00330
17	0.00448	0.00358	0.00398	0.00388	0.00491	0.00311	0.00289	0.00562	0.00863	0.01107	0.32245	0.03093	0.53984	0.03352	0.00456	0.00123	0.00179	0.00700	0.00345	0.00307
18	0.00441	0.00315	0.00421	0.00498	0.00525	0.00295	0.00342	0.00512	0.00696	0.00930	0.05337	0.78890	0.02353	0.01081	0.00451	0.00143	0.00210	0.05939	0.00329	0.00290
19	0.00911	0.57294	0.24429	0.00737	0.01088	0.08446	0.00798	0.01102	0.00748	0.00909	0.00533	0.00620	0.00451	0.00316	0.00263	0.00086	0.00438	0.00211	0.00153	0.00467
20	0.04060	0.04693	0.01106	0.02309	0.07984	0.66663	0.04899	0.02477	0.00956	0.00940	0.00564	0.00674	0.00466	0.00353	0.00320	0.00094	0.00589	0.00244	0.00183	0.00427
21	0.00479	0.00359	0.00444	0.00423	0.00515	0.00324	0.00317	0.00627	0.00951	0.01304	0.65791	0.02813	0.22832	0.00761	0.00416	0.00113	0.00169	0.00663	0.00374	0.00324
22	0.00874	0.14756	0.01452	0.07447	0.61617	0.00937	0.00979	0.02568	0.00788	0.01091	0.00628	0.00823	0.00533	0.00328	0.00360	0.00103	0.03725	0.00294	0.00172	0.00524

[dist]
# distance from previous block
# <min> <max>
0	5

[block]
# block no. 1 follows, 79 sequences, length 100
# corresponding to MSA columns:
# 57-156
name=unknown_B
#
# <colnr> <probs for GDERKNQSTAVLIFYWHMCP>
#	G	D	E	R	K	N	Q	S	T	A	V	L	I	F	Y	W	H	M	C	P
0	0.00612	0.00455	0.00488	0.02082	0.00536	0.06027	0.00312	0.01437	0.00590	0.03852	0.01068	0.04216	0.01157	0.60929	0.14492	0.00339	0.00451	0.00475	0.00219	0.00265
1	0.02011	0.00572	0.00674	0.00517	0.00778	0.00444	0.00403	0.00834	0.00723	0.02361	0.00861	0.15581	0.00835	0.00409	0.00294	0.00069	0.00252	0.00347	0.00233	0.71801
2	0.00866	0.00771	0.01222	0.40277	0.26130	0.00856	0.06030	0.15397	0.01718	0.02317	0.00698	0.00912	0.00533	0.00352	0.00355	0.00112	0.00444	0.00322	0.00203	0.00485
3	0.00504	0.00374	0.00547	0.00547	0.00603	0.00430	0.00416	0.00617	0.00561	0.00803	0.00962	0.01485	0.00925	0.11925	0.76996	0.00542	0.00878	0.00392	0.00192	0.00304
4	0.01360	0.01442	0.00977	0.00855	0.01061	0.64270	0.00655	0.09976	0.01068	0.14041	0.00706	0.00744	0.00533	0.00381	0.00327	0.00095	0.00558	0.00256	0.00238	0.00458
5	0.00707	0.01823	0.85788	0.01005	0.01525	0.00818	0.01302	0.01116	0.00744	0.01116	0.00632	0.00744	0.00446	0.00335	0.00335	0.00112	0.00521	0.00260	0.00149	0.00521
6	0.00426	0.00360	0.00371	0.00376	0.00492	0.00304	0.00287	0.00520	0.00804	0.00959	0.03461	0.03429	0.79943	0.00898	0.00421	0.00122	0.00188	0.06013	0.00327	0.00299
7	0.00499	0.00360	0.00471	0.00443	0.00527	0.00333	0.00333	0.00665	0.00998	0.01413	0.85230	0.02633	0.03325	0.00721	0.00416	0.00111	0.00166	0.00637	0.00388	0.00333
8	0.01126	0.01231	0.04811	0.00933	0.02020	0.35593	0.10557	0.18177	0.11404	0.02356	0.00775	0.00877	0.00606	0.00477	0.03432	0.00122	0.03695	0.01089	0.00240	0.00478
9	0.00428	0.00310	0.00405	0.00481	0.00509	0.00287	0.00323	0.00492	0.00684	0.00903	0.02057	0.81483	0.08158	0.01089	0.00448	0.00141	0.00203	0.00984	0.00327	0.00287
10	0.00859	0.00753	0.00806	0.05289	0.00989	0.02454	0.00578	0.01764	0.75487	0.01407	0.01356	0.01285	0.01024	0.00553	0.03673	0.00136	0.00321	0.00390	0.00338	0.00537
11	0.00429	0.00307	0.00409	0.00491	0.00511	0.00286	0.00327	0.00491	0.00675	0.00900	0.01943	0.87384	0.02331	0.01104	0.00450	0.00143	0.00204	0.01002	0.00327	0.00286
12	0.00777	0.00683	0.04028	0.00553	0.00872	0.00504	0.00463	0.03539	0.00769	0.03916	0.00658	0.00750	0.00533	0.00275	0.00270	0.00058	0.00276	0.00219	0.00218	0.80638
13	0.00957	0.84500	0.01814	0.00615	0.00912	0.04669	0.00606	0.01069	0.00727	0.00830	0.00492	0.00568	0.00452	0.00304	0.00230	0.00076	0.00387	0.00190	0.00152	0.00451
14	0.85147	0.00682	0.00560	0.04234	0.00771	0.00791	0.01404	0.01031	0.00607	0.01546	0.00499	0.00593	0.00387	0.00328	0.00226	0.00110	0.00285	0.00199	0.00215	0.00383
15	0.02032	0.04243	0.00976	0.00761	0.01009	0.01013	0.00619	0.46464	0.35642	0.01855	0.01070	0.01024	0.00787	0.00440	0.00349	0.00110	0.00342	0.00344	0.00346	0.00574
16	0.00670	0.00835	0.16777	0.08069	0.10277	0.04792	0.06129	0.01720	0.04857	0.01191	0.28129	0.04390	0.09619	0.00542	0.00381	0.00113	0.00347	0.00477	0.00267	0.00419
17	0.00685	0.00646	0.01092	0.78894	0.10150	0.00788	0.00988	0.00917	0.00714	0.00924	0.00630	0.00933	0.00478	0.00349	0.00352	0.00116	0.00465	0.00313	0.00158	0.00407
18	0.15772	0.00851	0.01173	0.02245	0.07492	0.02146	0.19460	0.25360	0.07372	0.13378	0.00857	0.00910	0.00616	0.00375	0.00345	0.00111	0.00402	0.00328	0.00285	0.00524
19	0.90103	0.00682	0.00518	0.00463	0.00682	0.00791	0.00382	0.01036	0.00600	0.01581	0.00491	0.00573	0.00382	0.00327	0.00218	0.00109	0.00273	0.00191	0.00218	0.00382
20	0.00832	0.00951	0.02080	0.01485	0.01842	0.00891	0.84135	0.01129	0.00832	0.01129	0.00713	0.00951	0.00535	0.00297	0.00416	0.00119	0.00594	0.00416	0.00178	0.00475
21	0.00499	0.00360	0.00471	0.00443	0.00527	0.00333	0.00333	0.00665	0.00998	0.01413	0.85230	0.02633	0.03325	0.00721	0.00416	0.00111	0.00166	0.00637	0.00388	0.00333
22	0.00429	0.00307	0.00409	0.00491	0.00511	0.00286	0.00327	0.00491	0.00675	0.00900	0.01943	0.87384	0.02331	0.01104	0.00450	0.00143	0.00204	0.01002	0.00327	0.00286
23	0.00707	0.01823	0.85788	0.01005	0.01525	0.00818	0.01302	0.01116	0.00744	0.01116	0.00632	0.00744	0.00446	0.00335	0.00335	0.00112	0.00521	0.00260	0.00149	0.00521
24	0.00826	0.00451	0.00580	0.00501	0.00648	0.00410	0.00391	0.04171	0.01008	0.24949	0.50680	0.02236	0.10417	0.00646	0.00396	0.00111	0.00213	0.00556	0.00394	0.00414
25	0.00864	0.00748	0.01160	0.46994	0.02648	0.03338	0.13465	0.11539	0.04953	0.06425	0.00771	0.00968	0.00567	0.00366	0.00358	0.00114	0.00452	0.00334	0.03487	0.00451
26	0.87800	0.00679	0.00526	0.00468	0.00687	0.00784	0.00385	0.01054	0.00610	0.03769	0.00514	0.00589	0.00394	0.00330	0.00222	0.00109	0.00273	0.00195	0.00224	0.00387
27	0.03321	0.21632	0.01326	0.06036	0.28495	0.15939	0.00794	0.09288	0.06257	0.01141	0.00658	0.00778	0.00541	0.00349	0.00327	0.00098	0.02056	0.00271	0.00199	0.00494
28	0.00772	0.00730	0.01219	0.38378	0.44322	0.00801	0.00998	0.01019	0.04000	0.01050	0.00710	0.03170	0.00586	0.00357	0.00353	0.00112	0.00430	0.00335	0.00178	0.00480
29	0.01524	0.00595	0.00805	0.00623	0.00887	0.00521	0.00512	0.01684	0.03189	0.80471	0.04375	0.01254	0.00965	0.00447	0.00357	0.00109	0.00295	0.00366	0.00432	0.00589
30	0.00463	0.00371	0.00432	0.00440	0.02708	0.00326	0.00316	0.00587	0.00884	0.01149	0.37450	0.03011	0.48993	0.00806	0.00414	0.00115	0.00180	0.00688	0.00349	0.00319
31	0.00494	0.00367	0.00474	0.02681	0.00571	0.00341	0.00342	0.00654	0.00969	0.01350	0.74243	0.02670	0.12067	0.00729	0.00414	0.00112	0.00175	0.00640	0.00375	0.00330
32	0.00832	0.00951	0.02080	0.01485	0.01842	0.00891	0.84135	0.01129	0.00832	0.01129	0.00713	0.00951	0.00535	0.00297	0.00416	0.00119	0.00594	0.00416	0.00178	0.00475
33	0.00495	0.00360	0.00466	0.00440	0.00524	0.00331	0.00330	0.00658	0.00989	0.01393	0.81673	0.02666	0.06894	0.00728	0.00416	0.00111	0.00167	0.00642	0.00385	0.00331
34	0.00513	0.00342	0.00384	0.00384	0.00384	0.00342	0.00214	0.00513	0.00513	0.00683	0.01110	0.02306	0.01281	0.87614	0.01794	0.00342	0.00342	0.00513	0.00214	0.00214
35	0.00707	0.01823	0.85788	0.01005	0.01525	0.00818	0.01302	0.01116	0.00744	0.01116	0.00632	0.00744	0.00446	0.00335	0.00335	0.00112	0.00521	0.00260	0.00149	0.00521
36	0.88825	0.00696	0.00525	0.00470	0.00687	0.02020	0.00386	0.01041	0.00606	0.01571	0.00492	0.00573	0.00383	0.00328	0.00220	0.00109	0.00278	0.00191	0.00218	0.00382
37	0.00877	0.00757	0.00797	0.00717	0.00916	0.00877	0.00558	0.01873	0.84779	0.01474	0.01434	0.01315	0.01076	0.00478	0.00359	0.00120	0.00279	0.00398	0.00359	0.00558
38	0.01295	0.00906	0.00997	0.00778	0.01043	0.00992	0.00639	0.62309	0.10602	0.11874	0.00961	0.00935	0.00679	0.00433	0.00372	0.00108	0.02475	0.00329	0.00356	0.01919
39	0.86676	0.00693	0.00539	0.00477	0.00697	0.00802	0.00393	0.04249	0.00641	0.01606	0.00504	0.00583	0.00390	0.00331	0.00223	0.00109	0.00277	0.00196	0.00223	0.00390
40	0.00437	0.00358	0.00386	0.00379	0.00489	0.00306	0.00284	0.00546	0.00853	0.01069	0.24315	0.03199	0.64455	0.00849	0.00416	0.00117	0.00175	0.00717	0.00343	0.00306
41	0.00942	0.87826	0.01847	0.00603	0.00905	0.01395	0.00603	0.01055	0.00716	0.00829	0.00490	0.00565	0.00452	0.00302	0.00226	0.00075	0.00377	0.00188	0.00151	0.00452
42	0.00610	0.00401	0.00516	0.00472	0.00578	0.00376	0.00359	0.00815	0.05283	0.08598	0.72867	0.02452	0.03928	0.00686	0.00408	0.00111	0.00184	0.00602	0.00390	0.00366
43	0.00882	0.00869	0.01386	0.10901	0.67467	0.05635	0.04178	0.02430	0.00818	0.01125	0.00657	0.00869	0.00543	0.00322	0.00350	0.00106	0.00442	0.00313	0.00176	0.00530
44	0.00998	0.03238	0.07386	0.03172	0.52298	0.00813	0.02841	0.04397	0.00855	0.16200	0.00786	0.00911	0.00599	0.00353	0.00377	0.00108	0.03577	0.00316	0.00224	0.00550
45	0.00890	0.00764	0.00804	0.00720	0.00922	0.00883	0.00561	0.04262	0.82368	0.01496	0.01417	0.01301	0.01062	0.00477	0.00358	0.00119	0.00282	0.00396	0.00358	0.00559
46	0.00802	0.00813	0.04770	0.18623	0.18435	0.03906	0.03201	0.01133	0.16136	0.01080	0.00768	0.00953	0.00620	0.00435	0.00548	0.00121	0.22035	0.00326	0.04836	0.00460
47	0.00532	0.00369	0.00475	0.00444	0.00536	0.00337	0.00334	0.00692	0.00983	0.04464	0.75982	0.02638	0.09435	0.00723	0.00414	0.00111	0.00172	0.00635	0.00385	0.00340
48	0.00789	0.04505	0.62143	0.00956	0.02636	0.00867	0.01882	0.07088	0.13455	0.01239	0.00765	0.00835	0.00555	0.00361	0.00337	0.00111	0.00469	0.00285	0.00195	0.00530
49	0.00513	0.00342	0.00384	0.00384	0.00384	0.00342	0.00214	0.00513	0.00513	0.00683	0.01110	0.02306	0.01281	0.87614	0.01794	0.00342	0.00342	0.00513	0.00214	0.00214
50	0.00926	0.00782	0.00825	0.00727	0.00935	0.00900	0.00570	0.10671	0.75900	0.01554	0.01372	0.01265	0.01025	0.00472	0.00358	0.00118	0.00291	0.00390	0.00358	0.00562
51	0.90103	0.00682	0.00518	0.00463	0.00682	0.00791	0.00382	0.01036	0.00600	0.01581	0.00491	0.00573	0.00382	0.00327	0.00218	0.00109	0.00273	0.00191	0.00218	0.00382
52	0.00903	0.08643	0.25519	0.01056	0.04571	0.04018	0.17121	0.15705	0.00893	0.01232	0.00640	0.00793	0.00499	0.00392	0.00496	0.00116	0.16414	0.00304	0.00194	0.00492
53	0.01178	0.01039	0.00944	0.00779	0.01009	0.19164	0.00620	0.45290	0.14973	0.01717	0.05896	0.01072	0.03818	0.00453	0.00352	0.00106	0.00403	0.00345	0.00318	0.00526
54	0.00488	0.00354	0.00488	0.00544	0.00587	0.00341	0.02283	0.00575	0.00696	0.00921	0.01786	0.51011	0.02070	0.12193	0.00633	0.00174	0.00265	0.23992	0.00308	0.00292
55	0.00846	0.00811	0.01379	0.12064	0.73758	0.00837	0.01063	0.01055	0.00785	0.01115	0.00654	0.00878	0.00546	0.00325	0.00368	0.00107	0.02390	0.00314	0.00172	0.00535
56	0.00443	0.00337	0.00412	0.00466	0.00527	0.00305	0.00338	0.00527	0.00736	0.00938	0.02487	0.48014	0.30560	0.01015	0.00443	0.00137	0.00211	0.11482	0.00327	0.00295
57	0.35423	0.00645	0.00658	0.00511	0.00783	0.00599	0.00415	0.01039	0.00711	0.10841	0.00660	0.00722	0.00507	0.00306	0.00255	0.00081	0.00270	0.00218	0.00238	0.45117
58	0.00501	0.00362	0.00474	0.00449	0.00532	0.00335	0.00339	0.00667	0.00992	0.01403	0.82859	0.02671	0.03289	0.00728	0.00418	0.00112	0.00171	0.02981	0.00386	0.00332
59	0.01340	0.00952	0.01031	0.00795	0.01073	0.01045	0.00655	0.75485	0.04569	0.08084	0.00906	0.00888	0.00636	0.00426	0.00353	0.00106	0.00378	0.00323	0.00359	0.00598
60	0.00711	0.03374	0.84274	0.00997	0.01514	0.00829	0.01290	0.01115	0.00744	0.01111	0.00630	0.00741	0.00447	0.00334	0.00333	0.00111	0.00518	0.00259	0.00149	0.00520
61	0.00942	0.87826	0.01847	0.00603	0.00905	0.01395	0.00603	0.01055	0.00716	0.00829	0.00490	0.00565	0.00452	0.00302	0.00226	0.00075	0.00377	0.00188	0.00151	0.00452
62	0.00602	0.00431	0.00578	0.00636	0.00727	0.00436	0.00542	0.00826	0.07663	0.02684	0.05817	0.07969	0.02007	0.00918	0.00469	0.00154	0.00307	0.66554	0.00333	0.00347
63	0.00452	0.00341	0.00496	0.00543	0.00582	0.00319	0.04613	0.00526	0.00684	0.00913	0.01879	0.81957	0.02236	0.01061	0.00449	0.00142	0.00226	0.01966	0.00320	0.00296
64	0.90103	0.00682	0.00518	0.00463	0.00682	0.00791	0.00382	0.01036	0.00600	0.01581	0.00491	0.00573	0.00382	0.00327	0.00218	0.00109	0.00273	0.00191	0.00218	0.00382
65	0.00666	0.00626	0.01057	0.86767	0.02427	0.00783	0.00979	0.00900	0.00705	0.00900	0.00626	0.00940	0.00470	0.00352	0.00352	0.00117	0.00470	0.00313	0.00157	0.00392
66	0.00464	0.00385	0.00410	0.00400	0.00518	0.00344	0.00303	0.00630	0.06550	0.01072	0.18224	0.03119	0.63742	0.00834	0.00413	0.00118	0.00185	0.01624	0.00340	0.00322
67	0.00512	0.00343	0.00392	0.00392	0.00395	0.00346	0.00223	0.00518	0.00515	0.00689	0.01103	0.02266	0.01264	0.83914	0.05470	0.00351	0.00368	0.00507	0.00212	0.00218
68	0.01121	0.46787	0.01443	0.00748	0.00993	0.41794	0.00640	0.01223	0.00851	0.00845	0.00516	0.00599	0.00453	0.00331	0.00270	0.00083	0.00500	0.00207	0.00165	0.00431
69	0.86853	0.00693	0.00538	0.00476	0.00697	0.00802	0.00392	0.04083	0.00639	0.01605	0.00504	0.00583	0.00390	0.00331	0.00223	0.00109	0.00277	0.00195	0.00223	0.00390
70	0.01306	0.00964	0.01032	0.00794	0.01070	0.01064	0.00655	0.81174	0.01626	0.02175	0.00946	0.00939	0.03700	0.00440	0.00355	0.00106	0.00380	0.00333	0.00352	0.00588
71	0.85279	0.00677	0.00534	0.00472	0.00693	0.00776	0.00389	0.01073	0.00622	0.06163	0.00540	0.00607	0.00408	0.00333	0.00226	0.00109	0.00274	0.00200	0.00230	0.00394
72	0.00777	0.00769	0.01139	0.43840	0.21750	0.08836	0.06083	0.00983	0.00781	0.02049	0.03872	0.03429	0.03399	0.00394	0.00359	0.00112	0.00451	0.00357	0.00187	0.00432
73	0.00960	0.00587	0.00723	0.00545	0.00819	0.00467	0.00437	0.01104	0.00824	0.27011	0.03429	0.04797	0.03804	0.00387	0.00308	0.00078	0.00265	0.00319	0.00293	0.52845
74	0.00418	0.00357	0.00359	0.00358	0.00477	0.00298	0.00269	0.00508	0.00806	0.00959	0.04816	0.03380	0.84023	0.00890	0.00417	0.00119	0.00178	0.00742	0.00328	0.00298
75	0.00942	0.87826	0.01847	0.00603	0.00905	0.01395	0.00603	0.01055	0.00716	0.00829	0.00490	0.00565	0.00452	0.00302	0.00226	0.00075	0.00377	0.00188	0.00151	0.00452
76	0.12469	0.01000	0.01285	0.01567	0.45212	0.17422	0.10082	0.04766	0.00855	0.01195	0.00631	0.00795	0.00514	0.00328	0.00334	0.00104	0.00460	0.00293	0.00190	0.00499
77	0.90103	0.00682	0.00518	0.00463	0.00682	0.00791	0.00382	0.01036	0.00600	0.01581	0.00491	0.00573	0.00382	0.00327	0.00218	0.00109	0.00273	0.00191	0.00218	0.00382
78	0.00748	0.00628	0.00728	0.00525	0.00830	0.00485	0.00420	0.03501	0.00760	0.01187	0.00650	0.00753	0.00537	0.00271	0.00263	0.00055	0.00262	0.00216	0.03105	0.84075
79	0.00899	0.00892	0.03968	0.06334	0.64163	0.05195	0.01001	0.07648	0.00868	0.01197	0.00718	0.04198	0.00616	0.00358	0.00351	0.00106	0.00425	0.00335	0.00193	0.00533
80	0.00480	0.00357	0.00447	0.00430	0.00517	0.00324	0.00320	0.00627	0.00945	0.01301	0.65847	0.07375	0.18181	0.00773	0.00418	0.00114	0.00171	0.00677	0.00374	0.00324
81	0.00469	0.00333	0.00392	0.00418	0.00449	0.00315	0.00267	0.00509	0.00634	0.00828	0.04890	0.30891	0.16340	0.39029	0.01048	0.01677	0.00260	0.00717	0.00277	0.00256
82	0.01448	0.00604	0.00804	0.00611	0.00890	0.00510	0.00502	0.01587	0.00965	0.72400	0.01271	0.01126	0.00817	0.00409	0.00340	0.00100	0.00294	0.00332	0.00401	0.14590
83	0.00746	0.08602	0.76403	0.00966	0.01462	0.00873	0.01226	0.03802	0.00771	0.01129	0.00628	0.00733	0.00452	0.00335	0.00327	0.00109	0.00505	0.00257	0.00156	0.00518
84	0.00901	0.72595	0.16713	0.00674	0.01015	0.01293	0.00727	0.01066	0.00721	0.00880	0.00515	0.00597	0.00451	0.00307	0.00245	0.00082	0.00402	0.00201	0.00150	0.00464
85	0.00504	0.00375	0.00555	0.00555	0.00614	0.00435	0.00427	0.00622	0.00563	0.00810	0.00954	0.01441	0.00906	0.07832	0.81062	0.00553	0.00907	0.00386	0.00190	0.00308
86	0.00430	0.00308	0.00409	0.00488	0.00511	0.00287	0.00327	0.00494	0.00682	0.00910	0.03463	0.84883	0.03309	0.01095	0.00449	0.00142	0.00203	0.00992	0.00328	0.00287
87	0.00942	0.87826	0.01847	0.00603	0.00905	0.01395	0.00603	0.01055	0.00716	0.00829	0.00490	0.00565	0.00452	0.00302	0.00226	0.00075	0.00377	0.00188	0.00151	0.00452
88	0.00418	0.00357	0.00360	0.00359	0.00477	0.00298	0.00269	0.00509	0.00808	0.00963	0.05424	0.03375	0.83412	0.00889	0.00417	0.00119	0.00178	0.00741	0.00329	0.00298
89	0.01209	0.01517	0.01239	0.01037	0.01257	0.67199	0.19268	0.01345	0.00962	0.00922	0.00582	0.00706	0.00472	0.00348	0.00340	0.00097	0.00626	0.00269	0.00181	0.00423
90	0.90103	0.00682	0.00518	0.00463	0.00682	0.00791	0.00382	0.01036	0.00600	0.01581	0.00491	0.00573	0.00382	0.00327	0.00218	0.00109	0.00273	0.00191	0.00218	0.00382
91	0.01206	0.00967	0.01307	0.00976	0.01274	0.01028	0.21686	0.61444	0.01430	0.02922	0.00820	0.00882	0.00589	0.00415	0.01277	0.00114	0.00445	0.00343	0.00308	0.00565
92	0.00764	0.00625	0.00734	0.00526	0.00838	0.00472	0.00421	0.00919	0.00742	0.04412	0.00656	0.00749	0.00536	0.00268	0.00265	0.00054	0.00263	0.00214	0.00218	0.86325
93	0.00417	0.00354	0.00360	0.00365	0.00478	0.00297	0.00271	0.00505	0.00796	0.00949	0.03471	0.08499	0.80229	0.00905	0.00419	0.00120	0.00180	0.00760	0.00327	0.00297
94	0.01317	0.01680	0.00999	0.00908	0.01090	0.86199	0.00681	0.01407	0.00999	0.00863	0.00545	0.00636	0.00454	0.00363	0.00318	0.00091	0.00636	0.00227	0.00182	0.00409
95	0.00731	0.00626	0.00731	0.00522	0.00835	0.00470	0.00418	0.00887	0.00731	0.01148	0.00626	0.00731	0.00522	0.00261	0.00261	0.00052	0.00261	0.00209	0.00209	0.89768
96	0.00541	0.00432	0.00598	0.00574	0.00644	0.03128	0.03386	0.00652	0.00591	0.00820	0.01035	0.01545	0.03645	0.14835	0.64482	0.00483	0.00801	0.00405	0.01093	0.00308
97	0.01297	0.00802	0.00907	0.00709	0.00965	0.00844	0.00581	0.48960	0.05340	0.24733	0.03852	0.01122	0.03455	0.00453	0.00353	0.00107	0.00335	0.00355	0.04261	0.00568
98	0.00666	0.00626	0.01057	0.86767	0.02427	0.00783	0.00979	0.00900	0.00705	0.00900	0.00626	0.00940	0.00470	0.00352	0.00352	0.00117	0.00470	0.00313	0.00157	0.00392
99	0.00491	0.00487	0.07047	0.00449	0.00592	0.00370	0.00380	0.00659	0.03580	0.01909	0.29125	0.02858	0.49218	0.00777	0.00407	0.00116	0.00206	0.00658	0.00335	0.00337

[dist]
# distance from previous block
# <min> <max>
0	3

[block]
# block no. 2 follows, 79 sequences, length 47
# corresponding to MSA columns:
# 160-206
name=unknown_C
#
# <colnr> <probs for GDERKNQSTAVLIFYWHMCP>
#	G	D	E	R	K	N	Q	S	T	A	V	L	I	F	Y	W	H	M	C	P
0	0.00710	0.01803	0.84080	0.01028	0.03224	0.00819	0.01298	0.01115	0.00745	0.01117	0.00633	0.00747	0.00449	0.00334	0.00335	0.00111	0.00519	0.00262	0.00149	0.00522
1	0.00562	0.00404	0.00559	0.00637	0.00720	0.00401	0.00556	0.00721	0.00811	0.01051	0.01934	0.03952	0.05363	0.00970	0.00484	0.00161	0.00319	0.79746	0.00325	0.00323
2	0.00419	0.00357	0.00361	0.00360	0.00478	0.00299	0.00270	0.00511	0.00810	0.00968	0.06337	0.03366	0.82496	0.00887	0.00417	0.00119	0.00178	0.00740	0.00329	0.00299
3	0.01116	0.00960	0.01488	0.01139	0.04775	0.00992	0.34892	0.45622	0.01275	0.02968	0.00792	0.00895	0.00575	0.00367	0.00378	0.00111	0.00472	0.00358	0.00275	0.00547
4	0.00861	0.00740	0.00783	0.00706	0.00900	0.00854	0.00548	0.01822	0.81256	0.01472	0.04958	0.01370	0.01170	0.00488	0.00361	0.00119	0.00274	0.00409	0.00360	0.00548
5	0.90103	0.00682	0.00518	0.00463	0.00682	0.00791	0.00382	0.01036	0.00600	0.01581	0.00491	0.00573	0.00382	0.00327	0.00218	0.00109	0.00273	0.00191	0.00218	0.00382
6	0.00425	0.00357	0.00369	0.00366	0.00481	0.00301	0.00275	0.00523	0.00824	0.01001	0.12257	0.03311	0.76555	0.00874	0.00416	0.00118	0.00177	0.00732	0.00334	0.00301
7	0.01340	0.00987	0.01058	0.00811	0.01093	0.01093	0.00670	0.84240	0.01657	0.02221	0.00846	0.00846	0.00599	0.00423	0.00353	0.00106	0.00388	0.00317	0.00353	0.00599
8	0.01384	0.00679	0.00838	0.00669	0.00924	0.00666	0.00544	0.10520	0.21444	0.56331	0.01343	0.01190	0.00893	0.00445	0.00355	0.00111	0.00304	0.00361	0.00408	0.00590
9	0.00417	0.00357	0.00357	0.00357	0.00476	0.00298	0.00268	0.00506	0.00803	0.00952	0.03570	0.03392	0.85272	0.00893	0.00417	0.00119	0.00179	0.00744	0.00327	0.00298
10	0.00942	0.87826	0.01847	0.00603	0.00905	0.01395	0.00603	0.01055	0.00716	0.00829	0.00490	0.00565	0.00452	0.00302	0.00226	0.00075	0.00377	0.00188	0.00151	0.00452
11	0.03973	0.00668	0.00718	0.00648	0.00825	0.00752	0.00503	0.01592	0.62424	0.03530	0.17303	0.01536	0.01470	0.00517	0.00362	0.00117	0.00256	0.00434	0.01865	0.00506
12	0.00565	0.00403	0.00564	0.00645	0.00725	0.00403	0.00562	0.00725	0.00808	0.01051	0.01868	0.05945	0.02035	0.00977	0.00486	0.00162	0.00322	0.81106	0.00325	0.00324
13	0.01290	0.01599	0.00973	0.00880	0.01061	0.79704	0.00662	0.04190	0.01010	0.00928	0.00580	0.00671	0.00478	0.00367	0.00316	0.00091	0.00607	0.00234	0.03946	0.00412
14	0.01350	0.00971	0.01048	0.00803	0.01085	0.01069	0.00663	0.80770	0.01630	0.05730	0.00869	0.00861	0.00611	0.00424	0.00353	0.00106	0.00384	0.00319	0.00356	0.00599
15	0.00425	0.00357	0.00369	0.00366	0.00481	0.00301	0.00275	0.00523	0.00824	0.01001	0.12235	0.03311	0.76577	0.00874	0.00416	0.00118	0.00177	0.00733	0.00334	0.00301
16	0.01581	0.00600	0.00818	0.00627	0.00900	0.00518	0.00518	0.01718	0.01009	0.85660	0.01390	0.01200	0.00872	0.00436	0.00354	0.00109	0.00300	0.00354	0.00436	0.00600
17	0.00666	0.00626	0.01057	0.86767	0.02427	0.00783	0.00979	0.00900	0.00705	0.00900	0.00626	0.00940	0.00470	0.00352	0.00352	0.00117	0.00470	0.00313	0.00157	0.00392
18	0.90103	0.00682	0.00518	0.00463	0.00682	0.00791	0.00382	0.01036	0.00600	0.01581	0.00491	0.00573	0.00382	0.00327	0.00218	0.00109	0.00273	0.00191	0.00218	0.00382
19	0.00832	0.00951	0.02080	0.01485	0.01842	0.00891	0.84135	0.01129	0.00832	0.01129	0.00713	0.00951	0.00535	0.00297	0.00416	0.00119	0.00594	0.00416	0.00178	0.00475
20	0.00872	0.00837	0.01431	0.02163	0.85415	0.00837	0.01082	0.01082	0.00802	0.01151	0.00663	0.00872	0.00558	0.00314	0.00349	0.00105	0.00419	0.00314	0.00174	0.00558
21	0.00417	0.00355	0.00359	0.00362	0.00477	0.00297	0.00270	0.00505	0.00798	0.00950	0.03509	0.06564	0.82140	0.00901	0.00418	0.00120	0.00179	0.00754	0.00327	0.00297
22	0.00731	0.00626	0.00731	0.00522	0.00835	0.00470	0.00418	0.00887	0.00731	0.01148	0.00626	0.00731	0.00522	0.00261	0.00261	0.00052	0.00261	0.00209	0.00209	0.89768
23	0.00417	0.00357	0.00357	0.00357	0.00476	0.00298	0.00268	0.00506	0.00803	0.00952	0.03570	0.03392	0.85272	0.00893	0.00417	0.00119	0.00179	0.00744	0.00327	0.00298
24	0.00513	0.00342	0.00384	0.00384	0.00384	0.00342	0.00214	0.00513	0.00513	0.00683	0.01110	0.02306	0.01281	0.87614	0.01794	0.00342	0.00342	0.00513	0.00214	0.00214
25	0.01340	0.00987	0.01058	0.00811	0.01093	0.01093	0.00670	0.84240	0.01657	0.02221	0.00846	0.00846	0.00599	0.00423	0.00353	0.00106	0.00388	0.00317	0.00353	0.00599
26	0.11885	0.00624	0.00792	0.00615	0.00882	0.00572	0.00508	0.04863	0.00986	0.72603	0.01264	0.01113	0.00805	0.00423	0.00338	0.00109	0.00300	0.00334	0.00408	0.00574
27	0.01457	0.00799	0.00942	0.00722	0.00999	0.00814	0.00596	0.44259	0.01343	0.42646	0.01110	0.01017	0.00732	0.00429	0.00353	0.00107	0.00345	0.00335	0.00393	0.00600
28	0.90103	0.00682	0.00518	0.00463	0.00682	0.00791	0.00382	0.01036	0.00600	0.01581	0.00491	0.00573	0.00382	0.00327	0.00218	0.00109	0.00273	0.00191	0.00218	0.00382
29	0.00429	0.00307	0.00409	0.00491	0.00511	0.00286	0.00327	0.00491	0.00675	0.00900	0.01943	0.87384	0.02331	0.01104	0.00450	0.00143	0.00204	0.01002	0.00327	0.00286
30	0.00731	0.00626	0.00731	0.00522	0.00835	0.00470	0.00418	0.00887	0.00731	0.01148	0.00626	0.00731	0.00522	0.00261	0.00261	0.00052	0.00261	0.00209	0.00209	0.89768
31	0.00771	0.00771	0.01079	0.00925	0.00925	0.01079	0.00771	0.00848	0.00540	0.00848	0.00463	0.00771	0.00463	0.00617	0.01157	0.00154	0.86969	0.00308	0.00154	0.00386
32	0.01317	0.01680	0.00999	0.00908	0.01090	0.86199	0.00681	0.01407	0.00999	0.00863	0.00545	0.00636	0.00454	0.00363	0.00318	0.00091	0.00636	0.00227	0.00182	0.00409
33	0.00719	0.05253	0.80943	0.00997	0.01506	0.00843	0.02741	0.01114	0.00745	0.01105	0.00628	0.00741	0.00448	0.00333	0.00332	0.00110	0.00516	0.00260	0.00149	0.00517
34	0.00424	0.00357	0.00367	0.00365	0.00480	0.00301	0.00273	0.00520	0.00820	0.00993	0.10771	0.03325	0.78047	0.00877	0.00416	0.00118	0.00177	0.00734	0.00333	0.00301
35	0.01581	0.00600	0.00818	0.00627	0.00900	0.00518	0.00518	0.01718	0.01009	0.85660	0.01390	0.01200	0.00872	0.00436	0.00354	0.00109	0.00300	0.00354	0.00436	0.00600
36	0.01581	0.00600	0.00818	0.00627	0.00900	0.00518	0.00518	0.01718	0.01009	0.85660	0.01390	0.01200	0.00872	0.00436	0.00354	0.00109	0.00300	0.00354	0.00436	0.00600
37	0.00832	0.00951	0.02080	0.01485	0.01842	0.00891	0.84135	0.01129	0.00832	0.01129	0.00713	0.00951	0.00535	0.00297	0.00416	0.00119	0.00594	0.00416	0.00178	0.00475
38	0.00417	0.00357	0.00357	0.00357	0.00476	0.00298	0.00268	0.00506	0.00803	0.00952	0.03570	0.03392	0.85272	0.00893	0.00417	0.00119	0.00179	0.00744	0.00327	0.00298
39	0.00643	0.00331	0.00341	0.00338	0.00420	0.00329	0.00254	0.00808	0.00761	0.01322	0.08316	0.01426	0.01110	0.00437	0.00261	0.00085	0.00164	0.00355	0.81969	0.00329
40	0.00666	0.00626	0.01057	0.86767	0.02427	0.00783	0.00979	0.00900	0.00705	0.00900	0.00626	0.00940	0.00470	0.00352	0.00352	0.00117	0.00470	0.00313	0.00157	0.00392
41	0.00832	0.00951	0.02080	0.01485	0.01842	0.00891	0.84135	0.01129	0.00832	0.01129	0.00713	0.00951	0.00535	0.00297	0.00416	0.00119	0.00594	0.00416	0.00178	0.00475
42	0.01568	0.00622	0.00831	0.00637	0.00911	0.00551	0.00527	0.06387	0.01045	0.80938	0.01360	0.01180	0.00857	0.00435	0.00354	0.00109	0.00305	0.00352	0.00431	0.00600
43	0.76706	0.00719	0.00590	0.00512	0.00737	0.00828	0.00421	0.10467	0.03898	0.01650	0.00567	0.00631	0.00432	0.00344	0.00239	0.00109	0.00286	0.00213	0.00239	0.00413
44	0.00429	0.00307	0.00409	0.00491	0.00511	0.00286	0.00327	0.00491	0.00675	0.00900	0.01943	0.87384	0.02331	0.01104	0.00450	0.00143	0.00204	0.01002	0.00327	0.00286
45	0.00496	0.00360	0.00467	0.00440	0.00525	0.00331	0.00330	0.00659	0.00990	0.01396	0.82146	0.02661	0.06420	0.00727	0.00416	0.00111	0.00167	0.00641	0.00386	0.00331
46	0.04099	0.00929	0.01371	0.19737	0.37819	0.13187	0.15633	0.01097	0.00808	0.01068	0.00641	0.00855	0.00514	0.00327	0.00352	0.00108	0.00487	0.00315	0.00174	0.00480

[dist]
# distance from previous block
# <min> <max>
1	13

[block]
# block no. 3 follows, 79 sequences, length 293
# corresponding to MSA columns:
# 220-512
name=unknown_D
#
# <colnr> <probs for GDERKNQSTAVLIFYWHMCP>
#	G	D	E	R	K	N	Q	S	T	A	V	L	I	F	Y	W	H	M	C	P
0	0.00872	0.00837	0.01431	0.02163	0.85415	0.00837	0.01082	0.01082	0.00802	0.01151	0.00663	0.00872	0.00558	0.00314	0.00349	0.00105	0.00419	0.00314	0.00174	0.00558
1	0.39551	0.42826	0.01206	0.00560	0.00824	0.01108	0.00513	0.08037	0.00745	0.01272	0.00520	0.00592	0.00434	0.00323	0.00233	0.00093	0.00333	0.00200	0.00197	0.00434
2	0.00544	0.00408	0.00504	0.00469	0.00569	0.00393	0.00355	0.02792	0.07873	0.01405	0.70497	0.02535	0.08894	0.00706	0.00410	0.00112	0.00182	0.00618	0.00380	0.00355
3	0.00725	0.00710	0.01023	0.00928	0.05148	0.00935	0.03585	0.00820	0.00602	0.00901	0.03780	0.06830	0.04753	0.00667	0.02107	0.00152	0.65373	0.00393	0.00185	0.00384
4	0.00942	0.87826	0.01847	0.00603	0.00905	0.01395	0.00603	0.01055	0.00716	0.00829	0.00490	0.00565	0.00452	0.00302	0.00226	0.00075	0.00377	0.00188	0.00151	0.00452
5	0.63805	0.11692	0.00751	0.00573	0.03778	0.00853	0.00460	0.03100	0.03599	0.03396	0.00628	0.00801	0.00521	0.00366	0.00249	0.00108	0.00297	0.04385	0.00227	0.00411
6	0.00867	0.00808	0.01076	0.00906	0.00954	0.01082	0.00754	0.14931	0.00728	0.01080	0.00527	0.00784	0.00486	0.00584	0.01021	0.00146	0.72347	0.00310	0.00188	0.00422
7	0.00754	0.12358	0.70265	0.01009	0.05656	0.00887	0.01196	0.01114	0.00747	0.02020	0.00625	0.00734	0.00458	0.00331	0.00322	0.00107	0.00496	0.00255	0.00154	0.00515
8	0.00825	0.45076	0.43572	0.00803	0.01213	0.01108	0.00951	0.01086	0.00730	0.00972	0.00561	0.00654	0.00449	0.00318	0.00280	0.00093	0.00448	0.00224	0.00150	0.00486
9	0.01317	0.01680	0.00999	0.00908	0.01090	0.86199	0.00681	0.01407	0.00999	0.00863	0.00545	0.00636	0.00454	0.00363	0.00318	0.00091	0.00636	0.00227	0.00182	0.00409
10	0.00513	0.00342	0.00384	0.00384	0.00384	0.00342	0.00214	0.00513	0.00513	0.00683	0.01110	0.02306	0.01281	0.87614	0.01794	0.00342	0.00342	0.00513	0.00214	0.00214
11	0.01342	0.00929	0.01005	0.00775	0.01048	0.01893	0.00639	0.71402	0.01547	0.11343	0.00913	0.00899	0.00638	0.00423	0.00349	0.00105	0.00373	0.00321	0.03467	0.00588
12	0.00422	0.00357	0.00365	0.00363	0.00480	0.00300	0.00272	0.00517	0.00817	0.00985	0.09411	0.03337	0.79411	0.00880	0.00416	0.00118	0.00178	0.00736	0.00332	0.00300
13	0.00497	0.00360	0.00468	0.00441	0.00525	0.00332	0.00331	0.00661	0.00992	0.01401	0.82998	0.02653	0.05565	0.00725	0.00416	0.00111	0.00167	0.00640	0.00386	0.00332
14	0.00513	0.00342	0.00384	0.00384	0.00384	0.00342	0.00214	0.00513	0.00513	0.00683	0.01110	0.02306	0.01281	0.87614	0.01794	0.00342	0.00342	0.00513	0.00214	0.00214
15	0.19744	0.00617	0.00756	0.00593	0.00855	0.00574	0.00490	0.01578	0.00925	0.68409	0.01206	0.01071	0.00772	0.00414	0.00326	0.00109	0.00294	0.00321	0.00391	0.00555
16	0.01581	0.00600	0.00818	0.00627	0.00900	0.00518	0.00518	0.01718	0.01009	0.85660	0.01390	0.01200	0.00872	0.00436	0.00354	0.00109	0.00300	0.00354	0.00436	0.00600
17	0.00577	0.00412	0.00573	0.00651	0.00734	0.00413	0.00569	0.01667	0.00821	0.01068	0.01855	0.03940	0.02012	0.00967	0.00485	0.00162	0.00325	0.82115	0.00325	0.00328
18	0.90103	0.00682	0.00518	0.00463	0.00682	0.00791	0.00382	0.01036	0.00600	0.01581	0.00491	0.00573	0.00382	0.00327	0.00218	0.00109	0.00273	0.00191	0.00218	0.00382
19	0.00511	0.00363	0.00475	0.00445	0.00531	0.00335	0.00335	0.00677	0.00998	0.02370	0.84277	0.02616	0.03298	0.00717	0.00415	0.00111	0.00168	0.00634	0.00389	0.00336
20	0.01317	0.01680	0.00999	0.00908	0.01090	0.86199	0.00681	0.01407	0.00999	0.00863	0.00545	0.00636	0.00454	0.00363	0.00318	0.00091	0.00636	0.00227	0.00182	0.00409
21	0.00542	0.00378	0.00538	0.00588	0.00654	0.00362	0.02726	0.00657	0.00756	0.04028	0.03889	0.44766	0.02126	0.00994	0.00460	0.00149	0.00268	0.35472	0.00327	0.00320
22	0.00710	0.03054	0.84586	0.00999	0.01516	0.00827	0.01292	0.01115	0.00744	0.01112	0.00630	0.00742	0.00447	0.00334	0.00333	0.00111	0.00519	0.00259	0.00149	0.00520
23	0.00877	0.00757	0.00797	0.00717	0.00916	0.00877	0.00558	0.01873	0.84779	0.01474	0.01434	0.01315	0.01076	0.00478	0.00359	0.00120	0.00279	0.00398	0.00359	0.00558
24	0.01538	0.00669	0.00861	0.00660	0.00934	0.00621	0.00545	0.16491	0.01125	0.70723	0.01293	0.01136	0.00824	0.00434	0.00354	0.00108	0.00316	0.00348	0.00421	0.00600
25	0.00699	0.00670	0.01087	0.77461	0.09468	0.02872	0.00980	0.00928	0.00720	0.00921	0.00628	0.00926	0.00477	0.00349	0.00351	0.00116	0.00470	0.00311	0.00159	0.00406
26	0.00512	0.00342	0.00387	0.00387	0.00388	0.00343	0.00217	0.00514	0.00513	0.00685	0.01108	0.02294	0.01276	0.86439	0.02962	0.00345	0.00350	0.00511	0.00213	0.00215
27	0.00513	0.00342	0.00384	0.00384	0.00384	0.00342	0.00214	0.00513	0.00513	0.00683	0.01110	0.02306	0.01281	0.87614	0.01794	0.00342	0.00342	0.00513	0.00214	0.00214
28	0.00835	0.00773	0.01168	0.12364	0.44403	0.00828	0.02450	0.01290	0.26823	0.01215	0.00961	0.01111	0.01906	0.00390	0.00357	0.00112	0.00380	0.01871	0.00234	0.00528
29	0.00845	0.03008	0.06711	0.31153	0.03085	0.11314	0.33821	0.03849	0.00827	0.01045	0.00656	0.00882	0.00497	0.00331	0.00369	0.00113	0.00537	0.00337	0.00174	0.00445
30	0.00987	0.73191	0.04756	0.00645	0.00952	0.01334	0.00637	0.12118	0.00842	0.01025	0.00542	0.00609	0.00472	0.00319	0.00247	0.00081	0.00384	0.00208	0.00178	0.00474
31	0.00513	0.00342	0.00384	0.00384	0.00384	0.00342	0.00214	0.00513	0.00513	0.00683	0.01110	0.02306	0.01281	0.87614	0.01794	0.00342	0.00342	0.00513	0.00214	0.00214
32	0.00729	0.04151	0.81930	0.00987	0.01497	0.00829	0.01269	0.01126	0.00748	0.02665	0.00643	0.00748	0.00454	0.00336	0.00332	0.00111	0.00513	0.00260	0.00154	0.00520
33	0.00803	0.03651	0.69589	0.00989	0.01468	0.00848	0.05230	0.08211	0.00835	0.04172	0.00678	0.00775	0.00479	0.00343	0.00338	0.00111	0.00502	0.00274	0.00178	0.00527
34	0.01274	0.04538	0.01020	0.00873	0.01071	0.67864	0.00668	0.10277	0.07237	0.01052	0.00641	0.00706	0.00515	0.00376	0.00321	0.00094	0.00574	0.00248	0.00212	0.00441
35	0.90103	0.00682	0.00518	0.00463	0.00682	0.00791	0.00382	0.01036	0.00600	0.01581	0.00491	0.00573	0.00382	0.00327	0.00218	0.00109	0.00273	0.00191	0.00218	0.00382
36	0.01317	0.00953	0.01030	0.00792	0.01067	0.01049	0.00653	0.78836	0.01615	0.04622	0.03892	0.00921	0.00705	0.00434	0.00355	0.00106	0.00377	0.00330	0.00356	0.00590
37	0.00473	0.00345	0.00439	0.00498	0.00544	0.00326	0.00354	0.02811	0.00727	0.00952	0.02064	0.61353	0.12156	0.04670	0.00504	0.00150	0.00227	0.10789	0.00323	0.00298
38	0.03877	0.20906	0.58172	0.00886	0.01327	0.03929	0.01071	0.04085	0.00774	0.01099	0.00600	0.00698	0.00451	0.00331	0.00307	0.00103	0.00479	0.00243	0.00160	0.00500
39	0.00691	0.00667	0.01060	0.82621	0.03432	0.03841	0.00969	0.00921	0.00716	0.00902	0.00624	0.00928	0.00470	0.00352	0.00351	0.00116	0.00475	0.00310	0.00158	0.00394
40	0.00704	0.00566	0.00643	0.00583	0.00727	0.00611	0.00449	0.04215	0.39767	0.01470	0.43457	0.01959	0.02187	0.00598	0.00387	0.00115	0.00226	0.00515	0.00373	0.00446
41	0.00994	0.00764	0.00824	0.00707	0.00922	0.00854	0.00559	0.18533	0.55663	0.07903	0.04306	0.01331	0.04066	0.00487	0.00361	0.00116	0.00295	0.00399	0.00363	0.00552
42	0.00431	0.00308	0.00408	0.00488	0.00508	0.00288	0.00325	0.00491	0.00671	0.00895	0.01923	0.85398	0.02307	0.03123	0.00481	0.00148	0.00208	0.00991	0.00325	0.00285
43	0.00512	0.00343	0.00391	0.00391	0.00393	0.00345	0.00222	0.00517	0.00514	0.00688	0.01104	0.02273	0.01267	0.84563	0.04826	0.00350	0.00363	0.00508	0.00213	0.00217
44	0.00430	0.00309	0.00409	0.00487	0.00511	0.00287	0.00326	0.00494	0.00683	0.00910	0.03420	0.84364	0.03876	0.01094	0.00449	0.00142	0.00203	0.00991	0.00328	0.00287
45	0.01317	0.01680	0.00999	0.00908	0.01090	0.86199	0.00681	0.01407	0.00999	0.00863	0.00545	0.00636	0.00454	0.00363	0.00318	0.00091	0.00636	0.00227	0.00182	0.00409
46	0.00445	0.00322	0.00422	0.00499	0.00525	0.00307	0.00335	0.00539	0.03604	0.00920	0.01925	0.84387	0.02287	0.01082	0.00447	0.00142	0.00207	0.00981	0.00328	0.00296
47	0.01581	0.00600	0.00818	0.00627	0.00900	0.00518	0.00518	0.01718	0.01009	0.85660	0.01390	0.01200	0.00872	0.00436	0.00354	0.00109	0.00300	0.00354	0.00436	0.00600
48	0.01319	0.01616	0.01004	0.00899	0.01090	0.78393	0.00680	0.09005	0.01059	0.00987	0.00572	0.00655	0.00467	0.00369	0.00321	0.00092	0.00613	0.00235	0.00197	0.00426
49	0.00942	0.87826	0.01847	0.00603	0.00905	0.01395	0.00603	0.01055	0.00716	0.00829	0.00490	0.00565	0.00452	0.00302	0.00226	0.00075	0.00377	0.00188	0.00151	0.00452
50	0.00731	0.00626	0.00731	0.00522	0.00835	0.00470	0.00418	0.00887	0.00731	0.01148	0.00626	0.00731	0.00522	0.00261	0.00261	0.00052	0.00261	0.00209	0.00209	0.89768
51	0.00877	0.00757	0.00797	0.00717	0.00916	0.00877	0.00558	0.01873	0.84779	0.01474	0.01434	0.01315	0.01076	0.00478	0.00359	0.00120	0.00279	0.00398	0.00359	0.00558
52	0.00417	0.00357	0.00357	0.00357	0.00476	0.00298	0.00268	0.00506	0.00803	0.00952	0.03570	0.03392	0.85272	0.00893	0.00417	0.00119	0.00179	0.00744	0.00327	0.00298
53	0.00707	0.01823	0.85788	0.01005	0.01525	0.00818	0.01302	0.01116	0.00744	0.01116	0.00632	0.00744	0.00446	0.00335	0.00335	0.00112	0.00521	0.00260	0.00149	0.00521
54	0.00666	0.00626	0.01057	0.86767	0.02427	0.00783	0.00979	0.00900	0.00705	0.00900	0.00626	0.00940	0.00470	0.00352	0.00352	0.00117	0.00470	0.00313	0.00157	0.00392
55	0.00417	0.00357	0.00357	0.00357	0.00476	0.00298	0.00268	0.00506	0.00803	0.00952	0.03570	0.03392	0.85272	0.00893	0.00417	0.00119	0.00179	0.00744	0.00327	0.00298
56	0.00418	0.00357	0.00359	0.00358	0.00477	0.00298	0.00269	0.00508	0.00806	0.00958	0.04652	0.03382	0.84187	0.00890	0.00417	0.00119	0.00178	0.00742	0.00328	0.00298
57	0.00877	0.00757	0.00797	0.00717	0.00916	0.00877	0.00558	0.01873	0.84779	0.01474	0.01434	0.01315	0.01076	0.00478	0.00359	0.00120	0.00279	0.00398	0.00359	0.00558
58	0.00731	0.00626	0.00731	0.00522	0.00835	0.00470	0.00418	0.00887	0.00731	0.01148	0.00626	0.00731	0.00522	0.00261	0.00261	0.00052	0.00261	0.00209	0.00209	0.89768
59	0.00670	0.00631	0.01066	0.84814	0.04343	0.00784	0.00981	0.00905	0.00707	0.00906	0.00627	0.00938	0.00472	0.00351	0.00352	0.00117	0.00469	0.00313	0.00157	0.00395
60	0.00432	0.00308	0.00408	0.00487	0.00507	0.00288	0.00323	0.00492	0.00669	0.00892	0.01913	0.84329	0.02293	0.04211	0.00498	0.00150	0.00209	0.00984	0.00323	0.00284
61	0.01581	0.00600	0.00818	0.00627	0.00900	0.00518	0.00518	0.01718	0.01009	0.85660	0.01390	0.01200	0.00872	0.00436	0.00354	0.00109	0.00300	0.00354	0.00436	0.00600
62	0.00429	0.00307	0.00409	0.00491	0.00511	0.00286	0.00327	0.00491	0.00675	0.00900	0.01943	0.87384	0.02331	0.01104	0.00450	0.00143	0.00204	0.01002	0.00327	0.00286
63	0.00885	0.00761	0.00802	0.00719	0.00920	0.00881	0.00560	0.03424	0.83213	0.01488	0.01423	0.01306	0.01067	0.00477	0.00359	0.00119	0.00281	0.00397	0.00359	0.00559
64	0.00992	0.00731	0.00800	0.00702	0.00914	0.00818	0.00551	0.01847	0.71009	0.15312	0.01427	0.01296	0.01042	0.00471	0.00358	0.00118	0.00282	0.00391	0.00371	0.00565
65	0.01568	0.00621	0.00831	0.00637	0.00910	0.00549	0.00526	0.06146	0.01044	0.81182	0.01361	0.01181	0.00858	0.00436	0.00354	0.00109	0.00305	0.00352	0.00432	0.00600
66	0.00707	0.01823	0.85788	0.01005	0.01525	0.00818	0.01302	0.01116	0.00744	0.01116	0.00632	0.00744	0.00446	0.00335	0.00335	0.00112	0.00521	0.00260	0.00149	0.00521
67	0.00504	0.00376	0.00559	0.00559	0.00620	0.00437	0.00431	0.00625	0.00564	0.00813	0.00951	0.01421	0.00897	0.06035	0.82848	0.00557	0.00920	0.00383	0.00190	0.00311
68	0.00475	0.00346	0.00484	0.00517	0.00556	0.00369	0.00371	0.00562	0.00604	0.00836	0.01359	0.35696	0.01501	0.11149	0.43038	0.00374	0.00585	0.00640	0.00246	0.00293
