[name]
unknown

[dist]
# distance from previous block
# <min> <max>
0	19

[block]
# block no. 0 follows, 75 sequences, length 38
# corresponding to MSA columns:
# 19-56
name=unknown_A
#
# <colnr> <probs for GDERKNQSTAVLIFYWHMCP>
#	G	D	E	R	K	N	Q	S	T	A	V	L	I	F	Y	W	H	M	C	P
0	0.84515	0.00729	0.00573	0.00504	0.00735	0.00842	0.00415	0.05912	0.00690	0.01687	0.00533	0.00613	0.00411	0.00347	0.00235	0.00113	0.00291	0.00207	0.00235	0.00411
1	0.00434	0.00372	0.00372	0.00372	0.00496	0.00310	0.00279	0.00527	0.00837	0.00992	0.03721	0.03535	0.84652	0.00930	0.00434	0.00124	0.00186	0.00775	0.00341	0.00310
2	0.01332	0.00987	0.01059	0.00828	0.01109	0.01096	0.00679	0.70445	0.13469	0.03711	0.00980	0.00958	0.00701	0.00449	0.00368	0.00112	0.00386	0.00343	0.00370	0.00618
3	0.00694	0.00653	0.01102	0.86210	0.02530	0.00816	0.01020	0.00938	0.00734	0.00938	0.00653	0.00979	0.00490	0.00367	0.00367	0.00122	0.00490	0.00326	0.00163	0.00408
4	0.01023	0.76793	0.01819	0.00653	0.00963	0.01411	0.00635	0.09601	0.02431	0.01026	0.00567	0.00634	0.00499	0.00331	0.00252	0.00083	0.00392	0.00214	0.00183	0.00489
5	0.01396	0.01029	0.01102	0.00845	0.01139	0.01139	0.00698	0.83577	0.01727	0.02315	0.00882	0.00882	0.00625	0.00441	0.00367	0.00110	0.00404	0.00331	0.00367	0.00625
6	0.00684	0.00640	0.01075	0.82883	0.02452	0.00796	0.00994	0.00922	0.00733	0.00938	0.00706	0.04313	0.00565	0.00398	0.00371	0.00123	0.00479	0.00354	0.00170	0.00404
7	0.00804	0.00804	0.01125	0.00964	0.00964	0.01125	0.00804	0.00884	0.00562	0.00884	0.00482	0.00804	0.00482	0.00643	0.01205	0.00161	0.86420	0.00321	0.00161	0.00402
8	0.00909	0.00873	0.01491	0.02254	0.84801	0.00873	0.01127	0.01127	0.00836	0.01200	0.00691	0.00909	0.00582	0.00327	0.00364	0.00109	0.00436	0.00327	0.00182	0.00582
9	0.00694	0.00653	0.01102	0.86210	0.02530	0.00816	0.01020	0.00938	0.00734	0.00938	0.00653	0.00979	0.00490	0.00367	0.00367	0.00122	0.00490	0.00326	0.00163	0.00408
10	0.01427	0.00997	0.01069	0.00824	0.01114	0.03258	0.00679	0.71209	0.01624	0.12633	0.00945	0.00922	0.00656	0.00441	0.00367	0.00110	0.00399	0.00333	0.00374	0.00619
11	0.01551	0.00679	0.03497	0.00691	0.00960	0.00597	0.00587	0.01697	0.01003	0.75649	0.01346	0.01199	0.00861	0.00466	0.00436	0.00118	0.07273	0.00362	0.00422	0.00604
12	0.01040	0.00852	0.00902	0.00773	0.01003	0.00973	0.00612	0.23362	0.62522	0.01741	0.01334	0.01242	0.00991	0.00483	0.00372	0.00121	0.00320	0.00393	0.00372	0.00593
13	0.89687	0.00710	0.00540	0.00483	0.00710	0.00824	0.00398	0.01080	0.00625	0.01648	0.00511	0.00597	0.00398	0.00341	0.00227	0.00114	0.00284	0.00199	0.00227	0.00398
14	0.03614	0.00627	0.00845	0.00650	0.00932	0.00546	0.00537	0.01774	0.01042	0.83193	0.01428	0.01235	0.00898	0.00452	0.00366	0.00114	0.00312	0.00366	0.00450	0.00620
15	0.00907	0.00860	0.01525	0.09979	0.63310	0.00864	0.12130	0.01137	0.00838	0.03847	0.00718	0.00937	0.00580	0.00333	0.00373	0.00112	0.00462	0.00343	0.00189	0.00555
16	0.00703	0.00661	0.01101	0.79832	0.04505	0.00813	0.01000	0.00942	0.00735	0.00952	0.00651	0.00967	0.00493	0.00368	0.00379	0.00121	0.02040	0.00323	0.00165	0.03248
17	0.01513	0.01931	0.00850	0.00644	0.00917	0.00572	0.00531	0.06450	0.01071	0.70510	0.04876	0.01339	0.03652	0.00474	0.00369	0.00112	0.00308	0.00385	0.00433	0.03060
18	0.00804	0.00771	0.01333	0.01044	0.01229	0.00851	0.30222	0.05252	0.03411	0.02506	0.00779	0.01079	0.00664	0.02890	0.19951	0.00241	0.23115	0.00383	0.00203	0.03272
19	0.00522	0.00381	0.00521	0.00521	0.00570	0.00420	0.00377	0.00612	0.00587	0.00818	0.01191	0.01851	0.05767	0.28138	0.55517	0.00493	0.00749	0.00458	0.00213	0.00295
20	0.00698	0.00659	0.01103	0.82700	0.02465	0.00829	0.01011	0.00936	0.00727	0.00936	0.00646	0.00972	0.00489	0.00379	0.00402	0.00124	0.04028	0.00326	0.00163	0.00408
21	0.00907	0.00877	0.01518	0.02225	0.81416	0.00875	0.04491	0.01129	0.00838	0.01199	0.00693	0.00912	0.00581	0.00327	0.00366	0.00110	0.00444	0.00332	0.00182	0.00578
22	0.00909	0.00873	0.01491	0.02254	0.84801	0.00873	0.01127	0.01127	0.00836	0.01200	0.00691	0.00909	0.00582	0.00327	0.00364	0.00109	0.00436	0.00327	0.00182	0.00582
23	0.00694	0.00653	0.01102	0.86210	0.02530	0.00816	0.01020	0.00938	0.00734	0.00938	0.00653	0.00979	0.00490	0.00367	0.00367	0.00122	0.00490	0.00326	0.00163	0.00408
24	0.01207	0.00752	0.01201	0.01482	0.43333	0.00712	0.03361	0.01394	0.00937	0.36874	0.04273	0.01128	0.00832	0.00397	0.00371	0.00112	0.00379	0.00361	0.00307	0.00588
25	0.00549	0.00372	0.00432	0.00426	0.00426	0.00384	0.00249	0.00545	0.00533	0.00716	0.01110	0.02289	0.01274	0.80231	0.01826	0.03982	0.03696	0.00517	0.00218	0.00227
26	0.00737	0.01900	0.85189	0.01047	0.01590	0.00853	0.01357	0.01163	0.00775	0.01163	0.00659	0.00775	0.00465	0.00349	0.00349	0.00116	0.00543	0.00271	0.00155	0.00543
27	0.00784	0.00461	0.00656	0.00760	0.11229	0.00429	0.00488	0.00893	0.00804	0.19540	0.01693	0.51119	0.01791	0.00860	0.00426	0.00134	0.00265	0.03258	0.04002	0.00409
28	0.89687	0.00710	0.00540	0.00483	0.00710	0.00824	0.00398	0.01080	0.00625	0.01648	0.00511	0.00597	0.00398	0.00341	0.00227	0.00114	0.00284	0.00199	0.00227	0.00398
29	0.00694	0.00653	0.01102	0.86210	0.02530	0.00816	0.01020	0.00938	0.00734	0.00938	0.00653	0.00979	0.00490	0.00367	0.00367	0.00122	0.00490	0.00326	0.00163	0.00408
30	0.00867	0.00991	0.02167	0.01548	0.01920	0.00929	0.83467	0.01176	0.00867	0.01176	0.00743	0.00991	0.00557	0.00310	0.00433	0.00124	0.00619	0.00433	0.00186	0.00495
31	0.10097	0.00763	0.06683	0.00618	0.00932	0.00607	0.00536	0.07402	0.00872	0.17053	0.00814	0.00864	0.00608	0.00396	0.02515	0.00094	0.00328	0.00261	0.00270	0.48287
32	0.01604	0.00655	0.00866	0.00668	0.00950	0.00590	0.00551	0.06638	0.04362	0.76869	0.01417	0.01233	0.00901	0.00455	0.00369	0.00114	0.00317	0.00369	0.00446	0.00623
33	0.02468	0.01422	0.00948	0.00872	0.01044	0.62858	0.01766	0.04033	0.01021	0.01017	0.05249	0.03842	0.00898	0.00501	0.00363	0.00108	0.00568	0.10378	0.00230	0.00414
34	0.00914	0.00789	0.00830	0.00747	0.00955	0.00914	0.00581	0.01952	0.84138	0.01536	0.01495	0.01370	0.01121	0.00498	0.00374	0.00125	0.00291	0.00415	0.00374	0.00581
35	0.00795	0.00757	0.01286	0.46497	0.41446	0.00843	0.01071	0.01028	0.00783	0.01062	0.00671	0.00946	0.00533	0.00348	0.00365	0.00116	0.00464	0.00327	0.00172	0.00490
36	0.00438	0.00355	0.00389	0.00417	0.00508	0.00306	0.00299	0.00522	0.00794	0.00975	0.03176	0.30290	0.58249	0.01001	0.00445	0.00132	0.00195	0.00862	0.00341	0.00306
37	0.86402	0.03917	0.00591	0.00488	0.00719	0.00847	0.00406	0.01080	0.00630	0.01619	0.00511	0.00596	0.00400	0.00340	0.00228	0.00112	0.00288	0.00199	0.00225	0.00400

[dist]
# distance from previous block
# <min> <max>
0	1

[block]
# block no. 1 follows, 75 sequences, length 87
# corresponding to MSA columns:
# 58-144
name=unknown_B
#
# <colnr> <probs for GDERKNQSTAVLIFYWHMCP>
#	G	D	E	R	K	N	Q	S	T	A	V	L	I	F	Y	W	H	M	C	P
0	0.04893	0.00749	0.00850	0.00676	0.00946	0.05348	0.02042	0.04038	0.18933	0.33455	0.02211	0.01101	0.00839	0.00412	0.00341	0.00101	0.00323	0.00332	0.00347	0.22063
1	0.00909	0.00873	0.01491	0.02254	0.84801	0.00873	0.01127	0.01127	0.00836	0.01200	0.00691	0.00909	0.00582	0.00327	0.00364	0.00109	0.00436	0.00327	0.00182	0.00582
2	0.00694	0.00653	0.01102	0.86210	0.02530	0.00816	0.01020	0.00938	0.00734	0.00938	0.00653	0.00979	0.00490	0.00367	0.00367	0.00122	0.00490	0.00326	0.00163	0.00408
3	0.00445	0.00372	0.00387	0.00383	0.00503	0.00315	0.00288	0.00548	0.00863	0.01053	0.13951	0.03435	0.74384	0.00907	0.00434	0.00123	0.00184	0.00761	0.00349	0.00315
4	0.00800	0.00799	0.01124	0.03670	0.01014	0.01115	0.00810	0.00886	0.00568	0.00886	0.00488	0.00809	0.00482	0.00634	0.01179	0.00159	0.83693	0.00322	0.00161	0.00402
5	0.00810	0.04899	0.06309	0.00684	0.00876	0.00755	0.00565	0.10948	0.35989	0.01419	0.09622	0.20287	0.02868	0.00646	0.00391	0.00124	0.00295	0.00552	0.00341	0.01619
6	0.00515	0.00375	0.00484	0.00457	0.00546	0.00344	0.00343	0.00683	0.01028	0.01445	0.79842	0.02790	0.08248	0.00761	0.00433	0.00116	0.00174	0.00671	0.00401	0.00344
7	0.00694	0.00653	0.01102	0.86210	0.02530	0.00816	0.01020	0.00938	0.00734	0.00938	0.00653	0.00979	0.00490	0.00367	0.00367	0.00122	0.00490	0.00326	0.00163	0.00408
8	0.02146	0.00659	0.00719	0.00653	0.00824	0.00735	0.00505	0.01545	0.57008	0.01512	0.26290	0.01796	0.02890	0.00577	0.00390	0.00122	0.00254	0.00491	0.00380	0.00505
9	0.00694	0.00653	0.01102	0.86210	0.02530	0.00816	0.01020	0.00938	0.00734	0.00938	0.00653	0.00979	0.00490	0.00367	0.00367	0.00122	0.00490	0.00326	0.00163	0.00408
10	0.89687	0.00710	0.00540	0.00483	0.00710	0.00824	0.00398	0.01080	0.00625	0.01648	0.00511	0.00597	0.00398	0.00341	0.00227	0.00114	0.00284	0.00199	0.00227	0.00398
11	0.89687	0.00710	0.00540	0.00483	0.00710	0.00824	0.00398	0.01080	0.00625	0.01648	0.00511	0.00597	0.00398	0.00341	0.00227	0.00114	0.00284	0.00199	0.00227	0.00398
12	0.01372	0.01750	0.01041	0.00946	0.01135	0.85618	0.00710	0.01467	0.01041	0.00899	0.00568	0.00662	0.00473	0.00378	0.00331	0.00095	0.00662	0.00237	0.00189	0.00426
13	0.00734	0.00706	0.02157	0.15322	0.14881	0.00756	0.12572	0.01029	0.11707	0.01118	0.05675	0.12243	0.06904	0.02036	0.00520	0.00132	0.10319	0.00497	0.00246	0.00445
14	0.00909	0.00873	0.01491	0.02254	0.84801	0.00873	0.01127	0.01127	0.00836	0.01200	0.00691	0.00909	0.00582	0.00327	0.00364	0.00109	0.00436	0.00327	0.00182	0.00582
15	0.00560	0.00418	0.00556	0.03870	0.00628	0.00466	0.00386	0.00628	0.00571	0.00797	0.01016	0.01841	0.01070	0.44173	0.33182	0.00414	0.06170	0.00451	0.00206	0.02596
16	0.00694	0.00653	0.01102	0.86210	0.02530	0.00816	0.01020	0.00938	0.00734	0.00938	0.00653	0.00979	0.00490	0.00367	0.00367	0.00122	0.00490	0.00326	0.00163	0.00408
17	0.04876	0.00628	0.00841	0.00647	0.00929	0.00550	0.00535	0.01764	0.01036	0.81998	0.01415	0.01226	0.00890	0.00450	0.00364	0.00114	0.00311	0.00363	0.00446	0.00617
18	0.00450	0.00327	0.00425	0.00502	0.00535	0.00303	0.00341	0.00519	0.00720	0.00947	0.02187	0.76627	0.10392	0.01126	0.00466	0.00147	0.00214	0.03130	0.00341	0.00300
19	0.00694	0.00653	0.01102	0.86210	0.02530	0.00816	0.01020	0.00938	0.00734	0.00938	0.00653	0.00979	0.00490	0.00367	0.00367	0.00122	0.00490	0.00326	0.00163	0.00408
20	0.00448	0.00332	0.00419	0.00482	0.00526	0.00303	0.00329	0.00523	0.00745	0.00973	0.06176	0.66942	0.18281	0.01090	0.00460	0.00143	0.00206	0.00975	0.00344	0.00303
21	0.00855	0.42986	0.45137	0.00846	0.01278	0.01142	0.01007	0.01133	0.00761	0.01019	0.00588	0.00686	0.00468	0.00332	0.00294	0.00098	0.00471	0.00235	0.00156	0.00508
22	0.02756	0.00910	0.00985	0.00790	0.01056	0.01005	0.00642	0.49183	0.26590	0.10463	0.01119	0.01062	0.00800	0.00458	0.00367	0.00115	0.00358	0.00358	0.00376	0.00608
23	0.89687	0.00710	0.00540	0.00483	0.00710	0.00824	0.00398	0.01080	0.00625	0.01648	0.00511	0.00597	0.00398	0.00341	0.00227	0.00114	0.00284	0.00199	0.00227	0.00398
24	0.01372	0.01750	0.01041	0.00946	0.01135	0.85618	0.00710	0.01467	0.01041	0.00899	0.00568	0.00662	0.00473	0.00378	0.00331	0.00095	0.00662	0.00237	0.00189	0.00426
25	0.00534	0.00357	0.00405	0.00405	0.00406	0.00358	0.00228	0.00537	0.00535	0.00715	0.01153	0.02382	0.01326	0.85227	0.03722	0.00361	0.00370	0.00531	0.00222	0.00225
26	0.01489	0.00879	0.01010	0.00774	0.01064	0.00917	0.00639	0.53281	0.01477	0.32964	0.01092	0.01018	0.00730	0.00446	0.00368	0.00111	0.00370	0.00345	0.00400	0.00625
27	0.00638	0.00319	0.00478	0.00478	0.00478	0.00319	0.00319	0.00478	0.00478	0.00638	0.00638	0.01116	0.00638	0.01276	0.01435	0.89314	0.00319	0.00319	0.00159	0.00159
28	0.56061	0.00678	0.00659	0.00548	0.00797	0.00715	0.00452	0.01351	0.00788	0.33505	0.00870	0.00846	0.00593	0.00384	0.00282	0.00114	0.00295	0.00264	0.00314	0.00485
29	0.01376	0.01019	0.01091	0.00841	0.01131	0.01129	0.00693	0.80104	0.05233	0.02282	0.00908	0.00903	0.00646	0.00443	0.00368	0.00111	0.00399	0.00334	0.00368	0.00623
30	0.00742	0.01861	0.81658	0.01068	0.01604	0.00856	0.04850	0.01164	0.00779	0.01164	0.00663	0.00785	0.00469	0.00347	0.00353	0.00117	0.00546	0.00278	0.00156	0.00541
31	0.58284	0.00758	0.00747	0.02996	0.00873	0.00898	0.01587	0.09743	0.00753	0.04869	0.00589	0.00703	0.00461	0.00407	0.00420	0.00122	0.14874	0.00247	0.00237	0.00433
32	0.00563	0.00407	0.00458	0.00438	0.00553	0.00377	0.00330	0.00760	0.07012	0.03812	0.29998	0.04449	0.37646	0.01773	0.00426	0.00120	0.00194	0.00657	0.09672	0.00354
33	0.01213	0.00814	0.00907	0.00751	0.00999	0.00885	0.00602	0.23425	0.42887	0.21376	0.01323	0.01213	0.00940	0.00473	0.00371	0.00118	0.00326	0.00382	0.00391	0.00603
34	0.00795	0.00711	0.01195	0.59641	0.24669	0.00819	0.01027	0.01028	0.00776	0.04845	0.00699	0.00973	0.00534	0.00360	0.00366	0.00118	0.00467	0.00329	0.00182	0.00465
35	0.00909	0.00873	0.01491	0.02254	0.84801	0.00873	0.01127	0.01127	0.00836	0.01200	0.00691	0.00909	0.00582	0.00327	0.00364	0.00109	0.00436	0.00327	0.00182	0.00582
36	0.00882	0.00744	0.00797	0.00714	0.00909	0.00848	0.00555	0.05257	0.69594	0.01561	0.12509	0.01532	0.01411	0.00529	0.00381	0.00123	0.00280	0.00445	0.00378	0.00552
37	0.00694	0.00653	0.01102	0.86210	0.02530	0.00816	0.01020	0.00938	0.00734	0.00938	0.00653	0.00979	0.00490	0.00367	0.00367	0.00122	0.00490	0.00326	0.00163	0.00408
38	0.00499	0.00371	0.00446	0.00441	0.00535	0.00330	0.00325	0.00628	0.00921	0.02650	0.43192	0.14807	0.31786	0.00865	0.00437	0.00123	0.00186	0.00751	0.00374	0.00332
39	0.00608	0.00404	0.00458	0.00439	0.00569	0.00350	0.00331	0.00723	0.01928	0.12013	0.10510	0.13355	0.55220	0.00873	0.00429	0.00125	0.00206	0.00741	0.00362	0.00357
40	0.48597	0.00719	0.00736	0.04251	0.00899	0.03716	0.05865	0.04221	0.05524	0.06708	0.14478	0.01088	0.01000	0.00428	0.00306	0.00115	0.00316	0.00325	0.00277	0.00430
41	0.00520	0.00375	0.00491	0.00462	0.00549	0.00347	0.00347	0.00693	0.01040	0.01473	0.84608	0.02743	0.03465	0.00751	0.00433	0.00116	0.00173	0.00664	0.00404	0.00347
42	0.00946	0.00497	0.00663	0.05148	0.00807	0.00462	0.00458	0.03593	0.01039	0.30623	0.45090	0.02105	0.05781	0.00625	0.00405	0.00115	0.00246	0.00538	0.00405	0.00454
43	0.00526	0.00388	0.00560	0.00560	0.00615	0.00443	0.00421	0.00636	0.00581	0.00830	0.01011	0.01596	0.00985	0.16231	0.72252	0.00553	0.00883	0.00416	0.00201	0.00311
44	0.01005	0.01140	0.01095	0.00958	0.01025	0.31119	0.00770	0.01091	0.00732	0.00889	0.00513	0.00753	0.00479	0.00549	0.00895	0.00137	0.55977	0.00291	0.00171	0.00410
45	0.01060	0.00670	0.00810	0.00596	0.00908	0.00547	0.00483	0.06648	0.00909	0.25487	0.00898	0.00911	0.00655	0.00336	0.00306	0.00075	0.00292	0.00269	0.00296	0.57846
46	0.01357	0.01009	0.01080	0.00837	0.01124	0.01121	0.00689	0.76928	0.08439	0.02251	0.00932	0.00922	0.00665	0.00446	0.00368	0.00111	0.00395	0.00338	0.00368	0.00621
47	0.01372	0.01750	0.01041	0.00946	0.01135	0.85618	0.00710	0.01467	0.01041	0.00899	0.00568	0.00662	0.00473	0.00378	0.00331	0.00095	0.00662	0.00237	0.00189	0.00426
48	0.01372	0.01750	0.01041	0.00946	0.01135	0.85618	0.00710	0.01467	0.01041	0.00899	0.00568	0.00662	0.00473	0.00378	0.00331	0.00095	0.00662	0.00237	0.00189	0.00426
49	0.00737	0.01900	0.85189	0.01047	0.01590	0.00853	0.01357	0.01163	0.00775	0.01163	0.00659	0.00775	0.00465	0.00349	0.00349	0.00116	0.00543	0.00271	0.00155	0.00543
50	0.00449	0.00320	0.00426	0.00510	0.00530	0.00299	0.00339	0.00512	0.00700	0.00934	0.02009	0.85406	0.02410	0.02623	0.00493	0.00153	0.00216	0.01035	0.00339	0.00297
51	0.00514	0.00372	0.00485	0.00463	0.00547	0.00343	0.00345	0.00680	0.01017	0.01434	0.78550	0.07282	0.05033	0.00776	0.00435	0.00117	0.00176	0.00687	0.00400	0.00343
52	0.00694	0.00653	0.01102	0.86210	0.02530	0.00816	0.01020	0.00938	0.00734	0.00938	0.00653	0.00979	0.00490	0.00367	0.00367	0.00122	0.00490	0.00326	0.00163	0.00408
53	0.00914	0.00789	0.00830	0.00747	0.00955	0.00914	0.00581	0.01952	0.84138	0.01536	0.01495	0.01370	0.01121	0.00498	0.00374	0.00125	0.00291	0.00415	0.00374	0.00581
54	0.01345	0.01710	0.01101	0.00979	0.01178	0.81064	0.05160	0.01451	0.01031	0.00914	0.00577	0.00680	0.00478	0.00375	0.00337	0.00096	0.00660	0.00247	0.00189	0.00430
55	0.00914	0.00789	0.00830	0.00747	0.00955	0.00914	0.00581	0.01952	0.84138	0.01536	0.01495	0.01370	0.01121	0.00498	0.00374	0.00125	0.00291	0.00415	0.00374	0.00581
56	0.00449	0.00321	0.00425	0.00508	0.00530	0.00299	0.00338	0.00512	0.00703	0.00935	0.02039	0.84323	0.03716	0.02378	0.00488	0.00152	0.00215	0.01033	0.00339	0.00297
57	0.00774	0.00642	0.00710	0.00646	0.00811	0.00712	0.00498	0.01505	0.54639	0.01514	0.30999	0.01858	0.01953	0.00588	0.00395	0.00121	0.00249	0.00504	0.00385	0.00498
58	0.00890	0.00853	0.01457	0.09593	0.77610	0.00868	0.01118	0.01111	0.00827	0.01177	0.00688	0.00915	0.00574	0.00331	0.00364	0.00110	0.00441	0.00327	0.00180	0.00567
59	0.23128	0.00884	0.00923	0.00724	0.01000	0.00963	0.00598	0.49803	0.01345	0.15816	0.00884	0.00873	0.00616	0.00419	0.00333	0.00112	0.00360	0.00305	0.00347	0.00569
60	0.01553	0.00608	0.00811	0.00629	0.00895	0.00535	0.00517	0.03513	0.01040	0.75497	0.01413	0.01253	0.00906	0.00452	0.00359	0.00111	0.00301	0.00366	0.08642	0.00599
61	0.00468	0.00373	0.00420	0.00408	0.00517	0.00325	0.00306	0.00594	0.00918	0.01185	0.36104	0.03218	0.52149	0.00858	0.00434	0.00121	0.00181	0.00731	0.00366	0.00325
62	0.00499	0.00375	0.00462	0.00440	0.00536	0.00338	0.00330	0.00653	0.00991	0.01357	0.65064	0.02935	0.23082	0.00794	0.00433	0.00118	0.00176	0.00691	0.00389	0.00338
63	0.00862	0.03684	0.07623	0.01487	0.01868	0.00940	0.75537	0.01173	0.00857	0.01166	0.00730	0.00964	0.00549	0.00312	0.00422	0.00122	0.00607	0.00416	0.00183	0.00498
64	0.00454	0.00373	0.00400	0.00393	0.00508	0.00318	0.00295	0.00565	0.00884	0.01103	0.22416	0.03352	0.65888	0.00889	0.00434	0.00122	0.00183	0.00749	0.00356	0.00318
65	0.00982	0.87313	0.01925	0.00628	0.00943	0.01453	0.00628	0.01100	0.00746	0.00864	0.00511	0.00589	0.00471	0.00314	0.00236	0.00079	0.00393	0.00196	0.00157	0.00471
66	0.01648	0.00625	0.00852	0.00653	0.00938	0.00540	0.00540	0.01790	0.01051	0.85056	0.01449	0.01250	0.00909	0.00455	0.00369	0.00114	0.00313	0.00369	0.00455	0.00625
67	0.01206	0.00696	0.00827	0.00696	0.00926	0.00726	0.00555	0.01794	0.42405	0.37399	0.05974	0.01383	0.01146	0.00496	0.00390	0.00120	0.01865	0.00407	0.00406	0.00584
68	0.00762	0.00653	0.00762	0.00544	0.00870	0.00490	0.00435	0.00925	0.00762	0.01197	0.00653	0.00762	0.00544	0.00272	0.00272	0.00054	0.00272	0.00218	0.00218	0.89338
69	0.00530	0.00355	0.00402	0.00405	0.00406	0.00354	0.00228	0.00533	0.00541	0.00722	0.01194	0.05996	0.01382	0.83436	0.01810	0.00347	0.00350	0.00556	0.00228	0.00226
70	0.00710	0.00670	0.01132	0.79651	0.08957	0.00820	0.01028	0.00953	0.00742	0.00959	0.00656	0.00974	0.00497	0.00364	0.00367	0.00121	0.00485	0.00326	0.00165	0.00422
71	0.00861	0.00960	0.02046	0.01475	0.01828	0.00907	0.76526	0.02146	0.03193	0.01203	0.02324	0.01114	0.00667	0.00343	0.00433	0.00125	0.00592	0.02563	0.00201	0.00492
72	0.00684	0.00333	0.00496	0.00486	0.00499	0.00329	0.00329	0.00538	0.00505	0.04488	0.00675	0.01123	0.00650	0.01238	0.01387	0.85246	0.00319	0.00321	0.00173	0.00181
73	0.00540	0.00417	0.00644	0.00617	0.00691	0.00471	0.04079	0.00669	0.00598	0.00856	0.00987	0.01500	0.00936	0.09415	0.75180	0.00551	0.00917	0.00407	0.00198	0.00327
74	0.00724	0.01831	0.81474	0.01023	0.01543	0.00829	0.01312	0.01135	0.00772	0.01153	0.00719	0.04549	0.00551	0.00384	0.00354	0.00118	0.00528	0.00305	0.00163	0.00532
75	0.04885	0.00809	0.00936	0.00783	0.04812	0.05266	0.00607	0.21862	0.05683	0.44884	0.01159	0.01072	0.00776	0.00431	0.00357	0.00110	0.00355	0.00340	0.00383	0.04490
76	0.00782	0.00774	0.01084	0.00937	0.00939	0.01075	0.00776	0.00863	0.00569	0.00886	0.00560	0.04588	0.00576	0.00707	0.02861	0.00169	0.80933	0.00355	0.00169	0.00396
77	0.00562	0.00452	0.00607	0.00603	0.00673	0.04191	0.00467	0.00690	0.00609	0.00853	0.00968	0.01422	0.00904	0.03795	0.80760	0.00565	0.00961	0.00389	0.00197	0.00331
78	0.68316	0.00676	0.00597	0.00518	0.00748	0.00745	0.00423	0.01196	0.00713	0.18157	0.00764	0.04507	0.00588	0.00399	0.00266	0.00115	0.00287	0.00270	0.00277	0.00438
79	0.01812	0.00880	0.01765	0.01325	0.04355	0.00833	0.59840	0.02902	0.04083	0.06577	0.05793	0.02377	0.04810	0.00396	0.00422	0.00122	0.00521	0.00458	0.00236	0.00491
80	0.00935	0.00762	0.00807	0.00640	0.00909	0.05885	0.00507	0.09232	0.18764	0.07487	0.02154	0.02649	0.04457	0.00408	0.00327	0.00087	0.00310	0.00328	0.00291	0.43061
81	0.00549	0.00381	0.00508	0.00570	0.04252	0.00351	0.00385	0.00656	0.00826	0.05514	0.21939	0.47308	0.11974	0.00954	0.00447	0.00135	0.00218	0.02336	0.00355	0.00342
82	0.59549	0.00716	0.00637	0.04306	0.00842	0.00828	0.00467	0.02638	0.20131	0.01571	0.02026	0.00886	0.00649	0.03033	0.00323	0.00124	0.00297	0.00274	0.00263	0.00439
83	0.04724	0.00780	0.01275	0.35350	0.45383	0.00854	0.01034	0.02568	0.02438	0.01143	0.00687	0.00932	0.00549	0.00349	0.00359	0.00115	0.00447	0.00323	0.00184	0.00506
84	0.03571	0.00776	0.01291	0.33012	0.48297	0.00836	0.01040	0.01085	0.00802	0.04793	0.00705	0.00940	0.00557	0.00348	0.00361	0.00114	0.00446	0.00325	0.00188	0.00514
85	0.21652	0.00743	0.01069	0.33034	0.22993	0.00828	0.02201	0.04846	0.00806	0.07492	0.00701	0.00888	0.00530	0.00360	0.00335	0.00116	0.00413	0.00302	0.00214	0.00478
86	0.06045	0.00938	0.01402	0.05751	0.14467	0.11513	0.27513	0.03011	0.00895	0.14749	0.02996	0.02348	0.00697	0.00397	0.00429	0.00118	0.05618	0.00370	0.00241	0.00501

[dist]
# distance from previous block
# <min> <max>
2	15

[block]
# block no. 2 follows, 75 sequences, length 17
# corresponding to MSA columns:
# 160-176
name=unknown_C
#
# <colnr> <probs for GDERKNQSTAVLIFYWHMCP>
#	G	D	E	R	K	N	Q	S	T	A	V	L	I	F	Y	W	H	M	C	P
0	0.00832	0.07261	0.34068	0.00772	0.02190	0.00705	0.00821	0.01122	0.03950	0.10204	0.06718	0.01156	0.06490	0.00412	0.00337	0.00099	0.00382	0.00331	0.00241	0.21910
1	0.02157	0.02389	0.09502	0.00957	0.18595	0.00630	0.00669	0.01094	0.10884	0.07914	0.31338	0.01690	0.03880	0.00526	0.00380	0.00111	0.00304	0.00458	0.00311	0.06211
2	0.00903	0.00849	0.04897	0.01635	0.52059	0.01997	0.00915	0.02554	0.08117	0.05271	0.08386	0.01108	0.00896	0.00385	0.00362	0.00106	0.00386	0.00354	0.00237	0.08582
3	0.04161	0.00728	0.01197	0.08284	0.43878	0.00729	0.07521	0.01026	0.02275	0.04702	0.03402	0.11873	0.06323	0.00490	0.00383	0.00117	0.00388	0.00460	0.00234	0.01828
4	0.01390	0.01018	0.01072	0.00832	0.01118	0.04161	0.00683	0.71647	0.05362	0.07567	0.00935	0.00920	0.00660	0.00442	0.00367	0.00111	0.00403	0.00334	0.00367	0.00615
5	0.01059	0.01132	0.06681	0.08521	0.40961	0.22498	0.00966	0.03902	0.00911	0.06499	0.00703	0.00861	0.00559	0.00366	0.00378	0.00109	0.02863	0.00303	0.00203	0.00524
6	0.03106	0.00981	0.01134	0.01028	0.09974	0.09799	0.02910	0.32990	0.01148	0.09796	0.00770	0.00875	0.00589	0.00470	0.00578	0.00122	0.22597	0.00322	0.00277	0.00534
7	0.00807	0.06128	0.03763	0.00556	0.00722	0.00527	0.00459	0.04122	0.05016	0.16216	0.51999	0.03433	0.03492	0.00640	0.00401	0.00114	0.00241	0.00550	0.00384	0.00432
8	0.00774	0.01348	0.43741	0.01158	0.06683	0.00806	0.21418	0.01144	0.04875	0.02782	0.03935	0.07983	0.00806	0.00427	0.00385	0.00121	0.00498	0.00401	0.00205	0.00510
9	0.00920	0.00753	0.02759	0.42464	0.27316	0.00800	0.03313	0.02266	0.00832	0.13851	0.00791	0.00994	0.00585	0.00367	0.00368	0.00117	0.00450	0.00335	0.00217	0.00502
10	0.00982	0.02902	0.01376	0.01913	0.66207	0.04999	0.01005	0.03717	0.02907	0.06624	0.00846	0.01001	0.03140	0.00363	0.00362	0.00109	0.00426	0.00338	0.00214	0.00567
11	0.00601	0.00502	0.00845	0.03085	0.00875	0.00506	0.16517	0.00691	0.00714	0.00967	0.07871	0.33241	0.05402	0.04055	0.01907	0.14506	0.06457	0.00668	0.00263	0.00327
12	0.01375	0.08387	0.11406	0.03992	0.01119	0.00717	0.03516	0.03684	0.02907	0.55674	0.01184	0.01100	0.00778	0.00425	0.00373	0.00113	0.01964	0.00342	0.00362	0.00584
13	0.01225	0.02993	0.26178	0.00862	0.01221	0.02807	0.05201	0.17246	0.01074	0.32643	0.01044	0.01105	0.00729	0.00429	0.00368	0.00115	0.00426	0.03441	0.00317	0.00575
14	0.00706	0.00665	0.01123	0.81536	0.07109	0.00819	0.01026	0.00949	0.00740	0.00953	0.00655	0.00975	0.00495	0.00365	0.00367	0.00122	0.00487	0.00326	0.00164	0.00418
15	0.01011	0.00689	0.01110	0.07326	0.15130	0.00682	0.14143	0.05882	0.00883	0.23631	0.02228	0.08220	0.00953	0.12139	0.01745	0.00158	0.02849	0.00447	0.00286	0.00486
16	0.10049	0.00709	0.01012	0.04386	0.27376	0.00693	0.00721	0.04253	0.01975	0.36563	0.02103	0.05723	0.00841	0.00439	0.00358	0.00114	0.00351	0.00375	0.00321	0.01639

[dist]
# distance from previous block
# <min> <max>
0	1

[block]
# block no. 3 follows, 75 sequences, length 50
# corresponding to MSA columns:
# 178-227
name=unknown_D
#
# <colnr> <probs for GDERKNQSTAVLIFYWHMCP>
#	G	D	E	R	K	N	Q	S	T	A	V	L	I	F	Y	W	H	M	C	P
0	0.02458	0.18340	0.05182	0.04926	0.01178	0.04172	0.08719	0.21090	0.09820	0.10696	0.03284	0.02021	0.00763	0.00432	0.00386	0.00111	0.04257	0.01357	0.00280	0.00526
1	0.41163	0.00689	0.00716	0.00583	0.00835	0.00714	0.00480	0.08787	0.00910	0.37120	0.00968	0.00928	0.00655	0.00401	0.00301	0.00112	0.00303	0.00288	0.03532	0.00513
2	0.00990	0.00888	0.01411	0.02035	0.72414	0.03532	0.01052	0.04157	0.02059	0.06799	0.00755	0.00929	0.00609	0.00344	0.00363	0.00109	0.00432	0.00329	0.00210	0.00581
3	0.00476	0.00369	0.00433	0.00426	0.00524	0.00326	0.00316	0.00604	0.00922	0.01216	0.41928	0.09994	0.39419	0.00863	0.00436	0.00122	0.00182	0.00745	0.00371	0.00326
4	0.00863	0.45817	0.42377	0.00832	0.01257	0.01162	0.00982	0.01131	0.00760	0.01009	0.00583	0.00680	0.00468	0.00331	0.00291	0.00097	0.00466	0.00233	0.00156	0.00506
5	0.03237	0.00891	0.01019	0.00787	0.01063	0.10357	0.09068	0.20371	0.03764	0.11063	0.03763	0.02249	0.00742	0.00396	0.00363	0.00096	0.02526	0.00322	0.00285	0.27639
6	0.01267	0.00576	0.00762	0.00639	0.00844	0.00536	0.00509	0.06258	0.02312	0.52873	0.03499	0.20899	0.01323	0.00641	0.00422	0.00125	0.02875	0.02702	0.00409	0.00529
7	0.00469	0.00341	0.00443	0.00487	0.00535	0.00314	0.00339	0.00569	0.00818	0.01109	0.27991	0.54887	0.08315	0.01011	0.00455	0.00137	0.00199	0.00907	0.00361	0.00314
8	0.00807	0.10996	0.70545	0.00994	0.01490	0.05298	0.01235	0.02554	0.00802	0.01137	0.00642	0.00751	0.00469	0.00348	0.00336	0.00111	0.00531	0.00263	0.00161	0.00530
9	0.01063	0.05363	0.01288	0.09390	0.22159	0.02852	0.08073	0.24128	0.11783	0.05272	0.00861	0.00964	0.00654	0.00403	0.00401	0.00114	0.04069	0.00342	0.00267	0.00555
10	0.00867	0.00991	0.02167	0.01548	0.01920	0.00929	0.83467	0.01176	0.00867	0.01176	0.00743	0.00991	0.00557	0.00310	0.00433	0.00124	0.00619	0.00433	0.00186	0.00495
11	0.00534	0.00356	0.00401	0.00401	0.00401	0.00356	0.00223	0.00534	0.00534	0.00712	0.01157	0.02403	0.01335	0.87092	0.01869	0.00356	0.00356	0.00534	0.00223	0.00223
12	0.20130	0.01197	0.30010	0.03447	0.03641	0.05125	0.05888	0.06174	0.01879	0.17953	0.00808	0.00862	0.00566	0.00374	0.00333	0.00114	0.00436	0.00292	0.00250	0.00521
13	0.01602	0.00684	0.00874	0.00676	0.00957	0.02476	0.00556	0.07606	0.03592	0.74802	0.01390	0.01214	0.00886	0.00453	0.00368	0.00113	0.00326	0.00365	0.00440	0.00619
14	0.89687	0.00710	0.00540	0.00483	0.00710	0.00824	0.00398	0.01080	0.00625	0.01648	0.00511	0.00597	0.00398	0.00341	0.00227	0.00114	0.00284	0.00199	0.00227	0.00398
15	0.00701	0.00661	0.01115	0.83246	0.05433	0.00818	0.01024	0.00945	0.00738	0.00948	0.00654	0.00977	0.00493	0.00366	0.00367	0.00122	0.00488	0.00326	0.00164	0.00414
16	0.00451	0.00322	0.00429	0.00509	0.00534	0.00301	0.00341	0.00521	0.00720	0.00965	0.06235	0.82564	0.02482	0.01130	0.00467	0.00147	0.00211	0.01025	0.00344	0.00301
17	0.00517	0.00382	0.00554	0.00564	0.00618	0.00432	0.00424	0.00629	0.00597	0.00848	0.01112	0.10699	0.01120	0.10703	0.68434	0.00520	0.00841	0.00477	0.00215	0.00315
18	0.01648	0.00625	0.00852	0.00653	0.00938	0.00540	0.00540	0.01790	0.01051	0.85056	0.01449	0.01250	0.00909	0.00455	0.00369	0.00114	0.00313	0.00369	0.00455	0.00625
19	0.00870	0.00473	0.00613	0.04727	0.00755	0.00451	0.00437	0.04103	0.00985	0.22350	0.35350	0.02105	0.04333	0.02640	0.00423	0.00120	0.00246	0.05180	0.13414	0.00425
20	0.00460	0.00370	0.00410	0.00407	0.00514	0.00320	0.00302	0.00575	0.00888	0.01129	0.27233	0.08249	0.56071	0.00891	0.00436	0.00123	0.00184	0.00759	0.00360	0.00320
21	0.01399	0.00974	0.01046	0.00814	0.01097	0.03330	0.00668	0.64036	0.07221	0.14116	0.00997	0.00962	0.00695	0.00445	0.00367	0.00111	0.00390	0.00339	0.00376	0.00616
22	0.01396	0.01029	0.01102	0.00845	0.01139	0.01139	0.00698	0.83577	0.01727	0.02315	0.00882	0.00882	0.00625	0.00441	0.00367	0.00110	0.00404	0.00331	0.00367	0.00625
23	0.00694	0.00653	0.01102	0.86210	0.02530	0.00816	0.01020	0.00938	0.00734	0.00938	0.00653	0.00979	0.00490	0.00367	0.00367	0.00122	0.00490	0.00326	0.00163	0.00408
24	0.00762	0.00653	0.00762	0.00544	0.00870	0.00490	0.00435	0.00925	0.00762	0.01197	0.00653	0.00762	0.00544	0.00272	0.00272	0.00054	0.00272	0.00218	0.00218	0.89338
25	0.89687	0.00710	0.00540	0.00483	0.00710	0.00824	0.00398	0.01080	0.00625	0.01648	0.00511	0.00597	0.00398	0.00341	0.00227	0.00114	0.00284	0.00199	0.00227	0.00398
26	0.00867	0.00991	0.02167	0.01548	0.01920	0.00929	0.83467	0.01176	0.00867	0.01176	0.00743	0.00991	0.00557	0.00310	0.00433	0.00124	0.00619	0.00433	0.00186	0.00495
27	0.01396	0.01029	0.01102	0.00845	0.01139	0.01139	0.00698	0.83577	0.01727	0.02315	0.00882	0.00882	0.00625	0.00441	0.00367	0.00110	0.00404	0.00331	0.00367	0.00625
28	0.89687	0.00710	0.00540	0.00483	0.00710	0.00824	0.00398	0.01080	0.00625	0.01648	0.00511	0.00597	0.00398	0.00341	0.00227	0.00114	0.00284	0.00199	0.00227	0.00398
29	0.00694	0.00653	0.01102	0.86210	0.02530	0.00816	0.01020	0.00938	0.00734	0.00938	0.00653	0.00979	0.00490	0.00367	0.00367	0.00122	0.00490	0.00326	0.00163	0.00408
30	0.00926	0.00428	0.00514	0.00452	0.00594	0.00399	0.00353	0.01089	0.00899	0.25012	0.16714	0.01590	0.01400	0.00495	0.00321	0.00099	0.00211	0.00410	0.47669	0.00423
31	0.00982	0.87313	0.01925	0.00628	0.00943	0.01453	0.00628	0.01100	0.00746	0.00864	0.00511	0.00589	0.00471	0.00314	0.00236	0.00079	0.00393	0.00196	0.00157	0.00471
32	0.89687	0.00710	0.00540	0.00483	0.00710	0.00824	0.00398	0.01080	0.00625	0.01648	0.00511	0.00597	0.00398	0.00341	0.00227	0.00114	0.00284	0.00199	0.00227	0.00398
33	0.00525	0.00393	0.00588	0.00587	0.00653	0.00456	0.00456	0.00657	0.00602	0.00869	0.03253	0.01478	0.00987	0.02700	0.83325	0.00577	0.00962	0.00401	0.00202	0.00328
34	0.00441	0.00372	0.00382	0.00380	0.00501	0.00313	0.00285	0.00541	0.00854	0.01033	0.10648	0.03467	0.77699	0.00915	0.00434	0.00123	0.00185	0.00766	0.00346	0.00313
35	0.00447	0.00320	0.00426	0.00511	0.00533	0.00298	0.00341	0.00511	0.00703	0.00938	0.02024	0.86853	0.02429	0.01151	0.00469	0.00149	0.00213	0.01044	0.00341	0.00298
36	0.00737	0.01900	0.85189	0.01047	0.01590	0.00853	0.01357	0.01163	0.00775	0.01163	0.00659	0.00775	0.00465	0.00349	0.00349	0.00116	0.00543	0.00271	0.00155	0.00543
37	0.89687	0.00710	0.00540	0.00483	0.00710	0.00824	0.00398	0.01080	0.00625	0.01648	0.00511	0.00597	0.00398	0.00341	0.00227	0.00114	0.00284	0.00199	0.00227	0.00398
38	0.00803	0.07048	0.54942	0.04366	0.20952	0.00900	0.02331	0.02426	0.00802	0.01163	0.00661	0.00806	0.00497	0.00343	0.00347	0.00112	0.00505	0.00285	0.00165	0.00543
39	0.00737	0.01900	0.85189	0.01047	0.01590	0.00853	0.01357	0.01163	0.00775	0.01163	0.00659	0.00775	0.00465	0.00349	0.00349	0.00116	0.00543	0.00271	0.00155	0.00543
40	0.00447	0.00320	0.00426	0.00511	0.00533	0.00298	0.00341	0.00511	0.00703	0.00938	0.02024	0.86853	0.02429	0.01151	0.00469	0.00149	0.00213	0.01044	0.00341	0.00298
41	0.01361	0.03580	0.23472	0.00769	0.01118	0.00677	0.00770	0.03498	0.00974	0.56470	0.01177	0.01086	0.00762	0.00425	0.00376	0.00114	0.02083	0.00336	0.00358	0.00594
42	0.00534	0.00356	0.00401	0.00401	0.00401	0.00356	0.00223	0.00534	0.00534	0.00712	0.01157	0.02403	0.01335	0.87092	0.01869	0.00356	0.00356	0.00534	0.00223	0.00223
43	0.00525	0.00394	0.00590	0.00590	0.00656	0.00459	0.00459	0.00656	0.00590	0.00853	0.00984	0.01443	0.00918	0.02755	0.85637	0.00590	0.00984	0.00394	0.00197	0.00328
44	0.00631	0.00597	0.01097	0.00899	0.01061	0.00570	0.30764	0.02041	0.00810	0.01094	0.08867	0.40978	0.04974	0.00774	0.00471	0.00136	0.02824	0.00745	0.00285	0.00383
45	0.00723	0.00684	0.01149	0.73598	0.12455	0.00832	0.01027	0.00960	0.00742	0.00969	0.00653	0.00966	0.00501	0.00370	0.00391	0.00122	0.02939	0.00326	0.00165	0.00429
46	0.00930	0.00757	0.01286	0.32079	0.36447	0.00799	0.06338	0.01150	0.00831	0.13308	0.00811	0.02253	0.00622	0.00371	0.00372	0.00116	0.00446	0.00351	0.00217	0.00516
47	0.00458	0.00339	0.00431	0.00500	0.00546	0.00312	0.00352	0.00537	0.00741	0.00962	0.02339	0.63610	0.17986	0.01097	0.00466	0.00146	0.00219	0.08315	0.00341	0.00304
48	0.00820	0.00747	0.01114	0.36843	0.07327	0.00892	0.05691	0.03040	0.20710	0.02809	0.02266	0.01074	0.00711	0.00445	0.00504	0.00128	0.13818	0.00360	0.00230	0.00473
49	0.01182	0.00767	0.01089	0.04293	0.29940	0.00765	0.00770	0.12283	0.08412	0.28731	0.03084	0.01175	0.03209	0.00426	0.00369	0.00112	0.00364	0.00368	0.00322	0.02339

[dist]
# distance from previous block
# <min> <max>
0	348

# created by:
# /home/cegg/simao/soft/augustus-3.2.1/scripts/msa2prfl.pl ./align_prep/EOG092C59CG.fa
