[name]
unknown

[dist]
# distance from previous block
# <min> <max>
0	50

[block]
# block no. 0 follows, 74 sequences, length 54
# corresponding to MSA columns:
# 65-118
name=unknown_A
#
# <colnr> <probs for GDERKNQSTAVLIFYWHMCP>
#	G	D	E	R	K	N	Q	S	T	A	V	L	I	F	Y	W	H	M	C	P
0	0.03292	0.00533	0.00635	0.00533	0.00715	0.00483	0.00416	0.06704	0.03378	0.01465	0.46964	0.01966	0.02230	0.00578	0.00378	0.00099	0.00232	0.02141	0.00342	0.26919
1	0.00459	0.00328	0.00439	0.00525	0.00549	0.00307	0.00356	0.00529	0.00717	0.00955	0.02042	0.82836	0.02440	0.01156	0.00476	0.00152	0.00221	0.04865	0.00344	0.00303
2	0.00749	0.01892	0.82897	0.01050	0.01590	0.00864	0.01352	0.01196	0.02893	0.01185	0.00688	0.00799	0.00487	0.00356	0.00353	0.00118	0.00542	0.00278	0.00162	0.00550
3	0.01651	0.00655	0.00876	0.00671	0.00959	0.00579	0.00555	0.06374	0.01101	0.80278	0.01432	0.01243	0.00903	0.00459	0.00373	0.00115	0.00321	0.00371	0.00454	0.00632
4	0.00859	0.00692	0.00744	0.00668	0.00849	0.00778	0.00519	0.06246	0.56402	0.01568	0.15417	0.01591	0.01484	0.00536	0.00375	0.00119	0.00267	0.00449	0.09913	0.00524
5	0.00586	0.00415	0.00564	0.00616	0.00704	0.00405	0.00520	0.00748	0.00886	0.02239	0.18391	0.04967	0.06370	0.03007	0.00525	0.00161	0.00300	0.57900	0.00354	0.00342
6	0.00482	0.00364	0.00423	0.00449	0.00535	0.00326	0.00331	0.00591	0.00836	0.01091	0.14978	0.25961	0.38995	0.00949	0.00443	0.00132	0.00204	0.06798	0.05793	0.00320
7	0.00598	0.00403	0.00504	0.00482	0.00590	0.00367	0.00368	0.00758	0.02186	0.07588	0.48955	0.08123	0.21053	0.00814	0.00439	0.00124	0.00203	0.05691	0.00390	0.00363
8	0.00497	0.00377	0.00461	0.00467	0.00555	0.00344	0.00347	0.00642	0.02229	0.01229	0.40173	0.18492	0.26462	0.00896	0.00448	0.00129	0.00197	0.05345	0.00374	0.00334
9	0.00992	0.87178	0.01945	0.00635	0.00953	0.01469	0.00635	0.01111	0.00754	0.00873	0.00516	0.00595	0.00476	0.00318	0.00238	0.00079	0.00397	0.00198	0.00159	0.00476
10	0.01387	0.01769	0.01052	0.00956	0.01148	0.85465	0.00717	0.01482	0.01052	0.00908	0.00574	0.00669	0.00478	0.00383	0.00335	0.00096	0.00669	0.00239	0.00191	0.00430
11	0.01411	0.01040	0.01114	0.00854	0.01151	0.01151	0.00706	0.83402	0.01745	0.02339	0.00891	0.00891	0.00631	0.00446	0.00371	0.00111	0.00408	0.00334	0.00371	0.00631
12	0.00775	0.04669	0.76875	0.01058	0.01586	0.00893	0.04513	0.03330	0.00812	0.01197	0.00670	0.00789	0.00478	0.00352	0.00353	0.00116	0.00543	0.00280	0.00164	0.00546
13	0.00861	0.00617	0.00766	0.00669	0.00806	0.00688	0.00525	0.26442	0.00956	0.03615	0.00934	0.01283	0.00820	0.08008	0.38760	0.07425	0.03992	0.00375	0.00258	0.02200
14	0.01161	0.00796	0.00916	0.00778	0.01003	0.00852	0.00653	0.47051	0.02808	0.09922	0.01309	0.02014	0.01160	0.00638	0.00418	0.00131	0.00376	0.27108	0.00370	0.00536
15	0.00662	0.00615	0.01005	0.73244	0.02250	0.00748	0.00921	0.00886	0.00752	0.00954	0.01057	0.04607	0.09878	0.00465	0.00383	0.00125	0.00450	0.00408	0.00192	0.00397
16	0.01387	0.01769	0.01052	0.00956	0.01148	0.85465	0.00717	0.01482	0.01052	0.00908	0.00574	0.00669	0.00478	0.00383	0.00335	0.00096	0.00669	0.00239	0.00191	0.00430
17	0.84169	0.00738	0.00580	0.00511	0.00744	0.00852	0.00421	0.06140	0.00700	0.01707	0.00540	0.00621	0.00416	0.00351	0.00238	0.00115	0.00295	0.00209	0.00238	0.00416
18	0.00992	0.87178	0.01945	0.00635	0.00953	0.01469	0.00635	0.01111	0.00754	0.00873	0.00516	0.00595	0.00476	0.00318	0.00238	0.00079	0.00397	0.00198	0.00159	0.00476
19	0.00527	0.00388	0.00541	0.00540	0.00596	0.00430	0.00400	0.00631	0.00613	0.00860	0.03924	0.01816	0.05462	0.20348	0.60640	0.00506	0.00792	0.00457	0.00219	0.00309
20	0.00763	0.00645	0.00907	0.00745	0.00957	0.00620	0.13382	0.02684	0.18719	0.04524	0.05037	0.17800	0.09022	0.00608	0.00406	0.00115	0.01619	0.01537	0.00305	0.19605
21	0.00816	0.00695	0.00869	0.08148	0.03228	0.00603	0.02535	0.02605	0.09592	0.02924	0.00773	0.00876	0.00617	0.00317	0.00304	0.00074	0.00312	0.00264	0.00238	0.64210
22	0.01060	0.03217	0.00939	0.00792	0.01017	0.10930	0.00623	0.15303	0.58482	0.01589	0.01272	0.01199	0.00956	0.00475	0.00368	0.00119	0.00360	0.00379	0.00349	0.00573
23	0.00701	0.00660	0.01113	0.86063	0.02556	0.00825	0.01031	0.00948	0.00742	0.00948	0.00660	0.00990	0.00495	0.00371	0.00371	0.00124	0.00495	0.00330	0.00165	0.00412
24	0.00534	0.00357	0.00436	0.00447	0.00459	0.00360	0.00276	0.00546	0.00569	0.00764	0.01265	0.13141	0.02826	0.57863	0.10998	0.07700	0.00406	0.00577	0.00234	0.00243
25	0.04853	0.20927	0.46011	0.00985	0.01418	0.01000	0.12502	0.02284	0.00802	0.01153	0.03210	0.00826	0.00577	0.00357	0.00348	0.00110	0.01659	0.00290	0.00176	0.00512
26	0.01629	0.00657	0.00871	0.00669	0.00954	0.00587	0.00552	0.07840	0.01108	0.77310	0.01417	0.01238	0.00898	0.00458	0.00371	0.00114	0.00320	0.00370	0.02009	0.00627
27	0.00925	0.00976	0.02091	0.01498	0.01866	0.00914	0.77102	0.01238	0.02007	0.06328	0.00805	0.01022	0.00593	0.00324	0.00433	0.00125	0.00602	0.00434	0.00207	0.00510
28	0.01051	0.00669	0.01540	0.00754	0.05270	0.02249	0.04267	0.15804	0.03633	0.24594	0.12191	0.09626	0.12484	0.00624	0.00403	0.00121	0.00316	0.02657	0.01248	0.00498
29	0.00972	0.74637	0.06315	0.00683	0.01006	0.01386	0.02100	0.01181	0.07007	0.00946	0.00603	0.00672	0.00527	0.00333	0.00258	0.00086	0.00401	0.00223	0.00176	0.00489
30	0.05214	0.00673	0.00863	0.00668	0.00948	0.00621	0.00551	0.09726	0.03033	0.69865	0.01366	0.01205	0.00875	0.00454	0.00365	0.00114	0.00320	0.00363	0.02159	0.00616
31	0.00619	0.00422	0.00534	0.00492	0.00603	0.00397	0.00374	0.00843	0.06320	0.06866	0.68585	0.02638	0.08403	0.00735	0.00430	0.00118	0.00193	0.00643	0.00406	0.00381
32	0.07429	0.02885	0.20032	0.00978	0.06301	0.29744	0.02522	0.11532	0.05797	0.01257	0.00771	0.00902	0.02025	0.03763	0.00423	0.00119	0.02510	0.00299	0.00222	0.00491
33	0.00645	0.00488	0.00639	0.00603	0.00707	0.01618	0.05229	0.00875	0.11564	0.04929	0.13861	0.22340	0.08634	0.13107	0.06549	0.00966	0.00336	0.06219	0.00324	0.00368
34	0.00465	0.00376	0.00414	0.00416	0.00523	0.00328	0.00308	0.00585	0.01914	0.01108	0.20899	0.12773	0.56746	0.00921	0.00442	0.00126	0.00190	0.00785	0.00359	0.00323
35	0.00611	0.00399	0.00475	0.00460	0.00480	0.00411	0.00289	0.00633	0.00590	0.04897	0.02852	0.02357	0.01355	0.72521	0.02517	0.00328	0.04629	0.03693	0.00241	0.00262
36	0.05378	0.04040	0.01579	0.05286	0.03890	0.07822	0.36776	0.20677	0.05010	0.01446	0.00770	0.00923	0.00583	0.00377	0.00418	0.00118	0.03784	0.00364	0.00239	0.00519
37	0.01423	0.00803	0.00935	0.00752	0.00999	0.08627	0.02515	0.07167	0.11617	0.51182	0.01305	0.01204	0.02469	0.00477	0.00435	0.00118	0.06633	0.00370	0.00388	0.00581
38	0.00832	0.00784	0.01296	0.01916	0.68333	0.00774	0.00978	0.01034	0.00860	0.01207	0.07069	0.01376	0.11053	0.00436	0.00381	0.00113	0.00391	0.00410	0.00220	0.00537
39	0.00735	0.00618	0.00732	0.13526	0.01050	0.00690	0.00566	0.01318	0.40007	0.01323	0.10178	0.04132	0.13911	0.00621	0.00398	0.00126	0.00292	0.05526	0.03785	0.00464
40	0.02335	0.12478	0.01470	0.09293	0.01462	0.39889	0.22585	0.04209	0.00956	0.01043	0.00632	0.00786	0.00506	0.00356	0.00353	0.00105	0.00591	0.00298	0.00190	0.00460
41	0.15579	0.05029	0.00972	0.02377	0.01027	0.00911	0.00608	0.37309	0.02701	0.26274	0.01013	0.01028	0.00713	0.00441	0.00346	0.00113	0.00359	0.02265	0.00359	0.00575
42	0.01335	0.01683	0.01060	0.00958	0.01132	0.77850	0.00726	0.01429	0.01008	0.00907	0.00566	0.00682	0.00479	0.00407	0.00414	0.00102	0.08400	0.00247	0.00189	0.00428
43	0.00762	0.00652	0.00762	0.00549	0.00871	0.00490	0.00438	0.00925	0.00768	0.01203	0.00693	0.02847	0.00596	0.00296	0.00280	0.00057	0.00273	0.00240	0.00223	0.87074
44	0.00751	0.01872	0.80694	0.01084	0.01624	0.00866	0.05662	0.01176	0.00789	0.01176	0.00671	0.00795	0.00475	0.00351	0.00357	0.00118	0.00553	0.00283	0.00158	0.00546
45	0.01399	0.01388	0.01084	0.00903	0.01149	0.41421	0.00711	0.44276	0.01414	0.01656	0.00740	0.00785	0.00558	0.00415	0.00354	0.00104	0.00533	0.00289	0.00285	0.00535
46	0.01139	0.00916	0.07339	0.00789	0.01054	0.00911	0.00675	0.28778	0.34454	0.12052	0.03429	0.01316	0.00994	0.00496	0.00380	0.00121	0.00353	0.03846	0.00368	0.00588
47	0.00557	0.00379	0.00477	0.00452	0.00544	0.00350	0.00339	0.00723	0.00999	0.02951	0.66391	0.04742	0.08426	0.00739	0.00418	0.00115	0.00179	0.00647	0.10222	0.00351
48	0.83864	0.00712	0.00566	0.00499	0.00733	0.00814	0.00411	0.01138	0.00660	0.07074	0.00578	0.00646	0.00436	0.00352	0.00239	0.00115	0.00289	0.00212	0.00245	0.00417
49	0.00459	0.00330	0.00436	0.00513	0.00543	0.00307	0.00348	0.00534	0.00738	0.00985	0.07044	0.77348	0.05115	0.01129	0.00471	0.00148	0.00215	0.02682	0.00348	0.00306
50	0.00565	0.00408	0.00555	0.00627	0.00709	0.00399	0.00529	0.00718	0.00849	0.01107	0.07144	0.13464	0.08713	0.01018	0.00498	0.00162	0.00305	0.61548	0.00346	0.00335
51	0.01228	0.00893	0.00972	0.00787	0.01043	0.00985	0.00636	0.46288	0.27848	0.08855	0.04400	0.02407	0.00953	0.00488	0.00378	0.00117	0.00352	0.00388	0.00382	0.00602
52	0.01686	0.00498	0.00649	0.00659	0.00776	0.00507	0.00554	0.08285	0.00909	0.08445	0.01768	0.04209	0.05609	0.06293	0.05986	0.00196	0.01358	0.50892	0.00335	0.00385
53	0.41659	0.00671	0.00718	0.00582	0.00843	0.00676	0.00480	0.01482	0.00866	0.47032	0.01033	0.00963	0.00684	0.00407	0.00308	0.00115	0.00303	0.00295	0.00355	0.00527

[dist]
# distance from previous block
# <min> <max>
0	2

[block]
# block no. 1 follows, 74 sequences, length 24
# corresponding to MSA columns:
# 121-144
name=unknown_B
#
# <colnr> <probs for GDERKNQSTAVLIFYWHMCP>
#	G	D	E	R	K	N	Q	S	T	A	V	L	I	F	Y	W	H	M	C	P
0	0.83240	0.04727	0.02760	0.00509	0.00751	0.00863	0.00437	0.01094	0.00641	0.01616	0.00521	0.00607	0.00407	0.00344	0.00233	0.00113	0.00299	0.00203	0.00225	0.00409
1	0.02341	0.02624	0.01240	0.03164	0.39410	0.15074	0.00879	0.14073	0.08303	0.05066	0.00821	0.01923	0.00653	0.00387	0.00359	0.00109	0.00447	0.00327	0.00246	0.02553
2	0.46920	0.01913	0.00806	0.04512	0.00977	0.12870	0.00556	0.19976	0.03611	0.03789	0.00673	0.00737	0.00507	0.00382	0.00292	0.00112	0.00380	0.00254	0.00263	0.00471
3	0.00770	0.00660	0.00770	0.00550	0.00880	0.00495	0.00440	0.00935	0.00770	0.01210	0.00660	0.00770	0.00550	0.00275	0.00275	0.00055	0.00275	0.00220	0.00220	0.89224
4	0.00834	0.01432	0.45381	0.05149	0.06493	0.02422	0.12769	0.07293	0.08199	0.01275	0.00909	0.01017	0.04351	0.00394	0.00374	0.00119	0.00504	0.00343	0.00208	0.00534
5	0.00515	0.00375	0.00484	0.00465	0.00550	0.00344	0.00346	0.00677	0.01013	0.01420	0.73542	0.09029	0.08251	0.00800	0.00441	0.00120	0.00179	0.00706	0.00400	0.00344
6	0.00459	0.00328	0.00438	0.00524	0.00549	0.00307	0.00356	0.00528	0.00717	0.00955	0.02042	0.82991	0.02441	0.01157	0.00476	0.00152	0.00221	0.04712	0.00344	0.00303
7	0.00874	0.00630	0.00731	0.00620	0.00790	0.00657	0.00488	0.26431	0.08856	0.04597	0.48188	0.02012	0.02310	0.00628	0.00410	0.00116	0.00263	0.00534	0.00396	0.00468
8	0.00923	0.00797	0.00839	0.00755	0.00965	0.00923	0.00588	0.01972	0.83969	0.01553	0.01511	0.01385	0.01133	0.00504	0.00378	0.00126	0.00294	0.00420	0.00378	0.00588
9	0.00624	0.00500	0.00597	0.00572	0.00662	0.02376	0.00412	0.04661	0.00742	0.01022	0.01431	0.42188	0.01626	0.15173	0.00729	0.00167	0.07483	0.02544	0.00285	0.16207
10	0.00951	0.00811	0.00855	0.00761	0.00976	0.00936	0.00594	0.06583	0.79314	0.01597	0.01476	0.01357	0.01105	0.00500	0.00377	0.00125	0.00300	0.00415	0.00377	0.00590
11	0.01078	0.01818	0.04353	0.03546	0.11555	0.09306	0.05888	0.10831	0.35282	0.09822	0.01948	0.01135	0.00859	0.00438	0.00373	0.00117	0.00401	0.00370	0.00314	0.00566
12	0.00957	0.64575	0.20018	0.00742	0.01104	0.05285	0.00800	0.01143	0.00775	0.00941	0.00551	0.00640	0.00475	0.00328	0.00268	0.00088	0.00443	0.00217	0.00160	0.00490
13	0.00597	0.04750	0.06212	0.01484	0.00781	0.00534	0.08456	0.00715	0.00705	0.00942	0.04073	0.13145	0.14645	0.25191	0.09287	0.00239	0.03440	0.01949	0.00251	0.02607
14	0.85327	0.00714	0.00561	0.00496	0.00729	0.00819	0.00409	0.01126	0.00653	0.05689	0.00563	0.00635	0.00427	0.00350	0.00237	0.00115	0.00289	0.00209	0.00241	0.00413
15	0.02114	0.00874	0.01505	0.06185	0.67933	0.00885	0.07952	0.02111	0.00849	0.03006	0.00712	0.00929	0.00584	0.00343	0.00391	0.00114	0.02416	0.00339	0.00191	0.00567
16	0.00451	0.00368	0.00392	0.00401	0.00504	0.00316	0.00291	0.00541	0.00824	0.01009	0.08119	0.14428	0.64542	0.05501	0.00520	0.00141	0.00200	0.00800	0.00342	0.00309
17	0.00490	0.00367	0.00481	0.00543	0.00578	0.00365	0.00380	0.00588	0.02844	0.00977	0.03494	0.69764	0.06282	0.02321	0.00526	0.00153	0.04276	0.04918	0.00336	0.00316
18	0.01149	0.07700	0.12682	0.00904	0.03085	0.00932	0.08697	0.27267	0.05640	0.16206	0.06992	0.01089	0.00868	0.00446	0.00411	0.00115	0.04582	0.00361	0.00312	0.00561
19	0.50008	0.00746	0.00729	0.00597	0.00854	0.00803	0.00493	0.14746	0.00937	0.25599	0.00849	0.00839	0.00587	0.00394	0.00294	0.00114	0.00315	0.00272	0.00319	0.00505
20	0.00512	0.00353	0.00460	0.00520	0.00573	0.00326	0.00370	0.00598	0.00769	0.03945	0.06111	0.61977	0.11707	0.01080	0.00469	0.00147	0.00227	0.09184	0.00351	0.00321
21	0.00874	0.00881	0.01181	0.00995	0.01037	0.05449	0.04686	0.04947	0.00665	0.00978	0.00524	0.00818	0.00497	0.00610	0.01095	0.00155	0.73683	0.00326	0.00175	0.00423
22	0.05961	0.26467	0.08019	0.23733	0.10735	0.04302	0.01841	0.07795	0.02915	0.02799	0.01811	0.00846	0.00569	0.00364	0.00322	0.00106	0.00441	0.00285	0.00201	0.00488
23	0.00858	0.00647	0.00721	0.00650	0.00827	0.00699	0.00502	0.04273	0.46115	0.08729	0.16424	0.08156	0.08557	0.00629	0.00400	0.00125	0.00264	0.00535	0.00385	0.00507

[dist]
# distance from previous block
# <min> <max>
1	3

[block]
# block no. 2 follows, 74 sequences, length 39
# corresponding to MSA columns:
# 148-186
name=unknown_C
#
# <colnr> <probs for GDERKNQSTAVLIFYWHMCP>
#	G	D	E	R	K	N	Q	S	T	A	V	L	I	F	Y	W	H	M	C	P
0	0.00514	0.00411	0.00437	0.00422	0.00554	0.00357	0.00319	0.03733	0.00885	0.02543	0.07728	0.08444	0.66851	0.00900	0.00434	0.00124	0.00204	0.01993	0.00348	0.02798
1	0.21968	0.04429	0.08452	0.13323	0.09538	0.00954	0.04158	0.19131	0.02227	0.03190	0.01729	0.00855	0.00567	0.00403	0.00404	0.00118	0.07514	0.00301	0.00239	0.00499
2	0.87396	0.00744	0.00558	0.00500	0.00728	0.02926	0.00410	0.01101	0.00642	0.01647	0.00518	0.00605	0.00404	0.00345	0.00232	0.00114	0.00297	0.00202	0.00229	0.00403
3	0.07215	0.05535	0.14350	0.00963	0.06870	0.05624	0.06716	0.23298	0.10954	0.06673	0.02568	0.01027	0.03033	0.00430	0.00384	0.00115	0.03078	0.00342	0.00280	0.00544
4	0.02174	0.00723	0.00774	0.00633	0.00859	0.05993	0.00504	0.20477	0.02757	0.21561	0.07893	0.04785	0.16814	0.00569	0.00377	0.00109	0.00314	0.00462	0.02058	0.10164
5	0.00909	0.19234	0.04017	0.04519	0.06426	0.05696	0.05847	0.04324	0.00731	0.00997	0.00556	0.00786	0.00501	0.00495	0.00765	0.00131	0.43137	0.00300	0.00174	0.00453
6	0.00477	0.00342	0.00426	0.00477	0.00510	0.00321	0.00316	0.00539	0.00711	0.00941	0.07405	0.53125	0.10526	0.19944	0.00779	0.00192	0.00244	0.02112	0.00322	0.00290
7	0.06568	0.00740	0.00815	0.00711	0.03504	0.05875	0.00546	0.17569	0.05608	0.23154	0.05476	0.08045	0.05456	0.00589	0.02176	0.00123	0.00344	0.02915	0.01974	0.07812
8	0.00991	0.03032	0.00905	0.02271	0.01004	0.02442	0.00606	0.17128	0.57313	0.01624	0.02314	0.01369	0.05189	0.00510	0.00387	0.00122	0.01452	0.00413	0.00360	0.00568
9	0.43141	0.00742	0.00755	0.00612	0.00874	0.00784	0.00505	0.15297	0.00975	0.31598	0.00920	0.00888	0.00626	0.00403	0.00305	0.00114	0.00318	0.00285	0.00336	0.00523
10	0.00447	0.00366	0.00394	0.00408	0.00512	0.00314	0.00298	0.00541	0.00835	0.01025	0.08885	0.18978	0.63772	0.00969	0.00445	0.00129	0.00192	0.00826	0.00349	0.00314
11	0.01020	0.01049	0.05467	0.01333	0.01683	0.06031	0.56977	0.10396	0.00994	0.08184	0.00837	0.01049	0.00624	0.00361	0.00417	0.00122	0.00569	0.02135	0.00233	0.00520
12	0.00490	0.00378	0.00447	0.00430	0.00533	0.00335	0.00323	0.00632	0.00968	0.01291	0.51658	0.03098	0.36411	0.00832	0.00438	0.00120	0.00180	0.00717	0.00383	0.00335
13	0.01659	0.00641	0.00867	0.00665	0.00952	0.00560	0.00549	0.03700	0.01078	0.82983	0.01451	0.01255	0.00912	0.00459	0.00373	0.00115	0.00318	0.00372	0.00457	0.00632
14	0.18617	0.00774	0.01145	0.00887	0.01151	0.00784	0.22128	0.10627	0.03548	0.23355	0.01018	0.04754	0.00784	0.00497	0.01540	0.01712	0.02960	0.02908	0.00304	0.00509
15	0.00452	0.00323	0.00431	0.00517	0.00538	0.00301	0.00345	0.00517	0.00711	0.00948	0.02046	0.86713	0.02455	0.01163	0.00474	0.00151	0.00215	0.01055	0.00345	0.00301
16	0.01475	0.00638	0.00825	0.00655	0.00920	0.00584	0.00534	0.01746	0.13032	0.67163	0.01627	0.01437	0.06615	0.00498	0.00378	0.00117	0.00304	0.00408	0.00440	0.00604
17	0.00452	0.00323	0.00431	0.00517	0.00538	0.00301	0.00345	0.00517	0.00711	0.00948	0.02046	0.86713	0.02455	0.01163	0.00474	0.00151	0.00215	0.01055	0.00345	0.00301
18	0.00912	0.00875	0.01495	0.04830	0.82140	0.00880	0.01136	0.01133	0.00842	0.01205	0.00697	0.00921	0.00585	0.00332	0.00368	0.00111	0.00443	0.00331	0.00183	0.00583
19	0.00812	0.00812	0.01137	0.00975	0.00975	0.01137	0.00812	0.00893	0.00568	0.00893	0.00487	0.00812	0.00487	0.00650	0.01218	0.00162	0.86276	0.00325	0.00162	0.00406
20	0.00701	0.00660	0.01113	0.86063	0.02556	0.00825	0.01031	0.00948	0.00742	0.00948	0.00660	0.00990	0.00495	0.00371	0.00371	0.00124	0.00495	0.00330	0.00165	0.00412
21	0.00888	0.01126	0.16751	0.02500	0.07357	0.00897	0.53895	0.04065	0.00888	0.03810	0.00776	0.02271	0.00590	0.00343	0.00410	0.00121	0.00568	0.00400	0.00199	0.02144
22	0.01264	0.01743	0.13332	0.00972	0.01206	0.68876	0.00818	0.01408	0.00988	0.00947	0.00583	0.00693	0.00477	0.00392	0.00382	0.00102	0.04938	0.00249	0.00185	0.00446
23	0.03709	0.00881	0.01416	0.08866	0.66481	0.02231	0.02589	0.05266	0.02717	0.01264	0.00716	0.00921	0.00587	0.00344	0.00365	0.00112	0.00443	0.00329	0.00198	0.00566
24	0.01072	0.00950	0.00881	0.02318	0.00970	0.20837	0.01329	0.20945	0.08398	0.07543	0.15006	0.07832	0.04855	0.00572	0.00428	0.00117	0.04693	0.00452	0.00323	0.00478
25	0.00832	0.00926	0.01966	0.01433	0.01755	0.00886	0.71075	0.01109	0.00845	0.01151	0.00864	0.09348	0.00744	0.00413	0.00481	0.00130	0.04874	0.00493	0.00202	0.00476
26	0.00755	0.00732	0.01167	0.62116	0.03546	0.02468	0.04355	0.01955	0.00734	0.00968	0.00632	0.00947	0.00499	0.00423	0.00537	0.00130	0.17114	0.00332	0.00169	0.00421
27	0.02458	0.00982	0.03122	0.01463	0.01821	0.00922	0.73180	0.01238	0.06259	0.02122	0.00822	0.01069	0.00625	0.00339	0.00430	0.00126	0.00589	0.01724	0.00206	0.00504
28	0.00701	0.00660	0.01113	0.86063	0.02556	0.00825	0.01031	0.00948	0.00742	0.00948	0.00660	0.00990	0.00495	0.00371	0.00371	0.00124	0.00495	0.00330	0.00165	0.00412
29	0.00513	0.00390	0.00411	0.00398	0.00530	0.00329	0.00301	0.00615	0.00872	0.05703	0.09306	0.03388	0.74147	0.00901	0.00435	0.00124	0.00194	0.00753	0.00356	0.00334
30	0.00475	0.00377	0.00415	0.00409	0.00521	0.00328	0.00309	0.00597	0.00903	0.01157	0.26852	0.03289	0.56536	0.00874	0.00435	0.00123	0.00188	0.02747	0.03140	0.00326
31	0.00704	0.00420	0.00543	0.00494	0.00617	0.00378	0.00379	0.00861	0.01014	0.15332	0.56806	0.05272	0.12723	0.00748	0.00430	0.00120	0.00205	0.02157	0.00406	0.00391
32	0.00532	0.00357	0.00407	0.00415	0.00416	0.00355	0.00235	0.00538	0.00555	0.00739	0.01245	0.09722	0.01445	0.79532	0.01767	0.00342	0.00347	0.00584	0.00235	0.00232
33	0.00619	0.00479	0.00562	0.00522	0.00635	0.01864	0.00395	0.05510	0.09550	0.01463	0.58427	0.07224	0.09816	0.00746	0.00428	0.00120	0.00212	0.00650	0.00391	0.00386
34	0.34845	0.00535	0.00479	0.00437	0.00595	0.00583	0.00346	0.05566	0.00783	0.03710	0.00933	0.01054	0.00722	0.00400	0.00257	0.00099	0.00234	0.00290	0.47740	0.00391
35	0.01417	0.01030	0.01108	0.00849	0.01146	0.01136	0.00702	0.81419	0.01729	0.04345	0.00905	0.00900	0.00638	0.00446	0.00371	0.00111	0.00406	0.00335	0.00373	0.00631
36	0.00816	0.00714	0.03391	0.00581	0.00915	0.00535	0.00482	0.04484	0.00818	0.03054	0.00687	0.00786	0.00559	0.00289	0.00284	0.00061	0.00290	0.00230	0.00230	0.80795
37	0.00463	0.00363	0.00419	0.00435	0.00524	0.00319	0.00315	0.00568	0.00858	0.01101	0.22128	0.25535	0.43739	0.00957	0.00448	0.00130	0.00192	0.00830	0.00360	0.00319
38	0.03192	0.07906	0.19924	0.03566	0.05183	0.05937	0.04994	0.08815	0.10574	0.10456	0.03795	0.00981	0.00738	0.00391	0.00345	0.00105	0.00418	0.00317	0.00259	0.12105

[dist]
# distance from previous block
# <min> <max>
2	9

[block]
# block no. 3 follows, 74 sequences, length 27
# corresponding to MSA columns:
# 197-201,206-227
name=unknown_D
#
# <colnr> <probs for GDERKNQSTAVLIFYWHMCP>
#	G	D	E	R	K	N	Q	S	T	A	V	L	I	F	Y	W	H	M	C	P
0	0.00840	0.06281	0.46315	0.12578	0.06520	0.00896	0.07755	0.04647	0.04395	0.04226	0.01695	0.00896	0.00574	0.00368	0.00360	0.00116	0.00503	0.00311	0.00194	0.00530
1	0.02063	0.09881	0.11356	0.06147	0.46496	0.02130	0.04600	0.05582	0.00879	0.04254	0.00709	0.00877	0.00566	0.00344	0.00352	0.00108	0.00451	0.00311	0.00199	0.02695
2	0.03056	0.07257	0.27513	0.04930	0.04507	0.06300	0.00900	0.16539	0.12382	0.11675	0.00902	0.00935	0.00651	0.00403	0.00352	0.00113	0.00444	0.00313	0.00269	0.00559
3	0.00469	0.00335	0.00447	0.00531	0.00558	0.00316	0.00367	0.00543	0.00721	0.00958	0.02014	0.76037	0.02392	0.03506	0.00517	0.00159	0.00232	0.09255	0.00341	0.00303
4	0.00579	0.00561	0.07268	0.00574	0.02192	0.00465	0.00466	0.00863	0.11847	0.01311	0.39973	0.10597	0.19268	0.00764	0.00426	0.00124	0.00234	0.01741	0.00360	0.00389
5	0.00874	0.00827	0.01373	0.17391	0.49941	0.00866	0.07237	0.03490	0.08658	0.01227	0.02416	0.02557	0.00711	0.00379	0.00378	0.00116	0.00441	0.00367	0.00211	0.00540
6	0.00457	0.00328	0.00435	0.00514	0.00542	0.00306	0.00348	0.00528	0.00729	0.00970	0.04863	0.79908	0.04851	0.01140	0.00472	0.00149	0.00216	0.02592	0.00347	0.00304
7	0.18610	0.00658	0.00807	0.00632	0.00908	0.00616	0.00522	0.03637	0.00996	0.66859	0.01268	0.01127	0.00812	0.00437	0.00346	0.00115	0.00313	0.00339	0.00413	0.00587
8	0.05092	0.00848	0.01413	0.06089	0.74493	0.00861	0.01077	0.01111	0.00827	0.01214	0.00725	0.03264	0.00626	0.00356	0.00364	0.00112	0.00430	0.00344	0.00189	0.00563
9	0.00884	0.00845	0.01431	0.15511	0.69961	0.00874	0.01111	0.01126	0.02502	0.01178	0.00708	0.00939	0.00584	0.00341	0.00368	0.00113	0.00447	0.00332	0.00185	0.00560
10	0.00527	0.00372	0.00504	0.00584	0.00635	0.00362	0.00452	0.00639	0.00769	0.01019	0.01952	0.43680	0.02229	0.05125	0.00554	0.00168	0.00279	0.37779	0.02054	0.00317
11	0.00893	0.00856	0.01460	0.12160	0.74959	0.00875	0.01126	0.01117	0.00833	0.01181	0.00694	0.00927	0.00577	0.00335	0.00368	0.00112	0.00447	0.00331	0.00182	0.00567
12	0.00919	0.00882	0.01507	0.02278	0.84640	0.00882	0.01139	0.01139	0.00845	0.01213	0.00698	0.00919	0.00588	0.00331	0.00367	0.00110	0.00441	0.00331	0.00184	0.00588
13	0.07752	0.01569	0.00981	0.00888	0.01074	0.70511	0.00671	0.02536	0.01004	0.01978	0.01787	0.00789	0.01687	0.02096	0.01359	0.00110	0.02317	0.00262	0.00205	0.00425
14	0.03763	0.01541	0.01043	0.00951	0.03006	0.65261	0.01690	0.09141	0.01084	0.03037	0.00692	0.00879	0.00582	0.00421	0.00357	0.00103	0.01663	0.04111	0.00222	0.00453
15	0.00522	0.00400	0.00480	0.00457	0.00561	0.00370	0.00344	0.00720	0.05363	0.01355	0.57369	0.02925	0.26167	0.00796	0.00435	0.00120	0.00185	0.00690	0.00389	0.00352
16	0.01490	0.02174	0.00947	0.00728	0.01001	0.04207	0.00595	0.27566	0.04065	0.47719	0.01238	0.02805	0.00849	0.02351	0.00404	0.00119	0.00359	0.00371	0.00406	0.00604
17	0.00490	0.00372	0.00451	0.00443	0.00536	0.00334	0.00328	0.00628	0.00951	0.01279	0.50401	0.11741	0.28977	0.00858	0.00442	0.00123	0.00183	0.00747	0.00382	0.00334
18	0.00992	0.87178	0.01945	0.00635	0.00953	0.01469	0.00635	0.01111	0.00754	0.00873	0.00516	0.00595	0.00476	0.00318	0.00238	0.00079	0.00397	0.00198	0.00159	0.00476
19	0.00496	0.00370	0.00416	0.00414	0.00482	0.00339	0.00282	0.00573	0.00772	0.00998	0.19090	0.05312	0.33925	0.32418	0.00972	0.00211	0.00252	0.02075	0.00314	0.00289
20	0.00484	0.00378	0.00439	0.00424	0.00529	0.00333	0.00318	0.00621	0.00953	0.01257	0.45999	0.03154	0.42092	0.00845	0.00438	0.00121	0.00181	0.00725	0.00378	0.00333
21	0.01154	0.00956	0.00817	0.00730	0.00901	0.28694	0.00558	0.06357	0.04418	0.21028	0.03932	0.18694	0.01155	0.00624	0.01515	0.00122	0.02665	0.00476	0.04742	0.00462
22	0.00537	0.00362	0.00413	0.00413	0.00419	0.00364	0.00238	0.00545	0.00550	0.00734	0.01229	0.02414	0.03507	0.80768	0.05760	0.00365	0.00385	0.00540	0.00227	0.00232
23	0.89577	0.00718	0.00546	0.00488	0.00718	0.00833	0.00402	0.01091	0.00632	0.01665	0.00517	0.00603	0.00402	0.00345	0.00230	0.00115	0.00287	0.00201	0.00230	0.00402
24	0.00884	0.32431	0.47429	0.00888	0.01329	0.01082	0.02069	0.03561	0.02735	0.03466	0.00662	0.00749	0.00506	0.00349	0.00314	0.00104	0.00479	0.00257	0.00178	0.00528
25	0.07970	0.02831	0.17909	0.00653	0.00855	0.00572	0.00613	0.00901	0.06560	0.03941	0.03752	0.27666	0.11197	0.00821	0.03274	0.00147	0.01563	0.06023	0.00289	0.02462
26	0.06238	0.33135	0.15580	0.00761	0.01079	0.01874	0.06754	0.05918	0.04403	0.08322	0.03384	0.02707	0.06371	0.00426	0.00322	0.00104	0.00398	0.00333	0.01400	0.00493

[dist]
# distance from previous block
# <min> <max>
1	27

[block]
# block no. 4 follows, 74 sequences, length 12
# corresponding to MSA columns:
# 255-266
name=unknown_E
#
# <colnr> <probs for GDERKNQSTAVLIFYWHMCP>
#	G	D	E	R	K	N	Q	S	T	A	V	L	I	F	Y	W	H	M	C	P
0	0.00945	0.08788	0.11757	0.04299	0.08422	0.03045	0.12237	0.04162	0.28321	0.06994	0.02537	0.02853	0.02186	0.00440	0.00380	0.00118	0.01317	0.00384	0.00277	0.00538
1	0.01051	0.07893	0.21732	0.03250	0.15870	0.03390	0.03387	0.11478	0.12633	0.12825	0.00912	0.00965	0.00670	0.00399	0.00372	0.00114	0.01905	0.00326	0.00263	0.00566
2	0.00778	0.00690	0.01115	0.10161	0.47990	0.00694	0.00857	0.00962	0.00838	0.03300	0.08565	0.09600	0.09729	0.02589	0.00428	0.00124	0.00370	0.00483	0.00242	0.00486
3	0.00463	0.00331	0.00442	0.00524	0.00551	0.00310	0.00358	0.00537	0.00730	0.00975	0.04838	0.79404	0.02473	0.01142	0.00475	0.00151	0.00221	0.05425	0.00347	0.00305
4	0.02606	0.03333	0.32124	0.11595	0.09527	0.03356	0.15205	0.06061	0.04176	0.05143	0.00791	0.00986	0.00598	0.00379	0.00372	0.00118	0.00505	0.02391	0.00208	0.00524
5	0.07628	0.03014	0.15909	0.03238	0.13682	0.02696	0.00792	0.04801	0.05109	0.30569	0.02379	0.02502	0.02941	0.00440	0.00380	0.00116	0.02591	0.00354	0.00305	0.00553
6	0.00531	0.00357	0.00412	0.00418	0.00424	0.00354	0.00242	0.00545	0.00580	0.00777	0.05144	0.10381	0.01554	0.74848	0.01688	0.00329	0.00338	0.00594	0.00245	0.00238
7	0.00758	0.00771	0.00681	0.00616	0.00755	0.20845	0.02643	0.04187	0.00985	0.01184	0.27435	0.02351	0.30742	0.00703	0.00440	0.00116	0.03522	0.00574	0.00318	0.00374
8	0.02399	0.15653	0.35402	0.02954	0.01337	0.07210	0.04373	0.12917	0.00956	0.09447	0.00740	0.00818	0.00542	0.00381	0.00368	0.00110	0.03347	0.00286	0.00222	0.00536
9	0.01273	0.00912	0.04692	0.00806	0.04933	0.14982	0.00630	0.03716	0.17430	0.36203	0.05687	0.01323	0.04766	0.00481	0.00373	0.00114	0.00377	0.00386	0.00361	0.00554
10	0.00704	0.00430	0.00550	0.00499	0.00623	0.00394	0.00381	0.00892	0.03795	0.14336	0.58076	0.05372	0.11018	0.00735	0.00427	0.00119	0.00203	0.00641	0.00407	0.00396
11	0.08401	0.01357	0.05719	0.01259	0.21168	0.40293	0.04690	0.09053	0.01002	0.01205	0.00641	0.00769	0.00516	0.00373	0.00359	0.00106	0.02107	0.00280	0.00207	0.00494

[dist]
# distance from previous block
# <min> <max>
1	7

[block]
# block no. 5 follows, 74 sequences, length 8
# corresponding to MSA columns:
# 274-281
name=unknown_F
#
# <colnr> <probs for GDERKNQSTAVLIFYWHMCP>
#	G	D	E	R	K	N	Q	S	T	A	V	L	I	F	Y	W	H	M	C	P
0	0.27934	0.01181	0.03799	0.00860	0.05136	0.30061	0.03675	0.12533	0.02997	0.03051	0.00661	0.00742	0.00513	0.00372	0.00313	0.00105	0.00465	0.00260	0.00237	0.05106
1	0.01372	0.01060	0.01070	0.00836	0.01114	0.07634	0.00683	0.72810	0.01642	0.02179	0.00883	0.00899	0.00636	0.00440	0.00363	0.00109	0.00417	0.00327	0.04926	0.00601
2	0.00839	0.00843	0.01091	0.05372	0.03291	0.06312	0.00792	0.01006	0.06685	0.00952	0.00608	0.00890	0.00559	0.00709	0.05366	0.00175	0.63575	0.00331	0.00182	0.00422
3	0.00470	0.00341	0.00439	0.00507	0.00544	0.00321	0.00350	0.00543	0.00719	0.00944	0.02126	0.62497	0.11264	0.08038	0.03113	0.00179	0.00256	0.06717	0.00330	0.00300
4	0.00694	0.00493	0.04147	0.00549	0.00673	0.00422	0.00432	0.03781	0.03072	0.12075	0.32597	0.30375	0.07560	0.00831	0.00434	0.00128	0.00235	0.00732	0.00377	0.00393
5	0.00803	0.00705	0.00715	0.00634	0.00797	0.07281	0.00494	0.11025	0.22811	0.01411	0.20929	0.02061	0.21130	0.00651	0.00443	0.00120	0.04772	0.00530	0.00347	0.02340
6	0.00587	0.00402	0.00464	0.00435	0.00563	0.00349	0.00331	0.00714	0.00937	0.09317	0.31127	0.03075	0.48679	0.00831	0.00432	0.00121	0.00196	0.00705	0.00378	0.00357
7	0.00862	0.05081	0.09534	0.00726	0.01062	0.00679	0.07332	0.03644	0.04770	0.05604	0.00745	0.00842	0.00587	0.00325	0.00336	0.00080	0.02978	0.00266	0.00231	0.54316

[dist]
# distance from previous block
# <min> <max>
1	4

[block]
# block no. 6 follows, 74 sequences, length 20
# corresponding to MSA columns:
# 287-306
name=unknown_G
#
# <colnr> <probs for GDERKNQSTAVLIFYWHMCP>
#	G	D	E	R	K	N	Q	S	T	A	V	L	I	F	Y	W	H	M	C	P
0	0.55872	0.02099	0.00737	0.00614	0.00851	0.07077	0.00499	0.19958	0.00933	0.03910	0.00691	0.04058	0.00555	0.00405	0.00283	0.00114	0.00342	0.00272	0.00269	0.00460
1	0.09485	0.02494	0.03928	0.03835	0.01005	0.00690	0.00549	0.14435	0.02479	0.06676	0.00747	0.00821	0.00576	0.00332	0.00300	0.00080	0.00321	0.00256	0.00258	0.50733
2	0.08740	0.00929	0.01133	0.27714	0.10184	0.15956	0.06013	0.01145	0.03912	0.04056	0.00683	0.00900	0.00546	0.00472	0.02490	0.00134	0.14033	0.00315	0.00198	0.00450
3	0.00455	0.00328	0.00426	0.00504	0.00531	0.00304	0.00336	0.00519	0.00713	0.00943	0.02121	0.78431	0.07546	0.04285	0.00523	0.00157	0.00219	0.01019	0.00340	0.00299
4	0.00457	0.00328	0.00435	0.00519	0.00545	0.00306	0.00352	0.00526	0.00719	0.00955	0.02089	0.81654	0.04637	0.01152	0.00474	0.00151	0.00219	0.03834	0.00344	0.00303
5	0.01196	0.00883	0.00987	0.00791	0.01032	0.00983	0.00646	0.63168	0.01464	0.01978	0.00916	0.01030	0.00704	0.01017	0.21186	0.00230	0.00552	0.00350	0.00329	0.00558
6	0.00914	0.60080	0.28353	0.00770	0.01160	0.01276	0.00869	0.01132	0.00764	0.00969	0.00564	0.00655	0.00474	0.00329	0.00275	0.00092	0.00445	0.00223	0.00158	0.00499
7	0.00793	0.00761	0.03719	0.02098	0.03056	0.03680	0.19805	0.07795	0.02564	0.02976	0.16857	0.05654	0.09035	0.00671	0.03718	0.00145	0.12001	0.01974	0.02265	0.00435
8	0.00454	0.00351	0.00415	0.00453	0.00525	0.00311	0.00319	0.00542	0.00801	0.01024	0.10984	0.43810	0.36623	0.01030	0.00456	0.00137	0.00200	0.00904	0.00351	0.00311
9	0.02679	0.00557	0.00719	0.02199	0.06398	0.03300	0.02977	0.01048	0.00905	0.26508	0.08101	0.16837	0.21894	0.00723	0.00414	0.00125	0.00290	0.03525	0.00358	0.00443
10	0.02993	0.00953	0.01142	0.00897	0.01170	0.07175	0.12461	0.33640	0.17189	0.13561	0.02745	0.01081	0.00806	0.00480	0.01873	0.00124	0.00427	0.00369	0.00340	0.00574
11	0.01280	0.00975	0.01040	0.00828	0.01101	0.01090	0.00674	0.61549	0.23811	0.02128	0.01057	0.01024	0.00766	0.00461	0.00373	0.00115	0.00378	0.00357	0.00373	0.00620
12	0.00864	0.02415	0.02471	0.02288	0.00949	0.02750	0.00496	0.03692	0.00826	0.06389	0.00712	0.00803	0.00569	0.00299	0.00288	0.00065	0.00304	0.00236	0.00235	0.73349
13	0.00448	0.00375	0.00389	0.00389	0.00508	0.00317	0.00290	0.00549	0.00862	0.01049	0.11576	0.05813	0.74309	0.00929	0.00440	0.00125	0.00188	0.00780	0.00351	0.00317
14	0.03429	0.00358	0.00431	0.00479	0.00540	0.00331	0.00336	0.00563	0.00769	0.01028	0.09052	0.51679	0.22810	0.03299	0.00492	0.00147	0.00215	0.03387	0.00343	0.00311
15	0.11917	0.00663	0.01937	0.08846	0.02483	0.04764	0.04601	0.06379	0.00883	0.16899	0.05906	0.19325	0.01301	0.03831	0.02100	0.00145	0.01504	0.05769	0.00310	0.00437
16	0.34169	0.11500	0.29498	0.04263	0.01152	0.00897	0.00805	0.02478	0.02213	0.05719	0.00670	0.00786	0.00509	0.00363	0.00296	0.00111	0.00402	0.01391	0.00212	0.02566
17	0.11047	0.23150	0.38050	0.00818	0.01205	0.00998	0.00919	0.03938	0.05075	0.02377	0.03457	0.00823	0.00614	0.00374	0.00335	0.00107	0.02688	0.00270	0.00199	0.03556
18	0.38730	0.08316	0.05543	0.10565	0.01062	0.04920	0.00593	0.07027	0.00834	0.07730	0.06641	0.00935	0.01967	0.00399	0.00299	0.00110	0.00355	0.00287	0.00252	0.03435
19	0.19270	0.08464	0.03758	0.02290	0.00914	0.06063	0.00550	0.07859	0.02313	0.29456	0.03352	0.01214	0.02086	0.07821	0.01441	0.00138	0.00364	0.01836	0.00316	0.00495

[dist]
# distance from previous block
# <min> <max>
1	24

[block]
# block no. 7 follows, 74 sequences, length 39
# corresponding to MSA columns:
# 331-369
name=unknown_H
#
# <colnr> <probs for GDERKNQSTAVLIFYWHMCP>
#	G	D	E	R	K	N	Q	S	T	A	V	L	I	F	Y	W	H	M	C	P
0	0.42877	0.09369	0.03309	0.00661	0.00926	0.07167	0.04186	0.07394	0.01916	0.15288	0.01871	0.00803	0.00580	0.00377	0.00291	0.00109	0.00361	0.00264	0.00269	0.01982
1	0.27702	0.16750	0.10486	0.00720	0.00997	0.13796	0.02099	0.07758	0.05024	0.06995	0.00715	0.00816	0.00564	0.03714	0.00357	0.00116	0.00415	0.00265	0.00236	0.00474
2	0.31951	0.13645	0.07572	0.00652	0.00871	0.04844	0.06068	0.01023	0.00694	0.04814	0.00740	0.01102	0.00677	0.19826	0.01815	0.00172	0.02603	0.00314	0.00216	0.00402
3	0.13449	0.04527	0.00563	0.00492	0.00569	0.02499	0.00349	0.01805	0.00652	0.03238	0.02777	0.02160	0.01246	0.49997	0.02877	0.01839	0.00363	0.10049	0.00246	0.00300
4	0.12050	0.21934	0.47291	0.00862	0.01285	0.04726	0.01009	0.01149	0.00771	0.01153	0.00637	0.00789	0.00503	0.00358	0.00311	0.00107	0.00475	0.02116	0.00173	0.02300
5	0.06783	0.09090	0.00579	0.00449	0.00504	0.00504	0.00298	0.00639	0.00588	0.00829	0.01164	0.08009	0.02913	0.60780	0.05172	0.00306	0.00373	0.00517	0.00228	0.00274
6	0.64875	0.10744	0.06161	0.00544	0.00792	0.00862	0.00490	0.01065	0.00676	0.02610	0.00733	0.03441	0.03729	0.00402	0.00261	0.00113	0.00312	0.01547	0.00230	0.00416
7	0.00548	0.04769	0.00532	0.00455	0.00545	0.00405	0.00336	0.00664	0.00873	0.02186	0.40211	0.05326	0.19750	0.18080	0.00722	0.00168	0.00235	0.03526	0.00342	0.00325
8	0.01026	0.82800	0.01890	0.00636	0.00952	0.01422	0.00631	0.01147	0.00770	0.05124	0.00564	0.00629	0.00499	0.00325	0.00245	0.00081	0.00393	0.00207	0.00174	0.00484
9	0.00858	0.00657	0.00779	0.00561	0.00886	0.00500	0.00450	0.01021	0.00799	0.09466	0.00739	0.00818	0.00586	0.00293	0.00285	0.00061	0.00279	0.00235	0.00244	0.80484
10	0.01384	0.01303	0.05314	0.00884	0.01151	0.31206	0.00730	0.41029	0.01367	0.09546	0.00814	0.00840	0.00593	0.00423	0.00370	0.00107	0.01784	0.00301	0.00301	0.00552
11	0.00683	0.00497	0.00602	0.00626	0.00723	0.04718	0.01429	0.01852	0.03526	0.07385	0.09391	0.29437	0.05371	0.00934	0.00464	0.00147	0.00298	0.31197	0.00350	0.00368
12	0.00982	0.83566	0.05466	0.00653	0.00980	0.01443	0.00666	0.01114	0.00755	0.00886	0.00522	0.00603	0.00476	0.00319	0.00243	0.00081	0.00403	0.00202	0.00159	0.00479
13	0.00759	0.00647	0.00758	0.00546	0.00865	0.00488	0.00436	0.00924	0.00782	0.01222	0.04360	0.00858	0.00680	0.00296	0.00282	0.00058	0.00270	0.00240	0.00228	0.85299
14	0.00778	0.13456	0.73790	0.01001	0.01518	0.00944	0.01272	0.01167	0.00780	0.01135	0.00646	0.00758	0.00471	0.00348	0.00337	0.00112	0.00528	0.00264	0.00157	0.00539
15	0.00452	0.00323	0.00431	0.00517	0.00538	0.00301	0.00345	0.00517	0.00711	0.00948	0.02046	0.86713	0.02455	0.01163	0.00474	0.00151	0.00215	0.01055	0.00345	0.00301
16	0.01665	0.00632	0.00861	0.00660	0.00948	0.00546	0.00546	0.01809	0.01062	0.84897	0.01464	0.01263	0.00919	0.00459	0.00373	0.00115	0.00316	0.00373	0.00459	0.00632
17	0.00509	0.00361	0.00485	0.00563	0.00604	0.00349	0.00419	0.00604	0.00744	0.00982	0.01942	0.51556	0.02250	0.08682	0.00612	0.00176	0.00271	0.28250	0.00333	0.00308
18	0.01631	0.00624	0.00850	0.00655	0.00936	0.00540	0.00540	0.01776	0.01062	0.82394	0.03955	0.01309	0.00996	0.00468	0.00375	0.00115	0.00312	0.00382	0.00458	0.00623
19	0.00452	0.00326	0.00428	0.00510	0.00537	0.00302	0.00342	0.00518	0.00717	0.00950	0.02126	0.82818	0.06298	0.01152	0.00472	0.00150	0.00214	0.01042	0.00345	0.00302
20	0.00707	0.00724	0.04847	0.80136	0.02499	0.00829	0.03161	0.00965	0.00747	0.00965	0.00662	0.00981	0.00495	0.00369	0.00372	0.00123	0.00501	0.00330	0.00165	0.00421
21	0.00539	0.00387	0.00529	0.00611	0.00675	0.00377	0.00494	0.00668	0.00802	0.01047	0.02062	0.34317	0.05348	0.01072	0.00496	0.00162	0.00290	0.49457	0.00343	0.00326
22	0.01411	0.01040	0.01114	0.00854	0.01151	0.01151	0.00706	0.83402	0.01745	0.02339	0.00891	0.00891	0.00631	0.00446	0.00371	0.00111	0.00408	0.00334	0.00371	0.00631
23	0.00533	0.00380	0.00521	0.00604	0.00659	0.00372	0.00478	0.00653	0.00781	0.01027	0.01964	0.39574	0.02233	0.03185	0.02027	0.00174	0.00299	0.43876	0.00338	0.00321
24	0.00806	0.01691	0.66361	0.02749	0.01649	0.00860	0.14527	0.01201	0.00810	0.04871	0.00715	0.00844	0.00505	0.00351	0.00368	0.00119	0.00550	0.00306	0.00175	0.00542
25	0.00761	0.07767	0.79334	0.01029	0.01562	0.00904	0.01321	0.01171	0.00782	0.01155	0.00656	0.00771	0.00471	0.00350	0.00345	0.00115	0.00538	0.00269	0.00157	0.00544
26	0.00862	0.03483	0.73055	0.01001	0.01513	0.00836	0.01255	0.01252	0.00817	0.11415	0.00761	0.00839	0.00525	0.00365	0.00353	0.00116	0.00517	0.00285	0.00194	0.00557
27	0.00899	0.01016	0.06506	0.12068	0.35668	0.06638	0.29420	0.01159	0.00854	0.01150	0.00701	0.00931	0.00554	0.00334	0.00389	0.00116	0.00533	0.00358	0.00182	0.00523
28	0.01465	0.00799	0.05811	0.00769	0.01057	0.05628	0.06573	0.02871	0.02501	0.62164	0.01318	0.04472	0.00895	0.00468	0.00388	0.00117	0.01329	0.00390	0.00396	0.00589
29	0.00709	0.00676	0.01164	0.82105	0.02528	0.00830	0.04884	0.00960	0.00748	0.00960	0.00664	0.00990	0.00498	0.00368	0.00374	0.00124	0.00501	0.00335	0.00166	0.00416
30	0.00816	0.00986	0.08211	0.02503	0.02911	0.00856	0.64765	0.01112	0.00867	0.01184	0.05082	0.05553	0.02475	0.00396	0.00432	0.00125	0.00563	0.00473	0.00207	0.00483
31	0.00968	0.04124	0.54451	0.02938	0.03138	0.00845	0.03805	0.06515	0.02307	0.16163	0.00836	0.00895	0.00578	0.00378	0.00358	0.00116	0.00488	0.00304	0.00230	0.00563
32	0.00929	0.00742	0.01210	0.31729	0.30206	0.01840	0.04785	0.01146	0.00859	0.13973	0.06654	0.01125	0.00806	0.00394	0.00376	0.00116	0.00431	0.00363	0.00236	0.02082
33	0.02405	0.02206	0.37508	0.06169	0.03590	0.02038	0.06536	0.05029	0.02238	0.13610	0.01755	0.10232	0.02740	0.00482	0.00390	0.00121	0.01782	0.00408	0.00247	0.00514
34	0.01155	0.02299	0.07845	0.21290	0.09549	0.02702	0.05795	0.03864	0.05672	0.33042	0.02405	0.01106	0.00757	0.00411	0.00373	0.00117	0.00417	0.00355	0.00302	0.00546
35	0.05587	0.04901	0.05045	0.17702	0.19165	0.01881	0.17451	0.02708	0.00875	0.18381	0.00841	0.00977	0.00612	0.00364	0.00368	0.00115	0.00457	0.00343	0.00242	0.01986
36	0.04685	0.07040	0.30604	0.03245	0.09048	0.01870	0.09623	0.02449	0.04519	0.21109	0.00888	0.00945	0.00627	0.00381	0.00366	0.00115	0.01361	0.00321	0.00251	0.00552
37	0.06011	0.01947	0.16599	0.13695	0.15466	0.02850	0.09377	0.13074	0.04305	0.09428	0.00831	0.00983	0.00620	0.00387	0.00365	0.00116	0.00457	0.01598	0.00243	0.01646
38	0.02911	0.05511	0.25719	0.03072	0.03155	0.01859	0.05545	0.12784	0.03287	0.20370	0.02106	0.02291	0.02003	0.00411	0.00356	0.00110	0.00421	0.00336	0.00280	0.07473

[dist]
# distance from previous block
# <min> <max>
0	135

# created by:
# /home/cegg/simao/soft/augustus-3.2.1/scripts/msa2prfl.pl ./align_prep/EOG092C5246.fa
