[name]
unknown

[dist]
# distance from previous block
# <min> <max>
2	113

[block]
# block no. 0 follows, 68 sequences, length 14
# corresponding to MSA columns:
# 113-116,119-128
name=unknown_A
#
# <colnr> <probs for GDERKNQSTAVLIFYWHMCP>
#	G	D	E	R	K	N	Q	S	T	A	V	L	I	F	Y	W	H	M	C	P
0	0.00557	0.00438	0.00508	0.00490	0.00606	0.00407	0.00367	0.00783	0.07756	0.01371	0.42629	0.07065	0.33801	0.00882	0.00465	0.00131	0.00205	0.00760	0.00405	0.00378
1	0.00475	0.00399	0.00412	0.00414	0.00541	0.00336	0.00308	0.00579	0.00910	0.01099	0.08530	0.07305	0.75332	0.01003	0.00470	0.00135	0.00201	0.00842	0.00372	0.00336
2	0.12026	0.05094	0.01088	0.00921	0.01148	0.60959	0.00709	0.06016	0.01098	0.06501	0.00683	0.00757	0.00540	0.00410	0.00345	0.00106	0.00614	0.00264	0.00237	0.00484
3	0.00944	0.04687	0.01703	0.01317	0.04882	0.06499	0.37690	0.01259	0.09066	0.01180	0.00809	0.01050	0.00660	0.00614	0.06058	0.00171	0.20283	0.00405	0.00214	0.00507
4	0.01011	0.02996	0.09043	0.01521	0.07121	0.02648	0.53503	0.11613	0.01033	0.01404	0.00791	0.01006	0.00598	0.00371	0.00468	0.00130	0.03548	0.00418	0.00221	0.00557
5	0.00593	0.00411	0.00476	0.00466	0.00466	0.00431	0.00275	0.00598	0.00578	0.00779	0.01209	0.02498	0.01390	0.81302	0.01978	0.00373	0.05125	0.00564	0.00237	0.00251
6	0.00739	0.00370	0.00370	0.00370	0.00462	0.00370	0.00277	0.00924	0.00831	0.01478	0.01293	0.01478	0.01016	0.00462	0.00277	0.00092	0.00185	0.00370	0.88267	0.00370
7	0.01568	0.01013	0.01130	0.00866	0.01181	0.01085	0.00715	0.64324	0.01701	0.20675	0.01089	0.01041	0.00743	0.00479	0.00397	0.00120	0.00414	0.00366	0.00418	0.00674
8	0.00602	0.00456	0.00619	0.00600	0.00636	0.00528	0.00436	0.00683	0.00611	0.00865	0.01078	0.01887	0.01116	0.34963	0.43744	0.00490	0.09673	0.00475	0.00219	0.00318
9	0.00943	0.00903	0.01541	0.15924	0.70399	0.00932	0.01198	0.01184	0.00885	0.01249	0.00739	0.00994	0.00612	0.00360	0.00393	0.00120	0.00480	0.00353	0.00193	0.00597
10	0.00496	0.00380	0.00454	0.00484	0.00564	0.00339	0.00344	0.00603	0.00896	0.01166	0.21441	0.36232	0.33064	0.01055	0.00483	0.00143	0.00209	0.00925	0.00384	0.00339
11	0.00976	0.01005	0.06858	0.05249	0.67114	0.00956	0.01179	0.03896	0.04596	0.01330	0.00783	0.00994	0.00642	0.00376	0.00412	0.00121	0.02336	0.00354	0.00209	0.00616
12	0.06163	0.00817	0.00879	0.00772	0.01006	0.00912	0.00608	0.06232	0.59277	0.10675	0.01515	0.03574	0.01154	0.00543	0.00396	0.00132	0.00321	0.02034	0.00398	0.02591
13	0.06686	0.15694	0.08336	0.03606	0.03311	0.04751	0.00662	0.01309	0.19086	0.03200	0.06478	0.01363	0.08685	0.00483	0.00354	0.00109	0.00365	0.00381	0.00283	0.14857

[dist]
# distance from previous block
# <min> <max>
1	12

[block]
# block no. 1 follows, 68 sequences, length 32
# corresponding to MSA columns:
# 141-172
name=unknown_B
#
# <colnr> <probs for GDERKNQSTAVLIFYWHMCP>
#	G	D	E	R	K	N	Q	S	T	A	V	L	I	F	Y	W	H	M	C	P
0	0.03476	0.01091	0.02035	0.01545	0.06305	0.04794	0.60686	0.11180	0.01052	0.02627	0.00813	0.01027	0.00609	0.00359	0.00443	0.00129	0.00617	0.00431	0.00230	0.00553
1	0.04564	0.05611	0.01097	0.00935	0.01147	0.54931	0.00720	0.03447	0.18124	0.01180	0.00848	0.00942	0.00688	0.00450	0.00382	0.00112	0.02369	0.01703	0.00252	0.00499
2	0.00577	0.00384	0.00432	0.00432	0.00432	0.00384	0.00240	0.00577	0.00577	0.00769	0.01249	0.02595	0.01441	0.86066	0.02018	0.00384	0.00384	0.00577	0.00240	0.00240
3	0.00739	0.00370	0.00370	0.00370	0.00462	0.00370	0.00277	0.00924	0.00831	0.01478	0.01293	0.01478	0.01016	0.00462	0.00277	0.00092	0.00185	0.00370	0.88267	0.00370
4	0.00777	0.00735	0.01231	0.73385	0.10530	0.00901	0.01102	0.01030	0.00795	0.01038	0.00701	0.01041	0.00538	0.00405	0.00436	0.00133	0.04234	0.00352	0.00178	0.00458
5	0.01444	0.06496	0.01178	0.01003	0.01210	0.78043	0.00764	0.01547	0.01094	0.00968	0.00607	0.00714	0.00511	0.00411	0.00373	0.00103	0.02614	0.00255	0.00202	0.00462
6	0.00801	0.01950	0.77192	0.01115	0.01683	0.00902	0.03641	0.01242	0.00839	0.01258	0.00714	0.00843	0.00510	0.00371	0.00375	0.00122	0.00572	0.00295	0.00172	0.05405
7	0.00601	0.00475	0.00672	0.00662	0.00730	0.02103	0.00516	0.00736	0.00648	0.00924	0.01047	0.01580	0.00990	0.04869	0.74988	0.00588	0.05519	0.01779	0.00213	0.00358
8	0.01482	0.01866	0.01126	0.01018	0.01226	0.81969	0.00766	0.04011	0.01146	0.01016	0.00623	0.00722	0.00516	0.00411	0.00359	0.00103	0.00707	0.00258	0.00210	0.00466
9	0.00593	0.00417	0.00538	0.00511	0.00608	0.00386	0.00382	0.02026	0.01093	0.03402	0.69928	0.10444	0.06479	0.00844	0.00468	0.00128	0.00199	0.00746	0.00428	0.00379
10	0.01080	0.00899	0.00950	0.00826	0.01067	0.01030	0.00650	0.16597	0.68232	0.01810	0.01494	0.01384	0.01113	0.00527	0.00402	0.00132	0.00336	0.00432	0.00402	0.00636
11	0.88866	0.00767	0.00583	0.00521	0.00767	0.00889	0.00429	0.01166	0.00675	0.01779	0.00552	0.00644	0.00429	0.00368	0.00245	0.00123	0.00307	0.00215	0.00245	0.00429
12	0.00500	0.00358	0.00455	0.00522	0.00551	0.00338	0.00344	0.00561	0.00736	0.00973	0.02140	0.63218	0.08633	0.15651	0.02889	0.00209	0.00275	0.00994	0.00342	0.00310
13	0.00739	0.00370	0.00370	0.00370	0.00462	0.00370	0.00277	0.00924	0.00831	0.01478	0.01293	0.01478	0.01016	0.00462	0.00277	0.00092	0.00185	0.00370	0.88267	0.00370
14	0.01382	0.03290	0.03427	0.04202	0.01274	0.51210	0.00780	0.18770	0.09428	0.01373	0.00790	0.00857	0.00616	0.00433	0.00370	0.00110	0.00599	0.00300	0.00262	0.00526
15	0.00794	0.00737	0.01219	0.76044	0.08380	0.00899	0.01096	0.04148	0.00842	0.01090	0.00717	0.01048	0.00541	0.00396	0.00396	0.00131	0.00521	0.00353	0.00186	0.00463
16	0.01000	0.01032	0.02168	0.02865	0.04235	0.00975	0.70723	0.02700	0.02206	0.06704	0.00864	0.01089	0.00637	0.00351	0.00458	0.00132	0.00630	0.00456	0.00225	0.00549
17	0.01484	0.01064	0.01156	0.00892	0.01200	0.01172	0.00736	0.75461	0.01784	0.06163	0.00984	0.00993	0.00701	0.00573	0.03627	0.00139	0.00456	0.00361	0.00394	0.00662
18	0.00739	0.00370	0.00370	0.00370	0.00462	0.00370	0.00277	0.00924	0.00831	0.01478	0.01293	0.01478	0.01016	0.00462	0.00277	0.00092	0.00185	0.00370	0.88267	0.00370
19	0.00822	0.00705	0.00822	0.00587	0.00940	0.00529	0.00470	0.00998	0.00822	0.01292	0.00705	0.00822	0.00587	0.00294	0.00294	0.00059	0.00294	0.00235	0.00235	0.88490
20	0.00483	0.00345	0.00460	0.00552	0.00575	0.00322	0.00368	0.00552	0.00759	0.01012	0.02185	0.85807	0.02622	0.01242	0.00506	0.00161	0.00230	0.01127	0.00368	0.00322
21	0.01779	0.00675	0.00920	0.00705	0.01012	0.00583	0.00583	0.01932	0.01135	0.83867	0.01564	0.01350	0.00981	0.00491	0.00399	0.00123	0.00337	0.00399	0.00491	0.00675
22	0.01481	0.01890	0.01124	0.01021	0.01226	0.84474	0.00766	0.01583	0.01124	0.00970	0.00613	0.00715	0.00511	0.00409	0.00358	0.00102	0.00715	0.00255	0.00204	0.00460
23	0.01525	0.01037	0.01138	0.00874	0.01184	0.01125	0.00720	0.69723	0.01739	0.13457	0.01041	0.01040	0.00732	0.02252	0.00431	0.00125	0.00422	0.00367	0.00406	0.00665
24	0.00812	0.00776	0.01336	0.62104	0.21845	0.00900	0.04467	0.01072	0.00825	0.01090	0.00718	0.01040	0.00555	0.00384	0.00398	0.00129	0.00521	0.00357	0.00182	0.00489
25	0.00566	0.00425	0.00637	0.00637	0.00708	0.00496	0.00496	0.00708	0.00637	0.00920	0.01062	0.01558	0.00991	0.02974	0.84494	0.00637	0.01062	0.00425	0.00212	0.00354
26	0.01779	0.00675	0.00920	0.00705	0.01012	0.00583	0.00583	0.01932	0.01135	0.83867	0.01564	0.01350	0.00981	0.00491	0.00399	0.00123	0.00337	0.00399	0.00491	0.00675
27	0.00986	0.00852	0.00897	0.00807	0.01031	0.00986	0.00628	0.02107	0.82876	0.01659	0.01614	0.01479	0.01210	0.00538	0.00403	0.00134	0.00314	0.00448	0.00403	0.00628
28	0.00548	0.00405	0.00512	0.00485	0.00584	0.00369	0.00364	0.00723	0.01092	0.01517	0.72193	0.03082	0.14977	0.00838	0.00468	0.00126	0.00189	0.00734	0.00427	0.00369
29	0.00809	0.00766	0.01298	0.63643	0.23729	0.00897	0.01131	0.01066	0.00821	0.01086	0.00715	0.01037	0.00554	0.00385	0.00395	0.00128	0.00514	0.00353	0.00181	0.00489
30	0.01218	0.01374	0.22148	0.06327	0.01464	0.14996	0.07179	0.22020	0.04896	0.10788	0.00907	0.00973	0.00651	0.00425	0.00388	0.00120	0.00523	0.00339	0.01500	0.01764
31	0.04302	0.21352	0.04757	0.01983	0.08079	0.07900	0.01611	0.05595	0.00958	0.02813	0.18426	0.01529	0.08783	0.00559	0.00473	0.00119	0.09590	0.00426	0.00272	0.00475

[dist]
# distance from previous block
# <min> <max>
1	3

[block]
# block no. 2 follows, 68 sequences, length 71
# corresponding to MSA columns:
# 176-246
name=unknown_C
#
# <colnr> <probs for GDERKNQSTAVLIFYWHMCP>
#	G	D	E	R	K	N	Q	S	T	A	V	L	I	F	Y	W	H	M	C	P
0	0.76102	0.05979	0.00758	0.00595	0.00848	0.05382	0.03096	0.01192	0.00715	0.01669	0.00563	0.00661	0.00444	0.00367	0.00259	0.00120	0.00347	0.00225	0.00237	0.00439
1	0.03576	0.00718	0.00949	0.21338	0.12869	0.02829	0.00745	0.01266	0.19227	0.06284	0.12340	0.01808	0.11478	0.00573	0.00414	0.00129	0.00369	0.02276	0.00314	0.00499
2	0.00497	0.00367	0.00466	0.00530	0.00583	0.00337	0.00372	0.00589	0.00828	0.01088	0.10384	0.58734	0.17083	0.01150	0.00498	0.00154	0.00228	0.05405	0.00375	0.00332
3	0.00571	0.00422	0.00624	0.00624	0.00693	0.00489	0.00482	0.00710	0.00640	0.00930	0.01074	0.01588	0.01006	0.05477	0.79761	0.00615	0.01018	0.00428	0.02497	0.00351
4	0.00483	0.00346	0.00459	0.00550	0.00574	0.00322	0.00367	0.00552	0.00761	0.01013	0.02214	0.84539	0.03872	0.01238	0.00505	0.00161	0.00230	0.01123	0.00368	0.00322
5	0.00566	0.00418	0.00610	0.00612	0.00674	0.00479	0.00464	0.00690	0.00633	0.00905	0.01108	0.03555	0.01079	0.12412	0.73215	0.00598	0.00966	0.00458	0.00219	0.00340
6	0.00623	0.00491	0.00689	0.00739	0.04158	0.00471	0.04078	0.00812	0.02293	0.01224	0.12124	0.03804	0.20768	0.00968	0.00508	0.00159	0.00323	0.45025	0.00361	0.00382
7	0.00976	0.00936	0.01599	0.04464	0.81606	0.00941	0.01214	0.01212	0.00900	0.01288	0.00745	0.00983	0.00626	0.00354	0.00393	0.00118	0.00472	0.00353	0.00196	0.00623
8	0.01023	0.00830	0.00885	0.00787	0.01015	0.00943	0.00615	0.04113	0.72877	0.06242	0.01692	0.01554	0.04533	0.00553	0.00406	0.00133	0.00314	0.00459	0.00407	0.00619
9	0.00813	0.00507	0.00601	0.00513	0.00709	0.00424	0.00400	0.00953	0.00981	0.18246	0.18576	0.02663	0.37609	0.00747	0.00426	0.00118	0.00241	0.00627	0.00386	0.14459
10	0.00806	0.05483	0.80674	0.01112	0.01688	0.00947	0.01433	0.01253	0.00836	0.01243	0.00705	0.00829	0.00503	0.00375	0.00372	0.00124	0.00579	0.00290	0.00168	0.00583
11	0.00749	0.00705	0.01189	0.85113	0.02731	0.00881	0.01101	0.01013	0.00793	0.01013	0.00705	0.01057	0.00529	0.00396	0.00396	0.00132	0.00529	0.00352	0.00176	0.00440
12	0.01651	0.00710	0.00919	0.00713	0.01003	0.00653	0.00584	0.11266	0.02981	0.66899	0.03370	0.01374	0.01026	0.02454	0.00434	0.00128	0.00343	0.00406	0.02436	0.00650
13	0.00892	0.00909	0.01211	0.01040	0.01048	0.04606	0.00863	0.00980	0.00628	0.00955	0.00524	0.00861	0.00520	0.00682	0.01263	0.00171	0.81893	0.00343	0.00175	0.00435
14	0.00835	0.00646	0.00788	0.00758	0.00909	0.00691	0.02457	0.14116	0.20508	0.01468	0.01770	0.19064	0.01781	0.02665	0.00510	0.00160	0.00345	0.29688	0.00373	0.00470
15	0.00822	0.00705	0.00822	0.00587	0.00940	0.00529	0.00470	0.00998	0.00822	0.01292	0.00705	0.00822	0.00587	0.00294	0.00294	0.00059	0.00294	0.00235	0.00235	0.88490
16	0.01597	0.01026	0.01089	0.00879	0.02970	0.10180	0.00700	0.40807	0.01482	0.33444	0.01144	0.01079	0.00773	0.00471	0.00393	0.00119	0.00430	0.00362	0.00407	0.00650
17	0.00997	0.01005	0.01518	0.10560	0.61107	0.08687	0.03156	0.01217	0.00896	0.01217	0.00718	0.00960	0.00600	0.00382	0.00443	0.00121	0.05296	0.00347	0.00194	0.00580
18	0.00600	0.00404	0.00578	0.00628	0.00678	0.00396	0.02262	0.00670	0.02244	0.01004	0.01753	0.36758	0.01976	0.01197	0.00771	0.21696	0.00311	0.25449	0.00316	0.00309
19	0.00689	0.00344	0.00517	0.00517	0.00517	0.00344	0.00344	0.00517	0.00517	0.00689	0.00689	0.01205	0.00689	0.01377	0.01550	0.88464	0.00344	0.00344	0.00172	0.00172
20	0.00803	0.01998	0.79585	0.01159	0.01735	0.00925	0.05838	0.01256	0.00842	0.01256	0.00716	0.00850	0.00508	0.00374	0.00382	0.00126	0.00590	0.00302	0.00169	0.00583
21	0.00828	0.00786	0.01333	0.56773	0.30447	0.00902	0.01141	0.01083	0.00831	0.01110	0.00719	0.01031	0.00563	0.00382	0.00395	0.00127	0.00509	0.00353	0.00183	0.00505
22	0.00516	0.00431	0.00469	0.00473	0.01800	0.00385	0.00348	0.00676	0.04466	0.01165	0.14740	0.03452	0.63875	0.01036	0.04260	0.00155	0.00247	0.00778	0.00370	0.00358
23	0.00907	0.00867	0.01482	0.25236	0.58664	0.00915	0.02237	0.01149	0.00870	0.01212	0.00761	0.02545	0.00636	0.00381	0.00397	0.00123	0.00485	0.00369	0.00194	0.00569
24	0.00487	0.00347	0.00459	0.00547	0.00569	0.00325	0.00363	0.00553	0.00752	0.01002	0.02147	0.82417	0.02574	0.04697	0.00568	0.00170	0.00236	0.01105	0.00363	0.00319
25	0.01443	0.01075	0.01144	0.00876	0.01194	0.03045	0.00720	0.70000	0.01721	0.04450	0.00935	0.00944	0.00670	0.00456	0.00385	0.00113	0.00425	0.00343	0.00378	0.09683
26	0.02486	0.01163	0.04315	0.01651	0.36521	0.13368	0.09142	0.19060	0.05708	0.01534	0.00821	0.00962	0.00643	0.00398	0.00394	0.00119	0.00512	0.00352	0.00253	0.00599
27	0.01471	0.01874	0.01147	0.01034	0.01242	0.82859	0.02341	0.01577	0.01120	0.00976	0.00617	0.00722	0.00512	0.00407	0.00360	0.00103	0.00714	0.00259	0.00204	0.00461
28	0.00566	0.00425	0.00637	0.00637	0.00708	0.00496	0.00496	0.00708	0.00637	0.00920	0.01062	0.01558	0.00991	0.02974	0.84494	0.00637	0.01062	0.00425	0.00212	0.00354
29	0.01399	0.00939	0.03215	0.00880	0.03037	0.06151	0.04750	0.23144	0.13891	0.30819	0.04587	0.01313	0.03017	0.00500	0.00404	0.00123	0.00401	0.00409	0.00399	0.00623
30	0.00964	0.01011	0.06492	0.05993	0.67941	0.01946	0.04408	0.01248	0.03775	0.01288	0.00773	0.00994	0.00634	0.00363	0.00395	0.00120	0.00486	0.00356	0.00201	0.00611
31	0.01779	0.00675	0.00920	0.00705	0.01012	0.00583	0.00583	0.01932	0.01135	0.83867	0.01564	0.01350	0.00981	0.00491	0.00399	0.00123	0.00337	0.00399	0.00491	0.00675
32	0.00483	0.00346	0.00459	0.00549	0.00574	0.00322	0.00367	0.00552	0.00762	0.01013	0.02224	0.84083	0.04321	0.01237	0.00505	0.00160	0.00229	0.01121	0.00368	0.00322
33	0.02441	0.04047	0.44222	0.01298	0.12782	0.00943	0.11741	0.07272	0.00960	0.09358	0.00821	0.00936	0.00590	0.00385	0.00389	0.00124	0.00537	0.00335	0.00225	0.00595
34	0.00908	0.01073	0.05776	0.01587	0.01976	0.00963	0.73815	0.01236	0.00926	0.01260	0.00877	0.03283	0.00705	0.00385	0.00468	0.00136	0.00644	0.03245	0.00209	0.00526
35	0.00481	0.00399	0.00421	0.00422	0.00545	0.00339	0.00314	0.00591	0.00923	0.01133	0.13901	0.08257	0.68922	0.00993	0.00471	0.00134	0.00201	0.00838	0.00377	0.00339
36	0.01060	0.80978	0.05343	0.00702	0.01050	0.01535	0.00712	0.03044	0.00831	0.00982	0.00567	0.00651	0.00512	0.00344	0.00263	0.00087	0.00431	0.00219	0.00175	0.00516
37	0.04279	0.10914	0.35594	0.01222	0.10378	0.07247	0.11282	0.05619	0.04272	0.03316	0.00763	0.00888	0.00577	0.00386	0.00385	0.00120	0.01661	0.00320	0.00210	0.00567
38	0.00864	0.01084	0.17608	0.28810	0.12013	0.01836	0.03701	0.04597	0.00820	0.01152	0.00675	0.00946	0.00542	0.00468	0.00634	0.00139	0.23077	0.00342	0.00187	0.00504
39	0.00483	0.00345	0.00460	0.00552	0.00575	0.00322	0.00368	0.00552	0.00759	0.01012	0.02185	0.85807	0.02622	0.01242	0.00506	0.00161	0.00230	0.01127	0.00368	0.00322
40	0.00601	0.00559	0.03537	0.00689	0.01830	0.00469	0.12099	0.00753	0.00896	0.03186	0.06450	0.17851	0.43408	0.00905	0.00474	0.00140	0.00301	0.05126	0.00341	0.00385
41	0.00638	0.00532	0.00710	0.00687	0.00751	0.03991	0.00534	0.00764	0.00650	0.00918	0.00993	0.01503	0.00944	0.07203	0.67189	0.00549	0.10454	0.00418	0.00209	0.00361
42	0.00675	0.00349	0.00506	0.00506	0.00506	0.00349	0.00332	0.00524	0.00524	0.00699	0.00758	0.01376	0.00781	0.11778	0.01607	0.77647	0.00349	0.00373	0.00181	0.00181
43	0.00948	0.00923	0.00988	0.00741	0.01073	0.13468	0.06505	0.02989	0.00901	0.01269	0.00703	0.00827	0.00579	0.00318	0.00319	0.00072	0.00389	0.00258	0.00231	0.66499
44	0.04800	0.05834	0.04473	0.03676	0.48328	0.23807	0.01038	0.01310	0.00943	0.01199	0.00689	0.00872	0.00574	0.00370	0.00369	0.00113	0.00534	0.00311	0.00198	0.00561
45	0.00579	0.00395	0.00467	0.02234	0.00506	0.00403	0.00282	0.00601	0.00603	0.00811	0.03763	0.02496	0.01460	0.75404	0.08111	0.00390	0.00432	0.00565	0.00243	0.00257
46	0.00559	0.00428	0.00596	0.00628	0.00693	0.00415	0.04329	0.01727	0.04342	0.01077	0.02085	0.59915	0.06062	0.04911	0.02745	0.00181	0.00297	0.08307	0.00352	0.00352
47	0.00595	0.00498	0.00612	0.03604	0.02867	0.00469	0.03363	0.01999	0.07374	0.02020	0.14784	0.06475	0.50321	0.00876	0.00460	0.00134	0.00253	0.02539	0.00365	0.00390
48	0.00858	0.02821	0.01208	0.01014	0.01025	0.01190	0.00846	0.00948	0.00613	0.00952	0.00546	0.00894	0.00542	0.00790	0.05086	0.00193	0.79520	0.00347	0.00175	0.00432
49	0.00959	0.00919	0.01569	0.10305	0.75894	0.00936	0.01206	0.01197	0.00892	0.01268	0.00742	0.00989	0.00619	0.00357	0.00393	0.00119	0.00477	0.00353	0.00194	0.00610
50	0.00851	0.00509	0.00458	0.00439	0.00551	0.07242	0.00332	0.01027	0.00870	0.05481	0.01251	0.01410	0.00973	0.00459	0.00290	0.00095	0.00236	0.00362	0.76773	0.00392
51	0.00981	0.00942	0.01609	0.02434	0.83592	0.00942	0.01217	0.01217	0.00903	0.01295	0.00746	0.00981	0.00628	0.00353	0.00393	0.00118	0.00471	0.00353	0.00196	0.00628
52	0.00957	0.01060	0.02304	0.01647	0.02046	0.00992	0.80133	0.01286	0.00941	0.03315	0.00821	0.01076	0.00611	0.00338	0.00466	0.00133	0.00660	0.00466	0.00208	0.00538
53	0.00749	0.00705	0.01189	0.85113	0.02731	0.00881	0.01101	0.01013	0.00793	0.01013	0.00705	0.01057	0.00529	0.00396	0.00396	0.00132	0.00529	0.00352	0.00176	0.00440
54	0.00502	0.00359	0.00472	0.00548	0.00581	0.00337	0.00375	0.00583	0.00786	0.01050	0.07830	0.68884	0.04611	0.05876	0.00588	0.00171	0.00242	0.05515	0.00366	0.00324
55	0.00986	0.00852	0.00897	0.00807	0.01031	0.00986	0.00628	0.02107	0.82876	0.01659	0.01614	0.01479	0.01210	0.00538	0.00403	0.00134	0.00314	0.00448	0.00403	0.00628
56	0.00839	0.00796	0.01352	0.53176	0.33965	0.00905	0.01146	0.01092	0.00835	0.01122	0.00721	0.01028	0.00567	0.00380	0.00395	0.00127	0.00506	0.00353	0.00184	0.00513
57	0.00479	0.00360	0.00444	0.00511	0.00564	0.00325	0.00350	0.00557	0.00798	0.01028	0.02683	0.63509	0.24599	0.01177	0.00496	0.00154	0.00222	0.01048	0.00368	0.00325
58	0.00964	0.00813	0.00865	0.00779	0.00995	0.00930	0.00605	0.01992	0.75046	0.02993	0.06428	0.01613	0.03083	0.00563	0.00408	0.00134	0.00304	0.00471	0.00406	0.00607
59	0.00936	0.01070	0.02340	0.01671	0.02072	0.01003	0.82152	0.01270	0.00936	0.01270	0.00802	0.01070	0.00602	0.00334	0.00468	0.00134	0.00668	0.00468	0.00201	0.00535
60	0.00562	0.00411	0.00562	0.00542	0.00628	0.00412	0.00412	0.00733	0.00965	0.01371	0.56232	0.02526	0.03862	0.01500	0.27170	0.00288	0.00465	0.00626	0.00364	0.00367
61	0.05722	0.00681	0.00868	0.02630	0.00983	0.05668	0.06061	0.04062	0.00985	0.34456	0.01583	0.28209	0.01455	0.00731	0.00433	0.00137	0.00356	0.04084	0.00386	0.00509
62	0.00532	0.00422	0.00451	0.00445	0.00575	0.00369	0.00333	0.00680	0.04027	0.03182	0.12688	0.08683	0.64283	0.00967	0.00467	0.00134	0.00209	0.00816	0.00380	0.00358
63	0.00885	0.00797	0.01222	0.43224	0.22663	0.00913	0.01011	0.01334	0.19448	0.03144	0.00941	0.01141	0.00719	0.00420	0.00397	0.00129	0.00461	0.00375	0.00240	0.00536
64	0.00796	0.00915	0.21547	0.00834	0.01086	0.00627	0.02928	0.03077	0.04426	0.07701	0.01760	0.04774	0.07140	0.00807	0.00475	0.00155	0.00411	0.39752	0.00324	0.00465
65	0.00777	0.00743	0.01284	0.74122	0.09036	0.00892	0.05489	0.01043	0.00809	0.01049	0.00713	0.01052	0.00540	0.00390	0.00400	0.00131	0.00532	0.00359	0.00179	0.00460
66	0.00813	0.00771	0.01271	0.66711	0.18593	0.01932	0.01115	0.02125	0.00833	0.01087	0.00715	0.01037	0.00550	0.00389	0.00395	0.00129	0.00518	0.00351	0.00183	0.00481
67	0.00494	0.00368	0.00464	0.00535	0.00589	0.00337	0.00378	0.00581	0.00806	0.01041	0.02584	0.60030	0.20532	0.01176	0.00502	0.00157	0.00236	0.08493	0.00368	0.00329
68	0.01412	0.00750	0.03385	0.07458	0.13215	0.00676	0.02788	0.03550	0.01054	0.51214	0.01418	0.03538	0.02872	0.00515	0.00410	0.00127	0.00385	0.04227	0.00393	0.00613
69	0.00858	0.00607	0.00873	0.03720	0.21145	0.02318	0.00666	0.01021	0.02706	0.13971	0.01662	0.38368	0.02810	0.00833	0.00455	0.00143	0.00337	0.06701	0.00336	0.00469
70	0.00846	0.01373	0.37107	0.23149	0.20077	0.02025	0.03758	0.01226	0.04422	0.01216	0.00758	0.00959	0.00571	0.00383	0.00389	0.00126	0.00538	0.00333	0.00188	0.00556

[dist]
# distance from previous block
# <min> <max>
0	5

[block]
# block no. 3 follows, 68 sequences, length 51
# corresponding to MSA columns:
# 252-259,261-303
name=unknown_D
#
# <colnr> <probs for GDERKNQSTAVLIFYWHMCP>
#	G	D	E	R	K	N	Q	S	T	A	V	L	I	F	Y	W	H	M	C	P
0	0.34703	0.09300	0.23107	0.00956	0.05451	0.01981	0.09321	0.01248	0.04789	0.01434	0.00682	0.00807	0.00527	0.00385	0.00363	0.00123	0.03814	0.00286	0.00215	0.00510
1	0.00883	0.02797	0.49431	0.02890	0.06629	0.00930	0.14527	0.01280	0.03806	0.05235	0.00828	0.03111	0.00631	0.00418	0.00444	0.00130	0.04901	0.00360	0.00204	0.00567
2	0.00859	0.00783	0.01158	0.22327	0.26742	0.00761	0.00863	0.01111	0.03920	0.01237	0.00751	0.00954	0.00608	0.00347	0.00354	0.00098	0.00408	0.00309	0.00215	0.36196
3	0.00788	0.00783	0.05403	0.01195	0.16296	0.00778	0.12287	0.00982	0.02711	0.03441	0.03345	0.23921	0.05450	0.00727	0.00633	0.00146	0.18270	0.02111	0.00267	0.00465
4	0.00538	0.00394	0.00542	0.00580	0.01995	0.00387	0.00410	0.00670	0.00876	0.01220	0.33132	0.35566	0.02690	0.01411	0.17431	0.00242	0.00385	0.00815	0.00360	0.00354
5	0.01923	0.00525	0.00629	0.00527	0.00722	0.00444	0.00408	0.01942	0.00999	0.04184	0.40539	0.02276	0.13696	0.00649	0.00405	0.00104	0.00233	0.00555	0.00360	0.28879
6	0.36776	0.00814	0.00992	0.06125	0.25379	0.01778	0.00727	0.02832	0.00838	0.07847	0.02266	0.00892	0.00622	0.00377	0.00323	0.00114	0.00374	0.00293	0.00251	0.10381
7	0.00509	0.00395	0.00477	0.02068	0.00619	0.00358	0.00374	0.00628	0.00907	0.01173	0.20631	0.28280	0.34901	0.01028	0.00483	0.00143	0.00223	0.06079	0.00379	0.00343
8	0.01392	0.00845	0.01235	0.01482	0.37512	0.03767	0.00870	0.02987	0.01038	0.41311	0.01140	0.01146	0.00795	0.00423	0.00392	0.00118	0.00411	0.00369	0.00344	0.02422
9	0.00939	0.00875	0.01100	0.01116	0.20774	0.06400	0.02782	0.04596	0.00902	0.01310	0.00715	0.00866	0.00594	0.00339	0.00367	0.00084	0.03429	0.00280	0.00227	0.52305
10	0.00981	0.00942	0.01609	0.02434	0.83592	0.00942	0.01217	0.01217	0.00903	0.01295	0.00746	0.00981	0.00628	0.00353	0.00393	0.00118	0.00471	0.00353	0.00196	0.00628
11	0.00600	0.00545	0.04864	0.00587	0.00725	0.00469	0.02718	0.00871	0.09541	0.01396	0.42623	0.15246	0.16598	0.00844	0.00462	0.00133	0.00243	0.00742	0.00391	0.00401
12	0.00866	0.08460	0.21210	0.29701	0.23000	0.00931	0.01130	0.01151	0.00859	0.03471	0.04964	0.01054	0.00723	0.00399	0.00382	0.00122	0.00496	0.00346	0.00201	0.00533
13	0.00782	0.00753	0.01192	0.70691	0.02445	0.02622	0.01059	0.01016	0.00771	0.01003	0.00675	0.01021	0.00527	0.00442	0.00533	0.00138	0.13365	0.00350	0.00176	0.00440
14	0.00749	0.00705	0.01189	0.85113	0.02731	0.00881	0.01101	0.01013	0.00793	0.01013	0.00705	0.01057	0.00529	0.00396	0.00396	0.00132	0.00529	0.00352	0.00176	0.00440
15	0.00802	0.04208	0.81914	0.01119	0.01698	0.00937	0.01445	0.01254	0.00836	0.01247	0.00707	0.00832	0.00502	0.00376	0.00374	0.00125	0.00582	0.00291	0.00167	0.00584
16	0.01139	0.02606	0.34549	0.08199	0.05738	0.00855	0.05973	0.05384	0.05181	0.24937	0.01017	0.01059	0.00699	0.00420	0.00391	0.00125	0.00485	0.00352	0.00287	0.00603
17	0.03081	0.00994	0.00945	0.06611	0.01155	0.18201	0.00660	0.04003	0.32289	0.20427	0.04610	0.01342	0.02907	0.00507	0.00393	0.00124	0.00413	0.00402	0.00364	0.00571
18	0.00749	0.00705	0.01189	0.85113	0.02731	0.00881	0.01101	0.01013	0.00793	0.01013	0.00705	0.01057	0.00529	0.00396	0.00396	0.00132	0.00529	0.00352	0.00176	0.00440
19	0.00790	0.02001	0.81405	0.01118	0.01688	0.00906	0.01439	0.01242	0.00839	0.01253	0.00755	0.00951	0.00558	0.00399	0.00382	0.00127	0.00579	0.02813	0.00174	0.00579
20	0.00900	0.00743	0.03246	0.67891	0.02394	0.00848	0.01017	0.04044	0.00870	0.11242	0.00830	0.01114	0.00607	0.02125	0.00429	0.00135	0.00500	0.00361	0.00224	0.00477
21	0.00981	0.00942	0.01609	0.02434	0.83592	0.00942	0.01217	0.01217	0.00903	0.01295	0.00746	0.00981	0.00628	0.00353	0.00393	0.00118	0.00471	0.00353	0.00196	0.00628
22	0.01779	0.00675	0.00920	0.00705	0.01012	0.00583	0.00583	0.01932	0.01135	0.83867	0.01564	0.01350	0.00981	0.00491	0.00399	0.00123	0.00337	0.00399	0.00491	0.00675
23	0.00595	0.00948	0.29900	0.00758	0.00981	0.00535	0.00758	0.00804	0.00789	0.01101	0.01665	0.54674	0.01870	0.00935	0.00461	0.00149	0.00357	0.02006	0.00297	0.00416
24	0.01522	0.00780	0.01031	0.01812	0.02751	0.00751	0.04800	0.19749	0.03355	0.49904	0.04091	0.01414	0.05131	0.00513	0.00407	0.00123	0.00369	0.00425	0.00435	0.00636
25	0.01708	0.00667	0.00898	0.00693	0.00991	0.00580	0.00571	0.03079	0.01134	0.78393	0.01681	0.01470	0.05202	0.00517	0.00402	0.00123	0.00332	0.00421	0.00483	0.00657
26	0.01779	0.00675	0.00920	0.00705	0.01012	0.00583	0.00583	0.01932	0.01135	0.83867	0.01564	0.01350	0.00981	0.00491	0.00399	0.00123	0.00337	0.00399	0.00491	0.00675
27	0.00911	0.00880	0.01496	0.23142	0.52744	0.00953	0.04256	0.01144	0.00850	0.01193	0.00718	0.00994	0.00592	0.00394	0.00477	0.00127	0.08023	0.00357	0.00189	0.00560
28	0.00491	0.00371	0.00454	0.00500	0.00566	0.00334	0.00350	0.00588	0.00858	0.01121	0.15577	0.48990	0.26151	0.01105	0.00489	0.00147	0.00215	0.00978	0.00379	0.00334
29	0.00825	0.07750	0.73281	0.01079	0.01626	0.00969	0.01359	0.01303	0.05885	0.01258	0.00756	0.00863	0.00546	0.00384	0.00370	0.00123	0.00558	0.00297	0.00182	0.00583
30	0.00869	0.00821	0.01390	0.36160	0.46481	0.00893	0.01141	0.01114	0.00858	0.01175	0.00795	0.01183	0.00668	0.00407	0.00402	0.00127	0.00489	0.04291	0.00196	0.00538
31	0.01412	0.00870	0.01005	0.00809	0.01080	0.04569	0.03286	0.19793	0.22290	0.33922	0.01357	0.01321	0.00962	0.04876	0.00483	0.00138	0.00383	0.00407	0.00412	0.00626
32	0.00470	0.00395	0.00408	0.00418	0.00540	0.00333	0.00309	0.00567	0.00888	0.01065	0.03815	0.12825	0.74553	0.01030	0.00473	0.00137	0.00204	0.00869	0.00368	0.00333
33	0.00799	0.02026	0.81935	0.01144	0.01725	0.00923	0.03516	0.01256	0.00840	0.01256	0.00714	0.00843	0.00505	0.00376	0.00379	0.00126	0.00588	0.00297	0.00168	0.00585
34	0.00916	0.00846	0.01433	0.33336	0.51062	0.00909	0.01156	0.01160	0.00868	0.03451	0.00753	0.01020	0.00600	0.00373	0.00394	0.00123	0.00489	0.00354	0.00197	0.00559
35	0.00800	0.01960	0.78041	0.01184	0.05888	0.00910	0.01429	0.01243	0.00846	0.01265	0.02445	0.00889	0.00577	0.00385	0.00379	0.00125	0.00572	0.00305	0.00175	0.00584
36	0.00483	0.00345	0.00460	0.00552	0.00575	0.00322	0.00368	0.00552	0.00759	0.01012	0.02185	0.85807	0.02622	0.01242	0.00506	0.00161	0.00230	0.01127	0.00368	0.00322
37	0.00487	0.00378	0.00444	0.00483	0.00563	0.00335	0.00343	0.00583	0.00861	0.01099	0.11160	0.40315	0.38229	0.01092	0.00486	0.00146	0.00215	0.02074	0.00375	0.00333
38	0.03223	0.24316	0.43393	0.01037	0.03746	0.02735	0.06759	0.04186	0.00890	0.05216	0.00720	0.00825	0.00542	0.00373	0.00349	0.00114	0.00523	0.00290	0.00198	0.00564
39	0.00749	0.00705	0.01189	0.85113	0.02731	0.00881	0.01101	0.01013	0.00793	0.01013	0.00705	0.01057	0.00529	0.00396	0.00396	0.00132	0.00529	0.00352	0.00176	0.00440
40	0.00488	0.00349	0.00466	0.00558	0.00583	0.00326	0.00377	0.00561	0.00764	0.01018	0.02183	0.83265	0.02612	0.01238	0.00507	0.00162	0.00234	0.03621	0.00368	0.00323
41	0.00881	0.00840	0.01428	0.38120	0.48690	0.00916	0.01167	0.01129	0.00855	0.01173	0.00728	0.01014	0.00585	0.00372	0.00394	0.00124	0.00496	0.00353	0.00188	0.00547
42	0.01400	0.01143	0.05161	0.01061	0.05349	0.01182	0.07693	0.67690	0.01691	0.02278	0.00918	0.00958	0.00658	0.00453	0.00402	0.00120	0.00465	0.00363	0.00360	0.00656
43	0.66232	0.00800	0.00827	0.05009	0.18180	0.00900	0.00627	0.01169	0.00728	0.01641	0.00600	0.00735	0.00476	0.00366	0.00283	0.00122	0.00352	0.00250	0.00232	0.00471
44	0.01531	0.00662	0.00864	0.00686	0.00958	0.00599	0.00560	0.04645	0.06369	0.63258	0.08701	0.01651	0.05464	0.00555	0.00410	0.00125	0.00320	0.01547	0.00469	0.00624
45	0.00566	0.00425	0.00637	0.00637	0.00708	0.00496	0.00496	0.00708	0.00637	0.00920	0.01062	0.01558	0.00991	0.02974	0.84494	0.00637	0.01062	0.00425	0.00212	0.00354
46	0.88866	0.00767	0.00583	0.00521	0.00767	0.00889	0.00429	0.01166	0.00675	0.01779	0.00552	0.00644	0.00429	0.00368	0.00245	0.00123	0.00307	0.00215	0.00245	0.00429
47	0.01049	0.67808	0.08480	0.00830	0.05315	0.01455	0.00779	0.05148	0.00857	0.01054	0.00592	0.00694	0.00523	0.00363	0.00318	0.00095	0.03692	0.00238	0.00182	0.00526
48	0.01120	0.05143	0.03497	0.08988	0.19230	0.06377	0.25517	0.01374	0.02562	0.17656	0.00972	0.04109	0.00748	0.00418	0.00412	0.00124	0.00514	0.00412	0.00263	0.00563
49	0.05125	0.00708	0.00810	0.00584	0.00931	0.00546	0.00468	0.01007	0.00815	0.01316	0.00697	0.00813	0.00580	0.00297	0.00291	0.00062	0.00294	0.00234	0.00235	0.84186
50	0.00482	0.00350	0.00455	0.00539	0.00572	0.00323	0.00362	0.00554	0.00772	0.01017	0.02345	0.78651	0.09675	0.01221	0.00503	0.00159	0.00227	0.01102	0.00368	0.00323

[dist]
# distance from previous block
# <min> <max>
0	1

[block]
# block no. 4 follows, 68 sequences, length 19
# corresponding to MSA columns:
# 305-323
name=unknown_E
#
# <colnr> <probs for GDERKNQSTAVLIFYWHMCP>
#	G	D	E	R	K	N	Q	S	T	A	V	L	I	F	Y	W	H	M	C	P
0	0.01481	0.01890	0.01124	0.01021	0.01226	0.84474	0.00766	0.01583	0.01124	0.00970	0.00613	0.00715	0.00511	0.00409	0.00358	0.00102	0.00715	0.00255	0.00204	0.00460
1	0.00595	0.00577	0.09327	0.00559	0.00704	0.00432	0.00484	0.00811	0.01078	0.01549	0.70554	0.02663	0.03263	0.00747	0.00449	0.00123	0.00229	0.00655	0.04806	0.00396
2	0.01294	0.23092	0.10903	0.00927	0.01245	0.28718	0.02218	0.24423	0.01218	0.01434	0.00708	0.00783	0.00557	0.00405	0.00347	0.00106	0.00546	0.00281	0.00246	0.00549
3	0.00801	0.01862	0.70802	0.01156	0.01700	0.00901	0.09917	0.01229	0.00845	0.01251	0.00766	0.03471	0.00580	0.00397	0.00388	0.00126	0.00577	0.00336	0.00179	0.02717
4	0.07232	0.16846	0.14359	0.03314	0.16791	0.12152	0.02137	0.10400	0.07208	0.04797	0.00796	0.00890	0.00618	0.00397	0.00353	0.00113	0.00485	0.00307	0.00241	0.00564
5	0.00642	0.00431	0.00506	0.00474	0.00608	0.00376	0.00360	0.00781	0.01008	0.10000	0.33908	0.04985	0.42694	0.00881	0.00462	0.00130	0.00211	0.00751	0.00407	0.00385
6	0.00677	0.00349	0.00508	0.00508	0.00508	0.00349	0.00333	0.00523	0.00523	0.00697	0.00748	0.01352	0.00768	0.10309	0.01599	0.79175	0.00349	0.00369	0.00179	0.00179
7	0.02906	0.00964	0.03640	0.10862	0.42703	0.03361	0.15199	0.01294	0.09542	0.01295	0.00882	0.01162	0.00722	0.00403	0.00408	0.00126	0.00498	0.03238	0.00223	0.00572
8	0.01077	0.00901	0.01510	0.11224	0.54307	0.00911	0.07000	0.05534	0.00972	0.11417	0.00856	0.01040	0.00661	0.00380	0.00399	0.00121	0.00474	0.00367	0.00241	0.00609
9	0.00697	0.00437	0.00558	0.00510	0.00631	0.00395	0.00386	0.00864	0.01081	0.11452	0.61186	0.02862	0.13263	0.03307	0.00505	0.00133	0.00213	0.00689	0.00429	0.00402
10	0.00510	0.00364	0.00490	0.00582	0.00617	0.00345	0.00414	0.00598	0.00785	0.01042	0.02171	0.72011	0.02565	0.01217	0.00513	0.00165	0.00253	0.14662	0.00368	0.00329
11	0.21243	0.21538	0.10973	0.07437	0.10692	0.09218	0.02384	0.02725	0.02542	0.05794	0.01728	0.00840	0.00590	0.00384	0.00324	0.00113	0.00453	0.00282	0.00224	0.00516
12	0.19389	0.01029	0.13762	0.13378	0.12396	0.05251	0.02445	0.04049	0.00898	0.13917	0.01883	0.01092	0.00696	0.00444	0.00413	0.00128	0.04710	0.03332	0.00259	0.00528
13	0.00648	0.05670	0.15511	0.06189	0.01057	0.00601	0.04544	0.00854	0.00876	0.01175	0.12092	0.21875	0.10494	0.00832	0.00459	0.00144	0.00361	0.15894	0.00309	0.00413
14	0.00873	0.10795	0.51433	0.05356	0.16514	0.03947	0.01268	0.01225	0.00852	0.01201	0.00730	0.02747	0.00575	0.00390	0.00370	0.00120	0.00542	0.00315	0.00179	0.00568
15	0.07572	0.07825	0.21334	0.23612	0.16682	0.04080	0.02335	0.01236	0.03730	0.05105	0.02416	0.00980	0.00641	0.00394	0.00370	0.00122	0.00493	0.00328	0.00212	0.00533
16	0.10999	0.11561	0.29474	0.00971	0.05410	0.00888	0.06711	0.03558	0.01866	0.05192	0.07352	0.03869	0.01045	0.00512	0.00385	0.00127	0.00450	0.08860	0.00253	0.00517
17	0.31969	0.06306	0.11632	0.02405	0.06359	0.06109	0.05636	0.04110	0.03437	0.04926	0.01754	0.00937	0.02992	0.00440	0.00432	0.00126	0.09381	0.00312	0.00240	0.00498
18	0.03733	0.09665	0.42478	0.02598	0.06004	0.04588	0.11467	0.02835	0.00897	0.07301	0.00855	0.03176	0.01836	0.00410	0.00380	0.00122	0.00534	0.00347	0.00214	0.00559

[dist]
# distance from previous block
# <min> <max>
6	57

[block]
# block no. 5 follows, 68 sequences, length 15
# corresponding to MSA columns:
# 386-400
name=unknown_F
#
# <colnr> <probs for GDERKNQSTAVLIFYWHMCP>
#	G	D	E	R	K	N	Q	S	T	A	V	L	I	F	Y	W	H	M	C	P
0	0.05024	0.22005	0.56323	0.00997	0.01491	0.01063	0.03587	0.01220	0.00823	0.01199	0.00700	0.02619	0.00549	0.00385	0.00347	0.00117	0.00529	0.00293	0.00177	0.00553
1	0.03606	0.23056	0.24602	0.02826	0.01267	0.03754	0.01901	0.21398	0.01071	0.01441	0.00845	0.03025	0.02535	0.00539	0.02567	0.03973	0.00487	0.00327	0.00240	0.00539
2	0.10917	0.27201	0.27328	0.00777	0.01129	0.00990	0.00832	0.02758	0.00841	0.06215	0.01076	0.11957	0.05425	0.00520	0.00348	0.00118	0.00419	0.00405	0.00238	0.00504
3	0.07409	0.19771	0.30228	0.00787	0.01119	0.00890	0.00847	0.01104	0.02950	0.03777	0.13577	0.03180	0.01138	0.00634	0.03292	0.06529	0.00440	0.01607	0.00241	0.00481
4	0.59354	0.00941	0.12011	0.00691	0.03638	0.02585	0.00611	0.01225	0.00771	0.08612	0.04295	0.00878	0.00657	0.01914	0.00324	0.00127	0.00357	0.00275	0.00261	0.00473
5	0.00921	0.12420	0.46978	0.01068	0.01523	0.03777	0.11397	0.01282	0.02554	0.06437	0.00908	0.01157	0.01896	0.00433	0.00386	0.00124	0.00539	0.05431	0.00214	0.00554
6	0.00723	0.00601	0.02790	0.15279	0.01064	0.04189	0.00566	0.00969	0.05592	0.05956	0.47302	0.04286	0.07720	0.00700	0.00442	0.00127	0.00297	0.00607	0.00370	0.00422
7	0.00795	0.02051	0.84011	0.01130	0.01716	0.00921	0.01465	0.01256	0.00837	0.01256	0.00712	0.00837	0.00502	0.00377	0.00377	0.00126	0.00586	0.00293	0.00167	0.00586
8	0.00570	0.00409	0.00559	0.00559	0.00602	0.00453	0.00398	0.00658	0.00614	0.00862	0.01134	0.01956	0.01164	0.34870	0.52834	0.00540	0.00802	0.00483	0.00223	0.00310
9	0.00559	0.00404	0.00521	0.00492	0.00582	0.00374	0.00365	0.00733	0.01086	0.01529	0.76503	0.02966	0.05925	0.05567	0.00554	0.00139	0.00198	0.00713	0.00424	0.00366
10	0.01332	0.01337	0.23919	0.00957	0.01347	0.01097	0.00936	0.54071	0.01528	0.08180	0.00931	0.00950	0.00650	0.00450	0.00391	0.00121	0.00470	0.00342	0.00341	0.00650
11	0.04518	0.76925	0.01946	0.00688	0.01017	0.05134	0.00670	0.01224	0.00823	0.03257	0.00582	0.00659	0.00519	0.00348	0.00263	0.00088	0.00430	0.00219	0.00183	0.00508
12	0.00812	0.30156	0.04510	0.00627	0.00823	0.05524	0.00540	0.03663	0.02333	0.01059	0.05138	0.15258	0.12795	0.12404	0.00602	0.00154	0.00366	0.02551	0.00269	0.00416
13	0.16987	0.24982	0.31154	0.00850	0.01257	0.01135	0.00926	0.13995	0.00968	0.03418	0.00696	0.00777	0.00529	0.00383	0.00323	0.00113	0.00461	0.00269	0.00226	0.00552
14	0.11174	0.22479	0.48423	0.00924	0.01391	0.01069	0.01094	0.03323	0.00850	0.04920	0.00697	0.00791	0.00521	0.00374	0.00333	0.00115	0.00499	0.00270	0.00197	0.00555

[dist]
# distance from previous block
# <min> <max>
7	14

[block]
# block no. 6 follows, 68 sequences, length 11
# corresponding to MSA columns:
# 432-442
name=unknown_G
#
# <colnr> <probs for GDERKNQSTAVLIFYWHMCP>
#	G	D	E	R	K	N	Q	S	T	A	V	L	I	F	Y	W	H	M	C	P
0	0.03230	0.08377	0.06403	0.03645	0.04178	0.05666	0.00563	0.02859	0.00848	0.03346	0.03699	0.43945	0.07820	0.02984	0.00478	0.00145	0.00332	0.00768	0.00312	0.00403
1	0.47005	0.09765	0.10289	0.00719	0.02658	0.00912	0.04199	0.03415	0.00810	0.09276	0.03600	0.00924	0.00672	0.03846	0.00372	0.00130	0.00375	0.00290	0.00259	0.00484
2	0.17013	0.18988	0.11649	0.00772	0.01063	0.05352	0.01829	0.14534	0.01014	0.07255	0.08023	0.02397	0.00894	0.00567	0.03988	0.00138	0.03395	0.00338	0.00274	0.00517
3	0.09559	0.12636	0.17103	0.02428	0.05842	0.03548	0.07398	0.21223	0.03853	0.04278	0.00843	0.03841	0.00669	0.00441	0.00398	0.00120	0.03418	0.00346	0.00264	0.01791
4	0.05460	0.17802	0.17654	0.00876	0.01210	0.08249	0.05077	0.21648	0.01119	0.05263	0.02894	0.01089	0.03496	0.04495	0.01897	0.00135	0.00483	0.00344	0.00267	0.00542
5	0.19598	0.19022	0.14194	0.05869	0.01150	0.00998	0.00733	0.11676	0.02300	0.06920	0.01964	0.00992	0.00681	0.05690	0.03815	0.00150	0.00441	0.00308	0.00252	0.03246
6	0.01001	0.28362	0.25770	0.00891	0.04062	0.02570	0.00891	0.12119	0.00980	0.05064	0.03225	0.06155	0.00844	0.03383	0.01528	0.00130	0.00464	0.01784	0.00242	0.00536
7	0.05707	0.22364	0.17729	0.02343	0.01173	0.04184	0.03354	0.10083	0.06759	0.08324	0.00917	0.04409	0.00758	0.03472	0.04149	0.02666	0.00473	0.00351	0.00257	0.00525
8	0.08125	0.18172	0.14910	0.00816	0.01121	0.04535	0.03170	0.16527	0.07853	0.04905	0.05749	0.06208	0.00963	0.02439	0.02722	0.00138	0.00442	0.00389	0.00284	0.00533
9	0.08310	0.21385	0.23790	0.00856	0.01226	0.04585	0.00870	0.17182	0.07639	0.07581	0.00850	0.00915	0.00642	0.02078	0.00376	0.00119	0.00457	0.00304	0.00265	0.00570
10	0.06085	0.21021	0.29393	0.00864	0.01235	0.01078	0.00911	0.18981	0.01031	0.03922	0.00828	0.04151	0.00690	0.05623	0.00472	0.00133	0.02456	0.00337	0.00245	0.00547

[dist]
# distance from previous block
# <min> <max>
2	112

# created by:
# /home/cegg/simao/soft/augustus-3.2.1/scripts/msa2prfl.pl ./align_prep/EOG092C4P58.fa
