[name]
unknown

[dist]
# distance from previous block
# <min> <max>
2	376

[block]
# block no. 0 follows, 70 sequences, length 9
# corresponding to MSA columns:
# 381-389
name=unknown_A
#
# <colnr> <probs for GDERKNQSTAVLIFYWHMCP>
#	G	D	E	R	K	N	Q	S	T	A	V	L	I	F	Y	W	H	M	C	P
0	0.00688	0.00455	0.00594	0.08283	0.00816	0.00434	0.00446	0.00859	0.02998	0.11321	0.33597	0.16854	0.19511	0.00822	0.00448	0.00131	0.00244	0.00717	0.00384	0.00397
1	0.00681	0.00489	0.00649	0.00628	0.00717	0.00540	0.00476	0.04513	0.07689	0.04958	0.05710	0.16021	0.01408	0.08502	0.41953	0.00395	0.03446	0.00554	0.00283	0.00387
2	0.01018	0.00903	0.01441	0.04599	0.63204	0.04547	0.03606	0.01230	0.00903	0.08820	0.00873	0.05541	0.00741	0.00407	0.00391	0.00118	0.00454	0.00389	0.00227	0.00587
3	0.01353	0.03303	0.01203	0.00901	0.01190	0.00886	0.13025	0.21798	0.12314	0.32091	0.03865	0.01212	0.00916	0.00472	0.00431	0.00123	0.03527	0.00399	0.00380	0.00610
4	0.00934	0.00556	0.00786	0.00690	0.00855	0.00522	0.07385	0.06379	0.03640	0.23475	0.06868	0.37205	0.07399	0.00830	0.00449	0.00138	0.00301	0.00742	0.00385	0.00461
5	0.01160	0.03268	0.06219	0.01043	0.09264	0.02196	0.08487	0.27949	0.12548	0.11269	0.01172	0.07401	0.00959	0.00526	0.00405	0.00126	0.00418	0.04672	0.00336	0.00582
6	0.14873	0.02991	0.05625	0.09645	0.32738	0.02433	0.00887	0.05193	0.03524	0.14676	0.00891	0.03353	0.00693	0.00411	0.00361	0.00119	0.00416	0.00347	0.00262	0.00559
7	0.03634	0.03664	0.02433	0.08989	0.24585	0.07109	0.00793	0.09341	0.06671	0.08317	0.04381	0.07940	0.05260	0.00506	0.00385	0.00118	0.00403	0.00432	0.00282	0.04757
8	0.05236	0.07996	0.04860	0.10604	0.16205	0.04062	0.00819	0.17673	0.03308	0.23995	0.00974	0.01014	0.00693	0.00418	0.00367	0.00116	0.00423	0.00337	0.00312	0.00589

[dist]
# distance from previous block
# <min> <max>
4	67

[block]
# block no. 1 follows, 70 sequences, length 19
# corresponding to MSA columns:
# 458-476
name=unknown_B
#
# <colnr> <probs for GDERKNQSTAVLIFYWHMCP>
#	G	D	E	R	K	N	Q	S	T	A	V	L	I	F	Y	W	H	M	C	P
0	0.17757	0.08593	0.04459	0.01081	0.18446	0.00883	0.05275	0.07081	0.07732	0.07820	0.03431	0.04239	0.01989	0.00451	0.00363	0.00116	0.01287	0.02136	0.00272	0.06589
1	0.07956	0.02790	0.05831	0.05240	0.20384	0.01905	0.10906	0.02266	0.06615	0.08658	0.06290	0.03608	0.04705	0.03943	0.00460	0.00129	0.01545	0.00417	0.00266	0.06086
2	0.00821	0.00824	0.05422	0.16485	0.22912	0.03200	0.05374	0.04000	0.00818	0.01125	0.04088	0.03018	0.00888	0.14303	0.02744	0.00179	0.09743	0.01358	0.00215	0.02485
3	0.00784	0.00767	0.04141	0.12307	0.28193	0.02875	0.02684	0.01004	0.02237	0.01175	0.01430	0.01977	0.12716	0.00574	0.00412	0.00125	0.00404	0.15446	0.00251	0.10497
4	0.01140	0.01347	0.00978	0.04336	0.01120	0.52308	0.02987	0.01262	0.00976	0.01004	0.03930	0.01121	0.05060	0.04049	0.08295	0.00160	0.00625	0.00332	0.00220	0.08751
5	0.00906	0.00867	0.01478	0.21765	0.64987	0.00907	0.01163	0.01143	0.00858	0.01202	0.00720	0.00977	0.00591	0.00355	0.00385	0.00118	0.00474	0.00345	0.00187	0.00571
6	0.00992	0.04586	0.02008	0.03843	0.01832	0.05779	0.61100	0.07723	0.05668	0.01321	0.00818	0.01022	0.00617	0.00355	0.00432	0.00126	0.00605	0.00423	0.00221	0.00531
7	0.00774	0.00732	0.01239	0.70121	0.17665	0.00872	0.01098	0.01027	0.00795	0.01041	0.00696	0.01020	0.00535	0.00380	0.00387	0.00127	0.00506	0.00345	0.00176	0.00464
8	0.00598	0.00452	0.00560	0.00529	0.00635	0.00443	0.00397	0.00896	0.12131	0.01521	0.66313	0.07159	0.05302	0.00784	0.00451	0.00125	0.00202	0.00690	0.00417	0.00395
9	0.00478	0.00341	0.00456	0.00546	0.00571	0.00319	0.00369	0.00549	0.00747	0.00996	0.02134	0.83272	0.02552	0.01210	0.00496	0.00158	0.00230	0.03900	0.00360	0.00316
10	0.00512	0.00391	0.00476	0.00512	0.00600	0.00355	0.00391	0.00634	0.00888	0.01144	0.16968	0.24025	0.33065	0.01025	0.00483	0.00146	0.00234	0.17444	0.00371	0.00337
11	0.00486	0.00368	0.00451	0.00513	0.00569	0.00341	0.00353	0.00598	0.03703	0.01026	0.02548	0.63288	0.22068	0.01134	0.00482	0.00150	0.00221	0.01010	0.00361	0.00328
12	0.01312	0.00984	0.01053	0.00831	0.01115	0.01083	0.00677	0.60274	0.16041	0.02190	0.01051	0.01043	0.00765	0.00467	0.00378	0.00115	0.00386	0.00360	0.05101	0.04774
13	0.01454	0.01076	0.01152	0.00888	0.01195	0.01193	0.00732	0.79471	0.05049	0.02411	0.00956	0.00951	0.00680	0.00468	0.00388	0.00117	0.00422	0.00353	0.00388	0.00657
14	0.00732	0.00689	0.01163	0.85444	0.02670	0.00861	0.01077	0.00991	0.00775	0.00991	0.00689	0.01034	0.00517	0.00388	0.00388	0.00129	0.00517	0.00345	0.00172	0.00431
15	0.89114	0.00750	0.00570	0.00510	0.00750	0.00870	0.00420	0.01140	0.00660	0.01739	0.00540	0.00630	0.00420	0.00360	0.00240	0.00120	0.00300	0.00210	0.00240	0.00420
16	0.00541	0.00410	0.00500	0.00475	0.00580	0.00376	0.00357	0.00733	0.03710	0.01436	0.62030	0.03048	0.22712	0.00829	0.00455	0.00124	0.00190	0.00721	0.00410	0.00365
17	0.01079	0.00968	0.00936	0.00823	0.01052	0.09404	0.00643	0.12512	0.64407	0.01661	0.01395	0.01304	0.01047	0.00505	0.00389	0.00126	0.00362	0.00408	0.00374	0.00603
18	0.00697	0.00590	0.02730	0.00752	0.00852	0.00641	0.08130	0.03380	0.00689	0.03225	0.00981	0.01555	0.00940	0.19536	0.41184	0.00421	0.12672	0.00434	0.00219	0.00374

[dist]
# distance from previous block
# <min> <max>
0	1

[block]
# block no. 2 follows, 70 sequences, length 25
# corresponding to MSA columns:
# 478-493,495-503
name=unknown_C
#
# <colnr> <probs for GDERKNQSTAVLIFYWHMCP>
#	G	D	E	R	K	N	Q	S	T	A	V	L	I	F	Y	W	H	M	C	P
0	0.00732	0.00689	0.01163	0.85444	0.02670	0.00861	0.01077	0.00991	0.00775	0.00991	0.00689	0.01034	0.00517	0.00388	0.00388	0.00129	0.00517	0.00345	0.00172	0.00431
1	0.00796	0.00765	0.01130	0.00985	0.01052	0.02379	0.08891	0.00930	0.00708	0.01017	0.00937	0.01749	0.00955	0.00852	0.05464	0.00191	0.50742	0.19824	0.00220	0.00414
2	0.00732	0.00689	0.01163	0.85444	0.02670	0.00861	0.01077	0.00991	0.00775	0.00991	0.00689	0.01034	0.00517	0.00388	0.00388	0.00129	0.00517	0.00345	0.00172	0.00431
3	0.00833	0.00826	0.01158	0.00997	0.01001	0.01151	0.00829	0.00921	0.00595	0.00931	0.00536	0.00883	0.00533	0.00794	0.05593	0.00193	0.81290	0.00343	0.00172	0.00420
4	0.00475	0.00339	0.00449	0.00536	0.00558	0.00317	0.00356	0.00541	0.00737	0.00983	0.02110	0.83687	0.02530	0.03696	0.00538	0.00164	0.00229	0.01086	0.00356	0.00313
5	0.00526	0.00394	0.00500	0.00559	0.00639	0.00368	0.00437	0.00647	0.00850	0.01090	0.05968	0.30486	0.25031	0.01081	0.00498	0.00156	0.00263	0.29811	0.00362	0.00336
6	0.02576	0.01353	0.01326	0.02622	0.03474	0.37985	0.17283	0.15681	0.06466	0.05063	0.00824	0.00949	0.00637	0.00415	0.00385	0.00114	0.00580	0.01483	0.00259	0.00523
7	0.03522	0.84185	0.01990	0.00659	0.00988	0.01515	0.00656	0.01160	0.00784	0.00935	0.00539	0.00622	0.00495	0.00332	0.00249	0.00084	0.00411	0.00207	0.00168	0.00495
8	0.00471	0.00344	0.00443	0.00522	0.00558	0.00316	0.00352	0.00542	0.00759	0.00997	0.02354	0.76129	0.12417	0.01186	0.00490	0.00154	0.00221	0.01068	0.00360	0.00316
9	0.02442	0.00957	0.15921	0.00834	0.01093	0.04627	0.05067	0.05868	0.05684	0.23255	0.03490	0.08560	0.01029	0.02389	0.08156	0.00178	0.06909	0.01495	0.01525	0.00520
10	0.02689	0.05960	0.01077	0.00792	0.01082	0.04970	0.01882	0.30521	0.08279	0.35300	0.02712	0.01136	0.00859	0.00468	0.00379	0.00117	0.00387	0.00366	0.00399	0.00625
11	0.00496	0.00356	0.00477	0.00564	0.00600	0.00336	0.00401	0.00582	0.00770	0.01018	0.02165	0.71095	0.04398	0.01186	0.00500	0.00160	0.00245	0.13968	0.00359	0.00322
12	0.00491	0.00353	0.00469	0.00551	0.00588	0.00331	0.00386	0.00575	0.00776	0.01029	0.04929	0.71364	0.05634	0.01176	0.00497	0.00158	0.00237	0.09774	0.00362	0.00322
13	0.00813	0.00697	0.00808	0.00587	0.00924	0.00543	0.00468	0.01039	0.05599	0.01284	0.00741	0.00841	0.00610	0.00301	0.00293	0.00062	0.00288	0.00242	0.00239	0.83620
14	0.00851	0.00857	0.01238	0.01046	0.01065	0.01178	0.04632	0.00947	0.00609	0.00947	0.00522	0.00857	0.00513	0.00662	0.01235	0.00168	0.81729	0.00345	0.00171	0.00429
15	0.21320	0.00800	0.00847	0.00696	0.00944	0.00863	0.00564	0.26238	0.13760	0.16515	0.11015	0.01255	0.01104	0.00492	0.00362	0.00120	0.00329	0.00381	0.01839	0.00558
16	0.00833	0.00791	0.01325	0.40929	0.37936	0.00896	0.01091	0.01064	0.00805	0.01104	0.00707	0.01006	0.00574	0.00473	0.03291	0.00142	0.05997	0.00347	0.00182	0.00507
17	0.00934	0.00892	0.01519	0.06400	0.77442	0.00900	0.01159	0.01160	0.00873	0.01245	0.00770	0.03543	0.00668	0.00374	0.00387	0.00117	0.00456	0.00368	0.00196	0.00596
18	0.00936	0.53686	0.34072	0.00835	0.01261	0.01287	0.00963	0.01187	0.00800	0.01035	0.00600	0.00698	0.00495	0.00346	0.00295	0.00098	0.00476	0.00238	0.00165	0.00527
19	0.01291	0.00828	0.00939	0.00728	0.01020	0.03046	0.00590	0.26687	0.07361	0.25223	0.06135	0.01162	0.00942	0.00449	0.00368	0.00104	0.00349	0.00357	0.00373	0.22047
20	0.00960	0.00921	0.01574	0.02380	0.83957	0.00921	0.01190	0.01190	0.00883	0.01267	0.00729	0.00960	0.00614	0.00345	0.00384	0.00115	0.00461	0.00345	0.00192	0.00614
21	0.00497	0.00350	0.00440	0.00502	0.00523	0.00332	0.00323	0.00547	0.00700	0.00928	0.01961	0.60182	0.05527	0.24250	0.00893	0.00215	0.00265	0.00945	0.00326	0.00294
22	0.01046	0.80352	0.04730	0.00687	0.01026	0.01500	0.00692	0.04449	0.00830	0.00984	0.00560	0.00641	0.00504	0.00338	0.00258	0.00086	0.00420	0.00216	0.00175	0.00507
23	0.03367	0.03823	0.03564	0.00834	0.01107	0.01077	0.00693	0.39615	0.35825	0.01961	0.01201	0.01214	0.00903	0.00496	0.00386	0.00123	0.00376	0.02446	0.00372	0.00619
24	0.00960	0.00921	0.01574	0.02380	0.83957	0.00921	0.01190	0.01190	0.00883	0.01267	0.00729	0.00960	0.00614	0.00345	0.00384	0.00115	0.00461	0.00345	0.00192	0.00614

[dist]
# distance from previous block
# <min> <max>
3	7

[block]
# block no. 3 follows, 70 sequences, length 22
# corresponding to MSA columns:
# 511-532
name=unknown_D
#
# <colnr> <probs for GDERKNQSTAVLIFYWHMCP>
#	G	D	E	R	K	N	Q	S	T	A	V	L	I	F	Y	W	H	M	C	P
0	0.05685	0.00710	0.00932	0.00783	0.00946	0.03577	0.06938	0.08857	0.00841	0.08860	0.00949	0.02986	0.00842	0.07816	0.23409	0.00279	0.14091	0.01992	0.00255	0.09253
1	0.00844	0.00802	0.07994	0.00984	0.01225	0.00692	0.26623	0.03802	0.05586	0.09806	0.03432	0.26362	0.03738	0.00721	0.01880	0.00146	0.02103	0.02485	0.00302	0.00471
2	0.00475	0.00346	0.00447	0.00523	0.00559	0.00319	0.00354	0.00551	0.00774	0.01023	0.06311	0.73825	0.10726	0.01171	0.00489	0.00153	0.00220	0.01054	0.00363	0.00319
3	0.01393	0.01748	0.01073	0.00962	0.01174	0.77554	0.00724	0.01499	0.01073	0.00976	0.00607	0.00708	0.00506	0.00390	0.00344	0.00096	0.00664	0.00248	0.00202	0.08058
4	0.03762	0.01871	0.73182	0.01064	0.01599	0.00930	0.01329	0.09467	0.00915	0.01368	0.00714	0.00824	0.00506	0.00378	0.00366	0.00122	0.00549	0.00290	0.00189	0.00577
5	0.00478	0.00351	0.00448	0.00513	0.00558	0.00322	0.00351	0.00562	0.00799	0.01055	0.10644	0.65800	0.14419	0.01138	0.00486	0.00150	0.00217	0.01021	0.00367	0.00322
6	0.01631	0.00628	0.00842	0.00655	0.00932	0.00548	0.00538	0.01784	0.01078	0.75374	0.01501	0.01333	0.00963	0.00477	0.00377	0.00117	0.00314	0.00387	0.09894	0.00628
7	0.00898	0.44218	0.39827	0.00865	0.01297	0.01200	0.01010	0.01173	0.00795	0.01057	0.00631	0.00749	0.00514	0.00453	0.03734	0.00123	0.00513	0.00252	0.00167	0.00526
8	0.00485	0.00347	0.00465	0.00555	0.00583	0.00326	0.00383	0.00562	0.00755	0.01004	0.02130	0.79105	0.02536	0.01202	0.00498	0.00159	0.00236	0.07991	0.00360	0.00319
9	0.00940	0.00836	0.00896	0.00804	0.00923	0.14876	0.00641	0.10420	0.00871	0.05845	0.00903	0.01253	0.00798	0.01558	0.36562	0.00342	0.18070	0.02789	0.00239	0.00434
10	0.01457	0.01574	0.01122	0.00960	0.01200	0.54726	0.00745	0.30741	0.01359	0.01487	0.00719	0.00782	0.00557	0.00423	0.00363	0.00106	0.00601	0.00285	0.00267	0.00525
11	0.00723	0.00361	0.00361	0.00361	0.00452	0.00361	0.00271	0.00903	0.00813	0.01445	0.01265	0.01445	0.00994	0.00452	0.00271	0.00090	0.00181	0.00361	0.88528	0.00361
12	0.01449	0.01813	0.01102	0.00994	0.01199	0.80965	0.00749	0.05287	0.01132	0.01018	0.00615	0.00710	0.00507	0.00403	0.00351	0.00101	0.00687	0.00254	0.00208	0.00459
13	0.05381	0.01532	0.00990	0.00903	0.01079	0.64593	0.00683	0.01375	0.01033	0.01044	0.09035	0.00972	0.00843	0.00595	0.05365	0.00136	0.03479	0.00306	0.00224	0.00433
14	0.00836	0.00496	0.00586	0.00521	0.00690	0.00452	0.00405	0.01059	0.08436	0.20959	0.22262	0.02696	0.35416	0.00763	0.00431	0.00125	0.00234	0.00643	0.02545	0.00442
15	0.00546	0.00373	0.00477	0.00530	0.00570	0.00355	0.00368	0.00619	0.00746	0.02918	0.04323	0.46337	0.06452	0.21551	0.00849	0.00209	0.00279	0.11852	0.00334	0.00312
16	0.00561	0.00387	0.00481	0.00481	0.00501	0.00407	0.00307	0.00601	0.00581	0.00794	0.01169	0.02244	0.01282	0.62295	0.25880	0.00447	0.00567	0.00521	0.00227	0.00267
17	0.04120	0.00386	0.00432	0.00442	0.00455	0.00388	0.00259	0.00584	0.00592	0.00823	0.01317	0.13677	0.01525	0.71482	0.01705	0.00336	0.00353	0.00622	0.00252	0.00253
18	0.00778	0.02005	0.84367	0.01105	0.01678	0.00900	0.01432	0.01228	0.00818	0.01228	0.00696	0.00818	0.00491	0.00368	0.00368	0.00123	0.00573	0.00286	0.00164	0.00573
19	0.01600	0.00679	0.00883	0.00690	0.00971	0.00622	0.00566	0.07515	0.05824	0.67897	0.03834	0.01350	0.01030	0.00489	0.00387	0.00119	0.00325	0.00397	0.04184	0.00636
20	0.00751	0.00709	0.01198	0.78407	0.09556	0.00866	0.01086	0.01007	0.00784	0.01014	0.00692	0.01027	0.00525	0.00384	0.00387	0.00128	0.00512	0.00345	0.00174	0.00446
21	0.00884	0.00846	0.01426	0.27659	0.54421	0.00918	0.01136	0.01114	0.00833	0.01163	0.00704	0.00976	0.00578	0.00377	0.00436	0.00123	0.05329	0.00345	0.00185	0.00547

[dist]
# distance from previous block
# <min> <max>
1	4

[block]
# block no. 4 follows, 70 sequences, length 29
# corresponding to MSA columns:
# 538-548,556-573
name=unknown_E
#
# <colnr> <probs for GDERKNQSTAVLIFYWHMCP>
#	G	D	E	R	K	N	Q	S	T	A	V	L	I	F	Y	W	H	M	C	P
0	0.00993	0.01174	0.13308	0.01569	0.20432	0.07079	0.35921	0.03208	0.04960	0.04965	0.00840	0.01048	0.00646	0.00373	0.00414	0.00124	0.00561	0.01608	0.00220	0.00556
1	0.01036	0.86609	0.02032	0.00663	0.00995	0.01534	0.00663	0.01161	0.00788	0.00912	0.00539	0.00622	0.00498	0.00332	0.00249	0.00083	0.00415	0.00207	0.00166	0.00498
2	0.00472	0.00339	0.00448	0.00534	0.00561	0.00315	0.00357	0.00540	0.00748	0.00992	0.02204	0.83021	0.05622	0.01206	0.00493	0.00156	0.00224	0.01091	0.00360	0.00315
3	0.00554	0.00415	0.00623	0.00623	0.00692	0.00485	0.00485	0.00692	0.00623	0.00900	0.01038	0.01523	0.00969	0.02908	0.84839	0.00623	0.01038	0.00415	0.00208	0.00346
4	0.00524	0.00369	0.00486	0.00555	0.00607	0.00346	0.00403	0.00624	0.00811	0.02169	0.08324	0.57487	0.08326	0.01121	0.00492	0.00155	0.00244	0.15034	0.01590	0.00332
5	0.00678	0.00351	0.00524	0.00519	0.00519	0.00361	0.00351	0.00517	0.00508	0.00681	0.00669	0.01169	0.00669	0.01328	0.01508	0.86233	0.02734	0.00337	0.00168	0.00176
6	0.00829	0.00447	0.00590	0.00588	0.00703	0.00408	0.00447	0.00938	0.00871	0.22409	0.03606	0.37318	0.09046	0.05536	0.00550	0.00160	0.00279	0.14483	0.00385	0.00408
7	0.01529	0.00964	0.01084	0.00835	0.01139	0.01025	0.00688	0.58504	0.04173	0.24333	0.01111	0.01051	0.00756	0.00471	0.00389	0.00118	0.00397	0.00363	0.00413	0.00658
8	0.04859	0.00897	0.01450	0.15952	0.64874	0.02918	0.01126	0.01163	0.00860	0.01235	0.00711	0.00951	0.00587	0.00354	0.00377	0.00117	0.00468	0.00337	0.00191	0.00571
9	0.00913	0.00630	0.00740	0.00593	0.00844	0.00560	0.00470	0.02605	0.13070	0.12835	0.13613	0.01449	0.02765	0.00467	0.00350	0.00094	0.00272	0.01487	0.08426	0.37816
10	0.00804	0.00689	0.00804	0.00574	0.00919	0.00517	0.00459	0.00976	0.00804	0.01263	0.00689	0.00804	0.00574	0.00287	0.00287	0.00057	0.00287	0.00230	0.00230	0.88745
11	0.01448	0.01848	0.01099	0.00999	0.01199	0.84819	0.00749	0.01548	0.01099	0.00949	0.00599	0.00699	0.00499	0.00400	0.00350	0.00100	0.00699	0.00250	0.00200	0.00449
12	0.89114	0.00750	0.00570	0.00510	0.00750	0.00870	0.00420	0.01140	0.00660	0.01739	0.00540	0.00630	0.00420	0.00360	0.00240	0.00120	0.00300	0.00210	0.00240	0.00420
13	0.00804	0.00689	0.00804	0.00574	0.00919	0.00517	0.00459	0.00976	0.00804	0.01263	0.00689	0.00804	0.00574	0.00287	0.00287	0.00057	0.00287	0.00230	0.00230	0.88745
14	0.01137	0.00883	0.00943	0.00800	0.01044	0.00996	0.00636	0.25565	0.53080	0.05342	0.01376	0.01290	0.01014	0.00504	0.00388	0.00125	0.00338	0.00407	0.03512	0.00620
15	0.00556	0.00404	0.00470	0.00460	0.00576	0.00355	0.00347	0.00685	0.00955	0.05186	0.30002	0.09651	0.44439	0.00916	0.00460	0.00131	0.00206	0.03456	0.00388	0.00356
16	0.00927	0.00888	0.01516	0.14100	0.72487	0.00913	0.01174	0.01162	0.00868	0.01228	0.00724	0.00970	0.00600	0.00351	0.00384	0.00117	0.00468	0.00345	0.00189	0.00588
17	0.00573	0.00385	0.00456	0.00477	0.00496	0.00383	0.00309	0.00613	0.00637	0.00856	0.01418	0.07909	0.01604	0.64215	0.01589	0.00321	0.00357	0.14100	0.03037	0.00264
18	0.00841	0.00779	0.01071	0.00924	0.00966	0.01029	0.02141	0.08090	0.00717	0.01063	0.00726	0.05605	0.00723	0.04905	0.09674	0.00219	0.59495	0.00401	0.00207	0.00424
19	0.00552	0.00389	0.00490	0.00496	0.00582	0.00355	0.00366	0.00691	0.00958	0.03416	0.42626	0.23993	0.16505	0.00926	0.00464	0.00134	0.00206	0.04044	0.02453	0.00354
20	0.00879	0.00933	0.01879	0.01382	0.01704	0.00901	0.61024	0.04072	0.06174	0.01304	0.06559	0.07424	0.00980	0.00449	0.00472	0.00132	0.02468	0.00514	0.00243	0.00505
21	0.01449	0.01821	0.01101	0.00995	0.01199	0.81870	0.00749	0.04409	0.01124	0.01002	0.00611	0.00707	0.00505	0.00402	0.00351	0.00100	0.00690	0.00253	0.00206	0.00457
22	0.00556	0.00414	0.00512	0.00549	0.00623	0.00398	0.00398	0.04303	0.03978	0.01178	0.13720	0.49290	0.14384	0.01052	0.00479	0.00147	0.00237	0.07057	0.00372	0.00354
23	0.00865	0.00876	0.01185	0.01017	0.01023	0.03503	0.00845	0.00950	0.00608	0.00933	0.00511	0.00844	0.00509	0.00671	0.01247	0.00168	0.83314	0.00337	0.00170	0.00425
24	0.00983	0.00872	0.00885	0.00797	0.01015	0.04179	0.00619	0.02040	0.80107	0.01596	0.01540	0.01418	0.01157	0.00521	0.00393	0.00130	0.00322	0.00431	0.00387	0.00607
25	0.00616	0.00448	0.00607	0.00686	0.00776	0.00448	0.00584	0.00815	0.04036	0.01157	0.02126	0.11993	0.05855	0.01060	0.00523	0.00173	0.00335	0.67042	0.00359	0.00362
26	0.10331	0.44768	0.23885	0.00796	0.01173	0.06552	0.00851	0.04252	0.00846	0.02567	0.00617	0.00704	0.00502	0.00356	0.00294	0.00100	0.00462	0.00240	0.00189	0.00515
27	0.00785	0.04297	0.82136	0.01093	0.01659	0.00918	0.01412	0.01226	0.00818	0.01219	0.00691	0.00813	0.00491	0.00367	0.00365	0.00122	0.00569	0.00284	0.00164	0.00571
28	0.00496	0.00354	0.00476	0.00566	0.00599	0.00335	0.00400	0.00580	0.00765	0.01016	0.02124	0.73663	0.02513	0.01193	0.00501	0.00161	0.00245	0.13332	0.00359	0.00321

[dist]
# distance from previous block
# <min> <max>
1	3

[block]
# block no. 5 follows, 70 sequences, length 21
# corresponding to MSA columns:
# 577-597
name=unknown_F
#
# <colnr> <probs for GDERKNQSTAVLIFYWHMCP>
#	G	D	E	R	K	N	Q	S	T	A	V	L	I	F	Y	W	H	M	C	P
0	0.00578	0.00395	0.00483	0.00512	0.00539	0.00394	0.00353	0.00633	0.00666	0.00879	0.01496	0.05963	0.01689	0.58532	0.01502	0.00311	0.00365	0.24162	0.00275	0.00273
1	0.03621	0.00820	0.00872	0.00766	0.00996	0.00925	0.00601	0.06796	0.66880	0.06815	0.01550	0.01432	0.03325	0.00522	0.00389	0.00128	0.00312	0.00429	0.00391	0.02432
2	0.89114	0.00750	0.00570	0.00510	0.00750	0.00870	0.00420	0.01140	0.00660	0.01739	0.00540	0.00630	0.00420	0.00360	0.00240	0.00120	0.00300	0.00210	0.00240	0.00420
3	0.01448	0.01848	0.01099	0.00999	0.01199	0.84819	0.00749	0.01548	0.01099	0.00949	0.00599	0.00699	0.00499	0.00400	0.00350	0.00100	0.00699	0.00250	0.00200	0.00449
4	0.00785	0.00380	0.00394	0.00381	0.00484	0.00374	0.00289	0.00963	0.00831	0.06484	0.01281	0.01438	0.00992	0.00453	0.00278	0.00092	0.00190	0.00363	0.83169	0.00380
5	0.00472	0.00337	0.00450	0.00540	0.00562	0.00315	0.00360	0.00540	0.00742	0.00990	0.02137	0.86122	0.02564	0.01215	0.00495	0.00157	0.00225	0.01102	0.00360	0.00315
6	0.00945	0.00906	0.01547	0.07659	0.78790	0.00917	0.01183	0.01177	0.00876	0.01249	0.00727	0.00964	0.00608	0.00348	0.00384	0.00116	0.00464	0.00345	0.00191	0.00602
7	0.89114	0.00750	0.00570	0.00510	0.00750	0.00870	0.00420	0.01140	0.00660	0.01739	0.00540	0.00630	0.00420	0.00360	0.00240	0.00120	0.00300	0.00210	0.00240	0.00420
8	0.12760	0.01043	0.01087	0.00843	0.01144	0.01159	0.00696	0.72166	0.01673	0.02353	0.00880	0.00892	0.00628	0.00452	0.00369	0.00117	0.00410	0.00331	0.00369	0.00628
9	0.00732	0.00689	0.01163	0.85444	0.02670	0.00861	0.01077	0.00991	0.00775	0.00991	0.00689	0.01034	0.00517	0.00388	0.00388	0.00129	0.00517	0.00345	0.00172	0.00431
10	0.27277	0.00712	0.00751	0.00575	0.00874	0.00648	0.00466	0.01059	0.00765	0.04583	0.00670	0.00773	0.00541	0.00330	0.00312	0.00083	0.03315	0.00234	0.00240	0.55793
11	0.00482	0.00384	0.00433	0.00441	0.00544	0.00334	0.00323	0.00596	0.00911	0.01160	0.22845	0.17658	0.50569	0.00976	0.00464	0.00133	0.00198	0.00839	0.00376	0.00334
12	0.00506	0.00356	0.00467	0.00517	0.00563	0.00332	0.00358	0.00613	0.00853	0.01180	0.26936	0.57439	0.02835	0.01056	0.00475	0.00144	0.00210	0.00951	0.03878	0.00332
13	0.01225	0.00908	0.01022	0.00806	0.01062	0.00985	0.02855	0.58192	0.03874	0.02167	0.18127	0.01375	0.01306	0.00531	0.00400	0.00117	0.00370	0.00428	0.03669	0.00582
14	0.00564	0.00376	0.00423	0.00423	0.00423	0.00376	0.00235	0.00564	0.00564	0.00752	0.01222	0.02537	0.01409	0.86375	0.01973	0.00376	0.00376	0.00564	0.00235	0.00235
15	0.07773	0.80042	0.01920	0.00652	0.00976	0.01483	0.00645	0.01159	0.00778	0.00975	0.00539	0.00622	0.00492	0.00334	0.00248	0.00086	0.00406	0.00207	0.00172	0.00492
16	0.10398	0.00882	0.03074	0.03054	0.29618	0.01984	0.08965	0.06526	0.02128	0.18602	0.00907	0.02301	0.00689	0.00423	0.00444	0.00122	0.06885	0.00359	0.00273	0.02365
17	0.03012	0.01075	0.11587	0.09414	0.04548	0.05042	0.03102	0.30137	0.06825	0.18057	0.00998	0.01023	0.00701	0.00435	0.00381	0.00119	0.00442	0.00348	0.00328	0.02427
18	0.00572	0.00373	0.00429	0.00429	0.00429	0.00373	0.00243	0.00559	0.00559	0.00746	0.01179	0.02433	0.01353	0.79840	0.01938	0.07166	0.00373	0.00546	0.00230	0.00230
19	0.03176	0.58214	0.21990	0.00781	0.01158	0.01305	0.02189	0.01172	0.02121	0.01029	0.00650	0.03481	0.00574	0.00373	0.00291	0.00098	0.00446	0.00264	0.00178	0.00510
20	0.04354	0.18802	0.16730	0.01022	0.11085	0.02083	0.03274	0.15827	0.07804	0.08464	0.02992	0.04239	0.00793	0.00440	0.00358	0.00114	0.00429	0.00353	0.00272	0.00565

[dist]
# distance from previous block
# <min> <max>
0	11

[block]
# block no. 6 follows, 70 sequences, length 18
# corresponding to MSA columns:
# 609-626
name=unknown_G
#
# <colnr> <probs for GDERKNQSTAVLIFYWHMCP>
#	G	D	E	R	K	N	Q	S	T	A	V	L	I	F	Y	W	H	M	C	P
0	0.00942	0.05569	0.22800	0.00734	0.01132	0.00679	0.00741	0.01181	0.00850	0.12978	0.00802	0.00871	0.00603	0.00338	0.00321	0.00085	0.00375	0.00266	0.00244	0.48490
1	0.00838	0.00769	0.02868	0.00919	0.00975	0.00964	0.04150	0.04255	0.00666	0.02870	0.00648	0.00992	0.00603	0.00989	0.10745	0.12141	0.53662	0.00353	0.00191	0.00403
2	0.07536	0.00492	0.00642	0.11775	0.00903	0.01830	0.00503	0.02339	0.01727	0.01004	0.01236	0.25168	0.01321	0.07874	0.14617	0.14635	0.02476	0.03338	0.00254	0.00330
3	0.13884	0.00843	0.01321	0.27908	0.16207	0.02459	0.16342	0.05321	0.03552	0.04230	0.00810	0.01096	0.00639	0.00401	0.00383	0.00126	0.00481	0.03268	0.00226	0.00502
4	0.00497	0.00360	0.00470	0.00516	0.00566	0.00332	0.00359	0.00604	0.00867	0.01180	0.29310	0.54624	0.06748	0.01064	0.00481	0.00144	0.00210	0.00956	0.00382	0.00332
5	0.00531	0.00411	0.00470	0.00484	0.00587	0.00379	0.00364	0.00699	0.05187	0.01172	0.16144	0.17071	0.40038	0.02551	0.00489	0.00141	0.00223	0.08743	0.03967	0.00349
6	0.00926	0.00887	0.01512	0.14766	0.71836	0.00912	0.01173	0.01160	0.00867	0.01225	0.00723	0.00971	0.00600	0.00352	0.00384	0.00117	0.00469	0.00345	0.00189	0.00587
7	0.00790	0.01919	0.76997	0.01152	0.01709	0.00908	0.08715	0.01229	0.00827	0.01229	0.00704	0.00839	0.00500	0.00365	0.00376	0.00123	0.00580	0.00302	0.00167	0.00568
8	0.00618	0.00406	0.00545	0.00593	0.00671	0.00383	0.00459	0.00745	0.00872	0.06775	0.13491	0.38239	0.06157	0.01048	0.00494	0.00156	0.00268	0.27343	0.00376	0.00360
9	0.00526	0.00362	0.00442	0.00484	0.00497	0.00352	0.00303	0.00562	0.00653	0.00870	0.01650	0.39026	0.01942	0.46192	0.01277	0.00274	0.00309	0.03709	0.00294	0.00274
10	0.02787	0.00607	0.00721	0.11818	0.01016	0.00670	0.00553	0.03843	0.27511	0.01279	0.04160	0.16660	0.16379	0.04901	0.00522	0.00149	0.02247	0.03395	0.00336	0.00444
11	0.06125	0.00933	0.01410	0.01146	0.03338	0.04481	0.21124	0.05102	0.00800	0.06791	0.00678	0.00917	0.00564	0.00529	0.00847	0.00147	0.44010	0.00362	0.00214	0.00482
12	0.00812	0.00774	0.00698	0.00647	0.00811	0.13985	0.00496	0.02794	0.26103	0.01336	0.18104	0.02354	0.25842	0.00706	0.00422	0.00125	0.00316	0.02867	0.00358	0.00449
13	0.00558	0.00373	0.00425	0.00431	0.00432	0.00372	0.00243	0.00562	0.00576	0.00768	0.01284	0.08209	0.01488	0.80597	0.01873	0.00361	0.00366	0.00600	0.00243	0.00240
14	0.60291	0.00773	0.00668	0.00574	0.00814	0.02799	0.00469	0.09583	0.03148	0.09830	0.00763	0.00815	0.00564	0.00395	0.00279	0.00117	0.00316	0.00261	0.07072	0.00469
15	0.00549	0.00396	0.00518	0.00488	0.00579	0.00366	0.00366	0.00732	0.01097	0.01555	0.83752	0.02896	0.03658	0.00793	0.00457	0.00122	0.00183	0.00701	0.00427	0.00366
16	0.00804	0.00689	0.00804	0.00574	0.00919	0.00517	0.00459	0.00976	0.00804	0.01263	0.00689	0.00804	0.00574	0.00287	0.00287	0.00057	0.00287	0.00230	0.00230	0.88745
17	0.00908	0.00889	0.04175	0.07688	0.35296	0.00802	0.15126	0.01146	0.00863	0.03654	0.00747	0.00942	0.00597	0.00334	0.00369	0.00103	0.00449	0.00332	0.00209	0.25371

[dist]
# distance from previous block
# <min> <max>
0	1

[block]
# block no. 7 follows, 70 sequences, length 36
# corresponding to MSA columns:
# 628-634,757-785
name=unknown_H
#
# <colnr> <probs for GDERKNQSTAVLIFYWHMCP>
#	G	D	E	R	K	N	Q	S	T	A	V	L	I	F	Y	W	H	M	C	P
0	0.42690	0.00865	0.00822	0.00716	0.00944	0.07694	0.05000	0.02683	0.23412	0.04008	0.00952	0.03157	0.00763	0.00458	0.00348	0.00126	0.02394	0.02190	0.00290	0.00488
1	0.01527	0.00704	0.00897	0.00700	0.00974	0.00661	0.00573	0.16926	0.01242	0.57559	0.12638	0.01462	0.01271	0.00520	0.00399	0.00120	0.00328	0.00425	0.00455	0.00620
2	0.00753	0.00710	0.01200	0.77996	0.09958	0.00867	0.01087	0.01008	0.00785	0.01015	0.00693	0.01027	0.00526	0.00384	0.00387	0.00128	0.00512	0.00345	0.00174	0.00447
3	0.14318	0.00850	0.01342	0.18143	0.55603	0.00902	0.01051	0.01144	0.00828	0.01285	0.00693	0.00924	0.00566	0.00356	0.00363	0.00119	0.00447	0.00325	0.00195	0.00549
4	0.01179	0.00751	0.00874	0.00730	0.00957	0.00777	0.00597	0.34598	0.04292	0.18133	0.10346	0.05363	0.07381	0.00656	0.00425	0.00129	0.00343	0.11517	0.00403	0.00547
5	0.00960	0.00921	0.01574	0.02380	0.83957	0.00921	0.01190	0.01190	0.00883	0.01267	0.00729	0.00960	0.00614	0.00345	0.00384	0.00115	0.00461	0.00345	0.00192	0.00614
6	0.00804	0.00689	0.00804	0.00574	0.00919	0.00517	0.00459	0.00976	0.00804	0.01263	0.00689	0.00804	0.00574	0.00287	0.00287	0.00057	0.00287	0.00230	0.00230	0.88745
7	0.00564	0.00376	0.00423	0.00423	0.00423	0.00376	0.00235	0.00564	0.00564	0.00752	0.01222	0.02537	0.01409	0.86375	0.01973	0.00376	0.00376	0.00564	0.00235	0.00235
8	0.00514	0.00410	0.00455	0.00441	0.00555	0.00368	0.00327	0.00674	0.04229	0.01216	0.29493	0.03296	0.49493	0.06161	0.00549	0.00143	0.00207	0.00749	0.00375	0.00346
9	0.01036	0.86609	0.02032	0.00663	0.00995	0.01534	0.00663	0.01161	0.00788	0.00912	0.00539	0.00622	0.00498	0.00332	0.00249	0.00083	0.00415	0.00207	0.00166	0.00498
10	0.00827	0.00819	0.01183	0.16623	0.01323	0.01127	0.00890	0.00944	0.00627	0.00944	0.00542	0.00882	0.00510	0.00625	0.01109	0.00162	0.69926	0.00340	0.00170	0.00425
11	0.00556	0.00402	0.00498	0.00471	0.00576	0.00362	0.00354	0.00718	0.01049	0.03342	0.63706	0.03050	0.21822	0.00828	0.00456	0.00124	0.00189	0.00721	0.00413	0.00364
12	0.00567	0.00428	0.00539	0.00591	0.00683	0.00412	0.00476	0.00745	0.04673	0.01131	0.05900	0.18444	0.22689	0.02733	0.00528	0.00162	0.00284	0.38302	0.00360	0.00352
13	0.34188	0.00928	0.00856	0.00720	0.00970	0.05940	0.00580	0.28854	0.16598	0.01891	0.02847	0.02405	0.00761	0.00454	0.00335	0.00120	0.00364	0.00329	0.00323	0.00536
14	0.00557	0.00378	0.00430	0.00427	0.00442	0.00373	0.00249	0.00578	0.00627	0.00837	0.08728	0.02625	0.05489	0.74704	0.01766	0.00342	0.00350	0.00588	0.00258	0.00251
15	0.01254	0.00945	0.01003	0.00809	0.01061	0.02377	0.00649	0.52876	0.18026	0.03134	0.01100	0.01200	0.00846	0.07766	0.02535	0.00152	0.00409	0.00386	0.02876	0.00595
16	0.08035	0.00421	0.00456	0.00455	0.00570	0.00390	0.00337	0.00659	0.00844	0.03060	0.11928	0.14458	0.46454	0.02984	0.04579	0.02680	0.00259	0.00744	0.00344	0.00340
17	0.00856	0.00466	0.00613	0.00555	0.00694	0.00425	0.00423	0.01032	0.03138	0.23068	0.44528	0.16841	0.04225	0.00780	0.00445	0.00128	0.00232	0.00684	0.00427	0.00439
18	0.03635	0.84076	0.01988	0.00659	0.00988	0.01514	0.00656	0.01160	0.00784	0.00937	0.00539	0.00622	0.00495	0.00333	0.00248	0.00084	0.00411	0.00207	0.00168	0.00495
19	0.52987	0.13237	0.02362	0.00662	0.00914	0.19840	0.00555	0.03442	0.00811	0.01454	0.00566	0.00656	0.00456	0.00368	0.00272	0.00110	0.00414	0.00224	0.00223	0.00447
20	0.00947	0.00909	0.01552	0.06802	0.79629	0.00918	0.01184	0.01179	0.00877	0.01252	0.00727	0.00963	0.00609	0.00348	0.00384	0.00116	0.00464	0.00345	0.00191	0.00604
21	0.00476	0.00393	0.00417	0.00411	0.00535	0.00335	0.00309	0.00591	0.00926	0.01147	0.19680	0.03566	0.67985	0.00944	0.00458	0.00129	0.00194	0.00795	0.00373	0.00335
22	0.00673	0.00337	0.00505	0.00505	0.00505	0.00337	0.00337	0.00505	0.00505	0.00673	0.00673	0.01178	0.00673	0.01347	0.01515	0.88721	0.00337	0.00337	0.00168	0.00168
23	0.00539	0.00393	0.00448	0.00435	0.00516	0.00358	0.00302	0.00632	0.00851	0.02451	0.26814	0.03072	0.32963	0.27488	0.00928	0.00204	0.00250	0.00697	0.00343	0.00315
24	0.00732	0.00689	0.01163	0.85444	0.02670	0.00861	0.01077	0.00991	0.00775	0.00991	0.00689	0.01034	0.00517	0.00388	0.00388	0.00129	0.00517	0.00345	0.00172	0.00431
25	0.01163	0.01302	0.00995	0.00880	0.01068	0.45341	0.04078	0.04909	0.14187	0.01247	0.13236	0.01212	0.01116	0.00488	0.00399	0.00112	0.02736	0.00368	0.04692	0.00470
26	0.00563	0.00419	0.00597	0.00593	0.00646	0.00481	0.00444	0.00673	0.00610	0.00871	0.01062	0.01710	0.01046	0.19700	0.65941	0.00561	0.03102	0.00443	0.00212	0.00326
27	0.00869	0.01366	0.29720	0.01457	0.01910	0.00954	0.55438	0.01237	0.00883	0.01237	0.00755	0.00970	0.00556	0.00341	0.00428	0.00128	0.00627	0.00400	0.00185	0.00540
28	0.00462	0.00393	0.00398	0.00397	0.00526	0.00329	0.00297	0.00563	0.00892	0.01068	0.07122	0.03698	0.80592	0.00974	0.00458	0.00131	0.00196	0.00814	0.00363	0.00329
29	0.01009	0.00901	0.00998	0.13852	0.02151	0.14350	0.06253	0.19282	0.04039	0.04687	0.07795	0.09492	0.08753	0.00596	0.00411	0.00124	0.00427	0.02820	0.01580	0.00480
30	0.00815	0.05985	0.62446	0.01061	0.01515	0.03245	0.02763	0.01178	0.00802	0.01171	0.02827	0.00868	0.00579	0.00422	0.00495	0.00127	0.12688	0.00303	0.00173	0.00538
31	0.01107	0.00918	0.03638	0.01181	0.21404	0.02571	0.00786	0.22534	0.23634	0.07225	0.09851	0.01304	0.01120	0.00484	0.00395	0.00121	0.00380	0.00409	0.00341	0.00598
32	0.01038	0.18122	0.30754	0.00830	0.01211	0.03579	0.00884	0.06006	0.03086	0.15492	0.04883	0.03724	0.01828	0.00440	0.00353	0.00110	0.00435	0.00343	0.00264	0.06618
33	0.07918	0.04774	0.04588	0.13405	0.07528	0.02428	0.05692	0.04904	0.02441	0.14332	0.05883	0.02296	0.00840	0.00409	0.00355	0.00106	0.00390	0.00345	0.00274	0.21093
34	0.15766	0.07151	0.03903	0.00844	0.05526	0.15105	0.02558	0.09471	0.09688	0.11882	0.03312	0.07497	0.02424	0.00493	0.00357	0.00116	0.00408	0.00386	0.00299	0.02813
35	0.02403	0.06633	0.11469	0.05660	0.29844	0.05719	0.09850	0.06550	0.07709	0.07084	0.01957	0.01873	0.00708	0.00397	0.00381	0.00118	0.00476	0.00357	0.00242	0.00570

[dist]
# distance from previous block
# <min> <max>
1	30

[block]
# block no. 8 follows, 70 sequences, length 71
# corresponding to MSA columns:
# 838-858,860-890,902-920
name=unknown_I
#
# <colnr> <probs for GDERKNQSTAVLIFYWHMCP>
#	G	D	E	R	K	N	Q	S	T	A	V	L	I	F	Y	W	H	M	C	P
0	0.28024	0.09284	0.06798	0.04186	0.14936	0.07195	0.02313	0.05350	0.02268	0.10451	0.01880	0.00867	0.00612	0.00383	0.00323	0.00112	0.00409	0.00288	0.00251	0.04071
1	0.08509	0.12688	0.19132	0.00940	0.07515	0.03819	0.05204	0.05952	0.02495	0.09321	0.02874	0.02158	0.00730	0.00404	0.00345	0.00107	0.00425	0.02199	0.00248	0.14937
2	0.03244	0.08959	0.13691	0.02574	0.01931	0.00829	0.01441	0.03327	0.24099	0.02869	0.02782	0.03893	0.00864	0.00426	0.00345	0.00102	0.00358	0.00345	0.00276	0.27643
3	0.01858	0.34623	0.17374	0.03720	0.03955	0.04624	0.15464	0.02216	0.02974	0.04954	0.00702	0.00829	0.00558	0.00372	0.00379	0.00110	0.04270	0.00299	0.00197	0.00524
4	0.00610	0.00481	0.00559	0.00556	0.00677	0.00469	0.00422	0.02569	0.13696	0.01256	0.15160	0.21820	0.25100	0.00900	0.00455	0.00137	0.00244	0.09685	0.01150	0.04052
5	0.01372	0.02300	0.02547	0.00987	0.06578	0.09616	0.00763	0.57382	0.09899	0.03233	0.00949	0.00961	0.00692	0.00454	0.00382	0.00116	0.00445	0.00345	0.00351	0.00627
6	0.00476	0.00340	0.00454	0.00544	0.00567	0.00318	0.00366	0.00545	0.00745	0.00993	0.02135	0.84380	0.02557	0.01212	0.00496	0.00158	0.00228	0.02813	0.00360	0.00316
7	0.00663	0.00513	0.00594	0.00547	0.00663	0.03085	0.00414	0.08315	0.03430	0.01555	0.61485	0.07681	0.07992	0.00780	0.00448	0.00124	0.00228	0.00679	0.00407	0.00397
8	0.00778	0.02005	0.84367	0.01105	0.01678	0.00900	0.01432	0.01228	0.00818	0.01228	0.00696	0.00818	0.00491	0.00368	0.00368	0.00123	0.00573	0.00286	0.00164	0.00573
9	0.00462	0.00393	0.00397	0.00396	0.00526	0.00329	0.00297	0.00563	0.00892	0.01066	0.06864	0.03700	0.80852	0.00975	0.00458	0.00131	0.00196	0.00814	0.00362	0.00329
10	0.89114	0.00750	0.00570	0.00510	0.00750	0.00870	0.00420	0.01140	0.00660	0.01739	0.00540	0.00630	0.00420	0.00360	0.00240	0.00120	0.00300	0.00210	0.00240	0.00420
11	0.00804	0.00689	0.00804	0.00574	0.00919	0.00517	0.00459	0.00976	0.00804	0.01263	0.00689	0.00804	0.00574	0.00287	0.00287	0.00057	0.00287	0.00230	0.00230	0.88745
12	0.00732	0.00689	0.01163	0.85444	0.02670	0.00861	0.01077	0.00991	0.00775	0.00991	0.00689	0.01034	0.00517	0.00388	0.00388	0.00129	0.00517	0.00345	0.00172	0.00431
13	0.00579	0.00383	0.00444	0.00453	0.00464	0.00380	0.00273	0.00596	0.00603	0.01856	0.01329	0.06789	0.01519	0.75061	0.01779	0.00348	0.00366	0.06273	0.00253	0.00253
14	0.00567	0.00410	0.00526	0.00494	0.00590	0.00385	0.00371	0.00780	0.03797	0.01554	0.78819	0.02809	0.03505	0.00775	0.00450	0.00121	0.00187	0.00683	0.02803	0.00374
15	0.00546	0.00371	0.00501	0.00581	0.00626	0.00350	0.00422	0.00639	0.00785	0.03767	0.02099	0.66391	0.02442	0.01161	0.00500	0.00161	0.00256	0.17704	0.00363	0.00335
16	0.00970	0.00851	0.00871	0.00782	0.00996	0.04021	0.00608	0.03694	0.73950	0.01611	0.06070	0.01488	0.01284	0.00535	0.00396	0.00129	0.00317	0.00444	0.00389	0.00595
17	0.00775	0.00634	0.00752	0.00569	0.00861	0.00492	0.00447	0.00949	0.01716	0.03054	0.07875	0.08461	0.01024	0.00418	0.00323	0.00074	0.00274	0.00352	0.00265	0.70685
18	0.00468	0.00392	0.00407	0.00405	0.00530	0.00331	0.00303	0.00575	0.00904	0.01100	0.12391	0.04883	0.74051	0.00965	0.00459	0.00130	0.00195	0.00810	0.00367	0.00331
19	0.00685	0.00581	0.00856	0.17604	0.16879	0.00611	0.00677	0.00948	0.08102	0.01270	0.24653	0.16064	0.06262	0.00678	0.00426	0.00129	0.00320	0.00607	0.02211	0.00437
20	0.00465	0.00392	0.00403	0.00406	0.00532	0.00330	0.00305	0.00567	0.00889	0.01069	0.07173	0.06013	0.76863	0.00982	0.00460	0.00132	0.00199	0.02127	0.00363	0.00329
21	0.00605	0.00508	0.00844	0.00735	0.00830	0.00485	0.18391	0.00704	0.00711	0.00953	0.01485	0.35049	0.01682	0.33987	0.01059	0.00236	0.00378	0.00752	0.00275	0.00330
22	0.00778	0.02005	0.84367	0.01105	0.01678	0.00900	0.01432	0.01228	0.00818	0.01228	0.00696	0.00818	0.00491	0.00368	0.00368	0.00123	0.00573	0.00286	0.00164	0.00573
23	0.85696	0.00763	0.00593	0.00525	0.00767	0.00883	0.00432	0.04319	0.00705	0.01767	0.00555	0.00642	0.00429	0.00364	0.00246	0.00120	0.00305	0.00215	0.00246	0.00429
24	0.01514	0.01021	0.01123	0.00861	0.01170	0.01105	0.00711	0.70277	0.01713	0.14985	0.01023	0.00990	0.00705	0.00468	0.00388	0.00117	0.00412	0.00355	0.00402	0.00659
25	0.00564	0.00376	0.00423	0.00423	0.00423	0.00376	0.00235	0.00564	0.00564	0.00752	0.01222	0.02537	0.01409	0.86375	0.01973	0.00376	0.00376	0.00564	0.00235	0.00235
26	0.71713	0.00870	0.00683	0.00601	0.00830	0.08137	0.00489	0.06224	0.00766	0.01675	0.00568	0.00665	0.00446	0.00386	0.00310	0.00120	0.04608	0.00228	0.00242	0.00437
27	0.89114	0.00750	0.00570	0.00510	0.00750	0.00870	0.00420	0.01140	0.00660	0.01739	0.00540	0.00630	0.00420	0.00360	0.00240	0.00120	0.00300	0.00210	0.00240	0.00420
28	0.01015	0.00682	0.00826	0.00600	0.00935	0.00529	0.00484	0.01183	0.00873	0.20017	0.00879	0.00920	0.00661	0.00331	0.00310	0.00072	0.00297	0.00266	0.00286	0.68834
29	0.00748	0.00617	0.00792	0.00936	0.18227	0.00634	0.00581	0.01165	0.22977	0.01385	0.16800	0.04825	0.16989	0.00636	0.00404	0.00122	0.00278	0.00550	0.10858	0.00475
30	0.00480	0.00382	0.00431	0.00443	0.00543	0.00333	0.00323	0.00590	0.00900	0.01143	0.20461	0.20379	0.50245	0.00989	0.00465	0.00134	0.00199	0.00851	0.00374	0.00333
31	0.00565	0.00403	0.00584	0.00584	0.00637	0.00456	0.00435	0.00658	0.00604	0.00859	0.01035	0.01643	0.01009	0.15080	0.65604	0.08008	0.00882	0.00431	0.00208	0.00315
32	0.00957	0.03492	0.63364	0.01040	0.01543	0.03706	0.01247	0.13372	0.00991	0.05613	0.00767	0.00853	0.00540	0.00389	0.00369	0.00120	0.00540	0.00298	0.00214	0.00585
33	0.01449	0.01823	0.01101	0.00995	0.01199	0.82064	0.00749	0.04221	0.01122	0.00998	0.00610	0.00707	0.00505	0.00402	0.00351	0.00100	0.00690	0.00253	0.00206	0.00456
34	0.00915	0.00857	0.01385	0.10602	0.55956	0.00843	0.02561	0.02823	0.00876	0.01261	0.00722	0.00938	0.00597	0.00340	0.00367	0.00106	0.00435	0.00325	0.00201	0.17890
35	0.00810	0.01734	0.61984	0.03564	0.01791	0.00919	0.21272	0.01225	0.00841	0.01225	0.00717	0.00880	0.00516	0.00359	0.00391	0.00125	0.00591	0.00330	0.00172	0.00557
36	0.00561	0.00387	0.00482	0.00482	0.00502	0.00408	0.00308	0.00601	0.00581	0.00795	0.01168	0.02240	0.01280	0.61897	0.26275	0.00448	0.00570	0.00520	0.00227	0.00268
37	0.00529	0.00394	0.00492	0.00471	0.00568	0.00357	0.00352	0.00693	0.01048	0.01443	0.66422	0.04977	0.19142	0.00839	0.00458	0.00124	0.00186	0.00733	0.00412	0.00357
38	0.01320	0.01000	0.01090	0.00836	0.01140	0.01073	0.00687	0.63079	0.04788	0.02165	0.00903	0.00927	0.00661	0.00442	0.00394	0.00108	0.02698	0.00331	0.00355	0.16002
39	0.00849	0.00716	0.00828	0.00596	0.00938	0.00563	0.00478	0.06525	0.00873	0.01343	0.00705	0.00813	0.00580	0.00299	0.00294	0.00061	0.00297	0.00238	0.00240	0.82761
40	0.01400	0.01495	0.01080	0.00937	0.01159	0.56245	0.03248	0.10366	0.04551	0.10138	0.03124	0.00937	0.00707	0.02432	0.00404	0.00113	0.00590	0.00310	0.00265	0.00497
41	0.01045	0.00785	0.01428	0.02958	0.06229	0.00740	0.34574	0.02767	0.02289	0.21513	0.10104	0.01488	0.01121	0.10446	0.00609	0.00154	0.00467	0.00469	0.00301	0.00513
42	0.00637	0.00431	0.00559	0.03630	0.00691	0.00404	0.00408	0.00818	0.02580	0.07572	0.55391	0.09116	0.12983	0.00810	0.00453	0.00127	0.00217	0.02382	0.00406	0.00386
43	0.00701	0.00642	0.01065	0.72607	0.02354	0.00792	0.00972	0.00933	0.00756	0.00976	0.00805	0.05485	0.00683	0.03752	0.05783	0.00171	0.00530	0.00396	0.00186	0.00412
44	0.01418	0.00820	0.01051	0.07407	0.07345	0.00850	0.00714	0.27417	0.03888	0.36925	0.01193	0.03773	0.00843	0.00491	0.00429	0.00123	0.03920	0.00392	0.00386	0.00617
45	0.03789	0.18245	0.18870	0.00997	0.01358	0.00968	0.19913	0.07487	0.00952	0.13656	0.00962	0.04339	0.00783	0.00451	0.00381	0.00120	0.00477	0.05455	0.00258	0.00538
46	0.00597	0.00523	0.02629	0.00665	0.00793	0.00478	0.08843	0.00779	0.04986	0.02641	0.06645	0.31204	0.25397	0.00965	0.01732	0.00151	0.02688	0.07568	0.00338	0.00377
47	0.00836	0.00795	0.01350	0.47605	0.39699	0.00889	0.01128	0.01081	0.00824	0.01116	0.00707	0.01000	0.00561	0.00368	0.00386	0.00123	0.00491	0.00345	0.00181	0.00514
48	0.00837	0.02288	0.03275	0.28720	0.10983	0.05896	0.19694	0.02988	0.03822	0.01148	0.02093	0.12036	0.00913	0.00504	0.00425	0.00130	0.01314	0.02236	0.00226	0.00472
49	0.02784	0.03389	0.17667	0.08007	0.15670	0.00867	0.20787	0.04137	0.02464	0.14503	0.03527	0.01126	0.02461	0.00405	0.00398	0.00122	0.00490	0.00384	0.00253	0.00557
50	0.01158	0.00830	0.01362	0.12474	0.43939	0.00826	0.05411	0.03406	0.00957	0.24334	0.00955	0.01073	0.00697	0.00390	0.00390	0.00119	0.00441	0.00364	0.00275	0.00599
51	0.17934	0.00687	0.00838	0.00661	0.00943	0.00647	0.00544	0.05307	0.01048	0.63010	0.01335	0.03463	0.00889	0.00477	0.00365	0.00121	0.00326	0.00374	0.00428	0.00606
