[name]
unknown

[dist]
# distance from previous block
# <min> <max>
0	93

[block]
# block no. 0 follows, 61 sequences, length 6
# corresponding to MSA columns:
# 93-98
name=unknown_A
#
# <colnr> <probs for GDERKNQSTAVLIFYWHMCP>
#	G	D	E	R	K	N	Q	S	T	A	V	L	I	F	Y	W	H	M	C	P
0	0.00770	0.00502	0.00689	0.00801	0.07833	0.00476	0.00532	0.00883	0.00891	0.10083	0.02108	0.37681	0.06709	0.13648	0.00778	0.00205	0.00334	0.14284	0.00377	0.00417
1	0.20178	0.31795	0.28428	0.00884	0.01317	0.01277	0.00968	0.08261	0.00956	0.01481	0.00695	0.00795	0.00547	0.00402	0.00332	0.00119	0.00492	0.00274	0.00223	0.00577
2	0.23760	0.04328	0.12747	0.01128	0.07562	0.05040	0.13528	0.09385	0.01069	0.16145	0.00927	0.01005	0.00665	0.00431	0.00390	0.00132	0.00499	0.00354	0.00302	0.00604
3	0.07023	0.13106	0.08962	0.00905	0.01227	0.04941	0.03417	0.16569	0.10330	0.18197	0.01108	0.01145	0.00816	0.00696	0.06762	0.00172	0.03285	0.00373	0.00343	0.00623
4	0.03389	0.00858	0.07807	0.00842	0.01122	0.00720	0.09348	0.09307	0.06255	0.09402	0.13503	0.13147	0.07762	0.00676	0.00450	0.00132	0.00378	0.00594	0.00365	0.13942
5	0.05140	0.01067	0.04064	0.04925	0.01346	0.08418	0.08703	0.22925	0.05504	0.11728	0.03663	0.03072	0.04883	0.00518	0.00421	0.00125	0.00465	0.00429	0.00352	0.12254

[dist]
# distance from previous block
# <min> <max>
3	54

[block]
# block no. 1 follows, 61 sequences, length 12
# corresponding to MSA columns:
# 157-168
name=unknown_B
#
# <colnr> <probs for GDERKNQSTAVLIFYWHMCP>
#	G	D	E	R	K	N	Q	S	T	A	V	L	I	F	Y	W	H	M	C	P
0	0.13887	0.01944	0.02628	0.00969	0.09575	0.10149	0.00707	0.10285	0.04745	0.07968	0.05615	0.04279	0.02842	0.01621	0.00437	0.00135	0.00422	0.10397	0.01902	0.09493
1	0.17717	0.00850	0.00973	0.03550	0.07440	0.02715	0.01881	0.20916	0.02758	0.09932	0.08392	0.13067	0.04278	0.00651	0.00438	0.00138	0.01548	0.00533	0.00370	0.01853
2	0.10483	0.00797	0.01006	0.02904	0.04728	0.02888	0.06042	0.15558	0.01002	0.03278	0.01106	0.04746	0.02408	0.15597	0.13641	0.02086	0.08740	0.00471	0.02042	0.00479
3	0.65365	0.00970	0.09650	0.00669	0.00986	0.00920	0.00615	0.01403	0.00828	0.14074	0.00785	0.00839	0.00566	0.00421	0.00307	0.00134	0.00371	0.00273	0.00298	0.00525
4	0.00631	0.00461	0.00565	0.00597	0.00644	0.00476	0.00400	0.00815	0.09545	0.01073	0.01803	0.36937	0.02017	0.30282	0.11467	0.00320	0.00431	0.00842	0.00335	0.00360
5	0.00911	0.00929	0.01620	0.33793	0.02138	0.01118	0.21341	0.01149	0.00830	0.01149	0.00722	0.01079	0.00591	0.00527	0.00797	0.00160	0.30034	0.00413	0.00197	0.00502
6	0.10134	0.00481	0.00546	0.00517	0.00646	0.00458	0.00392	0.00826	0.01103	0.01622	0.53294	0.03093	0.20714	0.00862	0.00475	0.00136	0.00221	0.00735	0.03343	0.00403
7	0.00551	0.00402	0.00533	0.00588	0.00642	0.00383	0.00412	0.00663	0.00901	0.01222	0.18760	0.53856	0.07727	0.01443	0.09566	0.00222	0.00337	0.01030	0.00397	0.00366
8	0.00955	0.00855	0.01221	0.39491	0.07911	0.06455	0.02437	0.02928	0.00876	0.05048	0.00833	0.01199	0.00685	0.02965	0.07466	0.05210	0.12368	0.00392	0.00222	0.00484
9	0.00875	0.00849	0.00730	0.00678	0.00811	0.21484	0.00509	0.01055	0.01201	0.01549	0.56589	0.02503	0.02999	0.00747	0.00466	0.00127	0.00349	0.00629	0.05419	0.00430
10	0.01194	0.16841	0.06954	0.01040	0.10176	0.04013	0.02773	0.03200	0.14069	0.17516	0.11049	0.01542	0.02749	0.00550	0.00442	0.00130	0.02595	0.02212	0.00349	0.00605
11	0.01090	0.11028	0.26446	0.00970	0.01399	0.14770	0.03814	0.02882	0.02936	0.03904	0.00795	0.00904	0.00618	0.00392	0.00369	0.00106	0.00530	0.00299	0.00234	0.26514

[dist]
# distance from previous block
# <min> <max>
2	6

[block]
# block no. 2 follows, 61 sequences, length 17
# corresponding to MSA columns:
# 175-191
name=unknown_C
#
# <colnr> <probs for GDERKNQSTAVLIFYWHMCP>
#	G	D	E	R	K	N	Q	S	T	A	V	L	I	F	Y	W	H	M	C	P
0	0.01122	0.00612	0.00847	0.00846	0.06953	0.00581	0.01930	0.02729	0.04336	0.29289	0.03230	0.32881	0.03536	0.02318	0.02722	0.00169	0.01518	0.00749	0.03096	0.00536
1	0.41630	0.03706	0.02925	0.04347	0.02182	0.00933	0.14023	0.03324	0.01754	0.08533	0.02988	0.02271	0.00729	0.00461	0.01224	0.00135	0.00431	0.00347	0.00285	0.07773
2	0.00534	0.00409	0.00472	0.00512	0.00589	0.00366	0.00353	0.00619	0.00884	0.01121	0.06351	0.37289	0.36490	0.11106	0.00725	0.00189	0.00254	0.01001	0.00387	0.00348
3	0.00893	0.02003	0.66640	0.01299	0.01877	0.01025	0.12734	0.01381	0.03035	0.01368	0.00806	0.00965	0.00582	0.00418	0.00455	0.00140	0.03210	0.00351	0.00194	0.00625
4	0.01220	0.00916	0.01070	0.00798	0.01155	0.00854	0.02963	0.29334	0.01326	0.07847	0.01093	0.01138	0.04324	0.00441	0.00381	0.00098	0.00385	0.00352	0.00343	0.43962
5	0.00663	0.00405	0.00530	0.00535	0.00545	0.00413	0.00341	0.00618	0.00621	0.00837	0.01170	0.06396	0.01285	0.41397	0.11311	0.31414	0.00479	0.00549	0.00238	0.00254
6	0.00625	0.00422	0.00491	0.00491	0.00498	0.00429	0.00287	0.00640	0.00633	0.00851	0.01338	0.02713	0.01520	0.77203	0.09788	0.00443	0.00487	0.00611	0.00258	0.00273
7	0.01152	0.85121	0.02257	0.00737	0.01106	0.01704	0.00737	0.01290	0.00875	0.01013	0.00599	0.00691	0.00553	0.00369	0.00276	0.00092	0.00461	0.00230	0.00184	0.00553
8	0.00633	0.00454	0.00588	0.00582	0.00612	0.00497	0.00395	0.00698	0.00654	0.00908	0.01248	0.02304	0.01336	0.49380	0.34428	0.00519	0.03647	0.00552	0.00246	0.00318
9	0.00540	0.00432	0.00460	0.00460	0.00590	0.00372	0.00342	0.00668	0.01009	0.01274	0.16765	0.07728	0.61620	0.01041	0.00501	0.00143	0.00216	0.00879	0.04587	0.00372
10	0.00625	0.00483	0.00566	0.00545	0.00673	0.00454	0.00416	0.00885	0.08051	0.01526	0.44026	0.03425	0.29199	0.00930	0.00502	0.00142	0.00229	0.04551	0.02355	0.00416
11	0.62339	0.00865	0.00817	0.08139	0.04196	0.03355	0.00612	0.01335	0.00812	0.09329	0.00726	0.00839	0.00548	0.00432	0.00358	0.00136	0.04104	0.00279	0.00278	0.00502
12	0.00582	0.00442	0.00487	0.00476	0.00600	0.00385	0.00348	0.00701	0.00999	0.03534	0.20157	0.06388	0.53014	0.09176	0.00672	0.00170	0.00240	0.00851	0.00406	0.00373
13	0.05930	0.15145	0.04900	0.01039	0.01316	0.56499	0.02773	0.05393	0.01161	0.01194	0.00679	0.00787	0.00561	0.00430	0.00370	0.00112	0.00682	0.00280	0.00226	0.00525
14	0.58552	0.15509	0.01001	0.00675	0.00951	0.11087	0.00567	0.03162	0.00846	0.01665	0.00630	0.00737	0.00512	0.00464	0.02090	0.00136	0.00430	0.00247	0.00250	0.00490
15	0.03208	0.13382	0.06692	0.19481	0.03838	0.03916	0.07230	0.01095	0.00862	0.01157	0.03761	0.05103	0.07409	0.04630	0.00690	0.00157	0.16208	0.00462	0.00234	0.00485
16	0.01037	0.01018	0.12057	0.04560	0.01287	0.03870	0.04731	0.07234	0.07270	0.09094	0.01240	0.06877	0.02269	0.00580	0.01337	0.00127	0.00438	0.06788	0.00316	0.27869

[dist]
# distance from previous block
# <min> <max>
4	36

[block]
# block no. 3 follows, 61 sequences, length 12
# corresponding to MSA columns:
# 242-253
name=unknown_D
#
# <colnr> <probs for GDERKNQSTAVLIFYWHMCP>
#	G	D	E	R	K	N	Q	S	T	A	V	L	I	F	Y	W	H	M	C	P
0	0.08680	0.00670	0.00864	0.00723	0.00936	0.00661	0.05256	0.05612	0.02682	0.07654	0.04782	0.01698	0.07045	0.09047	0.23285	0.00302	0.01644	0.00458	0.00303	0.17696
1	0.03634	0.18307	0.09505	0.03978	0.03602	0.17329	0.02973	0.06924	0.01805	0.11170	0.01062	0.04913	0.02854	0.00562	0.01909	0.00133	0.01579	0.02526	0.00283	0.04952
2	0.04768	0.00725	0.05083	0.09062	0.04136	0.00668	0.06047	0.03280	0.06470	0.07203	0.03653	0.30279	0.03572	0.03428	0.02523	0.00170	0.00401	0.02555	0.00341	0.05636
3	0.00643	0.00442	0.00555	0.00609	0.02931	0.00413	0.00403	0.00729	0.00861	0.04780	0.08765	0.33306	0.15514	0.23187	0.00966	0.00229	0.00305	0.04632	0.00370	0.00362
4	0.02598	0.05753	0.05150	0.00832	0.02733	0.00748	0.04962	0.03596	0.13718	0.16128	0.06297	0.09587	0.05724	0.04343	0.02777	0.06592	0.00405	0.07162	0.00369	0.00524
5	0.01148	0.03798	0.10295	0.13542	0.14169	0.06857	0.20023	0.10621	0.08197	0.05693	0.00953	0.01117	0.00714	0.00433	0.00439	0.00135	0.00575	0.00406	0.00269	0.00615
6	0.00772	0.01116	0.27077	0.00900	0.01203	0.00713	0.06909	0.04634	0.05412	0.01333	0.04330	0.17213	0.15255	0.03223	0.00581	0.04039	0.00435	0.04053	0.00308	0.00491
7	0.00631	0.00471	0.00565	0.00582	0.00666	0.00456	0.00411	0.04215	0.05738	0.01325	0.18950	0.38197	0.15426	0.09492	0.00687	0.00183	0.00267	0.00942	0.00405	0.00391
8	0.03021	0.05214	0.17223	0.15833	0.04301	0.21111	0.11843	0.09575	0.01119	0.03534	0.02733	0.01027	0.00687	0.00438	0.00418	0.00130	0.00620	0.00363	0.00243	0.00569
9	0.04850	0.05462	0.17864	0.07775	0.03443	0.23216	0.11630	0.06253	0.06261	0.07885	0.00895	0.01008	0.00667	0.00439	0.00412	0.00129	0.00608	0.00356	0.00262	0.00586
10	0.01000	0.00820	0.00893	0.06233	0.03804	0.09676	0.00645	0.10953	0.01037	0.05568	0.01529	0.10694	0.09824	0.04485	0.05373	0.00183	0.11622	0.00541	0.14643	0.00478
11	0.01169	0.01148	0.26057	0.00886	0.03158	0.00747	0.00874	0.05077	0.05832	0.25083	0.04351	0.03557	0.07655	0.02796	0.00470	0.00141	0.00420	0.00469	0.09509	0.00601

[dist]
# distance from previous block
# <min> <max>
0	8

[block]
# block no. 4 follows, 61 sequences, length 25
# corresponding to MSA columns:
# 262-286
name=unknown_E
#
# <colnr> <probs for GDERKNQSTAVLIFYWHMCP>
#	G	D	E	R	K	N	Q	S	T	A	V	L	I	F	Y	W	H	M	C	P
0	0.10718	0.06164	0.01415	0.16145	0.19154	0.04153	0.05899	0.17672	0.05499	0.04424	0.00888	0.01043	0.00680	0.00440	0.00414	0.00130	0.01431	0.00366	0.00283	0.03083
1	0.02282	0.03606	0.13463	0.00951	0.01280	0.03694	0.04991	0.16835	0.26343	0.03123	0.03673	0.01367	0.01028	0.01886	0.05092	0.00167	0.00491	0.01708	0.00343	0.07679
2	0.00606	0.00433	0.00528	0.00528	0.00632	0.00389	0.00387	0.00753	0.01061	0.03776	0.38752	0.20903	0.25736	0.01023	0.00511	0.00146	0.00222	0.00893	0.02331	0.00392
3	0.01102	0.00973	0.01090	0.01118	0.14118	0.07693	0.01733	0.18006	0.21663	0.01736	0.07659	0.04004	0.10967	0.00622	0.00444	0.00133	0.00409	0.01376	0.00368	0.04785
4	0.00545	0.00388	0.00503	0.00581	0.00613	0.00365	0.00389	0.00622	0.00831	0.01107	0.06247	0.66096	0.05444	0.11106	0.00740	0.00201	0.00270	0.03219	0.00387	0.00344
5	0.21804	0.13142	0.10664	0.01917	0.01254	0.15946	0.09233	0.02258	0.03580	0.02198	0.04882	0.07946	0.00940	0.00519	0.00399	0.00130	0.02005	0.00406	0.00261	0.00517
6	0.00583	0.00441	0.00540	0.00541	0.00641	0.00406	0.00396	0.00770	0.03806	0.01457	0.43196	0.21504	0.22079	0.01025	0.00515	0.00147	0.00222	0.00899	0.00439	0.00393
7	0.00709	0.00395	0.00572	0.00572	0.00586	0.00409	0.00388	0.00606	0.00593	0.00804	0.00901	0.01578	0.00915	0.12898	0.16072	0.60626	0.00517	0.00423	0.00205	0.00232
8	0.05288	0.01326	0.01253	0.00992	0.01314	0.14357	0.00806	0.64777	0.01842	0.02417	0.00957	0.00979	0.00693	0.00500	0.00417	0.00127	0.00516	0.00364	0.00391	0.00684
9	0.05992	0.00885	0.01041	0.00821	0.01136	0.02860	0.00670	0.20729	0.06599	0.49969	0.01484	0.03685	0.01012	0.00547	0.00427	0.00134	0.00396	0.00435	0.00478	0.00700
10	0.01052	0.01009	0.01723	0.07169	0.77760	0.01020	0.01315	0.01310	0.00974	0.01390	0.00808	0.01071	0.00676	0.00386	0.00427	0.00129	0.00515	0.00384	0.00212	0.00671
11	0.61418	0.00918	0.05368	0.08446	0.03527	0.00984	0.00658	0.02739	0.05030	0.01765	0.00710	0.00847	0.00553	0.00487	0.02109	0.00149	0.03250	0.00282	0.00262	0.00498
12	0.26354	0.01015	0.01771	0.05160	0.04642	0.01038	0.43915	0.03254	0.00933	0.01543	0.00821	0.03360	0.00657	0.00422	0.00460	0.00143	0.03301	0.00431	0.00240	0.00540
13	0.03318	0.01082	0.16492	0.22730	0.03972	0.02468	0.11128	0.03395	0.09532	0.01420	0.11635	0.01657	0.08229	0.00550	0.00449	0.00140	0.00494	0.00489	0.00284	0.00536
14	0.00813	0.00603	0.00701	0.00660	0.00795	0.00639	0.00487	0.01283	0.26872	0.05499	0.16915	0.09774	0.08230	0.15785	0.08777	0.00246	0.00391	0.00660	0.00392	0.00476
15	0.00825	0.00778	0.01292	0.73559	0.04895	0.00975	0.01165	0.01094	0.00846	0.01102	0.00761	0.01144	0.00589	0.00521	0.02495	0.00160	0.06742	0.00384	0.00193	0.00481
16	0.01131	0.18902	0.21230	0.01120	0.03761	0.13840	0.11819	0.03634	0.07961	0.04773	0.06994	0.01144	0.00926	0.00458	0.00404	0.00125	0.00556	0.00377	0.00260	0.00585
17	0.00640	0.00670	0.10620	0.00627	0.00804	0.00485	0.00553	0.00864	0.02995	0.02722	0.35976	0.12586	0.23647	0.00932	0.00502	0.00146	0.00280	0.04115	0.00407	0.00428
18	0.00946	0.00908	0.04468	0.05649	0.03593	0.04424	0.06463	0.09671	0.10243	0.01407	0.03387	0.01431	0.04413	0.01207	0.20746	0.00272	0.11416	0.00437	0.00281	0.08639
19	0.00661	0.00464	0.00559	0.00561	0.00677	0.00425	0.00414	0.00844	0.04772	0.06453	0.24001	0.25866	0.28389	0.01051	0.00514	0.00152	0.00243	0.03116	0.00430	0.00410
20	0.00980	0.06759	0.01076	0.03619	0.03410	0.00816	0.03913	0.12272	0.08293	0.03373	0.15023	0.05418	0.03777	0.00610	0.01909	0.00124	0.01342	0.00474	0.00340	0.26473
21	0.00713	0.00543	0.00655	0.00570	0.00764	0.00451	0.00432	0.00877	0.01019	0.04077	0.28892	0.14292	0.16092	0.00795	0.00452	0.00120	0.00254	0.00689	0.00383	0.27929
22	0.01247	0.02490	0.06800	0.00915	0.01261	0.13424	0.04481	0.25925	0.01309	0.03986	0.00991	0.04676	0.02064	0.00472	0.00395	0.00109	0.00477	0.00374	0.00313	0.28293
23	0.01108	0.02166	0.04554	0.25891	0.08412	0.04104	0.02109	0.09060	0.09182	0.10826	0.02531	0.02332	0.00847	0.00545	0.02744	0.00143	0.00494	0.00396	0.00300	0.12256
24	0.01127	0.21306	0.09548	0.06306	0.15400	0.05986	0.02198	0.06591	0.04443	0.08109	0.00992	0.05403	0.00854	0.05475	0.01922	0.00149	0.00500	0.00400	0.00267	0.03024

[dist]
# distance from previous block
# <min> <max>
0	37

[block]
# block no. 5 follows, 61 sequences, length 14
# corresponding to MSA columns:
# 324-336,341
name=unknown_F
#
# <colnr> <probs for GDERKNQSTAVLIFYWHMCP>
#	G	D	E	R	K	N	Q	S	T	A	V	L	I	F	Y	W	H	M	C	P
0	0.07851	0.02508	0.07375	0.02556	0.10436	0.00994	0.10330	0.21998	0.03753	0.14040	0.01010	0.01077	0.00733	0.00439	0.00407	0.00123	0.00468	0.00373	0.00332	0.13196
1	0.05252	0.01989	0.04576	0.03750	0.11227	0.00828	0.06824	0.12473	0.08419	0.06509	0.01484	0.21713	0.04313	0.00690	0.00449	0.00139	0.00404	0.00609	0.00341	0.08012
2	0.00528	0.00388	0.00491	0.00567	0.00614	0.00356	0.00384	0.00610	0.00856	0.01121	0.04959	0.66516	0.15985	0.03722	0.00590	0.00176	0.00248	0.01142	0.00398	0.00351
3	0.83992	0.00850	0.00663	0.00586	0.00856	0.00983	0.00482	0.04870	0.00792	0.01968	0.00619	0.00715	0.00479	0.00405	0.00274	0.00133	0.00340	0.00240	0.00274	0.00479
4	0.00584	0.00402	0.00494	0.00542	0.00594	0.00379	0.00371	0.00682	0.00865	0.01192	0.11092	0.42815	0.10396	0.14840	0.00785	0.00200	0.00269	0.03685	0.09462	0.00350
5	0.01270	0.00982	0.01194	0.01159	0.13530	0.01057	0.02590	0.31325	0.23394	0.06583	0.07639	0.01526	0.04654	0.00565	0.00443	0.00135	0.00411	0.00472	0.00403	0.00667
6	0.00565	0.00411	0.00533	0.00585	0.00648	0.00382	0.00420	0.00688	0.00957	0.01288	0.24112	0.45534	0.10207	0.03231	0.00579	0.00170	0.00253	0.08651	0.00416	0.00369
7	0.00976	0.01117	0.07001	0.24937	0.02391	0.01057	0.49959	0.04674	0.01009	0.01357	0.00842	0.01137	0.00628	0.00392	0.00477	0.00144	0.00667	0.00456	0.00217	0.00562
8	0.00824	0.00539	0.00686	0.00657	0.00734	0.00566	0.00479	0.13534	0.00900	0.01203	0.01375	0.14938	0.04362	0.09954	0.07411	0.33772	0.01855	0.05571	0.00292	0.00348
9	0.01203	0.00846	0.01059	0.00859	0.01109	0.04353	0.11128	0.13242	0.16819	0.14092	0.03914	0.01498	0.02434	0.00526	0.00408	0.00127	0.00388	0.00450	0.24964	0.00583
10	0.01072	0.06455	0.05889	0.00854	0.01144	0.04868	0.00733	0.12362	0.02802	0.02987	0.00805	0.00992	0.00674	0.03088	0.00627	0.00121	0.17486	0.00322	0.00265	0.36454
11	0.00594	0.00449	0.00561	0.00584	0.00676	0.00400	0.00404	0.00687	0.00827	0.01126	0.02160	0.54049	0.09272	0.08488	0.03801	0.00196	0.00307	0.00963	0.00359	0.14099
12	0.04492	0.02790	0.15398	0.04515	0.01357	0.15266	0.04001	0.14697	0.06269	0.12617	0.02687	0.03782	0.09132	0.00563	0.00427	0.00133	0.00504	0.00448	0.00333	0.00588
13	0.02718	0.04029	0.02440	0.03314	0.04629	0.02796	0.01827	0.14649	0.17048	0.18809	0.07648	0.04905	0.02050	0.02390	0.02330	0.00154	0.02696	0.01527	0.00394	0.03648

[dist]
# distance from previous block
# <min> <max>
0	1

[block]
# block no. 6 follows, 61 sequences, length 11
# corresponding to MSA columns:
# 343-353
name=unknown_G
#
# <colnr> <probs for GDERKNQSTAVLIFYWHMCP>
#	G	D	E	R	K	N	Q	S	T	A	V	L	I	F	Y	W	H	M	C	P
0	0.03956	0.00767	0.00897	0.00767	0.00985	0.02549	0.00606	0.10671	0.15699	0.25443	0.15734	0.10920	0.03450	0.00709	0.00505	0.00143	0.04582	0.00583	0.00444	0.00590
1	0.01185	0.14487	0.15145	0.01020	0.01390	0.01139	0.10003	0.08921	0.30224	0.10217	0.01234	0.01227	0.00910	0.00484	0.00415	0.00133	0.00468	0.00406	0.00339	0.00652
2	0.01023	0.07228	0.02798	0.00905	0.01048	0.21153	0.04330	0.01163	0.02398	0.02793	0.00925	0.01418	0.00881	0.16737	0.17748	0.00302	0.16061	0.00413	0.00232	0.00446
3	0.00697	0.00553	0.00627	0.00583	0.00733	0.00544	0.00444	0.04114	0.15076	0.01593	0.39348	0.03159	0.29119	0.00884	0.00493	0.00140	0.00243	0.00756	0.00442	0.00453
4	0.00716	0.00395	0.00593	0.00593	0.00611	0.00414	0.00414	0.00611	0.00593	0.00809	0.00846	0.01401	0.00827	0.01913	0.21251	0.66626	0.00561	0.00395	0.00198	0.00235
5	0.00925	0.00919	0.01316	0.12221	0.01377	0.01271	0.00976	0.01045	0.00687	0.01045	0.00592	0.00970	0.00567	0.00711	0.01282	0.00182	0.72875	0.00378	0.00189	0.00472
6	0.00551	0.00438	0.00495	0.00481	0.00608	0.00382	0.00361	0.00700	0.01082	0.01401	0.37032	0.03755	0.49183	0.01002	0.00509	0.00141	0.00212	0.00854	0.00431	0.00382
7	0.00547	0.00401	0.00517	0.00603	0.00644	0.00381	0.00408	0.00673	0.04267	0.01133	0.02449	0.76965	0.06797	0.01304	0.00543	0.00172	0.00252	0.01177	0.00402	0.00365
8	0.01194	0.31509	0.18669	0.01032	0.01426	0.14289	0.08712	0.06144	0.08391	0.03595	0.00834	0.00922	0.00656	0.00421	0.00373	0.00118	0.00560	0.00322	0.00240	0.00592
9	0.00631	0.00492	0.00581	0.00571	0.00689	0.00475	0.00423	0.00924	0.11842	0.01485	0.37655	0.18031	0.22623	0.00978	0.00507	0.00147	0.00234	0.00853	0.00438	0.00423
10	0.01090	0.00988	0.01017	0.00866	0.01069	0.16019	0.02091	0.04092	0.02705	0.08508	0.02702	0.06992	0.06290	0.00689	0.01959	0.00141	0.17103	0.05159	0.00301	0.20217

[dist]
# distance from previous block
# <min> <max>
0	1

[block]
# block no. 7 follows, 61 sequences, length 21
# corresponding to MSA columns:
# 355-375
name=unknown_H
#
# <colnr> <probs for GDERKNQSTAVLIFYWHMCP>
#	G	D	E	R	K	N	Q	S	T	A	V	L	I	F	Y	W	H	M	C	P
0	0.01121	0.05920	0.19271	0.00975	0.02874	0.02507	0.08039	0.02627	0.00985	0.15450	0.00949	0.01076	0.00716	0.00419	0.00421	0.00111	0.03391	0.01576	0.00281	0.31290
1	0.24105	0.12478	0.01227	0.04480	0.02220	0.29026	0.04818	0.02836	0.04054	0.03113	0.00828	0.05909	0.00721	0.00486	0.00382	0.00125	0.02078	0.00350	0.00256	0.00510
2	0.21004	0.01123	0.01145	0.00896	0.01223	0.01253	0.00740	0.62897	0.01735	0.02539	0.00937	0.00959	0.00673	0.00491	0.00394	0.00130	0.00442	0.00353	0.00394	0.00673
3	0.00893	0.00766	0.00893	0.00638	0.01021	0.00574	0.00510	0.01085	0.00893	0.01404	0.00766	0.00893	0.00638	0.00319	0.00319	0.00064	0.00319	0.00255	0.00255	0.87495
4	0.01858	0.00717	0.00976	0.00754	0.01074	0.00620	0.00620	0.02027	0.01232	0.77916	0.06228	0.01565	0.01235	0.00553	0.00437	0.00133	0.00357	0.00453	0.00530	0.00715
5	0.01040	0.17956	0.23043	0.01016	0.01382	0.00990	0.13910	0.01298	0.00913	0.12107	0.01025	0.01413	0.00865	0.11887	0.05330	0.00200	0.01807	0.03012	0.00256	0.00549
6	0.00985	0.03779	0.01347	0.12609	0.01530	0.00882	0.19412	0.14116	0.03901	0.04723	0.09496	0.12156	0.04191	0.00686	0.00495	0.00148	0.01475	0.07204	0.00337	0.00529
7	0.05130	0.00783	0.01015	0.00781	0.01113	0.00714	0.00645	0.09759	0.01292	0.71650	0.01593	0.01395	0.01011	0.00527	0.00427	0.00133	0.00376	0.00421	0.00513	0.00723
8	0.72439	0.00894	0.00903	0.00743	0.01034	0.01002	0.10261	0.05765	0.00841	0.01909	0.00657	0.00775	0.00504	0.00402	0.00305	0.00135	0.00389	0.00276	0.00270	0.00495
9	0.00528	0.00378	0.00497	0.00591	0.00618	0.00353	0.00393	0.00601	0.00821	0.01091	0.02384	0.79484	0.04748	0.04526	0.00611	0.00183	0.00256	0.01194	0.00395	0.00347
10	0.00565	0.00432	0.00541	0.03326	0.00699	0.00397	0.00410	0.00710	0.01032	0.01377	0.35785	0.26147	0.24895	0.01054	0.00517	0.00150	0.00233	0.00926	0.00424	0.00381
11	0.00939	0.00866	0.06602	0.00685	0.01083	0.00607	0.00592	0.01151	0.00910	0.05146	0.00809	0.00921	0.00651	0.00335	0.00331	0.00072	0.00343	0.00268	0.00263	0.77425
12	0.00798	0.16361	0.01200	0.02355	0.03717	0.00892	0.05732	0.00948	0.00760	0.01042	0.01012	0.03650	0.00978	0.08276	0.38649	0.00414	0.10712	0.01840	0.00225	0.00440
13	0.21826	0.01363	0.21326	0.00974	0.01373	0.01150	0.03566	0.37594	0.03473	0.02127	0.00880	0.00943	0.00636	0.00459	0.00389	0.00133	0.00486	0.00341	0.00323	0.00639
14	0.01152	0.85121	0.02257	0.00737	0.01106	0.01704	0.00737	0.01290	0.00875	0.01013	0.00599	0.00691	0.00553	0.00369	0.00276	0.00092	0.00461	0.00230	0.00184	0.00553
15	0.00631	0.00449	0.00667	0.00667	0.00731	0.00514	0.00507	0.00739	0.00674	0.00963	0.01116	0.01700	0.01061	0.06774	0.70053	0.10680	0.01030	0.00459	0.00227	0.00356
16	0.00526	0.00437	0.00459	0.00454	0.00592	0.00371	0.00340	0.00650	0.01021	0.01256	0.17058	0.03994	0.69248	0.01057	0.00509	0.00144	0.00216	0.00888	0.00412	0.00371
17	0.00541	0.00433	0.00485	0.00501	0.00613	0.00383	0.00364	0.00681	0.02751	0.01250	0.15839	0.22871	0.49545	0.01108	0.00517	0.00151	0.00226	0.00954	0.00412	0.00374
18	0.81850	0.00826	0.00659	0.00581	0.00852	0.00943	0.00478	0.01325	0.00768	0.07604	0.00677	0.00754	0.00509	0.00409	0.00278	0.00133	0.00336	0.00247	0.00285	0.00485
19	0.03321	0.00694	0.00760	0.00675	0.00851	0.00760	0.00525	0.15934	0.20079	0.03429	0.01316	0.01451	0.01029	0.00853	0.07468	0.09063	0.00389	0.00418	0.30469	0.00514
20	0.01107	0.11201	0.01517	0.00991	0.01375	0.00936	0.20252	0.10223	0.02435	0.06574	0.00877	0.00998	0.00680	0.00376	0.00382	0.00100	0.00457	0.00344	0.00278	0.38895

[dist]
# distance from previous block
# <min> <max>
5	16

[block]
# block no. 8 follows, 61 sequences, length 12
# corresponding to MSA columns:
# 392-403
name=unknown_I
#
# <colnr> <probs for GDERKNQSTAVLIFYWHMCP>
#	G	D	E	R	K	N	Q	S	T	A	V	L	I	F	Y	W	H	M	C	P
0	0.68410	0.00978	0.05765	0.00667	0.00964	0.03604	0.00582	0.06924	0.00881	0.06904	0.00711	0.00786	0.00530	0.00418	0.00301	0.00132	0.00378	0.00263	0.00288	0.00513
1	0.00911	0.04955	0.68482	0.01266	0.06722	0.03515	0.01471	0.01357	0.00921	0.01347	0.00766	0.00907	0.00559	0.00403	0.00401	0.00130	0.00612	0.00315	0.00189	0.04774
2	0.15477	0.14559	0.01314	0.00927	0.02794	0.11903	0.04523	0.16189	0.13979	0.11192	0.01017	0.01038	0.00761	0.00472	0.00397	0.00127	0.02040	0.00350	0.00332	0.00609
3	0.13554	0.23778	0.03243	0.00670	0.00879	0.00863	0.00563	0.01092	0.00878	0.11312	0.01504	0.36860	0.01591	0.00816	0.00416	0.00140	0.00345	0.00686	0.00332	0.00478
4	0.00557	0.00388	0.00490	0.00559	0.00576	0.00371	0.00356	0.00608	0.00762	0.01016	0.02052	0.58699	0.02443	0.27785	0.01070	0.00252	0.00303	0.01035	0.00356	0.00322
5	0.21222	0.00855	0.01150	0.00925	0.01180	0.00919	0.14801	0.19532	0.01090	0.05557	0.00983	0.01257	0.00803	0.05089	0.22447	0.00296	0.00659	0.00406	0.00299	0.00530
6	0.01076	0.32646	0.22308	0.13594	0.07130	0.07977	0.04765	0.01345	0.00934	0.03489	0.00732	0.00892	0.00582	0.00400	0.00368	0.00119	0.00561	0.00308	0.00201	0.00574
7	0.00594	0.00460	0.00548	0.00581	0.00671	0.00441	0.00414	0.00821	0.09714	0.01289	0.15086	0.43284	0.22229	0.01130	0.00521	0.00158	0.00245	0.00998	0.00416	0.00398
8	0.00634	0.00447	0.00567	0.00535	0.00648	0.00406	0.00402	0.00819	0.01174	0.04157	0.65905	0.05721	0.15143	0.00914	0.00507	0.00138	0.00212	0.00800	0.00463	0.00409
9	0.00939	0.03015	0.41181	0.18680	0.07992	0.00974	0.01279	0.06348	0.04052	0.03677	0.00969	0.05594	0.00783	0.00495	0.00427	0.00140	0.00556	0.02066	0.00238	0.00595
10	0.04087	0.16544	0.07495	0.01096	0.06315	0.07677	0.07105	0.29112	0.01355	0.08970	0.03192	0.01041	0.00773	0.00471	0.00429	0.00125	0.02896	0.00364	0.00319	0.00634
11	0.00807	0.00737	0.01090	0.17182	0.04429	0.00950	0.00840	0.00953	0.00718	0.01037	0.00840	0.01345	0.00793	0.08194	0.23642	0.00334	0.35040	0.00422	0.00207	0.00440

[dist]
# distance from previous block
# <min> <max>
1	11

[block]
# block no. 9 follows, 61 sequences, length 21
# corresponding to MSA columns:
# 415-435
name=unknown_J
#
# <colnr> <probs for GDERKNQSTAVLIFYWHMCP>
#	G	D	E	R	K	N	Q	S	T	A	V	L	I	F	Y	W	H	M	C	P
0	0.24519	0.19102	0.05740	0.00875	0.01150	0.34652	0.00744	0.01436	0.00967	0.01293	0.00658	0.00801	0.00557	0.01956	0.01796	0.00132	0.02627	0.00270	0.00224	0.00503
1	0.00883	0.00850	0.02974	0.33399	0.16922	0.00951	0.06617	0.01118	0.00889	0.02610	0.04278	0.01423	0.06798	0.00587	0.01956	0.00156	0.14594	0.00447	0.02033	0.00515
2	0.01053	0.11273	0.04073	0.00782	0.01166	0.00863	0.04582	0.11601	0.02347	0.03280	0.00822	0.00924	0.00658	0.00365	0.00345	0.00085	0.00389	0.00292	0.00274	0.54826
3	0.00529	0.00386	0.00499	0.00587	0.00629	0.00356	0.00401	0.00612	0.00849	0.01113	0.02606	0.72464	0.12179	0.01314	0.00546	0.00172	0.00251	0.03755	0.00400	0.00353
4	0.00839	0.00748	0.01124	0.42393	0.01993	0.00854	0.05438	0.04784	0.12493	0.01401	0.14958	0.01814	0.08202	0.00585	0.00456	0.00142	0.00452	0.00517	0.00305	0.00503
5	0.00593	0.00399	0.00525	0.00593	0.00642	0.00369	0.00405	0.00684	0.00882	0.04557	0.10168	0.68899	0.05472	0.02906	0.00572	0.00173	0.00252	0.01126	0.00410	0.00370
6	0.00656	0.00462	0.00658	0.00654	0.00718	0.00521	0.00487	0.00784	0.04036	0.00976	0.01138	0.01756	0.01091	0.12064	0.57824	0.14203	0.00915	0.00468	0.00236	0.00352
7	0.00601	0.00438	0.00566	0.00539	0.00640	0.00402	0.00402	0.00795	0.01193	0.01676	0.75075	0.06350	0.07889	0.00909	0.00510	0.00137	0.00206	0.00802	0.00468	0.00402
8	0.00616	0.00459	0.00680	0.00680	0.00752	0.00532	0.00523	0.00761	0.00689	0.00991	0.01165	0.01756	0.01104	0.07826	0.78597	0.00677	0.01112	0.00471	0.00232	0.00378
9	0.01612	0.01964	0.01228	0.01097	0.01332	0.74543	0.00831	0.10017	0.01305	0.01229	0.00705	0.00804	0.00574	0.00452	0.00393	0.00113	0.00745	0.00289	0.00244	0.00524
10	0.01260	0.01119	0.01270	0.04325	0.14317	0.15128	0.00903	0.16091	0.01132	0.08999	0.00907	0.01150	0.00743	0.00786	0.07781	0.00191	0.21095	0.01946	0.00283	0.00574
11	0.00964	0.32595	0.30879	0.00879	0.01288	0.01130	0.00974	0.01265	0.02718	0.04667	0.10700	0.01327	0.04967	0.00590	0.03225	0.00139	0.00499	0.00383	0.00250	0.00561
12	0.00770	0.00643	0.04325	0.03580	0.00903	0.00671	0.00597	0.09028	0.00840	0.01184	0.02509	0.01741	0.01098	0.17341	0.41875	0.03778	0.06064	0.00471	0.02172	0.00411
13	0.01211	0.69777	0.04837	0.00810	0.01165	0.13955	0.00781	0.01357	0.00928	0.01032	0.00615	0.00711	0.00553	0.00381	0.00298	0.00096	0.00514	0.00240	0.00190	0.00548
14	0.00871	0.00660	0.00707	0.00633	0.00785	0.04630	0.00491	0.10256	0.06200	0.03583	0.32426	0.02459	0.14199	0.00750	0.00491	0.00132	0.03969	0.00618	0.15671	0.00469
15	0.00806	0.00643	0.00721	0.00684	0.00840	0.00688	0.00516	0.02501	0.35110	0.01611	0.22579	0.16410	0.09106	0.00829	0.00474	0.00146	0.00274	0.00718	0.04831	0.00514
16	0.00813	0.00766	0.01292	0.83826	0.02967	0.00957	0.01196	0.01101	0.00861	0.01101	0.00766	0.01148	0.00574	0.00431	0.00431	0.00144	0.00574	0.00383	0.00191	0.00479
17	0.00879	0.01519	0.42854	0.00990	0.01488	0.00814	0.03828	0.02405	0.00924	0.01392	0.00858	0.02920	0.00696	0.00418	0.00387	0.00111	0.00499	0.02623	0.00226	0.34168
18	0.00608	0.00441	0.00546	0.00530	0.00634	0.00408	0.00394	0.00806	0.02726	0.01583	0.57106	0.10608	0.15005	0.00925	0.00498	0.00139	0.00212	0.00810	0.05620	0.00400
19	0.00937	0.00878	0.06318	0.00792	0.01020	0.02486	0.00656	0.05059	0.42586	0.02852	0.16125	0.05226	0.10057	0.00713	0.00462	0.00144	0.00336	0.02357	0.00418	0.00578
20	0.00581	0.00434	0.00506	0.00509	0.00623	0.00381	0.00374	0.00714	0.01030	0.03517	0.27389	0.19456	0.40810	0.01063	0.00515	0.00148	0.00224	0.00918	0.00426	0.00384

[dist]
# distance from previous block
# <min> <max>
4	11

[block]
# block no. 10 follows, 61 sequences, length 26
# corresponding to MSA columns:
# 454-479
name=unknown_K
#
# <colnr> <probs for GDERKNQSTAVLIFYWHMCP>
#	G	D	E	R	K	N	Q	S	T	A	V	L	I	F	Y	W	H	M	C	P
0	0.01033	0.20669	0.42870	0.04537	0.05333	0.08008	0.06061	0.01396	0.02218	0.02987	0.00767	0.00904	0.00585	0.00405	0.00386	0.00125	0.00595	0.00317	0.00201	0.00601
1	0.87904	0.00833	0.00633	0.00566	0.00833	0.00966	0.00467	0.01266	0.00733	0.01933	0.00600	0.00700	0.00467	0.00400	0.00267	0.00133	0.00333	0.00233	0.00267	0.00467
2	0.01064	0.00602	0.00832	0.15502	0.01222	0.00598	0.00630	0.05295	0.01036	0.26010	0.03555	0.33307	0.06815	0.00868	0.00483	0.00152	0.00352	0.00761	0.00406	0.00511
3	0.00524	0.00378	0.00497	0.00592	0.00623	0.00351	0.00396	0.00601	0.00832	0.01103	0.02470	0.80724	0.06643	0.01337	0.00548	0.00174	0.00248	0.01209	0.00400	0.00351
4	0.87904	0.00833	0.00633	0.00566	0.00833	0.00966	0.00467	0.01266	0.00733	0.01933	0.00600	0.00700	0.00467	0.00400	0.00267	0.00133	0.00333	0.00233	0.00267	0.00467
5	0.00940	0.00457	0.00487	0.00455	0.00585	0.00451	0.00349	0.03325	0.00968	0.09814	0.01425	0.01576	0.01090	0.00505	0.00318	0.00105	0.00225	0.00404	0.76077	0.00444
6	0.19911	0.13957	0.02236	0.00707	0.00928	0.14421	0.00582	0.04126	0.03763	0.01575	0.30142	0.01723	0.03146	0.00598	0.00393	0.00125	0.00387	0.00464	0.00334	0.00481
7	0.00583	0.00421	0.00531	0.00548	0.00617	0.00392	0.00388	0.00711	0.00989	0.01347	0.36913	0.25916	0.10837	0.13519	0.00774	0.00192	0.00258	0.04289	0.00411	0.00365
8	0.87904	0.00833	0.00633	0.00566	0.00833	0.00966	0.00467	0.01266	0.00733	0.01933	0.00600	0.00700	0.00467	0.00400	0.00267	0.00133	0.00333	0.00233	0.00267	0.00467
9	0.00632	0.00480	0.00697	0.00688	0.00753	0.00562	0.00527	0.00766	0.00683	0.00983	0.01149	0.01783	0.01107	0.12305	0.70118	0.00637	0.05046	0.00476	0.00232	0.00375
10	0.78013	0.00789	0.00627	0.00564	0.00812	0.00903	0.00460	0.01215	0.00788	0.01909	0.09817	0.00985	0.00874	0.00454	0.00294	0.00134	0.00318	0.00295	0.00290	0.00460
11	0.01075	0.00693	0.00755	0.03778	0.00902	0.09852	0.00524	0.01182	0.00964	0.23674	0.05527	0.27715	0.01780	0.15801	0.03591	0.00214	0.00412	0.00713	0.00382	0.00466
12	0.00536	0.00380	0.00496	0.00585	0.00607	0.00358	0.00384	0.00603	0.00802	0.01070	0.02259	0.75316	0.02704	0.10812	0.00736	0.00202	0.00269	0.01157	0.00384	0.00340
13	0.01055	0.00919	0.01283	0.01090	0.01127	0.01242	0.00907	0.01157	0.00725	0.10264	0.00694	0.01002	0.00622	0.00729	0.01303	0.00182	0.74589	0.00383	0.00228	0.00501
14	0.00843	0.00784	0.01256	0.74427	0.02758	0.00970	0.01138	0.01235	0.09986	0.01180	0.00878	0.01200	0.00658	0.00448	0.00432	0.00144	0.00548	0.00395	0.00219	0.00502
15	0.00518	0.00412	0.00465	0.00505	0.00601	0.00359	0.00358	0.00615	0.00924	0.01150	0.05261	0.36606	0.48329	0.01191	0.00526	0.00157	0.00231	0.01034	0.00402	0.00359
16	0.10791	0.00772	0.00868	0.00635	0.01002	0.00621	0.00510	0.01143	0.00888	0.04480	0.00782	0.00893	0.00635	0.00336	0.00317	0.00074	0.00322	0.00259	0.00267	0.74405
17	0.01317	0.01093	0.10734	0.04095	0.09687	0.10096	0.02563	0.01626	0.07938	0.28015	0.05601	0.02703	0.02487	0.00509	0.00422	0.00126	0.00455	0.00422	0.00359	0.09752
18	0.07909	0.00736	0.03885	0.02178	0.02653	0.00625	0.03282	0.01109	0.05619	0.02873	0.28289	0.01773	0.01845	0.02344	0.00441	0.00115	0.00319	0.00471	0.00339	0.33197
19	0.00840	0.00754	0.00917	0.03929	0.06077	0.06891	0.05598	0.02680	0.13878	0.02674	0.03127	0.30560	0.11535	0.02689	0.00547	0.00156	0.02693	0.00764	0.00352	0.03337
20	0.21389	0.06863	0.05576	0.02717	0.06529	0.03113	0.02951	0.16342	0.09954	0.01698	0.02341	0.04334	0.00922	0.10058	0.00601	0.00164	0.01714	0.00410	0.00305	0.02019
21	0.06483	0.07688	0.23978	0.03687	0.18418	0.06703	0.04535	0.05353	0.04308	0.01424	0.03620	0.02537	0.00808	0.02212	0.00495	0.00139	0.05072	0.00380	0.01573	0.00586
22	0.02375	0.00953	0.10050	0.04037	0.04055	0.02508	0.02746	0.03643	0.04845	0.04694	0.04245	0.01269	0.00904	0.08633	0.00654	0.02029	0.06411	0.00370	0.00271	0.35308
23	0.04041	0.07160	0.08107	0.05023	0.02568	0.00781	0.06420	0.04323	0.08321	0.01485	0.18219	0.12216	0.03151	0.00653	0.00435	0.00129	0.00378	0.01962	0.00330	0.14297
24	0.02697	0.03214	0.07659	0.02271	0.02385	0.11479	0.05493	0.10821	0.06189	0.13904	0.02603	0.12292	0.01087	0.00591	0.00469	0.00130	0.04204	0.00483	0.00335	0.11694
25	0.17848	0.05605	0.04439	0.02306	0.01220	0.07156	0.08185	0.03273	0.12396	0.15890	0.01167	0.01331	0.02037	0.00502	0.00414	0.00130	0.02139	0.04548	0.00331	0.09082

[dist]
# distance from previous block
# <min> <max>
9	65

[block]
# block no. 11 follows, 61 sequences, length 8
# corresponding to MSA columns:
# 562-569
name=unknown_L
#
# <colnr> <probs for GDERKNQSTAVLIFYWHMCP>
#	G	D	E	R	K	N	Q	S	T	A	V	L	I	F	Y	W	H	M	C	P
0	0.05899	0.06699	0.17351	0.01206	0.10822	0.06090	0.09854	0.12809	0.03880	0.03469	0.00902	0.01065	0.00703	0.02484	0.00460	0.00131	0.02310	0.00361	0.05501	0.08005
1	0.02840	0.00764	0.05694	0.00759	0.00947	0.03159	0.04994	0.04651	0.12053	0.09189	0.03439	0.20623	0.07951	0.15020	0.03508	0.00210	0.00408	0.00679	0.00357	0.02754
2	0.07456	0.03784	0.04490	0.00706	0.00839	0.00695	0.02274	0.08713	0.02853	0.03396	0.01469	0.24674	0.02984	0.19950	0.03439	0.05486	0.05391	0.00670	0.00314	0.00419
3	0.00987	0.00845	0.00936	0.01000	0.13241	0.09398	0.00661	0.12700	0.06032	0.04618	0.22570	0.07654	0.16101	0.00743	0.00468	0.00136	0.00370	0.00631	0.00384	0.00523
4	0.01005	0.00964	0.04940	0.00890	0.04838	0.03796	0.04279	0.08688	0.01009	0.01490	0.00783	0.00926	0.00638	0.00378	0.00415	0.00089	0.05389	0.00296	0.00260	0.58928
5	0.01315	0.00915	0.03733	0.05976	0.02919	0.02348	0.08653	0.08724	0.09331	0.27704	0.01420	0.01545	0.04764	0.00572	0.00546	0.00141	0.09215	0.03995	0.00375	0.05810
6	0.04239	0.15966	0.07401	0.05925	0.01370	0.17560	0.06391	0.05361	0.06032	0.10452	0.04758	0.01089	0.00848	0.00449	0.00385	0.00116	0.00513	0.00350	0.00286	0.10511
7	0.02090	0.02283	0.03381	0.00820	0.04769	0.00658	0.03086	0.02899	0.03970	0.07452	0.13580	0.10745	0.06149	0.05866	0.00616	0.00152	0.05341	0.08341	0.00347	0.17455

[dist]
# distance from previous block
# <min> <max>
0	278

# created by:
# /home/cegg/simao/soft/augustus-3.2.1/scripts/msa2prfl.pl ./align_prep/EOG092C2X60.fa
