[name]
unknown

[dist]
# distance from previous block
# <min> <max>
0	54

[block]
# block no. 0 follows, 67 sequences, length 20
# corresponding to MSA columns:
# 183-195,208-213,215
name=unknown_A
#
# <colnr> <probs for GDERKNQSTAVLIFYWHMCP>
#	G	D	E	R	K	N	Q	S	T	A	V	L	I	F	Y	W	H	M	C	P
0	0.02306	0.04887	0.08298	0.00959	0.04432	0.06027	0.04437	0.26707	0.21145	0.06865	0.02579	0.01313	0.02400	0.00504	0.00401	0.00125	0.00431	0.03703	0.00344	0.02136
1	0.01091	0.82634	0.02064	0.00696	0.01038	0.01573	0.00689	0.04542	0.00859	0.01009	0.00574	0.00657	0.00522	0.00349	0.00263	0.00087	0.00429	0.00221	0.00181	0.00522
2	0.02592	0.06131	0.05434	0.00797	0.05192	0.00746	0.02198	0.10404	0.01001	0.13373	0.00859	0.00923	0.00652	0.00359	0.00334	0.00086	0.00360	0.00288	0.00284	0.47985
3	0.00757	0.00713	0.01203	0.84942	0.02762	0.00891	0.01114	0.01025	0.00802	0.01025	0.00713	0.01069	0.00535	0.00401	0.00401	0.00134	0.00535	0.00356	0.00178	0.00446
4	0.00583	0.00389	0.00437	0.00437	0.00437	0.00389	0.00243	0.00583	0.00583	0.00778	0.01264	0.02624	0.01458	0.85906	0.02041	0.00389	0.00389	0.00583	0.00243	0.00243
5	0.01580	0.00843	0.01126	0.00997	0.10384	0.00821	0.03496	0.23862	0.01317	0.47673	0.02874	0.01234	0.00908	0.00477	0.00406	0.00123	0.00393	0.00395	0.00426	0.00666
6	0.14470	0.02708	0.01104	0.19396	0.07418	0.17381	0.00800	0.19371	0.02443	0.08403	0.00875	0.00982	0.02096	0.00434	0.00369	0.00121	0.00485	0.00329	0.00279	0.00536
7	0.00572	0.00402	0.00475	0.00474	0.00550	0.00369	0.00327	0.00666	0.00870	0.03640	0.24574	0.15816	0.24493	0.23942	0.00901	0.00205	0.00258	0.00774	0.00360	0.00332
8	0.00911	0.01083	0.17521	0.02494	0.11977	0.00969	0.11073	0.04452	0.01840	0.04702	0.00791	0.01080	0.00664	0.03755	0.09368	0.00204	0.26011	0.00377	0.00213	0.00515
9	0.01271	0.03309	0.01082	0.00925	0.02810	0.22984	0.00714	0.23024	0.32268	0.03096	0.01127	0.01121	0.00854	0.00558	0.02934	0.00137	0.00486	0.00368	0.00339	0.00592
10	0.01086	0.83344	0.02069	0.00698	0.01036	0.04339	0.00689	0.01214	0.00826	0.00945	0.00560	0.00646	0.00515	0.00345	0.00261	0.00086	0.00439	0.00216	0.00173	0.00513
11	0.00832	0.00713	0.00832	0.00594	0.00950	0.00535	0.00475	0.01010	0.00832	0.01307	0.00713	0.00832	0.00594	0.00297	0.00297	0.00059	0.00297	0.00238	0.00238	0.88357
12	0.00809	0.00765	0.01296	0.66961	0.20342	0.00905	0.01139	0.01070	0.00826	0.01087	0.00722	0.01053	0.00557	0.00391	0.00400	0.00130	0.00522	0.00357	0.00183	0.00487
13	0.00582	0.00394	0.00465	0.00465	0.00475	0.00404	0.00278	0.00601	0.00591	0.00798	0.01238	0.02484	0.01397	0.74764	0.13099	0.00423	0.00481	0.00563	0.00239	0.00258
14	0.00866	0.00785	0.01204	0.48541	0.16961	0.04122	0.02709	0.03855	0.00902	0.03971	0.04416	0.03206	0.04250	0.00509	0.01938	0.00139	0.00499	0.00413	0.00226	0.00487
15	0.00784	0.00716	0.02390	0.18711	0.06664	0.09369	0.00679	0.03604	0.00877	0.03609	0.01465	0.38781	0.01580	0.02643	0.00482	0.00146	0.00392	0.03353	0.00296	0.03457
16	0.00866	0.00704	0.00838	0.00634	0.00943	0.00583	0.01907	0.03513	0.07680	0.04217	0.05420	0.04018	0.02288	0.01694	0.00362	0.00085	0.00303	0.00342	0.00283	0.63320
17	0.02721	0.01062	0.01421	0.06394	0.41792	0.06620	0.02675	0.29293	0.01256	0.01703	0.00813	0.00964	0.00634	0.00406	0.00395	0.00120	0.00485	0.00352	0.00269	0.00624
18	0.00948	0.00868	0.02797	0.15859	0.41754	0.02858	0.03945	0.03244	0.05609	0.05209	0.01012	0.10373	0.00903	0.02325	0.00448	0.00134	0.00456	0.00457	0.00246	0.00556
19	0.04002	0.05302	0.02778	0.11479	0.56074	0.00981	0.05873	0.02512	0.00904	0.03443	0.00756	0.00982	0.00615	0.00374	0.00409	0.00122	0.02245	0.00352	0.00207	0.00592

[dist]
# distance from previous block
# <min> <max>
0	1

[block]
# block no. 1 follows, 67 sequences, length 15
# corresponding to MSA columns:
# 217-231
name=unknown_B
#
# <colnr> <probs for GDERKNQSTAVLIFYWHMCP>
#	G	D	E	R	K	N	Q	S	T	A	V	L	I	F	Y	W	H	M	C	P
0	0.00984	0.03549	0.00899	0.04929	0.01019	0.07378	0.02471	0.10995	0.20877	0.07876	0.04928	0.14936	0.04575	0.08290	0.00585	0.00157	0.01588	0.03117	0.00349	0.00498
1	0.00983	0.00933	0.01533	0.07840	0.66354	0.00982	0.01163	0.03624	0.03123	0.01308	0.00762	0.01001	0.00637	0.00398	0.00475	0.00125	0.07585	0.00359	0.00207	0.00607
2	0.00651	0.00520	0.00597	0.00562	0.00697	0.00523	0.00426	0.01054	0.21532	0.01486	0.41915	0.05592	0.21273	0.00810	0.00458	0.00132	0.00226	0.00699	0.00415	0.00432
3	0.00932	0.00848	0.05029	0.03407	0.38280	0.00802	0.04154	0.01294	0.12754	0.06994	0.16378	0.03427	0.02907	0.00514	0.00420	0.00126	0.00395	0.00471	0.00300	0.00568
4	0.00514	0.00385	0.00477	0.00503	0.00579	0.00348	0.00359	0.00634	0.00936	0.01250	0.32013	0.36313	0.22143	0.01041	0.00489	0.00143	0.00210	0.00920	0.00397	0.00348
5	0.01072	0.86147	0.02102	0.00686	0.01029	0.01587	0.00686	0.01201	0.00815	0.00944	0.00558	0.00643	0.00515	0.00343	0.00257	0.00086	0.00429	0.00214	0.00172	0.00515
6	0.01076	0.24776	0.17771	0.01297	0.23034	0.02532	0.02562	0.11516	0.01005	0.04654	0.00749	0.00866	0.00592	0.00376	0.00351	0.00108	0.00474	0.00302	0.00226	0.05732
7	0.00757	0.00713	0.01203	0.84942	0.02762	0.00891	0.01114	0.01025	0.00802	0.01025	0.00713	0.01069	0.00535	0.00401	0.00401	0.00134	0.00535	0.00356	0.00178	0.00446
8	0.00583	0.00389	0.00437	0.00437	0.00437	0.00389	0.00243	0.00583	0.00583	0.00778	0.01264	0.02624	0.01458	0.85906	0.02041	0.00389	0.00389	0.00583	0.00243	0.00243
9	0.01310	0.03050	0.03200	0.08651	0.25799	0.01038	0.00923	0.36249	0.01352	0.13038	0.00948	0.01025	0.00690	0.00434	0.00396	0.00121	0.00449	0.00360	0.00324	0.00642
10	0.11803	0.08985	0.02810	0.15708	0.28605	0.01050	0.03670	0.09593	0.05210	0.01405	0.00756	0.00946	0.00606	0.00413	0.00438	0.00125	0.06760	0.00334	0.00229	0.00553
11	0.00729	0.02851	0.04053	0.02789	0.12045	0.00591	0.02545	0.04920	0.00992	0.02757	0.21092	0.15304	0.07660	0.00831	0.00472	0.00144	0.00333	0.19107	0.00347	0.00438
12	0.00664	0.15219	0.09537	0.00672	0.03431	0.00644	0.00542	0.00778	0.00753	0.00992	0.01565	0.34002	0.04930	0.21668	0.00824	0.00199	0.00352	0.02569	0.00279	0.00377
13	0.00888	0.09236	0.15536	0.06416	0.12139	0.00832	0.05142	0.07194	0.05390	0.05718	0.01267	0.24528	0.01239	0.00652	0.00421	0.00134	0.00418	0.02053	0.00284	0.00514
14	0.03106	0.42112	0.12983	0.02267	0.05807	0.02610	0.08329	0.10302	0.00962	0.02803	0.00686	0.00798	0.00558	0.00375	0.00347	0.00105	0.02167	0.00284	0.00212	0.03187

[dist]
# distance from previous block
# <min> <max>
4	23

[block]
# block no. 2 follows, 67 sequences, length 13
# corresponding to MSA columns:
# 255-267
name=unknown_C
#
# <colnr> <probs for GDERKNQSTAVLIFYWHMCP>
#	G	D	E	R	K	N	Q	S	T	A	V	L	I	F	Y	W	H	M	C	P
0	0.06677	0.00787	0.03577	0.06416	0.04380	0.00740	0.00667	0.10346	0.08281	0.39843	0.08110	0.01345	0.01096	0.00492	0.00393	0.00122	0.00359	0.00401	0.00401	0.05567
1	0.01027	0.00898	0.01411	0.21038	0.42557	0.02594	0.03994	0.04907	0.05804	0.07551	0.00864	0.01060	0.00670	0.00400	0.00416	0.00124	0.01962	0.00366	0.00239	0.02117
2	0.00612	0.00436	0.00545	0.00509	0.00622	0.00404	0.00385	0.00824	0.04317	0.04271	0.65637	0.03009	0.15258	0.00827	0.00468	0.00128	0.00201	0.00722	0.00432	0.00393
3	0.01072	0.86147	0.02102	0.00686	0.01029	0.01587	0.00686	0.01201	0.00815	0.00944	0.00558	0.00643	0.00515	0.00343	0.00257	0.00086	0.00429	0.00214	0.00172	0.00515
4	0.00878	0.00836	0.01421	0.42514	0.44245	0.00923	0.01174	0.01131	0.00859	0.01172	0.00734	0.01030	0.00586	0.00379	0.00399	0.00126	0.00505	0.00357	0.00189	0.00543
5	0.00584	0.00445	0.00669	0.05560	0.00824	0.00519	0.00527	0.00729	0.00651	0.00930	0.01061	0.01589	0.00994	0.06229	0.76067	0.00604	0.01015	0.00432	0.00214	0.00359
6	0.88738	0.00776	0.00589	0.00527	0.00776	0.00900	0.00434	0.01179	0.00683	0.01799	0.00558	0.00651	0.00434	0.00372	0.00248	0.00124	0.00310	0.00217	0.00248	0.00434
7	0.00757	0.00713	0.01203	0.84942	0.02762	0.00891	0.01114	0.01025	0.00802	0.01025	0.00713	0.01069	0.00535	0.00401	0.00401	0.00134	0.00535	0.00356	0.00178	0.00446
8	0.00978	0.00875	0.01391	0.14171	0.51696	0.00878	0.01048	0.03779	0.02816	0.04108	0.00797	0.01003	0.00641	0.00368	0.00383	0.00113	0.00448	0.00343	0.00223	0.13941
9	0.00523	0.00405	0.00501	0.00565	0.02765	0.00371	0.00388	0.00649	0.02602	0.01145	0.13201	0.42840	0.28025	0.01081	0.00491	0.00148	0.00230	0.03341	0.00377	0.00353
10	0.05869	0.01049	0.07889	0.05013	0.27171	0.06607	0.00911	0.14642	0.08400	0.11150	0.02347	0.01122	0.02571	0.00439	0.00388	0.00121	0.00445	0.00366	0.00294	0.03208
11	0.04433	0.13717	0.05177	0.05579	0.16022	0.06257	0.04284	0.21720	0.08938	0.04783	0.03291	0.01023	0.00764	0.00429	0.00374	0.00117	0.00455	0.00348	0.00285	0.02006
12	0.12112	0.27926	0.08917	0.02751	0.06780	0.01122	0.03854	0.07365	0.13643	0.05548	0.04318	0.02368	0.00834	0.00436	0.00343	0.00115	0.00410	0.00339	0.00269	0.00550

[dist]
# distance from previous block
# <min> <max>
0	6

[block]
# block no. 3 follows, 67 sequences, length 15
# corresponding to MSA columns:
# 275-289
name=unknown_D
#
# <colnr> <probs for GDERKNQSTAVLIFYWHMCP>
#	G	D	E	R	K	N	Q	S	T	A	V	L	I	F	Y	W	H	M	C	P
0	0.02274	0.07804	0.06578	0.07051	0.32743	0.03530	0.05388	0.07326	0.03568	0.06517	0.03348	0.06072	0.00884	0.00476	0.00429	0.00125	0.03244	0.01820	0.00255	0.00567
1	0.01016	0.17878	0.11715	0.03926	0.41150	0.03813	0.03356	0.04618	0.00935	0.03281	0.00840	0.02339	0.02620	0.00399	0.00373	0.00115	0.00481	0.00347	0.00212	0.00584
2	0.01185	0.20137	0.17817	0.02932	0.01312	0.07574	0.09123	0.01448	0.03654	0.22499	0.05095	0.01084	0.00838	0.00426	0.00371	0.00114	0.00470	0.00347	0.00285	0.03289
3	0.00520	0.00368	0.00471	0.00534	0.00562	0.00352	0.00355	0.00584	0.00742	0.00988	0.03898	0.56746	0.04905	0.20532	0.03139	0.00227	0.00295	0.04131	0.00340	0.00311
4	0.00984	0.21507	0.22170	0.09290	0.16029	0.07337	0.10890	0.03807	0.00912	0.01193	0.00720	0.02101	0.00584	0.00383	0.00369	0.00116	0.00538	0.00326	0.00193	0.00551
5	0.00876	0.00850	0.01412	0.46733	0.35580	0.02797	0.03772	0.01130	0.00859	0.01149	0.00731	0.01031	0.00578	0.00381	0.00401	0.00127	0.00520	0.00358	0.00188	0.00526
6	0.00566	0.00418	0.00582	0.00617	0.02604	0.00431	0.02153	0.00648	0.00683	0.00934	0.01531	0.28715	0.03048	0.27322	0.27499	0.00381	0.00561	0.00709	0.00276	0.00323
7	0.00583	0.00436	0.00637	0.04315	0.00763	0.00501	0.00488	0.00709	0.00642	0.00911	0.01088	0.01716	0.01053	0.15743	0.67878	0.00582	0.00944	0.00450	0.00218	0.00344
8	0.00840	0.01354	0.35804	0.28321	0.08337	0.02965	0.05994	0.02332	0.05074	0.01226	0.01994	0.02515	0.00657	0.00416	0.00399	0.00129	0.00545	0.00360	0.00200	0.00538
9	0.00763	0.02718	0.05034	0.04635	0.12073	0.03373	0.03084	0.00951	0.03375	0.03891	0.05487	0.26653	0.03376	0.04972	0.04583	0.00172	0.03260	0.03779	0.00292	0.07529
10	0.03419	0.15274	0.50786	0.04772	0.06643	0.01019	0.01199	0.04409	0.00900	0.04845	0.02723	0.00906	0.00623	0.00394	0.00363	0.00120	0.00522	0.00305	0.00204	0.00574
11	0.04453	0.37659	0.16751	0.05974	0.09059	0.04894	0.00904	0.09682	0.00960	0.03591	0.00692	0.00800	0.00556	0.00377	0.00326	0.00106	0.00474	0.00275	0.00213	0.02254
12	0.03443	0.25218	0.35425	0.00942	0.04444	0.03791	0.00997	0.04111	0.00914	0.05389	0.05888	0.00950	0.00754	0.00402	0.00345	0.00110	0.00478	0.00303	0.00220	0.05875
13	0.11980	0.17204	0.37052	0.01052	0.07770	0.04671	0.02306	0.06635	0.02535	0.04254	0.00734	0.00833	0.00555	0.00386	0.00346	0.00117	0.00501	0.00288	0.00216	0.00565
14	0.10019	0.14964	0.28480	0.01198	0.15565	0.01045	0.04670	0.09427	0.02795	0.05175	0.00804	0.02723	0.00631	0.00406	0.00361	0.00119	0.00480	0.00327	0.00232	0.00577

[dist]
# distance from previous block
# <min> <max>
1	63

[block]
# block no. 4 follows, 67 sequences, length 24
# corresponding to MSA columns:
# 363-372,378-381,393-402
name=unknown_E
#
# <colnr> <probs for GDERKNQSTAVLIFYWHMCP>
#	G	D	E	R	K	N	Q	S	T	A	V	L	I	F	Y	W	H	M	C	P
0	0.05205	0.05677	0.18934	0.04329	0.04039	0.01982	0.00800	0.04362	0.02444	0.25489	0.10920	0.03592	0.02641	0.00511	0.00414	0.00122	0.02655	0.00411	0.00329	0.05142
1	0.03886	0.09341	0.13694	0.05580	0.16921	0.05062	0.04765	0.04703	0.03502	0.08187	0.08123	0.04362	0.03121	0.00477	0.00395	0.00119	0.01265	0.00404	0.00267	0.05826
2	0.08801	0.00958	0.09479	0.05180	0.20358	0.01796	0.04835	0.06555	0.09466	0.12373	0.05836	0.02398	0.00920	0.00443	0.00385	0.00119	0.00414	0.00381	0.00294	0.09009
3	0.12536	0.02029	0.03036	0.07836	0.14210	0.05459	0.00676	0.05533	0.04067	0.10100	0.14559	0.03730	0.01323	0.10780	0.00586	0.00155	0.00385	0.00444	0.00304	0.02252
4	0.00589	0.00456	0.00615	0.03419	0.00734	0.00471	0.00454	0.00723	0.00816	0.01141	0.21318	0.15040	0.08147	0.07323	0.26920	0.00311	0.04117	0.00634	0.00307	0.06465
5	0.01072	0.86147	0.02102	0.00686	0.01029	0.01587	0.00686	0.01201	0.00815	0.00944	0.00558	0.00643	0.00515	0.00343	0.00257	0.00086	0.00429	0.00214	0.00172	0.00515
6	0.00750	0.00621	0.00874	0.26011	0.01417	0.00617	0.00666	0.00937	0.00787	0.03180	0.00946	0.08932	0.00859	0.00967	0.17232	0.00211	0.00520	0.00400	0.00234	0.33839
7	0.01679	0.00656	0.00891	0.00701	0.00989	0.00569	0.00576	0.01831	0.01120	0.75840	0.01679	0.05096	0.02872	0.00559	0.00414	0.00128	0.00335	0.02932	0.00485	0.00650
8	0.00749	0.00701	0.01179	0.82213	0.02692	0.00873	0.01090	0.01010	0.00801	0.01025	0.00761	0.03804	0.00603	0.00429	0.00405	0.00135	0.00525	0.00382	0.00184	0.00442
9	0.72563	0.07859	0.07589	0.00602	0.00881	0.00965	0.00550	0.01184	0.00706	0.01669	0.00571	0.00671	0.00449	0.00377	0.00281	0.00122	0.02047	0.00226	0.00234	0.00454
10	0.37210	0.03798	0.36117	0.03523	0.02571	0.00937	0.06737	0.01234	0.00790	0.02816	0.00669	0.00794	0.00496	0.00375	0.00330	0.00125	0.00470	0.00278	0.00210	0.00519
11	0.53591	0.00661	0.00621	0.00605	0.04233	0.00720	0.00451	0.01045	0.00835	0.02978	0.23695	0.03307	0.03383	0.00532	0.00332	0.00125	0.00280	0.00403	0.00309	0.01895
12	0.00656	0.05161	0.03218	0.00562	0.00681	0.00492	0.00417	0.00747	0.00748	0.02914	0.04295	0.30448	0.03161	0.25926	0.02599	0.00214	0.01646	0.00685	0.00293	0.15136
13	0.02564	0.06519	0.07665	0.00776	0.01034	0.00854	0.01825	0.30612	0.01253	0.07271	0.02915	0.12708	0.09987	0.00686	0.00425	0.00131	0.00378	0.09022	0.00354	0.03020
14	0.04155	0.16024	0.26072	0.00915	0.01311	0.01141	0.00936	0.33774	0.02393	0.06292	0.00852	0.00906	0.00625	0.00483	0.02288	0.00129	0.00487	0.00317	0.00288	0.00610
15	0.01302	0.06617	0.01150	0.00852	0.01126	0.01122	0.00705	0.59088	0.04299	0.02101	0.00979	0.01072	0.00748	0.00938	0.15804	0.00215	0.00553	0.00367	0.00352	0.00610
16	0.01228	0.05705	0.17318	0.00908	0.01255	0.01048	0.02967	0.43808	0.03275	0.06252	0.11164	0.01212	0.01051	0.00495	0.00401	0.00121	0.00437	0.00393	0.00349	0.00613
17	0.05035	0.27329	0.12894	0.00864	0.01226	0.01291	0.00824	0.42589	0.01362	0.01836	0.00787	0.00835	0.00596	0.00420	0.00348	0.00111	0.00453	0.00301	0.00292	0.00608
18	0.01126	0.20024	0.35782	0.00963	0.01402	0.01188	0.01045	0.30844	0.01220	0.01660	0.00773	0.00845	0.00573	0.00410	0.00361	0.00116	0.00502	0.00302	0.00255	0.00608
19	0.03190	0.12677	0.37678	0.00966	0.01400	0.01107	0.01048	0.30347	0.01216	0.03181	0.00837	0.03089	0.00635	0.00437	0.00373	0.00120	0.00496	0.00331	0.00266	0.00606
20	0.04119	0.38212	0.21733	0.00856	0.01246	0.01294	0.00888	0.21096	0.04558	0.01472	0.00742	0.00808	0.00581	0.00396	0.00329	0.00108	0.00463	0.00281	0.00240	0.00577
21	0.01205	0.24622	0.25140	0.00913	0.01318	0.01223	0.00941	0.33676	0.01266	0.04881	0.00806	0.00858	0.00598	0.00415	0.00356	0.00113	0.00477	0.00304	0.00276	0.00611
22	0.04451	0.23573	0.19955	0.02866	0.04038	0.01107	0.00859	0.19761	0.03806	0.02739	0.00824	0.00996	0.00668	0.05200	0.05870	0.00161	0.00500	0.00320	0.00249	0.02055
23	0.01117	0.24674	0.18702	0.00904	0.02446	0.02816	0.02765	0.22983	0.09743	0.03282	0.00988	0.02401	0.03359	0.00450	0.00362	0.00114	0.00453	0.00345	0.00277	0.01820

[dist]
# distance from previous block
# <min> <max>
17	124

[block]
# block no. 5 follows, 67 sequences, length 36
# corresponding to MSA columns:
# 538-573
name=unknown_F
#
# <colnr> <probs for GDERKNQSTAVLIFYWHMCP>
#	G	D	E	R	K	N	Q	S	T	A	V	L	I	F	Y	W	H	M	C	P
0	0.02203	0.21234	0.20727	0.01296	0.21517	0.05052	0.03815	0.01338	0.03089	0.09904	0.00795	0.00908	0.00617	0.00392	0.00391	0.00115	0.03520	0.00312	0.00224	0.02553
1	0.04925	0.00649	0.05915	0.00621	0.02815	0.00514	0.00502	0.00965	0.03562	0.06873	0.27021	0.04053	0.17816	0.00652	0.00407	0.00113	0.00271	0.00551	0.00348	0.21426
2	0.02278	0.07734	0.40334	0.00942	0.02347	0.00845	0.04779	0.02196	0.00867	0.04529	0.00744	0.00858	0.00563	0.00354	0.00348	0.00102	0.00470	0.00284	0.00211	0.29216
3	0.05845	0.08313	0.19639	0.04372	0.01233	0.00907	0.02806	0.13148	0.13445	0.06448	0.02220	0.08494	0.03245	0.00583	0.00404	0.00132	0.00419	0.07495	0.00308	0.00544
4	0.65111	0.00713	0.00615	0.00542	0.00775	0.00790	0.00440	0.01182	0.02396	0.07870	0.10619	0.01108	0.03542	0.00457	0.00298	0.00123	0.00295	0.00317	0.00297	0.02510
5	0.00973	0.32411	0.36548	0.00948	0.03541	0.04216	0.01027	0.06573	0.02919	0.01237	0.02185	0.00900	0.02461	0.00399	0.00340	0.00110	0.00497	0.00294	0.00204	0.02218
6	0.00819	0.02552	0.10779	0.10076	0.04000	0.00640	0.00680	0.05038	0.00983	0.05889	0.21749	0.01702	0.08260	0.00570	0.01551	0.00116	0.00353	0.00452	0.00304	0.23485
7	0.01189	0.00957	0.01015	0.00855	0.01116	0.01087	0.00681	0.31209	0.53289	0.01987	0.01389	0.01302	0.01027	0.00521	0.00406	0.00130	0.00362	0.00420	0.00406	0.00652
8	0.01157	0.02930	0.02423	0.16168	0.25570	0.18880	0.00946	0.14810	0.03907	0.03504	0.00819	0.00979	0.00639	0.00417	0.00396	0.00118	0.01658	0.00338	0.03781	0.00558
9	0.01963	0.00761	0.01133	0.63450	0.02321	0.01907	0.00990	0.05348	0.11943	0.02841	0.02899	0.01165	0.00723	0.00436	0.00401	0.00132	0.00488	0.00377	0.00235	0.00486
10	0.00501	0.00379	0.00440	0.00478	0.00543	0.00343	0.00325	0.00575	0.00804	0.01022	0.05068	0.38091	0.33387	0.15264	0.00751	0.00189	0.00246	0.00923	0.00353	0.00318
11	0.04579	0.00685	0.00920	0.00708	0.01016	0.00599	0.00584	0.01930	0.01133	0.81064	0.01549	0.01342	0.00975	0.00492	0.00398	0.00124	0.00340	0.00397	0.00488	0.00675
12	0.00710	0.00440	0.00555	0.00513	0.00639	0.00395	0.00389	0.00872	0.01068	0.12001	0.51742	0.07582	0.17364	0.00828	0.00461	0.00129	0.00214	0.00719	0.02974	0.00407
13	0.00568	0.00410	0.00536	0.00505	0.00599	0.00378	0.00378	0.00757	0.01135	0.01608	0.83192	0.02996	0.03784	0.00820	0.00473	0.00126	0.00189	0.00725	0.00441	0.00378
14	0.01498	0.01911	0.01137	0.01033	0.01240	0.84295	0.00775	0.01601	0.01137	0.00982	0.00620	0.00723	0.00517	0.00413	0.00362	0.00103	0.00723	0.00258	0.00207	0.00465
15	0.00522	0.00376	0.00502	0.00592	0.00634	0.00356	0.00429	0.00618	0.00807	0.01064	0.02262	0.65006	0.05643	0.01215	0.00520	0.00167	0.00261	0.18321	0.00372	0.00336
16	0.01072	0.86147	0.02102	0.00686	0.01029	0.01587	0.00686	0.01201	0.00815	0.00944	0.00558	0.00643	0.00515	0.00343	0.00257	0.00086	0.00429	0.00214	0.00172	0.00515
17	0.00697	0.00348	0.00522	0.00522	0.00522	0.00348	0.00348	0.00522	0.00522	0.00697	0.00697	0.01219	0.00697	0.01393	0.01567	0.88332	0.00348	0.00348	0.00174	0.00174
18	0.01063	0.83231	0.04936	0.00702	0.01054	0.01564	0.00714	0.01203	0.00816	0.00955	0.00563	0.00650	0.00514	0.00344	0.00262	0.00087	0.00435	0.00217	0.00171	0.00517
19	0.01126	0.01288	0.01197	0.01089	0.04072	0.34520	0.00843	0.01226	0.00835	0.00984	0.00581	0.00831	0.00534	0.00610	0.02193	0.00152	0.46961	0.00315	0.00189	0.00455
20	0.00529	0.00405	0.00486	0.00483	0.00586	0.00362	0.00361	0.00674	0.01010	0.01343	0.43098	0.11226	0.32878	0.00945	0.00480	0.00135	0.00206	0.04027	0.00407	0.00358
21	0.00899	0.02292	0.01431	0.41930	0.35434	0.04187	0.04432	0.01163	0.02210	0.01159	0.00743	0.01025	0.00589	0.00383	0.00399	0.00126	0.00519	0.00357	0.00192	0.00532
22	0.01683	0.00819	0.01006	0.00774	0.01082	0.00798	0.00638	0.28152	0.01382	0.55090	0.01373	0.01237	0.00892	0.00491	0.00400	0.00122	0.00370	0.00389	0.02627	0.00675
23	0.03140	0.02551	0.06147	0.02827	0.04903	0.00735	0.04328	0.08896	0.14720	0.14785	0.26097	0.01870	0.06085	0.00598	0.00423	0.00127	0.00337	0.00513	0.00381	0.00535
24	0.01049	0.69364	0.01927	0.00758	0.01039	0.03560	0.00721	0.01170	0.00788	0.00948	0.00554	0.00686	0.00517	0.00407	0.00443	0.00102	0.15056	0.00239	0.00173	0.00500
25	0.00487	0.00356	0.00458	0.00541	0.00577	0.00327	0.00364	0.00560	0.00785	0.01031	0.02427	0.76080	0.12077	0.01228	0.00507	0.00160	0.00229	0.01106	0.00372	0.00327
26	0.00602	0.00425	0.00569	0.00616	0.00672	0.00437	0.00477	0.00715	0.00757	0.01009	0.01676	0.09150	0.01835	0.27537	0.16133	0.00329	0.00493	0.35939	0.00303	0.00325
27	0.01218	0.00706	0.01038	0.07117	0.22735	0.00673	0.00746	0.02794	0.02223	0.35555	0.11071	0.01685	0.09567	0.00544	0.00417	0.00125	0.00360	0.00471	0.00373	0.00582
28	0.00718	0.00526	0.00620	0.00588	0.00724	0.00527	0.00446	0.01102	0.20564	0.06220	0.33622	0.13639	0.15553	0.00831	0.00461	0.00136	0.00241	0.02622	0.00415	0.00444
29	0.00659	0.00401	0.00466	0.00463	0.00492	0.00392	0.00282	0.00691	0.00659	0.05885	0.01398	0.12246	0.01537	0.64089	0.01624	0.00323	0.00352	0.00622	0.07128	0.00290
30	0.04536	0.03309	0.01117	0.00881	0.02225	0.08411	0.02277	0.47575	0.05131	0.11104	0.02714	0.04509	0.01885	0.00512	0.00395	0.00121	0.00429	0.00399	0.01858	0.00614
31	0.08007	0.01086	0.01151	0.00888	0.01203	0.01201	0.00733	0.73933	0.01777	0.04629	0.00949	0.00950	0.00672	0.00474	0.00390	0.00121	0.00429	0.00352	0.00392	0.00664
32	0.00609	0.00399	0.00464	0.00466	0.00493	0.00387	0.00282	0.00637	0.00656	0.03090	0.03297	0.14655	0.03322	0.63833	0.01629	0.00324	0.00350	0.00656	0.02110	0.02342
33	0.00641	0.00447	0.00598	0.00647	0.05782	0.00416	0.00437	0.00805	0.02075	0.05806	0.42839	0.25409	0.08899	0.00896	0.00470	0.00136	0.00230	0.00796	0.02274	0.00397
34	0.03182	0.00805	0.00914	0.02610	0.01050	0.00729	0.00560	0.19540	0.04373	0.04538	0.00924	0.00990	0.02865	0.00380	0.00335	0.00084	0.00336	0.00299	0.00293	0.55194
35	0.02571	0.03976	0.06673	0.02799	0.20817	0.00835	0.01836	0.12639	0.04203	0.09446	0.02579	0.01058	0.02087	0.00400	0.00364	0.00103	0.00396	0.00336	0.00281	0.26602

[dist]
# distance from previous block
# <min> <max>
0	44

[block]
# block no. 6 follows, 67 sequences, length 35
# corresponding to MSA columns:
# 618-628,634-640,646-662
name=unknown_G
#
# <colnr> <probs for GDERKNQSTAVLIFYWHMCP>
#	G	D	E	R	K	N	Q	S	T	A	V	L	I	F	Y	W	H	M	C	P
0	0.88738	0.00776	0.00589	0.00527	0.00776	0.00900	0.00434	0.01179	0.00683	0.01799	0.00558	0.00651	0.00434	0.00372	0.00248	0.00124	0.00310	0.00217	0.00248	0.00434
1	0.00947	0.00904	0.05058	0.33066	0.29397	0.01876	0.02443	0.07641	0.04163	0.03927	0.00899	0.02644	0.02260	0.00435	0.00426	0.00129	0.02624	0.00384	0.00230	0.00547
2	0.00493	0.00393	0.00442	0.00459	0.00561	0.00342	0.00333	0.00601	0.00915	0.01155	0.16544	0.23326	0.50942	0.01041	0.00483	0.00140	0.00208	0.00897	0.00384	0.00342
3	0.00729	0.03161	0.19113	0.02940	0.12449	0.02389	0.04340	0.01953	0.00838	0.01163	0.01452	0.35122	0.04183	0.00767	0.00475	0.00140	0.03924	0.00675	0.03728	0.00459
4	0.03310	0.01138	0.03058	0.11169	0.25768	0.13485	0.00959	0.27464	0.01222	0.01610	0.00776	0.00933	0.00606	0.00435	0.00453	0.00123	0.06307	0.00339	0.00262	0.00584
5	0.00542	0.00404	0.00504	0.00490	0.00586	0.00366	0.00363	0.00703	0.01058	0.01451	0.60125	0.10578	0.19555	0.00898	0.00477	0.00131	0.00196	0.00787	0.00421	0.00366
6	0.01245	0.00892	0.03095	0.13064	0.11944	0.00926	0.00806	0.27424	0.10485	0.16752	0.04209	0.01216	0.00903	0.00473	0.00398	0.00124	0.00409	0.00391	0.04636	0.00608
7	0.00503	0.00407	0.00447	0.00437	0.00560	0.00351	0.00328	0.00633	0.00984	0.01248	0.28952	0.03588	0.58249	0.00954	0.00474	0.00133	0.00199	0.00808	0.00394	0.00351
8	0.00573	0.00428	0.00635	0.00635	0.00704	0.00496	0.00490	0.00710	0.00642	0.00924	0.01083	0.01622	0.01023	0.06653	0.80699	0.00633	0.01044	0.00436	0.00216	0.00353
9	0.00842	0.00724	0.00857	0.00655	0.03332	0.00561	0.00502	0.01052	0.03428	0.01319	0.00743	0.00857	0.00615	0.00307	0.00303	0.00064	0.00303	0.00248	0.00242	0.83047
10	0.01525	0.01123	0.01204	0.00923	0.01244	0.01244	0.00762	0.82067	0.01886	0.02528	0.00963	0.00963	0.00682	0.00481	0.00401	0.00120	0.00441	0.00361	0.00401	0.00682
11	0.00842	0.04704	0.69976	0.01190	0.01747	0.00968	0.11088	0.02639	0.00875	0.01282	0.00729	0.00870	0.00523	0.00376	0.00388	0.00127	0.00595	0.00316	0.00177	0.00585
12	0.00582	0.00392	0.00455	0.00455	0.00461	0.00398	0.00264	0.00594	0.00588	0.00790	0.01248	0.02537	0.01420	0.79026	0.08869	0.00410	0.00446	0.00570	0.00241	0.00253
13	0.88738	0.00776	0.00589	0.00527	0.00776	0.00900	0.00434	0.01179	0.00683	0.01799	0.00558	0.00651	0.00434	0.00372	0.00248	0.00124	0.00310	0.00217	0.00248	0.00434
14	0.00949	0.00906	0.01542	0.15184	0.69214	0.00933	0.01201	0.01191	0.00896	0.01264	0.00776	0.01078	0.00654	0.00380	0.00401	0.00123	0.00483	0.02027	0.00199	0.00600
15	0.02640	0.01869	0.68036	0.01262	0.07820	0.00947	0.07118	0.03416	0.00883	0.01318	0.00732	0.00873	0.00528	0.00379	0.00387	0.00127	0.00580	0.00314	0.00182	0.00591
16	0.00787	0.00755	0.01295	0.71957	0.07538	0.00915	0.05668	0.01049	0.00809	0.01054	0.00714	0.01058	0.00545	0.00407	0.00441	0.00135	0.03869	0.00363	0.00181	0.00462
17	0.00622	0.00447	0.00617	0.00705	0.00792	0.00442	0.00602	0.00791	0.00906	0.01176	0.02215	0.13180	0.05792	0.01120	0.00546	0.00180	0.00348	0.68785	0.00370	0.00363
18	0.01202	0.03041	0.24326	0.01183	0.01604	0.02317	0.29643	0.01506	0.00986	0.28588	0.01033	0.01095	0.00705	0.00404	0.00418	0.00128	0.00538	0.00392	0.00290	0.00600
19	0.00848	0.04213	0.06367	0.49982	0.16647	0.00912	0.07187	0.01114	0.00847	0.03309	0.00806	0.02749	0.00649	0.00420	0.00405	0.00130	0.00520	0.02196	0.00199	0.00500
20	0.00804	0.02074	0.83828	0.01143	0.01736	0.00931	0.01482	0.01270	0.00847	0.01270	0.00720	0.00847	0.00508	0.00381	0.00381	0.00127	0.00593	0.00296	0.00169	0.00593
21	0.00885	0.09826	0.62418	0.01069	0.01576	0.00960	0.04394	0.01270	0.00857	0.06233	0.00814	0.04205	0.00627	0.00426	0.00404	0.00126	0.02801	0.00337	0.00199	0.00574
22	0.00667	0.00551	0.01960	0.04977	0.09999	0.00524	0.03142	0.00864	0.04343	0.03538	0.16701	0.23629	0.15971	0.01954	0.00501	0.00147	0.01139	0.08628	0.00349	0.00416
23	0.00890	0.03821	0.67657	0.01133	0.01660	0.03949	0.05069	0.03281	0.00886	0.03579	0.00739	0.00867	0.00532	0.00398	0.00420	0.00127	0.03914	0.00308	0.00187	0.00583
24	0.88738	0.00776	0.00589	0.00527	0.00776	0.00900	0.00434	0.01179	0.00683	0.01799	0.00558	0.00651	0.00434	0.00372	0.00248	0.00124	0.00310	0.00217	0.00248	0.00434
25	0.00832	0.00713	0.00832	0.00594	0.00950	0.00535	0.00475	0.01010	0.00832	0.01307	0.00713	0.00832	0.00594	0.00297	0.00297	0.00059	0.00297	0.00238	0.00238	0.88357
26	0.06099	0.03787	0.00869	0.00599	0.00948	0.00607	0.00485	0.02450	0.00841	0.01345	0.00702	0.00816	0.00583	0.00306	0.00295	0.00065	0.00305	0.00238	0.00239	0.78421
27	0.06241	0.00800	0.01251	0.24938	0.30459	0.00830	0.03374	0.01253	0.02847	0.12282	0.03913	0.01119	0.00769	0.00405	0.00387	0.00120	0.00441	0.00364	0.00253	0.07953
28	0.06125	0.16150	0.59275	0.01048	0.01562	0.01038	0.05278	0.01268	0.00843	0.02927	0.00705	0.00823	0.00520	0.00374	0.00357	0.00120	0.00547	0.00289	0.00183	0.00569
29	0.00489	0.00388	0.00440	0.00467	0.00561	0.00339	0.00335	0.00590	0.00891	0.01123	0.12311	0.30622	0.47881	0.01073	0.00486	0.00143	0.00211	0.00929	0.00380	0.00339
30	0.00580	0.00387	0.00438	0.00442	0.00443	0.00386	0.00248	0.00582	0.00590	0.00787	0.01299	0.05698	0.01502	0.82772	0.01985	0.00380	0.00383	0.00604	0.00248	0.00246
31	0.05348	0.00927	0.04338	0.07988	0.35456	0.02430	0.09276	0.04034	0.04035	0.15236	0.01045	0.02374	0.03338	0.00436	0.00418	0.00126	0.01939	0.00397	0.00271	0.00589
32	0.05311	0.04362	0.05123	0.03851	0.29591	0.04481	0.05354	0.17689	0.02041	0.07768	0.03170	0.02116	0.00760	0.00420	0.00385	0.00117	0.00453	0.00362	0.00276	0.06369
33	0.02446	0.02651	0.03139	0.03987	0.36610	0.07184	0.05842	0.09255	0.04527	0.16835	0.00951	0.01050	0.00709	0.00407	0.00394	0.00119	0.00468	0.00361	0.00284	0.02783
34	0.08059	0.09336	0.05845	0.06267	0.35230	0.04881	0.03774	0.05284	0.05899	0.08126	0.00846	0.00984	0.00660	0.00426	0.01497	0.00125	0.00470	0.00338	0.00245	0.01707

[dist]
# distance from previous block
# <min> <max>
13	91

[block]
# block no. 7 follows, 67 sequences, length 14
# corresponding to MSA columns:
# 765-768,770-777,781,782
name=unknown_H
#
# <colnr> <probs for GDERKNQSTAVLIFYWHMCP>
#	G	D	E	R	K	N	Q	S	T	A	V	L	I	F	Y	W	H	M	C	P
0	0.05023	0.11492	0.30414	0.03971	0.13801	0.04704	0.09953	0.01378	0.08501	0.05808	0.00836	0.00952	0.00630	0.00391	0.00376	0.00122	0.00516	0.00332	0.00223	0.00575
1	0.00970	0.42470	0.38354	0.00958	0.03849	0.04952	0.01060	0.01250	0.00846	0.01101	0.00638	0.00748	0.00515	0.00364	0.00321	0.00106	0.00516	0.00257	0.00173	0.00551
2	0.00566	0.00404	0.00500	0.00496	0.00543	0.00411	0.00334	0.00638	0.00707	0.00957	0.11716	0.02546	0.11428	0.43597	0.23075	0.00392	0.00520	0.00592	0.00276	0.00301
3	0.01183	0.64283	0.01851	0.00776	0.01084	0.23055	0.00709	0.01305	0.00898	0.00953	0.00574	0.00664	0.00515	0.00361	0.00284	0.00090	0.00505	0.00226	0.00181	0.00502
4	0.05524	0.03890	0.10985	0.00912	0.01225	0.04078	0.03105	0.37259	0.11686	0.06075	0.01035	0.01176	0.00792	0.00497	0.00430	0.00126	0.03810	0.04321	0.00337	0.02738
5	0.03450	0.26815	0.06674	0.02667	0.24901	0.04765	0.00873	0.03974	0.08039	0.08422	0.03268	0.00989	0.00754	0.00403	0.00350	0.00110	0.00438	0.00323	0.00249	0.02538
6	0.01569	0.00785	0.01122	0.06161	0.08184	0.00753	0.05040	0.11371	0.01173	0.55722	0.01321	0.01242	0.00867	0.00473	0.00426	0.00126	0.02205	0.00394	0.00418	0.00651
7	0.00494	0.00351	0.00464	0.00552	0.00574	0.00329	0.00365	0.00560	0.00758	0.01010	0.02159	0.81164	0.02588	0.05824	0.00594	0.00175	0.00241	0.01110	0.00365	0.00321
8	0.00757	0.00713	0.01203	0.84942	0.02762	0.00891	0.01114	0.01025	0.00802	0.01025	0.00713	0.01069	0.00535	0.00401	0.00401	0.00134	0.00535	0.00356	0.00178	0.00446
9	0.01041	0.00946	0.01632	0.12992	0.31594	0.00967	0.23044	0.07984	0.08101	0.06315	0.00907	0.01091	0.00691	0.00393	0.00420	0.00127	0.00514	0.00400	0.00250	0.00591
10	0.00573	0.00430	0.00645	0.00645	0.00716	0.00501	0.00501	0.00716	0.00645	0.00931	0.01074	0.01576	0.01003	0.03008	0.84316	0.00645	0.01074	0.00430	0.00215	0.00358
11	0.00947	0.01082	0.02366	0.01690	0.02096	0.01014	0.81947	0.01285	0.00947	0.01285	0.00811	0.01082	0.00609	0.00338	0.00473	0.00135	0.00676	0.00473	0.00203	0.00541
12	0.00498	0.00356	0.00477	0.00570	0.00597	0.00334	0.00389	0.00575	0.00777	0.01035	0.02205	0.80621	0.02631	0.01247	0.00514	0.00164	0.00241	0.06067	0.00372	0.00328
13	0.00896	0.23132	0.49309	0.01121	0.01619	0.01111	0.14996	0.01255	0.00856	0.01190	0.00694	0.00835	0.00527	0.00364	0.00366	0.00118	0.00566	0.00306	0.00176	0.00564

[dist]
# distance from previous block
# <min> <max>
0	2

[block]
# block no. 8 follows, 67 sequences, length 46
# corresponding to MSA columns:
# 786-831
name=unknown_I
#
# <colnr> <probs for GDERKNQSTAVLIFYWHMCP>
#	G	D	E	R	K	N	Q	S	T	A	V	L	I	F	Y	W	H	M	C	P
0	0.00777	0.00726	0.01214	0.81280	0.04859	0.00899	0.01111	0.02466	0.00824	0.01059	0.00718	0.01065	0.00540	0.00401	0.00401	0.00133	0.00531	0.00357	0.00183	0.00455
1	0.00573	0.00430	0.00645	0.00645	0.00716	0.00501	0.00501	0.00716	0.00645	0.00931	0.01074	0.01576	0.01003	0.03008	0.84316	0.00645	0.01074	0.00430	0.00215	0.00358
2	0.00579	0.00422	0.00605	0.00605	0.00665	0.00480	0.00454	0.00699	0.00639	0.00919	0.01110	0.01745	0.01077	0.16452	0.69024	0.00590	0.00943	0.00453	0.02199	0.00340
3	0.00573	0.00430	0.00645	0.00645	0.00716	0.00501	0.00501	0.00716	0.00645	0.00931	0.01074	0.01576	0.01003	0.03008	0.84316	0.00645	0.01074	0.00430	0.00215	0.00358
4	0.01774	0.00675	0.00918	0.00705	0.01011	0.00584	0.00582	0.01930	0.01141	0.81735	0.01576	0.01368	0.00994	0.00496	0.00400	0.00123	0.00338	0.00403	0.02572	0.00675
5	0.00526	0.00408	0.00478	0.00460	0.00573	0.00361	0.00345	0.00675	0.01036	0.01372	0.47627	0.03384	0.39496	0.00908	0.00473	0.00130	0.00195	0.00780	0.00410	0.00361
6	0.00732	0.00451	0.00583	0.00561	0.00686	0.00411	0.00440	0.00893	0.01038	0.12951	0.39478	0.09729	0.15696	0.00887	0.00480	0.00140	0.00246	0.13768	0.00421	0.00409
7	0.00815	0.00995	0.18905	0.02647	0.04466	0.00811	0.01822	0.01429	0.33074	0.01396	0.09850	0.01585	0.04387	0.01925	0.12907	0.00211	0.01480	0.00454	0.00309	0.00534
8	0.00707	0.00378	0.00391	0.00391	0.00463	0.00377	0.00274	0.00851	0.00788	0.01333	0.02829	0.01782	0.01178	0.20020	0.00687	0.00162	0.00233	0.00428	0.66386	0.00344
9	0.01336	0.33788	0.01532	0.00844	0.01156	0.11926	0.00732	0.39024	0.03238	0.01705	0.00779	0.00822	0.00609	0.00421	0.00341	0.00105	0.00470	0.00294	0.00289	0.00589
10	0.01314	0.25747	0.01409	0.00856	0.01151	0.14044	0.00726	0.35960	0.10291	0.01713	0.00890	0.00965	0.00701	0.00451	0.00357	0.00111	0.00466	0.01955	0.00305	0.00589
11	0.00836	0.00742	0.05895	0.00968	0.16682	0.02830	0.00656	0.01081	0.04832	0.07891	0.30539	0.01982	0.09340	0.00596	0.00416	0.00116	0.00318	0.00517	0.00338	0.13426
12	0.02544	0.05677	0.21002	0.05404	0.02790	0.07739	0.08477	0.09072	0.08251	0.20929	0.01071	0.01101	0.02106	0.00444	0.00404	0.00124	0.01606	0.00364	0.00302	0.00591
13	0.01150	0.00775	0.00876	0.00754	0.00989	0.00834	0.00595	0.06288	0.48719	0.20502	0.10126	0.01661	0.03779	0.00572	0.00415	0.00131	0.00313	0.00476	0.00430	0.00613
14	0.03280	0.00696	0.00932	0.00716	0.01025	0.00612	0.00591	0.04056	0.01159	0.80139	0.01548	0.01342	0.00975	0.00494	0.00401	0.00124	0.00343	0.00399	0.00490	0.00678
15	0.01017	0.01191	0.17981	0.09475	0.23442	0.02460	0.13950	0.12001	0.02050	0.04057	0.00805	0.00996	0.00617	0.00452	0.01761	0.00137	0.06433	0.00366	0.00229	0.00581
16	0.01174	0.00962	0.02360	0.02269	0.10379	0.08791	0.02160	0.10636	0.07298	0.16037	0.04537	0.01136	0.00849	0.00609	0.02760	0.00151	0.26666	0.00381	0.00295	0.00549
17	0.00522	0.00408	0.00448	0.00445	0.00567	0.00350	0.00331	0.00638	0.00948	0.02994	0.18726	0.10983	0.59252	0.00989	0.00476	0.00136	0.00206	0.00840	0.00388	0.00352
18	0.00591	0.00453	0.00671	0.00665	0.00732	0.00536	0.00520	0.00730	0.00649	0.00937	0.01075	0.01630	0.01018	0.04256	0.76517	0.00604	0.05426	0.02413	0.00217	0.00361
19	0.01044	0.23414	0.22389	0.07626	0.06687	0.12450	0.08356	0.04907	0.04255	0.02338	0.00730	0.00865	0.00574	0.00392	0.00380	0.00115	0.02421	0.00307	0.00205	0.00545
20	0.01332	0.01480	0.22944	0.00997	0.01352	0.25661	0.05325	0.07615	0.06080	0.21834	0.00984	0.01000	0.00693	0.00434	0.00389	0.00120	0.00545	0.00336	0.00296	0.00583
21	0.00701	0.00479	0.00531	0.00528	0.00641	0.00492	0.00397	0.01051	0.17280	0.01418	0.12513	0.15858	0.09560	0.00737	0.00399	0.00125	0.00230	0.03993	0.32650	0.00415
22	0.01057	0.69332	0.08898	0.00759	0.01105	0.07006	0.02006	0.01214	0.00840	0.00982	0.00633	0.03413	0.00585	0.00380	0.00286	0.00094	0.00460	0.00258	0.00181	0.00512
23	0.84953	0.00804	0.00610	0.00544	0.00792	0.03091	0.00446	0.01203	0.00702	0.03179	0.00578	0.00666	0.00446	0.00375	0.00254	0.00124	0.00322	0.00221	0.00251	0.00439
24	0.01064	0.00862	0.00967	0.10165	0.01247	0.02254	0.00698	0.06306	0.60535	0.07695	0.01456	0.01388	0.01078	0.00522	0.00421	0.00134	0.01783	0.00429	0.00382	0.00614
25	0.00804	0.02074	0.83828	0.01143	0.01736	0.00931	0.01482	0.01270	0.00847	0.01270	0.00720	0.00847	0.00508	0.00381	0.00381	0.00127	0.00593	0.00296	0.00169	0.00593
26	0.00565	0.00413	0.00588	0.00603	0.00657	0.00460	0.00447	0.00677	0.00657	0.00924	0.01274	0.12983	0.01317	0.15648	0.58795	0.00532	0.00842	0.02039	0.00243	0.00336
27	0.02714	0.01492	0.49595	0.01084	0.01512	0.00809	0.13717	0.01134	0.00851	0.02686	0.01070	0.17146	0.00991	0.00564	0.00423	0.00137	0.00520	0.02804	0.00226	0.00525
28	0.01295	0.00970	0.01197	0.21041	0.01595	0.01093	0.02838	0.47845	0.06142	0.07735	0.00967	0.01047	0.00693	0.00470	0.00433	0.00127	0.03187	0.00371	0.00343	0.00611
29	0.01291	0.01007	0.01072	0.00875	0.01155	0.01134	0.00706	0.46574	0.37759	0.02150	0.01260	0.01200	0.00923	0.00509	0.00404	0.00127	0.00386	0.00402	0.00404	0.00661
30	0.01744	0.00771	0.00986	0.00756	0.01068	0.00721	0.00624	0.18059	0.01296	0.67368	0.01458	0.01284	0.00930	0.00493	0.00403	0.00123	0.00361	0.00395	0.00477	0.00682
31	0.01498	0.01911	0.01137	0.01033	0.01240	0.84295	0.00775	0.01601	0.01137	0.00982	0.00620	0.00723	0.00517	0.00413	0.00362	0.00103	0.00723	0.00258	0.00207	0.00465
32	0.00560	0.00401	0.00468	0.00474	0.00528	0.00381	0.00321	0.00633	0.00782	0.01026	0.15318	0.05985	0.19253	0.43137	0.01261	0.00265	0.00310	0.08278	0.00319	0.00300
33	0.00560	0.00384	0.00443	0.00458	0.00473	0.00377	0.00273	0.00581	0.00638	0.00841	0.01613	0.15877	0.07547	0.64879	0.03129	0.00339	0.00363	0.00688	0.00272	0.00265
34	0.01072	0.86147	0.02102	0.00686	0.01029	0.01587	0.00686	0.01201	0.00815	0.00944	0.00558	0.00643	0.00515	0.00343	0.00257	0.00086	0.00429	0.00214	0.00172	0.00515
35	0.00488	0.00352	0.00462	0.00551	0.00580	0.00326	0.00369	0.00559	0.00775	0.01027	0.02300	0.81681	0.06557	0.01245	0.00510	0.00162	0.00231	0.01126	0.00372	0.00326
36	0.00904	0.00806	0.01266	0.65481	0.02456	0.00960	0.05453	0.15438	0.01002	0.01306	0.00763	0.01051	0.00565	0.00412	0.00405	0.00131	0.00526	0.00364	0.00219	0.00493
37	0.00579	0.00406	0.00525	0.00525	0.00556	0.00437	0.00353	0.00640	0.00609	0.00843	0.01183	0.02179	0.01265	0.50722	0.36960	0.00497	0.00680	0.00518	0.00231	0.00292
38	0.00542	0.00409	0.00500	0.00477	0.00583	0.00367	0.00358	0.00706	0.01074	0.01462	0.61125	0.03237	0.25943	0.00874	0.00473	0.00129	0.00193	0.00759	0.00422	0.00367
39	0.00832	0.00713	0.00832	0.00594	0.00950	0.00535	0.00475	0.01010	0.00832	0.01307	0.00713	0.00832	0.00594	0.00297	0.00297	0.00059	0.00297	0.00238	0.00238	0.88357
40	0.01041	0.65454	0.18135	0.00792	0.01179	0.04349	0.00847	0.02372	0.00848	0.01032	0.00597	0.00691	0.00516	0.00355	0.00287	0.00095	0.00472	0.00234	0.00176	0.00531
41	0.28895	0.40834	0.13583	0.00719	0.01067	0.01249	0.00729	0.06760	0.00851	0.01372	0.00610	0.00698	0.00500	0.00367	0.00283	0.00106	0.00416	0.00237	0.00211	0.00512
42	0.00716	0.00551	0.00685	0.00699	0.00826	0.00577	0.00575	0.01145	0.21893	0.01427	0.22706	0.03359	0.02408	0.00890	0.00496	0.00157	0.00310	0.39745	0.00398	0.00440
43	0.02386	0.16744	0.18369	0.00867	0.01206	0.02969	0.00832	0.10833	0.33559	0.06514	0.01129	0.01107	0.00843	0.00458	0.00370	0.00122	0.00419	0.00356	0.00313	0.00606
44	0.00584	0.00390	0.00442	0.00443	0.00445	0.00390	0.00251	0.00588	0.00590	0.00786	0.01281	0.02663	0.01475	0.84198	0.02011	0.00385	0.00388	0.02197	0.00246	0.00246
45	0.01076	0.56118	0.16869	0.00795	0.01174	0.01366	0.00830	0.06706	0.06360	0.04337	0.00725	0.00786	0.00590	0.00379	0.00305	0.00100	0.00449	0.00262	0.00215	0.00555

[dist]
# distance from previous block
# <min> <max>
1	8

[block]
# block no. 9 follows, 67 sequences, length 10
# corresponding to MSA columns:
# 840-849
name=unknown_J
#
# <colnr> <probs for GDERKNQSTAVLIFYWHMCP>
#	G	D	E	R	K	N	Q	S	T	A	V	L	I	F	Y	W	H	M	C	P
0	0.00926	0.07179	0.41604	0.02752	0.10255	0.00898	0.04247	0.03044	0.03938	0.06631	0.04795	0.01024	0.00756	0.00403	0.00377	0.00117	0.00490	0.00334	0.00230	0.10001
1	0.00898	0.00726	0.03211	0.00624	0.00929	0.00582	0.00512	0.08229	0.00966	0.06836	0.07548	0.01330	0.06891	0.02624	0.02273	0.00103	0.00326	0.00357	0.00293	0.54744
2	0.00838	0.00805	0.01261	0.53486	0.17974	0.03171	0.01072	0.01103	0.03525	0.01092	0.00740	0.01053	0.00588	0.00495	0.02659	0.00147	0.08955	0.00359	0.00191	0.00486
3	0.01041	0.76318	0.11656	0.00740	0.01112	0.01510	0.00779	0.01209	0.00819	0.00982	0.00577	0.00667	0.00514	0.00348	0.00272	0.00091	0.00448	0.00224	0.00171	0.00524
4	0.00862	0.01600	0.53718	0.02687	0.08715	0.00876	0.05261	0.03486	0.04088	0.04094	0.08457	0.01150	0.00893	0.01867	0.00426	0.00131	0.00522	0.00368	0.00227	0.00573
5	0.01142	0.00489	0.00582	0.00501	0.00676	0.00455	0.00396	0.01317	0.00956	0.32284	0.01411	0.01446	0.01015	0.00478	0.00326	0.00105	0.00245	0.00385	0.55302	0.00489
6	0.01058	0.17792	0.04028	0.00813	0.02331	0.03135	0.00673	0.10257	0.41718	0.04165	0.03623	0.04706	0.01103	0.02336	0.00416	0.00129	0.00370	0.00421	0.00343	0.00584
7	0.04910	0.08078	0.21261	0.07052	0.22685	0.02751	0.04327	0.11663	0.04397	0.04216	0.02811	0.01047	0.02219	0.00417	0.00382	0.00121	0.00483	0.00351	0.00244	0.00582
8	0.00762	0.08120	0.11427	0.00646	0.00841	0.02576	0.00580	0.00938	0.00951	0.09580	0.22424	0.20211	0.13789	0.00815	0.00445	0.00134	0.00310	0.04664	0.00355	0.00433
9	0.02549	0.00730	0.00860	0.00651	0.00961	0.00625	0.02036	0.09566	0.04550	0.04671	0.05067	0.04502	0.03478	0.00424	0.00342	0.00084	0.00311	0.00350	0.00292	0.57951

[dist]
# distance from previous block
# <min> <max>
0	5

[block]
# block no. 10 follows, 67 sequences, length 6
# corresponding to MSA columns:
# 860-862,871-873
name=unknown_K
#
# <colnr> <probs for GDERKNQSTAVLIFYWHMCP>
#	G	D	E	R	K	N	Q	S	T	A	V	L	I	F	Y	W	H	M	C	P
