[name]
unknown

[dist]
# distance from previous block
# <min> <max>
0	47

[block]
# block no. 0 follows, 72 sequences, length 17
# corresponding to MSA columns:
# 80-96
name=unknown_A
#
# <colnr> <probs for GDERKNQSTAVLIFYWHMCP>
#	G	D	E	R	K	N	Q	S	T	A	V	L	I	F	Y	W	H	M	C	P
0	0.02131	0.01496	0.55532	0.00957	0.03427	0.00792	0.01099	0.05338	0.03867	0.05260	0.06489	0.01311	0.07287	0.00470	0.00379	0.00122	0.00466	0.02813	0.00233	0.00531
1	0.01455	0.01041	0.01125	0.00863	0.01166	0.01145	0.00713	0.78900	0.01748	0.06582	0.00940	0.00930	0.00660	0.00456	0.00379	0.00114	0.00413	0.00343	0.00384	0.00645
2	0.00716	0.00674	0.01138	0.85760	0.02612	0.00843	0.01053	0.00969	0.00758	0.00969	0.00674	0.01011	0.00506	0.00379	0.00379	0.00126	0.00506	0.00337	0.00169	0.00421
3	0.07098	0.00865	0.01332	0.07621	0.01428	0.00915	0.27264	0.06853	0.29199	0.09863	0.01086	0.01144	0.00797	0.00425	0.00413	0.00126	0.02323	0.00400	0.00299	0.00548
4	0.00854	0.08696	0.71539	0.01015	0.01535	0.00906	0.01275	0.01246	0.00820	0.07650	0.00732	0.00823	0.00517	0.00366	0.00353	0.00117	0.00530	0.00282	0.00184	0.00561
5	0.00461	0.00334	0.00436	0.00519	0.00548	0.00309	0.00348	0.00529	0.00735	0.00972	0.02205	0.81023	0.07835	0.01173	0.00482	0.00152	0.00218	0.01060	0.00352	0.00309
6	0.00472	0.00348	0.00442	0.00496	0.00546	0.00318	0.00342	0.00561	0.00805	0.01066	0.15537	0.59272	0.16236	0.01084	0.00472	0.00144	0.00209	0.00969	0.00363	0.00318
7	0.03504	0.00956	0.01372	0.01047	0.01333	0.11315	0.27725	0.04889	0.05692	0.30851	0.01029	0.01070	0.00720	0.00422	0.00453	0.00122	0.06258	0.00379	0.00309	0.00552
8	0.00659	0.00329	0.00494	0.00494	0.00494	0.00329	0.00329	0.00494	0.00494	0.00659	0.00659	0.01153	0.00659	0.01318	0.01482	0.88966	0.00329	0.00329	0.00165	0.00165
9	0.00477	0.00350	0.00430	0.00482	0.00538	0.00318	0.00334	0.00567	0.00798	0.01059	0.11170	0.54710	0.21436	0.01059	0.00462	0.00141	0.00207	0.00941	0.04200	0.00318
10	0.01351	0.01663	0.01026	0.00929	0.01114	0.74918	0.00693	0.04981	0.01065	0.00977	0.00648	0.00833	0.00564	0.07093	0.00467	0.00119	0.00648	0.00272	0.00206	0.00432
11	0.09907	0.24821	0.21056	0.00870	0.01221	0.09031	0.06491	0.14165	0.04168	0.02536	0.02021	0.00814	0.00590	0.00379	0.00326	0.00107	0.00466	0.00283	0.00226	0.00523
12	0.00524	0.00393	0.00492	0.00547	0.00600	0.00386	0.00379	0.00717	0.10273	0.01092	0.09720	0.66222	0.05083	0.01065	0.00468	0.00147	0.00224	0.00958	0.00362	0.00347
13	0.00539	0.00401	0.00497	0.00556	0.00606	0.00402	0.00382	0.00750	0.12613	0.01058	0.01964	0.69603	0.02244	0.03981	0.00515	0.00156	0.00236	0.00952	0.02197	0.00348
14	0.03974	0.10253	0.03804	0.06273	0.05652	0.03981	0.38885	0.05700	0.00902	0.07681	0.00756	0.00939	0.00577	0.00381	0.00471	0.00122	0.08554	0.00368	0.00217	0.00512
15	0.00610	0.00436	0.00554	0.00562	0.00639	0.00427	0.00404	0.00721	0.03247	0.06453	0.01987	0.52626	0.11737	0.04359	0.00572	0.00150	0.06895	0.00843	0.00333	0.06446
16	0.03749	0.04070	0.03608	0.00931	0.01162	0.57702	0.03007	0.07070	0.10047	0.01147	0.00720	0.00791	0.00574	0.00399	0.00345	0.00102	0.00586	0.00275	0.00229	0.03487

[dist]
# distance from previous block
# <min> <max>
0	1

[block]
# block no. 1 follows, 72 sequences, length 22
# corresponding to MSA columns:
# 98-119
name=unknown_B
#
# <colnr> <probs for GDERKNQSTAVLIFYWHMCP>
#	G	D	E	R	K	N	Q	S	T	A	V	L	I	F	Y	W	H	M	C	P
0	0.00510	0.00410	0.00557	0.00540	0.00639	0.00404	0.03463	0.00633	0.00772	0.01015	0.09728	0.12293	0.32699	0.01660	0.32549	0.00313	0.00523	0.00660	0.00296	0.00336
1	0.03014	0.00837	0.00957	0.03598	0.04504	0.02201	0.03541	0.06739	0.61210	0.04673	0.02436	0.01314	0.01049	0.00491	0.00396	0.00126	0.01562	0.00410	0.00358	0.00583
2	0.00913	0.00875	0.01493	0.11887	0.74946	0.00894	0.01151	0.01142	0.00852	0.01208	0.00709	0.00947	0.00590	0.00343	0.00376	0.00114	0.00457	0.00338	0.00186	0.00580
3	0.00501	0.00385	0.00458	0.00443	0.00545	0.00342	0.00331	0.00644	0.00983	0.01314	0.50846	0.05683	0.34436	0.00859	0.00449	0.00124	0.00185	0.00742	0.00390	0.00342
4	0.00761	0.01962	0.84707	0.01081	0.01641	0.00881	0.01401	0.01201	0.00801	0.01201	0.00681	0.00801	0.00480	0.00360	0.00360	0.00120	0.00560	0.00280	0.00160	0.00560
5	0.00914	0.04900	0.14129	0.01328	0.01705	0.02900	0.51423	0.03506	0.12792	0.01277	0.00855	0.01018	0.00641	0.00359	0.00413	0.00124	0.00564	0.00402	0.00219	0.00532
6	0.00691	0.00363	0.00371	0.00368	0.00465	0.00353	0.00276	0.00854	0.00809	0.03222	0.01594	0.03487	0.11653	0.00525	0.00296	0.00095	0.00183	0.00427	0.73612	0.00355
7	0.89350	0.00733	0.00557	0.00499	0.00733	0.00851	0.00411	0.01115	0.00645	0.01702	0.00528	0.00616	0.00411	0.00352	0.00235	0.00117	0.00293	0.00205	0.00235	0.00411
8	0.01016	0.00997	0.11703	0.00983	0.09715	0.00946	0.00778	0.14213	0.47875	0.04357	0.01256	0.01251	0.00944	0.00474	0.00383	0.00124	0.00369	0.01680	0.00338	0.00600
9	0.89350	0.00733	0.00557	0.00499	0.00733	0.00851	0.00411	0.01115	0.00645	0.01702	0.00528	0.00616	0.00411	0.00352	0.00235	0.00117	0.00293	0.00205	0.00235	0.00411
10	0.06346	0.00680	0.01001	0.00771	0.01046	0.00626	0.11081	0.04039	0.01019	0.56055	0.04433	0.01326	0.02625	0.00633	0.06387	0.00154	0.00406	0.00400	0.00395	0.00576
11	0.01391	0.00635	0.00854	0.00685	0.00909	0.00613	0.00560	0.01555	0.03203	0.59157	0.10133	0.01504	0.04943	0.00550	0.00502	0.00125	0.11267	0.00427	0.00418	0.00570
12	0.00533	0.00409	0.00562	0.00575	0.00634	0.00448	0.00434	0.00639	0.00671	0.00918	0.01614	0.18233	0.11961	0.07970	0.44310	0.00402	0.04959	0.04144	0.00257	0.00327
13	0.00757	0.00375	0.00392	0.00378	0.00482	0.00365	0.00287	0.00929	0.00823	0.06832	0.02999	0.01531	0.04653	0.00473	0.00284	0.00093	0.00187	0.00381	0.77407	0.00371
14	0.00819	0.00896	0.01888	0.01386	0.01698	0.00850	0.65793	0.01093	0.00874	0.01191	0.05306	0.12046	0.00979	0.00464	0.00474	0.00132	0.02876	0.00538	0.00223	0.00475
15	0.00479	0.00381	0.00430	0.00427	0.00533	0.00332	0.00317	0.00599	0.00922	0.01183	0.30184	0.10515	0.50520	0.00919	0.00451	0.00127	0.00190	0.00787	0.00374	0.00332
16	0.00534	0.00383	0.00485	0.00529	0.00580	0.00373	0.00389	0.00622	0.00735	0.00961	0.03686	0.22398	0.12095	0.25713	0.05951	0.00244	0.00342	0.23370	0.00309	0.00301
17	0.01069	0.75910	0.01879	0.00678	0.00999	0.01459	0.00658	0.11622	0.00900	0.01084	0.00576	0.00647	0.00507	0.00341	0.00261	0.00085	0.00407	0.00221	0.00190	0.00507
18	0.01323	0.00961	0.01033	0.00803	0.01084	0.01046	0.00660	0.69726	0.01642	0.05002	0.01306	0.01274	0.11346	0.00520	0.00388	0.00116	0.00385	0.00402	0.00379	0.00603
19	0.00457	0.00378	0.00401	0.00410	0.00522	0.00322	0.00302	0.00556	0.00864	0.01058	0.10214	0.14180	0.67078	0.00974	0.00453	0.00131	0.00195	0.00827	0.00358	0.00322
20	0.00628	0.11494	0.00761	0.00578	0.00665	0.00608	0.00448	0.02004	0.00658	0.00905	0.05331	0.01653	0.01110	0.22351	0.45776	0.00436	0.03611	0.00426	0.00217	0.00340
21	0.38450	0.00719	0.00814	0.05669	0.00996	0.03517	0.08928	0.01122	0.11340	0.01392	0.01037	0.13983	0.00978	0.00601	0.02130	0.00140	0.01659	0.05831	0.00268	0.00426

[dist]
# distance from previous block
# <min> <max>
0	22

[block]
# block no. 2 follows, 72 sequences, length 11
# corresponding to MSA columns:
# 142-152
name=unknown_C
#
# <colnr> <probs for GDERKNQSTAVLIFYWHMCP>
#	G	D	E	R	K	N	Q	S	T	A	V	L	I	F	Y	W	H	M	C	P
0	0.11709	0.57479	0.01617	0.00683	0.00985	0.05214	0.00634	0.13547	0.03020	0.01235	0.00614	0.00679	0.00519	0.00355	0.00271	0.00092	0.00404	0.00232	0.00211	0.00502
1	0.00544	0.00381	0.00472	0.00467	0.00543	0.00350	0.00332	0.00662	0.00900	0.03566	0.41905	0.17627	0.15897	0.13846	0.00676	0.00164	0.00221	0.00745	0.00369	0.00332
2	0.00792	0.00691	0.00848	0.03335	0.00986	0.00557	0.02611	0.00985	0.02692	0.01225	0.00691	0.00815	0.00572	0.00302	0.00319	0.00065	0.02787	0.00242	0.00224	0.79260
3	0.00626	0.00483	0.00704	0.00888	0.13333	0.00477	0.00618	0.00780	0.00836	0.01109	0.03661	0.17380	0.04666	0.04887	0.00555	0.00168	0.00335	0.47799	0.00321	0.00374
4	0.15978	0.03684	0.01046	0.04778	0.05875	0.08198	0.03450	0.23751	0.07393	0.09107	0.02856	0.00989	0.01844	0.00446	0.00416	0.00117	0.06910	0.00330	0.00295	0.02535
5	0.00915	0.00824	0.01299	0.39518	0.35117	0.00916	0.01047	0.13446	0.00955	0.01292	0.00726	0.00967	0.00565	0.00374	0.00378	0.00119	0.00470	0.00338	0.00208	0.00527
6	0.00509	0.00385	0.00470	0.00453	0.00551	0.00345	0.00338	0.00661	0.01002	0.01361	0.58601	0.06139	0.26112	0.00842	0.00449	0.00123	0.00184	0.00732	0.00397	0.00345
7	0.00901	0.00901	0.01301	0.05714	0.59780	0.09054	0.00984	0.01096	0.00880	0.01164	0.01172	0.01327	0.13208	0.00439	0.00383	0.00114	0.00437	0.00399	0.00212	0.00534
8	0.00547	0.00373	0.00448	0.00475	0.00491	0.00369	0.00307	0.00584	0.00627	0.00832	0.01455	0.15439	0.01673	0.60619	0.01496	0.00306	0.00343	0.13091	0.00267	0.00260
9	0.03212	0.15121	0.05103	0.00897	0.01128	0.58293	0.00731	0.03854	0.02881	0.01023	0.00626	0.00720	0.00518	0.00389	0.00340	0.00099	0.01987	0.00250	0.02370	0.00459
10	0.04090	0.03276	0.00797	0.00609	0.00855	0.02214	0.00493	0.03832	0.04206	0.39413	0.14064	0.01431	0.02310	0.00484	0.00359	0.00105	0.00292	0.00395	0.06870	0.13904

[dist]
# distance from previous block
# <min> <max>
0	1

[block]
# block no. 3 follows, 72 sequences, length 14
# corresponding to MSA columns:
# 154-167
name=unknown_D
#
# <colnr> <probs for GDERKNQSTAVLIFYWHMCP>
#	G	D	E	R	K	N	Q	S	T	A	V	L	I	F	Y	W	H	M	C	P
0	0.04440	0.01107	0.01105	0.09724	0.18913	0.26022	0.02209	0.06821	0.18750	0.01273	0.00928	0.05395	0.00772	0.00448	0.00370	0.00116	0.00476	0.00365	0.00254	0.00513
1	0.07380	0.00899	0.01023	0.02388	0.02247	0.07085	0.05445	0.15495	0.26597	0.11931	0.01107	0.02657	0.00852	0.00503	0.00483	0.00127	0.10855	0.02055	0.00324	0.00547
2	0.00788	0.11251	0.75660	0.01034	0.01568	0.00949	0.01319	0.01194	0.00797	0.01167	0.00664	0.00780	0.00481	0.00356	0.00348	0.00116	0.00544	0.00272	0.00160	0.00552
3	0.00684	0.00449	0.00661	0.00631	0.00718	0.00510	0.00495	0.00810	0.00657	0.09983	0.01036	0.01430	0.00919	0.02449	0.70019	0.02817	0.04731	0.00398	0.00229	0.00371
4	0.03497	0.13855	0.37824	0.01019	0.01444	0.00917	0.16832	0.01296	0.00860	0.16159	0.00842	0.02378	0.00615	0.00381	0.00362	0.00116	0.00497	0.00331	0.00228	0.00547
5	0.00646	0.00450	0.00621	0.00596	0.00665	0.00506	0.00450	0.03258	0.00661	0.05243	0.01074	0.01710	0.01039	0.21296	0.54064	0.00486	0.04612	0.02050	0.00230	0.00343
6	0.00537	0.00448	0.00672	0.09377	0.00885	0.00435	0.07768	0.00665	0.00808	0.01060	0.11780	0.38786	0.19450	0.02723	0.02673	0.00155	0.00300	0.00813	0.00320	0.00345
7	0.01030	0.05651	0.05201	0.01164	0.10329	0.08246	0.22038	0.03996	0.15099	0.10850	0.02127	0.04927	0.02084	0.00458	0.00439	0.00122	0.05023	0.00413	0.00271	0.00532
8	0.01417	0.01808	0.01075	0.00977	0.01172	0.85149	0.00733	0.01514	0.01075	0.00928	0.00586	0.00684	0.00489	0.00391	0.00342	0.00098	0.00684	0.00244	0.00195	0.00440
9	0.00549	0.00373	0.00483	0.00499	0.00523	0.00387	0.00335	0.00587	0.00601	0.00816	0.01265	0.13143	0.01401	0.43119	0.22499	0.07626	0.00507	0.04779	0.00240	0.00268
10	0.00906	0.00868	0.01480	0.14626	0.72264	0.00892	0.01148	0.01135	0.00848	0.01199	0.00708	0.00949	0.00587	0.00344	0.00376	0.00115	0.00459	0.00338	0.00185	0.00574
11	0.00495	0.00419	0.02556	0.00457	0.00568	0.00349	0.00353	0.00632	0.00937	0.01234	0.37759	0.12238	0.38852	0.00891	0.00450	0.00127	0.00199	0.00769	0.00375	0.00341
12	0.00602	0.00372	0.00492	0.00543	0.00603	0.00341	0.00382	0.00683	0.00779	0.10076	0.02118	0.69279	0.06772	0.01092	0.00473	0.00149	0.00235	0.04298	0.00365	0.00347
13	0.00927	0.01004	0.02064	0.01616	0.10870	0.00962	0.67429	0.04978	0.03789	0.01284	0.00795	0.01022	0.00601	0.00335	0.00434	0.00126	0.00597	0.00430	0.00207	0.00530

[dist]
# distance from previous block
# <min> <max>
0	17

[block]
# block no. 4 follows, 72 sequences, length 10
# corresponding to MSA columns:
# 185-194
name=unknown_E
#
# <colnr> <probs for GDERKNQSTAVLIFYWHMCP>
#	G	D	E	R	K	N	Q	S	T	A	V	L	I	F	Y	W	H	M	C	P
0	0.02793	0.02508	0.03010	0.00923	0.03787	0.29694	0.02174	0.25491	0.11734	0.09219	0.03076	0.00972	0.00746	0.00442	0.00379	0.00111	0.01764	0.00328	0.00303	0.00546
1	0.02802	0.00560	0.00657	0.00579	0.00739	0.02111	0.00451	0.05788	0.10224	0.20228	0.15184	0.03119	0.03867	0.04612	0.11947	0.00192	0.00373	0.00459	0.15650	0.00458
2	0.00542	0.00364	0.00417	0.00426	0.00429	0.00361	0.00243	0.00549	0.00571	0.00761	0.01293	0.11681	0.01503	0.77304	0.01772	0.00344	0.00352	0.00609	0.00243	0.00238
3	0.01002	0.14542	0.02888	0.10321	0.14938	0.04464	0.04069	0.06632	0.21218	0.07848	0.01064	0.05456	0.01958	0.00460	0.00377	0.00117	0.01450	0.00386	0.00275	0.00537
4	0.03714	0.00881	0.01297	0.21485	0.33588	0.02931	0.04920	0.14995	0.06698	0.04586	0.00818	0.00985	0.00627	0.00385	0.00376	0.00118	0.00453	0.00345	0.00242	0.00554
5	0.00917	0.00949	0.01291	0.01368	0.23124	0.09088	0.03786	0.01047	0.00714	0.01011	0.00573	0.00851	0.00527	0.00539	0.00900	0.00144	0.52195	0.00329	0.00175	0.00470
6	0.13285	0.10367	0.01473	0.09349	0.29175	0.07080	0.15195	0.02726	0.00835	0.01217	0.00655	0.00854	0.00535	0.00364	0.00401	0.00116	0.05353	0.00317	0.00193	0.00508
7	0.00484	0.00397	0.00455	0.04834	0.00636	0.00356	0.00348	0.00606	0.00902	0.01137	0.22701	0.07541	0.56470	0.00898	0.00446	0.00127	0.00207	0.00763	0.00358	0.00334
8	0.00973	0.51195	0.11119	0.00702	0.01020	0.04849	0.00696	0.06604	0.04295	0.02593	0.00999	0.01037	0.09703	0.00419	0.00302	0.00096	0.00404	0.00301	0.00215	0.02477
9	0.00897	0.00861	0.01347	0.21592	0.51369	0.03174	0.01055	0.01214	0.09906	0.01196	0.00785	0.00998	0.00633	0.00378	0.00402	0.00119	0.02976	0.00345	0.00205	0.00549

[dist]
# distance from previous block
# <min> <max>
0	9

[block]
# block no. 5 follows, 72 sequences, length 32
# corresponding to MSA columns:
# 204-235
name=unknown_F
#
# <colnr> <probs for GDERKNQSTAVLIFYWHMCP>
#	G	D	E	R	K	N	Q	S	T	A	V	L	I	F	Y	W	H	M	C	P
0	0.00830	0.00722	0.00847	0.00680	0.00928	0.02565	0.03181	0.05802	0.18758	0.01332	0.05451	0.01217	0.04214	0.00626	0.07326	0.00135	0.04393	0.00350	0.00277	0.40365
1	0.00486	0.00383	0.00428	0.00420	0.00523	0.00336	0.00307	0.00601	0.00905	0.01163	0.29952	0.04765	0.49457	0.07920	0.00570	0.00145	0.00203	0.00747	0.00364	0.00325
2	0.00786	0.07749	0.06355	0.02402	0.00956	0.04597	0.00562	0.00953	0.00765	0.01114	0.00768	0.05145	0.00696	0.02033	0.09637	0.00140	0.03544	0.00301	0.00215	0.51283
3	0.00537	0.00395	0.00506	0.00473	0.00572	0.00359	0.00355	0.00710	0.01051	0.01477	0.76051	0.02835	0.09270	0.00775	0.00443	0.00118	0.00183	0.00681	0.00407	0.02800
4	0.00859	0.21930	0.55026	0.00979	0.01452	0.01033	0.04944	0.02308	0.04584	0.02526	0.00704	0.00803	0.00527	0.00360	0.00338	0.00112	0.00510	0.00279	0.00180	0.00545
5	0.02479	0.00821	0.01322	0.27634	0.29373	0.01950	0.08652	0.07018	0.00935	0.14855	0.00843	0.01016	0.00623	0.00380	0.00382	0.00119	0.00463	0.00352	0.00243	0.00542
6	0.00477	0.00341	0.00457	0.00545	0.00574	0.00321	0.00378	0.00554	0.00741	0.00985	0.02082	0.78099	0.02475	0.01174	0.00488	0.00156	0.00233	0.09254	0.00352	0.00312
7	0.00640	0.00484	0.00554	0.00511	0.00647	0.00462	0.00397	0.10509	0.03117	0.02541	0.35314	0.02946	0.34218	0.00814	0.00441	0.00125	0.00227	0.05281	0.00384	0.00387
8	0.00907	0.00869	0.01482	0.14299	0.72584	0.00893	0.01148	0.01136	0.00848	0.01200	0.00708	0.00949	0.00587	0.00344	0.00376	0.00115	0.00458	0.00338	0.00185	0.00575
9	0.00707	0.00353	0.00353	0.00353	0.00442	0.00353	0.00265	0.00884	0.00795	0.01414	0.01237	0.01414	0.00972	0.00442	0.00265	0.00088	0.00177	0.00353	0.88777	0.00353
10	0.00858	0.00819	0.01393	0.32656	0.54610	0.00880	0.01124	0.01093	0.00825	0.01141	0.00699	0.00965	0.00566	0.00353	0.00377	0.00118	0.00471	0.00338	0.00181	0.00536
11	0.00571	0.00401	0.00528	0.00582	0.00638	0.00396	0.00455	0.00685	0.00784	0.01037	0.08516	0.13418	0.02115	0.24490	0.00898	0.00221	0.00325	0.43305	0.00322	0.00312
12	0.00895	0.01023	0.02238	0.01598	0.01982	0.00959	0.82928	0.01215	0.00895	0.01215	0.00767	0.01023	0.00575	0.00320	0.00448	0.00128	0.00639	0.00448	0.00192	0.00512
13	0.01014	0.86900	0.01987	0.00649	0.00973	0.01501	0.00649	0.01136	0.00771	0.00892	0.00527	0.00608	0.00487	0.00324	0.00243	0.00081	0.00406	0.00203	0.00162	0.00487
14	0.01417	0.01808	0.01075	0.00977	0.01172	0.85149	0.00733	0.01514	0.01075	0.00928	0.00586	0.00684	0.00489	0.00391	0.00342	0.00098	0.00684	0.00244	0.00195	0.00440
15	0.00462	0.00330	0.00440	0.00528	0.00550	0.00308	0.00352	0.00528	0.00726	0.00968	0.02090	0.86424	0.02508	0.01188	0.00484	0.00154	0.00220	0.01078	0.00352	0.00308
16	0.00756	0.03553	0.80497	0.01055	0.01595	0.00875	0.01354	0.01179	0.00798	0.01188	0.00721	0.03449	0.00543	0.00385	0.00362	0.00120	0.00547	0.00303	0.00166	0.00551
17	0.00541	0.00363	0.00417	0.00427	0.00430	0.00361	0.00244	0.00549	0.00572	0.00763	0.01301	0.12445	0.01513	0.76525	0.01759	0.00342	0.00350	0.00614	0.00244	0.00239
18	0.00489	0.00347	0.00464	0.00545	0.00580	0.00328	0.00384	0.00577	0.00764	0.01026	0.06342	0.70007	0.02496	0.01136	0.00484	0.00154	0.00234	0.11485	0.01841	0.00317
19	0.00895	0.01023	0.02238	0.01598	0.01982	0.00959	0.82928	0.01215	0.00895	0.01215	0.00767	0.01023	0.00575	0.00320	0.00448	0.00128	0.00639	0.00448	0.00192	0.00512
20	0.00648	0.00334	0.00492	0.00492	0.00495	0.00337	0.00327	0.00504	0.00502	0.00671	0.00707	0.01254	0.00717	0.07186	0.04220	0.80067	0.00354	0.00347	0.00170	0.00175
21	0.00709	0.00509	0.00595	0.00575	0.00683	0.00525	0.00431	0.05988	0.15615	0.04318	0.11729	0.13436	0.08971	0.17943	0.02844	0.00194	0.00307	0.11032	0.03204	0.00392
22	0.00889	0.00873	0.03482	0.07133	0.70558	0.00862	0.01107	0.01113	0.00835	0.01193	0.00735	0.00985	0.00621	0.00546	0.07316	0.00154	0.00503	0.00342	0.00187	0.00568
23	0.08068	0.00781	0.01281	0.42140	0.36617	0.00870	0.02741	0.01068	0.00796	0.01147	0.00680	0.00949	0.00539	0.00358	0.00367	0.00120	0.00468	0.00329	0.00182	0.00497
24	0.00574	0.00419	0.00547	0.00533	0.00557	0.00470	0.00368	0.00624	0.00573	0.00799	0.01061	0.01963	0.01136	0.47999	0.31005	0.02642	0.07758	0.00477	0.00214	0.00282
25	0.00663	0.00331	0.00483	0.00483	0.00490	0.00331	0.00324	0.00526	0.00519	0.00721	0.00706	0.01174	0.00684	0.01246	0.01383	0.81690	0.00317	0.00331	0.07418	0.00180
26	0.00914	0.51575	0.03435	0.00771	0.01051	0.01193	0.10313	0.02523	0.06991	0.01057	0.04909	0.05584	0.03587	0.00450	0.00347	0.00103	0.03050	0.01451	0.00217	0.00477
27	0.00907	0.03167	0.13071	0.02722	0.01683	0.00889	0.50844	0.04535	0.02826	0.05639	0.00936	0.05697	0.00769	0.00423	0.00427	0.00128	0.00552	0.04043	0.00229	0.00513
28	0.01052	0.01190	0.01004	0.00989	0.07815	0.40178	0.00711	0.02130	0.03010	0.00970	0.00720	0.00973	0.00642	0.03125	0.19186	0.00231	0.15131	0.00316	0.00199	0.00428
29	0.02975	0.00553	0.00808	0.02349	0.22817	0.00578	0.00594	0.02738	0.00712	0.01005	0.01176	0.01694	0.07729	0.21153	0.28273	0.03209	0.00586	0.00444	0.00221	0.00386
30	0.08621	0.23203	0.01130	0.02661	0.00982	0.07763	0.00552	0.04696	0.00850	0.04927	0.00663	0.00750	0.00542	0.00326	0.00283	0.00078	0.00361	0.00234	0.00223	0.41153
31	0.52019	0.06631	0.09112	0.00627	0.00897	0.00899	0.00572	0.13103	0.00859	0.03056	0.03286	0.00851	0.02119	0.00501	0.03974	0.00136	0.00372	0.00270	0.00254	0.00463

[dist]
# distance from previous block
# <min> <max>
1	4

[block]
# block no. 6 follows, 72 sequences, length 11
# corresponding to MSA columns:
# 244-254
name=unknown_G
#
# <colnr> <probs for GDERKNQSTAVLIFYWHMCP>
#	G	D	E	R	K	N	Q	S	T	A	V	L	I	F	Y	W	H	M	C	P
0	0.06615	0.15705	0.22228	0.00858	0.01182	0.29765	0.02164	0.01240	0.00894	0.01109	0.04993	0.00826	0.00653	0.00377	0.00324	0.00099	0.00511	0.00268	0.00198	0.09990
1	0.00565	0.00631	0.13277	0.00670	0.00806	0.00514	0.00598	0.00737	0.00653	0.00940	0.01103	0.12290	0.01078	0.02257	0.61501	0.00477	0.00845	0.00474	0.00216	0.00368
2	0.12450	0.55636	0.01587	0.00708	0.00990	0.21276	0.00638	0.01223	0.00827	0.01005	0.00541	0.00627	0.00477	0.00344	0.00266	0.00090	0.00457	0.00213	0.00179	0.00466
3	0.01490	0.00826	0.00892	0.00700	0.00986	0.13311	0.00564	0.01633	0.01029	0.56591	0.01207	0.01106	0.00801	0.00423	0.00357	0.00103	0.00370	0.00332	0.00383	0.16895
4	0.00751	0.02126	0.08890	0.14866	0.01138	0.05126	0.04606	0.02948	0.00922	0.04380	0.24259	0.05902	0.05188	0.00570	0.00386	0.00116	0.00341	0.01453	0.13646	0.02387
5	0.12643	0.01031	0.16609	0.00801	0.01134	0.00853	0.02148	0.24658	0.05196	0.28059	0.02502	0.01033	0.00753	0.00435	0.00361	0.00118	0.00392	0.00337	0.00346	0.00590
6	0.00700	0.00814	0.11786	0.55106	0.08927	0.00774	0.00992	0.00951	0.00788	0.01029	0.01156	0.01376	0.13131	0.00461	0.00387	0.00125	0.00461	0.00400	0.00197	0.00439
7	0.00841	0.00772	0.01005	0.56881	0.01997	0.11577	0.00858	0.01029	0.00787	0.05956	0.00791	0.01208	0.00661	0.13406	0.00609	0.00159	0.00497	0.00360	0.00199	0.00408
8	0.10262	0.00977	0.13795	0.08198	0.33492	0.00821	0.02993	0.02451	0.00819	0.02948	0.00712	0.02109	0.00580	0.00363	0.00374	0.00109	0.03169	0.00310	0.00204	0.15313
9	0.35634	0.00705	0.00723	0.11508	0.01024	0.04870	0.00534	0.02488	0.00779	0.07001	0.05674	0.01110	0.00799	0.02821	0.06834	0.00154	0.00394	0.02911	0.00253	0.13783
10	0.07290	0.00806	0.01063	0.10352	0.16507	0.04060	0.03094	0.13262	0.04245	0.21065	0.05816	0.03306	0.00920	0.00468	0.00408	0.00120	0.03489	0.01627	0.00311	0.01791

[dist]
# distance from previous block
# <min> <max>
1	3

[block]
# block no. 7 follows, 72 sequences, length 6
# corresponding to MSA columns:
# 258-263
name=unknown_H
#
# <colnr> <probs for GDERKNQSTAVLIFYWHMCP>
#	G	D	E	R	K	N	Q	S	T	A	V	L	I	F	Y	W	H	M	C	P
0	0.10802	0.05017	0.00896	0.02562	0.00972	0.07471	0.00563	0.16874	0.09403	0.13164	0.05857	0.02966	0.04034	0.00473	0.00349	0.00106	0.00350	0.01972	0.00320	0.15848
1	0.15969	0.00819	0.00828	0.06229	0.01029	0.09854	0.00567	0.07172	0.09824	0.14935	0.04674	0.01123	0.00845	0.00490	0.02574	0.00118	0.00377	0.02474	0.00299	0.19800
2	0.19258	0.00842	0.00869	0.06744	0.04788	0.08140	0.00604	0.14816	0.06998	0.12235	0.01080	0.01160	0.06024	0.00446	0.00341	0.00110	0.00367	0.02187	0.00298	0.12692
3	0.09434	0.00882	0.04011	0.04877	0.01067	0.07320	0.00632	0.20215	0.08838	0.14154	0.04546	0.04256	0.00914	0.00528	0.02077	0.00123	0.02362	0.02387	0.00320	0.11056
4	0.11911	0.00799	0.00868	0.02266	0.02472	0.08185	0.03628	0.10655	0.09310	0.14325	0.07649	0.04374	0.04869	0.00518	0.00386	0.00115	0.02200	0.03753	0.00322	0.11395
5	0.06779	0.00831	0.00936	0.06167	0.04204	0.05435	0.00634	0.22530	0.07545	0.22436	0.03474	0.01221	0.02862	0.00462	0.00365	0.00112	0.00369	0.02593	0.00345	0.10700

[dist]
# distance from previous block
# <min> <max>
25	166

[block]
# block no. 8 follows, 72 sequences, length 30
# corresponding to MSA columns:
# 502-531
name=unknown_I
#
# <colnr> <probs for GDERKNQSTAVLIFYWHMCP>
#	G	D	E	R	K	N	Q	S	T	A	V	L	I	F	Y	W	H	M	C	P
0	0.03978	0.00923	0.08749	0.03927	0.13199	0.04567	0.07560	0.04494	0.07208	0.22196	0.02386	0.01122	0.00778	0.00430	0.00421	0.00115	0.05348	0.02188	0.00290	0.10120
1	0.05437	0.06004	0.14517	0.04936	0.08202	0.13719	0.15304	0.05398	0.04343	0.14544	0.00877	0.01919	0.00660	0.00400	0.00371	0.00116	0.00496	0.01380	0.00252	0.01125
2	0.00787	0.00601	0.00652	0.00589	0.00744	0.02711	0.00454	0.17552	0.08843	0.04418	0.17533	0.15057	0.25772	0.00785	0.00430	0.00127	0.00269	0.01871	0.00373	0.00433
3	0.03706	0.01058	0.11237	0.02351	0.03506	0.12824	0.08164	0.10248	0.06967	0.26745	0.03754	0.02803	0.01910	0.00456	0.00391	0.00117	0.01633	0.00374	0.00320	0.01436
4	0.01255	0.06825	0.04559	0.11504	0.04921	0.09394	0.03744	0.07966	0.03950	0.31935	0.01682	0.01111	0.02122	0.01448	0.00443	0.00121	0.05808	0.00353	0.00313	0.00547
5	0.00561	0.00379	0.00494	0.00554	0.00605	0.00362	0.00386	0.00692	0.05265	0.05416	0.03446	0.71548	0.03288	0.01098	0.00474	0.00151	0.00234	0.04341	0.00361	0.00344
6	0.02353	0.01271	0.10382	0.04680	0.06502	0.26494	0.22142	0.01408	0.12134	0.04972	0.00870	0.02933	0.00687	0.00408	0.00386	0.00117	0.00550	0.00970	0.00233	0.00507
7	0.04247	0.02948	0.10182	0.03400	0.07758	0.07972	0.16205	0.03621	0.04539	0.19467	0.00947	0.03665	0.00715	0.00405	0.00378	0.00111	0.01197	0.00359	0.00272	0.11612
8	0.00875	0.08902	0.36515	0.03550	0.03140	0.02298	0.31120	0.01210	0.00845	0.03791	0.00723	0.00887	0.00536	0.00344	0.00380	0.00117	0.00557	0.00338	0.00185	0.03688
9	0.00789	0.00713	0.00735	0.00832	0.11185	0.15897	0.00552	0.00918	0.00898	0.05311	0.11886	0.23071	0.11809	0.00827	0.02501	0.00141	0.00361	0.08354	0.02821	0.00399
10	0.03308	0.07718	0.09361	0.03443	0.05860	0.15354	0.14410	0.07953	0.08096	0.14495	0.03919	0.01038	0.00769	0.00457	0.02048	0.00124	0.00492	0.00350	0.00271	0.00532
11	0.00948	0.12472	0.26791	0.01001	0.03631	0.05892	0.10711	0.02325	0.25948	0.04262	0.00972	0.01037	0.00736	0.00410	0.00365	0.00117	0.00463	0.01115	0.00251	0.00553
12	0.00729	0.00660	0.00685	0.00675	0.00769	0.15564	0.03310	0.00833	0.00791	0.03589	0.03100	0.28599	0.03814	0.04321	0.20132	0.02725	0.00524	0.08545	0.00279	0.00355
13	0.00961	0.03079	0.06668	0.07607	0.42976	0.02604	0.06945	0.08805	0.12465	0.01354	0.00862	0.01051	0.00689	0.00390	0.00381	0.00118	0.00453	0.01788	0.00233	0.00573
14	0.04529	0.06657	0.34880	0.00834	0.01178	0.02719	0.02404	0.04371	0.13462	0.04425	0.03847	0.06452	0.09051	0.00531	0.00378	0.00123	0.00415	0.02975	0.00263	0.00507
15	0.01865	0.00760	0.00876	0.02840	0.00980	0.03810	0.01761	0.13602	0.26628	0.13417	0.02906	0.17000	0.01239	0.00638	0.00486	0.00132	0.08621	0.01564	0.00353	0.00521
16	0.00700	0.00496	0.00587	0.00570	0.00676	0.02851	0.00433	0.04042	0.05142	0.07697	0.28170	0.22865	0.09637	0.02096	0.00486	0.00137	0.02350	0.08129	0.02547	0.00389
17	0.03099	0.14219	0.22211	0.01052	0.11610	0.03237	0.06764	0.05602	0.11355	0.07379	0.07276	0.01106	0.00886	0.02121	0.00391	0.00118	0.00435	0.00351	0.00253	0.00537
18	0.39901	0.00776	0.00927	0.00742	0.00994	0.00827	0.13728	0.14959	0.02468	0.06030	0.04722	0.02691	0.08822	0.00466	0.00338	0.00120	0.00355	0.00375	0.00289	0.00470
19	0.00556	0.00559	0.11024	0.00621	0.00730	0.00408	0.00523	0.00690	0.00771	0.03359	0.04782	0.58492	0.02167	0.01081	0.02871	0.00163	0.00301	0.10216	0.00329	0.00356
20	0.00776	0.01673	0.63921	0.01242	0.11948	0.00857	0.06920	0.01160	0.00811	0.01194	0.00769	0.05616	0.00615	0.00401	0.00375	0.00122	0.00533	0.00344	0.00176	0.00548
21	0.00879	0.00799	0.01289	0.30516	0.43555	0.00863	0.01030	0.03718	0.06153	0.03109	0.00891	0.01100	0.03655	0.00393	0.00380	0.00119	0.00446	0.00361	0.00212	0.00532
22	0.00846	0.01849	0.74249	0.01055	0.01583	0.00918	0.01316	0.11442	0.00924	0.01350	0.00709	0.00814	0.00501	0.00372	0.00363	0.00119	0.00543	0.00288	0.00188	0.00571
23	0.00807	0.00723	0.01138	0.75138	0.02432	0.00884	0.01012	0.11239	0.00887	0.01147	0.00704	0.00999	0.00523	0.00389	0.00379	0.00125	0.00495	0.00338	0.00195	0.00449
24	0.01019	0.52156	0.07442	0.00722	0.01005	0.13616	0.00678	0.04383	0.00859	0.02884	0.00780	0.11399	0.00756	0.00453	0.00305	0.00098	0.00433	0.00333	0.00206	0.00472
25	0.00663	0.00455	0.00504	0.00471	0.00509	0.00469	0.00291	0.10874	0.00706	0.00942	0.01159	0.02285	0.01287	0.75883	0.01736	0.00336	0.00374	0.00525	0.00249	0.00282
26	0.00543	0.00402	0.00585	0.00585	0.00644	0.00461	0.00443	0.00662	0.00602	0.00862	0.01038	0.01614	0.01002	0.13334	0.74753	0.00579	0.00935	0.00425	0.00207	0.00325
27	0.00551	0.00369	0.00419	0.00419	0.00421	0.00371	0.00237	0.00555	0.00553	0.00739	0.01190	0.02454	0.01367	0.84297	0.04288	0.00375	0.00386	0.00547	0.00229	0.00233
28	0.20247	0.03524	0.08927	0.00988	0.11494	0.18964	0.00756	0.17192	0.01056	0.11471	0.00768	0.00828	0.00569	0.00396	0.00343	0.00112	0.01283	0.00286	0.00267	0.00531
29	0.00929	0.01038	0.11936	0.02136	0.71919	0.00905	0.01183	0.03181	0.00878	0.01263	0.00714	0.00921	0.00587	0.00344	0.00374	0.00114	0.00463	0.00331	0.00189	0.00597

[dist]
# distance from previous block
# <min> <max>
1	11

[block]
# block no. 9 follows, 72 sequences, length 12
# corresponding to MSA columns:
# 543-554
name=unknown_J
#
# <colnr> <probs for GDERKNQSTAVLIFYWHMCP>
#	G	D	E	R	K	N	Q	S	T	A	V	L	I	F	Y	W	H	M	C	P
0	0.00457	0.00385	0.00396	0.00393	0.00517	0.00324	0.00295	0.00560	0.00884	0.01071	0.11387	0.03573	0.76578	0.00943	0.00448	0.00127	0.00191	0.00790	0.00358	0.00324
1	0.00761	0.01962	0.84707	0.01081	0.01641	0.00881	0.01401	0.01201	0.00801	0.01201	0.00681	0.00801	0.00480	0.00360	0.00360	0.00120	0.00560	0.00280	0.00160	0.00560
2	0.00518	0.00403	0.00467	0.00487	0.00586	0.00368	0.00367	0.03839	0.00884	0.01120	0.10108	0.25400	0.42412	0.00995	0.00464	0.00139	0.00226	0.10521	0.00359	0.00337
3	0.00474	0.00346	0.00452	0.00516	0.00554	0.00331	0.00354	0.00548	0.00720	0.00954	0.02120	0.63791	0.11294	0.05140	0.10290	0.00213	0.00315	0.00947	0.00330	0.00309
4	0.00704	0.00590	0.00597	0.00555	0.00683	0.08413	0.00420	0.03317	0.10296	0.03310	0.42163	0.06328	0.17023	0.00735	0.00423	0.00120	0.00254	0.00627	0.03040	0.00399
5	0.15859	0.01010	0.08757	0.01276	0.01618	0.00909	0.53436	0.01192	0.04094	0.01294	0.00803	0.04729	0.00646	0.00382	0.00420	0.00127	0.02329	0.00417	0.00211	0.00491
6	0.04011	0.01230	0.12336	0.01026	0.01326	0.18497	0.17084	0.12674	0.12325	0.09871	0.00896	0.00965	0.00661	0.00419	0.00424	0.00119	0.04981	0.00345	0.00269	0.00539
7	0.01042	0.00763	0.01084	0.16766	0.09170	0.03097	0.08291	0.03634	0.16979	0.20528	0.01308	0.04744	0.06348	0.00502	0.00430	0.00125	0.03916	0.00433	0.00310	0.00528
8	0.00688	0.00569	0.01972	0.00810	0.07222	0.00533	0.10999	0.03633	0.05532	0.04714	0.12798	0.27670	0.15204	0.00791	0.00440	0.00132	0.00303	0.02633	0.02941	0.00413
9	0.00981	0.28520	0.37908	0.00904	0.01300	0.13041	0.00993	0.03344	0.03026	0.03136	0.00662	0.00755	0.00517	0.00372	0.00350	0.00106	0.03119	0.00260	0.00185	0.00521
10	0.00945	0.03222	0.11131	0.00769	0.00987	0.09853	0.04998	0.09873	0.05169	0.12425	0.05436	0.24463	0.03507	0.02724	0.00448	0.00133	0.00383	0.02749	0.00318	0.00467
11	0.07385	0.21405	0.08041	0.00889	0.13083	0.00849	0.02864	0.04063	0.00835	0.02788	0.01337	0.09019	0.13584	0.01594	0.00380	0.00115	0.01325	0.02669	0.03712	0.04064

[dist]
# distance from previous block
# <min> <max>
1	23

[block]
# block no. 10 follows, 72 sequences, length 15
# corresponding to MSA columns:
# 578-592
name=unknown_K
#
# <colnr> <probs for GDERKNQSTAVLIFYWHMCP>
#	G	D	E	R	K	N	Q	S	T	A	V	L	I	F	Y	W	H	M	C	P
0	0.00758	0.10940	0.31675	0.00873	0.03671	0.00813	0.00882	0.01010	0.02395	0.03826	0.05573	0.16085	0.03183	0.00620	0.00499	0.00130	0.11358	0.05005	0.00239	0.00466
1	0.06103	0.26893	0.07002	0.03548	0.04095	0.06817	0.03410	0.06688	0.02199	0.01155	0.03410	0.14397	0.01061	0.02692	0.01404	0.00126	0.00405	0.05987	0.00243	0.02365
2	0.17901	0.08980	0.18057	0.06329	0.08483	0.14393	0.03250	0.06635	0.02080	0.05570	0.01631	0.00825	0.00565	0.00378	0.00339	0.00111	0.01369	0.00282	0.00222	0.02599
3	0.00670	0.00513	0.00563	0.00560	0.00658	0.03174	0.00404	0.02665	0.16055	0.04030	0.08257	0.29280	0.13597	0.12895	0.00647	0.00168	0.00273	0.02872	0.02338	0.00381
4	0.00593	0.00450	0.00610	0.00735	0.11284	0.00427	0.00456	0.02700	0.00836	0.02916	0.13554	0.38261	0.14633	0.08210	0.00579	0.00157	0.00262	0.02640	0.00333	0.00364
5	0.05182	0.02235	0.04550	0.08598	0.33850	0.06881	0.02407	0.12499	0.07007	0.04702	0.03585	0.04171	0.00796	0.00426	0.00372	0.00116	0.00432	0.00369	0.00253	0.01569
6	0.00945	0.02992	0.13199	0.07633	0.32163	0.00931	0.20223	0.04462	0.00882	0.05876	0.00751	0.00948	0.00582	0.00374	0.00447	0.00121	0.06360	0.00355	0.00205	0.00550
7	0.00475	0.00387	0.00421	0.00419	0.00537	0.00334	0.00318	0.00592	0.00908	0.01133	0.20449	0.03511	0.63387	0.00926	0.00452	0.00129	0.00197	0.04731	0.00366	0.00329
8	0.00913	0.12060	0.06597	0.01414	0.01786	0.01035	0.63639	0.03018	0.00884	0.01190	0.00727	0.00949	0.00558	0.00336	0.00440	0.00122	0.03229	0.00401	0.00190	0.00511
9	0.02062	0.02962	0.08043	0.01254	0.20034	0.07891	0.11605	0.04353	0.16352	0.17880	0.01835	0.01081	0.00774	0.00414	0.00393	0.00118	0.01724	0.00364	0.00288	0.00573
10	0.00509	0.00466	0.00626	0.00543	0.00702	0.00403	0.10868	0.00636	0.00876	0.01067	0.06386	0.03284	0.70506	0.00872	0.00448	0.00128	0.00249	0.00751	0.00334	0.00346
11	0.00590	0.00523	0.00528	0.00592	0.00639	0.11172	0.00411	0.00665	0.00777	0.00970	0.01895	0.72160	0.02237	0.01080	0.00467	0.00148	0.00285	0.04203	0.00332	0.00327
12	0.00623	0.00480	0.00659	0.00639	0.00733	0.00557	0.00498	0.03541	0.11272	0.01020	0.01080	0.01461	0.00965	0.02468	0.71546	0.00532	0.00905	0.00407	0.00232	0.00382
13	0.01431	0.00966	0.01124	0.02845	0.06121	0.02694	0.02389	0.54565	0.02821	0.19614	0.01018	0.01001	0.00705	0.00446	0.00380	0.00115	0.00409	0.00351	0.00375	0.00630
14	0.00928	0.00813	0.00931	0.00960	0.11636	0.00920	0.00663	0.01864	0.70631	0.01526	0.01504	0.01419	0.03491	0.00505	0.00386	0.00127	0.00316	0.00428	0.00360	0.00592

[dist]
# distance from previous block
# <min> <max>
1	11

[block]
# block no. 11 follows, 72 sequences, length 9
# corresponding to MSA columns:
# 604-612
name=unknown_L
#
# <colnr> <probs for GDERKNQSTAVLIFYWHMCP>
#	G	D	E	R	K	N	Q	S	T	A	V	L	I	F	Y	W	H	M	C	P
0	0.00864	0.15723	0.58604	0.01024	0.04108	0.08147	0.01182	0.01208	0.00821	0.01130	0.00648	0.00763	0.00489	0.00354	0.00337	0.00109	0.00533	0.00265	0.00167	0.03524
1	0.59008	0.00817	0.00810	0.00671	0.00926	0.00921	0.06715	0.14424	0.09756	0.01763	0.00717	0.00780	0.00541	0.00384	0.00290	0.00119	0.00340	0.00270	0.00271	0.00476
2	0.00601	0.00431	0.00484	0.00480	0.00515	0.00449	0.00299	0.00771	0.13159	0.00889	0.01344	0.11332	0.01467	0.64437	0.01541	0.00309	0.00342	0.00589	0.00267	0.00294
3	0.04251	0.01454	0.49129	0.00964	0.01375	0.00858	0.06251	0.09977	0.07939	0.01340	0.02282	0.01060	0.00699	0.07040	0.03625	0.00157	0.00513	0.00340	0.00219	0.00527
4	0.07609	0.00835	0.07060	0.00653	0.00865	0.10582	0.00551	0.13372	0.01050	0.05833	0.19273	0.06817	0.14569	0.00623	0.00390	0.00115	0.00335	0.02011	0.00325	0.07132
5	0.03893	0.10034	0.02706	0.00652	0.00930	0.04304	0.00539	0.10508	0.10088	0.08387	0.03179	0.01068	0.00796	0.06896	0.00440	0.00109	0.00342	0.00310	0.00278	0.34540
6	0.00961	0.23871	0.11906	0.02389	0.01051	0.14064	0.02331	0.01136	0.00886	0.07672	0.10072	0.01243	0.07996	0.00462	0.00368	0.00102	0.03226	0.00351	0.00243	0.09672
7	0.13206	0.06582	0.27143	0.00828	0.01167	0.16956	0.00830	0.08207	0.02127	0.06466	0.02854	0.02264	0.03732	0.00420	0.00338	0.00109	0.00463	0.00310	0.00238	0.05761
8	0.09239	0.09915	0.18971	0.00780	0.01072	0.10363	0.05177	0.01172	0.01931	0.12993	0.03295	0.10312	0.07222	0.00561	0.01865	0.00124	0.00424	0.00422	0.00265	0.03895

[dist]
# distance from previous block
# <min> <max>
2	224

# created by:
# /home/cegg/simao/soft/augustus-3.2.1/scripts/msa2prfl.pl ./align_prep/EOG092C4Q5B.fa
