[name]
unknown

[dist]
# distance from previous block
# <min> <max>
0	8

[block]
# block no. 0 follows, 64 sequences, length 14
# corresponding to MSA columns:
# 998-1011
name=unknown_A
#
# <colnr> <probs for GDERKNQSTAVLIFYWHMCP>
#	G	D	E	R	K	N	Q	S	T	A	V	L	I	F	Y	W	H	M	C	P
0	0.14124	0.00799	0.00963	0.00775	0.01042	0.03581	0.05382	0.08140	0.01031	0.20491	0.05838	0.03447	0.01058	0.00601	0.02821	0.00137	0.04763	0.05442	0.00342	0.19224
1	0.28035	0.02731	0.03560	0.00826	0.01102	0.11444	0.00686	0.28317	0.07934	0.05221	0.00904	0.02793	0.00697	0.00481	0.00396	0.00128	0.03512	0.00337	0.00325	0.00572
2	0.07704	0.20989	0.03973	0.00804	0.01068	0.13634	0.00685	0.02783	0.13612	0.13615	0.01006	0.02573	0.00812	0.04748	0.00509	0.00133	0.06067	0.00349	0.00293	0.04644
3	0.00831	0.00545	0.00650	0.00577	0.00741	0.02126	0.00444	0.01070	0.06528	0.14012	0.46916	0.02720	0.15263	0.00775	0.00463	0.00129	0.00248	0.00666	0.00437	0.04859
4	0.01085	0.00932	0.01307	0.09594	0.29981	0.00935	0.02490	0.20669	0.02659	0.01634	0.00866	0.02644	0.00700	0.00411	0.00391	0.00111	0.00440	0.00360	0.00272	0.22517
5	0.00574	0.00420	0.00539	0.00518	0.00614	0.00385	0.00385	0.00754	0.01131	0.01579	0.70540	0.08657	0.10559	0.00897	0.00493	0.00134	0.00200	0.00791	0.00446	0.00385
6	0.00593	0.00445	0.00668	0.00668	0.00742	0.00519	0.00519	0.00742	0.00668	0.00964	0.01113	0.01632	0.01038	0.03115	0.83756	0.00668	0.01113	0.00445	0.00223	0.00371
7	0.00990	0.00879	0.01195	0.00983	0.01241	0.00958	0.17844	0.01869	0.54846	0.01628	0.01468	0.01458	0.01107	0.00508	0.00421	0.00135	0.00392	0.00464	0.11010	0.00604
8	0.00561	0.00424	0.00517	0.00494	0.00604	0.00380	0.00370	0.00731	0.01111	0.01513	0.60587	0.03354	0.26020	0.00906	0.00490	0.00133	0.00200	0.00786	0.00437	0.00380
9	0.01558	0.01410	0.01167	0.00962	0.01239	0.32449	0.00762	0.42428	0.01563	0.07703	0.00922	0.00954	0.00678	0.00472	0.00395	0.00117	0.00550	0.00337	0.03724	0.00609
10	0.88336	0.00803	0.00611	0.00546	0.00803	0.00932	0.00450	0.01221	0.00707	0.01864	0.00578	0.00675	0.00450	0.00386	0.00257	0.00129	0.00321	0.00225	0.00257	0.00450
11	0.13829	0.00933	0.04209	0.00828	0.01147	0.00913	0.03909	0.19977	0.15503	0.26082	0.01215	0.01162	0.00847	0.00474	0.00389	0.00125	0.00389	0.00375	0.00393	0.07301
12	0.14585	0.02873	0.01067	0.00865	0.01136	0.22779	0.02211	0.24488	0.06215	0.09205	0.06369	0.01086	0.00892	0.00478	0.00380	0.00119	0.00477	0.00352	0.00335	0.04087
13	0.01222	0.00829	0.00918	0.00785	0.01022	0.03891	0.00625	0.13666	0.30933	0.19877	0.16150	0.01828	0.01632	0.00615	0.00438	0.00135	0.00347	0.04040	0.00439	0.00609

[dist]
# distance from previous block
# <min> <max>
0	11

[block]
# block no. 1 follows, 64 sequences, length 14
# corresponding to MSA columns:
# 1023-1036
name=unknown_B
#
# <colnr> <probs for GDERKNQSTAVLIFYWHMCP>
#	G	D	E	R	K	N	Q	S	T	A	V	L	I	F	Y	W	H	M	C	P
0	0.11072	0.00983	0.01083	0.00841	0.01161	0.01041	0.00693	0.47162	0.03683	0.24315	0.01138	0.01086	0.00778	0.00488	0.00396	0.00125	0.00407	0.00369	0.00421	0.02755
1	0.01095	0.00884	0.01295	0.37724	0.14771	0.01022	0.01023	0.18228	0.01096	0.08301	0.00854	0.01076	0.00641	0.00468	0.00518	0.00137	0.09664	0.00374	0.00264	0.00564
2	0.01419	0.01222	0.01163	0.00929	0.01234	0.17088	0.02157	0.43150	0.10345	0.04452	0.00987	0.01007	0.00731	0.00465	0.00396	0.00115	0.00481	0.00351	0.00355	0.11953
3	0.00771	0.00499	0.00772	0.00731	0.00845	0.00458	0.09233	0.00888	0.00877	0.14006	0.02029	0.62802	0.02246	0.01074	0.00508	0.00159	0.00309	0.00985	0.00387	0.00420
4	0.01019	0.00733	0.00877	0.00635	0.00996	0.00563	0.00511	0.01200	0.00913	0.14224	0.00880	0.00948	0.00680	0.00340	0.00325	0.00072	0.00315	0.00273	0.00288	0.74207
5	0.01227	0.51288	0.12572	0.00834	0.01218	0.01341	0.03615	0.08093	0.01000	0.14101	0.00811	0.00855	0.00628	0.00397	0.00327	0.00105	0.00462	0.00286	0.00251	0.00587
6	0.00703	0.00361	0.00536	0.00544	0.00546	0.00359	0.00363	0.00544	0.00563	0.00751	0.00857	0.08528	0.00897	0.01431	0.01529	0.80314	0.00350	0.00432	0.00198	0.00194
7	0.00517	0.00379	0.00482	0.00553	0.00600	0.00349	0.00380	0.00603	0.00839	0.01103	0.07329	0.63225	0.14570	0.03887	0.00573	0.00170	0.00243	0.03469	0.00386	0.00341
8	0.10801	0.02297	0.13918	0.08049	0.01303	0.00835	0.00791	0.06762	0.12210	0.31128	0.01303	0.01264	0.03411	0.00486	0.00393	0.00129	0.00407	0.00385	0.00366	0.03761
9	0.01080	0.00863	0.04193	0.32536	0.21307	0.00884	0.01004	0.09993	0.01057	0.14252	0.04106	0.01325	0.04633	0.00474	0.00420	0.00131	0.00470	0.00413	0.00286	0.00572
10	0.01041	0.00960	0.01522	0.13772	0.53665	0.01010	0.03022	0.08291	0.09851	0.01465	0.00894	0.01096	0.00713	0.00408	0.00415	0.00128	0.00486	0.00384	0.00245	0.00632
11	0.08406	0.00675	0.01029	0.39842	0.06766	0.00751	0.03728	0.01051	0.00865	0.08033	0.01374	0.16938	0.07611	0.00632	0.00432	0.00142	0.00433	0.00557	0.00274	0.00465
12	0.08145	0.00903	0.01281	0.08102	0.37418	0.00955	0.00951	0.08414	0.16095	0.08970	0.01080	0.04062	0.00857	0.00467	0.00406	0.00130	0.00429	0.00410	0.00301	0.00623
13	0.00999	0.07329	0.01297	0.37956	0.13320	0.00935	0.02471	0.09033	0.01005	0.07103	0.04425	0.01152	0.00783	0.00430	0.00396	0.00123	0.00470	0.00371	0.02544	0.07858

[dist]
# distance from previous block
# <min> <max>
0	16

[block]
# block no. 2 follows, 64 sequences, length 122
# corresponding to MSA columns:
# 1053-1174
name=unknown_C
#
# <colnr> <probs for GDERKNQSTAVLIFYWHMCP>
#	G	D	E	R	K	N	Q	S	T	A	V	L	I	F	Y	W	H	M	C	P
0	0.02298	0.00913	0.01520	0.03982	0.59006	0.00907	0.04938	0.01349	0.03365	0.10747	0.04077	0.03253	0.00889	0.00434	0.00420	0.00127	0.00464	0.00417	0.00262	0.00633
1	0.05370	0.03221	0.03840	0.01231	0.14388	0.34248	0.06809	0.04308	0.01057	0.03006	0.05412	0.02146	0.03738	0.00570	0.03428	0.00139	0.03074	0.00374	0.00248	0.03393
2	0.05208	0.57760	0.03478	0.11083	0.04299	0.01399	0.00774	0.01267	0.06348	0.01107	0.00803	0.00908	0.03287	0.00403	0.00310	0.00104	0.00442	0.00286	0.00207	0.00529
3	0.03734	0.00931	0.15057	0.00822	0.01144	0.00661	0.07123	0.01249	0.04804	0.16093	0.02342	0.17317	0.03015	0.00593	0.00410	0.00121	0.00385	0.00517	0.00321	0.23360
4	0.05083	0.08230	0.50093	0.04254	0.01574	0.01002	0.03450	0.01259	0.00851	0.04641	0.00791	0.03549	0.00623	0.00457	0.00487	0.00133	0.09536	0.00340	0.00204	0.03443
5	0.07724	0.00664	0.08138	0.00706	0.00854	0.01885	0.02953	0.00845	0.00741	0.01110	0.05720	0.01699	0.05024	0.06720	0.49688	0.03611	0.00826	0.00457	0.00242	0.00393
6	0.01093	0.01146	0.18522	0.01167	0.01534	0.00879	0.27130	0.08304	0.03720	0.16007	0.01263	0.09591	0.03360	0.00545	0.00474	0.00140	0.02453	0.01789	0.00307	0.00580
7	0.21420	0.01583	0.03758	0.00937	0.01189	0.48949	0.00745	0.13196	0.01166	0.01454	0.00682	0.00775	0.00540	0.00431	0.00367	0.00116	0.01653	0.00276	0.00252	0.00511
8	0.03782	0.03403	0.05224	0.55680	0.02360	0.03950	0.06659	0.03144	0.07515	0.03118	0.00837	0.01098	0.00626	0.00424	0.00409	0.00135	0.00538	0.00371	0.00222	0.00506
9	0.00559	0.00434	0.00533	0.00557	0.03295	0.00391	0.00388	0.00704	0.01024	0.01364	0.40135	0.12546	0.31537	0.04003	0.00551	0.00148	0.00223	0.00826	0.00408	0.00375
10	0.00887	0.04460	0.69740	0.05129	0.01776	0.02924	0.01423	0.03972	0.03477	0.01343	0.00776	0.00904	0.00557	0.00404	0.00393	0.00130	0.00595	0.00314	0.00192	0.00606
11	0.00506	0.00361	0.00482	0.00578	0.00602	0.00337	0.00386	0.00578	0.00795	0.01060	0.02289	0.85131	0.02747	0.01301	0.00530	0.00169	0.00241	0.01181	0.00386	0.00337
12	0.00500	0.00399	0.00449	0.00483	0.00579	0.00347	0.00345	0.00596	0.00899	0.01119	0.06378	0.34233	0.49938	0.01138	0.00506	0.00151	0.00221	0.00986	0.00388	0.00347
13	0.00980	0.01120	0.02451	0.01751	0.02171	0.01050	0.81303	0.01331	0.00980	0.01331	0.00840	0.01120	0.00630	0.00350	0.00490	0.00140	0.00700	0.00490	0.00210	0.00560
14	0.08985	0.71075	0.05829	0.00731	0.01082	0.03213	0.00731	0.01250	0.00837	0.01074	0.00586	0.00682	0.00525	0.00367	0.00290	0.00096	0.01703	0.00229	0.00186	0.00527
15	0.00604	0.00403	0.00453	0.00453	0.00453	0.00403	0.00252	0.00604	0.00604	0.00805	0.01309	0.02718	0.01510	0.85402	0.02114	0.00403	0.00403	0.00604	0.00252	0.00252
16	0.03649	0.08489	0.68807	0.01108	0.01669	0.01031	0.01382	0.04402	0.03303	0.01369	0.00765	0.00879	0.00553	0.00400	0.00382	0.00128	0.00577	0.00305	0.00195	0.00607
17	0.00604	0.00403	0.00453	0.00453	0.00453	0.00403	0.00252	0.00604	0.00604	0.00805	0.01309	0.02718	0.01510	0.85402	0.02114	0.00403	0.00403	0.00604	0.00252	0.00252
18	0.01041	0.02697	0.31594	0.00911	0.01360	0.01887	0.00954	0.18810	0.01117	0.03312	0.00813	0.00904	0.00608	0.00388	0.00366	0.00104	0.00463	0.00300	0.00261	0.32109
19	0.03440	0.02071	0.77674	0.01156	0.01749	0.00976	0.01474	0.04381	0.00913	0.01381	0.00750	0.00876	0.00531	0.00398	0.00391	0.00131	0.00599	0.00307	0.00187	0.00613
20	0.01850	0.00728	0.00977	0.00749	0.01071	0.00642	0.00619	0.05743	0.01225	0.79330	0.01609	0.01394	0.01013	0.00513	0.00418	0.00128	0.00358	0.00416	0.00509	0.00707
21	0.01590	0.01146	0.01236	0.00947	0.01279	0.01262	0.00783	0.78385	0.01924	0.05701	0.01022	0.01013	0.00719	0.00499	0.00416	0.00125	0.00453	0.00376	0.00419	0.00706
22	0.01362	0.01565	0.01265	0.01076	0.01320	0.52814	0.11766	0.05308	0.05162	0.04583	0.02395	0.01193	0.06260	0.00490	0.00409	0.00119	0.00641	0.01499	0.00264	0.00509
23	0.00899	0.00723	0.01126	0.12210	0.40672	0.00746	0.00878	0.01129	0.00902	0.01393	0.00998	0.01240	0.00802	0.00420	0.00365	0.00115	0.00385	0.00377	0.34093	0.00528
24	0.00521	0.00420	0.00464	0.00456	0.00581	0.00363	0.00341	0.00654	0.01014	0.01289	0.28501	0.05731	0.56216	0.00995	0.00492	0.00138	0.00207	0.00845	0.00408	0.00363
25	0.00924	0.00883	0.03150	0.42490	0.36507	0.00948	0.02652	0.01213	0.02905	0.03197	0.00804	0.01088	0.00628	0.00401	0.00415	0.00132	0.00522	0.00374	0.00208	0.00560
26	0.00773	0.00572	0.00676	0.00615	0.00765	0.00583	0.00472	0.03819	0.20808	0.04696	0.51615	0.02626	0.07624	0.00763	0.00466	0.00133	0.00243	0.00661	0.01615	0.00476
27	0.01298	0.01024	0.01088	0.00899	0.01181	0.01157	0.00722	0.40666	0.43170	0.02165	0.01354	0.01282	0.00995	0.00532	0.00419	0.00133	0.00391	0.00423	0.00419	0.00681
28	0.00940	0.02512	0.32343	0.17263	0.07512	0.02117	0.01101	0.05769	0.00946	0.04475	0.00790	0.00951	0.00591	0.00387	0.00380	0.00115	0.00504	0.00316	0.00223	0.20766
29	0.01121	0.83703	0.02153	0.00719	0.01071	0.03556	0.00713	0.01253	0.00852	0.00978	0.00579	0.00668	0.00533	0.00357	0.00269	0.00089	0.00451	0.00223	0.00179	0.00532
30	0.84764	0.00813	0.00665	0.00617	0.03040	0.00935	0.01593	0.01224	0.00717	0.01843	0.00587	0.00690	0.00458	0.00385	0.00264	0.00129	0.00331	0.00233	0.00255	0.00457
31	0.02814	0.10475	0.18852	0.06089	0.05928	0.07278	0.31250	0.01304	0.01992	0.01238	0.00747	0.00965	0.00585	0.00409	0.00503	0.00133	0.08312	0.00376	0.00199	0.00551
32	0.00762	0.00561	0.00744	0.00696	0.00739	0.02588	0.00521	0.04479	0.00683	0.00947	0.00884	0.01448	0.00868	0.11002	0.26264	0.30706	0.15158	0.00412	0.00213	0.00324
33	0.01182	0.00571	0.00739	0.00626	0.00832	0.00517	0.00498	0.03292	0.02354	0.37377	0.28249	0.04302	0.08837	0.00707	0.00448	0.00132	0.00282	0.03199	0.05320	0.00537
34	0.00614	0.00453	0.00595	0.00660	0.00760	0.00434	0.00552	0.00780	0.00963	0.01244	0.09949	0.10020	0.18912	0.01112	0.00546	0.00174	0.00321	0.51148	0.00390	0.00374
35	0.06302	0.00870	0.01043	0.00804	0.01126	0.00862	0.00664	0.29457	0.01428	0.50988	0.01361	0.01231	0.00887	0.00502	0.00409	0.00127	0.00388	0.00392	0.00467	0.00693
36	0.01080	0.00890	0.00947	0.00843	0.01084	0.01020	0.00658	0.03812	0.76977	0.05229	0.01674	0.01533	0.01246	0.00560	0.00422	0.00140	0.00332	0.00465	0.00426	0.00661
37	0.88336	0.00803	0.00611	0.00546	0.00803	0.00932	0.00450	0.01221	0.00707	0.01864	0.00578	0.00675	0.00450	0.00386	0.00257	0.00129	0.00321	0.00225	0.00257	0.00450
38	0.01023	0.00881	0.00930	0.00838	0.01069	0.01018	0.00651	0.02174	0.80176	0.01736	0.03576	0.01586	0.01330	0.00570	0.00424	0.00141	0.00326	0.00476	0.00423	0.00651
39	0.00593	0.00445	0.00668	0.00668	0.00742	0.00519	0.00519	0.00742	0.00668	0.00964	0.01113	0.01632	0.01038	0.03115	0.83756	0.00668	0.01113	0.00445	0.00223	0.00371
40	0.01028	0.00987	0.01686	0.02550	0.82811	0.00987	0.01275	0.01275	0.00946	0.01357	0.00781	0.01028	0.00658	0.00370	0.00411	0.00123	0.00493	0.00370	0.00206	0.00658
41	0.00861	0.00738	0.00861	0.00615	0.00984	0.00554	0.00492	0.01046	0.00861	0.01354	0.00738	0.00861	0.00615	0.00308	0.00308	0.00062	0.00308	0.00246	0.00246	0.87941
42	0.00942	0.01040	0.02201	0.08337	0.02109	0.01007	0.67194	0.01268	0.00957	0.01294	0.00916	0.01355	0.00741	0.00420	0.00513	0.00145	0.02937	0.05867	0.00219	0.00537
43	0.00555	0.00450	0.00537	0.00545	0.00673	0.00402	0.02269	0.00686	0.00943	0.01163	0.05964	0.05038	0.53979	0.04096	0.00571	0.00163	0.00272	0.20955	0.00378	0.00361
44	0.00904	0.00887	0.01339	0.18668	0.15803	0.01150	0.01024	0.01061	0.00731	0.01075	0.00627	0.00971	0.00567	0.00600	0.00999	0.00162	0.52389	0.00366	0.00187	0.00492
45	0.00699	0.00510	0.00610	0.00570	0.00697	0.00506	0.00432	0.02175	0.14148	0.03035	0.52745	0.06049	0.08528	0.00799	0.00465	0.00132	0.00226	0.00695	0.06538	0.00439
46	0.00732	0.00583	0.00832	0.00769	0.00795	0.00735	0.00597	0.00775	0.00624	0.00910	0.00846	0.01388	0.00836	0.08561	0.30494	0.19772	0.29792	0.00411	0.00201	0.00348
47	0.01048	0.49340	0.05105	0.00787	0.01064	0.08434	0.00731	0.03784	0.02831	0.01075	0.00726	0.00899	0.00646	0.00838	0.13601	0.00193	0.06446	0.00288	0.01655	0.00507
48	0.00559	0.00393	0.00488	0.00548	0.00575	0.00382	0.00356	0.00654	0.03672	0.01026	0.01971	0.57029	0.02307	0.24744	0.00963	0.00231	0.00288	0.00974	0.02514	0.00326
49	0.05652	0.18019	0.09448	0.03455	0.01246	0.01956	0.05538	0.08651	0.01887	0.13357	0.00869	0.00937	0.00655	0.00388	0.00348	0.00102	0.00423	0.00304	0.00278	0.26488
50	0.01159	0.03310	0.20227	0.01258	0.01609	0.22830	0.22872	0.06976	0.01039	0.03698	0.00761	0.00933	0.00587	0.00440	0.00528	0.00132	0.10507	0.00359	0.00223	0.00553
51	0.00555	0.00398	0.00519	0.00599	0.00638	0.00380	0.00410	0.03923	0.00847	0.01130	0.02234	0.79483	0.02653	0.01264	0.00527	0.00167	0.00254	0.03279	0.00387	0.00354
52	0.02668	0.01057	0.01152	0.00899	0.01213	0.01154	0.00738	0.60660	0.10227	0.12080	0.01150	0.01114	0.00809	0.00505	0.00411	0.00126	0.00423	0.00388	0.02536	0.00690
53	0.00549	0.00451	0.03686	0.00631	0.00692	0.00387	0.00478	0.00660	0.00837	0.01119	0.04581	0.65916	0.02637	0.01227	0.00531	0.00170	0.00278	0.14433	0.00379	0.00357
54	0.01208	0.01047	0.01555	0.02012	0.54617	0.01087	0.02505	0.27619	0.01277	0.01771	0.00853	0.01020	0.00673	0.00412	0.00414	0.00124	0.00485	0.00373	0.00275	0.00672
55	0.00622	0.00418	0.00498	0.00498	0.00514	0.00429	0.00307	0.00659	0.02549	0.00849	0.01280	0.02528	0.01424	0.67196	0.10583	0.06170	0.00472	0.02481	0.00251	0.00272
56	0.01287	0.15216	0.31678	0.00927	0.01360	0.01004	0.00991	0.10029	0.05161	0.26756	0.01069	0.01055	0.00739	0.00445	0.00384	0.00123	0.00475	0.00343	0.00318	0.00641
57	0.00784	0.00738	0.01246	0.84404	0.02861	0.00923	0.01154	0.01061	0.00831	0.01061	0.00738	0.01107	0.00554	0.00415	0.00415	0.00138	0.00554	0.00369	0.00185	0.00461
58	0.00853	0.00824	0.01149	0.00995	0.01011	0.01121	0.00821	0.00961	0.00717	0.01098	0.12744	0.01254	0.01060	0.00810	0.03462	0.00187	0.69844	0.00423	0.00224	0.00443
59	0.01080	0.00916	0.00966	0.00855	0.01098	0.01055	0.00669	0.09034	0.75158	0.01813	0.01631	0.01502	0.01220	0.00558	0.00422	0.00139	0.00340	0.00461	0.00422	0.00662
60	0.03171	0.50929	0.03715	0.00853	0.04053	0.11497	0.00746	0.07616	0.08865	0.01236	0.01624	0.00902	0.02409	0.00418	0.00322	0.00104	0.00467	0.00290	0.00234	0.00552
61	0.01585	0.00894	0.01041	0.00814	0.01114	0.00918	0.00666	0.36862	0.06946	0.35270	0.02552	0.01291	0.00955	0.01692	0.00435	0.00130	0.00387	0.00408	0.05366	0.00674
62	0.00720	0.01522	0.54177	0.00970	0.01378	0.00745	0.01131	0.01060	0.00854	0.01235	0.02543	0.29191	0.01325	0.00706	0.00442	0.00144	0.00482	0.00607	0.00250	0.00518
63	0.01529	0.01933	0.01167	0.01060	0.01275	0.80204	0.00796	0.01682	0.04630	0.01047	0.00687	0.00783	0.00566	0.00434	0.00377	0.00108	0.00731	0.00276	0.00223	0.00489
64	0.00696	0.00687	0.06649	0.00765	0.02083	0.00614	0.07144	0.00996	0.08595	0.01484	0.44039	0.05896	0.09819	0.00802	0.01696	0.00146	0.06397	0.00663	0.00378	0.00448
65	0.01141	0.50592	0.01747	0.00894	0.06465	0.03647	0.00745	0.08603	0.19865	0.01326	0.00889	0.00927	0.00728	0.00419	0.00329	0.00107	0.00430	0.00304	0.00259	0.00584
66	0.00600	0.00401	0.00454	0.00458	0.00459	0.00400	0.00257	0.00603	0.00612	0.00816	0.01351	0.06237	0.01563	0.81812	0.02047	0.00393	0.00396	0.00629	0.00257	0.00255
67	0.00703	0.00567	0.04592	0.00679	0.02495	0.00480	0.05157	0.00902	0.03188	0.06332	0.25911	0.25003	0.12718	0.00876	0.00471	0.00140	0.00278	0.00779	0.08305	0.00424
68	0.00540	0.00425	0.00492	0.00530	0.00628	0.00387	0.00394	0.00683	0.03572	0.01153	0.06047	0.29243	0.41436	0.02215	0.00532	0.00158	0.00247	0.10571	0.00387	0.00361
69	0.00508	0.00365	0.00483	0.00575	0.00604	0.00340	0.00387	0.00585	0.00806	0.01072	0.03342	0.80707	0.05213	0.01286	0.00529	0.00168	0.00241	0.02063	0.00386	0.00339
70	0.03010	0.01158	0.01236	0.00949	0.01280	0.01282	0.00784	0.80103	0.01932	0.02605	0.00990	0.00992	0.00702	0.00497	0.00413	0.00125	0.00455	0.00372	0.00413	0.00702
71	0.01307	0.26139	0.03380	0.00937	0.01254	0.12073	0.05734	0.27837	0.11783	0.03005	0.00905	0.00949	0.00700	0.00448	0.00386	0.00116	0.01808	0.00334	0.00300	0.00605
72	0.01111	0.85652	0.02177	0.00711	0.01066	0.01644	0.00711	0.01244	0.00844	0.00977	0.00577	0.00666	0.00533	0.00355	0.00267	0.00089	0.00444	0.00222	0.00178	0.00533
73	0.00672	0.00393	0.00587	0.00586	0.00615	0.00419	0.00419	0.00620	0.00605	0.00835	0.03189	0.01447	0.00926	0.02026	0.31067	0.54109	0.00626	0.00402	0.00203	0.00255
74	0.01200	0.00975	0.01033	0.00879	0.01144	0.01111	0.00698	0.26439	0.57557	0.02007	0.01479	0.01381	0.01096	0.00544	0.00420	0.00136	0.00368	0.00440	0.00420	0.00672
75	0.01028	0.00987	0.01686	0.02550	0.82811	0.00987	0.01275	0.01275	0.00946	0.01357	0.00781	0.01028	0.00658	0.00370	0.00411	0.00123	0.00493	0.00370	0.00206	0.00658
76	0.01435	0.01087	0.01160	0.00919	0.01226	0.01211	0.00750	0.62314	0.19320	0.02391	0.01224	0.01188	0.02769	0.00526	0.00419	0.00129	0.00423	0.00407	0.00416	0.00687
77	0.00535	0.00396	0.00500	0.00537	0.00607	0.00361	0.00382	0.00657	0.00954	0.01279	0.29676	0.41445	0.17063	0.01102	0.00511	0.00151	0.00224	0.02850	0.00410	0.00359
78	0.00893	0.00890	0.01266	0.01084	0.01095	0.01227	0.02791	0.00989	0.00651	0.01010	0.00627	0.04510	0.00641	0.00743	0.01307	0.00180	0.79050	0.00401	0.00191	0.00452
79	0.00506	0.00361	0.00482	0.00578	0.00602	0.00337	0.00386	0.00578	0.00795	0.01060	0.02289	0.85131	0.02747	0.01301	0.00530	0.00169	0.00241	0.01181	0.00386	0.00337
80	0.00973	0.01106	0.02405	0.04917	0.02197	0.01046	0.78232	0.01320	0.00975	0.01320	0.00836	0.01120	0.00627	0.00353	0.00487	0.00140	0.00695	0.00486	0.00209	0.00556
81	0.01319	0.02886	0.02305	0.06602	0.01309	0.33163	0.02933	0.10548	0.20294	0.07828	0.02006	0.01158	0.02248	0.00487	0.00399	0.00122	0.00532	0.00371	0.02927	0.00563
82	0.01118	0.84262	0.02160	0.00717	0.01070	0.03007	0.00712	0.01251	0.00850	0.00978	0.00579	0.00668	0.00533	0.00357	0.00268	0.00089	0.00449	0.00223	0.00178	0.00532
83	0.00784	0.00738	0.01246	0.84404	0.02861	0.00923	0.01154	0.01061	0.00831	0.01061	0.00738	0.01107	0.00554	0.00415	0.00415	0.00138	0.00554	0.00369	0.00185	0.00461
84	0.01321	0.01028	0.01184	0.12103	0.04615	0.01156	0.00818	0.50069	0.17428	0.02144	0.01098	0.01164	0.00814	0.02596	0.00459	0.00137	0.00445	0.00398	0.00374	0.00651
85	0.00510	0.00393	0.00466	0.00507	0.00588	0.00349	0.00358	0.00611	0.00903	0.01159	0.12869	0.42136	0.35372	0.01145	0.00509	0.00152	0.00223	0.01005	0.00394	0.00349
86	0.00914	0.08611	0.54742	0.01274	0.01812	0.01050	0.20575	0.03840	0.00933	0.01333	0.00763	0.00922	0.00557	0.00384	0.00408	0.00130	0.00616	0.00346	0.00191	0.00597
87	0.00567	0.00388	0.00467	0.00502	0.00514	0.00378	0.00306	0.00600	0.00693	0.00927	0.04236	0.33302	0.02045	0.51538	0.01475	0.00307	0.00336	0.00823	0.00308	0.00288
88	0.00926	0.00959	0.01552	0.01247	0.01347	0.01220	0.19978	0.01078	0.00718	0.01078	0.00615	0.00959	0.00565	0.00638	0.01156	0.00172	0.64731	0.00394	0.00188	0.00479
89	0.02992	0.01048	0.00981	0.00871	0.01112	0.12735	0.00677	0.05629	0.61450	0.05590	0.01486	0.01387	0.01111	0.00535	0.00412	0.00135	0.00395	0.00429	0.00394	0.00633
90	0.00983	0.00928	0.01653	0.02621	0.18046	0.00840	0.32281	0.01243	0.00941	0.05406	0.00875	0.02277	0.00705	0.00375	0.00414	0.00113	0.00505	0.01527	0.00240	0.28031
91	0.50063	0.00762	0.00750	0.00676	0.00909	0.00841	0.02365	0.08129	0.03585	0.07282	0.01087	0.01661	0.00966	0.00573	0.00360	0.00142	0.00355	0.17281	0.01730	0.00483
92	0.78595	0.00816	0.00704	0.00605	0.00873	0.00926	0.03017	0.03174	0.00773	0.06493	0.00657	0.00739	0.00495	0.00394	0.00277	0.00129	0.00338	0.00248	0.00274	0.00474
93	0.00725	0.00463	0.00533	0.01556	0.00654	0.00456	0.00396	0.07284	0.00941	0.03377	0.03000	0.28617	0.12799	0.06602	0.00545	0.00154	0.00262	0.03714	0.27532	0.00392
94	0.00876	0.00862	0.01208	0.01048	0.01052	0.01195	0.00866	0.00968	0.00646	0.01002	0.00660	0.05462	0.00682	0.00845	0.04323	0.00199	0.77060	0.00410	0.00194	0.00445
95	0.00673	0.01732	0.00763	0.00716	0.00796	0.00624	0.00566	0.00837	0.02378	0.03020	0.01073	0.01538	0.00986	0.02718	0.70460	0.00586	0.09475	0.00433	0.00229	0.00396
96	0.03109	0.01013	0.10248	0.27891	0.07659	0.00993	0.05555	0.10234	0.19328	0.03867	0.02891	0.01204	0.00829	0.00470	0.00444	0.00136	0.02873	0.00399	0.00283	0.00574
97	0.00883	0.00714	0.00786	0.00712	0.00900	0.00777	0.00549	0.06410	0.43419	0.02690	0.22937	0.05632	0.10419	0.00714	0.00451	0.00138	0.00286	0.00608	0.00427	0.00547
98	0.00784	0.00738	0.01246	0.84404	0.02861	0.00923	0.01154	0.01061	0.00831	0.01061	0.00738	0.01107	0.00554	0.00415	0.00415	0.00138	0.00554	0.00369	0.00185	0.00461
99	0.00541	0.00414	0.00468	0.00494	0.00602	0.00361	0.00362	0.00645	0.00917	0.03159	0.05970	0.27199	0.51393	0.01108	0.00504	0.00150	0.00230	0.04733	0.00391	0.00359
100	0.00861	0.00738	0.00861	0.00615	0.00984	0.00554	0.00492	0.01046	0.00861	0.01354	0.00738	0.00861	0.00615	0.00308	0.00308	0.00062	0.00308	0.00246	0.00246	0.87941
101	0.00869	0.00823	0.01379	0.43574	0.37026	0.00912	0.01149	0.01121	0.00888	0.01192	0.00992	0.01269	0.06162	0.00439	0.00419	0.00132	0.00505	0.00404	0.00207	0.00538
102	0.00628	0.00467	0.00636	0.00612	0.00653	0.00515	0.02355	0.00704	0.00648	0.00901	0.01199	0.02199	0.01271	0.44420	0.33887	0.00482	0.05457	0.02406	0.00238	0.00320
103	0.88336	0.00803	0.00611	0.00546	0.00803	0.00932	0.00450	0.01221	0.00707	0.01864	0.00578	0.00675	0.00450	0.00386	0.00257	0.00129	0.00321	0.00225	0.00257	0.00450
104	0.00784	0.00738	0.01246	0.84404	0.02861	0.00923	0.01154	0.01061	0.00831	0.01061	0.00738	0.01107	0.00554	0.00415	0.00415	0.00138	0.00554	0.00369	0.00185	0.00461
105	0.02461	0.32681	0.01509	0.00807	0.01137	0.02132	0.00710	0.30576	0.04248	0.17115	0.00983	0.00974	0.00723	0.00448	0.00356	0.00112	0.00426	0.00326	0.01649	0.00630
106	0.00518	0.00373	0.00492	0.00575	0.00612	0.00348	0.00394	0.00606	0.00837	0.01117	0.08618	0.72385	0.06045	0.01250	0.00527	0.00165	0.00242	0.04160	0.00391	0.00344
107	0.09259	0.00700	0.00912	0.00834	0.07420	0.01788	0.01937	0.01592	0.03355	0.45914	0.12737	0.04165	0.03634	0.00573	0.00415	0.00129	0.00338	0.00478	0.03221	0.00598
108	0.00594	0.00444	0.00664	0.00664	0.00737	0.00517	0.00515	0.00740	0.00667	0.00962	0.01116	0.01649	0.01046	0.04443	0.82439	0.00663	0.01101	0.00448	0.00223	0.00369
109	0.01119	0.23682	0.01416	0.00935	0.01097	0.23060	0.00779	0.01242	0.02129	0.02378	0.00750	0.07332	0.00729	0.00588	0.00716	0.00135	0.30854	0.00366	0.00214	0.00481
110	0.00876	0.05584	0.04120	0.26885	0.13824	0.00837	0.00833	0.08199	0.00893	0.02126	0.00929	0.01473	0.00852	0.22189	0.03963	0.00215	0.00499	0.00416	0.00233	0.05052
111	0.00911	0.00817	0.02842	0.04243	0.01220	0.01819	0.12856	0.04119	0.02270	0.05188	0.11730	0.02499	0.03954	0.00506	0.00500	0.00113	0.09209	0.01326	0.00287	0.33591
112	0.01525	0.01335	0.01206	0.00979	0.01270	0.23704	0.02242	0.48293	0.06713	0.05942	0.00990	0.02154	0.00737	0.00493	0.00408	0.00122	0.00525	0.00366	0.00362	0.00634
113	0.01153	0.00573	0.00660	0.00574	0.00764	0.00568	0.00452	0.01507	0.15041	0.26580	0.01500	0.01507	0.01089	0.00507	0.00352	0.00114	0.00266	0.00411	0.45851	0.00532
114	0.02177	0.52128	0.30199	0.00903	0.01342	0.01379	0.02849	0.01266	0.00853	0.01115	0.00641	0.00754	0.00532	0.00376	0.00336	0.00107	0.02046	0.00260	0.00179	0.00559
115	0.01286	0.00593	0.00783	0.00679	0.00887	0.00541	0.00528	0.01498	0.06936	0.45558	0.09338	0.26165	0.01818	0.00780	0.00458	0.00141	0.00304	0.00676	0.00464	0.00566
116	0.00533	0.00391	0.00521	0.00579	0.00627	0.00386	0.00407	0.00627	0.00782	0.01048	0.04003	0.51527	0.09960	0.05703	0.19589	0.00290	0.00445	0.01895	0.00344	0.00344
117	0.00570	0.00425	0.00511	0.00493	0.00599	0.00386	0.00366	0.00742	0.01969	0.01470	0.52638	0.05529	0.25756	0.03211	0.00528	0.00141	0.00208	0.00779	0.03299	0.00378
118	0.36665	0.00791	0.00803	0.00637	0.00946	0.00779	0.00519	0.06385	0.03556	0.15414	0.00872	0.00909	0.00644	0.00394	0.00316	0.00107	0.00331	0.00282	0.00312	0.29337
119	0.13466	0.00742	0.00900	0.00710	0.01006	0.00708	0.00583	0.08600	0.03284	0.57587	0.01423	0.01291	0.00931	0.00495	0.00387	0.00126	0.00346	0.00387	0.06378	0.00649
120	0.01161	0.01971	0.04369	0.00804	0.01060	0.00871	0.02564	0.24345	0.18907	0.12577	0.24760	0.01773	0.01786	0.00606	0.00438	0.00131	0.00352	0.00507	0.00424	0.00596
121	0.83102	0.00825	0.00649	0.00571	0.00833	0.00953	0.00470	0.06060	0.00782	0.01909	0.00604	0.00694	0.00465	0.00392	0.00267	0.00128	0.00330	0.00234	0.00267	0.00465

[dist]
# distance from previous block
# <min> <max>
0	8

[block]
# block no. 3 follows, 64 sequences, length 20
# corresponding to MSA columns:
# 1183-1202
name=unknown_D
#
# <colnr> <probs for GDERKNQSTAVLIFYWHMCP>
#	G	D	E	R	K	N	Q	S	T	A	V	L	I	F	Y	W	H	M	C	P
0	0.31946	0.08542	0.01081	0.04019	0.01158	0.29463	0.02765	0.06466	0.03616	0.03516	0.00707	0.00801	0.00558	0.00411	0.00331	0.00116	0.00507	0.00275	0.00253	0.03469
1	0.00844	0.02070	0.77078	0.01227	0.01826	0.00971	0.07628	0.01317	0.00885	0.01317	0.00753	0.00896	0.00534	0.00391	0.00402	0.00132	0.00620	0.00321	0.00178	0.00610
2	0.00557	0.00409	0.00522	0.00524	0.00609	0.00374	0.00382	0.00713	0.01059	0.01459	0.54458	0.22878	0.12550	0.00981	0.00500	0.00141	0.00208	0.00868	0.00432	0.00374
3	0.00614	0.00433	0.00587	0.00583	0.00621	0.00479	0.00411	0.00678	0.00632	0.00884	0.01147	0.02015	0.01189	0.35345	0.43524	0.07120	0.02696	0.00499	0.00230	0.00312
4	0.00784	0.00738	0.01246	0.84404	0.02861	0.00923	0.01154	0.01061	0.00831	0.01061	0.00738	0.01107	0.00554	0.00415	0.00415	0.00138	0.00554	0.00369	0.00185	0.00461
5	0.00518	0.00371	0.00486	0.00574	0.00604	0.00348	0.00388	0.00593	0.00796	0.01056	0.02295	0.74143	0.05403	0.06111	0.00622	0.00182	0.00255	0.04544	0.00378	0.00335
6	0.01506	0.10609	0.01280	0.01033	0.01262	0.75268	0.00793	0.01616	0.01143	0.01013	0.00635	0.00741	0.00535	0.00421	0.00363	0.00105	0.00718	0.00263	0.00210	0.00487
7	0.00506	0.00361	0.00482	0.00578	0.00602	0.00337	0.00386	0.00578	0.00795	0.01060	0.02289	0.85131	0.02747	0.01301	0.00530	0.00169	0.00241	0.01181	0.00386	0.00337
8	0.00880	0.16623	0.65209	0.01105	0.01657	0.01075	0.03452	0.01291	0.00869	0.01249	0.00727	0.00863	0.00541	0.00446	0.02208	0.00136	0.00598	0.00300	0.00178	0.00593
9	0.00883	0.00898	0.06279	0.06496	0.03529	0.00791	0.38736	0.01152	0.00975	0.06828	0.10445	0.11799	0.06005	0.00600	0.00480	0.00142	0.00509	0.02655	0.00290	0.00507
10	0.88336	0.00803	0.00611	0.00546	0.00803	0.00932	0.00450	0.01221	0.00707	0.01864	0.00578	0.00675	0.00450	0.00386	0.00257	0.00129	0.00321	0.00225	0.00257	0.00450
11	0.00796	0.00753	0.01298	0.76874	0.02752	0.00916	0.06181	0.01076	0.00841	0.01092	0.00762	0.01120	0.00573	0.00413	0.00417	0.00137	0.00553	0.00377	0.02605	0.00466
12	0.00602	0.00410	0.00491	0.00491	0.00504	0.00423	0.00299	0.00628	0.00615	0.00833	0.01274	0.02528	0.01427	0.70980	0.16424	0.00449	0.00527	0.00576	0.00247	0.00273
13	0.00595	0.00425	0.00584	0.00680	0.00744	0.00414	0.00541	0.00733	0.00883	0.01160	0.02240	0.41129	0.02552	0.01217	0.00554	0.00181	0.00318	0.44302	0.00384	0.00362
14	0.01175	0.01195	0.01277	0.15671	0.24129	0.24874	0.00958	0.02829	0.12917	0.05239	0.00961	0.01101	0.02072	0.00456	0.00437	0.00126	0.03396	0.00365	0.00257	0.00564
15	0.04564	0.00818	0.00925	0.00679	0.01035	0.00705	0.00549	0.15798	0.01066	0.04411	0.00810	0.00898	0.00639	0.00353	0.00329	0.00078	0.00337	0.00275	0.00287	0.65444
16	0.00586	0.00403	0.00527	0.00549	0.00576	0.00418	0.00367	0.00634	0.00663	0.00905	0.01444	0.21521	0.01613	0.36854	0.25186	0.05939	0.00566	0.00677	0.00270	0.00301
17	0.05847	0.02867	0.16147	0.04409	0.16071	0.03595	0.22962	0.03103	0.04327	0.02459	0.08161	0.04131	0.03095	0.00477	0.00431	0.00132	0.00520	0.00456	0.00254	0.00556
18	0.00542	0.00403	0.00507	0.00547	0.00618	0.00373	0.00390	0.00680	0.02418	0.01263	0.25689	0.43644	0.16503	0.01111	0.00511	0.00153	0.00229	0.03649	0.00407	0.00363
19	0.07373	0.46492	0.22363	0.00865	0.01276	0.01320	0.03630	0.03996	0.02315	0.05918	0.00723	0.00805	0.00576	0.00385	0.00322	0.00109	0.00480	0.00273	0.00215	0.00566

[dist]
# distance from previous block
# <min> <max>
1	24

[block]
# block no. 4 follows, 64 sequences, length 9
# corresponding to MSA columns:
# 1228-1236
name=unknown_E
#
# <colnr> <probs for GDERKNQSTAVLIFYWHMCP>
#	G	D	E	R	K	N	Q	S	T	A	V	L	I	F	Y	W	H	M	C	P
0	0.31425	0.01158	0.19737	0.03943	0.05452	0.03351	0.03266	0.08739	0.04088	0.06081	0.00933	0.05426	0.00770	0.00489	0.00369	0.00134	0.00442	0.03380	0.00277	0.00540
1	0.55918	0.00885	0.00802	0.00667	0.00944	0.00995	0.00549	0.23785	0.01091	0.06839	0.00785	0.00838	0.00577	0.00428	0.00312	0.00126	0.00357	0.00284	0.03284	0.00535
2	0.00667	0.00439	0.00563	0.00523	0.00636	0.00402	0.00395	0.00857	0.01150	0.06301	0.69993	0.02959	0.07048	0.00819	0.00475	0.00129	0.00205	0.00717	0.05315	0.00408
3	0.01484	0.01995	0.08846	0.01081	0.01332	0.76001	0.00871	0.01627	0.01149	0.01045	0.00652	0.00761	0.00534	0.00425	0.00376	0.00109	0.00736	0.00271	0.00210	0.00494
4	0.01090	0.00746	0.00884	0.00770	0.00924	0.03701	0.00619	0.02968	0.16606	0.17621	0.10142	0.01619	0.01311	0.00623	0.00625	0.00139	0.19675	0.03312	0.16097	0.00528
5	0.05517	0.00497	0.00618	0.00555	0.00708	0.00456	0.00428	0.01017	0.01110	0.17445	0.49446	0.05798	0.13184	0.00802	0.00465	0.00133	0.00237	0.00690	0.00446	0.00449
6	0.09578	0.24423	0.04224	0.00796	0.01126	0.03300	0.00707	0.21166	0.05436	0.23817	0.01034	0.01007	0.00740	0.00451	0.00359	0.00117	0.00419	0.00330	0.00348	0.00623
7	0.00613	0.00517	0.00539	0.00524	0.00645	0.04181	0.00389	0.00804	0.05565	0.01318	0.30074	0.06249	0.38483	0.05772	0.00578	0.00153	0.00253	0.02565	0.00396	0.00382
8	0.01639	0.01345	0.01073	0.00905	0.01168	0.39838	0.00708	0.10846	0.01257	0.31882	0.01084	0.01059	0.00761	0.00471	0.00392	0.00117	0.00545	0.00341	0.03983	0.00587

[dist]
# distance from previous block
# <min> <max>
0	1

[block]
# block no. 5 follows, 64 sequences, length 12
# corresponding to MSA columns:
# 1238-1246,1248-1250
name=unknown_F
#
# <colnr> <probs for GDERKNQSTAVLIFYWHMCP>
#	G	D	E	R	K	N	Q	S	T	A	V	L	I	F	Y	W	H	M	C	P
0	0.06338	0.13454	0.15022	0.04033	0.02830	0.04852	0.04026	0.06456	0.03739	0.03733	0.00782	0.00890	0.00614	0.00374	0.00344	0.00099	0.00441	0.00290	0.00244	0.31438
1	0.01199	0.00764	0.00905	0.03074	0.01030	0.00795	0.00609	0.20720	0.17124	0.19796	0.27134	0.01867	0.01901	0.00623	0.00441	0.00131	0.00329	0.00522	0.00445	0.00590
2	0.01061	0.01163	0.01250	0.01086	0.01136	0.20813	0.00884	0.01156	0.00764	0.01004	0.00568	0.00871	0.00543	0.00656	0.01129	0.00164	0.64763	0.00341	0.00189	0.00461
3	0.51159	0.01171	0.01053	0.00877	0.01148	0.23333	0.13243	0.01356	0.00877	0.01551	0.00637	0.00765	0.00501	0.00391	0.00325	0.00125	0.00496	0.00278	0.00238	0.00476
4	0.00514	0.00367	0.00491	0.00588	0.00615	0.00344	0.00400	0.00592	0.00803	0.01069	0.02285	0.81134	0.02730	0.01294	0.00532	0.00170	0.00248	0.05097	0.00385	0.00340
5	0.00620	0.00420	0.00526	0.00555	0.00626	0.00397	0.00396	0.02839	0.00893	0.03279	0.13268	0.38877	0.13456	0.06340	0.02123	0.05014	0.00276	0.04930	0.04807	0.00357
6	0.07018	0.00812	0.00986	0.00768	0.01077	0.00791	0.00632	0.20359	0.03522	0.54324	0.01416	0.01281	0.00926	0.00503	0.00403	0.00127	0.00369	0.00396	0.03612	0.00678
7	0.00769	0.00448	0.00546	0.00511	0.00577	0.00427	0.00335	0.00836	0.00815	0.12213	0.19170	0.05102	0.02009	0.52807	0.01480	0.00299	0.00346	0.00628	0.00336	0.00347
8	0.74808	0.00823	0.00687	0.00593	0.00861	0.00934	0.00489	0.07435	0.00841	0.08381	0.00695	0.00758	0.00516	0.00404	0.00282	0.00128	0.00334	0.00252	0.00290	0.00490
9	0.00834	0.00657	0.00756	0.00736	0.00890	0.00715	0.00568	0.01484	0.41142	0.03575	0.10031	0.21626	0.02036	0.00848	0.00476	0.00153	0.00303	0.12238	0.00414	0.00517
10	0.01129	0.18318	0.38623	0.01007	0.01468	0.01203	0.01107	0.26415	0.04079	0.01671	0.00824	0.00897	0.00610	0.00425	0.00377	0.00121	0.00521	0.00317	0.00260	0.00628
11	0.17830	0.18071	0.04898	0.02122	0.00945	0.05241	0.00592	0.03532	0.08851	0.03676	0.06553	0.09421	0.14344	0.00639	0.00382	0.00127	0.00360	0.01629	0.00308	0.00480

[dist]
# distance from previous block
# <min> <max>
0	4

[block]
# block no. 6 follows, 64 sequences, length 19
# corresponding to MSA columns:
# 1255-1273
name=unknown_G
#
# <colnr> <probs for GDERKNQSTAVLIFYWHMCP>
#	G	D	E	R	K	N	Q	S	T	A	V	L	I	F	Y	W	H	M	C	P
0	0.67072	0.00953	0.00743	0.00647	0.00909	0.09820	0.00524	0.07796	0.00886	0.06482	0.00680	0.00751	0.00513	0.00407	0.00292	0.00126	0.00380	0.00253	0.00280	0.00489
1	0.05975	0.00785	0.00842	0.00751	0.00964	0.00875	0.00586	0.06056	0.51401	0.04301	0.18177	0.01863	0.04405	0.00623	0.00429	0.00137	0.00305	0.00520	0.00421	0.00585
2	0.00641	0.00448	0.00573	0.00534	0.00646	0.00416	0.00403	0.00858	0.03492	0.04546	0.72756	0.03050	0.08373	0.00841	0.00485	0.00131	0.00206	0.00739	0.00454	0.00408
3	0.00862	0.01960	0.69024	0.01329	0.06478	0.00976	0.10956	0.01315	0.00893	0.01320	0.00759	0.00914	0.00546	0.00388	0.00407	0.00132	0.00617	0.00332	0.00181	0.00610
4	0.00600	0.00405	0.00471	0.00482	0.00490	0.00405	0.00287	0.00618	0.00634	0.00846	0.01406	0.08312	0.01615	0.73414	0.04658	0.00387	0.00415	0.04022	0.00265	0.00267
5	0.00716	0.00364	0.00547	0.00547	0.00550	0.00368	0.00368	0.00550	0.00547	0.00732	0.00739	0.01279	0.00735	0.01516	0.05197	0.84119	0.00393	0.00364	0.00182	0.00189
6	0.01111	0.85652	0.02177	0.00711	0.01066	0.01644	0.00711	0.01244	0.00844	0.00977	0.00577	0.00666	0.00533	0.00355	0.00267	0.00089	0.00444	0.00222	0.00178	0.00533
7	0.00964	0.00784	0.00917	0.00669	0.01020	0.00652	0.00540	0.08641	0.00966	0.04179	0.00785	0.00894	0.00635	0.00348	0.00362	0.00074	0.03525	0.00268	0.00269	0.73507
8	0.00784	0.00738	0.01246	0.84404	0.02861	0.00923	0.01154	0.01061	0.00831	0.01061	0.00738	0.01107	0.00554	0.00415	0.00415	0.00138	0.00554	0.00369	0.00185	0.00461
9	0.01536	0.01011	0.01133	0.00889	0.01196	0.01086	0.00731	0.57042	0.05084	0.17695	0.01215	0.03198	0.00895	0.00601	0.02299	0.00141	0.00440	0.02702	0.00428	0.00679
10	0.00858	0.00813	0.01378	0.59755	0.26937	0.00942	0.01190	0.01126	0.00865	0.01150	0.00751	0.01084	0.00585	0.00402	0.00414	0.00134	0.00536	0.00369	0.00191	0.00521
11	0.06027	0.04182	0.01272	0.01007	0.03616	0.14185	0.07513	0.33329	0.07070	0.14604	0.02466	0.01081	0.00798	0.00473	0.00404	0.00124	0.00488	0.00374	0.00360	0.00629
12	0.00923	0.00807	0.01285	0.61162	0.06008	0.02226	0.05653	0.06526	0.02237	0.04846	0.00839	0.01128	0.00623	0.00425	0.00415	0.00135	0.00531	0.00379	0.03349	0.00504
13	0.00882	0.00490	0.00632	0.00563	0.00718	0.00437	0.00434	0.01050	0.01127	0.21491	0.47321	0.06449	0.15117	0.00818	0.00474	0.00133	0.00239	0.00708	0.00457	0.00460
14	0.43236	0.00809	0.00809	0.00670	0.00949	0.00866	0.00549	0.10039	0.07662	0.27013	0.01060	0.01029	0.00737	0.00454	0.00338	0.00128	0.00343	0.00324	0.02413	0.00572
15	0.00891	0.00763	0.00976	0.07515	0.18730	0.04005	0.00729	0.07010	0.13840	0.03391	0.15732	0.06069	0.14918	0.00681	0.00449	0.00135	0.00363	0.02936	0.00348	0.00521
16	0.00510	0.00366	0.00485	0.00579	0.00608	0.00341	0.00391	0.00586	0.00804	0.01067	0.02343	0.80632	0.05086	0.01290	0.00530	0.00168	0.00244	0.03245	0.00386	0.00339
17	0.14485	0.08765	0.02481	0.10704	0.01208	0.02853	0.04489	0.09865	0.02661	0.09851	0.06095	0.05756	0.01050	0.07318	0.05062	0.01318	0.03387	0.00430	0.00297	0.01926
18	0.14167	0.00536	0.00597	0.02050	0.00745	0.01939	0.00438	0.02989	0.00889	0.03196	0.11964	0.43489	0.05000	0.00928	0.00449	0.00143	0.00274	0.00809	0.01528	0.07869

[dist]
# distance from previous block
# <min> <max>
0	34

[block]
# block no. 7 follows, 64 sequences, length 11
# corresponding to MSA columns:
# 1309-1319
name=unknown_H
#
# <colnr> <probs for GDERKNQSTAVLIFYWHMCP>
#	G	D	E	R	K	N	Q	S	T	A	V	L	I	F	Y	W	H	M	C	P
0	0.11639	0.01069	0.10347	0.04119	0.04033	0.02220	0.13142	0.17668	0.03975	0.07735	0.03483	0.03879	0.02557	0.00518	0.00522	0.00137	0.10284	0.00416	0.00297	0.01959
1	0.15385	0.10275	0.06424	0.11322	0.09001	0.01028	0.04082	0.11571	0.12034	0.03955	0.00892	0.00994	0.00683	0.00417	0.00363	0.00119	0.00431	0.00332	0.00276	0.10414
2	0.18136	0.00592	0.00629	0.00578	0.00723	0.00613	0.00427	0.05570	0.05771	0.04085	0.10843	0.14819	0.06416	0.18358	0.00774	0.00189	0.01724	0.00590	0.03031	0.06131
3	0.14683	0.04483	0.19557	0.01123	0.01527	0.01045	0.22334	0.18087	0.02860	0.09056	0.00892	0.00990	0.00641	0.00416	0.00401	0.00130	0.00523	0.00367	0.00283	0.00600
4	0.00626	0.00440	0.00530	0.00498	0.00624	0.00389	0.00377	0.00787	0.01092	0.06196	0.49055	0.03334	0.32711	0.00904	0.00486	0.00134	0.00210	0.00778	0.00434	0.00395
5	0.01094	0.00923	0.00974	0.00858	0.01103	0.01062	0.00672	0.11040	0.73128	0.01836	0.01613	0.01488	0.01205	0.00556	0.00422	0.00139	0.00343	0.00459	0.00422	0.00663
6	0.01686	0.00755	0.00960	0.00757	0.01059	0.00711	0.00618	0.07869	0.12567	0.62756	0.01588	0.01407	0.01039	0.00519	0.00414	0.00129	0.00352	0.00421	0.03705	0.00688
7	0.00716	0.00533	0.00635	0.00647	0.00752	0.00545	0.00471	0.06256	0.16174	0.03284	0.07563	0.49297	0.07597	0.01041	0.00496	0.00156	0.00273	0.02727	0.00402	0.00436
8	0.01397	0.13634	0.11377	0.01026	0.05926	0.04711	0.03434	0.32359	0.04453	0.16136	0.01011	0.01023	0.00724	0.00455	0.00392	0.00121	0.00474	0.00354	0.00342	0.00651
9	0.03622	0.00621	0.00660	0.00596	0.00685	0.03117	0.00408	0.17099	0.00904	0.01228	0.01185	0.02147	0.01242	0.55560	0.08918	0.00352	0.00485	0.00521	0.00281	0.00368
10	0.01013	0.05923	0.01335	0.39712	0.10432	0.04530	0.01018	0.08826	0.00946	0.05226	0.00762	0.01025	0.00599	0.00479	0.00583	0.00139	0.16349	0.00358	0.00225	0.00521

[dist]
# distance from previous block
# <min> <max>
0	1

[block]
# block no. 8 follows, 64 sequences, length 45
# corresponding to MSA columns:
# 1321-1365
name=unknown_I
#
# <colnr> <probs for GDERKNQSTAVLIFYWHMCP>
#	G	D	E	R	K	N	Q	S	T	A	V	L	I	F	Y	W	H	M	C	P
0	0.02148	0.02046	0.05400	0.19222	0.04028	0.13522	0.05121	0.10323	0.07962	0.02924	0.01895	0.02644	0.00770	0.00496	0.01414	0.00128	0.03846	0.01769	0.00264	0.14076
1	0.01281	0.48886	0.01749	0.00819	0.01151	0.06994	0.00738	0.26285	0.05873	0.01534	0.00776	0.00826	0.00629	0.00417	0.00329	0.00104	0.00462	0.00287	0.00268	0.00591
2	0.86122	0.00801	0.00620	0.00551	0.00810	0.00924	0.00454	0.01242	0.00719	0.03944	0.00606	0.00694	0.00465	0.00389	0.00261	0.00129	0.00322	0.00230	0.00264	0.00456
3	0.00513	0.00408	0.02515	0.00586	0.00630	0.00353	0.00411	0.00597	0.00804	0.01069	0.02337	0.79460	0.06237	0.01268	0.00525	0.00167	0.00249	0.01146	0.00380	0.00345
4	0.01461	0.01446	0.01174	0.00992	0.01248	0.34818	0.00780	0.34109	0.13293	0.01772	0.00936	0.00973	0.00712	0.00489	0.00438	0.00122	0.03970	0.00344	0.00325	0.00597
5	0.00559	0.00407	0.00529	0.00554	0.00596	0.00396	0.01975	0.00629	0.00752	0.01003	0.05445	0.37116	0.08945	0.29314	0.09598	0.00293	0.00389	0.00856	0.00324	0.00320
6	0.05119	0.00715	0.00943	0.00732	0.01041	0.00639	0.00602	0.04949	0.01192	0.73588	0.03489	0.02865	0.01092	0.00530	0.00415	0.00129	0.00350	0.00430	0.00497	0.00683
7	0.00865	0.00618	0.00680	0.00624	0.00788	0.00655	0.00479	0.04818	0.29258	0.04777	0.17918	0.06336	0.08950	0.00678	0.00416	0.00129	0.00263	0.00573	0.20671	0.00503
8	0.88336	0.00803	0.00611	0.00546	0.00803	0.00932	0.00450	0.01221	0.00707	0.01864	0.00578	0.00675	0.00450	0.00386	0.00257	0.00129	0.00321	0.00225	0.00257	0.00450
9	0.01212	0.01064	0.01022	0.00890	0.01140	0.11103	0.00699	0.17061	0.53792	0.03721	0.01440	0.01400	0.01087	0.00544	0.00418	0.00134	0.00406	0.01829	0.00397	0.00642
